site, alts, refs, total
537012.5.peg.2236.site.1, 7, 113, 120
537012.5.peg.2236.site.2, 20, 114, 134
537012.5.peg.2236.site.3, 3, 125, 128
537012.5.peg.2236.site.4, 25, 125, 150
537012.5.peg.2236.site.5, 47, 127, 174
537012.5.peg.2236.site.6, 5, 132, 137
537012.5.peg.2236.site.7, 7, 132, 139
537012.5.peg.2236.site.8, 17, 129, 146
537012.5.peg.2236.site.9, 58, 132, 190
537012.5.peg.2236.site.10, 18, 130, 148
537012.5.peg.2236.site.11, 0, 129, 129
537012.5.peg.2236.site.12, 2, 132, 134
537012.5.peg.2236.site.13, 1, 129, 130
537012.5.peg.2236.site.14, 1, 130, 131
537012.5.peg.2236.site.15, 1, 131, 132
537012.5.peg.2236.site.16, 0, 130, 130
537012.5.peg.2236.site.17, 1, 131, 132
537012.5.peg.2236.site.18, 11, 130, 141
537012.5.peg.2236.site.19, 0, 129, 129
537012.5.peg.2236.site.20, 1, 132, 133
537012.5.peg.2236.site.21, 2, 130, 132
537012.5.peg.2236.site.22, 1, 128, 129
537012.5.peg.2236.site.23, 5, 125, 130
537012.5.peg.2236.site.24, 1, 129, 130
537012.5.peg.2236.site.25, 0, 129, 129
537012.5.peg.2236.site.26, 1, 130, 131
537012.5.peg.2236.site.27, 1, 129, 130
537012.5.peg.2236.site.28, 0, 128, 128
537012.5.peg.2236.site.29, 1, 130, 131
537012.5.peg.2236.site.30, 0, 130, 130
537012.5.peg.2236.site.31, 3, 128, 131
537012.5.peg.2236.site.32, 5, 131, 136
537012.5.peg.2236.site.33, 5, 126, 131
537012.5.peg.2236.site.34, 8, 126, 134
537012.5.peg.2236.site.35, 1, 124, 125
537012.5.peg.2236.site.36, 1, 127, 128
537012.5.peg.2236.site.37, 1, 127, 128
537012.5.peg.2236.site.38, 1, 130, 131
537012.5.peg.2236.site.39, 1, 123, 124
537012.5.peg.2236.site.40, 1, 125, 126
537012.5.peg.2236.site.41, 2, 124, 126
537012.5.peg.2236.site.42, 0, 124, 124
537012.5.peg.2236.site.43, 1, 124, 125
537012.5.peg.2236.site.44, 2, 124, 126
537012.5.peg.2236.site.45, 0, 127, 127
537012.5.peg.2236.site.46, 7, 127, 134
537012.5.peg.2236.site.47, 7, 126, 133
537012.5.peg.2236.site.48, 2, 128, 130
537012.5.peg.2236.site.49, 6, 127, 133
537012.5.peg.2236.site.50, 0, 125, 125
537012.5.peg.2236.site.51, 11, 128, 139
537012.5.peg.2236.site.52, 6, 128, 134
537012.5.peg.2236.site.53, 6, 126, 132
537012.5.peg.2236.site.54, 0, 128, 128
537012.5.peg.2236.site.55, 1, 128, 129
537012.5.peg.2236.site.56, 1, 129, 130
537012.5.peg.2236.site.57, 6, 129, 135
537012.5.peg.2236.site.58, 6, 129, 135
537012.5.peg.2236.site.59, 5, 127, 132
537012.5.peg.2236.site.60, 1, 128, 129
537012.5.peg.2236.site.61, 1, 129, 130
537012.5.peg.2236.site.62, 5, 128, 133
537012.5.peg.2236.site.63, 0, 127, 127
537012.5.peg.2236.site.64, 1, 128, 129
537012.5.peg.2236.site.65, 5, 129, 134
537012.5.peg.2236.site.66, 41, 130, 171
537012.5.peg.2236.site.67, 1, 129, 130
537012.5.peg.2236.site.68, 1, 128, 129
537012.5.peg.2236.site.69, 5, 130, 135
537012.5.peg.2236.site.70, 28, 129, 157
537012.5.peg.2236.site.71, 22, 130, 152
537012.5.peg.2236.site.72, 0, 129, 129
537012.5.peg.2236.site.73, 0, 129, 129
537012.5.peg.2236.site.74, 17, 128, 145
537012.5.peg.2236.site.75, 0, 129, 129
537012.5.peg.2236.site.76, 0, 129, 129
537012.5.peg.2236.site.77, 6, 129, 135
537012.5.peg.2236.site.78, 3, 132, 135
537012.5.peg.2236.site.79, 1, 129, 130
537012.5.peg.2236.site.80, 5, 128, 133
537012.5.peg.2236.site.81, 2, 123, 125
537012.5.peg.2236.site.82, 6, 122, 128
537012.5.peg.2236.site.83, 5, 124, 129
537012.5.peg.2236.site.84, 1, 121, 122
537012.5.peg.2236.site.85, 5, 121, 126
537012.5.peg.2236.site.86, 2, 120, 122
537012.5.peg.2236.site.87, 3, 120, 123
537012.5.peg.2236.site.88, 1, 121, 122
537012.5.peg.2236.site.89, 0, 121, 121
537012.5.peg.2236.site.90, 3, 123, 126
537012.5.peg.2236.site.91, 5, 123, 128
537012.5.peg.2236.site.92, 1, 122, 123
537012.5.peg.2236.site.93, 1, 122, 123
537012.5.peg.2236.site.94, 2, 119, 121
537012.5.peg.2236.site.95, 5, 114, 119
537012.5.peg.2236.site.96, 1, 111, 112
537012.5.peg.2236.site.97, 24, 105, 129
537012.5.peg.2236.site.98, 1, 109, 110
537012.5.peg.2236.site.99, 2, 111, 113
537012.5.peg.2236.site.100, 2, 113, 115
537012.5.peg.2236.site.101, 7, 113, 120
537012.5.peg.2231.site.1, 79, 131, 210
537012.5.peg.2231.site.2, 5, 131, 136
537012.5.peg.2231.site.3, 4, 133, 137
537012.5.peg.2231.site.4, 2, 131, 133
537012.5.peg.2231.site.5, 4, 133, 137
537012.5.peg.2231.site.6, 12, 134, 146
537012.5.peg.2231.site.7, 2, 134, 136
537012.5.peg.2231.site.8, 71, 134, 205
537012.5.peg.2231.site.9, 5, 133, 138
537012.5.peg.2231.site.10, 0, 134, 134
537012.5.peg.2231.site.11, 4, 132, 136
537012.5.peg.2231.site.12, 7, 134, 141
537012.5.peg.2231.site.13, 4, 132, 136
537012.5.peg.2231.site.14, 0, 127, 127
537012.5.peg.2231.site.15, 4, 125, 129
537012.5.peg.2231.site.16, 0, 122, 122
537012.5.peg.2231.site.17, 1, 122, 123
537012.5.peg.2231.site.18, 49, 120, 169
537012.5.peg.2231.site.19, 0, 122, 122
537012.5.peg.2231.site.20, 2, 123, 125
537012.5.peg.2231.site.21, 1, 128, 129
537012.5.peg.2231.site.22, 4, 127, 131
537012.5.peg.2231.site.23, 20, 128, 148
537012.5.peg.2231.site.24, 15, 128, 143
537012.5.peg.2231.site.25, 11, 130, 141
537012.5.peg.2231.site.26, 5, 132, 137
537012.5.peg.2231.site.27, 7, 129, 136
537012.5.peg.2231.site.28, 1, 128, 129
537012.5.peg.2231.site.29, 21, 129, 150
537012.5.peg.2231.site.30, 2, 128, 130
537012.5.peg.2231.site.31, 1, 127, 128
537012.5.peg.2231.site.32, 1, 128, 129
537012.5.peg.2231.site.33, 3, 128, 131
537012.5.peg.2231.site.34, 0, 126, 126
537012.5.peg.2231.site.35, 4, 125, 129
537012.5.peg.2231.site.36, 4, 126, 130
537012.5.peg.2231.site.37, 8, 130, 138
537012.5.peg.2231.site.38, 2, 131, 133
537012.5.peg.2231.site.39, 1, 130, 131
537012.5.peg.2231.site.40, 6, 130, 136
537012.5.peg.2231.site.41, 8, 130, 138
537012.5.peg.2231.site.42, 1, 132, 133
537012.5.peg.2231.site.43, 0, 134, 134
537012.5.peg.2231.site.44, 11, 132, 143
537012.5.peg.2231.site.45, 32, 134, 166
537012.5.peg.2231.site.46, 5, 131, 136
537012.5.peg.2231.site.47, 5, 132, 137
537012.5.peg.2231.site.48, 6, 134, 140
537012.5.peg.2231.site.49, 2, 134, 136
537012.5.peg.2231.site.50, 6, 132, 138
537012.5.peg.2231.site.51, 5, 132, 137
537012.5.peg.2231.site.52, 6, 133, 139
537012.5.peg.2231.site.53, 9, 133, 142
537012.5.peg.2231.site.54, 5, 133, 138
537012.5.peg.3967.site.1, 1, 134, 135
537012.5.peg.3967.site.2, 6, 134, 140
537012.5.peg.3967.site.3, 2, 134, 136
537012.5.peg.3967.site.4, 3, 134, 137
537012.5.peg.3967.site.5, 1, 134, 135
537012.5.peg.3967.site.6, 0, 134, 134
537012.5.peg.3967.site.7, 8, 131, 139
537012.5.peg.3967.site.8, 1, 134, 135
537012.5.peg.3967.site.9, 6, 134, 140
537012.5.peg.3967.site.10, 1, 133, 134
537012.5.peg.3967.site.11, 5, 133, 138
537012.5.peg.3967.site.12, 5, 132, 137
537012.5.peg.3967.site.13, 1, 133, 134
537012.5.peg.3967.site.14, 2, 132, 134
537012.5.peg.3967.site.15, 18, 134, 152
537012.5.peg.3967.site.16, 4, 132, 136
537012.5.peg.3967.site.17, 6, 134, 140
537012.5.peg.3967.site.18, 1, 134, 135
537012.5.peg.3967.site.19, 6, 133, 139
537012.5.peg.3967.site.20, 4, 133, 137
537012.5.peg.3967.site.21, 5, 132, 137
537012.5.peg.3967.site.22, 0, 134, 134
537012.5.peg.3967.site.23, 4, 130, 134
537012.5.peg.3967.site.24, 4, 132, 136
537012.5.peg.3967.site.25, 2, 131, 133
537012.5.peg.3967.site.26, 2, 131, 133
537012.5.peg.3967.site.27, 1, 131, 132
537012.5.peg.3967.site.28, 1, 132, 133
537012.5.peg.3967.site.29, 1, 132, 133
537012.5.peg.3967.site.30, 2, 132, 134
537012.5.peg.3967.site.31, 3, 133, 136
537012.5.peg.3967.site.32, 4, 132, 136
537012.5.peg.3967.site.33, 5, 134, 139
537012.5.peg.3967.site.34, 95, 134, 229
537012.5.peg.3967.site.35, 6, 134, 140
537012.5.peg.3967.site.36, 2, 129, 131
537012.5.peg.3967.site.37, 125, 127, 252
537012.5.peg.3967.site.38, 1, 128, 129
537012.5.peg.3967.site.39, 4, 126, 130
537012.5.peg.3967.site.40, 12, 128, 140
537012.5.peg.3967.site.41, 22, 127, 149
537012.5.peg.3967.site.42, 1, 128, 129
537012.5.peg.3967.site.43, 4, 124, 128
537012.5.peg.3967.site.44, 1, 128, 129
537012.5.peg.3967.site.45, 4, 126, 130
537012.5.peg.3967.site.46, 1, 128, 129
537012.5.peg.3967.site.47, 1, 128, 129
537012.5.peg.3967.site.48, 4, 128, 132
537012.5.peg.3967.site.49, 21, 128, 149
537012.5.peg.3967.site.50, 16, 127, 143
537012.5.peg.3967.site.51, 1, 128, 129
537012.5.peg.3967.site.52, 4, 126, 130
537012.5.peg.3967.site.53, 5, 126, 131
537012.5.peg.3967.site.54, 4, 126, 130
537012.5.peg.3967.site.55, 70, 126, 196
537012.5.peg.3967.site.56, 44, 128, 172
537012.5.peg.3967.site.57, 4, 126, 130
537012.5.peg.3967.site.58, 10, 127, 137
537012.5.peg.3967.site.59, 8, 122, 130
537012.5.peg.3967.site.60, 28, 118, 146
537012.5.peg.3967.site.61, 1, 123, 124
537012.5.peg.3967.site.62, 0, 123, 123
537012.5.peg.2233.site.1, 3, 123, 126
537012.5.peg.2233.site.2, 0, 126, 126
537012.5.peg.2233.site.3, 1, 120, 121
537012.5.peg.2233.site.4, 0, 120, 120
537012.5.peg.2233.site.5, 3, 107, 110
537012.5.peg.2233.site.6, 25, 105, 130
537012.5.peg.2233.site.7, 6, 112, 118
537012.5.peg.2233.site.8, 21, 109, 130
537012.5.peg.2233.site.9, 32, 111, 143
537012.5.peg.2233.site.10, 21, 109, 130
537012.5.peg.2233.site.11, 1, 112, 113
537012.5.peg.2233.site.12, 12, 110, 122
537012.5.peg.2233.site.13, 2, 109, 111
537012.5.peg.2233.site.14, 60, 106, 166
537012.5.peg.2233.site.15, 9, 107, 116
537012.5.peg.2233.site.16, 2, 107, 109
537012.5.peg.2233.site.17, 19, 110, 129
537012.5.peg.2233.site.18, 2, 109, 111
537012.5.peg.2233.site.19, 2, 107, 109
537012.5.peg.2233.site.20, 33, 109, 142
537012.5.peg.2233.site.21, 1, 110, 111
537012.5.peg.2233.site.22, 0, 109, 109
537012.5.peg.2233.site.23, 42, 120, 162
537012.5.peg.2233.site.24, 2, 121, 123
537012.5.peg.2233.site.25, 0, 122, 122
537012.5.peg.2233.site.26, 0, 124, 124
537012.5.peg.2233.site.27, 2, 126, 128
537012.5.peg.2233.site.28, 2, 126, 128
537012.5.peg.2233.site.29, 2, 125, 127
537012.5.peg.2233.site.30, 20, 110, 130
537012.5.peg.2233.site.31, 4, 110, 114
537012.5.peg.2233.site.32, 25, 109, 134
537012.5.peg.2233.site.33, 4, 108, 112
537012.5.peg.2233.site.34, 29, 117, 146
537012.5.peg.2233.site.35, 3, 129, 132
537012.5.peg.2233.site.36, 0, 129, 129
537012.5.peg.2233.site.37, 4, 130, 134
537012.5.peg.2233.site.38, 11, 130, 141
537012.5.peg.2233.site.39, 2, 129, 131
537012.5.peg.2233.site.40, 5, 128, 133
537012.5.peg.2233.site.41, 1, 128, 129
537012.5.peg.2233.site.42, 6, 130, 136
537012.5.peg.2233.site.43, 1, 130, 131
537012.5.peg.2233.site.44, 3, 132, 135
537012.5.peg.2233.site.45, 2, 131, 133
537012.5.peg.2233.site.46, 1, 133, 134
537012.5.peg.2233.site.47, 1, 133, 134
537012.5.peg.2233.site.48, 2, 132, 134
537012.5.peg.2233.site.49, 1, 133, 134
537012.5.peg.2233.site.50, 11, 129, 140
537012.5.peg.2233.site.51, 8, 129, 137
537012.5.peg.2233.site.52, 1, 129, 130
537012.5.peg.2233.site.53, 7, 130, 137
537012.5.peg.2233.site.54, 7, 128, 135
537012.5.peg.2233.site.55, 2, 130, 132
537012.5.peg.2233.site.56, 1, 129, 130
537012.5.peg.2233.site.57, 2, 132, 134
537012.5.peg.2233.site.58, 2, 130, 132
537012.5.peg.2233.site.59, 5, 128, 133
537012.5.peg.2233.site.60, 47, 126, 173
537012.5.peg.2233.site.61, 4, 127, 131
537012.5.peg.2233.site.62, 1, 124, 125
537012.5.peg.2233.site.63, 1, 124, 125
537012.5.peg.2233.site.64, 2, 123, 125
537012.5.peg.2233.site.65, 1, 123, 124
537012.5.peg.2233.site.66, 1, 124, 125
537012.5.peg.2233.site.67, 7, 123, 130
537012.5.peg.2233.site.68, 6, 125, 131
537012.5.peg.2233.site.69, 6, 124, 130
537012.5.peg.2233.site.70, 1, 130, 131
537012.5.peg.2233.site.71, 6, 130, 136
537012.5.peg.2233.site.72, 0, 128, 128
537012.5.peg.2233.site.73, 17, 127, 144
537012.5.peg.2233.site.74, 10, 129, 139
537012.5.peg.2720.site.1, 3, 132, 135
537012.5.peg.2720.site.2, 5, 132, 137
537012.5.peg.2720.site.3, 18, 130, 148
537012.5.peg.2720.site.4, 1, 128, 129
537012.5.peg.2720.site.5, 2, 129, 131
537012.5.peg.2720.site.6, 6, 133, 139
537012.5.peg.2720.site.7, 88, 132, 220
537012.5.peg.2720.site.8, 6, 132, 138
537012.5.peg.2720.site.9, 6, 133, 139
537012.5.peg.2720.site.10, 6, 133, 139
537012.5.peg.2720.site.11, 4, 131, 135
537012.5.peg.2720.site.12, 4, 129, 133
537012.5.peg.2720.site.13, 0, 132, 132
537012.5.peg.4235.site.1, 43, 78, 121
537012.5.peg.4235.site.2, 6, 47, 53
537012.5.peg.4235.site.3, 30, 35, 65
537012.5.peg.4235.site.4, 22, 27, 49
537012.5.peg.4235.site.5, 2, 7, 9
537012.5.peg.4235.site.6, 1, 28, 29
537012.5.peg.4235.site.7, 0, 37, 37
537012.5.peg.4235.site.8, 3, 107, 110
537012.5.peg.4235.site.9, 2, 117, 119
537012.5.peg.4235.site.10, 2, 120, 122
537012.5.peg.4235.site.11, 0, 121, 121
537012.5.peg.4235.site.12, 3, 119, 122
537012.5.peg.4235.site.13, 8, 122, 130
537012.5.peg.4235.site.14, 0, 122, 122
537012.5.peg.4235.site.15, 0, 120, 120
537012.5.peg.4235.site.16, 7, 121, 128
537012.5.peg.4235.site.17, 117, 119, 236
537012.5.peg.4235.site.18, 125, 127, 252
537012.5.peg.4233.site.1, 3, 57, 60
537012.5.peg.4233.site.2, 28, 98, 126
537012.5.peg.4233.site.3, 99, 122, 221
537012.5.peg.4233.site.4, 5, 125, 130
537012.5.peg.4233.site.5, 17, 127, 144
537012.5.peg.4233.site.6, 6, 126, 132
537012.5.peg.4233.site.7, 4, 127, 131
537012.5.peg.4233.site.8, 52, 126, 178
537012.5.peg.4233.site.9, 6, 127, 133
537012.5.peg.4233.site.10, 2, 123, 125
537012.5.peg.4233.site.11, 18, 123, 141
537012.5.peg.4233.site.12, 30, 121, 151
537012.5.peg.4233.site.13, 1, 121, 122
537012.5.peg.4233.site.14, 59, 119, 178
537012.5.peg.4233.site.15, 11, 120, 131
537012.5.peg.4233.site.16, 2, 123, 125
537012.5.peg.4233.site.17, 65, 124, 189
537012.5.peg.4233.site.18, 60, 121, 181
537012.5.peg.4233.site.19, 32, 123, 155
537012.5.peg.4233.site.20, 7, 124, 131
537012.5.peg.4233.site.21, 0, 123, 123
537012.5.peg.4233.site.22, 30, 123, 153
537012.5.peg.4233.site.23, 1, 124, 125
537012.5.peg.4233.site.24, 123, 125, 248
537012.5.peg.4233.site.25, 23, 125, 148
537012.5.peg.4233.site.26, 9, 126, 135
537012.5.peg.4233.site.27, 3, 127, 130
537012.5.peg.4233.site.28, 1, 127, 128
537012.5.peg.4233.site.29, 1, 126, 127
537012.5.peg.4233.site.30, 10, 127, 137
537012.5.peg.4230.site.1, 4, 132, 136
537012.5.peg.4230.site.2, 2, 129, 131
537012.5.peg.4230.site.3, 61, 134, 195
537012.5.peg.4230.site.4, 5, 133, 138
537012.5.peg.4230.site.5, 5, 133, 138
537012.5.peg.4230.site.6, 14, 132, 146
537012.5.peg.4230.site.7, 12, 131, 143
537012.5.peg.4230.site.8, 0, 134, 134
537012.5.peg.4230.site.9, 1, 134, 135
537012.5.peg.4230.site.10, 4, 132, 136
537012.5.peg.4230.site.11, 18, 132, 150
537012.5.peg.4230.site.12, 37, 129, 166
537012.5.peg.4230.site.13, 6, 131, 137
537012.5.peg.4230.site.14, 37, 131, 168
537012.5.peg.4230.site.15, 5, 133, 138
537012.5.peg.4238.site.1, 6, 123, 129
537012.5.peg.4238.site.2, 4, 122, 126
537012.5.peg.4238.site.3, 9, 122, 131
537012.5.peg.4238.site.4, 71, 121, 192
537012.5.peg.4238.site.5, 0, 114, 114
537012.5.peg.4238.site.6, 0, 117, 117
537012.5.peg.4238.site.7, 1, 113, 114
537012.5.peg.4238.site.8, 7, 111, 118
537012.5.peg.4238.site.9, 7, 108, 115
537012.5.peg.4823.site.1, 1, 123, 124
537012.5.peg.4823.site.2, 3, 122, 125
537012.5.peg.4823.site.3, 8, 122, 130
537012.5.peg.4823.site.4, 0, 123, 123
537012.5.peg.4823.site.5, 7, 122, 129
537012.5.peg.4823.site.6, 4, 122, 126
537012.5.peg.4823.site.7, 0, 123, 123
537012.5.peg.4823.site.8, 1, 121, 122
537012.5.peg.4823.site.9, 3, 122, 125
537012.5.peg.4823.site.10, 38, 122, 160
537012.5.peg.4823.site.11, 24, 122, 146
537012.5.peg.4823.site.12, 4, 122, 126
537012.5.peg.4823.site.13, 13, 122, 135
537012.5.peg.4823.site.14, 2, 122, 124
537012.5.peg.4823.site.15, 19, 122, 141
537012.5.peg.4823.site.16, 0, 122, 122
537012.5.peg.4823.site.17, 7, 121, 128
537012.5.peg.2330.site.1, 4, 120, 124
537012.5.peg.2330.site.2, 4, 120, 124
537012.5.peg.2330.site.3, 9, 122, 131
537012.5.peg.2330.site.4, 10, 120, 130
537012.5.peg.2330.site.5, 6, 122, 128
537012.5.peg.2330.site.6, 3, 122, 125
537012.5.peg.2330.site.7, 4, 120, 124
537012.5.peg.2330.site.8, 5, 121, 126
537012.5.peg.2330.site.9, 5, 121, 126
537012.5.peg.2330.site.10, 5, 121, 126
537012.5.peg.2330.site.11, 10, 121, 131
537012.5.peg.2330.site.12, 2, 122, 124
537012.5.peg.2330.site.13, 5, 121, 126
537012.5.peg.2330.site.14, 69, 122, 191
537012.5.peg.2330.site.15, 29, 119, 148
537012.5.peg.2330.site.16, 4, 120, 124
537012.5.peg.2330.site.17, 5, 121, 126
537012.5.peg.2330.site.18, 4, 120, 124
537012.5.peg.2330.site.19, 4, 122, 126
537012.5.peg.2330.site.20, 4, 120, 124
537012.5.peg.2330.site.21, 4, 120, 124
537012.5.peg.2330.site.22, 1, 121, 122
537012.5.peg.2330.site.23, 0, 121, 121
537012.5.peg.2330.site.24, 78, 121, 199
537012.5.peg.2330.site.25, 0, 122, 122
537012.5.peg.2330.site.26, 5, 122, 127
537012.5.peg.2330.site.27, 44, 120, 164
537012.5.peg.2330.site.28, 67, 121, 188
537012.5.peg.2330.site.29, 16, 121, 137
537012.5.peg.2330.site.30, 99, 122, 221
537012.5.peg.2330.site.31, 15, 122, 137
537012.5.peg.2330.site.32, 18, 121, 139
537012.5.peg.2330.site.33, 16, 122, 138
537012.5.peg.2330.site.34, 5, 121, 126
537012.5.peg.2330.site.35, 2, 122, 124
537012.5.peg.2330.site.36, 2, 121, 123
537012.5.peg.2330.site.37, 7, 120, 127
537012.5.peg.2330.site.38, 3, 122, 125
537012.5.peg.2330.site.39, 37, 120, 157
537012.5.peg.1621.site.1, 4, 124, 128
537012.5.peg.1621.site.2, 22, 125, 147
537012.5.peg.1621.site.3, 17, 127, 144
537012.5.peg.1621.site.4, 0, 127, 127
537012.5.peg.1621.site.5, 4, 125, 129
537012.5.peg.1621.site.6, 4, 125, 129
537012.5.peg.1621.site.7, 0, 127, 127
537012.5.peg.1621.site.8, 0, 127, 127
537012.5.peg.1621.site.9, 5, 126, 131
537012.5.peg.1621.site.10, 0, 126, 126
537012.5.peg.1621.site.11, 4, 125, 129
537012.5.peg.1621.site.12, 14, 134, 148
537012.5.peg.1621.site.13, 5, 133, 138
537012.5.peg.1621.site.14, 17, 133, 150
537012.5.peg.1621.site.15, 25, 129, 154
537012.5.peg.1621.site.16, 1, 130, 131
537012.5.peg.1621.site.17, 18, 89, 107
537012.5.peg.1620.site.1, 2, 131, 133
537012.5.peg.1620.site.2, 7, 130, 137
537012.5.peg.1620.site.3, 2, 133, 135
537012.5.peg.1620.site.4, 0, 134, 134
537012.5.peg.1620.site.5, 1, 134, 135
537012.5.peg.1620.site.6, 16, 133, 149
537012.5.peg.1620.site.7, 10, 130, 140
537012.5.peg.1620.site.8, 7, 131, 138
537012.5.peg.1620.site.9, 7, 132, 139
537012.5.peg.1620.site.10, 0, 131, 131
537012.5.peg.1620.site.11, 7, 134, 141
537012.5.peg.1620.site.12, 3, 133, 136
537012.5.peg.1620.site.13, 0, 133, 133
537012.5.peg.1620.site.14, 10, 134, 144
537012.5.peg.1620.site.15, 8, 133, 141
537012.5.peg.1620.site.16, 19, 134, 153
537012.5.peg.1620.site.17, 2, 134, 136
537012.5.peg.1620.site.18, 1, 134, 135
537012.5.peg.1620.site.19, 7, 134, 141
537012.5.peg.1620.site.20, 16, 134, 150
537012.5.peg.1620.site.21, 17, 132, 149
537012.5.peg.1620.site.22, 11, 132, 143
537012.5.peg.1620.site.23, 6, 134, 140
537012.5.peg.1620.site.24, 6, 134, 140
537012.5.peg.1620.site.25, 1, 130, 131
537012.5.peg.1620.site.26, 1, 126, 127
537012.5.peg.1620.site.27, 1, 128, 129
537012.5.peg.1620.site.28, 1, 128, 129
537012.5.peg.1620.site.29, 7, 128, 135
537012.5.peg.1620.site.30, 0, 128, 128
537012.5.peg.1620.site.31, 1, 126, 127
537012.5.peg.1620.site.32, 17, 134, 151
537012.5.peg.1620.site.33, 99, 132, 231
537012.5.peg.1620.site.34, 4, 133, 137
537012.5.peg.1620.site.35, 1, 134, 135
537012.5.peg.1620.site.36, 1, 134, 135
537012.5.peg.1620.site.37, 1, 134, 135
537012.5.peg.1620.site.38, 3, 134, 137
537012.5.peg.1620.site.39, 1, 134, 135
537012.5.peg.1620.site.40, 0, 132, 132
537012.5.peg.1620.site.41, 3, 130, 133
537012.5.peg.1620.site.42, 6, 134, 140
537012.5.peg.1620.site.43, 1, 134, 135
537012.5.peg.1620.site.44, 4, 134, 138
537012.5.peg.1620.site.45, 16, 134, 150
537012.5.peg.1620.site.46, 4, 133, 137
537012.5.peg.1620.site.47, 11, 132, 143
537012.5.peg.1620.site.48, 0, 134, 134
537012.5.peg.1620.site.49, 1, 134, 135
537012.5.peg.1620.site.50, 67, 132, 199
537012.5.peg.2331.site.1, 74, 118, 192
537012.5.peg.2331.site.2, 1, 122, 123
537012.5.peg.2331.site.3, 1, 120, 121
537012.5.peg.2331.site.4, 7, 120, 127
537012.5.peg.2331.site.5, 2, 119, 121
537012.5.peg.2331.site.6, 0, 121, 121
537012.5.peg.2331.site.7, 2, 122, 124
537012.5.peg.2331.site.8, 2, 121, 123
537012.5.peg.2331.site.9, 1, 121, 122
537012.5.peg.2331.site.10, 5, 121, 126
537012.5.peg.2331.site.11, 40, 120, 160
537012.5.peg.2331.site.12, 10, 121, 131
537012.5.peg.4831.site.1, 2, 125, 127
537012.5.peg.4831.site.2, 109, 124, 233
537012.5.peg.4831.site.3, 34, 125, 159
537012.5.peg.4831.site.4, 34, 125, 159
537012.5.peg.4831.site.5, 34, 125, 159
537012.5.peg.4831.site.6, 7, 126, 133
537012.5.peg.4831.site.7, 9, 123, 132
537012.5.peg.4831.site.8, 14, 125, 139
537012.5.peg.4831.site.9, 14, 126, 140
537012.5.peg.4831.site.10, 8, 124, 132
537012.5.peg.4831.site.11, 4, 124, 128
537012.5.peg.4831.site.12, 116, 125, 241
537012.5.peg.4831.site.13, 29, 123, 152
537012.5.peg.4831.site.14, 1, 124, 125
537012.5.peg.4831.site.15, 13, 114, 127
537012.5.peg.4831.site.16, 3, 114, 117
537012.5.peg.4831.site.17, 2, 114, 116
537012.5.peg.4831.site.18, 0, 116, 116
537012.5.peg.4831.site.19, 4, 119, 123
537012.5.peg.4831.site.20, 1, 125, 126
537012.5.peg.4831.site.21, 1, 127, 128
537012.5.peg.4831.site.22, 3, 127, 130
537012.5.peg.4831.site.23, 4, 125, 129
537012.5.peg.4831.site.24, 20, 126, 146
537012.5.peg.4831.site.25, 18, 127, 145
537012.5.peg.4831.site.26, 8, 126, 134
537012.5.peg.4831.site.27, 2, 127, 129
537012.5.peg.4831.site.28, 5, 125, 130
537012.5.peg.4831.site.29, 5, 123, 128
537012.5.peg.4831.site.30, 15, 125, 140
537012.5.peg.4831.site.31, 1, 127, 128
537012.5.peg.4831.site.32, 5, 124, 129
537012.5.peg.4831.site.33, 1, 115, 116
537012.5.peg.4831.site.34, 1, 115, 116
537012.5.peg.4831.site.35, 28, 115, 143
537012.5.peg.4830.site.1, 37, 127, 164
537012.5.peg.4830.site.2, 0, 126, 126
537012.5.peg.4830.site.3, 54, 125, 179
537012.5.peg.4830.site.4, 5, 126, 131
537012.5.peg.4830.site.5, 44, 123, 167
537012.5.peg.4830.site.6, 11, 125, 136
537012.5.peg.4830.site.7, 15, 123, 138
537012.5.peg.4830.site.8, 3, 127, 130
537012.5.peg.4830.site.9, 2, 126, 128
537012.5.peg.4830.site.10, 1, 127, 128
537012.5.peg.4830.site.11, 14, 126, 140
537012.5.peg.4830.site.12, 26, 125, 151
537012.5.peg.4830.site.13, 99, 127, 226
537012.5.peg.4832.site.1, 4, 124, 128
537012.5.peg.4832.site.2, 17, 127, 144
537012.5.peg.4832.site.3, 19, 125, 144
537012.5.peg.4832.site.4, 74, 125, 199
537012.5.peg.4832.site.5, 8, 124, 132
537012.5.peg.4832.site.6, 2, 125, 127
537012.5.peg.4832.site.7, 25, 124, 149
537012.5.peg.4832.site.8, 0, 125, 125
537012.5.peg.4832.site.9, 49, 126, 175
537012.5.peg.4832.site.10, 26, 126, 152
537012.5.peg.4832.site.11, 12, 127, 139
537012.5.peg.4832.site.12, 69, 127, 196
537012.5.peg.4832.site.13, 19, 126, 145
537012.5.peg.4832.site.14, 4, 126, 130
537012.5.peg.4832.site.15, 73, 126, 199
537012.5.peg.4832.site.16, 1, 128, 129
537012.5.peg.4832.site.17, 19, 130, 149
537012.5.peg.4832.site.18, 5, 129, 134
537012.5.peg.4832.site.19, 20, 130, 150
537012.5.peg.4832.site.20, 75, 129, 204
537012.5.peg.4832.site.21, 130, 132, 262
537012.5.peg.4832.site.22, 4, 131, 135
537012.5.peg.4832.site.23, 4, 130, 134
537012.5.peg.4835.site.1, 13, 132, 145
537012.5.peg.4835.site.2, 17, 132, 149
537012.5.peg.4835.site.3, 27, 132, 159
537012.5.peg.4835.site.4, 7, 132, 139
537012.5.peg.4835.site.5, 14, 133, 147
537012.5.peg.4835.site.6, 15, 132, 147
537012.5.peg.4836.site.1, 25, 132, 157
537012.5.peg.4836.site.2, 4, 133, 137
537012.5.peg.4836.site.3, 0, 132, 132
537012.5.peg.4836.site.4, 1, 133, 134
537012.5.peg.4836.site.5, 1, 133, 134
537012.5.peg.4836.site.6, 0, 133, 133
537012.5.peg.4836.site.7, 5, 133, 138
537012.5.peg.4836.site.8, 1, 133, 134
537012.5.peg.4836.site.9, 1, 133, 134
537012.5.peg.4836.site.10, 33, 132, 165
537012.5.peg.4836.site.11, 3, 133, 136
537012.5.peg.4836.site.12, 12, 133, 145
537012.5.peg.4836.site.13, 0, 133, 133
537012.5.peg.4836.site.14, 1, 133, 134
537012.5.peg.4836.site.15, 53, 102, 155
537012.5.peg.4836.site.16, 90, 103, 193
537012.5.peg.4836.site.17, 10, 108, 118
537012.5.peg.4836.site.18, 6, 124, 130
537012.5.peg.4836.site.19, 6, 127, 133
537012.5.peg.4836.site.20, 12, 127, 139
537012.5.peg.4836.site.21, 4, 130, 134
537012.5.peg.4836.site.22, 4, 132, 136
537012.5.peg.4836.site.23, 80, 130, 210
537012.5.peg.4836.site.24, 15, 132, 147
537012.5.peg.4836.site.25, 2, 133, 135
537012.5.peg.4836.site.26, 43, 130, 173
537012.5.peg.4836.site.27, 8, 127, 135
537012.5.peg.4836.site.28, 11, 126, 137
537012.5.peg.4836.site.29, 1, 115, 116
537012.5.peg.4836.site.30, 5, 91, 96
537012.5.peg.4838.site.1, 44, 126, 170
537012.5.peg.4838.site.2, 15, 133, 148
537012.5.peg.4838.site.3, 35, 131, 166
537012.5.peg.4838.site.4, 4, 133, 137
537012.5.peg.4838.site.5, 43, 131, 174
537012.5.peg.4838.site.6, 13, 131, 144
537012.5.peg.4838.site.7, 14, 132, 146
537012.5.peg.4838.site.8, 3, 121, 124
537012.5.peg.4838.site.9, 11, 117, 128
537012.5.peg.4838.site.10, 18, 116, 134
537012.5.peg.4838.site.11, 13, 121, 134
537012.5.peg.4838.site.12, 9, 127, 136
537012.5.peg.4838.site.13, 10, 128, 138
537012.5.peg.4838.site.14, 24, 132, 156
537012.5.peg.4838.site.15, 36, 133, 169
537012.5.peg.4838.site.16, 6, 131, 137
537012.5.peg.4838.site.17, 21, 132, 153
537012.5.peg.4838.site.18, 66, 131, 197
537012.5.peg.4838.site.19, 2, 132, 134
537012.5.peg.4838.site.20, 3, 133, 136
537012.5.peg.4838.site.21, 23, 133, 156
537012.5.peg.4838.site.22, 70, 133, 203
537012.5.peg.4838.site.23, 45, 130, 175
537012.5.peg.4838.site.24, 9, 131, 140
537012.5.peg.4838.site.25, 5, 131, 136
537012.5.peg.4838.site.26, 4, 130, 134
537012.5.peg.4838.site.27, 19, 126, 145
537012.5.peg.4838.site.28, 5, 130, 135
537012.5.peg.4838.site.29, 25, 126, 151
537012.5.peg.4838.site.30, 1, 109, 110
537012.5.peg.4838.site.31, 0, 79, 79
537012.5.peg.5018.site.1, 0, 130, 130
537012.5.peg.5018.site.2, 3, 130, 133
537012.5.peg.5018.site.3, 5, 132, 137
537012.5.peg.5018.site.4, 3, 134, 137
537012.5.peg.5018.site.5, 1, 134, 135
537012.5.peg.5018.site.6, 11, 132, 143
537012.5.peg.5018.site.7, 19, 133, 152
537012.5.peg.5018.site.8, 1, 133, 134
537012.5.peg.5018.site.9, 2, 134, 136
537012.5.peg.5018.site.10, 4, 134, 138
537012.5.peg.5018.site.11, 64, 134, 198
537012.5.peg.5018.site.12, 1, 134, 135
537012.5.peg.5018.site.13, 6, 133, 139
537012.5.peg.5018.site.14, 28, 134, 162
537012.5.peg.5018.site.15, 7, 134, 141
537012.5.peg.5018.site.16, 3, 132, 135
537012.5.peg.5018.site.17, 6, 134, 140
537012.5.peg.5019.site.1, 1, 132, 133
537012.5.peg.5019.site.2, 11, 134, 145
537012.5.peg.5019.site.3, 12, 133, 145
537012.5.peg.5019.site.4, 35, 131, 166
537012.5.peg.5019.site.5, 2, 134, 136
537012.5.peg.5019.site.6, 1, 133, 134
537012.5.peg.5019.site.7, 16, 131, 147
537012.5.peg.5019.site.8, 6, 134, 140
537012.5.peg.5019.site.9, 5, 131, 136
537012.5.peg.5019.site.10, 4, 131, 135
537012.5.peg.5019.site.11, 11, 129, 140
537012.5.peg.5019.site.12, 9, 130, 139
537012.5.peg.5019.site.13, 7, 134, 141
537012.5.peg.5019.site.14, 4, 131, 135
537012.5.peg.5019.site.15, 5, 134, 139
537012.5.peg.5019.site.16, 18, 134, 152
537012.5.peg.5019.site.17, 1, 134, 135
537012.5.peg.5019.site.18, 7, 134, 141
537012.5.peg.5019.site.19, 7, 134, 141
537012.5.peg.5019.site.20, 7, 134, 141
537012.5.peg.5019.site.21, 4, 132, 136
537012.5.peg.5019.site.22, 1, 133, 134
537012.5.peg.5019.site.23, 9, 133, 142
537012.5.peg.5019.site.24, 4, 131, 135
537012.5.peg.5019.site.25, 51, 133, 184
537012.5.peg.5019.site.26, 5, 134, 139
537012.5.peg.5019.site.27, 5, 132, 137
537012.5.peg.5019.site.28, 7, 134, 141
537012.5.peg.5019.site.29, 6, 134, 140
537012.5.peg.5019.site.30, 2, 134, 136
537012.5.peg.5019.site.31, 6, 134, 140
537012.5.peg.5019.site.32, 46, 132, 178
537012.5.peg.5019.site.33, 2, 134, 136
537012.5.peg.5019.site.34, 119, 134, 253
537012.5.peg.5019.site.35, 3, 134, 137
537012.5.peg.5019.site.36, 2, 134, 136
537012.5.peg.5019.site.37, 17, 132, 149
537012.5.peg.5019.site.38, 4, 132, 136
537012.5.peg.5019.site.39, 3, 134, 137
537012.5.peg.5019.site.40, 4, 134, 138
537012.5.peg.5019.site.41, 1, 134, 135
537012.5.peg.5019.site.42, 0, 134, 134
537012.5.peg.5019.site.43, 6, 132, 138
537012.5.peg.5019.site.44, 80, 134, 214
537012.5.peg.5019.site.45, 0, 134, 134
537012.5.peg.5019.site.46, 4, 134, 138
537012.5.peg.5019.site.47, 11, 132, 143
537012.5.peg.5019.site.48, 4, 134, 138
537012.5.peg.5019.site.49, 7, 133, 140
537012.5.peg.5019.site.50, 133, 134, 267
537012.5.peg.5019.site.51, 64, 133, 197
537012.5.peg.5019.site.52, 4, 132, 136
537012.5.peg.5019.site.53, 13, 134, 147
537012.5.peg.5019.site.54, 12, 133, 145
537012.5.peg.5019.site.55, 0, 132, 132
537012.5.peg.5019.site.56, 2, 134, 136
537012.5.peg.5019.site.57, 2, 134, 136
537012.5.peg.5019.site.58, 6, 133, 139
537012.5.peg.5019.site.59, 2, 134, 136
537012.5.peg.5019.site.60, 0, 133, 133
537012.5.peg.5019.site.61, 40, 133, 173
537012.5.peg.5019.site.62, 1, 133, 134
537012.5.peg.5019.site.63, 101, 132, 233
537012.5.peg.5019.site.64, 101, 132, 233
537012.5.peg.5019.site.65, 2, 134, 136
537012.5.peg.5019.site.66, 4, 132, 136
537012.5.peg.5019.site.67, 1, 134, 135
537012.5.peg.5019.site.68, 4, 132, 136
537012.5.peg.5019.site.69, 12, 133, 145
537012.5.peg.5019.site.70, 1, 134, 135
537012.5.peg.5019.site.71, 2, 134, 136
537012.5.peg.5019.site.72, 5, 134, 139
537012.5.peg.5019.site.73, 31, 134, 165
537012.5.peg.5019.site.74, 2, 134, 136
537012.5.peg.5019.site.75, 4, 132, 136
537012.5.peg.5019.site.76, 2, 130, 132
537012.5.peg.5019.site.77, 2, 131, 133
537012.5.peg.5019.site.78, 6, 130, 136
537012.5.peg.5019.site.79, 15, 129, 144
537012.5.peg.5019.site.80, 1, 130, 131
537012.5.peg.5019.site.81, 36, 130, 166
537012.5.peg.5019.site.82, 0, 130, 130
537012.5.peg.5019.site.83, 0, 130, 130
537012.5.peg.5019.site.84, 3, 133, 136
537012.5.peg.5019.site.85, 36, 134, 170
537012.5.peg.5019.site.86, 4, 133, 137
537012.5.peg.5019.site.87, 0, 129, 129
537012.5.peg.5019.site.88, 4, 131, 135
537012.5.peg.5019.site.89, 105, 131, 236
537012.5.peg.5019.site.90, 3, 131, 134
537012.5.peg.5019.site.91, 1, 131, 132
537012.5.peg.5019.site.92, 1, 131, 132
537012.5.peg.5019.site.93, 4, 132, 136
537012.5.peg.5019.site.94, 44, 134, 178
537012.5.peg.5019.site.95, 1, 134, 135
537012.5.peg.5019.site.96, 11, 132, 143
537012.5.peg.5019.site.97, 1, 134, 135
537012.5.peg.5019.site.98, 103, 133, 236
537012.5.peg.5019.site.99, 116, 131, 247
537012.5.peg.5019.site.100, 56, 131, 187
537012.5.peg.5019.site.101, 7, 132, 139
537012.5.peg.5019.site.102, 0, 134, 134
537012.5.peg.5019.site.103, 7, 133, 140
537012.5.peg.5019.site.104, 1, 134, 135
537012.5.peg.5019.site.105, 2, 134, 136
537012.5.peg.5019.site.106, 20, 132, 152
537012.5.peg.5019.site.107, 1, 134, 135
537012.5.peg.3206.site.1, 0, 89, 89
537012.5.peg.3206.site.2, 1, 81, 82
537012.5.peg.3206.site.3, 1, 88, 89
537012.5.peg.3206.site.4, 0, 88, 88
537012.5.peg.3206.site.5, 1, 90, 91
537012.5.peg.3206.site.6, 2, 78, 80
537012.5.peg.3206.site.7, 2, 66, 68
537012.5.peg.3206.site.8, 1, 104, 105
537012.5.peg.3206.site.9, 54, 78, 132
537012.5.peg.3206.site.10, 1, 84, 85
537012.5.peg.3206.site.11, 1, 88, 89
537012.5.peg.3206.site.12, 1, 90, 91
537012.5.peg.3206.site.13, 48, 94, 142
537012.5.peg.3206.site.14, 5, 98, 103
537012.5.peg.3206.site.15, 0, 97, 97
537012.5.peg.3206.site.16, 1, 97, 98
537012.5.peg.3206.site.17, 1, 125, 126
537012.5.peg.3206.site.18, 6, 126, 132
537012.5.peg.3206.site.19, 8, 121, 129
537012.5.peg.3206.site.20, 2, 114, 116
537012.5.peg.3206.site.21, 4, 117, 121
537012.5.peg.3206.site.22, 3, 116, 119
537012.5.peg.3206.site.23, 20, 89, 109
537012.5.peg.3206.site.24, 1, 91, 92
537012.5.peg.3206.site.25, 1, 92, 93
537012.5.peg.3206.site.26, 11, 88, 99
537012.5.peg.3206.site.27, 7, 84, 91
537012.5.peg.3206.site.28, 2, 86, 88
537012.5.peg.3206.site.29, 70, 84, 154
537012.5.peg.3206.site.30, 18, 90, 108
537012.5.peg.3206.site.31, 7, 93, 100
537012.5.peg.3206.site.32, 12, 117, 129
537012.5.peg.3206.site.33, 0, 120, 120
537012.5.peg.3206.site.34, 0, 125, 125
537012.5.peg.3206.site.35, 18, 128, 146
537012.5.peg.5014.site.1, 1, 134, 135
537012.5.peg.5014.site.2, 25, 134, 159
537012.5.peg.5014.site.3, 3, 134, 137
537012.5.peg.5014.site.4, 1, 133, 134
537012.5.peg.5015.site.1, 3, 133, 136
537012.5.peg.5015.site.2, 1, 134, 135
537012.5.peg.5015.site.3, 11, 131, 142
537012.5.peg.5015.site.4, 11, 131, 142
537012.5.peg.5015.site.5, 18, 131, 149
537012.5.peg.5016.site.1, 1, 130, 131
537012.5.peg.5016.site.2, 40, 132, 172
537012.5.peg.5016.site.3, 4, 132, 136
537012.5.peg.5016.site.4, 8, 134, 142
537012.5.peg.5016.site.5, 1, 131, 132
537012.5.peg.5016.site.6, 2, 133, 135
537012.5.peg.5016.site.7, 8, 131, 139
537012.5.peg.5016.site.8, 1, 132, 133
537012.5.peg.5016.site.9, 4, 133, 137
537012.5.peg.5016.site.10, 8, 133, 141
537012.5.peg.5016.site.11, 2, 134, 136
537012.5.peg.5016.site.12, 0, 133, 133
537012.5.peg.5016.site.13, 7, 134, 141
537012.5.peg.5016.site.14, 1, 134, 135
537012.5.peg.5016.site.15, 12, 133, 145
537012.5.peg.5016.site.16, 3, 130, 133
537012.5.peg.5016.site.17, 3, 130, 133
537012.5.peg.5016.site.18, 11, 132, 143
537012.5.peg.5016.site.19, 3, 132, 135
537012.5.peg.5016.site.20, 2, 134, 136
537012.5.peg.5016.site.21, 6, 134, 140
537012.5.peg.5016.site.22, 6, 134, 140
537012.5.peg.5016.site.23, 1, 134, 135
537012.5.peg.5016.site.24, 1, 134, 135
537012.5.peg.5016.site.25, 63, 132, 195
537012.5.peg.5016.site.26, 1, 133, 134
537012.5.peg.5016.site.27, 7, 133, 140
537012.5.peg.5017.site.1, 4, 131, 135
537012.5.peg.5017.site.2, 1, 130, 131
537012.5.peg.5017.site.3, 8, 130, 138
537012.5.peg.5017.site.4, 1, 129, 130
537012.5.peg.5017.site.5, 1, 129, 130
537012.5.peg.5017.site.6, 1, 128, 129
537012.5.peg.5017.site.7, 29, 129, 158
537012.5.peg.5017.site.8, 2, 126, 128
537012.5.peg.5017.site.9, 115, 118, 233
537012.5.peg.5017.site.10, 30, 133, 163
537012.5.peg.5017.site.11, 16, 134, 150
537012.5.peg.5017.site.12, 2, 134, 136
537012.5.peg.5017.site.13, 11, 132, 143
537012.5.peg.5017.site.14, 1, 134, 135
537012.5.peg.5017.site.15, 35, 133, 168
537012.5.peg.5017.site.16, 10, 131, 141
537012.5.peg.5017.site.17, 85, 131, 216
537012.5.peg.5017.site.18, 100, 127, 227
537012.5.peg.5017.site.19, 1, 129, 130
537012.5.peg.5017.site.20, 6, 134, 140
537012.5.peg.5017.site.21, 1, 134, 135
537012.5.peg.5017.site.22, 1, 134, 135
537012.5.peg.5017.site.23, 7, 134, 141
537012.5.peg.5017.site.24, 55, 132, 187
537012.5.peg.5017.site.25, 48, 131, 179
537012.5.peg.5017.site.26, 2, 131, 133
537012.5.peg.5017.site.27, 2, 132, 134
537012.5.peg.5017.site.28, 2, 130, 132
537012.5.peg.5017.site.29, 0, 129, 129
537012.5.peg.5017.site.30, 10, 131, 141
537012.5.peg.5017.site.31, 4, 131, 135
537012.5.peg.5017.site.32, 1, 133, 134
537012.5.peg.5017.site.33, 1, 130, 131
537012.5.peg.5017.site.34, 1, 128, 129
537012.5.peg.5017.site.35, 4, 126, 130
537012.5.peg.5017.site.36, 3, 130, 133
537012.5.peg.5017.site.37, 9, 131, 140
537012.5.peg.5017.site.38, 22, 132, 154
537012.5.peg.5017.site.39, 22, 134, 156
537012.5.peg.5017.site.40, 6, 134, 140
537012.5.peg.5017.site.41, 1, 134, 135
537012.5.peg.5017.site.42, 63, 132, 195
537012.5.peg.5017.site.43, 4, 131, 135
537012.5.peg.5017.site.44, 4, 133, 137
537012.5.peg.5017.site.45, 5, 133, 138
537012.5.peg.5017.site.46, 35, 133, 168
537012.5.peg.5017.site.47, 3, 133, 136
537012.5.peg.5017.site.48, 5, 133, 138
537012.5.peg.5017.site.49, 1, 133, 134
537012.5.peg.5017.site.50, 7, 132, 139
537012.5.peg.5017.site.51, 4, 134, 138
537012.5.peg.5017.site.52, 30, 129, 159
537012.5.peg.5017.site.53, 3, 127, 130
537012.5.peg.5017.site.54, 5, 126, 131
537012.5.peg.5017.site.55, 1, 133, 134
537012.5.peg.5017.site.56, 8, 134, 142
537012.5.peg.5017.site.57, 57, 132, 189
537012.5.peg.5017.site.58, 4, 131, 135
537012.5.peg.5017.site.59, 3, 130, 133
537012.5.peg.5017.site.60, 6, 133, 139
537012.5.peg.1131.site.1, 1, 131, 132
537012.5.peg.1131.site.2, 0, 131, 131
537012.5.peg.1131.site.3, 8, 131, 139
537012.5.peg.1131.site.4, 0, 129, 129
537012.5.peg.1131.site.5, 8, 119, 127
537012.5.peg.1130.site.1, 1, 130, 131
537012.5.peg.1130.site.2, 10, 131, 141
537012.5.peg.1130.site.3, 0, 131, 131
537012.5.peg.1130.site.4, 6, 132, 138
537012.5.peg.1130.site.5, 10, 133, 143
537012.5.peg.1130.site.6, 4, 134, 138
537012.5.peg.1130.site.7, 0, 134, 134
537012.5.peg.1130.site.8, 9, 134, 143
537012.5.peg.1130.site.9, 90, 134, 224
537012.5.peg.1130.site.10, 4, 133, 137
537012.5.peg.1130.site.11, 4, 134, 138
537012.5.peg.1130.site.12, 29, 132, 161
537012.5.peg.1130.site.13, 14, 134, 148
537012.5.peg.1130.site.14, 6, 133, 139
537012.5.peg.1130.site.15, 2, 134, 136
537012.5.peg.1130.site.16, 0, 133, 133
537012.5.peg.1130.site.17, 1, 134, 135
537012.5.peg.1488.site.1, 3, 133, 136
537012.5.peg.1488.site.2, 3, 133, 136
537012.5.peg.1488.site.3, 3, 133, 136
537012.5.peg.1488.site.4, 2, 133, 135
537012.5.peg.1488.site.5, 40, 133, 173
537012.5.peg.1488.site.6, 3, 133, 136
537012.5.peg.1488.site.7, 17, 133, 150
537012.5.peg.1488.site.8, 17, 133, 150
537012.5.peg.1488.site.9, 2, 133, 135
537012.5.peg.1488.site.10, 0, 132, 132
537012.5.peg.1488.site.11, 3, 131, 134
537012.5.peg.1488.site.12, 17, 132, 149
537012.5.peg.1488.site.13, 17, 132, 149
537012.5.peg.1488.site.14, 36, 133, 169
537012.5.peg.1488.site.15, 11, 133, 144
537012.5.peg.1488.site.16, 6, 133, 139
537012.5.peg.1488.site.17, 6, 133, 139
537012.5.peg.1488.site.18, 32, 133, 165
537012.5.peg.1488.site.19, 10, 132, 142
537012.5.peg.3853.site.1, 20, 120, 140
537012.5.peg.3853.site.2, 3, 123, 126
537012.5.peg.3853.site.3, 14, 119, 133
537012.5.peg.3853.site.4, 110, 118, 228
537012.5.peg.3853.site.5, 10, 127, 137
537012.5.peg.3853.site.6, 34, 127, 161
537012.5.peg.3853.site.7, 2, 129, 131
537012.5.peg.3853.site.8, 7, 130, 137
537012.5.peg.3853.site.9, 2, 133, 135
537012.5.peg.3853.site.10, 1, 134, 135
537012.5.peg.3853.site.11, 1, 133, 134
537012.5.peg.3853.site.12, 7, 133, 140
537012.5.peg.3853.site.13, 7, 133, 140
537012.5.peg.3853.site.14, 65, 131, 196
537012.5.peg.3853.site.15, 11, 133, 144
537012.5.peg.3853.site.16, 7, 134, 141
537012.5.peg.3853.site.17, 27, 133, 160
537012.5.peg.3853.site.18, 5, 131, 136
537012.5.peg.3853.site.19, 6, 131, 137
537012.5.peg.3853.site.20, 1, 133, 134
537012.5.peg.3853.site.21, 1, 133, 134
537012.5.peg.3853.site.22, 0, 133, 133
537012.5.peg.3853.site.23, 2, 129, 131
537012.5.peg.3853.site.24, 4, 127, 131
537012.5.peg.3853.site.25, 20, 127, 147
537012.5.peg.3853.site.26, 21, 127, 148
537012.5.peg.3853.site.27, 1, 128, 129
537012.5.peg.3853.site.28, 2, 128, 130
537012.5.peg.3853.site.29, 3, 129, 132
537012.5.peg.3853.site.30, 3, 129, 132
537012.5.peg.3853.site.31, 6, 132, 138
537012.5.peg.3853.site.32, 2, 134, 136
537012.5.peg.3853.site.33, 7, 132, 139
537012.5.peg.3853.site.34, 2, 133, 135
537012.5.peg.3853.site.35, 19, 132, 151
537012.5.peg.3853.site.36, 7, 130, 137
537012.5.peg.3853.site.37, 17, 131, 148
537012.5.peg.3853.site.38, 9, 122, 131
537012.5.peg.3853.site.39, 8, 118, 126
537012.5.peg.3853.site.40, 1, 116, 117
537012.5.peg.3853.site.41, 1, 121, 122
537012.5.peg.3853.site.42, 18, 126, 144
537012.5.peg.3853.site.43, 1, 124, 125
537012.5.peg.3853.site.44, 1, 128, 129
537012.5.peg.3853.site.45, 1, 129, 130
537012.5.peg.3853.site.46, 7, 116, 123
537012.5.peg.3853.site.47, 2, 118, 120
537012.5.peg.3200.site.1, 9, 118, 127
537012.5.peg.3200.site.2, 0, 112, 112
537012.5.peg.3200.site.3, 5, 105, 110
537012.5.peg.3200.site.4, 2, 94, 96
537012.5.peg.3200.site.5, 46, 88, 134
537012.5.peg.3200.site.6, 0, 98, 98
537012.5.peg.3200.site.7, 19, 108, 127
537012.5.peg.3200.site.8, 8, 115, 123
537012.5.peg.3200.site.9, 6, 117, 123
537012.5.peg.3200.site.10, 13, 120, 133
537012.5.peg.3200.site.11, 4, 119, 123
537012.5.peg.3200.site.12, 1, 120, 121
537012.5.peg.3200.site.13, 10, 119, 129
537012.5.peg.3200.site.14, 6, 117, 123
537012.5.peg.3200.site.15, 1, 110, 111
537012.5.peg.3200.site.16, 6, 105, 111
537012.5.peg.3200.site.17, 7, 110, 117
537012.5.peg.3200.site.18, 0, 113, 113
537012.5.peg.3200.site.19, 1, 109, 110
537012.5.peg.3200.site.20, 1, 109, 110
537012.5.peg.3200.site.21, 7, 109, 116
537012.5.peg.3200.site.22, 20, 111, 131
537012.5.peg.3200.site.23, 7, 111, 118
537012.5.peg.3200.site.24, 1, 122, 123
537012.5.peg.3200.site.25, 3, 124, 127
537012.5.peg.3200.site.26, 87, 124, 211
537012.5.peg.3200.site.27, 8, 122, 130
537012.5.peg.3200.site.28, 0, 122, 122
537012.5.peg.3200.site.29, 2, 127, 129
537012.5.peg.3200.site.30, 3, 125, 128
537012.5.peg.3200.site.31, 24, 127, 151
537012.5.peg.3200.site.32, 9, 127, 136
537012.5.peg.3200.site.33, 3, 123, 126
537012.5.peg.3200.site.34, 7, 121, 128
537012.5.peg.3200.site.35, 8, 117, 125
537012.5.peg.3200.site.36, 10, 100, 110
537012.5.peg.3200.site.37, 6, 104, 110
537012.5.peg.3200.site.38, 2, 102, 104
537012.5.peg.3200.site.39, 6, 101, 107
537012.5.peg.3200.site.40, 98, 99, 197
537012.5.peg.3200.site.41, 26, 102, 128
537012.5.peg.3200.site.42, 0, 99, 99
537012.5.peg.3200.site.43, 7, 105, 112
537012.5.peg.3200.site.44, 2, 107, 109
537012.5.peg.3200.site.45, 6, 102, 108
537012.5.peg.3200.site.46, 2, 101, 103
537012.5.peg.3200.site.47, 8, 97, 105
537012.5.peg.3200.site.48, 1, 99, 100
537012.5.peg.3200.site.49, 2, 89, 91
537012.5.peg.3200.site.50, 11, 89, 100
537012.5.peg.3200.site.51, 1, 90, 91
537012.5.peg.3200.site.52, 35, 87, 122
537012.5.peg.3200.site.53, 3, 86, 89
537012.5.peg.3200.site.54, 12, 84, 96
537012.5.peg.3200.site.55, 4, 85, 89
537012.5.peg.3200.site.56, 3, 85, 88
537012.5.peg.3200.site.57, 4, 84, 88
537012.5.peg.3200.site.58, 0, 85, 85
537012.5.peg.3200.site.59, 3, 85, 88
537012.5.peg.3200.site.60, 6, 86, 92
537012.5.peg.3200.site.61, 6, 86, 92
537012.5.peg.3200.site.62, 0, 86, 86
537012.5.peg.3200.site.63, 17, 83, 100
537012.5.peg.3200.site.64, 27, 80, 107
537012.5.peg.3200.site.65, 6, 79, 85
537012.5.peg.3200.site.66, 4, 79, 83
537012.5.peg.3200.site.67, 3, 78, 81
537012.5.peg.3200.site.68, 17, 76, 93
537012.5.peg.3200.site.69, 7, 77, 84
537012.5.peg.3200.site.70, 2, 76, 78
537012.5.peg.3200.site.71, 34, 76, 110
537012.5.peg.3200.site.72, 1, 74, 75
537012.5.peg.3200.site.73, 4, 76, 80
537012.5.peg.3200.site.74, 0, 77, 77
537012.5.peg.3200.site.75, 3, 76, 79
537012.5.peg.3200.site.76, 6, 75, 81
537012.5.peg.3200.site.77, 4, 76, 80
537012.5.peg.3200.site.78, 15, 77, 92
537012.5.peg.3200.site.79, 2, 77, 79
537012.5.peg.3200.site.80, 6, 77, 83
537012.5.peg.3200.site.81, 5, 77, 82
537012.5.peg.3200.site.82, 3, 77, 80
537012.5.peg.3200.site.83, 39, 75, 114
537012.5.peg.3200.site.84, 35, 76, 111
537012.5.peg.3200.site.85, 3, 78, 81
537012.5.peg.3200.site.86, 6, 78, 84
537012.5.peg.3200.site.87, 6, 79, 85
537012.5.peg.3200.site.88, 0, 80, 80
537012.5.peg.3200.site.89, 44, 75, 119
537012.5.peg.3200.site.90, 2, 78, 80
537012.5.peg.3200.site.91, 15, 76, 91
537012.5.peg.3200.site.92, 6, 77, 83
537012.5.peg.3200.site.93, 0, 75, 75
537012.5.peg.3200.site.94, 65, 74, 139
537012.5.peg.3200.site.95, 2, 73, 75
537012.5.peg.3200.site.96, 1, 74, 75
537012.5.peg.3200.site.97, 3, 73, 76
537012.5.peg.3200.site.98, 12, 73, 85
537012.5.peg.3200.site.99, 3, 73, 76
537012.5.peg.3200.site.100, 1, 74, 75
537012.5.peg.3200.site.101, 1, 75, 76
537012.5.peg.3200.site.102, 4, 75, 79
537012.5.peg.3200.site.103, 4, 76, 80
537012.5.peg.3200.site.104, 67, 77, 144
537012.5.peg.3200.site.105, 6, 76, 82
537012.5.peg.3200.site.106, 3, 77, 80
537012.5.peg.3200.site.107, 2, 77, 79
537012.5.peg.3200.site.108, 2, 78, 80
537012.5.peg.3200.site.109, 6, 79, 85
537012.5.peg.3200.site.110, 3, 81, 84
537012.5.peg.3200.site.111, 2, 83, 85
537012.5.peg.3200.site.112, 9, 82, 91
537012.5.peg.3200.site.113, 2, 86, 88
537012.5.peg.3200.site.114, 5, 86, 91
537012.5.peg.3200.site.115, 1, 89, 90
537012.5.peg.3200.site.116, 37, 82, 119
537012.5.peg.3200.site.117, 7, 80, 87
537012.5.peg.3200.site.118, 19, 80, 99
537012.5.peg.3200.site.119, 5, 83, 88
537012.5.peg.3200.site.120, 1, 74, 75
537012.5.peg.3200.site.121, 6, 75, 81
537012.5.peg.3200.site.122, 0, 74, 74
537012.5.peg.3200.site.123, 8, 76, 84
537012.5.peg.3200.site.124, 3, 79, 82
537012.5.peg.3200.site.125, 55, 77, 132
537012.5.peg.3200.site.126, 69, 82, 151
537012.5.peg.3200.site.127, 19, 82, 101
537012.5.peg.3200.site.128, 19, 81, 100
537012.5.peg.3200.site.129, 0, 83, 83
537012.5.peg.3200.site.130, 3, 83, 86
537012.5.peg.3200.site.131, 18, 83, 101
537012.5.peg.3200.site.132, 4, 87, 91
537012.5.peg.3200.site.133, 8, 88, 96
537012.5.peg.3200.site.134, 1, 89, 90
537012.5.peg.3200.site.135, 3, 86, 89
537012.5.peg.3200.site.136, 6, 87, 93
537012.5.peg.3200.site.137, 0, 80, 80
537012.5.peg.3200.site.138, 1, 83, 84
537012.5.peg.3200.site.139, 41, 80, 121
537012.5.peg.3200.site.140, 6, 77, 83
537012.5.peg.1317.site.1, 12, 132, 144
537012.5.peg.1317.site.2, 2, 134, 136
537012.5.peg.1317.site.3, 8, 134, 142
537012.5.peg.1317.site.4, 7, 133, 140
537012.5.peg.1317.site.5, 28, 133, 161
537012.5.peg.1317.site.6, 5, 134, 139
537012.5.peg.1317.site.7, 11, 131, 142
537012.5.peg.1317.site.8, 3, 134, 137
537012.5.peg.1317.site.9, 0, 131, 131
537012.5.peg.1317.site.10, 12, 134, 146
537012.5.peg.1317.site.11, 11, 133, 144
537012.5.peg.1317.site.12, 9, 134, 143
537012.5.peg.1317.site.13, 8, 133, 141
537012.5.peg.1317.site.14, 2, 133, 135
537012.5.peg.1317.site.15, 3, 134, 137
537012.5.peg.1317.site.16, 6, 133, 139
537012.5.peg.1317.site.17, 4, 127, 131
537012.5.peg.1316.site.1, 70, 132, 202
537012.5.peg.1316.site.2, 7, 134, 141
537012.5.peg.1316.site.3, 7, 134, 141
537012.5.peg.1316.site.4, 1, 134, 135
537012.5.peg.1316.site.5, 7, 134, 141
537012.5.peg.1316.site.6, 5, 132, 137
537012.5.peg.1316.site.7, 5, 132, 137
537012.5.peg.1316.site.8, 1, 132, 133
537012.5.peg.1316.site.9, 4, 131, 135
537012.5.peg.1316.site.10, 111, 131, 242
537012.5.peg.1316.site.11, 8, 134, 142
537012.5.peg.1316.site.12, 1, 134, 135
537012.5.peg.1316.site.13, 7, 133, 140
537012.5.peg.1316.site.14, 132, 134, 266
537012.5.peg.1316.site.15, 1, 134, 135
537012.5.peg.1316.site.16, 2, 132, 134
537012.5.peg.1316.site.17, 17, 134, 151
537012.5.peg.1316.site.18, 8, 134, 142
537012.5.peg.1316.site.19, 2, 133, 135
537012.5.peg.1316.site.20, 3, 133, 136
537012.5.peg.1316.site.21, 7, 134, 141
537012.5.peg.1315.site.1, 1, 131, 132
537012.5.peg.1315.site.2, 7, 131, 138
537012.5.peg.1315.site.3, 1, 131, 132
537012.5.peg.1315.site.4, 7, 131, 138
537012.5.peg.1315.site.5, 30, 130, 160
537012.5.peg.1315.site.6, 1, 132, 133
537012.5.peg.1315.site.7, 21, 131, 152
537012.5.peg.1315.site.8, 4, 134, 138
537012.5.peg.1315.site.9, 2, 134, 136
537012.5.peg.1315.site.10, 6, 132, 138
537012.5.peg.1315.site.11, 2, 134, 136
537012.5.peg.1315.site.12, 2, 134, 136
537012.5.peg.1315.site.13, 6, 134, 140
537012.5.peg.1314.site.1, 18, 120, 138
537012.5.peg.1314.site.2, 78, 120, 198
537012.5.peg.1314.site.3, 2, 121, 123
537012.5.peg.1314.site.4, 2, 121, 123
537012.5.peg.1314.site.5, 2, 125, 127
537012.5.peg.1314.site.6, 6, 126, 132
537012.5.peg.1314.site.7, 3, 126, 129
537012.5.peg.1314.site.8, 16, 127, 143
537012.5.peg.1314.site.9, 124, 132, 256
537012.5.peg.1314.site.10, 4, 131, 135
537012.5.peg.1314.site.11, 58, 128, 186
537012.5.peg.1314.site.12, 2, 125, 127
537012.5.peg.1314.site.13, 2, 130, 132
537012.5.peg.1314.site.14, 7, 133, 140
537012.5.peg.1314.site.15, 11, 133, 144
537012.5.peg.1314.site.16, 7, 132, 139
537012.5.peg.1314.site.17, 2, 133, 135
537012.5.peg.1314.site.18, 1, 132, 133
537012.5.peg.1314.site.19, 1, 130, 131
537012.5.peg.1314.site.20, 24, 130, 154
537012.5.peg.1314.site.21, 109, 129, 238
537012.5.peg.1314.site.22, 24, 128, 152
537012.5.peg.1319.site.1, 59, 131, 190
537012.5.peg.1319.site.2, 8, 132, 140
537012.5.peg.1319.site.3, 3, 132, 135
537012.5.peg.1319.site.4, 9, 129, 138
537012.5.peg.1319.site.5, 90, 129, 219
537012.5.peg.1319.site.6, 8, 134, 142
537012.5.peg.1319.site.7, 6, 133, 139
537012.5.peg.1319.site.8, 2, 134, 136
537012.5.peg.1319.site.9, 8, 134, 142
537012.5.peg.1319.site.10, 8, 134, 142
537012.5.peg.1319.site.11, 5, 132, 137
537012.5.peg.1319.site.12, 29, 134, 163
537012.5.peg.1319.site.13, 17, 132, 149
537012.5.peg.1319.site.14, 22, 134, 156
537012.5.peg.1319.site.15, 3, 134, 137
537012.5.peg.1319.site.16, 1, 134, 135
537012.5.peg.1319.site.17, 5, 132, 137
537012.5.peg.1319.site.18, 6, 131, 137
537012.5.peg.1319.site.19, 6, 132, 138
537012.5.peg.1319.site.20, 2, 132, 134
537012.5.peg.1319.site.21, 4, 131, 135
537012.5.peg.1319.site.22, 48, 130, 178
537012.5.peg.1319.site.23, 47, 134, 181
537012.5.peg.1319.site.24, 8, 134, 142
537012.5.peg.1319.site.25, 53, 133, 186
537012.5.peg.1319.site.26, 22, 133, 155
537012.5.peg.1319.site.27, 1, 134, 135
537012.5.peg.1319.site.28, 5, 134, 139
537012.5.peg.1319.site.29, 1, 134, 135
537012.5.peg.1319.site.30, 4, 133, 137
537012.5.peg.1319.site.31, 76, 133, 209
537012.5.peg.1319.site.32, 8, 134, 142
537012.5.peg.1319.site.33, 3, 132, 135
537012.5.peg.1318.site.1, 5, 132, 137
537012.5.peg.1318.site.2, 26, 134, 160
537012.5.peg.1318.site.3, 2, 134, 136
537012.5.peg.1318.site.4, 52, 134, 186
537012.5.peg.1318.site.5, 6, 133, 139
537012.5.peg.1318.site.6, 2, 134, 136
537012.5.peg.1318.site.7, 54, 130, 184
537012.5.peg.1318.site.8, 7, 133, 140
537012.5.peg.1318.site.9, 8, 134, 142
537012.5.peg.1318.site.10, 4, 131, 135
537012.5.peg.1318.site.11, 2, 134, 136
537012.5.peg.1318.site.12, 4, 128, 132
537012.5.peg.1318.site.13, 2, 134, 136
537012.5.peg.1318.site.14, 126, 134, 260
537012.5.peg.1318.site.15, 1, 134, 135
537012.5.peg.1318.site.16, 0, 134, 134
537012.5.peg.1318.site.17, 9, 134, 143
537012.5.peg.1318.site.18, 8, 134, 142
537012.5.peg.1003.site.1, 7, 134, 141
537012.5.peg.1003.site.2, 4, 132, 136
537012.5.peg.1003.site.3, 24, 132, 156
537012.5.peg.1003.site.4, 3, 134, 137
537012.5.peg.1003.site.5, 6, 134, 140
537012.5.peg.1003.site.6, 4, 132, 136
537012.5.peg.1003.site.7, 1, 134, 135
537012.5.peg.1003.site.8, 5, 133, 138
537012.5.peg.1003.site.9, 0, 133, 133
537012.5.peg.1003.site.10, 5, 131, 136
537012.5.peg.1003.site.11, 5, 132, 137
537012.5.peg.1003.site.12, 7, 128, 135
537012.5.peg.1003.site.13, 1, 130, 131
537012.5.peg.1003.site.14, 3, 131, 134
537012.5.peg.1003.site.15, 1, 133, 134
537012.5.peg.1003.site.16, 6, 134, 140
537012.5.peg.1003.site.17, 0, 132, 132
537012.5.peg.1003.site.18, 8, 130, 138
537012.5.peg.1003.site.19, 1, 130, 131
537012.5.peg.1003.site.20, 5, 130, 135
537012.5.peg.1003.site.21, 7, 129, 136
537012.5.peg.1003.site.22, 27, 133, 160
537012.5.peg.1003.site.23, 2, 130, 132
537012.5.peg.1003.site.24, 7, 134, 141
537012.5.peg.1003.site.25, 7, 134, 141
537012.5.peg.1003.site.26, 1, 134, 135
537012.5.peg.1003.site.27, 1, 134, 135
537012.5.peg.1003.site.28, 1, 134, 135
537012.5.peg.1003.site.29, 6, 134, 140
537012.5.peg.1003.site.30, 2, 128, 130
537012.5.peg.1003.site.31, 1, 120, 121
537012.5.peg.859.site.1, 3, 122, 125
537012.5.peg.859.site.2, 4, 125, 129
537012.5.peg.859.site.3, 4, 125, 129
537012.5.peg.859.site.4, 2, 127, 129
537012.5.peg.859.site.5, 23, 127, 150
537012.5.peg.859.site.6, 10, 125, 135
537012.5.peg.859.site.7, 2, 127, 129
537012.5.peg.859.site.8, 8, 127, 135
537012.5.peg.859.site.9, 2, 125, 127
537012.5.peg.859.site.10, 9, 127, 136
537012.5.peg.859.site.11, 15, 126, 141
537012.5.peg.859.site.12, 9, 126, 135
537012.5.peg.859.site.13, 13, 125, 138
537012.5.peg.859.site.14, 0, 127, 127
537012.5.peg.859.site.15, 2, 127, 129
537012.5.peg.859.site.16, 33, 124, 157
537012.5.peg.859.site.17, 3, 124, 127
537012.5.peg.859.site.18, 3, 125, 128
537012.5.peg.859.site.19, 2, 123, 125
537012.5.peg.859.site.20, 3, 124, 127
537012.5.peg.859.site.21, 0, 125, 125
537012.5.peg.859.site.22, 0, 124, 124
537012.5.peg.1001.site.1, 3, 132, 135
537012.5.peg.1001.site.2, 0, 130, 130
537012.5.peg.1001.site.3, 18, 130, 148
537012.5.peg.1001.site.4, 5, 130, 135
537012.5.peg.1001.site.5, 2, 131, 133
537012.5.peg.1001.site.6, 0, 131, 131
537012.5.peg.1001.site.7, 24, 134, 158
537012.5.peg.1001.site.8, 6, 134, 140
537012.5.peg.1001.site.9, 4, 132, 136
537012.5.peg.1001.site.10, 4, 133, 137
537012.5.peg.1001.site.11, 20, 131, 151
537012.5.peg.1001.site.12, 1, 129, 130
537012.5.peg.1001.site.13, 13, 132, 145
537012.5.peg.1001.site.14, 7, 132, 139
537012.5.peg.1001.site.15, 2, 131, 133
537012.5.peg.1001.site.16, 9, 132, 141
537012.5.peg.1001.site.17, 3, 132, 135
537012.5.peg.1001.site.18, 3, 131, 134
537012.5.peg.1001.site.19, 1, 132, 133
537012.5.peg.1001.site.20, 33, 130, 163
537012.5.peg.1001.site.21, 60, 130, 190
537012.5.peg.1001.site.22, 1, 132, 133
537012.5.peg.1001.site.23, 51, 130, 181
537012.5.peg.1001.site.24, 1, 130, 131
537012.5.peg.1001.site.25, 12, 129, 141
537012.5.peg.1001.site.26, 105, 124, 229
537012.5.peg.1001.site.27, 0, 127, 127
537012.5.peg.1000.site.1, 4, 132, 136
537012.5.peg.1000.site.2, 4, 132, 136
537012.5.peg.1000.site.3, 1, 134, 135
537012.5.peg.1007.site.1, 5, 133, 138
537012.5.peg.1007.site.2, 9, 133, 142
537012.5.peg.1007.site.3, 1, 134, 135
537012.5.peg.1007.site.4, 1, 134, 135
537012.5.peg.1007.site.5, 4, 132, 136
537012.5.peg.1007.site.6, 1, 134, 135
537012.5.peg.1007.site.7, 118, 134, 252
537012.5.peg.1007.site.8, 24, 133, 157
537012.5.peg.1007.site.9, 2, 134, 136
537012.5.peg.1007.site.10, 4, 132, 136
537012.5.peg.1007.site.11, 2, 133, 135
537012.5.peg.1007.site.12, 1, 133, 134
537012.5.peg.1007.site.13, 90, 131, 221
537012.5.peg.1007.site.14, 1, 133, 134
537012.5.peg.1007.site.15, 1, 133, 134
537012.5.peg.1007.site.16, 33, 133, 166
537012.5.peg.1007.site.17, 1, 133, 134
537012.5.peg.1007.site.18, 128, 134, 262
537012.5.peg.1006.site.1, 0, 131, 131
537012.5.peg.1006.site.2, 9, 130, 139
537012.5.peg.1006.site.3, 2, 130, 132
537012.5.peg.1006.site.4, 3, 131, 134
537012.5.peg.1006.site.5, 10, 131, 141
537012.5.peg.1006.site.6, 3, 130, 133
537012.5.peg.1006.site.7, 3, 133, 136
537012.5.peg.1006.site.8, 8, 130, 138
537012.5.peg.1006.site.9, 1, 130, 131
537012.5.peg.1006.site.10, 1, 130, 131
537012.5.peg.1006.site.11, 3, 130, 133
537012.5.peg.1006.site.12, 4, 130, 134
537012.5.peg.1006.site.13, 2, 129, 131
537012.5.peg.1006.site.14, 1, 134, 135
537012.5.peg.1006.site.15, 22, 130, 152
537012.5.peg.1006.site.16, 2, 130, 132
537012.5.peg.1006.site.17, 2, 131, 133
537012.5.peg.1006.site.18, 6, 129, 135
537012.5.peg.1006.site.19, 7, 129, 136
537012.5.peg.1006.site.20, 7, 128, 135
537012.5.peg.1006.site.21, 1, 129, 130
537012.5.peg.1006.site.22, 1, 129, 130
537012.5.peg.1006.site.23, 0, 127, 127
537012.5.peg.1006.site.24, 2, 132, 134
537012.5.peg.1006.site.25, 9, 130, 139
537012.5.peg.1006.site.26, 3, 131, 134
537012.5.peg.1006.site.27, 3, 131, 134
537012.5.peg.1006.site.28, 31, 132, 163
537012.5.peg.1006.site.29, 13, 133, 146
537012.5.peg.1006.site.30, 1, 134, 135
537012.5.peg.1006.site.31, 109, 134, 243
537012.5.peg.1006.site.32, 1, 134, 135
537012.5.peg.1006.site.33, 4, 134, 138
537012.5.peg.1006.site.34, 1, 133, 134
537012.5.peg.1006.site.35, 1, 131, 132
537012.5.peg.1006.site.36, 1, 131, 132
537012.5.peg.1006.site.37, 0, 132, 132
537012.5.peg.1006.site.38, 0, 130, 130
537012.5.peg.1006.site.39, 6, 129, 135
537012.5.peg.1006.site.40, 5, 129, 134
537012.5.peg.1006.site.41, 8, 124, 132
537012.5.peg.1005.site.1, 1, 134, 135
537012.5.peg.1005.site.2, 5, 133, 138
537012.5.peg.1005.site.3, 5, 133, 138
537012.5.peg.1005.site.4, 1, 132, 133
537012.5.peg.1005.site.5, 3, 130, 133
537012.5.peg.1005.site.6, 1, 130, 131
537012.5.peg.1005.site.7, 10, 126, 136
537012.5.peg.1005.site.8, 6, 126, 132
537012.5.peg.1005.site.9, 91, 126, 217
537012.5.peg.1005.site.10, 6, 127, 133
537012.5.peg.1005.site.11, 4, 126, 130
537012.5.peg.1005.site.12, 1, 128, 129
537012.5.peg.1005.site.13, 42, 129, 171
537012.5.peg.1005.site.14, 0, 129, 129
537012.5.peg.1005.site.15, 2, 132, 134
537012.5.peg.1005.site.16, 4, 130, 134
537012.5.peg.1005.site.17, 6, 132, 138
537012.5.peg.1005.site.18, 98, 133, 231
537012.5.peg.1005.site.19, 5, 130, 135
537012.5.peg.1005.site.20, 4, 132, 136
537012.5.peg.1005.site.21, 8, 131, 139
537012.5.peg.1005.site.22, 4, 131, 135
537012.5.peg.1005.site.23, 5, 132, 137
537012.5.peg.1005.site.24, 4, 131, 135
537012.5.peg.1005.site.25, 3, 131, 134
537012.5.peg.1005.site.26, 3, 130, 133
537012.5.peg.1005.site.27, 1, 132, 133
537012.5.peg.1005.site.28, 2, 134, 136
537012.5.peg.1005.site.29, 1, 133, 134
537012.5.peg.1005.site.30, 11, 133, 144
537012.5.peg.1005.site.31, 6, 134, 140
537012.5.peg.1005.site.32, 4, 131, 135
537012.5.peg.1005.site.33, 3, 133, 136
537012.5.peg.1005.site.34, 34, 129, 163
537012.5.peg.1005.site.35, 51, 130, 181
537012.5.peg.1005.site.36, 1, 129, 130
537012.5.peg.1005.site.37, 49, 129, 178
537012.5.peg.1005.site.38, 2, 129, 131
537012.5.peg.1005.site.39, 1, 130, 131
537012.5.peg.1005.site.40, 1, 133, 134
537012.5.peg.1005.site.41, 4, 132, 136
537012.5.peg.1005.site.42, 4, 133, 137
537012.5.peg.1005.site.43, 1, 134, 135
537012.5.peg.1005.site.44, 14, 132, 146
537012.5.peg.1005.site.45, 3, 132, 135
537012.5.peg.1005.site.46, 96, 131, 227
537012.5.peg.1005.site.47, 1, 116, 117
537012.5.peg.850.site.1, 2, 130, 132
537012.5.peg.850.site.2, 6, 130, 136
537012.5.peg.850.site.3, 3, 130, 133
537012.5.peg.850.site.4, 42, 127, 169
537012.5.peg.850.site.5, 7, 129, 136
537012.5.peg.850.site.6, 12, 129, 141
537012.5.peg.850.site.7, 7, 130, 137
537012.5.peg.850.site.8, 82, 125, 207
537012.5.peg.850.site.9, 5, 127, 132
537012.5.peg.850.site.10, 6, 128, 134
537012.5.peg.850.site.11, 6, 128, 134
537012.5.peg.850.site.12, 2, 125, 127
537012.5.peg.850.site.13, 2, 128, 130
537012.5.peg.850.site.14, 1, 129, 130
537012.5.peg.850.site.15, 1, 128, 129
537012.5.peg.850.site.16, 1, 129, 130
537012.5.peg.850.site.17, 1, 130, 131
537012.5.peg.850.site.18, 2, 130, 132
537012.5.peg.850.site.19, 0, 129, 129
537012.5.peg.850.site.20, 0, 128, 128
537012.5.peg.850.site.21, 1, 129, 130
537012.5.peg.850.site.22, 10, 130, 140
537012.5.peg.850.site.23, 1, 131, 132
537012.5.peg.850.site.24, 6, 132, 138
537012.5.peg.850.site.25, 2, 128, 130
537012.5.peg.850.site.26, 3, 130, 133
537012.5.peg.850.site.27, 5, 129, 134
537012.5.peg.850.site.28, 3, 130, 133
537012.5.peg.850.site.29, 1, 131, 132
537012.5.peg.850.site.30, 3, 127, 130
537012.5.peg.850.site.31, 0, 128, 128
537012.5.peg.850.site.32, 3, 128, 131
537012.5.peg.850.site.33, 8, 130, 138
537012.5.peg.850.site.34, 70, 130, 200
537012.5.peg.850.site.35, 3, 131, 134
537012.5.peg.850.site.36, 3, 130, 133
537012.5.peg.850.site.37, 3, 132, 135
537012.5.peg.850.site.38, 25, 132, 157
537012.5.peg.850.site.39, 19, 133, 152
537012.5.peg.850.site.40, 7, 132, 139
537012.5.peg.850.site.41, 1, 132, 133
537012.5.peg.850.site.42, 2, 129, 131
537012.5.peg.850.site.43, 1, 130, 131
537012.5.peg.850.site.44, 68, 128, 196
537012.5.peg.850.site.45, 5, 134, 139
537012.5.peg.850.site.46, 5, 134, 139
537012.5.peg.850.site.47, 9, 134, 143
537012.5.peg.850.site.48, 1, 133, 134
537012.5.peg.850.site.49, 2, 133, 135
537012.5.peg.850.site.50, 117, 128, 245
537012.5.peg.850.site.51, 1, 134, 135
537012.5.peg.850.site.52, 0, 129, 129
537012.5.peg.850.site.53, 126, 130, 256
537012.5.peg.850.site.54, 19, 131, 150
537012.5.peg.850.site.55, 21, 129, 150
537012.5.peg.850.site.56, 1, 132, 133
537012.5.peg.850.site.57, 17, 134, 151
537012.5.peg.850.site.58, 3, 130, 133
537012.5.peg.850.site.59, 4, 129, 133
537012.5.peg.850.site.60, 12, 132, 144
537012.5.peg.850.site.61, 7, 133, 140
537012.5.peg.850.site.62, 20, 134, 154
537012.5.peg.850.site.63, 72, 133, 205
537012.5.peg.850.site.64, 0, 134, 134
537012.5.peg.850.site.65, 1, 133, 134
537012.5.peg.850.site.66, 41, 132, 173
537012.5.peg.850.site.67, 1, 133, 134
537012.5.peg.850.site.68, 21, 133, 154
537012.5.peg.850.site.69, 9, 130, 139
537012.5.peg.850.site.70, 0, 132, 132
537012.5.peg.850.site.71, 10, 131, 141
537012.5.peg.850.site.72, 0, 131, 131
537012.5.peg.850.site.73, 96, 133, 229
537012.5.peg.850.site.74, 1, 131, 132
537012.5.peg.850.site.75, 1, 132, 133
537012.5.peg.850.site.76, 0, 130, 130
537012.5.peg.852.site.1, 7, 128, 135
537012.5.peg.852.site.2, 5, 128, 133
537012.5.peg.852.site.3, 28, 127, 155
537012.5.peg.852.site.4, 0, 129, 129
537012.5.peg.852.site.5, 2, 130, 132
537012.5.peg.852.site.6, 2, 130, 132
537012.5.peg.852.site.7, 0, 133, 133
537012.5.peg.852.site.8, 19, 133, 152
537012.5.peg.852.site.9, 6, 133, 139
537012.5.peg.852.site.10, 4, 134, 138
537012.5.peg.852.site.11, 1, 133, 134
537012.5.peg.852.site.12, 1, 134, 135
537012.5.peg.852.site.13, 1, 134, 135
537012.5.peg.852.site.14, 91, 133, 224
537012.5.peg.852.site.15, 1, 134, 135
537012.5.peg.852.site.16, 112, 133, 245
537012.5.peg.852.site.17, 0, 134, 134
537012.5.peg.852.site.18, 5, 133, 138
537012.5.peg.852.site.19, 5, 134, 139
537012.5.peg.852.site.20, 2, 134, 136
537012.5.peg.852.site.21, 11, 132, 143
537012.5.peg.852.site.22, 21, 134, 155
537012.5.peg.852.site.23, 11, 132, 143
537012.5.peg.852.site.24, 7, 134, 141
537012.5.peg.852.site.25, 1, 134, 135
537012.5.peg.852.site.26, 1, 134, 135
537012.5.peg.852.site.27, 38, 133, 171
537012.5.peg.852.site.28, 4, 131, 135
537012.5.peg.852.site.29, 18, 131, 149
537012.5.peg.852.site.30, 3, 133, 136
537012.5.peg.852.site.31, 1, 134, 135
537012.5.peg.852.site.32, 69, 134, 203
537012.5.peg.852.site.33, 2, 134, 136
537012.5.peg.853.site.1, 19, 132, 151
537012.5.peg.853.site.2, 75, 131, 206
537012.5.peg.853.site.3, 2, 133, 135
537012.5.peg.853.site.4, 2, 133, 135
537012.5.peg.853.site.5, 41, 129, 170
537012.5.peg.853.site.6, 4, 131, 135
537012.5.peg.853.site.7, 1, 132, 133
537012.5.peg.853.site.8, 2, 129, 131
537012.5.peg.853.site.9, 73, 131, 204
537012.5.peg.853.site.10, 2, 129, 131
537012.5.peg.853.site.11, 6, 130, 136
537012.5.peg.853.site.12, 1, 131, 132
537012.5.peg.853.site.13, 2, 131, 133
537012.5.peg.853.site.14, 10, 130, 140
537012.5.peg.853.site.15, 0, 130, 130
537012.5.peg.853.site.16, 1, 130, 131
537012.5.peg.853.site.17, 13, 130, 143
537012.5.peg.853.site.18, 23, 127, 150
537012.5.peg.853.site.19, 74, 130, 204
537012.5.peg.853.site.20, 12, 132, 144
537012.5.peg.853.site.21, 3, 133, 136
537012.5.peg.853.site.22, 66, 130, 196
537012.5.peg.853.site.23, 3, 134, 137
537012.5.peg.853.site.24, 1, 134, 135
537012.5.peg.853.site.25, 3, 133, 136
537012.5.peg.853.site.26, 1, 133, 134
537012.5.peg.853.site.27, 3, 133, 136
537012.5.peg.853.site.28, 5, 131, 136
537012.5.peg.853.site.29, 1, 131, 132
537012.5.peg.853.site.30, 2, 132, 134
537012.5.peg.853.site.31, 9, 129, 138
537012.5.peg.853.site.32, 0, 130, 130
537012.5.peg.853.site.33, 4, 131, 135
537012.5.peg.853.site.34, 0, 130, 130
537012.5.peg.853.site.35, 5, 130, 135
537012.5.peg.853.site.36, 0, 129, 129
537012.5.peg.853.site.37, 2, 130, 132
537012.5.peg.853.site.38, 2, 129, 131
537012.5.peg.853.site.39, 2, 128, 130
537012.5.peg.853.site.40, 8, 128, 136
537012.5.peg.853.site.41, 0, 129, 129
537012.5.peg.853.site.42, 1, 131, 132
537012.5.peg.853.site.43, 2, 130, 132
537012.5.peg.853.site.44, 1, 131, 132
537012.5.peg.853.site.45, 24, 128, 152
537012.5.peg.853.site.46, 3, 122, 125
537012.5.peg.853.site.47, 1, 123, 124
537012.5.peg.853.site.48, 3, 124, 127
537012.5.peg.853.site.49, 1, 125, 126
537012.5.peg.853.site.50, 5, 124, 129
537012.5.peg.853.site.51, 31, 129, 160
537012.5.peg.853.site.52, 10, 130, 140
537012.5.peg.853.site.53, 51, 130, 181
537012.5.peg.853.site.54, 0, 131, 131
537012.5.peg.854.site.1, 4, 129, 133
537012.5.peg.854.site.2, 2, 131, 133
537012.5.peg.854.site.3, 3, 131, 134
537012.5.peg.854.site.4, 1, 130, 131
537012.5.peg.854.site.5, 8, 127, 135
537012.5.peg.854.site.6, 1, 128, 129
537012.5.peg.854.site.7, 1, 129, 130
537012.5.peg.854.site.8, 1, 129, 130
537012.5.peg.854.site.9, 3, 129, 132
537012.5.peg.854.site.10, 2, 128, 130
537012.5.peg.854.site.11, 4, 127, 131
537012.5.peg.854.site.12, 113, 126, 239
537012.5.peg.854.site.13, 1, 127, 128
537012.5.peg.854.site.14, 19, 130, 149
537012.5.peg.854.site.15, 5, 129, 134
537012.5.peg.854.site.16, 2, 130, 132
537012.5.peg.854.site.17, 21, 130, 151
537012.5.peg.854.site.18, 23, 128, 151
537012.5.peg.854.site.19, 6, 127, 133
537012.5.peg.854.site.20, 41, 129, 170
537012.5.peg.854.site.21, 5, 128, 133
537012.5.peg.854.site.22, 0, 128, 128
537012.5.peg.854.site.23, 4, 127, 131
537012.5.peg.854.site.24, 33, 128, 161
537012.5.peg.854.site.25, 0, 114, 114
537012.5.peg.854.site.26, 1, 114, 115
537012.5.peg.854.site.27, 1, 115, 116
537012.5.peg.854.site.28, 10, 114, 124
537012.5.peg.854.site.29, 16, 55, 71
537012.5.peg.2028.site.1, 1, 134, 135
537012.5.peg.2028.site.2, 4, 134, 138
537012.5.peg.2028.site.3, 1, 133, 134
537012.5.peg.2028.site.4, 6, 134, 140
537012.5.peg.2028.site.5, 2, 133, 135
537012.5.peg.2028.site.6, 11, 134, 145
537012.5.peg.2028.site.7, 4, 132, 136
537012.5.peg.2028.site.8, 11, 132, 143
537012.5.peg.2028.site.9, 4, 131, 135
537012.5.peg.2028.site.10, 6, 134, 140
537012.5.peg.2028.site.11, 3, 134, 137
537012.5.peg.2028.site.12, 2, 134, 136
537012.5.peg.2028.site.13, 6, 134, 140
537012.5.peg.2028.site.14, 3, 133, 136
537012.5.peg.2028.site.15, 1, 134, 135
537012.5.peg.2028.site.16, 4, 133, 137
537012.5.peg.2028.site.17, 4, 133, 137
537012.5.peg.2028.site.18, 9, 134, 143
537012.5.peg.2028.site.19, 39, 133, 172
537012.5.peg.2028.site.20, 28, 133, 161
537012.5.peg.2028.site.21, 11, 132, 143
537012.5.peg.2028.site.22, 2, 134, 136
537012.5.peg.2028.site.23, 0, 134, 134
537012.5.peg.2028.site.24, 11, 132, 143
537012.5.peg.2028.site.25, 11, 132, 143
537012.5.peg.2028.site.26, 1, 134, 135
537012.5.peg.2028.site.27, 6, 133, 139
537012.5.peg.2028.site.28, 0, 134, 134
537012.5.peg.2028.site.29, 48, 131, 179
537012.5.peg.2028.site.30, 0, 133, 133
537012.5.peg.2028.site.31, 2, 134, 136
537012.5.peg.2028.site.32, 14, 134, 148
537012.5.peg.2028.site.33, 1, 134, 135
537012.5.peg.2028.site.34, 30, 134, 164
537012.5.peg.2028.site.35, 14, 134, 148
537012.5.peg.2028.site.36, 6, 134, 140
537012.5.peg.2028.site.37, 1, 133, 134
537012.5.peg.2028.site.38, 12, 132, 144
537012.5.peg.2028.site.39, 11, 131, 142
537012.5.peg.2028.site.40, 11, 132, 143
537012.5.peg.2028.site.41, 10, 131, 141
537012.5.peg.2028.site.42, 3, 133, 136
537012.5.peg.2028.site.43, 3, 133, 136
537012.5.peg.2028.site.44, 2, 133, 135
537012.5.peg.2028.site.45, 1, 133, 134
537012.5.peg.2028.site.46, 3, 131, 134
537012.5.peg.2028.site.47, 1, 134, 135
537012.5.peg.2028.site.48, 5, 133, 138
537012.5.peg.2028.site.49, 7, 133, 140
537012.5.peg.2028.site.50, 6, 133, 139
537012.5.peg.2028.site.51, 7, 133, 140
537012.5.peg.2028.site.52, 117, 133, 250
537012.5.peg.2028.site.53, 6, 134, 140
537012.5.peg.2028.site.54, 132, 134, 266
537012.5.peg.2028.site.55, 1, 134, 135
537012.5.peg.2028.site.56, 6, 133, 139
537012.5.peg.2028.site.57, 0, 132, 132
537012.5.peg.2028.site.58, 2, 134, 136
537012.5.peg.2028.site.59, 3, 134, 137
537012.5.peg.2028.site.60, 2, 134, 136
537012.5.peg.2028.site.61, 0, 134, 134
537012.5.peg.2028.site.62, 1, 134, 135
537012.5.peg.2028.site.63, 7, 134, 141
537012.5.peg.2028.site.64, 4, 133, 137
537012.5.peg.2028.site.65, 6, 133, 139
537012.5.peg.2028.site.66, 6, 133, 139
537012.5.peg.2028.site.67, 31, 132, 163
537012.5.peg.2028.site.68, 3, 134, 137
537012.5.peg.2028.site.69, 1, 134, 135
537012.5.peg.2028.site.70, 17, 133, 150
537012.5.peg.2028.site.71, 1, 134, 135
537012.5.peg.2028.site.72, 3, 134, 137
537012.5.peg.2028.site.73, 6, 133, 139
537012.5.peg.2028.site.74, 74, 130, 204
537012.5.peg.2028.site.75, 19, 128, 147
537012.5.peg.2028.site.76, 0, 129, 129
537012.5.peg.2028.site.77, 19, 127, 146
537012.5.peg.2029.site.1, 1, 131, 132
537012.5.peg.2029.site.2, 17, 133, 150
537012.5.peg.2029.site.3, 0, 133, 133
537012.5.peg.2029.site.4, 19, 131, 150
537012.5.peg.2029.site.5, 7, 131, 138
537012.5.peg.2029.site.6, 1, 129, 130
537012.5.peg.2029.site.7, 1, 132, 133
537012.5.peg.2029.site.8, 90, 132, 222
537012.5.peg.2029.site.9, 6, 133, 139
537012.5.peg.2029.site.10, 6, 133, 139
537012.5.peg.2029.site.11, 118, 131, 249
537012.5.peg.2029.site.12, 1, 132, 133
537012.5.peg.2029.site.13, 27, 133, 160
537012.5.peg.2029.site.14, 0, 133, 133
537012.5.peg.2029.site.15, 13, 132, 145
537012.5.peg.2029.site.16, 2, 133, 135
537012.5.peg.2029.site.17, 6, 133, 139
537012.5.peg.2029.site.18, 3, 133, 136
537012.5.peg.2029.site.19, 5, 133, 138
537012.5.peg.2029.site.20, 95, 132, 227
537012.5.peg.2029.site.21, 85, 132, 217
537012.5.peg.2029.site.22, 13, 132, 145
537012.5.peg.2029.site.23, 5, 131, 136
537012.5.peg.2029.site.24, 1, 133, 134
537012.5.peg.2029.site.25, 10, 131, 141
537012.5.peg.2029.site.26, 42, 126, 168
537012.5.peg.2029.site.27, 4, 126, 130
537012.5.peg.2029.site.28, 7, 127, 134
537012.5.peg.2029.site.29, 6, 125, 131
537012.5.peg.2029.site.30, 3, 127, 130
537012.5.peg.2029.site.31, 2, 129, 131
537012.5.peg.2029.site.32, 6, 133, 139
537012.5.peg.2029.site.33, 6, 133, 139
537012.5.peg.2029.site.34, 6, 133, 139
537012.5.peg.2029.site.35, 34, 131, 165
537012.5.peg.2029.site.36, 0, 133, 133
537012.5.peg.2029.site.37, 0, 133, 133
537012.5.peg.2024.site.1, 65, 131, 196
537012.5.peg.2024.site.2, 4, 131, 135
537012.5.peg.2024.site.3, 8, 133, 141
537012.5.peg.2024.site.4, 4, 130, 134
537012.5.peg.2024.site.5, 9, 133, 142
537012.5.peg.2024.site.6, 5, 133, 138
537012.5.peg.2024.site.7, 17, 131, 148
537012.5.peg.2024.site.8, 9, 133, 142
537012.5.peg.2024.site.9, 4, 131, 135
537012.5.peg.2024.site.10, 9, 132, 141
537012.5.peg.2024.site.11, 6, 133, 139
537012.5.peg.2024.site.12, 10, 131, 141
537012.5.peg.2024.site.13, 5, 131, 136
537012.5.peg.2024.site.14, 14, 133, 147
537012.5.peg.2024.site.15, 3, 133, 136
537012.5.peg.2024.site.16, 1, 133, 134
537012.5.peg.2024.site.17, 4, 132, 136
537012.5.peg.2024.site.18, 4, 132, 136
537012.5.peg.2024.site.19, 4, 130, 134
537012.5.peg.2024.site.20, 4, 132, 136
537012.5.peg.2024.site.21, 2, 133, 135
537012.5.peg.2024.site.22, 0, 132, 132
537012.5.peg.2024.site.23, 9, 131, 140
537012.5.peg.2024.site.24, 18, 130, 148
537012.5.peg.2024.site.25, 6, 131, 137
537012.5.peg.2024.site.26, 12, 130, 142
537012.5.peg.2024.site.27, 9, 130, 139
537012.5.peg.2024.site.28, 0, 131, 131
537012.5.peg.2024.site.29, 4, 130, 134
537012.5.peg.2024.site.30, 11, 133, 144
537012.5.peg.2024.site.31, 21, 132, 153
537012.5.peg.2024.site.32, 0, 133, 133
537012.5.peg.2024.site.33, 83, 132, 215
537012.5.peg.2024.site.34, 88, 127, 215
537012.5.peg.2024.site.35, 3, 130, 133
537012.5.peg.2024.site.36, 7, 131, 138
537012.5.peg.2024.site.37, 29, 132, 161
537012.5.peg.2024.site.38, 5, 131, 136
537012.5.peg.2024.site.39, 11, 132, 143
537012.5.peg.2024.site.40, 2, 133, 135
537012.5.peg.2024.site.41, 1, 132, 133
537012.5.peg.2024.site.42, 5, 132, 137
537012.5.peg.2024.site.43, 4, 132, 136
537012.5.peg.2024.site.44, 0, 133, 133
537012.5.peg.2024.site.45, 5, 132, 137
537012.5.peg.2024.site.46, 3, 133, 136
537012.5.peg.2024.site.47, 10, 133, 143
537012.5.peg.2024.site.48, 10, 131, 141
537012.5.peg.2024.site.49, 4, 130, 134
537012.5.peg.2024.site.50, 10, 131, 141
537012.5.peg.2024.site.51, 4, 130, 134
537012.5.peg.2024.site.52, 0, 132, 132
537012.5.peg.2024.site.53, 3, 129, 132
537012.5.peg.2024.site.54, 34, 132, 166
537012.5.peg.2024.site.55, 4, 130, 134
537012.5.peg.2024.site.56, 2, 133, 135
537012.5.peg.2024.site.57, 128, 133, 261
537012.5.peg.2024.site.58, 2, 131, 133
537012.5.peg.2024.site.59, 4, 130, 134
537012.5.peg.2024.site.60, 66, 131, 197
537012.5.peg.2024.site.61, 0, 132, 132
537012.5.peg.2024.site.62, 3, 132, 135
537012.5.peg.2024.site.63, 9, 133, 142
537012.5.peg.2024.site.64, 2, 133, 135
537012.5.peg.2024.site.65, 5, 131, 136
537012.5.peg.2024.site.66, 17, 131, 148
537012.5.peg.2024.site.67, 4, 130, 134
537012.5.peg.2024.site.68, 4, 130, 134
537012.5.peg.2024.site.69, 5, 131, 136
537012.5.peg.2024.site.70, 1, 133, 134
537012.5.peg.2024.site.71, 31, 131, 162
537012.5.peg.2024.site.72, 62, 130, 192
537012.5.peg.2024.site.73, 102, 132, 234
537012.5.peg.2024.site.74, 3, 132, 135
537012.5.peg.2024.site.75, 3, 131, 134
537012.5.peg.2024.site.76, 2, 128, 130
537012.5.peg.2024.site.77, 6, 133, 139
537012.5.peg.2024.site.78, 9, 129, 138
537012.5.peg.2024.site.79, 39, 132, 171
537012.5.peg.2024.site.80, 3, 133, 136
537012.5.peg.2024.site.81, 2, 133, 135
537012.5.peg.2024.site.82, 13, 133, 146
537012.5.peg.2024.site.83, 38, 131, 169
537012.5.peg.2024.site.84, 6, 133, 139
537012.5.peg.2024.site.85, 2, 128, 130
537012.5.peg.2024.site.86, 3, 125, 128
537012.5.peg.2024.site.87, 0, 123, 123
537012.5.peg.2024.site.88, 6, 122, 128
537012.5.peg.2024.site.89, 11, 129, 140
537012.5.peg.2024.site.90, 10, 129, 139
537012.5.peg.2024.site.91, 46, 131, 177
537012.5.peg.2024.site.92, 19, 130, 149
537012.5.peg.2024.site.93, 1, 132, 133
537012.5.peg.2024.site.94, 5, 131, 136
537012.5.peg.2024.site.95, 77, 133, 210
537012.5.peg.2024.site.96, 3, 133, 136
537012.5.peg.2024.site.97, 8, 132, 140
537012.5.peg.2024.site.98, 5, 132, 137
537012.5.peg.2024.site.99, 11, 133, 144
537012.5.peg.2024.site.100, 3, 133, 136
537012.5.peg.2024.site.101, 6, 133, 139
537012.5.peg.2024.site.102, 3, 133, 136
537012.5.peg.2024.site.103, 11, 133, 144
537012.5.peg.2024.site.104, 4, 131, 135
537012.5.peg.2024.site.105, 4, 131, 135
537012.5.peg.2024.site.106, 0, 132, 132
537012.5.peg.2024.site.107, 12, 133, 145
537012.5.peg.2024.site.108, 23, 132, 155
537012.5.peg.2024.site.109, 5, 132, 137
537012.5.peg.2024.site.110, 2, 133, 135
537012.5.peg.2024.site.111, 4, 133, 137
537012.5.peg.2024.site.112, 10, 132, 142
537012.5.peg.2024.site.113, 0, 120, 120
537012.5.peg.2025.site.1, 6, 133, 139
537012.5.peg.2025.site.2, 4, 130, 134
537012.5.peg.2025.site.3, 4, 131, 135
537012.5.peg.2025.site.4, 5, 133, 138
537012.5.peg.2025.site.5, 4, 131, 135
537012.5.peg.2025.site.6, 11, 131, 142
537012.5.peg.2025.site.7, 8, 133, 141
537012.5.peg.2025.site.8, 5, 132, 137
537012.5.peg.2025.site.9, 6, 133, 139
537012.5.peg.2025.site.10, 0, 132, 132
537012.5.peg.2025.site.11, 10, 131, 141
537012.5.peg.2025.site.12, 81, 132, 213
537012.5.peg.2025.site.13, 3, 133, 136
537012.5.peg.2025.site.14, 6, 133, 139
537012.5.peg.2025.site.15, 2, 133, 135
537012.5.peg.2025.site.16, 6, 133, 139
537012.5.peg.2025.site.17, 10, 131, 141
537012.5.peg.2025.site.18, 121, 133, 254
537012.5.peg.2025.site.19, 71, 131, 202
537012.5.peg.2025.site.20, 10, 132, 142
537012.5.peg.2025.site.21, 9, 133, 142
537012.5.peg.2025.site.22, 3, 133, 136
537012.5.peg.2025.site.23, 3, 132, 135
537012.5.peg.2025.site.24, 10, 133, 143
537012.5.peg.2025.site.25, 32, 132, 164
537012.5.peg.2025.site.26, 6, 132, 138
537012.5.peg.2025.site.27, 3, 131, 134
537012.5.peg.2025.site.28, 1, 132, 133
537012.5.peg.2025.site.29, 2, 133, 135
537012.5.peg.2025.site.30, 10, 131, 141
537012.5.peg.2025.site.31, 1, 128, 129
537012.5.peg.2025.site.32, 4, 126, 130
537012.5.peg.2025.site.33, 6, 133, 139
537012.5.peg.2025.site.34, 4, 131, 135
537012.5.peg.2025.site.35, 6, 133, 139
537012.5.peg.2025.site.36, 9, 132, 141
537012.5.peg.2025.site.37, 46, 131, 177
537012.5.peg.2025.site.38, 5, 133, 138
537012.5.peg.2025.site.39, 18, 133, 151
537012.5.peg.2025.site.40, 10, 130, 140
537012.5.peg.2025.site.41, 0, 133, 133
537012.5.peg.2025.site.42, 8, 133, 141
537012.5.peg.2025.site.43, 6, 133, 139
537012.5.peg.2025.site.44, 5, 131, 136
537012.5.peg.2025.site.45, 4, 129, 133
537012.5.peg.2025.site.46, 63, 129, 192
537012.5.peg.2025.site.47, 85, 130, 215
537012.5.peg.2025.site.48, 17, 133, 150
537012.5.peg.2025.site.49, 5, 133, 138
537012.5.peg.2025.site.50, 6, 133, 139
537012.5.peg.2025.site.51, 7, 132, 139
537012.5.peg.2025.site.52, 3, 130, 133
537012.5.peg.2025.site.53, 20, 127, 147
537012.5.peg.2026.site.1, 31, 133, 164
537012.5.peg.2026.site.2, 1, 133, 134
537012.5.peg.2026.site.3, 17, 133, 150
537012.5.peg.2026.site.4, 2, 133, 135
537012.5.peg.2026.site.5, 6, 133, 139
537012.5.peg.2026.site.6, 32, 132, 164
537012.5.peg.2026.site.7, 53, 132, 185
537012.5.peg.2026.site.8, 10, 131, 141
537012.5.peg.2026.site.9, 2, 133, 135
537012.5.peg.2026.site.10, 32, 131, 163
537012.5.peg.2026.site.11, 129, 131, 260
537012.5.peg.2026.site.12, 88, 129, 217
537012.5.peg.2026.site.13, 130, 132, 262
537012.5.peg.2026.site.14, 5, 132, 137
537012.5.peg.2026.site.15, 78, 130, 208
537012.5.peg.2026.site.16, 6, 133, 139
537012.5.peg.2026.site.17, 5, 126, 131
537012.5.peg.2026.site.18, 0, 127, 127
537012.5.peg.2026.site.19, 6, 127, 133
537012.5.peg.2026.site.20, 6, 127, 133
537012.5.peg.2026.site.21, 6, 133, 139
537012.5.peg.2026.site.22, 6, 133, 139
537012.5.peg.2026.site.23, 1, 133, 134
537012.5.peg.2026.site.24, 3, 133, 136
537012.5.peg.2026.site.25, 56, 131, 187
537012.5.peg.2026.site.26, 98, 131, 229
537012.5.peg.2026.site.27, 6, 133, 139
537012.5.peg.2026.site.28, 1, 133, 134
537012.5.peg.2026.site.29, 39, 130, 169
537012.5.peg.2026.site.30, 21, 133, 154
537012.5.peg.2026.site.31, 3, 133, 136
537012.5.peg.2026.site.32, 6, 133, 139
537012.5.peg.2020.site.1, 5, 132, 137
537012.5.peg.2020.site.2, 6, 134, 140
537012.5.peg.2020.site.3, 47, 132, 179
537012.5.peg.2020.site.4, 12, 131, 143
537012.5.peg.2020.site.5, 12, 131, 143
537012.5.peg.2020.site.6, 2, 134, 136
537012.5.peg.2020.site.7, 69, 132, 201
537012.5.peg.2020.site.8, 2, 134, 136
537012.5.peg.2020.site.9, 0, 134, 134
537012.5.peg.2020.site.10, 0, 134, 134
537012.5.peg.2020.site.11, 1, 134, 135
537012.5.peg.2020.site.12, 1, 134, 135
537012.5.peg.2020.site.13, 1, 134, 135
537012.5.peg.2020.site.14, 11, 133, 144
537012.5.peg.2020.site.15, 1, 133, 134
537012.5.peg.2020.site.16, 101, 131, 232
537012.5.peg.2020.site.17, 6, 132, 138
537012.5.peg.2020.site.18, 7, 132, 139
537012.5.peg.2020.site.19, 3, 133, 136
537012.5.peg.2020.site.20, 7, 134, 141
537012.5.peg.2020.site.21, 1, 134, 135
537012.5.peg.2020.site.22, 3, 134, 137
537012.5.peg.2020.site.23, 44, 133, 177
537012.5.peg.2020.site.24, 5, 133, 138
537012.5.peg.2020.site.25, 1, 134, 135
537012.5.peg.2020.site.26, 32, 134, 166
537012.5.peg.2020.site.27, 0, 134, 134
537012.5.peg.2020.site.28, 39, 132, 171
537012.5.peg.2020.site.29, 1, 134, 135
537012.5.peg.2020.site.30, 2, 134, 136
537012.5.peg.2020.site.31, 17, 133, 150
537012.5.peg.2020.site.32, 28, 134, 162
537012.5.peg.2020.site.33, 132, 134, 266
537012.5.peg.2020.site.34, 1, 134, 135
537012.5.peg.2020.site.35, 25, 134, 159
537012.5.peg.2020.site.36, 3, 134, 137
537012.5.peg.2020.site.37, 130, 134, 264
537012.5.peg.2020.site.38, 6, 134, 140
537012.5.peg.2020.site.39, 73, 133, 206
537012.5.peg.2020.site.40, 7, 133, 140
537012.5.peg.2020.site.41, 6, 134, 140
537012.5.peg.2020.site.42, 5, 133, 138
537012.5.peg.2020.site.43, 4, 131, 135
537012.5.peg.2020.site.44, 3, 131, 134
537012.5.peg.2021.site.1, 5, 131, 136
537012.5.peg.2021.site.2, 5, 134, 139
537012.5.peg.2021.site.3, 17, 133, 150
537012.5.peg.2021.site.4, 1, 134, 135
537012.5.peg.2021.site.5, 0, 133, 133
537012.5.peg.2021.site.6, 3, 134, 137
537012.5.peg.2021.site.7, 1, 134, 135
537012.5.peg.2021.site.8, 13, 134, 147
537012.5.peg.2021.site.9, 1, 134, 135
537012.5.peg.2021.site.10, 17, 134, 151
537012.5.peg.2021.site.11, 1, 134, 135
537012.5.peg.2021.site.12, 2, 134, 136
537012.5.peg.2021.site.13, 5, 131, 136
537012.5.peg.2021.site.14, 6, 134, 140
537012.5.peg.2021.site.15, 3, 134, 137
537012.5.peg.2021.site.16, 0, 133, 133
537012.5.peg.2021.site.17, 12, 133, 145
537012.5.peg.2021.site.18, 2, 134, 136
537012.5.peg.2021.site.19, 6, 134, 140
537012.5.peg.2021.site.20, 3, 134, 137
537012.5.peg.2021.site.21, 30, 134, 164
537012.5.peg.2021.site.22, 5, 131, 136
537012.5.peg.2021.site.23, 17, 134, 151
537012.5.peg.2021.site.24, 4, 132, 136
537012.5.peg.2021.site.25, 11, 133, 144
537012.5.peg.2021.site.26, 5, 133, 138
537012.5.peg.2021.site.27, 5, 133, 138
537012.5.peg.2021.site.28, 3, 134, 137
537012.5.peg.2021.site.29, 12, 133, 145
537012.5.peg.2021.site.30, 7, 134, 141
537012.5.peg.2021.site.31, 1, 134, 135
537012.5.peg.2021.site.32, 6, 134, 140
537012.5.peg.2021.site.33, 11, 132, 143
537012.5.peg.2021.site.34, 31, 134, 165
537012.5.peg.2021.site.35, 7, 132, 139
537012.5.peg.2021.site.36, 91, 134, 225
537012.5.peg.2021.site.37, 31, 134, 165
537012.5.peg.2021.site.38, 132, 134, 266
537012.5.peg.2021.site.39, 1, 134, 135
537012.5.peg.2021.site.40, 17, 134, 151
537012.5.peg.2021.site.41, 6, 133, 139
537012.5.peg.2021.site.42, 3, 134, 137
537012.5.peg.2021.site.43, 17, 134, 151
537012.5.peg.2021.site.44, 10, 133, 143
537012.5.peg.2021.site.45, 17, 134, 151
537012.5.peg.2021.site.46, 4, 132, 136
537012.5.peg.2021.site.47, 1, 134, 135
537012.5.peg.2021.site.48, 1, 134, 135
537012.5.peg.2021.site.49, 11, 130, 141
537012.5.peg.2021.site.50, 1, 134, 135
537012.5.peg.2021.site.51, 7, 134, 141
537012.5.peg.2021.site.52, 1, 134, 135
537012.5.peg.2021.site.53, 27, 133, 160
537012.5.peg.2021.site.54, 0, 134, 134
537012.5.peg.2021.site.55, 1, 134, 135
537012.5.peg.2021.site.56, 106, 133, 239
537012.5.peg.2023.site.1, 2, 133, 135
537012.5.peg.2023.site.2, 0, 133, 133
537012.5.peg.2023.site.3, 2, 133, 135
537012.5.peg.2023.site.4, 0, 132, 132
537012.5.peg.2023.site.5, 4, 132, 136
537012.5.peg.2023.site.6, 15, 132, 147
537012.5.peg.2023.site.7, 1, 134, 135
537012.5.peg.2023.site.8, 11, 132, 143
537012.5.peg.2023.site.9, 10, 131, 141
537012.5.peg.2023.site.10, 14, 132, 146
537012.5.peg.2023.site.11, 0, 133, 133
537012.5.peg.2023.site.12, 1, 134, 135
537012.5.peg.2023.site.13, 14, 132, 146
537012.5.peg.2023.site.14, 4, 132, 136
537012.5.peg.2023.site.15, 0, 134, 134
537012.5.peg.2023.site.16, 32, 134, 166
537012.5.peg.2023.site.17, 1, 132, 133
537012.5.peg.2023.site.18, 5, 134, 139
537012.5.peg.2023.site.19, 1, 134, 135
537012.5.peg.2023.site.20, 2, 133, 135
537012.5.peg.2023.site.21, 129, 134, 263
537012.5.peg.2023.site.22, 1, 134, 135
537012.5.peg.2023.site.23, 4, 131, 135
537012.5.peg.2023.site.24, 7, 133, 140
537012.5.peg.2023.site.25, 55, 131, 186
537012.5.peg.2023.site.26, 4, 131, 135
537012.5.peg.2023.site.27, 3, 134, 137
537012.5.peg.2023.site.28, 132, 134, 266
537012.5.peg.2023.site.29, 25, 131, 156
537012.5.peg.2023.site.30, 82, 131, 213
537012.5.peg.2023.site.31, 1, 134, 135
537012.5.peg.2023.site.32, 11, 132, 143
537012.5.peg.2023.site.33, 79, 131, 210
537012.5.peg.2023.site.34, 21, 134, 155
537012.5.peg.2023.site.35, 0, 134, 134
537012.5.peg.2023.site.36, 1, 134, 135
537012.5.peg.2023.site.37, 4, 134, 138
537012.5.peg.2023.site.38, 4, 132, 136
537012.5.peg.2023.site.39, 0, 133, 133
537012.5.peg.2023.site.40, 3, 132, 135
537012.5.peg.2023.site.41, 4, 132, 136
537012.5.peg.2023.site.42, 3, 132, 135
537012.5.peg.2023.site.43, 4, 132, 136
537012.5.peg.2023.site.44, 1, 132, 133
537012.5.peg.2023.site.45, 1, 129, 130
537012.5.peg.2023.site.46, 7, 129, 136
537012.5.peg.2023.site.47, 21, 130, 151
537012.5.peg.2023.site.48, 4, 133, 137
537012.5.peg.2023.site.49, 5, 133, 138
537012.5.peg.2023.site.50, 5, 134, 139
537012.5.peg.2023.site.51, 12, 133, 145
537012.5.peg.2023.site.52, 1, 133, 134
537012.5.peg.2023.site.53, 8, 132, 140
537012.5.peg.2023.site.54, 4, 132, 136
537012.5.peg.2023.site.55, 85, 134, 219
537012.5.peg.2023.site.56, 59, 132, 191
537012.5.peg.2023.site.57, 1, 133, 134
537012.5.peg.2023.site.58, 2, 133, 135
537012.5.peg.2023.site.59, 3, 131, 134
537012.5.peg.2023.site.60, 0, 134, 134
537012.5.peg.2023.site.61, 1, 134, 135
537012.5.peg.2023.site.62, 5, 132, 137
537012.5.peg.2023.site.63, 2, 133, 135
537012.5.peg.2023.site.64, 4, 132, 136
537012.5.peg.2023.site.65, 4, 132, 136
537012.5.peg.2023.site.66, 3, 134, 137
537012.5.peg.2023.site.67, 7, 134, 141
537012.5.peg.2023.site.68, 3, 134, 137
537012.5.peg.2023.site.69, 11, 131, 142
537012.5.peg.2023.site.70, 10, 131, 141
537012.5.peg.2023.site.71, 4, 133, 137
537012.5.peg.2023.site.72, 4, 133, 137
537012.5.peg.2023.site.73, 4, 133, 137
537012.5.peg.2023.site.74, 1, 129, 130
537012.5.peg.2023.site.75, 0, 129, 129
537012.5.peg.2023.site.76, 7, 129, 136
537012.5.peg.2023.site.77, 3, 131, 134
537012.5.peg.455.site.1, 1, 133, 134
537012.5.peg.455.site.2, 1, 132, 133
537012.5.peg.455.site.3, 2, 134, 136
537012.5.peg.455.site.4, 5, 133, 138
537012.5.peg.455.site.5, 53, 134, 187
537012.5.peg.455.site.6, 11, 133, 144
537012.5.peg.455.site.7, 1, 134, 135
537012.5.peg.455.site.8, 16, 133, 149
537012.5.peg.455.site.9, 38, 133, 171
537012.5.peg.455.site.10, 2, 134, 136
537012.5.peg.455.site.11, 1, 134, 135
537012.5.peg.455.site.12, 7, 134, 141
537012.5.peg.455.site.13, 3, 133, 136
537012.5.peg.455.site.14, 6, 133, 139
537012.5.peg.455.site.15, 4, 131, 135
537012.5.peg.455.site.16, 3, 133, 136
537012.5.peg.455.site.17, 15, 131, 146
537012.5.peg.455.site.18, 3, 131, 134
537012.5.peg.455.site.19, 3, 130, 133
537012.5.peg.456.site.1, 1, 134, 135
537012.5.peg.456.site.2, 7, 134, 141
537012.5.peg.456.site.3, 2, 134, 136
537012.5.peg.456.site.4, 6, 134, 140
537012.5.peg.456.site.5, 2, 133, 135
537012.5.peg.456.site.6, 72, 131, 203
537012.5.peg.456.site.7, 8, 134, 142
537012.5.peg.456.site.8, 2, 134, 136
537012.5.peg.456.site.9, 7, 134, 141
537012.5.peg.456.site.10, 9, 134, 143
537012.5.peg.456.site.11, 9, 134, 143
537012.5.peg.456.site.12, 1, 134, 135
537012.5.peg.457.site.1, 98, 134, 232
537012.5.peg.457.site.2, 28, 134, 162
537012.5.peg.457.site.3, 116, 129, 245
537012.5.peg.457.site.4, 100, 130, 230
537012.5.peg.457.site.5, 107, 129, 236
537012.5.peg.457.site.6, 1, 127, 128
537012.5.peg.457.site.7, 32, 129, 161
537012.5.peg.457.site.8, 10, 130, 140
537012.5.peg.457.site.9, 1, 130, 131
537012.5.peg.457.site.10, 4, 130, 134
537012.5.peg.457.site.11, 8, 129, 137
537012.5.peg.457.site.12, 22, 129, 151
537012.5.peg.457.site.13, 8, 122, 130
537012.5.peg.457.site.14, 12, 123, 135
537012.5.peg.457.site.15, 12, 122, 134
537012.5.peg.457.site.16, 15, 125, 140
537012.5.peg.457.site.17, 3, 126, 129
537012.5.peg.457.site.18, 6, 128, 134
537012.5.peg.457.site.19, 9, 130, 139
537012.5.peg.457.site.20, 6, 130, 136
537012.5.peg.457.site.21, 105, 126, 231
537012.5.peg.457.site.22, 1, 128, 129
537012.5.peg.457.site.23, 1, 129, 130
537012.5.peg.457.site.24, 9, 130, 139
537012.5.peg.457.site.25, 29, 129, 158
537012.5.peg.457.site.26, 8, 130, 138
537012.5.peg.457.site.27, 4, 131, 135
537012.5.peg.457.site.28, 8, 134, 142
537012.5.peg.457.site.29, 6, 134, 140
537012.5.peg.457.site.30, 10, 134, 144
537012.5.peg.457.site.31, 14, 134, 148
537012.5.peg.457.site.32, 8, 134, 142
537012.5.peg.457.site.33, 0, 132, 132
537012.5.peg.457.site.34, 4, 132, 136
537012.5.peg.457.site.35, 7, 134, 141
537012.5.peg.457.site.36, 2, 134, 136
537012.5.peg.457.site.37, 8, 134, 142
537012.5.peg.457.site.38, 7, 134, 141
537012.5.peg.457.site.39, 0, 134, 134
537012.5.peg.457.site.40, 5, 134, 139
537012.5.peg.457.site.41, 14, 134, 148
537012.5.peg.457.site.42, 2, 132, 134
537012.5.peg.457.site.43, 18, 132, 150
537012.5.peg.457.site.44, 22, 134, 156
537012.5.peg.457.site.45, 22, 132, 154
537012.5.peg.457.site.46, 18, 132, 150
537012.5.peg.457.site.47, 3, 131, 134
537012.5.peg.457.site.48, 3, 134, 137
537012.5.peg.457.site.49, 3, 132, 135
537012.5.peg.457.site.50, 3, 130, 133
537012.5.peg.457.site.51, 72, 129, 201
537012.5.peg.457.site.52, 8, 130, 138
537012.5.peg.457.site.53, 127, 128, 255
537012.5.peg.457.site.54, 129, 130, 259
537012.5.peg.457.site.55, 14, 130, 144
537012.5.peg.457.site.56, 1, 130, 131
537012.5.peg.457.site.57, 7, 130, 137
537012.5.peg.457.site.58, 3, 129, 132
537012.5.peg.457.site.59, 71, 128, 199
537012.5.peg.457.site.60, 1, 129, 130
537012.5.peg.457.site.61, 27, 120, 147
537012.5.peg.457.site.62, 1, 116, 117
537012.5.peg.457.site.63, 0, 110, 110
537012.5.peg.457.site.64, 1, 101, 102
537012.5.peg.457.site.65, 4, 93, 97
537012.5.peg.457.site.66, 4, 85, 89
537012.5.peg.4483.site.1, 40, 69, 109
537012.5.peg.4483.site.2, 49, 78, 127
537012.5.peg.4483.site.3, 29, 81, 110
537012.5.peg.4483.site.4, 86, 88, 174
537012.5.peg.4483.site.5, 4, 84, 88
537012.5.peg.4483.site.6, 25, 83, 108
537012.5.peg.4483.site.7, 1, 81, 82
537012.5.peg.4483.site.8, 55, 70, 125
537012.5.peg.4483.site.9, 6, 81, 87
537012.5.peg.4483.site.10, 28, 102, 130
537012.5.peg.4483.site.11, 8, 109, 117
537012.5.peg.4483.site.12, 77, 111, 188
537012.5.peg.4483.site.13, 2, 113, 115
537012.5.peg.4483.site.14, 28, 117, 145
537012.5.peg.4483.site.15, 1, 119, 120
537012.5.peg.4483.site.16, 21, 122, 143
537012.5.peg.4483.site.17, 1, 123, 124
537012.5.peg.4483.site.18, 122, 125, 247
537012.5.peg.4483.site.19, 41, 125, 166
537012.5.peg.4483.site.20, 3, 124, 127
537012.5.peg.4483.site.21, 43, 124, 167
537012.5.peg.4483.site.22, 5, 126, 131
537012.5.peg.4483.site.23, 8, 126, 134
537012.5.peg.4483.site.24, 114, 128, 242
537012.5.peg.4483.site.25, 63, 127, 190
537012.5.peg.4483.site.26, 22, 128, 150
537012.5.peg.4483.site.27, 1, 128, 129
537012.5.peg.4483.site.28, 5, 126, 131
537012.5.peg.4483.site.29, 25, 128, 153
537012.5.peg.4483.site.30, 2, 128, 130
537012.5.peg.4483.site.31, 27, 126, 153
537012.5.peg.4483.site.32, 1, 126, 127
537012.5.peg.4483.site.33, 34, 126, 160
537012.5.peg.4483.site.34, 31, 121, 152
537012.5.peg.4483.site.35, 9, 127, 136
537012.5.peg.4483.site.36, 8, 124, 132
537012.5.peg.4483.site.37, 52, 123, 175
537012.5.peg.4483.site.38, 1, 126, 127
537012.5.peg.4483.site.39, 2, 127, 129
537012.5.peg.4483.site.40, 0, 123, 123
537012.5.peg.4483.site.41, 45, 125, 170
537012.5.peg.4483.site.42, 4, 126, 130
537012.5.peg.4483.site.43, 5, 123, 128
537012.5.peg.4483.site.44, 1, 128, 129
537012.5.peg.4483.site.45, 10, 126, 136
537012.5.peg.4433.site.1, 32, 102, 134
537012.5.peg.4433.site.2, 23, 106, 129
537012.5.peg.4433.site.3, 30, 111, 141
537012.5.peg.4433.site.4, 16, 114, 130
537012.5.peg.4433.site.5, 2, 122, 124
537012.5.peg.4433.site.6, 1, 126, 127
537012.5.peg.4433.site.7, 16, 125, 141
537012.5.peg.4433.site.8, 1, 134, 135
537012.5.peg.4433.site.9, 10, 133, 143
537012.5.peg.4433.site.10, 23, 131, 154
537012.5.peg.4433.site.11, 1, 134, 135
537012.5.peg.4433.site.12, 46, 128, 174
537012.5.peg.4433.site.13, 67, 127, 194
537012.5.peg.4433.site.14, 83, 126, 209
537012.5.peg.4433.site.15, 8, 130, 138
537012.5.peg.4433.site.16, 3, 130, 133
537012.5.peg.4433.site.17, 26, 132, 158
537012.5.peg.4433.site.18, 1, 134, 135
537012.5.peg.4433.site.19, 13, 132, 145
537012.5.peg.4433.site.20, 56, 113, 169
537012.5.peg.4433.site.21, 1, 89, 90
537012.5.peg.2111.site.1, 9, 47, 56
537012.5.peg.2111.site.2, 2, 80, 82
537012.5.peg.2111.site.3, 2, 113, 115
537012.5.peg.2111.site.4, 1, 126, 127
537012.5.peg.2111.site.5, 3, 130, 133
537012.5.peg.2111.site.6, 57, 129, 186
537012.5.peg.2111.site.7, 41, 129, 170
537012.5.peg.2111.site.8, 5, 130, 135
537012.5.peg.2111.site.9, 77, 129, 206
537012.5.peg.2111.site.10, 1, 130, 131
537012.5.peg.2111.site.11, 0, 129, 129
537012.5.peg.2111.site.12, 1, 129, 130
537012.5.peg.2111.site.13, 1, 128, 129
537012.5.peg.2111.site.14, 10, 128, 138
537012.5.peg.2111.site.15, 18, 127, 145
537012.5.peg.2111.site.16, 20, 127, 147
537012.5.peg.2111.site.17, 4, 130, 134
537012.5.peg.2111.site.18, 2, 131, 133
537012.5.peg.2111.site.19, 19, 134, 153
537012.5.peg.2111.site.20, 8, 134, 142
537012.5.peg.2111.site.21, 8, 134, 142
537012.5.peg.2111.site.22, 8, 134, 142
537012.5.peg.2111.site.23, 6, 133, 139
537012.5.peg.2111.site.24, 5, 134, 139
537012.5.peg.2111.site.25, 1, 133, 134
537012.5.peg.2111.site.26, 4, 132, 136
537012.5.peg.2111.site.27, 3, 132, 135
537012.5.peg.2111.site.28, 5, 129, 134
537012.5.peg.2111.site.29, 9, 128, 137
537012.5.peg.2111.site.30, 3, 128, 131
537012.5.peg.2111.site.31, 0, 130, 130
537012.5.peg.2111.site.32, 9, 133, 142
537012.5.peg.2111.site.33, 0, 133, 133
537012.5.peg.2111.site.34, 1, 134, 135
537012.5.peg.2111.site.35, 3, 131, 134
537012.5.peg.2111.site.36, 3, 131, 134
537012.5.peg.2111.site.37, 3, 131, 134
537012.5.peg.2111.site.38, 66, 134, 200
537012.5.peg.2111.site.39, 8, 130, 138
537012.5.peg.2111.site.40, 2, 130, 132
537012.5.peg.2111.site.41, 2, 130, 132
537012.5.peg.2111.site.42, 8, 129, 137
537012.5.peg.2111.site.43, 2, 129, 131
537012.5.peg.2111.site.44, 28, 129, 157
537012.5.peg.2111.site.45, 11, 131, 142
537012.5.peg.2111.site.46, 11, 132, 143
537012.5.peg.2111.site.47, 1, 131, 132
537012.5.peg.2111.site.48, 1, 134, 135
537012.5.peg.2111.site.49, 10, 133, 143
537012.5.peg.2111.site.50, 2, 134, 136
537012.5.peg.2111.site.51, 2, 134, 136
537012.5.peg.2111.site.52, 2, 134, 136
537012.5.peg.2111.site.53, 1, 132, 133
537012.5.peg.2111.site.54, 15, 133, 148
537012.5.peg.2111.site.55, 5, 131, 136
537012.5.peg.2111.site.56, 2, 133, 135
537012.5.peg.2111.site.57, 5, 131, 136
537012.5.peg.2111.site.58, 12, 132, 144
537012.5.peg.2111.site.59, 2, 132, 134
537012.5.peg.2111.site.60, 25, 134, 159
537012.5.peg.2111.site.61, 4, 132, 136
537012.5.peg.2111.site.62, 2, 134, 136
537012.5.peg.2111.site.63, 4, 134, 138
537012.5.peg.2111.site.64, 13, 134, 147
537012.5.peg.2111.site.65, 4, 132, 136
537012.5.peg.2111.site.66, 4, 132, 136
537012.5.peg.2111.site.67, 0, 132, 132
537012.5.peg.2111.site.68, 12, 134, 146
537012.5.peg.2111.site.69, 2, 134, 136
537012.5.peg.2111.site.70, 2, 134, 136
537012.5.peg.2111.site.71, 4, 132, 136
537012.5.peg.2111.site.72, 1, 134, 135
537012.5.peg.2111.site.73, 6, 133, 139
537012.5.peg.2111.site.74, 3, 133, 136
537012.5.peg.2111.site.75, 7, 134, 141
537012.5.peg.2111.site.76, 13, 133, 146
537012.5.peg.2111.site.77, 3, 131, 134
537012.5.peg.2111.site.78, 4, 130, 134
537012.5.peg.2111.site.79, 26, 133, 159
537012.5.peg.2111.site.80, 1, 132, 133
537012.5.peg.2111.site.81, 4, 132, 136
537012.5.peg.2111.site.82, 1, 132, 133
537012.5.peg.2111.site.83, 3, 133, 136
537012.5.peg.2111.site.84, 55, 133, 188
537012.5.peg.2111.site.85, 3, 131, 134
537012.5.peg.2111.site.86, 1, 131, 132
537012.5.peg.2111.site.87, 5, 133, 138
537012.5.peg.2111.site.88, 22, 132, 154
537012.5.peg.2111.site.89, 4, 132, 136
537012.5.peg.2111.site.90, 25, 132, 157
537012.5.peg.2111.site.91, 1, 134, 135
537012.5.peg.2111.site.92, 25, 132, 157
537012.5.peg.2111.site.93, 11, 128, 139
537012.5.peg.2111.site.94, 20, 132, 152
537012.5.peg.2111.site.95, 5, 134, 139
537012.5.peg.2111.site.96, 5, 133, 138
537012.5.peg.2111.site.97, 0, 132, 132
537012.5.peg.2111.site.98, 6, 134, 140
537012.5.peg.2111.site.99, 6, 134, 140
537012.5.peg.2111.site.100, 2, 134, 136
537012.5.peg.2111.site.101, 4, 132, 136
537012.5.peg.2111.site.102, 15, 133, 148
537012.5.peg.2111.site.103, 3, 132, 135
537012.5.peg.2111.site.104, 4, 132, 136
537012.5.peg.2111.site.105, 4, 132, 136
537012.5.peg.2111.site.106, 4, 132, 136
537012.5.peg.2111.site.107, 3, 134, 137
537012.5.peg.2111.site.108, 10, 131, 141
537012.5.peg.2111.site.109, 2, 130, 132
537012.5.peg.2111.site.110, 2, 130, 132
537012.5.peg.2111.site.111, 1, 130, 131
537012.5.peg.2111.site.112, 6, 127, 133
537012.5.peg.2112.site.1, 2, 128, 130
537012.5.peg.2112.site.2, 7, 128, 135
537012.5.peg.2112.site.3, 29, 130, 159
537012.5.peg.2112.site.4, 1, 131, 132
537012.5.peg.2112.site.5, 1, 131, 132
537012.5.peg.2112.site.6, 9, 131, 140
537012.5.peg.2112.site.7, 8, 131, 139
537012.5.peg.2112.site.8, 39, 130, 169
537012.5.peg.2112.site.9, 1, 130, 131
537012.5.peg.2112.site.10, 9, 132, 141
537012.5.peg.2112.site.11, 3, 131, 134
537012.5.peg.2112.site.12, 77, 129, 206
537012.5.peg.2112.site.13, 9, 131, 140
537012.5.peg.2112.site.14, 7, 130, 137
537012.5.peg.2112.site.15, 1, 131, 132
537012.5.peg.2112.site.16, 2, 131, 133
537012.5.peg.2112.site.17, 15, 130, 145
537012.5.peg.2112.site.18, 41, 129, 170
537012.5.peg.2112.site.19, 5, 133, 138
537012.5.peg.2112.site.20, 4, 132, 136
537012.5.peg.2112.site.21, 9, 130, 139
537012.5.peg.2112.site.22, 2, 129, 131
537012.5.peg.2112.site.23, 4, 131, 135
537012.5.peg.2112.site.24, 26, 133, 159
537012.5.peg.2112.site.25, 21, 131, 152
537012.5.peg.2112.site.26, 11, 131, 142
537012.5.peg.2112.site.27, 4, 127, 131
537012.5.peg.2112.site.28, 0, 127, 127
537012.5.peg.2112.site.29, 1, 129, 130
537012.5.peg.2112.site.30, 8, 129, 137
537012.5.peg.2112.site.31, 8, 129, 137
537012.5.peg.2112.site.32, 7, 129, 136
537012.5.peg.2112.site.33, 0, 129, 129
537012.5.peg.2112.site.34, 1, 129, 130
537012.5.peg.2112.site.35, 2, 129, 131
537012.5.peg.2112.site.36, 31, 129, 160
537012.5.peg.2112.site.37, 1, 129, 130
537012.5.peg.2112.site.38, 2, 131, 133
537012.5.peg.2112.site.39, 2, 130, 132
537012.5.peg.2112.site.40, 1, 133, 134
537012.5.peg.2112.site.41, 10, 131, 141
537012.5.peg.2112.site.42, 1, 133, 134
537012.5.peg.2112.site.43, 8, 134, 142
537012.5.peg.2112.site.44, 1, 134, 135
537012.5.peg.2112.site.45, 2, 134, 136
537012.5.peg.2112.site.46, 1, 134, 135
537012.5.peg.2112.site.47, 7, 134, 141
537012.5.peg.2112.site.48, 0, 134, 134
537012.5.peg.2112.site.49, 1, 134, 135
537012.5.peg.2112.site.50, 4, 132, 136
537012.5.peg.2112.site.51, 1, 134, 135
537012.5.peg.2112.site.52, 4, 131, 135
537012.5.peg.2112.site.53, 0, 131, 131
537012.5.peg.2112.site.54, 1, 132, 133
537012.5.peg.2112.site.55, 2, 132, 134
537012.5.peg.2112.site.56, 11, 132, 143
537012.5.peg.2112.site.57, 11, 131, 142
537012.5.peg.2112.site.58, 1, 132, 133
537012.5.peg.2112.site.59, 10, 130, 140
537012.5.peg.2112.site.60, 1, 132, 133
537012.5.peg.2112.site.61, 4, 134, 138
537012.5.peg.2113.site.1, 2, 124, 126
537012.5.peg.2113.site.2, 76, 122, 198
537012.5.peg.2113.site.3, 109, 122, 231
537012.5.peg.2113.site.4, 0, 122, 122
537012.5.peg.2113.site.5, 4, 127, 131
537012.5.peg.2113.site.6, 5, 129, 134
537012.5.peg.2114.site.1, 0, 121, 121
537012.5.peg.2114.site.2, 0, 120, 120
537012.5.peg.2114.site.3, 2, 134, 136
537012.5.peg.2114.site.4, 2, 131, 133
537012.5.peg.2114.site.5, 1, 132, 133
537012.5.peg.2114.site.6, 1, 130, 131
537012.5.peg.2114.site.7, 1, 130, 131
537012.5.peg.2114.site.8, 1, 130, 131
537012.5.peg.2114.site.9, 2, 128, 130
537012.5.peg.2114.site.10, 2, 128, 130
537012.5.peg.2114.site.11, 1, 127, 128
537012.5.peg.2114.site.12, 2, 130, 132
537012.5.peg.2114.site.13, 2, 129, 131
537012.5.peg.2114.site.14, 4, 133, 137
537012.5.peg.2114.site.15, 1, 130, 131
537012.5.peg.2114.site.16, 1, 130, 131
537012.5.peg.2114.site.17, 4, 130, 134
537012.5.peg.2114.site.18, 1, 129, 130
537012.5.peg.2114.site.19, 1, 129, 130
537012.5.peg.2114.site.20, 4, 129, 133
537012.5.peg.2114.site.21, 10, 130, 140
537012.5.peg.2114.site.22, 3, 129, 132
537012.5.peg.2114.site.23, 9, 129, 138
537012.5.peg.2114.site.24, 20, 129, 149
537012.5.peg.2114.site.25, 4, 128, 132
537012.5.peg.2114.site.26, 1, 130, 131
537012.5.peg.2114.site.27, 0, 129, 129
537012.5.peg.2114.site.28, 7, 132, 139
537012.5.peg.2114.site.29, 2, 133, 135
537012.5.peg.2114.site.30, 5, 133, 138
537012.5.peg.2114.site.31, 4, 134, 138
537012.5.peg.2114.site.32, 4, 133, 137
537012.5.peg.2114.site.33, 14, 132, 146
537012.5.peg.2114.site.34, 4, 133, 137
537012.5.peg.2114.site.35, 4, 132, 136
537012.5.peg.2114.site.36, 3, 134, 137
537012.5.peg.2114.site.37, 4, 132, 136
537012.5.peg.2114.site.38, 2, 133, 135
537012.5.peg.2114.site.39, 10, 134, 144
537012.5.peg.2114.site.40, 4, 132, 136
537012.5.peg.2114.site.41, 4, 133, 137
537012.5.peg.2114.site.42, 4, 132, 136
537012.5.peg.2114.site.43, 3, 131, 134
537012.5.peg.2114.site.44, 3, 134, 137
537012.5.peg.2114.site.45, 3, 133, 136
537012.5.peg.2114.site.46, 2, 133, 135
537012.5.peg.2114.site.47, 8, 132, 140
537012.5.peg.2114.site.48, 2, 133, 135
537012.5.peg.2114.site.49, 24, 132, 156
537012.5.peg.2114.site.50, 4, 132, 136
537012.5.peg.2114.site.51, 4, 131, 135
537012.5.peg.2114.site.52, 3, 134, 137
537012.5.peg.2114.site.53, 1, 134, 135
537012.5.peg.2114.site.54, 4, 132, 136
537012.5.peg.2114.site.55, 4, 134, 138
537012.5.peg.2114.site.56, 6, 130, 136
537012.5.peg.2114.site.57, 5, 134, 139
537012.5.peg.2114.site.58, 7, 134, 141
537012.5.peg.2114.site.59, 11, 133, 144
537012.5.peg.2114.site.60, 11, 132, 143
537012.5.peg.2114.site.61, 9, 134, 143
537012.5.peg.2114.site.62, 9, 130, 139
537012.5.peg.2114.site.63, 4, 134, 138
537012.5.peg.2114.site.64, 6, 133, 139
537012.5.peg.2114.site.65, 9, 131, 140
537012.5.peg.2114.site.66, 15, 132, 147
537012.5.peg.2114.site.67, 4, 132, 136
537012.5.peg.2114.site.68, 3, 133, 136
537012.5.peg.2114.site.69, 85, 134, 219
537012.5.peg.2114.site.70, 3, 134, 137
537012.5.peg.2114.site.71, 5, 133, 138
537012.5.peg.2114.site.72, 3, 133, 136
537012.5.peg.2114.site.73, 3, 133, 136
537012.5.peg.2115.site.1, 2, 132, 134
537012.5.peg.2115.site.2, 6, 134, 140
537012.5.peg.2115.site.3, 17, 134, 151
537012.5.peg.2115.site.4, 1, 134, 135
537012.5.peg.2115.site.5, 4, 131, 135
537012.5.peg.2115.site.6, 13, 132, 145
537012.5.peg.2117.site.1, 3, 124, 127
537012.5.peg.2117.site.2, 3, 125, 128
537012.5.peg.2117.site.3, 124, 125, 249
537012.5.peg.2117.site.4, 4, 122, 126
537012.5.peg.2117.site.5, 4, 126, 130
537012.5.peg.2117.site.6, 7, 124, 131
537012.5.peg.2117.site.7, 4, 125, 129
537012.5.peg.2117.site.8, 4, 125, 129
537012.5.peg.2117.site.9, 1, 124, 125
537012.5.peg.2117.site.10, 2, 125, 127
537012.5.peg.2117.site.11, 4, 125, 129
537012.5.peg.2117.site.12, 4, 126, 130
537012.5.peg.2117.site.13, 4, 124, 128
537012.5.peg.2117.site.14, 4, 125, 129
537012.5.peg.2117.site.15, 2, 125, 127
537012.5.peg.2117.site.16, 2, 126, 128
537012.5.peg.2117.site.17, 0, 126, 126
537012.5.peg.2117.site.18, 0, 123, 123
537012.5.peg.2117.site.19, 5, 123, 128
537012.5.peg.2117.site.20, 12, 122, 134
537012.5.peg.2117.site.21, 3, 124, 127
537012.5.peg.2117.site.22, 12, 125, 137
537012.5.peg.2117.site.23, 1, 125, 126
537012.5.peg.2117.site.24, 4, 127, 131
537012.5.peg.2117.site.25, 2, 127, 129
537012.5.peg.2117.site.26, 5, 126, 131
537012.5.peg.2117.site.27, 5, 126, 131
537012.5.peg.2117.site.28, 3, 124, 127
537012.5.peg.2117.site.29, 5, 127, 132
537012.5.peg.2117.site.30, 2, 125, 127
537012.5.peg.2117.site.31, 1, 123, 124
537012.5.peg.2117.site.32, 29, 124, 153
537012.5.peg.2117.site.33, 0, 121, 121
537012.5.peg.2117.site.34, 0, 122, 122
537012.5.peg.2117.site.35, 0, 122, 122
537012.5.peg.2117.site.36, 4, 124, 128
537012.5.peg.2117.site.37, 3, 123, 126
537012.5.peg.2117.site.38, 2, 122, 124
537012.5.peg.2117.site.39, 1, 125, 126
537012.5.peg.2117.site.40, 4, 125, 129
537012.5.peg.2117.site.41, 4, 125, 129
537012.5.peg.2117.site.42, 4, 125, 129
537012.5.peg.2119.site.1, 1, 123, 124
537012.5.peg.2119.site.2, 117, 123, 240
537012.5.peg.2119.site.3, 0, 123, 123
537012.5.peg.2119.site.4, 120, 122, 242
537012.5.peg.2119.site.5, 0, 121, 121
537012.5.peg.2119.site.6, 0, 123, 123
537012.5.peg.2119.site.7, 121, 123, 244
537012.5.peg.2119.site.8, 0, 122, 122
537012.5.peg.2119.site.9, 0, 124, 124
537012.5.peg.2119.site.10, 77, 120, 197
537012.5.peg.2119.site.11, 101, 123, 224
537012.5.peg.2119.site.12, 4, 122, 126
537012.5.peg.2119.site.13, 1, 123, 124
537012.5.peg.2119.site.14, 3, 126, 129
537012.5.peg.2119.site.15, 14, 126, 140
537012.5.peg.2119.site.16, 42, 124, 166
537012.5.peg.2119.site.17, 126, 127, 253
537012.5.peg.2119.site.18, 20, 123, 143
537012.5.peg.2119.site.19, 2, 123, 125
537012.5.peg.2119.site.20, 5, 124, 129
537012.5.peg.2119.site.21, 4, 123, 127
537012.5.peg.2119.site.22, 98, 122, 220
537012.5.peg.2119.site.23, 1, 122, 123
537012.5.peg.2119.site.24, 2, 123, 125
537012.5.peg.2119.site.25, 1, 123, 124
537012.5.peg.2119.site.26, 61, 124, 185
537012.5.peg.2119.site.27, 2, 123, 125
537012.5.peg.2119.site.28, 23, 123, 146
537012.5.peg.2119.site.29, 1, 122, 123
537012.5.peg.2119.site.30, 0, 122, 122
537012.5.peg.2119.site.31, 80, 121, 201
537012.5.peg.2119.site.32, 3, 123, 126
537012.5.peg.2119.site.33, 21, 122, 143
537012.5.peg.3542.site.1, 4, 132, 136
537012.5.peg.3542.site.2, 80, 133, 213
537012.5.peg.3542.site.3, 7, 129, 136
537012.5.peg.3542.site.4, 4, 131, 135
537012.5.peg.3542.site.5, 1, 132, 133
537012.5.peg.3542.site.6, 0, 132, 132
537012.5.peg.3542.site.7, 6, 133, 139
537012.5.peg.3542.site.8, 2, 134, 136
537012.5.peg.3542.site.9, 5, 133, 138
537012.5.peg.3542.site.10, 4, 131, 135
537012.5.peg.3542.site.11, 29, 131, 160
537012.5.peg.3542.site.12, 1, 134, 135
537012.5.peg.3542.site.13, 4, 134, 138
537012.5.peg.3542.site.14, 18, 132, 150
537012.5.peg.3542.site.15, 21, 134, 155
537012.5.peg.3542.site.16, 1, 134, 135
537012.5.peg.3542.site.17, 0, 134, 134
537012.5.peg.3542.site.18, 1, 133, 134
537012.5.peg.3542.site.19, 3, 129, 132
537012.5.peg.3542.site.20, 4, 130, 134
537012.5.peg.3542.site.21, 5, 132, 137
537012.5.peg.3542.site.22, 17, 132, 149
537012.5.peg.3542.site.23, 60, 129, 189
537012.5.peg.3542.site.24, 4, 131, 135
537012.5.peg.3542.site.25, 4, 128, 132
537012.5.peg.3542.site.26, 103, 128, 231
537012.5.peg.3542.site.27, 1, 128, 129
537012.5.peg.3542.site.28, 64, 127, 191
537012.5.peg.3542.site.29, 9, 130, 139
537012.5.peg.3542.site.30, 0, 130, 130
537012.5.peg.3542.site.31, 1, 132, 133
537012.5.peg.3542.site.32, 2, 130, 132
537012.5.peg.3542.site.33, 2, 130, 132
537012.5.peg.3542.site.34, 1, 130, 131
537012.5.peg.3542.site.35, 63, 130, 193
537012.5.peg.3542.site.36, 13, 130, 143
537012.5.peg.3542.site.37, 124, 128, 252
537012.5.peg.3542.site.38, 7, 128, 135
537012.5.peg.3542.site.39, 1, 131, 132
537012.5.peg.3542.site.40, 1, 130, 131
537012.5.peg.3542.site.41, 8, 129, 137
537012.5.peg.3542.site.42, 6, 132, 138
537012.5.peg.3542.site.43, 4, 130, 134
537012.5.peg.3542.site.44, 11, 128, 139
537012.5.peg.3542.site.45, 26, 130, 156
537012.5.peg.3542.site.46, 3, 131, 134
537012.5.peg.3542.site.47, 0, 133, 133
537012.5.peg.4681.site.1, 5, 133, 138
537012.5.peg.4681.site.2, 18, 130, 148
537012.5.peg.4681.site.3, 127, 128, 255
537012.5.peg.4681.site.4, 7, 125, 132
537012.5.peg.4681.site.5, 1, 124, 125
537012.5.peg.4681.site.6, 11, 123, 134
537012.5.peg.4681.site.7, 1, 124, 125
537012.5.peg.4681.site.8, 2, 131, 133
537012.5.peg.4681.site.9, 85, 131, 216
537012.5.peg.4681.site.10, 12, 131, 143
537012.5.peg.4681.site.11, 37, 128, 165
537012.5.peg.4681.site.12, 12, 129, 141
537012.5.peg.4681.site.13, 3, 132, 135
537012.5.peg.4681.site.14, 1, 131, 132
537012.5.peg.4681.site.15, 1, 131, 132
537012.5.peg.4681.site.16, 4, 131, 135
537012.5.peg.4681.site.17, 3, 132, 135
537012.5.peg.4681.site.18, 14, 131, 145
537012.5.peg.4681.site.19, 30, 131, 161
537012.5.peg.4681.site.20, 7, 130, 137
537012.5.peg.4681.site.21, 19, 129, 148
537012.5.peg.4681.site.22, 30, 129, 159
537012.5.peg.4681.site.23, 2, 131, 133
537012.5.peg.4681.site.24, 104, 132, 236
537012.5.peg.4681.site.25, 0, 132, 132
537012.5.peg.4681.site.26, 2, 132, 134
537012.5.peg.4681.site.27, 9, 132, 141
537012.5.peg.4681.site.28, 1, 133, 134
537012.5.peg.4681.site.29, 0, 133, 133
537012.5.peg.4681.site.30, 1, 133, 134
537012.5.peg.3291.site.1, 1, 128, 129
537012.5.peg.3291.site.2, 1, 127, 128
537012.5.peg.3291.site.3, 11, 126, 137
537012.5.peg.3291.site.4, 2, 127, 129
537012.5.peg.3291.site.5, 2, 128, 130
537012.5.peg.3291.site.6, 1, 128, 129
537012.5.peg.3291.site.7, 4, 126, 130
537012.5.peg.3291.site.8, 1, 129, 130
537012.5.peg.3291.site.9, 4, 127, 131
537012.5.peg.3291.site.10, 6, 129, 135
537012.5.peg.3291.site.11, 1, 129, 130
537012.5.peg.3291.site.12, 11, 127, 138
537012.5.peg.3291.site.13, 11, 127, 138
537012.5.peg.3291.site.14, 5, 127, 132
537012.5.peg.3291.site.15, 0, 129, 129
537012.5.peg.3291.site.16, 1, 129, 130
537012.5.peg.3291.site.17, 5, 129, 134
537012.5.peg.3291.site.18, 0, 128, 128
537012.5.peg.3291.site.19, 0, 128, 128
537012.5.peg.3291.site.20, 0, 129, 129
537012.5.peg.3291.site.21, 1, 129, 130
537012.5.peg.3291.site.22, 0, 129, 129
537012.5.peg.3291.site.23, 1, 129, 130
537012.5.peg.3291.site.24, 4, 124, 128
537012.5.peg.3291.site.25, 5, 128, 133
537012.5.peg.3291.site.26, 7, 129, 136
537012.5.peg.3291.site.27, 5, 129, 134
537012.5.peg.3291.site.28, 3, 127, 130
537012.5.peg.3291.site.29, 5, 127, 132
537012.5.peg.3291.site.30, 1, 128, 129
537012.5.peg.3291.site.31, 31, 126, 157
537012.5.peg.3291.site.32, 7, 129, 136
537012.5.peg.3291.site.33, 1, 129, 130
537012.5.peg.3291.site.34, 7, 128, 135
537012.5.peg.3291.site.35, 7, 129, 136
537012.5.peg.3291.site.36, 87, 123, 210
537012.5.peg.3291.site.37, 5, 124, 129
537012.5.peg.3291.site.38, 0, 123, 123
537012.5.peg.3291.site.39, 1, 123, 124
537012.5.peg.2833.site.1, 3, 130, 133
537012.5.peg.2833.site.2, 28, 128, 156
537012.5.peg.2833.site.3, 0, 126, 126
537012.5.peg.2833.site.4, 42, 127, 169
537012.5.peg.2833.site.5, 1, 129, 130
537012.5.peg.2833.site.6, 1, 133, 134
537012.5.peg.2833.site.7, 9, 133, 142
537012.5.peg.2833.site.8, 11, 133, 144
537012.5.peg.2833.site.9, 3, 134, 137
537012.5.peg.2833.site.10, 7, 134, 141
537012.5.peg.2833.site.11, 1, 134, 135
537012.5.peg.2833.site.12, 17, 133, 150
537012.5.peg.2833.site.13, 6, 133, 139
537012.5.peg.2833.site.14, 1, 134, 135
537012.5.peg.2833.site.15, 3, 134, 137
537012.5.peg.2833.site.16, 1, 134, 135
537012.5.peg.2833.site.17, 1, 134, 135
537012.5.peg.2833.site.18, 3, 134, 137
537012.5.peg.2833.site.19, 7, 134, 141
537012.5.peg.2833.site.20, 0, 132, 132
537012.5.peg.2832.site.1, 15, 122, 137
537012.5.peg.2832.site.2, 12, 120, 132
537012.5.peg.2832.site.3, 4, 123, 127
537012.5.peg.2832.site.4, 3, 124, 127
537012.5.peg.2832.site.5, 2, 126, 128
537012.5.peg.2832.site.6, 4, 126, 130
537012.5.peg.2832.site.7, 1, 127, 128
537012.5.peg.2832.site.8, 3, 127, 130
537012.5.peg.2832.site.9, 2, 133, 135
537012.5.peg.2832.site.10, 16, 131, 147
537012.5.peg.2832.site.11, 1, 134, 135
537012.5.peg.2832.site.12, 4, 131, 135
537012.5.peg.2832.site.13, 5, 134, 139
537012.5.peg.2832.site.14, 4, 131, 135
537012.5.peg.2832.site.15, 3, 130, 133
537012.5.peg.2832.site.16, 3, 131, 134
537012.5.peg.2832.site.17, 5, 134, 139
537012.5.peg.2832.site.18, 31, 131, 162
537012.5.peg.2832.site.19, 0, 134, 134
537012.5.peg.2832.site.20, 2, 129, 131
537012.5.peg.2832.site.21, 2, 133, 135
537012.5.peg.2832.site.22, 9, 131, 140
537012.5.peg.2832.site.23, 12, 131, 143
537012.5.peg.2832.site.24, 7, 134, 141
537012.5.peg.2832.site.25, 3, 134, 137
537012.5.peg.2832.site.26, 31, 130, 161
537012.5.peg.2832.site.27, 16, 130, 146
537012.5.peg.2832.site.28, 3, 131, 134
537012.5.peg.2832.site.29, 4, 131, 135
537012.5.peg.2832.site.30, 21, 131, 152
537012.5.peg.2832.site.31, 1, 127, 128
537012.5.peg.2832.site.32, 2, 131, 133
537012.5.peg.2832.site.33, 89, 131, 220
537012.5.peg.2832.site.34, 11, 132, 143
537012.5.peg.2832.site.35, 7, 134, 141
537012.5.peg.2832.site.36, 7, 134, 141
537012.5.peg.2832.site.37, 18, 134, 152
537012.5.peg.3528.site.1, 1, 128, 129
537012.5.peg.3528.site.2, 6, 130, 136
537012.5.peg.3528.site.3, 7, 130, 137
537012.5.peg.3528.site.4, 4, 127, 131
537012.5.peg.3528.site.5, 0, 130, 130
537012.5.peg.3528.site.6, 0, 130, 130
537012.5.peg.3528.site.7, 6, 130, 136
537012.5.peg.3528.site.8, 5, 129, 134
537012.5.peg.3528.site.9, 2, 128, 130
537012.5.peg.3528.site.10, 16, 129, 145
537012.5.peg.3528.site.11, 2, 128, 130
537012.5.peg.3528.site.12, 1, 130, 131
537012.5.peg.2689.site.1, 8, 127, 135
537012.5.peg.2689.site.2, 1, 126, 127
537012.5.peg.2689.site.3, 22, 125, 147
537012.5.peg.2689.site.4, 8, 125, 133
537012.5.peg.2689.site.5, 4, 127, 131
537012.5.peg.2689.site.6, 32, 125, 157
537012.5.peg.2689.site.7, 0, 126, 126
537012.5.peg.2689.site.8, 0, 118, 118
537012.5.peg.2689.site.9, 0, 108, 108
537012.5.peg.2689.site.10, 2, 125, 127
537012.5.peg.2689.site.11, 2, 123, 125
537012.5.peg.2689.site.12, 3, 123, 126
537012.5.peg.2689.site.13, 0, 124, 124
537012.5.peg.2689.site.14, 49, 124, 173
537012.5.peg.2689.site.15, 4, 125, 129
537012.5.peg.2689.site.16, 0, 126, 126
537012.5.peg.2689.site.17, 57, 125, 182
537012.5.peg.2689.site.18, 2, 126, 128
537012.5.peg.2689.site.19, 4, 124, 128
537012.5.peg.2689.site.20, 4, 124, 128
537012.5.peg.2342.site.1, 7, 134, 141
537012.5.peg.2342.site.2, 8, 134, 142
537012.5.peg.2342.site.3, 1, 134, 135
537012.5.peg.2342.site.4, 31, 132, 163
537012.5.peg.2342.site.5, 4, 134, 138
537012.5.peg.2342.site.6, 7, 134, 141
537012.5.peg.2342.site.7, 7, 134, 141
537012.5.peg.2342.site.8, 7, 134, 141
537012.5.peg.2342.site.9, 4, 132, 136
537012.5.peg.2342.site.10, 2, 134, 136
537012.5.peg.2342.site.11, 7, 134, 141
537012.5.peg.2342.site.12, 4, 134, 138
537012.5.peg.2342.site.13, 4, 132, 136
537012.5.peg.2342.site.14, 4, 133, 137
537012.5.peg.2342.site.15, 7, 134, 141
537012.5.peg.2342.site.16, 4, 132, 136
537012.5.peg.2342.site.17, 72, 133, 205
537012.5.peg.2342.site.18, 5, 132, 137
537012.5.peg.2342.site.19, 8, 129, 137
537012.5.peg.2342.site.20, 2, 129, 131
537012.5.peg.2342.site.21, 47, 133, 180
537012.5.peg.2342.site.22, 6, 133, 139
537012.5.peg.2342.site.23, 17, 134, 151
537012.5.peg.2342.site.24, 1, 134, 135
537012.5.peg.2342.site.25, 17, 134, 151
537012.5.peg.2342.site.26, 37, 133, 170
537012.5.peg.2342.site.27, 2, 132, 134
537012.5.peg.2342.site.28, 1, 131, 132
537012.5.peg.2342.site.29, 5, 132, 137
537012.5.peg.2342.site.30, 53, 129, 182
537012.5.peg.2342.site.31, 2, 134, 136
537012.5.peg.2342.site.32, 14, 134, 148
537012.5.peg.2342.site.33, 17, 134, 151
537012.5.peg.2342.site.34, 3, 134, 137
537012.5.peg.2342.site.35, 7, 133, 140
537012.5.peg.2342.site.36, 7, 134, 141
537012.5.peg.2342.site.37, 130, 134, 264
537012.5.peg.2342.site.38, 7, 134, 141
537012.5.peg.2342.site.39, 4, 134, 138
537012.5.peg.2342.site.40, 99, 134, 233
537012.5.peg.2342.site.41, 23, 134, 157
537012.5.peg.2342.site.42, 12, 134, 146
537012.5.peg.2342.site.43, 8, 134, 142
537012.5.peg.2342.site.44, 3, 134, 137
537012.5.peg.2342.site.45, 0, 134, 134
537012.5.peg.2342.site.46, 1, 134, 135
537012.5.peg.2342.site.47, 53, 134, 187
537012.5.peg.2342.site.48, 3, 134, 137
537012.5.peg.2342.site.49, 1, 133, 134
537012.5.peg.2342.site.50, 34, 132, 166
537012.5.peg.2342.site.51, 7, 134, 141
537012.5.peg.2342.site.52, 1, 134, 135
537012.5.peg.2342.site.53, 2, 134, 136
537012.5.peg.2342.site.54, 7, 134, 141
537012.5.peg.2682.site.1, 3, 133, 136
537012.5.peg.2682.site.2, 8, 131, 139
537012.5.peg.2682.site.3, 1, 131, 132
537012.5.peg.2682.site.4, 0, 130, 130
537012.5.peg.2682.site.5, 0, 130, 130
537012.5.peg.2682.site.6, 40, 132, 172
537012.5.peg.2682.site.7, 4, 134, 138
537012.5.peg.2682.site.8, 29, 133, 162
537012.5.peg.2682.site.9, 51, 133, 184
537012.5.peg.2682.site.10, 6, 134, 140
537012.5.peg.2682.site.11, 6, 134, 140
537012.5.peg.2682.site.12, 1, 134, 135
537012.5.peg.2682.site.13, 9, 133, 142
537012.5.peg.2682.site.14, 6, 132, 138
537012.5.peg.2682.site.15, 0, 134, 134
537012.5.peg.2682.site.16, 5, 132, 137
537012.5.peg.2682.site.17, 2, 134, 136
537012.5.peg.2682.site.18, 25, 131, 156
537012.5.peg.2682.site.19, 2, 132, 134
537012.5.peg.2682.site.20, 9, 131, 140
537012.5.peg.2682.site.21, 10, 131, 141
537012.5.peg.2682.site.22, 0, 134, 134
537012.5.peg.2682.site.23, 6, 133, 139
537012.5.peg.2682.site.24, 13, 133, 146
537012.5.peg.2682.site.25, 1, 134, 135
537012.5.peg.2682.site.26, 8, 132, 140
537012.5.peg.2682.site.27, 1, 134, 135
537012.5.peg.2682.site.28, 3, 133, 136
537012.5.peg.2682.site.29, 6, 134, 140
537012.5.peg.2682.site.30, 1, 133, 134
537012.5.peg.2682.site.31, 1, 134, 135
537012.5.peg.2682.site.32, 8, 132, 140
537012.5.peg.2682.site.33, 14, 134, 148
537012.5.peg.2682.site.34, 6, 134, 140
537012.5.peg.2682.site.35, 4, 132, 136
537012.5.peg.2682.site.36, 5, 132, 137
537012.5.peg.2682.site.37, 1, 134, 135
537012.5.peg.2682.site.38, 6, 134, 140
537012.5.peg.2682.site.39, 1, 134, 135
537012.5.peg.2682.site.40, 1, 133, 134
537012.5.peg.2683.site.1, 7, 128, 135
537012.5.peg.2683.site.2, 5, 128, 133
537012.5.peg.2683.site.3, 6, 134, 140
537012.5.peg.2683.site.4, 2, 134, 136
537012.5.peg.2683.site.5, 2, 134, 136
537012.5.peg.2683.site.6, 4, 132, 136
537012.5.peg.2683.site.7, 1, 132, 133
537012.5.peg.2683.site.8, 1, 134, 135
537012.5.peg.2683.site.9, 42, 132, 174
537012.5.peg.2683.site.10, 1, 134, 135
537012.5.peg.2683.site.11, 5, 133, 138
537012.5.peg.2683.site.12, 14, 133, 147
537012.5.peg.2683.site.13, 4, 132, 136
537012.5.peg.2683.site.14, 10, 132, 142
537012.5.peg.2683.site.15, 3, 134, 137
537012.5.peg.2683.site.16, 6, 134, 140
537012.5.peg.2683.site.17, 1, 134, 135
537012.5.peg.2683.site.18, 1, 134, 135
537012.5.peg.2683.site.19, 4, 131, 135
537012.5.peg.2683.site.20, 4, 132, 136
537012.5.peg.2683.site.21, 10, 131, 141
537012.5.peg.2683.site.22, 7, 129, 136
537012.5.peg.2683.site.23, 3, 131, 134
537012.5.peg.2683.site.24, 9, 129, 138
537012.5.peg.2683.site.25, 1, 133, 134
537012.5.peg.2683.site.26, 3, 134, 137
537012.5.peg.2683.site.27, 2, 133, 135
537012.5.peg.2683.site.28, 1, 133, 134
537012.5.peg.2683.site.29, 2, 134, 136
537012.5.peg.2683.site.30, 6, 134, 140
537012.5.peg.2683.site.31, 4, 130, 134
537012.5.peg.2683.site.32, 0, 134, 134
537012.5.peg.2683.site.33, 5, 134, 139
537012.5.peg.2683.site.34, 42, 134, 176
537012.5.peg.2683.site.35, 1, 132, 133
537012.5.peg.2683.site.36, 7, 129, 136
537012.5.peg.2683.site.37, 117, 129, 246
537012.5.peg.2683.site.38, 2, 129, 131
537012.5.peg.2683.site.39, 4, 126, 130
537012.5.peg.2683.site.40, 92, 125, 217
537012.5.peg.2683.site.41, 1, 128, 129
537012.5.peg.2683.site.42, 4, 126, 130
537012.5.peg.2683.site.43, 4, 132, 136
537012.5.peg.2683.site.44, 4, 131, 135
537012.5.peg.2683.site.45, 26, 134, 160
537012.5.peg.2683.site.46, 6, 134, 140
537012.5.peg.2683.site.47, 3, 132, 135
537012.5.peg.2683.site.48, 4, 132, 136
537012.5.peg.2683.site.49, 6, 134, 140
537012.5.peg.2683.site.50, 6, 133, 139
537012.5.peg.2683.site.51, 0, 134, 134
537012.5.peg.2683.site.52, 1, 131, 132
537012.5.peg.2683.site.53, 4, 131, 135
537012.5.peg.2684.site.1, 1, 127, 128
537012.5.peg.2684.site.2, 14, 124, 138
537012.5.peg.2684.site.3, 3, 127, 130
537012.5.peg.2684.site.4, 17, 128, 145
537012.5.peg.2684.site.5, 6, 128, 134
537012.5.peg.2684.site.6, 9, 126, 135
537012.5.peg.2684.site.7, 3, 130, 133
537012.5.peg.2684.site.8, 1, 129, 130
537012.5.peg.2684.site.9, 2, 127, 129
537012.5.peg.2684.site.10, 3, 127, 130
537012.5.peg.2684.site.11, 29, 124, 153
537012.5.peg.2684.site.12, 3, 119, 122
537012.5.peg.2684.site.13, 3, 123, 126
537012.5.peg.2684.site.14, 3, 124, 127
537012.5.peg.2684.site.15, 21, 126, 147
537012.5.peg.2684.site.16, 4, 124, 128
537012.5.peg.2684.site.17, 1, 126, 127
537012.5.peg.2684.site.18, 2, 124, 126
537012.5.peg.2684.site.19, 1, 126, 127
537012.5.peg.2684.site.20, 3, 128, 131
537012.5.peg.2684.site.21, 3, 124, 127
537012.5.peg.2684.site.22, 14, 128, 142
537012.5.peg.2684.site.23, 2, 128, 130
537012.5.peg.2684.site.24, 2, 130, 132
537012.5.peg.2684.site.25, 2, 133, 135
537012.5.peg.2684.site.26, 114, 133, 247
537012.5.peg.2684.site.27, 0, 134, 134
537012.5.peg.2684.site.28, 7, 134, 141
537012.5.peg.2684.site.29, 0, 134, 134
537012.5.peg.2684.site.30, 17, 122, 139
537012.5.peg.2684.site.31, 1, 122, 123
537012.5.peg.2684.site.32, 3, 126, 129
537012.5.peg.2684.site.33, 4, 127, 131
537012.5.peg.2684.site.34, 11, 126, 137
537012.5.peg.2684.site.35, 0, 126, 126
537012.5.peg.2684.site.36, 5, 132, 137
537012.5.peg.2684.site.37, 5, 130, 135
537012.5.peg.2684.site.38, 5, 132, 137
537012.5.peg.2684.site.39, 3, 133, 136
537012.5.peg.2684.site.40, 1, 133, 134
537012.5.peg.2684.site.41, 7, 131, 138
537012.5.peg.2684.site.42, 5, 132, 137
537012.5.peg.2684.site.43, 5, 133, 138
537012.5.peg.2684.site.44, 9, 131, 140
537012.5.peg.2684.site.45, 7, 130, 137
537012.5.peg.2684.site.46, 1, 127, 128
537012.5.peg.2684.site.47, 23, 124, 147
537012.5.peg.2684.site.48, 1, 127, 128
537012.5.peg.2684.site.49, 5, 125, 130
537012.5.peg.2684.site.50, 76, 127, 203
537012.5.peg.2684.site.51, 0, 128, 128
537012.5.peg.2685.site.1, 2, 125, 127
537012.5.peg.2685.site.2, 2, 127, 129
537012.5.peg.2685.site.3, 4, 125, 129
537012.5.peg.2685.site.4, 3, 125, 128
537012.5.peg.2685.site.5, 56, 128, 184
537012.5.peg.2685.site.6, 10, 128, 138
537012.5.peg.2685.site.7, 0, 128, 128
537012.5.peg.2685.site.8, 1, 128, 129
537012.5.peg.2685.site.9, 1, 128, 129
537012.5.peg.2685.site.10, 23, 127, 150
537012.5.peg.2685.site.11, 17, 125, 142
537012.5.peg.2685.site.12, 19, 126, 145
537012.5.peg.2685.site.13, 2, 127, 129
537012.5.peg.2685.site.14, 4, 127, 131
537012.5.peg.2685.site.15, 3, 128, 131
537012.5.peg.2685.site.16, 1, 128, 129
537012.5.peg.2685.site.17, 0, 128, 128
537012.5.peg.2685.site.18, 10, 128, 138
537012.5.peg.2685.site.19, 1, 128, 129
537012.5.peg.2685.site.20, 1, 128, 129
537012.5.peg.2685.site.21, 2, 128, 130
537012.5.peg.2685.site.22, 5, 128, 133
537012.5.peg.2685.site.23, 5, 127, 132
537012.5.peg.2685.site.24, 1, 127, 128
537012.5.peg.2685.site.25, 5, 126, 131
537012.5.peg.2685.site.26, 1, 127, 128
537012.5.peg.2685.site.27, 1, 127, 128
537012.5.peg.2686.site.1, 1, 126, 127
537012.5.peg.2686.site.2, 4, 126, 130
537012.5.peg.2686.site.3, 1, 127, 128
537012.5.peg.2686.site.4, 5, 126, 131
537012.5.peg.2686.site.5, 5, 128, 133
537012.5.peg.2686.site.6, 2, 128, 130
537012.5.peg.2686.site.7, 0, 127, 127
537012.5.peg.2686.site.8, 1, 128, 129
537012.5.peg.2686.site.9, 1, 128, 129
537012.5.peg.2686.site.10, 1, 128, 129
537012.5.peg.2686.site.11, 1, 128, 129
537012.5.peg.2686.site.12, 4, 126, 130
537012.5.peg.2686.site.13, 49, 127, 176
537012.5.peg.2686.site.14, 5, 126, 131
537012.5.peg.2686.site.15, 3, 123, 126
537012.5.peg.2686.site.16, 1, 128, 129
537012.5.peg.2686.site.17, 1, 127, 128
537012.5.peg.2686.site.18, 4, 128, 132
537012.5.peg.2686.site.19, 4, 127, 131
537012.5.peg.2686.site.20, 1, 128, 129
537012.5.peg.2686.site.21, 0, 128, 128
537012.5.peg.2686.site.22, 1, 128, 129
537012.5.peg.2686.site.23, 1, 128, 129
537012.5.peg.2686.site.24, 2, 128, 130
537012.5.peg.2686.site.25, 8, 128, 136
537012.5.peg.2686.site.26, 1, 128, 129
537012.5.peg.2686.site.27, 5, 127, 132
537012.5.peg.2686.site.28, 119, 128, 247
537012.5.peg.2686.site.29, 4, 68, 72
537012.5.peg.2344.site.1, 39, 132, 171
537012.5.peg.2344.site.2, 1, 134, 135
537012.5.peg.2344.site.3, 37, 131, 168
537012.5.peg.2344.site.4, 1, 130, 131
537012.5.peg.2344.site.5, 20, 131, 151
537012.5.peg.2344.site.6, 2, 134, 136
537012.5.peg.2344.site.7, 17, 134, 151
537012.5.peg.2344.site.8, 4, 134, 138
537012.5.peg.2344.site.9, 1, 134, 135
537012.5.peg.2344.site.10, 0, 134, 134
537012.5.peg.2344.site.11, 35, 133, 168
537012.5.peg.2344.site.12, 49, 133, 182
537012.5.peg.2594.site.1, 3, 125, 128
537012.5.peg.2594.site.2, 2, 133, 135
537012.5.peg.2594.site.3, 1, 134, 135
537012.5.peg.2594.site.4, 5, 133, 138
537012.5.peg.2594.site.5, 2, 134, 136
537012.5.peg.2594.site.6, 5, 133, 138
537012.5.peg.2594.site.7, 5, 133, 138
537012.5.peg.2594.site.8, 5, 133, 138
537012.5.peg.2594.site.9, 49, 131, 180
537012.5.peg.2594.site.10, 1, 134, 135
537012.5.peg.2594.site.11, 1, 134, 135
537012.5.peg.2594.site.12, 5, 133, 138
537012.5.peg.2594.site.13, 6, 134, 140
537012.5.peg.2594.site.14, 2, 134, 136
537012.5.peg.2594.site.15, 1, 134, 135
537012.5.peg.2594.site.16, 5, 133, 138
537012.5.peg.2594.site.17, 3, 134, 137
537012.5.peg.2594.site.18, 7, 134, 141
537012.5.peg.2594.site.19, 2, 126, 128
537012.5.peg.2594.site.20, 1, 131, 132
537012.5.peg.2594.site.21, 3, 129, 132
537012.5.peg.2594.site.22, 5, 132, 137
537012.5.peg.2594.site.23, 11, 132, 143
537012.5.peg.2594.site.24, 28, 134, 162
537012.5.peg.2594.site.25, 1, 134, 135
537012.5.peg.2594.site.26, 15, 132, 147
537012.5.peg.2594.site.27, 5, 133, 138
537012.5.peg.2594.site.28, 7, 133, 140
537012.5.peg.2594.site.29, 3, 134, 137
537012.5.peg.2594.site.30, 87, 133, 220
537012.5.peg.2594.site.31, 15, 133, 148
537012.5.peg.2594.site.32, 1, 134, 135
537012.5.peg.2594.site.33, 13, 134, 147
537012.5.peg.2594.site.34, 0, 134, 134
537012.5.peg.2594.site.35, 7, 133, 140
537012.5.peg.2594.site.36, 1, 134, 135
537012.5.peg.2594.site.37, 1, 134, 135
537012.5.peg.2594.site.38, 95, 132, 227
537012.5.peg.2594.site.39, 6, 131, 137
537012.5.peg.2594.site.40, 1, 134, 135
537012.5.peg.2594.site.41, 133, 134, 267
537012.5.peg.2594.site.42, 1, 134, 135
537012.5.peg.2594.site.43, 3, 134, 137
537012.5.peg.2594.site.44, 4, 127, 131
537012.5.peg.2594.site.45, 3, 129, 132
537012.5.peg.2594.site.46, 7, 122, 129
537012.5.peg.2594.site.47, 2, 133, 135
537012.5.peg.2594.site.48, 1, 133, 134
537012.5.peg.2594.site.49, 51, 132, 183
537012.5.peg.2594.site.50, 6, 133, 139
537012.5.peg.2594.site.51, 42, 133, 175
537012.5.peg.2594.site.52, 12, 131, 143
537012.5.peg.2594.site.53, 7, 128, 135
537012.5.peg.2594.site.54, 44, 131, 175
537012.5.peg.2594.site.55, 49, 128, 177
537012.5.peg.2594.site.56, 5, 133, 138
537012.5.peg.2594.site.57, 1, 133, 134
537012.5.peg.2594.site.58, 17, 132, 149
537012.5.peg.2594.site.59, 0, 134, 134
537012.5.peg.2594.site.60, 1, 132, 133
537012.5.peg.2594.site.61, 1, 132, 133
537012.5.peg.2594.site.62, 6, 134, 140
537012.5.peg.2594.site.63, 8, 134, 142
537012.5.peg.2594.site.64, 5, 133, 138
537012.5.peg.2594.site.65, 1, 134, 135
537012.5.peg.2594.site.66, 1, 134, 135
537012.5.peg.2594.site.67, 12, 133, 145
537012.5.peg.2594.site.68, 14, 133, 147
537012.5.peg.2594.site.69, 2, 134, 136
537012.5.peg.2594.site.70, 3, 134, 137
537012.5.peg.2594.site.71, 4, 132, 136
537012.5.peg.2594.site.72, 1, 134, 135
537012.5.peg.2594.site.73, 11, 132, 143
537012.5.peg.2594.site.74, 2, 134, 136
537012.5.peg.2594.site.75, 4, 132, 136
537012.5.peg.2594.site.76, 1, 134, 135
537012.5.peg.2594.site.77, 11, 132, 143
537012.5.peg.2594.site.78, 14, 132, 146
537012.5.peg.2594.site.79, 3, 134, 137
537012.5.peg.2594.site.80, 14, 133, 147
537012.5.peg.2594.site.81, 9, 134, 143
537012.5.peg.2594.site.82, 2, 134, 136
537012.5.peg.2594.site.83, 1, 134, 135
537012.5.peg.2594.site.84, 9, 133, 142
537012.5.peg.2594.site.85, 7, 133, 140
537012.5.peg.2594.site.86, 28, 134, 162
537012.5.peg.2594.site.87, 5, 134, 139
537012.5.peg.2594.site.88, 4, 134, 138
537012.5.peg.2594.site.89, 8, 134, 142
537012.5.peg.2594.site.90, 1, 134, 135
537012.5.peg.2594.site.91, 7, 134, 141
537012.5.peg.2594.site.92, 61, 131, 192
537012.5.peg.2594.site.93, 61, 131, 192
537012.5.peg.2594.site.94, 5, 133, 138
537012.5.peg.2594.site.95, 1, 133, 134
537012.5.peg.2594.site.96, 4, 131, 135
537012.5.peg.2595.site.1, 35, 133, 168
537012.5.peg.2595.site.2, 6, 133, 139
537012.5.peg.2595.site.3, 5, 133, 138
537012.5.peg.2595.site.4, 12, 132, 144
537012.5.peg.2595.site.5, 1, 134, 135
537012.5.peg.2595.site.6, 1, 134, 135
537012.5.peg.2595.site.7, 5, 132, 137
537012.5.peg.2595.site.8, 1, 134, 135
537012.5.peg.2595.site.9, 1, 134, 135
537012.5.peg.2595.site.10, 1, 134, 135
537012.5.peg.2595.site.11, 1, 134, 135
537012.5.peg.2595.site.12, 1, 134, 135
537012.5.peg.2595.site.13, 1, 134, 135
537012.5.peg.2595.site.14, 1, 134, 135
537012.5.peg.2595.site.15, 21, 133, 154
537012.5.peg.2595.site.16, 1, 133, 134
537012.5.peg.2595.site.17, 2, 134, 136
537012.5.peg.2595.site.18, 7, 134, 141
537012.5.peg.2595.site.19, 4, 133, 137
537012.5.peg.2595.site.20, 13, 130, 143
537012.5.peg.2595.site.21, 1, 133, 134
537012.5.peg.2595.site.22, 9, 133, 142
537012.5.peg.2595.site.23, 5, 131, 136
537012.5.peg.2595.site.24, 8, 131, 139
537012.5.peg.2595.site.25, 4, 133, 137
537012.5.peg.2595.site.26, 4, 131, 135
537012.5.peg.2595.site.27, 4, 132, 136
537012.5.peg.2595.site.28, 2, 134, 136
537012.5.peg.2595.site.29, 1, 134, 135
537012.5.peg.2595.site.30, 0, 134, 134
537012.5.peg.2595.site.31, 0, 134, 134
537012.5.peg.2595.site.32, 4, 132, 136
537012.5.peg.2595.site.33, 4, 132, 136
537012.5.peg.2595.site.34, 7, 134, 141
537012.5.peg.2595.site.35, 4, 132, 136
537012.5.peg.2595.site.36, 7, 134, 141
537012.5.peg.2595.site.37, 4, 134, 138
537012.5.peg.2595.site.38, 36, 132, 168
537012.5.peg.2596.site.1, 1, 134, 135
537012.5.peg.2596.site.2, 60, 133, 193
537012.5.peg.2596.site.3, 22, 132, 154
537012.5.peg.2596.site.4, 3, 134, 137
537012.5.peg.2596.site.5, 11, 133, 144
537012.5.peg.2596.site.6, 1, 134, 135
537012.5.peg.2596.site.7, 1, 134, 135
537012.5.peg.2596.site.8, 0, 132, 132
537012.5.peg.2597.site.1, 1, 128, 129
537012.5.peg.2597.site.2, 3, 129, 132
537012.5.peg.2597.site.3, 4, 131, 135
537012.5.peg.2597.site.4, 14, 130, 144
537012.5.peg.2597.site.5, 3, 132, 135
537012.5.peg.2597.site.6, 12, 131, 143
537012.5.peg.2597.site.7, 2, 128, 130
537012.5.peg.2597.site.8, 2, 128, 130
537012.5.peg.2597.site.9, 6, 132, 138
537012.5.peg.2597.site.10, 9, 132, 141
537012.5.peg.2597.site.11, 10, 131, 141
537012.5.peg.2597.site.12, 7, 133, 140
537012.5.peg.2597.site.13, 4, 131, 135
537012.5.peg.2597.site.14, 5, 132, 137
537012.5.peg.2597.site.15, 1, 133, 134
537012.5.peg.2597.site.16, 1, 134, 135
537012.5.peg.2597.site.17, 2, 134, 136
537012.5.peg.2597.site.18, 0, 134, 134
537012.5.peg.2597.site.19, 3, 130, 133
537012.5.peg.2597.site.20, 4, 132, 136
537012.5.peg.2597.site.21, 5, 132, 137
537012.5.peg.2597.site.22, 6, 134, 140
537012.5.peg.2597.site.23, 4, 132, 136
537012.5.peg.2597.site.24, 4, 132, 136
537012.5.peg.2597.site.25, 11, 132, 143
537012.5.peg.2597.site.26, 11, 131, 142
537012.5.peg.2597.site.27, 1, 134, 135
537012.5.peg.2597.site.28, 51, 132, 183
537012.5.peg.2597.site.29, 4, 132, 136
537012.5.peg.2597.site.30, 1, 134, 135
537012.5.peg.2597.site.31, 53, 132, 185
537012.5.peg.2597.site.32, 4, 134, 138
537012.5.peg.2597.site.33, 28, 134, 162
537012.5.peg.2597.site.34, 1, 134, 135
537012.5.peg.2597.site.35, 1, 133, 134
537012.5.peg.2597.site.36, 1, 132, 133
537012.5.peg.2597.site.37, 4, 132, 136
537012.5.peg.2597.site.38, 0, 132, 132
537012.5.peg.2590.site.1, 1, 134, 135
537012.5.peg.2590.site.2, 7, 134, 141
537012.5.peg.2590.site.3, 1, 131, 132
537012.5.peg.2590.site.4, 4, 125, 129
537012.5.peg.2590.site.5, 2, 130, 132
537012.5.peg.2590.site.6, 5, 133, 138
537012.5.peg.2590.site.7, 1, 134, 135
537012.5.peg.2590.site.8, 3, 134, 137
537012.5.peg.2590.site.9, 1, 134, 135
537012.5.peg.2590.site.10, 5, 132, 137
537012.5.peg.2590.site.11, 4, 131, 135
537012.5.peg.2590.site.12, 52, 121, 173
537012.5.peg.2590.site.13, 0, 124, 124
537012.5.peg.2590.site.14, 2, 124, 126
537012.5.peg.2590.site.15, 1, 128, 129
537012.5.peg.2590.site.16, 3, 127, 130
537012.5.peg.2590.site.17, 6, 127, 133
537012.5.peg.2590.site.18, 7, 128, 135
537012.5.peg.2590.site.19, 52, 129, 181
537012.5.peg.2590.site.20, 1, 133, 134
537012.5.peg.2590.site.21, 5, 131, 136
537012.5.peg.2590.site.22, 5, 132, 137
537012.5.peg.2590.site.23, 4, 130, 134
537012.5.peg.2590.site.24, 6, 133, 139
537012.5.peg.2590.site.25, 95, 132, 227
537012.5.peg.2590.site.26, 0, 132, 132
537012.5.peg.2590.site.27, 1, 131, 132
537012.5.peg.2590.site.28, 81, 131, 212
537012.5.peg.2590.site.29, 32, 130, 162
537012.5.peg.2590.site.30, 85, 127, 212
537012.5.peg.2590.site.31, 2, 129, 131
537012.5.peg.2590.site.32, 2, 129, 131
537012.5.peg.2590.site.33, 2, 129, 131
537012.5.peg.2590.site.34, 5, 128, 133
537012.5.peg.2590.site.35, 3, 129, 132
537012.5.peg.2590.site.36, 1, 128, 129
537012.5.peg.2590.site.37, 3, 133, 136
537012.5.peg.2590.site.38, 1, 132, 133
537012.5.peg.2590.site.39, 30, 132, 162
537012.5.peg.2590.site.40, 6, 132, 138
537012.5.peg.2590.site.41, 1, 133, 134
537012.5.peg.2590.site.42, 1, 133, 134
537012.5.peg.2590.site.43, 21, 134, 155
537012.5.peg.2590.site.44, 7, 134, 141
537012.5.peg.2590.site.45, 2, 134, 136
537012.5.peg.2590.site.46, 1, 134, 135
537012.5.peg.2590.site.47, 11, 134, 145
537012.5.peg.2590.site.48, 5, 133, 138
537012.5.peg.2590.site.49, 8, 134, 142
537012.5.peg.2590.site.50, 75, 132, 207
537012.5.peg.2590.site.51, 7, 134, 141
537012.5.peg.2590.site.52, 4, 132, 136
537012.5.peg.2590.site.53, 2, 129, 131
537012.5.peg.2590.site.54, 4, 126, 130
537012.5.peg.2590.site.55, 1, 127, 128
537012.5.peg.2590.site.56, 5, 124, 129
537012.5.peg.2590.site.57, 1, 127, 128
537012.5.peg.2590.site.58, 4, 127, 131
537012.5.peg.2590.site.59, 2, 128, 130
537012.5.peg.2590.site.60, 1, 128, 129
537012.5.peg.2590.site.61, 0, 125, 125
537012.5.peg.2590.site.62, 2, 128, 130
537012.5.peg.2590.site.63, 2, 129, 131
537012.5.peg.2590.site.64, 1, 130, 131
537012.5.peg.2590.site.65, 5, 134, 139
537012.5.peg.2590.site.66, 3, 132, 135
537012.5.peg.2590.site.67, 6, 134, 140
537012.5.peg.2590.site.68, 1, 134, 135
537012.5.peg.2590.site.69, 1, 130, 131
537012.5.peg.2590.site.70, 1, 129, 130
537012.5.peg.2590.site.71, 2, 128, 130
537012.5.peg.2591.site.1, 37, 125, 162
537012.5.peg.2591.site.2, 12, 128, 140
537012.5.peg.2591.site.3, 1, 134, 135
537012.5.peg.2591.site.4, 26, 131, 157
537012.5.peg.2591.site.5, 5, 133, 138
537012.5.peg.2591.site.6, 7, 132, 139
537012.5.peg.2592.site.1, 2, 128, 130
537012.5.peg.2592.site.2, 4, 125, 129
537012.5.peg.2592.site.3, 15, 128, 143
537012.5.peg.2592.site.4, 36, 125, 161
537012.5.peg.2592.site.5, 3, 131, 134
537012.5.peg.2592.site.6, 4, 132, 136
537012.5.peg.2592.site.7, 2, 134, 136
537012.5.peg.2592.site.8, 17, 133, 150
537012.5.peg.2592.site.9, 1, 133, 134
537012.5.peg.2592.site.10, 6, 134, 140
537012.5.peg.2592.site.11, 88, 133, 221
537012.5.peg.2592.site.12, 4, 134, 138
537012.5.peg.2592.site.13, 4, 134, 138
537012.5.peg.2592.site.14, 4, 133, 137
537012.5.peg.2592.site.15, 8, 134, 142
537012.5.peg.2592.site.16, 4, 132, 136
537012.5.peg.2593.site.1, 4, 133, 137
537012.5.peg.2593.site.2, 4, 130, 134
537012.5.peg.2593.site.3, 2, 133, 135
537012.5.peg.2593.site.4, 7, 134, 141
537012.5.peg.2593.site.5, 9, 131, 140
537012.5.peg.2593.site.6, 6, 134, 140
537012.5.peg.2593.site.7, 2, 134, 136
537012.5.peg.2593.site.8, 6, 134, 140
537012.5.peg.2593.site.9, 7, 134, 141
537012.5.peg.2593.site.10, 7, 134, 141
537012.5.peg.2593.site.11, 1, 134, 135
537012.5.peg.2593.site.12, 3, 130, 133
537012.5.peg.2593.site.13, 3, 133, 136
537012.5.peg.2593.site.14, 5, 131, 136
537012.5.peg.2593.site.15, 10, 130, 140
537012.5.peg.2593.site.16, 2, 127, 129
537012.5.peg.2593.site.17, 15, 128, 143
537012.5.peg.2593.site.18, 6, 130, 136
537012.5.peg.2593.site.19, 0, 129, 129
537012.5.peg.2593.site.20, 2, 129, 131
537012.5.peg.2593.site.21, 4, 124, 128
537012.5.peg.2593.site.22, 4, 123, 127
537012.5.peg.2593.site.23, 4, 125, 129
537012.5.peg.2593.site.24, 6, 131, 137
537012.5.peg.2593.site.25, 6, 134, 140
537012.5.peg.2593.site.26, 118, 131, 249
537012.5.peg.2593.site.27, 1, 131, 132
537012.5.peg.2593.site.28, 28, 127, 155
537012.5.peg.2593.site.29, 1, 127, 128
537012.5.peg.2593.site.30, 7, 129, 136
537012.5.peg.2593.site.31, 4, 127, 131
537012.5.peg.2593.site.32, 2, 129, 131
537012.5.peg.2593.site.33, 3, 128, 131
537012.5.peg.2593.site.34, 9, 128, 137
537012.5.peg.2593.site.35, 2, 128, 130
537012.5.peg.2593.site.36, 8, 131, 139
537012.5.peg.2593.site.37, 1, 133, 134
537012.5.peg.2593.site.38, 1, 134, 135
537012.5.peg.2593.site.39, 2, 133, 135
537012.5.peg.2593.site.40, 6, 131, 137
537012.5.peg.2593.site.41, 116, 132, 248
537012.5.peg.2593.site.42, 24, 133, 157
537012.5.peg.2593.site.43, 0, 132, 132
537012.5.peg.2593.site.44, 4, 134, 138
537012.5.peg.2593.site.45, 10, 133, 143
537012.5.peg.2593.site.46, 16, 132, 148
537012.5.peg.2593.site.47, 9, 132, 141
537012.5.peg.2593.site.48, 0, 130, 130
537012.5.peg.2593.site.49, 1, 130, 131
537012.5.peg.2593.site.50, 1, 130, 131
537012.5.peg.2593.site.51, 7, 132, 139
537012.5.peg.2593.site.52, 9, 131, 140
537012.5.peg.2593.site.53, 6, 131, 137
537012.5.peg.2593.site.54, 7, 134, 141
537012.5.peg.2593.site.55, 0, 134, 134
537012.5.peg.2593.site.56, 1, 134, 135
537012.5.peg.2593.site.57, 1, 134, 135
537012.5.peg.2593.site.58, 1, 134, 135
537012.5.peg.2593.site.59, 12, 133, 145
537012.5.peg.2593.site.60, 1, 134, 135
537012.5.peg.2593.site.61, 1, 134, 135
537012.5.peg.2593.site.62, 0, 134, 134
537012.5.peg.2593.site.63, 1, 134, 135
537012.5.peg.2593.site.64, 7, 132, 139
537012.5.peg.2593.site.65, 1, 134, 135
537012.5.peg.2346.site.1, 4, 134, 138
537012.5.peg.2346.site.2, 10, 134, 144
537012.5.peg.2346.site.3, 124, 134, 258
537012.5.peg.2346.site.4, 13, 134, 147
537012.5.peg.2346.site.5, 3, 133, 136
537012.5.peg.2346.site.6, 132, 133, 265
537012.5.peg.2346.site.7, 6, 132, 138
537012.5.peg.2346.site.8, 17, 132, 149
537012.5.peg.2346.site.9, 126, 134, 260
537012.5.peg.2346.site.10, 1, 134, 135
537012.5.peg.2346.site.11, 0, 133, 133
537012.5.peg.2346.site.12, 0, 134, 134
537012.5.peg.2346.site.13, 4, 134, 138
537012.5.peg.2346.site.14, 113, 133, 246
537012.5.peg.2346.site.15, 2, 134, 136
537012.5.peg.2346.site.16, 88, 131, 219
537012.5.peg.2346.site.17, 2, 134, 136
537012.5.peg.2346.site.18, 11, 133, 144
537012.5.peg.2346.site.19, 1, 133, 134
537012.5.peg.2346.site.20, 4, 133, 137
537012.5.peg.2346.site.21, 35, 133, 168
537012.5.peg.2346.site.22, 4, 132, 136
537012.5.peg.2346.site.23, 0, 134, 134
537012.5.peg.2346.site.24, 1, 133, 134
537012.5.peg.2346.site.25, 6, 132, 138
537012.5.peg.2346.site.26, 1, 134, 135
537012.5.peg.2346.site.27, 58, 133, 191
537012.5.peg.2346.site.28, 2, 134, 136
537012.5.peg.2346.site.29, 7, 134, 141
537012.5.peg.2346.site.30, 1, 134, 135
537012.5.peg.2346.site.31, 3, 133, 136
537012.5.peg.2346.site.32, 6, 132, 138
537012.5.peg.2346.site.33, 7, 132, 139
537012.5.peg.2346.site.34, 9, 132, 141
537012.5.peg.2346.site.35, 1, 132, 133
537012.5.peg.2346.site.36, 7, 134, 141
537012.5.peg.2346.site.37, 7, 133, 140
537012.5.peg.2346.site.38, 3, 134, 137
537012.5.peg.2346.site.39, 3, 134, 137
537012.5.peg.2346.site.40, 113, 133, 246
537012.5.peg.2346.site.41, 7, 133, 140
537012.5.peg.2346.site.42, 7, 134, 141
537012.5.peg.2346.site.43, 3, 134, 137
537012.5.peg.2346.site.44, 0, 133, 133
537012.5.peg.2346.site.45, 7, 134, 141
537012.5.peg.2346.site.46, 5, 134, 139
537012.5.peg.2346.site.47, 23, 133, 156
537012.5.peg.2346.site.48, 70, 133, 203
537012.5.peg.2346.site.49, 7, 134, 141
537012.5.peg.2346.site.50, 7, 134, 141
537012.5.peg.2346.site.51, 7, 134, 141
537012.5.peg.2346.site.52, 43, 132, 175
537012.5.peg.2346.site.53, 120, 132, 252
537012.5.peg.2346.site.54, 7, 134, 141
537012.5.peg.2346.site.55, 74, 131, 205
537012.5.peg.2346.site.56, 8, 134, 142
537012.5.peg.2346.site.57, 5, 134, 139
537012.5.peg.2346.site.58, 7, 134, 141
537012.5.peg.2346.site.59, 7, 134, 141
537012.5.peg.2346.site.60, 7, 134, 141
537012.5.peg.2346.site.61, 7, 134, 141
537012.5.peg.2346.site.62, 99, 133, 232
537012.5.peg.2346.site.63, 6, 134, 140
537012.5.peg.2346.site.64, 0, 132, 132
537012.5.peg.2346.site.65, 85, 128, 213
537012.5.peg.2346.site.66, 17, 128, 145
537012.5.peg.2599.site.1, 6, 123, 129
537012.5.peg.2599.site.2, 68, 123, 191
537012.5.peg.2599.site.3, 4, 133, 137
537012.5.peg.2599.site.4, 2, 132, 134
537012.5.peg.2599.site.5, 5, 132, 137
537012.5.peg.2599.site.6, 2, 132, 134
537012.5.peg.2599.site.7, 6, 130, 136
537012.5.peg.2599.site.8, 5, 132, 137
537012.5.peg.2599.site.9, 71, 132, 203
537012.5.peg.2599.site.10, 27, 133, 160
537012.5.peg.2599.site.11, 37, 131, 168
537012.5.peg.2599.site.12, 16, 130, 146
537012.5.peg.2599.site.13, 3, 131, 134
537012.5.peg.2599.site.14, 9, 133, 142
537012.5.peg.2599.site.15, 115, 132, 247
537012.5.peg.2599.site.16, 25, 133, 158
537012.5.peg.2599.site.17, 10, 133, 143
537012.5.peg.2599.site.18, 1, 132, 133
537012.5.peg.2599.site.19, 1, 133, 134
537012.5.peg.2599.site.20, 2, 129, 131
537012.5.peg.2599.site.21, 57, 132, 189
537012.5.peg.2599.site.22, 3, 133, 136
537012.5.peg.2599.site.23, 9, 132, 141
537012.5.peg.2599.site.24, 1, 130, 131
537012.5.peg.2599.site.25, 3, 93, 96
537012.5.peg.2599.site.26, 5, 37, 42
537012.5.peg.2599.site.27, 4, 7, 11
537012.5.peg.2599.site.28, 2, 5, 7
537012.5.peg.2205.site.1, 2, 114, 116
537012.5.peg.2205.site.2, 3, 130, 133
537012.5.peg.2205.site.3, 3, 128, 131
537012.5.peg.2205.site.4, 3, 130, 133
537012.5.peg.2205.site.5, 3, 130, 133
537012.5.peg.2205.site.6, 2, 125, 127
537012.5.peg.2205.site.7, 21, 126, 147
537012.5.peg.2205.site.8, 43, 124, 167
537012.5.peg.2205.site.9, 2, 126, 128
537012.5.peg.2205.site.10, 8, 126, 134
537012.5.peg.2205.site.11, 42, 122, 164
537012.5.peg.2205.site.12, 2, 124, 126
537012.5.peg.2205.site.13, 2, 124, 126
537012.5.peg.2205.site.14, 38, 111, 149
537012.5.peg.2205.site.15, 35, 105, 140
537012.5.peg.2205.site.16, 2, 107, 109
537012.5.peg.2205.site.17, 12, 114, 126
537012.5.peg.2205.site.18, 0, 117, 117
537012.5.peg.2205.site.19, 2, 126, 128
537012.5.peg.2205.site.20, 5, 128, 133
537012.5.peg.2205.site.21, 3, 127, 130
537012.5.peg.2205.site.22, 2, 124, 126
537012.5.peg.2205.site.23, 1, 127, 128
537012.5.peg.2205.site.24, 2, 127, 129
537012.5.peg.2205.site.25, 1, 125, 126
537012.5.peg.2205.site.26, 7, 124, 131
537012.5.peg.2205.site.27, 0, 122, 122
537012.5.peg.2205.site.28, 5, 119, 124
537012.5.peg.2205.site.29, 1, 113, 114
537012.5.peg.2205.site.30, 0, 110, 110
537012.5.peg.2205.site.31, 0, 111, 111
537012.5.peg.2205.site.32, 3, 106, 109
537012.5.peg.2205.site.33, 10, 107, 117
537012.5.peg.2205.site.34, 2, 106, 108
537012.5.peg.2205.site.35, 2, 109, 111
537012.5.peg.2205.site.36, 0, 109, 109
537012.5.peg.2205.site.37, 0, 114, 114
537012.5.peg.2205.site.38, 3, 113, 116
537012.5.peg.2205.site.39, 33, 113, 146
537012.5.peg.2205.site.40, 2, 128, 130
537012.5.peg.2205.site.41, 1, 128, 129
537012.5.peg.2205.site.42, 2, 129, 131
537012.5.peg.2205.site.43, 8, 129, 137
537012.5.peg.2205.site.44, 6, 130, 136
537012.5.peg.2205.site.45, 2, 128, 130
537012.5.peg.2205.site.46, 0, 129, 129
537012.5.peg.2205.site.47, 23, 125, 148
537012.5.peg.2205.site.48, 0, 125, 125
537012.5.peg.2205.site.49, 0, 127, 127
537012.5.peg.2205.site.50, 8, 125, 133
537012.5.peg.2205.site.51, 3, 127, 130
537012.5.peg.2205.site.52, 2, 126, 128
537012.5.peg.2205.site.53, 18, 127, 145
537012.5.peg.2205.site.54, 0, 129, 129
537012.5.peg.2206.site.1, 6, 132, 138
537012.5.peg.2206.site.2, 0, 133, 133
537012.5.peg.2206.site.3, 1, 134, 135
537012.5.peg.2206.site.4, 1, 130, 131
537012.5.peg.2206.site.5, 1, 130, 131
537012.5.peg.2206.site.6, 2, 131, 133
537012.5.peg.2206.site.7, 1, 130, 131
537012.5.peg.2206.site.8, 21, 131, 152
537012.5.peg.2206.site.9, 3, 132, 135
537012.5.peg.2206.site.10, 8, 133, 141
537012.5.peg.2206.site.11, 5, 133, 138
537012.5.peg.2206.site.12, 3, 131, 134
537012.5.peg.2206.site.13, 7, 134, 141
537012.5.peg.2206.site.14, 1, 134, 135
537012.5.peg.2206.site.15, 2, 131, 133
537012.5.peg.2206.site.16, 6, 132, 138
537012.5.peg.2206.site.17, 1, 131, 132
537012.5.peg.2206.site.18, 2, 131, 133
537012.5.peg.2206.site.19, 1, 131, 132
537012.5.peg.2206.site.20, 0, 131, 131
537012.5.peg.2206.site.21, 4, 131, 135
537012.5.peg.2206.site.22, 0, 131, 131
537012.5.peg.2206.site.23, 0, 130, 130
537012.5.peg.2206.site.24, 3, 130, 133
537012.5.peg.2206.site.25, 1, 130, 131
537012.5.peg.2206.site.26, 1, 132, 133
537012.5.peg.2206.site.27, 3, 132, 135
537012.5.peg.2206.site.28, 87, 130, 217
537012.5.peg.2206.site.29, 3, 133, 136
537012.5.peg.2206.site.30, 1, 134, 135
537012.5.peg.2206.site.31, 3, 133, 136
537012.5.peg.2206.site.32, 2, 133, 135
537012.5.peg.2206.site.33, 0, 134, 134
537012.5.peg.2206.site.34, 0, 133, 133
537012.5.peg.2206.site.35, 38, 132, 170
537012.5.peg.2206.site.36, 14, 132, 146
537012.5.peg.2206.site.37, 5, 134, 139
537012.5.peg.2206.site.38, 0, 130, 130
537012.5.peg.2206.site.39, 0, 130, 130
537012.5.peg.2206.site.40, 0, 130, 130
537012.5.peg.2206.site.41, 3, 130, 133
537012.5.peg.2206.site.42, 0, 129, 129
537012.5.peg.2206.site.43, 0, 130, 130
537012.5.peg.2206.site.44, 17, 127, 144
537012.5.peg.2206.site.45, 2, 129, 131
537012.5.peg.2206.site.46, 1, 129, 130
537012.5.peg.2206.site.47, 14, 130, 144
537012.5.peg.2206.site.48, 7, 130, 137
537012.5.peg.2206.site.49, 2, 131, 133
537012.5.peg.2206.site.50, 10, 131, 141
537012.5.peg.2206.site.51, 7, 130, 137
537012.5.peg.2206.site.52, 2, 130, 132
537012.5.peg.2206.site.53, 3, 131, 134
537012.5.peg.2206.site.54, 3, 131, 134
537012.5.peg.2206.site.55, 7, 130, 137
537012.5.peg.2206.site.56, 5, 131, 136
537012.5.peg.2206.site.57, 9, 131, 140
537012.5.peg.2206.site.58, 6, 131, 137
537012.5.peg.2206.site.59, 0, 131, 131
537012.5.peg.2206.site.60, 1, 130, 131
537012.5.peg.2206.site.61, 3, 130, 133
537012.5.peg.2206.site.62, 15, 131, 146
537012.5.peg.2206.site.63, 7, 129, 136
537012.5.peg.2206.site.64, 1, 125, 126
537012.5.peg.2207.site.1, 17, 123, 140
537012.5.peg.2207.site.2, 0, 124, 124
537012.5.peg.2207.site.3, 11, 125, 136
537012.5.peg.2207.site.4, 1, 125, 126
537012.5.peg.2207.site.5, 2, 124, 126
537012.5.peg.2207.site.6, 1, 125, 126
537012.5.peg.2207.site.7, 1, 125, 126
537012.5.peg.2207.site.8, 1, 125, 126
537012.5.peg.678.site.1, 3, 75, 78
537012.5.peg.678.site.2, 72, 73, 145
537012.5.peg.678.site.3, 1, 76, 77
537012.5.peg.678.site.4, 6, 76, 82
537012.5.peg.678.site.5, 3, 76, 79
537012.5.peg.678.site.6, 6, 79, 85
537012.5.peg.678.site.7, 6, 80, 86
537012.5.peg.678.site.8, 6, 88, 94
537012.5.peg.678.site.9, 0, 90, 90
537012.5.peg.678.site.10, 5, 90, 95
537012.5.peg.678.site.11, 19, 90, 109
537012.5.peg.678.site.12, 8, 88, 96
537012.5.peg.678.site.13, 7, 91, 98
537012.5.peg.678.site.14, 54, 90, 144
537012.5.peg.678.site.15, 25, 89, 114
537012.5.peg.678.site.16, 3, 90, 93
537012.5.peg.678.site.17, 10, 89, 99
537012.5.peg.678.site.18, 0, 88, 88
537012.5.peg.678.site.19, 2, 92, 94
537012.5.peg.678.site.20, 8, 90, 98
537012.5.peg.678.site.21, 19, 93, 112
537012.5.peg.678.site.22, 24, 90, 114
537012.5.peg.678.site.23, 24, 92, 116
537012.5.peg.678.site.24, 0, 90, 90
537012.5.peg.678.site.25, 43, 84, 127
537012.5.peg.678.site.26, 29, 80, 109
537012.5.peg.678.site.27, 10, 80, 90
537012.5.peg.678.site.28, 7, 79, 86
537012.5.peg.678.site.29, 5, 80, 85
537012.5.peg.678.site.30, 1, 77, 78
537012.5.peg.678.site.31, 0, 76, 76
537012.5.peg.678.site.32, 0, 75, 75
537012.5.peg.678.site.33, 2, 76, 78
537012.5.peg.678.site.34, 5, 78, 83
537012.5.peg.678.site.35, 9, 79, 88
537012.5.peg.678.site.36, 4, 92, 96
537012.5.peg.678.site.37, 5, 94, 99
537012.5.peg.678.site.38, 30, 99, 129
537012.5.peg.678.site.39, 2, 100, 102
537012.5.peg.678.site.40, 2, 101, 103
537012.5.peg.678.site.41, 1, 101, 102
537012.5.peg.678.site.42, 2, 106, 108
537012.5.peg.678.site.43, 2, 113, 115
537012.5.peg.678.site.44, 13, 116, 129
537012.5.peg.678.site.45, 2, 117, 119
537012.5.peg.678.site.46, 19, 117, 136
537012.5.peg.678.site.47, 1, 115, 116
537012.5.peg.678.site.48, 1, 115, 116
537012.5.peg.678.site.49, 31, 123, 154
537012.5.peg.678.site.50, 12, 118, 130
537012.5.peg.678.site.51, 0, 119, 119
537012.5.peg.678.site.52, 14, 128, 142
537012.5.peg.678.site.53, 0, 132, 132
537012.5.peg.678.site.54, 114, 130, 244
537012.5.peg.678.site.55, 14, 129, 143
537012.5.peg.679.site.1, 1, 84, 85
537012.5.peg.679.site.2, 22, 82, 104
537012.5.peg.679.site.3, 16, 86, 102
537012.5.peg.679.site.4, 1, 87, 88
537012.5.peg.679.site.5, 46, 82, 128
537012.5.peg.679.site.6, 1, 81, 82
537012.5.peg.679.site.7, 2, 75, 77
537012.5.peg.679.site.8, 31, 68, 99
537012.5.peg.679.site.9, 65, 69, 134
537012.5.peg.679.site.10, 12, 70, 82
537012.5.peg.679.site.11, 1, 72, 73
537012.5.peg.679.site.12, 19, 74, 93
537012.5.peg.679.site.13, 1, 78, 79
537012.5.peg.679.site.14, 15, 78, 93
537012.5.peg.679.site.15, 1, 79, 80
537012.5.peg.679.site.16, 1, 82, 83
537012.5.peg.679.site.17, 69, 82, 151
537012.5.peg.679.site.18, 0, 83, 83
537012.5.peg.679.site.19, 22, 80, 102
537012.5.peg.679.site.20, 6, 81, 87
537012.5.peg.679.site.21, 1, 81, 82
537012.5.peg.679.site.22, 59, 81, 140
537012.5.peg.2202.site.1, 1, 121, 122
537012.5.peg.2202.site.2, 1, 117, 118
537012.5.peg.2202.site.3, 1, 113, 114
537012.5.peg.2202.site.4, 6, 94, 100
537012.5.peg.2202.site.5, 7, 89, 96
537012.5.peg.2202.site.6, 0, 93, 93
537012.5.peg.2202.site.7, 15, 90, 105
537012.5.peg.2202.site.8, 6, 90, 96
537012.5.peg.2202.site.9, 2, 89, 91
537012.5.peg.2202.site.10, 9, 90, 99
537012.5.peg.2202.site.11, 3, 90, 93
537012.5.peg.2202.site.12, 3, 91, 94
537012.5.peg.2202.site.13, 6, 93, 99
537012.5.peg.2202.site.14, 3, 94, 97
537012.5.peg.2202.site.15, 9, 95, 104
537012.5.peg.2202.site.16, 1, 97, 98
537012.5.peg.2203.site.1, 2, 123, 125
537012.5.peg.2203.site.2, 7, 128, 135
537012.5.peg.2203.site.3, 2, 128, 130
537012.5.peg.2203.site.4, 2, 125, 127
537012.5.peg.2203.site.5, 1, 125, 126
537012.5.peg.2203.site.6, 1, 126, 127
537012.5.peg.2203.site.7, 0, 124, 124
537012.5.peg.2203.site.8, 29, 124, 153
537012.5.peg.2203.site.9, 3, 127, 130
537012.5.peg.2203.site.10, 7, 123, 130
537012.5.peg.2203.site.11, 5, 125, 130
537012.5.peg.2203.site.12, 5, 125, 130
537012.5.peg.2203.site.13, 5, 125, 130
537012.5.peg.2203.site.14, 9, 129, 138
537012.5.peg.2203.site.15, 1, 129, 130
537012.5.peg.2203.site.16, 1, 130, 131
537012.5.peg.2203.site.17, 8, 129, 137
537012.5.peg.2203.site.18, 1, 129, 130
537012.5.peg.2203.site.19, 2, 132, 134
537012.5.peg.2203.site.20, 8, 129, 137
537012.5.peg.3376.site.1, 122, 127, 249
537012.5.peg.3376.site.2, 36, 126, 162
537012.5.peg.3376.site.3, 57, 125, 182
537012.5.peg.3376.site.4, 0, 127, 127
537012.5.peg.3376.site.5, 3, 125, 128
537012.5.peg.3376.site.6, 74, 123, 197
537012.5.peg.3376.site.7, 90, 115, 205
537012.5.peg.3376.site.8, 57, 110, 167
537012.5.peg.3376.site.9, 56, 95, 151
537012.5.peg.3376.site.10, 3, 94, 97
537012.5.peg.3376.site.11, 86, 91, 177
537012.5.peg.3376.site.12, 87, 91, 178
537012.5.peg.3376.site.13, 78, 91, 169
537012.5.peg.3376.site.14, 52, 94, 146
537012.5.peg.3376.site.15, 1, 126, 127
537012.5.peg.3376.site.16, 0, 113, 113
537012.5.peg.3375.site.1, 2, 126, 128
537012.5.peg.3375.site.2, 2, 126, 128
537012.5.peg.3375.site.3, 2, 125, 127
537012.5.peg.3375.site.4, 65, 127, 192
537012.5.peg.3375.site.5, 0, 125, 125
537012.5.peg.3375.site.6, 1, 126, 127
537012.5.peg.3375.site.7, 1, 126, 127
537012.5.peg.3375.site.8, 3, 125, 128
537012.5.peg.3375.site.9, 22, 126, 148
537012.5.peg.3375.site.10, 4, 127, 131
537012.5.peg.3375.site.11, 2, 127, 129
537012.5.peg.3375.site.12, 18, 125, 143
537012.5.peg.3375.site.13, 15, 125, 140
537012.5.peg.3375.site.14, 12, 127, 139
537012.5.peg.3375.site.15, 93, 127, 220
537012.5.peg.3375.site.16, 4, 127, 131
537012.5.peg.3375.site.17, 106, 127, 233
537012.5.peg.3375.site.18, 3, 127, 130
537012.5.peg.3375.site.19, 33, 125, 158
537012.5.peg.3375.site.20, 8, 125, 133
537012.5.peg.3375.site.21, 4, 127, 131
537012.5.peg.3375.site.22, 110, 126, 236
537012.5.peg.3375.site.23, 110, 124, 234
537012.5.peg.3375.site.24, 0, 125, 125
537012.5.peg.3375.site.25, 50, 124, 174
537012.5.peg.3375.site.26, 25, 124, 149
537012.5.peg.3375.site.27, 0, 126, 126
537012.5.peg.3375.site.28, 26, 124, 150
537012.5.peg.3375.site.29, 30, 124, 154
537012.5.peg.3375.site.30, 32, 127, 159
537012.5.peg.3375.site.31, 3, 126, 129
537012.5.peg.3375.site.32, 61, 125, 186
537012.5.peg.3375.site.33, 4, 126, 130
537012.5.peg.3375.site.34, 66, 123, 189
537012.5.peg.3375.site.35, 46, 122, 168
537012.5.peg.3375.site.36, 43, 124, 167
537012.5.peg.3375.site.37, 4, 124, 128
537012.5.peg.3375.site.38, 50, 123, 173
537012.5.peg.3375.site.39, 73, 124, 197
537012.5.peg.3375.site.40, 17, 125, 142
537012.5.peg.3375.site.41, 1, 125, 126
537012.5.peg.3375.site.42, 1, 126, 127
537012.5.peg.3375.site.43, 1, 126, 127
537012.5.peg.3375.site.44, 0, 126, 126
537012.5.peg.3375.site.45, 3, 124, 127
537012.5.peg.3375.site.46, 2, 123, 125
537012.5.peg.3375.site.47, 3, 120, 123
537012.5.peg.3375.site.48, 23, 120, 143
537012.5.peg.3375.site.49, 45, 113, 158
537012.5.peg.3375.site.50, 16, 70, 86
537012.5.peg.3375.site.51, 17, 72, 89
537012.5.peg.3375.site.52, 17, 91, 108
537012.5.peg.3374.site.1, 4, 121, 125
537012.5.peg.3374.site.2, 80, 120, 200
537012.5.peg.3374.site.3, 63, 125, 188
537012.5.peg.3374.site.4, 84, 125, 209
537012.5.peg.3374.site.5, 3, 126, 129
537012.5.peg.3374.site.6, 101, 126, 227
537012.5.peg.3374.site.7, 2, 127, 129
537012.5.peg.3374.site.8, 1, 127, 128
537012.5.peg.3374.site.9, 49, 124, 173
537012.5.peg.3374.site.10, 4, 126, 130
537012.5.peg.3374.site.11, 4, 125, 129
537012.5.peg.3374.site.12, 51, 125, 176
537012.5.peg.3374.site.13, 0, 126, 126
537012.5.peg.3374.site.14, 25, 120, 145
537012.5.peg.3374.site.15, 45, 119, 164
537012.5.peg.3374.site.16, 0, 117, 117
537012.5.peg.3374.site.17, 17, 123, 140
537012.5.peg.3374.site.18, 20, 100, 120
537012.5.peg.3374.site.19, 5, 83, 88
537012.5.peg.3374.site.20, 24, 73, 97
537012.5.peg.3374.site.21, 81, 112, 193
537012.5.peg.3374.site.22, 29, 123, 152
537012.5.peg.3374.site.23, 4, 125, 129
537012.5.peg.3374.site.24, 3, 127, 130
537012.5.peg.3374.site.25, 5, 125, 130
537012.5.peg.3374.site.26, 2, 126, 128
537012.5.peg.3374.site.27, 2, 127, 129
537012.5.peg.3374.site.28, 36, 127, 163
537012.5.peg.3374.site.29, 10, 125, 135
537012.5.peg.3374.site.30, 106, 125, 231
537012.5.peg.3374.site.31, 12, 127, 139
537012.5.peg.2208.site.1, 123, 125, 248
537012.5.peg.2208.site.2, 0, 124, 124
537012.5.peg.2208.site.3, 1, 125, 126
537012.5.peg.2208.site.4, 45, 123, 168
537012.5.peg.2208.site.5, 0, 124, 124
537012.5.peg.2208.site.6, 1, 123, 124
537012.5.peg.2208.site.7, 1, 123, 124
537012.5.peg.2208.site.8, 2, 123, 125
537012.5.peg.2208.site.9, 1, 123, 124
537012.5.peg.2208.site.10, 1, 124, 125
537012.5.peg.2208.site.11, 0, 123, 123
537012.5.peg.2208.site.12, 1, 125, 126
537012.5.peg.2208.site.13, 2, 125, 127
537012.5.peg.2208.site.14, 1, 125, 126
537012.5.peg.2208.site.15, 1, 125, 126
537012.5.peg.2208.site.16, 1, 124, 125
537012.5.peg.2208.site.17, 0, 124, 124
537012.5.peg.2208.site.18, 1, 123, 124
537012.5.peg.2208.site.19, 0, 124, 124
537012.5.peg.2208.site.20, 1, 125, 126
537012.5.peg.2208.site.21, 44, 125, 169
537012.5.peg.2208.site.22, 1, 126, 127
537012.5.peg.2208.site.23, 1, 125, 126
537012.5.peg.2208.site.24, 1, 125, 126
537012.5.peg.2208.site.25, 1, 125, 126
537012.5.peg.2208.site.26, 118, 125, 243
537012.5.peg.2208.site.27, 1, 125, 126
537012.5.peg.2208.site.28, 119, 125, 244
537012.5.peg.2208.site.29, 1, 125, 126
537012.5.peg.2208.site.30, 3, 125, 128
537012.5.peg.2208.site.31, 1, 124, 125
537012.5.peg.2208.site.32, 1, 125, 126
537012.5.peg.2208.site.33, 1, 125, 126
537012.5.peg.2208.site.34, 1, 125, 126
537012.5.peg.2208.site.35, 3, 125, 128
537012.5.peg.2208.site.36, 1, 125, 126
537012.5.peg.2208.site.37, 1, 124, 125
537012.5.peg.2208.site.38, 1, 124, 125
537012.5.peg.2208.site.39, 11, 123, 134
537012.5.peg.2208.site.40, 107, 124, 231
537012.5.peg.2208.site.41, 1, 125, 126
537012.5.peg.2208.site.42, 1, 124, 125
537012.5.peg.2208.site.43, 0, 125, 125
537012.5.peg.2208.site.44, 113, 123, 236
537012.5.peg.2208.site.45, 0, 123, 123
537012.5.peg.2208.site.46, 1, 123, 124
537012.5.peg.2208.site.47, 1, 124, 125
537012.5.peg.2208.site.48, 3, 124, 127
537012.5.peg.2208.site.49, 52, 123, 175
537012.5.peg.2208.site.50, 52, 123, 175
537012.5.peg.2208.site.51, 0, 124, 124
537012.5.peg.2208.site.52, 0, 125, 125
537012.5.peg.2208.site.53, 2, 124, 126
537012.5.peg.2208.site.54, 1, 124, 125
537012.5.peg.2208.site.55, 0, 124, 124
537012.5.peg.2208.site.56, 1, 124, 125
537012.5.peg.2208.site.57, 1, 125, 126
537012.5.peg.2208.site.58, 1, 124, 125
537012.5.peg.2208.site.59, 7, 124, 131
537012.5.peg.2208.site.60, 1, 125, 126
537012.5.peg.2208.site.61, 1, 124, 125
537012.5.peg.2208.site.62, 1, 125, 126
537012.5.peg.2208.site.63, 0, 125, 125
537012.5.peg.2208.site.64, 30, 125, 155
537012.5.peg.2208.site.65, 28, 125, 153
537012.5.peg.2208.site.66, 1, 125, 126
537012.5.peg.2209.site.1, 0, 122, 122
537012.5.peg.2209.site.2, 1, 124, 125
537012.5.peg.2209.site.3, 1, 124, 125
537012.5.peg.2209.site.4, 17, 125, 142
537012.5.peg.2209.site.5, 1, 124, 125
537012.5.peg.2209.site.6, 11, 124, 135
537012.5.peg.2209.site.7, 122, 124, 246
537012.5.peg.2209.site.8, 1, 123, 124
537012.5.peg.2209.site.9, 1, 125, 126
537012.5.peg.2209.site.10, 23, 124, 147
537012.5.peg.2209.site.11, 1, 123, 124
537012.5.peg.2209.site.12, 1, 125, 126
537012.5.peg.2209.site.13, 1, 125, 126
537012.5.peg.2209.site.14, 1, 124, 125
537012.5.peg.2209.site.15, 1, 124, 125
537012.5.peg.2209.site.16, 8, 124, 132
537012.5.peg.2209.site.17, 1, 125, 126
537012.5.peg.2209.site.18, 103, 123, 226
537012.5.peg.2209.site.19, 3, 124, 127
537012.5.peg.2209.site.20, 0, 124, 124
537012.5.peg.2209.site.21, 1, 124, 125
537012.5.peg.2209.site.22, 1, 125, 126
537012.5.peg.2209.site.23, 1, 125, 126
537012.5.peg.2209.site.24, 1, 125, 126
537012.5.peg.2209.site.25, 0, 125, 125
537012.5.peg.2209.site.26, 1, 125, 126
537012.5.peg.2209.site.27, 0, 124, 124
537012.5.peg.2209.site.28, 1, 125, 126
537012.5.peg.2209.site.29, 4, 125, 129
537012.5.peg.2209.site.30, 1, 125, 126
537012.5.peg.2209.site.31, 1, 126, 127
537012.5.peg.2209.site.32, 0, 124, 124
537012.5.peg.3370.site.1, 2, 104, 106
537012.5.peg.3370.site.2, 9, 95, 104
537012.5.peg.3370.site.3, 2, 93, 95
537012.5.peg.3370.site.4, 7, 92, 99
537012.5.peg.3370.site.5, 19, 90, 109
537012.5.peg.3370.site.6, 1, 90, 91
537012.5.peg.3370.site.7, 17, 88, 105
537012.5.peg.3370.site.8, 1, 89, 90
537012.5.peg.3370.site.9, 8, 92, 100
537012.5.peg.3370.site.10, 2, 91, 93
537012.5.peg.3370.site.11, 4, 105, 109
537012.5.peg.3370.site.12, 5, 107, 112
537012.5.peg.3370.site.13, 0, 106, 106
537012.5.peg.3370.site.14, 1, 106, 107
537012.5.peg.3370.site.15, 10, 105, 115
537012.5.peg.3370.site.16, 0, 109, 109
537012.5.peg.3370.site.17, 10, 104, 114
537012.5.peg.3370.site.18, 2, 100, 102
537012.5.peg.3370.site.19, 3, 98, 101
537012.5.peg.3370.site.20, 1, 95, 96
537012.5.peg.3370.site.21, 8, 91, 99
537012.5.peg.3370.site.22, 5, 88, 93
537012.5.peg.3370.site.23, 5, 91, 96
537012.5.peg.3370.site.24, 1, 90, 91
537012.5.peg.3293.site.1, 3, 124, 127
537012.5.peg.3293.site.2, 0, 129, 129
537012.5.peg.3293.site.3, 0, 127, 127
537012.5.peg.3293.site.4, 10, 126, 136
537012.5.peg.3293.site.5, 1, 127, 128
537012.5.peg.3293.site.6, 44, 125, 169
537012.5.peg.3293.site.7, 3, 127, 130
537012.5.peg.3293.site.8, 1, 127, 128
537012.5.peg.3293.site.9, 0, 122, 122
537012.5.peg.3293.site.10, 2, 120, 122
537012.5.peg.3293.site.11, 1, 123, 124
537012.5.peg.3293.site.12, 2, 123, 125
537012.5.peg.3293.site.13, 7, 119, 126
537012.5.peg.3293.site.14, 28, 119, 147
537012.5.peg.3293.site.15, 4, 123, 127
537012.5.peg.3293.site.16, 0, 122, 122
537012.5.peg.3293.site.17, 9, 124, 133
537012.5.peg.3293.site.18, 7, 124, 131
537012.5.peg.3293.site.19, 3, 129, 132
537012.5.peg.3293.site.20, 3, 126, 129
537012.5.peg.3293.site.21, 7, 129, 136
537012.5.peg.3293.site.22, 1, 129, 130
537012.5.peg.3293.site.23, 4, 129, 133
537012.5.peg.3293.site.24, 3, 129, 132
537012.5.peg.3293.site.25, 3, 128, 131
537012.5.peg.3293.site.26, 18, 127, 145
537012.5.peg.3293.site.27, 2, 129, 131
537012.5.peg.3293.site.28, 5, 129, 134
537012.5.peg.3293.site.29, 6, 127, 133
537012.5.peg.3293.site.30, 24, 128, 152
537012.5.peg.3293.site.31, 0, 129, 129
537012.5.peg.3293.site.32, 12, 129, 141
537012.5.peg.3293.site.33, 6, 128, 134
537012.5.peg.3293.site.34, 1, 125, 126
537012.5.peg.3293.site.35, 29, 124, 153
537012.5.peg.3293.site.36, 5, 125, 130
537012.5.peg.3293.site.37, 1, 126, 127
537012.5.peg.3293.site.38, 3, 125, 128
537012.5.peg.3293.site.39, 5, 121, 126
537012.5.peg.3293.site.40, 4, 120, 124
537012.5.peg.3293.site.41, 4, 120, 124
537012.5.peg.3293.site.42, 3, 120, 123
537012.5.peg.3293.site.43, 49, 121, 170
537012.5.peg.3293.site.44, 120, 123, 243
537012.5.peg.3293.site.45, 1, 127, 128
537012.5.peg.3293.site.46, 13, 126, 139
537012.5.peg.3293.site.47, 1, 125, 126
537012.5.peg.3293.site.48, 16, 128, 144
537012.5.peg.3293.site.49, 1, 129, 130
537012.5.peg.3293.site.50, 4, 127, 131
537012.5.peg.3293.site.51, 4, 127, 131
537012.5.peg.3293.site.52, 1, 128, 129
537012.5.peg.3293.site.53, 1, 128, 129
537012.5.peg.3293.site.54, 1, 129, 130
537012.5.peg.3293.site.55, 1, 129, 130
537012.5.peg.3293.site.56, 3, 128, 131
537012.5.peg.3293.site.57, 1, 128, 129
537012.5.peg.3293.site.58, 20, 129, 149
537012.5.peg.3293.site.59, 7, 129, 136
537012.5.peg.3293.site.60, 77, 128, 205
537012.5.peg.3293.site.61, 1, 129, 130
537012.5.peg.3293.site.62, 12, 128, 140
537012.5.peg.3293.site.63, 2, 128, 130
537012.5.peg.3293.site.64, 1, 128, 129
537012.5.peg.3293.site.65, 3, 128, 131
537012.5.peg.3081.site.1, 55, 128, 183
537012.5.peg.3081.site.2, 7, 128, 135
537012.5.peg.3081.site.3, 1, 127, 128
537012.5.peg.3081.site.4, 45, 128, 173
537012.5.peg.3081.site.5, 37, 129, 166
537012.5.peg.3081.site.6, 7, 129, 136
537012.5.peg.3081.site.7, 59, 129, 188
537012.5.peg.3081.site.8, 7, 129, 136
537012.5.peg.3081.site.9, 6, 128, 134
537012.5.peg.3081.site.10, 7, 128, 135
537012.5.peg.3081.site.11, 2, 129, 131
537012.5.peg.3081.site.12, 5, 129, 134
537012.5.peg.3081.site.13, 2, 129, 131
537012.5.peg.3081.site.14, 4, 127, 131
537012.5.peg.3081.site.15, 58, 126, 184
537012.5.peg.3081.site.16, 73, 127, 200
537012.5.peg.3081.site.17, 1, 128, 129
537012.5.peg.3081.site.18, 4, 128, 132
537012.5.peg.3081.site.19, 1, 128, 129
537012.5.peg.3081.site.20, 7, 127, 134
537012.5.peg.3081.site.21, 67, 121, 188
537012.5.peg.3081.site.22, 68, 121, 189
537012.5.peg.3081.site.23, 70, 123, 193
537012.5.peg.3081.site.24, 10, 126, 136
537012.5.peg.3081.site.25, 1, 128, 129
537012.5.peg.3081.site.26, 17, 128, 145
537012.5.peg.3080.site.1, 7, 128, 135
537012.5.peg.3080.site.2, 7, 129, 136
537012.5.peg.3080.site.3, 3, 129, 132
537012.5.peg.3080.site.4, 3, 129, 132
537012.5.peg.3080.site.5, 3, 129, 132
537012.5.peg.3080.site.6, 0, 128, 128
537012.5.peg.3080.site.7, 123, 128, 251
537012.5.peg.3080.site.8, 7, 129, 136
537012.5.peg.3080.site.9, 7, 129, 136
537012.5.peg.3080.site.10, 0, 129, 129
537012.5.peg.3080.site.11, 113, 129, 242
537012.5.peg.3080.site.12, 0, 129, 129
537012.5.peg.3080.site.13, 15, 126, 141
537012.5.peg.3080.site.14, 7, 128, 135
537012.5.peg.3080.site.15, 7, 127, 134
537012.5.peg.3080.site.16, 96, 127, 223
537012.5.peg.3080.site.17, 7, 127, 134
537012.5.peg.3080.site.18, 43, 126, 169
537012.5.peg.3080.site.19, 56, 128, 184
537012.5.peg.3080.site.20, 121, 123, 244
537012.5.peg.3080.site.21, 7, 127, 134
537012.5.peg.3080.site.22, 3, 127, 130
537012.5.peg.3080.site.23, 8, 127, 135
537012.5.peg.3080.site.24, 4, 129, 133
537012.5.peg.3080.site.25, 7, 128, 135
537012.5.peg.3080.site.26, 3, 128, 131
537012.5.peg.3080.site.27, 0, 129, 129
537012.5.peg.3080.site.28, 29, 129, 158
537012.5.peg.3080.site.29, 79, 128, 207
537012.5.peg.3080.site.30, 2, 129, 131
537012.5.peg.3080.site.31, 0, 129, 129
537012.5.peg.3080.site.32, 4, 129, 133
537012.5.peg.3080.site.33, 2, 128, 130
537012.5.peg.3080.site.34, 5, 128, 133
537012.5.peg.3080.site.35, 7, 129, 136
537012.5.peg.3080.site.36, 2, 129, 131
537012.5.peg.3082.site.1, 11, 127, 138
537012.5.peg.3082.site.2, 1, 127, 128
537012.5.peg.3082.site.3, 3, 128, 131
537012.5.peg.3082.site.4, 84, 123, 207
537012.5.peg.3082.site.5, 24, 127, 151
537012.5.peg.3082.site.6, 58, 126, 184
537012.5.peg.3082.site.7, 43, 126, 169
537012.5.peg.3082.site.8, 10, 127, 137
537012.5.peg.3082.site.9, 53, 127, 180
537012.5.peg.3082.site.10, 10, 127, 137
537012.5.peg.3082.site.11, 43, 128, 171
537012.5.peg.3082.site.12, 2, 128, 130
537012.5.peg.3082.site.13, 7, 127, 134
537012.5.peg.3082.site.14, 5, 128, 133
537012.5.peg.3082.site.15, 96, 127, 223
537012.5.peg.3082.site.16, 95, 124, 219
537012.5.peg.3082.site.17, 10, 125, 135
537012.5.peg.3082.site.18, 10, 127, 137
537012.5.peg.3082.site.19, 29, 127, 156
537012.5.peg.3082.site.20, 10, 125, 135
537012.5.peg.3082.site.21, 4, 125, 129
537012.5.peg.3082.site.22, 2, 125, 127
537012.5.peg.3082.site.23, 3, 127, 130
537012.5.peg.3082.site.24, 60, 129, 189
537012.5.peg.3082.site.25, 9, 128, 137
537012.5.peg.4754.site.1, 16, 118, 134
537012.5.peg.4754.site.2, 5, 122, 127
537012.5.peg.4754.site.3, 73, 116, 189
537012.5.peg.4754.site.4, 19, 113, 132
537012.5.peg.4754.site.5, 2, 105, 107
537012.5.peg.4754.site.6, 15, 96, 111
537012.5.peg.4754.site.7, 1, 93, 94
537012.5.peg.4754.site.8, 1, 99, 100
537012.5.peg.4754.site.9, 1, 101, 102
537012.5.peg.4754.site.10, 0, 112, 112
537012.5.peg.4754.site.11, 10, 118, 128
537012.5.peg.4754.site.12, 10, 119, 129
537012.5.peg.4754.site.13, 12, 114, 126
537012.5.peg.4754.site.14, 8, 113, 121
537012.5.peg.4754.site.15, 7, 112, 119
537012.5.peg.4754.site.16, 4, 109, 113
537012.5.peg.4754.site.17, 1, 106, 107
537012.5.peg.4754.site.18, 3, 106, 109
537012.5.peg.4754.site.19, 5, 109, 114
537012.5.peg.4754.site.20, 59, 103, 162
537012.5.peg.4754.site.21, 38, 105, 143
537012.5.peg.4754.site.22, 1, 109, 110
537012.5.peg.4754.site.23, 1, 104, 105
537012.5.peg.4754.site.24, 39, 106, 145
537012.5.peg.4754.site.25, 1, 109, 110
537012.5.peg.4754.site.26, 14, 112, 126
537012.5.peg.4754.site.27, 16, 112, 128
537012.5.peg.4754.site.28, 27, 111, 138
537012.5.peg.4754.site.29, 31, 106, 137
537012.5.peg.4754.site.30, 2, 108, 110
537012.5.peg.4754.site.31, 29, 111, 140
537012.5.peg.4754.site.32, 29, 112, 141
537012.5.peg.4754.site.33, 0, 111, 111
537012.5.peg.4754.site.34, 6, 120, 126
537012.5.peg.4754.site.35, 1, 119, 120
537012.5.peg.4754.site.36, 17, 123, 140
537012.5.peg.4754.site.37, 0, 127, 127
537012.5.peg.4754.site.38, 13, 128, 141
537012.5.peg.4754.site.39, 2, 131, 133
537012.5.peg.4754.site.40, 1, 132, 133
537012.5.peg.4754.site.41, 53, 127, 180
537012.5.peg.4754.site.42, 2, 127, 129
537012.5.peg.4754.site.43, 3, 129, 132
537012.5.peg.4754.site.44, 0, 128, 128
537012.5.peg.4754.site.45, 3, 126, 129
537012.5.peg.4754.site.46, 7, 115, 122
537012.5.peg.4754.site.47, 22, 112, 134
537012.5.peg.4754.site.48, 1, 103, 104
537012.5.peg.4754.site.49, 34, 86, 120
537012.5.peg.4754.site.50, 21, 73, 94
537012.5.peg.4754.site.51, 3, 66, 69
537012.5.peg.4754.site.52, 19, 57, 76
537012.5.peg.4754.site.53, 3, 53, 56
537012.5.peg.4754.site.54, 9, 47, 56
537012.5.peg.4754.site.55, 5, 47, 52
537012.5.peg.4754.site.56, 2, 39, 41
537012.5.peg.4757.site.1, 1, 79, 80
537012.5.peg.4757.site.2, 3, 82, 85
537012.5.peg.4757.site.3, 3, 84, 87
537012.5.peg.4757.site.4, 1, 87, 88
537012.5.peg.4757.site.5, 11, 93, 104
537012.5.peg.4757.site.6, 1, 92, 93
537012.5.peg.4757.site.7, 96, 122, 218
537012.5.peg.4757.site.8, 1, 124, 125
537012.5.peg.4757.site.9, 32, 124, 156
537012.5.peg.4757.site.10, 1, 123, 124
537012.5.peg.4757.site.11, 2, 127, 129
537012.5.peg.4757.site.12, 1, 126, 127
537012.5.peg.4757.site.13, 1, 125, 126
537012.5.peg.4757.site.14, 0, 119, 119
537012.5.peg.4757.site.15, 2, 121, 123
537012.5.peg.4757.site.16, 35, 120, 155
537012.5.peg.4757.site.17, 5, 119, 124
537012.5.peg.4757.site.18, 1, 125, 126
537012.5.peg.4757.site.19, 118, 123, 241
537012.5.peg.4757.site.20, 28, 128, 156
537012.5.peg.4757.site.21, 52, 130, 182
537012.5.peg.4757.site.22, 1, 129, 130
537012.5.peg.4757.site.23, 23, 128, 151
537012.5.peg.4757.site.24, 2, 129, 131
537012.5.peg.4757.site.25, 5, 127, 132
537012.5.peg.4757.site.26, 12, 126, 138
537012.5.peg.4757.site.27, 0, 130, 130
537012.5.peg.4757.site.28, 0, 131, 131
537012.5.peg.4757.site.29, 3, 131, 134
537012.5.peg.4757.site.30, 3, 130, 133
537012.5.peg.4757.site.31, 2, 129, 131
537012.5.peg.4757.site.32, 1, 124, 125
537012.5.peg.4757.site.33, 37, 127, 164
537012.5.peg.4757.site.34, 1, 132, 133
537012.5.peg.4757.site.35, 81, 126, 207
537012.5.peg.4757.site.36, 0, 122, 122
537012.5.peg.4757.site.37, 28, 118, 146
537012.5.peg.4757.site.38, 45, 94, 139
537012.5.peg.4757.site.39, 47, 96, 143
537012.5.peg.4757.site.40, 0, 112, 112
537012.5.peg.4757.site.41, 36, 128, 164
537012.5.peg.4757.site.42, 0, 130, 130
537012.5.peg.4757.site.43, 7, 132, 139
537012.5.peg.4757.site.44, 31, 133, 164
537012.5.peg.4757.site.45, 0, 129, 129
537012.5.peg.4757.site.46, 1, 124, 125
537012.5.peg.4757.site.47, 1, 125, 126
537012.5.peg.4757.site.48, 1, 123, 124
537012.5.peg.4757.site.49, 73, 114, 187
537012.5.peg.4757.site.50, 49, 109, 158
537012.5.peg.4757.site.51, 11, 105, 116
537012.5.peg.4757.site.52, 0, 101, 101
537012.5.peg.4757.site.53, 34, 81, 115
537012.5.peg.4757.site.54, 32, 79, 111
537012.5.peg.4757.site.55, 25, 74, 99
537012.5.peg.4757.site.56, 19, 68, 87
537012.5.peg.4757.site.57, 13, 62, 75
537012.5.peg.4757.site.58, 5, 54, 59
537012.5.peg.4757.site.59, 47, 49, 96
537012.5.peg.4757.site.60, 2, 49, 51
537012.5.peg.4757.site.61, 1, 49, 50
537012.5.peg.4757.site.62, 6, 55, 61
537012.5.peg.4757.site.63, 61, 78, 139
537012.5.peg.4757.site.64, 1, 86, 87
537012.5.peg.4757.site.65, 68, 96, 164
537012.5.peg.4757.site.66, 0, 106, 106
537012.5.peg.4757.site.67, 0, 112, 112
537012.5.peg.4757.site.68, 2, 128, 130
537012.5.peg.4757.site.69, 2, 129, 131
537012.5.peg.4757.site.70, 0, 129, 129
537012.5.peg.4757.site.71, 3, 131, 134
537012.5.peg.4757.site.72, 0, 131, 131
537012.5.peg.4757.site.73, 0, 131, 131
537012.5.peg.4757.site.74, 6, 132, 138
537012.5.peg.4757.site.75, 5, 132, 137
537012.5.peg.4750.site.1, 9, 129, 138
537012.5.peg.4750.site.2, 19, 132, 151
537012.5.peg.4750.site.3, 6, 132, 138
537012.5.peg.4750.site.4, 0, 130, 130
537012.5.peg.4750.site.5, 5, 130, 135
537012.5.peg.4750.site.6, 2, 128, 130
537012.5.peg.4750.site.7, 10, 129, 139
537012.5.peg.4750.site.8, 6, 132, 138
537012.5.peg.4750.site.9, 3, 132, 135
537012.5.peg.4750.site.10, 50, 133, 183
537012.5.peg.4750.site.11, 1, 134, 135
537012.5.peg.4750.site.12, 4, 134, 138
537012.5.peg.4750.site.13, 4, 132, 136
537012.5.peg.4750.site.14, 1, 134, 135
537012.5.peg.4750.site.15, 4, 133, 137
537012.5.peg.4750.site.16, 1, 133, 134
537012.5.peg.4750.site.17, 6, 134, 140
537012.5.peg.4750.site.18, 26, 133, 159
537012.5.peg.4750.site.19, 4, 131, 135
537012.5.peg.4750.site.20, 11, 131, 142
537012.5.peg.4750.site.21, 4, 131, 135
537012.5.peg.4750.site.22, 12, 127, 139
537012.5.peg.4750.site.23, 3, 127, 130
537012.5.peg.4750.site.24, 3, 128, 131
537012.5.peg.4750.site.25, 1, 128, 129
537012.5.peg.4750.site.26, 1, 128, 129
537012.5.peg.4750.site.27, 6, 127, 133
537012.5.peg.4750.site.28, 6, 127, 133
537012.5.peg.4750.site.29, 5, 125, 130
537012.5.peg.4750.site.30, 3, 127, 130
537012.5.peg.4750.site.31, 0, 126, 126
537012.5.peg.4750.site.32, 4, 128, 132
537012.5.peg.4750.site.33, 11, 127, 138
537012.5.peg.4750.site.34, 23, 126, 149
537012.5.peg.4750.site.35, 18, 127, 145
537012.5.peg.4750.site.36, 17, 126, 143
537012.5.peg.4750.site.37, 0, 126, 126
537012.5.peg.4750.site.38, 4, 129, 133
537012.5.peg.4750.site.39, 0, 127, 127
537012.5.peg.4750.site.40, 1, 127, 128
537012.5.peg.4750.site.41, 96, 128, 224
537012.5.peg.4750.site.42, 1, 130, 131
537012.5.peg.4750.site.43, 0, 128, 128
537012.5.peg.4750.site.44, 0, 128, 128
537012.5.peg.4750.site.45, 112, 129, 241
537012.5.peg.4750.site.46, 12, 129, 141
537012.5.peg.4750.site.47, 0, 128, 128
537012.5.peg.4751.site.1, 11, 132, 143
537012.5.peg.4751.site.2, 1, 133, 134
537012.5.peg.4751.site.3, 5, 132, 137
537012.5.peg.4751.site.4, 3, 130, 133
537012.5.peg.4751.site.5, 17, 129, 146
537012.5.peg.4751.site.6, 2, 128, 130
537012.5.peg.4751.site.7, 17, 125, 142
537012.5.peg.4751.site.8, 12, 128, 140
537012.5.peg.4751.site.9, 17, 127, 144
537012.5.peg.4751.site.10, 60, 126, 186
537012.5.peg.4751.site.11, 9, 121, 130
537012.5.peg.4751.site.12, 28, 120, 148
537012.5.peg.4751.site.13, 2, 118, 120
537012.5.peg.4751.site.14, 1, 121, 122
537012.5.peg.4751.site.15, 90, 118, 208
537012.5.peg.4751.site.16, 1, 115, 116
537012.5.peg.4751.site.17, 0, 111, 111
537012.5.peg.4751.site.18, 4, 109, 113
537012.5.peg.4751.site.19, 1, 113, 114
537012.5.peg.4751.site.20, 0, 110, 110
537012.5.peg.4751.site.21, 0, 105, 105
537012.5.peg.4751.site.22, 7, 94, 101
537012.5.peg.4751.site.23, 2, 94, 96
537012.5.peg.4751.site.24, 30, 78, 108
537012.5.peg.4751.site.25, 7, 85, 92
537012.5.peg.4751.site.26, 19, 90, 109
537012.5.peg.4751.site.27, 17, 100, 117
537012.5.peg.4751.site.28, 17, 99, 116
537012.5.peg.4751.site.29, 0, 104, 104
537012.5.peg.4751.site.30, 3, 109, 112
537012.5.peg.4751.site.31, 2, 108, 110
537012.5.peg.4751.site.32, 2, 108, 110
537012.5.peg.4751.site.33, 3, 108, 111
537012.5.peg.4751.site.34, 2, 106, 108
537012.5.peg.4751.site.35, 4, 106, 110
537012.5.peg.4751.site.36, 4, 100, 104
537012.5.peg.4751.site.37, 0, 93, 93
537012.5.peg.4751.site.38, 3, 84, 87
537012.5.peg.4751.site.39, 3, 86, 89
537012.5.peg.4751.site.40, 28, 83, 111
537012.5.peg.4751.site.41, 26, 82, 108
537012.5.peg.4751.site.42, 28, 82, 110
537012.5.peg.4751.site.43, 7, 87, 94
537012.5.peg.4751.site.44, 3, 106, 109
537012.5.peg.4751.site.45, 1, 106, 107
537012.5.peg.4751.site.46, 1, 94, 95
537012.5.peg.4751.site.47, 31, 90, 121
537012.5.peg.4751.site.48, 2, 108, 110
537012.5.peg.4751.site.49, 8, 108, 116
537012.5.peg.4751.site.50, 6, 114, 120
537012.5.peg.4751.site.51, 26, 114, 140
537012.5.peg.4751.site.52, 7, 112, 119
537012.5.peg.4751.site.53, 3, 115, 118
537012.5.peg.4751.site.54, 8, 110, 118
537012.5.peg.4751.site.55, 6, 113, 119
537012.5.peg.4751.site.56, 7, 112, 119
537012.5.peg.4751.site.57, 19, 110, 129
537012.5.peg.4751.site.58, 23, 114, 137
537012.5.peg.4751.site.59, 2, 121, 123
537012.5.peg.4751.site.60, 40, 124, 164
537012.5.peg.4751.site.61, 1, 125, 126
537012.5.peg.4751.site.62, 1, 124, 125
537012.5.peg.4751.site.63, 73, 111, 184
537012.5.peg.4751.site.64, 13, 111, 124
537012.5.peg.4751.site.65, 17, 118, 135
537012.5.peg.4751.site.66, 5, 118, 123
537012.5.peg.4751.site.67, 21, 120, 141
537012.5.peg.4751.site.68, 0, 122, 122
537012.5.peg.4751.site.69, 5, 122, 127
537012.5.peg.4751.site.70, 1, 121, 122
537012.5.peg.4751.site.71, 5, 123, 128
537012.5.peg.4751.site.72, 5, 122, 127
537012.5.peg.4751.site.73, 5, 100, 105
537012.5.peg.4751.site.74, 3, 99, 102
537012.5.peg.4751.site.75, 8, 99, 107
537012.5.peg.4751.site.76, 1, 103, 104
537012.5.peg.4751.site.77, 29, 103, 132
537012.5.peg.4751.site.78, 1, 107, 108
537012.5.peg.4751.site.79, 3, 105, 108
537012.5.peg.4751.site.80, 3, 127, 130
537012.5.peg.4751.site.81, 8, 127, 135
537012.5.peg.4751.site.82, 0, 127, 127
537012.5.peg.4751.site.83, 1, 128, 129
537012.5.peg.4751.site.84, 20, 123, 143
537012.5.peg.4751.site.85, 17, 123, 140
537012.5.peg.4751.site.86, 13, 123, 136
537012.5.peg.4751.site.87, 3, 122, 125
537012.5.peg.4751.site.88, 37, 116, 153
537012.5.peg.4751.site.89, 14, 116, 130
537012.5.peg.4751.site.90, 1, 118, 119
537012.5.peg.4751.site.91, 17, 105, 122
537012.5.peg.4751.site.92, 2, 122, 124
537012.5.peg.4751.site.93, 1, 128, 129
537012.5.peg.4751.site.94, 0, 125, 125
537012.5.peg.4751.site.95, 80, 127, 207
537012.5.peg.4751.site.96, 21, 123, 144
537012.5.peg.4752.site.1, 1, 116, 117
537012.5.peg.4752.site.2, 18, 111, 129
537012.5.peg.4752.site.3, 5, 112, 117
537012.5.peg.4752.site.4, 0, 108, 108
537012.5.peg.4752.site.5, 2, 107, 109
537012.5.peg.4752.site.6, 4, 109, 113
537012.5.peg.4752.site.7, 0, 105, 105
537012.5.peg.4752.site.8, 2, 93, 95
537012.5.peg.4752.site.9, 22, 95, 117
537012.5.peg.4752.site.10, 0, 94, 94
537012.5.peg.4752.site.11, 16, 94, 110
537012.5.peg.4752.site.12, 2, 92, 94
537012.5.peg.4752.site.13, 12, 90, 102
537012.5.peg.4752.site.14, 8, 93, 101
537012.5.peg.4752.site.15, 20, 84, 104
537012.5.peg.4752.site.16, 8, 87, 95
537012.5.peg.4752.site.17, 3, 84, 87
537012.5.peg.4752.site.18, 2, 96, 98
537012.5.peg.4752.site.19, 28, 94, 122
537012.5.peg.4752.site.20, 0, 108, 108
537012.5.peg.4752.site.21, 6, 107, 113
537012.5.peg.4752.site.22, 8, 109, 117
537012.5.peg.4752.site.23, 23, 107, 130
537012.5.peg.4752.site.24, 1, 110, 111
537012.5.peg.4752.site.25, 28, 111, 139
537012.5.peg.4752.site.26, 40, 123, 163
537012.5.peg.4752.site.27, 36, 124, 160
537012.5.peg.4752.site.28, 0, 125, 125
537012.5.peg.4752.site.29, 0, 124, 124
537012.5.peg.4752.site.30, 6, 126, 132
537012.5.peg.4752.site.31, 14, 127, 141
537012.5.peg.4752.site.32, 3, 127, 130
537012.5.peg.4752.site.33, 4, 125, 129
537012.5.peg.4752.site.34, 1, 127, 128
537012.5.peg.4752.site.35, 82, 121, 203
537012.5.peg.4752.site.36, 102, 120, 222
537012.5.peg.4752.site.37, 102, 122, 224
537012.5.peg.4752.site.38, 1, 105, 106
537012.5.peg.4752.site.39, 1, 106, 107
537012.5.peg.4752.site.40, 8, 111, 119
537012.5.peg.4752.site.41, 2, 113, 115
537012.5.peg.4752.site.42, 1, 115, 116
537012.5.peg.4752.site.43, 1, 110, 111
537012.5.peg.4752.site.44, 1, 111, 112
537012.5.peg.4752.site.45, 4, 103, 107
537012.5.peg.4752.site.46, 0, 83, 83
537012.5.peg.4752.site.47, 5, 80, 85
537012.5.peg.4752.site.48, 1, 78, 79
537012.5.peg.4752.site.49, 0, 78, 78
537012.5.peg.4752.site.50, 43, 74, 117
537012.5.peg.4752.site.51, 0, 75, 75
537012.5.peg.4752.site.52, 4, 73, 77
537012.5.peg.4752.site.53, 54, 68, 122
537012.5.peg.4752.site.54, 1, 62, 63
537012.5.peg.4752.site.55, 2, 58, 60
537012.5.peg.3614.site.1, 8, 70, 78
537012.5.peg.3614.site.2, 11, 68, 79
537012.5.peg.3614.site.3, 5, 68, 73
537012.5.peg.3614.site.4, 55, 68, 123
537012.5.peg.3614.site.5, 34, 69, 103
537012.5.peg.3614.site.6, 5, 73, 78
537012.5.peg.3614.site.7, 61, 73, 134
537012.5.peg.3614.site.8, 0, 73, 73
537012.5.peg.3614.site.9, 0, 73, 73
537012.5.peg.3614.site.10, 7, 75, 82
537012.5.peg.3614.site.11, 33, 73, 106
537012.5.peg.3614.site.12, 41, 77, 118
537012.5.peg.3614.site.13, 1, 75, 76
537012.5.peg.3614.site.14, 4, 70, 74
537012.5.peg.3614.site.15, 22, 69, 91
537012.5.peg.3614.site.16, 1, 66, 67
537012.5.peg.3614.site.17, 1, 67, 68
537012.5.peg.3614.site.18, 1, 65, 66
537012.5.peg.3614.site.19, 0, 67, 67
537012.5.peg.3614.site.20, 1, 70, 71
537012.5.peg.3614.site.21, 1, 72, 73
537012.5.peg.3614.site.22, 41, 74, 115
537012.5.peg.3614.site.23, 13, 75, 88
537012.5.peg.3614.site.24, 0, 76, 76
537012.5.peg.3614.site.25, 5, 76, 81
537012.5.peg.3614.site.26, 3, 77, 80
537012.5.peg.3614.site.27, 0, 76, 76
537012.5.peg.3614.site.28, 1, 77, 78
537012.5.peg.3614.site.29, 1, 76, 77
537012.5.peg.3614.site.30, 1, 76, 77
537012.5.peg.3614.site.31, 38, 73, 111
537012.5.peg.3614.site.32, 24, 75, 99
537012.5.peg.3614.site.33, 3, 77, 80
537012.5.peg.3614.site.34, 19, 62, 81
537012.5.peg.3614.site.35, 18, 40, 58
537012.5.peg.3614.site.36, 8, 33, 41
537012.5.peg.3979.site.1, 23, 133, 156
537012.5.peg.3979.site.2, 7, 133, 140
537012.5.peg.3979.site.3, 71, 134, 205
537012.5.peg.3979.site.4, 2, 134, 136
537012.5.peg.3979.site.5, 1, 134, 135
537012.5.peg.3979.site.6, 4, 132, 136
537012.5.peg.3979.site.7, 79, 134, 213
537012.5.peg.3979.site.8, 36, 133, 169
537012.5.peg.3979.site.9, 0, 129, 129
537012.5.peg.3979.site.10, 0, 129, 129
537012.5.peg.3979.site.11, 10, 130, 140
537012.5.peg.3979.site.12, 102, 129, 231
537012.5.peg.3979.site.13, 1, 129, 130
537012.5.peg.3979.site.14, 35, 127, 162
537012.5.peg.3979.site.15, 6, 130, 136
537012.5.peg.3979.site.16, 1, 130, 131
537012.5.peg.3979.site.17, 1, 129, 130
537012.5.peg.3979.site.18, 2, 128, 130
537012.5.peg.3979.site.19, 16, 129, 145
537012.5.peg.3979.site.20, 1, 130, 131
537012.5.peg.3979.site.21, 0, 123, 123
537012.5.peg.3979.site.22, 2, 129, 131
537012.5.peg.3979.site.23, 1, 134, 135
537012.5.peg.3979.site.24, 4, 132, 136
537012.5.peg.3979.site.25, 13, 134, 147
537012.5.peg.3979.site.26, 23, 132, 155
537012.5.peg.3979.site.27, 5, 134, 139
537012.5.peg.3979.site.28, 15, 133, 148
537012.5.peg.3979.site.29, 3, 133, 136
537012.5.peg.3979.site.30, 1, 132, 133
537012.5.peg.3979.site.31, 2, 130, 132
537012.5.peg.3979.site.32, 4, 132, 136
537012.5.peg.3979.site.33, 21, 130, 151
537012.5.peg.3979.site.34, 4, 131, 135
537012.5.peg.3979.site.35, 1, 134, 135
537012.5.peg.3979.site.36, 1, 134, 135
537012.5.peg.3979.site.37, 4, 134, 138
537012.5.peg.3979.site.38, 20, 131, 151
537012.5.peg.3979.site.39, 1, 134, 135
537012.5.peg.3979.site.40, 5, 132, 137
537012.5.peg.3979.site.41, 16, 133, 149
537012.5.peg.3979.site.42, 17, 134, 151
537012.5.peg.3979.site.43, 5, 134, 139
537012.5.peg.3979.site.44, 23, 134, 157
537012.5.peg.3978.site.1, 4, 131, 135
537012.5.peg.3978.site.2, 11, 132, 143
537012.5.peg.3978.site.3, 3, 133, 136
537012.5.peg.3978.site.4, 22, 132, 154
537012.5.peg.3978.site.5, 3, 133, 136
537012.5.peg.3978.site.6, 18, 134, 152
537012.5.peg.3978.site.7, 5, 133, 138
537012.5.peg.3978.site.8, 5, 131, 136
537012.5.peg.3978.site.9, 3, 131, 134
537012.5.peg.3978.site.10, 0, 131, 131
537012.5.peg.3978.site.11, 128, 130, 258
537012.5.peg.3978.site.12, 3, 130, 133
537012.5.peg.3978.site.13, 1, 129, 130
537012.5.peg.3978.site.14, 2, 130, 132
537012.5.peg.3978.site.15, 114, 130, 244
537012.5.peg.3978.site.16, 3, 130, 133
537012.5.peg.3978.site.17, 2, 130, 132
537012.5.peg.3978.site.18, 103, 131, 234
537012.5.peg.3978.site.19, 57, 130, 187
537012.5.peg.3978.site.20, 20, 130, 150
537012.5.peg.3971.site.1, 1, 128, 129
537012.5.peg.3971.site.2, 2, 127, 129
537012.5.peg.3971.site.3, 4, 126, 130
537012.5.peg.3971.site.4, 3, 126, 129
537012.5.peg.3971.site.5, 0, 128, 128
537012.5.peg.3971.site.6, 4, 126, 130
537012.5.peg.3971.site.7, 0, 128, 128
537012.5.peg.3971.site.8, 4, 126, 130
537012.5.peg.3971.site.9, 10, 127, 137
537012.5.peg.3971.site.10, 4, 126, 130
537012.5.peg.3971.site.11, 1, 128, 129
537012.5.peg.3971.site.12, 1, 128, 129
537012.5.peg.3971.site.13, 5, 126, 131
537012.5.peg.3971.site.14, 4, 126, 130
537012.5.peg.3971.site.15, 5, 126, 131
537012.5.peg.3971.site.16, 4, 126, 130
537012.5.peg.3971.site.17, 8, 128, 136
537012.5.peg.3971.site.18, 5, 127, 132
537012.5.peg.3971.site.19, 2, 128, 130
537012.5.peg.3971.site.20, 5, 127, 132
537012.5.peg.3971.site.21, 16, 128, 144
537012.5.peg.3971.site.22, 1, 128, 129
537012.5.peg.3971.site.23, 3, 128, 131
537012.5.peg.3971.site.24, 4, 126, 130
537012.5.peg.3971.site.25, 6, 127, 133
537012.5.peg.3971.site.26, 2, 128, 130
537012.5.peg.3971.site.27, 6, 127, 133
537012.5.peg.3971.site.28, 4, 126, 130
537012.5.peg.3971.site.29, 4, 126, 130
537012.5.peg.3971.site.30, 4, 126, 130
537012.5.peg.3971.site.31, 26, 126, 152
537012.5.peg.3971.site.32, 1, 128, 129
537012.5.peg.3971.site.33, 14, 125, 139
537012.5.peg.3971.site.34, 5, 126, 131
537012.5.peg.3971.site.35, 1, 128, 129
537012.5.peg.3971.site.36, 17, 126, 143
537012.5.peg.3971.site.37, 3, 127, 130
537012.5.peg.3971.site.38, 5, 125, 130
537012.5.peg.3971.site.39, 4, 125, 129
537012.5.peg.3971.site.40, 88, 125, 213
537012.5.peg.3971.site.41, 3, 128, 131
537012.5.peg.3971.site.42, 4, 126, 130
537012.5.peg.3971.site.43, 21, 127, 148
537012.5.peg.3971.site.44, 88, 127, 215
537012.5.peg.3971.site.45, 1, 128, 129
537012.5.peg.3971.site.46, 1, 128, 129
537012.5.peg.3971.site.47, 5, 127, 132
537012.5.peg.3971.site.48, 1, 128, 129
537012.5.peg.3971.site.49, 1, 128, 129
537012.5.peg.3970.site.1, 6, 127, 133
537012.5.peg.3970.site.2, 92, 126, 218
537012.5.peg.3970.site.3, 90, 127, 217
537012.5.peg.3970.site.4, 1, 128, 129
537012.5.peg.3970.site.5, 0, 128, 128
537012.5.peg.3970.site.6, 4, 126, 130
537012.5.peg.3970.site.7, 3, 125, 128
537012.5.peg.3970.site.8, 4, 126, 130
537012.5.peg.3970.site.9, 4, 127, 131
537012.5.peg.3970.site.10, 1, 128, 129
537012.5.peg.3970.site.11, 6, 125, 131
537012.5.peg.3970.site.12, 1, 128, 129
537012.5.peg.3970.site.13, 2, 128, 130
537012.5.peg.3970.site.14, 3, 125, 128
537012.5.peg.3970.site.15, 3, 125, 128
537012.5.peg.3970.site.16, 3, 125, 128
537012.5.peg.3970.site.17, 12, 126, 138
537012.5.peg.3970.site.18, 4, 126, 130
537012.5.peg.3970.site.19, 5, 127, 132
537012.5.peg.3970.site.20, 1, 128, 129
537012.5.peg.3970.site.21, 4, 125, 129
537012.5.peg.3970.site.22, 1, 128, 129
537012.5.peg.3970.site.23, 4, 126, 130
537012.5.peg.3970.site.24, 5, 127, 132
537012.5.peg.3970.site.25, 0, 128, 128
537012.5.peg.3970.site.26, 4, 126, 130
537012.5.peg.3970.site.27, 1, 128, 129
537012.5.peg.3970.site.28, 34, 128, 162
537012.5.peg.3970.site.29, 23, 128, 151
537012.5.peg.3970.site.30, 1, 126, 127
537012.5.peg.3970.site.31, 1, 126, 127
537012.5.peg.3975.site.1, 16, 124, 140
537012.5.peg.3975.site.2, 0, 126, 126
537012.5.peg.3975.site.3, 19, 129, 148
537012.5.peg.3975.site.4, 1, 133, 134
537012.5.peg.3975.site.5, 1, 131, 132
537012.5.peg.3975.site.6, 0, 128, 128
537012.5.peg.3975.site.7, 1, 128, 129
537012.5.peg.3975.site.8, 17, 129, 146
537012.5.peg.3975.site.9, 0, 129, 129
537012.5.peg.3975.site.10, 0, 129, 129
537012.5.peg.3975.site.11, 3, 132, 135
537012.5.peg.3975.site.12, 4, 131, 135
537012.5.peg.3975.site.13, 5, 129, 134
537012.5.peg.3975.site.14, 1, 130, 131
537012.5.peg.3975.site.15, 1, 134, 135
537012.5.peg.3975.site.16, 2, 134, 136
537012.5.peg.3975.site.17, 1, 134, 135
537012.5.peg.3975.site.18, 1, 134, 135
537012.5.peg.3975.site.19, 4, 130, 134
537012.5.peg.3975.site.20, 1, 129, 130
537012.5.peg.3975.site.21, 1, 123, 124
537012.5.peg.3974.site.1, 4, 122, 126
537012.5.peg.3974.site.2, 41, 121, 162
537012.5.peg.3974.site.3, 1, 123, 124
537012.5.peg.3974.site.4, 1, 124, 125
537012.5.peg.3974.site.5, 1, 123, 124
537012.5.peg.3974.site.6, 2, 124, 126
537012.5.peg.3974.site.7, 1, 125, 126
537012.5.peg.3974.site.8, 1, 126, 127
537012.5.peg.3974.site.9, 83, 131, 214
537012.5.peg.3974.site.10, 7, 133, 140
537012.5.peg.3974.site.11, 11, 133, 144
537012.5.peg.3974.site.12, 2, 125, 127
537012.5.peg.3974.site.13, 1, 126, 127
537012.5.peg.3974.site.14, 5, 124, 129
537012.5.peg.3974.site.15, 2, 124, 126
537012.5.peg.3974.site.16, 10, 126, 136
537012.5.peg.3974.site.17, 2, 126, 128
537012.5.peg.3974.site.18, 3, 123, 126
537012.5.peg.3974.site.19, 81, 129, 210
537012.5.peg.3974.site.20, 1, 129, 130
537012.5.peg.3974.site.21, 2, 129, 131
537012.5.peg.3974.site.22, 9, 129, 138
537012.5.peg.3974.site.23, 5, 127, 132
537012.5.peg.3974.site.24, 6, 129, 135
537012.5.peg.3974.site.25, 4, 128, 132
537012.5.peg.3974.site.26, 2, 124, 126
537012.5.peg.3974.site.27, 7, 123, 130
537012.5.peg.3974.site.28, 1, 124, 125
537012.5.peg.3974.site.29, 2, 125, 127
537012.5.peg.3974.site.30, 79, 131, 210
537012.5.peg.3974.site.31, 4, 130, 134
537012.5.peg.3974.site.32, 9, 131, 140
537012.5.peg.3974.site.33, 42, 134, 176
537012.5.peg.3974.site.34, 1, 128, 129
537012.5.peg.3974.site.35, 5, 127, 132
537012.5.peg.3974.site.36, 11, 127, 138
537012.5.peg.3974.site.37, 4, 126, 130
537012.5.peg.3977.site.1, 3, 130, 133
537012.5.peg.3977.site.2, 121, 129, 250
537012.5.peg.3977.site.3, 3, 129, 132
537012.5.peg.3977.site.4, 19, 131, 150
537012.5.peg.3977.site.5, 19, 131, 150
537012.5.peg.3977.site.6, 2, 131, 133
537012.5.peg.3977.site.7, 2, 131, 133
537012.5.peg.3977.site.8, 17, 134, 151
537012.5.peg.3977.site.9, 30, 133, 163
537012.5.peg.3977.site.10, 131, 133, 264
537012.5.peg.3977.site.11, 4, 131, 135
537012.5.peg.3977.site.12, 1, 133, 134
537012.5.peg.3977.site.13, 5, 133, 138
537012.5.peg.3977.site.14, 20, 129, 149
537012.5.peg.3977.site.15, 37, 127, 164
537012.5.peg.3977.site.16, 0, 129, 129
537012.5.peg.3977.site.17, 5, 124, 129
537012.5.peg.3977.site.18, 20, 123, 143
537012.5.peg.3977.site.19, 2, 126, 128
537012.5.peg.3977.site.20, 13, 131, 144
537012.5.peg.3977.site.21, 38, 129, 167
537012.5.peg.3977.site.22, 2, 130, 132
537012.5.peg.3977.site.23, 1, 133, 134
537012.5.peg.3977.site.24, 4, 129, 133
537012.5.peg.3977.site.25, 1, 129, 130
537012.5.peg.3977.site.26, 36, 132, 168
537012.5.peg.3977.site.27, 2, 129, 131
537012.5.peg.3976.site.1, 0, 127, 127
537012.5.peg.3976.site.2, 4, 133, 137
537012.5.peg.3976.site.3, 65, 132, 197
537012.5.peg.3976.site.4, 3, 130, 133
537012.5.peg.3976.site.5, 3, 134, 137
537012.5.peg.3976.site.6, 0, 134, 134
537012.5.peg.3976.site.7, 128, 134, 262
537012.5.peg.3976.site.8, 29, 132, 161
537012.5.peg.3976.site.9, 3, 132, 135
537012.5.peg.3976.site.10, 3, 132, 135
537012.5.peg.3976.site.11, 2, 130, 132
537012.5.peg.3976.site.12, 4, 132, 136
537012.5.peg.3976.site.13, 3, 131, 134
537012.5.peg.3976.site.14, 3, 132, 135
537012.5.peg.3976.site.15, 21, 132, 153
537012.5.peg.3976.site.16, 1, 132, 133
537012.5.peg.3976.site.17, 1, 128, 129
537012.5.peg.3976.site.18, 17, 131, 148
537012.5.peg.2378.site.1, 0, 131, 131
537012.5.peg.2378.site.2, 0, 132, 132
537012.5.peg.2378.site.3, 1, 132, 133
537012.5.peg.2378.site.4, 2, 130, 132
537012.5.peg.2378.site.5, 2, 129, 131
537012.5.peg.2378.site.6, 0, 129, 129
537012.5.peg.3445.site.1, 4, 133, 137
537012.5.peg.3445.site.2, 5, 132, 137
537012.5.peg.3445.site.3, 5, 134, 139
537012.5.peg.3445.site.4, 1, 134, 135
537012.5.peg.3445.site.5, 3, 132, 135
537012.5.peg.3445.site.6, 1, 131, 132
537012.5.peg.3445.site.7, 1, 131, 132
537012.5.peg.3445.site.8, 4, 130, 134
537012.5.peg.3445.site.9, 8, 131, 139
537012.5.peg.3445.site.10, 0, 130, 130
537012.5.peg.3445.site.11, 7, 129, 136
537012.5.peg.3445.site.12, 18, 129, 147
537012.5.peg.3445.site.13, 1, 132, 133
537012.5.peg.3445.site.14, 2, 131, 133
537012.5.peg.3445.site.15, 1, 130, 131
537012.5.peg.3445.site.16, 0, 129, 129
537012.5.peg.3445.site.17, 18, 131, 149
537012.5.peg.3445.site.18, 36, 129, 165
537012.5.peg.3445.site.19, 3, 130, 133
537012.5.peg.3445.site.20, 2, 128, 130
537012.5.peg.3445.site.21, 3, 132, 135
537012.5.peg.3445.site.22, 4, 133, 137
537012.5.peg.3444.site.1, 1, 132, 133
537012.5.peg.3444.site.2, 0, 131, 131
537012.5.peg.3444.site.3, 0, 129, 129
537012.5.peg.3444.site.4, 0, 131, 131
537012.5.peg.3444.site.5, 2, 132, 134
537012.5.peg.3444.site.6, 24, 129, 153
537012.5.peg.3444.site.7, 2, 129, 131
537012.5.peg.3444.site.8, 2, 128, 130
537012.5.peg.2371.site.1, 7, 129, 136
537012.5.peg.2371.site.2, 2, 130, 132
537012.5.peg.2371.site.3, 0, 130, 130
537012.5.peg.2371.site.4, 15, 128, 143
537012.5.peg.2371.site.5, 5, 128, 133
537012.5.peg.2371.site.6, 28, 131, 159
537012.5.peg.2371.site.7, 7, 134, 141
537012.5.peg.2371.site.8, 3, 131, 134
537012.5.peg.2371.site.9, 5, 129, 134
537012.5.peg.2371.site.10, 5, 127, 132
537012.5.peg.2371.site.11, 1, 130, 131
537012.5.peg.2371.site.12, 1, 129, 130
537012.5.peg.2371.site.13, 37, 128, 165
537012.5.peg.2372.site.1, 2, 129, 131
537012.5.peg.2372.site.2, 0, 132, 132
537012.5.peg.2372.site.3, 1, 129, 130
537012.5.peg.2372.site.4, 3, 130, 133
537012.5.peg.2372.site.5, 1, 129, 130
537012.5.peg.2372.site.6, 5, 131, 136
537012.5.peg.2372.site.7, 2, 131, 133
537012.5.peg.2372.site.8, 1, 130, 131
537012.5.peg.2372.site.9, 11, 131, 142
537012.5.peg.2372.site.10, 17, 130, 147
537012.5.peg.2372.site.11, 3, 131, 134
537012.5.peg.2372.site.12, 12, 132, 144
537012.5.peg.2372.site.13, 3, 132, 135
537012.5.peg.2374.site.1, 0, 129, 129
537012.5.peg.2374.site.2, 7, 132, 139
537012.5.peg.2374.site.3, 6, 131, 137
537012.5.peg.2374.site.4, 2, 130, 132
537012.5.peg.2374.site.5, 3, 131, 134
537012.5.peg.2374.site.6, 0, 130, 130
537012.5.peg.2374.site.7, 1, 133, 134
537012.5.peg.2374.site.8, 3, 132, 135
537012.5.peg.2374.site.9, 1, 131, 132
537012.5.peg.2374.site.10, 1, 130, 131
537012.5.peg.2374.site.11, 8, 130, 138
537012.5.peg.2374.site.12, 2, 132, 134
537012.5.peg.2374.site.13, 10, 130, 140
537012.5.peg.2374.site.14, 5, 133, 138
537012.5.peg.2374.site.15, 3, 132, 135
537012.5.peg.2374.site.16, 52, 131, 183
537012.5.peg.2374.site.17, 1, 132, 133
537012.5.peg.2374.site.18, 41, 132, 173
537012.5.peg.2374.site.19, 1, 132, 133
537012.5.peg.2374.site.20, 3, 131, 134
537012.5.peg.2374.site.21, 3, 131, 134
537012.5.peg.2374.site.22, 3, 132, 135
537012.5.peg.2374.site.23, 2, 130, 132
537012.5.peg.2374.site.24, 1, 133, 134
537012.5.peg.2374.site.25, 1, 132, 133
537012.5.peg.2374.site.26, 1, 130, 131
537012.5.peg.2374.site.27, 21, 132, 153
537012.5.peg.2374.site.28, 0, 132, 132
537012.5.peg.2374.site.29, 0, 129, 129
537012.5.peg.2374.site.30, 31, 131, 162
537012.5.peg.2374.site.31, 2, 131, 133
537012.5.peg.2374.site.32, 1, 133, 134
537012.5.peg.2374.site.33, 1, 133, 134
537012.5.peg.2374.site.34, 8, 131, 139
537012.5.peg.2374.site.35, 1, 131, 132
537012.5.peg.2374.site.36, 0, 130, 130
537012.5.peg.2374.site.37, 7, 130, 137
537012.5.peg.2374.site.38, 5, 129, 134
537012.5.peg.2374.site.39, 1, 131, 132
537012.5.peg.2374.site.40, 20, 132, 152
537012.5.peg.2374.site.41, 2, 130, 132
537012.5.peg.2374.site.42, 1, 126, 127
537012.5.peg.2374.site.43, 1, 125, 126
537012.5.peg.2374.site.44, 15, 124, 139
537012.5.peg.2374.site.45, 9, 127, 136
537012.5.peg.2374.site.46, 16, 126, 142
537012.5.peg.2374.site.47, 5, 126, 131
537012.5.peg.2374.site.48, 12, 127, 139
537012.5.peg.2374.site.49, 4, 126, 130
537012.5.peg.2374.site.50, 2, 128, 130
537012.5.peg.2374.site.51, 2, 127, 129
537012.5.peg.2374.site.52, 3, 125, 128
537012.5.peg.2374.site.53, 5, 125, 130
537012.5.peg.2374.site.54, 2, 125, 127
537012.5.peg.2374.site.55, 2, 125, 127
537012.5.peg.2374.site.56, 38, 125, 163
537012.5.peg.2374.site.57, 46, 123, 169
537012.5.peg.2374.site.58, 2, 124, 126
537012.5.peg.2374.site.59, 60, 123, 183
537012.5.peg.2374.site.60, 32, 124, 156
537012.5.peg.2374.site.61, 1, 126, 127
537012.5.peg.2374.site.62, 1, 127, 128
537012.5.peg.2374.site.63, 1, 126, 127
537012.5.peg.2374.site.64, 1, 125, 126
537012.5.peg.2374.site.65, 3, 125, 128
537012.5.peg.2374.site.66, 14, 125, 139
537012.5.peg.2374.site.67, 1, 128, 129
537012.5.peg.3447.site.1, 1, 133, 134
537012.5.peg.3447.site.2, 1, 134, 135
537012.5.peg.3447.site.3, 4, 132, 136
537012.5.peg.3447.site.4, 7, 131, 138
537012.5.peg.3447.site.5, 2, 130, 132
537012.5.peg.3447.site.6, 2, 130, 132
537012.5.peg.3447.site.7, 8, 130, 138
537012.5.peg.3447.site.8, 7, 129, 136
537012.5.peg.3447.site.9, 0, 129, 129
537012.5.peg.2376.site.1, 2, 124, 126
537012.5.peg.2376.site.2, 1, 125, 126
537012.5.peg.2376.site.3, 13, 126, 139
537012.5.peg.2376.site.4, 2, 127, 129
537012.5.peg.2376.site.5, 11, 127, 138
537012.5.peg.2376.site.6, 2, 129, 131
537012.5.peg.2376.site.7, 0, 130, 130
537012.5.peg.2376.site.8, 8, 129, 137
537012.5.peg.2376.site.9, 6, 127, 133
537012.5.peg.2376.site.10, 1, 129, 130
537012.5.peg.2376.site.11, 0, 125, 125
537012.5.peg.2376.site.12, 1, 117, 118
537012.5.peg.2376.site.13, 1, 112, 113
537012.5.peg.2376.site.14, 28, 106, 134
537012.5.peg.2376.site.15, 1, 115, 116
537012.5.peg.2377.site.1, 9, 131, 140
537012.5.peg.2377.site.2, 2, 131, 133
537012.5.peg.2377.site.3, 0, 129, 129
537012.5.peg.2377.site.4, 2, 128, 130
537012.5.peg.2377.site.5, 2, 104, 106
537012.5.peg.2377.site.6, 0, 115, 115
537012.5.peg.2377.site.7, 61, 118, 179
537012.5.peg.2377.site.8, 2, 129, 131
537012.5.peg.2377.site.9, 4, 128, 132
537012.5.peg.3574.site.1, 8, 20, 28
537012.5.peg.3574.site.2, 1, 124, 125
537012.5.peg.3574.site.3, 1, 126, 127
537012.5.peg.3574.site.4, 1, 125, 126
537012.5.peg.3574.site.5, 1, 127, 128
537012.5.peg.3574.site.6, 101, 111, 212
537012.5.peg.3574.site.7, 1, 86, 87
537012.5.peg.3574.site.8, 6, 81, 87
537012.5.peg.3574.site.9, 1, 79, 80
537012.5.peg.3574.site.10, 1, 82, 83
537012.5.peg.3574.site.11, 10, 82, 92
537012.5.peg.3574.site.12, 2, 80, 82
537012.5.peg.3574.site.13, 8, 78, 86
537012.5.peg.3574.site.14, 34, 76, 110
537012.5.peg.3574.site.15, 70, 77, 147
537012.5.peg.3574.site.16, 2, 70, 72
537012.5.peg.3574.site.17, 5, 73, 78
537012.5.peg.3574.site.18, 2, 77, 79
537012.5.peg.3574.site.19, 6, 75, 81
537012.5.peg.3574.site.20, 2, 77, 79
537012.5.peg.3574.site.21, 32, 75, 107
537012.5.peg.3574.site.22, 2, 76, 78
537012.5.peg.3574.site.23, 2, 77, 79
537012.5.peg.3574.site.24, 17, 76, 93
537012.5.peg.3574.site.25, 1, 76, 77
537012.5.peg.3446.site.1, 62, 130, 192
537012.5.peg.3446.site.2, 71, 130, 201
537012.5.peg.3446.site.3, 1, 133, 134
537012.5.peg.3446.site.4, 1, 133, 134
537012.5.peg.3446.site.5, 9, 133, 142
537012.5.peg.3446.site.6, 1, 133, 134
537012.5.peg.3446.site.7, 132, 134, 266
537012.5.peg.3446.site.8, 16, 134, 150
537012.5.peg.3446.site.9, 4, 131, 135
537012.5.peg.3446.site.10, 0, 133, 133
537012.5.peg.3446.site.11, 5, 134, 139
537012.5.peg.3446.site.12, 2, 134, 136
537012.5.peg.3446.site.13, 4, 133, 137
537012.5.peg.3446.site.14, 3, 131, 134
537012.5.peg.3446.site.15, 4, 132, 136
537012.5.peg.3446.site.16, 1, 134, 135
537012.5.peg.3446.site.17, 4, 131, 135
537012.5.peg.3446.site.18, 6, 133, 139
537012.5.peg.3446.site.19, 2, 134, 136
537012.5.peg.3446.site.20, 7, 134, 141
537012.5.peg.3570.site.1, 5, 125, 130
537012.5.peg.3570.site.2, 1, 125, 126
537012.5.peg.3570.site.3, 7, 124, 131
537012.5.peg.3570.site.4, 86, 119, 205
537012.5.peg.3570.site.5, 5, 113, 118
537012.5.peg.3570.site.6, 4, 109, 113
537012.5.peg.3570.site.7, 66, 109, 175
537012.5.peg.3570.site.8, 20, 109, 129
537012.5.peg.3570.site.9, 3, 113, 116
537012.5.peg.3570.site.10, 7, 125, 132
537012.5.peg.3570.site.11, 21, 124, 145
537012.5.peg.3570.site.12, 7, 123, 130
537012.5.peg.3570.site.13, 11, 123, 134
537012.5.peg.3570.site.14, 17, 123, 140
537012.5.peg.3570.site.15, 1, 125, 126
537012.5.peg.3570.site.16, 24, 124, 148
537012.5.peg.3570.site.17, 55, 122, 177
537012.5.peg.3570.site.18, 17, 124, 141
537012.5.peg.3570.site.19, 1, 121, 122
537012.5.peg.3570.site.20, 41, 120, 161
537012.5.peg.3570.site.21, 46, 117, 163
537012.5.peg.3570.site.22, 3, 119, 122
537012.5.peg.3570.site.23, 18, 119, 137
537012.5.peg.3570.site.24, 1, 120, 121
537012.5.peg.3570.site.25, 0, 121, 121
537012.5.peg.3570.site.26, 7, 125, 132
537012.5.peg.4318.site.1, 5, 123, 128
537012.5.peg.4318.site.2, 2, 125, 127
537012.5.peg.4318.site.3, 29, 126, 155
537012.5.peg.4318.site.4, 6, 128, 134
537012.5.peg.4318.site.5, 6, 128, 134
537012.5.peg.4318.site.6, 0, 127, 127
537012.5.peg.4318.site.7, 1, 123, 124
537012.5.peg.4318.site.8, 31, 123, 154
537012.5.peg.4318.site.9, 38, 122, 160
537012.5.peg.4318.site.10, 2, 122, 124
537012.5.peg.4318.site.11, 6, 123, 129
537012.5.peg.4318.site.12, 6, 123, 129
537012.5.peg.4318.site.13, 3, 121, 124
537012.5.peg.4318.site.14, 0, 122, 122
537012.5.peg.4318.site.15, 3, 123, 126
537012.5.peg.4318.site.16, 3, 121, 124
537012.5.peg.4318.site.17, 34, 122, 156
537012.5.peg.4318.site.18, 51, 123, 174
537012.5.peg.4318.site.19, 1, 123, 124
537012.5.peg.4318.site.20, 1, 122, 123
537012.5.peg.4318.site.21, 26, 121, 147
537012.5.peg.4318.site.22, 104, 122, 226
537012.5.peg.4318.site.23, 7, 120, 127
537012.5.peg.4318.site.24, 29, 119, 148
537012.5.peg.4318.site.25, 35, 122, 157
537012.5.peg.4318.site.26, 36, 122, 158
537012.5.peg.4318.site.27, 3, 122, 125
537012.5.peg.4318.site.28, 3, 122, 125
537012.5.peg.4318.site.29, 8, 122, 130
537012.5.peg.4318.site.30, 0, 121, 121
537012.5.peg.4318.site.31, 106, 122, 228
537012.5.peg.4318.site.32, 6, 121, 127
537012.5.peg.4318.site.33, 1, 122, 123
537012.5.peg.4318.site.34, 1, 122, 123
537012.5.peg.4318.site.35, 7, 122, 129
537012.5.peg.4318.site.36, 25, 122, 147
537012.5.peg.4318.site.37, 1, 122, 123
537012.5.peg.4318.site.38, 28, 122, 150
537012.5.peg.4318.site.39, 123, 128, 251
537012.5.peg.4318.site.40, 1, 127, 128
537012.5.peg.4318.site.41, 24, 129, 153
537012.5.peg.4318.site.42, 3, 128, 131
537012.5.peg.4318.site.43, 4, 128, 132
537012.5.peg.4318.site.44, 3, 127, 130
537012.5.peg.4318.site.45, 50, 127, 177
537012.5.peg.4318.site.46, 0, 128, 128
537012.5.peg.4318.site.47, 3, 129, 132
537012.5.peg.3579.site.1, 4, 125, 129
537012.5.peg.3579.site.2, 4, 126, 130
537012.5.peg.3579.site.3, 5, 124, 129
537012.5.peg.3579.site.4, 2, 125, 127
537012.5.peg.3579.site.5, 4, 125, 129
537012.5.peg.3579.site.6, 7, 126, 133
537012.5.peg.3579.site.7, 5, 127, 132
537012.5.peg.3579.site.8, 14, 127, 141
537012.5.peg.3579.site.9, 8, 127, 135
537012.5.peg.3579.site.10, 5, 126, 131
537012.5.peg.3579.site.11, 4, 126, 130
537012.5.peg.3579.site.12, 7, 127, 134
537012.5.peg.3579.site.13, 52, 125, 177
537012.5.peg.3579.site.14, 5, 126, 131
537012.5.peg.3579.site.15, 20, 128, 148
537012.5.peg.3579.site.16, 5, 127, 132
537012.5.peg.3579.site.17, 63, 125, 188
537012.5.peg.3579.site.18, 23, 128, 151
537012.5.peg.3579.site.19, 34, 123, 157
537012.5.peg.3579.site.20, 5, 128, 133
537012.5.peg.3440.site.1, 14, 130, 144
537012.5.peg.3440.site.2, 0, 130, 130
537012.5.peg.3440.site.3, 7, 130, 137
537012.5.peg.3440.site.4, 83, 130, 213
537012.5.peg.3440.site.5, 15, 129, 144
537012.5.peg.3440.site.6, 3, 130, 133
537012.5.peg.3440.site.7, 1, 130, 131
537012.5.peg.3440.site.8, 1, 129, 130
537012.5.peg.3440.site.9, 2, 128, 130
537012.5.peg.3440.site.10, 7, 128, 135
537012.5.peg.3440.site.11, 0, 130, 130
537012.5.peg.3440.site.12, 8, 131, 139
537012.5.peg.3440.site.13, 0, 129, 129
537012.5.peg.3440.site.14, 2, 125, 127
537012.5.peg.3440.site.15, 0, 128, 128
537012.5.peg.3440.site.16, 4, 126, 130
537012.5.peg.3889.site.1, 19, 134, 153
537012.5.peg.3889.site.2, 1, 134, 135
537012.5.peg.3889.site.3, 1, 133, 134
537012.5.peg.3889.site.4, 1, 133, 134
537012.5.peg.3889.site.5, 7, 130, 137
537012.5.peg.3889.site.6, 24, 132, 156
537012.5.peg.3889.site.7, 9, 134, 143
537012.5.peg.3889.site.8, 22, 131, 153
537012.5.peg.3889.site.9, 24, 133, 157
537012.5.peg.3889.site.10, 18, 133, 151
537012.5.peg.3889.site.11, 13, 129, 142
537012.5.peg.3889.site.12, 12, 128, 140
537012.5.peg.3889.site.13, 8, 124, 132
537012.5.peg.3889.site.14, 1, 119, 120
537012.5.peg.3889.site.15, 1, 116, 117
537012.5.peg.3889.site.16, 3, 120, 123
537012.5.peg.3889.site.17, 8, 124, 132
537012.5.peg.3889.site.18, 118, 125, 243
537012.5.peg.3889.site.19, 15, 131, 146
537012.5.peg.3889.site.20, 118, 131, 249
537012.5.peg.3889.site.21, 3, 134, 137
537012.5.peg.3889.site.22, 6, 134, 140
537012.5.peg.3889.site.23, 2, 134, 136
537012.5.peg.3889.site.24, 18, 134, 152
537012.5.peg.3889.site.25, 2, 134, 136
537012.5.peg.3889.site.26, 4, 134, 138
537012.5.peg.3889.site.27, 11, 133, 144
537012.5.peg.3889.site.28, 17, 133, 150
537012.5.peg.3889.site.29, 67, 131, 198
537012.5.peg.3889.site.30, 2, 126, 128
537012.5.peg.3889.site.31, 2, 118, 120
537012.5.peg.3889.site.32, 4, 120, 124
537012.5.peg.3889.site.33, 9, 124, 133
537012.5.peg.3889.site.34, 11, 126, 137
537012.5.peg.3889.site.35, 21, 129, 150
537012.5.peg.3889.site.36, 1, 134, 135
537012.5.peg.3889.site.37, 2, 134, 136
537012.5.peg.3889.site.38, 18, 134, 152
537012.5.peg.3889.site.39, 6, 133, 139
537012.5.peg.3889.site.40, 6, 133, 139
537012.5.peg.3889.site.41, 44, 132, 176
537012.5.peg.3889.site.42, 2, 133, 135
537012.5.peg.3889.site.43, 26, 132, 158
537012.5.peg.3889.site.44, 84, 132, 216
537012.5.peg.3889.site.45, 11, 132, 143
537012.5.peg.3889.site.46, 6, 128, 134
537012.5.peg.3889.site.47, 3, 130, 133
537012.5.peg.3889.site.48, 21, 128, 149
537012.5.peg.3889.site.49, 2, 131, 133
537012.5.peg.3889.site.50, 52, 131, 183
537012.5.peg.3889.site.51, 5, 133, 138
537012.5.peg.3889.site.52, 26, 132, 158
537012.5.peg.3889.site.53, 6, 133, 139
537012.5.peg.3443.site.1, 0, 129, 129
537012.5.peg.3443.site.2, 6, 131, 137
537012.5.peg.3443.site.3, 8, 128, 136
537012.5.peg.3443.site.4, 2, 128, 130
537012.5.peg.3443.site.5, 9, 129, 138
537012.5.peg.3443.site.6, 6, 129, 135
537012.5.peg.3443.site.7, 2, 129, 131
537012.5.peg.3443.site.8, 0, 132, 132
537012.5.peg.3443.site.9, 6, 130, 136
537012.5.peg.3443.site.10, 2, 130, 132
537012.5.peg.3443.site.11, 4, 132, 136
537012.5.peg.3443.site.12, 5, 133, 138
537012.5.peg.3443.site.13, 2, 133, 135
537012.5.peg.3443.site.14, 7, 132, 139
537012.5.peg.3443.site.15, 3, 134, 137
537012.5.peg.3443.site.16, 4, 131, 135
537012.5.peg.3443.site.17, 0, 132, 132
537012.5.peg.3887.site.1, 19, 117, 136
537012.5.peg.3887.site.2, 9, 111, 120
537012.5.peg.3887.site.3, 0, 111, 111
537012.5.peg.3887.site.4, 103, 114, 217
537012.5.peg.3887.site.5, 9, 116, 125
537012.5.peg.3887.site.6, 15, 118, 133
537012.5.peg.3887.site.7, 1, 120, 121
537012.5.peg.3887.site.8, 6, 121, 127
537012.5.peg.3887.site.9, 37, 119, 156
537012.5.peg.3887.site.10, 14, 120, 134
537012.5.peg.3887.site.11, 10, 121, 131
537012.5.peg.3887.site.12, 0, 120, 120
537012.5.peg.3887.site.13, 2, 118, 120
537012.5.peg.3887.site.14, 2, 118, 120
537012.5.peg.3887.site.15, 2, 119, 121
537012.5.peg.3887.site.16, 46, 113, 159
537012.5.peg.3887.site.17, 36, 115, 151
537012.5.peg.3887.site.18, 15, 118, 133
537012.5.peg.3887.site.19, 3, 121, 124
537012.5.peg.3887.site.20, 6, 120, 126
537012.5.peg.3887.site.21, 6, 119, 125
537012.5.peg.3887.site.22, 21, 118, 139
537012.5.peg.3442.site.1, 5, 132, 137
537012.5.peg.3442.site.2, 1, 134, 135
537012.5.peg.3442.site.3, 10, 134, 144
537012.5.peg.3442.site.4, 7, 134, 141
537012.5.peg.3442.site.5, 4, 132, 136
537012.5.peg.3442.site.6, 4, 131, 135
537012.5.peg.3442.site.7, 1, 131, 132
537012.5.peg.3442.site.8, 1, 131, 132
537012.5.peg.3442.site.9, 0, 129, 129
537012.5.peg.3442.site.10, 0, 129, 129
537012.5.peg.3442.site.11, 0, 128, 128
537012.5.peg.3442.site.12, 2, 126, 128
537012.5.peg.4642.site.1, 0, 99, 99
537012.5.peg.4642.site.2, 7, 100, 107
537012.5.peg.4642.site.3, 1, 102, 103
537012.5.peg.4642.site.4, 29, 101, 130
537012.5.peg.4642.site.5, 10, 101, 111
537012.5.peg.4642.site.6, 7, 103, 110
537012.5.peg.4642.site.7, 31, 107, 138
537012.5.peg.4642.site.8, 41, 109, 150
537012.5.peg.4642.site.9, 1, 115, 116
537012.5.peg.4642.site.10, 11, 110, 121
537012.5.peg.4642.site.11, 1, 110, 111
537012.5.peg.4642.site.12, 9, 110, 119
537012.5.peg.4642.site.13, 3, 109, 112
537012.5.peg.4642.site.14, 2, 108, 110
537012.5.peg.4642.site.15, 2, 108, 110
537012.5.peg.4642.site.16, 11, 108, 119
537012.5.peg.4642.site.17, 2, 101, 103
537012.5.peg.4642.site.18, 0, 102, 102
537012.5.peg.4642.site.19, 11, 103, 114
537012.5.peg.4642.site.20, 4, 102, 106
537012.5.peg.4642.site.21, 5, 99, 104
537012.5.peg.4642.site.22, 7, 101, 108
537012.5.peg.4642.site.23, 9, 103, 112
537012.5.peg.4642.site.24, 2, 102, 104
537012.5.peg.4642.site.25, 1, 104, 105
537012.5.peg.4642.site.26, 37, 101, 138
537012.5.peg.4642.site.27, 1, 99, 100
537012.5.peg.4642.site.28, 1, 100, 101
537012.5.peg.4642.site.29, 19, 97, 116
537012.5.peg.4642.site.30, 76, 103, 179
537012.5.peg.4642.site.31, 1, 102, 103
537012.5.peg.4642.site.32, 1, 100, 101
537012.5.peg.4642.site.33, 9, 99, 108
537012.5.peg.4642.site.34, 5, 99, 104
537012.5.peg.4642.site.35, 24, 100, 124
537012.5.peg.4642.site.36, 8, 101, 109
537012.5.peg.4642.site.37, 30, 103, 133
537012.5.peg.4642.site.38, 24, 105, 129
537012.5.peg.4642.site.39, 1, 105, 106
537012.5.peg.4642.site.40, 0, 105, 105
537012.5.peg.4642.site.41, 18, 108, 126
537012.5.peg.4642.site.42, 1, 106, 107
537012.5.peg.4642.site.43, 4, 106, 110
537012.5.peg.4642.site.44, 3, 108, 111
537012.5.peg.4642.site.45, 1, 96, 97
537012.5.peg.4642.site.46, 16, 93, 109
537012.5.peg.4642.site.47, 1, 95, 96
537012.5.peg.4642.site.48, 7, 93, 100
537012.5.peg.4642.site.49, 8, 88, 96
537012.5.peg.4642.site.50, 1, 91, 92
537012.5.peg.4642.site.51, 7, 93, 100
537012.5.peg.4642.site.52, 11, 94, 105
537012.5.peg.4642.site.53, 3, 105, 108
537012.5.peg.4642.site.54, 2, 103, 105
537012.5.peg.4642.site.55, 8, 107, 115
537012.5.peg.4642.site.56, 10, 72, 82
537012.5.peg.4642.site.57, 2, 77, 79
537012.5.peg.4642.site.58, 1, 79, 80
537012.5.peg.4642.site.59, 1, 76, 77
537012.5.peg.4642.site.60, 10, 80, 90
537012.5.peg.4642.site.61, 21, 75, 96
537012.5.peg.4642.site.62, 35, 78, 113
537012.5.peg.4642.site.63, 15, 80, 95
537012.5.peg.4642.site.64, 9, 78, 87
537012.5.peg.4642.site.65, 2, 79, 81
537012.5.peg.4642.site.66, 14, 78, 92
537012.5.peg.4642.site.67, 2, 76, 78
537012.5.peg.4642.site.68, 5, 76, 81
537012.5.peg.4642.site.69, 7, 59, 66
537012.5.peg.4642.site.70, 1, 69, 70
537012.5.peg.4642.site.71, 2, 70, 72
537012.5.peg.4642.site.72, 33, 72, 105
537012.5.peg.4642.site.73, 72, 74, 146
537012.5.peg.4642.site.74, 2, 74, 76
537012.5.peg.4642.site.75, 14, 73, 87
537012.5.peg.4642.site.76, 12, 80, 92
537012.5.peg.4642.site.77, 6, 88, 94
537012.5.peg.4642.site.78, 9, 88, 97
537012.5.peg.4642.site.79, 10, 88, 98
537012.5.peg.4642.site.80, 10, 86, 96
537012.5.peg.4642.site.81, 9, 88, 97
537012.5.peg.4642.site.82, 0, 88, 88
537012.5.peg.4642.site.83, 3, 86, 89
537012.5.peg.4642.site.84, 4, 87, 91
537012.5.peg.4642.site.85, 1, 85, 86
537012.5.peg.4642.site.86, 2, 84, 86
537012.5.peg.4642.site.87, 1, 90, 91
537012.5.peg.4642.site.88, 8, 85, 93
537012.5.peg.4642.site.89, 8, 85, 93
537012.5.peg.4642.site.90, 1, 87, 88
537012.5.peg.4642.site.91, 0, 84, 84
537012.5.peg.4642.site.92, 7, 84, 91
537012.5.peg.4642.site.93, 45, 83, 128
537012.5.peg.4642.site.94, 7, 86, 93
537012.5.peg.4642.site.95, 16, 88, 104
537012.5.peg.4642.site.96, 1, 87, 88
537012.5.peg.4642.site.97, 10, 87, 97
537012.5.peg.4642.site.98, 2, 85, 87
537012.5.peg.4642.site.99, 2, 83, 85
537012.5.peg.4642.site.100, 76, 82, 158
537012.5.peg.4642.site.101, 28, 84, 112
537012.5.peg.4642.site.102, 1, 94, 95
537012.5.peg.4642.site.103, 10, 91, 101
537012.5.peg.4642.site.104, 1, 94, 95
537012.5.peg.4642.site.105, 16, 105, 121
537012.5.peg.4642.site.106, 27, 104, 131
537012.5.peg.4316.site.1, 1, 128, 129
537012.5.peg.4316.site.2, 32, 127, 159
537012.5.peg.4316.site.3, 2, 127, 129
537012.5.peg.4316.site.4, 10, 129, 139
537012.5.peg.4316.site.5, 1, 129, 130
537012.5.peg.4316.site.6, 17, 129, 146
537012.5.peg.4316.site.7, 1, 129, 130
537012.5.peg.4316.site.8, 33, 129, 162
537012.5.peg.4316.site.9, 1, 130, 131
537012.5.peg.4316.site.10, 0, 130, 130
537012.5.peg.4316.site.11, 11, 129, 140
537012.5.peg.4316.site.12, 38, 112, 150
537012.5.peg.4316.site.13, 10, 117, 127
537012.5.peg.4316.site.14, 26, 117, 143
537012.5.peg.4316.site.15, 11, 124, 135
537012.5.peg.4316.site.16, 5, 123, 128
537012.5.peg.4316.site.17, 8, 128, 136
537012.5.peg.4316.site.18, 3, 127, 130
537012.5.peg.4316.site.19, 7, 118, 125
537012.5.peg.4316.site.20, 3, 118, 121
537012.5.peg.4316.site.21, 3, 117, 120
537012.5.peg.4316.site.22, 3, 118, 121
537012.5.peg.4316.site.23, 3, 116, 119
537012.5.peg.4316.site.24, 4, 114, 118
537012.5.peg.4316.site.25, 4, 115, 119
537012.5.peg.4316.site.26, 5, 115, 120
537012.5.peg.4316.site.27, 10, 119, 129
537012.5.peg.4316.site.28, 4, 124, 128
537012.5.peg.4316.site.29, 5, 117, 122
537012.5.peg.4316.site.30, 1, 115, 116
537012.5.peg.4316.site.31, 1, 117, 118
537012.5.peg.4316.site.32, 2, 115, 117
537012.5.peg.4316.site.33, 3, 116, 119
537012.5.peg.4316.site.34, 0, 117, 117
537012.5.peg.4316.site.35, 1, 119, 120
537012.5.peg.4316.site.36, 1, 121, 122
537012.5.peg.4316.site.37, 6, 121, 127
537012.5.peg.4316.site.38, 8, 124, 132
537012.5.peg.4316.site.39, 0, 126, 126
537012.5.peg.4316.site.40, 6, 128, 134
537012.5.peg.4316.site.41, 6, 128, 134
537012.5.peg.4316.site.42, 15, 128, 143
537012.5.peg.4316.site.43, 2, 127, 129
537012.5.peg.4316.site.44, 2, 128, 130
537012.5.peg.4316.site.45, 6, 127, 133
537012.5.peg.3156.site.1, 1, 29, 30
537012.5.peg.3156.site.2, 17, 55, 72
537012.5.peg.3156.site.3, 44, 66, 110
537012.5.peg.3156.site.4, 48, 70, 118
537012.5.peg.3156.site.5, 50, 73, 123
537012.5.peg.3156.site.6, 30, 76, 106
537012.5.peg.3156.site.7, 0, 76, 76
537012.5.peg.3156.site.8, 2, 74, 76
537012.5.peg.3156.site.9, 67, 76, 143
537012.5.peg.3156.site.10, 1, 71, 72
537012.5.peg.3156.site.11, 4, 70, 74
537012.5.peg.3156.site.12, 4, 62, 66
537012.5.peg.3156.site.13, 4, 60, 64
537012.5.peg.3156.site.14, 4, 58, 62
537012.5.peg.3156.site.15, 6, 55, 61
537012.5.peg.3156.site.16, 1, 56, 57
537012.5.peg.3156.site.17, 17, 61, 78
537012.5.peg.3156.site.18, 2, 68, 70
537012.5.peg.3156.site.19, 38, 69, 107
537012.5.peg.3156.site.20, 13, 80, 93
537012.5.peg.3156.site.21, 2, 83, 85
537012.5.peg.3156.site.22, 78, 90, 168
537012.5.peg.3156.site.23, 0, 117, 117
537012.5.peg.3156.site.24, 24, 121, 145
537012.5.peg.3156.site.25, 5, 120, 125
537012.5.peg.3156.site.26, 83, 121, 204
537012.5.peg.3156.site.27, 5, 122, 127
537012.5.peg.3156.site.28, 6, 116, 122
537012.5.peg.3156.site.29, 2, 119, 121
537012.5.peg.3156.site.30, 3, 102, 105
537012.5.peg.3156.site.31, 1, 99, 100
537012.5.peg.3156.site.32, 3, 95, 98
537012.5.peg.3156.site.33, 12, 96, 108
537012.5.peg.3156.site.34, 2, 95, 97
537012.5.peg.3156.site.35, 37, 94, 131
537012.5.peg.3156.site.36, 16, 97, 113
537012.5.peg.3156.site.37, 5, 102, 107
537012.5.peg.3156.site.38, 1, 117, 118
537012.5.peg.3154.site.1, 0, 130, 130
537012.5.peg.3154.site.2, 4, 130, 134
537012.5.peg.3154.site.3, 2, 134, 136
537012.5.peg.3154.site.4, 8, 130, 138
537012.5.peg.3154.site.5, 2, 126, 128
537012.5.peg.3154.site.6, 3, 131, 134
537012.5.peg.3154.site.7, 0, 129, 129
537012.5.peg.3154.site.8, 1, 129, 130
537012.5.peg.3154.site.9, 36, 123, 159
537012.5.peg.3154.site.10, 2, 132, 134
537012.5.peg.3154.site.11, 3, 130, 133
537012.5.peg.3154.site.12, 2, 133, 135
537012.5.peg.3154.site.13, 7, 132, 139
537012.5.peg.3154.site.14, 7, 132, 139
537012.5.peg.3154.site.15, 31, 117, 148
537012.5.peg.3154.site.16, 0, 131, 131
537012.5.peg.3154.site.17, 29, 127, 156
537012.5.peg.3154.site.18, 2, 133, 135
537012.5.peg.3154.site.19, 0, 122, 122
537012.5.peg.3154.site.20, 99, 133, 232
537012.5.peg.3154.site.21, 10, 123, 133
537012.5.peg.3154.site.22, 1, 133, 134
537012.5.peg.3154.site.23, 2, 126, 128
537012.5.peg.3154.site.24, 1, 132, 133
537012.5.peg.3154.site.25, 2, 126, 128
537012.5.peg.3154.site.26, 6, 115, 121
537012.5.peg.3153.site.1, 3, 112, 115
537012.5.peg.3153.site.2, 3, 126, 129
537012.5.peg.3153.site.3, 3, 133, 136
537012.5.peg.3153.site.4, 0, 131, 131
537012.5.peg.3153.site.5, 39, 118, 157
537012.5.peg.3153.site.6, 1, 131, 132
537012.5.peg.3153.site.7, 11, 125, 136
537012.5.peg.3153.site.8, 33, 122, 155
537012.5.peg.3153.site.9, 32, 114, 146
537012.5.peg.3153.site.10, 58, 118, 176
537012.5.peg.3153.site.11, 1, 129, 130
537012.5.peg.3153.site.12, 2, 133, 135
537012.5.peg.3153.site.13, 110, 124, 234
537012.5.peg.3153.site.14, 2, 129, 131
537012.5.peg.3153.site.15, 2, 133, 135
537012.5.peg.3153.site.16, 0, 133, 133
537012.5.peg.3153.site.17, 0, 132, 132
537012.5.peg.3153.site.18, 0, 131, 131
537012.5.peg.3153.site.19, 4, 133, 137
537012.5.peg.3153.site.20, 1, 134, 135
537012.5.peg.3153.site.21, 37, 130, 167
537012.5.peg.3153.site.22, 0, 132, 132
537012.5.peg.3153.site.23, 2, 131, 133
537012.5.peg.3153.site.24, 21, 123, 144
537012.5.peg.3153.site.25, 47, 113, 160
537012.5.peg.3153.site.26, 100, 116, 216
537012.5.peg.3153.site.27, 0, 130, 130
537012.5.peg.3153.site.28, 12, 130, 142
537012.5.peg.3153.site.29, 4, 128, 132
537012.5.peg.3153.site.30, 0, 131, 131
537012.5.peg.3153.site.31, 5, 132, 137
537012.5.peg.3153.site.32, 0, 131, 131
537012.5.peg.3153.site.33, 1, 130, 131
537012.5.peg.3153.site.34, 2, 132, 134
537012.5.peg.3153.site.35, 0, 129, 129
537012.5.peg.3153.site.36, 1, 124, 125
537012.5.peg.3153.site.37, 1, 132, 133
537012.5.peg.3153.site.38, 1, 129, 130
537012.5.peg.3153.site.39, 79, 128, 207
537012.5.peg.3153.site.40, 3, 132, 135
537012.5.peg.3153.site.41, 7, 131, 138
537012.5.peg.3153.site.42, 1, 132, 133
537012.5.peg.3153.site.43, 1, 131, 132
537012.5.peg.3153.site.44, 131, 132, 263
537012.5.peg.3153.site.45, 1, 134, 135
537012.5.peg.3153.site.46, 0, 132, 132
537012.5.peg.3153.site.47, 0, 132, 132
537012.5.peg.3153.site.48, 0, 130, 130
537012.5.peg.3153.site.49, 1, 132, 133
537012.5.peg.3153.site.50, 59, 125, 184
537012.5.peg.3153.site.51, 4, 131, 135
537012.5.peg.3153.site.52, 3, 128, 131
537012.5.peg.3153.site.53, 1, 132, 133
537012.5.peg.3153.site.54, 2, 132, 134
537012.5.peg.3153.site.55, 21, 122, 143
537012.5.peg.4688.site.1, 4, 123, 127
537012.5.peg.4688.site.2, 2, 123, 125
537012.5.peg.4688.site.3, 4, 124, 128
537012.5.peg.4688.site.4, 4, 124, 128
537012.5.peg.4688.site.5, 4, 123, 127
537012.5.peg.4688.site.6, 4, 123, 127
537012.5.peg.4688.site.7, 4, 121, 125
537012.5.peg.4688.site.8, 11, 121, 132
537012.5.peg.4688.site.9, 46, 123, 169
537012.5.peg.4688.site.10, 3, 123, 126
537012.5.peg.4688.site.11, 1, 122, 123
537012.5.peg.4688.site.12, 4, 122, 126
537012.5.peg.4688.site.13, 4, 122, 126
537012.5.peg.4688.site.14, 49, 122, 171
537012.5.peg.4688.site.15, 4, 122, 126
537012.5.peg.4688.site.16, 4, 123, 127
537012.5.peg.4688.site.17, 7, 123, 130
537012.5.peg.4688.site.18, 4, 122, 126
537012.5.peg.4688.site.19, 18, 122, 140
537012.5.peg.4688.site.20, 14, 122, 136
537012.5.peg.4688.site.21, 4, 122, 126
537012.5.peg.4688.site.22, 3, 122, 125
537012.5.peg.4688.site.23, 86, 121, 207
537012.5.peg.4688.site.24, 4, 123, 127
537012.5.peg.4688.site.25, 41, 123, 164
537012.5.peg.4688.site.26, 23, 121, 144
537012.5.peg.4688.site.27, 40, 122, 162
537012.5.peg.4688.site.28, 4, 122, 126
537012.5.peg.4688.site.29, 4, 123, 127
537012.5.peg.4688.site.30, 4, 123, 127
537012.5.peg.4688.site.31, 36, 121, 157
537012.5.peg.4688.site.32, 0, 122, 122
537012.5.peg.4688.site.33, 7, 122, 129
537012.5.peg.4688.site.34, 3, 122, 125
537012.5.peg.4688.site.35, 4, 122, 126
537012.5.peg.4688.site.36, 23, 122, 145
537012.5.peg.4688.site.37, 23, 123, 146
537012.5.peg.4688.site.38, 4, 123, 127
537012.5.peg.4688.site.39, 4, 123, 127
537012.5.peg.4689.site.1, 0, 123, 123
537012.5.peg.4689.site.2, 2, 122, 124
537012.5.peg.4689.site.3, 5, 121, 126
537012.5.peg.4689.site.4, 8, 121, 129
537012.5.peg.4689.site.5, 2, 120, 122
537012.5.peg.4689.site.6, 3, 122, 125
537012.5.peg.4689.site.7, 4, 123, 127
537012.5.peg.4689.site.8, 0, 121, 121
537012.5.peg.4689.site.9, 106, 121, 227
537012.5.peg.4689.site.10, 3, 123, 126
537012.5.peg.4689.site.11, 1, 121, 122
537012.5.peg.4689.site.12, 100, 121, 221
537012.5.peg.4686.site.1, 28, 123, 151
537012.5.peg.4686.site.2, 0, 123, 123
537012.5.peg.4686.site.3, 59, 122, 181
537012.5.peg.4686.site.4, 1, 122, 123
537012.5.peg.4686.site.5, 119, 123, 242
537012.5.peg.4686.site.6, 3, 123, 126
537012.5.peg.4686.site.7, 7, 122, 129
537012.5.peg.4686.site.8, 3, 123, 126
537012.5.peg.4686.site.9, 0, 123, 123
537012.5.peg.4686.site.10, 3, 123, 126
537012.5.peg.4686.site.11, 4, 122, 126
537012.5.peg.4686.site.12, 71, 121, 192
537012.5.peg.4686.site.13, 7, 122, 129
537012.5.peg.4686.site.14, 4, 121, 125
537012.5.peg.4686.site.15, 8, 121, 129
537012.5.peg.4686.site.16, 1, 121, 122
537012.5.peg.4310.site.1, 7, 129, 136
537012.5.peg.4310.site.2, 0, 129, 129
537012.5.peg.4310.site.3, 10, 129, 139
537012.5.peg.4310.site.4, 1, 131, 132
537012.5.peg.4310.site.5, 0, 130, 130
537012.5.peg.4310.site.6, 32, 129, 161
537012.5.peg.4310.site.7, 0, 130, 130
537012.5.peg.4310.site.8, 4, 130, 134
537012.5.peg.4310.site.9, 0, 130, 130
537012.5.peg.4310.site.10, 33, 129, 162
537012.5.peg.4310.site.11, 1, 130, 131
537012.5.peg.4310.site.12, 38, 129, 167
537012.5.peg.4310.site.13, 9, 130, 139
537012.5.peg.4310.site.14, 2, 130, 132
537012.5.peg.4310.site.15, 1, 129, 130
537012.5.peg.4310.site.16, 0, 129, 129
537012.5.peg.4310.site.17, 2, 130, 132
537012.5.peg.4310.site.18, 3, 130, 133
537012.5.peg.4310.site.19, 12, 130, 142
537012.5.peg.4310.site.20, 3, 130, 133
537012.5.peg.4310.site.21, 1, 127, 128
537012.5.peg.4310.site.22, 0, 127, 127
537012.5.peg.4310.site.23, 6, 129, 135
537012.5.peg.4310.site.24, 30, 129, 159
537012.5.peg.4684.site.1, 4, 123, 127
537012.5.peg.4684.site.2, 4, 122, 126
537012.5.peg.4684.site.3, 21, 122, 143
537012.5.peg.4684.site.4, 27, 122, 149
537012.5.peg.4684.site.5, 2, 123, 125
537012.5.peg.4684.site.6, 23, 122, 145
537012.5.peg.4684.site.7, 4, 121, 125
537012.5.peg.4684.site.8, 4, 123, 127
537012.5.peg.4684.site.9, 4, 123, 127
537012.5.peg.4684.site.10, 118, 122, 240
537012.5.peg.4684.site.11, 4, 122, 126
537012.5.peg.4684.site.12, 6, 121, 127
537012.5.peg.4684.site.13, 4, 122, 126
537012.5.peg.4684.site.14, 3, 121, 124
537012.5.peg.4684.site.15, 4, 121, 125
537012.5.peg.4684.site.16, 3, 121, 124
537012.5.peg.4684.site.17, 3, 123, 126
537012.5.peg.4684.site.18, 27, 122, 149
537012.5.peg.4685.site.1, 1, 123, 124
537012.5.peg.4685.site.2, 28, 122, 150
537012.5.peg.4685.site.3, 4, 122, 126
537012.5.peg.4685.site.4, 1, 122, 123
537012.5.peg.4685.site.5, 0, 122, 122
537012.5.peg.4685.site.6, 3, 122, 125
537012.5.peg.4685.site.7, 72, 122, 194
537012.5.peg.4685.site.8, 4, 123, 127
537012.5.peg.4685.site.9, 1, 121, 122
537012.5.peg.4685.site.10, 28, 122, 150
537012.5.peg.4685.site.11, 32, 123, 155
537012.5.peg.4685.site.12, 5, 122, 127
537012.5.peg.4685.site.13, 4, 123, 127
537012.5.peg.4685.site.14, 3, 123, 126
537012.5.peg.4685.site.15, 43, 121, 164
537012.5.peg.4685.site.16, 25, 123, 148
537012.5.peg.4685.site.17, 2, 123, 125
537012.5.peg.4685.site.18, 5, 122, 127
537012.5.peg.4685.site.19, 0, 122, 122
537012.5.peg.4685.site.20, 1, 122, 123
537012.5.peg.4685.site.21, 2, 123, 125
537012.5.peg.4685.site.22, 34, 122, 156
537012.5.peg.4682.site.1, 15, 133, 148
537012.5.peg.4682.site.2, 37, 131, 168
537012.5.peg.4682.site.3, 10, 133, 143
537012.5.peg.4682.site.4, 1, 133, 134
537012.5.peg.4682.site.5, 72, 131, 203
537012.5.peg.4682.site.6, 16, 132, 148
537012.5.peg.4682.site.7, 10, 133, 143
537012.5.peg.4682.site.8, 128, 132, 260
537012.5.peg.4682.site.9, 6, 133, 139
537012.5.peg.4682.site.10, 101, 133, 234
537012.5.peg.4682.site.11, 16, 131, 147
537012.5.peg.4682.site.12, 6, 131, 137
537012.5.peg.4682.site.13, 6, 133, 139
537012.5.peg.4682.site.14, 11, 131, 142
537012.5.peg.4682.site.15, 10, 133, 143
537012.5.peg.4682.site.16, 8, 133, 141
537012.5.peg.4682.site.17, 33, 132, 165
537012.5.peg.4682.site.18, 22, 132, 154
537012.5.peg.4682.site.19, 131, 133, 264
537012.5.peg.4682.site.20, 6, 132, 138
537012.5.peg.4682.site.21, 10, 133, 143
537012.5.peg.4682.site.22, 2, 132, 134
537012.5.peg.4682.site.23, 14, 130, 144
537012.5.peg.4682.site.24, 2, 132, 134
537012.5.peg.4682.site.25, 2, 133, 135
537012.5.peg.4682.site.26, 1, 133, 134
537012.5.peg.4682.site.27, 3, 132, 135
537012.5.peg.4682.site.28, 2, 132, 134
537012.5.peg.4682.site.29, 2, 133, 135
537012.5.peg.4682.site.30, 6, 132, 138
537012.5.peg.4682.site.31, 2, 133, 135
537012.5.peg.4682.site.32, 0, 133, 133
537012.5.peg.4682.site.33, 3, 133, 136
537012.5.peg.4682.site.34, 1, 133, 134
537012.5.peg.4682.site.35, 0, 133, 133
537012.5.peg.4682.site.36, 2, 133, 135
537012.5.peg.4682.site.37, 2, 133, 135
537012.5.peg.4682.site.38, 2, 133, 135
537012.5.peg.4682.site.39, 4, 132, 136
537012.5.peg.4682.site.40, 1, 133, 134
537012.5.peg.4682.site.41, 1, 133, 134
537012.5.peg.4682.site.42, 61, 132, 193
537012.5.peg.4682.site.43, 4, 131, 135
537012.5.peg.4682.site.44, 3, 133, 136
537012.5.peg.4682.site.45, 7, 132, 139
537012.5.peg.4682.site.46, 1, 133, 134
537012.5.peg.4682.site.47, 1, 132, 133
537012.5.peg.4682.site.48, 13, 131, 144
537012.5.peg.4682.site.49, 13, 130, 143
537012.5.peg.4682.site.50, 86, 131, 217
537012.5.peg.4682.site.51, 6, 133, 139
537012.5.peg.4682.site.52, 0, 133, 133
537012.5.peg.4682.site.53, 0, 133, 133
537012.5.peg.4682.site.54, 3, 133, 136
537012.5.peg.4682.site.55, 76, 131, 207
537012.5.peg.4682.site.56, 110, 131, 241
537012.5.peg.4682.site.57, 16, 132, 148
537012.5.peg.4682.site.58, 25, 130, 155
537012.5.peg.4682.site.59, 7, 133, 140
537012.5.peg.4682.site.60, 55, 132, 187
537012.5.peg.4682.site.61, 0, 130, 130
537012.5.peg.4682.site.62, 9, 129, 138
537012.5.peg.4682.site.63, 27, 129, 156
537012.5.peg.4682.site.64, 3, 129, 132
537012.5.peg.4682.site.65, 15, 132, 147
537012.5.peg.4682.site.66, 2, 133, 135
537012.5.peg.4683.site.1, 9, 133, 142
537012.5.peg.4683.site.2, 31, 131, 162
537012.5.peg.4683.site.3, 14, 130, 144
537012.5.peg.4683.site.4, 9, 133, 142
537012.5.peg.4683.site.5, 2, 133, 135
537012.5.peg.4683.site.6, 3, 133, 136
537012.5.peg.4683.site.7, 1, 133, 134
537012.5.peg.4683.site.8, 0, 133, 133
537012.5.peg.4683.site.9, 14, 132, 146
537012.5.peg.4683.site.10, 0, 133, 133
537012.5.peg.4683.site.11, 15, 132, 147
537012.5.peg.4683.site.12, 4, 133, 137
537012.5.peg.4683.site.13, 9, 133, 142
537012.5.peg.4683.site.14, 14, 132, 146
537012.5.peg.4683.site.15, 9, 133, 142
537012.5.peg.4683.site.16, 7, 130, 137
537012.5.peg.4683.site.17, 14, 131, 145
537012.5.peg.4683.site.18, 5, 131, 136
537012.5.peg.4680.site.1, 7, 130, 137
537012.5.peg.4680.site.2, 1, 133, 134
537012.5.peg.4680.site.3, 9, 132, 141
537012.5.peg.4680.site.4, 6, 133, 139
537012.5.peg.4680.site.5, 14, 132, 146
537012.5.peg.4680.site.6, 11, 129, 140
537012.5.peg.4680.site.7, 4, 129, 133
537012.5.peg.4680.site.8, 3, 125, 128
537012.5.peg.4680.site.9, 57, 125, 182
537012.5.peg.4680.site.10, 10, 122, 132
537012.5.peg.4680.site.11, 8, 131, 139
537012.5.peg.4680.site.12, 4, 132, 136
537012.5.peg.4680.site.13, 5, 131, 136
537012.5.peg.4680.site.14, 1, 132, 133
537012.5.peg.4680.site.15, 0, 132, 132
537012.5.peg.4680.site.16, 0, 132, 132
537012.5.peg.4680.site.17, 0, 132, 132
537012.5.peg.4680.site.18, 0, 127, 127
537012.5.peg.4680.site.19, 78, 126, 204
537012.5.peg.4680.site.20, 8, 131, 139
537012.5.peg.4680.site.21, 0, 130, 130
537012.5.peg.4680.site.22, 3, 130, 133
537012.5.peg.4680.site.23, 3, 119, 122
537012.5.peg.4680.site.24, 0, 114, 114
537012.5.peg.4680.site.25, 5, 106, 111
537012.5.peg.4680.site.26, 2, 107, 109
537012.5.peg.4680.site.27, 3, 107, 110
537012.5.peg.4680.site.28, 0, 115, 115
537012.5.peg.4680.site.29, 0, 114, 114
537012.5.peg.4680.site.30, 1, 84, 85
537012.5.peg.4680.site.31, 7, 98, 105
537012.5.peg.4680.site.32, 80, 129, 209
537012.5.peg.4680.site.33, 1, 132, 133
537012.5.peg.4680.site.34, 6, 120, 126
537012.5.peg.4680.site.35, 2, 117, 119
537012.5.peg.4680.site.36, 0, 107, 107
537012.5.peg.4680.site.37, 1, 76, 77
537012.5.peg.4680.site.38, 2, 102, 104
537012.5.peg.4680.site.39, 1, 75, 76
537012.5.peg.4680.site.40, 28, 94, 122
537012.5.peg.4680.site.41, 1, 111, 112
537012.5.peg.4680.site.42, 1, 120, 121
537012.5.peg.4680.site.43, 16, 81, 97
537012.5.peg.4680.site.44, 0, 116, 116
537012.5.peg.4680.site.45, 3, 118, 121
537012.5.peg.4680.site.46, 48, 91, 139
537012.5.peg.4680.site.47, 12, 110, 122
537012.5.peg.4680.site.48, 1, 121, 122
537012.5.peg.4680.site.49, 5, 123, 128
537012.5.peg.4680.site.50, 6, 122, 128
537012.5.peg.4680.site.51, 0, 125, 125
537012.5.peg.4680.site.52, 0, 125, 125
537012.5.peg.4680.site.53, 1, 91, 92
537012.5.peg.4680.site.54, 4, 83, 87
537012.5.peg.4680.site.55, 2, 54, 56
537012.5.peg.4680.site.56, 2, 22, 24
537012.5.peg.4680.site.57, 1, 33, 34
537012.5.peg.4680.site.58, 1, 33, 34
537012.5.peg.4680.site.59, 1, 35, 36
537012.5.peg.4680.site.60, 3, 34, 37
537012.5.peg.4680.site.61, 3, 45, 48
537012.5.peg.4680.site.62, 2, 52, 54
537012.5.peg.4680.site.63, 9, 52, 61
537012.5.peg.4680.site.64, 7, 64, 71
537012.5.peg.4680.site.65, 6, 73, 79
537012.5.peg.4680.site.66, 0, 90, 90
537012.5.peg.4680.site.67, 3, 87, 90
537012.5.peg.4680.site.68, 9, 86, 95
537012.5.peg.4680.site.69, 4, 83, 87
537012.5.peg.4680.site.70, 3, 78, 81
537012.5.peg.4680.site.71, 3, 44, 47
537012.5.peg.4680.site.72, 3, 42, 45
537012.5.peg.4680.site.73, 1, 55, 56
537012.5.peg.4680.site.74, 3, 58, 61
537012.5.peg.4680.site.75, 16, 52, 68
537012.5.peg.4680.site.76, 1, 12, 13
537012.5.peg.4680.site.77, 1, 8, 9
537012.5.peg.4680.site.78, 38, 57, 95
537012.5.peg.4680.site.79, 42, 80, 122
537012.5.peg.4680.site.80, 0, 86, 86
537012.5.peg.4680.site.81, 96, 106, 202
537012.5.peg.4680.site.82, 59, 120, 179
537012.5.peg.4680.site.83, 4, 122, 126
537012.5.peg.4680.site.84, 1, 121, 122
537012.5.peg.4680.site.85, 8, 122, 130
537012.5.peg.4680.site.86, 11, 126, 137
537012.5.peg.4680.site.87, 0, 128, 128
537012.5.peg.4680.site.88, 1, 126, 127
537012.5.peg.4680.site.89, 9, 129, 138
537012.5.peg.4680.site.90, 2, 130, 132
537012.5.peg.4680.site.91, 1, 132, 133
537012.5.peg.4680.site.92, 4, 130, 134
537012.5.peg.4680.site.93, 4, 129, 133
537012.5.peg.4680.site.94, 34, 132, 166
537012.5.peg.4680.site.95, 19, 133, 152
537012.5.peg.4680.site.96, 15, 132, 147
537012.5.peg.4680.site.97, 2, 133, 135
537012.5.peg.4680.site.98, 2, 133, 135
537012.5.peg.4311.site.1, 32, 129, 161
537012.5.peg.4311.site.2, 3, 129, 132
537012.5.peg.4311.site.3, 56, 128, 184
537012.5.peg.4311.site.4, 1, 128, 129
537012.5.peg.4311.site.5, 37, 126, 163
537012.5.peg.4311.site.6, 28, 127, 155
537012.5.peg.4311.site.7, 2, 128, 130
537012.5.peg.4311.site.8, 0, 126, 126
537012.5.peg.4311.site.9, 23, 129, 152
537012.5.peg.4311.site.10, 1, 129, 130
537012.5.peg.4311.site.11, 6, 129, 135
537012.5.peg.4311.site.12, 5, 129, 134
537012.5.peg.4311.site.13, 7, 129, 136
537012.5.peg.4311.site.14, 1, 129, 130
537012.5.peg.4311.site.15, 11, 130, 141
537012.5.peg.4311.site.16, 0, 129, 129
537012.5.peg.4311.site.17, 2, 129, 131
537012.5.peg.4311.site.18, 7, 126, 133
537012.5.peg.3799.site.1, 0, 132, 132
537012.5.peg.3799.site.2, 2, 132, 134
537012.5.peg.3799.site.3, 125, 132, 257
537012.5.peg.3799.site.4, 3, 133, 136
537012.5.peg.3799.site.5, 15, 131, 146
537012.5.peg.3799.site.6, 4, 124, 128
537012.5.peg.3799.site.7, 15, 128, 143
537012.5.peg.3799.site.8, 90, 130, 220
537012.5.peg.3799.site.9, 16, 132, 148
537012.5.peg.3799.site.10, 1, 133, 134
537012.5.peg.3799.site.11, 15, 131, 146
537012.5.peg.3799.site.12, 5, 131, 136
537012.5.peg.3799.site.13, 15, 129, 144
537012.5.peg.3799.site.14, 2, 133, 135
537012.5.peg.3799.site.15, 1, 132, 133
537012.5.peg.3799.site.16, 1, 132, 133
537012.5.peg.3799.site.17, 56, 132, 188
537012.5.peg.3799.site.18, 84, 133, 217
537012.5.peg.3799.site.19, 1, 133, 134
537012.5.peg.3799.site.20, 2, 133, 135
537012.5.peg.3799.site.21, 16, 132, 148
537012.5.peg.3799.site.22, 1, 133, 134
537012.5.peg.3799.site.23, 8, 132, 140
537012.5.peg.3799.site.24, 58, 133, 191
537012.5.peg.3799.site.25, 10, 133, 143
537012.5.peg.3799.site.26, 5, 132, 137
537012.5.peg.3799.site.27, 3, 133, 136
537012.5.peg.3799.site.28, 2, 133, 135
537012.5.peg.3799.site.29, 1, 133, 134
537012.5.peg.3799.site.30, 1, 132, 133
537012.5.peg.3799.site.31, 17, 133, 150
537012.5.peg.3799.site.32, 11, 132, 143
537012.5.peg.3799.site.33, 25, 134, 159
537012.5.peg.3799.site.34, 4, 133, 137
537012.5.peg.3799.site.35, 4, 131, 135
537012.5.peg.3799.site.36, 4, 133, 137
537012.5.peg.3799.site.37, 4, 132, 136
537012.5.peg.3799.site.38, 21, 134, 155
537012.5.peg.3799.site.39, 0, 134, 134
537012.5.peg.3798.site.1, 1, 133, 134
537012.5.peg.3798.site.2, 17, 130, 147
537012.5.peg.3798.site.3, 0, 131, 131
537012.5.peg.3798.site.4, 7, 131, 138
537012.5.peg.3798.site.5, 5, 131, 136
537012.5.peg.3798.site.6, 6, 130, 136
537012.5.peg.3798.site.7, 6, 130, 136
537012.5.peg.3798.site.8, 4, 132, 136
537012.5.peg.3798.site.9, 3, 132, 135
537012.5.peg.3798.site.10, 2, 130, 132
537012.5.peg.3798.site.11, 4, 129, 133
537012.5.peg.3798.site.12, 2, 130, 132
537012.5.peg.3798.site.13, 2, 124, 126
537012.5.peg.3798.site.14, 3, 126, 129
537012.5.peg.3798.site.15, 1, 128, 129
537012.5.peg.3798.site.16, 9, 133, 142
537012.5.peg.3798.site.17, 6, 133, 139
537012.5.peg.3798.site.18, 7, 134, 141
537012.5.peg.3798.site.19, 1, 134, 135
537012.5.peg.3798.site.20, 20, 134, 154
537012.5.peg.3798.site.21, 15, 133, 148
537012.5.peg.3798.site.22, 93, 132, 225
537012.5.peg.3798.site.23, 81, 131, 212
537012.5.peg.3798.site.24, 5, 132, 137
537012.5.peg.3798.site.25, 5, 132, 137
537012.5.peg.3798.site.26, 10, 132, 142
537012.5.peg.3798.site.27, 1, 130, 131
537012.5.peg.3798.site.28, 41, 130, 171
537012.5.peg.3798.site.29, 3, 129, 132
537012.5.peg.3798.site.30, 9, 131, 140
537012.5.peg.3798.site.31, 1, 132, 133
537012.5.peg.3798.site.32, 1, 131, 132
537012.5.peg.3798.site.33, 1, 130, 131
537012.5.peg.3798.site.34, 5, 131, 136
537012.5.peg.3798.site.35, 1, 132, 133
537012.5.peg.3798.site.36, 4, 132, 136
537012.5.peg.3798.site.37, 5, 132, 137
537012.5.peg.3798.site.38, 36, 129, 165
537012.5.peg.3798.site.39, 0, 130, 130
537012.5.peg.3798.site.40, 1, 133, 134
537012.5.peg.1959.site.1, 18, 128, 146
537012.5.peg.1959.site.2, 5, 129, 134
537012.5.peg.1959.site.3, 2, 129, 131
537012.5.peg.1959.site.4, 100, 129, 229
537012.5.peg.1959.site.5, 7, 129, 136
537012.5.peg.1959.site.6, 1, 129, 130
537012.5.peg.1959.site.7, 0, 129, 129
537012.5.peg.1959.site.8, 2, 129, 131
537012.5.peg.1959.site.9, 4, 127, 131
537012.5.peg.1959.site.10, 12, 129, 141
537012.5.peg.1959.site.11, 50, 129, 179
537012.5.peg.1959.site.12, 3, 129, 132
537012.5.peg.1959.site.13, 11, 129, 140
537012.5.peg.1959.site.14, 2, 126, 128
537012.5.peg.1959.site.15, 17, 126, 143
537012.5.peg.1959.site.16, 6, 126, 132
537012.5.peg.1959.site.17, 26, 127, 153
537012.5.peg.1959.site.18, 74, 126, 200
537012.5.peg.1959.site.19, 97, 128, 225
537012.5.peg.1959.site.20, 4, 129, 133
537012.5.peg.1959.site.21, 5, 129, 134
537012.5.peg.1959.site.22, 2, 129, 131
537012.5.peg.1959.site.23, 7, 129, 136
537012.5.peg.1959.site.24, 7, 128, 135
537012.5.peg.1959.site.25, 11, 127, 138
537012.5.peg.1959.site.26, 5, 129, 134
537012.5.peg.1959.site.27, 12, 127, 139
537012.5.peg.1959.site.28, 5, 129, 134
537012.5.peg.1959.site.29, 102, 128, 230
537012.5.peg.1959.site.30, 22, 129, 151
537012.5.peg.1959.site.31, 24, 129, 153
537012.5.peg.1958.site.1, 5, 128, 133
537012.5.peg.1958.site.2, 3, 129, 132
537012.5.peg.1958.site.3, 16, 128, 144
537012.5.peg.1958.site.4, 2, 129, 131
537012.5.peg.1958.site.5, 5, 129, 134
537012.5.peg.1958.site.6, 7, 128, 135
537012.5.peg.1958.site.7, 4, 128, 132
537012.5.peg.1958.site.8, 0, 129, 129
537012.5.peg.1958.site.9, 2, 129, 131
537012.5.peg.1958.site.10, 6, 128, 134
537012.5.peg.1958.site.11, 0, 126, 126
537012.5.peg.1958.site.12, 16, 126, 142
537012.5.peg.1958.site.13, 3, 128, 131
537012.5.peg.1958.site.14, 3, 128, 131
537012.5.peg.1958.site.15, 0, 129, 129
537012.5.peg.1958.site.16, 5, 129, 134
537012.5.peg.1958.site.17, 5, 129, 134
537012.5.peg.1958.site.18, 9, 127, 136
537012.5.peg.1958.site.19, 82, 128, 210
537012.5.peg.1958.site.20, 0, 129, 129
537012.5.peg.1958.site.21, 5, 129, 134
537012.5.peg.1958.site.22, 2, 129, 131
537012.5.peg.1958.site.23, 12, 129, 141
537012.5.peg.1958.site.24, 5, 129, 134
537012.5.peg.1958.site.25, 1, 129, 130
537012.5.peg.1958.site.26, 4, 127, 131
537012.5.peg.1958.site.27, 4, 127, 131
537012.5.peg.1958.site.28, 34, 129, 163
537012.5.peg.1958.site.29, 8, 128, 136
537012.5.peg.1958.site.30, 104, 129, 233
537012.5.peg.1958.site.31, 10, 128, 138
537012.5.peg.1958.site.32, 9, 127, 136
537012.5.peg.1958.site.33, 3, 129, 132
537012.5.peg.1958.site.34, 5, 129, 134
537012.5.peg.1955.site.1, 50, 131, 181
537012.5.peg.1955.site.2, 1, 132, 133
537012.5.peg.1955.site.3, 2, 132, 134
537012.5.peg.1955.site.4, 2, 132, 134
537012.5.peg.1955.site.5, 1, 132, 133
537012.5.peg.1955.site.6, 37, 131, 168
537012.5.peg.1955.site.7, 11, 132, 143
537012.5.peg.1955.site.8, 3, 132, 135
537012.5.peg.1955.site.9, 43, 132, 175
537012.5.peg.1955.site.10, 1, 132, 133
537012.5.peg.1955.site.11, 7, 129, 136
537012.5.peg.1955.site.12, 2, 131, 133
537012.5.peg.1955.site.13, 43, 131, 174
537012.5.peg.1955.site.14, 10, 130, 140
537012.5.peg.1955.site.15, 5, 132, 137
537012.5.peg.1955.site.16, 1, 132, 133
537012.5.peg.1955.site.17, 0, 132, 132
537012.5.peg.1955.site.18, 17, 132, 149
537012.5.peg.1955.site.19, 0, 130, 130
537012.5.peg.1955.site.20, 0, 130, 130
537012.5.peg.1955.site.21, 2, 132, 134
537012.5.peg.1955.site.22, 23, 132, 155
537012.5.peg.1955.site.23, 2, 132, 134
537012.5.peg.1955.site.24, 127, 132, 259
537012.5.peg.1955.site.25, 4, 130, 134
537012.5.peg.1955.site.26, 2, 130, 132
537012.5.peg.1955.site.27, 1, 130, 131
537012.5.peg.1955.site.28, 53, 130, 183
537012.5.peg.1955.site.29, 2, 132, 134
537012.5.peg.1955.site.30, 3, 132, 135
537012.5.peg.1955.site.31, 3, 132, 135
537012.5.peg.1955.site.32, 27, 132, 159
537012.5.peg.1955.site.33, 55, 130, 185
537012.5.peg.1955.site.34, 3, 132, 135
537012.5.peg.1955.site.35, 126, 131, 257
537012.5.peg.1955.site.36, 11, 132, 143
537012.5.peg.1955.site.37, 6, 132, 138
537012.5.peg.1955.site.38, 4, 132, 136
537012.5.peg.1955.site.39, 3, 132, 135
537012.5.peg.1955.site.40, 1, 130, 131
537012.5.peg.1955.site.41, 1, 129, 130
537012.5.peg.1955.site.42, 8, 132, 140
537012.5.peg.1955.site.43, 12, 130, 142
537012.5.peg.1955.site.44, 9, 132, 141
537012.5.peg.1955.site.45, 64, 130, 194
537012.5.peg.1955.site.46, 61, 130, 191
537012.5.peg.1955.site.47, 53, 130, 183
537012.5.peg.1955.site.48, 8, 132, 140
537012.5.peg.1955.site.49, 3, 131, 134
537012.5.peg.1955.site.50, 16, 131, 147
537012.5.peg.1955.site.51, 1, 131, 132
537012.5.peg.1955.site.52, 1, 125, 126
537012.5.peg.1955.site.53, 1, 118, 119
537012.5.peg.1955.site.54, 24, 118, 142
537012.5.peg.1955.site.55, 5, 118, 123
537012.5.peg.1954.site.1, 5, 131, 136
537012.5.peg.1954.site.2, 125, 132, 257
537012.5.peg.1954.site.3, 3, 132, 135
537012.5.peg.1954.site.4, 3, 132, 135
537012.5.peg.1954.site.5, 8, 131, 139
537012.5.peg.1954.site.6, 3, 131, 134
537012.5.peg.1954.site.7, 8, 132, 140
537012.5.peg.1954.site.8, 7, 132, 139
537012.5.peg.1954.site.9, 1, 132, 133
537012.5.peg.1954.site.10, 3, 132, 135
537012.5.peg.1954.site.11, 9, 132, 141
537012.5.peg.1954.site.12, 13, 131, 144
537012.5.peg.1954.site.13, 5, 132, 137
537012.5.peg.1954.site.14, 1, 132, 133
537012.5.peg.1954.site.15, 3, 132, 135
537012.5.peg.1954.site.16, 11, 131, 142
537012.5.peg.1954.site.17, 3, 130, 133
537012.5.peg.1954.site.18, 0, 132, 132
537012.5.peg.1957.site.1, 9, 129, 138
537012.5.peg.1957.site.2, 0, 131, 131
537012.5.peg.1957.site.3, 0, 131, 131
537012.5.peg.1957.site.4, 3, 131, 134
537012.5.peg.1957.site.5, 38, 130, 168
537012.5.peg.1957.site.6, 3, 131, 134
537012.5.peg.1957.site.7, 7, 129, 136
537012.5.peg.1957.site.8, 0, 128, 128
537012.5.peg.1957.site.9, 2, 129, 131
537012.5.peg.1957.site.10, 0, 128, 128
537012.5.peg.1957.site.11, 18, 128, 146
537012.5.peg.1957.site.12, 5, 129, 134
537012.5.peg.1957.site.13, 64, 128, 192
537012.5.peg.1957.site.14, 0, 128, 128
537012.5.peg.1957.site.15, 0, 127, 127
537012.5.peg.1957.site.16, 3, 126, 129
537012.5.peg.1957.site.17, 29, 127, 156
537012.5.peg.1957.site.18, 90, 126, 216
537012.5.peg.1957.site.19, 1, 129, 130
537012.5.peg.1957.site.20, 5, 129, 134
537012.5.peg.1957.site.21, 11, 129, 140
537012.5.peg.1957.site.22, 24, 129, 153
537012.5.peg.1957.site.23, 61, 128, 189
537012.5.peg.1957.site.24, 0, 129, 129
537012.5.peg.1957.site.25, 9, 127, 136
537012.5.peg.1957.site.26, 26, 127, 153
537012.5.peg.1957.site.27, 1, 129, 130
537012.5.peg.1957.site.28, 15, 129, 144
537012.5.peg.1957.site.29, 3, 129, 132
537012.5.peg.1957.site.30, 5, 129, 134
537012.5.peg.1957.site.31, 22, 128, 150
537012.5.peg.1957.site.32, 3, 129, 132
537012.5.peg.1957.site.33, 5, 129, 134
537012.5.peg.1957.site.34, 1, 129, 130
537012.5.peg.1957.site.35, 3, 129, 132
537012.5.peg.1957.site.36, 5, 128, 133
537012.5.peg.1957.site.37, 3, 129, 132
537012.5.peg.1957.site.38, 3, 129, 132
537012.5.peg.1957.site.39, 9, 127, 136
537012.5.peg.1957.site.40, 100, 127, 227
537012.5.peg.1957.site.41, 44, 127, 171
537012.5.peg.1957.site.42, 3, 129, 132
537012.5.peg.1957.site.43, 5, 129, 134
537012.5.peg.1957.site.44, 5, 129, 134
537012.5.peg.1957.site.45, 4, 128, 132
537012.5.peg.1957.site.46, 36, 128, 164
537012.5.peg.1957.site.47, 0, 129, 129
537012.5.peg.1957.site.48, 3, 129, 132
537012.5.peg.1957.site.49, 1, 129, 130
537012.5.peg.1957.site.50, 3, 129, 132
537012.5.peg.1957.site.51, 10, 128, 138
537012.5.peg.1957.site.52, 12, 129, 141
537012.5.peg.1957.site.53, 10, 128, 138
537012.5.peg.1957.site.54, 100, 128, 228
537012.5.peg.1957.site.55, 5, 129, 134
537012.5.peg.1957.site.56, 5, 128, 133
537012.5.peg.1957.site.57, 3, 129, 132
537012.5.peg.1957.site.58, 0, 128, 128
537012.5.peg.1957.site.59, 5, 128, 133
537012.5.peg.1957.site.60, 22, 129, 151
537012.5.peg.1957.site.61, 3, 129, 132
537012.5.peg.1957.site.62, 5, 129, 134
537012.5.peg.1957.site.63, 3, 129, 132
537012.5.peg.1957.site.64, 1, 129, 130
537012.5.peg.1957.site.65, 10, 128, 138
537012.5.peg.1957.site.66, 8, 128, 136
537012.5.peg.1957.site.67, 1, 128, 129
537012.5.peg.1957.site.68, 34, 129, 163
537012.5.peg.1957.site.69, 11, 129, 140
537012.5.peg.1957.site.70, 4, 129, 133
537012.5.peg.1957.site.71, 1, 128, 129
537012.5.peg.1957.site.72, 1, 129, 130
537012.5.peg.1957.site.73, 5, 128, 133
537012.5.peg.1957.site.74, 18, 128, 146
537012.5.peg.1957.site.75, 0, 127, 127
537012.5.peg.1957.site.76, 0, 129, 129
537012.5.peg.1957.site.77, 4, 127, 131
537012.5.peg.1957.site.78, 0, 129, 129
537012.5.peg.1957.site.79, 2, 128, 130
537012.5.peg.1956.site.1, 3, 118, 121
537012.5.peg.1956.site.2, 0, 118, 118
537012.5.peg.1956.site.3, 3, 118, 121
537012.5.peg.1956.site.4, 1, 117, 118
537012.5.peg.1956.site.5, 2, 118, 120
537012.5.peg.1956.site.6, 3, 119, 122
537012.5.peg.1956.site.7, 5, 119, 124
537012.5.peg.1956.site.8, 1, 118, 119
537012.5.peg.1956.site.9, 0, 118, 118
537012.5.peg.1956.site.10, 0, 118, 118
537012.5.peg.1956.site.11, 0, 120, 120
537012.5.peg.1956.site.12, 1, 122, 123
537012.5.peg.1956.site.13, 11, 130, 141
537012.5.peg.1956.site.14, 45, 129, 174
537012.5.peg.1956.site.15, 68, 130, 198
537012.5.peg.1956.site.16, 3, 130, 133
537012.5.peg.1956.site.17, 13, 131, 144
537012.5.peg.1956.site.18, 0, 131, 131
537012.5.peg.1956.site.19, 3, 129, 132
537012.5.peg.1956.site.20, 1, 131, 132
537012.5.peg.1956.site.21, 1, 131, 132
537012.5.peg.1956.site.22, 30, 131, 161
537012.5.peg.1956.site.23, 4, 128, 132
537012.5.peg.1956.site.24, 0, 130, 130
537012.5.peg.1956.site.25, 14, 130, 144
537012.5.peg.1956.site.26, 2, 130, 132
537012.5.peg.1956.site.27, 0, 130, 130
537012.5.peg.1956.site.28, 49, 130, 179
537012.5.peg.1956.site.29, 5, 130, 135
537012.5.peg.1956.site.30, 2, 131, 133
537012.5.peg.1956.site.31, 2, 131, 133
537012.5.peg.1956.site.32, 5, 130, 135
537012.5.peg.1956.site.33, 1, 129, 130
537012.5.peg.1956.site.34, 77, 130, 207
537012.5.peg.1951.site.1, 9, 133, 142
537012.5.peg.1951.site.2, 3, 133, 136
537012.5.peg.1951.site.3, 1, 133, 134
537012.5.peg.1951.site.4, 0, 134, 134
537012.5.peg.1951.site.5, 1, 134, 135
537012.5.peg.1951.site.6, 1, 134, 135
537012.5.peg.1951.site.7, 11, 132, 143
537012.5.peg.1951.site.8, 132, 134, 266
537012.5.peg.1951.site.9, 1, 134, 135
537012.5.peg.1951.site.10, 25, 131, 156
537012.5.peg.1951.site.11, 1, 134, 135
537012.5.peg.1951.site.12, 1, 134, 135
537012.5.peg.1951.site.13, 3, 134, 137
537012.5.peg.1951.site.14, 3, 134, 137
537012.5.peg.1951.site.15, 2, 134, 136
537012.5.peg.1951.site.16, 1, 132, 133
537012.5.peg.1951.site.17, 4, 134, 138
537012.5.peg.1951.site.18, 1, 134, 135
537012.5.peg.1951.site.19, 2, 134, 136
537012.5.peg.1951.site.20, 9, 134, 143
537012.5.peg.1951.site.21, 0, 134, 134
537012.5.peg.1951.site.22, 2, 134, 136
537012.5.peg.1951.site.23, 8, 133, 141
537012.5.peg.1951.site.24, 0, 134, 134
537012.5.peg.1951.site.25, 2, 134, 136
537012.5.peg.1951.site.26, 52, 134, 186
537012.5.peg.1951.site.27, 1, 133, 134
537012.5.peg.1951.site.28, 32, 133, 165
537012.5.peg.1951.site.29, 9, 134, 143
537012.5.peg.1951.site.30, 2, 133, 135
537012.5.peg.1951.site.31, 1, 134, 135
537012.5.peg.1950.site.1, 1, 120, 121
537012.5.peg.1950.site.2, 12, 119, 131
537012.5.peg.1950.site.3, 13, 120, 133
537012.5.peg.1950.site.4, 10, 120, 130
537012.5.peg.1950.site.5, 30, 119, 149
537012.5.peg.1950.site.6, 1, 123, 124
537012.5.peg.1950.site.7, 11, 119, 130
537012.5.peg.1950.site.8, 20, 120, 140
537012.5.peg.1950.site.9, 41, 119, 160
537012.5.peg.1950.site.10, 4, 119, 123
537012.5.peg.1950.site.11, 13, 119, 132
537012.5.peg.1950.site.12, 3, 121, 124
537012.5.peg.1950.site.13, 2, 121, 123
537012.5.peg.1950.site.14, 9, 120, 129
537012.5.peg.1950.site.15, 6, 110, 116
537012.5.peg.1950.site.16, 105, 107, 212
537012.5.peg.1950.site.17, 3, 111, 114
537012.5.peg.1950.site.18, 1, 120, 121
537012.5.peg.1950.site.19, 4, 121, 125
537012.5.peg.1950.site.20, 4, 116, 120
537012.5.peg.1950.site.21, 0, 114, 114
537012.5.peg.1953.site.1, 0, 134, 134
537012.5.peg.1953.site.2, 23, 132, 155
537012.5.peg.1953.site.3, 0, 134, 134
537012.5.peg.1953.site.4, 2, 134, 136
537012.5.peg.1953.site.5, 0, 133, 133
537012.5.peg.1953.site.6, 105, 133, 238
537012.5.peg.1953.site.7, 0, 132, 132
537012.5.peg.1953.site.8, 10, 134, 144
537012.5.peg.1953.site.9, 5, 133, 138
537012.5.peg.1953.site.10, 10, 133, 143
537012.5.peg.1953.site.11, 10, 134, 144
537012.5.peg.1953.site.12, 14, 132, 146
537012.5.peg.1953.site.13, 10, 134, 144
537012.5.peg.1953.site.14, 13, 130, 143
537012.5.peg.1953.site.15, 4, 131, 135
537012.5.peg.1953.site.16, 1, 128, 129
537012.5.peg.1953.site.17, 30, 129, 159
537012.5.peg.1953.site.18, 39, 131, 170
537012.5.peg.1953.site.19, 9, 131, 140
537012.5.peg.1953.site.20, 14, 132, 146
537012.5.peg.1953.site.21, 10, 133, 143
537012.5.peg.1953.site.22, 0, 133, 133
537012.5.peg.1953.site.23, 2, 134, 136
537012.5.peg.1953.site.24, 3, 133, 136
537012.5.peg.1953.site.25, 1, 134, 135
537012.5.peg.1953.site.26, 1, 134, 135
537012.5.peg.1953.site.27, 1, 134, 135
537012.5.peg.1953.site.28, 1, 134, 135
537012.5.peg.1953.site.29, 2, 132, 134
537012.5.peg.1953.site.30, 57, 134, 191
537012.5.peg.1953.site.31, 0, 133, 133
537012.5.peg.1953.site.32, 1, 133, 134
537012.5.peg.1953.site.33, 1, 134, 135
537012.5.peg.1953.site.34, 0, 134, 134
537012.5.peg.1953.site.35, 10, 134, 144
537012.5.peg.1953.site.36, 9, 134, 143
537012.5.peg.1953.site.37, 3, 134, 137
537012.5.peg.1953.site.38, 3, 134, 137
537012.5.peg.1953.site.39, 132, 134, 266
537012.5.peg.1953.site.40, 27, 133, 160
537012.5.peg.1953.site.41, 3, 132, 135
537012.5.peg.1953.site.42, 5, 134, 139
537012.5.peg.1953.site.43, 5, 133, 138
537012.5.peg.1953.site.44, 3, 131, 134
537012.5.peg.1953.site.45, 1, 134, 135
537012.5.peg.1953.site.46, 4, 134, 138
537012.5.peg.1953.site.47, 53, 132, 185
537012.5.peg.1953.site.48, 1, 134, 135
537012.5.peg.1953.site.49, 59, 134, 193
537012.5.peg.1953.site.50, 0, 134, 134
537012.5.peg.1952.site.1, 9, 133, 142
537012.5.peg.1952.site.2, 5, 133, 138
537012.5.peg.1952.site.3, 1, 133, 134
537012.5.peg.1952.site.4, 9, 133, 142
537012.5.peg.1952.site.5, 1, 134, 135
537012.5.peg.1952.site.6, 9, 132, 141
537012.5.peg.1952.site.7, 1, 134, 135
537012.5.peg.1952.site.8, 9, 134, 143
537012.5.peg.1952.site.9, 9, 132, 141
537012.5.peg.1952.site.10, 71, 133, 204
537012.5.peg.1952.site.11, 0, 133, 133
537012.5.peg.1952.site.12, 9, 134, 143
537012.5.peg.1952.site.13, 6, 132, 138
537012.5.peg.1952.site.14, 1, 133, 134
537012.5.peg.1952.site.15, 1, 134, 135
537012.5.peg.1952.site.16, 1, 134, 135
537012.5.peg.1952.site.17, 3, 134, 137
537012.5.peg.1952.site.18, 112, 132, 244
537012.5.peg.1952.site.19, 2, 133, 135
537012.5.peg.1832.site.1, 1, 7, 8
537012.5.peg.1832.site.2, 0, 31, 31
537012.5.peg.1832.site.3, 59, 63, 122
537012.5.peg.1832.site.4, 6, 100, 106
537012.5.peg.1832.site.5, 4, 111, 115
537012.5.peg.1832.site.6, 8, 114, 122
537012.5.peg.1832.site.7, 38, 78, 116
537012.5.peg.1832.site.8, 3, 76, 79
537012.5.peg.1832.site.9, 59, 74, 133
537012.5.peg.1832.site.10, 13, 74, 87
537012.5.peg.1832.site.11, 2, 76, 78
537012.5.peg.1832.site.12, 3, 76, 79
537012.5.peg.1832.site.13, 6, 77, 83
537012.5.peg.1832.site.14, 1, 77, 78
537012.5.peg.1832.site.15, 2, 77, 79
537012.5.peg.1832.site.16, 0, 78, 78
537012.5.peg.1832.site.17, 1, 80, 81
537012.5.peg.1832.site.18, 3, 82, 85
537012.5.peg.1832.site.19, 5, 85, 90
537012.5.peg.1832.site.20, 3, 80, 83
537012.5.peg.1832.site.21, 2, 77, 79
537012.5.peg.1832.site.22, 3, 77, 80
537012.5.peg.1832.site.23, 1, 78, 79
537012.5.peg.1832.site.24, 2, 79, 81
537012.5.peg.1832.site.25, 3, 82, 85
537012.5.peg.1832.site.26, 3, 101, 104
537012.5.peg.1832.site.27, 7, 103, 110
537012.5.peg.1832.site.28, 1, 110, 111
537012.5.peg.1832.site.29, 7, 116, 123
537012.5.peg.1832.site.30, 1, 116, 117
537012.5.peg.1832.site.31, 0, 115, 115
537012.5.peg.1832.site.32, 7, 118, 125
537012.5.peg.1832.site.33, 1, 118, 119
537012.5.peg.1832.site.34, 7, 121, 128
537012.5.peg.1832.site.35, 8, 120, 128
537012.5.peg.1832.site.36, 5, 120, 125
537012.5.peg.1832.site.37, 3, 118, 121
537012.5.peg.1832.site.38, 6, 114, 120
537012.5.peg.1832.site.39, 5, 117, 122
537012.5.peg.1832.site.40, 5, 114, 119
537012.5.peg.1832.site.41, 2, 114, 116
537012.5.peg.1832.site.42, 8, 114, 122
537012.5.peg.1832.site.43, 13, 113, 126
537012.5.peg.1832.site.44, 4, 107, 111
537012.5.peg.1832.site.45, 10, 105, 115
537012.5.peg.1832.site.46, 1, 80, 81
537012.5.peg.1832.site.47, 1, 79, 80
537012.5.peg.1832.site.48, 2, 79, 81
537012.5.peg.1832.site.49, 3, 100, 103
537012.5.peg.1832.site.50, 0, 96, 96
537012.5.peg.1832.site.51, 9, 90, 99
537012.5.peg.1832.site.52, 9, 92, 101
537012.5.peg.1832.site.53, 2, 89, 91
537012.5.peg.1832.site.54, 12, 91, 103
537012.5.peg.1832.site.55, 9, 90, 99
537012.5.peg.1832.site.56, 2, 86, 88
537012.5.peg.1832.site.57, 44, 79, 123
537012.5.peg.1832.site.58, 26, 82, 108
537012.5.peg.1832.site.59, 37, 75, 112
537012.5.peg.1832.site.60, 50, 77, 127
537012.5.peg.1832.site.61, 2, 80, 82
537012.5.peg.1832.site.62, 1, 80, 81
537012.5.peg.1832.site.63, 56, 80, 136
537012.5.peg.1832.site.64, 3, 81, 84
537012.5.peg.1832.site.65, 2, 80, 82
537012.5.peg.1832.site.66, 6, 81, 87
537012.5.peg.1832.site.67, 1, 81, 82
537012.5.peg.1832.site.68, 9, 80, 89
537012.5.peg.1832.site.69, 10, 90, 100
537012.5.peg.1832.site.70, 2, 89, 91
537012.5.peg.1832.site.71, 3, 94, 97
537012.5.peg.1832.site.72, 37, 91, 128
537012.5.peg.1832.site.73, 16, 93, 109
537012.5.peg.1832.site.74, 1, 82, 83
537012.5.peg.1832.site.75, 15, 85, 100
537012.5.peg.1832.site.76, 3, 83, 86
537012.5.peg.1832.site.77, 3, 83, 86
537012.5.peg.1832.site.78, 1, 84, 85
537012.5.peg.1832.site.79, 5, 80, 85
537012.5.peg.1832.site.80, 46, 78, 124
537012.5.peg.1832.site.81, 4, 79, 83
537012.5.peg.1832.site.82, 66, 78, 144
537012.5.peg.1832.site.83, 5, 81, 86
537012.5.peg.1832.site.84, 7, 84, 91
537012.5.peg.1832.site.85, 21, 82, 103
537012.5.peg.1832.site.86, 9, 83, 92
537012.5.peg.1832.site.87, 9, 85, 94
537012.5.peg.1832.site.88, 3, 100, 103
537012.5.peg.1832.site.89, 4, 107, 111
537012.5.peg.1832.site.90, 11, 112, 123
537012.5.peg.1832.site.91, 2, 106, 108
537012.5.peg.1832.site.92, 7, 100, 107
537012.5.peg.1832.site.93, 2, 99, 101
537012.5.peg.1832.site.94, 9, 94, 103
537012.5.peg.1832.site.95, 8, 91, 99
537012.5.peg.1832.site.96, 0, 98, 98
537012.5.peg.1832.site.97, 19, 100, 119
537012.5.peg.1832.site.98, 7, 101, 108
537012.5.peg.1832.site.99, 1, 117, 118
537012.5.peg.1832.site.100, 31, 115, 146
537012.5.peg.1832.site.101, 66, 116, 182
537012.5.peg.1832.site.102, 0, 121, 121
537012.5.peg.1832.site.103, 10, 120, 130
537012.5.peg.1832.site.104, 14, 119, 133
537012.5.peg.1832.site.105, 8, 120, 128
537012.5.peg.1832.site.106, 0, 120, 120
537012.5.peg.1832.site.107, 9, 119, 128
537012.5.peg.1832.site.108, 0, 115, 115
537012.5.peg.1832.site.109, 7, 115, 122
537012.5.peg.1832.site.110, 3, 104, 107
537012.5.peg.1832.site.111, 9, 85, 94
537012.5.peg.1832.site.112, 0, 86, 86
537012.5.peg.1832.site.113, 12, 84, 96
537012.5.peg.1832.site.114, 0, 86, 86
537012.5.peg.1832.site.115, 1, 84, 85
537012.5.peg.1832.site.116, 8, 86, 94
537012.5.peg.1832.site.117, 2, 86, 88
537012.5.peg.1832.site.118, 3, 86, 89
537012.5.peg.1832.site.119, 1, 85, 86
537012.5.peg.1832.site.120, 7, 86, 93
537012.5.peg.1832.site.121, 3, 90, 93
537012.5.peg.1832.site.122, 0, 93, 93
537012.5.peg.1831.site.1, 5, 88, 93
537012.5.peg.1831.site.2, 6, 87, 93
537012.5.peg.1831.site.3, 5, 82, 87
537012.5.peg.1831.site.4, 26, 77, 103
537012.5.peg.1831.site.5, 5, 83, 88
537012.5.peg.1831.site.6, 1, 84, 85
537012.5.peg.1831.site.7, 5, 86, 91
537012.5.peg.1831.site.8, 2, 86, 88
537012.5.peg.1831.site.9, 8, 85, 93
537012.5.peg.1831.site.10, 2, 87, 89
537012.5.peg.1831.site.11, 47, 85, 132
537012.5.peg.1831.site.12, 1, 83, 84
537012.5.peg.1831.site.13, 27, 78, 105
537012.5.peg.1831.site.14, 55, 78, 133
537012.5.peg.1831.site.15, 39, 74, 113
537012.5.peg.1831.site.16, 1, 83, 84
537012.5.peg.1831.site.17, 9, 84, 93
537012.5.peg.1831.site.18, 6, 83, 89
537012.5.peg.1831.site.19, 52, 81, 133
537012.5.peg.1831.site.20, 9, 94, 103
537012.5.peg.1831.site.21, 1, 97, 98
537012.5.peg.1831.site.22, 8, 96, 104
537012.5.peg.1831.site.23, 34, 83, 117
537012.5.peg.1831.site.24, 6, 85, 91
537012.5.peg.1831.site.25, 0, 83, 83
537012.5.peg.1831.site.26, 6, 79, 85
537012.5.peg.1831.site.27, 15, 82, 97
537012.5.peg.1831.site.28, 1, 83, 84
537012.5.peg.1831.site.29, 3, 75, 78
537012.5.peg.1831.site.30, 1, 75, 76
537012.5.peg.1831.site.31, 4, 76, 80
537012.5.peg.1831.site.32, 10, 76, 86
537012.5.peg.1831.site.33, 58, 76, 134
537012.5.peg.1831.site.34, 1, 77, 78
537012.5.peg.1831.site.35, 7, 77, 84
537012.5.peg.1831.site.36, 72, 77, 149
537012.5.peg.1831.site.37, 2, 77, 79
537012.5.peg.1831.site.38, 1, 77, 78
537012.5.peg.1831.site.39, 3, 77, 80
537012.5.peg.1831.site.40, 6, 77, 83
537012.5.peg.1831.site.41, 1, 77, 78
537012.5.peg.1831.site.42, 3, 78, 81
537012.5.peg.1831.site.43, 18, 81, 99
537012.5.peg.1831.site.44, 13, 83, 96
537012.5.peg.1831.site.45, 1, 81, 82
537012.5.peg.1831.site.46, 6, 81, 87
537012.5.peg.1831.site.47, 2, 80, 82
537012.5.peg.1831.site.48, 6, 79, 85
537012.5.peg.1831.site.49, 1, 78, 79
537012.5.peg.1839.site.1, 3, 125, 128
537012.5.peg.1839.site.2, 4, 126, 130
537012.5.peg.1839.site.3, 4, 127, 131
537012.5.peg.1839.site.4, 1, 127, 128
537012.5.peg.1839.site.5, 0, 126, 126
537012.5.peg.1839.site.6, 3, 126, 129
537012.5.peg.1839.site.7, 2, 125, 127
537012.5.peg.1839.site.8, 2, 126, 128
537012.5.peg.1839.site.9, 2, 126, 128
537012.5.peg.1839.site.10, 108, 126, 234
537012.5.peg.1839.site.11, 1, 127, 128
537012.5.peg.1839.site.12, 5, 127, 132
537012.5.peg.1839.site.13, 3, 126, 129
537012.5.peg.1839.site.14, 3, 126, 129
537012.5.peg.1839.site.15, 3, 126, 129
537012.5.peg.1839.site.16, 0, 126, 126
537012.5.peg.1839.site.17, 3, 125, 128
537012.5.peg.1839.site.18, 4, 125, 129
537012.5.peg.1839.site.19, 4, 126, 130
537012.5.peg.1839.site.20, 2, 125, 127
537012.5.peg.1839.site.21, 2, 125, 127
537012.5.peg.1839.site.22, 9, 126, 135
537012.5.peg.1839.site.23, 3, 126, 129
537012.5.peg.1839.site.24, 3, 125, 128
537012.5.peg.1839.site.25, 3, 124, 127
537012.5.peg.1839.site.26, 3, 126, 129
537012.5.peg.1839.site.27, 3, 126, 129
537012.5.peg.1839.site.28, 115, 126, 241
537012.5.peg.1839.site.29, 3, 126, 129
537012.5.peg.1839.site.30, 8, 126, 134
537012.5.peg.1839.site.31, 4, 126, 130
537012.5.peg.1839.site.32, 3, 126, 129
537012.5.peg.1839.site.33, 0, 126, 126
537012.5.peg.4229.site.1, 15, 129, 144
537012.5.peg.4229.site.2, 5, 131, 136
537012.5.peg.4229.site.3, 64, 128, 192
537012.5.peg.4229.site.4, 4, 132, 136
537012.5.peg.4229.site.5, 2, 130, 132
537012.5.peg.4229.site.6, 65, 130, 195
537012.5.peg.4229.site.7, 5, 132, 137
537012.5.peg.4229.site.8, 9, 132, 141
537012.5.peg.4229.site.9, 3, 130, 133
537012.5.peg.4229.site.10, 4, 130, 134
537012.5.peg.4229.site.11, 14, 129, 143
537012.5.peg.4229.site.12, 6, 130, 136
537012.5.peg.4229.site.13, 9, 129, 138
537012.5.peg.4229.site.14, 1, 129, 130
537012.5.peg.4229.site.15, 1, 131, 132
537012.5.peg.4229.site.16, 6, 130, 136
537012.5.peg.4229.site.17, 1, 130, 131
537012.5.peg.4229.site.18, 0, 130, 130
537012.5.peg.4229.site.19, 1, 130, 131
537012.5.peg.4229.site.20, 1, 130, 131
537012.5.peg.4229.site.21, 1, 130, 131
537012.5.peg.4229.site.22, 7, 130, 137
537012.5.peg.4229.site.23, 8, 130, 138
537012.5.peg.4229.site.24, 60, 128, 188
537012.5.peg.4229.site.25, 3, 131, 134
537012.5.peg.4229.site.26, 3, 130, 133
537012.5.peg.4229.site.27, 1, 133, 134
537012.5.peg.4229.site.28, 3, 132, 135
537012.5.peg.4229.site.29, 4, 132, 136
537012.5.peg.4229.site.30, 1, 133, 134
537012.5.peg.4229.site.31, 5, 134, 139
537012.5.peg.4229.site.32, 0, 132, 132
537012.5.peg.4229.site.33, 7, 132, 139
537012.5.peg.4229.site.34, 1, 134, 135
537012.5.peg.4229.site.35, 0, 133, 133
537012.5.peg.4229.site.36, 0, 134, 134
537012.5.peg.4229.site.37, 1, 133, 134
537012.5.peg.4229.site.38, 14, 132, 146
537012.5.peg.4229.site.39, 7, 132, 139
537012.5.peg.4229.site.40, 41, 130, 171
537012.5.peg.4223.site.1, 6, 129, 135
537012.5.peg.4223.site.2, 41, 128, 169
537012.5.peg.4223.site.3, 35, 129, 164
537012.5.peg.4223.site.4, 18, 128, 146
537012.5.peg.4223.site.5, 3, 129, 132
537012.5.peg.4223.site.6, 3, 128, 131
537012.5.peg.4223.site.7, 6, 128, 134
537012.5.peg.4223.site.8, 0, 127, 127
537012.5.peg.4223.site.9, 8, 128, 136
537012.5.peg.4223.site.10, 19, 126, 145
537012.5.peg.4223.site.11, 3, 127, 130
537012.5.peg.4223.site.12, 9, 128, 137
537012.5.peg.4223.site.13, 5, 128, 133
537012.5.peg.4223.site.14, 3, 128, 131
537012.5.peg.4223.site.15, 1, 128, 129
537012.5.peg.4223.site.16, 70, 127, 197
537012.5.peg.4223.site.17, 1, 127, 128
537012.5.peg.4223.site.18, 3, 126, 129
537012.5.peg.4223.site.19, 3, 118, 121
537012.5.peg.4223.site.20, 116, 118, 234
537012.5.peg.4223.site.21, 31, 121, 152
537012.5.peg.4223.site.22, 101, 122, 223
537012.5.peg.4223.site.23, 38, 122, 160
537012.5.peg.4223.site.24, 23, 122, 145
537012.5.peg.4223.site.25, 21, 122, 143
537012.5.peg.4223.site.26, 25, 122, 147
537012.5.peg.4223.site.27, 106, 123, 229
537012.5.peg.4223.site.28, 119, 122, 241
537012.5.peg.4223.site.29, 83, 121, 204
537012.5.peg.4223.site.30, 118, 123, 241
537012.5.peg.4223.site.31, 36, 121, 157
537012.5.peg.4223.site.32, 29, 123, 152
537012.5.peg.4223.site.33, 18, 120, 138
537012.5.peg.4223.site.34, 7, 122, 129
537012.5.peg.4223.site.35, 61, 122, 183
537012.5.peg.4223.site.36, 20, 123, 143
537012.5.peg.4223.site.37, 23, 123, 146
537012.5.peg.4223.site.38, 21, 123, 144
537012.5.peg.4223.site.39, 6, 123, 129
537012.5.peg.4223.site.40, 36, 122, 158
537012.5.peg.4223.site.41, 24, 114, 138
537012.5.peg.4223.site.42, 4, 110, 114
537012.5.peg.4223.site.43, 56, 117, 173
537012.5.peg.4223.site.44, 26, 114, 140
537012.5.peg.4225.site.1, 28, 120, 148
537012.5.peg.4225.site.2, 29, 121, 150
537012.5.peg.4225.site.3, 12, 122, 134
537012.5.peg.4225.site.4, 12, 122, 134
537012.5.peg.4225.site.5, 2, 122, 124
537012.5.peg.4225.site.6, 1, 122, 123
537012.5.peg.4225.site.7, 53, 121, 174
537012.5.peg.4225.site.8, 36, 122, 158
537012.5.peg.4225.site.9, 10, 123, 133
537012.5.peg.4225.site.10, 33, 122, 155
537012.5.peg.4225.site.11, 3, 123, 126
537012.5.peg.4225.site.12, 7, 122, 129
537012.5.peg.4225.site.13, 9, 122, 131
537012.5.peg.4225.site.14, 10, 122, 132
537012.5.peg.4225.site.15, 34, 122, 156
537012.5.peg.4225.site.16, 3, 119, 122
537012.5.peg.4225.site.17, 1, 119, 120
537012.5.peg.4225.site.18, 1, 118, 119
537012.5.peg.4225.site.19, 12, 106, 118
537012.5.peg.4225.site.20, 55, 78, 133
537012.5.peg.4822.site.1, 2, 130, 132
537012.5.peg.4822.site.2, 1, 130, 131
537012.5.peg.4822.site.3, 6, 129, 135
537012.5.peg.4822.site.4, 4, 129, 133
537012.5.peg.4822.site.5, 112, 128, 240
537012.5.peg.4822.site.6, 8, 128, 136
537012.5.peg.4822.site.7, 8, 128, 136
537012.5.peg.4822.site.8, 9, 130, 139
537012.5.peg.4822.site.9, 1, 129, 130
537012.5.peg.4822.site.10, 8, 130, 138
537012.5.peg.4822.site.11, 1, 131, 132
537012.5.peg.4822.site.12, 2, 130, 132
537012.5.peg.4822.site.13, 1, 128, 129
537012.5.peg.4822.site.14, 6, 129, 135
537012.5.peg.4822.site.15, 4, 127, 131
537012.5.peg.4822.site.16, 28, 121, 149
537012.5.peg.4822.site.17, 3, 126, 129
537012.5.peg.4822.site.18, 1, 130, 131
537012.5.peg.4822.site.19, 11, 132, 143
537012.5.peg.4822.site.20, 1, 133, 134
537012.5.peg.4822.site.21, 7, 134, 141
537012.5.peg.4822.site.22, 13, 134, 147
537012.5.peg.4822.site.23, 7, 134, 141
537012.5.peg.4822.site.24, 4, 132, 136
537012.5.peg.4822.site.25, 21, 134, 155
537012.5.peg.4822.site.26, 11, 133, 144
537012.5.peg.4822.site.27, 1, 133, 134
537012.5.peg.4822.site.28, 1, 129, 130
537012.5.peg.3315.site.1, 1, 121, 122
537012.5.peg.3315.site.2, 1, 122, 123
537012.5.peg.3315.site.3, 0, 126, 126
537012.5.peg.3315.site.4, 87, 127, 214
537012.5.peg.3315.site.5, 21, 128, 149
537012.5.peg.3315.site.6, 2, 122, 124
537012.5.peg.3315.site.7, 2, 111, 113
537012.5.peg.3315.site.8, 32, 102, 134
537012.5.peg.3315.site.9, 1, 84, 85
537012.5.peg.3315.site.10, 26, 83, 109
537012.5.peg.3315.site.11, 7, 82, 89
537012.5.peg.3315.site.12, 5, 79, 84
537012.5.peg.3315.site.13, 2, 77, 79
537012.5.peg.3315.site.14, 1, 77, 78
537012.5.peg.3315.site.15, 29, 80, 109
537012.5.peg.3315.site.16, 0, 79, 79
537012.5.peg.3315.site.17, 3, 82, 85
537012.5.peg.3315.site.18, 5, 85, 90
537012.5.peg.3315.site.19, 9, 86, 95
537012.5.peg.3315.site.20, 6, 87, 93
537012.5.peg.3315.site.21, 3, 87, 90
537012.5.peg.3315.site.22, 1, 86, 87
537012.5.peg.3315.site.23, 3, 87, 90
537012.5.peg.3315.site.24, 21, 85, 106
537012.5.peg.3315.site.25, 3, 88, 91
537012.5.peg.3315.site.26, 24, 91, 115
537012.5.peg.3315.site.27, 2, 104, 106
537012.5.peg.3315.site.28, 5, 103, 108
537012.5.peg.3315.site.29, 67, 107, 174
537012.5.peg.3315.site.30, 10, 114, 124
537012.5.peg.3315.site.31, 0, 122, 122
537012.5.peg.3315.site.32, 6, 125, 131
537012.5.peg.3315.site.33, 9, 124, 133
537012.5.peg.3315.site.34, 7, 131, 138
537012.5.peg.3315.site.35, 2, 129, 131
537012.5.peg.1492.site.1, 4, 125, 129
537012.5.peg.1492.site.2, 0, 128, 128
537012.5.peg.1492.site.3, 9, 128, 137
537012.5.peg.1492.site.4, 2, 129, 131
537012.5.peg.1492.site.5, 41, 130, 171
537012.5.peg.1492.site.6, 2, 133, 135
537012.5.peg.1492.site.7, 5, 133, 138
537012.5.peg.1492.site.8, 22, 133, 155
537012.5.peg.1492.site.9, 5, 133, 138
537012.5.peg.1492.site.10, 1, 133, 134
537012.5.peg.1492.site.11, 4, 131, 135
537012.5.peg.1492.site.12, 5, 133, 138
537012.5.peg.1493.site.1, 0, 133, 133
537012.5.peg.1493.site.2, 5, 132, 137
537012.5.peg.1493.site.3, 0, 130, 130
537012.5.peg.1493.site.4, 5, 132, 137
537012.5.peg.1493.site.5, 5, 132, 137
537012.5.peg.1493.site.6, 5, 132, 137
537012.5.peg.1493.site.7, 4, 132, 136
537012.5.peg.1493.site.8, 4, 129, 133
537012.5.peg.1493.site.9, 0, 132, 132
537012.5.peg.1493.site.10, 17, 131, 148
537012.5.peg.1493.site.11, 1, 132, 133
537012.5.peg.1493.site.12, 1, 133, 134
537012.5.peg.1493.site.13, 6, 133, 139
537012.5.peg.1493.site.14, 6, 133, 139
537012.5.peg.1493.site.15, 1, 132, 133
537012.5.peg.1493.site.16, 4, 133, 137
537012.5.peg.1493.site.17, 1, 133, 134
537012.5.peg.1493.site.18, 1, 133, 134
537012.5.peg.1493.site.19, 73, 130, 203
537012.5.peg.1493.site.20, 112, 131, 243
537012.5.peg.1493.site.21, 1, 131, 132
537012.5.peg.1493.site.22, 3, 131, 134
537012.5.peg.1493.site.23, 1, 131, 132
537012.5.peg.1493.site.24, 5, 132, 137
537012.5.peg.1493.site.25, 5, 132, 137
537012.5.peg.1493.site.26, 5, 132, 137
537012.5.peg.1493.site.27, 2, 131, 133
537012.5.peg.1493.site.28, 4, 131, 135
537012.5.peg.1493.site.29, 3, 130, 133
537012.5.peg.1493.site.30, 1, 133, 134
537012.5.peg.1493.site.31, 92, 132, 224
537012.5.peg.1493.site.32, 2, 132, 134
537012.5.peg.1493.site.33, 1, 133, 134
537012.5.peg.1493.site.34, 3, 133, 136
537012.5.peg.1493.site.35, 5, 131, 136
537012.5.peg.1493.site.36, 3, 132, 135
537012.5.peg.1493.site.37, 5, 131, 136
537012.5.peg.1493.site.38, 9, 130, 139
537012.5.peg.1494.site.1, 5, 132, 137
537012.5.peg.1494.site.2, 1, 132, 133
537012.5.peg.1494.site.3, 1, 132, 133
537012.5.peg.1494.site.4, 6, 133, 139
537012.5.peg.1494.site.5, 2, 133, 135
537012.5.peg.1494.site.6, 5, 133, 138
537012.5.peg.1494.site.7, 5, 133, 138
537012.5.peg.1494.site.8, 0, 132, 132
537012.5.peg.1494.site.9, 6, 128, 134
537012.5.peg.1494.site.10, 113, 131, 244
537012.5.peg.1494.site.11, 2, 132, 134
537012.5.peg.1494.site.12, 41, 131, 172
537012.5.peg.1494.site.13, 11, 132, 143
537012.5.peg.1494.site.14, 4, 131, 135
537012.5.peg.1494.site.15, 3, 133, 136
537012.5.peg.1494.site.16, 18, 133, 151
537012.5.peg.1494.site.17, 35, 133, 168
537012.5.peg.1494.site.18, 126, 133, 259
537012.5.peg.1494.site.19, 6, 133, 139
537012.5.peg.1494.site.20, 2, 133, 135
537012.5.peg.1494.site.21, 1, 133, 134
537012.5.peg.1494.site.22, 1, 133, 134
537012.5.peg.1494.site.23, 1, 133, 134
537012.5.peg.1494.site.24, 1, 133, 134
537012.5.peg.1494.site.25, 1, 132, 133
537012.5.peg.1494.site.26, 6, 133, 139
537012.5.peg.1494.site.27, 1, 133, 134
537012.5.peg.1494.site.28, 1, 132, 133
537012.5.peg.1494.site.29, 5, 133, 138
537012.5.peg.1494.site.30, 5, 133, 138
537012.5.peg.1494.site.31, 11, 132, 143
537012.5.peg.1494.site.32, 5, 133, 138
537012.5.peg.1494.site.33, 1, 133, 134
537012.5.peg.1494.site.34, 6, 133, 139
537012.5.peg.1494.site.35, 56, 133, 189
537012.5.peg.1494.site.36, 5, 133, 138
537012.5.peg.1494.site.37, 93, 132, 225
537012.5.peg.1494.site.38, 0, 130, 130
537012.5.peg.1494.site.39, 20, 132, 152
537012.5.peg.1494.site.40, 6, 133, 139
537012.5.peg.1494.site.41, 41, 133, 174
537012.5.peg.1494.site.42, 2, 133, 135
537012.5.peg.1494.site.43, 1, 133, 134
537012.5.peg.1494.site.44, 4, 130, 134
537012.5.peg.1494.site.45, 36, 130, 166
537012.5.peg.1494.site.46, 5, 129, 134
537012.5.peg.1495.site.1, 7, 131, 138
537012.5.peg.1495.site.2, 1, 133, 134
537012.5.peg.1495.site.3, 0, 133, 133
537012.5.peg.1495.site.4, 1, 133, 134
537012.5.peg.1495.site.5, 4, 129, 133
537012.5.peg.1495.site.6, 4, 130, 134
537012.5.peg.1495.site.7, 22, 132, 154
537012.5.peg.1495.site.8, 3, 133, 136
537012.5.peg.1495.site.9, 8, 132, 140
537012.5.peg.1496.site.1, 64, 133, 197
537012.5.peg.1496.site.2, 7, 132, 139
537012.5.peg.1496.site.3, 11, 132, 143
537012.5.peg.1496.site.4, 11, 132, 143
537012.5.peg.1496.site.5, 2, 132, 134
537012.5.peg.1496.site.6, 1, 133, 134
537012.5.peg.1496.site.7, 3, 133, 136
537012.5.peg.1496.site.8, 15, 133, 148
537012.5.peg.1496.site.9, 5, 133, 138
537012.5.peg.1496.site.10, 1, 133, 134
537012.5.peg.1496.site.11, 3, 133, 136
537012.5.peg.1496.site.12, 11, 132, 143
537012.5.peg.1496.site.13, 1, 133, 134
537012.5.peg.1496.site.14, 1, 133, 134
537012.5.peg.1496.site.15, 35, 132, 167
537012.5.peg.1496.site.16, 4, 131, 135
537012.5.peg.1496.site.17, 4, 131, 135
537012.5.peg.1496.site.18, 2, 133, 135
537012.5.peg.1496.site.19, 0, 133, 133
537012.5.peg.1496.site.20, 1, 133, 134
537012.5.peg.1496.site.21, 11, 132, 143
537012.5.peg.1496.site.22, 1, 133, 134
537012.5.peg.1496.site.23, 2, 132, 134
537012.5.peg.1496.site.24, 1, 133, 134
537012.5.peg.1496.site.25, 2, 133, 135
537012.5.peg.1496.site.26, 49, 122, 171
537012.5.peg.1496.site.27, 2, 133, 135
537012.5.peg.1496.site.28, 7, 132, 139
537012.5.peg.1496.site.29, 6, 133, 139
537012.5.peg.1496.site.30, 5, 132, 137
537012.5.peg.1496.site.31, 8, 131, 139
537012.5.peg.1496.site.32, 1, 132, 133
537012.5.peg.1496.site.33, 0, 132, 132
537012.5.peg.1496.site.34, 11, 132, 143
537012.5.peg.1496.site.35, 5, 133, 138
537012.5.peg.1496.site.36, 3, 133, 136
537012.5.peg.1496.site.37, 3, 133, 136
537012.5.peg.1496.site.38, 7, 132, 139
537012.5.peg.1496.site.39, 1, 133, 134
537012.5.peg.1496.site.40, 7, 131, 138
537012.5.peg.1496.site.41, 6, 131, 137
537012.5.peg.1496.site.42, 1, 132, 133
537012.5.peg.1497.site.1, 1, 133, 134
537012.5.peg.1497.site.2, 46, 132, 178
537012.5.peg.1497.site.3, 5, 133, 138
537012.5.peg.1497.site.4, 7, 132, 139
537012.5.peg.1497.site.5, 1, 133, 134
537012.5.peg.1497.site.6, 13, 133, 146
537012.5.peg.1497.site.7, 9, 133, 142
537012.5.peg.1497.site.8, 4, 131, 135
537012.5.peg.1497.site.9, 5, 131, 136
537012.5.peg.1497.site.10, 0, 131, 131
537012.5.peg.1497.site.11, 12, 131, 143
537012.5.peg.1497.site.12, 6, 131, 137
537012.5.peg.1497.site.13, 2, 133, 135
537012.5.peg.1497.site.14, 13, 132, 145
537012.5.peg.1497.site.15, 8, 132, 140
537012.5.peg.1497.site.16, 2, 133, 135
537012.5.peg.1497.site.17, 12, 131, 143
537012.5.peg.1497.site.18, 8, 133, 141
537012.5.peg.1497.site.19, 2, 132, 134
537012.5.peg.1497.site.20, 1, 133, 134
537012.5.peg.1497.site.21, 2, 132, 134
537012.5.peg.1497.site.22, 12, 132, 144
537012.5.peg.1497.site.23, 5, 132, 137
537012.5.peg.1497.site.24, 4, 131, 135
537012.5.peg.1497.site.25, 1, 132, 133
537012.5.peg.1497.site.26, 5, 133, 138
537012.5.peg.1497.site.27, 13, 132, 145
537012.5.peg.1497.site.28, 126, 133, 259
537012.5.peg.1497.site.29, 8, 132, 140
537012.5.peg.1497.site.30, 92, 133, 225
537012.5.peg.1497.site.31, 123, 133, 256
537012.5.peg.1497.site.32, 1, 133, 134
537012.5.peg.1497.site.33, 11, 131, 142
537012.5.peg.1497.site.34, 81, 132, 213
537012.5.peg.1497.site.35, 1, 132, 133
537012.5.peg.1497.site.36, 1, 132, 133
537012.5.peg.1497.site.37, 7, 131, 138
537012.5.peg.1497.site.38, 1, 133, 134
537012.5.peg.1497.site.39, 7, 132, 139
537012.5.peg.1497.site.40, 6, 132, 138
537012.5.peg.1497.site.41, 6, 132, 138
537012.5.peg.1497.site.42, 5, 132, 137
537012.5.peg.1497.site.43, 5, 129, 134
537012.5.peg.1497.site.44, 8, 127, 135
537012.5.peg.1497.site.45, 5, 124, 129
537012.5.peg.1497.site.46, 1, 121, 122
537012.5.peg.1497.site.47, 47, 128, 175
537012.5.peg.1497.site.48, 1, 128, 129
537012.5.peg.1497.site.49, 43, 128, 171
537012.5.peg.1497.site.50, 2, 128, 130
537012.5.peg.1497.site.51, 2, 128, 130
537012.5.peg.1497.site.52, 1, 129, 130
537012.5.peg.1497.site.53, 2, 130, 132
537012.5.peg.1497.site.54, 6, 131, 137
537012.5.peg.1497.site.55, 5, 132, 137
537012.5.peg.1497.site.56, 5, 132, 137
537012.5.peg.1497.site.57, 6, 133, 139
537012.5.peg.1497.site.58, 6, 133, 139
537012.5.peg.1497.site.59, 0, 133, 133
537012.5.peg.1497.site.60, 4, 133, 137
537012.5.peg.1497.site.61, 6, 131, 137
537012.5.peg.1497.site.62, 6, 131, 137
537012.5.peg.1497.site.63, 16, 131, 147
537012.5.peg.1497.site.64, 6, 133, 139
537012.5.peg.1497.site.65, 3, 130, 133
537012.5.peg.1497.site.66, 5, 132, 137
537012.5.peg.1497.site.67, 4, 132, 136
537012.5.peg.1497.site.68, 6, 130, 136
537012.5.peg.1497.site.69, 4, 131, 135
537012.5.peg.1497.site.70, 9, 129, 138
537012.5.peg.1497.site.71, 26, 125, 151
537012.5.peg.1497.site.72, 1, 125, 126
537012.5.peg.1497.site.73, 5, 125, 130
537012.5.peg.1497.site.74, 3, 129, 132
537012.5.peg.1497.site.75, 4, 131, 135
537012.5.peg.1497.site.76, 8, 131, 139
537012.5.peg.1497.site.77, 16, 131, 147
537012.5.peg.1497.site.78, 1, 129, 130
537012.5.peg.1497.site.79, 2, 129, 131
537012.5.peg.1497.site.80, 3, 130, 133
537012.5.peg.1497.site.81, 3, 130, 133
537012.5.peg.1497.site.82, 1, 133, 134
537012.5.peg.1497.site.83, 8, 132, 140
537012.5.peg.1497.site.84, 6, 133, 139
537012.5.peg.1497.site.85, 7, 131, 138
537012.5.peg.1497.site.86, 2, 129, 131
537012.5.peg.1497.site.87, 2, 129, 131
537012.5.peg.1497.site.88, 10, 129, 139
537012.5.peg.1497.site.89, 12, 131, 143
537012.5.peg.1497.site.90, 2, 133, 135
537012.5.peg.1497.site.91, 31, 132, 163
537012.5.peg.1497.site.92, 1, 133, 134
537012.5.peg.1497.site.93, 1, 133, 134
537012.5.peg.1497.site.94, 2, 133, 135
537012.5.peg.1497.site.95, 4, 132, 136
537012.5.peg.1497.site.96, 99, 130, 229
537012.5.peg.1497.site.97, 14, 130, 144
537012.5.peg.1497.site.98, 4, 132, 136
537012.5.peg.1497.site.99, 3, 132, 135
537012.5.peg.1497.site.100, 4, 132, 136
537012.5.peg.1497.site.101, 1, 133, 134
537012.5.peg.1497.site.102, 5, 133, 138
537012.5.peg.1497.site.103, 1, 133, 134
537012.5.peg.1497.site.104, 30, 131, 161
537012.5.peg.1497.site.105, 1, 129, 130
537012.5.peg.1497.site.106, 6, 131, 137
537012.5.peg.1497.site.107, 4, 132, 136
537012.5.peg.1497.site.108, 6, 133, 139
537012.5.peg.1497.site.109, 0, 133, 133
537012.5.peg.1497.site.110, 1, 132, 133
537012.5.peg.1498.site.1, 3, 134, 137
537012.5.peg.1498.site.2, 4, 134, 138
537012.5.peg.1498.site.3, 44, 133, 177
537012.5.peg.1498.site.4, 4, 133, 137
537012.5.peg.1498.site.5, 1, 134, 135
537012.5.peg.1498.site.6, 2, 133, 135
537012.5.peg.1498.site.7, 7, 134, 141
537012.5.peg.1498.site.8, 6, 134, 140
537012.5.peg.1498.site.9, 37, 132, 169
537012.5.peg.1498.site.10, 7, 134, 141
537012.5.peg.1498.site.11, 6, 134, 140
537012.5.peg.1498.site.12, 6, 134, 140
537012.5.peg.1498.site.13, 14, 133, 147
537012.5.peg.1498.site.14, 7, 134, 141
537012.5.peg.1498.site.15, 20, 133, 153
537012.5.peg.1498.site.16, 7, 133, 140
537012.5.peg.1498.site.17, 6, 134, 140
537012.5.peg.1498.site.18, 4, 132, 136
537012.5.peg.1498.site.19, 8, 132, 140
537012.5.peg.1498.site.20, 4, 134, 138
537012.5.peg.1498.site.21, 10, 134, 144
537012.5.peg.1498.site.22, 4, 134, 138
537012.5.peg.1498.site.23, 7, 133, 140
537012.5.peg.1498.site.24, 4, 132, 136
537012.5.peg.1498.site.25, 1, 134, 135
537012.5.peg.1498.site.26, 3, 130, 133
537012.5.peg.1498.site.27, 1, 134, 135
537012.5.peg.1498.site.28, 6, 133, 139
537012.5.peg.1498.site.29, 4, 133, 137
537012.5.peg.1498.site.30, 2, 134, 136
537012.5.peg.1498.site.31, 11, 132, 143
537012.5.peg.1498.site.32, 1, 134, 135
537012.5.peg.1498.site.33, 4, 132, 136
537012.5.peg.1498.site.34, 0, 133, 133
537012.5.peg.1498.site.35, 12, 132, 144
537012.5.peg.1498.site.36, 2, 133, 135
537012.5.peg.1498.site.37, 12, 132, 144
537012.5.peg.1498.site.38, 17, 134, 151
537012.5.peg.1498.site.39, 5, 133, 138
537012.5.peg.1498.site.40, 0, 133, 133
537012.5.peg.1498.site.41, 4, 132, 136
537012.5.peg.1498.site.42, 1, 132, 133
537012.5.peg.1498.site.43, 11, 132, 143
537012.5.peg.1498.site.44, 6, 134, 140
537012.5.peg.1498.site.45, 4, 133, 137
537012.5.peg.1498.site.46, 1, 134, 135
537012.5.peg.1498.site.47, 4, 132, 136
537012.5.peg.1498.site.48, 4, 132, 136
537012.5.peg.1498.site.49, 10, 131, 141
537012.5.peg.1498.site.50, 21, 133, 154
537012.5.peg.1498.site.51, 1, 134, 135
537012.5.peg.1498.site.52, 0, 133, 133
537012.5.peg.1498.site.53, 6, 134, 140
537012.5.peg.1498.site.54, 1, 134, 135
537012.5.peg.1498.site.55, 5, 132, 137
537012.5.peg.1499.site.1, 2, 124, 126
537012.5.peg.1499.site.2, 0, 124, 124
537012.5.peg.1499.site.3, 5, 124, 129
537012.5.peg.1499.site.4, 91, 128, 219
537012.5.peg.1499.site.5, 6, 129, 135
537012.5.peg.1499.site.6, 7, 128, 135
537012.5.peg.1499.site.7, 1, 129, 130
537012.5.peg.1499.site.8, 2, 129, 131
537012.5.peg.1499.site.9, 96, 130, 226
537012.5.peg.1499.site.10, 6, 130, 136
537012.5.peg.1499.site.11, 6, 130, 136
537012.5.peg.4829.site.1, 21, 122, 143
537012.5.peg.4829.site.2, 20, 120, 140
537012.5.peg.4829.site.3, 21, 123, 144
537012.5.peg.4829.site.4, 2, 124, 126
537012.5.peg.4829.site.5, 3, 123, 126
537012.5.peg.4829.site.6, 2, 121, 123
537012.5.peg.4829.site.7, 0, 127, 127
537012.5.peg.4829.site.8, 1, 127, 128
537012.5.peg.4829.site.9, 112, 127, 239
537012.5.peg.3243.site.1, 0, 126, 126
537012.5.peg.3243.site.2, 0, 126, 126
537012.5.peg.3243.site.3, 0, 127, 127
537012.5.peg.3243.site.4, 0, 122, 122
537012.5.peg.3243.site.5, 2, 123, 125
537012.5.peg.3243.site.6, 11, 124, 135
537012.5.peg.3243.site.7, 66, 123, 189
537012.5.peg.3243.site.8, 1, 123, 124
537012.5.peg.3243.site.9, 3, 126, 129
537012.5.peg.3243.site.10, 3, 126, 129
537012.5.peg.3243.site.11, 1, 127, 128
537012.5.peg.3243.site.12, 2, 125, 127
537012.5.peg.3243.site.13, 0, 122, 122
537012.5.peg.3243.site.14, 0, 123, 123
537012.5.peg.3243.site.15, 7, 123, 130
537012.5.peg.3243.site.16, 14, 123, 137
537012.5.peg.3243.site.17, 0, 123, 123
537012.5.peg.3243.site.18, 4, 127, 131
537012.5.peg.3316.site.1, 62, 102, 164
537012.5.peg.3316.site.2, 0, 103, 103
537012.5.peg.3316.site.3, 10, 104, 114
537012.5.peg.3316.site.4, 7, 107, 114
537012.5.peg.3316.site.5, 15, 101, 116
537012.5.peg.3316.site.6, 3, 81, 84
537012.5.peg.3316.site.7, 4, 84, 88
537012.5.peg.3316.site.8, 5, 87, 92
537012.5.peg.3316.site.9, 3, 87, 90
537012.5.peg.3316.site.10, 11, 87, 98
537012.5.peg.3316.site.11, 8, 89, 97
537012.5.peg.3316.site.12, 6, 89, 95
537012.5.peg.3316.site.13, 6, 90, 96
537012.5.peg.3316.site.14, 11, 86, 97
537012.5.peg.3316.site.15, 0, 86, 86
537012.5.peg.3316.site.16, 6, 85, 91
537012.5.peg.3316.site.17, 3, 85, 88
537012.5.peg.3316.site.18, 16, 79, 95
537012.5.peg.3316.site.19, 2, 79, 81
537012.5.peg.3316.site.20, 35, 76, 111
537012.5.peg.3316.site.21, 5, 77, 82
537012.5.peg.3316.site.22, 2, 78, 80
537012.5.peg.3316.site.23, 17, 76, 93
537012.5.peg.3316.site.24, 5, 77, 82
537012.5.peg.3316.site.25, 9, 78, 87
537012.5.peg.3316.site.26, 7, 83, 90
537012.5.peg.3316.site.27, 1, 83, 84
537012.5.peg.3316.site.28, 4, 83, 87
537012.5.peg.3316.site.29, 2, 85, 87
537012.5.peg.3316.site.30, 6, 90, 96
537012.5.peg.3316.site.31, 2, 85, 87
537012.5.peg.3316.site.32, 2, 81, 83
537012.5.peg.3316.site.33, 68, 76, 144
537012.5.peg.3316.site.34, 2, 75, 77
537012.5.peg.3316.site.35, 2, 77, 79
537012.5.peg.3316.site.36, 3, 77, 80
537012.5.peg.3316.site.37, 5, 79, 84
537012.5.peg.3316.site.38, 12, 80, 92
537012.5.peg.3316.site.39, 2, 81, 83
537012.5.peg.3316.site.40, 75, 84, 159
537012.5.peg.3316.site.41, 6, 86, 92
537012.5.peg.3316.site.42, 61, 100, 161
537012.5.peg.3316.site.43, 30, 117, 147
537012.5.peg.3316.site.44, 14, 115, 129
537012.5.peg.3316.site.45, 2, 120, 122
537012.5.peg.3316.site.46, 54, 113, 167
537012.5.peg.3316.site.47, 3, 124, 127
537012.5.peg.3316.site.48, 22, 127, 149
537012.5.peg.3316.site.49, 0, 129, 129
537012.5.peg.3316.site.50, 0, 127, 127
537012.5.peg.3316.site.51, 118, 129, 247
537012.5.peg.3316.site.52, 3, 132, 135
537012.5.peg.3316.site.53, 27, 126, 153
537012.5.peg.3316.site.54, 37, 124, 161
537012.5.peg.3316.site.55, 3, 117, 120
537012.5.peg.3316.site.56, 3, 113, 116
537012.5.peg.3316.site.57, 2, 107, 109
537012.5.peg.3316.site.58, 66, 101, 167
537012.5.peg.3316.site.59, 35, 97, 132
537012.5.peg.3316.site.60, 2, 99, 101
537012.5.peg.3316.site.61, 1, 105, 106
537012.5.peg.3316.site.62, 3, 104, 107
537012.5.peg.3316.site.63, 6, 105, 111
537012.5.peg.3316.site.64, 2, 104, 106
537012.5.peg.3316.site.65, 31, 81, 112
537012.5.peg.3316.site.66, 1, 83, 84
537012.5.peg.3316.site.67, 2, 82, 84
537012.5.peg.3316.site.68, 3, 82, 85
537012.5.peg.3316.site.69, 6, 82, 88
537012.5.peg.3316.site.70, 6, 83, 89
537012.5.peg.3258.site.1, 2, 133, 135
537012.5.peg.3258.site.2, 2, 134, 136
537012.5.peg.3258.site.3, 1, 130, 131
537012.5.peg.3258.site.4, 79, 127, 206
537012.5.peg.3258.site.5, 31, 126, 157
537012.5.peg.3258.site.6, 14, 126, 140
537012.5.peg.3258.site.7, 76, 125, 201
537012.5.peg.5067.site.1, 1, 116, 117
537012.5.peg.5067.site.2, 11, 123, 134
537012.5.peg.5067.site.3, 14, 122, 136
537012.5.peg.5061.site.1, 11, 132, 143
537012.5.peg.5061.site.2, 1, 132, 133
537012.5.peg.5061.site.3, 2, 132, 134
537012.5.peg.5061.site.4, 1, 133, 134
537012.5.peg.5061.site.5, 4, 134, 138
537012.5.peg.5061.site.6, 3, 133, 136
537012.5.peg.5061.site.7, 0, 125, 125
537012.5.peg.5061.site.8, 0, 125, 125
537012.5.peg.5061.site.9, 10, 125, 135
537012.5.peg.3310.site.1, 31, 76, 107
537012.5.peg.3310.site.2, 1, 80, 81
537012.5.peg.3310.site.3, 47, 79, 126
537012.5.peg.3310.site.4, 11, 76, 87
537012.5.peg.3310.site.5, 10, 75, 85
537012.5.peg.3310.site.6, 7, 78, 85
537012.5.peg.3310.site.7, 1, 79, 80
537012.5.peg.3310.site.8, 44, 77, 121
537012.5.peg.3310.site.9, 36, 78, 114
537012.5.peg.3310.site.10, 0, 76, 76
537012.5.peg.3310.site.11, 1, 75, 76
537012.5.peg.3310.site.12, 2, 77, 79
537012.5.peg.3310.site.13, 3, 75, 78
537012.5.peg.3310.site.14, 9, 77, 86
537012.5.peg.3310.site.15, 4, 78, 82
537012.5.peg.3310.site.16, 1, 78, 79
537012.5.peg.3310.site.17, 8, 79, 87
537012.5.peg.3310.site.18, 34, 76, 110
537012.5.peg.3310.site.19, 3, 78, 81
537012.5.peg.3310.site.20, 2, 79, 81
537012.5.peg.3310.site.21, 7, 76, 83
537012.5.peg.3310.site.22, 7, 76, 83
537012.5.peg.3310.site.23, 13, 76, 89
537012.5.peg.3310.site.24, 8, 77, 85
537012.5.peg.3310.site.25, 5, 77, 82
537012.5.peg.3310.site.26, 0, 76, 76
537012.5.peg.3310.site.27, 35, 77, 112
537012.5.peg.3310.site.28, 11, 77, 88
537012.5.peg.3310.site.29, 2, 76, 78
537012.5.peg.3310.site.30, 3, 75, 78
537012.5.peg.3310.site.31, 3, 76, 79
537012.5.peg.3310.site.32, 1, 75, 76
537012.5.peg.3310.site.33, 67, 77, 144
537012.5.peg.3310.site.34, 1, 77, 78
537012.5.peg.3310.site.35, 1, 74, 75
537012.5.peg.3310.site.36, 33, 75, 108
537012.5.peg.3310.site.37, 2, 78, 80
537012.5.peg.3310.site.38, 0, 79, 79
537012.5.peg.3310.site.39, 3, 77, 80
537012.5.peg.3310.site.40, 5, 81, 86
537012.5.peg.3310.site.41, 22, 77, 99
537012.5.peg.3310.site.42, 2, 78, 80
537012.5.peg.3310.site.43, 13, 82, 95
537012.5.peg.3310.site.44, 1, 82, 83
537012.5.peg.3310.site.45, 1, 86, 87
537012.5.peg.3310.site.46, 2, 82, 84
537012.5.peg.3310.site.47, 12, 79, 91
537012.5.peg.3310.site.48, 38, 77, 115
537012.5.peg.3310.site.49, 46, 76, 122
537012.5.peg.3310.site.50, 1, 80, 81
537012.5.peg.3310.site.51, 10, 81, 91
537012.5.peg.3310.site.52, 10, 78, 88
537012.5.peg.3310.site.53, 3, 78, 81
537012.5.peg.3310.site.54, 1, 73, 74
537012.5.peg.3310.site.55, 74, 76, 150
537012.5.peg.3310.site.56, 1, 73, 74
537012.5.peg.3310.site.57, 5, 76, 81
537012.5.peg.3310.site.58, 11, 76, 87
537012.5.peg.3310.site.59, 5, 78, 83
537012.5.peg.3310.site.60, 74, 76, 150
537012.5.peg.3310.site.61, 3, 77, 80
537012.5.peg.3310.site.62, 6, 76, 82
537012.5.peg.3310.site.63, 8, 77, 85
537012.5.peg.3310.site.64, 1, 76, 77
537012.5.peg.3310.site.65, 3, 74, 77
537012.5.peg.3310.site.66, 45, 76, 121
537012.5.peg.3310.site.67, 0, 76, 76
537012.5.peg.3310.site.68, 26, 74, 100
537012.5.peg.3310.site.69, 13, 76, 89
537012.5.peg.3310.site.70, 2, 74, 76
537012.5.peg.3310.site.71, 2, 77, 79
537012.5.peg.3310.site.72, 5, 81, 86
537012.5.peg.3310.site.73, 2, 81, 83
537012.5.peg.3310.site.74, 0, 85, 85
537012.5.peg.3310.site.75, 2, 85, 87
537012.5.peg.3310.site.76, 1, 86, 87
537012.5.peg.3310.site.77, 32, 81, 113
537012.5.peg.3310.site.78, 6, 80, 86
537012.5.peg.3310.site.79, 6, 82, 88
537012.5.peg.3310.site.80, 2, 79, 81
537012.5.peg.3310.site.81, 2, 78, 80
537012.5.peg.3310.site.82, 3, 77, 80
537012.5.peg.3310.site.83, 3, 77, 80
537012.5.peg.3310.site.84, 2, 76, 78
537012.5.peg.3310.site.85, 12, 74, 86
537012.5.peg.3310.site.86, 3, 75, 78
537012.5.peg.3310.site.87, 3, 77, 80
537012.5.peg.3310.site.88, 13, 75, 88
537012.5.peg.3310.site.89, 61, 74, 135
537012.5.peg.3310.site.90, 54, 75, 129
537012.5.peg.3310.site.91, 3, 78, 81
537012.5.peg.3310.site.92, 19, 76, 95
537012.5.peg.3310.site.93, 3, 78, 81
537012.5.peg.3310.site.94, 18, 75, 93
537012.5.peg.3310.site.95, 2, 77, 79
537012.5.peg.3310.site.96, 7, 77, 84
537012.5.peg.3310.site.97, 5, 69, 74
537012.5.peg.3310.site.98, 9, 70, 79
537012.5.peg.3242.site.1, 5, 132, 137
537012.5.peg.3242.site.2, 63, 131, 194
537012.5.peg.3242.site.3, 3, 127, 130
537012.5.peg.3242.site.4, 2, 124, 126
537012.5.peg.3242.site.5, 37, 125, 162
537012.5.peg.3242.site.6, 1, 132, 133
537012.5.peg.3242.site.7, 14, 130, 144
537012.5.peg.3242.site.8, 0, 130, 130
537012.5.peg.3242.site.9, 6, 131, 137
537012.5.peg.3242.site.10, 3, 130, 133
537012.5.peg.3242.site.11, 34, 129, 163
537012.5.peg.3242.site.12, 4, 128, 132
537012.5.peg.3242.site.13, 1, 126, 127
537012.5.peg.3242.site.14, 1, 126, 127
537012.5.peg.3242.site.15, 6, 128, 134
537012.5.peg.3242.site.16, 6, 130, 136
537012.5.peg.3242.site.17, 1, 130, 131
537012.5.peg.3242.site.18, 22, 129, 151
537012.5.peg.3242.site.19, 16, 129, 145
537012.5.peg.3242.site.20, 7, 130, 137
537012.5.peg.3242.site.21, 8, 130, 138
537012.5.peg.3242.site.22, 2, 130, 132
537012.5.peg.3242.site.23, 9, 130, 139
537012.5.peg.3242.site.24, 2, 114, 116
537012.5.peg.3242.site.25, 39, 105, 144
537012.5.peg.3242.site.26, 38, 104, 142
537012.5.peg.3242.site.27, 37, 67, 104
537012.5.peg.3242.site.28, 1, 67, 68
537012.5.peg.3242.site.29, 6, 127, 133
537012.5.peg.3242.site.30, 6, 125, 131
537012.5.peg.3242.site.31, 1, 131, 132
537012.5.peg.3242.site.32, 7, 129, 136
537012.5.peg.3242.site.33, 1, 129, 130
537012.5.peg.3242.site.34, 6, 131, 137
537012.5.peg.3242.site.35, 1, 129, 130
537012.5.peg.3242.site.36, 5, 130, 135
537012.5.peg.3242.site.37, 1, 130, 131
537012.5.peg.3242.site.38, 10, 130, 140
537012.5.peg.3242.site.39, 1, 131, 132
537012.5.peg.3242.site.40, 4, 131, 135
537012.5.peg.1126.site.1, 1, 132, 133
537012.5.peg.1126.site.2, 3, 131, 134
537012.5.peg.1126.site.3, 4, 134, 138
537012.5.peg.1126.site.4, 7, 134, 141
537012.5.peg.1126.site.5, 122, 133, 255
537012.5.peg.1126.site.6, 3, 134, 137
537012.5.peg.1126.site.7, 23, 131, 154
537012.5.peg.1126.site.8, 12, 134, 146
537012.5.peg.1126.site.9, 4, 132, 136
537012.5.peg.1126.site.10, 1, 134, 135
537012.5.peg.1126.site.11, 3, 133, 136
537012.5.peg.1126.site.12, 45, 133, 178
537012.5.peg.1126.site.13, 31, 131, 162
537012.5.peg.1126.site.14, 9, 134, 143
537012.5.peg.1126.site.15, 2, 133, 135
537012.5.peg.1126.site.16, 27, 134, 161
537012.5.peg.1126.site.17, 4, 132, 136
537012.5.peg.1126.site.18, 18, 133, 151
537012.5.peg.1126.site.19, 2, 134, 136
537012.5.peg.1126.site.20, 8, 133, 141
537012.5.peg.1126.site.21, 2, 133, 135
537012.5.peg.1126.site.22, 2, 134, 136
537012.5.peg.1126.site.23, 2, 133, 135
537012.5.peg.1126.site.24, 40, 134, 174
537012.5.peg.1126.site.25, 8, 134, 142
537012.5.peg.1126.site.26, 0, 133, 133
537012.5.peg.1126.site.27, 1, 133, 134
537012.5.peg.1126.site.28, 2, 132, 134
537012.5.peg.1126.site.29, 5, 131, 136
537012.5.peg.1126.site.30, 8, 133, 141
537012.5.peg.1126.site.31, 15, 131, 146
537012.5.peg.1126.site.32, 3, 133, 136
537012.5.peg.1126.site.33, 26, 133, 159
537012.5.peg.1126.site.34, 2, 133, 135
537012.5.peg.1126.site.35, 26, 133, 159
537012.5.peg.1126.site.36, 3, 132, 135
537012.5.peg.1126.site.37, 1, 133, 134
537012.5.peg.1126.site.38, 32, 132, 164
537012.5.peg.1126.site.39, 2, 132, 134
537012.5.peg.1126.site.40, 2, 134, 136
537012.5.peg.1126.site.41, 6, 132, 138
537012.5.peg.1126.site.42, 1, 134, 135
537012.5.peg.1126.site.43, 97, 132, 229
537012.5.peg.1126.site.44, 2, 132, 134
537012.5.peg.1126.site.45, 5, 130, 135
537012.5.peg.1126.site.46, 2, 134, 136
537012.5.peg.1126.site.47, 1, 134, 135
537012.5.peg.1126.site.48, 17, 132, 149
537012.5.peg.1126.site.49, 3, 133, 136
537012.5.peg.1127.site.1, 37, 128, 165
537012.5.peg.1127.site.2, 4, 130, 134
537012.5.peg.1127.site.3, 4, 129, 133
537012.5.peg.1127.site.4, 85, 129, 214
537012.5.peg.1127.site.5, 6, 130, 136
537012.5.peg.1127.site.6, 3, 130, 133
537012.5.peg.1127.site.7, 4, 130, 134
537012.5.peg.1127.site.8, 19, 128, 147
537012.5.peg.1127.site.9, 0, 130, 130
537012.5.peg.1127.site.10, 13, 128, 141
537012.5.peg.1127.site.11, 4, 130, 134
537012.5.peg.1127.site.12, 3, 127, 130
537012.5.peg.1127.site.13, 1, 130, 131
537012.5.peg.1127.site.14, 36, 130, 166
537012.5.peg.1127.site.15, 0, 130, 130
537012.5.peg.1127.site.16, 4, 129, 133
537012.5.peg.1127.site.17, 1, 130, 131
537012.5.peg.1127.site.18, 7, 130, 137
537012.5.peg.1127.site.19, 7, 129, 136
537012.5.peg.1127.site.20, 5, 130, 135
537012.5.peg.1127.site.21, 9, 127, 136
537012.5.peg.1127.site.22, 3, 126, 129
537012.5.peg.1127.site.23, 2, 122, 124
537012.5.peg.1127.site.24, 2, 127, 129
537012.5.peg.1127.site.25, 1, 130, 131
537012.5.peg.1127.site.26, 17, 130, 147
537012.5.peg.1127.site.27, 52, 128, 180
537012.5.peg.1127.site.28, 15, 130, 145
537012.5.peg.1127.site.29, 4, 130, 134
537012.5.peg.1127.site.30, 5, 130, 135
537012.5.peg.1127.site.31, 2, 130, 132
537012.5.peg.1127.site.32, 9, 127, 136
537012.5.peg.1127.site.33, 4, 130, 134
537012.5.peg.1127.site.34, 7, 128, 135
537012.5.peg.1127.site.35, 16, 130, 146
537012.5.peg.1127.site.36, 4, 130, 134
537012.5.peg.1127.site.37, 1, 130, 131
537012.5.peg.1127.site.38, 3, 128, 131
537012.5.peg.1127.site.39, 3, 128, 131
537012.5.peg.1127.site.40, 3, 130, 133
537012.5.peg.1127.site.41, 27, 127, 154
537012.5.peg.1127.site.42, 41, 128, 169
537012.5.peg.1127.site.43, 6, 130, 136
537012.5.peg.1127.site.44, 50, 129, 179
537012.5.peg.1127.site.45, 10, 128, 138
537012.5.peg.1127.site.46, 3, 125, 128
537012.5.peg.1127.site.47, 10, 125, 135
537012.5.peg.1127.site.48, 1, 128, 129
537012.5.peg.1127.site.49, 27, 128, 155
537012.5.peg.1127.site.50, 69, 127, 196
537012.5.peg.1127.site.51, 9, 128, 137
537012.5.peg.1127.site.52, 9, 130, 139
537012.5.peg.1127.site.53, 7, 130, 137
537012.5.peg.1127.site.54, 7, 130, 137
537012.5.peg.1127.site.55, 1, 129, 130
537012.5.peg.1127.site.56, 1, 129, 130
537012.5.peg.1127.site.57, 2, 130, 132
537012.5.peg.1127.site.58, 6, 130, 136
537012.5.peg.1127.site.59, 8, 128, 136
537012.5.peg.1127.site.60, 2, 130, 132
537012.5.peg.1127.site.61, 10, 130, 140
537012.5.peg.1127.site.62, 5, 129, 134
537012.5.peg.1127.site.63, 4, 129, 133
537012.5.peg.1127.site.64, 4, 128, 132
537012.5.peg.1127.site.65, 25, 128, 153
537012.5.peg.1127.site.66, 9, 130, 139
537012.5.peg.1127.site.67, 67, 129, 196
537012.5.peg.1129.site.1, 1, 121, 122
537012.5.peg.1129.site.2, 7, 120, 127
537012.5.peg.1129.site.3, 40, 119, 159
537012.5.peg.1129.site.4, 8, 126, 134
537012.5.peg.1129.site.5, 27, 126, 153
537012.5.peg.1129.site.6, 3, 126, 129
537012.5.peg.1129.site.7, 12, 129, 141
537012.5.peg.1129.site.8, 5, 132, 137
537012.5.peg.1129.site.9, 2, 131, 133
537012.5.peg.1129.site.10, 2, 133, 135
537012.5.peg.1129.site.11, 117, 132, 249
537012.5.peg.1129.site.12, 4, 132, 136
537012.5.peg.1129.site.13, 24, 133, 157
537012.5.peg.1129.site.14, 4, 128, 132
537012.5.peg.1129.site.15, 2, 132, 134
537012.5.peg.1129.site.16, 5, 133, 138
537012.5.peg.1129.site.17, 32, 133, 165
537012.5.peg.1129.site.18, 74, 133, 207
537012.5.peg.1129.site.19, 12, 134, 146
537012.5.peg.1129.site.20, 130, 134, 264
537012.5.peg.1129.site.21, 1, 134, 135
537012.5.peg.1129.site.22, 3, 134, 137
537012.5.peg.1129.site.23, 2, 134, 136
537012.5.peg.1129.site.24, 2, 133, 135
537012.5.peg.1129.site.25, 0, 133, 133
537012.5.peg.1129.site.26, 65, 133, 198
537012.5.peg.1129.site.27, 1, 134, 135
537012.5.peg.1129.site.28, 4, 132, 136
537012.5.peg.1129.site.29, 42, 133, 175
537012.5.peg.1129.site.30, 58, 131, 189
537012.5.peg.1129.site.31, 62, 130, 192
537012.5.peg.1129.site.32, 6, 134, 140
537012.5.peg.1129.site.33, 9, 134, 143
537012.5.peg.1129.site.34, 5, 134, 139
537012.5.peg.1129.site.35, 73, 133, 206
537012.5.peg.1129.site.36, 36, 134, 170
537012.5.peg.1129.site.37, 5, 134, 139
537012.5.peg.1129.site.38, 29, 134, 163
537012.5.peg.1129.site.39, 13, 132, 145
537012.5.peg.1129.site.40, 2, 134, 136
537012.5.peg.1129.site.41, 1, 132, 133
537012.5.peg.1129.site.42, 94, 134, 228
537012.5.peg.1129.site.43, 12, 134, 146
537012.5.peg.1129.site.44, 10, 134, 144
537012.5.peg.1129.site.45, 66, 131, 197
537012.5.peg.1129.site.46, 3, 132, 135
537012.5.peg.1129.site.47, 4, 132, 136
537012.5.peg.1129.site.48, 4, 133, 137
537012.5.peg.1129.site.49, 1, 134, 135
537012.5.peg.1129.site.50, 16, 134, 150
537012.5.peg.1129.site.51, 2, 134, 136
537012.5.peg.1129.site.52, 0, 134, 134
537012.5.peg.1129.site.53, 62, 130, 192
537012.5.peg.1129.site.54, 16, 134, 150
537012.5.peg.1129.site.55, 132, 134, 266
537012.5.peg.1521.site.1, 2, 134, 136
537012.5.peg.1521.site.2, 11, 132, 143
537012.5.peg.1521.site.3, 10, 131, 141
537012.5.peg.1521.site.4, 6, 133, 139
537012.5.peg.1521.site.5, 9, 132, 141
537012.5.peg.1521.site.6, 1, 129, 130
537012.5.peg.1521.site.7, 23, 129, 152
537012.5.peg.1521.site.8, 1, 131, 132
537012.5.peg.1521.site.9, 44, 130, 174
537012.5.peg.1521.site.10, 2, 130, 132
537012.5.peg.1521.site.11, 37, 129, 166
537012.5.peg.1521.site.12, 65, 128, 193
537012.5.peg.1521.site.13, 1, 130, 131
537012.5.peg.1521.site.14, 1, 131, 132
537012.5.peg.1521.site.15, 2, 131, 133
537012.5.peg.1521.site.16, 2, 131, 133
537012.5.peg.1521.site.17, 2, 131, 133
537012.5.peg.1521.site.18, 1, 130, 131
537012.5.peg.1521.site.19, 0, 129, 129
537012.5.peg.1521.site.20, 1, 129, 130
537012.5.peg.1521.site.21, 2, 129, 131
537012.5.peg.1521.site.22, 3, 131, 134
537012.5.peg.1521.site.23, 2, 133, 135
537012.5.peg.1521.site.24, 4, 130, 134
537012.5.peg.1521.site.25, 1, 132, 133
537012.5.peg.1521.site.26, 5, 133, 138
537012.5.peg.1521.site.27, 2, 134, 136
537012.5.peg.1521.site.28, 2, 133, 135
537012.5.peg.1521.site.29, 1, 133, 134
537012.5.peg.1521.site.30, 5, 131, 136
537012.5.peg.1521.site.31, 1, 129, 130
537012.5.peg.1521.site.32, 1, 128, 129
537012.5.peg.1521.site.33, 5, 129, 134
537012.5.peg.1521.site.34, 8, 126, 134
537012.5.peg.1521.site.35, 4, 123, 127
537012.5.peg.1521.site.36, 35, 122, 157
537012.5.peg.1521.site.37, 4, 126, 130
537012.5.peg.1521.site.38, 1, 124, 125
537012.5.peg.1521.site.39, 1, 125, 126
537012.5.peg.1521.site.40, 1, 125, 126
537012.5.peg.1521.site.41, 1, 123, 124
537012.5.peg.1521.site.42, 1, 122, 123
537012.5.peg.1521.site.43, 1, 118, 119
537012.5.peg.1521.site.44, 1, 107, 108
537012.5.peg.1521.site.45, 4, 108, 112
537012.5.peg.1521.site.46, 5, 107, 112
537012.5.peg.1521.site.47, 0, 105, 105
537012.5.peg.1521.site.48, 2, 109, 111
537012.5.peg.1521.site.49, 1, 109, 110
537012.5.peg.1521.site.50, 5, 110, 115
537012.5.peg.1521.site.51, 2, 110, 112
537012.5.peg.2388.site.1, 0, 127, 127
537012.5.peg.2388.site.2, 0, 127, 127
537012.5.peg.2388.site.3, 4, 125, 129
537012.5.peg.2388.site.4, 1, 128, 129
537012.5.peg.2388.site.5, 1, 124, 125
537012.5.peg.2388.site.6, 11, 123, 134
537012.5.peg.4049.site.1, 6, 121, 127
537012.5.peg.4049.site.2, 25, 117, 142
537012.5.peg.4049.site.3, 0, 120, 120
537012.5.peg.4049.site.4, 5, 117, 122
537012.5.peg.4049.site.5, 20, 117, 137
537012.5.peg.4049.site.6, 5, 117, 122
537012.5.peg.4049.site.7, 1, 121, 122
537012.5.peg.4049.site.8, 5, 117, 122
537012.5.peg.4049.site.9, 48, 127, 175
537012.5.peg.4049.site.10, 45, 128, 173
537012.5.peg.4049.site.11, 1, 130, 131
537012.5.peg.4049.site.12, 8, 133, 141
537012.5.peg.4049.site.13, 8, 127, 135
537012.5.peg.4049.site.14, 1, 128, 129
537012.5.peg.4049.site.15, 0, 127, 127
537012.5.peg.4049.site.16, 6, 125, 131
537012.5.peg.4049.site.17, 1, 119, 120
537012.5.peg.4049.site.18, 1, 116, 117
537012.5.peg.4049.site.19, 25, 113, 138
537012.5.peg.4049.site.20, 4, 96, 100
537012.5.peg.4049.site.21, 2, 105, 107
537012.5.peg.4049.site.22, 1, 106, 107
537012.5.peg.4049.site.23, 1, 99, 100
537012.5.peg.4049.site.24, 35, 92, 127
537012.5.peg.4049.site.25, 11, 93, 104
537012.5.peg.4049.site.26, 59, 91, 150
537012.5.peg.4049.site.27, 2, 93, 95
537012.5.peg.4049.site.28, 2, 87, 89
537012.5.peg.4049.site.29, 0, 88, 88
537012.5.peg.4049.site.30, 17, 86, 103
537012.5.peg.4049.site.31, 6, 84, 90
537012.5.peg.4049.site.32, 2, 74, 76
537012.5.peg.4049.site.33, 7, 73, 80
537012.5.peg.4049.site.34, 3, 68, 71
537012.5.peg.4049.site.35, 15, 62, 77
537012.5.peg.4049.site.36, 7, 63, 70
537012.5.peg.4049.site.37, 20, 61, 81
537012.5.peg.4049.site.38, 35, 57, 92
537012.5.peg.4049.site.39, 3, 60, 63
537012.5.peg.4049.site.40, 3, 60, 63
537012.5.peg.4049.site.41, 14, 62, 76
537012.5.peg.4049.site.42, 8, 64, 72
537012.5.peg.4049.site.43, 11, 70, 81
537012.5.peg.4049.site.44, 10, 71, 81
537012.5.peg.4049.site.45, 1, 76, 77
537012.5.peg.4049.site.46, 20, 77, 97
537012.5.peg.4049.site.47, 3, 76, 79
537012.5.peg.4049.site.48, 61, 75, 136
537012.5.peg.4049.site.49, 21, 77, 98
537012.5.peg.4049.site.50, 57, 75, 132
537012.5.peg.4049.site.51, 6, 76, 82
537012.5.peg.4049.site.52, 4, 79, 83
537012.5.peg.4049.site.53, 5, 78, 83
537012.5.peg.4049.site.54, 4, 82, 86
537012.5.peg.4049.site.55, 0, 84, 84
537012.5.peg.4049.site.56, 1, 86, 87
537012.5.peg.4049.site.57, 1, 110, 111
537012.5.peg.4049.site.58, 2, 113, 115
537012.5.peg.4049.site.59, 6, 97, 103
537012.5.peg.4049.site.60, 22, 101, 123
537012.5.peg.4049.site.61, 11, 94, 105
537012.5.peg.4049.site.62, 29, 94, 123
537012.5.peg.4049.site.63, 2, 85, 87
537012.5.peg.4049.site.64, 3, 85, 88
537012.5.peg.4049.site.65, 9, 82, 91
537012.5.peg.4049.site.66, 17, 80, 97
537012.5.peg.4049.site.67, 6, 76, 82
537012.5.peg.4049.site.68, 1, 80, 81
537012.5.peg.4049.site.69, 3, 82, 85
537012.5.peg.4049.site.70, 5, 81, 86
537012.5.peg.4049.site.71, 16, 84, 100
537012.5.peg.4049.site.72, 2, 90, 92
537012.5.peg.4049.site.73, 8, 91, 99
537012.5.peg.4049.site.74, 24, 98, 122
537012.5.peg.4049.site.75, 6, 99, 105
537012.5.peg.4049.site.76, 0, 99, 99
537012.5.peg.4049.site.77, 5, 98, 103
537012.5.peg.4049.site.78, 0, 99, 99
537012.5.peg.4049.site.79, 7, 97, 104
537012.5.peg.4049.site.80, 68, 93, 161
537012.5.peg.4049.site.81, 14, 97, 111
537012.5.peg.4049.site.82, 3, 99, 102
537012.5.peg.4049.site.83, 1, 100, 101
537012.5.peg.4049.site.84, 3, 101, 104
537012.5.peg.4049.site.85, 0, 109, 109
537012.5.peg.4049.site.86, 3, 109, 112
537012.5.peg.4049.site.87, 2, 109, 111
537012.5.peg.4049.site.88, 32, 113, 145
537012.5.peg.4049.site.89, 0, 119, 119
537012.5.peg.4049.site.90, 4, 117, 121
537012.5.peg.4049.site.91, 0, 112, 112
537012.5.peg.4049.site.92, 7, 116, 123
537012.5.peg.4049.site.93, 11, 116, 127
537012.5.peg.4049.site.94, 21, 122, 143
537012.5.peg.4049.site.95, 9, 125, 134
537012.5.peg.4049.site.96, 4, 128, 132
537012.5.peg.4049.site.97, 5, 130, 135
537012.5.peg.4049.site.98, 0, 132, 132
537012.5.peg.4049.site.99, 0, 129, 129
537012.5.peg.4049.site.100, 2, 131, 133
537012.5.peg.4049.site.101, 2, 131, 133
537012.5.peg.4049.site.102, 123, 130, 253
537012.5.peg.4049.site.103, 8, 132, 140
537012.5.peg.4049.site.104, 35, 124, 159
537012.5.peg.4049.site.105, 12, 99, 111
537012.5.peg.4049.site.106, 26, 98, 124
537012.5.peg.4049.site.107, 25, 96, 121
537012.5.peg.4049.site.108, 47, 92, 139
537012.5.peg.4049.site.109, 1, 102, 103
537012.5.peg.4049.site.110, 8, 97, 105
537012.5.peg.4049.site.111, 2, 102, 104
537012.5.peg.4049.site.112, 3, 103, 106
537012.5.peg.4049.site.113, 2, 108, 110
537012.5.peg.4049.site.114, 1, 107, 108
537012.5.peg.4049.site.115, 0, 109, 109
537012.5.peg.4049.site.116, 3, 108, 111
537012.5.peg.4049.site.117, 10, 109, 119
537012.5.peg.4049.site.118, 9, 104, 113
537012.5.peg.4049.site.119, 5, 102, 107
537012.5.peg.4049.site.120, 3, 100, 103
537012.5.peg.4049.site.121, 21, 100, 121
537012.5.peg.1014.site.1, 1, 127, 128
537012.5.peg.1014.site.2, 1, 126, 127
537012.5.peg.1014.site.3, 2, 127, 129
537012.5.peg.1014.site.4, 5, 126, 131
537012.5.peg.1014.site.5, 3, 127, 130
537012.5.peg.1014.site.6, 19, 125, 144
537012.5.peg.1014.site.7, 2, 126, 128
537012.5.peg.1014.site.8, 3, 127, 130
537012.5.peg.1014.site.9, 63, 126, 189
537012.5.peg.1014.site.10, 5, 127, 132
537012.5.peg.1014.site.11, 36, 125, 161
537012.5.peg.1014.site.12, 113, 127, 240
537012.5.peg.1014.site.13, 79, 127, 206
537012.5.peg.1014.site.14, 1, 129, 130
537012.5.peg.1014.site.15, 0, 128, 128
537012.5.peg.1014.site.16, 4, 128, 132
537012.5.peg.1014.site.17, 5, 129, 134
537012.5.peg.1015.site.1, 93, 130, 223
537012.5.peg.1015.site.2, 11, 125, 136
537012.5.peg.1015.site.3, 3, 127, 130
537012.5.peg.1015.site.4, 2, 126, 128
537012.5.peg.1015.site.5, 2, 110, 112
537012.5.peg.1015.site.6, 1, 111, 112
537012.5.peg.1015.site.7, 1, 111, 112
537012.5.peg.1015.site.8, 0, 110, 110
537012.5.peg.1015.site.9, 0, 116, 116
537012.5.peg.1015.site.10, 2, 124, 126
537012.5.peg.1015.site.11, 106, 124, 230
537012.5.peg.1015.site.12, 0, 122, 122
537012.5.peg.1540.site.1, 0, 127, 127
537012.5.peg.1540.site.2, 2, 123, 125
537012.5.peg.1540.site.3, 0, 124, 124
537012.5.peg.1540.site.4, 2, 124, 126
537012.5.peg.1540.site.5, 3, 125, 128
537012.5.peg.1540.site.6, 1, 122, 123
537012.5.peg.1540.site.7, 3, 124, 127
537012.5.peg.1540.site.8, 4, 125, 129
537012.5.peg.1540.site.9, 35, 124, 159
537012.5.peg.1540.site.10, 4, 125, 129
537012.5.peg.1540.site.11, 5, 125, 130
537012.5.peg.1540.site.12, 88, 127, 215
537012.5.peg.1540.site.13, 4, 126, 130
537012.5.peg.1540.site.14, 4, 126, 130
537012.5.peg.1540.site.15, 4, 125, 129
537012.5.peg.1540.site.16, 1, 127, 128
537012.5.peg.1540.site.17, 81, 127, 208
537012.5.peg.1540.site.18, 16, 123, 139
537012.5.peg.1540.site.19, 2, 122, 124
537012.5.peg.1540.site.20, 0, 122, 122
537012.5.peg.1540.site.21, 4, 125, 129
537012.5.peg.1540.site.22, 4, 125, 129
537012.5.peg.1540.site.23, 2, 124, 126
537012.5.peg.1541.site.1, 21, 133, 154
537012.5.peg.1541.site.2, 7, 134, 141
537012.5.peg.1541.site.3, 1, 134, 135
537012.5.peg.1541.site.4, 2, 134, 136
537012.5.peg.1541.site.5, 1, 134, 135
537012.5.peg.1541.site.6, 3, 134, 137
537012.5.peg.1541.site.7, 1, 134, 135
537012.5.peg.1541.site.8, 12, 132, 144
537012.5.peg.1541.site.9, 15, 134, 149
537012.5.peg.1541.site.10, 46, 133, 179
537012.5.peg.1541.site.11, 28, 134, 162
537012.5.peg.1541.site.12, 1, 132, 133
537012.5.peg.1541.site.13, 5, 130, 135
537012.5.peg.1541.site.14, 3, 131, 134
537012.5.peg.1541.site.15, 3, 131, 134
537012.5.peg.1541.site.16, 10, 131, 141
537012.5.peg.1541.site.17, 41, 132, 173
537012.5.peg.1541.site.18, 4, 132, 136
537012.5.peg.1541.site.19, 24, 130, 154
537012.5.peg.1541.site.20, 3, 133, 136
537012.5.peg.1541.site.21, 45, 130, 175
537012.5.peg.1541.site.22, 15, 134, 149
537012.5.peg.1541.site.23, 5, 133, 138
537012.5.peg.1541.site.24, 2, 132, 134
537012.5.peg.1541.site.25, 5, 133, 138
537012.5.peg.1541.site.26, 4, 134, 138
537012.5.peg.1541.site.27, 5, 133, 138
537012.5.peg.1010.site.1, 3, 131, 134
537012.5.peg.1010.site.2, 1, 132, 133
537012.5.peg.1010.site.3, 1, 132, 133
537012.5.peg.1010.site.4, 1, 132, 133
537012.5.peg.1010.site.5, 4, 132, 136
537012.5.peg.1010.site.6, 1, 133, 134
537012.5.peg.1010.site.7, 1, 134, 135
537012.5.peg.1010.site.8, 4, 131, 135
537012.5.peg.1010.site.9, 16, 133, 149
537012.5.peg.1010.site.10, 2, 133, 135
537012.5.peg.1010.site.11, 2, 133, 135
537012.5.peg.1010.site.12, 1, 133, 134
537012.5.peg.1010.site.13, 30, 129, 159
537012.5.peg.1010.site.14, 1, 132, 133
537012.5.peg.1010.site.15, 128, 130, 258
537012.5.peg.1010.site.16, 7, 130, 137
537012.5.peg.1010.site.17, 6, 132, 138
537012.5.peg.1010.site.18, 3, 131, 134
537012.5.peg.1010.site.19, 3, 134, 137
537012.5.peg.1010.site.20, 3, 134, 137
537012.5.peg.1010.site.21, 1, 134, 135
537012.5.peg.1010.site.22, 7, 134, 141
537012.5.peg.1010.site.23, 11, 132, 143
537012.5.peg.1010.site.24, 11, 132, 143
537012.5.peg.1010.site.25, 3, 133, 136
537012.5.peg.1010.site.26, 2, 133, 135
537012.5.peg.1010.site.27, 10, 131, 141
537012.5.peg.1010.site.28, 34, 131, 165
537012.5.peg.1010.site.29, 26, 126, 152
537012.5.peg.1010.site.30, 20, 127, 147
537012.5.peg.1010.site.31, 5, 128, 133
537012.5.peg.1010.site.32, 0, 130, 130
537012.5.peg.1010.site.33, 6, 132, 138
537012.5.peg.1010.site.34, 2, 134, 136
537012.5.peg.1010.site.35, 3, 134, 137
537012.5.peg.1010.site.36, 96, 133, 229
537012.5.peg.1010.site.37, 5, 132, 137
537012.5.peg.1010.site.38, 12, 132, 144
537012.5.peg.1010.site.39, 1, 134, 135
537012.5.peg.1010.site.40, 5, 132, 137
537012.5.peg.1010.site.41, 4, 132, 136
537012.5.peg.1010.site.42, 1, 134, 135
537012.5.peg.1010.site.43, 1, 134, 135
537012.5.peg.1010.site.44, 26, 134, 160
537012.5.peg.1012.site.1, 5, 132, 137
537012.5.peg.1012.site.2, 4, 132, 136
537012.5.peg.1012.site.3, 3, 132, 135
537012.5.peg.1012.site.4, 1, 134, 135
537012.5.peg.1012.site.5, 0, 134, 134
537012.5.peg.1012.site.6, 11, 132, 143
537012.5.peg.1012.site.7, 3, 134, 137
537012.5.peg.1012.site.8, 2, 134, 136
537012.5.peg.1012.site.9, 4, 132, 136
537012.5.peg.1012.site.10, 6, 134, 140
537012.5.peg.1012.site.11, 4, 133, 137
537012.5.peg.1012.site.12, 133, 134, 267
537012.5.peg.1013.site.1, 3, 125, 128
537012.5.peg.843.site.1, 1, 130, 131
537012.5.peg.843.site.2, 1, 129, 130
537012.5.peg.843.site.3, 24, 130, 154
537012.5.peg.843.site.4, 6, 130, 136
537012.5.peg.843.site.5, 67, 130, 197
537012.5.peg.843.site.6, 1, 131, 132
537012.5.peg.843.site.7, 14, 130, 144
537012.5.peg.843.site.8, 3, 129, 132
537012.5.peg.843.site.9, 0, 128, 128
537012.5.peg.843.site.10, 5, 127, 132
537012.5.peg.843.site.11, 4, 126, 130
537012.5.peg.843.site.12, 58, 128, 186
537012.5.peg.843.site.13, 2, 129, 131
537012.5.peg.843.site.14, 1, 129, 130
537012.5.peg.842.site.1, 1, 129, 130
537012.5.peg.842.site.2, 1, 129, 130
537012.5.peg.842.site.3, 1, 132, 133
537012.5.peg.842.site.4, 1, 132, 133
537012.5.peg.842.site.5, 8, 132, 140
537012.5.peg.842.site.6, 2, 130, 132
537012.5.peg.842.site.7, 2, 130, 132
537012.5.peg.842.site.8, 2, 130, 132
537012.5.peg.842.site.9, 2, 129, 131
537012.5.peg.842.site.10, 1, 130, 131
537012.5.peg.842.site.11, 0, 128, 128
537012.5.peg.842.site.12, 0, 129, 129
537012.5.peg.842.site.13, 0, 130, 130
537012.5.peg.842.site.14, 2, 131, 133
537012.5.peg.841.site.1, 2, 130, 132
537012.5.peg.841.site.2, 1, 129, 130
537012.5.peg.841.site.3, 1, 130, 131
537012.5.peg.841.site.4, 16, 130, 146
537012.5.peg.841.site.5, 1, 130, 131
537012.5.peg.841.site.6, 1, 130, 131
537012.5.peg.841.site.7, 1, 130, 131
537012.5.peg.841.site.8, 1, 130, 131
537012.5.peg.841.site.9, 1, 129, 130
537012.5.peg.841.site.10, 3, 129, 132
537012.5.peg.841.site.11, 6, 129, 135
537012.5.peg.841.site.12, 1, 129, 130
537012.5.peg.841.site.13, 2, 129, 131
537012.5.peg.841.site.14, 4, 130, 134
537012.5.peg.841.site.15, 1, 133, 134
537012.5.peg.841.site.16, 16, 134, 150
537012.5.peg.841.site.17, 4, 132, 136
537012.5.peg.841.site.18, 1, 134, 135
537012.5.peg.841.site.19, 19, 130, 149
537012.5.peg.841.site.20, 0, 129, 129
537012.5.peg.841.site.21, 18, 129, 147
537012.5.peg.841.site.22, 0, 129, 129
537012.5.peg.841.site.23, 8, 129, 137
537012.5.peg.841.site.24, 1, 130, 131
537012.5.peg.841.site.25, 6, 128, 134
537012.5.peg.841.site.26, 7, 129, 136
537012.5.peg.841.site.27, 1, 129, 130
537012.5.peg.841.site.28, 23, 128, 151
537012.5.peg.841.site.29, 6, 131, 137
537012.5.peg.841.site.30, 1, 131, 132
537012.5.peg.841.site.31, 2, 130, 132
537012.5.peg.841.site.32, 0, 130, 130
537012.5.peg.841.site.33, 0, 131, 131
537012.5.peg.841.site.34, 1, 131, 132
537012.5.peg.841.site.35, 10, 131, 141
537012.5.peg.841.site.36, 9, 131, 140
537012.5.peg.841.site.37, 70, 130, 200
537012.5.peg.841.site.38, 1, 131, 132
537012.5.peg.841.site.39, 1, 130, 131
537012.5.peg.841.site.40, 122, 129, 251
537012.5.peg.841.site.41, 7, 130, 137
537012.5.peg.841.site.42, 48, 129, 177
537012.5.peg.841.site.43, 3, 131, 134
537012.5.peg.841.site.44, 3, 129, 132
537012.5.peg.840.site.1, 4, 130, 134
537012.5.peg.840.site.2, 21, 130, 151
537012.5.peg.840.site.3, 2, 130, 132
537012.5.peg.840.site.4, 24, 130, 154
537012.5.peg.840.site.5, 8, 129, 137
537012.5.peg.840.site.6, 18, 128, 146
537012.5.peg.840.site.7, 0, 128, 128
537012.5.peg.840.site.8, 19, 131, 150
537012.5.peg.840.site.9, 4, 131, 135
537012.5.peg.840.site.10, 4, 129, 133
537012.5.peg.840.site.11, 2, 128, 130
537012.5.peg.840.site.12, 125, 127, 252
537012.5.peg.840.site.13, 12, 128, 140
537012.5.peg.840.site.14, 28, 128, 156
537012.5.peg.840.site.15, 0, 131, 131
537012.5.peg.1019.site.1, 0, 130, 130
537012.5.peg.1019.site.2, 69, 131, 200
537012.5.peg.1019.site.3, 4, 133, 137
537012.5.peg.1019.site.4, 3, 132, 135
537012.5.peg.1019.site.5, 3, 133, 136
537012.5.peg.1019.site.6, 10, 134, 144
537012.5.peg.1019.site.7, 1, 134, 135
537012.5.peg.1019.site.8, 3, 134, 137
537012.5.peg.1019.site.9, 6, 134, 140
537012.5.peg.1019.site.10, 31, 133, 164
537012.5.peg.1019.site.11, 4, 134, 138
537012.5.peg.1019.site.12, 0, 127, 127
537012.5.peg.1019.site.13, 1, 128, 129
537012.5.peg.845.site.1, 1, 131, 132
537012.5.peg.845.site.2, 2, 130, 132
537012.5.peg.845.site.3, 12, 134, 146
537012.5.peg.845.site.4, 1, 134, 135
537012.5.peg.845.site.5, 1, 134, 135
537012.5.peg.845.site.6, 1, 134, 135
537012.5.peg.845.site.7, 32, 134, 166
537012.5.peg.845.site.8, 2, 134, 136
537012.5.peg.845.site.9, 4, 134, 138
537012.5.peg.845.site.10, 4, 131, 135
537012.5.peg.845.site.11, 3, 133, 136
537012.5.peg.845.site.12, 0, 134, 134
537012.5.peg.845.site.13, 11, 132, 143
537012.5.peg.845.site.14, 4, 132, 136
537012.5.peg.845.site.15, 2, 131, 133
537012.5.peg.845.site.16, 6, 132, 138
537012.5.peg.845.site.17, 1, 130, 131
537012.5.peg.845.site.18, 3, 132, 135
537012.5.peg.845.site.19, 1, 131, 132
537012.5.peg.845.site.20, 106, 132, 238
537012.5.peg.845.site.21, 0, 129, 129
537012.5.peg.845.site.22, 7, 129, 136
537012.5.peg.845.site.23, 1, 130, 131
537012.5.peg.845.site.24, 39, 131, 170
537012.5.peg.845.site.25, 22, 130, 152
537012.5.peg.845.site.26, 1, 129, 130
537012.5.peg.845.site.27, 7, 129, 136
537012.5.peg.845.site.28, 9, 131, 140
537012.5.peg.845.site.29, 2, 130, 132
537012.5.peg.845.site.30, 2, 131, 133
537012.5.peg.845.site.31, 11, 131, 142
537012.5.peg.845.site.32, 2, 132, 134
537012.5.peg.845.site.33, 4, 130, 134
537012.5.peg.845.site.34, 1, 130, 131
537012.5.peg.845.site.35, 8, 130, 138
537012.5.peg.845.site.36, 7, 130, 137
537012.5.peg.845.site.37, 1, 133, 134
537012.5.peg.845.site.38, 2, 131, 133
537012.5.peg.845.site.39, 0, 131, 131
537012.5.peg.845.site.40, 111, 133, 244
537012.5.peg.845.site.41, 8, 131, 139
537012.5.peg.845.site.42, 0, 129, 129
537012.5.peg.845.site.43, 0, 129, 129
537012.5.peg.845.site.44, 0, 129, 129
537012.5.peg.845.site.45, 0, 128, 128
537012.5.peg.845.site.46, 0, 131, 131
537012.5.peg.845.site.47, 1, 130, 131
537012.5.peg.845.site.48, 0, 132, 132
537012.5.peg.845.site.49, 0, 132, 132
537012.5.peg.845.site.50, 31, 122, 153
537012.5.peg.844.site.1, 1, 129, 130
537012.5.peg.844.site.2, 19, 128, 147
537012.5.peg.844.site.3, 3, 129, 132
537012.5.peg.844.site.4, 6, 128, 134
537012.5.peg.844.site.5, 4, 128, 132
537012.5.peg.844.site.6, 7, 129, 136
537012.5.peg.844.site.7, 43, 129, 172
537012.5.peg.844.site.8, 3, 128, 131
537012.5.peg.844.site.9, 9, 130, 139
537012.5.peg.844.site.10, 9, 130, 139
537012.5.peg.844.site.11, 2, 129, 131
537012.5.peg.844.site.12, 3, 132, 135
537012.5.peg.844.site.13, 0, 132, 132
537012.5.peg.844.site.14, 0, 130, 130
537012.5.peg.844.site.15, 130, 132, 262
537012.5.peg.844.site.16, 11, 131, 142
537012.5.peg.844.site.17, 1, 131, 132
537012.5.peg.844.site.18, 0, 131, 131
537012.5.peg.844.site.19, 4, 133, 137
537012.5.peg.844.site.20, 1, 131, 132
537012.5.peg.844.site.21, 0, 132, 132
537012.5.peg.844.site.22, 1, 133, 134
537012.5.peg.844.site.23, 3, 133, 136
537012.5.peg.844.site.24, 0, 132, 132
537012.5.peg.844.site.25, 6, 133, 139
537012.5.peg.844.site.26, 0, 132, 132
537012.5.peg.285.site.1, 15, 125, 140
537012.5.peg.285.site.2, 4, 125, 129
537012.5.peg.285.site.3, 94, 127, 221
537012.5.peg.285.site.4, 9, 125, 134
537012.5.peg.285.site.5, 50, 126, 176
537012.5.peg.284.site.1, 10, 129, 139
537012.5.peg.284.site.2, 4, 128, 132
537012.5.peg.284.site.3, 6, 133, 139
537012.5.peg.284.site.4, 4, 130, 134
537012.5.peg.284.site.5, 11, 130, 141
537012.5.peg.284.site.6, 10, 131, 141
537012.5.peg.284.site.7, 22, 133, 155
537012.5.peg.284.site.8, 7, 131, 138
537012.5.peg.284.site.9, 3, 132, 135
537012.5.peg.284.site.10, 10, 130, 140
537012.5.peg.284.site.11, 63, 130, 193
537012.5.peg.284.site.12, 5, 131, 136
537012.5.peg.284.site.13, 6, 127, 133
537012.5.peg.284.site.14, 46, 127, 173
537012.5.peg.284.site.15, 117, 127, 244
537012.5.peg.284.site.16, 1, 132, 133
537012.5.peg.284.site.17, 48, 132, 180
537012.5.peg.284.site.18, 9, 132, 141
537012.5.peg.284.site.19, 11, 133, 144
537012.5.peg.284.site.20, 11, 131, 142
537012.5.peg.284.site.21, 6, 133, 139
537012.5.peg.286.site.1, 25, 123, 148
537012.5.peg.286.site.2, 9, 124, 133
537012.5.peg.286.site.3, 9, 124, 133
537012.5.peg.286.site.4, 9, 126, 135
537012.5.peg.286.site.5, 8, 125, 133
537012.5.peg.286.site.6, 9, 126, 135
537012.5.peg.281.site.1, 10, 131, 141
537012.5.peg.281.site.2, 106, 131, 237
537012.5.peg.281.site.3, 4, 131, 135
537012.5.peg.281.site.4, 30, 133, 163
537012.5.peg.281.site.5, 3, 133, 136
537012.5.peg.281.site.6, 21, 131, 152
537012.5.peg.281.site.7, 97, 132, 229
537012.5.peg.281.site.8, 5, 127, 132
537012.5.peg.281.site.9, 3, 127, 130
537012.5.peg.281.site.10, 1, 128, 129
537012.5.peg.281.site.11, 76, 124, 200
537012.5.peg.281.site.12, 10, 132, 142
537012.5.peg.281.site.13, 4, 133, 137
537012.5.peg.281.site.14, 7, 130, 137
537012.5.peg.281.site.15, 1, 128, 129
537012.5.peg.281.site.16, 3, 119, 122
537012.5.peg.281.site.17, 1, 113, 114
537012.5.peg.281.site.18, 7, 107, 114
537012.5.peg.281.site.19, 4, 97, 101
537012.5.peg.281.site.20, 24, 107, 131
537012.5.peg.280.site.1, 4, 131, 135
537012.5.peg.280.site.2, 1, 131, 132
537012.5.peg.280.site.3, 14, 131, 145
537012.5.peg.280.site.4, 9, 133, 142
537012.5.peg.280.site.5, 7, 132, 139
537012.5.peg.280.site.6, 8, 133, 141
537012.5.peg.280.site.7, 10, 132, 142
537012.5.peg.280.site.8, 5, 132, 137
537012.5.peg.280.site.9, 2, 133, 135
537012.5.peg.280.site.10, 6, 133, 139
537012.5.peg.280.site.11, 8, 133, 141
537012.5.peg.280.site.12, 6, 133, 139
537012.5.peg.280.site.13, 2, 133, 135
537012.5.peg.280.site.14, 1, 132, 133
537012.5.peg.282.site.1, 5, 129, 134
537012.5.peg.282.site.2, 3, 130, 133
537012.5.peg.282.site.3, 5, 129, 134
537012.5.peg.282.site.4, 81, 130, 211
537012.5.peg.282.site.5, 0, 122, 122
537012.5.peg.282.site.6, 1, 131, 132
537012.5.peg.282.site.7, 4, 133, 137
537012.5.peg.282.site.8, 8, 133, 141
537012.5.peg.282.site.9, 0, 132, 132
537012.5.peg.282.site.10, 17, 128, 145
537012.5.peg.282.site.11, 3, 133, 136
537012.5.peg.282.site.12, 2, 133, 135
537012.5.peg.282.site.13, 2, 132, 134
537012.5.peg.282.site.14, 1, 132, 133
537012.5.peg.289.site.1, 50, 107, 157
537012.5.peg.289.site.2, 29, 112, 141
537012.5.peg.289.site.3, 12, 112, 124
537012.5.peg.289.site.4, 7, 111, 118
537012.5.peg.289.site.5, 7, 112, 119
537012.5.peg.289.site.6, 10, 112, 122
537012.5.peg.289.site.7, 7, 113, 120
537012.5.peg.289.site.8, 11, 111, 122
537012.5.peg.289.site.9, 4, 111, 115
537012.5.peg.289.site.10, 4, 117, 121
537012.5.peg.289.site.11, 116, 124, 240
537012.5.peg.289.site.12, 31, 126, 157
537012.5.peg.289.site.13, 7, 123, 130
537012.5.peg.289.site.14, 5, 123, 128
537012.5.peg.289.site.15, 25, 123, 148
537012.5.peg.289.site.16, 1, 121, 122
537012.5.peg.447.site.1, 7, 125, 132
537012.5.peg.447.site.2, 9, 123, 132
537012.5.peg.447.site.3, 0, 113, 113
537012.5.peg.447.site.4, 11, 97, 108
537012.5.peg.447.site.5, 2, 94, 96
537012.5.peg.447.site.6, 3, 96, 99
537012.5.peg.447.site.7, 12, 92, 104
537012.5.peg.447.site.8, 7, 93, 100
537012.5.peg.447.site.9, 50, 100, 150
537012.5.peg.446.site.1, 2, 109, 111
537012.5.peg.446.site.2, 23, 111, 134
537012.5.peg.446.site.3, 4, 122, 126
537012.5.peg.446.site.4, 2, 122, 124
537012.5.peg.446.site.5, 7, 124, 131
537012.5.peg.446.site.6, 15, 123, 138
537012.5.peg.446.site.7, 3, 126, 129
537012.5.peg.446.site.8, 3, 125, 128
537012.5.peg.446.site.9, 1, 130, 131
537012.5.peg.446.site.10, 2, 129, 131
537012.5.peg.446.site.11, 35, 110, 145
537012.5.peg.446.site.12, 2, 126, 128
537012.5.peg.446.site.13, 31, 131, 162
537012.5.peg.446.site.14, 2, 131, 133
537012.5.peg.446.site.15, 9, 128, 137
537012.5.peg.446.site.16, 5, 131, 136
537012.5.peg.446.site.17, 8, 132, 140
537012.5.peg.446.site.18, 1, 134, 135
537012.5.peg.446.site.19, 12, 134, 146
537012.5.peg.446.site.20, 1, 133, 134
537012.5.peg.446.site.21, 0, 134, 134
537012.5.peg.446.site.22, 0, 134, 134
537012.5.peg.446.site.23, 4, 132, 136
537012.5.peg.446.site.24, 4, 130, 134
537012.5.peg.446.site.25, 11, 130, 141
537012.5.peg.446.site.26, 7, 122, 129
537012.5.peg.446.site.27, 9, 121, 130
537012.5.peg.446.site.28, 3, 122, 125
537012.5.peg.446.site.29, 2, 119, 121
537012.5.peg.446.site.30, 2, 123, 125
537012.5.peg.446.site.31, 9, 117, 126
537012.5.peg.446.site.32, 2, 117, 119
537012.5.peg.446.site.33, 1, 115, 116
537012.5.peg.446.site.34, 3, 126, 129
537012.5.peg.446.site.35, 3, 119, 122
537012.5.peg.446.site.36, 32, 113, 145
537012.5.peg.446.site.37, 3, 121, 124
537012.5.peg.444.site.1, 4, 123, 127
537012.5.peg.444.site.2, 4, 123, 127
537012.5.peg.444.site.3, 3, 125, 128
537012.5.peg.444.site.4, 3, 125, 128
537012.5.peg.444.site.5, 84, 119, 203
537012.5.peg.444.site.6, 0, 119, 119
537012.5.peg.444.site.7, 1, 119, 120
537012.5.peg.444.site.8, 2, 120, 122
537012.5.peg.444.site.9, 2, 122, 124
537012.5.peg.444.site.10, 9, 123, 132
537012.5.peg.444.site.11, 2, 123, 125
537012.5.peg.444.site.12, 1, 122, 123
537012.5.peg.444.site.13, 1, 121, 122
537012.5.peg.444.site.14, 1, 124, 125
537012.5.peg.444.site.15, 1, 128, 129
537012.5.peg.444.site.16, 1, 130, 131
537012.5.peg.444.site.17, 1, 129, 130
537012.5.peg.444.site.18, 2, 130, 132
537012.5.peg.444.site.19, 2, 129, 131
537012.5.peg.444.site.20, 29, 134, 163
537012.5.peg.444.site.21, 18, 131, 149
537012.5.peg.444.site.22, 2, 131, 133
537012.5.peg.444.site.23, 4, 132, 136
537012.5.peg.449.site.1, 1, 113, 114
537012.5.peg.449.site.2, 2, 111, 113
537012.5.peg.449.site.3, 6, 112, 118
537012.5.peg.449.site.4, 21, 121, 142
537012.5.peg.449.site.5, 1, 113, 114
537012.5.peg.449.site.6, 1, 112, 113
537012.5.peg.449.site.7, 1, 110, 111
537012.5.peg.449.site.8, 7, 111, 118
537012.5.peg.449.site.9, 0, 109, 109
537012.5.peg.449.site.10, 0, 109, 109
537012.5.peg.449.site.11, 2, 107, 109
537012.5.peg.449.site.12, 1, 109, 110
537012.5.peg.449.site.13, 2, 116, 118
537012.5.peg.449.site.14, 3, 123, 126
537012.5.peg.449.site.15, 8, 130, 138
537012.5.peg.2165.site.1, 92, 131, 223
537012.5.peg.2165.site.2, 13, 133, 146
537012.5.peg.2165.site.3, 6, 134, 140
537012.5.peg.2165.site.4, 3, 133, 136
537012.5.peg.2165.site.5, 1, 134, 135
537012.5.peg.2165.site.6, 28, 133, 161
537012.5.peg.2165.site.7, 23, 134, 157
537012.5.peg.2165.site.8, 4, 132, 136
537012.5.peg.2165.site.9, 93, 134, 227
537012.5.peg.2165.site.10, 0, 133, 133
537012.5.peg.2165.site.11, 1, 134, 135
537012.5.peg.2165.site.12, 6, 134, 140
537012.5.peg.2165.site.13, 3, 134, 137
537012.5.peg.2165.site.14, 4, 132, 136
537012.5.peg.2165.site.15, 5, 133, 138
537012.5.peg.2165.site.16, 5, 133, 138
537012.5.peg.2165.site.17, 21, 132, 153
537012.5.peg.2165.site.18, 3, 133, 136
537012.5.peg.2165.site.19, 9, 132, 141
537012.5.peg.2165.site.20, 4, 132, 136
537012.5.peg.2165.site.21, 0, 134, 134
537012.5.peg.2165.site.22, 133, 134, 267
537012.5.peg.2165.site.23, 1, 134, 135
537012.5.peg.2165.site.24, 4, 134, 138
537012.5.peg.2165.site.25, 1, 134, 135
537012.5.peg.2165.site.26, 4, 132, 136
537012.5.peg.2165.site.27, 2, 134, 136
537012.5.peg.2165.site.28, 4, 132, 136
537012.5.peg.2165.site.29, 2, 134, 136
537012.5.peg.2165.site.30, 3, 134, 137
537012.5.peg.2165.site.31, 6, 134, 140
537012.5.peg.2165.site.32, 1, 134, 135
537012.5.peg.2165.site.33, 6, 133, 139
537012.5.peg.2165.site.34, 10, 132, 142
537012.5.peg.2165.site.35, 6, 133, 139
537012.5.peg.2165.site.36, 89, 133, 222
537012.5.peg.2165.site.37, 12, 134, 146
537012.5.peg.2165.site.38, 0, 134, 134
537012.5.peg.2165.site.39, 3, 134, 137
537012.5.peg.2165.site.40, 4, 132, 136
537012.5.peg.2165.site.41, 0, 132, 132
537012.5.peg.2165.site.42, 9, 133, 142
537012.5.peg.2165.site.43, 9, 134, 143
537012.5.peg.2165.site.44, 8, 131, 139
537012.5.peg.2165.site.45, 1, 134, 135
537012.5.peg.2165.site.46, 1, 134, 135
537012.5.peg.2165.site.47, 31, 133, 164
537012.5.peg.2165.site.48, 1, 134, 135
537012.5.peg.2165.site.49, 0, 133, 133
537012.5.peg.2165.site.50, 1, 134, 135
537012.5.peg.2165.site.51, 131, 132, 263
537012.5.peg.2165.site.52, 1, 131, 132
537012.5.peg.2165.site.53, 4, 130, 134
537012.5.peg.2165.site.54, 7, 134, 141
537012.5.peg.2165.site.55, 7, 133, 140
537012.5.peg.2165.site.56, 1, 134, 135
537012.5.peg.2165.site.57, 9, 134, 143
537012.5.peg.2165.site.58, 5, 132, 137
537012.5.peg.2165.site.59, 15, 132, 147
537012.5.peg.2165.site.60, 106, 134, 240
537012.5.peg.2165.site.61, 6, 134, 140
537012.5.peg.2165.site.62, 4, 134, 138
537012.5.peg.2165.site.63, 8, 134, 142
537012.5.peg.2165.site.64, 1, 134, 135
537012.5.peg.2165.site.65, 7, 132, 139
537012.5.peg.2165.site.66, 6, 131, 137
537012.5.peg.2165.site.67, 6, 130, 136
537012.5.peg.2165.site.68, 31, 124, 155
537012.5.peg.2165.site.69, 46, 107, 153
537012.5.peg.2165.site.70, 32, 105, 137
537012.5.peg.2165.site.71, 5, 116, 121
537012.5.peg.2165.site.72, 2, 129, 131
537012.5.peg.2165.site.73, 8, 129, 137
537012.5.peg.2165.site.74, 0, 134, 134
537012.5.peg.2165.site.75, 1, 132, 133
537012.5.peg.2165.site.76, 18, 132, 150
537012.5.peg.2165.site.77, 4, 134, 138
537012.5.peg.2165.site.78, 11, 134, 145
537012.5.peg.2165.site.79, 22, 133, 155
537012.5.peg.2165.site.80, 2, 134, 136
537012.5.peg.2167.site.1, 11, 134, 145
537012.5.peg.2167.site.2, 10, 131, 141
537012.5.peg.2167.site.3, 2, 134, 136
537012.5.peg.2167.site.4, 0, 134, 134
537012.5.peg.2167.site.5, 25, 134, 159
537012.5.peg.2167.site.6, 11, 134, 145
537012.5.peg.2167.site.7, 19, 134, 153
537012.5.peg.2167.site.8, 11, 134, 145
537012.5.peg.2167.site.9, 23, 131, 154
537012.5.peg.2167.site.10, 3, 134, 137
537012.5.peg.2167.site.11, 7, 133, 140
537012.5.peg.2167.site.12, 2, 134, 136
537012.5.peg.2167.site.13, 23, 132, 155
537012.5.peg.2167.site.14, 1, 134, 135
537012.5.peg.2167.site.15, 15, 132, 147
537012.5.peg.2167.site.16, 4, 132, 136
537012.5.peg.2167.site.17, 7, 134, 141
537012.5.peg.2167.site.18, 8, 134, 142
537012.5.peg.2167.site.19, 25, 134, 159
537012.5.peg.2167.site.20, 60, 131, 191
537012.5.peg.2167.site.21, 4, 132, 136
537012.5.peg.2167.site.22, 4, 132, 136
537012.5.peg.2167.site.23, 15, 132, 147
537012.5.peg.2167.site.24, 1, 134, 135
537012.5.peg.2167.site.25, 17, 132, 149
537012.5.peg.2167.site.26, 2, 132, 134
537012.5.peg.2167.site.27, 37, 134, 171
537012.5.peg.2167.site.28, 5, 131, 136
537012.5.peg.2167.site.29, 5, 134, 139
537012.5.peg.2167.site.30, 4, 132, 136
537012.5.peg.2167.site.31, 5, 133, 138
537012.5.peg.2167.site.32, 2, 134, 136
537012.5.peg.2166.site.1, 1, 132, 133
537012.5.peg.2166.site.2, 22, 134, 156
537012.5.peg.2166.site.3, 4, 133, 137
537012.5.peg.2166.site.4, 0, 134, 134
537012.5.peg.2166.site.5, 4, 131, 135
537012.5.peg.2166.site.6, 5, 134, 139
537012.5.peg.2166.site.7, 33, 132, 165
537012.5.peg.2166.site.8, 0, 134, 134
537012.5.peg.2166.site.9, 4, 134, 138
537012.5.peg.2166.site.10, 4, 134, 138
537012.5.peg.2166.site.11, 8, 134, 142
537012.5.peg.2166.site.12, 21, 134, 155
537012.5.peg.2166.site.13, 0, 131, 131
537012.5.peg.2166.site.14, 1, 132, 133
537012.5.peg.2166.site.15, 4, 132, 136
537012.5.peg.2166.site.16, 24, 131, 155
537012.5.peg.2166.site.17, 122, 134, 256
537012.5.peg.2166.site.18, 12, 134, 146
537012.5.peg.2166.site.19, 10, 132, 142
537012.5.peg.2166.site.20, 12, 133, 145
537012.5.peg.2166.site.21, 50, 133, 183
537012.5.peg.2166.site.22, 4, 134, 138
537012.5.peg.2166.site.23, 3, 134, 137
537012.5.peg.2166.site.24, 3, 134, 137
537012.5.peg.2166.site.25, 3, 132, 135
537012.5.peg.2166.site.26, 16, 132, 148
537012.5.peg.2166.site.27, 9, 134, 143
537012.5.peg.2166.site.28, 7, 134, 141
537012.5.peg.2166.site.29, 68, 129, 197
537012.5.peg.2166.site.30, 1, 132, 133
537012.5.peg.2166.site.31, 58, 133, 191
537012.5.peg.2166.site.32, 54, 133, 187
537012.5.peg.2166.site.33, 1, 134, 135
537012.5.peg.2166.site.34, 1, 134, 135
537012.5.peg.2166.site.35, 79, 134, 213
537012.5.peg.2166.site.36, 0, 134, 134
537012.5.peg.2166.site.37, 1, 134, 135
537012.5.peg.2166.site.38, 0, 134, 134
537012.5.peg.2166.site.39, 3, 134, 137
537012.5.peg.2166.site.40, 23, 134, 157
537012.5.peg.2166.site.41, 5, 132, 137
537012.5.peg.2166.site.42, 9, 134, 143
537012.5.peg.2166.site.43, 17, 133, 150
537012.5.peg.2166.site.44, 79, 130, 209
537012.5.peg.2166.site.45, 16, 130, 146
537012.5.peg.2166.site.46, 0, 130, 130
537012.5.peg.2166.site.47, 71, 130, 201
537012.5.peg.2166.site.48, 15, 130, 145
537012.5.peg.2166.site.49, 1, 134, 135
537012.5.peg.2166.site.50, 2, 133, 135
537012.5.peg.2166.site.51, 8, 133, 141
537012.5.peg.2166.site.52, 12, 132, 144
537012.5.peg.2166.site.53, 4, 134, 138
537012.5.peg.2166.site.54, 13, 130, 143
537012.5.peg.2166.site.55, 51, 133, 184
537012.5.peg.2166.site.56, 9, 133, 142
537012.5.peg.2166.site.57, 11, 134, 145
537012.5.peg.2166.site.58, 5, 134, 139
537012.5.peg.2166.site.59, 16, 132, 148
537012.5.peg.2166.site.60, 11, 133, 144
537012.5.peg.2166.site.61, 71, 133, 204
537012.5.peg.2166.site.62, 2, 134, 136
537012.5.peg.2166.site.63, 4, 132, 136
537012.5.peg.2166.site.64, 4, 132, 136
537012.5.peg.2166.site.65, 6, 128, 134
537012.5.peg.2166.site.66, 5, 131, 136
537012.5.peg.2166.site.67, 1, 133, 134
537012.5.peg.2166.site.68, 4, 133, 137
537012.5.peg.2166.site.69, 6, 134, 140
537012.5.peg.2166.site.70, 1, 134, 135
537012.5.peg.2166.site.71, 11, 132, 143
537012.5.peg.2166.site.72, 11, 133, 144
537012.5.peg.2166.site.73, 11, 133, 144
537012.5.peg.2161.site.1, 2, 119, 121
537012.5.peg.2161.site.2, 11, 119, 130
537012.5.peg.2161.site.3, 1, 121, 122
537012.5.peg.2161.site.4, 2, 121, 123
537012.5.peg.2161.site.5, 1, 123, 124
537012.5.peg.2161.site.6, 2, 123, 125
537012.5.peg.2161.site.7, 3, 124, 127
537012.5.peg.2161.site.8, 4, 128, 132
537012.5.peg.2161.site.9, 12, 111, 123
537012.5.peg.2161.site.10, 11, 85, 96
537012.5.peg.2161.site.11, 2, 103, 105
537012.5.peg.2161.site.12, 0, 105, 105
537012.5.peg.2161.site.13, 5, 120, 125
537012.5.peg.2161.site.14, 4, 120, 124
537012.5.peg.2161.site.15, 8, 123, 131
537012.5.peg.2160.site.1, 8, 122, 130
537012.5.peg.2160.site.2, 0, 121, 121
537012.5.peg.2160.site.3, 0, 121, 121
537012.5.peg.2160.site.4, 2, 121, 123
537012.5.peg.2160.site.5, 2, 119, 121
537012.5.peg.2160.site.6, 3, 119, 122
537012.5.peg.2160.site.7, 8, 113, 121
537012.5.peg.2160.site.8, 1, 112, 113
537012.5.peg.2160.site.9, 5, 117, 122
537012.5.peg.2160.site.10, 2, 118, 120
537012.5.peg.2160.site.11, 1, 117, 118
537012.5.peg.2160.site.12, 2, 118, 120
537012.5.peg.2160.site.13, 1, 117, 118
537012.5.peg.2160.site.14, 1, 117, 118
537012.5.peg.2160.site.15, 27, 116, 143
537012.5.peg.2160.site.16, 7, 117, 124
537012.5.peg.2160.site.17, 4, 117, 121
537012.5.peg.2160.site.18, 3, 117, 120
537012.5.peg.2160.site.19, 6, 116, 122
537012.5.peg.2160.site.20, 3, 121, 124
537012.5.peg.2162.site.1, 2, 125, 127
537012.5.peg.2162.site.2, 1, 126, 127
537012.5.peg.2162.site.3, 2, 123, 125
537012.5.peg.2162.site.4, 69, 122, 191
537012.5.peg.2162.site.5, 9, 125, 134
537012.5.peg.2162.site.6, 4, 124, 128
537012.5.peg.2162.site.7, 3, 124, 127
537012.5.peg.2162.site.8, 1, 125, 126
537012.5.peg.2162.site.9, 1, 126, 127
537012.5.peg.2162.site.10, 4, 127, 131
537012.5.peg.2162.site.11, 49, 127, 176
537012.5.peg.2162.site.12, 6, 127, 133
537012.5.peg.2162.site.13, 0, 129, 129
537012.5.peg.2162.site.14, 3, 130, 133
537012.5.peg.2162.site.15, 1, 128, 129
537012.5.peg.2162.site.16, 7, 128, 135
537012.5.peg.2162.site.17, 7, 126, 133
537012.5.peg.2162.site.18, 1, 127, 128
537012.5.peg.2162.site.19, 0, 129, 129
537012.5.peg.2162.site.20, 0, 129, 129
537012.5.peg.2162.site.21, 1, 130, 131
537012.5.peg.2162.site.22, 4, 130, 134
537012.5.peg.2162.site.23, 4, 129, 133
537012.5.peg.2162.site.24, 0, 129, 129
537012.5.peg.2169.site.1, 4, 132, 136
537012.5.peg.2169.site.2, 1, 134, 135
537012.5.peg.2169.site.3, 2, 134, 136
537012.5.peg.2169.site.4, 1, 133, 134
537012.5.peg.2169.site.5, 2, 134, 136
537012.5.peg.2169.site.6, 4, 132, 136
537012.5.peg.2169.site.7, 8, 133, 141
537012.5.peg.2169.site.8, 11, 133, 144
537012.5.peg.2169.site.9, 2, 134, 136
537012.5.peg.2169.site.10, 46, 133, 179
537012.5.peg.2169.site.11, 1, 134, 135
537012.5.peg.2169.site.12, 8, 133, 141
537012.5.peg.2169.site.13, 3, 130, 133
537012.5.peg.2169.site.14, 4, 133, 137
537012.5.peg.2169.site.15, 4, 133, 137
537012.5.peg.2169.site.16, 11, 134, 145
537012.5.peg.2169.site.17, 4, 132, 136
537012.5.peg.2169.site.18, 15, 132, 147
537012.5.peg.2169.site.19, 1, 134, 135
537012.5.peg.2169.site.20, 1, 134, 135
537012.5.peg.2169.site.21, 10, 134, 144
537012.5.peg.2169.site.22, 17, 134, 151
537012.5.peg.2169.site.23, 11, 133, 144
537012.5.peg.2169.site.24, 1, 134, 135
537012.5.peg.2169.site.25, 10, 134, 144
537012.5.peg.2169.site.26, 0, 133, 133
537012.5.peg.2168.site.1, 4, 132, 136
537012.5.peg.2168.site.2, 5, 133, 138
537012.5.peg.2168.site.3, 1, 133, 134
537012.5.peg.2168.site.4, 131, 134, 265
537012.5.peg.2168.site.5, 5, 133, 138
537012.5.peg.2168.site.6, 2, 133, 135
537012.5.peg.2168.site.7, 13, 130, 143
537012.5.peg.2168.site.8, 5, 132, 137
537012.5.peg.2168.site.9, 13, 130, 143
537012.5.peg.2168.site.10, 63, 128, 191
537012.5.peg.2168.site.11, 105, 130, 235
537012.5.peg.2168.site.12, 108, 130, 238
537012.5.peg.2168.site.13, 6, 131, 137
537012.5.peg.2168.site.14, 18, 131, 149
537012.5.peg.2168.site.15, 0, 129, 129
537012.5.peg.2168.site.16, 40, 128, 168
537012.5.peg.2168.site.17, 21, 130, 151
537012.5.peg.2168.site.18, 1, 129, 130
537012.5.peg.2168.site.19, 2, 131, 133
537012.5.peg.2168.site.20, 2, 131, 133
537012.5.peg.2168.site.21, 9, 131, 140
537012.5.peg.2168.site.22, 13, 130, 143
537012.5.peg.2168.site.23, 2, 130, 132
537012.5.peg.2168.site.24, 3, 132, 135
537012.5.peg.2168.site.25, 35, 132, 167
537012.5.peg.2168.site.26, 4, 132, 136
537012.5.peg.2168.site.27, 44, 134, 178
537012.5.peg.2168.site.28, 16, 133, 149
537012.5.peg.2168.site.29, 0, 134, 134
537012.5.peg.3360.site.1, 90, 119, 209
537012.5.peg.3360.site.2, 54, 121, 175
537012.5.peg.3360.site.3, 2, 123, 125
537012.5.peg.3360.site.4, 1, 127, 128
537012.5.peg.3360.site.5, 18, 127, 145
537012.5.peg.3360.site.6, 53, 125, 178
537012.5.peg.3360.site.7, 0, 125, 125
537012.5.peg.3360.site.8, 1, 127, 128
537012.5.peg.3360.site.9, 20, 127, 147
537012.5.peg.3360.site.10, 2, 127, 129
537012.5.peg.3360.site.11, 17, 126, 143
537012.5.peg.3360.site.12, 38, 125, 163
537012.5.peg.3360.site.13, 6, 126, 132
537012.5.peg.3360.site.14, 2, 127, 129
537012.5.peg.3360.site.15, 4, 124, 128
537012.5.peg.3360.site.16, 4, 127, 131
537012.5.peg.3360.site.17, 29, 126, 155
537012.5.peg.3360.site.18, 5, 119, 124
537012.5.peg.3360.site.19, 9, 110, 119
537012.5.peg.3361.site.1, 47, 117, 164
537012.5.peg.3361.site.2, 2, 127, 129
537012.5.peg.3361.site.3, 5, 125, 130
537012.5.peg.3361.site.4, 2, 126, 128
537012.5.peg.3361.site.5, 5, 126, 131
537012.5.peg.3361.site.6, 32, 126, 158
537012.5.peg.3361.site.7, 12, 125, 137
537012.5.peg.3361.site.8, 48, 124, 172
537012.5.peg.3361.site.9, 2, 126, 128
537012.5.peg.3361.site.10, 20, 126, 146
537012.5.peg.3361.site.11, 2, 127, 129
537012.5.peg.3362.site.1, 4, 127, 131
537012.5.peg.3362.site.2, 56, 123, 179
537012.5.peg.3362.site.3, 47, 124, 171
537012.5.peg.3362.site.4, 0, 126, 126
537012.5.peg.3362.site.5, 27, 124, 151
537012.5.peg.3362.site.6, 4, 125, 129
537012.5.peg.3362.site.7, 101, 126, 227
537012.5.peg.3362.site.8, 5, 127, 132
537012.5.peg.3363.site.1, 2, 127, 129
537012.5.peg.3363.site.2, 3, 127, 130
537012.5.peg.3363.site.3, 10, 124, 134
537012.5.peg.3363.site.4, 110, 123, 233
537012.5.peg.3363.site.5, 99, 124, 223
537012.5.peg.3363.site.6, 4, 125, 129
537012.5.peg.3363.site.7, 38, 125, 163
537012.5.peg.3363.site.8, 34, 126, 160
537012.5.peg.3363.site.9, 116, 127, 243
537012.5.peg.3363.site.10, 5, 127, 132
537012.5.peg.3363.site.11, 3, 126, 129
537012.5.peg.3363.site.12, 20, 125, 145
537012.5.peg.3363.site.13, 82, 124, 206
537012.5.peg.3363.site.14, 2, 126, 128
537012.5.peg.3363.site.15, 31, 127, 158
537012.5.peg.3363.site.16, 4, 125, 129
537012.5.peg.3363.site.17, 3, 126, 129
537012.5.peg.3363.site.18, 2, 127, 129
537012.5.peg.3363.site.19, 3, 124, 127
537012.5.peg.3363.site.20, 2, 127, 129
537012.5.peg.3363.site.21, 2, 126, 128
537012.5.peg.3363.site.22, 13, 127, 140
537012.5.peg.3363.site.23, 4, 125, 129
537012.5.peg.3363.site.24, 6, 126, 132
537012.5.peg.3363.site.25, 25, 125, 150
537012.5.peg.3363.site.26, 88, 125, 213
537012.5.peg.3363.site.27, 109, 123, 232
537012.5.peg.3363.site.28, 4, 126, 130
537012.5.peg.3363.site.29, 86, 125, 211
537012.5.peg.3363.site.30, 6, 124, 130
537012.5.peg.3363.site.31, 82, 125, 207
537012.5.peg.3363.site.32, 125, 127, 252
537012.5.peg.3363.site.33, 2, 127, 129
537012.5.peg.3363.site.34, 62, 126, 188
537012.5.peg.3363.site.35, 7, 126, 133
537012.5.peg.3363.site.36, 2, 126, 128
537012.5.peg.3363.site.37, 2, 127, 129
537012.5.peg.3363.site.38, 6, 127, 133
537012.5.peg.3363.site.39, 2, 126, 128
537012.5.peg.3363.site.40, 4, 126, 130
537012.5.peg.3363.site.41, 3, 125, 128
537012.5.peg.3363.site.42, 7, 126, 133
537012.5.peg.3365.site.1, 120, 127, 247
537012.5.peg.3365.site.2, 4, 127, 131
537012.5.peg.3365.site.3, 62, 127, 189
537012.5.peg.3365.site.4, 4, 127, 131
537012.5.peg.3366.site.1, 2, 126, 128
537012.5.peg.3366.site.2, 20, 126, 146
537012.5.peg.3366.site.3, 47, 122, 169
537012.5.peg.3366.site.4, 4, 127, 131
537012.5.peg.3366.site.5, 38, 125, 163
537012.5.peg.3366.site.6, 25, 123, 148
537012.5.peg.3366.site.7, 3, 126, 129
537012.5.peg.3366.site.8, 108, 126, 234
537012.5.peg.3366.site.9, 4, 125, 129
537012.5.peg.3366.site.10, 4, 125, 129
537012.5.peg.3366.site.11, 34, 125, 159
537012.5.peg.3366.site.12, 10, 122, 132
537012.5.peg.3366.site.13, 2, 127, 129
537012.5.peg.3366.site.14, 17, 126, 143
537012.5.peg.3366.site.15, 4, 114, 118
537012.5.peg.3366.site.16, 37, 97, 134
537012.5.peg.3367.site.1, 3, 127, 130
537012.5.peg.3367.site.2, 2, 127, 129
537012.5.peg.3367.site.3, 3, 127, 130
537012.5.peg.3367.site.4, 16, 126, 142
537012.5.peg.3367.site.5, 57, 124, 181
537012.5.peg.3367.site.6, 2, 126, 128
537012.5.peg.3367.site.7, 29, 126, 155
537012.5.peg.3367.site.8, 29, 126, 155
537012.5.peg.3367.site.9, 1, 125, 126
537012.5.peg.3367.site.10, 1, 127, 128
537012.5.peg.3367.site.11, 101, 126, 227
537012.5.peg.3367.site.12, 29, 126, 155
537012.5.peg.3367.site.13, 31, 124, 155
537012.5.peg.3367.site.14, 107, 124, 231
537012.5.peg.3367.site.15, 25, 125, 150
537012.5.peg.3367.site.16, 115, 125, 240
537012.5.peg.3367.site.17, 2, 127, 129
537012.5.peg.3367.site.18, 37, 125, 162
537012.5.peg.3367.site.19, 30, 125, 155
537012.5.peg.3367.site.20, 2, 125, 127
537012.5.peg.3367.site.21, 4, 117, 121
537012.5.peg.3367.site.22, 36, 111, 147
537012.5.peg.3368.site.1, 1, 117, 118
537012.5.peg.3368.site.2, 0, 120, 120
537012.5.peg.3368.site.3, 4, 126, 130
537012.5.peg.3368.site.4, 2, 123, 125
537012.5.peg.3368.site.5, 9, 123, 132
537012.5.peg.3368.site.6, 10, 123, 133
537012.5.peg.3368.site.7, 3, 124, 127
537012.5.peg.3368.site.8, 0, 121, 121
537012.5.peg.3368.site.9, 7, 121, 128
537012.5.peg.3368.site.10, 2, 121, 123
537012.5.peg.3368.site.11, 1, 120, 121
537012.5.peg.3368.site.12, 3, 122, 125
537012.5.peg.3368.site.13, 6, 121, 127
537012.5.peg.3368.site.14, 1, 120, 121
537012.5.peg.3368.site.15, 2, 118, 120
537012.5.peg.3368.site.16, 9, 116, 125
537012.5.peg.3368.site.17, 6, 117, 123
537012.5.peg.3368.site.18, 1, 111, 112
537012.5.peg.3368.site.19, 7, 108, 115
537012.5.peg.3368.site.20, 0, 105, 105
537012.5.peg.3368.site.21, 4, 107, 111
537012.5.peg.3368.site.22, 6, 108, 114
537012.5.peg.3368.site.23, 7, 107, 114
537012.5.peg.3368.site.24, 2, 103, 105
537012.5.peg.3368.site.25, 1, 85, 86
537012.5.peg.3368.site.26, 1, 82, 83
537012.5.peg.3368.site.27, 60, 79, 139
537012.5.peg.3368.site.28, 8, 81, 89
537012.5.peg.3368.site.29, 2, 80, 82
537012.5.peg.3368.site.30, 9, 87, 96
537012.5.peg.3368.site.31, 0, 84, 84
537012.5.peg.3368.site.32, 3, 76, 79
537012.5.peg.3368.site.33, 1, 74, 75
537012.5.peg.2998.site.1, 3, 128, 131
537012.5.peg.2998.site.2, 4, 124, 128
537012.5.peg.2998.site.3, 4, 125, 129
537012.5.peg.2998.site.4, 1, 134, 135
537012.5.peg.2998.site.5, 5, 132, 137
537012.5.peg.2998.site.6, 2, 134, 136
537012.5.peg.2998.site.7, 1, 134, 135
537012.5.peg.2998.site.8, 6, 134, 140
537012.5.peg.2998.site.9, 6, 134, 140
537012.5.peg.2998.site.10, 11, 132, 143
537012.5.peg.2998.site.11, 1, 134, 135
537012.5.peg.2998.site.12, 13, 132, 145
537012.5.peg.2998.site.13, 1, 134, 135
537012.5.peg.2998.site.14, 18, 130, 148
537012.5.peg.2998.site.15, 1, 129, 130
537012.5.peg.2998.site.16, 0, 130, 130
537012.5.peg.2998.site.17, 1, 130, 131
537012.5.peg.2998.site.18, 3, 130, 133
537012.5.peg.2998.site.19, 0, 129, 129
537012.5.peg.2998.site.20, 0, 133, 133
537012.5.peg.2998.site.21, 2, 131, 133
537012.5.peg.2998.site.22, 5, 134, 139
537012.5.peg.2998.site.23, 7, 134, 141
537012.5.peg.2998.site.24, 7, 134, 141
537012.5.peg.2998.site.25, 6, 133, 139
537012.5.peg.2998.site.26, 1, 133, 134
537012.5.peg.2998.site.27, 11, 131, 142
537012.5.peg.2998.site.28, 3, 131, 134
537012.5.peg.2998.site.29, 4, 129, 133
537012.5.peg.2998.site.30, 31, 131, 162
537012.5.peg.2998.site.31, 5, 132, 137
537012.5.peg.2998.site.32, 8, 133, 141
537012.5.peg.2998.site.33, 7, 134, 141
537012.5.peg.2998.site.34, 22, 134, 156
537012.5.peg.2998.site.35, 0, 126, 126
537012.5.peg.2998.site.36, 21, 127, 148
537012.5.peg.2998.site.37, 43, 127, 170
537012.5.peg.2998.site.38, 3, 129, 132
537012.5.peg.2998.site.39, 19, 132, 151
537012.5.peg.2998.site.40, 4, 132, 136
537012.5.peg.2998.site.41, 6, 134, 140
537012.5.peg.2998.site.42, 10, 133, 143
537012.5.peg.2998.site.43, 61, 131, 192
537012.5.peg.2998.site.44, 33, 134, 167
537012.5.peg.2998.site.45, 2, 134, 136
537012.5.peg.2998.site.46, 2, 134, 136
537012.5.peg.2998.site.47, 7, 134, 141
537012.5.peg.2998.site.48, 11, 132, 143
537012.5.peg.2998.site.49, 17, 132, 149
537012.5.peg.2998.site.50, 1, 134, 135
537012.5.peg.2998.site.51, 6, 134, 140
537012.5.peg.2998.site.52, 4, 132, 136
537012.5.peg.2998.site.53, 15, 134, 149
537012.5.peg.2998.site.54, 18, 134, 152
537012.5.peg.2998.site.55, 15, 134, 149
537012.5.peg.2998.site.56, 8, 132, 140
537012.5.peg.2998.site.57, 11, 132, 143
537012.5.peg.2569.site.1, 1, 133, 134
537012.5.peg.2569.site.2, 23, 132, 155
537012.5.peg.2569.site.3, 2, 132, 134
537012.5.peg.2569.site.4, 13, 130, 143
537012.5.peg.2569.site.5, 1, 129, 130
537012.5.peg.2569.site.6, 59, 129, 188
537012.5.peg.2569.site.7, 5, 122, 127
537012.5.peg.2569.site.8, 67, 116, 183
537012.5.peg.2569.site.9, 77, 117, 194
537012.5.peg.2569.site.10, 75, 116, 191
537012.5.peg.2569.site.11, 1, 115, 116
537012.5.peg.2569.site.12, 67, 122, 189
537012.5.peg.2569.site.13, 2, 126, 128
537012.5.peg.2569.site.14, 85, 128, 213
537012.5.peg.2569.site.15, 0, 129, 129
537012.5.peg.2569.site.16, 3, 131, 134
537012.5.peg.2569.site.17, 1, 133, 134
537012.5.peg.2569.site.18, 1, 132, 133
537012.5.peg.2569.site.19, 1, 133, 134
537012.5.peg.2569.site.20, 1, 132, 133
537012.5.peg.2569.site.21, 3, 131, 134
537012.5.peg.2569.site.22, 1, 132, 133
537012.5.peg.2569.site.23, 18, 130, 148
537012.5.peg.2569.site.24, 0, 128, 128
537012.5.peg.2569.site.25, 6, 129, 135
537012.5.peg.2569.site.26, 40, 129, 169
537012.5.peg.2569.site.27, 23, 129, 152
537012.5.peg.2569.site.28, 0, 129, 129
537012.5.peg.2569.site.29, 1, 129, 130
537012.5.peg.2569.site.30, 1, 130, 131
537012.5.peg.2569.site.31, 5, 130, 135
537012.5.peg.2569.site.32, 2, 131, 133
537012.5.peg.2569.site.33, 126, 131, 257
537012.5.peg.2569.site.34, 12, 131, 143
537012.5.peg.2569.site.35, 0, 130, 130
537012.5.peg.2569.site.36, 5, 130, 135
537012.5.peg.2569.site.37, 89, 129, 218
537012.5.peg.2569.site.38, 0, 129, 129
537012.5.peg.2569.site.39, 1, 131, 132
537012.5.peg.2569.site.40, 1, 129, 130
537012.5.peg.2569.site.41, 2, 130, 132
537012.5.peg.2569.site.42, 1, 133, 134
537012.5.peg.2568.site.1, 1, 130, 131
537012.5.peg.2568.site.2, 4, 129, 133
537012.5.peg.2568.site.3, 3, 131, 134
537012.5.peg.2568.site.4, 9, 130, 139
537012.5.peg.2568.site.5, 40, 132, 172
537012.5.peg.2568.site.6, 4, 132, 136
537012.5.peg.2568.site.7, 4, 132, 136
537012.5.peg.2568.site.8, 0, 134, 134
537012.5.peg.2568.site.9, 12, 133, 145
537012.5.peg.2568.site.10, 5, 132, 137
537012.5.peg.2568.site.11, 4, 131, 135
537012.5.peg.2568.site.12, 4, 131, 135
537012.5.peg.2568.site.13, 0, 133, 133
537012.5.peg.2568.site.14, 10, 132, 142
537012.5.peg.2568.site.15, 1, 133, 134
537012.5.peg.2568.site.16, 0, 134, 134
537012.5.peg.2568.site.17, 4, 132, 136
537012.5.peg.2568.site.18, 4, 132, 136
537012.5.peg.2568.site.19, 1, 134, 135
537012.5.peg.2568.site.20, 9, 132, 141
537012.5.peg.2568.site.21, 66, 127, 193
537012.5.peg.2568.site.22, 87, 126, 213
537012.5.peg.2568.site.23, 82, 120, 202
537012.5.peg.2568.site.24, 70, 130, 200
537012.5.peg.2568.site.25, 68, 123, 191
537012.5.peg.2568.site.26, 64, 132, 196
537012.5.peg.2568.site.27, 1, 133, 134
537012.5.peg.2568.site.28, 12, 134, 146
537012.5.peg.2568.site.29, 21, 134, 155
537012.5.peg.2568.site.30, 3, 131, 134
537012.5.peg.2568.site.31, 3, 131, 134
537012.5.peg.2568.site.32, 3, 131, 134
537012.5.peg.2568.site.33, 1, 131, 132
537012.5.peg.2568.site.34, 1, 133, 134
537012.5.peg.2768.site.1, 6, 133, 139
537012.5.peg.2768.site.2, 6, 133, 139
537012.5.peg.2768.site.3, 4, 131, 135
537012.5.peg.2768.site.4, 6, 133, 139
537012.5.peg.2768.site.5, 10, 131, 141
537012.5.peg.2768.site.6, 4, 131, 135
537012.5.peg.2768.site.7, 10, 131, 141
537012.5.peg.2768.site.8, 5, 132, 137
537012.5.peg.2768.site.9, 0, 131, 131
537012.5.peg.2768.site.10, 6, 127, 133
537012.5.peg.2768.site.11, 4, 126, 130
537012.5.peg.2768.site.12, 1, 128, 129
537012.5.peg.2768.site.13, 1, 128, 129
537012.5.peg.2768.site.14, 0, 126, 126
537012.5.peg.2768.site.15, 1, 127, 128
537012.5.peg.2768.site.16, 3, 124, 127
537012.5.peg.2768.site.17, 1, 124, 125
537012.5.peg.2768.site.18, 1, 123, 124
537012.5.peg.2768.site.19, 0, 123, 123
537012.5.peg.2768.site.20, 19, 123, 142
537012.5.peg.2768.site.21, 34, 123, 157
537012.5.peg.2768.site.22, 1, 123, 124
537012.5.peg.2768.site.23, 1, 124, 125
537012.5.peg.2768.site.24, 2, 123, 125
537012.5.peg.2768.site.25, 0, 123, 123
537012.5.peg.2768.site.26, 0, 125, 125
537012.5.peg.2768.site.27, 4, 128, 132
537012.5.peg.2768.site.28, 1, 131, 132
537012.5.peg.2768.site.29, 3, 131, 134
537012.5.peg.2768.site.30, 2, 131, 133
537012.5.peg.2768.site.31, 2, 131, 133
537012.5.peg.2768.site.32, 3, 131, 134
537012.5.peg.2768.site.33, 1, 131, 132
537012.5.peg.2768.site.34, 0, 130, 130
537012.5.peg.2768.site.35, 1, 130, 131
537012.5.peg.2768.site.36, 4, 130, 134
537012.5.peg.2768.site.37, 2, 130, 132
537012.5.peg.2768.site.38, 9, 130, 139
537012.5.peg.2768.site.39, 6, 130, 136
537012.5.peg.2768.site.40, 6, 130, 136
537012.5.peg.2768.site.41, 1, 130, 131
537012.5.peg.2768.site.42, 6, 130, 136
537012.5.peg.2768.site.43, 2, 129, 131
537012.5.peg.2768.site.44, 6, 128, 134
537012.5.peg.2768.site.45, 15, 129, 144
537012.5.peg.2768.site.46, 2, 129, 131
537012.5.peg.2768.site.47, 6, 130, 136
537012.5.peg.2768.site.48, 36, 129, 165
537012.5.peg.2768.site.49, 6, 130, 136
537012.5.peg.2768.site.50, 6, 130, 136
537012.5.peg.2768.site.51, 1, 130, 131
537012.5.peg.2768.site.52, 5, 130, 135
537012.5.peg.2768.site.53, 1, 129, 130
537012.5.peg.2768.site.54, 7, 130, 137
537012.5.peg.2768.site.55, 5, 130, 135
537012.5.peg.2768.site.56, 2, 129, 131
537012.5.peg.2768.site.57, 3, 129, 132
537012.5.peg.2768.site.58, 7, 130, 137
537012.5.peg.2768.site.59, 6, 130, 136
537012.5.peg.2768.site.60, 6, 130, 136
537012.5.peg.2768.site.61, 122, 131, 253
537012.5.peg.2768.site.62, 7, 131, 138
537012.5.peg.2768.site.63, 1, 130, 131
537012.5.peg.2768.site.64, 1, 128, 129
537012.5.peg.2768.site.65, 3, 127, 130
537012.5.peg.2768.site.66, 50, 129, 179
537012.5.peg.2768.site.67, 12, 128, 140
537012.5.peg.2768.site.68, 52, 126, 178
537012.5.peg.2768.site.69, 3, 127, 130
537012.5.peg.2768.site.70, 1, 127, 128
537012.5.peg.2768.site.71, 1, 128, 129
537012.5.peg.2768.site.72, 3, 126, 129
537012.5.peg.2768.site.73, 23, 127, 150
537012.5.peg.668.site.1, 38, 128, 166
537012.5.peg.668.site.2, 51, 130, 181
537012.5.peg.668.site.3, 25, 128, 153
537012.5.peg.668.site.4, 22, 132, 154
537012.5.peg.668.site.5, 6, 129, 135
537012.5.peg.668.site.6, 65, 123, 188
537012.5.peg.668.site.7, 9, 119, 128
537012.5.peg.668.site.8, 13, 110, 123
537012.5.peg.668.site.9, 14, 116, 130
537012.5.peg.668.site.10, 23, 111, 134
537012.5.peg.668.site.11, 57, 110, 167
537012.5.peg.668.site.12, 2, 115, 117
537012.5.peg.668.site.13, 31, 105, 136
537012.5.peg.668.site.14, 42, 103, 145
537012.5.peg.668.site.15, 7, 104, 111
537012.5.peg.668.site.16, 6, 95, 101
537012.5.peg.668.site.17, 1, 97, 98
537012.5.peg.668.site.18, 12, 92, 104
537012.5.peg.668.site.19, 38, 90, 128
537012.5.peg.668.site.20, 6, 93, 99
537012.5.peg.668.site.21, 2, 88, 90
537012.5.peg.668.site.22, 70, 96, 166
537012.5.peg.668.site.23, 1, 96, 97
537012.5.peg.668.site.24, 2, 95, 97
537012.5.peg.668.site.25, 1, 99, 100
537012.5.peg.668.site.26, 28, 101, 129
537012.5.peg.668.site.27, 5, 103, 108
537012.5.peg.668.site.28, 2, 107, 109
537012.5.peg.668.site.29, 1, 103, 104
537012.5.peg.668.site.30, 0, 102, 102
537012.5.peg.668.site.31, 54, 90, 144
537012.5.peg.668.site.32, 5, 91, 96
537012.5.peg.668.site.33, 1, 83, 84
537012.5.peg.668.site.34, 4, 79, 83
537012.5.peg.668.site.35, 1, 78, 79
537012.5.peg.668.site.36, 64, 76, 140
537012.5.peg.668.site.37, 6, 78, 84
537012.5.peg.668.site.38, 22, 75, 97
537012.5.peg.668.site.39, 4, 78, 82
537012.5.peg.668.site.40, 16, 76, 92
537012.5.peg.668.site.41, 2, 77, 79
537012.5.peg.668.site.42, 1, 76, 77
537012.5.peg.668.site.43, 2, 76, 78
537012.5.peg.668.site.44, 4, 78, 82
537012.5.peg.668.site.45, 15, 87, 102
537012.5.peg.668.site.46, 53, 89, 142
537012.5.peg.668.site.47, 2, 90, 92
537012.5.peg.668.site.48, 2, 91, 93
537012.5.peg.668.site.49, 2, 91, 93
537012.5.peg.667.site.1, 1, 134, 135
537012.5.peg.667.site.2, 65, 133, 198
537012.5.peg.667.site.3, 2, 131, 133
537012.5.peg.2762.site.1, 4, 133, 137
537012.5.peg.2762.site.2, 11, 132, 143
537012.5.peg.2762.site.3, 4, 132, 136
537012.5.peg.2762.site.4, 0, 133, 133
537012.5.peg.2762.site.5, 1, 133, 134
537012.5.peg.2762.site.6, 7, 134, 141
537012.5.peg.2762.site.7, 4, 132, 136
537012.5.peg.2762.site.8, 2, 134, 136
537012.5.peg.2762.site.9, 62, 134, 196
537012.5.peg.2762.site.10, 94, 132, 226
537012.5.peg.2762.site.11, 0, 132, 132
537012.5.peg.2762.site.12, 48, 134, 182
537012.5.peg.2762.site.13, 4, 134, 138
537012.5.peg.2762.site.14, 7, 134, 141
537012.5.peg.2762.site.15, 17, 134, 151
537012.5.peg.2762.site.16, 4, 132, 136
537012.5.peg.2762.site.17, 5, 133, 138
537012.5.peg.2762.site.18, 2, 134, 136
537012.5.peg.2762.site.19, 10, 131, 141
537012.5.peg.2762.site.20, 3, 131, 134
537012.5.peg.2762.site.21, 5, 129, 134
537012.5.peg.2762.site.22, 7, 132, 139
537012.5.peg.2762.site.23, 3, 130, 133
537012.5.peg.2762.site.24, 1, 132, 133
537012.5.peg.2762.site.25, 1, 116, 117
537012.5.peg.2762.site.26, 59, 111, 170
537012.5.peg.2761.site.1, 30, 134, 164
537012.5.peg.2761.site.2, 1, 134, 135
537012.5.peg.2761.site.3, 11, 132, 143
537012.5.peg.2761.site.4, 7, 134, 141
537012.5.peg.2761.site.5, 1, 134, 135
537012.5.peg.2761.site.6, 1, 134, 135
537012.5.peg.2761.site.7, 11, 131, 142
537012.5.peg.2761.site.8, 20, 133, 153
537012.5.peg.2761.site.9, 3, 131, 134
537012.5.peg.2761.site.10, 7, 134, 141
537012.5.peg.2761.site.11, 26, 134, 160
537012.5.peg.2761.site.12, 4, 134, 138
537012.5.peg.2761.site.13, 2, 134, 136
537012.5.peg.2761.site.14, 5, 132, 137
537012.5.peg.2761.site.15, 0, 133, 133
537012.5.peg.2761.site.16, 7, 134, 141
537012.5.peg.2761.site.17, 21, 134, 155
537012.5.peg.2761.site.18, 12, 133, 145
537012.5.peg.2761.site.19, 7, 133, 140
537012.5.peg.2761.site.20, 2, 134, 136
537012.5.peg.2761.site.21, 19, 131, 150
537012.5.peg.2767.site.1, 2, 134, 136
537012.5.peg.2767.site.2, 1, 134, 135
537012.5.peg.2767.site.3, 6, 134, 140
537012.5.peg.2767.site.4, 4, 134, 138
537012.5.peg.2767.site.5, 1, 134, 135
537012.5.peg.2767.site.6, 3, 134, 137
537012.5.peg.2767.site.7, 1, 134, 135
537012.5.peg.2767.site.8, 3, 134, 137
537012.5.peg.2767.site.9, 2, 133, 135
537012.5.peg.2767.site.10, 5, 132, 137
537012.5.peg.2767.site.11, 2, 134, 136
537012.5.peg.2767.site.12, 1, 133, 134
537012.5.peg.2767.site.13, 6, 133, 139
537012.5.peg.2767.site.14, 14, 131, 145
537012.5.peg.2767.site.15, 1, 134, 135
537012.5.peg.2767.site.16, 4, 132, 136
537012.5.peg.2767.site.17, 7, 134, 141
537012.5.peg.2767.site.18, 7, 134, 141
537012.5.peg.2767.site.19, 8, 133, 141
537012.5.peg.2767.site.20, 4, 132, 136
537012.5.peg.2767.site.21, 3, 134, 137
537012.5.peg.2767.site.22, 1, 134, 135
537012.5.peg.2767.site.23, 4, 132, 136
537012.5.peg.2767.site.24, 3, 134, 137
537012.5.peg.2767.site.25, 1, 133, 134
537012.5.peg.2767.site.26, 1, 134, 135
537012.5.peg.2767.site.27, 3, 134, 137
537012.5.peg.2767.site.28, 7, 130, 137
537012.5.peg.2767.site.29, 3, 132, 135
537012.5.peg.2767.site.30, 1, 132, 133
537012.5.peg.2767.site.31, 1, 131, 132
537012.5.peg.2767.site.32, 7, 134, 141
537012.5.peg.2767.site.33, 8, 134, 142
537012.5.peg.2767.site.34, 2, 134, 136
537012.5.peg.2767.site.35, 5, 133, 138
537012.5.peg.2767.site.36, 5, 132, 137
537012.5.peg.2767.site.37, 1, 134, 135
537012.5.peg.2767.site.38, 2, 134, 136
537012.5.peg.2767.site.39, 8, 134, 142
537012.5.peg.2767.site.40, 1, 134, 135
537012.5.peg.2767.site.41, 7, 132, 139
537012.5.peg.2767.site.42, 2, 134, 136
537012.5.peg.2767.site.43, 0, 134, 134
537012.5.peg.2767.site.44, 3, 129, 132
537012.5.peg.2767.site.45, 2, 129, 131
537012.5.peg.2767.site.46, 2, 129, 131
537012.5.peg.2767.site.47, 4, 125, 129
537012.5.peg.2767.site.48, 4, 127, 131
537012.5.peg.2767.site.49, 0, 132, 132
537012.5.peg.2767.site.50, 7, 132, 139
537012.5.peg.2767.site.51, 12, 129, 141
537012.5.peg.2767.site.52, 1, 130, 131
537012.5.peg.2767.site.53, 4, 128, 132
537012.5.peg.2767.site.54, 6, 132, 138
537012.5.peg.2767.site.55, 4, 130, 134
537012.5.peg.2767.site.56, 7, 134, 141
537012.5.peg.2767.site.57, 6, 133, 139
537012.5.peg.2767.site.58, 0, 134, 134
537012.5.peg.2766.site.1, 1, 127, 128
537012.5.peg.2766.site.2, 0, 127, 127
537012.5.peg.2766.site.3, 2, 128, 130
537012.5.peg.2766.site.4, 2, 128, 130
537012.5.peg.2766.site.5, 8, 125, 133
537012.5.peg.2766.site.6, 2, 125, 127
537012.5.peg.2766.site.7, 1, 126, 127
537012.5.peg.2766.site.8, 4, 125, 129
537012.5.peg.2766.site.9, 2, 128, 130
537012.5.peg.2766.site.10, 92, 124, 216
537012.5.peg.2766.site.11, 3, 127, 130
537012.5.peg.2766.site.12, 5, 124, 129
537012.5.peg.2766.site.13, 2, 123, 125
537012.5.peg.2766.site.14, 2, 125, 127
537012.5.peg.2766.site.15, 2, 122, 124
537012.5.peg.2766.site.16, 40, 123, 163
537012.5.peg.2766.site.17, 115, 124, 239
537012.5.peg.2766.site.18, 46, 122, 168
537012.5.peg.2766.site.19, 27, 121, 148
537012.5.peg.2766.site.20, 1, 124, 125
537012.5.peg.2766.site.21, 2, 125, 127
537012.5.peg.2766.site.22, 3, 125, 128
537012.5.peg.2766.site.23, 1, 125, 126
537012.5.peg.2766.site.24, 4, 125, 129
537012.5.peg.2766.site.25, 1, 126, 127
537012.5.peg.2766.site.26, 17, 124, 141
537012.5.peg.2766.site.27, 21, 123, 144
537012.5.peg.2766.site.28, 4, 125, 129
537012.5.peg.2766.site.29, 4, 126, 130
537012.5.peg.2766.site.30, 96, 128, 224
537012.5.peg.2766.site.31, 2, 124, 126
537012.5.peg.2766.site.32, 0, 124, 124
537012.5.peg.2766.site.33, 1, 125, 126
537012.5.peg.2766.site.34, 41, 124, 165
537012.5.peg.2766.site.35, 1, 123, 124
537012.5.peg.2766.site.36, 1, 122, 123
537012.5.peg.2766.site.37, 9, 123, 132
537012.5.peg.2766.site.38, 0, 123, 123
537012.5.peg.2766.site.39, 9, 123, 132
537012.5.peg.2766.site.40, 0, 124, 124
537012.5.peg.2766.site.41, 6, 124, 130
537012.5.peg.2766.site.42, 1, 125, 126
537012.5.peg.2766.site.43, 4, 123, 127
537012.5.peg.2766.site.44, 2, 124, 126
537012.5.peg.2766.site.45, 3, 121, 124
537012.5.peg.2766.site.46, 8, 120, 128
537012.5.peg.2766.site.47, 5, 123, 128
537012.5.peg.2766.site.48, 5, 123, 128
537012.5.peg.2766.site.49, 13, 120, 133
537012.5.peg.2766.site.50, 3, 125, 128
537012.5.peg.2766.site.51, 2, 126, 128
537012.5.peg.2766.site.52, 17, 125, 142
537012.5.peg.2766.site.53, 3, 125, 128
537012.5.peg.2766.site.54, 1, 126, 127
537012.5.peg.2766.site.55, 2, 125, 127
537012.5.peg.2766.site.56, 1, 126, 127
537012.5.peg.2766.site.57, 3, 125, 128
537012.5.peg.2766.site.58, 6, 120, 126
537012.5.peg.2766.site.59, 13, 118, 131
537012.5.peg.2766.site.60, 30, 115, 145
537012.5.peg.2766.site.61, 32, 99, 131
537012.5.peg.2766.site.62, 27, 105, 132
537012.5.peg.2766.site.63, 10, 113, 123
537012.5.peg.2766.site.64, 1, 112, 113
537012.5.peg.2766.site.65, 7, 110, 117
537012.5.peg.2766.site.66, 30, 114, 144
537012.5.peg.2766.site.67, 1, 116, 117
537012.5.peg.2766.site.68, 0, 119, 119
537012.5.peg.2766.site.69, 117, 119, 236
537012.5.peg.2766.site.70, 8, 119, 127
537012.5.peg.2766.site.71, 6, 120, 126
537012.5.peg.2766.site.72, 0, 121, 121
537012.5.peg.2766.site.73, 7, 129, 136
537012.5.peg.2766.site.74, 8, 130, 138
537012.5.peg.2766.site.75, 29, 132, 161
537012.5.peg.2766.site.76, 5, 131, 136
537012.5.peg.2766.site.77, 4, 124, 128
537012.5.peg.2766.site.78, 4, 124, 128
537012.5.peg.2766.site.79, 5, 125, 130
537012.5.peg.2766.site.80, 12, 125, 137
537012.5.peg.2766.site.81, 30, 125, 155
537012.5.peg.2766.site.82, 7, 126, 133
537012.5.peg.2766.site.83, 31, 127, 158
537012.5.peg.2766.site.84, 32, 125, 157
537012.5.peg.2766.site.85, 12, 124, 136
537012.5.peg.2766.site.86, 37, 125, 162
537012.5.peg.2766.site.87, 5, 125, 130
537012.5.peg.2766.site.88, 5, 125, 130
537012.5.peg.2766.site.89, 53, 125, 178
537012.5.peg.2766.site.90, 28, 127, 155
537012.5.peg.2766.site.91, 4, 125, 129
537012.5.peg.2766.site.92, 43, 127, 170
537012.5.peg.2766.site.93, 1, 127, 128
537012.5.peg.2766.site.94, 51, 126, 177
537012.5.peg.2766.site.95, 0, 126, 126
537012.5.peg.2766.site.96, 21, 127, 148
537012.5.peg.2766.site.97, 14, 127, 141
537012.5.peg.2766.site.98, 14, 127, 141
537012.5.peg.2766.site.99, 11, 127, 138
537012.5.peg.2766.site.100, 3, 127, 130
537012.5.peg.2766.site.101, 2, 126, 128
537012.5.peg.2765.site.1, 2, 130, 132
537012.5.peg.2765.site.2, 39, 127, 166
537012.5.peg.2765.site.3, 2, 128, 130
537012.5.peg.2765.site.4, 7, 127, 134
537012.5.peg.2765.site.5, 11, 128, 139
537012.5.peg.2765.site.6, 2, 126, 128
537012.5.peg.2765.site.7, 7, 127, 134
537012.5.peg.2765.site.8, 43, 128, 171
537012.5.peg.2765.site.9, 1, 127, 128
537012.5.peg.2765.site.10, 29, 127, 156
537012.5.peg.2765.site.11, 1, 128, 129
537012.5.peg.2765.site.12, 1, 128, 129
537012.5.peg.2765.site.13, 125, 128, 253
537012.5.peg.2765.site.14, 125, 127, 252
537012.5.peg.2765.site.15, 50, 127, 177
537012.5.peg.2765.site.16, 2, 129, 131
537012.5.peg.2765.site.17, 18, 129, 147
537012.5.peg.2765.site.18, 1, 129, 130
537012.5.peg.2765.site.19, 3, 129, 132
537012.5.peg.2765.site.20, 9, 129, 138
537012.5.peg.2765.site.21, 1, 130, 131
537012.5.peg.2765.site.22, 1, 128, 129
537012.5.peg.2765.site.23, 2, 129, 131
537012.5.peg.2765.site.24, 4, 128, 132
537012.5.peg.2765.site.25, 0, 116, 116
537012.5.peg.2765.site.26, 3, 129, 132
537012.5.peg.2765.site.27, 1, 128, 129
537012.5.peg.2765.site.28, 4, 129, 133
537012.5.peg.2765.site.29, 1, 129, 130
537012.5.peg.2765.site.30, 2, 128, 130
537012.5.peg.2765.site.31, 2, 129, 131
537012.5.peg.2765.site.32, 30, 129, 159
537012.5.peg.2765.site.33, 1, 129, 130
537012.5.peg.2765.site.34, 20, 131, 151
537012.5.peg.2765.site.35, 1, 130, 131
537012.5.peg.2765.site.36, 20, 131, 151
537012.5.peg.2765.site.37, 30, 131, 161
537012.5.peg.2765.site.38, 1, 131, 132
537012.5.peg.2765.site.39, 53, 130, 183
537012.5.peg.2765.site.40, 1, 129, 130
537012.5.peg.2765.site.41, 3, 129, 132
537012.5.peg.2765.site.42, 8, 128, 136
537012.5.peg.2765.site.43, 6, 129, 135
537012.5.peg.2765.site.44, 1, 130, 131
537012.5.peg.2765.site.45, 77, 128, 205
537012.5.peg.2765.site.46, 6, 129, 135
537012.5.peg.2765.site.47, 26, 130, 156
537012.5.peg.2765.site.48, 0, 130, 130
537012.5.peg.2765.site.49, 2, 130, 132
537012.5.peg.2765.site.50, 0, 129, 129
537012.5.peg.2765.site.51, 6, 130, 136
537012.5.peg.2765.site.52, 1, 129, 130
537012.5.peg.2765.site.53, 43, 130, 173
537012.5.peg.2765.site.54, 1, 130, 131
537012.5.peg.2765.site.55, 1, 130, 131
537012.5.peg.2765.site.56, 0, 127, 127
537012.5.peg.2765.site.57, 0, 124, 124
537012.5.peg.2765.site.58, 6, 127, 133
537012.5.peg.2765.site.59, 2, 131, 133
537012.5.peg.2765.site.60, 17, 132, 149
537012.5.peg.2765.site.61, 14, 133, 147
537012.5.peg.495.site.1, 10, 130, 140
537012.5.peg.495.site.2, 4, 132, 136
537012.5.peg.495.site.3, 1, 134, 135
537012.5.peg.495.site.4, 4, 132, 136
537012.5.peg.495.site.5, 4, 132, 136
537012.5.peg.495.site.6, 8, 134, 142
537012.5.peg.495.site.7, 8, 134, 142
537012.5.peg.495.site.8, 4, 131, 135
537012.5.peg.495.site.9, 1, 133, 134
537012.5.peg.495.site.10, 4, 132, 136
537012.5.peg.495.site.11, 0, 134, 134
537012.5.peg.495.site.12, 5, 133, 138
537012.5.peg.495.site.13, 10, 133, 143
537012.5.peg.495.site.14, 20, 132, 152
537012.5.peg.495.site.15, 3, 134, 137
537012.5.peg.495.site.16, 32, 131, 163
537012.5.peg.495.site.17, 0, 131, 131
537012.5.peg.495.site.18, 91, 131, 222
537012.5.peg.495.site.19, 13, 130, 143
537012.5.peg.858.site.1, 5, 133, 138
537012.5.peg.858.site.2, 5, 133, 138
537012.5.peg.858.site.3, 6, 133, 139
537012.5.peg.858.site.4, 6, 132, 138
537012.5.peg.858.site.5, 10, 133, 143
537012.5.peg.858.site.6, 1, 133, 134
537012.5.peg.858.site.7, 0, 132, 132
537012.5.peg.858.site.8, 0, 133, 133
537012.5.peg.858.site.9, 5, 132, 137
537012.5.peg.858.site.10, 3, 130, 133
537012.5.peg.858.site.11, 5, 126, 131
537012.5.peg.858.site.12, 4, 125, 129
537012.5.peg.858.site.13, 6, 126, 132
537012.5.peg.858.site.14, 1, 123, 124
537012.5.peg.858.site.15, 3, 124, 127
537012.5.peg.858.site.16, 3, 124, 127
537012.5.peg.858.site.17, 3, 122, 125
537012.5.peg.858.site.18, 1, 127, 128
537012.5.peg.858.site.19, 39, 126, 165
537012.5.peg.858.site.20, 0, 127, 127
537012.5.peg.858.site.21, 9, 127, 136
537012.5.peg.858.site.22, 17, 127, 144
537012.5.peg.858.site.23, 8, 127, 135
537012.5.peg.858.site.24, 4, 125, 129
537012.5.peg.858.site.25, 11, 127, 138
537012.5.peg.858.site.26, 2, 127, 129
537012.5.peg.858.site.27, 4, 119, 123
537012.5.peg.858.site.28, 23, 125, 148
537012.5.peg.858.site.29, 1, 127, 128
537012.5.peg.858.site.30, 0, 124, 124
537012.5.peg.858.site.31, 1, 122, 123
537012.5.peg.3094.site.1, 4, 129, 133
537012.5.peg.3094.site.2, 7, 129, 136
537012.5.peg.3094.site.3, 1, 128, 129
537012.5.peg.3094.site.4, 2, 128, 130
537012.5.peg.3094.site.5, 7, 128, 135
537012.5.peg.3094.site.6, 3, 128, 131
537012.5.peg.3094.site.7, 24, 129, 153
537012.5.peg.3094.site.8, 55, 129, 184
537012.5.peg.3094.site.9, 1, 128, 129
537012.5.peg.3094.site.10, 7, 128, 135
537012.5.peg.3094.site.11, 7, 128, 135
537012.5.peg.3094.site.12, 79, 126, 205
537012.5.peg.3094.site.13, 30, 128, 158
537012.5.peg.3094.site.14, 3, 127, 130
537012.5.peg.3094.site.15, 24, 128, 152
537012.5.peg.3094.site.16, 43, 129, 172
537012.5.peg.3094.site.17, 43, 125, 168
537012.5.peg.3094.site.18, 47, 125, 172
537012.5.peg.3094.site.19, 1, 128, 129
537012.5.peg.3094.site.20, 2, 128, 130
537012.5.peg.3094.site.21, 2, 128, 130
537012.5.peg.3094.site.22, 27, 125, 152
537012.5.peg.3094.site.23, 83, 120, 203
537012.5.peg.3094.site.24, 20, 89, 109
537012.5.peg.3094.site.25, 1, 128, 129
537012.5.peg.3094.site.26, 7, 127, 134
537012.5.peg.3094.site.27, 7, 128, 135
537012.5.peg.3094.site.28, 84, 128, 212
537012.5.peg.3094.site.29, 83, 128, 211
537012.5.peg.3094.site.30, 26, 128, 154
537012.5.peg.3094.site.31, 11, 126, 137
537012.5.peg.3094.site.32, 12, 127, 139
537012.5.peg.3094.site.33, 38, 126, 164
537012.5.peg.3094.site.34, 36, 127, 163
537012.5.peg.3094.site.35, 126, 128, 254
537012.5.peg.3094.site.36, 2, 128, 130
537012.5.peg.3094.site.37, 11, 127, 138
537012.5.peg.3094.site.38, 7, 128, 135
537012.5.peg.3094.site.39, 7, 128, 135
537012.5.peg.3094.site.40, 2, 128, 130
537012.5.peg.3094.site.41, 7, 127, 134
537012.5.peg.3094.site.42, 3, 128, 131
537012.5.peg.3094.site.43, 11, 128, 139
537012.5.peg.3094.site.44, 11, 128, 139
537012.5.peg.3094.site.45, 7, 128, 135
537012.5.peg.3094.site.46, 13, 129, 142
537012.5.peg.3094.site.47, 17, 128, 145
537012.5.peg.3094.site.48, 2, 129, 131
537012.5.peg.3094.site.49, 1, 127, 128
537012.5.peg.3094.site.50, 6, 128, 134
537012.5.peg.3094.site.51, 6, 129, 135
537012.5.peg.3094.site.52, 2, 129, 131
537012.5.peg.3094.site.53, 15, 127, 142
537012.5.peg.3094.site.54, 1, 129, 130
537012.5.peg.3094.site.55, 3, 128, 131
537012.5.peg.3094.site.56, 4, 123, 127
537012.5.peg.3094.site.57, 32, 119, 151
537012.5.peg.3094.site.58, 5, 120, 125
537012.5.peg.3094.site.59, 1, 120, 121
537012.5.peg.3094.site.60, 2, 120, 122
537012.5.peg.3094.site.61, 3, 121, 124
537012.5.peg.3094.site.62, 4, 122, 126
537012.5.peg.3094.site.63, 1, 125, 126
537012.5.peg.3094.site.64, 7, 125, 132
537012.5.peg.3094.site.65, 3, 127, 130
537012.5.peg.3094.site.66, 52, 126, 178
537012.5.peg.3094.site.67, 10, 128, 138
537012.5.peg.3094.site.68, 8, 128, 136
537012.5.peg.3094.site.69, 0, 128, 128
537012.5.peg.3094.site.70, 3, 128, 131
537012.5.peg.3094.site.71, 3, 128, 131
537012.5.peg.3094.site.72, 41, 126, 167
537012.5.peg.3094.site.73, 9, 126, 135
537012.5.peg.3094.site.74, 90, 124, 214
537012.5.peg.3094.site.75, 0, 125, 125
537012.5.peg.3094.site.76, 2, 128, 130
537012.5.peg.3094.site.77, 7, 128, 135
537012.5.peg.3094.site.78, 7, 128, 135
537012.5.peg.3094.site.79, 7, 128, 135
537012.5.peg.3094.site.80, 10, 128, 138
537012.5.peg.3094.site.81, 10, 128, 138
537012.5.peg.3094.site.82, 3, 128, 131
537012.5.peg.3094.site.83, 16, 128, 144
537012.5.peg.3094.site.84, 3, 127, 130
537012.5.peg.3094.site.85, 3, 128, 131
537012.5.peg.3094.site.86, 7, 128, 135
537012.5.peg.3094.site.87, 3, 128, 131
537012.5.peg.3094.site.88, 3, 129, 132
537012.5.peg.1002.site.1, 10, 128, 138
537012.5.peg.1002.site.2, 8, 131, 139
537012.5.peg.1002.site.3, 1, 131, 132
537012.5.peg.1002.site.4, 12, 131, 143
537012.5.peg.1002.site.5, 1, 131, 132
537012.5.peg.1002.site.6, 0, 131, 131
537012.5.peg.1002.site.7, 3, 131, 134
537012.5.peg.1002.site.8, 3, 131, 134
537012.5.peg.1002.site.9, 10, 130, 140
537012.5.peg.1002.site.10, 1, 130, 131
537012.5.peg.1002.site.11, 5, 130, 135
537012.5.peg.1002.site.12, 125, 131, 256
537012.5.peg.1002.site.13, 1, 130, 131
537012.5.peg.1002.site.14, 1, 132, 133
537012.5.peg.1002.site.15, 6, 132, 138
537012.5.peg.1002.site.16, 1, 134, 135
537012.5.peg.1002.site.17, 24, 133, 157
537012.5.peg.1002.site.18, 2, 132, 134
537012.5.peg.1002.site.19, 8, 133, 141
537012.5.peg.1002.site.20, 28, 131, 159
537012.5.peg.1002.site.21, 20, 133, 153
537012.5.peg.1002.site.22, 1, 133, 134
537012.5.peg.1002.site.23, 19, 132, 151
537012.5.peg.1002.site.24, 1, 131, 132
537012.5.peg.1002.site.25, 3, 129, 132
537012.5.peg.1002.site.26, 1, 131, 132
537012.5.peg.1002.site.27, 1, 127, 128
537012.5.peg.1002.site.28, 3, 128, 131
537012.5.peg.1002.site.29, 4, 128, 132
537012.5.peg.1002.site.30, 3, 128, 131
537012.5.peg.1002.site.31, 5, 130, 135
537012.5.peg.1002.site.32, 1, 131, 132
537012.5.peg.1002.site.33, 21, 130, 151
537012.5.peg.1002.site.34, 1, 130, 131
537012.5.peg.1002.site.35, 7, 131, 138
537012.5.peg.1002.site.36, 7, 131, 138
537012.5.peg.1002.site.37, 1, 131, 132
537012.5.peg.1002.site.38, 105, 129, 234
537012.5.peg.1002.site.39, 27, 130, 157
537012.5.peg.1002.site.40, 34, 129, 163
537012.5.peg.1002.site.41, 6, 131, 137
537012.5.peg.1002.site.42, 6, 131, 137
537012.5.peg.1002.site.43, 7, 131, 138
537012.5.peg.1002.site.44, 0, 131, 131
537012.5.peg.1002.site.45, 7, 131, 138
537012.5.peg.1002.site.46, 4, 128, 132
537012.5.peg.1002.site.47, 2, 127, 129
537012.5.peg.1002.site.48, 1, 126, 127
537012.5.peg.1002.site.49, 90, 128, 218
537012.5.peg.1002.site.50, 3, 129, 132
537012.5.peg.1002.site.51, 2, 129, 131
537012.5.peg.1002.site.52, 0, 128, 128
537012.5.peg.1002.site.53, 6, 129, 135
537012.5.peg.1002.site.54, 8, 129, 137
537012.5.peg.1002.site.55, 1, 128, 129
537012.5.peg.1002.site.56, 121, 129, 250
537012.5.peg.1002.site.57, 6, 108, 114
537012.5.peg.1002.site.58, 6, 113, 119
537012.5.peg.1002.site.59, 30, 131, 161
537012.5.peg.1002.site.60, 1, 131, 132
537012.5.peg.1002.site.61, 8, 131, 139
537012.5.peg.1002.site.62, 5, 131, 136
537012.5.peg.1002.site.63, 7, 131, 138
537012.5.peg.1002.site.64, 7, 131, 138
537012.5.peg.1002.site.65, 65, 131, 196
537012.5.peg.1002.site.66, 17, 131, 148
537012.5.peg.1002.site.67, 26, 130, 156
537012.5.peg.1002.site.68, 3, 128, 131
537012.5.peg.1002.site.69, 10, 123, 133
537012.5.peg.1002.site.70, 2, 125, 127
537012.5.peg.1002.site.71, 2, 125, 127
537012.5.peg.1002.site.72, 1, 125, 126
537012.5.peg.1002.site.73, 0, 125, 125
537012.5.peg.1002.site.74, 1, 125, 126
537012.5.peg.1002.site.75, 20, 126, 146
537012.5.peg.1002.site.76, 5, 134, 139
537012.5.peg.1002.site.77, 7, 134, 141
537012.5.peg.1002.site.78, 112, 129, 241
537012.5.peg.1002.site.79, 9, 129, 138
537012.5.peg.1002.site.80, 1, 127, 128
537012.5.peg.1002.site.81, 10, 134, 144
537012.5.peg.1002.site.82, 5, 132, 137
537012.5.peg.1002.site.83, 129, 132, 261
537012.5.peg.1002.site.84, 106, 131, 237
537012.5.peg.1002.site.85, 1, 134, 135
537012.5.peg.1553.site.1, 1, 127, 128
537012.5.peg.1553.site.2, 2, 127, 129
537012.5.peg.1553.site.3, 13, 125, 138
537012.5.peg.1553.site.4, 9, 127, 136
537012.5.peg.1553.site.5, 43, 124, 167
537012.5.peg.1553.site.6, 23, 126, 149
537012.5.peg.1553.site.7, 2, 127, 129
537012.5.peg.1553.site.8, 3, 127, 130
537012.5.peg.1553.site.9, 22, 127, 149
537012.5.peg.1553.site.10, 41, 125, 166
537012.5.peg.1553.site.11, 8, 127, 135
537012.5.peg.1553.site.12, 4, 125, 129
537012.5.peg.1553.site.13, 3, 127, 130
537012.5.peg.1553.site.14, 12, 127, 139
537012.5.peg.1553.site.15, 12, 127, 139
537012.5.peg.1553.site.16, 0, 127, 127
537012.5.peg.1553.site.17, 9, 127, 136
537012.5.peg.1553.site.18, 21, 127, 148
537012.5.peg.1553.site.19, 9, 127, 136
537012.5.peg.1553.site.20, 3, 127, 130
537012.5.peg.2781.site.1, 1, 124, 125
537012.5.peg.2781.site.2, 1, 125, 126
537012.5.peg.2781.site.3, 14, 126, 140
537012.5.peg.2781.site.4, 4, 128, 132
537012.5.peg.2781.site.5, 3, 128, 131
537012.5.peg.2781.site.6, 26, 131, 157
537012.5.peg.2781.site.7, 6, 133, 139
537012.5.peg.2781.site.8, 6, 132, 138
537012.5.peg.2781.site.9, 9, 131, 140
537012.5.peg.2781.site.10, 6, 130, 136
537012.5.peg.2781.site.11, 14, 130, 144
537012.5.peg.2781.site.12, 6, 130, 136
537012.5.peg.2781.site.13, 9, 131, 140
537012.5.peg.2781.site.14, 8, 132, 140
537012.5.peg.2781.site.15, 5, 125, 130
537012.5.peg.2781.site.16, 2, 128, 130
537012.5.peg.2781.site.17, 5, 130, 135
537012.5.peg.2781.site.18, 2, 128, 130
537012.5.peg.2781.site.19, 3, 132, 135
537012.5.peg.2781.site.20, 2, 134, 136
537012.5.peg.2781.site.21, 9, 133, 142
537012.5.peg.2781.site.22, 4, 132, 136
537012.5.peg.2781.site.23, 6, 134, 140
537012.5.peg.2781.site.24, 4, 132, 136
537012.5.peg.2781.site.25, 4, 132, 136
537012.5.peg.2781.site.26, 1, 134, 135
537012.5.peg.2781.site.27, 13, 130, 143
537012.5.peg.2781.site.28, 3, 130, 133
537012.5.peg.2781.site.29, 8, 134, 142
537012.5.peg.2781.site.30, 4, 132, 136
537012.5.peg.2781.site.31, 4, 132, 136
537012.5.peg.2781.site.32, 1, 134, 135
537012.5.peg.2781.site.33, 4, 132, 136
537012.5.peg.2781.site.34, 3, 133, 136
537012.5.peg.2781.site.35, 3, 131, 134
537012.5.peg.2781.site.36, 2, 131, 133
537012.5.peg.2781.site.37, 2, 130, 132
537012.5.peg.2781.site.38, 88, 129, 217
537012.5.peg.2781.site.39, 11, 130, 141
537012.5.peg.2781.site.40, 7, 129, 136
537012.5.peg.2781.site.41, 19, 126, 145
537012.5.peg.2781.site.42, 3, 129, 132
537012.5.peg.2781.site.43, 1, 129, 130
537012.5.peg.2781.site.44, 3, 132, 135
537012.5.peg.2781.site.45, 9, 130, 139
537012.5.peg.2781.site.46, 3, 133, 136
537012.5.peg.2781.site.47, 6, 130, 136
537012.5.peg.2781.site.48, 3, 133, 136
537012.5.peg.2781.site.49, 9, 131, 140
537012.5.peg.2780.site.1, 3, 127, 130
537012.5.peg.2780.site.2, 15, 125, 140
537012.5.peg.2780.site.3, 1, 124, 125
537012.5.peg.2780.site.4, 122, 124, 246
537012.5.peg.2780.site.5, 42, 115, 157
537012.5.peg.2780.site.6, 3, 117, 120
537012.5.peg.2780.site.7, 5, 116, 121
537012.5.peg.2780.site.8, 15, 120, 135
537012.5.peg.2780.site.9, 11, 122, 133
537012.5.peg.2780.site.10, 13, 124, 137
537012.5.peg.2780.site.11, 2, 124, 126
537012.5.peg.2780.site.12, 12, 123, 135
537012.5.peg.2780.site.13, 12, 124, 136
537012.5.peg.2780.site.14, 1, 124, 125
537012.5.peg.2780.site.15, 13, 124, 137
537012.5.peg.2780.site.16, 3, 124, 127
537012.5.peg.2780.site.17, 1, 124, 125
537012.5.peg.2780.site.18, 13, 123, 136
537012.5.peg.2780.site.19, 35, 122, 157
537012.5.peg.2780.site.20, 1, 124, 125
537012.5.peg.2780.site.21, 1, 124, 125
537012.5.peg.2780.site.22, 6, 126, 132
537012.5.peg.2780.site.23, 17, 128, 145
537012.5.peg.2780.site.24, 1, 128, 129
537012.5.peg.2780.site.25, 2, 126, 128
537012.5.peg.2780.site.26, 2, 129, 131
537012.5.peg.2780.site.27, 9, 128, 137
537012.5.peg.2780.site.28, 6, 129, 135
537012.5.peg.2780.site.29, 3, 131, 134
537012.5.peg.2780.site.30, 47, 131, 178
537012.5.peg.2780.site.31, 58, 129, 187
537012.5.peg.2780.site.32, 3, 130, 133
537012.5.peg.2780.site.33, 7, 130, 137
537012.5.peg.2780.site.34, 19, 126, 145
537012.5.peg.2780.site.35, 2, 125, 127
537012.5.peg.2780.site.36, 2, 126, 128
537012.5.peg.2780.site.37, 2, 129, 131
537012.5.peg.2780.site.38, 8, 129, 137
537012.5.peg.2780.site.39, 3, 129, 132
537012.5.peg.2780.site.40, 1, 131, 132
537012.5.peg.2780.site.41, 2, 133, 135
537012.5.peg.2780.site.42, 1, 132, 133
537012.5.peg.2780.site.43, 3, 128, 131
537012.5.peg.2780.site.44, 3, 128, 131
537012.5.peg.2780.site.45, 0, 131, 131
537012.5.peg.2780.site.46, 26, 130, 156
537012.5.peg.2780.site.47, 6, 130, 136
537012.5.peg.2780.site.48, 1, 130, 131
537012.5.peg.2780.site.49, 1, 129, 130
537012.5.peg.2780.site.50, 7, 129, 136
537012.5.peg.2780.site.51, 6, 129, 135
537012.5.peg.2780.site.52, 6, 129, 135
537012.5.peg.2780.site.53, 7, 128, 135
537012.5.peg.2780.site.54, 0, 128, 128
537012.5.peg.2780.site.55, 101, 133, 234
537012.5.peg.2780.site.56, 95, 120, 215
537012.5.peg.2780.site.57, 75, 129, 204
537012.5.peg.2780.site.58, 1, 133, 134
537012.5.peg.2780.site.59, 4, 132, 136
537012.5.peg.2780.site.60, 1, 134, 135
537012.5.peg.2780.site.61, 1, 134, 135
537012.5.peg.2780.site.62, 6, 134, 140
537012.5.peg.2780.site.63, 48, 134, 182
537012.5.peg.2780.site.64, 11, 132, 143
537012.5.peg.2783.site.1, 1, 123, 124
537012.5.peg.2783.site.2, 0, 127, 127
537012.5.peg.2783.site.3, 1, 129, 130
537012.5.peg.2783.site.4, 6, 128, 134
537012.5.peg.2783.site.5, 15, 128, 143
537012.5.peg.2783.site.6, 1, 130, 131
537012.5.peg.2783.site.7, 3, 130, 133
537012.5.peg.2783.site.8, 2, 132, 134
537012.5.peg.2783.site.9, 4, 130, 134
537012.5.peg.2783.site.10, 4, 132, 136
537012.5.peg.2783.site.11, 1, 134, 135
537012.5.peg.2783.site.12, 1, 133, 134
537012.5.peg.2783.site.13, 8, 134, 142
537012.5.peg.2783.site.14, 9, 133, 142
537012.5.peg.2783.site.15, 4, 133, 137
537012.5.peg.2783.site.16, 0, 133, 133
537012.5.peg.2783.site.17, 5, 134, 139
537012.5.peg.2783.site.18, 33, 134, 167
537012.5.peg.2783.site.19, 5, 133, 138
537012.5.peg.2783.site.20, 5, 134, 139
537012.5.peg.2783.site.21, 2, 133, 135
537012.5.peg.2783.site.22, 61, 131, 192
537012.5.peg.2783.site.23, 1, 129, 130
537012.5.peg.2783.site.24, 1, 131, 132
537012.5.peg.2783.site.25, 1, 132, 133
537012.5.peg.2783.site.26, 2, 131, 133
537012.5.peg.2783.site.27, 36, 128, 164
537012.5.peg.2783.site.28, 1, 133, 134
537012.5.peg.2783.site.29, 103, 130, 233
537012.5.peg.2783.site.30, 10, 130, 140
537012.5.peg.2783.site.31, 8, 127, 135
537012.5.peg.2783.site.32, 0, 128, 128
537012.5.peg.2783.site.33, 112, 127, 239
537012.5.peg.2783.site.34, 1, 129, 130
537012.5.peg.2783.site.35, 1, 132, 133
537012.5.peg.2783.site.36, 2, 130, 132
537012.5.peg.2783.site.37, 10, 131, 141
537012.5.peg.2783.site.38, 48, 130, 178
537012.5.peg.2783.site.39, 5, 132, 137
537012.5.peg.2783.site.40, 3, 134, 137
537012.5.peg.2783.site.41, 5, 130, 135
537012.5.peg.2783.site.42, 5, 131, 136
537012.5.peg.2783.site.43, 1, 133, 134
537012.5.peg.2783.site.44, 33, 129, 162
537012.5.peg.2783.site.45, 4, 130, 134
537012.5.peg.2783.site.46, 21, 132, 153
537012.5.peg.2783.site.47, 10, 132, 142
537012.5.peg.2783.site.48, 6, 130, 136
537012.5.peg.2783.site.49, 2, 130, 132
537012.5.peg.2783.site.50, 2, 131, 133
537012.5.peg.2783.site.51, 1, 129, 130
537012.5.peg.2783.site.52, 4, 131, 135
537012.5.peg.2783.site.53, 3, 129, 132
537012.5.peg.2783.site.54, 22, 127, 149
537012.5.peg.2783.site.55, 1, 127, 128
537012.5.peg.2783.site.56, 15, 130, 145
537012.5.peg.2783.site.57, 5, 130, 135
537012.5.peg.2783.site.58, 10, 130, 140
537012.5.peg.2783.site.59, 112, 134, 246
537012.5.peg.2783.site.60, 1, 134, 135
537012.5.peg.2783.site.61, 1, 134, 135
537012.5.peg.2783.site.62, 6, 134, 140
537012.5.peg.2783.site.63, 4, 132, 136
537012.5.peg.2783.site.64, 3, 134, 137
537012.5.peg.2783.site.65, 5, 133, 138
537012.5.peg.2783.site.66, 1, 133, 134
537012.5.peg.2783.site.67, 6, 133, 139
537012.5.peg.2783.site.68, 10, 132, 142
537012.5.peg.2783.site.69, 5, 130, 135
537012.5.peg.2783.site.70, 2, 130, 132
537012.5.peg.2783.site.71, 1, 131, 132
537012.5.peg.2783.site.72, 1, 131, 132
537012.5.peg.2783.site.73, 57, 130, 187
537012.5.peg.2783.site.74, 3, 132, 135
537012.5.peg.2783.site.75, 44, 130, 174
537012.5.peg.2783.site.76, 3, 131, 134
537012.5.peg.2783.site.77, 10, 132, 142
537012.5.peg.2783.site.78, 1, 132, 133
537012.5.peg.2783.site.79, 4, 133, 137
537012.5.peg.2783.site.80, 11, 132, 143
537012.5.peg.2783.site.81, 17, 133, 150
537012.5.peg.2783.site.82, 9, 132, 141
537012.5.peg.2783.site.83, 7, 134, 141
537012.5.peg.2783.site.84, 58, 133, 191
537012.5.peg.2783.site.85, 4, 132, 136
537012.5.peg.2783.site.86, 14, 134, 148
537012.5.peg.2783.site.87, 3, 131, 134
537012.5.peg.2783.site.88, 1, 132, 133
537012.5.peg.2783.site.89, 8, 132, 140
537012.5.peg.2783.site.90, 1, 133, 134
537012.5.peg.2783.site.91, 1, 134, 135
537012.5.peg.3969.site.1, 14, 127, 141
537012.5.peg.3969.site.2, 5, 127, 132
537012.5.peg.3969.site.3, 1, 127, 128
537012.5.peg.3969.site.4, 6, 126, 132
537012.5.peg.3969.site.5, 0, 128, 128
537012.5.peg.3969.site.6, 5, 127, 132
537012.5.peg.3969.site.7, 4, 126, 130
537012.5.peg.3969.site.8, 4, 126, 130
537012.5.peg.3969.site.9, 1, 127, 128
537012.5.peg.3969.site.10, 2, 128, 130
537012.5.peg.3969.site.11, 4, 124, 128
537012.5.peg.3969.site.12, 6, 126, 132
537012.5.peg.3969.site.13, 1, 129, 130
537012.5.peg.3969.site.14, 8, 130, 138
537012.5.peg.3969.site.15, 4, 131, 135
537012.5.peg.3969.site.16, 0, 132, 132
537012.5.peg.3969.site.17, 94, 129, 223
537012.5.peg.3969.site.18, 1, 128, 129
537012.5.peg.3969.site.19, 4, 126, 130
537012.5.peg.3969.site.20, 1, 128, 129
537012.5.peg.3969.site.21, 31, 126, 157
537012.5.peg.3969.site.22, 1, 130, 131
537012.5.peg.3969.site.23, 7, 129, 136
537012.5.peg.3969.site.24, 3, 130, 133
537012.5.peg.3969.site.25, 4, 131, 135
537012.5.peg.2785.site.1, 0, 117, 117
537012.5.peg.2785.site.2, 90, 110, 200
537012.5.peg.2785.site.3, 78, 97, 175
537012.5.peg.2785.site.4, 1, 77, 78
537012.5.peg.2785.site.5, 64, 83, 147
537012.5.peg.2785.site.6, 1, 35, 36
537012.5.peg.2785.site.7, 2, 36, 38
537012.5.peg.2785.site.8, 1, 101, 102
537012.5.peg.2785.site.9, 0, 110, 110
537012.5.peg.2785.site.10, 2, 130, 132
537012.5.peg.2785.site.11, 8, 130, 138
537012.5.peg.2785.site.12, 3, 132, 135
537012.5.peg.2785.site.13, 6, 133, 139
537012.5.peg.2785.site.14, 5, 133, 138
537012.5.peg.2785.site.15, 3, 130, 133
537012.5.peg.2785.site.16, 7, 133, 140
537012.5.peg.2785.site.17, 2, 133, 135
537012.5.peg.2785.site.18, 4, 131, 135
537012.5.peg.2784.site.1, 1, 123, 124
537012.5.peg.2784.site.2, 2, 124, 126
537012.5.peg.2784.site.3, 1, 123, 124
537012.5.peg.2784.site.4, 1, 122, 123
537012.5.peg.2784.site.5, 22, 123, 145
537012.5.peg.2784.site.6, 1, 123, 124
537012.5.peg.2784.site.7, 0, 123, 123
537012.5.peg.2784.site.8, 2, 121, 123
537012.5.peg.2784.site.9, 70, 118, 188
537012.5.peg.2787.site.1, 11, 131, 142
537012.5.peg.2787.site.2, 8, 133, 141
537012.5.peg.2787.site.3, 1, 133, 134
537012.5.peg.2787.site.4, 2, 134, 136
537012.5.peg.2787.site.5, 10, 132, 142
537012.5.peg.2787.site.6, 3, 132, 135
537012.5.peg.2787.site.7, 5, 127, 132
537012.5.peg.2787.site.8, 7, 127, 134
537012.5.peg.2787.site.9, 5, 126, 131
537012.5.peg.2787.site.10, 6, 128, 134
537012.5.peg.2787.site.11, 1, 130, 131
537012.5.peg.2787.site.12, 6, 131, 137
537012.5.peg.2787.site.13, 7, 134, 141
537012.5.peg.2787.site.14, 5, 132, 137
537012.5.peg.2787.site.15, 7, 133, 140
537012.5.peg.2787.site.16, 5, 128, 133
537012.5.peg.2787.site.17, 3, 130, 133
537012.5.peg.2787.site.18, 3, 129, 132
537012.5.peg.2787.site.19, 6, 129, 135
537012.5.peg.2787.site.20, 5, 133, 138
537012.5.peg.2787.site.21, 3, 133, 136
537012.5.peg.2787.site.22, 1, 134, 135
537012.5.peg.2787.site.23, 5, 132, 137
537012.5.peg.2787.site.24, 5, 129, 134
537012.5.peg.2787.site.25, 1, 129, 130
537012.5.peg.2787.site.26, 2, 131, 133
537012.5.peg.2787.site.27, 4, 128, 132
537012.5.peg.2787.site.28, 1, 131, 132
537012.5.peg.2787.site.29, 2, 131, 133
537012.5.peg.2787.site.30, 6, 133, 139
537012.5.peg.2787.site.31, 60, 130, 190
537012.5.peg.2787.site.32, 1, 130, 131
537012.5.peg.2787.site.33, 6, 128, 134
537012.5.peg.2787.site.34, 7, 132, 139
537012.5.peg.2787.site.35, 2, 132, 134
537012.5.peg.2787.site.36, 1, 132, 133
537012.5.peg.2787.site.37, 5, 132, 137
537012.5.peg.2787.site.38, 4, 131, 135
537012.5.peg.2787.site.39, 5, 132, 137
537012.5.peg.2787.site.40, 10, 134, 144
537012.5.peg.2787.site.41, 1, 134, 135
537012.5.peg.2787.site.42, 7, 134, 141
537012.5.peg.2787.site.43, 9, 131, 140
537012.5.peg.2787.site.44, 2, 134, 136
537012.5.peg.2787.site.45, 2, 133, 135
537012.5.peg.2787.site.46, 5, 134, 139
537012.5.peg.2787.site.47, 5, 134, 139
537012.5.peg.2787.site.48, 7, 134, 141
537012.5.peg.2787.site.49, 4, 134, 138
537012.5.peg.2787.site.50, 1, 134, 135
537012.5.peg.2787.site.51, 2, 134, 136
537012.5.peg.2787.site.52, 8, 132, 140
537012.5.peg.2787.site.53, 8, 132, 140
537012.5.peg.2787.site.54, 1, 133, 134
537012.5.peg.2787.site.55, 1, 131, 132
537012.5.peg.2787.site.56, 10, 133, 143
537012.5.peg.2787.site.57, 6, 133, 139
537012.5.peg.2787.site.58, 6, 130, 136
537012.5.peg.2787.site.59, 5, 130, 135
537012.5.peg.2787.site.60, 0, 129, 129
537012.5.peg.2787.site.61, 9, 132, 141
537012.5.peg.2787.site.62, 7, 134, 141
537012.5.peg.2787.site.63, 9, 132, 141
537012.5.peg.2787.site.64, 1, 132, 133
537012.5.peg.2787.site.65, 2, 132, 134
537012.5.peg.2787.site.66, 1, 134, 135
537012.5.peg.2787.site.67, 13, 133, 146
537012.5.peg.2787.site.68, 1, 134, 135
537012.5.peg.2787.site.69, 20, 133, 153
537012.5.peg.2787.site.70, 2, 134, 136
537012.5.peg.2787.site.71, 1, 134, 135
537012.5.peg.2787.site.72, 4, 134, 138
537012.5.peg.2787.site.73, 0, 134, 134
537012.5.peg.2787.site.74, 2, 134, 136
537012.5.peg.2787.site.75, 2, 132, 134
537012.5.peg.2787.site.76, 9, 134, 143
537012.5.peg.2787.site.77, 24, 133, 157
537012.5.peg.2787.site.78, 3, 132, 135
537012.5.peg.2787.site.79, 4, 131, 135
537012.5.peg.2787.site.80, 3, 130, 133
537012.5.peg.2787.site.81, 3, 130, 133
537012.5.peg.2787.site.82, 1, 130, 131
537012.5.peg.2787.site.83, 8, 130, 138
537012.5.peg.2787.site.84, 0, 132, 132
537012.5.peg.2787.site.85, 6, 133, 139
537012.5.peg.2787.site.86, 2, 130, 132
537012.5.peg.2787.site.87, 3, 130, 133
537012.5.peg.2787.site.88, 4, 131, 135
537012.5.peg.2787.site.89, 4, 131, 135
537012.5.peg.2787.site.90, 0, 133, 133
537012.5.peg.2787.site.91, 7, 134, 141
537012.5.peg.2787.site.92, 37, 134, 171
537012.5.peg.2787.site.93, 34, 133, 167
537012.5.peg.2787.site.94, 7, 134, 141
537012.5.peg.2787.site.95, 3, 134, 137
537012.5.peg.2787.site.96, 5, 131, 136
537012.5.peg.2787.site.97, 6, 131, 137
537012.5.peg.2787.site.98, 9, 132, 141
537012.5.peg.2787.site.99, 10, 131, 141
537012.5.peg.2787.site.100, 0, 130, 130
537012.5.peg.2787.site.101, 0, 133, 133
537012.5.peg.2787.site.102, 7, 134, 141
537012.5.peg.2786.site.1, 4, 131, 135
537012.5.peg.2786.site.2, 2, 133, 135
537012.5.peg.2786.site.3, 6, 130, 136
537012.5.peg.2786.site.4, 6, 130, 136
537012.5.peg.2786.site.5, 2, 124, 126
537012.5.peg.2786.site.6, 3, 127, 130
537012.5.peg.2786.site.7, 2, 124, 126
537012.5.peg.2786.site.8, 7, 125, 132
537012.5.peg.2786.site.9, 21, 129, 150
537012.5.peg.2786.site.10, 5, 129, 134
537012.5.peg.2786.site.11, 2, 130, 132
537012.5.peg.2786.site.12, 3, 126, 129
537012.5.peg.2786.site.13, 3, 126, 129
537012.5.peg.2786.site.14, 1, 124, 125
537012.5.peg.2786.site.15, 5, 124, 129
537012.5.peg.2786.site.16, 0, 123, 123
537012.5.peg.2786.site.17, 5, 131, 136
537012.5.peg.2786.site.18, 32, 131, 163
537012.5.peg.2786.site.19, 5, 130, 135
537012.5.peg.2786.site.20, 10, 130, 140
537012.5.peg.2786.site.21, 6, 128, 134
537012.5.peg.2786.site.22, 1, 127, 128
537012.5.peg.2786.site.23, 2, 124, 126
537012.5.peg.2786.site.24, 52, 124, 176
537012.5.peg.2786.site.25, 3, 125, 128
537012.5.peg.2786.site.26, 3, 126, 129
537012.5.peg.2786.site.27, 2, 130, 132
537012.5.peg.2786.site.28, 7, 132, 139
537012.5.peg.2786.site.29, 1, 133, 134
537012.5.peg.2786.site.30, 1, 133, 134
537012.5.peg.2789.site.1, 14, 131, 145
537012.5.peg.2789.site.2, 2, 132, 134
537012.5.peg.2789.site.3, 1, 134, 135
537012.5.peg.2789.site.4, 1, 134, 135
537012.5.peg.2789.site.5, 6, 133, 139
537012.5.peg.2789.site.6, 4, 133, 137
537012.5.peg.2789.site.7, 8, 131, 139
537012.5.peg.2789.site.8, 4, 133, 137
537012.5.peg.2789.site.9, 21, 133, 154
537012.5.peg.2789.site.10, 3, 132, 135
537012.5.peg.2789.site.11, 1, 134, 135
537012.5.peg.2789.site.12, 2, 132, 134
537012.5.peg.2789.site.13, 1, 134, 135
537012.5.peg.2789.site.14, 1, 134, 135
537012.5.peg.2789.site.15, 2, 134, 136
537012.5.peg.2789.site.16, 118, 131, 249
537012.5.peg.2789.site.17, 3, 134, 137
537012.5.peg.2789.site.18, 9, 132, 141
537012.5.peg.2789.site.19, 3, 134, 137
537012.5.peg.2789.site.20, 6, 133, 139
537012.5.peg.2789.site.21, 1, 133, 134
537012.5.peg.2789.site.22, 2, 134, 136
537012.5.peg.2789.site.23, 3, 134, 137
537012.5.peg.2789.site.24, 50, 134, 184
537012.5.peg.2789.site.25, 1, 134, 135
537012.5.peg.2789.site.26, 2, 134, 136
537012.5.peg.2788.site.1, 0, 134, 134
537012.5.peg.2788.site.2, 2, 133, 135
537012.5.peg.2788.site.3, 8, 132, 140
537012.5.peg.3960.site.1, 6, 131, 137
537012.5.peg.3960.site.2, 6, 133, 139
537012.5.peg.3960.site.3, 6, 132, 138
537012.5.peg.3960.site.4, 3, 134, 137
537012.5.peg.3960.site.5, 1, 133, 134
537012.5.peg.3960.site.6, 19, 133, 152
537012.5.peg.3960.site.7, 34, 132, 166
537012.5.peg.3960.site.8, 5, 134, 139
537012.5.peg.3960.site.9, 8, 134, 142
537012.5.peg.3960.site.10, 65, 134, 199
537012.5.peg.3960.site.11, 4, 134, 138
537012.5.peg.3960.site.12, 1, 134, 135
537012.5.peg.3960.site.13, 2, 134, 136
537012.5.peg.3960.site.14, 2, 134, 136
537012.5.peg.3960.site.15, 24, 133, 157
537012.5.peg.3960.site.16, 3, 134, 137
537012.5.peg.3960.site.17, 3, 133, 136
537012.5.peg.3960.site.18, 8, 134, 142
537012.5.peg.3960.site.19, 1, 134, 135
537012.5.peg.3960.site.20, 3, 134, 137
537012.5.peg.3960.site.21, 13, 134, 147
537012.5.peg.3960.site.22, 14, 133, 147
537012.5.peg.3960.site.23, 8, 132, 140
537012.5.peg.3960.site.24, 11, 134, 145
537012.5.peg.3960.site.25, 2, 134, 136
537012.5.peg.3960.site.26, 6, 133, 139
537012.5.peg.3966.site.1, 0, 129, 129
537012.5.peg.3966.site.2, 30, 130, 160
537012.5.peg.3966.site.3, 13, 132, 145
537012.5.peg.3966.site.4, 7, 129, 136
537012.5.peg.3966.site.5, 10, 130, 140
537012.5.peg.3966.site.6, 1, 132, 133
537012.5.peg.3966.site.7, 4, 130, 134
537012.5.peg.3966.site.8, 125, 132, 257
537012.5.peg.3966.site.9, 4, 132, 136
537012.5.peg.3966.site.10, 3, 132, 135
537012.5.peg.3966.site.11, 3, 131, 134
537012.5.peg.3966.site.12, 116, 126, 242
537012.5.peg.3966.site.13, 1, 123, 124
537012.5.peg.3966.site.14, 0, 125, 125
537012.5.peg.3966.site.15, 0, 123, 123
537012.5.peg.3966.site.16, 0, 123, 123
537012.5.peg.3966.site.17, 1, 126, 127
537012.5.peg.3966.site.18, 0, 126, 126
537012.5.peg.3966.site.19, 2, 127, 129
537012.5.peg.3966.site.20, 1, 123, 124
537012.5.peg.3966.site.21, 12, 126, 138
537012.5.peg.3966.site.22, 5, 126, 131
537012.5.peg.3966.site.23, 1, 125, 126
537012.5.peg.3966.site.24, 27, 124, 151
537012.5.peg.3966.site.25, 2, 124, 126
537012.5.peg.3966.site.26, 4, 124, 128
537012.5.peg.3966.site.27, 3, 125, 128
537012.5.peg.3966.site.28, 2, 128, 130
537012.5.peg.3966.site.29, 16, 128, 144
537012.5.peg.3966.site.30, 1, 129, 130
537012.5.peg.3966.site.31, 1, 129, 130
537012.5.peg.3966.site.32, 1, 129, 130
537012.5.peg.3966.site.33, 4, 126, 130
537012.5.peg.3966.site.34, 5, 127, 132
537012.5.peg.3966.site.35, 5, 127, 132
537012.5.peg.3966.site.36, 4, 124, 128
537012.5.peg.3966.site.37, 4, 124, 128
537012.5.peg.3966.site.38, 5, 125, 130
537012.5.peg.3966.site.39, 49, 121, 170
537012.5.peg.3947.site.1, 17, 130, 147
537012.5.peg.3947.site.2, 8, 133, 141
537012.5.peg.3947.site.3, 15, 133, 148
537012.5.peg.3947.site.4, 4, 132, 136
537012.5.peg.3947.site.5, 102, 134, 236
537012.5.peg.3947.site.6, 17, 132, 149
537012.5.peg.3947.site.7, 131, 134, 265
537012.5.peg.3947.site.8, 4, 129, 133
537012.5.peg.3947.site.9, 7, 124, 131
537012.5.peg.3947.site.10, 15, 122, 137
537012.5.peg.3947.site.11, 12, 121, 133
537012.5.peg.3947.site.12, 41, 120, 161
537012.5.peg.3947.site.13, 31, 120, 151
537012.5.peg.3947.site.14, 3, 121, 124
537012.5.peg.3947.site.15, 13, 122, 135
537012.5.peg.3947.site.16, 3, 122, 125
537012.5.peg.3947.site.17, 2, 121, 123
537012.5.peg.3947.site.18, 5, 118, 123
537012.5.peg.3947.site.19, 14, 119, 133
537012.5.peg.3947.site.20, 105, 119, 224
537012.5.peg.3947.site.21, 6, 126, 132
537012.5.peg.3947.site.22, 100, 129, 229
537012.5.peg.3947.site.23, 0, 133, 133
537012.5.peg.3947.site.24, 16, 133, 149
537012.5.peg.3947.site.25, 9, 129, 138
537012.5.peg.3947.site.26, 1, 132, 133
537012.5.peg.3947.site.27, 69, 131, 200
537012.5.peg.3964.site.1, 10, 127, 137
537012.5.peg.3964.site.2, 1, 128, 129
537012.5.peg.3964.site.3, 3, 133, 136
537012.5.peg.3964.site.4, 4, 132, 136
537012.5.peg.3964.site.5, 4, 132, 136
537012.5.peg.3964.site.6, 15, 131, 146
537012.5.peg.3964.site.7, 4, 132, 136
537012.5.peg.3964.site.8, 42, 134, 176
537012.5.peg.3964.site.9, 11, 134, 145
537012.5.peg.3964.site.10, 2, 132, 134
537012.5.peg.3964.site.11, 1, 131, 132
537012.5.peg.3964.site.12, 0, 130, 130
537012.5.peg.3964.site.13, 2, 129, 131
537012.5.peg.3964.site.14, 5, 130, 135
537012.5.peg.3964.site.15, 0, 129, 129
537012.5.peg.3964.site.16, 61, 129, 190
537012.5.peg.3964.site.17, 0, 130, 130
537012.5.peg.3964.site.18, 0, 129, 129
537012.5.peg.3964.site.19, 12, 132, 144
537012.5.peg.3964.site.20, 4, 132, 136
537012.5.peg.3964.site.21, 4, 132, 136
537012.5.peg.3964.site.22, 3, 134, 137
537012.5.peg.1554.site.1, 28, 124, 152
537012.5.peg.1554.site.2, 123, 127, 250
537012.5.peg.1554.site.3, 9, 126, 135
537012.5.peg.1554.site.4, 8, 127, 135
537012.5.peg.1554.site.5, 1, 128, 129
537012.5.peg.1554.site.6, 13, 125, 138
537012.5.peg.1554.site.7, 48, 123, 171
537012.5.peg.1554.site.8, 9, 128, 137
537012.5.peg.1554.site.9, 1, 128, 129
537012.5.peg.1554.site.10, 1, 128, 129
537012.5.peg.1554.site.11, 3, 130, 133
537012.5.peg.1554.site.12, 8, 130, 138
537012.5.peg.1554.site.13, 110, 128, 238
537012.5.peg.1554.site.14, 2, 130, 132
537012.5.peg.1554.site.15, 3, 130, 133
537012.5.peg.1554.site.16, 3, 130, 133
537012.5.peg.1554.site.17, 9, 130, 139
537012.5.peg.1554.site.18, 2, 129, 131
537012.5.peg.1554.site.19, 15, 127, 142
537012.5.peg.1554.site.20, 6, 130, 136
537012.5.peg.1554.site.21, 3, 130, 133
537012.5.peg.1554.site.22, 5, 129, 134
537012.5.peg.1554.site.23, 2, 130, 132
537012.5.peg.1554.site.24, 14, 129, 143
537012.5.peg.1554.site.25, 14, 129, 143
537012.5.peg.1554.site.26, 0, 125, 125
537012.5.peg.1554.site.27, 27, 127, 154
537012.5.peg.1554.site.28, 11, 127, 138
537012.5.peg.1554.site.29, 1, 127, 128
537012.5.peg.1554.site.30, 14, 126, 140
537012.5.peg.1554.site.31, 1, 127, 128
537012.5.peg.1554.site.32, 14, 126, 140
537012.5.peg.1554.site.33, 7, 128, 135
537012.5.peg.1554.site.34, 19, 128, 147
537012.5.peg.1554.site.35, 1, 128, 129
537012.5.peg.1554.site.36, 1, 119, 120
537012.5.peg.1554.site.37, 2, 99, 101
537012.5.peg.2305.site.1, 6, 134, 140
537012.5.peg.2305.site.2, 1, 134, 135
537012.5.peg.2305.site.3, 1, 134, 135
537012.5.peg.2305.site.4, 1, 133, 134
537012.5.peg.2305.site.5, 16, 131, 147
537012.5.peg.2305.site.6, 1, 133, 134
537012.5.peg.2305.site.7, 1, 133, 134
537012.5.peg.2305.site.8, 5, 130, 135
537012.5.peg.2305.site.9, 1, 128, 129
537012.5.peg.2305.site.10, 25, 127, 152
537012.5.peg.2305.site.11, 1, 127, 128
537012.5.peg.2305.site.12, 1, 128, 129
537012.5.peg.2305.site.13, 4, 131, 135
537012.5.peg.2305.site.14, 1, 132, 133
537012.5.peg.2305.site.15, 9, 132, 141
537012.5.peg.2305.site.16, 7, 134, 141
537012.5.peg.2305.site.17, 50, 134, 184
537012.5.peg.2305.site.18, 0, 134, 134
537012.5.peg.2305.site.19, 0, 134, 134
537012.5.peg.2305.site.20, 10, 133, 143
537012.5.peg.2305.site.21, 82, 134, 216
537012.5.peg.2305.site.22, 123, 133, 256
537012.5.peg.2305.site.23, 5, 133, 138
537012.5.peg.2305.site.24, 1, 134, 135
537012.5.peg.2305.site.25, 1, 134, 135
537012.5.peg.2305.site.26, 112, 132, 244
537012.5.peg.2305.site.27, 0, 134, 134
537012.5.peg.2305.site.28, 1, 133, 134
537012.5.peg.2305.site.29, 90, 132, 222
537012.5.peg.2305.site.30, 0, 134, 134
537012.5.peg.2305.site.31, 40, 133, 173
537012.5.peg.2305.site.32, 3, 134, 137
537012.5.peg.2305.site.33, 9, 133, 142
537012.5.peg.2305.site.34, 7, 134, 141
537012.5.peg.2305.site.35, 7, 134, 141
537012.5.peg.2305.site.36, 2, 134, 136
537012.5.peg.2305.site.37, 0, 134, 134
537012.5.peg.2305.site.38, 9, 134, 143
537012.5.peg.2305.site.39, 8, 134, 142
537012.5.peg.2305.site.40, 51, 132, 183
537012.5.peg.2305.site.41, 6, 133, 139
537012.5.peg.2305.site.42, 8, 134, 142
537012.5.peg.2305.site.43, 0, 134, 134
537012.5.peg.2305.site.44, 7, 134, 141
537012.5.peg.2305.site.45, 8, 134, 142
537012.5.peg.2305.site.46, 0, 134, 134
537012.5.peg.2305.site.47, 8, 134, 142
537012.5.peg.2305.site.48, 16, 134, 150
537012.5.peg.2305.site.49, 3, 131, 134
537012.5.peg.2305.site.50, 1, 134, 135
537012.5.peg.2305.site.51, 1, 134, 135
537012.5.peg.2305.site.52, 16, 134, 150
537012.5.peg.2305.site.53, 2, 132, 134
537012.5.peg.2305.site.54, 9, 134, 143
537012.5.peg.2305.site.55, 3, 134, 137
537012.5.peg.2305.site.56, 8, 134, 142
537012.5.peg.2305.site.57, 48, 131, 179
537012.5.peg.2305.site.58, 23, 133, 156
537012.5.peg.2305.site.59, 16, 134, 150
537012.5.peg.2305.site.60, 23, 133, 156
537012.5.peg.2305.site.61, 122, 133, 255
537012.5.peg.2305.site.62, 6, 133, 139
537012.5.peg.2305.site.63, 19, 134, 153
537012.5.peg.2305.site.64, 32, 131, 163
537012.5.peg.2305.site.65, 14, 134, 148
537012.5.peg.2305.site.66, 4, 133, 137
537012.5.peg.2305.site.67, 26, 132, 158
537012.5.peg.2305.site.68, 6, 134, 140
537012.5.peg.2305.site.69, 16, 134, 150
537012.5.peg.2305.site.70, 48, 133, 181
537012.5.peg.2307.site.1, 6, 126, 132
537012.5.peg.2307.site.2, 23, 126, 149
537012.5.peg.2307.site.3, 1, 127, 128
537012.5.peg.2307.site.4, 97, 126, 223
537012.5.peg.2307.site.5, 66, 125, 191
537012.5.peg.2307.site.6, 5, 126, 131
537012.5.peg.2307.site.7, 8, 127, 135
537012.5.peg.2307.site.8, 4, 125, 129
537012.5.peg.2307.site.9, 2, 125, 127
537012.5.peg.2307.site.10, 14, 127, 141
537012.5.peg.2307.site.11, 3, 127, 130
537012.5.peg.2307.site.12, 2, 127, 129
537012.5.peg.2307.site.13, 2, 126, 128
537012.5.peg.2307.site.14, 18, 127, 145
537012.5.peg.2307.site.15, 43, 126, 169
537012.5.peg.2307.site.16, 1, 127, 128
537012.5.peg.2307.site.17, 1, 127, 128
537012.5.peg.2307.site.18, 1, 126, 127
537012.5.peg.2307.site.19, 3, 125, 128
537012.5.peg.2307.site.20, 40, 127, 167
537012.5.peg.2307.site.21, 1, 125, 126
537012.5.peg.2307.site.22, 1, 127, 128
537012.5.peg.2307.site.23, 85, 124, 209
537012.5.peg.2307.site.24, 1, 127, 128
537012.5.peg.2307.site.25, 1, 128, 129
537012.5.peg.2306.site.1, 0, 134, 134
537012.5.peg.2306.site.2, 105, 134, 239
537012.5.peg.2306.site.3, 0, 134, 134
537012.5.peg.2306.site.4, 1, 134, 135
537012.5.peg.2306.site.5, 16, 134, 150
537012.5.peg.2306.site.6, 5, 132, 137
537012.5.peg.2306.site.7, 15, 128, 143
537012.5.peg.2306.site.8, 3, 130, 133
537012.5.peg.2306.site.9, 2, 129, 131
537012.5.peg.2306.site.10, 16, 127, 143
537012.5.peg.2306.site.11, 1, 128, 129
537012.5.peg.2306.site.12, 1, 128, 129
537012.5.peg.2306.site.13, 0, 127, 127
537012.5.peg.2306.site.14, 8, 127, 135
537012.5.peg.2306.site.15, 43, 127, 170
537012.5.peg.2306.site.16, 44, 127, 171
537012.5.peg.2306.site.17, 16, 127, 143
537012.5.peg.2306.site.18, 2, 127, 129
537012.5.peg.2306.site.19, 8, 127, 135
537012.5.peg.2306.site.20, 16, 126, 142
537012.5.peg.2306.site.21, 120, 125, 245
537012.5.peg.2306.site.22, 3, 126, 129
537012.5.peg.2306.site.23, 0, 128, 128
537012.5.peg.2306.site.24, 1, 127, 128
537012.5.peg.2306.site.25, 3, 127, 130
537012.5.peg.2306.site.26, 1, 127, 128
537012.5.peg.2306.site.27, 51, 127, 178
537012.5.peg.2306.site.28, 52, 125, 177
537012.5.peg.2306.site.29, 55, 124, 179
537012.5.peg.2306.site.30, 10, 127, 137
537012.5.peg.2306.site.31, 43, 123, 166
537012.5.peg.2306.site.32, 4, 125, 129
537012.5.peg.2306.site.33, 2, 127, 129
537012.5.peg.2306.site.34, 9, 124, 133
537012.5.peg.2306.site.35, 3, 127, 130
537012.5.peg.2306.site.36, 125, 127, 252
537012.5.peg.2306.site.37, 14, 127, 141
537012.5.peg.2306.site.38, 2, 127, 129
537012.5.peg.2306.site.39, 2, 127, 129
537012.5.peg.2306.site.40, 4, 125, 129
537012.5.peg.2306.site.41, 123, 127, 250
537012.5.peg.2306.site.42, 89, 124, 213
537012.5.peg.2306.site.43, 3, 127, 130
537012.5.peg.2306.site.44, 2, 127, 129
537012.5.peg.2306.site.45, 1, 127, 128
537012.5.peg.2306.site.46, 2, 127, 129
537012.5.peg.2306.site.47, 3, 127, 130
537012.5.peg.2306.site.48, 71, 127, 198
537012.5.peg.2306.site.49, 11, 125, 136
537012.5.peg.2306.site.50, 7, 127, 134
537012.5.peg.2306.site.51, 125, 127, 252
537012.5.peg.2306.site.52, 2, 126, 128
537012.5.peg.2306.site.53, 3, 127, 130
537012.5.peg.2306.site.54, 2, 126, 128
537012.5.peg.2306.site.55, 18, 125, 143
537012.5.peg.2306.site.56, 4, 126, 130
537012.5.peg.2306.site.57, 3, 127, 130
537012.5.peg.2306.site.58, 0, 124, 124
537012.5.peg.2306.site.59, 1, 125, 126
537012.5.peg.2306.site.60, 3, 128, 131
537012.5.peg.2306.site.61, 3, 127, 130
537012.5.peg.2306.site.62, 3, 127, 130
537012.5.peg.2306.site.63, 21, 126, 147
537012.5.peg.2306.site.64, 12, 125, 137
537012.5.peg.2306.site.65, 0, 126, 126
537012.5.peg.2306.site.66, 100, 127, 227
537012.5.peg.2306.site.67, 3, 127, 130
537012.5.peg.2306.site.68, 3, 127, 130
537012.5.peg.2306.site.69, 7, 127, 134
537012.5.peg.2306.site.70, 17, 127, 144
537012.5.peg.2306.site.71, 14, 127, 141
537012.5.peg.2306.site.72, 0, 127, 127
537012.5.peg.2306.site.73, 4, 126, 130
537012.5.peg.2306.site.74, 3, 125, 128
537012.5.peg.2306.site.75, 1, 123, 124
537012.5.peg.2306.site.76, 3, 124, 127
537012.5.peg.2306.site.77, 98, 125, 223
537012.5.peg.2306.site.78, 4, 125, 129
537012.5.peg.2306.site.79, 3, 125, 128
537012.5.peg.2306.site.80, 117, 125, 242
537012.5.peg.2306.site.81, 6, 127, 133
537012.5.peg.2306.site.82, 16, 125, 141
537012.5.peg.2306.site.83, 16, 125, 141
537012.5.peg.2306.site.84, 0, 126, 126
537012.5.peg.2306.site.85, 3, 126, 129
537012.5.peg.2306.site.86, 4, 124, 128
537012.5.peg.2306.site.87, 4, 124, 128
537012.5.peg.2306.site.88, 66, 124, 190
537012.5.peg.2306.site.89, 8, 127, 135
537012.5.peg.2306.site.90, 1, 127, 128
537012.5.peg.2306.site.91, 1, 126, 127
537012.5.peg.2306.site.92, 51, 127, 178
537012.5.peg.2306.site.93, 13, 127, 140
537012.5.peg.2306.site.94, 52, 127, 179
537012.5.peg.2306.site.95, 2, 128, 130
537012.5.peg.338.site.1, 21, 110, 131
537012.5.peg.338.site.2, 5, 108, 113
537012.5.peg.338.site.3, 5, 108, 113
537012.5.peg.338.site.4, 1, 98, 99
537012.5.peg.338.site.5, 4, 98, 102
537012.5.peg.338.site.6, 31, 91, 122
537012.5.peg.338.site.7, 51, 94, 145
537012.5.peg.338.site.8, 22, 95, 117
537012.5.peg.338.site.9, 4, 95, 99
537012.5.peg.338.site.10, 4, 94, 98
537012.5.peg.338.site.11, 85, 94, 179
537012.5.peg.338.site.12, 86, 88, 174
537012.5.peg.338.site.13, 1, 88, 89
537012.5.peg.338.site.14, 40, 89, 129
537012.5.peg.338.site.15, 1, 84, 85
537012.5.peg.338.site.16, 6, 85, 91
537012.5.peg.338.site.17, 1, 83, 84
537012.5.peg.338.site.18, 52, 82, 134
537012.5.peg.338.site.19, 1, 71, 72
537012.5.peg.338.site.20, 7, 71, 78
537012.5.peg.338.site.21, 41, 72, 113
537012.5.peg.338.site.22, 6, 70, 76
537012.5.peg.338.site.23, 5, 69, 74
537012.5.peg.338.site.24, 60, 68, 128
537012.5.peg.338.site.25, 58, 70, 128
537012.5.peg.338.site.26, 13, 71, 84
537012.5.peg.338.site.27, 58, 70, 128
537012.5.peg.338.site.28, 54, 71, 125
537012.5.peg.338.site.29, 64, 71, 135
537012.5.peg.338.site.30, 7, 69, 76
537012.5.peg.338.site.31, 1, 71, 72
537012.5.peg.338.site.32, 10, 71, 81
537012.5.peg.338.site.33, 23, 64, 87
537012.5.peg.338.site.34, 18, 69, 87
537012.5.peg.338.site.35, 4, 71, 75
537012.5.peg.338.site.36, 0, 66, 66
537012.5.peg.338.site.37, 2, 68, 70
537012.5.peg.338.site.38, 63, 70, 133
537012.5.peg.338.site.39, 6, 69, 75
537012.5.peg.3567.site.1, 48, 125, 173
537012.5.peg.3567.site.2, 72, 126, 198
537012.5.peg.3567.site.3, 43, 117, 160
537012.5.peg.3567.site.4, 53, 113, 166
537012.5.peg.3567.site.5, 90, 119, 209
537012.5.peg.3567.site.6, 2, 121, 123
537012.5.peg.3567.site.7, 99, 120, 219
537012.5.peg.3567.site.8, 2, 121, 123
537012.5.peg.3567.site.9, 2, 121, 123
537012.5.peg.3567.site.10, 6, 122, 128
537012.5.peg.3567.site.11, 109, 119, 228
537012.5.peg.3567.site.12, 69, 118, 187
537012.5.peg.3567.site.13, 43, 119, 162
537012.5.peg.3567.site.14, 7, 119, 126
537012.5.peg.3567.site.15, 16, 119, 135
537012.5.peg.3567.site.16, 43, 115, 158
537012.5.peg.3567.site.17, 84, 88, 172
537012.5.peg.3567.site.18, 29, 82, 111
537012.5.peg.3567.site.19, 3, 84, 87
537012.5.peg.3567.site.20, 41, 116, 157
537012.5.peg.3567.site.21, 114, 119, 233
537012.5.peg.3567.site.22, 4, 123, 127
537012.5.peg.3567.site.23, 108, 123, 231
537012.5.peg.3567.site.24, 65, 122, 187
537012.5.peg.3567.site.25, 3, 121, 124
537012.5.peg.3567.site.26, 11, 122, 133
537012.5.peg.3567.site.27, 70, 121, 191
537012.5.peg.3567.site.28, 12, 120, 132
537012.5.peg.3567.site.29, 52, 119, 171
537012.5.peg.3567.site.30, 68, 116, 184
537012.5.peg.3567.site.31, 7, 111, 118
537012.5.peg.3567.site.32, 60, 108, 168
537012.5.peg.3567.site.33, 1, 110, 111
537012.5.peg.3564.site.1, 24, 74, 98
537012.5.peg.3564.site.2, 1, 72, 73
537012.5.peg.3564.site.3, 0, 74, 74
537012.5.peg.3564.site.4, 25, 74, 99
537012.5.peg.3564.site.5, 6, 75, 81
537012.5.peg.3564.site.6, 13, 75, 88
537012.5.peg.3564.site.7, 19, 75, 94
537012.5.peg.3564.site.8, 1, 74, 75
537012.5.peg.3564.site.9, 44, 74, 118
537012.5.peg.3564.site.10, 22, 75, 97
537012.5.peg.3564.site.11, 8, 74, 82
537012.5.peg.3564.site.12, 0, 77, 77
537012.5.peg.3564.site.13, 4, 78, 82
537012.5.peg.3565.site.1, 33, 71, 104
537012.5.peg.3565.site.2, 23, 70, 93
537012.5.peg.3565.site.3, 1, 73, 74
537012.5.peg.3565.site.4, 1, 73, 74
537012.5.peg.3565.site.5, 0, 82, 82
537012.5.peg.3565.site.6, 2, 84, 86
537012.5.peg.3565.site.7, 9, 88, 97
537012.5.peg.3565.site.8, 14, 91, 105
537012.5.peg.3565.site.9, 15, 90, 105
537012.5.peg.3565.site.10, 10, 91, 101
537012.5.peg.3565.site.11, 47, 89, 136
537012.5.peg.3565.site.12, 2, 91, 93
537012.5.peg.3565.site.13, 1, 90, 91
537012.5.peg.3565.site.14, 7, 87, 94
537012.5.peg.3565.site.15, 9, 86, 95
537012.5.peg.3565.site.16, 33, 78, 111
537012.5.peg.3565.site.17, 3, 77, 80
537012.5.peg.3565.site.18, 5, 76, 81
537012.5.peg.3565.site.19, 1, 76, 77
537012.5.peg.3565.site.20, 4, 76, 80
537012.5.peg.3565.site.21, 2, 76, 78
537012.5.peg.3565.site.22, 6, 77, 83
537012.5.peg.3565.site.23, 1, 73, 74
537012.5.peg.3565.site.24, 5, 75, 80
537012.5.peg.3565.site.25, 4, 73, 77
537012.5.peg.3565.site.26, 46, 76, 122
537012.5.peg.3565.site.27, 1, 82, 83
537012.5.peg.3565.site.28, 3, 82, 85
537012.5.peg.3565.site.29, 12, 81, 93
537012.5.peg.3565.site.30, 0, 82, 82
537012.5.peg.3565.site.31, 5, 78, 83
537012.5.peg.3565.site.32, 4, 76, 80
537012.5.peg.3565.site.33, 4, 77, 81
537012.5.peg.3565.site.34, 10, 77, 87
537012.5.peg.3565.site.35, 4, 76, 80
537012.5.peg.719.site.1, 1, 131, 132
537012.5.peg.719.site.2, 1, 132, 133
537012.5.peg.719.site.3, 2, 132, 134
537012.5.peg.719.site.4, 0, 133, 133
537012.5.peg.719.site.5, 2, 133, 135
537012.5.peg.719.site.6, 3, 133, 136
537012.5.peg.719.site.7, 9, 134, 143
537012.5.peg.719.site.8, 4, 133, 137
537012.5.peg.719.site.9, 12, 134, 146
537012.5.peg.719.site.10, 11, 133, 144
537012.5.peg.719.site.11, 8, 134, 142
537012.5.peg.719.site.12, 0, 132, 132
537012.5.peg.719.site.13, 19, 131, 150
537012.5.peg.719.site.14, 6, 132, 138
537012.5.peg.719.site.15, 7, 133, 140
537012.5.peg.719.site.16, 3, 133, 136
537012.5.peg.719.site.17, 4, 132, 136
537012.5.peg.719.site.18, 8, 131, 139
537012.5.peg.719.site.19, 1, 134, 135
537012.5.peg.719.site.20, 1, 134, 135
537012.5.peg.719.site.21, 4, 132, 136
537012.5.peg.719.site.22, 9, 131, 140
537012.5.peg.719.site.23, 67, 131, 198
537012.5.peg.719.site.24, 0, 130, 130
537012.5.peg.719.site.25, 1, 130, 131
537012.5.peg.719.site.26, 3, 132, 135
537012.5.peg.719.site.27, 3, 133, 136
537012.5.peg.719.site.28, 4, 131, 135
537012.5.peg.719.site.29, 6, 134, 140
537012.5.peg.719.site.30, 5, 133, 138
537012.5.peg.719.site.31, 5, 134, 139
537012.5.peg.719.site.32, 33, 134, 167
537012.5.peg.719.site.33, 24, 132, 156
537012.5.peg.719.site.34, 3, 134, 137
537012.5.peg.719.site.35, 22, 133, 155
537012.5.peg.719.site.36, 13, 133, 146
537012.5.peg.719.site.37, 3, 132, 135
537012.5.peg.719.site.38, 3, 129, 132
537012.5.peg.719.site.39, 3, 129, 132
537012.5.peg.719.site.40, 15, 129, 144
537012.5.peg.719.site.41, 1, 133, 134
537012.5.peg.719.site.42, 33, 130, 163
537012.5.peg.719.site.43, 1, 133, 134
537012.5.peg.719.site.44, 11, 133, 144
537012.5.peg.719.site.45, 3, 134, 137
537012.5.peg.719.site.46, 3, 134, 137
537012.5.peg.719.site.47, 5, 132, 137
537012.5.peg.719.site.48, 7, 131, 138
537012.5.peg.719.site.49, 7, 129, 136
537012.5.peg.719.site.50, 5, 129, 134
537012.5.peg.719.site.51, 1, 131, 132
537012.5.peg.719.site.52, 10, 129, 139
537012.5.peg.719.site.53, 4, 128, 132
537012.5.peg.719.site.54, 10, 129, 139
537012.5.peg.719.site.55, 14, 130, 144
537012.5.peg.719.site.56, 5, 131, 136
537012.5.peg.719.site.57, 13, 132, 145
537012.5.peg.719.site.58, 8, 132, 140
537012.5.peg.719.site.59, 74, 130, 204
537012.5.peg.719.site.60, 5, 132, 137
537012.5.peg.719.site.61, 87, 127, 214
537012.5.peg.719.site.62, 6, 133, 139
537012.5.peg.719.site.63, 8, 132, 140
537012.5.peg.719.site.64, 4, 131, 135
537012.5.peg.719.site.65, 114, 132, 246
537012.5.peg.719.site.66, 3, 134, 137
537012.5.peg.719.site.67, 6, 134, 140
537012.5.peg.719.site.68, 6, 134, 140
537012.5.peg.719.site.69, 9, 134, 143
537012.5.peg.719.site.70, 3, 134, 137
537012.5.peg.719.site.71, 34, 134, 168
537012.5.peg.719.site.72, 13, 131, 144
537012.5.peg.719.site.73, 13, 131, 144
537012.5.peg.719.site.74, 6, 134, 140
537012.5.peg.719.site.75, 1, 134, 135
537012.5.peg.719.site.76, 4, 134, 138
537012.5.peg.719.site.77, 1, 134, 135
537012.5.peg.719.site.78, 1, 134, 135
537012.5.peg.719.site.79, 8, 133, 141
537012.5.peg.719.site.80, 4, 132, 136
537012.5.peg.719.site.81, 4, 131, 135
537012.5.peg.719.site.82, 7, 130, 137
537012.5.peg.719.site.83, 4, 131, 135
537012.5.peg.719.site.84, 7, 133, 140
537012.5.peg.718.site.1, 1, 128, 129
537012.5.peg.718.site.2, 2, 128, 130
537012.5.peg.718.site.3, 1, 128, 129
537012.5.peg.718.site.4, 0, 129, 129
537012.5.peg.718.site.5, 3, 131, 134
537012.5.peg.718.site.6, 16, 130, 146
537012.5.peg.718.site.7, 0, 128, 128
537012.5.peg.718.site.8, 23, 129, 152
537012.5.peg.718.site.9, 0, 129, 129
537012.5.peg.718.site.10, 0, 131, 131
537012.5.peg.718.site.11, 80, 131, 211
537012.5.peg.718.site.12, 62, 130, 192
537012.5.peg.718.site.13, 9, 130, 139
537012.5.peg.718.site.14, 9, 131, 140
537012.5.peg.718.site.15, 3, 130, 133
537012.5.peg.718.site.16, 2, 131, 133
537012.5.peg.718.site.17, 12, 131, 143
537012.5.peg.718.site.18, 0, 131, 131
537012.5.peg.718.site.19, 25, 128, 153
537012.5.peg.718.site.20, 0, 129, 129
537012.5.peg.718.site.21, 9, 128, 137
537012.5.peg.718.site.22, 11, 130, 141
537012.5.peg.718.site.23, 3, 131, 134
537012.5.peg.718.site.24, 118, 130, 248
537012.5.peg.718.site.25, 3, 131, 134
537012.5.peg.718.site.26, 1, 133, 134
537012.5.peg.718.site.27, 3, 134, 137
537012.5.peg.718.site.28, 2, 134, 136
537012.5.peg.1009.site.1, 7, 132, 139
537012.5.peg.1009.site.2, 21, 134, 155
537012.5.peg.1009.site.3, 69, 132, 201
537012.5.peg.1009.site.4, 2, 134, 136
537012.5.peg.1009.site.5, 1, 134, 135
537012.5.peg.1009.site.6, 2, 134, 136
537012.5.peg.1009.site.7, 4, 132, 136
537012.5.peg.1009.site.8, 10, 134, 144
537012.5.peg.1009.site.9, 68, 132, 200
537012.5.peg.1009.site.10, 0, 134, 134
537012.5.peg.1009.site.11, 81, 132, 213
537012.5.peg.1009.site.12, 11, 133, 144
537012.5.peg.1009.site.13, 2, 134, 136
537012.5.peg.1009.site.14, 1, 134, 135
537012.5.peg.1009.site.15, 30, 134, 164
537012.5.peg.1009.site.16, 78, 133, 211
537012.5.peg.1009.site.17, 4, 134, 138
537012.5.peg.1009.site.18, 4, 132, 136
537012.5.peg.1009.site.19, 1, 134, 135
537012.5.peg.1009.site.20, 8, 134, 142
537012.5.peg.1009.site.21, 2, 134, 136
537012.5.peg.1009.site.22, 1, 134, 135
537012.5.peg.1009.site.23, 1, 134, 135
537012.5.peg.1009.site.24, 4, 132, 136
537012.5.peg.1009.site.25, 10, 134, 144
537012.5.peg.1009.site.26, 11, 132, 143
537012.5.peg.1009.site.27, 7, 134, 141
537012.5.peg.1009.site.28, 3, 134, 137
537012.5.peg.1009.site.29, 3, 132, 135
537012.5.peg.1009.site.30, 4, 133, 137
537012.5.peg.1009.site.31, 36, 131, 167
537012.5.peg.1009.site.32, 7, 134, 141
537012.5.peg.1009.site.33, 3, 133, 136
537012.5.peg.1009.site.34, 3, 132, 135
537012.5.peg.1009.site.35, 3, 131, 134
537012.5.peg.1009.site.36, 5, 134, 139
537012.5.peg.3569.site.1, 41, 125, 166
537012.5.peg.3569.site.2, 3, 125, 128
537012.5.peg.3569.site.3, 13, 125, 138
537012.5.peg.3569.site.4, 5, 125, 130
537012.5.peg.3569.site.5, 5, 124, 129
537012.5.peg.3569.site.6, 6, 124, 130
537012.5.peg.3569.site.7, 55, 123, 178
537012.5.peg.3569.site.8, 4, 118, 122
537012.5.peg.3569.site.9, 4, 118, 122
537012.5.peg.3569.site.10, 2, 118, 120
537012.5.peg.3569.site.11, 34, 121, 155
537012.5.peg.3569.site.12, 2, 120, 122
537012.5.peg.3569.site.13, 7, 122, 129
537012.5.peg.3569.site.14, 25, 123, 148
537012.5.peg.3569.site.15, 23, 122, 145
537012.5.peg.3569.site.16, 7, 122, 129
537012.5.peg.3569.site.17, 19, 123, 142
537012.5.peg.3569.site.18, 9, 125, 134
537012.5.peg.3569.site.19, 2, 125, 127
537012.5.peg.3569.site.20, 11, 124, 135
537012.5.peg.3569.site.21, 19, 125, 144
537012.5.peg.3569.site.22, 5, 124, 129
537012.5.peg.3569.site.23, 15, 122, 137
537012.5.peg.3569.site.24, 6, 125, 131
537012.5.peg.3569.site.25, 5, 123, 128
537012.5.peg.3569.site.26, 4, 122, 126
537012.5.peg.3569.site.27, 40, 121, 161
537012.5.peg.3569.site.28, 10, 124, 134
537012.5.peg.3569.site.29, 26, 124, 150
537012.5.peg.3569.site.30, 3, 124, 127
537012.5.peg.3569.site.31, 10, 123, 133
537012.5.peg.3569.site.32, 1, 120, 121
537012.5.peg.3569.site.33, 1, 119, 120
537012.5.peg.3569.site.34, 103, 122, 225
537012.5.peg.3569.site.35, 50, 121, 171
537012.5.peg.3569.site.36, 4, 124, 128
537012.5.peg.3569.site.37, 1, 125, 126
537012.5.peg.3569.site.38, 4, 123, 127
537012.5.peg.3569.site.39, 95, 123, 218
537012.5.peg.3569.site.40, 0, 123, 123
537012.5.peg.1008.site.1, 21, 134, 155
537012.5.peg.1008.site.2, 4, 131, 135
537012.5.peg.1008.site.3, 0, 133, 133
537012.5.peg.1008.site.4, 4, 132, 136
537012.5.peg.1008.site.5, 1, 134, 135
537012.5.peg.1008.site.6, 3, 134, 137
537012.5.peg.1008.site.7, 1, 134, 135
537012.5.peg.1008.site.8, 4, 131, 135
537012.5.peg.1008.site.9, 8, 134, 142
537012.5.peg.1008.site.10, 13, 134, 147
537012.5.peg.1008.site.11, 30, 133, 163
537012.5.peg.1008.site.12, 1, 134, 135
537012.5.peg.1008.site.13, 7, 134, 141
537012.5.peg.1008.site.14, 5, 132, 137
537012.5.peg.1008.site.15, 79, 133, 212
537012.5.peg.1008.site.16, 2, 132, 134
537012.5.peg.1008.site.17, 1, 134, 135
537012.5.peg.1008.site.18, 1, 134, 135
537012.5.peg.1008.site.19, 0, 134, 134
537012.5.peg.1008.site.20, 4, 134, 138
537012.5.peg.1008.site.21, 1, 133, 134
537012.5.peg.1008.site.22, 0, 133, 133
537012.5.peg.1008.site.23, 13, 134, 147
537012.5.peg.1008.site.24, 46, 134, 180
537012.5.peg.1008.site.25, 1, 134, 135
537012.5.peg.1008.site.26, 133, 134, 267
537012.5.peg.1008.site.27, 1, 134, 135
537012.5.peg.1008.site.28, 0, 132, 132
537012.5.peg.1008.site.29, 2, 134, 136
537012.5.peg.1008.site.30, 2, 133, 135
537012.5.peg.3899.site.1, 88, 127, 215
537012.5.peg.3899.site.2, 1, 129, 130
537012.5.peg.3899.site.3, 2, 129, 131
537012.5.peg.3899.site.4, 5, 121, 126
537012.5.peg.3899.site.5, 1, 122, 123
537012.5.peg.3899.site.6, 6, 122, 128
537012.5.peg.3899.site.7, 17, 129, 146
537012.5.peg.3899.site.8, 1, 131, 132
537012.5.peg.3899.site.9, 6, 131, 137
537012.5.peg.3899.site.10, 1, 130, 131
537012.5.peg.3899.site.11, 1, 129, 130
537012.5.peg.3899.site.12, 22, 129, 151
537012.5.peg.3899.site.13, 1, 129, 130
537012.5.peg.3899.site.14, 1, 131, 132
537012.5.peg.3899.site.15, 2, 131, 133
537012.5.peg.3899.site.16, 9, 132, 141
537012.5.peg.3899.site.17, 10, 133, 143
537012.5.peg.3899.site.18, 8, 133, 141
537012.5.peg.3899.site.19, 8, 132, 140
537012.5.peg.3899.site.20, 3, 132, 135
537012.5.peg.3899.site.21, 2, 131, 133
537012.5.peg.3899.site.22, 1, 130, 131
537012.5.peg.3899.site.23, 8, 132, 140
537012.5.peg.3899.site.24, 3, 132, 135
537012.5.peg.3896.site.1, 8, 130, 138
537012.5.peg.3896.site.2, 13, 130, 143
537012.5.peg.3896.site.3, 4, 131, 135
537012.5.peg.3896.site.4, 2, 130, 132
537012.5.peg.3896.site.5, 1, 133, 134
537012.5.peg.3896.site.6, 4, 134, 138
537012.5.peg.3896.site.7, 5, 133, 138
537012.5.peg.3896.site.8, 46, 131, 177
537012.5.peg.3896.site.9, 15, 132, 147
537012.5.peg.3896.site.10, 4, 132, 136
537012.5.peg.3896.site.11, 4, 132, 136
537012.5.peg.3896.site.12, 9, 134, 143
537012.5.peg.3896.site.13, 2, 133, 135
537012.5.peg.3896.site.14, 76, 131, 207
537012.5.peg.3896.site.15, 14, 133, 147
537012.5.peg.3896.site.16, 1, 134, 135
537012.5.peg.3896.site.17, 5, 131, 136
537012.5.peg.3896.site.18, 28, 133, 161
537012.5.peg.3897.site.1, 2, 132, 134
537012.5.peg.3897.site.2, 106, 133, 239
537012.5.peg.3897.site.3, 0, 134, 134
537012.5.peg.3897.site.4, 2, 133, 135
537012.5.peg.3897.site.5, 8, 134, 142
537012.5.peg.3897.site.6, 5, 132, 137
537012.5.peg.3897.site.7, 3, 133, 136
537012.5.peg.3894.site.1, 16, 131, 147
537012.5.peg.3894.site.2, 1, 130, 131
537012.5.peg.3894.site.3, 3, 132, 135
537012.5.peg.3894.site.4, 31, 130, 161
537012.5.peg.3894.site.5, 12, 130, 142
537012.5.peg.3894.site.6, 5, 129, 134
537012.5.peg.3894.site.7, 2, 130, 132
537012.5.peg.3894.site.8, 1, 131, 132
537012.5.peg.3894.site.9, 1, 132, 133
537012.5.peg.3894.site.10, 18, 129, 147
537012.5.peg.3894.site.11, 0, 129, 129
537012.5.peg.3894.site.12, 0, 130, 130
537012.5.peg.3894.site.13, 0, 130, 130
537012.5.peg.3894.site.14, 1, 130, 131
537012.5.peg.3894.site.15, 1, 131, 132
537012.5.peg.3894.site.16, 2, 131, 133
537012.5.peg.3894.site.17, 0, 130, 130
537012.5.peg.3894.site.18, 1, 130, 131
537012.5.peg.3894.site.19, 3, 132, 135
537012.5.peg.3894.site.20, 1, 129, 130
537012.5.peg.3894.site.21, 1, 129, 130
537012.5.peg.3894.site.22, 9, 132, 141
537012.5.peg.3894.site.23, 0, 131, 131
537012.5.peg.3894.site.24, 3, 131, 134
537012.5.peg.3894.site.25, 15, 133, 148
537012.5.peg.3894.site.26, 15, 133, 148
537012.5.peg.3894.site.27, 3, 134, 137
537012.5.peg.3894.site.28, 110, 131, 241
537012.5.peg.3894.site.29, 4, 132, 136
537012.5.peg.3894.site.30, 3, 134, 137
537012.5.peg.3894.site.31, 2, 134, 136
537012.5.peg.3894.site.32, 50, 132, 182
537012.5.peg.3894.site.33, 2, 134, 136
537012.5.peg.3894.site.34, 42, 133, 175
537012.5.peg.3894.site.35, 45, 132, 177
537012.5.peg.3894.site.36, 21, 132, 153
537012.5.peg.3894.site.37, 1, 133, 134
537012.5.peg.3894.site.38, 3, 134, 137
537012.5.peg.3894.site.39, 11, 134, 145
537012.5.peg.3894.site.40, 7, 134, 141
537012.5.peg.3894.site.41, 3, 133, 136
537012.5.peg.3894.site.42, 109, 134, 243
537012.5.peg.3894.site.43, 3, 133, 136
537012.5.peg.3894.site.44, 10, 127, 137
537012.5.peg.3894.site.45, 10, 126, 136
537012.5.peg.3894.site.46, 9, 127, 136
537012.5.peg.3895.site.1, 0, 121, 121
537012.5.peg.3895.site.2, 3, 121, 124
537012.5.peg.3895.site.3, 3, 120, 123
537012.5.peg.3895.site.4, 0, 118, 118
537012.5.peg.3895.site.5, 2, 120, 122
537012.5.peg.3895.site.6, 2, 122, 124
537012.5.peg.3895.site.7, 3, 123, 126
537012.5.peg.3895.site.8, 22, 123, 145
537012.5.peg.3895.site.9, 4, 121, 125
537012.5.peg.3895.site.10, 5, 122, 127
537012.5.peg.3895.site.11, 2, 118, 120
537012.5.peg.3895.site.12, 71, 121, 192
537012.5.peg.3895.site.13, 72, 122, 194
537012.5.peg.3895.site.14, 47, 120, 167
537012.5.peg.3895.site.15, 3, 120, 123
537012.5.peg.3895.site.16, 29, 121, 150
537012.5.peg.3892.site.1, 13, 122, 135
537012.5.peg.3892.site.2, 26, 124, 150
537012.5.peg.3892.site.3, 2, 129, 131
537012.5.peg.3892.site.4, 0, 133, 133
537012.5.peg.3892.site.5, 0, 133, 133
537012.5.peg.3892.site.6, 8, 133, 141
537012.5.peg.3892.site.7, 8, 134, 142
537012.5.peg.3892.site.8, 8, 134, 142
537012.5.peg.3892.site.9, 8, 134, 142
537012.5.peg.3892.site.10, 5, 132, 137
537012.5.peg.3892.site.11, 2, 130, 132
537012.5.peg.3892.site.12, 2, 129, 131
537012.5.peg.3892.site.13, 0, 131, 131
537012.5.peg.3892.site.14, 7, 130, 137
537012.5.peg.3892.site.15, 26, 130, 156
537012.5.peg.3893.site.1, 4, 131, 135
537012.5.peg.3893.site.2, 2, 130, 132
537012.5.peg.3893.site.3, 2, 132, 134
537012.5.peg.3893.site.4, 11, 131, 142
537012.5.peg.3893.site.5, 14, 131, 145
537012.5.peg.3893.site.6, 1, 128, 129
537012.5.peg.3893.site.7, 8, 128, 136
537012.5.peg.3893.site.8, 8, 128, 136
537012.5.peg.3891.site.1, 53, 127, 180
537012.5.peg.3891.site.2, 16, 127, 143
537012.5.peg.3891.site.3, 9, 133, 142
537012.5.peg.3891.site.4, 39, 133, 172
537012.5.peg.3891.site.5, 4, 132, 136
537012.5.peg.3891.site.6, 12, 134, 146
537012.5.peg.3891.site.7, 3, 134, 137
537012.5.peg.3891.site.8, 2, 134, 136
537012.5.peg.3891.site.9, 4, 133, 137
537012.5.peg.3891.site.10, 4, 134, 138
537012.5.peg.3891.site.11, 9, 134, 143
537012.5.peg.3891.site.12, 6, 132, 138
537012.5.peg.3891.site.13, 4, 132, 136
537012.5.peg.3891.site.14, 2, 134, 136
537012.5.peg.3891.site.15, 2, 133, 135
537012.5.peg.3891.site.16, 5, 133, 138
537012.5.peg.3891.site.17, 2, 133, 135
537012.5.peg.3891.site.18, 10, 133, 143
537012.5.peg.3891.site.19, 4, 132, 136
537012.5.peg.3891.site.20, 7, 132, 139
537012.5.peg.3891.site.21, 1, 133, 134
537012.5.peg.3891.site.22, 22, 130, 152
537012.5.peg.3891.site.23, 10, 131, 141
537012.5.peg.3891.site.24, 4, 133, 137
537012.5.peg.3891.site.25, 2, 134, 136
537012.5.peg.3891.site.26, 1, 133, 134
537012.5.peg.3891.site.27, 16, 134, 150
537012.5.peg.3891.site.28, 8, 134, 142
537012.5.peg.3891.site.29, 4, 132, 136
537012.5.peg.3891.site.30, 7, 132, 139
537012.5.peg.3891.site.31, 30, 132, 162
537012.5.peg.3891.site.32, 8, 133, 141
537012.5.peg.3891.site.33, 3, 131, 134
537012.5.peg.3891.site.34, 2, 133, 135
537012.5.peg.3891.site.35, 5, 130, 135
537012.5.peg.3891.site.36, 8, 130, 138
537012.5.peg.3891.site.37, 9, 132, 141
537012.5.peg.3891.site.38, 2, 129, 131
537012.5.peg.3891.site.39, 121, 129, 250
537012.5.peg.3891.site.40, 0, 129, 129
537012.5.peg.3891.site.41, 11, 124, 135
537012.5.peg.3891.site.42, 5, 123, 128
537012.5.peg.3891.site.43, 26, 123, 149
537012.5.peg.3891.site.44, 66, 126, 192
537012.5.peg.4319.site.1, 6, 118, 124
537012.5.peg.4319.site.2, 1, 117, 118
537012.5.peg.4319.site.3, 0, 120, 120
537012.5.peg.4319.site.4, 7, 122, 129
537012.5.peg.4319.site.5, 3, 123, 126
537012.5.peg.4319.site.6, 0, 121, 121
537012.5.peg.4319.site.7, 1, 122, 123
537012.5.peg.4319.site.8, 38, 123, 161
537012.5.peg.4319.site.9, 9, 123, 132
537012.5.peg.4319.site.10, 1, 123, 124
537012.5.peg.4319.site.11, 1, 122, 123
537012.5.peg.4319.site.12, 35, 123, 158
537012.5.peg.4319.site.13, 0, 120, 120
537012.5.peg.4319.site.14, 3, 124, 127
537012.5.peg.4319.site.15, 1, 123, 124
537012.5.peg.4319.site.16, 18, 122, 140
537012.5.peg.4319.site.17, 4, 124, 128
537012.5.peg.4319.site.18, 0, 122, 122
537012.5.peg.4319.site.19, 20, 122, 142
537012.5.peg.4319.site.20, 35, 121, 156
537012.5.peg.4319.site.21, 20, 123, 143
537012.5.peg.4319.site.22, 0, 123, 123
537012.5.peg.4319.site.23, 63, 124, 187
537012.5.peg.4319.site.24, 17, 124, 141
537012.5.peg.4319.site.25, 21, 123, 144
537012.5.peg.4319.site.26, 1, 123, 124
537012.5.peg.4319.site.27, 38, 123, 161
537012.5.peg.4319.site.28, 3, 122, 125
537012.5.peg.4319.site.29, 0, 123, 123
537012.5.peg.4319.site.30, 37, 124, 161
537012.5.peg.4319.site.31, 1, 122, 123
537012.5.peg.4319.site.32, 1, 120, 121
537012.5.peg.4319.site.33, 1, 122, 123
537012.5.peg.4319.site.34, 60, 123, 183
537012.5.peg.4319.site.35, 18, 124, 142
537012.5.peg.4319.site.36, 37, 124, 161
537012.5.peg.4319.site.37, 54, 122, 176
537012.5.peg.4319.site.38, 1, 122, 123
537012.5.peg.4319.site.39, 8, 121, 129
537012.5.peg.4319.site.40, 21, 122, 143
537012.5.peg.4319.site.41, 2, 103, 105
537012.5.peg.4319.site.42, 1, 107, 108
537012.5.peg.4319.site.43, 54, 111, 165
537012.5.peg.4319.site.44, 62, 124, 186
537012.5.peg.4319.site.45, 39, 121, 160
537012.5.peg.4319.site.46, 25, 120, 145
537012.5.peg.4319.site.47, 61, 120, 181
537012.5.peg.4319.site.48, 0, 120, 120
537012.5.peg.4319.site.49, 91, 121, 212
537012.5.peg.4319.site.50, 1, 122, 123
537012.5.peg.4319.site.51, 8, 123, 131
537012.5.peg.4319.site.52, 6, 121, 127
537012.5.peg.4319.site.53, 8, 122, 130
537012.5.peg.4319.site.54, 1, 123, 124
537012.5.peg.4319.site.55, 2, 121, 123
537012.5.peg.4319.site.56, 1, 122, 123
537012.5.peg.4319.site.57, 3, 122, 125
537012.5.peg.4319.site.58, 2, 123, 125
537012.5.peg.4319.site.59, 110, 123, 233
537012.5.peg.4319.site.60, 1, 124, 125
537012.5.peg.4319.site.61, 0, 121, 121
537012.5.peg.4319.site.62, 1, 121, 122
537012.5.peg.4319.site.63, 1, 122, 123
537012.5.peg.4319.site.64, 0, 122, 122
537012.5.peg.4319.site.65, 2, 121, 123
537012.5.peg.3949.site.1, 4, 112, 116
537012.5.peg.3949.site.2, 3, 113, 116
537012.5.peg.3949.site.3, 15, 114, 129
537012.5.peg.3949.site.4, 5, 112, 117
537012.5.peg.3949.site.5, 8, 128, 136
537012.5.peg.3949.site.6, 13, 127, 140
537012.5.peg.3949.site.7, 26, 123, 149
537012.5.peg.3949.site.8, 9, 124, 133
537012.5.peg.3949.site.9, 15, 121, 136
537012.5.peg.3949.site.10, 5, 121, 126
537012.5.peg.3949.site.11, 10, 112, 122
537012.5.peg.3949.site.12, 6, 116, 122
537012.5.peg.3949.site.13, 5, 123, 128
537012.5.peg.3949.site.14, 12, 128, 140
537012.5.peg.3949.site.15, 5, 131, 136
537012.5.peg.3949.site.16, 0, 132, 132
537012.5.peg.3949.site.17, 3, 134, 137
537012.5.peg.3949.site.18, 60, 133, 193
537012.5.peg.3949.site.19, 2, 134, 136
537012.5.peg.3949.site.20, 23, 134, 157
537012.5.peg.3949.site.21, 72, 134, 206
537012.5.peg.3949.site.22, 34, 132, 166
537012.5.peg.3949.site.23, 12, 133, 145
537012.5.peg.3949.site.24, 17, 134, 151
537012.5.peg.3949.site.25, 17, 134, 151
537012.5.peg.3949.site.26, 13, 132, 145
537012.5.peg.3949.site.27, 13, 130, 143
537012.5.peg.3949.site.28, 2, 132, 134
537012.5.peg.3949.site.29, 2, 133, 135
537012.5.peg.3949.site.30, 4, 132, 136
537012.5.peg.2411.site.1, 1, 102, 103
537012.5.peg.2411.site.2, 70, 101, 171
537012.5.peg.2411.site.3, 11, 102, 113
537012.5.peg.2411.site.4, 0, 100, 100
537012.5.peg.2411.site.5, 6, 103, 109
537012.5.peg.2411.site.6, 9, 91, 100
537012.5.peg.2411.site.7, 52, 83, 135
537012.5.peg.2411.site.8, 1, 88, 89
537012.5.peg.2411.site.9, 2, 93, 95
537012.5.peg.2411.site.10, 10, 100, 110
537012.5.peg.2411.site.11, 2, 103, 105
537012.5.peg.2411.site.12, 18, 111, 129
537012.5.peg.2411.site.13, 10, 112, 122
537012.5.peg.2411.site.14, 54, 110, 164
537012.5.peg.2411.site.15, 1, 109, 110
537012.5.peg.2411.site.16, 12, 112, 124
537012.5.peg.2411.site.17, 1, 111, 112
537012.5.peg.2411.site.18, 1, 110, 111
537012.5.peg.2411.site.19, 3, 110, 113
537012.5.peg.2411.site.20, 14, 112, 126
537012.5.peg.2411.site.21, 0, 111, 111
537012.5.peg.2411.site.22, 0, 111, 111
537012.5.peg.2411.site.23, 3, 113, 116
537012.5.peg.2411.site.24, 10, 114, 124
537012.5.peg.2411.site.25, 1, 113, 114
537012.5.peg.2411.site.26, 23, 112, 135
537012.5.peg.2411.site.27, 19, 109, 128
537012.5.peg.2411.site.28, 14, 108, 122
537012.5.peg.2411.site.29, 4, 111, 115
537012.5.peg.2411.site.30, 2, 128, 130
537012.5.peg.2411.site.31, 42, 124, 166
537012.5.peg.2411.site.32, 2, 125, 127
537012.5.peg.2411.site.33, 5, 125, 130
537012.5.peg.2411.site.34, 1, 125, 126
537012.5.peg.2411.site.35, 6, 125, 131
537012.5.peg.2411.site.36, 4, 121, 125
537012.5.peg.2411.site.37, 48, 116, 164
537012.5.peg.2411.site.38, 4, 117, 121
537012.5.peg.2411.site.39, 4, 114, 118
537012.5.peg.2411.site.40, 43, 109, 152
537012.5.peg.2411.site.41, 0, 108, 108
537012.5.peg.2411.site.42, 2, 109, 111
537012.5.peg.2411.site.43, 1, 113, 114
537012.5.peg.2411.site.44, 15, 104, 119
537012.5.peg.2411.site.45, 26, 105, 131
537012.5.peg.2411.site.46, 1, 109, 110
537012.5.peg.2411.site.47, 9, 110, 119
537012.5.peg.2411.site.48, 42, 109, 151
537012.5.peg.2411.site.49, 8, 118, 126
537012.5.peg.2411.site.50, 1, 121, 122
537012.5.peg.2411.site.51, 9, 119, 128
537012.5.peg.2411.site.52, 9, 119, 128
537012.5.peg.2411.site.53, 26, 120, 146
537012.5.peg.2411.site.54, 9, 120, 129
537012.5.peg.2411.site.55, 3, 118, 121
537012.5.peg.2411.site.56, 3, 120, 123
537012.5.peg.2411.site.57, 0, 117, 117
537012.5.peg.2411.site.58, 1, 117, 118
537012.5.peg.2411.site.59, 0, 116, 116
537012.5.peg.2411.site.60, 20, 117, 137
537012.5.peg.2411.site.61, 14, 115, 129
537012.5.peg.2411.site.62, 9, 115, 124
537012.5.peg.2411.site.63, 2, 115, 117
537012.5.peg.2411.site.64, 21, 115, 136
537012.5.peg.2411.site.65, 1, 113, 114
537012.5.peg.2411.site.66, 11, 113, 124
537012.5.peg.2411.site.67, 17, 109, 126
537012.5.peg.2411.site.68, 29, 97, 126
537012.5.peg.2411.site.69, 53, 88, 141
537012.5.peg.2411.site.70, 2, 82, 84
537012.5.peg.2411.site.71, 2, 78, 80
537012.5.peg.2411.site.72, 4, 79, 83
537012.5.peg.2411.site.73, 4, 81, 85
537012.5.peg.2411.site.74, 0, 80, 80
537012.5.peg.2410.site.1, 1, 130, 131
537012.5.peg.2410.site.2, 1, 131, 132
537012.5.peg.2410.site.3, 1, 131, 132
537012.5.peg.2410.site.4, 52, 128, 180
537012.5.peg.2410.site.5, 6, 130, 136
537012.5.peg.2410.site.6, 0, 128, 128
537012.5.peg.2410.site.7, 0, 129, 129
537012.5.peg.2410.site.8, 5, 128, 133
537012.5.peg.2410.site.9, 2, 131, 133
537012.5.peg.2410.site.10, 31, 128, 159
537012.5.peg.2410.site.11, 1, 130, 131
537012.5.peg.2410.site.12, 1, 126, 127
537012.5.peg.2410.site.13, 59, 123, 182
537012.5.peg.2410.site.14, 0, 124, 124
537012.5.peg.2410.site.15, 3, 130, 133
537012.5.peg.2410.site.16, 67, 127, 194
537012.5.peg.2410.site.17, 2, 126, 128
537012.5.peg.2410.site.18, 1, 127, 128
537012.5.peg.2410.site.19, 1, 126, 127
537012.5.peg.2410.site.20, 3, 126, 129
537012.5.peg.2410.site.21, 70, 122, 192
537012.5.peg.2410.site.22, 2, 120, 122
537012.5.peg.2410.site.23, 2, 113, 115
537012.5.peg.2410.site.24, 2, 107, 109
537012.5.peg.2410.site.25, 4, 103, 107
537012.5.peg.2410.site.26, 0, 104, 104
537012.5.peg.2410.site.27, 9, 110, 119
537012.5.peg.2410.site.28, 0, 114, 114
537012.5.peg.2410.site.29, 6, 116, 122
537012.5.peg.2410.site.30, 1, 107, 108
537012.5.peg.2410.site.31, 2, 105, 107
537012.5.peg.2410.site.32, 3, 108, 111
537012.5.peg.2410.site.33, 1, 108, 109
537012.5.peg.2410.site.34, 0, 109, 109
537012.5.peg.2410.site.35, 9, 108, 117
537012.5.peg.2410.site.36, 0, 109, 109
537012.5.peg.2410.site.37, 0, 109, 109
537012.5.peg.2410.site.38, 6, 111, 117
537012.5.peg.2410.site.39, 2, 109, 111
537012.5.peg.2410.site.40, 20, 108, 128
537012.5.peg.2410.site.41, 19, 109, 128
537012.5.peg.2410.site.42, 1, 112, 113
537012.5.peg.2410.site.43, 72, 113, 185
537012.5.peg.2410.site.44, 4, 113, 117
537012.5.peg.2410.site.45, 2, 113, 115
537012.5.peg.2410.site.46, 9, 115, 124
537012.5.peg.2413.site.1, 6, 107, 113
537012.5.peg.2413.site.2, 1, 109, 110
537012.5.peg.2413.site.3, 36, 107, 143
537012.5.peg.2413.site.4, 45, 117, 162
537012.5.peg.2413.site.5, 2, 123, 125
537012.5.peg.2413.site.6, 2, 127, 129
537012.5.peg.2413.site.7, 2, 127, 129
537012.5.peg.2413.site.8, 5, 129, 134
537012.5.peg.2413.site.9, 1, 128, 129
537012.5.peg.2413.site.10, 8, 130, 138
537012.5.peg.2413.site.11, 1, 128, 129
537012.5.peg.2413.site.12, 2, 130, 132
537012.5.peg.2413.site.13, 36, 127, 163
537012.5.peg.2413.site.14, 2, 125, 127
537012.5.peg.2413.site.15, 5, 117, 122
537012.5.peg.2413.site.16, 22, 117, 139
537012.5.peg.2413.site.17, 9, 118, 127
537012.5.peg.2413.site.18, 8, 113, 121
537012.5.peg.2413.site.19, 1, 110, 111
537012.5.peg.2413.site.20, 57, 103, 160
537012.5.peg.2413.site.21, 7, 103, 110
537012.5.peg.2413.site.22, 40, 97, 137
537012.5.peg.2413.site.23, 31, 86, 117
537012.5.peg.2413.site.24, 43, 82, 125
537012.5.peg.2413.site.25, 1, 88, 89
537012.5.peg.2413.site.26, 1, 90, 91
537012.5.peg.2413.site.27, 1, 92, 93
537012.5.peg.2413.site.28, 0, 92, 92
537012.5.peg.2413.site.29, 6, 95, 101
537012.5.peg.2413.site.30, 2, 99, 101
537012.5.peg.2413.site.31, 93, 95, 188
537012.5.peg.2413.site.32, 1, 95, 96
537012.5.peg.2413.site.33, 2, 90, 92
537012.5.peg.2413.site.34, 86, 93, 179
537012.5.peg.2413.site.35, 3, 104, 107
537012.5.peg.2413.site.36, 105, 108, 213
537012.5.peg.2413.site.37, 9, 106, 115
537012.5.peg.2413.site.38, 75, 102, 177
537012.5.peg.2413.site.39, 70, 101, 171
537012.5.peg.2413.site.40, 11, 87, 98
537012.5.peg.2413.site.41, 44, 84, 128
537012.5.peg.2413.site.42, 30, 87, 117
537012.5.peg.2413.site.43, 19, 88, 107
537012.5.peg.2413.site.44, 1, 93, 94
537012.5.peg.2413.site.45, 5, 95, 100
537012.5.peg.2413.site.46, 5, 97, 102
537012.5.peg.2413.site.47, 1, 100, 101
537012.5.peg.2413.site.48, 6, 96, 102
537012.5.peg.2413.site.49, 3, 88, 91
537012.5.peg.2413.site.50, 9, 91, 100
537012.5.peg.2413.site.51, 18, 90, 108
537012.5.peg.2413.site.52, 9, 86, 95
537012.5.peg.2413.site.53, 0, 85, 85
537012.5.peg.2413.site.54, 9, 83, 92
537012.5.peg.2413.site.55, 2, 92, 94
537012.5.peg.2413.site.56, 0, 109, 109
537012.5.peg.2413.site.57, 1, 110, 111
537012.5.peg.2413.site.58, 1, 113, 114
537012.5.peg.2413.site.59, 0, 112, 112
537012.5.peg.2413.site.60, 1, 112, 113
537012.5.peg.2413.site.61, 3, 107, 110
537012.5.peg.2413.site.62, 54, 81, 135
537012.5.peg.2413.site.63, 55, 69, 124
537012.5.peg.2413.site.64, 1, 63, 64
537012.5.peg.2413.site.65, 2, 19, 21
537012.5.peg.2413.site.66, 1, 21, 22
537012.5.peg.2413.site.67, 5, 28, 33
537012.5.peg.2413.site.68, 6, 34, 40
537012.5.peg.2413.site.69, 3, 44, 47
537012.5.peg.2413.site.70, 22, 44, 66
537012.5.peg.2413.site.71, 19, 51, 70
537012.5.peg.2413.site.72, 0, 60, 60
537012.5.peg.2413.site.73, 47, 66, 113
537012.5.peg.2413.site.74, 57, 70, 127
537012.5.peg.2413.site.75, 6, 72, 78
537012.5.peg.2413.site.76, 1, 83, 84
537012.5.peg.2413.site.77, 78, 84, 162
537012.5.peg.2413.site.78, 3, 84, 87
537012.5.peg.2413.site.79, 1, 94, 95
537012.5.peg.2413.site.80, 26, 97, 123
537012.5.peg.2413.site.81, 0, 103, 103
537012.5.peg.2413.site.82, 7, 113, 120
537012.5.peg.2413.site.83, 18, 107, 125
537012.5.peg.2413.site.84, 48, 117, 165
537012.5.peg.2413.site.85, 53, 120, 173
537012.5.peg.2413.site.86, 11, 121, 132
537012.5.peg.2413.site.87, 8, 129, 137
537012.5.peg.2413.site.88, 1, 130, 131
537012.5.peg.2413.site.89, 6, 133, 139
537012.5.peg.2413.site.90, 3, 134, 137
537012.5.peg.2412.site.1, 64, 83, 147
537012.5.peg.2412.site.2, 0, 80, 80
537012.5.peg.2412.site.3, 12, 75, 87
537012.5.peg.2412.site.4, 17, 78, 95
537012.5.peg.2412.site.5, 55, 73, 128
537012.5.peg.2412.site.6, 13, 78, 91
537012.5.peg.2412.site.7, 0, 77, 77
537012.5.peg.2412.site.8, 1, 79, 80
537012.5.peg.2412.site.9, 2, 83, 85
537012.5.peg.2412.site.10, 1, 96, 97
537012.5.peg.2412.site.11, 1, 107, 108
537012.5.peg.2412.site.12, 10, 104, 114
537012.5.peg.2412.site.13, 1, 105, 106
537012.5.peg.2412.site.14, 1, 98, 99
537012.5.peg.2412.site.15, 20, 99, 119
537012.5.peg.2412.site.16, 32, 99, 131
537012.5.peg.2412.site.17, 20, 105, 125
537012.5.peg.2412.site.18, 47, 105, 152
537012.5.peg.2412.site.19, 10, 108, 118
537012.5.peg.2412.site.20, 12, 103, 115
537012.5.peg.2412.site.21, 2, 97, 99
537012.5.peg.2412.site.22, 19, 97, 116
537012.5.peg.2412.site.23, 2, 97, 99
537012.5.peg.2412.site.24, 1, 97, 98
537012.5.peg.2412.site.25, 21, 99, 120
537012.5.peg.2412.site.26, 16, 101, 117
537012.5.peg.2412.site.27, 8, 103, 111
537012.5.peg.2412.site.28, 8, 105, 113
537012.5.peg.2412.site.29, 2, 110, 112
537012.5.peg.2412.site.30, 9, 114, 123
537012.5.peg.2412.site.31, 2, 126, 128
537012.5.peg.2412.site.32, 1, 124, 125
537012.5.peg.2412.site.33, 0, 122, 122
537012.5.peg.2412.site.34, 0, 122, 122
537012.5.peg.2412.site.35, 1, 126, 127
537012.5.peg.2412.site.36, 0, 119, 119
537012.5.peg.2412.site.37, 0, 108, 108
537012.5.peg.2412.site.38, 74, 93, 167
537012.5.peg.2412.site.39, 5, 102, 107
537012.5.peg.2412.site.40, 0, 100, 100
537012.5.peg.2412.site.41, 19, 102, 121
537012.5.peg.2415.site.1, 2, 116, 118
537012.5.peg.2415.site.2, 2, 119, 121
537012.5.peg.2415.site.3, 30, 117, 147
537012.5.peg.2415.site.4, 1, 126, 127
537012.5.peg.2415.site.5, 61, 126, 187
537012.5.peg.2415.site.6, 0, 115, 115
537012.5.peg.2415.site.7, 1, 110, 111
537012.5.peg.2415.site.8, 20, 102, 122
537012.5.peg.2415.site.9, 1, 102, 103
537012.5.peg.2415.site.10, 2, 110, 112
537012.5.peg.2415.site.11, 30, 104, 134
537012.5.peg.2415.site.12, 7, 106, 113
537012.5.peg.2415.site.13, 0, 105, 105
537012.5.peg.2415.site.14, 10, 103, 113
537012.5.peg.2415.site.15, 12, 88, 100
537012.5.peg.2415.site.16, 29, 88, 117
537012.5.peg.2415.site.17, 53, 88, 141
537012.5.peg.2415.site.18, 7, 92, 99
537012.5.peg.2415.site.19, 51, 97, 148
537012.5.peg.2415.site.20, 21, 98, 119
537012.5.peg.2415.site.21, 7, 97, 104
537012.5.peg.2415.site.22, 12, 90, 102
537012.5.peg.2415.site.23, 7, 94, 101
537012.5.peg.2415.site.24, 6, 93, 99
537012.5.peg.2415.site.25, 0, 90, 90
537012.5.peg.2415.site.26, 1, 93, 94
537012.5.peg.2415.site.27, 26, 91, 117
537012.5.peg.2415.site.28, 2, 86, 88
537012.5.peg.2415.site.29, 3, 85, 88
537012.5.peg.2415.site.30, 3, 77, 80
537012.5.peg.2415.site.31, 1, 79, 80
537012.5.peg.2415.site.32, 10, 77, 87
537012.5.peg.2415.site.33, 45, 68, 113
537012.5.peg.2415.site.34, 12, 64, 76
537012.5.peg.2415.site.35, 42, 66, 108
537012.5.peg.2415.site.36, 2, 76, 78
537012.5.peg.2415.site.37, 1, 74, 75
537012.5.peg.2415.site.38, 3, 85, 88
537012.5.peg.2415.site.39, 6, 86, 92
537012.5.peg.2415.site.40, 17, 86, 103
537012.5.peg.2415.site.41, 54, 85, 139
537012.5.peg.2415.site.42, 5, 86, 91
537012.5.peg.2415.site.43, 2, 85, 87
537012.5.peg.2415.site.44, 5, 90, 95
537012.5.peg.2415.site.45, 33, 89, 122
537012.5.peg.2415.site.46, 5, 92, 97
537012.5.peg.2415.site.47, 6, 100, 106
537012.5.peg.2415.site.48, 3, 102, 105
537012.5.peg.2415.site.49, 25, 98, 123
537012.5.peg.2415.site.50, 28, 97, 125
537012.5.peg.2415.site.51, 60, 95, 155
537012.5.peg.2415.site.52, 7, 94, 101
537012.5.peg.2415.site.53, 22, 92, 114
537012.5.peg.2415.site.54, 6, 95, 101
537012.5.peg.2415.site.55, 1, 99, 100
537012.5.peg.2415.site.56, 17, 112, 129
537012.5.peg.2416.site.1, 1, 113, 114
537012.5.peg.2416.site.2, 0, 112, 112
537012.5.peg.2416.site.3, 0, 112, 112
537012.5.peg.2416.site.4, 5, 84, 89
537012.5.peg.2416.site.5, 48, 83, 131
537012.5.peg.2416.site.6, 4, 93, 97
537012.5.peg.2416.site.7, 28, 94, 122
537012.5.peg.2416.site.8, 33, 100, 133
537012.5.peg.2416.site.9, 23, 96, 119
537012.5.peg.2416.site.10, 42, 100, 142
537012.5.peg.2416.site.11, 59, 96, 155
537012.5.peg.2416.site.12, 22, 96, 118
537012.5.peg.2416.site.13, 91, 98, 189
537012.5.peg.2416.site.14, 15, 85, 100
537012.5.peg.2416.site.15, 9, 86, 95
537012.5.peg.2416.site.16, 36, 83, 119
537012.5.peg.2416.site.17, 21, 82, 103
537012.5.peg.2416.site.18, 19, 78, 97
537012.5.peg.2416.site.19, 6, 68, 74
537012.5.peg.2416.site.20, 4, 71, 75
537012.5.peg.2416.site.21, 4, 71, 75
537012.5.peg.2416.site.22, 1, 68, 69
537012.5.peg.2416.site.23, 23, 63, 86
537012.5.peg.2416.site.24, 1, 72, 73
537012.5.peg.2416.site.25, 33, 78, 111
537012.5.peg.2416.site.26, 7, 83, 90
537012.5.peg.2416.site.27, 8, 84, 92
537012.5.peg.2416.site.28, 11, 87, 98
537012.5.peg.2416.site.29, 2, 89, 91
537012.5.peg.2416.site.30, 1, 92, 93
537012.5.peg.2416.site.31, 2, 82, 84
537012.5.peg.2416.site.32, 2, 79, 81
537012.5.peg.2416.site.33, 1, 79, 80
537012.5.peg.2416.site.34, 2, 75, 77
537012.5.peg.2416.site.35, 43, 76, 119
537012.5.peg.2416.site.36, 44, 76, 120
537012.5.peg.2416.site.37, 2, 88, 90
537012.5.peg.2416.site.38, 55, 78, 133
537012.5.peg.2416.site.39, 0, 98, 98
537012.5.peg.2416.site.40, 3, 100, 103
537012.5.peg.2416.site.41, 3, 102, 105
537012.5.peg.2416.site.42, 36, 106, 142
537012.5.peg.2416.site.43, 18, 108, 126
537012.5.peg.2416.site.44, 3, 110, 113
537012.5.peg.2416.site.45, 26, 103, 129
537012.5.peg.2416.site.46, 1, 101, 102
537012.5.peg.2416.site.47, 29, 104, 133
537012.5.peg.2416.site.48, 1, 102, 103
537012.5.peg.2416.site.49, 27, 106, 133
537012.5.peg.2416.site.50, 42, 108, 150
537012.5.peg.3140.site.1, 7, 134, 141
537012.5.peg.3140.site.2, 20, 134, 154
537012.5.peg.3140.site.3, 11, 134, 145
537012.5.peg.3140.site.4, 0, 134, 134
537012.5.peg.3140.site.5, 34, 134, 168
537012.5.peg.3140.site.6, 7, 133, 140
537012.5.peg.3140.site.7, 20, 132, 152
537012.5.peg.3140.site.8, 48, 132, 180
537012.5.peg.3140.site.9, 56, 133, 189
537012.5.peg.3140.site.10, 1, 134, 135
537012.5.peg.3140.site.11, 8, 133, 141
537012.5.peg.3140.site.12, 69, 132, 201
537012.5.peg.3140.site.13, 1, 134, 135
537012.5.peg.3140.site.14, 48, 133, 181
537012.5.peg.3140.site.15, 20, 134, 154
537012.5.peg.3140.site.16, 10, 134, 144
537012.5.peg.3140.site.17, 22, 134, 156
537012.5.peg.3140.site.18, 3, 133, 136
537012.5.peg.3140.site.19, 0, 130, 130
537012.5.peg.3140.site.20, 12, 130, 142
537012.5.peg.3140.site.21, 1, 130, 131
537012.5.peg.3140.site.22, 8, 130, 138
537012.5.peg.3140.site.23, 6, 131, 137
537012.5.peg.3140.site.24, 3, 132, 135
537012.5.peg.3140.site.25, 6, 133, 139
537012.5.peg.3140.site.26, 2, 134, 136
537012.5.peg.3140.site.27, 6, 134, 140
537012.5.peg.3140.site.28, 68, 134, 202
537012.5.peg.3140.site.29, 38, 132, 170
537012.5.peg.3140.site.30, 50, 133, 183
537012.5.peg.3140.site.31, 3, 133, 136
537012.5.peg.3140.site.32, 22, 132, 154
537012.5.peg.3140.site.33, 27, 131, 158
537012.5.peg.3140.site.34, 0, 131, 131
537012.5.peg.3140.site.35, 20, 130, 150
537012.5.peg.3140.site.36, 12, 131, 143
537012.5.peg.3140.site.37, 10, 134, 144
537012.5.peg.3140.site.38, 20, 134, 154
537012.5.peg.3140.site.39, 10, 134, 144
537012.5.peg.3140.site.40, 7, 133, 140
537012.5.peg.3140.site.41, 4, 134, 138
537012.5.peg.3140.site.42, 1, 134, 135
537012.5.peg.2418.site.1, 3, 116, 119
537012.5.peg.2418.site.2, 3, 116, 119
537012.5.peg.2418.site.3, 5, 119, 124
537012.5.peg.2418.site.4, 4, 119, 123
537012.5.peg.2418.site.5, 2, 112, 114
537012.5.peg.2418.site.6, 4, 117, 121
537012.5.peg.2418.site.7, 1, 123, 124
537012.5.peg.2418.site.8, 31, 123, 154
537012.5.peg.2418.site.9, 4, 121, 125
537012.5.peg.2418.site.10, 3, 121, 124
537012.5.peg.2418.site.11, 1, 119, 120
537012.5.peg.3414.site.1, 3, 12, 15
537012.5.peg.3414.site.2, 3, 78, 81
537012.5.peg.3414.site.3, 50, 77, 127
537012.5.peg.3414.site.4, 43, 80, 123
537012.5.peg.3414.site.5, 1, 76, 77
537012.5.peg.3414.site.6, 2, 77, 79
537012.5.peg.3414.site.7, 1, 75, 76
537012.5.peg.3414.site.8, 2, 74, 76
537012.5.peg.3414.site.9, 11, 76, 87
537012.5.peg.3414.site.10, 1, 76, 77
537012.5.peg.3414.site.11, 1, 76, 77
537012.5.peg.3414.site.12, 3, 78, 81
537012.5.peg.3414.site.13, 6, 79, 85
537012.5.peg.3414.site.14, 4, 77, 81
537012.5.peg.3414.site.15, 1, 77, 78
537012.5.peg.3414.site.16, 3, 77, 80
537012.5.peg.3414.site.17, 11, 79, 90
537012.5.peg.3414.site.18, 25, 75, 100
537012.5.peg.3414.site.19, 2, 78, 80
537012.5.peg.3414.site.20, 1, 79, 80
537012.5.peg.3414.site.21, 3, 76, 79
537012.5.peg.3414.site.22, 12, 78, 90
537012.5.peg.3414.site.23, 16, 79, 95
537012.5.peg.3414.site.24, 16, 76, 92
537012.5.peg.3414.site.25, 12, 76, 88
537012.5.peg.3414.site.26, 1, 75, 76
537012.5.peg.3414.site.27, 19, 73, 92
537012.5.peg.3414.site.28, 1, 74, 75
537012.5.peg.3414.site.29, 66, 77, 143
537012.5.peg.3414.site.30, 2, 75, 77
537012.5.peg.3414.site.31, 52, 77, 129
537012.5.peg.3414.site.32, 1, 77, 78
537012.5.peg.3414.site.33, 1, 76, 77
537012.5.peg.3414.site.34, 1, 77, 78
537012.5.peg.3414.site.35, 1, 77, 78
537012.5.peg.3414.site.36, 76, 77, 153
537012.5.peg.3414.site.37, 1, 75, 76
537012.5.peg.3414.site.38, 0, 74, 74
537012.5.peg.3414.site.39, 7, 76, 83
537012.5.peg.3414.site.40, 2, 77, 79
537012.5.peg.3414.site.41, 2, 79, 81
537012.5.peg.3414.site.42, 6, 79, 85
537012.5.peg.3414.site.43, 11, 90, 101
537012.5.peg.3414.site.44, 3, 91, 94
537012.5.peg.3414.site.45, 30, 92, 122
537012.5.peg.3414.site.46, 3, 95, 98
537012.5.peg.3414.site.47, 0, 95, 95
537012.5.peg.3414.site.48, 0, 101, 101
537012.5.peg.3414.site.49, 6, 99, 105
537012.5.peg.3414.site.50, 2, 95, 97
537012.5.peg.3414.site.51, 1, 95, 96
537012.5.peg.3414.site.52, 11, 95, 106
537012.5.peg.3414.site.53, 1, 94, 95
537012.5.peg.3414.site.54, 20, 87, 107
537012.5.peg.4325.site.1, 4, 43, 47
537012.5.peg.4325.site.2, 0, 69, 69
537012.5.peg.4325.site.3, 3, 77, 80
537012.5.peg.4325.site.4, 5, 86, 91
537012.5.peg.4325.site.5, 2, 104, 106
537012.5.peg.4325.site.6, 2, 117, 119
537012.5.peg.4325.site.7, 2, 116, 118
537012.5.peg.4325.site.8, 2, 119, 121
537012.5.peg.4325.site.9, 4, 121, 125
537012.5.peg.4325.site.10, 2, 118, 120
537012.5.peg.4325.site.11, 9, 122, 131
537012.5.peg.4325.site.12, 8, 121, 129
537012.5.peg.4325.site.13, 4, 123, 127
537012.5.peg.4325.site.14, 7, 123, 130
537012.5.peg.4325.site.15, 3, 126, 129
537012.5.peg.4325.site.16, 7, 127, 134
537012.5.peg.4325.site.17, 3, 128, 131
537012.5.peg.4325.site.18, 0, 128, 128
537012.5.peg.4325.site.19, 18, 127, 145
537012.5.peg.4325.site.20, 15, 131, 146
537012.5.peg.4325.site.21, 7, 130, 137
537012.5.peg.4325.site.22, 2, 129, 131
537012.5.peg.4325.site.23, 2, 129, 131
537012.5.peg.4325.site.24, 1, 129, 130
537012.5.peg.4325.site.25, 27, 129, 156
537012.5.peg.4325.site.26, 2, 131, 133
537012.5.peg.4325.site.27, 3, 130, 133
537012.5.peg.4325.site.28, 7, 128, 135
537012.5.peg.4325.site.29, 2, 128, 130
537012.5.peg.4325.site.30, 1, 120, 121
537012.5.peg.4325.site.31, 18, 120, 138
537012.5.peg.4325.site.32, 6, 122, 128
537012.5.peg.4325.site.33, 0, 123, 123
537012.5.peg.4325.site.34, 2, 127, 129
537012.5.peg.4325.site.35, 2, 131, 133
537012.5.peg.4325.site.36, 2, 131, 133
537012.5.peg.4325.site.37, 4, 120, 124
537012.5.peg.4325.site.38, 2, 118, 120
537012.5.peg.4325.site.39, 1, 121, 122
537012.5.peg.4325.site.40, 3, 125, 128
537012.5.peg.4325.site.41, 3, 127, 130
537012.5.peg.4325.site.42, 3, 125, 128
537012.5.peg.4325.site.43, 1, 125, 126
537012.5.peg.4325.site.44, 84, 110, 194
537012.5.peg.4325.site.45, 2, 114, 116
537012.5.peg.4325.site.46, 1, 114, 115
537012.5.peg.4325.site.47, 6, 110, 116
537012.5.peg.4325.site.48, 4, 111, 115
537012.5.peg.4325.site.49, 0, 118, 118
537012.5.peg.4324.site.1, 1, 114, 115
537012.5.peg.4324.site.2, 1, 110, 111
537012.5.peg.4324.site.3, 0, 113, 113
537012.5.peg.4324.site.4, 1, 105, 106
537012.5.peg.4324.site.5, 3, 94, 97
537012.5.peg.4324.site.6, 5, 86, 91
537012.5.peg.4324.site.7, 1, 83, 84
537012.5.peg.4324.site.8, 3, 82, 85
537012.5.peg.4324.site.9, 33, 81, 114
537012.5.peg.4324.site.10, 3, 96, 99
537012.5.peg.4324.site.11, 20, 87, 107
537012.5.peg.4324.site.12, 0, 87, 87
537012.5.peg.4327.site.1, 1, 132, 133
537012.5.peg.4327.site.2, 2, 133, 135
537012.5.peg.4327.site.3, 23, 132, 155
537012.5.peg.4327.site.4, 5, 133, 138
537012.5.peg.4327.site.5, 14, 134, 148
537012.5.peg.4327.site.6, 11, 131, 142
537012.5.peg.4327.site.7, 59, 131, 190
537012.5.peg.4327.site.8, 5, 133, 138
537012.5.peg.4327.site.9, 6, 133, 139
537012.5.peg.4327.site.10, 8, 134, 142
537012.5.peg.4327.site.11, 1, 133, 134
537012.5.peg.4327.site.12, 8, 134, 142
537012.5.peg.4327.site.13, 11, 132, 143
537012.5.peg.4327.site.14, 3, 133, 136
537012.5.peg.4327.site.15, 19, 128, 147
537012.5.peg.4327.site.16, 20, 129, 149
537012.5.peg.4327.site.17, 1, 132, 133
537012.5.peg.4327.site.18, 6, 132, 138
537012.5.peg.4327.site.19, 4, 132, 136
537012.5.peg.4327.site.20, 20, 131, 151
537012.5.peg.4327.site.21, 11, 132, 143
537012.5.peg.4327.site.22, 14, 130, 144
537012.5.peg.4327.site.23, 24, 129, 153
537012.5.peg.4327.site.24, 5, 121, 126
537012.5.peg.4327.site.25, 9, 130, 139
537012.5.peg.4327.site.26, 4, 130, 134
537012.5.peg.4327.site.27, 5, 132, 137
537012.5.peg.4327.site.28, 0, 133, 133
537012.5.peg.4326.site.1, 72, 120, 192
537012.5.peg.4326.site.2, 80, 132, 212
537012.5.peg.4326.site.3, 18, 133, 151
537012.5.peg.4326.site.4, 2, 129, 131
537012.5.peg.4326.site.5, 2, 128, 130
537012.5.peg.4326.site.6, 6, 129, 135
537012.5.peg.4326.site.7, 25, 125, 150
537012.5.peg.4326.site.8, 23, 128, 151
537012.5.peg.4326.site.9, 11, 128, 139
537012.5.peg.4326.site.10, 13, 125, 138
537012.5.peg.4326.site.11, 5, 118, 123
537012.5.peg.4326.site.12, 2, 121, 123
537012.5.peg.4326.site.13, 43, 125, 168
537012.5.peg.4326.site.14, 13, 128, 141
537012.5.peg.4326.site.15, 37, 132, 169
537012.5.peg.4326.site.16, 13, 133, 146
537012.5.peg.4326.site.17, 2, 134, 136
537012.5.peg.4326.site.18, 4, 134, 138
537012.5.peg.4326.site.19, 7, 131, 138
537012.5.peg.4326.site.20, 11, 132, 143
537012.5.peg.4326.site.21, 15, 129, 144
537012.5.peg.4326.site.22, 12, 133, 145
537012.5.peg.4326.site.23, 7, 132, 139
537012.5.peg.4326.site.24, 2, 131, 133
537012.5.peg.4326.site.25, 3, 133, 136
537012.5.peg.4326.site.26, 4, 131, 135
537012.5.peg.4326.site.27, 18, 132, 150
537012.5.peg.4326.site.28, 3, 132, 135
537012.5.peg.4326.site.29, 8, 130, 138
537012.5.peg.4326.site.30, 0, 134, 134
537012.5.peg.4326.site.31, 24, 132, 156
537012.5.peg.4326.site.32, 18, 127, 145
537012.5.peg.4326.site.33, 11, 124, 135
537012.5.peg.4326.site.34, 3, 122, 125
537012.5.peg.4326.site.35, 12, 120, 132
537012.5.peg.4326.site.36, 6, 126, 132
537012.5.peg.4326.site.37, 0, 122, 122
537012.5.peg.4326.site.38, 0, 122, 122
537012.5.peg.4326.site.39, 1, 124, 125
537012.5.peg.4326.site.40, 6, 107, 113
537012.5.peg.4326.site.41, 6, 104, 110
537012.5.peg.4326.site.42, 0, 106, 106
537012.5.peg.4326.site.43, 1, 107, 108
537012.5.peg.4326.site.44, 3, 112, 115
537012.5.peg.4326.site.45, 0, 113, 113
537012.5.peg.4326.site.46, 3, 114, 117
537012.5.peg.4326.site.47, 1, 114, 115
537012.5.peg.1948.site.1, 31, 124, 155
537012.5.peg.1948.site.2, 4, 124, 128
537012.5.peg.1948.site.3, 6, 122, 128
537012.5.peg.1948.site.4, 14, 123, 137
537012.5.peg.1948.site.5, 4, 124, 128
537012.5.peg.1948.site.6, 68, 123, 191
537012.5.peg.1948.site.7, 77, 124, 201
537012.5.peg.1948.site.8, 77, 124, 201
537012.5.peg.1948.site.9, 5, 123, 128
537012.5.peg.1948.site.10, 34, 124, 158
537012.5.peg.1948.site.11, 11, 124, 135
537012.5.peg.1948.site.12, 17, 124, 141
537012.5.peg.1948.site.13, 22, 124, 146
537012.5.peg.1948.site.14, 36, 123, 159
537012.5.peg.1948.site.15, 0, 123, 123
537012.5.peg.1948.site.16, 0, 123, 123
537012.5.peg.1948.site.17, 56, 125, 181
537012.5.peg.1948.site.18, 4, 127, 131
537012.5.peg.1948.site.19, 19, 126, 145
537012.5.peg.1948.site.20, 1, 129, 130
537012.5.peg.1948.site.21, 5, 129, 134
537012.5.peg.1948.site.22, 4, 128, 132
537012.5.peg.1948.site.23, 1, 129, 130
537012.5.peg.1948.site.24, 10, 126, 136
537012.5.peg.1948.site.25, 0, 128, 128
537012.5.peg.1948.site.26, 6, 129, 135
537012.5.peg.1948.site.27, 1, 129, 130
537012.5.peg.1948.site.28, 5, 130, 135
537012.5.peg.1948.site.29, 5, 130, 135
537012.5.peg.1948.site.30, 5, 130, 135
537012.5.peg.1948.site.31, 5, 130, 135
537012.5.peg.1948.site.32, 0, 128, 128
537012.5.peg.1948.site.33, 1, 128, 129
537012.5.peg.1948.site.34, 3, 127, 130
537012.5.peg.1948.site.35, 2, 127, 129
537012.5.peg.1948.site.36, 3, 126, 129
537012.5.peg.1948.site.37, 3, 126, 129
537012.5.peg.1948.site.38, 45, 123, 168
537012.5.peg.1948.site.39, 6, 126, 132
537012.5.peg.1948.site.40, 5, 127, 132
537012.5.peg.1948.site.41, 9, 127, 136
537012.5.peg.1948.site.42, 1, 129, 130
537012.5.peg.1948.site.43, 3, 127, 130
537012.5.peg.1948.site.44, 6, 125, 131
537012.5.peg.1948.site.45, 1, 124, 125
537012.5.peg.1948.site.46, 13, 121, 134
537012.5.peg.1948.site.47, 2, 123, 125
537012.5.peg.1948.site.48, 3, 125, 128
537012.5.peg.1948.site.49, 1, 124, 125
537012.5.peg.1948.site.50, 20, 114, 134
537012.5.peg.1948.site.51, 2, 113, 115
537012.5.peg.1948.site.52, 0, 121, 121
537012.5.peg.1948.site.53, 36, 107, 143
537012.5.peg.1948.site.54, 2, 109, 111
537012.5.peg.1948.site.55, 3, 114, 117
537012.5.peg.1948.site.56, 28, 117, 145
537012.5.peg.1948.site.57, 1, 117, 118
537012.5.peg.1948.site.58, 36, 116, 152
537012.5.peg.1948.site.59, 10, 119, 129
537012.5.peg.1948.site.60, 5, 123, 128
537012.5.peg.1948.site.61, 21, 125, 146
537012.5.peg.1948.site.62, 6, 125, 131
537012.5.peg.1948.site.63, 2, 126, 128
537012.5.peg.1948.site.64, 2, 126, 128
537012.5.peg.1948.site.65, 7, 125, 132
537012.5.peg.1948.site.66, 6, 130, 136
537012.5.peg.1948.site.67, 51, 125, 176
537012.5.peg.1948.site.68, 27, 125, 152
537012.5.peg.1948.site.69, 6, 121, 127
537012.5.peg.1948.site.70, 3, 126, 129
537012.5.peg.1948.site.71, 6, 129, 135
537012.5.peg.1948.site.72, 5, 128, 133
537012.5.peg.1948.site.73, 6, 125, 131
537012.5.peg.1948.site.74, 1, 126, 127
537012.5.peg.1948.site.75, 6, 126, 132
537012.5.peg.1948.site.76, 4, 124, 128
537012.5.peg.1948.site.77, 4, 128, 132
537012.5.peg.1948.site.78, 4, 125, 129
537012.5.peg.1948.site.79, 32, 133, 165
537012.5.peg.1948.site.80, 9, 134, 143
537012.5.peg.1948.site.81, 4, 131, 135
537012.5.peg.1948.site.82, 9, 134, 143
537012.5.peg.1948.site.83, 9, 133, 142
537012.5.peg.1948.site.84, 30, 133, 163
537012.5.peg.1948.site.85, 1, 130, 131
537012.5.peg.1948.site.86, 3, 130, 133
537012.5.peg.1948.site.87, 3, 129, 132
537012.5.peg.1948.site.88, 1, 130, 131
537012.5.peg.1948.site.89, 2, 128, 130
537012.5.peg.1948.site.90, 5, 126, 131
537012.5.peg.1948.site.91, 21, 123, 144
537012.5.peg.1948.site.92, 6, 126, 132
537012.5.peg.1948.site.93, 48, 126, 174
537012.5.peg.1948.site.94, 4, 129, 133
537012.5.peg.1948.site.95, 2, 128, 130
537012.5.peg.1948.site.96, 4, 125, 129
537012.5.peg.1948.site.97, 8, 125, 133
537012.5.peg.1948.site.98, 2, 125, 127
537012.5.peg.1948.site.99, 7, 125, 132
537012.5.peg.1949.site.1, 1, 123, 124
537012.5.peg.1949.site.2, 1, 129, 130
537012.5.peg.1949.site.3, 3, 130, 133
537012.5.peg.1949.site.4, 24, 129, 153
537012.5.peg.1949.site.5, 4, 129, 133
537012.5.peg.1949.site.6, 5, 129, 134
537012.5.peg.1949.site.7, 5, 129, 134
537012.5.peg.1949.site.8, 0, 127, 127
537012.5.peg.1949.site.9, 1, 129, 130
537012.5.peg.1949.site.10, 3, 126, 129
537012.5.peg.1949.site.11, 49, 119, 168
537012.5.peg.1949.site.12, 1, 124, 125
537012.5.peg.1949.site.13, 13, 128, 141
537012.5.peg.1949.site.14, 2, 128, 130
537012.5.peg.1949.site.15, 1, 128, 129
537012.5.peg.1949.site.16, 1, 128, 129
537012.5.peg.1949.site.17, 2, 128, 130
537012.5.peg.1949.site.18, 2, 124, 126
537012.5.peg.1949.site.19, 0, 123, 123
537012.5.peg.1949.site.20, 52, 121, 173
537012.5.peg.1949.site.21, 5, 125, 130
537012.5.peg.1949.site.22, 2, 115, 117
537012.5.peg.1949.site.23, 1, 131, 132
537012.5.peg.1949.site.24, 2, 133, 135
537012.5.peg.1949.site.25, 1, 133, 134
537012.5.peg.1949.site.26, 0, 130, 130
537012.5.peg.1949.site.27, 4, 129, 133
537012.5.peg.1949.site.28, 10, 126, 136
537012.5.peg.1949.site.29, 36, 128, 164
537012.5.peg.1949.site.30, 81, 127, 208
537012.5.peg.1949.site.31, 3, 121, 124
537012.5.peg.1949.site.32, 1, 129, 130
537012.5.peg.1949.site.33, 7, 127, 134
537012.5.peg.1949.site.34, 69, 129, 198
537012.5.peg.1949.site.35, 6, 130, 136
537012.5.peg.1949.site.36, 3, 129, 132
537012.5.peg.1949.site.37, 5, 128, 133
537012.5.peg.1949.site.38, 5, 128, 133
537012.5.peg.1949.site.39, 3, 123, 126
537012.5.peg.1949.site.40, 39, 126, 165
537012.5.peg.1949.site.41, 6, 129, 135
537012.5.peg.1946.site.1, 21, 123, 144
537012.5.peg.1946.site.2, 3, 124, 127
537012.5.peg.1946.site.3, 6, 124, 130
537012.5.peg.1946.site.4, 37, 123, 160
537012.5.peg.1946.site.5, 28, 122, 150
537012.5.peg.1946.site.6, 10, 124, 134
537012.5.peg.1946.site.7, 4, 122, 126
537012.5.peg.1946.site.8, 5, 123, 128
537012.5.peg.1946.site.9, 5, 121, 126
537012.5.peg.1946.site.10, 33, 119, 152
537012.5.peg.1946.site.11, 79, 124, 203
537012.5.peg.1946.site.12, 2, 125, 127
537012.5.peg.1946.site.13, 3, 126, 129
537012.5.peg.1946.site.14, 2, 133, 135
537012.5.peg.1946.site.15, 10, 134, 144
537012.5.peg.1946.site.16, 9, 133, 142
537012.5.peg.1946.site.17, 2, 126, 128
537012.5.peg.1946.site.18, 4, 128, 132
537012.5.peg.1946.site.19, 4, 128, 132
537012.5.peg.1946.site.20, 14, 130, 144
537012.5.peg.1946.site.21, 11, 134, 145
537012.5.peg.1946.site.22, 10, 134, 144
537012.5.peg.1946.site.23, 1, 134, 135
537012.5.peg.1946.site.24, 10, 134, 144
537012.5.peg.1947.site.1, 6, 123, 129
537012.5.peg.1947.site.2, 0, 123, 123
537012.5.peg.1947.site.3, 35, 123, 158
537012.5.peg.1947.site.4, 39, 123, 162
537012.5.peg.1947.site.5, 122, 124, 246
537012.5.peg.1947.site.6, 3, 124, 127
537012.5.peg.1947.site.7, 41, 124, 165
537012.5.peg.1947.site.8, 4, 122, 126
537012.5.peg.1947.site.9, 46, 123, 169
537012.5.peg.1947.site.10, 2, 128, 130
537012.5.peg.1947.site.11, 5, 130, 135
537012.5.peg.1947.site.12, 8, 131, 139
537012.5.peg.1947.site.13, 1, 134, 135
537012.5.peg.1947.site.14, 10, 134, 144
537012.5.peg.1947.site.15, 2, 134, 136
537012.5.peg.1947.site.16, 3, 134, 137
537012.5.peg.1947.site.17, 10, 134, 144
537012.5.peg.1947.site.18, 7, 129, 136
537012.5.peg.1947.site.19, 7, 130, 137
537012.5.peg.1947.site.20, 7, 131, 138
537012.5.peg.1947.site.21, 2, 130, 132
537012.5.peg.1947.site.22, 2, 130, 132
537012.5.peg.1947.site.23, 1, 127, 128
537012.5.peg.1947.site.24, 3, 122, 125
537012.5.peg.1947.site.25, 1, 125, 126
537012.5.peg.1947.site.26, 1, 125, 126
537012.5.peg.1947.site.27, 3, 125, 128
537012.5.peg.1947.site.28, 3, 125, 128
537012.5.peg.1947.site.29, 2, 126, 128
537012.5.peg.1947.site.30, 1, 125, 126
537012.5.peg.3781.site.1, 37, 128, 165
537012.5.peg.3781.site.2, 3, 132, 135
537012.5.peg.3781.site.3, 5, 133, 138
537012.5.peg.3781.site.4, 5, 132, 137
537012.5.peg.3781.site.5, 12, 132, 144
537012.5.peg.3781.site.6, 1, 134, 135
537012.5.peg.3781.site.7, 3, 134, 137
537012.5.peg.3781.site.8, 26, 131, 157
537012.5.peg.3781.site.9, 2, 133, 135
537012.5.peg.3781.site.10, 2, 133, 135
537012.5.peg.3781.site.11, 11, 132, 143
537012.5.peg.3781.site.12, 1, 134, 135
537012.5.peg.3781.site.13, 102, 134, 236
537012.5.peg.3781.site.14, 3, 131, 134
537012.5.peg.3781.site.15, 77, 133, 210
537012.5.peg.3781.site.16, 1, 132, 133
537012.5.peg.3781.site.17, 7, 132, 139
537012.5.peg.3781.site.18, 1, 129, 130
537012.5.peg.3781.site.19, 6, 127, 133
537012.5.peg.3781.site.20, 12, 131, 143
537012.5.peg.3781.site.21, 1, 131, 132
537012.5.peg.3781.site.22, 3, 131, 134
537012.5.peg.3781.site.23, 3, 133, 136
537012.5.peg.3781.site.24, 3, 134, 137
537012.5.peg.3781.site.25, 1, 134, 135
537012.5.peg.3781.site.26, 4, 133, 137
537012.5.peg.3781.site.27, 4, 133, 137
537012.5.peg.3781.site.28, 8, 133, 141
537012.5.peg.3781.site.29, 8, 133, 141
537012.5.peg.3781.site.30, 4, 134, 138
537012.5.peg.3781.site.31, 127, 133, 260
537012.5.peg.3781.site.32, 4, 132, 136
537012.5.peg.3781.site.33, 11, 133, 144
537012.5.peg.3781.site.34, 7, 134, 141
537012.5.peg.3781.site.35, 1, 134, 135
537012.5.peg.3781.site.36, 17, 134, 151
537012.5.peg.3781.site.37, 4, 133, 137
537012.5.peg.3781.site.38, 124, 133, 257
537012.5.peg.3781.site.39, 11, 133, 144
537012.5.peg.3781.site.40, 4, 134, 138
537012.5.peg.3781.site.41, 10, 133, 143
537012.5.peg.3781.site.42, 43, 130, 173
537012.5.peg.3781.site.43, 4, 130, 134
537012.5.peg.3781.site.44, 19, 130, 149
537012.5.peg.3781.site.45, 4, 133, 137
537012.5.peg.3781.site.46, 1, 130, 131
537012.5.peg.3781.site.47, 7, 131, 138
537012.5.peg.3781.site.48, 3, 130, 133
537012.5.peg.3781.site.49, 9, 130, 139
537012.5.peg.3781.site.50, 1, 131, 132
537012.5.peg.3781.site.51, 1, 132, 133
537012.5.peg.3781.site.52, 83, 132, 215
537012.5.peg.3781.site.53, 0, 131, 131
537012.5.peg.3781.site.54, 6, 132, 138
537012.5.peg.3781.site.55, 29, 134, 163
537012.5.peg.3781.site.56, 2, 134, 136
537012.5.peg.3781.site.57, 3, 130, 133
537012.5.peg.4329.site.1, 88, 126, 214
537012.5.peg.4329.site.2, 16, 78, 94
537012.5.peg.4329.site.3, 7, 106, 113
537012.5.peg.4329.site.4, 48, 124, 172
537012.5.peg.4329.site.5, 5, 128, 133
537012.5.peg.4329.site.6, 0, 129, 129
537012.5.peg.4329.site.7, 20, 129, 149
537012.5.peg.4329.site.8, 7, 125, 132
537012.5.peg.4329.site.9, 1, 125, 126
537012.5.peg.4329.site.10, 18, 125, 143
537012.5.peg.4329.site.11, 18, 126, 144
537012.5.peg.4329.site.12, 2, 125, 127
537012.5.peg.4329.site.13, 6, 123, 129
537012.5.peg.4329.site.14, 1, 126, 127
537012.5.peg.4329.site.15, 12, 127, 139
537012.5.peg.4329.site.16, 20, 131, 151
537012.5.peg.4329.site.17, 21, 130, 151
537012.5.peg.4329.site.18, 1, 127, 128
537012.5.peg.4329.site.19, 4, 124, 128
537012.5.peg.4329.site.20, 2, 120, 122
537012.5.peg.4329.site.21, 1, 117, 118
537012.5.peg.4329.site.22, 4, 108, 112
537012.5.peg.4329.site.23, 20, 115, 135
537012.5.peg.4329.site.24, 10, 120, 130
537012.5.peg.4329.site.25, 4, 120, 124
537012.5.peg.4329.site.26, 3, 126, 129
537012.5.peg.4329.site.27, 2, 127, 129
537012.5.peg.4329.site.28, 19, 122, 141
537012.5.peg.4329.site.29, 11, 117, 128
537012.5.peg.4329.site.30, 9, 116, 125
537012.5.peg.4329.site.31, 0, 118, 118
537012.5.peg.4329.site.32, 25, 112, 137
537012.5.peg.4329.site.33, 5, 110, 115
537012.5.peg.4329.site.34, 14, 106, 120
537012.5.peg.4329.site.35, 7, 102, 109
537012.5.peg.4329.site.36, 10, 102, 112
537012.5.peg.4329.site.37, 1, 95, 96
537012.5.peg.4329.site.38, 3, 92, 95
537012.5.peg.4329.site.39, 0, 94, 94
537012.5.peg.4329.site.40, 1, 94, 95
537012.5.peg.4329.site.41, 1, 93, 94
537012.5.peg.4329.site.42, 0, 92, 92
537012.5.peg.4329.site.43, 7, 97, 104
537012.5.peg.4329.site.44, 1, 92, 93
537012.5.peg.4329.site.45, 17, 93, 110
537012.5.peg.4329.site.46, 6, 117, 123
537012.5.peg.4329.site.47, 2, 108, 110
537012.5.peg.4329.site.48, 2, 105, 107
537012.5.peg.4329.site.49, 1, 98, 99
537012.5.peg.4329.site.50, 0, 97, 97
537012.5.peg.4329.site.51, 7, 99, 106
537012.5.peg.4329.site.52, 6, 117, 123
537012.5.peg.4329.site.53, 33, 125, 158
537012.5.peg.4329.site.54, 16, 120, 136
537012.5.peg.4329.site.55, 4, 113, 117
537012.5.peg.4329.site.56, 2, 110, 112
537012.5.peg.4329.site.57, 8, 111, 119
537012.5.peg.4329.site.58, 1, 100, 101
537012.5.peg.4329.site.59, 7, 99, 106
537012.5.peg.4329.site.60, 7, 101, 108
537012.5.peg.4329.site.61, 12, 108, 120
537012.5.peg.4329.site.62, 4, 111, 115
537012.5.peg.4329.site.63, 5, 112, 117
537012.5.peg.4329.site.64, 6, 125, 131
537012.5.peg.4329.site.65, 10, 129, 139
537012.5.peg.4329.site.66, 3, 130, 133
537012.5.peg.4329.site.67, 2, 130, 132
537012.5.peg.4329.site.68, 1, 130, 131
537012.5.peg.4329.site.69, 1, 130, 131
537012.5.peg.4329.site.70, 7, 128, 135
537012.5.peg.4329.site.71, 49, 129, 178
537012.5.peg.4329.site.72, 44, 124, 168
537012.5.peg.4329.site.73, 40, 112, 152
537012.5.peg.4329.site.74, 73, 116, 189
537012.5.peg.4329.site.75, 26, 115, 141
537012.5.peg.4329.site.76, 0, 123, 123
537012.5.peg.4329.site.77, 9, 115, 124
537012.5.peg.4329.site.78, 0, 114, 114
537012.5.peg.4329.site.79, 6, 106, 112
537012.5.peg.4329.site.80, 6, 108, 114
537012.5.peg.4329.site.81, 12, 96, 108
537012.5.peg.4329.site.82, 1, 93, 94
537012.5.peg.4329.site.83, 7, 95, 102
537012.5.peg.4329.site.84, 3, 90, 93
537012.5.peg.4328.site.1, 13, 133, 146
537012.5.peg.4328.site.2, 2, 133, 135
537012.5.peg.4328.site.3, 19, 131, 150
537012.5.peg.4328.site.4, 0, 129, 129
537012.5.peg.4328.site.5, 0, 127, 127
537012.5.peg.4328.site.6, 3, 130, 133
537012.5.peg.4328.site.7, 3, 128, 131
537012.5.peg.4328.site.8, 11, 126, 137
537012.5.peg.4328.site.9, 5, 120, 125
537012.5.peg.4328.site.10, 1, 126, 127
537012.5.peg.4328.site.11, 11, 128, 139
537012.5.peg.4328.site.12, 12, 126, 138
537012.5.peg.4328.site.13, 3, 128, 131
537012.5.peg.4328.site.14, 3, 125, 128
537012.5.peg.1940.site.1, 26, 121, 147
537012.5.peg.1940.site.2, 2, 124, 126
537012.5.peg.1940.site.3, 3, 122, 125
537012.5.peg.1940.site.4, 0, 124, 124
537012.5.peg.1940.site.5, 6, 122, 128
537012.5.peg.1940.site.6, 22, 123, 145
537012.5.peg.1940.site.7, 2, 123, 125
537012.5.peg.1940.site.8, 18, 123, 141
537012.5.peg.1940.site.9, 0, 123, 123
537012.5.peg.1940.site.10, 3, 121, 124
537012.5.peg.1940.site.11, 4, 122, 126
537012.5.peg.1940.site.12, 25, 123, 148
537012.5.peg.1940.site.13, 35, 122, 157
537012.5.peg.1940.site.14, 0, 123, 123
537012.5.peg.1940.site.15, 36, 122, 158
537012.5.peg.1940.site.16, 8, 122, 130
537012.5.peg.1940.site.17, 3, 123, 126
537012.5.peg.1940.site.18, 3, 121, 124
537012.5.peg.1940.site.19, 6, 123, 129
537012.5.peg.1940.site.20, 3, 122, 125
537012.5.peg.1940.site.21, 1, 123, 124
537012.5.peg.1940.site.22, 33, 121, 154
537012.5.peg.1940.site.23, 1, 121, 122
537012.5.peg.1940.site.24, 1, 121, 122
537012.5.peg.1940.site.25, 10, 123, 133
537012.5.peg.1940.site.26, 1, 123, 124
537012.5.peg.1940.site.27, 1, 123, 124
537012.5.peg.1940.site.28, 4, 122, 126
537012.5.peg.1940.site.29, 1, 123, 124
537012.5.peg.1940.site.30, 0, 123, 123
537012.5.peg.1940.site.31, 71, 123, 194
537012.5.peg.1940.site.32, 2, 123, 125
537012.5.peg.1940.site.33, 29, 122, 151
537012.5.peg.1940.site.34, 2, 123, 125
537012.5.peg.1940.site.35, 69, 122, 191
537012.5.peg.1940.site.36, 38, 123, 161
537012.5.peg.1940.site.37, 2, 120, 122
537012.5.peg.1940.site.38, 0, 123, 123
537012.5.peg.1940.site.39, 0, 123, 123
537012.5.peg.1940.site.40, 0, 123, 123
537012.5.peg.1940.site.41, 4, 121, 125
537012.5.peg.1940.site.42, 0, 122, 122
537012.5.peg.1940.site.43, 21, 120, 141
537012.5.peg.1940.site.44, 96, 123, 219
537012.5.peg.1940.site.45, 2, 120, 122
537012.5.peg.1940.site.46, 62, 122, 184
537012.5.peg.1940.site.47, 3, 123, 126
537012.5.peg.1940.site.48, 3, 121, 124
537012.5.peg.1940.site.49, 6, 122, 128
537012.5.peg.1940.site.50, 0, 124, 124
537012.5.peg.1940.site.51, 3, 121, 124
537012.5.peg.1940.site.52, 16, 123, 139
537012.5.peg.1940.site.53, 10, 123, 133
537012.5.peg.1940.site.54, 121, 123, 244
537012.5.peg.1940.site.55, 2, 120, 122
537012.5.peg.1940.site.56, 1, 123, 124
537012.5.peg.1940.site.57, 3, 122, 125
537012.5.peg.1940.site.58, 3, 123, 126
537012.5.peg.1940.site.59, 1, 123, 124
537012.5.peg.1940.site.60, 3, 121, 124
537012.5.peg.1940.site.61, 43, 122, 165
537012.5.peg.1940.site.62, 0, 123, 123
537012.5.peg.1940.site.63, 3, 121, 124
537012.5.peg.1940.site.64, 68, 121, 189
537012.5.peg.1940.site.65, 2, 124, 126
537012.5.peg.1940.site.66, 1, 123, 124
537012.5.peg.1940.site.67, 4, 121, 125
537012.5.peg.1940.site.68, 67, 122, 189
537012.5.peg.1940.site.69, 67, 122, 189
537012.5.peg.1940.site.70, 4, 121, 125
537012.5.peg.1940.site.71, 20, 122, 142
537012.5.peg.1940.site.72, 0, 123, 123
537012.5.peg.1940.site.73, 7, 122, 129
537012.5.peg.1940.site.74, 55, 120, 175
537012.5.peg.1940.site.75, 4, 121, 125
537012.5.peg.1940.site.76, 4, 121, 125
537012.5.peg.1940.site.77, 17, 123, 140
537012.5.peg.1940.site.78, 28, 122, 150
537012.5.peg.1940.site.79, 0, 123, 123
537012.5.peg.1940.site.80, 0, 123, 123
537012.5.peg.1940.site.81, 33, 123, 156
537012.5.peg.1940.site.82, 12, 122, 134
537012.5.peg.1940.site.83, 4, 121, 125
537012.5.peg.1940.site.84, 4, 121, 125
537012.5.peg.1940.site.85, 37, 122, 159
537012.5.peg.1940.site.86, 41, 122, 163
537012.5.peg.1940.site.87, 3, 124, 127
537012.5.peg.1940.site.88, 4, 123, 127
537012.5.peg.3785.site.1, 4, 132, 136
537012.5.peg.3785.site.2, 2, 134, 136
537012.5.peg.3785.site.3, 132, 134, 266
537012.5.peg.3785.site.4, 3, 123, 126
537012.5.peg.3785.site.5, 3, 121, 124
537012.5.peg.3785.site.6, 17, 127, 144
537012.5.peg.3785.site.7, 2, 131, 133
537012.5.peg.3785.site.8, 55, 132, 187
537012.5.peg.3785.site.9, 5, 132, 137
537012.5.peg.3785.site.10, 5, 132, 137
537012.5.peg.3785.site.11, 0, 134, 134
537012.5.peg.3785.site.12, 8, 133, 141
537012.5.peg.3785.site.13, 1, 134, 135
537012.5.peg.3785.site.14, 7, 132, 139
537012.5.peg.3785.site.15, 5, 133, 138
537012.5.peg.3785.site.16, 22, 133, 155
537012.5.peg.3785.site.17, 1, 132, 133
537012.5.peg.3785.site.18, 21, 132, 153
537012.5.peg.3785.site.19, 4, 131, 135
537012.5.peg.3785.site.20, 20, 133, 153
537012.5.peg.3785.site.21, 22, 133, 155
537012.5.peg.3785.site.22, 17, 134, 151
537012.5.peg.3785.site.23, 5, 133, 138
537012.5.peg.3785.site.24, 23, 132, 155
537012.5.peg.1809.site.1, 1, 134, 135
537012.5.peg.1809.site.2, 1, 134, 135
537012.5.peg.1809.site.3, 2, 134, 136
537012.5.peg.1809.site.4, 3, 133, 136
537012.5.peg.1809.site.5, 2, 133, 135
537012.5.peg.1809.site.6, 6, 133, 139
537012.5.peg.1809.site.7, 7, 133, 140
537012.5.peg.1809.site.8, 6, 133, 139
537012.5.peg.1809.site.9, 7, 133, 140
537012.5.peg.1809.site.10, 3, 134, 137
537012.5.peg.1809.site.11, 1, 134, 135
537012.5.peg.1809.site.12, 7, 134, 141
537012.5.peg.1809.site.13, 17, 134, 151
537012.5.peg.1809.site.14, 4, 134, 138
537012.5.peg.1809.site.15, 5, 134, 139
537012.5.peg.1809.site.16, 8, 134, 142
537012.5.peg.1809.site.17, 4, 133, 137
537012.5.peg.1809.site.18, 3, 133, 136
537012.5.peg.1809.site.19, 4, 134, 138
537012.5.peg.1809.site.20, 2, 133, 135
537012.5.peg.1809.site.21, 4, 134, 138
537012.5.peg.1809.site.22, 10, 133, 143
537012.5.peg.1809.site.23, 0, 134, 134
537012.5.peg.1809.site.24, 6, 134, 140
537012.5.peg.1809.site.25, 4, 133, 137
537012.5.peg.1809.site.26, 25, 132, 157
537012.5.peg.1809.site.27, 7, 134, 141
537012.5.peg.1809.site.28, 73, 132, 205
537012.5.peg.1809.site.29, 43, 133, 176
537012.5.peg.1809.site.30, 7, 134, 141
537012.5.peg.1809.site.31, 3, 134, 137
537012.5.peg.1809.site.32, 2, 134, 136
537012.5.peg.1809.site.33, 5, 133, 138
537012.5.peg.1809.site.34, 5, 133, 138
537012.5.peg.1809.site.35, 27, 134, 161
537012.5.peg.1809.site.36, 1, 134, 135
537012.5.peg.1809.site.37, 12, 132, 144
537012.5.peg.1809.site.38, 11, 134, 145
537012.5.peg.1809.site.39, 0, 134, 134
537012.5.peg.1809.site.40, 1, 134, 135
537012.5.peg.1809.site.41, 5, 134, 139
537012.5.peg.1809.site.42, 19, 133, 152
537012.5.peg.1809.site.43, 1, 134, 135
537012.5.peg.1809.site.44, 1, 134, 135
537012.5.peg.1809.site.45, 5, 134, 139
537012.5.peg.1809.site.46, 19, 133, 152
537012.5.peg.1809.site.47, 2, 134, 136
537012.5.peg.1809.site.48, 9, 133, 142
537012.5.peg.1809.site.49, 8, 134, 142
537012.5.peg.1809.site.50, 30, 134, 164
537012.5.peg.1809.site.51, 4, 132, 136
537012.5.peg.1809.site.52, 0, 134, 134
537012.5.peg.1809.site.53, 0, 133, 133
537012.5.peg.1809.site.54, 3, 130, 133
537012.5.peg.1809.site.55, 0, 132, 132
537012.5.peg.1809.site.56, 1, 134, 135
537012.5.peg.1809.site.57, 2, 134, 136
537012.5.peg.1809.site.58, 1, 134, 135
537012.5.peg.1809.site.59, 27, 134, 161
537012.5.peg.1809.site.60, 51, 131, 182
537012.5.peg.1809.site.61, 8, 134, 142
537012.5.peg.1809.site.62, 0, 133, 133
537012.5.peg.1809.site.63, 8, 134, 142
537012.5.peg.1809.site.64, 8, 134, 142
537012.5.peg.1808.site.1, 1, 134, 135
537012.5.peg.1808.site.2, 1, 132, 133
537012.5.peg.1808.site.3, 1, 132, 133
537012.5.peg.1808.site.4, 2, 130, 132
537012.5.peg.1808.site.5, 3, 130, 133
537012.5.peg.1808.site.6, 3, 132, 135
537012.5.peg.1808.site.7, 1, 134, 135
537012.5.peg.1808.site.8, 1, 134, 135
537012.5.peg.1808.site.9, 3, 132, 135
537012.5.peg.1808.site.10, 11, 132, 143
537012.5.peg.1808.site.11, 9, 132, 141
537012.5.peg.1808.site.12, 1, 134, 135
537012.5.peg.1808.site.13, 4, 131, 135
537012.5.peg.1808.site.14, 43, 133, 176
537012.5.peg.1808.site.15, 8, 134, 142
537012.5.peg.1808.site.16, 1, 134, 135
537012.5.peg.1808.site.17, 5, 132, 137
537012.5.peg.1808.site.18, 12, 132, 144
537012.5.peg.1808.site.19, 1, 134, 135
537012.5.peg.1808.site.20, 0, 133, 133
537012.5.peg.1808.site.21, 17, 133, 150
537012.5.peg.1808.site.22, 18, 133, 151
537012.5.peg.1808.site.23, 26, 132, 158
537012.5.peg.1808.site.24, 83, 133, 216
537012.5.peg.1808.site.25, 2, 134, 136
537012.5.peg.1808.site.26, 1, 134, 135
537012.5.peg.1808.site.27, 1, 133, 134
537012.5.peg.1808.site.28, 1, 134, 135
537012.5.peg.1808.site.29, 8, 134, 142
537012.5.peg.1808.site.30, 0, 134, 134
537012.5.peg.1808.site.31, 1, 134, 135
537012.5.peg.1808.site.32, 1, 134, 135
537012.5.peg.1808.site.33, 133, 134, 267
537012.5.peg.1808.site.34, 3, 133, 136
537012.5.peg.1808.site.35, 7, 133, 140
537012.5.peg.1808.site.36, 5, 132, 137
537012.5.peg.1808.site.37, 5, 131, 136
537012.5.peg.1808.site.38, 40, 131, 171
537012.5.peg.1808.site.39, 1, 132, 133
537012.5.peg.1803.site.1, 4, 134, 138
537012.5.peg.1803.site.2, 11, 134, 145
537012.5.peg.1803.site.3, 96, 131, 227
537012.5.peg.1803.site.4, 4, 131, 135
537012.5.peg.1803.site.5, 0, 134, 134
537012.5.peg.1803.site.6, 29, 132, 161
537012.5.peg.1803.site.7, 3, 134, 137
537012.5.peg.1803.site.8, 10, 134, 144
537012.5.peg.1803.site.9, 7, 134, 141
537012.5.peg.1803.site.10, 38, 131, 169
537012.5.peg.1803.site.11, 1, 134, 135
537012.5.peg.1803.site.12, 64, 134, 198
537012.5.peg.1803.site.13, 19, 134, 153
537012.5.peg.1803.site.14, 18, 134, 152
537012.5.peg.1803.site.15, 37, 133, 170
537012.5.peg.1802.site.1, 1, 131, 132
537012.5.peg.1802.site.2, 0, 133, 133
537012.5.peg.1802.site.3, 4, 131, 135
537012.5.peg.1802.site.4, 3, 134, 137
537012.5.peg.1802.site.5, 5, 133, 138
537012.5.peg.1802.site.6, 5, 132, 137
537012.5.peg.1802.site.7, 1, 134, 135
537012.5.peg.1802.site.8, 40, 134, 174
537012.5.peg.1802.site.9, 65, 133, 198
537012.5.peg.1802.site.10, 4, 132, 136
537012.5.peg.1802.site.11, 1, 134, 135
537012.5.peg.1802.site.12, 1, 134, 135
537012.5.peg.1802.site.13, 6, 134, 140
537012.5.peg.1802.site.14, 3, 134, 137
537012.5.peg.1802.site.15, 133, 134, 267
537012.5.peg.1802.site.16, 5, 133, 138
537012.5.peg.1802.site.17, 0, 133, 133
537012.5.peg.1802.site.18, 18, 134, 152
537012.5.peg.1801.site.1, 0, 133, 133
537012.5.peg.1801.site.2, 5, 132, 137
537012.5.peg.1801.site.3, 3, 131, 134
537012.5.peg.1801.site.4, 1, 134, 135
537012.5.peg.1801.site.5, 28, 134, 162
537012.5.peg.1801.site.6, 11, 134, 145
537012.5.peg.1801.site.7, 1, 134, 135
537012.5.peg.1801.site.8, 34, 133, 167
537012.5.peg.1801.site.9, 2, 130, 132
537012.5.peg.1800.site.1, 2, 134, 136
537012.5.peg.1800.site.2, 119, 134, 253
537012.5.peg.1800.site.3, 33, 131, 164
537012.5.peg.1800.site.4, 10, 131, 141
537012.5.peg.1800.site.5, 3, 131, 134
537012.5.peg.1800.site.6, 3, 131, 134
537012.5.peg.1800.site.7, 1, 134, 135
537012.5.peg.1800.site.8, 3, 132, 135
537012.5.peg.1800.site.9, 1, 134, 135
537012.5.peg.1800.site.10, 20, 134, 154
537012.5.peg.1800.site.11, 4, 132, 136
537012.5.peg.1800.site.12, 33, 132, 165
537012.5.peg.1800.site.13, 0, 133, 133
537012.5.peg.1800.site.14, 29, 134, 163
537012.5.peg.1800.site.15, 2, 133, 135
537012.5.peg.1800.site.16, 1, 134, 135
537012.5.peg.1800.site.17, 2, 133, 135
537012.5.peg.1800.site.18, 3, 133, 136
537012.5.peg.1800.site.19, 10, 132, 142
537012.5.peg.1800.site.20, 1, 134, 135
537012.5.peg.1800.site.21, 1, 134, 135
537012.5.peg.1807.site.1, 41, 131, 172
537012.5.peg.1807.site.2, 3, 133, 136
537012.5.peg.1807.site.3, 3, 134, 137
537012.5.peg.1807.site.4, 10, 131, 141
537012.5.peg.1807.site.5, 4, 134, 138
537012.5.peg.1807.site.6, 0, 134, 134
537012.5.peg.1807.site.7, 52, 132, 184
537012.5.peg.1807.site.8, 3, 134, 137
537012.5.peg.1807.site.9, 3, 134, 137
537012.5.peg.1807.site.10, 2, 134, 136
537012.5.peg.1807.site.11, 5, 133, 138
537012.5.peg.1807.site.12, 8, 134, 142
537012.5.peg.1807.site.13, 22, 132, 154
537012.5.peg.1807.site.14, 7, 133, 140
537012.5.peg.1807.site.15, 17, 134, 151
537012.5.peg.1807.site.16, 3, 134, 137
537012.5.peg.1807.site.17, 92, 134, 226
537012.5.peg.1807.site.18, 1, 134, 135
537012.5.peg.1807.site.19, 3, 134, 137
537012.5.peg.1807.site.20, 1, 134, 135
537012.5.peg.1807.site.21, 4, 134, 138
537012.5.peg.1807.site.22, 9, 134, 143
537012.5.peg.1807.site.23, 13, 134, 147
537012.5.peg.1807.site.24, 4, 132, 136
537012.5.peg.1807.site.25, 28, 134, 162
537012.5.peg.1807.site.26, 90, 134, 224
537012.5.peg.1807.site.27, 56, 131, 187
537012.5.peg.1807.site.28, 2, 133, 135
537012.5.peg.1807.site.29, 17, 134, 151
537012.5.peg.1807.site.30, 3, 134, 137
537012.5.peg.1807.site.31, 45, 133, 178
537012.5.peg.1807.site.32, 1, 134, 135
537012.5.peg.1807.site.33, 13, 132, 145
537012.5.peg.1807.site.34, 4, 134, 138
537012.5.peg.1807.site.35, 3, 134, 137
537012.5.peg.1807.site.36, 17, 134, 151
537012.5.peg.1804.site.1, 1, 132, 133
537012.5.peg.1804.site.2, 0, 134, 134
537012.5.peg.1804.site.3, 29, 131, 160
537012.5.peg.1804.site.4, 1, 134, 135
537012.5.peg.1804.site.5, 2, 134, 136
537012.5.peg.1804.site.6, 2, 134, 136
537012.5.peg.1804.site.7, 46, 134, 180
537012.5.peg.1804.site.8, 65, 134, 199
537012.5.peg.1804.site.9, 19, 134, 153
537012.5.peg.1804.site.10, 23, 134, 157
537012.5.peg.1804.site.11, 53, 134, 187
537012.5.peg.1804.site.12, 4, 132, 136
537012.5.peg.1804.site.13, 1, 134, 135
537012.5.peg.1804.site.14, 11, 134, 145
537012.5.peg.1804.site.15, 8, 133, 141
537012.5.peg.1804.site.16, 3, 134, 137
537012.5.peg.1804.site.17, 3, 134, 137
537012.5.peg.1804.site.18, 29, 132, 161
537012.5.peg.4456.site.1, 6, 133, 139
537012.5.peg.4456.site.2, 27, 131, 158
537012.5.peg.4456.site.3, 6, 134, 140
537012.5.peg.4456.site.4, 1, 134, 135
537012.5.peg.4456.site.5, 2, 134, 136
537012.5.peg.4456.site.6, 1, 134, 135
537012.5.peg.4456.site.7, 7, 134, 141
537012.5.peg.4456.site.8, 8, 134, 142
537012.5.peg.4456.site.9, 7, 133, 140
537012.5.peg.4456.site.10, 18, 134, 152
537012.5.peg.4456.site.11, 13, 134, 147
537012.5.peg.4456.site.12, 19, 134, 153
537012.5.peg.4456.site.13, 1, 134, 135
537012.5.peg.4456.site.14, 3, 134, 137
537012.5.peg.4456.site.15, 14, 133, 147
537012.5.peg.4456.site.16, 2, 133, 135
537012.5.peg.4456.site.17, 0, 134, 134
537012.5.peg.4456.site.18, 1, 133, 134
537012.5.peg.4456.site.19, 1, 132, 133
537012.5.peg.4456.site.20, 90, 132, 222
537012.5.peg.4456.site.21, 4, 132, 136
537012.5.peg.4456.site.22, 1, 132, 133
537012.5.peg.4456.site.23, 16, 129, 145
537012.5.peg.4456.site.24, 127, 131, 258
537012.5.peg.4456.site.25, 7, 128, 135
537012.5.peg.4456.site.26, 2, 129, 131
537012.5.peg.4456.site.27, 2, 133, 135
537012.5.peg.4456.site.28, 1, 134, 135
537012.5.peg.4456.site.29, 30, 131, 161
537012.5.peg.4456.site.30, 2, 133, 135
537012.5.peg.4456.site.31, 1, 133, 134
537012.5.peg.4456.site.32, 2, 134, 136
537012.5.peg.4456.site.33, 2, 133, 135
537012.5.peg.4456.site.34, 114, 132, 246
537012.5.peg.4456.site.35, 6, 133, 139
537012.5.peg.4456.site.36, 104, 134, 238
537012.5.peg.4456.site.37, 6, 132, 138
537012.5.peg.4456.site.38, 20, 133, 153
537012.5.peg.4456.site.39, 1, 130, 131
537012.5.peg.4456.site.40, 1, 129, 130
537012.5.peg.4456.site.41, 5, 130, 135
537012.5.peg.4456.site.42, 3, 129, 132
537012.5.peg.4456.site.43, 1, 128, 129
537012.5.peg.4456.site.44, 12, 129, 141
537012.5.peg.4456.site.45, 7, 128, 135
537012.5.peg.4456.site.46, 1, 121, 122
537012.5.peg.4456.site.47, 0, 127, 127
537012.5.peg.4461.site.1, 0, 133, 133
537012.5.peg.4461.site.2, 5, 133, 138
537012.5.peg.4461.site.3, 63, 134, 197
537012.5.peg.4461.site.4, 5, 133, 138
537012.5.peg.4461.site.5, 1, 133, 134
537012.5.peg.4461.site.6, 0, 134, 134
537012.5.peg.4461.site.7, 1, 134, 135
537012.5.peg.4461.site.8, 10, 133, 143
537012.5.peg.4461.site.9, 1, 134, 135
537012.5.peg.4461.site.10, 1, 134, 135
537012.5.peg.4461.site.11, 25, 134, 159
537012.5.peg.4461.site.12, 4, 131, 135
537012.5.peg.4461.site.13, 3, 134, 137
537012.5.peg.4461.site.14, 4, 131, 135
537012.5.peg.4461.site.15, 0, 133, 133
537012.5.peg.4461.site.16, 1, 134, 135
537012.5.peg.4461.site.17, 1, 133, 134
537012.5.peg.4461.site.18, 0, 133, 133
537012.5.peg.4787.site.1, 101, 132, 233
537012.5.peg.4787.site.2, 11, 131, 142
537012.5.peg.4787.site.3, 19, 131, 150
537012.5.peg.4787.site.4, 1, 132, 133
537012.5.peg.4787.site.5, 11, 132, 143
537012.5.peg.4787.site.6, 0, 132, 132
537012.5.peg.4787.site.7, 128, 130, 258
537012.5.peg.4787.site.8, 1, 131, 132
537012.5.peg.4787.site.9, 3, 132, 135
537012.5.peg.4787.site.10, 83, 131, 214
537012.5.peg.4787.site.11, 5, 131, 136
537012.5.peg.4787.site.12, 0, 131, 131
537012.5.peg.4787.site.13, 0, 129, 129
537012.5.peg.4787.site.14, 2, 129, 131
537012.5.peg.4787.site.15, 3, 116, 119
537012.5.peg.4787.site.16, 64, 117, 181
537012.5.peg.4787.site.17, 4, 121, 125
537012.5.peg.4787.site.18, 59, 114, 173
537012.5.peg.4787.site.19, 2, 127, 129
537012.5.peg.4787.site.20, 3, 132, 135
537012.5.peg.4787.site.21, 1, 130, 131
537012.5.peg.4787.site.22, 4, 128, 132
537012.5.peg.4787.site.23, 6, 128, 134
537012.5.peg.4786.site.1, 4, 130, 134
537012.5.peg.4786.site.2, 0, 132, 132
537012.5.peg.4786.site.3, 1, 132, 133
537012.5.peg.4786.site.4, 5, 131, 136
537012.5.peg.4786.site.5, 4, 132, 136
537012.5.peg.4786.site.6, 3, 132, 135
537012.5.peg.4786.site.7, 4, 130, 134
537012.5.peg.4786.site.8, 33, 130, 163
537012.5.peg.4786.site.9, 8, 132, 140
537012.5.peg.4786.site.10, 12, 128, 140
537012.5.peg.4786.site.11, 1, 128, 129
537012.5.peg.4786.site.12, 2, 130, 132
537012.5.peg.4786.site.13, 4, 131, 135
537012.5.peg.4786.site.14, 68, 132, 200
537012.5.peg.4786.site.15, 3, 132, 135
537012.5.peg.4786.site.16, 7, 132, 139
537012.5.peg.4786.site.17, 7, 132, 139
537012.5.peg.4786.site.18, 52, 132, 184
537012.5.peg.4786.site.19, 1, 132, 133
537012.5.peg.4786.site.20, 4, 129, 133
537012.5.peg.4786.site.21, 1, 132, 133
537012.5.peg.4786.site.22, 14, 130, 144
537012.5.peg.4786.site.23, 3, 132, 135
537012.5.peg.4786.site.24, 3, 132, 135
537012.5.peg.4786.site.25, 3, 131, 134
537012.5.peg.4786.site.26, 4, 127, 131
537012.5.peg.4786.site.27, 3, 129, 132
537012.5.peg.4786.site.28, 7, 129, 136
537012.5.peg.4786.site.29, 59, 127, 186
537012.5.peg.4786.site.30, 1, 132, 133
537012.5.peg.4786.site.31, 7, 132, 139
537012.5.peg.4786.site.32, 1, 132, 133
537012.5.peg.4785.site.1, 2, 117, 119
537012.5.peg.4785.site.2, 11, 124, 135
537012.5.peg.4785.site.3, 3, 124, 127
537012.5.peg.4785.site.4, 7, 124, 131
537012.5.peg.4785.site.5, 1, 124, 125
537012.5.peg.4785.site.6, 7, 125, 132
537012.5.peg.4785.site.7, 0, 125, 125
537012.5.peg.4785.site.8, 0, 125, 125
537012.5.peg.4785.site.9, 0, 126, 126
537012.5.peg.4785.site.10, 7, 123, 130
537012.5.peg.4785.site.11, 0, 126, 126
537012.5.peg.4785.site.12, 1, 127, 128
537012.5.peg.4785.site.13, 1, 124, 125
537012.5.peg.4785.site.14, 4, 124, 128
537012.5.peg.4785.site.15, 12, 124, 136
537012.5.peg.4785.site.16, 1, 124, 125
537012.5.peg.4785.site.17, 106, 119, 225
537012.5.peg.4785.site.18, 0, 122, 122
537012.5.peg.4785.site.19, 1, 124, 125
537012.5.peg.4785.site.20, 4, 127, 131
537012.5.peg.4785.site.21, 8, 125, 133
537012.5.peg.4785.site.22, 25, 127, 152
537012.5.peg.4785.site.23, 1, 131, 132
537012.5.peg.4785.site.24, 2, 131, 133
537012.5.peg.4785.site.25, 6, 126, 132
537012.5.peg.4785.site.26, 5, 124, 129
537012.5.peg.4785.site.27, 4, 120, 124
537012.5.peg.4783.site.1, 1, 126, 127
537012.5.peg.4783.site.2, 7, 126, 133
537012.5.peg.4783.site.3, 1, 125, 126
537012.5.peg.4783.site.4, 6, 125, 131
537012.5.peg.4783.site.5, 19, 126, 145
537012.5.peg.4783.site.6, 24, 125, 149
537012.5.peg.4783.site.7, 69, 125, 194
537012.5.peg.4783.site.8, 3, 126, 129
537012.5.peg.4783.site.9, 20, 125, 145
537012.5.peg.4783.site.10, 3, 126, 129
537012.5.peg.4783.site.11, 6, 126, 132
537012.5.peg.4783.site.12, 68, 121, 189
537012.5.peg.4783.site.13, 3, 120, 123
537012.5.peg.4783.site.14, 1, 120, 121
537012.5.peg.4783.site.15, 6, 122, 128
537012.5.peg.4783.site.16, 1, 126, 127
537012.5.peg.4783.site.17, 7, 124, 131
537012.5.peg.4783.site.18, 52, 123, 175
537012.5.peg.4783.site.19, 6, 124, 130
537012.5.peg.4783.site.20, 31, 124, 155
537012.5.peg.4783.site.21, 3, 124, 127
537012.5.peg.4783.site.22, 3, 125, 128
537012.5.peg.4783.site.23, 6, 124, 130
537012.5.peg.4783.site.24, 53, 122, 175
537012.5.peg.4783.site.25, 20, 123, 143
537012.5.peg.4783.site.26, 85, 123, 208
537012.5.peg.4783.site.27, 0, 123, 123
537012.5.peg.4782.site.1, 4, 127, 131
537012.5.peg.4782.site.2, 11, 125, 136
537012.5.peg.4782.site.3, 1, 125, 126
537012.5.peg.4782.site.4, 18, 125, 143
537012.5.peg.4782.site.5, 86, 127, 213
537012.5.peg.4782.site.6, 4, 127, 131
537012.5.peg.4782.site.7, 1, 125, 126
537012.5.peg.4782.site.8, 38, 119, 157
537012.5.peg.4782.site.9, 1, 120, 121
537012.5.peg.4782.site.10, 2, 121, 123
537012.5.peg.4782.site.11, 105, 124, 229
537012.5.peg.4782.site.12, 66, 126, 192
537012.5.peg.4782.site.13, 0, 126, 126
537012.5.peg.4782.site.14, 4, 124, 128
537012.5.peg.4782.site.15, 17, 125, 142
537012.5.peg.4782.site.16, 6, 123, 129
537012.5.peg.4782.site.17, 5, 123, 128
537012.5.peg.4782.site.18, 3, 126, 129
537012.5.peg.4782.site.19, 16, 126, 142
537012.5.peg.4782.site.20, 2, 126, 128
537012.5.peg.4782.site.21, 3, 127, 130
537012.5.peg.4782.site.22, 19, 126, 145
537012.5.peg.4782.site.23, 24, 126, 150
537012.5.peg.4782.site.24, 3, 127, 130
537012.5.peg.4782.site.25, 3, 127, 130
537012.5.peg.4782.site.26, 4, 125, 129
537012.5.peg.4782.site.27, 13, 124, 137
537012.5.peg.4782.site.28, 9, 126, 135
537012.5.peg.4782.site.29, 9, 127, 136
537012.5.peg.4782.site.30, 1, 127, 128
537012.5.peg.4782.site.31, 7, 127, 134
537012.5.peg.4782.site.32, 1, 127, 128
537012.5.peg.4782.site.33, 7, 126, 133
537012.5.peg.4782.site.34, 73, 126, 199
537012.5.peg.4782.site.35, 42, 124, 166
537012.5.peg.4782.site.36, 6, 124, 130
537012.5.peg.4782.site.37, 6, 123, 129
537012.5.peg.4782.site.38, 6, 125, 131
537012.5.peg.4782.site.39, 17, 125, 142
537012.5.peg.4782.site.40, 3, 125, 128
537012.5.peg.4782.site.41, 3, 125, 128
537012.5.peg.4782.site.42, 7, 125, 132
537012.5.peg.4782.site.43, 1, 123, 124
537012.5.peg.4782.site.44, 3, 123, 126
537012.5.peg.4782.site.45, 6, 123, 129
537012.5.peg.4782.site.46, 1, 123, 124
537012.5.peg.4031.site.1, 0, 129, 129
537012.5.peg.4031.site.2, 0, 129, 129
537012.5.peg.4031.site.3, 0, 128, 128
537012.5.peg.4031.site.4, 9, 133, 142
537012.5.peg.4031.site.5, 17, 132, 149
537012.5.peg.4031.site.6, 0, 133, 133
537012.5.peg.4031.site.7, 1, 134, 135
537012.5.peg.4031.site.8, 29, 129, 158
537012.5.peg.4031.site.9, 58, 132, 190
537012.5.peg.4031.site.10, 59, 134, 193
537012.5.peg.4031.site.11, 4, 131, 135
537012.5.peg.4031.site.12, 3, 133, 136
537012.5.peg.4031.site.13, 4, 131, 135
537012.5.peg.4030.site.1, 12, 129, 141
537012.5.peg.4030.site.2, 9, 128, 137
537012.5.peg.4030.site.3, 24, 129, 153
537012.5.peg.4030.site.4, 11, 130, 141
537012.5.peg.4030.site.5, 7, 132, 139
537012.5.peg.4030.site.6, 2, 130, 132
537012.5.peg.4030.site.7, 0, 133, 133
537012.5.peg.4030.site.8, 1, 132, 133
537012.5.peg.4030.site.9, 12, 130, 142
537012.5.peg.4030.site.10, 1, 129, 130
537012.5.peg.4030.site.11, 13, 129, 142
537012.5.peg.4030.site.12, 5, 130, 135
537012.5.peg.4030.site.13, 5, 129, 134
537012.5.peg.4030.site.14, 11, 132, 143
537012.5.peg.4030.site.15, 2, 133, 135
537012.5.peg.4030.site.16, 4, 132, 136
537012.5.peg.4030.site.17, 2, 132, 134
537012.5.peg.4030.site.18, 42, 133, 175
537012.5.peg.4030.site.19, 19, 128, 147
537012.5.peg.4030.site.20, 4, 127, 131
537012.5.peg.4030.site.21, 1, 127, 128
537012.5.peg.4030.site.22, 4, 126, 130
537012.5.peg.4030.site.23, 4, 126, 130
537012.5.peg.4030.site.24, 1, 133, 134
537012.5.peg.4030.site.25, 4, 132, 136
537012.5.peg.4030.site.26, 6, 134, 140
537012.5.peg.4030.site.27, 5, 133, 138
537012.5.peg.4030.site.28, 74, 134, 208
537012.5.peg.4030.site.29, 9, 134, 143
537012.5.peg.4030.site.30, 9, 134, 143
537012.5.peg.4030.site.31, 4, 134, 138
537012.5.peg.4030.site.32, 4, 132, 136
537012.5.peg.4030.site.33, 4, 134, 138
537012.5.peg.4030.site.34, 5, 132, 137
537012.5.peg.4030.site.35, 9, 132, 141
537012.5.peg.4030.site.36, 3, 132, 135
537012.5.peg.4030.site.37, 1, 129, 130
537012.5.peg.4030.site.38, 1, 129, 130
537012.5.peg.4030.site.39, 2, 129, 131
537012.5.peg.4030.site.40, 10, 129, 139
537012.5.peg.4030.site.41, 2, 131, 133
537012.5.peg.4030.site.42, 11, 132, 143
537012.5.peg.4030.site.43, 1, 133, 134
537012.5.peg.4030.site.44, 4, 133, 137
537012.5.peg.4030.site.45, 17, 134, 151
537012.5.peg.4030.site.46, 10, 133, 143
537012.5.peg.4030.site.47, 6, 133, 139
537012.5.peg.4030.site.48, 6, 133, 139
537012.5.peg.4030.site.49, 1, 134, 135
537012.5.peg.4030.site.50, 4, 132, 136
537012.5.peg.4030.site.51, 1, 134, 135
537012.5.peg.4030.site.52, 1, 134, 135
537012.5.peg.4030.site.53, 0, 133, 133
537012.5.peg.4030.site.54, 5, 132, 137
537012.5.peg.4030.site.55, 1, 133, 134
537012.5.peg.4030.site.56, 5, 132, 137
537012.5.peg.4030.site.57, 13, 131, 144
537012.5.peg.4033.site.1, 5, 132, 137
537012.5.peg.4033.site.2, 3, 131, 134
537012.5.peg.4033.site.3, 31, 130, 161
537012.5.peg.4033.site.4, 6, 131, 137
537012.5.peg.4033.site.5, 5, 131, 136
537012.5.peg.4032.site.1, 4, 132, 136
537012.5.peg.4032.site.2, 4, 132, 136
537012.5.peg.4032.site.3, 2, 134, 136
537012.5.peg.4032.site.4, 4, 132, 136
537012.5.peg.4032.site.5, 55, 132, 187
537012.5.peg.4032.site.6, 8, 130, 138
537012.5.peg.4032.site.7, 4, 134, 138
537012.5.peg.4032.site.8, 5, 133, 138
537012.5.peg.4032.site.9, 4, 132, 136
537012.5.peg.4032.site.10, 5, 133, 138
537012.5.peg.4032.site.11, 2, 130, 132
537012.5.peg.4032.site.12, 5, 130, 135
537012.5.peg.4032.site.13, 1, 130, 131
537012.5.peg.4032.site.14, 5, 128, 133
537012.5.peg.4032.site.15, 1, 130, 131
537012.5.peg.4032.site.16, 6, 133, 139
537012.5.peg.4032.site.17, 2, 131, 133
537012.5.peg.4032.site.18, 3, 132, 135
537012.5.peg.4032.site.19, 7, 134, 141
537012.5.peg.4032.site.20, 22, 133, 155
537012.5.peg.4032.site.21, 4, 131, 135
537012.5.peg.4035.site.1, 41, 129, 170
537012.5.peg.4035.site.2, 124, 128, 252
537012.5.peg.4035.site.3, 15, 132, 147
537012.5.peg.4035.site.4, 132, 134, 266
537012.5.peg.4035.site.5, 6, 133, 139
537012.5.peg.4035.site.6, 4, 132, 136
537012.5.peg.4035.site.7, 108, 131, 239
537012.5.peg.4035.site.8, 4, 132, 136
537012.5.peg.4035.site.9, 16, 133, 149
537012.5.peg.4035.site.10, 15, 134, 149
537012.5.peg.4035.site.11, 27, 134, 161
537012.5.peg.4035.site.12, 4, 134, 138
537012.5.peg.4035.site.13, 4, 132, 136
537012.5.peg.4035.site.14, 4, 132, 136
537012.5.peg.4035.site.15, 1, 134, 135
537012.5.peg.4035.site.16, 18, 132, 150
537012.5.peg.4035.site.17, 10, 134, 144
537012.5.peg.4035.site.18, 40, 131, 171
537012.5.peg.4035.site.19, 30, 133, 163
537012.5.peg.4035.site.20, 48, 132, 180
537012.5.peg.4035.site.21, 4, 133, 137
537012.5.peg.4035.site.22, 2, 133, 135
537012.5.peg.4035.site.23, 1, 129, 130
537012.5.peg.4035.site.24, 106, 132, 238
537012.5.peg.4035.site.25, 2, 130, 132
537012.5.peg.4035.site.26, 2, 130, 132
537012.5.peg.4035.site.27, 2, 130, 132
537012.5.peg.4035.site.28, 10, 131, 141
537012.5.peg.4034.site.1, 0, 128, 128
537012.5.peg.4034.site.2, 118, 132, 250
537012.5.peg.4034.site.3, 58, 132, 190
537012.5.peg.4034.site.4, 6, 133, 139
537012.5.peg.4034.site.5, 16, 133, 149
537012.5.peg.4034.site.6, 5, 134, 139
537012.5.peg.4034.site.7, 6, 133, 139
537012.5.peg.4034.site.8, 93, 133, 226
537012.5.peg.4037.site.1, 4, 126, 130
537012.5.peg.4037.site.2, 6, 126, 132
537012.5.peg.4037.site.3, 5, 128, 133
537012.5.peg.4037.site.4, 29, 129, 158
537012.5.peg.4037.site.5, 5, 129, 134
537012.5.peg.4037.site.6, 2, 129, 131
537012.5.peg.4037.site.7, 2, 128, 130
537012.5.peg.4037.site.8, 1, 129, 130
537012.5.peg.4037.site.9, 0, 133, 133
537012.5.peg.4037.site.10, 4, 131, 135
537012.5.peg.4037.site.11, 5, 132, 137
537012.5.peg.4037.site.12, 18, 129, 147
537012.5.peg.4037.site.13, 5, 131, 136
537012.5.peg.4037.site.14, 1, 133, 134
537012.5.peg.4037.site.15, 14, 128, 142
537012.5.peg.4037.site.16, 35, 131, 166
537012.5.peg.4037.site.17, 39, 129, 168
537012.5.peg.4037.site.18, 4, 126, 130
537012.5.peg.4037.site.19, 4, 123, 127
537012.5.peg.4037.site.20, 2, 121, 123
537012.5.peg.4037.site.21, 2, 119, 121
537012.5.peg.4037.site.22, 3, 114, 117
537012.5.peg.4037.site.23, 45, 104, 149
537012.5.peg.4037.site.24, 7, 107, 114
537012.5.peg.4037.site.25, 2, 109, 111
537012.5.peg.4037.site.26, 4, 101, 105
537012.5.peg.4037.site.27, 3, 99, 102
537012.5.peg.4037.site.28, 6, 92, 98
537012.5.peg.4037.site.29, 2, 90, 92
537012.5.peg.4036.site.1, 1, 134, 135
537012.5.peg.4036.site.2, 6, 132, 138
537012.5.peg.4036.site.3, 19, 132, 151
537012.5.peg.4036.site.4, 4, 130, 134
537012.5.peg.4036.site.5, 4, 130, 134
537012.5.peg.4036.site.6, 4, 130, 134
537012.5.peg.4036.site.7, 8, 132, 140
537012.5.peg.4036.site.8, 0, 129, 129
537012.5.peg.4036.site.9, 54, 129, 183
537012.5.peg.4036.site.10, 1, 129, 130
537012.5.peg.4036.site.11, 3, 133, 136
537012.5.peg.4036.site.12, 2, 134, 136
537012.5.peg.4036.site.13, 17, 132, 149
537012.5.peg.4036.site.14, 17, 132, 149
537012.5.peg.4036.site.15, 44, 132, 176
537012.5.peg.4036.site.16, 2, 133, 135
537012.5.peg.4036.site.17, 2, 134, 136
537012.5.peg.4036.site.18, 7, 134, 141
537012.5.peg.4036.site.19, 18, 134, 152
537012.5.peg.4036.site.20, 5, 134, 139
537012.5.peg.4036.site.21, 7, 134, 141
537012.5.peg.4036.site.22, 6, 134, 140
537012.5.peg.4036.site.23, 5, 134, 139
537012.5.peg.4036.site.24, 63, 132, 195
537012.5.peg.4036.site.25, 8, 134, 142
537012.5.peg.4036.site.26, 3, 134, 137
537012.5.peg.4036.site.27, 5, 133, 138
537012.5.peg.4036.site.28, 2, 134, 136
537012.5.peg.4036.site.29, 2, 134, 136
537012.5.peg.4036.site.30, 13, 134, 147
537012.5.peg.4036.site.31, 47, 134, 181
537012.5.peg.4036.site.32, 64, 132, 196
537012.5.peg.4036.site.33, 4, 132, 136
537012.5.peg.4036.site.34, 5, 133, 138
537012.5.peg.4036.site.35, 67, 132, 199
537012.5.peg.4036.site.36, 4, 133, 137
537012.5.peg.4036.site.37, 2, 134, 136
537012.5.peg.4036.site.38, 88, 134, 222
537012.5.peg.4036.site.39, 4, 132, 136
537012.5.peg.4036.site.40, 1, 134, 135
537012.5.peg.4036.site.41, 1, 134, 135
537012.5.peg.4036.site.42, 7, 122, 129
537012.5.peg.4036.site.43, 7, 122, 129
537012.5.peg.4036.site.44, 14, 123, 137
537012.5.peg.4036.site.45, 9, 134, 143
537012.5.peg.4036.site.46, 5, 134, 139
537012.5.peg.4036.site.47, 5, 133, 138
537012.5.peg.4036.site.48, 2, 134, 136
537012.5.peg.4036.site.49, 5, 134, 139
537012.5.peg.4036.site.50, 9, 132, 141
537012.5.peg.4036.site.51, 3, 133, 136
537012.5.peg.4036.site.52, 2, 133, 135
537012.5.peg.4036.site.53, 21, 132, 153
537012.5.peg.4036.site.54, 3, 132, 135
537012.5.peg.4036.site.55, 16, 131, 147
537012.5.peg.4036.site.56, 3, 131, 134
537012.5.peg.4036.site.57, 1, 133, 134
537012.5.peg.4036.site.58, 100, 133, 233
537012.5.peg.4036.site.59, 36, 133, 169
537012.5.peg.4036.site.60, 14, 132, 146
537012.5.peg.4036.site.61, 41, 128, 169
537012.5.peg.4036.site.62, 36, 120, 156
537012.5.peg.4036.site.63, 49, 115, 164
537012.5.peg.4036.site.64, 34, 119, 153
537012.5.peg.4036.site.65, 38, 121, 159
537012.5.peg.4036.site.66, 11, 123, 134
537012.5.peg.4036.site.67, 22, 121, 143
537012.5.peg.4036.site.68, 5, 119, 124
537012.5.peg.4036.site.69, 6, 121, 127
537012.5.peg.4036.site.70, 10, 118, 128
537012.5.peg.4036.site.71, 7, 121, 128
537012.5.peg.4036.site.72, 1, 120, 121
537012.5.peg.4036.site.73, 3, 124, 127
537012.5.peg.4259.site.1, 3, 76, 79
537012.5.peg.4259.site.2, 44, 73, 117
537012.5.peg.4259.site.3, 0, 76, 76
537012.5.peg.4259.site.4, 46, 73, 119
537012.5.peg.4259.site.5, 71, 78, 149
537012.5.peg.4259.site.6, 5, 76, 81
537012.5.peg.4259.site.7, 1, 77, 78
537012.5.peg.4259.site.8, 8, 76, 84
537012.5.peg.4259.site.9, 33, 76, 109
537012.5.peg.4259.site.10, 5, 77, 82
537012.5.peg.4259.site.11, 3, 77, 80
537012.5.peg.4259.site.12, 6, 76, 82
537012.5.peg.4259.site.13, 5, 76, 81
537012.5.peg.4259.site.14, 53, 70, 123
537012.5.peg.4259.site.15, 17, 77, 94
537012.5.peg.4259.site.16, 27, 78, 105
537012.5.peg.4259.site.17, 22, 77, 99
537012.5.peg.4259.site.18, 3, 77, 80
537012.5.peg.4259.site.19, 2, 75, 77
537012.5.peg.4259.site.20, 6, 81, 87
537012.5.peg.4259.site.21, 10, 83, 93
537012.5.peg.4259.site.22, 2, 83, 85
537012.5.peg.4259.site.23, 0, 82, 82
537012.5.peg.4259.site.24, 65, 74, 139
537012.5.peg.4259.site.25, 1, 74, 75
537012.5.peg.4259.site.26, 2, 70, 72
537012.5.peg.4259.site.27, 6, 72, 78
537012.5.peg.4259.site.28, 10, 69, 79
537012.5.peg.4259.site.29, 14, 69, 83
537012.5.peg.4259.site.30, 23, 73, 96
537012.5.peg.4259.site.31, 10, 74, 84
537012.5.peg.4259.site.32, 6, 75, 81
537012.5.peg.4259.site.33, 1, 79, 80
537012.5.peg.4259.site.34, 7, 78, 85
537012.5.peg.4259.site.35, 5, 72, 77
537012.5.peg.4259.site.36, 14, 69, 83
537012.5.peg.4259.site.37, 2, 70, 72
537012.5.peg.4259.site.38, 15, 70, 85
537012.5.peg.4259.site.39, 41, 70, 111
537012.5.peg.4259.site.40, 8, 71, 79
537012.5.peg.4259.site.41, 4, 71, 75
537012.5.peg.4259.site.42, 0, 70, 70
537012.5.peg.4254.site.1, 1, 128, 129
537012.5.peg.4254.site.2, 3, 130, 133
537012.5.peg.4254.site.3, 1, 128, 129
537012.5.peg.4254.site.4, 92, 129, 221
537012.5.peg.4254.site.5, 2, 128, 130
537012.5.peg.4254.site.6, 74, 125, 199
537012.5.peg.4254.site.7, 3, 122, 125
537012.5.peg.4254.site.8, 11, 126, 137
537012.5.peg.4254.site.9, 36, 124, 160
537012.5.peg.4254.site.10, 35, 125, 160
537012.5.peg.4254.site.11, 2, 125, 127
537012.5.peg.4254.site.12, 11, 123, 134
537012.5.peg.4254.site.13, 4, 121, 125
537012.5.peg.4254.site.14, 16, 117, 133
537012.5.peg.4254.site.15, 5, 117, 122
537012.5.peg.4254.site.16, 2, 99, 101
537012.5.peg.4254.site.17, 4, 93, 97
537012.5.peg.4254.site.18, 5, 92, 97
537012.5.peg.4254.site.19, 66, 102, 168
537012.5.peg.4254.site.20, 19, 110, 129
537012.5.peg.4254.site.21, 19, 108, 127
537012.5.peg.4254.site.22, 2, 101, 103
537012.5.peg.4254.site.23, 2, 112, 114
537012.5.peg.4254.site.24, 1, 114, 115
537012.5.peg.4254.site.25, 4, 112, 116
537012.5.peg.4254.site.26, 10, 103, 113
537012.5.peg.4817.site.1, 16, 133, 149
537012.5.peg.4817.site.2, 5, 131, 136
537012.5.peg.4817.site.3, 0, 134, 134
537012.5.peg.4817.site.4, 6, 133, 139
537012.5.peg.4817.site.5, 6, 134, 140
537012.5.peg.4817.site.6, 5, 133, 138
537012.5.peg.4817.site.7, 34, 134, 168
537012.5.peg.4817.site.8, 1, 134, 135
537012.5.peg.4817.site.9, 1, 132, 133
537012.5.peg.4817.site.10, 1, 130, 131
537012.5.peg.4817.site.11, 1, 129, 130
537012.5.peg.4817.site.12, 3, 130, 133
537012.5.peg.4817.site.13, 4, 132, 136
537012.5.peg.4817.site.14, 0, 133, 133
537012.5.peg.4817.site.15, 3, 131, 134
537012.5.peg.4817.site.16, 1, 134, 135
537012.5.peg.4817.site.17, 14, 132, 146
537012.5.peg.4817.site.18, 7, 134, 141
537012.5.peg.4817.site.19, 103, 132, 235
537012.5.peg.4817.site.20, 11, 132, 143
537012.5.peg.4817.site.21, 5, 132, 137
537012.5.peg.4817.site.22, 42, 131, 173
537012.5.peg.4817.site.23, 4, 133, 137
537012.5.peg.4817.site.24, 4, 132, 136
537012.5.peg.4817.site.25, 1, 132, 133
537012.5.peg.4817.site.26, 2, 131, 133
537012.5.peg.4817.site.27, 1, 128, 129
537012.5.peg.4817.site.28, 1, 129, 130
537012.5.peg.4817.site.29, 2, 129, 131
537012.5.peg.4817.site.30, 1, 128, 129
537012.5.peg.4816.site.1, 5, 133, 138
537012.5.peg.4816.site.2, 6, 133, 139
537012.5.peg.4816.site.3, 5, 133, 138
537012.5.peg.4816.site.4, 48, 128, 176
537012.5.peg.4816.site.5, 1, 128, 129
537012.5.peg.4816.site.6, 62, 126, 188
537012.5.peg.4816.site.7, 13, 126, 139
537012.5.peg.4816.site.8, 1, 128, 129
537012.5.peg.4816.site.9, 8, 128, 136
537012.5.peg.4816.site.10, 1, 128, 129
537012.5.peg.4816.site.11, 13, 126, 139
537012.5.peg.4816.site.12, 1, 127, 128
537012.5.peg.4816.site.13, 23, 126, 149
537012.5.peg.4816.site.14, 62, 125, 187
537012.5.peg.4816.site.15, 4, 125, 129
537012.5.peg.4816.site.16, 17, 128, 145
537012.5.peg.4816.site.17, 1, 128, 129
537012.5.peg.4816.site.18, 17, 128, 145
537012.5.peg.4816.site.19, 19, 128, 147
537012.5.peg.4816.site.20, 3, 127, 130
537012.5.peg.4816.site.21, 1, 128, 129
537012.5.peg.4816.site.22, 33, 128, 161
537012.5.peg.4816.site.23, 2, 128, 130
537012.5.peg.4816.site.24, 5, 126, 131
537012.5.peg.4816.site.25, 1, 126, 127
537012.5.peg.4816.site.26, 6, 119, 125
537012.5.peg.4816.site.27, 65, 128, 193
537012.5.peg.4816.site.28, 1, 128, 129
537012.5.peg.4816.site.29, 8, 128, 136
537012.5.peg.4816.site.30, 1, 128, 129
537012.5.peg.4816.site.31, 8, 128, 136
537012.5.peg.4816.site.32, 2, 128, 130
537012.5.peg.4816.site.33, 2, 126, 128
537012.5.peg.4816.site.34, 36, 126, 162
537012.5.peg.4816.site.35, 2, 126, 128
537012.5.peg.4816.site.36, 1, 128, 129
537012.5.peg.4816.site.37, 1, 128, 129
537012.5.peg.4816.site.38, 5, 127, 132
537012.5.peg.4816.site.39, 0, 128, 128
537012.5.peg.4816.site.40, 5, 127, 132
537012.5.peg.4816.site.41, 4, 126, 130
537012.5.peg.4816.site.42, 9, 128, 137
537012.5.peg.4816.site.43, 1, 128, 129
537012.5.peg.4816.site.44, 1, 128, 129
537012.5.peg.4816.site.45, 119, 128, 247
537012.5.peg.4816.site.46, 5, 126, 131
537012.5.peg.4816.site.47, 8, 128, 136
537012.5.peg.4816.site.48, 1, 128, 129
537012.5.peg.4816.site.49, 5, 127, 132
537012.5.peg.4816.site.50, 3, 128, 131
537012.5.peg.4816.site.51, 8, 128, 136
537012.5.peg.4816.site.52, 1, 128, 129
537012.5.peg.4816.site.53, 2, 130, 132
537012.5.peg.4816.site.54, 1, 131, 132
537012.5.peg.4816.site.55, 20, 131, 151
537012.5.peg.4816.site.56, 4, 131, 135
537012.5.peg.4816.site.57, 3, 134, 137
537012.5.peg.4816.site.58, 3, 133, 136
537012.5.peg.4816.site.59, 1, 134, 135
537012.5.peg.4816.site.60, 2, 134, 136
537012.5.peg.4816.site.61, 9, 134, 143
537012.5.peg.4816.site.62, 8, 129, 137
537012.5.peg.4816.site.63, 2, 131, 133
537012.5.peg.4816.site.64, 4, 132, 136
537012.5.peg.4816.site.65, 11, 131, 142
537012.5.peg.4815.site.1, 1, 130, 131
537012.5.peg.4815.site.2, 2, 127, 129
537012.5.peg.4815.site.3, 1, 123, 124
537012.5.peg.4815.site.4, 1, 123, 124
537012.5.peg.4815.site.5, 4, 123, 127
537012.5.peg.4815.site.6, 4, 122, 126
537012.5.peg.4815.site.7, 4, 122, 126
537012.5.peg.4815.site.8, 3, 120, 123
537012.5.peg.4815.site.9, 1, 127, 128
537012.5.peg.4815.site.10, 1, 125, 126
537012.5.peg.4815.site.11, 2, 123, 125
537012.5.peg.4815.site.12, 2, 123, 125
537012.5.peg.4815.site.13, 2, 122, 124
537012.5.peg.4815.site.14, 2, 122, 124
537012.5.peg.4815.site.15, 10, 112, 122
537012.5.peg.4815.site.16, 9, 111, 120
537012.5.peg.4815.site.17, 1, 103, 104
537012.5.peg.4815.site.18, 3, 119, 122
537012.5.peg.4815.site.19, 20, 116, 136
537012.5.peg.4815.site.20, 2, 117, 119
537012.5.peg.4815.site.21, 65, 113, 178
537012.5.peg.4815.site.22, 2, 114, 116
537012.5.peg.4815.site.23, 70, 115, 185
537012.5.peg.4815.site.24, 1, 122, 123
537012.5.peg.4815.site.25, 3, 124, 127
537012.5.peg.4815.site.26, 0, 124, 124
537012.5.peg.4815.site.27, 2, 125, 127
537012.5.peg.4815.site.28, 1, 123, 124
537012.5.peg.4814.site.1, 27, 123, 150
537012.5.peg.4814.site.2, 1, 124, 125
537012.5.peg.4814.site.3, 1, 124, 125
537012.5.peg.4814.site.4, 2, 125, 127
537012.5.peg.4813.site.1, 0, 130, 130
537012.5.peg.4813.site.2, 2, 130, 132
537012.5.peg.4813.site.3, 0, 128, 128
537012.5.peg.4813.site.4, 1, 128, 129
537012.5.peg.4813.site.5, 1, 129, 130
537012.5.peg.4813.site.6, 2, 131, 133
537012.5.peg.4813.site.7, 3, 131, 134
537012.5.peg.4813.site.8, 3, 131, 134
537012.5.peg.4813.site.9, 10, 131, 141
537012.5.peg.4813.site.10, 3, 133, 136
537012.5.peg.4813.site.11, 6, 132, 138
537012.5.peg.4813.site.12, 25, 133, 158
537012.5.peg.4813.site.13, 2, 131, 133
537012.5.peg.4813.site.14, 41, 131, 172
537012.5.peg.4813.site.15, 5, 132, 137
537012.5.peg.4813.site.16, 5, 132, 137
537012.5.peg.4813.site.17, 18, 131, 149
537012.5.peg.4813.site.18, 3, 132, 135
537012.5.peg.4813.site.19, 6, 134, 140
537012.5.peg.4813.site.20, 1, 134, 135
537012.5.peg.4813.site.21, 6, 133, 139
537012.5.peg.4813.site.22, 3, 130, 133
537012.5.peg.4813.site.23, 0, 129, 129
537012.5.peg.4813.site.24, 2, 129, 131
537012.5.peg.4813.site.25, 2, 129, 131
537012.5.peg.4813.site.26, 3, 129, 132
537012.5.peg.4813.site.27, 8, 130, 138
537012.5.peg.4813.site.28, 34, 131, 165
537012.5.peg.4813.site.29, 1, 134, 135
537012.5.peg.4813.site.30, 1, 133, 134
537012.5.peg.4813.site.31, 1, 134, 135
537012.5.peg.4813.site.32, 4, 133, 137
537012.5.peg.4813.site.33, 1, 129, 130
537012.5.peg.4813.site.34, 1, 129, 130
537012.5.peg.4813.site.35, 1, 123, 124
537012.5.peg.4813.site.36, 13, 125, 138
537012.5.peg.4813.site.37, 1, 134, 135
537012.5.peg.4813.site.38, 6, 134, 140
537012.5.peg.4813.site.39, 7, 134, 141
537012.5.peg.4813.site.40, 0, 133, 133
537012.5.peg.4813.site.41, 12, 133, 145
537012.5.peg.4813.site.42, 8, 122, 130
537012.5.peg.4813.site.43, 5, 119, 124
537012.5.peg.4813.site.44, 1, 118, 119
537012.5.peg.4813.site.45, 14, 120, 134
537012.5.peg.4813.site.46, 10, 123, 133
537012.5.peg.4813.site.47, 2, 129, 131
537012.5.peg.4813.site.48, 4, 131, 135
537012.5.peg.4813.site.49, 4, 131, 135
537012.5.peg.4813.site.50, 4, 128, 132
537012.5.peg.4813.site.51, 4, 128, 132
537012.5.peg.4813.site.52, 13, 125, 138
537012.5.peg.4813.site.53, 0, 127, 127
537012.5.peg.4813.site.54, 4, 125, 129
537012.5.peg.4812.site.1, 3, 131, 134
537012.5.peg.4812.site.2, 3, 132, 135
537012.5.peg.4812.site.3, 2, 131, 133
537012.5.peg.4812.site.4, 6, 132, 138
537012.5.peg.4812.site.5, 9, 129, 138
537012.5.peg.4812.site.6, 6, 129, 135
537012.5.peg.4812.site.7, 0, 125, 125
537012.5.peg.4812.site.8, 2, 124, 126
537012.5.peg.4812.site.9, 5, 127, 132
537012.5.peg.4812.site.10, 6, 132, 138
537012.5.peg.4812.site.11, 2, 134, 136
537012.5.peg.4812.site.12, 3, 131, 134
537012.5.peg.4812.site.13, 1, 132, 133
537012.5.peg.4812.site.14, 49, 133, 182
537012.5.peg.4812.site.15, 1, 134, 135
537012.5.peg.4812.site.16, 11, 134, 145
537012.5.peg.4812.site.17, 11, 133, 144
537012.5.peg.4812.site.18, 11, 133, 144
537012.5.peg.4812.site.19, 1, 134, 135
537012.5.peg.4812.site.20, 17, 134, 151
537012.5.peg.4812.site.21, 1, 133, 134
537012.5.peg.4812.site.22, 4, 131, 135
537012.5.peg.4812.site.23, 5, 133, 138
537012.5.peg.4812.site.24, 4, 130, 134
537012.5.peg.4812.site.25, 1, 131, 132
537012.5.peg.4812.site.26, 4, 131, 135
537012.5.peg.4812.site.27, 3, 133, 136
537012.5.peg.4812.site.28, 6, 133, 139
537012.5.peg.4812.site.29, 4, 131, 135
537012.5.peg.4812.site.30, 1, 133, 134
537012.5.peg.4812.site.31, 6, 133, 139
537012.5.peg.4812.site.32, 0, 133, 133
537012.5.peg.4812.site.33, 3, 134, 137
537012.5.peg.4812.site.34, 1, 134, 135
537012.5.peg.4812.site.35, 1, 134, 135
537012.5.peg.4812.site.36, 3, 134, 137
537012.5.peg.4812.site.37, 6, 130, 136
537012.5.peg.4812.site.38, 0, 132, 132
537012.5.peg.4812.site.39, 3, 131, 134
537012.5.peg.4812.site.40, 5, 132, 137
537012.5.peg.4812.site.41, 3, 131, 134
537012.5.peg.4812.site.42, 1, 128, 129
537012.5.peg.4812.site.43, 2, 129, 131
537012.5.peg.4812.site.44, 6, 129, 135
537012.5.peg.4812.site.45, 4, 127, 131
537012.5.peg.4812.site.46, 1, 125, 126
537012.5.peg.4812.site.47, 124, 126, 250
537012.5.peg.4812.site.48, 1, 126, 127
537012.5.peg.4812.site.49, 4, 131, 135
537012.5.peg.4811.site.1, 18, 108, 126
537012.5.peg.4811.site.2, 0, 129, 129
537012.5.peg.4811.site.3, 3, 130, 133
537012.5.peg.4811.site.4, 9, 130, 139
537012.5.peg.4811.site.5, 2, 129, 131
537012.5.peg.4811.site.6, 5, 129, 134
537012.5.peg.4811.site.7, 0, 132, 132
537012.5.peg.4811.site.8, 2, 130, 132
537012.5.peg.4811.site.9, 3, 132, 135
537012.5.peg.4811.site.10, 16, 123, 139
537012.5.peg.4811.site.11, 1, 132, 133
537012.5.peg.4811.site.12, 2, 130, 132
537012.5.peg.4811.site.13, 5, 131, 136
537012.5.peg.4811.site.14, 1, 130, 131
537012.5.peg.4811.site.15, 115, 128, 243
537012.5.peg.4811.site.16, 115, 128, 243
537012.5.peg.4811.site.17, 0, 128, 128
537012.5.peg.4811.site.18, 4, 128, 132
537012.5.peg.4811.site.19, 1, 127, 128
537012.5.peg.4811.site.20, 1, 130, 131
537012.5.peg.4811.site.21, 2, 130, 132
537012.5.peg.4811.site.22, 1, 130, 131
537012.5.peg.4811.site.23, 7, 129, 136
537012.5.peg.4811.site.24, 1, 131, 132
537012.5.peg.4811.site.25, 2, 131, 133
537012.5.peg.4811.site.26, 0, 134, 134
537012.5.peg.4811.site.27, 2, 134, 136
537012.5.peg.4811.site.28, 5, 133, 138
537012.5.peg.4811.site.29, 1, 134, 135
537012.5.peg.4811.site.30, 1, 133, 134
537012.5.peg.4811.site.31, 1, 134, 135
537012.5.peg.4811.site.32, 3, 134, 137
537012.5.peg.4811.site.33, 1, 133, 134
537012.5.peg.4811.site.34, 3, 132, 135
537012.5.peg.4811.site.35, 2, 122, 124
537012.5.peg.4811.site.36, 1, 116, 117
537012.5.peg.4811.site.37, 0, 115, 115
537012.5.peg.2256.site.1, 3, 130, 133
537012.5.peg.2256.site.2, 11, 131, 142
537012.5.peg.2256.site.3, 0, 130, 130
537012.5.peg.2256.site.4, 2, 129, 131
537012.5.peg.1793.site.1, 4, 132, 136
537012.5.peg.1793.site.2, 11, 132, 143
537012.5.peg.1793.site.3, 7, 134, 141
537012.5.peg.1793.site.4, 4, 132, 136
537012.5.peg.1793.site.5, 3, 134, 137
537012.5.peg.1793.site.6, 7, 133, 140
537012.5.peg.1793.site.7, 7, 134, 141
537012.5.peg.1793.site.8, 1, 128, 129
537012.5.peg.1793.site.9, 5, 127, 132
537012.5.peg.1793.site.10, 3, 125, 128
537012.5.peg.1793.site.11, 3, 125, 128
537012.5.peg.1793.site.12, 3, 125, 128
537012.5.peg.1793.site.13, 9, 124, 133
537012.5.peg.1793.site.14, 42, 115, 157
537012.5.peg.1793.site.15, 1, 117, 118
537012.5.peg.1793.site.16, 1, 117, 118
537012.5.peg.1793.site.17, 3, 116, 119
537012.5.peg.1793.site.18, 1, 116, 117
537012.5.peg.1793.site.19, 2, 114, 116
537012.5.peg.1793.site.20, 1, 116, 117
537012.5.peg.1793.site.21, 3, 116, 119
537012.5.peg.1793.site.22, 1, 113, 114
537012.5.peg.1793.site.23, 1, 116, 117
537012.5.peg.1793.site.24, 1, 116, 117
537012.5.peg.1793.site.25, 1, 115, 116
537012.5.peg.1793.site.26, 7, 122, 129
537012.5.peg.1793.site.27, 2, 131, 133
537012.5.peg.1793.site.28, 16, 132, 148
537012.5.peg.1793.site.29, 9, 133, 142
537012.5.peg.1793.site.30, 10, 134, 144
537012.5.peg.1793.site.31, 13, 134, 147
537012.5.peg.1793.site.32, 2, 134, 136
537012.5.peg.1793.site.33, 17, 134, 151
537012.5.peg.1793.site.34, 2, 134, 136
537012.5.peg.1793.site.35, 55, 131, 186
537012.5.peg.1793.site.36, 6, 134, 140
537012.5.peg.1793.site.37, 10, 134, 144
537012.5.peg.1792.site.1, 0, 125, 125
537012.5.peg.1792.site.2, 2, 126, 128
537012.5.peg.1792.site.3, 3, 124, 127
537012.5.peg.1792.site.4, 10, 124, 134
537012.5.peg.1792.site.5, 19, 127, 146
537012.5.peg.1792.site.6, 3, 127, 130
537012.5.peg.1792.site.7, 27, 127, 154
537012.5.peg.1792.site.8, 39, 126, 165
537012.5.peg.1792.site.9, 4, 126, 130
537012.5.peg.1792.site.10, 4, 125, 129
537012.5.peg.1792.site.11, 1, 127, 128
537012.5.peg.1792.site.12, 3, 125, 128
537012.5.peg.1792.site.13, 49, 126, 175
537012.5.peg.1792.site.14, 4, 125, 129
537012.5.peg.1792.site.15, 4, 125, 129
537012.5.peg.1792.site.16, 3, 127, 130
537012.5.peg.1791.site.1, 0, 128, 128
537012.5.peg.1791.site.2, 4, 125, 129
537012.5.peg.1791.site.3, 10, 127, 137
537012.5.peg.1791.site.4, 16, 133, 149
537012.5.peg.1791.site.5, 20, 132, 152
537012.5.peg.1791.site.6, 1, 133, 134
537012.5.peg.1791.site.7, 2, 134, 136
537012.5.peg.1791.site.8, 5, 133, 138
537012.5.peg.1791.site.9, 11, 132, 143
537012.5.peg.1791.site.10, 19, 132, 151
537012.5.peg.1791.site.11, 19, 132, 151
537012.5.peg.1791.site.12, 3, 134, 137
537012.5.peg.1791.site.13, 1, 134, 135
537012.5.peg.1791.site.14, 39, 132, 171
537012.5.peg.1791.site.15, 18, 133, 151
537012.5.peg.1791.site.16, 7, 134, 141
537012.5.peg.1791.site.17, 3, 134, 137
537012.5.peg.1791.site.18, 4, 132, 136
537012.5.peg.1791.site.19, 108, 133, 241
537012.5.peg.1791.site.20, 3, 134, 137
537012.5.peg.1791.site.21, 6, 134, 140
537012.5.peg.1791.site.22, 3, 134, 137
537012.5.peg.1791.site.23, 3, 134, 137
537012.5.peg.1791.site.24, 0, 133, 133
537012.5.peg.1791.site.25, 7, 134, 141
537012.5.peg.1791.site.26, 1, 132, 133
537012.5.peg.1791.site.27, 11, 133, 144
537012.5.peg.1791.site.28, 3, 134, 137
537012.5.peg.1791.site.29, 7, 134, 141
537012.5.peg.1791.site.30, 7, 134, 141
537012.5.peg.1791.site.31, 6, 133, 139
537012.5.peg.1791.site.32, 1, 130, 131
537012.5.peg.1791.site.33, 6, 126, 132
537012.5.peg.1791.site.34, 43, 125, 168
537012.5.peg.1790.site.1, 0, 127, 127
537012.5.peg.1790.site.2, 1, 128, 129
537012.5.peg.1790.site.3, 6, 129, 135
537012.5.peg.1790.site.4, 1, 130, 131
537012.5.peg.1790.site.5, 1, 129, 130
537012.5.peg.1790.site.6, 5, 128, 133
537012.5.peg.1790.site.7, 122, 123, 245
537012.5.peg.1790.site.8, 31, 124, 155
537012.5.peg.1790.site.9, 4, 127, 131
537012.5.peg.1790.site.10, 2, 129, 131
537012.5.peg.1790.site.11, 3, 129, 132
537012.5.peg.1797.site.1, 4, 131, 135
537012.5.peg.1797.site.2, 3, 133, 136
537012.5.peg.1797.site.3, 3, 133, 136
537012.5.peg.1797.site.4, 11, 132, 143
537012.5.peg.1797.site.5, 11, 132, 143
537012.5.peg.1797.site.6, 3, 132, 135
537012.5.peg.1797.site.7, 3, 133, 136
537012.5.peg.1797.site.8, 6, 133, 139
537012.5.peg.1797.site.9, 6, 133, 139
537012.5.peg.1797.site.10, 5, 132, 137
537012.5.peg.1797.site.11, 6, 132, 138
537012.5.peg.1797.site.12, 6, 133, 139
537012.5.peg.1797.site.13, 6, 133, 139
537012.5.peg.1797.site.14, 35, 131, 166
537012.5.peg.1797.site.15, 34, 131, 165
537012.5.peg.1797.site.16, 2, 133, 135
537012.5.peg.1797.site.17, 127, 133, 260
537012.5.peg.1797.site.18, 0, 133, 133
537012.5.peg.1797.site.19, 65, 133, 198
537012.5.peg.1797.site.20, 0, 133, 133
537012.5.peg.1797.site.21, 14, 133, 147
537012.5.peg.1797.site.22, 2, 132, 134
537012.5.peg.1797.site.23, 10, 130, 140
537012.5.peg.1797.site.24, 0, 132, 132
537012.5.peg.1797.site.25, 131, 133, 264
537012.5.peg.1797.site.26, 5, 132, 137
537012.5.peg.1797.site.27, 7, 130, 137
537012.5.peg.1797.site.28, 4, 131, 135
537012.5.peg.1797.site.29, 4, 132, 136
537012.5.peg.1797.site.30, 2, 133, 135
537012.5.peg.1797.site.31, 10, 132, 142
537012.5.peg.1797.site.32, 54, 132, 186
537012.5.peg.1797.site.33, 6, 133, 139
537012.5.peg.1797.site.34, 12, 133, 145
537012.5.peg.1797.site.35, 3, 133, 136
537012.5.peg.1797.site.36, 31, 132, 163
537012.5.peg.1797.site.37, 2, 133, 135
537012.5.peg.1797.site.38, 4, 133, 137
537012.5.peg.1797.site.39, 26, 132, 158
537012.5.peg.1797.site.40, 6, 133, 139
537012.5.peg.1797.site.41, 5, 131, 136
537012.5.peg.1797.site.42, 29, 131, 160
537012.5.peg.1796.site.1, 17, 127, 144
537012.5.peg.1796.site.2, 12, 127, 139
537012.5.peg.1796.site.3, 3, 127, 130
537012.5.peg.1796.site.4, 17, 128, 145
537012.5.peg.1796.site.5, 21, 128, 149
537012.5.peg.1796.site.6, 12, 127, 139
537012.5.peg.1796.site.7, 41, 127, 168
537012.5.peg.1796.site.8, 2, 127, 129
537012.5.peg.1796.site.9, 1, 126, 127
537012.5.peg.1796.site.10, 7, 126, 133
537012.5.peg.1796.site.11, 84, 128, 212
537012.5.peg.1796.site.12, 5, 128, 133
537012.5.peg.1796.site.13, 5, 128, 133
537012.5.peg.1796.site.14, 5, 128, 133
537012.5.peg.1796.site.15, 5, 128, 133
537012.5.peg.1796.site.16, 121, 127, 248
537012.5.peg.1796.site.17, 5, 127, 132
537012.5.peg.1796.site.18, 5, 128, 133
537012.5.peg.1796.site.19, 1, 128, 129
537012.5.peg.1796.site.20, 5, 128, 133
537012.5.peg.1796.site.21, 4, 128, 132
537012.5.peg.1796.site.22, 0, 128, 128
537012.5.peg.1796.site.23, 5, 128, 133
537012.5.peg.1796.site.24, 4, 126, 130
537012.5.peg.1796.site.25, 59, 127, 186
537012.5.peg.1796.site.26, 124, 126, 250
537012.5.peg.1796.site.27, 1, 129, 130
537012.5.peg.1796.site.28, 4, 128, 132
537012.5.peg.1796.site.29, 0, 128, 128
537012.5.peg.1796.site.30, 13, 129, 142
537012.5.peg.1796.site.31, 1, 127, 128
537012.5.peg.1796.site.32, 12, 127, 139
537012.5.peg.1796.site.33, 16, 127, 143
537012.5.peg.1796.site.34, 1, 126, 127
537012.5.peg.1796.site.35, 1, 125, 126
537012.5.peg.1796.site.36, 13, 127, 140
537012.5.peg.1796.site.37, 56, 128, 184
537012.5.peg.1796.site.38, 5, 128, 133
537012.5.peg.1796.site.39, 5, 128, 133
537012.5.peg.1796.site.40, 1, 128, 129
537012.5.peg.1796.site.41, 54, 129, 183
537012.5.peg.1796.site.42, 4, 129, 133
537012.5.peg.1796.site.43, 1, 128, 129
537012.5.peg.1796.site.44, 15, 129, 144
537012.5.peg.1796.site.45, 2, 129, 131
537012.5.peg.1796.site.46, 6, 129, 135
537012.5.peg.1795.site.1, 0, 131, 131
537012.5.peg.1795.site.2, 11, 134, 145
537012.5.peg.1795.site.3, 2, 131, 133
537012.5.peg.1795.site.4, 17, 134, 151
537012.5.peg.1795.site.5, 21, 134, 155
537012.5.peg.1795.site.6, 0, 131, 131
537012.5.peg.1795.site.7, 69, 132, 201
537012.5.peg.1795.site.8, 6, 132, 138
537012.5.peg.1795.site.9, 0, 133, 133
537012.5.peg.1795.site.10, 6, 134, 140
537012.5.peg.1795.site.11, 0, 133, 133
537012.5.peg.1794.site.1, 6, 129, 135
537012.5.peg.1794.site.2, 28, 128, 156
537012.5.peg.1794.site.3, 7, 133, 140
537012.5.peg.1794.site.4, 1, 134, 135
537012.5.peg.1794.site.5, 7, 133, 140
537012.5.peg.1794.site.6, 7, 133, 140
537012.5.peg.1794.site.7, 7, 134, 141
537012.5.peg.1794.site.8, 0, 134, 134
537012.5.peg.1794.site.9, 1, 134, 135
537012.5.peg.1794.site.10, 0, 134, 134
537012.5.peg.1794.site.11, 7, 134, 141
537012.5.peg.1794.site.12, 8, 134, 142
537012.5.peg.1794.site.13, 14, 132, 146
537012.5.peg.1794.site.14, 2, 134, 136
537012.5.peg.1794.site.15, 6, 134, 140
537012.5.peg.1794.site.16, 34, 134, 168
537012.5.peg.1794.site.17, 1, 134, 135
537012.5.peg.1794.site.18, 0, 133, 133
537012.5.peg.1794.site.19, 4, 134, 138
537012.5.peg.1794.site.20, 58, 134, 192
537012.5.peg.1794.site.21, 12, 134, 146
537012.5.peg.1794.site.22, 0, 132, 132
537012.5.peg.1794.site.23, 59, 131, 190
537012.5.peg.1794.site.24, 81, 132, 213
537012.5.peg.1794.site.25, 28, 131, 159
537012.5.peg.1799.site.1, 0, 134, 134
537012.5.peg.1799.site.2, 1, 134, 135
537012.5.peg.1799.site.3, 125, 133, 258
537012.5.peg.1799.site.4, 11, 134, 145
537012.5.peg.1799.site.5, 48, 134, 182
537012.5.peg.1799.site.6, 6, 134, 140
537012.5.peg.1799.site.7, 2, 133, 135
537012.5.peg.1799.site.8, 1, 134, 135
537012.5.peg.1799.site.9, 32, 129, 161
537012.5.peg.1799.site.10, 2, 124, 126
537012.5.peg.1799.site.11, 3, 131, 134
537012.5.peg.1799.site.12, 3, 133, 136
537012.5.peg.1799.site.13, 4, 131, 135
537012.5.peg.1799.site.14, 12, 134, 146
537012.5.peg.1799.site.15, 22, 133, 155
537012.5.peg.1799.site.16, 11, 134, 145
537012.5.peg.1799.site.17, 12, 134, 146
537012.5.peg.1799.site.18, 2, 134, 136
537012.5.peg.1799.site.19, 3, 134, 137
537012.5.peg.1799.site.20, 12, 133, 145
537012.5.peg.1799.site.21, 25, 134, 159
537012.5.peg.1799.site.22, 0, 134, 134
537012.5.peg.1799.site.23, 1, 134, 135
537012.5.peg.1798.site.1, 12, 133, 145
537012.5.peg.1798.site.2, 0, 133, 133
537012.5.peg.1798.site.3, 2, 133, 135
537012.5.peg.1798.site.4, 2, 133, 135
537012.5.peg.1798.site.5, 8, 133, 141
537012.5.peg.1798.site.6, 6, 133, 139
537012.5.peg.1798.site.7, 13, 132, 145
537012.5.peg.1798.site.8, 6, 133, 139
537012.5.peg.1798.site.9, 10, 132, 142
537012.5.peg.1798.site.10, 11, 133, 144
537012.5.peg.1798.site.11, 1, 133, 134
537012.5.peg.1798.site.12, 4, 131, 135
537012.5.peg.1798.site.13, 34, 131, 165
537012.5.peg.1798.site.14, 2, 133, 135
537012.5.peg.1798.site.15, 6, 133, 139
537012.5.peg.1798.site.16, 5, 133, 138
537012.5.peg.1798.site.17, 1, 132, 133
537012.5.peg.1798.site.18, 3, 133, 136
537012.5.peg.1798.site.19, 3, 133, 136
537012.5.peg.1798.site.20, 3, 133, 136
537012.5.peg.1798.site.21, 31, 133, 164
537012.5.peg.1798.site.22, 91, 131, 222
537012.5.peg.1798.site.23, 27, 133, 160
537012.5.peg.1798.site.24, 1, 132, 133
537012.5.peg.1798.site.25, 13, 132, 145
537012.5.peg.1798.site.26, 0, 133, 133
537012.5.peg.1798.site.27, 42, 131, 173
537012.5.peg.1798.site.28, 3, 132, 135
537012.5.peg.1798.site.29, 0, 133, 133
537012.5.peg.1798.site.30, 0, 131, 131
537012.5.peg.1798.site.31, 19, 131, 150
537012.5.peg.1155.site.1, 13, 123, 136
537012.5.peg.1155.site.2, 15, 124, 139
537012.5.peg.1155.site.3, 10, 126, 136
537012.5.peg.1155.site.4, 2, 126, 128
537012.5.peg.1155.site.5, 2, 126, 128
537012.5.peg.1155.site.6, 1, 126, 127
537012.5.peg.1155.site.7, 37, 124, 161
537012.5.peg.1155.site.8, 5, 124, 129
537012.5.peg.1155.site.9, 16, 121, 137
537012.5.peg.1155.site.10, 0, 120, 120
537012.5.peg.1155.site.11, 1, 124, 125
537012.5.peg.1155.site.12, 4, 126, 130
537012.5.peg.1155.site.13, 1, 127, 128
537012.5.peg.1155.site.14, 2, 128, 130
537012.5.peg.1155.site.15, 1, 130, 131
537012.5.peg.1155.site.16, 5, 129, 134
537012.5.peg.1155.site.17, 13, 130, 143
537012.5.peg.1155.site.18, 8, 128, 136
537012.5.peg.1155.site.19, 2, 130, 132
537012.5.peg.1155.site.20, 9, 129, 138
537012.5.peg.1155.site.21, 3, 131, 134
537012.5.peg.1155.site.22, 1, 130, 131
537012.5.peg.1155.site.23, 4, 129, 133
537012.5.peg.1155.site.24, 1, 127, 128
537012.5.peg.1155.site.25, 16, 128, 144
537012.5.peg.1155.site.26, 4, 124, 128
537012.5.peg.1155.site.27, 13, 125, 138
537012.5.peg.1155.site.28, 15, 118, 133
537012.5.peg.1155.site.29, 7, 113, 120
537012.5.peg.1155.site.30, 1, 114, 115
537012.5.peg.1155.site.31, 0, 107, 107
537012.5.peg.1155.site.32, 1, 106, 107
537012.5.peg.1155.site.33, 1, 108, 109
537012.5.peg.1155.site.34, 32, 106, 138
537012.5.peg.1155.site.35, 1, 107, 108
537012.5.peg.1155.site.36, 27, 110, 137
537012.5.peg.1155.site.37, 5, 110, 115
537012.5.peg.1155.site.38, 8, 109, 117
537012.5.peg.1155.site.39, 7, 110, 117
537012.5.peg.1155.site.40, 2, 116, 118
537012.5.peg.1155.site.41, 3, 117, 120
537012.5.peg.1155.site.42, 26, 119, 145
537012.5.peg.1155.site.43, 6, 114, 120
537012.5.peg.1155.site.44, 0, 113, 113
537012.5.peg.1155.site.45, 5, 112, 117
537012.5.peg.1155.site.46, 0, 109, 109
537012.5.peg.1155.site.47, 0, 110, 110
537012.5.peg.1155.site.48, 0, 107, 107
537012.5.peg.1155.site.49, 0, 110, 110
537012.5.peg.1155.site.50, 89, 108, 197
537012.5.peg.1155.site.51, 14, 112, 126
537012.5.peg.1155.site.52, 7, 115, 122
537012.5.peg.1155.site.53, 1, 117, 118
537012.5.peg.1155.site.54, 13, 118, 131
537012.5.peg.1155.site.55, 8, 119, 127
537012.5.peg.1155.site.56, 0, 118, 118
537012.5.peg.1155.site.57, 0, 119, 119
537012.5.peg.1155.site.58, 1, 120, 121
537012.5.peg.1155.site.59, 0, 117, 117
537012.5.peg.1155.site.60, 3, 121, 124
537012.5.peg.1155.site.61, 9, 119, 128
537012.5.peg.1155.site.62, 16, 112, 128
537012.5.peg.1155.site.63, 16, 114, 130
537012.5.peg.1155.site.64, 17, 111, 128
537012.5.peg.1155.site.65, 3, 115, 118
537012.5.peg.1155.site.66, 31, 114, 145
537012.5.peg.1155.site.67, 9, 115, 124
537012.5.peg.1155.site.68, 8, 107, 115
537012.5.peg.1155.site.69, 60, 106, 166
537012.5.peg.1156.site.1, 4, 75, 79
537012.5.peg.1156.site.2, 5, 79, 84
537012.5.peg.1156.site.3, 12, 82, 94
537012.5.peg.1156.site.4, 17, 81, 98
537012.5.peg.1156.site.5, 0, 87, 87
537012.5.peg.1156.site.6, 3, 85, 88
537012.5.peg.1156.site.7, 0, 85, 85
537012.5.peg.1156.site.8, 5, 88, 93
537012.5.peg.1156.site.9, 5, 95, 100
537012.5.peg.1156.site.10, 9, 97, 106
537012.5.peg.1156.site.11, 5, 101, 106
537012.5.peg.1156.site.12, 5, 101, 106
537012.5.peg.1156.site.13, 56, 102, 158
537012.5.peg.1156.site.14, 5, 100, 105
537012.5.peg.1156.site.15, 9, 107, 116
537012.5.peg.1156.site.16, 0, 110, 110
537012.5.peg.1156.site.17, 8, 117, 125
537012.5.peg.1156.site.18, 5, 116, 121
537012.5.peg.1156.site.19, 3, 113, 116
537012.5.peg.1151.site.1, 1, 120, 121
537012.5.peg.1151.site.2, 2, 121, 123
537012.5.peg.1151.site.3, 9, 121, 130
537012.5.peg.1151.site.4, 97, 120, 217
537012.5.peg.1151.site.5, 1, 121, 122
537012.5.peg.1151.site.6, 6, 121, 127
537012.5.peg.1151.site.7, 15, 121, 136
537012.5.peg.1151.site.8, 2, 121, 123
537012.5.peg.1151.site.9, 10, 123, 133
537012.5.peg.1151.site.10, 0, 121, 121
537012.5.peg.1151.site.11, 4, 122, 126
537012.5.peg.1151.site.12, 7, 122, 129
537012.5.peg.1151.site.13, 2, 121, 123
537012.5.peg.1151.site.14, 2, 121, 123
537012.5.peg.1151.site.15, 1, 121, 122
537012.5.peg.1151.site.16, 6, 122, 128
537012.5.peg.1151.site.17, 2, 121, 123
537012.5.peg.1151.site.18, 8, 120, 128
537012.5.peg.1151.site.19, 3, 122, 125
537012.5.peg.1151.site.20, 26, 121, 147
537012.5.peg.1151.site.21, 2, 122, 124
537012.5.peg.1151.site.22, 1, 122, 123
537012.5.peg.1151.site.23, 2, 122, 124
537012.5.peg.1151.site.24, 7, 122, 129
537012.5.peg.1151.site.25, 3, 122, 125
537012.5.peg.1151.site.26, 1, 121, 122
537012.5.peg.1151.site.27, 4, 120, 124
537012.5.peg.1151.site.28, 7, 120, 127
537012.5.peg.1151.site.29, 1, 122, 123
537012.5.peg.1151.site.30, 2, 120, 122
537012.5.peg.1151.site.31, 20, 123, 143
537012.5.peg.1151.site.32, 2, 122, 124
537012.5.peg.1151.site.33, 4, 122, 126
537012.5.peg.1151.site.34, 1, 122, 123
537012.5.peg.1151.site.35, 4, 122, 126
537012.5.peg.1151.site.36, 6, 122, 128
537012.5.peg.1151.site.37, 0, 121, 121
537012.5.peg.1151.site.38, 6, 122, 128
537012.5.peg.1151.site.39, 1, 122, 123
537012.5.peg.1151.site.40, 3, 122, 125
537012.5.peg.1151.site.41, 5, 122, 127
537012.5.peg.1151.site.42, 18, 120, 138
537012.5.peg.1151.site.43, 2, 117, 119
537012.5.peg.1151.site.44, 81, 118, 199
537012.5.peg.1151.site.45, 1, 117, 118
537012.5.peg.1151.site.46, 2, 118, 120
537012.5.peg.1151.site.47, 8, 123, 131
537012.5.peg.1151.site.48, 2, 122, 124
537012.5.peg.1151.site.49, 0, 122, 122
537012.5.peg.1151.site.50, 1, 122, 123
537012.5.peg.1151.site.51, 2, 121, 123
537012.5.peg.1151.site.52, 20, 119, 139
537012.5.peg.1151.site.53, 1, 119, 120
537012.5.peg.1151.site.54, 4, 116, 120
537012.5.peg.1151.site.55, 3, 115, 118
537012.5.peg.1151.site.56, 3, 116, 119
537012.5.peg.1151.site.57, 22, 116, 138
537012.5.peg.1151.site.58, 7, 118, 125
537012.5.peg.1151.site.59, 4, 117, 121
537012.5.peg.1151.site.60, 4, 116, 120
537012.5.peg.1151.site.61, 5, 117, 122
537012.5.peg.1151.site.62, 6, 119, 125
537012.5.peg.1151.site.63, 22, 114, 136
537012.5.peg.1151.site.64, 2, 115, 117
537012.5.peg.1151.site.65, 1, 114, 115
537012.5.peg.1151.site.66, 1, 114, 115
537012.5.peg.1151.site.67, 4, 116, 120
537012.5.peg.1151.site.68, 8, 115, 123
537012.5.peg.1151.site.69, 4, 116, 120
537012.5.peg.1151.site.70, 54, 115, 169
537012.5.peg.1151.site.71, 13, 111, 124
537012.5.peg.1151.site.72, 8, 121, 129
537012.5.peg.1151.site.73, 0, 122, 122
537012.5.peg.1151.site.74, 3, 122, 125
537012.5.peg.1151.site.75, 9, 122, 131
537012.5.peg.1151.site.76, 8, 122, 130
537012.5.peg.1151.site.77, 9, 122, 131
537012.5.peg.1151.site.78, 4, 122, 126
537012.5.peg.1151.site.79, 7, 120, 127
537012.5.peg.1151.site.80, 1, 119, 120
537012.5.peg.1151.site.81, 21, 118, 139
537012.5.peg.1151.site.82, 6, 119, 125
537012.5.peg.1151.site.83, 2, 119, 121
537012.5.peg.1151.site.84, 3, 117, 120
537012.5.peg.1151.site.85, 3, 118, 121
537012.5.peg.1151.site.86, 1, 115, 116
537012.5.peg.1151.site.87, 2, 116, 118
537012.5.peg.1151.site.88, 120, 122, 242
537012.5.peg.1151.site.89, 1, 120, 121
537012.5.peg.1151.site.90, 6, 119, 125
537012.5.peg.1151.site.91, 6, 119, 125
537012.5.peg.1151.site.92, 6, 120, 126
537012.5.peg.1151.site.93, 32, 120, 152
537012.5.peg.1151.site.94, 2, 114, 116
537012.5.peg.1151.site.95, 4, 115, 119
537012.5.peg.1151.site.96, 6, 116, 122
537012.5.peg.1151.site.97, 0, 120, 120
537012.5.peg.1151.site.98, 1, 121, 122
537012.5.peg.1151.site.99, 8, 122, 130
537012.5.peg.1151.site.100, 104, 121, 225
537012.5.peg.1151.site.101, 3, 122, 125
537012.5.peg.1151.site.102, 0, 121, 121
537012.5.peg.1151.site.103, 1, 121, 122
537012.5.peg.1151.site.104, 6, 122, 128
537012.5.peg.1151.site.105, 9, 122, 131
537012.5.peg.1151.site.106, 1, 121, 122
537012.5.peg.1151.site.107, 2, 122, 124
537012.5.peg.1151.site.108, 13, 122, 135
537012.5.peg.1151.site.109, 14, 122, 136
537012.5.peg.1151.site.110, 1, 123, 124
537012.5.peg.1151.site.111, 19, 122, 141
537012.5.peg.1151.site.112, 8, 121, 129
537012.5.peg.1151.site.113, 6, 121, 127
537012.5.peg.1151.site.114, 7, 121, 128
537012.5.peg.1151.site.115, 13, 121, 134
537012.5.peg.1151.site.116, 13, 121, 134
537012.5.peg.1151.site.117, 0, 121, 121
537012.5.peg.1151.site.118, 13, 121, 134
537012.5.peg.1150.site.1, 4, 121, 125
537012.5.peg.1150.site.2, 1, 122, 123
537012.5.peg.1150.site.3, 9, 120, 129
537012.5.peg.1150.site.4, 9, 120, 129
537012.5.peg.1150.site.5, 2, 122, 124
537012.5.peg.1150.site.6, 4, 122, 126
537012.5.peg.1150.site.7, 14, 122, 136
537012.5.peg.1150.site.8, 11, 121, 132
537012.5.peg.1150.site.9, 7, 122, 129
537012.5.peg.1150.site.10, 12, 121, 133
537012.5.peg.1150.site.11, 113, 122, 235
537012.5.peg.1150.site.12, 7, 123, 130
537012.5.peg.1150.site.13, 7, 123, 130
537012.5.peg.1150.site.14, 49, 122, 171
537012.5.peg.1150.site.15, 2, 122, 124
537012.5.peg.1150.site.16, 2, 123, 125
537012.5.peg.1150.site.17, 2, 121, 123
537012.5.peg.1150.site.18, 96, 120, 216
537012.5.peg.1150.site.19, 13, 121, 134
537012.5.peg.1150.site.20, 9, 121, 130
537012.5.peg.1150.site.21, 2, 120, 122
537012.5.peg.1150.site.22, 8, 117, 125
537012.5.peg.1150.site.23, 1, 118, 119
537012.5.peg.1150.site.24, 6, 118, 124
537012.5.peg.1150.site.25, 8, 119, 127
537012.5.peg.1150.site.26, 7, 118, 125
537012.5.peg.1150.site.27, 21, 119, 140
537012.5.peg.1150.site.28, 3, 120, 123
537012.5.peg.1150.site.29, 5, 120, 125
537012.5.peg.1150.site.30, 5, 121, 126
537012.5.peg.1150.site.31, 5, 121, 126
537012.5.peg.1150.site.32, 11, 121, 132
537012.5.peg.1150.site.33, 2, 122, 124
537012.5.peg.1150.site.34, 9, 121, 130
537012.5.peg.1150.site.35, 5, 120, 125
537012.5.peg.1150.site.36, 12, 122, 134
537012.5.peg.1150.site.37, 6, 122, 128
537012.5.peg.1150.site.38, 9, 122, 131
537012.5.peg.1150.site.39, 2, 121, 123
537012.5.peg.1150.site.40, 1, 122, 123
537012.5.peg.1150.site.41, 5, 122, 127
537012.5.peg.1150.site.42, 6, 122, 128
537012.5.peg.1150.site.43, 5, 122, 127
537012.5.peg.1150.site.44, 13, 122, 135
537012.5.peg.1150.site.45, 8, 122, 130
537012.5.peg.1150.site.46, 8, 122, 130
537012.5.peg.1150.site.47, 2, 122, 124
537012.5.peg.1150.site.48, 34, 123, 157
537012.5.peg.1150.site.49, 2, 123, 125
537012.5.peg.1150.site.50, 5, 123, 128
537012.5.peg.1150.site.51, 9, 122, 131
537012.5.peg.1150.site.52, 43, 122, 165
537012.5.peg.1150.site.53, 7, 123, 130
537012.5.peg.1150.site.54, 1, 122, 123
537012.5.peg.1150.site.55, 2, 121, 123
537012.5.peg.1150.site.56, 2, 122, 124
537012.5.peg.1150.site.57, 40, 120, 160
537012.5.peg.1150.site.58, 8, 122, 130
537012.5.peg.1150.site.59, 7, 121, 128
537012.5.peg.1150.site.60, 5, 121, 126
537012.5.peg.1150.site.61, 12, 121, 133
537012.5.peg.1150.site.62, 2, 120, 122
537012.5.peg.1150.site.63, 5, 121, 126
537012.5.peg.1150.site.64, 4, 122, 126
537012.5.peg.1150.site.65, 2, 122, 124
537012.5.peg.1150.site.66, 6, 122, 128
537012.5.peg.1150.site.67, 6, 121, 127
537012.5.peg.1150.site.68, 6, 122, 128
537012.5.peg.1150.site.69, 5, 122, 127
537012.5.peg.1152.site.1, 3, 122, 125
537012.5.peg.1152.site.2, 13, 122, 135
537012.5.peg.1152.site.3, 5, 123, 128
537012.5.peg.1152.site.4, 6, 122, 128
537012.5.peg.1152.site.5, 5, 122, 127
537012.5.peg.1152.site.6, 11, 122, 133
537012.5.peg.1152.site.7, 3, 122, 125
537012.5.peg.1152.site.8, 5, 122, 127
537012.5.peg.1152.site.9, 5, 123, 128
537012.5.peg.1152.site.10, 5, 122, 127
537012.5.peg.1152.site.11, 13, 122, 135
537012.5.peg.1152.site.12, 4, 122, 126
537012.5.peg.1152.site.13, 67, 123, 190
537012.5.peg.1152.site.14, 3, 122, 125
537012.5.peg.1152.site.15, 3, 120, 123
537012.5.peg.1152.site.16, 43, 119, 162
537012.5.peg.1152.site.17, 13, 121, 134
537012.5.peg.1152.site.18, 12, 121, 133
537012.5.peg.1152.site.19, 4, 122, 126
537012.5.peg.1152.site.20, 1, 123, 124
537012.5.peg.1152.site.21, 6, 119, 125
537012.5.peg.1152.site.22, 15, 117, 132
537012.5.peg.1152.site.23, 1, 118, 119
537012.5.peg.1152.site.24, 1, 123, 124
537012.5.peg.1152.site.25, 5, 118, 123
537012.5.peg.1152.site.26, 4, 117, 121
537012.5.peg.1152.site.27, 10, 119, 129
537012.5.peg.1152.site.28, 1, 117, 118
537012.5.peg.1152.site.29, 8, 118, 126
537012.5.peg.1152.site.30, 5, 119, 124
537012.5.peg.1152.site.31, 5, 119, 124
537012.5.peg.1152.site.32, 5, 121, 126
537012.5.peg.1152.site.33, 1, 121, 122
537012.5.peg.1152.site.34, 0, 118, 118
537012.5.peg.1152.site.35, 1, 118, 119
537012.5.peg.1152.site.36, 11, 117, 128
537012.5.peg.1152.site.37, 10, 121, 131
537012.5.peg.1152.site.38, 25, 121, 146
537012.5.peg.1152.site.39, 36, 117, 153
537012.5.peg.1152.site.40, 1, 116, 117
537012.5.peg.1152.site.41, 2, 118, 120
537012.5.peg.1152.site.42, 7, 122, 129
537012.5.peg.1152.site.43, 6, 123, 129
537012.5.peg.1152.site.44, 2, 122, 124
537012.5.peg.1152.site.45, 2, 122, 124
537012.5.peg.1152.site.46, 7, 123, 130
537012.5.peg.1152.site.47, 2, 123, 125
537012.5.peg.1152.site.48, 1, 123, 124
537012.5.peg.1152.site.49, 2, 122, 124
537012.5.peg.1152.site.50, 4, 122, 126
537012.5.peg.1152.site.51, 13, 121, 134
537012.5.peg.1152.site.52, 4, 122, 126
537012.5.peg.1152.site.53, 5, 123, 128
537012.5.peg.1152.site.54, 1, 123, 124
537012.5.peg.1152.site.55, 37, 122, 159
537012.5.peg.1152.site.56, 14, 123, 137
537012.5.peg.1152.site.57, 0, 120, 120
537012.5.peg.1152.site.58, 1, 122, 123
537012.5.peg.1152.site.59, 68, 120, 188
537012.5.peg.1152.site.60, 15, 121, 136
537012.5.peg.1152.site.61, 1, 121, 122
537012.5.peg.1152.site.62, 16, 121, 137
537012.5.peg.1152.site.63, 35, 120, 155
537012.5.peg.1152.site.64, 2, 121, 123
537012.5.peg.1152.site.65, 113, 120, 233
537012.5.peg.1152.site.66, 60, 122, 182
537012.5.peg.1152.site.67, 17, 122, 139
537012.5.peg.1152.site.68, 118, 122, 240
537012.5.peg.1152.site.69, 10, 122, 132
537012.5.peg.1152.site.70, 9, 122, 131
537012.5.peg.1152.site.71, 101, 122, 223
537012.5.peg.1152.site.72, 11, 122, 133
537012.5.peg.1152.site.73, 6, 122, 128
537012.5.peg.1152.site.74, 10, 121, 131
537012.5.peg.1152.site.75, 2, 121, 123
537012.5.peg.1152.site.76, 1, 121, 122
537012.5.peg.1152.site.77, 25, 121, 146
537012.5.peg.1152.site.78, 7, 123, 130
537012.5.peg.1152.site.79, 1, 123, 124
537012.5.peg.1152.site.80, 0, 123, 123
537012.5.peg.1152.site.81, 2, 122, 124
537012.5.peg.1152.site.82, 11, 123, 134
537012.5.peg.1152.site.83, 92, 116, 208
537012.5.peg.1152.site.84, 1, 117, 118
537012.5.peg.1152.site.85, 6, 117, 123
537012.5.peg.1152.site.86, 57, 118, 175
537012.5.peg.1152.site.87, 2, 120, 122
537012.5.peg.1152.site.88, 12, 123, 135
537012.5.peg.1152.site.89, 18, 123, 141
537012.5.peg.1152.site.90, 0, 123, 123
537012.5.peg.1152.site.91, 13, 122, 135
537012.5.peg.1152.site.92, 1, 123, 124
537012.5.peg.1152.site.93, 1, 122, 123
537012.5.peg.1152.site.94, 4, 120, 124
537012.5.peg.1152.site.95, 1, 122, 123
537012.5.peg.1152.site.96, 0, 120, 120
537012.5.peg.1152.site.97, 3, 122, 125
537012.5.peg.1152.site.98, 1, 122, 123
537012.5.peg.1152.site.99, 17, 121, 138
537012.5.peg.1152.site.100, 17, 120, 137
537012.5.peg.1152.site.101, 11, 121, 132
537012.5.peg.1379.site.1, 2, 125, 127
537012.5.peg.1379.site.2, 19, 124, 143
537012.5.peg.1379.site.3, 23, 122, 145
537012.5.peg.1379.site.4, 70, 118, 188
537012.5.peg.3380.site.1, 0, 127, 127
537012.5.peg.3380.site.2, 9, 126, 135
537012.5.peg.3380.site.3, 17, 127, 144
537012.5.peg.3380.site.4, 10, 125, 135
537012.5.peg.3380.site.5, 17, 127, 144
537012.5.peg.3380.site.6, 42, 127, 169
537012.5.peg.3380.site.7, 1, 127, 128
537012.5.peg.3380.site.8, 0, 125, 125
537012.5.peg.3380.site.9, 2, 127, 129
537012.5.peg.3380.site.10, 4, 125, 129
537012.5.peg.3380.site.11, 12, 124, 136
537012.5.peg.3380.site.12, 1, 114, 115
537012.5.peg.3380.site.13, 3, 112, 115
537012.5.peg.3380.site.14, 1, 109, 110
537012.5.peg.3380.site.15, 3, 105, 108
537012.5.peg.3380.site.16, 90, 93, 183
537012.5.peg.3380.site.17, 5, 117, 122
537012.5.peg.3380.site.18, 24, 115, 139
537012.5.peg.3380.site.19, 3, 119, 122
537012.5.peg.3380.site.20, 1, 122, 123
537012.5.peg.1375.site.1, 3, 125, 128
537012.5.peg.1375.site.2, 18, 123, 141
537012.5.peg.1375.site.3, 3, 125, 128
537012.5.peg.1375.site.4, 18, 123, 141
537012.5.peg.1375.site.5, 4, 126, 130
537012.5.peg.1375.site.6, 1, 125, 126
537012.5.peg.1375.site.7, 52, 123, 175
537012.5.peg.1375.site.8, 16, 124, 140
537012.5.peg.1375.site.9, 25, 123, 148
537012.5.peg.1375.site.10, 19, 124, 143
537012.5.peg.1375.site.11, 19, 123, 142
537012.5.peg.1375.site.12, 107, 124, 231
537012.5.peg.1375.site.13, 3, 125, 128
537012.5.peg.1375.site.14, 0, 124, 124
537012.5.peg.1375.site.15, 4, 125, 129
537012.5.peg.1375.site.16, 122, 124, 246
537012.5.peg.1375.site.17, 19, 124, 143
537012.5.peg.1375.site.18, 17, 131, 148
537012.5.peg.1375.site.19, 8, 131, 139
537012.5.peg.1375.site.20, 25, 131, 156
537012.5.peg.1375.site.21, 0, 132, 132
537012.5.peg.1375.site.22, 0, 132, 132
537012.5.peg.1375.site.23, 99, 132, 231
537012.5.peg.1375.site.24, 2, 123, 125
537012.5.peg.1375.site.25, 17, 122, 139
537012.5.peg.1375.site.26, 9, 123, 132
537012.5.peg.1375.site.27, 1, 125, 126
537012.5.peg.1375.site.28, 115, 123, 238
537012.5.peg.1375.site.29, 102, 125, 227
537012.5.peg.1375.site.30, 8, 114, 122
537012.5.peg.1375.site.31, 4, 111, 115
537012.5.peg.1375.site.32, 9, 108, 117
537012.5.peg.1375.site.33, 1, 109, 110
537012.5.peg.1375.site.34, 5, 110, 115
537012.5.peg.1375.site.35, 4, 113, 117
537012.5.peg.1375.site.36, 1, 122, 123
537012.5.peg.1375.site.37, 5, 125, 130
537012.5.peg.1375.site.38, 39, 120, 159
537012.5.peg.1375.site.39, 2, 120, 122
537012.5.peg.1375.site.40, 0, 111, 111
537012.5.peg.1375.site.41, 38, 110, 148
537012.5.peg.1375.site.42, 3, 111, 114
537012.5.peg.1375.site.43, 2, 109, 111
537012.5.peg.1375.site.44, 1, 113, 114
537012.5.peg.1375.site.45, 26, 126, 152
537012.5.peg.1375.site.46, 1, 121, 122
537012.5.peg.1375.site.47, 4, 113, 117
537012.5.peg.1375.site.48, 1, 109, 110
537012.5.peg.1375.site.49, 22, 120, 142
537012.5.peg.1375.site.50, 10, 126, 136
537012.5.peg.1375.site.51, 62, 125, 187
537012.5.peg.1375.site.52, 1, 120, 121
537012.5.peg.1375.site.53, 59, 112, 171
537012.5.peg.1375.site.54, 9, 115, 124
537012.5.peg.1375.site.55, 1, 117, 118
537012.5.peg.1375.site.56, 6, 114, 120
537012.5.peg.1375.site.57, 3, 115, 118
537012.5.peg.1375.site.58, 8, 114, 122
537012.5.peg.1375.site.59, 1, 117, 118
537012.5.peg.1375.site.60, 14, 120, 134
537012.5.peg.1375.site.61, 4, 122, 126
537012.5.peg.1375.site.62, 16, 121, 137
537012.5.peg.1375.site.63, 27, 123, 150
537012.5.peg.1375.site.64, 18, 123, 141
537012.5.peg.1375.site.65, 1, 125, 126
537012.5.peg.1375.site.66, 17, 122, 139
537012.5.peg.1375.site.67, 18, 122, 140
537012.5.peg.1375.site.68, 18, 122, 140
537012.5.peg.1375.site.69, 3, 125, 128
537012.5.peg.1375.site.70, 2, 125, 127
537012.5.peg.1375.site.71, 15, 123, 138
537012.5.peg.1375.site.72, 49, 122, 171
537012.5.peg.1375.site.73, 1, 124, 125
537012.5.peg.1375.site.74, 89, 122, 211
537012.5.peg.1375.site.75, 3, 123, 126
537012.5.peg.1375.site.76, 20, 123, 143
537012.5.peg.1375.site.77, 1, 127, 128
537012.5.peg.1375.site.78, 2, 127, 129
537012.5.peg.1375.site.79, 3, 128, 131
537012.5.peg.1375.site.80, 19, 126, 145
537012.5.peg.1375.site.81, 1, 127, 128
537012.5.peg.1375.site.82, 100, 124, 224
537012.5.peg.1375.site.83, 2, 124, 126
537012.5.peg.1375.site.84, 1, 125, 126
537012.5.peg.1375.site.85, 10, 125, 135
537012.5.peg.1375.site.86, 9, 125, 134
537012.5.peg.1375.site.87, 3, 125, 128
537012.5.peg.1375.site.88, 5, 124, 129
537012.5.peg.1375.site.89, 6, 125, 131
537012.5.peg.1375.site.90, 5, 130, 135
537012.5.peg.1375.site.91, 17, 130, 147
537012.5.peg.1375.site.92, 0, 131, 131
537012.5.peg.1374.site.1, 8, 127, 135
537012.5.peg.1374.site.2, 1, 118, 119
537012.5.peg.1374.site.3, 17, 117, 134
537012.5.peg.1374.site.4, 18, 115, 133
537012.5.peg.1374.site.5, 1, 116, 117
537012.5.peg.1374.site.6, 1, 115, 116
537012.5.peg.1374.site.7, 1, 115, 116
537012.5.peg.1374.site.8, 0, 114, 114
537012.5.peg.1374.site.9, 0, 115, 115
537012.5.peg.1374.site.10, 16, 115, 131
537012.5.peg.1374.site.11, 1, 116, 117
537012.5.peg.1374.site.12, 1, 116, 117
537012.5.peg.1374.site.13, 3, 117, 120
537012.5.peg.1374.site.14, 17, 116, 133
537012.5.peg.1374.site.15, 17, 117, 134
537012.5.peg.1374.site.16, 16, 117, 133
537012.5.peg.1374.site.17, 2, 121, 123
537012.5.peg.1374.site.18, 17, 122, 139
537012.5.peg.1374.site.19, 22, 122, 144
537012.5.peg.1374.site.20, 2, 124, 126
537012.5.peg.1374.site.21, 3, 124, 127
537012.5.peg.1374.site.22, 1, 122, 123
537012.5.peg.1374.site.23, 43, 118, 161
537012.5.peg.1374.site.24, 54, 121, 175
537012.5.peg.1374.site.25, 12, 124, 136
537012.5.peg.1374.site.26, 20, 124, 144
537012.5.peg.1374.site.27, 2, 125, 127
537012.5.peg.1374.site.28, 2, 125, 127
537012.5.peg.1374.site.29, 13, 125, 138
537012.5.peg.1374.site.30, 7, 123, 130
537012.5.peg.1374.site.31, 14, 123, 137
537012.5.peg.1374.site.32, 16, 123, 139
537012.5.peg.1374.site.33, 1, 126, 127
537012.5.peg.1374.site.34, 6, 126, 132
537012.5.peg.1374.site.35, 5, 122, 127
537012.5.peg.1374.site.36, 4, 125, 129
537012.5.peg.1374.site.37, 1, 121, 122
537012.5.peg.1374.site.38, 19, 124, 143
537012.5.peg.1374.site.39, 89, 120, 209
537012.5.peg.1374.site.40, 15, 119, 134
537012.5.peg.1374.site.41, 2, 122, 124
537012.5.peg.1374.site.42, 16, 122, 138
537012.5.peg.1374.site.43, 16, 123, 139
537012.5.peg.1374.site.44, 16, 123, 139
537012.5.peg.1374.site.45, 0, 124, 124
537012.5.peg.1374.site.46, 15, 123, 138
537012.5.peg.1374.site.47, 2, 125, 127
537012.5.peg.1374.site.48, 3, 125, 128
537012.5.peg.1374.site.49, 9, 125, 134
537012.5.peg.1374.site.50, 17, 121, 138
537012.5.peg.1374.site.51, 0, 123, 123
537012.5.peg.1374.site.52, 1, 125, 126
537012.5.peg.1374.site.53, 2, 125, 127
537012.5.peg.1374.site.54, 17, 124, 141
537012.5.peg.1374.site.55, 16, 123, 139
537012.5.peg.1374.site.56, 40, 124, 164
537012.5.peg.1374.site.57, 3, 125, 128
537012.5.peg.1374.site.58, 93, 124, 217
537012.5.peg.1374.site.59, 38, 125, 163
537012.5.peg.1374.site.60, 16, 122, 138
537012.5.peg.1374.site.61, 8, 123, 131
537012.5.peg.1374.site.62, 1, 124, 125
537012.5.peg.1374.site.63, 0, 124, 124
537012.5.peg.1374.site.64, 19, 123, 142
537012.5.peg.1374.site.65, 3, 124, 127
537012.5.peg.1374.site.66, 3, 125, 128
537012.5.peg.1374.site.67, 0, 124, 124
537012.5.peg.1377.site.1, 7, 111, 118
537012.5.peg.1377.site.2, 1, 107, 108
537012.5.peg.1377.site.3, 3, 106, 109
537012.5.peg.1377.site.4, 8, 105, 113
537012.5.peg.1377.site.5, 1, 106, 107
537012.5.peg.1377.site.6, 3, 109, 112
537012.5.peg.1377.site.7, 40, 110, 150
537012.5.peg.1377.site.8, 11, 117, 128
537012.5.peg.1377.site.9, 84, 123, 207
537012.5.peg.1377.site.10, 17, 122, 139
537012.5.peg.1377.site.11, 18, 123, 141
537012.5.peg.1377.site.12, 18, 123, 141
537012.5.peg.1377.site.13, 18, 124, 142
537012.5.peg.1377.site.14, 41, 123, 164
537012.5.peg.1377.site.15, 11, 125, 136
537012.5.peg.1377.site.16, 17, 122, 139
537012.5.peg.1377.site.17, 16, 121, 137
537012.5.peg.1377.site.18, 13, 118, 131
537012.5.peg.1377.site.19, 10, 113, 123
537012.5.peg.1377.site.20, 5, 111, 116
537012.5.peg.1377.site.21, 1, 111, 112
537012.5.peg.1377.site.22, 3, 109, 112
537012.5.peg.1377.site.23, 3, 110, 113
537012.5.peg.1377.site.24, 3, 109, 112
537012.5.peg.1377.site.25, 3, 109, 112
537012.5.peg.1377.site.26, 5, 108, 113
537012.5.peg.1377.site.27, 18, 107, 125
537012.5.peg.1377.site.28, 2, 107, 109
537012.5.peg.1377.site.29, 0, 107, 107
537012.5.peg.1377.site.30, 3, 106, 109
537012.5.peg.1377.site.31, 6, 105, 111
537012.5.peg.1377.site.32, 1, 106, 107
537012.5.peg.1377.site.33, 0, 101, 101
537012.5.peg.1376.site.1, 18, 122, 140
537012.5.peg.1376.site.2, 103, 124, 227
537012.5.peg.1376.site.3, 0, 124, 124
537012.5.peg.1376.site.4, 0, 125, 125
537012.5.peg.1376.site.5, 19, 123, 142
537012.5.peg.1376.site.6, 24, 124, 148
537012.5.peg.1376.site.7, 17, 122, 139
537012.5.peg.1376.site.8, 5, 124, 129
537012.5.peg.1376.site.9, 11, 123, 134
537012.5.peg.1376.site.10, 16, 121, 137
537012.5.peg.1376.site.11, 0, 118, 118
537012.5.peg.1376.site.12, 8, 115, 123
537012.5.peg.1376.site.13, 41, 114, 155
537012.5.peg.1376.site.14, 7, 113, 120
537012.5.peg.1376.site.15, 7, 114, 121
537012.5.peg.1376.site.16, 16, 121, 137
537012.5.peg.1376.site.17, 3, 125, 128
537012.5.peg.1376.site.18, 16, 121, 137
537012.5.peg.1376.site.19, 13, 125, 138
537012.5.peg.1376.site.20, 18, 123, 141
537012.5.peg.1376.site.21, 18, 123, 141
537012.5.peg.1376.site.22, 9, 125, 134
537012.5.peg.1376.site.23, 0, 125, 125
537012.5.peg.1376.site.24, 0, 124, 124
537012.5.peg.1376.site.25, 3, 125, 128
537012.5.peg.1376.site.26, 17, 125, 142
537012.5.peg.1376.site.27, 3, 125, 128
537012.5.peg.1376.site.28, 19, 124, 143
537012.5.peg.1376.site.29, 11, 125, 136
537012.5.peg.1376.site.30, 12, 125, 137
537012.5.peg.1376.site.31, 3, 125, 128
537012.5.peg.1376.site.32, 21, 123, 144
537012.5.peg.1376.site.33, 3, 125, 128
537012.5.peg.1376.site.34, 3, 125, 128
537012.5.peg.1376.site.35, 0, 123, 123
537012.5.peg.1376.site.36, 66, 122, 188
537012.5.peg.1376.site.37, 7, 124, 131
537012.5.peg.1376.site.38, 26, 125, 151
537012.5.peg.1376.site.39, 2, 125, 127
537012.5.peg.1376.site.40, 4, 125, 129
537012.5.peg.1376.site.41, 34, 125, 159
537012.5.peg.1376.site.42, 5, 125, 130
537012.5.peg.1376.site.43, 7, 125, 132
537012.5.peg.1376.site.44, 14, 123, 137
537012.5.peg.1376.site.45, 101, 125, 226
537012.5.peg.1376.site.46, 64, 124, 188
537012.5.peg.1376.site.47, 3, 125, 128
537012.5.peg.1376.site.48, 3, 124, 127
537012.5.peg.1376.site.49, 3, 124, 127
537012.5.peg.1376.site.50, 0, 126, 126
537012.5.peg.1376.site.51, 7, 124, 131
537012.5.peg.1376.site.52, 11, 125, 136
537012.5.peg.1376.site.53, 3, 124, 127
537012.5.peg.1376.site.54, 7, 117, 124
537012.5.peg.1376.site.55, 16, 123, 139
537012.5.peg.1376.site.56, 3, 125, 128
537012.5.peg.1376.site.57, 13, 122, 135
537012.5.peg.1376.site.58, 3, 122, 125
537012.5.peg.1376.site.59, 13, 120, 133
537012.5.peg.1376.site.60, 12, 120, 132
537012.5.peg.1376.site.61, 3, 111, 114
537012.5.peg.1376.site.62, 6, 109, 115
537012.5.peg.878.site.1, 3, 122, 125
537012.5.peg.878.site.2, 4, 124, 128
537012.5.peg.878.site.3, 27, 123, 150
537012.5.peg.878.site.4, 40, 123, 163
537012.5.peg.878.site.5, 8, 124, 132
537012.5.peg.878.site.6, 3, 121, 124
537012.5.peg.878.site.7, 99, 124, 223
537012.5.peg.878.site.8, 3, 121, 124
537012.5.peg.878.site.9, 8, 123, 131
537012.5.peg.878.site.10, 18, 120, 138
537012.5.peg.878.site.11, 3, 122, 125
537012.5.peg.878.site.12, 44, 121, 165
537012.5.peg.878.site.13, 3, 123, 126
537012.5.peg.878.site.14, 1, 119, 120
537012.5.peg.878.site.15, 1, 120, 121
537012.5.peg.878.site.16, 89, 119, 208
537012.5.peg.878.site.17, 19, 118, 137
537012.5.peg.878.site.18, 12, 118, 130
537012.5.peg.879.site.1, 4, 122, 126
537012.5.peg.879.site.2, 3, 121, 124
537012.5.peg.879.site.3, 3, 121, 124
537012.5.peg.879.site.4, 2, 124, 126
537012.5.peg.879.site.5, 4, 124, 128
537012.5.peg.879.site.6, 22, 123, 145
537012.5.peg.879.site.7, 9, 123, 132
537012.5.peg.879.site.8, 11, 123, 134
537012.5.peg.879.site.9, 2, 121, 123
537012.5.peg.879.site.10, 2, 121, 123
537012.5.peg.879.site.11, 112, 119, 231
537012.5.peg.879.site.12, 7, 119, 126
537012.5.peg.879.site.13, 53, 121, 174
537012.5.peg.879.site.14, 40, 123, 163
537012.5.peg.879.site.15, 1, 124, 125
537012.5.peg.879.site.16, 8, 123, 131
537012.5.peg.879.site.17, 0, 123, 123
537012.5.peg.879.site.18, 69, 124, 193
537012.5.peg.879.site.19, 3, 124, 127
537012.5.peg.879.site.20, 4, 122, 126
537012.5.peg.879.site.21, 4, 122, 126
537012.5.peg.879.site.22, 1, 123, 124
537012.5.peg.879.site.23, 11, 122, 133
537012.5.peg.879.site.24, 7, 124, 131
537012.5.peg.879.site.25, 4, 121, 125
537012.5.peg.876.site.1, 1, 132, 133
537012.5.peg.876.site.2, 9, 128, 137
537012.5.peg.876.site.3, 5, 130, 135
537012.5.peg.876.site.4, 4, 129, 133
537012.5.peg.876.site.5, 1, 132, 133
537012.5.peg.876.site.6, 6, 132, 138
537012.5.peg.876.site.7, 6, 131, 137
537012.5.peg.876.site.8, 1, 131, 132
537012.5.peg.876.site.9, 11, 130, 141
537012.5.peg.876.site.10, 3, 132, 135
537012.5.peg.876.site.11, 6, 132, 138
537012.5.peg.876.site.12, 7, 132, 139
537012.5.peg.876.site.13, 6, 132, 138
537012.5.peg.876.site.14, 4, 130, 134
537012.5.peg.876.site.15, 16, 131, 147
537012.5.peg.876.site.16, 39, 131, 170
537012.5.peg.876.site.17, 6, 132, 138
537012.5.peg.876.site.18, 6, 132, 138
537012.5.peg.876.site.19, 6, 132, 138
537012.5.peg.876.site.20, 2, 132, 134
537012.5.peg.876.site.21, 6, 132, 138
537012.5.peg.876.site.22, 7, 132, 139
537012.5.peg.876.site.23, 2, 131, 133
537012.5.peg.876.site.24, 26, 132, 158
537012.5.peg.876.site.25, 6, 132, 138
537012.5.peg.876.site.26, 1, 132, 133
537012.5.peg.876.site.27, 7, 131, 138
537012.5.peg.876.site.28, 6, 132, 138
537012.5.peg.876.site.29, 6, 132, 138
537012.5.peg.876.site.30, 55, 131, 186
537012.5.peg.876.site.31, 1, 132, 133
537012.5.peg.876.site.32, 78, 131, 209
537012.5.peg.876.site.33, 6, 132, 138
537012.5.peg.876.site.34, 10, 132, 142
537012.5.peg.876.site.35, 3, 132, 135
537012.5.peg.876.site.36, 6, 132, 138
537012.5.peg.876.site.37, 4, 129, 133
537012.5.peg.876.site.38, 28, 130, 158
537012.5.peg.876.site.39, 1, 127, 128
537012.5.peg.876.site.40, 3, 129, 132
537012.5.peg.876.site.41, 6, 132, 138
537012.5.peg.876.site.42, 4, 129, 133
537012.5.peg.876.site.43, 1, 131, 132
537012.5.peg.876.site.44, 12, 128, 140
537012.5.peg.876.site.45, 4, 130, 134
537012.5.peg.876.site.46, 1, 132, 133
537012.5.peg.876.site.47, 58, 128, 186
537012.5.peg.876.site.48, 36, 128, 164
537012.5.peg.876.site.49, 6, 130, 136
537012.5.peg.876.site.50, 7, 130, 137
537012.5.peg.876.site.51, 4, 128, 132
537012.5.peg.876.site.52, 5, 128, 133
537012.5.peg.876.site.53, 0, 128, 128
537012.5.peg.876.site.54, 1, 129, 130
537012.5.peg.876.site.55, 1, 130, 131
537012.5.peg.876.site.56, 5, 130, 135
537012.5.peg.876.site.57, 11, 128, 139
537012.5.peg.876.site.58, 4, 128, 132
537012.5.peg.876.site.59, 4, 128, 132
537012.5.peg.876.site.60, 4, 128, 132
537012.5.peg.876.site.61, 4, 128, 132
537012.5.peg.877.site.1, 6, 130, 136
537012.5.peg.877.site.2, 5, 129, 134
537012.5.peg.877.site.3, 12, 129, 141
537012.5.peg.877.site.4, 1, 130, 131
537012.5.peg.877.site.5, 5, 129, 134
537012.5.peg.877.site.6, 1, 130, 131
537012.5.peg.877.site.7, 7, 130, 137
537012.5.peg.877.site.8, 11, 130, 141
537012.5.peg.877.site.9, 98, 130, 228
537012.5.peg.877.site.10, 6, 130, 136
537012.5.peg.877.site.11, 1, 130, 131
537012.5.peg.877.site.12, 0, 130, 130
537012.5.peg.877.site.13, 7, 130, 137
537012.5.peg.877.site.14, 38, 129, 167
537012.5.peg.877.site.15, 12, 129, 141
537012.5.peg.877.site.16, 6, 129, 135
537012.5.peg.877.site.17, 6, 129, 135
537012.5.peg.877.site.18, 5, 129, 134
537012.5.peg.877.site.19, 4, 128, 132
537012.5.peg.877.site.20, 4, 128, 132
537012.5.peg.877.site.21, 3, 128, 131
537012.5.peg.877.site.22, 11, 127, 138
537012.5.peg.877.site.23, 2, 126, 128
537012.5.peg.877.site.24, 6, 130, 136
537012.5.peg.877.site.25, 11, 128, 139
537012.5.peg.877.site.26, 4, 128, 132
537012.5.peg.877.site.27, 1, 129, 130
537012.5.peg.877.site.28, 1, 130, 131
537012.5.peg.877.site.29, 57, 126, 183
537012.5.peg.877.site.30, 10, 127, 137
537012.5.peg.877.site.31, 8, 130, 138
537012.5.peg.877.site.32, 11, 128, 139
537012.5.peg.877.site.33, 24, 130, 154
537012.5.peg.877.site.34, 11, 128, 139
537012.5.peg.877.site.35, 1, 129, 130
537012.5.peg.877.site.36, 5, 129, 134
537012.5.peg.877.site.37, 12, 129, 141
537012.5.peg.877.site.38, 11, 128, 139
537012.5.peg.877.site.39, 12, 129, 141
537012.5.peg.877.site.40, 3, 130, 133
537012.5.peg.877.site.41, 7, 130, 137
537012.5.peg.877.site.42, 6, 130, 136
537012.5.peg.877.site.43, 6, 130, 136
537012.5.peg.877.site.44, 4, 128, 132
537012.5.peg.877.site.45, 6, 130, 136
537012.5.peg.877.site.46, 1, 130, 131
537012.5.peg.877.site.47, 2, 130, 132
537012.5.peg.877.site.48, 6, 130, 136
537012.5.peg.877.site.49, 3, 124, 127
537012.5.peg.877.site.50, 3, 128, 131
537012.5.peg.877.site.51, 12, 126, 138
537012.5.peg.877.site.52, 9, 127, 136
537012.5.peg.877.site.53, 6, 130, 136
537012.5.peg.877.site.54, 11, 129, 140
537012.5.peg.877.site.55, 7, 129, 136
537012.5.peg.877.site.56, 1, 130, 131
537012.5.peg.877.site.57, 7, 130, 137
537012.5.peg.877.site.58, 1, 130, 131
537012.5.peg.877.site.59, 5, 129, 134
537012.5.peg.877.site.60, 16, 129, 145
537012.5.peg.877.site.61, 6, 129, 135
537012.5.peg.877.site.62, 1, 129, 130
537012.5.peg.877.site.63, 0, 130, 130
537012.5.peg.877.site.64, 32, 128, 160
537012.5.peg.877.site.65, 7, 128, 135
537012.5.peg.877.site.66, 1, 130, 131
537012.5.peg.877.site.67, 6, 129, 135
537012.5.peg.877.site.68, 1, 129, 130
537012.5.peg.877.site.69, 4, 127, 131
537012.5.peg.877.site.70, 5, 129, 134
537012.5.peg.877.site.71, 7, 129, 136
537012.5.peg.877.site.72, 5, 130, 135
537012.5.peg.877.site.73, 129, 130, 259
537012.5.peg.877.site.74, 1, 130, 131
537012.5.peg.877.site.75, 4, 128, 132
537012.5.peg.877.site.76, 6, 130, 136
537012.5.peg.877.site.77, 2, 130, 132
537012.5.peg.877.site.78, 1, 130, 131
537012.5.peg.877.site.79, 9, 130, 139
537012.5.peg.877.site.80, 0, 130, 130
537012.5.peg.877.site.81, 41, 128, 169
537012.5.peg.877.site.82, 79, 127, 206
537012.5.peg.877.site.83, 7, 130, 137
537012.5.peg.877.site.84, 2, 130, 132
537012.5.peg.877.site.85, 5, 128, 133
537012.5.peg.877.site.86, 123, 130, 253
537012.5.peg.877.site.87, 7, 129, 136
537012.5.peg.877.site.88, 1, 130, 131
537012.5.peg.877.site.89, 1, 130, 131
537012.5.peg.877.site.90, 0, 130, 130
537012.5.peg.877.site.91, 44, 127, 171
537012.5.peg.877.site.92, 4, 130, 134
537012.5.peg.877.site.93, 8, 128, 136
537012.5.peg.877.site.94, 5, 130, 135
537012.5.peg.877.site.95, 15, 129, 144
537012.5.peg.877.site.96, 14, 130, 144
537012.5.peg.877.site.97, 16, 129, 145
537012.5.peg.877.site.98, 15, 128, 143
537012.5.peg.877.site.99, 1, 125, 126
537012.5.peg.874.site.1, 7, 118, 125
537012.5.peg.874.site.2, 4, 127, 131
537012.5.peg.874.site.3, 83, 126, 209
537012.5.peg.874.site.4, 26, 126, 152
537012.5.peg.874.site.5, 5, 126, 131
537012.5.peg.874.site.6, 3, 127, 130
537012.5.peg.874.site.7, 92, 126, 218
537012.5.peg.874.site.8, 0, 128, 128
537012.5.peg.874.site.9, 3, 126, 129
537012.5.peg.874.site.10, 4, 125, 129
537012.5.peg.874.site.11, 6, 128, 134
537012.5.peg.874.site.12, 3, 124, 127
537012.5.peg.874.site.13, 50, 125, 175
537012.5.peg.874.site.14, 29, 127, 156
537012.5.peg.874.site.15, 2, 126, 128
537012.5.peg.874.site.16, 2, 129, 131
537012.5.peg.874.site.17, 0, 128, 128
537012.5.peg.874.site.18, 3, 128, 131
537012.5.peg.874.site.19, 7, 127, 134
537012.5.peg.874.site.20, 2, 129, 131
537012.5.peg.874.site.21, 7, 129, 136
537012.5.peg.874.site.22, 1, 130, 131
537012.5.peg.874.site.23, 1, 128, 129
537012.5.peg.874.site.24, 1, 128, 129
537012.5.peg.875.site.1, 17, 132, 149
537012.5.peg.875.site.2, 5, 133, 138
537012.5.peg.875.site.3, 3, 132, 135
537012.5.peg.875.site.4, 1, 131, 132
537012.5.peg.875.site.5, 0, 129, 129
537012.5.peg.875.site.6, 1, 128, 129
537012.5.peg.875.site.7, 1, 129, 130
537012.5.peg.875.site.8, 6, 129, 135
537012.5.peg.875.site.9, 37, 128, 165
537012.5.peg.875.site.10, 3, 126, 129
537012.5.peg.875.site.11, 4, 127, 131
537012.5.peg.875.site.12, 3, 127, 130
537012.5.peg.875.site.13, 8, 130, 138
537012.5.peg.875.site.14, 7, 131, 138
537012.5.peg.875.site.15, 1, 131, 132
537012.5.peg.875.site.16, 24, 129, 153
537012.5.peg.875.site.17, 0, 130, 130
537012.5.peg.875.site.18, 1, 129, 130
537012.5.peg.875.site.19, 6, 130, 136
537012.5.peg.875.site.20, 6, 130, 136
537012.5.peg.875.site.21, 3, 131, 134
537012.5.peg.875.site.22, 6, 134, 140
537012.5.peg.875.site.23, 6, 133, 139
537012.5.peg.875.site.24, 3, 130, 133
537012.5.peg.875.site.25, 13, 131, 144
537012.5.peg.875.site.26, 8, 131, 139
537012.5.peg.875.site.27, 10, 131, 141
537012.5.peg.875.site.28, 4, 134, 138
537012.5.peg.875.site.29, 6, 134, 140
537012.5.peg.875.site.30, 6, 134, 140
537012.5.peg.875.site.31, 5, 133, 138
537012.5.peg.875.site.32, 14, 132, 146
537012.5.peg.875.site.33, 2, 132, 134
537012.5.peg.875.site.34, 6, 132, 138
537012.5.peg.875.site.35, 6, 133, 139
537012.5.peg.875.site.36, 1, 132, 133
537012.5.peg.875.site.37, 5, 133, 138
537012.5.peg.875.site.38, 121, 133, 254
537012.5.peg.875.site.39, 4, 132, 136
537012.5.peg.875.site.40, 4, 133, 137
537012.5.peg.875.site.41, 3, 134, 137
537012.5.peg.875.site.42, 6, 134, 140
537012.5.peg.875.site.43, 7, 134, 141
537012.5.peg.875.site.44, 3, 133, 136
537012.5.peg.875.site.45, 3, 132, 135
537012.5.peg.875.site.46, 3, 130, 133
537012.5.peg.875.site.47, 4, 128, 132
537012.5.peg.875.site.48, 3, 129, 132
537012.5.peg.875.site.49, 4, 129, 133
537012.5.peg.875.site.50, 2, 129, 131
537012.5.peg.875.site.51, 52, 128, 180
537012.5.peg.875.site.52, 7, 131, 138
537012.5.peg.875.site.53, 1, 132, 133
537012.5.peg.875.site.54, 4, 133, 137
537012.5.peg.875.site.55, 1, 132, 133
537012.5.peg.875.site.56, 5, 125, 130
537012.5.peg.875.site.57, 9, 126, 135
537012.5.peg.875.site.58, 8, 133, 141
537012.5.peg.875.site.59, 10, 132, 142
537012.5.peg.875.site.60, 1, 134, 135
537012.5.peg.875.site.61, 17, 133, 150
537012.5.peg.870.site.1, 9, 131, 140
537012.5.peg.870.site.2, 4, 132, 136
537012.5.peg.870.site.3, 9, 134, 143
537012.5.peg.870.site.4, 1, 134, 135
537012.5.peg.870.site.5, 12, 132, 144
537012.5.peg.870.site.6, 6, 134, 140
537012.5.peg.870.site.7, 8, 132, 140
537012.5.peg.870.site.8, 6, 133, 139
537012.5.peg.870.site.9, 12, 133, 145
537012.5.peg.870.site.10, 1, 132, 133
537012.5.peg.870.site.11, 11, 134, 145
537012.5.peg.870.site.12, 1, 134, 135
537012.5.peg.870.site.13, 104, 132, 236
537012.5.peg.870.site.14, 9, 132, 141
537012.5.peg.870.site.15, 5, 133, 138
537012.5.peg.870.site.16, 11, 133, 144
537012.5.peg.870.site.17, 4, 133, 137
537012.5.peg.870.site.18, 99, 130, 229
537012.5.peg.870.site.19, 7, 130, 137
537012.5.peg.870.site.20, 4, 130, 134
537012.5.peg.870.site.21, 1, 130, 131
537012.5.peg.870.site.22, 1, 129, 130
537012.5.peg.870.site.23, 6, 131, 137
537012.5.peg.870.site.24, 2, 132, 134
537012.5.peg.870.site.25, 65, 128, 193
537012.5.peg.870.site.26, 1, 133, 134
537012.5.peg.870.site.27, 0, 133, 133
537012.5.peg.870.site.28, 1, 129, 130
537012.5.peg.870.site.29, 7, 129, 136
537012.5.peg.870.site.30, 0, 129, 129
537012.5.peg.870.site.31, 8, 130, 138
537012.5.peg.870.site.32, 8, 131, 139
537012.5.peg.870.site.33, 0, 130, 130
537012.5.peg.870.site.34, 1, 129, 130
537012.5.peg.870.site.35, 9, 128, 137
537012.5.peg.870.site.36, 1, 128, 129
537012.5.peg.870.site.37, 98, 130, 228
537012.5.peg.870.site.38, 1, 130, 131
537012.5.peg.870.site.39, 1, 129, 130
537012.5.peg.870.site.40, 1, 126, 127
537012.5.peg.870.site.41, 1, 128, 129
537012.5.peg.870.site.42, 1, 128, 129
537012.5.peg.870.site.43, 3, 132, 135
537012.5.peg.870.site.44, 0, 132, 132
537012.5.peg.870.site.45, 3, 129, 132
537012.5.peg.871.site.1, 6, 131, 137
537012.5.peg.871.site.2, 4, 133, 137
537012.5.peg.871.site.3, 2, 130, 132
537012.5.peg.871.site.4, 114, 131, 245
537012.5.peg.871.site.5, 7, 129, 136
537012.5.peg.871.site.6, 0, 130, 130
537012.5.peg.871.site.7, 1, 130, 131
537012.5.peg.871.site.8, 2, 130, 132
537012.5.peg.871.site.9, 0, 134, 134
537012.5.peg.871.site.10, 0, 134, 134
537012.5.peg.278.site.1, 2, 134, 136
537012.5.peg.278.site.2, 2, 134, 136
537012.5.peg.278.site.3, 1, 134, 135
537012.5.peg.278.site.4, 1, 134, 135
537012.5.peg.278.site.5, 1, 134, 135
537012.5.peg.278.site.6, 1, 134, 135
537012.5.peg.278.site.7, 51, 132, 183
537012.5.peg.278.site.8, 6, 134, 140
537012.5.peg.278.site.9, 59, 131, 190
537012.5.peg.278.site.10, 1, 134, 135
537012.5.peg.278.site.11, 7, 134, 141
537012.5.peg.278.site.12, 95, 133, 228
537012.5.peg.278.site.13, 6, 134, 140
537012.5.peg.278.site.14, 4, 134, 138
537012.5.peg.278.site.15, 1, 134, 135
537012.5.peg.278.site.16, 0, 134, 134
537012.5.peg.278.site.17, 0, 134, 134
537012.5.peg.278.site.18, 2, 134, 136
537012.5.peg.278.site.19, 93, 134, 227
537012.5.peg.278.site.20, 1, 134, 135
537012.5.peg.278.site.21, 11, 134, 145
537012.5.peg.278.site.22, 3, 134, 137
537012.5.peg.278.site.23, 5, 132, 137
537012.5.peg.278.site.24, 4, 134, 138
537012.5.peg.278.site.25, 0, 133, 133
537012.5.peg.278.site.26, 1, 134, 135
537012.5.peg.278.site.27, 14, 132, 146
537012.5.peg.278.site.28, 1, 134, 135
537012.5.peg.278.site.29, 57, 133, 190
537012.5.peg.278.site.30, 0, 134, 134
537012.5.peg.278.site.31, 1, 133, 134
537012.5.peg.279.site.1, 1, 134, 135
537012.5.peg.279.site.2, 1, 133, 134
537012.5.peg.279.site.3, 7, 134, 141
537012.5.peg.279.site.4, 1, 134, 135
537012.5.peg.279.site.5, 1, 134, 135
537012.5.peg.279.site.6, 5, 134, 139
537012.5.peg.279.site.7, 6, 133, 139
537012.5.peg.279.site.8, 3, 133, 136
537012.5.peg.279.site.9, 7, 132, 139
537012.5.peg.279.site.10, 8, 133, 141
537012.5.peg.279.site.11, 6, 132, 138
537012.5.peg.279.site.12, 13, 131, 144
537012.5.peg.279.site.13, 1, 131, 132
537012.5.peg.279.site.14, 3, 133, 136
537012.5.peg.279.site.15, 8, 133, 141
537012.5.peg.279.site.16, 8, 133, 141
537012.5.peg.279.site.17, 2, 133, 135
537012.5.peg.279.site.18, 0, 133, 133
537012.5.peg.279.site.19, 5, 132, 137
537012.5.peg.279.site.20, 17, 132, 149
537012.5.peg.279.site.21, 29, 132, 161
537012.5.peg.279.site.22, 19, 132, 151
537012.5.peg.279.site.23, 1, 133, 134
537012.5.peg.279.site.24, 1, 131, 132
537012.5.peg.270.site.1, 0, 123, 123
537012.5.peg.270.site.2, 21, 124, 145
537012.5.peg.270.site.3, 113, 123, 236
537012.5.peg.270.site.4, 2, 127, 129
537012.5.peg.270.site.5, 40, 125, 165
537012.5.peg.270.site.6, 4, 125, 129
537012.5.peg.270.site.7, 34, 125, 159
537012.5.peg.270.site.8, 32, 126, 158
537012.5.peg.270.site.9, 0, 124, 124
537012.5.peg.270.site.10, 0, 126, 126
537012.5.peg.270.site.11, 0, 125, 125
537012.5.peg.270.site.12, 56, 123, 179
537012.5.peg.270.site.13, 2, 125, 127
537012.5.peg.270.site.14, 13, 126, 139
537012.5.peg.270.site.15, 13, 126, 139
537012.5.peg.270.site.16, 8, 125, 133
537012.5.peg.270.site.17, 4, 126, 130
537012.5.peg.270.site.18, 13, 125, 138
537012.5.peg.270.site.19, 4, 126, 130
537012.5.peg.270.site.20, 43, 122, 165
537012.5.peg.270.site.21, 0, 125, 125
537012.5.peg.270.site.22, 34, 125, 159
537012.5.peg.270.site.23, 12, 126, 138
537012.5.peg.270.site.24, 44, 124, 168
537012.5.peg.270.site.25, 4, 124, 128
537012.5.peg.270.site.26, 19, 123, 142
537012.5.peg.270.site.27, 21, 119, 140
537012.5.peg.270.site.28, 18, 116, 134
537012.5.peg.270.site.29, 29, 114, 143
537012.5.peg.270.site.30, 20, 107, 127
537012.5.peg.270.site.31, 11, 91, 102
537012.5.peg.270.site.32, 10, 89, 99
537012.5.peg.270.site.33, 20, 106, 126
537012.5.peg.270.site.34, 44, 123, 167
537012.5.peg.270.site.35, 17, 126, 143
537012.5.peg.270.site.36, 3, 127, 130
537012.5.peg.270.site.37, 6, 126, 132
537012.5.peg.270.site.38, 5, 126, 131
537012.5.peg.270.site.39, 17, 125, 142
537012.5.peg.270.site.40, 10, 125, 135
537012.5.peg.270.site.41, 4, 124, 128
537012.5.peg.270.site.42, 4, 124, 128
537012.5.peg.270.site.43, 37, 124, 161
537012.5.peg.270.site.44, 33, 122, 155
537012.5.peg.270.site.45, 60, 123, 183
537012.5.peg.270.site.46, 41, 124, 165
537012.5.peg.270.site.47, 65, 125, 190
537012.5.peg.270.site.48, 37, 124, 161
537012.5.peg.270.site.49, 4, 124, 128
537012.5.peg.270.site.50, 0, 125, 125
537012.5.peg.270.site.51, 7, 127, 134
537012.5.peg.270.site.52, 37, 127, 164
537012.5.peg.270.site.53, 4, 124, 128
537012.5.peg.270.site.54, 4, 123, 127
537012.5.peg.270.site.55, 0, 126, 126
537012.5.peg.270.site.56, 23, 123, 146
537012.5.peg.270.site.57, 3, 127, 130
537012.5.peg.270.site.58, 121, 126, 247
537012.5.peg.270.site.59, 3, 125, 128
537012.5.peg.270.site.60, 2, 125, 127
537012.5.peg.270.site.61, 9, 122, 131
537012.5.peg.270.site.62, 19, 125, 144
537012.5.peg.273.site.1, 0, 107, 107
537012.5.peg.273.site.2, 38, 47, 85
537012.5.peg.273.site.3, 68, 76, 144
537012.5.peg.273.site.4, 68, 76, 144
537012.5.peg.273.site.5, 0, 132, 132
537012.5.peg.273.site.6, 10, 131, 141
537012.5.peg.273.site.7, 3, 132, 135
537012.5.peg.273.site.8, 2, 133, 135
537012.5.peg.274.site.1, 6, 127, 133
537012.5.peg.274.site.2, 30, 127, 157
537012.5.peg.274.site.3, 3, 128, 131
537012.5.peg.274.site.4, 21, 125, 146
537012.5.peg.274.site.5, 3, 101, 104
537012.5.peg.274.site.6, 7, 97, 104
537012.5.peg.274.site.7, 21, 96, 117
537012.5.peg.274.site.8, 27, 94, 121
537012.5.peg.274.site.9, 0, 88, 88
537012.5.peg.274.site.10, 46, 82, 128
537012.5.peg.274.site.11, 2, 90, 92
537012.5.peg.274.site.12, 1, 98, 99
537012.5.peg.274.site.13, 3, 103, 106
537012.5.peg.274.site.14, 0, 103, 103
537012.5.peg.274.site.15, 3, 95, 98
537012.5.peg.275.site.1, 45, 69, 114
537012.5.peg.275.site.2, 44, 70, 114
537012.5.peg.275.site.3, 38, 70, 108
537012.5.peg.275.site.4, 24, 72, 96
537012.5.peg.275.site.5, 17, 73, 90
537012.5.peg.275.site.6, 7, 74, 81
537012.5.peg.275.site.7, 25, 74, 99
537012.5.peg.275.site.8, 71, 73, 144
537012.5.peg.275.site.9, 15, 72, 87
537012.5.peg.275.site.10, 7, 73, 80
537012.5.peg.275.site.11, 8, 86, 94
537012.5.peg.275.site.12, 1, 87, 88
537012.5.peg.275.site.13, 4, 87, 91
537012.5.peg.275.site.14, 2, 87, 89
537012.5.peg.275.site.15, 50, 86, 136
537012.5.peg.275.site.16, 0, 87, 87
537012.5.peg.275.site.17, 1, 89, 90
537012.5.peg.275.site.18, 0, 90, 90
537012.5.peg.275.site.19, 4, 76, 80
537012.5.peg.275.site.20, 6, 74, 80
537012.5.peg.276.site.1, 1, 131, 132
537012.5.peg.276.site.2, 12, 131, 143
537012.5.peg.276.site.3, 38, 130, 168
537012.5.peg.276.site.4, 3, 132, 135
537012.5.peg.276.site.5, 18, 130, 148
537012.5.peg.276.site.6, 1, 132, 133
537012.5.peg.276.site.7, 0, 132, 132
537012.5.peg.276.site.8, 1, 132, 133
537012.5.peg.276.site.9, 2, 129, 131
537012.5.peg.276.site.10, 6, 130, 136
537012.5.peg.276.site.11, 10, 129, 139
537012.5.peg.276.site.12, 4, 129, 133
537012.5.peg.276.site.13, 3, 129, 132
537012.5.peg.276.site.14, 0, 129, 129
537012.5.peg.276.site.15, 24, 130, 154
537012.5.peg.276.site.16, 3, 129, 132
537012.5.peg.276.site.17, 0, 130, 130
537012.5.peg.276.site.18, 63, 129, 192
537012.5.peg.276.site.19, 7, 130, 137
537012.5.peg.276.site.20, 3, 130, 133
537012.5.peg.276.site.21, 0, 130, 130
537012.5.peg.276.site.22, 18, 130, 148
537012.5.peg.276.site.23, 4, 130, 134
537012.5.peg.276.site.24, 4, 130, 134
537012.5.peg.276.site.25, 1, 131, 132
537012.5.peg.276.site.26, 50, 133, 183
537012.5.peg.276.site.27, 6, 132, 138
537012.5.peg.276.site.28, 4, 132, 136
537012.5.peg.276.site.29, 34, 134, 168
537012.5.peg.276.site.30, 1, 133, 134
537012.5.peg.276.site.31, 39, 130, 169
537012.5.peg.276.site.32, 1, 130, 131
537012.5.peg.276.site.33, 1, 130, 131
537012.5.peg.276.site.34, 41, 134, 175
537012.5.peg.276.site.35, 11, 133, 144
537012.5.peg.276.site.36, 4, 132, 136
537012.5.peg.276.site.37, 0, 134, 134
537012.5.peg.277.site.1, 11, 132, 143
537012.5.peg.277.site.2, 2, 132, 134
537012.5.peg.277.site.3, 2, 134, 136
537012.5.peg.277.site.4, 2, 132, 134
537012.5.peg.277.site.5, 3, 134, 137
537012.5.peg.277.site.6, 12, 133, 145
537012.5.peg.277.site.7, 2, 133, 135
537012.5.peg.277.site.8, 41, 134, 175
537012.5.peg.277.site.9, 2, 134, 136
537012.5.peg.277.site.10, 11, 134, 145
537012.5.peg.277.site.11, 132, 134, 266
537012.5.peg.277.site.12, 1, 134, 135
537012.5.peg.277.site.13, 8, 131, 139
537012.5.peg.277.site.14, 3, 132, 135
537012.5.peg.277.site.15, 31, 134, 165
537012.5.peg.277.site.16, 7, 134, 141
537012.5.peg.277.site.17, 3, 133, 136
537012.5.peg.277.site.18, 7, 134, 141
537012.5.peg.277.site.19, 1, 134, 135
537012.5.peg.277.site.20, 6, 134, 140
537012.5.peg.277.site.21, 4, 134, 138
537012.5.peg.277.site.22, 1, 134, 135
537012.5.peg.277.site.23, 5, 134, 139
537012.5.peg.277.site.24, 0, 133, 133
537012.5.peg.277.site.25, 117, 134, 251
537012.5.peg.277.site.26, 24, 132, 156
537012.5.peg.277.site.27, 3, 132, 135
537012.5.peg.277.site.28, 10, 132, 142
537012.5.peg.277.site.29, 30, 132, 162
537012.5.peg.277.site.30, 9, 134, 143
537012.5.peg.3553.site.1, 4, 121, 125
537012.5.peg.3553.site.2, 21, 122, 143
537012.5.peg.3553.site.3, 6, 121, 127
537012.5.peg.3553.site.4, 6, 120, 126
537012.5.peg.3553.site.5, 5, 121, 126
537012.5.peg.3553.site.6, 4, 108, 112
537012.5.peg.3553.site.7, 3, 100, 103
537012.5.peg.3553.site.8, 2, 101, 103
537012.5.peg.3553.site.9, 9, 100, 109
537012.5.peg.3553.site.10, 22, 98, 120
537012.5.peg.3553.site.11, 6, 101, 107
537012.5.peg.3553.site.12, 1, 101, 102
537012.5.peg.3553.site.13, 10, 109, 119
537012.5.peg.3553.site.14, 5, 113, 118
537012.5.peg.3553.site.15, 5, 111, 116
537012.5.peg.3553.site.16, 3, 110, 113
537012.5.peg.3553.site.17, 5, 109, 114
537012.5.peg.3553.site.18, 5, 103, 108
537012.5.peg.3553.site.19, 1, 106, 107
537012.5.peg.3553.site.20, 12, 108, 120
537012.5.peg.3553.site.21, 9, 108, 117
537012.5.peg.3553.site.22, 13, 112, 125
537012.5.peg.3553.site.23, 10, 112, 122
537012.5.peg.3553.site.24, 0, 113, 113
537012.5.peg.3553.site.25, 3, 113, 116
537012.5.peg.3553.site.26, 22, 114, 136
537012.5.peg.3553.site.27, 2, 118, 120
537012.5.peg.3553.site.28, 9, 127, 136
537012.5.peg.3553.site.29, 1, 125, 126
537012.5.peg.3553.site.30, 3, 112, 115
537012.5.peg.3553.site.31, 4, 111, 115
537012.5.peg.3553.site.32, 2, 106, 108
537012.5.peg.3553.site.33, 10, 113, 123
537012.5.peg.3553.site.34, 10, 114, 124
537012.5.peg.3553.site.35, 3, 117, 120
537012.5.peg.3553.site.36, 3, 117, 120
537012.5.peg.3552.site.1, 70, 127, 197
537012.5.peg.3552.site.2, 2, 128, 130
537012.5.peg.3552.site.3, 6, 128, 134
537012.5.peg.3552.site.4, 3, 128, 131
537012.5.peg.3552.site.5, 1, 128, 129
537012.5.peg.3552.site.6, 0, 128, 128
537012.5.peg.3552.site.7, 6, 128, 134
537012.5.peg.3552.site.8, 7, 128, 135
537012.5.peg.470.site.1, 1, 127, 128
537012.5.peg.470.site.2, 1, 127, 128
537012.5.peg.470.site.3, 1, 127, 128
537012.5.peg.470.site.4, 2, 125, 127
537012.5.peg.470.site.5, 0, 127, 127
537012.5.peg.470.site.6, 3, 125, 128
537012.5.peg.470.site.7, 1, 124, 125
537012.5.peg.470.site.8, 1, 124, 125
537012.5.peg.470.site.9, 0, 123, 123
537012.5.peg.470.site.10, 1, 122, 123
537012.5.peg.470.site.11, 8, 122, 130
537012.5.peg.470.site.12, 16, 123, 139
537012.5.peg.470.site.13, 2, 123, 125
537012.5.peg.470.site.14, 6, 125, 131
537012.5.peg.470.site.15, 3, 126, 129
537012.5.peg.470.site.16, 2, 123, 125
537012.5.peg.470.site.17, 0, 122, 122
537012.5.peg.470.site.18, 2, 123, 125
537012.5.peg.470.site.19, 3, 123, 126
537012.5.peg.470.site.20, 3, 123, 126
537012.5.peg.470.site.21, 121, 122, 243
537012.5.peg.470.site.22, 1, 124, 125
537012.5.peg.470.site.23, 46, 122, 168
537012.5.peg.470.site.24, 1, 122, 123
537012.5.peg.470.site.25, 59, 125, 184
537012.5.peg.470.site.26, 3, 126, 129
537012.5.peg.470.site.27, 3, 123, 126
537012.5.peg.470.site.28, 2, 123, 125
537012.5.peg.470.site.29, 6, 124, 130
537012.5.peg.470.site.30, 6, 123, 129
537012.5.peg.470.site.31, 9, 125, 134
537012.5.peg.470.site.32, 1, 124, 125
537012.5.peg.470.site.33, 9, 124, 133
537012.5.peg.470.site.34, 4, 124, 128
537012.5.peg.470.site.35, 3, 125, 128
537012.5.peg.470.site.36, 4, 125, 129
537012.5.peg.470.site.37, 8, 124, 132
537012.5.peg.470.site.38, 7, 124, 131
537012.5.peg.470.site.39, 7, 124, 131
537012.5.peg.470.site.40, 3, 125, 128
537012.5.peg.470.site.41, 0, 125, 125
537012.5.peg.470.site.42, 5, 122, 127
537012.5.peg.470.site.43, 5, 124, 129
537012.5.peg.470.site.44, 4, 124, 128
537012.5.peg.470.site.45, 20, 127, 147
537012.5.peg.470.site.46, 15, 125, 140
537012.5.peg.470.site.47, 25, 127, 152
537012.5.peg.470.site.48, 30, 125, 155
537012.5.peg.470.site.49, 5, 126, 131
537012.5.peg.470.site.50, 114, 127, 241
537012.5.peg.470.site.51, 126, 127, 253
537012.5.peg.470.site.52, 1, 126, 127
537012.5.peg.470.site.53, 106, 117, 223
537012.5.peg.470.site.54, 3, 99, 102
537012.5.peg.470.site.55, 1, 58, 59
537012.5.peg.470.site.56, 14, 15, 29
537012.5.peg.470.site.57, 6, 7, 13
537012.5.peg.470.site.58, 28, 29, 57
537012.5.peg.470.site.59, 44, 45, 89
537012.5.peg.470.site.60, 1, 89, 90
537012.5.peg.470.site.61, 3, 118, 121
537012.5.peg.2492.site.1, 10, 131, 141
537012.5.peg.2492.site.2, 11, 133, 144
537012.5.peg.2492.site.3, 2, 132, 134
537012.5.peg.2492.site.4, 2, 132, 134
537012.5.peg.2492.site.5, 1, 132, 133
537012.5.peg.2492.site.6, 1, 133, 134
537012.5.peg.2492.site.7, 1, 130, 131
537012.5.peg.2492.site.8, 6, 134, 140
537012.5.peg.2492.site.9, 6, 134, 140
537012.5.peg.2492.site.10, 1, 130, 131
537012.5.peg.2492.site.11, 1, 130, 131
537012.5.peg.2492.site.12, 6, 129, 135
537012.5.peg.2492.site.13, 0, 129, 129
537012.5.peg.2492.site.14, 6, 129, 135
537012.5.peg.2492.site.15, 6, 129, 135
537012.5.peg.2492.site.16, 0, 129, 129
537012.5.peg.2492.site.17, 1, 128, 129
537012.5.peg.2492.site.18, 7, 129, 136
537012.5.peg.2492.site.19, 1, 127, 128
537012.5.peg.2492.site.20, 7, 126, 133
537012.5.peg.2492.site.21, 1, 127, 128
537012.5.peg.2492.site.22, 55, 131, 186
537012.5.peg.2492.site.23, 10, 132, 142
537012.5.peg.2492.site.24, 2, 131, 133
537012.5.peg.2492.site.25, 18, 130, 148
537012.5.peg.2492.site.26, 11, 129, 140
537012.5.peg.2492.site.27, 0, 127, 127
537012.5.peg.2492.site.28, 0, 129, 129
537012.5.peg.2492.site.29, 1, 129, 130
537012.5.peg.2492.site.30, 129, 130, 259
537012.5.peg.2492.site.31, 7, 130, 137
537012.5.peg.2492.site.32, 0, 130, 130
537012.5.peg.2492.site.33, 17, 130, 147
537012.5.peg.2492.site.34, 0, 130, 130
537012.5.peg.3555.site.1, 1, 129, 130
537012.5.peg.3555.site.2, 5, 120, 125
537012.5.peg.3555.site.3, 1, 117, 118
537012.5.peg.3555.site.4, 7, 114, 121
537012.5.peg.3555.site.5, 7, 114, 121
537012.5.peg.3555.site.6, 7, 117, 124
537012.5.peg.3555.site.7, 1, 117, 118
537012.5.peg.3555.site.8, 5, 107, 112
537012.5.peg.3555.site.9, 1, 102, 103
537012.5.peg.3555.site.10, 3, 101, 104
537012.5.peg.3555.site.11, 11, 102, 113
537012.5.peg.3555.site.12, 0, 107, 107
537012.5.peg.3555.site.13, 12, 103, 115
537012.5.peg.3555.site.14, 42, 98, 140
537012.5.peg.3555.site.15, 1, 100, 101
537012.5.peg.3555.site.16, 4, 106, 110
537012.5.peg.3555.site.17, 0, 108, 108
537012.5.peg.3555.site.18, 4, 114, 118
537012.5.peg.3555.site.19, 10, 88, 98
537012.5.peg.3555.site.20, 8, 85, 93
537012.5.peg.3555.site.21, 52, 78, 130
537012.5.peg.3555.site.22, 1, 77, 78
537012.5.peg.3555.site.23, 20, 76, 96
537012.5.peg.3555.site.24, 3, 75, 78
537012.5.peg.3555.site.25, 3, 81, 84
537012.5.peg.3555.site.26, 4, 92, 96
537012.5.peg.3555.site.27, 2, 94, 96
537012.5.peg.3555.site.28, 7, 94, 101
537012.5.peg.3555.site.29, 1, 86, 87
537012.5.peg.3555.site.30, 8, 89, 97
537012.5.peg.3555.site.31, 64, 85, 149
537012.5.peg.3555.site.32, 1, 85, 86
537012.5.peg.3555.site.33, 32, 92, 124
537012.5.peg.3555.site.34, 7, 95, 102
537012.5.peg.3555.site.35, 26, 101, 127
537012.5.peg.3555.site.36, 4, 102, 106
537012.5.peg.3555.site.37, 6, 99, 105
537012.5.peg.3554.site.1, 1, 116, 117
537012.5.peg.3554.site.2, 1, 119, 120
537012.5.peg.3554.site.3, 2, 121, 123
537012.5.peg.3554.site.4, 4, 125, 129
537012.5.peg.3554.site.5, 1, 127, 128
537012.5.peg.3554.site.6, 4, 127, 131
537012.5.peg.3554.site.7, 12, 124, 136
537012.5.peg.3554.site.8, 1, 122, 123
537012.5.peg.3554.site.9, 76, 118, 194
537012.5.peg.3554.site.10, 0, 121, 121
537012.5.peg.3554.site.11, 1, 122, 123
537012.5.peg.3554.site.12, 2, 120, 122
537012.5.peg.3554.site.13, 2, 120, 122
537012.5.peg.3554.site.14, 0, 122, 122
537012.5.peg.3554.site.15, 2, 123, 125
537012.5.peg.3554.site.16, 0, 121, 121
537012.5.peg.3554.site.17, 38, 121, 159
537012.5.peg.3554.site.18, 1, 122, 123
537012.5.peg.3554.site.19, 2, 121, 123
537012.5.peg.2174.site.1, 4, 132, 136
537012.5.peg.2174.site.2, 4, 132, 136
537012.5.peg.2174.site.3, 126, 130, 256
537012.5.peg.2174.site.4, 10, 133, 143
537012.5.peg.2174.site.5, 5, 134, 139
537012.5.peg.2174.site.6, 2, 134, 136
537012.5.peg.2174.site.7, 7, 132, 139
537012.5.peg.2174.site.8, 1, 132, 133
537012.5.peg.2174.site.9, 131, 133, 264
537012.5.peg.2174.site.10, 7, 133, 140
537012.5.peg.2174.site.11, 1, 134, 135
537012.5.peg.2174.site.12, 4, 131, 135
537012.5.peg.2174.site.13, 24, 133, 157
537012.5.peg.2174.site.14, 7, 134, 141
537012.5.peg.2174.site.15, 1, 133, 134
537012.5.peg.2174.site.16, 4, 133, 137
537012.5.peg.2174.site.17, 10, 134, 144
537012.5.peg.2174.site.18, 2, 134, 136
537012.5.peg.2174.site.19, 20, 134, 154
537012.5.peg.2174.site.20, 3, 133, 136
537012.5.peg.2174.site.21, 10, 134, 144
537012.5.peg.2174.site.22, 113, 133, 246
537012.5.peg.2174.site.23, 1, 134, 135
537012.5.peg.2174.site.24, 1, 134, 135
537012.5.peg.2174.site.25, 5, 133, 138
537012.5.peg.2174.site.26, 1, 134, 135
537012.5.peg.2174.site.27, 1, 134, 135
537012.5.peg.2174.site.28, 1, 133, 134
537012.5.peg.2174.site.29, 17, 134, 151
537012.5.peg.2174.site.30, 19, 133, 152
537012.5.peg.2174.site.31, 2, 134, 136
537012.5.peg.2174.site.32, 14, 133, 147
537012.5.peg.2174.site.33, 2, 133, 135
537012.5.peg.2174.site.34, 9, 134, 143
537012.5.peg.2174.site.35, 11, 132, 143
537012.5.peg.2174.site.36, 1, 134, 135
537012.5.peg.2174.site.37, 2, 132, 134
537012.5.peg.2174.site.38, 7, 133, 140
537012.5.peg.2174.site.39, 51, 134, 185
537012.5.peg.2174.site.40, 9, 134, 143
537012.5.peg.2174.site.41, 4, 132, 136
537012.5.peg.2174.site.42, 4, 134, 138
537012.5.peg.2174.site.43, 1, 134, 135
537012.5.peg.2174.site.44, 0, 134, 134
537012.5.peg.2174.site.45, 4, 133, 137
537012.5.peg.2174.site.46, 4, 132, 136
537012.5.peg.2174.site.47, 1, 134, 135
537012.5.peg.2174.site.48, 1, 134, 135
537012.5.peg.2174.site.49, 2, 132, 134
537012.5.peg.2174.site.50, 7, 134, 141
537012.5.peg.2174.site.51, 12, 132, 144
537012.5.peg.2174.site.52, 10, 131, 141
537012.5.peg.2174.site.53, 1, 133, 134
537012.5.peg.2174.site.54, 24, 134, 158
537012.5.peg.2174.site.55, 7, 134, 141
537012.5.peg.2174.site.56, 8, 134, 142
537012.5.peg.2174.site.57, 11, 134, 145
537012.5.peg.2174.site.58, 49, 133, 182
537012.5.peg.2174.site.59, 2, 134, 136
537012.5.peg.2174.site.60, 7, 133, 140
537012.5.peg.2174.site.61, 0, 134, 134
537012.5.peg.2174.site.62, 4, 132, 136
537012.5.peg.2174.site.63, 2, 134, 136
537012.5.peg.2174.site.64, 125, 134, 259
537012.5.peg.2174.site.65, 14, 133, 147
537012.5.peg.2174.site.66, 6, 131, 137
537012.5.peg.2174.site.67, 1, 134, 135
537012.5.peg.2174.site.68, 102, 133, 235
537012.5.peg.2174.site.69, 3, 133, 136
537012.5.peg.2174.site.70, 5, 133, 138
537012.5.peg.2174.site.71, 16, 133, 149
537012.5.peg.2174.site.72, 17, 132, 149
537012.5.peg.2174.site.73, 1, 133, 134
537012.5.peg.2174.site.74, 11, 133, 144
537012.5.peg.2174.site.75, 1, 133, 134
537012.5.peg.2174.site.76, 58, 133, 191
537012.5.peg.2174.site.77, 1, 134, 135
537012.5.peg.2174.site.78, 18, 134, 152
537012.5.peg.2174.site.79, 4, 132, 136
537012.5.peg.2174.site.80, 4, 132, 136
537012.5.peg.2174.site.81, 2, 133, 135
537012.5.peg.2175.site.1, 2, 129, 131
537012.5.peg.2175.site.2, 2, 130, 132
537012.5.peg.2175.site.3, 83, 129, 212
537012.5.peg.2175.site.4, 6, 131, 137
537012.5.peg.2175.site.5, 21, 130, 151
537012.5.peg.2175.site.6, 3, 130, 133
537012.5.peg.2175.site.7, 3, 128, 131
537012.5.peg.2175.site.8, 52, 126, 178
537012.5.peg.2175.site.9, 0, 130, 130
537012.5.peg.2175.site.10, 2, 130, 132
537012.5.peg.2175.site.11, 3, 130, 133
537012.5.peg.2175.site.12, 7, 130, 137
537012.5.peg.2175.site.13, 3, 130, 133
537012.5.peg.2172.site.1, 10, 129, 139
537012.5.peg.2172.site.2, 1, 130, 131
537012.5.peg.2172.site.3, 1, 130, 131
537012.5.peg.2172.site.4, 4, 134, 138
537012.5.peg.2172.site.5, 15, 132, 147
537012.5.peg.2172.site.6, 19, 132, 151
537012.5.peg.2172.site.7, 2, 133, 135
537012.5.peg.2172.site.8, 8, 130, 138
537012.5.peg.2172.site.9, 7, 129, 136
537012.5.peg.2172.site.10, 62, 129, 191
537012.5.peg.2172.site.11, 4, 133, 137
537012.5.peg.2172.site.12, 11, 133, 144
537012.5.peg.2172.site.13, 1, 134, 135
537012.5.peg.2172.site.14, 5, 133, 138
537012.5.peg.2172.site.15, 3, 134, 137
537012.5.peg.2172.site.16, 3, 134, 137
537012.5.peg.2172.site.17, 1, 134, 135
537012.5.peg.2172.site.18, 7, 131, 138
537012.5.peg.2172.site.19, 5, 132, 137
537012.5.peg.2172.site.20, 21, 128, 149
537012.5.peg.2172.site.21, 2, 129, 131
537012.5.peg.2172.site.22, 7, 128, 135
537012.5.peg.2172.site.23, 2, 129, 131
537012.5.peg.2172.site.24, 5, 129, 134
537012.5.peg.2172.site.25, 4, 130, 134
537012.5.peg.2172.site.26, 1, 129, 130
537012.5.peg.2172.site.27, 4, 128, 132
537012.5.peg.2172.site.28, 4, 130, 134
537012.5.peg.2172.site.29, 4, 127, 131
537012.5.peg.2172.site.30, 4, 127, 131
537012.5.peg.2172.site.31, 7, 127, 134
537012.5.peg.2172.site.32, 4, 130, 134
537012.5.peg.2172.site.33, 9, 130, 139
537012.5.peg.2172.site.34, 1, 134, 135
537012.5.peg.2172.site.35, 52, 134, 186
537012.5.peg.2172.site.36, 8, 133, 141
537012.5.peg.2172.site.37, 9, 130, 139
537012.5.peg.2172.site.38, 9, 130, 139
537012.5.peg.2172.site.39, 3, 133, 136
537012.5.peg.2172.site.40, 2, 130, 132
537012.5.peg.2172.site.41, 3, 131, 134
537012.5.peg.2172.site.42, 1, 134, 135
537012.5.peg.2172.site.43, 7, 134, 141
537012.5.peg.2172.site.44, 7, 134, 141
537012.5.peg.2172.site.45, 21, 134, 155
537012.5.peg.2172.site.46, 3, 131, 134
537012.5.peg.2172.site.47, 25, 131, 156
537012.5.peg.2172.site.48, 7, 132, 139
537012.5.peg.2172.site.49, 28, 132, 160
537012.5.peg.2172.site.50, 6, 132, 138
537012.5.peg.2172.site.51, 1, 134, 135
537012.5.peg.2172.site.52, 2, 134, 136
537012.5.peg.2172.site.53, 42, 131, 173
537012.5.peg.2172.site.54, 1, 134, 135
537012.5.peg.2172.site.55, 11, 132, 143
537012.5.peg.2172.site.56, 19, 131, 150
537012.5.peg.2172.site.57, 1, 134, 135
537012.5.peg.2172.site.58, 4, 132, 136
537012.5.peg.2172.site.59, 2, 133, 135
537012.5.peg.2172.site.60, 17, 134, 151
537012.5.peg.2172.site.61, 6, 133, 139
537012.5.peg.2172.site.62, 6, 134, 140
537012.5.peg.2172.site.63, 78, 131, 209
537012.5.peg.2172.site.64, 74, 134, 208
537012.5.peg.2172.site.65, 4, 131, 135
537012.5.peg.2172.site.66, 6, 134, 140
537012.5.peg.2172.site.67, 7, 133, 140
537012.5.peg.2172.site.68, 29, 134, 163
537012.5.peg.2172.site.69, 29, 134, 163
537012.5.peg.2172.site.70, 8, 134, 142
537012.5.peg.2172.site.71, 4, 133, 137
537012.5.peg.2172.site.72, 10, 131, 141
537012.5.peg.2172.site.73, 11, 133, 144
537012.5.peg.2172.site.74, 2, 134, 136
537012.5.peg.2172.site.75, 3, 134, 137
537012.5.peg.2172.site.76, 16, 134, 150
537012.5.peg.2172.site.77, 3, 132, 135
537012.5.peg.2172.site.78, 5, 133, 138
537012.5.peg.2172.site.79, 2, 131, 133
537012.5.peg.2172.site.80, 1, 131, 132
537012.5.peg.2172.site.81, 2, 129, 131
537012.5.peg.2172.site.82, 2, 128, 130
537012.5.peg.2172.site.83, 0, 129, 129
537012.5.peg.2172.site.84, 1, 130, 131
537012.5.peg.2172.site.85, 2, 131, 133
537012.5.peg.2172.site.86, 13, 130, 143
537012.5.peg.2172.site.87, 2, 131, 133
537012.5.peg.2173.site.1, 11, 132, 143
537012.5.peg.2173.site.2, 4, 132, 136
537012.5.peg.2173.site.3, 3, 130, 133
537012.5.peg.2173.site.4, 3, 132, 135
537012.5.peg.2173.site.5, 2, 131, 133
537012.5.peg.2173.site.6, 12, 128, 140
537012.5.peg.2173.site.7, 1, 130, 131
537012.5.peg.2173.site.8, 1, 134, 135
537012.5.peg.2173.site.9, 3, 133, 136
537012.5.peg.2173.site.10, 4, 131, 135
537012.5.peg.2173.site.11, 2, 134, 136
537012.5.peg.2173.site.12, 23, 133, 156
537012.5.peg.2173.site.13, 3, 132, 135
537012.5.peg.2173.site.14, 3, 131, 134
537012.5.peg.2173.site.15, 3, 132, 135
537012.5.peg.2173.site.16, 11, 132, 143
537012.5.peg.2173.site.17, 4, 133, 137
537012.5.peg.2173.site.18, 5, 133, 138
537012.5.peg.2173.site.19, 33, 132, 165
537012.5.peg.2173.site.20, 9, 132, 141
537012.5.peg.2173.site.21, 10, 132, 142
537012.5.peg.2173.site.22, 11, 132, 143
537012.5.peg.2173.site.23, 77, 131, 208
537012.5.peg.2173.site.24, 4, 132, 136
537012.5.peg.2173.site.25, 9, 134, 143
537012.5.peg.2173.site.26, 0, 134, 134
537012.5.peg.2173.site.27, 3, 134, 137
537012.5.peg.2173.site.28, 6, 134, 140
537012.5.peg.2173.site.29, 23, 131, 154
537012.5.peg.2173.site.30, 35, 130, 165
537012.5.peg.2173.site.31, 19, 133, 152
537012.5.peg.2173.site.32, 130, 134, 264
537012.5.peg.2173.site.33, 3, 134, 137
537012.5.peg.2173.site.34, 3, 131, 134
537012.5.peg.2173.site.35, 108, 132, 240
537012.5.peg.2173.site.36, 4, 132, 136
537012.5.peg.2173.site.37, 24, 131, 155
537012.5.peg.2173.site.38, 6, 134, 140
537012.5.peg.2173.site.39, 1, 133, 134
537012.5.peg.2173.site.40, 1, 133, 134
537012.5.peg.2173.site.41, 1, 134, 135
537012.5.peg.2173.site.42, 10, 134, 144
537012.5.peg.2173.site.43, 0, 133, 133
537012.5.peg.2173.site.44, 5, 134, 139
537012.5.peg.2173.site.45, 1, 132, 133
537012.5.peg.2173.site.46, 2, 134, 136
537012.5.peg.2170.site.1, 10, 131, 141
537012.5.peg.2170.site.2, 6, 130, 136
537012.5.peg.2170.site.3, 12, 131, 143
537012.5.peg.2171.site.1, 5, 133, 138
537012.5.peg.2171.site.2, 0, 133, 133
537012.5.peg.2171.site.3, 4, 134, 138
537012.5.peg.2171.site.4, 1, 134, 135
537012.5.peg.2171.site.5, 7, 133, 140
537012.5.peg.2171.site.6, 1, 134, 135
537012.5.peg.2171.site.7, 2, 134, 136
537012.5.peg.2171.site.8, 2, 134, 136
537012.5.peg.2171.site.9, 7, 134, 141
537012.5.peg.2171.site.10, 32, 132, 164
537012.5.peg.2171.site.11, 1, 131, 132
537012.5.peg.2171.site.12, 1, 134, 135
537012.5.peg.2171.site.13, 1, 134, 135
537012.5.peg.2171.site.14, 1, 134, 135
537012.5.peg.2171.site.15, 1, 134, 135
537012.5.peg.2171.site.16, 62, 133, 195
537012.5.peg.2171.site.17, 13, 134, 147
537012.5.peg.2171.site.18, 2, 134, 136
537012.5.peg.2171.site.19, 6, 134, 140
537012.5.peg.2171.site.20, 89, 132, 221
537012.5.peg.2171.site.21, 2, 131, 133
537012.5.peg.2171.site.22, 1, 132, 133
537012.5.peg.2171.site.23, 3, 134, 137
537012.5.peg.2171.site.24, 7, 133, 140
537012.5.peg.2171.site.25, 2, 131, 133
537012.5.peg.2171.site.26, 5, 132, 137
537012.5.peg.2171.site.27, 1, 131, 132
537012.5.peg.2171.site.28, 2, 132, 134
537012.5.peg.2171.site.29, 3, 132, 135
537012.5.peg.2171.site.30, 4, 132, 136
537012.5.peg.2171.site.31, 4, 132, 136
537012.5.peg.2171.site.32, 11, 132, 143
537012.5.peg.2171.site.33, 74, 134, 208
537012.5.peg.2171.site.34, 3, 131, 134
537012.5.peg.2171.site.35, 4, 132, 136
537012.5.peg.2171.site.36, 2, 134, 136
537012.5.peg.2171.site.37, 0, 134, 134
537012.5.peg.2171.site.38, 2, 134, 136
537012.5.peg.2171.site.39, 11, 133, 144
537012.5.peg.2171.site.40, 4, 132, 136
537012.5.peg.2171.site.41, 1, 134, 135
537012.5.peg.2171.site.42, 4, 132, 136
537012.5.peg.2171.site.43, 133, 134, 267
537012.5.peg.2171.site.44, 2, 131, 133
537012.5.peg.2171.site.45, 8, 133, 141
537012.5.peg.2171.site.46, 2, 131, 133
537012.5.peg.2171.site.47, 11, 130, 141
537012.5.peg.2171.site.48, 2, 131, 133
537012.5.peg.2171.site.49, 132, 133, 265
537012.5.peg.2171.site.50, 23, 132, 155
537012.5.peg.2171.site.51, 125, 133, 258
537012.5.peg.2171.site.52, 2, 133, 135
537012.5.peg.2171.site.53, 3, 134, 137
537012.5.peg.2171.site.54, 1, 132, 133
537012.5.peg.388.site.1, 4, 50, 54
537012.5.peg.388.site.2, 6, 123, 129
537012.5.peg.388.site.3, 3, 127, 130
537012.5.peg.388.site.4, 1, 129, 130
537012.5.peg.388.site.5, 1, 128, 129
537012.5.peg.388.site.6, 6, 129, 135
537012.5.peg.388.site.7, 8, 126, 134
537012.5.peg.388.site.8, 63, 127, 190
537012.5.peg.388.site.9, 12, 127, 139
537012.5.peg.388.site.10, 4, 130, 134
537012.5.peg.388.site.11, 3, 129, 132
537012.5.peg.388.site.12, 1, 132, 133
537012.5.peg.385.site.1, 3, 134, 137
537012.5.peg.385.site.2, 1, 128, 129
537012.5.peg.385.site.3, 0, 132, 132
537012.5.peg.385.site.4, 0, 132, 132
537012.5.peg.385.site.5, 32, 118, 150
537012.5.peg.385.site.6, 32, 125, 157
537012.5.peg.385.site.7, 0, 132, 132
537012.5.peg.385.site.8, 20, 127, 147
537012.5.peg.385.site.9, 27, 127, 154
537012.5.peg.385.site.10, 3, 130, 133
537012.5.peg.385.site.11, 0, 125, 125
537012.5.peg.385.site.12, 2, 120, 122
537012.5.peg.385.site.13, 1, 127, 128
537012.5.peg.385.site.14, 31, 119, 150
537012.5.peg.385.site.15, 6, 111, 117
537012.5.peg.385.site.16, 3, 113, 116
537012.5.peg.385.site.17, 45, 116, 161
537012.5.peg.385.site.18, 103, 128, 231
537012.5.peg.385.site.19, 53, 109, 162
537012.5.peg.385.site.20, 2, 131, 133
537012.5.peg.385.site.21, 46, 102, 148
537012.5.peg.385.site.22, 6, 132, 138
537012.5.peg.385.site.23, 0, 129, 129
537012.5.peg.385.site.24, 0, 132, 132
537012.5.peg.385.site.25, 0, 133, 133
537012.5.peg.385.site.26, 0, 131, 131
537012.5.peg.385.site.27, 0, 131, 131
537012.5.peg.385.site.28, 0, 130, 130
537012.5.peg.385.site.29, 9, 126, 135
537012.5.peg.385.site.30, 17, 102, 119
537012.5.peg.385.site.31, 0, 131, 131
537012.5.peg.385.site.32, 1, 133, 134
537012.5.peg.385.site.33, 0, 134, 134
537012.5.peg.387.site.1, 2, 117, 119
537012.5.peg.387.site.2, 3, 132, 135
537012.5.peg.387.site.3, 4, 130, 134
537012.5.peg.387.site.4, 4, 130, 134
537012.5.peg.387.site.5, 4, 130, 134
537012.5.peg.387.site.6, 6, 131, 137
537012.5.peg.387.site.7, 3, 129, 132
537012.5.peg.387.site.8, 3, 128, 131
537012.5.peg.387.site.9, 36, 130, 166
537012.5.peg.387.site.10, 35, 130, 165
537012.5.peg.387.site.11, 4, 130, 134
537012.5.peg.387.site.12, 13, 132, 145
537012.5.peg.387.site.13, 3, 131, 134
537012.5.peg.387.site.14, 33, 128, 161
537012.5.peg.387.site.15, 2, 124, 126
537012.5.peg.387.site.16, 29, 120, 149
537012.5.peg.387.site.17, 30, 118, 148
537012.5.peg.387.site.18, 2, 114, 116
537012.5.peg.387.site.19, 70, 110, 180
537012.5.peg.387.site.20, 1, 105, 106
537012.5.peg.387.site.21, 9, 103, 112
537012.5.peg.387.site.22, 15, 119, 134
537012.5.peg.387.site.23, 2, 128, 130
537012.5.peg.387.site.24, 0, 128, 128
537012.5.peg.387.site.25, 0, 126, 126
537012.5.peg.387.site.26, 12, 128, 140
537012.5.peg.387.site.27, 3, 130, 133
537012.5.peg.387.site.28, 8, 130, 138
537012.5.peg.387.site.29, 4, 130, 134
537012.5.peg.387.site.30, 13, 130, 143
537012.5.peg.387.site.31, 8, 132, 140
537012.5.peg.387.site.32, 2, 131, 133
537012.5.peg.387.site.33, 1, 127, 128
537012.5.peg.387.site.34, 0, 127, 127
537012.5.peg.387.site.35, 0, 127, 127
537012.5.peg.387.site.36, 9, 127, 136
537012.5.peg.387.site.37, 3, 126, 129
537012.5.peg.387.site.38, 86, 127, 213
537012.5.peg.387.site.39, 45, 127, 172
537012.5.peg.387.site.40, 18, 128, 146
537012.5.peg.387.site.41, 4, 131, 135
537012.5.peg.387.site.42, 3, 128, 131
537012.5.peg.387.site.43, 23, 131, 154
537012.5.peg.387.site.44, 78, 131, 209
537012.5.peg.387.site.45, 8, 132, 140
537012.5.peg.387.site.46, 3, 131, 134
537012.5.peg.387.site.47, 8, 131, 139
537012.5.peg.387.site.48, 2, 128, 130
537012.5.peg.387.site.49, 13, 128, 141
537012.5.peg.387.site.50, 8, 127, 135
537012.5.peg.387.site.51, 8, 127, 135
537012.5.peg.387.site.52, 43, 128, 171
537012.5.peg.387.site.53, 16, 126, 142
537012.5.peg.387.site.54, 10, 128, 138
537012.5.peg.387.site.55, 13, 128, 141
537012.5.peg.387.site.56, 8, 128, 136
537012.5.peg.387.site.57, 82, 126, 208
537012.5.peg.387.site.58, 1, 129, 130
537012.5.peg.387.site.59, 73, 127, 200
537012.5.peg.387.site.60, 21, 127, 148
537012.5.peg.387.site.61, 2, 127, 129
537012.5.peg.387.site.62, 30, 120, 150
537012.5.peg.387.site.63, 6, 96, 102
537012.5.peg.387.site.64, 35, 95, 130
537012.5.peg.387.site.65, 62, 102, 164
537012.5.peg.387.site.66, 1, 120, 121
537012.5.peg.387.site.67, 3, 120, 123
537012.5.peg.387.site.68, 76, 117, 193
537012.5.peg.387.site.69, 1, 118, 119
537012.5.peg.387.site.70, 5, 122, 127
537012.5.peg.387.site.71, 5, 120, 125
537012.5.peg.387.site.72, 5, 122, 127
537012.5.peg.387.site.73, 1, 126, 127
537012.5.peg.387.site.74, 8, 126, 134
537012.5.peg.387.site.75, 3, 127, 130
537012.5.peg.387.site.76, 0, 127, 127
537012.5.peg.387.site.77, 1, 127, 128
537012.5.peg.387.site.78, 4, 130, 134
537012.5.peg.387.site.79, 4, 128, 132
537012.5.peg.387.site.80, 24, 132, 156
537012.5.peg.387.site.81, 20, 132, 152
537012.5.peg.387.site.82, 7, 132, 139
537012.5.peg.387.site.83, 14, 131, 145
537012.5.peg.387.site.84, 23, 131, 154
537012.5.peg.387.site.85, 3, 129, 132
537012.5.peg.387.site.86, 8, 132, 140
537012.5.peg.387.site.87, 3, 130, 133
537012.5.peg.387.site.88, 107, 128, 235
537012.5.peg.387.site.89, 18, 127, 145
537012.5.peg.387.site.90, 71, 127, 198
537012.5.peg.387.site.91, 8, 127, 135
537012.5.peg.387.site.92, 36, 126, 162
537012.5.peg.387.site.93, 18, 131, 149
537012.5.peg.387.site.94, 4, 131, 135
537012.5.peg.387.site.95, 7, 129, 136
537012.5.peg.387.site.96, 4, 131, 135
537012.5.peg.387.site.97, 16, 132, 148
537012.5.peg.387.site.98, 3, 129, 132
537012.5.peg.387.site.99, 40, 132, 172
537012.5.peg.387.site.100, 3, 130, 133
537012.5.peg.387.site.101, 2, 132, 134
537012.5.peg.387.site.102, 0, 128, 128
537012.5.peg.387.site.103, 0, 126, 126
537012.5.peg.387.site.104, 35, 126, 161
537012.5.peg.387.site.105, 35, 125, 160
537012.5.peg.387.site.106, 15, 121, 136
537012.5.peg.387.site.107, 14, 122, 136
537012.5.peg.387.site.108, 27, 123, 150
537012.5.peg.387.site.109, 56, 120, 176
537012.5.peg.387.site.110, 36, 124, 160
537012.5.peg.387.site.111, 14, 123, 137
537012.5.peg.387.site.112, 7, 120, 127
537012.5.peg.387.site.113, 10, 113, 123
537012.5.peg.387.site.114, 11, 109, 120
537012.5.peg.387.site.115, 13, 117, 130
537012.5.peg.383.site.1, 2, 121, 123
537012.5.peg.383.site.2, 1, 125, 126
537012.5.peg.383.site.3, 1, 129, 130
537012.5.peg.383.site.4, 12, 130, 142
537012.5.peg.383.site.5, 20, 117, 137
537012.5.peg.383.site.6, 0, 130, 130
537012.5.peg.383.site.7, 0, 129, 129
537012.5.peg.383.site.8, 60, 124, 184
537012.5.peg.383.site.9, 6, 129, 135
537012.5.peg.383.site.10, 111, 129, 240
537012.5.peg.383.site.11, 2, 132, 134
537012.5.peg.383.site.12, 0, 127, 127
537012.5.peg.383.site.13, 2, 133, 135
537012.5.peg.383.site.14, 0, 130, 130
537012.5.peg.383.site.15, 1, 131, 132
537012.5.peg.383.site.16, 0, 132, 132
537012.5.peg.120.site.1, 1, 126, 127
537012.5.peg.120.site.2, 14, 122, 136
537012.5.peg.120.site.3, 3, 125, 128
537012.5.peg.120.site.4, 14, 122, 136
537012.5.peg.120.site.5, 2, 122, 124
537012.5.peg.120.site.6, 2, 122, 124
537012.5.peg.120.site.7, 6, 121, 127
537012.5.peg.120.site.8, 3, 123, 126
537012.5.peg.120.site.9, 0, 124, 124
537012.5.peg.120.site.10, 0, 125, 125
537012.5.peg.120.site.11, 4, 126, 130
537012.5.peg.120.site.12, 8, 124, 132
537012.5.peg.120.site.13, 31, 121, 152
537012.5.peg.120.site.14, 19, 122, 141
537012.5.peg.120.site.15, 3, 126, 129
537012.5.peg.120.site.16, 97, 125, 222
537012.5.peg.120.site.17, 5, 121, 126
537012.5.peg.120.site.18, 2, 117, 119
537012.5.peg.120.site.19, 6, 117, 123
537012.5.peg.120.site.20, 1, 117, 118
537012.5.peg.120.site.21, 7, 119, 126
537012.5.peg.120.site.22, 2, 119, 121
537012.5.peg.120.site.23, 2, 118, 120
537012.5.peg.120.site.24, 2, 118, 120
537012.5.peg.120.site.25, 5, 120, 125
537012.5.peg.120.site.26, 6, 119, 125
537012.5.peg.120.site.27, 1, 117, 118
537012.5.peg.120.site.28, 0, 117, 117
537012.5.peg.120.site.29, 7, 117, 124
537012.5.peg.120.site.30, 7, 117, 124
537012.5.peg.120.site.31, 115, 117, 232
537012.5.peg.120.site.32, 0, 116, 116
537012.5.peg.120.site.33, 0, 117, 117
537012.5.peg.120.site.34, 0, 117, 117
537012.5.peg.120.site.35, 20, 116, 136
537012.5.peg.120.site.36, 1, 118, 119
537012.5.peg.120.site.37, 7, 117, 124
537012.5.peg.120.site.38, 1, 118, 119
537012.5.peg.120.site.39, 14, 117, 131
537012.5.peg.120.site.40, 6, 116, 122
537012.5.peg.120.site.41, 6, 119, 125
537012.5.peg.120.site.42, 1, 120, 121
537012.5.peg.120.site.43, 10, 124, 134
537012.5.peg.120.site.44, 10, 124, 134
537012.5.peg.120.site.45, 11, 124, 135
537012.5.peg.120.site.46, 2, 114, 116
537012.5.peg.120.site.47, 35, 113, 148
537012.5.peg.120.site.48, 15, 112, 127
537012.5.peg.120.site.49, 16, 113, 129
537012.5.peg.120.site.50, 7, 115, 122
537012.5.peg.120.site.51, 6, 97, 103
537012.5.peg.120.site.52, 73, 81, 154
537012.5.peg.120.site.53, 1, 82, 83
537012.5.peg.120.site.54, 1, 117, 118
537012.5.peg.120.site.55, 13, 115, 128
537012.5.peg.120.site.56, 0, 117, 117
537012.5.peg.120.site.57, 13, 117, 130
537012.5.peg.120.site.58, 12, 118, 130
537012.5.peg.120.site.59, 1, 120, 121
537012.5.peg.120.site.60, 8, 120, 128
537012.5.peg.120.site.61, 2, 122, 124
537012.5.peg.120.site.62, 11, 122, 133
537012.5.peg.120.site.63, 6, 121, 127
537012.5.peg.120.site.64, 6, 118, 124
537012.5.peg.120.site.65, 3, 118, 121
537012.5.peg.120.site.66, 1, 118, 119
537012.5.peg.120.site.67, 5, 112, 117
537012.5.peg.120.site.68, 6, 113, 119
537012.5.peg.120.site.69, 8, 109, 117
537012.5.peg.120.site.70, 23, 110, 133
537012.5.peg.120.site.71, 2, 112, 114
537012.5.peg.120.site.72, 0, 111, 111
537012.5.peg.120.site.73, 30, 107, 137
537012.5.peg.120.site.74, 2, 108, 110
537012.5.peg.120.site.75, 0, 100, 100
537012.5.peg.3317.site.1, 2, 106, 108
537012.5.peg.3317.site.2, 3, 105, 108
537012.5.peg.3317.site.3, 2, 103, 105
537012.5.peg.3317.site.4, 4, 117, 121
537012.5.peg.3317.site.5, 5, 125, 130
537012.5.peg.3317.site.6, 3, 125, 128
537012.5.peg.3317.site.7, 22, 129, 151
537012.5.peg.3317.site.8, 4, 130, 134
537012.5.peg.123.site.1, 0, 120, 120
537012.5.peg.123.site.2, 9, 120, 129
537012.5.peg.123.site.3, 8, 117, 125
537012.5.peg.123.site.4, 6, 112, 118
537012.5.peg.123.site.5, 21, 113, 134
537012.5.peg.123.site.6, 4, 96, 100
537012.5.peg.123.site.7, 3, 92, 95
537012.5.peg.123.site.8, 0, 112, 112
537012.5.peg.123.site.9, 5, 122, 127
537012.5.peg.123.site.10, 2, 119, 121
537012.5.peg.123.site.11, 13, 113, 126
537012.5.peg.123.site.12, 1, 112, 113
537012.5.peg.123.site.13, 1, 114, 115
537012.5.peg.123.site.14, 1, 110, 111
537012.5.peg.123.site.15, 0, 107, 107
537012.5.peg.123.site.16, 7, 104, 111
537012.5.peg.123.site.17, 3, 107, 110
537012.5.peg.123.site.18, 6, 99, 105
537012.5.peg.123.site.19, 2, 87, 89
537012.5.peg.123.site.20, 10, 82, 92
537012.5.peg.123.site.21, 12, 83, 95
537012.5.peg.123.site.22, 64, 83, 147
537012.5.peg.123.site.23, 1, 92, 93
537012.5.peg.123.site.24, 0, 91, 91
537012.5.peg.123.site.25, 1, 92, 93
537012.5.peg.123.site.26, 3, 97, 100
537012.5.peg.123.site.27, 16, 95, 111
537012.5.peg.123.site.28, 4, 98, 102
537012.5.peg.123.site.29, 5, 90, 95
537012.5.peg.123.site.30, 4, 88, 92
537012.5.peg.123.site.31, 0, 87, 87
537012.5.peg.123.site.32, 3, 84, 87
537012.5.peg.123.site.33, 6, 86, 92
537012.5.peg.123.site.34, 4, 85, 89
537012.5.peg.123.site.35, 10, 87, 97
537012.5.peg.123.site.36, 55, 100, 155
537012.5.peg.123.site.37, 13, 100, 113
537012.5.peg.123.site.38, 3, 101, 104
537012.5.peg.123.site.39, 6, 103, 109
537012.5.peg.123.site.40, 16, 104, 120
537012.5.peg.123.site.41, 8, 106, 114
537012.5.peg.123.site.42, 2, 111, 113
537012.5.peg.123.site.43, 1, 112, 113
537012.5.peg.123.site.44, 7, 111, 118
537012.5.peg.123.site.45, 1, 112, 113
537012.5.peg.123.site.46, 5, 113, 118
537012.5.peg.123.site.47, 6, 115, 121
537012.5.peg.123.site.48, 2, 111, 113
537012.5.peg.123.site.49, 3, 110, 113
537012.5.peg.123.site.50, 13, 109, 122
537012.5.peg.123.site.51, 9, 95, 104
537012.5.peg.123.site.52, 8, 90, 98
537012.5.peg.123.site.53, 4, 91, 95
537012.5.peg.123.site.54, 4, 91, 95
537012.5.peg.123.site.55, 4, 91, 95
537012.5.peg.123.site.56, 14, 99, 113
537012.5.peg.123.site.57, 13, 96, 109
537012.5.peg.123.site.58, 1, 98, 99
537012.5.peg.123.site.59, 0, 98, 98
537012.5.peg.123.site.60, 7, 99, 106
537012.5.peg.123.site.61, 6, 102, 108
537012.5.peg.123.site.62, 3, 98, 101
537012.5.peg.123.site.63, 3, 97, 100
537012.5.peg.123.site.64, 6, 99, 105
537012.5.peg.123.site.65, 1, 95, 96
537012.5.peg.123.site.66, 3, 94, 97
537012.5.peg.123.site.67, 2, 95, 97
537012.5.peg.125.site.1, 1, 96, 97
537012.5.peg.125.site.2, 25, 101, 126
537012.5.peg.125.site.3, 1, 107, 108
537012.5.peg.125.site.4, 30, 107, 137
537012.5.peg.125.site.5, 5, 95, 100
537012.5.peg.125.site.6, 3, 88, 91
537012.5.peg.125.site.7, 26, 87, 113
537012.5.peg.125.site.8, 2, 84, 86
537012.5.peg.125.site.9, 4, 85, 89
537012.5.peg.125.site.10, 14, 86, 100
537012.5.peg.125.site.11, 7, 86, 93
537012.5.peg.125.site.12, 25, 86, 111
537012.5.peg.125.site.13, 4, 84, 88
537012.5.peg.125.site.14, 48, 76, 124
537012.5.peg.125.site.15, 45, 72, 117
537012.5.peg.125.site.16, 5, 76, 81
537012.5.peg.125.site.17, 3, 74, 77
537012.5.peg.125.site.18, 2, 69, 71
537012.5.peg.125.site.19, 4, 72, 76
537012.5.peg.125.site.20, 71, 72, 143
537012.5.peg.125.site.21, 3, 71, 74
537012.5.peg.125.site.22, 20, 74, 94
537012.5.peg.125.site.23, 13, 76, 89
537012.5.peg.125.site.24, 0, 82, 82
537012.5.peg.125.site.25, 5, 85, 90
537012.5.peg.125.site.26, 5, 85, 90
537012.5.peg.125.site.27, 0, 83, 83
537012.5.peg.125.site.28, 15, 80, 95
537012.5.peg.125.site.29, 14, 80, 94
537012.5.peg.125.site.30, 16, 81, 97
537012.5.peg.125.site.31, 1, 77, 78
537012.5.peg.125.site.32, 4, 82, 86
537012.5.peg.125.site.33, 0, 108, 108
537012.5.peg.128.site.1, 61, 83, 144
537012.5.peg.128.site.2, 2, 83, 85
537012.5.peg.128.site.3, 1, 80, 81
537012.5.peg.128.site.4, 12, 79, 91
537012.5.peg.128.site.5, 2, 80, 82
537012.5.peg.128.site.6, 2, 78, 80
537012.5.peg.128.site.7, 0, 79, 79
537012.5.peg.128.site.8, 0, 76, 76
537012.5.peg.128.site.9, 3, 77, 80
537012.5.peg.128.site.10, 63, 76, 139
537012.5.peg.128.site.11, 7, 76, 83
537012.5.peg.128.site.12, 1, 92, 93
537012.5.peg.128.site.13, 0, 93, 93
537012.5.peg.128.site.14, 5, 94, 99
537012.5.peg.128.site.15, 4, 95, 99
537012.5.peg.128.site.16, 1, 93, 94
537012.5.peg.128.site.17, 12, 91, 103
537012.5.peg.128.site.18, 6, 95, 101
537012.5.peg.128.site.19, 0, 92, 92
537012.5.peg.128.site.20, 2, 93, 95
537012.5.peg.128.site.21, 61, 92, 153
537012.5.peg.128.site.22, 5, 90, 95
537012.5.peg.128.site.23, 3, 89, 92
537012.5.peg.128.site.24, 5, 91, 96
537012.5.peg.128.site.25, 1, 85, 86
537012.5.peg.128.site.26, 13, 81, 94
537012.5.peg.128.site.27, 8, 78, 86
537012.5.peg.128.site.28, 6, 75, 81
537012.5.peg.128.site.29, 1, 81, 82
537012.5.peg.128.site.30, 2, 83, 85
537012.5.peg.128.site.31, 10, 82, 92
537012.5.peg.128.site.32, 3, 81, 84
537012.5.peg.128.site.33, 1, 80, 81
537012.5.peg.128.site.34, 5, 90, 95
537012.5.peg.128.site.35, 1, 90, 91
537012.5.peg.128.site.36, 11, 90, 101
537012.5.peg.128.site.37, 2, 92, 94
537012.5.peg.128.site.38, 1, 92, 93
537012.5.peg.128.site.39, 1, 89, 90
537012.5.peg.128.site.40, 10, 87, 97
537012.5.peg.128.site.41, 9, 84, 93
537012.5.peg.128.site.42, 1, 83, 84
537012.5.peg.128.site.43, 11, 85, 96
537012.5.peg.128.site.44, 4, 98, 102
537012.5.peg.128.site.45, 0, 103, 103
537012.5.peg.128.site.46, 3, 95, 98
537012.5.peg.128.site.47, 1, 100, 101
537012.5.peg.128.site.48, 22, 109, 131
537012.5.peg.128.site.49, 2, 116, 118
537012.5.peg.128.site.50, 6, 119, 125
537012.5.peg.128.site.51, 2, 116, 118
537012.5.peg.128.site.52, 3, 116, 119
537012.5.peg.128.site.53, 12, 94, 106
537012.5.peg.128.site.54, 3, 86, 89
537012.5.peg.128.site.55, 3, 85, 88
537012.5.peg.128.site.56, 85, 86, 171
537012.5.peg.128.site.57, 22, 97, 119
537012.5.peg.128.site.58, 2, 96, 98
537012.5.peg.128.site.59, 1, 95, 96
537012.5.peg.128.site.60, 1, 94, 95
537012.5.peg.128.site.61, 6, 81, 87
537012.5.peg.128.site.62, 4, 78, 82
537012.5.peg.128.site.63, 0, 80, 80
537012.5.peg.128.site.64, 2, 81, 83
537012.5.peg.128.site.65, 0, 86, 86
537012.5.peg.128.site.66, 1, 86, 87
537012.5.peg.128.site.67, 4, 87, 91
537012.5.peg.128.site.68, 4, 94, 98
537012.5.peg.128.site.69, 1, 95, 96
537012.5.peg.128.site.70, 15, 95, 110
537012.5.peg.128.site.71, 2, 96, 98
537012.5.peg.128.site.72, 3, 94, 97
537012.5.peg.128.site.73, 5, 104, 109
537012.5.peg.3319.site.1, 6, 119, 125
537012.5.peg.3319.site.2, 3, 122, 125
537012.5.peg.3319.site.3, 3, 125, 128
537012.5.peg.3319.site.4, 2, 127, 129
537012.5.peg.3319.site.5, 81, 128, 209
537012.5.peg.3319.site.6, 5, 130, 135
537012.5.peg.3319.site.7, 5, 130, 135
537012.5.peg.3319.site.8, 7, 132, 139
537012.5.peg.3319.site.9, 9, 130, 139
537012.5.peg.3319.site.10, 0, 133, 133
537012.5.peg.3319.site.11, 7, 128, 135
537012.5.peg.3319.site.12, 7, 133, 140
537012.5.peg.3319.site.13, 2, 131, 133
537012.5.peg.2578.site.1, 2, 130, 132
537012.5.peg.2578.site.2, 1, 130, 131
537012.5.peg.2578.site.3, 1, 134, 135
537012.5.peg.2578.site.4, 4, 131, 135
537012.5.peg.2578.site.5, 0, 132, 132
537012.5.peg.2578.site.6, 6, 134, 140
537012.5.peg.2578.site.7, 3, 134, 137
537012.5.peg.2578.site.8, 13, 132, 145
537012.5.peg.2578.site.9, 7, 125, 132
537012.5.peg.2578.site.10, 8, 124, 132
537012.5.peg.2578.site.11, 7, 125, 132
537012.5.peg.2578.site.12, 2, 123, 125
537012.5.peg.2578.site.13, 3, 126, 129
537012.5.peg.2578.site.14, 6, 128, 134
537012.5.peg.2579.site.1, 12, 133, 145
537012.5.peg.2579.site.2, 7, 134, 141
537012.5.peg.2579.site.3, 6, 134, 140
537012.5.peg.2579.site.4, 4, 132, 136
537012.5.peg.2579.site.5, 71, 131, 202
537012.5.peg.2571.site.1, 1, 85, 86
537012.5.peg.2571.site.2, 3, 120, 123
537012.5.peg.2571.site.3, 14, 131, 145
537012.5.peg.2571.site.4, 4, 132, 136
537012.5.peg.2571.site.5, 1, 131, 132
537012.5.peg.2571.site.6, 3, 130, 133
537012.5.peg.2571.site.7, 1, 130, 131
537012.5.peg.2571.site.8, 127, 130, 257
537012.5.peg.2571.site.9, 1, 131, 132
537012.5.peg.2571.site.10, 0, 129, 129
537012.5.peg.2571.site.11, 19, 129, 148
537012.5.peg.2571.site.12, 5, 131, 136
537012.5.peg.2571.site.13, 0, 128, 128
537012.5.peg.2576.site.1, 0, 130, 130
537012.5.peg.2576.site.2, 4, 127, 131
537012.5.peg.2576.site.3, 1, 127, 128
537012.5.peg.2576.site.4, 4, 127, 131
537012.5.peg.2576.site.5, 2, 126, 128
537012.5.peg.2577.site.1, 8, 126, 134
537012.5.peg.2577.site.2, 11, 126, 137
537012.5.peg.2577.site.3, 1, 126, 127
537012.5.peg.2577.site.4, 2, 126, 128
537012.5.peg.2577.site.5, 4, 127, 131
537012.5.peg.2577.site.6, 32, 127, 159
537012.5.peg.2577.site.7, 1, 127, 128
537012.5.peg.2577.site.8, 6, 127, 133
537012.5.peg.2577.site.9, 43, 126, 169
537012.5.peg.2577.site.10, 1, 126, 127
537012.5.peg.2577.site.11, 24, 126, 150
537012.5.peg.2577.site.12, 1, 127, 128
537012.5.peg.2577.site.13, 0, 125, 125
537012.5.peg.2577.site.14, 5, 126, 131
537012.5.peg.2577.site.15, 5, 127, 132
537012.5.peg.2577.site.16, 13, 127, 140
537012.5.peg.2577.site.17, 1, 126, 127
537012.5.peg.2577.site.18, 19, 126, 145
537012.5.peg.2577.site.19, 1, 126, 127
537012.5.peg.2577.site.20, 2, 127, 129
537012.5.peg.2577.site.21, 5, 127, 132
537012.5.peg.2577.site.22, 0, 125, 125
537012.5.peg.2577.site.23, 7, 126, 133
537012.5.peg.2577.site.24, 6, 127, 133
537012.5.peg.2577.site.25, 7, 126, 133
537012.5.peg.2577.site.26, 10, 127, 137
537012.5.peg.2577.site.27, 4, 127, 131
537012.5.peg.2577.site.28, 42, 125, 167
537012.5.peg.2577.site.29, 6, 127, 133
537012.5.peg.2577.site.30, 7, 127, 134
537012.5.peg.2577.site.31, 7, 126, 133
537012.5.peg.2577.site.32, 0, 127, 127
537012.5.peg.2577.site.33, 7, 127, 134
537012.5.peg.2577.site.34, 39, 125, 164
537012.5.peg.2577.site.35, 6, 127, 133
537012.5.peg.2577.site.36, 7, 127, 134
537012.5.peg.490.site.1, 21, 130, 151
537012.5.peg.490.site.2, 1, 133, 134
537012.5.peg.490.site.3, 1, 133, 134
537012.5.peg.490.site.4, 7, 134, 141
537012.5.peg.490.site.5, 9, 133, 142
537012.5.peg.490.site.6, 1, 134, 135
537012.5.peg.490.site.7, 8, 134, 142
537012.5.peg.490.site.8, 1, 134, 135
537012.5.peg.490.site.9, 44, 132, 176
537012.5.peg.490.site.10, 18, 133, 151
537012.5.peg.490.site.11, 7, 132, 139
537012.5.peg.490.site.12, 5, 133, 138
537012.5.peg.490.site.13, 1, 134, 135
537012.5.peg.490.site.14, 11, 131, 142
537012.5.peg.490.site.15, 4, 132, 136
537012.5.peg.490.site.16, 0, 134, 134
537012.5.peg.490.site.17, 2, 134, 136
537012.5.peg.490.site.18, 7, 134, 141
537012.5.peg.490.site.19, 4, 132, 136
537012.5.peg.490.site.20, 4, 131, 135
537012.5.peg.490.site.21, 28, 131, 159
537012.5.peg.490.site.22, 1, 134, 135
537012.5.peg.490.site.23, 4, 131, 135
537012.5.peg.490.site.24, 4, 131, 135
537012.5.peg.490.site.25, 11, 132, 143
537012.5.peg.490.site.26, 1, 133, 134
537012.5.peg.490.site.27, 12, 131, 143
537012.5.peg.490.site.28, 3, 130, 133
537012.5.peg.490.site.29, 3, 130, 133
537012.5.peg.490.site.30, 1, 132, 133
537012.5.peg.490.site.31, 4, 131, 135
537012.5.peg.490.site.32, 1, 133, 134
537012.5.peg.490.site.33, 1, 134, 135
537012.5.peg.490.site.34, 9, 132, 141
537012.5.peg.490.site.35, 1, 134, 135
537012.5.peg.490.site.36, 4, 131, 135
537012.5.peg.490.site.37, 1, 134, 135
537012.5.peg.490.site.38, 2, 130, 132
537012.5.peg.490.site.39, 2, 131, 133
537012.5.peg.490.site.40, 0, 129, 129
537012.5.peg.490.site.41, 105, 129, 234
537012.5.peg.490.site.42, 2, 131, 133
537012.5.peg.490.site.43, 0, 133, 133
537012.5.peg.490.site.44, 18, 133, 151
537012.5.peg.490.site.45, 24, 131, 155
537012.5.peg.490.site.46, 4, 132, 136
537012.5.peg.490.site.47, 3, 131, 134
537012.5.peg.490.site.48, 14, 134, 148
537012.5.peg.490.site.49, 5, 133, 138
537012.5.peg.490.site.50, 24, 132, 156
537012.5.peg.490.site.51, 0, 128, 128
537012.5.peg.490.site.52, 0, 128, 128
537012.5.peg.490.site.53, 8, 130, 138
537012.5.peg.491.site.1, 1, 128, 129
537012.5.peg.491.site.2, 2, 128, 130
537012.5.peg.491.site.3, 2, 128, 130
537012.5.peg.491.site.4, 0, 134, 134
537012.5.peg.491.site.5, 1, 134, 135
537012.5.peg.491.site.6, 11, 133, 144
537012.5.peg.491.site.7, 4, 129, 133
537012.5.peg.491.site.8, 4, 128, 132
537012.5.peg.491.site.9, 1, 131, 132
537012.5.peg.491.site.10, 5, 133, 138
537012.5.peg.491.site.11, 23, 131, 154
537012.5.peg.491.site.12, 5, 130, 135
537012.5.peg.491.site.13, 2, 131, 133
537012.5.peg.491.site.14, 3, 134, 137
537012.5.peg.491.site.15, 7, 130, 137
537012.5.peg.491.site.16, 47, 131, 178
537012.5.peg.491.site.17, 6, 129, 135
537012.5.peg.491.site.18, 3, 131, 134
537012.5.peg.491.site.19, 78, 133, 211
537012.5.peg.491.site.20, 5, 134, 139
537012.5.peg.491.site.21, 1, 134, 135
537012.5.peg.491.site.22, 5, 134, 139
537012.5.peg.491.site.23, 1, 133, 134
537012.5.peg.491.site.24, 4, 132, 136
537012.5.peg.491.site.25, 3, 134, 137
537012.5.peg.491.site.26, 5, 134, 139
537012.5.peg.491.site.27, 6, 131, 137
537012.5.peg.491.site.28, 4, 133, 137
537012.5.peg.491.site.29, 8, 132, 140
537012.5.peg.491.site.30, 3, 134, 137
537012.5.peg.491.site.31, 110, 133, 243
537012.5.peg.491.site.32, 1, 134, 135
537012.5.peg.491.site.33, 13, 134, 147
537012.5.peg.491.site.34, 5, 134, 139
537012.5.peg.491.site.35, 1, 134, 135
537012.5.peg.491.site.36, 5, 133, 138
537012.5.peg.491.site.37, 3, 134, 137
537012.5.peg.491.site.38, 1, 133, 134
537012.5.peg.491.site.39, 13, 134, 147
537012.5.peg.491.site.40, 7, 134, 141
537012.5.peg.491.site.41, 8, 133, 141
537012.5.peg.492.site.1, 1, 134, 135
537012.5.peg.492.site.2, 10, 131, 141
537012.5.peg.492.site.3, 3, 133, 136
537012.5.peg.492.site.4, 3, 133, 136
537012.5.peg.492.site.5, 13, 131, 144
537012.5.peg.492.site.6, 8, 130, 138
537012.5.peg.492.site.7, 1, 130, 131
537012.5.peg.492.site.8, 1, 130, 131
537012.5.peg.492.site.9, 3, 133, 136
537012.5.peg.492.site.10, 7, 134, 141
537012.5.peg.492.site.11, 1, 134, 135
537012.5.peg.492.site.12, 3, 134, 137
537012.5.peg.492.site.13, 2, 134, 136
537012.5.peg.492.site.14, 11, 131, 142
537012.5.peg.492.site.15, 14, 133, 147
537012.5.peg.492.site.16, 10, 134, 144
537012.5.peg.492.site.17, 11, 131, 142
537012.5.peg.492.site.18, 3, 128, 131
537012.5.peg.492.site.19, 9, 129, 138
537012.5.peg.492.site.20, 37, 130, 167
537012.5.peg.492.site.21, 3, 131, 134
537012.5.peg.492.site.22, 8, 129, 137
537012.5.peg.492.site.23, 53, 129, 182
537012.5.peg.492.site.24, 22, 129, 151
537012.5.peg.492.site.25, 115, 129, 244
537012.5.peg.492.site.26, 1, 130, 131
537012.5.peg.492.site.27, 2, 131, 133
537012.5.peg.492.site.28, 2, 130, 132
537012.5.peg.492.site.29, 4, 131, 135
537012.5.peg.492.site.30, 4, 134, 138
537012.5.peg.492.site.31, 4, 132, 136
537012.5.peg.492.site.32, 6, 133, 139
537012.5.peg.492.site.33, 6, 132, 138
537012.5.peg.492.site.34, 1, 129, 130
537012.5.peg.492.site.35, 0, 130, 130
537012.5.peg.492.site.36, 19, 130, 149
537012.5.peg.492.site.37, 23, 129, 152
537012.5.peg.492.site.38, 5, 132, 137
537012.5.peg.492.site.39, 1, 134, 135
537012.5.peg.492.site.40, 1, 134, 135
537012.5.peg.492.site.41, 99, 131, 230
537012.5.peg.492.site.42, 3, 132, 135
537012.5.peg.492.site.43, 3, 130, 133
537012.5.peg.492.site.44, 30, 128, 158
537012.5.peg.493.site.1, 8, 134, 142
537012.5.peg.493.site.2, 4, 132, 136
537012.5.peg.493.site.3, 3, 131, 134
537012.5.peg.493.site.4, 0, 129, 129
537012.5.peg.493.site.5, 2, 130, 132
537012.5.peg.493.site.6, 2, 132, 134
537012.5.peg.493.site.7, 2, 130, 132
537012.5.peg.493.site.8, 1, 134, 135
537012.5.peg.493.site.9, 98, 131, 229
537012.5.peg.493.site.10, 28, 133, 161
537012.5.peg.493.site.11, 4, 132, 136
537012.5.peg.493.site.12, 47, 132, 179
537012.5.peg.493.site.13, 13, 134, 147
537012.5.peg.493.site.14, 4, 132, 136
537012.5.peg.493.site.15, 1, 134, 135
537012.5.peg.493.site.16, 4, 132, 136
537012.5.peg.493.site.17, 17, 134, 151
537012.5.peg.493.site.18, 11, 132, 143
537012.5.peg.493.site.19, 1, 133, 134
537012.5.peg.493.site.20, 2, 129, 131
537012.5.peg.493.site.21, 130, 131, 261
537012.5.peg.493.site.22, 1, 131, 132
537012.5.peg.2778.site.1, 2, 130, 132
537012.5.peg.2778.site.2, 10, 132, 142
537012.5.peg.2778.site.3, 23, 132, 155
537012.5.peg.2778.site.4, 5, 132, 137
537012.5.peg.2778.site.5, 6, 130, 136
537012.5.peg.2778.site.6, 36, 131, 167
537012.5.peg.2778.site.7, 39, 129, 168
537012.5.peg.2778.site.8, 4, 129, 133
537012.5.peg.2779.site.1, 3, 128, 131
537012.5.peg.2779.site.2, 10, 128, 138
537012.5.peg.2779.site.3, 4, 125, 129
537012.5.peg.2779.site.4, 1, 126, 127
537012.5.peg.2779.site.5, 12, 127, 139
537012.5.peg.2779.site.6, 43, 127, 170
537012.5.peg.496.site.1, 3, 127, 130
537012.5.peg.496.site.2, 27, 127, 154
537012.5.peg.496.site.3, 2, 134, 136
537012.5.peg.496.site.4, 8, 134, 142
537012.5.peg.496.site.5, 72, 133, 205
537012.5.peg.496.site.6, 8, 134, 142
537012.5.peg.496.site.7, 4, 133, 137
537012.5.peg.496.site.8, 1, 131, 132
537012.5.peg.496.site.9, 1, 131, 132
537012.5.peg.496.site.10, 50, 129, 179
537012.5.peg.496.site.11, 63, 130, 193
537012.5.peg.496.site.12, 1, 130, 131
537012.5.peg.496.site.13, 6, 130, 136
537012.5.peg.496.site.14, 2, 132, 134
537012.5.peg.496.site.15, 9, 131, 140
537012.5.peg.496.site.16, 6, 132, 138
537012.5.peg.496.site.17, 131, 132, 263
537012.5.peg.496.site.18, 12, 131, 143
537012.5.peg.496.site.19, 1, 132, 133
537012.5.peg.496.site.20, 32, 133, 165
537012.5.peg.496.site.21, 1, 132, 133
537012.5.peg.496.site.22, 99, 133, 232
537012.5.peg.496.site.23, 0, 133, 133
537012.5.peg.496.site.24, 93, 133, 226
537012.5.peg.496.site.25, 3, 133, 136
537012.5.peg.2774.site.1, 42, 133, 175
537012.5.peg.2774.site.2, 7, 134, 141
537012.5.peg.2774.site.3, 9, 134, 143
537012.5.peg.2774.site.4, 0, 132, 132
537012.5.peg.2774.site.5, 6, 133, 139
537012.5.peg.2774.site.6, 6, 134, 140
537012.5.peg.2774.site.7, 8, 133, 141
537012.5.peg.2774.site.8, 7, 132, 139
537012.5.peg.2774.site.9, 9, 128, 137
537012.5.peg.2774.site.10, 2, 130, 132
537012.5.peg.2774.site.11, 5, 129, 134
537012.5.peg.2774.site.12, 2, 128, 130
537012.5.peg.2774.site.13, 3, 129, 132
537012.5.peg.2774.site.14, 3, 132, 135
537012.5.peg.2774.site.15, 5, 132, 137
537012.5.peg.2774.site.16, 50, 132, 182
537012.5.peg.2774.site.17, 2, 130, 132
537012.5.peg.2774.site.18, 1, 134, 135
537012.5.peg.2774.site.19, 2, 134, 136
537012.5.peg.2774.site.20, 132, 134, 266
537012.5.peg.2774.site.21, 3, 134, 137
537012.5.peg.2774.site.22, 1, 134, 135
537012.5.peg.2774.site.23, 4, 132, 136
537012.5.peg.2774.site.24, 5, 133, 138
537012.5.peg.2774.site.25, 2, 129, 131
537012.5.peg.2774.site.26, 6, 129, 135
537012.5.peg.2774.site.27, 0, 130, 130
537012.5.peg.2774.site.28, 1, 131, 132
537012.5.peg.2774.site.29, 3, 133, 136
537012.5.peg.2774.site.30, 2, 131, 133
537012.5.peg.2774.site.31, 3, 131, 134
537012.5.peg.2774.site.32, 1, 134, 135
537012.5.peg.2774.site.33, 12, 132, 144
537012.5.peg.2774.site.34, 1, 134, 135
537012.5.peg.2774.site.35, 4, 132, 136
537012.5.peg.2774.site.36, 27, 134, 161
537012.5.peg.2774.site.37, 1, 134, 135
537012.5.peg.2774.site.38, 29, 134, 163
537012.5.peg.2775.site.1, 1, 129, 130
537012.5.peg.2775.site.2, 2, 131, 133
537012.5.peg.2775.site.3, 45, 132, 177
537012.5.peg.2775.site.4, 30, 134, 164
537012.5.peg.2775.site.5, 5, 134, 139
537012.5.peg.2775.site.6, 9, 133, 142
537012.5.peg.2775.site.7, 1, 134, 135
537012.5.peg.2775.site.8, 5, 133, 138
537012.5.peg.2775.site.9, 17, 134, 151
537012.5.peg.2775.site.10, 4, 132, 136
537012.5.peg.2775.site.11, 3, 132, 135
537012.5.peg.2775.site.12, 2, 131, 133
537012.5.peg.2775.site.13, 1, 130, 131
537012.5.peg.2775.site.14, 1, 130, 131
537012.5.peg.2775.site.15, 7, 129, 136
537012.5.peg.2775.site.16, 45, 128, 173
537012.5.peg.2775.site.17, 126, 132, 258
537012.5.peg.2775.site.18, 4, 132, 136
537012.5.peg.2775.site.19, 1, 129, 130
537012.5.peg.2775.site.20, 1, 130, 131
537012.5.peg.2775.site.21, 7, 129, 136
537012.5.peg.2775.site.22, 1, 130, 131
537012.5.peg.2775.site.23, 9, 129, 138
537012.5.peg.2775.site.24, 39, 128, 167
537012.5.peg.2775.site.25, 4, 129, 133
537012.5.peg.2775.site.26, 1, 129, 130
537012.5.peg.2775.site.27, 1, 128, 129
537012.5.peg.2775.site.28, 0, 128, 128
537012.5.peg.2775.site.29, 11, 129, 140
537012.5.peg.2775.site.30, 27, 128, 155
537012.5.peg.2775.site.31, 17, 130, 147
537012.5.peg.2775.site.32, 4, 130, 134
537012.5.peg.2775.site.33, 10, 129, 139
537012.5.peg.2775.site.34, 3, 129, 132
537012.5.peg.2775.site.35, 1, 129, 130
537012.5.peg.2775.site.36, 7, 130, 137
537012.5.peg.2775.site.37, 7, 129, 136
537012.5.peg.2775.site.38, 7, 129, 136
537012.5.peg.2775.site.39, 30, 127, 157
537012.5.peg.2775.site.40, 7, 128, 135
537012.5.peg.2775.site.41, 1, 129, 130
537012.5.peg.2775.site.42, 6, 129, 135
537012.5.peg.2775.site.43, 1, 129, 130
537012.5.peg.2775.site.44, 1, 129, 130
537012.5.peg.2775.site.45, 2, 132, 134
537012.5.peg.2775.site.46, 6, 132, 138
537012.5.peg.2775.site.47, 2, 131, 133
537012.5.peg.2775.site.48, 3, 133, 136
537012.5.peg.2775.site.49, 2, 132, 134
537012.5.peg.2775.site.50, 1, 130, 131
537012.5.peg.2775.site.51, 5, 133, 138
537012.5.peg.2775.site.52, 22, 133, 155
537012.5.peg.2775.site.53, 3, 133, 136
537012.5.peg.2775.site.54, 7, 133, 140
537012.5.peg.2775.site.55, 1, 131, 132
537012.5.peg.2775.site.56, 8, 130, 138
537012.5.peg.2775.site.57, 2, 131, 133
537012.5.peg.2775.site.58, 1, 129, 130
537012.5.peg.2775.site.59, 0, 131, 131
537012.5.peg.2775.site.60, 1, 131, 132
537012.5.peg.2775.site.61, 31, 133, 164
537012.5.peg.2775.site.62, 38, 131, 169
537012.5.peg.2777.site.1, 1, 33, 34
537012.5.peg.2777.site.2, 1, 95, 96
537012.5.peg.2777.site.3, 1, 122, 123
537012.5.peg.2777.site.4, 9, 122, 131
537012.5.peg.2777.site.5, 0, 123, 123
537012.5.peg.2777.site.6, 1, 126, 127
537012.5.peg.2777.site.7, 2, 127, 129
537012.5.peg.2777.site.8, 2, 126, 128
537012.5.peg.2777.site.9, 3, 126, 129
537012.5.peg.2777.site.10, 14, 126, 140
537012.5.peg.2770.site.1, 3, 6, 9
537012.5.peg.2770.site.2, 1, 124, 125
537012.5.peg.2770.site.3, 2, 125, 127
537012.5.peg.2770.site.4, 3, 126, 129
537012.5.peg.2770.site.5, 5, 128, 133
537012.5.peg.2770.site.6, 1, 130, 131
537012.5.peg.2770.site.7, 21, 130, 151
537012.5.peg.2770.site.8, 6, 130, 136
537012.5.peg.2770.site.9, 28, 130, 158
537012.5.peg.2770.site.10, 1, 130, 131
537012.5.peg.2770.site.11, 41, 129, 170
537012.5.peg.2770.site.12, 3, 129, 132
537012.5.peg.2770.site.13, 7, 131, 138
537012.5.peg.2770.site.14, 1, 131, 132
537012.5.peg.2770.site.15, 1, 130, 131
537012.5.peg.2770.site.16, 1, 130, 131
537012.5.peg.2770.site.17, 1, 130, 131
537012.5.peg.2770.site.18, 7, 129, 136
537012.5.peg.2770.site.19, 7, 130, 137
537012.5.peg.2770.site.20, 2, 129, 131
537012.5.peg.2770.site.21, 4, 130, 134
537012.5.peg.2770.site.22, 5, 129, 134
537012.5.peg.2770.site.23, 5, 129, 134
537012.5.peg.2770.site.24, 20, 128, 148
537012.5.peg.2770.site.25, 116, 129, 245
537012.5.peg.2770.site.26, 1, 128, 129
537012.5.peg.2770.site.27, 6, 128, 134
537012.5.peg.2770.site.28, 2, 128, 130
537012.5.peg.2770.site.29, 1, 128, 129
537012.5.peg.2770.site.30, 2, 129, 131
537012.5.peg.2770.site.31, 1, 129, 130
537012.5.peg.2770.site.32, 4, 127, 131
537012.5.peg.2770.site.33, 3, 125, 128
537012.5.peg.2770.site.34, 3, 126, 129
537012.5.peg.2770.site.35, 3, 126, 129
537012.5.peg.2770.site.36, 6, 128, 134
537012.5.peg.2770.site.37, 4, 128, 132
537012.5.peg.2770.site.38, 6, 128, 134
537012.5.peg.2770.site.39, 1, 123, 124
537012.5.peg.2770.site.40, 1, 123, 124
537012.5.peg.2770.site.41, 1, 123, 124
537012.5.peg.2770.site.42, 1, 123, 124
537012.5.peg.2770.site.43, 1, 123, 124
537012.5.peg.2770.site.44, 2, 123, 125
537012.5.peg.2770.site.45, 1, 122, 123
537012.5.peg.2770.site.46, 1, 122, 123
537012.5.peg.2770.site.47, 45, 121, 166
537012.5.peg.2770.site.48, 5, 128, 133
537012.5.peg.2770.site.49, 4, 125, 129
537012.5.peg.2770.site.50, 1, 111, 112
537012.5.peg.2770.site.51, 8, 113, 121
537012.5.peg.2770.site.52, 4, 129, 133
537012.5.peg.2770.site.53, 2, 131, 133
537012.5.peg.2770.site.54, 4, 129, 133
537012.5.peg.2771.site.1, 0, 132, 132
537012.5.peg.2771.site.2, 5, 134, 139
537012.5.peg.2771.site.3, 26, 133, 159
537012.5.peg.2771.site.4, 3, 133, 136
537012.5.peg.2771.site.5, 9, 134, 143
537012.5.peg.2771.site.6, 10, 130, 140
537012.5.peg.2771.site.7, 0, 132, 132
537012.5.peg.2771.site.8, 0, 132, 132
537012.5.peg.2771.site.9, 1, 134, 135
537012.5.peg.2771.site.10, 1, 129, 130
537012.5.peg.2771.site.11, 0, 129, 129
537012.5.peg.2772.site.1, 1, 134, 135
537012.5.peg.2772.site.2, 3, 134, 137
537012.5.peg.2772.site.3, 4, 134, 138
537012.5.peg.2772.site.4, 0, 133, 133
537012.5.peg.2772.site.5, 3, 133, 136
537012.5.peg.2772.site.6, 2, 134, 136
537012.5.peg.2772.site.7, 9, 129, 138
537012.5.peg.2772.site.8, 5, 130, 135
537012.5.peg.2772.site.9, 5, 128, 133
537012.5.peg.2772.site.10, 34, 129, 163
537012.5.peg.2772.site.11, 36, 124, 160
537012.5.peg.2772.site.12, 11, 122, 133
537012.5.peg.2772.site.13, 3, 114, 117
537012.5.peg.2772.site.14, 3, 118, 121
537012.5.peg.2772.site.15, 2, 121, 123
537012.5.peg.2772.site.16, 6, 127, 133
537012.5.peg.2772.site.17, 20, 129, 149
537012.5.peg.2772.site.18, 21, 130, 151
537012.5.peg.2772.site.19, 0, 132, 132
537012.5.peg.2772.site.20, 1, 134, 135
537012.5.peg.2772.site.21, 10, 132, 142
537012.5.peg.2772.site.22, 2, 133, 135
537012.5.peg.2772.site.23, 23, 132, 155
537012.5.peg.2773.site.1, 2, 133, 135
537012.5.peg.2773.site.2, 6, 134, 140
537012.5.peg.2773.site.3, 103, 133, 236
537012.5.peg.2773.site.4, 11, 132, 143
537012.5.peg.2773.site.5, 6, 133, 139
537012.5.peg.2773.site.6, 6, 134, 140
537012.5.peg.2773.site.7, 1, 134, 135
537012.5.peg.2773.site.8, 38, 133, 171
537012.5.peg.2773.site.9, 4, 132, 136
537012.5.peg.2773.site.10, 4, 133, 137
537012.5.peg.2773.site.11, 7, 134, 141
537012.5.peg.2773.site.12, 6, 133, 139
537012.5.peg.2773.site.13, 4, 131, 135
537012.5.peg.2773.site.14, 4, 125, 129
537012.5.peg.2773.site.15, 0, 127, 127
537012.5.peg.2792.site.1, 0, 134, 134
537012.5.peg.2792.site.2, 6, 134, 140
537012.5.peg.2792.site.3, 7, 133, 140
537012.5.peg.2792.site.4, 2, 133, 135
537012.5.peg.2792.site.5, 3, 133, 136
537012.5.peg.2792.site.6, 9, 132, 141
537012.5.peg.2792.site.7, 9, 132, 141
537012.5.peg.2792.site.8, 3, 132, 135
537012.5.peg.2792.site.9, 37, 133, 170
537012.5.peg.2792.site.10, 1, 134, 135
537012.5.peg.2792.site.11, 1, 134, 135
537012.5.peg.2792.site.12, 8, 132, 140
537012.5.peg.2792.site.13, 1, 134, 135
537012.5.peg.2792.site.14, 9, 132, 141
537012.5.peg.2792.site.15, 2, 130, 132
537012.5.peg.2792.site.16, 1, 128, 129
537012.5.peg.2792.site.17, 2, 130, 132
537012.5.peg.2792.site.18, 0, 130, 130
537012.5.peg.2792.site.19, 4, 131, 135
537012.5.peg.2792.site.20, 4, 131, 135
537012.5.peg.2792.site.21, 6, 132, 138
537012.5.peg.2792.site.22, 10, 133, 143
537012.5.peg.2792.site.23, 2, 132, 134
537012.5.peg.2792.site.24, 1, 133, 134
537012.5.peg.2792.site.25, 0, 132, 132
537012.5.peg.2792.site.26, 1, 132, 133
537012.5.peg.2792.site.27, 1, 131, 132
537012.5.peg.2792.site.28, 5, 129, 134
537012.5.peg.2792.site.29, 5, 129, 134
537012.5.peg.2792.site.30, 86, 131, 217
537012.5.peg.2792.site.31, 2, 132, 134
537012.5.peg.2792.site.32, 2, 133, 135
537012.5.peg.2792.site.33, 8, 133, 141
537012.5.peg.2792.site.34, 8, 133, 141
537012.5.peg.2792.site.35, 1, 133, 134
537012.5.peg.2792.site.36, 8, 132, 140
537012.5.peg.2792.site.37, 2, 132, 134
537012.5.peg.2793.site.1, 9, 132, 141
537012.5.peg.2793.site.2, 1, 134, 135
537012.5.peg.2793.site.3, 1, 134, 135
537012.5.peg.2793.site.4, 2, 132, 134
537012.5.peg.2793.site.5, 0, 130, 130
537012.5.peg.2793.site.6, 1, 131, 132
537012.5.peg.2793.site.7, 0, 131, 131
537012.5.peg.2793.site.8, 7, 131, 138
537012.5.peg.2793.site.9, 7, 131, 138
537012.5.peg.2793.site.10, 0, 131, 131
537012.5.peg.2793.site.11, 1, 132, 133
537012.5.peg.2793.site.12, 1, 131, 132
537012.5.peg.2793.site.13, 1, 129, 130
537012.5.peg.2793.site.14, 102, 131, 233
537012.5.peg.2793.site.15, 113, 133, 246
537012.5.peg.2793.site.16, 6, 133, 139
537012.5.peg.2793.site.17, 50, 132, 182
537012.5.peg.2793.site.18, 2, 131, 133
537012.5.peg.2793.site.19, 0, 133, 133
537012.5.peg.2793.site.20, 2, 132, 134
537012.5.peg.2793.site.21, 1, 133, 134
537012.5.peg.2793.site.22, 6, 133, 139
537012.5.peg.2793.site.23, 2, 132, 134
537012.5.peg.2793.site.24, 1, 133, 134
537012.5.peg.2793.site.25, 1, 132, 133
537012.5.peg.2793.site.26, 7, 133, 140
537012.5.peg.2793.site.27, 7, 133, 140
537012.5.peg.2793.site.28, 0, 132, 132
537012.5.peg.2793.site.29, 6, 132, 138
537012.5.peg.2793.site.30, 114, 130, 244
537012.5.peg.2793.site.31, 3, 133, 136
537012.5.peg.2793.site.32, 4, 132, 136
537012.5.peg.2793.site.33, 8, 131, 139
537012.5.peg.2793.site.34, 3, 132, 135
537012.5.peg.2793.site.35, 5, 134, 139
537012.5.peg.2790.site.1, 1, 134, 135
537012.5.peg.2790.site.2, 113, 131, 244
537012.5.peg.2790.site.3, 3, 130, 133
537012.5.peg.2790.site.4, 2, 132, 134
537012.5.peg.2790.site.5, 1, 133, 134
537012.5.peg.2790.site.6, 2, 132, 134
537012.5.peg.2790.site.7, 6, 132, 138
537012.5.peg.2790.site.8, 2, 131, 133
537012.5.peg.2790.site.9, 11, 132, 143
537012.5.peg.2790.site.10, 1, 133, 134
537012.5.peg.2790.site.11, 1, 132, 133
537012.5.peg.2790.site.12, 3, 133, 136
537012.5.peg.2790.site.13, 0, 134, 134
537012.5.peg.2790.site.14, 1, 134, 135
537012.5.peg.2790.site.15, 2, 134, 136
537012.5.peg.2790.site.16, 25, 132, 157
537012.5.peg.2790.site.17, 2, 132, 134
537012.5.peg.2790.site.18, 2, 134, 136
537012.5.peg.2790.site.19, 3, 133, 136
537012.5.peg.2790.site.20, 114, 133, 247
537012.5.peg.2790.site.21, 1, 134, 135
537012.5.peg.2790.site.22, 16, 133, 149
537012.5.peg.2790.site.23, 3, 134, 137
537012.5.peg.2790.site.24, 3, 134, 137
537012.5.peg.2790.site.25, 2, 134, 136
537012.5.peg.2790.site.26, 2, 134, 136
537012.5.peg.2790.site.27, 8, 134, 142
537012.5.peg.2790.site.28, 9, 134, 143
537012.5.peg.2790.site.29, 5, 134, 139
537012.5.peg.2790.site.30, 11, 132, 143
537012.5.peg.2790.site.31, 11, 133, 144
537012.5.peg.2790.site.32, 3, 133, 136
537012.5.peg.2790.site.33, 1, 134, 135
537012.5.peg.2790.site.34, 2, 133, 135
537012.5.peg.2790.site.35, 1, 134, 135
537012.5.peg.2790.site.36, 3, 133, 136
537012.5.peg.2790.site.37, 1, 134, 135
537012.5.peg.2790.site.38, 7, 134, 141
537012.5.peg.2790.site.39, 1, 134, 135
537012.5.peg.2790.site.40, 3, 132, 135
537012.5.peg.2790.site.41, 2, 133, 135
537012.5.peg.2790.site.42, 8, 134, 142
537012.5.peg.2790.site.43, 6, 134, 140
537012.5.peg.2790.site.44, 6, 134, 140
537012.5.peg.2790.site.45, 10, 133, 143
537012.5.peg.2790.site.46, 7, 134, 141
537012.5.peg.2790.site.47, 17, 134, 151
537012.5.peg.2790.site.48, 6, 134, 140
537012.5.peg.2790.site.49, 10, 133, 143
537012.5.peg.2790.site.50, 2, 134, 136
537012.5.peg.2790.site.51, 28, 132, 160
537012.5.peg.2790.site.52, 3, 134, 137
537012.5.peg.2790.site.53, 1, 134, 135
537012.5.peg.2790.site.54, 1, 132, 133
537012.5.peg.2790.site.55, 31, 130, 161
537012.5.peg.2790.site.56, 1, 134, 135
537012.5.peg.2790.site.57, 2, 132, 134
537012.5.peg.2790.site.58, 6, 134, 140
537012.5.peg.2790.site.59, 17, 134, 151
537012.5.peg.2790.site.60, 2, 132, 134
537012.5.peg.2790.site.61, 115, 134, 249
537012.5.peg.2790.site.62, 130, 133, 263
537012.5.peg.2790.site.63, 1, 133, 134
537012.5.peg.2790.site.64, 3, 134, 137
537012.5.peg.2790.site.65, 6, 133, 139
537012.5.peg.2790.site.66, 5, 132, 137
537012.5.peg.2790.site.67, 1, 132, 133
537012.5.peg.2790.site.68, 37, 133, 170
537012.5.peg.2790.site.69, 3, 134, 137
537012.5.peg.2790.site.70, 7, 134, 141
537012.5.peg.2790.site.71, 79, 131, 210
537012.5.peg.2790.site.72, 43, 133, 176
537012.5.peg.2790.site.73, 1, 134, 135
537012.5.peg.2790.site.74, 0, 134, 134
537012.5.peg.2790.site.75, 8, 132, 140
537012.5.peg.2790.site.76, 1, 134, 135
537012.5.peg.2790.site.77, 7, 134, 141
537012.5.peg.2790.site.78, 3, 134, 137
537012.5.peg.2790.site.79, 1, 134, 135
537012.5.peg.2790.site.80, 8, 133, 141
537012.5.peg.2790.site.81, 2, 132, 134
537012.5.peg.2790.site.82, 9, 132, 141
537012.5.peg.2790.site.83, 9, 131, 140
537012.5.peg.2790.site.84, 9, 133, 142
537012.5.peg.2790.site.85, 2, 134, 136
537012.5.peg.2790.site.86, 1, 134, 135
537012.5.peg.2790.site.87, 1, 133, 134
537012.5.peg.2790.site.88, 0, 133, 133
537012.5.peg.2790.site.89, 2, 134, 136
537012.5.peg.2790.site.90, 2, 134, 136
537012.5.peg.2790.site.91, 1, 134, 135
537012.5.peg.2790.site.92, 6, 134, 140
537012.5.peg.2790.site.93, 3, 133, 136
537012.5.peg.2790.site.94, 3, 134, 137
537012.5.peg.2790.site.95, 0, 134, 134
537012.5.peg.2790.site.96, 2, 133, 135
537012.5.peg.2790.site.97, 2, 133, 135
537012.5.peg.2790.site.98, 6, 134, 140
537012.5.peg.2790.site.99, 7, 133, 140
537012.5.peg.2790.site.100, 1, 132, 133
537012.5.peg.2790.site.101, 8, 132, 140
537012.5.peg.2790.site.102, 2, 133, 135
537012.5.peg.2790.site.103, 47, 133, 180
537012.5.peg.2790.site.104, 1, 132, 133
537012.5.peg.2790.site.105, 28, 133, 161
537012.5.peg.2790.site.106, 7, 133, 140
537012.5.peg.2790.site.107, 3, 132, 135
537012.5.peg.2790.site.108, 1, 132, 133
537012.5.peg.2790.site.109, 45, 132, 177
537012.5.peg.2790.site.110, 3, 132, 135
537012.5.peg.2790.site.111, 2, 133, 135
537012.5.peg.2790.site.112, 4, 132, 136
537012.5.peg.2790.site.113, 1, 132, 133
537012.5.peg.2790.site.114, 7, 133, 140
537012.5.peg.2790.site.115, 110, 132, 242
537012.5.peg.2790.site.116, 1, 133, 134
537012.5.peg.2790.site.117, 71, 132, 203
537012.5.peg.2790.site.118, 2, 134, 136
537012.5.peg.2790.site.119, 2, 132, 134
537012.5.peg.2790.site.120, 0, 132, 132
537012.5.peg.2790.site.121, 4, 134, 138
537012.5.peg.2790.site.122, 3, 134, 137
537012.5.peg.2790.site.123, 56, 132, 188
537012.5.peg.2790.site.124, 2, 133, 135
537012.5.peg.2790.site.125, 1, 134, 135
537012.5.peg.2790.site.126, 30, 133, 163
537012.5.peg.2790.site.127, 1, 134, 135
537012.5.peg.2790.site.128, 1, 133, 134
537012.5.peg.2790.site.129, 6, 134, 140
537012.5.peg.2790.site.130, 45, 132, 177
537012.5.peg.2790.site.131, 104, 132, 236
537012.5.peg.2790.site.132, 0, 134, 134
537012.5.peg.2790.site.133, 69, 132, 201
537012.5.peg.2790.site.134, 132, 134, 266
537012.5.peg.2790.site.135, 2, 133, 135
537012.5.peg.2790.site.136, 17, 133, 150
537012.5.peg.2790.site.137, 16, 134, 150
537012.5.peg.2790.site.138, 2, 132, 134
537012.5.peg.2790.site.139, 0, 134, 134
537012.5.peg.2790.site.140, 7, 134, 141
537012.5.peg.2790.site.141, 16, 133, 149
537012.5.peg.2790.site.142, 1, 134, 135
537012.5.peg.2790.site.143, 3, 131, 134
537012.5.peg.2791.site.1, 1, 126, 127
537012.5.peg.2791.site.2, 1, 126, 127
537012.5.peg.2791.site.3, 27, 125, 152
537012.5.peg.2791.site.4, 2, 128, 130
537012.5.peg.2791.site.5, 1, 128, 129
537012.5.peg.2791.site.6, 0, 127, 127
537012.5.peg.2791.site.7, 2, 128, 130
537012.5.peg.2791.site.8, 1, 128, 129
537012.5.peg.2791.site.9, 2, 128, 130
537012.5.peg.2791.site.10, 29, 127, 156
537012.5.peg.2791.site.11, 16, 127, 143
537012.5.peg.2791.site.12, 36, 127, 163
537012.5.peg.2791.site.13, 1, 128, 129
537012.5.peg.2791.site.14, 5, 128, 133
537012.5.peg.2791.site.15, 0, 126, 126
537012.5.peg.2791.site.16, 0, 126, 126
537012.5.peg.2791.site.17, 0, 127, 127
537012.5.peg.2791.site.18, 1, 128, 129
537012.5.peg.2791.site.19, 6, 128, 134
537012.5.peg.2791.site.20, 1, 127, 128
537012.5.peg.2791.site.21, 18, 127, 145
537012.5.peg.2791.site.22, 39, 128, 167
537012.5.peg.2791.site.23, 5, 128, 133
537012.5.peg.2791.site.24, 1, 128, 129
537012.5.peg.2791.site.25, 1, 128, 129
537012.5.peg.2791.site.26, 1, 128, 129
537012.5.peg.2791.site.27, 1, 128, 129
537012.5.peg.2791.site.28, 2, 128, 130
537012.5.peg.2796.site.1, 13, 124, 137
537012.5.peg.2796.site.2, 1, 125, 126
537012.5.peg.2796.site.3, 101, 126, 227
537012.5.peg.2796.site.4, 3, 126, 129
537012.5.peg.2796.site.5, 2, 129, 131
537012.5.peg.2796.site.6, 1, 129, 130
537012.5.peg.2796.site.7, 3, 129, 132
537012.5.peg.2796.site.8, 3, 130, 133
537012.5.peg.2796.site.9, 4, 132, 136
537012.5.peg.2796.site.10, 1, 133, 134
537012.5.peg.2796.site.11, 2, 130, 132
537012.5.peg.2796.site.12, 1, 130, 131
537012.5.peg.2796.site.13, 2, 129, 131
537012.5.peg.2796.site.14, 2, 128, 130
537012.5.peg.2796.site.15, 3, 125, 128
537012.5.peg.2796.site.16, 1, 123, 124
537012.5.peg.2796.site.17, 2, 123, 125
537012.5.peg.2796.site.18, 1, 125, 126
537012.5.peg.2796.site.19, 9, 126, 135
537012.5.peg.2796.site.20, 3, 126, 129
537012.5.peg.2796.site.21, 46, 127, 173
537012.5.peg.2796.site.22, 20, 134, 154
537012.5.peg.2796.site.23, 1, 134, 135
537012.5.peg.2796.site.24, 4, 133, 137
537012.5.peg.2796.site.25, 6, 133, 139
537012.5.peg.2796.site.26, 6, 127, 133
537012.5.peg.2796.site.27, 2, 131, 133
537012.5.peg.2796.site.28, 3, 127, 130
537012.5.peg.2796.site.29, 1, 124, 125
537012.5.peg.2796.site.30, 0, 122, 122
537012.5.peg.2796.site.31, 3, 125, 128
537012.5.peg.2796.site.32, 4, 128, 132
537012.5.peg.2796.site.33, 2, 126, 128
537012.5.peg.2796.site.34, 2, 128, 130
537012.5.peg.2796.site.35, 2, 129, 131
537012.5.peg.2796.site.36, 0, 129, 129
537012.5.peg.2796.site.37, 3, 128, 131
537012.5.peg.2796.site.38, 2, 127, 129
537012.5.peg.2796.site.39, 3, 130, 133
537012.5.peg.2796.site.40, 3, 131, 134
537012.5.peg.2796.site.41, 7, 130, 137
537012.5.peg.2796.site.42, 4, 133, 137
537012.5.peg.2796.site.43, 6, 133, 139
537012.5.peg.2796.site.44, 7, 132, 139
537012.5.peg.2796.site.45, 10, 133, 143
537012.5.peg.2796.site.46, 1, 134, 135
537012.5.peg.2796.site.47, 5, 133, 138
537012.5.peg.2796.site.48, 1, 134, 135
537012.5.peg.2796.site.49, 6, 133, 139
537012.5.peg.2796.site.50, 1, 132, 133
537012.5.peg.2796.site.51, 6, 133, 139
537012.5.peg.2796.site.52, 11, 132, 143
537012.5.peg.2796.site.53, 2, 134, 136
537012.5.peg.2796.site.54, 6, 133, 139
537012.5.peg.2797.site.1, 2, 134, 136
537012.5.peg.2797.site.2, 2, 133, 135
537012.5.peg.2797.site.3, 7, 134, 141
537012.5.peg.2797.site.4, 3, 133, 136
537012.5.peg.2797.site.5, 8, 131, 139
537012.5.peg.2797.site.6, 3, 130, 133
537012.5.peg.2797.site.7, 2, 131, 133
537012.5.peg.2797.site.8, 0, 134, 134
537012.5.peg.2797.site.9, 1, 132, 133
537012.5.peg.2797.site.10, 7, 134, 141
537012.5.peg.2797.site.11, 31, 132, 163
537012.5.peg.2797.site.12, 7, 134, 141
537012.5.peg.2797.site.13, 1, 132, 133
537012.5.peg.2797.site.14, 1, 132, 133
537012.5.peg.2797.site.15, 11, 130, 141
537012.5.peg.2797.site.16, 2, 133, 135
537012.5.peg.2797.site.17, 6, 133, 139
537012.5.peg.2797.site.18, 0, 130, 130
537012.5.peg.2797.site.19, 3, 130, 133
537012.5.peg.2797.site.20, 7, 130, 137
537012.5.peg.2797.site.21, 97, 131, 228
537012.5.peg.2797.site.22, 3, 131, 134
537012.5.peg.2797.site.23, 3, 132, 135
537012.5.peg.2797.site.24, 7, 134, 141
537012.5.peg.2797.site.25, 7, 134, 141
537012.5.peg.2797.site.26, 26, 134, 160
537012.5.peg.2797.site.27, 71, 134, 205
537012.5.peg.2797.site.28, 43, 133, 176
537012.5.peg.2797.site.29, 3, 134, 137
537012.5.peg.2797.site.30, 7, 131, 138
537012.5.peg.2797.site.31, 2, 134, 136
537012.5.peg.2797.site.32, 1, 134, 135
537012.5.peg.2797.site.33, 8, 133, 141
537012.5.peg.2797.site.34, 0, 133, 133
537012.5.peg.2797.site.35, 6, 133, 139
537012.5.peg.2797.site.36, 2, 131, 133
537012.5.peg.2797.site.37, 2, 129, 131
537012.5.peg.2797.site.38, 45, 128, 173
537012.5.peg.2797.site.39, 2, 129, 131
537012.5.peg.2797.site.40, 2, 127, 129
537012.5.peg.2797.site.41, 26, 131, 157
537012.5.peg.2797.site.42, 42, 132, 174
537012.5.peg.2797.site.43, 9, 132, 141
537012.5.peg.2797.site.44, 70, 131, 201
537012.5.peg.2797.site.45, 3, 126, 129
537012.5.peg.2797.site.46, 2, 125, 127
537012.5.peg.2797.site.47, 1, 129, 130
537012.5.peg.2797.site.48, 3, 130, 133
537012.5.peg.2797.site.49, 5, 128, 133
537012.5.peg.2797.site.50, 1, 131, 132
537012.5.peg.2797.site.51, 13, 130, 143
537012.5.peg.2797.site.52, 2, 129, 131
537012.5.peg.2797.site.53, 0, 131, 131
537012.5.peg.2797.site.54, 5, 133, 138
537012.5.peg.2797.site.55, 5, 134, 139
537012.5.peg.2797.site.56, 9, 132, 141
537012.5.peg.2797.site.57, 0, 134, 134
537012.5.peg.2797.site.58, 7, 134, 141
537012.5.peg.2797.site.59, 1, 134, 135
537012.5.peg.2797.site.60, 30, 134, 164
537012.5.peg.2797.site.61, 0, 133, 133
537012.5.peg.2797.site.62, 6, 134, 140
537012.5.peg.2797.site.63, 1, 134, 135
537012.5.peg.2797.site.64, 3, 134, 137
537012.5.peg.2797.site.65, 2, 133, 135
537012.5.peg.2797.site.66, 4, 134, 138
537012.5.peg.2797.site.67, 9, 133, 142
537012.5.peg.2797.site.68, 1, 134, 135
537012.5.peg.2797.site.69, 5, 133, 138
537012.5.peg.2797.site.70, 0, 132, 132
537012.5.peg.2797.site.71, 1, 133, 134
537012.5.peg.2797.site.72, 5, 133, 138
537012.5.peg.2797.site.73, 8, 133, 141
537012.5.peg.2797.site.74, 1, 134, 135
537012.5.peg.2797.site.75, 1, 134, 135
537012.5.peg.2797.site.76, 1, 134, 135
537012.5.peg.2797.site.77, 23, 134, 157
537012.5.peg.2797.site.78, 7, 134, 141
537012.5.peg.2797.site.79, 0, 134, 134
537012.5.peg.2797.site.80, 7, 134, 141
537012.5.peg.2797.site.81, 7, 134, 141
537012.5.peg.2797.site.82, 10, 133, 143
537012.5.peg.2797.site.83, 1, 134, 135
537012.5.peg.2797.site.84, 7, 134, 141
537012.5.peg.2797.site.85, 7, 130, 137
537012.5.peg.2797.site.86, 1, 132, 133
537012.5.peg.2797.site.87, 2, 129, 131
537012.5.peg.2797.site.88, 0, 133, 133
537012.5.peg.2797.site.89, 2, 134, 136
537012.5.peg.2797.site.90, 6, 134, 140
537012.5.peg.2797.site.91, 1, 134, 135
537012.5.peg.2797.site.92, 7, 134, 141
537012.5.peg.2797.site.93, 7, 134, 141
537012.5.peg.2797.site.94, 6, 134, 140
537012.5.peg.2797.site.95, 5, 134, 139
537012.5.peg.2797.site.96, 1, 134, 135
537012.5.peg.2797.site.97, 1, 134, 135
537012.5.peg.2797.site.98, 0, 133, 133
537012.5.peg.2797.site.99, 6, 134, 140
537012.5.peg.2797.site.100, 5, 133, 138
537012.5.peg.2797.site.101, 4, 132, 136
537012.5.peg.2797.site.102, 5, 134, 139
537012.5.peg.2797.site.103, 6, 134, 140
537012.5.peg.2797.site.104, 8, 132, 140
537012.5.peg.2797.site.105, 1, 134, 135
537012.5.peg.2797.site.106, 1, 134, 135
537012.5.peg.2797.site.107, 5, 134, 139
537012.5.peg.2797.site.108, 26, 132, 158
537012.5.peg.2797.site.109, 4, 134, 138
537012.5.peg.2797.site.110, 2, 134, 136
537012.5.peg.2797.site.111, 1, 134, 135
537012.5.peg.2797.site.112, 1, 134, 135
537012.5.peg.2797.site.113, 1, 134, 135
537012.5.peg.2797.site.114, 1, 133, 134
537012.5.peg.2797.site.115, 1, 134, 135
537012.5.peg.2797.site.116, 2, 132, 134
537012.5.peg.2797.site.117, 12, 133, 145
537012.5.peg.2797.site.118, 3, 133, 136
537012.5.peg.2797.site.119, 1, 134, 135
537012.5.peg.2797.site.120, 1, 134, 135
537012.5.peg.2797.site.121, 7, 134, 141
537012.5.peg.2797.site.122, 7, 133, 140
537012.5.peg.2797.site.123, 5, 133, 138
537012.5.peg.2797.site.124, 1, 134, 135
537012.5.peg.2797.site.125, 5, 133, 138
537012.5.peg.2797.site.126, 1, 134, 135
537012.5.peg.2797.site.127, 22, 134, 156
537012.5.peg.2797.site.128, 98, 132, 230
537012.5.peg.2797.site.129, 1, 134, 135
537012.5.peg.2797.site.130, 7, 134, 141
537012.5.peg.2797.site.131, 3, 134, 137
537012.5.peg.2797.site.132, 1, 134, 135
537012.5.peg.2797.site.133, 0, 133, 133
537012.5.peg.2797.site.134, 64, 130, 194
537012.5.peg.2797.site.135, 1, 133, 134
537012.5.peg.2797.site.136, 5, 132, 137
537012.5.peg.2797.site.137, 5, 132, 137
537012.5.peg.2797.site.138, 4, 129, 133
537012.5.peg.2797.site.139, 5, 130, 135
537012.5.peg.2797.site.140, 9, 130, 139
537012.5.peg.2797.site.141, 1, 130, 131
537012.5.peg.2797.site.142, 1, 132, 133
537012.5.peg.2797.site.143, 11, 131, 142
537012.5.peg.2797.site.144, 8, 131, 139
537012.5.peg.2797.site.145, 7, 134, 141
537012.5.peg.2797.site.146, 66, 134, 200
537012.5.peg.2797.site.147, 2, 134, 136
537012.5.peg.2797.site.148, 4, 132, 136
537012.5.peg.2797.site.149, 1, 134, 135
537012.5.peg.2797.site.150, 6, 132, 138
537012.5.peg.2797.site.151, 1, 134, 135
537012.5.peg.2794.site.1, 7, 133, 140
537012.5.peg.2794.site.2, 6, 134, 140
537012.5.peg.2794.site.3, 2, 133, 135
537012.5.peg.2794.site.4, 3, 133, 136
537012.5.peg.2795.site.1, 7, 134, 141
537012.5.peg.2795.site.2, 8, 132, 140
537012.5.peg.2795.site.3, 2, 132, 134
537012.5.peg.2795.site.4, 1, 134, 135
537012.5.peg.2795.site.5, 2, 132, 134
537012.5.peg.2795.site.6, 2, 132, 134
537012.5.peg.2795.site.7, 2, 132, 134
537012.5.peg.2795.site.8, 2, 132, 134
537012.5.peg.2795.site.9, 8, 132, 140
537012.5.peg.2795.site.10, 2, 132, 134
537012.5.peg.2795.site.11, 3, 133, 136
537012.5.peg.2795.site.12, 3, 133, 136
537012.5.peg.2795.site.13, 6, 133, 139
537012.5.peg.2795.site.14, 1, 132, 133
537012.5.peg.2795.site.15, 10, 132, 142
537012.5.peg.2795.site.16, 2, 133, 135
537012.5.peg.2795.site.17, 6, 134, 140
537012.5.peg.2795.site.18, 0, 129, 129
537012.5.peg.2795.site.19, 4, 129, 133
537012.5.peg.2795.site.20, 1, 134, 135
537012.5.peg.2795.site.21, 2, 134, 136
537012.5.peg.2795.site.22, 3, 133, 136
537012.5.peg.2795.site.23, 2, 134, 136
537012.5.peg.2795.site.24, 42, 132, 174
537012.5.peg.2795.site.25, 7, 133, 140
537012.5.peg.2795.site.26, 9, 132, 141
537012.5.peg.2795.site.27, 2, 134, 136
537012.5.peg.2795.site.28, 1, 134, 135
537012.5.peg.2795.site.29, 1, 133, 134
537012.5.peg.2795.site.30, 3, 133, 136
537012.5.peg.2795.site.31, 6, 131, 137
537012.5.peg.2795.site.32, 0, 125, 125
537012.5.peg.2795.site.33, 4, 128, 132
537012.5.peg.2795.site.34, 33, 132, 165
537012.5.peg.2795.site.35, 4, 132, 136
537012.5.peg.2795.site.36, 7, 134, 141
537012.5.peg.2795.site.37, 1, 131, 132
537012.5.peg.2795.site.38, 0, 134, 134
537012.5.peg.2795.site.39, 1, 133, 134
537012.5.peg.2795.site.40, 39, 131, 170
537012.5.peg.2795.site.41, 8, 132, 140
537012.5.peg.2795.site.42, 6, 134, 140
537012.5.peg.2795.site.43, 6, 132, 138
537012.5.peg.2795.site.44, 10, 132, 142
537012.5.peg.2795.site.45, 1, 134, 135
537012.5.peg.2795.site.46, 7, 134, 141
537012.5.peg.2795.site.47, 6, 134, 140
537012.5.peg.2795.site.48, 1, 134, 135
537012.5.peg.2795.site.49, 4, 133, 137
537012.5.peg.2795.site.50, 4, 131, 135
537012.5.peg.2795.site.51, 6, 133, 139
537012.5.peg.2795.site.52, 3, 132, 135
537012.5.peg.2795.site.53, 4, 133, 137
537012.5.peg.2795.site.54, 46, 133, 179
537012.5.peg.2795.site.55, 47, 133, 180
537012.5.peg.2795.site.56, 8, 133, 141
537012.5.peg.2795.site.57, 5, 133, 138
537012.5.peg.2795.site.58, 0, 134, 134
537012.5.peg.2795.site.59, 3, 132, 135
537012.5.peg.2795.site.60, 5, 131, 136
537012.5.peg.2795.site.61, 2, 132, 134
537012.5.peg.2795.site.62, 3, 133, 136
537012.5.peg.2795.site.63, 2, 133, 135
537012.5.peg.2795.site.64, 10, 134, 144
537012.5.peg.2795.site.65, 1, 134, 135
537012.5.peg.2795.site.66, 77, 133, 210
537012.5.peg.2795.site.67, 5, 133, 138
537012.5.peg.2795.site.68, 34, 132, 166
537012.5.peg.2795.site.69, 3, 133, 136
537012.5.peg.2795.site.70, 10, 132, 142
537012.5.peg.2795.site.71, 10, 133, 143
537012.5.peg.2795.site.72, 7, 134, 141
537012.5.peg.2795.site.73, 2, 131, 133
537012.5.peg.2795.site.74, 1, 132, 133
537012.5.peg.2795.site.75, 7, 134, 141
537012.5.peg.2795.site.76, 1, 134, 135
537012.5.peg.2795.site.77, 1, 132, 133
537012.5.peg.2795.site.78, 3, 134, 137
537012.5.peg.2795.site.79, 2, 132, 134
537012.5.peg.2795.site.80, 1, 133, 134
537012.5.peg.2795.site.81, 6, 133, 139
537012.5.peg.2795.site.82, 1, 131, 132
537012.5.peg.3957.site.1, 5, 131, 136
537012.5.peg.3957.site.2, 1, 134, 135
537012.5.peg.3957.site.3, 12, 132, 144
537012.5.peg.3957.site.4, 10, 134, 144
537012.5.peg.3957.site.5, 56, 132, 188
537012.5.peg.3957.site.6, 7, 134, 141
537012.5.peg.3957.site.7, 1, 133, 134
537012.5.peg.3957.site.8, 1, 133, 134
537012.5.peg.3957.site.9, 84, 130, 214
537012.5.peg.3957.site.10, 4, 130, 134
537012.5.peg.3957.site.11, 111, 130, 241
537012.5.peg.3957.site.12, 1, 132, 133
537012.5.peg.3957.site.13, 2, 134, 136
537012.5.peg.3957.site.14, 7, 134, 141
537012.5.peg.3957.site.15, 0, 134, 134
537012.5.peg.3957.site.16, 0, 134, 134
537012.5.peg.3957.site.17, 8, 134, 142
537012.5.peg.3957.site.18, 26, 134, 160
537012.5.peg.3957.site.19, 79, 132, 211
537012.5.peg.3957.site.20, 109, 132, 241
537012.5.peg.3957.site.21, 45, 132, 177
537012.5.peg.3957.site.22, 2, 134, 136
537012.5.peg.3957.site.23, 38, 133, 171
537012.5.peg.3957.site.24, 4, 131, 135
537012.5.peg.3957.site.25, 102, 133, 235
537012.5.peg.3957.site.26, 78, 134, 212
537012.5.peg.3957.site.27, 6, 133, 139
537012.5.peg.3957.site.28, 1, 133, 134
537012.5.peg.3957.site.29, 1, 134, 135
537012.5.peg.3957.site.30, 4, 133, 137
537012.5.peg.3957.site.31, 1, 133, 134
537012.5.peg.3957.site.32, 3, 134, 137
537012.5.peg.3957.site.33, 2, 133, 135
537012.5.peg.3957.site.34, 3, 127, 130
537012.5.peg.3957.site.35, 21, 129, 150
537012.5.peg.3957.site.36, 4, 131, 135
537012.5.peg.3957.site.37, 0, 134, 134
537012.5.peg.3957.site.38, 13, 133, 146
537012.5.peg.3957.site.39, 1, 134, 135
537012.5.peg.3957.site.40, 4, 132, 136
537012.5.peg.3957.site.41, 5, 133, 138
537012.5.peg.3957.site.42, 1, 132, 133
537012.5.peg.3957.site.43, 8, 129, 137
537012.5.peg.3957.site.44, 60, 132, 192
537012.5.peg.3957.site.45, 1, 133, 134
537012.5.peg.3957.site.46, 1, 133, 134
537012.5.peg.3957.site.47, 7, 133, 140
537012.5.peg.3957.site.48, 1, 132, 133
537012.5.peg.3957.site.49, 1, 131, 132
537012.5.peg.3957.site.50, 2, 134, 136
537012.5.peg.3956.site.1, 2, 131, 133
537012.5.peg.3956.site.2, 74, 131, 205
537012.5.peg.3956.site.3, 2, 132, 134
537012.5.peg.3956.site.4, 2, 133, 135
537012.5.peg.3956.site.5, 2, 134, 136
537012.5.peg.3956.site.6, 3, 134, 137
537012.5.peg.3956.site.7, 11, 133, 144
537012.5.peg.3956.site.8, 29, 132, 161
537012.5.peg.3956.site.9, 10, 134, 144
537012.5.peg.3956.site.10, 2, 131, 133
537012.5.peg.2798.site.1, 1, 134, 135
537012.5.peg.2798.site.2, 6, 134, 140
537012.5.peg.2798.site.3, 1, 134, 135
537012.5.peg.2798.site.4, 7, 134, 141
537012.5.peg.2798.site.5, 6, 134, 140
537012.5.peg.2798.site.6, 5, 133, 138
537012.5.peg.2798.site.7, 5, 133, 138
537012.5.peg.2798.site.8, 1, 134, 135
537012.5.peg.2798.site.9, 5, 134, 139
537012.5.peg.2798.site.10, 5, 133, 138
537012.5.peg.2798.site.11, 1, 134, 135
537012.5.peg.2798.site.12, 6, 133, 139
537012.5.peg.2798.site.13, 79, 133, 212
537012.5.peg.2798.site.14, 7, 134, 141
537012.5.peg.2798.site.15, 7, 134, 141
537012.5.peg.2798.site.16, 14, 132, 146
537012.5.peg.2798.site.17, 11, 131, 142
537012.5.peg.2798.site.18, 5, 132, 137
537012.5.peg.2798.site.19, 38, 130, 168
537012.5.peg.2798.site.20, 3, 133, 136
537012.5.peg.2798.site.21, 10, 131, 141
537012.5.peg.2798.site.22, 1, 134, 135
537012.5.peg.2798.site.23, 5, 133, 138
537012.5.peg.2798.site.24, 3, 134, 137
537012.5.peg.2798.site.25, 6, 134, 140
537012.5.peg.2798.site.26, 34, 133, 167
537012.5.peg.2798.site.27, 55, 134, 189
537012.5.peg.2798.site.28, 30, 134, 164
537012.5.peg.2798.site.29, 10, 132, 142
537012.5.peg.2798.site.30, 0, 133, 133
537012.5.peg.2798.site.31, 7, 134, 141
537012.5.peg.2798.site.32, 112, 132, 244
537012.5.peg.2798.site.33, 6, 134, 140
537012.5.peg.2798.site.34, 4, 127, 131
537012.5.peg.2798.site.35, 128, 130, 258
537012.5.peg.2798.site.36, 7, 129, 136
537012.5.peg.2798.site.37, 3, 130, 133
537012.5.peg.2798.site.38, 4, 129, 133
537012.5.peg.2798.site.39, 1, 134, 135
537012.5.peg.2798.site.40, 4, 134, 138
537012.5.peg.2798.site.41, 14, 132, 146
537012.5.peg.2798.site.42, 4, 134, 138
537012.5.peg.2798.site.43, 0, 134, 134
537012.5.peg.2798.site.44, 4, 132, 136
537012.5.peg.2798.site.45, 3, 133, 136
537012.5.peg.2798.site.46, 9, 130, 139
537012.5.peg.2798.site.47, 6, 133, 139
537012.5.peg.2798.site.48, 9, 132, 141
537012.5.peg.2798.site.49, 126, 131, 257
537012.5.peg.2798.site.50, 7, 133, 140
537012.5.peg.2798.site.51, 9, 132, 141
537012.5.peg.2798.site.52, 4, 132, 136
537012.5.peg.2798.site.53, 2, 129, 131
537012.5.peg.2798.site.54, 29, 128, 157
537012.5.peg.2798.site.55, 1, 126, 127
537012.5.peg.2798.site.56, 1, 126, 127
537012.5.peg.2798.site.57, 1, 127, 128
537012.5.peg.2798.site.58, 4, 126, 130
537012.5.peg.2798.site.59, 3, 126, 129
537012.5.peg.2798.site.60, 2, 127, 129
537012.5.peg.2798.site.61, 6, 127, 133
537012.5.peg.2798.site.62, 2, 128, 130
537012.5.peg.2798.site.63, 5, 126, 131
537012.5.peg.2798.site.64, 6, 125, 131
537012.5.peg.2798.site.65, 1, 129, 130
537012.5.peg.2798.site.66, 49, 128, 177
537012.5.peg.2798.site.67, 7, 129, 136
537012.5.peg.2798.site.68, 3, 129, 132
537012.5.peg.2798.site.69, 3, 128, 131
537012.5.peg.2798.site.70, 1, 127, 128
537012.5.peg.2798.site.71, 3, 126, 129
537012.5.peg.2798.site.72, 4, 124, 128
537012.5.peg.2798.site.73, 5, 125, 130
537012.5.peg.2798.site.74, 3, 132, 135
537012.5.peg.2798.site.75, 3, 131, 134
537012.5.peg.2798.site.76, 26, 128, 154
537012.5.peg.2798.site.77, 1, 132, 133
537012.5.peg.2798.site.78, 11, 131, 142
537012.5.peg.2798.site.79, 2, 130, 132
537012.5.peg.2798.site.80, 1, 128, 129
537012.5.peg.2798.site.81, 22, 128, 150
537012.5.peg.2798.site.82, 11, 129, 140
537012.5.peg.2798.site.83, 34, 128, 162
537012.5.peg.2798.site.84, 7, 128, 135
537012.5.peg.2798.site.85, 1, 130, 131
537012.5.peg.2798.site.86, 2, 130, 132
537012.5.peg.2798.site.87, 10, 131, 141
537012.5.peg.2798.site.88, 2, 132, 134
537012.5.peg.2798.site.89, 6, 133, 139
537012.5.peg.2798.site.90, 7, 132, 139
537012.5.peg.2798.site.91, 2, 134, 136
537012.5.peg.2798.site.92, 7, 134, 141
537012.5.peg.2798.site.93, 2, 134, 136
537012.5.peg.2798.site.94, 11, 132, 143
537012.5.peg.2798.site.95, 2, 134, 136
537012.5.peg.2798.site.96, 3, 134, 137
537012.5.peg.2798.site.97, 39, 132, 171
537012.5.peg.2798.site.98, 2, 134, 136
537012.5.peg.2798.site.99, 2, 134, 136
537012.5.peg.2798.site.100, 9, 134, 143
537012.5.peg.2798.site.101, 1, 134, 135
537012.5.peg.2798.site.102, 2, 134, 136
537012.5.peg.2798.site.103, 3, 134, 137
537012.5.peg.2798.site.104, 7, 134, 141
537012.5.peg.2798.site.105, 0, 133, 133
537012.5.peg.2798.site.106, 1, 133, 134
537012.5.peg.2799.site.1, 7, 134, 141
537012.5.peg.2799.site.2, 2, 134, 136
537012.5.peg.2799.site.3, 9, 134, 143
537012.5.peg.2799.site.4, 3, 134, 137
537012.5.peg.2799.site.5, 9, 134, 143
537012.5.peg.2799.site.6, 3, 134, 137
537012.5.peg.2799.site.7, 13, 131, 144
537012.5.peg.2799.site.8, 4, 130, 134
537012.5.peg.2799.site.9, 4, 133, 137
537012.5.peg.2799.site.10, 1, 134, 135
537012.5.peg.2799.site.11, 52, 131, 183
537012.5.peg.2799.site.12, 3, 134, 137
537012.5.peg.2799.site.13, 6, 134, 140
537012.5.peg.2799.site.14, 1, 134, 135
537012.5.peg.2799.site.15, 1, 133, 134
537012.5.peg.2799.site.16, 3, 132, 135
537012.5.peg.2799.site.17, 2, 133, 135
537012.5.peg.2799.site.18, 7, 134, 141
537012.5.peg.2799.site.19, 1, 133, 134
537012.5.peg.2799.site.20, 13, 134, 147
537012.5.peg.2799.site.21, 4, 134, 138
537012.5.peg.2799.site.22, 40, 134, 174
537012.5.peg.2799.site.23, 1, 134, 135
537012.5.peg.2799.site.24, 2, 132, 134
537012.5.peg.2799.site.25, 7, 132, 139
537012.5.peg.2799.site.26, 1, 133, 134
537012.5.peg.2799.site.27, 9, 131, 140
537012.5.peg.2799.site.28, 82, 130, 212
537012.5.peg.2799.site.29, 11, 132, 143
537012.5.peg.2799.site.30, 11, 132, 143
537012.5.peg.2799.site.31, 1, 133, 134
537012.5.peg.2799.site.32, 10, 132, 142
537012.5.peg.2799.site.33, 1, 134, 135
537012.5.peg.2799.site.34, 119, 134, 253
537012.5.peg.2799.site.35, 5, 134, 139
537012.5.peg.2799.site.36, 22, 133, 155
537012.5.peg.2799.site.37, 1, 134, 135
537012.5.peg.2799.site.38, 0, 134, 134
537012.5.peg.2799.site.39, 0, 132, 132
537012.5.peg.2799.site.40, 1, 133, 134
537012.5.peg.2799.site.41, 1, 134, 135
537012.5.peg.2799.site.42, 1, 134, 135
537012.5.peg.2799.site.43, 4, 134, 138
537012.5.peg.2799.site.44, 9, 134, 143
537012.5.peg.2799.site.45, 7, 134, 141
537012.5.peg.2799.site.46, 5, 131, 136
537012.5.peg.2799.site.47, 2, 128, 130
537012.5.peg.2799.site.48, 17, 120, 137
537012.5.peg.2799.site.49, 1, 89, 90
537012.5.peg.2799.site.50, 9, 61, 70
537012.5.peg.2316.site.1, 4, 123, 127
537012.5.peg.2316.site.2, 16, 132, 148
537012.5.peg.2316.site.3, 2, 132, 134
537012.5.peg.2316.site.4, 13, 130, 143
537012.5.peg.2316.site.5, 1, 132, 133
537012.5.peg.2316.site.6, 14, 132, 146
537012.5.peg.2316.site.7, 2, 133, 135
537012.5.peg.2316.site.8, 2, 133, 135
537012.5.peg.2316.site.9, 7, 132, 139
537012.5.peg.2316.site.10, 10, 133, 143
537012.5.peg.2316.site.11, 1, 133, 134
537012.5.peg.2316.site.12, 9, 134, 143
537012.5.peg.2316.site.13, 16, 134, 150
537012.5.peg.2316.site.14, 10, 132, 142
537012.5.peg.2316.site.15, 2, 132, 134
537012.5.peg.2316.site.16, 132, 134, 266
537012.5.peg.2316.site.17, 20, 132, 152
537012.5.peg.2316.site.18, 12, 133, 145
537012.5.peg.2316.site.19, 12, 134, 146
537012.5.peg.2316.site.20, 2, 134, 136
537012.5.peg.2316.site.21, 12, 133, 145
537012.5.peg.2316.site.22, 11, 131, 142
537012.5.peg.2316.site.23, 2, 131, 133
537012.5.peg.2316.site.24, 102, 131, 233
537012.5.peg.2316.site.25, 7, 130, 137
537012.5.peg.2316.site.26, 6, 133, 139
537012.5.peg.2316.site.27, 13, 134, 147
537012.5.peg.2316.site.28, 1, 134, 135
537012.5.peg.2316.site.29, 2, 134, 136
537012.5.peg.2316.site.30, 12, 134, 146
537012.5.peg.2316.site.31, 2, 134, 136
537012.5.peg.2316.site.32, 1, 134, 135
537012.5.peg.2316.site.33, 0, 134, 134
537012.5.peg.2316.site.34, 19, 133, 152
537012.5.peg.2316.site.35, 48, 133, 181
537012.5.peg.2316.site.36, 10, 134, 144
537012.5.peg.2316.site.37, 5, 131, 136
537012.5.peg.2316.site.38, 12, 133, 145
537012.5.peg.2316.site.39, 24, 133, 157
537012.5.peg.2316.site.40, 10, 134, 144
537012.5.peg.2316.site.41, 9, 134, 143
537012.5.peg.2316.site.42, 3, 134, 137
537012.5.peg.2316.site.43, 12, 134, 146
537012.5.peg.2316.site.44, 13, 134, 147
537012.5.peg.2316.site.45, 99, 133, 232
537012.5.peg.2316.site.46, 0, 133, 133
537012.5.peg.2316.site.47, 11, 133, 144
537012.5.peg.2316.site.48, 86, 132, 218
537012.5.peg.2316.site.49, 13, 134, 147
537012.5.peg.2316.site.50, 19, 133, 152
537012.5.peg.2316.site.51, 12, 133, 145
537012.5.peg.2316.site.52, 1, 134, 135
537012.5.peg.2316.site.53, 16, 134, 150
537012.5.peg.2316.site.54, 26, 133, 159
537012.5.peg.2316.site.55, 1, 134, 135
537012.5.peg.2316.site.56, 18, 134, 152
537012.5.peg.2316.site.57, 0, 133, 133
537012.5.peg.2316.site.58, 1, 134, 135
537012.5.peg.2316.site.59, 12, 133, 145
537012.5.peg.2316.site.60, 14, 132, 146
537012.5.peg.2316.site.61, 12, 134, 146
537012.5.peg.2316.site.62, 3, 134, 137
537012.5.peg.2316.site.63, 11, 134, 145
537012.5.peg.2316.site.64, 12, 133, 145
537012.5.peg.2316.site.65, 20, 134, 154
537012.5.peg.2316.site.66, 6, 134, 140
537012.5.peg.2316.site.67, 8, 134, 142
537012.5.peg.2316.site.68, 12, 134, 146
537012.5.peg.2316.site.69, 54, 131, 185
537012.5.peg.2316.site.70, 2, 133, 135
537012.5.peg.2316.site.71, 5, 133, 138
537012.5.peg.2317.site.1, 3, 134, 137
537012.5.peg.2317.site.2, 3, 134, 137
537012.5.peg.2317.site.3, 1, 134, 135
537012.5.peg.2317.site.4, 3, 134, 137
537012.5.peg.2317.site.5, 130, 134, 264
537012.5.peg.2317.site.6, 5, 133, 138
537012.5.peg.2317.site.7, 5, 134, 139
537012.5.peg.2317.site.8, 4, 133, 137
537012.5.peg.2317.site.9, 11, 134, 145
537012.5.peg.2317.site.10, 5, 134, 139
537012.5.peg.2317.site.11, 5, 134, 139
537012.5.peg.2317.site.12, 51, 131, 182
537012.5.peg.2317.site.13, 50, 131, 181
537012.5.peg.2317.site.14, 11, 134, 145
537012.5.peg.2317.site.15, 2, 134, 136
537012.5.peg.2317.site.16, 5, 134, 139
537012.5.peg.2317.site.17, 7, 131, 138
537012.5.peg.2317.site.18, 121, 131, 252
537012.5.peg.2317.site.19, 1, 134, 135
537012.5.peg.2317.site.20, 2, 134, 136
537012.5.peg.2317.site.21, 11, 134, 145
537012.5.peg.2317.site.22, 2, 133, 135
537012.5.peg.2317.site.23, 1, 134, 135
537012.5.peg.2317.site.24, 11, 133, 144
537012.5.peg.2317.site.25, 12, 131, 143
537012.5.peg.2317.site.26, 6, 133, 139
537012.5.peg.2317.site.27, 60, 132, 192
537012.5.peg.2317.site.28, 11, 134, 145
537012.5.peg.2317.site.29, 9, 134, 143
537012.5.peg.2317.site.30, 16, 134, 150
537012.5.peg.2317.site.31, 11, 134, 145
537012.5.peg.2317.site.32, 1, 133, 134
537012.5.peg.2317.site.33, 12, 134, 146
537012.5.peg.2317.site.34, 31, 133, 164
537012.5.peg.2317.site.35, 11, 134, 145
537012.5.peg.2317.site.36, 1, 134, 135
537012.5.peg.2317.site.37, 1, 134, 135
537012.5.peg.2317.site.38, 1, 134, 135
537012.5.peg.2317.site.39, 4, 133, 137
537012.5.peg.2317.site.40, 113, 133, 246
537012.5.peg.2317.site.41, 4, 134, 138
537012.5.peg.2317.site.42, 9, 134, 143
537012.5.peg.2317.site.43, 0, 134, 134
537012.5.peg.2317.site.44, 9, 132, 141
537012.5.peg.2317.site.45, 9, 133, 142
537012.5.peg.2317.site.46, 9, 132, 141
537012.5.peg.2317.site.47, 54, 131, 185
537012.5.peg.2317.site.48, 2, 133, 135
537012.5.peg.2317.site.49, 5, 134, 139
537012.5.peg.2317.site.50, 3, 134, 137
537012.5.peg.2317.site.51, 53, 134, 187
537012.5.peg.2317.site.52, 4, 134, 138
537012.5.peg.2317.site.53, 3, 134, 137
537012.5.peg.2317.site.54, 92, 133, 225
537012.5.peg.2317.site.55, 0, 133, 133
537012.5.peg.2317.site.56, 3, 133, 136
537012.5.peg.2317.site.57, 0, 134, 134
537012.5.peg.2317.site.58, 3, 134, 137
537012.5.peg.2317.site.59, 21, 132, 153
537012.5.peg.2317.site.60, 6, 134, 140
537012.5.peg.2317.site.61, 32, 132, 164
537012.5.peg.2317.site.62, 11, 134, 145
537012.5.peg.2317.site.63, 12, 134, 146
537012.5.peg.2317.site.64, 45, 134, 179
537012.5.peg.2317.site.65, 93, 134, 227
537012.5.peg.2317.site.66, 11, 133, 144
537012.5.peg.2317.site.67, 19, 134, 153
537012.5.peg.2317.site.68, 53, 132, 185
537012.5.peg.2317.site.69, 1, 134, 135
537012.5.peg.2317.site.70, 11, 134, 145
537012.5.peg.2317.site.71, 4, 132, 136
537012.5.peg.2317.site.72, 100, 132, 232
537012.5.peg.2317.site.73, 1, 134, 135
537012.5.peg.2317.site.74, 1, 134, 135
537012.5.peg.2317.site.75, 18, 134, 152
537012.5.peg.2317.site.76, 4, 132, 136
537012.5.peg.2317.site.77, 5, 132, 137
537012.5.peg.2317.site.78, 34, 134, 168
537012.5.peg.2317.site.79, 9, 134, 143
537012.5.peg.2317.site.80, 11, 133, 144
537012.5.peg.2317.site.81, 5, 133, 138
537012.5.peg.2317.site.82, 5, 133, 138
537012.5.peg.2317.site.83, 1, 131, 132
537012.5.peg.2317.site.84, 8, 129, 137
537012.5.peg.2317.site.85, 22, 123, 145
537012.5.peg.2315.site.1, 1, 134, 135
537012.5.peg.2315.site.2, 1, 133, 134
537012.5.peg.2315.site.3, 1, 134, 135
537012.5.peg.2315.site.4, 16, 134, 150
537012.5.peg.2315.site.5, 15, 134, 149
537012.5.peg.2315.site.6, 1, 134, 135
537012.5.peg.2315.site.7, 5, 133, 138
537012.5.peg.2315.site.8, 1, 134, 135
537012.5.peg.2315.site.9, 36, 133, 169
537012.5.peg.2315.site.10, 11, 134, 145
537012.5.peg.2315.site.11, 1, 134, 135
537012.5.peg.2315.site.12, 12, 134, 146
537012.5.peg.2315.site.13, 1, 134, 135
537012.5.peg.2315.site.14, 11, 133, 144
537012.5.peg.2315.site.15, 47, 133, 180
537012.5.peg.2315.site.16, 1, 134, 135
537012.5.peg.2315.site.17, 11, 134, 145
537012.5.peg.2315.site.18, 1, 134, 135
537012.5.peg.2315.site.19, 1, 134, 135
537012.5.peg.2315.site.20, 1, 134, 135
537012.5.peg.2315.site.21, 12, 134, 146
537012.5.peg.2315.site.22, 11, 134, 145
537012.5.peg.2315.site.23, 11, 134, 145
537012.5.peg.2315.site.24, 0, 132, 132
537012.5.peg.2315.site.25, 1, 134, 135
537012.5.peg.2315.site.26, 1, 134, 135
537012.5.peg.2315.site.27, 0, 134, 134
537012.5.peg.2315.site.28, 18, 134, 152
537012.5.peg.2315.site.29, 123, 125, 248
537012.5.peg.2315.site.30, 52, 132, 184
537012.5.peg.2315.site.31, 6, 134, 140
537012.5.peg.2315.site.32, 1, 134, 135
537012.5.peg.2315.site.33, 13, 134, 147
537012.5.peg.2315.site.34, 1, 134, 135
537012.5.peg.2315.site.35, 42, 133, 175
537012.5.peg.2315.site.36, 2, 134, 136
537012.5.peg.2315.site.37, 6, 131, 137
537012.5.peg.2315.site.38, 7, 130, 137
537012.5.peg.2315.site.39, 7, 131, 138
537012.5.peg.2315.site.40, 13, 131, 144
537012.5.peg.2315.site.41, 4, 133, 137
537012.5.peg.2315.site.42, 3, 133, 136
537012.5.peg.2315.site.43, 2, 133, 135
537012.5.peg.2315.site.44, 10, 131, 141
537012.5.peg.2315.site.45, 0, 132, 132
537012.5.peg.2315.site.46, 4, 132, 136
537012.5.peg.2315.site.47, 3, 132, 135
537012.5.peg.2315.site.48, 9, 131, 140
537012.5.peg.2315.site.49, 6, 130, 136
537012.5.peg.2315.site.50, 1, 131, 132
537012.5.peg.2315.site.51, 8, 133, 141
537012.5.peg.2315.site.52, 132, 133, 265
537012.5.peg.2315.site.53, 3, 133, 136
537012.5.peg.2315.site.54, 1, 134, 135
537012.5.peg.2315.site.55, 0, 132, 132
537012.5.peg.2315.site.56, 0, 131, 131
537012.5.peg.2315.site.57, 8, 133, 141
537012.5.peg.2315.site.58, 0, 133, 133
537012.5.peg.2315.site.59, 0, 133, 133
537012.5.peg.2315.site.60, 8, 133, 141
537012.5.peg.2315.site.61, 8, 133, 141
537012.5.peg.2315.site.62, 2, 134, 136
537012.5.peg.2315.site.63, 3, 134, 137
537012.5.peg.2315.site.64, 22, 134, 156
537012.5.peg.2315.site.65, 1, 134, 135
537012.5.peg.2315.site.66, 12, 134, 146
537012.5.peg.2315.site.67, 2, 134, 136
537012.5.peg.2315.site.68, 12, 134, 146
537012.5.peg.2315.site.69, 1, 134, 135
537012.5.peg.2315.site.70, 0, 133, 133
537012.5.peg.2315.site.71, 0, 132, 132
537012.5.peg.2315.site.72, 1, 126, 127
537012.5.peg.2315.site.73, 100, 122, 222
537012.5.peg.2315.site.74, 9, 122, 131
537012.5.peg.2315.site.75, 82, 119, 201
537012.5.peg.726.site.1, 2, 134, 136
537012.5.peg.726.site.2, 1, 134, 135
537012.5.peg.726.site.3, 4, 134, 138
537012.5.peg.726.site.4, 3, 132, 135
537012.5.peg.726.site.5, 8, 133, 141
537012.5.peg.726.site.6, 3, 132, 135
537012.5.peg.726.site.7, 10, 132, 142
537012.5.peg.726.site.8, 1, 134, 135
537012.5.peg.726.site.9, 5, 134, 139
537012.5.peg.726.site.10, 8, 134, 142
537012.5.peg.726.site.11, 19, 133, 152
537012.5.peg.726.site.12, 1, 134, 135
537012.5.peg.726.site.13, 1, 134, 135
537012.5.peg.726.site.14, 9, 134, 143
537012.5.peg.726.site.15, 9, 134, 143
537012.5.peg.726.site.16, 1, 134, 135
537012.5.peg.726.site.17, 20, 131, 151
537012.5.peg.726.site.18, 0, 133, 133
537012.5.peg.726.site.19, 77, 131, 208
537012.5.peg.726.site.20, 6, 133, 139
537012.5.peg.726.site.21, 5, 133, 138
537012.5.peg.726.site.22, 4, 133, 137
537012.5.peg.726.site.23, 3, 132, 135
537012.5.peg.726.site.24, 0, 132, 132
537012.5.peg.726.site.25, 13, 130, 143
537012.5.peg.726.site.26, 7, 126, 133
537012.5.peg.726.site.27, 1, 122, 123
537012.5.peg.726.site.28, 3, 121, 124
537012.5.peg.726.site.29, 4, 125, 129
537012.5.peg.726.site.30, 6, 124, 130
537012.5.peg.726.site.31, 1, 131, 132
537012.5.peg.726.site.32, 3, 130, 133
537012.5.peg.726.site.33, 0, 131, 131
537012.5.peg.726.site.34, 10, 130, 140
537012.5.peg.726.site.35, 2, 130, 132
537012.5.peg.726.site.36, 12, 129, 141
537012.5.peg.726.site.37, 7, 130, 137
537012.5.peg.726.site.38, 11, 128, 139
537012.5.peg.726.site.39, 2, 133, 135
537012.5.peg.726.site.40, 58, 131, 189
537012.5.peg.726.site.41, 6, 133, 139
537012.5.peg.726.site.42, 3, 129, 132
537012.5.peg.727.site.1, 4, 128, 132
537012.5.peg.727.site.2, 0, 130, 130
537012.5.peg.727.site.3, 1, 130, 131
537012.5.peg.727.site.4, 1, 131, 132
537012.5.peg.727.site.5, 14, 127, 141
537012.5.peg.727.site.6, 0, 127, 127
537012.5.peg.727.site.7, 0, 127, 127
537012.5.peg.727.site.8, 3, 125, 128
537012.5.peg.727.site.9, 3, 126, 129
537012.5.peg.727.site.10, 3, 125, 128
537012.5.peg.727.site.11, 6, 126, 132
537012.5.peg.727.site.12, 10, 131, 141
537012.5.peg.727.site.13, 3, 131, 134
537012.5.peg.727.site.14, 3, 130, 133
537012.5.peg.727.site.15, 15, 128, 143
537012.5.peg.727.site.16, 6, 130, 136
537012.5.peg.727.site.17, 4, 133, 137
537012.5.peg.727.site.18, 6, 130, 136
537012.5.peg.727.site.19, 3, 133, 136
537012.5.peg.727.site.20, 6, 133, 139
537012.5.peg.727.site.21, 3, 133, 136
537012.5.peg.727.site.22, 1, 134, 135
537012.5.peg.727.site.23, 3, 134, 137
537012.5.peg.727.site.24, 1, 134, 135
537012.5.peg.727.site.25, 5, 133, 138
537012.5.peg.724.site.1, 0, 134, 134
537012.5.peg.724.site.2, 3, 132, 135
537012.5.peg.724.site.3, 5, 132, 137
537012.5.peg.724.site.4, 3, 129, 132
537012.5.peg.724.site.5, 0, 129, 129
537012.5.peg.724.site.6, 5, 126, 131
537012.5.peg.724.site.7, 4, 125, 129
537012.5.peg.724.site.8, 7, 126, 133
537012.5.peg.724.site.9, 16, 127, 143
537012.5.peg.724.site.10, 3, 128, 131
537012.5.peg.724.site.11, 3, 128, 131
537012.5.peg.724.site.12, 3, 126, 129
537012.5.peg.724.site.13, 7, 121, 128
537012.5.peg.724.site.14, 6, 122, 128
537012.5.peg.724.site.15, 5, 113, 118
537012.5.peg.724.site.16, 6, 123, 129
537012.5.peg.724.site.17, 3, 125, 128
537012.5.peg.724.site.18, 1, 131, 132
537012.5.peg.724.site.19, 10, 133, 143
537012.5.peg.724.site.20, 1, 134, 135
537012.5.peg.724.site.21, 1, 134, 135
537012.5.peg.724.site.22, 2, 133, 135
537012.5.peg.724.site.23, 0, 134, 134
537012.5.peg.724.site.24, 1, 134, 135
537012.5.peg.724.site.25, 0, 128, 128
537012.5.peg.724.site.26, 4, 133, 137
537012.5.peg.724.site.27, 25, 134, 159
537012.5.peg.724.site.28, 3, 134, 137
537012.5.peg.724.site.29, 1, 134, 135
537012.5.peg.724.site.30, 1, 134, 135
537012.5.peg.725.site.1, 17, 91, 108
537012.5.peg.725.site.2, 9, 102, 111
537012.5.peg.725.site.3, 4, 102, 106
537012.5.peg.725.site.4, 4, 102, 106
537012.5.peg.725.site.5, 7, 100, 107
537012.5.peg.725.site.6, 7, 102, 109
537012.5.peg.725.site.7, 8, 106, 114
537012.5.peg.725.site.8, 10, 108, 118
537012.5.peg.725.site.9, 0, 115, 115
537012.5.peg.725.site.10, 1, 113, 114
537012.5.peg.725.site.11, 24, 125, 149
537012.5.peg.725.site.12, 4, 120, 124
537012.5.peg.725.site.13, 6, 127, 133
537012.5.peg.725.site.14, 8, 125, 133
537012.5.peg.725.site.15, 0, 129, 129
537012.5.peg.725.site.16, 9, 127, 136
537012.5.peg.725.site.17, 5, 124, 129
537012.5.peg.725.site.18, 92, 123, 215
537012.5.peg.725.site.19, 5, 125, 130
537012.5.peg.725.site.20, 3, 122, 125
537012.5.peg.725.site.21, 3, 124, 127
537012.5.peg.725.site.22, 4, 125, 129
537012.5.peg.725.site.23, 7, 130, 137
537012.5.peg.725.site.24, 1, 126, 127
537012.5.peg.725.site.25, 0, 131, 131
537012.5.peg.725.site.26, 1, 131, 132
537012.5.peg.725.site.27, 2, 129, 131
537012.5.peg.725.site.28, 44, 132, 176
537012.5.peg.725.site.29, 5, 132, 137
537012.5.peg.725.site.30, 1, 129, 130
537012.5.peg.725.site.31, 20, 131, 151
537012.5.peg.725.site.32, 6, 130, 136
537012.5.peg.725.site.33, 7, 129, 136
537012.5.peg.725.site.34, 2, 130, 132
537012.5.peg.725.site.35, 35, 131, 166
537012.5.peg.725.site.36, 2, 134, 136
537012.5.peg.725.site.37, 2, 134, 136
537012.5.peg.725.site.38, 6, 134, 140
537012.5.peg.725.site.39, 1, 133, 134
537012.5.peg.725.site.40, 9, 133, 142
537012.5.peg.725.site.41, 31, 133, 164
537012.5.peg.725.site.42, 2, 132, 134
537012.5.peg.725.site.43, 4, 132, 136
537012.5.peg.725.site.44, 4, 133, 137
537012.5.peg.725.site.45, 4, 134, 138
537012.5.peg.725.site.46, 10, 134, 144
537012.5.peg.725.site.47, 2, 131, 133
537012.5.peg.725.site.48, 1, 130, 131
537012.5.peg.725.site.49, 2, 129, 131
537012.5.peg.725.site.50, 6, 129, 135
537012.5.peg.725.site.51, 6, 129, 135
537012.5.peg.725.site.52, 1, 130, 131
537012.5.peg.725.site.53, 1, 131, 132
537012.5.peg.725.site.54, 130, 131, 261
537012.5.peg.725.site.55, 2, 132, 134
537012.5.peg.725.site.56, 0, 134, 134
537012.5.peg.725.site.57, 4, 132, 136
537012.5.peg.725.site.58, 3, 132, 135
537012.5.peg.725.site.59, 3, 132, 135
537012.5.peg.725.site.60, 2, 131, 133
537012.5.peg.725.site.61, 55, 126, 181
537012.5.peg.722.site.1, 2, 122, 124
537012.5.peg.722.site.2, 1, 121, 122
537012.5.peg.722.site.3, 3, 120, 123
537012.5.peg.722.site.4, 3, 120, 123
537012.5.peg.722.site.5, 2, 124, 126
537012.5.peg.722.site.6, 4, 123, 127
537012.5.peg.722.site.7, 13, 122, 135
537012.5.peg.722.site.8, 1, 122, 123
537012.5.peg.722.site.9, 3, 118, 121
537012.5.peg.722.site.10, 0, 112, 112
537012.5.peg.722.site.11, 0, 116, 116
537012.5.peg.722.site.12, 0, 116, 116
537012.5.peg.722.site.13, 3, 122, 125
537012.5.peg.722.site.14, 3, 123, 126
537012.5.peg.722.site.15, 0, 121, 121
537012.5.peg.722.site.16, 3, 122, 125
537012.5.peg.723.site.1, 15, 134, 149
537012.5.peg.723.site.2, 11, 133, 144
537012.5.peg.720.site.1, 5, 133, 138
537012.5.peg.720.site.2, 4, 131, 135
537012.5.peg.720.site.3, 9, 134, 143
537012.5.peg.720.site.4, 4, 132, 136
537012.5.peg.720.site.5, 78, 133, 211
537012.5.peg.720.site.6, 2, 134, 136
537012.5.peg.720.site.7, 7, 132, 139
537012.5.peg.720.site.8, 5, 134, 139
537012.5.peg.720.site.9, 0, 134, 134
537012.5.peg.720.site.10, 5, 133, 138
537012.5.peg.720.site.11, 4, 131, 135
537012.5.peg.720.site.12, 3, 131, 134
537012.5.peg.720.site.13, 3, 130, 133
537012.5.peg.720.site.14, 8, 127, 135
537012.5.peg.720.site.15, 77, 126, 203
537012.5.peg.720.site.16, 9, 131, 140
537012.5.peg.720.site.17, 9, 131, 140
537012.5.peg.720.site.18, 6, 134, 140
537012.5.peg.720.site.19, 4, 131, 135
537012.5.peg.720.site.20, 13, 132, 145
537012.5.peg.720.site.21, 13, 132, 145
537012.5.peg.720.site.22, 0, 134, 134
537012.5.peg.720.site.23, 4, 133, 137
537012.5.peg.720.site.24, 4, 132, 136
537012.5.peg.720.site.25, 3, 134, 137
537012.5.peg.720.site.26, 0, 133, 133
537012.5.peg.720.site.27, 54, 129, 183
537012.5.peg.720.site.28, 6, 134, 140
537012.5.peg.720.site.29, 17, 134, 151
537012.5.peg.720.site.30, 3, 134, 137
537012.5.peg.720.site.31, 18, 134, 152
537012.5.peg.720.site.32, 6, 134, 140
537012.5.peg.720.site.33, 5, 133, 138
537012.5.peg.720.site.34, 68, 131, 199
537012.5.peg.720.site.35, 3, 134, 137
537012.5.peg.720.site.36, 3, 134, 137
537012.5.peg.720.site.37, 23, 134, 157
537012.5.peg.720.site.38, 59, 132, 191
537012.5.peg.721.site.1, 5, 133, 138
537012.5.peg.721.site.2, 8, 133, 141
537012.5.peg.721.site.3, 125, 133, 258
537012.5.peg.721.site.4, 3, 130, 133
537012.5.peg.721.site.5, 3, 130, 133
537012.5.peg.721.site.6, 5, 131, 136
537012.5.peg.721.site.7, 3, 131, 134
537012.5.peg.721.site.8, 1, 130, 131
537012.5.peg.721.site.9, 0, 129, 129
537012.5.peg.721.site.10, 7, 129, 136
537012.5.peg.721.site.11, 3, 129, 132
537012.5.peg.721.site.12, 3, 130, 133
537012.5.peg.721.site.13, 9, 133, 142
537012.5.peg.721.site.14, 6, 133, 139
537012.5.peg.721.site.15, 4, 132, 136
537012.5.peg.721.site.16, 1, 134, 135
537012.5.peg.721.site.17, 3, 134, 137
537012.5.peg.721.site.18, 9, 134, 143
537012.5.peg.721.site.19, 4, 133, 137
537012.5.peg.721.site.20, 8, 129, 137
537012.5.peg.721.site.21, 1, 131, 132
537012.5.peg.721.site.22, 2, 130, 132
537012.5.peg.721.site.23, 2, 130, 132
537012.5.peg.3221.site.1, 54, 132, 186
537012.5.peg.3221.site.2, 8, 131, 139
537012.5.peg.3221.site.3, 1, 132, 133
537012.5.peg.3221.site.4, 8, 131, 139
537012.5.peg.3221.site.5, 0, 131, 131
537012.5.peg.3221.site.6, 42, 129, 171
537012.5.peg.3221.site.7, 6, 131, 137
537012.5.peg.3221.site.8, 129, 132, 261
537012.5.peg.3221.site.9, 2, 130, 132
537012.5.peg.3221.site.10, 4, 132, 136
537012.5.peg.3221.site.11, 64, 131, 195
537012.5.peg.3221.site.12, 7, 134, 141
537012.5.peg.3221.site.13, 2, 132, 134
537012.5.peg.3221.site.14, 1, 134, 135
537012.5.peg.3221.site.15, 7, 134, 141
537012.5.peg.3221.site.16, 20, 131, 151
537012.5.peg.3221.site.17, 68, 133, 201
537012.5.peg.3221.site.18, 4, 134, 138
537012.5.peg.3221.site.19, 2, 134, 136
537012.5.peg.3221.site.20, 2, 134, 136
537012.5.peg.3221.site.21, 6, 134, 140
537012.5.peg.3221.site.22, 7, 134, 141
537012.5.peg.3221.site.23, 2, 134, 136
537012.5.peg.3221.site.24, 1, 134, 135
537012.5.peg.3221.site.25, 5, 130, 135
537012.5.peg.3221.site.26, 9, 131, 140
537012.5.peg.3221.site.27, 1, 132, 133
537012.5.peg.3221.site.28, 132, 133, 265
537012.5.peg.3221.site.29, 6, 132, 138
537012.5.peg.3221.site.30, 3, 130, 133
537012.5.peg.3221.site.31, 2, 133, 135
537012.5.peg.3221.site.32, 1, 132, 133
537012.5.peg.3221.site.33, 1, 133, 134
537012.5.peg.3221.site.34, 7, 130, 137
537012.5.peg.3221.site.35, 11, 126, 137
537012.5.peg.3221.site.36, 0, 130, 130
537012.5.peg.3221.site.37, 5, 131, 136
537012.5.peg.3221.site.38, 0, 132, 132
537012.5.peg.3221.site.39, 11, 130, 141
537012.5.peg.3221.site.40, 4, 131, 135
537012.5.peg.3221.site.41, 11, 131, 142
537012.5.peg.3221.site.42, 4, 131, 135
537012.5.peg.3221.site.43, 26, 132, 158
537012.5.peg.3221.site.44, 3, 134, 137
537012.5.peg.3221.site.45, 7, 134, 141
537012.5.peg.3221.site.46, 3, 134, 137
537012.5.peg.3221.site.47, 1, 131, 132
537012.5.peg.3221.site.48, 6, 131, 137
537012.5.peg.3221.site.49, 1, 134, 135
537012.5.peg.3220.site.1, 1, 123, 124
537012.5.peg.3220.site.2, 8, 134, 142
537012.5.peg.3220.site.3, 1, 134, 135
537012.5.peg.3220.site.4, 1, 134, 135
537012.5.peg.3220.site.5, 12, 133, 145
537012.5.peg.3220.site.6, 57, 129, 186
537012.5.peg.3220.site.7, 47, 133, 180
537012.5.peg.3220.site.8, 8, 134, 142
537012.5.peg.3220.site.9, 5, 132, 137
537012.5.peg.3220.site.10, 133, 134, 267
537012.5.peg.3220.site.11, 3, 134, 137
537012.5.peg.3220.site.12, 4, 132, 136
537012.5.peg.3220.site.13, 3, 134, 137
537012.5.peg.3220.site.14, 4, 132, 136
537012.5.peg.3220.site.15, 6, 134, 140
537012.5.peg.3220.site.16, 4, 132, 136
537012.5.peg.3220.site.17, 8, 132, 140
537012.5.peg.3220.site.18, 4, 133, 137
537012.5.peg.3220.site.19, 4, 132, 136
537012.5.peg.3220.site.20, 1, 134, 135
537012.5.peg.3220.site.21, 1, 133, 134
537012.5.peg.3220.site.22, 4, 134, 138
537012.5.peg.3220.site.23, 3, 134, 137
537012.5.peg.3220.site.24, 13, 134, 147
537012.5.peg.3220.site.25, 16, 132, 148
537012.5.peg.3220.site.26, 3, 134, 137
537012.5.peg.3220.site.27, 3, 131, 134
537012.5.peg.3220.site.28, 11, 132, 143
537012.5.peg.3220.site.29, 0, 129, 129
537012.5.peg.3220.site.30, 3, 129, 132
537012.5.peg.3220.site.31, 3, 125, 128
537012.5.peg.3220.site.32, 0, 132, 132
537012.5.peg.3220.site.33, 5, 132, 137
537012.5.peg.3220.site.34, 6, 134, 140
537012.5.peg.3220.site.35, 1, 134, 135
537012.5.peg.3220.site.36, 7, 134, 141
537012.5.peg.3220.site.37, 1, 134, 135
537012.5.peg.3220.site.38, 1, 128, 129
537012.5.peg.3220.site.39, 1, 129, 130
537012.5.peg.3220.site.40, 3, 128, 131
537012.5.peg.3220.site.41, 1, 123, 124
537012.5.peg.3220.site.42, 22, 104, 126
537012.5.peg.3220.site.43, 1, 117, 118
537012.5.peg.3220.site.44, 19, 113, 132
537012.5.peg.3220.site.45, 10, 117, 127
537012.5.peg.3220.site.46, 4, 117, 121
537012.5.peg.3220.site.47, 3, 121, 124
537012.5.peg.3220.site.48, 5, 114, 119
537012.5.peg.3220.site.49, 9, 115, 124
537012.5.peg.3220.site.50, 2, 118, 120
537012.5.peg.3220.site.51, 2, 116, 118
537012.5.peg.3220.site.52, 16, 114, 130
537012.5.peg.3220.site.53, 2, 129, 131
537012.5.peg.3220.site.54, 2, 132, 134
537012.5.peg.3220.site.55, 4, 133, 137
537012.5.peg.3220.site.56, 15, 118, 133
537012.5.peg.3220.site.57, 55, 64, 119
537012.5.peg.3220.site.58, 26, 48, 74
537012.5.peg.3220.site.59, 14, 33, 47
537012.5.peg.3220.site.60, 23, 35, 58
537012.5.peg.3220.site.61, 4, 117, 121
537012.5.peg.3220.site.62, 2, 123, 125
537012.5.peg.3220.site.63, 4, 129, 133
537012.5.peg.3220.site.64, 4, 131, 135
537012.5.peg.3220.site.65, 1, 133, 134
537012.5.peg.3220.site.66, 10, 132, 142
537012.5.peg.3220.site.67, 3, 130, 133
537012.5.peg.3220.site.68, 1, 134, 135
537012.5.peg.3220.site.69, 5, 133, 138
537012.5.peg.3220.site.70, 5, 133, 138
537012.5.peg.3220.site.71, 7, 134, 141
537012.5.peg.3220.site.72, 2, 134, 136
537012.5.peg.3220.site.73, 4, 132, 136
537012.5.peg.3220.site.74, 6, 133, 139
537012.5.peg.3220.site.75, 6, 132, 138
537012.5.peg.3220.site.76, 4, 132, 136
537012.5.peg.3220.site.77, 0, 133, 133
537012.5.peg.3220.site.78, 2, 133, 135
537012.5.peg.3220.site.79, 1, 134, 135
537012.5.peg.3220.site.80, 5, 133, 138
537012.5.peg.3220.site.81, 4, 134, 138
537012.5.peg.3220.site.82, 2, 134, 136
537012.5.peg.3220.site.83, 4, 134, 138
537012.5.peg.3220.site.84, 32, 133, 165
537012.5.peg.3220.site.85, 2, 134, 136
537012.5.peg.3220.site.86, 2, 134, 136
537012.5.peg.3220.site.87, 2, 134, 136
537012.5.peg.3220.site.88, 2, 133, 135
537012.5.peg.3220.site.89, 1, 133, 134
537012.5.peg.3220.site.90, 61, 131, 192
537012.5.peg.3220.site.91, 1, 133, 134
537012.5.peg.3220.site.92, 5, 131, 136
537012.5.peg.3220.site.93, 0, 134, 134
537012.5.peg.3220.site.94, 64, 133, 197
537012.5.peg.3220.site.95, 5, 133, 138
537012.5.peg.3220.site.96, 30, 133, 163
537012.5.peg.3220.site.97, 37, 130, 167
537012.5.peg.3220.site.98, 128, 131, 259
537012.5.peg.3220.site.99, 5, 121, 126
537012.5.peg.3220.site.100, 4, 130, 134
537012.5.peg.3220.site.101, 2, 129, 131
537012.5.peg.3220.site.102, 26, 129, 155
537012.5.peg.3220.site.103, 4, 131, 135
537012.5.peg.3220.site.104, 9, 133, 142
537012.5.peg.3220.site.105, 4, 134, 138
537012.5.peg.3220.site.106, 7, 134, 141
537012.5.peg.3220.site.107, 21, 134, 155
537012.5.peg.3220.site.108, 5, 133, 138
537012.5.peg.3220.site.109, 7, 131, 138
537012.5.peg.3220.site.110, 4, 131, 135
537012.5.peg.3222.site.1, 1, 133, 134
537012.5.peg.3222.site.2, 1, 134, 135
537012.5.peg.3222.site.3, 6, 131, 137
537012.5.peg.3222.site.4, 10, 131, 141
537012.5.peg.3222.site.5, 1, 134, 135
537012.5.peg.3222.site.6, 2, 133, 135
537012.5.peg.3222.site.7, 7, 134, 141
537012.5.peg.3222.site.8, 32, 131, 163
537012.5.peg.3222.site.9, 39, 132, 171
537012.5.peg.3222.site.10, 3, 131, 134
537012.5.peg.3222.site.11, 3, 129, 132
537012.5.peg.3222.site.12, 73, 131, 204
537012.5.peg.3222.site.13, 7, 130, 137
537012.5.peg.3222.site.14, 1, 113, 114
537012.5.peg.3222.site.15, 11, 117, 128
537012.5.peg.3222.site.16, 2, 117, 119
537012.5.peg.3222.site.17, 3, 126, 129
537012.5.peg.3222.site.18, 5, 132, 137
537012.5.peg.3222.site.19, 3, 129, 132
537012.5.peg.3222.site.20, 2, 128, 130
537012.5.peg.3222.site.21, 2, 128, 130
537012.5.peg.3222.site.22, 1, 128, 129
537012.5.peg.3222.site.23, 1, 126, 127
537012.5.peg.3222.site.24, 2, 128, 130
537012.5.peg.3222.site.25, 63, 130, 193
537012.5.peg.3222.site.26, 17, 128, 145
537012.5.peg.3222.site.27, 12, 133, 145
537012.5.peg.3222.site.28, 82, 132, 214
537012.5.peg.3222.site.29, 6, 132, 138
537012.5.peg.3222.site.30, 4, 131, 135
537012.5.peg.3222.site.31, 4, 132, 136
537012.5.peg.3222.site.32, 8, 133, 141
537012.5.peg.3222.site.33, 0, 134, 134
537012.5.peg.3222.site.34, 1, 134, 135
537012.5.peg.3222.site.35, 1, 134, 135
537012.5.peg.3222.site.36, 6, 134, 140
537012.5.peg.3222.site.37, 6, 133, 139
537012.5.peg.3222.site.38, 1, 133, 134
537012.5.peg.3222.site.39, 1, 134, 135
537012.5.peg.3222.site.40, 2, 134, 136
537012.5.peg.3222.site.41, 5, 132, 137
537012.5.peg.3222.site.42, 24, 133, 157
537012.5.peg.3222.site.43, 4, 134, 138
537012.5.peg.3222.site.44, 6, 132, 138
537012.5.peg.3222.site.45, 3, 134, 137
537012.5.peg.3222.site.46, 39, 126, 165
537012.5.peg.3222.site.47, 5, 130, 135
537012.5.peg.3222.site.48, 3, 124, 127
537012.5.peg.3222.site.49, 2, 123, 125
537012.5.peg.728.site.1, 1, 113, 114
537012.5.peg.728.site.2, 19, 118, 137
537012.5.peg.728.site.3, 91, 124, 215
537012.5.peg.728.site.4, 3, 126, 129
537012.5.peg.728.site.5, 3, 125, 128
537012.5.peg.728.site.6, 1, 126, 127
537012.5.peg.728.site.7, 0, 130, 130
537012.5.peg.728.site.8, 0, 131, 131
537012.5.peg.728.site.9, 5, 129, 134
537012.5.peg.728.site.10, 0, 127, 127
537012.5.peg.729.site.1, 2, 124, 126
537012.5.peg.729.site.2, 1, 128, 129
537012.5.peg.729.site.3, 3, 132, 135
537012.5.peg.729.site.4, 2, 133, 135
537012.5.peg.729.site.5, 2, 132, 134
537012.5.peg.729.site.6, 6, 133, 139
537012.5.peg.729.site.7, 29, 131, 160
537012.5.peg.729.site.8, 15, 128, 143
537012.5.peg.729.site.9, 1, 129, 130
537012.5.peg.729.site.10, 1, 127, 128
537012.5.peg.729.site.11, 5, 130, 135
537012.5.peg.729.site.12, 3, 130, 133
537012.5.peg.729.site.13, 2, 129, 131
537012.5.peg.1973.site.1, 3, 125, 128
537012.5.peg.1973.site.2, 11, 124, 135
537012.5.peg.1973.site.3, 11, 124, 135
537012.5.peg.1973.site.4, 3, 126, 129
537012.5.peg.1973.site.5, 9, 125, 134
537012.5.peg.1973.site.6, 15, 124, 139
537012.5.peg.1973.site.7, 0, 125, 125
537012.5.peg.1973.site.8, 4, 126, 130
537012.5.peg.1973.site.9, 3, 126, 129
537012.5.peg.1973.site.10, 3, 126, 129
537012.5.peg.1973.site.11, 1, 65, 66
537012.5.peg.1972.site.1, 11, 124, 135
537012.5.peg.1972.site.2, 1, 126, 127
537012.5.peg.1971.site.1, 4, 126, 130
537012.5.peg.1971.site.2, 21, 126, 147
537012.5.peg.1971.site.3, 120, 125, 245
537012.5.peg.1971.site.4, 12, 124, 136
537012.5.peg.1971.site.5, 7, 125, 132
537012.5.peg.1971.site.6, 10, 124, 134
537012.5.peg.1971.site.7, 6, 125, 131
537012.5.peg.1971.site.8, 3, 123, 126
537012.5.peg.1971.site.9, 1, 125, 126
537012.5.peg.1971.site.10, 2, 126, 128
537012.5.peg.1971.site.11, 1, 125, 126
537012.5.peg.1971.site.12, 11, 124, 135
537012.5.peg.1971.site.13, 0, 125, 125
537012.5.peg.1971.site.14, 1, 124, 125
537012.5.peg.1971.site.15, 4, 123, 127
537012.5.peg.1971.site.16, 41, 123, 164
537012.5.peg.1971.site.17, 6, 125, 131
537012.5.peg.1971.site.18, 3, 121, 124
537012.5.peg.1971.site.19, 67, 123, 190
537012.5.peg.1971.site.20, 0, 124, 124
537012.5.peg.1971.site.21, 1, 121, 122
537012.5.peg.1971.site.22, 1, 122, 123
537012.5.peg.1971.site.23, 0, 119, 119
537012.5.peg.1971.site.24, 1, 118, 119
537012.5.peg.1971.site.25, 1, 117, 118
537012.5.peg.1971.site.26, 0, 112, 112
537012.5.peg.1971.site.27, 1, 113, 114
537012.5.peg.1971.site.28, 1, 123, 124
537012.5.peg.1971.site.29, 5, 125, 130
537012.5.peg.1971.site.30, 123, 125, 248
537012.5.peg.1971.site.31, 3, 123, 126
537012.5.peg.1971.site.32, 0, 122, 122
537012.5.peg.1971.site.33, 11, 122, 133
537012.5.peg.1970.site.1, 6, 91, 97
537012.5.peg.1970.site.2, 13, 89, 102
537012.5.peg.1970.site.3, 2, 92, 94
537012.5.peg.1970.site.4, 3, 93, 96
537012.5.peg.1970.site.5, 12, 106, 118
537012.5.peg.1970.site.6, 2, 114, 116
537012.5.peg.1970.site.7, 13, 126, 139
537012.5.peg.1970.site.8, 5, 125, 130
537012.5.peg.1970.site.9, 0, 126, 126
537012.5.peg.1970.site.10, 7, 125, 132
537012.5.peg.1970.site.11, 54, 125, 179
537012.5.peg.1970.site.12, 54, 124, 178
537012.5.peg.1970.site.13, 3, 120, 123
537012.5.peg.1970.site.14, 2, 122, 124
537012.5.peg.1970.site.15, 3, 123, 126
537012.5.peg.1970.site.16, 2, 127, 129
537012.5.peg.1970.site.17, 4, 126, 130
537012.5.peg.1970.site.18, 7, 126, 133
537012.5.peg.1970.site.19, 2, 126, 128
537012.5.peg.1970.site.20, 85, 123, 208
537012.5.peg.1970.site.21, 1, 126, 127
537012.5.peg.1970.site.22, 8, 127, 135
537012.5.peg.1970.site.23, 2, 127, 129
537012.5.peg.1970.site.24, 5, 127, 132
537012.5.peg.3139.site.1, 2, 110, 112
537012.5.peg.3139.site.2, 7, 118, 125
537012.5.peg.3139.site.3, 2, 116, 118
537012.5.peg.3139.site.4, 9, 121, 130
537012.5.peg.3139.site.5, 7, 122, 129
537012.5.peg.3139.site.6, 7, 125, 132
537012.5.peg.3139.site.7, 7, 128, 135
537012.5.peg.3139.site.8, 9, 130, 139
537012.5.peg.3139.site.9, 3, 133, 136
537012.5.peg.3139.site.10, 6, 134, 140
537012.5.peg.3139.site.11, 2, 132, 134
537012.5.peg.3139.site.12, 7, 134, 141
537012.5.peg.3139.site.13, 46, 130, 176
537012.5.peg.3139.site.14, 32, 131, 163
537012.5.peg.3139.site.15, 4, 133, 137
537012.5.peg.3139.site.16, 63, 134, 197
537012.5.peg.3139.site.17, 19, 132, 151
537012.5.peg.3139.site.18, 44, 132, 176
537012.5.peg.3139.site.19, 1, 134, 135
537012.5.peg.3139.site.20, 17, 134, 151
537012.5.peg.2018.site.1, 3, 126, 129
537012.5.peg.2018.site.2, 2, 126, 128
537012.5.peg.2018.site.3, 1, 124, 125
537012.5.peg.2018.site.4, 0, 124, 124
537012.5.peg.2018.site.5, 1, 124, 125
537012.5.peg.2018.site.6, 1, 124, 125
537012.5.peg.2018.site.7, 1, 124, 125
537012.5.peg.2018.site.8, 3, 126, 129
537012.5.peg.2018.site.9, 7, 129, 136
537012.5.peg.2018.site.10, 1, 129, 130
537012.5.peg.2018.site.11, 43, 129, 172
537012.5.peg.2018.site.12, 3, 130, 133
537012.5.peg.2018.site.13, 26, 128, 154
537012.5.peg.2018.site.14, 6, 130, 136
537012.5.peg.2018.site.15, 17, 125, 142
537012.5.peg.2018.site.16, 93, 125, 218
537012.5.peg.2018.site.17, 3, 124, 127
537012.5.peg.2957.site.1, 10, 77, 87
537012.5.peg.2957.site.2, 1, 76, 77
537012.5.peg.2957.site.3, 4, 76, 80
537012.5.peg.2957.site.4, 2, 77, 79
537012.5.peg.2957.site.5, 58, 77, 135
537012.5.peg.2957.site.6, 2, 77, 79
537012.5.peg.2957.site.7, 75, 76, 151
537012.5.peg.2957.site.8, 1, 74, 75
537012.5.peg.2957.site.9, 2, 75, 77
537012.5.peg.2957.site.10, 15, 75, 90
537012.5.peg.2957.site.11, 14, 76, 90
537012.5.peg.2957.site.12, 9, 74, 83
537012.5.peg.2957.site.13, 15, 79, 94
537012.5.peg.2957.site.14, 4, 78, 82
537012.5.peg.2957.site.15, 7, 83, 90
537012.5.peg.2957.site.16, 1, 82, 83
537012.5.peg.2406.site.1, 5, 133, 138
537012.5.peg.2406.site.2, 3, 131, 134
537012.5.peg.2406.site.3, 3, 131, 134
537012.5.peg.2406.site.4, 34, 129, 163
537012.5.peg.2406.site.5, 30, 128, 158
537012.5.peg.2406.site.6, 0, 105, 105
537012.5.peg.2406.site.7, 1, 105, 106
537012.5.peg.2406.site.8, 0, 102, 102
537012.5.peg.3138.site.1, 2, 117, 119
537012.5.peg.3138.site.2, 1, 122, 123
537012.5.peg.3138.site.3, 3, 119, 122
537012.5.peg.3138.site.4, 6, 118, 124
537012.5.peg.3138.site.5, 15, 117, 132
537012.5.peg.3138.site.6, 9, 121, 130
537012.5.peg.3138.site.7, 6, 123, 129
537012.5.peg.3138.site.8, 2, 123, 125
537012.5.peg.3138.site.9, 56, 122, 178
537012.5.peg.3138.site.10, 1, 121, 122
537012.5.peg.3138.site.11, 5, 126, 131
537012.5.peg.3138.site.12, 12, 127, 139
537012.5.peg.3138.site.13, 24, 132, 156
537012.5.peg.3138.site.14, 11, 132, 143
537012.5.peg.3138.site.15, 1, 134, 135
537012.5.peg.3138.site.16, 6, 134, 140
537012.5.peg.3138.site.17, 10, 129, 139
537012.5.peg.3138.site.18, 7, 128, 135
537012.5.peg.3138.site.19, 3, 123, 126
537012.5.peg.3138.site.20, 3, 123, 126
537012.5.peg.3138.site.21, 25, 129, 154
537012.5.peg.3138.site.22, 10, 131, 141
537012.5.peg.3138.site.23, 10, 130, 140
537012.5.peg.3138.site.24, 5, 134, 139
537012.5.peg.3138.site.25, 52, 132, 184
537012.5.peg.3138.site.26, 1, 134, 135
537012.5.peg.3138.site.27, 55, 130, 185
537012.5.peg.3138.site.28, 83, 129, 212
537012.5.peg.3138.site.29, 41, 131, 172
537012.5.peg.3138.site.30, 4, 121, 125
537012.5.peg.3138.site.31, 52, 121, 173
537012.5.peg.3138.site.32, 2, 121, 123
537012.5.peg.3138.site.33, 9, 121, 130
537012.5.peg.3138.site.34, 1, 122, 123
537012.5.peg.3138.site.35, 91, 121, 212
537012.5.peg.3138.site.36, 0, 120, 120
537012.5.peg.3138.site.37, 2, 122, 124
537012.5.peg.3138.site.38, 0, 121, 121
537012.5.peg.3138.site.39, 0, 121, 121
537012.5.peg.3138.site.40, 0, 123, 123
537012.5.peg.3138.site.41, 13, 122, 135
537012.5.peg.3138.site.42, 0, 122, 122
537012.5.peg.3138.site.43, 73, 124, 197
537012.5.peg.3138.site.44, 4, 125, 129
537012.5.peg.3138.site.45, 51, 128, 179
537012.5.peg.3138.site.46, 0, 130, 130
537012.5.peg.3138.site.47, 30, 127, 157
537012.5.peg.3138.site.48, 5, 124, 129
537012.5.peg.2404.site.1, 2, 130, 132
537012.5.peg.2404.site.2, 9, 130, 139
537012.5.peg.2404.site.3, 61, 129, 190
537012.5.peg.2404.site.4, 3, 130, 133
537012.5.peg.2404.site.5, 6, 129, 135
537012.5.peg.2404.site.6, 4, 132, 136
537012.5.peg.2404.site.7, 5, 132, 137
537012.5.peg.2404.site.8, 26, 133, 159
537012.5.peg.2404.site.9, 5, 132, 137
537012.5.peg.2404.site.10, 3, 131, 134
537012.5.peg.2405.site.1, 0, 128, 128
537012.5.peg.2405.site.2, 11, 129, 140
537012.5.peg.2405.site.3, 1, 130, 131
537012.5.peg.2405.site.4, 0, 129, 129
537012.5.peg.2405.site.5, 8, 130, 138
537012.5.peg.2405.site.6, 1, 130, 131
537012.5.peg.2405.site.7, 34, 130, 164
537012.5.peg.2405.site.8, 1, 131, 132
537012.5.peg.2405.site.9, 26, 130, 156
537012.5.peg.2405.site.10, 5, 129, 134
537012.5.peg.2405.site.11, 39, 130, 169
537012.5.peg.2405.site.12, 0, 130, 130
537012.5.peg.2405.site.13, 1, 130, 131
537012.5.peg.2405.site.14, 0, 130, 130
537012.5.peg.2405.site.15, 0, 128, 128
537012.5.peg.2405.site.16, 31, 130, 161
537012.5.peg.2405.site.17, 5, 128, 133
537012.5.peg.2405.site.18, 5, 131, 136
537012.5.peg.3427.site.1, 0, 134, 134
537012.5.peg.3427.site.2, 11, 132, 143
537012.5.peg.3426.site.1, 1, 129, 130
537012.5.peg.3426.site.2, 1, 134, 135
537012.5.peg.3426.site.3, 133, 134, 267
537012.5.peg.3426.site.4, 60, 134, 194
537012.5.peg.3426.site.5, 12, 132, 144
537012.5.peg.3426.site.6, 68, 133, 201
537012.5.peg.3426.site.7, 17, 133, 150
537012.5.peg.3426.site.8, 1, 134, 135
537012.5.peg.3426.site.9, 12, 133, 145
537012.5.peg.3426.site.10, 4, 132, 136
537012.5.peg.3426.site.11, 11, 132, 143
537012.5.peg.3426.site.12, 38, 133, 171
537012.5.peg.3426.site.13, 6, 133, 139
537012.5.peg.3426.site.14, 7, 133, 140
537012.5.peg.3426.site.15, 2, 133, 135
537012.5.peg.3426.site.16, 33, 132, 165
537012.5.peg.3426.site.17, 3, 134, 137
537012.5.peg.3426.site.18, 0, 134, 134
537012.5.peg.3426.site.19, 5, 133, 138
537012.5.peg.3426.site.20, 12, 133, 145
537012.5.peg.3426.site.21, 4, 132, 136
537012.5.peg.3426.site.22, 4, 132, 136
537012.5.peg.3426.site.23, 4, 132, 136
537012.5.peg.3426.site.24, 7, 134, 141
537012.5.peg.3426.site.25, 7, 134, 141
537012.5.peg.3426.site.26, 4, 132, 136
537012.5.peg.3426.site.27, 28, 131, 159
537012.5.peg.3426.site.28, 29, 132, 161
537012.5.peg.2408.site.1, 3, 123, 126
537012.5.peg.2408.site.2, 4, 121, 125
537012.5.peg.2408.site.3, 3, 114, 117
537012.5.peg.2408.site.4, 2, 100, 102
537012.5.peg.2408.site.5, 6, 96, 102
537012.5.peg.2408.site.6, 1, 90, 91
537012.5.peg.2408.site.7, 1, 108, 109
537012.5.peg.2408.site.8, 2, 109, 111
537012.5.peg.2408.site.9, 0, 111, 111
537012.5.peg.2408.site.10, 12, 125, 137
537012.5.peg.2408.site.11, 1, 125, 126
537012.5.peg.2408.site.12, 1, 127, 128
537012.5.peg.2408.site.13, 2, 127, 129
537012.5.peg.2408.site.14, 1, 123, 124
537012.5.peg.2408.site.15, 1, 126, 127
537012.5.peg.2408.site.16, 4, 117, 121
537012.5.peg.2408.site.17, 0, 119, 119
537012.5.peg.2408.site.18, 23, 111, 134
537012.5.peg.2408.site.19, 0, 113, 113
537012.5.peg.2408.site.20, 13, 117, 130
537012.5.peg.2408.site.21, 1, 115, 116
537012.5.peg.2408.site.22, 12, 115, 127
537012.5.peg.2408.site.23, 8, 119, 127
537012.5.peg.2408.site.24, 5, 119, 124
537012.5.peg.2408.site.25, 0, 119, 119
537012.5.peg.2408.site.26, 1, 126, 127
537012.5.peg.2408.site.27, 1, 121, 122
537012.5.peg.2408.site.28, 6, 122, 128
537012.5.peg.2408.site.29, 2, 113, 115
537012.5.peg.2408.site.30, 2, 94, 96
537012.5.peg.2409.site.1, 21, 79, 100
537012.5.peg.2409.site.2, 66, 78, 144
537012.5.peg.2409.site.3, 54, 77, 131
537012.5.peg.2409.site.4, 77, 79, 156
537012.5.peg.2409.site.5, 28, 81, 109
537012.5.peg.2409.site.6, 3, 82, 85
537012.5.peg.2409.site.7, 11, 81, 92
537012.5.peg.2409.site.8, 1, 75, 76
537012.5.peg.2409.site.9, 0, 73, 73
537012.5.peg.2409.site.10, 5, 82, 87
537012.5.peg.2409.site.11, 33, 81, 114
537012.5.peg.2409.site.12, 4, 83, 87
537012.5.peg.2409.site.13, 2, 85, 87
537012.5.peg.2409.site.14, 10, 86, 96
537012.5.peg.2409.site.15, 0, 89, 89
537012.5.peg.2409.site.16, 9, 91, 100
537012.5.peg.2409.site.17, 2, 88, 90
537012.5.peg.2409.site.18, 7, 90, 97
537012.5.peg.2409.site.19, 42, 90, 132
537012.5.peg.2409.site.20, 55, 89, 144
537012.5.peg.2409.site.21, 2, 87, 89
537012.5.peg.2409.site.22, 13, 102, 115
537012.5.peg.2409.site.23, 5, 108, 113
537012.5.peg.2409.site.24, 1, 108, 109
537012.5.peg.2409.site.25, 2, 105, 107
537012.5.peg.2409.site.26, 1, 103, 104
537012.5.peg.2409.site.27, 13, 98, 111
537012.5.peg.2409.site.28, 24, 101, 125
537012.5.peg.2409.site.29, 22, 102, 124
537012.5.peg.2409.site.30, 3, 107, 110
537012.5.peg.2409.site.31, 0, 107, 107
537012.5.peg.2409.site.32, 0, 117, 117
537012.5.peg.2409.site.33, 6, 114, 120
537012.5.peg.2409.site.34, 2, 117, 119
537012.5.peg.2409.site.35, 2, 119, 121
537012.5.peg.2409.site.36, 7, 121, 128
537012.5.peg.2409.site.37, 5, 121, 126
537012.5.peg.2409.site.38, 4, 123, 127
537012.5.peg.2409.site.39, 3, 123, 126
537012.5.peg.2409.site.40, 5, 121, 126
537012.5.peg.2409.site.41, 8, 120, 128
537012.5.peg.2409.site.42, 6, 119, 125
537012.5.peg.2409.site.43, 1, 106, 107
537012.5.peg.2409.site.44, 90, 102, 192
537012.5.peg.2409.site.45, 1, 102, 103
537012.5.peg.2409.site.46, 12, 84, 96
537012.5.peg.2409.site.47, 5, 78, 83
537012.5.peg.2409.site.48, 1, 81, 82
537012.5.peg.2409.site.49, 4, 81, 85
537012.5.peg.2409.site.50, 1, 93, 94
537012.5.peg.2409.site.51, 91, 93, 184
537012.5.peg.2409.site.52, 5, 102, 107
537012.5.peg.2409.site.53, 9, 121, 130
537012.5.peg.2409.site.54, 5, 114, 119
537012.5.peg.2409.site.55, 5, 110, 115
537012.5.peg.2409.site.56, 9, 110, 119
537012.5.peg.2409.site.57, 104, 106, 210
537012.5.peg.2409.site.58, 1, 120, 121
537012.5.peg.2409.site.59, 1, 125, 126
537012.5.peg.2409.site.60, 2, 128, 130
537012.5.peg.2409.site.61, 0, 128, 128
537012.5.peg.2409.site.62, 1, 126, 127
537012.5.peg.2409.site.63, 5, 130, 135
537012.5.peg.2409.site.64, 1, 125, 126
537012.5.peg.2409.site.65, 70, 126, 196
537012.5.peg.2409.site.66, 3, 127, 130
537012.5.peg.2409.site.67, 13, 122, 135
537012.5.peg.2409.site.68, 23, 124, 147
537012.5.peg.2409.site.69, 6, 124, 130
537012.5.peg.2409.site.70, 5, 124, 129
537012.5.peg.2409.site.71, 0, 112, 112
537012.5.peg.2409.site.72, 37, 105, 142
537012.5.peg.2409.site.73, 35, 108, 143
537012.5.peg.2409.site.74, 8, 122, 130
537012.5.peg.2409.site.75, 1, 130, 131
537012.5.peg.2409.site.76, 1, 130, 131
537012.5.peg.2409.site.77, 6, 129, 135
537012.5.peg.2409.site.78, 4, 128, 132
537012.5.peg.2409.site.79, 36, 123, 159
537012.5.peg.2409.site.80, 8, 127, 135
537012.5.peg.2409.site.81, 1, 119, 120
537012.5.peg.2409.site.82, 5, 118, 123
537012.5.peg.2409.site.83, 3, 122, 125
537012.5.peg.2409.site.84, 17, 122, 139
537012.5.peg.2409.site.85, 3, 122, 125
537012.5.peg.2409.site.86, 5, 128, 133
537012.5.peg.2409.site.87, 14, 126, 140
537012.5.peg.2409.site.88, 3, 127, 130
537012.5.peg.3131.site.1, 106, 108, 214
537012.5.peg.3131.site.2, 3, 124, 127
537012.5.peg.3131.site.3, 12, 125, 137
537012.5.peg.3131.site.4, 2, 134, 136
537012.5.peg.3131.site.5, 11, 131, 142
537012.5.peg.3131.site.6, 11, 130, 141
537012.5.peg.3131.site.7, 19, 131, 150
537012.5.peg.3131.site.8, 24, 131, 155
537012.5.peg.3131.site.9, 51, 131, 182
537012.5.peg.3131.site.10, 41, 131, 172
537012.5.peg.3131.site.11, 5, 133, 138
537012.5.peg.3131.site.12, 39, 132, 171
537012.5.peg.3131.site.13, 20, 133, 153
537012.5.peg.3131.site.14, 13, 133, 146
537012.5.peg.3131.site.15, 7, 134, 141
537012.5.peg.3131.site.16, 1, 134, 135
537012.5.peg.3131.site.17, 1, 134, 135
537012.5.peg.3131.site.18, 13, 133, 146
537012.5.peg.3131.site.19, 112, 133, 245
537012.5.peg.3131.site.20, 6, 134, 140
537012.5.peg.3131.site.21, 18, 133, 151
537012.5.peg.3131.site.22, 6, 134, 140
537012.5.peg.3131.site.23, 5, 134, 139
537012.5.peg.3131.site.24, 13, 133, 146
537012.5.peg.3131.site.25, 6, 134, 140
537012.5.peg.3131.site.26, 10, 129, 139
537012.5.peg.3131.site.27, 2, 134, 136
537012.5.peg.3131.site.28, 13, 132, 145
537012.5.peg.3131.site.29, 1, 134, 135
537012.5.peg.3131.site.30, 12, 132, 144
537012.5.peg.3131.site.31, 0, 134, 134
537012.5.peg.3131.site.32, 11, 132, 143
537012.5.peg.3131.site.33, 2, 129, 131
537012.5.peg.3131.site.34, 5, 127, 132
537012.5.peg.3131.site.35, 1, 123, 124
537012.5.peg.3131.site.36, 2, 124, 126
537012.5.peg.3131.site.37, 1, 123, 124
537012.5.peg.3131.site.38, 1, 123, 124
537012.5.peg.3131.site.39, 13, 127, 140
537012.5.peg.3131.site.40, 1, 129, 130
537012.5.peg.3131.site.41, 77, 130, 207
537012.5.peg.3131.site.42, 1, 134, 135
537012.5.peg.3131.site.43, 1, 134, 135
537012.5.peg.3131.site.44, 101, 131, 232
537012.5.peg.3131.site.45, 19, 130, 149
537012.5.peg.3131.site.46, 1, 133, 134
537012.5.peg.3131.site.47, 5, 133, 138
537012.5.peg.3131.site.48, 46, 133, 179
537012.5.peg.3131.site.49, 12, 132, 144
537012.5.peg.3131.site.50, 1, 134, 135
537012.5.peg.3131.site.51, 1, 134, 135
537012.5.peg.3131.site.52, 15, 131, 146
537012.5.peg.3131.site.53, 25, 132, 157
537012.5.peg.3131.site.54, 3, 124, 127
537012.5.peg.3131.site.55, 12, 126, 138
537012.5.peg.3131.site.56, 6, 128, 134
537012.5.peg.3131.site.57, 13, 133, 146
537012.5.peg.3131.site.58, 6, 134, 140
537012.5.peg.3131.site.59, 20, 133, 153
537012.5.peg.3131.site.60, 7, 134, 141
537012.5.peg.3131.site.61, 3, 134, 137
537012.5.peg.3131.site.62, 12, 131, 143
537012.5.peg.3131.site.63, 11, 131, 142
537012.5.peg.3131.site.64, 1, 134, 135
537012.5.peg.3131.site.65, 1, 132, 133
537012.5.peg.3131.site.66, 15, 129, 144
537012.5.peg.3131.site.67, 7, 127, 134
537012.5.peg.3131.site.68, 6, 126, 132
537012.5.peg.3131.site.69, 2, 126, 128
537012.5.peg.3131.site.70, 2, 122, 124
537012.5.peg.3131.site.71, 5, 123, 128
537012.5.peg.3131.site.72, 14, 121, 135
537012.5.peg.3131.site.73, 7, 122, 129
537012.5.peg.3131.site.74, 2, 123, 125
537012.5.peg.3131.site.75, 6, 124, 130
537012.5.peg.3131.site.76, 36, 129, 165
537012.5.peg.3131.site.77, 3, 131, 134
537012.5.peg.3131.site.78, 18, 131, 149
537012.5.peg.3131.site.79, 15, 133, 148
537012.5.peg.3131.site.80, 2, 134, 136
537012.5.peg.3131.site.81, 19, 132, 151
537012.5.peg.3131.site.82, 6, 134, 140
537012.5.peg.3131.site.83, 13, 133, 146
537012.5.peg.3131.site.84, 32, 132, 164
537012.5.peg.3131.site.85, 18, 131, 149
537012.5.peg.3131.site.86, 3, 126, 129
537012.5.peg.3131.site.87, 7, 122, 129
537012.5.peg.3131.site.88, 19, 122, 141
537012.5.peg.3131.site.89, 39, 121, 160
537012.5.peg.3131.site.90, 2, 123, 125
537012.5.peg.3131.site.91, 7, 123, 130
537012.5.peg.3131.site.92, 86, 124, 210
537012.5.peg.3131.site.93, 11, 125, 136
537012.5.peg.3131.site.94, 6, 129, 135
537012.5.peg.3131.site.95, 1, 133, 134
537012.5.peg.3131.site.96, 40, 131, 171
537012.5.peg.3131.site.97, 11, 130, 141
537012.5.peg.3131.site.98, 16, 129, 145
537012.5.peg.3130.site.1, 0, 133, 133
537012.5.peg.3130.site.2, 33, 130, 163
537012.5.peg.3130.site.3, 11, 126, 137
537012.5.peg.3130.site.4, 14, 125, 139
537012.5.peg.3130.site.5, 6, 128, 134
537012.5.peg.3130.site.6, 51, 134, 185
537012.5.peg.3130.site.7, 13, 133, 146
537012.5.peg.3130.site.8, 18, 133, 151
537012.5.peg.3130.site.9, 13, 133, 146
537012.5.peg.3130.site.10, 2, 134, 136
537012.5.peg.3130.site.11, 7, 134, 141
537012.5.peg.3130.site.12, 19, 131, 150
537012.5.peg.3130.site.13, 7, 133, 140
537012.5.peg.3130.site.14, 15, 129, 144
537012.5.peg.3130.site.15, 1, 130, 131
537012.5.peg.3130.site.16, 6, 126, 132
537012.5.peg.3130.site.17, 16, 129, 145
537012.5.peg.3130.site.18, 13, 128, 141
537012.5.peg.3130.site.19, 10, 129, 139
537012.5.peg.3130.site.20, 9, 129, 138
537012.5.peg.3130.site.21, 0, 130, 130
537012.5.peg.3130.site.22, 7, 127, 134
537012.5.peg.3130.site.23, 14, 131, 145
537012.5.peg.3130.site.24, 1, 126, 127
537012.5.peg.3421.site.1, 4, 131, 135
537012.5.peg.3421.site.2, 82, 131, 213
537012.5.peg.3421.site.3, 1, 134, 135
537012.5.peg.3421.site.4, 1, 134, 135
537012.5.peg.3421.site.5, 10, 132, 142
537012.5.peg.3421.site.6, 9, 131, 140
537012.5.peg.3421.site.7, 1, 133, 134
537012.5.peg.3421.site.8, 3, 133, 136
537012.5.peg.3421.site.9, 6, 131, 137
537012.5.peg.3421.site.10, 10, 130, 140
537012.5.peg.3421.site.11, 1, 134, 135
537012.5.peg.3421.site.12, 2, 133, 135
537012.5.peg.3421.site.13, 132, 133, 265
537012.5.peg.3421.site.14, 11, 132, 143
537012.5.peg.3421.site.15, 0, 133, 133
537012.5.peg.3421.site.16, 2, 133, 135
537012.5.peg.3421.site.17, 11, 132, 143
537012.5.peg.3421.site.18, 1, 133, 134
537012.5.peg.3421.site.19, 5, 131, 136
537012.5.peg.3132.site.1, 2, 120, 122
537012.5.peg.3132.site.2, 3, 121, 124
537012.5.peg.3132.site.3, 0, 132, 132
537012.5.peg.3132.site.4, 1, 132, 133
537012.5.peg.3132.site.5, 1, 130, 131
537012.5.peg.3132.site.6, 7, 124, 131
537012.5.peg.3132.site.7, 6, 125, 131
537012.5.peg.3132.site.8, 4, 123, 127
537012.5.peg.3132.site.9, 5, 123, 128
537012.5.peg.3132.site.10, 11, 123, 134
537012.5.peg.3132.site.11, 10, 127, 137
537012.5.peg.3132.site.12, 6, 129, 135
537012.5.peg.3132.site.13, 6, 129, 135
537012.5.peg.3132.site.14, 6, 130, 136
537012.5.peg.3132.site.15, 6, 128, 134
537012.5.peg.3132.site.16, 18, 124, 142
537012.5.peg.3132.site.17, 1, 127, 128
537012.5.peg.3132.site.18, 16, 126, 142
537012.5.peg.3132.site.19, 6, 133, 139
537012.5.peg.3132.site.20, 3, 134, 137
537012.5.peg.3132.site.21, 1, 130, 131
537012.5.peg.3132.site.22, 0, 130, 130
537012.5.peg.3132.site.23, 7, 130, 137
537012.5.peg.3132.site.24, 2, 129, 131
537012.5.peg.3132.site.25, 1, 127, 128
537012.5.peg.3132.site.26, 7, 127, 134
537012.5.peg.3132.site.27, 6, 126, 132
537012.5.peg.3132.site.28, 18, 123, 141
537012.5.peg.3132.site.29, 8, 128, 136
537012.5.peg.3132.site.30, 8, 128, 136
537012.5.peg.3132.site.31, 1, 126, 127
537012.5.peg.3132.site.32, 1, 117, 118
537012.5.peg.3132.site.33, 1, 117, 118
537012.5.peg.3132.site.34, 1, 115, 116
537012.5.peg.3132.site.35, 29, 115, 144
537012.5.peg.3132.site.36, 4, 117, 121
537012.5.peg.3132.site.37, 6, 116, 122
537012.5.peg.3132.site.38, 1, 117, 118
537012.5.peg.3132.site.39, 3, 115, 118
537012.5.peg.3132.site.40, 2, 114, 116
537012.5.peg.3132.site.41, 98, 110, 208
537012.5.peg.3132.site.42, 1, 112, 113
537012.5.peg.3132.site.43, 3, 113, 116
537012.5.peg.3132.site.44, 3, 110, 113
537012.5.peg.3132.site.45, 1, 110, 111
537012.5.peg.3132.site.46, 1, 110, 111
537012.5.peg.3132.site.47, 1, 111, 112
537012.5.peg.3132.site.48, 1, 113, 114
537012.5.peg.3132.site.49, 0, 114, 114
537012.5.peg.3132.site.50, 1, 105, 106
537012.5.peg.3132.site.51, 2, 106, 108
537012.5.peg.3132.site.52, 7, 110, 117
537012.5.peg.3132.site.53, 2, 114, 116
537012.5.peg.3132.site.54, 11, 116, 127
537012.5.peg.3132.site.55, 53, 115, 168
537012.5.peg.3132.site.56, 2, 118, 120
537012.5.peg.3132.site.57, 3, 118, 121
537012.5.peg.3132.site.58, 4, 118, 122
537012.5.peg.3132.site.59, 6, 120, 126
537012.5.peg.3132.site.60, 36, 121, 157
537012.5.peg.3132.site.61, 1, 124, 125
537012.5.peg.3132.site.62, 1, 122, 123
537012.5.peg.3132.site.63, 7, 120, 127
537012.5.peg.3132.site.64, 9, 121, 130
537012.5.peg.3132.site.65, 3, 120, 123
537012.5.peg.3132.site.66, 2, 120, 122
537012.5.peg.3132.site.67, 2, 121, 123
537012.5.peg.3132.site.68, 6, 123, 129
537012.5.peg.3132.site.69, 1, 126, 127
537012.5.peg.3132.site.70, 1, 126, 127
537012.5.peg.3132.site.71, 5, 125, 130
537012.5.peg.3132.site.72, 6, 125, 131
537012.5.peg.3132.site.73, 1, 125, 126
537012.5.peg.3132.site.74, 5, 124, 129
537012.5.peg.3132.site.75, 3, 123, 126
537012.5.peg.3132.site.76, 7, 121, 128
537012.5.peg.3132.site.77, 6, 121, 127
537012.5.peg.3132.site.78, 13, 119, 132
537012.5.peg.3132.site.79, 1, 120, 121
537012.5.peg.3132.site.80, 4, 120, 124
537012.5.peg.3132.site.81, 10, 120, 130
537012.5.peg.3132.site.82, 2, 121, 123
537012.5.peg.3132.site.83, 3, 121, 124
537012.5.peg.3132.site.84, 3, 126, 129
537012.5.peg.3132.site.85, 0, 124, 124
537012.5.peg.3132.site.86, 6, 123, 129
537012.5.peg.3132.site.87, 20, 122, 142
537012.5.peg.3132.site.88, 7, 121, 128
537012.5.peg.3132.site.89, 7, 121, 128
537012.5.peg.3132.site.90, 7, 123, 130
537012.5.peg.3132.site.91, 0, 125, 125
537012.5.peg.4334.site.1, 3, 81, 84
537012.5.peg.4334.site.2, 59, 75, 134
537012.5.peg.4334.site.3, 4, 77, 81
537012.5.peg.4334.site.4, 12, 75, 87
537012.5.peg.4334.site.5, 2, 80, 82
537012.5.peg.4334.site.6, 49, 78, 127
537012.5.peg.4334.site.7, 15, 79, 94
537012.5.peg.4334.site.8, 8, 84, 92
537012.5.peg.4334.site.9, 26, 87, 113
537012.5.peg.4334.site.10, 13, 98, 111
537012.5.peg.4334.site.11, 3, 106, 109
537012.5.peg.4334.site.12, 29, 113, 142
537012.5.peg.4334.site.13, 5, 117, 122
537012.5.peg.4334.site.14, 2, 114, 116
537012.5.peg.4334.site.15, 1, 107, 108
537012.5.peg.4334.site.16, 3, 108, 111
537012.5.peg.4334.site.17, 1, 109, 110
537012.5.peg.4334.site.18, 1, 107, 108
537012.5.peg.4334.site.19, 1, 98, 99
537012.5.peg.4334.site.20, 2, 100, 102
537012.5.peg.4334.site.21, 1, 97, 98
537012.5.peg.4334.site.22, 1, 99, 100
537012.5.peg.4334.site.23, 3, 98, 101
537012.5.peg.4334.site.24, 5, 85, 90
537012.5.peg.4334.site.25, 8, 89, 97
537012.5.peg.4334.site.26, 12, 94, 106
537012.5.peg.4334.site.27, 0, 93, 93
537012.5.peg.4334.site.28, 32, 95, 127
537012.5.peg.4334.site.29, 6, 106, 112
537012.5.peg.4334.site.30, 10, 112, 122
537012.5.peg.4334.site.31, 2, 98, 100
537012.5.peg.4334.site.32, 2, 88, 90
537012.5.peg.4335.site.1, 1, 83, 84
537012.5.peg.4335.site.2, 12, 109, 121
537012.5.peg.4335.site.3, 75, 106, 181
537012.5.peg.4335.site.4, 6, 95, 101
537012.5.peg.4335.site.5, 19, 92, 111
537012.5.peg.4335.site.6, 5, 92, 97
537012.5.peg.4335.site.7, 8, 93, 101
537012.5.peg.4335.site.8, 2, 92, 94
537012.5.peg.4335.site.9, 5, 98, 103
537012.5.peg.4335.site.10, 67, 106, 173
537012.5.peg.4335.site.11, 0, 101, 101
537012.5.peg.4335.site.12, 3, 95, 98
537012.5.peg.4335.site.13, 3, 93, 96
537012.5.peg.4335.site.14, 3, 91, 94
537012.5.peg.4335.site.15, 9, 93, 102
537012.5.peg.4335.site.16, 5, 93, 98
537012.5.peg.4335.site.17, 2, 88, 90
537012.5.peg.4335.site.18, 40, 89, 129
537012.5.peg.4335.site.19, 3, 92, 95
537012.5.peg.4335.site.20, 3, 88, 91
537012.5.peg.4335.site.21, 1, 91, 92
537012.5.peg.4335.site.22, 1, 93, 94
537012.5.peg.4335.site.23, 0, 102, 102
537012.5.peg.4335.site.24, 3, 99, 102
537012.5.peg.4335.site.25, 18, 114, 132
537012.5.peg.4335.site.26, 1, 115, 116
537012.5.peg.4335.site.27, 1, 114, 115
537012.5.peg.4335.site.28, 2, 107, 109
537012.5.peg.4335.site.29, 1, 106, 107
537012.5.peg.4335.site.30, 5, 85, 90
537012.5.peg.4335.site.31, 1, 83, 84
537012.5.peg.4335.site.32, 5, 82, 87
537012.5.peg.4335.site.33, 41, 80, 121
537012.5.peg.4335.site.34, 8, 82, 90
537012.5.peg.4335.site.35, 0, 78, 78
537012.5.peg.4335.site.36, 2, 76, 78
537012.5.peg.4335.site.37, 12, 78, 90
537012.5.peg.4335.site.38, 5, 80, 85
537012.5.peg.4335.site.39, 70, 79, 149
537012.5.peg.4335.site.40, 1, 78, 79
537012.5.peg.4335.site.41, 1, 79, 80
537012.5.peg.4335.site.42, 2, 79, 81
537012.5.peg.4335.site.43, 5, 79, 84
537012.5.peg.4335.site.44, 23, 78, 101
537012.5.peg.4335.site.45, 35, 81, 116
537012.5.peg.4335.site.46, 5, 80, 85
537012.5.peg.4335.site.47, 12, 79, 91
537012.5.peg.4335.site.48, 1, 79, 80
537012.5.peg.4335.site.49, 2, 80, 82
537012.5.peg.4335.site.50, 25, 80, 105
537012.5.peg.4335.site.51, 14, 79, 93
537012.5.peg.4335.site.52, 15, 80, 95
537012.5.peg.4335.site.53, 0, 83, 83
537012.5.peg.4335.site.54, 1, 81, 82
537012.5.peg.4335.site.55, 73, 81, 154
537012.5.peg.4335.site.56, 2, 77, 79
537012.5.peg.4335.site.57, 9, 76, 85
537012.5.peg.4335.site.58, 72, 78, 150
537012.5.peg.4335.site.59, 72, 78, 150
537012.5.peg.4335.site.60, 73, 79, 152
537012.5.peg.4335.site.61, 27, 78, 105
537012.5.peg.4335.site.62, 8, 76, 84
537012.5.peg.4335.site.63, 9, 79, 88
537012.5.peg.4335.site.64, 67, 79, 146
537012.5.peg.4335.site.65, 1, 81, 82
537012.5.peg.4335.site.66, 1, 84, 85
537012.5.peg.4335.site.67, 32, 84, 116
537012.5.peg.4335.site.68, 4, 85, 89
537012.5.peg.4335.site.69, 8, 84, 92
537012.5.peg.4335.site.70, 0, 80, 80
537012.5.peg.4335.site.71, 0, 79, 79
537012.5.peg.4335.site.72, 16, 76, 92
537012.5.peg.4335.site.73, 1, 84, 85
537012.5.peg.4335.site.74, 16, 86, 102
537012.5.peg.4335.site.75, 3, 87, 90
537012.5.peg.4335.site.76, 0, 87, 87
537012.5.peg.4335.site.77, 1, 82, 83
537012.5.peg.4335.site.78, 1, 84, 85
537012.5.peg.4335.site.79, 5, 82, 87
537012.5.peg.4335.site.80, 40, 80, 120
537012.5.peg.4335.site.81, 2, 83, 85
537012.5.peg.4335.site.82, 3, 82, 85
537012.5.peg.4335.site.83, 3, 81, 84
537012.5.peg.4335.site.84, 3, 79, 82
537012.5.peg.4335.site.85, 3, 77, 80
537012.5.peg.4335.site.86, 2, 76, 78
537012.5.peg.4335.site.87, 1, 78, 79
537012.5.peg.4335.site.88, 1, 77, 78
537012.5.peg.4335.site.89, 3, 78, 81
537012.5.peg.4335.site.90, 19, 78, 97
537012.5.peg.4335.site.91, 2, 78, 80
537012.5.peg.4335.site.92, 3, 77, 80
537012.5.peg.3137.site.1, 16, 130, 146
537012.5.peg.3137.site.2, 10, 128, 138
537012.5.peg.3137.site.3, 10, 128, 138
537012.5.peg.3137.site.4, 5, 129, 134
537012.5.peg.3137.site.5, 18, 130, 148
537012.5.peg.3137.site.6, 10, 127, 137
537012.5.peg.3137.site.7, 5, 128, 133
537012.5.peg.3137.site.8, 8, 126, 134
537012.5.peg.3137.site.9, 1, 130, 131
537012.5.peg.3137.site.10, 19, 129, 148
537012.5.peg.3137.site.11, 1, 128, 129
537012.5.peg.3137.site.12, 18, 129, 147
537012.5.peg.3137.site.13, 6, 131, 137
537012.5.peg.3137.site.14, 20, 131, 151
537012.5.peg.3137.site.15, 7, 131, 138
537012.5.peg.3137.site.16, 1, 131, 132
537012.5.peg.3137.site.17, 13, 130, 143
537012.5.peg.3137.site.18, 13, 130, 143
537012.5.peg.3137.site.19, 0, 130, 130
537012.5.peg.3137.site.20, 10, 127, 137
537012.5.peg.3137.site.21, 54, 130, 184
537012.5.peg.3137.site.22, 3, 130, 133
537012.5.peg.3137.site.23, 19, 129, 148
537012.5.peg.3137.site.24, 13, 131, 144
537012.5.peg.3137.site.25, 1, 131, 132
537012.5.peg.3137.site.26, 6, 131, 137
537012.5.peg.3137.site.27, 1, 131, 132
537012.5.peg.3137.site.28, 14, 126, 140
537012.5.peg.3137.site.29, 4, 128, 132
537012.5.peg.3137.site.30, 17, 122, 139
537012.5.peg.3137.site.31, 1, 131, 132
537012.5.peg.3137.site.32, 1, 132, 133
537012.5.peg.3137.site.33, 1, 132, 133
537012.5.peg.3137.site.34, 5, 134, 139
537012.5.peg.3137.site.35, 23, 131, 154
537012.5.peg.3137.site.36, 6, 134, 140
537012.5.peg.3137.site.37, 49, 117, 166
537012.5.peg.3137.site.38, 42, 128, 170
537012.5.peg.3137.site.39, 5, 132, 137
537012.5.peg.3137.site.40, 1, 134, 135
537012.5.peg.3137.site.41, 7, 134, 141
537012.5.peg.3137.site.42, 1, 134, 135
537012.5.peg.3137.site.43, 12, 132, 144
537012.5.peg.3137.site.44, 2, 124, 126
537012.5.peg.3137.site.45, 52, 124, 176
537012.5.peg.3137.site.46, 20, 127, 147
537012.5.peg.3137.site.47, 4, 126, 130
537012.5.peg.3137.site.48, 11, 125, 136
537012.5.peg.3137.site.49, 4, 127, 131
537012.5.peg.3137.site.50, 15, 127, 142
537012.5.peg.3137.site.51, 21, 127, 148
537012.5.peg.3137.site.52, 1, 129, 130
537012.5.peg.3137.site.53, 13, 132, 145
537012.5.peg.3137.site.54, 18, 130, 148
537012.5.peg.3137.site.55, 3, 133, 136
537012.5.peg.3137.site.56, 2, 133, 135
537012.5.peg.3137.site.57, 1, 133, 134
537012.5.peg.3137.site.58, 1, 133, 134
537012.5.peg.3137.site.59, 1, 133, 134
537012.5.peg.3137.site.60, 1, 133, 134
537012.5.peg.3137.site.61, 6, 133, 139
537012.5.peg.3137.site.62, 0, 127, 127
537012.5.peg.3137.site.63, 1, 126, 127
537012.5.peg.3137.site.64, 11, 125, 136
537012.5.peg.3137.site.65, 11, 125, 136
537012.5.peg.3137.site.66, 3, 129, 132
537012.5.peg.3137.site.67, 12, 132, 144
537012.5.peg.3137.site.68, 19, 132, 151
537012.5.peg.3137.site.69, 19, 132, 151
537012.5.peg.3137.site.70, 7, 134, 141
537012.5.peg.3137.site.71, 14, 127, 141
537012.5.peg.3137.site.72, 1, 129, 130
537012.5.peg.3137.site.73, 2, 129, 131
537012.5.peg.3137.site.74, 2, 129, 131
537012.5.peg.3137.site.75, 3, 132, 135
537012.5.peg.3137.site.76, 4, 132, 136
537012.5.peg.3137.site.77, 12, 132, 144
537012.5.peg.3137.site.78, 7, 133, 140
537012.5.peg.3137.site.79, 3, 133, 136
537012.5.peg.3137.site.80, 115, 132, 247
537012.5.peg.3137.site.81, 2, 132, 134
537012.5.peg.3137.site.82, 110, 132, 242
537012.5.peg.3137.site.83, 8, 130, 138
537012.5.peg.3137.site.84, 2, 132, 134
537012.5.peg.3137.site.85, 7, 133, 140
537012.5.peg.3137.site.86, 0, 134, 134
537012.5.peg.3424.site.1, 1, 133, 134
537012.5.peg.3424.site.2, 3, 131, 134
537012.5.peg.3424.site.3, 11, 132, 143
537012.5.peg.3424.site.4, 11, 132, 143
537012.5.peg.3424.site.5, 5, 133, 138
537012.5.peg.3424.site.6, 12, 133, 145
537012.5.peg.3424.site.7, 1, 133, 134
537012.5.peg.3424.site.8, 7, 134, 141
537012.5.peg.3424.site.9, 43, 133, 176
537012.5.peg.3424.site.10, 1, 134, 135
537012.5.peg.3424.site.11, 5, 132, 137
537012.5.peg.3424.site.12, 1, 134, 135
537012.5.peg.3424.site.13, 4, 132, 136
537012.5.peg.3424.site.14, 35, 132, 167
537012.5.peg.3424.site.15, 11, 132, 143
537012.5.peg.3424.site.16, 2, 133, 135
537012.5.peg.3424.site.17, 9, 131, 140
537012.5.peg.3424.site.18, 3, 131, 134
537012.5.peg.3424.site.19, 4, 131, 135
537012.5.peg.3424.site.20, 1, 133, 134
537012.5.peg.3424.site.21, 24, 133, 157
537012.5.peg.3424.site.22, 7, 134, 141
537012.5.peg.3424.site.23, 7, 132, 139
537012.5.peg.3424.site.24, 0, 133, 133
537012.5.peg.3424.site.25, 6, 134, 140
537012.5.peg.3423.site.1, 11, 132, 143
537012.5.peg.3423.site.2, 7, 129, 136
537012.5.peg.3423.site.3, 17, 131, 148
537012.5.peg.3423.site.4, 2, 129, 131
537012.5.peg.3423.site.5, 1, 130, 131
537012.5.peg.3423.site.6, 6, 132, 138
537012.5.peg.3423.site.7, 19, 132, 151
537012.5.peg.3423.site.8, 1, 132, 133
537012.5.peg.3423.site.9, 9, 130, 139
537012.5.peg.3423.site.10, 1, 133, 134
537012.5.peg.3423.site.11, 0, 133, 133
537012.5.peg.3423.site.12, 60, 133, 193
537012.5.peg.3423.site.13, 94, 130, 224
537012.5.peg.3423.site.14, 2, 131, 133
537012.5.peg.3423.site.15, 7, 130, 137
537012.5.peg.3423.site.16, 9, 130, 139
537012.5.peg.3423.site.17, 1, 133, 134
537012.5.peg.3423.site.18, 12, 133, 145
537012.5.peg.3423.site.19, 1, 134, 135
537012.5.peg.3423.site.20, 7, 132, 139
537012.5.peg.3423.site.21, 2, 133, 135
537012.5.peg.3423.site.22, 6, 133, 139
537012.5.peg.1810.site.1, 3, 134, 137
537012.5.peg.1810.site.2, 6, 133, 139
537012.5.peg.1810.site.3, 6, 134, 140
537012.5.peg.1810.site.4, 3, 134, 137
537012.5.peg.1810.site.5, 5, 132, 137
537012.5.peg.1810.site.6, 3, 134, 137
537012.5.peg.1810.site.7, 3, 134, 137
537012.5.peg.1810.site.8, 3, 134, 137
537012.5.peg.1810.site.9, 110, 133, 243
537012.5.peg.1810.site.10, 8, 134, 142
537012.5.peg.1810.site.11, 3, 134, 137
537012.5.peg.1810.site.12, 3, 134, 137
537012.5.peg.1810.site.13, 10, 134, 144
537012.5.peg.1810.site.14, 8, 132, 140
537012.5.peg.1810.site.15, 16, 133, 149
537012.5.peg.1810.site.16, 1, 134, 135
537012.5.peg.1810.site.17, 8, 134, 142
537012.5.peg.1810.site.18, 5, 134, 139
537012.5.peg.1810.site.19, 14, 134, 148
537012.5.peg.1810.site.20, 5, 133, 138
537012.5.peg.1810.site.21, 1, 134, 135
537012.5.peg.1810.site.22, 14, 134, 148
537012.5.peg.1810.site.23, 1, 134, 135
537012.5.peg.1810.site.24, 1, 134, 135
537012.5.peg.1810.site.25, 4, 134, 138
537012.5.peg.1810.site.26, 5, 134, 139
537012.5.peg.1810.site.27, 2, 134, 136
537012.5.peg.1810.site.28, 2, 134, 136
537012.5.peg.1810.site.29, 8, 134, 142
537012.5.peg.1810.site.30, 5, 134, 139
537012.5.peg.1810.site.31, 1, 134, 135
537012.5.peg.1810.site.32, 7, 134, 141
537012.5.peg.1810.site.33, 2, 134, 136
537012.5.peg.1810.site.34, 2, 134, 136
537012.5.peg.1810.site.35, 67, 133, 200
537012.5.peg.1810.site.36, 4, 134, 138
537012.5.peg.1810.site.37, 1, 134, 135
537012.5.peg.1810.site.38, 3, 134, 137
537012.5.peg.1810.site.39, 24, 133, 157
537012.5.peg.1810.site.40, 8, 134, 142
537012.5.peg.1810.site.41, 111, 134, 245
537012.5.peg.1810.site.42, 11, 131, 142
537012.5.peg.1810.site.43, 112, 133, 245
537012.5.peg.1810.site.44, 52, 134, 186
537012.5.peg.1810.site.45, 1, 133, 134
537012.5.peg.1810.site.46, 1, 134, 135
537012.5.peg.1810.site.47, 10, 134, 144
537012.5.peg.1810.site.48, 2, 134, 136
537012.5.peg.1810.site.49, 6, 134, 140
537012.5.peg.1810.site.50, 5, 134, 139
537012.5.peg.1810.site.51, 2, 134, 136
537012.5.peg.1810.site.52, 2, 134, 136
537012.5.peg.1810.site.53, 10, 134, 144
537012.5.peg.1810.site.54, 5, 133, 138
537012.5.peg.1810.site.55, 22, 133, 155
537012.5.peg.1810.site.56, 5, 134, 139
537012.5.peg.1810.site.57, 6, 132, 138
537012.5.peg.1810.site.58, 2, 133, 135
537012.5.peg.1810.site.59, 2, 133, 135
537012.5.peg.1810.site.60, 7, 134, 141
537012.5.peg.1810.site.61, 25, 132, 157
537012.5.peg.1810.site.62, 5, 133, 138
537012.5.peg.1810.site.63, 5, 134, 139
537012.5.peg.1811.site.1, 8, 134, 142
537012.5.peg.1811.site.2, 8, 134, 142
537012.5.peg.1811.site.3, 7, 134, 141
537012.5.peg.1811.site.4, 6, 133, 139
537012.5.peg.1811.site.5, 2, 134, 136
537012.5.peg.1811.site.6, 1, 134, 135
537012.5.peg.1811.site.7, 1, 134, 135
537012.5.peg.1811.site.8, 7, 134, 141
537012.5.peg.1811.site.9, 7, 134, 141
537012.5.peg.1811.site.10, 35, 133, 168
537012.5.peg.1811.site.11, 116, 133, 249
537012.5.peg.1811.site.12, 21, 132, 153
537012.5.peg.1811.site.13, 75, 132, 207
537012.5.peg.1811.site.14, 1, 134, 135
537012.5.peg.1811.site.15, 9, 133, 142
537012.5.peg.1811.site.16, 5, 134, 139
537012.5.peg.1811.site.17, 5, 133, 138
537012.5.peg.1811.site.18, 6, 131, 137
537012.5.peg.1811.site.19, 10, 129, 139
537012.5.peg.1811.site.20, 4, 131, 135
537012.5.peg.1811.site.21, 76, 123, 199
537012.5.peg.1811.site.22, 6, 132, 138
537012.5.peg.1811.site.23, 8, 134, 142
537012.5.peg.1811.site.24, 8, 134, 142
537012.5.peg.1811.site.25, 3, 134, 137
537012.5.peg.1811.site.26, 15, 134, 149
537012.5.peg.1811.site.27, 8, 134, 142
537012.5.peg.1811.site.28, 5, 132, 137
537012.5.peg.1811.site.29, 1, 134, 135
537012.5.peg.1811.site.30, 7, 134, 141
537012.5.peg.1811.site.31, 37, 134, 171
537012.5.peg.1811.site.32, 30, 134, 164
537012.5.peg.1811.site.33, 7, 133, 140
537012.5.peg.1811.site.34, 7, 133, 140
537012.5.peg.1811.site.35, 1, 133, 134
537012.5.peg.1811.site.36, 78, 132, 210
537012.5.peg.1811.site.37, 4, 134, 138
537012.5.peg.1811.site.38, 2, 133, 135
537012.5.peg.1812.site.1, 0, 130, 130
537012.5.peg.1812.site.2, 13, 127, 140
537012.5.peg.1812.site.3, 1, 130, 131
537012.5.peg.1812.site.4, 13, 132, 145
537012.5.peg.1812.site.5, 3, 133, 136
537012.5.peg.1812.site.6, 0, 132, 132
537012.5.peg.1812.site.7, 1, 134, 135
537012.5.peg.1812.site.8, 12, 134, 146
537012.5.peg.1812.site.9, 19, 132, 151
537012.5.peg.1812.site.10, 7, 134, 141
537012.5.peg.1812.site.11, 2, 133, 135
537012.5.peg.1812.site.12, 8, 134, 142
537012.5.peg.1812.site.13, 8, 134, 142
537012.5.peg.1812.site.14, 15, 133, 148
537012.5.peg.1812.site.15, 8, 134, 142
537012.5.peg.1812.site.16, 1, 133, 134
537012.5.peg.1812.site.17, 15, 132, 147
537012.5.peg.1812.site.18, 96, 133, 229
537012.5.peg.1812.site.19, 57, 129, 186
537012.5.peg.1812.site.20, 3, 128, 131
537012.5.peg.1812.site.21, 8, 130, 138
537012.5.peg.1812.site.22, 8, 128, 136
537012.5.peg.1812.site.23, 2, 128, 130
537012.5.peg.1812.site.24, 1, 133, 134
537012.5.peg.1812.site.25, 46, 132, 178
537012.5.peg.1812.site.26, 13, 134, 147
537012.5.peg.1812.site.27, 5, 134, 139
537012.5.peg.1812.site.28, 21, 133, 154
537012.5.peg.1812.site.29, 2, 134, 136
537012.5.peg.1812.site.30, 8, 131, 139
537012.5.peg.1812.site.31, 117, 132, 249
537012.5.peg.1812.site.32, 6, 133, 139
537012.5.peg.1812.site.33, 9, 130, 139
537012.5.peg.1812.site.34, 4, 130, 134
537012.5.peg.1812.site.35, 11, 131, 142
537012.5.peg.1812.site.36, 5, 134, 139
537012.5.peg.1812.site.37, 5, 134, 139
537012.5.peg.3422.site.1, 1, 62, 63
537012.5.peg.3422.site.2, 5, 124, 129
537012.5.peg.3422.site.3, 30, 126, 156
537012.5.peg.3422.site.4, 4, 125, 129
537012.5.peg.3422.site.5, 8, 128, 136
537012.5.peg.3422.site.6, 61, 131, 192
537012.5.peg.3422.site.7, 2, 134, 136
537012.5.peg.3422.site.8, 2, 134, 136
537012.5.peg.3422.site.9, 16, 131, 147
537012.5.peg.3422.site.10, 49, 131, 180
537012.5.peg.3422.site.11, 11, 132, 143
537012.5.peg.3422.site.12, 3, 133, 136
537012.5.peg.3422.site.13, 2, 133, 135
537012.5.peg.3422.site.14, 11, 132, 143
537012.5.peg.3422.site.15, 6, 134, 140
537012.5.peg.3422.site.16, 80, 134, 214
537012.5.peg.3422.site.17, 26, 132, 158
537012.5.peg.3422.site.18, 7, 123, 130
537012.5.peg.3422.site.19, 113, 120, 233
537012.5.peg.3422.site.20, 18, 113, 131
537012.5.peg.3422.site.21, 25, 113, 138
537012.5.peg.3422.site.22, 35, 114, 149
537012.5.peg.3422.site.23, 24, 127, 151
537012.5.peg.3422.site.24, 49, 131, 180
537012.5.peg.3422.site.25, 9, 132, 141
537012.5.peg.3422.site.26, 4, 131, 135
537012.5.peg.3422.site.27, 2, 133, 135
537012.5.peg.3422.site.28, 3, 132, 135
537012.5.peg.3422.site.29, 1, 134, 135
537012.5.peg.3422.site.30, 11, 131, 142
537012.5.peg.3422.site.31, 10, 131, 141
537012.5.peg.3422.site.32, 4, 132, 136
537012.5.peg.3422.site.33, 4, 132, 136
537012.5.peg.3422.site.34, 1, 129, 130
537012.5.peg.3422.site.35, 1, 129, 130
537012.5.peg.3422.site.36, 1, 130, 131
537012.5.peg.3422.site.37, 2, 130, 132
537012.5.peg.3422.site.38, 2, 130, 132
537012.5.peg.3422.site.39, 1, 133, 134
537012.5.peg.3422.site.40, 2, 133, 135
537012.5.peg.95.site.1, 9, 119, 128
537012.5.peg.95.site.2, 76, 124, 200
537012.5.peg.95.site.3, 2, 129, 131
537012.5.peg.95.site.4, 3, 126, 129
537012.5.peg.95.site.5, 4, 129, 133
537012.5.peg.95.site.6, 1, 130, 131
537012.5.peg.95.site.7, 1, 122, 123
537012.5.peg.95.site.8, 0, 128, 128
537012.5.peg.95.site.9, 7, 119, 126
537012.5.peg.95.site.10, 11, 126, 137
537012.5.peg.95.site.11, 0, 129, 129
537012.5.peg.95.site.12, 9, 126, 135
537012.5.peg.95.site.13, 3, 130, 133
537012.5.peg.95.site.14, 2, 126, 128
537012.5.peg.95.site.15, 6, 131, 137
537012.5.peg.95.site.16, 3, 132, 135
537012.5.peg.95.site.17, 6, 134, 140
537012.5.peg.95.site.18, 1, 134, 135
537012.5.peg.95.site.19, 3, 134, 137
537012.5.peg.95.site.20, 1, 133, 134
537012.5.peg.95.site.21, 33, 134, 167
537012.5.peg.95.site.22, 6, 134, 140
537012.5.peg.95.site.23, 5, 133, 138
537012.5.peg.95.site.24, 8, 133, 141
537012.5.peg.95.site.25, 0, 133, 133
537012.5.peg.95.site.26, 0, 133, 133
537012.5.peg.95.site.27, 1, 133, 134
537012.5.peg.95.site.28, 4, 132, 136
537012.5.peg.95.site.29, 4, 132, 136
537012.5.peg.95.site.30, 0, 134, 134
537012.5.peg.95.site.31, 0, 134, 134
537012.5.peg.95.site.32, 5, 133, 138
537012.5.peg.95.site.33, 19, 133, 152
537012.5.peg.95.site.34, 0, 132, 132
537012.5.peg.95.site.35, 3, 130, 133
537012.5.peg.95.site.36, 63, 131, 194
537012.5.peg.95.site.37, 36, 126, 162
537012.5.peg.95.site.38, 32, 122, 154
537012.5.peg.95.site.39, 6, 108, 114
537012.5.peg.95.site.40, 102, 106, 208
537012.5.peg.95.site.41, 7, 103, 110
537012.5.peg.95.site.42, 0, 101, 101
537012.5.peg.95.site.43, 1, 99, 100
537012.5.peg.95.site.44, 8, 101, 109
537012.5.peg.95.site.45, 2, 106, 108
537012.5.peg.95.site.46, 19, 103, 122
537012.5.peg.95.site.47, 0, 106, 106
537012.5.peg.95.site.48, 2, 101, 103
537012.5.peg.95.site.49, 1, 104, 105
537012.5.peg.95.site.50, 0, 103, 103
537012.5.peg.95.site.51, 3, 108, 111
537012.5.peg.95.site.52, 2, 116, 118
537012.5.peg.95.site.53, 6, 119, 125
537012.5.peg.95.site.54, 45, 115, 160
537012.5.peg.95.site.55, 6, 129, 135
537012.5.peg.95.site.56, 2, 132, 134
537012.5.peg.95.site.57, 1, 133, 134
537012.5.peg.95.site.58, 0, 134, 134
537012.5.peg.95.site.59, 6, 134, 140
537012.5.peg.95.site.60, 4, 132, 136
537012.5.peg.95.site.61, 4, 132, 136
537012.5.peg.95.site.62, 11, 132, 143
537012.5.peg.95.site.63, 4, 132, 136
537012.5.peg.95.site.64, 7, 134, 141
537012.5.peg.95.site.65, 10, 130, 140
537012.5.peg.95.site.66, 0, 132, 132
537012.5.peg.94.site.1, 0, 121, 121
537012.5.peg.94.site.2, 0, 125, 125
537012.5.peg.94.site.3, 5, 131, 136
537012.5.peg.94.site.4, 0, 130, 130
537012.5.peg.94.site.5, 1, 134, 135
537012.5.peg.94.site.6, 0, 133, 133
537012.5.peg.94.site.7, 1, 132, 133
537012.5.peg.94.site.8, 3, 132, 135
537012.5.peg.94.site.9, 1, 131, 132
537012.5.peg.94.site.10, 6, 130, 136
537012.5.peg.94.site.11, 3, 101, 104
537012.5.peg.94.site.12, 1, 82, 83
537012.5.peg.94.site.13, 1, 107, 108
537012.5.peg.94.site.14, 22, 113, 135
537012.5.peg.94.site.15, 1, 120, 121
537012.5.peg.94.site.16, 10, 131, 141
537012.5.peg.94.site.17, 4, 131, 135
537012.5.peg.94.site.18, 1, 128, 129
537012.5.peg.94.site.19, 2, 129, 131
537012.5.peg.94.site.20, 14, 132, 146
537012.5.peg.94.site.21, 4, 131, 135
537012.5.peg.94.site.22, 2, 129, 131
537012.5.peg.94.site.23, 5, 132, 137
537012.5.peg.94.site.24, 9, 132, 141
537012.5.peg.94.site.25, 11, 131, 142
537012.5.peg.94.site.26, 5, 132, 137
537012.5.peg.94.site.27, 5, 132, 137
537012.5.peg.94.site.28, 4, 123, 127
537012.5.peg.94.site.29, 4, 120, 124
537012.5.peg.94.site.30, 35, 116, 151
537012.5.peg.94.site.31, 2, 118, 120
537012.5.peg.94.site.32, 0, 105, 105
537012.5.peg.94.site.33, 2, 125, 127
537012.5.peg.94.site.34, 3, 130, 133
537012.5.peg.94.site.35, 8, 128, 136
537012.5.peg.94.site.36, 1, 131, 132
537012.5.peg.94.site.37, 5, 130, 135
537012.5.peg.94.site.38, 0, 126, 126
537012.5.peg.94.site.39, 3, 124, 127
537012.5.peg.97.site.1, 1, 127, 128
537012.5.peg.97.site.2, 1, 132, 133
537012.5.peg.97.site.3, 3, 131, 134
537012.5.peg.97.site.4, 2, 130, 132
537012.5.peg.97.site.5, 0, 130, 130
537012.5.peg.97.site.6, 18, 128, 146
537012.5.peg.97.site.7, 0, 127, 127
537012.5.peg.97.site.8, 6, 129, 135
537012.5.peg.97.site.9, 3, 129, 132
537012.5.peg.97.site.10, 4, 131, 135
537012.5.peg.97.site.11, 2, 130, 132
537012.5.peg.97.site.12, 2, 130, 132
537012.5.peg.97.site.13, 8, 131, 139
537012.5.peg.97.site.14, 2, 132, 134
537012.5.peg.97.site.15, 3, 128, 131
537012.5.peg.97.site.16, 3, 127, 130
537012.5.peg.97.site.17, 58, 123, 181
537012.5.peg.97.site.18, 0, 125, 125
537012.5.peg.97.site.19, 6, 129, 135
537012.5.peg.97.site.20, 5, 130, 135
537012.5.peg.97.site.21, 7, 130, 137
537012.5.peg.97.site.22, 7, 129, 136
537012.5.peg.97.site.23, 3, 133, 136
537012.5.peg.97.site.24, 3, 133, 136
537012.5.peg.97.site.25, 11, 134, 145
537012.5.peg.97.site.26, 4, 132, 136
537012.5.peg.97.site.27, 92, 134, 226
537012.5.peg.97.site.28, 10, 134, 144
537012.5.peg.97.site.29, 0, 134, 134
537012.5.peg.97.site.30, 17, 132, 149
537012.5.peg.97.site.31, 4, 132, 136
537012.5.peg.97.site.32, 7, 134, 141
537012.5.peg.97.site.33, 0, 127, 127
537012.5.peg.97.site.34, 0, 122, 122
537012.5.peg.97.site.35, 2, 124, 126
537012.5.peg.97.site.36, 5, 127, 132
537012.5.peg.97.site.37, 5, 127, 132
537012.5.peg.97.site.38, 3, 129, 132
537012.5.peg.97.site.39, 2, 131, 133
537012.5.peg.97.site.40, 3, 132, 135
537012.5.peg.97.site.41, 6, 129, 135
537012.5.peg.97.site.42, 0, 129, 129
537012.5.peg.97.site.43, 2, 132, 134
537012.5.peg.97.site.44, 1, 130, 131
537012.5.peg.96.site.1, 7, 133, 140
537012.5.peg.96.site.2, 11, 131, 142
537012.5.peg.96.site.3, 2, 131, 133
537012.5.peg.96.site.4, 8, 132, 140
537012.5.peg.96.site.5, 9, 131, 140
537012.5.peg.96.site.6, 7, 130, 137
537012.5.peg.96.site.7, 0, 129, 129
537012.5.peg.96.site.8, 0, 129, 129
537012.5.peg.96.site.9, 6, 130, 136
537012.5.peg.96.site.10, 2, 131, 133
537012.5.peg.96.site.11, 7, 130, 137
537012.5.peg.96.site.12, 1, 130, 131
537012.5.peg.96.site.13, 0, 128, 128
537012.5.peg.96.site.14, 4, 127, 131
537012.5.peg.96.site.15, 6, 131, 137
537012.5.peg.96.site.16, 6, 131, 137
537012.5.peg.96.site.17, 1, 132, 133
537012.5.peg.96.site.18, 7, 132, 139
537012.5.peg.96.site.19, 3, 131, 134
537012.5.peg.96.site.20, 6, 130, 136
537012.5.peg.96.site.21, 5, 130, 135
537012.5.peg.96.site.22, 6, 131, 137
537012.5.peg.96.site.23, 7, 131, 138
537012.5.peg.96.site.24, 2, 130, 132
537012.5.peg.96.site.25, 12, 131, 143
537012.5.peg.96.site.26, 129, 131, 260
537012.5.peg.96.site.27, 3, 131, 134
537012.5.peg.96.site.28, 1, 132, 133
537012.5.peg.96.site.29, 3, 127, 130
537012.5.peg.96.site.30, 6, 127, 133
537012.5.peg.96.site.31, 1, 126, 127
537012.5.peg.96.site.32, 1, 127, 128
537012.5.peg.96.site.33, 1, 134, 135
537012.5.peg.96.site.34, 6, 134, 140
537012.5.peg.96.site.35, 1, 134, 135
537012.5.peg.96.site.36, 6, 134, 140
537012.5.peg.96.site.37, 3, 134, 137
537012.5.peg.96.site.38, 64, 133, 197
537012.5.peg.96.site.39, 0, 133, 133
537012.5.peg.96.site.40, 6, 134, 140
537012.5.peg.96.site.41, 3, 133, 136
537012.5.peg.96.site.42, 1, 131, 132
537012.5.peg.96.site.43, 1, 131, 132
537012.5.peg.96.site.44, 3, 129, 132
537012.5.peg.96.site.45, 2, 129, 131
537012.5.peg.96.site.46, 2, 132, 134
537012.5.peg.96.site.47, 10, 132, 142
537012.5.peg.96.site.48, 2, 132, 134
537012.5.peg.96.site.49, 0, 131, 131
537012.5.peg.96.site.50, 10, 131, 141
537012.5.peg.96.site.51, 10, 131, 141
537012.5.peg.96.site.52, 1, 133, 134
537012.5.peg.96.site.53, 2, 130, 132
537012.5.peg.96.site.54, 37, 130, 167
537012.5.peg.96.site.55, 5, 130, 135
537012.5.peg.96.site.56, 6, 128, 134
537012.5.peg.96.site.57, 1, 128, 129
537012.5.peg.96.site.58, 1, 128, 129
537012.5.peg.96.site.59, 5, 128, 133
537012.5.peg.96.site.60, 1, 126, 127
537012.5.peg.96.site.61, 4, 124, 128
537012.5.peg.96.site.62, 0, 123, 123
537012.5.peg.96.site.63, 1, 128, 129
537012.5.peg.96.site.64, 2, 127, 129
537012.5.peg.96.site.65, 31, 129, 160
537012.5.peg.96.site.66, 8, 128, 136
537012.5.peg.96.site.67, 1, 133, 134
537012.5.peg.96.site.68, 32, 134, 166
537012.5.peg.96.site.69, 4, 134, 138
537012.5.peg.96.site.70, 13, 134, 147
537012.5.peg.96.site.71, 32, 134, 166
537012.5.peg.96.site.72, 10, 132, 142
537012.5.peg.96.site.73, 3, 134, 137
537012.5.peg.96.site.74, 1, 134, 135
537012.5.peg.96.site.75, 9, 134, 143
537012.5.peg.96.site.76, 1, 133, 134
537012.5.peg.96.site.77, 7, 128, 135
537012.5.peg.96.site.78, 31, 128, 159
537012.5.peg.96.site.79, 3, 127, 130
537012.5.peg.96.site.80, 5, 126, 131
537012.5.peg.96.site.81, 4, 126, 130
537012.5.peg.96.site.82, 2, 128, 130
537012.5.peg.96.site.83, 47, 126, 173
537012.5.peg.96.site.84, 3, 131, 134
537012.5.peg.96.site.85, 2, 133, 135
537012.5.peg.96.site.86, 4, 128, 132
537012.5.peg.96.site.87, 0, 128, 128
537012.5.peg.96.site.88, 1, 124, 125
537012.5.peg.96.site.89, 7, 126, 133
537012.5.peg.96.site.90, 6, 129, 135
537012.5.peg.96.site.91, 1, 124, 125
537012.5.peg.96.site.92, 8, 124, 132
537012.5.peg.91.site.1, 4, 130, 134
537012.5.peg.91.site.2, 4, 131, 135
537012.5.peg.91.site.3, 0, 131, 131
537012.5.peg.91.site.4, 3, 127, 130
537012.5.peg.91.site.5, 64, 126, 190
537012.5.peg.91.site.6, 1, 46, 47
537012.5.peg.93.site.1, 5, 132, 137
537012.5.peg.93.site.2, 2, 131, 133
537012.5.peg.93.site.3, 2, 123, 125
537012.5.peg.93.site.4, 0, 115, 115
537012.5.peg.93.site.5, 25, 111, 136
537012.5.peg.93.site.6, 2, 110, 112
537012.5.peg.93.site.7, 0, 107, 107
537012.5.peg.93.site.8, 6, 106, 112
537012.5.peg.93.site.9, 0, 113, 113
537012.5.peg.93.site.10, 5, 110, 115
537012.5.peg.93.site.11, 2, 110, 112
537012.5.peg.93.site.12, 0, 113, 113
537012.5.peg.93.site.13, 0, 117, 117
537012.5.peg.93.site.14, 32, 111, 143
537012.5.peg.93.site.15, 2, 106, 108
537012.5.peg.93.site.16, 2, 120, 122
537012.5.peg.93.site.17, 20, 125, 145
537012.5.peg.93.site.18, 3, 126, 129
537012.5.peg.93.site.19, 4, 132, 136
537012.5.peg.93.site.20, 1, 134, 135
537012.5.peg.93.site.21, 2, 132, 134
537012.5.peg.93.site.22, 31, 132, 163
537012.5.peg.92.site.1, 3, 9, 12
537012.5.peg.92.site.2, 33, 116, 149
537012.5.peg.92.site.3, 6, 133, 139
537012.5.peg.92.site.4, 6, 133, 139
537012.5.peg.92.site.5, 6, 133, 139
537012.5.peg.92.site.6, 0, 132, 132
537012.5.peg.92.site.7, 0, 132, 132
537012.5.peg.92.site.8, 6, 133, 139
537012.5.peg.92.site.9, 0, 132, 132
537012.5.peg.92.site.10, 12, 118, 130
537012.5.peg.92.site.11, 6, 112, 118
537012.5.peg.92.site.12, 6, 115, 121
537012.5.peg.92.site.13, 15, 118, 133
537012.5.peg.92.site.14, 0, 129, 129
537012.5.peg.92.site.15, 6, 131, 137
537012.5.peg.92.site.16, 0, 127, 127
537012.5.peg.92.site.17, 6, 130, 136
537012.5.peg.92.site.18, 1, 130, 131
537012.5.peg.92.site.19, 1, 130, 131
537012.5.peg.92.site.20, 17, 126, 143
537012.5.peg.92.site.21, 82, 124, 206
537012.5.peg.92.site.22, 20, 127, 147
537012.5.peg.92.site.23, 6, 129, 135
537012.5.peg.92.site.24, 0, 133, 133
537012.5.peg.92.site.25, 42, 130, 172
537012.5.peg.92.site.26, 1, 119, 120
537012.5.peg.92.site.27, 0, 115, 115
537012.5.peg.92.site.28, 0, 109, 109
537012.5.peg.92.site.29, 0, 125, 125
537012.5.peg.92.site.30, 0, 125, 125
537012.5.peg.92.site.31, 6, 125, 131
537012.5.peg.92.site.32, 1, 114, 115
537012.5.peg.92.site.33, 6, 119, 125
537012.5.peg.92.site.34, 2, 128, 130
537012.5.peg.92.site.35, 1, 130, 131
537012.5.peg.3420.site.1, 0, 93, 93
537012.5.peg.3420.site.2, 5, 93, 98
537012.5.peg.3420.site.3, 35, 96, 131
537012.5.peg.3420.site.4, 44, 109, 153
537012.5.peg.3420.site.5, 1, 118, 119
537012.5.peg.3420.site.6, 3, 129, 132
537012.5.peg.3420.site.7, 7, 133, 140
537012.5.peg.3420.site.8, 8, 133, 141
537012.5.peg.3420.site.9, 1, 134, 135
537012.5.peg.3420.site.10, 0, 132, 132
537012.5.peg.3420.site.11, 4, 131, 135
537012.5.peg.3420.site.12, 9, 130, 139
537012.5.peg.3420.site.13, 4, 130, 134
537012.5.peg.3420.site.14, 1, 131, 132
537012.5.peg.3420.site.15, 1, 134, 135
537012.5.peg.3420.site.16, 1, 134, 135
537012.5.peg.3420.site.17, 5, 132, 137
537012.5.peg.3420.site.18, 1, 134, 135
537012.5.peg.3420.site.19, 96, 130, 226
537012.5.peg.3420.site.20, 3, 131, 134
537012.5.peg.3420.site.21, 4, 131, 135
537012.5.peg.3420.site.22, 4, 131, 135
537012.5.peg.3420.site.23, 5, 134, 139
537012.5.peg.3420.site.24, 5, 132, 137
537012.5.peg.3420.site.25, 9, 133, 142
537012.5.peg.3420.site.26, 6, 133, 139
537012.5.peg.3420.site.27, 5, 132, 137
537012.5.peg.3420.site.28, 12, 132, 144
537012.5.peg.3420.site.29, 2, 131, 133
537012.5.peg.3420.site.30, 4, 131, 135
537012.5.peg.3420.site.31, 118, 132, 250
537012.5.peg.3420.site.32, 4, 131, 135
537012.5.peg.3420.site.33, 2, 130, 132
537012.5.peg.3420.site.34, 9, 131, 140
537012.5.peg.3420.site.35, 1, 134, 135
537012.5.peg.3420.site.36, 111, 133, 244
537012.5.peg.3420.site.37, 6, 134, 140
537012.5.peg.3420.site.38, 1, 133, 134
537012.5.peg.3420.site.39, 5, 133, 138
537012.5.peg.3420.site.40, 1, 134, 135
537012.5.peg.3420.site.41, 6, 133, 139
537012.5.peg.3043.site.1, 26, 134, 160
537012.5.peg.3043.site.2, 2, 134, 136
537012.5.peg.3043.site.3, 5, 133, 138
537012.5.peg.3043.site.4, 3, 134, 137
537012.5.peg.3043.site.5, 48, 134, 182
537012.5.peg.3043.site.6, 1, 134, 135
537012.5.peg.3043.site.7, 1, 134, 135
537012.5.peg.3043.site.8, 14, 132, 146
537012.5.peg.3043.site.9, 1, 134, 135
537012.5.peg.3043.site.10, 4, 132, 136
537012.5.peg.3043.site.11, 3, 134, 137
537012.5.peg.3043.site.12, 32, 133, 165
537012.5.peg.3043.site.13, 5, 133, 138
537012.5.peg.3043.site.14, 9, 132, 141
537012.5.peg.3043.site.15, 8, 127, 135
537012.5.peg.3043.site.16, 125, 130, 255
537012.5.peg.3043.site.17, 8, 129, 137
537012.5.peg.3043.site.18, 9, 130, 139
537012.5.peg.3043.site.19, 1, 133, 134
537012.5.peg.3043.site.20, 29, 132, 161
537012.5.peg.3043.site.21, 2, 131, 133
537012.5.peg.3043.site.22, 27, 130, 157
537012.5.peg.3043.site.23, 1, 133, 134
537012.5.peg.3043.site.24, 46, 131, 177
537012.5.peg.3043.site.25, 2, 133, 135
537012.5.peg.3043.site.26, 3, 134, 137
537012.5.peg.3043.site.27, 3, 133, 136
537012.5.peg.3043.site.28, 2, 134, 136
537012.5.peg.3043.site.29, 3, 134, 137
537012.5.peg.3043.site.30, 7, 134, 141
537012.5.peg.3043.site.31, 5, 134, 139
537012.5.peg.3043.site.32, 1, 134, 135
537012.5.peg.3043.site.33, 0, 134, 134
537012.5.peg.3043.site.34, 37, 133, 170
537012.5.peg.3043.site.35, 43, 131, 174
537012.5.peg.3043.site.36, 12, 132, 144
537012.5.peg.3043.site.37, 4, 133, 137
537012.5.peg.3043.site.38, 1, 134, 135
537012.5.peg.3043.site.39, 6, 133, 139
537012.5.peg.3043.site.40, 56, 134, 190
537012.5.peg.3043.site.41, 132, 134, 266
537012.5.peg.3043.site.42, 4, 134, 138
537012.5.peg.3043.site.43, 29, 133, 162
537012.5.peg.3043.site.44, 32, 133, 165
537012.5.peg.3043.site.45, 33, 133, 166
537012.5.peg.3043.site.46, 2, 134, 136
537012.5.peg.4029.site.1, 11, 132, 143
537012.5.peg.4029.site.2, 2, 132, 134
537012.5.peg.4029.site.3, 94, 133, 227
537012.5.peg.4029.site.4, 11, 132, 143
537012.5.peg.4029.site.5, 1, 132, 133
537012.5.peg.4029.site.6, 1, 133, 134
537012.5.peg.4029.site.7, 28, 134, 162
537012.5.peg.4029.site.8, 3, 132, 135
537012.5.peg.4029.site.9, 4, 134, 138
537012.5.peg.4029.site.10, 36, 130, 166
537012.5.peg.4029.site.11, 3, 131, 134
537012.5.peg.4029.site.12, 14, 134, 148
537012.5.peg.4029.site.13, 26, 131, 157
537012.5.peg.4029.site.14, 4, 132, 136
537012.5.peg.4029.site.15, 10, 134, 144
537012.5.peg.4029.site.16, 3, 133, 136
537012.5.peg.4029.site.17, 1, 134, 135
537012.5.peg.4029.site.18, 4, 131, 135
537012.5.peg.4029.site.19, 2, 134, 136
537012.5.peg.4029.site.20, 1, 131, 132
537012.5.peg.4029.site.21, 6, 133, 139
537012.5.peg.4029.site.22, 38, 130, 168
537012.5.peg.4029.site.23, 10, 133, 143
537012.5.peg.4029.site.24, 18, 132, 150
537012.5.peg.4029.site.25, 5, 134, 139
537012.5.peg.4029.site.26, 3, 134, 137
537012.5.peg.4029.site.27, 4, 132, 136
537012.5.peg.4029.site.28, 20, 132, 152
537012.5.peg.4029.site.29, 4, 132, 136
537012.5.peg.4029.site.30, 18, 132, 150
537012.5.peg.4029.site.31, 11, 134, 145
537012.5.peg.4029.site.32, 4, 132, 136
537012.5.peg.4029.site.33, 11, 134, 145
537012.5.peg.4029.site.34, 2, 133, 135
537012.5.peg.4029.site.35, 10, 134, 144
537012.5.peg.4029.site.36, 19, 133, 152
537012.5.peg.4029.site.37, 10, 134, 144
537012.5.peg.4029.site.38, 4, 134, 138
537012.5.peg.4029.site.39, 14, 133, 147
537012.5.peg.4029.site.40, 75, 132, 207
537012.5.peg.4029.site.41, 6, 134, 140
537012.5.peg.4029.site.42, 4, 131, 135
537012.5.peg.4029.site.43, 63, 132, 195
537012.5.peg.4029.site.44, 85, 130, 215
537012.5.peg.4029.site.45, 3, 130, 133
537012.5.peg.4029.site.46, 3, 128, 131
537012.5.peg.4029.site.47, 1, 127, 128
537012.5.peg.4029.site.48, 1, 130, 131
537012.5.peg.4029.site.49, 18, 131, 149
537012.5.peg.4029.site.50, 4, 131, 135
537012.5.peg.4029.site.51, 1, 133, 134
537012.5.peg.4029.site.52, 4, 132, 136
537012.5.peg.4029.site.53, 1, 134, 135
537012.5.peg.4029.site.54, 3, 131, 134
537012.5.peg.4029.site.55, 2, 134, 136
537012.5.peg.4029.site.56, 7, 133, 140
537012.5.peg.4029.site.57, 8, 134, 142
537012.5.peg.4029.site.58, 1, 133, 134
537012.5.peg.4029.site.59, 1, 134, 135
537012.5.peg.4029.site.60, 8, 133, 141
537012.5.peg.4029.site.61, 10, 134, 144
537012.5.peg.4029.site.62, 15, 133, 148
537012.5.peg.4029.site.63, 5, 132, 137
537012.5.peg.4029.site.64, 15, 133, 148
537012.5.peg.4029.site.65, 61, 134, 195
537012.5.peg.4029.site.66, 85, 134, 219
537012.5.peg.4029.site.67, 2, 134, 136
537012.5.peg.4029.site.68, 7, 133, 140
537012.5.peg.4029.site.69, 10, 134, 144
537012.5.peg.4029.site.70, 4, 132, 136
537012.5.peg.4029.site.71, 2, 133, 135
537012.5.peg.4029.site.72, 4, 132, 136
537012.5.peg.4029.site.73, 10, 134, 144
537012.5.peg.4029.site.74, 33, 129, 162
537012.5.peg.4029.site.75, 0, 130, 130
537012.5.peg.4029.site.76, 0, 131, 131
537012.5.peg.4029.site.77, 0, 129, 129
537012.5.peg.4029.site.78, 0, 129, 129
537012.5.peg.3044.site.1, 29, 134, 163
537012.5.peg.3044.site.2, 3, 134, 137
537012.5.peg.3044.site.3, 11, 132, 143
537012.5.peg.3044.site.4, 7, 133, 140
537012.5.peg.3044.site.5, 6, 134, 140
537012.5.peg.3044.site.6, 22, 134, 156
537012.5.peg.3044.site.7, 1, 134, 135
537012.5.peg.3044.site.8, 1, 134, 135
537012.5.peg.3044.site.9, 0, 134, 134
537012.5.peg.3044.site.10, 9, 132, 141
537012.5.peg.3044.site.11, 8, 134, 142
537012.5.peg.3044.site.12, 12, 126, 138
537012.5.peg.3044.site.13, 97, 128, 225
537012.5.peg.3044.site.14, 1, 117, 118
537012.5.peg.3044.site.15, 3, 108, 111
537012.5.peg.3044.site.16, 82, 99, 181
537012.5.peg.3044.site.17, 92, 108, 200
537012.5.peg.3044.site.18, 110, 121, 231
537012.5.peg.3044.site.19, 4, 124, 128
537012.5.peg.3044.site.20, 18, 126, 144
537012.5.peg.3044.site.21, 2, 127, 129
537012.5.peg.3044.site.22, 10, 132, 142
537012.5.peg.3044.site.23, 1, 132, 133
537012.5.peg.3044.site.24, 3, 133, 136
537012.5.peg.3044.site.25, 7, 133, 140
537012.5.peg.3044.site.26, 6, 134, 140
537012.5.peg.3044.site.27, 6, 133, 139
537012.5.peg.3044.site.28, 0, 130, 130
537012.5.peg.3044.site.29, 1, 125, 126
537012.5.peg.3044.site.30, 1, 129, 130
537012.5.peg.3044.site.31, 122, 129, 251
537012.5.peg.3044.site.32, 6, 133, 139
537012.5.peg.3044.site.33, 2, 134, 136
537012.5.peg.3047.site.1, 11, 132, 143
537012.5.peg.3047.site.2, 6, 133, 139
537012.5.peg.3047.site.3, 1, 134, 135
537012.5.peg.3047.site.4, 3, 134, 137
537012.5.peg.3047.site.5, 11, 132, 143
537012.5.peg.3047.site.6, 1, 134, 135
537012.5.peg.3047.site.7, 2, 133, 135
537012.5.peg.3047.site.8, 1, 134, 135
537012.5.peg.3047.site.9, 1, 134, 135
537012.5.peg.3047.site.10, 1, 134, 135
537012.5.peg.3047.site.11, 3, 133, 136
537012.5.peg.3047.site.12, 0, 132, 132
537012.5.peg.3047.site.13, 1, 133, 134
537012.5.peg.3046.site.1, 1, 123, 124
537012.5.peg.3046.site.2, 0, 123, 123
537012.5.peg.3046.site.3, 2, 125, 127
537012.5.peg.3046.site.4, 2, 125, 127
537012.5.peg.3046.site.5, 4, 127, 131
537012.5.peg.3046.site.6, 2, 130, 132
537012.5.peg.3046.site.7, 6, 133, 139
537012.5.peg.3046.site.8, 7, 133, 140
537012.5.peg.3046.site.9, 1, 134, 135
537012.5.peg.3046.site.10, 4, 132, 136
537012.5.peg.3046.site.11, 1, 133, 134
537012.5.peg.3046.site.12, 6, 133, 139
537012.5.peg.3046.site.13, 2, 130, 132
537012.5.peg.3046.site.14, 3, 133, 136
537012.5.peg.3046.site.15, 4, 130, 134
537012.5.peg.3046.site.16, 12, 132, 144
537012.5.peg.3046.site.17, 3, 131, 134
537012.5.peg.3046.site.18, 1, 132, 133
537012.5.peg.3046.site.19, 3, 132, 135
537012.5.peg.3046.site.20, 21, 132, 153
537012.5.peg.3046.site.21, 0, 130, 130
537012.5.peg.3046.site.22, 1, 129, 130
537012.5.peg.3046.site.23, 3, 129, 132
537012.5.peg.3046.site.24, 1, 131, 132
537012.5.peg.3046.site.25, 8, 132, 140
537012.5.peg.3046.site.26, 6, 132, 138
537012.5.peg.3046.site.27, 3, 132, 135
537012.5.peg.3046.site.28, 1, 132, 133
537012.5.peg.3046.site.29, 115, 128, 243
537012.5.peg.3046.site.30, 6, 128, 134
537012.5.peg.3046.site.31, 1, 130, 131
537012.5.peg.3046.site.32, 1, 129, 130
537012.5.peg.3046.site.33, 1, 129, 130
537012.5.peg.3046.site.34, 1, 131, 132
537012.5.peg.3046.site.35, 7, 131, 138
537012.5.peg.3046.site.36, 0, 131, 131
537012.5.peg.3046.site.37, 15, 129, 144
537012.5.peg.3046.site.38, 2, 132, 134
537012.5.peg.3046.site.39, 31, 130, 161
537012.5.peg.3046.site.40, 1, 129, 130
537012.5.peg.3046.site.41, 32, 130, 162
537012.5.peg.3046.site.42, 10, 130, 140
537012.5.peg.3049.site.1, 15, 134, 149
537012.5.peg.3049.site.2, 10, 133, 143
537012.5.peg.3049.site.3, 1, 134, 135
537012.5.peg.3049.site.4, 3, 133, 136
537012.5.peg.3049.site.5, 6, 134, 140
537012.5.peg.3049.site.6, 2, 130, 132
537012.5.peg.3049.site.7, 63, 131, 194
537012.5.peg.3049.site.8, 43, 131, 174
537012.5.peg.3049.site.9, 44, 128, 172
537012.5.peg.3049.site.10, 22, 129, 151
537012.5.peg.3049.site.11, 2, 129, 131
537012.5.peg.3049.site.12, 2, 132, 134
537012.5.peg.3049.site.13, 1, 132, 133
537012.5.peg.3049.site.14, 29, 133, 162
537012.5.peg.3049.site.15, 89, 131, 220
537012.5.peg.3049.site.16, 51, 132, 183
537012.5.peg.3049.site.17, 7, 133, 140
537012.5.peg.3049.site.18, 7, 133, 140
537012.5.peg.3049.site.19, 10, 133, 143
537012.5.peg.3049.site.20, 1, 134, 135
537012.5.peg.3049.site.21, 8, 131, 139
537012.5.peg.3049.site.22, 9, 134, 143
537012.5.peg.3049.site.23, 31, 133, 164
537012.5.peg.3049.site.24, 0, 134, 134
537012.5.peg.3049.site.25, 8, 134, 142
537012.5.peg.3049.site.26, 11, 134, 145
537012.5.peg.3049.site.27, 7, 133, 140
537012.5.peg.3049.site.28, 9, 132, 141
537012.5.peg.3049.site.29, 1, 133, 134
537012.5.peg.3049.site.30, 104, 134, 238
537012.5.peg.3049.site.31, 5, 134, 139
537012.5.peg.3049.site.32, 2, 133, 135
537012.5.peg.3048.site.1, 0, 73, 73
537012.5.peg.3048.site.2, 11, 34, 45
537012.5.peg.3048.site.3, 42, 65, 107
537012.5.peg.3048.site.4, 3, 83, 86
537012.5.peg.3048.site.5, 4, 133, 137
537012.5.peg.3048.site.6, 1, 134, 135
537012.5.peg.3048.site.7, 1, 134, 135
537012.5.peg.3048.site.8, 6, 134, 140
537012.5.peg.3048.site.9, 40, 132, 172
537012.5.peg.3048.site.10, 2, 132, 134
537012.5.peg.3048.site.11, 126, 134, 260
537012.5.peg.3048.site.12, 6, 133, 139
537012.5.peg.3048.site.13, 5, 134, 139
537012.5.peg.3048.site.14, 13, 133, 146
537012.5.peg.3048.site.15, 2, 132, 134
537012.5.peg.3048.site.16, 2, 132, 134
537012.5.peg.3048.site.17, 6, 134, 140
537012.5.peg.3048.site.18, 1, 134, 135
537012.5.peg.3048.site.19, 1, 132, 133
537012.5.peg.3048.site.20, 1, 132, 133
537012.5.peg.4020.site.1, 6, 134, 140
537012.5.peg.4020.site.2, 1, 130, 131
537012.5.peg.4020.site.3, 7, 124, 131
537012.5.peg.4020.site.4, 11, 124, 135
537012.5.peg.4020.site.5, 1, 117, 118
537012.5.peg.4020.site.6, 1, 118, 119
537012.5.peg.4020.site.7, 0, 118, 118
537012.5.peg.4020.site.8, 1, 118, 119
537012.5.peg.4020.site.9, 4, 122, 126
537012.5.peg.4020.site.10, 17, 121, 138
537012.5.peg.4020.site.11, 0, 121, 121
537012.5.peg.4020.site.12, 2, 121, 123
537012.5.peg.4020.site.13, 22, 120, 142
537012.5.peg.4020.site.14, 0, 121, 121
537012.5.peg.4020.site.15, 4, 119, 123
537012.5.peg.4020.site.16, 6, 120, 126
537012.5.peg.4020.site.17, 4, 120, 124
537012.5.peg.4020.site.18, 19, 122, 141
537012.5.peg.4020.site.19, 4, 131, 135
537012.5.peg.4020.site.20, 27, 133, 160
537012.5.peg.4020.site.21, 1, 133, 134
537012.5.peg.4020.site.22, 11, 133, 144
537012.5.peg.4020.site.23, 4, 131, 135
537012.5.peg.4020.site.24, 9, 128, 137
537012.5.peg.4020.site.25, 0, 126, 126
537012.5.peg.4020.site.26, 1, 124, 125
537012.5.peg.4020.site.27, 19, 123, 142
537012.5.peg.4020.site.28, 0, 122, 122
537012.5.peg.4020.site.29, 7, 119, 126
537012.5.peg.4020.site.30, 5, 125, 130
537012.5.peg.4020.site.31, 10, 131, 141
537012.5.peg.4020.site.32, 0, 132, 132
537012.5.peg.4020.site.33, 1, 128, 129
537012.5.peg.4021.site.1, 6, 132, 138
537012.5.peg.4021.site.2, 2, 132, 134
537012.5.peg.4021.site.3, 10, 130, 140
537012.5.peg.4021.site.4, 1, 131, 132
537012.5.peg.4021.site.5, 1, 131, 132
537012.5.peg.4021.site.6, 3, 127, 130
537012.5.peg.4021.site.7, 22, 122, 144
537012.5.peg.4021.site.8, 73, 118, 191
537012.5.peg.4021.site.9, 3, 126, 129
537012.5.peg.4021.site.10, 3, 128, 131
537012.5.peg.4021.site.11, 0, 129, 129
537012.5.peg.4021.site.12, 20, 126, 146
537012.5.peg.4021.site.13, 1, 128, 129
537012.5.peg.4021.site.14, 1, 133, 134
537012.5.peg.4021.site.15, 39, 132, 171
537012.5.peg.4021.site.16, 1, 134, 135
537012.5.peg.4021.site.17, 12, 123, 135
537012.5.peg.4021.site.18, 9, 121, 130
537012.5.peg.4021.site.19, 1, 123, 124
537012.5.peg.4021.site.20, 8, 120, 128
537012.5.peg.4021.site.21, 26, 123, 149
537012.5.peg.4021.site.22, 2, 128, 130
537012.5.peg.4021.site.23, 1, 128, 129
537012.5.peg.4021.site.24, 1, 129, 130
537012.5.peg.4021.site.25, 2, 128, 130
537012.5.peg.4021.site.26, 16, 127, 143
537012.5.peg.4021.site.27, 18, 129, 147
537012.5.peg.4021.site.28, 17, 128, 145
537012.5.peg.4021.site.29, 1, 129, 130
537012.5.peg.4021.site.30, 1, 129, 130
537012.5.peg.4021.site.31, 1, 128, 129
537012.5.peg.4021.site.32, 1, 129, 130
537012.5.peg.4021.site.33, 1, 129, 130
537012.5.peg.4021.site.34, 13, 128, 141
537012.5.peg.4021.site.35, 0, 127, 127
537012.5.peg.4021.site.36, 0, 129, 129
537012.5.peg.4021.site.37, 12, 128, 140
537012.5.peg.4021.site.38, 13, 124, 137
537012.5.peg.4021.site.39, 8, 126, 134
537012.5.peg.4021.site.40, 6, 123, 129
537012.5.peg.4026.site.1, 0, 111, 111
537012.5.peg.4026.site.2, 3, 119, 122
537012.5.peg.4026.site.3, 8, 119, 127
537012.5.peg.4026.site.4, 3, 120, 123
537012.5.peg.4026.site.5, 2, 120, 122
537012.5.peg.4026.site.6, 1, 118, 119
537012.5.peg.4026.site.7, 3, 120, 123
537012.5.peg.4026.site.8, 4, 121, 125
537012.5.peg.4026.site.9, 19, 120, 139
537012.5.peg.4026.site.10, 4, 119, 123
537012.5.peg.4026.site.11, 4, 119, 123
537012.5.peg.4025.site.1, 1, 123, 124
537012.5.peg.4025.site.2, 13, 132, 145
537012.5.peg.4025.site.3, 44, 133, 177
537012.5.peg.4025.site.4, 3, 133, 136
537012.5.peg.4025.site.5, 2, 133, 135
537012.5.peg.4025.site.6, 1, 133, 134
537012.5.peg.4025.site.7, 12, 134, 146
537012.5.peg.4025.site.8, 0, 134, 134
537012.5.peg.4025.site.9, 0, 133, 133
537012.5.peg.4025.site.10, 92, 134, 226
537012.5.peg.4025.site.11, 19, 132, 151
537012.5.peg.4025.site.12, 2, 133, 135
537012.5.peg.4025.site.13, 7, 132, 139
537012.5.peg.4025.site.14, 4, 132, 136
537012.5.peg.4025.site.15, 1, 134, 135
537012.5.peg.4025.site.16, 28, 132, 160
537012.5.peg.4025.site.17, 1, 132, 133
537012.5.peg.4025.site.18, 14, 131, 145
537012.5.peg.4025.site.19, 2, 128, 130
537012.5.peg.4025.site.20, 2, 131, 133
537012.5.peg.4025.site.21, 6, 130, 136
537012.5.peg.4025.site.22, 0, 131, 131
537012.5.peg.4025.site.23, 3, 132, 135
537012.5.peg.4025.site.24, 1, 132, 133
537012.5.peg.4025.site.25, 1, 129, 130
537012.5.peg.4025.site.26, 2, 128, 130
537012.5.peg.4025.site.27, 80, 130, 210
537012.5.peg.4025.site.28, 3, 129, 132
537012.5.peg.4025.site.29, 6, 133, 139
537012.5.peg.4025.site.30, 8, 133, 141
537012.5.peg.4025.site.31, 4, 132, 136
537012.5.peg.4025.site.32, 4, 134, 138
537012.5.peg.4025.site.33, 1, 133, 134
537012.5.peg.4025.site.34, 49, 131, 180
537012.5.peg.4025.site.35, 1, 129, 130
537012.5.peg.4025.site.36, 0, 128, 128
537012.5.peg.4025.site.37, 0, 128, 128
537012.5.peg.4025.site.38, 1, 129, 130
537012.5.peg.4025.site.39, 1, 133, 134
537012.5.peg.4025.site.40, 3, 134, 137
537012.5.peg.4025.site.41, 1, 134, 135
537012.5.peg.4025.site.42, 3, 131, 134
537012.5.peg.4025.site.43, 4, 129, 133
537012.5.peg.4025.site.44, 2, 130, 132
537012.5.peg.4025.site.45, 5, 134, 139
537012.5.peg.4025.site.46, 1, 134, 135
537012.5.peg.4025.site.47, 2, 133, 135
537012.5.peg.4025.site.48, 10, 133, 143
537012.5.peg.4025.site.49, 10, 133, 143
537012.5.peg.4025.site.50, 0, 131, 131
537012.5.peg.4025.site.51, 4, 132, 136
537012.5.peg.4025.site.52, 1, 133, 134
537012.5.peg.4025.site.53, 34, 132, 166
537012.5.peg.4025.site.54, 2, 134, 136
537012.5.peg.4025.site.55, 5, 132, 137
537012.5.peg.4025.site.56, 17, 133, 150
537012.5.peg.4025.site.57, 2, 134, 136
537012.5.peg.4025.site.58, 0, 134, 134
537012.5.peg.4025.site.59, 1, 134, 135
537012.5.peg.4025.site.60, 0, 133, 133
537012.5.peg.4025.site.61, 1, 133, 134
537012.5.peg.4025.site.62, 43, 130, 173
537012.5.peg.4025.site.63, 2, 133, 135
537012.5.peg.4025.site.64, 15, 132, 147
537012.5.peg.4025.site.65, 1, 134, 135
537012.5.peg.4025.site.66, 4, 132, 136
537012.5.peg.4025.site.67, 33, 133, 166
537012.5.peg.4025.site.68, 0, 134, 134
537012.5.peg.4025.site.69, 3, 134, 137
537012.5.peg.4025.site.70, 4, 132, 136
537012.5.peg.4025.site.71, 26, 134, 160
537012.5.peg.4025.site.72, 4, 134, 138
537012.5.peg.4025.site.73, 10, 134, 144
537012.5.peg.4025.site.74, 16, 131, 147
537012.5.peg.4025.site.75, 33, 128, 161
537012.5.peg.4025.site.76, 1, 131, 132
537012.5.peg.4025.site.77, 1, 133, 134
537012.5.peg.4025.site.78, 132, 134, 266
537012.5.peg.4025.site.79, 1, 134, 135
537012.5.peg.4025.site.80, 119, 133, 252
537012.5.peg.4151.site.1, 3, 134, 137
537012.5.peg.4151.site.2, 0, 133, 133
537012.5.peg.4151.site.3, 1, 134, 135
537012.5.peg.4151.site.4, 2, 134, 136
537012.5.peg.4151.site.5, 3, 134, 137
537012.5.peg.4151.site.6, 9, 134, 143
537012.5.peg.4151.site.7, 8, 132, 140
537012.5.peg.4151.site.8, 9, 130, 139
537012.5.peg.4708.site.1, 9, 131, 140
537012.5.peg.4708.site.2, 3, 131, 134
537012.5.peg.4708.site.3, 4, 133, 137
537012.5.peg.4708.site.4, 2, 133, 135
537012.5.peg.4708.site.5, 44, 134, 178
537012.5.peg.4708.site.6, 21, 133, 154
537012.5.peg.4708.site.7, 4, 132, 136
537012.5.peg.4708.site.8, 7, 134, 141
537012.5.peg.4708.site.9, 7, 134, 141
537012.5.peg.4708.site.10, 11, 134, 145
537012.5.peg.4708.site.11, 3, 133, 136
537012.5.peg.4708.site.12, 6, 133, 139
537012.5.peg.4708.site.13, 4, 133, 137
537012.5.peg.4708.site.14, 1, 134, 135
537012.5.peg.4708.site.15, 7, 133, 140
537012.5.peg.4708.site.16, 15, 132, 147
537012.5.peg.4708.site.17, 6, 131, 137
537012.5.peg.4708.site.18, 5, 133, 138
537012.5.peg.4708.site.19, 42, 131, 173
537012.5.peg.4708.site.20, 5, 132, 137
537012.5.peg.4708.site.21, 72, 134, 206
537012.5.peg.4704.site.1, 4, 128, 132
537012.5.peg.4704.site.2, 0, 121, 121
537012.5.peg.4248.site.1, 13, 81, 94
537012.5.peg.4248.site.2, 2, 84, 86
537012.5.peg.4248.site.3, 1, 123, 124
537012.5.peg.4248.site.4, 9, 126, 135
537012.5.peg.4248.site.5, 9, 126, 135
537012.5.peg.4248.site.6, 2, 127, 129
537012.5.peg.4248.site.7, 1, 125, 126
537012.5.peg.4248.site.8, 5, 127, 132
537012.5.peg.4248.site.9, 4, 125, 129
537012.5.peg.4248.site.10, 1, 126, 127
537012.5.peg.4248.site.11, 7, 125, 132
537012.5.peg.4248.site.12, 2, 128, 130
537012.5.peg.4248.site.13, 9, 123, 132
537012.5.peg.4248.site.14, 4, 127, 131
537012.5.peg.4248.site.15, 18, 121, 139
537012.5.peg.4248.site.16, 2, 125, 127
537012.5.peg.4248.site.17, 12, 126, 138
537012.5.peg.4248.site.18, 19, 118, 137
537012.5.peg.4248.site.19, 26, 110, 136
537012.5.peg.4248.site.20, 2, 85, 87
537012.5.peg.4248.site.21, 6, 68, 74
537012.5.peg.4248.site.22, 11, 73, 84
537012.5.peg.4248.site.23, 12, 85, 97
537012.5.peg.4248.site.24, 20, 90, 110
537012.5.peg.4248.site.25, 5, 90, 95
537012.5.peg.4248.site.26, 1, 82, 83
537012.5.peg.4248.site.27, 1, 84, 85
537012.5.peg.4248.site.28, 2, 85, 87
537012.5.peg.4808.site.1, 4, 122, 126
537012.5.peg.4808.site.2, 8, 126, 134
537012.5.peg.4808.site.3, 0, 129, 129
537012.5.peg.4808.site.4, 3, 128, 131
537012.5.peg.4808.site.5, 3, 130, 133
537012.5.peg.4808.site.6, 5, 129, 134
537012.5.peg.4808.site.7, 101, 129, 230
537012.5.peg.4808.site.8, 3, 127, 130
537012.5.peg.4808.site.9, 11, 129, 140
537012.5.peg.4808.site.10, 12, 128, 140
537012.5.peg.4808.site.11, 5, 122, 127
537012.5.peg.4808.site.12, 0, 123, 123
537012.5.peg.4808.site.13, 0, 124, 124
537012.5.peg.4808.site.14, 5, 123, 128
537012.5.peg.4808.site.15, 5, 123, 128
537012.5.peg.4808.site.16, 4, 124, 128
537012.5.peg.4808.site.17, 25, 121, 146
537012.5.peg.4808.site.18, 2, 124, 126
537012.5.peg.4808.site.19, 5, 123, 128
537012.5.peg.4808.site.20, 4, 121, 125
537012.5.peg.4808.site.21, 14, 122, 136
537012.5.peg.4808.site.22, 3, 121, 124
537012.5.peg.4808.site.23, 3, 121, 124
537012.5.peg.4808.site.24, 9, 121, 130
537012.5.peg.4808.site.25, 5, 123, 128
537012.5.peg.4808.site.26, 4, 122, 126
537012.5.peg.4808.site.27, 4, 122, 126
537012.5.peg.4808.site.28, 1, 124, 125
537012.5.peg.4808.site.29, 3, 122, 125
537012.5.peg.4808.site.30, 4, 122, 126
537012.5.peg.4808.site.31, 17, 123, 140
537012.5.peg.4808.site.32, 89, 123, 212
537012.5.peg.4808.site.33, 11, 123, 134
537012.5.peg.4808.site.34, 4, 122, 126
537012.5.peg.4808.site.35, 4, 122, 126
537012.5.peg.4808.site.36, 8, 123, 131
537012.5.peg.4808.site.37, 3, 126, 129
537012.5.peg.4808.site.38, 0, 126, 126
537012.5.peg.4808.site.39, 1, 130, 131
537012.5.peg.4808.site.40, 11, 129, 140
537012.5.peg.4808.site.41, 0, 131, 131
537012.5.peg.4808.site.42, 24, 131, 155
537012.5.peg.4808.site.43, 0, 130, 130
537012.5.peg.4808.site.44, 2, 130, 132
537012.5.peg.4809.site.1, 9, 122, 131
537012.5.peg.4809.site.2, 10, 123, 133
537012.5.peg.4809.site.3, 121, 125, 246
537012.5.peg.4809.site.4, 4, 125, 129
537012.5.peg.4809.site.5, 2, 124, 126
537012.5.peg.4809.site.6, 2, 124, 126
537012.5.peg.4809.site.7, 24, 124, 148
537012.5.peg.4809.site.8, 43, 124, 167
537012.5.peg.4804.site.1, 0, 131, 131
537012.5.peg.4804.site.2, 13, 130, 143
537012.5.peg.4804.site.3, 2, 130, 132
537012.5.peg.4804.site.4, 11, 130, 141
537012.5.peg.4804.site.5, 14, 125, 139
537012.5.peg.4804.site.6, 3, 114, 117
537012.5.peg.4804.site.7, 2, 114, 116
537012.5.peg.4804.site.8, 3, 115, 118
537012.5.peg.4804.site.9, 13, 130, 143
537012.5.peg.4804.site.10, 18, 129, 147
537012.5.peg.4804.site.11, 1, 131, 132
537012.5.peg.4804.site.12, 17, 131, 148
537012.5.peg.4804.site.13, 5, 129, 134
537012.5.peg.4804.site.14, 18, 129, 147
537012.5.peg.4804.site.15, 1, 131, 132
537012.5.peg.4804.site.16, 11, 131, 142
537012.5.peg.4804.site.17, 15, 131, 146
537012.5.peg.4804.site.18, 6, 130, 136
537012.5.peg.4804.site.19, 3, 128, 131
537012.5.peg.4804.site.20, 0, 128, 128
537012.5.peg.4804.site.21, 0, 129, 129
537012.5.peg.4804.site.22, 0, 129, 129
537012.5.peg.4804.site.23, 5, 128, 133
537012.5.peg.4805.site.1, 1, 128, 129
537012.5.peg.4805.site.2, 1, 125, 126
537012.5.peg.4805.site.3, 1, 127, 128
537012.5.peg.4805.site.4, 13, 128, 141
537012.5.peg.4805.site.5, 4, 129, 133
537012.5.peg.4805.site.6, 13, 130, 143
537012.5.peg.4805.site.7, 0, 130, 130
537012.5.peg.4805.site.8, 4, 128, 132
537012.5.peg.4805.site.9, 4, 128, 132
537012.5.peg.4805.site.10, 0, 129, 129
537012.5.peg.4805.site.11, 0, 130, 130
537012.5.peg.4805.site.12, 0, 128, 128
537012.5.peg.4805.site.13, 1, 131, 132
537012.5.peg.4805.site.14, 4, 131, 135
537012.5.peg.4805.site.15, 2, 130, 132
537012.5.peg.4805.site.16, 3, 130, 133
537012.5.peg.4805.site.17, 64, 129, 193
537012.5.peg.4805.site.18, 0, 129, 129
537012.5.peg.4805.site.19, 0, 131, 131
537012.5.peg.4805.site.20, 1, 131, 132
537012.5.peg.4805.site.21, 28, 131, 159
537012.5.peg.4805.site.22, 1, 131, 132
537012.5.peg.4805.site.23, 1, 130, 131
537012.5.peg.4805.site.24, 0, 130, 130
537012.5.peg.4805.site.25, 2, 130, 132
537012.5.peg.4805.site.26, 1, 130, 131
537012.5.peg.4805.site.27, 56, 130, 186
537012.5.peg.4805.site.28, 12, 130, 142
537012.5.peg.4805.site.29, 18, 129, 147
537012.5.peg.4805.site.30, 2, 130, 132
537012.5.peg.4805.site.31, 2, 130, 132
537012.5.peg.4805.site.32, 83, 128, 211
537012.5.peg.4805.site.33, 1, 128, 129
537012.5.peg.4806.site.1, 9, 131, 140
537012.5.peg.4806.site.2, 6, 130, 136
537012.5.peg.4806.site.3, 16, 129, 145
537012.5.peg.4806.site.4, 0, 130, 130
537012.5.peg.4806.site.5, 13, 126, 139
537012.5.peg.4806.site.6, 3, 128, 131
537012.5.peg.4806.site.7, 12, 129, 141
537012.5.peg.4806.site.8, 13, 130, 143
537012.5.peg.4806.site.9, 97, 128, 225
537012.5.peg.4806.site.10, 0, 130, 130
537012.5.peg.4806.site.11, 17, 128, 145
537012.5.peg.4806.site.12, 18, 129, 147
537012.5.peg.4806.site.13, 4, 128, 132
537012.5.peg.4807.site.1, 4, 128, 132
537012.5.peg.4807.site.2, 4, 128, 132
537012.5.peg.4807.site.3, 56, 129, 185
537012.5.peg.4807.site.4, 18, 130, 148
537012.5.peg.4807.site.5, 0, 130, 130
537012.5.peg.4807.site.6, 56, 127, 183
537012.5.peg.4807.site.7, 1, 130, 131
537012.5.peg.4807.site.8, 10, 130, 140
537012.5.peg.4807.site.9, 13, 128, 141
537012.5.peg.4807.site.10, 0, 130, 130
537012.5.peg.4807.site.11, 5, 129, 134
537012.5.peg.4807.site.12, 8, 129, 137
537012.5.peg.4807.site.13, 15, 111, 126
537012.5.peg.4807.site.14, 4, 108, 112
537012.5.peg.4807.site.15, 1, 110, 111
537012.5.peg.4807.site.16, 12, 107, 119
537012.5.peg.4807.site.17, 0, 124, 124
537012.5.peg.4807.site.18, 7, 125, 132
537012.5.peg.4807.site.19, 17, 122, 139
537012.5.peg.4807.site.20, 3, 130, 133
537012.5.peg.4807.site.21, 19, 128, 147
537012.5.peg.4807.site.22, 128, 130, 258
537012.5.peg.4807.site.23, 16, 129, 145
537012.5.peg.4807.site.24, 1, 129, 130
537012.5.peg.5038.site.1, 31, 106, 137
537012.5.peg.5038.site.2, 4, 126, 130
537012.5.peg.5038.site.3, 4, 124, 128
537012.5.peg.5038.site.4, 5, 124, 129
537012.5.peg.5038.site.5, 4, 123, 127
537012.5.peg.5038.site.6, 3, 122, 125
537012.5.peg.5038.site.7, 1, 124, 125
537012.5.peg.5038.site.8, 5, 125, 130
537012.5.peg.5038.site.9, 3, 125, 128
537012.5.peg.5038.site.10, 4, 125, 129
537012.5.peg.5038.site.11, 5, 125, 130
537012.5.peg.5038.site.12, 77, 123, 200
537012.5.peg.1784.site.1, 4, 129, 133
537012.5.peg.1784.site.2, 0, 130, 130
537012.5.peg.1784.site.3, 3, 129, 132
537012.5.peg.1784.site.4, 3, 128, 131
537012.5.peg.1784.site.5, 25, 128, 153
537012.5.peg.1784.site.6, 80, 130, 210
537012.5.peg.1784.site.7, 4, 130, 134
537012.5.peg.1784.site.8, 5, 131, 136
537012.5.peg.1784.site.9, 1, 128, 129
537012.5.peg.1784.site.10, 8, 131, 139
537012.5.peg.1784.site.11, 0, 130, 130
537012.5.peg.1784.site.12, 3, 129, 132
537012.5.peg.1784.site.13, 5, 131, 136
537012.5.peg.1784.site.14, 2, 131, 133
537012.5.peg.1784.site.15, 0, 130, 130
537012.5.peg.1784.site.16, 1, 131, 132
537012.5.peg.1784.site.17, 0, 130, 130
537012.5.peg.1784.site.18, 1, 131, 132
537012.5.peg.1784.site.19, 5, 131, 136
537012.5.peg.1784.site.20, 1, 132, 133
537012.5.peg.1784.site.21, 6, 133, 139
537012.5.peg.5039.site.1, 1, 125, 126
537012.5.peg.5039.site.2, 25, 124, 149
537012.5.peg.5039.site.3, 0, 118, 118
537012.5.peg.1782.site.1, 2, 132, 134
537012.5.peg.1782.site.2, 1, 132, 133
537012.5.peg.1782.site.3, 7, 133, 140
537012.5.peg.1782.site.4, 3, 132, 135
537012.5.peg.1782.site.5, 4, 132, 136
537012.5.peg.1782.site.6, 22, 134, 156
537012.5.peg.1782.site.7, 13, 133, 146
537012.5.peg.1782.site.8, 3, 133, 136
537012.5.peg.1782.site.9, 1, 130, 131
537012.5.peg.1782.site.10, 1, 130, 131
537012.5.peg.1782.site.11, 37, 127, 164
537012.5.peg.1782.site.12, 3, 127, 130
537012.5.peg.1782.site.13, 5, 125, 130
537012.5.peg.1782.site.14, 2, 122, 124
537012.5.peg.1782.site.15, 61, 121, 182
537012.5.peg.1782.site.16, 3, 124, 127
537012.5.peg.1782.site.17, 80, 124, 204
537012.5.peg.1782.site.18, 1, 124, 125
537012.5.peg.1782.site.19, 77, 124, 201
537012.5.peg.1782.site.20, 2, 122, 124
537012.5.peg.1782.site.21, 3, 124, 127
537012.5.peg.1782.site.22, 1, 123, 124
537012.5.peg.1782.site.23, 19, 123, 142
537012.5.peg.1782.site.24, 23, 122, 145
537012.5.peg.1782.site.25, 102, 124, 226
537012.5.peg.1782.site.26, 33, 124, 157
537012.5.peg.1782.site.27, 2, 124, 126
537012.5.peg.1782.site.28, 0, 124, 124
537012.5.peg.1782.site.29, 2, 125, 127
537012.5.peg.1782.site.30, 1, 129, 130
537012.5.peg.1782.site.31, 6, 133, 139
537012.5.peg.1782.site.32, 2, 132, 134
537012.5.peg.1782.site.33, 2, 130, 132
537012.5.peg.1782.site.34, 9, 134, 143
537012.5.peg.1782.site.35, 2, 134, 136
537012.5.peg.1782.site.36, 108, 130, 238
537012.5.peg.1782.site.37, 0, 133, 133
537012.5.peg.1782.site.38, 13, 131, 144
537012.5.peg.1782.site.39, 6, 132, 138
537012.5.peg.1782.site.40, 5, 134, 139
537012.5.peg.1782.site.41, 3, 133, 136
537012.5.peg.1782.site.42, 3, 134, 137
537012.5.peg.1782.site.43, 10, 132, 142
537012.5.peg.1782.site.44, 3, 134, 137
537012.5.peg.1782.site.45, 7, 129, 136
537012.5.peg.1782.site.46, 10, 130, 140
537012.5.peg.1782.site.47, 11, 131, 142
537012.5.peg.1782.site.48, 2, 133, 135
537012.5.peg.1782.site.49, 12, 132, 144
537012.5.peg.1782.site.50, 2, 134, 136
537012.5.peg.1782.site.51, 6, 134, 140
537012.5.peg.1782.site.52, 2, 134, 136
537012.5.peg.1782.site.53, 5, 134, 139
537012.5.peg.1783.site.1, 7, 134, 141
537012.5.peg.1783.site.2, 0, 134, 134
537012.5.peg.1783.site.3, 5, 133, 138
537012.5.peg.1783.site.4, 3, 132, 135
537012.5.peg.1783.site.5, 6, 131, 137
537012.5.peg.1783.site.6, 5, 132, 137
537012.5.peg.1783.site.7, 1, 132, 133
537012.5.peg.1783.site.8, 9, 130, 139
537012.5.peg.1783.site.9, 6, 123, 129
537012.5.peg.1783.site.10, 5, 120, 125
537012.5.peg.1788.site.1, 0, 125, 125
537012.5.peg.1788.site.2, 21, 126, 147
537012.5.peg.1788.site.3, 66, 127, 193
537012.5.peg.1788.site.4, 27, 128, 155
537012.5.peg.1788.site.5, 0, 129, 129
537012.5.peg.1788.site.6, 0, 129, 129
537012.5.peg.1788.site.7, 6, 129, 135
537012.5.peg.1788.site.8, 6, 128, 134
537012.5.peg.1788.site.9, 12, 127, 139
537012.5.peg.1788.site.10, 8, 129, 137
537012.5.peg.1788.site.11, 1, 129, 130
537012.5.peg.1788.site.12, 9, 129, 138
537012.5.peg.1788.site.13, 120, 129, 249
537012.5.peg.1788.site.14, 119, 129, 248
537012.5.peg.1788.site.15, 115, 128, 243
537012.5.peg.1788.site.16, 76, 125, 201
537012.5.peg.1788.site.17, 1, 128, 129
537012.5.peg.1788.site.18, 1, 128, 129
537012.5.peg.1788.site.19, 119, 129, 248
537012.5.peg.1788.site.20, 7, 128, 135
537012.5.peg.1788.site.21, 120, 129, 249
537012.5.peg.1788.site.22, 5, 128, 133
537012.5.peg.1788.site.23, 104, 129, 233
537012.5.peg.1788.site.24, 4, 129, 133
537012.5.peg.1788.site.25, 4, 129, 133
537012.5.peg.1788.site.26, 45, 128, 173
537012.5.peg.1788.site.27, 1, 129, 130
537012.5.peg.1788.site.28, 4, 128, 132
537012.5.peg.1788.site.29, 29, 127, 156
537012.5.peg.1788.site.30, 6, 129, 135
537012.5.peg.1788.site.31, 25, 129, 154
537012.5.peg.1788.site.32, 45, 128, 173
537012.5.peg.1788.site.33, 2, 129, 131
537012.5.peg.1788.site.34, 17, 129, 146
537012.5.peg.1788.site.35, 95, 129, 224
537012.5.peg.1788.site.36, 17, 129, 146
537012.5.peg.1788.site.37, 128, 129, 257
537012.5.peg.1788.site.38, 1, 129, 130
537012.5.peg.1788.site.39, 6, 128, 134
537012.5.peg.1788.site.40, 12, 128, 140
537012.5.peg.1788.site.41, 1, 129, 130
537012.5.peg.1788.site.42, 1, 129, 130
537012.5.peg.1788.site.43, 1, 129, 130
537012.5.peg.1788.site.44, 1, 129, 130
537012.5.peg.1788.site.45, 128, 129, 257
537012.5.peg.1788.site.46, 4, 127, 131
537012.5.peg.1788.site.47, 1, 129, 130
537012.5.peg.1788.site.48, 2, 129, 131
537012.5.peg.1788.site.49, 7, 129, 136
537012.5.peg.1788.site.50, 12, 129, 141
537012.5.peg.1789.site.1, 23, 127, 150
537012.5.peg.1789.site.2, 7, 129, 136
537012.5.peg.1789.site.3, 1, 128, 129
537012.5.peg.1789.site.4, 0, 128, 128
537012.5.peg.1789.site.5, 4, 127, 131
537012.5.peg.1789.site.6, 12, 128, 140
537012.5.peg.1789.site.7, 52, 132, 184
537012.5.peg.1789.site.8, 3, 131, 134
537012.5.peg.1789.site.9, 1, 133, 134
537012.5.peg.1789.site.10, 11, 132, 143
537012.5.peg.1789.site.11, 6, 133, 139
537012.5.peg.1789.site.12, 59, 132, 191
537012.5.peg.1789.site.13, 53, 133, 186
537012.5.peg.1789.site.14, 2, 134, 136
537012.5.peg.1789.site.15, 5, 132, 137
537012.5.peg.1789.site.16, 1, 134, 135
537012.5.peg.1789.site.17, 22, 133, 155
537012.5.peg.1789.site.18, 8, 130, 138
537012.5.peg.1789.site.19, 1, 130, 131
537012.5.peg.1789.site.20, 3, 134, 137
537012.5.peg.1789.site.21, 0, 133, 133
537012.5.peg.1789.site.22, 4, 132, 136
537012.5.peg.1789.site.23, 4, 134, 138
537012.5.peg.1789.site.24, 11, 134, 145
537012.5.peg.1789.site.25, 1, 134, 135
537012.5.peg.1789.site.26, 1, 134, 135
537012.5.peg.1789.site.27, 2, 134, 136
537012.5.peg.1789.site.28, 5, 133, 138
537012.5.peg.1789.site.29, 1, 133, 134
537012.5.peg.1789.site.30, 4, 132, 136
537012.5.peg.1789.site.31, 3, 130, 133
537012.5.peg.1789.site.32, 3, 130, 133
537012.5.peg.1789.site.33, 6, 132, 138
537012.5.peg.1789.site.34, 53, 131, 184
537012.5.peg.1789.site.35, 1, 129, 130
537012.5.peg.1789.site.36, 1, 129, 130
537012.5.peg.1789.site.37, 10, 129, 139
537012.5.peg.1789.site.38, 4, 129, 133
537012.5.peg.1789.site.39, 0, 129, 129
537012.5.peg.1789.site.40, 1, 133, 134
537012.5.peg.1789.site.41, 27, 132, 159
537012.5.peg.1789.site.42, 4, 132, 136
537012.5.peg.1789.site.43, 5, 132, 137
537012.5.peg.1789.site.44, 4, 133, 137
537012.5.peg.1789.site.45, 4, 132, 136
537012.5.peg.1789.site.46, 4, 132, 136
537012.5.peg.1789.site.47, 10, 134, 144
537012.5.peg.1789.site.48, 1, 134, 135
537012.5.peg.1789.site.49, 50, 133, 183
537012.5.peg.1789.site.50, 1, 134, 135
537012.5.peg.1789.site.51, 1, 134, 135
537012.5.peg.1789.site.52, 2, 133, 135
537012.5.peg.1789.site.53, 1, 134, 135
537012.5.peg.1789.site.54, 11, 132, 143
537012.5.peg.1789.site.55, 3, 126, 129
537012.5.peg.1146.site.1, 4, 131, 135
537012.5.peg.1146.site.2, 2, 131, 133
537012.5.peg.1146.site.3, 3, 131, 134
537012.5.peg.1146.site.4, 13, 134, 147
537012.5.peg.1146.site.5, 13, 134, 147
537012.5.peg.1146.site.6, 2, 134, 136
537012.5.peg.1146.site.7, 8, 134, 142
537012.5.peg.1146.site.8, 0, 134, 134
537012.5.peg.1146.site.9, 14, 134, 148
537012.5.peg.1146.site.10, 16, 132, 148
537012.5.peg.1146.site.11, 5, 134, 139
537012.5.peg.1146.site.12, 1, 134, 135
537012.5.peg.1146.site.13, 12, 132, 144
537012.5.peg.1146.site.14, 5, 134, 139
537012.5.peg.1146.site.15, 3, 134, 137
537012.5.peg.1146.site.16, 11, 133, 144
537012.5.peg.1146.site.17, 8, 134, 142
537012.5.peg.1146.site.18, 6, 134, 140
537012.5.peg.1146.site.19, 3, 134, 137
537012.5.peg.1146.site.20, 18, 132, 150
537012.5.peg.1146.site.21, 17, 133, 150
537012.5.peg.1146.site.22, 2, 131, 133
537012.5.peg.1146.site.23, 5, 132, 137
537012.5.peg.1146.site.24, 1, 130, 131
537012.5.peg.1146.site.25, 2, 134, 136
537012.5.peg.1146.site.26, 4, 132, 136
537012.5.peg.1146.site.27, 19, 133, 152
537012.5.peg.1146.site.28, 5, 134, 139
537012.5.peg.1146.site.29, 5, 134, 139
537012.5.peg.1146.site.30, 2, 134, 136
537012.5.peg.1146.site.31, 67, 132, 199
537012.5.peg.1146.site.32, 2, 133, 135
537012.5.peg.1146.site.33, 5, 134, 139
537012.5.peg.1146.site.34, 0, 133, 133
537012.5.peg.1146.site.35, 17, 132, 149
537012.5.peg.1146.site.36, 17, 132, 149
537012.5.peg.1146.site.37, 2, 134, 136
537012.5.peg.1146.site.38, 5, 134, 139
537012.5.peg.1146.site.39, 1, 134, 135
537012.5.peg.1146.site.40, 132, 134, 266
537012.5.peg.1146.site.41, 19, 132, 151
537012.5.peg.1146.site.42, 89, 133, 222
537012.5.peg.1146.site.43, 3, 133, 136
537012.5.peg.1146.site.44, 1, 132, 133
537012.5.peg.1146.site.45, 4, 133, 137
537012.5.peg.1146.site.46, 5, 133, 138
537012.5.peg.1146.site.47, 4, 133, 137
537012.5.peg.1146.site.48, 2, 134, 136
537012.5.peg.1146.site.49, 3, 134, 137
537012.5.peg.1146.site.50, 17, 134, 151
537012.5.peg.1146.site.51, 48, 132, 180
537012.5.peg.1146.site.52, 2, 134, 136
537012.5.peg.1146.site.53, 3, 133, 136
537012.5.peg.1146.site.54, 8, 134, 142
537012.5.peg.1146.site.55, 0, 134, 134
537012.5.peg.1146.site.56, 93, 133, 226
537012.5.peg.1146.site.57, 121, 134, 255
537012.5.peg.1146.site.58, 16, 134, 150
537012.5.peg.1146.site.59, 5, 134, 139
537012.5.peg.1146.site.60, 3, 134, 137
537012.5.peg.1146.site.61, 1, 134, 135
537012.5.peg.1146.site.62, 0, 130, 130
537012.5.peg.1146.site.63, 18, 126, 144
537012.5.peg.1146.site.64, 1, 125, 126
537012.5.peg.1146.site.65, 11, 124, 135
537012.5.peg.1145.site.1, 41, 134, 175
537012.5.peg.1145.site.2, 4, 132, 136
537012.5.peg.1145.site.3, 13, 134, 147
537012.5.peg.1145.site.4, 13, 132, 145
537012.5.peg.1145.site.5, 4, 134, 138
537012.5.peg.1145.site.6, 13, 134, 147
537012.5.peg.1145.site.7, 21, 131, 152
537012.5.peg.1145.site.8, 19, 132, 151
537012.5.peg.1145.site.9, 2, 133, 135
537012.5.peg.1145.site.10, 15, 134, 149
537012.5.peg.1145.site.11, 5, 133, 138
537012.5.peg.1145.site.12, 20, 133, 153
537012.5.peg.1145.site.13, 8, 134, 142
537012.5.peg.1145.site.14, 1, 134, 135
537012.5.peg.1145.site.15, 5, 133, 138
537012.5.peg.1145.site.16, 2, 134, 136
537012.5.peg.1145.site.17, 33, 134, 167
537012.5.peg.1145.site.18, 66, 133, 199
537012.5.peg.1145.site.19, 12, 134, 146
537012.5.peg.1145.site.20, 68, 129, 197
537012.5.peg.1145.site.21, 4, 132, 136
537012.5.peg.1145.site.22, 13, 134, 147
537012.5.peg.1145.site.23, 6, 132, 138
537012.5.peg.1145.site.24, 11, 130, 141
537012.5.peg.1145.site.25, 8, 133, 141
537012.5.peg.1145.site.26, 0, 133, 133
537012.5.peg.1145.site.27, 19, 134, 153
537012.5.peg.1145.site.28, 11, 134, 145
537012.5.peg.1145.site.29, 51, 127, 178
537012.5.peg.1145.site.30, 1, 130, 131
537012.5.peg.1145.site.31, 5, 131, 136
537012.5.peg.1145.site.32, 0, 133, 133
537012.5.peg.1145.site.33, 3, 130, 133
537012.5.peg.1145.site.34, 7, 130, 137
537012.5.peg.1145.site.35, 2, 131, 133
537012.5.peg.1145.site.36, 16, 130, 146
537012.5.peg.1145.site.37, 7, 128, 135
537012.5.peg.1145.site.38, 108, 127, 235
537012.5.peg.1145.site.39, 15, 125, 140
537012.5.peg.1145.site.40, 95, 124, 219
537012.5.peg.1145.site.41, 5, 124, 129
537012.5.peg.1145.site.42, 30, 125, 155
537012.5.peg.1145.site.43, 5, 125, 130
537012.5.peg.1145.site.44, 11, 127, 138
537012.5.peg.1145.site.45, 6, 127, 133
537012.5.peg.1145.site.46, 85, 128, 213
537012.5.peg.1145.site.47, 16, 134, 150
537012.5.peg.1145.site.48, 8, 134, 142
537012.5.peg.1145.site.49, 5, 133, 138
537012.5.peg.1145.site.50, 8, 134, 142
537012.5.peg.1145.site.51, 5, 134, 139
537012.5.peg.1145.site.52, 62, 133, 195
537012.5.peg.1145.site.53, 21, 132, 153
537012.5.peg.1145.site.54, 3, 134, 137
537012.5.peg.1145.site.55, 5, 127, 132
537012.5.peg.1145.site.56, 5, 126, 131
537012.5.peg.1145.site.57, 2, 126, 128
537012.5.peg.1145.site.58, 63, 125, 188
537012.5.peg.1145.site.59, 108, 126, 234
537012.5.peg.1145.site.60, 4, 128, 132
537012.5.peg.1145.site.61, 128, 130, 258
537012.5.peg.1145.site.62, 40, 131, 171
537012.5.peg.1145.site.63, 1, 134, 135
537012.5.peg.1145.site.64, 5, 133, 138
537012.5.peg.1145.site.65, 13, 133, 146
537012.5.peg.1145.site.66, 12, 133, 145
537012.5.peg.1145.site.67, 3, 133, 136
537012.5.peg.1145.site.68, 1, 133, 134
537012.5.peg.1145.site.69, 10, 132, 142
537012.5.peg.1145.site.70, 2, 133, 135
537012.5.peg.1145.site.71, 6, 131, 137
537012.5.peg.1145.site.72, 42, 133, 175
537012.5.peg.1145.site.73, 5, 133, 138
537012.5.peg.1145.site.74, 1, 134, 135
537012.5.peg.1145.site.75, 12, 134, 146
537012.5.peg.1145.site.76, 78, 133, 211
537012.5.peg.1145.site.77, 4, 132, 136
537012.5.peg.1145.site.78, 0, 132, 132
537012.5.peg.1145.site.79, 4, 134, 138
537012.5.peg.1145.site.80, 5, 133, 138
537012.5.peg.1145.site.81, 4, 131, 135
537012.5.peg.1145.site.82, 1, 134, 135
537012.5.peg.1145.site.83, 13, 134, 147
537012.5.peg.1145.site.84, 6, 132, 138
537012.5.peg.1145.site.85, 4, 132, 136
537012.5.peg.1145.site.86, 12, 132, 144
537012.5.peg.1145.site.87, 10, 133, 143
537012.5.peg.1145.site.88, 4, 134, 138
537012.5.peg.1145.site.89, 8, 134, 142
537012.5.peg.1145.site.90, 3, 134, 137
537012.5.peg.1145.site.91, 10, 131, 141
537012.5.peg.1145.site.92, 1, 134, 135
537012.5.peg.1145.site.93, 6, 131, 137
537012.5.peg.1145.site.94, 11, 133, 144
537012.5.peg.1145.site.95, 3, 132, 135
537012.5.peg.1145.site.96, 14, 131, 145
537012.5.peg.1145.site.97, 8, 129, 137
537012.5.peg.1145.site.98, 7, 128, 135
537012.5.peg.1145.site.99, 30, 127, 157
537012.5.peg.1145.site.100, 2, 129, 131
537012.5.peg.1145.site.101, 3, 134, 137
537012.5.peg.1145.site.102, 5, 131, 136
537012.5.peg.1145.site.103, 7, 134, 141
537012.5.peg.1145.site.104, 15, 134, 149
537012.5.peg.1145.site.105, 1, 134, 135
537012.5.peg.1145.site.106, 28, 133, 161
537012.5.peg.1145.site.107, 67, 133, 200
537012.5.peg.1145.site.108, 4, 129, 133
537012.5.peg.1145.site.109, 8, 129, 137
537012.5.peg.1145.site.110, 2, 129, 131
537012.5.peg.1145.site.111, 3, 126, 129
537012.5.peg.1145.site.112, 2, 117, 119
537012.5.peg.1145.site.113, 6, 121, 127
537012.5.peg.1145.site.114, 2, 121, 123
537012.5.peg.1145.site.115, 3, 131, 134
537012.5.peg.1145.site.116, 7, 133, 140
537012.5.peg.1145.site.117, 10, 134, 144
537012.5.peg.1145.site.118, 19, 133, 152
537012.5.peg.1145.site.119, 15, 133, 148
537012.5.peg.1145.site.120, 6, 134, 140
537012.5.peg.1145.site.121, 10, 134, 144
537012.5.peg.1145.site.122, 38, 129, 167
537012.5.peg.1145.site.123, 4, 125, 129
537012.5.peg.1145.site.124, 0, 125, 125
537012.5.peg.1145.site.125, 3, 134, 137
537012.5.peg.1145.site.126, 2, 134, 136
537012.5.peg.1145.site.127, 5, 134, 139
537012.5.peg.1145.site.128, 13, 130, 143
537012.5.peg.1145.site.129, 7, 133, 140
537012.5.peg.1143.site.1, 103, 109, 212
537012.5.peg.1143.site.2, 104, 110, 214
537012.5.peg.1143.site.3, 5, 125, 130
537012.5.peg.1143.site.4, 5, 126, 131
537012.5.peg.1143.site.5, 27, 125, 152
537012.5.peg.1143.site.6, 7, 132, 139
537012.5.peg.1143.site.7, 19, 130, 149
537012.5.peg.1143.site.8, 9, 132, 141
537012.5.peg.1143.site.9, 1, 132, 133
537012.5.peg.1143.site.10, 32, 131, 163
537012.5.peg.1143.site.11, 39, 131, 170
537012.5.peg.1143.site.12, 5, 133, 138
537012.5.peg.1143.site.13, 9, 134, 143
537012.5.peg.1143.site.14, 9, 134, 143
537012.5.peg.1143.site.15, 5, 134, 139
537012.5.peg.1143.site.16, 79, 133, 212
537012.5.peg.1143.site.17, 1, 134, 135
537012.5.peg.1143.site.18, 8, 134, 142
537012.5.peg.1143.site.19, 9, 134, 143
537012.5.peg.1143.site.20, 9, 134, 143
537012.5.peg.1143.site.21, 4, 132, 136
537012.5.peg.1143.site.22, 10, 134, 144
537012.5.peg.1143.site.23, 2, 133, 135
537012.5.peg.1143.site.24, 1, 132, 133
537012.5.peg.1143.site.25, 10, 131, 141
537012.5.peg.1143.site.26, 10, 131, 141
537012.5.peg.1143.site.27, 10, 130, 140
537012.5.peg.1143.site.28, 8, 129, 137
537012.5.peg.1143.site.29, 7, 134, 141
537012.5.peg.1143.site.30, 15, 132, 147
537012.5.peg.1143.site.31, 16, 132, 148
537012.5.peg.1143.site.32, 8, 134, 142
537012.5.peg.1143.site.33, 18, 133, 151
537012.5.peg.1143.site.34, 12, 133, 145
537012.5.peg.1143.site.35, 0, 132, 132
537012.5.peg.1143.site.36, 4, 131, 135
537012.5.peg.1143.site.37, 11, 132, 143
537012.5.peg.1143.site.38, 6, 132, 138
537012.5.peg.1143.site.39, 4, 128, 132
537012.5.peg.1143.site.40, 20, 126, 146
537012.5.peg.1143.site.41, 4, 132, 136
537012.5.peg.1143.site.42, 1, 134, 135
537012.5.peg.1143.site.43, 17, 131, 148
537012.5.peg.1143.site.44, 4, 131, 135
537012.5.peg.1143.site.45, 5, 132, 137
537012.5.peg.1143.site.46, 1, 122, 123
537012.5.peg.78.site.1, 2, 131, 133
537012.5.peg.78.site.2, 3, 128, 131
537012.5.peg.78.site.3, 129, 131, 260
537012.5.peg.78.site.4, 4, 130, 134
537012.5.peg.1149.site.1, 4, 119, 123
537012.5.peg.1149.site.2, 8, 126, 134
537012.5.peg.1149.site.3, 1, 127, 128
537012.5.peg.1149.site.4, 2, 126, 128
537012.5.peg.1149.site.5, 29, 122, 151
537012.5.peg.1149.site.6, 3, 123, 126
537012.5.peg.1149.site.7, 5, 123, 128
537012.5.peg.1149.site.8, 79, 125, 204
537012.5.peg.1149.site.9, 2, 126, 128
537012.5.peg.1149.site.10, 2, 129, 131
537012.5.peg.1149.site.11, 53, 130, 183
537012.5.peg.1149.site.12, 8, 130, 138
537012.5.peg.1149.site.13, 5, 130, 135
537012.5.peg.1149.site.14, 61, 130, 191
537012.5.peg.1149.site.15, 1, 130, 131
537012.5.peg.1149.site.16, 61, 130, 191
537012.5.peg.1149.site.17, 7, 129, 136
537012.5.peg.1149.site.18, 6, 130, 136
537012.5.peg.1149.site.19, 12, 132, 144
537012.5.peg.1149.site.20, 5, 133, 138
537012.5.peg.1149.site.21, 8, 134, 142
537012.5.peg.1149.site.22, 3, 133, 136
537012.5.peg.1149.site.23, 8, 133, 141
537012.5.peg.1149.site.24, 1, 134, 135
537012.5.peg.1149.site.25, 12, 134, 146
537012.5.peg.1149.site.26, 8, 134, 142
537012.5.peg.1149.site.27, 4, 134, 138
537012.5.peg.1149.site.28, 14, 133, 147
537012.5.peg.1149.site.29, 1, 134, 135
537012.5.peg.1149.site.30, 18, 134, 152
537012.5.peg.1149.site.31, 31, 134, 165
537012.5.peg.1149.site.32, 10, 133, 143
537012.5.peg.1149.site.33, 14, 132, 146
537012.5.peg.1149.site.34, 16, 130, 146
537012.5.peg.1149.site.35, 10, 132, 142
537012.5.peg.1149.site.36, 3, 134, 137
537012.5.peg.1149.site.37, 0, 133, 133
537012.5.peg.1149.site.38, 7, 134, 141
537012.5.peg.1149.site.39, 5, 133, 138
537012.5.peg.1149.site.40, 19, 133, 152
537012.5.peg.1149.site.41, 15, 134, 149
537012.5.peg.1149.site.42, 5, 133, 138
537012.5.peg.1149.site.43, 2, 132, 134
537012.5.peg.1149.site.44, 1, 130, 131
537012.5.peg.1149.site.45, 12, 130, 142
537012.5.peg.1149.site.46, 3, 126, 129
537012.5.peg.1149.site.47, 8, 122, 130
537012.5.peg.1149.site.48, 3, 122, 125
537012.5.peg.1149.site.49, 2, 121, 123
537012.5.peg.1149.site.50, 8, 121, 129
537012.5.peg.1149.site.51, 7, 121, 128
537012.5.peg.1149.site.52, 5, 120, 125
537012.5.peg.1149.site.53, 19, 120, 139
537012.5.peg.1149.site.54, 1, 122, 123
537012.5.peg.1149.site.55, 2, 122, 124
537012.5.peg.1149.site.56, 3, 124, 127
537012.5.peg.1149.site.57, 2, 124, 126
537012.5.peg.1149.site.58, 1, 123, 124
537012.5.peg.1149.site.59, 17, 123, 140
537012.5.peg.1149.site.60, 124, 128, 252
537012.5.peg.1149.site.61, 8, 128, 136
537012.5.peg.1149.site.62, 5, 128, 133
537012.5.peg.1149.site.63, 42, 128, 170
537012.5.peg.1149.site.64, 8, 130, 138
537012.5.peg.1149.site.65, 1, 130, 131
537012.5.peg.1149.site.66, 1, 130, 131
537012.5.peg.1149.site.67, 7, 127, 134
537012.5.peg.1149.site.68, 2, 127, 129
537012.5.peg.1149.site.69, 1, 123, 124
537012.5.peg.1149.site.70, 5, 122, 127
537012.5.peg.1149.site.71, 7, 122, 129
537012.5.peg.1149.site.72, 9, 123, 132
537012.5.peg.1149.site.73, 4, 132, 136
537012.5.peg.1149.site.74, 6, 132, 138
537012.5.peg.1149.site.75, 6, 132, 138
537012.5.peg.1149.site.76, 4, 132, 136
537012.5.peg.1149.site.77, 1, 133, 134
537012.5.peg.1149.site.78, 127, 133, 260
537012.5.peg.1149.site.79, 1, 131, 132
537012.5.peg.1149.site.80, 7, 129, 136
537012.5.peg.1149.site.81, 5, 130, 135
537012.5.peg.1149.site.82, 15, 128, 143
537012.5.peg.1149.site.83, 3, 129, 132
537012.5.peg.1149.site.84, 5, 129, 134
537012.5.peg.1149.site.85, 10, 127, 137
537012.5.peg.1149.site.86, 12, 127, 139
537012.5.peg.1149.site.87, 12, 127, 139
537012.5.peg.1149.site.88, 14, 125, 139
537012.5.peg.1149.site.89, 8, 127, 135
537012.5.peg.1149.site.90, 5, 128, 133
537012.5.peg.1149.site.91, 6, 129, 135
537012.5.peg.1149.site.92, 6, 129, 135
537012.5.peg.1149.site.93, 122, 129, 251
537012.5.peg.1149.site.94, 8, 127, 135
537012.5.peg.1149.site.95, 6, 130, 136
537012.5.peg.1149.site.96, 15, 130, 145
537012.5.peg.1149.site.97, 6, 130, 136
537012.5.peg.1149.site.98, 6, 130, 136
537012.5.peg.1149.site.99, 123, 130, 253
537012.5.peg.1149.site.100, 7, 130, 137
537012.5.peg.1149.site.101, 15, 130, 145
537012.5.peg.1149.site.102, 6, 130, 136
537012.5.peg.1149.site.103, 1, 131, 132
537012.5.peg.1149.site.104, 2, 132, 134
537012.5.peg.1149.site.105, 1, 134, 135
537012.5.peg.1149.site.106, 4, 132, 136
537012.5.peg.1149.site.107, 3, 134, 137
537012.5.peg.1149.site.108, 5, 134, 139
537012.5.peg.1149.site.109, 4, 134, 138
537012.5.peg.1149.site.110, 4, 133, 137
537012.5.peg.1149.site.111, 2, 133, 135
537012.5.peg.1149.site.112, 11, 134, 145
537012.5.peg.1149.site.113, 4, 131, 135
537012.5.peg.1149.site.114, 9, 132, 141
537012.5.peg.1149.site.115, 7, 133, 140
537012.5.peg.1149.site.116, 5, 133, 138
537012.5.peg.1149.site.117, 0, 133, 133
537012.5.peg.1149.site.118, 10, 130, 140
537012.5.peg.1149.site.119, 2, 129, 131
537012.5.peg.1149.site.120, 1, 124, 125
537012.5.peg.1149.site.121, 11, 123, 134
537012.5.peg.1149.site.122, 1, 122, 123
537012.5.peg.1149.site.123, 9, 125, 134
537012.5.peg.1149.site.124, 11, 124, 135
537012.5.peg.1149.site.125, 7, 124, 131
537012.5.peg.1149.site.126, 4, 123, 127
537012.5.peg.1149.site.127, 4, 126, 130
537012.5.peg.1149.site.128, 4, 131, 135
537012.5.peg.1149.site.129, 4, 131, 135
537012.5.peg.1149.site.130, 2, 128, 130
537012.5.peg.1149.site.131, 8, 129, 137
537012.5.peg.1149.site.132, 5, 132, 137
537012.5.peg.1149.site.133, 7, 133, 140
537012.5.peg.1149.site.134, 2, 129, 131
537012.5.peg.1149.site.135, 50, 128, 178
537012.5.peg.1149.site.136, 0, 127, 127
537012.5.peg.1149.site.137, 2, 124, 126
537012.5.peg.1149.site.138, 1, 116, 117
537012.5.peg.1368.site.1, 21, 123, 144
537012.5.peg.1368.site.2, 20, 132, 152
537012.5.peg.1368.site.3, 7, 133, 140
537012.5.peg.1368.site.4, 73, 130, 203
537012.5.peg.1368.site.5, 1, 132, 133
537012.5.peg.1368.site.6, 2, 131, 133
537012.5.peg.1368.site.7, 4, 128, 132
537012.5.peg.1368.site.8, 4, 128, 132
537012.5.peg.1368.site.9, 1, 130, 131
537012.5.peg.1368.site.10, 3, 130, 133
537012.5.peg.1368.site.11, 11, 133, 144
537012.5.peg.1368.site.12, 16, 133, 149
537012.5.peg.1368.site.13, 3, 134, 137
537012.5.peg.1368.site.14, 1, 133, 134
537012.5.peg.1368.site.15, 4, 133, 137
537012.5.peg.1368.site.16, 102, 131, 233
537012.5.peg.1368.site.17, 1, 133, 134
537012.5.peg.1368.site.18, 1, 133, 134
537012.5.peg.1368.site.19, 12, 133, 145
537012.5.peg.1368.site.20, 3, 134, 137
537012.5.peg.1368.site.21, 2, 134, 136
537012.5.peg.1368.site.22, 1, 134, 135
537012.5.peg.1368.site.23, 7, 134, 141
537012.5.peg.1368.site.24, 3, 134, 137
537012.5.peg.1368.site.25, 4, 133, 137
537012.5.peg.1368.site.26, 6, 134, 140
537012.5.peg.1368.site.27, 61, 132, 193
537012.5.peg.1368.site.28, 1, 133, 134
537012.5.peg.1368.site.29, 1, 132, 133
537012.5.peg.1368.site.30, 1, 133, 134
537012.5.peg.1368.site.31, 1, 133, 134
537012.5.peg.1368.site.32, 28, 133, 161
537012.5.peg.1368.site.33, 0, 132, 132
537012.5.peg.1368.site.34, 7, 134, 141
537012.5.peg.1368.site.35, 1, 134, 135
537012.5.peg.1368.site.36, 6, 134, 140
537012.5.peg.1368.site.37, 22, 134, 156
537012.5.peg.1368.site.38, 21, 134, 155
537012.5.peg.1368.site.39, 0, 134, 134
537012.5.peg.1368.site.40, 1, 134, 135
537012.5.peg.1368.site.41, 98, 133, 231
537012.5.peg.1368.site.42, 3, 133, 136
537012.5.peg.1368.site.43, 4, 131, 135
537012.5.peg.1368.site.44, 3, 132, 135
537012.5.peg.1368.site.45, 17, 130, 147
537012.5.peg.1368.site.46, 4, 124, 128
537012.5.peg.1368.site.47, 3, 128, 131
537012.5.peg.1368.site.48, 2, 130, 132
537012.5.peg.1368.site.49, 5, 132, 137
537012.5.peg.1368.site.50, 2, 131, 133
537012.5.peg.1368.site.51, 2, 132, 134
537012.5.peg.1368.site.52, 1, 134, 135
537012.5.peg.1368.site.53, 5, 133, 138
537012.5.peg.1368.site.54, 2, 133, 135
537012.5.peg.1368.site.55, 1, 134, 135
537012.5.peg.1368.site.56, 2, 132, 134
537012.5.peg.1368.site.57, 1, 134, 135
537012.5.peg.1368.site.58, 1, 134, 135
537012.5.peg.1368.site.59, 1, 134, 135
537012.5.peg.1368.site.60, 3, 134, 137
537012.5.peg.1368.site.61, 1, 134, 135
537012.5.peg.1368.site.62, 6, 134, 140
537012.5.peg.1368.site.63, 2, 134, 136
537012.5.peg.1368.site.64, 5, 134, 139
537012.5.peg.1368.site.65, 1, 134, 135
537012.5.peg.1368.site.66, 7, 132, 139
537012.5.peg.1368.site.67, 4, 133, 137
537012.5.peg.1368.site.68, 7, 134, 141
537012.5.peg.1368.site.69, 5, 133, 138
537012.5.peg.1368.site.70, 4, 132, 136
537012.5.peg.1368.site.71, 1, 133, 134
537012.5.peg.1368.site.72, 6, 133, 139
537012.5.peg.1368.site.73, 2, 133, 135
537012.5.peg.1368.site.74, 69, 133, 202
537012.5.peg.1368.site.75, 1, 133, 134
537012.5.peg.1368.site.76, 11, 133, 144
537012.5.peg.1368.site.77, 1, 133, 134
537012.5.peg.1368.site.78, 1, 133, 134
537012.5.peg.1368.site.79, 2, 134, 136
537012.5.peg.1368.site.80, 1, 134, 135
537012.5.peg.1368.site.81, 18, 134, 152
537012.5.peg.1368.site.82, 7, 131, 138
537012.5.peg.1368.site.83, 15, 134, 149
537012.5.peg.1368.site.84, 1, 134, 135
537012.5.peg.1368.site.85, 6, 134, 140
537012.5.peg.1368.site.86, 6, 134, 140
537012.5.peg.1368.site.87, 1, 134, 135
537012.5.peg.1368.site.88, 4, 134, 138
537012.5.peg.1368.site.89, 4, 131, 135
537012.5.peg.1368.site.90, 1, 133, 134
537012.5.peg.1368.site.91, 0, 129, 129
537012.5.peg.1368.site.92, 1, 131, 132
537012.5.peg.1368.site.93, 11, 127, 138
537012.5.peg.1368.site.94, 27, 126, 153
537012.5.peg.1368.site.95, 92, 126, 218
537012.5.peg.1368.site.96, 5, 124, 129
537012.5.peg.1368.site.97, 19, 128, 147
537012.5.peg.1368.site.98, 3, 129, 132
537012.5.peg.1368.site.99, 3, 130, 133
537012.5.peg.1368.site.100, 4, 130, 134
537012.5.peg.1368.site.101, 4, 130, 134
537012.5.peg.1368.site.102, 79, 128, 207
537012.5.peg.1368.site.103, 4, 131, 135
537012.5.peg.1368.site.104, 2, 129, 131
537012.5.peg.1368.site.105, 2, 130, 132
537012.5.peg.1368.site.106, 1, 131, 132
537012.5.peg.1368.site.107, 4, 130, 134
537012.5.peg.1368.site.108, 18, 131, 149
537012.5.peg.1368.site.109, 2, 108, 110
537012.5.peg.1368.site.110, 1, 82, 83
537012.5.peg.1368.site.111, 7, 82, 89
537012.5.peg.1368.site.112, 4, 82, 86
537012.5.peg.1368.site.113, 5, 85, 90
537012.5.peg.1368.site.114, 4, 88, 92
537012.5.peg.1368.site.115, 1, 91, 92
537012.5.peg.1368.site.116, 47, 119, 166
537012.5.peg.1368.site.117, 1, 133, 134
537012.5.peg.1368.site.118, 53, 133, 186
537012.5.peg.1368.site.119, 1, 134, 135
537012.5.peg.1368.site.120, 6, 133, 139
537012.5.peg.1368.site.121, 2, 134, 136
537012.5.peg.1368.site.122, 1, 134, 135
537012.5.peg.1368.site.123, 16, 133, 149
537012.5.peg.1368.site.124, 1, 133, 134
537012.5.peg.1368.site.125, 3, 133, 136
537012.5.peg.1368.site.126, 55, 131, 186
537012.5.peg.1368.site.127, 1, 133, 134
537012.5.peg.1368.site.128, 1, 133, 134
537012.5.peg.1368.site.129, 5, 132, 137
537012.5.peg.1368.site.130, 41, 132, 173
537012.5.peg.1368.site.131, 2, 134, 136
537012.5.peg.1368.site.132, 13, 133, 146
537012.5.peg.1368.site.133, 7, 134, 141
537012.5.peg.1368.site.134, 64, 132, 196
537012.5.peg.1368.site.135, 3, 134, 137
537012.5.peg.1368.site.136, 2, 134, 136
537012.5.peg.1368.site.137, 1, 134, 135
537012.5.peg.1368.site.138, 1, 134, 135
537012.5.peg.1368.site.139, 1, 134, 135
537012.5.peg.1368.site.140, 19, 134, 153
537012.5.peg.1368.site.141, 4, 133, 137
537012.5.peg.1367.site.1, 24, 124, 148
537012.5.peg.1367.site.2, 4, 129, 133
537012.5.peg.1367.site.3, 5, 132, 137
537012.5.peg.1367.site.4, 5, 131, 136
537012.5.peg.1367.site.5, 120, 133, 253
537012.5.peg.1367.site.6, 8, 134, 142
537012.5.peg.1367.site.7, 4, 134, 138
537012.5.peg.1367.site.8, 13, 132, 145
537012.5.peg.1367.site.9, 6, 134, 140
537012.5.peg.1367.site.10, 1, 134, 135
537012.5.peg.1367.site.11, 70, 131, 201
537012.5.peg.1367.site.12, 0, 134, 134
537012.5.peg.1367.site.13, 0, 134, 134
537012.5.peg.1367.site.14, 7, 134, 141
537012.5.peg.1367.site.15, 1, 134, 135
537012.5.peg.1367.site.16, 3, 131, 134
537012.5.peg.1367.site.17, 2, 134, 136
537012.5.peg.1367.site.18, 11, 132, 143
537012.5.peg.1367.site.19, 2, 134, 136
537012.5.peg.1367.site.20, 33, 133, 166
537012.5.peg.1367.site.21, 2, 133, 135
537012.5.peg.1367.site.22, 1, 133, 134
537012.5.peg.1367.site.23, 2, 133, 135
537012.5.peg.1367.site.24, 0, 134, 134
537012.5.peg.1367.site.25, 4, 133, 137
537012.5.peg.1367.site.26, 2, 134, 136
537012.5.peg.1367.site.27, 19, 134, 153
537012.5.peg.1367.site.28, 3, 134, 137
537012.5.peg.1367.site.29, 18, 134, 152
537012.5.peg.1367.site.30, 70, 133, 203
537012.5.peg.1367.site.31, 14, 134, 148
537012.5.peg.1367.site.32, 6, 134, 140
537012.5.peg.1367.site.33, 1, 134, 135
537012.5.peg.1367.site.34, 18, 131, 149
537012.5.peg.1367.site.35, 10, 131, 141
537012.5.peg.1367.site.36, 5, 134, 139
537012.5.peg.1367.site.37, 8, 133, 141
537012.5.peg.1367.site.38, 104, 133, 237
537012.5.peg.1367.site.39, 1, 133, 134
537012.5.peg.1367.site.40, 1, 134, 135
537012.5.peg.1367.site.41, 7, 134, 141
537012.5.peg.1367.site.42, 1, 133, 134
537012.5.peg.1367.site.43, 5, 132, 137
537012.5.peg.1367.site.44, 1, 134, 135
537012.5.peg.1367.site.45, 0, 134, 134
537012.5.peg.1367.site.46, 1, 134, 135
537012.5.peg.1367.site.47, 15, 133, 148
537012.5.peg.1367.site.48, 6, 132, 138
537012.5.peg.1367.site.49, 1, 132, 133
537012.5.peg.1367.site.50, 5, 131, 136
537012.5.peg.1367.site.51, 52, 132, 184
537012.5.peg.1367.site.52, 1, 134, 135
537012.5.peg.1367.site.53, 5, 133, 138
537012.5.peg.1367.site.54, 1, 133, 134
537012.5.peg.1367.site.55, 4, 131, 135
537012.5.peg.1367.site.56, 78, 127, 205
537012.5.peg.1367.site.57, 1, 128, 129
537012.5.peg.1367.site.58, 10, 128, 138
537012.5.peg.1367.site.59, 46, 131, 177
537012.5.peg.1367.site.60, 16, 131, 147
537012.5.peg.1367.site.61, 6, 133, 139
537012.5.peg.1367.site.62, 6, 133, 139
537012.5.peg.1367.site.63, 21, 131, 152
537012.5.peg.1367.site.64, 2, 133, 135
537012.5.peg.1367.site.65, 3, 133, 136
537012.5.peg.1367.site.66, 1, 133, 134
537012.5.peg.1367.site.67, 7, 134, 141
537012.5.peg.1367.site.68, 1, 133, 134
537012.5.peg.1367.site.69, 1, 134, 135
537012.5.peg.1367.site.70, 5, 132, 137
537012.5.peg.1367.site.71, 4, 132, 136
537012.5.peg.1367.site.72, 128, 134, 262
537012.5.peg.1367.site.73, 4, 134, 138
537012.5.peg.1367.site.74, 11, 132, 143
537012.5.peg.1367.site.75, 1, 134, 135
537012.5.peg.1367.site.76, 4, 132, 136
537012.5.peg.1367.site.77, 7, 132, 139
537012.5.peg.1367.site.78, 3, 134, 137
537012.5.peg.1367.site.79, 44, 131, 175
537012.5.peg.1367.site.80, 1, 134, 135
537012.5.peg.1367.site.81, 4, 134, 138
537012.5.peg.1367.site.82, 1, 134, 135
537012.5.peg.1367.site.83, 41, 133, 174
537012.5.peg.1367.site.84, 11, 133, 144
537012.5.peg.1367.site.85, 1, 134, 135
537012.5.peg.1367.site.86, 1, 134, 135
537012.5.peg.1367.site.87, 6, 133, 139
537012.5.peg.1367.site.88, 0, 134, 134
537012.5.peg.1367.site.89, 0, 133, 133
537012.5.peg.1367.site.90, 0, 133, 133
537012.5.peg.1367.site.91, 0, 132, 132
537012.5.peg.1367.site.92, 0, 133, 133
537012.5.peg.1367.site.93, 7, 134, 141
537012.5.peg.1367.site.94, 2, 134, 136
537012.5.peg.1365.site.1, 4, 116, 120
537012.5.peg.1365.site.2, 1, 113, 114
537012.5.peg.1365.site.3, 0, 110, 110
537012.5.peg.1365.site.4, 101, 107, 208
537012.5.peg.1365.site.5, 52, 111, 163
537012.5.peg.1365.site.6, 0, 112, 112
537012.5.peg.1365.site.7, 2, 126, 128
537012.5.peg.1365.site.8, 13, 124, 137
537012.5.peg.1365.site.9, 9, 125, 134
537012.5.peg.1365.site.10, 14, 125, 139
537012.5.peg.1365.site.11, 7, 126, 133
537012.5.peg.1365.site.12, 13, 124, 137
537012.5.peg.1365.site.13, 7, 126, 133
537012.5.peg.1365.site.14, 19, 126, 145
537012.5.peg.1365.site.15, 1, 127, 128
537012.5.peg.1365.site.16, 4, 127, 131
537012.5.peg.1365.site.17, 16, 127, 143
537012.5.peg.1365.site.18, 0, 126, 126
537012.5.peg.1365.site.19, 2, 126, 128
537012.5.peg.1365.site.20, 4, 115, 119
537012.5.peg.1365.site.21, 4, 115, 119
537012.5.peg.1365.site.22, 4, 116, 120
537012.5.peg.1365.site.23, 25, 111, 136
537012.5.peg.1365.site.24, 4, 112, 116
537012.5.peg.1365.site.25, 14, 123, 137
537012.5.peg.1365.site.26, 13, 122, 135
537012.5.peg.1365.site.27, 13, 122, 135
537012.5.peg.1365.site.28, 15, 125, 140
537012.5.peg.1365.site.29, 12, 125, 137
537012.5.peg.1365.site.30, 14, 124, 138
537012.5.peg.1365.site.31, 9, 118, 127
537012.5.peg.1365.site.32, 1, 111, 112
537012.5.peg.1365.site.33, 83, 109, 192
537012.5.peg.1365.site.34, 4, 110, 114
537012.5.peg.1365.site.35, 7, 109, 116
537012.5.peg.1365.site.36, 2, 111, 113
537012.5.peg.1365.site.37, 4, 114, 118
537012.5.peg.1360.site.1, 8, 79, 87
537012.5.peg.1360.site.2, 6, 83, 89
537012.5.peg.1360.site.3, 5, 106, 111
537012.5.peg.1360.site.4, 2, 107, 109
537012.5.peg.1360.site.5, 2, 107, 109
537012.5.peg.1360.site.6, 8, 116, 124
537012.5.peg.1360.site.7, 0, 122, 122
537012.5.peg.1360.site.8, 7, 124, 131
537012.5.peg.1360.site.9, 7, 126, 133
537012.5.peg.1360.site.10, 0, 128, 128
537012.5.peg.1360.site.11, 2, 130, 132
537012.5.peg.1360.site.12, 8, 133, 141
537012.5.peg.1360.site.13, 5, 130, 135
537012.5.peg.1360.site.14, 1, 133, 134
537012.5.peg.1360.site.15, 1, 133, 134
537012.5.peg.1360.site.16, 1, 132, 133
537012.5.peg.1360.site.17, 20, 128, 148
537012.5.peg.1360.site.18, 0, 126, 126
537012.5.peg.1360.site.19, 3, 128, 131
537012.5.peg.1360.site.20, 16, 132, 148
537012.5.peg.1360.site.21, 12, 134, 146
537012.5.peg.1360.site.22, 7, 133, 140
537012.5.peg.1360.site.23, 17, 134, 151
537012.5.peg.1360.site.24, 1, 134, 135
537012.5.peg.1360.site.25, 1, 134, 135
537012.5.peg.1360.site.26, 118, 125, 243
537012.5.peg.1568.site.1, 61, 123, 184
537012.5.peg.1568.site.2, 44, 121, 165
537012.5.peg.1568.site.3, 3, 122, 125
537012.5.peg.1568.site.4, 1, 121, 122
537012.5.peg.1568.site.5, 7, 121, 128
537012.5.peg.1568.site.6, 2, 123, 125
537012.5.peg.1568.site.7, 1, 126, 127
537012.5.peg.1568.site.8, 3, 126, 129
537012.5.peg.1568.site.9, 4, 125, 129
537012.5.peg.1568.site.10, 4, 124, 128
537012.5.peg.1568.site.11, 4, 127, 131
537012.5.peg.5042.site.1, 3, 128, 131
537012.5.peg.5042.site.2, 6, 129, 135
537012.5.peg.5042.site.3, 35, 128, 163
537012.5.peg.5042.site.4, 2, 129, 131
537012.5.peg.5042.site.5, 11, 127, 138
537012.5.peg.5042.site.6, 1, 130, 131
537012.5.peg.5042.site.7, 3, 130, 133
537012.5.peg.5042.site.8, 4, 130, 134
537012.5.peg.5042.site.9, 8, 129, 137
537012.5.peg.5042.site.10, 1, 130, 131
537012.5.peg.5042.site.11, 71, 129, 200
537012.5.peg.5042.site.12, 19, 128, 147
537012.5.peg.5042.site.13, 1, 130, 131
537012.5.peg.5042.site.14, 24, 132, 156
537012.5.peg.5042.site.15, 11, 132, 143
537012.5.peg.5042.site.16, 3, 129, 132
537012.5.peg.5042.site.17, 7, 131, 138
537012.5.peg.5042.site.18, 1, 128, 129
537012.5.peg.5042.site.19, 2, 126, 128
537012.5.peg.5042.site.20, 2, 127, 129
537012.5.peg.5042.site.21, 2, 126, 128
537012.5.peg.5042.site.22, 0, 123, 123
537012.5.peg.5042.site.23, 19, 122, 141
537012.5.peg.5042.site.24, 1, 123, 124
537012.5.peg.5042.site.25, 21, 125, 146
537012.5.peg.5042.site.26, 0, 131, 131
537012.5.peg.5042.site.27, 2, 130, 132
537012.5.peg.5042.site.28, 1, 131, 132
537012.5.peg.5042.site.29, 1, 129, 130
537012.5.peg.5042.site.30, 1, 129, 130
537012.5.peg.5042.site.31, 1, 130, 131
537012.5.peg.5042.site.32, 1, 132, 133
537012.5.peg.5042.site.33, 0, 129, 129
537012.5.peg.5042.site.34, 0, 129, 129
537012.5.peg.5042.site.35, 1, 130, 131
537012.5.peg.5042.site.36, 1, 130, 131
537012.5.peg.5042.site.37, 2, 130, 132
537012.5.peg.5042.site.38, 0, 130, 130
537012.5.peg.5042.site.39, 1, 129, 130
537012.5.peg.5042.site.40, 1, 131, 132
537012.5.peg.5047.site.1, 1, 124, 125
537012.5.peg.5047.site.2, 1, 121, 122
537012.5.peg.5047.site.3, 3, 121, 124
537012.5.peg.5047.site.4, 7, 118, 125
537012.5.peg.5047.site.5, 9, 117, 126
537012.5.peg.5047.site.6, 11, 118, 129
537012.5.peg.5047.site.7, 6, 118, 124
537012.5.peg.5047.site.8, 9, 118, 127
537012.5.peg.5047.site.9, 6, 117, 123
537012.5.peg.5047.site.10, 51, 116, 167
537012.5.peg.5047.site.11, 6, 118, 124
537012.5.peg.1567.site.1, 38, 67, 105
537012.5.peg.1567.site.2, 62, 86, 148
537012.5.peg.1567.site.3, 4, 120, 124
537012.5.peg.1567.site.4, 1, 125, 126
537012.5.peg.1567.site.5, 1, 124, 125
537012.5.peg.1567.site.6, 1, 125, 126
537012.5.peg.1567.site.7, 3, 125, 128
537012.5.peg.1567.site.8, 1, 126, 127
537012.5.peg.1567.site.9, 107, 125, 232
537012.5.peg.1567.site.10, 1, 123, 124
537012.5.peg.1567.site.11, 2, 123, 125
537012.5.peg.1567.site.12, 2, 124, 126
537012.5.peg.1567.site.13, 94, 125, 219
537012.5.peg.1567.site.14, 6, 128, 134
537012.5.peg.1567.site.15, 1, 128, 129
537012.5.peg.1567.site.16, 0, 125, 125
537012.5.peg.1567.site.17, 87, 126, 213
537012.5.peg.1567.site.18, 37, 126, 163
537012.5.peg.1567.site.19, 6, 127, 133
537012.5.peg.1567.site.20, 2, 127, 129
537012.5.peg.1567.site.21, 1, 127, 128
537012.5.peg.1567.site.22, 0, 127, 127
537012.5.peg.1567.site.23, 3, 127, 130
537012.5.peg.1567.site.24, 3, 128, 131
537012.5.peg.1567.site.25, 1, 127, 128
537012.5.peg.1567.site.26, 5, 94, 99
537012.5.peg.1567.site.27, 6, 95, 101
537012.5.peg.1567.site.28, 6, 94, 100
537012.5.peg.1567.site.29, 3, 89, 92
537012.5.peg.1567.site.30, 2, 90, 92
537012.5.peg.860.site.1, 0, 127, 127
537012.5.peg.860.site.2, 4, 124, 128
537012.5.peg.860.site.3, 3, 131, 134
537012.5.peg.860.site.4, 1, 132, 133
537012.5.peg.860.site.5, 60, 132, 192
537012.5.peg.860.site.6, 3, 132, 135
537012.5.peg.860.site.7, 0, 133, 133
537012.5.peg.860.site.8, 1, 133, 134
537012.5.peg.860.site.9, 4, 130, 134
537012.5.peg.860.site.10, 8, 130, 138
537012.5.peg.860.site.11, 2, 126, 128
537012.5.peg.860.site.12, 2, 128, 130
537012.5.peg.860.site.13, 9, 128, 137
537012.5.peg.860.site.14, 0, 123, 123
537012.5.peg.860.site.15, 0, 126, 126
537012.5.peg.860.site.16, 5, 128, 133
537012.5.peg.860.site.17, 6, 128, 134
537012.5.peg.860.site.18, 2, 130, 132
537012.5.peg.860.site.19, 3, 129, 132
537012.5.peg.860.site.20, 1, 123, 124
537012.5.peg.860.site.21, 57, 123, 180
537012.5.peg.860.site.22, 2, 125, 127
537012.5.peg.860.site.23, 2, 124, 126
537012.5.peg.860.site.24, 55, 130, 185
537012.5.peg.860.site.25, 1, 133, 134
537012.5.peg.860.site.26, 17, 130, 147
537012.5.peg.860.site.27, 3, 132, 135
537012.5.peg.860.site.28, 1, 131, 132
537012.5.peg.860.site.29, 8, 129, 137
537012.5.peg.860.site.30, 11, 132, 143
537012.5.peg.860.site.31, 19, 131, 150
537012.5.peg.860.site.32, 2, 134, 136
537012.5.peg.860.site.33, 3, 134, 137
537012.5.peg.860.site.34, 2, 133, 135
537012.5.peg.860.site.35, 6, 133, 139
537012.5.peg.860.site.36, 1, 133, 134
537012.5.peg.860.site.37, 3, 134, 137
537012.5.peg.860.site.38, 2, 132, 134
537012.5.peg.860.site.39, 5, 132, 137
537012.5.peg.860.site.40, 3, 134, 137
537012.5.peg.860.site.41, 2, 134, 136
537012.5.peg.860.site.42, 7, 134, 141
537012.5.peg.860.site.43, 3, 134, 137
537012.5.peg.860.site.44, 8, 134, 142
537012.5.peg.863.site.1, 20, 125, 145
537012.5.peg.863.site.2, 1, 128, 129
537012.5.peg.863.site.3, 8, 133, 141
537012.5.peg.863.site.4, 4, 131, 135
537012.5.peg.863.site.5, 3, 132, 135
537012.5.peg.863.site.6, 3, 130, 133
537012.5.peg.863.site.7, 10, 130, 140
537012.5.peg.863.site.8, 9, 134, 143
537012.5.peg.863.site.9, 37, 131, 168
537012.5.peg.863.site.10, 9, 133, 142
537012.5.peg.863.site.11, 0, 134, 134
537012.5.peg.863.site.12, 57, 132, 189
537012.5.peg.863.site.13, 9, 134, 143
537012.5.peg.863.site.14, 53, 128, 181
537012.5.peg.863.site.15, 16, 132, 148
537012.5.peg.863.site.16, 48, 131, 179
537012.5.peg.863.site.17, 4, 131, 135
537012.5.peg.863.site.18, 7, 132, 139
537012.5.peg.863.site.19, 1, 126, 127
537012.5.peg.863.site.20, 2, 126, 128
537012.5.peg.863.site.21, 37, 129, 166
537012.5.peg.863.site.22, 2, 134, 136
537012.5.peg.863.site.23, 4, 134, 138
537012.5.peg.863.site.24, 0, 134, 134
537012.5.peg.863.site.25, 9, 134, 143
537012.5.peg.863.site.26, 1, 134, 135
537012.5.peg.863.site.27, 1, 134, 135
537012.5.peg.863.site.28, 1, 134, 135
537012.5.peg.863.site.29, 0, 133, 133
537012.5.peg.863.site.30, 13, 131, 144
537012.5.peg.863.site.31, 17, 132, 149
537012.5.peg.863.site.32, 3, 134, 137
537012.5.peg.863.site.33, 15, 134, 149
537012.5.peg.863.site.34, 8, 134, 142
537012.5.peg.863.site.35, 1, 134, 135
537012.5.peg.863.site.36, 7, 134, 141
537012.5.peg.863.site.37, 15, 131, 146
537012.5.peg.863.site.38, 1, 132, 133
537012.5.peg.862.site.1, 1, 132, 133
537012.5.peg.862.site.2, 1, 132, 133
537012.5.peg.862.site.3, 8, 131, 139
537012.5.peg.862.site.4, 0, 133, 133
537012.5.peg.862.site.5, 9, 134, 143
537012.5.peg.862.site.6, 1, 134, 135
537012.5.peg.862.site.7, 7, 134, 141
537012.5.peg.862.site.8, 3, 134, 137
537012.5.peg.862.site.9, 4, 134, 138
537012.5.peg.862.site.10, 9, 134, 143
537012.5.peg.862.site.11, 9, 134, 143
537012.5.peg.862.site.12, 8, 133, 141
537012.5.peg.862.site.13, 11, 134, 145
537012.5.peg.862.site.14, 1, 134, 135
537012.5.peg.862.site.15, 6, 134, 140
537012.5.peg.862.site.16, 101, 134, 235
537012.5.peg.862.site.17, 4, 134, 138
537012.5.peg.862.site.18, 1, 134, 135
537012.5.peg.862.site.19, 3, 134, 137
537012.5.peg.862.site.20, 5, 134, 139
537012.5.peg.862.site.21, 1, 134, 135
537012.5.peg.862.site.22, 0, 134, 134
537012.5.peg.862.site.23, 9, 134, 143
537012.5.peg.862.site.24, 6, 134, 140
537012.5.peg.862.site.25, 19, 130, 149
537012.5.peg.862.site.26, 0, 134, 134
537012.5.peg.862.site.27, 61, 133, 194
537012.5.peg.862.site.28, 1, 134, 135
537012.5.peg.862.site.29, 3, 134, 137
537012.5.peg.862.site.30, 0, 134, 134
537012.5.peg.862.site.31, 0, 134, 134
537012.5.peg.862.site.32, 1, 134, 135
537012.5.peg.862.site.33, 13, 134, 147
537012.5.peg.862.site.34, 9, 134, 143
537012.5.peg.862.site.35, 8, 134, 142
537012.5.peg.862.site.36, 8, 134, 142
537012.5.peg.862.site.37, 9, 134, 143
537012.5.peg.862.site.38, 0, 134, 134
537012.5.peg.862.site.39, 20, 134, 154
537012.5.peg.862.site.40, 1, 134, 135
537012.5.peg.862.site.41, 38, 131, 169
537012.5.peg.862.site.42, 4, 134, 138
537012.5.peg.865.site.1, 1, 134, 135
537012.5.peg.865.site.2, 9, 134, 143
537012.5.peg.865.site.3, 13, 132, 145
537012.5.peg.865.site.4, 1, 134, 135
537012.5.peg.865.site.5, 33, 132, 165
537012.5.peg.865.site.6, 5, 133, 138
537012.5.peg.865.site.7, 2, 134, 136
537012.5.peg.865.site.8, 1, 134, 135
537012.5.peg.865.site.9, 1, 134, 135
537012.5.peg.865.site.10, 19, 134, 153
537012.5.peg.865.site.11, 1, 134, 135
537012.5.peg.865.site.12, 9, 134, 143
537012.5.peg.865.site.13, 1, 133, 134
537012.5.peg.865.site.14, 2, 134, 136
537012.5.peg.865.site.15, 8, 134, 142
537012.5.peg.865.site.16, 3, 133, 136
537012.5.peg.865.site.17, 21, 134, 155
537012.5.peg.865.site.18, 0, 133, 133
537012.5.peg.865.site.19, 18, 134, 152
537012.5.peg.865.site.20, 8, 134, 142
537012.5.peg.865.site.21, 4, 134, 138
537012.5.peg.865.site.22, 3, 134, 137
537012.5.peg.865.site.23, 2, 133, 135
537012.5.peg.865.site.24, 1, 134, 135
537012.5.peg.865.site.25, 1, 134, 135
537012.5.peg.865.site.26, 1, 134, 135
537012.5.peg.865.site.27, 5, 132, 137
537012.5.peg.865.site.28, 46, 132, 178
537012.5.peg.865.site.29, 73, 133, 206
537012.5.peg.865.site.30, 95, 132, 227
537012.5.peg.865.site.31, 0, 133, 133
537012.5.peg.865.site.32, 4, 132, 136
537012.5.peg.865.site.33, 59, 130, 189
537012.5.peg.865.site.34, 12, 124, 136
537012.5.peg.865.site.35, 4, 128, 132
537012.5.peg.865.site.36, 2, 134, 136
537012.5.peg.865.site.37, 2, 134, 136
537012.5.peg.865.site.38, 1, 134, 135
537012.5.peg.865.site.39, 8, 134, 142
537012.5.peg.865.site.40, 1, 133, 134
537012.5.peg.865.site.41, 7, 134, 141
537012.5.peg.865.site.42, 4, 132, 136
537012.5.peg.865.site.43, 13, 132, 145
537012.5.peg.865.site.44, 1, 134, 135
537012.5.peg.865.site.45, 6, 133, 139
537012.5.peg.865.site.46, 4, 133, 137
537012.5.peg.865.site.47, 17, 132, 149
537012.5.peg.865.site.48, 3, 133, 136
537012.5.peg.865.site.49, 0, 133, 133
537012.5.peg.865.site.50, 4, 131, 135
537012.5.peg.865.site.51, 6, 133, 139
537012.5.peg.865.site.52, 9, 133, 142
537012.5.peg.865.site.53, 1, 134, 135
537012.5.peg.865.site.54, 20, 133, 153
537012.5.peg.865.site.55, 9, 132, 141
537012.5.peg.865.site.56, 5, 132, 137
537012.5.peg.865.site.57, 8, 134, 142
537012.5.peg.865.site.58, 105, 131, 236
537012.5.peg.865.site.59, 4, 132, 136
537012.5.peg.865.site.60, 11, 133, 144
537012.5.peg.865.site.61, 2, 134, 136
537012.5.peg.865.site.62, 1, 134, 135
537012.5.peg.865.site.63, 2, 134, 136
537012.5.peg.865.site.64, 89, 133, 222
537012.5.peg.865.site.65, 9, 134, 143
537012.5.peg.865.site.66, 1, 134, 135
537012.5.peg.865.site.67, 1, 133, 134
537012.5.peg.865.site.68, 71, 131, 202
537012.5.peg.865.site.69, 106, 132, 238
537012.5.peg.865.site.70, 2, 132, 134
537012.5.peg.865.site.71, 2, 133, 135
537012.5.peg.865.site.72, 3, 134, 137
537012.5.peg.865.site.73, 6, 133, 139
537012.5.peg.865.site.74, 2, 134, 136
537012.5.peg.865.site.75, 5, 133, 138
537012.5.peg.865.site.76, 5, 133, 138
537012.5.peg.865.site.77, 5, 133, 138
537012.5.peg.865.site.78, 1, 132, 133
537012.5.peg.865.site.79, 0, 132, 132
537012.5.peg.865.site.80, 5, 134, 139
537012.5.peg.865.site.81, 10, 122, 132
537012.5.peg.865.site.82, 1, 126, 127
537012.5.peg.865.site.83, 8, 129, 137
537012.5.peg.865.site.84, 3, 133, 136
537012.5.peg.865.site.85, 25, 133, 158
537012.5.peg.865.site.86, 5, 133, 138
537012.5.peg.865.site.87, 21, 134, 155
537012.5.peg.865.site.88, 2, 134, 136
537012.5.peg.865.site.89, 3, 134, 137
537012.5.peg.865.site.90, 50, 132, 182
537012.5.peg.865.site.91, 3, 131, 134
537012.5.peg.865.site.92, 8, 133, 141
537012.5.peg.865.site.93, 2, 134, 136
537012.5.peg.865.site.94, 3, 134, 137
537012.5.peg.865.site.95, 1, 133, 134
537012.5.peg.865.site.96, 96, 133, 229
537012.5.peg.867.site.1, 4, 124, 128
537012.5.peg.867.site.2, 1, 127, 128
537012.5.peg.867.site.3, 35, 125, 160
537012.5.peg.867.site.4, 12, 127, 139
537012.5.peg.867.site.5, 3, 126, 129
537012.5.peg.867.site.6, 2, 127, 129
537012.5.peg.867.site.7, 1, 127, 128
537012.5.peg.867.site.8, 1, 126, 127
537012.5.peg.867.site.9, 0, 127, 127
537012.5.peg.867.site.10, 4, 127, 131
537012.5.peg.867.site.11, 1, 127, 128
537012.5.peg.867.site.12, 3, 127, 130
537012.5.peg.867.site.13, 18, 127, 145
537012.5.peg.867.site.14, 24, 126, 150
537012.5.peg.867.site.15, 6, 125, 131
537012.5.peg.867.site.16, 1, 127, 128
537012.5.peg.867.site.17, 3, 127, 130
537012.5.peg.867.site.18, 2, 127, 129
537012.5.peg.867.site.19, 23, 124, 147
537012.5.peg.867.site.20, 3, 127, 130
537012.5.peg.867.site.21, 3, 127, 130
537012.5.peg.867.site.22, 4, 125, 129
537012.5.peg.867.site.23, 38, 126, 164
537012.5.peg.867.site.24, 0, 127, 127
537012.5.peg.867.site.25, 3, 127, 130
537012.5.peg.867.site.26, 1, 127, 128
537012.5.peg.867.site.27, 0, 127, 127
537012.5.peg.867.site.28, 4, 124, 128
537012.5.peg.867.site.29, 1, 127, 128
537012.5.peg.867.site.30, 0, 126, 126
537012.5.peg.867.site.31, 4, 125, 129
537012.5.peg.867.site.32, 1, 127, 128
537012.5.peg.867.site.33, 3, 127, 130
537012.5.peg.867.site.34, 7, 127, 134
537012.5.peg.867.site.35, 4, 125, 129
537012.5.peg.867.site.36, 3, 126, 129
537012.5.peg.867.site.37, 3, 127, 130
537012.5.peg.867.site.38, 17, 126, 143
537012.5.peg.867.site.39, 5, 126, 131
537012.5.peg.867.site.40, 3, 125, 128
537012.5.peg.867.site.41, 1, 126, 127
537012.5.peg.867.site.42, 1, 127, 128
537012.5.peg.867.site.43, 2, 124, 126
537012.5.peg.867.site.44, 38, 123, 161
537012.5.peg.867.site.45, 0, 122, 122
537012.5.peg.867.site.46, 2, 124, 126
537012.5.peg.866.site.1, 4, 134, 138
537012.5.peg.866.site.2, 1, 134, 135
537012.5.peg.866.site.3, 1, 134, 135
537012.5.peg.866.site.4, 21, 133, 154
537012.5.peg.866.site.5, 21, 134, 155
537012.5.peg.866.site.6, 3, 134, 137
537012.5.peg.866.site.7, 2, 133, 135
537012.5.peg.866.site.8, 8, 133, 141
537012.5.peg.866.site.9, 7, 132, 139
537012.5.peg.866.site.10, 0, 134, 134
537012.5.peg.866.site.11, 5, 132, 137
537012.5.peg.866.site.12, 20, 134, 154
537012.5.peg.866.site.13, 2, 134, 136
537012.5.peg.866.site.14, 5, 131, 136
537012.5.peg.866.site.15, 4, 129, 133
537012.5.peg.866.site.16, 34, 125, 159
537012.5.peg.866.site.17, 0, 127, 127
537012.5.peg.869.site.1, 11, 128, 139
537012.5.peg.869.site.2, 0, 128, 128
537012.5.peg.869.site.3, 7, 128, 135
537012.5.peg.869.site.4, 16, 127, 143
537012.5.peg.869.site.5, 0, 129, 129
537012.5.peg.869.site.6, 4, 129, 133
537012.5.peg.869.site.7, 1, 130, 131
537012.5.peg.869.site.8, 15, 130, 145
537012.5.peg.869.site.9, 0, 129, 129
537012.5.peg.869.site.10, 0, 129, 129
537012.5.peg.869.site.11, 0, 129, 129
537012.5.peg.869.site.12, 6, 129, 135
537012.5.peg.869.site.13, 7, 129, 136
537012.5.peg.869.site.14, 0, 128, 128
537012.5.peg.869.site.15, 7, 130, 137
537012.5.peg.869.site.16, 1, 130, 131
537012.5.peg.869.site.17, 7, 130, 137
537012.5.peg.869.site.18, 7, 127, 134
537012.5.peg.869.site.19, 7, 129, 136
537012.5.peg.869.site.20, 31, 129, 160
537012.5.peg.869.site.21, 11, 129, 140
537012.5.peg.869.site.22, 8, 129, 137
537012.5.peg.869.site.23, 1, 129, 130
537012.5.peg.869.site.24, 1, 133, 134
537012.5.peg.869.site.25, 6, 132, 138
537012.5.peg.869.site.26, 4, 132, 136
537012.5.peg.869.site.27, 3, 132, 135
537012.5.peg.869.site.28, 13, 131, 144
537012.5.peg.869.site.29, 7, 130, 137
537012.5.peg.869.site.30, 0, 129, 129
537012.5.peg.869.site.31, 4, 130, 134
537012.5.peg.869.site.32, 1, 130, 131
537012.5.peg.869.site.33, 0, 129, 129
537012.5.peg.869.site.34, 22, 130, 152
537012.5.peg.869.site.35, 88, 129, 217
537012.5.peg.869.site.36, 2, 130, 132
537012.5.peg.869.site.37, 3, 131, 134
537012.5.peg.869.site.38, 1, 134, 135
537012.5.peg.869.site.39, 4, 134, 138
537012.5.peg.869.site.40, 4, 132, 136
537012.5.peg.869.site.41, 3, 130, 133
537012.5.peg.869.site.42, 2, 129, 131
537012.5.peg.869.site.43, 1, 130, 131
537012.5.peg.869.site.44, 2, 130, 132
537012.5.peg.869.site.45, 1, 134, 135
537012.5.peg.869.site.46, 5, 132, 137
537012.5.peg.869.site.47, 8, 132, 140
537012.5.peg.868.site.1, 10, 131, 141
537012.5.peg.868.site.2, 7, 131, 138
537012.5.peg.868.site.3, 1, 132, 133
537012.5.peg.868.site.4, 5, 128, 133
537012.5.peg.868.site.5, 10, 122, 132
537012.5.peg.868.site.6, 5, 126, 131
537012.5.peg.868.site.7, 9, 120, 129
537012.5.peg.868.site.8, 61, 118, 179
537012.5.peg.868.site.9, 14, 105, 119
537012.5.peg.868.site.10, 50, 104, 154
537012.5.peg.868.site.11, 7, 126, 133
537012.5.peg.868.site.12, 7, 129, 136
537012.5.peg.868.site.13, 7, 130, 137
537012.5.peg.868.site.14, 1, 130, 131
537012.5.peg.868.site.15, 9, 130, 139
537012.5.peg.868.site.16, 1, 130, 131
537012.5.peg.868.site.17, 4, 130, 134
537012.5.peg.868.site.18, 7, 130, 137
537012.5.peg.868.site.19, 1, 130, 131
537012.5.peg.868.site.20, 3, 129, 132
537012.5.peg.868.site.21, 1, 130, 131
537012.5.peg.868.site.22, 53, 129, 182
537012.5.peg.868.site.23, 0, 129, 129
537012.5.peg.868.site.24, 6, 130, 136
537012.5.peg.868.site.25, 7, 129, 136
537012.5.peg.868.site.26, 6, 128, 134
537012.5.peg.868.site.27, 0, 129, 129
537012.5.peg.868.site.28, 1, 130, 131
537012.5.peg.868.site.29, 0, 129, 129
537012.5.peg.868.site.30, 23, 129, 152
537012.5.peg.868.site.31, 7, 130, 137
537012.5.peg.868.site.32, 9, 130, 139
537012.5.peg.868.site.33, 10, 128, 138
537012.5.peg.868.site.34, 1, 124, 125
537012.5.peg.868.site.35, 0, 128, 128
537012.5.peg.868.site.36, 4, 129, 133
537012.5.peg.868.site.37, 0, 129, 129
537012.5.peg.868.site.38, 1, 129, 130
537012.5.peg.1212.site.1, 1, 94, 95
537012.5.peg.1212.site.2, 0, 115, 115
537012.5.peg.1212.site.3, 30, 134, 164
537012.5.peg.1212.site.4, 3, 134, 137
537012.5.peg.1213.site.1, 6, 134, 140
537012.5.peg.1213.site.2, 1, 133, 134
537012.5.peg.1213.site.3, 1, 134, 135
537012.5.peg.1213.site.4, 6, 133, 139
537012.5.peg.1213.site.5, 2, 133, 135
537012.5.peg.1213.site.6, 9, 129, 138
537012.5.peg.1213.site.7, 2, 130, 132
537012.5.peg.1213.site.8, 23, 130, 153
537012.5.peg.1213.site.9, 0, 128, 128
537012.5.peg.1213.site.10, 25, 132, 157
537012.5.peg.1213.site.11, 7, 129, 136
537012.5.peg.1213.site.12, 4, 129, 133
537012.5.peg.1213.site.13, 6, 133, 139
537012.5.peg.1213.site.14, 6, 133, 139
537012.5.peg.1213.site.15, 94, 132, 226
537012.5.peg.1213.site.16, 7, 134, 141
537012.5.peg.1213.site.17, 7, 134, 141
537012.5.peg.1213.site.18, 24, 132, 156
537012.5.peg.1213.site.19, 3, 134, 137
537012.5.peg.1213.site.20, 23, 132, 155
537012.5.peg.1213.site.21, 38, 132, 170
537012.5.peg.1213.site.22, 7, 134, 141
537012.5.peg.1213.site.23, 4, 132, 136
537012.5.peg.1213.site.24, 65, 132, 197
537012.5.peg.1213.site.25, 1, 134, 135
537012.5.peg.1213.site.26, 1, 134, 135
537012.5.peg.1213.site.27, 23, 132, 155
537012.5.peg.1213.site.28, 12, 134, 146
537012.5.peg.1213.site.29, 7, 134, 141
537012.5.peg.1213.site.30, 1, 134, 135
537012.5.peg.1213.site.31, 12, 132, 144
537012.5.peg.1213.site.32, 4, 132, 136
537012.5.peg.1213.site.33, 0, 133, 133
537012.5.peg.1213.site.34, 11, 133, 144
537012.5.peg.1213.site.35, 6, 134, 140
537012.5.peg.1213.site.36, 5, 133, 138
537012.5.peg.1213.site.37, 0, 134, 134
537012.5.peg.1213.site.38, 3, 134, 137
537012.5.peg.1213.site.39, 20, 134, 154
537012.5.peg.1213.site.40, 10, 131, 141
537012.5.peg.1213.site.41, 10, 131, 141
537012.5.peg.1213.site.42, 6, 133, 139
537012.5.peg.1213.site.43, 8, 129, 137
537012.5.peg.1213.site.44, 10, 131, 141
537012.5.peg.1213.site.45, 1, 134, 135
537012.5.peg.1213.site.46, 3, 131, 134
537012.5.peg.1213.site.47, 6, 134, 140
537012.5.peg.1213.site.48, 0, 134, 134
537012.5.peg.1213.site.49, 0, 134, 134
537012.5.peg.1213.site.50, 10, 134, 144
537012.5.peg.1213.site.51, 1, 134, 135
537012.5.peg.1213.site.52, 1, 134, 135
537012.5.peg.1213.site.53, 6, 131, 137
537012.5.peg.1213.site.54, 11, 133, 144
537012.5.peg.1213.site.55, 1, 133, 134
537012.5.peg.1213.site.56, 6, 133, 139
537012.5.peg.1213.site.57, 19, 132, 151
537012.5.peg.1213.site.58, 3, 133, 136
537012.5.peg.1213.site.59, 1, 134, 135
537012.5.peg.1213.site.60, 1, 134, 135
537012.5.peg.1213.site.61, 1, 133, 134
537012.5.peg.1213.site.62, 12, 132, 144
537012.5.peg.1213.site.63, 1, 134, 135
537012.5.peg.1213.site.64, 6, 134, 140
537012.5.peg.1213.site.65, 6, 134, 140
537012.5.peg.1213.site.66, 6, 133, 139
537012.5.peg.1213.site.67, 1, 134, 135
537012.5.peg.1213.site.68, 18, 133, 151
537012.5.peg.1213.site.69, 12, 132, 144
537012.5.peg.1213.site.70, 19, 133, 152
537012.5.peg.1213.site.71, 5, 132, 137
537012.5.peg.1213.site.72, 2, 133, 135
537012.5.peg.1213.site.73, 10, 131, 141
537012.5.peg.1213.site.74, 1, 129, 130
537012.5.peg.1213.site.75, 75, 129, 204
537012.5.peg.1213.site.76, 4, 127, 131
537012.5.peg.1213.site.77, 1, 127, 128
537012.5.peg.1213.site.78, 1, 127, 128
537012.5.peg.1213.site.79, 121, 128, 249
537012.5.peg.1213.site.80, 3, 128, 131
537012.5.peg.1213.site.81, 1, 126, 127
537012.5.peg.1210.site.1, 7, 132, 139
537012.5.peg.1210.site.2, 7, 132, 139
537012.5.peg.1210.site.3, 3, 134, 137
537012.5.peg.1210.site.4, 2, 134, 136
537012.5.peg.1210.site.5, 127, 132, 259
537012.5.peg.1210.site.6, 18, 133, 151
537012.5.peg.1210.site.7, 4, 131, 135
537012.5.peg.1210.site.8, 1, 134, 135
537012.5.peg.1210.site.9, 7, 134, 141
537012.5.peg.1210.site.10, 8, 134, 142
537012.5.peg.1210.site.11, 1, 134, 135
537012.5.peg.1211.site.1, 48, 133, 181
537012.5.peg.1211.site.2, 7, 133, 140
537012.5.peg.1211.site.3, 35, 133, 168
537012.5.peg.1211.site.4, 1, 134, 135
537012.5.peg.1211.site.5, 18, 132, 150
537012.5.peg.1211.site.6, 4, 132, 136
537012.5.peg.1211.site.7, 2, 134, 136
537012.5.peg.1211.site.8, 4, 134, 138
537012.5.peg.1211.site.9, 26, 133, 159
537012.5.peg.1211.site.10, 7, 134, 141
537012.5.peg.1211.site.11, 0, 133, 133
537012.5.peg.1211.site.12, 4, 132, 136
537012.5.peg.1211.site.13, 4, 132, 136
537012.5.peg.1211.site.14, 1, 134, 135
537012.5.peg.1211.site.15, 6, 134, 140
537012.5.peg.1211.site.16, 10, 131, 141
537012.5.peg.1211.site.17, 8, 132, 140
537012.5.peg.1211.site.18, 0, 128, 128
537012.5.peg.1211.site.19, 10, 130, 140
537012.5.peg.1211.site.20, 7, 133, 140
537012.5.peg.1211.site.21, 7, 132, 139
537012.5.peg.1211.site.22, 4, 131, 135
537012.5.peg.1211.site.23, 14, 128, 142
537012.5.peg.1211.site.24, 5, 126, 131
537012.5.peg.1211.site.25, 1, 128, 129
537012.5.peg.1211.site.26, 7, 134, 141
537012.5.peg.1211.site.27, 9, 134, 143
537012.5.peg.1211.site.28, 12, 134, 146
537012.5.peg.1211.site.29, 6, 134, 140
537012.5.peg.1211.site.30, 6, 134, 140
537012.5.peg.1211.site.31, 1, 131, 132
537012.5.peg.1211.site.32, 114, 124, 238
537012.5.peg.1216.site.1, 9, 134, 143
537012.5.peg.1216.site.2, 4, 132, 136
537012.5.peg.1216.site.3, 1, 133, 134
537012.5.peg.1216.site.4, 1, 134, 135
537012.5.peg.1216.site.5, 23, 134, 157
537012.5.peg.1216.site.6, 43, 133, 176
537012.5.peg.1216.site.7, 26, 133, 159
537012.5.peg.1216.site.8, 2, 134, 136
537012.5.peg.1216.site.9, 1, 134, 135
537012.5.peg.1216.site.10, 2, 134, 136
537012.5.peg.1216.site.11, 3, 134, 137
537012.5.peg.1216.site.12, 1, 134, 135
537012.5.peg.1216.site.13, 119, 133, 252
537012.5.peg.1216.site.14, 0, 134, 134
537012.5.peg.1216.site.15, 3, 133, 136
537012.5.peg.1216.site.16, 12, 132, 144
537012.5.peg.1216.site.17, 2, 134, 136
537012.5.peg.1216.site.18, 3, 134, 137
537012.5.peg.1216.site.19, 7, 133, 140
537012.5.peg.1216.site.20, 5, 133, 138
537012.5.peg.1216.site.21, 23, 132, 155
537012.5.peg.1216.site.22, 74, 133, 207
537012.5.peg.1216.site.23, 126, 133, 259
537012.5.peg.1216.site.24, 3, 133, 136
537012.5.peg.1216.site.25, 6, 134, 140
537012.5.peg.1216.site.26, 1, 134, 135
537012.5.peg.1216.site.27, 1, 134, 135
537012.5.peg.1216.site.28, 2, 134, 136
537012.5.peg.1216.site.29, 9, 134, 143
537012.5.peg.1216.site.30, 6, 134, 140
537012.5.peg.1216.site.31, 79, 134, 213
537012.5.peg.1216.site.32, 18, 133, 151
537012.5.peg.1216.site.33, 10, 133, 143
537012.5.peg.1216.site.34, 0, 134, 134
537012.5.peg.1216.site.35, 5, 133, 138
537012.5.peg.1216.site.36, 6, 134, 140
537012.5.peg.1216.site.37, 5, 133, 138
537012.5.peg.1216.site.38, 22, 132, 154
537012.5.peg.1216.site.39, 2, 134, 136
537012.5.peg.1216.site.40, 6, 134, 140
537012.5.peg.1216.site.41, 4, 132, 136
537012.5.peg.1216.site.42, 44, 132, 176
537012.5.peg.1216.site.43, 1, 134, 135
537012.5.peg.1216.site.44, 0, 134, 134
537012.5.peg.1216.site.45, 5, 132, 137
537012.5.peg.1216.site.46, 3, 131, 134
537012.5.peg.1216.site.47, 1, 134, 135
537012.5.peg.1216.site.48, 2, 134, 136
537012.5.peg.1216.site.49, 1, 134, 135
537012.5.peg.1216.site.50, 1, 134, 135
537012.5.peg.1217.site.1, 4, 134, 138
537012.5.peg.1217.site.2, 3, 134, 137
537012.5.peg.1217.site.3, 7, 134, 141
537012.5.peg.1217.site.4, 15, 134, 149
537012.5.peg.1217.site.5, 3, 134, 137
537012.5.peg.1217.site.6, 6, 133, 139
537012.5.peg.1217.site.7, 2, 134, 136
537012.5.peg.1217.site.8, 12, 133, 145
537012.5.peg.1217.site.9, 1, 134, 135
537012.5.peg.1217.site.10, 1, 134, 135
537012.5.peg.1217.site.11, 12, 133, 145
537012.5.peg.1217.site.12, 6, 134, 140
537012.5.peg.1217.site.13, 114, 133, 247
537012.5.peg.1217.site.14, 2, 134, 136
537012.5.peg.1217.site.15, 7, 133, 140
537012.5.peg.1217.site.16, 2, 133, 135
537012.5.peg.1217.site.17, 0, 132, 132
537012.5.peg.1217.site.18, 3, 134, 137
537012.5.peg.1217.site.19, 1, 134, 135
537012.5.peg.1217.site.20, 23, 134, 157
537012.5.peg.1217.site.21, 131, 134, 265
537012.5.peg.1217.site.22, 1, 134, 135
537012.5.peg.1217.site.23, 5, 132, 137
537012.5.peg.1217.site.24, 14, 132, 146
537012.5.peg.1217.site.25, 6, 134, 140
537012.5.peg.1217.site.26, 31, 133, 164
537012.5.peg.1217.site.27, 1, 134, 135
537012.5.peg.1217.site.28, 6, 133, 139
537012.5.peg.1217.site.29, 2, 131, 133
537012.5.peg.1217.site.30, 1, 130, 131
537012.5.peg.1217.site.31, 7, 130, 137
537012.5.peg.1217.site.32, 7, 129, 136
537012.5.peg.1217.site.33, 1, 130, 131
537012.5.peg.1217.site.34, 1, 130, 131
537012.5.peg.1217.site.35, 20, 132, 152
537012.5.peg.1217.site.36, 20, 132, 152
537012.5.peg.1217.site.37, 1, 130, 131
537012.5.peg.1217.site.38, 3, 132, 135
537012.5.peg.1217.site.39, 0, 131, 131
537012.5.peg.1217.site.40, 2, 130, 132
537012.5.peg.1217.site.41, 129, 132, 261
537012.5.peg.1217.site.42, 0, 133, 133
537012.5.peg.1217.site.43, 3, 133, 136
537012.5.peg.1217.site.44, 1, 133, 134
537012.5.peg.1217.site.45, 24, 132, 156
537012.5.peg.1217.site.46, 1, 134, 135
537012.5.peg.1217.site.47, 4, 133, 137
537012.5.peg.1217.site.48, 3, 132, 135
537012.5.peg.1217.site.49, 4, 133, 137
537012.5.peg.1217.site.50, 22, 134, 156
537012.5.peg.1217.site.51, 3, 131, 134
537012.5.peg.1217.site.52, 2, 134, 136
537012.5.peg.1217.site.53, 3, 131, 134
537012.5.peg.1217.site.54, 4, 131, 135
537012.5.peg.1217.site.55, 8, 131, 139
537012.5.peg.1217.site.56, 41, 134, 175
537012.5.peg.1217.site.57, 5, 133, 138
537012.5.peg.1217.site.58, 4, 134, 138
537012.5.peg.1217.site.59, 6, 134, 140
537012.5.peg.1217.site.60, 1, 131, 132
537012.5.peg.1214.site.1, 50, 133, 183
537012.5.peg.1214.site.2, 1, 131, 132
537012.5.peg.1214.site.3, 6, 133, 139
537012.5.peg.1214.site.4, 13, 132, 145
537012.5.peg.1214.site.5, 5, 132, 137
537012.5.peg.1214.site.6, 6, 132, 138
537012.5.peg.1214.site.7, 2, 134, 136
537012.5.peg.1214.site.8, 1, 134, 135
537012.5.peg.1214.site.9, 0, 134, 134
537012.5.peg.1214.site.10, 1, 134, 135
537012.5.peg.1214.site.11, 37, 134, 171
537012.5.peg.1214.site.12, 6, 134, 140
537012.5.peg.1214.site.13, 20, 133, 153
537012.5.peg.1214.site.14, 1, 134, 135
537012.5.peg.1214.site.15, 12, 132, 144
537012.5.peg.1214.site.16, 1, 134, 135
537012.5.peg.1214.site.17, 2, 134, 136
537012.5.peg.1214.site.18, 132, 134, 266
537012.5.peg.1214.site.19, 13, 134, 147
537012.5.peg.1214.site.20, 6, 134, 140
537012.5.peg.1214.site.21, 12, 133, 145
537012.5.peg.1214.site.22, 7, 134, 141
537012.5.peg.1214.site.23, 3, 134, 137
537012.5.peg.1214.site.24, 1, 134, 135
537012.5.peg.1214.site.25, 85, 131, 216
537012.5.peg.1214.site.26, 40, 132, 172
537012.5.peg.1214.site.27, 5, 132, 137
537012.5.peg.1214.site.28, 6, 134, 140
537012.5.peg.1214.site.29, 7, 134, 141
537012.5.peg.1214.site.30, 2, 134, 136
537012.5.peg.1214.site.31, 6, 133, 139
537012.5.peg.1214.site.32, 86, 132, 218
537012.5.peg.1214.site.33, 74, 133, 207
537012.5.peg.1214.site.34, 42, 133, 175
537012.5.peg.1214.site.35, 1, 134, 135
537012.5.peg.1214.site.36, 1, 134, 135
537012.5.peg.1214.site.37, 0, 134, 134
537012.5.peg.1214.site.38, 1, 134, 135
537012.5.peg.1214.site.39, 13, 133, 146
537012.5.peg.1214.site.40, 32, 134, 166
537012.5.peg.1214.site.41, 6, 134, 140
537012.5.peg.1214.site.42, 6, 134, 140
537012.5.peg.1214.site.43, 1, 134, 135
537012.5.peg.1214.site.44, 1, 134, 135
537012.5.peg.1214.site.45, 67, 133, 200
537012.5.peg.1214.site.46, 6, 133, 139
537012.5.peg.1214.site.47, 5, 134, 139
537012.5.peg.1214.site.48, 6, 134, 140
537012.5.peg.1214.site.49, 1, 133, 134
537012.5.peg.1214.site.50, 0, 133, 133
537012.5.peg.1214.site.51, 22, 133, 155
537012.5.peg.1214.site.52, 0, 134, 134
537012.5.peg.1214.site.53, 11, 134, 145
537012.5.peg.1214.site.54, 6, 134, 140
537012.5.peg.1214.site.55, 1, 134, 135
537012.5.peg.1214.site.56, 9, 132, 141
537012.5.peg.1214.site.57, 7, 133, 140
537012.5.peg.1214.site.58, 0, 134, 134
537012.5.peg.1214.site.59, 12, 132, 144
537012.5.peg.1215.site.1, 1, 134, 135
537012.5.peg.1215.site.2, 22, 131, 153
537012.5.peg.1215.site.3, 2, 134, 136
537012.5.peg.1215.site.4, 5, 132, 137
537012.5.peg.1215.site.5, 6, 133, 139
537012.5.peg.1215.site.6, 3, 134, 137
537012.5.peg.1215.site.7, 2, 134, 136
537012.5.peg.1215.site.8, 6, 134, 140
537012.5.peg.1215.site.9, 25, 132, 157
537012.5.peg.1215.site.10, 6, 133, 139
537012.5.peg.1215.site.11, 0, 132, 132
537012.5.peg.1215.site.12, 6, 133, 139
537012.5.peg.1215.site.13, 1, 128, 129
537012.5.peg.1215.site.14, 12, 129, 141
537012.5.peg.1215.site.15, 13, 131, 144
537012.5.peg.1215.site.16, 4, 132, 136
537012.5.peg.1215.site.17, 6, 134, 140
537012.5.peg.1215.site.18, 0, 134, 134
537012.5.peg.1215.site.19, 1, 134, 135
537012.5.peg.1215.site.20, 6, 133, 139
537012.5.peg.1215.site.21, 6, 133, 139
537012.5.peg.1215.site.22, 15, 132, 147
537012.5.peg.1215.site.23, 4, 131, 135
537012.5.peg.1215.site.24, 12, 132, 144
537012.5.peg.1215.site.25, 2, 132, 134
537012.5.peg.1215.site.26, 0, 134, 134
537012.5.peg.1215.site.27, 0, 134, 134
537012.5.peg.1215.site.28, 30, 133, 163
537012.5.peg.1215.site.29, 62, 133, 195
537012.5.peg.1215.site.30, 1, 134, 135
537012.5.peg.1215.site.31, 55, 134, 189
537012.5.peg.1215.site.32, 0, 134, 134
537012.5.peg.1215.site.33, 5, 132, 137
537012.5.peg.1215.site.34, 65, 133, 198
537012.5.peg.1215.site.35, 26, 133, 159
537012.5.peg.1215.site.36, 6, 132, 138
537012.5.peg.1215.site.37, 30, 132, 162
537012.5.peg.1215.site.38, 4, 132, 136
537012.5.peg.1215.site.39, 4, 132, 136
537012.5.peg.1215.site.40, 1, 134, 135
537012.5.peg.1215.site.41, 2, 134, 136
537012.5.peg.1215.site.42, 21, 134, 155
537012.5.peg.1215.site.43, 1, 134, 135
537012.5.peg.849.site.1, 2, 127, 129
537012.5.peg.849.site.2, 59, 127, 186
537012.5.peg.849.site.3, 2, 131, 133
537012.5.peg.849.site.4, 8, 129, 137
537012.5.peg.849.site.5, 1, 129, 130
537012.5.peg.849.site.6, 0, 129, 129
537012.5.peg.849.site.7, 7, 129, 136
537012.5.peg.849.site.8, 1, 128, 129
537012.5.peg.849.site.9, 8, 130, 138
537012.5.peg.849.site.10, 2, 130, 132
537012.5.peg.1218.site.1, 12, 133, 145
537012.5.peg.1218.site.2, 0, 134, 134
537012.5.peg.1218.site.3, 1, 134, 135
537012.5.peg.1218.site.4, 2, 134, 136
537012.5.peg.1218.site.5, 51, 134, 185
537012.5.peg.1218.site.6, 1, 134, 135
537012.5.peg.1218.site.7, 1, 133, 134
537012.5.peg.1218.site.8, 7, 134, 141
537012.5.peg.1218.site.9, 2, 134, 136
537012.5.peg.1218.site.10, 6, 134, 140
537012.5.peg.1218.site.11, 1, 134, 135
537012.5.peg.1218.site.12, 2, 134, 136
537012.5.peg.1218.site.13, 1, 134, 135
537012.5.peg.1218.site.14, 4, 132, 136
537012.5.peg.1218.site.15, 13, 132, 145
537012.5.peg.1218.site.16, 6, 134, 140
537012.5.peg.1218.site.17, 6, 134, 140
537012.5.peg.1218.site.18, 6, 134, 140
537012.5.peg.1218.site.19, 10, 132, 142
537012.5.peg.1218.site.20, 9, 133, 142
537012.5.peg.1218.site.21, 8, 132, 140
537012.5.peg.1218.site.22, 2, 134, 136
537012.5.peg.1218.site.23, 34, 133, 167
537012.5.peg.1218.site.24, 19, 133, 152
537012.5.peg.1218.site.25, 4, 133, 137
537012.5.peg.1218.site.26, 1, 133, 134
537012.5.peg.1218.site.27, 3, 132, 135
537012.5.peg.1218.site.28, 1, 134, 135
537012.5.peg.1218.site.29, 11, 133, 144
537012.5.peg.1218.site.30, 5, 132, 137
537012.5.peg.1218.site.31, 3, 132, 135
537012.5.peg.1218.site.32, 19, 132, 151
537012.5.peg.1218.site.33, 7, 130, 137
537012.5.peg.1218.site.34, 2, 130, 132
537012.5.peg.1218.site.35, 1, 129, 130
537012.5.peg.1218.site.36, 12, 129, 141
537012.5.peg.1218.site.37, 6, 132, 138
537012.5.peg.1218.site.38, 13, 132, 145
537012.5.peg.1218.site.39, 3, 133, 136
537012.5.peg.1218.site.40, 5, 130, 135
537012.5.peg.1218.site.41, 1, 131, 132
537012.5.peg.1218.site.42, 4, 134, 138
537012.5.peg.1218.site.43, 7, 131, 138
537012.5.peg.1218.site.44, 1, 134, 135
537012.5.peg.1218.site.45, 5, 133, 138
537012.5.peg.1218.site.46, 17, 134, 151
537012.5.peg.1218.site.47, 1, 134, 135
537012.5.peg.1218.site.48, 18, 130, 148
537012.5.peg.1218.site.49, 39, 133, 172
537012.5.peg.1218.site.50, 18, 131, 149
537012.5.peg.1218.site.51, 1, 133, 134
537012.5.peg.1219.site.1, 3, 131, 134
537012.5.peg.1219.site.2, 1, 132, 133
537012.5.peg.1219.site.3, 23, 133, 156
537012.5.peg.1219.site.4, 3, 134, 137
537012.5.peg.1219.site.5, 11, 132, 143
537012.5.peg.1219.site.6, 4, 132, 136
537012.5.peg.1219.site.7, 2, 134, 136
537012.5.peg.1219.site.8, 70, 132, 202
537012.5.peg.1219.site.9, 0, 134, 134
537012.5.peg.1219.site.10, 3, 130, 133
537012.5.peg.1219.site.11, 22, 134, 156
537012.5.peg.1219.site.12, 1, 134, 135
537012.5.peg.1219.site.13, 3, 134, 137
537012.5.peg.1219.site.14, 5, 133, 138
537012.5.peg.1219.site.15, 24, 134, 158
537012.5.peg.1219.site.16, 66, 133, 199
537012.5.peg.1219.site.17, 22, 134, 156
537012.5.peg.1219.site.18, 5, 133, 138
537012.5.peg.1219.site.19, 12, 133, 145
537012.5.peg.1219.site.20, 8, 134, 142
537012.5.peg.1219.site.21, 74, 133, 207
537012.5.peg.1219.site.22, 5, 133, 138
537012.5.peg.1219.site.23, 6, 133, 139
537012.5.peg.1219.site.24, 4, 133, 137
537012.5.peg.1219.site.25, 0, 134, 134
537012.5.peg.1219.site.26, 5, 133, 138
537012.5.peg.1219.site.27, 7, 134, 141
537012.5.peg.1219.site.28, 9, 134, 143
537012.5.peg.1219.site.29, 1, 134, 135
537012.5.peg.1219.site.30, 10, 133, 143
537012.5.peg.1219.site.31, 6, 133, 139
537012.5.peg.1219.site.32, 4, 132, 136
537012.5.peg.1219.site.33, 4, 132, 136
537012.5.peg.1219.site.34, 30, 132, 162
537012.5.peg.1219.site.35, 7, 133, 140
537012.5.peg.1219.site.36, 5, 129, 134
537012.5.peg.1219.site.37, 5, 131, 136
537012.5.peg.1219.site.38, 1, 131, 132
537012.5.peg.1219.site.39, 46, 128, 174
537012.5.peg.1219.site.40, 1, 133, 134
537012.5.peg.1219.site.41, 4, 131, 135
537012.5.peg.1219.site.42, 4, 131, 135
537012.5.peg.1219.site.43, 3, 134, 137
537012.5.peg.1219.site.44, 7, 132, 139
537012.5.peg.1219.site.45, 4, 132, 136
537012.5.peg.1219.site.46, 5, 133, 138
537012.5.peg.1219.site.47, 17, 134, 151
537012.5.peg.1219.site.48, 9, 133, 142
537012.5.peg.1219.site.49, 30, 132, 162
537012.5.peg.1219.site.50, 13, 131, 144
537012.5.peg.1219.site.51, 6, 133, 139
537012.5.peg.1219.site.52, 1, 123, 124
537012.5.peg.461.site.1, 4, 130, 134
537012.5.peg.461.site.2, 1, 132, 133
537012.5.peg.461.site.3, 19, 131, 150
537012.5.peg.461.site.4, 11, 131, 142
537012.5.peg.461.site.5, 5, 131, 136
537012.5.peg.461.site.6, 5, 131, 136
537012.5.peg.461.site.7, 1, 132, 133
537012.5.peg.461.site.8, 1, 132, 133
537012.5.peg.461.site.9, 5, 132, 137
537012.5.peg.461.site.10, 2, 132, 134
537012.5.peg.461.site.11, 1, 132, 133
537012.5.peg.461.site.12, 0, 131, 131
537012.5.peg.461.site.13, 2, 132, 134
537012.5.peg.461.site.14, 17, 132, 149
537012.5.peg.461.site.15, 17, 131, 148
537012.5.peg.461.site.16, 3, 132, 135
537012.5.peg.461.site.17, 8, 131, 139
537012.5.peg.461.site.18, 5, 131, 136
537012.5.peg.461.site.19, 6, 132, 138
537012.5.peg.461.site.20, 1, 129, 130
537012.5.peg.461.site.21, 3, 131, 134
537012.5.peg.460.site.1, 0, 134, 134
537012.5.peg.460.site.2, 17, 134, 151
537012.5.peg.460.site.3, 30, 133, 163
537012.5.peg.460.site.4, 1, 134, 135
537012.5.peg.460.site.5, 5, 133, 138
537012.5.peg.460.site.6, 0, 134, 134
537012.5.peg.460.site.7, 48, 133, 181
537012.5.peg.460.site.8, 24, 132, 156
537012.5.peg.460.site.9, 1, 133, 134
537012.5.peg.460.site.10, 0, 133, 133
537012.5.peg.460.site.11, 10, 132, 142
537012.5.peg.460.site.12, 1, 133, 134
537012.5.peg.460.site.13, 10, 131, 141
537012.5.peg.460.site.14, 1, 134, 135
537012.5.peg.460.site.15, 5, 132, 137
537012.5.peg.460.site.16, 1, 134, 135
537012.5.peg.460.site.17, 3, 132, 135
537012.5.peg.460.site.18, 2, 131, 133
537012.5.peg.460.site.19, 1, 130, 131
537012.5.peg.460.site.20, 0, 127, 127
537012.5.peg.460.site.21, 2, 125, 127
537012.5.peg.460.site.22, 2, 122, 124
537012.5.peg.460.site.23, 3, 120, 123
537012.5.peg.460.site.24, 1, 120, 121
537012.5.peg.460.site.25, 63, 109, 172
537012.5.peg.460.site.26, 5, 109, 114
537012.5.peg.460.site.27, 0, 115, 115
537012.5.peg.460.site.28, 8, 121, 129
537012.5.peg.460.site.29, 3, 121, 124
537012.5.peg.460.site.30, 3, 124, 127
537012.5.peg.460.site.31, 8, 130, 138
537012.5.peg.460.site.32, 0, 131, 131
537012.5.peg.460.site.33, 3, 130, 133
537012.5.peg.460.site.34, 10, 129, 139
537012.5.peg.460.site.35, 3, 126, 129
537012.5.peg.460.site.36, 6, 129, 135
537012.5.peg.460.site.37, 25, 128, 153
537012.5.peg.460.site.38, 4, 128, 132
537012.5.peg.460.site.39, 17, 128, 145
537012.5.peg.460.site.40, 2, 124, 126
537012.5.peg.460.site.41, 20, 126, 146
537012.5.peg.460.site.42, 5, 128, 133
537012.5.peg.460.site.43, 2, 130, 132
537012.5.peg.460.site.44, 6, 130, 136
537012.5.peg.460.site.45, 1, 132, 133
537012.5.peg.460.site.46, 13, 130, 143
537012.5.peg.460.site.47, 17, 131, 148
537012.5.peg.460.site.48, 11, 130, 141
537012.5.peg.460.site.49, 10, 130, 140
537012.5.peg.460.site.50, 1, 132, 133
537012.5.peg.460.site.51, 5, 130, 135
537012.5.peg.460.site.52, 4, 130, 134
537012.5.peg.460.site.53, 4, 130, 134
537012.5.peg.460.site.54, 22, 132, 154
537012.5.peg.460.site.55, 6, 132, 138
537012.5.peg.460.site.56, 4, 132, 136
537012.5.peg.460.site.57, 1, 132, 133
537012.5.peg.460.site.58, 11, 131, 142
537012.5.peg.460.site.59, 8, 128, 136
537012.5.peg.460.site.60, 6, 128, 134
537012.5.peg.460.site.61, 4, 132, 136
537012.5.peg.460.site.62, 1, 131, 132
537012.5.peg.460.site.63, 24, 130, 154
537012.5.peg.460.site.64, 1, 132, 133
537012.5.peg.460.site.65, 3, 128, 131
537012.5.peg.460.site.66, 3, 124, 127
537012.5.peg.460.site.67, 18, 123, 141
537012.5.peg.460.site.68, 17, 124, 141
537012.5.peg.460.site.69, 0, 125, 125
537012.5.peg.460.site.70, 1, 125, 126
537012.5.peg.460.site.71, 0, 119, 119
537012.5.peg.460.site.72, 8, 115, 123
537012.5.peg.460.site.73, 2, 114, 116
537012.5.peg.460.site.74, 1, 117, 118
537012.5.peg.460.site.75, 0, 119, 119
537012.5.peg.460.site.76, 3, 119, 122
537012.5.peg.463.site.1, 0, 133, 133
537012.5.peg.463.site.2, 1, 132, 133
537012.5.peg.463.site.3, 1, 132, 133
537012.5.peg.463.site.4, 7, 131, 138
537012.5.peg.463.site.5, 4, 130, 134
537012.5.peg.463.site.6, 6, 132, 138
537012.5.peg.463.site.7, 17, 133, 150
537012.5.peg.463.site.8, 1, 133, 134
537012.5.peg.463.site.9, 12, 131, 143
537012.5.peg.463.site.10, 1, 131, 132
537012.5.peg.463.site.11, 6, 132, 138
537012.5.peg.463.site.12, 7, 132, 139
537012.5.peg.463.site.13, 1, 131, 132
537012.5.peg.463.site.14, 1, 132, 133
537012.5.peg.463.site.15, 2, 132, 134
537012.5.peg.463.site.16, 1, 132, 133
537012.5.peg.463.site.17, 0, 131, 131
537012.5.peg.463.site.18, 1, 129, 130
537012.5.peg.463.site.19, 111, 120, 231
537012.5.peg.462.site.1, 4, 130, 134
537012.5.peg.462.site.2, 5, 132, 137
537012.5.peg.462.site.3, 1, 132, 133
537012.5.peg.462.site.4, 3, 132, 135
537012.5.peg.462.site.5, 4, 130, 134
537012.5.peg.462.site.6, 128, 129, 257
537012.5.peg.462.site.7, 1, 132, 133
537012.5.peg.462.site.8, 11, 130, 141
537012.5.peg.462.site.9, 87, 129, 216
537012.5.peg.462.site.10, 6, 132, 138
537012.5.peg.462.site.11, 19, 133, 152
537012.5.peg.462.site.12, 77, 132, 209
537012.5.peg.462.site.13, 5, 131, 136
537012.5.peg.462.site.14, 5, 130, 135
537012.5.peg.462.site.15, 1, 132, 133
537012.5.peg.462.site.16, 8, 130, 138
537012.5.peg.462.site.17, 5, 132, 137
537012.5.peg.462.site.18, 9, 129, 138
537012.5.peg.462.site.19, 3, 132, 135
537012.5.peg.462.site.20, 21, 128, 149
537012.5.peg.462.site.21, 0, 131, 131
537012.5.peg.462.site.22, 0, 131, 131
537012.5.peg.848.site.1, 2, 129, 131
537012.5.peg.848.site.2, 1, 129, 130
537012.5.peg.848.site.3, 3, 127, 130
537012.5.peg.848.site.4, 5, 127, 132
537012.5.peg.848.site.5, 2, 127, 129
537012.5.peg.848.site.6, 2, 127, 129
537012.5.peg.848.site.7, 2, 129, 131
537012.5.peg.848.site.8, 8, 132, 140
537012.5.peg.848.site.9, 8, 132, 140
537012.5.peg.848.site.10, 3, 131, 134
537012.5.peg.848.site.11, 4, 132, 136
537012.5.peg.848.site.12, 4, 132, 136
537012.5.peg.848.site.13, 7, 132, 139
537012.5.peg.848.site.14, 1, 133, 134
537012.5.peg.848.site.15, 2, 133, 135
537012.5.peg.848.site.16, 3, 133, 136
537012.5.peg.848.site.17, 30, 129, 159
537012.5.peg.848.site.18, 1, 129, 130
537012.5.peg.848.site.19, 2, 129, 131
537012.5.peg.848.site.20, 16, 129, 145
537012.5.peg.848.site.21, 1, 129, 130
537012.5.peg.848.site.22, 22, 128, 150
537012.5.peg.848.site.23, 0, 127, 127
537012.5.peg.848.site.24, 0, 123, 123
537012.5.peg.2149.site.1, 7, 123, 130
537012.5.peg.2149.site.2, 6, 128, 134
537012.5.peg.2149.site.3, 12, 128, 140
537012.5.peg.2149.site.4, 0, 128, 128
537012.5.peg.2149.site.5, 7, 129, 136
537012.5.peg.2149.site.6, 2, 131, 133
537012.5.peg.2149.site.7, 1, 130, 131
537012.5.peg.2149.site.8, 2, 131, 133
537012.5.peg.2149.site.9, 44, 131, 175
537012.5.peg.2149.site.10, 0, 133, 133
537012.5.peg.2149.site.11, 2, 134, 136
537012.5.peg.2149.site.12, 2, 134, 136
537012.5.peg.2149.site.13, 1, 134, 135
537012.5.peg.2149.site.14, 10, 133, 143
537012.5.peg.2149.site.15, 2, 134, 136
537012.5.peg.2149.site.16, 2, 133, 135
537012.5.peg.2149.site.17, 2, 133, 135
537012.5.peg.2149.site.18, 2, 131, 133
537012.5.peg.2149.site.19, 12, 129, 141
537012.5.peg.2149.site.20, 13, 130, 143
537012.5.peg.2149.site.21, 2, 131, 133
537012.5.peg.2149.site.22, 1, 132, 133
537012.5.peg.2149.site.23, 5, 131, 136
537012.5.peg.2149.site.24, 34, 128, 162
537012.5.peg.2149.site.25, 0, 127, 127
537012.5.peg.2149.site.26, 6, 127, 133
537012.5.peg.2149.site.27, 0, 128, 128
537012.5.peg.2149.site.28, 1, 129, 130
537012.5.peg.2149.site.29, 6, 129, 135
537012.5.peg.2149.site.30, 2, 129, 131
537012.5.peg.2149.site.31, 1, 129, 130
537012.5.peg.2149.site.32, 2, 129, 131
537012.5.peg.2149.site.33, 1, 127, 128
537012.5.peg.2149.site.34, 0, 127, 127
537012.5.peg.2149.site.35, 7, 128, 135
537012.5.peg.2149.site.36, 49, 127, 176
537012.5.peg.2149.site.37, 7, 129, 136
537012.5.peg.2149.site.38, 1, 130, 131
537012.5.peg.2149.site.39, 1, 130, 131
537012.5.peg.2149.site.40, 23, 129, 152
537012.5.peg.2149.site.41, 4, 130, 134
537012.5.peg.2149.site.42, 16, 129, 145
537012.5.peg.2149.site.43, 1, 129, 130
537012.5.peg.2149.site.44, 1, 129, 130
537012.5.peg.2149.site.45, 1, 129, 130
537012.5.peg.2149.site.46, 29, 129, 158
537012.5.peg.2149.site.47, 1, 130, 131
537012.5.peg.2149.site.48, 2, 130, 132
537012.5.peg.2149.site.49, 8, 129, 137
537012.5.peg.2149.site.50, 1, 129, 130
537012.5.peg.2149.site.51, 1, 130, 131
537012.5.peg.2149.site.52, 1, 129, 130
537012.5.peg.2149.site.53, 1, 131, 132
537012.5.peg.2149.site.54, 2, 129, 131
537012.5.peg.2149.site.55, 7, 132, 139
537012.5.peg.2149.site.56, 0, 131, 131
537012.5.peg.2149.site.57, 3, 134, 137
537012.5.peg.2149.site.58, 1, 134, 135
537012.5.peg.2149.site.59, 13, 134, 147
537012.5.peg.2149.site.60, 3, 132, 135
537012.5.peg.2149.site.61, 1, 131, 132
537012.5.peg.2149.site.62, 0, 129, 129
537012.5.peg.2149.site.63, 17, 130, 147
537012.5.peg.2149.site.64, 3, 130, 133
537012.5.peg.2149.site.65, 7, 130, 137
537012.5.peg.2149.site.66, 8, 129, 137
537012.5.peg.2149.site.67, 15, 128, 143
537012.5.peg.2149.site.68, 2, 131, 133
537012.5.peg.2149.site.69, 10, 133, 143
537012.5.peg.2149.site.70, 118, 132, 250
537012.5.peg.2149.site.71, 7, 130, 137
537012.5.peg.2149.site.72, 12, 132, 144
537012.5.peg.2149.site.73, 21, 128, 149
537012.5.peg.2149.site.74, 2, 130, 132
537012.5.peg.4022.site.1, 2, 127, 129
537012.5.peg.4022.site.2, 1, 125, 126
537012.5.peg.4022.site.3, 1, 128, 129
537012.5.peg.4022.site.4, 81, 131, 212
537012.5.peg.4022.site.5, 2, 134, 136
537012.5.peg.4022.site.6, 1, 134, 135
537012.5.peg.4022.site.7, 29, 134, 163
537012.5.peg.4022.site.8, 1, 134, 135
537012.5.peg.4022.site.9, 1, 134, 135
537012.5.peg.4022.site.10, 1, 134, 135
537012.5.peg.4022.site.11, 1, 134, 135
537012.5.peg.4022.site.12, 28, 134, 162
537012.5.peg.4022.site.13, 1, 131, 132
537012.5.peg.4022.site.14, 1, 129, 130
537012.5.peg.4022.site.15, 121, 123, 244
537012.5.peg.4022.site.16, 1, 123, 124
537012.5.peg.4022.site.17, 109, 118, 227
537012.5.peg.4022.site.18, 7, 116, 123
537012.5.peg.4022.site.19, 2, 114, 116
537012.5.peg.4022.site.20, 2, 116, 118
537012.5.peg.4022.site.21, 103, 119, 222
537012.5.peg.4022.site.22, 5, 116, 121
537012.5.peg.4022.site.23, 3, 119, 122
537012.5.peg.4022.site.24, 0, 119, 119
537012.5.peg.4022.site.25, 2, 119, 121
537012.5.peg.4022.site.26, 6, 123, 129
537012.5.peg.4022.site.27, 17, 134, 151
537012.5.peg.4022.site.28, 1, 132, 133
537012.5.peg.4022.site.29, 2, 134, 136
537012.5.peg.4022.site.30, 0, 132, 132
537012.5.peg.4022.site.31, 14, 134, 148
537012.5.peg.4022.site.32, 4, 132, 136
537012.5.peg.4022.site.33, 0, 134, 134
537012.5.peg.4022.site.34, 14, 134, 148
537012.5.peg.4022.site.35, 17, 131, 148
537012.5.peg.4022.site.36, 1, 130, 131
537012.5.peg.4022.site.37, 2, 126, 128
537012.5.peg.4022.site.38, 1, 126, 127
537012.5.peg.4022.site.39, 1, 127, 128
537012.5.peg.4022.site.40, 2, 128, 130
537012.5.peg.4022.site.41, 8, 132, 140
537012.5.peg.4022.site.42, 42, 132, 174
537012.5.peg.4022.site.43, 1, 134, 135
537012.5.peg.4022.site.44, 17, 133, 150
537012.5.peg.4022.site.45, 4, 133, 137
537012.5.peg.4022.site.46, 3, 132, 135
537012.5.peg.4022.site.47, 1, 132, 133
537012.5.peg.4022.site.48, 31, 132, 163
537012.5.peg.4022.site.49, 1, 130, 131
537012.5.peg.4022.site.50, 17, 130, 147
537012.5.peg.4022.site.51, 1, 130, 131
537012.5.peg.4022.site.52, 8, 132, 140
537012.5.peg.4022.site.53, 131, 133, 264
537012.5.peg.4022.site.54, 51, 133, 184
537012.5.peg.4022.site.55, 5, 133, 138
537012.5.peg.4022.site.56, 2, 134, 136
537012.5.peg.4022.site.57, 5, 133, 138
537012.5.peg.4022.site.58, 15, 134, 149
537012.5.peg.4022.site.59, 35, 133, 168
537012.5.peg.4022.site.60, 125, 133, 258
537012.5.peg.4022.site.61, 60, 131, 191
537012.5.peg.4022.site.62, 3, 132, 135
537012.5.peg.4022.site.63, 4, 134, 138
537012.5.peg.4022.site.64, 4, 133, 137
537012.5.peg.4022.site.65, 12, 134, 146
537012.5.peg.4022.site.66, 21, 132, 153
537012.5.peg.4022.site.67, 14, 134, 148
537012.5.peg.4022.site.68, 31, 129, 160
537012.5.peg.4022.site.69, 6, 122, 128
537012.5.peg.4022.site.70, 4, 118, 122
537012.5.peg.4022.site.71, 7, 120, 127
537012.5.peg.4022.site.72, 3, 119, 122
537012.5.peg.4022.site.73, 5, 116, 121
537012.5.peg.4022.site.74, 62, 117, 179
537012.5.peg.4022.site.75, 28, 119, 147
537012.5.peg.4022.site.76, 10, 132, 142
537012.5.peg.4022.site.77, 2, 134, 136
537012.5.peg.4022.site.78, 0, 133, 133
537012.5.peg.4022.site.79, 5, 131, 136
537012.5.peg.4022.site.80, 21, 131, 152
537012.5.peg.4022.site.81, 13, 133, 146
537012.5.peg.4022.site.82, 1, 134, 135
537012.5.peg.4022.site.83, 16, 134, 150
537012.5.peg.4022.site.84, 17, 134, 151
537012.5.peg.4022.site.85, 1, 134, 135
537012.5.peg.4022.site.86, 20, 131, 151
537012.5.peg.4022.site.87, 16, 134, 150
537012.5.peg.4022.site.88, 17, 131, 148
537012.5.peg.4022.site.89, 1, 134, 135
537012.5.peg.4022.site.90, 21, 132, 153
537012.5.peg.4022.site.91, 15, 133, 148
537012.5.peg.4022.site.92, 15, 132, 147
537012.5.peg.4022.site.93, 12, 129, 141
537012.5.peg.4022.site.94, 0, 126, 126
537012.5.peg.4022.site.95, 33, 129, 162
537012.5.peg.4022.site.96, 3, 120, 123
537012.5.peg.4022.site.97, 20, 115, 135
537012.5.peg.4022.site.98, 67, 115, 182
537012.5.peg.4022.site.99, 1, 120, 121
537012.5.peg.4022.site.100, 12, 123, 135
537012.5.peg.4022.site.101, 8, 125, 133
537012.5.peg.4022.site.102, 3, 126, 129
537012.5.peg.4022.site.103, 3, 131, 134
537012.5.peg.4022.site.104, 1, 134, 135
537012.5.peg.4022.site.105, 1, 134, 135
537012.5.peg.4022.site.106, 3, 133, 136
537012.5.peg.4022.site.107, 4, 133, 137
537012.5.peg.4022.site.108, 4, 134, 138
537012.5.peg.4022.site.109, 17, 134, 151
537012.5.peg.4022.site.110, 6, 134, 140
537012.5.peg.4022.site.111, 105, 131, 236
537012.5.peg.4022.site.112, 3, 132, 135
537012.5.peg.4022.site.113, 1, 132, 133
537012.5.peg.4022.site.114, 1, 134, 135
537012.5.peg.4022.site.115, 0, 134, 134
537012.5.peg.4022.site.116, 24, 132, 156
537012.5.peg.4022.site.117, 1, 134, 135
537012.5.peg.4022.site.118, 1, 134, 135
537012.5.peg.4022.site.119, 3, 134, 137
537012.5.peg.4022.site.120, 5, 133, 138
537012.5.peg.4022.site.121, 17, 134, 151
537012.5.peg.4022.site.122, 12, 134, 146
537012.5.peg.4022.site.123, 1, 134, 135
537012.5.peg.4022.site.124, 15, 133, 148
537012.5.peg.4022.site.125, 72, 132, 204
537012.5.peg.4022.site.126, 6, 133, 139
537012.5.peg.4022.site.127, 1, 132, 133
537012.5.peg.4022.site.128, 4, 132, 136
537012.5.peg.4022.site.129, 14, 132, 146
537012.5.peg.4022.site.130, 17, 134, 151
537012.5.peg.399.site.1, 0, 126, 126
537012.5.peg.399.site.2, 2, 129, 131
537012.5.peg.399.site.3, 1, 128, 129
537012.5.peg.399.site.4, 0, 125, 125
537012.5.peg.399.site.5, 2, 125, 127
537012.5.peg.399.site.6, 37, 124, 161
537012.5.peg.399.site.7, 92, 124, 216
537012.5.peg.399.site.8, 4, 124, 128
537012.5.peg.399.site.9, 1, 125, 126
537012.5.peg.399.site.10, 84, 123, 207
537012.5.peg.399.site.11, 75, 109, 184
537012.5.peg.399.site.12, 78, 113, 191
537012.5.peg.399.site.13, 80, 118, 198
537012.5.peg.399.site.14, 71, 110, 181
537012.5.peg.399.site.15, 65, 120, 185
537012.5.peg.399.site.16, 13, 126, 139
537012.5.peg.399.site.17, 5, 123, 128
537012.5.peg.399.site.18, 5, 122, 127
537012.5.peg.399.site.19, 3, 124, 127
537012.5.peg.399.site.20, 0, 124, 124
537012.5.peg.399.site.21, 2, 125, 127
537012.5.peg.399.site.22, 19, 125, 144
537012.5.peg.399.site.23, 10, 126, 136
537012.5.peg.399.site.24, 2, 122, 124
537012.5.peg.399.site.25, 5, 123, 128
537012.5.peg.399.site.26, 13, 123, 136
537012.5.peg.399.site.27, 31, 123, 154
537012.5.peg.399.site.28, 12, 120, 132
537012.5.peg.399.site.29, 116, 119, 235
537012.5.peg.399.site.30, 3, 117, 120
537012.5.peg.399.site.31, 114, 117, 231
537012.5.peg.399.site.32, 44, 123, 167
537012.5.peg.399.site.33, 116, 124, 240
537012.5.peg.399.site.34, 123, 126, 249
537012.5.peg.399.site.35, 2, 125, 127
537012.5.peg.399.site.36, 46, 124, 170
537012.5.peg.399.site.37, 3, 126, 129
537012.5.peg.399.site.38, 1, 125, 126
537012.5.peg.399.site.39, 0, 125, 125
537012.5.peg.399.site.40, 5, 124, 129
537012.5.peg.399.site.41, 89, 121, 210
537012.5.peg.399.site.42, 8, 124, 132
537012.5.peg.398.site.1, 93, 129, 222
537012.5.peg.398.site.2, 2, 132, 134
537012.5.peg.398.site.3, 0, 131, 131
537012.5.peg.398.site.4, 2, 131, 133
537012.5.peg.398.site.5, 0, 133, 133
537012.5.peg.398.site.6, 7, 133, 140
537012.5.peg.398.site.7, 1, 133, 134
537012.5.peg.398.site.8, 6, 133, 139
537012.5.peg.398.site.9, 12, 131, 143
537012.5.peg.398.site.10, 13, 132, 145
537012.5.peg.398.site.11, 0, 133, 133
537012.5.peg.398.site.12, 131, 133, 264
537012.5.peg.398.site.13, 1, 132, 133
537012.5.peg.398.site.14, 4, 131, 135
537012.5.peg.398.site.15, 0, 132, 132
537012.5.peg.398.site.16, 16, 132, 148
537012.5.peg.398.site.17, 3, 133, 136
537012.5.peg.398.site.18, 5, 132, 137
537012.5.peg.398.site.19, 1, 132, 133
537012.5.peg.398.site.20, 4, 130, 134
537012.5.peg.398.site.21, 22, 131, 153
537012.5.peg.398.site.22, 0, 130, 130
537012.5.peg.398.site.23, 1, 132, 133
537012.5.peg.398.site.24, 1, 132, 133
537012.5.peg.391.site.1, 9, 126, 135
537012.5.peg.391.site.2, 12, 127, 139
537012.5.peg.391.site.3, 18, 127, 145
537012.5.peg.391.site.4, 18, 128, 146
537012.5.peg.391.site.5, 8, 127, 135
537012.5.peg.391.site.6, 8, 125, 133
537012.5.peg.391.site.7, 1, 125, 126
537012.5.peg.391.site.8, 34, 125, 159
537012.5.peg.391.site.9, 1, 126, 127
537012.5.peg.391.site.10, 9, 127, 136
537012.5.peg.391.site.11, 1, 127, 128
537012.5.peg.391.site.12, 1, 128, 129
537012.5.peg.391.site.13, 1, 127, 128
537012.5.peg.391.site.14, 1, 127, 128
537012.5.peg.391.site.15, 9, 126, 135
537012.5.peg.391.site.16, 3, 127, 130
537012.5.peg.391.site.17, 8, 126, 134
537012.5.peg.391.site.18, 7, 128, 135
537012.5.peg.391.site.19, 9, 127, 136
537012.5.peg.391.site.20, 1, 127, 128
537012.5.peg.391.site.21, 0, 127, 127
537012.5.peg.391.site.22, 3, 129, 132
537012.5.peg.391.site.23, 8, 129, 137
537012.5.peg.391.site.24, 0, 128, 128
537012.5.peg.391.site.25, 13, 128, 141
537012.5.peg.391.site.26, 0, 128, 128
537012.5.peg.391.site.27, 13, 128, 141
537012.5.peg.391.site.28, 13, 128, 141
537012.5.peg.391.site.29, 15, 113, 128
537012.5.peg.390.site.1, 2, 127, 129
537012.5.peg.390.site.2, 8, 127, 135
537012.5.peg.390.site.3, 11, 127, 138
537012.5.peg.390.site.4, 0, 128, 128
537012.5.peg.390.site.5, 8, 127, 135
537012.5.peg.390.site.6, 5, 128, 133
537012.5.peg.390.site.7, 17, 128, 145
537012.5.peg.390.site.8, 12, 129, 141
537012.5.peg.390.site.9, 7, 129, 136
537012.5.peg.390.site.10, 40, 127, 167
537012.5.peg.390.site.11, 8, 129, 137
537012.5.peg.390.site.12, 5, 128, 133
537012.5.peg.390.site.13, 88, 124, 212
537012.5.peg.390.site.14, 3, 121, 124
537012.5.peg.390.site.15, 6, 111, 117
537012.5.peg.390.site.16, 8, 114, 122
537012.5.peg.390.site.17, 33, 112, 145
537012.5.peg.390.site.18, 10, 117, 127
537012.5.peg.390.site.19, 8, 128, 136
537012.5.peg.390.site.20, 12, 126, 138
537012.5.peg.390.site.21, 0, 118, 118
537012.5.peg.390.site.22, 3, 124, 127
537012.5.peg.390.site.23, 3, 127, 130
537012.5.peg.390.site.24, 58, 125, 183
537012.5.peg.390.site.25, 16, 126, 142
537012.5.peg.390.site.26, 22, 127, 149
537012.5.peg.133.site.1, 12, 119, 131
537012.5.peg.133.site.2, 2, 119, 121
537012.5.peg.133.site.3, 10, 120, 130
537012.5.peg.133.site.4, 8, 120, 128
537012.5.peg.133.site.5, 1, 123, 124
537012.5.peg.133.site.6, 2, 126, 128
537012.5.peg.133.site.7, 2, 129, 131
537012.5.peg.133.site.8, 6, 131, 137
537012.5.peg.133.site.9, 2, 128, 130
537012.5.peg.133.site.10, 1, 131, 132
537012.5.peg.133.site.11, 6, 130, 136
537012.5.peg.133.site.12, 3, 123, 126
537012.5.peg.133.site.13, 2, 118, 120
537012.5.peg.133.site.14, 9, 112, 121
537012.5.peg.133.site.15, 3, 112, 115
537012.5.peg.133.site.16, 19, 113, 132
537012.5.peg.133.site.17, 9, 112, 121
537012.5.peg.133.site.18, 2, 105, 107
537012.5.peg.133.site.19, 9, 99, 108
537012.5.peg.133.site.20, 6, 98, 104
537012.5.peg.133.site.21, 44, 95, 139
537012.5.peg.133.site.22, 2, 97, 99
537012.5.peg.133.site.23, 2, 96, 98
537012.5.peg.133.site.24, 2, 94, 96
537012.5.peg.132.site.1, 8, 129, 137
537012.5.peg.132.site.2, 9, 130, 139
537012.5.peg.132.site.3, 0, 130, 130
537012.5.peg.132.site.4, 0, 128, 128
537012.5.peg.132.site.5, 0, 130, 130
537012.5.peg.132.site.6, 49, 128, 177
537012.5.peg.132.site.7, 1, 129, 130
537012.5.peg.132.site.8, 2, 129, 131
537012.5.peg.132.site.9, 0, 129, 129
537012.5.peg.132.site.10, 3, 128, 131
537012.5.peg.132.site.11, 0, 128, 128
537012.5.peg.132.site.12, 10, 128, 138
537012.5.peg.132.site.13, 0, 127, 127
537012.5.peg.132.site.14, 8, 128, 136
537012.5.peg.132.site.15, 0, 128, 128
537012.5.peg.137.site.1, 1, 132, 133
537012.5.peg.137.site.2, 3, 130, 133
537012.5.peg.137.site.3, 1, 130, 131
537012.5.peg.137.site.4, 7, 130, 137
537012.5.peg.137.site.5, 7, 130, 137
537012.5.peg.137.site.6, 1, 130, 131
537012.5.peg.137.site.7, 0, 129, 129
537012.5.peg.137.site.8, 6, 128, 134
537012.5.peg.137.site.9, 2, 129, 131
537012.5.peg.137.site.10, 0, 130, 130
537012.5.peg.137.site.11, 3, 130, 133
537012.5.peg.137.site.12, 1, 130, 131
537012.5.peg.137.site.13, 1, 130, 131
537012.5.peg.137.site.14, 0, 130, 130
537012.5.peg.137.site.15, 1, 128, 129
537012.5.peg.137.site.16, 35, 129, 164
537012.5.peg.137.site.17, 2, 129, 131
537012.5.peg.137.site.18, 7, 131, 138
537012.5.peg.137.site.19, 0, 130, 130
537012.5.peg.137.site.20, 38, 130, 168
537012.5.peg.137.site.21, 0, 130, 130
537012.5.peg.137.site.22, 0, 130, 130
537012.5.peg.137.site.23, 7, 130, 137
537012.5.peg.137.site.24, 2, 130, 132
537012.5.peg.137.site.25, 2, 127, 129
537012.5.peg.137.site.26, 1, 130, 131
537012.5.peg.137.site.27, 7, 129, 136
537012.5.peg.137.site.28, 2, 130, 132
537012.5.peg.137.site.29, 10, 131, 141
537012.5.peg.137.site.30, 0, 131, 131
537012.5.peg.137.site.31, 0, 132, 132
537012.5.peg.137.site.32, 7, 132, 139
537012.5.peg.137.site.33, 1, 128, 129
537012.5.peg.137.site.34, 1, 128, 129
537012.5.peg.137.site.35, 6, 130, 136
537012.5.peg.137.site.36, 3, 104, 107
537012.5.peg.137.site.37, 1, 99, 100
537012.5.peg.137.site.38, 64, 97, 161
537012.5.peg.137.site.39, 3, 97, 100
537012.5.peg.137.site.40, 6, 96, 102
537012.5.peg.137.site.41, 5, 93, 98
537012.5.peg.137.site.42, 3, 87, 90
537012.5.peg.137.site.43, 9, 86, 95
537012.5.peg.137.site.44, 6, 90, 96
537012.5.peg.137.site.45, 1, 87, 88
537012.5.peg.137.site.46, 0, 85, 85
537012.5.peg.137.site.47, 1, 86, 87
537012.5.peg.137.site.48, 24, 82, 106
537012.5.peg.137.site.49, 7, 79, 86
537012.5.peg.137.site.50, 3, 77, 80
537012.5.peg.136.site.1, 2, 130, 132
537012.5.peg.136.site.2, 1, 130, 131
537012.5.peg.136.site.3, 1, 129, 130
537012.5.peg.136.site.4, 1, 130, 131
537012.5.peg.136.site.5, 1, 129, 130
537012.5.peg.136.site.6, 9, 131, 140
537012.5.peg.136.site.7, 7, 126, 133
537012.5.peg.136.site.8, 0, 125, 125
537012.5.peg.136.site.9, 1, 131, 132
537012.5.peg.136.site.10, 1, 129, 130
537012.5.peg.136.site.11, 1, 130, 131
537012.5.peg.136.site.12, 2, 129, 131
537012.5.peg.136.site.13, 1, 130, 131
537012.5.peg.136.site.14, 2, 130, 132
537012.5.peg.136.site.15, 2, 130, 132
537012.5.peg.136.site.16, 9, 129, 138
537012.5.peg.136.site.17, 7, 129, 136
537012.5.peg.136.site.18, 23, 125, 148
537012.5.peg.136.site.19, 0, 126, 126
537012.5.peg.136.site.20, 0, 127, 127
537012.5.peg.136.site.21, 10, 127, 137
537012.5.peg.136.site.22, 1, 129, 130
537012.5.peg.136.site.23, 1, 127, 128
537012.5.peg.136.site.24, 103, 123, 226
537012.5.peg.136.site.25, 7, 126, 133
537012.5.peg.135.site.1, 3, 126, 129
537012.5.peg.135.site.2, 8, 127, 135
537012.5.peg.135.site.3, 2, 127, 129
537012.5.peg.135.site.4, 1, 129, 130
537012.5.peg.135.site.5, 1, 128, 129
537012.5.peg.135.site.6, 20, 128, 148
537012.5.peg.135.site.7, 1, 128, 129
537012.5.peg.135.site.8, 2, 122, 124
537012.5.peg.135.site.9, 1, 128, 129
537012.5.peg.135.site.10, 0, 126, 126
537012.5.peg.135.site.11, 86, 126, 212
537012.5.peg.135.site.12, 2, 130, 132
537012.5.peg.135.site.13, 7, 129, 136
537012.5.peg.135.site.14, 4, 130, 134
537012.5.peg.135.site.15, 0, 130, 130
537012.5.peg.135.site.16, 7, 130, 137
537012.5.peg.135.site.17, 0, 131, 131
537012.5.peg.135.site.18, 18, 130, 148
537012.5.peg.135.site.19, 0, 129, 129
537012.5.peg.135.site.20, 0, 129, 129
537012.5.peg.135.site.21, 1, 130, 131
537012.5.peg.135.site.22, 2, 128, 130
537012.5.peg.134.site.1, 0, 83, 83
537012.5.peg.134.site.2, 7, 130, 137
537012.5.peg.134.site.3, 1, 131, 132
537012.5.peg.134.site.4, 7, 131, 138
537012.5.peg.134.site.5, 9, 130, 139
537012.5.peg.134.site.6, 5, 130, 135
537012.5.peg.134.site.7, 1, 131, 132
537012.5.peg.134.site.8, 6, 127, 133
537012.5.peg.134.site.9, 9, 128, 137
537012.5.peg.134.site.10, 2, 128, 130
537012.5.peg.134.site.11, 3, 129, 132
537012.5.peg.134.site.12, 8, 127, 135
537012.5.peg.134.site.13, 2, 128, 130
537012.5.peg.134.site.14, 1, 128, 129
537012.5.peg.134.site.15, 2, 127, 129
537012.5.peg.4876.site.1, 2, 129, 131
537012.5.peg.4876.site.2, 25, 125, 150
537012.5.peg.4876.site.3, 6, 126, 132
537012.5.peg.4876.site.4, 7, 127, 134
537012.5.peg.4876.site.5, 8, 129, 137
537012.5.peg.4876.site.6, 5, 130, 135
537012.5.peg.4876.site.7, 3, 128, 131
537012.5.peg.4876.site.8, 1, 132, 133
537012.5.peg.4876.site.9, 8, 129, 137
537012.5.peg.4876.site.10, 0, 131, 131
537012.5.peg.4876.site.11, 0, 132, 132
537012.5.peg.4876.site.12, 7, 132, 139
537012.5.peg.4876.site.13, 4, 130, 134
537012.5.peg.4876.site.14, 0, 131, 131
537012.5.peg.4876.site.15, 1, 132, 133
537012.5.peg.4876.site.16, 7, 127, 134
537012.5.peg.4876.site.17, 4, 125, 129
537012.5.peg.4876.site.18, 1, 125, 126
537012.5.peg.4876.site.19, 0, 125, 125
537012.5.peg.4876.site.20, 8, 128, 136
537012.5.peg.4876.site.21, 1, 131, 132
537012.5.peg.4876.site.22, 6, 131, 137
537012.5.peg.4876.site.23, 2, 132, 134
537012.5.peg.4876.site.24, 2, 131, 133
537012.5.peg.3627.site.1, 1, 129, 130
537012.5.peg.3627.site.2, 32, 101, 133
537012.5.peg.3627.site.3, 0, 116, 116
537012.5.peg.3627.site.4, 1, 115, 116
537012.5.peg.3627.site.5, 4, 87, 91
537012.5.peg.3627.site.6, 6, 81, 87
537012.5.peg.3627.site.7, 3, 84, 87
537012.5.peg.3627.site.8, 2, 82, 84
537012.5.peg.3627.site.9, 27, 76, 103
537012.5.peg.3627.site.10, 0, 77, 77
537012.5.peg.3627.site.11, 32, 77, 109
537012.5.peg.3627.site.12, 4, 77, 81
537012.5.peg.3627.site.13, 7, 75, 82
537012.5.peg.3627.site.14, 5, 77, 82
537012.5.peg.3627.site.15, 11, 79, 90
537012.5.peg.3627.site.16, 2, 78, 80
537012.5.peg.3627.site.17, 0, 78, 78
537012.5.peg.3627.site.18, 14, 81, 95
537012.5.peg.3627.site.19, 6, 80, 86
537012.5.peg.3627.site.20, 44, 79, 123
537012.5.peg.3627.site.21, 19, 79, 98
537012.5.peg.3627.site.22, 6, 79, 85
537012.5.peg.3627.site.23, 24, 78, 102
537012.5.peg.3627.site.24, 0, 78, 78
537012.5.peg.3627.site.25, 0, 77, 77
537012.5.peg.3627.site.26, 18, 73, 91
537012.5.peg.3627.site.27, 6, 75, 81
537012.5.peg.3627.site.28, 5, 76, 81
537012.5.peg.3627.site.29, 18, 77, 95
537012.5.peg.3627.site.30, 44, 73, 117
537012.5.peg.3627.site.31, 1, 77, 78
537012.5.peg.3627.site.32, 1, 77, 78
537012.5.peg.3627.site.33, 11, 77, 88
537012.5.peg.3627.site.34, 3, 75, 78
537012.5.peg.3627.site.35, 5, 78, 83
537012.5.peg.3627.site.36, 36, 78, 114
537012.5.peg.3627.site.37, 2, 80, 82
537012.5.peg.3627.site.38, 1, 80, 81
537012.5.peg.3627.site.39, 1, 80, 81
537012.5.peg.3627.site.40, 15, 78, 93
537012.5.peg.3627.site.41, 1, 74, 75
537012.5.peg.3627.site.42, 1, 76, 77
537012.5.peg.3627.site.43, 3, 78, 81
537012.5.peg.3627.site.44, 16, 76, 92
537012.5.peg.3627.site.45, 12, 79, 91
537012.5.peg.3627.site.46, 36, 80, 116
537012.5.peg.3627.site.47, 35, 75, 110
537012.5.peg.3627.site.48, 17, 75, 92
537012.5.peg.3627.site.49, 0, 75, 75
537012.5.peg.3627.site.50, 9, 76, 85
537012.5.peg.3627.site.51, 5, 76, 81
537012.5.peg.3627.site.52, 19, 77, 96
537012.5.peg.3627.site.53, 6, 76, 82
537012.5.peg.3627.site.54, 0, 78, 78
537012.5.peg.3627.site.55, 26, 76, 102
537012.5.peg.3627.site.56, 17, 76, 93
537012.5.peg.3627.site.57, 3, 74, 77
537012.5.peg.3627.site.58, 70, 76, 146
537012.5.peg.3627.site.59, 1, 75, 76
537012.5.peg.3627.site.60, 5, 74, 79
537012.5.peg.3627.site.61, 1, 75, 76
537012.5.peg.3627.site.62, 2, 76, 78
537012.5.peg.3627.site.63, 1, 77, 78
537012.5.peg.3627.site.64, 17, 76, 93
537012.5.peg.3627.site.65, 1, 77, 78
537012.5.peg.3627.site.66, 20, 74, 94
537012.5.peg.3627.site.67, 19, 80, 99
537012.5.peg.3627.site.68, 2, 81, 83
537012.5.peg.3627.site.69, 1, 83, 84
537012.5.peg.3627.site.70, 1, 83, 84
537012.5.peg.3627.site.71, 38, 80, 118
537012.5.peg.3627.site.72, 9, 83, 92
537012.5.peg.3627.site.73, 2, 81, 83
537012.5.peg.3627.site.74, 1, 80, 81
537012.5.peg.3627.site.75, 44, 83, 127
537012.5.peg.3627.site.76, 1, 80, 81
537012.5.peg.3627.site.77, 0, 78, 78
537012.5.peg.3627.site.78, 1, 80, 81
537012.5.peg.3627.site.79, 41, 77, 118
537012.5.peg.3627.site.80, 2, 79, 81
537012.5.peg.3627.site.81, 6, 77, 83
537012.5.peg.3627.site.82, 5, 76, 81
537012.5.peg.3627.site.83, 4, 78, 82
537012.5.peg.3627.site.84, 1, 78, 79
537012.5.peg.3627.site.85, 9, 76, 85
537012.5.peg.3627.site.86, 1, 77, 78
537012.5.peg.3627.site.87, 6, 77, 83
537012.5.peg.3627.site.88, 2, 78, 80
537012.5.peg.3627.site.89, 43, 77, 120
537012.5.peg.3627.site.90, 2, 75, 77
537012.5.peg.3627.site.91, 12, 78, 90
537012.5.peg.3627.site.92, 0, 79, 79
537012.5.peg.3627.site.93, 1, 65, 66
537012.5.peg.2549.site.1, 124, 126, 250
537012.5.peg.2549.site.2, 5, 124, 129
537012.5.peg.2549.site.3, 73, 123, 196
537012.5.peg.2549.site.4, 24, 126, 150
537012.5.peg.2549.site.5, 13, 126, 139
537012.5.peg.2549.site.6, 6, 126, 132
537012.5.peg.2549.site.7, 23, 125, 148
537012.5.peg.2549.site.8, 39, 125, 164
537012.5.peg.2549.site.9, 6, 126, 132
537012.5.peg.2549.site.10, 3, 126, 129
537012.5.peg.2549.site.11, 2, 126, 128
537012.5.peg.2549.site.12, 6, 125, 131
537012.5.peg.2549.site.13, 51, 123, 174
537012.5.peg.2549.site.14, 1, 123, 124
537012.5.peg.2549.site.15, 1, 123, 124
537012.5.peg.2549.site.16, 14, 121, 135
537012.5.peg.2549.site.17, 1, 123, 124
537012.5.peg.2549.site.18, 9, 123, 132
537012.5.peg.2549.site.19, 1, 121, 122
537012.5.peg.2549.site.20, 3, 124, 127
537012.5.peg.2549.site.21, 4, 126, 130
537012.5.peg.2549.site.22, 4, 126, 130
537012.5.peg.2549.site.23, 4, 125, 129
537012.5.peg.2549.site.24, 3, 126, 129
537012.5.peg.2549.site.25, 2, 125, 127
537012.5.peg.2549.site.26, 6, 126, 132
537012.5.peg.2549.site.27, 0, 126, 126
537012.5.peg.2549.site.28, 34, 125, 159
537012.5.peg.2549.site.29, 7, 124, 131
537012.5.peg.2549.site.30, 5, 124, 129
537012.5.peg.2549.site.31, 1, 124, 125
537012.5.peg.2549.site.32, 4, 123, 127
537012.5.peg.2549.site.33, 0, 125, 125
537012.5.peg.2549.site.34, 6, 126, 132
537012.5.peg.2549.site.35, 14, 126, 140
537012.5.peg.2549.site.36, 71, 124, 195
537012.5.peg.2549.site.37, 6, 126, 132
537012.5.peg.2549.site.38, 2, 126, 128
537012.5.peg.2549.site.39, 102, 124, 226
537012.5.peg.2549.site.40, 3, 124, 127
537012.5.peg.2549.site.41, 2, 126, 128
537012.5.peg.2549.site.42, 6, 126, 132
537012.5.peg.2549.site.43, 9, 124, 133
537012.5.peg.2549.site.44, 0, 124, 124
537012.5.peg.2549.site.45, 6, 126, 132
537012.5.peg.2549.site.46, 6, 126, 132
537012.5.peg.2549.site.47, 4, 125, 129
537012.5.peg.2549.site.48, 6, 124, 130
537012.5.peg.2549.site.49, 3, 124, 127
537012.5.peg.2549.site.50, 11, 125, 136
537012.5.peg.2549.site.51, 111, 125, 236
537012.5.peg.2549.site.52, 3, 125, 128
537012.5.peg.2549.site.53, 6, 126, 132
537012.5.peg.2549.site.54, 115, 125, 240
537012.5.peg.2549.site.55, 0, 126, 126
537012.5.peg.2549.site.56, 2, 123, 125
537012.5.peg.2549.site.57, 5, 125, 130
537012.5.peg.2549.site.58, 3, 124, 127
537012.5.peg.2549.site.59, 17, 122, 139
537012.5.peg.2549.site.60, 3, 126, 129
537012.5.peg.2549.site.61, 10, 124, 134
537012.5.peg.2549.site.62, 3, 124, 127
537012.5.peg.2549.site.63, 1, 125, 126
537012.5.peg.2549.site.64, 3, 125, 128
537012.5.peg.2549.site.65, 5, 121, 126
537012.5.peg.2549.site.66, 56, 125, 181
537012.5.peg.2549.site.67, 6, 126, 132
537012.5.peg.2549.site.68, 3, 125, 128
537012.5.peg.2549.site.69, 6, 126, 132
537012.5.peg.2549.site.70, 3, 126, 129
537012.5.peg.2549.site.71, 6, 126, 132
537012.5.peg.2549.site.72, 4, 126, 130
537012.5.peg.2549.site.73, 4, 123, 127
537012.5.peg.2549.site.74, 3, 118, 121
537012.5.peg.2095.site.1, 5, 124, 129
537012.5.peg.2095.site.2, 1, 124, 125
537012.5.peg.2095.site.3, 1, 124, 125
537012.5.peg.2095.site.4, 5, 124, 129
537012.5.peg.2095.site.5, 4, 123, 127
537012.5.peg.2095.site.6, 4, 123, 127
537012.5.peg.2095.site.7, 15, 129, 144
537012.5.peg.2095.site.8, 1, 129, 130
537012.5.peg.2095.site.9, 70, 130, 200
537012.5.peg.2095.site.10, 1, 132, 133
537012.5.peg.2095.site.11, 1, 132, 133
537012.5.peg.2095.site.12, 1, 132, 133
537012.5.peg.2095.site.13, 15, 129, 144
537012.5.peg.2095.site.14, 25, 129, 154
537012.5.peg.2095.site.15, 11, 127, 138
537012.5.peg.2095.site.16, 16, 126, 142
537012.5.peg.2095.site.17, 1, 128, 129
537012.5.peg.2095.site.18, 38, 132, 170
537012.5.peg.2095.site.19, 4, 131, 135
537012.5.peg.2095.site.20, 0, 133, 133
537012.5.peg.2095.site.21, 47, 129, 176
537012.5.peg.2095.site.22, 1, 131, 132
537012.5.peg.2095.site.23, 1, 127, 128
537012.5.peg.2095.site.24, 86, 125, 211
537012.5.peg.2095.site.25, 12, 125, 137
537012.5.peg.2095.site.26, 7, 126, 133
537012.5.peg.2095.site.27, 5, 123, 128
537012.5.peg.2095.site.28, 0, 119, 119
537012.5.peg.2095.site.29, 4, 111, 115
537012.5.peg.2095.site.30, 32, 110, 142
537012.5.peg.2095.site.31, 3, 110, 113
537012.5.peg.2095.site.32, 2, 110, 112
537012.5.peg.2095.site.33, 3, 111, 114
537012.5.peg.2095.site.34, 1, 112, 113
537012.5.peg.2095.site.35, 4, 114, 118
537012.5.peg.2095.site.36, 5, 117, 122
537012.5.peg.2094.site.1, 8, 132, 140
537012.5.peg.2094.site.2, 28, 131, 159
537012.5.peg.2094.site.3, 6, 133, 139
537012.5.peg.2094.site.4, 11, 133, 144
537012.5.peg.2094.site.5, 15, 130, 145
537012.5.peg.2094.site.6, 6, 133, 139
537012.5.peg.2094.site.7, 1, 133, 134
537012.5.peg.2094.site.8, 10, 132, 142
537012.5.peg.2094.site.9, 1, 132, 133
537012.5.peg.2094.site.10, 33, 132, 165
537012.5.peg.2094.site.11, 26, 133, 159
537012.5.peg.2094.site.12, 20, 131, 151
537012.5.peg.2094.site.13, 9, 131, 140
537012.5.peg.2094.site.14, 9, 130, 139
537012.5.peg.2094.site.15, 4, 130, 134
537012.5.peg.2094.site.16, 4, 130, 134
537012.5.peg.2094.site.17, 5, 132, 137
537012.5.peg.2094.site.18, 3, 132, 135
537012.5.peg.2094.site.19, 8, 132, 140
537012.5.peg.2094.site.20, 4, 132, 136
537012.5.peg.2094.site.21, 1, 126, 127
537012.5.peg.2094.site.22, 9, 127, 136
537012.5.peg.2096.site.1, 1, 132, 133
537012.5.peg.2096.site.2, 5, 131, 136
537012.5.peg.2096.site.3, 5, 132, 137
537012.5.peg.2096.site.4, 4, 130, 134
537012.5.peg.2096.site.5, 5, 131, 136
537012.5.peg.2096.site.6, 1, 127, 128
537012.5.peg.2096.site.7, 1, 122, 123
537012.5.peg.2096.site.8, 23, 122, 145
537012.5.peg.2096.site.9, 29, 123, 152
537012.5.peg.2096.site.10, 3, 130, 133
537012.5.peg.2096.site.11, 5, 131, 136
537012.5.peg.2096.site.12, 1, 132, 133
537012.5.peg.2096.site.13, 5, 129, 134
537012.5.peg.2096.site.14, 4, 130, 134
537012.5.peg.2096.site.15, 1, 132, 133
537012.5.peg.2096.site.16, 11, 131, 142
537012.5.peg.2096.site.17, 1, 132, 133
537012.5.peg.2096.site.18, 5, 131, 136
537012.5.peg.2096.site.19, 54, 131, 185
537012.5.peg.2096.site.20, 5, 132, 137
537012.5.peg.2096.site.21, 19, 131, 150
537012.5.peg.2096.site.22, 0, 132, 132
537012.5.peg.2096.site.23, 35, 132, 167
537012.5.peg.2096.site.24, 5, 131, 136
537012.5.peg.2096.site.25, 5, 132, 137
537012.5.peg.2096.site.26, 10, 131, 141
537012.5.peg.2096.site.27, 4, 129, 133
537012.5.peg.2096.site.28, 4, 131, 135
537012.5.peg.2096.site.29, 42, 130, 172
537012.5.peg.2096.site.30, 1, 132, 133
537012.5.peg.2096.site.31, 5, 132, 137
537012.5.peg.2096.site.32, 0, 133, 133
537012.5.peg.2096.site.33, 41, 132, 173
537012.5.peg.2096.site.34, 7, 133, 140
537012.5.peg.2096.site.35, 4, 129, 133
537012.5.peg.2096.site.36, 1, 129, 130
537012.5.peg.2096.site.37, 3, 125, 128
537012.5.peg.2091.site.1, 2, 122, 124
537012.5.peg.2091.site.2, 107, 122, 229
537012.5.peg.2091.site.3, 0, 109, 109
537012.5.peg.2091.site.4, 2, 114, 116
537012.5.peg.2091.site.5, 3, 113, 116
537012.5.peg.2091.site.6, 1, 118, 119
537012.5.peg.2091.site.7, 3, 116, 119
537012.5.peg.2091.site.8, 4, 116, 120
537012.5.peg.2091.site.9, 1, 118, 119
537012.5.peg.2091.site.10, 6, 120, 126
537012.5.peg.2091.site.11, 6, 112, 118
537012.5.peg.2091.site.12, 11, 104, 115
537012.5.peg.2091.site.13, 0, 111, 111
537012.5.peg.2091.site.14, 1, 114, 115
537012.5.peg.2091.site.15, 2, 121, 123
537012.5.peg.2091.site.16, 2, 121, 123
537012.5.peg.2091.site.17, 2, 121, 123
537012.5.peg.2091.site.18, 3, 119, 122
537012.5.peg.2091.site.19, 1, 112, 113
537012.5.peg.2091.site.20, 3, 119, 122
537012.5.peg.2091.site.21, 2, 122, 124
537012.5.peg.2091.site.22, 3, 122, 125
537012.5.peg.2091.site.23, 0, 124, 124
537012.5.peg.2091.site.24, 4, 124, 128
537012.5.peg.2091.site.25, 1, 126, 127
537012.5.peg.2091.site.26, 8, 124, 132
537012.5.peg.2091.site.27, 4, 123, 127
537012.5.peg.2091.site.28, 2, 124, 126
537012.5.peg.2091.site.29, 3, 123, 126
537012.5.peg.2091.site.30, 103, 123, 226
537012.5.peg.2091.site.31, 0, 122, 122
537012.5.peg.2091.site.32, 12, 121, 133
537012.5.peg.2091.site.33, 2, 121, 123
537012.5.peg.2091.site.34, 2, 121, 123
537012.5.peg.2090.site.1, 2, 112, 114
537012.5.peg.2090.site.2, 2, 112, 114
537012.5.peg.2090.site.3, 13, 113, 126
537012.5.peg.2090.site.4, 9, 118, 127
537012.5.peg.2090.site.5, 3, 118, 121
537012.5.peg.2090.site.6, 9, 117, 126
537012.5.peg.2090.site.7, 9, 117, 126
537012.5.peg.2090.site.8, 31, 119, 150
537012.5.peg.2090.site.9, 11, 118, 129
537012.5.peg.2090.site.10, 11, 119, 130
537012.5.peg.2090.site.11, 2, 122, 124
537012.5.peg.2090.site.12, 4, 122, 126
537012.5.peg.2090.site.13, 6, 124, 130
537012.5.peg.2090.site.14, 3, 123, 126
537012.5.peg.2090.site.15, 2, 121, 123
537012.5.peg.2090.site.16, 2, 120, 122
537012.5.peg.2090.site.17, 2, 117, 119
537012.5.peg.2090.site.18, 18, 116, 134
537012.5.peg.2090.site.19, 0, 118, 118
537012.5.peg.2090.site.20, 2, 122, 124
537012.5.peg.2090.site.21, 2, 126, 128
537012.5.peg.2090.site.22, 2, 126, 128
537012.5.peg.2090.site.23, 6, 124, 130
537012.5.peg.2090.site.24, 5, 122, 127
537012.5.peg.2090.site.25, 3, 122, 125
537012.5.peg.2090.site.26, 20, 120, 140
537012.5.peg.2090.site.27, 0, 119, 119
537012.5.peg.2090.site.28, 84, 121, 205
537012.5.peg.2090.site.29, 2, 122, 124
537012.5.peg.2090.site.30, 3, 123, 126
537012.5.peg.2090.site.31, 2, 124, 126
537012.5.peg.2090.site.32, 2, 122, 124
537012.5.peg.2090.site.33, 18, 119, 137
537012.5.peg.2090.site.34, 17, 117, 134
537012.5.peg.2090.site.35, 1, 123, 124
537012.5.peg.2090.site.36, 2, 121, 123
537012.5.peg.2090.site.37, 2, 122, 124
537012.5.peg.2090.site.38, 81, 123, 204
537012.5.peg.2090.site.39, 2, 122, 124
537012.5.peg.2090.site.40, 2, 122, 124
537012.5.peg.2090.site.41, 23, 124, 147
537012.5.peg.2090.site.42, 2, 122, 124
537012.5.peg.2090.site.43, 0, 122, 122
537012.5.peg.2090.site.44, 2, 124, 126
537012.5.peg.2090.site.45, 2, 124, 126
537012.5.peg.2090.site.46, 1, 123, 124
537012.5.peg.2090.site.47, 2, 123, 125
537012.5.peg.2090.site.48, 0, 122, 122
537012.5.peg.2090.site.49, 11, 121, 132
537012.5.peg.2090.site.50, 10, 122, 132
537012.5.peg.2090.site.51, 0, 121, 121
537012.5.peg.2090.site.52, 3, 122, 125
537012.5.peg.2090.site.53, 33, 124, 157
537012.5.peg.2090.site.54, 3, 123, 126
537012.5.peg.2090.site.55, 60, 122, 182
537012.5.peg.2090.site.56, 4, 124, 128
537012.5.peg.2090.site.57, 2, 122, 124
537012.5.peg.2090.site.58, 2, 120, 122
537012.5.peg.2090.site.59, 10, 118, 128
537012.5.peg.2090.site.60, 2, 120, 122
537012.5.peg.2090.site.61, 2, 121, 123
537012.5.peg.2090.site.62, 0, 122, 122
537012.5.peg.2090.site.63, 17, 121, 138
537012.5.peg.2090.site.64, 0, 121, 121
537012.5.peg.2090.site.65, 18, 114, 132
537012.5.peg.2090.site.66, 2, 109, 111
537012.5.peg.2090.site.67, 44, 118, 162
537012.5.peg.2090.site.68, 2, 121, 123
537012.5.peg.2093.site.1, 1, 125, 126
537012.5.peg.2093.site.2, 17, 121, 138
537012.5.peg.2093.site.3, 0, 116, 116
537012.5.peg.2093.site.4, 0, 116, 116
537012.5.peg.2093.site.5, 33, 115, 148
537012.5.peg.2093.site.6, 1, 116, 117
537012.5.peg.2093.site.7, 17, 116, 133
537012.5.peg.2093.site.8, 1, 117, 118
537012.5.peg.2093.site.9, 21, 120, 141
537012.5.peg.2093.site.10, 1, 120, 121
537012.5.peg.2093.site.11, 1, 119, 120
537012.5.peg.2093.site.12, 0, 118, 118
537012.5.peg.2093.site.13, 2, 120, 122
537012.5.peg.2093.site.14, 61, 120, 181
537012.5.peg.2093.site.15, 10, 121, 131
537012.5.peg.2093.site.16, 2, 121, 123
537012.5.peg.2093.site.17, 2, 121, 123
537012.5.peg.2093.site.18, 0, 117, 117
537012.5.peg.2093.site.19, 72, 105, 177
537012.5.peg.2093.site.20, 1, 87, 88
537012.5.peg.2093.site.21, 33, 87, 120
537012.5.peg.2093.site.22, 1, 92, 93
537012.5.peg.2093.site.23, 2, 97, 99
537012.5.peg.2093.site.24, 1, 97, 98
537012.5.peg.2093.site.25, 1, 119, 120
537012.5.peg.2093.site.26, 9, 119, 128
537012.5.peg.2093.site.27, 0, 120, 120
537012.5.peg.2093.site.28, 55, 119, 174
537012.5.peg.2093.site.29, 107, 120, 227
537012.5.peg.2093.site.30, 20, 120, 140
537012.5.peg.2093.site.31, 2, 119, 121
537012.5.peg.2093.site.32, 1, 121, 122
537012.5.peg.2093.site.33, 1, 122, 123
537012.5.peg.2093.site.34, 1, 115, 116
537012.5.peg.2093.site.35, 1, 117, 118
537012.5.peg.2093.site.36, 2, 119, 121
537012.5.peg.2093.site.37, 87, 120, 207
537012.5.peg.2093.site.38, 7, 119, 126
537012.5.peg.2093.site.39, 80, 120, 200
537012.5.peg.2093.site.40, 0, 119, 119
537012.5.peg.2093.site.41, 105, 122, 227
537012.5.peg.2093.site.42, 21, 123, 144
537012.5.peg.2093.site.43, 3, 122, 125
537012.5.peg.2093.site.44, 2, 123, 125
537012.5.peg.2093.site.45, 2, 123, 125
537012.5.peg.2093.site.46, 110, 125, 235
537012.5.peg.2093.site.47, 3, 123, 126
537012.5.peg.2093.site.48, 1, 121, 122
537012.5.peg.2093.site.49, 1, 122, 123
537012.5.peg.2093.site.50, 27, 121, 148
537012.5.peg.2093.site.51, 38, 122, 160
537012.5.peg.2093.site.52, 2, 120, 122
537012.5.peg.2093.site.53, 17, 112, 129
537012.5.peg.2093.site.54, 9, 105, 114
537012.5.peg.2093.site.55, 6, 101, 107
537012.5.peg.2093.site.56, 2, 101, 103
537012.5.peg.2093.site.57, 3, 101, 104
537012.5.peg.2093.site.58, 3, 101, 104
537012.5.peg.2093.site.59, 1, 105, 106
537012.5.peg.2093.site.60, 83, 108, 191
537012.5.peg.2093.site.61, 108, 117, 225
537012.5.peg.2093.site.62, 6, 116, 122
537012.5.peg.2093.site.63, 6, 116, 122
537012.5.peg.2093.site.64, 2, 121, 123
537012.5.peg.2093.site.65, 71, 123, 194
537012.5.peg.2093.site.66, 62, 122, 184
537012.5.peg.2093.site.67, 2, 124, 126
537012.5.peg.2093.site.68, 2, 121, 123
537012.5.peg.2093.site.69, 0, 121, 121
537012.5.peg.2093.site.70, 7, 121, 128
537012.5.peg.2093.site.71, 3, 117, 120
537012.5.peg.2093.site.72, 0, 116, 116
537012.5.peg.2093.site.73, 6, 116, 122
537012.5.peg.2093.site.74, 0, 117, 117
537012.5.peg.2093.site.75, 0, 118, 118
537012.5.peg.2093.site.76, 7, 121, 128
537012.5.peg.2093.site.77, 1, 119, 120
537012.5.peg.2093.site.78, 9, 120, 129
537012.5.peg.2093.site.79, 10, 122, 132
537012.5.peg.2093.site.80, 2, 122, 124
537012.5.peg.2093.site.81, 4, 121, 125
537012.5.peg.2093.site.82, 2, 124, 126
537012.5.peg.2093.site.83, 17, 124, 141
537012.5.peg.2093.site.84, 4, 124, 128
537012.5.peg.2093.site.85, 1, 123, 124
537012.5.peg.2093.site.86, 1, 123, 124
537012.5.peg.2093.site.87, 89, 121, 210
537012.5.peg.2093.site.88, 22, 122, 144
537012.5.peg.2093.site.89, 10, 122, 132
537012.5.peg.2093.site.90, 10, 122, 132
537012.5.peg.2093.site.91, 49, 123, 172
537012.5.peg.2093.site.92, 4, 124, 128
537012.5.peg.2093.site.93, 3, 120, 123
537012.5.peg.2093.site.94, 0, 104, 104
537012.5.peg.2093.site.95, 109, 115, 224
537012.5.peg.2093.site.96, 0, 120, 120
537012.5.peg.2093.site.97, 1, 121, 122
537012.5.peg.2093.site.98, 3, 123, 126
537012.5.peg.2093.site.99, 3, 123, 126
537012.5.peg.2093.site.100, 32, 126, 158
537012.5.peg.2093.site.101, 1, 126, 127
537012.5.peg.2093.site.102, 34, 122, 156
537012.5.peg.2093.site.103, 14, 124, 138
537012.5.peg.2093.site.104, 3, 124, 127
537012.5.peg.2093.site.105, 0, 126, 126
537012.5.peg.2093.site.106, 0, 125, 125
537012.5.peg.2093.site.107, 27, 122, 149
537012.5.peg.2093.site.108, 1, 114, 115
537012.5.peg.2093.site.109, 2, 112, 114
537012.5.peg.2093.site.110, 91, 112, 203
537012.5.peg.2093.site.111, 0, 112, 112
537012.5.peg.2093.site.112, 0, 112, 112
537012.5.peg.2093.site.113, 0, 112, 112
537012.5.peg.2093.site.114, 0, 112, 112
537012.5.peg.2093.site.115, 78, 112, 190
537012.5.peg.2093.site.116, 1, 112, 113
537012.5.peg.2093.site.117, 2, 113, 115
537012.5.peg.2093.site.118, 112, 115, 227
537012.5.peg.2093.site.119, 5, 118, 123
537012.5.peg.2093.site.120, 111, 125, 236
537012.5.peg.2093.site.121, 5, 125, 130
537012.5.peg.2093.site.122, 10, 125, 135
537012.5.peg.2093.site.123, 2, 124, 126
537012.5.peg.2093.site.124, 25, 111, 136
537012.5.peg.2093.site.125, 21, 111, 132
537012.5.peg.2093.site.126, 4, 112, 116
537012.5.peg.2093.site.127, 2, 113, 115
537012.5.peg.2093.site.128, 12, 123, 135
537012.5.peg.2093.site.129, 3, 126, 129
537012.5.peg.2093.site.130, 14, 125, 139
537012.5.peg.2092.site.1, 88, 121, 209
537012.5.peg.2092.site.2, 5, 123, 128
537012.5.peg.2092.site.3, 6, 124, 130
537012.5.peg.2092.site.4, 1, 125, 126
537012.5.peg.2092.site.5, 5, 123, 128
537012.5.peg.2092.site.6, 2, 124, 126
537012.5.peg.2092.site.7, 1, 123, 124
537012.5.peg.2092.site.8, 3, 123, 126
537012.5.peg.2092.site.9, 1, 125, 126
537012.5.peg.2092.site.10, 2, 122, 124
537012.5.peg.2092.site.11, 2, 122, 124
537012.5.peg.2092.site.12, 2, 122, 124
537012.5.peg.2092.site.13, 2, 123, 125
537012.5.peg.2092.site.14, 123, 124, 247
537012.5.peg.2092.site.15, 1, 123, 124
537012.5.peg.2092.site.16, 0, 121, 121
537012.5.peg.2092.site.17, 1, 123, 124
537012.5.peg.2092.site.18, 1, 122, 123
537012.5.peg.2092.site.19, 1, 122, 123
537012.5.peg.2092.site.20, 110, 124, 234
537012.5.peg.2092.site.21, 1, 122, 123
537012.5.peg.2092.site.22, 1, 121, 122
537012.5.peg.2092.site.23, 2, 120, 122
537012.5.peg.2092.site.24, 3, 104, 107
537012.5.peg.2092.site.25, 65, 106, 171
537012.5.peg.2092.site.26, 26, 106, 132
537012.5.peg.2092.site.27, 90, 103, 193
537012.5.peg.2092.site.28, 2, 114, 116
537012.5.peg.2092.site.29, 2, 125, 127
537012.5.peg.2092.site.30, 7, 124, 131
537012.5.peg.2092.site.31, 3, 125, 128
537012.5.peg.2092.site.32, 7, 125, 132
537012.5.peg.2092.site.33, 2, 124, 126
537012.5.peg.2092.site.34, 4, 123, 127
537012.5.peg.2092.site.35, 2, 125, 127
537012.5.peg.2092.site.36, 30, 126, 156
537012.5.peg.2092.site.37, 5, 125, 130
537012.5.peg.2092.site.38, 17, 125, 142
537012.5.peg.2092.site.39, 2, 126, 128
537012.5.peg.2092.site.40, 66, 124, 190
537012.5.peg.2092.site.41, 2, 124, 126
537012.5.peg.2092.site.42, 0, 126, 126
537012.5.peg.2092.site.43, 0, 126, 126
537012.5.peg.483.site.1, 1, 134, 135
537012.5.peg.483.site.2, 13, 133, 146
537012.5.peg.483.site.3, 8, 134, 142
537012.5.peg.483.site.4, 0, 134, 134
537012.5.peg.483.site.5, 5, 132, 137
537012.5.peg.483.site.6, 7, 134, 141
537012.5.peg.483.site.7, 44, 130, 174
537012.5.peg.483.site.8, 0, 133, 133
537012.5.peg.483.site.9, 1, 133, 134
537012.5.peg.483.site.10, 4, 132, 136
537012.5.peg.483.site.11, 10, 133, 143
537012.5.peg.483.site.12, 3, 134, 137
537012.5.peg.483.site.13, 1, 134, 135
537012.5.peg.483.site.14, 2, 132, 134
537012.5.peg.483.site.15, 10, 134, 144
537012.5.peg.483.site.16, 12, 132, 144
537012.5.peg.483.site.17, 9, 133, 142
537012.5.peg.483.site.18, 1, 133, 134
537012.5.peg.483.site.19, 16, 132, 148
537012.5.peg.483.site.20, 1, 134, 135
537012.5.peg.483.site.21, 2, 131, 133
537012.5.peg.483.site.22, 1, 129, 130
537012.5.peg.483.site.23, 1, 129, 130
537012.5.peg.483.site.24, 1, 129, 130
537012.5.peg.483.site.25, 1, 132, 133
537012.5.peg.483.site.26, 3, 131, 134
537012.5.peg.483.site.27, 1, 133, 134
537012.5.peg.483.site.28, 4, 131, 135
537012.5.peg.483.site.29, 1, 134, 135
537012.5.peg.483.site.30, 0, 134, 134
537012.5.peg.483.site.31, 8, 134, 142
537012.5.peg.483.site.32, 8, 134, 142
537012.5.peg.483.site.33, 7, 133, 140
537012.5.peg.483.site.34, 5, 132, 137
537012.5.peg.483.site.35, 4, 132, 136
537012.5.peg.483.site.36, 7, 134, 141
537012.5.peg.483.site.37, 0, 134, 134
537012.5.peg.483.site.38, 3, 134, 137
537012.5.peg.483.site.39, 1, 134, 135
537012.5.peg.483.site.40, 1, 134, 135
537012.5.peg.483.site.41, 8, 133, 141
537012.5.peg.483.site.42, 45, 131, 176
537012.5.peg.483.site.43, 8, 130, 138
537012.5.peg.483.site.44, 1, 130, 131
537012.5.peg.483.site.45, 13, 126, 139
537012.5.peg.483.site.46, 3, 130, 133
537012.5.peg.483.site.47, 3, 130, 133
537012.5.peg.483.site.48, 7, 134, 141
537012.5.peg.483.site.49, 2, 134, 136
537012.5.peg.483.site.50, 1, 134, 135
537012.5.peg.483.site.51, 1, 134, 135
537012.5.peg.483.site.52, 1, 133, 134
537012.5.peg.483.site.53, 1, 134, 135
537012.5.peg.483.site.54, 1, 134, 135
537012.5.peg.483.site.55, 5, 132, 137
537012.5.peg.483.site.56, 7, 133, 140
537012.5.peg.483.site.57, 1, 134, 135
537012.5.peg.483.site.58, 59, 132, 191
537012.5.peg.483.site.59, 0, 134, 134
537012.5.peg.483.site.60, 1, 134, 135
537012.5.peg.483.site.61, 29, 134, 163
537012.5.peg.483.site.62, 7, 134, 141
537012.5.peg.483.site.63, 1, 134, 135
537012.5.peg.483.site.64, 59, 132, 191
537012.5.peg.483.site.65, 12, 133, 145
537012.5.peg.483.site.66, 7, 131, 138
537012.5.peg.483.site.67, 3, 132, 135
537012.5.peg.483.site.68, 2, 132, 134
537012.5.peg.483.site.69, 8, 133, 141
537012.5.peg.483.site.70, 7, 133, 140
537012.5.peg.483.site.71, 2, 133, 135
537012.5.peg.483.site.72, 30, 132, 162
537012.5.peg.483.site.73, 7, 134, 141
537012.5.peg.483.site.74, 37, 132, 169
537012.5.peg.483.site.75, 1, 134, 135
537012.5.peg.483.site.76, 11, 133, 144
537012.5.peg.483.site.77, 23, 133, 156
537012.5.peg.483.site.78, 3, 133, 136
537012.5.peg.483.site.79, 12, 133, 145
537012.5.peg.483.site.80, 7, 134, 141
537012.5.peg.483.site.81, 6, 133, 139
537012.5.peg.483.site.82, 1, 134, 135
537012.5.peg.483.site.83, 28, 132, 160
537012.5.peg.483.site.84, 3, 132, 135
537012.5.peg.483.site.85, 1, 132, 133
537012.5.peg.483.site.86, 3, 133, 136
537012.5.peg.483.site.87, 1, 133, 134
537012.5.peg.483.site.88, 7, 133, 140
537012.5.peg.483.site.89, 1, 134, 135
537012.5.peg.483.site.90, 2, 133, 135
537012.5.peg.483.site.91, 2, 133, 135
537012.5.peg.482.site.1, 2, 133, 135
537012.5.peg.482.site.2, 30, 132, 162
537012.5.peg.482.site.3, 7, 131, 138
537012.5.peg.482.site.4, 2, 133, 135
537012.5.peg.482.site.5, 0, 133, 133
537012.5.peg.482.site.6, 12, 132, 144
537012.5.peg.480.site.1, 2, 130, 132
537012.5.peg.480.site.2, 2, 129, 131
537012.5.peg.480.site.3, 4, 131, 135
537012.5.peg.480.site.4, 0, 126, 126
537012.5.peg.480.site.5, 1, 129, 130
537012.5.peg.480.site.6, 0, 130, 130
537012.5.peg.480.site.7, 3, 131, 134
537012.5.peg.480.site.8, 4, 133, 137
537012.5.peg.480.site.9, 4, 133, 137
537012.5.peg.480.site.10, 1, 134, 135
537012.5.peg.480.site.11, 10, 134, 144
537012.5.peg.480.site.12, 4, 132, 136
537012.5.peg.480.site.13, 1, 134, 135
537012.5.peg.480.site.14, 8, 134, 142
537012.5.peg.480.site.15, 4, 134, 138
537012.5.peg.480.site.16, 6, 134, 140
537012.5.peg.480.site.17, 13, 132, 145
537012.5.peg.480.site.18, 39, 131, 170
537012.5.peg.480.site.19, 120, 130, 250
537012.5.peg.480.site.20, 30, 130, 160
537012.5.peg.480.site.21, 19, 130, 149
537012.5.peg.480.site.22, 51, 129, 180
537012.5.peg.480.site.23, 0, 134, 134
537012.5.peg.480.site.24, 5, 134, 139
537012.5.peg.480.site.25, 9, 132, 141
537012.5.peg.480.site.26, 1, 134, 135
537012.5.peg.480.site.27, 3, 134, 137
537012.5.peg.480.site.28, 0, 133, 133
537012.5.peg.480.site.29, 1, 133, 134
537012.5.peg.480.site.30, 1, 133, 134
537012.5.peg.480.site.31, 4, 132, 136
537012.5.peg.480.site.32, 4, 132, 136
537012.5.peg.480.site.33, 4, 132, 136
537012.5.peg.480.site.34, 0, 134, 134
537012.5.peg.480.site.35, 3, 134, 137
537012.5.peg.480.site.36, 7, 134, 141
537012.5.peg.480.site.37, 1, 134, 135
537012.5.peg.480.site.38, 3, 134, 137
537012.5.peg.480.site.39, 3, 133, 136
537012.5.peg.480.site.40, 13, 129, 142
537012.5.peg.480.site.41, 1, 132, 133
537012.5.peg.480.site.42, 1, 133, 134
537012.5.peg.480.site.43, 11, 131, 142
537012.5.peg.486.site.1, 8, 131, 139
537012.5.peg.486.site.2, 7, 132, 139
537012.5.peg.486.site.3, 7, 132, 139
537012.5.peg.486.site.4, 0, 131, 131
537012.5.peg.486.site.5, 6, 125, 131
537012.5.peg.486.site.6, 7, 126, 133
537012.5.peg.486.site.7, 80, 129, 209
537012.5.peg.486.site.8, 24, 129, 153
537012.5.peg.486.site.9, 7, 132, 139
537012.5.peg.486.site.10, 18, 132, 150
537012.5.peg.486.site.11, 5, 133, 138
537012.5.peg.486.site.12, 7, 134, 141
537012.5.peg.486.site.13, 14, 131, 145
537012.5.peg.486.site.14, 13, 131, 144
537012.5.peg.484.site.1, 20, 122, 142
537012.5.peg.484.site.2, 17, 125, 142
537012.5.peg.484.site.3, 3, 125, 128
537012.5.peg.484.site.4, 5, 123, 128
537012.5.peg.484.site.5, 75, 123, 198
537012.5.peg.484.site.6, 1, 121, 122
537012.5.peg.484.site.7, 1, 103, 104
537012.5.peg.484.site.8, 40, 118, 158
537012.5.peg.484.site.9, 2, 122, 124
537012.5.peg.484.site.10, 30, 118, 148
537012.5.peg.484.site.11, 3, 122, 125
537012.5.peg.484.site.12, 79, 122, 201
537012.5.peg.484.site.13, 14, 124, 138
537012.5.peg.484.site.14, 5, 124, 129
537012.5.peg.484.site.15, 3, 123, 126
537012.5.peg.484.site.16, 5, 123, 128
537012.5.peg.484.site.17, 41, 126, 167
537012.5.peg.484.site.18, 1, 127, 128
537012.5.peg.484.site.19, 7, 127, 134
537012.5.peg.484.site.20, 3, 128, 131
537012.5.peg.484.site.21, 8, 128, 136
537012.5.peg.484.site.22, 1, 128, 129
537012.5.peg.484.site.23, 5, 128, 133
537012.5.peg.484.site.24, 1, 124, 125
537012.5.peg.484.site.25, 1, 124, 125
537012.5.peg.484.site.26, 3, 124, 127
537012.5.peg.484.site.27, 4, 124, 128
537012.5.peg.484.site.28, 38, 124, 162
537012.5.peg.484.site.29, 5, 125, 130
537012.5.peg.484.site.30, 19, 127, 146
537012.5.peg.484.site.31, 4, 127, 131
537012.5.peg.484.site.32, 3, 128, 131
537012.5.peg.484.site.33, 1, 126, 127
537012.5.peg.484.site.34, 2, 124, 126
537012.5.peg.484.site.35, 3, 125, 128
537012.5.peg.484.site.36, 26, 124, 150
537012.5.peg.484.site.37, 4, 124, 128
537012.5.peg.484.site.38, 7, 127, 134
537012.5.peg.484.site.39, 10, 126, 136
537012.5.peg.484.site.40, 2, 127, 129
537012.5.peg.484.site.41, 5, 126, 131
537012.5.peg.484.site.42, 34, 127, 161
537012.5.peg.484.site.43, 2, 124, 126
537012.5.peg.484.site.44, 10, 126, 136
537012.5.peg.484.site.45, 3, 121, 124
537012.5.peg.484.site.46, 13, 113, 126
537012.5.peg.484.site.47, 3, 113, 116
537012.5.peg.484.site.48, 7, 112, 119
537012.5.peg.484.site.49, 3, 111, 114
537012.5.peg.484.site.50, 3, 111, 114
537012.5.peg.484.site.51, 8, 111, 119
537012.5.peg.484.site.52, 32, 111, 143
537012.5.peg.489.site.1, 0, 130, 130
537012.5.peg.489.site.2, 5, 131, 136
537012.5.peg.489.site.3, 1, 130, 131
537012.5.peg.489.site.4, 13, 131, 144
537012.5.peg.489.site.5, 68, 127, 195
537012.5.peg.489.site.6, 21, 127, 148
537012.5.peg.489.site.7, 7, 128, 135
537012.5.peg.489.site.8, 2, 132, 134
537012.5.peg.489.site.9, 5, 134, 139
537012.5.peg.489.site.10, 21, 133, 154
537012.5.peg.489.site.11, 6, 133, 139
537012.5.peg.489.site.12, 21, 128, 149
537012.5.peg.489.site.13, 19, 126, 145
537012.5.peg.489.site.14, 19, 130, 149
537012.5.peg.489.site.15, 3, 133, 136
537012.5.peg.489.site.16, 8, 134, 142
537012.5.peg.489.site.17, 23, 133, 156
537012.5.peg.489.site.18, 1, 134, 135
537012.5.peg.489.site.19, 9, 132, 141
537012.5.peg.489.site.20, 54, 129, 183
537012.5.peg.489.site.21, 9, 129, 138
537012.5.peg.489.site.22, 32, 133, 165
537012.5.peg.489.site.23, 7, 134, 141
537012.5.peg.489.site.24, 1, 133, 134
537012.5.peg.489.site.25, 1, 134, 135
537012.5.peg.489.site.26, 4, 134, 138
537012.5.peg.489.site.27, 7, 132, 139
537012.5.peg.489.site.28, 26, 132, 158
537012.5.peg.489.site.29, 7, 130, 137
537012.5.peg.489.site.30, 0, 129, 129
537012.5.peg.489.site.31, 1, 129, 130
537012.5.peg.489.site.32, 2, 132, 134
537012.5.peg.489.site.33, 50, 129, 179
537012.5.peg.489.site.34, 10, 129, 139
537012.5.peg.489.site.35, 5, 131, 136
537012.5.peg.489.site.36, 4, 131, 135
537012.5.peg.489.site.37, 45, 130, 175
537012.5.peg.489.site.38, 11, 129, 140
537012.5.peg.489.site.39, 0, 129, 129
537012.5.peg.489.site.40, 4, 131, 135
537012.5.peg.489.site.41, 2, 132, 134
537012.5.peg.489.site.42, 2, 129, 131
537012.5.peg.489.site.43, 32, 129, 161
537012.5.peg.489.site.44, 3, 130, 133
537012.5.peg.489.site.45, 108, 129, 237
537012.5.peg.489.site.46, 6, 132, 138
537012.5.peg.489.site.47, 41, 131, 172
537012.5.peg.489.site.48, 10, 132, 142
537012.5.peg.3626.site.1, 14, 76, 90
537012.5.peg.3626.site.2, 8, 83, 91
537012.5.peg.3626.site.3, 17, 85, 102
537012.5.peg.3626.site.4, 10, 84, 94
537012.5.peg.3626.site.5, 7, 87, 94
537012.5.peg.3626.site.6, 1, 85, 86
537012.5.peg.3626.site.7, 7, 86, 93
537012.5.peg.3626.site.8, 3, 85, 88
537012.5.peg.3626.site.9, 1, 85, 86
537012.5.peg.3626.site.10, 2, 83, 85
537012.5.peg.3626.site.11, 1, 87, 88
537012.5.peg.3626.site.12, 2, 83, 85
537012.5.peg.3626.site.13, 4, 90, 94
537012.5.peg.3626.site.14, 1, 86, 87
537012.5.peg.3626.site.15, 6, 85, 91
537012.5.peg.3626.site.16, 2, 88, 90
537012.5.peg.3626.site.17, 8, 95, 103
537012.5.peg.3626.site.18, 1, 110, 111
537012.5.peg.3626.site.19, 0, 132, 132
537012.5.peg.3626.site.20, 4, 132, 136
537012.5.peg.3626.site.21, 9, 126, 135
537012.5.peg.3626.site.22, 2, 128, 130
537012.5.peg.3626.site.23, 4, 124, 128
537012.5.peg.3626.site.24, 44, 125, 169
537012.5.peg.3626.site.25, 12, 125, 137
537012.5.peg.3626.site.26, 98, 121, 219
537012.5.peg.3626.site.27, 94, 117, 211
537012.5.peg.3626.site.28, 122, 127, 249
537012.5.peg.3626.site.29, 84, 117, 201
537012.5.peg.3626.site.30, 0, 118, 118
537012.5.peg.3626.site.31, 0, 101, 101
537012.5.peg.3626.site.32, 0, 99, 99
537012.5.peg.3626.site.33, 1, 108, 109
537012.5.peg.3626.site.34, 9, 111, 120
537012.5.peg.3626.site.35, 1, 114, 115
537012.5.peg.3626.site.36, 2, 115, 117
537012.5.peg.3626.site.37, 1, 114, 115
537012.5.peg.3626.site.38, 1, 108, 109
537012.5.peg.3626.site.39, 1, 108, 109
537012.5.peg.3626.site.40, 3, 112, 115
537012.5.peg.3626.site.41, 1, 109, 110
537012.5.peg.3626.site.42, 1, 117, 118
537012.5.peg.4415.site.1, 2, 119, 121
537012.5.peg.4415.site.2, 10, 128, 138
537012.5.peg.4415.site.3, 4, 128, 132
537012.5.peg.4415.site.4, 10, 129, 139
537012.5.peg.4415.site.5, 2, 129, 131
537012.5.peg.4415.site.6, 0, 130, 130
537012.5.peg.4415.site.7, 5, 132, 137
537012.5.peg.4415.site.8, 2, 132, 134
537012.5.peg.4415.site.9, 2, 131, 133
537012.5.peg.4415.site.10, 10, 130, 140
537012.5.peg.4415.site.11, 111, 129, 240
537012.5.peg.4415.site.12, 32, 129, 161
537012.5.peg.4415.site.13, 1, 129, 130
537012.5.peg.4415.site.14, 1, 130, 131
537012.5.peg.4415.site.15, 5, 130, 135
537012.5.peg.4415.site.16, 5, 130, 135
537012.5.peg.4415.site.17, 2, 133, 135
537012.5.peg.4415.site.18, 2, 129, 131
537012.5.peg.4415.site.19, 2, 129, 131
537012.5.peg.4415.site.20, 3, 130, 133
537012.5.peg.4415.site.21, 3, 130, 133
537012.5.peg.4415.site.22, 4, 129, 133
537012.5.peg.4415.site.23, 10, 129, 139
537012.5.peg.4415.site.24, 1, 128, 129
537012.5.peg.4415.site.25, 48, 128, 176
537012.5.peg.4415.site.26, 40, 129, 169
537012.5.peg.4415.site.27, 50, 129, 179
537012.5.peg.4415.site.28, 1, 129, 130
537012.5.peg.4415.site.29, 2, 130, 132
537012.5.peg.4415.site.30, 87, 130, 217
537012.5.peg.4415.site.31, 2, 130, 132
537012.5.peg.4415.site.32, 4, 132, 136
537012.5.peg.4415.site.33, 1, 134, 135
537012.5.peg.4415.site.34, 5, 133, 138
537012.5.peg.4415.site.35, 5, 133, 138
537012.5.peg.4415.site.36, 14, 133, 147
537012.5.peg.4415.site.37, 1, 132, 133
537012.5.peg.4415.site.38, 5, 132, 137
537012.5.peg.4415.site.39, 5, 133, 138
537012.5.peg.4414.site.1, 3, 72, 75
537012.5.peg.4414.site.2, 36, 82, 118
537012.5.peg.4414.site.3, 79, 106, 185
537012.5.peg.4414.site.4, 4, 113, 117
537012.5.peg.4414.site.5, 4, 113, 117
537012.5.peg.4414.site.6, 2, 110, 112
537012.5.peg.4414.site.7, 39, 104, 143
537012.5.peg.4414.site.8, 24, 102, 126
537012.5.peg.4414.site.9, 1, 101, 102
537012.5.peg.4414.site.10, 6, 100, 106
537012.5.peg.4414.site.11, 7, 96, 103
537012.5.peg.4414.site.12, 8, 94, 102
537012.5.peg.4414.site.13, 0, 89, 89
537012.5.peg.4414.site.14, 11, 89, 100
537012.5.peg.4414.site.15, 2, 88, 90
537012.5.peg.4414.site.16, 25, 86, 111
537012.5.peg.4414.site.17, 2, 84, 86
537012.5.peg.4414.site.18, 8, 85, 93
537012.5.peg.4414.site.19, 15, 92, 107
537012.5.peg.4414.site.20, 1, 89, 90
537012.5.peg.4414.site.21, 1, 90, 91
537012.5.peg.4414.site.22, 3, 88, 91
537012.5.peg.4414.site.23, 4, 82, 86
537012.5.peg.4414.site.24, 5, 84, 89
537012.5.peg.4414.site.25, 4, 85, 89
537012.5.peg.4414.site.26, 5, 88, 93
537012.5.peg.4414.site.27, 16, 86, 102
537012.5.peg.4414.site.28, 1, 86, 87
537012.5.peg.4414.site.29, 0, 86, 86
537012.5.peg.4414.site.30, 3, 85, 88
537012.5.peg.4414.site.31, 1, 83, 84
537012.5.peg.4414.site.32, 1, 84, 85
537012.5.peg.4414.site.33, 0, 80, 80
537012.5.peg.4414.site.34, 1, 77, 78
537012.5.peg.4414.site.35, 1, 81, 82
537012.5.peg.4414.site.36, 6, 81, 87
537012.5.peg.4414.site.37, 7, 79, 86
537012.5.peg.4414.site.38, 4, 77, 81
537012.5.peg.4414.site.39, 64, 79, 143
537012.5.peg.4414.site.40, 6, 79, 85
537012.5.peg.4414.site.41, 7, 77, 84
537012.5.peg.4414.site.42, 4, 76, 80
537012.5.peg.4414.site.43, 17, 76, 93
537012.5.peg.4414.site.44, 3, 76, 79
537012.5.peg.4414.site.45, 1, 72, 73
537012.5.peg.4414.site.46, 2, 75, 77
537012.5.peg.4414.site.47, 2, 75, 77
537012.5.peg.4414.site.48, 7, 72, 79
537012.5.peg.4414.site.49, 16, 72, 88
537012.5.peg.4414.site.50, 2, 75, 77
537012.5.peg.4414.site.51, 55, 73, 128
537012.5.peg.4414.site.52, 6, 70, 76
537012.5.peg.4414.site.53, 38, 70, 108
537012.5.peg.4414.site.54, 3, 73, 76
537012.5.peg.4414.site.55, 11, 68, 79
537012.5.peg.4414.site.56, 6, 78, 84
537012.5.peg.4414.site.57, 6, 79, 85
537012.5.peg.4414.site.58, 1, 80, 81
537012.5.peg.4414.site.59, 8, 79, 87
537012.5.peg.4414.site.60, 1, 74, 75
537012.5.peg.4414.site.61, 1, 76, 77
537012.5.peg.4414.site.62, 2, 72, 74
537012.5.peg.4414.site.63, 63, 70, 133
537012.5.peg.4414.site.64, 7, 73, 80
537012.5.peg.4414.site.65, 69, 72, 141
537012.5.peg.4414.site.66, 8, 70, 78
537012.5.peg.4414.site.67, 5, 65, 70
537012.5.peg.4414.site.68, 1, 63, 64
537012.5.peg.739.site.1, 0, 133, 133
537012.5.peg.739.site.2, 12, 134, 146
537012.5.peg.739.site.3, 0, 133, 133
537012.5.peg.739.site.4, 9, 132, 141
537012.5.peg.739.site.5, 6, 133, 139
537012.5.peg.739.site.6, 0, 132, 132
537012.5.peg.739.site.7, 3, 134, 137
537012.5.peg.739.site.8, 29, 132, 161
537012.5.peg.739.site.9, 7, 134, 141
537012.5.peg.739.site.10, 1, 132, 133
537012.5.peg.739.site.11, 37, 134, 171
537012.5.peg.739.site.12, 8, 133, 141
537012.5.peg.739.site.13, 1, 134, 135
537012.5.peg.739.site.14, 3, 133, 136
537012.5.peg.739.site.15, 6, 134, 140
537012.5.peg.739.site.16, 7, 134, 141
537012.5.peg.739.site.17, 1, 134, 135
537012.5.peg.739.site.18, 7, 134, 141
537012.5.peg.739.site.19, 9, 134, 143
537012.5.peg.739.site.20, 36, 133, 169
537012.5.peg.739.site.21, 4, 133, 137
537012.5.peg.739.site.22, 2, 132, 134
537012.5.peg.739.site.23, 8, 120, 128
537012.5.peg.739.site.24, 11, 106, 117
537012.5.peg.738.site.1, 3, 132, 135
537012.5.peg.738.site.2, 1, 128, 129
537012.5.peg.738.site.3, 0, 129, 129
537012.5.peg.738.site.4, 2, 129, 131
537012.5.peg.738.site.5, 7, 130, 137
537012.5.peg.738.site.6, 5, 130, 135
537012.5.peg.738.site.7, 5, 130, 135
537012.5.peg.738.site.8, 111, 130, 241
537012.5.peg.738.site.9, 6, 130, 136
537012.5.peg.738.site.10, 6, 130, 136
537012.5.peg.738.site.11, 0, 132, 132
537012.5.peg.738.site.12, 1, 131, 132
537012.5.peg.738.site.13, 1, 129, 130
537012.5.peg.738.site.14, 6, 134, 140
537012.5.peg.738.site.15, 31, 134, 165
537012.5.peg.738.site.16, 5, 133, 138
537012.5.peg.738.site.17, 4, 132, 136
537012.5.peg.738.site.18, 1, 132, 133
537012.5.peg.738.site.19, 6, 127, 133
537012.5.peg.738.site.20, 60, 132, 192
537012.5.peg.738.site.21, 7, 132, 139
537012.5.peg.738.site.22, 2, 133, 135
537012.5.peg.738.site.23, 2, 133, 135
537012.5.peg.738.site.24, 2, 134, 136
537012.5.peg.738.site.25, 1, 134, 135
537012.5.peg.738.site.26, 4, 132, 136
537012.5.peg.738.site.27, 1, 133, 134
537012.5.peg.738.site.28, 17, 130, 147
537012.5.peg.738.site.29, 77, 130, 207
537012.5.peg.738.site.30, 3, 133, 136
537012.5.peg.738.site.31, 5, 132, 137
537012.5.peg.738.site.32, 2, 134, 136
537012.5.peg.738.site.33, 6, 134, 140
537012.5.peg.738.site.34, 1, 133, 134
537012.5.peg.738.site.35, 17, 131, 148
537012.5.peg.738.site.36, 2, 134, 136
537012.5.peg.738.site.37, 1, 134, 135
537012.5.peg.738.site.38, 11, 132, 143
537012.5.peg.738.site.39, 6, 134, 140
537012.5.peg.738.site.40, 1, 134, 135
537012.5.peg.738.site.41, 1, 134, 135
537012.5.peg.738.site.42, 1, 134, 135
537012.5.peg.738.site.43, 1, 134, 135
537012.5.peg.738.site.44, 7, 133, 140
537012.5.peg.2897.site.1, 9, 132, 141
537012.5.peg.2897.site.2, 7, 134, 141
537012.5.peg.2897.site.3, 4, 131, 135
537012.5.peg.2897.site.4, 1, 134, 135
537012.5.peg.2897.site.5, 2, 134, 136
537012.5.peg.2897.site.6, 8, 134, 142
537012.5.peg.2897.site.7, 6, 134, 140
537012.5.peg.2897.site.8, 6, 134, 140
537012.5.peg.2897.site.9, 4, 132, 136
537012.5.peg.2897.site.10, 1, 134, 135
537012.5.peg.2897.site.11, 4, 134, 138
537012.5.peg.2897.site.12, 1, 134, 135
537012.5.peg.2897.site.13, 4, 132, 136
537012.5.peg.2897.site.14, 3, 130, 133
537012.5.peg.2897.site.15, 2, 129, 131
537012.5.peg.2897.site.16, 8, 130, 138
537012.5.peg.2897.site.17, 17, 129, 146
537012.5.peg.2897.site.18, 3, 131, 134
537012.5.peg.2897.site.19, 2, 131, 133
537012.5.peg.2897.site.20, 3, 131, 134
537012.5.peg.2897.site.21, 14, 130, 144
537012.5.peg.2897.site.22, 10, 130, 140
537012.5.peg.2897.site.23, 4, 131, 135
537012.5.peg.2897.site.24, 8, 133, 141
537012.5.peg.2897.site.25, 1, 133, 134
537012.5.peg.2897.site.26, 11, 132, 143
537012.5.peg.2897.site.27, 5, 134, 139
537012.5.peg.2897.site.28, 8, 133, 141
537012.5.peg.2897.site.29, 9, 133, 142
537012.5.peg.2897.site.30, 4, 133, 137
537012.5.peg.2897.site.31, 2, 130, 132
537012.5.peg.2897.site.32, 1, 129, 130
537012.5.peg.2897.site.33, 0, 133, 133
537012.5.peg.2897.site.34, 50, 131, 181
537012.5.peg.2897.site.35, 5, 132, 137
537012.5.peg.2897.site.36, 5, 132, 137
537012.5.peg.2897.site.37, 5, 133, 138
537012.5.peg.2897.site.38, 5, 134, 139
537012.5.peg.2897.site.39, 6, 134, 140
537012.5.peg.2897.site.40, 4, 132, 136
537012.5.peg.2897.site.41, 0, 133, 133
537012.5.peg.2897.site.42, 24, 134, 158
537012.5.peg.2897.site.43, 81, 132, 213
537012.5.peg.2897.site.44, 32, 133, 165
537012.5.peg.2897.site.45, 5, 133, 138
537012.5.peg.2897.site.46, 2, 134, 136
537012.5.peg.2897.site.47, 1, 134, 135
537012.5.peg.2897.site.48, 6, 134, 140
537012.5.peg.2897.site.49, 4, 132, 136
537012.5.peg.2897.site.50, 30, 134, 164
537012.5.peg.2897.site.51, 2, 133, 135
537012.5.peg.2897.site.52, 1, 134, 135
537012.5.peg.2897.site.53, 28, 131, 159
537012.5.peg.2897.site.54, 6, 134, 140
537012.5.peg.2897.site.55, 6, 134, 140
537012.5.peg.2897.site.56, 5, 134, 139
537012.5.peg.2897.site.57, 50, 131, 181
537012.5.peg.2897.site.58, 5, 133, 138
537012.5.peg.2897.site.59, 2, 134, 136
537012.5.peg.2897.site.60, 1, 134, 135
537012.5.peg.2897.site.61, 77, 131, 208
537012.5.peg.2897.site.62, 1, 134, 135
537012.5.peg.2897.site.63, 0, 134, 134
537012.5.peg.2897.site.64, 1, 134, 135
537012.5.peg.2897.site.65, 11, 132, 143
537012.5.peg.2897.site.66, 6, 134, 140
537012.5.peg.2897.site.67, 1, 134, 135
537012.5.peg.2897.site.68, 11, 132, 143
537012.5.peg.2897.site.69, 1, 134, 135
537012.5.peg.2897.site.70, 6, 134, 140
537012.5.peg.2897.site.71, 4, 132, 136
537012.5.peg.2897.site.72, 13, 134, 147
537012.5.peg.2897.site.73, 4, 132, 136
537012.5.peg.2897.site.74, 6, 134, 140
537012.5.peg.2897.site.75, 24, 134, 158
537012.5.peg.2897.site.76, 32, 132, 164
537012.5.peg.2897.site.77, 6, 134, 140
537012.5.peg.2897.site.78, 14, 133, 147
537012.5.peg.2897.site.79, 45, 132, 177
537012.5.peg.2897.site.80, 1, 134, 135
537012.5.peg.2897.site.81, 5, 133, 138
537012.5.peg.2897.site.82, 1, 134, 135
537012.5.peg.2897.site.83, 17, 133, 150
537012.5.peg.2897.site.84, 107, 134, 241
537012.5.peg.2897.site.85, 17, 134, 151
537012.5.peg.2897.site.86, 28, 134, 162
537012.5.peg.2897.site.87, 1, 132, 133
537012.5.peg.2897.site.88, 6, 134, 140
537012.5.peg.2897.site.89, 2, 134, 136
537012.5.peg.2897.site.90, 6, 134, 140
537012.5.peg.2897.site.91, 13, 132, 145
537012.5.peg.2897.site.92, 46, 122, 168
537012.5.peg.2897.site.93, 10, 91, 101
537012.5.peg.2897.site.94, 7, 94, 101
537012.5.peg.2897.site.95, 2, 99, 101
537012.5.peg.2897.site.96, 38, 114, 152
537012.5.peg.2897.site.97, 41, 126, 167
537012.5.peg.2897.site.98, 3, 126, 129
537012.5.peg.2897.site.99, 42, 123, 165
537012.5.peg.2897.site.100, 36, 125, 161
537012.5.peg.2897.site.101, 11, 97, 108
537012.5.peg.2897.site.102, 19, 95, 114
537012.5.peg.2897.site.103, 39, 115, 154
537012.5.peg.2897.site.104, 127, 128, 255
537012.5.peg.2897.site.105, 67, 125, 192
537012.5.peg.2897.site.106, 25, 121, 146
537012.5.peg.2896.site.1, 1, 133, 134
537012.5.peg.2896.site.2, 2, 133, 135
537012.5.peg.2896.site.3, 0, 132, 132
537012.5.peg.2896.site.4, 4, 130, 134
537012.5.peg.2896.site.5, 6, 134, 140
537012.5.peg.2896.site.6, 4, 132, 136
537012.5.peg.2896.site.7, 6, 133, 139
537012.5.peg.2896.site.8, 4, 132, 136
537012.5.peg.2896.site.9, 75, 132, 207
537012.5.peg.2896.site.10, 5, 133, 138
537012.5.peg.2896.site.11, 29, 133, 162
537012.5.peg.2896.site.12, 48, 133, 181
537012.5.peg.2896.site.13, 9, 134, 143
537012.5.peg.2896.site.14, 6, 134, 140
537012.5.peg.2896.site.15, 5, 133, 138
537012.5.peg.2896.site.16, 0, 134, 134
537012.5.peg.2896.site.17, 5, 133, 138
537012.5.peg.2896.site.18, 11, 133, 144
537012.5.peg.2896.site.19, 83, 133, 216
537012.5.peg.2896.site.20, 25, 134, 159
537012.5.peg.2896.site.21, 96, 133, 229
537012.5.peg.2896.site.22, 25, 134, 159
537012.5.peg.2896.site.23, 5, 132, 137
537012.5.peg.2896.site.24, 1, 132, 133
537012.5.peg.2896.site.25, 27, 128, 155
537012.5.peg.2896.site.26, 5, 127, 132
537012.5.peg.2896.site.27, 4, 123, 127
537012.5.peg.2896.site.28, 18, 111, 129
537012.5.peg.2896.site.29, 1, 121, 122
537012.5.peg.2896.site.30, 29, 133, 162
537012.5.peg.2896.site.31, 6, 134, 140
537012.5.peg.2896.site.32, 2, 134, 136
537012.5.peg.2896.site.33, 5, 133, 138
537012.5.peg.2896.site.34, 7, 131, 138
537012.5.peg.2896.site.35, 7, 128, 135
537012.5.peg.2896.site.36, 83, 124, 207
537012.5.peg.2896.site.37, 1, 116, 117
537012.5.peg.2896.site.38, 9, 100, 109
537012.5.peg.2896.site.39, 3, 102, 105
537012.5.peg.2896.site.40, 1, 104, 105
537012.5.peg.2896.site.41, 4, 108, 112
537012.5.peg.2896.site.42, 7, 117, 124
537012.5.peg.2896.site.43, 1, 125, 126
537012.5.peg.2896.site.44, 8, 126, 134
537012.5.peg.2896.site.45, 128, 129, 257
537012.5.peg.2896.site.46, 5, 128, 133
537012.5.peg.2896.site.47, 2, 130, 132
537012.5.peg.2896.site.48, 1, 129, 130
537012.5.peg.2896.site.49, 67, 129, 196
537012.5.peg.2896.site.50, 6, 133, 139
537012.5.peg.2896.site.51, 39, 131, 170
537012.5.peg.2896.site.52, 40, 131, 171
537012.5.peg.2896.site.53, 41, 132, 173
537012.5.peg.2896.site.54, 6, 134, 140
537012.5.peg.2896.site.55, 1, 134, 135
537012.5.peg.2896.site.56, 65, 132, 197
537012.5.peg.2896.site.57, 5, 133, 138
537012.5.peg.2896.site.58, 42, 133, 175
537012.5.peg.2896.site.59, 6, 134, 140
537012.5.peg.2896.site.60, 4, 132, 136
537012.5.peg.2896.site.61, 4, 132, 136
537012.5.peg.2896.site.62, 0, 134, 134
537012.5.peg.2896.site.63, 1, 134, 135
537012.5.peg.2896.site.64, 9, 132, 141
537012.5.peg.2896.site.65, 1, 134, 135
537012.5.peg.2896.site.66, 0, 133, 133
537012.5.peg.2896.site.67, 1, 134, 135
537012.5.peg.2896.site.68, 0, 133, 133
537012.5.peg.2896.site.69, 4, 132, 136
537012.5.peg.2896.site.70, 1, 133, 134
537012.5.peg.2896.site.71, 6, 132, 138
537012.5.peg.2896.site.72, 60, 134, 194
537012.5.peg.2890.site.1, 1, 115, 116
537012.5.peg.2890.site.2, 3, 116, 119
537012.5.peg.2890.site.3, 3, 111, 114
537012.5.peg.2890.site.4, 3, 113, 116
537012.5.peg.2890.site.5, 8, 114, 122
537012.5.peg.2890.site.6, 5, 115, 120
537012.5.peg.2890.site.7, 3, 117, 120
537012.5.peg.2890.site.8, 10, 115, 125
537012.5.peg.2890.site.9, 3, 111, 114
537012.5.peg.2890.site.10, 2, 103, 105
537012.5.peg.2890.site.11, 41, 95, 136
537012.5.peg.2890.site.12, 2, 93, 95
537012.5.peg.2890.site.13, 5, 90, 95
537012.5.peg.2890.site.14, 0, 86, 86
537012.5.peg.2890.site.15, 3, 90, 93
537012.5.peg.2890.site.16, 6, 87, 93
537012.5.peg.2890.site.17, 7, 79, 86
537012.5.peg.2890.site.18, 66, 74, 140
537012.5.peg.2890.site.19, 27, 66, 93
537012.5.peg.2890.site.20, 57, 61, 118
537012.5.peg.2890.site.21, 21, 51, 72
537012.5.peg.2890.site.22, 11, 50, 61
537012.5.peg.2890.site.23, 7, 49, 56
537012.5.peg.2890.site.24, 14, 51, 65
537012.5.peg.2890.site.25, 36, 60, 96
537012.5.peg.2890.site.26, 1, 63, 64
537012.5.peg.2890.site.27, 1, 71, 72
537012.5.peg.2890.site.28, 10, 73, 83
537012.5.peg.2892.site.1, 1, 90, 91
537012.5.peg.2892.site.2, 4, 80, 84
537012.5.peg.2892.site.3, 3, 75, 78
537012.5.peg.2892.site.4, 1, 76, 77
537012.5.peg.2892.site.5, 0, 77, 77
537012.5.peg.2892.site.6, 3, 82, 85
537012.5.peg.2892.site.7, 1, 79, 80
537012.5.peg.2892.site.8, 6, 81, 87
537012.5.peg.2892.site.9, 6, 81, 87
537012.5.peg.2892.site.10, 3, 80, 83
537012.5.peg.2892.site.11, 6, 81, 87
537012.5.peg.2892.site.12, 6, 80, 86
537012.5.peg.2892.site.13, 3, 80, 83
537012.5.peg.2892.site.14, 1, 80, 81
537012.5.peg.2892.site.15, 1, 76, 77
537012.5.peg.2892.site.16, 2, 76, 78
537012.5.peg.2892.site.17, 49, 75, 124
537012.5.peg.2892.site.18, 1, 78, 79
537012.5.peg.2892.site.19, 1, 77, 78
537012.5.peg.2892.site.20, 2, 76, 78
537012.5.peg.2892.site.21, 76, 77, 153
537012.5.peg.2892.site.22, 3, 75, 78
537012.5.peg.2892.site.23, 25, 76, 101
537012.5.peg.2892.site.24, 76, 77, 153
537012.5.peg.730.site.1, 1, 76, 77
537012.5.peg.730.site.2, 8, 76, 84
537012.5.peg.730.site.3, 2, 78, 80
537012.5.peg.730.site.4, 0, 77, 77
537012.5.peg.733.site.1, 37, 73, 110
537012.5.peg.733.site.2, 38, 77, 115
537012.5.peg.733.site.3, 3, 111, 114
537012.5.peg.733.site.4, 63, 109, 172
537012.5.peg.733.site.5, 1, 96, 97
537012.5.peg.733.site.6, 0, 84, 84
537012.5.peg.733.site.7, 75, 85, 160
537012.5.peg.733.site.8, 4, 81, 85
537012.5.peg.733.site.9, 4, 79, 83
537012.5.peg.733.site.10, 24, 74, 98
537012.5.peg.733.site.11, 8, 75, 83
537012.5.peg.733.site.12, 4, 73, 77
537012.5.peg.733.site.13, 18, 73, 91
537012.5.peg.733.site.14, 28, 72, 100
537012.5.peg.733.site.15, 5, 72, 77
537012.5.peg.733.site.16, 61, 72, 133
537012.5.peg.733.site.17, 15, 72, 87
537012.5.peg.735.site.1, 1, 134, 135
537012.5.peg.735.site.2, 128, 131, 259
537012.5.peg.735.site.3, 13, 134, 147
537012.5.peg.735.site.4, 2, 134, 136
537012.5.peg.735.site.5, 10, 131, 141
537012.5.peg.735.site.6, 1, 134, 135
537012.5.peg.735.site.7, 20, 131, 151
537012.5.peg.735.site.8, 68, 131, 199
537012.5.peg.735.site.9, 0, 131, 131
537012.5.peg.735.site.10, 9, 132, 141
537012.5.peg.735.site.11, 1, 132, 133
537012.5.peg.735.site.12, 2, 134, 136
537012.5.peg.735.site.13, 1, 134, 135
537012.5.peg.735.site.14, 7, 134, 141
537012.5.peg.735.site.15, 0, 134, 134
537012.5.peg.735.site.16, 91, 131, 222
537012.5.peg.735.site.17, 24, 133, 157
537012.5.peg.735.site.18, 1, 131, 132
537012.5.peg.735.site.19, 6, 130, 136
537012.5.peg.735.site.20, 7, 129, 136
537012.5.peg.735.site.21, 1, 128, 129
537012.5.peg.735.site.22, 1, 128, 129
537012.5.peg.735.site.23, 3, 130, 133
537012.5.peg.735.site.24, 29, 131, 160
537012.5.peg.735.site.25, 1, 132, 133
537012.5.peg.735.site.26, 2, 132, 134
537012.5.peg.735.site.27, 2, 131, 133
537012.5.peg.735.site.28, 3, 130, 133
537012.5.peg.735.site.29, 2, 133, 135
537012.5.peg.735.site.30, 2, 130, 132
537012.5.peg.735.site.31, 2, 133, 135
537012.5.peg.735.site.32, 11, 131, 142
537012.5.peg.735.site.33, 18, 131, 149
537012.5.peg.735.site.34, 0, 132, 132
537012.5.peg.735.site.35, 52, 130, 182
537012.5.peg.735.site.36, 7, 134, 141
537012.5.peg.735.site.37, 9, 132, 141
537012.5.peg.735.site.38, 1, 133, 134
537012.5.peg.735.site.39, 2, 133, 135
537012.5.peg.735.site.40, 2, 133, 135
537012.5.peg.735.site.41, 1, 131, 132
537012.5.peg.735.site.42, 0, 130, 130
537012.5.peg.735.site.43, 9, 132, 141
537012.5.peg.735.site.44, 2, 131, 133
537012.5.peg.735.site.45, 77, 131, 208
537012.5.peg.735.site.46, 2, 132, 134
537012.5.peg.735.site.47, 2, 134, 136
537012.5.peg.735.site.48, 3, 134, 137
537012.5.peg.735.site.49, 1, 133, 134
537012.5.peg.735.site.50, 1, 134, 135
537012.5.peg.735.site.51, 2, 134, 136
537012.5.peg.735.site.52, 3, 134, 137
537012.5.peg.735.site.53, 1, 134, 135
537012.5.peg.735.site.54, 20, 133, 153
537012.5.peg.735.site.55, 3, 134, 137
537012.5.peg.735.site.56, 3, 133, 136
537012.5.peg.735.site.57, 2, 134, 136
537012.5.peg.735.site.58, 12, 134, 146
537012.5.peg.735.site.59, 5, 133, 138
537012.5.peg.735.site.60, 1, 134, 135
537012.5.peg.735.site.61, 0, 134, 134
537012.5.peg.735.site.62, 74, 134, 208
537012.5.peg.735.site.63, 1, 133, 134
537012.5.peg.735.site.64, 23, 131, 154
537012.5.peg.735.site.65, 2, 132, 134
537012.5.peg.735.site.66, 2, 130, 132
537012.5.peg.3541.site.1, 0, 131, 131
537012.5.peg.3541.site.2, 1, 132, 133
537012.5.peg.3541.site.3, 1, 133, 134
537012.5.peg.3541.site.4, 5, 132, 137
537012.5.peg.3541.site.5, 2, 128, 130
537012.5.peg.3541.site.6, 1, 132, 133
537012.5.peg.3541.site.7, 1, 134, 135
537012.5.peg.3541.site.8, 2, 134, 136
537012.5.peg.3541.site.9, 53, 134, 187
537012.5.peg.3541.site.10, 12, 133, 145
537012.5.peg.3541.site.11, 6, 134, 140
537012.5.peg.3541.site.12, 2, 134, 136
537012.5.peg.3541.site.13, 5, 132, 137
537012.5.peg.3541.site.14, 2, 133, 135
537012.5.peg.3541.site.15, 41, 133, 174
537012.5.peg.737.site.1, 5, 130, 135
537012.5.peg.737.site.2, 4, 131, 135
537012.5.peg.737.site.3, 1, 128, 129
537012.5.peg.737.site.4, 53, 126, 179
537012.5.peg.737.site.5, 3, 131, 134
537012.5.peg.737.site.6, 6, 132, 138
537012.5.peg.737.site.7, 4, 132, 136
537012.5.peg.737.site.8, 65, 132, 197
537012.5.peg.737.site.9, 10, 131, 141
537012.5.peg.737.site.10, 17, 134, 151
537012.5.peg.737.site.11, 11, 132, 143
537012.5.peg.737.site.12, 5, 133, 138
537012.5.peg.737.site.13, 1, 134, 135
537012.5.peg.737.site.14, 47, 134, 181
537012.5.peg.737.site.15, 4, 131, 135
537012.5.peg.737.site.16, 6, 133, 139
537012.5.peg.737.site.17, 5, 133, 138
537012.5.peg.737.site.18, 3, 134, 137
537012.5.peg.737.site.19, 6, 134, 140
537012.5.peg.737.site.20, 29, 134, 163
537012.5.peg.737.site.21, 11, 134, 145
537012.5.peg.737.site.22, 3, 134, 137
537012.5.peg.737.site.23, 4, 132, 136
537012.5.peg.737.site.24, 7, 133, 140
537012.5.peg.737.site.25, 7, 134, 141
537012.5.peg.737.site.26, 3, 134, 137
537012.5.peg.737.site.27, 7, 134, 141
537012.5.peg.737.site.28, 3, 134, 137
537012.5.peg.736.site.1, 1, 133, 134
537012.5.peg.736.site.2, 0, 132, 132
537012.5.peg.736.site.3, 3, 130, 133
537012.5.peg.736.site.4, 1, 132, 133
537012.5.peg.736.site.5, 2, 130, 132
537012.5.peg.736.site.6, 9, 130, 139
537012.5.peg.736.site.7, 65, 130, 195
537012.5.peg.736.site.8, 3, 128, 131
537012.5.peg.736.site.9, 0, 124, 124
537012.5.peg.736.site.10, 7, 127, 134
537012.5.peg.736.site.11, 0, 132, 132
537012.5.peg.736.site.12, 1, 134, 135
537012.5.peg.736.site.13, 4, 132, 136
537012.5.peg.736.site.14, 32, 134, 166
537012.5.peg.736.site.15, 10, 131, 141
537012.5.peg.736.site.16, 23, 132, 155
537012.5.peg.736.site.17, 1, 134, 135
537012.5.peg.736.site.18, 1, 134, 135
537012.5.peg.736.site.19, 4, 132, 136
537012.5.peg.736.site.20, 5, 133, 138
537012.5.peg.736.site.21, 7, 134, 141
537012.5.peg.736.site.22, 33, 131, 164
537012.5.peg.736.site.23, 1, 130, 131
537012.5.peg.736.site.24, 3, 127, 130
537012.5.peg.736.site.25, 23, 124, 147
537012.5.peg.736.site.26, 4, 125, 129
537012.5.peg.736.site.27, 4, 125, 129
537012.5.peg.736.site.28, 3, 125, 128
537012.5.peg.736.site.29, 4, 130, 134
537012.5.peg.736.site.30, 7, 129, 136
537012.5.peg.736.site.31, 4, 130, 134
537012.5.peg.736.site.32, 7, 133, 140
537012.5.peg.736.site.33, 1, 133, 134
537012.5.peg.736.site.34, 14, 134, 148
537012.5.peg.736.site.35, 0, 134, 134
537012.5.peg.736.site.36, 7, 134, 141
537012.5.peg.736.site.37, 114, 130, 244
537012.5.peg.736.site.38, 1, 134, 135
537012.5.peg.736.site.39, 73, 131, 204
537012.5.peg.736.site.40, 1, 134, 135
537012.5.peg.736.site.41, 96, 131, 227
537012.5.peg.736.site.42, 5, 133, 138
537012.5.peg.736.site.43, 4, 132, 136
537012.5.peg.736.site.44, 10, 132, 142
537012.5.peg.736.site.45, 2, 132, 134
537012.5.peg.736.site.46, 1, 131, 132
537012.5.peg.736.site.47, 3, 131, 134
537012.5.peg.736.site.48, 3, 131, 134
537012.5.peg.736.site.49, 91, 130, 221
537012.5.peg.736.site.50, 1, 133, 134
537012.5.peg.736.site.51, 1, 133, 134
537012.5.peg.736.site.52, 1, 132, 133
537012.5.peg.736.site.53, 4, 131, 135
537012.5.peg.736.site.54, 4, 131, 135
537012.5.peg.1964.site.1, 10, 123, 133
537012.5.peg.1964.site.2, 60, 124, 184
537012.5.peg.1964.site.3, 5, 125, 130
537012.5.peg.1964.site.4, 1, 124, 125
537012.5.peg.1964.site.5, 12, 124, 136
537012.5.peg.1964.site.6, 1, 125, 126
537012.5.peg.1964.site.7, 5, 125, 130
537012.5.peg.1964.site.8, 12, 125, 137
537012.5.peg.1964.site.9, 1, 124, 125
537012.5.peg.1964.site.10, 0, 126, 126
537012.5.peg.1964.site.11, 2, 124, 126
537012.5.peg.1964.site.12, 8, 124, 132
537012.5.peg.1964.site.13, 2, 124, 126
537012.5.peg.1964.site.14, 5, 124, 129
537012.5.peg.1964.site.15, 15, 123, 138
537012.5.peg.1964.site.16, 3, 124, 127
537012.5.peg.1964.site.17, 3, 124, 127
537012.5.peg.1964.site.18, 3, 124, 127
537012.5.peg.1964.site.19, 5, 123, 128
537012.5.peg.1964.site.20, 5, 125, 130
537012.5.peg.1964.site.21, 5, 125, 130
537012.5.peg.1964.site.22, 3, 123, 126
537012.5.peg.1964.site.23, 3, 126, 129
537012.5.peg.1964.site.24, 2, 125, 127
537012.5.peg.1964.site.25, 1, 125, 126
537012.5.peg.1964.site.26, 5, 125, 130
537012.5.peg.1964.site.27, 2, 125, 127
537012.5.peg.1964.site.28, 57, 123, 180
537012.5.peg.1964.site.29, 5, 125, 130
537012.5.peg.1964.site.30, 70, 124, 194
537012.5.peg.1964.site.31, 2, 125, 127
537012.5.peg.1964.site.32, 2, 125, 127
537012.5.peg.1964.site.33, 18, 124, 142
537012.5.peg.1964.site.34, 4, 125, 129
537012.5.peg.1964.site.35, 0, 125, 125
537012.5.peg.1964.site.36, 1, 123, 124
537012.5.peg.1964.site.37, 4, 124, 128
537012.5.peg.1964.site.38, 9, 122, 131
537012.5.peg.1964.site.39, 5, 124, 129
537012.5.peg.1964.site.40, 3, 124, 127
537012.5.peg.1964.site.41, 3, 124, 127
537012.5.peg.1964.site.42, 3, 124, 127
537012.5.peg.1964.site.43, 9, 124, 133
537012.5.peg.1964.site.44, 15, 122, 137
537012.5.peg.1964.site.45, 69, 121, 190
537012.5.peg.1964.site.46, 5, 122, 127
537012.5.peg.1964.site.47, 34, 123, 157
537012.5.peg.1964.site.48, 3, 122, 125
537012.5.peg.1964.site.49, 5, 125, 130
537012.5.peg.1964.site.50, 66, 126, 192
537012.5.peg.1964.site.51, 5, 125, 130
537012.5.peg.1964.site.52, 27, 123, 150
537012.5.peg.1964.site.53, 5, 125, 130
537012.5.peg.1964.site.54, 1, 124, 125
537012.5.peg.1964.site.55, 34, 125, 159
537012.5.peg.1964.site.56, 69, 124, 193
537012.5.peg.1964.site.57, 4, 125, 129
537012.5.peg.1964.site.58, 79, 125, 204
537012.5.peg.1964.site.59, 0, 125, 125
537012.5.peg.1964.site.60, 0, 124, 124
537012.5.peg.1964.site.61, 3, 125, 128
537012.5.peg.1964.site.62, 2, 124, 126
537012.5.peg.1964.site.63, 2, 123, 125
537012.5.peg.1964.site.64, 2, 124, 126
537012.5.peg.1964.site.65, 10, 121, 131
537012.5.peg.1964.site.66, 0, 125, 125
537012.5.peg.1964.site.67, 5, 124, 129
537012.5.peg.1964.site.68, 7, 123, 130
537012.5.peg.1964.site.69, 60, 125, 185
537012.5.peg.1964.site.70, 0, 125, 125
537012.5.peg.1964.site.71, 4, 125, 129
537012.5.peg.1964.site.72, 63, 122, 185
537012.5.peg.1964.site.73, 1, 124, 125
537012.5.peg.1964.site.74, 3, 123, 126
537012.5.peg.1964.site.75, 5, 125, 130
537012.5.peg.1965.site.1, 1, 32, 33
537012.5.peg.1965.site.2, 25, 65, 90
537012.5.peg.1965.site.3, 22, 69, 91
537012.5.peg.1965.site.4, 4, 117, 121
537012.5.peg.1965.site.5, 19, 121, 140
537012.5.peg.1965.site.6, 11, 124, 135
537012.5.peg.1965.site.7, 4, 124, 128
537012.5.peg.1965.site.8, 67, 127, 194
537012.5.peg.1965.site.9, 1, 126, 127
537012.5.peg.1965.site.10, 9, 127, 136
537012.5.peg.1965.site.11, 1, 127, 128
537012.5.peg.1965.site.12, 0, 127, 127
537012.5.peg.1965.site.13, 1, 126, 127
537012.5.peg.1965.site.14, 12, 126, 138
537012.5.peg.1965.site.15, 0, 125, 125
537012.5.peg.1965.site.16, 1, 126, 127
537012.5.peg.1965.site.17, 4, 125, 129
537012.5.peg.1965.site.18, 31, 123, 154
537012.5.peg.1965.site.19, 24, 117, 141
537012.5.peg.1965.site.20, 2, 122, 124
537012.5.peg.1965.site.21, 29, 122, 151
537012.5.peg.1965.site.22, 11, 124, 135
537012.5.peg.1965.site.23, 2, 123, 125
537012.5.peg.1965.site.24, 4, 126, 130
537012.5.peg.1965.site.25, 4, 123, 127
537012.5.peg.1965.site.26, 45, 121, 166
537012.5.peg.1966.site.1, 7, 126, 133
537012.5.peg.1966.site.2, 29, 125, 154
537012.5.peg.1966.site.3, 7, 126, 133
537012.5.peg.1966.site.4, 7, 127, 134
537012.5.peg.1966.site.5, 4, 124, 128
537012.5.peg.1966.site.6, 2, 126, 128
537012.5.peg.1966.site.7, 0, 126, 126
537012.5.peg.1966.site.8, 4, 124, 128
537012.5.peg.1966.site.9, 4, 124, 128
537012.5.peg.1966.site.10, 11, 124, 135
537012.5.peg.1967.site.1, 5, 125, 130
537012.5.peg.1967.site.2, 0, 126, 126
537012.5.peg.1967.site.3, 1, 126, 127
537012.5.peg.1967.site.4, 4, 125, 129
537012.5.peg.1967.site.5, 1, 123, 124
537012.5.peg.1967.site.6, 7, 122, 129
537012.5.peg.1967.site.7, 4, 124, 128
537012.5.peg.1967.site.8, 2, 126, 128
537012.5.peg.1967.site.9, 2, 126, 128
537012.5.peg.1967.site.10, 4, 121, 125
537012.5.peg.1967.site.11, 6, 121, 127
537012.5.peg.1967.site.12, 3, 118, 121
537012.5.peg.1967.site.13, 6, 121, 127
537012.5.peg.1967.site.14, 12, 124, 136
537012.5.peg.1967.site.15, 1, 125, 126
537012.5.peg.1967.site.16, 71, 122, 193
537012.5.peg.1960.site.1, 2, 130, 132
537012.5.peg.1960.site.2, 0, 130, 130
537012.5.peg.1960.site.3, 7, 130, 137
537012.5.peg.1960.site.4, 5, 130, 135
537012.5.peg.1960.site.5, 0, 128, 128
537012.5.peg.1960.site.6, 35, 130, 165
537012.5.peg.1960.site.7, 4, 128, 132
537012.5.peg.1960.site.8, 2, 129, 131
537012.5.peg.1960.site.9, 5, 130, 135
537012.5.peg.1960.site.10, 2, 130, 132
537012.5.peg.1960.site.11, 5, 130, 135
537012.5.peg.1960.site.12, 119, 130, 249
537012.5.peg.1960.site.13, 6, 130, 136
537012.5.peg.1960.site.14, 1, 128, 129
537012.5.peg.1960.site.15, 5, 130, 135
537012.5.peg.1960.site.16, 5, 130, 135
537012.5.peg.1960.site.17, 0, 130, 130
537012.5.peg.1960.site.18, 5, 130, 135
537012.5.peg.1960.site.19, 5, 130, 135
537012.5.peg.1960.site.20, 5, 129, 134
537012.5.peg.1960.site.21, 2, 130, 132
537012.5.peg.1960.site.22, 1, 130, 131
537012.5.peg.1960.site.23, 4, 128, 132
537012.5.peg.1960.site.24, 7, 130, 137
537012.5.peg.1961.site.1, 21, 130, 151
537012.5.peg.1961.site.2, 21, 130, 151
537012.5.peg.1961.site.3, 2, 129, 131
537012.5.peg.1961.site.4, 98, 128, 226
537012.5.peg.1961.site.5, 11, 130, 141
537012.5.peg.1961.site.6, 22, 130, 152
537012.5.peg.1961.site.7, 3, 130, 133
537012.5.peg.1961.site.8, 3, 129, 132
537012.5.peg.1961.site.9, 8, 130, 138
537012.5.peg.1961.site.10, 4, 130, 134
537012.5.peg.1961.site.11, 5, 130, 135
537012.5.peg.1961.site.12, 9, 130, 139
537012.5.peg.1961.site.13, 1, 130, 131
537012.5.peg.1961.site.14, 26, 128, 154
537012.5.peg.1961.site.15, 2, 129, 131
537012.5.peg.1961.site.16, 27, 130, 157
537012.5.peg.1961.site.17, 1, 129, 130
537012.5.peg.1961.site.18, 9, 128, 137
537012.5.peg.1961.site.19, 0, 130, 130
537012.5.peg.1961.site.20, 4, 128, 132
537012.5.peg.1961.site.21, 3, 130, 133
537012.5.peg.1961.site.22, 2, 130, 132
537012.5.peg.1961.site.23, 5, 130, 135
537012.5.peg.1961.site.24, 1, 130, 131
537012.5.peg.1961.site.25, 21, 130, 151
537012.5.peg.1961.site.26, 5, 130, 135
537012.5.peg.1961.site.27, 2, 129, 131
537012.5.peg.1961.site.28, 4, 128, 132
537012.5.peg.1961.site.29, 1, 129, 130
537012.5.peg.1961.site.30, 2, 130, 132
537012.5.peg.1961.site.31, 3, 130, 133
537012.5.peg.1961.site.32, 5, 130, 135
537012.5.peg.1961.site.33, 14, 130, 144
537012.5.peg.1961.site.34, 4, 128, 132
537012.5.peg.1962.site.1, 0, 125, 125
537012.5.peg.1962.site.2, 8, 126, 134
537012.5.peg.1962.site.3, 4, 125, 129
537012.5.peg.1962.site.4, 2, 127, 129
537012.5.peg.1962.site.5, 5, 129, 134
537012.5.peg.1962.site.6, 3, 130, 133
537012.5.peg.1962.site.7, 5, 130, 135
537012.5.peg.1962.site.8, 23, 127, 150
537012.5.peg.1962.site.9, 34, 127, 161
537012.5.peg.1962.site.10, 3, 130, 133
537012.5.peg.1962.site.11, 44, 129, 173
537012.5.peg.1962.site.12, 9, 128, 137
537012.5.peg.1962.site.13, 19, 129, 148
537012.5.peg.1962.site.14, 5, 130, 135
537012.5.peg.1962.site.15, 5, 130, 135
537012.5.peg.1962.site.16, 5, 130, 135
537012.5.peg.1962.site.17, 3, 130, 133
537012.5.peg.1962.site.18, 2, 130, 132
537012.5.peg.1962.site.19, 5, 130, 135
537012.5.peg.1962.site.20, 9, 127, 136
537012.5.peg.1962.site.21, 50, 129, 179
537012.5.peg.1962.site.22, 5, 130, 135
537012.5.peg.1962.site.23, 2, 130, 132
537012.5.peg.1962.site.24, 0, 130, 130
537012.5.peg.1962.site.25, 5, 130, 135
537012.5.peg.1962.site.26, 36, 128, 164
537012.5.peg.1962.site.27, 1, 130, 131
537012.5.peg.1962.site.28, 8, 128, 136
537012.5.peg.1962.site.29, 20, 130, 150
537012.5.peg.1962.site.30, 13, 129, 142
537012.5.peg.1962.site.31, 23, 130, 153
537012.5.peg.1963.site.1, 93, 124, 217
537012.5.peg.1963.site.2, 10, 126, 136
537012.5.peg.1963.site.3, 8, 127, 135
537012.5.peg.1963.site.4, 9, 123, 132
537012.5.peg.1963.site.5, 4, 124, 128
537012.5.peg.1963.site.6, 10, 126, 136
537012.5.peg.1963.site.7, 1, 128, 129
537012.5.peg.1963.site.8, 4, 126, 130
537012.5.peg.1963.site.9, 4, 125, 129
537012.5.peg.1963.site.10, 1, 127, 128
537012.5.peg.1963.site.11, 2, 127, 129
537012.5.peg.1963.site.12, 10, 125, 135
537012.5.peg.1963.site.13, 1, 126, 127
537012.5.peg.1963.site.14, 1, 127, 128
537012.5.peg.1963.site.15, 7, 127, 134
537012.5.peg.1963.site.16, 1, 125, 126
537012.5.peg.1963.site.17, 7, 126, 133
537012.5.peg.1963.site.18, 1, 125, 126
537012.5.peg.1963.site.19, 4, 125, 129
537012.5.peg.981.site.1, 11, 128, 139
537012.5.peg.981.site.2, 6, 127, 133
537012.5.peg.981.site.3, 6, 127, 133
537012.5.peg.981.site.4, 106, 127, 233
537012.5.peg.981.site.5, 5, 127, 132
537012.5.peg.981.site.6, 87, 126, 213
537012.5.peg.981.site.7, 4, 127, 131
537012.5.peg.981.site.8, 3, 128, 131
537012.5.peg.981.site.9, 19, 125, 144
537012.5.peg.981.site.10, 7, 128, 135
537012.5.peg.981.site.11, 127, 128, 255
537012.5.peg.981.site.12, 4, 126, 130
537012.5.peg.981.site.13, 0, 129, 129
537012.5.peg.981.site.14, 1, 128, 129
537012.5.peg.981.site.15, 2, 129, 131
537012.5.peg.981.site.16, 4, 126, 130
537012.5.peg.981.site.17, 0, 128, 128
537012.5.peg.981.site.18, 17, 129, 146
537012.5.peg.981.site.19, 1, 129, 130
537012.5.peg.981.site.20, 47, 126, 173
537012.5.peg.981.site.21, 57, 127, 184
537012.5.peg.981.site.22, 1, 127, 128
537012.5.peg.981.site.23, 1, 128, 129
537012.5.peg.981.site.24, 1, 128, 129
537012.5.peg.981.site.25, 74, 126, 200
537012.5.peg.981.site.26, 2, 127, 129
537012.5.peg.981.site.27, 0, 122, 122
537012.5.peg.981.site.28, 0, 123, 123
537012.5.peg.981.site.29, 5, 124, 129
537012.5.peg.981.site.30, 5, 125, 130
537012.5.peg.981.site.31, 1, 124, 125
537012.5.peg.981.site.32, 3, 125, 128
537012.5.peg.981.site.33, 7, 124, 131
537012.5.peg.981.site.34, 1, 124, 125
537012.5.peg.981.site.35, 3, 128, 131
537012.5.peg.981.site.36, 4, 126, 130
537012.5.peg.981.site.37, 5, 127, 132
537012.5.peg.981.site.38, 5, 126, 131
537012.5.peg.981.site.39, 39, 127, 166
537012.5.peg.1968.site.1, 7, 107, 114
537012.5.peg.1968.site.2, 14, 117, 131
537012.5.peg.1968.site.3, 116, 118, 234
537012.5.peg.1968.site.4, 56, 119, 175
537012.5.peg.1968.site.5, 5, 123, 128
537012.5.peg.1968.site.6, 2, 123, 125
537012.5.peg.1968.site.7, 12, 123, 135
537012.5.peg.1968.site.8, 1, 124, 125
537012.5.peg.1968.site.9, 1, 124, 125
537012.5.peg.1968.site.10, 3, 124, 127
537012.5.peg.1968.site.11, 31, 124, 155
537012.5.peg.1968.site.12, 10, 124, 134
537012.5.peg.1968.site.13, 1, 122, 123
537012.5.peg.1968.site.14, 53, 122, 175
537012.5.peg.1968.site.15, 7, 122, 129
537012.5.peg.1968.site.16, 2, 122, 124
537012.5.peg.1968.site.17, 2, 123, 125
537012.5.peg.1969.site.1, 3, 119, 122
537012.5.peg.1969.site.2, 2, 121, 123
537012.5.peg.1969.site.3, 1, 123, 124
537012.5.peg.1969.site.4, 1, 124, 125
537012.5.peg.1969.site.5, 3, 125, 128
537012.5.peg.1969.site.6, 29, 124, 153
537012.5.peg.1969.site.7, 2, 123, 125
537012.5.peg.1969.site.8, 9, 122, 131
537012.5.peg.1969.site.9, 3, 124, 127
537012.5.peg.1969.site.10, 2, 123, 125
537012.5.peg.1969.site.11, 0, 122, 122
537012.5.peg.1969.site.12, 7, 122, 129
537012.5.peg.1969.site.13, 7, 122, 129
537012.5.peg.1969.site.14, 3, 118, 121
537012.5.peg.1969.site.15, 9, 117, 126
537012.5.peg.1969.site.16, 3, 116, 119
537012.5.peg.1969.site.17, 1, 116, 117
537012.5.peg.1969.site.18, 60, 115, 175
537012.5.peg.1969.site.19, 3, 123, 126
537012.5.peg.1969.site.20, 5, 123, 128
537012.5.peg.1969.site.21, 0, 126, 126
537012.5.peg.1969.site.22, 2, 125, 127
537012.5.peg.1969.site.23, 1, 126, 127
537012.5.peg.1969.site.24, 4, 126, 130
537012.5.peg.1969.site.25, 43, 124, 167
537012.5.peg.1969.site.26, 11, 123, 134
537012.5.peg.1969.site.27, 2, 127, 129
537012.5.peg.1969.site.28, 0, 127, 127
537012.5.peg.1969.site.29, 1, 127, 128
537012.5.peg.1969.site.30, 7, 126, 133
537012.5.peg.1969.site.31, 5, 126, 131
537012.5.peg.1969.site.32, 14, 124, 138
537012.5.peg.1969.site.33, 4, 124, 128
537012.5.peg.1969.site.34, 2, 126, 128
537012.5.peg.1969.site.35, 2, 127, 129
537012.5.peg.1969.site.36, 5, 126, 131
537012.5.peg.1969.site.37, 7, 127, 134
537012.5.peg.1969.site.38, 11, 124, 135
537012.5.peg.1969.site.39, 4, 125, 129
537012.5.peg.1969.site.40, 8, 124, 132
537012.5.peg.1969.site.41, 5, 125, 130
537012.5.peg.1969.site.42, 7, 123, 130
537012.5.peg.1969.site.43, 45, 127, 172
537012.5.peg.1969.site.44, 2, 123, 125
537012.5.peg.1969.site.45, 2, 126, 128
537012.5.peg.1969.site.46, 3, 124, 127
537012.5.peg.1969.site.47, 1, 121, 122
537012.5.peg.1969.site.48, 45, 116, 161
537012.5.peg.1969.site.49, 4, 126, 130
537012.5.peg.1969.site.50, 2, 125, 127
537012.5.peg.1969.site.51, 54, 124, 178
537012.5.peg.1969.site.52, 1, 126, 127
537012.5.peg.1969.site.53, 7, 125, 132
537012.5.peg.1969.site.54, 1, 124, 125
537012.5.peg.1969.site.55, 12, 120, 132
537012.5.peg.1969.site.56, 6, 121, 127
537012.5.peg.1969.site.57, 20, 119, 139
537012.5.peg.1969.site.58, 5, 118, 123
537012.5.peg.1969.site.59, 1, 114, 115
537012.5.peg.1338.site.1, 2, 129, 131
537012.5.peg.1338.site.2, 75, 131, 206
537012.5.peg.1338.site.3, 15, 131, 146
537012.5.peg.1338.site.4, 17, 129, 146
537012.5.peg.1338.site.5, 16, 128, 144
537012.5.peg.1338.site.6, 14, 128, 142
537012.5.peg.1338.site.7, 31, 128, 159
537012.5.peg.1338.site.8, 1, 127, 128
537012.5.peg.1338.site.9, 1, 130, 131
537012.5.peg.1338.site.10, 1, 129, 130
537012.5.peg.1338.site.11, 33, 128, 161
537012.5.peg.1338.site.12, 8, 132, 140
537012.5.peg.1338.site.13, 1, 132, 133
537012.5.peg.2434.site.1, 1, 87, 88
537012.5.peg.2434.site.2, 1, 88, 89
537012.5.peg.2434.site.3, 4, 88, 92
537012.5.peg.2434.site.4, 1, 88, 89
537012.5.peg.2434.site.5, 1, 91, 92
537012.5.peg.2434.site.6, 5, 93, 98
537012.5.peg.2434.site.7, 14, 96, 110
537012.5.peg.2434.site.8, 13, 95, 108
537012.5.peg.2434.site.9, 13, 96, 109
537012.5.peg.2434.site.10, 0, 97, 97
537012.5.peg.2434.site.11, 16, 95, 111
537012.5.peg.2434.site.12, 3, 94, 97
537012.5.peg.2434.site.13, 12, 93, 105
537012.5.peg.2434.site.14, 1, 91, 92
537012.5.peg.2434.site.15, 22, 88, 110
537012.5.peg.2434.site.16, 56, 87, 143
537012.5.peg.2434.site.17, 1, 90, 91
537012.5.peg.2434.site.18, 1, 89, 90
537012.5.peg.2434.site.19, 10, 88, 98
537012.5.peg.2434.site.20, 11, 90, 101
537012.5.peg.2434.site.21, 6, 90, 96
537012.5.peg.2434.site.22, 1, 93, 94
537012.5.peg.2434.site.23, 1, 82, 83
537012.5.peg.2434.site.24, 15, 86, 101
537012.5.peg.2434.site.25, 6, 88, 94
537012.5.peg.2434.site.26, 1, 89, 90
537012.5.peg.2434.site.27, 0, 131, 131
537012.5.peg.2434.site.28, 4, 132, 136
537012.5.peg.2434.site.29, 3, 131, 134
537012.5.peg.2434.site.30, 18, 122, 140
537012.5.peg.2434.site.31, 6, 107, 113
537012.5.peg.2434.site.32, 1, 101, 102
537012.5.peg.2434.site.33, 95, 98, 193
537012.5.peg.2434.site.34, 5, 119, 124
537012.5.peg.2434.site.35, 8, 118, 126
537012.5.peg.2434.site.36, 2, 120, 122
537012.5.peg.2434.site.37, 6, 120, 126
537012.5.peg.2434.site.38, 1, 119, 120
537012.5.peg.2434.site.39, 2, 121, 123
537012.5.peg.2434.site.40, 9, 121, 130
537012.5.peg.2434.site.41, 1, 117, 118
537012.5.peg.2434.site.42, 9, 110, 119
537012.5.peg.2434.site.43, 4, 97, 101
537012.5.peg.2434.site.44, 7, 92, 99
537012.5.peg.2434.site.45, 1, 91, 92
537012.5.peg.2434.site.46, 0, 96, 96
537012.5.peg.2434.site.47, 2, 91, 93
537012.5.peg.2434.site.48, 7, 104, 111
537012.5.peg.2434.site.49, 62, 102, 164
537012.5.peg.2434.site.50, 46, 101, 147
537012.5.peg.2434.site.51, 6, 113, 119
537012.5.peg.2434.site.52, 7, 125, 132
537012.5.peg.2434.site.53, 1, 131, 132
537012.5.peg.2434.site.54, 0, 134, 134
537012.5.peg.2434.site.55, 91, 133, 224
537012.5.peg.2434.site.56, 44, 131, 175
537012.5.peg.2434.site.57, 18, 133, 151
537012.5.peg.2434.site.58, 21, 133, 154
537012.5.peg.2433.site.1, 2, 127, 129
537012.5.peg.2433.site.2, 1, 129, 130
537012.5.peg.2433.site.3, 0, 129, 129
537012.5.peg.2433.site.4, 1, 129, 130
537012.5.peg.2433.site.5, 14, 128, 142
537012.5.peg.2433.site.6, 6, 128, 134
537012.5.peg.2433.site.7, 8, 128, 136
537012.5.peg.2433.site.8, 1, 128, 129
537012.5.peg.2433.site.9, 1, 128, 129
537012.5.peg.2433.site.10, 2, 128, 130
537012.5.peg.2433.site.11, 7, 129, 136
537012.5.peg.2433.site.12, 2, 128, 130
537012.5.peg.2433.site.13, 0, 122, 122
537012.5.peg.2433.site.14, 5, 128, 133
537012.5.peg.2433.site.15, 2, 129, 131
537012.5.peg.2433.site.16, 6, 125, 131
537012.5.peg.2433.site.17, 1, 126, 127
537012.5.peg.2433.site.18, 1, 124, 125
537012.5.peg.2433.site.19, 2, 126, 128
537012.5.peg.2432.site.1, 0, 128, 128
537012.5.peg.2432.site.2, 5, 127, 132
537012.5.peg.2432.site.3, 0, 128, 128
537012.5.peg.2432.site.4, 6, 126, 132
537012.5.peg.2432.site.5, 6, 126, 132
537012.5.peg.2432.site.6, 6, 127, 133
537012.5.peg.2432.site.7, 9, 127, 136
537012.5.peg.2432.site.8, 1, 127, 128
537012.5.peg.2432.site.9, 4, 125, 129
537012.5.peg.2432.site.10, 94, 125, 219
537012.5.peg.2432.site.11, 6, 128, 134
537012.5.peg.2432.site.12, 15, 127, 142
537012.5.peg.2432.site.13, 14, 127, 141
537012.5.peg.2432.site.14, 6, 127, 133
537012.5.peg.2432.site.15, 6, 127, 133
537012.5.peg.2432.site.16, 7, 126, 133
537012.5.peg.2432.site.17, 10, 126, 136
537012.5.peg.2432.site.18, 6, 127, 133
537012.5.peg.2432.site.19, 25, 125, 150
537012.5.peg.2432.site.20, 3, 128, 131
537012.5.peg.2432.site.21, 3, 128, 131
537012.5.peg.2432.site.22, 0, 127, 127
537012.5.peg.2431.site.1, 18, 126, 144
537012.5.peg.2431.site.2, 6, 127, 133
537012.5.peg.2431.site.3, 0, 127, 127
537012.5.peg.2431.site.4, 16, 128, 144
537012.5.peg.2431.site.5, 8, 127, 135
537012.5.peg.2431.site.6, 67, 127, 194
537012.5.peg.2431.site.7, 6, 128, 134
537012.5.peg.2431.site.8, 3, 124, 127
537012.5.peg.2431.site.9, 6, 124, 130
537012.5.peg.2431.site.10, 73, 124, 197
537012.5.peg.2431.site.11, 17, 127, 144
537012.5.peg.2431.site.12, 14, 128, 142
537012.5.peg.2431.site.13, 0, 126, 126
537012.5.peg.2431.site.14, 6, 127, 133
537012.5.peg.2431.site.15, 6, 127, 133
537012.5.peg.2431.site.16, 3, 127, 130
537012.5.peg.2431.site.17, 10, 127, 137
537012.5.peg.2431.site.18, 0, 128, 128
537012.5.peg.2431.site.19, 6, 128, 134
537012.5.peg.2431.site.20, 4, 128, 132
537012.5.peg.2431.site.21, 6, 128, 134
537012.5.peg.2431.site.22, 0, 128, 128
537012.5.peg.2431.site.23, 0, 128, 128
537012.5.peg.2431.site.24, 42, 127, 169
537012.5.peg.2431.site.25, 6, 128, 134
537012.5.peg.2431.site.26, 6, 128, 134
537012.5.peg.2431.site.27, 4, 128, 132
537012.5.peg.2431.site.28, 1, 128, 129
537012.5.peg.2431.site.29, 6, 128, 134
537012.5.peg.2431.site.30, 1, 128, 129
537012.5.peg.2431.site.31, 71, 126, 197
537012.5.peg.2431.site.32, 6, 127, 133
537012.5.peg.2431.site.33, 1, 127, 128
537012.5.peg.2431.site.34, 6, 125, 131
537012.5.peg.2431.site.35, 6, 124, 130
537012.5.peg.2431.site.36, 6, 127, 133
537012.5.peg.2431.site.37, 3, 127, 130
537012.5.peg.2431.site.38, 0, 127, 127
537012.5.peg.2431.site.39, 6, 128, 134
537012.5.peg.2431.site.40, 6, 128, 134
537012.5.peg.2431.site.41, 6, 128, 134
537012.5.peg.2431.site.42, 20, 123, 143
537012.5.peg.2431.site.43, 6, 124, 130
537012.5.peg.2431.site.44, 68, 126, 194
537012.5.peg.2431.site.45, 67, 126, 193
537012.5.peg.2431.site.46, 0, 127, 127
537012.5.peg.2431.site.47, 3, 127, 130
537012.5.peg.2431.site.48, 12, 127, 139
537012.5.peg.2431.site.49, 0, 125, 125
537012.5.peg.2431.site.50, 1, 126, 127
537012.5.peg.2431.site.51, 3, 127, 130
537012.5.peg.2431.site.52, 6, 128, 134
537012.5.peg.2431.site.53, 6, 128, 134
537012.5.peg.2431.site.54, 3, 128, 131
537012.5.peg.2431.site.55, 16, 128, 144
537012.5.peg.2431.site.56, 6, 128, 134
537012.5.peg.2431.site.57, 62, 125, 187
537012.5.peg.2431.site.58, 6, 128, 134
537012.5.peg.2431.site.59, 20, 125, 145
537012.5.peg.2431.site.60, 15, 127, 142
537012.5.peg.2431.site.61, 6, 128, 134
537012.5.peg.2430.site.1, 99, 127, 226
537012.5.peg.2430.site.2, 1, 126, 127
537012.5.peg.2430.site.3, 2, 127, 129
537012.5.peg.2430.site.4, 17, 126, 143
537012.5.peg.2430.site.5, 6, 126, 132
537012.5.peg.2430.site.6, 17, 126, 143
537012.5.peg.2430.site.7, 111, 127, 238
537012.5.peg.2430.site.8, 36, 127, 163
537012.5.peg.2430.site.9, 0, 126, 126
537012.5.peg.2430.site.10, 36, 127, 163
537012.5.peg.2430.site.11, 8, 126, 134
537012.5.peg.2430.site.12, 23, 125, 148
537012.5.peg.2430.site.13, 91, 126, 217
537012.5.peg.2430.site.14, 3, 127, 130
537012.5.peg.2430.site.15, 3, 127, 130
537012.5.peg.2430.site.16, 3, 128, 131
537012.5.peg.2430.site.17, 74, 127, 201
537012.5.peg.2430.site.18, 6, 128, 134
537012.5.peg.2430.site.19, 13, 127, 140
537012.5.peg.2430.site.20, 6, 128, 134
537012.5.peg.2430.site.21, 6, 128, 134
537012.5.peg.2430.site.22, 6, 128, 134
537012.5.peg.2430.site.23, 8, 128, 136
537012.5.peg.2430.site.24, 25, 126, 151
537012.5.peg.2430.site.25, 6, 127, 133
537012.5.peg.2430.site.26, 2, 127, 129
537012.5.peg.2430.site.27, 1, 127, 128
537012.5.peg.2430.site.28, 2, 126, 128
537012.5.peg.2430.site.29, 6, 126, 132
537012.5.peg.2430.site.30, 2, 128, 130
537012.5.peg.2430.site.31, 6, 126, 132
537012.5.peg.2430.site.32, 6, 123, 129
537012.5.peg.2430.site.33, 104, 127, 231
537012.5.peg.2430.site.34, 0, 128, 128
537012.5.peg.2430.site.35, 115, 127, 242
537012.5.peg.3126.site.1, 3, 134, 137
537012.5.peg.3126.site.2, 11, 133, 144
537012.5.peg.3126.site.3, 6, 134, 140
537012.5.peg.3126.site.4, 12, 132, 144
537012.5.peg.3126.site.5, 4, 132, 136
537012.5.peg.3126.site.6, 7, 134, 141
537012.5.peg.3126.site.7, 2, 133, 135
537012.5.peg.3126.site.8, 4, 132, 136
537012.5.peg.3126.site.9, 1, 130, 131
537012.5.peg.3126.site.10, 9, 131, 140
537012.5.peg.3126.site.11, 2, 134, 136
537012.5.peg.3126.site.12, 5, 131, 136
537012.5.peg.3126.site.13, 11, 132, 143
537012.5.peg.3126.site.14, 12, 134, 146
537012.5.peg.3126.site.15, 62, 130, 192
537012.5.peg.3126.site.16, 1, 134, 135
537012.5.peg.3126.site.17, 2, 132, 134
537012.5.peg.3126.site.18, 4, 131, 135
537012.5.peg.3126.site.19, 87, 132, 219
537012.5.peg.3126.site.20, 63, 127, 190
537012.5.peg.3126.site.21, 11, 133, 144
537012.5.peg.3126.site.22, 9, 134, 143
537012.5.peg.3126.site.23, 18, 134, 152
537012.5.peg.3126.site.24, 5, 133, 138
537012.5.peg.3126.site.25, 47, 134, 181
537012.5.peg.3126.site.26, 5, 133, 138
537012.5.peg.3126.site.27, 118, 132, 250
537012.5.peg.3126.site.28, 6, 132, 138
537012.5.peg.3126.site.29, 80, 134, 214
537012.5.peg.3126.site.30, 8, 133, 141
537012.5.peg.3126.site.31, 26, 133, 159
537012.5.peg.3126.site.32, 3, 131, 134
537012.5.peg.3126.site.33, 5, 133, 138
537012.5.peg.3126.site.34, 1, 132, 133
537012.5.peg.3126.site.35, 1, 131, 132
537012.5.peg.3126.site.36, 4, 130, 134
537012.5.peg.3126.site.37, 4, 128, 132
537012.5.peg.3126.site.38, 1, 128, 129
537012.5.peg.3127.site.1, 14, 61, 75
537012.5.peg.3127.site.2, 2, 68, 70
537012.5.peg.3127.site.3, 0, 80, 80
537012.5.peg.3127.site.4, 3, 87, 90
537012.5.peg.3125.site.1, 9, 130, 139
537012.5.peg.3125.site.2, 6, 132, 138
537012.5.peg.3125.site.3, 4, 131, 135
537012.5.peg.3125.site.4, 4, 131, 135
537012.5.peg.3125.site.5, 4, 130, 134
537012.5.peg.3125.site.6, 100, 132, 232
537012.5.peg.3125.site.7, 13, 132, 145
537012.5.peg.3125.site.8, 2, 131, 133
537012.5.peg.3125.site.9, 0, 127, 127
537012.5.peg.3125.site.10, 7, 127, 134
537012.5.peg.3125.site.11, 0, 129, 129
537012.5.peg.3125.site.12, 4, 128, 132
537012.5.peg.3125.site.13, 1, 130, 131
537012.5.peg.3125.site.14, 2, 129, 131
537012.5.peg.3125.site.15, 0, 131, 131
537012.5.peg.3125.site.16, 2, 130, 132
537012.5.peg.3125.site.17, 4, 132, 136
537012.5.peg.3125.site.18, 1, 134, 135
537012.5.peg.3125.site.19, 6, 134, 140
537012.5.peg.3125.site.20, 3, 134, 137
537012.5.peg.3125.site.21, 4, 134, 138
537012.5.peg.3125.site.22, 125, 133, 258
537012.5.peg.3125.site.23, 23, 134, 157
537012.5.peg.3125.site.24, 0, 134, 134
537012.5.peg.3125.site.25, 12, 133, 145
537012.5.peg.3125.site.26, 6, 133, 139
537012.5.peg.3125.site.27, 46, 133, 179
537012.5.peg.3125.site.28, 4, 132, 136
537012.5.peg.3125.site.29, 6, 134, 140
537012.5.peg.3125.site.30, 4, 132, 136
537012.5.peg.3125.site.31, 3, 132, 135
537012.5.peg.3125.site.32, 13, 129, 142
537012.5.peg.3125.site.33, 1, 130, 131
537012.5.peg.3122.site.1, 1, 127, 128
537012.5.peg.3122.site.2, 7, 121, 128
537012.5.peg.3122.site.3, 38, 123, 161
537012.5.peg.3122.site.4, 37, 122, 159
537012.5.peg.3122.site.5, 59, 120, 179
537012.5.peg.3122.site.6, 7, 121, 128
537012.5.peg.3122.site.7, 0, 119, 119
537012.5.peg.3122.site.8, 0, 120, 120
537012.5.peg.3122.site.9, 1, 119, 120
537012.5.peg.3122.site.10, 11, 118, 129
537012.5.peg.3122.site.11, 0, 118, 118
537012.5.peg.3122.site.12, 65, 118, 183
537012.5.peg.3122.site.13, 10, 119, 129
537012.5.peg.3122.site.14, 85, 118, 203
537012.5.peg.3122.site.15, 1, 119, 120
537012.5.peg.3122.site.16, 3, 116, 119
537012.5.peg.3122.site.17, 1, 116, 117
537012.5.peg.3122.site.18, 112, 119, 231
537012.5.peg.3122.site.19, 19, 118, 137
537012.5.peg.3122.site.20, 17, 117, 134
537012.5.peg.3122.site.21, 7, 123, 130
537012.5.peg.3122.site.22, 3, 123, 126
537012.5.peg.3122.site.23, 10, 125, 135
537012.5.peg.3122.site.24, 1, 126, 127
537012.5.peg.3122.site.25, 2, 127, 129
537012.5.peg.3122.site.26, 1, 126, 127
537012.5.peg.3122.site.27, 40, 126, 166
537012.5.peg.3122.site.28, 61, 125, 186
537012.5.peg.3122.site.29, 58, 127, 185
537012.5.peg.3122.site.30, 12, 124, 136
537012.5.peg.3122.site.31, 8, 126, 134
537012.5.peg.3122.site.32, 2, 127, 129
537012.5.peg.3122.site.33, 5, 127, 132
537012.5.peg.3122.site.34, 3, 123, 126
537012.5.peg.3122.site.35, 1, 123, 124
537012.5.peg.3120.site.1, 91, 134, 225
537012.5.peg.3120.site.2, 6, 133, 139
537012.5.peg.3120.site.3, 92, 131, 223
537012.5.peg.3120.site.4, 48, 134, 182
537012.5.peg.3120.site.5, 4, 132, 136
537012.5.peg.3120.site.6, 24, 134, 158
537012.5.peg.3120.site.7, 6, 134, 140
537012.5.peg.3120.site.8, 6, 132, 138
537012.5.peg.3120.site.9, 3, 133, 136
537012.5.peg.3120.site.10, 0, 134, 134
537012.5.peg.3120.site.11, 80, 131, 211
537012.5.peg.3120.site.12, 121, 133, 254
537012.5.peg.2438.site.1, 0, 116, 116
537012.5.peg.2438.site.2, 68, 123, 191
537012.5.peg.2438.site.3, 70, 129, 199
537012.5.peg.2438.site.4, 0, 130, 130
537012.5.peg.2438.site.5, 2, 132, 134
537012.5.peg.2438.site.6, 105, 130, 235
537012.5.peg.2438.site.7, 9, 131, 140
537012.5.peg.2438.site.8, 1, 129, 130
537012.5.peg.2438.site.9, 17, 131, 148
537012.5.peg.2438.site.10, 1, 130, 131
537012.5.peg.2438.site.11, 2, 129, 131
537012.5.peg.2438.site.12, 25, 129, 154
537012.5.peg.2438.site.13, 4, 127, 131
537012.5.peg.2438.site.14, 1, 129, 130
537012.5.peg.2438.site.15, 3, 130, 133
537012.5.peg.2438.site.16, 9, 130, 139
537012.5.peg.2438.site.17, 4, 130, 134
537012.5.peg.2438.site.18, 1, 130, 131
537012.5.peg.2438.site.19, 7, 129, 136
537012.5.peg.2438.site.20, 23, 129, 152
537012.5.peg.2438.site.21, 23, 129, 152
537012.5.peg.4659.site.1, 5, 133, 138
537012.5.peg.4659.site.2, 5, 133, 138
537012.5.peg.4659.site.3, 61, 132, 193
537012.5.peg.4659.site.4, 5, 133, 138
537012.5.peg.4659.site.5, 70, 132, 202
537012.5.peg.4659.site.6, 3, 133, 136
537012.5.peg.4659.site.7, 34, 133, 167
537012.5.peg.4659.site.8, 8, 133, 141
537012.5.peg.4659.site.9, 30, 129, 159
537012.5.peg.4659.site.10, 5, 131, 136
537012.5.peg.4659.site.11, 5, 131, 136
537012.5.peg.4659.site.12, 110, 132, 242
537012.5.peg.4659.site.13, 11, 130, 141
537012.5.peg.4659.site.14, 2, 130, 132
537012.5.peg.4659.site.15, 2, 130, 132
537012.5.peg.4659.site.16, 2, 130, 132
537012.5.peg.4659.site.17, 2, 129, 131
537012.5.peg.4659.site.18, 1, 130, 131
537012.5.peg.4659.site.19, 0, 129, 129
537012.5.peg.4659.site.20, 7, 127, 134
537012.5.peg.4659.site.21, 8, 128, 136
537012.5.peg.4659.site.22, 8, 128, 136
537012.5.peg.4659.site.23, 2, 130, 132
537012.5.peg.4659.site.24, 6, 130, 136
537012.5.peg.4659.site.25, 8, 130, 138
537012.5.peg.4659.site.26, 1, 130, 131
537012.5.peg.4659.site.27, 3, 131, 134
537012.5.peg.4659.site.28, 5, 131, 136
537012.5.peg.4659.site.29, 15, 129, 144
537012.5.peg.4659.site.30, 1, 127, 128
537012.5.peg.4659.site.31, 5, 132, 137
537012.5.peg.4659.site.32, 5, 131, 136
537012.5.peg.4659.site.33, 5, 133, 138
537012.5.peg.4659.site.34, 3, 133, 136
537012.5.peg.4659.site.35, 3, 133, 136
537012.5.peg.4659.site.36, 89, 129, 218
537012.5.peg.4659.site.37, 7, 130, 137
537012.5.peg.4659.site.38, 5, 133, 138
537012.5.peg.4659.site.39, 7, 130, 137
537012.5.peg.4659.site.40, 1, 125, 126
537012.5.peg.4659.site.41, 1, 125, 126
537012.5.peg.4659.site.42, 33, 123, 156
537012.5.peg.4659.site.43, 15, 127, 142
537012.5.peg.4659.site.44, 4, 127, 131
537012.5.peg.4659.site.45, 15, 129, 144
537012.5.peg.4659.site.46, 3, 127, 130
537012.5.peg.4659.site.47, 2, 125, 127
537012.5.peg.4659.site.48, 2, 125, 127
537012.5.peg.4659.site.49, 5, 128, 133
537012.5.peg.4659.site.50, 5, 133, 138
537012.5.peg.4659.site.51, 3, 133, 136
537012.5.peg.4659.site.52, 3, 132, 135
537012.5.peg.4659.site.53, 11, 132, 143
537012.5.peg.4659.site.54, 102, 130, 232
537012.5.peg.4659.site.55, 5, 132, 137
537012.5.peg.4659.site.56, 4, 132, 136
537012.5.peg.4659.site.57, 0, 133, 133
537012.5.peg.4659.site.58, 27, 130, 157
537012.5.peg.4659.site.59, 4, 133, 137
537012.5.peg.4659.site.60, 5, 132, 137
537012.5.peg.4659.site.61, 21, 133, 154
537012.5.peg.4659.site.62, 1, 133, 134
537012.5.peg.4659.site.63, 4, 133, 137
537012.5.peg.4659.site.64, 1, 132, 133
537012.5.peg.4659.site.65, 3, 130, 133
537012.5.peg.4659.site.66, 2, 130, 132
537012.5.peg.4659.site.67, 1, 127, 128
537012.5.peg.4659.site.68, 7, 129, 136
537012.5.peg.4659.site.69, 0, 132, 132
537012.5.peg.4659.site.70, 0, 131, 131
537012.5.peg.4659.site.71, 24, 131, 155
537012.5.peg.4659.site.72, 7, 133, 140
537012.5.peg.4659.site.73, 7, 130, 137
537012.5.peg.4659.site.74, 12, 131, 143
537012.5.peg.4659.site.75, 7, 130, 137
537012.5.peg.4659.site.76, 2, 131, 133
537012.5.peg.4659.site.77, 0, 132, 132
537012.5.peg.4659.site.78, 4, 133, 137
537012.5.peg.4659.site.79, 34, 133, 167
537012.5.peg.4659.site.80, 1, 133, 134
537012.5.peg.4659.site.81, 7, 133, 140
537012.5.peg.4659.site.82, 10, 132, 142
537012.5.peg.4659.site.83, 3, 133, 136
537012.5.peg.4659.site.84, 19, 132, 151
537012.5.peg.4659.site.85, 3, 132, 135
537012.5.peg.4659.site.86, 5, 133, 138
537012.5.peg.4659.site.87, 1, 132, 133
537012.5.peg.4659.site.88, 23, 131, 154
537012.5.peg.4659.site.89, 19, 123, 142
537012.5.peg.4659.site.90, 7, 111, 118
537012.5.peg.4659.site.91, 5, 122, 127
537012.5.peg.4659.site.92, 7, 132, 139
537012.5.peg.4659.site.93, 2, 132, 134
537012.5.peg.4659.site.94, 3, 133, 136
537012.5.peg.4659.site.95, 4, 132, 136
537012.5.peg.4659.site.96, 38, 129, 167
537012.5.peg.4659.site.97, 5, 133, 138
537012.5.peg.4659.site.98, 3, 131, 134
537012.5.peg.4659.site.99, 3, 131, 134
537012.5.peg.4659.site.100, 3, 130, 133
537012.5.peg.4659.site.101, 112, 128, 240
537012.5.peg.4659.site.102, 86, 127, 213
537012.5.peg.4659.site.103, 2, 130, 132
537012.5.peg.4659.site.104, 4, 131, 135
537012.5.peg.4659.site.105, 80, 131, 211
537012.5.peg.4659.site.106, 5, 130, 135
537012.5.peg.4659.site.107, 127, 132, 259
537012.5.peg.4659.site.108, 4, 133, 137
537012.5.peg.4659.site.109, 3, 133, 136
537012.5.peg.4659.site.110, 28, 133, 161
537012.5.peg.4659.site.111, 5, 133, 138
537012.5.peg.4659.site.112, 4, 132, 136
537012.5.peg.4659.site.113, 7, 129, 136
537012.5.peg.4659.site.114, 3, 131, 134
537012.5.peg.4659.site.115, 16, 127, 143
537012.5.peg.4659.site.116, 3, 131, 134
537012.5.peg.4659.site.117, 4, 132, 136
537012.5.peg.4659.site.118, 4, 132, 136
537012.5.peg.4659.site.119, 3, 132, 135
537012.5.peg.4659.site.120, 5, 132, 137
537012.5.peg.4659.site.121, 3, 130, 133
537012.5.peg.4659.site.122, 3, 132, 135
537012.5.peg.4659.site.123, 2, 133, 135
537012.5.peg.4659.site.124, 6, 131, 137
537012.5.peg.4659.site.125, 3, 131, 134
537012.5.peg.4659.site.126, 5, 131, 136
537012.5.peg.4659.site.127, 5, 131, 136
537012.5.peg.4659.site.128, 2, 132, 134
537012.5.peg.4659.site.129, 5, 132, 137
537012.5.peg.4659.site.130, 0, 129, 129
537012.5.peg.4658.site.1, 94, 125, 219
537012.5.peg.4658.site.2, 0, 124, 124
537012.5.peg.4658.site.3, 2, 120, 122
537012.5.peg.4658.site.4, 0, 113, 113
537012.5.peg.4658.site.5, 12, 80, 92
537012.5.peg.4658.site.6, 12, 80, 92
537012.5.peg.4658.site.7, 18, 86, 104
537012.5.peg.4658.site.8, 4, 129, 133
537012.5.peg.4658.site.9, 4, 129, 133
537012.5.peg.4658.site.10, 10, 127, 137
537012.5.peg.4658.site.11, 6, 129, 135
537012.5.peg.4658.site.12, 5, 133, 138
537012.5.peg.4658.site.13, 7, 133, 140
537012.5.peg.4658.site.14, 4, 131, 135
537012.5.peg.4658.site.15, 4, 131, 135
537012.5.peg.4658.site.16, 5, 133, 138
537012.5.peg.4658.site.17, 4, 132, 136
537012.5.peg.4658.site.18, 107, 133, 240
537012.5.peg.4658.site.19, 4, 131, 135
537012.5.peg.4658.site.20, 0, 132, 132
537012.5.peg.4658.site.21, 115, 132, 247
537012.5.peg.4658.site.22, 1, 132, 133
537012.5.peg.4658.site.23, 13, 129, 142
537012.5.peg.4658.site.24, 5, 131, 136
537012.5.peg.4658.site.25, 3, 133, 136
537012.5.peg.4658.site.26, 4, 129, 133
537012.5.peg.4658.site.27, 88, 129, 217
537012.5.peg.4658.site.28, 3, 131, 134
537012.5.peg.4658.site.29, 0, 132, 132
537012.5.peg.4658.site.30, 2, 132, 134
537012.5.peg.4658.site.31, 2, 133, 135
537012.5.peg.4658.site.32, 4, 133, 137
537012.5.peg.4658.site.33, 5, 133, 138
537012.5.peg.4658.site.34, 2, 133, 135
537012.5.peg.324.site.1, 3, 110, 113
537012.5.peg.324.site.2, 1, 109, 110
537012.5.peg.324.site.3, 1, 110, 111
537012.5.peg.324.site.4, 18, 113, 131
537012.5.peg.324.site.5, 2, 58, 60
537012.5.peg.324.site.6, 0, 84, 84
537012.5.peg.324.site.7, 3, 90, 93
537012.5.peg.324.site.8, 18, 102, 120
537012.5.peg.324.site.9, 10, 109, 119
537012.5.peg.324.site.10, 1, 111, 112
537012.5.peg.324.site.11, 19, 117, 136
537012.5.peg.324.site.12, 43, 117, 160
537012.5.peg.324.site.13, 9, 118, 127
537012.5.peg.324.site.14, 44, 116, 160
537012.5.peg.324.site.15, 3, 104, 107
537012.5.peg.324.site.16, 2, 104, 106
537012.5.peg.324.site.17, 1, 102, 103
537012.5.peg.324.site.18, 1, 102, 103
537012.5.peg.324.site.19, 3, 103, 106
537012.5.peg.324.site.20, 16, 106, 122
537012.5.peg.324.site.21, 2, 110, 112
537012.5.peg.324.site.22, 1, 109, 110
537012.5.peg.324.site.23, 3, 111, 114
537012.5.peg.324.site.24, 36, 113, 149
537012.5.peg.324.site.25, 37, 116, 153
537012.5.peg.324.site.26, 1, 117, 118
537012.5.peg.324.site.27, 2, 112, 114
537012.5.peg.324.site.28, 3, 112, 115
537012.5.peg.324.site.29, 1, 92, 93
537012.5.peg.324.site.30, 41, 46, 87
537012.5.peg.324.site.31, 42, 47, 89
537012.5.peg.324.site.32, 44, 49, 93
537012.5.peg.324.site.33, 47, 52, 99
537012.5.peg.324.site.34, 7, 56, 63
537012.5.peg.324.site.35, 1, 84, 85
537012.5.peg.324.site.36, 10, 86, 96
537012.5.peg.324.site.37, 66, 77, 143
537012.5.peg.324.site.38, 2, 60, 62
537012.5.peg.324.site.39, 8, 24, 32
537012.5.peg.324.site.40, 2, 12, 14
537012.5.peg.3436.site.1, 1, 134, 135
537012.5.peg.3436.site.2, 11, 132, 143
537012.5.peg.3436.site.3, 1, 134, 135
537012.5.peg.3436.site.4, 4, 132, 136
537012.5.peg.3436.site.5, 100, 131, 231
537012.5.peg.3436.site.6, 11, 132, 143
537012.5.peg.3436.site.7, 1, 134, 135
537012.5.peg.3436.site.8, 1, 134, 135
537012.5.peg.3436.site.9, 13, 132, 145
537012.5.peg.3436.site.10, 0, 134, 134
537012.5.peg.3436.site.11, 11, 132, 143
537012.5.peg.3436.site.12, 10, 131, 141
537012.5.peg.3436.site.13, 28, 130, 158
537012.5.peg.3436.site.14, 2, 134, 136
537012.5.peg.3436.site.15, 4, 132, 136
537012.5.peg.3436.site.16, 39, 134, 173
537012.5.peg.3436.site.17, 1, 134, 135
537012.5.peg.3436.site.18, 6, 134, 140
537012.5.peg.3436.site.19, 39, 133, 172
537012.5.peg.3436.site.20, 1, 133, 134
537012.5.peg.3436.site.21, 1, 134, 135
537012.5.peg.3436.site.22, 4, 134, 138
537012.5.peg.3436.site.23, 4, 134, 138
537012.5.peg.3436.site.24, 3, 134, 137
537012.5.peg.3436.site.25, 1, 134, 135
537012.5.peg.3436.site.26, 7, 134, 141
537012.5.peg.3436.site.27, 116, 131, 247
537012.5.peg.3436.site.28, 14, 134, 148
537012.5.peg.3436.site.29, 2, 134, 136
537012.5.peg.3436.site.30, 1, 134, 135
537012.5.peg.3436.site.31, 2, 132, 134
537012.5.peg.3436.site.32, 8, 133, 141
537012.5.peg.3436.site.33, 6, 134, 140
537012.5.peg.3436.site.34, 84, 131, 215
537012.5.peg.3436.site.35, 17, 134, 151
537012.5.peg.3436.site.36, 47, 134, 181
537012.5.peg.3436.site.37, 2, 132, 134
537012.5.peg.3436.site.38, 2, 133, 135
537012.5.peg.3436.site.39, 10, 133, 143
537012.5.peg.3436.site.40, 1, 134, 135
537012.5.peg.3436.site.41, 2, 134, 136
537012.5.peg.3436.site.42, 9, 132, 141
537012.5.peg.3436.site.43, 0, 133, 133
537012.5.peg.3436.site.44, 3, 133, 136
537012.5.peg.3436.site.45, 1, 134, 135
537012.5.peg.3436.site.46, 0, 134, 134
537012.5.peg.3436.site.47, 1, 134, 135
537012.5.peg.3436.site.48, 2, 133, 135
537012.5.peg.3436.site.49, 1, 134, 135
537012.5.peg.3436.site.50, 8, 134, 142
537012.5.peg.3436.site.51, 0, 133, 133
537012.5.peg.3436.site.52, 7, 134, 141
537012.5.peg.3436.site.53, 1, 133, 134
537012.5.peg.3436.site.54, 5, 133, 138
537012.5.peg.3436.site.55, 2, 133, 135
537012.5.peg.3436.site.56, 2, 133, 135
537012.5.peg.3436.site.57, 5, 134, 139
537012.5.peg.3436.site.58, 10, 134, 144
537012.5.peg.3436.site.59, 55, 132, 187
537012.5.peg.3436.site.60, 1, 134, 135
537012.5.peg.3436.site.61, 48, 133, 181
537012.5.peg.3436.site.62, 6, 133, 139
537012.5.peg.3436.site.63, 1, 133, 134
537012.5.peg.3436.site.64, 115, 134, 249
537012.5.peg.3436.site.65, 7, 133, 140
537012.5.peg.3436.site.66, 6, 134, 140
537012.5.peg.3436.site.67, 1, 132, 133
537012.5.peg.3436.site.68, 1, 134, 135
537012.5.peg.3436.site.69, 12, 134, 146
537012.5.peg.3436.site.70, 2, 134, 136
537012.5.peg.3436.site.71, 11, 132, 143
537012.5.peg.3436.site.72, 7, 134, 141
537012.5.peg.3436.site.73, 1, 134, 135
537012.5.peg.3436.site.74, 1, 134, 135
537012.5.peg.3436.site.75, 1, 134, 135
537012.5.peg.3436.site.76, 7, 134, 141
537012.5.peg.3436.site.77, 15, 134, 149
537012.5.peg.3436.site.78, 1, 134, 135
537012.5.peg.3436.site.79, 51, 134, 185
537012.5.peg.3436.site.80, 78, 132, 210
537012.5.peg.3436.site.81, 1, 134, 135
537012.5.peg.3436.site.82, 1, 134, 135
537012.5.peg.3436.site.83, 3, 134, 137
537012.5.peg.3437.site.1, 0, 133, 133
537012.5.peg.3437.site.2, 12, 131, 143
537012.5.peg.3437.site.3, 0, 133, 133
537012.5.peg.3437.site.4, 1, 134, 135
537012.5.peg.3437.site.5, 1, 134, 135
537012.5.peg.3437.site.6, 45, 134, 179
537012.5.peg.3437.site.7, 11, 132, 143
537012.5.peg.3437.site.8, 20, 133, 153
537012.5.peg.3437.site.9, 8, 134, 142
537012.5.peg.3437.site.10, 4, 132, 136
537012.5.peg.3437.site.11, 4, 132, 136
537012.5.peg.3437.site.12, 4, 133, 137
537012.5.peg.3438.site.1, 4, 132, 136
537012.5.peg.3438.site.2, 1, 134, 135
537012.5.peg.3438.site.3, 5, 134, 139
537012.5.peg.3438.site.4, 2, 132, 134
537012.5.peg.3438.site.5, 1, 134, 135
537012.5.peg.3438.site.6, 4, 131, 135
537012.5.peg.3438.site.7, 118, 134, 252
537012.5.peg.3438.site.8, 8, 132, 140
537012.5.peg.3438.site.9, 29, 126, 155
537012.5.peg.3438.site.10, 8, 128, 136
537012.5.peg.3438.site.11, 20, 126, 146
537012.5.peg.3438.site.12, 5, 126, 131
537012.5.peg.3438.site.13, 1, 127, 128
537012.5.peg.3438.site.14, 4, 125, 129
537012.5.peg.3438.site.15, 3, 129, 132
537012.5.peg.3438.site.16, 9, 130, 139
537012.5.peg.3438.site.17, 6, 132, 138
537012.5.peg.3438.site.18, 22, 132, 154
537012.5.peg.3438.site.19, 4, 131, 135
537012.5.peg.3438.site.20, 5, 131, 136
537012.5.peg.3438.site.21, 6, 134, 140
537012.5.peg.3438.site.22, 6, 134, 140
537012.5.peg.3438.site.23, 1, 132, 133
537012.5.peg.3438.site.24, 8, 134, 142
537012.5.peg.3439.site.1, 37, 134, 171
537012.5.peg.3439.site.2, 3, 131, 134
537012.5.peg.3439.site.3, 10, 132, 142
537012.5.peg.3439.site.4, 9, 131, 140
537012.5.peg.3439.site.5, 45, 130, 175
537012.5.peg.3439.site.6, 2, 131, 133
537012.5.peg.3439.site.7, 2, 131, 133
537012.5.peg.3439.site.8, 3, 132, 135
537012.5.peg.3439.site.9, 3, 132, 135
537012.5.peg.3439.site.10, 1, 130, 131
537012.5.peg.3439.site.11, 7, 130, 137
537012.5.peg.3439.site.12, 4, 132, 136
537012.5.peg.4653.site.1, 2, 126, 128
537012.5.peg.4653.site.2, 0, 128, 128
537012.5.peg.4653.site.3, 1, 129, 130
537012.5.peg.4653.site.4, 1, 129, 130
537012.5.peg.4653.site.5, 1, 130, 131
537012.5.peg.4653.site.6, 0, 130, 130
537012.5.peg.4653.site.7, 0, 130, 130
537012.5.peg.4653.site.8, 6, 125, 131
537012.5.peg.4300.site.1, 3, 133, 136
537012.5.peg.4300.site.2, 11, 129, 140
537012.5.peg.4300.site.3, 2, 131, 133
537012.5.peg.4300.site.4, 6, 132, 138
537012.5.peg.4300.site.5, 1, 133, 134
537012.5.peg.4300.site.6, 9, 129, 138
537012.5.peg.4300.site.7, 4, 131, 135
537012.5.peg.4300.site.8, 1, 130, 131
537012.5.peg.4300.site.9, 1, 130, 131
537012.5.peg.4300.site.10, 1, 129, 130
537012.5.peg.4300.site.11, 7, 128, 135
537012.5.peg.4300.site.12, 49, 129, 178
537012.5.peg.4300.site.13, 8, 130, 138
537012.5.peg.4300.site.14, 2, 130, 132
537012.5.peg.4300.site.15, 10, 131, 141
537012.5.peg.4300.site.16, 1, 134, 135
537012.5.peg.4300.site.17, 3, 131, 134
537012.5.peg.4300.site.18, 3, 131, 134
537012.5.peg.4300.site.19, 3, 131, 134
537012.5.peg.4300.site.20, 4, 131, 135
537012.5.peg.4300.site.21, 11, 132, 143
537012.5.peg.4300.site.22, 4, 133, 137
537012.5.peg.4300.site.23, 7, 133, 140
537012.5.peg.4300.site.24, 1, 134, 135
537012.5.peg.4300.site.25, 5, 131, 136
537012.5.peg.4300.site.26, 1, 134, 135
537012.5.peg.4300.site.27, 7, 134, 141
537012.5.peg.4300.site.28, 0, 133, 133
537012.5.peg.4300.site.29, 3, 131, 134
537012.5.peg.4300.site.30, 1, 133, 134
537012.5.peg.4300.site.31, 8, 130, 138
537012.5.peg.4300.site.32, 8, 131, 139
537012.5.peg.4300.site.33, 129, 133, 262
537012.5.peg.4300.site.34, 3, 133, 136
537012.5.peg.4300.site.35, 5, 133, 138
537012.5.peg.4300.site.36, 4, 132, 136
537012.5.peg.4300.site.37, 3, 133, 136
537012.5.peg.4300.site.38, 2, 129, 131
537012.5.peg.4300.site.39, 2, 130, 132
537012.5.peg.4300.site.40, 8, 128, 136
537012.5.peg.4300.site.41, 7, 129, 136
537012.5.peg.4300.site.42, 6, 127, 133
537012.5.peg.4300.site.43, 8, 126, 134
537012.5.peg.4300.site.44, 0, 129, 129
537012.5.peg.4300.site.45, 28, 128, 156
537012.5.peg.4300.site.46, 7, 129, 136
537012.5.peg.4300.site.47, 2, 129, 131
537012.5.peg.4300.site.48, 97, 130, 227
537012.5.peg.4300.site.49, 0, 128, 128
537012.5.peg.4300.site.50, 0, 127, 127
537012.5.peg.4300.site.51, 0, 128, 128
537012.5.peg.4300.site.52, 3, 129, 132
537012.5.peg.4300.site.53, 0, 130, 130
537012.5.peg.4300.site.54, 2, 130, 132
537012.5.peg.4300.site.55, 3, 129, 132
537012.5.peg.4300.site.56, 0, 129, 129
537012.5.peg.4300.site.57, 0, 131, 131
537012.5.peg.4300.site.58, 4, 131, 135
537012.5.peg.4300.site.59, 0, 132, 132
537012.5.peg.4300.site.60, 0, 133, 133
537012.5.peg.4300.site.61, 0, 133, 133
537012.5.peg.4300.site.62, 0, 133, 133
537012.5.peg.4300.site.63, 4, 132, 136
537012.5.peg.4655.site.1, 8, 134, 142
537012.5.peg.4655.site.2, 3, 131, 134
537012.5.peg.4655.site.3, 15, 133, 148
537012.5.peg.4655.site.4, 13, 131, 144
537012.5.peg.4655.site.5, 4, 132, 136
537012.5.peg.4655.site.6, 3, 132, 135
537012.5.peg.4655.site.7, 1, 134, 135
537012.5.peg.4655.site.8, 10, 134, 144
537012.5.peg.4655.site.9, 1, 134, 135
537012.5.peg.4655.site.10, 1, 134, 135
537012.5.peg.4655.site.11, 2, 133, 135
537012.5.peg.4655.site.12, 2, 134, 136
537012.5.peg.4655.site.13, 2, 134, 136
537012.5.peg.4655.site.14, 131, 134, 265
537012.5.peg.4655.site.15, 131, 134, 265
537012.5.peg.4655.site.16, 2, 134, 136
537012.5.peg.4655.site.17, 131, 134, 265
537012.5.peg.4655.site.18, 4, 132, 136
537012.5.peg.4655.site.19, 0, 133, 133
537012.5.peg.4655.site.20, 118, 132, 250
537012.5.peg.4655.site.21, 10, 134, 144
537012.5.peg.4655.site.22, 1, 134, 135
537012.5.peg.4655.site.23, 124, 128, 252
537012.5.peg.4655.site.24, 119, 122, 241
537012.5.peg.4655.site.25, 1, 121, 122
537012.5.peg.4655.site.26, 1, 117, 118
537012.5.peg.4655.site.27, 93, 106, 199
537012.5.peg.4655.site.28, 54, 108, 162
537012.5.peg.4655.site.29, 5, 116, 121
537012.5.peg.4655.site.30, 7, 115, 122
537012.5.peg.4655.site.31, 8, 123, 131
537012.5.peg.4655.site.32, 7, 133, 140
537012.5.peg.4655.site.33, 2, 133, 135
537012.5.peg.4655.site.34, 130, 133, 263
537012.5.peg.4655.site.35, 5, 134, 139
537012.5.peg.4655.site.36, 7, 133, 140
537012.5.peg.4655.site.37, 2, 134, 136
537012.5.peg.4655.site.38, 131, 133, 264
537012.5.peg.4655.site.39, 119, 122, 241
537012.5.peg.4655.site.40, 100, 103, 203
537012.5.peg.4655.site.41, 3, 101, 104
537012.5.peg.4655.site.42, 73, 115, 188
537012.5.peg.4655.site.43, 10, 134, 144
537012.5.peg.4655.site.44, 34, 132, 166
537012.5.peg.4655.site.45, 87, 134, 221
537012.5.peg.4655.site.46, 1, 134, 135
537012.5.peg.4655.site.47, 9, 134, 143
537012.5.peg.4655.site.48, 5, 132, 137
537012.5.peg.4655.site.49, 10, 134, 144
537012.5.peg.4655.site.50, 116, 133, 249
537012.5.peg.4655.site.51, 59, 133, 192
537012.5.peg.4655.site.52, 9, 134, 143
537012.5.peg.4655.site.53, 66, 132, 198
537012.5.peg.4655.site.54, 1, 128, 129
537012.5.peg.4654.site.1, 1, 126, 127
537012.5.peg.4654.site.2, 1, 129, 130
537012.5.peg.4654.site.3, 0, 130, 130
537012.5.peg.4654.site.4, 7, 130, 137
537012.5.peg.4654.site.5, 3, 129, 132
537012.5.peg.4654.site.6, 1, 130, 131
537012.5.peg.4654.site.7, 0, 132, 132
537012.5.peg.4654.site.8, 2, 133, 135
537012.5.peg.4654.site.9, 0, 132, 132
537012.5.peg.4654.site.10, 12, 131, 143
537012.5.peg.4654.site.11, 3, 131, 134
537012.5.peg.4654.site.12, 3, 133, 136
537012.5.peg.4654.site.13, 7, 132, 139
537012.5.peg.4654.site.14, 128, 132, 260
537012.5.peg.4654.site.15, 1, 131, 132
537012.5.peg.4654.site.16, 1, 133, 134
537012.5.peg.4654.site.17, 9, 130, 139
537012.5.peg.4654.site.18, 30, 133, 163
537012.5.peg.4654.site.19, 17, 131, 148
537012.5.peg.4654.site.20, 31, 132, 163
537012.5.peg.4654.site.21, 12, 131, 143
537012.5.peg.4654.site.22, 5, 133, 138
537012.5.peg.4654.site.23, 1, 132, 133
537012.5.peg.4654.site.24, 1, 134, 135
537012.5.peg.4654.site.25, 1, 134, 135
537012.5.peg.4654.site.26, 2, 134, 136
537012.5.peg.4654.site.27, 2, 133, 135
537012.5.peg.4654.site.28, 88, 131, 219
537012.5.peg.4654.site.29, 84, 130, 214
537012.5.peg.4654.site.30, 1, 131, 132
537012.5.peg.4654.site.31, 1, 132, 133
537012.5.peg.4654.site.32, 4, 132, 136
537012.5.peg.4654.site.33, 1, 133, 134
537012.5.peg.4654.site.34, 7, 131, 138
537012.5.peg.4654.site.35, 1, 132, 133
537012.5.peg.4654.site.36, 1, 131, 132
537012.5.peg.4654.site.37, 1, 132, 133
537012.5.peg.4654.site.38, 9, 128, 137
537012.5.peg.4654.site.39, 51, 130, 181
537012.5.peg.4654.site.40, 58, 131, 189
537012.5.peg.4654.site.41, 4, 132, 136
537012.5.peg.4654.site.42, 23, 134, 157
537012.5.peg.4654.site.43, 20, 130, 150
537012.5.peg.4654.site.44, 1, 129, 130
537012.5.peg.4654.site.45, 4, 129, 133
537012.5.peg.4654.site.46, 3, 128, 131
537012.5.peg.4654.site.47, 4, 129, 133
537012.5.peg.4654.site.48, 3, 128, 131
537012.5.peg.4654.site.49, 3, 128, 131
537012.5.peg.4654.site.50, 4, 126, 130
537012.5.peg.4654.site.51, 3, 128, 131
537012.5.peg.4654.site.52, 2, 127, 129
537012.5.peg.4654.site.53, 1, 128, 129
537012.5.peg.4654.site.54, 0, 131, 131
537012.5.peg.4654.site.55, 9, 134, 143
537012.5.peg.4654.site.56, 13, 132, 145
537012.5.peg.4654.site.57, 5, 133, 138
537012.5.peg.4654.site.58, 2, 134, 136
537012.5.peg.4654.site.59, 1, 134, 135
537012.5.peg.4654.site.60, 4, 132, 136
537012.5.peg.4654.site.61, 4, 132, 136
537012.5.peg.4654.site.62, 122, 134, 256
537012.5.peg.4654.site.63, 8, 133, 141
537012.5.peg.4654.site.64, 28, 132, 160
537012.5.peg.4654.site.65, 24, 134, 158
537012.5.peg.4305.site.1, 18, 128, 146
537012.5.peg.4305.site.2, 7, 129, 136
537012.5.peg.4305.site.3, 73, 128, 201
537012.5.peg.4305.site.4, 19, 129, 148
537012.5.peg.4305.site.5, 2, 129, 131
537012.5.peg.4305.site.6, 1, 129, 130
537012.5.peg.4305.site.7, 82, 128, 210
537012.5.peg.4305.site.8, 55, 129, 184
537012.5.peg.4305.site.9, 1, 129, 130
537012.5.peg.4305.site.10, 1, 130, 131
537012.5.peg.4305.site.11, 7, 129, 136
537012.5.peg.4305.site.12, 6, 130, 136
537012.5.peg.4305.site.13, 1, 130, 131
537012.5.peg.4305.site.14, 3, 129, 132
537012.5.peg.4305.site.15, 5, 126, 131
537012.5.peg.4305.site.16, 1, 127, 128
537012.5.peg.4305.site.17, 105, 127, 232
537012.5.peg.4305.site.18, 4, 121, 125
537012.5.peg.4304.site.1, 0, 134, 134
537012.5.peg.4304.site.2, 6, 134, 140
537012.5.peg.4304.site.3, 4, 132, 136
537012.5.peg.4304.site.4, 2, 134, 136
537012.5.peg.4304.site.5, 5, 133, 138
537012.5.peg.4304.site.6, 1, 134, 135
537012.5.peg.4304.site.7, 5, 133, 138
537012.5.peg.4304.site.8, 3, 132, 135
537012.5.peg.4304.site.9, 6, 131, 137
537012.5.peg.4304.site.10, 5, 133, 138
537012.5.peg.4304.site.11, 17, 133, 150
537012.5.peg.4304.site.12, 1, 134, 135
537012.5.peg.4304.site.13, 94, 132, 226
537012.5.peg.4304.site.14, 5, 132, 137
537012.5.peg.4304.site.15, 2, 134, 136
537012.5.peg.4304.site.16, 25, 133, 158
537012.5.peg.4304.site.17, 3, 133, 136
537012.5.peg.4304.site.18, 5, 133, 138
537012.5.peg.4304.site.19, 3, 133, 136
537012.5.peg.4304.site.20, 7, 133, 140
537012.5.peg.4304.site.21, 9, 129, 138
537012.5.peg.4304.site.22, 2, 132, 134
537012.5.peg.4304.site.23, 1, 131, 132
537012.5.peg.4304.site.24, 27, 130, 157
537012.5.peg.4304.site.25, 18, 130, 148
537012.5.peg.4304.site.26, 47, 130, 177
537012.5.peg.4304.site.27, 20, 128, 148
537012.5.peg.4304.site.28, 0, 130, 130
537012.5.peg.4304.site.29, 0, 131, 131
537012.5.peg.4304.site.30, 12, 132, 144
537012.5.peg.4304.site.31, 7, 130, 137
537012.5.peg.4304.site.32, 1, 131, 132
537012.5.peg.4304.site.33, 1, 129, 130
537012.5.peg.4304.site.34, 1, 129, 130
537012.5.peg.4304.site.35, 1, 129, 130
537012.5.peg.4304.site.36, 1, 130, 131
537012.5.peg.4304.site.37, 3, 130, 133
537012.5.peg.4304.site.38, 6, 130, 136
537012.5.peg.4304.site.39, 2, 129, 131
537012.5.peg.4304.site.40, 2, 129, 131
537012.5.peg.4304.site.41, 24, 129, 153
537012.5.peg.4304.site.42, 102, 130, 232
537012.5.peg.4304.site.43, 1, 129, 130
537012.5.peg.4304.site.44, 1, 130, 131
537012.5.peg.4304.site.45, 5, 130, 135
537012.5.peg.4304.site.46, 2, 130, 132
537012.5.peg.4304.site.47, 1, 130, 131
537012.5.peg.4304.site.48, 1, 130, 131
537012.5.peg.4304.site.49, 74, 128, 202
537012.5.peg.4304.site.50, 0, 129, 129
537012.5.peg.4304.site.51, 1, 129, 130
537012.5.peg.4304.site.52, 1, 129, 130
537012.5.peg.4304.site.53, 0, 128, 128
537012.5.peg.4304.site.54, 16, 129, 145
537012.5.peg.4304.site.55, 2, 130, 132
537012.5.peg.4304.site.56, 2, 130, 132
537012.5.peg.4304.site.57, 2, 130, 132
537012.5.peg.4304.site.58, 3, 130, 133
537012.5.peg.4304.site.59, 1, 130, 131
537012.5.peg.4304.site.60, 1, 132, 133
537012.5.peg.4304.site.61, 1, 131, 132
537012.5.peg.4304.site.62, 2, 129, 131
537012.5.peg.4304.site.63, 1, 129, 130
537012.5.peg.4304.site.64, 26, 128, 154
537012.5.peg.4304.site.65, 1, 131, 132
537012.5.peg.4304.site.66, 1, 130, 131
537012.5.peg.4304.site.67, 0, 128, 128
537012.5.peg.4304.site.68, 0, 129, 129
537012.5.peg.4304.site.69, 3, 129, 132
537012.5.peg.4304.site.70, 1, 128, 129
537012.5.peg.4304.site.71, 88, 128, 216
537012.5.peg.4304.site.72, 1, 129, 130
537012.5.peg.4304.site.73, 16, 128, 144
537012.5.peg.4304.site.74, 0, 129, 129
537012.5.peg.4304.site.75, 3, 130, 133
537012.5.peg.4304.site.76, 4, 130, 134
537012.5.peg.4304.site.77, 0, 130, 130
537012.5.peg.4304.site.78, 2, 133, 135
537012.5.peg.4304.site.79, 4, 132, 136
537012.5.peg.4304.site.80, 0, 134, 134
537012.5.peg.4304.site.81, 13, 133, 146
537012.5.peg.4304.site.82, 4, 131, 135
537012.5.peg.4304.site.83, 4, 129, 133
537012.5.peg.4304.site.84, 2, 130, 132
537012.5.peg.4304.site.85, 4, 134, 138
537012.5.peg.4304.site.86, 11, 131, 142
537012.5.peg.3379.site.1, 3, 124, 127
537012.5.peg.3378.site.1, 4, 127, 131
537012.5.peg.3378.site.2, 4, 125, 129
537012.5.peg.3378.site.3, 34, 126, 160
537012.5.peg.3378.site.4, 41, 126, 167
537012.5.peg.3378.site.5, 6, 127, 133
537012.5.peg.3378.site.6, 4, 125, 129
537012.5.peg.3378.site.7, 9, 126, 135
537012.5.peg.3378.site.8, 20, 125, 145
537012.5.peg.3378.site.9, 59, 123, 182
537012.5.peg.3378.site.10, 7, 126, 133
537012.5.peg.3378.site.11, 102, 125, 227
537012.5.peg.3378.site.12, 27, 124, 151
537012.5.peg.3378.site.13, 12, 124, 136
537012.5.peg.3378.site.14, 8, 126, 134
537012.5.peg.3378.site.15, 56, 125, 181
537012.5.peg.3378.site.16, 0, 126, 126
537012.5.peg.3378.site.17, 17, 127, 144
537012.5.peg.3378.site.18, 3, 127, 130
537012.5.peg.3378.site.19, 65, 126, 191
537012.5.peg.3378.site.20, 49, 126, 175
537012.5.peg.3378.site.21, 28, 125, 153
537012.5.peg.3378.site.22, 8, 126, 134
537012.5.peg.3378.site.23, 4, 125, 129
537012.5.peg.3378.site.24, 8, 127, 135
537012.5.peg.938.site.1, 1, 128, 129
537012.5.peg.938.site.2, 2, 130, 132
537012.5.peg.938.site.3, 1, 131, 132
537012.5.peg.938.site.4, 5, 133, 138
537012.5.peg.938.site.5, 4, 132, 136
537012.5.peg.938.site.6, 1, 134, 135
537012.5.peg.938.site.7, 4, 133, 137
537012.5.peg.938.site.8, 29, 133, 162
537012.5.peg.938.site.9, 4, 134, 138
537012.5.peg.938.site.10, 3, 134, 137
537012.5.peg.938.site.11, 6, 133, 139
537012.5.peg.938.site.12, 5, 132, 137
537012.5.peg.938.site.13, 2, 134, 136
537012.5.peg.938.site.14, 4, 132, 136
537012.5.peg.938.site.15, 3, 133, 136
537012.5.peg.938.site.16, 5, 132, 137
537012.5.peg.938.site.17, 4, 127, 131
537012.5.peg.938.site.18, 2, 128, 130
537012.5.peg.938.site.19, 1, 127, 128
537012.5.peg.938.site.20, 29, 124, 153
537012.5.peg.938.site.21, 27, 124, 151
537012.5.peg.938.site.22, 1, 125, 126
537012.5.peg.938.site.23, 3, 131, 134
537012.5.peg.938.site.24, 5, 132, 137
537012.5.peg.938.site.25, 5, 132, 137
537012.5.peg.938.site.26, 10, 131, 141
537012.5.peg.938.site.27, 4, 131, 135
537012.5.peg.938.site.28, 7, 130, 137
537012.5.peg.938.site.29, 1, 130, 131
537012.5.peg.938.site.30, 2, 129, 131
537012.5.peg.938.site.31, 2, 129, 131
537012.5.peg.938.site.32, 4, 125, 129
537012.5.peg.938.site.33, 14, 124, 138
537012.5.peg.938.site.34, 7, 127, 134
537012.5.peg.938.site.35, 5, 126, 131
537012.5.peg.938.site.36, 5, 124, 129
537012.5.peg.938.site.37, 5, 125, 130
537012.5.peg.938.site.38, 1, 126, 127
537012.5.peg.938.site.39, 4, 125, 129
537012.5.peg.938.site.40, 4, 123, 127
537012.5.peg.938.site.41, 67, 125, 192
537012.5.peg.938.site.42, 19, 123, 142
537012.5.peg.1436.site.1, 29, 134, 163
537012.5.peg.1436.site.2, 30, 134, 164
537012.5.peg.1436.site.3, 3, 134, 137
537012.5.peg.1436.site.4, 3, 133, 136
537012.5.peg.1436.site.5, 1, 134, 135
537012.5.peg.1436.site.6, 0, 134, 134
537012.5.peg.1436.site.7, 40, 132, 172
537012.5.peg.1436.site.8, 2, 134, 136
537012.5.peg.1436.site.9, 60, 132, 192
537012.5.peg.1436.site.10, 36, 133, 169
537012.5.peg.1436.site.11, 2, 132, 134
537012.5.peg.1436.site.12, 0, 131, 131
537012.5.peg.1436.site.13, 0, 131, 131
537012.5.peg.1436.site.14, 2, 132, 134
537012.5.peg.1436.site.15, 3, 133, 136
537012.5.peg.1436.site.16, 5, 133, 138
537012.5.peg.1436.site.17, 2, 133, 135
537012.5.peg.1436.site.18, 6, 133, 139
537012.5.peg.1436.site.19, 3, 133, 136
537012.5.peg.1436.site.20, 16, 124, 140
537012.5.peg.1436.site.21, 1, 121, 122
537012.5.peg.1436.site.22, 19, 117, 136
537012.5.peg.1436.site.23, 1, 115, 116
537012.5.peg.1436.site.24, 4, 115, 119
537012.5.peg.1436.site.25, 4, 107, 111
537012.5.peg.1436.site.26, 2, 89, 91
537012.5.peg.1436.site.27, 2, 74, 76
537012.5.peg.1436.site.28, 72, 75, 147
537012.5.peg.1436.site.29, 0, 85, 85
537012.5.peg.1436.site.30, 1, 94, 95
537012.5.peg.1436.site.31, 9, 117, 126
537012.5.peg.1436.site.32, 9, 122, 131
537012.5.peg.1436.site.33, 20, 122, 142
537012.5.peg.1436.site.34, 6, 122, 128
537012.5.peg.1436.site.35, 1, 124, 125
537012.5.peg.1436.site.36, 1, 124, 125
537012.5.peg.1436.site.37, 50, 116, 166
537012.5.peg.1436.site.38, 4, 109, 113
537012.5.peg.1436.site.39, 2, 110, 112
537012.5.peg.1436.site.40, 1, 112, 113
537012.5.peg.1436.site.41, 2, 111, 113
537012.5.peg.1436.site.42, 6, 108, 114
537012.5.peg.1436.site.43, 5, 111, 116
537012.5.peg.1436.site.44, 6, 113, 119
537012.5.peg.1436.site.45, 0, 102, 102
537012.5.peg.1436.site.46, 42, 96, 138
537012.5.peg.1436.site.47, 7, 95, 102
537012.5.peg.1436.site.48, 5, 95, 100
537012.5.peg.1436.site.49, 0, 94, 94
537012.5.peg.1436.site.50, 50, 89, 139
537012.5.peg.1436.site.51, 2, 94, 96
537012.5.peg.1436.site.52, 2, 104, 106
537012.5.peg.1436.site.53, 0, 121, 121
537012.5.peg.1436.site.54, 34, 106, 140
537012.5.peg.1436.site.55, 39, 107, 146
537012.5.peg.1436.site.56, 1, 106, 107
537012.5.peg.1436.site.57, 4, 109, 113
537012.5.peg.1436.site.58, 9, 120, 129
537012.5.peg.1436.site.59, 0, 123, 123
537012.5.peg.1436.site.60, 10, 126, 136
537012.5.peg.1436.site.61, 10, 125, 135
537012.5.peg.1436.site.62, 6, 126, 132
537012.5.peg.1436.site.63, 4, 130, 134
537012.5.peg.1436.site.64, 4, 132, 136
537012.5.peg.1436.site.65, 0, 133, 133
537012.5.peg.1436.site.66, 18, 133, 151
537012.5.peg.1436.site.67, 1, 132, 133
537012.5.peg.1436.site.68, 3, 125, 128
537012.5.peg.1436.site.69, 17, 126, 143
537012.5.peg.1436.site.70, 12, 130, 142
537012.5.peg.1436.site.71, 11, 129, 140
537012.5.peg.1436.site.72, 18, 129, 147
537012.5.peg.1436.site.73, 5, 133, 138
537012.5.peg.1436.site.74, 9, 133, 142
537012.5.peg.3052.site.1, 3, 130, 133
537012.5.peg.3052.site.2, 7, 134, 141
537012.5.peg.3052.site.3, 21, 134, 155
537012.5.peg.3052.site.4, 29, 134, 163
537012.5.peg.3052.site.5, 1, 133, 134
537012.5.peg.3052.site.6, 2, 133, 135
537012.5.peg.3052.site.7, 3, 133, 136
537012.5.peg.3052.site.8, 130, 134, 264
537012.5.peg.3052.site.9, 8, 134, 142
537012.5.peg.3052.site.10, 131, 133, 264
537012.5.peg.3052.site.11, 8, 134, 142
537012.5.peg.3052.site.12, 8, 134, 142
537012.5.peg.3052.site.13, 23, 134, 157
537012.5.peg.3052.site.14, 10, 133, 143
537012.5.peg.3052.site.15, 3, 134, 137
537012.5.peg.3052.site.16, 3, 134, 137
537012.5.peg.3052.site.17, 1, 134, 135
537012.5.peg.3052.site.18, 3, 134, 137
537012.5.peg.3052.site.19, 6, 134, 140
537012.5.peg.3052.site.20, 9, 133, 142
537012.5.peg.3052.site.21, 10, 132, 142
537012.5.peg.3052.site.22, 6, 133, 139
537012.5.peg.3052.site.23, 5, 133, 138
537012.5.peg.3052.site.24, 6, 133, 139
537012.5.peg.3052.site.25, 44, 131, 175
537012.5.peg.3052.site.26, 10, 131, 141
537012.5.peg.3052.site.27, 7, 134, 141
537012.5.peg.3053.site.1, 5, 134, 139
537012.5.peg.3053.site.2, 9, 134, 143
537012.5.peg.3053.site.3, 4, 132, 136
537012.5.peg.3053.site.4, 9, 132, 141
537012.5.peg.3053.site.5, 8, 134, 142
537012.5.peg.3053.site.6, 12, 132, 144
537012.5.peg.3053.site.7, 132, 134, 266
537012.5.peg.3053.site.8, 5, 133, 138
537012.5.peg.3053.site.9, 7, 132, 139
537012.5.peg.3053.site.10, 6, 133, 139
537012.5.peg.3053.site.11, 5, 133, 138
537012.5.peg.3053.site.12, 129, 134, 263
537012.5.peg.3053.site.13, 7, 133, 140
537012.5.peg.3053.site.14, 8, 134, 142
537012.5.peg.3053.site.15, 0, 133, 133
537012.5.peg.3053.site.16, 3, 134, 137
537012.5.peg.3053.site.17, 1, 133, 134
537012.5.peg.3053.site.18, 7, 133, 140
537012.5.peg.3053.site.19, 0, 134, 134
537012.5.peg.3053.site.20, 1, 133, 134
537012.5.peg.3053.site.21, 11, 134, 145
537012.5.peg.3053.site.22, 8, 134, 142
537012.5.peg.3053.site.23, 24, 132, 156
537012.5.peg.3053.site.24, 1, 133, 134
537012.5.peg.3053.site.25, 23, 132, 155
537012.5.peg.3053.site.26, 8, 134, 142
537012.5.peg.3053.site.27, 5, 134, 139
537012.5.peg.3053.site.28, 9, 132, 141
537012.5.peg.3053.site.29, 31, 134, 165
537012.5.peg.3053.site.30, 14, 132, 146
537012.5.peg.3053.site.31, 3, 133, 136
537012.5.peg.3053.site.32, 1, 134, 135
537012.5.peg.3050.site.1, 1, 134, 135
537012.5.peg.3050.site.2, 2, 132, 134
537012.5.peg.3050.site.3, 12, 133, 145
537012.5.peg.3050.site.4, 1, 134, 135
537012.5.peg.3050.site.5, 5, 133, 138
537012.5.peg.3050.site.6, 1, 134, 135
537012.5.peg.3050.site.7, 12, 132, 144
537012.5.peg.3050.site.8, 105, 129, 234
537012.5.peg.3050.site.9, 66, 68, 134
537012.5.peg.3050.site.10, 1, 70, 71
537012.5.peg.3050.site.11, 1, 74, 75
537012.5.peg.3050.site.12, 98, 101, 199
537012.5.peg.3050.site.13, 118, 120, 238
537012.5.peg.3050.site.14, 17, 132, 149
537012.5.peg.3050.site.15, 5, 131, 136
537012.5.peg.3050.site.16, 128, 130, 258
537012.5.peg.3050.site.17, 129, 131, 260
537012.5.peg.3050.site.18, 127, 129, 256
537012.5.peg.3050.site.19, 1, 134, 135
537012.5.peg.3050.site.20, 7, 134, 141
537012.5.peg.3050.site.21, 0, 134, 134
537012.5.peg.3050.site.22, 13, 133, 146
537012.5.peg.3050.site.23, 5, 133, 138
537012.5.peg.3050.site.24, 7, 134, 141
537012.5.peg.3050.site.25, 9, 133, 142
537012.5.peg.3050.site.26, 1, 134, 135
537012.5.peg.3050.site.27, 10, 133, 143
537012.5.peg.3050.site.28, 3, 134, 137
537012.5.peg.3050.site.29, 0, 134, 134
537012.5.peg.3050.site.30, 107, 132, 239
537012.5.peg.3050.site.31, 7, 134, 141
537012.5.peg.3050.site.32, 110, 131, 241
537012.5.peg.3050.site.33, 0, 134, 134
537012.5.peg.3050.site.34, 1, 134, 135
537012.5.peg.3050.site.35, 0, 134, 134
537012.5.peg.3050.site.36, 3, 134, 137
537012.5.peg.3050.site.37, 6, 132, 138
537012.5.peg.3050.site.38, 1, 134, 135
537012.5.peg.3050.site.39, 1, 134, 135
537012.5.peg.3050.site.40, 11, 132, 143
537012.5.peg.3050.site.41, 4, 133, 137
537012.5.peg.3050.site.42, 9, 134, 143
537012.5.peg.3050.site.43, 3, 134, 137
537012.5.peg.3050.site.44, 16, 134, 150
537012.5.peg.3050.site.45, 1, 134, 135
537012.5.peg.3050.site.46, 54, 132, 186
537012.5.peg.3050.site.47, 12, 132, 144
537012.5.peg.3050.site.48, 8, 134, 142
537012.5.peg.3050.site.49, 14, 133, 147
537012.5.peg.3050.site.50, 1, 134, 135
537012.5.peg.3050.site.51, 13, 132, 145
537012.5.peg.3050.site.52, 12, 132, 144
537012.5.peg.3050.site.53, 2, 133, 135
537012.5.peg.3050.site.54, 2, 133, 135
537012.5.peg.3050.site.55, 1, 134, 135
537012.5.peg.3050.site.56, 3, 134, 137
537012.5.peg.3050.site.57, 2, 133, 135
537012.5.peg.3050.site.58, 9, 134, 143
537012.5.peg.3050.site.59, 20, 134, 154
537012.5.peg.3050.site.60, 31, 131, 162
537012.5.peg.3050.site.61, 26, 133, 159
537012.5.peg.3050.site.62, 10, 133, 143
537012.5.peg.3050.site.63, 114, 126, 240
537012.5.peg.3050.site.64, 7, 126, 133
537012.5.peg.3050.site.65, 1, 124, 125
537012.5.peg.3050.site.66, 74, 121, 195
537012.5.peg.3050.site.67, 1, 121, 122
537012.5.peg.3050.site.68, 1, 134, 135
537012.5.peg.3050.site.69, 7, 134, 141
537012.5.peg.3050.site.70, 10, 132, 142
537012.5.peg.3050.site.71, 5, 134, 139
537012.5.peg.3050.site.72, 4, 132, 136
537012.5.peg.3050.site.73, 13, 133, 146
537012.5.peg.3050.site.74, 1, 134, 135
537012.5.peg.3050.site.75, 1, 132, 133
537012.5.peg.3050.site.76, 0, 131, 131
537012.5.peg.3050.site.77, 0, 134, 134
537012.5.peg.3050.site.78, 9, 134, 143
537012.5.peg.3050.site.79, 8, 134, 142
537012.5.peg.3050.site.80, 7, 134, 141
537012.5.peg.3050.site.81, 10, 132, 142
537012.5.peg.3050.site.82, 3, 126, 129
537012.5.peg.3050.site.83, 1, 127, 128
537012.5.peg.3050.site.84, 1, 124, 125
537012.5.peg.3050.site.85, 2, 124, 126
537012.5.peg.3050.site.86, 125, 127, 252
537012.5.peg.3050.site.87, 11, 130, 141
537012.5.peg.3050.site.88, 3, 132, 135
537012.5.peg.3050.site.89, 1, 132, 133
537012.5.peg.3050.site.90, 43, 130, 173
537012.5.peg.3050.site.91, 1, 133, 134
537012.5.peg.3050.site.92, 7, 132, 139
537012.5.peg.3050.site.93, 7, 133, 140
537012.5.peg.3050.site.94, 1, 134, 135
537012.5.peg.3050.site.95, 9, 132, 141
537012.5.peg.3050.site.96, 5, 134, 139
537012.5.peg.3050.site.97, 3, 132, 135
537012.5.peg.3050.site.98, 3, 131, 134
537012.5.peg.3050.site.99, 3, 132, 135
537012.5.peg.3051.site.1, 3, 59, 62
537012.5.peg.3051.site.2, 76, 108, 184
537012.5.peg.3051.site.3, 42, 127, 169
537012.5.peg.3051.site.4, 2, 132, 134
537012.5.peg.3051.site.5, 1, 132, 133
537012.5.peg.3051.site.6, 3, 130, 133
537012.5.peg.3051.site.7, 29, 130, 159
537012.5.peg.3051.site.8, 3, 130, 133
537012.5.peg.3051.site.9, 3, 134, 137
537012.5.peg.3051.site.10, 3, 131, 134
537012.5.peg.3051.site.11, 1, 134, 135
537012.5.peg.3051.site.12, 3, 134, 137
537012.5.peg.3051.site.13, 1, 134, 135
537012.5.peg.3051.site.14, 6, 134, 140
537012.5.peg.3051.site.15, 40, 134, 174
537012.5.peg.3051.site.16, 0, 134, 134
537012.5.peg.3051.site.17, 3, 134, 137
537012.5.peg.3051.site.18, 3, 134, 137
537012.5.peg.3051.site.19, 1, 134, 135
537012.5.peg.3051.site.20, 0, 134, 134
537012.5.peg.3051.site.21, 5, 134, 139
537012.5.peg.3051.site.22, 8, 134, 142
537012.5.peg.3051.site.23, 8, 134, 142
537012.5.peg.3051.site.24, 8, 134, 142
537012.5.peg.3051.site.25, 4, 134, 138
537012.5.peg.3051.site.26, 1, 133, 134
537012.5.peg.3051.site.27, 1, 133, 134
537012.5.peg.3051.site.28, 2, 131, 133
537012.5.peg.3051.site.29, 3, 133, 136
537012.5.peg.3051.site.30, 3, 134, 137
537012.5.peg.3051.site.31, 1, 134, 135
537012.5.peg.3051.site.32, 2, 132, 134
537012.5.peg.3051.site.33, 1, 134, 135
537012.5.peg.3051.site.34, 5, 134, 139
537012.5.peg.3051.site.35, 7, 129, 136
537012.5.peg.3051.site.36, 1, 134, 135
537012.5.peg.3056.site.1, 2, 134, 136
537012.5.peg.3056.site.2, 14, 131, 145
537012.5.peg.3056.site.3, 10, 134, 144
537012.5.peg.3056.site.4, 69, 133, 202
537012.5.peg.3056.site.5, 79, 132, 211
537012.5.peg.3056.site.6, 5, 128, 133
537012.5.peg.3056.site.7, 0, 132, 132
537012.5.peg.3056.site.8, 1, 133, 134
537012.5.peg.3056.site.9, 46, 130, 176
537012.5.peg.3056.site.10, 1, 134, 135
537012.5.peg.3056.site.11, 5, 133, 138
537012.5.peg.3056.site.12, 2, 133, 135
537012.5.peg.3056.site.13, 5, 133, 138
537012.5.peg.3056.site.14, 26, 134, 160
537012.5.peg.3056.site.15, 5, 132, 137
537012.5.peg.3056.site.16, 4, 131, 135
537012.5.peg.3056.site.17, 4, 131, 135
537012.5.peg.3056.site.18, 9, 132, 141
537012.5.peg.3056.site.19, 26, 133, 159
537012.5.peg.3056.site.20, 0, 132, 132
537012.5.peg.3056.site.21, 1, 133, 134
537012.5.peg.3056.site.22, 0, 132, 132
537012.5.peg.3056.site.23, 5, 131, 136
537012.5.peg.3056.site.24, 3, 130, 133
537012.5.peg.3056.site.25, 3, 130, 133
537012.5.peg.3056.site.26, 4, 131, 135
537012.5.peg.3056.site.27, 5, 134, 139
537012.5.peg.3056.site.28, 2, 134, 136
537012.5.peg.3056.site.29, 3, 133, 136
537012.5.peg.3056.site.30, 5, 131, 136
537012.5.peg.3056.site.31, 2, 131, 133
537012.5.peg.3056.site.32, 18, 129, 147
537012.5.peg.3056.site.33, 5, 129, 134
537012.5.peg.3056.site.34, 7, 132, 139
537012.5.peg.3056.site.35, 128, 133, 261
537012.5.peg.3056.site.36, 13, 133, 146
537012.5.peg.3056.site.37, 13, 133, 146
537012.5.peg.3056.site.38, 7, 134, 141
537012.5.peg.3056.site.39, 5, 132, 137
537012.5.peg.3056.site.40, 1, 134, 135
537012.5.peg.3056.site.41, 1, 133, 134
537012.5.peg.3056.site.42, 8, 133, 141
537012.5.peg.3056.site.43, 7, 132, 139
537012.5.peg.3056.site.44, 26, 134, 160
537012.5.peg.3056.site.45, 1, 134, 135
537012.5.peg.3056.site.46, 4, 132, 136
537012.5.peg.3056.site.47, 33, 134, 167
537012.5.peg.3056.site.48, 4, 132, 136
537012.5.peg.3056.site.49, 5, 134, 139
537012.5.peg.3056.site.50, 10, 132, 142
537012.5.peg.3056.site.51, 10, 134, 144
537012.5.peg.3056.site.52, 4, 134, 138
537012.5.peg.3056.site.53, 41, 131, 172
537012.5.peg.3056.site.54, 3, 134, 137
537012.5.peg.3056.site.55, 4, 132, 136
537012.5.peg.3056.site.56, 1, 134, 135
537012.5.peg.3056.site.57, 3, 134, 137
537012.5.peg.3056.site.58, 5, 134, 139
537012.5.peg.3056.site.59, 0, 134, 134
537012.5.peg.3056.site.60, 110, 133, 243
537012.5.peg.3056.site.61, 7, 134, 141
537012.5.peg.3056.site.62, 29, 134, 163
537012.5.peg.3056.site.63, 4, 134, 138
537012.5.peg.3056.site.64, 2, 134, 136
537012.5.peg.3056.site.65, 128, 133, 261
537012.5.peg.3056.site.66, 4, 132, 136
537012.5.peg.3056.site.67, 8, 134, 142
537012.5.peg.3056.site.68, 6, 134, 140
537012.5.peg.3056.site.69, 17, 132, 149
537012.5.peg.3056.site.70, 1, 134, 135
537012.5.peg.3056.site.71, 10, 134, 144
537012.5.peg.3056.site.72, 1, 134, 135
537012.5.peg.3056.site.73, 4, 132, 136
537012.5.peg.3056.site.74, 4, 132, 136
537012.5.peg.3056.site.75, 1, 134, 135
537012.5.peg.3056.site.76, 19, 133, 152
537012.5.peg.3056.site.77, 10, 133, 143
537012.5.peg.3056.site.78, 1, 134, 135
537012.5.peg.3056.site.79, 1, 133, 134
537012.5.peg.3056.site.80, 1, 134, 135
537012.5.peg.3056.site.81, 3, 134, 137
537012.5.peg.3056.site.82, 11, 133, 144
537012.5.peg.3056.site.83, 3, 131, 134
537012.5.peg.3057.site.1, 3, 133, 136
537012.5.peg.3057.site.2, 9, 133, 142
537012.5.peg.3057.site.3, 4, 132, 136
537012.5.peg.3057.site.4, 10, 134, 144
537012.5.peg.3057.site.5, 2, 134, 136
537012.5.peg.3057.site.6, 2, 133, 135
537012.5.peg.3057.site.7, 1, 134, 135
537012.5.peg.3057.site.8, 10, 134, 144
537012.5.peg.3057.site.9, 6, 131, 137
537012.5.peg.3057.site.10, 4, 131, 135
537012.5.peg.3057.site.11, 26, 133, 159
537012.5.peg.3057.site.12, 3, 133, 136
537012.5.peg.3057.site.13, 66, 130, 196
537012.5.peg.3057.site.14, 7, 133, 140
537012.5.peg.3057.site.15, 101, 132, 233
537012.5.peg.3057.site.16, 14, 132, 146
537012.5.peg.3057.site.17, 4, 132, 136
537012.5.peg.3057.site.18, 5, 131, 136
537012.5.peg.3057.site.19, 4, 134, 138
537012.5.peg.3057.site.20, 1, 134, 135
537012.5.peg.3057.site.21, 5, 132, 137
537012.5.peg.3057.site.22, 1, 134, 135
537012.5.peg.3057.site.23, 3, 132, 135
537012.5.peg.3057.site.24, 3, 130, 133
537012.5.peg.3057.site.25, 0, 133, 133
537012.5.peg.3057.site.26, 8, 134, 142
537012.5.peg.3057.site.27, 2, 131, 133
537012.5.peg.3057.site.28, 30, 130, 160
537012.5.peg.3057.site.29, 22, 131, 153
537012.5.peg.3057.site.30, 9, 134, 143
537012.5.peg.3057.site.31, 12, 134, 146
537012.5.peg.3057.site.32, 8, 132, 140
537012.5.peg.3057.site.33, 7, 134, 141
537012.5.peg.3057.site.34, 2, 134, 136
537012.5.peg.3057.site.35, 49, 134, 183
537012.5.peg.3057.site.36, 1, 134, 135
537012.5.peg.3057.site.37, 1, 134, 135
537012.5.peg.3057.site.38, 2, 134, 136
537012.5.peg.3057.site.39, 4, 134, 138
537012.5.peg.3057.site.40, 8, 134, 142
537012.5.peg.3057.site.41, 28, 134, 162
537012.5.peg.3057.site.42, 0, 134, 134
537012.5.peg.3057.site.43, 0, 134, 134
537012.5.peg.3057.site.44, 35, 131, 166
537012.5.peg.3057.site.45, 5, 133, 138
537012.5.peg.3057.site.46, 4, 132, 136
537012.5.peg.3057.site.47, 8, 134, 142
537012.5.peg.3057.site.48, 13, 131, 144
537012.5.peg.3057.site.49, 3, 131, 134
537012.5.peg.3057.site.50, 10, 132, 142
537012.5.peg.3057.site.51, 3, 128, 131
537012.5.peg.3057.site.52, 0, 130, 130
537012.5.peg.3057.site.53, 1, 131, 132
537012.5.peg.3057.site.54, 5, 130, 135
537012.5.peg.3057.site.55, 2, 133, 135
537012.5.peg.3057.site.56, 0, 132, 132
537012.5.peg.3057.site.57, 2, 134, 136
537012.5.peg.3057.site.58, 2, 133, 135
537012.5.peg.3057.site.59, 2, 131, 133
537012.5.peg.3057.site.60, 34, 132, 166
537012.5.peg.3057.site.61, 12, 130, 142
537012.5.peg.3057.site.62, 9, 133, 142
537012.5.peg.3057.site.63, 1, 132, 133
537012.5.peg.3057.site.64, 19, 132, 151
537012.5.peg.3057.site.65, 2, 129, 131
537012.5.peg.3057.site.66, 28, 125, 153
537012.5.peg.3057.site.67, 21, 125, 146
537012.5.peg.3057.site.68, 3, 126, 129
537012.5.peg.3057.site.69, 0, 123, 123
537012.5.peg.4019.site.1, 4, 131, 135
537012.5.peg.4019.site.2, 38, 134, 172
537012.5.peg.4019.site.3, 0, 132, 132
537012.5.peg.4019.site.4, 0, 132, 132
537012.5.peg.4019.site.5, 4, 130, 134
537012.5.peg.4019.site.6, 4, 133, 137
537012.5.peg.4019.site.7, 50, 134, 184
537012.5.peg.4019.site.8, 1, 133, 134
537012.5.peg.4019.site.9, 4, 133, 137
537012.5.peg.4019.site.10, 88, 130, 218
537012.5.peg.4019.site.11, 6, 131, 137
537012.5.peg.4019.site.12, 2, 131, 133
537012.5.peg.4019.site.13, 4, 133, 137
537012.5.peg.4019.site.14, 1, 133, 134
537012.5.peg.4019.site.15, 1, 134, 135
537012.5.peg.4019.site.16, 34, 133, 167
537012.5.peg.4019.site.17, 3, 131, 134
537012.5.peg.4019.site.18, 3, 130, 133
537012.5.peg.4018.site.1, 11, 128, 139
537012.5.peg.4018.site.2, 11, 128, 139
537012.5.peg.4018.site.3, 24, 127, 151
537012.5.peg.4018.site.4, 105, 130, 235
537012.5.peg.4018.site.5, 5, 131, 136
537012.5.peg.4018.site.6, 1, 129, 130
537012.5.peg.4018.site.7, 1, 128, 129
537012.5.peg.4018.site.8, 14, 124, 138
537012.5.peg.4018.site.9, 1, 111, 112
537012.5.peg.4018.site.10, 30, 112, 142
537012.5.peg.4018.site.11, 3, 112, 115
537012.5.peg.4018.site.12, 16, 111, 127
537012.5.peg.4018.site.13, 5, 113, 118
537012.5.peg.4018.site.14, 9, 120, 129
537012.5.peg.4018.site.15, 27, 123, 150
537012.5.peg.4018.site.16, 1, 124, 125
537012.5.peg.4018.site.17, 0, 127, 127
537012.5.peg.4018.site.18, 0, 129, 129
537012.5.peg.4018.site.19, 0, 128, 128
537012.5.peg.4018.site.20, 18, 127, 145
537012.5.peg.4018.site.21, 0, 126, 126
537012.5.peg.4018.site.22, 1, 127, 128
537012.5.peg.4018.site.23, 4, 130, 134
537012.5.peg.4018.site.24, 1, 127, 128
537012.5.peg.4018.site.25, 3, 131, 134
537012.5.peg.4018.site.26, 3, 129, 132
537012.5.peg.4018.site.27, 16, 131, 147
537012.5.peg.4018.site.28, 25, 129, 154
537012.5.peg.4018.site.29, 18, 127, 145
537012.5.peg.4018.site.30, 5, 129, 134
537012.5.peg.4018.site.31, 0, 128, 128
537012.5.peg.4018.site.32, 16, 129, 145
537012.5.peg.4018.site.33, 18, 129, 147
537012.5.peg.4018.site.34, 17, 128, 145
537012.5.peg.4018.site.35, 2, 128, 130
537012.5.peg.4018.site.36, 11, 105, 116
537012.5.peg.4018.site.37, 9, 106, 115
537012.5.peg.4018.site.38, 11, 108, 119
537012.5.peg.4018.site.39, 5, 110, 115
537012.5.peg.4018.site.40, 0, 113, 113
537012.5.peg.4018.site.41, 28, 115, 143
537012.5.peg.4018.site.42, 10, 120, 130
537012.5.peg.4018.site.43, 21, 130, 151
537012.5.peg.4018.site.44, 41, 128, 169
537012.5.peg.4018.site.45, 3, 129, 132
537012.5.peg.4018.site.46, 34, 128, 162
537012.5.peg.4018.site.47, 34, 116, 150
537012.5.peg.4018.site.48, 3, 128, 131
537012.5.peg.4018.site.49, 1, 134, 135
537012.5.peg.4018.site.50, 8, 134, 142
537012.5.peg.4017.site.1, 4, 130, 134
537012.5.peg.4017.site.2, 21, 129, 150
537012.5.peg.4017.site.3, 4, 130, 134
537012.5.peg.4017.site.4, 3, 126, 129
537012.5.peg.4017.site.5, 44, 128, 172
537012.5.peg.4017.site.6, 3, 115, 118
537012.5.peg.4017.site.7, 5, 127, 132
537012.5.peg.4017.site.8, 43, 130, 173
537012.5.peg.4017.site.9, 43, 130, 173
537012.5.peg.4017.site.10, 0, 129, 129
537012.5.peg.4017.site.11, 1, 130, 131
537012.5.peg.3373.site.1, 2, 127, 129
537012.5.peg.3373.site.2, 92, 124, 216
537012.5.peg.3373.site.3, 3, 125, 128
537012.5.peg.3373.site.4, 20, 123, 143
537012.5.peg.3373.site.5, 39, 123, 162
537012.5.peg.3373.site.6, 105, 127, 232
537012.5.peg.3373.site.7, 36, 127, 163
537012.5.peg.3373.site.8, 3, 124, 127
537012.5.peg.3373.site.9, 4, 127, 131
537012.5.peg.3373.site.10, 11, 127, 138
537012.5.peg.3373.site.11, 108, 127, 235
537012.5.peg.3373.site.12, 13, 127, 140
537012.5.peg.3373.site.13, 2, 125, 127
537012.5.peg.3373.site.14, 2, 123, 125
537012.5.peg.3373.site.15, 3, 126, 129
537012.5.peg.3373.site.16, 4, 127, 131
537012.5.peg.3373.site.17, 0, 125, 125
537012.5.peg.3373.site.18, 2, 126, 128
537012.5.peg.3373.site.19, 13, 126, 139
537012.5.peg.3373.site.20, 5, 125, 130
537012.5.peg.3373.site.21, 12, 126, 138
537012.5.peg.3373.site.22, 33, 125, 158
537012.5.peg.3373.site.23, 4, 126, 130
537012.5.peg.3373.site.24, 1, 126, 127
537012.5.peg.3373.site.25, 4, 126, 130
537012.5.peg.3373.site.26, 12, 127, 139
537012.5.peg.3373.site.27, 1, 127, 128
537012.5.peg.3373.site.28, 16, 127, 143
537012.5.peg.3373.site.29, 12, 127, 139
537012.5.peg.3373.site.30, 30, 126, 156
537012.5.peg.3373.site.31, 124, 126, 250
537012.5.peg.3373.site.32, 4, 127, 131
537012.5.peg.3373.site.33, 1, 127, 128
537012.5.peg.3373.site.34, 5, 126, 131
537012.5.peg.3373.site.35, 1, 126, 127
537012.5.peg.3373.site.36, 58, 126, 184
537012.5.peg.3373.site.37, 3, 126, 129
537012.5.peg.3373.site.38, 3, 126, 129
537012.5.peg.3373.site.39, 6, 126, 132
537012.5.peg.3373.site.40, 2, 126, 128
537012.5.peg.4012.site.1, 17, 130, 147
537012.5.peg.4012.site.2, 0, 125, 125
537012.5.peg.4012.site.3, 3, 124, 127
537012.5.peg.4012.site.4, 48, 98, 146
537012.5.peg.4012.site.5, 38, 88, 126
537012.5.peg.4012.site.6, 3, 69, 72
537012.5.peg.4012.site.7, 20, 56, 76
537012.5.peg.4012.site.8, 12, 56, 68
537012.5.peg.4012.site.9, 6, 69, 75
537012.5.peg.4012.site.10, 4, 79, 83
537012.5.peg.4012.site.11, 2, 76, 78
537012.5.peg.4012.site.12, 14, 96, 110
537012.5.peg.4012.site.13, 14, 96, 110
537012.5.peg.4012.site.14, 15, 99, 114
537012.5.peg.4012.site.15, 9, 101, 110
537012.5.peg.4012.site.16, 14, 122, 136
537012.5.peg.4012.site.17, 43, 123, 166
537012.5.peg.4012.site.18, 4, 126, 130
537012.5.peg.4012.site.19, 0, 126, 126
537012.5.peg.4012.site.20, 6, 126, 132
537012.5.peg.4012.site.21, 72, 124, 196
537012.5.peg.4012.site.22, 12, 124, 136
537012.5.peg.4012.site.23, 125, 126, 251
537012.5.peg.4012.site.24, 32, 126, 158
537012.5.peg.4012.site.25, 4, 115, 119
537012.5.peg.4012.site.26, 2, 111, 113
537012.5.peg.4012.site.27, 2, 110, 112
537012.5.peg.4012.site.28, 114, 115, 229
537012.5.peg.4012.site.29, 7, 116, 123
537012.5.peg.4012.site.30, 121, 122, 243
537012.5.peg.4012.site.31, 54, 123, 177
537012.5.peg.4012.site.32, 2, 123, 125
537012.5.peg.4012.site.33, 0, 126, 126
537012.5.peg.4012.site.34, 1, 126, 127
537012.5.peg.4012.site.35, 2, 126, 128
537012.5.peg.4012.site.36, 13, 125, 138
537012.5.peg.4012.site.37, 5, 126, 131
537012.5.peg.4012.site.38, 1, 124, 125
537012.5.peg.4012.site.39, 93, 124, 217
537012.5.peg.4012.site.40, 123, 124, 247
537012.5.peg.4012.site.41, 6, 124, 130
537012.5.peg.4012.site.42, 9, 125, 134
537012.5.peg.4012.site.43, 28, 125, 153
537012.5.peg.4012.site.44, 29, 124, 153
537012.5.peg.4012.site.45, 16, 123, 139
537012.5.peg.4012.site.46, 8, 119, 127
537012.5.peg.4012.site.47, 2, 119, 121
537012.5.peg.4012.site.48, 1, 116, 117
537012.5.peg.4012.site.49, 6, 115, 121
537012.5.peg.4012.site.50, 6, 117, 123
537012.5.peg.4012.site.51, 100, 118, 218
537012.5.peg.4012.site.52, 11, 124, 135
537012.5.peg.4012.site.53, 123, 124, 247
537012.5.peg.4012.site.54, 68, 116, 184
537012.5.peg.4012.site.55, 10, 116, 126
537012.5.peg.4012.site.56, 97, 115, 212
537012.5.peg.4012.site.57, 18, 115, 133
537012.5.peg.4012.site.58, 10, 115, 125
537012.5.peg.4012.site.59, 5, 115, 120
537012.5.peg.4012.site.60, 2, 111, 113
537012.5.peg.4012.site.61, 0, 108, 108
537012.5.peg.4012.site.62, 15, 108, 123
537012.5.peg.4012.site.63, 32, 107, 139
537012.5.peg.4012.site.64, 4, 113, 117
537012.5.peg.4012.site.65, 113, 114, 227
537012.5.peg.4012.site.66, 1, 115, 116
537012.5.peg.4012.site.67, 6, 115, 121
537012.5.peg.4012.site.68, 6, 115, 121
537012.5.peg.4012.site.69, 5, 112, 117
537012.5.peg.4012.site.70, 9, 111, 120
537012.5.peg.4012.site.71, 9, 112, 121
537012.5.peg.4012.site.72, 3, 114, 117
537012.5.peg.4012.site.73, 74, 112, 186
537012.5.peg.4012.site.74, 5, 113, 118
537012.5.peg.4012.site.75, 5, 113, 118
537012.5.peg.4012.site.76, 1, 112, 113
537012.5.peg.4012.site.77, 9, 112, 121
537012.5.peg.4012.site.78, 2, 113, 115
537012.5.peg.4012.site.79, 2, 111, 113
537012.5.peg.4012.site.80, 9, 110, 119
537012.5.peg.4012.site.81, 1, 109, 110
537012.5.peg.4011.site.1, 16, 129, 145
537012.5.peg.4011.site.2, 6, 130, 136
537012.5.peg.4011.site.3, 22, 130, 152
537012.5.peg.4011.site.4, 18, 128, 146
537012.5.peg.4011.site.5, 13, 129, 142
537012.5.peg.4011.site.6, 2, 130, 132
537012.5.peg.4011.site.7, 1, 130, 131
537012.5.peg.4011.site.8, 1, 130, 131
537012.5.peg.4011.site.9, 2, 129, 131
537012.5.peg.4011.site.10, 65, 129, 194
537012.5.peg.4011.site.11, 5, 129, 134
537012.5.peg.4011.site.12, 5, 129, 134
537012.5.peg.4011.site.13, 5, 129, 134
537012.5.peg.4011.site.14, 5, 129, 134
537012.5.peg.4011.site.15, 30, 130, 160
537012.5.peg.4011.site.16, 4, 128, 132
537012.5.peg.4011.site.17, 2, 130, 132
537012.5.peg.4011.site.18, 2, 130, 132
537012.5.peg.3372.site.1, 0, 120, 120
537012.5.peg.3372.site.2, 12, 121, 133
537012.5.peg.3372.site.3, 2, 126, 128
537012.5.peg.3372.site.4, 8, 125, 133
537012.5.peg.3372.site.5, 92, 125, 217
537012.5.peg.3372.site.6, 49, 123, 172
537012.5.peg.3372.site.7, 21, 125, 146
537012.5.peg.3372.site.8, 20, 125, 145
537012.5.peg.3372.site.9, 73, 125, 198
537012.5.peg.3372.site.10, 77, 124, 201
537012.5.peg.3372.site.11, 21, 126, 147
537012.5.peg.3372.site.12, 2, 125, 127
537012.5.peg.3372.site.13, 2, 126, 128
537012.5.peg.3372.site.14, 17, 125, 142
537012.5.peg.3372.site.15, 50, 124, 174
537012.5.peg.3372.site.16, 59, 125, 184
537012.5.peg.3372.site.17, 20, 126, 146
537012.5.peg.3372.site.18, 1, 127, 128
537012.5.peg.3372.site.19, 1, 126, 127
537012.5.peg.3372.site.20, 5, 111, 116
537012.5.peg.3372.site.21, 1, 75, 76
537012.5.peg.3372.site.22, 60, 79, 139
537012.5.peg.3372.site.23, 62, 76, 138
537012.5.peg.3372.site.24, 1, 116, 117
537012.5.peg.3372.site.25, 2, 124, 126
537012.5.peg.3372.site.26, 34, 125, 159
537012.5.peg.3372.site.27, 24, 124, 148
537012.5.peg.3372.site.28, 0, 126, 126
537012.5.peg.3372.site.29, 32, 126, 158
537012.5.peg.3372.site.30, 102, 126, 228
537012.5.peg.3372.site.31, 13, 125, 138
537012.5.peg.3372.site.32, 51, 124, 175
537012.5.peg.3372.site.33, 5, 126, 131
537012.5.peg.3372.site.34, 17, 125, 142
537012.5.peg.3372.site.35, 5, 124, 129
537012.5.peg.3372.site.36, 1, 126, 127
537012.5.peg.3372.site.37, 4, 125, 129
537012.5.peg.3372.site.38, 5, 125, 130
537012.5.peg.3372.site.39, 59, 124, 183
537012.5.peg.3372.site.40, 12, 127, 139
537012.5.peg.3372.site.41, 3, 125, 128
537012.5.peg.3372.site.42, 58, 123, 181
537012.5.peg.3372.site.43, 4, 123, 127
537012.5.peg.3372.site.44, 81, 114, 195
537012.5.peg.3372.site.45, 2, 115, 117
537012.5.peg.3372.site.46, 5, 98, 103
537012.5.peg.3372.site.47, 5, 94, 99
537012.5.peg.3372.site.48, 26, 125, 151
537012.5.peg.3372.site.49, 99, 125, 224
537012.5.peg.3372.site.50, 12, 126, 138
537012.5.peg.3372.site.51, 19, 126, 145
537012.5.peg.3372.site.52, 2, 125, 127
537012.5.peg.3372.site.53, 2, 124, 126
537012.5.peg.3372.site.54, 16, 125, 141
537012.5.peg.931.site.1, 5, 129, 134
537012.5.peg.931.site.2, 3, 130, 133
537012.5.peg.931.site.3, 4, 134, 138
537012.5.peg.931.site.4, 4, 134, 138
537012.5.peg.931.site.5, 1, 133, 134
537012.5.peg.931.site.6, 4, 134, 138
537012.5.peg.931.site.7, 7, 133, 140
537012.5.peg.931.site.8, 6, 134, 140
537012.5.peg.931.site.9, 16, 134, 150
537012.5.peg.931.site.10, 1, 134, 135
537012.5.peg.931.site.11, 4, 131, 135
537012.5.peg.931.site.12, 7, 134, 141
537012.5.peg.931.site.13, 6, 134, 140
537012.5.peg.931.site.14, 3, 130, 133
537012.5.peg.931.site.15, 26, 132, 158
537012.5.peg.931.site.16, 1, 134, 135
537012.5.peg.931.site.17, 1, 133, 134
537012.5.peg.931.site.18, 6, 133, 139
537012.5.peg.931.site.19, 1, 134, 135
537012.5.peg.931.site.20, 12, 132, 144
537012.5.peg.931.site.21, 48, 131, 179
537012.5.peg.931.site.22, 3, 130, 133
537012.5.peg.930.site.1, 47, 131, 178
537012.5.peg.930.site.2, 3, 134, 137
537012.5.peg.930.site.3, 40, 131, 171
537012.5.peg.930.site.4, 3, 133, 136
537012.5.peg.930.site.5, 9, 132, 141
537012.5.peg.930.site.6, 2, 134, 136
537012.5.peg.930.site.7, 1, 134, 135
537012.5.peg.930.site.8, 1, 134, 135
537012.5.peg.930.site.9, 32, 133, 165
537012.5.peg.930.site.10, 1, 134, 135
537012.5.peg.930.site.11, 2, 134, 136
537012.5.peg.4758.site.1, 7, 121, 128
537012.5.peg.4758.site.2, 7, 107, 114
537012.5.peg.4758.site.3, 47, 104, 151
537012.5.peg.4758.site.4, 4, 106, 110
537012.5.peg.4758.site.5, 4, 105, 109
537012.5.peg.4758.site.6, 4, 116, 120
537012.5.peg.4758.site.7, 6, 119, 125
537012.5.peg.4758.site.8, 6, 121, 127
537012.5.peg.4758.site.9, 1, 124, 125
537012.5.peg.4758.site.10, 2, 124, 126
537012.5.peg.4758.site.11, 1, 124, 125
537012.5.peg.4758.site.12, 1, 124, 125
537012.5.peg.4758.site.13, 2, 126, 128
537012.5.peg.4471.site.1, 3, 122, 125
537012.5.peg.4471.site.2, 8, 122, 130
537012.5.peg.4471.site.3, 2, 125, 127
537012.5.peg.4471.site.4, 3, 127, 130
537012.5.peg.4471.site.5, 101, 110, 211
537012.5.peg.4471.site.6, 100, 109, 209
537012.5.peg.4471.site.7, 5, 109, 114
537012.5.peg.4471.site.8, 4, 122, 126
537012.5.peg.4471.site.9, 43, 120, 163
537012.5.peg.4471.site.10, 38, 118, 156
537012.5.peg.4471.site.11, 3, 121, 124
537012.5.peg.4471.site.12, 8, 121, 129
537012.5.peg.4471.site.13, 18, 123, 141
537012.5.peg.4471.site.14, 86, 122, 208
537012.5.peg.4471.site.15, 2, 123, 125
537012.5.peg.4471.site.16, 42, 122, 164
537012.5.peg.4471.site.17, 32, 121, 153
537012.5.peg.4471.site.18, 79, 120, 199
537012.5.peg.4471.site.19, 26, 122, 148
537012.5.peg.4471.site.20, 1, 119, 120
537012.5.peg.4471.site.21, 2, 118, 120
537012.5.peg.4472.site.1, 25, 100, 125
537012.5.peg.4472.site.2, 5, 103, 108
537012.5.peg.4472.site.3, 1, 119, 120
537012.5.peg.4472.site.4, 1, 124, 125
537012.5.peg.4472.site.5, 13, 124, 137
537012.5.peg.4472.site.6, 1, 126, 127
537012.5.peg.4472.site.7, 2, 127, 129
537012.5.peg.4472.site.8, 17, 127, 144
537012.5.peg.4472.site.9, 5, 132, 137
537012.5.peg.4472.site.10, 3, 133, 136
537012.5.peg.4472.site.11, 3, 133, 136
537012.5.peg.4472.site.12, 4, 130, 134
537012.5.peg.4472.site.13, 3, 129, 132
537012.5.peg.4472.site.14, 4, 131, 135
537012.5.peg.4472.site.15, 20, 132, 152
537012.5.peg.4472.site.16, 1, 131, 132
537012.5.peg.4472.site.17, 5, 128, 133
537012.5.peg.4472.site.18, 22, 115, 137
537012.5.peg.4472.site.19, 0, 121, 121
537012.5.peg.4472.site.20, 1, 118, 119
537012.5.peg.4472.site.21, 8, 119, 127
537012.5.peg.4472.site.22, 8, 113, 121
537012.5.peg.4472.site.23, 11, 112, 123
537012.5.peg.4472.site.24, 2, 99, 101
537012.5.peg.4472.site.25, 22, 93, 115
537012.5.peg.4472.site.26, 29, 85, 114
537012.5.peg.4472.site.27, 35, 89, 124
537012.5.peg.4472.site.28, 2, 93, 95
537012.5.peg.4475.site.1, 3, 123, 126
537012.5.peg.4475.site.2, 9, 122, 131
537012.5.peg.4475.site.3, 7, 121, 128
537012.5.peg.4475.site.4, 2, 122, 124
537012.5.peg.4475.site.5, 5, 123, 128
537012.5.peg.4475.site.6, 1, 123, 124
537012.5.peg.4475.site.7, 13, 121, 134
537012.5.peg.4475.site.8, 1, 117, 118
537012.5.peg.4475.site.9, 1, 109, 110
537012.5.peg.4475.site.10, 1, 111, 112
537012.5.peg.4475.site.11, 1, 108, 109
537012.5.peg.4475.site.12, 1, 106, 107
537012.5.peg.4475.site.13, 11, 102, 113
537012.5.peg.4475.site.14, 5, 103, 108
537012.5.peg.4475.site.15, 8, 103, 111
537012.5.peg.4475.site.16, 1, 98, 99
537012.5.peg.4475.site.17, 1, 90, 91
537012.5.peg.4475.site.18, 0, 79, 79
537012.5.peg.4475.site.19, 76, 77, 153
537012.5.peg.4474.site.1, 0, 79, 79
537012.5.peg.4474.site.2, 2, 87, 89
537012.5.peg.4474.site.3, 0, 87, 87
537012.5.peg.4474.site.4, 1, 95, 96
537012.5.peg.4474.site.5, 11, 93, 104
537012.5.peg.4474.site.6, 6, 92, 98
537012.5.peg.4474.site.7, 7, 98, 105
537012.5.peg.4474.site.8, 17, 122, 139
537012.5.peg.4474.site.9, 4, 127, 131
537012.5.peg.4474.site.10, 7, 128, 135
537012.5.peg.4474.site.11, 50, 128, 178
537012.5.peg.4474.site.12, 8, 127, 135
537012.5.peg.4474.site.13, 13, 127, 140
537012.5.peg.4474.site.14, 2, 124, 126
537012.5.peg.4474.site.15, 3, 126, 129
537012.5.peg.4474.site.16, 1, 125, 126
537012.5.peg.4474.site.17, 2, 123, 125
537012.5.peg.4474.site.18, 1, 122, 123
537012.5.peg.4474.site.19, 0, 124, 124
537012.5.peg.4474.site.20, 1, 121, 122
537012.5.peg.4474.site.21, 0, 125, 125
537012.5.peg.4474.site.22, 1, 122, 123
537012.5.peg.4474.site.23, 1, 123, 124
537012.5.peg.4474.site.24, 3, 123, 126
537012.5.peg.4474.site.25, 0, 117, 117
537012.5.peg.4474.site.26, 86, 109, 195
537012.5.peg.4474.site.27, 1, 106, 107
537012.5.peg.4474.site.28, 5, 89, 94
537012.5.peg.4474.site.29, 1, 110, 111
537012.5.peg.4474.site.30, 12, 118, 130
537012.5.peg.4474.site.31, 5, 121, 126
537012.5.peg.4474.site.32, 3, 123, 126
537012.5.peg.4474.site.33, 6, 123, 129
537012.5.peg.4476.site.1, 2, 89, 91
537012.5.peg.4476.site.2, 13, 94, 107
537012.5.peg.4476.site.3, 0, 87, 87
537012.5.peg.4476.site.4, 9, 80, 89
537012.5.peg.4476.site.5, 2, 103, 105
537012.5.peg.4476.site.6, 2, 110, 112
537012.5.peg.4476.site.7, 2, 118, 120
537012.5.peg.4476.site.8, 1, 116, 117
537012.5.peg.4476.site.9, 1, 113, 114
537012.5.peg.4476.site.10, 1, 114, 115
537012.5.peg.4476.site.11, 5, 109, 114
537012.5.peg.4476.site.12, 1, 113, 114
537012.5.peg.4476.site.13, 20, 110, 130
537012.5.peg.4476.site.14, 2, 115, 117
537012.5.peg.4476.site.15, 11, 120, 131
537012.5.peg.4476.site.16, 6, 120, 126
537012.5.peg.4476.site.17, 12, 119, 131
537012.5.peg.4476.site.18, 2, 121, 123
537012.5.peg.4476.site.19, 2, 119, 121
537012.5.peg.4476.site.20, 10, 125, 135
537012.5.peg.4476.site.21, 9, 125, 134
537012.5.peg.4476.site.22, 0, 129, 129
537012.5.peg.4476.site.23, 2, 129, 131
537012.5.peg.4476.site.24, 3, 129, 132
537012.5.peg.4476.site.25, 1, 129, 130
537012.5.peg.4476.site.26, 3, 128, 131
537012.5.peg.4476.site.27, 2, 115, 117
537012.5.peg.4476.site.28, 3, 108, 111
537012.5.peg.4476.site.29, 74, 100, 174
537012.5.peg.4476.site.30, 27, 99, 126
537012.5.peg.4476.site.31, 27, 97, 124
537012.5.peg.4476.site.32, 6, 97, 103
537012.5.peg.4476.site.33, 2, 89, 91
537012.5.peg.4476.site.34, 10, 89, 99
537012.5.peg.4476.site.35, 5, 89, 94
537012.5.peg.4476.site.36, 69, 94, 163
537012.5.peg.4476.site.37, 23, 92, 115
537012.5.peg.4476.site.38, 41, 97, 138
537012.5.peg.4476.site.39, 11, 108, 119
537012.5.peg.4476.site.40, 1, 116, 117
537012.5.peg.4476.site.41, 0, 126, 126
537012.5.peg.4476.site.42, 6, 126, 132
537012.5.peg.4476.site.43, 1, 126, 127
537012.5.peg.4476.site.44, 41, 126, 167
537012.5.peg.4476.site.45, 1, 130, 131
537012.5.peg.4476.site.46, 53, 129, 182
537012.5.peg.4476.site.47, 2, 131, 133
537012.5.peg.4476.site.48, 9, 131, 140
537012.5.peg.4476.site.49, 1, 132, 133
537012.5.peg.4479.site.1, 12, 83, 95
537012.5.peg.4479.site.2, 3, 83, 86
537012.5.peg.4479.site.3, 5, 85, 90
537012.5.peg.4479.site.4, 8, 85, 93
537012.5.peg.4479.site.5, 12, 98, 110
537012.5.peg.4479.site.6, 3, 101, 104
537012.5.peg.4479.site.7, 42, 97, 139
537012.5.peg.4479.site.8, 45, 97, 142
537012.5.peg.4479.site.9, 31, 97, 128
537012.5.peg.4479.site.10, 5, 98, 103
537012.5.peg.4479.site.11, 2, 99, 101
537012.5.peg.4479.site.12, 5, 98, 103
537012.5.peg.4479.site.13, 49, 82, 131
537012.5.peg.4479.site.14, 0, 78, 78
537012.5.peg.4479.site.15, 6, 77, 83
537012.5.peg.4479.site.16, 3, 72, 75
537012.5.peg.4479.site.17, 23, 68, 91
537012.5.peg.4479.site.18, 1, 66, 67
537012.5.peg.4479.site.19, 30, 66, 96
537012.5.peg.4479.site.20, 2, 68, 70
537012.5.peg.4479.site.21, 6, 76, 82
537012.5.peg.4479.site.22, 61, 76, 137
537012.5.peg.4479.site.23, 20, 77, 97
537012.5.peg.4479.site.24, 1, 77, 78
537012.5.peg.4479.site.25, 5, 76, 81
537012.5.peg.4479.site.26, 6, 76, 82
537012.5.peg.4479.site.27, 73, 77, 150
537012.5.peg.4479.site.28, 1, 74, 75
537012.5.peg.4479.site.29, 9, 76, 85
537012.5.peg.4479.site.30, 19, 74, 93
537012.5.peg.4479.site.31, 2, 77, 79
537012.5.peg.4479.site.32, 3, 76, 79
537012.5.peg.4479.site.33, 0, 78, 78
537012.5.peg.4479.site.34, 69, 80, 149
537012.5.peg.4479.site.35, 25, 79, 104
537012.5.peg.4479.site.36, 4, 79, 83
537012.5.peg.4479.site.37, 17, 76, 93
537012.5.peg.4479.site.38, 6, 78, 84
537012.5.peg.4479.site.39, 1, 78, 79
537012.5.peg.4479.site.40, 2, 78, 80
537012.5.peg.4479.site.41, 2, 77, 79
537012.5.peg.4479.site.42, 8, 78, 86
537012.5.peg.4479.site.43, 1, 77, 78
537012.5.peg.4479.site.44, 3, 90, 93
537012.5.peg.4479.site.45, 4, 92, 96
537012.5.peg.4479.site.46, 21, 92, 113
537012.5.peg.4479.site.47, 18, 92, 110
537012.5.peg.4479.site.48, 19, 92, 111
537012.5.peg.4479.site.49, 12, 100, 112
537012.5.peg.4479.site.50, 10, 99, 109
537012.5.peg.4479.site.51, 9, 117, 126
537012.5.peg.4479.site.52, 19, 117, 136
537012.5.peg.4479.site.53, 1, 119, 120
537012.5.peg.4479.site.54, 1, 119, 120
537012.5.peg.4479.site.55, 9, 121, 130
537012.5.peg.4479.site.56, 0, 121, 121
537012.5.peg.4479.site.57, 4, 124, 128
537012.5.peg.4479.site.58, 13, 110, 123
537012.5.peg.4479.site.59, 1, 106, 107
537012.5.peg.4479.site.60, 3, 106, 109
537012.5.peg.4479.site.61, 11, 104, 115
537012.5.peg.4479.site.62, 1, 106, 107
537012.5.peg.4479.site.63, 5, 102, 107
537012.5.peg.4479.site.64, 1, 72, 73
537012.5.peg.4479.site.65, 26, 43, 69
537012.5.peg.4272.site.1, 1, 115, 116
537012.5.peg.4272.site.2, 6, 116, 122
537012.5.peg.4272.site.3, 3, 109, 112
537012.5.peg.4272.site.4, 1, 108, 109
537012.5.peg.4272.site.5, 1, 102, 103
537012.5.peg.4272.site.6, 8, 102, 110
537012.5.peg.4272.site.7, 0, 103, 103
537012.5.peg.4272.site.8, 12, 103, 115
537012.5.peg.4272.site.9, 1, 105, 106
537012.5.peg.4272.site.10, 11, 104, 115
537012.5.peg.4272.site.11, 4, 94, 98
537012.5.peg.4272.site.12, 1, 88, 89
537012.5.peg.4272.site.13, 0, 83, 83
537012.5.peg.4879.site.1, 1, 128, 129
537012.5.peg.4879.site.2, 1, 129, 130
537012.5.peg.4879.site.3, 0, 128, 128
537012.5.peg.4879.site.4, 1, 131, 132
537012.5.peg.4879.site.5, 1, 130, 131
537012.5.peg.4879.site.6, 33, 128, 161
537012.5.peg.4879.site.7, 3, 127, 130
537012.5.peg.4879.site.8, 0, 127, 127
537012.5.peg.4879.site.9, 8, 130, 138
537012.5.peg.4879.site.10, 2, 130, 132
537012.5.peg.4879.site.11, 5, 127, 132
537012.5.peg.4879.site.12, 8, 125, 133
537012.5.peg.4879.site.13, 35, 126, 161
537012.5.peg.4879.site.14, 8, 125, 133
537012.5.peg.4879.site.15, 0, 123, 123
537012.5.peg.4879.site.16, 2, 125, 127
537012.5.peg.4879.site.17, 1, 123, 124
537012.5.peg.4879.site.18, 1, 124, 125
537012.5.peg.4879.site.19, 3, 122, 125
537012.5.peg.4879.site.20, 4, 123, 127
537012.5.peg.4879.site.21, 2, 125, 127
537012.5.peg.4879.site.22, 2, 125, 127
537012.5.peg.4879.site.23, 7, 127, 134
537012.5.peg.4879.site.24, 5, 128, 133
537012.5.peg.4879.site.25, 8, 127, 135
537012.5.peg.4879.site.26, 5, 128, 133
537012.5.peg.4879.site.27, 7, 128, 135
537012.5.peg.4879.site.28, 16, 128, 144
537012.5.peg.4879.site.29, 17, 129, 146
537012.5.peg.4879.site.30, 30, 127, 157
537012.5.peg.4879.site.31, 4, 127, 131
537012.5.peg.4879.site.32, 6, 128, 134
537012.5.peg.4879.site.33, 0, 127, 127
537012.5.peg.4879.site.34, 6, 128, 134
537012.5.peg.4879.site.35, 1, 128, 129
537012.5.peg.4879.site.36, 1, 127, 128
537012.5.peg.4879.site.37, 0, 127, 127
537012.5.peg.4879.site.38, 0, 126, 126
537012.5.peg.4879.site.39, 0, 127, 127
537012.5.peg.4879.site.40, 6, 127, 133
537012.5.peg.4879.site.41, 3, 126, 129
537012.5.peg.4879.site.42, 4, 126, 130
537012.5.peg.4879.site.43, 0, 127, 127
537012.5.peg.4879.site.44, 55, 126, 181
537012.5.peg.4879.site.45, 11, 125, 136
537012.5.peg.4879.site.46, 4, 124, 128
537012.5.peg.4879.site.47, 5, 125, 130
537012.5.peg.4879.site.48, 0, 128, 128
537012.5.peg.4879.site.49, 8, 129, 137
537012.5.peg.4879.site.50, 0, 129, 129
537012.5.peg.4879.site.51, 7, 130, 137
537012.5.peg.4879.site.52, 6, 130, 136
537012.5.peg.4879.site.53, 7, 130, 137
537012.5.peg.4879.site.54, 83, 130, 213
537012.5.peg.4879.site.55, 6, 128, 134
537012.5.peg.4879.site.56, 6, 128, 134
537012.5.peg.4879.site.57, 1, 129, 130
537012.5.peg.4879.site.58, 2, 127, 129
537012.5.peg.4879.site.59, 1, 130, 131
537012.5.peg.4879.site.60, 48, 130, 178
537012.5.peg.4879.site.61, 24, 129, 153
537012.5.peg.4879.site.62, 7, 124, 131
537012.5.peg.4879.site.63, 3, 127, 130
537012.5.peg.4879.site.64, 62, 125, 187
537012.5.peg.4879.site.65, 1, 127, 128
537012.5.peg.4879.site.66, 1, 125, 126
537012.5.peg.4879.site.67, 2, 123, 125
537012.5.peg.4879.site.68, 33, 124, 157
537012.5.peg.4879.site.69, 3, 126, 129
537012.5.peg.4879.site.70, 4, 127, 131
537012.5.peg.4879.site.71, 4, 126, 130
537012.5.peg.4879.site.72, 7, 129, 136
537012.5.peg.4879.site.73, 6, 127, 133
537012.5.peg.4879.site.74, 6, 129, 135
537012.5.peg.4878.site.1, 6, 125, 131
537012.5.peg.4878.site.2, 7, 126, 133
537012.5.peg.4878.site.3, 0, 127, 127
537012.5.peg.4878.site.4, 6, 126, 132
537012.5.peg.4878.site.5, 5, 124, 129
537012.5.peg.4878.site.6, 8, 126, 134
537012.5.peg.4878.site.7, 72, 124, 196
537012.5.peg.4878.site.8, 0, 124, 124
537012.5.peg.4878.site.9, 2, 121, 123
537012.5.peg.4878.site.10, 69, 122, 191
537012.5.peg.4878.site.11, 1, 123, 124
537012.5.peg.4878.site.12, 3, 122, 125
537012.5.peg.4878.site.13, 1, 124, 125
537012.5.peg.4878.site.14, 0, 120, 120
537012.5.peg.4878.site.15, 6, 122, 128
537012.5.peg.4878.site.16, 3, 130, 133
537012.5.peg.4878.site.17, 3, 129, 132
537012.5.peg.4878.site.18, 1, 128, 129
537012.5.peg.4878.site.19, 7, 128, 135
537012.5.peg.4878.site.20, 0, 127, 127
537012.5.peg.4878.site.21, 4, 127, 131
537012.5.peg.4878.site.22, 7, 128, 135
537012.5.peg.4878.site.23, 1, 128, 129
537012.5.peg.4878.site.24, 1, 128, 129
537012.5.peg.4878.site.25, 0, 127, 127
537012.5.peg.4878.site.26, 26, 127, 153
537012.5.peg.4878.site.27, 1, 129, 130
537012.5.peg.4878.site.28, 1, 128, 129
537012.5.peg.4878.site.29, 1, 128, 129
537012.5.peg.4878.site.30, 34, 129, 163
537012.5.peg.4878.site.31, 7, 133, 140
537012.5.peg.4878.site.32, 24, 131, 155
537012.5.peg.4878.site.33, 1, 132, 133
537012.5.peg.4878.site.34, 6, 133, 139
537012.5.peg.4878.site.35, 8, 131, 139
537012.5.peg.4878.site.36, 14, 124, 138
537012.5.peg.4875.site.1, 6, 132, 138
537012.5.peg.4875.site.2, 7, 131, 138
537012.5.peg.4875.site.3, 2, 129, 131
537012.5.peg.4875.site.4, 6, 125, 131
537012.5.peg.4875.site.5, 3, 130, 133
537012.5.peg.4875.site.6, 3, 126, 129
537012.5.peg.4875.site.7, 0, 123, 123
537012.5.peg.4875.site.8, 2, 124, 126
537012.5.peg.4875.site.9, 1, 124, 125
537012.5.peg.4875.site.10, 43, 121, 164
537012.5.peg.4875.site.11, 2, 125, 127
537012.5.peg.4875.site.12, 3, 124, 127
537012.5.peg.4875.site.13, 9, 130, 139
537012.5.peg.4875.site.14, 10, 130, 140
537012.5.peg.4875.site.15, 0, 132, 132
537012.5.peg.4875.site.16, 6, 132, 138
537012.5.peg.4875.site.17, 4, 131, 135
537012.5.peg.4875.site.18, 0, 132, 132
537012.5.peg.4875.site.19, 4, 131, 135
537012.5.peg.4875.site.20, 99, 133, 232
537012.5.peg.4875.site.21, 7, 133, 140
537012.5.peg.4875.site.22, 13, 133, 146
537012.5.peg.4875.site.23, 5, 132, 137
537012.5.peg.4875.site.24, 0, 132, 132
537012.5.peg.4875.site.25, 0, 132, 132
537012.5.peg.4875.site.26, 2, 129, 131
537012.5.peg.4875.site.27, 5, 130, 135
537012.5.peg.4875.site.28, 41, 128, 169
537012.5.peg.4875.site.29, 24, 124, 148
537012.5.peg.4875.site.30, 10, 122, 132
537012.5.peg.4875.site.31, 10, 122, 132
537012.5.peg.4875.site.32, 1, 128, 129
537012.5.peg.4875.site.33, 4, 131, 135
537012.5.peg.4875.site.34, 4, 131, 135
537012.5.peg.4875.site.35, 0, 131, 131
537012.5.peg.4875.site.36, 0, 131, 131
537012.5.peg.4875.site.37, 0, 133, 133
537012.5.peg.4875.site.38, 4, 130, 134
537012.5.peg.4875.site.39, 0, 132, 132
537012.5.peg.4875.site.40, 0, 131, 131
537012.5.peg.4875.site.41, 2, 128, 130
537012.5.peg.4875.site.42, 0, 131, 131
537012.5.peg.4875.site.43, 7, 130, 137
537012.5.peg.4875.site.44, 6, 126, 132
537012.5.peg.4875.site.45, 3, 124, 127
537012.5.peg.4875.site.46, 2, 124, 126
537012.5.peg.4875.site.47, 2, 118, 120
537012.5.peg.4875.site.48, 2, 123, 125
537012.5.peg.4877.site.1, 3, 123, 126
537012.5.peg.4877.site.2, 1, 125, 126
537012.5.peg.4877.site.3, 6, 127, 133
537012.5.peg.4877.site.4, 25, 129, 154
537012.5.peg.4877.site.5, 7, 130, 137
537012.5.peg.4877.site.6, 7, 130, 137
537012.5.peg.4877.site.7, 4, 127, 131
537012.5.peg.4877.site.8, 2, 123, 125
537012.5.peg.4877.site.9, 29, 123, 152
537012.5.peg.4877.site.10, 0, 123, 123
537012.5.peg.4877.site.11, 1, 129, 130
537012.5.peg.4877.site.12, 1, 130, 131
537012.5.peg.4877.site.13, 38, 130, 168
537012.5.peg.4877.site.14, 4, 131, 135
537012.5.peg.4877.site.15, 2, 130, 132
537012.5.peg.4877.site.16, 0, 131, 131
537012.5.peg.4877.site.17, 7, 128, 135
537012.5.peg.4877.site.18, 8, 129, 137
537012.5.peg.4877.site.19, 6, 132, 138
537012.5.peg.4877.site.20, 3, 130, 133
537012.5.peg.4877.site.21, 2, 128, 130
537012.5.peg.4877.site.22, 4, 131, 135
537012.5.peg.4877.site.23, 10, 128, 138
537012.5.peg.4877.site.24, 3, 130, 133
537012.5.peg.4877.site.25, 2, 132, 134
537012.5.peg.4877.site.26, 7, 132, 139
537012.5.peg.4877.site.27, 6, 132, 138
537012.5.peg.4877.site.28, 0, 132, 132
537012.5.peg.4877.site.29, 3, 130, 133
537012.5.peg.4877.site.30, 3, 132, 135
537012.5.peg.4877.site.31, 3, 131, 134
537012.5.peg.4877.site.32, 5, 127, 132
537012.5.peg.4877.site.33, 0, 128, 128
537012.5.peg.4877.site.34, 1, 128, 129
537012.5.peg.4877.site.35, 3, 130, 133
537012.5.peg.4877.site.36, 89, 129, 218
537012.5.peg.4877.site.37, 16, 129, 145
537012.5.peg.4877.site.38, 1, 123, 124
537012.5.peg.4877.site.39, 1, 122, 123
537012.5.peg.4877.site.40, 8, 122, 130
537012.5.peg.4877.site.41, 2, 121, 123
537012.5.peg.4877.site.42, 0, 122, 122
537012.5.peg.4877.site.43, 3, 125, 128
537012.5.peg.4877.site.44, 2, 115, 117
537012.5.peg.4877.site.45, 2, 107, 109
537012.5.peg.4877.site.46, 4, 77, 81
537012.5.peg.3428.site.1, 8, 132, 140
537012.5.peg.3428.site.2, 1, 129, 130
537012.5.peg.3428.site.3, 48, 132, 180
537012.5.peg.3428.site.4, 2, 133, 135
537012.5.peg.3428.site.5, 11, 131, 142
537012.5.peg.3428.site.6, 2, 134, 136
537012.5.peg.3428.site.7, 1, 134, 135
537012.5.peg.3428.site.8, 3, 131, 134
537012.5.peg.3428.site.9, 128, 134, 262
537012.5.peg.3428.site.10, 5, 133, 138
537012.5.peg.3428.site.11, 3, 131, 134
537012.5.peg.3428.site.12, 3, 131, 134
537012.5.peg.3428.site.13, 4, 132, 136
537012.5.peg.3428.site.14, 4, 132, 136
537012.5.peg.3428.site.15, 11, 132, 143
537012.5.peg.3428.site.16, 6, 132, 138
537012.5.peg.3428.site.17, 6, 134, 140
537012.5.peg.3428.site.18, 4, 131, 135
537012.5.peg.3428.site.19, 4, 131, 135
537012.5.peg.3428.site.20, 0, 133, 133
537012.5.peg.3428.site.21, 107, 132, 239
537012.5.peg.3428.site.22, 11, 130, 141
537012.5.peg.3428.site.23, 16, 134, 150
537012.5.peg.3428.site.24, 12, 133, 145
537012.5.peg.3428.site.25, 7, 134, 141
537012.5.peg.3428.site.26, 17, 133, 150
537012.5.peg.3428.site.27, 12, 131, 143
537012.5.peg.3428.site.28, 7, 134, 141
537012.5.peg.3428.site.29, 53, 131, 184
537012.5.peg.3428.site.30, 1, 134, 135
537012.5.peg.3428.site.31, 12, 133, 145
537012.5.peg.3428.site.32, 77, 130, 207
537012.5.peg.3428.site.33, 1, 128, 129
537012.5.peg.3428.site.34, 17, 134, 151
537012.5.peg.3428.site.35, 12, 133, 145
537012.5.peg.3428.site.36, 24, 132, 156
537012.5.peg.3428.site.37, 1, 133, 134
537012.5.peg.3428.site.38, 3, 133, 136
537012.5.peg.3428.site.39, 2, 131, 133
537012.5.peg.3428.site.40, 3, 131, 134
537012.5.peg.3428.site.41, 2, 134, 136
537012.5.peg.3428.site.42, 30, 133, 163
537012.5.peg.3428.site.43, 2, 133, 135
537012.5.peg.3428.site.44, 46, 133, 179
537012.5.peg.3428.site.45, 9, 134, 143
537012.5.peg.3428.site.46, 10, 133, 143
537012.5.peg.3428.site.47, 8, 134, 142
537012.5.peg.3428.site.48, 1, 133, 134
537012.5.peg.3428.site.49, 14, 134, 148
537012.5.peg.3428.site.50, 2, 134, 136
537012.5.peg.3428.site.51, 1, 134, 135
537012.5.peg.3428.site.52, 0, 134, 134
537012.5.peg.3428.site.53, 1, 134, 135
537012.5.peg.3428.site.54, 12, 132, 144
537012.5.peg.3428.site.55, 23, 133, 156
537012.5.peg.3428.site.56, 14, 133, 147
537012.5.peg.3428.site.57, 12, 133, 145
537012.5.peg.3428.site.58, 1, 133, 134
537012.5.peg.3428.site.59, 5, 133, 138
537012.5.peg.3428.site.60, 1, 134, 135
537012.5.peg.3428.site.61, 1, 134, 135
537012.5.peg.3428.site.62, 120, 133, 253
537012.5.peg.3428.site.63, 6, 134, 140
537012.5.peg.3428.site.64, 1, 134, 135
537012.5.peg.3428.site.65, 3, 134, 137
537012.5.peg.3428.site.66, 6, 134, 140
537012.5.peg.3428.site.67, 6, 134, 140
537012.5.peg.3428.site.68, 1, 133, 134
537012.5.peg.3428.site.69, 2, 128, 130
537012.5.peg.3428.site.70, 10, 128, 138
537012.5.peg.3428.site.71, 0, 127, 127
537012.5.peg.3428.site.72, 2, 128, 130
537012.5.peg.3428.site.73, 1, 128, 129
537012.5.peg.3428.site.74, 1, 127, 128
537012.5.peg.3428.site.75, 5, 125, 130
537012.5.peg.3428.site.76, 2, 133, 135
537012.5.peg.3428.site.77, 12, 133, 145
537012.5.peg.3428.site.78, 12, 133, 145
537012.5.peg.3428.site.79, 5, 133, 138
537012.5.peg.3428.site.80, 11, 132, 143
537012.5.peg.3428.site.81, 3, 130, 133
537012.5.peg.3428.site.82, 6, 134, 140
537012.5.peg.3428.site.83, 5, 131, 136
537012.5.peg.3428.site.84, 1, 129, 130
537012.5.peg.3428.site.85, 11, 126, 137
537012.5.peg.3428.site.86, 32, 123, 155
537012.5.peg.3428.site.87, 4, 123, 127
537012.5.peg.3428.site.88, 96, 122, 218
537012.5.peg.3428.site.89, 4, 123, 127
537012.5.peg.3428.site.90, 7, 128, 135
537012.5.peg.3428.site.91, 1, 128, 129
537012.5.peg.3428.site.92, 1, 129, 130
537012.5.peg.3428.site.93, 7, 130, 137
537012.5.peg.3428.site.94, 6, 130, 136
537012.5.peg.3428.site.95, 2, 131, 133
537012.5.peg.3428.site.96, 1, 130, 131
537012.5.peg.3428.site.97, 7, 134, 141
537012.5.peg.3428.site.98, 30, 133, 163
537012.5.peg.3428.site.99, 1, 134, 135
537012.5.peg.3428.site.100, 1, 134, 135
537012.5.peg.3428.site.101, 3, 127, 130
537012.5.peg.3428.site.102, 4, 94, 98
537012.5.peg.4871.site.1, 3, 119, 122
537012.5.peg.4871.site.2, 0, 120, 120
537012.5.peg.4871.site.3, 7, 121, 128
537012.5.peg.4871.site.4, 6, 120, 126
537012.5.peg.4871.site.5, 5, 116, 121
537012.5.peg.4871.site.6, 2, 122, 124
537012.5.peg.4871.site.7, 3, 123, 126
537012.5.peg.4871.site.8, 4, 125, 129
537012.5.peg.4871.site.9, 5, 125, 130
537012.5.peg.4871.site.10, 7, 129, 136
537012.5.peg.4871.site.11, 66, 129, 195
537012.5.peg.4871.site.12, 0, 129, 129
537012.5.peg.4871.site.13, 8, 129, 137
537012.5.peg.4871.site.14, 2, 128, 130
537012.5.peg.4871.site.15, 46, 126, 172
537012.5.peg.4870.site.1, 1, 125, 126
537012.5.peg.4870.site.2, 38, 127, 165
537012.5.peg.4870.site.3, 0, 127, 127
537012.5.peg.4870.site.4, 4, 126, 130
537012.5.peg.4870.site.5, 4, 124, 128
537012.5.peg.4870.site.6, 8, 124, 132
537012.5.peg.4870.site.7, 2, 122, 124
537012.5.peg.4870.site.8, 1, 125, 126
537012.5.peg.4870.site.9, 1, 123, 124
537012.5.peg.4870.site.10, 2, 124, 126
537012.5.peg.4870.site.11, 24, 125, 149
537012.5.peg.4870.site.12, 4, 125, 129
537012.5.peg.4870.site.13, 46, 126, 172
537012.5.peg.4870.site.14, 30, 126, 156
537012.5.peg.4870.site.15, 6, 126, 132
537012.5.peg.4870.site.16, 3, 126, 129
537012.5.peg.4870.site.17, 4, 123, 127
537012.5.peg.4870.site.18, 5, 126, 131
537012.5.peg.4870.site.19, 5, 125, 130
537012.5.peg.4870.site.20, 0, 126, 126
537012.5.peg.4870.site.21, 1, 123, 124
537012.5.peg.4870.site.22, 2, 127, 129
537012.5.peg.4870.site.23, 43, 124, 167
537012.5.peg.4870.site.24, 1, 125, 126
537012.5.peg.4870.site.25, 1, 122, 123
537012.5.peg.4870.site.26, 2, 123, 125
537012.5.peg.4870.site.27, 24, 125, 149
537012.5.peg.4870.site.28, 4, 124, 128
537012.5.peg.4870.site.29, 4, 121, 125
537012.5.peg.4870.site.30, 13, 124, 137
537012.5.peg.4870.site.31, 0, 125, 125
537012.5.peg.4870.site.32, 110, 125, 235
537012.5.peg.4870.site.33, 3, 125, 128
537012.5.peg.4870.site.34, 2, 122, 124
537012.5.peg.4870.site.35, 1, 121, 122
537012.5.peg.4870.site.36, 1, 121, 122
537012.5.peg.4870.site.37, 1, 122, 123
537012.5.peg.4870.site.38, 2, 127, 129
537012.5.peg.4870.site.39, 3, 123, 126
537012.5.peg.4870.site.40, 119, 125, 244
537012.5.peg.4870.site.41, 71, 123, 194
537012.5.peg.4870.site.42, 33, 125, 158
537012.5.peg.4870.site.43, 24, 126, 150
537012.5.peg.4870.site.44, 20, 126, 146
537012.5.peg.4870.site.45, 20, 122, 142
537012.5.peg.4870.site.46, 1, 124, 125
537012.5.peg.4870.site.47, 1, 124, 125
537012.5.peg.4870.site.48, 2, 122, 124
537012.5.peg.4870.site.49, 1, 124, 125
537012.5.peg.4870.site.50, 2, 124, 126
537012.5.peg.4870.site.51, 50, 127, 177
537012.5.peg.4870.site.52, 23, 124, 147
537012.5.peg.4870.site.53, 0, 125, 125
537012.5.peg.4870.site.54, 5, 127, 132
537012.5.peg.4870.site.55, 4, 125, 129
537012.5.peg.4870.site.56, 1, 122, 123
537012.5.peg.4870.site.57, 0, 122, 122
537012.5.peg.4870.site.58, 1, 123, 124
537012.5.peg.4870.site.59, 1, 122, 123
537012.5.peg.4870.site.60, 2, 123, 125
537012.5.peg.4870.site.61, 2, 123, 125
537012.5.peg.4870.site.62, 2, 124, 126
537012.5.peg.4870.site.63, 1, 123, 124
537012.5.peg.1689.site.1, 1, 104, 105
537012.5.peg.1689.site.2, 10, 95, 105
537012.5.peg.1689.site.3, 0, 86, 86
537012.5.peg.1689.site.4, 3, 79, 82
537012.5.peg.1689.site.5, 1, 79, 80
537012.5.peg.1689.site.6, 1, 86, 87
537012.5.peg.1689.site.7, 1, 86, 87
537012.5.peg.1689.site.8, 2, 87, 89
537012.5.peg.1689.site.9, 2, 85, 87
537012.5.peg.1689.site.10, 0, 116, 116
537012.5.peg.1689.site.11, 0, 114, 114
537012.5.peg.1689.site.12, 1, 102, 103
537012.5.peg.1689.site.13, 13, 102, 115
537012.5.peg.1689.site.14, 0, 102, 102
537012.5.peg.1689.site.15, 8, 92, 100
537012.5.peg.1689.site.16, 48, 92, 140
537012.5.peg.1689.site.17, 73, 93, 166
537012.5.peg.1689.site.18, 0, 96, 96
537012.5.peg.1689.site.19, 2, 113, 115
537012.5.peg.1689.site.20, 5, 122, 127
537012.5.peg.1689.site.21, 7, 127, 134
537012.5.peg.1689.site.22, 18, 131, 149
537012.5.peg.1689.site.23, 18, 131, 149
537012.5.peg.1689.site.24, 6, 132, 138
537012.5.peg.1689.site.25, 2, 130, 132
537012.5.peg.1689.site.26, 5, 130, 135
537012.5.peg.1689.site.27, 25, 126, 151
537012.5.peg.1689.site.28, 66, 127, 193
537012.5.peg.1689.site.29, 3, 132, 135
537012.5.peg.1689.site.30, 13, 133, 146
537012.5.peg.1689.site.31, 25, 131, 156
537012.5.peg.1689.site.32, 3, 131, 134
537012.5.peg.1688.site.1, 39, 112, 151
537012.5.peg.1688.site.2, 0, 126, 126
537012.5.peg.1688.site.3, 78, 125, 203
537012.5.peg.1688.site.4, 2, 127, 129
537012.5.peg.1688.site.5, 1, 127, 128
537012.5.peg.1688.site.6, 3, 126, 129
537012.5.peg.1688.site.7, 4, 126, 130
537012.5.peg.1688.site.8, 3, 130, 133
537012.5.peg.1688.site.9, 13, 130, 143
537012.5.peg.1688.site.10, 59, 124, 183
537012.5.peg.1688.site.11, 5, 124, 129
537012.5.peg.1688.site.12, 37, 124, 161
537012.5.peg.1688.site.13, 4, 132, 136
537012.5.peg.1688.site.14, 1, 128, 129
537012.5.peg.1688.site.15, 1, 129, 130
537012.5.peg.1688.site.16, 9, 127, 136
537012.5.peg.1688.site.17, 1, 129, 130
537012.5.peg.1688.site.18, 5, 132, 137
537012.5.peg.1688.site.19, 3, 130, 133
537012.5.peg.1688.site.20, 1, 127, 128
537012.5.peg.1688.site.21, 3, 102, 105
537012.5.peg.1688.site.22, 0, 80, 80
537012.5.peg.1688.site.23, 2, 78, 80
537012.5.peg.1688.site.24, 29, 77, 106
537012.5.peg.1688.site.25, 2, 79, 81
537012.5.peg.1688.site.26, 8, 79, 87
537012.5.peg.1688.site.27, 10, 77, 87
537012.5.peg.1688.site.28, 8, 77, 85
537012.5.peg.1688.site.29, 5, 75, 80
537012.5.peg.1688.site.30, 1, 76, 77
537012.5.peg.1688.site.31, 0, 103, 103
537012.5.peg.1688.site.32, 6, 100, 106
537012.5.peg.1688.site.33, 1, 103, 104
537012.5.peg.1688.site.34, 1, 104, 105
537012.5.peg.1688.site.35, 10, 103, 113
537012.5.peg.1688.site.36, 0, 104, 104
537012.5.peg.1688.site.37, 19, 101, 120
537012.5.peg.1688.site.38, 1, 104, 105
537012.5.peg.1688.site.39, 1, 106, 107
537012.5.peg.1688.site.40, 4, 108, 112
537012.5.peg.1688.site.41, 0, 111, 111
537012.5.peg.1688.site.42, 0, 113, 113
537012.5.peg.1688.site.43, 1, 113, 114
537012.5.peg.1688.site.44, 1, 109, 110
537012.5.peg.1688.site.45, 2, 110, 112
537012.5.peg.1688.site.46, 4, 111, 115
537012.5.peg.1685.site.1, 3, 119, 122
537012.5.peg.1685.site.2, 15, 120, 135
537012.5.peg.1685.site.3, 2, 120, 122
537012.5.peg.1685.site.4, 40, 121, 161
537012.5.peg.1685.site.5, 88, 120, 208
537012.5.peg.1685.site.6, 39, 122, 161
537012.5.peg.1685.site.7, 3, 123, 126
537012.5.peg.1685.site.8, 21, 123, 144
537012.5.peg.1685.site.9, 1, 123, 124
537012.5.peg.1685.site.10, 17, 123, 140
537012.5.peg.1685.site.11, 4, 122, 126
537012.5.peg.1685.site.12, 4, 121, 125
537012.5.peg.1685.site.13, 7, 122, 129
537012.5.peg.1685.site.14, 4, 122, 126
537012.5.peg.1685.site.15, 101, 121, 222
537012.5.peg.1685.site.16, 3, 122, 125
537012.5.peg.1685.site.17, 3, 122, 125
537012.5.peg.1685.site.18, 14, 121, 135
537012.5.peg.1685.site.19, 28, 123, 151
537012.5.peg.1685.site.20, 3, 123, 126
537012.5.peg.1685.site.21, 13, 121, 134
537012.5.peg.1685.site.22, 0, 123, 123
537012.5.peg.1685.site.23, 2, 123, 125
537012.5.peg.1685.site.24, 3, 120, 123
537012.5.peg.1685.site.25, 4, 123, 127
537012.5.peg.1686.site.1, 5, 121, 126
537012.5.peg.1686.site.2, 1, 122, 123
537012.5.peg.1686.site.3, 40, 122, 162
537012.5.peg.1686.site.4, 2, 122, 124
537012.5.peg.1686.site.5, 56, 122, 178
537012.5.peg.1686.site.6, 2, 123, 125
537012.5.peg.1686.site.7, 3, 123, 126
537012.5.peg.1686.site.8, 55, 122, 177
537012.5.peg.1686.site.9, 1, 124, 125
537012.5.peg.1686.site.10, 0, 124, 124
537012.5.peg.1686.site.11, 25, 124, 149
537012.5.peg.1686.site.12, 1, 124, 125
537012.5.peg.1686.site.13, 111, 123, 234
537012.5.peg.1686.site.14, 59, 123, 182
537012.5.peg.1686.site.15, 3, 124, 127
537012.5.peg.1686.site.16, 1, 124, 125
537012.5.peg.1686.site.17, 1, 123, 124
537012.5.peg.1686.site.18, 39, 122, 161
537012.5.peg.1686.site.19, 1, 124, 125
537012.5.peg.1686.site.20, 1, 124, 125
537012.5.peg.1686.site.21, 1, 124, 125
537012.5.peg.1686.site.22, 5, 124, 129
537012.5.peg.1686.site.23, 1, 124, 125
537012.5.peg.1686.site.24, 10, 124, 134
537012.5.peg.1686.site.25, 8, 123, 131
537012.5.peg.1686.site.26, 1, 123, 124
537012.5.peg.1686.site.27, 9, 123, 132
537012.5.peg.1686.site.28, 3, 123, 126
537012.5.peg.1686.site.29, 1, 122, 123
537012.5.peg.1686.site.30, 3, 122, 125
537012.5.peg.1686.site.31, 1, 122, 123
537012.5.peg.1686.site.32, 2, 122, 124
537012.5.peg.1686.site.33, 3, 122, 125
537012.5.peg.1686.site.34, 61, 122, 183
537012.5.peg.1686.site.35, 26, 121, 147
537012.5.peg.1686.site.36, 26, 122, 148
537012.5.peg.1686.site.37, 1, 123, 124
537012.5.peg.1686.site.38, 1, 123, 124
537012.5.peg.1686.site.39, 4, 123, 127
537012.5.peg.1686.site.40, 3, 122, 125
537012.5.peg.1686.site.41, 0, 123, 123
537012.5.peg.1686.site.42, 1, 123, 124
537012.5.peg.1686.site.43, 93, 120, 213
537012.5.peg.1686.site.44, 1, 69, 70
537012.5.peg.1686.site.45, 9, 119, 128
537012.5.peg.1686.site.46, 1, 120, 121
537012.5.peg.1686.site.47, 120, 122, 242
537012.5.peg.1686.site.48, 9, 122, 131
537012.5.peg.1686.site.49, 0, 122, 122
537012.5.peg.1686.site.50, 3, 122, 125
537012.5.peg.1686.site.51, 2, 122, 124
537012.5.peg.1686.site.52, 45, 122, 167
537012.5.peg.1686.site.53, 42, 122, 164
537012.5.peg.1686.site.54, 11, 123, 134
537012.5.peg.1686.site.55, 121, 123, 244
537012.5.peg.1686.site.56, 3, 122, 125
537012.5.peg.1686.site.57, 1, 122, 123
537012.5.peg.1686.site.58, 9, 122, 131
537012.5.peg.1686.site.59, 24, 122, 146
537012.5.peg.1686.site.60, 2, 122, 124
537012.5.peg.1686.site.61, 6, 123, 129
537012.5.peg.1686.site.62, 31, 122, 153
537012.5.peg.1686.site.63, 19, 122, 141
537012.5.peg.1686.site.64, 1, 122, 123
537012.5.peg.1686.site.65, 113, 122, 235
537012.5.peg.1686.site.66, 30, 121, 151
537012.5.peg.1686.site.67, 3, 123, 126
537012.5.peg.1686.site.68, 1, 123, 124
537012.5.peg.1686.site.69, 3, 123, 126
537012.5.peg.1686.site.70, 8, 123, 131
537012.5.peg.1686.site.71, 11, 123, 134
537012.5.peg.1686.site.72, 25, 122, 147
537012.5.peg.1686.site.73, 3, 123, 126
537012.5.peg.1686.site.74, 0, 123, 123
537012.5.peg.1686.site.75, 4, 123, 127
537012.5.peg.1686.site.76, 24, 123, 147
537012.5.peg.1686.site.77, 0, 122, 122
537012.5.peg.1686.site.78, 37, 123, 160
537012.5.peg.1686.site.79, 21, 123, 144
537012.5.peg.1686.site.80, 12, 121, 133
537012.5.peg.1686.site.81, 121, 122, 243
537012.5.peg.1686.site.82, 5, 123, 128
537012.5.peg.1686.site.83, 87, 122, 209
537012.5.peg.1686.site.84, 1, 123, 124
537012.5.peg.1686.site.85, 1, 123, 124
537012.5.peg.1686.site.86, 1, 122, 123
537012.5.peg.1686.site.87, 84, 121, 205
537012.5.peg.1686.site.88, 4, 123, 127
537012.5.peg.1686.site.89, 1, 123, 124
537012.5.peg.1686.site.90, 4, 123, 127
537012.5.peg.1686.site.91, 1, 122, 123
537012.5.peg.1686.site.92, 18, 121, 139
537012.5.peg.1686.site.93, 21, 121, 142
537012.5.peg.1686.site.94, 14, 123, 137
537012.5.peg.1686.site.95, 3, 123, 126
537012.5.peg.1686.site.96, 53, 123, 176
537012.5.peg.1686.site.97, 1, 123, 124
537012.5.peg.1779.site.1, 17, 128, 145
537012.5.peg.1779.site.2, 8, 129, 137
537012.5.peg.1779.site.3, 3, 131, 134
537012.5.peg.1779.site.4, 1, 128, 129
537012.5.peg.1779.site.5, 1, 128, 129
537012.5.peg.1779.site.6, 5, 130, 135
537012.5.peg.1779.site.7, 1, 133, 134
537012.5.peg.1779.site.8, 7, 134, 141
537012.5.peg.1779.site.9, 4, 132, 136
537012.5.peg.1779.site.10, 1, 134, 135
537012.5.peg.1779.site.11, 11, 130, 141
537012.5.peg.1779.site.12, 1, 134, 135
537012.5.peg.1779.site.13, 4, 132, 136
537012.5.peg.1779.site.14, 4, 132, 136
537012.5.peg.1779.site.15, 116, 131, 247
537012.5.peg.1779.site.16, 2, 134, 136
537012.5.peg.1779.site.17, 1, 134, 135
537012.5.peg.1779.site.18, 11, 132, 143
537012.5.peg.1779.site.19, 1, 134, 135
537012.5.peg.1779.site.20, 0, 133, 133
537012.5.peg.1779.site.21, 6, 134, 140
537012.5.peg.1779.site.22, 11, 133, 144
537012.5.peg.1779.site.23, 1, 134, 135
537012.5.peg.1779.site.24, 7, 134, 141
537012.5.peg.1779.site.25, 3, 134, 137
537012.5.peg.1779.site.26, 3, 134, 137
537012.5.peg.1779.site.27, 1, 134, 135
537012.5.peg.1779.site.28, 3, 133, 136
537012.5.peg.1779.site.29, 11, 131, 142
537012.5.peg.1779.site.30, 5, 133, 138
537012.5.peg.1779.site.31, 6, 133, 139
537012.5.peg.1779.site.32, 12, 133, 145
537012.5.peg.1779.site.33, 6, 133, 139
537012.5.peg.1779.site.34, 6, 134, 140
537012.5.peg.1779.site.35, 25, 133, 158
537012.5.peg.1779.site.36, 12, 134, 146
537012.5.peg.1779.site.37, 2, 134, 136
537012.5.peg.1779.site.38, 7, 134, 141
537012.5.peg.1779.site.39, 1, 134, 135
537012.5.peg.1779.site.40, 5, 133, 138
537012.5.peg.1779.site.41, 2, 133, 135
537012.5.peg.1779.site.42, 4, 134, 138
537012.5.peg.1779.site.43, 0, 134, 134
537012.5.peg.1778.site.1, 0, 134, 134
537012.5.peg.1778.site.2, 3, 134, 137
537012.5.peg.1778.site.3, 3, 134, 137
537012.5.peg.1778.site.4, 31, 134, 165
537012.5.peg.1778.site.5, 5, 133, 138
537012.5.peg.1778.site.6, 31, 133, 164
537012.5.peg.1778.site.7, 5, 133, 138
537012.5.peg.1778.site.8, 22, 133, 155
537012.5.peg.1778.site.9, 19, 134, 153
537012.5.peg.1778.site.10, 2, 134, 136
537012.5.peg.1778.site.11, 20, 133, 153
537012.5.peg.1778.site.12, 10, 132, 142
537012.5.peg.1778.site.13, 1, 134, 135
537012.5.peg.1778.site.14, 3, 133, 136
537012.5.peg.1778.site.15, 3, 133, 136
537012.5.peg.1778.site.16, 3, 133, 136
537012.5.peg.1778.site.17, 1, 133, 134
537012.5.peg.1778.site.18, 1, 133, 134
537012.5.peg.1778.site.19, 8, 129, 137
537012.5.peg.1778.site.20, 3, 133, 136
537012.5.peg.1778.site.21, 6, 134, 140
537012.5.peg.1778.site.22, 13, 133, 146
537012.5.peg.1778.site.23, 1, 134, 135
537012.5.peg.1771.site.1, 2, 115, 117
537012.5.peg.1771.site.2, 13, 112, 125
537012.5.peg.1771.site.3, 0, 114, 114
537012.5.peg.1771.site.4, 7, 115, 122
537012.5.peg.1771.site.5, 5, 114, 119
537012.5.peg.1771.site.6, 16, 114, 130
537012.5.peg.1771.site.7, 11, 112, 123
537012.5.peg.1771.site.8, 1, 101, 102
537012.5.peg.1771.site.9, 1, 99, 100
537012.5.peg.1771.site.10, 3, 101, 104
537012.5.peg.1771.site.11, 4, 101, 105
537012.5.peg.1771.site.12, 0, 104, 104
537012.5.peg.1771.site.13, 1, 107, 108
537012.5.peg.1771.site.14, 0, 106, 106
537012.5.peg.1771.site.15, 2, 107, 109
537012.5.peg.1771.site.16, 2, 111, 113
537012.5.peg.1771.site.17, 3, 114, 117
537012.5.peg.1771.site.18, 0, 122, 122
537012.5.peg.1771.site.19, 8, 124, 132
537012.5.peg.1771.site.20, 2, 122, 124
537012.5.peg.1771.site.21, 2, 123, 125
537012.5.peg.1771.site.22, 2, 124, 126
537012.5.peg.1771.site.23, 2, 123, 125
537012.5.peg.1771.site.24, 3, 122, 125
537012.5.peg.1771.site.25, 1, 121, 122
537012.5.peg.1771.site.26, 3, 117, 120
537012.5.peg.1771.site.27, 0, 113, 113
537012.5.peg.1771.site.28, 3, 90, 93
537012.5.peg.1771.site.29, 54, 105, 159
537012.5.peg.1771.site.30, 56, 106, 162
537012.5.peg.1771.site.31, 3, 116, 119
537012.5.peg.1771.site.32, 3, 118, 121
537012.5.peg.1771.site.33, 67, 117, 184
537012.5.peg.1771.site.34, 1, 123, 124
537012.5.peg.1771.site.35, 43, 122, 165
537012.5.peg.1773.site.1, 3, 105, 108
537012.5.peg.1773.site.2, 3, 128, 131
537012.5.peg.1773.site.3, 4, 127, 131
537012.5.peg.1773.site.4, 0, 126, 126
537012.5.peg.1773.site.5, 0, 125, 125
537012.5.peg.1773.site.6, 0, 125, 125
537012.5.peg.1773.site.7, 6, 124, 130
537012.5.peg.1773.site.8, 0, 126, 126
537012.5.peg.1773.site.9, 2, 126, 128
537012.5.peg.1773.site.10, 2, 128, 130
537012.5.peg.1773.site.11, 4, 126, 130
537012.5.peg.1773.site.12, 1, 131, 132
537012.5.peg.1773.site.13, 3, 130, 133
537012.5.peg.1773.site.14, 4, 129, 133
537012.5.peg.1773.site.15, 0, 131, 131
537012.5.peg.1773.site.16, 2, 131, 133
537012.5.peg.1773.site.17, 3, 131, 134
537012.5.peg.1773.site.18, 10, 129, 139
537012.5.peg.1772.site.1, 1, 123, 124
537012.5.peg.1772.site.2, 1, 123, 124
537012.5.peg.1772.site.3, 49, 123, 172
537012.5.peg.1772.site.4, 1, 124, 125
537012.5.peg.1772.site.5, 68, 124, 192
537012.5.peg.1772.site.6, 5, 123, 128
537012.5.peg.1772.site.7, 51, 122, 173
537012.5.peg.1772.site.8, 0, 124, 124
537012.5.peg.1772.site.9, 1, 122, 123
537012.5.peg.1772.site.10, 31, 122, 153
537012.5.peg.1772.site.11, 1, 120, 121
537012.5.peg.1772.site.12, 0, 123, 123
537012.5.peg.1772.site.13, 97, 121, 218
537012.5.peg.1772.site.14, 1, 123, 124
537012.5.peg.1772.site.15, 1, 122, 123
537012.5.peg.1772.site.16, 1, 121, 122
537012.5.peg.1772.site.17, 1, 123, 124
537012.5.peg.1772.site.18, 3, 123, 126
537012.5.peg.1772.site.19, 0, 121, 121
537012.5.peg.1772.site.20, 0, 122, 122
537012.5.peg.1772.site.21, 80, 123, 203
537012.5.peg.1772.site.22, 23, 124, 147
537012.5.peg.1772.site.23, 1, 123, 124
537012.5.peg.1772.site.24, 3, 123, 126
537012.5.peg.1772.site.25, 1, 124, 125
537012.5.peg.1772.site.26, 1, 124, 125
537012.5.peg.1772.site.27, 8, 124, 132
537012.5.peg.1772.site.28, 5, 123, 128
537012.5.peg.1772.site.29, 1, 123, 124
537012.5.peg.1772.site.30, 1, 124, 125
537012.5.peg.1772.site.31, 1, 123, 124
537012.5.peg.1772.site.32, 1, 124, 125
537012.5.peg.1772.site.33, 1, 124, 125
537012.5.peg.1772.site.34, 3, 124, 127
537012.5.peg.1772.site.35, 1, 124, 125
537012.5.peg.1772.site.36, 2, 124, 126
537012.5.peg.1772.site.37, 1, 124, 125
537012.5.peg.1772.site.38, 2, 125, 127
537012.5.peg.1772.site.39, 1, 124, 125
537012.5.peg.1772.site.40, 1, 124, 125
537012.5.peg.1772.site.41, 1, 124, 125
537012.5.peg.1772.site.42, 3, 123, 126
537012.5.peg.1772.site.43, 0, 123, 123
537012.5.peg.1772.site.44, 5, 122, 127
537012.5.peg.1772.site.45, 1, 123, 124
537012.5.peg.1772.site.46, 20, 123, 143
537012.5.peg.1772.site.47, 1, 124, 125
537012.5.peg.1772.site.48, 88, 124, 212
537012.5.peg.1772.site.49, 87, 124, 211
537012.5.peg.1772.site.50, 91, 123, 214
537012.5.peg.1772.site.51, 86, 123, 209
537012.5.peg.1772.site.52, 94, 123, 217
537012.5.peg.1772.site.53, 3, 125, 128
537012.5.peg.1772.site.54, 3, 123, 126
537012.5.peg.1772.site.55, 1, 123, 124
537012.5.peg.1772.site.56, 15, 124, 139
537012.5.peg.1772.site.57, 2, 123, 125
537012.5.peg.1772.site.58, 43, 123, 166
537012.5.peg.1772.site.59, 31, 125, 156
537012.5.peg.1772.site.60, 39, 125, 164
537012.5.peg.1775.site.1, 75, 133, 208
537012.5.peg.1775.site.2, 4, 130, 134
537012.5.peg.1775.site.3, 0, 129, 129
537012.5.peg.1775.site.4, 3, 129, 132
537012.5.peg.1775.site.5, 1, 129, 130
537012.5.peg.1775.site.6, 17, 128, 145
537012.5.peg.1775.site.7, 1, 127, 128
537012.5.peg.1775.site.8, 1, 127, 128
537012.5.peg.1775.site.9, 6, 126, 132
537012.5.peg.1775.site.10, 1, 128, 129
537012.5.peg.1775.site.11, 5, 130, 135
537012.5.peg.1775.site.12, 9, 132, 141
537012.5.peg.1775.site.13, 9, 131, 140
537012.5.peg.1775.site.14, 1, 129, 130
537012.5.peg.1775.site.15, 7, 129, 136
537012.5.peg.1775.site.16, 8, 130, 138
537012.5.peg.1775.site.17, 5, 133, 138
537012.5.peg.1775.site.18, 37, 132, 169
537012.5.peg.1775.site.19, 1, 130, 131
537012.5.peg.1775.site.20, 2, 130, 132
537012.5.peg.1775.site.21, 1, 130, 131
537012.5.peg.1775.site.22, 1, 127, 128
537012.5.peg.1775.site.23, 2, 123, 125
537012.5.peg.1775.site.24, 94, 123, 217
537012.5.peg.1775.site.25, 12, 124, 136
537012.5.peg.1775.site.26, 40, 125, 165
537012.5.peg.1775.site.27, 35, 127, 162
537012.5.peg.1775.site.28, 37, 128, 165
537012.5.peg.1775.site.29, 7, 129, 136
537012.5.peg.1775.site.30, 5, 128, 133
537012.5.peg.1775.site.31, 3, 124, 127
537012.5.peg.1775.site.32, 36, 122, 158
537012.5.peg.1775.site.33, 5, 128, 133
537012.5.peg.1775.site.34, 45, 128, 173
537012.5.peg.1775.site.35, 7, 130, 137
537012.5.peg.1775.site.36, 13, 129, 142
537012.5.peg.1775.site.37, 7, 130, 137
537012.5.peg.1775.site.38, 6, 128, 134
537012.5.peg.1775.site.39, 11, 121, 132
537012.5.peg.1775.site.40, 14, 122, 136
537012.5.peg.1775.site.41, 6, 128, 134
537012.5.peg.1775.site.42, 1, 129, 130
537012.5.peg.1775.site.43, 18, 127, 145
537012.5.peg.1775.site.44, 45, 122, 167
537012.5.peg.1775.site.45, 2, 124, 126
537012.5.peg.1774.site.1, 33, 124, 157
537012.5.peg.1774.site.2, 81, 126, 207
537012.5.peg.1774.site.3, 5, 129, 134
537012.5.peg.1774.site.4, 35, 127, 162
537012.5.peg.1774.site.5, 4, 127, 131
537012.5.peg.1774.site.6, 2, 127, 129
537012.5.peg.1774.site.7, 14, 130, 144
537012.5.peg.1774.site.8, 31, 131, 162
537012.5.peg.1774.site.9, 3, 129, 132
537012.5.peg.1774.site.10, 12, 133, 145
537012.5.peg.1774.site.11, 2, 134, 136
537012.5.peg.1774.site.12, 7, 134, 141
537012.5.peg.1774.site.13, 5, 134, 139
537012.5.peg.1774.site.14, 3, 131, 134
537012.5.peg.1774.site.15, 3, 131, 134
537012.5.peg.1774.site.16, 2, 131, 133
537012.5.peg.1774.site.17, 2, 131, 133
537012.5.peg.1774.site.18, 103, 134, 237
537012.5.peg.1774.site.19, 11, 132, 143
537012.5.peg.1774.site.20, 6, 132, 138
537012.5.peg.1774.site.21, 10, 131, 141
537012.5.peg.1774.site.22, 5, 132, 137
537012.5.peg.1774.site.23, 6, 133, 139
537012.5.peg.1774.site.24, 6, 134, 140
537012.5.peg.1774.site.25, 9, 134, 143
537012.5.peg.1774.site.26, 1, 133, 134
537012.5.peg.1774.site.27, 10, 131, 141
537012.5.peg.1774.site.28, 5, 131, 136
537012.5.peg.1774.site.29, 1, 134, 135
537012.5.peg.1774.site.30, 8, 134, 142
537012.5.peg.1774.site.31, 1, 134, 135
537012.5.peg.1774.site.32, 8, 134, 142
537012.5.peg.1774.site.33, 5, 132, 137
537012.5.peg.1774.site.34, 4, 132, 136
537012.5.peg.1774.site.35, 2, 134, 136
537012.5.peg.1774.site.36, 25, 132, 157
537012.5.peg.1774.site.37, 8, 132, 140
537012.5.peg.1774.site.38, 1, 134, 135
537012.5.peg.1774.site.39, 2, 134, 136
537012.5.peg.1774.site.40, 3, 132, 135
537012.5.peg.1774.site.41, 1, 134, 135
537012.5.peg.1774.site.42, 3, 132, 135
537012.5.peg.1774.site.43, 6, 134, 140
537012.5.peg.1774.site.44, 6, 134, 140
537012.5.peg.1774.site.45, 3, 134, 137
537012.5.peg.1774.site.46, 6, 134, 140
537012.5.peg.1774.site.47, 4, 134, 138
537012.5.peg.1774.site.48, 3, 133, 136
537012.5.peg.1774.site.49, 5, 132, 137
537012.5.peg.1774.site.50, 6, 133, 139
537012.5.peg.1774.site.51, 11, 133, 144
537012.5.peg.1774.site.52, 7, 131, 138
537012.5.peg.1774.site.53, 3, 131, 134
537012.5.peg.1774.site.54, 4, 133, 137
537012.5.peg.1774.site.55, 5, 132, 137
537012.5.peg.1774.site.56, 4, 134, 138
537012.5.peg.1774.site.57, 4, 134, 138
537012.5.peg.1774.site.58, 1, 134, 135
537012.5.peg.1774.site.59, 4, 134, 138
537012.5.peg.1774.site.60, 5, 133, 138
537012.5.peg.1774.site.61, 0, 132, 132
537012.5.peg.1774.site.62, 4, 134, 138
537012.5.peg.1774.site.63, 3, 134, 137
537012.5.peg.1777.site.1, 0, 133, 133
537012.5.peg.1777.site.2, 85, 128, 213
537012.5.peg.1777.site.3, 1, 132, 133
537012.5.peg.1777.site.4, 0, 130, 130
537012.5.peg.1777.site.5, 7, 130, 137
537012.5.peg.1777.site.6, 106, 132, 238
537012.5.peg.1777.site.7, 9, 132, 141
537012.5.peg.1777.site.8, 6, 134, 140
537012.5.peg.1777.site.9, 7, 134, 141
537012.5.peg.1777.site.10, 6, 133, 139
537012.5.peg.1777.site.11, 4, 133, 137
537012.5.peg.1777.site.12, 6, 133, 139
537012.5.peg.1777.site.13, 2, 134, 136
537012.5.peg.1777.site.14, 6, 134, 140
537012.5.peg.1777.site.15, 6, 134, 140
537012.5.peg.1777.site.16, 5, 133, 138
537012.5.peg.1777.site.17, 132, 134, 266
537012.5.peg.1777.site.18, 7, 134, 141
537012.5.peg.1776.site.1, 1, 130, 131
537012.5.peg.1776.site.2, 1, 130, 131
537012.5.peg.1776.site.3, 0, 130, 130
537012.5.peg.1776.site.4, 4, 131, 135
537012.5.peg.1776.site.5, 7, 129, 136
537012.5.peg.1173.site.1, 20, 132, 152
537012.5.peg.1173.site.2, 1, 134, 135
537012.5.peg.1173.site.3, 35, 132, 167
537012.5.peg.1173.site.4, 7, 133, 140
537012.5.peg.1173.site.5, 17, 134, 151
537012.5.peg.1173.site.6, 11, 134, 145
537012.5.peg.1173.site.7, 7, 133, 140
537012.5.peg.1173.site.8, 2, 134, 136
537012.5.peg.1173.site.9, 2, 134, 136
537012.5.peg.1173.site.10, 1, 134, 135
537012.5.peg.1173.site.11, 0, 134, 134
537012.5.peg.1173.site.12, 0, 134, 134
537012.5.peg.1173.site.13, 3, 134, 137
537012.5.peg.1173.site.14, 4, 132, 136
537012.5.peg.1173.site.15, 0, 133, 133
537012.5.peg.1173.site.16, 1, 134, 135
537012.5.peg.1173.site.17, 1, 134, 135
537012.5.peg.1173.site.18, 36, 133, 169
537012.5.peg.1173.site.19, 0, 133, 133
537012.5.peg.1173.site.20, 1, 134, 135
537012.5.peg.1173.site.21, 1, 134, 135
537012.5.peg.1173.site.22, 17, 131, 148
537012.5.peg.1173.site.23, 1, 134, 135
537012.5.peg.1173.site.24, 1, 134, 135
537012.5.peg.1173.site.25, 4, 134, 138
537012.5.peg.1173.site.26, 3, 134, 137
537012.5.peg.1173.site.27, 1, 134, 135
537012.5.peg.1173.site.28, 25, 132, 157
537012.5.peg.1173.site.29, 1, 133, 134
537012.5.peg.1173.site.30, 1, 133, 134
537012.5.peg.1173.site.31, 4, 134, 138
537012.5.peg.1173.site.32, 22, 132, 154
537012.5.peg.1173.site.33, 4, 132, 136
537012.5.peg.1173.site.34, 2, 134, 136
537012.5.peg.1173.site.35, 1, 134, 135
537012.5.peg.1171.site.1, 31, 133, 164
537012.5.peg.1171.site.2, 0, 132, 132
537012.5.peg.1171.site.3, 15, 133, 148
537012.5.peg.1171.site.4, 3, 134, 137
537012.5.peg.1171.site.5, 5, 134, 139
537012.5.peg.1171.site.6, 18, 132, 150
537012.5.peg.1171.site.7, 22, 129, 151
537012.5.peg.1171.site.8, 17, 131, 148
537012.5.peg.1171.site.9, 129, 131, 260
537012.5.peg.1171.site.10, 2, 131, 133
537012.5.peg.1171.site.11, 2, 130, 132
537012.5.peg.1171.site.12, 3, 129, 132
537012.5.peg.1171.site.13, 0, 129, 129
537012.5.peg.1171.site.14, 1, 131, 132
537012.5.peg.1171.site.15, 1, 132, 133
537012.5.peg.1171.site.16, 5, 131, 136
537012.5.peg.1171.site.17, 10, 131, 141
537012.5.peg.1171.site.18, 3, 132, 135
537012.5.peg.1170.site.1, 4, 134, 138
537012.5.peg.1170.site.2, 12, 134, 146
537012.5.peg.1170.site.3, 56, 132, 188
537012.5.peg.1170.site.4, 1, 134, 135
537012.5.peg.1170.site.5, 5, 134, 139
537012.5.peg.1170.site.6, 5, 134, 139
537012.5.peg.1170.site.7, 2, 134, 136
537012.5.peg.1170.site.8, 13, 132, 145
537012.5.peg.1170.site.9, 10, 134, 144
537012.5.peg.1170.site.10, 5, 132, 137
537012.5.peg.1170.site.11, 1, 132, 133
537012.5.peg.1170.site.12, 3, 129, 132
537012.5.peg.1170.site.13, 80, 129, 209
537012.5.peg.1170.site.14, 3, 128, 131
537012.5.peg.1170.site.15, 1, 128, 129
537012.5.peg.1170.site.16, 1, 128, 129
537012.5.peg.1170.site.17, 1, 127, 128
537012.5.peg.1170.site.18, 25, 110, 135
537012.5.peg.1170.site.19, 80, 113, 193
537012.5.peg.1170.site.20, 4, 121, 125
537012.5.peg.1170.site.21, 2, 119, 121
537012.5.peg.1170.site.22, 61, 111, 172
537012.5.peg.1170.site.23, 4, 116, 120
537012.5.peg.1170.site.24, 91, 124, 215
537012.5.peg.1170.site.25, 56, 131, 187
537012.5.peg.1170.site.26, 4, 130, 134
537012.5.peg.1170.site.27, 11, 133, 144
537012.5.peg.1170.site.28, 1, 133, 134
537012.5.peg.1170.site.29, 4, 131, 135
537012.5.peg.1170.site.30, 54, 131, 185
537012.5.peg.1170.site.31, 14, 133, 147
537012.5.peg.1170.site.32, 2, 134, 136
537012.5.peg.1170.site.33, 1, 133, 134
537012.5.peg.1170.site.34, 3, 134, 137
537012.5.peg.1170.site.35, 46, 133, 179
537012.5.peg.1170.site.36, 2, 134, 136
537012.5.peg.1170.site.37, 3, 134, 137
537012.5.peg.1170.site.38, 71, 131, 202
537012.5.peg.1170.site.39, 5, 134, 139
537012.5.peg.1170.site.40, 13, 134, 147
537012.5.peg.1170.site.41, 4, 123, 127
537012.5.peg.1170.site.42, 2, 123, 125
537012.5.peg.1170.site.43, 2, 130, 132
537012.5.peg.1170.site.44, 17, 130, 147
537012.5.peg.1170.site.45, 8, 132, 140
537012.5.peg.1170.site.46, 24, 131, 155
537012.5.peg.1170.site.47, 14, 134, 148
537012.5.peg.1170.site.48, 2, 134, 136
537012.5.peg.1170.site.49, 3, 134, 137
537012.5.peg.1170.site.50, 4, 132, 136
537012.5.peg.1170.site.51, 14, 134, 148
537012.5.peg.1170.site.52, 2, 133, 135
537012.5.peg.1170.site.53, 1, 134, 135
537012.5.peg.1170.site.54, 27, 134, 161
537012.5.peg.1170.site.55, 8, 134, 142
537012.5.peg.1170.site.56, 13, 134, 147
537012.5.peg.1170.site.57, 2, 134, 136
537012.5.peg.1170.site.58, 2, 134, 136
537012.5.peg.1170.site.59, 14, 134, 148
537012.5.peg.1170.site.60, 1, 134, 135
537012.5.peg.1170.site.61, 5, 130, 135
537012.5.peg.1170.site.62, 72, 133, 205
537012.5.peg.1170.site.63, 92, 133, 225
537012.5.peg.1170.site.64, 5, 133, 138
537012.5.peg.1170.site.65, 28, 133, 161
537012.5.peg.1170.site.66, 16, 134, 150
537012.5.peg.1170.site.67, 5, 134, 139
537012.5.peg.1170.site.68, 1, 131, 132
537012.5.peg.1170.site.69, 3, 129, 132
537012.5.peg.1170.site.70, 1, 130, 131
537012.5.peg.1176.site.1, 12, 118, 130
537012.5.peg.1176.site.2, 14, 118, 132
537012.5.peg.1176.site.3, 1, 124, 125
537012.5.peg.1176.site.4, 4, 123, 127
537012.5.peg.1176.site.5, 1, 132, 133
537012.5.peg.1176.site.6, 2, 132, 134
537012.5.peg.1176.site.7, 14, 134, 148
537012.5.peg.1176.site.8, 3, 134, 137
537012.5.peg.1176.site.9, 2, 133, 135
537012.5.peg.1176.site.10, 11, 133, 144
537012.5.peg.1176.site.11, 1, 128, 129
537012.5.peg.1176.site.12, 15, 115, 130
537012.5.peg.1176.site.13, 28, 116, 144
537012.5.peg.1176.site.14, 2, 115, 117
537012.5.peg.1176.site.15, 1, 120, 121
537012.5.peg.1176.site.16, 3, 124, 127
537012.5.peg.1176.site.17, 8, 124, 132
537012.5.peg.1175.site.1, 18, 132, 150
537012.5.peg.1175.site.2, 1, 134, 135
537012.5.peg.1175.site.3, 4, 131, 135
537012.5.peg.1175.site.4, 1, 128, 129
537012.5.peg.1175.site.5, 13, 127, 140
537012.5.peg.1175.site.6, 8, 119, 127
537012.5.peg.1175.site.7, 2, 118, 120
537012.5.peg.1175.site.8, 1, 124, 125
537012.5.peg.1175.site.9, 19, 124, 143
537012.5.peg.1175.site.10, 14, 125, 139
537012.5.peg.1174.site.1, 2, 118, 120
537012.5.peg.1174.site.2, 6, 122, 128
537012.5.peg.1174.site.3, 0, 123, 123
537012.5.peg.1174.site.4, 0, 125, 125
537012.5.peg.1174.site.5, 4, 129, 133
537012.5.peg.1174.site.6, 2, 131, 133
537012.5.peg.1174.site.7, 0, 128, 128
537012.5.peg.1174.site.8, 14, 130, 144
537012.5.peg.1174.site.9, 1, 130, 131
537012.5.peg.1174.site.10, 5, 134, 139
537012.5.peg.1174.site.11, 5, 133, 138
537012.5.peg.1174.site.12, 4, 130, 134
537012.5.peg.1174.site.13, 31, 133, 164
537012.5.peg.1174.site.14, 2, 134, 136
537012.5.peg.1174.site.15, 2, 134, 136
537012.5.peg.1174.site.16, 0, 134, 134
537012.5.peg.1174.site.17, 3, 134, 137
537012.5.peg.1174.site.18, 1, 134, 135
537012.5.peg.1174.site.19, 2, 134, 136
537012.5.peg.1174.site.20, 22, 132, 154
537012.5.peg.1174.site.21, 0, 134, 134
537012.5.peg.1174.site.22, 0, 134, 134
537012.5.peg.1174.site.23, 0, 134, 134
537012.5.peg.1174.site.24, 15, 134, 149
537012.5.peg.1174.site.25, 16, 128, 144
537012.5.peg.1174.site.26, 8, 127, 135
537012.5.peg.1174.site.27, 17, 129, 146
537012.5.peg.1174.site.28, 12, 131, 143
537012.5.peg.1174.site.29, 5, 132, 137
537012.5.peg.1174.site.30, 18, 134, 152
537012.5.peg.1174.site.31, 4, 131, 135
537012.5.peg.1174.site.32, 31, 129, 160
537012.5.peg.1174.site.33, 0, 130, 130
537012.5.peg.1174.site.34, 1, 130, 131
537012.5.peg.1174.site.35, 0, 127, 127
537012.5.peg.4909.site.1, 6, 10, 16
537012.5.peg.4909.site.2, 0, 127, 127
537012.5.peg.4909.site.3, 0, 127, 127
537012.5.peg.4909.site.4, 74, 125, 199
537012.5.peg.4909.site.5, 15, 128, 143
537012.5.peg.4909.site.6, 1, 126, 127
537012.5.peg.4909.site.7, 43, 124, 167
537012.5.peg.4909.site.8, 78, 124, 202
537012.5.peg.4909.site.9, 1, 125, 126
537012.5.peg.4909.site.10, 47, 128, 175
537012.5.peg.4909.site.11, 1, 128, 129
537012.5.peg.4909.site.12, 9, 129, 138
537012.5.peg.4909.site.13, 17, 128, 145
537012.5.peg.4909.site.14, 1, 124, 125
537012.5.peg.4909.site.15, 80, 124, 204
537012.5.peg.4909.site.16, 4, 126, 130
537012.5.peg.4909.site.17, 1, 129, 130
537012.5.peg.4909.site.18, 1, 124, 125
537012.5.peg.4909.site.19, 42, 125, 167
537012.5.peg.4909.site.20, 39, 125, 164
537012.5.peg.4909.site.21, 1, 125, 126
537012.5.peg.4909.site.22, 5, 124, 129
537012.5.peg.4909.site.23, 0, 124, 124
537012.5.peg.4909.site.24, 2, 123, 125
537012.5.peg.4909.site.25, 0, 124, 124
537012.5.peg.4909.site.26, 1, 127, 128
537012.5.peg.4909.site.27, 119, 121, 240
537012.5.peg.5055.site.1, 9, 84, 93
537012.5.peg.5055.site.2, 1, 83, 84
537012.5.peg.5055.site.3, 19, 79, 98
537012.5.peg.5055.site.4, 6, 82, 88
537012.5.peg.5055.site.5, 6, 83, 89
537012.5.peg.5055.site.6, 5, 81, 86
537012.5.peg.5055.site.7, 15, 77, 92
537012.5.peg.5055.site.8, 21, 74, 95
537012.5.peg.1519.site.1, 4, 131, 135
537012.5.peg.1519.site.2, 32, 132, 164
537012.5.peg.1519.site.3, 131, 133, 264
537012.5.peg.1519.site.4, 6, 133, 139
537012.5.peg.1519.site.5, 2, 133, 135
537012.5.peg.1519.site.6, 11, 132, 143
537012.5.peg.1519.site.7, 6, 133, 139
537012.5.peg.1519.site.8, 15, 133, 148
537012.5.peg.1519.site.9, 9, 131, 140
537012.5.peg.1519.site.10, 14, 130, 144
537012.5.peg.1519.site.11, 0, 133, 133
537012.5.peg.1519.site.12, 5, 133, 138
537012.5.peg.1519.site.13, 10, 132, 142
537012.5.peg.1519.site.14, 22, 130, 152
537012.5.peg.1519.site.15, 1, 134, 135
537012.5.peg.1519.site.16, 66, 133, 199
537012.5.peg.1519.site.17, 6, 132, 138
537012.5.peg.1519.site.18, 1, 133, 134
537012.5.peg.1519.site.19, 4, 133, 137
537012.5.peg.1519.site.20, 100, 133, 233
537012.5.peg.1519.site.21, 6, 133, 139
537012.5.peg.1519.site.22, 2, 133, 135
537012.5.peg.1519.site.23, 75, 132, 207
537012.5.peg.1519.site.24, 8, 132, 140
537012.5.peg.1519.site.25, 14, 133, 147
537012.5.peg.1519.site.26, 1, 133, 134
537012.5.peg.1519.site.27, 2, 134, 136
537012.5.peg.1519.site.28, 3, 134, 137
537012.5.peg.1519.site.29, 4, 131, 135
537012.5.peg.1519.site.30, 3, 133, 136
537012.5.peg.1519.site.31, 0, 133, 133
537012.5.peg.1519.site.32, 1, 134, 135
537012.5.peg.1519.site.33, 38, 133, 171
537012.5.peg.1519.site.34, 3, 134, 137
537012.5.peg.1519.site.35, 0, 134, 134
537012.5.peg.1519.site.36, 3, 131, 134
537012.5.peg.1519.site.37, 1, 134, 135
537012.5.peg.1519.site.38, 0, 133, 133
537012.5.peg.1519.site.39, 1, 133, 134
537012.5.peg.1519.site.40, 1, 133, 134
537012.5.peg.1519.site.41, 35, 132, 167
537012.5.peg.1519.site.42, 5, 133, 138
537012.5.peg.1519.site.43, 86, 134, 220
537012.5.peg.1519.site.44, 0, 133, 133
537012.5.peg.1518.site.1, 4, 68, 72
537012.5.peg.1518.site.2, 5, 126, 131
537012.5.peg.1518.site.3, 0, 128, 128
537012.5.peg.1518.site.4, 14, 126, 140
537012.5.peg.1518.site.5, 6, 129, 135
537012.5.peg.1518.site.6, 25, 128, 153
537012.5.peg.1518.site.7, 24, 128, 152
537012.5.peg.1518.site.8, 4, 129, 133
537012.5.peg.1518.site.9, 5, 129, 134
537012.5.peg.1518.site.10, 6, 127, 133
537012.5.peg.1518.site.11, 6, 128, 134
537012.5.peg.1518.site.12, 1, 128, 129
537012.5.peg.1518.site.13, 4, 129, 133
537012.5.peg.1518.site.14, 9, 129, 138
537012.5.peg.1518.site.15, 6, 129, 135
537012.5.peg.1518.site.16, 2, 130, 132
537012.5.peg.1518.site.17, 3, 130, 133
537012.5.peg.1518.site.18, 7, 132, 139
537012.5.peg.1518.site.19, 83, 133, 216
537012.5.peg.1518.site.20, 82, 133, 215
537012.5.peg.1518.site.21, 7, 129, 136
537012.5.peg.1518.site.22, 88, 129, 217
537012.5.peg.1518.site.23, 0, 128, 128
537012.5.peg.1518.site.24, 9, 131, 140
537012.5.peg.5052.site.1, 1, 132, 133
537012.5.peg.5052.site.2, 3, 133, 136
537012.5.peg.5052.site.3, 3, 133, 136
537012.5.peg.5052.site.4, 12, 133, 145
537012.5.peg.5052.site.5, 16, 130, 146
537012.5.peg.5052.site.6, 13, 131, 144
537012.5.peg.5052.site.7, 0, 130, 130
537012.5.peg.5052.site.8, 6, 128, 134
537012.5.peg.5052.site.9, 8, 128, 136
537012.5.peg.5052.site.10, 5, 129, 134
537012.5.peg.5052.site.11, 69, 130, 199
537012.5.peg.5052.site.12, 8, 132, 140
537012.5.peg.5052.site.13, 3, 132, 135
537012.5.peg.5052.site.14, 16, 131, 147
537012.5.peg.5053.site.1, 6, 127, 133
537012.5.peg.5053.site.2, 71, 121, 192
537012.5.peg.5053.site.3, 1, 122, 123
537012.5.peg.5053.site.4, 2, 129, 131
537012.5.peg.5053.site.5, 2, 122, 124
537012.5.peg.1511.site.1, 9, 131, 140
537012.5.peg.1511.site.2, 4, 134, 138
537012.5.peg.1511.site.3, 6, 134, 140
537012.5.peg.1511.site.4, 6, 134, 140
537012.5.peg.1511.site.5, 6, 134, 140
537012.5.peg.1511.site.6, 2, 133, 135
537012.5.peg.1511.site.7, 1, 133, 134
537012.5.peg.1511.site.8, 1, 133, 134
537012.5.peg.1511.site.9, 1, 133, 134
537012.5.peg.1511.site.10, 10, 134, 144
537012.5.peg.1511.site.11, 1, 133, 134
537012.5.peg.1511.site.12, 1, 134, 135
537012.5.peg.1511.site.13, 10, 130, 140
537012.5.peg.1511.site.14, 1, 134, 135
537012.5.peg.1511.site.15, 3, 134, 137
537012.5.peg.1511.site.16, 0, 133, 133
537012.5.peg.1511.site.17, 1, 133, 134
537012.5.peg.1511.site.18, 3, 134, 137
537012.5.peg.1511.site.19, 1, 134, 135
537012.5.peg.1511.site.20, 122, 133, 255
537012.5.peg.1511.site.21, 1, 133, 134
537012.5.peg.1511.site.22, 1, 133, 134
537012.5.peg.1511.site.23, 39, 133, 172
537012.5.peg.1511.site.24, 11, 131, 142
537012.5.peg.1511.site.25, 1, 133, 134
537012.5.peg.1511.site.26, 6, 134, 140
537012.5.peg.1511.site.27, 7, 134, 141
537012.5.peg.1511.site.28, 0, 133, 133
537012.5.peg.1511.site.29, 11, 134, 145
537012.5.peg.1511.site.30, 11, 132, 143
537012.5.peg.1511.site.31, 3, 134, 137
537012.5.peg.1511.site.32, 20, 132, 152
537012.5.peg.1511.site.33, 15, 133, 148
537012.5.peg.1511.site.34, 7, 134, 141
537012.5.peg.1511.site.35, 18, 133, 151
537012.5.peg.1511.site.36, 11, 133, 144
537012.5.peg.1511.site.37, 57, 131, 188
537012.5.peg.1511.site.38, 1, 132, 133
537012.5.peg.1511.site.39, 3, 128, 131
537012.5.peg.1511.site.40, 3, 131, 134
537012.5.peg.1511.site.41, 4, 132, 136
537012.5.peg.1511.site.42, 6, 134, 140
537012.5.peg.1511.site.43, 7, 134, 141
537012.5.peg.1511.site.44, 4, 131, 135
537012.5.peg.1511.site.45, 14, 131, 145
537012.5.peg.1511.site.46, 15, 133, 148
537012.5.peg.1511.site.47, 15, 133, 148
537012.5.peg.1511.site.48, 10, 131, 141
537012.5.peg.1511.site.49, 6, 134, 140
537012.5.peg.1511.site.50, 4, 129, 133
537012.5.peg.1511.site.51, 3, 130, 133
537012.5.peg.1511.site.52, 11, 132, 143
537012.5.peg.1511.site.53, 83, 134, 217
537012.5.peg.1511.site.54, 62, 133, 195
537012.5.peg.1511.site.55, 10, 131, 141
537012.5.peg.1511.site.56, 6, 134, 140
537012.5.peg.1511.site.57, 1, 134, 135
537012.5.peg.1511.site.58, 6, 134, 140
537012.5.peg.1511.site.59, 1, 134, 135
537012.5.peg.1511.site.60, 3, 134, 137
537012.5.peg.1511.site.61, 3, 134, 137
537012.5.peg.1511.site.62, 3, 134, 137
537012.5.peg.1511.site.63, 10, 132, 142
537012.5.peg.1511.site.64, 126, 133, 259
537012.5.peg.1511.site.65, 2, 132, 134
537012.5.peg.1511.site.66, 6, 131, 137
537012.5.peg.1511.site.67, 1, 128, 129
537012.5.peg.1511.site.68, 0, 129, 129
537012.5.peg.1511.site.69, 7, 128, 135
537012.5.peg.1511.site.70, 2, 131, 133
537012.5.peg.1511.site.71, 6, 134, 140
537012.5.peg.1511.site.72, 4, 133, 137
537012.5.peg.1511.site.73, 13, 132, 145
537012.5.peg.1511.site.74, 1, 132, 133
537012.5.peg.1511.site.75, 1, 133, 134
537012.5.peg.1511.site.76, 5, 130, 135
537012.5.peg.1511.site.77, 1, 130, 131
537012.5.peg.1511.site.78, 2, 131, 133
537012.5.peg.1511.site.79, 0, 129, 129
537012.5.peg.1511.site.80, 20, 130, 150
537012.5.peg.1511.site.81, 37, 130, 167
537012.5.peg.1511.site.82, 2, 130, 132
537012.5.peg.1511.site.83, 1, 131, 132
537012.5.peg.1511.site.84, 2, 130, 132
537012.5.peg.1511.site.85, 14, 132, 146
537012.5.peg.1511.site.86, 6, 132, 138
537012.5.peg.1511.site.87, 7, 132, 139
537012.5.peg.1511.site.88, 9, 130, 139
537012.5.peg.1511.site.89, 6, 133, 139
537012.5.peg.1511.site.90, 2, 133, 135
537012.5.peg.1511.site.91, 109, 133, 242
537012.5.peg.1511.site.92, 14, 128, 142
537012.5.peg.1511.site.93, 4, 126, 130
537012.5.peg.1511.site.94, 103, 126, 229
537012.5.peg.1511.site.95, 1, 126, 127
537012.5.peg.1511.site.96, 4, 125, 129
537012.5.peg.1510.site.1, 6, 134, 140
537012.5.peg.1510.site.2, 47, 133, 180
537012.5.peg.1510.site.3, 1, 134, 135
537012.5.peg.1510.site.4, 3, 134, 137
537012.5.peg.1510.site.5, 5, 134, 139
537012.5.peg.1510.site.6, 24, 133, 157
537012.5.peg.1510.site.7, 7, 134, 141
537012.5.peg.1510.site.8, 1, 134, 135
537012.5.peg.1510.site.9, 1, 133, 134
537012.5.peg.1510.site.10, 2, 134, 136
537012.5.peg.1510.site.11, 6, 132, 138
537012.5.peg.1510.site.12, 1, 134, 135
537012.5.peg.1510.site.13, 3, 134, 137
537012.5.peg.1510.site.14, 1, 134, 135
537012.5.peg.1510.site.15, 7, 133, 140
537012.5.peg.1510.site.16, 1, 134, 135
537012.5.peg.1510.site.17, 6, 133, 139
537012.5.peg.1510.site.18, 1, 134, 135
537012.5.peg.1510.site.19, 33, 133, 166
537012.5.peg.1510.site.20, 5, 133, 138
537012.5.peg.1510.site.21, 6, 134, 140
537012.5.peg.1510.site.22, 97, 129, 226
537012.5.peg.1510.site.23, 2, 129, 131
537012.5.peg.1510.site.24, 18, 128, 146
537012.5.peg.1510.site.25, 0, 128, 128
537012.5.peg.1510.site.26, 2, 129, 131
537012.5.peg.1510.site.27, 3, 128, 131
537012.5.peg.1510.site.28, 2, 129, 131
537012.5.peg.1510.site.29, 3, 128, 131
537012.5.peg.1510.site.30, 1, 128, 129
537012.5.peg.1510.site.31, 5, 131, 136
537012.5.peg.1510.site.32, 1, 132, 133
537012.5.peg.1510.site.33, 12, 133, 145
537012.5.peg.1510.site.34, 2, 134, 136
537012.5.peg.1510.site.35, 1, 134, 135
537012.5.peg.1510.site.36, 1, 134, 135
537012.5.peg.1510.site.37, 1, 134, 135
537012.5.peg.1510.site.38, 1, 134, 135
537012.5.peg.1510.site.39, 7, 134, 141
537012.5.peg.1510.site.40, 1, 134, 135
537012.5.peg.1510.site.41, 2, 134, 136
537012.5.peg.1510.site.42, 7, 134, 141
537012.5.peg.1510.site.43, 0, 134, 134
537012.5.peg.1510.site.44, 3, 134, 137
537012.5.peg.1510.site.45, 0, 134, 134
537012.5.peg.1510.site.46, 1, 134, 135
537012.5.peg.1510.site.47, 5, 133, 138
537012.5.peg.1510.site.48, 6, 132, 138
537012.5.peg.1510.site.49, 1, 129, 130
537012.5.peg.1510.site.50, 1, 129, 130
537012.5.peg.1510.site.51, 0, 129, 129
537012.5.peg.1510.site.52, 1, 130, 131
537012.5.peg.1510.site.53, 4, 131, 135
537012.5.peg.1510.site.54, 2, 130, 132
537012.5.peg.1510.site.55, 2, 130, 132
537012.5.peg.1510.site.56, 2, 130, 132
537012.5.peg.1510.site.57, 6, 128, 134
537012.5.peg.1510.site.58, 24, 129, 153
537012.5.peg.1510.site.59, 5, 128, 133
537012.5.peg.1510.site.60, 5, 126, 131
537012.5.peg.814.site.1, 15, 133, 148
537012.5.peg.814.site.2, 9, 129, 138
537012.5.peg.814.site.3, 1, 131, 132
537012.5.peg.814.site.4, 15, 132, 147
537012.5.peg.814.site.5, 4, 132, 136
537012.5.peg.814.site.6, 16, 131, 147
537012.5.peg.814.site.7, 3, 131, 134
537012.5.peg.814.site.8, 2, 133, 135
537012.5.peg.814.site.9, 11, 133, 144
537012.5.peg.814.site.10, 11, 133, 144
537012.5.peg.814.site.11, 14, 131, 145
537012.5.peg.814.site.12, 1, 134, 135
537012.5.peg.814.site.13, 25, 134, 159
537012.5.peg.814.site.14, 16, 133, 149
537012.5.peg.814.site.15, 9, 133, 142
537012.5.peg.814.site.16, 16, 133, 149
537012.5.peg.814.site.17, 4, 134, 138
537012.5.peg.814.site.18, 3, 134, 137
537012.5.peg.814.site.19, 2, 134, 136
537012.5.peg.814.site.20, 0, 134, 134
537012.5.peg.814.site.21, 1, 134, 135
537012.5.peg.814.site.22, 3, 134, 137
537012.5.peg.814.site.23, 5, 133, 138
537012.5.peg.814.site.24, 5, 133, 138
537012.5.peg.814.site.25, 5, 132, 137
537012.5.peg.814.site.26, 4, 134, 138
537012.5.peg.814.site.27, 5, 133, 138
537012.5.peg.814.site.28, 12, 134, 146
537012.5.peg.814.site.29, 3, 134, 137
537012.5.peg.814.site.30, 3, 134, 137
537012.5.peg.814.site.31, 2, 134, 136
537012.5.peg.814.site.32, 20, 134, 154
537012.5.peg.814.site.33, 0, 134, 134
537012.5.peg.814.site.34, 23, 134, 157
537012.5.peg.814.site.35, 2, 134, 136
537012.5.peg.814.site.36, 4, 131, 135
537012.5.peg.814.site.37, 1, 133, 134
537012.5.peg.814.site.38, 3, 131, 134
537012.5.peg.814.site.39, 0, 133, 133
537012.5.peg.814.site.40, 2, 129, 131
537012.5.peg.814.site.41, 3, 132, 135
537012.5.peg.815.site.1, 0, 126, 126
537012.5.peg.815.site.2, 9, 134, 143
537012.5.peg.815.site.3, 9, 133, 142
537012.5.peg.815.site.4, 3, 134, 137
537012.5.peg.815.site.5, 1, 133, 134
537012.5.peg.815.site.6, 1, 133, 134
537012.5.peg.815.site.7, 8, 133, 141
537012.5.peg.815.site.8, 9, 133, 142
537012.5.peg.815.site.9, 8, 133, 141
537012.5.peg.815.site.10, 61, 130, 191
537012.5.peg.815.site.11, 67, 131, 198
537012.5.peg.815.site.12, 33, 124, 157
537012.5.peg.815.site.13, 21, 117, 138
537012.5.peg.815.site.14, 52, 120, 172
537012.5.peg.815.site.15, 61, 131, 192
537012.5.peg.815.site.16, 8, 133, 141
537012.5.peg.815.site.17, 1, 133, 134
537012.5.peg.815.site.18, 4, 104, 108
537012.5.peg.815.site.19, 36, 102, 138
537012.5.peg.815.site.20, 18, 107, 125
537012.5.peg.815.site.21, 9, 132, 141
537012.5.peg.815.site.22, 9, 133, 142
537012.5.peg.815.site.23, 59, 130, 189
537012.5.peg.815.site.24, 19, 133, 152
537012.5.peg.815.site.25, 5, 132, 137
537012.5.peg.811.site.1, 0, 130, 130
537012.5.peg.811.site.2, 3, 127, 130
537012.5.peg.811.site.3, 2, 128, 130
537012.5.peg.811.site.4, 3, 129, 132
537012.5.peg.811.site.5, 8, 127, 135
537012.5.peg.811.site.6, 3, 125, 128
537012.5.peg.811.site.7, 2, 124, 126
537012.5.peg.811.site.8, 2, 127, 129
537012.5.peg.811.site.9, 6, 126, 132
537012.5.peg.811.site.10, 3, 124, 127
537012.5.peg.811.site.11, 3, 124, 127
537012.5.peg.811.site.12, 2, 125, 127
537012.5.peg.811.site.13, 37, 124, 161
537012.5.peg.811.site.14, 1, 94, 95
537012.5.peg.811.site.15, 3, 89, 92
537012.5.peg.811.site.16, 3, 94, 97
537012.5.peg.811.site.17, 3, 95, 98
537012.5.peg.811.site.18, 9, 96, 105
537012.5.peg.811.site.19, 1, 99, 100
537012.5.peg.811.site.20, 0, 89, 89
537012.5.peg.811.site.21, 3, 88, 91
537012.5.peg.811.site.22, 4, 86, 90
537012.5.peg.811.site.23, 27, 82, 109
537012.5.peg.811.site.24, 0, 81, 81
537012.5.peg.811.site.25, 5, 84, 89
537012.5.peg.811.site.26, 4, 83, 87
537012.5.peg.811.site.27, 41, 82, 123
537012.5.peg.811.site.28, 20, 87, 107
537012.5.peg.811.site.29, 6, 108, 114
537012.5.peg.811.site.30, 2, 111, 113
537012.5.peg.811.site.31, 11, 111, 122
537012.5.peg.811.site.32, 0, 114, 114
537012.5.peg.811.site.33, 3, 115, 118
537012.5.peg.811.site.34, 27, 113, 140
537012.5.peg.811.site.35, 1, 116, 117
537012.5.peg.811.site.36, 1, 116, 117
537012.5.peg.811.site.37, 2, 113, 115
537012.5.peg.811.site.38, 1, 111, 112
537012.5.peg.811.site.39, 1, 111, 112
537012.5.peg.811.site.40, 0, 110, 110
537012.5.peg.811.site.41, 3, 109, 112
537012.5.peg.811.site.42, 1, 99, 100
537012.5.peg.811.site.43, 1, 78, 79
537012.5.peg.811.site.44, 69, 77, 146
537012.5.peg.811.site.45, 1, 80, 81
537012.5.peg.811.site.46, 1, 82, 83
537012.5.peg.811.site.47, 8, 117, 125
537012.5.peg.811.site.48, 6, 118, 124
537012.5.peg.811.site.49, 2, 113, 115
537012.5.peg.811.site.50, 2, 119, 121
537012.5.peg.811.site.51, 1, 126, 127
537012.5.peg.811.site.52, 0, 115, 115
537012.5.peg.811.site.53, 1, 103, 104
537012.5.peg.819.site.1, 0, 126, 126
537012.5.peg.819.site.2, 2, 126, 128
537012.5.peg.819.site.3, 2, 127, 129
537012.5.peg.819.site.4, 3, 128, 131
537012.5.peg.819.site.5, 2, 127, 129
537012.5.peg.819.site.6, 1, 129, 130
537012.5.peg.819.site.7, 1, 128, 129
537012.5.peg.819.site.8, 7, 128, 135
537012.5.peg.819.site.9, 2, 123, 125
537012.5.peg.819.site.10, 1, 122, 123
537012.5.peg.819.site.11, 5, 122, 127
537012.5.peg.819.site.12, 10, 114, 124
537012.5.peg.819.site.13, 2, 129, 131
537012.5.peg.819.site.14, 4, 126, 130
537012.5.peg.819.site.15, 5, 127, 132
537012.5.peg.819.site.16, 0, 126, 126
537012.5.peg.819.site.17, 3, 125, 128
537012.5.peg.819.site.18, 8, 125, 133
537012.5.peg.819.site.19, 2, 122, 124
537012.5.peg.819.site.20, 9, 120, 129
537012.5.peg.819.site.21, 2, 103, 105
537012.5.peg.819.site.22, 57, 82, 139
537012.5.peg.819.site.23, 1, 83, 84
537012.5.peg.819.site.24, 0, 85, 85
537012.5.peg.819.site.25, 1, 86, 87
537012.5.peg.819.site.26, 1, 90, 91
537012.5.peg.819.site.27, 2, 87, 89
537012.5.peg.819.site.28, 0, 87, 87
537012.5.peg.819.site.29, 1, 87, 88
537012.5.peg.819.site.30, 1, 92, 93
537012.5.peg.819.site.31, 8, 88, 96
537012.5.peg.819.site.32, 1, 97, 98
537012.5.peg.819.site.33, 38, 95, 133
537012.5.peg.819.site.34, 1, 100, 101
537012.5.peg.819.site.35, 1, 104, 105
537012.5.peg.819.site.36, 40, 121, 161
537012.5.peg.819.site.37, 19, 130, 149
537012.5.peg.819.site.38, 0, 132, 132
537012.5.peg.819.site.39, 18, 131, 149
537012.5.peg.819.site.40, 0, 130, 130
537012.5.peg.1226.site.1, 5, 131, 136
537012.5.peg.1226.site.2, 6, 134, 140
537012.5.peg.1226.site.3, 8, 134, 142
537012.5.peg.1226.site.4, 12, 132, 144
537012.5.peg.1226.site.5, 5, 133, 138
537012.5.peg.1226.site.6, 1, 134, 135
537012.5.peg.1226.site.7, 4, 133, 137
537012.5.peg.1226.site.8, 0, 133, 133
537012.5.peg.1226.site.9, 7, 133, 140
537012.5.peg.1226.site.10, 2, 134, 136
537012.5.peg.1226.site.11, 4, 132, 136
537012.5.peg.1226.site.12, 3, 134, 137
537012.5.peg.1226.site.13, 6, 134, 140
537012.5.peg.1226.site.14, 2, 133, 135
537012.5.peg.1226.site.15, 12, 134, 146
537012.5.peg.1226.site.16, 4, 134, 138
537012.5.peg.1226.site.17, 2, 134, 136
537012.5.peg.1226.site.18, 1, 134, 135
537012.5.peg.1226.site.19, 8, 134, 142
537012.5.peg.1226.site.20, 1, 134, 135
537012.5.peg.1226.site.21, 0, 134, 134
537012.5.peg.1226.site.22, 1, 134, 135
537012.5.peg.1226.site.23, 9, 134, 143
537012.5.peg.1226.site.24, 11, 134, 145
537012.5.peg.1226.site.25, 1, 134, 135
537012.5.peg.1226.site.26, 4, 132, 136
537012.5.peg.1226.site.27, 1, 134, 135
537012.5.peg.1226.site.28, 5, 134, 139
537012.5.peg.1226.site.29, 30, 133, 163
537012.5.peg.1226.site.30, 6, 134, 140
537012.5.peg.1226.site.31, 1, 133, 134
537012.5.peg.1224.site.1, 1, 133, 134
537012.5.peg.1224.site.2, 8, 133, 141
537012.5.peg.1224.site.3, 3, 134, 137
537012.5.peg.1224.site.4, 1, 134, 135
537012.5.peg.1224.site.5, 0, 134, 134
537012.5.peg.1224.site.6, 39, 132, 171
537012.5.peg.1224.site.7, 7, 134, 141
537012.5.peg.1224.site.8, 5, 134, 139
537012.5.peg.1224.site.9, 7, 134, 141
537012.5.peg.1224.site.10, 37, 134, 171
537012.5.peg.1224.site.11, 3, 134, 137
537012.5.peg.1224.site.12, 76, 132, 208
537012.5.peg.1224.site.13, 46, 134, 180
537012.5.peg.1224.site.14, 32, 134, 166
537012.5.peg.1224.site.15, 1, 134, 135
537012.5.peg.1224.site.16, 130, 134, 264
537012.5.peg.1224.site.17, 8, 132, 140
537012.5.peg.1224.site.18, 23, 132, 155
537012.5.peg.1224.site.19, 132, 134, 266
537012.5.peg.1224.site.20, 33, 133, 166
537012.5.peg.1224.site.21, 32, 131, 163
537012.5.peg.1224.site.22, 2, 134, 136
537012.5.peg.1224.site.23, 5, 132, 137
537012.5.peg.1224.site.24, 6, 132, 138
537012.5.peg.1224.site.25, 1, 134, 135
537012.5.peg.1224.site.26, 58, 131, 189
537012.5.peg.1224.site.27, 4, 132, 136
537012.5.peg.1224.site.28, 3, 134, 137
537012.5.peg.1224.site.29, 1, 132, 133
537012.5.peg.1224.site.30, 103, 133, 236
537012.5.peg.1224.site.31, 8, 131, 139
537012.5.peg.1224.site.32, 47, 131, 178
537012.5.peg.1224.site.33, 10, 131, 141
537012.5.peg.1224.site.34, 75, 131, 206
537012.5.peg.1224.site.35, 1, 134, 135
537012.5.peg.1224.site.36, 8, 133, 141
537012.5.peg.1224.site.37, 38, 134, 172
537012.5.peg.1224.site.38, 6, 133, 139
537012.5.peg.1224.site.39, 1, 133, 134
537012.5.peg.1224.site.40, 1, 132, 133
537012.5.peg.1224.site.41, 0, 132, 132
537012.5.peg.1224.site.42, 17, 133, 150
537012.5.peg.1224.site.43, 16, 134, 150
537012.5.peg.1224.site.44, 7, 129, 136
537012.5.peg.1224.site.45, 2, 129, 131
537012.5.peg.1224.site.46, 14, 129, 143
537012.5.peg.1224.site.47, 30, 131, 161
537012.5.peg.1224.site.48, 18, 133, 151
537012.5.peg.1223.site.1, 0, 128, 128
537012.5.peg.1223.site.2, 1, 134, 135
537012.5.peg.1223.site.3, 0, 134, 134
537012.5.peg.1223.site.4, 64, 133, 197
537012.5.peg.1223.site.5, 27, 132, 159
537012.5.peg.1223.site.6, 4, 132, 136
537012.5.peg.1223.site.7, 5, 133, 138
537012.5.peg.1223.site.8, 5, 133, 138
537012.5.peg.1223.site.9, 4, 134, 138
537012.5.peg.1223.site.10, 4, 132, 136
537012.5.peg.1223.site.11, 1, 134, 135
537012.5.peg.1223.site.12, 4, 131, 135
537012.5.peg.1223.site.13, 106, 133, 239
537012.5.peg.1223.site.14, 5, 130, 135
537012.5.peg.1223.site.15, 1, 132, 133
537012.5.peg.1222.site.1, 1, 131, 132
537012.5.peg.1222.site.2, 1, 132, 133
537012.5.peg.1222.site.3, 0, 131, 131
537012.5.peg.1222.site.4, 47, 129, 176
537012.5.peg.1222.site.5, 1, 133, 134
537012.5.peg.1222.site.6, 3, 130, 133
537012.5.peg.1222.site.7, 2, 127, 129
537012.5.peg.1222.site.8, 4, 129, 133
537012.5.peg.1222.site.9, 0, 129, 129
537012.5.peg.1222.site.10, 17, 133, 150
537012.5.peg.1222.site.11, 3, 132, 135
537012.5.peg.1222.site.12, 1, 133, 134
537012.5.peg.1222.site.13, 2, 133, 135
537012.5.peg.1222.site.14, 1, 133, 134
537012.5.peg.1222.site.15, 1, 133, 134
537012.5.peg.1222.site.16, 5, 131, 136
537012.5.peg.1222.site.17, 1, 134, 135
537012.5.peg.1222.site.18, 3, 134, 137
537012.5.peg.1222.site.19, 12, 132, 144
537012.5.peg.1222.site.20, 19, 134, 153
537012.5.peg.1222.site.21, 10, 131, 141
537012.5.peg.1222.site.22, 7, 134, 141
537012.5.peg.1222.site.23, 7, 134, 141
537012.5.peg.1222.site.24, 20, 134, 154
537012.5.peg.1222.site.25, 23, 133, 156
537012.5.peg.1222.site.26, 12, 131, 143
537012.5.peg.1222.site.27, 5, 134, 139
537012.5.peg.1222.site.28, 0, 134, 134
537012.5.peg.1222.site.29, 3, 134, 137
537012.5.peg.1222.site.30, 1, 133, 134
537012.5.peg.1222.site.31, 6, 133, 139
537012.5.peg.1222.site.32, 6, 134, 140
537012.5.peg.1222.site.33, 6, 134, 140
537012.5.peg.1222.site.34, 4, 131, 135
537012.5.peg.1222.site.35, 4, 134, 138
537012.5.peg.1222.site.36, 96, 134, 230
537012.5.peg.1222.site.37, 7, 133, 140
537012.5.peg.1222.site.38, 12, 133, 145
537012.5.peg.1222.site.39, 1, 131, 132
537012.5.peg.1222.site.40, 20, 124, 144
537012.5.peg.1222.site.41, 8, 117, 125
537012.5.peg.1222.site.42, 0, 117, 117
537012.5.peg.1222.site.43, 0, 116, 116
537012.5.peg.1222.site.44, 1, 117, 118
537012.5.peg.1221.site.1, 5, 133, 138
537012.5.peg.1221.site.2, 2, 134, 136
537012.5.peg.1221.site.3, 1, 134, 135
537012.5.peg.1221.site.4, 0, 134, 134
537012.5.peg.1221.site.5, 1, 134, 135
537012.5.peg.1221.site.6, 2, 134, 136
537012.5.peg.1221.site.7, 1, 133, 134
537012.5.peg.1221.site.8, 7, 133, 140
537012.5.peg.1221.site.9, 50, 132, 182
537012.5.peg.1221.site.10, 0, 134, 134
537012.5.peg.1221.site.11, 19, 134, 153
537012.5.peg.1221.site.12, 76, 131, 207
537012.5.peg.1221.site.13, 4, 132, 136
537012.5.peg.1221.site.14, 5, 133, 138
537012.5.peg.1221.site.15, 5, 134, 139
537012.5.peg.1221.site.16, 1, 134, 135
537012.5.peg.1221.site.17, 11, 133, 144
537012.5.peg.1221.site.18, 3, 132, 135
537012.5.peg.1221.site.19, 8, 134, 142
537012.5.peg.1221.site.20, 4, 132, 136
537012.5.peg.1221.site.21, 7, 134, 141
537012.5.peg.1221.site.22, 2, 134, 136
537012.5.peg.1221.site.23, 1, 133, 134
537012.5.peg.1221.site.24, 1, 134, 135
537012.5.peg.1221.site.25, 1, 134, 135
537012.5.peg.1221.site.26, 2, 132, 134
537012.5.peg.1221.site.27, 6, 133, 139
537012.5.peg.1221.site.28, 5, 133, 138
537012.5.peg.1221.site.29, 5, 132, 137
537012.5.peg.1221.site.30, 6, 133, 139
537012.5.peg.1221.site.31, 4, 129, 133
537012.5.peg.1221.site.32, 1, 131, 132
537012.5.peg.1221.site.33, 106, 130, 236
537012.5.peg.1221.site.34, 9, 131, 140
537012.5.peg.1220.site.1, 2, 127, 129
537012.5.peg.1220.site.2, 4, 132, 136
537012.5.peg.1220.site.3, 19, 134, 153
537012.5.peg.1220.site.4, 11, 132, 143
537012.5.peg.1220.site.5, 0, 132, 132
537012.5.peg.1220.site.6, 58, 134, 192
537012.5.peg.1220.site.7, 6, 134, 140
537012.5.peg.1220.site.8, 4, 134, 138
537012.5.peg.1220.site.9, 4, 132, 136
537012.5.peg.1220.site.10, 4, 132, 136
537012.5.peg.1220.site.11, 1, 134, 135
537012.5.peg.1220.site.12, 1, 134, 135
537012.5.peg.1220.site.13, 0, 134, 134
537012.5.peg.1220.site.14, 1, 134, 135
537012.5.peg.1220.site.15, 4, 132, 136
537012.5.peg.1220.site.16, 1, 134, 135
537012.5.peg.1220.site.17, 4, 134, 138
537012.5.peg.1220.site.18, 43, 134, 177
537012.5.peg.1220.site.19, 6, 133, 139
537012.5.peg.1220.site.20, 3, 133, 136
537012.5.peg.1220.site.21, 3, 134, 137
537012.5.peg.1220.site.22, 2, 134, 136
537012.5.peg.1220.site.23, 2, 134, 136
537012.5.peg.1220.site.24, 7, 132, 139
537012.5.peg.1220.site.25, 5, 130, 135
537012.5.peg.1220.site.26, 3, 128, 131
537012.5.peg.1229.site.1, 1, 134, 135
537012.5.peg.1229.site.2, 2, 134, 136
537012.5.peg.1229.site.3, 13, 134, 147
537012.5.peg.1229.site.4, 6, 133, 139
537012.5.peg.1229.site.5, 42, 134, 176
537012.5.peg.1229.site.6, 0, 131, 131
537012.5.peg.1229.site.7, 0, 131, 131
537012.5.peg.1229.site.8, 0, 131, 131
537012.5.peg.1229.site.9, 8, 132, 140
537012.5.peg.1229.site.10, 13, 133, 146
537012.5.peg.1229.site.11, 39, 128, 167
537012.5.peg.1229.site.12, 2, 130, 132
537012.5.peg.1229.site.13, 0, 128, 128
537012.5.peg.1229.site.14, 1, 129, 130
537012.5.peg.1229.site.15, 8, 132, 140
537012.5.peg.1229.site.16, 6, 133, 139
537012.5.peg.1229.site.17, 6, 133, 139
537012.5.peg.1229.site.18, 7, 133, 140
537012.5.peg.1229.site.19, 0, 133, 133
537012.5.peg.1229.site.20, 0, 132, 132
537012.5.peg.1229.site.21, 54, 129, 183
537012.5.peg.1229.site.22, 4, 134, 138
537012.5.peg.1229.site.23, 59, 132, 191
537012.5.peg.1229.site.24, 3, 133, 136
537012.5.peg.1229.site.25, 0, 132, 132
537012.5.peg.1229.site.26, 1, 134, 135
537012.5.peg.1229.site.27, 1, 134, 135
537012.5.peg.1229.site.28, 65, 133, 198
537012.5.peg.1229.site.29, 8, 134, 142
537012.5.peg.1229.site.30, 0, 133, 133
537012.5.peg.1229.site.31, 0, 131, 131
537012.5.peg.1229.site.32, 0, 131, 131
537012.5.peg.1228.site.1, 0, 132, 132
537012.5.peg.1228.site.2, 3, 131, 134
537012.5.peg.1228.site.3, 0, 132, 132
537012.5.peg.1228.site.4, 19, 132, 151
537012.5.peg.1228.site.5, 2, 133, 135
537012.5.peg.1228.site.6, 3, 131, 134
537012.5.peg.1228.site.7, 3, 130, 133
537012.5.peg.1228.site.8, 1, 133, 134
537012.5.peg.1228.site.9, 19, 133, 152
537012.5.peg.1228.site.10, 0, 134, 134
537012.5.peg.1228.site.11, 3, 134, 137
537012.5.peg.1228.site.12, 3, 134, 137
537012.5.peg.1228.site.13, 5, 133, 138
537012.5.peg.1228.site.14, 4, 132, 136
537012.5.peg.1228.site.15, 1, 132, 133
537012.5.peg.1228.site.16, 2, 132, 134
537012.5.peg.1228.site.17, 1, 130, 131
537012.5.peg.1228.site.18, 1, 130, 131
537012.5.peg.1228.site.19, 1, 131, 132
537012.5.peg.1228.site.20, 0, 132, 132
537012.5.peg.1228.site.21, 2, 131, 133
537012.5.peg.1228.site.22, 2, 133, 135
537012.5.peg.1228.site.23, 6, 133, 139
537012.5.peg.1228.site.24, 3, 131, 134
537012.5.peg.1228.site.25, 3, 131, 134
537012.5.peg.1228.site.26, 1, 134, 135
537012.5.peg.1228.site.27, 11, 134, 145
537012.5.peg.1228.site.28, 8, 129, 137
537012.5.peg.1228.site.29, 1, 129, 130
537012.5.peg.1228.site.30, 1, 129, 130
537012.5.peg.1228.site.31, 1, 130, 131
537012.5.peg.1228.site.32, 1, 127, 128
537012.5.peg.1228.site.33, 2, 122, 124
537012.5.peg.1228.site.34, 0, 120, 120
537012.5.peg.1228.site.35, 5, 122, 127
537012.5.peg.1228.site.36, 2, 127, 129
537012.5.peg.1228.site.37, 5, 130, 135
537012.5.peg.1228.site.38, 85, 127, 212
537012.5.peg.1228.site.39, 2, 132, 134
537012.5.peg.1228.site.40, 3, 131, 134
537012.5.peg.1228.site.41, 1, 132, 133
537012.5.peg.1228.site.42, 1, 129, 130
537012.5.peg.1228.site.43, 2, 121, 123
537012.5.peg.1228.site.44, 65, 129, 194
537012.5.peg.1228.site.45, 122, 131, 253
537012.5.peg.1228.site.46, 3, 129, 132
537012.5.peg.1228.site.47, 1, 130, 131
537012.5.peg.1228.site.48, 3, 129, 132
537012.5.peg.1228.site.49, 6, 129, 135
537012.5.peg.1228.site.50, 8, 130, 138
537012.5.peg.1228.site.51, 1, 130, 131
537012.5.peg.1228.site.52, 3, 123, 126
537012.5.peg.1228.site.53, 1, 124, 125
537012.5.peg.1228.site.54, 122, 124, 246
537012.5.peg.1228.site.55, 1, 125, 126
537012.5.peg.1228.site.56, 2, 124, 126
537012.5.peg.1228.site.57, 0, 125, 125
537012.5.peg.1228.site.58, 5, 128, 133
537012.5.peg.1228.site.59, 8, 126, 134
537012.5.peg.1228.site.60, 9, 129, 138
537012.5.peg.1228.site.61, 3, 129, 132
537012.5.peg.1228.site.62, 6, 128, 134
537012.5.peg.1228.site.63, 5, 124, 129
537012.5.peg.1228.site.64, 49, 126, 175
537012.5.peg.1228.site.65, 51, 125, 176
537012.5.peg.1228.site.66, 1, 123, 124
537012.5.peg.1228.site.67, 3, 125, 128
537012.5.peg.1228.site.68, 0, 123, 123
537012.5.peg.1228.site.69, 9, 125, 134
537012.5.peg.1228.site.70, 3, 125, 128
537012.5.peg.1228.site.71, 0, 123, 123
537012.5.peg.1228.site.72, 1, 123, 124
537012.5.peg.928.site.1, 3, 133, 136
537012.5.peg.928.site.2, 13, 133, 146
537012.5.peg.928.site.3, 36, 134, 170
537012.5.peg.928.site.4, 1, 134, 135
537012.5.peg.928.site.5, 1, 134, 135
537012.5.peg.928.site.6, 1, 133, 134
537012.5.peg.928.site.7, 5, 132, 137
537012.5.peg.928.site.8, 5, 133, 138
537012.5.peg.928.site.9, 6, 134, 140
537012.5.peg.928.site.10, 8, 131, 139
537012.5.peg.928.site.11, 11, 132, 143
537012.5.peg.928.site.12, 2, 134, 136
537012.5.peg.928.site.13, 1, 134, 135
537012.5.peg.928.site.14, 1, 134, 135
537012.5.peg.928.site.15, 2, 133, 135
537012.5.peg.928.site.16, 2, 133, 135
537012.5.peg.928.site.17, 0, 134, 134
537012.5.peg.928.site.18, 2, 133, 135
537012.5.peg.928.site.19, 1, 134, 135
537012.5.peg.928.site.20, 2, 132, 134
537012.5.peg.928.site.21, 3, 132, 135
537012.5.peg.928.site.22, 62, 131, 193
537012.5.peg.928.site.23, 4, 131, 135
537012.5.peg.928.site.24, 0, 133, 133
537012.5.peg.928.site.25, 68, 132, 200
537012.5.peg.928.site.26, 16, 134, 150
537012.5.peg.928.site.27, 4, 134, 138
537012.5.peg.928.site.28, 5, 133, 138
537012.5.peg.928.site.29, 7, 133, 140
537012.5.peg.929.site.1, 12, 134, 146
537012.5.peg.929.site.2, 1, 134, 135
537012.5.peg.929.site.3, 1, 134, 135
537012.5.peg.929.site.4, 6, 134, 140
537012.5.peg.929.site.5, 4, 132, 136
537012.5.peg.929.site.6, 2, 134, 136
537012.5.peg.929.site.7, 108, 134, 242
537012.5.peg.929.site.8, 5, 133, 138
537012.5.peg.929.site.9, 5, 133, 138
537012.5.peg.929.site.10, 4, 131, 135
537012.5.peg.929.site.11, 2, 133, 135
537012.5.peg.929.site.12, 3, 133, 136
537012.5.peg.929.site.13, 10, 132, 142
537012.5.peg.929.site.14, 4, 132, 136
537012.5.peg.929.site.15, 46, 132, 178
537012.5.peg.929.site.16, 3, 134, 137
537012.5.peg.929.site.17, 1, 134, 135
537012.5.peg.929.site.18, 7, 134, 141
537012.5.peg.929.site.19, 29, 133, 162
537012.5.peg.929.site.20, 0, 131, 131
537012.5.peg.929.site.21, 17, 131, 148
537012.5.peg.929.site.22, 1, 130, 131
537012.5.peg.929.site.23, 1, 133, 134
537012.5.peg.929.site.24, 44, 134, 178
537012.5.peg.929.site.25, 3, 134, 137
537012.5.peg.929.site.26, 3, 134, 137
537012.5.peg.929.site.27, 19, 132, 151
537012.5.peg.929.site.28, 15, 134, 149
537012.5.peg.929.site.29, 3, 131, 134
537012.5.peg.929.site.30, 16, 134, 150
537012.5.peg.929.site.31, 9, 132, 141
537012.5.peg.929.site.32, 1, 134, 135
537012.5.peg.929.site.33, 1, 134, 135
537012.5.peg.929.site.34, 12, 133, 145
537012.5.peg.929.site.35, 1, 134, 135
537012.5.peg.929.site.36, 45, 133, 178
537012.5.peg.929.site.37, 1, 134, 135
537012.5.peg.929.site.38, 6, 134, 140
537012.5.peg.929.site.39, 6, 134, 140
537012.5.peg.929.site.40, 1, 134, 135
537012.5.peg.929.site.41, 8, 134, 142
537012.5.peg.929.site.42, 6, 134, 140
537012.5.peg.929.site.43, 10, 133, 143
537012.5.peg.929.site.44, 4, 132, 136
537012.5.peg.929.site.45, 7, 134, 141
537012.5.peg.929.site.46, 4, 131, 135
537012.5.peg.929.site.47, 1, 134, 135
537012.5.peg.929.site.48, 1, 134, 135
537012.5.peg.929.site.49, 3, 134, 137
537012.5.peg.929.site.50, 4, 133, 137
537012.5.peg.929.site.51, 5, 132, 137
537012.5.peg.929.site.52, 3, 130, 133
537012.5.peg.929.site.53, 8, 132, 140
537012.5.peg.929.site.54, 4, 132, 136
537012.5.peg.1423.site.1, 2, 132, 134
537012.5.peg.1423.site.2, 2, 132, 134
537012.5.peg.1423.site.3, 10, 131, 141
537012.5.peg.1423.site.4, 83, 130, 213
537012.5.peg.1423.site.5, 5, 130, 135
537012.5.peg.1423.site.6, 20, 132, 152
537012.5.peg.1423.site.7, 5, 131, 136
537012.5.peg.1423.site.8, 1, 132, 133
537012.5.peg.1423.site.9, 3, 132, 135
537012.5.peg.1423.site.10, 23, 132, 155
537012.5.peg.1423.site.11, 5, 131, 136
537012.5.peg.1423.site.12, 6, 130, 136
537012.5.peg.1423.site.13, 5, 130, 135
537012.5.peg.1423.site.14, 1, 130, 131
537012.5.peg.1423.site.15, 5, 131, 136
537012.5.peg.1423.site.16, 1, 132, 133
537012.5.peg.1423.site.17, 2, 132, 134
537012.5.peg.1423.site.18, 5, 132, 137
537012.5.peg.1423.site.19, 5, 132, 137
537012.5.peg.1423.site.20, 5, 132, 137
537012.5.peg.1423.site.21, 5, 132, 137
537012.5.peg.1423.site.22, 4, 131, 135
537012.5.peg.1423.site.23, 20, 132, 152
537012.5.peg.1423.site.24, 3, 132, 135
537012.5.peg.1423.site.25, 9, 130, 139
537012.5.peg.1423.site.26, 2, 132, 134
537012.5.peg.1423.site.27, 3, 131, 134
537012.5.peg.1423.site.28, 4, 129, 133
537012.5.peg.1423.site.29, 27, 131, 158
537012.5.peg.1423.site.30, 5, 131, 136
537012.5.peg.1423.site.31, 5, 132, 137
537012.5.peg.1423.site.32, 71, 128, 199
537012.5.peg.1422.site.1, 0, 131, 131
537012.5.peg.1422.site.2, 0, 133, 133
537012.5.peg.1422.site.3, 0, 133, 133
537012.5.peg.1422.site.4, 18, 134, 152
537012.5.peg.1422.site.5, 132, 133, 265
537012.5.peg.1422.site.6, 1, 133, 134
537012.5.peg.1422.site.7, 0, 134, 134
537012.5.peg.1422.site.8, 1, 133, 134
537012.5.peg.1422.site.9, 3, 132, 135
537012.5.peg.1422.site.10, 8, 128, 136
537012.5.peg.1422.site.11, 0, 129, 129
537012.5.peg.1422.site.12, 1, 133, 134
537012.5.peg.1422.site.13, 86, 133, 219
537012.5.peg.1422.site.14, 32, 133, 165
537012.5.peg.1422.site.15, 1, 134, 135
537012.5.peg.1422.site.16, 1, 134, 135
537012.5.peg.1422.site.17, 66, 133, 199
537012.5.peg.1422.site.18, 1, 121, 122
537012.5.peg.1422.site.19, 1, 115, 116
537012.5.peg.1422.site.20, 5, 117, 122
537012.5.peg.1422.site.21, 16, 128, 144
537012.5.peg.1422.site.22, 1, 131, 132
537012.5.peg.1422.site.23, 29, 133, 162
537012.5.peg.1422.site.24, 6, 133, 139
537012.5.peg.1422.site.25, 1, 132, 133
537012.5.peg.1422.site.26, 6, 133, 139
537012.5.peg.1422.site.27, 5, 131, 136
537012.5.peg.1422.site.28, 92, 130, 222
537012.5.peg.1422.site.29, 7, 134, 141
537012.5.peg.1422.site.30, 7, 134, 141
537012.5.peg.1422.site.31, 5, 133, 138
537012.5.peg.1422.site.32, 31, 130, 161
537012.5.peg.1422.site.33, 1, 128, 129
537012.5.peg.1422.site.34, 1, 106, 107
537012.5.peg.1422.site.35, 8, 130, 138
537012.5.peg.1422.site.36, 10, 132, 142
537012.5.peg.1422.site.37, 38, 133, 171
537012.5.peg.1422.site.38, 1, 133, 134
537012.5.peg.1422.site.39, 15, 133, 148
537012.5.peg.1422.site.40, 4, 130, 134
537012.5.peg.1422.site.41, 18, 131, 149
537012.5.peg.1422.site.42, 5, 133, 138
537012.5.peg.1422.site.43, 5, 131, 136
537012.5.peg.1422.site.44, 1, 133, 134
537012.5.peg.1422.site.45, 15, 130, 145
537012.5.peg.1422.site.46, 4, 132, 136
537012.5.peg.1422.site.47, 3, 130, 133
537012.5.peg.1422.site.48, 0, 125, 125
537012.5.peg.1357.site.1, 1, 134, 135
537012.5.peg.1357.site.2, 3, 134, 137
537012.5.peg.1357.site.3, 0, 131, 131
537012.5.peg.1357.site.4, 0, 131, 131
537012.5.peg.1357.site.5, 0, 134, 134
537012.5.peg.1357.site.6, 9, 134, 143
537012.5.peg.1357.site.7, 8, 134, 142
537012.5.peg.1357.site.8, 3, 133, 136
537012.5.peg.1357.site.9, 13, 134, 147
537012.5.peg.1357.site.10, 5, 134, 139
537012.5.peg.1357.site.11, 6, 133, 139
537012.5.peg.1357.site.12, 26, 134, 160
537012.5.peg.1357.site.13, 2, 134, 136
537012.5.peg.1357.site.14, 8, 133, 141
537012.5.peg.1357.site.15, 1, 133, 134
537012.5.peg.1357.site.16, 4, 126, 130
537012.5.peg.1357.site.17, 14, 127, 141
537012.5.peg.1357.site.18, 7, 126, 133
537012.5.peg.1357.site.19, 14, 128, 142
537012.5.peg.1357.site.20, 2, 128, 130
537012.5.peg.1357.site.21, 11, 128, 139
537012.5.peg.1357.site.22, 2, 128, 130
537012.5.peg.1357.site.23, 2, 127, 129
537012.5.peg.1354.site.1, 7, 111, 118
537012.5.peg.1354.site.2, 0, 110, 110
537012.5.peg.1354.site.3, 1, 109, 110
537012.5.peg.1354.site.4, 1, 115, 116
537012.5.peg.1354.site.5, 2, 111, 113
537012.5.peg.1354.site.6, 2, 114, 116
537012.5.peg.1354.site.7, 17, 108, 125
537012.5.peg.1354.site.8, 5, 102, 107
537012.5.peg.1354.site.9, 23, 98, 121
537012.5.peg.1354.site.10, 11, 102, 113
537012.5.peg.1354.site.11, 3, 111, 114
537012.5.peg.1354.site.12, 55, 109, 164
537012.5.peg.1354.site.13, 3, 114, 117
537012.5.peg.1354.site.14, 1, 114, 115
537012.5.peg.1354.site.15, 2, 114, 116
537012.5.peg.1354.site.16, 1, 111, 112
537012.5.peg.1354.site.17, 1, 93, 94
537012.5.peg.1354.site.18, 52, 86, 138
537012.5.peg.1354.site.19, 5, 86, 91
537012.5.peg.1354.site.20, 1, 86, 87
537012.5.peg.1354.site.21, 1, 84, 85
537012.5.peg.1354.site.22, 1, 81, 82
537012.5.peg.1354.site.23, 1, 96, 97
537012.5.peg.1354.site.24, 1, 95, 96
537012.5.peg.1354.site.25, 8, 92, 100
537012.5.peg.1354.site.26, 33, 89, 122
537012.5.peg.1354.site.27, 1, 94, 95
537012.5.peg.1354.site.28, 2, 92, 94
537012.5.peg.1354.site.29, 1, 95, 96
537012.5.peg.1354.site.30, 2, 94, 96
537012.5.peg.1354.site.31, 3, 95, 98
537012.5.peg.1354.site.32, 65, 86, 151
537012.5.peg.1354.site.33, 0, 81, 81
537012.5.peg.1354.site.34, 25, 77, 102
537012.5.peg.1354.site.35, 24, 73, 97
537012.5.peg.1354.site.36, 2, 72, 74
537012.5.peg.1354.site.37, 3, 85, 88
537012.5.peg.1354.site.38, 2, 99, 101
537012.5.peg.1354.site.39, 3, 105, 108
537012.5.peg.1354.site.40, 103, 120, 223
537012.5.peg.1354.site.41, 3, 127, 130
537012.5.peg.1354.site.42, 5, 128, 133
537012.5.peg.1354.site.43, 1, 128, 129
537012.5.peg.1354.site.44, 1, 129, 130
537012.5.peg.1354.site.45, 10, 127, 137
537012.5.peg.1354.site.46, 2, 127, 129
537012.5.peg.1354.site.47, 7, 127, 134
537012.5.peg.1354.site.48, 6, 126, 132
537012.5.peg.1354.site.49, 8, 127, 135
537012.5.peg.1354.site.50, 5, 127, 132
537012.5.peg.1354.site.51, 2, 128, 130
537012.5.peg.1354.site.52, 3, 129, 132
537012.5.peg.1354.site.53, 8, 127, 135
537012.5.peg.1354.site.54, 6, 130, 136
537012.5.peg.1354.site.55, 2, 128, 130
537012.5.peg.1359.site.1, 1, 126, 127
537012.5.peg.1359.site.2, 15, 126, 141
537012.5.peg.1359.site.3, 3, 127, 130
537012.5.peg.1359.site.4, 4, 127, 131
537012.5.peg.1359.site.5, 2, 128, 130
537012.5.peg.1359.site.6, 1, 127, 128
537012.5.peg.1359.site.7, 0, 127, 127
537012.5.peg.1359.site.8, 1, 125, 126
537012.5.peg.1359.site.9, 1, 123, 124
537012.5.peg.1359.site.10, 3, 123, 126
537012.5.peg.1359.site.11, 51, 122, 173
537012.5.peg.1359.site.12, 13, 123, 136
537012.5.peg.1359.site.13, 83, 125, 208
537012.5.peg.1359.site.14, 4, 127, 131
537012.5.peg.1359.site.15, 1, 128, 129
537012.5.peg.1359.site.16, 6, 123, 129
537012.5.peg.1359.site.17, 6, 125, 131
537012.5.peg.1359.site.18, 6, 126, 132
537012.5.peg.1359.site.19, 3, 124, 127
537012.5.peg.1359.site.20, 7, 125, 132
537012.5.peg.1359.site.21, 78, 126, 204
537012.5.peg.1359.site.22, 6, 125, 131
537012.5.peg.1359.site.23, 1, 121, 122
537012.5.peg.1359.site.24, 2, 122, 124
537012.5.peg.1359.site.25, 1, 119, 120
537012.5.peg.1359.site.26, 1, 114, 115
537012.5.peg.1359.site.27, 20, 114, 134
537012.5.peg.1359.site.28, 40, 112, 152
537012.5.peg.1359.site.29, 2, 115, 117
537012.5.peg.1359.site.30, 1, 116, 117
537012.5.peg.1359.site.31, 3, 121, 124
537012.5.peg.1359.site.32, 1, 123, 124
537012.5.peg.1359.site.33, 11, 122, 133
537012.5.peg.1359.site.34, 9, 121, 130
537012.5.peg.1359.site.35, 10, 122, 132
537012.5.peg.1359.site.36, 1, 123, 124
537012.5.peg.1359.site.37, 2, 125, 127
537012.5.peg.1359.site.38, 1, 125, 126
537012.5.peg.1359.site.39, 44, 125, 169
537012.5.peg.1359.site.40, 1, 124, 125
537012.5.peg.1359.site.41, 1, 124, 125
537012.5.peg.1359.site.42, 5, 124, 129
537012.5.peg.1359.site.43, 17, 121, 138
537012.5.peg.1359.site.44, 9, 121, 130
537012.5.peg.1359.site.45, 5, 122, 127
537012.5.peg.1359.site.46, 1, 118, 119
537012.5.peg.1359.site.47, 6, 118, 124
537012.5.peg.1359.site.48, 1, 122, 123
537012.5.peg.1359.site.49, 5, 122, 127
537012.5.peg.1359.site.50, 1, 124, 125
537012.5.peg.1359.site.51, 14, 123, 137
537012.5.peg.1359.site.52, 8, 125, 133
537012.5.peg.1359.site.53, 35, 110, 145
537012.5.peg.1359.site.54, 5, 115, 120
537012.5.peg.1359.site.55, 6, 103, 109
537012.5.peg.1359.site.56, 4, 95, 99
537012.5.peg.1359.site.57, 0, 94, 94
537012.5.peg.1359.site.58, 24, 90, 114
537012.5.peg.1359.site.59, 9, 89, 98
537012.5.peg.1359.site.60, 2, 90, 92
537012.5.peg.1359.site.61, 1, 85, 86
537012.5.peg.1359.site.62, 3, 86, 89
537012.5.peg.923.site.1, 30, 72, 102
537012.5.peg.923.site.2, 0, 105, 105
537012.5.peg.923.site.3, 3, 112, 115
537012.5.peg.923.site.4, 2, 134, 136
537012.5.peg.923.site.5, 4, 133, 137
537012.5.peg.923.site.6, 71, 132, 203
537012.5.peg.923.site.7, 7, 133, 140
537012.5.peg.923.site.8, 0, 133, 133
537012.5.peg.923.site.9, 8, 131, 139
537012.5.peg.923.site.10, 1, 133, 134
537012.5.peg.923.site.11, 4, 131, 135
537012.5.peg.923.site.12, 7, 133, 140
537012.5.peg.923.site.13, 20, 133, 153
537012.5.peg.923.site.14, 12, 132, 144
537012.5.peg.923.site.15, 5, 133, 138
537012.5.peg.923.site.16, 31, 129, 160
537012.5.peg.923.site.17, 17, 134, 151
537012.5.peg.923.site.18, 7, 134, 141
537012.5.peg.923.site.19, 0, 132, 132
537012.5.peg.923.site.20, 0, 132, 132
537012.5.peg.923.site.21, 5, 131, 136
537012.5.peg.923.site.22, 8, 133, 141
537012.5.peg.923.site.23, 30, 130, 160
537012.5.peg.923.site.24, 3, 134, 137
537012.5.peg.923.site.25, 1, 134, 135
537012.5.peg.923.site.26, 64, 132, 196
537012.5.peg.923.site.27, 8, 134, 142
537012.5.peg.923.site.28, 4, 131, 135
537012.5.peg.923.site.29, 31, 130, 161
537012.5.peg.923.site.30, 9, 132, 141
537012.5.peg.923.site.31, 1, 134, 135
537012.5.peg.923.site.32, 128, 134, 262
537012.5.peg.923.site.33, 1, 133, 134
537012.5.peg.923.site.34, 34, 133, 167
537012.5.peg.923.site.35, 0, 134, 134
537012.5.peg.923.site.36, 0, 134, 134
537012.5.peg.923.site.37, 0, 134, 134
537012.5.peg.923.site.38, 0, 134, 134
537012.5.peg.923.site.39, 0, 134, 134
537012.5.peg.923.site.40, 102, 131, 233
537012.5.peg.923.site.41, 6, 134, 140
537012.5.peg.923.site.42, 1, 134, 135
537012.5.peg.923.site.43, 4, 133, 137
537012.5.peg.923.site.44, 6, 134, 140
537012.5.peg.923.site.45, 4, 134, 138
537012.5.peg.923.site.46, 6, 133, 139
537012.5.peg.923.site.47, 4, 130, 134
537012.5.peg.925.site.1, 21, 133, 154
537012.5.peg.925.site.2, 4, 132, 136
537012.5.peg.925.site.3, 7, 134, 141
537012.5.peg.925.site.4, 0, 132, 132
537012.5.peg.925.site.5, 4, 132, 136
537012.5.peg.925.site.6, 2, 134, 136
537012.5.peg.925.site.7, 3, 134, 137
537012.5.peg.925.site.8, 11, 132, 143
537012.5.peg.925.site.9, 3, 134, 137
537012.5.peg.925.site.10, 121, 133, 254
537012.5.peg.925.site.11, 5, 133, 138
537012.5.peg.925.site.12, 23, 134, 157
537012.5.peg.925.site.13, 8, 134, 142
537012.5.peg.925.site.14, 6, 133, 139
537012.5.peg.925.site.15, 58, 133, 191
537012.5.peg.925.site.16, 4, 134, 138
537012.5.peg.925.site.17, 1, 134, 135
537012.5.peg.925.site.18, 1, 134, 135
537012.5.peg.925.site.19, 5, 133, 138
537012.5.peg.925.site.20, 12, 133, 145
537012.5.peg.925.site.21, 2, 134, 136
537012.5.peg.925.site.22, 0, 133, 133
537012.5.peg.925.site.23, 4, 132, 136
537012.5.peg.925.site.24, 4, 131, 135
537012.5.peg.925.site.25, 9, 133, 142
537012.5.peg.925.site.26, 1, 134, 135
537012.5.peg.925.site.27, 17, 132, 149
537012.5.peg.925.site.28, 5, 134, 139
537012.5.peg.925.site.29, 1, 134, 135
537012.5.peg.925.site.30, 104, 134, 238
537012.5.peg.925.site.31, 3, 134, 137
537012.5.peg.925.site.32, 60, 133, 193
537012.5.peg.925.site.33, 60, 133, 193
537012.5.peg.925.site.34, 8, 129, 137
537012.5.peg.926.site.1, 3, 131, 134
537012.5.peg.926.site.2, 1, 130, 131
537012.5.peg.926.site.3, 4, 132, 136
537012.5.peg.926.site.4, 8, 130, 138
537012.5.peg.926.site.5, 8, 130, 138
537012.5.peg.926.site.6, 0, 132, 132
537012.5.peg.926.site.7, 1, 130, 131
537012.5.peg.926.site.8, 7, 131, 138
537012.5.peg.926.site.9, 30, 130, 160
537012.5.peg.926.site.10, 1, 130, 131
537012.5.peg.926.site.11, 29, 132, 161
537012.5.peg.926.site.12, 2, 132, 134
537012.5.peg.926.site.13, 4, 134, 138
537012.5.peg.926.site.14, 20, 133, 153
537012.5.peg.926.site.15, 2, 133, 135
537012.5.peg.926.site.16, 11, 132, 143
537012.5.peg.926.site.17, 3, 134, 137
537012.5.peg.926.site.18, 4, 133, 137
537012.5.peg.926.site.19, 3, 133, 136
537012.5.peg.926.site.20, 2, 134, 136
537012.5.peg.926.site.21, 17, 134, 151
537012.5.peg.926.site.22, 1, 134, 135
537012.5.peg.926.site.23, 5, 133, 138
537012.5.peg.926.site.24, 126, 133, 259
537012.5.peg.926.site.25, 2, 133, 135
537012.5.peg.926.site.26, 3, 133, 136
537012.5.peg.926.site.27, 1, 133, 134
537012.5.peg.926.site.28, 1, 134, 135
537012.5.peg.927.site.1, 44, 132, 176
537012.5.peg.927.site.2, 1, 134, 135
537012.5.peg.927.site.3, 1, 134, 135
537012.5.peg.927.site.4, 1, 133, 134
537012.5.peg.927.site.5, 130, 132, 262
537012.5.peg.927.site.6, 39, 132, 171
537012.5.peg.927.site.7, 23, 132, 155
537012.5.peg.927.site.8, 4, 132, 136
537012.5.peg.927.site.9, 29, 132, 161
537012.5.peg.927.site.10, 1, 134, 135
537012.5.peg.927.site.11, 5, 132, 137
537012.5.peg.927.site.12, 6, 134, 140
537012.5.peg.927.site.13, 1, 134, 135
537012.5.peg.927.site.14, 1, 134, 135
537012.5.peg.927.site.15, 2, 90, 92
537012.5.peg.3672.site.1, 0, 134, 134
537012.5.peg.3672.site.2, 3, 133, 136
537012.5.peg.3672.site.3, 23, 131, 154
537012.5.peg.3672.site.4, 1, 133, 134
537012.5.peg.3672.site.5, 12, 134, 146
537012.5.peg.3672.site.6, 3, 133, 136
537012.5.peg.3672.site.7, 1, 133, 134
537012.5.peg.3672.site.8, 2, 134, 136
537012.5.peg.3672.site.9, 12, 133, 145
537012.5.peg.3672.site.10, 5, 134, 139
537012.5.peg.1715.site.1, 1, 87, 88
537012.5.peg.1715.site.2, 22, 121, 143
537012.5.peg.1715.site.3, 4, 122, 126
537012.5.peg.1715.site.4, 1, 119, 120
537012.5.peg.1715.site.5, 109, 111, 220
537012.5.peg.1715.site.6, 2, 101, 103
537012.5.peg.1715.site.7, 1, 101, 102
537012.5.peg.1715.site.8, 58, 100, 158
537012.5.peg.1715.site.9, 8, 115, 123
537012.5.peg.1715.site.10, 12, 117, 129
537012.5.peg.1715.site.11, 1, 122, 123
537012.5.peg.1715.site.12, 1, 122, 123
537012.5.peg.1715.site.13, 1, 120, 121
537012.5.peg.1715.site.14, 37, 114, 151
537012.5.peg.1715.site.15, 61, 112, 173
537012.5.peg.1715.site.16, 6, 119, 125
537012.5.peg.1715.site.17, 5, 118, 123
537012.5.peg.1715.site.18, 21, 119, 140
537012.5.peg.1715.site.19, 1, 121, 122
537012.5.peg.1715.site.20, 0, 121, 121
537012.5.peg.1715.site.21, 1, 123, 124
537012.5.peg.1715.site.22, 2, 123, 125
537012.5.peg.1715.site.23, 19, 115, 134
537012.5.peg.1715.site.24, 6, 114, 120
537012.5.peg.1715.site.25, 1, 110, 111
537012.5.peg.1715.site.26, 2, 107, 109
537012.5.peg.1715.site.27, 1, 104, 105
537012.5.peg.1715.site.28, 15, 96, 111
537012.5.peg.1715.site.29, 42, 82, 124
537012.5.peg.1715.site.30, 14, 87, 101
537012.5.peg.1715.site.31, 4, 97, 101
537012.5.peg.1715.site.32, 2, 99, 101
537012.5.peg.3905.site.1, 6, 127, 133
537012.5.peg.3905.site.2, 7, 129, 136
537012.5.peg.3905.site.3, 29, 128, 157
537012.5.peg.3905.site.4, 1, 129, 130
537012.5.peg.3905.site.5, 10, 129, 139
537012.5.peg.3905.site.6, 2, 128, 130
537012.5.peg.3905.site.7, 2, 129, 131
537012.5.peg.3905.site.8, 2, 128, 130
537012.5.peg.3905.site.9, 81, 129, 210
537012.5.peg.3905.site.10, 1, 127, 128
537012.5.peg.3905.site.11, 10, 129, 139
537012.5.peg.3905.site.12, 0, 128, 128
537012.5.peg.3905.site.13, 0, 124, 124
537012.5.peg.3905.site.14, 32, 128, 160
537012.5.peg.3905.site.15, 5, 129, 134
537012.5.peg.3905.site.16, 0, 126, 126
537012.5.peg.3905.site.17, 8, 126, 134
537012.5.peg.3905.site.18, 7, 126, 133
537012.5.peg.3905.site.19, 7, 124, 131
537012.5.peg.3905.site.20, 4, 121, 125
537012.5.peg.3905.site.21, 20, 115, 135
537012.5.peg.3905.site.22, 12, 116, 128
537012.5.peg.3905.site.23, 4, 111, 115
537012.5.peg.3905.site.24, 3, 108, 111
537012.5.peg.3905.site.25, 3, 105, 108
537012.5.peg.3905.site.26, 0, 109, 109
537012.5.peg.3905.site.27, 4, 114, 118
537012.5.peg.3905.site.28, 29, 118, 147
537012.5.peg.3905.site.29, 0, 120, 120
537012.5.peg.3905.site.30, 4, 122, 126
537012.5.peg.3905.site.31, 14, 123, 137
537012.5.peg.3905.site.32, 6, 126, 132
537012.5.peg.3905.site.33, 4, 126, 130
537012.5.peg.3905.site.34, 8, 126, 134
537012.5.peg.3905.site.35, 3, 120, 123
537012.5.peg.3906.site.1, 1, 132, 133
537012.5.peg.3906.site.2, 2, 133, 135
537012.5.peg.3906.site.3, 3, 133, 136
537012.5.peg.3906.site.4, 4, 131, 135
537012.5.peg.3906.site.5, 10, 133, 143
537012.5.peg.3906.site.6, 63, 130, 193
537012.5.peg.3906.site.7, 67, 132, 199
537012.5.peg.3906.site.8, 0, 133, 133
537012.5.peg.3906.site.9, 9, 133, 142
537012.5.peg.3906.site.10, 3, 132, 135
537012.5.peg.3906.site.11, 1, 133, 134
537012.5.peg.3906.site.12, 3, 133, 136
537012.5.peg.3906.site.13, 9, 133, 142
537012.5.peg.3906.site.14, 40, 129, 169
537012.5.peg.3906.site.15, 1, 131, 132
537012.5.peg.3906.site.16, 4, 131, 135
537012.5.peg.3906.site.17, 23, 132, 155
537012.5.peg.3906.site.18, 11, 132, 143
537012.5.peg.3906.site.19, 4, 131, 135
537012.5.peg.3906.site.20, 0, 133, 133
537012.5.peg.3906.site.21, 28, 131, 159
537012.5.peg.2158.site.1, 1, 130, 131
537012.5.peg.2158.site.2, 1, 130, 131
537012.5.peg.2158.site.3, 3, 132, 135
537012.5.peg.2158.site.4, 1, 130, 131
537012.5.peg.2158.site.5, 11, 130, 141
537012.5.peg.2158.site.6, 62, 130, 192
537012.5.peg.2158.site.7, 1, 129, 130
537012.5.peg.2158.site.8, 1, 131, 132
537012.5.peg.2158.site.9, 23, 130, 153
537012.5.peg.2158.site.10, 0, 130, 130
537012.5.peg.2158.site.11, 10, 130, 140
537012.5.peg.2158.site.12, 40, 130, 170
537012.5.peg.2158.site.13, 0, 129, 129
537012.5.peg.2158.site.14, 2, 131, 133
537012.5.peg.2158.site.15, 4, 129, 133
537012.5.peg.2158.site.16, 4, 129, 133
537012.5.peg.2158.site.17, 0, 130, 130
537012.5.peg.2158.site.18, 0, 130, 130
537012.5.peg.2158.site.19, 1, 131, 132
537012.5.peg.2158.site.20, 6, 131, 137
537012.5.peg.2158.site.21, 2, 130, 132
537012.5.peg.2158.site.22, 11, 130, 141
537012.5.peg.2158.site.23, 2, 129, 131
537012.5.peg.2158.site.24, 1, 133, 134
537012.5.peg.2158.site.25, 32, 131, 163
537012.5.peg.2158.site.26, 9, 133, 142
537012.5.peg.2158.site.27, 40, 132, 172
537012.5.peg.2158.site.28, 3, 131, 134
537012.5.peg.2158.site.29, 38, 131, 169
537012.5.peg.2158.site.30, 10, 129, 139
537012.5.peg.2158.site.31, 1, 130, 131
537012.5.peg.2158.site.32, 1, 130, 131
537012.5.peg.2158.site.33, 6, 130, 136
537012.5.peg.2158.site.34, 2, 130, 132
537012.5.peg.2158.site.35, 5, 130, 135
537012.5.peg.2158.site.36, 13, 129, 142
537012.5.peg.2158.site.37, 1, 129, 130
537012.5.peg.2158.site.38, 5, 132, 137
537012.5.peg.2158.site.39, 2, 134, 136
537012.5.peg.2158.site.40, 3, 131, 134
537012.5.peg.2158.site.41, 3, 134, 137
537012.5.peg.2158.site.42, 6, 134, 140
537012.5.peg.2158.site.43, 2, 134, 136
537012.5.peg.2158.site.44, 93, 132, 225
537012.5.peg.2158.site.45, 1, 134, 135
537012.5.peg.2158.site.46, 2, 134, 136
537012.5.peg.2158.site.47, 33, 128, 161
537012.5.peg.2158.site.48, 2, 125, 127
537012.5.peg.2159.site.1, 2, 129, 131
537012.5.peg.2159.site.2, 8, 128, 136
537012.5.peg.2159.site.3, 3, 126, 129
537012.5.peg.2159.site.4, 5, 125, 130
537012.5.peg.2159.site.5, 3, 127, 130
537012.5.peg.2159.site.6, 1, 126, 127
537012.5.peg.2159.site.7, 6, 124, 130
537012.5.peg.2159.site.8, 3, 126, 129
537012.5.peg.2159.site.9, 1, 124, 125
537012.5.peg.2159.site.10, 13, 124, 137
537012.5.peg.2159.site.11, 2, 124, 126
537012.5.peg.2159.site.12, 1, 124, 125
537012.5.peg.2159.site.13, 1, 124, 125
537012.5.peg.2159.site.14, 6, 123, 129
537012.5.peg.2159.site.15, 2, 121, 123
537012.5.peg.2159.site.16, 1, 120, 121
537012.5.peg.2159.site.17, 2, 118, 120
537012.5.peg.2159.site.18, 6, 117, 123
537012.5.peg.2159.site.19, 1, 120, 121
537012.5.peg.2159.site.20, 4, 118, 122
537012.5.peg.2159.site.21, 2, 121, 123
537012.5.peg.2159.site.22, 2, 120, 122
537012.5.peg.2154.site.1, 1, 123, 124
537012.5.peg.2154.site.2, 7, 124, 131
537012.5.peg.2154.site.3, 1, 124, 125
537012.5.peg.2154.site.4, 1, 123, 124
537012.5.peg.2154.site.5, 9, 128, 137
537012.5.peg.2154.site.6, 2, 132, 134
537012.5.peg.2154.site.7, 1, 130, 131
537012.5.peg.2154.site.8, 4, 131, 135
537012.5.peg.2154.site.9, 2, 129, 131
537012.5.peg.2154.site.10, 8, 129, 137
537012.5.peg.2154.site.11, 1, 126, 127
537012.5.peg.2154.site.12, 77, 123, 200
537012.5.peg.2154.site.13, 1, 131, 132
537012.5.peg.2154.site.14, 0, 132, 132
537012.5.peg.2154.site.15, 0, 133, 133
537012.5.peg.2154.site.16, 1, 133, 134
537012.5.peg.2154.site.17, 4, 132, 136
537012.5.peg.2154.site.18, 4, 131, 135
537012.5.peg.2154.site.19, 3, 132, 135
537012.5.peg.2154.site.20, 1, 132, 133
537012.5.peg.2154.site.21, 11, 132, 143
537012.5.peg.2154.site.22, 2, 130, 132
537012.5.peg.2154.site.23, 1, 131, 132
537012.5.peg.2154.site.24, 12, 128, 140
537012.5.peg.2154.site.25, 105, 126, 231
537012.5.peg.2154.site.26, 8, 130, 138
537012.5.peg.2154.site.27, 0, 130, 130
537012.5.peg.2154.site.28, 0, 129, 129
537012.5.peg.2154.site.29, 11, 127, 138
537012.5.peg.2154.site.30, 0, 128, 128
537012.5.peg.2154.site.31, 2, 123, 125
537012.5.peg.2154.site.32, 3, 118, 121
537012.5.peg.2154.site.33, 2, 116, 118
537012.5.peg.2154.site.34, 3, 112, 115
537012.5.peg.2154.site.35, 2, 107, 109
537012.5.peg.2154.site.36, 2, 116, 118
537012.5.peg.2154.site.37, 3, 127, 130
537012.5.peg.2154.site.38, 4, 131, 135
537012.5.peg.2154.site.39, 1, 131, 132
537012.5.peg.2154.site.40, 8, 132, 140
537012.5.peg.2154.site.41, 3, 131, 134
537012.5.peg.2154.site.42, 1, 131, 132
537012.5.peg.2154.site.43, 4, 131, 135
537012.5.peg.2154.site.44, 2, 130, 132
537012.5.peg.2154.site.45, 12, 130, 142
537012.5.peg.2154.site.46, 1, 129, 130
537012.5.peg.2154.site.47, 2, 131, 133
537012.5.peg.2154.site.48, 0, 132, 132
537012.5.peg.2154.site.49, 2, 131, 133
537012.5.peg.2154.site.50, 2, 130, 132
537012.5.peg.2154.site.51, 10, 131, 141
537012.5.peg.2154.site.52, 114, 129, 243
537012.5.peg.2154.site.53, 23, 122, 145
537012.5.peg.2154.site.54, 3, 111, 114
537012.5.peg.2154.site.55, 1, 110, 111
537012.5.peg.2154.site.56, 107, 108, 215
537012.5.peg.2154.site.57, 0, 108, 108
537012.5.peg.2154.site.58, 112, 113, 225
537012.5.peg.2154.site.59, 9, 127, 136
537012.5.peg.2154.site.60, 1, 125, 126
537012.5.peg.2154.site.61, 3, 126, 129
537012.5.peg.2154.site.62, 17, 125, 142
537012.5.peg.2154.site.63, 1, 124, 125
537012.5.peg.2154.site.64, 1, 131, 132
537012.5.peg.2154.site.65, 64, 131, 195
537012.5.peg.2154.site.66, 3, 131, 134
537012.5.peg.2154.site.67, 11, 130, 141
537012.5.peg.2154.site.68, 1, 129, 130
537012.5.peg.2154.site.69, 2, 129, 131
537012.5.peg.2154.site.70, 1, 128, 129
537012.5.peg.2154.site.71, 20, 129, 149
537012.5.peg.2154.site.72, 15, 130, 145
537012.5.peg.2154.site.73, 1, 130, 131
537012.5.peg.2154.site.74, 1, 129, 130
537012.5.peg.2154.site.75, 3, 131, 134
537012.5.peg.2154.site.76, 4, 132, 136
537012.5.peg.2154.site.77, 4, 127, 131
537012.5.peg.2155.site.1, 4, 116, 120
537012.5.peg.2155.site.2, 1, 126, 127
537012.5.peg.2155.site.3, 65, 126, 191
537012.5.peg.2155.site.4, 16, 125, 141
537012.5.peg.2155.site.5, 2, 126, 128
537012.5.peg.2155.site.6, 1, 125, 126
537012.5.peg.2155.site.7, 2, 125, 127
537012.5.peg.2155.site.8, 1, 126, 127
537012.5.peg.2155.site.9, 17, 126, 143
537012.5.peg.2155.site.10, 58, 124, 182
537012.5.peg.2155.site.11, 5, 123, 128
537012.5.peg.2155.site.12, 49, 119, 168
537012.5.peg.2155.site.13, 1, 126, 127
537012.5.peg.2155.site.14, 4, 126, 130
537012.5.peg.2155.site.15, 5, 126, 131
537012.5.peg.2155.site.16, 36, 126, 162
537012.5.peg.2155.site.17, 1, 126, 127
537012.5.peg.2155.site.18, 3, 126, 129
537012.5.peg.2155.site.19, 20, 124, 144
537012.5.peg.2155.site.20, 10, 126, 136
537012.5.peg.2155.site.21, 2, 126, 128
537012.5.peg.2156.site.1, 1, 125, 126
537012.5.peg.2156.site.2, 19, 125, 144
537012.5.peg.2156.site.3, 9, 126, 135
537012.5.peg.2156.site.4, 85, 126, 211
537012.5.peg.2156.site.5, 85, 126, 211
537012.5.peg.2156.site.6, 3, 126, 129
537012.5.peg.2156.site.7, 4, 125, 129
537012.5.peg.2156.site.8, 1, 125, 126
537012.5.peg.2156.site.9, 1, 126, 127
537012.5.peg.2156.site.10, 2, 126, 128
537012.5.peg.2156.site.11, 26, 124, 150
537012.5.peg.2156.site.12, 3, 126, 129
537012.5.peg.2156.site.13, 3, 126, 129
537012.5.peg.2156.site.14, 1, 125, 126
537012.5.peg.2156.site.15, 23, 126, 149
537012.5.peg.2156.site.16, 2, 124, 126
537012.5.peg.2156.site.17, 22, 126, 148
537012.5.peg.2156.site.18, 5, 126, 131
537012.5.peg.2156.site.19, 1, 126, 127
537012.5.peg.2156.site.20, 1, 126, 127
537012.5.peg.2156.site.21, 0, 126, 126
537012.5.peg.2156.site.22, 14, 125, 139
537012.5.peg.2156.site.23, 1, 126, 127
537012.5.peg.2156.site.24, 9, 125, 134
537012.5.peg.2156.site.25, 3, 126, 129
537012.5.peg.2156.site.26, 8, 124, 132
537012.5.peg.2156.site.27, 3, 126, 129
537012.5.peg.2156.site.28, 3, 126, 129
537012.5.peg.2156.site.29, 3, 126, 129
537012.5.peg.2156.site.30, 10, 124, 134
537012.5.peg.2156.site.31, 6, 126, 132
537012.5.peg.2157.site.1, 1, 134, 135
537012.5.peg.2157.site.2, 1, 134, 135
537012.5.peg.2157.site.3, 5, 134, 139
537012.5.peg.2157.site.4, 15, 133, 148
537012.5.peg.2157.site.5, 42, 133, 175
537012.5.peg.2157.site.6, 5, 133, 138
537012.5.peg.2157.site.7, 11, 133, 144
537012.5.peg.2157.site.8, 10, 134, 144
537012.5.peg.2157.site.9, 15, 132, 147
537012.5.peg.2157.site.10, 5, 132, 137
537012.5.peg.2157.site.11, 4, 134, 138
537012.5.peg.2157.site.12, 0, 134, 134
537012.5.peg.2150.site.1, 2, 131, 133
537012.5.peg.2150.site.2, 30, 134, 164
537012.5.peg.2150.site.3, 4, 132, 136
537012.5.peg.2150.site.4, 111, 133, 244
537012.5.peg.2150.site.5, 27, 132, 159
537012.5.peg.2150.site.6, 2, 130, 132
537012.5.peg.2150.site.7, 3, 130, 133
537012.5.peg.2150.site.8, 107, 131, 238
537012.5.peg.2150.site.9, 1, 130, 131
537012.5.peg.2150.site.10, 0, 129, 129
537012.5.peg.2150.site.11, 0, 128, 128
537012.5.peg.2150.site.12, 5, 129, 134
537012.5.peg.2150.site.13, 8, 130, 138
537012.5.peg.2150.site.14, 1, 129, 130
537012.5.peg.2150.site.15, 0, 128, 128
537012.5.peg.2150.site.16, 0, 130, 130
537012.5.peg.2150.site.17, 1, 130, 131
537012.5.peg.2150.site.18, 13, 129, 142
537012.5.peg.2150.site.19, 0, 129, 129
537012.5.peg.2150.site.20, 20, 127, 147
537012.5.peg.2150.site.21, 1, 129, 130
537012.5.peg.2150.site.22, 1, 130, 131
537012.5.peg.2151.site.1, 3, 122, 125
537012.5.peg.2151.site.2, 20, 126, 146
537012.5.peg.2151.site.3, 2, 126, 128
537012.5.peg.2151.site.4, 20, 126, 146
537012.5.peg.2151.site.5, 15, 126, 141
537012.5.peg.2151.site.6, 59, 124, 183
537012.5.peg.2151.site.7, 3, 126, 129
537012.5.peg.2151.site.8, 7, 126, 133
537012.5.peg.2151.site.9, 25, 125, 150
537012.5.peg.2151.site.10, 10, 126, 136
537012.5.peg.2151.site.11, 0, 126, 126
537012.5.peg.2151.site.12, 1, 126, 127
537012.5.peg.2151.site.13, 2, 126, 128
537012.5.peg.2151.site.14, 72, 124, 196
537012.5.peg.2151.site.15, 72, 124, 196
537012.5.peg.2152.site.1, 7, 125, 132
537012.5.peg.2152.site.2, 0, 126, 126
537012.5.peg.2152.site.3, 8, 126, 134
537012.5.peg.2152.site.4, 2, 125, 127
537012.5.peg.2152.site.5, 8, 124, 132
537012.5.peg.2152.site.6, 1, 126, 127
537012.5.peg.2152.site.7, 11, 126, 137
537012.5.peg.2152.site.8, 30, 125, 155
537012.5.peg.1710.site.1, 7, 124, 131
537012.5.peg.1710.site.2, 42, 128, 170
537012.5.peg.1710.site.3, 7, 130, 137
537012.5.peg.1710.site.4, 17, 130, 147
537012.5.peg.1710.site.5, 2, 130, 132
537012.5.peg.1710.site.6, 16, 128, 144
537012.5.peg.1710.site.7, 0, 124, 124
537012.5.peg.1710.site.8, 1, 124, 125
537012.5.peg.1710.site.9, 3, 128, 131
537012.5.peg.1710.site.10, 8, 129, 137
537012.5.peg.1710.site.11, 3, 130, 133
537012.5.peg.1710.site.12, 5, 129, 134
537012.5.peg.1710.site.13, 58, 128, 186
537012.5.peg.1710.site.14, 2, 130, 132
537012.5.peg.1710.site.15, 1, 130, 131
537012.5.peg.1710.site.16, 11, 127, 138
537012.5.peg.1710.site.17, 43, 120, 163
537012.5.peg.1710.site.18, 59, 123, 182
537012.5.peg.1710.site.19, 1, 123, 124
537012.5.peg.1710.site.20, 8, 125, 133
537012.5.peg.1710.site.21, 10, 128, 138
537012.5.peg.106.site.1, 37, 130, 167
537012.5.peg.106.site.2, 2, 130, 132
537012.5.peg.106.site.3, 1, 132, 133
537012.5.peg.106.site.4, 4, 130, 134
537012.5.peg.106.site.5, 0, 132, 132
537012.5.peg.106.site.6, 2, 132, 134
537012.5.peg.106.site.7, 4, 133, 137
537012.5.peg.106.site.8, 3, 131, 134
537012.5.peg.106.site.9, 8, 131, 139
537012.5.peg.106.site.10, 8, 130, 138
537012.5.peg.107.site.1, 21, 124, 145
537012.5.peg.107.site.2, 70, 123, 193
537012.5.peg.107.site.3, 8, 124, 132
537012.5.peg.107.site.4, 5, 126, 131
537012.5.peg.107.site.5, 7, 134, 141
537012.5.peg.107.site.6, 8, 134, 142
537012.5.peg.107.site.7, 3, 134, 137
537012.5.peg.107.site.8, 4, 132, 136
537012.5.peg.107.site.9, 5, 133, 138
537012.5.peg.107.site.10, 7, 134, 141
537012.5.peg.107.site.11, 11, 132, 143
537012.5.peg.107.site.12, 54, 132, 186
537012.5.peg.107.site.13, 92, 133, 225
537012.5.peg.107.site.14, 5, 86, 91
537012.5.peg.104.site.1, 0, 107, 107
537012.5.peg.104.site.2, 5, 130, 135
537012.5.peg.104.site.3, 26, 128, 154
537012.5.peg.104.site.4, 7, 128, 135
537012.5.peg.104.site.5, 28, 128, 156
537012.5.peg.104.site.6, 3, 130, 133
537012.5.peg.104.site.7, 1, 129, 130
537012.5.peg.104.site.8, 3, 128, 131
537012.5.peg.104.site.9, 3, 129, 132
537012.5.peg.104.site.10, 4, 132, 136
537012.5.peg.104.site.11, 7, 129, 136
537012.5.peg.104.site.12, 14, 131, 145
537012.5.peg.104.site.13, 18, 130, 148
537012.5.peg.104.site.14, 2, 128, 130
537012.5.peg.104.site.15, 2, 128, 130
537012.5.peg.104.site.16, 1, 128, 129
537012.5.peg.104.site.17, 8, 128, 136
537012.5.peg.104.site.18, 0, 119, 119
537012.5.peg.104.site.19, 6, 121, 127
537012.5.peg.104.site.20, 7, 121, 128
537012.5.peg.104.site.21, 89, 125, 214
537012.5.peg.104.site.22, 3, 125, 128
537012.5.peg.104.site.23, 30, 131, 161
537012.5.peg.104.site.24, 1, 129, 130
537012.5.peg.104.site.25, 4, 132, 136
537012.5.peg.104.site.26, 4, 132, 136
537012.5.peg.104.site.27, 14, 130, 144
537012.5.peg.104.site.28, 9, 131, 140
537012.5.peg.104.site.29, 19, 128, 147
537012.5.peg.104.site.30, 1, 130, 131
537012.5.peg.104.site.31, 11, 130, 141
537012.5.peg.104.site.32, 2, 129, 131
537012.5.peg.104.site.33, 2, 120, 122
537012.5.peg.104.site.34, 101, 120, 221
537012.5.peg.104.site.35, 1, 120, 121
537012.5.peg.104.site.36, 102, 122, 224
537012.5.peg.104.site.37, 1, 119, 120
537012.5.peg.104.site.38, 3, 120, 123
537012.5.peg.104.site.39, 2, 120, 122
537012.5.peg.104.site.40, 13, 123, 136
537012.5.peg.104.site.41, 6, 123, 129
537012.5.peg.104.site.42, 3, 121, 124
537012.5.peg.104.site.43, 3, 111, 114
537012.5.peg.104.site.44, 1, 118, 119
537012.5.peg.104.site.45, 5, 130, 135
537012.5.peg.104.site.46, 1, 131, 132
537012.5.peg.104.site.47, 12, 132, 144
537012.5.peg.104.site.48, 3, 129, 132
537012.5.peg.104.site.49, 3, 129, 132
537012.5.peg.104.site.50, 11, 129, 140
537012.5.peg.104.site.51, 10, 131, 141
537012.5.peg.104.site.52, 3, 128, 131
537012.5.peg.104.site.53, 2, 129, 131
537012.5.peg.104.site.54, 7, 129, 136
537012.5.peg.104.site.55, 2, 131, 133
537012.5.peg.104.site.56, 3, 132, 135
537012.5.peg.104.site.57, 2, 129, 131
537012.5.peg.104.site.58, 1, 131, 132
537012.5.peg.104.site.59, 45, 132, 177
537012.5.peg.104.site.60, 4, 133, 137
537012.5.peg.104.site.61, 10, 133, 143
537012.5.peg.104.site.62, 6, 133, 139
537012.5.peg.105.site.1, 71, 122, 193
537012.5.peg.105.site.2, 6, 132, 138
537012.5.peg.105.site.3, 60, 131, 191
537012.5.peg.105.site.4, 1, 132, 133
537012.5.peg.105.site.5, 3, 130, 133
537012.5.peg.105.site.6, 3, 133, 136
537012.5.peg.105.site.7, 47, 133, 180
537012.5.peg.105.site.8, 4, 132, 136
537012.5.peg.105.site.9, 1, 134, 135
537012.5.peg.105.site.10, 115, 133, 248
537012.5.peg.105.site.11, 11, 133, 144
537012.5.peg.105.site.12, 117, 134, 251
537012.5.peg.105.site.13, 130, 134, 264
537012.5.peg.105.site.14, 2, 134, 136
537012.5.peg.105.site.15, 1, 134, 135
537012.5.peg.105.site.16, 3, 133, 136
537012.5.peg.105.site.17, 1, 134, 135
537012.5.peg.105.site.18, 1, 134, 135
537012.5.peg.105.site.19, 6, 134, 140
537012.5.peg.105.site.20, 4, 132, 136
537012.5.peg.105.site.21, 0, 134, 134
537012.5.peg.105.site.22, 6, 133, 139
537012.5.peg.105.site.23, 1, 134, 135
537012.5.peg.105.site.24, 2, 134, 136
537012.5.peg.105.site.25, 1, 132, 133
537012.5.peg.105.site.26, 1, 133, 134
537012.5.peg.105.site.27, 4, 133, 137
537012.5.peg.105.site.28, 0, 134, 134
537012.5.peg.105.site.29, 4, 132, 136
537012.5.peg.105.site.30, 10, 132, 142
537012.5.peg.105.site.31, 4, 132, 136
537012.5.peg.105.site.32, 3, 130, 133
537012.5.peg.105.site.33, 120, 132, 252
537012.5.peg.105.site.34, 5, 133, 138
537012.5.peg.105.site.35, 1, 133, 134
537012.5.peg.105.site.36, 11, 134, 145
537012.5.peg.105.site.37, 4, 133, 137
537012.5.peg.105.site.38, 3, 132, 135
537012.5.peg.105.site.39, 7, 132, 139
537012.5.peg.105.site.40, 2, 130, 132
537012.5.peg.103.site.1, 6, 119, 125
537012.5.peg.103.site.2, 3, 130, 133
537012.5.peg.103.site.3, 0, 130, 130
537012.5.peg.103.site.4, 3, 132, 135
537012.5.peg.103.site.5, 0, 131, 131
537012.5.peg.103.site.6, 1, 130, 131
537012.5.peg.103.site.7, 0, 130, 130
537012.5.peg.103.site.8, 0, 123, 123
537012.5.peg.103.site.9, 1, 124, 125
537012.5.peg.103.site.10, 1, 123, 124
537012.5.peg.103.site.11, 0, 123, 123
537012.5.peg.103.site.12, 1, 124, 125
537012.5.peg.103.site.13, 84, 116, 200
537012.5.peg.103.site.14, 1, 128, 129
537012.5.peg.103.site.15, 2, 129, 131
537012.5.peg.103.site.16, 110, 133, 243
537012.5.peg.103.site.17, 4, 132, 136
537012.5.peg.103.site.18, 4, 130, 134
537012.5.peg.103.site.19, 5, 133, 138
537012.5.peg.100.site.1, 0, 131, 131
537012.5.peg.100.site.2, 6, 132, 138
537012.5.peg.100.site.3, 5, 131, 136
537012.5.peg.100.site.4, 7, 132, 139
537012.5.peg.100.site.5, 6, 130, 136
537012.5.peg.100.site.6, 3, 132, 135
537012.5.peg.100.site.7, 5, 128, 133
537012.5.peg.100.site.8, 4, 127, 131
537012.5.peg.100.site.9, 47, 126, 173
537012.5.peg.100.site.10, 28, 127, 155
537012.5.peg.100.site.11, 6, 128, 134
537012.5.peg.100.site.12, 10, 128, 138
537012.5.peg.100.site.13, 1, 129, 130
537012.5.peg.100.site.14, 2, 129, 131
537012.5.peg.100.site.15, 7, 129, 136
537012.5.peg.100.site.16, 43, 129, 172
537012.5.peg.100.site.17, 7, 130, 137
537012.5.peg.100.site.18, 5, 129, 134
537012.5.peg.100.site.19, 76, 129, 205
537012.5.peg.100.site.20, 5, 129, 134
537012.5.peg.100.site.21, 4, 129, 133
537012.5.peg.100.site.22, 3, 130, 133
537012.5.peg.100.site.23, 3, 129, 132
537012.5.peg.100.site.24, 6, 131, 137
537012.5.peg.100.site.25, 0, 132, 132
537012.5.peg.100.site.26, 4, 129, 133
537012.5.peg.100.site.27, 1, 129, 130
537012.5.peg.100.site.28, 3, 129, 132
537012.5.peg.100.site.29, 4, 132, 136
537012.5.peg.100.site.30, 24, 126, 150
537012.5.peg.100.site.31, 3, 127, 130
537012.5.peg.100.site.32, 5, 127, 132
537012.5.peg.100.site.33, 11, 116, 127
537012.5.peg.100.site.34, 5, 109, 114
537012.5.peg.100.site.35, 6, 110, 116
537012.5.peg.100.site.36, 2, 112, 114
537012.5.peg.100.site.37, 1, 110, 111
537012.5.peg.100.site.38, 2, 115, 117
537012.5.peg.100.site.39, 5, 115, 120
537012.5.peg.100.site.40, 1, 118, 119
537012.5.peg.100.site.41, 24, 122, 146
537012.5.peg.100.site.42, 6, 131, 137
537012.5.peg.100.site.43, 1, 130, 131
537012.5.peg.100.site.44, 6, 127, 133
537012.5.peg.100.site.45, 5, 127, 132
537012.5.peg.100.site.46, 4, 127, 131
537012.5.peg.100.site.47, 0, 125, 125
537012.5.peg.100.site.48, 107, 127, 234
537012.5.peg.100.site.49, 74, 130, 204
537012.5.peg.100.site.50, 3, 130, 133
537012.5.peg.100.site.51, 0, 127, 127
537012.5.peg.100.site.52, 6, 128, 134
537012.5.peg.100.site.53, 0, 130, 130
537012.5.peg.100.site.54, 59, 130, 189
537012.5.peg.100.site.55, 40, 130, 170
537012.5.peg.100.site.56, 3, 130, 133
537012.5.peg.100.site.57, 5, 129, 134
537012.5.peg.100.site.58, 0, 126, 126
537012.5.peg.100.site.59, 1, 129, 130
537012.5.peg.100.site.60, 3, 128, 131
537012.5.peg.100.site.61, 6, 129, 135
537012.5.peg.100.site.62, 2, 127, 129
537012.5.peg.100.site.63, 4, 127, 131
537012.5.peg.100.site.64, 8, 127, 135
537012.5.peg.100.site.65, 2, 129, 131
537012.5.peg.100.site.66, 2, 129, 131
537012.5.peg.100.site.67, 4, 129, 133
537012.5.peg.100.site.68, 45, 129, 174
537012.5.peg.100.site.69, 8, 129, 137
537012.5.peg.100.site.70, 1, 125, 126
537012.5.peg.100.site.71, 1, 123, 124
537012.5.peg.100.site.72, 8, 128, 136
537012.5.peg.100.site.73, 0, 128, 128
537012.5.peg.100.site.74, 0, 127, 127
537012.5.peg.100.site.75, 4, 129, 133
537012.5.peg.100.site.76, 30, 129, 159
537012.5.peg.100.site.77, 0, 128, 128
537012.5.peg.100.site.78, 4, 128, 132
537012.5.peg.100.site.79, 0, 126, 126
537012.5.peg.100.site.80, 2, 128, 130
537012.5.peg.100.site.81, 7, 126, 133
537012.5.peg.100.site.82, 7, 128, 135
537012.5.peg.100.site.83, 7, 128, 135
537012.5.peg.100.site.84, 1, 127, 128
537012.5.peg.100.site.85, 13, 127, 140
537012.5.peg.100.site.86, 2, 129, 131
537012.5.peg.100.site.87, 7, 130, 137
537012.5.peg.100.site.88, 27, 130, 157
537012.5.peg.100.site.89, 106, 127, 233
537012.5.peg.100.site.90, 3, 125, 128
537012.5.peg.100.site.91, 27, 124, 151
537012.5.peg.100.site.92, 1, 124, 125
537012.5.peg.100.site.93, 2, 128, 130
537012.5.peg.100.site.94, 41, 128, 169
537012.5.peg.100.site.95, 21, 129, 150
537012.5.peg.100.site.96, 6, 129, 135
537012.5.peg.100.site.97, 3, 130, 133
537012.5.peg.100.site.98, 3, 130, 133
537012.5.peg.100.site.99, 1, 130, 131
537012.5.peg.100.site.100, 3, 130, 133
537012.5.peg.100.site.101, 3, 130, 133
537012.5.peg.100.site.102, 4, 130, 134
537012.5.peg.100.site.103, 0, 130, 130
537012.5.peg.100.site.104, 14, 124, 138
537012.5.peg.100.site.105, 2, 124, 126
537012.5.peg.100.site.106, 41, 129, 170
537012.5.peg.100.site.107, 1, 128, 129
537012.5.peg.100.site.108, 17, 127, 144
537012.5.peg.100.site.109, 4, 129, 133
537012.5.peg.100.site.110, 3, 129, 132
537012.5.peg.100.site.111, 1, 129, 130
537012.5.peg.100.site.112, 2, 129, 131
537012.5.peg.100.site.113, 1, 130, 131
537012.5.peg.100.site.114, 0, 128, 128
537012.5.peg.100.site.115, 6, 130, 136
537012.5.peg.100.site.116, 6, 128, 134
537012.5.peg.100.site.117, 0, 129, 129
537012.5.peg.100.site.118, 1, 130, 131
537012.5.peg.100.site.119, 11, 129, 140
537012.5.peg.100.site.120, 13, 129, 142
537012.5.peg.100.site.121, 2, 130, 132
537012.5.peg.100.site.122, 1, 130, 131
537012.5.peg.100.site.123, 1, 130, 131
537012.5.peg.100.site.124, 5, 127, 132
537012.5.peg.100.site.125, 3, 126, 129
537012.5.peg.100.site.126, 1, 123, 124
537012.5.peg.100.site.127, 27, 124, 151
537012.5.peg.100.site.128, 57, 123, 180
537012.5.peg.100.site.129, 1, 123, 124
537012.5.peg.100.site.130, 53, 123, 176
537012.5.peg.100.site.131, 0, 123, 123
537012.5.peg.100.site.132, 0, 124, 124
537012.5.peg.100.site.133, 95, 122, 217
537012.5.peg.100.site.134, 3, 123, 126
537012.5.peg.100.site.135, 0, 124, 124
537012.5.peg.100.site.136, 0, 124, 124
537012.5.peg.100.site.137, 0, 124, 124
537012.5.peg.100.site.138, 0, 122, 122
537012.5.peg.100.site.139, 4, 123, 127
537012.5.peg.100.site.140, 1, 123, 124
537012.5.peg.100.site.141, 1, 123, 124
537012.5.peg.100.site.142, 47, 122, 169
537012.5.peg.100.site.143, 1, 124, 125
537012.5.peg.100.site.144, 2, 124, 126
537012.5.peg.100.site.145, 5, 129, 134
537012.5.peg.100.site.146, 0, 128, 128
537012.5.peg.100.site.147, 1, 128, 129
537012.5.peg.100.site.148, 2, 127, 129
537012.5.peg.100.site.149, 2, 129, 131
537012.5.peg.100.site.150, 5, 129, 134
537012.5.peg.100.site.151, 7, 129, 136
537012.5.peg.100.site.152, 7, 129, 136
537012.5.peg.100.site.153, 18, 130, 148
537012.5.peg.100.site.154, 6, 129, 135
537012.5.peg.100.site.155, 1, 130, 131
537012.5.peg.100.site.156, 126, 130, 256
537012.5.peg.100.site.157, 0, 130, 130
537012.5.peg.100.site.158, 6, 130, 136
537012.5.peg.100.site.159, 3, 130, 133
537012.5.peg.100.site.160, 4, 129, 133
537012.5.peg.100.site.161, 0, 128, 128
537012.5.peg.100.site.162, 4, 128, 132
537012.5.peg.100.site.163, 0, 127, 127
537012.5.peg.100.site.164, 3, 127, 130
537012.5.peg.100.site.165, 4, 126, 130
537012.5.peg.100.site.166, 42, 125, 167
537012.5.peg.100.site.167, 3, 125, 128
537012.5.peg.100.site.168, 6, 130, 136
537012.5.peg.100.site.169, 8, 128, 136
537012.5.peg.100.site.170, 1, 128, 129
537012.5.peg.100.site.171, 3, 131, 134
537012.5.peg.100.site.172, 1, 131, 132
537012.5.peg.101.site.1, 3, 129, 132
537012.5.peg.101.site.2, 2, 130, 132
537012.5.peg.101.site.3, 2, 130, 132
537012.5.peg.101.site.4, 40, 125, 165
537012.5.peg.101.site.5, 7, 128, 135
537012.5.peg.101.site.6, 1, 128, 129
537012.5.peg.101.site.7, 7, 127, 134
537012.5.peg.101.site.8, 88, 128, 216
537012.5.peg.101.site.9, 0, 128, 128
537012.5.peg.101.site.10, 2, 128, 130
537012.5.peg.101.site.11, 6, 128, 134
537012.5.peg.101.site.12, 7, 129, 136
537012.5.peg.101.site.13, 7, 130, 137
537012.5.peg.101.site.14, 65, 129, 194
537012.5.peg.101.site.15, 87, 129, 216
537012.5.peg.101.site.16, 0, 130, 130
537012.5.peg.101.site.17, 0, 130, 130
537012.5.peg.101.site.18, 9, 129, 138
537012.5.peg.101.site.19, 0, 130, 130
537012.5.peg.101.site.20, 9, 130, 139
537012.5.peg.101.site.21, 107, 129, 236
537012.5.peg.101.site.22, 120, 129, 249
537012.5.peg.101.site.23, 6, 129, 135
537012.5.peg.101.site.24, 3, 129, 132
537012.5.peg.101.site.25, 0, 127, 127
537012.5.peg.101.site.26, 1, 118, 119
537012.5.peg.101.site.27, 4, 121, 125
537012.5.peg.101.site.28, 0, 122, 122
537012.5.peg.101.site.29, 0, 129, 129
537012.5.peg.101.site.30, 1, 130, 131
537012.5.peg.101.site.31, 0, 129, 129
537012.5.peg.101.site.32, 44, 129, 173
537012.5.peg.101.site.33, 1, 129, 130
537012.5.peg.101.site.34, 0, 128, 128
537012.5.peg.101.site.35, 0, 131, 131
537012.5.peg.101.site.36, 2, 130, 132
537012.5.peg.101.site.37, 2, 130, 132
537012.5.peg.101.site.38, 1, 132, 133
537012.5.peg.101.site.39, 5, 132, 137
537012.5.peg.101.site.40, 0, 129, 129
537012.5.peg.101.site.41, 0, 129, 129
537012.5.peg.101.site.42, 36, 129, 165
537012.5.peg.101.site.43, 9, 130, 139
537012.5.peg.101.site.44, 33, 132, 165
537012.5.peg.101.site.45, 2, 131, 133
537012.5.peg.101.site.46, 2, 131, 133
537012.5.peg.101.site.47, 35, 132, 167
537012.5.peg.101.site.48, 6, 132, 138
537012.5.peg.101.site.49, 3, 131, 134
537012.5.peg.101.site.50, 3, 132, 135
537012.5.peg.101.site.51, 3, 129, 132
537012.5.peg.101.site.52, 6, 129, 135
537012.5.peg.101.site.53, 0, 129, 129
537012.5.peg.101.site.54, 9, 129, 138
537012.5.peg.101.site.55, 5, 129, 134
537012.5.peg.101.site.56, 2, 128, 130
537012.5.peg.101.site.57, 2, 128, 130
537012.5.peg.101.site.58, 3, 129, 132
537012.5.peg.101.site.59, 3, 130, 133
537012.5.peg.101.site.60, 3, 131, 134
537012.5.peg.101.site.61, 0, 132, 132
537012.5.peg.101.site.62, 3, 133, 136
537012.5.peg.101.site.63, 1, 133, 134
537012.5.peg.101.site.64, 1, 132, 133
537012.5.peg.101.site.65, 0, 130, 130
537012.5.peg.101.site.66, 1, 132, 133
537012.5.peg.101.site.67, 2, 130, 132
537012.5.peg.101.site.68, 1, 132, 133
537012.5.peg.101.site.69, 9, 130, 139
537012.5.peg.101.site.70, 1, 132, 133
537012.5.peg.101.site.71, 26, 129, 155
537012.5.peg.101.site.72, 1, 129, 130
537012.5.peg.101.site.73, 1, 129, 130
537012.5.peg.101.site.74, 1, 129, 130
537012.5.peg.101.site.75, 9, 129, 138
537012.5.peg.101.site.76, 2, 131, 133
537012.5.peg.101.site.77, 6, 134, 140
537012.5.peg.101.site.78, 3, 132, 135
537012.5.peg.101.site.79, 23, 129, 152
537012.5.peg.101.site.80, 2, 130, 132
537012.5.peg.101.site.81, 5, 132, 137
537012.5.peg.101.site.82, 1, 127, 128
537012.5.peg.101.site.83, 114, 125, 239
537012.5.peg.101.site.84, 4, 126, 130
537012.5.peg.101.site.85, 4, 130, 134
537012.5.peg.101.site.86, 16, 129, 145
537012.5.peg.101.site.87, 1, 130, 131
537012.5.peg.101.site.88, 3, 130, 133
537012.5.peg.101.site.89, 27, 127, 154
537012.5.peg.101.site.90, 58, 130, 188
537012.5.peg.3332.site.1, 1, 77, 78
537012.5.peg.3332.site.2, 9, 76, 85
537012.5.peg.3332.site.3, 36, 75, 111
537012.5.peg.3332.site.4, 11, 78, 89
537012.5.peg.3332.site.5, 9, 79, 88
537012.5.peg.3332.site.6, 2, 78, 80
537012.5.peg.3332.site.7, 0, 78, 78
537012.5.peg.3332.site.8, 1, 82, 83
537012.5.peg.3332.site.9, 13, 79, 92
537012.5.peg.3332.site.10, 5, 78, 83
537012.5.peg.3332.site.11, 5, 78, 83
537012.5.peg.3332.site.12, 3, 77, 80
537012.5.peg.3332.site.13, 1, 77, 78
537012.5.peg.3332.site.14, 6, 77, 83
537012.5.peg.3332.site.15, 21, 76, 97
537012.5.peg.3332.site.16, 2, 76, 78
537012.5.peg.3332.site.17, 1, 77, 78
537012.5.peg.3332.site.18, 15, 75, 90
537012.5.peg.3332.site.19, 2, 75, 77
537012.5.peg.108.site.1, 1, 96, 97
537012.5.peg.108.site.2, 51, 94, 145
537012.5.peg.108.site.3, 0, 95, 95
537012.5.peg.108.site.4, 22, 101, 123
537012.5.peg.108.site.5, 2, 105, 107
537012.5.peg.108.site.6, 34, 97, 131
537012.5.peg.108.site.7, 5, 116, 121
537012.5.peg.108.site.8, 2, 118, 120
537012.5.peg.108.site.9, 3, 118, 121
537012.5.peg.108.site.10, 3, 118, 121
537012.5.peg.108.site.11, 49, 110, 159
537012.5.peg.108.site.12, 65, 99, 164
537012.5.peg.108.site.13, 3, 101, 104
537012.5.peg.108.site.14, 23, 90, 113
537012.5.peg.108.site.15, 38, 91, 129
537012.5.peg.108.site.16, 5, 117, 122
537012.5.peg.108.site.17, 5, 117, 122
537012.5.peg.108.site.18, 5, 115, 120
537012.5.peg.108.site.19, 0, 114, 114
537012.5.peg.108.site.20, 32, 114, 146
537012.5.peg.108.site.21, 30, 117, 147
537012.5.peg.108.site.22, 4, 116, 120
537012.5.peg.108.site.23, 3, 104, 107
537012.5.peg.108.site.24, 25, 102, 127
537012.5.peg.3334.site.1, 2, 75, 77
537012.5.peg.3334.site.2, 2, 77, 79
537012.5.peg.3334.site.3, 2, 75, 77
537012.5.peg.3334.site.4, 27, 76, 103
537012.5.peg.3334.site.5, 50, 76, 126
537012.5.peg.3334.site.6, 1, 77, 78
537012.5.peg.3334.site.7, 1, 76, 77
537012.5.peg.3334.site.8, 2, 76, 78
537012.5.peg.3334.site.9, 23, 80, 103
537012.5.peg.3334.site.10, 34, 78, 112
537012.5.peg.3334.site.11, 1, 80, 81
537012.5.peg.3334.site.12, 19, 80, 99
537012.5.peg.3334.site.13, 23, 79, 102
537012.5.peg.3334.site.14, 14, 80, 94
537012.5.peg.3334.site.15, 38, 82, 120
537012.5.peg.3334.site.16, 1, 80, 81
537012.5.peg.3334.site.17, 2, 81, 83
537012.5.peg.3334.site.18, 3, 81, 84
537012.5.peg.3334.site.19, 33, 77, 110
537012.5.peg.3334.site.20, 49, 81, 130
537012.5.peg.3334.site.21, 16, 81, 97
537012.5.peg.3334.site.22, 1, 78, 79
537012.5.peg.2088.site.1, 5, 125, 130
537012.5.peg.2088.site.2, 2, 124, 126
537012.5.peg.2088.site.3, 7, 124, 131
537012.5.peg.2088.site.4, 1, 126, 127
537012.5.peg.2088.site.5, 1, 124, 125
537012.5.peg.2088.site.6, 4, 124, 128
537012.5.peg.2088.site.7, 6, 124, 130
537012.5.peg.2088.site.8, 3, 125, 128
537012.5.peg.2088.site.9, 3, 125, 128
537012.5.peg.2088.site.10, 3, 126, 129
537012.5.peg.2088.site.11, 4, 124, 128
537012.5.peg.2088.site.12, 0, 126, 126
537012.5.peg.2088.site.13, 0, 122, 122
537012.5.peg.2088.site.14, 0, 122, 122
537012.5.peg.2088.site.15, 1, 122, 123
537012.5.peg.2088.site.16, 2, 123, 125
537012.5.peg.2088.site.17, 3, 123, 126
537012.5.peg.2088.site.18, 2, 123, 125
537012.5.peg.2088.site.19, 2, 123, 125
537012.5.peg.2088.site.20, 31, 122, 153
537012.5.peg.2088.site.21, 12, 119, 131
537012.5.peg.2088.site.22, 2, 116, 118
537012.5.peg.2088.site.23, 2, 114, 116
537012.5.peg.2088.site.24, 2, 115, 117
537012.5.peg.2088.site.25, 0, 110, 110
537012.5.peg.2088.site.26, 68, 110, 178
537012.5.peg.2088.site.27, 2, 112, 114
537012.5.peg.2088.site.28, 72, 111, 183
537012.5.peg.2088.site.29, 4, 118, 122
537012.5.peg.2088.site.30, 4, 118, 122
537012.5.peg.2088.site.31, 3, 117, 120
537012.5.peg.2088.site.32, 1, 116, 117
537012.5.peg.2088.site.33, 114, 117, 231
537012.5.peg.2088.site.34, 1, 118, 119
537012.5.peg.2088.site.35, 6, 118, 124
537012.5.peg.2088.site.36, 6, 118, 124
537012.5.peg.2088.site.37, 0, 118, 118
537012.5.peg.2088.site.38, 6, 116, 122
537012.5.peg.2088.site.39, 3, 122, 125
537012.5.peg.2088.site.40, 3, 122, 125
537012.5.peg.2088.site.41, 0, 122, 122
537012.5.peg.2088.site.42, 10, 121, 131
537012.5.peg.2088.site.43, 57, 121, 178
537012.5.peg.2088.site.44, 10, 121, 131
537012.5.peg.2089.site.1, 79, 111, 190
537012.5.peg.2089.site.2, 0, 112, 112
537012.5.peg.2089.site.3, 26, 112, 138
537012.5.peg.2089.site.4, 29, 112, 141
537012.5.peg.2089.site.5, 51, 112, 163
537012.5.peg.2089.site.6, 40, 111, 151
537012.5.peg.2089.site.7, 1, 112, 113
537012.5.peg.2089.site.8, 3, 112, 115
537012.5.peg.2089.site.9, 2, 111, 113
537012.5.peg.2089.site.10, 1, 109, 110
537012.5.peg.2089.site.11, 4, 112, 116
537012.5.peg.2089.site.12, 5, 113, 118
537012.5.peg.2089.site.13, 1, 112, 113
537012.5.peg.2089.site.14, 5, 111, 116
537012.5.peg.2089.site.15, 8, 111, 119
537012.5.peg.2089.site.16, 1, 112, 113
537012.5.peg.2089.site.17, 88, 111, 199
537012.5.peg.2089.site.18, 1, 113, 114
537012.5.peg.2089.site.19, 9, 121, 130
537012.5.peg.2089.site.20, 65, 122, 187
537012.5.peg.2089.site.21, 1, 118, 119
537012.5.peg.2089.site.22, 69, 120, 189
537012.5.peg.2089.site.23, 6, 116, 122
537012.5.peg.2089.site.24, 3, 120, 123
537012.5.peg.2089.site.25, 8, 117, 125
537012.5.peg.2089.site.26, 9, 119, 128
537012.5.peg.2089.site.27, 2, 120, 122
537012.5.peg.2089.site.28, 9, 119, 128
537012.5.peg.2089.site.29, 9, 117, 126
537012.5.peg.2089.site.30, 10, 118, 128
537012.5.peg.2089.site.31, 1, 119, 120
537012.5.peg.2089.site.32, 61, 118, 179
537012.5.peg.2089.site.33, 9, 116, 125
537012.5.peg.2089.site.34, 4, 113, 117
537012.5.peg.2089.site.35, 3, 112, 115
537012.5.peg.2089.site.36, 0, 110, 110
537012.5.peg.2089.site.37, 76, 111, 187
537012.5.peg.2089.site.38, 6, 118, 124
537012.5.peg.2089.site.39, 61, 118, 179
537012.5.peg.2089.site.40, 8, 116, 124
537012.5.peg.2089.site.41, 4, 119, 123
537012.5.peg.2089.site.42, 3, 118, 121
537012.5.peg.2089.site.43, 9, 116, 125
537012.5.peg.2089.site.44, 28, 116, 144
537012.5.peg.2089.site.45, 9, 117, 126
537012.5.peg.2089.site.46, 9, 117, 126
537012.5.peg.2089.site.47, 34, 119, 153
537012.5.peg.2089.site.48, 0, 115, 115
537012.5.peg.2089.site.49, 3, 115, 118
537012.5.peg.2087.site.1, 89, 119, 208
537012.5.peg.2087.site.2, 6, 124, 130
537012.5.peg.2087.site.3, 5, 122, 127
537012.5.peg.2087.site.4, 2, 125, 127
537012.5.peg.2087.site.5, 6, 123, 129
537012.5.peg.2087.site.6, 10, 120, 130
537012.5.peg.2087.site.7, 72, 120, 192
537012.5.peg.2087.site.8, 13, 122, 135
537012.5.peg.2087.site.9, 5, 125, 130
537012.5.peg.2087.site.10, 4, 124, 128
537012.5.peg.2087.site.11, 9, 124, 133
537012.5.peg.2087.site.12, 4, 120, 124
537012.5.peg.2087.site.13, 4, 122, 126
537012.5.peg.2087.site.14, 2, 121, 123
537012.5.peg.2087.site.15, 1, 120, 121
537012.5.peg.2087.site.16, 1, 119, 120
537012.5.peg.2087.site.17, 1, 119, 120
537012.5.peg.2087.site.18, 3, 120, 123
537012.5.peg.2087.site.19, 3, 121, 124
537012.5.peg.2087.site.20, 1, 124, 125
537012.5.peg.2087.site.21, 20, 124, 144
537012.5.peg.2087.site.22, 3, 121, 124
537012.5.peg.2087.site.23, 5, 122, 127
537012.5.peg.2087.site.24, 5, 122, 127
537012.5.peg.2087.site.25, 1, 119, 120
537012.5.peg.2087.site.26, 3, 120, 123
537012.5.peg.2087.site.27, 5, 123, 128
537012.5.peg.2087.site.28, 16, 123, 139
537012.5.peg.2087.site.29, 4, 124, 128
537012.5.peg.2087.site.30, 0, 126, 126
537012.5.peg.2087.site.31, 5, 124, 129
537012.5.peg.2084.site.1, 5, 122, 127
537012.5.peg.2084.site.2, 7, 125, 132
537012.5.peg.2084.site.3, 3, 122, 125
537012.5.peg.2084.site.4, 3, 122, 125
537012.5.peg.2084.site.5, 1, 120, 121
537012.5.peg.2084.site.6, 0, 120, 120
537012.5.peg.2084.site.7, 3, 121, 124
537012.5.peg.2084.site.8, 3, 119, 122
537012.5.peg.2084.site.9, 0, 119, 119
537012.5.peg.2084.site.10, 5, 119, 124
537012.5.peg.2084.site.11, 3, 119, 122
537012.5.peg.2084.site.12, 0, 122, 122
537012.5.peg.2084.site.13, 8, 122, 130
537012.5.peg.2084.site.14, 0, 122, 122
537012.5.peg.2084.site.15, 5, 122, 127
537012.5.peg.2084.site.16, 0, 123, 123
537012.5.peg.2084.site.17, 20, 122, 142
537012.5.peg.2084.site.18, 10, 119, 129
537012.5.peg.2084.site.19, 4, 119, 123
537012.5.peg.2084.site.20, 4, 119, 123
537012.5.peg.2084.site.21, 4, 120, 124
537012.5.peg.2084.site.22, 2, 118, 120
537012.5.peg.2084.site.23, 1, 118, 119
537012.5.peg.2084.site.24, 6, 117, 123
537012.5.peg.2084.site.25, 1, 116, 117
537012.5.peg.2084.site.26, 1, 116, 117
537012.5.peg.2084.site.27, 4, 119, 123
537012.5.peg.2084.site.28, 3, 121, 124
537012.5.peg.2084.site.29, 0, 117, 117
537012.5.peg.2084.site.30, 2, 117, 119
537012.5.peg.2084.site.31, 7, 121, 128
537012.5.peg.2084.site.32, 2, 119, 121
537012.5.peg.2084.site.33, 11, 120, 131
537012.5.peg.2084.site.34, 1, 120, 121
537012.5.peg.2084.site.35, 1, 120, 121
537012.5.peg.2084.site.36, 1, 119, 120
537012.5.peg.2084.site.37, 5, 119, 124
537012.5.peg.2084.site.38, 8, 119, 127
537012.5.peg.2084.site.39, 19, 119, 138
537012.5.peg.2084.site.40, 3, 119, 122
537012.5.peg.2084.site.41, 2, 119, 121
537012.5.peg.2084.site.42, 2, 118, 120
537012.5.peg.2084.site.43, 48, 115, 163
537012.5.peg.2084.site.44, 1, 117, 118
537012.5.peg.2084.site.45, 1, 117, 118
537012.5.peg.2084.site.46, 4, 120, 124
537012.5.peg.2084.site.47, 1, 120, 121
537012.5.peg.2084.site.48, 2, 121, 123
537012.5.peg.2084.site.49, 3, 119, 122
537012.5.peg.2084.site.50, 1, 118, 119
537012.5.peg.2084.site.51, 4, 120, 124
537012.5.peg.2084.site.52, 1, 115, 116
537012.5.peg.2084.site.53, 3, 118, 121
537012.5.peg.2084.site.54, 30, 117, 147
537012.5.peg.2084.site.55, 0, 116, 116
537012.5.peg.2084.site.56, 2, 120, 122
537012.5.peg.2084.site.57, 3, 117, 120
537012.5.peg.2084.site.58, 0, 116, 116
537012.5.peg.2084.site.59, 2, 116, 118
537012.5.peg.2084.site.60, 2, 116, 118
537012.5.peg.2084.site.61, 2, 117, 119
537012.5.peg.2084.site.62, 1, 116, 117
537012.5.peg.2084.site.63, 0, 114, 114
537012.5.peg.2084.site.64, 60, 115, 175
537012.5.peg.2084.site.65, 4, 118, 122
537012.5.peg.2084.site.66, 4, 118, 122
537012.5.peg.2084.site.67, 4, 118, 122
537012.5.peg.2084.site.68, 3, 117, 120
537012.5.peg.2084.site.69, 3, 118, 121
537012.5.peg.2084.site.70, 1, 115, 116
537012.5.peg.2084.site.71, 0, 114, 114
537012.5.peg.2084.site.72, 26, 115, 141
537012.5.peg.2084.site.73, 1, 115, 116
537012.5.peg.2084.site.74, 1, 115, 116
537012.5.peg.2084.site.75, 1, 116, 117
537012.5.peg.2084.site.76, 3, 118, 121
537012.5.peg.2084.site.77, 10, 120, 130
537012.5.peg.2085.site.1, 1, 115, 116
537012.5.peg.2085.site.2, 1, 117, 118
537012.5.peg.2085.site.3, 1, 117, 118
537012.5.peg.2085.site.4, 2, 118, 120
537012.5.peg.2085.site.5, 2, 118, 120
537012.5.peg.2085.site.6, 4, 118, 122
537012.5.peg.2085.site.7, 4, 119, 123
537012.5.peg.2085.site.8, 4, 119, 123
537012.5.peg.2085.site.9, 4, 119, 123
537012.5.peg.2085.site.10, 1, 122, 123
537012.5.peg.2085.site.11, 4, 121, 125
537012.5.peg.2085.site.12, 4, 122, 126
537012.5.peg.2085.site.13, 5, 122, 127
537012.5.peg.2085.site.14, 5, 120, 125
537012.5.peg.2085.site.15, 36, 118, 154
537012.5.peg.2085.site.16, 2, 120, 122
537012.5.peg.2085.site.17, 6, 121, 127
537012.5.peg.2085.site.18, 6, 123, 129
537012.5.peg.2085.site.19, 15, 123, 138
537012.5.peg.2085.site.20, 9, 123, 132
537012.5.peg.2085.site.21, 5, 122, 127
537012.5.peg.2085.site.22, 8, 123, 131
537012.5.peg.2085.site.23, 27, 125, 152
537012.5.peg.2085.site.24, 67, 123, 190
537012.5.peg.2085.site.25, 2, 121, 123
537012.5.peg.2085.site.26, 5, 120, 125
537012.5.peg.2085.site.27, 4, 119, 123
537012.5.peg.2085.site.28, 19, 122, 141
537012.5.peg.2085.site.29, 6, 121, 127
537012.5.peg.2085.site.30, 3, 125, 128
537012.5.peg.2085.site.31, 4, 123, 127
537012.5.peg.2085.site.32, 6, 123, 129
537012.5.peg.2085.site.33, 5, 122, 127
537012.5.peg.2085.site.34, 6, 124, 130
537012.5.peg.2085.site.35, 4, 121, 125
537012.5.peg.2085.site.36, 3, 119, 122
537012.5.peg.2085.site.37, 4, 120, 124
537012.5.peg.2085.site.38, 8, 121, 129
537012.5.peg.2085.site.39, 5, 123, 128
537012.5.peg.2085.site.40, 6, 121, 127
537012.5.peg.2085.site.41, 1, 119, 120
537012.5.peg.2085.site.42, 0, 119, 119
537012.5.peg.2085.site.43, 32, 119, 151
537012.5.peg.2085.site.44, 3, 120, 123
537012.5.peg.2085.site.45, 1, 4, 5
537012.5.peg.2082.site.1, 21, 126, 147
537012.5.peg.2082.site.2, 4, 124, 128
537012.5.peg.2082.site.3, 61, 124, 185
537012.5.peg.2082.site.4, 0, 126, 126
537012.5.peg.2082.site.5, 5, 126, 131
537012.5.peg.2082.site.6, 4, 124, 128
537012.5.peg.2082.site.7, 0, 126, 126
537012.5.peg.2082.site.8, 2, 123, 125
537012.5.peg.2082.site.9, 21, 125, 146
537012.5.peg.2082.site.10, 3, 123, 126
537012.5.peg.2082.site.11, 7, 123, 130
537012.5.peg.2082.site.12, 4, 125, 129
537012.5.peg.2082.site.13, 4, 125, 129
537012.5.peg.2082.site.14, 0, 124, 124
537012.5.peg.2082.site.15, 9, 124, 133
537012.5.peg.2082.site.16, 3, 123, 126
537012.5.peg.2082.site.17, 11, 123, 134
537012.5.peg.2082.site.18, 3, 123, 126
537012.5.peg.2082.site.19, 7, 122, 129
537012.5.peg.2082.site.20, 3, 122, 125
537012.5.peg.2082.site.21, 0, 122, 122
537012.5.peg.2082.site.22, 5, 121, 126
537012.5.peg.2082.site.23, 2, 123, 125
537012.5.peg.2082.site.24, 3, 123, 126
537012.5.peg.2082.site.25, 3, 123, 126
537012.5.peg.2082.site.26, 2, 122, 124
537012.5.peg.2082.site.27, 2, 123, 125
537012.5.peg.2082.site.28, 2, 123, 125
537012.5.peg.2082.site.29, 2, 122, 124
537012.5.peg.2082.site.30, 7, 122, 129
537012.5.peg.2082.site.31, 2, 124, 126
537012.5.peg.2082.site.32, 2, 124, 126
537012.5.peg.2082.site.33, 2, 120, 122
537012.5.peg.2082.site.34, 4, 123, 127
537012.5.peg.2082.site.35, 3, 122, 125
537012.5.peg.2082.site.36, 3, 123, 126
537012.5.peg.2082.site.37, 3, 123, 126
537012.5.peg.2082.site.38, 2, 123, 125
537012.5.peg.2082.site.39, 0, 121, 121
537012.5.peg.2082.site.40, 1, 122, 123
537012.5.peg.2082.site.41, 5, 125, 130
537012.5.peg.2082.site.42, 4, 125, 129
537012.5.peg.2082.site.43, 3, 125, 128
537012.5.peg.2082.site.44, 6, 126, 132
537012.5.peg.2082.site.45, 35, 124, 159
537012.5.peg.2082.site.46, 5, 125, 130
537012.5.peg.2082.site.47, 5, 126, 131
537012.5.peg.2082.site.48, 15, 126, 141
537012.5.peg.2082.site.49, 5, 125, 130
537012.5.peg.2082.site.50, 5, 126, 131
537012.5.peg.2082.site.51, 1, 126, 127
537012.5.peg.2082.site.52, 5, 125, 130
537012.5.peg.2082.site.53, 11, 125, 136
537012.5.peg.2082.site.54, 4, 124, 128
537012.5.peg.2082.site.55, 118, 124, 242
537012.5.peg.2082.site.56, 2, 126, 128
537012.5.peg.2082.site.57, 4, 124, 128
537012.5.peg.2082.site.58, 5, 126, 131
537012.5.peg.2082.site.59, 1, 126, 127
537012.5.peg.2082.site.60, 0, 122, 122
537012.5.peg.2082.site.61, 5, 122, 127
537012.5.peg.2082.site.62, 2, 123, 125
537012.5.peg.2082.site.63, 105, 122, 227
537012.5.peg.2082.site.64, 2, 123, 125
537012.5.peg.2082.site.65, 5, 124, 129
537012.5.peg.2082.site.66, 3, 123, 126
537012.5.peg.2082.site.67, 3, 122, 125
537012.5.peg.2082.site.68, 5, 126, 131
537012.5.peg.2082.site.69, 1, 126, 127
537012.5.peg.2082.site.70, 1, 122, 123
537012.5.peg.2082.site.71, 4, 124, 128
537012.5.peg.2082.site.72, 110, 124, 234
537012.5.peg.2082.site.73, 5, 125, 130
537012.5.peg.2082.site.74, 4, 124, 128
537012.5.peg.2082.site.75, 5, 126, 131
537012.5.peg.2082.site.76, 5, 126, 131
537012.5.peg.2082.site.77, 9, 124, 133
537012.5.peg.2082.site.78, 9, 124, 133
537012.5.peg.2082.site.79, 4, 124, 128
537012.5.peg.2080.site.1, 0, 125, 125
537012.5.peg.2080.site.2, 0, 126, 126
537012.5.peg.2080.site.3, 1, 126, 127
537012.5.peg.2080.site.4, 1, 126, 127
537012.5.peg.2080.site.5, 1, 127, 128
537012.5.peg.2080.site.6, 34, 127, 161
537012.5.peg.2080.site.7, 4, 125, 129
537012.5.peg.2080.site.8, 6, 125, 131
537012.5.peg.2080.site.9, 1, 126, 127
537012.5.peg.2081.site.1, 58, 130, 188
537012.5.peg.2081.site.2, 9, 130, 139
537012.5.peg.2081.site.3, 3, 128, 131
537012.5.peg.2081.site.4, 25, 129, 154
537012.5.peg.2081.site.5, 83, 125, 208
537012.5.peg.2081.site.6, 5, 123, 128
537012.5.peg.2081.site.7, 99, 121, 220
537012.5.peg.2081.site.8, 1, 124, 125
537012.5.peg.2081.site.9, 5, 128, 133
537012.5.peg.2081.site.10, 86, 129, 215
537012.5.peg.2081.site.11, 3, 131, 134
537012.5.peg.2081.site.12, 7, 134, 141
537012.5.peg.2081.site.13, 4, 132, 136
537012.5.peg.2081.site.14, 3, 133, 136
537012.5.peg.2081.site.15, 5, 134, 139
537012.5.peg.2081.site.16, 7, 134, 141
537012.5.peg.2081.site.17, 4, 132, 136
537012.5.peg.2081.site.18, 4, 133, 137
537012.5.peg.2081.site.19, 112, 133, 245
537012.5.peg.2081.site.20, 10, 131, 141
537012.5.peg.2081.site.21, 5, 133, 138
537012.5.peg.2081.site.22, 78, 130, 208
537012.5.peg.2081.site.23, 7, 134, 141
537012.5.peg.2081.site.24, 5, 132, 137
537012.5.peg.2081.site.25, 11, 131, 142
537012.5.peg.2081.site.26, 4, 132, 136
537012.5.peg.2081.site.27, 2, 134, 136
537012.5.peg.2081.site.28, 6, 133, 139
537012.5.peg.2081.site.29, 7, 131, 138
537012.5.peg.2081.site.30, 1, 131, 132
537012.5.peg.2081.site.31, 50, 132, 182
537012.5.peg.2081.site.32, 9, 132, 141
537012.5.peg.2081.site.33, 42, 131, 173
537012.5.peg.2081.site.34, 7, 131, 138
537012.5.peg.2081.site.35, 62, 131, 193
537012.5.peg.2081.site.36, 14, 130, 144
537012.5.peg.2081.site.37, 6, 134, 140
537012.5.peg.2081.site.38, 7, 134, 141
537012.5.peg.2081.site.39, 8, 134, 142
537012.5.peg.2081.site.40, 4, 132, 136
537012.5.peg.2081.site.41, 6, 134, 140
537012.5.peg.2081.site.42, 1, 134, 135
537012.5.peg.2081.site.43, 4, 132, 136
537012.5.peg.2081.site.44, 34, 132, 166
537012.5.peg.2081.site.45, 1, 134, 135
537012.5.peg.2081.site.46, 0, 132, 132
537012.5.peg.2081.site.47, 6, 133, 139
537012.5.peg.2081.site.48, 4, 133, 137
537012.5.peg.2081.site.49, 1, 132, 133
537012.5.peg.2081.site.50, 2, 133, 135
537012.5.peg.2081.site.51, 3, 132, 135
537012.5.peg.2081.site.52, 4, 130, 134
537012.5.peg.2081.site.53, 1, 130, 131
537012.5.peg.2081.site.54, 7, 130, 137
537012.5.peg.2081.site.55, 7, 130, 137
537012.5.peg.2081.site.56, 1, 125, 126
537012.5.peg.2081.site.57, 2, 124, 126
537012.5.peg.2081.site.58, 6, 132, 138
537012.5.peg.2081.site.59, 14, 130, 144
537012.5.peg.2081.site.60, 1, 133, 134
537012.5.peg.2081.site.61, 1, 133, 134
537012.5.peg.2081.site.62, 3, 133, 136
537012.5.peg.2550.site.1, 5, 124, 129
537012.5.peg.2550.site.2, 2, 126, 128
537012.5.peg.2550.site.3, 3, 126, 129
537012.5.peg.2550.site.4, 2, 126, 128
537012.5.peg.2550.site.5, 5, 125, 130
537012.5.peg.2550.site.6, 1, 125, 126
537012.5.peg.2550.site.7, 0, 123, 123
537012.5.peg.2550.site.8, 8, 126, 134
537012.5.peg.2550.site.9, 5, 126, 131
537012.5.peg.2550.site.10, 15, 126, 141
537012.5.peg.2550.site.11, 10, 125, 135
537012.5.peg.2550.site.12, 0, 125, 125
537012.5.peg.2550.site.13, 5, 125, 130
537012.5.peg.2550.site.14, 15, 125, 140
537012.5.peg.2550.site.15, 1, 125, 126
537012.5.peg.2550.site.16, 3, 124, 127
537012.5.peg.2550.site.17, 1, 126, 127
537012.5.peg.2550.site.18, 7, 126, 133
537012.5.peg.2550.site.19, 13, 126, 139
537012.5.peg.2550.site.20, 0, 126, 126
537012.5.peg.2550.site.21, 7, 126, 133
537012.5.peg.2550.site.22, 0, 125, 125
537012.5.peg.2550.site.23, 2, 126, 128
537012.5.peg.2550.site.24, 8, 126, 134
537012.5.peg.2550.site.25, 6, 126, 132
537012.5.peg.2550.site.26, 0, 126, 126
537012.5.peg.2550.site.27, 1, 126, 127
537012.5.peg.2550.site.28, 5, 125, 130
537012.5.peg.2550.site.29, 0, 126, 126
537012.5.peg.2550.site.30, 61, 124, 185
537012.5.peg.2550.site.31, 0, 126, 126
537012.5.peg.2550.site.32, 50, 126, 176
537012.5.peg.2550.site.33, 9, 125, 134
537012.5.peg.2550.site.34, 6, 125, 131
537012.5.peg.2550.site.35, 0, 125, 125
537012.5.peg.2550.site.36, 7, 125, 132
537012.5.peg.2550.site.37, 6, 126, 132
537012.5.peg.2550.site.38, 6, 125, 131
537012.5.peg.2550.site.39, 2, 126, 128
537012.5.peg.2550.site.40, 27, 124, 151
537012.5.peg.2550.site.41, 6, 126, 132
537012.5.peg.2550.site.42, 2, 125, 127
537012.5.peg.2550.site.43, 1, 126, 127
537012.5.peg.2550.site.44, 4, 125, 129
537012.5.peg.2550.site.45, 5, 125, 130
537012.5.peg.2550.site.46, 6, 126, 132
537012.5.peg.2550.site.47, 6, 125, 131
537012.5.peg.2550.site.48, 1, 126, 127
537012.5.peg.2550.site.49, 5, 124, 129
537012.5.peg.2550.site.50, 6, 125, 131
537012.5.peg.2550.site.51, 9, 125, 134
537012.5.peg.2550.site.52, 2, 125, 127
537012.5.peg.2550.site.53, 1, 125, 126
537012.5.peg.2550.site.54, 2, 125, 127
537012.5.peg.2550.site.55, 1, 126, 127
537012.5.peg.2550.site.56, 1, 125, 126
537012.5.peg.2550.site.57, 2, 126, 128
537012.5.peg.2550.site.58, 51, 124, 175
537012.5.peg.2550.site.59, 5, 124, 129
537012.5.peg.2550.site.60, 35, 124, 159
537012.5.peg.2550.site.61, 2, 126, 128
537012.5.peg.2550.site.62, 6, 126, 132
537012.5.peg.2550.site.63, 1, 126, 127
537012.5.peg.2550.site.64, 4, 125, 129
537012.5.peg.2550.site.65, 8, 125, 133
537012.5.peg.2550.site.66, 1, 125, 126
537012.5.peg.2550.site.67, 73, 124, 197
537012.5.peg.2550.site.68, 6, 125, 131
537012.5.peg.2550.site.69, 5, 125, 130
537012.5.peg.2550.site.70, 9, 125, 134
537012.5.peg.2550.site.71, 3, 126, 129
537012.5.peg.2550.site.72, 6, 126, 132
537012.5.peg.2550.site.73, 0, 126, 126
537012.5.peg.2550.site.74, 5, 126, 131
537012.5.peg.2550.site.75, 9, 124, 133
537012.5.peg.2550.site.76, 20, 126, 146
537012.5.peg.2550.site.77, 3, 124, 127
537012.5.peg.2550.site.78, 43, 125, 168
537012.5.peg.2550.site.79, 6, 126, 132
537012.5.peg.2550.site.80, 0, 125, 125
537012.5.peg.2550.site.81, 2, 126, 128
537012.5.peg.2550.site.82, 6, 126, 132
537012.5.peg.2550.site.83, 3, 126, 129
537012.5.peg.2550.site.84, 42, 123, 165
537012.5.peg.2550.site.85, 6, 126, 132
537012.5.peg.2550.site.86, 0, 124, 124
537012.5.peg.2551.site.1, 2, 126, 128
537012.5.peg.2551.site.2, 2, 126, 128
537012.5.peg.2551.site.3, 2, 126, 128
537012.5.peg.2551.site.4, 1, 126, 127
537012.5.peg.2551.site.5, 0, 126, 126
537012.5.peg.2551.site.6, 10, 124, 134
537012.5.peg.2551.site.7, 6, 125, 131
537012.5.peg.2551.site.8, 3, 126, 129
537012.5.peg.2551.site.9, 8, 126, 134
537012.5.peg.2551.site.10, 6, 126, 132
537012.5.peg.2551.site.11, 103, 125, 228
537012.5.peg.2551.site.12, 3, 126, 129
537012.5.peg.2551.site.13, 0, 126, 126
537012.5.peg.2551.site.14, 4, 124, 128
537012.5.peg.2551.site.15, 6, 126, 132
537012.5.peg.2551.site.16, 3, 125, 128
537012.5.peg.2551.site.17, 0, 125, 125
537012.5.peg.2551.site.18, 2, 125, 127
537012.5.peg.2551.site.19, 4, 125, 129
537012.5.peg.2551.site.20, 26, 125, 151
537012.5.peg.2551.site.21, 11, 126, 137
537012.5.peg.2551.site.22, 1, 126, 127
537012.5.peg.2551.site.23, 4, 124, 128
537012.5.peg.2551.site.24, 11, 125, 136
537012.5.peg.2551.site.25, 6, 123, 129
537012.5.peg.2551.site.26, 6, 126, 132
537012.5.peg.2551.site.27, 10, 124, 134
537012.5.peg.2551.site.28, 4, 125, 129
537012.5.peg.2551.site.29, 4, 126, 130
537012.5.peg.2551.site.30, 6, 126, 132
537012.5.peg.2551.site.31, 0, 126, 126
537012.5.peg.2551.site.32, 5, 126, 131
537012.5.peg.2551.site.33, 23, 124, 147
537012.5.peg.2551.site.34, 3, 126, 129
537012.5.peg.2551.site.35, 11, 124, 135
537012.5.peg.2551.site.36, 1, 126, 127
537012.5.peg.2551.site.37, 11, 125, 136
537012.5.peg.2551.site.38, 1, 126, 127
537012.5.peg.2551.site.39, 3, 126, 129
537012.5.peg.2551.site.40, 4, 125, 129
537012.5.peg.2551.site.41, 1, 127, 128
537012.5.peg.2551.site.42, 1, 127, 128
537012.5.peg.2551.site.43, 1, 127, 128
537012.5.peg.2551.site.44, 5, 126, 131
537012.5.peg.2551.site.45, 2, 123, 125
537012.5.peg.2551.site.46, 4, 125, 129
537012.5.peg.2551.site.47, 3, 125, 128
537012.5.peg.2551.site.48, 64, 124, 188
537012.5.peg.2551.site.49, 8, 126, 134
537012.5.peg.2551.site.50, 8, 124, 132
537012.5.peg.2551.site.51, 6, 126, 132
537012.5.peg.2551.site.52, 3, 126, 129
537012.5.peg.2551.site.53, 5, 125, 130
537012.5.peg.2551.site.54, 0, 126, 126
537012.5.peg.2551.site.55, 70, 125, 195
537012.5.peg.2551.site.56, 1, 126, 127
537012.5.peg.2551.site.57, 6, 126, 132
537012.5.peg.2551.site.58, 2, 126, 128
537012.5.peg.2551.site.59, 8, 126, 134
537012.5.peg.2551.site.60, 4, 125, 129
537012.5.peg.2551.site.61, 4, 125, 129
537012.5.peg.2551.site.62, 5, 126, 131
537012.5.peg.2551.site.63, 2, 126, 128
537012.5.peg.2551.site.64, 4, 124, 128
537012.5.peg.2551.site.65, 1, 125, 126
537012.5.peg.2551.site.66, 10, 124, 134
537012.5.peg.2551.site.67, 5, 125, 130
537012.5.peg.2551.site.68, 2, 126, 128
537012.5.peg.2551.site.69, 6, 126, 132
537012.5.peg.2551.site.70, 80, 126, 206
537012.5.peg.2551.site.71, 4, 124, 128
537012.5.peg.2551.site.72, 2, 126, 128
537012.5.peg.2551.site.73, 4, 124, 128
537012.5.peg.2551.site.74, 3, 124, 127
537012.5.peg.2551.site.75, 3, 125, 128
537012.5.peg.2551.site.76, 4, 123, 127
537012.5.peg.2551.site.77, 3, 126, 129
537012.5.peg.2551.site.78, 1, 125, 126
537012.5.peg.2551.site.79, 0, 125, 125
537012.5.peg.2551.site.80, 2, 123, 125
537012.5.peg.2551.site.81, 8, 123, 131
537012.5.peg.2551.site.82, 9, 124, 133
537012.5.peg.2551.site.83, 2, 126, 128
537012.5.peg.2551.site.84, 2, 126, 128
537012.5.peg.2551.site.85, 4, 126, 130
537012.5.peg.2551.site.86, 52, 126, 178
537012.5.peg.2551.site.87, 3, 122, 125
537012.5.peg.2551.site.88, 4, 125, 129
537012.5.peg.2551.site.89, 0, 122, 122
537012.5.peg.2551.site.90, 79, 122, 201
537012.5.peg.2551.site.91, 15, 121, 136
537012.5.peg.2551.site.92, 0, 122, 122
537012.5.peg.2551.site.93, 9, 117, 126
537012.5.peg.2551.site.94, 22, 117, 139
537012.5.peg.2551.site.95, 5, 125, 130
537012.5.peg.2551.site.96, 31, 124, 155
537012.5.peg.2551.site.97, 2, 126, 128
537012.5.peg.2551.site.98, 8, 126, 134
537012.5.peg.2551.site.99, 19, 126, 145
537012.5.peg.2551.site.100, 0, 126, 126
537012.5.peg.2551.site.101, 2, 126, 128
537012.5.peg.2551.site.102, 2, 126, 128
537012.5.peg.2551.site.103, 2, 126, 128
537012.5.peg.2551.site.104, 4, 126, 130
537012.5.peg.2551.site.105, 1, 126, 127
537012.5.peg.2551.site.106, 9, 123, 132
537012.5.peg.2551.site.107, 104, 126, 230
537012.5.peg.2551.site.108, 2, 126, 128
537012.5.peg.2551.site.109, 1, 124, 125
537012.5.peg.2551.site.110, 1, 126, 127
537012.5.peg.2551.site.111, 1, 126, 127
537012.5.peg.2551.site.112, 6, 126, 132
537012.5.peg.2551.site.113, 124, 126, 250
537012.5.peg.2551.site.114, 17, 124, 141
537012.5.peg.2551.site.115, 3, 126, 129
537012.5.peg.2552.site.1, 4, 126, 130
537012.5.peg.2552.site.2, 6, 123, 129
537012.5.peg.2552.site.3, 2, 126, 128
537012.5.peg.2552.site.4, 6, 126, 132
537012.5.peg.2552.site.5, 6, 126, 132
537012.5.peg.2552.site.6, 0, 126, 126
537012.5.peg.2552.site.7, 6, 126, 132
537012.5.peg.2552.site.8, 2, 126, 128
537012.5.peg.2552.site.9, 1, 122, 123
537012.5.peg.2552.site.10, 2, 122, 124
537012.5.peg.2552.site.11, 1, 122, 123
537012.5.peg.2552.site.12, 3, 122, 125
537012.5.peg.2552.site.13, 3, 123, 126
537012.5.peg.2552.site.14, 6, 126, 132
537012.5.peg.2552.site.15, 4, 123, 127
537012.5.peg.2552.site.16, 1, 123, 124
537012.5.peg.2552.site.17, 18, 121, 139
537012.5.peg.2552.site.18, 3, 125, 128
537012.5.peg.2552.site.19, 4, 122, 126
537012.5.peg.2552.site.20, 31, 124, 155
537012.5.peg.2552.site.21, 78, 124, 202
537012.5.peg.2552.site.22, 43, 124, 167
537012.5.peg.2552.site.23, 43, 122, 165
537012.5.peg.2552.site.24, 6, 125, 131
537012.5.peg.2552.site.25, 2, 126, 128
537012.5.peg.2552.site.26, 9, 126, 135
537012.5.peg.2552.site.27, 4, 124, 128
537012.5.peg.2552.site.28, 3, 123, 126
537012.5.peg.2552.site.29, 1, 126, 127
537012.5.peg.2552.site.30, 0, 126, 126
537012.5.peg.2552.site.31, 20, 124, 144
537012.5.peg.2552.site.32, 6, 126, 132
537012.5.peg.2552.site.33, 50, 125, 175
537012.5.peg.2552.site.34, 72, 122, 194
537012.5.peg.2552.site.35, 3, 123, 126
537012.5.peg.2552.site.36, 6, 121, 127
537012.5.peg.2552.site.37, 6, 121, 127
537012.5.peg.2552.site.38, 6, 120, 126
537012.5.peg.2552.site.39, 0, 120, 120
537012.5.peg.2552.site.40, 97, 119, 216
537012.5.peg.2552.site.41, 2, 118, 120
537012.5.peg.2552.site.42, 1, 118, 119
537012.5.peg.2552.site.43, 1, 119, 120
537012.5.peg.2552.site.44, 2, 119, 121
537012.5.peg.2552.site.45, 2, 120, 122
537012.5.peg.2552.site.46, 4, 119, 123
537012.5.peg.2552.site.47, 2, 117, 119
537012.5.peg.2552.site.48, 3, 118, 121
537012.5.peg.2552.site.49, 3, 118, 121
537012.5.peg.2552.site.50, 3, 118, 121
537012.5.peg.2552.site.51, 63, 116, 179
537012.5.peg.2552.site.52, 1, 119, 120
537012.5.peg.2552.site.53, 4, 118, 122
537012.5.peg.2552.site.54, 4, 119, 123
537012.5.peg.2552.site.55, 73, 119, 192
537012.5.peg.2552.site.56, 11, 122, 133
537012.5.peg.2552.site.57, 0, 126, 126
537012.5.peg.2552.site.58, 0, 124, 124
537012.5.peg.2553.site.1, 6, 126, 132
537012.5.peg.2553.site.2, 2, 124, 126
537012.5.peg.2553.site.3, 6, 125, 131
537012.5.peg.2553.site.4, 13, 123, 136
537012.5.peg.2553.site.5, 2, 126, 128
537012.5.peg.2553.site.6, 6, 126, 132
537012.5.peg.2553.site.7, 41, 125, 166
537012.5.peg.2553.site.8, 1, 126, 127
537012.5.peg.2553.site.9, 1, 126, 127
537012.5.peg.2553.site.10, 1, 124, 125
537012.5.peg.2553.site.11, 1, 125, 126
537012.5.peg.2553.site.12, 25, 125, 150
537012.5.peg.2553.site.13, 4, 124, 128
537012.5.peg.2553.site.14, 0, 124, 124
537012.5.peg.2553.site.15, 0, 125, 125
537012.5.peg.2553.site.16, 3, 124, 127
537012.5.peg.2553.site.17, 62, 124, 186
537012.5.peg.2553.site.18, 2, 122, 124
537012.5.peg.2553.site.19, 1, 121, 122
537012.5.peg.2553.site.20, 2, 122, 124
537012.5.peg.2553.site.21, 3, 122, 125
537012.5.peg.2553.site.22, 26, 120, 146
537012.5.peg.2553.site.23, 60, 119, 179
537012.5.peg.2553.site.24, 1, 123, 124
537012.5.peg.2553.site.25, 6, 126, 132
537012.5.peg.2553.site.26, 1, 125, 126
537012.5.peg.2553.site.27, 87, 126, 213
537012.5.peg.2553.site.28, 18, 126, 144
537012.5.peg.2553.site.29, 6, 126, 132
537012.5.peg.2553.site.30, 16, 126, 142
537012.5.peg.2553.site.31, 0, 126, 126
537012.5.peg.2553.site.32, 124, 126, 250
537012.5.peg.2553.site.33, 1, 126, 127
537012.5.peg.2553.site.34, 10, 125, 135
537012.5.peg.2553.site.35, 6, 126, 132
537012.5.peg.2553.site.36, 51, 126, 177
537012.5.peg.2553.site.37, 0, 125, 125
537012.5.peg.2553.site.38, 26, 125, 151
537012.5.peg.2553.site.39, 0, 126, 126
537012.5.peg.2553.site.40, 118, 126, 244
537012.5.peg.2553.site.41, 4, 124, 128
537012.5.peg.2553.site.42, 6, 126, 132
537012.5.peg.2553.site.43, 6, 126, 132
537012.5.peg.2553.site.44, 10, 125, 135
537012.5.peg.2553.site.45, 13, 126, 139
537012.5.peg.2553.site.46, 10, 125, 135
537012.5.peg.2553.site.47, 3, 126, 129
537012.5.peg.2553.site.48, 2, 126, 128
537012.5.peg.2553.site.49, 12, 123, 135
537012.5.peg.2553.site.50, 2, 126, 128
537012.5.peg.2553.site.51, 6, 126, 132
537012.5.peg.2553.site.52, 6, 126, 132
537012.5.peg.2553.site.53, 82, 126, 208
537012.5.peg.2553.site.54, 18, 124, 142
537012.5.peg.2553.site.55, 0, 125, 125
537012.5.peg.2553.site.56, 6, 125, 131
537012.5.peg.2553.site.57, 3, 126, 129
537012.5.peg.2553.site.58, 74, 125, 199
537012.5.peg.2553.site.59, 76, 124, 200
537012.5.peg.2553.site.60, 58, 125, 183
537012.5.peg.2553.site.61, 2, 125, 127
537012.5.peg.2553.site.62, 26, 125, 151
537012.5.peg.2553.site.63, 48, 124, 172
537012.5.peg.2553.site.64, 13, 125, 138
537012.5.peg.2553.site.65, 5, 126, 131
537012.5.peg.2553.site.66, 5, 126, 131
537012.5.peg.2553.site.67, 60, 126, 186
537012.5.peg.2553.site.68, 6, 126, 132
537012.5.peg.2553.site.69, 7, 121, 128
537012.5.peg.2553.site.70, 2, 121, 123
537012.5.peg.2553.site.71, 4, 122, 126
537012.5.peg.2553.site.72, 121, 123, 244
537012.5.peg.2553.site.73, 4, 124, 128
537012.5.peg.2553.site.74, 5, 125, 130
537012.5.peg.2553.site.75, 81, 121, 202
537012.5.peg.2553.site.76, 3, 122, 125
537012.5.peg.2553.site.77, 89, 120, 209
537012.5.peg.2553.site.78, 1, 121, 122
537012.5.peg.2553.site.79, 0, 119, 119
537012.5.peg.2553.site.80, 7, 118, 125
537012.5.peg.2553.site.81, 50, 118, 168
537012.5.peg.2553.site.82, 0, 119, 119
537012.5.peg.2334.site.1, 4, 127, 131
537012.5.peg.2334.site.2, 5, 128, 133
537012.5.peg.2334.site.3, 10, 127, 137
537012.5.peg.2334.site.4, 5, 128, 133
537012.5.peg.2334.site.5, 6, 128, 134
537012.5.peg.2334.site.6, 0, 125, 125
537012.5.peg.2334.site.7, 8, 126, 134
537012.5.peg.2334.site.8, 0, 124, 124
537012.5.peg.2334.site.9, 6, 127, 133
537012.5.peg.2334.site.10, 16, 128, 144
537012.5.peg.2334.site.11, 3, 125, 128
537012.5.peg.2334.site.12, 6, 127, 133
537012.5.peg.2334.site.13, 2, 126, 128
537012.5.peg.2334.site.14, 6, 128, 134
537012.5.peg.2334.site.15, 4, 126, 130
537012.5.peg.2334.site.16, 6, 128, 134
537012.5.peg.2334.site.17, 4, 128, 132
537012.5.peg.2334.site.18, 4, 126, 130
537012.5.peg.2334.site.19, 4, 126, 130
537012.5.peg.2334.site.20, 4, 126, 130
537012.5.peg.2334.site.21, 4, 126, 130
537012.5.peg.2334.site.22, 6, 127, 133
537012.5.peg.2334.site.23, 11, 126, 137
537012.5.peg.2334.site.24, 10, 126, 136
537012.5.peg.2334.site.25, 1, 128, 129
537012.5.peg.2334.site.26, 0, 128, 128
537012.5.peg.2334.site.27, 1, 128, 129
537012.5.peg.2334.site.28, 6, 128, 134
537012.5.peg.2334.site.29, 4, 127, 131
537012.5.peg.2334.site.30, 16, 125, 141
537012.5.peg.2334.site.31, 7, 125, 132
537012.5.peg.2334.site.32, 2, 126, 128
537012.5.peg.2334.site.33, 3, 126, 129
537012.5.peg.2334.site.34, 4, 125, 129
537012.5.peg.2334.site.35, 10, 126, 136
537012.5.peg.2334.site.36, 9, 125, 134
537012.5.peg.2334.site.37, 9, 125, 134
537012.5.peg.2334.site.38, 3, 127, 130
537012.5.peg.2334.site.39, 9, 125, 134
537012.5.peg.2334.site.40, 6, 128, 134
537012.5.peg.2334.site.41, 5, 128, 133
537012.5.peg.2334.site.42, 3, 125, 128
537012.5.peg.2334.site.43, 3, 125, 128
537012.5.peg.2334.site.44, 9, 124, 133
537012.5.peg.2334.site.45, 3, 125, 128
537012.5.peg.2334.site.46, 4, 125, 129
537012.5.peg.2334.site.47, 4, 126, 130
537012.5.peg.2334.site.48, 101, 127, 228
537012.5.peg.2334.site.49, 3, 125, 128
537012.5.peg.2334.site.50, 3, 126, 129
537012.5.peg.2334.site.51, 24, 125, 149
537012.5.peg.2334.site.52, 6, 127, 133
537012.5.peg.2334.site.53, 2, 127, 129
537012.5.peg.2334.site.54, 100, 127, 227
537012.5.peg.2334.site.55, 5, 125, 130
537012.5.peg.2334.site.56, 6, 128, 134
537012.5.peg.2334.site.57, 3, 126, 129
537012.5.peg.2334.site.58, 23, 125, 148
537012.5.peg.2334.site.59, 4, 127, 131
537012.5.peg.2334.site.60, 5, 128, 133
537012.5.peg.2334.site.61, 1, 128, 129
537012.5.peg.2334.site.62, 4, 126, 130
537012.5.peg.2334.site.63, 4, 126, 130
537012.5.peg.2334.site.64, 5, 127, 132
537012.5.peg.2334.site.65, 115, 127, 242
537012.5.peg.2334.site.66, 0, 128, 128
537012.5.peg.2334.site.67, 4, 126, 130
537012.5.peg.2334.site.68, 20, 128, 148
537012.5.peg.2334.site.69, 10, 126, 136
537012.5.peg.2334.site.70, 3, 128, 131
537012.5.peg.2334.site.71, 86, 125, 211
537012.5.peg.2334.site.72, 0, 127, 127
537012.5.peg.2335.site.1, 8, 129, 137
537012.5.peg.2335.site.2, 1, 128, 129
537012.5.peg.2335.site.3, 1, 125, 126
537012.5.peg.2335.site.4, 3, 128, 131
537012.5.peg.2335.site.5, 1, 126, 127
537012.5.peg.2335.site.6, 4, 126, 130
537012.5.peg.2335.site.7, 22, 128, 150
537012.5.peg.2335.site.8, 3, 128, 131
537012.5.peg.2335.site.9, 4, 126, 130
537012.5.peg.2336.site.1, 6, 128, 134
537012.5.peg.2336.site.2, 29, 127, 156
537012.5.peg.2336.site.3, 6, 126, 132
537012.5.peg.2336.site.4, 6, 127, 133
537012.5.peg.2336.site.5, 6, 128, 134
537012.5.peg.2336.site.6, 8, 128, 136
537012.5.peg.2336.site.7, 9, 125, 134
537012.5.peg.2336.site.8, 18, 128, 146
537012.5.peg.2336.site.9, 6, 128, 134
537012.5.peg.2336.site.10, 7, 128, 135
537012.5.peg.2336.site.11, 2, 128, 130
537012.5.peg.2336.site.12, 47, 128, 175
537012.5.peg.2336.site.13, 6, 128, 134
537012.5.peg.2336.site.14, 1, 124, 125
537012.5.peg.2336.site.15, 0, 123, 123
537012.5.peg.2336.site.16, 0, 125, 125
537012.5.peg.2336.site.17, 57, 124, 181
537012.5.peg.2336.site.18, 1, 128, 129
537012.5.peg.2336.site.19, 1, 128, 129
537012.5.peg.2336.site.20, 1, 128, 129
537012.5.peg.2336.site.21, 1, 128, 129
537012.5.peg.2336.site.22, 1, 128, 129
537012.5.peg.2336.site.23, 1, 128, 129
537012.5.peg.2337.site.1, 1, 128, 129
537012.5.peg.2337.site.2, 24, 126, 150
537012.5.peg.2337.site.3, 19, 128, 147
537012.5.peg.2337.site.4, 86, 126, 212
537012.5.peg.2337.site.5, 5, 126, 131
537012.5.peg.2337.site.6, 24, 125, 149
537012.5.peg.2337.site.7, 4, 128, 132
537012.5.peg.2337.site.8, 4, 126, 130
537012.5.peg.2337.site.9, 4, 126, 130
537012.5.peg.748.site.1, 2, 28, 30
537012.5.peg.748.site.2, 2, 74, 76
537012.5.peg.748.site.3, 5, 133, 138
537012.5.peg.748.site.4, 40, 132, 172
537012.5.peg.748.site.5, 1, 133, 134
537012.5.peg.748.site.6, 8, 134, 142
537012.5.peg.748.site.7, 1, 131, 132
537012.5.peg.748.site.8, 17, 132, 149
537012.5.peg.748.site.9, 132, 134, 266
537012.5.peg.748.site.10, 38, 134, 172
537012.5.peg.748.site.11, 3, 134, 137
537012.5.peg.748.site.12, 6, 134, 140
537012.5.peg.748.site.13, 9, 134, 143
537012.5.peg.748.site.14, 8, 134, 142
537012.5.peg.748.site.15, 9, 134, 143
537012.5.peg.748.site.16, 1, 134, 135
537012.5.peg.748.site.17, 0, 133, 133
537012.5.peg.748.site.18, 2, 133, 135
537012.5.peg.748.site.19, 5, 133, 138
537012.5.peg.748.site.20, 40, 134, 174
537012.5.peg.748.site.21, 4, 132, 136
537012.5.peg.748.site.22, 13, 134, 147
537012.5.peg.748.site.23, 57, 133, 190
537012.5.peg.748.site.24, 8, 134, 142
537012.5.peg.748.site.25, 0, 134, 134
537012.5.peg.749.site.1, 1, 134, 135
537012.5.peg.749.site.2, 0, 134, 134
537012.5.peg.749.site.3, 2, 133, 135
537012.5.peg.749.site.4, 2, 133, 135
537012.5.peg.749.site.5, 102, 131, 233
537012.5.peg.749.site.6, 1, 128, 129
537012.5.peg.749.site.7, 128, 131, 259
537012.5.peg.749.site.8, 4, 132, 136
537012.5.peg.749.site.9, 4, 132, 136
537012.5.peg.749.site.10, 45, 134, 179
537012.5.peg.749.site.11, 9, 134, 143
537012.5.peg.749.site.12, 116, 133, 249
537012.5.peg.749.site.13, 9, 134, 143
537012.5.peg.749.site.14, 15, 132, 147
537012.5.peg.749.site.15, 13, 132, 145
537012.5.peg.749.site.16, 2, 134, 136
537012.5.peg.749.site.17, 6, 132, 138
537012.5.peg.749.site.18, 29, 132, 161
537012.5.peg.749.site.19, 4, 134, 138
537012.5.peg.749.site.20, 5, 134, 139
537012.5.peg.749.site.21, 48, 133, 181
537012.5.peg.749.site.22, 10, 134, 144
537012.5.peg.749.site.23, 2, 134, 136
537012.5.peg.749.site.24, 0, 134, 134
537012.5.peg.749.site.25, 1, 134, 135
537012.5.peg.749.site.26, 3, 134, 137
537012.5.peg.749.site.27, 2, 134, 136
537012.5.peg.749.site.28, 4, 132, 136
537012.5.peg.749.site.29, 14, 132, 146
537012.5.peg.749.site.30, 9, 134, 143
537012.5.peg.749.site.31, 18, 134, 152
537012.5.peg.749.site.32, 24, 133, 157
537012.5.peg.749.site.33, 6, 134, 140
537012.5.peg.749.site.34, 8, 134, 142
537012.5.peg.749.site.35, 59, 131, 190
537012.5.peg.749.site.36, 8, 134, 142
537012.5.peg.749.site.37, 31, 134, 165
537012.5.peg.749.site.38, 4, 132, 136
537012.5.peg.749.site.39, 4, 133, 137
537012.5.peg.749.site.40, 2, 133, 135
537012.5.peg.749.site.41, 93, 132, 225
537012.5.peg.749.site.42, 99, 130, 229
537012.5.peg.749.site.43, 12, 132, 144
537012.5.peg.749.site.44, 132, 134, 266
537012.5.peg.749.site.45, 1, 134, 135
537012.5.peg.749.site.46, 29, 132, 161
537012.5.peg.749.site.47, 17, 134, 151
537012.5.peg.749.site.48, 2, 133, 135
537012.5.peg.3208.site.1, 20, 126, 146
537012.5.peg.3208.site.2, 1, 128, 129
537012.5.peg.3208.site.3, 3, 130, 133
537012.5.peg.3208.site.4, 5, 131, 136
537012.5.peg.3208.site.5, 3, 131, 134
537012.5.peg.3208.site.6, 2, 131, 133
537012.5.peg.3208.site.7, 3, 126, 129
537012.5.peg.3208.site.8, 1, 124, 125
537012.5.peg.3208.site.9, 3, 124, 127
537012.5.peg.3208.site.10, 78, 122, 200
537012.5.peg.3208.site.11, 7, 125, 132
537012.5.peg.3208.site.12, 5, 120, 125
537012.5.peg.3208.site.13, 0, 120, 120
537012.5.peg.3208.site.14, 5, 120, 125
537012.5.peg.3208.site.15, 0, 91, 91
537012.5.peg.3208.site.16, 7, 87, 94
537012.5.peg.3208.site.17, 2, 82, 84
537012.5.peg.3208.site.18, 50, 76, 126
537012.5.peg.3208.site.19, 2, 80, 82
537012.5.peg.3208.site.20, 47, 78, 125
537012.5.peg.3208.site.21, 6, 79, 85
537012.5.peg.3208.site.22, 19, 76, 95
537012.5.peg.3208.site.23, 44, 77, 121
537012.5.peg.3208.site.24, 0, 79, 79
537012.5.peg.3208.site.25, 9, 77, 86
537012.5.peg.3208.site.26, 2, 78, 80
537012.5.peg.3208.site.27, 0, 78, 78
537012.5.peg.3208.site.28, 0, 77, 77
537012.5.peg.3207.site.1, 1, 123, 124
537012.5.peg.3207.site.2, 13, 122, 135
537012.5.peg.3207.site.3, 122, 123, 245
537012.5.peg.3207.site.4, 4, 122, 126
537012.5.peg.3207.site.5, 6, 124, 130
537012.5.peg.3207.site.6, 2, 124, 126
537012.5.peg.3207.site.7, 8, 123, 131
537012.5.peg.3207.site.8, 15, 122, 137
537012.5.peg.3207.site.9, 2, 123, 125
537012.5.peg.3207.site.10, 100, 123, 223
537012.5.peg.3207.site.11, 13, 123, 136
537012.5.peg.3207.site.12, 20, 123, 143
537012.5.peg.745.site.1, 94, 120, 214
537012.5.peg.745.site.2, 96, 123, 219
537012.5.peg.745.site.3, 98, 125, 223
537012.5.peg.745.site.4, 6, 126, 132
537012.5.peg.745.site.5, 2, 126, 128
537012.5.peg.745.site.6, 89, 116, 205
537012.5.peg.745.site.7, 1, 85, 86
537012.5.peg.745.site.8, 56, 83, 139
537012.5.peg.745.site.9, 8, 84, 92
537012.5.peg.747.site.1, 11, 129, 140
537012.5.peg.747.site.2, 1, 128, 129
537012.5.peg.747.site.3, 13, 127, 140
537012.5.peg.747.site.4, 5, 125, 130
537012.5.peg.747.site.5, 26, 114, 140
537012.5.peg.747.site.6, 3, 84, 87
537012.5.peg.747.site.7, 6, 85, 91
537012.5.peg.747.site.8, 0, 77, 77
537012.5.peg.747.site.9, 4, 81, 85
537012.5.peg.747.site.10, 5, 80, 85
537012.5.peg.747.site.11, 9, 78, 87
537012.5.peg.747.site.12, 4, 78, 82
537012.5.peg.747.site.13, 8, 76, 84
537012.5.peg.747.site.14, 76, 77, 153
537012.5.peg.747.site.15, 1, 79, 80
537012.5.peg.747.site.16, 2, 101, 103
537012.5.peg.747.site.17, 0, 103, 103
537012.5.peg.747.site.18, 11, 104, 115
537012.5.peg.747.site.19, 0, 105, 105
537012.5.peg.747.site.20, 8, 105, 113
537012.5.peg.747.site.21, 17, 101, 118
537012.5.peg.747.site.22, 1, 102, 103
537012.5.peg.747.site.23, 3, 102, 105
537012.5.peg.747.site.24, 3, 97, 100
537012.5.peg.747.site.25, 10, 100, 110
537012.5.peg.747.site.26, 32, 101, 133
537012.5.peg.747.site.27, 64, 104, 168
537012.5.peg.747.site.28, 4, 114, 118
537012.5.peg.747.site.29, 3, 114, 117
537012.5.peg.747.site.30, 6, 114, 120
537012.5.peg.747.site.31, 2, 104, 106
537012.5.peg.747.site.32, 0, 103, 103
537012.5.peg.747.site.33, 3, 103, 106
537012.5.peg.747.site.34, 29, 114, 143
537012.5.peg.747.site.35, 22, 112, 134
537012.5.peg.747.site.36, 2, 126, 128
537012.5.peg.747.site.37, 3, 129, 132
537012.5.peg.747.site.38, 1, 132, 133
537012.5.peg.747.site.39, 4, 131, 135
537012.5.peg.747.site.40, 3, 131, 134
537012.5.peg.747.site.41, 0, 131, 131
537012.5.peg.747.site.42, 4, 130, 134
537012.5.peg.747.site.43, 3, 130, 133
537012.5.peg.747.site.44, 20, 130, 150
537012.5.peg.747.site.45, 1, 115, 116
537012.5.peg.747.site.46, 1, 115, 116
537012.5.peg.747.site.47, 19, 111, 130
537012.5.peg.747.site.48, 3, 113, 116
537012.5.peg.747.site.49, 4, 97, 101
537012.5.peg.747.site.50, 24, 105, 129
537012.5.peg.747.site.51, 4, 115, 119
537012.5.peg.747.site.52, 50, 119, 169
537012.5.peg.747.site.53, 112, 120, 232
537012.5.peg.747.site.54, 5, 128, 133
537012.5.peg.747.site.55, 0, 132, 132
537012.5.peg.747.site.56, 3, 134, 137
537012.5.peg.747.site.57, 3, 134, 137
537012.5.peg.747.site.58, 1, 134, 135
537012.5.peg.747.site.59, 4, 134, 138
537012.5.peg.747.site.60, 3, 134, 137
537012.5.peg.747.site.61, 3, 131, 134
537012.5.peg.747.site.62, 16, 132, 148
537012.5.peg.747.site.63, 10, 134, 144
537012.5.peg.747.site.64, 3, 133, 136
537012.5.peg.747.site.65, 1, 130, 131
537012.5.peg.747.site.66, 2, 131, 133
537012.5.peg.747.site.67, 67, 132, 199
537012.5.peg.747.site.68, 22, 130, 152
537012.5.peg.747.site.69, 26, 126, 152
537012.5.peg.747.site.70, 6, 125, 131
537012.5.peg.747.site.71, 25, 132, 157
537012.5.peg.747.site.72, 5, 132, 137
537012.5.peg.747.site.73, 2, 134, 136
537012.5.peg.747.site.74, 0, 133, 133
537012.5.peg.747.site.75, 3, 134, 137
537012.5.peg.747.site.76, 18, 134, 152
537012.5.peg.747.site.77, 4, 134, 138
537012.5.peg.747.site.78, 10, 130, 140
537012.5.peg.747.site.79, 41, 132, 173
537012.5.peg.747.site.80, 5, 133, 138
537012.5.peg.747.site.81, 5, 133, 138
537012.5.peg.747.site.82, 3, 134, 137
537012.5.peg.747.site.83, 5, 133, 138
537012.5.peg.747.site.84, 15, 120, 135
537012.5.peg.2339.site.1, 4, 126, 130
537012.5.peg.2339.site.2, 5, 126, 131
537012.5.peg.2339.site.3, 125, 128, 253
537012.5.peg.2339.site.4, 4, 126, 130
537012.5.peg.2339.site.5, 4, 126, 130
537012.5.peg.2339.site.6, 1, 125, 126
537012.5.peg.2339.site.7, 1, 128, 129
537012.5.peg.2339.site.8, 1, 128, 129
537012.5.peg.2339.site.9, 1, 128, 129
537012.5.peg.2339.site.10, 2, 128, 130
537012.5.peg.2339.site.11, 39, 127, 166
537012.5.peg.2339.site.12, 0, 128, 128
537012.5.peg.2339.site.13, 1, 129, 130
537012.5.peg.2339.site.14, 1, 129, 130
537012.5.peg.2339.site.15, 4, 128, 132
537012.5.peg.2339.site.16, 3, 126, 129
537012.5.peg.2339.site.17, 1, 128, 129
537012.5.peg.2339.site.18, 22, 128, 150
537012.5.peg.2339.site.19, 1, 128, 129
537012.5.peg.2339.site.20, 56, 128, 184
537012.5.peg.2339.site.21, 1, 128, 129
537012.5.peg.2339.site.22, 1, 128, 129
537012.5.peg.2339.site.23, 0, 126, 126
537012.5.peg.2888.site.1, 15, 110, 125
537012.5.peg.2888.site.2, 4, 122, 126
537012.5.peg.2888.site.3, 26, 127, 153
537012.5.peg.2888.site.4, 1, 128, 129
537012.5.peg.2888.site.5, 1, 128, 129
537012.5.peg.2888.site.6, 1, 128, 129
537012.5.peg.2888.site.7, 51, 126, 177
537012.5.peg.2888.site.8, 1, 125, 126
537012.5.peg.2888.site.9, 89, 99, 188
537012.5.peg.2888.site.10, 13, 80, 93
537012.5.peg.2888.site.11, 13, 79, 92
537012.5.peg.2888.site.12, 1, 77, 78
537012.5.peg.2888.site.13, 1, 78, 79
537012.5.peg.2888.site.14, 73, 78, 151
537012.5.peg.2888.site.15, 27, 75, 102
537012.5.peg.2888.site.16, 15, 75, 90
537012.5.peg.2888.site.17, 12, 79, 91
537012.5.peg.2888.site.18, 43, 81, 124
537012.5.peg.2888.site.19, 1, 82, 83
537012.5.peg.2888.site.20, 1, 82, 83
537012.5.peg.2888.site.21, 1, 83, 84
537012.5.peg.2888.site.22, 5, 84, 89
537012.5.peg.2888.site.23, 10, 85, 95
537012.5.peg.2888.site.24, 2, 81, 83
537012.5.peg.2888.site.25, 1, 78, 79
537012.5.peg.2888.site.26, 1, 77, 78
537012.5.peg.2888.site.27, 1, 75, 76
537012.5.peg.2888.site.28, 10, 72, 82
537012.5.peg.2888.site.29, 45, 71, 116
537012.5.peg.2888.site.30, 1, 73, 74
537012.5.peg.2888.site.31, 9, 73, 82
537012.5.peg.2888.site.32, 1, 75, 76
537012.5.peg.2888.site.33, 2, 78, 80
537012.5.peg.2888.site.34, 13, 81, 94
537012.5.peg.2888.site.35, 2, 80, 82
537012.5.peg.2888.site.36, 1, 79, 80
537012.5.peg.2888.site.37, 22, 79, 101
537012.5.peg.2888.site.38, 2, 82, 84
537012.5.peg.2888.site.39, 7, 83, 90
537012.5.peg.2888.site.40, 7, 79, 86
537012.5.peg.2888.site.41, 35, 84, 119
537012.5.peg.2888.site.42, 4, 85, 89
537012.5.peg.2888.site.43, 1, 75, 76
537012.5.peg.2888.site.44, 8, 74, 82
537012.5.peg.2888.site.45, 14, 74, 88
537012.5.peg.2888.site.46, 1, 80, 81
537012.5.peg.2888.site.47, 3, 85, 88
537012.5.peg.2888.site.48, 1, 89, 90
537012.5.peg.2888.site.49, 1, 90, 91
537012.5.peg.2888.site.50, 3, 86, 89
537012.5.peg.2889.site.1, 45, 69, 114
537012.5.peg.2889.site.2, 14, 71, 85
537012.5.peg.2889.site.3, 25, 71, 96
537012.5.peg.2889.site.4, 2, 71, 73
537012.5.peg.2889.site.5, 5, 74, 79
537012.5.peg.2889.site.6, 48, 73, 121
537012.5.peg.2889.site.7, 1, 74, 75
537012.5.peg.2889.site.8, 4, 74, 78
537012.5.peg.2889.site.9, 1, 74, 75
537012.5.peg.2889.site.10, 5, 73, 78
537012.5.peg.2889.site.11, 7, 72, 79
537012.5.peg.2889.site.12, 2, 72, 74
537012.5.peg.2889.site.13, 13, 72, 85
537012.5.peg.2889.site.14, 51, 72, 123
537012.5.peg.2889.site.15, 14, 69, 83
537012.5.peg.2889.site.16, 59, 73, 132
537012.5.peg.2889.site.17, 1, 75, 76
537012.5.peg.2889.site.18, 54, 75, 129
537012.5.peg.2889.site.19, 0, 74, 74
537012.5.peg.2889.site.20, 5, 75, 80
537012.5.peg.2889.site.21, 34, 72, 106
537012.5.peg.2889.site.22, 21, 72, 93
537012.5.peg.2889.site.23, 35, 70, 105
537012.5.peg.2889.site.24, 3, 74, 77
537012.5.peg.2889.site.25, 4, 73, 77
537012.5.peg.2889.site.26, 63, 71, 134
537012.5.peg.2889.site.27, 38, 68, 106
537012.5.peg.2889.site.28, 3, 71, 74
537012.5.peg.2889.site.29, 42, 71, 113
537012.5.peg.2889.site.30, 2, 72, 74
537012.5.peg.2889.site.31, 42, 71, 113
537012.5.peg.2889.site.32, 56, 69, 125
537012.5.peg.2889.site.33, 67, 72, 139
537012.5.peg.2889.site.34, 29, 69, 98
537012.5.peg.2889.site.35, 18, 70, 88
537012.5.peg.2889.site.36, 70, 74, 144
537012.5.peg.2889.site.37, 2, 74, 76
537012.5.peg.1999.site.1, 44, 134, 178
537012.5.peg.1999.site.2, 4, 132, 136
537012.5.peg.1999.site.3, 2, 134, 136
537012.5.peg.1999.site.4, 4, 133, 137
537012.5.peg.1999.site.5, 4, 130, 134
537012.5.peg.1999.site.6, 0, 133, 133
537012.5.peg.1999.site.7, 6, 134, 140
537012.5.peg.1999.site.8, 0, 134, 134
537012.5.peg.1999.site.9, 21, 134, 155
537012.5.peg.1999.site.10, 1, 134, 135
537012.5.peg.1999.site.11, 12, 134, 146
537012.5.peg.1999.site.12, 2, 133, 135
537012.5.peg.1999.site.13, 22, 132, 154
537012.5.peg.1999.site.14, 2, 132, 134
537012.5.peg.1999.site.15, 6, 132, 138
537012.5.peg.1999.site.16, 18, 133, 151
537012.5.peg.1999.site.17, 3, 132, 135
537012.5.peg.1999.site.18, 1, 134, 135
537012.5.peg.1999.site.19, 6, 134, 140
537012.5.peg.1999.site.20, 1, 134, 135
537012.5.peg.1999.site.21, 8, 132, 140
537012.5.peg.1999.site.22, 2, 134, 136
537012.5.peg.1999.site.23, 0, 134, 134
537012.5.peg.1999.site.24, 4, 132, 136
537012.5.peg.1999.site.25, 9, 132, 141
537012.5.peg.1999.site.26, 1, 133, 134
537012.5.peg.1999.site.27, 3, 134, 137
537012.5.peg.1999.site.28, 3, 132, 135
537012.5.peg.1999.site.29, 104, 129, 233
537012.5.peg.1999.site.30, 1, 129, 130
537012.5.peg.1999.site.31, 9, 129, 138
537012.5.peg.1999.site.32, 7, 130, 137
537012.5.peg.1999.site.33, 6, 128, 134
537012.5.peg.1999.site.34, 117, 131, 248
537012.5.peg.1999.site.35, 0, 133, 133
537012.5.peg.1999.site.36, 3, 133, 136
537012.5.peg.1999.site.37, 3, 134, 137
537012.5.peg.1999.site.38, 132, 133, 265
537012.5.peg.1999.site.39, 1, 133, 134
537012.5.peg.1999.site.40, 1, 133, 134
537012.5.peg.1999.site.41, 1, 134, 135
537012.5.peg.1999.site.42, 6, 134, 140
537012.5.peg.1999.site.43, 5, 133, 138
537012.5.peg.1999.site.44, 1, 134, 135
537012.5.peg.1999.site.45, 31, 133, 164
537012.5.peg.1999.site.46, 4, 132, 136
537012.5.peg.1999.site.47, 17, 134, 151
537012.5.peg.1999.site.48, 1, 132, 133
537012.5.peg.1999.site.49, 5, 129, 134
537012.5.peg.1999.site.50, 3, 127, 130
537012.5.peg.1999.site.51, 6, 127, 133
537012.5.peg.1999.site.52, 4, 132, 136
537012.5.peg.1998.site.1, 10, 127, 137
537012.5.peg.1998.site.2, 3, 126, 129
537012.5.peg.1998.site.3, 3, 126, 129
537012.5.peg.1998.site.4, 9, 130, 139
537012.5.peg.1998.site.5, 5, 132, 137
537012.5.peg.1998.site.6, 2, 134, 136
537012.5.peg.1998.site.7, 2, 133, 135
537012.5.peg.1998.site.8, 1, 134, 135
537012.5.peg.1998.site.9, 50, 132, 182
537012.5.peg.1998.site.10, 4, 132, 136
537012.5.peg.1998.site.11, 3, 134, 137
537012.5.peg.1998.site.12, 4, 131, 135
537012.5.peg.1998.site.13, 1, 134, 135
537012.5.peg.1998.site.14, 18, 134, 152
537012.5.peg.1998.site.15, 11, 132, 143
537012.5.peg.1998.site.16, 6, 134, 140
537012.5.peg.1998.site.17, 17, 133, 150
537012.5.peg.1998.site.18, 1, 134, 135
537012.5.peg.1998.site.19, 3, 134, 137
537012.5.peg.1998.site.20, 3, 134, 137
537012.5.peg.1998.site.21, 30, 133, 163
537012.5.peg.1998.site.22, 1, 134, 135
537012.5.peg.1998.site.23, 6, 133, 139
537012.5.peg.1998.site.24, 12, 134, 146
537012.5.peg.1998.site.25, 1, 134, 135
537012.5.peg.1998.site.26, 6, 133, 139
537012.5.peg.1998.site.27, 2, 133, 135
537012.5.peg.4484.site.1, 4, 131, 135
537012.5.peg.4484.site.2, 5, 132, 137
537012.5.peg.4484.site.3, 0, 128, 128
537012.5.peg.4484.site.4, 3, 125, 128
537012.5.peg.4484.site.5, 0, 125, 125
537012.5.peg.4484.site.6, 3, 124, 127
537012.5.peg.4484.site.7, 7, 124, 131
537012.5.peg.4484.site.8, 1, 125, 126
537012.5.peg.4484.site.9, 3, 126, 129
537012.5.peg.4484.site.10, 25, 124, 149
537012.5.peg.4484.site.11, 5, 124, 129
537012.5.peg.4484.site.12, 1, 126, 127
537012.5.peg.4484.site.13, 12, 119, 131
537012.5.peg.4484.site.14, 3, 128, 131
537012.5.peg.4484.site.15, 1, 129, 130
537012.5.peg.4484.site.16, 5, 130, 135
537012.5.peg.4484.site.17, 2, 127, 129
537012.5.peg.4484.site.18, 2, 126, 128
537012.5.peg.4484.site.19, 6, 118, 124
537012.5.peg.4484.site.20, 2, 116, 118
537012.5.peg.4484.site.21, 1, 102, 103
537012.5.peg.4484.site.22, 44, 96, 140
537012.5.peg.4484.site.23, 1, 89, 90
537012.5.peg.4484.site.24, 5, 86, 91
537012.5.peg.4484.site.25, 9, 81, 90
537012.5.peg.4484.site.26, 4, 80, 84
537012.5.peg.4484.site.27, 3, 78, 81
537012.5.peg.4484.site.28, 32, 79, 111
537012.5.peg.4484.site.29, 1, 77, 78
537012.5.peg.4484.site.30, 2, 78, 80
537012.5.peg.4484.site.31, 18, 84, 102
537012.5.peg.1993.site.1, 1, 133, 134
537012.5.peg.1993.site.2, 2, 134, 136
537012.5.peg.1993.site.3, 5, 134, 139
537012.5.peg.1993.site.4, 9, 133, 142
537012.5.peg.1993.site.5, 3, 131, 134
537012.5.peg.1993.site.6, 0, 130, 130
537012.5.peg.1993.site.7, 3, 131, 134
537012.5.peg.1995.site.1, 9, 130, 139
537012.5.peg.1995.site.2, 0, 133, 133
537012.5.peg.1995.site.3, 0, 134, 134
537012.5.peg.1995.site.4, 1, 134, 135
537012.5.peg.1995.site.5, 20, 134, 154
537012.5.peg.1995.site.6, 1, 133, 134
537012.5.peg.1995.site.7, 6, 133, 139
537012.5.peg.1995.site.8, 11, 132, 143
537012.5.peg.1995.site.9, 76, 133, 209
537012.5.peg.1995.site.10, 11, 131, 142
537012.5.peg.1995.site.11, 8, 129, 137
537012.5.peg.1995.site.12, 7, 129, 136
537012.5.peg.1995.site.13, 5, 131, 136
537012.5.peg.1995.site.14, 1, 134, 135
537012.5.peg.1995.site.15, 1, 134, 135
537012.5.peg.1995.site.16, 3, 133, 136
537012.5.peg.1995.site.17, 1, 133, 134
537012.5.peg.1995.site.18, 7, 133, 140
537012.5.peg.1995.site.19, 63, 132, 195
537012.5.peg.1995.site.20, 4, 132, 136
537012.5.peg.1995.site.21, 6, 134, 140
537012.5.peg.1995.site.22, 4, 132, 136
537012.5.peg.1995.site.23, 4, 132, 136
537012.5.peg.1995.site.24, 1, 134, 135
537012.5.peg.1995.site.25, 11, 132, 143
537012.5.peg.1995.site.26, 3, 134, 137
537012.5.peg.1995.site.27, 0, 133, 133
537012.5.peg.1994.site.1, 0, 132, 132
537012.5.peg.1994.site.2, 37, 133, 170
537012.5.peg.1994.site.3, 1, 134, 135
537012.5.peg.1994.site.4, 7, 133, 140
537012.5.peg.1994.site.5, 4, 132, 136
537012.5.peg.1994.site.6, 8, 126, 134
537012.5.peg.1994.site.7, 2, 128, 130
537012.5.peg.1994.site.8, 1, 126, 127
537012.5.peg.1994.site.9, 114, 127, 241
537012.5.peg.1994.site.10, 2, 107, 109
537012.5.peg.1994.site.11, 1, 108, 109
537012.5.peg.1997.site.1, 7, 134, 141
537012.5.peg.1997.site.2, 1, 134, 135
537012.5.peg.1997.site.3, 9, 133, 142
537012.5.peg.1997.site.4, 18, 132, 150
537012.5.peg.1997.site.5, 1, 132, 133
537012.5.peg.1997.site.6, 3, 132, 135
537012.5.peg.1997.site.7, 1, 130, 131
537012.5.peg.1997.site.8, 9, 129, 138
537012.5.peg.1997.site.9, 2, 128, 130
537012.5.peg.1997.site.10, 4, 125, 129
537012.5.peg.1997.site.11, 90, 127, 217
537012.5.peg.1997.site.12, 8, 128, 136
537012.5.peg.1997.site.13, 1, 128, 129
537012.5.peg.1997.site.14, 7, 128, 135
537012.5.peg.1997.site.15, 3, 128, 131
537012.5.peg.1997.site.16, 3, 128, 131
537012.5.peg.1997.site.17, 1, 128, 129
537012.5.peg.1997.site.18, 1, 128, 129
537012.5.peg.1997.site.19, 1, 128, 129
537012.5.peg.1997.site.20, 2, 128, 130
537012.5.peg.1997.site.21, 1, 128, 129
537012.5.peg.1997.site.22, 18, 125, 143
537012.5.peg.1996.site.1, 7, 134, 141
537012.5.peg.1996.site.2, 34, 134, 168
537012.5.peg.1996.site.3, 4, 132, 136
537012.5.peg.1996.site.4, 20, 131, 151
537012.5.peg.1996.site.5, 11, 132, 143
537012.5.peg.1996.site.6, 58, 134, 192
537012.5.peg.1996.site.7, 1, 133, 134
537012.5.peg.1996.site.8, 17, 133, 150
537012.5.peg.1996.site.9, 6, 133, 139
537012.5.peg.1996.site.10, 1, 133, 134
537012.5.peg.1996.site.11, 1, 132, 133
537012.5.peg.1996.site.12, 6, 131, 137
537012.5.peg.1996.site.13, 6, 134, 140
537012.5.peg.1996.site.14, 5, 133, 138
537012.5.peg.1996.site.15, 1, 134, 135
537012.5.peg.1996.site.16, 1, 134, 135
537012.5.peg.1996.site.17, 41, 133, 174
537012.5.peg.1996.site.18, 52, 131, 183
537012.5.peg.1996.site.19, 2, 132, 134
537012.5.peg.1996.site.20, 1, 134, 135
537012.5.peg.1996.site.21, 13, 134, 147
537012.5.peg.1996.site.22, 0, 132, 132
537012.5.peg.3848.site.1, 2, 124, 126
537012.5.peg.3848.site.2, 3, 126, 129
537012.5.peg.3848.site.3, 1, 129, 130
537012.5.peg.3848.site.4, 9, 129, 138
537012.5.peg.3848.site.5, 9, 130, 139
537012.5.peg.3848.site.6, 2, 129, 131
537012.5.peg.3848.site.7, 1, 126, 127
537012.5.peg.3848.site.8, 52, 123, 175
537012.5.peg.3848.site.9, 23, 113, 136
537012.5.peg.3848.site.10, 21, 112, 133
537012.5.peg.3848.site.11, 10, 116, 126
537012.5.peg.3848.site.12, 6, 114, 120
537012.5.peg.3848.site.13, 14, 121, 135
537012.5.peg.3848.site.14, 18, 127, 145
537012.5.peg.3848.site.15, 17, 128, 145
537012.5.peg.3848.site.16, 1, 129, 130
537012.5.peg.3848.site.17, 1, 127, 128
537012.5.peg.3848.site.18, 3, 127, 130
537012.5.peg.3848.site.19, 1, 127, 128
537012.5.peg.3848.site.20, 0, 126, 126
537012.5.peg.3848.site.21, 4, 133, 137
537012.5.peg.3848.site.22, 1, 133, 134
537012.5.peg.3848.site.23, 1, 134, 135
537012.5.peg.3848.site.24, 7, 132, 139
537012.5.peg.3848.site.25, 6, 132, 138
537012.5.peg.3848.site.26, 22, 133, 155
537012.5.peg.3848.site.27, 12, 133, 145
537012.5.peg.3848.site.28, 40, 128, 168
537012.5.peg.3848.site.29, 38, 125, 163
537012.5.peg.3848.site.30, 35, 123, 158
537012.5.peg.3848.site.31, 23, 125, 148
537012.5.peg.3848.site.32, 2, 127, 129
537012.5.peg.3848.site.33, 24, 129, 153
537012.5.peg.3848.site.34, 2, 128, 130
537012.5.peg.3848.site.35, 6, 128, 134
537012.5.peg.3848.site.36, 27, 129, 156
537012.5.peg.3848.site.37, 1, 128, 129
537012.5.peg.3848.site.38, 1, 129, 130
537012.5.peg.3848.site.39, 52, 127, 179
537012.5.peg.3848.site.40, 17, 128, 145
537012.5.peg.3848.site.41, 8, 128, 136
537012.5.peg.3848.site.42, 3, 117, 120
537012.5.peg.3848.site.43, 1, 129, 130
537012.5.peg.3848.site.44, 2, 128, 130
537012.5.peg.3848.site.45, 1, 129, 130
537012.5.peg.3848.site.46, 2, 128, 130
537012.5.peg.3848.site.47, 14, 127, 141
537012.5.peg.3848.site.48, 1, 126, 127
537012.5.peg.3848.site.49, 2, 126, 128
537012.5.peg.3848.site.50, 1, 120, 121
537012.5.peg.3848.site.51, 2, 127, 129
537012.5.peg.3848.site.52, 21, 125, 146
537012.5.peg.3848.site.53, 8, 129, 137
537012.5.peg.3848.site.54, 10, 130, 140
537012.5.peg.3848.site.55, 1, 128, 129
537012.5.peg.3848.site.56, 10, 128, 138
537012.5.peg.3848.site.57, 1, 130, 131
537012.5.peg.3848.site.58, 3, 129, 132
537012.5.peg.3848.site.59, 18, 126, 144
537012.5.peg.3848.site.60, 3, 130, 133
537012.5.peg.3848.site.61, 19, 130, 149
537012.5.peg.3848.site.62, 0, 128, 128
537012.5.peg.3848.site.63, 0, 127, 127
537012.5.peg.3848.site.64, 0, 129, 129
537012.5.peg.3848.site.65, 1, 130, 131
537012.5.peg.3590.site.1, 1, 111, 112
537012.5.peg.3590.site.2, 2, 111, 113
537012.5.peg.3590.site.3, 0, 106, 106
537012.5.peg.3590.site.4, 2, 104, 106
537012.5.peg.3590.site.5, 2, 126, 128
537012.5.peg.3590.site.6, 24, 125, 149
537012.5.peg.3590.site.7, 4, 125, 129
537012.5.peg.3590.site.8, 1, 124, 125
537012.5.peg.3590.site.9, 3, 124, 127
537012.5.peg.3590.site.10, 3, 124, 127
537012.5.peg.3590.site.11, 1, 124, 125
537012.5.peg.3590.site.12, 5, 121, 126
537012.5.peg.3590.site.13, 2, 123, 125
537012.5.peg.3590.site.14, 1, 118, 119
537012.5.peg.3590.site.15, 4, 116, 120
537012.5.peg.3590.site.16, 2, 118, 120
537012.5.peg.3590.site.17, 8, 118, 126
537012.5.peg.3590.site.18, 4, 120, 124
537012.5.peg.3590.site.19, 2, 121, 123
537012.5.peg.3590.site.20, 16, 122, 138
537012.5.peg.3590.site.21, 0, 123, 123
537012.5.peg.3590.site.22, 16, 121, 137
537012.5.peg.3590.site.23, 1, 120, 121
537012.5.peg.3590.site.24, 3, 116, 119
537012.5.peg.3590.site.25, 0, 120, 120
537012.5.peg.3590.site.26, 2, 115, 117
537012.5.peg.3590.site.27, 3, 115, 118
537012.5.peg.3590.site.28, 2, 112, 114
537012.5.peg.3590.site.29, 0, 125, 125
537012.5.peg.3590.site.30, 4, 125, 129
537012.5.peg.3590.site.31, 1, 128, 129
537012.5.peg.3590.site.32, 0, 127, 127
537012.5.peg.3590.site.33, 2, 128, 130
537012.5.peg.3590.site.34, 1, 127, 128
537012.5.peg.3843.site.1, 10, 134, 144
537012.5.peg.3843.site.2, 15, 133, 148
537012.5.peg.3843.site.3, 17, 132, 149
537012.5.peg.3843.site.4, 18, 133, 151
537012.5.peg.3843.site.5, 2, 131, 133
537012.5.peg.3843.site.6, 6, 132, 138
537012.5.peg.3843.site.7, 19, 134, 153
537012.5.peg.3843.site.8, 1, 134, 135
537012.5.peg.3843.site.9, 7, 134, 141
537012.5.peg.3843.site.10, 2, 125, 127
537012.5.peg.3843.site.11, 12, 121, 133
537012.5.peg.3843.site.12, 9, 117, 126
537012.5.peg.3843.site.13, 0, 117, 117
537012.5.peg.3843.site.14, 9, 117, 126
537012.5.peg.3843.site.15, 8, 118, 126
537012.5.peg.3843.site.16, 4, 118, 122
537012.5.peg.3843.site.17, 10, 119, 129
537012.5.peg.3843.site.18, 1, 118, 119
537012.5.peg.3843.site.19, 5, 127, 132
537012.5.peg.3843.site.20, 1, 133, 134
537012.5.peg.3843.site.21, 18, 133, 151
537012.5.peg.3843.site.22, 0, 132, 132
537012.5.peg.3843.site.23, 4, 131, 135
537012.5.peg.3843.site.24, 9, 127, 136
537012.5.peg.3843.site.25, 1, 129, 130
537012.5.peg.3843.site.26, 2, 129, 131
537012.5.peg.3843.site.27, 5, 129, 134
537012.5.peg.3843.site.28, 17, 131, 148
537012.5.peg.3842.site.1, 4, 118, 122
537012.5.peg.3842.site.2, 6, 122, 128
537012.5.peg.3842.site.3, 5, 122, 127
537012.5.peg.3842.site.4, 8, 124, 132
537012.5.peg.3842.site.5, 1, 122, 123
537012.5.peg.3842.site.6, 84, 127, 211
537012.5.peg.3842.site.7, 1, 132, 133
537012.5.peg.3842.site.8, 1, 132, 133
537012.5.peg.3842.site.9, 1, 133, 134
537012.5.peg.3842.site.10, 3, 134, 137
537012.5.peg.3842.site.11, 18, 134, 152
537012.5.peg.3842.site.12, 15, 130, 145
537012.5.peg.3842.site.13, 73, 129, 202
537012.5.peg.3842.site.14, 10, 131, 141
537012.5.peg.3842.site.15, 12, 133, 145
537012.5.peg.3842.site.16, 6, 132, 138
537012.5.peg.3842.site.17, 1, 134, 135
537012.5.peg.3842.site.18, 8, 134, 142
537012.5.peg.3842.site.19, 6, 132, 138
537012.5.peg.3842.site.20, 15, 134, 149
537012.5.peg.3842.site.21, 2, 133, 135
537012.5.peg.3842.site.22, 71, 133, 204
537012.5.peg.3842.site.23, 25, 132, 157
537012.5.peg.3842.site.24, 18, 134, 152
537012.5.peg.3842.site.25, 19, 134, 153
537012.5.peg.3842.site.26, 1, 134, 135
537012.5.peg.3842.site.27, 1, 133, 134
537012.5.peg.3842.site.28, 1, 133, 134
537012.5.peg.3842.site.29, 1, 134, 135
537012.5.peg.3842.site.30, 5, 134, 139
537012.5.peg.3842.site.31, 13, 134, 147
537012.5.peg.3842.site.32, 3, 134, 137
537012.5.peg.3842.site.33, 3, 134, 137
537012.5.peg.3842.site.34, 24, 131, 155
537012.5.peg.3842.site.35, 1, 134, 135
537012.5.peg.3842.site.36, 132, 134, 266
537012.5.peg.3842.site.37, 17, 134, 151
537012.5.peg.3842.site.38, 6, 132, 138
537012.5.peg.3842.site.39, 6, 133, 139
537012.5.peg.3842.site.40, 1, 133, 134
537012.5.peg.3842.site.41, 1, 134, 135
537012.5.peg.3842.site.42, 58, 134, 192
537012.5.peg.3842.site.43, 7, 132, 139
537012.5.peg.3842.site.44, 9, 130, 139
537012.5.peg.3842.site.45, 18, 132, 150
537012.5.peg.3842.site.46, 26, 130, 156
537012.5.peg.3842.site.47, 13, 132, 145
537012.5.peg.3842.site.48, 2, 132, 134
537012.5.peg.3842.site.49, 73, 130, 203
537012.5.peg.3842.site.50, 43, 129, 172
537012.5.peg.3842.site.51, 8, 131, 139
537012.5.peg.3842.site.52, 20, 134, 154
537012.5.peg.3842.site.53, 1, 133, 134
537012.5.peg.3842.site.54, 10, 133, 143
537012.5.peg.3842.site.55, 3, 134, 137
537012.5.peg.3842.site.56, 1, 134, 135
537012.5.peg.3842.site.57, 0, 133, 133
537012.5.peg.3842.site.58, 3, 133, 136
537012.5.peg.3842.site.59, 25, 133, 158
537012.5.peg.3842.site.60, 7, 134, 141
537012.5.peg.3842.site.61, 7, 133, 140
537012.5.peg.3842.site.62, 7, 133, 140
537012.5.peg.3842.site.63, 29, 133, 162
537012.5.peg.3842.site.64, 3, 134, 137
537012.5.peg.3842.site.65, 6, 131, 137
537012.5.peg.3842.site.66, 5, 131, 136
537012.5.peg.3842.site.67, 0, 130, 130
537012.5.peg.3842.site.68, 1, 133, 134
537012.5.peg.3842.site.69, 6, 131, 137
537012.5.peg.3842.site.70, 6, 132, 138
537012.5.peg.3842.site.71, 94, 133, 227
537012.5.peg.3842.site.72, 6, 130, 136
537012.5.peg.3842.site.73, 42, 131, 173
537012.5.peg.3842.site.74, 43, 133, 176
537012.5.peg.3842.site.75, 9, 134, 143
537012.5.peg.3842.site.76, 5, 131, 136
537012.5.peg.3842.site.77, 1, 134, 135
537012.5.peg.3842.site.78, 5, 131, 136
537012.5.peg.3842.site.79, 5, 131, 136
537012.5.peg.3842.site.80, 2, 134, 136
537012.5.peg.3842.site.81, 1, 134, 135
537012.5.peg.3842.site.82, 5, 131, 136
537012.5.peg.3842.site.83, 5, 131, 136
537012.5.peg.3842.site.84, 4, 130, 134
537012.5.peg.3842.site.85, 1, 134, 135
537012.5.peg.3845.site.1, 1, 105, 106
537012.5.peg.3845.site.2, 4, 100, 104
537012.5.peg.3845.site.3, 9, 101, 110
537012.5.peg.3845.site.4, 10, 98, 108
537012.5.peg.3845.site.5, 53, 93, 146
537012.5.peg.3845.site.6, 1, 95, 96
537012.5.peg.3845.site.7, 12, 97, 109
537012.5.peg.3845.site.8, 13, 92, 105
537012.5.peg.3845.site.9, 27, 93, 120
537012.5.peg.3845.site.10, 0, 93, 93
537012.5.peg.3845.site.11, 64, 94, 158
537012.5.peg.3845.site.12, 1, 118, 119
537012.5.peg.3845.site.13, 13, 117, 130
537012.5.peg.3845.site.14, 0, 105, 105
537012.5.peg.3845.site.15, 11, 94, 105
537012.5.peg.3845.site.16, 10, 96, 106
537012.5.peg.3845.site.17, 10, 92, 102
537012.5.peg.3845.site.18, 2, 95, 97
537012.5.peg.3845.site.19, 14, 104, 118
537012.5.peg.3845.site.20, 0, 120, 120
537012.5.peg.3845.site.21, 1, 125, 126
537012.5.peg.3845.site.22, 1, 118, 119
537012.5.peg.3845.site.23, 19, 120, 139
537012.5.peg.3845.site.24, 2, 113, 115
537012.5.peg.3845.site.25, 4, 111, 115
537012.5.peg.3845.site.26, 2, 100, 102
537012.5.peg.3845.site.27, 0, 88, 88
537012.5.peg.3845.site.28, 3, 77, 80
537012.5.peg.3845.site.29, 61, 74, 135
537012.5.peg.3845.site.30, 1, 77, 78
537012.5.peg.3845.site.31, 1, 80, 81
537012.5.peg.3845.site.32, 1, 116, 117
537012.5.peg.3845.site.33, 5, 115, 120
537012.5.peg.3845.site.34, 1, 118, 119
537012.5.peg.3845.site.35, 2, 121, 123
537012.5.peg.3845.site.36, 8, 118, 126
537012.5.peg.3845.site.37, 0, 127, 127
537012.5.peg.3845.site.38, 1, 128, 129
537012.5.peg.3845.site.39, 1, 128, 129
537012.5.peg.3845.site.40, 1, 129, 130
537012.5.peg.3845.site.41, 1, 128, 129
537012.5.peg.3845.site.42, 1, 128, 129
537012.5.peg.3845.site.43, 21, 127, 148
537012.5.peg.3845.site.44, 59, 122, 181
537012.5.peg.3845.site.45, 2, 123, 125
537012.5.peg.3845.site.46, 0, 126, 126
537012.5.peg.3845.site.47, 0, 125, 125
537012.5.peg.3845.site.48, 2, 125, 127
537012.5.peg.3845.site.49, 0, 124, 124
537012.5.peg.3845.site.50, 0, 120, 120
537012.5.peg.3845.site.51, 1, 115, 116
537012.5.peg.3845.site.52, 1, 114, 115
537012.5.peg.3845.site.53, 2, 119, 121
537012.5.peg.3845.site.54, 5, 118, 123
537012.5.peg.3845.site.55, 8, 128, 136
537012.5.peg.3845.site.56, 0, 127, 127
537012.5.peg.3845.site.57, 31, 130, 161
537012.5.peg.3845.site.58, 0, 129, 129
537012.5.peg.3845.site.59, 14, 130, 144
537012.5.peg.3845.site.60, 15, 131, 146
537012.5.peg.3845.site.61, 1, 127, 128
537012.5.peg.3845.site.62, 4, 126, 130
537012.5.peg.3845.site.63, 4, 128, 132
537012.5.peg.3845.site.64, 2, 127, 129
537012.5.peg.3845.site.65, 1, 128, 129
537012.5.peg.3845.site.66, 1, 128, 129
537012.5.peg.3845.site.67, 0, 126, 126
537012.5.peg.3845.site.68, 1, 128, 129
537012.5.peg.3845.site.69, 1, 128, 129
537012.5.peg.3845.site.70, 2, 130, 132
537012.5.peg.3845.site.71, 3, 130, 133
537012.5.peg.3845.site.72, 8, 129, 137
537012.5.peg.3845.site.73, 1, 128, 129
537012.5.peg.3845.site.74, 1, 126, 127
537012.5.peg.3845.site.75, 0, 111, 111
537012.5.peg.3845.site.76, 9, 108, 117
537012.5.peg.3845.site.77, 86, 101, 187
537012.5.peg.3845.site.78, 31, 104, 135
537012.5.peg.3845.site.79, 8, 106, 114
537012.5.peg.3845.site.80, 2, 108, 110
537012.5.peg.3844.site.1, 7, 132, 139
537012.5.peg.3844.site.2, 1, 134, 135
537012.5.peg.3844.site.3, 25, 133, 158
537012.5.peg.3844.site.4, 15, 134, 149
537012.5.peg.3844.site.5, 11, 133, 144
537012.5.peg.3844.site.6, 5, 132, 137
537012.5.peg.3844.site.7, 1, 134, 135
537012.5.peg.3844.site.8, 6, 132, 138
537012.5.peg.3844.site.9, 1, 134, 135
537012.5.peg.3844.site.10, 1, 134, 135
537012.5.peg.3844.site.11, 1, 134, 135
537012.5.peg.3844.site.12, 1, 134, 135
537012.5.peg.3844.site.13, 1, 134, 135
537012.5.peg.3844.site.14, 6, 134, 140
537012.5.peg.3844.site.15, 106, 134, 240
537012.5.peg.3844.site.16, 18, 133, 151
537012.5.peg.3844.site.17, 2, 132, 134
537012.5.peg.3844.site.18, 43, 131, 174
537012.5.peg.3844.site.19, 3, 133, 136
537012.5.peg.3844.site.20, 18, 133, 151
537012.5.peg.3844.site.21, 14, 62, 76
537012.5.peg.3847.site.1, 6, 82, 88
537012.5.peg.3847.site.2, 2, 78, 80
537012.5.peg.3847.site.3, 0, 124, 124
537012.5.peg.3847.site.4, 2, 126, 128
537012.5.peg.3847.site.5, 0, 127, 127
537012.5.peg.3847.site.6, 2, 121, 123
537012.5.peg.3847.site.7, 1, 121, 122
537012.5.peg.3847.site.8, 1, 121, 122
537012.5.peg.3847.site.9, 1, 120, 121
537012.5.peg.3847.site.10, 1, 122, 123
537012.5.peg.3847.site.11, 2, 122, 124
537012.5.peg.3847.site.12, 99, 121, 220
537012.5.peg.3847.site.13, 2, 120, 122
537012.5.peg.3847.site.14, 20, 127, 147
537012.5.peg.3847.site.15, 1, 124, 125
537012.5.peg.3847.site.16, 2, 109, 111
537012.5.peg.3847.site.17, 5, 112, 117
537012.5.peg.3847.site.18, 5, 115, 120
537012.5.peg.3847.site.19, 1, 114, 115
537012.5.peg.3847.site.20, 6, 115, 121
537012.5.peg.3847.site.21, 6, 112, 118
537012.5.peg.3847.site.22, 23, 107, 130
537012.5.peg.3847.site.23, 1, 109, 110
537012.5.peg.3847.site.24, 2, 111, 113
537012.5.peg.3847.site.25, 2, 109, 111
537012.5.peg.3847.site.26, 1, 108, 109
537012.5.peg.3847.site.27, 4, 109, 113
537012.5.peg.3847.site.28, 1, 109, 110
537012.5.peg.3847.site.29, 1, 108, 109
537012.5.peg.3847.site.30, 14, 126, 140
537012.5.peg.3847.site.31, 2, 128, 130
537012.5.peg.3847.site.32, 20, 128, 148
537012.5.peg.3847.site.33, 1, 127, 128
537012.5.peg.3847.site.34, 0, 124, 124
537012.5.peg.3847.site.35, 16, 123, 139
537012.5.peg.3847.site.36, 1, 124, 125
537012.5.peg.3847.site.37, 3, 123, 126
537012.5.peg.3847.site.38, 12, 117, 129
537012.5.peg.3847.site.39, 12, 116, 128
537012.5.peg.3847.site.40, 3, 111, 114
537012.5.peg.3847.site.41, 2, 108, 110
537012.5.peg.3847.site.42, 7, 109, 116
537012.5.peg.3847.site.43, 12, 107, 119
537012.5.peg.3847.site.44, 7, 111, 118
537012.5.peg.3847.site.45, 3, 108, 111
537012.5.peg.3847.site.46, 15, 111, 126
537012.5.peg.3846.site.1, 12, 128, 140
537012.5.peg.3846.site.2, 77, 128, 205
537012.5.peg.3846.site.3, 3, 127, 130
537012.5.peg.3846.site.4, 68, 127, 195
537012.5.peg.3846.site.5, 5, 127, 132
537012.5.peg.3846.site.6, 11, 128, 139
537012.5.peg.3846.site.7, 3, 127, 130
537012.5.peg.3846.site.8, 12, 127, 139
537012.5.peg.3846.site.9, 6, 127, 133
537012.5.peg.3846.site.10, 0, 127, 127
537012.5.peg.3846.site.11, 6, 127, 133
537012.5.peg.3846.site.12, 2, 127, 129
537012.5.peg.3846.site.13, 35, 128, 163
537012.5.peg.3846.site.14, 1, 129, 130
537012.5.peg.3846.site.15, 2, 129, 131
537012.5.peg.3846.site.16, 85, 129, 214
537012.5.peg.3846.site.17, 36, 129, 165
537012.5.peg.3846.site.18, 1, 129, 130
537012.5.peg.3846.site.19, 0, 126, 126
537012.5.peg.3846.site.20, 14, 126, 140
537012.5.peg.3846.site.21, 14, 125, 139
537012.5.peg.3846.site.22, 12, 127, 139
537012.5.peg.3846.site.23, 1, 126, 127
537012.5.peg.3846.site.24, 1, 128, 129
537012.5.peg.3846.site.25, 8, 127, 135
537012.5.peg.3846.site.26, 1, 126, 127
537012.5.peg.3846.site.27, 5, 129, 134
537012.5.peg.3846.site.28, 1, 128, 129
537012.5.peg.3846.site.29, 18, 126, 144
537012.5.peg.3846.site.30, 0, 125, 125
537012.5.peg.3846.site.31, 7, 126, 133
537012.5.peg.3846.site.32, 1, 126, 127
537012.5.peg.3846.site.33, 16, 119, 135
537012.5.peg.3846.site.34, 8, 121, 129
537012.5.peg.2428.site.1, 1, 128, 129
537012.5.peg.2428.site.2, 11, 129, 140
537012.5.peg.2428.site.3, 3, 129, 132
537012.5.peg.2428.site.4, 0, 129, 129
537012.5.peg.2428.site.5, 20, 127, 147
537012.5.peg.2428.site.6, 63, 127, 190
537012.5.peg.2428.site.7, 6, 128, 134
537012.5.peg.2428.site.8, 6, 127, 133
537012.5.peg.2428.site.9, 30, 125, 155
537012.5.peg.2428.site.10, 6, 127, 133
537012.5.peg.2428.site.11, 6, 127, 133
537012.5.peg.2428.site.12, 0, 127, 127
537012.5.peg.2428.site.13, 0, 127, 127
537012.5.peg.2428.site.14, 6, 125, 131
537012.5.peg.2428.site.15, 2, 124, 126
537012.5.peg.2428.site.16, 10, 127, 137
537012.5.peg.2428.site.17, 30, 126, 156
537012.5.peg.2429.site.1, 2, 122, 124
537012.5.peg.2429.site.2, 0, 126, 126
537012.5.peg.2429.site.3, 3, 127, 130
537012.5.peg.2429.site.4, 2, 128, 130
537012.5.peg.2429.site.5, 10, 127, 137
537012.5.peg.2429.site.6, 0, 127, 127
537012.5.peg.3687.site.1, 2, 130, 132
537012.5.peg.3687.site.2, 7, 131, 138
537012.5.peg.3687.site.3, 3, 132, 135
537012.5.peg.3687.site.4, 0, 132, 132
537012.5.peg.3687.site.5, 17, 132, 149
537012.5.peg.3687.site.6, 3, 132, 135
537012.5.peg.3687.site.7, 2, 131, 133
537012.5.peg.3687.site.8, 4, 132, 136
537012.5.peg.3687.site.9, 2, 131, 133
537012.5.peg.3687.site.10, 12, 132, 144
537012.5.peg.3687.site.11, 4, 132, 136
537012.5.peg.3687.site.12, 3, 129, 132
537012.5.peg.2420.site.1, 5, 127, 132
537012.5.peg.2420.site.2, 4, 127, 131
537012.5.peg.2420.site.3, 5, 126, 131
537012.5.peg.2420.site.4, 7, 125, 132
537012.5.peg.2420.site.5, 3, 128, 131
537012.5.peg.2420.site.6, 4, 126, 130
537012.5.peg.2420.site.7, 13, 125, 138
537012.5.peg.2420.site.8, 1, 127, 128
537012.5.peg.2420.site.9, 1, 127, 128
537012.5.peg.2420.site.10, 10, 124, 134
537012.5.peg.2420.site.11, 1, 124, 125
537012.5.peg.2420.site.12, 2, 125, 127
537012.5.peg.2420.site.13, 7, 126, 133
537012.5.peg.2420.site.14, 10, 127, 137
537012.5.peg.2420.site.15, 14, 126, 140
537012.5.peg.2420.site.16, 2, 126, 128
537012.5.peg.2420.site.17, 1, 123, 124
537012.5.peg.2420.site.18, 4, 105, 109
537012.5.peg.2420.site.19, 3, 91, 94
537012.5.peg.2420.site.20, 1, 89, 90
537012.5.peg.2420.site.21, 63, 73, 136
537012.5.peg.2420.site.22, 10, 78, 88
537012.5.peg.2420.site.23, 0, 94, 94
537012.5.peg.2420.site.24, 0, 99, 99
537012.5.peg.2420.site.25, 13, 100, 113
537012.5.peg.2420.site.26, 0, 102, 102
537012.5.peg.2420.site.27, 13, 101, 114
537012.5.peg.2420.site.28, 1, 103, 104
537012.5.peg.2420.site.29, 1, 101, 102
537012.5.peg.2420.site.30, 2, 99, 101
537012.5.peg.2420.site.31, 3, 105, 108
537012.5.peg.2420.site.32, 4, 101, 105
537012.5.peg.2421.site.1, 30, 95, 125
537012.5.peg.2421.site.2, 0, 128, 128
537012.5.peg.2421.site.3, 0, 127, 127
537012.5.peg.2421.site.4, 3, 126, 129
537012.5.peg.2421.site.5, 1, 128, 129
537012.5.peg.2421.site.6, 0, 128, 128
537012.5.peg.2421.site.7, 1, 128, 129
537012.5.peg.2421.site.8, 0, 128, 128
537012.5.peg.2421.site.9, 0, 123, 123
537012.5.peg.2421.site.10, 5, 129, 134
537012.5.peg.2421.site.11, 5, 129, 134
537012.5.peg.2421.site.12, 11, 129, 140
537012.5.peg.2421.site.13, 13, 129, 142
537012.5.peg.2421.site.14, 1, 129, 130
537012.5.peg.2421.site.15, 6, 129, 135
537012.5.peg.2421.site.16, 4, 130, 134
537012.5.peg.2421.site.17, 9, 128, 137
537012.5.peg.2421.site.18, 4, 129, 133
537012.5.peg.2421.site.19, 10, 128, 138
537012.5.peg.2421.site.20, 4, 129, 133
537012.5.peg.2421.site.21, 15, 90, 105
537012.5.peg.2421.site.22, 39, 84, 123
537012.5.peg.2421.site.23, 3, 82, 85
537012.5.peg.2421.site.24, 3, 82, 85
537012.5.peg.2421.site.25, 1, 90, 91
537012.5.peg.2421.site.26, 0, 89, 89
537012.5.peg.2421.site.27, 2, 128, 130
537012.5.peg.2421.site.28, 2, 130, 132
537012.5.peg.2421.site.29, 12, 128, 140
537012.5.peg.2421.site.30, 8, 127, 135
537012.5.peg.2421.site.31, 7, 130, 137
537012.5.peg.2421.site.32, 0, 131, 131
537012.5.peg.2421.site.33, 2, 128, 130
537012.5.peg.2421.site.34, 1, 129, 130
537012.5.peg.2421.site.35, 3, 128, 131
537012.5.peg.2421.site.36, 6, 127, 133
537012.5.peg.2421.site.37, 0, 127, 127
537012.5.peg.2421.site.38, 6, 115, 121
537012.5.peg.2421.site.39, 6, 97, 103
537012.5.peg.2421.site.40, 17, 95, 112
537012.5.peg.2421.site.41, 11, 95, 106
537012.5.peg.2421.site.42, 2, 108, 110
537012.5.peg.2421.site.43, 38, 121, 159
537012.5.peg.2421.site.44, 4, 125, 129
537012.5.peg.2421.site.45, 8, 128, 136
537012.5.peg.2421.site.46, 0, 131, 131
537012.5.peg.2421.site.47, 4, 132, 136
537012.5.peg.2421.site.48, 4, 133, 137
537012.5.peg.2421.site.49, 3, 131, 134
537012.5.peg.2421.site.50, 5, 131, 136
537012.5.peg.2421.site.51, 1, 130, 131
537012.5.peg.2421.site.52, 3, 121, 124
537012.5.peg.2421.site.53, 115, 125, 240
537012.5.peg.2421.site.54, 6, 128, 134
537012.5.peg.2422.site.1, 0, 131, 131
537012.5.peg.2422.site.2, 0, 131, 131
537012.5.peg.2422.site.3, 5, 130, 135
537012.5.peg.2422.site.4, 0, 130, 130
537012.5.peg.2422.site.5, 38, 127, 165
537012.5.peg.2422.site.6, 30, 125, 155
537012.5.peg.2422.site.7, 1, 131, 132
537012.5.peg.2422.site.8, 11, 131, 142
537012.5.peg.2422.site.9, 11, 132, 143
537012.5.peg.2422.site.10, 7, 132, 139
537012.5.peg.2422.site.11, 1, 129, 130
537012.5.peg.2422.site.12, 7, 128, 135
537012.5.peg.2422.site.13, 3, 129, 132
537012.5.peg.2422.site.14, 0, 127, 127
537012.5.peg.2422.site.15, 6, 129, 135
537012.5.peg.2422.site.16, 1, 129, 130
537012.5.peg.2422.site.17, 2, 130, 132
537012.5.peg.2422.site.18, 0, 130, 130
537012.5.peg.2422.site.19, 0, 129, 129
537012.5.peg.2422.site.20, 3, 129, 132
537012.5.peg.2422.site.21, 0, 128, 128
537012.5.peg.2422.site.22, 3, 129, 132
537012.5.peg.2422.site.23, 5, 130, 135
537012.5.peg.2422.site.24, 4, 130, 134
537012.5.peg.2422.site.25, 0, 130, 130
537012.5.peg.2422.site.26, 28, 128, 156
537012.5.peg.2422.site.27, 2, 128, 130
537012.5.peg.2422.site.28, 7, 129, 136
537012.5.peg.2422.site.29, 5, 128, 133
537012.5.peg.2422.site.30, 2, 127, 129
537012.5.peg.2422.site.31, 0, 127, 127
537012.5.peg.2422.site.32, 13, 129, 142
537012.5.peg.2422.site.33, 3, 128, 131
537012.5.peg.2422.site.34, 6, 128, 134
537012.5.peg.2422.site.35, 0, 128, 128
537012.5.peg.2422.site.36, 3, 130, 133
537012.5.peg.2422.site.37, 5, 128, 133
537012.5.peg.2422.site.38, 3, 128, 131
537012.5.peg.2422.site.39, 3, 128, 131
537012.5.peg.2422.site.40, 4, 127, 131
537012.5.peg.2422.site.41, 46, 129, 175
537012.5.peg.2422.site.42, 13, 128, 141
537012.5.peg.2422.site.43, 2, 128, 130
537012.5.peg.2422.site.44, 5, 128, 133
537012.5.peg.2422.site.45, 11, 127, 138
537012.5.peg.2422.site.46, 2, 131, 133
537012.5.peg.2422.site.47, 7, 130, 137
537012.5.peg.2422.site.48, 4, 130, 134
537012.5.peg.2422.site.49, 1, 128, 129
537012.5.peg.2422.site.50, 1, 126, 127
537012.5.peg.2422.site.51, 1, 128, 129
537012.5.peg.2422.site.52, 1, 130, 131
537012.5.peg.2422.site.53, 4, 127, 131
537012.5.peg.2422.site.54, 25, 126, 151
537012.5.peg.2422.site.55, 4, 127, 131
537012.5.peg.2422.site.56, 0, 125, 125
537012.5.peg.2422.site.57, 1, 125, 126
537012.5.peg.2422.site.58, 1, 123, 124
537012.5.peg.2422.site.59, 1, 124, 125
537012.5.peg.2422.site.60, 2, 124, 126
537012.5.peg.2422.site.61, 30, 124, 154
537012.5.peg.2422.site.62, 11, 124, 135
537012.5.peg.2422.site.63, 1, 125, 126
537012.5.peg.2422.site.64, 1, 124, 125
537012.5.peg.2422.site.65, 0, 125, 125
537012.5.peg.2422.site.66, 2, 130, 132
537012.5.peg.2422.site.67, 10, 128, 138
537012.5.peg.2422.site.68, 5, 131, 136
537012.5.peg.2422.site.69, 10, 129, 139
537012.5.peg.2422.site.70, 4, 129, 133
537012.5.peg.2422.site.71, 5, 131, 136
537012.5.peg.2422.site.72, 1, 130, 131
537012.5.peg.2422.site.73, 5, 131, 136
537012.5.peg.2422.site.74, 2, 130, 132
537012.5.peg.2422.site.75, 5, 127, 132
537012.5.peg.2422.site.76, 2, 130, 132
537012.5.peg.2422.site.77, 35, 126, 161
537012.5.peg.2422.site.78, 0, 91, 91
537012.5.peg.2422.site.79, 3, 117, 120
537012.5.peg.2422.site.80, 2, 123, 125
537012.5.peg.2422.site.81, 1, 133, 134
537012.5.peg.2422.site.82, 9, 130, 139
537012.5.peg.2422.site.83, 1, 129, 130
537012.5.peg.2422.site.84, 2, 124, 126
537012.5.peg.2422.site.85, 114, 123, 237
537012.5.peg.2422.site.86, 9, 118, 127
537012.5.peg.2422.site.87, 9, 121, 130
537012.5.peg.2422.site.88, 9, 124, 133
537012.5.peg.2422.site.89, 5, 126, 131
537012.5.peg.2422.site.90, 9, 129, 138
537012.5.peg.2423.site.1, 6, 128, 134
537012.5.peg.2423.site.2, 43, 128, 171
537012.5.peg.2423.site.3, 6, 127, 133
537012.5.peg.2423.site.4, 0, 128, 128
537012.5.peg.2423.site.5, 41, 126, 167
537012.5.peg.2423.site.6, 6, 127, 133
537012.5.peg.2423.site.7, 20, 128, 148
537012.5.peg.2423.site.8, 2, 128, 130
537012.5.peg.2423.site.9, 11, 127, 138
537012.5.peg.2423.site.10, 0, 128, 128
537012.5.peg.2423.site.11, 11, 128, 139
537012.5.peg.2423.site.12, 11, 127, 138
537012.5.peg.2423.site.13, 20, 128, 148
537012.5.peg.2423.site.14, 72, 127, 199
537012.5.peg.2423.site.15, 6, 128, 134
537012.5.peg.2423.site.16, 6, 128, 134
537012.5.peg.2423.site.17, 6, 128, 134
537012.5.peg.2423.site.18, 6, 127, 133
537012.5.peg.2423.site.19, 13, 124, 137
537012.5.peg.2423.site.20, 6, 124, 130
537012.5.peg.2423.site.21, 109, 121, 230
537012.5.peg.2423.site.22, 25, 128, 153
537012.5.peg.2423.site.23, 0, 128, 128
537012.5.peg.2423.site.24, 29, 128, 157
537012.5.peg.2423.site.25, 7, 128, 135
537012.5.peg.2423.site.26, 12, 128, 140
537012.5.peg.2423.site.27, 2, 128, 130
537012.5.peg.2423.site.28, 9, 127, 136
537012.5.peg.2423.site.29, 3, 127, 130
537012.5.peg.2423.site.30, 6, 129, 135
537012.5.peg.2423.site.31, 23, 129, 152
537012.5.peg.2423.site.32, 0, 128, 128
537012.5.peg.2423.site.33, 17, 127, 144
537012.5.peg.2423.site.34, 17, 128, 145
537012.5.peg.2423.site.35, 1, 127, 128
537012.5.peg.2424.site.1, 0, 128, 128
537012.5.peg.2424.site.2, 6, 127, 133
537012.5.peg.2424.site.3, 6, 127, 133
537012.5.peg.2424.site.4, 23, 127, 150
537012.5.peg.2424.site.5, 3, 128, 131
537012.5.peg.2424.site.6, 6, 127, 133
537012.5.peg.2424.site.7, 2, 128, 130
537012.5.peg.2424.site.8, 20, 128, 148
537012.5.peg.2424.site.9, 0, 126, 126
537012.5.peg.2424.site.10, 97, 127, 224
537012.5.peg.2424.site.11, 6, 128, 134
537012.5.peg.2425.site.1, 1, 126, 127
537012.5.peg.2425.site.2, 37, 127, 164
537012.5.peg.2425.site.3, 89, 126, 215
537012.5.peg.2425.site.4, 83, 126, 209
537012.5.peg.2425.site.5, 83, 125, 208
537012.5.peg.2425.site.6, 0, 122, 122
537012.5.peg.2425.site.7, 6, 126, 132
537012.5.peg.2425.site.8, 6, 128, 134
537012.5.peg.2425.site.9, 6, 127, 133
537012.5.peg.2425.site.10, 0, 127, 127
537012.5.peg.2425.site.11, 65, 127, 192
537012.5.peg.2425.site.12, 3, 128, 131
537012.5.peg.2425.site.13, 6, 128, 134
537012.5.peg.2425.site.14, 2, 128, 130
537012.5.peg.2425.site.15, 6, 128, 134
537012.5.peg.2425.site.16, 8, 128, 136
537012.5.peg.2425.site.17, 1, 128, 129
537012.5.peg.2425.site.18, 3, 128, 131
537012.5.peg.2425.site.19, 6, 128, 134
537012.5.peg.2425.site.20, 1, 126, 127
537012.5.peg.2425.site.21, 6, 126, 132
537012.5.peg.2425.site.22, 15, 124, 139
537012.5.peg.2425.site.23, 3, 125, 128
537012.5.peg.2425.site.24, 3, 126, 129
537012.5.peg.2425.site.25, 0, 126, 126
537012.5.peg.2425.site.26, 6, 126, 132
537012.5.peg.2425.site.27, 24, 127, 151
537012.5.peg.2426.site.1, 1, 127, 128
537012.5.peg.2426.site.2, 6, 127, 133
537012.5.peg.2426.site.3, 12, 126, 138
537012.5.peg.2426.site.4, 6, 128, 134
537012.5.peg.2426.site.5, 88, 127, 215
537012.5.peg.2426.site.6, 6, 128, 134
537012.5.peg.2426.site.7, 117, 128, 245
537012.5.peg.2426.site.8, 6, 128, 134
537012.5.peg.2426.site.9, 48, 127, 175
537012.5.peg.2426.site.10, 2, 127, 129
537012.5.peg.2426.site.11, 0, 125, 125
537012.5.peg.2426.site.12, 13, 122, 135
537012.5.peg.2426.site.13, 2, 128, 130
537012.5.peg.2426.site.14, 2, 127, 129
537012.5.peg.2426.site.15, 0, 123, 123
537012.5.peg.2426.site.16, 6, 126, 132
537012.5.peg.2426.site.17, 4, 125, 129
537012.5.peg.2426.site.18, 6, 125, 131
537012.5.peg.2426.site.19, 6, 125, 131
537012.5.peg.2426.site.20, 7, 125, 132
537012.5.peg.2426.site.21, 107, 122, 229
537012.5.peg.2426.site.22, 117, 125, 242
537012.5.peg.2426.site.23, 1, 126, 127
537012.5.peg.2426.site.24, 6, 117, 123
537012.5.peg.2426.site.25, 88, 127, 215
537012.5.peg.2427.site.1, 6, 127, 133
537012.5.peg.2427.site.2, 6, 127, 133
537012.5.peg.2427.site.3, 6, 128, 134
537012.5.peg.2427.site.4, 8, 127, 135
537012.5.peg.2427.site.5, 6, 128, 134
537012.5.peg.2427.site.6, 6, 128, 134
537012.5.peg.2427.site.7, 113, 128, 241
537012.5.peg.2427.site.8, 69, 127, 196
537012.5.peg.2427.site.9, 118, 128, 246
537012.5.peg.2427.site.10, 5, 128, 133
537012.5.peg.2427.site.11, 0, 127, 127
537012.5.peg.2427.site.12, 2, 127, 129
537012.5.peg.2427.site.13, 6, 128, 134
537012.5.peg.2427.site.14, 12, 127, 139
537012.5.peg.2427.site.15, 0, 127, 127
537012.5.peg.2427.site.16, 3, 127, 130
537012.5.peg.2427.site.17, 3, 127, 130
537012.5.peg.2427.site.18, 6, 128, 134
537012.5.peg.2427.site.19, 0, 128, 128
537012.5.peg.2427.site.20, 19, 127, 146
537012.5.peg.2427.site.21, 0, 127, 127
537012.5.peg.3113.site.1, 6, 133, 139
537012.5.peg.3113.site.2, 59, 133, 192
537012.5.peg.3113.site.3, 5, 133, 138
537012.5.peg.3113.site.4, 3, 134, 137
537012.5.peg.3113.site.5, 1, 134, 135
537012.5.peg.3113.site.6, 1, 133, 134
537012.5.peg.3113.site.7, 1, 133, 134
537012.5.peg.3113.site.8, 2, 134, 136
537012.5.peg.3113.site.9, 9, 134, 143
537012.5.peg.3113.site.10, 5, 134, 139
537012.5.peg.3113.site.11, 1, 134, 135
537012.5.peg.3113.site.12, 17, 132, 149
537012.5.peg.3113.site.13, 4, 133, 137
537012.5.peg.3113.site.14, 1, 134, 135
537012.5.peg.3113.site.15, 21, 132, 153
537012.5.peg.3113.site.16, 31, 134, 165
537012.5.peg.3113.site.17, 5, 133, 138
537012.5.peg.3113.site.18, 5, 134, 139
537012.5.peg.3113.site.19, 8, 134, 142
537012.5.peg.3113.site.20, 2, 134, 136
537012.5.peg.3112.site.1, 5, 133, 138
537012.5.peg.3112.site.2, 5, 133, 138
537012.5.peg.3112.site.3, 5, 133, 138
537012.5.peg.3112.site.4, 5, 133, 138
537012.5.peg.3112.site.5, 5, 133, 138
537012.5.peg.3112.site.6, 2, 134, 136
537012.5.peg.3112.site.7, 26, 134, 160
537012.5.peg.3112.site.8, 11, 132, 143
537012.5.peg.3112.site.9, 1, 134, 135
537012.5.peg.3112.site.10, 1, 134, 135
537012.5.peg.3112.site.11, 21, 133, 154
537012.5.peg.3112.site.12, 6, 130, 136
537012.5.peg.3112.site.13, 4, 133, 137
537012.5.peg.3112.site.14, 3, 132, 135
537012.5.peg.3112.site.15, 3, 131, 134
537012.5.peg.3112.site.16, 2, 134, 136
537012.5.peg.3112.site.17, 3, 131, 134
537012.5.peg.3112.site.18, 6, 134, 140
537012.5.peg.3112.site.19, 4, 132, 136
537012.5.peg.3112.site.20, 0, 134, 134
537012.5.peg.3112.site.21, 4, 132, 136
537012.5.peg.3112.site.22, 6, 134, 140
537012.5.peg.3112.site.23, 2, 134, 136
537012.5.peg.3112.site.24, 6, 134, 140
537012.5.peg.3112.site.25, 1, 134, 135
537012.5.peg.3112.site.26, 5, 134, 139
537012.5.peg.3112.site.27, 15, 133, 148
537012.5.peg.3112.site.28, 1, 134, 135
537012.5.peg.3112.site.29, 16, 132, 148
537012.5.peg.3112.site.30, 10, 133, 143
537012.5.peg.3112.site.31, 2, 134, 136
537012.5.peg.3112.site.32, 2, 134, 136
537012.5.peg.3112.site.33, 3, 134, 137
537012.5.peg.3112.site.34, 3, 133, 136
537012.5.peg.3112.site.35, 1, 133, 134
537012.5.peg.3112.site.36, 4, 131, 135
537012.5.peg.3112.site.37, 30, 132, 162
537012.5.peg.3112.site.38, 12, 132, 144
537012.5.peg.3112.site.39, 4, 132, 136
537012.5.peg.3112.site.40, 122, 133, 255
537012.5.peg.3111.site.1, 0, 80, 80
537012.5.peg.3111.site.2, 0, 94, 94
537012.5.peg.3111.site.3, 5, 134, 139
537012.5.peg.3111.site.4, 0, 134, 134
537012.5.peg.3111.site.5, 126, 132, 258
537012.5.peg.3111.site.6, 1, 134, 135
537012.5.peg.3111.site.7, 3, 131, 134
537012.5.peg.3111.site.8, 7, 132, 139
537012.5.peg.3111.site.9, 41, 133, 174
537012.5.peg.3111.site.10, 4, 132, 136
537012.5.peg.3111.site.11, 2, 131, 133
537012.5.peg.3111.site.12, 2, 129, 131
537012.5.peg.3111.site.13, 20, 129, 149
537012.5.peg.3111.site.14, 40, 128, 168
537012.5.peg.3111.site.15, 3, 130, 133
537012.5.peg.3111.site.16, 20, 129, 149
537012.5.peg.3111.site.17, 20, 130, 150
537012.5.peg.3111.site.18, 10, 132, 142
537012.5.peg.3111.site.19, 7, 133, 140
537012.5.peg.3111.site.20, 3, 132, 135
537012.5.peg.3111.site.21, 11, 133, 144
537012.5.peg.3111.site.22, 3, 132, 135
537012.5.peg.3111.site.23, 11, 133, 144
537012.5.peg.3111.site.24, 5, 132, 137
537012.5.peg.3111.site.25, 7, 131, 138
537012.5.peg.3111.site.26, 18, 134, 152
537012.5.peg.3110.site.1, 2, 127, 129
537012.5.peg.3110.site.2, 26, 134, 160
537012.5.peg.3110.site.3, 29, 133, 162
537012.5.peg.3110.site.4, 4, 132, 136
537012.5.peg.3110.site.5, 10, 133, 143
537012.5.peg.3110.site.6, 2, 134, 136
537012.5.peg.3110.site.7, 3, 134, 137
537012.5.peg.3110.site.8, 3, 134, 137
537012.5.peg.3110.site.9, 2, 134, 136
537012.5.peg.3110.site.10, 5, 133, 138
537012.5.peg.3110.site.11, 4, 132, 136
537012.5.peg.3110.site.12, 2, 134, 136
537012.5.peg.3110.site.13, 1, 134, 135
537012.5.peg.3110.site.14, 9, 133, 142
537012.5.peg.3110.site.15, 11, 132, 143
537012.5.peg.3110.site.16, 1, 134, 135
537012.5.peg.3110.site.17, 12, 132, 144
537012.5.peg.3110.site.18, 12, 133, 145
537012.5.peg.3110.site.19, 63, 133, 196
537012.5.peg.3110.site.20, 5, 133, 138
537012.5.peg.3110.site.21, 17, 134, 151
537012.5.peg.3110.site.22, 4, 134, 138
537012.5.peg.3110.site.23, 6, 134, 140
537012.5.peg.3110.site.24, 27, 133, 160
537012.5.peg.3110.site.25, 1, 134, 135
537012.5.peg.3110.site.26, 1, 130, 131
537012.5.peg.3110.site.27, 0, 130, 130
537012.5.peg.3110.site.28, 7, 133, 140
537012.5.peg.3110.site.29, 3, 134, 137
537012.5.peg.3110.site.30, 4, 132, 136
537012.5.peg.3110.site.31, 4, 132, 136
537012.5.peg.3110.site.32, 21, 132, 153
537012.5.peg.3110.site.33, 2, 133, 135
537012.5.peg.3110.site.34, 0, 134, 134
537012.5.peg.3110.site.35, 4, 134, 138
537012.5.peg.3110.site.36, 4, 132, 136
537012.5.peg.3110.site.37, 4, 132, 136
537012.5.peg.3110.site.38, 3, 131, 134
537012.5.peg.3441.site.1, 2, 123, 125
537012.5.peg.3441.site.2, 3, 125, 128
537012.5.peg.3441.site.3, 4, 127, 131
537012.5.peg.3441.site.4, 1, 126, 127
537012.5.peg.3441.site.5, 3, 125, 128
537012.5.peg.3441.site.6, 3, 125, 128
537012.5.peg.3441.site.7, 1, 128, 129
537012.5.peg.3441.site.8, 2, 133, 135
537012.5.peg.3441.site.9, 6, 133, 139
537012.5.peg.3441.site.10, 43, 131, 174
537012.5.peg.3441.site.11, 2, 130, 132
537012.5.peg.3441.site.12, 9, 126, 135
537012.5.peg.3441.site.13, 3, 120, 123
537012.5.peg.3441.site.14, 1, 123, 124
537012.5.peg.3116.site.1, 1, 134, 135
537012.5.peg.3116.site.2, 38, 134, 172
537012.5.peg.3116.site.3, 3, 134, 137
537012.5.peg.3116.site.4, 0, 134, 134
537012.5.peg.3116.site.5, 4, 132, 136
537012.5.peg.3116.site.6, 12, 134, 146
537012.5.peg.3116.site.7, 1, 134, 135
537012.5.peg.3116.site.8, 3, 134, 137
537012.5.peg.3116.site.9, 0, 134, 134
537012.5.peg.3116.site.10, 1, 134, 135
537012.5.peg.3116.site.11, 0, 134, 134
537012.5.peg.3116.site.12, 1, 134, 135
537012.5.peg.3116.site.13, 19, 134, 153
537012.5.peg.3116.site.14, 1, 134, 135
537012.5.peg.3116.site.15, 11, 133, 144
537012.5.peg.3116.site.16, 41, 133, 174
537012.5.peg.3116.site.17, 13, 134, 147
537012.5.peg.3116.site.18, 1, 134, 135
537012.5.peg.3116.site.19, 0, 134, 134
537012.5.peg.3116.site.20, 2, 134, 136
537012.5.peg.3116.site.21, 1, 133, 134
537012.5.peg.3116.site.22, 1, 134, 135
537012.5.peg.3116.site.23, 22, 132, 154
537012.5.peg.3116.site.24, 1, 134, 135
537012.5.peg.3116.site.25, 1, 134, 135
537012.5.peg.3116.site.26, 4, 132, 136
537012.5.peg.3116.site.27, 7, 133, 140
537012.5.peg.3116.site.28, 5, 133, 138
537012.5.peg.3116.site.29, 3, 131, 134
537012.5.peg.3116.site.30, 0, 134, 134
537012.5.peg.3116.site.31, 7, 134, 141
537012.5.peg.3116.site.32, 0, 133, 133
537012.5.peg.3116.site.33, 1, 134, 135
537012.5.peg.3116.site.34, 1, 134, 135
537012.5.peg.3116.site.35, 1, 134, 135
537012.5.peg.3116.site.36, 4, 132, 136
537012.5.peg.3116.site.37, 4, 134, 138
537012.5.peg.3116.site.38, 9, 132, 141
537012.5.peg.3116.site.39, 2, 132, 134
537012.5.peg.3116.site.40, 1, 134, 135
537012.5.peg.3116.site.41, 20, 132, 152
537012.5.peg.3116.site.42, 0, 133, 133
537012.5.peg.3116.site.43, 1, 134, 135
537012.5.peg.3116.site.44, 13, 134, 147
537012.5.peg.3116.site.45, 3, 134, 137
537012.5.peg.3116.site.46, 49, 132, 181
537012.5.peg.3116.site.47, 11, 132, 143
537012.5.peg.3116.site.48, 1, 134, 135
537012.5.peg.3116.site.49, 5, 133, 138
537012.5.peg.3116.site.50, 1, 133, 134
537012.5.peg.3116.site.51, 1, 134, 135
537012.5.peg.3116.site.52, 9, 134, 143
537012.5.peg.3116.site.53, 4, 132, 136
537012.5.peg.3116.site.54, 14, 134, 148
537012.5.peg.3116.site.55, 4, 132, 136
537012.5.peg.3116.site.56, 1, 134, 135
537012.5.peg.3116.site.57, 5, 132, 137
537012.5.peg.3116.site.58, 4, 132, 136
537012.5.peg.3116.site.59, 6, 134, 140
537012.5.peg.3116.site.60, 5, 133, 138
537012.5.peg.3116.site.61, 36, 133, 169
537012.5.peg.3116.site.62, 6, 134, 140
537012.5.peg.3116.site.63, 1, 132, 133
537012.5.peg.3116.site.64, 4, 132, 136
537012.5.peg.3116.site.65, 105, 133, 238
537012.5.peg.3116.site.66, 8, 128, 136
537012.5.peg.3116.site.67, 2, 131, 133
537012.5.peg.3116.site.68, 1, 130, 131
537012.5.peg.3116.site.69, 4, 127, 131
537012.5.peg.3116.site.70, 9, 127, 136
537012.5.peg.3116.site.71, 4, 127, 131
537012.5.peg.3116.site.72, 1, 129, 130
537012.5.peg.3116.site.73, 35, 127, 162
537012.5.peg.3116.site.74, 5, 128, 133
537012.5.peg.3116.site.75, 2, 129, 131
537012.5.peg.3116.site.76, 2, 129, 131
537012.5.peg.3116.site.77, 5, 129, 134
537012.5.peg.3116.site.78, 1, 129, 130
537012.5.peg.3116.site.79, 3, 129, 132
537012.5.peg.3116.site.80, 1, 129, 130
537012.5.peg.3116.site.81, 1, 127, 128
537012.5.peg.3116.site.82, 4, 126, 130
537012.5.peg.3116.site.83, 7, 126, 133
537012.5.peg.3116.site.84, 0, 128, 128
537012.5.peg.3116.site.85, 1, 128, 129
537012.5.peg.3116.site.86, 18, 128, 146
537012.5.peg.3116.site.87, 1, 126, 127
537012.5.peg.3116.site.88, 107, 127, 234
537012.5.peg.3115.site.1, 8, 134, 142
537012.5.peg.3115.site.2, 6, 134, 140
537012.5.peg.3115.site.3, 1, 134, 135
537012.5.peg.3115.site.4, 3, 134, 137
537012.5.peg.3115.site.5, 6, 134, 140
537012.5.peg.3115.site.6, 1, 134, 135
537012.5.peg.3115.site.7, 1, 134, 135
537012.5.peg.3115.site.8, 2, 134, 136
537012.5.peg.3115.site.9, 9, 133, 142
537012.5.peg.3115.site.10, 21, 134, 155
537012.5.peg.3115.site.11, 131, 133, 264
537012.5.peg.3115.site.12, 1, 133, 134
537012.5.peg.3115.site.13, 14, 133, 147
537012.5.peg.3115.site.14, 6, 134, 140
537012.5.peg.3115.site.15, 5, 132, 137
537012.5.peg.3115.site.16, 1, 134, 135
537012.5.peg.3115.site.17, 6, 134, 140
537012.5.peg.3115.site.18, 2, 134, 136
537012.5.peg.3115.site.19, 1, 134, 135
537012.5.peg.3115.site.20, 3, 134, 137
537012.5.peg.3115.site.21, 1, 134, 135
537012.5.peg.3115.site.22, 9, 134, 143
537012.5.peg.3115.site.23, 5, 132, 137
537012.5.peg.3115.site.24, 4, 134, 138
537012.5.peg.3115.site.25, 26, 132, 158
537012.5.peg.3115.site.26, 7, 134, 141
537012.5.peg.3115.site.27, 8, 134, 142
537012.5.peg.3115.site.28, 1, 134, 135
537012.5.peg.3115.site.29, 132, 134, 266
537012.5.peg.3115.site.30, 12, 134, 146
537012.5.peg.3115.site.31, 17, 134, 151
537012.5.peg.3115.site.32, 18, 134, 152
537012.5.peg.3115.site.33, 35, 132, 167
537012.5.peg.3115.site.34, 1, 134, 135
537012.5.peg.3115.site.35, 4, 132, 136
537012.5.peg.3115.site.36, 13, 132, 145
537012.5.peg.3115.site.37, 3, 130, 133
537012.5.peg.3115.site.38, 22, 132, 154
537012.5.peg.3115.site.39, 3, 130, 133
537012.5.peg.3115.site.40, 2, 130, 132
537012.5.peg.3115.site.41, 2, 129, 131
537012.5.peg.3115.site.42, 2, 131, 133
537012.5.peg.3115.site.43, 1, 132, 133
537012.5.peg.3115.site.44, 2, 130, 132
537012.5.peg.3114.site.1, 2, 134, 136
537012.5.peg.3114.site.2, 102, 132, 234
537012.5.peg.3114.site.3, 12, 134, 146
537012.5.peg.3114.site.4, 0, 134, 134
537012.5.peg.3114.site.5, 3, 134, 137
537012.5.peg.3114.site.6, 2, 130, 132
537012.5.peg.3114.site.7, 78, 126, 204
537012.5.peg.3114.site.8, 9, 134, 143
537012.5.peg.3114.site.9, 1, 134, 135
537012.5.peg.3114.site.10, 0, 133, 133
537012.5.peg.3114.site.11, 3, 132, 135
537012.5.peg.3114.site.12, 1, 134, 135
537012.5.peg.3114.site.13, 10, 134, 144
537012.5.peg.3114.site.14, 2, 132, 134
537012.5.peg.4314.site.1, 1, 129, 130
537012.5.peg.4314.site.2, 24, 127, 151
537012.5.peg.4314.site.3, 1, 128, 129
537012.5.peg.4314.site.4, 16, 124, 140
537012.5.peg.4314.site.5, 0, 125, 125
537012.5.peg.4314.site.6, 40, 123, 163
537012.5.peg.4314.site.7, 47, 126, 173
537012.5.peg.4314.site.8, 1, 128, 129
537012.5.peg.4314.site.9, 37, 129, 166
537012.5.peg.4314.site.10, 6, 128, 134
537012.5.peg.4314.site.11, 30, 130, 160
537012.5.peg.4314.site.12, 128, 130, 258
537012.5.peg.4314.site.13, 128, 130, 258
537012.5.peg.4314.site.14, 2, 130, 132
537012.5.peg.4314.site.15, 0, 130, 130
537012.5.peg.4314.site.16, 13, 130, 143
537012.5.peg.4314.site.17, 45, 130, 175
537012.5.peg.4314.site.18, 1, 128, 129
537012.5.peg.4314.site.19, 47, 129, 176
537012.5.peg.4314.site.20, 1, 129, 130
537012.5.peg.4314.site.21, 42, 129, 171
537012.5.peg.4314.site.22, 7, 129, 136
537012.5.peg.4314.site.23, 1, 129, 130
537012.5.peg.4314.site.24, 1, 131, 132
537012.5.peg.4314.site.25, 2, 131, 133
537012.5.peg.4314.site.26, 43, 130, 173
537012.5.peg.4314.site.27, 14, 130, 144
537012.5.peg.4314.site.28, 81, 130, 211
537012.5.peg.4314.site.29, 8, 131, 139
537012.5.peg.4314.site.30, 1, 129, 130
537012.5.peg.4314.site.31, 5, 129, 134
537012.5.peg.4314.site.32, 1, 129, 130
537012.5.peg.4314.site.33, 3, 130, 133
537012.5.peg.4314.site.34, 8, 130, 138
537012.5.peg.4314.site.35, 10, 129, 139
537012.5.peg.4314.site.36, 7, 126, 133
537012.5.peg.4314.site.37, 5, 127, 132
537012.5.peg.4314.site.38, 62, 126, 188
537012.5.peg.4314.site.39, 7, 128, 135
537012.5.peg.4314.site.40, 41, 129, 170
537012.5.peg.4314.site.41, 1, 130, 131
537012.5.peg.4314.site.42, 7, 130, 137
537012.5.peg.4314.site.43, 30, 130, 160
537012.5.peg.4315.site.1, 1, 127, 128
537012.5.peg.4315.site.2, 3, 128, 131
537012.5.peg.4315.site.3, 7, 129, 136
537012.5.peg.4315.site.4, 2, 128, 130
537012.5.peg.4315.site.5, 7, 128, 135
537012.5.peg.4315.site.6, 7, 129, 136
537012.5.peg.4315.site.7, 33, 130, 163
537012.5.peg.4315.site.8, 32, 129, 161
537012.5.peg.4315.site.9, 1, 129, 130
537012.5.peg.4315.site.10, 3, 128, 131
537012.5.peg.4315.site.11, 28, 130, 158
537012.5.peg.4315.site.12, 1, 130, 131
537012.5.peg.4315.site.13, 1, 130, 131
537012.5.peg.4315.site.14, 25, 130, 155
537012.5.peg.4315.site.15, 1, 130, 131
537012.5.peg.4315.site.16, 1, 130, 131
537012.5.peg.4315.site.17, 1, 129, 130
537012.5.peg.4315.site.18, 40, 130, 170
537012.5.peg.4315.site.19, 2, 129, 131
537012.5.peg.4315.site.20, 1, 130, 131
537012.5.peg.4315.site.21, 5, 128, 133
537012.5.peg.4315.site.22, 3, 129, 132
537012.5.peg.4315.site.23, 7, 129, 136
537012.5.peg.4315.site.24, 30, 129, 159
537012.5.peg.4315.site.25, 48, 129, 177
537012.5.peg.4315.site.26, 7, 129, 136
537012.5.peg.4315.site.27, 32, 126, 158
537012.5.peg.4315.site.28, 7, 130, 137
537012.5.peg.4315.site.29, 6, 129, 135
537012.5.peg.4315.site.30, 1, 128, 129
537012.5.peg.4315.site.31, 8, 127, 135
537012.5.peg.4315.site.32, 4, 128, 132
537012.5.peg.4315.site.33, 7, 128, 135
537012.5.peg.4315.site.34, 1, 129, 130
537012.5.peg.4315.site.35, 6, 129, 135
537012.5.peg.4315.site.36, 1, 129, 130
537012.5.peg.4315.site.37, 0, 128, 128
537012.5.peg.4315.site.38, 62, 128, 190
537012.5.peg.4315.site.39, 14, 128, 142
537012.5.peg.4315.site.40, 1, 129, 130
537012.5.peg.4315.site.41, 1, 129, 130
537012.5.peg.4315.site.42, 1, 129, 130
537012.5.peg.4315.site.43, 7, 129, 136
537012.5.peg.4315.site.44, 7, 129, 136
537012.5.peg.4315.site.45, 17, 129, 146
537012.5.peg.4315.site.46, 1, 129, 130
537012.5.peg.4315.site.47, 6, 129, 135
537012.5.peg.4315.site.48, 4, 128, 132
537012.5.peg.4315.site.49, 1, 128, 129
537012.5.peg.3119.site.1, 7, 134, 141
537012.5.peg.3119.site.2, 2, 134, 136
537012.5.peg.3119.site.3, 0, 134, 134
537012.5.peg.3119.site.4, 7, 134, 141
537012.5.peg.3119.site.5, 0, 134, 134
537012.5.peg.3119.site.6, 4, 132, 136
537012.5.peg.3119.site.7, 0, 134, 134
537012.5.peg.3119.site.8, 5, 133, 138
537012.5.peg.3119.site.9, 1, 134, 135
537012.5.peg.3119.site.10, 1, 134, 135
537012.5.peg.3119.site.11, 0, 134, 134
537012.5.peg.3119.site.12, 4, 132, 136
537012.5.peg.3119.site.13, 4, 132, 136
537012.5.peg.3119.site.14, 4, 132, 136
537012.5.peg.3119.site.15, 1, 134, 135
537012.5.peg.3119.site.16, 8, 133, 141
537012.5.peg.3119.site.17, 10, 132, 142
537012.5.peg.3119.site.18, 2, 133, 135
537012.5.peg.3119.site.19, 5, 132, 137
537012.5.peg.3118.site.1, 9, 129, 138
537012.5.peg.3118.site.2, 60, 129, 189
537012.5.peg.3118.site.3, 2, 133, 135
537012.5.peg.3118.site.4, 2, 133, 135
537012.5.peg.3118.site.5, 0, 134, 134
537012.5.peg.3118.site.6, 24, 132, 156
537012.5.peg.3118.site.7, 5, 130, 135
537012.5.peg.3118.site.8, 0, 132, 132
537012.5.peg.3118.site.9, 3, 128, 131
537012.5.peg.3118.site.10, 4, 132, 136
537012.5.peg.3118.site.11, 3, 131, 134
537012.5.peg.3118.site.12, 28, 133, 161
537012.5.peg.3118.site.13, 6, 134, 140
537012.5.peg.3118.site.14, 27, 133, 160
537012.5.peg.3118.site.15, 6, 134, 140
537012.5.peg.3118.site.16, 1, 134, 135
537012.5.peg.3118.site.17, 1, 134, 135
537012.5.peg.3118.site.18, 1, 134, 135
537012.5.peg.3118.site.19, 1, 133, 134
537012.5.peg.3118.site.20, 1, 133, 134
537012.5.peg.3118.site.21, 0, 132, 132
537012.5.peg.3118.site.22, 7, 134, 141
537012.5.peg.3118.site.23, 5, 133, 138
537012.5.peg.3118.site.24, 1, 134, 135
537012.5.peg.3118.site.25, 2, 133, 135
537012.5.peg.3118.site.26, 4, 134, 138
537012.5.peg.3118.site.27, 0, 134, 134
537012.5.peg.3118.site.28, 3, 134, 137
537012.5.peg.3118.site.29, 4, 134, 138
537012.5.peg.3118.site.30, 5, 132, 137
537012.5.peg.3118.site.31, 47, 132, 179
537012.5.peg.3118.site.32, 6, 134, 140
537012.5.peg.3118.site.33, 0, 133, 133
537012.5.peg.3118.site.34, 1, 134, 135
537012.5.peg.3118.site.35, 15, 133, 148
537012.5.peg.3118.site.36, 2, 134, 136
537012.5.peg.3118.site.37, 7, 134, 141
537012.5.peg.3118.site.38, 4, 132, 136
537012.5.peg.3118.site.39, 1, 134, 135
537012.5.peg.3118.site.40, 3, 132, 135
537012.5.peg.3118.site.41, 6, 134, 140
537012.5.peg.3118.site.42, 1, 134, 135
537012.5.peg.3118.site.43, 23, 132, 155
537012.5.peg.3118.site.44, 0, 133, 133
537012.5.peg.3118.site.45, 12, 132, 144
537012.5.peg.3118.site.46, 26, 134, 160
537012.5.peg.3449.site.1, 1, 126, 127
537012.5.peg.3449.site.2, 10, 134, 144
537012.5.peg.3449.site.3, 101, 133, 234
537012.5.peg.3449.site.4, 5, 131, 136
537012.5.peg.3449.site.5, 25, 133, 158
537012.5.peg.3449.site.6, 0, 134, 134
537012.5.peg.3449.site.7, 1, 134, 135
537012.5.peg.3449.site.8, 44, 134, 178
537012.5.peg.3449.site.9, 1, 134, 135
537012.5.peg.3449.site.10, 5, 132, 137
537012.5.peg.3449.site.11, 13, 133, 146
537012.5.peg.3449.site.12, 3, 134, 137
537012.5.peg.3449.site.13, 14, 133, 147
537012.5.peg.3449.site.14, 40, 133, 173
537012.5.peg.3449.site.15, 0, 134, 134
537012.5.peg.3449.site.16, 7, 134, 141
537012.5.peg.3449.site.17, 7, 134, 141
537012.5.peg.3449.site.18, 7, 134, 141
537012.5.peg.3449.site.19, 7, 134, 141
537012.5.peg.3449.site.20, 12, 132, 144
537012.5.peg.3449.site.21, 32, 132, 164
537012.5.peg.3449.site.22, 9, 132, 141
537012.5.peg.3449.site.23, 7, 133, 140
537012.5.peg.3449.site.24, 2, 134, 136
537012.5.peg.3449.site.25, 7, 134, 141
537012.5.peg.3449.site.26, 9, 134, 143
537012.5.peg.3449.site.27, 9, 132, 141
537012.5.peg.3448.site.1, 4, 130, 134
537012.5.peg.3448.site.2, 0, 130, 130
537012.5.peg.3448.site.3, 7, 129, 136
537012.5.peg.3448.site.4, 1, 130, 131
537012.5.peg.3448.site.5, 1, 131, 132
537012.5.peg.3448.site.6, 2, 131, 133
537012.5.peg.3448.site.7, 3, 132, 135
537012.5.peg.3448.site.8, 11, 132, 143
537012.5.peg.3448.site.9, 2, 134, 136
537012.5.peg.3448.site.10, 1, 133, 134
537012.5.peg.3448.site.11, 1, 134, 135
537012.5.peg.3448.site.12, 2, 134, 136
537012.5.peg.3448.site.13, 3, 134, 137
537012.5.peg.3448.site.14, 18, 133, 151
537012.5.peg.3448.site.15, 11, 133, 144
537012.5.peg.3448.site.16, 4, 132, 136
537012.5.peg.3448.site.17, 4, 134, 138
537012.5.peg.3448.site.18, 3, 132, 135
537012.5.peg.3448.site.19, 92, 133, 225
537012.5.peg.3448.site.20, 7, 134, 141
537012.5.peg.3448.site.21, 2, 134, 136
537012.5.peg.3448.site.22, 0, 134, 134
537012.5.peg.3448.site.23, 7, 134, 141
537012.5.peg.3448.site.24, 20, 133, 153
537012.5.peg.3448.site.25, 1, 134, 135
537012.5.peg.3448.site.26, 13, 133, 146
537012.5.peg.3448.site.27, 1, 133, 134
537012.5.peg.3448.site.28, 12, 133, 145
537012.5.peg.3448.site.29, 0, 132, 132
537012.5.peg.3448.site.30, 0, 133, 133
537012.5.peg.3448.site.31, 0, 132, 132
537012.5.peg.3448.site.32, 37, 133, 170
537012.5.peg.3448.site.33, 68, 134, 202
537012.5.peg.3448.site.34, 4, 132, 136
537012.5.peg.3448.site.35, 4, 131, 135
537012.5.peg.3448.site.36, 4, 132, 136
537012.5.peg.3448.site.37, 7, 132, 139
537012.5.peg.3448.site.38, 8, 133, 141
537012.5.peg.3448.site.39, 11, 133, 144
537012.5.peg.3448.site.40, 5, 132, 137
537012.5.peg.3448.site.41, 1, 134, 135
537012.5.peg.3448.site.42, 1, 134, 135
537012.5.peg.3448.site.43, 7, 134, 141
537012.5.peg.3448.site.44, 26, 133, 159
537012.5.peg.3448.site.45, 1, 132, 133
537012.5.peg.3448.site.46, 4, 132, 136
537012.5.peg.3448.site.47, 0, 134, 134
537012.5.peg.3448.site.48, 17, 134, 151
537012.5.peg.3448.site.49, 9, 132, 141
537012.5.peg.3448.site.50, 2, 134, 136
537012.5.peg.3448.site.51, 0, 134, 134
537012.5.peg.3448.site.52, 5, 133, 138
537012.5.peg.3448.site.53, 9, 132, 141
537012.5.peg.3448.site.54, 3, 133, 136
537012.5.peg.3448.site.55, 42, 131, 173
537012.5.peg.3448.site.56, 7, 133, 140
537012.5.peg.3448.site.57, 2, 134, 136
537012.5.peg.3448.site.58, 7, 133, 140
537012.5.peg.3448.site.59, 2, 134, 136
537012.5.peg.3448.site.60, 1, 133, 134
537012.5.peg.3448.site.61, 4, 132, 136
537012.5.peg.3448.site.62, 43, 133, 176
537012.5.peg.3448.site.63, 4, 134, 138
537012.5.peg.3448.site.64, 11, 132, 143
537012.5.peg.3448.site.65, 2, 134, 136
537012.5.peg.3448.site.66, 7, 134, 141
537012.5.peg.3448.site.67, 6, 130, 136
537012.5.peg.3448.site.68, 0, 134, 134
537012.5.peg.4312.site.1, 1, 130, 131
537012.5.peg.4312.site.2, 0, 128, 128
537012.5.peg.4312.site.3, 1, 128, 129
537012.5.peg.4312.site.4, 0, 129, 129
537012.5.peg.4312.site.5, 6, 129, 135
537012.5.peg.4312.site.6, 1, 130, 131
537012.5.peg.4312.site.7, 6, 130, 136
537012.5.peg.4312.site.8, 30, 130, 160
537012.5.peg.4312.site.9, 6, 131, 137
537012.5.peg.4312.site.10, 6, 131, 137
537012.5.peg.4312.site.11, 0, 130, 130
537012.5.peg.4312.site.12, 0, 129, 129
537012.5.peg.4312.site.13, 8, 129, 137
537012.5.peg.4312.site.14, 1, 130, 131
537012.5.peg.4312.site.15, 1, 129, 130
537012.5.peg.4312.site.16, 6, 129, 135
537012.5.peg.4312.site.17, 1, 128, 129
537012.5.peg.4312.site.18, 6, 129, 135
537012.5.peg.4312.site.19, 1, 129, 130
537012.5.peg.4312.site.20, 1, 129, 130
537012.5.peg.4312.site.21, 12, 128, 140
537012.5.peg.4312.site.22, 96, 128, 224
537012.5.peg.4312.site.23, 5, 129, 134
537012.5.peg.4312.site.24, 12, 129, 141
537012.5.peg.4312.site.25, 1, 128, 129
537012.5.peg.4312.site.26, 6, 128, 134
537012.5.peg.4312.site.27, 21, 130, 151
537012.5.peg.4312.site.28, 6, 130, 136
537012.5.peg.4312.site.29, 7, 130, 137
537012.5.peg.4312.site.30, 1, 130, 131
537012.5.peg.4312.site.31, 1, 129, 130
537012.5.peg.4312.site.32, 7, 122, 129
537012.5.peg.4313.site.1, 54, 126, 180
537012.5.peg.4313.site.2, 71, 129, 200
537012.5.peg.4313.site.3, 7, 128, 135
537012.5.peg.4313.site.4, 8, 129, 137
537012.5.peg.4313.site.5, 8, 129, 137
537012.5.peg.4313.site.6, 1, 131, 132
537012.5.peg.4313.site.7, 91, 130, 221
537012.5.peg.4313.site.8, 91, 130, 221
537012.5.peg.4313.site.9, 1, 130, 131
537012.5.peg.4313.site.10, 3, 129, 132
537012.5.peg.4313.site.11, 94, 129, 223
537012.5.peg.4313.site.12, 2, 129, 131
537012.5.peg.4313.site.13, 7, 128, 135
537012.5.peg.4313.site.14, 3, 128, 131
537012.5.peg.4313.site.15, 7, 129, 136
537012.5.peg.4313.site.16, 0, 128, 128
537012.5.peg.4313.site.17, 4, 129, 133
537012.5.peg.4313.site.18, 0, 128, 128
537012.5.peg.4313.site.19, 0, 128, 128
537012.5.peg.4313.site.20, 6, 129, 135
537012.5.peg.4313.site.21, 4, 129, 133
537012.5.peg.4313.site.22, 0, 130, 130
537012.5.peg.4313.site.23, 3, 128, 131
537012.5.peg.4313.site.24, 23, 129, 152
537012.5.peg.4313.site.25, 0, 129, 129
537012.5.peg.4313.site.26, 2, 129, 131
537012.5.peg.4313.site.27, 0, 128, 128
537012.5.peg.4313.site.28, 6, 129, 135
537012.5.peg.4313.site.29, 48, 128, 176
537012.5.peg.4313.site.30, 7, 129, 136
537012.5.peg.4313.site.31, 2, 129, 131
537012.5.peg.4313.site.32, 6, 129, 135
537012.5.peg.4313.site.33, 90, 129, 219
537012.5.peg.4313.site.34, 83, 129, 212
537012.5.peg.4313.site.35, 2, 131, 133
537012.5.peg.4313.site.36, 2, 131, 133
537012.5.peg.4313.site.37, 2, 131, 133
537012.5.peg.4313.site.38, 43, 131, 174
537012.5.peg.4313.site.39, 1, 131, 132
537012.5.peg.4313.site.40, 2, 130, 132
537012.5.peg.3325.site.1, 3, 131, 134
537012.5.peg.3325.site.2, 82, 129, 211
537012.5.peg.3325.site.3, 36, 129, 165
537012.5.peg.3325.site.4, 17, 131, 148
537012.5.peg.3325.site.5, 10, 131, 141
537012.5.peg.3325.site.6, 3, 131, 134
537012.5.peg.3325.site.7, 108, 128, 236
537012.5.peg.3325.site.8, 2, 126, 128
537012.5.peg.3325.site.9, 21, 126, 147
537012.5.peg.3419.site.1, 13, 84, 97
537012.5.peg.3419.site.2, 19, 85, 104
537012.5.peg.3419.site.3, 1, 84, 85
537012.5.peg.3419.site.4, 1, 85, 86
537012.5.peg.498.site.1, 0, 132, 132
537012.5.peg.498.site.2, 7, 132, 139
537012.5.peg.498.site.3, 2, 134, 136
537012.5.peg.498.site.4, 4, 132, 136
537012.5.peg.3320.site.1, 20, 130, 150
537012.5.peg.3320.site.2, 3, 133, 136
537012.5.peg.3320.site.3, 1, 133, 134
537012.5.peg.3320.site.4, 2, 133, 135
537012.5.peg.3320.site.5, 3, 133, 136
537012.5.peg.3320.site.6, 40, 133, 173
537012.5.peg.3320.site.7, 7, 133, 140
537012.5.peg.3320.site.8, 0, 132, 132
537012.5.peg.3320.site.9, 0, 131, 131
537012.5.peg.3320.site.10, 54, 131, 185
537012.5.peg.3320.site.11, 28, 130, 158
537012.5.peg.3320.site.12, 10, 130, 140
537012.5.peg.3320.site.13, 1, 132, 133
537012.5.peg.3320.site.14, 12, 132, 144
537012.5.peg.3320.site.15, 3, 131, 134
537012.5.peg.3320.site.16, 4, 132, 136
537012.5.peg.3320.site.17, 2, 132, 134
537012.5.peg.3320.site.18, 7, 131, 138
537012.5.peg.3320.site.19, 7, 130, 137
537012.5.peg.3320.site.20, 1, 133, 134
537012.5.peg.3320.site.21, 2, 132, 134
537012.5.peg.3320.site.22, 103, 132, 235
537012.5.peg.3320.site.23, 7, 133, 140
537012.5.peg.3320.site.24, 2, 130, 132
537012.5.peg.3322.site.1, 2, 125, 127
537012.5.peg.3322.site.2, 18, 124, 142
537012.5.peg.3322.site.3, 115, 124, 239
537012.5.peg.3322.site.4, 1, 126, 127
537012.5.peg.3322.site.5, 3, 126, 129
537012.5.peg.3322.site.6, 83, 123, 206
537012.5.peg.3322.site.7, 12, 125, 137
537012.5.peg.3322.site.8, 2, 126, 128
537012.5.peg.3322.site.9, 2, 126, 128
537012.5.peg.3322.site.10, 2, 125, 127
537012.5.peg.3322.site.11, 7, 123, 130
537012.5.peg.3322.site.12, 2, 126, 128
537012.5.peg.3322.site.13, 14, 126, 140
537012.5.peg.3322.site.14, 0, 125, 125
537012.5.peg.3322.site.15, 2, 126, 128
537012.5.peg.3322.site.16, 11, 126, 137
537012.5.peg.3322.site.17, 1, 126, 127
537012.5.peg.3322.site.18, 90, 122, 212
537012.5.peg.3322.site.19, 22, 122, 144
537012.5.peg.3322.site.20, 2, 122, 124
537012.5.peg.3322.site.21, 3, 120, 123
537012.5.peg.3322.site.22, 3, 121, 124
537012.5.peg.3322.site.23, 30, 121, 151
537012.5.peg.4463.site.1, 1, 126, 127
537012.5.peg.4463.site.2, 66, 124, 190
537012.5.peg.4463.site.3, 7, 123, 130
537012.5.peg.4463.site.4, 1, 123, 124
537012.5.peg.4463.site.5, 8, 124, 132
537012.5.peg.4463.site.6, 1, 124, 125
537012.5.peg.4463.site.7, 2, 130, 132
537012.5.peg.4463.site.8, 3, 130, 133
537012.5.peg.4463.site.9, 8, 129, 137
537012.5.peg.4463.site.10, 8, 129, 137
537012.5.peg.4463.site.11, 4, 127, 131
537012.5.peg.4463.site.12, 4, 125, 129
537012.5.peg.4463.site.13, 1, 122, 123
537012.5.peg.4463.site.14, 1, 123, 124
537012.5.peg.4463.site.15, 4, 127, 131
537012.5.peg.4463.site.16, 36, 128, 164
537012.5.peg.4463.site.17, 8, 129, 137
537012.5.peg.4463.site.18, 0, 128, 128
537012.5.peg.4463.site.19, 12, 128, 140
537012.5.peg.4463.site.20, 6, 130, 136
537012.5.peg.4463.site.21, 8, 130, 138
537012.5.peg.4463.site.22, 0, 128, 128
537012.5.peg.4463.site.23, 106, 129, 235
537012.5.peg.4463.site.24, 2, 130, 132
537012.5.peg.4463.site.25, 0, 130, 130
537012.5.peg.4460.site.1, 11, 132, 143
537012.5.peg.4460.site.2, 6, 133, 139
537012.5.peg.4460.site.3, 1, 134, 135
537012.5.peg.4460.site.4, 17, 134, 151
537012.5.peg.4460.site.5, 34, 132, 166
537012.5.peg.4460.site.6, 3, 133, 136
537012.5.peg.4460.site.7, 1, 134, 135
537012.5.peg.499.site.1, 7, 133, 140
537012.5.peg.499.site.2, 2, 129, 131
537012.5.peg.499.site.3, 6, 130, 136
537012.5.peg.499.site.4, 21, 132, 153
537012.5.peg.499.site.5, 2, 133, 135
537012.5.peg.499.site.6, 1, 132, 133
537012.5.peg.499.site.7, 11, 126, 137
537012.5.peg.499.site.8, 1, 120, 121
537012.5.peg.499.site.9, 117, 131, 248
537012.5.peg.499.site.10, 2, 132, 134
537012.5.peg.499.site.11, 6, 134, 140
537012.5.peg.499.site.12, 4, 132, 136
537012.5.peg.499.site.13, 2, 134, 136
537012.5.peg.499.site.14, 2, 133, 135
537012.5.peg.499.site.15, 1, 132, 133
537012.5.peg.499.site.16, 2, 132, 134
537012.5.peg.499.site.17, 0, 132, 132
537012.5.peg.499.site.18, 18, 130, 148
537012.5.peg.499.site.19, 4, 132, 136
537012.5.peg.499.site.20, 7, 132, 139
537012.5.peg.499.site.21, 48, 133, 181
537012.5.peg.499.site.22, 1, 133, 134
537012.5.peg.499.site.23, 2, 133, 135
537012.5.peg.499.site.24, 2, 134, 136
537012.5.peg.499.site.25, 0, 132, 132
537012.5.peg.499.site.26, 2, 130, 132
537012.5.peg.499.site.27, 8, 133, 141
537012.5.peg.499.site.28, 2, 134, 136
537012.5.peg.499.site.29, 2, 134, 136
537012.5.peg.499.site.30, 11, 133, 144
537012.5.peg.499.site.31, 2, 134, 136
537012.5.peg.499.site.32, 2, 134, 136
537012.5.peg.499.site.33, 105, 133, 238
537012.5.peg.499.site.34, 2, 133, 135
537012.5.peg.499.site.35, 1, 134, 135
537012.5.peg.499.site.36, 2, 132, 134
537012.5.peg.499.site.37, 1, 133, 134
537012.5.peg.499.site.38, 30, 131, 161
537012.5.peg.499.site.39, 3, 132, 135
537012.5.peg.4466.site.1, 0, 119, 119
537012.5.peg.4466.site.2, 28, 122, 150
537012.5.peg.4466.site.3, 64, 122, 186
537012.5.peg.4466.site.4, 0, 124, 124
537012.5.peg.4466.site.5, 3, 116, 119
537012.5.peg.4466.site.6, 2, 115, 117
537012.5.peg.4466.site.7, 50, 113, 163
537012.5.peg.4466.site.8, 18, 111, 129
537012.5.peg.4466.site.9, 4, 110, 114
537012.5.peg.4466.site.10, 4, 110, 114
537012.5.peg.4466.site.11, 10, 108, 118
537012.5.peg.4466.site.12, 11, 106, 117
537012.5.peg.4466.site.13, 5, 99, 104
537012.5.peg.4466.site.14, 16, 99, 115
537012.5.peg.4466.site.15, 4, 100, 104
537012.5.peg.4466.site.16, 8, 97, 105
537012.5.peg.4466.site.17, 1, 98, 99
537012.5.peg.4466.site.18, 2, 93, 95
537012.5.peg.4466.site.19, 0, 93, 93
537012.5.peg.4466.site.20, 5, 92, 97
537012.5.peg.4466.site.21, 5, 93, 98
537012.5.peg.4466.site.22, 11, 91, 102
537012.5.peg.4466.site.23, 1, 92, 93
537012.5.peg.4466.site.24, 1, 87, 88
537012.5.peg.4466.site.25, 4, 89, 93
537012.5.peg.4466.site.26, 0, 87, 87
537012.5.peg.4466.site.27, 3, 85, 88
537012.5.peg.4466.site.28, 4, 86, 90
537012.5.peg.4466.site.29, 24, 84, 108
537012.5.peg.4466.site.30, 1, 87, 88
537012.5.peg.4466.site.31, 3, 94, 97
537012.5.peg.4466.site.32, 12, 100, 112
537012.5.peg.4466.site.33, 1, 103, 104
537012.5.peg.4466.site.34, 12, 102, 114
537012.5.peg.4466.site.35, 2, 99, 101
537012.5.peg.4466.site.36, 12, 96, 108
537012.5.peg.4466.site.37, 2, 80, 82
537012.5.peg.4466.site.38, 2, 79, 81
537012.5.peg.4466.site.39, 1, 82, 83
537012.5.peg.4466.site.40, 3, 87, 90
537012.5.peg.4466.site.41, 2, 124, 126
537012.5.peg.4466.site.42, 91, 124, 215
537012.5.peg.4466.site.43, 4, 126, 130
537012.5.peg.4466.site.44, 1, 126, 127
537012.5.peg.4466.site.45, 1, 128, 129
537012.5.peg.4466.site.46, 6, 128, 134
537012.5.peg.4466.site.47, 6, 126, 132
537012.5.peg.4466.site.48, 48, 128, 176
537012.5.peg.4466.site.49, 1, 121, 122
537012.5.peg.4466.site.50, 1, 107, 108
537012.5.peg.4466.site.51, 56, 90, 146
537012.5.peg.4466.site.52, 39, 86, 125
537012.5.peg.4466.site.53, 8, 82, 90
537012.5.peg.4466.site.54, 6, 83, 89
537012.5.peg.4466.site.55, 22, 77, 99
537012.5.peg.4466.site.56, 5, 79, 84
537012.5.peg.4466.site.57, 25, 86, 111
537012.5.peg.4466.site.58, 0, 83, 83
537012.5.peg.4466.site.59, 3, 85, 88
537012.5.peg.4466.site.60, 6, 87, 93
537012.5.peg.4466.site.61, 68, 83, 151
537012.5.peg.4466.site.62, 60, 86, 146
537012.5.peg.4466.site.63, 17, 90, 107
537012.5.peg.4466.site.64, 1, 92, 93
537012.5.peg.4466.site.65, 4, 97, 101
537012.5.peg.4466.site.66, 10, 98, 108
537012.5.peg.4466.site.67, 25, 92, 117
537012.5.peg.4466.site.68, 2, 93, 95
537012.5.peg.4466.site.69, 2, 95, 97
537012.5.peg.4466.site.70, 8, 89, 97
537012.5.peg.4466.site.71, 7, 92, 99
537012.5.peg.4466.site.72, 3, 130, 133
537012.5.peg.4466.site.73, 0, 128, 128
537012.5.peg.4464.site.1, 0, 99, 99
537012.5.peg.4464.site.2, 57, 80, 137
537012.5.peg.4464.site.3, 38, 80, 118
537012.5.peg.4464.site.4, 21, 83, 104
537012.5.peg.4464.site.5, 13, 84, 97
537012.5.peg.4464.site.6, 1, 82, 83
537012.5.peg.4464.site.7, 1, 83, 84
537012.5.peg.4464.site.8, 1, 79, 80
537012.5.peg.4464.site.9, 2, 80, 82
537012.5.peg.4464.site.10, 3, 74, 77
537012.5.peg.4464.site.11, 3, 74, 77
537012.5.peg.4464.site.12, 39, 74, 113
537012.5.peg.4464.site.13, 53, 72, 125
537012.5.peg.4464.site.14, 17, 70, 87
537012.5.peg.4464.site.15, 6, 71, 77
537012.5.peg.4464.site.16, 26, 76, 102
537012.5.peg.4464.site.17, 26, 73, 99
537012.5.peg.4464.site.18, 66, 75, 141
537012.5.peg.4464.site.19, 7, 72, 79
537012.5.peg.4464.site.20, 2, 73, 75
537012.5.peg.4464.site.21, 1, 72, 73
537012.5.peg.4464.site.22, 2, 74, 76
537012.5.peg.4464.site.23, 1, 76, 77
537012.5.peg.4464.site.24, 2, 76, 78
537012.5.peg.4464.site.25, 2, 75, 77
537012.5.peg.4464.site.26, 49, 75, 124
537012.5.peg.4464.site.27, 11, 77, 88
537012.5.peg.4464.site.28, 1, 82, 83
537012.5.peg.4464.site.29, 1, 84, 85
537012.5.peg.4464.site.30, 2, 87, 89
537012.5.peg.4464.site.31, 70, 103, 173
537012.5.peg.4464.site.32, 20, 101, 121
537012.5.peg.4464.site.33, 23, 103, 126
537012.5.peg.4464.site.34, 1, 103, 104
537012.5.peg.4464.site.35, 3, 106, 109
537012.5.peg.4464.site.36, 35, 106, 141
537012.5.peg.4464.site.37, 18, 105, 123
537012.5.peg.4464.site.38, 2, 110, 112
537012.5.peg.4464.site.39, 0, 111, 111
537012.5.peg.4464.site.40, 16, 108, 124
537012.5.peg.4464.site.41, 21, 110, 131
537012.5.peg.4464.site.42, 10, 108, 118
537012.5.peg.4464.site.43, 3, 112, 115
537012.5.peg.4464.site.44, 13, 114, 127
537012.5.peg.4464.site.45, 3, 115, 118
537012.5.peg.4464.site.46, 1, 84, 85
537012.5.peg.4464.site.47, 3, 82, 85
537012.5.peg.4464.site.48, 1, 82, 83
537012.5.peg.4464.site.49, 1, 87, 88
537012.5.peg.4464.site.50, 71, 85, 156
537012.5.peg.4464.site.51, 17, 104, 121
537012.5.peg.4464.site.52, 15, 115, 130
537012.5.peg.4464.site.53, 10, 116, 126
537012.5.peg.4464.site.54, 15, 115, 130
537012.5.peg.4464.site.55, 14, 118, 132
537012.5.peg.4464.site.56, 14, 118, 132
537012.5.peg.4464.site.57, 4, 117, 121
537012.5.peg.4464.site.58, 1, 118, 119
537012.5.peg.4464.site.59, 28, 99, 127
537012.5.peg.4464.site.60, 39, 96, 135
537012.5.peg.4464.site.61, 30, 84, 114
537012.5.peg.4464.site.62, 1, 89, 90
537012.5.peg.4464.site.63, 3, 95, 98
537012.5.peg.4464.site.64, 0, 92, 92
537012.5.peg.4464.site.65, 1, 94, 95
537012.5.peg.4464.site.66, 11, 97, 108
537012.5.peg.4464.site.67, 3, 104, 107
537012.5.peg.4464.site.68, 25, 103, 128
537012.5.peg.4465.site.1, 1, 113, 114
537012.5.peg.4465.site.2, 1, 111, 112
537012.5.peg.4465.site.3, 10, 107, 117
537012.5.peg.4465.site.4, 4, 109, 113
537012.5.peg.4465.site.5, 1, 109, 110
537012.5.peg.4465.site.6, 23, 107, 130
537012.5.peg.4465.site.7, 1, 109, 110
537012.5.peg.4465.site.8, 5, 109, 114
537012.5.peg.4465.site.9, 2, 107, 109
537012.5.peg.4465.site.10, 0, 102, 102
537012.5.peg.4465.site.11, 3, 90, 93
537012.5.peg.4465.site.12, 0, 85, 85
537012.5.peg.4465.site.13, 0, 79, 79
537012.5.peg.4465.site.14, 6, 77, 83
537012.5.peg.4465.site.15, 4, 79, 83
537012.5.peg.4465.site.16, 2, 77, 79
537012.5.peg.4465.site.17, 74, 77, 151
537012.5.peg.4465.site.18, 2, 89, 91
537012.5.peg.4465.site.19, 0, 105, 105
537012.5.peg.4465.site.20, 2, 113, 115
537012.5.peg.4465.site.21, 1, 115, 116
537012.5.peg.4465.site.22, 43, 118, 161
537012.5.peg.4465.site.23, 5, 121, 126
537012.5.peg.4465.site.24, 10, 125, 135
537012.5.peg.4465.site.25, 3, 122, 125
537012.5.peg.4465.site.26, 11, 119, 130
537012.5.peg.4465.site.27, 21, 98, 119
537012.5.peg.4465.site.28, 2, 103, 105
537012.5.peg.4465.site.29, 22, 102, 124
537012.5.peg.4465.site.30, 4, 107, 111
537012.5.peg.4465.site.31, 4, 105, 109
537012.5.peg.4465.site.32, 8, 109, 117
537012.5.peg.4469.site.1, 3, 76, 79
537012.5.peg.4469.site.2, 0, 75, 75
537012.5.peg.4469.site.3, 35, 75, 110
537012.5.peg.4469.site.4, 3, 76, 79
537012.5.peg.4469.site.5, 4, 77, 81
537012.5.peg.4469.site.6, 69, 78, 147
537012.5.peg.4469.site.7, 2, 78, 80
537012.5.peg.4469.site.8, 6, 79, 85
537012.5.peg.4469.site.9, 5, 78, 83
537012.5.peg.1381.site.1, 22, 122, 144
537012.5.peg.1381.site.2, 0, 125, 125
537012.5.peg.1381.site.3, 3, 125, 128
537012.5.peg.1381.site.4, 3, 128, 131
537012.5.peg.1381.site.5, 16, 130, 146
537012.5.peg.1381.site.6, 28, 128, 156
537012.5.peg.1381.site.7, 10, 117, 127
537012.5.peg.1381.site.8, 10, 117, 127
537012.5.peg.1381.site.9, 3, 114, 117
537012.5.peg.1381.site.10, 1, 113, 114
537012.5.peg.1381.site.11, 2, 111, 113
537012.5.peg.1381.site.12, 5, 106, 111
537012.5.peg.1381.site.13, 5, 106, 111
537012.5.peg.4267.site.1, 7, 79, 86
537012.5.peg.4267.site.2, 7, 80, 87
537012.5.peg.4267.site.3, 1, 79, 80
537012.5.peg.4267.site.4, 0, 79, 79
537012.5.peg.4267.site.5, 12, 81, 93
537012.5.peg.4267.site.6, 1, 81, 82
537012.5.peg.4267.site.7, 0, 80, 80
537012.5.peg.4267.site.8, 1, 80, 81
537012.5.peg.4267.site.9, 3, 81, 84
537012.5.peg.4267.site.10, 23, 82, 105
537012.5.peg.4267.site.11, 2, 80, 82
537012.5.peg.4267.site.12, 3, 80, 83
537012.5.peg.4267.site.13, 21, 79, 100
537012.5.peg.4267.site.14, 8, 77, 85
537012.5.peg.4267.site.15, 4, 75, 79
537012.5.peg.4267.site.16, 0, 74, 74
537012.5.peg.4267.site.17, 7, 75, 82
537012.5.peg.4267.site.18, 3, 76, 79
537012.5.peg.4267.site.19, 55, 74, 129
537012.5.peg.4267.site.20, 7, 74, 81
537012.5.peg.4267.site.21, 2, 75, 77
537012.5.peg.4267.site.22, 5, 76, 81
537012.5.peg.4267.site.23, 2, 77, 79
537012.5.peg.4267.site.24, 0, 77, 77
537012.5.peg.4267.site.25, 2, 78, 80
537012.5.peg.4267.site.26, 26, 77, 103
537012.5.peg.4267.site.27, 2, 73, 75
537012.5.peg.4267.site.28, 0, 73, 73
537012.5.peg.4267.site.29, 1, 74, 75
537012.5.peg.4267.site.30, 2, 74, 76
537012.5.peg.4267.site.31, 10, 75, 85
537012.5.peg.4267.site.32, 11, 75, 86
537012.5.peg.4267.site.33, 1, 73, 74
537012.5.peg.4267.site.34, 5, 78, 83
537012.5.peg.4267.site.35, 6, 75, 81
537012.5.peg.4267.site.36, 1, 76, 77
537012.5.peg.4267.site.37, 6, 74, 80
537012.5.peg.4267.site.38, 5, 75, 80
537012.5.peg.4267.site.39, 9, 75, 84
537012.5.peg.4267.site.40, 5, 76, 81
537012.5.peg.4267.site.41, 2, 77, 79
537012.5.peg.4267.site.42, 16, 77, 93
537012.5.peg.4267.site.43, 25, 74, 99
537012.5.peg.4267.site.44, 53, 75, 128
537012.5.peg.4267.site.45, 1, 76, 77
537012.5.peg.4267.site.46, 4, 78, 82
537012.5.peg.4267.site.47, 2, 79, 81
537012.5.peg.4267.site.48, 7, 76, 83
537012.5.peg.4267.site.49, 19, 75, 94
537012.5.peg.4267.site.50, 2, 74, 76
537012.5.peg.4267.site.51, 21, 73, 94
537012.5.peg.4267.site.52, 60, 71, 131
537012.5.peg.4267.site.53, 3, 70, 73
537012.5.peg.4267.site.54, 24, 71, 95
537012.5.peg.4267.site.55, 0, 74, 74
537012.5.peg.4267.site.56, 7, 75, 82
537012.5.peg.4267.site.57, 2, 75, 77
537012.5.peg.4267.site.58, 9, 73, 82
537012.5.peg.4267.site.59, 5, 75, 80
537012.5.peg.4267.site.60, 1, 74, 75
537012.5.peg.4267.site.61, 0, 77, 77
537012.5.peg.4267.site.62, 1, 75, 76
537012.5.peg.4267.site.63, 17, 75, 92
537012.5.peg.4267.site.64, 3, 75, 78
537012.5.peg.4267.site.65, 6, 77, 83
537012.5.peg.4261.site.1, 2, 76, 78
537012.5.peg.4261.site.2, 7, 76, 83
537012.5.peg.4261.site.3, 1, 76, 77
537012.5.peg.4261.site.4, 3, 77, 80
537012.5.peg.4261.site.5, 2, 75, 77
537012.5.peg.4261.site.6, 6, 76, 82
537012.5.peg.4261.site.7, 5, 75, 80
537012.5.peg.4261.site.8, 10, 76, 86
537012.5.peg.4261.site.9, 16, 76, 92
537012.5.peg.4261.site.10, 3, 75, 78
537012.5.peg.4261.site.11, 1, 76, 77
537012.5.peg.4261.site.12, 2, 76, 78
537012.5.peg.4261.site.13, 7, 75, 82
537012.5.peg.4261.site.14, 6, 77, 83
537012.5.peg.4261.site.15, 7, 77, 84
537012.5.peg.4261.site.16, 2, 77, 79
537012.5.peg.4261.site.17, 2, 75, 77
537012.5.peg.4261.site.18, 7, 75, 82
537012.5.peg.4261.site.19, 24, 75, 99
537012.5.peg.4261.site.20, 3, 76, 79
537012.5.peg.4261.site.21, 14, 73, 87
537012.5.peg.4261.site.22, 64, 73, 137
537012.5.peg.4261.site.23, 1, 69, 70
537012.5.peg.4261.site.24, 63, 68, 131
537012.5.peg.4261.site.25, 5, 68, 73
537012.5.peg.4261.site.26, 18, 58, 76
537012.5.peg.4261.site.27, 17, 42, 59
537012.5.peg.4261.site.28, 1, 52, 53
537012.5.peg.4261.site.29, 53, 67, 120
537012.5.peg.4261.site.30, 1, 66, 67
537012.5.peg.4261.site.31, 1, 72, 73
537012.5.peg.4261.site.32, 1, 72, 73
537012.5.peg.4261.site.33, 3, 75, 78
537012.5.peg.4261.site.34, 3, 77, 80
537012.5.peg.4261.site.35, 10, 76, 86
537012.5.peg.4261.site.36, 1, 74, 75
537012.5.peg.4261.site.37, 34, 73, 107
537012.5.peg.4261.site.38, 21, 73, 94
537012.5.peg.4261.site.39, 10, 76, 86
537012.5.peg.4261.site.40, 25, 77, 102
537012.5.peg.4261.site.41, 4, 77, 81
537012.5.peg.4261.site.42, 3, 75, 78
537012.5.peg.4687.site.1, 5, 122, 127
537012.5.peg.4687.site.2, 4, 121, 125
537012.5.peg.4687.site.3, 17, 122, 139
537012.5.peg.4687.site.4, 6, 122, 128
537012.5.peg.4687.site.5, 120, 122, 242
537012.5.peg.4687.site.6, 4, 122, 126
537012.5.peg.4687.site.7, 4, 123, 127
537012.5.peg.4687.site.8, 4, 123, 127
537012.5.peg.4687.site.9, 3, 123, 126
537012.5.peg.4687.site.10, 4, 123, 127
537012.5.peg.4868.site.1, 7, 63, 70
537012.5.peg.4868.site.2, 7, 129, 136
537012.5.peg.4868.site.3, 0, 128, 128
537012.5.peg.4868.site.4, 2, 130, 132
537012.5.peg.4868.site.5, 8, 129, 137
537012.5.peg.4868.site.6, 33, 133, 166
537012.5.peg.4868.site.7, 1, 134, 135
537012.5.peg.4868.site.8, 12, 134, 146
537012.5.peg.4868.site.9, 0, 129, 129
537012.5.peg.4868.site.10, 29, 128, 157
537012.5.peg.4868.site.11, 0, 128, 128
537012.5.peg.4868.site.12, 2, 124, 126
537012.5.peg.4868.site.13, 1, 92, 93
537012.5.peg.4868.site.14, 1, 122, 123
537012.5.peg.4869.site.1, 4, 106, 110
537012.5.peg.4869.site.2, 1, 122, 123
537012.5.peg.4869.site.3, 103, 122, 225
537012.5.peg.4869.site.4, 44, 123, 167
537012.5.peg.4869.site.5, 4, 131, 135
537012.5.peg.4869.site.6, 1, 131, 132
537012.5.peg.4869.site.7, 42, 128, 170
537012.5.peg.4869.site.8, 4, 129, 133
537012.5.peg.4869.site.9, 8, 128, 136
537012.5.peg.4869.site.10, 1, 131, 132
537012.5.peg.4869.site.11, 22, 130, 152
537012.5.peg.4869.site.12, 4, 131, 135
537012.5.peg.4869.site.13, 4, 131, 135
537012.5.peg.4869.site.14, 129, 131, 260
537012.5.peg.4869.site.15, 2, 130, 132
537012.5.peg.4869.site.16, 3, 131, 134
537012.5.peg.4869.site.17, 56, 129, 185
537012.5.peg.4869.site.18, 1, 131, 132
537012.5.peg.4869.site.19, 4, 131, 135
537012.5.peg.4869.site.20, 9, 130, 139
537012.5.peg.4869.site.21, 8, 129, 137
537012.5.peg.4869.site.22, 17, 131, 148
537012.5.peg.4869.site.23, 128, 131, 259
537012.5.peg.4869.site.24, 2, 131, 133
537012.5.peg.4869.site.25, 4, 129, 133
537012.5.peg.4869.site.26, 0, 131, 131
537012.5.peg.4869.site.27, 3, 128, 131
537012.5.peg.4869.site.28, 2, 126, 128
537012.5.peg.4869.site.29, 91, 123, 214
537012.5.peg.4869.site.30, 17, 126, 143
537012.5.peg.4869.site.31, 1, 127, 128
537012.5.peg.4869.site.32, 2, 128, 130
537012.5.peg.4869.site.33, 1, 127, 128
537012.5.peg.4869.site.34, 6, 128, 134
537012.5.peg.4869.site.35, 3, 131, 134
537012.5.peg.4869.site.36, 1, 131, 132
537012.5.peg.4869.site.37, 1, 131, 132
537012.5.peg.4869.site.38, 9, 130, 139
537012.5.peg.4869.site.39, 1, 131, 132
537012.5.peg.4869.site.40, 3, 130, 133
537012.5.peg.4869.site.41, 7, 129, 136
537012.5.peg.4869.site.42, 3, 131, 134
537012.5.peg.4869.site.43, 4, 129, 133
537012.5.peg.4869.site.44, 2, 130, 132
537012.5.peg.4869.site.45, 64, 129, 193
537012.5.peg.4869.site.46, 2, 124, 126
537012.5.peg.4869.site.47, 2, 125, 127
537012.5.peg.4869.site.48, 10, 124, 134
537012.5.peg.4869.site.49, 6, 124, 130
537012.5.peg.4869.site.50, 74, 123, 197
537012.5.peg.4869.site.51, 0, 123, 123
537012.5.peg.4869.site.52, 1, 123, 124
537012.5.peg.4869.site.53, 1, 122, 123
537012.5.peg.4869.site.54, 1, 121, 122
537012.5.peg.4869.site.55, 1, 122, 123
537012.5.peg.4869.site.56, 3, 118, 121
537012.5.peg.4869.site.57, 0, 117, 117
537012.5.peg.4869.site.58, 0, 91, 91
537012.5.peg.4869.site.59, 0, 89, 89
537012.5.peg.4869.site.60, 1, 82, 83
537012.5.peg.4869.site.61, 0, 82, 82
537012.5.peg.4869.site.62, 2, 64, 66
537012.5.peg.4869.site.63, 2, 53, 55
537012.5.peg.4866.site.1, 0, 128, 128
537012.5.peg.4866.site.2, 9, 130, 139
537012.5.peg.4866.site.3, 7, 130, 137
537012.5.peg.4866.site.4, 8, 128, 136
537012.5.peg.4866.site.5, 0, 129, 129
537012.5.peg.4866.site.6, 31, 129, 160
537012.5.peg.4866.site.7, 0, 129, 129
537012.5.peg.4866.site.8, 1, 129, 130
537012.5.peg.4866.site.9, 1, 129, 130
537012.5.peg.4866.site.10, 0, 129, 129
537012.5.peg.4866.site.11, 6, 131, 137
537012.5.peg.4866.site.12, 3, 134, 137
537012.5.peg.4866.site.13, 1, 134, 135
537012.5.peg.4866.site.14, 0, 134, 134
537012.5.peg.4866.site.15, 4, 131, 135
537012.5.peg.4866.site.16, 5, 133, 138
537012.5.peg.4866.site.17, 4, 132, 136
537012.5.peg.4866.site.18, 7, 134, 141
537012.5.peg.4866.site.19, 1, 133, 134
537012.5.peg.4866.site.20, 2, 130, 132
537012.5.peg.4866.site.21, 3, 131, 134
537012.5.peg.4866.site.22, 0, 130, 130
537012.5.peg.4866.site.23, 4, 134, 138
537012.5.peg.4866.site.24, 3, 134, 137
537012.5.peg.4866.site.25, 4, 134, 138
537012.5.peg.4866.site.26, 5, 134, 139
537012.5.peg.4866.site.27, 1, 134, 135
537012.5.peg.4866.site.28, 1, 134, 135
537012.5.peg.4866.site.29, 5, 132, 137
537012.5.peg.4866.site.30, 2, 134, 136
537012.5.peg.4866.site.31, 4, 132, 136
537012.5.peg.4866.site.32, 0, 134, 134
537012.5.peg.4866.site.33, 23, 132, 155
537012.5.peg.4866.site.34, 11, 133, 144
537012.5.peg.4866.site.35, 0, 134, 134
537012.5.peg.4866.site.36, 15, 132, 147
537012.5.peg.4866.site.37, 10, 131, 141
537012.5.peg.4866.site.38, 6, 133, 139
537012.5.peg.4866.site.39, 4, 133, 137
537012.5.peg.4866.site.40, 74, 130, 204
537012.5.peg.4866.site.41, 8, 129, 137
537012.5.peg.4866.site.42, 7, 129, 136
537012.5.peg.4866.site.43, 1, 130, 131
537012.5.peg.4866.site.44, 2, 130, 132
537012.5.peg.4866.site.45, 6, 134, 140
537012.5.peg.4866.site.46, 11, 132, 143
537012.5.peg.4866.site.47, 1, 134, 135
537012.5.peg.4866.site.48, 4, 134, 138
537012.5.peg.4867.site.1, 0, 128, 128
537012.5.peg.4867.site.2, 1, 132, 133
537012.5.peg.4867.site.3, 1, 129, 130
537012.5.peg.4867.site.4, 23, 124, 147
537012.5.peg.4867.site.5, 1, 132, 133
537012.5.peg.4867.site.6, 1, 129, 130
537012.5.peg.4867.site.7, 1, 130, 131
537012.5.peg.4867.site.8, 1, 132, 133
537012.5.peg.4867.site.9, 1, 132, 133
537012.5.peg.4867.site.10, 1, 134, 135
537012.5.peg.4867.site.11, 75, 128, 203
537012.5.peg.4867.site.12, 5, 130, 135
537012.5.peg.4867.site.13, 1, 133, 134
537012.5.peg.4867.site.14, 1, 133, 134
537012.5.peg.4867.site.15, 2, 131, 133
537012.5.peg.4867.site.16, 2, 126, 128
537012.5.peg.4867.site.17, 1, 126, 127
537012.5.peg.4867.site.18, 8, 125, 133
537012.5.peg.4867.site.19, 1, 121, 122
537012.5.peg.4867.site.20, 86, 116, 202
537012.5.peg.4867.site.21, 14, 111, 125
537012.5.peg.4867.site.22, 3, 127, 130
537012.5.peg.4867.site.23, 8, 123, 131
537012.5.peg.4867.site.24, 6, 125, 131
537012.5.peg.4867.site.25, 7, 127, 134
537012.5.peg.4867.site.26, 6, 124, 130
537012.5.peg.4867.site.27, 0, 127, 127
537012.5.peg.4867.site.28, 4, 122, 126
537012.5.peg.4867.site.29, 8, 79, 87
537012.5.peg.4867.site.30, 4, 28, 32
537012.5.peg.4864.site.1, 1, 112, 113
537012.5.peg.4864.site.2, 4, 109, 113
537012.5.peg.4864.site.3, 46, 110, 156
537012.5.peg.4864.site.4, 24, 107, 131
537012.5.peg.4864.site.5, 33, 103, 136
537012.5.peg.4864.site.6, 8, 106, 114
537012.5.peg.4864.site.7, 9, 81, 90
537012.5.peg.4864.site.8, 0, 84, 84
537012.5.peg.4864.site.9, 1, 85, 86
537012.5.peg.4864.site.10, 3, 84, 87
537012.5.peg.4864.site.11, 5, 87, 92
537012.5.peg.4864.site.12, 11, 83, 94
537012.5.peg.4864.site.13, 40, 90, 130
537012.5.peg.4864.site.14, 12, 81, 93
537012.5.peg.4864.site.15, 6, 81, 87
537012.5.peg.4864.site.16, 23, 79, 102
537012.5.peg.4864.site.17, 1, 75, 76
537012.5.peg.4864.site.18, 1, 80, 81
537012.5.peg.4864.site.19, 14, 77, 91
537012.5.peg.4864.site.20, 15, 77, 92
537012.5.peg.4864.site.21, 9, 78, 87
537012.5.peg.4864.site.22, 5, 79, 84
537012.5.peg.4864.site.23, 13, 78, 91
537012.5.peg.4864.site.24, 13, 80, 93
537012.5.peg.4864.site.25, 2, 77, 79
537012.5.peg.4864.site.26, 1, 81, 82
537012.5.peg.4864.site.27, 1, 83, 84
537012.5.peg.4864.site.28, 80, 88, 168
537012.5.peg.4864.site.29, 5, 94, 99
537012.5.peg.4864.site.30, 8, 93, 101
537012.5.peg.4864.site.31, 8, 96, 104
537012.5.peg.4864.site.32, 1, 96, 97
537012.5.peg.4864.site.33, 6, 101, 107
537012.5.peg.4864.site.34, 1, 110, 111
537012.5.peg.4864.site.35, 2, 115, 117
537012.5.peg.4864.site.36, 2, 118, 120
537012.5.peg.4864.site.37, 13, 121, 134
537012.5.peg.4864.site.38, 2, 123, 125
537012.5.peg.4864.site.39, 3, 124, 127
537012.5.peg.4864.site.40, 31, 129, 160
537012.5.peg.4864.site.41, 17, 130, 147
537012.5.peg.4864.site.42, 3, 127, 130
537012.5.peg.4864.site.43, 1, 129, 130
537012.5.peg.4864.site.44, 13, 127, 140
537012.5.peg.4864.site.45, 14, 129, 143
537012.5.peg.4864.site.46, 71, 129, 200
537012.5.peg.4864.site.47, 1, 130, 131
537012.5.peg.4864.site.48, 11, 128, 139
537012.5.peg.4864.site.49, 30, 129, 159
537012.5.peg.4864.site.50, 15, 129, 144
537012.5.peg.4864.site.51, 2, 129, 131
537012.5.peg.4864.site.52, 1, 128, 129
537012.5.peg.4864.site.53, 1, 124, 125
537012.5.peg.4864.site.54, 1, 124, 125
537012.5.peg.4864.site.55, 3, 125, 128
537012.5.peg.4864.site.56, 0, 125, 125
537012.5.peg.4864.site.57, 11, 126, 137
537012.5.peg.4864.site.58, 4, 126, 130
537012.5.peg.4864.site.59, 12, 124, 136
537012.5.peg.4864.site.60, 1, 125, 126
537012.5.peg.4864.site.61, 15, 128, 143
537012.5.peg.4864.site.62, 2, 127, 129
537012.5.peg.4864.site.63, 0, 128, 128
537012.5.peg.4864.site.64, 111, 130, 241
537012.5.peg.4864.site.65, 1, 130, 131
537012.5.peg.4864.site.66, 1, 130, 131
537012.5.peg.4864.site.67, 18, 127, 145
537012.5.peg.4864.site.68, 1, 130, 131
537012.5.peg.4864.site.69, 6, 128, 134
537012.5.peg.4864.site.70, 0, 127, 127
537012.5.peg.4864.site.71, 1, 126, 127
537012.5.peg.4864.site.72, 2, 126, 128
537012.5.peg.4864.site.73, 3, 126, 129
537012.5.peg.4864.site.74, 3, 126, 129
537012.5.peg.4864.site.75, 1, 129, 130
537012.5.peg.4864.site.76, 7, 129, 136
537012.5.peg.4864.site.77, 6, 129, 135
537012.5.peg.4864.site.78, 70, 129, 199
537012.5.peg.4864.site.79, 125, 129, 254
537012.5.peg.4864.site.80, 16, 128, 144
537012.5.peg.4864.site.81, 4, 127, 131
537012.5.peg.4864.site.82, 18, 127, 145
537012.5.peg.4864.site.83, 6, 126, 132
537012.5.peg.4864.site.84, 14, 126, 140
537012.5.peg.4864.site.85, 4, 127, 131
537012.5.peg.4864.site.86, 4, 126, 130
537012.5.peg.4864.site.87, 18, 129, 147
537012.5.peg.4864.site.88, 1, 129, 130
537012.5.peg.4864.site.89, 1, 129, 130
537012.5.peg.4864.site.90, 7, 128, 135
537012.5.peg.4864.site.91, 6, 128, 134
537012.5.peg.4864.site.92, 5, 127, 132
537012.5.peg.4864.site.93, 7, 130, 137
537012.5.peg.4864.site.94, 7, 129, 136
537012.5.peg.4864.site.95, 6, 128, 134
537012.5.peg.4864.site.96, 10, 127, 137
537012.5.peg.4864.site.97, 10, 126, 136
537012.5.peg.4864.site.98, 0, 127, 127
537012.5.peg.4864.site.99, 15, 126, 141
537012.5.peg.4864.site.100, 10, 126, 136
537012.5.peg.4864.site.101, 3, 124, 127
537012.5.peg.4864.site.102, 0, 122, 122
537012.5.peg.4864.site.103, 3, 125, 128
537012.5.peg.4864.site.104, 43, 132, 175
537012.5.peg.4864.site.105, 0, 134, 134
537012.5.peg.4864.site.106, 4, 131, 135
537012.5.peg.4864.site.107, 2, 133, 135
537012.5.peg.4864.site.108, 6, 132, 138
537012.5.peg.4864.site.109, 3, 133, 136
537012.5.peg.4864.site.110, 2, 133, 135
537012.5.peg.4864.site.111, 21, 133, 154
537012.5.peg.4864.site.112, 6, 134, 140
537012.5.peg.4864.site.113, 6, 134, 140
537012.5.peg.4864.site.114, 7, 134, 141
537012.5.peg.4864.site.115, 55, 133, 188
537012.5.peg.4864.site.116, 10, 131, 141
537012.5.peg.4864.site.117, 6, 131, 137
537012.5.peg.4864.site.118, 3, 131, 134
537012.5.peg.4864.site.119, 6, 132, 138
537012.5.peg.4864.site.120, 0, 134, 134
537012.5.peg.4864.site.121, 5, 133, 138
537012.5.peg.4864.site.122, 5, 133, 138
537012.5.peg.4864.site.123, 4, 134, 138
537012.5.peg.4864.site.124, 9, 131, 140
537012.5.peg.4864.site.125, 4, 125, 129
537012.5.peg.4864.site.126, 5, 126, 131
537012.5.peg.4864.site.127, 6, 132, 138
537012.5.peg.4864.site.128, 10, 130, 140
537012.5.peg.4864.site.129, 7, 133, 140
537012.5.peg.4864.site.130, 7, 133, 140
537012.5.peg.4864.site.131, 6, 133, 139
537012.5.peg.4864.site.132, 5, 133, 138
537012.5.peg.4864.site.133, 14, 133, 147
537012.5.peg.4864.site.134, 5, 134, 139
537012.5.peg.4864.site.135, 5, 132, 137
537012.5.peg.4864.site.136, 6, 133, 139
537012.5.peg.4864.site.137, 4, 132, 136
537012.5.peg.4864.site.138, 10, 134, 144
537012.5.peg.4864.site.139, 1, 134, 135
537012.5.peg.4864.site.140, 1, 134, 135
537012.5.peg.4864.site.141, 5, 132, 137
537012.5.peg.4864.site.142, 0, 133, 133
537012.5.peg.4864.site.143, 15, 133, 148
537012.5.peg.4864.site.144, 5, 133, 138
537012.5.peg.4864.site.145, 1, 133, 134
537012.5.peg.4864.site.146, 13, 133, 146
537012.5.peg.4864.site.147, 9, 134, 143
537012.5.peg.4864.site.148, 2, 133, 135
537012.5.peg.4864.site.149, 4, 132, 136
537012.5.peg.4864.site.150, 12, 133, 145
537012.5.peg.4864.site.151, 7, 132, 139
537012.5.peg.4864.site.152, 4, 131, 135
537012.5.peg.4864.site.153, 4, 131, 135
537012.5.peg.4864.site.154, 11, 130, 141
537012.5.peg.4864.site.155, 11, 132, 143
537012.5.peg.4864.site.156, 10, 134, 144
537012.5.peg.4864.site.157, 4, 131, 135
537012.5.peg.4864.site.158, 3, 131, 134
537012.5.peg.4864.site.159, 34, 130, 164
537012.5.peg.4864.site.160, 7, 128, 135
537012.5.peg.4864.site.161, 5, 127, 132
537012.5.peg.4864.site.162, 3, 128, 131
537012.5.peg.4864.site.163, 24, 125, 149
537012.5.peg.4864.site.164, 86, 124, 210
537012.5.peg.4864.site.165, 8, 122, 130
537012.5.peg.4864.site.166, 7, 126, 133
537012.5.peg.4864.site.167, 1, 126, 127
537012.5.peg.4864.site.168, 4, 126, 130
537012.5.peg.4864.site.169, 87, 130, 217
537012.5.peg.4864.site.170, 9, 129, 138
537012.5.peg.4864.site.171, 4, 124, 128
537012.5.peg.4864.site.172, 49, 122, 171
537012.5.peg.4864.site.173, 1, 124, 125
537012.5.peg.4864.site.174, 4, 124, 128
537012.5.peg.4864.site.175, 115, 127, 242
537012.5.peg.4864.site.176, 4, 130, 134
537012.5.peg.4864.site.177, 5, 132, 137
537012.5.peg.4864.site.178, 3, 134, 137
537012.5.peg.4864.site.179, 1, 134, 135
537012.5.peg.4864.site.180, 5, 131, 136
537012.5.peg.4864.site.181, 9, 131, 140
537012.5.peg.4864.site.182, 1, 133, 134
537012.5.peg.4864.site.183, 1, 133, 134
537012.5.peg.4864.site.184, 8, 130, 138
537012.5.peg.4864.site.185, 8, 129, 137
537012.5.peg.4864.site.186, 2, 130, 132
537012.5.peg.4864.site.187, 3, 131, 134
537012.5.peg.4864.site.188, 0, 131, 131
537012.5.peg.4864.site.189, 5, 130, 135
537012.5.peg.4864.site.190, 12, 133, 145
537012.5.peg.4864.site.191, 1, 134, 135
537012.5.peg.4864.site.192, 1, 134, 135
537012.5.peg.4864.site.193, 4, 132, 136
537012.5.peg.4864.site.194, 10, 132, 142
537012.5.peg.4864.site.195, 1, 134, 135
537012.5.peg.4864.site.196, 0, 133, 133
537012.5.peg.4864.site.197, 104, 131, 235
537012.5.peg.4864.site.198, 9, 130, 139
537012.5.peg.4864.site.199, 2, 134, 136
537012.5.peg.4864.site.200, 7, 134, 141
537012.5.peg.4864.site.201, 1, 134, 135
537012.5.peg.4864.site.202, 3, 131, 134
537012.5.peg.4864.site.203, 78, 128, 206
537012.5.peg.4864.site.204, 85, 132, 217
537012.5.peg.4864.site.205, 1, 128, 129
537012.5.peg.4864.site.206, 7, 129, 136
537012.5.peg.4864.site.207, 1, 131, 132
537012.5.peg.4864.site.208, 3, 131, 134
537012.5.peg.4864.site.209, 6, 127, 133
537012.5.peg.4864.site.210, 7, 127, 134
537012.5.peg.4864.site.211, 2, 134, 136
537012.5.peg.4864.site.212, 13, 134, 147
537012.5.peg.4864.site.213, 5, 134, 139
537012.5.peg.4864.site.214, 1, 134, 135
537012.5.peg.4864.site.215, 10, 133, 143
537012.5.peg.4864.site.216, 2, 133, 135
537012.5.peg.4864.site.217, 24, 134, 158
537012.5.peg.4864.site.218, 1, 134, 135
537012.5.peg.4864.site.219, 1, 134, 135
537012.5.peg.4864.site.220, 12, 133, 145
537012.5.peg.4864.site.221, 29, 133, 162
537012.5.peg.4864.site.222, 1, 133, 134
537012.5.peg.4864.site.223, 5, 133, 138
537012.5.peg.4864.site.224, 28, 131, 159
537012.5.peg.4864.site.225, 7, 134, 141
537012.5.peg.4864.site.226, 14, 131, 145
537012.5.peg.4864.site.227, 1, 128, 129
537012.5.peg.4864.site.228, 3, 124, 127
537012.5.peg.4864.site.229, 3, 126, 129
537012.5.peg.4864.site.230, 1, 126, 127
537012.5.peg.4864.site.231, 3, 124, 127
537012.5.peg.4864.site.232, 1, 122, 123
537012.5.peg.4864.site.233, 10, 122, 132
537012.5.peg.4864.site.234, 1, 122, 123
537012.5.peg.4864.site.235, 2, 122, 124
537012.5.peg.4864.site.236, 4, 125, 129
537012.5.peg.4864.site.237, 0, 124, 124
537012.5.peg.4864.site.238, 2, 129, 131
537012.5.peg.4864.site.239, 0, 129, 129
537012.5.peg.4864.site.240, 2, 134, 136
537012.5.peg.4864.site.241, 10, 131, 141
537012.5.peg.4864.site.242, 6, 133, 139
537012.5.peg.4864.site.243, 0, 131, 131
537012.5.peg.4864.site.244, 1, 131, 132
537012.5.peg.4864.site.245, 6, 125, 131
537012.5.peg.4864.site.246, 1, 128, 129
537012.5.peg.4864.site.247, 3, 131, 134
537012.5.peg.4864.site.248, 2, 131, 133
537012.5.peg.4864.site.249, 4, 132, 136
537012.5.peg.4864.site.250, 1, 132, 133
537012.5.peg.4864.site.251, 12, 130, 142
537012.5.peg.4864.site.252, 10, 130, 140
537012.5.peg.4864.site.253, 5, 130, 135
537012.5.peg.4864.site.254, 12, 129, 141
537012.5.peg.4864.site.255, 2, 131, 133
537012.5.peg.4864.site.256, 1, 131, 132
537012.5.peg.4864.site.257, 1, 133, 134
537012.5.peg.4864.site.258, 6, 132, 138
537012.5.peg.4864.site.259, 1, 133, 134
537012.5.peg.4864.site.260, 5, 132, 137
537012.5.peg.4864.site.261, 41, 132, 173
537012.5.peg.4864.site.262, 81, 132, 213
537012.5.peg.4864.site.263, 4, 132, 136
537012.5.peg.4864.site.264, 2, 131, 133
537012.5.peg.4864.site.265, 19, 130, 149
537012.5.peg.4864.site.266, 18, 130, 148
537012.5.peg.4864.site.267, 10, 133, 143
537012.5.peg.4864.site.268, 21, 133, 154
537012.5.peg.4864.site.269, 6, 134, 140
537012.5.peg.4864.site.270, 1, 134, 135
537012.5.peg.4864.site.271, 1, 132, 133
537012.5.peg.4864.site.272, 7, 133, 140
537012.5.peg.4864.site.273, 2, 134, 136
537012.5.peg.4864.site.274, 1, 132, 133
537012.5.peg.4864.site.275, 1, 133, 134
537012.5.peg.4864.site.276, 1, 134, 135
537012.5.peg.4864.site.277, 4, 132, 136
537012.5.peg.4864.site.278, 0, 132, 132
537012.5.peg.4864.site.279, 0, 132, 132
537012.5.peg.4864.site.280, 4, 132, 136
537012.5.peg.4864.site.281, 10, 132, 142
537012.5.peg.4864.site.282, 11, 132, 143
537012.5.peg.4864.site.283, 7, 133, 140
537012.5.peg.4864.site.284, 10, 133, 143
537012.5.peg.4864.site.285, 80, 131, 211
537012.5.peg.4864.site.286, 10, 132, 142
537012.5.peg.4864.site.287, 9, 130, 139
537012.5.peg.4864.site.288, 1, 132, 133
537012.5.peg.4864.site.289, 3, 132, 135
537012.5.peg.4864.site.290, 10, 132, 142
537012.5.peg.4864.site.291, 7, 134, 141
537012.5.peg.4864.site.292, 5, 133, 138
537012.5.peg.4864.site.293, 10, 134, 144
537012.5.peg.4864.site.294, 6, 133, 139
537012.5.peg.4864.site.295, 36, 132, 168
537012.5.peg.4864.site.296, 11, 132, 143
537012.5.peg.4864.site.297, 3, 134, 137
537012.5.peg.4864.site.298, 3, 134, 137
537012.5.peg.4864.site.299, 4, 132, 136
537012.5.peg.4864.site.300, 1, 134, 135
537012.5.peg.4864.site.301, 4, 132, 136
537012.5.peg.4864.site.302, 11, 133, 144
537012.5.peg.4864.site.303, 2, 134, 136
537012.5.peg.4864.site.304, 4, 133, 137
537012.5.peg.4864.site.305, 4, 132, 136
537012.5.peg.4864.site.306, 4, 133, 137
537012.5.peg.4864.site.307, 4, 132, 136
537012.5.peg.4864.site.308, 3, 133, 136
537012.5.peg.4864.site.309, 6, 134, 140
537012.5.peg.4864.site.310, 4, 132, 136
537012.5.peg.4864.site.311, 49, 133, 182
537012.5.peg.4864.site.312, 7, 134, 141
537012.5.peg.4864.site.313, 1, 131, 132
537012.5.peg.4864.site.314, 4, 132, 136
537012.5.peg.4864.site.315, 2, 133, 135
537012.5.peg.4864.site.316, 2, 131, 133
537012.5.peg.4864.site.317, 0, 132, 132
537012.5.peg.4864.site.318, 0, 129, 129
537012.5.peg.4864.site.319, 7, 129, 136
537012.5.peg.4864.site.320, 1, 130, 131
537012.5.peg.4864.site.321, 128, 130, 258
537012.5.peg.4864.site.322, 1, 130, 131
537012.5.peg.4864.site.323, 1, 126, 127
537012.5.peg.4864.site.324, 2, 127, 129
537012.5.peg.4864.site.325, 3, 128, 131
537012.5.peg.4864.site.326, 4, 125, 129
537012.5.peg.4864.site.327, 92, 131, 223
537012.5.peg.4864.site.328, 3, 129, 132
537012.5.peg.4865.site.1, 19, 131, 150
537012.5.peg.4865.site.2, 5, 128, 133
537012.5.peg.4865.site.3, 4, 129, 133
537012.5.peg.4865.site.4, 21, 129, 150
537012.5.peg.4865.site.5, 55, 128, 183
537012.5.peg.4865.site.6, 35, 129, 164
537012.5.peg.4865.site.7, 1, 129, 130
537012.5.peg.4865.site.8, 1, 129, 130
537012.5.peg.4865.site.9, 55, 128, 183
537012.5.peg.4865.site.10, 65, 128, 193
537012.5.peg.4865.site.11, 0, 128, 128
537012.5.peg.4865.site.12, 1, 129, 130
537012.5.peg.4865.site.13, 66, 129, 195
537012.5.peg.4865.site.14, 128, 130, 258
537012.5.peg.4865.site.15, 1, 130, 131
537012.5.peg.4865.site.16, 4, 130, 134
537012.5.peg.4865.site.17, 0, 130, 130
537012.5.peg.4865.site.18, 50, 130, 180
537012.5.peg.4865.site.19, 56, 128, 184
537012.5.peg.4865.site.20, 6, 129, 135
537012.5.peg.4865.site.21, 1, 131, 132
537012.5.peg.4862.site.1, 1, 79, 80
537012.5.peg.4862.site.2, 2, 82, 84
537012.5.peg.4862.site.3, 3, 78, 81
537012.5.peg.4862.site.4, 65, 76, 141
537012.5.peg.4862.site.5, 12, 77, 89
537012.5.peg.4862.site.6, 2, 77, 79
537012.5.peg.4860.site.1, 4, 120, 124
537012.5.peg.4860.site.2, 1, 110, 111
537012.5.peg.4860.site.3, 4, 90, 94
537012.5.peg.4860.site.4, 3, 90, 93
537012.5.peg.4860.site.5, 2, 89, 91
537012.5.peg.4860.site.6, 1, 98, 99
537012.5.peg.4860.site.7, 19, 104, 123
537012.5.peg.4860.site.8, 7, 108, 115
537012.5.peg.4860.site.9, 2, 106, 108
537012.5.peg.4860.site.10, 1, 101, 102
537012.5.peg.4860.site.11, 38, 95, 133
537012.5.peg.4860.site.12, 1, 93, 94
537012.5.peg.4860.site.13, 0, 90, 90
537012.5.peg.4860.site.14, 1, 89, 90
537012.5.peg.4860.site.15, 2, 90, 92
537012.5.peg.4860.site.16, 34, 88, 122
537012.5.peg.4860.site.17, 28, 89, 117
537012.5.peg.4860.site.18, 2, 90, 92
537012.5.peg.4860.site.19, 2, 90, 92
537012.5.peg.4860.site.20, 20, 88, 108
537012.5.peg.4860.site.21, 12, 84, 96
537012.5.peg.4860.site.22, 8, 78, 86
537012.5.peg.4860.site.23, 2, 75, 77
537012.5.peg.4860.site.24, 32, 75, 107
537012.5.peg.4860.site.25, 28, 75, 103
537012.5.peg.4860.site.26, 1, 79, 80
537012.5.peg.4860.site.27, 7, 78, 85
537012.5.peg.4860.site.28, 2, 87, 89
537012.5.peg.4860.site.29, 23, 86, 109
537012.5.peg.4860.site.30, 2, 86, 88
537012.5.peg.4860.site.31, 11, 88, 99
537012.5.peg.4860.site.32, 2, 86, 88
537012.5.peg.4860.site.33, 1, 84, 85
537012.5.peg.4860.site.34, 4, 82, 86
537012.5.peg.4860.site.35, 1, 81, 82
537012.5.peg.4860.site.36, 52, 76, 128
537012.5.peg.4860.site.37, 3, 82, 85
537012.5.peg.4860.site.38, 21, 84, 105
537012.5.peg.4860.site.39, 3, 89, 92
537012.5.peg.4860.site.40, 2, 84, 86
537012.5.peg.4860.site.41, 14, 80, 94
537012.5.peg.4860.site.42, 1, 80, 81
537012.5.peg.4860.site.43, 11, 81, 92
537012.5.peg.4860.site.44, 18, 73, 91
537012.5.peg.4860.site.45, 5, 79, 84
537012.5.peg.4860.site.46, 1, 94, 95
537012.5.peg.4860.site.47, 43, 100, 143
537012.5.peg.4860.site.48, 8, 102, 110
537012.5.peg.4860.site.49, 6, 107, 113
537012.5.peg.4860.site.50, 8, 108, 116
537012.5.peg.1699.site.1, 3, 125, 128
537012.5.peg.1699.site.2, 3, 126, 129
537012.5.peg.1699.site.3, 1, 126, 127
537012.5.peg.1699.site.4, 18, 126, 144
537012.5.peg.1699.site.5, 3, 126, 129
537012.5.peg.1699.site.6, 2, 126, 128
537012.5.peg.1699.site.7, 18, 126, 144
537012.5.peg.1699.site.8, 19, 126, 145
537012.5.peg.1699.site.9, 8, 125, 133
537012.5.peg.1699.site.10, 25, 125, 150
537012.5.peg.1699.site.11, 3, 125, 128
537012.5.peg.1699.site.12, 3, 125, 128
537012.5.peg.1699.site.13, 40, 125, 165
537012.5.peg.1699.site.14, 7, 127, 134
537012.5.peg.1699.site.15, 4, 126, 130
537012.5.peg.1699.site.16, 3, 126, 129
537012.5.peg.1699.site.17, 0, 126, 126
537012.5.peg.1699.site.18, 27, 124, 151
537012.5.peg.1699.site.19, 6, 125, 131
537012.5.peg.1699.site.20, 0, 124, 124
537012.5.peg.1699.site.21, 42, 126, 168
537012.5.peg.1699.site.22, 1, 124, 125
537012.5.peg.1699.site.23, 3, 124, 127
537012.5.peg.1699.site.24, 1, 125, 126
537012.5.peg.1699.site.25, 9, 124, 133
537012.5.peg.1699.site.26, 3, 125, 128
537012.5.peg.1699.site.27, 3, 124, 127
537012.5.peg.1699.site.28, 14, 124, 138
537012.5.peg.1699.site.29, 51, 123, 174
537012.5.peg.1699.site.30, 26, 125, 151
537012.5.peg.1699.site.31, 2, 125, 127
537012.5.peg.1699.site.32, 82, 126, 208
537012.5.peg.1699.site.33, 1, 126, 127
537012.5.peg.1699.site.34, 3, 126, 129
537012.5.peg.1699.site.35, 5, 126, 131
537012.5.peg.1699.site.36, 0, 126, 126
537012.5.peg.1699.site.37, 1, 126, 127
537012.5.peg.1699.site.38, 2, 126, 128
537012.5.peg.1699.site.39, 14, 126, 140
537012.5.peg.1699.site.40, 3, 127, 130
537012.5.peg.1699.site.41, 50, 126, 176
537012.5.peg.1699.site.42, 19, 126, 145
537012.5.peg.1699.site.43, 1, 125, 126
537012.5.peg.1699.site.44, 32, 125, 157
537012.5.peg.1699.site.45, 2, 126, 128
537012.5.peg.1699.site.46, 2, 125, 127
537012.5.peg.1699.site.47, 13, 126, 139
537012.5.peg.1699.site.48, 3, 126, 129
537012.5.peg.1699.site.49, 119, 126, 245
537012.5.peg.1699.site.50, 3, 126, 129
537012.5.peg.1699.site.51, 3, 126, 129
537012.5.peg.1699.site.52, 3, 126, 129
537012.5.peg.1699.site.53, 3, 126, 129
537012.5.peg.1699.site.54, 88, 126, 214
537012.5.peg.1699.site.55, 12, 126, 138
537012.5.peg.1699.site.56, 3, 126, 129
537012.5.peg.1699.site.57, 9, 125, 134
537012.5.peg.1699.site.58, 28, 125, 153
537012.5.peg.1699.site.59, 2, 125, 127
537012.5.peg.1699.site.60, 2, 125, 127
537012.5.peg.1699.site.61, 62, 124, 186
537012.5.peg.1699.site.62, 87, 123, 210
537012.5.peg.1696.site.1, 133, 134, 267
537012.5.peg.1696.site.2, 7, 134, 141
537012.5.peg.1696.site.3, 5, 134, 139
537012.5.peg.1696.site.4, 4, 134, 138
537012.5.peg.1696.site.5, 3, 134, 137
537012.5.peg.1696.site.6, 8, 134, 142
537012.5.peg.1696.site.7, 1, 134, 135
537012.5.peg.1696.site.8, 4, 132, 136
537012.5.peg.1696.site.9, 3, 134, 137
537012.5.peg.1696.site.10, 1, 134, 135
537012.5.peg.1696.site.11, 32, 134, 166
537012.5.peg.1696.site.12, 1, 134, 135
537012.5.peg.1696.site.13, 14, 132, 146
537012.5.peg.1696.site.14, 1, 134, 135
537012.5.peg.1696.site.15, 5, 134, 139
537012.5.peg.1696.site.16, 61, 133, 194
537012.5.peg.1696.site.17, 21, 134, 155
537012.5.peg.1696.site.18, 3, 134, 137
537012.5.peg.1696.site.19, 3, 133, 136
537012.5.peg.1696.site.20, 3, 133, 136
537012.5.peg.1696.site.21, 59, 134, 193
537012.5.peg.1696.site.22, 4, 133, 137
537012.5.peg.1696.site.23, 1, 133, 134
537012.5.peg.1696.site.24, 5, 132, 137
537012.5.peg.1696.site.25, 5, 132, 137
537012.5.peg.1696.site.26, 8, 129, 137
537012.5.peg.1696.site.27, 3, 130, 133
537012.5.peg.1696.site.28, 2, 129, 131
537012.5.peg.1696.site.29, 5, 128, 133
537012.5.peg.1696.site.30, 8, 131, 139
537012.5.peg.1696.site.31, 34, 130, 164
537012.5.peg.1696.site.32, 1, 132, 133
537012.5.peg.1696.site.33, 11, 132, 143
537012.5.peg.1696.site.34, 6, 133, 139
537012.5.peg.1696.site.35, 4, 134, 138
537012.5.peg.1696.site.36, 7, 134, 141
537012.5.peg.1696.site.37, 27, 131, 158
537012.5.peg.1696.site.38, 7, 134, 141
537012.5.peg.1696.site.39, 4, 134, 138
537012.5.peg.1696.site.40, 2, 134, 136
537012.5.peg.1696.site.41, 2, 132, 134
537012.5.peg.1696.site.42, 3, 133, 136
537012.5.peg.1696.site.43, 2, 134, 136
537012.5.peg.1696.site.44, 0, 132, 132
537012.5.peg.1696.site.45, 2, 129, 131
537012.5.peg.1696.site.46, 3, 130, 133
537012.5.peg.1696.site.47, 5, 130, 135
537012.5.peg.1696.site.48, 1, 132, 133
537012.5.peg.1696.site.49, 2, 132, 134
537012.5.peg.1696.site.50, 101, 132, 233
537012.5.peg.1696.site.51, 3, 132, 135
537012.5.peg.1696.site.52, 5, 132, 137
537012.5.peg.1696.site.53, 48, 131, 179
537012.5.peg.1696.site.54, 6, 131, 137
537012.5.peg.1696.site.55, 3, 134, 137
537012.5.peg.1696.site.56, 2, 133, 135
537012.5.peg.1696.site.57, 3, 133, 136
537012.5.peg.1696.site.58, 3, 134, 137
537012.5.peg.1696.site.59, 3, 134, 137
537012.5.peg.1696.site.60, 3, 134, 137
537012.5.peg.1696.site.61, 10, 133, 143
537012.5.peg.1696.site.62, 0, 131, 131
537012.5.peg.1696.site.63, 4, 133, 137
537012.5.peg.1696.site.64, 3, 134, 137
537012.5.peg.1696.site.65, 27, 132, 159
537012.5.peg.1696.site.66, 18, 132, 150
537012.5.peg.1696.site.67, 1, 134, 135
537012.5.peg.1696.site.68, 1, 134, 135
537012.5.peg.1696.site.69, 4, 134, 138
537012.5.peg.1696.site.70, 1, 134, 135
537012.5.peg.1696.site.71, 2, 134, 136
537012.5.peg.1696.site.72, 3, 134, 137
537012.5.peg.1696.site.73, 2, 134, 136
537012.5.peg.1696.site.74, 20, 134, 154
537012.5.peg.1696.site.75, 3, 134, 137
537012.5.peg.1696.site.76, 8, 132, 140
537012.5.peg.1696.site.77, 7, 134, 141
537012.5.peg.1696.site.78, 5, 132, 137
537012.5.peg.1696.site.79, 3, 133, 136
537012.5.peg.1696.site.80, 0, 131, 131
537012.5.peg.1696.site.81, 0, 134, 134
537012.5.peg.1696.site.82, 9, 134, 143
537012.5.peg.1696.site.83, 3, 134, 137
537012.5.peg.1696.site.84, 1, 134, 135
537012.5.peg.1696.site.85, 4, 134, 138
537012.5.peg.1696.site.86, 11, 132, 143
537012.5.peg.1696.site.87, 2, 134, 136
537012.5.peg.1696.site.88, 1, 134, 135
537012.5.peg.1696.site.89, 7, 134, 141
537012.5.peg.1696.site.90, 2, 134, 136
537012.5.peg.1696.site.91, 0, 132, 132
537012.5.peg.1696.site.92, 4, 132, 136
537012.5.peg.1696.site.93, 2, 134, 136
537012.5.peg.1696.site.94, 3, 133, 136
537012.5.peg.1696.site.95, 3, 134, 137
537012.5.peg.1696.site.96, 1, 134, 135
537012.5.peg.1696.site.97, 61, 132, 193
537012.5.peg.1696.site.98, 6, 134, 140
537012.5.peg.1696.site.99, 7, 134, 141
537012.5.peg.1697.site.1, 2, 117, 119
537012.5.peg.1697.site.2, 3, 125, 128
537012.5.peg.1697.site.3, 3, 123, 126
537012.5.peg.1697.site.4, 0, 124, 124
537012.5.peg.1697.site.5, 1, 124, 125
537012.5.peg.1697.site.6, 2, 122, 124
537012.5.peg.1697.site.7, 0, 123, 123
537012.5.peg.1694.site.1, 6, 133, 139
537012.5.peg.1694.site.2, 0, 134, 134
537012.5.peg.1694.site.3, 92, 134, 226
537012.5.peg.1694.site.4, 1, 134, 135
537012.5.peg.1694.site.5, 6, 134, 140
537012.5.peg.1694.site.6, 32, 134, 166
537012.5.peg.1694.site.7, 6, 134, 140
537012.5.peg.1694.site.8, 1, 134, 135
537012.5.peg.1694.site.9, 0, 132, 132
537012.5.peg.1694.site.10, 6, 134, 140
537012.5.peg.1694.site.11, 10, 132, 142
537012.5.peg.1694.site.12, 3, 132, 135
537012.5.peg.1694.site.13, 3, 132, 135
537012.5.peg.1694.site.14, 1, 129, 130
537012.5.peg.1694.site.15, 8, 130, 138
537012.5.peg.1694.site.16, 4, 133, 137
537012.5.peg.1694.site.17, 10, 131, 141
537012.5.peg.1694.site.18, 1, 134, 135
537012.5.peg.1694.site.19, 113, 132, 245
537012.5.peg.1694.site.20, 14, 134, 148
537012.5.peg.1694.site.21, 23, 134, 157
537012.5.peg.1694.site.22, 3, 134, 137
537012.5.peg.1694.site.23, 5, 134, 139
537012.5.peg.1694.site.24, 3, 132, 135
537012.5.peg.1694.site.25, 3, 134, 137
537012.5.peg.1694.site.26, 4, 134, 138
537012.5.peg.1694.site.27, 1, 134, 135
537012.5.peg.1694.site.28, 1, 134, 135
537012.5.peg.1694.site.29, 7, 134, 141
537012.5.peg.1694.site.30, 7, 134, 141
537012.5.peg.1694.site.31, 11, 132, 143
537012.5.peg.1694.site.32, 27, 133, 160
537012.5.peg.1694.site.33, 11, 132, 143
537012.5.peg.1694.site.34, 8, 134, 142
537012.5.peg.1694.site.35, 3, 134, 137
537012.5.peg.1694.site.36, 7, 134, 141
537012.5.peg.1694.site.37, 2, 134, 136
537012.5.peg.1694.site.38, 5, 133, 138
537012.5.peg.1694.site.39, 3, 134, 137
537012.5.peg.1694.site.40, 1, 134, 135
537012.5.peg.1694.site.41, 1, 134, 135
537012.5.peg.1694.site.42, 12, 133, 145
537012.5.peg.1694.site.43, 6, 134, 140
537012.5.peg.1694.site.44, 6, 133, 139
537012.5.peg.1694.site.45, 6, 133, 139
537012.5.peg.1694.site.46, 7, 134, 141
537012.5.peg.1694.site.47, 35, 131, 166
537012.5.peg.1694.site.48, 6, 134, 140
537012.5.peg.1694.site.49, 5, 133, 138
537012.5.peg.1694.site.50, 1, 134, 135
537012.5.peg.1694.site.51, 1, 134, 135
537012.5.peg.1694.site.52, 6, 134, 140
537012.5.peg.1694.site.53, 90, 133, 223
537012.5.peg.1694.site.54, 4, 132, 136
537012.5.peg.1694.site.55, 11, 128, 139
537012.5.peg.1694.site.56, 12, 128, 140
537012.5.peg.1694.site.57, 1, 128, 129
537012.5.peg.1694.site.58, 1, 127, 128
537012.5.peg.1694.site.59, 1, 128, 129
537012.5.peg.1694.site.60, 5, 126, 131
537012.5.peg.1694.site.61, 2, 127, 129
537012.5.peg.1694.site.62, 4, 130, 134
537012.5.peg.1694.site.63, 5, 128, 133
537012.5.peg.1695.site.1, 3, 130, 133
537012.5.peg.1695.site.2, 6, 131, 137
537012.5.peg.1695.site.3, 7, 133, 140
537012.5.peg.1695.site.4, 18, 133, 151
537012.5.peg.1695.site.5, 11, 134, 145
537012.5.peg.1695.site.6, 0, 134, 134
537012.5.peg.1695.site.7, 7, 134, 141
537012.5.peg.1695.site.8, 6, 132, 138
537012.5.peg.1695.site.9, 7, 133, 140
537012.5.peg.1695.site.10, 0, 131, 131
537012.5.peg.1695.site.11, 0, 131, 131
537012.5.peg.1695.site.12, 1, 134, 135
537012.5.peg.1695.site.13, 4, 132, 136
537012.5.peg.1695.site.14, 3, 130, 133
537012.5.peg.1695.site.15, 32, 130, 162
537012.5.peg.1695.site.16, 6, 133, 139
537012.5.peg.1695.site.17, 3, 130, 133
537012.5.peg.1695.site.18, 7, 129, 136
537012.5.peg.1695.site.19, 1, 132, 133
537012.5.peg.1695.site.20, 1, 132, 133
537012.5.peg.1695.site.21, 34, 132, 166
537012.5.peg.1695.site.22, 2, 132, 134
537012.5.peg.1695.site.23, 54, 132, 186
537012.5.peg.1695.site.24, 1, 133, 134
537012.5.peg.1695.site.25, 2, 133, 135
537012.5.peg.1695.site.26, 0, 134, 134
537012.5.peg.1695.site.27, 8, 134, 142
537012.5.peg.1695.site.28, 6, 132, 138
537012.5.peg.1695.site.29, 0, 134, 134
537012.5.peg.1695.site.30, 3, 132, 135
537012.5.peg.1695.site.31, 5, 134, 139
537012.5.peg.1695.site.32, 2, 133, 135
537012.5.peg.1695.site.33, 1, 134, 135
537012.5.peg.1695.site.34, 26, 133, 159
537012.5.peg.1695.site.35, 13, 134, 147
537012.5.peg.1695.site.36, 2, 134, 136
537012.5.peg.1695.site.37, 2, 134, 136
537012.5.peg.1695.site.38, 2, 134, 136
537012.5.peg.1695.site.39, 1, 134, 135
537012.5.peg.1695.site.40, 5, 134, 139
537012.5.peg.1695.site.41, 1, 134, 135
537012.5.peg.1695.site.42, 3, 132, 135
537012.5.peg.1695.site.43, 119, 133, 252
537012.5.peg.1695.site.44, 1, 134, 135
537012.5.peg.1695.site.45, 72, 132, 204
537012.5.peg.1695.site.46, 5, 134, 139
537012.5.peg.1695.site.47, 7, 134, 141
537012.5.peg.1695.site.48, 6, 133, 139
537012.5.peg.1695.site.49, 3, 131, 134
537012.5.peg.1695.site.50, 6, 131, 137
537012.5.peg.1695.site.51, 1, 134, 135
537012.5.peg.1695.site.52, 7, 134, 141
537012.5.peg.1695.site.53, 20, 67, 87
537012.5.peg.1695.site.54, 6, 132, 138
537012.5.peg.1695.site.55, 17, 131, 148
537012.5.peg.1695.site.56, 10, 131, 141
537012.5.peg.1695.site.57, 10, 133, 143
537012.5.peg.1695.site.58, 1, 134, 135
537012.5.peg.1695.site.59, 4, 133, 137
537012.5.peg.1695.site.60, 0, 133, 133
537012.5.peg.1695.site.61, 2, 134, 136
537012.5.peg.1695.site.62, 11, 132, 143
537012.5.peg.1695.site.63, 85, 132, 217
537012.5.peg.1695.site.64, 24, 134, 158
537012.5.peg.1695.site.65, 20, 134, 154
537012.5.peg.1695.site.66, 10, 133, 143
537012.5.peg.1695.site.67, 2, 134, 136
537012.5.peg.1695.site.68, 2, 134, 136
537012.5.peg.1695.site.69, 3, 134, 137
537012.5.peg.1695.site.70, 2, 133, 135
537012.5.peg.1695.site.71, 7, 133, 140
537012.5.peg.1695.site.72, 3, 133, 136
537012.5.peg.1695.site.73, 5, 130, 135
537012.5.peg.1695.site.74, 18, 131, 149
537012.5.peg.1695.site.75, 8, 131, 139
537012.5.peg.1695.site.76, 6, 134, 140
537012.5.peg.1695.site.77, 3, 133, 136
537012.5.peg.1695.site.78, 2, 132, 134
537012.5.peg.1695.site.79, 12, 132, 144
537012.5.peg.1695.site.80, 3, 133, 136
537012.5.peg.1695.site.81, 2, 134, 136
537012.5.peg.1695.site.82, 14, 134, 148
537012.5.peg.1695.site.83, 4, 133, 137
537012.5.peg.1695.site.84, 1, 134, 135
537012.5.peg.1695.site.85, 2, 134, 136
537012.5.peg.1695.site.86, 8, 132, 140
537012.5.peg.1695.site.87, 11, 132, 143
537012.5.peg.1695.site.88, 2, 134, 136
537012.5.peg.1695.site.89, 11, 131, 142
537012.5.peg.1695.site.90, 0, 131, 131
537012.5.peg.1695.site.91, 1, 131, 132
537012.5.peg.1695.site.92, 5, 130, 135
537012.5.peg.1695.site.93, 9, 131, 140
537012.5.peg.1695.site.94, 4, 131, 135
537012.5.peg.1695.site.95, 1, 132, 133
537012.5.peg.1695.site.96, 2, 133, 135
537012.5.peg.1695.site.97, 2, 134, 136
537012.5.peg.1695.site.98, 3, 134, 137
537012.5.peg.1695.site.99, 0, 133, 133
537012.5.peg.1695.site.100, 2, 134, 136
537012.5.peg.1695.site.101, 18, 134, 152
537012.5.peg.1695.site.102, 20, 133, 153
537012.5.peg.1695.site.103, 0, 132, 132
537012.5.peg.1695.site.104, 2, 134, 136
537012.5.peg.1695.site.105, 4, 134, 138
537012.5.peg.1695.site.106, 5, 134, 139
537012.5.peg.1695.site.107, 4, 134, 138
537012.5.peg.1695.site.108, 2, 134, 136
537012.5.peg.1695.site.109, 46, 132, 178
537012.5.peg.1695.site.110, 112, 132, 244
537012.5.peg.1695.site.111, 1, 134, 135
537012.5.peg.1695.site.112, 0, 132, 132
537012.5.peg.1695.site.113, 30, 133, 163
537012.5.peg.1695.site.114, 6, 132, 138
537012.5.peg.1695.site.115, 3, 133, 136
537012.5.peg.1695.site.116, 2, 132, 134
537012.5.peg.1695.site.117, 11, 133, 144
537012.5.peg.1695.site.118, 3, 133, 136
537012.5.peg.1695.site.119, 7, 134, 141
537012.5.peg.1692.site.1, 1, 117, 118
537012.5.peg.1692.site.2, 1, 125, 126
537012.5.peg.1692.site.3, 1, 124, 125
537012.5.peg.1692.site.4, 16, 124, 140
537012.5.peg.1692.site.5, 0, 123, 123
537012.5.peg.1692.site.6, 0, 122, 122
537012.5.peg.1692.site.7, 43, 121, 164
537012.5.peg.1692.site.8, 0, 121, 121
537012.5.peg.1692.site.9, 0, 111, 111
537012.5.peg.1692.site.10, 0, 120, 120
537012.5.peg.1692.site.11, 31, 104, 135
537012.5.peg.1692.site.12, 16, 102, 118
537012.5.peg.1768.site.1, 0, 126, 126
537012.5.peg.1768.site.2, 1, 128, 129
537012.5.peg.1768.site.3, 4, 126, 130
537012.5.peg.1768.site.4, 5, 127, 132
537012.5.peg.1768.site.5, 2, 129, 131
537012.5.peg.1768.site.6, 3, 131, 134
537012.5.peg.1768.site.7, 14, 131, 145
537012.5.peg.1768.site.8, 9, 127, 136
537012.5.peg.1768.site.9, 3, 131, 134
537012.5.peg.1768.site.10, 3, 131, 134
537012.5.peg.1768.site.11, 1, 127, 128
537012.5.peg.1768.site.12, 1, 124, 125
537012.5.peg.1768.site.13, 1, 123, 124
537012.5.peg.1768.site.14, 0, 123, 123
537012.5.peg.1768.site.15, 0, 121, 121
537012.5.peg.1768.site.16, 0, 122, 122
537012.5.peg.1768.site.17, 1, 123, 124
537012.5.peg.1768.site.18, 1, 122, 123
537012.5.peg.1768.site.19, 23, 121, 144
537012.5.peg.1768.site.20, 0, 120, 120
537012.5.peg.1768.site.21, 36, 121, 157
537012.5.peg.1768.site.22, 4, 119, 123
537012.5.peg.1768.site.23, 1, 118, 119
537012.5.peg.1768.site.24, 63, 115, 178
537012.5.peg.1768.site.25, 0, 112, 112
537012.5.peg.1768.site.26, 1, 113, 114
537012.5.peg.1768.site.27, 10, 90, 100
537012.5.peg.1768.site.28, 0, 87, 87
537012.5.peg.1768.site.29, 1, 76, 77
537012.5.peg.1768.site.30, 48, 69, 117
537012.5.peg.1768.site.31, 45, 77, 122
537012.5.peg.1768.site.32, 34, 76, 110
537012.5.peg.1768.site.33, 0, 78, 78
537012.5.peg.1768.site.34, 20, 94, 114
537012.5.peg.1768.site.35, 0, 95, 95
537012.5.peg.1768.site.36, 0, 99, 99
537012.5.peg.1768.site.37, 1, 105, 106
537012.5.peg.1768.site.38, 2, 101, 103
537012.5.peg.1768.site.39, 3, 103, 106
537012.5.peg.1768.site.40, 3, 108, 111
537012.5.peg.1768.site.41, 1, 105, 106
537012.5.peg.1768.site.42, 1, 105, 106
537012.5.peg.1768.site.43, 0, 99, 99
537012.5.peg.1768.site.44, 1, 99, 100
537012.5.peg.1768.site.45, 1, 108, 109
537012.5.peg.1768.site.46, 0, 114, 114
537012.5.peg.1768.site.47, 16, 114, 130
537012.5.peg.1768.site.48, 2, 112, 114
537012.5.peg.4351.site.1, 4, 92, 96
537012.5.peg.4351.site.2, 3, 89, 92
537012.5.peg.4351.site.3, 6, 90, 96
537012.5.peg.4351.site.4, 1, 96, 97
537012.5.peg.4351.site.5, 14, 98, 112
537012.5.peg.4351.site.6, 0, 100, 100
537012.5.peg.4351.site.7, 3, 101, 104
537012.5.peg.4351.site.8, 5, 98, 103
537012.5.peg.4351.site.9, 0, 103, 103
537012.5.peg.1762.site.1, 1, 115, 116
537012.5.peg.1762.site.2, 14, 114, 128
537012.5.peg.1762.site.3, 5, 100, 105
537012.5.peg.1762.site.4, 2, 93, 95
537012.5.peg.1762.site.5, 4, 91, 95
537012.5.peg.1762.site.6, 1, 90, 91
537012.5.peg.1762.site.7, 2, 85, 87
537012.5.peg.1762.site.8, 2, 92, 94
537012.5.peg.1762.site.9, 1, 111, 112
537012.5.peg.1762.site.10, 1, 112, 113
537012.5.peg.1762.site.11, 2, 118, 120
537012.5.peg.1762.site.12, 0, 110, 110
537012.5.peg.1762.site.13, 25, 105, 130
537012.5.peg.1762.site.14, 4, 104, 108
537012.5.peg.1762.site.15, 3, 105, 108
537012.5.peg.1762.site.16, 20, 102, 122
537012.5.peg.1762.site.17, 5, 104, 109
537012.5.peg.1762.site.18, 5, 109, 114
537012.5.peg.1762.site.19, 3, 108, 111
537012.5.peg.1762.site.20, 7, 105, 112
537012.5.peg.1762.site.21, 3, 107, 110
537012.5.peg.1762.site.22, 6, 103, 109
537012.5.peg.1762.site.23, 22, 102, 124
537012.5.peg.1762.site.24, 0, 99, 99
537012.5.peg.1762.site.25, 45, 97, 142
537012.5.peg.1762.site.26, 1, 96, 97
537012.5.peg.1762.site.27, 20, 95, 115
537012.5.peg.1762.site.28, 5, 109, 114
537012.5.peg.1762.site.29, 2, 110, 112
537012.5.peg.1762.site.30, 4, 106, 110
537012.5.peg.1762.site.31, 1, 107, 108
537012.5.peg.1762.site.32, 31, 97, 128
537012.5.peg.1762.site.33, 12, 94, 106
537012.5.peg.1762.site.34, 1, 89, 90
537012.5.peg.1762.site.35, 1, 84, 85
537012.5.peg.1762.site.36, 9, 82, 91
537012.5.peg.1762.site.37, 1, 81, 82
537012.5.peg.1762.site.38, 3, 80, 83
537012.5.peg.1762.site.39, 69, 80, 149
537012.5.peg.1762.site.40, 1, 85, 86
537012.5.peg.1762.site.41, 37, 86, 123
537012.5.peg.1762.site.42, 63, 89, 152
537012.5.peg.1762.site.43, 3, 88, 91
537012.5.peg.1762.site.44, 2, 91, 93
537012.5.peg.1762.site.45, 2, 93, 95
537012.5.peg.1762.site.46, 0, 95, 95
537012.5.peg.1762.site.47, 1, 97, 98
537012.5.peg.1762.site.48, 1, 95, 96
537012.5.peg.1762.site.49, 1, 93, 94
537012.5.peg.1762.site.50, 1, 91, 92
537012.5.peg.1762.site.51, 1, 90, 91
537012.5.peg.1762.site.52, 3, 111, 114
537012.5.peg.1762.site.53, 16, 129, 145
537012.5.peg.1762.site.54, 5, 129, 134
537012.5.peg.1762.site.55, 0, 127, 127
537012.5.peg.1762.site.56, 1, 129, 130
537012.5.peg.1762.site.57, 0, 129, 129
537012.5.peg.1762.site.58, 17, 130, 147
537012.5.peg.1762.site.59, 2, 128, 130
537012.5.peg.1762.site.60, 10, 130, 140
537012.5.peg.1762.site.61, 4, 130, 134
537012.5.peg.1762.site.62, 0, 122, 122
537012.5.peg.1762.site.63, 4, 120, 124
537012.5.peg.1762.site.64, 5, 116, 121
537012.5.peg.1762.site.65, 6, 125, 131
537012.5.peg.1762.site.66, 0, 125, 125
537012.5.peg.1762.site.67, 5, 125, 130
537012.5.peg.1762.site.68, 3, 122, 125
537012.5.peg.1762.site.69, 3, 121, 124
537012.5.peg.1762.site.70, 0, 114, 114
537012.5.peg.1762.site.71, 1, 115, 116
537012.5.peg.1762.site.72, 5, 123, 128
537012.5.peg.1762.site.73, 9, 125, 134
537012.5.peg.1762.site.74, 21, 122, 143
537012.5.peg.1762.site.75, 1, 120, 121
537012.5.peg.1762.site.76, 13, 116, 129
537012.5.peg.1762.site.77, 19, 102, 121
537012.5.peg.1762.site.78, 20, 104, 124
537012.5.peg.1762.site.79, 29, 100, 129
537012.5.peg.1762.site.80, 3, 103, 106
537012.5.peg.1762.site.81, 8, 102, 110
537012.5.peg.1762.site.82, 25, 102, 127
537012.5.peg.1762.site.83, 2, 102, 104
537012.5.peg.1762.site.84, 2, 100, 102
537012.5.peg.1762.site.85, 6, 102, 108
537012.5.peg.1762.site.86, 2, 119, 121
537012.5.peg.1762.site.87, 0, 122, 122
537012.5.peg.1762.site.88, 3, 125, 128
537012.5.peg.1762.site.89, 0, 127, 127
537012.5.peg.1762.site.90, 3, 129, 132
537012.5.peg.1762.site.91, 4, 127, 131
537012.5.peg.1762.site.92, 123, 125, 248
537012.5.peg.1762.site.93, 84, 124, 208
537012.5.peg.1760.site.1, 22, 122, 144
537012.5.peg.1760.site.2, 7, 123, 130
537012.5.peg.1760.site.3, 46, 130, 176
537012.5.peg.1760.site.4, 2, 129, 131
537012.5.peg.1760.site.5, 0, 129, 129
537012.5.peg.1760.site.6, 3, 126, 129
537012.5.peg.1760.site.7, 2, 127, 129
537012.5.peg.1760.site.8, 11, 125, 136
537012.5.peg.1760.site.9, 7, 125, 132
537012.5.peg.1760.site.10, 2, 123, 125
537012.5.peg.1760.site.11, 25, 123, 148
537012.5.peg.1760.site.12, 1, 122, 123
537012.5.peg.1760.site.13, 1, 121, 122
537012.5.peg.1760.site.14, 22, 122, 144
537012.5.peg.1760.site.15, 6, 126, 132
537012.5.peg.1760.site.16, 3, 124, 127
537012.5.peg.1760.site.17, 0, 127, 127
537012.5.peg.1760.site.18, 6, 127, 133
537012.5.peg.1760.site.19, 2, 129, 131
537012.5.peg.1760.site.20, 21, 128, 149
537012.5.peg.1760.site.21, 4, 128, 132
537012.5.peg.1760.site.22, 1, 128, 129
537012.5.peg.1760.site.23, 2, 125, 127
537012.5.peg.1760.site.24, 72, 125, 197
537012.5.peg.1760.site.25, 20, 126, 146
537012.5.peg.1760.site.26, 0, 126, 126
537012.5.peg.1760.site.27, 5, 126, 131
537012.5.peg.1760.site.28, 8, 125, 133
537012.5.peg.1760.site.29, 2, 126, 128
537012.5.peg.1760.site.30, 27, 127, 154
537012.5.peg.1760.site.31, 1, 126, 127
537012.5.peg.1760.site.32, 3, 126, 129
537012.5.peg.1760.site.33, 0, 127, 127
537012.5.peg.1760.site.34, 3, 125, 128
537012.5.peg.1760.site.35, 3, 124, 127
537012.5.peg.1760.site.36, 14, 127, 141
537012.5.peg.1760.site.37, 4, 126, 130
537012.5.peg.1760.site.38, 2, 127, 129
537012.5.peg.1760.site.39, 3, 127, 130
537012.5.peg.1760.site.40, 1, 120, 121
537012.5.peg.1760.site.41, 10, 116, 126
537012.5.peg.1760.site.42, 11, 116, 127
537012.5.peg.1760.site.43, 1, 115, 116
537012.5.peg.1760.site.44, 18, 119, 137
537012.5.peg.1760.site.45, 0, 111, 111
537012.5.peg.1760.site.46, 7, 113, 120
537012.5.peg.1760.site.47, 7, 113, 120
537012.5.peg.1760.site.48, 77, 108, 185
537012.5.peg.1760.site.49, 56, 107, 163
537012.5.peg.1760.site.50, 7, 94, 101
537012.5.peg.1760.site.51, 1, 92, 93
537012.5.peg.1760.site.52, 7, 94, 101
537012.5.peg.1760.site.53, 54, 85, 139
537012.5.peg.1760.site.54, 48, 86, 134
537012.5.peg.1760.site.55, 7, 88, 95
537012.5.peg.1760.site.56, 2, 87, 89
537012.5.peg.1760.site.57, 3, 95, 98
537012.5.peg.1760.site.58, 2, 91, 93
537012.5.peg.1760.site.59, 2, 90, 92
537012.5.peg.1760.site.60, 18, 89, 107
537012.5.peg.1760.site.61, 2, 90, 92
537012.5.peg.1760.site.62, 40, 87, 127
537012.5.peg.1760.site.63, 8, 89, 97
537012.5.peg.1760.site.64, 14, 90, 104
537012.5.peg.1760.site.65, 17, 91, 108
537012.5.peg.1760.site.66, 18, 93, 111
537012.5.peg.1760.site.67, 1, 90, 91
537012.5.peg.1760.site.68, 28, 90, 118
537012.5.peg.1760.site.69, 6, 90, 96
537012.5.peg.1760.site.70, 4, 91, 95
537012.5.peg.1760.site.71, 3, 99, 102
537012.5.peg.1760.site.72, 1, 104, 105
537012.5.peg.1760.site.73, 6, 103, 109
537012.5.peg.1760.site.74, 5, 104, 109
537012.5.peg.1766.site.1, 0, 128, 128
537012.5.peg.1766.site.2, 21, 126, 147
537012.5.peg.1766.site.3, 0, 127, 127
537012.5.peg.1766.site.4, 5, 124, 129
537012.5.peg.1766.site.5, 3, 125, 128
537012.5.peg.1766.site.6, 4, 123, 127
537012.5.peg.1766.site.7, 0, 126, 126
537012.5.peg.1766.site.8, 1, 127, 128
537012.5.peg.1766.site.9, 2, 124, 126
537012.5.peg.1766.site.10, 2, 123, 125
537012.5.peg.1766.site.11, 1, 127, 128
537012.5.peg.1766.site.12, 49, 123, 172
537012.5.peg.1766.site.13, 2, 124, 126
537012.5.peg.1766.site.14, 2, 124, 126
537012.5.peg.1766.site.15, 4, 127, 131
537012.5.peg.1766.site.16, 0, 127, 127
537012.5.peg.1766.site.17, 4, 126, 130
537012.5.peg.1766.site.18, 0, 128, 128
537012.5.peg.1766.site.19, 7, 129, 136
537012.5.peg.1766.site.20, 8, 129, 137
537012.5.peg.1766.site.21, 5, 127, 132
537012.5.peg.1766.site.22, 70, 127, 197
537012.5.peg.1766.site.23, 4, 126, 130
537012.5.peg.1766.site.24, 5, 127, 132
537012.5.peg.1766.site.25, 31, 129, 160
537012.5.peg.1766.site.26, 3, 130, 133
537012.5.peg.1766.site.27, 1, 129, 130
537012.5.peg.1766.site.28, 1, 128, 129
537012.5.peg.1766.site.29, 5, 129, 134
537012.5.peg.1766.site.30, 63, 128, 191
537012.5.peg.1766.site.31, 7, 128, 135
537012.5.peg.1766.site.32, 111, 127, 238
537012.5.peg.1766.site.33, 40, 128, 168
537012.5.peg.1766.site.34, 0, 129, 129
537012.5.peg.1766.site.35, 4, 126, 130
537012.5.peg.1766.site.36, 40, 127, 167
537012.5.peg.1766.site.37, 6, 128, 134
537012.5.peg.1766.site.38, 1, 128, 129
537012.5.peg.1766.site.39, 25, 127, 152
537012.5.peg.1766.site.40, 1, 128, 129
537012.5.peg.1766.site.41, 5, 125, 130
537012.5.peg.1766.site.42, 0, 127, 127
537012.5.peg.1766.site.43, 0, 127, 127
537012.5.peg.1766.site.44, 63, 121, 184
537012.5.peg.1766.site.45, 4, 126, 130
537012.5.peg.1766.site.46, 35, 125, 160
537012.5.peg.1766.site.47, 4, 126, 130
537012.5.peg.1766.site.48, 5, 125, 130
537012.5.peg.1766.site.49, 27, 127, 154
537012.5.peg.1766.site.50, 5, 124, 129
537012.5.peg.1766.site.51, 0, 127, 127
537012.5.peg.1766.site.52, 0, 127, 127
537012.5.peg.1766.site.53, 33, 126, 159
537012.5.peg.1766.site.54, 5, 126, 131
537012.5.peg.1766.site.55, 6, 126, 132
537012.5.peg.1766.site.56, 3, 126, 129
537012.5.peg.1767.site.1, 4, 124, 128
537012.5.peg.1767.site.2, 4, 125, 129
537012.5.peg.1767.site.3, 21, 125, 146
537012.5.peg.1767.site.4, 2, 124, 126
537012.5.peg.1767.site.5, 4, 125, 129
537012.5.peg.1767.site.6, 120, 127, 247
537012.5.peg.1767.site.7, 0, 127, 127
537012.5.peg.1767.site.8, 47, 125, 172
537012.5.peg.1767.site.9, 2, 127, 129
537012.5.peg.1767.site.10, 0, 125, 125
537012.5.peg.1767.site.11, 109, 124, 233
537012.5.peg.1767.site.12, 2, 124, 126
537012.5.peg.1767.site.13, 1, 127, 128
537012.5.peg.1767.site.14, 2, 125, 127
537012.5.peg.1767.site.15, 0, 126, 126
537012.5.peg.1767.site.16, 41, 126, 167
537012.5.peg.1767.site.17, 41, 127, 168
537012.5.peg.1767.site.18, 3, 125, 128
537012.5.peg.1767.site.19, 114, 128, 242
537012.5.peg.1767.site.20, 108, 128, 236
537012.5.peg.1767.site.21, 2, 124, 126
537012.5.peg.1767.site.22, 3, 125, 128
537012.5.peg.1767.site.23, 1, 125, 126
537012.5.peg.1767.site.24, 3, 125, 128
537012.5.peg.1767.site.25, 0, 127, 127
537012.5.peg.1767.site.26, 3, 124, 127
537012.5.peg.1767.site.27, 49, 127, 176
537012.5.peg.1767.site.28, 4, 125, 129
537012.5.peg.1767.site.29, 1, 126, 127
537012.5.peg.1767.site.30, 4, 126, 130
537012.5.peg.1767.site.31, 1, 128, 129
537012.5.peg.1767.site.32, 0, 128, 128
537012.5.peg.1767.site.33, 0, 127, 127
537012.5.peg.1767.site.34, 1, 128, 129
537012.5.peg.1767.site.35, 2, 126, 128
537012.5.peg.1767.site.36, 1, 128, 129
537012.5.peg.1767.site.37, 1, 127, 128
537012.5.peg.1767.site.38, 3, 128, 131
537012.5.peg.1767.site.39, 81, 126, 207
537012.5.peg.1767.site.40, 5, 128, 133
537012.5.peg.1767.site.41, 7, 128, 135
537012.5.peg.1767.site.42, 27, 127, 154
537012.5.peg.1767.site.43, 1, 129, 130
537012.5.peg.1767.site.44, 4, 127, 131
537012.5.peg.1767.site.45, 1, 129, 130
537012.5.peg.1767.site.46, 4, 127, 131
537012.5.peg.1767.site.47, 32, 126, 158
537012.5.peg.1767.site.48, 1, 128, 129
537012.5.peg.1767.site.49, 6, 128, 134
537012.5.peg.1767.site.50, 3, 127, 130
537012.5.peg.1767.site.51, 3, 124, 127
537012.5.peg.1767.site.52, 1, 124, 125
537012.5.peg.1767.site.53, 0, 127, 127
537012.5.peg.1767.site.54, 57, 128, 185
537012.5.peg.1767.site.55, 1, 128, 129
537012.5.peg.1767.site.56, 0, 127, 127
537012.5.peg.1767.site.57, 4, 126, 130
537012.5.peg.1767.site.58, 4, 126, 130
537012.5.peg.1767.site.59, 4, 126, 130
537012.5.peg.1767.site.60, 4, 126, 130
537012.5.peg.1767.site.61, 1, 128, 129
537012.5.peg.1767.site.62, 1, 126, 127
537012.5.peg.1767.site.63, 0, 126, 126
537012.5.peg.1767.site.64, 0, 127, 127
537012.5.peg.1767.site.65, 1, 128, 129
537012.5.peg.1767.site.66, 0, 125, 125
537012.5.peg.1767.site.67, 4, 127, 131
537012.5.peg.1767.site.68, 6, 125, 131
537012.5.peg.1767.site.69, 4, 128, 132
537012.5.peg.1765.site.1, 0, 122, 122
537012.5.peg.1765.site.2, 49, 122, 171
537012.5.peg.1765.site.3, 30, 121, 151
537012.5.peg.1765.site.4, 2, 123, 125
537012.5.peg.1765.site.5, 3, 127, 130
537012.5.peg.1765.site.6, 1, 127, 128
537012.5.peg.1765.site.7, 5, 125, 130
537012.5.peg.1765.site.8, 5, 125, 130
537012.5.peg.1765.site.9, 8, 128, 136
537012.5.peg.1765.site.10, 4, 126, 130
537012.5.peg.1765.site.11, 1, 128, 129
537012.5.peg.1765.site.12, 5, 126, 131
537012.5.peg.1765.site.13, 70, 125, 195
537012.5.peg.1765.site.14, 23, 123, 146
537012.5.peg.1765.site.15, 85, 123, 208
537012.5.peg.1765.site.16, 84, 124, 208
537012.5.peg.1765.site.17, 4, 125, 129
537012.5.peg.1765.site.18, 4, 127, 131
537012.5.peg.1765.site.19, 10, 127, 137
537012.5.peg.1765.site.20, 111, 124, 235
537012.5.peg.1765.site.21, 6, 127, 133
537012.5.peg.1765.site.22, 41, 128, 169
537012.5.peg.1765.site.23, 5, 125, 130
537012.5.peg.1765.site.24, 7, 133, 140
537012.5.peg.1765.site.25, 0, 132, 132
537012.5.peg.1765.site.26, 5, 131, 136
537012.5.peg.1765.site.27, 1, 130, 131
537012.5.peg.1765.site.28, 1, 129, 130
537012.5.peg.1765.site.29, 24, 129, 153
537012.5.peg.1765.site.30, 55, 126, 181
537012.5.peg.1765.site.31, 0, 127, 127
537012.5.peg.1765.site.32, 5, 125, 130
537012.5.peg.1765.site.33, 3, 127, 130
537012.5.peg.1765.site.34, 9, 130, 139
537012.5.peg.1765.site.35, 1, 130, 131
537012.5.peg.1765.site.36, 2, 129, 131
537012.5.peg.1765.site.37, 3, 127, 130
537012.5.peg.1765.site.38, 3, 126, 129
537012.5.peg.1765.site.39, 4, 126, 130
537012.5.peg.1765.site.40, 5, 124, 129
537012.5.peg.1765.site.41, 6, 127, 133
537012.5.peg.1765.site.42, 27, 126, 153
537012.5.peg.1765.site.43, 0, 125, 125
537012.5.peg.1765.site.44, 4, 122, 126
537012.5.peg.1765.site.45, 109, 124, 233
537012.5.peg.1765.site.46, 11, 127, 138
537012.5.peg.1765.site.47, 1, 127, 128
537012.5.peg.1765.site.48, 3, 129, 132
537012.5.peg.1765.site.49, 14, 131, 145
537012.5.peg.1765.site.50, 11, 129, 140
537012.5.peg.1765.site.51, 1, 132, 133
537012.5.peg.1765.site.52, 11, 131, 142
537012.5.peg.1765.site.53, 11, 130, 141
537012.5.peg.1765.site.54, 10, 128, 138
537012.5.peg.1765.site.55, 9, 129, 138
537012.5.peg.1765.site.56, 40, 130, 170
537012.5.peg.1765.site.57, 30, 132, 162
537012.5.peg.1765.site.58, 1, 127, 128
537012.5.peg.1765.site.59, 1, 127, 128
537012.5.peg.1765.site.60, 4, 129, 133
537012.5.peg.1765.site.61, 4, 129, 133
537012.5.peg.1765.site.62, 4, 128, 132
537012.5.peg.1765.site.63, 10, 130, 140
537012.5.peg.1765.site.64, 6, 132, 138
537012.5.peg.1765.site.65, 6, 131, 137
537012.5.peg.1765.site.66, 5, 132, 137
537012.5.peg.1765.site.67, 18, 129, 147
537012.5.peg.1765.site.68, 10, 131, 141
537012.5.peg.1765.site.69, 9, 128, 137
537012.5.peg.1765.site.70, 2, 132, 134
537012.5.peg.1765.site.71, 0, 130, 130
537012.5.peg.1765.site.72, 1, 129, 130
537012.5.peg.1765.site.73, 1, 124, 125
537012.5.peg.1765.site.74, 0, 122, 122
537012.5.peg.1765.site.75, 0, 122, 122
537012.5.peg.1765.site.76, 6, 122, 128
537012.5.peg.1765.site.77, 3, 123, 126
537012.5.peg.1765.site.78, 0, 121, 121
537012.5.peg.1765.site.79, 1, 123, 124
537012.5.peg.1765.site.80, 31, 122, 153
537012.5.peg.1765.site.81, 1, 123, 124
537012.5.peg.1765.site.82, 4, 124, 128
537012.5.peg.1765.site.83, 1, 124, 125
537012.5.peg.1765.site.84, 0, 124, 124
537012.5.peg.1765.site.85, 104, 123, 227
537012.5.peg.1765.site.86, 0, 123, 123
537012.5.peg.1765.site.87, 1, 123, 124
537012.5.peg.1765.site.88, 1, 122, 123
537012.5.peg.1765.site.89, 1, 123, 124
537012.5.peg.1765.site.90, 81, 121, 202
537012.5.peg.1765.site.91, 74, 119, 193
537012.5.peg.1765.site.92, 2, 124, 126
537012.5.peg.1765.site.93, 123, 125, 248
537012.5.peg.1169.site.1, 20, 126, 146
537012.5.peg.1169.site.2, 4, 133, 137
537012.5.peg.1169.site.3, 104, 133, 237
537012.5.peg.1169.site.4, 12, 133, 145
537012.5.peg.1169.site.5, 1, 134, 135
537012.5.peg.1169.site.6, 6, 134, 140
537012.5.peg.1169.site.7, 18, 133, 151
537012.5.peg.1169.site.8, 32, 133, 165
537012.5.peg.1169.site.9, 0, 134, 134
537012.5.peg.1169.site.10, 19, 134, 153
537012.5.peg.1169.site.11, 1, 134, 135
537012.5.peg.1169.site.12, 32, 134, 166
537012.5.peg.1169.site.13, 12, 132, 144
537012.5.peg.1169.site.14, 119, 134, 253
537012.5.peg.1169.site.15, 4, 132, 136
537012.5.peg.1169.site.16, 1, 134, 135
537012.5.peg.1169.site.17, 5, 134, 139
537012.5.peg.1169.site.18, 20, 132, 152
537012.5.peg.1169.site.19, 15, 132, 147
537012.5.peg.1169.site.20, 124, 134, 258
537012.5.peg.1169.site.21, 0, 132, 132
537012.5.peg.1169.site.22, 2, 134, 136
537012.5.peg.1169.site.23, 3, 134, 137
537012.5.peg.1169.site.24, 3, 132, 135
537012.5.peg.1169.site.25, 4, 132, 136
537012.5.peg.1169.site.26, 0, 134, 134
537012.5.peg.4912.site.1, 118, 130, 248
537012.5.peg.4912.site.2, 3, 128, 131
537012.5.peg.4912.site.3, 3, 130, 133
537012.5.peg.4912.site.4, 7, 129, 136
537012.5.peg.4912.site.5, 4, 129, 133
537012.5.peg.4912.site.6, 21, 128, 149
537012.5.peg.4912.site.7, 18, 128, 146
537012.5.peg.4912.site.8, 2, 129, 131
537012.5.peg.4912.site.9, 32, 129, 161
537012.5.peg.4912.site.10, 2, 129, 131
537012.5.peg.4912.site.11, 2, 129, 131
537012.5.peg.4912.site.12, 54, 128, 182
537012.5.peg.4912.site.13, 7, 129, 136
537012.5.peg.4912.site.14, 38, 130, 168
537012.5.peg.4912.site.15, 6, 129, 135
537012.5.peg.4912.site.16, 84, 121, 205
537012.5.peg.4912.site.17, 121, 123, 244
537012.5.peg.4912.site.18, 0, 128, 128
537012.5.peg.4912.site.19, 0, 130, 130
537012.5.peg.4912.site.20, 4, 129, 133
537012.5.peg.4912.site.21, 20, 128, 148
537012.5.peg.4912.site.22, 4, 129, 133
537012.5.peg.4912.site.23, 6, 129, 135
537012.5.peg.4912.site.24, 2, 129, 131
537012.5.peg.4912.site.25, 0, 130, 130
537012.5.peg.4913.site.1, 10, 120, 130
537012.5.peg.4913.site.2, 12, 124, 136
537012.5.peg.4913.site.3, 5, 128, 133
537012.5.peg.4913.site.4, 2, 128, 130
537012.5.peg.4913.site.5, 5, 128, 133
537012.5.peg.4913.site.6, 7, 128, 135
537012.5.peg.4913.site.7, 2, 130, 132
537012.5.peg.4913.site.8, 3, 130, 133
537012.5.peg.4913.site.9, 2, 130, 132
537012.5.peg.4913.site.10, 128, 130, 258
537012.5.peg.4913.site.11, 11, 129, 140
537012.5.peg.4913.site.12, 5, 129, 134
537012.5.peg.4913.site.13, 115, 130, 245
537012.5.peg.4913.site.14, 61, 130, 191
537012.5.peg.4913.site.15, 3, 129, 132
537012.5.peg.4913.site.16, 3, 129, 132
537012.5.peg.4913.site.17, 3, 128, 131
537012.5.peg.4913.site.18, 16, 128, 144
537012.5.peg.4913.site.19, 6, 129, 135
537012.5.peg.4913.site.20, 1, 129, 130
537012.5.peg.4913.site.21, 2, 126, 128
537012.5.peg.4913.site.22, 7, 124, 131
537012.5.peg.4913.site.23, 6, 125, 131
537012.5.peg.4913.site.24, 1, 127, 128
537012.5.peg.4913.site.25, 2, 126, 128
537012.5.peg.4913.site.26, 3, 126, 129
537012.5.peg.4913.site.27, 37, 128, 165
537012.5.peg.4913.site.28, 13, 130, 143
537012.5.peg.4913.site.29, 1, 129, 130
537012.5.peg.4913.site.30, 7, 129, 136
537012.5.peg.4913.site.31, 45, 128, 173
537012.5.peg.4913.site.32, 1, 128, 129
537012.5.peg.4913.site.33, 6, 128, 134
537012.5.peg.4913.site.34, 6, 129, 135
537012.5.peg.4913.site.35, 6, 130, 136
537012.5.peg.4913.site.36, 10, 130, 140
537012.5.peg.4913.site.37, 6, 130, 136
537012.5.peg.4913.site.38, 2, 130, 132
537012.5.peg.4913.site.39, 0, 129, 129
537012.5.peg.4913.site.40, 7, 128, 135
537012.5.peg.4913.site.41, 32, 129, 161
537012.5.peg.4913.site.42, 7, 130, 137
537012.5.peg.4913.site.43, 7, 130, 137
537012.5.peg.4913.site.44, 0, 129, 129
537012.5.peg.4913.site.45, 1, 129, 130
537012.5.peg.4910.site.1, 1, 129, 130
537012.5.peg.4910.site.2, 5, 129, 134
537012.5.peg.4910.site.3, 24, 128, 152
537012.5.peg.4910.site.4, 77, 128, 205
537012.5.peg.4910.site.5, 1, 129, 130
537012.5.peg.4910.site.6, 31, 128, 159
537012.5.peg.4910.site.7, 10, 129, 139
537012.5.peg.4910.site.8, 7, 130, 137
537012.5.peg.4910.site.9, 5, 129, 134
537012.5.peg.4910.site.10, 7, 130, 137
537012.5.peg.4910.site.11, 79, 130, 209
537012.5.peg.4910.site.12, 6, 130, 136
537012.5.peg.4910.site.13, 7, 130, 137
537012.5.peg.4910.site.14, 2, 130, 132
537012.5.peg.4910.site.15, 7, 129, 136
537012.5.peg.4910.site.16, 28, 129, 157
537012.5.peg.4910.site.17, 1, 130, 131
537012.5.peg.4910.site.18, 1, 129, 130
537012.5.peg.4910.site.19, 7, 129, 136
537012.5.peg.4910.site.20, 5, 129, 134
537012.5.peg.4910.site.21, 107, 128, 235
537012.5.peg.4910.site.22, 6, 128, 134
537012.5.peg.4910.site.23, 6, 128, 134
537012.5.peg.4910.site.24, 7, 129, 136
537012.5.peg.4910.site.25, 10, 129, 139
537012.5.peg.4910.site.26, 1, 129, 130
537012.5.peg.4910.site.27, 1, 129, 130
537012.5.peg.4910.site.28, 1, 129, 130
537012.5.peg.4910.site.29, 7, 129, 136
537012.5.peg.4910.site.30, 27, 129, 156
537012.5.peg.4910.site.31, 1, 129, 130
537012.5.peg.4910.site.32, 7, 130, 137
537012.5.peg.4910.site.33, 5, 130, 135
537012.5.peg.4910.site.34, 1, 130, 131
537012.5.peg.4910.site.35, 2, 130, 132
537012.5.peg.4910.site.36, 1, 130, 131
537012.5.peg.4910.site.37, 2, 130, 132
537012.5.peg.4910.site.38, 7, 129, 136
537012.5.peg.4910.site.39, 8, 124, 132
537012.5.peg.4911.site.1, 1, 130, 131
537012.5.peg.4911.site.2, 1, 130, 131
537012.5.peg.4911.site.3, 4, 129, 133
537012.5.peg.4911.site.4, 6, 129, 135
537012.5.peg.4911.site.5, 6, 130, 136
537012.5.peg.4911.site.6, 7, 128, 135
537012.5.peg.4911.site.7, 2, 129, 131
537012.5.peg.4911.site.8, 25, 127, 152
537012.5.peg.4911.site.9, 7, 129, 136
537012.5.peg.4911.site.10, 7, 128, 135
537012.5.peg.4911.site.11, 1, 128, 129
537012.5.peg.4911.site.12, 6, 128, 134
537012.5.peg.4911.site.13, 1, 129, 130
537012.5.peg.4911.site.14, 7, 127, 134
537012.5.peg.4911.site.15, 1, 131, 132
537012.5.peg.4911.site.16, 5, 130, 135
537012.5.peg.4911.site.17, 6, 130, 136
537012.5.peg.4911.site.18, 5, 130, 135
537012.5.peg.4911.site.19, 3, 130, 133
537012.5.peg.4911.site.20, 1, 128, 129
537012.5.peg.4911.site.21, 1, 130, 131
537012.5.peg.4911.site.22, 7, 130, 137
537012.5.peg.4911.site.23, 7, 130, 137
537012.5.peg.4911.site.24, 7, 126, 133
537012.5.peg.4911.site.25, 7, 128, 135
537012.5.peg.4911.site.26, 20, 127, 147
537012.5.peg.4911.site.27, 7, 128, 135
537012.5.peg.4911.site.28, 25, 127, 152
537012.5.peg.4911.site.29, 2, 129, 131
537012.5.peg.4911.site.30, 4, 129, 133
537012.5.peg.4911.site.31, 20, 130, 150
537012.5.peg.4911.site.32, 2, 129, 131
537012.5.peg.4911.site.33, 1, 130, 131
537012.5.peg.4911.site.34, 1, 129, 130
537012.5.peg.4911.site.35, 11, 129, 140
537012.5.peg.4911.site.36, 0, 130, 130
537012.5.peg.4911.site.37, 3, 130, 133
537012.5.peg.4911.site.38, 57, 130, 187
537012.5.peg.4911.site.39, 1, 130, 131
537012.5.peg.4911.site.40, 6, 130, 136
537012.5.peg.4911.site.41, 76, 128, 204
537012.5.peg.4916.site.1, 0, 133, 133
537012.5.peg.4916.site.2, 4, 133, 137
537012.5.peg.4916.site.3, 62, 133, 195
537012.5.peg.4916.site.4, 8, 134, 142
537012.5.peg.4916.site.5, 59, 133, 192
537012.5.peg.4916.site.6, 7, 133, 140
537012.5.peg.4916.site.7, 6, 133, 139
537012.5.peg.4916.site.8, 4, 131, 135
537012.5.peg.4916.site.9, 1, 134, 135
537012.5.peg.4916.site.10, 4, 132, 136
537012.5.peg.4916.site.11, 4, 132, 136
537012.5.peg.4916.site.12, 1, 132, 133
537012.5.peg.4916.site.13, 3, 134, 137
537012.5.peg.4916.site.14, 34, 131, 165
537012.5.peg.4916.site.15, 46, 133, 179
537012.5.peg.4916.site.16, 8, 132, 140
537012.5.peg.4916.site.17, 2, 133, 135
537012.5.peg.4916.site.18, 3, 132, 135
537012.5.peg.4916.site.19, 4, 132, 136
537012.5.peg.4916.site.20, 4, 133, 137
537012.5.peg.4916.site.21, 24, 133, 157
537012.5.peg.4916.site.22, 1, 133, 134
537012.5.peg.4916.site.23, 3, 134, 137
537012.5.peg.4916.site.24, 12, 134, 146
537012.5.peg.4916.site.25, 21, 132, 153
537012.5.peg.4916.site.26, 2, 133, 135
537012.5.peg.4916.site.27, 3, 134, 137
537012.5.peg.4916.site.28, 48, 133, 181
537012.5.peg.4916.site.29, 7, 134, 141
537012.5.peg.4916.site.30, 2, 134, 136
537012.5.peg.4916.site.31, 6, 134, 140
537012.5.peg.4916.site.32, 6, 134, 140
537012.5.peg.4916.site.33, 7, 134, 141
537012.5.peg.4916.site.34, 7, 134, 141
537012.5.peg.4916.site.35, 38, 133, 171
537012.5.peg.4916.site.36, 8, 134, 142
537012.5.peg.4917.site.1, 4, 132, 136
537012.5.peg.4917.site.2, 14, 134, 148
537012.5.peg.4917.site.3, 2, 134, 136
537012.5.peg.4917.site.4, 0, 134, 134
537012.5.peg.4917.site.5, 1, 134, 135
537012.5.peg.4917.site.6, 4, 134, 138
537012.5.peg.4917.site.7, 0, 134, 134
537012.5.peg.4917.site.8, 3, 134, 137
537012.5.peg.4917.site.9, 9, 134, 143
537012.5.peg.4917.site.10, 31, 134, 165
537012.5.peg.4917.site.11, 21, 126, 147
537012.5.peg.4917.site.12, 2, 130, 132
537012.5.peg.4917.site.13, 8, 130, 138
537012.5.peg.4917.site.14, 7, 131, 138
537012.5.peg.4917.site.15, 4, 133, 137
537012.5.peg.4917.site.16, 17, 134, 151
537012.5.peg.4917.site.17, 3, 134, 137
537012.5.peg.4917.site.18, 5, 132, 137
537012.5.peg.4917.site.19, 4, 132, 136
537012.5.peg.4917.site.20, 8, 134, 142
537012.5.peg.4917.site.21, 4, 132, 136
537012.5.peg.4917.site.22, 79, 131, 210
537012.5.peg.4917.site.23, 4, 133, 137
537012.5.peg.4917.site.24, 12, 132, 144
537012.5.peg.4917.site.25, 1, 130, 131
537012.5.peg.4917.site.26, 1, 134, 135
537012.5.peg.4917.site.27, 121, 134, 255
537012.5.peg.4917.site.28, 3, 132, 135
537012.5.peg.4917.site.29, 1, 134, 135
537012.5.peg.4917.site.30, 3, 133, 136
537012.5.peg.4914.site.1, 1, 130, 131
537012.5.peg.4914.site.2, 19, 129, 148
537012.5.peg.4914.site.3, 5, 130, 135
537012.5.peg.4914.site.4, 8, 129, 137
537012.5.peg.4914.site.5, 3, 129, 132
537012.5.peg.4914.site.6, 11, 130, 141
537012.5.peg.4914.site.7, 5, 128, 133
537012.5.peg.4914.site.8, 6, 130, 136
537012.5.peg.4914.site.9, 7, 129, 136
537012.5.peg.4914.site.10, 53, 128, 181
537012.5.peg.4914.site.11, 1, 129, 130
537012.5.peg.4914.site.12, 2, 129, 131
537012.5.peg.4914.site.13, 1, 129, 130
537012.5.peg.4914.site.14, 7, 129, 136
537012.5.peg.4914.site.15, 6, 129, 135
537012.5.peg.4914.site.16, 10, 129, 139
537012.5.peg.4914.site.17, 2, 130, 132
537012.5.peg.4914.site.18, 2, 130, 132
537012.5.peg.4914.site.19, 3, 129, 132
537012.5.peg.4914.site.20, 3, 129, 132
537012.5.peg.4914.site.21, 3, 130, 133
537012.5.peg.4914.site.22, 6, 129, 135
537012.5.peg.4914.site.23, 7, 129, 136
537012.5.peg.4914.site.24, 7, 129, 136
537012.5.peg.4914.site.25, 1, 129, 130
537012.5.peg.4914.site.26, 34, 129, 163
537012.5.peg.4914.site.27, 3, 129, 132
537012.5.peg.4914.site.28, 4, 129, 133
537012.5.peg.4914.site.29, 24, 129, 153
537012.5.peg.4914.site.30, 3, 130, 133
537012.5.peg.4914.site.31, 3, 130, 133
537012.5.peg.4914.site.32, 3, 130, 133
537012.5.peg.4914.site.33, 1, 129, 130
537012.5.peg.4914.site.34, 5, 129, 134
537012.5.peg.4914.site.35, 1, 130, 131
537012.5.peg.4914.site.36, 7, 130, 137
537012.5.peg.4914.site.37, 1, 129, 130
537012.5.peg.4914.site.38, 1, 129, 130
537012.5.peg.4914.site.39, 2, 129, 131
537012.5.peg.4914.site.40, 1, 130, 131
537012.5.peg.4914.site.41, 5, 129, 134
537012.5.peg.4914.site.42, 0, 124, 124
537012.5.peg.4914.site.43, 23, 123, 146
537012.5.peg.4914.site.44, 2, 122, 124
537012.5.peg.4914.site.45, 0, 122, 122
537012.5.peg.4914.site.46, 40, 122, 162
537012.5.peg.4914.site.47, 11, 122, 133
537012.5.peg.4914.site.48, 6, 128, 134
537012.5.peg.4914.site.49, 17, 129, 146
537012.5.peg.4914.site.50, 27, 128, 155
537012.5.peg.4914.site.51, 6, 126, 132
537012.5.peg.4914.site.52, 17, 129, 146
537012.5.peg.4914.site.53, 92, 128, 220
537012.5.peg.4914.site.54, 6, 128, 134
537012.5.peg.4914.site.55, 5, 129, 134
537012.5.peg.4914.site.56, 7, 129, 136
537012.5.peg.4914.site.57, 4, 127, 131
537012.5.peg.4914.site.58, 2, 125, 127
537012.5.peg.4914.site.59, 98, 122, 220
537012.5.peg.4914.site.60, 2, 126, 128
537012.5.peg.4914.site.61, 7, 130, 137
537012.5.peg.4914.site.62, 7, 130, 137
537012.5.peg.4914.site.63, 1, 129, 130
537012.5.peg.4914.site.64, 66, 129, 195
537012.5.peg.4914.site.65, 38, 128, 166
537012.5.peg.4914.site.66, 6, 130, 136
537012.5.peg.4914.site.67, 1, 130, 131
537012.5.peg.4914.site.68, 89, 130, 219
537012.5.peg.4914.site.69, 5, 129, 134
537012.5.peg.4914.site.70, 6, 131, 137
537012.5.peg.4914.site.71, 22, 131, 153
537012.5.peg.4914.site.72, 6, 130, 136
537012.5.peg.4914.site.73, 1, 130, 131
537012.5.peg.4914.site.74, 1, 126, 127
537012.5.peg.4914.site.75, 1, 126, 127
537012.5.peg.4914.site.76, 12, 126, 138
537012.5.peg.4914.site.77, 2, 125, 127
537012.5.peg.4914.site.78, 0, 125, 125
537012.5.peg.4914.site.79, 0, 125, 125
537012.5.peg.4914.site.80, 3, 125, 128
537012.5.peg.4914.site.81, 14, 126, 140
537012.5.peg.4914.site.82, 2, 126, 128
537012.5.peg.4914.site.83, 14, 127, 141
537012.5.peg.4914.site.84, 14, 128, 142
537012.5.peg.4914.site.85, 12, 129, 141
537012.5.peg.4914.site.86, 17, 127, 144
537012.5.peg.4914.site.87, 13, 125, 138
537012.5.peg.4914.site.88, 99, 123, 222
537012.5.peg.4914.site.89, 1, 128, 129
537012.5.peg.4914.site.90, 0, 128, 128
537012.5.peg.4914.site.91, 7, 131, 138
537012.5.peg.4914.site.92, 6, 129, 135
537012.5.peg.4915.site.1, 2, 102, 104
537012.5.peg.4915.site.2, 56, 128, 184
537012.5.peg.4915.site.3, 2, 129, 131
537012.5.peg.4915.site.4, 75, 129, 204
537012.5.peg.4915.site.5, 3, 129, 132
537012.5.peg.4915.site.6, 1, 130, 131
537012.5.peg.4915.site.7, 7, 130, 137
537012.5.peg.4915.site.8, 7, 129, 136
537012.5.peg.4915.site.9, 3, 129, 132
537012.5.peg.4915.site.10, 0, 130, 130
537012.5.peg.4915.site.11, 1, 130, 131
537012.5.peg.4915.site.12, 1, 128, 129
537012.5.peg.4915.site.13, 2, 128, 130
537012.5.peg.4915.site.14, 1, 130, 131
537012.5.peg.4915.site.15, 5, 130, 135
537012.5.peg.4915.site.16, 1, 129, 130
537012.5.peg.4915.site.17, 2, 129, 131
537012.5.peg.4915.site.18, 16, 128, 144
537012.5.peg.4915.site.19, 7, 129, 136
537012.5.peg.4915.site.20, 7, 130, 137
537012.5.peg.4915.site.21, 4, 130, 134
537012.5.peg.4915.site.22, 1, 130, 131
537012.5.peg.4915.site.23, 7, 130, 137
537012.5.peg.4915.site.24, 8, 130, 138
537012.5.peg.4915.site.25, 5, 130, 135
537012.5.peg.4915.site.26, 24, 130, 154
537012.5.peg.4915.site.27, 4, 128, 132
537012.5.peg.4915.site.28, 7, 129, 136
537012.5.peg.4915.site.29, 0, 128, 128
537012.5.peg.4915.site.30, 7, 131, 138
537012.5.peg.4915.site.31, 25, 131, 156
537012.5.peg.4915.site.32, 14, 133, 147
537012.5.peg.4915.site.33, 0, 132, 132
537012.5.peg.4915.site.34, 1, 134, 135
537012.5.peg.4915.site.35, 3, 132, 135
537012.5.peg.4915.site.36, 14, 133, 147
537012.5.peg.4915.site.37, 9, 131, 140
537012.5.peg.4915.site.38, 0, 129, 129
537012.5.peg.4915.site.39, 6, 132, 138
537012.5.peg.4915.site.40, 1, 133, 134
537012.5.peg.4915.site.41, 4, 134, 138
537012.5.peg.4915.site.42, 47, 128, 175
537012.5.peg.4915.site.43, 0, 129, 129
537012.5.peg.4915.site.44, 1, 129, 130
537012.5.peg.4915.site.45, 1, 129, 130
537012.5.peg.4915.site.46, 3, 130, 133
537012.5.peg.4915.site.47, 4, 134, 138
537012.5.peg.4915.site.48, 2, 134, 136
537012.5.peg.4915.site.49, 10, 132, 142
537012.5.peg.4915.site.50, 31, 130, 161
537012.5.peg.4915.site.51, 19, 134, 153
537012.5.peg.4915.site.52, 12, 134, 146
537012.5.peg.4915.site.53, 6, 133, 139
537012.5.peg.4915.site.54, 1, 134, 135
537012.5.peg.4915.site.55, 2, 133, 135
537012.5.peg.4915.site.56, 4, 132, 136
537012.5.peg.4915.site.57, 9, 132, 141
537012.5.peg.4915.site.58, 1, 133, 134
537012.5.peg.4915.site.59, 11, 132, 143
537012.5.peg.4915.site.60, 11, 131, 142
537012.5.peg.4915.site.61, 1, 134, 135
537012.5.peg.4915.site.62, 4, 132, 136
537012.5.peg.4915.site.63, 4, 133, 137
537012.5.peg.4915.site.64, 1, 133, 134
537012.5.peg.4915.site.65, 10, 132, 142
537012.5.peg.4915.site.66, 3, 131, 134
537012.5.peg.4915.site.67, 4, 132, 136
537012.5.peg.4915.site.68, 2, 132, 134
537012.5.peg.4915.site.69, 11, 132, 143
537012.5.peg.4915.site.70, 5, 133, 138
537012.5.peg.4915.site.71, 39, 133, 172
537012.5.peg.4915.site.72, 2, 134, 136
537012.5.peg.4915.site.73, 3, 134, 137
537012.5.peg.4915.site.74, 5, 133, 138
537012.5.peg.4915.site.75, 24, 133, 157
537012.5.peg.4915.site.76, 5, 133, 138
537012.5.peg.4915.site.77, 13, 133, 146
537012.5.peg.4915.site.78, 3, 133, 136
537012.5.peg.4915.site.79, 24, 133, 157
537012.5.peg.4915.site.80, 0, 134, 134
537012.5.peg.4915.site.81, 5, 133, 138
537012.5.peg.4915.site.82, 1, 134, 135
537012.5.peg.4915.site.83, 6, 134, 140
537012.5.peg.4915.site.84, 1, 134, 135
537012.5.peg.4915.site.85, 1, 133, 134
537012.5.peg.4915.site.86, 2, 134, 136
537012.5.peg.4915.site.87, 130, 133, 263
537012.5.peg.4915.site.88, 2, 133, 135
537012.5.peg.4915.site.89, 3, 133, 136
537012.5.peg.4915.site.90, 0, 134, 134
537012.5.peg.4915.site.91, 1, 134, 135
537012.5.peg.4915.site.92, 7, 134, 141
537012.5.peg.4915.site.93, 5, 134, 139
537012.5.peg.4915.site.94, 3, 134, 137
537012.5.peg.4915.site.95, 6, 134, 140
537012.5.peg.4915.site.96, 3, 134, 137
537012.5.peg.4915.site.97, 3, 134, 137
537012.5.peg.4915.site.98, 10, 134, 144
537012.5.peg.4915.site.99, 0, 134, 134
537012.5.peg.4915.site.100, 1, 134, 135
537012.5.peg.4915.site.101, 5, 134, 139
537012.5.peg.4915.site.102, 30, 134, 164
537012.5.peg.4918.site.1, 5, 133, 138
537012.5.peg.4918.site.2, 2, 134, 136
537012.5.peg.4918.site.3, 10, 134, 144
537012.5.peg.4918.site.4, 11, 132, 143
537012.5.peg.4918.site.5, 2, 134, 136
537012.5.peg.4918.site.6, 91, 133, 224
537012.5.peg.4918.site.7, 29, 133, 162
537012.5.peg.4918.site.8, 8, 134, 142
537012.5.peg.4918.site.9, 8, 131, 139
537012.5.peg.4918.site.10, 4, 132, 136
537012.5.peg.4918.site.11, 44, 132, 176
537012.5.peg.4918.site.12, 1, 130, 131
537012.5.peg.4918.site.13, 1, 129, 130
537012.5.peg.4918.site.14, 0, 129, 129
537012.5.peg.4918.site.15, 0, 129, 129
537012.5.peg.4918.site.16, 5, 133, 138
537012.5.peg.4918.site.17, 95, 133, 228
537012.5.peg.4918.site.18, 2, 134, 136
537012.5.peg.4918.site.19, 5, 133, 138
537012.5.peg.4918.site.20, 0, 134, 134
537012.5.peg.4918.site.21, 2, 134, 136
537012.5.peg.4918.site.22, 2, 133, 135
537012.5.peg.4918.site.23, 8, 134, 142
537012.5.peg.4918.site.24, 3, 132, 135
537012.5.peg.4918.site.25, 1, 134, 135
537012.5.peg.4918.site.26, 4, 133, 137
537012.5.peg.4918.site.27, 10, 134, 144
537012.5.peg.4918.site.28, 7, 134, 141
537012.5.peg.4918.site.29, 5, 133, 138
537012.5.peg.4918.site.30, 6, 133, 139
537012.5.peg.4918.site.31, 5, 133, 138
537012.5.peg.4918.site.32, 2, 134, 136
537012.5.peg.4918.site.33, 5, 133, 138
537012.5.peg.4918.site.34, 1, 134, 135
537012.5.peg.4918.site.35, 5, 133, 138
537012.5.peg.4918.site.36, 5, 133, 138
537012.5.peg.4918.site.37, 29, 133, 162
537012.5.peg.4918.site.38, 2, 133, 135
537012.5.peg.4918.site.39, 2, 134, 136
537012.5.peg.4918.site.40, 2, 132, 134
537012.5.peg.4918.site.41, 4, 132, 136
537012.5.peg.4919.site.1, 9, 132, 141
537012.5.peg.4919.site.2, 1, 132, 133
537012.5.peg.4919.site.3, 3, 134, 137
537012.5.peg.4919.site.4, 3, 134, 137
537012.5.peg.4919.site.5, 0, 134, 134
537012.5.peg.4919.site.6, 4, 132, 136
537012.5.peg.4919.site.7, 5, 134, 139
537012.5.peg.4919.site.8, 3, 134, 137
537012.5.peg.4919.site.9, 8, 133, 141
537012.5.peg.4919.site.10, 38, 132, 170
537012.5.peg.4919.site.11, 4, 131, 135
537012.5.peg.4919.site.12, 83, 131, 214
537012.5.peg.4919.site.13, 1, 134, 135
537012.5.peg.4919.site.14, 7, 134, 141
537012.5.peg.4919.site.15, 1, 134, 135
537012.5.peg.4919.site.16, 1, 134, 135
537012.5.peg.4919.site.17, 16, 134, 150
537012.5.peg.4919.site.18, 1, 134, 135
537012.5.peg.4919.site.19, 2, 129, 131
537012.5.peg.4919.site.20, 3, 130, 133
537012.5.peg.4919.site.21, 3, 133, 136
537012.5.peg.4919.site.22, 10, 130, 140
537012.5.peg.4919.site.23, 6, 131, 137
537012.5.peg.4919.site.24, 1, 131, 132
537012.5.peg.4919.site.25, 11, 127, 138
537012.5.peg.4919.site.26, 54, 126, 180
537012.5.peg.4919.site.27, 6, 128, 134
537012.5.peg.4919.site.28, 127, 132, 259
537012.5.peg.4919.site.29, 2, 131, 133
537012.5.peg.4919.site.30, 6, 134, 140
537012.5.peg.4919.site.31, 4, 132, 136
537012.5.peg.4919.site.32, 7, 133, 140
537012.5.peg.4919.site.33, 7, 133, 140
537012.5.peg.4919.site.34, 0, 132, 132
537012.5.peg.4919.site.35, 12, 129, 141
537012.5.peg.4919.site.36, 2, 131, 133
537012.5.peg.3793.site.1, 1, 129, 130
537012.5.peg.3793.site.2, 12, 127, 139
537012.5.peg.3793.site.3, 15, 133, 148
537012.5.peg.3793.site.4, 20, 133, 153
537012.5.peg.3793.site.5, 1, 133, 134
537012.5.peg.3793.site.6, 3, 133, 136
537012.5.peg.3793.site.7, 1, 132, 133
537012.5.peg.3793.site.8, 1, 133, 134
537012.5.peg.3793.site.9, 11, 133, 144
537012.5.peg.3793.site.10, 1, 133, 134
537012.5.peg.3793.site.11, 3, 129, 132
537012.5.peg.3793.site.12, 10, 132, 142
537012.5.peg.3793.site.13, 3, 132, 135
537012.5.peg.3793.site.14, 1, 133, 134
537012.5.peg.3793.site.15, 4, 131, 135
537012.5.peg.3793.site.16, 3, 133, 136
537012.5.peg.3793.site.17, 0, 132, 132
537012.5.peg.3793.site.18, 12, 130, 142
537012.5.peg.3793.site.19, 24, 131, 155
537012.5.peg.3793.site.20, 22, 131, 153
537012.5.peg.3793.site.21, 23, 132, 155
537012.5.peg.3793.site.22, 7, 133, 140
537012.5.peg.3793.site.23, 23, 132, 155
537012.5.peg.3793.site.24, 6, 131, 137
537012.5.peg.3793.site.25, 2, 131, 133
537012.5.peg.3793.site.26, 18, 130, 148
537012.5.peg.3793.site.27, 18, 130, 148
537012.5.peg.3793.site.28, 1, 126, 127
537012.5.peg.3793.site.29, 1, 118, 119
537012.5.peg.3792.site.1, 0, 125, 125
537012.5.peg.3792.site.2, 8, 126, 134
537012.5.peg.3792.site.3, 0, 126, 126
537012.5.peg.3792.site.4, 5, 130, 135
537012.5.peg.3792.site.5, 8, 131, 139
537012.5.peg.3792.site.6, 15, 130, 145
537012.5.peg.3792.site.7, 3, 129, 132
537012.5.peg.3792.site.8, 3, 128, 131
537012.5.peg.3792.site.9, 16, 132, 148
537012.5.peg.3792.site.10, 16, 131, 147
537012.5.peg.3792.site.11, 5, 130, 135
537012.5.peg.3792.site.12, 30, 131, 161
537012.5.peg.3792.site.13, 25, 131, 156
537012.5.peg.3792.site.14, 4, 130, 134
537012.5.peg.3792.site.15, 5, 131, 136
537012.5.peg.3792.site.16, 1, 133, 134
537012.5.peg.3792.site.17, 4, 131, 135
537012.5.peg.3792.site.18, 100, 132, 232
537012.5.peg.3792.site.19, 0, 133, 133
537012.5.peg.3792.site.20, 17, 133, 150
537012.5.peg.3792.site.21, 25, 133, 158
537012.5.peg.3792.site.22, 4, 131, 135
537012.5.peg.3792.site.23, 110, 133, 243
537012.5.peg.3792.site.24, 15, 132, 147
537012.5.peg.3792.site.25, 15, 132, 147
537012.5.peg.3792.site.26, 8, 132, 140
537012.5.peg.3792.site.27, 20, 130, 150
537012.5.peg.3792.site.28, 5, 131, 136
537012.5.peg.3792.site.29, 11, 120, 131
537012.5.peg.3792.site.30, 1, 130, 131
537012.5.peg.3792.site.31, 20, 132, 152
537012.5.peg.3792.site.32, 129, 131, 260
537012.5.peg.3792.site.33, 36, 130, 166
537012.5.peg.3792.site.34, 7, 131, 138
537012.5.peg.3792.site.35, 7, 132, 139
537012.5.peg.3792.site.36, 16, 131, 147
537012.5.peg.3792.site.37, 0, 132, 132
537012.5.peg.3792.site.38, 6, 132, 138
537012.5.peg.3792.site.39, 8, 131, 139
537012.5.peg.3792.site.40, 78, 129, 207
537012.5.peg.3792.site.41, 1, 130, 131
537012.5.peg.1508.site.1, 1, 129, 130
537012.5.peg.1508.site.2, 1, 129, 130
537012.5.peg.1508.site.3, 11, 129, 140
537012.5.peg.1508.site.4, 1, 129, 130
537012.5.peg.1508.site.5, 7, 130, 137
537012.5.peg.1508.site.6, 7, 131, 138
537012.5.peg.1508.site.7, 3, 130, 133
537012.5.peg.1508.site.8, 1, 130, 131
537012.5.peg.1508.site.9, 38, 129, 167
537012.5.peg.1508.site.10, 6, 129, 135
537012.5.peg.1508.site.11, 79, 128, 207
537012.5.peg.1508.site.12, 1, 129, 130
537012.5.peg.1508.site.13, 7, 129, 136
537012.5.peg.1508.site.14, 2, 129, 131
537012.5.peg.1508.site.15, 1, 130, 131
537012.5.peg.1508.site.16, 20, 128, 148
537012.5.peg.1508.site.17, 1, 129, 130
537012.5.peg.1508.site.18, 1, 129, 130
537012.5.peg.1508.site.19, 4, 129, 133
537012.5.peg.1508.site.20, 2, 128, 130
537012.5.peg.1508.site.21, 35, 129, 164
537012.5.peg.1509.site.1, 3, 126, 129
537012.5.peg.1509.site.2, 11, 125, 136
537012.5.peg.1509.site.3, 3, 125, 128
537012.5.peg.1509.site.4, 40, 124, 164
537012.5.peg.1509.site.5, 3, 124, 127
537012.5.peg.1509.site.6, 54, 125, 179
537012.5.peg.1509.site.7, 5, 125, 130
537012.5.peg.1509.site.8, 5, 125, 130
537012.5.peg.1509.site.9, 1, 126, 127
537012.5.peg.1509.site.10, 0, 120, 120
537012.5.peg.1509.site.11, 1, 121, 122
537012.5.peg.1509.site.12, 15, 123, 138
537012.5.peg.1509.site.13, 0, 119, 119
537012.5.peg.1509.site.14, 5, 119, 124
537012.5.peg.1509.site.15, 1, 119, 120
537012.5.peg.1509.site.16, 7, 110, 117
537012.5.peg.1509.site.17, 18, 107, 125
537012.5.peg.1509.site.18, 33, 115, 148
537012.5.peg.1509.site.19, 5, 122, 127
537012.5.peg.1509.site.20, 40, 125, 165
537012.5.peg.1509.site.21, 1, 133, 134
537012.5.peg.1509.site.22, 1, 133, 134
537012.5.peg.1509.site.23, 5, 132, 137
537012.5.peg.1509.site.24, 36, 132, 168
537012.5.peg.1509.site.25, 10, 131, 141
537012.5.peg.1509.site.26, 2, 133, 135
537012.5.peg.1509.site.27, 69, 130, 199
537012.5.peg.1509.site.28, 35, 132, 167
537012.5.peg.1509.site.29, 0, 134, 134
537012.5.peg.1509.site.30, 23, 134, 157
537012.5.peg.1509.site.31, 4, 131, 135
537012.5.peg.1509.site.32, 41, 132, 173
537012.5.peg.1509.site.33, 6, 134, 140
537012.5.peg.1509.site.34, 1, 134, 135
537012.5.peg.1509.site.35, 7, 134, 141
537012.5.peg.1509.site.36, 15, 134, 149
537012.5.peg.1509.site.37, 1, 134, 135
537012.5.peg.1509.site.38, 11, 132, 143
537012.5.peg.1509.site.39, 5, 133, 138
537012.5.peg.1509.site.40, 13, 133, 146
537012.5.peg.1509.site.41, 1, 134, 135
537012.5.peg.1509.site.42, 4, 132, 136
537012.5.peg.1509.site.43, 11, 131, 142
537012.5.peg.1509.site.44, 1, 132, 133
537012.5.peg.1509.site.45, 14, 132, 146
537012.5.peg.1509.site.46, 1, 134, 135
537012.5.peg.1509.site.47, 6, 134, 140
537012.5.peg.1509.site.48, 2, 134, 136
537012.5.peg.1509.site.49, 10, 131, 141
537012.5.peg.1506.site.1, 2, 129, 131
537012.5.peg.1506.site.2, 2, 129, 131
537012.5.peg.1506.site.3, 6, 129, 135
537012.5.peg.1506.site.4, 2, 130, 132
537012.5.peg.1506.site.5, 120, 129, 249
537012.5.peg.1506.site.6, 7, 129, 136
537012.5.peg.1506.site.7, 1, 130, 131
537012.5.peg.1506.site.8, 6, 129, 135
537012.5.peg.1506.site.9, 59, 129, 188
537012.5.peg.1506.site.10, 10, 129, 139
537012.5.peg.1506.site.11, 10, 129, 139
537012.5.peg.1506.site.12, 2, 131, 133
537012.5.peg.1506.site.13, 2, 129, 131
537012.5.peg.1506.site.14, 37, 129, 166
537012.5.peg.1506.site.15, 73, 128, 201
537012.5.peg.1506.site.16, 91, 130, 221
537012.5.peg.1506.site.17, 4, 130, 134
537012.5.peg.1506.site.18, 108, 129, 237
537012.5.peg.1506.site.19, 1, 130, 131
537012.5.peg.1506.site.20, 6, 130, 136
537012.5.peg.1506.site.21, 3, 130, 133
537012.5.peg.1506.site.22, 27, 129, 156
537012.5.peg.1506.site.23, 35, 129, 164
537012.5.peg.1506.site.24, 12, 130, 142
537012.5.peg.1506.site.25, 2, 130, 132
537012.5.peg.1506.site.26, 6, 130, 136
537012.5.peg.1506.site.27, 1, 129, 130
537012.5.peg.1506.site.28, 7, 129, 136
537012.5.peg.1506.site.29, 1, 129, 130
537012.5.peg.1506.site.30, 1, 128, 129
537012.5.peg.1506.site.31, 6, 129, 135
537012.5.peg.1506.site.32, 1, 128, 129
537012.5.peg.1506.site.33, 1, 128, 129
537012.5.peg.1506.site.34, 1, 129, 130
537012.5.peg.1506.site.35, 3, 130, 133
537012.5.peg.1506.site.36, 1, 130, 131
537012.5.peg.1506.site.37, 1, 130, 131
537012.5.peg.1506.site.38, 41, 130, 171
537012.5.peg.1506.site.39, 4, 129, 133
537012.5.peg.1506.site.40, 2, 130, 132
537012.5.peg.1506.site.41, 2, 129, 131
537012.5.peg.1506.site.42, 85, 129, 214
537012.5.peg.1506.site.43, 9, 129, 138
537012.5.peg.1506.site.44, 74, 128, 202
537012.5.peg.1506.site.45, 7, 129, 136
537012.5.peg.1506.site.46, 5, 129, 134
537012.5.peg.1506.site.47, 3, 129, 132
537012.5.peg.1506.site.48, 3, 129, 132
537012.5.peg.1506.site.49, 2, 129, 131
537012.5.peg.1506.site.50, 3, 129, 132
537012.5.peg.1506.site.51, 0, 129, 129
537012.5.peg.1506.site.52, 2, 130, 132
537012.5.peg.1506.site.53, 1, 129, 130
537012.5.peg.1506.site.54, 1, 130, 131
537012.5.peg.1506.site.55, 6, 130, 136
537012.5.peg.1506.site.56, 3, 130, 133
537012.5.peg.1506.site.57, 6, 130, 136
537012.5.peg.1506.site.58, 1, 130, 131
537012.5.peg.1506.site.59, 8, 130, 138
537012.5.peg.1506.site.60, 6, 130, 136
537012.5.peg.1506.site.61, 0, 130, 130
537012.5.peg.1506.site.62, 3, 129, 132
537012.5.peg.1506.site.63, 8, 130, 138
537012.5.peg.1506.site.64, 4, 129, 133
537012.5.peg.1506.site.65, 3, 130, 133
537012.5.peg.1506.site.66, 2, 130, 132
537012.5.peg.1506.site.67, 76, 130, 206
537012.5.peg.1506.site.68, 15, 130, 145
537012.5.peg.1506.site.69, 4, 129, 133
537012.5.peg.1506.site.70, 48, 130, 178
537012.5.peg.1506.site.71, 1, 129, 130
537012.5.peg.1506.site.72, 6, 128, 134
537012.5.peg.1506.site.73, 25, 128, 153
537012.5.peg.1506.site.74, 16, 128, 144
537012.5.peg.1506.site.75, 17, 128, 145
537012.5.peg.1506.site.76, 63, 128, 191
537012.5.peg.1506.site.77, 62, 126, 188
537012.5.peg.1506.site.78, 8, 127, 135
537012.5.peg.1506.site.79, 4, 128, 132
537012.5.peg.1506.site.80, 1, 129, 130
537012.5.peg.1506.site.81, 17, 130, 147
537012.5.peg.1506.site.82, 7, 130, 137
537012.5.peg.1506.site.83, 2, 129, 131
537012.5.peg.1506.site.84, 1, 129, 130
537012.5.peg.1506.site.85, 4, 130, 134
537012.5.peg.1506.site.86, 10, 131, 141
537012.5.peg.1506.site.87, 1, 131, 132
537012.5.peg.1506.site.88, 6, 130, 136
537012.5.peg.1506.site.89, 4, 130, 134
537012.5.peg.1506.site.90, 3, 129, 132
537012.5.peg.1506.site.91, 1, 129, 130
537012.5.peg.1506.site.92, 0, 129, 129
537012.5.peg.1506.site.93, 1, 130, 131
537012.5.peg.1506.site.94, 20, 130, 150
537012.5.peg.1506.site.95, 9, 129, 138
537012.5.peg.1506.site.96, 1, 130, 131
537012.5.peg.1506.site.97, 69, 129, 198
537012.5.peg.1506.site.98, 3, 130, 133
537012.5.peg.1506.site.99, 7, 129, 136
537012.5.peg.1506.site.100, 1, 129, 130
537012.5.peg.1506.site.101, 2, 129, 131
537012.5.peg.1506.site.102, 24, 130, 154
537012.5.peg.1506.site.103, 1, 130, 131
537012.5.peg.1506.site.104, 44, 129, 173
537012.5.peg.1506.site.105, 1, 130, 131
537012.5.peg.1506.site.106, 6, 130, 136
537012.5.peg.1506.site.107, 6, 130, 136
537012.5.peg.1507.site.1, 8, 130, 138
537012.5.peg.1507.site.2, 1, 129, 130
537012.5.peg.1507.site.3, 4, 129, 133
537012.5.peg.1507.site.4, 3, 129, 132
537012.5.peg.1507.site.5, 1, 126, 127
537012.5.peg.1507.site.6, 1, 129, 130
537012.5.peg.1507.site.7, 3, 130, 133
537012.5.peg.1507.site.8, 0, 125, 125
537012.5.peg.1507.site.9, 0, 126, 126
537012.5.peg.1507.site.10, 3, 127, 130
537012.5.peg.1507.site.11, 3, 128, 131
537012.5.peg.1507.site.12, 4, 128, 132
537012.5.peg.1507.site.13, 2, 126, 128
537012.5.peg.1507.site.14, 1, 126, 127
537012.5.peg.1507.site.15, 46, 125, 171
537012.5.peg.1507.site.16, 1, 126, 127
537012.5.peg.1507.site.17, 1, 126, 127
537012.5.peg.1507.site.18, 1, 125, 126
537012.5.peg.1507.site.19, 1, 125, 126
537012.5.peg.1507.site.20, 6, 126, 132
537012.5.peg.1507.site.21, 18, 126, 144
537012.5.peg.1507.site.22, 1, 125, 126
537012.5.peg.1507.site.23, 35, 124, 159
537012.5.peg.1507.site.24, 2, 124, 126
537012.5.peg.1507.site.25, 1, 126, 127
537012.5.peg.1507.site.26, 0, 126, 126
537012.5.peg.1507.site.27, 2, 126, 128
537012.5.peg.1507.site.28, 2, 125, 127
537012.5.peg.1507.site.29, 38, 124, 162
537012.5.peg.1507.site.30, 5, 129, 134
537012.5.peg.1507.site.31, 5, 130, 135
537012.5.peg.1507.site.32, 5, 130, 135
537012.5.peg.1507.site.33, 1, 130, 131
537012.5.peg.1507.site.34, 1, 130, 131
537012.5.peg.1507.site.35, 1, 129, 130
537012.5.peg.1507.site.36, 2, 128, 130
537012.5.peg.1507.site.37, 6, 128, 134
537012.5.peg.1507.site.38, 3, 129, 132
537012.5.peg.1507.site.39, 8, 130, 138
537012.5.peg.1507.site.40, 1, 130, 131
537012.5.peg.1507.site.41, 1, 130, 131
537012.5.peg.1507.site.42, 5, 129, 134
537012.5.peg.1507.site.43, 1, 130, 131
537012.5.peg.1507.site.44, 65, 128, 193
537012.5.peg.1507.site.45, 0, 129, 129
537012.5.peg.1507.site.46, 7, 131, 138
537012.5.peg.1507.site.47, 48, 130, 178
537012.5.peg.1507.site.48, 127, 129, 256
537012.5.peg.1507.site.49, 6, 130, 136
537012.5.peg.1507.site.50, 6, 130, 136
537012.5.peg.1507.site.51, 6, 130, 136
537012.5.peg.1507.site.52, 6, 130, 136
537012.5.peg.1507.site.53, 0, 130, 130
537012.5.peg.1507.site.54, 3, 129, 132
537012.5.peg.1507.site.55, 6, 129, 135
537012.5.peg.1507.site.56, 1, 129, 130
537012.5.peg.1507.site.57, 3, 129, 132
537012.5.peg.1507.site.58, 36, 130, 166
537012.5.peg.1507.site.59, 48, 130, 178
537012.5.peg.1507.site.60, 2, 130, 132
537012.5.peg.1507.site.61, 7, 130, 137
537012.5.peg.1507.site.62, 7, 130, 137
537012.5.peg.1507.site.63, 7, 130, 137
537012.5.peg.1507.site.64, 4, 129, 133
537012.5.peg.1507.site.65, 3, 128, 131
537012.5.peg.1507.site.66, 4, 129, 133
537012.5.peg.1507.site.67, 3, 130, 133
537012.5.peg.1507.site.68, 5, 129, 134
537012.5.peg.1507.site.69, 13, 130, 143
537012.5.peg.1507.site.70, 40, 129, 169
537012.5.peg.1507.site.71, 6, 130, 136
537012.5.peg.1507.site.72, 7, 130, 137
537012.5.peg.1507.site.73, 1, 130, 131
537012.5.peg.1507.site.74, 50, 128, 178
537012.5.peg.1507.site.75, 85, 128, 213
537012.5.peg.1507.site.76, 6, 128, 134
537012.5.peg.1507.site.77, 6, 129, 135
537012.5.peg.1507.site.78, 0, 128, 128
537012.5.peg.1507.site.79, 1, 129, 130
537012.5.peg.1507.site.80, 8, 129, 137
537012.5.peg.1507.site.81, 15, 128, 143
537012.5.peg.1507.site.82, 1, 129, 130
537012.5.peg.1507.site.83, 1, 130, 131
537012.5.peg.1507.site.84, 81, 130, 211
537012.5.peg.1507.site.85, 1, 130, 131
537012.5.peg.1507.site.86, 88, 130, 218
537012.5.peg.1507.site.87, 1, 129, 130
537012.5.peg.1507.site.88, 98, 128, 226
537012.5.peg.1507.site.89, 1, 128, 129
537012.5.peg.1507.site.90, 1, 129, 130
537012.5.peg.1507.site.91, 3, 130, 133
537012.5.peg.1507.site.92, 106, 130, 236
537012.5.peg.1507.site.93, 1, 130, 131
537012.5.peg.1507.site.94, 1, 129, 130
537012.5.peg.1504.site.1, 2, 126, 128
537012.5.peg.1504.site.2, 12, 125, 137
537012.5.peg.1504.site.3, 1, 126, 127
537012.5.peg.1504.site.4, 1, 128, 129
537012.5.peg.1504.site.5, 125, 127, 252
537012.5.peg.1504.site.6, 26, 125, 151
537012.5.peg.1504.site.7, 1, 129, 130
537012.5.peg.1504.site.8, 6, 129, 135
537012.5.peg.1504.site.9, 6, 130, 136
537012.5.peg.1504.site.10, 6, 130, 136
537012.5.peg.1504.site.11, 1, 129, 130
537012.5.peg.1504.site.12, 4, 130, 134
537012.5.peg.1502.site.1, 6, 130, 136
537012.5.peg.1502.site.2, 1, 130, 131
537012.5.peg.1502.site.3, 6, 130, 136
537012.5.peg.1502.site.4, 6, 130, 136
537012.5.peg.1502.site.5, 1, 127, 128
537012.5.peg.1502.site.6, 1, 127, 128
537012.5.peg.1502.site.7, 6, 129, 135
537012.5.peg.1502.site.8, 1, 130, 131
537012.5.peg.1502.site.9, 3, 127, 130
537012.5.peg.1502.site.10, 1, 125, 126
537012.5.peg.1502.site.11, 113, 125, 238
537012.5.peg.1502.site.12, 115, 124, 239
537012.5.peg.1502.site.13, 116, 125, 241
537012.5.peg.1503.site.1, 36, 128, 164
537012.5.peg.1503.site.2, 7, 129, 136
537012.5.peg.1503.site.3, 1, 129, 130
537012.5.peg.1503.site.4, 6, 129, 135
537012.5.peg.1503.site.5, 2, 128, 130
537012.5.peg.1503.site.6, 6, 129, 135
537012.5.peg.1503.site.7, 1, 129, 130
537012.5.peg.1503.site.8, 7, 130, 137
537012.5.peg.1503.site.9, 11, 129, 140
537012.5.peg.1503.site.10, 114, 125, 239
537012.5.peg.1503.site.11, 1, 124, 125
537012.5.peg.1503.site.12, 2, 123, 125
537012.5.peg.1503.site.13, 1, 124, 125
537012.5.peg.1503.site.14, 2, 128, 130
537012.5.peg.1503.site.15, 3, 127, 130
537012.5.peg.1503.site.16, 1, 129, 130
537012.5.peg.1503.site.17, 7, 129, 136
537012.5.peg.1503.site.18, 5, 130, 135
537012.5.peg.1500.site.1, 0, 130, 130
537012.5.peg.1500.site.2, 7, 130, 137
537012.5.peg.1500.site.3, 0, 130, 130
537012.5.peg.1500.site.4, 31, 130, 161
537012.5.peg.1500.site.5, 121, 130, 251
537012.5.peg.1500.site.6, 6, 129, 135
537012.5.peg.1500.site.7, 1, 129, 130
537012.5.peg.1500.site.8, 0, 130, 130
537012.5.peg.1500.site.9, 44, 130, 174
537012.5.peg.1500.site.10, 33, 130, 163
537012.5.peg.1500.site.11, 7, 130, 137
537012.5.peg.1500.site.12, 0, 129, 129
537012.5.peg.1500.site.13, 7, 129, 136
537012.5.peg.1500.site.14, 6, 129, 135
537012.5.peg.1500.site.15, 6, 129, 135
537012.5.peg.1500.site.16, 1, 128, 129
537012.5.peg.3794.site.1, 2, 128, 130
537012.5.peg.3794.site.2, 3, 127, 130
537012.5.peg.3794.site.3, 5, 132, 137
537012.5.peg.3794.site.4, 7, 132, 139
537012.5.peg.3794.site.5, 14, 132, 146
537012.5.peg.3794.site.6, 21, 106, 127
537012.5.peg.3794.site.7, 23, 120, 143
537012.5.peg.3794.site.8, 22, 126, 148
537012.5.peg.3794.site.9, 5, 131, 136
537012.5.peg.3794.site.10, 16, 129, 145
537012.5.peg.3794.site.11, 1, 127, 128
537012.5.peg.3794.site.12, 1, 127, 128
537012.5.peg.3794.site.13, 2, 128, 130
537012.5.peg.3794.site.14, 1, 124, 125
537012.5.peg.3794.site.15, 3, 123, 126
537012.5.peg.3794.site.16, 5, 123, 128
537012.5.peg.3794.site.17, 6, 123, 129
537012.5.peg.3794.site.18, 1, 124, 125
537012.5.peg.3794.site.19, 4, 124, 128
537012.5.peg.3794.site.20, 14, 123, 137
537012.5.peg.3794.site.21, 2, 94, 96
537012.5.peg.806.site.1, 1, 130, 131
537012.5.peg.806.site.2, 1, 131, 132
537012.5.peg.806.site.3, 4, 131, 135
537012.5.peg.806.site.4, 38, 130, 168
537012.5.peg.806.site.5, 7, 134, 141
537012.5.peg.806.site.6, 7, 134, 141
537012.5.peg.806.site.7, 5, 133, 138
537012.5.peg.806.site.8, 7, 134, 141
537012.5.peg.806.site.9, 32, 132, 164
537012.5.peg.806.site.10, 5, 134, 139
537012.5.peg.806.site.11, 10, 134, 144
537012.5.peg.806.site.12, 4, 133, 137
537012.5.peg.806.site.13, 3, 134, 137
537012.5.peg.806.site.14, 13, 134, 147
537012.5.peg.806.site.15, 0, 132, 132
537012.5.peg.806.site.16, 20, 134, 154
537012.5.peg.806.site.17, 0, 132, 132
537012.5.peg.806.site.18, 0, 132, 132
537012.5.peg.806.site.19, 48, 130, 178
537012.5.peg.806.site.20, 0, 133, 133
537012.5.peg.806.site.21, 3, 132, 135
537012.5.peg.806.site.22, 0, 131, 131
537012.5.peg.806.site.23, 43, 131, 174
537012.5.peg.806.site.24, 33, 134, 167
537012.5.peg.806.site.25, 17, 134, 151
537012.5.peg.806.site.26, 7, 134, 141
537012.5.peg.806.site.27, 2, 133, 135
537012.5.peg.806.site.28, 7, 134, 141
537012.5.peg.806.site.29, 4, 132, 136
537012.5.peg.806.site.30, 7, 134, 141
537012.5.peg.806.site.31, 2, 134, 136
537012.5.peg.806.site.32, 0, 127, 127
537012.5.peg.806.site.33, 19, 131, 150
537012.5.peg.806.site.34, 2, 130, 132
537012.5.peg.806.site.35, 6, 130, 136
537012.5.peg.806.site.36, 9, 131, 140
537012.5.peg.806.site.37, 7, 131, 138
537012.5.peg.806.site.38, 26, 134, 160
537012.5.peg.806.site.39, 16, 134, 150
537012.5.peg.806.site.40, 5, 133, 138
537012.5.peg.805.site.1, 1, 127, 128
537012.5.peg.805.site.2, 20, 133, 153
537012.5.peg.805.site.3, 5, 134, 139
537012.5.peg.805.site.4, 25, 132, 157
537012.5.peg.805.site.5, 25, 133, 158
537012.5.peg.805.site.6, 13, 134, 147
537012.5.peg.805.site.7, 2, 134, 136
537012.5.peg.805.site.8, 13, 134, 147
537012.5.peg.805.site.9, 5, 133, 138
537012.5.peg.805.site.10, 2, 134, 136
537012.5.peg.805.site.11, 6, 134, 140
537012.5.peg.805.site.12, 13, 134, 147
537012.5.peg.805.site.13, 17, 134, 151
537012.5.peg.805.site.14, 12, 133, 145
537012.5.peg.805.site.15, 127, 133, 260
537012.5.peg.805.site.16, 4, 134, 138
537012.5.peg.805.site.17, 13, 134, 147
537012.5.peg.805.site.18, 4, 134, 138
537012.5.peg.805.site.19, 4, 134, 138
537012.5.peg.805.site.20, 45, 133, 178
537012.5.peg.805.site.21, 5, 133, 138
537012.5.peg.805.site.22, 27, 132, 159
537012.5.peg.805.site.23, 45, 133, 178
537012.5.peg.805.site.24, 4, 134, 138
537012.5.peg.805.site.25, 7, 134, 141
537012.5.peg.805.site.26, 48, 132, 180
537012.5.peg.805.site.27, 8, 133, 141
537012.5.peg.805.site.28, 4, 134, 138
537012.5.peg.805.site.29, 0, 134, 134
537012.5.peg.805.site.30, 5, 134, 139
537012.5.peg.805.site.31, 5, 134, 139
537012.5.peg.805.site.32, 5, 134, 139
537012.5.peg.805.site.33, 5, 134, 139
537012.5.peg.805.site.34, 13, 134, 147
537012.5.peg.805.site.35, 82, 133, 215
537012.5.peg.805.site.36, 2, 133, 135
537012.5.peg.805.site.37, 4, 132, 136
537012.5.peg.805.site.38, 4, 134, 138
537012.5.peg.805.site.39, 4, 134, 138
537012.5.peg.805.site.40, 0, 133, 133
537012.5.peg.805.site.41, 1, 134, 135
537012.5.peg.805.site.42, 10, 132, 142
537012.5.peg.805.site.43, 1, 134, 135
537012.5.peg.805.site.44, 17, 134, 151
537012.5.peg.805.site.45, 131, 133, 264
537012.5.peg.805.site.46, 11, 132, 143
537012.5.peg.805.site.47, 4, 132, 136
537012.5.peg.805.site.48, 0, 134, 134
537012.5.peg.804.site.1, 0, 132, 132
537012.5.peg.804.site.2, 7, 131, 138
537012.5.peg.804.site.3, 9, 133, 142
537012.5.peg.804.site.4, 3, 134, 137
537012.5.peg.804.site.5, 6, 134, 140
537012.5.peg.804.site.6, 1, 134, 135
537012.5.peg.804.site.7, 6, 134, 140
537012.5.peg.804.site.8, 13, 134, 147
537012.5.peg.804.site.9, 0, 133, 133
537012.5.peg.804.site.10, 1, 134, 135
537012.5.peg.804.site.11, 1, 134, 135
537012.5.peg.804.site.12, 4, 133, 137
537012.5.peg.804.site.13, 6, 134, 140
537012.5.peg.804.site.14, 1, 134, 135
537012.5.peg.804.site.15, 7, 134, 141
537012.5.peg.804.site.16, 2, 133, 135
537012.5.peg.804.site.17, 10, 134, 144
537012.5.peg.804.site.18, 1, 134, 135
537012.5.peg.804.site.19, 10, 134, 144
537012.5.peg.804.site.20, 5, 133, 138
537012.5.peg.804.site.21, 0, 134, 134
537012.5.peg.804.site.22, 11, 132, 143
537012.5.peg.804.site.23, 24, 134, 158
537012.5.peg.804.site.24, 1, 134, 135
537012.5.peg.804.site.25, 6, 134, 140
537012.5.peg.804.site.26, 1, 134, 135
537012.5.peg.804.site.27, 21, 132, 153
537012.5.peg.804.site.28, 8, 131, 139
537012.5.peg.804.site.29, 21, 132, 153
537012.5.peg.804.site.30, 45, 131, 176
537012.5.peg.804.site.31, 24, 134, 158
537012.5.peg.804.site.32, 24, 131, 155
537012.5.peg.804.site.33, 4, 131, 135
537012.5.peg.804.site.34, 5, 131, 136
537012.5.peg.804.site.35, 6, 132, 138
537012.5.peg.804.site.36, 5, 133, 138
537012.5.peg.804.site.37, 29, 134, 163
537012.5.peg.804.site.38, 4, 131, 135
537012.5.peg.804.site.39, 9, 130, 139
537012.5.peg.804.site.40, 9, 130, 139
537012.5.peg.804.site.41, 1, 130, 131
537012.5.peg.804.site.42, 1, 134, 135
537012.5.peg.804.site.43, 12, 133, 145
537012.5.peg.804.site.44, 39, 133, 172
537012.5.peg.804.site.45, 92, 134, 226
537012.5.peg.804.site.46, 10, 134, 144
537012.5.peg.804.site.47, 2, 134, 136
537012.5.peg.804.site.48, 7, 134, 141
537012.5.peg.804.site.49, 7, 134, 141
537012.5.peg.804.site.50, 1, 134, 135
537012.5.peg.804.site.51, 6, 134, 140
537012.5.peg.804.site.52, 6, 134, 140
537012.5.peg.804.site.53, 8, 134, 142
537012.5.peg.804.site.54, 10, 134, 144
537012.5.peg.804.site.55, 2, 134, 136
537012.5.peg.804.site.56, 0, 133, 133
537012.5.peg.804.site.57, 2, 134, 136
537012.5.peg.804.site.58, 2, 134, 136
537012.5.peg.804.site.59, 1, 134, 135
537012.5.peg.804.site.60, 2, 134, 136
537012.5.peg.804.site.61, 2, 134, 136
537012.5.peg.804.site.62, 10, 132, 142
537012.5.peg.804.site.63, 50, 132, 182
537012.5.peg.804.site.64, 42, 131, 173
537012.5.peg.804.site.65, 4, 134, 138
537012.5.peg.804.site.66, 4, 132, 136
537012.5.peg.804.site.67, 119, 134, 253
537012.5.peg.804.site.68, 0, 134, 134
537012.5.peg.804.site.69, 2, 131, 133
537012.5.peg.804.site.70, 2, 133, 135
537012.5.peg.804.site.71, 5, 133, 138
537012.5.peg.804.site.72, 0, 134, 134
537012.5.peg.804.site.73, 1, 134, 135
537012.5.peg.804.site.74, 5, 134, 139
537012.5.peg.804.site.75, 2, 134, 136
537012.5.peg.804.site.76, 4, 132, 136
537012.5.peg.804.site.77, 1, 129, 130
537012.5.peg.803.site.1, 34, 126, 160
537012.5.peg.803.site.2, 3, 123, 126
537012.5.peg.803.site.3, 1, 127, 128
537012.5.peg.803.site.4, 0, 127, 127
537012.5.peg.803.site.5, 42, 127, 169
537012.5.peg.803.site.6, 113, 126, 239
537012.5.peg.803.site.7, 3, 127, 130
537012.5.peg.803.site.8, 8, 125, 133
537012.5.peg.803.site.9, 12, 127, 139
537012.5.peg.803.site.10, 0, 127, 127
537012.5.peg.803.site.11, 2, 129, 131
537012.5.peg.803.site.12, 2, 132, 134
537012.5.peg.803.site.13, 0, 132, 132
537012.5.peg.803.site.14, 5, 132, 137
537012.5.peg.803.site.15, 1, 133, 134
537012.5.peg.803.site.16, 0, 132, 132
537012.5.peg.803.site.17, 3, 133, 136
537012.5.peg.803.site.18, 5, 131, 136
537012.5.peg.803.site.19, 7, 132, 139
537012.5.peg.803.site.20, 3, 132, 135
537012.5.peg.803.site.21, 1, 131, 132
537012.5.peg.803.site.22, 4, 134, 138
537012.5.peg.803.site.23, 11, 132, 143
537012.5.peg.803.site.24, 2, 134, 136
537012.5.peg.803.site.25, 7, 134, 141
537012.5.peg.803.site.26, 11, 132, 143
537012.5.peg.803.site.27, 3, 134, 137
537012.5.peg.803.site.28, 18, 134, 152
537012.5.peg.803.site.29, 75, 133, 208
537012.5.peg.803.site.30, 7, 134, 141
537012.5.peg.803.site.31, 84, 132, 216
537012.5.peg.803.site.32, 4, 134, 138
537012.5.peg.803.site.33, 6, 134, 140
537012.5.peg.803.site.34, 5, 134, 139
537012.5.peg.803.site.35, 6, 134, 140
537012.5.peg.803.site.36, 2, 134, 136
537012.5.peg.803.site.37, 7, 131, 138
537012.5.peg.803.site.38, 7, 132, 139
537012.5.peg.803.site.39, 3, 133, 136
537012.5.peg.803.site.40, 43, 130, 173
537012.5.peg.803.site.41, 57, 132, 189
537012.5.peg.803.site.42, 73, 130, 203
537012.5.peg.803.site.43, 5, 132, 137
537012.5.peg.803.site.44, 4, 133, 137
537012.5.peg.803.site.45, 57, 132, 189
537012.5.peg.803.site.46, 6, 132, 138
537012.5.peg.803.site.47, 3, 134, 137
537012.5.peg.803.site.48, 5, 132, 137
537012.5.peg.803.site.49, 1, 133, 134
537012.5.peg.803.site.50, 22, 130, 152
537012.5.peg.803.site.51, 5, 133, 138
537012.5.peg.803.site.52, 8, 133, 141
537012.5.peg.803.site.53, 3, 132, 135
537012.5.peg.803.site.54, 9, 133, 142
537012.5.peg.803.site.55, 1, 131, 132
537012.5.peg.803.site.56, 2, 130, 132
537012.5.peg.803.site.57, 4, 131, 135
537012.5.peg.803.site.58, 1, 126, 127
537012.5.peg.803.site.59, 5, 127, 132
537012.5.peg.803.site.60, 9, 128, 137
537012.5.peg.803.site.61, 4, 127, 131
537012.5.peg.803.site.62, 2, 91, 93
537012.5.peg.803.site.63, 7, 95, 102
537012.5.peg.803.site.64, 6, 132, 138
537012.5.peg.803.site.65, 4, 129, 133
537012.5.peg.803.site.66, 4, 122, 126
537012.5.peg.802.site.1, 9, 126, 135
537012.5.peg.802.site.2, 13, 127, 140
537012.5.peg.802.site.3, 12, 127, 139
537012.5.peg.802.site.4, 59, 124, 183
537012.5.peg.802.site.5, 9, 126, 135
537012.5.peg.802.site.6, 5, 125, 130
537012.5.peg.802.site.7, 60, 125, 185
537012.5.peg.802.site.8, 11, 127, 138
537012.5.peg.802.site.9, 8, 127, 135
537012.5.peg.802.site.10, 34, 125, 159
537012.5.peg.802.site.11, 2, 127, 129
537012.5.peg.802.site.12, 2, 125, 127
537012.5.peg.802.site.13, 3, 127, 130
537012.5.peg.802.site.14, 30, 127, 157
537012.5.peg.802.site.15, 3, 126, 129
537012.5.peg.802.site.16, 4, 126, 130
537012.5.peg.802.site.17, 0, 126, 126
537012.5.peg.802.site.18, 8, 127, 135
537012.5.peg.802.site.19, 4, 124, 128
537012.5.peg.802.site.20, 119, 127, 246
537012.5.peg.802.site.21, 0, 125, 125
537012.5.peg.802.site.22, 3, 127, 130
537012.5.peg.802.site.23, 12, 125, 137
537012.5.peg.802.site.24, 0, 127, 127
537012.5.peg.802.site.25, 4, 125, 129
537012.5.peg.802.site.26, 36, 125, 161
537012.5.peg.802.site.27, 1, 127, 128
537012.5.peg.802.site.28, 15, 125, 140
537012.5.peg.802.site.29, 4, 125, 129
537012.5.peg.802.site.30, 16, 125, 141
537012.5.peg.802.site.31, 0, 127, 127
537012.5.peg.802.site.32, 3, 127, 130
537012.5.peg.802.site.33, 3, 127, 130
537012.5.peg.802.site.34, 0, 127, 127
537012.5.peg.802.site.35, 5, 125, 130
537012.5.peg.802.site.36, 8, 127, 135
537012.5.peg.802.site.37, 3, 127, 130
537012.5.peg.802.site.38, 16, 125, 141
537012.5.peg.802.site.39, 103, 125, 228
537012.5.peg.802.site.40, 4, 125, 129
537012.5.peg.802.site.41, 11, 127, 138
537012.5.peg.802.site.42, 0, 127, 127
537012.5.peg.802.site.43, 3, 127, 130
537012.5.peg.802.site.44, 16, 127, 143
537012.5.peg.802.site.45, 3, 127, 130
537012.5.peg.802.site.46, 27, 127, 154
537012.5.peg.802.site.47, 7, 127, 134
537012.5.peg.802.site.48, 3, 127, 130
537012.5.peg.802.site.49, 7, 125, 132
537012.5.peg.802.site.50, 8, 127, 135
537012.5.peg.802.site.51, 4, 125, 129
537012.5.peg.802.site.52, 4, 125, 129
537012.5.peg.802.site.53, 57, 127, 184
537012.5.peg.802.site.54, 23, 127, 150
537012.5.peg.802.site.55, 15, 126, 141
537012.5.peg.802.site.56, 1, 127, 128
537012.5.peg.802.site.57, 37, 125, 162
537012.5.peg.802.site.58, 10, 127, 137
537012.5.peg.802.site.59, 100, 124, 224
537012.5.peg.802.site.60, 4, 125, 129
537012.5.peg.802.site.61, 5, 127, 132
537012.5.peg.802.site.62, 1, 127, 128
537012.5.peg.802.site.63, 62, 126, 188
537012.5.peg.802.site.64, 5, 127, 132
537012.5.peg.802.site.65, 116, 127, 243
537012.5.peg.802.site.66, 111, 125, 236
537012.5.peg.802.site.67, 1, 127, 128
537012.5.peg.802.site.68, 4, 126, 130
537012.5.peg.802.site.69, 1, 126, 127
537012.5.peg.802.site.70, 0, 123, 123
537012.5.peg.802.site.71, 1, 116, 117
537012.5.peg.802.site.72, 1, 116, 117
537012.5.peg.802.site.73, 1, 115, 116
537012.5.peg.801.site.1, 6, 124, 130
537012.5.peg.801.site.2, 0, 128, 128
537012.5.peg.801.site.3, 2, 131, 133
537012.5.peg.801.site.4, 21, 130, 151
537012.5.peg.801.site.5, 44, 130, 174
537012.5.peg.801.site.6, 5, 133, 138
537012.5.peg.801.site.7, 2, 133, 135
537012.5.peg.801.site.8, 1, 132, 133
537012.5.peg.801.site.9, 1, 131, 132
537012.5.peg.801.site.10, 28, 130, 158
537012.5.peg.801.site.11, 10, 130, 140
537012.5.peg.801.site.12, 2, 130, 132
537012.5.peg.801.site.13, 56, 131, 187
537012.5.peg.801.site.14, 1, 129, 130
537012.5.peg.801.site.15, 0, 126, 126
537012.5.peg.801.site.16, 1, 129, 130
537012.5.peg.801.site.17, 19, 130, 149
537012.5.peg.801.site.18, 1, 132, 133
537012.5.peg.801.site.19, 9, 130, 139
537012.5.peg.801.site.20, 25, 124, 149
537012.5.peg.801.site.21, 26, 126, 152
537012.5.peg.801.site.22, 2, 129, 131
537012.5.peg.801.site.23, 1, 127, 128
537012.5.peg.801.site.24, 2, 128, 130
537012.5.peg.801.site.25, 29, 128, 157
537012.5.peg.801.site.26, 15, 128, 143
537012.5.peg.801.site.27, 1, 134, 135
537012.5.peg.801.site.28, 0, 133, 133
537012.5.peg.801.site.29, 2, 130, 132
537012.5.peg.801.site.30, 2, 128, 130
537012.5.peg.801.site.31, 36, 130, 166
537012.5.peg.801.site.32, 14, 128, 142
537012.5.peg.801.site.33, 3, 131, 134
537012.5.peg.801.site.34, 41, 131, 172
537012.5.peg.801.site.35, 2, 131, 133
537012.5.peg.801.site.36, 2, 131, 133
537012.5.peg.801.site.37, 55, 129, 184
537012.5.peg.801.site.38, 1, 130, 131
537012.5.peg.801.site.39, 3, 131, 134
537012.5.peg.801.site.40, 8, 132, 140
537012.5.peg.801.site.41, 17, 132, 149
537012.5.peg.801.site.42, 17, 133, 150
537012.5.peg.801.site.43, 98, 133, 231
537012.5.peg.801.site.44, 1, 132, 133
537012.5.peg.801.site.45, 17, 134, 151
537012.5.peg.801.site.46, 1, 134, 135
537012.5.peg.801.site.47, 22, 132, 154
537012.5.peg.801.site.48, 3, 132, 135
537012.5.peg.801.site.49, 1, 134, 135
537012.5.peg.801.site.50, 1, 134, 135
537012.5.peg.801.site.51, 3, 131, 134
537012.5.peg.801.site.52, 2, 133, 135
537012.5.peg.801.site.53, 28, 133, 161
537012.5.peg.801.site.54, 1, 132, 133
537012.5.peg.801.site.55, 1, 130, 131
537012.5.peg.801.site.56, 3, 130, 133
537012.5.peg.801.site.57, 14, 127, 141
537012.5.peg.801.site.58, 17, 134, 151
537012.5.peg.801.site.59, 4, 132, 136
537012.5.peg.801.site.60, 4, 134, 138
537012.5.peg.801.site.61, 1, 134, 135
537012.5.peg.801.site.62, 3, 134, 137
537012.5.peg.801.site.63, 2, 133, 135
537012.5.peg.801.site.64, 2, 132, 134
537012.5.peg.801.site.65, 63, 130, 193
537012.5.peg.801.site.66, 12, 133, 145
537012.5.peg.801.site.67, 1, 134, 135
537012.5.peg.801.site.68, 2, 134, 136
537012.5.peg.801.site.69, 1, 133, 134
537012.5.peg.801.site.70, 4, 132, 136
537012.5.peg.801.site.71, 9, 134, 143
537012.5.peg.801.site.72, 3, 134, 137
537012.5.peg.801.site.73, 106, 134, 240
537012.5.peg.800.site.1, 4, 129, 133
537012.5.peg.800.site.2, 4, 129, 133
537012.5.peg.800.site.3, 0, 131, 131
537012.5.peg.800.site.4, 19, 130, 149
537012.5.peg.800.site.5, 4, 132, 136
537012.5.peg.800.site.6, 3, 129, 132
537012.5.peg.800.site.7, 2, 133, 135
537012.5.peg.800.site.8, 4, 131, 135
537012.5.peg.800.site.9, 4, 130, 134
537012.5.peg.800.site.10, 2, 133, 135
537012.5.peg.800.site.11, 5, 133, 138
537012.5.peg.800.site.12, 6, 132, 138
537012.5.peg.800.site.13, 3, 131, 134
537012.5.peg.800.site.14, 14, 132, 146
537012.5.peg.800.site.15, 3, 132, 135
537012.5.peg.800.site.16, 3, 132, 135
537012.5.peg.800.site.17, 12, 112, 124
537012.5.peg.800.site.18, 10, 110, 120
537012.5.peg.800.site.19, 1, 111, 112
537012.5.peg.800.site.20, 1, 119, 120
537012.5.peg.800.site.21, 23, 122, 145
537012.5.peg.800.site.22, 17, 128, 145
537012.5.peg.800.site.23, 1, 134, 135
537012.5.peg.800.site.24, 5, 133, 138
537012.5.peg.800.site.25, 1, 134, 135
537012.5.peg.800.site.26, 23, 133, 156
537012.5.peg.800.site.27, 4, 132, 136
537012.5.peg.800.site.28, 63, 134, 197
537012.5.peg.800.site.29, 5, 132, 137
537012.5.peg.800.site.30, 11, 134, 145
537012.5.peg.800.site.31, 1, 134, 135
537012.5.peg.800.site.32, 5, 132, 137
537012.5.peg.800.site.33, 1, 133, 134
537012.5.peg.800.site.34, 1, 134, 135
537012.5.peg.800.site.35, 77, 132, 209
537012.5.peg.800.site.36, 49, 133, 182
537012.5.peg.800.site.37, 1, 133, 134
537012.5.peg.800.site.38, 4, 132, 136
537012.5.peg.800.site.39, 22, 132, 154
537012.5.peg.800.site.40, 79, 132, 211
537012.5.peg.800.site.41, 1, 134, 135
537012.5.peg.800.site.42, 29, 133, 162
537012.5.peg.800.site.43, 2, 131, 133
537012.5.peg.800.site.44, 1, 130, 131
537012.5.peg.800.site.45, 32, 129, 161
537012.5.peg.800.site.46, 18, 130, 148
537012.5.peg.800.site.47, 16, 127, 143
537012.5.peg.800.site.48, 6, 128, 134
537012.5.peg.800.site.49, 29, 129, 158
537012.5.peg.800.site.50, 26, 127, 153
537012.5.peg.800.site.51, 15, 126, 141
537012.5.peg.800.site.52, 22, 122, 144
537012.5.peg.800.site.53, 17, 129, 146
537012.5.peg.800.site.54, 18, 130, 148
537012.5.peg.800.site.55, 17, 130, 147
537012.5.peg.800.site.56, 3, 130, 133
537012.5.peg.800.site.57, 1, 127, 128
537012.5.peg.800.site.58, 0, 129, 129
537012.5.peg.800.site.59, 4, 132, 136
537012.5.peg.800.site.60, 1, 133, 134
537012.5.peg.800.site.61, 15, 132, 147
537012.5.peg.800.site.62, 5, 132, 137
537012.5.peg.800.site.63, 4, 131, 135
537012.5.peg.800.site.64, 20, 132, 152
537012.5.peg.800.site.65, 17, 133, 150
537012.5.peg.800.site.66, 2, 133, 135
537012.5.peg.800.site.67, 18, 129, 147
537012.5.peg.800.site.68, 9, 129, 138
537012.5.peg.800.site.69, 32, 128, 160
537012.5.peg.800.site.70, 2, 129, 131
537012.5.peg.800.site.71, 1, 130, 131
537012.5.peg.800.site.72, 2, 130, 132
537012.5.peg.800.site.73, 1, 130, 131
537012.5.peg.800.site.74, 0, 129, 129
537012.5.peg.800.site.75, 0, 129, 129
537012.5.peg.800.site.76, 0, 129, 129
537012.5.peg.800.site.77, 9, 132, 141
537012.5.peg.800.site.78, 1, 132, 133
537012.5.peg.800.site.79, 0, 120, 120
537012.5.peg.800.site.80, 0, 117, 117
537012.5.peg.800.site.81, 3, 115, 118
537012.5.peg.800.site.82, 2, 118, 120
537012.5.peg.3796.site.1, 1, 125, 126
537012.5.peg.3796.site.2, 2, 125, 127
537012.5.peg.3796.site.3, 118, 123, 241
537012.5.peg.3796.site.4, 0, 128, 128
537012.5.peg.3796.site.5, 2, 128, 130
537012.5.peg.3796.site.6, 1, 128, 129
537012.5.peg.3796.site.7, 0, 128, 128
537012.5.peg.3796.site.8, 0, 127, 127
537012.5.peg.3796.site.9, 1, 128, 129
537012.5.peg.3796.site.10, 1, 127, 128
537012.5.peg.3796.site.11, 11, 127, 138
537012.5.peg.3796.site.12, 1, 127, 128
537012.5.peg.3796.site.13, 11, 129, 140
537012.5.peg.3796.site.14, 44, 130, 174
537012.5.peg.3796.site.15, 7, 131, 138
537012.5.peg.3796.site.16, 1, 132, 133
537012.5.peg.3796.site.17, 6, 133, 139
537012.5.peg.3796.site.18, 4, 131, 135
537012.5.peg.3796.site.19, 1, 133, 134
537012.5.peg.241.site.1, 1, 120, 121
537012.5.peg.241.site.2, 0, 120, 120
537012.5.peg.241.site.3, 2, 130, 132
537012.5.peg.241.site.4, 1, 130, 131
537012.5.peg.241.site.5, 6, 130, 136
537012.5.peg.241.site.6, 1, 127, 128
537012.5.peg.241.site.7, 6, 120, 126
537012.5.peg.241.site.8, 1, 124, 125
537012.5.peg.241.site.9, 1, 126, 127
537012.5.peg.241.site.10, 1, 124, 125
537012.5.peg.241.site.11, 1, 102, 103
537012.5.peg.241.site.12, 2, 83, 85
537012.5.peg.241.site.13, 5, 81, 86
537012.5.peg.241.site.14, 48, 82, 130
537012.5.peg.241.site.15, 6, 83, 89
537012.5.peg.241.site.16, 14, 84, 98
537012.5.peg.241.site.17, 1, 91, 92
537012.5.peg.241.site.18, 7, 91, 98
537012.5.peg.241.site.19, 32, 94, 126
537012.5.peg.241.site.20, 0, 92, 92
537012.5.peg.241.site.21, 1, 105, 106
537012.5.peg.241.site.22, 48, 103, 151
537012.5.peg.241.site.23, 0, 106, 106
537012.5.peg.241.site.24, 2, 106, 108
537012.5.peg.241.site.25, 0, 108, 108
537012.5.peg.241.site.26, 4, 90, 94
537012.5.peg.241.site.27, 21, 125, 146
537012.5.peg.241.site.28, 95, 127, 222
537012.5.peg.241.site.29, 2, 129, 131
537012.5.peg.241.site.30, 1, 129, 130
537012.5.peg.241.site.31, 6, 129, 135
537012.5.peg.241.site.32, 12, 130, 142
537012.5.peg.241.site.33, 2, 130, 132
537012.5.peg.241.site.34, 9, 131, 140
537012.5.peg.241.site.35, 1, 130, 131
537012.5.peg.241.site.36, 6, 131, 137
537012.5.peg.241.site.37, 1, 129, 130
537012.5.peg.241.site.38, 1, 129, 130
537012.5.peg.241.site.39, 2, 130, 132
537012.5.peg.241.site.40, 0, 130, 130
537012.5.peg.241.site.41, 2, 130, 132
537012.5.peg.241.site.42, 1, 128, 129
537012.5.peg.241.site.43, 1, 129, 130
537012.5.peg.241.site.44, 76, 126, 202
537012.5.peg.241.site.45, 21, 111, 132
537012.5.peg.240.site.1, 1, 130, 131
537012.5.peg.240.site.2, 5, 130, 135
537012.5.peg.240.site.3, 1, 131, 132
537012.5.peg.240.site.4, 4, 128, 132
537012.5.peg.240.site.5, 44, 126, 170
537012.5.peg.240.site.6, 87, 127, 214
537012.5.peg.240.site.7, 84, 126, 210
537012.5.peg.240.site.8, 7, 127, 134
537012.5.peg.240.site.9, 121, 128, 249
537012.5.peg.240.site.10, 1, 125, 126
537012.5.peg.240.site.11, 1, 124, 125
537012.5.peg.240.site.12, 1, 123, 124
537012.5.peg.240.site.13, 6, 126, 132
537012.5.peg.240.site.14, 3, 126, 129
537012.5.peg.240.site.15, 1, 127, 128
537012.5.peg.240.site.16, 1, 128, 129
537012.5.peg.240.site.17, 34, 128, 162
537012.5.peg.240.site.18, 6, 127, 133
537012.5.peg.240.site.19, 1, 126, 127
537012.5.peg.240.site.20, 6, 113, 119
537012.5.peg.240.site.21, 6, 110, 116
537012.5.peg.240.site.22, 2, 105, 107
537012.5.peg.240.site.23, 3, 108, 111
537012.5.peg.240.site.24, 0, 121, 121
537012.5.peg.1231.site.1, 24, 123, 147
537012.5.peg.1231.site.2, 3, 122, 125
537012.5.peg.1231.site.3, 5, 123, 128
537012.5.peg.1231.site.4, 49, 122, 171
537012.5.peg.1231.site.5, 2, 122, 124
537012.5.peg.1231.site.6, 2, 123, 125
537012.5.peg.1231.site.7, 59, 122, 181
537012.5.peg.1231.site.8, 0, 121, 121
537012.5.peg.1231.site.9, 0, 121, 121
537012.5.peg.1231.site.10, 24, 123, 147
537012.5.peg.1231.site.11, 49, 123, 172
537012.5.peg.1231.site.12, 0, 122, 122
537012.5.peg.1231.site.13, 0, 123, 123
537012.5.peg.1231.site.14, 3, 122, 125
537012.5.peg.1231.site.15, 120, 121, 241
537012.5.peg.1231.site.16, 20, 120, 140
537012.5.peg.1231.site.17, 2, 123, 125
537012.5.peg.1231.site.18, 7, 122, 129
537012.5.peg.1231.site.19, 4, 122, 126
537012.5.peg.1231.site.20, 2, 122, 124
537012.5.peg.1231.site.21, 2, 123, 125
537012.5.peg.1231.site.22, 3, 123, 126
537012.5.peg.1231.site.23, 6, 123, 129
537012.5.peg.1231.site.24, 0, 123, 123
537012.5.peg.1231.site.25, 4, 122, 126
537012.5.peg.1231.site.26, 1, 121, 122
537012.5.peg.1231.site.27, 38, 119, 157
537012.5.peg.1231.site.28, 0, 122, 122
537012.5.peg.1231.site.29, 0, 122, 122
537012.5.peg.1231.site.30, 2, 122, 124
537012.5.peg.1231.site.31, 0, 122, 122
537012.5.peg.1231.site.32, 2, 123, 125
537012.5.peg.1231.site.33, 2, 123, 125
537012.5.peg.1231.site.34, 1, 123, 124
537012.5.peg.1231.site.35, 3, 122, 125
537012.5.peg.1232.site.1, 29, 120, 149
537012.5.peg.1232.site.2, 6, 121, 127
537012.5.peg.1232.site.3, 6, 123, 129
537012.5.peg.1232.site.4, 3, 123, 126
537012.5.peg.1232.site.5, 2, 123, 125
537012.5.peg.1232.site.6, 2, 123, 125
537012.5.peg.1232.site.7, 30, 123, 153
537012.5.peg.1232.site.8, 23, 122, 145
537012.5.peg.1232.site.9, 7, 120, 127
537012.5.peg.1232.site.10, 3, 123, 126
537012.5.peg.1232.site.11, 3, 123, 126
537012.5.peg.1232.site.12, 75, 123, 198
537012.5.peg.1232.site.13, 108, 123, 231
537012.5.peg.1232.site.14, 1, 121, 122
537012.5.peg.1232.site.15, 19, 121, 140
537012.5.peg.1232.site.16, 3, 119, 122
537012.5.peg.1232.site.17, 7, 123, 130
537012.5.peg.1232.site.18, 15, 122, 137
537012.5.peg.1232.site.19, 9, 122, 131
537012.5.peg.1232.site.20, 1, 123, 124
537012.5.peg.1232.site.21, 3, 122, 125
537012.5.peg.1232.site.22, 9, 123, 132
537012.5.peg.1232.site.23, 17, 123, 140
537012.5.peg.1233.site.1, 16, 131, 147
537012.5.peg.1233.site.2, 2, 132, 134
537012.5.peg.1233.site.3, 0, 131, 131
537012.5.peg.1233.site.4, 29, 134, 163
537012.5.peg.1233.site.5, 0, 133, 133
537012.5.peg.1233.site.6, 41, 132, 173
537012.5.peg.1233.site.7, 3, 134, 137
537012.5.peg.1233.site.8, 2, 134, 136
537012.5.peg.1233.site.9, 4, 132, 136
537012.5.peg.1233.site.10, 5, 133, 138
537012.5.peg.1233.site.11, 5, 134, 139
537012.5.peg.1233.site.12, 37, 134, 171
537012.5.peg.1233.site.13, 40, 134, 174
537012.5.peg.1233.site.14, 5, 134, 139
537012.5.peg.1233.site.15, 6, 134, 140
537012.5.peg.1233.site.16, 1, 134, 135
537012.5.peg.1233.site.17, 93, 134, 227
537012.5.peg.1233.site.18, 6, 132, 138
537012.5.peg.1233.site.19, 11, 131, 142
537012.5.peg.1233.site.20, 5, 133, 138
537012.5.peg.1233.site.21, 3, 134, 137
537012.5.peg.1233.site.22, 2, 134, 136
537012.5.peg.1233.site.23, 25, 134, 159
537012.5.peg.1233.site.24, 6, 134, 140
537012.5.peg.1233.site.25, 25, 133, 158
537012.5.peg.1233.site.26, 34, 132, 166
537012.5.peg.1233.site.27, 1, 134, 135
537012.5.peg.1233.site.28, 0, 134, 134
537012.5.peg.1233.site.29, 2, 133, 135
537012.5.peg.1233.site.30, 7, 132, 139
537012.5.peg.1233.site.31, 3, 131, 134
537012.5.peg.1233.site.32, 3, 131, 134
537012.5.peg.1233.site.33, 16, 131, 147
537012.5.peg.1233.site.34, 3, 130, 133
537012.5.peg.1233.site.35, 0, 128, 128
537012.5.peg.1233.site.36, 1, 130, 131
537012.5.peg.1233.site.37, 1, 129, 130
537012.5.peg.1233.site.38, 2, 130, 132
537012.5.peg.1233.site.39, 5, 131, 136
537012.5.peg.1233.site.40, 2, 131, 133
537012.5.peg.1233.site.41, 3, 130, 133
537012.5.peg.1233.site.42, 1, 131, 132
537012.5.peg.1233.site.43, 7, 129, 136
537012.5.peg.1233.site.44, 6, 131, 137
537012.5.peg.1233.site.45, 3, 134, 137
537012.5.peg.1233.site.46, 3, 134, 137
537012.5.peg.1233.site.47, 1, 133, 134
537012.5.peg.1233.site.48, 1, 134, 135
537012.5.peg.1233.site.49, 2, 133, 135
537012.5.peg.1233.site.50, 4, 131, 135
537012.5.peg.1233.site.51, 0, 132, 132
537012.5.peg.1234.site.1, 46, 134, 180
537012.5.peg.1234.site.2, 3, 133, 136
537012.5.peg.1234.site.3, 1, 134, 135
537012.5.peg.1234.site.4, 35, 134, 169
537012.5.peg.1234.site.5, 2, 133, 135
537012.5.peg.1234.site.6, 29, 134, 163
537012.5.peg.1234.site.7, 2, 133, 135
537012.5.peg.1234.site.8, 9, 132, 141
537012.5.peg.1234.site.9, 74, 133, 207
537012.5.peg.1234.site.10, 20, 133, 153
537012.5.peg.1234.site.11, 1, 132, 133
537012.5.peg.1234.site.12, 4, 132, 136
537012.5.peg.1234.site.13, 1, 134, 135
537012.5.peg.1234.site.14, 8, 132, 140
537012.5.peg.1234.site.15, 1, 132, 133
537012.5.peg.1234.site.16, 4, 134, 138
537012.5.peg.1234.site.17, 1, 134, 135
537012.5.peg.1234.site.18, 1, 134, 135
537012.5.peg.1234.site.19, 6, 134, 140
537012.5.peg.1234.site.20, 15, 133, 148
537012.5.peg.1234.site.21, 3, 133, 136
537012.5.peg.1234.site.22, 3, 131, 134
537012.5.peg.1234.site.23, 3, 131, 134
537012.5.peg.1234.site.24, 0, 129, 129
537012.5.peg.1234.site.25, 1, 131, 132
537012.5.peg.1234.site.26, 3, 131, 134
537012.5.peg.1234.site.27, 1, 131, 132
537012.5.peg.1234.site.28, 1, 131, 132
537012.5.peg.1234.site.29, 1, 130, 131
537012.5.peg.1234.site.30, 4, 130, 134
537012.5.peg.1234.site.31, 2, 131, 133
537012.5.peg.1234.site.32, 4, 132, 136
537012.5.peg.1234.site.33, 4, 132, 136
537012.5.peg.1234.site.34, 4, 132, 136
537012.5.peg.1234.site.35, 3, 134, 137
537012.5.peg.1234.site.36, 2, 134, 136
537012.5.peg.1234.site.37, 21, 133, 154
537012.5.peg.1234.site.38, 4, 134, 138
537012.5.peg.1234.site.39, 8, 134, 142
537012.5.peg.1234.site.40, 6, 133, 139
537012.5.peg.1234.site.41, 7, 132, 139
537012.5.peg.1235.site.1, 6, 125, 131
537012.5.peg.1235.site.2, 8, 127, 135
537012.5.peg.1235.site.3, 15, 129, 144
537012.5.peg.1235.site.4, 5, 133, 138
537012.5.peg.1235.site.5, 11, 132, 143
537012.5.peg.1235.site.6, 13, 132, 145
537012.5.peg.1235.site.7, 5, 132, 137
537012.5.peg.1235.site.8, 0, 134, 134
537012.5.peg.1235.site.9, 1, 134, 135
537012.5.peg.1235.site.10, 0, 132, 132
537012.5.peg.1235.site.11, 3, 133, 136
537012.5.peg.1235.site.12, 3, 134, 137
537012.5.peg.1235.site.13, 22, 132, 154
537012.5.peg.1235.site.14, 4, 114, 118
537012.5.peg.1235.site.15, 13, 105, 118
537012.5.peg.1235.site.16, 9, 107, 116
537012.5.peg.1235.site.17, 1, 111, 112
537012.5.peg.1235.site.18, 3, 117, 120
537012.5.peg.1235.site.19, 17, 117, 134
537012.5.peg.1235.site.20, 4, 120, 124
537012.5.peg.1235.site.21, 30, 64, 94
537012.5.peg.1235.site.22, 15, 47, 62
537012.5.peg.1235.site.23, 4, 39, 43
537012.5.peg.1235.site.24, 1, 48, 49
537012.5.peg.1235.site.25, 11, 47, 58
537012.5.peg.1432.site.1, 7, 129, 136
537012.5.peg.1432.site.2, 5, 129, 134
537012.5.peg.1432.site.3, 4, 128, 132
537012.5.peg.1432.site.4, 0, 128, 128
537012.5.peg.1432.site.5, 17, 126, 143
537012.5.peg.1432.site.6, 6, 128, 134
537012.5.peg.1432.site.7, 12, 125, 137
537012.5.peg.1432.site.8, 3, 127, 130
537012.5.peg.1432.site.9, 2, 126, 128
537012.5.peg.1432.site.10, 5, 117, 122
537012.5.peg.1432.site.11, 0, 110, 110
537012.5.peg.1432.site.12, 3, 106, 109
537012.5.peg.1432.site.13, 1, 105, 106
537012.5.peg.1432.site.14, 6, 102, 108
537012.5.peg.1432.site.15, 6, 110, 116
537012.5.peg.1432.site.16, 48, 108, 156
537012.5.peg.1432.site.17, 8, 126, 134
537012.5.peg.1432.site.18, 8, 124, 132
537012.5.peg.1432.site.19, 16, 124, 140
537012.5.peg.1432.site.20, 19, 123, 142
537012.5.peg.1432.site.21, 3, 124, 127
537012.5.peg.1432.site.22, 1, 123, 124
537012.5.peg.1432.site.23, 3, 120, 123
537012.5.peg.1432.site.24, 1, 109, 110
537012.5.peg.1432.site.25, 1, 107, 108
537012.5.peg.1432.site.26, 9, 104, 113
537012.5.peg.1432.site.27, 24, 100, 124
537012.5.peg.1432.site.28, 0, 97, 97
537012.5.peg.1432.site.29, 3, 83, 86
537012.5.peg.1432.site.30, 4, 83, 87
537012.5.peg.1432.site.31, 52, 80, 132
537012.5.peg.1432.site.32, 32, 81, 113
537012.5.peg.1432.site.33, 51, 83, 134
537012.5.peg.1432.site.34, 1, 107, 108
537012.5.peg.1432.site.35, 7, 125, 132
537012.5.peg.1432.site.36, 0, 123, 123
537012.5.peg.1432.site.37, 12, 124, 136
537012.5.peg.939.site.1, 0, 134, 134
537012.5.peg.939.site.2, 2, 134, 136
537012.5.peg.939.site.3, 4, 132, 136
537012.5.peg.939.site.4, 0, 132, 132
537012.5.peg.939.site.5, 7, 132, 139
537012.5.peg.1347.site.1, 8, 128, 136
537012.5.peg.1347.site.2, 13, 129, 142
537012.5.peg.1347.site.3, 8, 130, 138
537012.5.peg.1347.site.4, 4, 130, 134
537012.5.peg.1347.site.5, 12, 129, 141
537012.5.peg.1347.site.6, 23, 130, 153
537012.5.peg.1347.site.7, 15, 130, 145
537012.5.peg.1347.site.8, 59, 128, 187
537012.5.peg.1347.site.9, 7, 129, 136
537012.5.peg.1347.site.10, 6, 129, 135
537012.5.peg.1347.site.11, 0, 129, 129
537012.5.peg.1347.site.12, 1, 130, 131
537012.5.peg.1347.site.13, 15, 128, 143
537012.5.peg.1347.site.14, 20, 132, 152
537012.5.peg.1347.site.15, 4, 132, 136
537012.5.peg.1347.site.16, 4, 131, 135
537012.5.peg.1347.site.17, 15, 129, 144
537012.5.peg.1347.site.18, 0, 130, 130
537012.5.peg.1347.site.19, 1, 131, 132
537012.5.peg.1347.site.20, 1, 130, 131
537012.5.peg.1347.site.21, 14, 130, 144
537012.5.peg.1347.site.22, 6, 130, 136
537012.5.peg.1347.site.23, 3, 130, 133
537012.5.peg.1347.site.24, 107, 130, 237
537012.5.peg.1347.site.25, 129, 131, 260
537012.5.peg.1347.site.26, 1, 130, 131
537012.5.peg.1347.site.27, 4, 132, 136
537012.5.peg.1347.site.28, 3, 133, 136
537012.5.peg.1347.site.29, 1, 132, 133
537012.5.peg.1347.site.30, 8, 132, 140
537012.5.peg.1347.site.31, 45, 130, 175
537012.5.peg.1347.site.32, 2, 129, 131
537012.5.peg.1347.site.33, 1, 129, 130
537012.5.peg.1347.site.34, 6, 131, 137
537012.5.peg.1347.site.35, 4, 132, 136
537012.5.peg.1347.site.36, 4, 132, 136
537012.5.peg.1347.site.37, 30, 133, 163
537012.5.peg.1347.site.38, 2, 130, 132
537012.5.peg.1347.site.39, 4, 131, 135
537012.5.peg.1347.site.40, 4, 132, 136
537012.5.peg.1347.site.41, 4, 134, 138
537012.5.peg.1340.site.1, 30, 133, 163
537012.5.peg.1340.site.2, 22, 133, 155
537012.5.peg.1340.site.3, 4, 132, 136
537012.5.peg.1340.site.4, 4, 132, 136
537012.5.peg.1340.site.5, 3, 134, 137
537012.5.peg.1340.site.6, 1, 130, 131
537012.5.peg.1340.site.7, 1, 128, 129
537012.5.peg.1340.site.8, 4, 128, 132
537012.5.peg.1340.site.9, 26, 128, 154
537012.5.peg.1340.site.10, 21, 129, 150
537012.5.peg.1340.site.11, 2, 130, 132
537012.5.peg.1340.site.12, 11, 134, 145
537012.5.peg.1340.site.13, 1, 134, 135
537012.5.peg.1340.site.14, 8, 134, 142
537012.5.peg.1340.site.15, 9, 134, 143
537012.5.peg.1340.site.16, 2, 131, 133
537012.5.peg.1340.site.17, 1, 132, 133
537012.5.peg.1340.site.18, 91, 129, 220
537012.5.peg.1340.site.19, 1, 129, 130
537012.5.peg.1340.site.20, 5, 129, 134
537012.5.peg.1340.site.21, 2, 130, 132
537012.5.peg.1340.site.22, 7, 130, 137
537012.5.peg.1340.site.23, 38, 129, 167
537012.5.peg.1340.site.24, 65, 130, 195
537012.5.peg.1340.site.25, 0, 129, 129
537012.5.peg.1340.site.26, 26, 128, 154
537012.5.peg.1340.site.27, 13, 132, 145
537012.5.peg.1340.site.28, 21, 128, 149
537012.5.peg.1340.site.29, 1, 129, 130
537012.5.peg.1340.site.30, 1, 130, 131
537012.5.peg.1340.site.31, 1, 130, 131
537012.5.peg.1340.site.32, 1, 132, 133
537012.5.peg.1340.site.33, 25, 132, 157
537012.5.peg.1340.site.34, 4, 131, 135
537012.5.peg.1340.site.35, 44, 130, 174
537012.5.peg.1340.site.36, 1, 133, 134
537012.5.peg.1340.site.37, 3, 132, 135
537012.5.peg.1340.site.38, 0, 129, 129
537012.5.peg.1340.site.39, 15, 130, 145
537012.5.peg.1340.site.40, 108, 130, 238
537012.5.peg.1340.site.41, 3, 131, 134
537012.5.peg.1340.site.42, 1, 131, 132
537012.5.peg.1340.site.43, 33, 132, 165
537012.5.peg.1340.site.44, 1, 132, 133
537012.5.peg.1340.site.45, 1, 130, 131
537012.5.peg.1340.site.46, 20, 130, 150
537012.5.peg.1340.site.47, 11, 129, 140
537012.5.peg.1340.site.48, 1, 129, 130
537012.5.peg.1340.site.49, 14, 129, 143
537012.5.peg.1340.site.50, 14, 129, 143
537012.5.peg.1340.site.51, 14, 130, 144
537012.5.peg.1340.site.52, 124, 130, 254
537012.5.peg.1340.site.53, 4, 133, 137
537012.5.peg.1340.site.54, 18, 134, 152
537012.5.peg.1340.site.55, 23, 131, 154
537012.5.peg.1340.site.56, 4, 132, 136
537012.5.peg.1340.site.57, 1, 134, 135
537012.5.peg.1340.site.58, 4, 132, 136
537012.5.peg.1340.site.59, 8, 132, 140
537012.5.peg.1340.site.60, 9, 134, 143
537012.5.peg.1340.site.61, 54, 131, 185
537012.5.peg.1340.site.62, 1, 123, 124
537012.5.peg.1340.site.63, 2, 119, 121
537012.5.peg.1340.site.64, 13, 117, 130
537012.5.peg.1340.site.65, 5, 123, 128
537012.5.peg.1340.site.66, 28, 132, 160
537012.5.peg.1340.site.67, 8, 129, 137
537012.5.peg.1340.site.68, 4, 129, 133
537012.5.peg.1340.site.69, 3, 133, 136
537012.5.peg.1340.site.70, 33, 133, 166
537012.5.peg.1340.site.71, 33, 132, 165
537012.5.peg.1340.site.72, 5, 131, 136
537012.5.peg.1340.site.73, 7, 134, 141
537012.5.peg.1340.site.74, 4, 132, 136
537012.5.peg.1340.site.75, 39, 132, 171
537012.5.peg.1340.site.76, 17, 132, 149
537012.5.peg.1437.site.1, 129, 134, 263
537012.5.peg.1437.site.2, 5, 134, 139
537012.5.peg.1437.site.3, 0, 131, 131
537012.5.peg.1437.site.4, 3, 132, 135
537012.5.peg.1437.site.5, 2, 130, 132
537012.5.peg.1437.site.6, 11, 128, 139
537012.5.peg.1437.site.7, 33, 130, 163
537012.5.peg.1437.site.8, 22, 130, 152
537012.5.peg.1437.site.9, 1, 131, 132
537012.5.peg.1437.site.10, 1, 131, 132
537012.5.peg.1437.site.11, 21, 134, 155
537012.5.peg.1437.site.12, 1, 134, 135
537012.5.peg.1437.site.13, 3, 134, 137
537012.5.peg.1437.site.14, 20, 133, 153
537012.5.peg.1437.site.15, 21, 132, 153
537012.5.peg.1437.site.16, 12, 134, 146
537012.5.peg.1437.site.17, 22, 131, 153
537012.5.peg.1437.site.18, 0, 134, 134
537012.5.peg.1437.site.19, 46, 133, 179
537012.5.peg.1437.site.20, 3, 134, 137
537012.5.peg.1437.site.21, 7, 134, 141
537012.5.peg.1437.site.22, 3, 134, 137
537012.5.peg.1437.site.23, 2, 134, 136
537012.5.peg.1437.site.24, 1, 134, 135
537012.5.peg.1437.site.25, 4, 132, 136
537012.5.peg.1437.site.26, 16, 134, 150
537012.5.peg.1437.site.27, 1, 134, 135
537012.5.peg.1437.site.28, 1, 134, 135
537012.5.peg.1437.site.29, 48, 129, 177
537012.5.peg.1437.site.30, 6, 131, 137
537012.5.peg.1437.site.31, 87, 128, 215
537012.5.peg.1437.site.32, 11, 128, 139
537012.5.peg.1437.site.33, 20, 130, 150
537012.5.peg.1437.site.34, 3, 131, 134
537012.5.peg.1437.site.35, 12, 132, 144
537012.5.peg.1437.site.36, 31, 132, 163
537012.5.peg.1437.site.37, 4, 131, 135
537012.5.peg.1437.site.38, 2, 132, 134
537012.5.peg.1437.site.39, 4, 129, 133
537012.5.peg.1437.site.40, 3, 123, 126
537012.5.peg.1437.site.41, 5, 118, 123
537012.5.peg.1437.site.42, 100, 101, 201
537012.5.peg.1437.site.43, 17, 98, 115
537012.5.peg.1437.site.44, 6, 99, 105
537012.5.peg.1437.site.45, 2, 98, 100
537012.5.peg.1437.site.46, 3, 84, 87
537012.5.peg.1437.site.47, 1, 83, 84
537012.5.peg.1437.site.48, 4, 83, 87
537012.5.peg.1437.site.49, 0, 83, 83
537012.5.peg.1437.site.50, 2, 78, 80
537012.5.peg.1437.site.51, 9, 78, 87
537012.5.peg.1437.site.52, 3, 80, 83
537012.5.peg.1437.site.53, 72, 79, 151
537012.5.peg.1437.site.54, 2, 79, 81
537012.5.peg.1437.site.55, 2, 82, 84
537012.5.peg.1437.site.56, 3, 81, 84
537012.5.peg.1437.site.57, 24, 85, 109
537012.5.peg.1437.site.58, 0, 87, 87
537012.5.peg.1437.site.59, 10, 92, 102
537012.5.peg.1437.site.60, 1, 110, 111
537012.5.peg.1437.site.61, 1, 132, 133
537012.5.peg.1437.site.62, 25, 132, 157
537012.5.peg.1437.site.63, 86, 124, 210
537012.5.peg.1437.site.64, 3, 126, 129
537012.5.peg.1437.site.65, 32, 125, 157
537012.5.peg.1437.site.66, 7, 116, 123
537012.5.peg.1437.site.67, 20, 115, 135
537012.5.peg.1437.site.68, 0, 113, 113
537012.5.peg.1434.site.1, 1, 133, 134
537012.5.peg.1434.site.2, 6, 132, 138
537012.5.peg.1434.site.3, 2, 128, 130
537012.5.peg.1434.site.4, 2, 127, 129
537012.5.peg.1434.site.5, 2, 127, 129
537012.5.peg.1434.site.6, 10, 126, 136
537012.5.peg.1434.site.7, 2, 115, 117
537012.5.peg.1434.site.8, 1, 107, 108
537012.5.peg.1434.site.9, 0, 101, 101
537012.5.peg.1434.site.10, 2, 101, 103
537012.5.peg.1434.site.11, 1, 123, 124
537012.5.peg.1434.site.12, 2, 121, 123
537012.5.peg.1434.site.13, 3, 128, 131
537012.5.peg.1434.site.14, 6, 128, 134
537012.5.peg.1434.site.15, 1, 129, 130
537012.5.peg.1434.site.16, 10, 129, 139
537012.5.peg.1434.site.17, 4, 129, 133
537012.5.peg.1434.site.18, 9, 127, 136
537012.5.peg.1434.site.19, 9, 127, 136
537012.5.peg.1434.site.20, 1, 131, 132
537012.5.peg.1434.site.21, 0, 131, 131
537012.5.peg.1434.site.22, 8, 128, 136
537012.5.peg.1434.site.23, 21, 130, 151
537012.5.peg.1434.site.24, 3, 128, 131
537012.5.peg.1434.site.25, 4, 129, 133
537012.5.peg.1434.site.26, 7, 128, 135
537012.5.peg.1434.site.27, 2, 129, 131
537012.5.peg.1434.site.28, 6, 132, 138
537012.5.peg.1434.site.29, 8, 129, 137
537012.5.peg.1434.site.30, 4, 133, 137
537012.5.peg.1434.site.31, 9, 131, 140
537012.5.peg.1434.site.32, 6, 133, 139
537012.5.peg.1434.site.33, 52, 128, 180
537012.5.peg.1434.site.34, 5, 132, 137
537012.5.peg.1434.site.35, 5, 132, 137
537012.5.peg.1434.site.36, 2, 132, 134
537012.5.peg.1434.site.37, 3, 130, 133
537012.5.peg.1434.site.38, 1, 131, 132
537012.5.peg.1434.site.39, 6, 131, 137
537012.5.peg.1434.site.40, 5, 127, 132
537012.5.peg.1434.site.41, 17, 126, 143
537012.5.peg.1434.site.42, 4, 128, 132
537012.5.peg.1434.site.43, 4, 127, 131
537012.5.peg.1434.site.44, 5, 126, 131
537012.5.peg.1434.site.45, 7, 125, 132
537012.5.peg.1434.site.46, 1, 126, 127
537012.5.peg.1434.site.47, 9, 126, 135
537012.5.peg.1434.site.48, 8, 125, 133
537012.5.peg.1434.site.49, 15, 126, 141
537012.5.peg.1434.site.50, 1, 125, 126
537012.5.peg.1434.site.51, 2, 127, 129
537012.5.peg.1434.site.52, 9, 126, 135
537012.5.peg.1434.site.53, 6, 129, 135
537012.5.peg.1434.site.54, 6, 130, 136
537012.5.peg.1434.site.55, 8, 128, 136
537012.5.peg.1434.site.56, 6, 130, 136
537012.5.peg.1434.site.57, 1, 127, 128
537012.5.peg.1434.site.58, 2, 124, 126
537012.5.peg.1434.site.59, 3, 127, 130
537012.5.peg.1434.site.60, 3, 127, 130
537012.5.peg.1434.site.61, 28, 127, 155
537012.5.peg.1434.site.62, 1, 130, 131
537012.5.peg.1434.site.63, 2, 131, 133
537012.5.peg.1434.site.64, 0, 132, 132
537012.5.peg.1434.site.65, 9, 132, 141
537012.5.peg.1434.site.66, 6, 133, 139
537012.5.peg.1434.site.67, 4, 133, 137
537012.5.peg.1434.site.68, 2, 133, 135
537012.5.peg.1434.site.69, 75, 132, 207
537012.5.peg.1434.site.70, 1, 133, 134
537012.5.peg.1434.site.71, 97, 122, 219
537012.5.peg.1435.site.1, 4, 125, 129
537012.5.peg.1435.site.2, 13, 124, 137
537012.5.peg.1435.site.3, 0, 132, 132
537012.5.peg.1435.site.4, 3, 133, 136
537012.5.peg.1435.site.5, 2, 128, 130
537012.5.peg.1435.site.6, 4, 120, 124
537012.5.peg.1435.site.7, 0, 107, 107
537012.5.peg.1435.site.8, 13, 100, 113
537012.5.peg.1435.site.9, 2, 123, 125
537012.5.peg.1435.site.10, 102, 124, 226
537012.5.peg.1435.site.11, 1, 133, 134
537012.5.peg.1435.site.12, 0, 130, 130
537012.5.peg.1435.site.13, 56, 130, 186
537012.5.peg.1435.site.14, 8, 129, 137
537012.5.peg.1435.site.15, 6, 133, 139
537012.5.peg.1435.site.16, 1, 128, 129
537012.5.peg.1435.site.17, 51, 128, 179
537012.5.peg.1435.site.18, 1, 128, 129
537012.5.peg.1435.site.19, 5, 126, 131
537012.5.peg.1435.site.20, 0, 127, 127
537012.5.peg.1435.site.21, 1, 127, 128
537012.5.peg.1435.site.22, 1, 126, 127
537012.5.peg.1435.site.23, 3, 123, 126
537012.5.peg.1435.site.24, 0, 126, 126
537012.5.peg.1435.site.25, 66, 123, 189
537012.5.peg.1435.site.26, 2, 125, 127
537012.5.peg.1435.site.27, 1, 125, 126
537012.5.peg.1435.site.28, 9, 130, 139
537012.5.peg.1435.site.29, 10, 132, 142
537012.5.peg.1435.site.30, 3, 134, 137
537012.5.peg.1435.site.31, 1, 134, 135
537012.5.peg.1435.site.32, 3, 133, 136
537012.5.peg.1435.site.33, 6, 133, 139
537012.5.peg.1435.site.34, 8, 128, 136
537012.5.peg.1435.site.35, 0, 126, 126
537012.5.peg.1435.site.36, 9, 122, 131
537012.5.peg.1435.site.37, 1, 118, 119
537012.5.peg.1435.site.38, 5, 118, 123
537012.5.peg.1435.site.39, 8, 118, 126
537012.5.peg.1435.site.40, 4, 118, 122
537012.5.peg.1435.site.41, 1, 118, 119
537012.5.peg.1435.site.42, 1, 114, 115
537012.5.peg.1435.site.43, 22, 114, 136
537012.5.peg.1435.site.44, 5, 115, 120
537012.5.peg.1435.site.45, 4, 120, 124
537012.5.peg.1435.site.46, 5, 121, 126
537012.5.peg.1435.site.47, 12, 125, 137
537012.5.peg.1435.site.48, 24, 125, 149
537012.5.peg.1435.site.49, 15, 124, 139
537012.5.peg.1435.site.50, 1, 125, 126
537012.5.peg.932.site.1, 2, 121, 123
537012.5.peg.932.site.2, 3, 121, 124
537012.5.peg.932.site.3, 3, 125, 128
537012.5.peg.1438.site.1, 30, 129, 159
537012.5.peg.1438.site.2, 7, 129, 136
537012.5.peg.1438.site.3, 4, 125, 129
537012.5.peg.1438.site.4, 19, 124, 143
537012.5.peg.1438.site.5, 9, 126, 135
537012.5.peg.1438.site.6, 4, 119, 123
537012.5.peg.1438.site.7, 48, 119, 167
537012.5.peg.1438.site.8, 12, 119, 131
537012.5.peg.1438.site.9, 1, 128, 129
537012.5.peg.1438.site.10, 11, 128, 139
537012.5.peg.1438.site.11, 17, 130, 147
537012.5.peg.1438.site.12, 4, 130, 134
537012.5.peg.1438.site.13, 4, 130, 134
537012.5.peg.1438.site.14, 2, 127, 129
537012.5.peg.1438.site.15, 5, 124, 129
537012.5.peg.1438.site.16, 12, 120, 132
537012.5.peg.1438.site.17, 1, 117, 118
537012.5.peg.1438.site.18, 5, 119, 124
537012.5.peg.1438.site.19, 11, 126, 137
537012.5.peg.1438.site.20, 10, 125, 135
537012.5.peg.1438.site.21, 2, 126, 128
537012.5.peg.1438.site.22, 1, 125, 126
537012.5.peg.1438.site.23, 0, 125, 125
537012.5.peg.1438.site.24, 1, 123, 124
537012.5.peg.1438.site.25, 3, 125, 128
537012.5.peg.1438.site.26, 1, 125, 126
537012.5.peg.1438.site.27, 3, 123, 126
537012.5.peg.1438.site.28, 1, 124, 125
537012.5.peg.1438.site.29, 30, 123, 153
537012.5.peg.1438.site.30, 26, 119, 145
537012.5.peg.1438.site.31, 26, 120, 146
537012.5.peg.1438.site.32, 25, 119, 144
537012.5.peg.1438.site.33, 4, 121, 125
537012.5.peg.1438.site.34, 0, 122, 122
537012.5.peg.1438.site.35, 9, 122, 131
537012.5.peg.1438.site.36, 13, 124, 137
537012.5.peg.1438.site.37, 1, 125, 126
537012.5.peg.1438.site.38, 2, 124, 126
537012.5.peg.1438.site.39, 10, 123, 133
537012.5.peg.1438.site.40, 0, 123, 123
537012.5.peg.1438.site.41, 0, 122, 122
537012.5.peg.1438.site.42, 13, 120, 133
537012.5.peg.1438.site.43, 2, 120, 122
537012.5.peg.1438.site.44, 0, 122, 122
537012.5.peg.1438.site.45, 1, 121, 122
537012.5.peg.1438.site.46, 4, 119, 123
537012.5.peg.1438.site.47, 6, 121, 127
537012.5.peg.1438.site.48, 2, 119, 121
537012.5.peg.1438.site.49, 4, 123, 127
537012.5.peg.1438.site.50, 6, 127, 133
537012.5.peg.1438.site.51, 3, 126, 129
537012.5.peg.1438.site.52, 5, 126, 131
537012.5.peg.1438.site.53, 17, 126, 143
537012.5.peg.1438.site.54, 17, 122, 139
537012.5.peg.1438.site.55, 2, 123, 125
537012.5.peg.1438.site.56, 2, 122, 124
537012.5.peg.1438.site.57, 2, 123, 125
537012.5.peg.1438.site.58, 3, 124, 127
537012.5.peg.1438.site.59, 3, 125, 128
537012.5.peg.1438.site.60, 3, 124, 127
537012.5.peg.1438.site.61, 3, 119, 122
537012.5.peg.1439.site.1, 1, 129, 130
537012.5.peg.1439.site.2, 6, 128, 134
537012.5.peg.1439.site.3, 5, 127, 132
537012.5.peg.1439.site.4, 3, 128, 131
537012.5.peg.1439.site.5, 2, 125, 127
537012.5.peg.1439.site.6, 2, 125, 127
537012.5.peg.1439.site.7, 15, 125, 140
537012.5.peg.1439.site.8, 8, 129, 137
537012.5.peg.1439.site.9, 2, 129, 131
537012.5.peg.1439.site.10, 8, 129, 137
537012.5.peg.1439.site.11, 13, 129, 142
537012.5.peg.1439.site.12, 4, 127, 131
537012.5.peg.1439.site.13, 3, 127, 130
537012.5.peg.1439.site.14, 100, 125, 225
537012.5.peg.1439.site.15, 11, 129, 140
537012.5.peg.1439.site.16, 21, 128, 149
537012.5.peg.1439.site.17, 5, 129, 134
537012.5.peg.1439.site.18, 2, 128, 130
537012.5.peg.1439.site.19, 17, 129, 146
537012.5.peg.1439.site.20, 2, 127, 129
537012.5.peg.1439.site.21, 13, 129, 142
537012.5.peg.1439.site.22, 12, 129, 141
537012.5.peg.1439.site.23, 1, 129, 130
537012.5.peg.1439.site.24, 22, 128, 150
537012.5.peg.1439.site.25, 1, 129, 130
537012.5.peg.1439.site.26, 32, 127, 159
537012.5.peg.1439.site.27, 1, 127, 128
537012.5.peg.1439.site.28, 1, 128, 129
537012.5.peg.1439.site.29, 12, 129, 141
537012.5.peg.1439.site.30, 1, 130, 131
537012.5.peg.1439.site.31, 1, 129, 130
537012.5.peg.1439.site.32, 2, 128, 130
537012.5.peg.1439.site.33, 2, 129, 131
537012.5.peg.1439.site.34, 6, 132, 138
537012.5.peg.1439.site.35, 3, 134, 137
537012.5.peg.1439.site.36, 3, 134, 137
537012.5.peg.1439.site.37, 4, 132, 136
537012.5.peg.1439.site.38, 4, 134, 138
537012.5.peg.1439.site.39, 4, 134, 138
537012.5.peg.1439.site.40, 1, 134, 135
537012.5.peg.1439.site.41, 1, 134, 135
537012.5.peg.1439.site.42, 8, 134, 142
537012.5.peg.1439.site.43, 2, 132, 134
537012.5.peg.1439.site.44, 3, 133, 136
537012.5.peg.1439.site.45, 3, 133, 136
537012.5.peg.1439.site.46, 3, 133, 136
537012.5.peg.1439.site.47, 7, 134, 141
537012.5.peg.1439.site.48, 1, 133, 134
537012.5.peg.1439.site.49, 0, 133, 133
537012.5.peg.1439.site.50, 2, 134, 136
537012.5.peg.1439.site.51, 9, 134, 143
537012.5.peg.1439.site.52, 0, 134, 134
537012.5.peg.1439.site.53, 3, 134, 137
537012.5.peg.1439.site.54, 5, 129, 134
537012.5.peg.1439.site.55, 4, 127, 131
537012.5.peg.1439.site.56, 5, 125, 130
537012.5.peg.1439.site.57, 5, 125, 130
537012.5.peg.1439.site.58, 0, 124, 124
537012.5.peg.1439.site.59, 12, 121, 133
537012.5.peg.1439.site.60, 4, 124, 128
537012.5.peg.1439.site.61, 1, 122, 123
537012.5.peg.1439.site.62, 0, 119, 119
537012.5.peg.1439.site.63, 5, 118, 123
537012.5.peg.1439.site.64, 32, 113, 145
537012.5.peg.937.site.1, 2, 120, 122
537012.5.peg.937.site.2, 43, 125, 168
537012.5.peg.937.site.3, 0, 126, 126
537012.5.peg.937.site.4, 24, 125, 149
537012.5.peg.937.site.5, 0, 127, 127
537012.5.peg.937.site.6, 2, 127, 129
537012.5.peg.937.site.7, 0, 127, 127
537012.5.peg.937.site.8, 5, 126, 131
537012.5.peg.937.site.9, 15, 127, 142
537012.5.peg.937.site.10, 1, 128, 129
537012.5.peg.937.site.11, 1, 128, 129
537012.5.peg.937.site.12, 0, 128, 128
537012.5.peg.937.site.13, 1, 128, 129
537012.5.peg.937.site.14, 1, 128, 129
537012.5.peg.937.site.15, 2, 128, 130
537012.5.peg.937.site.16, 1, 128, 129
537012.5.peg.937.site.17, 5, 128, 133
537012.5.peg.937.site.18, 2, 128, 130
537012.5.peg.937.site.19, 3, 126, 129
537012.5.peg.937.site.20, 67, 126, 193
537012.5.peg.937.site.21, 14, 126, 140
537012.5.peg.937.site.22, 0, 128, 128
537012.5.peg.937.site.23, 20, 126, 146
537012.5.peg.937.site.24, 14, 127, 141
537012.5.peg.937.site.25, 5, 127, 132
537012.5.peg.937.site.26, 6, 128, 134
537012.5.peg.937.site.27, 19, 125, 144
537012.5.peg.937.site.28, 7, 127, 134
537012.5.peg.937.site.29, 1, 128, 129
537012.5.peg.937.site.30, 1, 128, 129
537012.5.peg.937.site.31, 15, 127, 142
537012.5.peg.937.site.32, 1, 127, 128
537012.5.peg.937.site.33, 5, 126, 131
537012.5.peg.937.site.34, 2, 127, 129
537012.5.peg.937.site.35, 1, 126, 127
537012.5.peg.937.site.36, 9, 125, 134
537012.5.peg.937.site.37, 7, 123, 130
537012.5.peg.937.site.38, 1, 126, 127
537012.5.peg.937.site.39, 1, 127, 128
537012.5.peg.937.site.40, 2, 127, 129
537012.5.peg.937.site.41, 9, 125, 134
537012.5.peg.937.site.42, 3, 126, 129
537012.5.peg.936.site.1, 1, 127, 128
537012.5.peg.936.site.2, 104, 126, 230
537012.5.peg.936.site.3, 1, 127, 128
537012.5.peg.936.site.4, 2, 126, 128
537012.5.peg.936.site.5, 64, 127, 191
537012.5.peg.936.site.6, 89, 124, 213
537012.5.peg.936.site.7, 3, 125, 128
537012.5.peg.936.site.8, 1, 128, 129
537012.5.peg.936.site.9, 1, 128, 129
537012.5.peg.936.site.10, 1, 128, 129
537012.5.peg.936.site.11, 1, 128, 129
537012.5.peg.936.site.12, 2, 130, 132
537012.5.peg.936.site.13, 5, 130, 135
537012.5.peg.936.site.14, 26, 130, 156
537012.5.peg.936.site.15, 9, 128, 137
537012.5.peg.936.site.16, 101, 127, 228
537012.5.peg.936.site.17, 22, 125, 147
537012.5.peg.936.site.18, 11, 127, 138
537012.5.peg.936.site.19, 1, 127, 128
537012.5.peg.936.site.20, 8, 126, 134
537012.5.peg.936.site.21, 1, 126, 127
537012.5.peg.936.site.22, 18, 125, 143
537012.5.peg.936.site.23, 7, 123, 130
537012.5.peg.934.site.1, 4, 125, 129
537012.5.peg.934.site.2, 7, 125, 132
537012.5.peg.934.site.3, 2, 124, 126
537012.5.peg.934.site.4, 36, 114, 150
537012.5.peg.934.site.5, 2, 114, 116
537012.5.peg.934.site.6, 11, 102, 113
537012.5.peg.934.site.7, 13, 106, 119
537012.5.peg.934.site.8, 11, 107, 118
537012.5.peg.934.site.9, 18, 104, 122
537012.5.peg.934.site.10, 13, 96, 109
537012.5.peg.934.site.11, 1, 91, 92
537012.5.peg.934.site.12, 34, 114, 148
537012.5.peg.934.site.13, 2, 122, 124
537012.5.peg.934.site.14, 2, 122, 124
537012.5.peg.934.site.15, 1, 122, 123
537012.5.peg.934.site.16, 6, 114, 120
537012.5.peg.934.site.17, 1, 125, 126
537012.5.peg.934.site.18, 1, 123, 124
537012.5.peg.934.site.19, 1, 124, 125
537012.5.peg.934.site.20, 2, 127, 129
537012.5.peg.934.site.21, 3, 127, 130
537012.5.peg.934.site.22, 1, 128, 129
537012.5.peg.934.site.23, 16, 127, 143
537012.5.peg.934.site.24, 2, 127, 129
537012.5.peg.934.site.25, 0, 125, 125
537012.5.peg.934.site.26, 2, 122, 124
537012.5.peg.934.site.27, 95, 121, 216
537012.5.peg.934.site.28, 2, 125, 127
537012.5.peg.934.site.29, 1, 128, 129
537012.5.peg.934.site.30, 22, 127, 149
537012.5.peg.934.site.31, 4, 129, 133
537012.5.peg.934.site.32, 13, 127, 140
537012.5.peg.934.site.33, 5, 126, 131
537012.5.peg.934.site.34, 1, 125, 126
537012.5.peg.934.site.35, 5, 124, 129
537012.5.peg.934.site.36, 4, 125, 129
537012.5.peg.934.site.37, 1, 127, 128
537012.5.peg.934.site.38, 2, 129, 131
537012.5.peg.934.site.39, 3, 129, 132
537012.5.peg.934.site.40, 1, 127, 128
537012.5.peg.934.site.41, 70, 125, 195
537012.5.peg.934.site.42, 2, 126, 128
537012.5.peg.934.site.43, 10, 125, 135
537012.5.peg.934.site.44, 124, 126, 250
537012.5.peg.934.site.45, 1, 128, 129
537012.5.peg.934.site.46, 1, 127, 128
537012.5.peg.934.site.47, 2, 126, 128
537012.5.peg.934.site.48, 6, 128, 134
537012.5.peg.934.site.49, 2, 120, 122
537012.5.peg.934.site.50, 37, 95, 132
537012.5.peg.934.site.51, 39, 87, 126
537012.5.peg.934.site.52, 28, 85, 113
537012.5.peg.934.site.53, 3, 81, 84
537012.5.peg.934.site.54, 15, 74, 89
537012.5.peg.934.site.55, 2, 81, 83
537012.5.peg.934.site.56, 2, 81, 83
537012.5.peg.934.site.57, 39, 83, 122
537012.5.peg.934.site.58, 2, 88, 90
537012.5.peg.934.site.59, 37, 113, 150
537012.5.peg.934.site.60, 97, 110, 207
537012.5.peg.934.site.61, 6, 84, 90
537012.5.peg.934.site.62, 5, 83, 88
537012.5.peg.934.site.63, 2, 83, 85
537012.5.peg.934.site.64, 3, 86, 89
537012.5.peg.934.site.65, 0, 105, 105
537012.5.peg.934.site.66, 68, 126, 194
537012.5.peg.934.site.67, 0, 126, 126
537012.5.peg.934.site.68, 3, 125, 128
537012.5.peg.892.site.1, 2, 133, 135
537012.5.peg.892.site.2, 3, 131, 134
537012.5.peg.892.site.3, 3, 131, 134
537012.5.peg.892.site.4, 14, 131, 145
537012.5.peg.892.site.5, 0, 129, 129
537012.5.peg.892.site.6, 2, 125, 127
537012.5.peg.892.site.7, 1, 124, 125
537012.5.peg.892.site.8, 1, 127, 128
537012.5.peg.892.site.9, 3, 129, 132
537012.5.peg.892.site.10, 0, 129, 129
537012.5.peg.892.site.11, 1, 130, 131
537012.5.peg.892.site.12, 6, 131, 137
537012.5.peg.892.site.13, 6, 131, 137
537012.5.peg.892.site.14, 1, 131, 132
537012.5.peg.892.site.15, 7, 131, 138
537012.5.peg.892.site.16, 31, 131, 162
537012.5.peg.892.site.17, 117, 131, 248
537012.5.peg.892.site.18, 1, 131, 132
537012.5.peg.892.site.19, 2, 131, 133
537012.5.peg.892.site.20, 6, 131, 137
537012.5.peg.892.site.21, 7, 130, 137
537012.5.peg.892.site.22, 76, 130, 206
537012.5.peg.892.site.23, 31, 131, 162
537012.5.peg.892.site.24, 31, 131, 162
537012.5.peg.892.site.25, 66, 130, 196
537012.5.peg.892.site.26, 0, 130, 130
537012.5.peg.892.site.27, 0, 130, 130
537012.5.peg.892.site.28, 0, 129, 129
537012.5.peg.892.site.29, 1, 127, 128
537012.5.peg.892.site.30, 7, 132, 139
537012.5.peg.892.site.31, 1, 131, 132
537012.5.peg.892.site.32, 2, 130, 132
537012.5.peg.892.site.33, 2, 130, 132
537012.5.peg.892.site.34, 4, 130, 134
537012.5.peg.893.site.1, 3, 134, 137
537012.5.peg.893.site.2, 1, 133, 134
537012.5.peg.893.site.3, 4, 132, 136
537012.5.peg.893.site.4, 5, 131, 136
537012.5.peg.893.site.5, 7, 129, 136
537012.5.peg.893.site.6, 0, 133, 133
537012.5.peg.893.site.7, 0, 128, 128
537012.5.peg.893.site.8, 30, 130, 160
537012.5.peg.893.site.9, 31, 131, 162
537012.5.peg.893.site.10, 100, 130, 230
537012.5.peg.893.site.11, 6, 132, 138
537012.5.peg.893.site.12, 1, 130, 131
537012.5.peg.893.site.13, 4, 132, 136
537012.5.peg.893.site.14, 0, 130, 130
537012.5.peg.893.site.15, 0, 129, 129
537012.5.peg.893.site.16, 2, 129, 131
537012.5.peg.893.site.17, 0, 130, 130
537012.5.peg.893.site.18, 71, 130, 201
537012.5.peg.893.site.19, 2, 130, 132
537012.5.peg.893.site.20, 2, 130, 132
537012.5.peg.893.site.21, 2, 130, 132
537012.5.peg.893.site.22, 1, 133, 134
537012.5.peg.893.site.23, 2, 131, 133
537012.5.peg.893.site.24, 39, 131, 170
537012.5.peg.893.site.25, 3, 131, 134
537012.5.peg.893.site.26, 9, 134, 143
537012.5.peg.893.site.27, 1, 134, 135
537012.5.peg.893.site.28, 6, 134, 140
537012.5.peg.893.site.29, 3, 131, 134
537012.5.peg.893.site.30, 7, 134, 141
537012.5.peg.893.site.31, 5, 133, 138
537012.5.peg.893.site.32, 6, 134, 140
537012.5.peg.893.site.33, 6, 134, 140
537012.5.peg.893.site.34, 2, 134, 136
537012.5.peg.893.site.35, 32, 132, 164
537012.5.peg.893.site.36, 32, 132, 164
537012.5.peg.893.site.37, 76, 134, 210
537012.5.peg.893.site.38, 3, 132, 135
537012.5.peg.893.site.39, 4, 133, 137
537012.5.peg.893.site.40, 0, 133, 133
537012.5.peg.893.site.41, 4, 134, 138
537012.5.peg.893.site.42, 11, 132, 143
537012.5.peg.893.site.43, 72, 131, 203
537012.5.peg.893.site.44, 0, 134, 134
537012.5.peg.893.site.45, 13, 134, 147
537012.5.peg.893.site.46, 2, 134, 136
537012.5.peg.893.site.47, 5, 133, 138
537012.5.peg.893.site.48, 11, 132, 143
537012.5.peg.893.site.49, 1, 133, 134
537012.5.peg.893.site.50, 4, 132, 136
537012.5.peg.893.site.51, 4, 132, 136
537012.5.peg.893.site.52, 5, 133, 138
537012.5.peg.893.site.53, 3, 134, 137
537012.5.peg.893.site.54, 1, 134, 135
537012.5.peg.893.site.55, 6, 134, 140
537012.5.peg.893.site.56, 6, 134, 140
537012.5.peg.893.site.57, 1, 134, 135
537012.5.peg.893.site.58, 1, 134, 135
537012.5.peg.2133.site.1, 2, 121, 123
537012.5.peg.2133.site.2, 2, 123, 125
537012.5.peg.2133.site.3, 2, 123, 125
537012.5.peg.2133.site.4, 2, 122, 124
537012.5.peg.2133.site.5, 1, 128, 129
537012.5.peg.2133.site.6, 6, 129, 135
537012.5.peg.2133.site.7, 3, 129, 132
537012.5.peg.2133.site.8, 2, 131, 133
537012.5.peg.2133.site.9, 2, 131, 133
537012.5.peg.2133.site.10, 1, 133, 134
537012.5.peg.2133.site.11, 4, 131, 135
537012.5.peg.2133.site.12, 3, 131, 134
537012.5.peg.2133.site.13, 1, 134, 135
537012.5.peg.2133.site.14, 2, 134, 136
537012.5.peg.2133.site.15, 11, 132, 143
537012.5.peg.2133.site.16, 1, 130, 131
537012.5.peg.2133.site.17, 106, 130, 236
537012.5.peg.2133.site.18, 6, 127, 133
537012.5.peg.2133.site.19, 1, 129, 130
537012.5.peg.2133.site.20, 7, 130, 137
537012.5.peg.2133.site.21, 1, 130, 131
537012.5.peg.2133.site.22, 2, 130, 132
537012.5.peg.2133.site.23, 126, 130, 256
537012.5.peg.2133.site.24, 0, 130, 130
537012.5.peg.2133.site.25, 19, 129, 148
537012.5.peg.2133.site.26, 127, 130, 257
537012.5.peg.2133.site.27, 1, 129, 130
537012.5.peg.2133.site.28, 7, 129, 136
537012.5.peg.2133.site.29, 4, 132, 136
537012.5.peg.2130.site.1, 1, 134, 135
537012.5.peg.2130.site.2, 5, 133, 138
537012.5.peg.2130.site.3, 1, 134, 135
537012.5.peg.2130.site.4, 5, 133, 138
537012.5.peg.2130.site.5, 5, 134, 139
537012.5.peg.2130.site.6, 5, 134, 139
537012.5.peg.2130.site.7, 5, 134, 139
537012.5.peg.2130.site.8, 3, 134, 137
537012.5.peg.2130.site.9, 6, 134, 140
537012.5.peg.2130.site.10, 4, 132, 136
537012.5.peg.2130.site.11, 4, 132, 136
537012.5.peg.2130.site.12, 0, 131, 131
537012.5.peg.2130.site.13, 1, 132, 133
537012.5.peg.2130.site.14, 3, 129, 132
537012.5.peg.2130.site.15, 0, 133, 133
537012.5.peg.2130.site.16, 0, 133, 133
537012.5.peg.2130.site.17, 4, 132, 136
537012.5.peg.2130.site.18, 0, 132, 132
537012.5.peg.2130.site.19, 0, 133, 133
537012.5.peg.2130.site.20, 10, 132, 142
537012.5.peg.2130.site.21, 0, 133, 133
537012.5.peg.2130.site.22, 0, 131, 131
537012.5.peg.2131.site.1, 4, 126, 130
537012.5.peg.2131.site.2, 3, 131, 134
537012.5.peg.2131.site.3, 2, 125, 127
537012.5.peg.2131.site.4, 13, 125, 138
537012.5.peg.2131.site.5, 5, 126, 131
537012.5.peg.2131.site.6, 31, 127, 158
537012.5.peg.2131.site.7, 1, 130, 131
537012.5.peg.2131.site.8, 1, 130, 131
537012.5.peg.2131.site.9, 1, 129, 130
537012.5.peg.2131.site.10, 1, 130, 131
537012.5.peg.2131.site.11, 4, 131, 135
537012.5.peg.2131.site.12, 4, 132, 136
537012.5.peg.2131.site.13, 4, 132, 136
537012.5.peg.3529.site.1, 1, 131, 132
537012.5.peg.3529.site.2, 7, 130, 137
537012.5.peg.3529.site.3, 28, 130, 158
537012.5.peg.3529.site.4, 7, 130, 137
537012.5.peg.3529.site.5, 6, 130, 136
537012.5.peg.3529.site.6, 16, 130, 146
537012.5.peg.3529.site.7, 31, 130, 161
537012.5.peg.3529.site.8, 7, 130, 137
537012.5.peg.3529.site.9, 1, 130, 131
537012.5.peg.3529.site.10, 10, 128, 138
537012.5.peg.3529.site.11, 38, 128, 166
537012.5.peg.3529.site.12, 6, 130, 136
537012.5.peg.3529.site.13, 8, 130, 138
537012.5.peg.3529.site.14, 6, 130, 136
537012.5.peg.3529.site.15, 7, 130, 137
537012.5.peg.3529.site.16, 0, 130, 130
537012.5.peg.3529.site.17, 1, 128, 129
537012.5.peg.3529.site.18, 44, 129, 173
537012.5.peg.3529.site.19, 1, 130, 131
537012.5.peg.3529.site.20, 1, 128, 129
537012.5.peg.3529.site.21, 1, 130, 131
537012.5.peg.3529.site.22, 15, 127, 142
537012.5.peg.3529.site.23, 2, 130, 132
537012.5.peg.3529.site.24, 7, 130, 137
537012.5.peg.3529.site.25, 15, 128, 143
537012.5.peg.119.site.1, 14, 60, 74
537012.5.peg.119.site.2, 2, 126, 128
537012.5.peg.119.site.3, 5, 123, 128
537012.5.peg.119.site.4, 5, 123, 128
537012.5.peg.119.site.5, 6, 120, 126
537012.5.peg.119.site.6, 0, 118, 118
537012.5.peg.119.site.7, 1, 118, 119
537012.5.peg.119.site.8, 3, 117, 120
537012.5.peg.119.site.9, 33, 117, 150
537012.5.peg.119.site.10, 6, 122, 128
537012.5.peg.119.site.11, 4, 125, 129
537012.5.peg.119.site.12, 2, 123, 125
537012.5.peg.118.site.1, 0, 127, 127
537012.5.peg.118.site.2, 8, 125, 133
537012.5.peg.118.site.3, 5, 123, 128
537012.5.peg.118.site.4, 1, 123, 124
537012.5.peg.118.site.5, 3, 121, 124
537012.5.peg.118.site.6, 1, 121, 122
537012.5.peg.118.site.7, 29, 120, 149
537012.5.peg.118.site.8, 0, 120, 120
537012.5.peg.118.site.9, 7, 122, 129
537012.5.peg.118.site.10, 1, 120, 121
537012.5.peg.118.site.11, 1, 120, 121
537012.5.peg.118.site.12, 2, 120, 122
537012.5.peg.118.site.13, 31, 121, 152
537012.5.peg.118.site.14, 4, 121, 125
537012.5.peg.118.site.15, 45, 121, 166
537012.5.peg.118.site.16, 74, 121, 195
537012.5.peg.118.site.17, 81, 120, 201
537012.5.peg.118.site.18, 1, 121, 122
537012.5.peg.118.site.19, 7, 120, 127
537012.5.peg.118.site.20, 6, 119, 125
537012.5.peg.118.site.21, 1, 119, 120
537012.5.peg.118.site.22, 3, 117, 120
537012.5.peg.118.site.23, 4, 111, 115
537012.5.peg.3324.site.1, 1, 133, 134
537012.5.peg.3324.site.2, 0, 132, 132
537012.5.peg.3324.site.3, 1, 134, 135
537012.5.peg.3324.site.4, 0, 131, 131
537012.5.peg.3324.site.5, 0, 133, 133
537012.5.peg.3324.site.6, 90, 126, 216
537012.5.peg.3324.site.7, 1, 134, 135
537012.5.peg.3324.site.8, 4, 130, 134
537012.5.peg.3324.site.9, 100, 130, 230
537012.5.peg.3324.site.10, 7, 132, 139
537012.5.peg.3324.site.11, 1, 131, 132
537012.5.peg.3324.site.12, 5, 128, 133
537012.5.peg.110.site.1, 1, 90, 91
537012.5.peg.110.site.2, 47, 93, 140
537012.5.peg.110.site.3, 41, 90, 131
537012.5.peg.110.site.4, 17, 105, 122
537012.5.peg.110.site.5, 4, 109, 113
537012.5.peg.110.site.6, 8, 90, 98
537012.5.peg.110.site.7, 1, 95, 96
537012.5.peg.110.site.8, 6, 85, 91
537012.5.peg.110.site.9, 74, 84, 158
537012.5.peg.110.site.10, 22, 83, 105
537012.5.peg.110.site.11, 27, 82, 109
537012.5.peg.110.site.12, 3, 85, 88
537012.5.peg.110.site.13, 31, 83, 114
537012.5.peg.110.site.14, 0, 84, 84
537012.5.peg.110.site.15, 16, 81, 97
537012.5.peg.110.site.16, 58, 82, 140
537012.5.peg.110.site.17, 20, 86, 106
537012.5.peg.110.site.18, 1, 87, 88
537012.5.peg.110.site.19, 12, 87, 99
537012.5.peg.110.site.20, 2, 87, 89
537012.5.peg.110.site.21, 6, 90, 96
537012.5.peg.110.site.22, 7, 81, 88
537012.5.peg.110.site.23, 3, 86, 89
537012.5.peg.110.site.24, 3, 86, 89
537012.5.peg.110.site.25, 0, 85, 85
537012.5.peg.110.site.26, 2, 81, 83
537012.5.peg.110.site.27, 16, 80, 96
537012.5.peg.110.site.28, 0, 78, 78
537012.5.peg.110.site.29, 1, 77, 78
537012.5.peg.110.site.30, 3, 75, 78
537012.5.peg.110.site.31, 27, 78, 105
537012.5.peg.110.site.32, 4, 82, 86
537012.5.peg.110.site.33, 31, 80, 111
537012.5.peg.110.site.34, 13, 81, 94
537012.5.peg.110.site.35, 6, 94, 100
537012.5.peg.110.site.36, 5, 108, 113
537012.5.peg.110.site.37, 3, 110, 113
537012.5.peg.110.site.38, 5, 124, 129
537012.5.peg.110.site.39, 4, 126, 130
537012.5.peg.110.site.40, 9, 122, 131
537012.5.peg.110.site.41, 2, 125, 127
537012.5.peg.110.site.42, 3, 125, 128
537012.5.peg.110.site.43, 1, 125, 126
537012.5.peg.110.site.44, 3, 125, 128
537012.5.peg.110.site.45, 4, 126, 130
537012.5.peg.110.site.46, 7, 125, 132
537012.5.peg.110.site.47, 3, 125, 128
537012.5.peg.110.site.48, 3, 126, 129
537012.5.peg.110.site.49, 5, 122, 127
537012.5.peg.110.site.50, 7, 117, 124
537012.5.peg.110.site.51, 31, 117, 148
537012.5.peg.110.site.52, 59, 118, 177
537012.5.peg.110.site.53, 9, 119, 128
537012.5.peg.110.site.54, 2, 124, 126
537012.5.peg.110.site.55, 4, 112, 116
537012.5.peg.110.site.56, 58, 113, 171
537012.5.peg.110.site.57, 32, 109, 141
537012.5.peg.110.site.58, 26, 109, 135
537012.5.peg.110.site.59, 5, 108, 113
537012.5.peg.110.site.60, 7, 106, 113
537012.5.peg.110.site.61, 9, 104, 113
537012.5.peg.110.site.62, 6, 106, 112
537012.5.peg.110.site.63, 57, 105, 162
537012.5.peg.110.site.64, 7, 105, 112
537012.5.peg.110.site.65, 2, 109, 111
537012.5.peg.110.site.66, 1, 112, 113
537012.5.peg.110.site.67, 1, 112, 113
537012.5.peg.110.site.68, 9, 113, 122
537012.5.peg.110.site.69, 3, 105, 108
537012.5.peg.110.site.70, 2, 103, 105
537012.5.peg.110.site.71, 3, 95, 98
537012.5.peg.110.site.72, 27, 93, 120
537012.5.peg.110.site.73, 1, 90, 91
537012.5.peg.110.site.74, 40, 91, 131
537012.5.peg.110.site.75, 5, 93, 98
537012.5.peg.110.site.76, 30, 95, 125
537012.5.peg.110.site.77, 7, 117, 124
537012.5.peg.110.site.78, 5, 121, 126
537012.5.peg.110.site.79, 1, 126, 127
537012.5.peg.110.site.80, 2, 126, 128
537012.5.peg.110.site.81, 11, 126, 137
537012.5.peg.110.site.82, 1, 129, 130
537012.5.peg.110.site.83, 24, 130, 154
537012.5.peg.115.site.1, 0, 102, 102
537012.5.peg.115.site.2, 0, 83, 83
537012.5.peg.115.site.3, 5, 78, 83
537012.5.peg.115.site.4, 1, 79, 80
537012.5.peg.115.site.5, 1, 81, 82
537012.5.peg.115.site.6, 8, 80, 88
537012.5.peg.115.site.7, 23, 77, 100
537012.5.peg.115.site.8, 9, 75, 84
537012.5.peg.115.site.9, 2, 77, 79
537012.5.peg.115.site.10, 1, 83, 84
537012.5.peg.115.site.11, 15, 84, 99
537012.5.peg.115.site.12, 7, 87, 94
537012.5.peg.115.site.13, 37, 87, 124
537012.5.peg.115.site.14, 4, 81, 85
537012.5.peg.115.site.15, 5, 79, 84
537012.5.peg.115.site.16, 5, 78, 83
537012.5.peg.115.site.17, 67, 78, 145
537012.5.peg.115.site.18, 11, 78, 89
537012.5.peg.115.site.19, 7, 77, 84
537012.5.peg.115.site.20, 42, 80, 122
537012.5.peg.115.site.21, 7, 84, 91
537012.5.peg.115.site.22, 6, 83, 89
537012.5.peg.115.site.23, 7, 87, 94
537012.5.peg.115.site.24, 13, 98, 111
537012.5.peg.115.site.25, 5, 123, 128
537012.5.peg.115.site.26, 1, 125, 126
537012.5.peg.115.site.27, 7, 124, 131
537012.5.peg.115.site.28, 6, 125, 131
537012.5.peg.115.site.29, 4, 121, 125
537012.5.peg.115.site.30, 1, 122, 123
537012.5.peg.115.site.31, 3, 119, 122
537012.5.peg.115.site.32, 3, 119, 122
537012.5.peg.115.site.33, 7, 123, 130
537012.5.peg.115.site.34, 11, 125, 136
537012.5.peg.115.site.35, 3, 127, 130
537012.5.peg.115.site.36, 13, 124, 137
537012.5.peg.115.site.37, 93, 124, 217
537012.5.peg.115.site.38, 1, 127, 128
537012.5.peg.115.site.39, 2, 125, 127
537012.5.peg.115.site.40, 2, 125, 127
537012.5.peg.115.site.41, 2, 125, 127
537012.5.peg.115.site.42, 8, 126, 134
537012.5.peg.115.site.43, 25, 117, 142
537012.5.peg.115.site.44, 5, 120, 125
537012.5.peg.115.site.45, 3, 123, 126
537012.5.peg.115.site.46, 1, 124, 125
537012.5.peg.115.site.47, 3, 125, 128
537012.5.peg.115.site.48, 1, 121, 122
537012.5.peg.115.site.49, 0, 120, 120
537012.5.peg.115.site.50, 5, 122, 127
537012.5.peg.115.site.51, 1, 121, 122
537012.5.peg.115.site.52, 3, 120, 123
537012.5.peg.115.site.53, 3, 119, 122
537012.5.peg.115.site.54, 1, 120, 121
537012.5.peg.115.site.55, 7, 119, 126
537012.5.peg.115.site.56, 3, 120, 123
537012.5.peg.115.site.57, 1, 118, 119
537012.5.peg.115.site.58, 2, 122, 124
537012.5.peg.115.site.59, 7, 118, 125
537012.5.peg.115.site.60, 1, 103, 104
537012.5.peg.115.site.61, 1, 102, 103
537012.5.peg.115.site.62, 5, 93, 98
537012.5.peg.115.site.63, 5, 86, 91
537012.5.peg.115.site.64, 2, 83, 85
537012.5.peg.115.site.65, 0, 84, 84
537012.5.peg.115.site.66, 75, 76, 151
537012.5.peg.115.site.67, 0, 76, 76
537012.5.peg.115.site.68, 1, 101, 102
537012.5.peg.115.site.69, 0, 109, 109
537012.5.peg.115.site.70, 0, 119, 119
537012.5.peg.115.site.71, 5, 122, 127
537012.5.peg.115.site.72, 0, 121, 121
537012.5.peg.115.site.73, 1, 123, 124
537012.5.peg.115.site.74, 3, 123, 126
537012.5.peg.115.site.75, 5, 127, 132
537012.5.peg.115.site.76, 9, 126, 135
537012.5.peg.115.site.77, 12, 124, 136
537012.5.peg.115.site.78, 2, 127, 129
537012.5.peg.115.site.79, 5, 125, 130
537012.5.peg.115.site.80, 47, 121, 168
537012.5.peg.115.site.81, 1, 121, 122
537012.5.peg.117.site.1, 11, 122, 133
537012.5.peg.117.site.2, 4, 127, 131
537012.5.peg.117.site.3, 1, 127, 128
537012.5.peg.117.site.4, 0, 129, 129
537012.5.peg.117.site.5, 1, 128, 129
537012.5.peg.117.site.6, 4, 127, 131
537012.5.peg.117.site.7, 8, 115, 123
537012.5.peg.117.site.8, 1, 110, 111
537012.5.peg.117.site.9, 3, 111, 114
537012.5.peg.117.site.10, 4, 108, 112
537012.5.peg.117.site.11, 3, 96, 99
537012.5.peg.117.site.12, 27, 96, 123
537012.5.peg.117.site.13, 3, 106, 109
537012.5.peg.117.site.14, 2, 113, 115
537012.5.peg.117.site.15, 1, 116, 117
537012.5.peg.117.site.16, 2, 117, 119
537012.5.peg.117.site.17, 1, 117, 118
537012.5.peg.117.site.18, 2, 117, 119
537012.5.peg.117.site.19, 2, 114, 116
537012.5.peg.117.site.20, 100, 111, 211
537012.5.peg.117.site.21, 2, 116, 118
537012.5.peg.117.site.22, 7, 118, 125
537012.5.peg.117.site.23, 116, 120, 236
537012.5.peg.117.site.24, 32, 120, 152
537012.5.peg.117.site.25, 39, 120, 159
537012.5.peg.117.site.26, 2, 120, 122
537012.5.peg.117.site.27, 0, 120, 120
537012.5.peg.117.site.28, 1, 121, 122
537012.5.peg.117.site.29, 7, 123, 130
537012.5.peg.117.site.30, 1, 121, 122
537012.5.peg.117.site.31, 3, 124, 127
537012.5.peg.117.site.32, 5, 124, 129
537012.5.peg.117.site.33, 7, 126, 133
537012.5.peg.117.site.34, 1, 127, 128
537012.5.peg.117.site.35, 14, 127, 141
537012.5.peg.117.site.36, 3, 127, 130
537012.5.peg.117.site.37, 1, 128, 129
537012.5.peg.117.site.38, 6, 124, 130
537012.5.peg.117.site.39, 20, 127, 147
537012.5.peg.117.site.40, 8, 127, 135
537012.5.peg.2524.site.1, 7, 92, 99
537012.5.peg.2524.site.2, 0, 94, 94
537012.5.peg.2524.site.3, 0, 94, 94
537012.5.peg.2524.site.4, 2, 68, 70
537012.5.peg.2524.site.5, 33, 75, 108
537012.5.peg.2524.site.6, 6, 105, 111
537012.5.peg.2524.site.7, 6, 97, 103
537012.5.peg.2524.site.8, 4, 82, 86
537012.5.peg.2524.site.9, 0, 83, 83
537012.5.peg.2524.site.10, 0, 85, 85
537012.5.peg.2524.site.11, 42, 125, 167
537012.5.peg.2524.site.12, 3, 131, 134
537012.5.peg.2524.site.13, 0, 126, 126
537012.5.peg.2524.site.14, 0, 106, 106
537012.5.peg.2524.site.15, 4, 108, 112
537012.5.peg.2524.site.16, 3, 108, 111
537012.5.peg.2524.site.17, 3, 119, 122
537012.5.peg.2524.site.18, 13, 95, 108
537012.5.peg.2524.site.19, 0, 96, 96
537012.5.peg.2524.site.20, 2, 123, 125
537012.5.peg.2524.site.21, 14, 126, 140
537012.5.peg.2524.site.22, 1, 122, 123
537012.5.peg.2524.site.23, 3, 126, 129
537012.5.peg.2524.site.24, 2, 83, 85
537012.5.peg.2524.site.25, 2, 97, 99
537012.5.peg.2524.site.26, 5, 90, 95
537012.5.peg.2524.site.27, 0, 74, 74
537012.5.peg.2524.site.28, 1, 73, 74
537012.5.peg.2524.site.29, 7, 90, 97
537012.5.peg.2524.site.30, 1, 90, 91
537012.5.peg.2524.site.31, 0, 88, 88
537012.5.peg.2524.site.32, 2, 74, 76
537012.5.peg.2524.site.33, 2, 89, 91
537012.5.peg.2524.site.34, 2, 71, 73
537012.5.peg.2524.site.35, 10, 69, 79
537012.5.peg.2524.site.36, 2, 72, 74
537012.5.peg.2524.site.37, 27, 81, 108
537012.5.peg.2524.site.38, 2, 87, 89
537012.5.peg.2524.site.39, 6, 96, 102
537012.5.peg.2524.site.40, 2, 98, 100
537012.5.peg.2524.site.41, 2, 103, 105
537012.5.peg.2524.site.42, 1, 94, 95
537012.5.peg.2524.site.43, 9, 89, 98
537012.5.peg.2527.site.1, 5, 126, 131
537012.5.peg.2527.site.2, 6, 126, 132
537012.5.peg.2527.site.3, 5, 124, 129
537012.5.peg.2527.site.4, 1, 125, 126
537012.5.peg.2527.site.5, 3, 126, 129
537012.5.peg.2527.site.6, 0, 127, 127
537012.5.peg.2527.site.7, 12, 127, 139
537012.5.peg.2527.site.8, 0, 124, 124
537012.5.peg.2527.site.9, 17, 124, 141
537012.5.peg.2527.site.10, 4, 122, 126
537012.5.peg.2527.site.11, 3, 120, 123
537012.5.peg.2527.site.12, 3, 120, 123
537012.5.peg.2527.site.13, 5, 122, 127
537012.5.peg.2527.site.14, 19, 122, 141
537012.5.peg.2527.site.15, 5, 123, 128
537012.5.peg.2527.site.16, 8, 124, 132
537012.5.peg.2527.site.17, 16, 123, 139
537012.5.peg.2527.site.18, 96, 122, 218
537012.5.peg.2527.site.19, 4, 121, 125
537012.5.peg.2527.site.20, 5, 121, 126
537012.5.peg.2527.site.21, 4, 121, 125
537012.5.peg.2527.site.22, 4, 123, 127
537012.5.peg.2527.site.23, 4, 121, 125
537012.5.peg.2527.site.24, 4, 121, 125
537012.5.peg.2527.site.25, 12, 121, 133
537012.5.peg.2527.site.26, 4, 122, 126
537012.5.peg.2527.site.27, 4, 121, 125
537012.5.peg.2527.site.28, 24, 123, 147
537012.5.peg.2527.site.29, 0, 122, 122
537012.5.peg.2527.site.30, 4, 121, 125
537012.5.peg.2527.site.31, 20, 121, 141
537012.5.peg.2527.site.32, 20, 121, 141
537012.5.peg.2527.site.33, 0, 123, 123
537012.5.peg.2527.site.34, 0, 124, 124
537012.5.peg.2527.site.35, 1, 123, 124
537012.5.peg.2527.site.36, 4, 122, 126
537012.5.peg.2527.site.37, 4, 121, 125
537012.5.peg.2527.site.38, 4, 122, 126
537012.5.peg.2526.site.1, 0, 108, 108
537012.5.peg.2526.site.2, 0, 122, 122
537012.5.peg.2526.site.3, 10, 125, 135
537012.5.peg.2526.site.4, 0, 129, 129
537012.5.peg.2526.site.5, 0, 129, 129
537012.5.peg.2526.site.6, 0, 130, 130
537012.5.peg.2526.site.7, 4, 131, 135
537012.5.peg.2526.site.8, 0, 132, 132
537012.5.peg.2526.site.9, 1, 133, 134
537012.5.peg.2526.site.10, 2, 134, 136
537012.5.peg.2526.site.11, 6, 134, 140
537012.5.peg.2526.site.12, 0, 133, 133
537012.5.peg.2526.site.13, 4, 132, 136
537012.5.peg.2526.site.14, 2, 134, 136
537012.5.peg.2526.site.15, 1, 134, 135
537012.5.peg.2526.site.16, 1, 133, 134
537012.5.peg.2526.site.17, 1, 134, 135
537012.5.peg.2526.site.18, 16, 132, 148
537012.5.peg.2526.site.19, 5, 131, 136
537012.5.peg.2526.site.20, 5, 132, 137
537012.5.peg.2526.site.21, 13, 131, 144
537012.5.peg.2526.site.22, 1, 134, 135
537012.5.peg.2526.site.23, 0, 133, 133
537012.5.peg.2526.site.24, 0, 133, 133
537012.5.peg.2526.site.25, 2, 133, 135
537012.5.peg.2526.site.26, 5, 132, 137
537012.5.peg.2526.site.27, 6, 132, 138
537012.5.peg.2526.site.28, 6, 132, 138
537012.5.peg.2526.site.29, 0, 132, 132
537012.5.peg.2526.site.30, 0, 132, 132
537012.5.peg.2526.site.31, 23, 132, 155
537012.5.peg.2526.site.32, 6, 132, 138
537012.5.peg.2526.site.33, 11, 133, 144
537012.5.peg.2526.site.34, 4, 133, 137
537012.5.peg.2526.site.35, 1, 130, 131
537012.5.peg.2526.site.36, 1, 132, 133
537012.5.peg.2526.site.37, 5, 132, 137
537012.5.peg.2526.site.38, 17, 132, 149
537012.5.peg.2526.site.39, 1, 133, 134
537012.5.peg.2526.site.40, 1, 133, 134
537012.5.peg.2526.site.41, 4, 130, 134
537012.5.peg.2526.site.42, 2, 133, 135
537012.5.peg.2526.site.43, 3, 133, 136
537012.5.peg.2526.site.44, 0, 133, 133
537012.5.peg.2526.site.45, 12, 133, 145
537012.5.peg.2526.site.46, 0, 133, 133
537012.5.peg.2526.site.47, 6, 132, 138
537012.5.peg.2526.site.48, 5, 131, 136
537012.5.peg.2526.site.49, 4, 132, 136
537012.5.peg.2526.site.50, 0, 133, 133
537012.5.peg.2526.site.51, 37, 133, 170
537012.5.peg.2526.site.52, 0, 133, 133
537012.5.peg.2526.site.53, 2, 130, 132
537012.5.peg.2526.site.54, 0, 130, 130
537012.5.peg.2526.site.55, 8, 126, 134
537012.5.peg.2526.site.56, 11, 131, 142
537012.5.peg.2526.site.57, 0, 132, 132
537012.5.peg.2526.site.58, 0, 130, 130
537012.5.peg.2526.site.59, 5, 123, 128
537012.5.peg.2521.site.1, 1, 129, 130
537012.5.peg.2521.site.2, 3, 129, 132
537012.5.peg.2521.site.3, 2, 130, 132
537012.5.peg.2521.site.4, 2, 130, 132
537012.5.peg.2521.site.5, 2, 131, 133
537012.5.peg.2521.site.6, 5, 129, 134
537012.5.peg.2521.site.7, 0, 128, 128
537012.5.peg.2521.site.8, 0, 129, 129
537012.5.peg.2521.site.9, 4, 128, 132
537012.5.peg.2521.site.10, 3, 129, 132
537012.5.peg.2521.site.11, 94, 128, 222
537012.5.peg.2521.site.12, 3, 129, 132
537012.5.peg.2521.site.13, 12, 130, 142
537012.5.peg.2521.site.14, 1, 129, 130
537012.5.peg.2521.site.15, 0, 129, 129
537012.5.peg.2521.site.16, 12, 129, 141
537012.5.peg.2521.site.17, 1, 130, 131
537012.5.peg.2521.site.18, 12, 132, 144
537012.5.peg.2521.site.19, 26, 132, 158
537012.5.peg.2521.site.20, 1, 130, 131
537012.5.peg.2521.site.21, 1, 130, 131
537012.5.peg.2521.site.22, 1, 127, 128
537012.5.peg.2521.site.23, 4, 126, 130
537012.5.peg.2521.site.24, 10, 120, 130
537012.5.peg.2521.site.25, 11, 121, 132
537012.5.peg.2521.site.26, 11, 117, 128
537012.5.peg.2521.site.27, 0, 111, 111
537012.5.peg.2521.site.28, 0, 101, 101
537012.5.peg.2521.site.29, 2, 73, 75
537012.5.peg.2521.site.30, 1, 75, 76
537012.5.peg.2521.site.31, 1, 72, 73
537012.5.peg.2521.site.32, 1, 77, 78
537012.5.peg.2521.site.33, 4, 78, 82
537012.5.peg.2521.site.34, 1, 81, 82
537012.5.peg.2521.site.35, 2, 81, 83
537012.5.peg.2521.site.36, 5, 76, 81
537012.5.peg.2521.site.37, 4, 75, 79
537012.5.peg.2521.site.38, 9, 75, 84
537012.5.peg.2521.site.39, 74, 75, 149
537012.5.peg.2521.site.40, 10, 75, 85
537012.5.peg.2521.site.41, 2, 75, 77
537012.5.peg.2521.site.42, 73, 74, 147
537012.5.peg.2521.site.43, 1, 74, 75
537012.5.peg.2521.site.44, 5, 74, 79
537012.5.peg.2521.site.45, 72, 73, 145
537012.5.peg.2521.site.46, 4, 75, 79
537012.5.peg.2521.site.47, 5, 77, 82
537012.5.peg.2521.site.48, 2, 76, 78
537012.5.peg.2521.site.49, 76, 77, 153
537012.5.peg.2521.site.50, 72, 75, 147
537012.5.peg.2521.site.51, 66, 76, 142
537012.5.peg.2521.site.52, 0, 79, 79
537012.5.peg.2521.site.53, 0, 80, 80
537012.5.peg.2521.site.54, 5, 82, 87
537012.5.peg.2521.site.55, 1, 83, 84
537012.5.peg.2521.site.56, 2, 81, 83
537012.5.peg.2521.site.57, 5, 81, 86
537012.5.peg.2521.site.58, 4, 78, 82
537012.5.peg.2520.site.1, 93, 128, 221
537012.5.peg.2520.site.2, 1, 131, 132
537012.5.peg.2520.site.3, 102, 131, 233
537012.5.peg.2520.site.4, 2, 128, 130
537012.5.peg.2520.site.5, 0, 124, 124
537012.5.peg.2520.site.6, 6, 122, 128
537012.5.peg.2520.site.7, 12, 76, 88
537012.5.peg.2520.site.8, 0, 76, 76
537012.5.peg.2520.site.9, 51, 75, 126
537012.5.peg.2520.site.10, 0, 74, 74
537012.5.peg.2520.site.11, 2, 76, 78
537012.5.peg.2520.site.12, 5, 71, 76
537012.5.peg.2520.site.13, 1, 66, 67
537012.5.peg.2520.site.14, 6, 66, 72
537012.5.peg.2520.site.15, 1, 65, 66
537012.5.peg.2520.site.16, 1, 65, 66
537012.5.peg.2520.site.17, 6, 70, 76
537012.5.peg.2520.site.18, 2, 74, 76
537012.5.peg.2520.site.19, 4, 76, 80
537012.5.peg.2520.site.20, 6, 107, 113
537012.5.peg.2520.site.21, 7, 127, 134
537012.5.peg.2520.site.22, 1, 127, 128
537012.5.peg.2520.site.23, 0, 127, 127
537012.5.peg.2520.site.24, 17, 126, 143
537012.5.peg.2520.site.25, 0, 128, 128
537012.5.peg.2520.site.26, 0, 127, 127
537012.5.peg.2520.site.27, 1, 128, 129
537012.5.peg.2520.site.28, 0, 128, 128
537012.5.peg.2520.site.29, 10, 126, 136
537012.5.peg.2520.site.30, 0, 124, 124
537012.5.peg.2520.site.31, 2, 125, 127
537012.5.peg.2520.site.32, 1, 123, 124
537012.5.peg.2520.site.33, 38, 122, 160
537012.5.peg.2520.site.34, 6, 128, 134
537012.5.peg.2520.site.35, 13, 129, 142
537012.5.peg.2520.site.36, 10, 130, 140
537012.5.peg.2520.site.37, 11, 132, 143
537012.5.peg.2520.site.38, 0, 132, 132
537012.5.peg.2520.site.39, 3, 132, 135
537012.5.peg.2520.site.40, 6, 132, 138
537012.5.peg.2520.site.41, 0, 124, 124
537012.5.peg.2520.site.42, 3, 122, 125
537012.5.peg.2520.site.43, 9, 122, 131
537012.5.peg.2520.site.44, 1, 121, 122
537012.5.peg.2520.site.45, 2, 122, 124
537012.5.peg.2520.site.46, 0, 129, 129
537012.5.peg.2520.site.47, 1, 129, 130
537012.5.peg.2520.site.48, 5, 129, 134
537012.5.peg.2520.site.49, 128, 129, 257
537012.5.peg.2520.site.50, 7, 129, 136
537012.5.peg.2520.site.51, 79, 128, 207
537012.5.peg.2520.site.52, 10, 129, 139
537012.5.peg.2520.site.53, 7, 128, 135
537012.5.peg.2520.site.54, 3, 128, 131
537012.5.peg.2520.site.55, 2, 130, 132
537012.5.peg.2520.site.56, 1, 129, 130
537012.5.peg.2520.site.57, 3, 129, 132
537012.5.peg.2520.site.58, 1, 130, 131
537012.5.peg.2520.site.59, 2, 131, 133
537012.5.peg.2520.site.60, 2, 129, 131
537012.5.peg.2520.site.61, 2, 128, 130
537012.5.peg.2529.site.1, 4, 121, 125
537012.5.peg.2529.site.2, 22, 123, 145
537012.5.peg.2529.site.3, 1, 121, 122
537012.5.peg.2529.site.4, 97, 123, 220
537012.5.peg.2529.site.5, 15, 122, 137
537012.5.peg.2529.site.6, 102, 122, 224
537012.5.peg.2529.site.7, 5, 122, 127
537012.5.peg.2529.site.8, 3, 123, 126
537012.5.peg.2528.site.1, 0, 120, 120
537012.5.peg.2528.site.2, 4, 120, 124
537012.5.peg.2528.site.3, 0, 120, 120
537012.5.peg.2528.site.4, 0, 121, 121
537012.5.peg.2528.site.5, 2, 123, 125
537012.5.peg.2528.site.6, 4, 121, 125
537012.5.peg.2528.site.7, 4, 122, 126
537012.5.peg.2528.site.8, 4, 121, 125
537012.5.peg.2528.site.9, 0, 123, 123
537012.5.peg.2528.site.10, 55, 122, 177
537012.5.peg.2528.site.11, 0, 123, 123
537012.5.peg.2528.site.12, 91, 122, 213
537012.5.peg.2528.site.13, 1, 123, 124
537012.5.peg.3212.site.1, 1, 77, 78
537012.5.peg.3212.site.2, 22, 73, 95
537012.5.peg.3212.site.3, 0, 82, 82
537012.5.peg.3212.site.4, 0, 86, 86
537012.5.peg.3212.site.5, 26, 84, 110
537012.5.peg.3212.site.6, 3, 81, 84
537012.5.peg.3212.site.7, 3, 82, 85
537012.5.peg.3212.site.8, 3, 79, 82
537012.5.peg.3212.site.9, 5, 78, 83
537012.5.peg.3212.site.10, 9, 77, 86
537012.5.peg.3212.site.11, 23, 77, 100
537012.5.peg.3212.site.12, 1, 77, 78
537012.5.peg.3212.site.13, 10, 76, 86
537012.5.peg.3212.site.14, 3, 76, 79
537012.5.peg.3216.site.1, 2, 69, 71
537012.5.peg.3216.site.2, 0, 71, 71
537012.5.peg.3216.site.3, 1, 71, 72
537012.5.peg.3216.site.4, 2, 72, 74
537012.5.peg.3216.site.5, 1, 71, 72
537012.5.peg.3216.site.6, 0, 69, 69
537012.5.peg.3216.site.7, 2, 71, 73
537012.5.peg.3216.site.8, 0, 69, 69
537012.5.peg.3216.site.9, 4, 69, 73
537012.5.peg.3216.site.10, 4, 71, 75
537012.5.peg.3216.site.11, 0, 69, 69
537012.5.peg.3216.site.12, 2, 71, 73
537012.5.peg.3216.site.13, 6, 67, 73
537012.5.peg.3216.site.14, 1, 71, 72
537012.5.peg.3216.site.15, 61, 74, 135
537012.5.peg.3216.site.16, 0, 72, 72
537012.5.peg.3217.site.1, 2, 77, 79
537012.5.peg.3217.site.2, 1, 77, 78
537012.5.peg.3217.site.3, 12, 75, 87
537012.5.peg.3217.site.4, 1, 81, 82
537012.5.peg.3217.site.5, 2, 81, 83
537012.5.peg.3217.site.6, 3, 82, 85
537012.5.peg.3217.site.7, 36, 87, 123
537012.5.peg.3217.site.8, 0, 89, 89
537012.5.peg.3217.site.9, 13, 86, 99
537012.5.peg.3217.site.10, 4, 82, 86
537012.5.peg.3217.site.11, 1, 79, 80
537012.5.peg.3217.site.12, 5, 79, 84
537012.5.peg.3217.site.13, 14, 79, 93
537012.5.peg.3217.site.14, 0, 78, 78
537012.5.peg.3217.site.15, 30, 77, 107
537012.5.peg.3217.site.16, 4, 79, 83
537012.5.peg.3217.site.17, 2, 79, 81
537012.5.peg.3217.site.18, 1, 79, 80
537012.5.peg.3217.site.19, 69, 79, 148
537012.5.peg.3217.site.20, 0, 80, 80
537012.5.peg.3217.site.21, 6, 80, 86
537012.5.peg.3217.site.22, 1, 82, 83
537012.5.peg.3217.site.23, 19, 83, 102
537012.5.peg.3217.site.24, 0, 83, 83
537012.5.peg.3217.site.25, 2, 83, 85
537012.5.peg.3217.site.26, 16, 82, 98
537012.5.peg.3217.site.27, 20, 82, 102
537012.5.peg.3217.site.28, 13, 84, 97
537012.5.peg.3217.site.29, 11, 83, 94
537012.5.peg.3217.site.30, 2, 83, 85
537012.5.peg.3217.site.31, 1, 85, 86
537012.5.peg.3217.site.32, 7, 86, 93
537012.5.peg.3217.site.33, 3, 88, 91
537012.5.peg.3217.site.34, 9, 89, 98
537012.5.peg.3217.site.35, 0, 88, 88
537012.5.peg.3217.site.36, 1, 85, 86
537012.5.peg.3217.site.37, 2, 83, 85
537012.5.peg.3217.site.38, 27, 82, 109
537012.5.peg.3217.site.39, 3, 83, 86
537012.5.peg.3217.site.40, 6, 83, 89
537012.5.peg.3217.site.41, 21, 77, 98
537012.5.peg.3217.site.42, 1, 78, 79
537012.5.peg.3217.site.43, 1, 78, 79
537012.5.peg.3217.site.44, 1, 76, 77
537012.5.peg.3217.site.45, 22, 75, 97
537012.5.peg.3217.site.46, 0, 76, 76
537012.5.peg.3217.site.47, 1, 77, 78
537012.5.peg.3217.site.48, 0, 77, 77
537012.5.peg.3217.site.49, 75, 77, 152
537012.5.peg.3217.site.50, 23, 75, 98
537012.5.peg.3217.site.51, 51, 77, 128
537012.5.peg.3217.site.52, 12, 83, 95
537012.5.peg.3217.site.53, 5, 86, 91
537012.5.peg.3217.site.54, 3, 89, 92
537012.5.peg.3217.site.55, 2, 85, 87
537012.5.peg.3217.site.56, 3, 84, 87
537012.5.peg.3217.site.57, 1, 83, 84
537012.5.peg.3217.site.58, 50, 82, 132
537012.5.peg.3217.site.59, 2, 82, 84
537012.5.peg.3217.site.60, 5, 82, 87
537012.5.peg.3217.site.61, 4, 87, 91
537012.5.peg.3217.site.62, 2, 90, 92
537012.5.peg.3217.site.63, 0, 91, 91
537012.5.peg.3217.site.64, 14, 102, 116
537012.5.peg.3217.site.65, 1, 112, 113
537012.5.peg.3217.site.66, 2, 119, 121
537012.5.peg.3217.site.67, 1, 123, 124
537012.5.peg.3217.site.68, 1, 111, 112
537012.5.peg.3217.site.69, 2, 107, 109
537012.5.peg.3217.site.70, 0, 86, 86
537012.5.peg.3217.site.71, 6, 91, 97
537012.5.peg.3217.site.72, 39, 93, 132
537012.5.peg.3217.site.73, 42, 100, 142
537012.5.peg.3217.site.74, 0, 100, 100
537012.5.peg.3217.site.75, 1, 124, 125
537012.5.peg.3217.site.76, 3, 126, 129
537012.5.peg.3217.site.77, 0, 129, 129
537012.5.peg.3217.site.78, 0, 129, 129
537012.5.peg.3217.site.79, 2, 130, 132
537012.5.peg.3217.site.80, 0, 129, 129
537012.5.peg.3217.site.81, 0, 130, 130
537012.5.peg.3217.site.82, 2, 128, 130
537012.5.peg.3217.site.83, 0, 124, 124
537012.5.peg.3217.site.84, 1, 123, 124
537012.5.peg.3217.site.85, 5, 123, 128
537012.5.peg.3217.site.86, 37, 124, 161
537012.5.peg.3217.site.87, 0, 122, 122
537012.5.peg.3217.site.88, 123, 124, 247
537012.5.peg.3217.site.89, 1, 123, 124
537012.5.peg.3217.site.90, 99, 124, 223
537012.5.peg.3217.site.91, 0, 123, 123
537012.5.peg.3217.site.92, 3, 124, 127
537012.5.peg.3217.site.93, 3, 133, 136
537012.5.peg.3217.site.94, 3, 133, 136
537012.5.peg.3217.site.95, 2, 128, 130
537012.5.peg.3217.site.96, 3, 130, 133
537012.5.peg.3217.site.97, 4, 129, 133
537012.5.peg.3217.site.98, 2, 128, 130
537012.5.peg.3217.site.99, 59, 118, 177
537012.5.peg.3217.site.100, 3, 125, 128
537012.5.peg.3217.site.101, 0, 126, 126
537012.5.peg.3217.site.102, 4, 129, 133
537012.5.peg.3218.site.1, 104, 134, 238
537012.5.peg.3218.site.2, 49, 133, 182
537012.5.peg.3218.site.3, 2, 130, 132
537012.5.peg.3218.site.4, 9, 131, 140
537012.5.peg.3218.site.5, 1, 133, 134
537012.5.peg.3218.site.6, 2, 134, 136
537012.5.peg.3218.site.7, 1, 134, 135
537012.5.peg.3218.site.8, 5, 131, 136
537012.5.peg.3218.site.9, 4, 132, 136
537012.5.peg.3218.site.10, 6, 134, 140
537012.5.peg.3218.site.11, 3, 134, 137
537012.5.peg.3219.site.1, 9, 131, 140
537012.5.peg.3219.site.2, 1, 129, 130
537012.5.peg.3219.site.3, 7, 130, 137
537012.5.peg.3219.site.4, 4, 132, 136
537012.5.peg.3219.site.5, 1, 134, 135
537012.5.peg.3219.site.6, 4, 132, 136
537012.5.peg.3219.site.7, 4, 132, 136
537012.5.peg.3219.site.8, 4, 132, 136
537012.5.peg.3219.site.9, 6, 134, 140
537012.5.peg.3219.site.10, 1, 132, 133
537012.5.peg.3219.site.11, 11, 131, 142
537012.5.peg.3219.site.12, 1, 129, 130
537012.5.peg.3219.site.13, 2, 129, 131
537012.5.peg.3219.site.14, 2, 131, 133
537012.5.peg.3219.site.15, 2, 129, 131
537012.5.peg.3219.site.16, 68, 131, 199
537012.5.peg.3219.site.17, 3, 129, 132
537012.5.peg.3219.site.18, 3, 130, 133
537012.5.peg.3219.site.19, 1, 133, 134
537012.5.peg.3219.site.20, 6, 133, 139
537012.5.peg.3219.site.21, 3, 134, 137
537012.5.peg.3219.site.22, 4, 134, 138
537012.5.peg.3219.site.23, 0, 133, 133
537012.5.peg.3219.site.24, 6, 133, 139
537012.5.peg.3219.site.25, 0, 134, 134
537012.5.peg.3219.site.26, 4, 133, 137
537012.5.peg.3219.site.27, 4, 133, 137
537012.5.peg.3219.site.28, 4, 133, 137
537012.5.peg.3219.site.29, 1, 134, 135
537012.5.peg.3219.site.30, 3, 132, 135
537012.5.peg.3219.site.31, 0, 133, 133
537012.5.peg.3219.site.32, 6, 133, 139
537012.5.peg.3219.site.33, 0, 133, 133
537012.5.peg.3219.site.34, 1, 134, 135
537012.5.peg.3219.site.35, 3, 134, 137
537012.5.peg.3219.site.36, 1, 134, 135
537012.5.peg.3219.site.37, 55, 131, 186
537012.5.peg.3219.site.38, 2, 132, 134
537012.5.peg.3219.site.39, 7, 134, 141
537012.5.peg.3219.site.40, 5, 133, 138
537012.5.peg.3219.site.41, 1, 134, 135
537012.5.peg.3219.site.42, 3, 134, 137
537012.5.peg.3219.site.43, 106, 134, 240
537012.5.peg.3219.site.44, 0, 134, 134
537012.5.peg.2187.site.1, 8, 130, 138
537012.5.peg.2187.site.2, 1, 130, 131
537012.5.peg.2187.site.3, 4, 130, 134
537012.5.peg.2187.site.4, 18, 132, 150
537012.5.peg.2187.site.5, 1, 132, 133
537012.5.peg.2187.site.6, 1, 132, 133
537012.5.peg.2187.site.7, 5, 131, 136
537012.5.peg.2187.site.8, 0, 131, 131
537012.5.peg.2187.site.9, 1, 130, 131
537012.5.peg.2187.site.10, 6, 130, 136
537012.5.peg.2187.site.11, 0, 129, 129
537012.5.peg.2187.site.12, 6, 128, 134
537012.5.peg.2187.site.13, 0, 124, 124
537012.5.peg.2187.site.14, 1, 129, 130
537012.5.peg.2187.site.15, 1, 129, 130
537012.5.peg.2187.site.16, 6, 128, 134
537012.5.peg.2187.site.17, 1, 128, 129
537012.5.peg.2187.site.18, 3, 114, 117
537012.5.peg.2187.site.19, 2, 112, 114
537012.5.peg.2187.site.20, 68, 88, 156
537012.5.peg.2187.site.21, 1, 96, 97
537012.5.peg.2187.site.22, 1, 103, 104
537012.5.peg.2187.site.23, 1, 112, 113
537012.5.peg.2187.site.24, 6, 111, 117
537012.5.peg.2187.site.25, 16, 124, 140
537012.5.peg.2187.site.26, 14, 130, 144
537012.5.peg.2187.site.27, 1, 132, 133
537012.5.peg.2187.site.28, 3, 132, 135
537012.5.peg.2187.site.29, 2, 130, 132
537012.5.peg.2187.site.30, 59, 130, 189
537012.5.peg.2187.site.31, 8, 131, 139
537012.5.peg.2187.site.32, 1, 132, 133
537012.5.peg.2187.site.33, 41, 127, 168
537012.5.peg.2186.site.1, 3, 134, 137
537012.5.peg.2186.site.2, 4, 132, 136
537012.5.peg.2186.site.3, 38, 133, 171
537012.5.peg.2186.site.4, 7, 134, 141
537012.5.peg.2186.site.5, 7, 134, 141
537012.5.peg.2186.site.6, 4, 132, 136
537012.5.peg.2186.site.7, 3, 134, 137
537012.5.peg.2186.site.8, 5, 132, 137
537012.5.peg.2186.site.9, 4, 131, 135
537012.5.peg.2186.site.10, 0, 133, 133
537012.5.peg.2186.site.11, 3, 133, 136
537012.5.peg.2186.site.12, 1, 133, 134
537012.5.peg.2186.site.13, 6, 134, 140
537012.5.peg.2186.site.14, 8, 134, 142
537012.5.peg.2186.site.15, 2, 134, 136
537012.5.peg.2186.site.16, 9, 133, 142
537012.5.peg.2186.site.17, 9, 134, 143
537012.5.peg.2186.site.18, 3, 132, 135
537012.5.peg.2186.site.19, 17, 134, 151
537012.5.peg.2186.site.20, 14, 134, 148
537012.5.peg.2186.site.21, 2, 134, 136
537012.5.peg.2186.site.22, 1, 132, 133
537012.5.peg.2186.site.23, 8, 133, 141
537012.5.peg.2186.site.24, 5, 132, 137
537012.5.peg.2186.site.25, 92, 131, 223
537012.5.peg.2185.site.1, 9, 134, 143
537012.5.peg.2185.site.2, 7, 134, 141
537012.5.peg.2185.site.3, 9, 134, 143
537012.5.peg.2185.site.4, 9, 134, 143
537012.5.peg.2185.site.5, 14, 134, 148
537012.5.peg.2185.site.6, 7, 134, 141
537012.5.peg.2185.site.7, 7, 134, 141
537012.5.peg.2185.site.8, 35, 134, 169
537012.5.peg.2185.site.9, 7, 134, 141
537012.5.peg.2185.site.10, 1, 134, 135
537012.5.peg.2185.site.11, 1, 133, 134
537012.5.peg.2185.site.12, 1, 134, 135
537012.5.peg.2185.site.13, 13, 134, 147
537012.5.peg.2185.site.14, 3, 134, 137
537012.5.peg.2185.site.15, 3, 134, 137
537012.5.peg.2185.site.16, 6, 134, 140
537012.5.peg.2185.site.17, 11, 134, 145
537012.5.peg.2185.site.18, 1, 133, 134
537012.5.peg.2185.site.19, 1, 132, 133
537012.5.peg.2185.site.20, 6, 133, 139
537012.5.peg.2185.site.21, 0, 132, 132
537012.5.peg.2185.site.22, 5, 133, 138
537012.5.peg.2185.site.23, 0, 133, 133
537012.5.peg.2185.site.24, 1, 132, 133
537012.5.peg.2185.site.25, 11, 134, 145
537012.5.peg.2185.site.26, 9, 132, 141
537012.5.peg.2185.site.27, 50, 131, 181
537012.5.peg.2185.site.28, 22, 133, 155
537012.5.peg.2185.site.29, 14, 134, 148
537012.5.peg.2185.site.30, 11, 134, 145
537012.5.peg.2185.site.31, 25, 134, 159
537012.5.peg.2185.site.32, 0, 134, 134
537012.5.peg.2184.site.1, 1, 79, 80
537012.5.peg.2184.site.2, 1, 79, 80
537012.5.peg.2184.site.3, 14, 91, 105
537012.5.peg.2184.site.4, 39, 111, 150
537012.5.peg.2184.site.5, 25, 115, 140
537012.5.peg.2184.site.6, 41, 113, 154
537012.5.peg.2184.site.7, 8, 117, 125
537012.5.peg.2184.site.8, 4, 121, 125
537012.5.peg.2184.site.9, 24, 120, 144
537012.5.peg.2184.site.10, 13, 125, 138
537012.5.peg.2184.site.11, 13, 125, 138
537012.5.peg.2184.site.12, 15, 130, 145
537012.5.peg.2184.site.13, 24, 134, 158
537012.5.peg.2184.site.14, 6, 134, 140
537012.5.peg.2184.site.15, 2, 134, 136
537012.5.peg.2184.site.16, 8, 133, 141
537012.5.peg.2184.site.17, 21, 134, 155
537012.5.peg.2184.site.18, 5, 134, 139
537012.5.peg.2184.site.19, 2, 133, 135
537012.5.peg.2184.site.20, 5, 130, 135
537012.5.peg.2184.site.21, 2, 133, 135
537012.5.peg.2184.site.22, 0, 133, 133
537012.5.peg.2631.site.1, 14, 74, 88
537012.5.peg.2631.site.2, 2, 75, 77
537012.5.peg.2631.site.3, 11, 76, 87
537012.5.peg.2631.site.4, 3, 75, 78
537012.5.peg.2631.site.5, 5, 76, 81
537012.5.peg.2631.site.6, 0, 78, 78
537012.5.peg.2631.site.7, 5, 78, 83
537012.5.peg.2631.site.8, 47, 75, 122
537012.5.peg.2631.site.9, 39, 84, 123
537012.5.peg.2631.site.10, 39, 84, 123
537012.5.peg.2631.site.11, 6, 87, 93
537012.5.peg.2631.site.12, 0, 89, 89
537012.5.peg.2631.site.13, 2, 91, 93
537012.5.peg.2631.site.14, 6, 118, 124
537012.5.peg.2631.site.15, 9, 111, 120
537012.5.peg.2631.site.16, 1, 111, 112
537012.5.peg.2631.site.17, 3, 113, 116
537012.5.peg.2631.site.18, 5, 113, 118
537012.5.peg.2631.site.19, 8, 113, 121
537012.5.peg.2631.site.20, 3, 120, 123
537012.5.peg.2631.site.21, 1, 123, 124
537012.5.peg.2631.site.22, 7, 116, 123
537012.5.peg.2631.site.23, 1, 114, 115
537012.5.peg.2631.site.24, 5, 115, 120
537012.5.peg.2631.site.25, 4, 105, 109
537012.5.peg.2631.site.26, 6, 97, 103
537012.5.peg.2631.site.27, 6, 97, 103
537012.5.peg.2631.site.28, 5, 99, 104
537012.5.peg.2631.site.29, 12, 101, 113
537012.5.peg.2631.site.30, 28, 101, 129
537012.5.peg.2631.site.31, 0, 105, 105
537012.5.peg.2631.site.32, 20, 104, 124
537012.5.peg.2631.site.33, 8, 102, 110
537012.5.peg.2631.site.34, 22, 101, 123
537012.5.peg.2631.site.35, 6, 102, 108
537012.5.peg.2631.site.36, 30, 98, 128
537012.5.peg.2631.site.37, 36, 101, 137
537012.5.peg.2631.site.38, 8, 104, 112
537012.5.peg.2631.site.39, 5, 103, 108
537012.5.peg.2631.site.40, 0, 102, 102
537012.5.peg.2631.site.41, 37, 96, 133
537012.5.peg.2631.site.42, 5, 78, 83
537012.5.peg.2631.site.43, 6, 78, 84
537012.5.peg.2631.site.44, 3, 79, 82
537012.5.peg.2631.site.45, 3, 78, 81
537012.5.peg.2631.site.46, 7, 77, 84
537012.5.peg.2631.site.47, 23, 78, 101
537012.5.peg.2631.site.48, 2, 105, 107
537012.5.peg.2631.site.49, 12, 102, 114
537012.5.peg.2631.site.50, 0, 103, 103
537012.5.peg.2631.site.51, 6, 102, 108
537012.5.peg.2631.site.52, 6, 103, 109
537012.5.peg.2631.site.53, 1, 103, 104
537012.5.peg.2631.site.54, 2, 99, 101
537012.5.peg.2631.site.55, 8, 99, 107
537012.5.peg.2631.site.56, 3, 98, 101
537012.5.peg.2631.site.57, 36, 100, 136
537012.5.peg.2631.site.58, 5, 101, 106
537012.5.peg.2631.site.59, 2, 102, 104
537012.5.peg.2631.site.60, 0, 105, 105
537012.5.peg.2631.site.61, 12, 115, 127
537012.5.peg.2631.site.62, 1, 116, 117
537012.5.peg.2631.site.63, 1, 118, 119
537012.5.peg.2631.site.64, 1, 116, 117
537012.5.peg.2631.site.65, 9, 103, 112
537012.5.peg.2631.site.66, 35, 102, 137
537012.5.peg.2631.site.67, 2, 103, 105
537012.5.peg.2631.site.68, 10, 100, 110
537012.5.peg.2631.site.69, 7, 106, 113
537012.5.peg.2631.site.70, 1, 107, 108
537012.5.peg.2631.site.71, 1, 108, 109
537012.5.peg.2631.site.72, 2, 109, 111
537012.5.peg.2631.site.73, 1, 110, 111
537012.5.peg.2631.site.74, 22, 108, 130
537012.5.peg.2631.site.75, 12, 110, 122
537012.5.peg.2631.site.76, 11, 111, 122
537012.5.peg.2630.site.1, 8, 106, 114
537012.5.peg.2630.site.2, 49, 90, 139
537012.5.peg.2630.site.3, 1, 91, 92
537012.5.peg.2630.site.4, 2, 94, 96
537012.5.peg.2630.site.5, 1, 94, 95
537012.5.peg.2630.site.6, 62, 94, 156
537012.5.peg.2630.site.7, 6, 82, 88
537012.5.peg.2630.site.8, 6, 77, 83
537012.5.peg.2630.site.9, 2, 76, 78
537012.5.peg.2630.site.10, 3, 78, 81
537012.5.peg.2630.site.11, 4, 78, 82
537012.5.peg.2630.site.12, 6, 81, 87
537012.5.peg.2630.site.13, 44, 78, 122
537012.5.peg.2630.site.14, 3, 75, 78
537012.5.peg.2630.site.15, 48, 73, 121
537012.5.peg.2630.site.16, 28, 46, 74
537012.5.peg.2630.site.17, 70, 76, 146
537012.5.peg.2630.site.18, 0, 77, 77
537012.5.peg.2630.site.19, 3, 77, 80
537012.5.peg.2630.site.20, 6, 77, 83
537012.5.peg.2630.site.21, 6, 77, 83
537012.5.peg.2630.site.22, 32, 77, 109
537012.5.peg.2630.site.23, 12, 78, 90
537012.5.peg.2630.site.24, 18, 76, 94
537012.5.peg.2630.site.25, 7, 76, 83
537012.5.peg.2630.site.26, 48, 74, 122
537012.5.peg.2630.site.27, 6, 76, 82
537012.5.peg.2630.site.28, 3, 76, 79
537012.5.peg.2630.site.29, 74, 75, 149
537012.5.peg.2630.site.30, 28, 75, 103
537012.5.peg.2630.site.31, 35, 76, 111
537012.5.peg.2630.site.32, 7, 77, 84
537012.5.peg.2630.site.33, 70, 77, 147
537012.5.peg.2630.site.34, 4, 76, 80
537012.5.peg.2630.site.35, 4, 76, 80
537012.5.peg.2630.site.36, 4, 76, 80
537012.5.peg.2630.site.37, 1, 76, 77
537012.5.peg.2630.site.38, 3, 77, 80
537012.5.peg.2630.site.39, 2, 77, 79
537012.5.peg.2630.site.40, 3, 75, 78
537012.5.peg.2630.site.41, 22, 76, 98
537012.5.peg.2630.site.42, 5, 75, 80
537012.5.peg.2630.site.43, 11, 75, 86
537012.5.peg.4128.site.1, 1, 132, 133
537012.5.peg.4128.site.2, 0, 129, 129
537012.5.peg.4128.site.3, 1, 131, 132
537012.5.peg.4128.site.4, 2, 129, 131
537012.5.peg.4128.site.5, 1, 128, 129
537012.5.peg.4128.site.6, 3, 129, 132
537012.5.peg.4128.site.7, 123, 125, 248
537012.5.peg.4128.site.8, 12, 129, 141
537012.5.peg.2634.site.1, 15, 84, 99
537012.5.peg.2634.site.2, 4, 88, 92
537012.5.peg.2634.site.3, 11, 95, 106
537012.5.peg.2634.site.4, 0, 105, 105
537012.5.peg.2634.site.5, 1, 104, 105
537012.5.peg.2634.site.6, 16, 102, 118
537012.5.peg.2634.site.7, 15, 103, 118
537012.5.peg.2634.site.8, 20, 100, 120
537012.5.peg.2634.site.9, 1, 102, 103
537012.5.peg.2634.site.10, 2, 99, 101
537012.5.peg.2634.site.11, 19, 101, 120
537012.5.peg.2634.site.12, 22, 103, 125
537012.5.peg.2634.site.13, 2, 104, 106
537012.5.peg.2634.site.14, 2, 104, 106
537012.5.peg.2634.site.15, 3, 103, 106
537012.5.peg.2634.site.16, 3, 100, 103
537012.5.peg.2634.site.17, 4, 99, 103
537012.5.peg.2634.site.18, 8, 98, 106
537012.5.peg.2634.site.19, 1, 92, 93
537012.5.peg.2634.site.20, 36, 81, 117
537012.5.peg.2634.site.21, 4, 89, 93
537012.5.peg.2634.site.22, 27, 88, 115
537012.5.peg.2634.site.23, 3, 91, 94
537012.5.peg.2634.site.24, 14, 94, 108
537012.5.peg.2634.site.25, 4, 99, 103
537012.5.peg.2634.site.26, 5, 102, 107
537012.5.peg.2634.site.27, 1, 108, 109
537012.5.peg.2634.site.28, 15, 106, 121
537012.5.peg.2634.site.29, 11, 107, 118
537012.5.peg.2634.site.30, 11, 111, 122
537012.5.peg.2634.site.31, 2, 111, 113
537012.5.peg.2634.site.32, 1, 104, 105
537012.5.peg.2634.site.33, 35, 81, 116
537012.5.peg.2634.site.34, 2, 82, 84
537012.5.peg.2634.site.35, 1, 78, 79
537012.5.peg.2634.site.36, 70, 77, 147
537012.5.peg.2634.site.37, 37, 76, 113
537012.5.peg.2634.site.38, 3, 76, 79
537012.5.peg.2634.site.39, 2, 74, 76
537012.5.peg.2634.site.40, 2, 75, 77
537012.5.peg.2634.site.41, 2, 77, 79
537012.5.peg.2634.site.42, 4, 79, 83
537012.5.peg.2634.site.43, 1, 82, 83
537012.5.peg.2634.site.44, 5, 82, 87
537012.5.peg.2634.site.45, 0, 83, 83
537012.5.peg.2634.site.46, 3, 93, 96
537012.5.peg.2634.site.47, 0, 88, 88
537012.5.peg.2634.site.48, 1, 82, 83
537012.5.peg.2188.site.1, 6, 131, 137
537012.5.peg.2188.site.2, 6, 133, 139
537012.5.peg.2188.site.3, 6, 133, 139
537012.5.peg.2188.site.4, 0, 133, 133
537012.5.peg.2188.site.5, 104, 134, 238
537012.5.peg.2188.site.6, 8, 133, 141
537012.5.peg.2188.site.7, 23, 132, 155
537012.5.peg.2188.site.8, 1, 130, 131
537012.5.peg.2188.site.9, 1, 130, 131
537012.5.peg.2188.site.10, 1, 129, 130
537012.5.peg.2188.site.11, 5, 134, 139
537012.5.peg.2188.site.12, 1, 134, 135
537012.5.peg.2188.site.13, 5, 134, 139
537012.5.peg.2188.site.14, 6, 132, 138
537012.5.peg.2188.site.15, 1, 132, 133
537012.5.peg.2188.site.16, 74, 132, 206
537012.5.peg.2188.site.17, 0, 133, 133
537012.5.peg.2188.site.18, 43, 133, 176
537012.5.peg.2188.site.19, 5, 132, 137
537012.5.peg.2188.site.20, 3, 133, 136
537012.5.peg.2188.site.21, 1, 131, 132
537012.5.peg.2188.site.22, 1, 130, 131
537012.5.peg.2188.site.23, 33, 130, 163
537012.5.peg.2188.site.24, 1, 130, 131
537012.5.peg.2188.site.25, 39, 132, 171
537012.5.peg.2188.site.26, 1, 130, 131
537012.5.peg.2188.site.27, 2, 124, 126
537012.5.peg.2188.site.28, 32, 125, 157
537012.5.peg.2188.site.29, 2, 124, 126
537012.5.peg.2188.site.30, 2, 128, 130
537012.5.peg.2188.site.31, 6, 130, 136
537012.5.peg.2188.site.32, 8, 131, 139
537012.5.peg.2188.site.33, 2, 127, 129
537012.5.peg.2188.site.34, 17, 125, 142
537012.5.peg.2188.site.35, 1, 126, 127
537012.5.peg.2188.site.36, 52, 120, 172
537012.5.peg.2188.site.37, 6, 124, 130
537012.5.peg.2188.site.38, 2, 122, 124
537012.5.peg.2188.site.39, 1, 120, 121
537012.5.peg.2188.site.40, 2, 123, 125
537012.5.peg.2188.site.41, 1, 122, 123
537012.5.peg.2188.site.42, 62, 124, 186
537012.5.peg.2188.site.43, 1, 127, 128
537012.5.peg.2188.site.44, 3, 122, 125
537012.5.peg.2188.site.45, 1, 130, 131
537012.5.peg.2188.site.46, 2, 130, 132
537012.5.peg.2188.site.47, 18, 129, 147
537012.5.peg.2188.site.48, 2, 128, 130
537012.5.peg.2188.site.49, 0, 129, 129
537012.5.peg.2188.site.50, 6, 129, 135
537012.5.peg.2188.site.51, 16, 129, 145
537012.5.peg.2188.site.52, 6, 130, 136
537012.5.peg.2188.site.53, 2, 131, 133
537012.5.peg.2188.site.54, 16, 131, 147
537012.5.peg.2188.site.55, 5, 132, 137
537012.5.peg.2188.site.56, 2, 130, 132
537012.5.peg.2188.site.57, 6, 128, 134
537012.5.peg.2188.site.58, 6, 128, 134
537012.5.peg.2188.site.59, 1, 123, 124
537012.5.peg.2188.site.60, 1, 123, 124
537012.5.peg.2188.site.61, 0, 125, 125
537012.5.peg.2188.site.62, 6, 124, 130
537012.5.peg.2188.site.63, 0, 122, 122
537012.5.peg.2188.site.64, 0, 113, 113
537012.5.peg.759.site.1, 1, 132, 133
537012.5.peg.759.site.2, 1, 130, 131
537012.5.peg.759.site.3, 1, 131, 132
537012.5.peg.759.site.4, 2, 131, 133
537012.5.peg.759.site.5, 3, 130, 133
537012.5.peg.759.site.6, 1, 130, 131
537012.5.peg.759.site.7, 0, 130, 130
537012.5.peg.759.site.8, 0, 130, 130
537012.5.peg.759.site.9, 0, 129, 129
537012.5.peg.759.site.10, 60, 128, 188
537012.5.peg.759.site.11, 2, 130, 132
537012.5.peg.759.site.12, 3, 126, 129
537012.5.peg.759.site.13, 2, 125, 127
537012.5.peg.759.site.14, 2, 125, 127
537012.5.peg.759.site.15, 123, 125, 248
537012.5.peg.759.site.16, 6, 128, 134
537012.5.peg.759.site.17, 1, 128, 129
537012.5.peg.759.site.18, 1, 129, 130
537012.5.peg.759.site.19, 3, 128, 131
537012.5.peg.759.site.20, 24, 129, 153
537012.5.peg.759.site.21, 5, 130, 135
537012.5.peg.759.site.22, 5, 128, 133
537012.5.peg.759.site.23, 10, 131, 141
537012.5.peg.759.site.24, 0, 130, 130
537012.5.peg.759.site.25, 1, 129, 130
537012.5.peg.759.site.26, 1, 129, 130
537012.5.peg.759.site.27, 1, 130, 131
537012.5.peg.759.site.28, 17, 131, 148
537012.5.peg.759.site.29, 1, 130, 131
537012.5.peg.759.site.30, 2, 132, 134
537012.5.peg.759.site.31, 3, 132, 135
537012.5.peg.759.site.32, 1, 130, 131
537012.5.peg.759.site.33, 5, 131, 136
537012.5.peg.759.site.34, 25, 129, 154
537012.5.peg.759.site.35, 1, 127, 128
537012.5.peg.759.site.36, 6, 130, 136
537012.5.peg.759.site.37, 1, 129, 130
537012.5.peg.759.site.38, 1, 131, 132
537012.5.peg.759.site.39, 8, 129, 137
537012.5.peg.759.site.40, 37, 129, 166
537012.5.peg.759.site.41, 8, 129, 137
537012.5.peg.759.site.42, 3, 130, 133
537012.5.peg.759.site.43, 0, 129, 129
537012.5.peg.759.site.44, 36, 131, 167
537012.5.peg.759.site.45, 6, 132, 138
537012.5.peg.759.site.46, 3, 131, 134
537012.5.peg.759.site.47, 3, 131, 134
537012.5.peg.759.site.48, 3, 130, 133
537012.5.peg.759.site.49, 9, 130, 139
537012.5.peg.759.site.50, 3, 131, 134
537012.5.peg.759.site.51, 1, 128, 129
537012.5.peg.759.site.52, 2, 124, 126
537012.5.peg.759.site.53, 1, 115, 116
537012.5.peg.759.site.54, 3, 121, 124
537012.5.peg.4434.site.1, 2, 131, 133
537012.5.peg.4434.site.2, 107, 129, 236
537012.5.peg.4434.site.3, 17, 131, 148
537012.5.peg.4434.site.4, 8, 130, 138
537012.5.peg.4434.site.5, 23, 131, 154
537012.5.peg.4434.site.6, 17, 131, 148
537012.5.peg.4434.site.7, 92, 131, 223
537012.5.peg.4434.site.8, 2, 131, 133
537012.5.peg.4434.site.9, 27, 130, 157
537012.5.peg.4434.site.10, 11, 129, 140
537012.5.peg.4434.site.11, 27, 130, 157
537012.5.peg.4434.site.12, 17, 130, 147
537012.5.peg.4434.site.13, 6, 131, 137
537012.5.peg.4434.site.14, 10, 129, 139
537012.5.peg.4434.site.15, 17, 131, 148
537012.5.peg.4434.site.16, 1, 131, 132
537012.5.peg.4434.site.17, 14, 130, 144
537012.5.peg.4434.site.18, 1, 130, 131
537012.5.peg.4434.site.19, 120, 128, 248
537012.5.peg.4434.site.20, 61, 127, 188
537012.5.peg.4434.site.21, 79, 123, 202
537012.5.peg.4434.site.22, 6, 117, 123
537012.5.peg.4434.site.23, 45, 119, 164
537012.5.peg.4434.site.24, 4, 123, 127
537012.5.peg.4434.site.25, 26, 131, 157
537012.5.peg.4434.site.26, 20, 130, 150
537012.5.peg.4434.site.27, 21, 129, 150
537012.5.peg.4434.site.28, 24, 131, 155
537012.5.peg.4434.site.29, 123, 131, 254
537012.5.peg.4434.site.30, 21, 130, 151
537012.5.peg.4434.site.31, 12, 128, 140
537012.5.peg.4434.site.32, 48, 130, 178
537012.5.peg.4434.site.33, 2, 131, 133
537012.5.peg.4434.site.34, 54, 129, 183
537012.5.peg.4434.site.35, 5, 131, 136
537012.5.peg.4434.site.36, 3, 131, 134
537012.5.peg.4434.site.37, 47, 131, 178
537012.5.peg.4434.site.38, 3, 131, 134
537012.5.peg.4434.site.39, 51, 121, 172
537012.5.peg.4434.site.40, 4, 116, 120
537012.5.peg.4434.site.41, 3, 121, 124
537012.5.peg.4434.site.42, 4, 121, 125
537012.5.peg.4434.site.43, 7, 124, 131
537012.5.peg.4434.site.44, 4, 130, 134
537012.5.peg.4434.site.45, 3, 130, 133
537012.5.peg.4434.site.46, 19, 126, 145
537012.5.peg.4434.site.47, 12, 131, 143
537012.5.peg.4434.site.48, 9, 131, 140
537012.5.peg.4434.site.49, 55, 127, 182
537012.5.peg.4434.site.50, 1, 129, 130
537012.5.peg.4434.site.51, 33, 126, 159
537012.5.peg.4434.site.52, 45, 128, 173
537012.5.peg.4434.site.53, 5, 130, 135
537012.5.peg.4434.site.54, 3, 128, 131
537012.5.peg.4434.site.55, 6, 129, 135
537012.5.peg.4434.site.56, 3, 131, 134
537012.5.peg.4434.site.57, 6, 131, 137
537012.5.peg.4434.site.58, 6, 131, 137
537012.5.peg.4434.site.59, 6, 131, 137
537012.5.peg.4434.site.60, 6, 131, 137
537012.5.peg.4434.site.61, 4, 131, 135
537012.5.peg.753.site.1, 8, 134, 142
537012.5.peg.753.site.2, 4, 134, 138
537012.5.peg.753.site.3, 24, 132, 156
537012.5.peg.753.site.4, 51, 132, 183
537012.5.peg.753.site.5, 26, 134, 160
537012.5.peg.753.site.6, 8, 134, 142
537012.5.peg.753.site.7, 6, 132, 138
537012.5.peg.752.site.1, 11, 133, 144
537012.5.peg.752.site.2, 5, 133, 138
537012.5.peg.752.site.3, 5, 133, 138
537012.5.peg.752.site.4, 1, 134, 135
537012.5.peg.752.site.5, 1, 133, 134
537012.5.peg.752.site.6, 1, 134, 135
537012.5.peg.752.site.7, 63, 132, 195
537012.5.peg.752.site.8, 1, 134, 135
537012.5.peg.752.site.9, 7, 134, 141
537012.5.peg.752.site.10, 10, 134, 144
537012.5.peg.752.site.11, 1, 134, 135
537012.5.peg.752.site.12, 1, 134, 135
537012.5.peg.752.site.13, 11, 134, 145
537012.5.peg.752.site.14, 5, 134, 139
537012.5.peg.752.site.15, 4, 132, 136
537012.5.peg.752.site.16, 8, 134, 142
537012.5.peg.752.site.17, 1, 134, 135
537012.5.peg.752.site.18, 1, 134, 135
537012.5.peg.752.site.19, 19, 134, 153
537012.5.peg.752.site.20, 102, 127, 229
537012.5.peg.752.site.21, 14, 129, 143
537012.5.peg.752.site.22, 1, 130, 131
537012.5.peg.752.site.23, 24, 129, 153
537012.5.peg.752.site.24, 6, 132, 138
537012.5.peg.752.site.25, 7, 133, 140
537012.5.peg.752.site.26, 1, 133, 134
537012.5.peg.752.site.27, 1, 132, 133
537012.5.peg.752.site.28, 0, 134, 134
537012.5.peg.752.site.29, 23, 131, 154
537012.5.peg.752.site.30, 10, 133, 143
537012.5.peg.752.site.31, 4, 132, 136
537012.5.peg.752.site.32, 10, 134, 144
537012.5.peg.752.site.33, 9, 133, 142
537012.5.peg.752.site.34, 8, 134, 142
537012.5.peg.752.site.35, 18, 133, 151
537012.5.peg.752.site.36, 0, 134, 134
537012.5.peg.752.site.37, 8, 134, 142
537012.5.peg.752.site.38, 15, 131, 146
537012.5.peg.752.site.39, 2, 134, 136
537012.5.peg.751.site.1, 13, 133, 146
537012.5.peg.751.site.2, 8, 134, 142
537012.5.peg.751.site.3, 3, 134, 137
537012.5.peg.751.site.4, 8, 133, 141
537012.5.peg.751.site.5, 8, 133, 141
537012.5.peg.751.site.6, 33, 132, 165
537012.5.peg.751.site.7, 2, 134, 136
537012.5.peg.751.site.8, 15, 133, 148
537012.5.peg.751.site.9, 15, 132, 147
537012.5.peg.751.site.10, 13, 132, 145
537012.5.peg.751.site.11, 5, 133, 138
537012.5.peg.751.site.12, 4, 132, 136
537012.5.peg.751.site.13, 1, 134, 135
537012.5.peg.751.site.14, 23, 134, 157
537012.5.peg.751.site.15, 3, 131, 134
537012.5.peg.751.site.16, 82, 132, 214
537012.5.peg.751.site.17, 1, 133, 134
537012.5.peg.751.site.18, 12, 132, 144
537012.5.peg.751.site.19, 1, 130, 131
537012.5.peg.751.site.20, 1, 133, 134
537012.5.peg.751.site.21, 13, 133, 146
537012.5.peg.751.site.22, 0, 134, 134
537012.5.peg.751.site.23, 12, 134, 146
537012.5.peg.751.site.24, 1, 134, 135
537012.5.peg.751.site.25, 1, 134, 135
537012.5.peg.751.site.26, 5, 133, 138
537012.5.peg.751.site.27, 0, 134, 134
537012.5.peg.751.site.28, 3, 133, 136
537012.5.peg.751.site.29, 9, 134, 143
537012.5.peg.751.site.30, 13, 132, 145
537012.5.peg.751.site.31, 4, 132, 136
537012.5.peg.751.site.32, 4, 132, 136
537012.5.peg.751.site.33, 4, 132, 136
537012.5.peg.751.site.34, 5, 134, 139
537012.5.peg.751.site.35, 8, 134, 142
537012.5.peg.751.site.36, 9, 129, 138
537012.5.peg.751.site.37, 18, 130, 148
537012.5.peg.751.site.38, 1, 133, 134
537012.5.peg.751.site.39, 5, 132, 137
537012.5.peg.751.site.40, 4, 132, 136
537012.5.peg.751.site.41, 5, 133, 138
537012.5.peg.751.site.42, 8, 134, 142
537012.5.peg.751.site.43, 59, 134, 193
537012.5.peg.751.site.44, 4, 134, 138
537012.5.peg.751.site.45, 5, 132, 137
537012.5.peg.750.site.1, 1, 134, 135
537012.5.peg.750.site.2, 0, 134, 134
537012.5.peg.750.site.3, 4, 132, 136
537012.5.peg.750.site.4, 5, 132, 137
537012.5.peg.750.site.5, 6, 134, 140
537012.5.peg.750.site.6, 1, 134, 135
537012.5.peg.750.site.7, 2, 134, 136
537012.5.peg.750.site.8, 2, 134, 136
537012.5.peg.750.site.9, 1, 134, 135
537012.5.peg.750.site.10, 8, 134, 142
537012.5.peg.750.site.11, 7, 134, 141
537012.5.peg.750.site.12, 8, 134, 142
537012.5.peg.4.site.1, 2, 81, 83
537012.5.peg.4.site.2, 68, 81, 149
537012.5.peg.4.site.3, 2, 82, 84
537012.5.peg.4.site.4, 8, 82, 90
537012.5.peg.4.site.5, 8, 82, 90
537012.5.peg.4.site.6, 6, 80, 86
537012.5.peg.4.site.7, 7, 82, 89
537012.5.peg.4.site.8, 4, 82, 86
537012.5.peg.4.site.9, 2, 81, 83
537012.5.peg.4.site.10, 0, 75, 75
537012.5.peg.4.site.11, 0, 73, 73
537012.5.peg.4.site.12, 36, 73, 109
537012.5.peg.4.site.13, 10, 76, 86
537012.5.peg.4.site.14, 1, 80, 81
537012.5.peg.4.site.15, 69, 79, 148
537012.5.peg.4.site.16, 1, 88, 89
537012.5.peg.4.site.17, 1, 99, 100
537012.5.peg.4.site.18, 1, 109, 110
537012.5.peg.4.site.19, 2, 116, 118
537012.5.peg.4.site.20, 0, 101, 101
537012.5.peg.4.site.21, 9, 116, 125
537012.5.peg.4.site.22, 43, 94, 137
537012.5.peg.4.site.23, 4, 128, 132
537012.5.peg.4.site.24, 24, 134, 158
537012.5.peg.4.site.25, 25, 132, 157
537012.5.peg.4.site.26, 11, 132, 143
537012.5.peg.4.site.27, 17, 126, 143
537012.5.peg.4.site.28, 6, 127, 133
537012.5.peg.4.site.29, 69, 110, 179
537012.5.peg.4.site.30, 4, 104, 108
537012.5.peg.4.site.31, 4, 101, 105
537012.5.peg.4.site.32, 78, 95, 173
537012.5.peg.4.site.33, 3, 93, 96
537012.5.peg.4.site.34, 4, 95, 99
537012.5.peg.4.site.35, 1, 97, 98
537012.5.peg.4.site.36, 7, 91, 98
537012.5.peg.4.site.37, 13, 87, 100
537012.5.peg.4.site.38, 3, 87, 90
537012.5.peg.4.site.39, 9, 84, 93
537012.5.peg.4.site.40, 10, 84, 94
537012.5.peg.4.site.41, 6, 83, 89
537012.5.peg.4.site.42, 5, 80, 85
537012.5.peg.4.site.43, 3, 78, 81
537012.5.peg.4.site.44, 1, 80, 81
537012.5.peg.4.site.45, 3, 80, 83
537012.5.peg.4.site.46, 2, 79, 81
537012.5.peg.4.site.47, 3, 76, 79
537012.5.peg.4.site.48, 2, 77, 79
537012.5.peg.4.site.49, 1, 82, 83
537012.5.peg.4.site.50, 32, 81, 113
537012.5.peg.4.site.51, 2, 81, 83
537012.5.peg.4.site.52, 5, 82, 87
537012.5.peg.4.site.53, 40, 79, 119
537012.5.peg.4.site.54, 2, 83, 85
537012.5.peg.4.site.55, 4, 84, 88
537012.5.peg.4.site.56, 3, 83, 86
537012.5.peg.4.site.57, 50, 83, 133
537012.5.peg.4.site.58, 25, 87, 112
537012.5.peg.3588.site.1, 4, 120, 124
537012.5.peg.3588.site.2, 4, 124, 128
537012.5.peg.3588.site.3, 0, 123, 123
537012.5.peg.3588.site.4, 2, 127, 129
537012.5.peg.3588.site.5, 0, 128, 128
537012.5.peg.3588.site.6, 8, 124, 132
537012.5.peg.3588.site.7, 3, 125, 128
537012.5.peg.3588.site.8, 2, 125, 127
537012.5.peg.3588.site.9, 2, 125, 127
537012.5.peg.3588.site.10, 33, 122, 155
537012.5.peg.3588.site.11, 1, 123, 124
537012.5.peg.3588.site.12, 1, 123, 124
537012.5.peg.3588.site.13, 2, 124, 126
537012.5.peg.3588.site.14, 3, 125, 128
537012.5.peg.3588.site.15, 16, 125, 141
537012.5.peg.3588.site.16, 2, 124, 126
537012.5.peg.3588.site.17, 43, 122, 165
537012.5.peg.3588.site.18, 2, 124, 126
537012.5.peg.3588.site.19, 3, 126, 129
537012.5.peg.3588.site.20, 6, 123, 129
537012.5.peg.3588.site.21, 10, 123, 133
537012.5.peg.3588.site.22, 0, 120, 120
537012.5.peg.3588.site.23, 1, 118, 119
537012.5.peg.3588.site.24, 2, 114, 116
537012.5.peg.3588.site.25, 3, 112, 115
537012.5.peg.3588.site.26, 4, 114, 118
537012.5.peg.3588.site.27, 2, 111, 113
537012.5.peg.3588.site.28, 1, 106, 107
537012.5.peg.3588.site.29, 2, 91, 93
537012.5.peg.3588.site.30, 2, 88, 90
537012.5.peg.3588.site.31, 0, 86, 86
537012.5.peg.3588.site.32, 22, 89, 111
537012.5.peg.3588.site.33, 2, 117, 119
537012.5.peg.3588.site.34, 6, 122, 128
537012.5.peg.3588.site.35, 2, 122, 124
537012.5.peg.3588.site.36, 2, 125, 127
537012.5.peg.3588.site.37, 2, 124, 126
537012.5.peg.3588.site.38, 1, 125, 126
537012.5.peg.3588.site.39, 2, 123, 125
537012.5.peg.3588.site.40, 0, 124, 124
537012.5.peg.3588.site.41, 0, 120, 120
537012.5.peg.3588.site.42, 1, 107, 108
537012.5.peg.3588.site.43, 2, 101, 103
537012.5.peg.3588.site.44, 2, 101, 103
537012.5.peg.3588.site.45, 2, 102, 104
537012.5.peg.3589.site.1, 3, 120, 123
537012.5.peg.3589.site.2, 4, 115, 119
537012.5.peg.3589.site.3, 6, 117, 123
537012.5.peg.3589.site.4, 1, 116, 117
537012.5.peg.3589.site.5, 1, 114, 115
537012.5.peg.3589.site.6, 3, 104, 107
537012.5.peg.3589.site.7, 6, 107, 113
537012.5.peg.3589.site.8, 6, 113, 119
537012.5.peg.3589.site.9, 1, 115, 116
537012.5.peg.3589.site.10, 1, 117, 118
537012.5.peg.3589.site.11, 1, 122, 123
537012.5.peg.3589.site.12, 13, 122, 135
537012.5.peg.3589.site.13, 3, 124, 127
537012.5.peg.3589.site.14, 1, 124, 125
537012.5.peg.3589.site.15, 1, 125, 126
537012.5.peg.3589.site.16, 1, 124, 125
537012.5.peg.3589.site.17, 14, 124, 138
537012.5.peg.3589.site.18, 7, 125, 132
537012.5.peg.3589.site.19, 1, 123, 124
537012.5.peg.3589.site.20, 19, 127, 146
537012.5.peg.3589.site.21, 1, 123, 124
537012.5.peg.3589.site.22, 0, 125, 125
537012.5.peg.3589.site.23, 0, 125, 125
537012.5.peg.3589.site.24, 1, 125, 126
537012.5.peg.3589.site.25, 3, 126, 129
537012.5.peg.3589.site.26, 8, 124, 132
537012.5.peg.3589.site.27, 20, 126, 146
537012.5.peg.3589.site.28, 52, 117, 169
537012.5.peg.3589.site.29, 0, 124, 124
537012.5.peg.3589.site.30, 7, 124, 131
537012.5.peg.3589.site.31, 1, 124, 125
537012.5.peg.3589.site.32, 29, 123, 152
537012.5.peg.3589.site.33, 3, 123, 126
537012.5.peg.3589.site.34, 1, 125, 126
537012.5.peg.3589.site.35, 3, 124, 127
537012.5.peg.3589.site.36, 1, 126, 127
537012.5.peg.3589.site.37, 3, 126, 129
537012.5.peg.3589.site.38, 4, 124, 128
537012.5.peg.3589.site.39, 21, 126, 147
537012.5.peg.3589.site.40, 11, 126, 137
537012.5.peg.3589.site.41, 3, 125, 128
537012.5.peg.3589.site.42, 1, 123, 124
537012.5.peg.2853.site.1, 1, 101, 102
537012.5.peg.2853.site.2, 7, 107, 114
537012.5.peg.2853.site.3, 3, 107, 110
537012.5.peg.2853.site.4, 0, 111, 111
537012.5.peg.2853.site.5, 2, 107, 109
537012.5.peg.2853.site.6, 2, 109, 111
537012.5.peg.2853.site.7, 6, 104, 110
537012.5.peg.2853.site.8, 2, 107, 109
537012.5.peg.2853.site.9, 3, 101, 104
537012.5.peg.2853.site.10, 4, 102, 106
537012.5.peg.2853.site.11, 5, 103, 108
537012.5.peg.2853.site.12, 5, 103, 108
537012.5.peg.2853.site.13, 3, 103, 106
537012.5.peg.2853.site.14, 5, 104, 109
537012.5.peg.2853.site.15, 3, 113, 116
537012.5.peg.2853.site.16, 4, 108, 112
537012.5.peg.2853.site.17, 9, 108, 117
537012.5.peg.2853.site.18, 2, 110, 112
537012.5.peg.2853.site.19, 8, 113, 121
537012.5.peg.2853.site.20, 0, 113, 113
537012.5.peg.2853.site.21, 1, 114, 115
537012.5.peg.2853.site.22, 14, 112, 126
537012.5.peg.2853.site.23, 6, 114, 120
537012.5.peg.2853.site.24, 6, 113, 119
537012.5.peg.2853.site.25, 5, 114, 119
537012.5.peg.2853.site.26, 11, 115, 126
537012.5.peg.2853.site.27, 3, 115, 118
537012.5.peg.2853.site.28, 1, 115, 116
537012.5.peg.2853.site.29, 3, 115, 118
537012.5.peg.2853.site.30, 2, 115, 117
537012.5.peg.2853.site.31, 5, 108, 113
537012.5.peg.2853.site.32, 0, 106, 106
537012.5.peg.2853.site.33, 1, 104, 105
537012.5.peg.2853.site.34, 4, 101, 105
537012.5.peg.2853.site.35, 4, 102, 106
537012.5.peg.2853.site.36, 2, 101, 103
537012.5.peg.2853.site.37, 8, 100, 108
537012.5.peg.2853.site.38, 9, 108, 117
537012.5.peg.2853.site.39, 6, 115, 121
537012.5.peg.2853.site.40, 5, 119, 124
537012.5.peg.2853.site.41, 107, 125, 232
537012.5.peg.2853.site.42, 7, 116, 123
537012.5.peg.2853.site.43, 11, 118, 129
537012.5.peg.2853.site.44, 11, 117, 128
537012.5.peg.2853.site.45, 3, 121, 124
537012.5.peg.2853.site.46, 11, 122, 133
537012.5.peg.2853.site.47, 15, 124, 139
537012.5.peg.2853.site.48, 5, 122, 127
537012.5.peg.2853.site.49, 3, 120, 123
537012.5.peg.2853.site.50, 11, 119, 130
537012.5.peg.2853.site.51, 8, 117, 125
537012.5.peg.2853.site.52, 0, 109, 109
537012.5.peg.2853.site.53, 3, 109, 112
537012.5.peg.2853.site.54, 8, 106, 114
537012.5.peg.2853.site.55, 6, 113, 119
537012.5.peg.2853.site.56, 6, 113, 119
537012.5.peg.2853.site.57, 8, 115, 123
537012.5.peg.2853.site.58, 9, 108, 117
537012.5.peg.2853.site.59, 7, 107, 114
537012.5.peg.2853.site.60, 7, 114, 121
537012.5.peg.2853.site.61, 8, 115, 123
537012.5.peg.2853.site.62, 6, 113, 119
537012.5.peg.2853.site.63, 2, 103, 105
537012.5.peg.2853.site.64, 1, 101, 102
537012.5.peg.2853.site.65, 8, 98, 106
537012.5.peg.2853.site.66, 16, 109, 125
537012.5.peg.2853.site.67, 1, 109, 110
537012.5.peg.2853.site.68, 1, 117, 118
537012.5.peg.2853.site.69, 2, 112, 114
537012.5.peg.2853.site.70, 8, 112, 120
537012.5.peg.2853.site.71, 99, 109, 208
537012.5.peg.2853.site.72, 32, 105, 137
537012.5.peg.2853.site.73, 2, 11, 13
537012.5.peg.2853.site.74, 6, 16, 22
537012.5.peg.2853.site.75, 1, 26, 27
537012.5.peg.2853.site.76, 1, 27, 28
537012.5.peg.2853.site.77, 8, 27, 35
537012.5.peg.2853.site.78, 1, 25, 26
537012.5.peg.2853.site.79, 2, 11, 13
537012.5.peg.2853.site.80, 4, 30, 34
537012.5.peg.2853.site.81, 5, 31, 36
537012.5.peg.2853.site.82, 8, 38, 46
537012.5.peg.2853.site.83, 34, 73, 107
537012.5.peg.2853.site.84, 3, 105, 108
537012.5.peg.2853.site.85, 2, 102, 104
537012.5.peg.2853.site.86, 9, 108, 117
537012.5.peg.2853.site.87, 4, 106, 110
537012.5.peg.2853.site.88, 10, 94, 104
537012.5.peg.2853.site.89, 0, 69, 69
537012.5.peg.2853.site.90, 13, 52, 65
537012.5.peg.2853.site.91, 4, 43, 47
537012.5.peg.2853.site.92, 2, 49, 51
537012.5.peg.2853.site.93, 5, 51, 56
537012.5.peg.2853.site.94, 6, 51, 57
537012.5.peg.2853.site.95, 8, 54, 62
537012.5.peg.2853.site.96, 0, 55, 55
537012.5.peg.2853.site.97, 6, 54, 60
537012.5.peg.2853.site.98, 6, 55, 61
537012.5.peg.2853.site.99, 1, 50, 51
537012.5.peg.2853.site.100, 10, 49, 59
537012.5.peg.2853.site.101, 1, 49, 50
537012.5.peg.2853.site.102, 19, 59, 78
537012.5.peg.2853.site.103, 5, 46, 51
537012.5.peg.2853.site.104, 2, 42, 44
537012.5.peg.2853.site.105, 6, 54, 60
537012.5.peg.2853.site.106, 77, 116, 193
537012.5.peg.2853.site.107, 14, 126, 140
537012.5.peg.2853.site.108, 72, 125, 197
537012.5.peg.2853.site.109, 12, 128, 140
537012.5.peg.2853.site.110, 23, 76, 99
537012.5.peg.2853.site.111, 1, 47, 48
537012.5.peg.2853.site.112, 40, 44, 84
537012.5.peg.2853.site.113, 1, 42, 43
537012.5.peg.3859.site.1, 9, 116, 125
537012.5.peg.3859.site.2, 74, 115, 189
537012.5.peg.3859.site.3, 2, 109, 111
537012.5.peg.3859.site.4, 15, 113, 128
537012.5.peg.3859.site.5, 81, 113, 194
537012.5.peg.3859.site.6, 22, 115, 137
537012.5.peg.3859.site.7, 2, 117, 119
537012.5.peg.3859.site.8, 2, 111, 113
537012.5.peg.3859.site.9, 1, 110, 111
537012.5.peg.3859.site.10, 3, 112, 115
537012.5.peg.3859.site.11, 9, 118, 127
537012.5.peg.3859.site.12, 1, 118, 119
537012.5.peg.3859.site.13, 1, 118, 119
537012.5.peg.3859.site.14, 5, 120, 125
537012.5.peg.3859.site.15, 7, 125, 132
537012.5.peg.3859.site.16, 5, 119, 124
537012.5.peg.3859.site.17, 2, 123, 125
537012.5.peg.3859.site.18, 2, 123, 125
537012.5.peg.3859.site.19, 1, 124, 125
537012.5.peg.3859.site.20, 8, 125, 133
537012.5.peg.3859.site.21, 5, 125, 130
537012.5.peg.3859.site.22, 6, 122, 128
537012.5.peg.3859.site.23, 8, 125, 133
537012.5.peg.3859.site.24, 2, 124, 126
537012.5.peg.3859.site.25, 3, 119, 122
537012.5.peg.2855.site.1, 2, 130, 132
537012.5.peg.2855.site.2, 111, 131, 242
537012.5.peg.2855.site.3, 6, 133, 139
537012.5.peg.2855.site.4, 1, 134, 135
537012.5.peg.2855.site.5, 14, 131, 145
537012.5.peg.2855.site.6, 28, 133, 161
537012.5.peg.2855.site.7, 0, 134, 134
537012.5.peg.2855.site.8, 14, 132, 146
537012.5.peg.2855.site.9, 7, 133, 140
537012.5.peg.2855.site.10, 4, 133, 137
537012.5.peg.2855.site.11, 8, 134, 142
537012.5.peg.2855.site.12, 0, 134, 134
537012.5.peg.2855.site.13, 7, 134, 141
537012.5.peg.2855.site.14, 2, 134, 136
537012.5.peg.2855.site.15, 15, 132, 147
537012.5.peg.2855.site.16, 7, 134, 141
537012.5.peg.2855.site.17, 4, 134, 138
537012.5.peg.2855.site.18, 6, 133, 139
537012.5.peg.2855.site.19, 5, 132, 137
537012.5.peg.2855.site.20, 0, 128, 128
537012.5.peg.2855.site.21, 4, 126, 130
537012.5.peg.2855.site.22, 4, 126, 130
537012.5.peg.2855.site.23, 4, 128, 132
537012.5.peg.2855.site.24, 6, 130, 136
537012.5.peg.2855.site.25, 5, 130, 135
537012.5.peg.2855.site.26, 8, 132, 140
537012.5.peg.2855.site.27, 5, 133, 138
537012.5.peg.2855.site.28, 1, 134, 135
537012.5.peg.2855.site.29, 7, 134, 141
537012.5.peg.2855.site.30, 1, 134, 135
537012.5.peg.2855.site.31, 16, 134, 150
537012.5.peg.2855.site.32, 9, 134, 143
537012.5.peg.2855.site.33, 10, 133, 143
537012.5.peg.2855.site.34, 6, 132, 138
537012.5.peg.2855.site.35, 9, 133, 142
537012.5.peg.2855.site.36, 14, 132, 146
537012.5.peg.2855.site.37, 3, 134, 137
537012.5.peg.2855.site.38, 3, 131, 134
537012.5.peg.2855.site.39, 3, 127, 130
537012.5.peg.2855.site.40, 3, 127, 130
537012.5.peg.2855.site.41, 0, 131, 131
537012.5.peg.2855.site.42, 27, 131, 158
537012.5.peg.2855.site.43, 5, 133, 138
537012.5.peg.2855.site.44, 1, 133, 134
537012.5.peg.2855.site.45, 5, 132, 137
537012.5.peg.2854.site.1, 4, 132, 136
537012.5.peg.2854.site.2, 7, 134, 141
537012.5.peg.2854.site.3, 3, 131, 134
537012.5.peg.2854.site.4, 7, 131, 138
537012.5.peg.2854.site.5, 7, 134, 141
537012.5.peg.2854.site.6, 4, 132, 136
537012.5.peg.2854.site.7, 2, 133, 135
537012.5.peg.2854.site.8, 56, 132, 188
537012.5.peg.2854.site.9, 3, 133, 136
537012.5.peg.2854.site.10, 2, 133, 135
537012.5.peg.2854.site.11, 20, 131, 151
537012.5.peg.2854.site.12, 4, 132, 136
537012.5.peg.2854.site.13, 4, 132, 136
537012.5.peg.2854.site.14, 12, 132, 144
537012.5.peg.2854.site.15, 11, 134, 145
537012.5.peg.2854.site.16, 4, 132, 136
537012.5.peg.2854.site.17, 1, 134, 135
537012.5.peg.2854.site.18, 69, 133, 202
537012.5.peg.2854.site.19, 5, 131, 136
537012.5.peg.2854.site.20, 2, 131, 133
537012.5.peg.2854.site.21, 98, 131, 229
537012.5.peg.2854.site.22, 9, 131, 140
537012.5.peg.2854.site.23, 2, 134, 136
537012.5.peg.2854.site.24, 7, 134, 141
537012.5.peg.2854.site.25, 14, 133, 147
537012.5.peg.2854.site.26, 9, 134, 143
537012.5.peg.2854.site.27, 3, 134, 137
537012.5.peg.2854.site.28, 7, 133, 140
537012.5.peg.2854.site.29, 1, 133, 134
537012.5.peg.2854.site.30, 7, 133, 140
537012.5.peg.2854.site.31, 7, 134, 141
537012.5.peg.2854.site.32, 5, 134, 139
537012.5.peg.2857.site.1, 0, 123, 123
537012.5.peg.2857.site.2, 2, 123, 125
537012.5.peg.2857.site.3, 5, 123, 128
537012.5.peg.2857.site.4, 49, 121, 170
537012.5.peg.2857.site.5, 15, 122, 137
537012.5.peg.2857.site.6, 40, 122, 162
537012.5.peg.2857.site.7, 16, 123, 139
537012.5.peg.2857.site.8, 1, 123, 124
537012.5.peg.2857.site.9, 2, 123, 125
537012.5.peg.2857.site.10, 7, 122, 129
537012.5.peg.2857.site.11, 2, 123, 125
537012.5.peg.2857.site.12, 122, 123, 245
537012.5.peg.2857.site.13, 1, 123, 124
537012.5.peg.2857.site.14, 0, 121, 121
537012.5.peg.2857.site.15, 10, 122, 132
537012.5.peg.2857.site.16, 1, 123, 124
537012.5.peg.2856.site.1, 4, 132, 136
537012.5.peg.2856.site.2, 4, 132, 136
537012.5.peg.2856.site.3, 127, 128, 255
537012.5.peg.2856.site.4, 7, 127, 134
537012.5.peg.2856.site.5, 12, 126, 138
537012.5.peg.2859.site.1, 0, 128, 128
537012.5.peg.2859.site.2, 4, 128, 132
537012.5.peg.2859.site.3, 7, 128, 135
537012.5.peg.2859.site.4, 6, 126, 132
537012.5.peg.2859.site.5, 4, 128, 132
537012.5.peg.2859.site.6, 3, 128, 131
537012.5.peg.2859.site.7, 5, 126, 131
537012.5.peg.2859.site.8, 5, 128, 133
537012.5.peg.2859.site.9, 2, 124, 126
537012.5.peg.2859.site.10, 1, 123, 124
537012.5.peg.2859.site.11, 8, 124, 132
537012.5.peg.2859.site.12, 2, 124, 126
537012.5.peg.2858.site.1, 51, 122, 173
537012.5.peg.2858.site.2, 1, 124, 125
537012.5.peg.2858.site.3, 1, 123, 124
537012.5.peg.2858.site.4, 0, 121, 121
537012.5.peg.2858.site.5, 0, 121, 121
537012.5.peg.2858.site.6, 0, 121, 121
537012.5.peg.2858.site.7, 1, 122, 123
537012.5.peg.2858.site.8, 4, 125, 129
537012.5.peg.2858.site.9, 1, 126, 127
537012.5.peg.2858.site.10, 1, 127, 128
537012.5.peg.2858.site.11, 1, 123, 124
537012.5.peg.2858.site.12, 2, 124, 126
537012.5.peg.2858.site.13, 0, 124, 124
537012.5.peg.2858.site.14, 5, 128, 133
537012.5.peg.2858.site.15, 2, 128, 130
537012.5.peg.2858.site.16, 58, 129, 187
537012.5.peg.3582.site.1, 5, 125, 130
537012.5.peg.3582.site.2, 7, 124, 131
537012.5.peg.3582.site.3, 37, 122, 159
537012.5.peg.3582.site.4, 6, 119, 125
537012.5.peg.3582.site.5, 1, 121, 122
537012.5.peg.3582.site.6, 12, 121, 133
537012.5.peg.3582.site.7, 7, 125, 132
537012.5.peg.3582.site.8, 54, 126, 180
537012.5.peg.3582.site.9, 3, 127, 130
537012.5.peg.3582.site.10, 4, 125, 129
537012.5.peg.3582.site.11, 4, 125, 129
537012.5.peg.3582.site.12, 37, 126, 163
537012.5.peg.3582.site.13, 2, 123, 125
537012.5.peg.3851.site.1, 1, 134, 135
537012.5.peg.3851.site.2, 3, 134, 137
537012.5.peg.3851.site.3, 20, 134, 154
537012.5.peg.3851.site.4, 6, 132, 138
537012.5.peg.3851.site.5, 34, 133, 167
537012.5.peg.3851.site.6, 2, 133, 135
537012.5.peg.3851.site.7, 6, 131, 137
537012.5.peg.3851.site.8, 12, 132, 144
537012.5.peg.3851.site.9, 22, 132, 154
537012.5.peg.3851.site.10, 6, 131, 137
537012.5.peg.3851.site.11, 8, 132, 140
537012.5.peg.3584.site.1, 3, 64, 67
537012.5.peg.3584.site.2, 4, 80, 84
537012.5.peg.3584.site.3, 6, 83, 89
537012.5.peg.3584.site.4, 8, 86, 94
537012.5.peg.3584.site.5, 0, 102, 102
537012.5.peg.3584.site.6, 2, 98, 100
537012.5.peg.3584.site.7, 3, 81, 84
537012.5.peg.3584.site.8, 27, 103, 130
537012.5.peg.3584.site.9, 1, 122, 123
537012.5.peg.3584.site.10, 47, 120, 167
537012.5.peg.3584.site.11, 22, 120, 142
537012.5.peg.3584.site.12, 3, 127, 130
537012.5.peg.3584.site.13, 9, 126, 135
537012.5.peg.3584.site.14, 1, 127, 128
537012.5.peg.3584.site.15, 2, 125, 127
537012.5.peg.3584.site.16, 1, 125, 126
537012.5.peg.3584.site.17, 62, 120, 182
537012.5.peg.3584.site.18, 3, 122, 125
537012.5.peg.3584.site.19, 0, 123, 123
537012.5.peg.3584.site.20, 56, 121, 177
537012.5.peg.3584.site.21, 0, 122, 122
537012.5.peg.3585.site.1, 12, 123, 135
537012.5.peg.3585.site.2, 36, 122, 158
537012.5.peg.3585.site.3, 0, 123, 123
537012.5.peg.3585.site.4, 0, 122, 122
537012.5.peg.3585.site.5, 9, 124, 133
537012.5.peg.3585.site.6, 9, 123, 132
537012.5.peg.3585.site.7, 63, 121, 184
537012.5.peg.3585.site.8, 1, 122, 123
537012.5.peg.3585.site.9, 105, 122, 227
537012.5.peg.3585.site.10, 0, 121, 121
537012.5.peg.3585.site.11, 0, 120, 120
537012.5.peg.3585.site.12, 0, 121, 121
537012.5.peg.3585.site.13, 96, 123, 219
537012.5.peg.3854.site.1, 2, 119, 121
537012.5.peg.3854.site.2, 5, 126, 131
537012.5.peg.3854.site.3, 15, 126, 141
537012.5.peg.3854.site.4, 26, 125, 151
537012.5.peg.3854.site.5, 1, 127, 128
537012.5.peg.3854.site.6, 16, 125, 141
537012.5.peg.3854.site.7, 4, 125, 129
537012.5.peg.3854.site.8, 4, 125, 129
537012.5.peg.3854.site.9, 4, 125, 129
537012.5.peg.3854.site.10, 6, 125, 131
537012.5.peg.3854.site.11, 1, 124, 125
537012.5.peg.3854.site.12, 3, 124, 127
537012.5.peg.3854.site.13, 1, 124, 125
537012.5.peg.3854.site.14, 1, 120, 121
537012.5.peg.3854.site.15, 33, 117, 150
537012.5.peg.3854.site.16, 39, 116, 155
537012.5.peg.3854.site.17, 45, 113, 158
537012.5.peg.3854.site.18, 27, 116, 143
537012.5.peg.3854.site.19, 33, 115, 148
537012.5.peg.3854.site.20, 7, 124, 131
537012.5.peg.3854.site.21, 4, 130, 134
537012.5.peg.3854.site.22, 3, 133, 136
537012.5.peg.3854.site.23, 1, 134, 135
537012.5.peg.3854.site.24, 7, 133, 140
537012.5.peg.3854.site.25, 3, 133, 136
537012.5.peg.3854.site.26, 59, 130, 189
537012.5.peg.3854.site.27, 15, 133, 148
537012.5.peg.3854.site.28, 8, 130, 138
537012.5.peg.3854.site.29, 49, 131, 180
537012.5.peg.3854.site.30, 6, 132, 138
537012.5.peg.3854.site.31, 22, 131, 153
537012.5.peg.3854.site.32, 6, 132, 138
537012.5.peg.3854.site.33, 3, 133, 136
537012.5.peg.3854.site.34, 10, 131, 141
537012.5.peg.3854.site.35, 21, 133, 154
537012.5.peg.3854.site.36, 3, 134, 137
537012.5.peg.3854.site.37, 3, 133, 136
537012.5.peg.3854.site.38, 2, 134, 136
537012.5.peg.3854.site.39, 3, 134, 137
537012.5.peg.3854.site.40, 67, 133, 200
537012.5.peg.3854.site.41, 38, 134, 172
537012.5.peg.3854.site.42, 1, 134, 135
537012.5.peg.3854.site.43, 3, 134, 137
537012.5.peg.3854.site.44, 6, 127, 133
537012.5.peg.3854.site.45, 15, 129, 144
537012.5.peg.3854.site.46, 58, 128, 186
537012.5.peg.3854.site.47, 21, 134, 155
537012.5.peg.3587.site.1, 3, 120, 123
537012.5.peg.3587.site.2, 10, 126, 136
537012.5.peg.3587.site.3, 31, 127, 158
537012.5.peg.3587.site.4, 4, 128, 132
537012.5.peg.3587.site.5, 2, 128, 130
537012.5.peg.3587.site.6, 5, 127, 132
537012.5.peg.3587.site.7, 5, 127, 132
537012.5.peg.3587.site.8, 9, 125, 134
537012.5.peg.3587.site.9, 1, 128, 129
537012.5.peg.3587.site.10, 1, 128, 129
537012.5.peg.3587.site.11, 2, 126, 128
537012.5.peg.3587.site.12, 5, 128, 133
537012.5.peg.3587.site.13, 4, 126, 130
537012.5.peg.3587.site.14, 5, 126, 131
537012.5.peg.3587.site.15, 9, 127, 136
537012.5.peg.3587.site.16, 2, 128, 130
537012.5.peg.3587.site.17, 4, 126, 130
537012.5.peg.3587.site.18, 4, 126, 130
537012.5.peg.3587.site.19, 4, 127, 131
537012.5.peg.3587.site.20, 2, 124, 126
537012.5.peg.3587.site.21, 0, 122, 122
537012.5.peg.3587.site.22, 1, 125, 126
537012.5.peg.3587.site.23, 2, 123, 125
537012.5.peg.2989.site.1, 6, 126, 132
537012.5.peg.2989.site.2, 5, 125, 130
537012.5.peg.2989.site.3, 0, 125, 125
537012.5.peg.2455.site.1, 7, 124, 131
537012.5.peg.2455.site.2, 5, 126, 131
537012.5.peg.2455.site.3, 0, 127, 127
537012.5.peg.2455.site.4, 4, 125, 129
537012.5.peg.2455.site.5, 53, 125, 178
537012.5.peg.2455.site.6, 3, 124, 127
537012.5.peg.2455.site.7, 3, 126, 129
537012.5.peg.2455.site.8, 3, 124, 127
537012.5.peg.2455.site.9, 4, 125, 129
537012.5.peg.2455.site.10, 9, 124, 133
537012.5.peg.2455.site.11, 1, 127, 128
537012.5.peg.2455.site.12, 1, 127, 128
537012.5.peg.2455.site.13, 6, 127, 133
537012.5.peg.2455.site.14, 44, 127, 171
537012.5.peg.2455.site.15, 5, 126, 131
537012.5.peg.2455.site.16, 0, 127, 127
537012.5.peg.2455.site.17, 0, 126, 126
537012.5.peg.2455.site.18, 7, 123, 130
537012.5.peg.2455.site.19, 4, 125, 129
537012.5.peg.2455.site.20, 4, 124, 128
537012.5.peg.2455.site.21, 9, 125, 134
537012.5.peg.2455.site.22, 17, 126, 143
537012.5.peg.2455.site.23, 1, 124, 125
537012.5.peg.2455.site.24, 17, 122, 139
537012.5.peg.2455.site.25, 3, 120, 123
537012.5.peg.2455.site.26, 2, 120, 122
537012.5.peg.2455.site.27, 1, 119, 120
537012.5.peg.2455.site.28, 20, 119, 139
537012.5.peg.2455.site.29, 2, 122, 124
537012.5.peg.2455.site.30, 14, 123, 137
537012.5.peg.2455.site.31, 1, 122, 123
537012.5.peg.2455.site.32, 0, 123, 123
537012.5.peg.2455.site.33, 16, 121, 137
537012.5.peg.2455.site.34, 13, 118, 131
537012.5.peg.2455.site.35, 49, 115, 164
537012.5.peg.2455.site.36, 3, 122, 125
537012.5.peg.2455.site.37, 58, 126, 184
537012.5.peg.2455.site.38, 0, 126, 126
537012.5.peg.2455.site.39, 2, 127, 129
537012.5.peg.2455.site.40, 4, 125, 129
537012.5.peg.2455.site.41, 4, 125, 129
537012.5.peg.2455.site.42, 4, 124, 128
537012.5.peg.2455.site.43, 0, 126, 126
537012.5.peg.2455.site.44, 4, 125, 129
537012.5.peg.2455.site.45, 4, 125, 129
537012.5.peg.2455.site.46, 4, 125, 129
537012.5.peg.2455.site.47, 4, 124, 128
537012.5.peg.2455.site.48, 4, 124, 128
537012.5.peg.2455.site.49, 91, 124, 215
537012.5.peg.2455.site.50, 4, 126, 130
537012.5.peg.2455.site.51, 4, 126, 130
537012.5.peg.2455.site.52, 5, 125, 130
537012.5.peg.2455.site.53, 15, 127, 142
537012.5.peg.2455.site.54, 8, 126, 134
537012.5.peg.2455.site.55, 5, 126, 131
537012.5.peg.2455.site.56, 2, 127, 129
537012.5.peg.2455.site.57, 88, 123, 211
537012.5.peg.2455.site.58, 17, 125, 142
537012.5.peg.2455.site.59, 1, 127, 128
537012.5.peg.2455.site.60, 1, 127, 128
537012.5.peg.2455.site.61, 1, 127, 128
537012.5.peg.2455.site.62, 17, 127, 144
537012.5.peg.2455.site.63, 32, 125, 157
537012.5.peg.2455.site.64, 1, 125, 126
537012.5.peg.2455.site.65, 21, 121, 142
537012.5.peg.2455.site.66, 17, 126, 143
537012.5.peg.2455.site.67, 4, 125, 129
537012.5.peg.2455.site.68, 16, 124, 140
537012.5.peg.2455.site.69, 2, 122, 124
537012.5.peg.2455.site.70, 2, 123, 125
537012.5.peg.2455.site.71, 2, 122, 124
537012.5.peg.2455.site.72, 1, 124, 125
537012.5.peg.2455.site.73, 0, 126, 126
537012.5.peg.2455.site.74, 0, 125, 125
537012.5.peg.2455.site.75, 0, 126, 126
537012.5.peg.2455.site.76, 6, 124, 130
537012.5.peg.2455.site.77, 2, 124, 126
537012.5.peg.2455.site.78, 19, 124, 143
537012.5.peg.2455.site.79, 2, 122, 124
537012.5.peg.2455.site.80, 16, 124, 140
537012.5.peg.2455.site.81, 13, 123, 136
537012.5.peg.2451.site.1, 13, 132, 145
537012.5.peg.2451.site.2, 10, 134, 144
537012.5.peg.2451.site.3, 13, 131, 144
537012.5.peg.2451.site.4, 4, 132, 136
537012.5.peg.2451.site.5, 7, 134, 141
537012.5.peg.2451.site.6, 6, 134, 140
537012.5.peg.2451.site.7, 1, 134, 135
537012.5.peg.2451.site.8, 0, 134, 134
537012.5.peg.2451.site.9, 13, 133, 146
537012.5.peg.2451.site.10, 5, 134, 139
537012.5.peg.2451.site.11, 38, 133, 171
537012.5.peg.2451.site.12, 9, 132, 141
537012.5.peg.2451.site.13, 4, 133, 137
537012.5.peg.2451.site.14, 6, 133, 139
537012.5.peg.2451.site.15, 6, 134, 140
537012.5.peg.2451.site.16, 54, 132, 186
537012.5.peg.2451.site.17, 34, 133, 167
537012.5.peg.2451.site.18, 0, 133, 133
537012.5.peg.2451.site.19, 10, 134, 144
537012.5.peg.2451.site.20, 13, 133, 146
537012.5.peg.2451.site.21, 55, 132, 187
537012.5.peg.2451.site.22, 13, 133, 146
537012.5.peg.2451.site.23, 8, 134, 142
537012.5.peg.2451.site.24, 23, 134, 157
537012.5.peg.2451.site.25, 12, 132, 144
537012.5.peg.2451.site.26, 1, 134, 135
537012.5.peg.2450.site.1, 35, 132, 167
537012.5.peg.2450.site.2, 8, 134, 142
537012.5.peg.2450.site.3, 2, 134, 136
537012.5.peg.2450.site.4, 28, 131, 159
537012.5.peg.2450.site.5, 4, 130, 134
537012.5.peg.2450.site.6, 1, 114, 115
537012.5.peg.2450.site.7, 3, 110, 113
537012.5.peg.2450.site.8, 0, 105, 105
537012.5.peg.2450.site.9, 0, 111, 111
537012.5.peg.2450.site.10, 0, 117, 117
537012.5.peg.2450.site.11, 1, 133, 134
537012.5.peg.2450.site.12, 0, 133, 133
537012.5.peg.2450.site.13, 4, 132, 136
537012.5.peg.2450.site.14, 122, 134, 256
537012.5.peg.2450.site.15, 1, 134, 135
537012.5.peg.2450.site.16, 7, 132, 139
537012.5.peg.2450.site.17, 7, 133, 140
537012.5.peg.2450.site.18, 7, 133, 140
537012.5.peg.2450.site.19, 48, 132, 180
537012.5.peg.2450.site.20, 7, 131, 138
537012.5.peg.2450.site.21, 11, 131, 142
537012.5.peg.2450.site.22, 74, 133, 207
537012.5.peg.2450.site.23, 71, 133, 204
537012.5.peg.2450.site.24, 1, 134, 135
537012.5.peg.2450.site.25, 49, 134, 183
537012.5.peg.2450.site.26, 5, 133, 138
537012.5.peg.2450.site.27, 5, 133, 138
537012.5.peg.2450.site.28, 95, 133, 228
537012.5.peg.2450.site.29, 1, 134, 135
537012.5.peg.2450.site.30, 1, 134, 135
537012.5.peg.2450.site.31, 0, 134, 134
537012.5.peg.2450.site.32, 1, 134, 135
537012.5.peg.2450.site.33, 4, 132, 136
537012.5.peg.2450.site.34, 0, 133, 133
537012.5.peg.2453.site.1, 21, 133, 154
537012.5.peg.2453.site.2, 5, 130, 135
537012.5.peg.2453.site.3, 61, 133, 194
537012.5.peg.2453.site.4, 42, 133, 175
537012.5.peg.2453.site.5, 9, 134, 143
537012.5.peg.2453.site.6, 5, 134, 139
537012.5.peg.2453.site.7, 5, 134, 139
537012.5.peg.2453.site.8, 17, 134, 151
537012.5.peg.2453.site.9, 12, 133, 145
537012.5.peg.2453.site.10, 10, 130, 140
537012.5.peg.2452.site.1, 1, 134, 135
537012.5.peg.2452.site.2, 1, 134, 135
537012.5.peg.2452.site.3, 5, 133, 138
537012.5.peg.2452.site.4, 1, 134, 135
537012.5.peg.2452.site.5, 3, 134, 137
537012.5.peg.2452.site.6, 5, 133, 138
537012.5.peg.2452.site.7, 24, 134, 158
537012.5.peg.2452.site.8, 1, 134, 135
537012.5.peg.2452.site.9, 1, 134, 135
537012.5.peg.2452.site.10, 18, 134, 152
537012.5.peg.2452.site.11, 23, 134, 157
537012.5.peg.2452.site.12, 93, 133, 226
537012.5.peg.2452.site.13, 2, 134, 136
537012.5.peg.2452.site.14, 8, 134, 142
537012.5.peg.2452.site.15, 1, 134, 135
537012.5.peg.2452.site.16, 1, 134, 135
537012.5.peg.2452.site.17, 132, 134, 266
537012.5.peg.2452.site.18, 1, 134, 135
537012.5.peg.2452.site.19, 3, 132, 135
537012.5.peg.2452.site.20, 3, 133, 136
537012.5.peg.2452.site.21, 1, 133, 134
537012.5.peg.2452.site.22, 1, 134, 135
537012.5.peg.2452.site.23, 1, 134, 135
537012.5.peg.2452.site.24, 1, 134, 135
537012.5.peg.2452.site.25, 8, 134, 142
537012.5.peg.2452.site.26, 15, 133, 148
537012.5.peg.2452.site.27, 1, 134, 135
537012.5.peg.2452.site.28, 1, 134, 135
537012.5.peg.2452.site.29, 2, 134, 136
537012.5.peg.2452.site.30, 35, 134, 169
537012.5.peg.2452.site.31, 1, 134, 135
537012.5.peg.2452.site.32, 5, 134, 139
537012.5.peg.2452.site.33, 6, 134, 140
537012.5.peg.2452.site.34, 4, 132, 136
537012.5.peg.2452.site.35, 7, 133, 140
537012.5.peg.2452.site.36, 1, 134, 135
537012.5.peg.2452.site.37, 8, 134, 142
537012.5.peg.3457.site.1, 4, 126, 130
537012.5.peg.3457.site.2, 40, 128, 168
537012.5.peg.3457.site.3, 4, 125, 129
537012.5.peg.3457.site.4, 3, 125, 128
537012.5.peg.3457.site.5, 2, 124, 126
537012.5.peg.3457.site.6, 1, 123, 124
537012.5.peg.3457.site.7, 1, 123, 124
537012.5.peg.3457.site.8, 8, 127, 135
537012.5.peg.3457.site.9, 0, 126, 126
537012.5.peg.3457.site.10, 4, 127, 131
537012.5.peg.3457.site.11, 76, 127, 203
537012.5.peg.3457.site.12, 1, 125, 126
537012.5.peg.3457.site.13, 2, 125, 127
537012.5.peg.3457.site.14, 3, 126, 129
537012.5.peg.3457.site.15, 4, 127, 131
537012.5.peg.3457.site.16, 0, 127, 127
537012.5.peg.3457.site.17, 1, 128, 129
537012.5.peg.3457.site.18, 5, 126, 131
537012.5.peg.3457.site.19, 4, 126, 130
537012.5.peg.3457.site.20, 4, 127, 131
537012.5.peg.3457.site.21, 1, 128, 129
537012.5.peg.3457.site.22, 15, 127, 142
537012.5.peg.3457.site.23, 40, 127, 167
537012.5.peg.3457.site.24, 43, 127, 170
537012.5.peg.3457.site.25, 5, 126, 131
537012.5.peg.3457.site.26, 12, 126, 138
537012.5.peg.3457.site.27, 92, 126, 218
537012.5.peg.3457.site.28, 3, 123, 126
537012.5.peg.3457.site.29, 10, 126, 136
537012.5.peg.3457.site.30, 1, 127, 128
537012.5.peg.3457.site.31, 3, 124, 127
537012.5.peg.3457.site.32, 2, 129, 131
537012.5.peg.3101.site.1, 6, 119, 125
537012.5.peg.3101.site.2, 1, 118, 119
537012.5.peg.3101.site.3, 19, 89, 108
537012.5.peg.3101.site.4, 2, 87, 89
537012.5.peg.3101.site.5, 2, 89, 91
537012.5.peg.3101.site.6, 5, 90, 95
537012.5.peg.3101.site.7, 1, 96, 97
537012.5.peg.3101.site.8, 24, 99, 123
537012.5.peg.3101.site.9, 2, 100, 102
537012.5.peg.3101.site.10, 12, 102, 114
537012.5.peg.3101.site.11, 1, 117, 118
537012.5.peg.3101.site.12, 18, 122, 140
537012.5.peg.3101.site.13, 5, 124, 129
537012.5.peg.3101.site.14, 5, 125, 130
537012.5.peg.3101.site.15, 5, 123, 128
537012.5.peg.3101.site.16, 11, 124, 135
537012.5.peg.3101.site.17, 5, 122, 127
537012.5.peg.3101.site.18, 18, 119, 137
537012.5.peg.3101.site.19, 21, 122, 143
537012.5.peg.3101.site.20, 31, 119, 150
537012.5.peg.3101.site.21, 2, 129, 131
537012.5.peg.3101.site.22, 2, 129, 131
537012.5.peg.3101.site.23, 6, 129, 135
537012.5.peg.3101.site.24, 4, 130, 134
537012.5.peg.3101.site.25, 6, 131, 137
537012.5.peg.3101.site.26, 1, 131, 132
537012.5.peg.3101.site.27, 0, 129, 129
537012.5.peg.3101.site.28, 4, 130, 134
537012.5.peg.3101.site.29, 4, 126, 130
537012.5.peg.3101.site.30, 6, 129, 135
537012.5.peg.3101.site.31, 0, 127, 127
537012.5.peg.3101.site.32, 1, 129, 130
537012.5.peg.3101.site.33, 2, 127, 129
537012.5.peg.3101.site.34, 1, 129, 130
537012.5.peg.3101.site.35, 6, 117, 123
537012.5.peg.3101.site.36, 6, 109, 115
537012.5.peg.3101.site.37, 4, 108, 112
537012.5.peg.3101.site.38, 6, 105, 111
537012.5.peg.3101.site.39, 1, 94, 95
537012.5.peg.3101.site.40, 32, 76, 108
537012.5.peg.3101.site.41, 4, 80, 84
537012.5.peg.3101.site.42, 5, 81, 86
537012.5.peg.3101.site.43, 2, 82, 84
537012.5.peg.3101.site.44, 40, 77, 117
537012.5.peg.3101.site.45, 2, 81, 83
537012.5.peg.3101.site.46, 4, 82, 86
537012.5.peg.3101.site.47, 5, 84, 89
537012.5.peg.3101.site.48, 3, 88, 91
537012.5.peg.3101.site.49, 6, 92, 98
537012.5.peg.3101.site.50, 1, 112, 113
537012.5.peg.3101.site.51, 6, 111, 117
537012.5.peg.3101.site.52, 2, 115, 117
537012.5.peg.3101.site.53, 101, 109, 210
537012.5.peg.3101.site.54, 1, 130, 131
537012.5.peg.3101.site.55, 6, 134, 140
537012.5.peg.3101.site.56, 6, 134, 140
537012.5.peg.3101.site.57, 7, 130, 137
537012.5.peg.3101.site.58, 16, 131, 147
537012.5.peg.3101.site.59, 1, 129, 130
537012.5.peg.3101.site.60, 2, 129, 131
537012.5.peg.3101.site.61, 1, 129, 130
537012.5.peg.3101.site.62, 5, 127, 132
537012.5.peg.3101.site.63, 0, 128, 128
537012.5.peg.3101.site.64, 7, 129, 136
537012.5.peg.3101.site.65, 5, 128, 133
537012.5.peg.3101.site.66, 90, 126, 216
537012.5.peg.3101.site.67, 1, 128, 129
537012.5.peg.3101.site.68, 6, 130, 136
537012.5.peg.3101.site.69, 6, 130, 136
537012.5.peg.3101.site.70, 6, 130, 136
537012.5.peg.3101.site.71, 0, 129, 129
537012.5.peg.3101.site.72, 11, 128, 139
537012.5.peg.3101.site.73, 15, 130, 145
537012.5.peg.3101.site.74, 0, 130, 130
537012.5.peg.3101.site.75, 5, 128, 133
537012.5.peg.3450.site.1, 1, 131, 132
537012.5.peg.3450.site.2, 7, 131, 138
537012.5.peg.3450.site.3, 7, 133, 140
537012.5.peg.3450.site.4, 2, 133, 135
537012.5.peg.3450.site.5, 7, 134, 141
537012.5.peg.3450.site.6, 0, 133, 133
537012.5.peg.3450.site.7, 6, 133, 139
537012.5.peg.3450.site.8, 13, 132, 145
537012.5.peg.3450.site.9, 1, 132, 133
537012.5.peg.3450.site.10, 1, 133, 134
537012.5.peg.3450.site.11, 6, 133, 139
537012.5.peg.3450.site.12, 12, 132, 144
537012.5.peg.3450.site.13, 1, 134, 135
537012.5.peg.3450.site.14, 13, 133, 146
537012.5.peg.3450.site.15, 6, 134, 140
537012.5.peg.3450.site.16, 6, 134, 140
537012.5.peg.3450.site.17, 1, 134, 135
537012.5.peg.3450.site.18, 11, 133, 144
537012.5.peg.3450.site.19, 1, 134, 135
537012.5.peg.3450.site.20, 6, 134, 140
537012.5.peg.3450.site.21, 15, 132, 147
537012.5.peg.3450.site.22, 5, 133, 138
537012.5.peg.3450.site.23, 117, 133, 250
537012.5.peg.3450.site.24, 45, 134, 179
537012.5.peg.3450.site.25, 11, 133, 144
537012.5.peg.3450.site.26, 1, 133, 134
537012.5.peg.3450.site.27, 1, 129, 130
537012.5.peg.3450.site.28, 2, 128, 130
537012.5.peg.3450.site.29, 2, 132, 134
537012.5.peg.3450.site.30, 2, 134, 136
537012.5.peg.3450.site.31, 1, 134, 135
537012.5.peg.3450.site.32, 121, 131, 252
537012.5.peg.3450.site.33, 11, 133, 144
537012.5.peg.3450.site.34, 3, 134, 137
537012.5.peg.3450.site.35, 25, 134, 159
537012.5.peg.3450.site.36, 6, 133, 139
537012.5.peg.3450.site.37, 4, 131, 135
537012.5.peg.3450.site.38, 6, 130, 136
537012.5.peg.3450.site.39, 4, 130, 134
537012.5.peg.3450.site.40, 4, 130, 134
537012.5.peg.3450.site.41, 3, 130, 133
537012.5.peg.3450.site.42, 13, 130, 143
537012.5.peg.3450.site.43, 2, 133, 135
537012.5.peg.3450.site.44, 11, 131, 142
537012.5.peg.3450.site.45, 3, 129, 132
537012.5.peg.3450.site.46, 90, 128, 218
537012.5.peg.3450.site.47, 4, 133, 137
537012.5.peg.3450.site.48, 4, 132, 136
537012.5.peg.3450.site.49, 0, 133, 133
537012.5.peg.3451.site.1, 2, 121, 123
537012.5.peg.3451.site.2, 7, 129, 136
537012.5.peg.3451.site.3, 4, 132, 136
537012.5.peg.3451.site.4, 1, 132, 133
537012.5.peg.3451.site.5, 1, 132, 133
537012.5.peg.3451.site.6, 3, 134, 137
537012.5.peg.3451.site.7, 2, 133, 135
537012.5.peg.3451.site.8, 0, 133, 133
537012.5.peg.3451.site.9, 1, 128, 129
537012.5.peg.3451.site.10, 1, 127, 128
537012.5.peg.3451.site.11, 2, 129, 131
537012.5.peg.3451.site.12, 49, 132, 181
537012.5.peg.3451.site.13, 6, 133, 139
537012.5.peg.3451.site.14, 0, 133, 133
537012.5.peg.3451.site.15, 0, 134, 134
537012.5.peg.3451.site.16, 22, 132, 154
537012.5.peg.3451.site.17, 0, 134, 134
537012.5.peg.3451.site.18, 16, 132, 148
537012.5.peg.3451.site.19, 47, 133, 180
537012.5.peg.3451.site.20, 1, 133, 134
537012.5.peg.3451.site.21, 4, 133, 137
537012.5.peg.3451.site.22, 4, 131, 135
537012.5.peg.3451.site.23, 11, 132, 143
537012.5.peg.3451.site.24, 6, 134, 140
537012.5.peg.3451.site.25, 6, 134, 140
537012.5.peg.3451.site.26, 6, 134, 140
537012.5.peg.3451.site.27, 6, 134, 140
537012.5.peg.3451.site.28, 5, 133, 138
537012.5.peg.3451.site.29, 3, 134, 137
537012.5.peg.3451.site.30, 31, 134, 165
537012.5.peg.3451.site.31, 35, 132, 167
537012.5.peg.3451.site.32, 6, 134, 140
537012.5.peg.3451.site.33, 1, 134, 135
537012.5.peg.3451.site.34, 6, 133, 139
537012.5.peg.3451.site.35, 39, 131, 170
537012.5.peg.3451.site.36, 1, 133, 134
537012.5.peg.3451.site.37, 5, 132, 137
537012.5.peg.3451.site.38, 5, 133, 138
537012.5.peg.3451.site.39, 0, 133, 133
537012.5.peg.3451.site.40, 3, 131, 134
537012.5.peg.3451.site.41, 26, 131, 157
537012.5.peg.3451.site.42, 0, 131, 131
537012.5.peg.3451.site.43, 4, 130, 134
537012.5.peg.3451.site.44, 4, 130, 134
537012.5.peg.3451.site.45, 2, 128, 130
537012.5.peg.3451.site.46, 0, 127, 127
537012.5.peg.3451.site.47, 0, 127, 127
537012.5.peg.3451.site.48, 0, 127, 127
537012.5.peg.3451.site.49, 3, 127, 130
537012.5.peg.4677.site.1, 13, 130, 143
537012.5.peg.4677.site.2, 113, 131, 244
537012.5.peg.4677.site.3, 13, 130, 143
537012.5.peg.4677.site.4, 17, 131, 148
537012.5.peg.4677.site.5, 1, 133, 134
537012.5.peg.4677.site.6, 14, 131, 145
537012.5.peg.4677.site.7, 1, 115, 116
537012.5.peg.4677.site.8, 6, 93, 99
537012.5.peg.4677.site.9, 3, 69, 72
537012.5.peg.4677.site.10, 16, 44, 60
537012.5.peg.4677.site.11, 2, 35, 37
537012.5.peg.4677.site.12, 9, 27, 36
537012.5.peg.4677.site.13, 1, 26, 27
537012.5.peg.4677.site.14, 9, 19, 28
537012.5.peg.4676.site.1, 9, 129, 138
537012.5.peg.4676.site.2, 0, 129, 129
537012.5.peg.4676.site.3, 8, 129, 137
537012.5.peg.4676.site.4, 112, 129, 241
537012.5.peg.4676.site.5, 0, 129, 129
537012.5.peg.4676.site.6, 94, 129, 223
537012.5.peg.4676.site.7, 1, 129, 130
537012.5.peg.4676.site.8, 3, 129, 132
537012.5.peg.4676.site.9, 0, 127, 127
537012.5.peg.4676.site.10, 4, 128, 132
537012.5.peg.4676.site.11, 9, 128, 137
537012.5.peg.4676.site.12, 9, 128, 137
537012.5.peg.4676.site.13, 61, 126, 187
537012.5.peg.4676.site.14, 124, 128, 252
537012.5.peg.4676.site.15, 1, 127, 128
537012.5.peg.4676.site.16, 36, 128, 164
537012.5.peg.4676.site.17, 9, 128, 137
537012.5.peg.4676.site.18, 7, 127, 134
537012.5.peg.4676.site.19, 55, 128, 183
537012.5.peg.4676.site.20, 1, 127, 128
537012.5.peg.4676.site.21, 8, 127, 135
537012.5.peg.4676.site.22, 15, 127, 142
537012.5.peg.4676.site.23, 8, 127, 135
537012.5.peg.4676.site.24, 8, 127, 135
537012.5.peg.4676.site.25, 5, 128, 133
537012.5.peg.4676.site.26, 1, 129, 130
537012.5.peg.4676.site.27, 1, 129, 130
537012.5.peg.4676.site.28, 10, 128, 138
537012.5.peg.4676.site.29, 10, 128, 138
537012.5.peg.4676.site.30, 17, 130, 147
537012.5.peg.4676.site.31, 8, 131, 139
537012.5.peg.4676.site.32, 12, 129, 141
537012.5.peg.4676.site.33, 4, 130, 134
537012.5.peg.3108.site.1, 5, 133, 138
537012.5.peg.3108.site.2, 4, 131, 135
537012.5.peg.3108.site.3, 1, 132, 133
537012.5.peg.3108.site.4, 1, 134, 135
537012.5.peg.3108.site.5, 1, 133, 134
537012.5.peg.3108.site.6, 1, 133, 134
537012.5.peg.3108.site.7, 1, 131, 132
537012.5.peg.3108.site.8, 3, 125, 128
537012.5.peg.3108.site.9, 0, 124, 124
537012.5.peg.3108.site.10, 1, 123, 124
537012.5.peg.3108.site.11, 40, 125, 165
537012.5.peg.3108.site.12, 1, 125, 126
537012.5.peg.3108.site.13, 16, 128, 144
537012.5.peg.3108.site.14, 2, 127, 129
537012.5.peg.3108.site.15, 2, 130, 132
537012.5.peg.3108.site.16, 0, 133, 133
537012.5.peg.3108.site.17, 18, 134, 152
537012.5.peg.3108.site.18, 3, 131, 134
537012.5.peg.3108.site.19, 5, 134, 139
537012.5.peg.3108.site.20, 3, 134, 137
537012.5.peg.3108.site.21, 1, 131, 132
537012.5.peg.3108.site.22, 10, 131, 141
537012.5.peg.3108.site.23, 17, 134, 151
537012.5.peg.3108.site.24, 6, 132, 138
537012.5.peg.3108.site.25, 5, 132, 137
537012.5.peg.3108.site.26, 0, 132, 132
537012.5.peg.3108.site.27, 2, 129, 131
537012.5.peg.3108.site.28, 2, 129, 131
537012.5.peg.3108.site.29, 102, 131, 233
537012.5.peg.3108.site.30, 9, 130, 139
537012.5.peg.3108.site.31, 6, 132, 138
537012.5.peg.3108.site.32, 74, 118, 192
537012.5.peg.3108.site.33, 4, 109, 113
537012.5.peg.3108.site.34, 7, 102, 109
537012.5.peg.3108.site.35, 1, 107, 108
537012.5.peg.3108.site.36, 63, 101, 164
537012.5.peg.3108.site.37, 2, 101, 103
537012.5.peg.3108.site.38, 9, 118, 127
537012.5.peg.3108.site.39, 0, 131, 131
537012.5.peg.3108.site.40, 3, 130, 133
537012.5.peg.3108.site.41, 2, 129, 131
537012.5.peg.3108.site.42, 6, 132, 138
537012.5.peg.3108.site.43, 6, 132, 138
537012.5.peg.3108.site.44, 13, 130, 143
537012.5.peg.3108.site.45, 6, 132, 138
537012.5.peg.3108.site.46, 1, 132, 133
537012.5.peg.3108.site.47, 1, 132, 133
537012.5.peg.3108.site.48, 3, 130, 133
537012.5.peg.3108.site.49, 9, 129, 138
537012.5.peg.3108.site.50, 3, 130, 133
537012.5.peg.3108.site.51, 0, 130, 130
537012.5.peg.3108.site.52, 1, 130, 131
537012.5.peg.3108.site.53, 10, 131, 141
537012.5.peg.3108.site.54, 5, 133, 138
537012.5.peg.3108.site.55, 12, 133, 145
537012.5.peg.3108.site.56, 1, 134, 135
537012.5.peg.3108.site.57, 0, 134, 134
537012.5.peg.3108.site.58, 0, 134, 134
537012.5.peg.3108.site.59, 6, 131, 137
537012.5.peg.3108.site.60, 6, 133, 139
537012.5.peg.3108.site.61, 1, 131, 132
537012.5.peg.3108.site.62, 6, 134, 140
537012.5.peg.3108.site.63, 1, 134, 135
537012.5.peg.3108.site.64, 0, 133, 133
537012.5.peg.3108.site.65, 25, 134, 159
537012.5.peg.3108.site.66, 3, 133, 136
537012.5.peg.3108.site.67, 6, 133, 139
537012.5.peg.3108.site.68, 10, 134, 144
537012.5.peg.3108.site.69, 6, 132, 138
537012.5.peg.3108.site.70, 0, 133, 133
537012.5.peg.3108.site.71, 6, 134, 140
537012.5.peg.3108.site.72, 10, 132, 142
537012.5.peg.3108.site.73, 4, 133, 137
537012.5.peg.3108.site.74, 91, 134, 225
537012.5.peg.3108.site.75, 2, 134, 136
537012.5.peg.3108.site.76, 19, 134, 153
537012.5.peg.3108.site.77, 31, 131, 162
537012.5.peg.3108.site.78, 15, 134, 149
537012.5.peg.3108.site.79, 0, 133, 133
537012.5.peg.3108.site.80, 3, 134, 137
537012.5.peg.3108.site.81, 4, 132, 136
537012.5.peg.3108.site.82, 3, 133, 136
537012.5.peg.3108.site.83, 1, 131, 132
537012.5.peg.3108.site.84, 4, 133, 137
537012.5.peg.3108.site.85, 4, 131, 135
537012.5.peg.3108.site.86, 3, 132, 135
537012.5.peg.3108.site.87, 2, 134, 136
537012.5.peg.3108.site.88, 109, 134, 243
537012.5.peg.3108.site.89, 17, 133, 150
537012.5.peg.3108.site.90, 1, 133, 134
537012.5.peg.3108.site.91, 9, 130, 139
537012.5.peg.3108.site.92, 6, 133, 139
537012.5.peg.3108.site.93, 94, 134, 228
537012.5.peg.3108.site.94, 5, 133, 138
537012.5.peg.3108.site.95, 4, 133, 137
537012.5.peg.3108.site.96, 3, 133, 136
537012.5.peg.3108.site.97, 0, 133, 133
537012.5.peg.3108.site.98, 3, 132, 135
537012.5.peg.3108.site.99, 0, 133, 133
537012.5.peg.3108.site.100, 4, 133, 137
537012.5.peg.3108.site.101, 4, 132, 136
537012.5.peg.3108.site.102, 0, 133, 133
537012.5.peg.3108.site.103, 6, 131, 137
537012.5.peg.3108.site.104, 0, 134, 134
537012.5.peg.3108.site.105, 7, 133, 140
537012.5.peg.3108.site.106, 3, 134, 137
537012.5.peg.3108.site.107, 7, 133, 140
537012.5.peg.3108.site.108, 41, 134, 175
537012.5.peg.3108.site.109, 5, 133, 138
537012.5.peg.3108.site.110, 0, 132, 132
537012.5.peg.3108.site.111, 1, 134, 135
537012.5.peg.3108.site.112, 24, 132, 156
537012.5.peg.3108.site.113, 1, 134, 135
537012.5.peg.3108.site.114, 4, 134, 138
537012.5.peg.3108.site.115, 23, 134, 157
537012.5.peg.3108.site.116, 6, 134, 140
537012.5.peg.3108.site.117, 3, 134, 137
537012.5.peg.3108.site.118, 75, 131, 206
537012.5.peg.3108.site.119, 1, 134, 135
537012.5.peg.3108.site.120, 7, 134, 141
537012.5.peg.3108.site.121, 1, 134, 135
537012.5.peg.3108.site.122, 1, 133, 134
537012.5.peg.3108.site.123, 1, 133, 134
537012.5.peg.3108.site.124, 0, 134, 134
537012.5.peg.3108.site.125, 3, 134, 137
537012.5.peg.3108.site.126, 2, 134, 136
537012.5.peg.3108.site.127, 0, 133, 133
537012.5.peg.3108.site.128, 2, 131, 133
537012.5.peg.3108.site.129, 3, 134, 137
537012.5.peg.3108.site.130, 1, 134, 135
537012.5.peg.3108.site.131, 7, 134, 141
537012.5.peg.3108.site.132, 12, 133, 145
537012.5.peg.3108.site.133, 29, 132, 161
537012.5.peg.3108.site.134, 2, 134, 136
537012.5.peg.3108.site.135, 1, 134, 135
537012.5.peg.3108.site.136, 7, 131, 138
537012.5.peg.3109.site.1, 11, 132, 143
537012.5.peg.3109.site.2, 3, 134, 137
537012.5.peg.3109.site.3, 7, 133, 140
537012.5.peg.3109.site.4, 2, 133, 135
537012.5.peg.3109.site.5, 1, 134, 135
537012.5.peg.3109.site.6, 2, 134, 136
537012.5.peg.3109.site.7, 1, 133, 134
537012.5.peg.3109.site.8, 1, 133, 134
537012.5.peg.3109.site.9, 43, 131, 174
537012.5.peg.3109.site.10, 2, 133, 135
537012.5.peg.3109.site.11, 1, 134, 135
537012.5.peg.3109.site.12, 5, 134, 139
537012.5.peg.3109.site.13, 62, 132, 194
537012.5.peg.3109.site.14, 5, 134, 139
537012.5.peg.3109.site.15, 3, 134, 137
537012.5.peg.3109.site.16, 3, 134, 137
537012.5.peg.3109.site.17, 31, 133, 164
537012.5.peg.3109.site.18, 8, 134, 142
537012.5.peg.3109.site.19, 1, 134, 135
537012.5.peg.3109.site.20, 9, 134, 143
537012.5.peg.3109.site.21, 0, 134, 134
537012.5.peg.3109.site.22, 2, 134, 136
537012.5.peg.3109.site.23, 6, 134, 140
537012.5.peg.3109.site.24, 5, 132, 137
537012.5.peg.3109.site.25, 0, 125, 125
537012.5.peg.3109.site.26, 0, 126, 126
537012.5.peg.3109.site.27, 59, 131, 190
537012.5.peg.3109.site.28, 91, 129, 220
537012.5.peg.3109.site.29, 101, 127, 228
537012.5.peg.3109.site.30, 28, 123, 151
537012.5.peg.3109.site.31, 2, 123, 125
537012.5.peg.3109.site.32, 9, 122, 131
537012.5.peg.3109.site.33, 8, 134, 142
537012.5.peg.3109.site.34, 3, 133, 136
537012.5.peg.3109.site.35, 0, 134, 134
537012.5.peg.3109.site.36, 12, 134, 146
537012.5.peg.3109.site.37, 23, 134, 157
537012.5.peg.3109.site.38, 3, 134, 137
537012.5.peg.3109.site.39, 24, 134, 158
537012.5.peg.3109.site.40, 1, 134, 135
537012.5.peg.3109.site.41, 1, 134, 135
537012.5.peg.3109.site.42, 4, 132, 136
537012.5.peg.3109.site.43, 86, 131, 217
537012.5.peg.3109.site.44, 31, 134, 165
537012.5.peg.3109.site.45, 5, 133, 138
537012.5.peg.3109.site.46, 131, 134, 265
537012.5.peg.3109.site.47, 123, 133, 256
537012.5.peg.3109.site.48, 4, 133, 137
537012.5.peg.3109.site.49, 7, 134, 141
537012.5.peg.3109.site.50, 18, 133, 151
537012.5.peg.3109.site.51, 1, 134, 135
537012.5.peg.4585.site.1, 2, 130, 132
537012.5.peg.4585.site.2, 2, 130, 132
537012.5.peg.4585.site.3, 1, 130, 131
537012.5.peg.4585.site.4, 3, 131, 134
537012.5.peg.4585.site.5, 8, 131, 139
537012.5.peg.4585.site.6, 10, 129, 139
537012.5.peg.4585.site.7, 5, 129, 134
537012.5.peg.4585.site.8, 2, 131, 133
537012.5.peg.4585.site.9, 3, 128, 131
537012.5.peg.4585.site.10, 1, 128, 129
537012.5.peg.4585.site.11, 4, 128, 132
537012.5.peg.4585.site.12, 3, 128, 131
537012.5.peg.4585.site.13, 6, 130, 136
537012.5.peg.4585.site.14, 30, 130, 160
537012.5.peg.4585.site.15, 1, 132, 133
537012.5.peg.4585.site.16, 1, 132, 133
537012.5.peg.4585.site.17, 2, 132, 134
537012.5.peg.4585.site.18, 1, 130, 131
537012.5.peg.4585.site.19, 2, 130, 132
537012.5.peg.4585.site.20, 3, 130, 133
537012.5.peg.4585.site.21, 1, 130, 131
537012.5.peg.4585.site.22, 6, 132, 138
537012.5.peg.4585.site.23, 7, 129, 136
537012.5.peg.4585.site.24, 7, 130, 137
537012.5.peg.4585.site.25, 1, 131, 132
537012.5.peg.4585.site.26, 9, 127, 136
537012.5.peg.4585.site.27, 1, 125, 126
537012.5.peg.4585.site.28, 0, 119, 119
537012.5.peg.4585.site.29, 7, 117, 124
537012.5.peg.4585.site.30, 67, 116, 183
537012.5.peg.4585.site.31, 19, 118, 137
537012.5.peg.4585.site.32, 0, 122, 122
537012.5.peg.4585.site.33, 0, 120, 120
537012.5.peg.4585.site.34, 0, 122, 122
537012.5.peg.4585.site.35, 0, 126, 126
537012.5.peg.4585.site.36, 0, 124, 124
537012.5.peg.4585.site.37, 0, 126, 126
537012.5.peg.4585.site.38, 0, 130, 130
537012.5.peg.4585.site.39, 3, 130, 133
537012.5.peg.4585.site.40, 16, 131, 147
537012.5.peg.4585.site.41, 2, 127, 129
537012.5.peg.4585.site.42, 7, 131, 138
537012.5.peg.4585.site.43, 3, 131, 134
537012.5.peg.4585.site.44, 9, 130, 139
537012.5.peg.4585.site.45, 2, 131, 133
537012.5.peg.4584.site.1, 8, 114, 122
537012.5.peg.4584.site.2, 1, 112, 113
537012.5.peg.4584.site.3, 0, 109, 109
537012.5.peg.4584.site.4, 4, 103, 107
537012.5.peg.4584.site.5, 9, 128, 137
537012.5.peg.4584.site.6, 7, 130, 137
537012.5.peg.4584.site.7, 10, 129, 139
537012.5.peg.4586.site.1, 1, 128, 129
537012.5.peg.4586.site.2, 0, 130, 130
537012.5.peg.4586.site.3, 0, 130, 130
537012.5.peg.4586.site.4, 1, 126, 127
537012.5.peg.4586.site.5, 9, 127, 136
537012.5.peg.4586.site.6, 1, 134, 135
537012.5.peg.4586.site.7, 4, 132, 136
537012.5.peg.4586.site.8, 0, 134, 134
537012.5.peg.4586.site.9, 0, 134, 134
537012.5.peg.4586.site.10, 9, 132, 141
537012.5.peg.4586.site.11, 10, 132, 142
537012.5.peg.4586.site.12, 0, 133, 133
537012.5.peg.4586.site.13, 1, 132, 133
537012.5.peg.4586.site.14, 0, 128, 128
537012.5.peg.4586.site.15, 1, 131, 132
537012.5.peg.4586.site.16, 5, 129, 134
537012.5.peg.4586.site.17, 1, 129, 130
537012.5.peg.4586.site.18, 1, 129, 130
537012.5.peg.4586.site.19, 1, 129, 130
537012.5.peg.4586.site.20, 1, 129, 130
537012.5.peg.4586.site.21, 1, 128, 129
537012.5.peg.4586.site.22, 0, 127, 127
537012.5.peg.4586.site.23, 0, 129, 129
537012.5.peg.4586.site.24, 1, 130, 131
537012.5.peg.4586.site.25, 0, 130, 130
537012.5.peg.4586.site.26, 7, 130, 137
537012.5.peg.4586.site.27, 2, 131, 133
537012.5.peg.4586.site.28, 9, 130, 139
537012.5.peg.4586.site.29, 2, 130, 132
537012.5.peg.4586.site.30, 1, 131, 132
537012.5.peg.4586.site.31, 1, 131, 132
537012.5.peg.4586.site.32, 0, 128, 128
537012.5.peg.4586.site.33, 81, 130, 211
537012.5.peg.4586.site.34, 4, 130, 134
537012.5.peg.4586.site.35, 1, 129, 130
537012.5.peg.4586.site.36, 29, 129, 158
537012.5.peg.4586.site.37, 33, 129, 162
537012.5.peg.4586.site.38, 0, 129, 129
537012.5.peg.4586.site.39, 8, 129, 137
537012.5.peg.4586.site.40, 7, 128, 135
537012.5.peg.4586.site.41, 0, 128, 128
537012.5.peg.4586.site.42, 0, 128, 128
537012.5.peg.4581.site.1, 1, 130, 131
537012.5.peg.4581.site.2, 1, 129, 130
537012.5.peg.4581.site.3, 0, 132, 132
537012.5.peg.4581.site.4, 1, 126, 127
537012.5.peg.4581.site.5, 1, 128, 129
537012.5.peg.4581.site.6, 0, 128, 128
537012.5.peg.4581.site.7, 2, 130, 132
537012.5.peg.4581.site.8, 2, 131, 133
537012.5.peg.4581.site.9, 8, 132, 140
537012.5.peg.4581.site.10, 0, 133, 133
537012.5.peg.4581.site.11, 1, 130, 131
537012.5.peg.4581.site.12, 3, 133, 136
537012.5.peg.4581.site.13, 0, 133, 133
537012.5.peg.4581.site.14, 3, 131, 134
537012.5.peg.4581.site.15, 3, 131, 134
537012.5.peg.4581.site.16, 4, 131, 135
537012.5.peg.4581.site.17, 116, 133, 249
537012.5.peg.4581.site.18, 1, 134, 135
537012.5.peg.4581.site.19, 11, 131, 142
537012.5.peg.4581.site.20, 1, 133, 134
537012.5.peg.4581.site.21, 1, 134, 135
537012.5.peg.4581.site.22, 0, 134, 134
537012.5.peg.4581.site.23, 1, 134, 135
537012.5.peg.4581.site.24, 4, 134, 138
537012.5.peg.4581.site.25, 7, 133, 140
537012.5.peg.4581.site.26, 11, 131, 142
537012.5.peg.4581.site.27, 2, 134, 136
537012.5.peg.4581.site.28, 10, 128, 138
537012.5.peg.4581.site.29, 10, 128, 138
537012.5.peg.4581.site.30, 8, 132, 140
537012.5.peg.4581.site.31, 1, 134, 135
537012.5.peg.4581.site.32, 0, 133, 133
537012.5.peg.4581.site.33, 1, 134, 135
537012.5.peg.4581.site.34, 0, 133, 133
537012.5.peg.4581.site.35, 5, 133, 138
537012.5.peg.4581.site.36, 4, 133, 137
537012.5.peg.4581.site.37, 10, 133, 143
537012.5.peg.4581.site.38, 2, 131, 133
537012.5.peg.4581.site.39, 39, 132, 171
537012.5.peg.4581.site.40, 1, 130, 131
537012.5.peg.4581.site.41, 10, 130, 140
537012.5.peg.4581.site.42, 3, 131, 134
537012.5.peg.4580.site.1, 7, 61, 68
537012.5.peg.4580.site.2, 10, 60, 70
537012.5.peg.4580.site.3, 10, 60, 70
537012.5.peg.4580.site.4, 6, 63, 69
537012.5.peg.4580.site.5, 2, 62, 64
537012.5.peg.4580.site.6, 1, 60, 61
537012.5.peg.4580.site.7, 6, 60, 66
537012.5.peg.4580.site.8, 5, 58, 63
537012.5.peg.4580.site.9, 1, 60, 61
537012.5.peg.4580.site.10, 1, 60, 61
537012.5.peg.4580.site.11, 1, 60, 61
537012.5.peg.4580.site.12, 7, 60, 67
537012.5.peg.4580.site.13, 8, 67, 75
537012.5.peg.4580.site.14, 13, 66, 79
537012.5.peg.4580.site.15, 21, 66, 87
537012.5.peg.4580.site.16, 3, 66, 69
537012.5.peg.4580.site.17, 7, 65, 72
537012.5.peg.4580.site.18, 4, 63, 67
537012.5.peg.4580.site.19, 3, 62, 65
537012.5.peg.4580.site.20, 4, 63, 67
537012.5.peg.4580.site.21, 2, 68, 70
537012.5.peg.4580.site.22, 2, 108, 110
537012.5.peg.4580.site.23, 1, 104, 105
537012.5.peg.4580.site.24, 1, 116, 117
537012.5.peg.4580.site.25, 3, 125, 128
537012.5.peg.4580.site.26, 9, 119, 128
537012.5.peg.4580.site.27, 0, 124, 124
537012.5.peg.4580.site.28, 3, 125, 128
537012.5.peg.4580.site.29, 10, 126, 136
537012.5.peg.4580.site.30, 6, 131, 137
537012.5.peg.4583.site.1, 3, 129, 132
537012.5.peg.4583.site.2, 15, 131, 146
537012.5.peg.4583.site.3, 17, 130, 147
537012.5.peg.4583.site.4, 1, 127, 128
537012.5.peg.4583.site.5, 0, 119, 119
537012.5.peg.4583.site.6, 1, 117, 118
537012.5.peg.4583.site.7, 3, 119, 122
537012.5.peg.4583.site.8, 24, 118, 142
537012.5.peg.4583.site.9, 1, 122, 123
537012.5.peg.4583.site.10, 27, 123, 150
537012.5.peg.4583.site.11, 0, 124, 124
537012.5.peg.4583.site.12, 9, 122, 131
537012.5.peg.4583.site.13, 9, 122, 131
537012.5.peg.4583.site.14, 1, 124, 125
537012.5.peg.4583.site.15, 3, 126, 129
537012.5.peg.4583.site.16, 2, 127, 129
537012.5.peg.4583.site.17, 4, 128, 132
537012.5.peg.4583.site.18, 8, 125, 133
537012.5.peg.4583.site.19, 2, 128, 130
537012.5.peg.4583.site.20, 0, 125, 125
537012.5.peg.4582.site.1, 3, 129, 132
537012.5.peg.4582.site.2, 1, 129, 130
537012.5.peg.4582.site.3, 1, 128, 129
537012.5.peg.4582.site.4, 3, 131, 134
537012.5.peg.4582.site.5, 1, 132, 133
537012.5.peg.4589.site.1, 0, 129, 129
537012.5.peg.4589.site.2, 0, 130, 130
537012.5.peg.4589.site.3, 2, 128, 130
537012.5.peg.4589.site.4, 0, 127, 127
537012.5.peg.4589.site.5, 119, 127, 246
537012.5.peg.4589.site.6, 0, 128, 128
537012.5.peg.4589.site.7, 6, 129, 135
537012.5.peg.4589.site.8, 4, 129, 133
537012.5.peg.4589.site.9, 7, 129, 136
537012.5.peg.4589.site.10, 6, 129, 135
537012.5.peg.4589.site.11, 6, 128, 134
537012.5.peg.4589.site.12, 10, 129, 139
537012.5.peg.4589.site.13, 10, 129, 139
537012.5.peg.4589.site.14, 11, 128, 139
537012.5.peg.4589.site.15, 0, 129, 129
537012.5.peg.4589.site.16, 7, 127, 134
537012.5.peg.4589.site.17, 5, 128, 133
537012.5.peg.4589.site.18, 7, 129, 136
537012.5.peg.4589.site.19, 7, 128, 135
537012.5.peg.4589.site.20, 7, 126, 133
537012.5.peg.4589.site.21, 1, 128, 129
537012.5.peg.4589.site.22, 17, 130, 147
537012.5.peg.4589.site.23, 1, 131, 132
537012.5.peg.4589.site.24, 2, 128, 130
537012.5.peg.4589.site.25, 34, 130, 164
537012.5.peg.4589.site.26, 10, 127, 137
537012.5.peg.4589.site.27, 2, 128, 130
537012.5.peg.4589.site.28, 2, 127, 129
537012.5.peg.4589.site.29, 0, 130, 130
537012.5.peg.3078.site.1, 7, 129, 136
537012.5.peg.3078.site.2, 32, 129, 161
537012.5.peg.3078.site.3, 53, 128, 181
537012.5.peg.3078.site.4, 6, 128, 134
537012.5.peg.3078.site.5, 7, 128, 135
537012.5.peg.3078.site.6, 115, 128, 243
537012.5.peg.3078.site.7, 63, 126, 189
537012.5.peg.3078.site.8, 9, 128, 137
537012.5.peg.3078.site.9, 21, 128, 149
537012.5.peg.3078.site.10, 3, 129, 132
537012.5.peg.3078.site.11, 3, 129, 132
537012.5.peg.3078.site.12, 50, 129, 179
537012.5.peg.3078.site.13, 0, 129, 129
537012.5.peg.3078.site.14, 7, 129, 136
537012.5.peg.3078.site.15, 2, 128, 130
537012.5.peg.3078.site.16, 47, 126, 173
537012.5.peg.3078.site.17, 1, 130, 131
537012.5.peg.3078.site.18, 6, 128, 134
537012.5.peg.3078.site.19, 10, 128, 138
537012.5.peg.3078.site.20, 7, 128, 135
537012.5.peg.3078.site.21, 1, 128, 129
537012.5.peg.3078.site.22, 35, 127, 162
537012.5.peg.3078.site.23, 7, 127, 134
537012.5.peg.3078.site.24, 16, 128, 144
537012.5.peg.3078.site.25, 1, 127, 128
537012.5.peg.3078.site.26, 104, 128, 232
537012.5.peg.3078.site.27, 7, 128, 135
537012.5.peg.3078.site.28, 24, 128, 152
537012.5.peg.3078.site.29, 7, 128, 135
537012.5.peg.3078.site.30, 9, 128, 137
537012.5.peg.3078.site.31, 2, 128, 130
537012.5.peg.3078.site.32, 64, 128, 192
537012.5.peg.3078.site.33, 7, 129, 136
537012.5.peg.3078.site.34, 21, 128, 149
537012.5.peg.3078.site.35, 6, 128, 134
537012.5.peg.3078.site.36, 32, 128, 160
537012.5.peg.3078.site.37, 7, 128, 135
537012.5.peg.3078.site.38, 3, 128, 131
537012.5.peg.3078.site.39, 6, 126, 132
537012.5.peg.3078.site.40, 16, 125, 141
537012.5.peg.3078.site.41, 6, 124, 130
537012.5.peg.3078.site.42, 68, 121, 189
537012.5.peg.3078.site.43, 3, 124, 127
537012.5.peg.3078.site.44, 21, 127, 148
537012.5.peg.3071.site.1, 1, 121, 122
537012.5.peg.3071.site.2, 2, 125, 127
537012.5.peg.3071.site.3, 3, 123, 126
537012.5.peg.3071.site.4, 3, 123, 126
537012.5.peg.3071.site.5, 11, 123, 134
537012.5.peg.3071.site.6, 4, 124, 128
537012.5.peg.3071.site.7, 2, 128, 130
537012.5.peg.3071.site.8, 116, 129, 245
537012.5.peg.3071.site.9, 9, 126, 135
537012.5.peg.3071.site.10, 8, 126, 134
537012.5.peg.3071.site.11, 8, 123, 131
537012.5.peg.3071.site.12, 14, 123, 137
537012.5.peg.3071.site.13, 11, 122, 133
537012.5.peg.3071.site.14, 3, 113, 116
537012.5.peg.3071.site.15, 17, 111, 128
537012.5.peg.3071.site.16, 13, 107, 120
537012.5.peg.3071.site.17, 11, 119, 130
537012.5.peg.3071.site.18, 11, 123, 134
537012.5.peg.3071.site.19, 4, 126, 130
537012.5.peg.3071.site.20, 92, 125, 217
537012.5.peg.3071.site.21, 37, 123, 160
537012.5.peg.3071.site.22, 47, 125, 172
537012.5.peg.3071.site.23, 4, 123, 127
537012.5.peg.3071.site.24, 38, 124, 162
537012.5.peg.3071.site.25, 34, 121, 155
537012.5.peg.3071.site.26, 2, 122, 124
537012.5.peg.3071.site.27, 2, 122, 124
537012.5.peg.3071.site.28, 2, 126, 128
537012.5.peg.3071.site.29, 4, 123, 127
537012.5.peg.3071.site.30, 2, 124, 126
537012.5.peg.3072.site.1, 10, 124, 134
537012.5.peg.3072.site.2, 0, 123, 123
537012.5.peg.3072.site.3, 3, 124, 127
537012.5.peg.3072.site.4, 3, 123, 126
537012.5.peg.3072.site.5, 0, 128, 128
537012.5.peg.3072.site.6, 31, 128, 159
537012.5.peg.3072.site.7, 1, 125, 126
537012.5.peg.3072.site.8, 27, 124, 151
537012.5.peg.3072.site.9, 4, 126, 130
537012.5.peg.3072.site.10, 64, 125, 189
537012.5.peg.3072.site.11, 28, 126, 154
537012.5.peg.3072.site.12, 28, 126, 154
537012.5.peg.3072.site.13, 5, 123, 128
537012.5.peg.3072.site.14, 32, 127, 159
537012.5.peg.3072.site.15, 1, 126, 127
537012.5.peg.3072.site.16, 1, 126, 127
537012.5.peg.3072.site.17, 82, 126, 208
537012.5.peg.3072.site.18, 3, 123, 126
537012.5.peg.3072.site.19, 1, 122, 123
537012.5.peg.3072.site.20, 0, 124, 124
537012.5.peg.3072.site.21, 24, 125, 149
537012.5.peg.3072.site.22, 7, 123, 130
537012.5.peg.3072.site.23, 9, 124, 133
537012.5.peg.3072.site.24, 4, 125, 129
537012.5.peg.3072.site.25, 4, 126, 130
537012.5.peg.3072.site.26, 4, 125, 129
537012.5.peg.3072.site.27, 123, 125, 248
537012.5.peg.3072.site.28, 0, 124, 124
537012.5.peg.3072.site.29, 4, 125, 129
537012.5.peg.3072.site.30, 32, 123, 155
537012.5.peg.3072.site.31, 0, 126, 126
537012.5.peg.3072.site.32, 4, 126, 130
537012.5.peg.3072.site.33, 4, 126, 130
537012.5.peg.3072.site.34, 15, 122, 137
537012.5.peg.3072.site.35, 0, 124, 124
537012.5.peg.3072.site.36, 2, 126, 128
537012.5.peg.3072.site.37, 0, 126, 126
537012.5.peg.3072.site.38, 3, 125, 128
537012.5.peg.3072.site.39, 5, 125, 130
537012.5.peg.3072.site.40, 2, 126, 128
537012.5.peg.3072.site.41, 124, 126, 250
537012.5.peg.3072.site.42, 28, 126, 154
537012.5.peg.3072.site.43, 3, 128, 131
537012.5.peg.3072.site.44, 3, 125, 128
537012.5.peg.3072.site.45, 3, 97, 100
537012.5.peg.3072.site.46, 0, 93, 93
537012.5.peg.3072.site.47, 2, 84, 86
537012.5.peg.3072.site.48, 0, 83, 83
537012.5.peg.3072.site.49, 44, 90, 134
537012.5.peg.3072.site.50, 5, 93, 98
537012.5.peg.3072.site.51, 38, 91, 129
537012.5.peg.3072.site.52, 12, 96, 108
537012.5.peg.3072.site.53, 41, 87, 128
537012.5.peg.3072.site.54, 24, 89, 113
537012.5.peg.3072.site.55, 15, 88, 103
537012.5.peg.3072.site.56, 3, 89, 92
537012.5.peg.3072.site.57, 2, 88, 90
537012.5.peg.3072.site.58, 12, 90, 102
537012.5.peg.3072.site.59, 0, 86, 86
537012.5.peg.3072.site.60, 5, 76, 81
537012.5.peg.3072.site.61, 2, 79, 81
537012.5.peg.3072.site.62, 2, 77, 79
537012.5.peg.3072.site.63, 25, 77, 102
537012.5.peg.3072.site.64, 2, 78, 80
537012.5.peg.3072.site.65, 3, 78, 81
537012.5.peg.3072.site.66, 3, 79, 82
537012.5.peg.3072.site.67, 2, 82, 84
537012.5.peg.3072.site.68, 2, 86, 88
537012.5.peg.3072.site.69, 2, 86, 88
537012.5.peg.3072.site.70, 3, 97, 100
537012.5.peg.3072.site.71, 1, 94, 95
537012.5.peg.3072.site.72, 0, 86, 86
537012.5.peg.3072.site.73, 0, 93, 93
537012.5.peg.3072.site.74, 21, 101, 122
537012.5.peg.3072.site.75, 3, 103, 106
537012.5.peg.3072.site.76, 15, 103, 118
537012.5.peg.3072.site.77, 0, 106, 106
537012.5.peg.3072.site.78, 0, 113, 113
537012.5.peg.3072.site.79, 0, 113, 113
537012.5.peg.3072.site.80, 13, 127, 140
537012.5.peg.3072.site.81, 9, 128, 137
537012.5.peg.3072.site.82, 14, 129, 143
537012.5.peg.3072.site.83, 5, 127, 132
537012.5.peg.3072.site.84, 2, 123, 125
537012.5.peg.3072.site.85, 2, 122, 124
537012.5.peg.3072.site.86, 9, 130, 139
537012.5.peg.3072.site.87, 10, 130, 140
537012.5.peg.3072.site.88, 7, 133, 140
537012.5.peg.3072.site.89, 22, 132, 154
537012.5.peg.3072.site.90, 3, 131, 134
537012.5.peg.3072.site.91, 30, 123, 153
537012.5.peg.3072.site.92, 27, 124, 151
537012.5.peg.3072.site.93, 66, 124, 190
537012.5.peg.3072.site.94, 1, 125, 126
537012.5.peg.3072.site.95, 4, 124, 128
537012.5.peg.3072.site.96, 9, 124, 133
537012.5.peg.3072.site.97, 1, 126, 127
537012.5.peg.3072.site.98, 4, 124, 128
537012.5.peg.3072.site.99, 23, 124, 147
537012.5.peg.3072.site.100, 2, 124, 126
537012.5.peg.3072.site.101, 0, 114, 114
537012.5.peg.3072.site.102, 2, 83, 85
537012.5.peg.3072.site.103, 29, 75, 104
537012.5.peg.3072.site.104, 1, 71, 72
537012.5.peg.3072.site.105, 1, 70, 71
537012.5.peg.3072.site.106, 1, 76, 77
537012.5.peg.3072.site.107, 1, 78, 79
537012.5.peg.3072.site.108, 1, 96, 97
537012.5.peg.3072.site.109, 1, 95, 96
537012.5.peg.3072.site.110, 1, 96, 97
537012.5.peg.3072.site.111, 3, 94, 97
537012.5.peg.3072.site.112, 18, 92, 110
537012.5.peg.3072.site.113, 1, 93, 94
537012.5.peg.3072.site.114, 11, 87, 98
537012.5.peg.3072.site.115, 2, 77, 79
537012.5.peg.3072.site.116, 1, 74, 75
537012.5.peg.3072.site.117, 0, 70, 70
537012.5.peg.3072.site.118, 29, 68, 97
537012.5.peg.3072.site.119, 26, 69, 95
537012.5.peg.3072.site.120, 68, 70, 138
537012.5.peg.3075.site.1, 1, 122, 123
537012.5.peg.3075.site.2, 1, 122, 123
537012.5.peg.3075.site.3, 2, 121, 123
537012.5.peg.3075.site.4, 2, 122, 124
537012.5.peg.3075.site.5, 2, 124, 126
537012.5.peg.3075.site.6, 2, 125, 127
537012.5.peg.3075.site.7, 5, 126, 131
537012.5.peg.3075.site.8, 7, 128, 135
537012.5.peg.3075.site.9, 4, 128, 132
537012.5.peg.3075.site.10, 7, 129, 136
537012.5.peg.3075.site.11, 4, 129, 133
537012.5.peg.3075.site.12, 121, 129, 250
537012.5.peg.3075.site.13, 25, 129, 154
537012.5.peg.3075.site.14, 7, 129, 136
537012.5.peg.3076.site.1, 7, 128, 135
537012.5.peg.3076.site.2, 7, 129, 136
537012.5.peg.3076.site.3, 7, 129, 136
537012.5.peg.3076.site.4, 8, 128, 136
537012.5.peg.3076.site.5, 17, 129, 146
537012.5.peg.3076.site.6, 6, 127, 133
537012.5.peg.3076.site.7, 71, 126, 197
537012.5.peg.3076.site.8, 1, 127, 128
537012.5.peg.3076.site.9, 5, 125, 130
537012.5.peg.3076.site.10, 1, 129, 130
537012.5.peg.3076.site.11, 83, 128, 211
537012.5.peg.3076.site.12, 7, 129, 136
537012.5.peg.3076.site.13, 86, 128, 214
537012.5.peg.3076.site.14, 86, 128, 214
537012.5.peg.3076.site.15, 2, 123, 125
537012.5.peg.3076.site.16, 38, 123, 161
537012.5.peg.3076.site.17, 4, 125, 129
537012.5.peg.3076.site.18, 7, 128, 135
537012.5.peg.3076.site.19, 1, 127, 128
537012.5.peg.3076.site.20, 1, 127, 128
537012.5.peg.3076.site.21, 81, 127, 208
537012.5.peg.3076.site.22, 3, 128, 131
537012.5.peg.3076.site.23, 5, 127, 132
537012.5.peg.3076.site.24, 8, 127, 135
537012.5.peg.3076.site.25, 5, 126, 131
537012.5.peg.3076.site.26, 6, 128, 134
537012.5.peg.3076.site.27, 2, 125, 127
537012.5.peg.3076.site.28, 5, 127, 132
537012.5.peg.3076.site.29, 1, 127, 128
537012.5.peg.3076.site.30, 1, 128, 129
537012.5.peg.3076.site.31, 43, 128, 171
537012.5.peg.3076.site.32, 11, 129, 140
537012.5.peg.3076.site.33, 4, 128, 132
537012.5.peg.3076.site.34, 2, 128, 130
537012.5.peg.3076.site.35, 31, 129, 160
537012.5.peg.3076.site.36, 2, 129, 131
537012.5.peg.3076.site.37, 1, 129, 130
537012.5.peg.3076.site.38, 4, 129, 133
537012.5.peg.3076.site.39, 7, 129, 136
537012.5.peg.3076.site.40, 4, 128, 132
537012.5.peg.3076.site.41, 7, 128, 135
537012.5.peg.3076.site.42, 6, 128, 134
537012.5.peg.3076.site.43, 7, 129, 136
537012.5.peg.3076.site.44, 0, 129, 129
537012.5.peg.3076.site.45, 11, 128, 139
537012.5.peg.3077.site.1, 7, 129, 136
537012.5.peg.3077.site.2, 72, 128, 200
537012.5.peg.3077.site.3, 38, 129, 167
537012.5.peg.3077.site.4, 7, 129, 136
537012.5.peg.3077.site.5, 44, 128, 172
537012.5.peg.3077.site.6, 78, 129, 207
537012.5.peg.3077.site.7, 3, 129, 132
537012.5.peg.3077.site.8, 51, 128, 179
537012.5.peg.3077.site.9, 45, 127, 172
537012.5.peg.3077.site.10, 9, 128, 137
537012.5.peg.3077.site.11, 55, 125, 180
537012.5.peg.3077.site.12, 0, 126, 126
537012.5.peg.3077.site.13, 3, 128, 131
537012.5.peg.3077.site.14, 7, 128, 135
537012.5.peg.3077.site.15, 9, 129, 138
537012.5.peg.3077.site.16, 7, 129, 136
537012.5.peg.3077.site.17, 7, 128, 135
537012.5.peg.3077.site.18, 7, 128, 135
537012.5.peg.3077.site.19, 7, 128, 135
537012.5.peg.3077.site.20, 7, 129, 136
537012.5.peg.4075.site.1, 122, 133, 255
537012.5.peg.4075.site.2, 5, 132, 137
537012.5.peg.4075.site.3, 1, 132, 133
537012.5.peg.4075.site.4, 5, 132, 137
537012.5.peg.4075.site.5, 3, 133, 136
537012.5.peg.4075.site.6, 0, 133, 133
537012.5.peg.4075.site.7, 4, 133, 137
537012.5.peg.4075.site.8, 1, 131, 132
537012.5.peg.4075.site.9, 26, 132, 158
537012.5.peg.4075.site.10, 3, 130, 133
537012.5.peg.4075.site.11, 37, 133, 170
537012.5.peg.4075.site.12, 27, 133, 160
537012.5.peg.4075.site.13, 2, 133, 135
537012.5.peg.4075.site.14, 0, 132, 132
537012.5.peg.4075.site.15, 0, 132, 132
537012.5.peg.4075.site.16, 27, 131, 158
537012.5.peg.4075.site.17, 19, 132, 151
537012.5.peg.4075.site.18, 3, 132, 135
537012.5.peg.4075.site.19, 2, 133, 135
537012.5.peg.4075.site.20, 3, 133, 136
537012.5.peg.4075.site.21, 3, 133, 136
537012.5.peg.4075.site.22, 32, 131, 163
537012.5.peg.4075.site.23, 55, 132, 187
537012.5.peg.4075.site.24, 2, 132, 134
537012.5.peg.4075.site.25, 43, 133, 176
537012.5.peg.4074.site.1, 4, 131, 135
537012.5.peg.4074.site.2, 8, 132, 140
537012.5.peg.4074.site.3, 5, 133, 138
537012.5.peg.4074.site.4, 3, 130, 133
537012.5.peg.4074.site.5, 12, 131, 143
537012.5.peg.4074.site.6, 12, 130, 142
537012.5.peg.4074.site.7, 3, 130, 133
537012.5.peg.4074.site.8, 17, 133, 150
537012.5.peg.4074.site.9, 7, 133, 140
537012.5.peg.4074.site.10, 11, 133, 144
537012.5.peg.4074.site.11, 2, 133, 135
537012.5.peg.4074.site.12, 12, 131, 143
537012.5.peg.4077.site.1, 2, 108, 110
537012.5.peg.4077.site.2, 7, 129, 136
537012.5.peg.4077.site.3, 6, 132, 138
537012.5.peg.4077.site.4, 12, 132, 144
537012.5.peg.4077.site.5, 5, 132, 137
537012.5.peg.4077.site.6, 1, 133, 134
537012.5.peg.4077.site.7, 11, 132, 143
537012.5.peg.4077.site.8, 6, 133, 139
537012.5.peg.4077.site.9, 32, 130, 162
537012.5.peg.4077.site.10, 2, 129, 131
537012.5.peg.4077.site.11, 5, 133, 138
537012.5.peg.4077.site.12, 25, 133, 158
537012.5.peg.4077.site.13, 4, 132, 136
537012.5.peg.4077.site.14, 33, 132, 165
537012.5.peg.4077.site.15, 2, 133, 135
537012.5.peg.4077.site.16, 2, 133, 135
537012.5.peg.4077.site.17, 4, 131, 135
537012.5.peg.4077.site.18, 4, 131, 135
537012.5.peg.4077.site.19, 5, 133, 138
537012.5.peg.4077.site.20, 5, 132, 137
537012.5.peg.4077.site.21, 11, 133, 144
537012.5.peg.4077.site.22, 9, 132, 141
537012.5.peg.4077.site.23, 6, 133, 139
537012.5.peg.4077.site.24, 3, 132, 135
537012.5.peg.4077.site.25, 9, 128, 137
537012.5.peg.4077.site.26, 8, 127, 135
537012.5.peg.4077.site.27, 3, 126, 129
537012.5.peg.4077.site.28, 114, 125, 239
537012.5.peg.4077.site.29, 3, 127, 130
537012.5.peg.4077.site.30, 93, 129, 222
537012.5.peg.4077.site.31, 17, 130, 147
537012.5.peg.4077.site.32, 28, 129, 157
537012.5.peg.4077.site.33, 5, 129, 134
537012.5.peg.4077.site.34, 81, 105, 186
537012.5.peg.4077.site.35, 4, 93, 97
537012.5.peg.4077.site.36, 41, 84, 125
537012.5.peg.4077.site.37, 6, 88, 94
537012.5.peg.4077.site.38, 39, 78, 117
537012.5.peg.4077.site.39, 62, 106, 168
537012.5.peg.4077.site.40, 0, 121, 121
537012.5.peg.4077.site.41, 13, 131, 144
537012.5.peg.4077.site.42, 1, 133, 134
537012.5.peg.4077.site.43, 5, 131, 136
537012.5.peg.4077.site.44, 81, 130, 211
537012.5.peg.4077.site.45, 11, 132, 143
537012.5.peg.4077.site.46, 103, 129, 232
537012.5.peg.4077.site.47, 3, 133, 136
537012.5.peg.4077.site.48, 2, 133, 135
537012.5.peg.4077.site.49, 0, 131, 131
537012.5.peg.4077.site.50, 2, 132, 134
537012.5.peg.4077.site.51, 2, 132, 134
537012.5.peg.4077.site.52, 3, 131, 134
537012.5.peg.4077.site.53, 37, 128, 165
537012.5.peg.4077.site.54, 23, 131, 154
537012.5.peg.4077.site.55, 25, 131, 156
537012.5.peg.4077.site.56, 3, 132, 135
537012.5.peg.4077.site.57, 4, 131, 135
537012.5.peg.4077.site.58, 102, 126, 228
537012.5.peg.4077.site.59, 4, 130, 134
537012.5.peg.4077.site.60, 1, 132, 133
537012.5.peg.4077.site.61, 70, 130, 200
537012.5.peg.4077.site.62, 2, 132, 134
537012.5.peg.4077.site.63, 2, 133, 135
537012.5.peg.4077.site.64, 121, 132, 253
537012.5.peg.4077.site.65, 6, 133, 139
537012.5.peg.4077.site.66, 34, 132, 166
537012.5.peg.4077.site.67, 20, 131, 151
537012.5.peg.4077.site.68, 5, 133, 138
537012.5.peg.4077.site.69, 9, 133, 142
537012.5.peg.4077.site.70, 19, 132, 151
537012.5.peg.4077.site.71, 131, 133, 264
537012.5.peg.4077.site.72, 2, 133, 135
537012.5.peg.4077.site.73, 41, 130, 171
537012.5.peg.4077.site.74, 88, 132, 220
537012.5.peg.4077.site.75, 4, 131, 135
537012.5.peg.4077.site.76, 0, 132, 132
537012.5.peg.4077.site.77, 42, 131, 173
537012.5.peg.4077.site.78, 3, 131, 134
537012.5.peg.4077.site.79, 45, 133, 178
537012.5.peg.4077.site.80, 93, 128, 221
537012.5.peg.4077.site.81, 3, 128, 131
537012.5.peg.4077.site.82, 5, 131, 136
537012.5.peg.4077.site.83, 2, 133, 135
537012.5.peg.4077.site.84, 3, 132, 135
537012.5.peg.4077.site.85, 15, 131, 146
537012.5.peg.4077.site.86, 2, 133, 135
537012.5.peg.4077.site.87, 17, 133, 150
537012.5.peg.4077.site.88, 11, 132, 143
537012.5.peg.4077.site.89, 3, 133, 136
537012.5.peg.4077.site.90, 3, 133, 136
537012.5.peg.4077.site.91, 3, 133, 136
537012.5.peg.4077.site.92, 9, 133, 142
537012.5.peg.4077.site.93, 21, 133, 154
537012.5.peg.4077.site.94, 3, 132, 135
537012.5.peg.4077.site.95, 0, 131, 131
537012.5.peg.4077.site.96, 4, 132, 136
537012.5.peg.4077.site.97, 9, 133, 142
537012.5.peg.4077.site.98, 13, 130, 143
537012.5.peg.4077.site.99, 7, 132, 139
537012.5.peg.4077.site.100, 53, 132, 185
537012.5.peg.4077.site.101, 2, 133, 135
537012.5.peg.4077.site.102, 9, 130, 139
537012.5.peg.4077.site.103, 26, 132, 158
537012.5.peg.4077.site.104, 7, 132, 139
537012.5.peg.4077.site.105, 40, 132, 172
537012.5.peg.4077.site.106, 10, 131, 141
537012.5.peg.4077.site.107, 6, 133, 139
537012.5.peg.4077.site.108, 2, 133, 135
537012.5.peg.4077.site.109, 12, 133, 145
537012.5.peg.4077.site.110, 4, 130, 134
537012.5.peg.4077.site.111, 28, 133, 161
537012.5.peg.4077.site.112, 2, 133, 135
537012.5.peg.4077.site.113, 8, 132, 140
537012.5.peg.4077.site.114, 48, 133, 181
537012.5.peg.4077.site.115, 116, 131, 247
537012.5.peg.4077.site.116, 0, 132, 132
537012.5.peg.4077.site.117, 17, 133, 150
537012.5.peg.4077.site.118, 104, 133, 237
537012.5.peg.4077.site.119, 6, 132, 138
537012.5.peg.4077.site.120, 4, 131, 135
537012.5.peg.4077.site.121, 8, 129, 137
537012.5.peg.4077.site.122, 114, 129, 243
537012.5.peg.4077.site.123, 119, 125, 244
537012.5.peg.4077.site.124, 119, 130, 249
537012.5.peg.4077.site.125, 104, 133, 237
537012.5.peg.4077.site.126, 6, 132, 138
537012.5.peg.4077.site.127, 3, 133, 136
537012.5.peg.4077.site.128, 0, 133, 133
537012.5.peg.4077.site.129, 1, 133, 134
537012.5.peg.4077.site.130, 2, 133, 135
537012.5.peg.4077.site.131, 4, 132, 136
537012.5.peg.4077.site.132, 38, 131, 169
537012.5.peg.4077.site.133, 8, 133, 141
537012.5.peg.4077.site.134, 4, 132, 136
537012.5.peg.4077.site.135, 19, 131, 150
537012.5.peg.4077.site.136, 0, 131, 131
537012.5.peg.4077.site.137, 17, 133, 150
537012.5.peg.4077.site.138, 21, 132, 153
537012.5.peg.4077.site.139, 121, 133, 254
537012.5.peg.4077.site.140, 6, 132, 138
537012.5.peg.4077.site.141, 46, 128, 174
537012.5.peg.4077.site.142, 30, 130, 160
537012.5.peg.4077.site.143, 5, 130, 135
537012.5.peg.4077.site.144, 17, 131, 148
537012.5.peg.4077.site.145, 9, 129, 138
537012.5.peg.4077.site.146, 8, 131, 139
537012.5.peg.4077.site.147, 1, 131, 132
537012.5.peg.4077.site.148, 6, 130, 136
537012.5.peg.4077.site.149, 32, 129, 161
537012.5.peg.4077.site.150, 22, 130, 152
537012.5.peg.4077.site.151, 4, 129, 133
537012.5.peg.4077.site.152, 3, 131, 134
537012.5.peg.4077.site.153, 14, 127, 141
537012.5.peg.4077.site.154, 71, 129, 200
537012.5.peg.4077.site.155, 2, 131, 133
537012.5.peg.4077.site.156, 62, 122, 184
537012.5.peg.4077.site.157, 3, 124, 127
537012.5.peg.4077.site.158, 77, 127, 204
537012.5.peg.4077.site.159, 4, 128, 132
537012.5.peg.4077.site.160, 62, 126, 188
537012.5.peg.4077.site.161, 2, 129, 131
537012.5.peg.4077.site.162, 23, 130, 153
537012.5.peg.4077.site.163, 27, 129, 156
537012.5.peg.4077.site.164, 2, 130, 132
537012.5.peg.4077.site.165, 2, 130, 132
537012.5.peg.4077.site.166, 28, 129, 157
537012.5.peg.4077.site.167, 10, 130, 140
537012.5.peg.4077.site.168, 2, 129, 131
537012.5.peg.4077.site.169, 1, 130, 131
537012.5.peg.4077.site.170, 4, 128, 132
537012.5.peg.4077.site.171, 36, 129, 165
537012.5.peg.4077.site.172, 0, 131, 131
537012.5.peg.4077.site.173, 0, 129, 129
537012.5.peg.4077.site.174, 4, 126, 130
537012.5.peg.4077.site.175, 4, 125, 129
537012.5.peg.4077.site.176, 16, 129, 145
537012.5.peg.4077.site.177, 2, 128, 130
537012.5.peg.4077.site.178, 5, 128, 133
537012.5.peg.4076.site.1, 3, 132, 135
537012.5.peg.4076.site.2, 14, 133, 147
537012.5.peg.4076.site.3, 16, 131, 147
537012.5.peg.4076.site.4, 11, 132, 143
537012.5.peg.4076.site.5, 39, 131, 170
537012.5.peg.4076.site.6, 2, 130, 132
537012.5.peg.4076.site.7, 68, 123, 191
537012.5.peg.4076.site.8, 31, 132, 163
537012.5.peg.4076.site.9, 27, 131, 158
537012.5.peg.4076.site.10, 61, 129, 190
537012.5.peg.4076.site.11, 127, 132, 259
537012.5.peg.4076.site.12, 17, 132, 149
537012.5.peg.4076.site.13, 3, 130, 133
537012.5.peg.4076.site.14, 23, 132, 155
537012.5.peg.4076.site.15, 75, 132, 207
537012.5.peg.4076.site.16, 40, 132, 172
537012.5.peg.4076.site.17, 3, 132, 135
537012.5.peg.4076.site.18, 6, 109, 115
537012.5.peg.4070.site.1, 37, 100, 137
537012.5.peg.4070.site.2, 91, 99, 190
537012.5.peg.4070.site.3, 34, 94, 128
537012.5.peg.4070.site.4, 27, 72, 99
537012.5.peg.4070.site.5, 40, 60, 100
537012.5.peg.4070.site.6, 1, 63, 64
537012.5.peg.4070.site.7, 2, 76, 78
537012.5.peg.4070.site.8, 3, 78, 81
537012.5.peg.4070.site.9, 4, 80, 84
537012.5.peg.4070.site.10, 34, 79, 113
537012.5.peg.4070.site.11, 1, 83, 84
537012.5.peg.4070.site.12, 2, 86, 88
537012.5.peg.4070.site.13, 6, 90, 96
537012.5.peg.4070.site.14, 10, 89, 99
537012.5.peg.4070.site.15, 21, 93, 114
537012.5.peg.4070.site.16, 20, 97, 117
537012.5.peg.4070.site.17, 68, 88, 156
537012.5.peg.4070.site.18, 5, 96, 101
537012.5.peg.4070.site.19, 30, 106, 136
537012.5.peg.4070.site.20, 9, 115, 124
537012.5.peg.4070.site.21, 1, 126, 127
537012.5.peg.4070.site.22, 1, 124, 125
537012.5.peg.4070.site.23, 15, 122, 137
537012.5.peg.4070.site.24, 43, 121, 164
537012.5.peg.4070.site.25, 3, 107, 110
537012.5.peg.4070.site.26, 1, 111, 112
537012.5.peg.4070.site.27, 23, 115, 138
537012.5.peg.4070.site.28, 4, 109, 113
537012.5.peg.4070.site.29, 7, 101, 108
537012.5.peg.4070.site.30, 0, 95, 95
537012.5.peg.4070.site.31, 1, 96, 97
537012.5.peg.4070.site.32, 7, 109, 116
537012.5.peg.4070.site.33, 1, 111, 112
537012.5.peg.4070.site.34, 1, 113, 114
537012.5.peg.4070.site.35, 39, 114, 153
537012.5.peg.4070.site.36, 1, 112, 113
537012.5.peg.4070.site.37, 66, 96, 162
537012.5.peg.4070.site.38, 17, 96, 113
537012.5.peg.4070.site.39, 72, 93, 165
537012.5.peg.4070.site.40, 0, 92, 92
537012.5.peg.4070.site.41, 44, 91, 135
537012.5.peg.4070.site.42, 1, 89, 90
537012.5.peg.4070.site.43, 8, 87, 95
537012.5.peg.4070.site.44, 1, 82, 83
537012.5.peg.4070.site.45, 10, 79, 89
537012.5.peg.4070.site.46, 0, 78, 78
537012.5.peg.4070.site.47, 1, 78, 79
537012.5.peg.4070.site.48, 5, 77, 82
537012.5.peg.4070.site.49, 33, 76, 109
537012.5.peg.4070.site.50, 10, 78, 88
537012.5.peg.4070.site.51, 28, 76, 104
537012.5.peg.4070.site.52, 6, 78, 84
537012.5.peg.4070.site.53, 19, 74, 93
537012.5.peg.4070.site.54, 24, 75, 99
537012.5.peg.4070.site.55, 5, 77, 82
537012.5.peg.4070.site.56, 3, 75, 78
537012.5.peg.4070.site.57, 2, 75, 77
537012.5.peg.4070.site.58, 1, 77, 78
537012.5.peg.4070.site.59, 0, 74, 74
537012.5.peg.4073.site.1, 128, 130, 258
537012.5.peg.4073.site.2, 7, 133, 140
537012.5.peg.4073.site.3, 2, 133, 135
537012.5.peg.4073.site.4, 0, 131, 131
537012.5.peg.4073.site.5, 1, 130, 131
537012.5.peg.4073.site.6, 15, 133, 148
537012.5.peg.4073.site.7, 19, 129, 148
537012.5.peg.4073.site.8, 4, 132, 136
537012.5.peg.4073.site.9, 7, 130, 137
537012.5.peg.4073.site.10, 37, 132, 169
537012.5.peg.4073.site.11, 2, 131, 133
537012.5.peg.4073.site.12, 131, 133, 264
537012.5.peg.4073.site.13, 2, 133, 135
537012.5.peg.4073.site.14, 5, 132, 137
537012.5.peg.4073.site.15, 6, 133, 139
537012.5.peg.4073.site.16, 14, 133, 147
537012.5.peg.4073.site.17, 17, 133, 150
537012.5.peg.4073.site.18, 24, 133, 157
537012.5.peg.4073.site.19, 76, 130, 206
537012.5.peg.4073.site.20, 121, 132, 253
537012.5.peg.4073.site.21, 16, 131, 147
537012.5.peg.4073.site.22, 9, 131, 140
537012.5.peg.4073.site.23, 21, 131, 152
537012.5.peg.4073.site.24, 7, 132, 139
537012.5.peg.4073.site.25, 2, 133, 135
537012.5.peg.4073.site.26, 22, 133, 155
537012.5.peg.4073.site.27, 1, 133, 134
537012.5.peg.4073.site.28, 8, 133, 141
537012.5.peg.4073.site.29, 2, 133, 135
537012.5.peg.4073.site.30, 107, 130, 237
537012.5.peg.4073.site.31, 5, 132, 137
537012.5.peg.4073.site.32, 67, 132, 199
537012.5.peg.4073.site.33, 1, 131, 132
537012.5.peg.4073.site.34, 64, 131, 195
537012.5.peg.4073.site.35, 2, 132, 134
537012.5.peg.4073.site.36, 113, 130, 243
537012.5.peg.4073.site.37, 17, 133, 150
537012.5.peg.4073.site.38, 14, 133, 147
537012.5.peg.4073.site.39, 4, 132, 136
537012.5.peg.4073.site.40, 21, 130, 151
537012.5.peg.4073.site.41, 12, 129, 141
537012.5.peg.4073.site.42, 6, 126, 132
537012.5.peg.4073.site.43, 77, 123, 200
537012.5.peg.4073.site.44, 27, 131, 158
537012.5.peg.4073.site.45, 17, 131, 148
537012.5.peg.4073.site.46, 12, 132, 144
537012.5.peg.4073.site.47, 17, 133, 150
537012.5.peg.4073.site.48, 78, 133, 211
537012.5.peg.4073.site.49, 2, 131, 133
537012.5.peg.4073.site.50, 18, 132, 150
537012.5.peg.4073.site.51, 1, 132, 133
537012.5.peg.4073.site.52, 14, 131, 145
537012.5.peg.4073.site.53, 14, 131, 145
537012.5.peg.4073.site.54, 2, 133, 135
537012.5.peg.4073.site.55, 26, 132, 158
537012.5.peg.4073.site.56, 5, 132, 137
537012.5.peg.4073.site.57, 22, 133, 155
537012.5.peg.4073.site.58, 9, 133, 142
537012.5.peg.4073.site.59, 2, 133, 135
537012.5.peg.4073.site.60, 19, 132, 151
537012.5.peg.4073.site.61, 1, 131, 132
537012.5.peg.4073.site.62, 54, 130, 184
537012.5.peg.4073.site.63, 44, 128, 172
537012.5.peg.4073.site.64, 14, 127, 141
537012.5.peg.4073.site.65, 2, 125, 127
537012.5.peg.4073.site.66, 64, 128, 192
537012.5.peg.4073.site.67, 7, 131, 138
537012.5.peg.4073.site.68, 17, 131, 148
537012.5.peg.4073.site.69, 104, 130, 234
537012.5.peg.4073.site.70, 1, 132, 133
537012.5.peg.4073.site.71, 40, 133, 173
537012.5.peg.4073.site.72, 9, 133, 142
537012.5.peg.4073.site.73, 4, 131, 135
537012.5.peg.4073.site.74, 9, 132, 141
537012.5.peg.4073.site.75, 4, 133, 137
537012.5.peg.4073.site.76, 81, 133, 214
537012.5.peg.4073.site.77, 3, 130, 133
537012.5.peg.4073.site.78, 99, 133, 232
537012.5.peg.4073.site.79, 17, 131, 148
537012.5.peg.4073.site.80, 49, 129, 178
537012.5.peg.4073.site.81, 5, 131, 136
537012.5.peg.4073.site.82, 44, 133, 177
537012.5.peg.4073.site.83, 111, 133, 244
537012.5.peg.4073.site.84, 53, 133, 186
537012.5.peg.4073.site.85, 58, 133, 191
537012.5.peg.4073.site.86, 9, 133, 142
537012.5.peg.4073.site.87, 18, 133, 151
537012.5.peg.4073.site.88, 25, 133, 158
537012.5.peg.4073.site.89, 111, 133, 244
537012.5.peg.4073.site.90, 5, 133, 138
537012.5.peg.4073.site.91, 26, 129, 155
537012.5.peg.4073.site.92, 2, 133, 135
537012.5.peg.4073.site.93, 8, 133, 141
537012.5.peg.4073.site.94, 4, 133, 137
537012.5.peg.4073.site.95, 2, 133, 135
537012.5.peg.4073.site.96, 4, 133, 137
537012.5.peg.4073.site.97, 1, 133, 134
537012.5.peg.4073.site.98, 0, 133, 133
537012.5.peg.4073.site.99, 8, 132, 140
537012.5.peg.4073.site.100, 7, 133, 140
537012.5.peg.469.site.1, 1, 127, 128
537012.5.peg.469.site.2, 1, 128, 129
537012.5.peg.469.site.3, 1, 129, 130
537012.5.peg.469.site.4, 4, 127, 131
537012.5.peg.469.site.5, 2, 125, 127
537012.5.peg.469.site.6, 3, 126, 129
537012.5.peg.469.site.7, 1, 122, 123
537012.5.peg.469.site.8, 1, 122, 123
537012.5.peg.469.site.9, 3, 123, 126
537012.5.peg.469.site.10, 1, 127, 128
537012.5.peg.469.site.11, 5, 125, 130
537012.5.peg.469.site.12, 93, 126, 219
537012.5.peg.469.site.13, 1, 126, 127
537012.5.peg.469.site.14, 1, 126, 127
537012.5.peg.469.site.15, 8, 124, 132
537012.5.peg.469.site.16, 2, 123, 125
537012.5.peg.469.site.17, 1, 126, 127
537012.5.peg.469.site.18, 2, 124, 126
537012.5.peg.469.site.19, 0, 127, 127
537012.5.peg.469.site.20, 8, 126, 134
537012.5.peg.469.site.21, 1, 126, 127
537012.5.peg.469.site.22, 1, 127, 128
537012.5.peg.469.site.23, 45, 125, 170
537012.5.peg.469.site.24, 1, 126, 127
537012.5.peg.469.site.25, 7, 123, 130
537012.5.peg.469.site.26, 4, 123, 127
537012.5.peg.469.site.27, 10, 123, 133
537012.5.peg.469.site.28, 3, 126, 129
537012.5.peg.469.site.29, 1, 127, 128
537012.5.peg.469.site.30, 3, 126, 129
537012.5.peg.469.site.31, 5, 125, 130
537012.5.peg.469.site.32, 5, 125, 130
537012.5.peg.469.site.33, 5, 125, 130
537012.5.peg.469.site.34, 5, 125, 130
537012.5.peg.469.site.35, 0, 125, 125
537012.5.peg.469.site.36, 3, 126, 129
537012.5.peg.469.site.37, 3, 126, 129
537012.5.peg.469.site.38, 42, 123, 165
537012.5.peg.469.site.39, 4, 124, 128
537012.5.peg.469.site.40, 31, 126, 157
537012.5.peg.469.site.41, 1, 127, 128
537012.5.peg.469.site.42, 4, 125, 129
537012.5.peg.469.site.43, 4, 127, 131
537012.5.peg.469.site.44, 1, 127, 128
537012.5.peg.469.site.45, 1, 127, 128
537012.5.peg.469.site.46, 0, 122, 122
537012.5.peg.469.site.47, 115, 123, 238
537012.5.peg.469.site.48, 5, 126, 131
537012.5.peg.469.site.49, 1, 127, 128
537012.5.peg.469.site.50, 8, 127, 135
537012.5.peg.469.site.51, 5, 126, 131
537012.5.peg.469.site.52, 1, 127, 128
537012.5.peg.469.site.53, 5, 125, 130
537012.5.peg.469.site.54, 3, 127, 130
537012.5.peg.469.site.55, 3, 126, 129
537012.5.peg.469.site.56, 3, 124, 127
537012.5.peg.468.site.1, 10, 130, 140
537012.5.peg.468.site.2, 7, 132, 139
537012.5.peg.468.site.3, 44, 130, 174
537012.5.peg.468.site.4, 3, 131, 134
537012.5.peg.468.site.5, 4, 132, 136
537012.5.peg.468.site.6, 1, 129, 130
537012.5.peg.468.site.7, 8, 129, 137
537012.5.peg.468.site.8, 3, 128, 131
537012.5.peg.468.site.9, 15, 132, 147
537012.5.peg.468.site.10, 0, 132, 132
537012.5.peg.468.site.11, 2, 130, 132
537012.5.peg.468.site.12, 4, 130, 134
537012.5.peg.468.site.13, 8, 131, 139
537012.5.peg.468.site.14, 7, 133, 140
537012.5.peg.468.site.15, 1, 133, 134
537012.5.peg.468.site.16, 5, 130, 135
537012.5.peg.468.site.17, 5, 131, 136
537012.5.peg.468.site.18, 2, 130, 132
537012.5.peg.468.site.19, 2, 129, 131
537012.5.peg.468.site.20, 1, 130, 131
537012.5.peg.468.site.21, 85, 127, 212
537012.5.peg.468.site.22, 1, 121, 122
537012.5.peg.468.site.23, 33, 116, 149
537012.5.peg.468.site.24, 120, 121, 241
537012.5.peg.468.site.25, 1, 126, 127
537012.5.peg.468.site.26, 2, 126, 128
537012.5.peg.468.site.27, 40, 126, 166
537012.5.peg.468.site.28, 2, 128, 130
537012.5.peg.468.site.29, 4, 125, 129
537012.5.peg.468.site.30, 7, 127, 134
537012.5.peg.468.site.31, 6, 131, 137
537012.5.peg.468.site.32, 2, 130, 132
537012.5.peg.468.site.33, 1, 132, 133
537012.5.peg.468.site.34, 2, 130, 132
537012.5.peg.468.site.35, 2, 130, 132
537012.5.peg.468.site.36, 0, 132, 132
537012.5.peg.468.site.37, 1, 133, 134
537012.5.peg.468.site.38, 4, 130, 134
537012.5.peg.468.site.39, 2, 128, 130
537012.5.peg.468.site.40, 5, 126, 131
537012.5.peg.468.site.41, 1, 127, 128
537012.5.peg.468.site.42, 2, 127, 129
537012.5.peg.468.site.43, 3, 127, 130
537012.5.peg.468.site.44, 6, 123, 129
537012.5.peg.468.site.45, 1, 125, 126
537012.5.peg.468.site.46, 3, 123, 126
537012.5.peg.468.site.47, 1, 126, 127
537012.5.peg.468.site.48, 1, 124, 125
537012.5.peg.468.site.49, 3, 122, 125
537012.5.peg.468.site.50, 8, 122, 130
537012.5.peg.468.site.51, 2, 122, 124
537012.5.peg.468.site.52, 1, 123, 124
537012.5.peg.468.site.53, 0, 123, 123
537012.5.peg.468.site.54, 3, 124, 127
537012.5.peg.464.site.1, 5, 119, 124
537012.5.peg.464.site.2, 0, 103, 103
537012.5.peg.464.site.3, 93, 95, 188
537012.5.peg.464.site.4, 1, 91, 92
537012.5.peg.464.site.5, 75, 78, 153
537012.5.peg.464.site.6, 27, 31, 58
537012.5.peg.464.site.7, 23, 24, 47
537012.5.peg.464.site.8, 2, 17, 19
537012.5.peg.464.site.9, 1, 4, 5
537012.5.peg.464.site.10, 1, 4, 5
537012.5.peg.464.site.11, 19, 21, 40
537012.5.peg.464.site.12, 88, 91, 179
537012.5.peg.464.site.13, 103, 106, 209
537012.5.peg.464.site.14, 121, 122, 243
537012.5.peg.464.site.15, 2, 129, 131
537012.5.peg.464.site.16, 0, 125, 125
537012.5.peg.464.site.17, 1, 125, 126
537012.5.peg.464.site.18, 1, 124, 125
537012.5.peg.464.site.19, 2, 124, 126
537012.5.peg.464.site.20, 6, 126, 132
537012.5.peg.464.site.21, 2, 127, 129
537012.5.peg.3708.site.1, 1, 120, 121
537012.5.peg.3708.site.2, 2, 120, 122
537012.5.peg.3708.site.3, 46, 131, 177
537012.5.peg.3708.site.4, 4, 132, 136
537012.5.peg.3708.site.5, 18, 131, 149
537012.5.peg.3708.site.6, 5, 132, 137
537012.5.peg.3708.site.7, 5, 132, 137
537012.5.peg.3708.site.8, 9, 130, 139
537012.5.peg.3708.site.9, 12, 127, 139
537012.5.peg.3708.site.10, 2, 123, 125
537012.5.peg.3708.site.11, 12, 122, 134
537012.5.peg.3708.site.12, 1, 122, 123
537012.5.peg.3708.site.13, 12, 125, 137
537012.5.peg.3708.site.14, 11, 133, 144
537012.5.peg.3708.site.15, 5, 132, 137
537012.5.peg.3708.site.16, 5, 134, 139
537012.5.peg.3708.site.17, 14, 134, 148
537012.5.peg.3708.site.18, 30, 134, 164
537012.5.peg.3708.site.19, 4, 132, 136
537012.5.peg.3708.site.20, 2, 134, 136
537012.5.peg.3708.site.21, 7, 132, 139
537012.5.peg.3708.site.22, 1, 134, 135
537012.5.peg.3708.site.23, 2, 129, 131
537012.5.peg.3708.site.24, 1, 129, 130
537012.5.peg.3708.site.25, 9, 129, 138
537012.5.peg.3708.site.26, 12, 125, 137
537012.5.peg.3708.site.27, 1, 123, 124
537012.5.peg.3708.site.28, 1, 123, 124
537012.5.peg.3708.site.29, 2, 122, 124
537012.5.peg.3708.site.30, 4, 119, 123
537012.5.peg.3708.site.31, 4, 119, 123
537012.5.peg.3708.site.32, 7, 120, 127
537012.5.peg.3708.site.33, 5, 120, 125
537012.5.peg.3708.site.34, 36, 120, 156
537012.5.peg.3708.site.35, 0, 123, 123
537012.5.peg.3708.site.36, 7, 121, 128
537012.5.peg.3708.site.37, 6, 127, 133
537012.5.peg.3708.site.38, 5, 126, 131
537012.5.peg.3708.site.39, 13, 134, 147
537012.5.peg.3708.site.40, 12, 130, 142
537012.5.peg.3708.site.41, 3, 134, 137
537012.5.peg.3708.site.42, 40, 132, 172
537012.5.peg.3708.site.43, 35, 133, 168
537012.5.peg.3708.site.44, 11, 132, 143
537012.5.peg.3708.site.45, 11, 132, 143
537012.5.peg.3708.site.46, 53, 125, 178
537012.5.peg.3708.site.47, 5, 124, 129
537012.5.peg.3708.site.48, 3, 124, 127
537012.5.peg.3708.site.49, 1, 119, 120
537012.5.peg.3708.site.50, 4, 120, 124
537012.5.peg.3708.site.51, 5, 120, 125
537012.5.peg.3708.site.52, 1, 121, 122
537012.5.peg.3708.site.53, 67, 116, 183
537012.5.peg.467.site.1, 0, 120, 120
537012.5.peg.467.site.2, 30, 123, 153
537012.5.peg.467.site.3, 1, 130, 131
537012.5.peg.467.site.4, 1, 129, 130
537012.5.peg.467.site.5, 2, 128, 130
537012.5.peg.467.site.6, 0, 130, 130
537012.5.peg.467.site.7, 2, 129, 131
537012.5.peg.467.site.8, 5, 133, 138
537012.5.peg.467.site.9, 40, 133, 173
537012.5.peg.467.site.10, 3, 134, 137
537012.5.peg.467.site.11, 30, 133, 163
537012.5.peg.467.site.12, 3, 134, 137
537012.5.peg.467.site.13, 12, 132, 144
537012.5.peg.467.site.14, 3, 134, 137
537012.5.peg.467.site.15, 1, 134, 135
537012.5.peg.467.site.16, 4, 132, 136
537012.5.peg.467.site.17, 1, 134, 135
537012.5.peg.4109.site.1, 7, 134, 141
537012.5.peg.4109.site.2, 6, 133, 139
537012.5.peg.4109.site.3, 1, 132, 133
537012.5.peg.4109.site.4, 15, 132, 147
537012.5.peg.4109.site.5, 12, 130, 142
537012.5.peg.4109.site.6, 13, 131, 144
537012.5.peg.4109.site.7, 1, 130, 131
537012.5.peg.4109.site.8, 4, 130, 134
537012.5.peg.4109.site.9, 1, 129, 130
537012.5.peg.4109.site.10, 1, 128, 129
537012.5.peg.4109.site.11, 1, 127, 128
537012.5.peg.4109.site.12, 1, 127, 128
537012.5.peg.4109.site.13, 0, 129, 129
537012.5.peg.4109.site.14, 35, 127, 162
537012.5.peg.4109.site.15, 18, 131, 149
537012.5.peg.4109.site.16, 59, 132, 191
537012.5.peg.4109.site.17, 6, 133, 139
537012.5.peg.4109.site.18, 7, 134, 141
537012.5.peg.4109.site.19, 6, 132, 138
537012.5.peg.4109.site.20, 86, 132, 218
537012.5.peg.4109.site.21, 14, 134, 148
537012.5.peg.4109.site.22, 7, 134, 141
537012.5.peg.4109.site.23, 1, 134, 135
537012.5.peg.4109.site.24, 131, 134, 265
537012.5.peg.3359.site.1, 3, 97, 100
537012.5.peg.3359.site.2, 10, 125, 135
537012.5.peg.3359.site.3, 44, 125, 169
537012.5.peg.4455.site.1, 6, 134, 140
537012.5.peg.4455.site.2, 3, 134, 137
537012.5.peg.4455.site.3, 4, 134, 138
537012.5.peg.4455.site.4, 6, 133, 139
537012.5.peg.4455.site.5, 5, 133, 138
537012.5.peg.4455.site.6, 8, 131, 139
537012.5.peg.4455.site.7, 5, 133, 138
537012.5.peg.4455.site.8, 20, 133, 153
537012.5.peg.4455.site.9, 2, 134, 136
537012.5.peg.4455.site.10, 0, 133, 133
537012.5.peg.4455.site.11, 0, 132, 132
537012.5.peg.4455.site.12, 0, 133, 133
537012.5.peg.4455.site.13, 0, 122, 122
537012.5.peg.466.site.1, 5, 125, 130
537012.5.peg.466.site.2, 5, 125, 130
537012.5.peg.466.site.3, 5, 125, 130
537012.5.peg.466.site.4, 2, 125, 127
537012.5.peg.466.site.5, 5, 125, 130
537012.5.peg.466.site.6, 2, 124, 126
537012.5.peg.466.site.7, 1, 123, 124
537012.5.peg.466.site.8, 34, 122, 156
537012.5.peg.466.site.9, 34, 122, 156
537012.5.peg.466.site.10, 3, 122, 125
537012.5.peg.466.site.11, 2, 120, 122
537012.5.peg.466.site.12, 0, 121, 121
537012.5.peg.466.site.13, 3, 120, 123
537012.5.peg.466.site.14, 12, 122, 134
537012.5.peg.466.site.15, 16, 122, 138
537012.5.peg.466.site.16, 2, 122, 124
537012.5.peg.466.site.17, 3, 122, 125
537012.5.peg.466.site.18, 6, 122, 128
537012.5.peg.466.site.19, 0, 120, 120
537012.5.peg.466.site.20, 4, 122, 126
537012.5.peg.466.site.21, 37, 122, 159
537012.5.peg.466.site.22, 3, 121, 124
537012.5.peg.466.site.23, 1, 123, 124
537012.5.peg.466.site.24, 1, 122, 123
537012.5.peg.466.site.25, 3, 124, 127
537012.5.peg.466.site.26, 2, 122, 124
537012.5.peg.466.site.27, 2, 124, 126
537012.5.peg.466.site.28, 1, 122, 123
537012.5.peg.466.site.29, 1, 121, 122
537012.5.peg.466.site.30, 25, 121, 146
537012.5.peg.466.site.31, 3, 121, 124
537012.5.peg.466.site.32, 3, 122, 125
537012.5.peg.466.site.33, 2, 122, 124
537012.5.peg.466.site.34, 3, 122, 125
537012.5.peg.466.site.35, 0, 121, 121
537012.5.peg.466.site.36, 3, 121, 124
537012.5.peg.466.site.37, 3, 124, 127
537012.5.peg.466.site.38, 1, 126, 127
537012.5.peg.466.site.39, 1, 126, 127
537012.5.peg.466.site.40, 4, 125, 129
537012.5.peg.466.site.41, 1, 121, 122
537012.5.peg.466.site.42, 1, 121, 122
537012.5.peg.466.site.43, 1, 122, 123
537012.5.peg.466.site.44, 3, 121, 124
537012.5.peg.466.site.45, 10, 122, 132
537012.5.peg.466.site.46, 3, 122, 125
537012.5.peg.466.site.47, 2, 123, 125
537012.5.peg.466.site.48, 0, 123, 123
537012.5.peg.466.site.49, 2, 123, 125
537012.5.peg.466.site.50, 3, 125, 128
537012.5.peg.466.site.51, 1, 122, 123
537012.5.peg.466.site.52, 0, 121, 121
537012.5.peg.466.site.53, 1, 121, 122
537012.5.peg.466.site.54, 1, 122, 123
537012.5.peg.466.site.55, 2, 123, 125
537012.5.peg.466.site.56, 3, 126, 129
537012.5.peg.466.site.57, 3, 127, 130
537012.5.peg.466.site.58, 1, 123, 124
537012.5.peg.4453.site.1, 35, 131, 166
537012.5.peg.4453.site.2, 31, 134, 165
537012.5.peg.4453.site.3, 1, 134, 135
537012.5.peg.4453.site.4, 4, 132, 136
537012.5.peg.4453.site.5, 4, 133, 137
537012.5.peg.4453.site.6, 18, 133, 151
537012.5.peg.4453.site.7, 1, 133, 134
537012.5.peg.4453.site.8, 31, 134, 165
537012.5.peg.4453.site.9, 1, 134, 135
537012.5.peg.4453.site.10, 42, 132, 174
537012.5.peg.4453.site.11, 31, 133, 164
537012.5.peg.4453.site.12, 35, 131, 166
537012.5.peg.4453.site.13, 19, 133, 152
537012.5.peg.4453.site.14, 31, 133, 164
537012.5.peg.4453.site.15, 27, 132, 159
537012.5.peg.4453.site.16, 1, 133, 134
537012.5.peg.4453.site.17, 5, 132, 137
537012.5.peg.4453.site.18, 1, 134, 135
537012.5.peg.4453.site.19, 28, 134, 162
537012.5.peg.4453.site.20, 5, 132, 137
537012.5.peg.4453.site.21, 1, 134, 135
537012.5.peg.4453.site.22, 31, 134, 165
537012.5.peg.4453.site.23, 1, 134, 135
537012.5.peg.4453.site.24, 1, 134, 135
537012.5.peg.4453.site.25, 1, 134, 135
537012.5.peg.4453.site.26, 40, 132, 172
537012.5.peg.4453.site.27, 0, 134, 134
537012.5.peg.4453.site.28, 7, 134, 141
537012.5.peg.4453.site.29, 44, 134, 178
537012.5.peg.4453.site.30, 1, 134, 135
537012.5.peg.4453.site.31, 107, 133, 240
537012.5.peg.4453.site.32, 1, 134, 135
537012.5.peg.4453.site.33, 12, 133, 145
537012.5.peg.4453.site.34, 1, 134, 135
537012.5.peg.4453.site.35, 11, 132, 143
537012.5.peg.4453.site.36, 0, 134, 134
537012.5.peg.4453.site.37, 114, 133, 247
537012.5.peg.4453.site.38, 5, 132, 137
537012.5.peg.4452.site.1, 0, 133, 133
537012.5.peg.4452.site.2, 3, 134, 137
537012.5.peg.4452.site.3, 1, 133, 134
537012.5.peg.4452.site.4, 42, 132, 174
537012.5.peg.4452.site.5, 2, 134, 136
537012.5.peg.4452.site.6, 1, 134, 135
537012.5.peg.4452.site.7, 1, 134, 135
537012.5.peg.4452.site.8, 9, 133, 142
537012.5.peg.4452.site.9, 125, 134, 259
537012.5.peg.4452.site.10, 3, 134, 137
537012.5.peg.4451.site.1, 4, 131, 135
537012.5.peg.4451.site.2, 5, 133, 138
537012.5.peg.4451.site.3, 1, 134, 135
537012.5.peg.4451.site.4, 2, 134, 136
537012.5.peg.4451.site.5, 6, 134, 140
537012.5.peg.4451.site.6, 2, 134, 136
537012.5.peg.4451.site.7, 52, 131, 183
537012.5.peg.4451.site.8, 37, 134, 171
537012.5.peg.4451.site.9, 2, 134, 136
537012.5.peg.4451.site.10, 46, 131, 177
537012.5.peg.4451.site.11, 96, 133, 229
537012.5.peg.4451.site.12, 2, 131, 133
537012.5.peg.4451.site.13, 3, 132, 135
537012.5.peg.4451.site.14, 4, 132, 136
537012.5.peg.4451.site.15, 4, 132, 136
537012.5.peg.4451.site.16, 3, 132, 135
537012.5.peg.4451.site.17, 5, 134, 139
537012.5.peg.4451.site.18, 5, 134, 139
537012.5.peg.4451.site.19, 11, 134, 145
537012.5.peg.4451.site.20, 5, 134, 139
537012.5.peg.4451.site.21, 5, 133, 138
537012.5.peg.4451.site.22, 1, 134, 135
537012.5.peg.4451.site.23, 3, 130, 133
537012.5.peg.4451.site.24, 128, 132, 260
537012.5.peg.4451.site.25, 0, 134, 134
537012.5.peg.4451.site.26, 64, 131, 195
537012.5.peg.4451.site.27, 4, 132, 136
537012.5.peg.4451.site.28, 1, 132, 133
537012.5.peg.4451.site.29, 108, 132, 240
537012.5.peg.4451.site.30, 3, 134, 137
537012.5.peg.4451.site.31, 0, 134, 134
537012.5.peg.4451.site.32, 2, 134, 136
537012.5.peg.4451.site.33, 5, 131, 136
537012.5.peg.4451.site.34, 29, 130, 159
537012.5.peg.4451.site.35, 26, 133, 159
537012.5.peg.4451.site.36, 5, 134, 139
537012.5.peg.4451.site.37, 6, 134, 140
537012.5.peg.4451.site.38, 1, 134, 135
537012.5.peg.4451.site.39, 71, 131, 202
537012.5.peg.4451.site.40, 5, 131, 136
537012.5.peg.4451.site.41, 47, 133, 180
537012.5.peg.4451.site.42, 1, 134, 135
537012.5.peg.4451.site.43, 53, 131, 184
537012.5.peg.4451.site.44, 53, 132, 185
537012.5.peg.4451.site.45, 29, 132, 161
537012.5.peg.4451.site.46, 3, 133, 136
537012.5.peg.4450.site.1, 2, 131, 133
537012.5.peg.4450.site.2, 0, 134, 134
537012.5.peg.4450.site.3, 2, 134, 136
537012.5.peg.4450.site.4, 34, 134, 168
537012.5.peg.4450.site.5, 1, 134, 135
537012.5.peg.4450.site.6, 3, 133, 136
537012.5.peg.4450.site.7, 2, 134, 136
537012.5.peg.4450.site.8, 3, 134, 137
537012.5.peg.4450.site.9, 0, 133, 133
537012.5.peg.4450.site.10, 6, 132, 138
537012.5.peg.4450.site.11, 6, 134, 140
537012.5.peg.4450.site.12, 2, 134, 136
537012.5.peg.4450.site.13, 42, 132, 174
537012.5.peg.4450.site.14, 10, 134, 144
537012.5.peg.4450.site.15, 2, 134, 136
537012.5.peg.4450.site.16, 2, 134, 136
537012.5.peg.4450.site.17, 3, 134, 137
537012.5.peg.4450.site.18, 43, 133, 176
537012.5.peg.4101.site.1, 2, 123, 125
537012.5.peg.4101.site.2, 47, 124, 171
537012.5.peg.4101.site.3, 1, 125, 126
537012.5.peg.4101.site.4, 1, 126, 127
537012.5.peg.4101.site.5, 2, 125, 127
537012.5.peg.4101.site.6, 0, 126, 126
537012.5.peg.4101.site.7, 4, 124, 128
537012.5.peg.4101.site.8, 11, 126, 137
537012.5.peg.4101.site.9, 3, 126, 129
537012.5.peg.4101.site.10, 0, 126, 126
537012.5.peg.4101.site.11, 4, 124, 128
537012.5.peg.4101.site.12, 7, 125, 132
537012.5.peg.4101.site.13, 22, 126, 148
537012.5.peg.4101.site.14, 61, 124, 185
537012.5.peg.4101.site.15, 4, 123, 127
537012.5.peg.4101.site.16, 4, 123, 127
537012.5.peg.4101.site.17, 4, 123, 127
537012.5.peg.4101.site.18, 4, 123, 127
537012.5.peg.4101.site.19, 4, 122, 126
537012.5.peg.4101.site.20, 4, 123, 127
537012.5.peg.4101.site.21, 1, 125, 126
537012.5.peg.4101.site.22, 28, 122, 150
537012.5.peg.4101.site.23, 4, 123, 127
537012.5.peg.4101.site.24, 4, 125, 129
537012.5.peg.4101.site.25, 0, 126, 126
537012.5.peg.4101.site.26, 1, 126, 127
537012.5.peg.4101.site.27, 34, 124, 158
537012.5.peg.4101.site.28, 5, 124, 129
537012.5.peg.4101.site.29, 0, 125, 125
537012.5.peg.4101.site.30, 5, 125, 130
537012.5.peg.4101.site.31, 74, 120, 194
537012.5.peg.4101.site.32, 8, 121, 129
537012.5.peg.4101.site.33, 2, 123, 125
537012.5.peg.4101.site.34, 21, 124, 145
537012.5.peg.4101.site.35, 2, 123, 125
537012.5.peg.4101.site.36, 2, 122, 124
537012.5.peg.4101.site.37, 2, 123, 125
537012.5.peg.4101.site.38, 2, 122, 124
537012.5.peg.4100.site.1, 127, 129, 256
537012.5.peg.4100.site.2, 16, 128, 144
537012.5.peg.4100.site.3, 1, 129, 130
537012.5.peg.4100.site.4, 11, 131, 142
537012.5.peg.4100.site.5, 7, 129, 136
537012.5.peg.4100.site.6, 1, 129, 130
537012.5.peg.4100.site.7, 34, 129, 163
537012.5.peg.4100.site.8, 3, 129, 132
537012.5.peg.4100.site.9, 0, 128, 128
537012.5.peg.4100.site.10, 7, 129, 136
537012.5.peg.4100.site.11, 0, 129, 129
537012.5.peg.4100.site.12, 6, 127, 133
537012.5.peg.4100.site.13, 0, 127, 127
537012.5.peg.4100.site.14, 85, 124, 209
537012.5.peg.4100.site.15, 12, 120, 132
537012.5.peg.4100.site.16, 2, 124, 126
537012.5.peg.4100.site.17, 1, 124, 125
537012.5.peg.4100.site.18, 2, 124, 126
537012.5.peg.4100.site.19, 0, 133, 133
537012.5.peg.4100.site.20, 7, 132, 139
537012.5.peg.4100.site.21, 7, 133, 140
537012.5.peg.4100.site.22, 4, 131, 135
537012.5.peg.4100.site.23, 25, 130, 155
537012.5.peg.4100.site.24, 6, 133, 139
537012.5.peg.4100.site.25, 0, 129, 129
537012.5.peg.4100.site.26, 5, 129, 134
537012.5.peg.4100.site.27, 2, 128, 130
537012.5.peg.4100.site.28, 4, 125, 129
537012.5.peg.4100.site.29, 2, 122, 124
537012.5.peg.4100.site.30, 7, 122, 129
537012.5.peg.4100.site.31, 11, 120, 131
537012.5.peg.4100.site.32, 2, 124, 126
537012.5.peg.4100.site.33, 2, 124, 126
537012.5.peg.4100.site.34, 2, 124, 126
537012.5.peg.4100.site.35, 1, 122, 123
537012.5.peg.4100.site.36, 79, 122, 201
537012.5.peg.4100.site.37, 54, 122, 176
537012.5.peg.4100.site.38, 1, 123, 124
537012.5.peg.4100.site.39, 2, 124, 126
537012.5.peg.4100.site.40, 4, 124, 128
537012.5.peg.4100.site.41, 3, 124, 127
537012.5.peg.4100.site.42, 1, 123, 124
537012.5.peg.4100.site.43, 1, 123, 124
537012.5.peg.4100.site.44, 1, 123, 124
537012.5.peg.4100.site.45, 69, 120, 189
537012.5.peg.4100.site.46, 107, 126, 233
537012.5.peg.4100.site.47, 1, 122, 123
537012.5.peg.4100.site.48, 44, 122, 166
537012.5.peg.4100.site.49, 4, 124, 128
537012.5.peg.4100.site.50, 2, 125, 127
537012.5.peg.4103.site.1, 3, 128, 131
537012.5.peg.4103.site.2, 1, 123, 124
537012.5.peg.4103.site.3, 2, 123, 125
537012.5.peg.4103.site.4, 0, 119, 119
537012.5.peg.4103.site.5, 3, 123, 126
537012.5.peg.4103.site.6, 4, 124, 128
537012.5.peg.4103.site.7, 9, 129, 138
537012.5.peg.4103.site.8, 4, 130, 134
537012.5.peg.4103.site.9, 3, 129, 132
537012.5.peg.4103.site.10, 84, 130, 214
537012.5.peg.4103.site.11, 3, 130, 133
537012.5.peg.4103.site.12, 8, 134, 142
537012.5.peg.4103.site.13, 8, 134, 142
537012.5.peg.4103.site.14, 1, 133, 134
537012.5.peg.4103.site.15, 4, 132, 136
537012.5.peg.4103.site.16, 12, 132, 144
537012.5.peg.4103.site.17, 2, 134, 136
537012.5.peg.4103.site.18, 10, 131, 141
537012.5.peg.4103.site.19, 10, 131, 141
537012.5.peg.4103.site.20, 4, 132, 136
537012.5.peg.4103.site.21, 2, 129, 131
537012.5.peg.4103.site.22, 0, 130, 130
537012.5.peg.4103.site.23, 14, 128, 142
537012.5.peg.4103.site.24, 4, 132, 136
537012.5.peg.4103.site.25, 8, 133, 141
537012.5.peg.4103.site.26, 13, 132, 145
537012.5.peg.4103.site.27, 13, 133, 146
537012.5.peg.4102.site.1, 0, 128, 128
537012.5.peg.4102.site.2, 3, 129, 132
537012.5.peg.4102.site.3, 1, 130, 131
537012.5.peg.4102.site.4, 23, 129, 152
537012.5.peg.4102.site.5, 7, 130, 137
537012.5.peg.4102.site.6, 1, 129, 130
537012.5.peg.4102.site.7, 0, 129, 129
537012.5.peg.4102.site.8, 8, 129, 137
537012.5.peg.4102.site.9, 38, 129, 167
537012.5.peg.4102.site.10, 1, 129, 130
537012.5.peg.4102.site.11, 6, 127, 133
537012.5.peg.4102.site.12, 8, 126, 134
537012.5.peg.4105.site.1, 40, 128, 168
537012.5.peg.4105.site.2, 6, 129, 135
537012.5.peg.4105.site.3, 30, 130, 160
537012.5.peg.4105.site.4, 17, 131, 148
537012.5.peg.4105.site.5, 5, 130, 135
537012.5.peg.4105.site.6, 10, 130, 140
537012.5.peg.4105.site.7, 12, 126, 138
537012.5.peg.4105.site.8, 2, 130, 132
537012.5.peg.4105.site.9, 7, 133, 140
537012.5.peg.4105.site.10, 8, 132, 140
537012.5.peg.4105.site.11, 8, 134, 142
537012.5.peg.4105.site.12, 13, 132, 145
537012.5.peg.2732.site.1, 123, 133, 256
537012.5.peg.2732.site.2, 4, 133, 137
537012.5.peg.2732.site.3, 11, 132, 143
537012.5.peg.2732.site.4, 3, 133, 136
537012.5.peg.2732.site.5, 2, 132, 134
537012.5.peg.2732.site.6, 3, 130, 133
537012.5.peg.2732.site.7, 4, 131, 135
537012.5.peg.2732.site.8, 5, 132, 137
537012.5.peg.2732.site.9, 5, 132, 137
537012.5.peg.2732.site.10, 6, 133, 139
537012.5.peg.4107.site.1, 13, 130, 143
537012.5.peg.4107.site.2, 3, 132, 135
537012.5.peg.4107.site.3, 6, 132, 138
537012.5.peg.4107.site.4, 15, 134, 149
537012.5.peg.4107.site.5, 5, 134, 139
537012.5.peg.4107.site.6, 4, 132, 136
537012.5.peg.4107.site.7, 0, 133, 133
537012.5.peg.4107.site.8, 1, 134, 135
537012.5.peg.4107.site.9, 4, 132, 136
537012.5.peg.4107.site.10, 18, 132, 150
537012.5.peg.4107.site.11, 2, 134, 136
537012.5.peg.4107.site.12, 15, 134, 149
537012.5.peg.4107.site.13, 16, 130, 146
537012.5.peg.4107.site.14, 1, 133, 134
537012.5.peg.4107.site.15, 1, 133, 134
537012.5.peg.4107.site.16, 22, 131, 153
537012.5.peg.4107.site.17, 3, 131, 134
537012.5.peg.4107.site.18, 3, 131, 134
537012.5.peg.4107.site.19, 24, 132, 156
537012.5.peg.4107.site.20, 19, 132, 151
537012.5.peg.4107.site.21, 12, 132, 144
537012.5.peg.4107.site.22, 23, 127, 150
537012.5.peg.4107.site.23, 1, 134, 135
537012.5.peg.4107.site.24, 7, 134, 141
537012.5.peg.4107.site.25, 15, 128, 143
537012.5.peg.4107.site.26, 1, 129, 130
537012.5.peg.4107.site.27, 32, 129, 161
537012.5.peg.4107.site.28, 8, 130, 138
537012.5.peg.4106.site.1, 4, 132, 136
537012.5.peg.4106.site.2, 8, 132, 140
537012.5.peg.4106.site.3, 4, 132, 136
537012.5.peg.4106.site.4, 8, 132, 140
537012.5.peg.4106.site.5, 8, 132, 140
537012.5.peg.4106.site.6, 4, 134, 138
537012.5.peg.4106.site.7, 3, 134, 137
537012.5.peg.4106.site.8, 1, 134, 135
537012.5.peg.4106.site.9, 25, 134, 159
537012.5.peg.4106.site.10, 5, 133, 138
537012.5.peg.4106.site.11, 30, 133, 163
537012.5.peg.4106.site.12, 26, 134, 160
537012.5.peg.4106.site.13, 1, 134, 135
537012.5.peg.4106.site.14, 4, 132, 136
537012.5.peg.4106.site.15, 5, 133, 138
537012.5.peg.4106.site.16, 1, 134, 135
537012.5.peg.4106.site.17, 6, 130, 136
537012.5.peg.4106.site.18, 1, 129, 130
537012.5.peg.4106.site.19, 0, 129, 129
537012.5.peg.4106.site.20, 0, 129, 129
537012.5.peg.4106.site.21, 37, 126, 163
537012.5.peg.4106.site.22, 79, 128, 207
537012.5.peg.4106.site.23, 4, 133, 137
537012.5.peg.4106.site.24, 10, 133, 143
537012.5.peg.4106.site.25, 13, 133, 146
537012.5.peg.4106.site.26, 1, 134, 135
537012.5.peg.4106.site.27, 4, 132, 136
537012.5.peg.4106.site.28, 65, 132, 197
537012.5.peg.4106.site.29, 2, 131, 133
537012.5.peg.4106.site.30, 8, 134, 142
537012.5.peg.4106.site.31, 1, 134, 135
537012.5.peg.4106.site.32, 4, 133, 137
537012.5.peg.4106.site.33, 25, 133, 158
537012.5.peg.4106.site.34, 17, 133, 150
537012.5.peg.4106.site.35, 7, 134, 141
537012.5.peg.4106.site.36, 3, 133, 136
537012.5.peg.4106.site.37, 1, 131, 132
537012.5.peg.4106.site.38, 3, 130, 133
537012.5.peg.4106.site.39, 15, 130, 145
537012.5.peg.4106.site.40, 1, 129, 130
537012.5.peg.4106.site.41, 4, 134, 138
537012.5.peg.4106.site.42, 5, 132, 137
537012.5.peg.4106.site.43, 4, 132, 136
537012.5.peg.4106.site.44, 3, 134, 137
537012.5.peg.4106.site.45, 1, 134, 135
537012.5.peg.4106.site.46, 1, 134, 135
537012.5.peg.4106.site.47, 0, 133, 133
537012.5.peg.4299.site.1, 3, 130, 133
537012.5.peg.4299.site.2, 1, 134, 135
537012.5.peg.4299.site.3, 4, 133, 137
537012.5.peg.4299.site.4, 5, 133, 138
537012.5.peg.4299.site.5, 2, 131, 133
537012.5.peg.4299.site.6, 5, 133, 138
537012.5.peg.4299.site.7, 3, 131, 134
537012.5.peg.4299.site.8, 5, 133, 138
537012.5.peg.4299.site.9, 3, 131, 134
537012.5.peg.4299.site.10, 79, 132, 211
537012.5.peg.4299.site.11, 5, 133, 138
537012.5.peg.4299.site.12, 8, 134, 142
537012.5.peg.4299.site.13, 3, 131, 134
537012.5.peg.4299.site.14, 55, 132, 187
537012.5.peg.4299.site.15, 4, 132, 136
537012.5.peg.4299.site.16, 7, 134, 141
537012.5.peg.4299.site.17, 4, 130, 134
537012.5.peg.4299.site.18, 5, 132, 137
537012.5.peg.4299.site.19, 5, 130, 135
537012.5.peg.4299.site.20, 1, 133, 134
537012.5.peg.4299.site.21, 6, 133, 139
537012.5.peg.4299.site.22, 2, 131, 133
537012.5.peg.4299.site.23, 2, 132, 134
537012.5.peg.4299.site.24, 2, 133, 135
537012.5.peg.4299.site.25, 2, 134, 136
537012.5.peg.4299.site.26, 37, 130, 167
537012.5.peg.4299.site.27, 1, 130, 131
537012.5.peg.4299.site.28, 3, 130, 133
537012.5.peg.4299.site.29, 0, 129, 129
537012.5.peg.4299.site.30, 8, 130, 138
537012.5.peg.4299.site.31, 11, 130, 141
537012.5.peg.4299.site.32, 80, 129, 209
537012.5.peg.4299.site.33, 20, 131, 151
537012.5.peg.4299.site.34, 0, 129, 129
537012.5.peg.4299.site.35, 7, 129, 136
537012.5.peg.4299.site.36, 0, 128, 128
537012.5.peg.4299.site.37, 8, 128, 136
537012.5.peg.4299.site.38, 0, 128, 128
537012.5.peg.4299.site.39, 31, 129, 160
537012.5.peg.4299.site.40, 73, 130, 203
537012.5.peg.4299.site.41, 0, 129, 129
537012.5.peg.4299.site.42, 2, 130, 132
537012.5.peg.4299.site.43, 0, 128, 128
537012.5.peg.4299.site.44, 0, 128, 128
537012.5.peg.4299.site.45, 1, 130, 131
537012.5.peg.4299.site.46, 3, 130, 133
537012.5.peg.4299.site.47, 29, 128, 157
537012.5.peg.4299.site.48, 2, 131, 133
537012.5.peg.4299.site.49, 2, 130, 132
537012.5.peg.4299.site.50, 6, 132, 138
537012.5.peg.4299.site.51, 1, 133, 134
537012.5.peg.4299.site.52, 9, 134, 143
537012.5.peg.4299.site.53, 5, 133, 138
537012.5.peg.4299.site.54, 7, 132, 139
537012.5.peg.4299.site.55, 7, 129, 136
537012.5.peg.4299.site.56, 31, 133, 164
537012.5.peg.4299.site.57, 2, 129, 131
537012.5.peg.4299.site.58, 0, 127, 127
537012.5.peg.4299.site.59, 0, 128, 128
537012.5.peg.4299.site.60, 1, 129, 130
537012.5.peg.4299.site.61, 1, 130, 131
537012.5.peg.4299.site.62, 6, 131, 137
537012.5.peg.4299.site.63, 1, 131, 132
537012.5.peg.4299.site.64, 9, 129, 138
537012.5.peg.4299.site.65, 2, 130, 132
537012.5.peg.4299.site.66, 1, 130, 131
537012.5.peg.4299.site.67, 29, 129, 158
537012.5.peg.4299.site.68, 1, 130, 131
537012.5.peg.4299.site.69, 2, 131, 133
537012.5.peg.4299.site.70, 5, 132, 137
537012.5.peg.4299.site.71, 4, 130, 134
537012.5.peg.4299.site.72, 3, 129, 132
537012.5.peg.4299.site.73, 3, 131, 134
537012.5.peg.4299.site.74, 1, 131, 132
537012.5.peg.4299.site.75, 4, 129, 133
537012.5.peg.4299.site.76, 1, 132, 133
537012.5.peg.4299.site.77, 5, 133, 138
537012.5.peg.4299.site.78, 6, 133, 139
537012.5.peg.4299.site.79, 1, 134, 135
537012.5.peg.4299.site.80, 2, 134, 136
537012.5.peg.4299.site.81, 4, 133, 137
537012.5.peg.4299.site.82, 3, 134, 137
537012.5.peg.4299.site.83, 4, 132, 136
537012.5.peg.4299.site.84, 10, 134, 144
537012.5.peg.4299.site.85, 0, 134, 134
537012.5.peg.4299.site.86, 11, 132, 143
537012.5.peg.4299.site.87, 3, 130, 133
537012.5.peg.4299.site.88, 43, 132, 175
537012.5.peg.4299.site.89, 11, 132, 143
537012.5.peg.4299.site.90, 2, 130, 132
537012.5.peg.4299.site.91, 1, 128, 129
537012.5.peg.4299.site.92, 6, 130, 136
537012.5.peg.4299.site.93, 1, 130, 131
537012.5.peg.4299.site.94, 1, 127, 128
537012.5.peg.4299.site.95, 1, 129, 130
537012.5.peg.4299.site.96, 11, 128, 139
537012.5.peg.4299.site.97, 82, 130, 212
537012.5.peg.4299.site.98, 7, 129, 136
537012.5.peg.4298.site.1, 33, 132, 165
537012.5.peg.4298.site.2, 0, 132, 132
537012.5.peg.4298.site.3, 10, 134, 144
537012.5.peg.4298.site.4, 8, 134, 142
537012.5.peg.4298.site.5, 33, 133, 166
537012.5.peg.4298.site.6, 22, 133, 155
537012.5.peg.4298.site.7, 10, 132, 142
537012.5.peg.4298.site.8, 2, 134, 136
537012.5.peg.4298.site.9, 12, 132, 144
537012.5.peg.4298.site.10, 2, 134, 136
537012.5.peg.4298.site.11, 1, 134, 135
537012.5.peg.4298.site.12, 4, 132, 136
537012.5.peg.4298.site.13, 0, 131, 131
537012.5.peg.4298.site.14, 0, 131, 131
537012.5.peg.4298.site.15, 7, 132, 139
537012.5.peg.4298.site.16, 1, 133, 134
537012.5.peg.4298.site.17, 1, 132, 133
537012.5.peg.4298.site.18, 10, 131, 141
537012.5.peg.4298.site.19, 0, 134, 134
537012.5.peg.4298.site.20, 1, 134, 135
537012.5.peg.4298.site.21, 126, 133, 259
537012.5.peg.4298.site.22, 3, 133, 136
537012.5.peg.4298.site.23, 7, 131, 138
537012.5.peg.4298.site.24, 9, 130, 139
537012.5.peg.4298.site.25, 7, 134, 141
537012.5.peg.4298.site.26, 2, 132, 134
537012.5.peg.4298.site.27, 3, 130, 133
537012.5.peg.4298.site.28, 2, 129, 131
537012.5.peg.4298.site.29, 2, 128, 130
537012.5.peg.4298.site.30, 31, 126, 157
537012.5.peg.4298.site.31, 1, 123, 124
537012.5.peg.4298.site.32, 1, 128, 129
537012.5.peg.4298.site.33, 31, 128, 159
537012.5.peg.4298.site.34, 8, 129, 137
537012.5.peg.4298.site.35, 0, 131, 131
537012.5.peg.4298.site.36, 38, 131, 169
537012.5.peg.4298.site.37, 0, 132, 132
537012.5.peg.4298.site.38, 88, 132, 220
537012.5.peg.4298.site.39, 7, 133, 140
537012.5.peg.4298.site.40, 77, 130, 207
537012.5.peg.4298.site.41, 1, 132, 133
537012.5.peg.4298.site.42, 3, 131, 134
537012.5.peg.4298.site.43, 6, 127, 133
537012.5.peg.4298.site.44, 2, 126, 128
537012.5.peg.4298.site.45, 91, 126, 217
537012.5.peg.4298.site.46, 1, 125, 126
537012.5.peg.4298.site.47, 125, 127, 252
537012.5.peg.4298.site.48, 8, 127, 135
537012.5.peg.4298.site.49, 63, 126, 189
537012.5.peg.4298.site.50, 27, 127, 154
537012.5.peg.4298.site.51, 3, 129, 132
537012.5.peg.4298.site.52, 1, 130, 131
537012.5.peg.4298.site.53, 5, 132, 137
537012.5.peg.4298.site.54, 2, 131, 133
537012.5.peg.4298.site.55, 3, 132, 135
537012.5.peg.4293.site.1, 0, 130, 130
537012.5.peg.4293.site.2, 4, 126, 130
537012.5.peg.4293.site.3, 5, 125, 130
537012.5.peg.4293.site.4, 1, 120, 121
537012.5.peg.4293.site.5, 4, 121, 125
537012.5.peg.4293.site.6, 1, 126, 127
537012.5.peg.4293.site.7, 0, 124, 124
537012.5.peg.4293.site.8, 12, 121, 133
537012.5.peg.4293.site.9, 3, 121, 124
537012.5.peg.4293.site.10, 1, 124, 125
537012.5.peg.4293.site.11, 1, 124, 125
537012.5.peg.4293.site.12, 1, 126, 127
537012.5.peg.4293.site.13, 1, 125, 126
537012.5.peg.4293.site.14, 2, 127, 129
537012.5.peg.4293.site.15, 6, 125, 131
537012.5.peg.4293.site.16, 18, 125, 143
537012.5.peg.4293.site.17, 1, 125, 126
537012.5.peg.4293.site.18, 1, 126, 127
537012.5.peg.4293.site.19, 1, 126, 127
537012.5.peg.4293.site.20, 3, 126, 129
537012.5.peg.4293.site.21, 0, 127, 127
537012.5.peg.4293.site.22, 5, 130, 135
537012.5.peg.4293.site.23, 6, 130, 136
537012.5.peg.4293.site.24, 6, 132, 138
537012.5.peg.4293.site.25, 9, 129, 138
537012.5.peg.4293.site.26, 6, 129, 135
537012.5.peg.4293.site.27, 1, 130, 131
537012.5.peg.4293.site.28, 62, 128, 190
537012.5.peg.4293.site.29, 3, 127, 130
537012.5.peg.4293.site.30, 9, 129, 138
537012.5.peg.4293.site.31, 101, 127, 228
537012.5.peg.4293.site.32, 3, 129, 132
537012.5.peg.4293.site.33, 11, 131, 142
537012.5.peg.4293.site.34, 3, 130, 133
537012.5.peg.4293.site.35, 4, 132, 136
537012.5.peg.4293.site.36, 5, 133, 138
537012.5.peg.4293.site.37, 0, 133, 133
537012.5.peg.4293.site.38, 11, 130, 141
537012.5.peg.4293.site.39, 4, 125, 129
537012.5.peg.4292.site.1, 3, 119, 122
537012.5.peg.4292.site.2, 2, 124, 126
537012.5.peg.4292.site.3, 9, 123, 132
537012.5.peg.4292.site.4, 2, 124, 126
537012.5.peg.4292.site.5, 1, 124, 125
537012.5.peg.4292.site.6, 8, 127, 135
537012.5.peg.4292.site.7, 54, 127, 181
537012.5.peg.4292.site.8, 4, 127, 131
537012.5.peg.4292.site.9, 4, 130, 134
537012.5.peg.4292.site.10, 28, 128, 156
537012.5.peg.4292.site.11, 3, 128, 131
537012.5.peg.4292.site.12, 4, 128, 132
537012.5.peg.4292.site.13, 59, 127, 186
537012.5.peg.4292.site.14, 30, 129, 159
537012.5.peg.4292.site.15, 5, 126, 131
537012.5.peg.4292.site.16, 2, 128, 130
537012.5.peg.4295.site.1, 8, 134, 142
537012.5.peg.4295.site.2, 31, 133, 164
537012.5.peg.4295.site.3, 32, 133, 165
537012.5.peg.4295.site.4, 17, 134, 151
537012.5.peg.4295.site.5, 28, 129, 157
537012.5.peg.4295.site.6, 4, 129, 133
537012.5.peg.4295.site.7, 8, 130, 138
537012.5.peg.4295.site.8, 6, 128, 134
537012.5.peg.4295.site.9, 1, 128, 129
537012.5.peg.4295.site.10, 3, 128, 131
537012.5.peg.4295.site.11, 3, 129, 132
537012.5.peg.4295.site.12, 1, 129, 130
537012.5.peg.4295.site.13, 1, 128, 129
537012.5.peg.4295.site.14, 4, 134, 138
537012.5.peg.4295.site.15, 7, 134, 141
537012.5.peg.4295.site.16, 12, 132, 144
537012.5.peg.4295.site.17, 4, 132, 136
537012.5.peg.4295.site.18, 8, 134, 142
537012.5.peg.4295.site.19, 4, 131, 135
537012.5.peg.4295.site.20, 4, 132, 136
537012.5.peg.4295.site.21, 65, 132, 197
537012.5.peg.4295.site.22, 3, 132, 135
537012.5.peg.4295.site.23, 5, 133, 138
537012.5.peg.4295.site.24, 5, 132, 137
537012.5.peg.4295.site.25, 4, 131, 135
537012.5.peg.4295.site.26, 5, 133, 138
537012.5.peg.4295.site.27, 8, 134, 142
537012.5.peg.4295.site.28, 1, 134, 135
537012.5.peg.4295.site.29, 53, 134, 187
537012.5.peg.4295.site.30, 6, 134, 140
537012.5.peg.4295.site.31, 1, 134, 135
537012.5.peg.4295.site.32, 5, 133, 138
537012.5.peg.4295.site.33, 2, 134, 136
537012.5.peg.4295.site.34, 2, 134, 136
537012.5.peg.4295.site.35, 2, 133, 135
537012.5.peg.4295.site.36, 1, 134, 135
537012.5.peg.4295.site.37, 4, 131, 135
537012.5.peg.4294.site.1, 2, 129, 131
537012.5.peg.4294.site.2, 0, 129, 129
537012.5.peg.4294.site.3, 1, 132, 133
537012.5.peg.4294.site.4, 9, 131, 140
537012.5.peg.4294.site.5, 1, 130, 131
537012.5.peg.4294.site.6, 3, 133, 136
537012.5.peg.4294.site.7, 3, 132, 135
537012.5.peg.4294.site.8, 20, 134, 154
537012.5.peg.4294.site.9, 20, 134, 154
537012.5.peg.4294.site.10, 1, 134, 135
537012.5.peg.4294.site.11, 4, 134, 138
537012.5.peg.4294.site.12, 4, 132, 136
537012.5.peg.4294.site.13, 5, 131, 136
537012.5.peg.4294.site.14, 6, 132, 138
537012.5.peg.4294.site.15, 1, 130, 131
537012.5.peg.4294.site.16, 1, 129, 130
537012.5.peg.4294.site.17, 4, 133, 137
537012.5.peg.4297.site.1, 0, 129, 129
537012.5.peg.4297.site.2, 0, 129, 129
537012.5.peg.4297.site.3, 0, 130, 130
537012.5.peg.4297.site.4, 0, 129, 129
537012.5.peg.4297.site.5, 22, 131, 153
537012.5.peg.4297.site.6, 1, 129, 130
537012.5.peg.4297.site.7, 8, 130, 138
537012.5.peg.4297.site.8, 1, 131, 132
537012.5.peg.4297.site.9, 1, 133, 134
537012.5.peg.4297.site.10, 2, 130, 132
537012.5.peg.4297.site.11, 5, 132, 137
537012.5.peg.4297.site.12, 2, 130, 132
537012.5.peg.4297.site.13, 2, 130, 132
537012.5.peg.4297.site.14, 1, 133, 134
537012.5.peg.4297.site.15, 2, 130, 132
537012.5.peg.4297.site.16, 7, 131, 138
537012.5.peg.4297.site.17, 1, 128, 129
537012.5.peg.4297.site.18, 1, 129, 130
537012.5.peg.4297.site.19, 1, 129, 130
537012.5.peg.4297.site.20, 4, 132, 136
537012.5.peg.4297.site.21, 29, 130, 159
537012.5.peg.4297.site.22, 0, 132, 132
537012.5.peg.4297.site.23, 4, 134, 138
537012.5.peg.4297.site.24, 12, 134, 146
537012.5.peg.4297.site.25, 0, 134, 134
537012.5.peg.4297.site.26, 25, 131, 156
537012.5.peg.4297.site.27, 8, 128, 136
537012.5.peg.4297.site.28, 5, 130, 135
537012.5.peg.4297.site.29, 57, 130, 187
537012.5.peg.4297.site.30, 3, 129, 132
537012.5.peg.4297.site.31, 2, 129, 131
537012.5.peg.4297.site.32, 1, 130, 131
537012.5.peg.4297.site.33, 7, 128, 135
537012.5.peg.4297.site.34, 7, 128, 135
537012.5.peg.4297.site.35, 22, 129, 151
537012.5.peg.4297.site.36, 2, 129, 131
537012.5.peg.4297.site.37, 2, 130, 132
537012.5.peg.4297.site.38, 2, 130, 132
537012.5.peg.4297.site.39, 4, 132, 136
537012.5.peg.4297.site.40, 1, 131, 132
537012.5.peg.4297.site.41, 1, 130, 131
537012.5.peg.4297.site.42, 2, 131, 133
537012.5.peg.4296.site.1, 92, 133, 225
537012.5.peg.4296.site.2, 1, 134, 135
537012.5.peg.4296.site.3, 2, 134, 136
537012.5.peg.4296.site.4, 4, 132, 136
537012.5.peg.4296.site.5, 42, 132, 174
537012.5.peg.4296.site.6, 4, 134, 138
537012.5.peg.4296.site.7, 8, 134, 142
537012.5.peg.4296.site.8, 10, 134, 144
537012.5.peg.4296.site.9, 26, 134, 160
537012.5.peg.4296.site.10, 8, 129, 137
537012.5.peg.4296.site.11, 2, 133, 135
537012.5.peg.4296.site.12, 3, 132, 135
537012.5.peg.4296.site.13, 3, 132, 135
537012.5.peg.4296.site.14, 17, 134, 151
537012.5.peg.4296.site.15, 5, 133, 138
537012.5.peg.4296.site.16, 24, 129, 153
537012.5.peg.4296.site.17, 114, 129, 243
537012.5.peg.4296.site.18, 3, 130, 133
537012.5.peg.4296.site.19, 0, 131, 131
537012.5.peg.4296.site.20, 1, 129, 130
537012.5.peg.4296.site.21, 1, 129, 130
537012.5.peg.494.site.1, 1, 134, 135
537012.5.peg.494.site.2, 72, 132, 204
537012.5.peg.494.site.3, 79, 132, 211
537012.5.peg.494.site.4, 72, 132, 204
537012.5.peg.494.site.5, 3, 131, 134
537012.5.peg.494.site.6, 61, 129, 190
537012.5.peg.494.site.7, 5, 133, 138
537012.5.peg.494.site.8, 8, 129, 137
537012.5.peg.494.site.9, 2, 131, 133
537012.5.peg.494.site.10, 17, 133, 150
537012.5.peg.494.site.11, 2, 134, 136
537012.5.peg.494.site.12, 2, 134, 136
537012.5.peg.494.site.13, 3, 130, 133
537012.5.peg.494.site.14, 5, 132, 137
537012.5.peg.494.site.15, 1, 133, 134
537012.5.peg.494.site.16, 88, 130, 218
537012.5.peg.494.site.17, 2, 129, 131
537012.5.peg.494.site.18, 1, 130, 131
537012.5.peg.494.site.19, 4, 129, 133
537012.5.peg.494.site.20, 3, 130, 133
537012.5.peg.494.site.21, 6, 134, 140
537012.5.peg.494.site.22, 7, 134, 141
537012.5.peg.494.site.23, 6, 133, 139
537012.5.peg.494.site.24, 5, 132, 137
537012.5.peg.4853.site.1, 5, 78, 83
537012.5.peg.4853.site.2, 4, 76, 80
537012.5.peg.4853.site.3, 1, 78, 79
537012.5.peg.4853.site.4, 33, 78, 111
537012.5.peg.4853.site.5, 2, 77, 79
537012.5.peg.4853.site.6, 16, 75, 91
537012.5.peg.4853.site.7, 4, 75, 79
537012.5.peg.4853.site.8, 1, 77, 78
537012.5.peg.4853.site.9, 3, 76, 79
537012.5.peg.4853.site.10, 0, 77, 77
537012.5.peg.4853.site.11, 36, 76, 112
537012.5.peg.4853.site.12, 3, 77, 80
537012.5.peg.4853.site.13, 2, 77, 79
537012.5.peg.4853.site.14, 2, 81, 83
537012.5.peg.4853.site.15, 2, 81, 83
537012.5.peg.4853.site.16, 3, 81, 84
537012.5.peg.4853.site.17, 16, 80, 96
537012.5.peg.4853.site.18, 9, 80, 89
537012.5.peg.4853.site.19, 3, 83, 86
537012.5.peg.4853.site.20, 1, 88, 89
537012.5.peg.4853.site.21, 2, 88, 90
537012.5.peg.4853.site.22, 1, 91, 92
537012.5.peg.4853.site.23, 3, 90, 93
537012.5.peg.4853.site.24, 4, 87, 91
537012.5.peg.4853.site.25, 42, 86, 128
537012.5.peg.4853.site.26, 4, 93, 97
537012.5.peg.4853.site.27, 4, 105, 109
537012.5.peg.4850.site.1, 6, 125, 131
537012.5.peg.4850.site.2, 86, 126, 212
537012.5.peg.4850.site.3, 32, 126, 158
537012.5.peg.4850.site.4, 60, 120, 180
537012.5.peg.4850.site.5, 42, 120, 162
537012.5.peg.4850.site.6, 12, 106, 118
537012.5.peg.4850.site.7, 69, 102, 171
537012.5.peg.4850.site.8, 4, 99, 103
537012.5.peg.4850.site.9, 2, 91, 93
537012.5.peg.4850.site.10, 1, 90, 91
537012.5.peg.4850.site.11, 1, 91, 92
537012.5.peg.4850.site.12, 40, 89, 129
537012.5.peg.4850.site.13, 39, 90, 129
537012.5.peg.4850.site.14, 5, 90, 95
537012.5.peg.4850.site.15, 23, 87, 110
537012.5.peg.4850.site.16, 1, 86, 87
537012.5.peg.4850.site.17, 1, 89, 90
537012.5.peg.4850.site.18, 75, 93, 168
537012.5.peg.4850.site.19, 5, 99, 104
537012.5.peg.4850.site.20, 12, 97, 109
537012.5.peg.4850.site.21, 1, 111, 112
537012.5.peg.4850.site.22, 6, 108, 114
537012.5.peg.4850.site.23, 2, 111, 113
537012.5.peg.4850.site.24, 0, 118, 118
537012.5.peg.4850.site.25, 8, 123, 131
537012.5.peg.4850.site.26, 1, 123, 124
537012.5.peg.4850.site.27, 27, 121, 148
537012.5.peg.4856.site.1, 2, 130, 132
537012.5.peg.4856.site.2, 0, 121, 121
537012.5.peg.4856.site.3, 1, 114, 115
537012.5.peg.4856.site.4, 1, 108, 109
537012.5.peg.4856.site.5, 44, 101, 145
537012.5.peg.4856.site.6, 5, 103, 108
537012.5.peg.4856.site.7, 1, 103, 104
537012.5.peg.4856.site.8, 2, 115, 117
537012.5.peg.4856.site.9, 1, 117, 118
537012.5.peg.4856.site.10, 2, 120, 122
537012.5.peg.4856.site.11, 1, 118, 119
537012.5.peg.4856.site.12, 78, 118, 196
537012.5.peg.4856.site.13, 35, 120, 155
537012.5.peg.4856.site.14, 1, 120, 121
537012.5.peg.4856.site.15, 6, 125, 131
537012.5.peg.4856.site.16, 6, 124, 130
537012.5.peg.4856.site.17, 37, 113, 150
537012.5.peg.4856.site.18, 46, 109, 155
537012.5.peg.4856.site.19, 38, 114, 152
537012.5.peg.4856.site.20, 5, 117, 122
537012.5.peg.4856.site.21, 1, 118, 119
537012.5.peg.4856.site.22, 0, 118, 118
537012.5.peg.4856.site.23, 5, 116, 121
537012.5.peg.4856.site.24, 1, 117, 118
537012.5.peg.4856.site.25, 12, 114, 126
537012.5.peg.4856.site.26, 0, 108, 108
537012.5.peg.4856.site.27, 39, 105, 144
537012.5.peg.4856.site.28, 1, 103, 104
537012.5.peg.4856.site.29, 1, 97, 98
537012.5.peg.4856.site.30, 25, 87, 112
537012.5.peg.4856.site.31, 4, 88, 92
537012.5.peg.4856.site.32, 1, 87, 88
537012.5.peg.4856.site.33, 40, 85, 125
537012.5.peg.4856.site.34, 56, 82, 138
537012.5.peg.4856.site.35, 1, 82, 83
537012.5.peg.4856.site.36, 3, 81, 84
537012.5.peg.4856.site.37, 1, 80, 81
537012.5.peg.4856.site.38, 2, 76, 78
537012.5.peg.4856.site.39, 4, 77, 81
537012.5.peg.4856.site.40, 4, 79, 83
537012.5.peg.4856.site.41, 0, 78, 78
537012.5.peg.4856.site.42, 68, 78, 146
537012.5.peg.4856.site.43, 28, 75, 103
537012.5.peg.4856.site.44, 2, 78, 80
537012.5.peg.4856.site.45, 12, 77, 89
537012.5.peg.4856.site.46, 43, 77, 120
537012.5.peg.4856.site.47, 1, 78, 79
537012.5.peg.4856.site.48, 3, 78, 81
537012.5.peg.4856.site.49, 12, 77, 89
537012.5.peg.4856.site.50, 3, 80, 83
537012.5.peg.4856.site.51, 29, 84, 113
537012.5.peg.4856.site.52, 8, 86, 94
537012.5.peg.4856.site.53, 0, 89, 89
537012.5.peg.4856.site.54, 3, 91, 94
537012.5.peg.4856.site.55, 24, 88, 112
537012.5.peg.4856.site.56, 16, 89, 105
537012.5.peg.4856.site.57, 26, 82, 108
537012.5.peg.4856.site.58, 4, 80, 84
537012.5.peg.4856.site.59, 1, 78, 79
537012.5.peg.4856.site.60, 4, 80, 84
537012.5.peg.4856.site.61, 2, 81, 83
537012.5.peg.4856.site.62, 10, 79, 89
537012.5.peg.4856.site.63, 10, 78, 88
537012.5.peg.4856.site.64, 1, 78, 79
537012.5.peg.4858.site.1, 18, 101, 119
537012.5.peg.4858.site.2, 5, 98, 103
537012.5.peg.4858.site.3, 2, 84, 86
537012.5.peg.4858.site.4, 20, 84, 104
537012.5.peg.4858.site.5, 1, 84, 85
537012.5.peg.4858.site.6, 1, 82, 83
537012.5.peg.4858.site.7, 4, 84, 88
537012.5.peg.4858.site.8, 5, 94, 99
537012.5.peg.4858.site.9, 3, 95, 98
537012.5.peg.4858.site.10, 19, 93, 112
537012.5.peg.4858.site.11, 0, 95, 95
537012.5.peg.4858.site.12, 1, 100, 101
537012.5.peg.4858.site.13, 42, 97, 139
537012.5.peg.4858.site.14, 3, 100, 103
537012.5.peg.4858.site.15, 1, 99, 100
537012.5.peg.4858.site.16, 11, 98, 109
537012.5.peg.4858.site.17, 1, 103, 104
537012.5.peg.4858.site.18, 50, 101, 151
537012.5.peg.4858.site.19, 2, 104, 106
537012.5.peg.4858.site.20, 1, 105, 106
537012.5.peg.4858.site.21, 3, 104, 107
537012.5.peg.4858.site.22, 9, 103, 112
537012.5.peg.4858.site.23, 1, 96, 97
537012.5.peg.4858.site.24, 1, 94, 95
537012.5.peg.4858.site.25, 6, 90, 96
537012.5.peg.4858.site.26, 1, 88, 89
537012.5.peg.4858.site.27, 17, 76, 93
537012.5.peg.4858.site.28, 5, 75, 80
537012.5.peg.4858.site.29, 12, 74, 86
537012.5.peg.4858.site.30, 72, 77, 149
537012.5.peg.1750.site.1, 1, 120, 121
537012.5.peg.1750.site.2, 2, 117, 119
537012.5.peg.1750.site.3, 28, 105, 133
537012.5.peg.1750.site.4, 4, 102, 106
537012.5.peg.1750.site.5, 3, 100, 103
537012.5.peg.1750.site.6, 18, 95, 113
537012.5.peg.1750.site.7, 0, 94, 94
537012.5.peg.1750.site.8, 2, 68, 70
537012.5.peg.1750.site.9, 1, 57, 58
537012.5.peg.1750.site.10, 3, 57, 60
537012.5.peg.1750.site.11, 3, 58, 61
537012.5.peg.1750.site.12, 2, 57, 59
537012.5.peg.1750.site.13, 1, 57, 58
537012.5.peg.1750.site.14, 3, 55, 58
537012.5.peg.1750.site.15, 3, 54, 57
537012.5.peg.1750.site.16, 2, 55, 57
537012.5.peg.1750.site.17, 6, 52, 58
537012.5.peg.1750.site.18, 20, 88, 108
537012.5.peg.1750.site.19, 4, 101, 105
537012.5.peg.1750.site.20, 6, 119, 125
537012.5.peg.1750.site.21, 2, 122, 124
537012.5.peg.1750.site.22, 36, 130, 166
537012.5.peg.1750.site.23, 2, 133, 135
537012.5.peg.1750.site.24, 6, 132, 138
537012.5.peg.1750.site.25, 5, 134, 139
537012.5.peg.1750.site.26, 6, 134, 140
537012.5.peg.1750.site.27, 5, 134, 139
537012.5.peg.1750.site.28, 4, 134, 138
537012.5.peg.1750.site.29, 5, 133, 138
537012.5.peg.1750.site.30, 2, 126, 128
537012.5.peg.1750.site.31, 0, 124, 124
537012.5.peg.1750.site.32, 24, 127, 151
537012.5.peg.1750.site.33, 4, 125, 129
537012.5.peg.1750.site.34, 65, 118, 183
537012.5.peg.1750.site.35, 66, 119, 185
537012.5.peg.1750.site.36, 1, 119, 120
537012.5.peg.1750.site.37, 70, 121, 191
537012.5.peg.1750.site.38, 3, 123, 126
537012.5.peg.1750.site.39, 0, 120, 120
537012.5.peg.1750.site.40, 15, 121, 136
537012.5.peg.1750.site.41, 38, 118, 156
537012.5.peg.1750.site.42, 11, 122, 133
537012.5.peg.1750.site.43, 1, 123, 124
537012.5.peg.1750.site.44, 7, 122, 129
537012.5.peg.1750.site.45, 1, 123, 124
537012.5.peg.1750.site.46, 0, 123, 123
537012.5.peg.1750.site.47, 5, 122, 127
537012.5.peg.1750.site.48, 4, 127, 131
537012.5.peg.1750.site.49, 3, 128, 131
537012.5.peg.1750.site.50, 9, 124, 133
537012.5.peg.1750.site.51, 6, 126, 132
537012.5.peg.1750.site.52, 5, 123, 128
537012.5.peg.1750.site.53, 5, 122, 127
537012.5.peg.1750.site.54, 2, 120, 122
537012.5.peg.1750.site.55, 18, 111, 129
537012.5.peg.1750.site.56, 5, 122, 127
537012.5.peg.1750.site.57, 1, 127, 128
537012.5.peg.1750.site.58, 5, 128, 133
537012.5.peg.1750.site.59, 33, 122, 155
537012.5.peg.1750.site.60, 11, 120, 131
537012.5.peg.1750.site.61, 2, 124, 126
537012.5.peg.1750.site.62, 3, 125, 128
537012.5.peg.1750.site.63, 14, 122, 136
537012.5.peg.1750.site.64, 1, 124, 125
537012.5.peg.1750.site.65, 6, 127, 133
537012.5.peg.1750.site.66, 1, 127, 128
537012.5.peg.1750.site.67, 2, 126, 128
537012.5.peg.3605.site.1, 6, 107, 113
537012.5.peg.3605.site.2, 4, 112, 116
537012.5.peg.3605.site.3, 14, 104, 118
537012.5.peg.3605.site.4, 4, 102, 106
537012.5.peg.3605.site.5, 5, 102, 107
537012.5.peg.3605.site.6, 45, 90, 135
537012.5.peg.3605.site.7, 1, 79, 80
537012.5.peg.3605.site.8, 63, 77, 140
537012.5.peg.3605.site.9, 3, 78, 81
537012.5.peg.3605.site.10, 1, 78, 79
537012.5.peg.3605.site.11, 15, 77, 92
537012.5.peg.3605.site.12, 5, 79, 84
537012.5.peg.3605.site.13, 2, 103, 105
537012.5.peg.3605.site.14, 18, 113, 131
537012.5.peg.3605.site.15, 1, 114, 115
537012.5.peg.3605.site.16, 2, 110, 112
537012.5.peg.3605.site.17, 1, 115, 116
537012.5.peg.3605.site.18, 0, 115, 115
537012.5.peg.3605.site.19, 1, 115, 116
537012.5.peg.3605.site.20, 1, 115, 116
537012.5.peg.3605.site.21, 8, 110, 118
537012.5.peg.3605.site.22, 6, 95, 101
537012.5.peg.3605.site.23, 52, 93, 145
537012.5.peg.3605.site.24, 0, 95, 95
537012.5.peg.3605.site.25, 2, 91, 93
537012.5.peg.3605.site.26, 1, 83, 84
537012.5.peg.3605.site.27, 2, 80, 82
537012.5.peg.3605.site.28, 3, 81, 84
537012.5.peg.3605.site.29, 6, 79, 85
537012.5.peg.3605.site.30, 2, 83, 85
537012.5.peg.3605.site.31, 2, 99, 101
537012.5.peg.3605.site.32, 3, 105, 108
537012.5.peg.3605.site.33, 1, 103, 104
537012.5.peg.3605.site.34, 3, 91, 94
537012.5.peg.3605.site.35, 1, 92, 93
537012.5.peg.3605.site.36, 5, 78, 83
537012.5.peg.3605.site.37, 58, 76, 134
537012.5.peg.3605.site.38, 5, 85, 90
537012.5.peg.3605.site.39, 8, 90, 98
537012.5.peg.3605.site.40, 14, 94, 108
537012.5.peg.3605.site.41, 3, 93, 96
537012.5.peg.3605.site.42, 8, 87, 95
537012.5.peg.3605.site.43, 2, 79, 81
537012.5.peg.3605.site.44, 2, 83, 85
537012.5.peg.3605.site.45, 2, 83, 85
537012.5.peg.3605.site.46, 2, 85, 87
537012.5.peg.3605.site.47, 2, 88, 90
537012.5.peg.3605.site.48, 0, 94, 94
537012.5.peg.3605.site.49, 0, 97, 97
537012.5.peg.3605.site.50, 1, 100, 101
537012.5.peg.3605.site.51, 1, 100, 101
537012.5.peg.3605.site.52, 1, 98, 99
537012.5.peg.3605.site.53, 30, 100, 130
537012.5.peg.3605.site.54, 5, 101, 106
537012.5.peg.3605.site.55, 2, 98, 100
537012.5.peg.3605.site.56, 5, 88, 93
537012.5.peg.3605.site.57, 1, 88, 89
537012.5.peg.3605.site.58, 2, 100, 102
537012.5.peg.3605.site.59, 3, 100, 103
537012.5.peg.3605.site.60, 6, 104, 110
537012.5.peg.3605.site.61, 4, 105, 109
537012.5.peg.3605.site.62, 1, 105, 106
537012.5.peg.3605.site.63, 2, 102, 104
537012.5.peg.3605.site.64, 4, 103, 107
537012.5.peg.3605.site.65, 0, 115, 115
537012.5.peg.3605.site.66, 8, 117, 125
537012.5.peg.3605.site.67, 3, 121, 124
537012.5.peg.3605.site.68, 1, 120, 121
537012.5.peg.3605.site.69, 0, 121, 121
537012.5.peg.3605.site.70, 2, 121, 123
537012.5.peg.3605.site.71, 3, 107, 110
537012.5.peg.3605.site.72, 3, 94, 97
537012.5.peg.4921.site.1, 17, 134, 151
537012.5.peg.4921.site.2, 4, 134, 138
537012.5.peg.4921.site.3, 132, 134, 266
537012.5.peg.4921.site.4, 122, 133, 255
537012.5.peg.4921.site.5, 1, 134, 135
537012.5.peg.4921.site.6, 7, 133, 140
537012.5.peg.4921.site.7, 62, 131, 193
537012.5.peg.4921.site.8, 3, 132, 135
537012.5.peg.4921.site.9, 1, 131, 132
537012.5.peg.4921.site.10, 7, 131, 138
537012.5.peg.4921.site.11, 1, 129, 130
537012.5.peg.4921.site.12, 1, 130, 131
537012.5.peg.4921.site.13, 1, 129, 130
537012.5.peg.4921.site.14, 0, 130, 130
537012.5.peg.4921.site.15, 3, 131, 134
537012.5.peg.4921.site.16, 7, 130, 137
537012.5.peg.4921.site.17, 9, 130, 139
537012.5.peg.4921.site.18, 1, 133, 134
537012.5.peg.4921.site.19, 2, 132, 134
537012.5.peg.4921.site.20, 3, 131, 134
537012.5.peg.4921.site.21, 20, 129, 149
537012.5.peg.4921.site.22, 1, 131, 132
537012.5.peg.4921.site.23, 34, 129, 163
537012.5.peg.4921.site.24, 0, 129, 129
537012.5.peg.4921.site.25, 17, 129, 146
537012.5.peg.4921.site.26, 3, 129, 132
537012.5.peg.4921.site.27, 7, 130, 137
537012.5.peg.4921.site.28, 1, 131, 132
537012.5.peg.4921.site.29, 1, 130, 131
537012.5.peg.4921.site.30, 4, 132, 136
537012.5.peg.4921.site.31, 4, 132, 136
537012.5.peg.4921.site.32, 11, 132, 143
537012.5.peg.4921.site.33, 0, 129, 129
537012.5.peg.4921.site.34, 0, 129, 129
537012.5.peg.4921.site.35, 1, 130, 131
537012.5.peg.4921.site.36, 7, 133, 140
537012.5.peg.4921.site.37, 3, 134, 137
537012.5.peg.4921.site.38, 2, 134, 136
537012.5.peg.4921.site.39, 6, 134, 140
537012.5.peg.4921.site.40, 4, 133, 137
537012.5.peg.4921.site.41, 2, 129, 131
537012.5.peg.4921.site.42, 1, 130, 131
537012.5.peg.4921.site.43, 1, 130, 131
537012.5.peg.4921.site.44, 0, 130, 130
537012.5.peg.4921.site.45, 9, 132, 141
537012.5.peg.4921.site.46, 12, 134, 146
537012.5.peg.4921.site.47, 3, 133, 136
537012.5.peg.4921.site.48, 18, 133, 151
537012.5.peg.4921.site.49, 4, 131, 135
537012.5.peg.4921.site.50, 1, 129, 130
537012.5.peg.4921.site.51, 7, 130, 137
537012.5.peg.4921.site.52, 1, 129, 130
537012.5.peg.4921.site.53, 16, 128, 144
537012.5.peg.4921.site.54, 4, 129, 133
537012.5.peg.4921.site.55, 1, 130, 131
537012.5.peg.4921.site.56, 0, 132, 132
537012.5.peg.4921.site.57, 2, 132, 134
537012.5.peg.4921.site.58, 2, 132, 134
537012.5.peg.4921.site.59, 0, 132, 132
537012.5.peg.4921.site.60, 16, 128, 144
537012.5.peg.4921.site.61, 14, 129, 143
537012.5.peg.4921.site.62, 5, 129, 134
537012.5.peg.4921.site.63, 24, 129, 153
537012.5.peg.4921.site.64, 4, 129, 133
537012.5.peg.4921.site.65, 1, 129, 130
537012.5.peg.4921.site.66, 1, 129, 130
537012.5.peg.4921.site.67, 6, 129, 135
537012.5.peg.4921.site.68, 1, 129, 130
537012.5.peg.4921.site.69, 43, 128, 171
537012.5.peg.4921.site.70, 9, 129, 138
537012.5.peg.4921.site.71, 16, 128, 144
537012.5.peg.4921.site.72, 0, 129, 129
537012.5.peg.4921.site.73, 3, 133, 136
537012.5.peg.4921.site.74, 1, 133, 134
537012.5.peg.4921.site.75, 129, 132, 261
537012.5.peg.4921.site.76, 10, 133, 143
537012.5.peg.4921.site.77, 2, 131, 133
537012.5.peg.4921.site.78, 18, 128, 146
537012.5.peg.4921.site.79, 6, 131, 137
537012.5.peg.4921.site.80, 7, 128, 135
537012.5.peg.4921.site.81, 2, 130, 132
537012.5.peg.4921.site.82, 3, 130, 133
537012.5.peg.4921.site.83, 5, 132, 137
537012.5.peg.4921.site.84, 8, 132, 140
537012.5.peg.4921.site.85, 0, 133, 133
537012.5.peg.4921.site.86, 2, 134, 136
537012.5.peg.4921.site.87, 0, 134, 134
537012.5.peg.4921.site.88, 7, 134, 141
537012.5.peg.4921.site.89, 62, 132, 194
537012.5.peg.4920.site.1, 4, 132, 136
537012.5.peg.4920.site.2, 6, 133, 139
537012.5.peg.4920.site.3, 1, 134, 135
537012.5.peg.4920.site.4, 6, 132, 138
537012.5.peg.4920.site.5, 1, 134, 135
537012.5.peg.4920.site.6, 1, 134, 135
537012.5.peg.4920.site.7, 4, 132, 136
537012.5.peg.4920.site.8, 3, 133, 136
537012.5.peg.4920.site.9, 3, 131, 134
537012.5.peg.4920.site.10, 1, 131, 132
537012.5.peg.4920.site.11, 1, 132, 133
537012.5.peg.4920.site.12, 2, 130, 132
537012.5.peg.4920.site.13, 5, 127, 132
537012.5.peg.4920.site.14, 3, 131, 134
537012.5.peg.4920.site.15, 1, 134, 135
537012.5.peg.4920.site.16, 4, 132, 136
537012.5.peg.4920.site.17, 0, 132, 132
537012.5.peg.430.site.1, 18, 124, 142
537012.5.peg.430.site.2, 0, 126, 126
537012.5.peg.430.site.3, 15, 127, 142
537012.5.peg.430.site.4, 4, 124, 128
537012.5.peg.430.site.5, 0, 126, 126
537012.5.peg.430.site.6, 0, 126, 126
537012.5.peg.430.site.7, 0, 125, 125
537012.5.peg.430.site.8, 49, 126, 175
537012.5.peg.430.site.9, 36, 126, 162
537012.5.peg.430.site.10, 6, 126, 132
537012.5.peg.430.site.11, 42, 127, 169
537012.5.peg.430.site.12, 3, 129, 132
537012.5.peg.430.site.13, 4, 128, 132
537012.5.peg.430.site.14, 0, 126, 126
537012.5.peg.430.site.15, 82, 125, 207
537012.5.peg.430.site.16, 5, 127, 132
537012.5.peg.430.site.17, 0, 127, 127
537012.5.peg.430.site.18, 0, 127, 127
537012.5.peg.430.site.19, 0, 126, 126
537012.5.peg.430.site.20, 0, 126, 126
537012.5.peg.430.site.21, 23, 126, 149
537012.5.peg.430.site.22, 3, 125, 128
537012.5.peg.430.site.23, 0, 126, 126
537012.5.peg.430.site.24, 1, 128, 129
537012.5.peg.430.site.25, 6, 126, 132
537012.5.peg.430.site.26, 0, 127, 127
537012.5.peg.430.site.27, 0, 126, 126
537012.5.peg.430.site.28, 80, 125, 205
537012.5.peg.430.site.29, 2, 128, 130
537012.5.peg.430.site.30, 3, 128, 131
537012.5.peg.430.site.31, 6, 127, 133
537012.5.peg.430.site.32, 3, 128, 131
537012.5.peg.430.site.33, 70, 127, 197
537012.5.peg.430.site.34, 6, 126, 132
537012.5.peg.430.site.35, 0, 127, 127
537012.5.peg.430.site.36, 0, 127, 127
537012.5.peg.430.site.37, 0, 127, 127
537012.5.peg.430.site.38, 0, 128, 128
537012.5.peg.430.site.39, 1, 129, 130
537012.5.peg.430.site.40, 4, 132, 136
537012.5.peg.3540.site.1, 1, 133, 134
537012.5.peg.3540.site.2, 3, 133, 136
537012.5.peg.3540.site.3, 1, 134, 135
537012.5.peg.3540.site.4, 2, 134, 136
537012.5.peg.3540.site.5, 53, 132, 185
537012.5.peg.3540.site.6, 3, 133, 136
537012.5.peg.3540.site.7, 49, 128, 177
537012.5.peg.3540.site.8, 4, 132, 136
537012.5.peg.3540.site.9, 1, 133, 134
537012.5.peg.3540.site.10, 12, 132, 144
537012.5.peg.3540.site.11, 1, 134, 135
537012.5.peg.3540.site.12, 6, 134, 140
537012.5.peg.3540.site.13, 45, 132, 177
537012.5.peg.3540.site.14, 3, 134, 137
537012.5.peg.3540.site.15, 3, 134, 137
537012.5.peg.3540.site.16, 11, 132, 143
537012.5.peg.1533.site.1, 4, 132, 136
537012.5.peg.1533.site.2, 1, 134, 135
537012.5.peg.1533.site.3, 112, 133, 245
537012.5.peg.1533.site.4, 0, 134, 134
537012.5.peg.1533.site.5, 47, 133, 180
537012.5.peg.1533.site.6, 0, 134, 134
537012.5.peg.1533.site.7, 77, 131, 208
537012.5.peg.1533.site.8, 5, 134, 139
537012.5.peg.1533.site.9, 77, 132, 209
537012.5.peg.1533.site.10, 7, 134, 141
537012.5.peg.1533.site.11, 18, 134, 152
537012.5.peg.1533.site.12, 7, 134, 141
537012.5.peg.1533.site.13, 18, 134, 152
537012.5.peg.1533.site.14, 3, 134, 137
537012.5.peg.1533.site.15, 3, 134, 137
537012.5.peg.1533.site.16, 5, 134, 139
537012.5.peg.1533.site.17, 1, 134, 135
537012.5.peg.1533.site.18, 35, 134, 169
537012.5.peg.1533.site.19, 1, 134, 135
537012.5.peg.1533.site.20, 7, 134, 141
537012.5.peg.1533.site.21, 14, 134, 148
537012.5.peg.1533.site.22, 10, 132, 142
537012.5.peg.1533.site.23, 1, 134, 135
537012.5.peg.1533.site.24, 14, 133, 147
537012.5.peg.1533.site.25, 3, 134, 137
537012.5.peg.1533.site.26, 4, 134, 138
537012.5.peg.1533.site.27, 2, 134, 136
537012.5.peg.1533.site.28, 7, 134, 141
537012.5.peg.1533.site.29, 11, 131, 142
537012.5.peg.1533.site.30, 11, 132, 143
537012.5.peg.1533.site.31, 9, 134, 143
537012.5.peg.1533.site.32, 3, 134, 137
537012.5.peg.1533.site.33, 1, 132, 133
537012.5.peg.1533.site.34, 70, 132, 202
537012.5.peg.1533.site.35, 15, 134, 149
537012.5.peg.1533.site.36, 4, 132, 136
537012.5.peg.1533.site.37, 5, 132, 137
537012.5.peg.1533.site.38, 132, 134, 266
537012.5.peg.1533.site.39, 8, 134, 142
537012.5.peg.1533.site.40, 4, 134, 138
537012.5.peg.1533.site.41, 3, 134, 137
537012.5.peg.1533.site.42, 2, 134, 136
537012.5.peg.1533.site.43, 30, 133, 163
537012.5.peg.1533.site.44, 1, 134, 135
537012.5.peg.1533.site.45, 5, 134, 139
537012.5.peg.1533.site.46, 2, 134, 136
537012.5.peg.1533.site.47, 3, 134, 137
537012.5.peg.1533.site.48, 1, 133, 134
537012.5.peg.1533.site.49, 2, 133, 135
537012.5.peg.1533.site.50, 6, 133, 139
537012.5.peg.1533.site.51, 6, 133, 139
537012.5.peg.1533.site.52, 11, 133, 144
537012.5.peg.1533.site.53, 7, 134, 141
537012.5.peg.1533.site.54, 133, 134, 267
537012.5.peg.1533.site.55, 4, 134, 138
537012.5.peg.1533.site.56, 4, 134, 138
537012.5.peg.1533.site.57, 8, 132, 140
537012.5.peg.1533.site.58, 2, 134, 136
537012.5.peg.1533.site.59, 30, 134, 164
537012.5.peg.1533.site.60, 5, 134, 139
537012.5.peg.1533.site.61, 35, 131, 166
537012.5.peg.1533.site.62, 2, 134, 136
537012.5.peg.1533.site.63, 65, 134, 199
537012.5.peg.1533.site.64, 1, 134, 135
537012.5.peg.1533.site.65, 4, 134, 138
537012.5.peg.1533.site.66, 4, 132, 136
537012.5.peg.1533.site.67, 4, 132, 136
537012.5.peg.1533.site.68, 4, 132, 136
537012.5.peg.1533.site.69, 1, 134, 135
537012.5.peg.1533.site.70, 4, 132, 136
537012.5.peg.1533.site.71, 4, 132, 136
537012.5.peg.1533.site.72, 0, 133, 133
537012.5.peg.1533.site.73, 35, 133, 168
537012.5.peg.1533.site.74, 16, 132, 148
537012.5.peg.1533.site.75, 4, 132, 136
537012.5.peg.1533.site.76, 8, 133, 141
537012.5.peg.1533.site.77, 34, 131, 165
537012.5.peg.1532.site.1, 1, 131, 132
537012.5.peg.1532.site.2, 93, 134, 227
537012.5.peg.1532.site.3, 15, 132, 147
537012.5.peg.1532.site.4, 1, 134, 135
537012.5.peg.1532.site.5, 1, 134, 135
537012.5.peg.1532.site.6, 1, 134, 135
537012.5.peg.1532.site.7, 4, 132, 136
537012.5.peg.1532.site.8, 1, 134, 135
537012.5.peg.1532.site.9, 5, 133, 138
537012.5.peg.1532.site.10, 2, 129, 131
537012.5.peg.1532.site.11, 0, 133, 133
537012.5.peg.1532.site.12, 39, 133, 172
537012.5.peg.1532.site.13, 3, 132, 135
537012.5.peg.1532.site.14, 0, 134, 134
537012.5.peg.1532.site.15, 4, 132, 136
537012.5.peg.1532.site.16, 10, 134, 144
537012.5.peg.1532.site.17, 1, 134, 135
537012.5.peg.1532.site.18, 9, 134, 143
537012.5.peg.1532.site.19, 3, 133, 136
537012.5.peg.1532.site.20, 3, 132, 135
537012.5.peg.1532.site.21, 11, 131, 142
537012.5.peg.1532.site.22, 6, 134, 140
537012.5.peg.1532.site.23, 1, 134, 135
537012.5.peg.1532.site.24, 6, 133, 139
537012.5.peg.1532.site.25, 98, 132, 230
537012.5.peg.1532.site.26, 32, 131, 163
537012.5.peg.1532.site.27, 1, 134, 135
537012.5.peg.1532.site.28, 0, 134, 134
537012.5.peg.1532.site.29, 5, 133, 138
537012.5.peg.838.site.1, 51, 109, 160
537012.5.peg.838.site.2, 1, 117, 118
537012.5.peg.838.site.3, 42, 111, 153
537012.5.peg.838.site.4, 0, 117, 117
537012.5.peg.838.site.5, 0, 120, 120
537012.5.peg.838.site.6, 62, 130, 192
537012.5.peg.838.site.7, 63, 129, 192
537012.5.peg.838.site.8, 3, 131, 134
537012.5.peg.838.site.9, 2, 129, 131
537012.5.peg.838.site.10, 0, 133, 133
537012.5.peg.838.site.11, 6, 134, 140
537012.5.peg.838.site.12, 6, 134, 140
537012.5.peg.838.site.13, 75, 133, 208
537012.5.peg.838.site.14, 3, 134, 137
537012.5.peg.838.site.15, 100, 133, 233
537012.5.peg.838.site.16, 0, 131, 131
537012.5.peg.838.site.17, 4, 126, 130
537012.5.peg.839.site.1, 1, 129, 130
537012.5.peg.839.site.2, 1, 130, 131
537012.5.peg.839.site.3, 1, 128, 129
537012.5.peg.839.site.4, 52, 129, 181
537012.5.peg.1537.site.1, 0, 130, 130
537012.5.peg.1537.site.2, 119, 129, 248
537012.5.peg.1537.site.3, 1, 122, 123
537012.5.peg.1537.site.4, 3, 125, 128
537012.5.peg.1537.site.5, 1, 124, 125
537012.5.peg.1537.site.6, 1, 126, 127
537012.5.peg.1537.site.7, 7, 130, 137
537012.5.peg.1537.site.8, 7, 130, 137
537012.5.peg.1537.site.9, 0, 129, 129
537012.5.peg.1537.site.10, 5, 128, 133
537012.5.peg.1537.site.11, 5, 127, 132
537012.5.peg.1537.site.12, 0, 124, 124
537012.5.peg.1535.site.1, 11, 131, 142
537012.5.peg.1535.site.2, 2, 134, 136
537012.5.peg.1535.site.3, 5, 133, 138
537012.5.peg.1535.site.4, 0, 134, 134
537012.5.peg.1535.site.5, 25, 131, 156
537012.5.peg.1535.site.6, 11, 133, 144
537012.5.peg.1535.site.7, 1, 134, 135
537012.5.peg.1535.site.8, 6, 134, 140
537012.5.peg.1534.site.1, 0, 132, 132
537012.5.peg.1534.site.2, 5, 133, 138
537012.5.peg.832.site.1, 5, 127, 132
537012.5.peg.832.site.2, 0, 133, 133
537012.5.peg.832.site.3, 0, 133, 133
537012.5.peg.832.site.4, 1, 133, 134
537012.5.peg.832.site.5, 6, 130, 136
537012.5.peg.832.site.6, 5, 132, 137
537012.5.peg.832.site.7, 1, 134, 135
537012.5.peg.832.site.8, 0, 134, 134
537012.5.peg.832.site.9, 1, 134, 135
537012.5.peg.832.site.10, 1, 134, 135
537012.5.peg.832.site.11, 5, 132, 137
537012.5.peg.832.site.12, 5, 132, 137
537012.5.peg.832.site.13, 3, 134, 137
537012.5.peg.832.site.14, 0, 131, 131
537012.5.peg.832.site.15, 11, 131, 142
537012.5.peg.832.site.16, 5, 131, 136
537012.5.peg.832.site.17, 123, 129, 252
537012.5.peg.832.site.18, 3, 134, 137
537012.5.peg.832.site.19, 0, 134, 134
537012.5.peg.832.site.20, 5, 133, 138
537012.5.peg.832.site.21, 5, 133, 138
537012.5.peg.833.site.1, 4, 132, 136
537012.5.peg.833.site.2, 0, 134, 134
537012.5.peg.833.site.3, 11, 132, 143
537012.5.peg.833.site.4, 1, 131, 132
537012.5.peg.833.site.5, 2, 132, 134
537012.5.peg.833.site.6, 0, 130, 130
537012.5.peg.833.site.7, 6, 130, 136
537012.5.peg.833.site.8, 2, 130, 132
537012.5.peg.833.site.9, 1, 131, 132
537012.5.peg.833.site.10, 1, 131, 132
537012.5.peg.833.site.11, 1, 130, 131
537012.5.peg.833.site.12, 0, 130, 130
537012.5.peg.833.site.13, 4, 133, 137
537012.5.peg.833.site.14, 3, 131, 134
537012.5.peg.833.site.15, 3, 131, 134
537012.5.peg.833.site.16, 1, 134, 135
537012.5.peg.833.site.17, 3, 132, 135
537012.5.peg.833.site.18, 15, 131, 146
537012.5.peg.833.site.19, 1, 134, 135
537012.5.peg.833.site.20, 1, 134, 135
537012.5.peg.833.site.21, 1, 129, 130
537012.5.peg.833.site.22, 2, 131, 133
537012.5.peg.833.site.23, 3, 133, 136
537012.5.peg.833.site.24, 3, 133, 136
537012.5.peg.833.site.25, 1, 134, 135
537012.5.peg.833.site.26, 3, 131, 134
537012.5.peg.833.site.27, 11, 133, 144
537012.5.peg.833.site.28, 10, 129, 139
537012.5.peg.833.site.29, 0, 129, 129
537012.5.peg.1539.site.1, 1, 125, 126
537012.5.peg.1539.site.2, 2, 125, 127
537012.5.peg.1539.site.3, 2, 125, 127
537012.5.peg.1539.site.4, 0, 121, 121
537012.5.peg.1539.site.5, 75, 121, 196
537012.5.peg.1539.site.6, 63, 122, 185
537012.5.peg.1539.site.7, 2, 123, 125
537012.5.peg.1539.site.8, 30, 123, 153
537012.5.peg.1539.site.9, 4, 123, 127
537012.5.peg.1539.site.10, 2, 123, 125
537012.5.peg.1539.site.11, 93, 122, 215
537012.5.peg.1539.site.12, 1, 122, 123
537012.5.peg.1539.site.13, 33, 122, 155
537012.5.peg.1539.site.14, 1, 123, 124
537012.5.peg.1539.site.15, 116, 124, 240
537012.5.peg.1539.site.16, 4, 125, 129
537012.5.peg.1538.site.1, 118, 123, 241
537012.5.peg.1538.site.2, 1, 109, 110
537012.5.peg.1538.site.3, 11, 109, 120
537012.5.peg.1538.site.4, 56, 108, 164
537012.5.peg.1538.site.5, 0, 109, 109
537012.5.peg.1538.site.6, 28, 109, 137
537012.5.peg.982.site.1, 1, 126, 127
537012.5.peg.982.site.2, 0, 126, 126
537012.5.peg.982.site.3, 1, 128, 129
537012.5.peg.982.site.4, 72, 125, 197
537012.5.peg.982.site.5, 37, 128, 165
537012.5.peg.982.site.6, 2, 129, 131
537012.5.peg.982.site.7, 15, 129, 144
537012.5.peg.982.site.8, 17, 128, 145
537012.5.peg.982.site.9, 5, 127, 132
537012.5.peg.982.site.10, 0, 129, 129
537012.5.peg.982.site.11, 1, 128, 129
537012.5.peg.982.site.12, 9, 128, 137
537012.5.peg.982.site.13, 122, 128, 250
537012.5.peg.982.site.14, 1, 128, 129
537012.5.peg.982.site.15, 1, 128, 129
537012.5.peg.982.site.16, 5, 127, 132
537012.5.peg.982.site.17, 6, 128, 134
537012.5.peg.982.site.18, 8, 128, 136
537012.5.peg.982.site.19, 5, 128, 133
537012.5.peg.982.site.20, 2, 128, 130
537012.5.peg.982.site.21, 5, 127, 132
537012.5.peg.982.site.22, 7, 127, 134
537012.5.peg.982.site.23, 50, 125, 175
537012.5.peg.982.site.24, 3, 128, 131
537012.5.peg.982.site.25, 20, 125, 145
537012.5.peg.982.site.26, 0, 128, 128
537012.5.peg.982.site.27, 0, 128, 128
537012.5.peg.982.site.28, 1, 129, 130
537012.5.peg.982.site.29, 2, 128, 130
537012.5.peg.982.site.30, 2, 128, 130
537012.5.peg.982.site.31, 1, 128, 129
537012.5.peg.982.site.32, 8, 128, 136
537012.5.peg.982.site.33, 0, 128, 128
537012.5.peg.982.site.34, 9, 128, 137
537012.5.peg.982.site.35, 1, 128, 129
537012.5.peg.982.site.36, 19, 127, 146
537012.5.peg.982.site.37, 21, 129, 150
537012.5.peg.982.site.38, 2, 129, 131
537012.5.peg.982.site.39, 8, 128, 136
537012.5.peg.982.site.40, 4, 124, 128
537012.5.peg.982.site.41, 0, 128, 128
537012.5.peg.982.site.42, 4, 126, 130
537012.5.peg.982.site.43, 2, 128, 130
537012.5.peg.982.site.44, 1, 127, 128
537012.5.peg.982.site.45, 2, 128, 130
537012.5.peg.982.site.46, 7, 127, 134
537012.5.peg.982.site.47, 4, 127, 131
537012.5.peg.982.site.48, 3, 129, 132
537012.5.peg.982.site.49, 2, 129, 131
537012.5.peg.982.site.50, 2, 129, 131
537012.5.peg.982.site.51, 3, 128, 131
537012.5.peg.982.site.52, 2, 129, 131
537012.5.peg.982.site.53, 14, 129, 143
537012.5.peg.982.site.54, 10, 128, 138
537012.5.peg.982.site.55, 1, 128, 129
537012.5.peg.982.site.56, 1, 128, 129
537012.5.peg.982.site.57, 1, 128, 129
537012.5.peg.982.site.58, 2, 126, 128
537012.5.peg.982.site.59, 2, 129, 131
537012.5.peg.835.site.1, 4, 130, 134
537012.5.peg.835.site.2, 7, 130, 137
537012.5.peg.835.site.3, 32, 129, 161
537012.5.peg.835.site.4, 1, 131, 132
537012.5.peg.835.site.5, 2, 131, 133
537012.5.peg.835.site.6, 51, 130, 181
537012.5.peg.835.site.7, 6, 129, 135
537012.5.peg.835.site.8, 7, 130, 137
537012.5.peg.835.site.9, 0, 130, 130
537012.5.peg.835.site.10, 1, 130, 131
537012.5.peg.835.site.11, 0, 131, 131
537012.5.peg.835.site.12, 0, 129, 129
537012.5.peg.835.site.13, 98, 131, 229
537012.5.peg.835.site.14, 1, 134, 135
537012.5.peg.835.site.15, 4, 132, 136
537012.5.peg.835.site.16, 4, 132, 136
537012.5.peg.835.site.17, 4, 131, 135
537012.5.peg.1248.site.1, 38, 121, 159
537012.5.peg.1248.site.2, 62, 130, 192
537012.5.peg.1248.site.3, 2, 132, 134
537012.5.peg.1248.site.4, 8, 129, 137
537012.5.peg.1248.site.5, 4, 133, 137
537012.5.peg.1248.site.6, 1, 131, 132
537012.5.peg.1248.site.7, 35, 127, 162
537012.5.peg.1248.site.8, 2, 128, 130
537012.5.peg.1248.site.9, 13, 127, 140
537012.5.peg.1248.site.10, 3, 128, 131
537012.5.peg.1248.site.11, 21, 123, 144
537012.5.peg.1248.site.12, 0, 125, 125
537012.5.peg.1248.site.13, 3, 127, 130
537012.5.peg.1248.site.14, 18, 127, 145
537012.5.peg.1248.site.15, 123, 126, 249
537012.5.peg.1248.site.16, 2, 125, 127
537012.5.peg.1248.site.17, 6, 124, 130
537012.5.peg.1248.site.18, 93, 124, 217
537012.5.peg.1248.site.19, 35, 125, 160
537012.5.peg.1248.site.20, 65, 126, 191
537012.5.peg.1248.site.21, 2, 126, 128
537012.5.peg.1248.site.22, 2, 127, 129
537012.5.peg.1248.site.23, 2, 128, 130
537012.5.peg.1248.site.24, 2, 128, 130
537012.5.peg.1248.site.25, 55, 127, 182
537012.5.peg.1248.site.26, 70, 125, 195
537012.5.peg.1248.site.27, 71, 126, 197
537012.5.peg.1248.site.28, 66, 127, 193
537012.5.peg.1248.site.29, 1, 127, 128
537012.5.peg.1248.site.30, 11, 128, 139
537012.5.peg.1248.site.31, 1, 128, 129
537012.5.peg.1248.site.32, 2, 128, 130
537012.5.peg.1248.site.33, 0, 128, 128
537012.5.peg.1248.site.34, 1, 128, 129
537012.5.peg.1248.site.35, 0, 128, 128
537012.5.peg.1248.site.36, 0, 128, 128
537012.5.peg.1248.site.37, 14, 128, 142
537012.5.peg.1248.site.38, 24, 65, 89
537012.5.peg.1248.site.39, 23, 62, 85
537012.5.peg.1248.site.40, 28, 99, 127
537012.5.peg.1248.site.41, 28, 106, 134
537012.5.peg.1248.site.42, 51, 125, 176
537012.5.peg.1248.site.43, 51, 123, 174
537012.5.peg.1248.site.44, 0, 127, 127
537012.5.peg.1248.site.45, 45, 125, 170
537012.5.peg.1248.site.46, 4, 126, 130
537012.5.peg.1248.site.47, 11, 128, 139
537012.5.peg.1248.site.48, 0, 127, 127
537012.5.peg.1248.site.49, 0, 127, 127
537012.5.peg.1248.site.50, 21, 127, 148
537012.5.peg.1248.site.51, 21, 126, 147
537012.5.peg.1248.site.52, 17, 125, 142
537012.5.peg.1248.site.53, 20, 127, 147
537012.5.peg.1248.site.54, 7, 127, 134
537012.5.peg.1248.site.55, 1, 128, 129
537012.5.peg.1248.site.56, 111, 125, 236
537012.5.peg.1248.site.57, 28, 128, 156
537012.5.peg.1248.site.58, 2, 128, 130
537012.5.peg.1248.site.59, 0, 128, 128
537012.5.peg.1248.site.60, 12, 125, 137
537012.5.peg.1248.site.61, 0, 127, 127
537012.5.peg.1248.site.62, 1, 128, 129
537012.5.peg.1248.site.63, 1, 128, 129
537012.5.peg.1248.site.64, 2, 126, 128
537012.5.peg.1248.site.65, 0, 127, 127
537012.5.peg.1248.site.66, 0, 127, 127
537012.5.peg.1248.site.67, 1, 127, 128
537012.5.peg.1248.site.68, 14, 127, 141
537012.5.peg.1248.site.69, 1, 128, 129
537012.5.peg.1248.site.70, 20, 127, 147
537012.5.peg.1248.site.71, 0, 126, 126
537012.5.peg.1248.site.72, 36, 128, 164
537012.5.peg.1248.site.73, 3, 128, 131
537012.5.peg.1248.site.74, 1, 127, 128
537012.5.peg.1248.site.75, 4, 128, 132
537012.5.peg.1248.site.76, 38, 127, 165
537012.5.peg.1248.site.77, 1, 128, 129
537012.5.peg.1248.site.78, 2, 128, 130
537012.5.peg.1248.site.79, 5, 126, 131
537012.5.peg.1248.site.80, 17, 127, 144
537012.5.peg.1248.site.81, 0, 128, 128
537012.5.peg.1248.site.82, 17, 128, 145
537012.5.peg.1248.site.83, 3, 126, 129
537012.5.peg.1248.site.84, 0, 127, 127
537012.5.peg.1248.site.85, 0, 127, 127
537012.5.peg.1248.site.86, 15, 128, 143
537012.5.peg.1248.site.87, 5, 125, 130
537012.5.peg.1248.site.88, 0, 123, 123
537012.5.peg.1248.site.89, 5, 122, 127
537012.5.peg.1248.site.90, 1, 124, 125
537012.5.peg.1248.site.91, 5, 124, 129
537012.5.peg.1248.site.92, 4, 124, 128
537012.5.peg.1248.site.93, 1, 126, 127
537012.5.peg.1248.site.94, 0, 124, 124
537012.5.peg.1248.site.95, 1, 124, 125
537012.5.peg.1248.site.96, 10, 123, 133
537012.5.peg.1248.site.97, 3, 124, 127
537012.5.peg.1248.site.98, 0, 124, 124
537012.5.peg.1248.site.99, 119, 120, 239
537012.5.peg.1248.site.100, 72, 121, 193
537012.5.peg.1248.site.101, 2, 122, 124
537012.5.peg.1248.site.102, 0, 120, 120
537012.5.peg.1248.site.103, 2, 121, 123
537012.5.peg.1248.site.104, 65, 122, 187
537012.5.peg.1248.site.105, 16, 126, 142
537012.5.peg.1248.site.106, 1, 128, 129
537012.5.peg.1248.site.107, 3, 126, 129
537012.5.peg.1248.site.108, 5, 128, 133
537012.5.peg.1248.site.109, 0, 127, 127
537012.5.peg.1248.site.110, 1, 128, 129
537012.5.peg.1248.site.111, 3, 126, 129
537012.5.peg.1248.site.112, 0, 126, 126
537012.5.peg.1248.site.113, 99, 125, 224
537012.5.peg.1248.site.114, 1, 128, 129
537012.5.peg.1248.site.115, 1, 127, 128
537012.5.peg.1248.site.116, 1, 127, 128
537012.5.peg.1248.site.117, 2, 125, 127
537012.5.peg.1248.site.118, 34, 127, 161
537012.5.peg.1248.site.119, 97, 126, 223
537012.5.peg.1248.site.120, 4, 127, 131
537012.5.peg.1248.site.121, 1, 127, 128
537012.5.peg.1248.site.122, 6, 125, 131
537012.5.peg.1248.site.123, 71, 123, 194
537012.5.peg.1248.site.124, 58, 127, 185
537012.5.peg.1248.site.125, 58, 128, 186
537012.5.peg.1248.site.126, 7, 126, 133
537012.5.peg.1248.site.127, 4, 128, 132
537012.5.peg.1248.site.128, 1, 128, 129
537012.5.peg.1248.site.129, 0, 127, 127
537012.5.peg.1248.site.130, 4, 128, 132
537012.5.peg.1248.site.131, 1, 127, 128
537012.5.peg.1248.site.132, 15, 126, 141
537012.5.peg.1248.site.133, 3, 126, 129
537012.5.peg.1248.site.134, 9, 128, 137
537012.5.peg.1248.site.135, 0, 127, 127
537012.5.peg.1248.site.136, 11, 125, 136
537012.5.peg.1248.site.137, 3, 123, 126
537012.5.peg.1247.site.1, 6, 133, 139
537012.5.peg.1247.site.2, 5, 132, 137
537012.5.peg.1247.site.3, 5, 132, 137
537012.5.peg.1247.site.4, 4, 131, 135
537012.5.peg.1247.site.5, 1, 131, 132
537012.5.peg.1247.site.6, 0, 131, 131
537012.5.peg.1247.site.7, 23, 126, 149
537012.5.peg.1247.site.8, 1, 133, 134
537012.5.peg.1247.site.9, 2, 133, 135
537012.5.peg.1247.site.10, 1, 133, 134
537012.5.peg.1247.site.11, 12, 134, 146
537012.5.peg.1247.site.12, 8, 132, 140
537012.5.peg.1247.site.13, 6, 132, 138
537012.5.peg.1247.site.14, 3, 134, 137
537012.5.peg.1247.site.15, 2, 133, 135
537012.5.peg.1247.site.16, 3, 134, 137
537012.5.peg.1247.site.17, 44, 134, 178
537012.5.peg.1247.site.18, 10, 133, 143
537012.5.peg.1247.site.19, 21, 133, 154
537012.5.peg.1247.site.20, 4, 133, 137
537012.5.peg.1247.site.21, 1, 134, 135
537012.5.peg.1247.site.22, 11, 131, 142
537012.5.peg.1247.site.23, 1, 134, 135
537012.5.peg.1247.site.24, 80, 133, 213
537012.5.peg.1247.site.25, 1, 133, 134
537012.5.peg.1247.site.26, 3, 133, 136
537012.5.peg.1247.site.27, 6, 131, 137
537012.5.peg.1247.site.28, 4, 132, 136
537012.5.peg.1247.site.29, 8, 133, 141
537012.5.peg.1247.site.30, 1, 134, 135
537012.5.peg.1247.site.31, 12, 132, 144
537012.5.peg.1247.site.32, 29, 133, 162
537012.5.peg.1247.site.33, 3, 123, 126
537012.5.peg.1246.site.1, 77, 131, 208
537012.5.peg.1246.site.2, 52, 132, 184
537012.5.peg.1246.site.3, 14, 132, 146
537012.5.peg.1246.site.4, 9, 133, 142
537012.5.peg.1246.site.5, 2, 130, 132
537012.5.peg.1246.site.6, 2, 129, 131
537012.5.peg.1246.site.7, 4, 129, 133
537012.5.peg.1246.site.8, 3, 132, 135
537012.5.peg.1246.site.9, 9, 134, 143
537012.5.peg.1246.site.10, 2, 133, 135
537012.5.peg.1246.site.11, 0, 134, 134
537012.5.peg.1246.site.12, 3, 133, 136
537012.5.peg.1241.site.1, 3, 133, 136
537012.5.peg.1241.site.2, 8, 133, 141
537012.5.peg.1241.site.3, 5, 133, 138
537012.5.peg.1241.site.4, 2, 133, 135
537012.5.peg.1241.site.5, 36, 134, 170
537012.5.peg.1241.site.6, 4, 134, 138
537012.5.peg.1241.site.7, 3, 134, 137
537012.5.peg.1241.site.8, 89, 132, 221
537012.5.peg.1241.site.9, 4, 132, 136
537012.5.peg.1241.site.10, 3, 134, 137
537012.5.peg.1241.site.11, 1, 134, 135
537012.5.peg.1241.site.12, 16, 134, 150
537012.5.peg.1241.site.13, 8, 133, 141
537012.5.peg.1241.site.14, 32, 134, 166
537012.5.peg.1241.site.15, 30, 132, 162
537012.5.peg.1241.site.16, 91, 111, 202
537012.5.peg.1241.site.17, 1, 121, 122
537012.5.peg.1241.site.18, 5, 123, 128
537012.5.peg.1241.site.19, 1, 130, 131
537012.5.peg.1241.site.20, 1, 128, 129
537012.5.peg.1241.site.21, 0, 134, 134
537012.5.peg.1241.site.22, 0, 133, 133
537012.5.peg.1241.site.23, 0, 133, 133
537012.5.peg.1241.site.24, 46, 132, 178
537012.5.peg.1241.site.25, 3, 130, 133
537012.5.peg.1241.site.26, 3, 132, 135
537012.5.peg.1241.site.27, 3, 130, 133
537012.5.peg.1241.site.28, 3, 131, 134
537012.5.peg.1241.site.29, 1, 130, 131
537012.5.peg.1241.site.30, 0, 129, 129
537012.5.peg.1241.site.31, 9, 129, 138
537012.5.peg.1241.site.32, 61, 130, 191
537012.5.peg.1241.site.33, 1, 130, 131
537012.5.peg.1241.site.34, 1, 130, 131
537012.5.peg.1241.site.35, 6, 132, 138
537012.5.peg.1241.site.36, 1, 132, 133
537012.5.peg.1241.site.37, 0, 129, 129
537012.5.peg.1241.site.38, 24, 129, 153
537012.5.peg.1241.site.39, 3, 128, 131
537012.5.peg.1241.site.40, 3, 128, 131
537012.5.peg.1241.site.41, 45, 119, 164
537012.5.peg.1241.site.42, 5, 116, 121
537012.5.peg.1241.site.43, 1, 113, 114
537012.5.peg.1241.site.44, 14, 106, 120
537012.5.peg.1241.site.45, 0, 105, 105
537012.5.peg.1241.site.46, 0, 105, 105
537012.5.peg.1241.site.47, 15, 106, 121
537012.5.peg.1241.site.48, 6, 115, 121
537012.5.peg.1241.site.49, 3, 108, 111
537012.5.peg.1241.site.50, 5, 106, 111
537012.5.peg.1241.site.51, 12, 115, 127
537012.5.peg.1241.site.52, 9, 114, 123
537012.5.peg.1241.site.53, 3, 117, 120
537012.5.peg.1241.site.54, 2, 131, 133
537012.5.peg.1242.site.1, 17, 131, 148
537012.5.peg.1242.site.2, 22, 132, 154
537012.5.peg.1242.site.3, 3, 131, 134
537012.5.peg.1242.site.4, 1, 128, 129
537012.5.peg.1242.site.5, 6, 127, 133
537012.5.peg.1242.site.6, 9, 128, 137
537012.5.peg.1242.site.7, 7, 131, 138
537012.5.peg.1242.site.8, 3, 131, 134
537012.5.peg.1242.site.9, 2, 131, 133
537012.5.peg.1242.site.10, 67, 130, 197
537012.5.peg.1242.site.11, 72, 129, 201
537012.5.peg.1242.site.12, 50, 131, 181
537012.5.peg.1242.site.13, 52, 130, 182
537012.5.peg.1242.site.14, 47, 134, 181
537012.5.peg.1242.site.15, 2, 134, 136
537012.5.peg.1242.site.16, 6, 134, 140
537012.5.peg.1242.site.17, 2, 132, 134
537012.5.peg.1242.site.18, 6, 133, 139
537012.5.peg.1242.site.19, 130, 131, 261
537012.5.peg.1242.site.20, 5, 129, 134
537012.5.peg.1242.site.21, 0, 129, 129
537012.5.peg.1242.site.22, 1, 129, 130
537012.5.peg.1242.site.23, 3, 131, 134
537012.5.peg.1242.site.24, 1, 130, 131
537012.5.peg.1242.site.25, 2, 131, 133
537012.5.peg.1242.site.26, 2, 131, 133
537012.5.peg.1242.site.27, 2, 131, 133
537012.5.peg.1242.site.28, 3, 132, 135
537012.5.peg.1242.site.29, 5, 131, 136
537012.5.peg.1403.site.1, 0, 127, 127
537012.5.peg.1403.site.2, 7, 130, 137
537012.5.peg.1403.site.3, 7, 129, 136
537012.5.peg.1403.site.4, 3, 129, 132
537012.5.peg.1403.site.5, 0, 129, 129
537012.5.peg.1403.site.6, 0, 126, 126
537012.5.peg.1403.site.7, 27, 129, 156
537012.5.peg.1403.site.8, 31, 105, 136
537012.5.peg.1403.site.9, 3, 130, 133
537012.5.peg.1403.site.10, 38, 105, 143
537012.5.peg.1403.site.11, 7, 130, 137
537012.5.peg.1403.site.12, 6, 103, 109
537012.5.peg.1403.site.13, 2, 130, 132
537012.5.peg.1403.site.14, 0, 126, 126
537012.5.peg.1403.site.15, 22, 106, 128
537012.5.peg.1403.site.16, 2, 131, 133
537012.5.peg.1403.site.17, 7, 130, 137
537012.5.peg.1403.site.18, 6, 133, 139
537012.5.peg.1403.site.19, 11, 133, 144
537012.5.peg.1403.site.20, 0, 134, 134
537012.5.peg.1403.site.21, 7, 111, 118
537012.5.peg.1403.site.22, 0, 134, 134
537012.5.peg.1403.site.23, 3, 133, 136
537012.5.peg.1403.site.24, 3, 133, 136
537012.5.peg.1403.site.25, 2, 111, 113
537012.5.peg.1403.site.26, 4, 133, 137
537012.5.peg.1403.site.27, 1, 131, 132
537012.5.peg.1403.site.28, 0, 131, 131
537012.5.peg.1403.site.29, 2, 132, 134
537012.5.peg.1403.site.30, 38, 127, 165
537012.5.peg.1403.site.31, 3, 132, 135
537012.5.peg.1403.site.32, 1, 131, 132
537012.5.peg.1403.site.33, 57, 108, 165
537012.5.peg.1403.site.34, 2, 125, 127
537012.5.peg.1403.site.35, 1, 126, 127
537012.5.peg.1403.site.36, 56, 103, 159
537012.5.peg.1403.site.37, 56, 106, 162
537012.5.peg.1403.site.38, 3, 127, 130
537012.5.peg.1403.site.39, 30, 102, 132
537012.5.peg.1403.site.40, 5, 125, 130
537012.5.peg.1403.site.41, 0, 125, 125
537012.5.peg.1403.site.42, 0, 121, 121
537012.5.peg.1403.site.43, 59, 100, 159
537012.5.peg.1403.site.44, 18, 105, 123
537012.5.peg.1403.site.45, 36, 122, 158
537012.5.peg.1403.site.46, 4, 122, 126
537012.5.peg.1403.site.47, 37, 121, 158
537012.5.peg.1403.site.48, 3, 122, 125
537012.5.peg.1403.site.49, 21, 105, 126
537012.5.peg.1403.site.50, 0, 111, 111
537012.5.peg.1403.site.51, 0, 107, 107
537012.5.peg.1403.site.52, 47, 87, 134
537012.5.peg.1403.site.53, 2, 86, 88
537012.5.peg.1403.site.54, 2, 85, 87
537012.5.peg.1403.site.55, 72, 87, 159
537012.5.peg.1403.site.56, 15, 96, 111
537012.5.peg.1403.site.57, 1, 112, 113
537012.5.peg.1403.site.58, 0, 124, 124
537012.5.peg.1403.site.59, 30, 124, 154
537012.5.peg.1403.site.60, 18, 121, 139
537012.5.peg.1403.site.61, 3, 124, 127
537012.5.peg.1403.site.62, 7, 124, 131
537012.5.peg.1403.site.63, 2, 127, 129
537012.5.peg.1403.site.64, 0, 127, 127
537012.5.peg.1403.site.65, 15, 127, 142
537012.5.peg.1402.site.1, 7, 128, 135
537012.5.peg.1402.site.2, 1, 129, 130
537012.5.peg.1402.site.3, 42, 127, 169
537012.5.peg.1402.site.4, 7, 129, 136
537012.5.peg.1402.site.5, 3, 129, 132
537012.5.peg.1402.site.6, 3, 128, 131
537012.5.peg.1402.site.7, 1, 125, 126
537012.5.peg.1402.site.8, 4, 128, 132
537012.5.peg.1402.site.9, 7, 128, 135
537012.5.peg.1402.site.10, 3, 130, 133
537012.5.peg.1402.site.11, 100, 133, 233
537012.5.peg.1402.site.12, 5, 133, 138
537012.5.peg.1402.site.13, 1, 133, 134
537012.5.peg.1402.site.14, 5, 134, 139
537012.5.peg.2919.site.1, 1, 129, 130
537012.5.peg.2919.site.2, 26, 129, 155
537012.5.peg.2919.site.3, 0, 129, 129
537012.5.peg.2919.site.4, 0, 128, 128
537012.5.peg.2919.site.5, 31, 128, 159
537012.5.peg.2919.site.6, 1, 125, 126
537012.5.peg.2919.site.7, 2, 130, 132
537012.5.peg.2919.site.8, 3, 130, 133
537012.5.peg.2919.site.9, 3, 130, 133
537012.5.peg.2919.site.10, 1, 130, 131
537012.5.peg.2919.site.11, 4, 128, 132
537012.5.peg.2919.site.12, 13, 125, 138
537012.5.peg.2919.site.13, 115, 125, 240
537012.5.peg.2919.site.14, 12, 127, 139
537012.5.peg.2919.site.15, 90, 121, 211
537012.5.peg.2919.site.16, 5, 127, 132
537012.5.peg.2919.site.17, 90, 127, 217
537012.5.peg.2919.site.18, 4, 128, 132
537012.5.peg.2919.site.19, 1, 129, 130
537012.5.peg.2919.site.20, 22, 127, 149
537012.5.peg.2919.site.21, 0, 128, 128
537012.5.peg.2919.site.22, 4, 127, 131
537012.5.peg.2919.site.23, 28, 128, 156
537012.5.peg.2919.site.24, 2, 129, 131
537012.5.peg.2919.site.25, 89, 129, 218
537012.5.peg.2919.site.26, 5, 128, 133
537012.5.peg.2919.site.27, 55, 126, 181
537012.5.peg.2919.site.28, 5, 128, 133
537012.5.peg.2919.site.29, 6, 129, 135
537012.5.peg.2919.site.30, 106, 127, 233
537012.5.peg.2919.site.31, 2, 128, 130
537012.5.peg.2919.site.32, 4, 129, 133
537012.5.peg.2919.site.33, 1, 128, 129
537012.5.peg.2919.site.34, 8, 123, 131
537012.5.peg.2919.site.35, 13, 125, 138
537012.5.peg.2919.site.36, 54, 125, 179
537012.5.peg.2919.site.37, 2, 129, 131
537012.5.peg.2919.site.38, 61, 125, 186
537012.5.peg.2919.site.39, 5, 128, 133
537012.5.peg.2919.site.40, 3, 129, 132
537012.5.peg.2919.site.41, 3, 129, 132
537012.5.peg.2919.site.42, 32, 127, 159
537012.5.peg.2919.site.43, 3, 128, 131
537012.5.peg.2919.site.44, 9, 129, 138
537012.5.peg.2919.site.45, 2, 129, 131
537012.5.peg.2919.site.46, 26, 128, 154
537012.5.peg.2919.site.47, 36, 126, 162
537012.5.peg.2919.site.48, 5, 128, 133
537012.5.peg.2919.site.49, 89, 127, 216
537012.5.peg.2919.site.50, 2, 128, 130
537012.5.peg.2919.site.51, 4, 128, 132
537012.5.peg.2919.site.52, 3, 128, 131
537012.5.peg.2919.site.53, 14, 127, 141
537012.5.peg.2919.site.54, 49, 125, 174
537012.5.peg.2919.site.55, 4, 129, 133
537012.5.peg.2919.site.56, 4, 126, 130
537012.5.peg.2919.site.57, 0, 128, 128
537012.5.peg.2919.site.58, 67, 125, 192
537012.5.peg.2919.site.59, 3, 129, 132
537012.5.peg.2919.site.60, 4, 129, 133
537012.5.peg.2919.site.61, 89, 127, 216
537012.5.peg.2919.site.62, 13, 125, 138
537012.5.peg.2919.site.63, 0, 128, 128
537012.5.peg.2919.site.64, 20, 129, 149
537012.5.peg.2919.site.65, 1, 127, 128
537012.5.peg.2919.site.66, 3, 129, 132
537012.5.peg.2919.site.67, 40, 126, 166
537012.5.peg.2919.site.68, 35, 126, 161
537012.5.peg.2919.site.69, 1, 129, 130
537012.5.peg.2919.site.70, 6, 128, 134
537012.5.peg.906.site.1, 10, 130, 140
537012.5.peg.906.site.2, 3, 130, 133
537012.5.peg.906.site.3, 8, 129, 137
537012.5.peg.906.site.4, 0, 129, 129
537012.5.peg.906.site.5, 0, 129, 129
537012.5.peg.906.site.6, 2, 131, 133
537012.5.peg.906.site.7, 1, 131, 132
537012.5.peg.906.site.8, 0, 130, 130
537012.5.peg.906.site.9, 0, 129, 129
537012.5.peg.906.site.10, 7, 128, 135
537012.5.peg.906.site.11, 0, 129, 129
537012.5.peg.904.site.1, 0, 127, 127
537012.5.peg.904.site.2, 1, 128, 129
537012.5.peg.904.site.3, 5, 128, 133
537012.5.peg.904.site.4, 67, 128, 195
537012.5.peg.904.site.5, 1, 130, 131
537012.5.peg.904.site.6, 21, 129, 150
537012.5.peg.904.site.7, 1, 128, 129
537012.5.peg.904.site.8, 0, 129, 129
537012.5.peg.904.site.9, 14, 85, 99
537012.5.peg.904.site.10, 1, 104, 105
537012.5.peg.904.site.11, 0, 102, 102
537012.5.peg.904.site.12, 23, 102, 125
537012.5.peg.904.site.13, 0, 103, 103
537012.5.peg.904.site.14, 1, 116, 117
537012.5.peg.904.site.15, 2, 117, 119
537012.5.peg.904.site.16, 2, 118, 120
537012.5.peg.904.site.17, 12, 123, 135
537012.5.peg.905.site.1, 3, 129, 132
537012.5.peg.905.site.2, 2, 128, 130
537012.5.peg.905.site.3, 1, 129, 130
537012.5.peg.905.site.4, 1, 132, 133
537012.5.peg.905.site.5, 0, 131, 131
537012.5.peg.905.site.6, 2, 130, 132
537012.5.peg.905.site.7, 3, 131, 134
537012.5.peg.905.site.8, 2, 131, 133
537012.5.peg.905.site.9, 118, 130, 248
537012.5.peg.905.site.10, 8, 129, 137
537012.5.peg.905.site.11, 1, 128, 129
537012.5.peg.905.site.12, 2, 130, 132
537012.5.peg.905.site.13, 2, 130, 132
537012.5.peg.905.site.14, 7, 132, 139
537012.5.peg.905.site.15, 19, 132, 151
537012.5.peg.905.site.16, 5, 129, 134
537012.5.peg.905.site.17, 9, 128, 137
537012.5.peg.905.site.18, 7, 129, 136
537012.5.peg.905.site.19, 1, 130, 131
537012.5.peg.905.site.20, 7, 130, 137
537012.5.peg.905.site.21, 5, 128, 133
537012.5.peg.905.site.22, 6, 129, 135
537012.5.peg.905.site.23, 6, 128, 134
537012.5.peg.905.site.24, 21, 128, 149
537012.5.peg.905.site.25, 0, 127, 127
537012.5.peg.905.site.26, 1, 129, 130
537012.5.peg.905.site.27, 2, 129, 131
537012.5.peg.905.site.28, 7, 128, 135
537012.5.peg.905.site.29, 8, 128, 136
537012.5.peg.905.site.30, 1, 129, 130
537012.5.peg.905.site.31, 1, 132, 133
537012.5.peg.905.site.32, 1, 132, 133
537012.5.peg.905.site.33, 3, 128, 131
537012.5.peg.905.site.34, 3, 128, 131
537012.5.peg.905.site.35, 9, 130, 139
537012.5.peg.905.site.36, 2, 129, 131
537012.5.peg.905.site.37, 1, 130, 131
537012.5.peg.905.site.38, 86, 128, 214
537012.5.peg.905.site.39, 2, 130, 132
537012.5.peg.905.site.40, 2, 130, 132
537012.5.peg.905.site.41, 7, 129, 136
537012.5.peg.905.site.42, 3, 129, 132
537012.5.peg.905.site.43, 7, 126, 133
537012.5.peg.3858.site.1, 7, 124, 131
537012.5.peg.3858.site.2, 39, 123, 162
537012.5.peg.3858.site.3, 16, 125, 141
537012.5.peg.3858.site.4, 7, 126, 133
537012.5.peg.3858.site.5, 12, 130, 142
537012.5.peg.3858.site.6, 0, 128, 128
537012.5.peg.3858.site.7, 17, 124, 141
537012.5.peg.3858.site.8, 1, 134, 135
537012.5.peg.3858.site.9, 7, 133, 140
537012.5.peg.3858.site.10, 11, 132, 143
537012.5.peg.3858.site.11, 1, 134, 135
537012.5.peg.3858.site.12, 1, 133, 134
537012.5.peg.3858.site.13, 18, 132, 150
537012.5.peg.3858.site.14, 13, 131, 144
537012.5.peg.3858.site.15, 15, 130, 145
537012.5.peg.3858.site.16, 1, 134, 135
537012.5.peg.3858.site.17, 1, 134, 135
537012.5.peg.3858.site.18, 6, 132, 138
537012.5.peg.3858.site.19, 2, 133, 135
537012.5.peg.3858.site.20, 3, 132, 135
537012.5.peg.3858.site.21, 1, 130, 131
537012.5.peg.3858.site.22, 1, 132, 133
537012.5.peg.3858.site.23, 5, 131, 136
537012.5.peg.3858.site.24, 1, 134, 135
537012.5.peg.3858.site.25, 16, 131, 147
537012.5.peg.3858.site.26, 1, 133, 134
537012.5.peg.3858.site.27, 3, 133, 136
537012.5.peg.3858.site.28, 2, 127, 129
537012.5.peg.3858.site.29, 4, 128, 132
537012.5.peg.3858.site.30, 0, 129, 129
537012.5.peg.3858.site.31, 1, 130, 131
537012.5.peg.3858.site.32, 0, 130, 130
537012.5.peg.3858.site.33, 6, 132, 138
537012.5.peg.3858.site.34, 24, 132, 156
537012.5.peg.3858.site.35, 6, 131, 137
537012.5.peg.3858.site.36, 9, 131, 140
537012.5.peg.3858.site.37, 11, 126, 137
537012.5.peg.3858.site.38, 12, 127, 139
537012.5.peg.980.site.1, 1, 129, 130
537012.5.peg.980.site.2, 1, 129, 130
537012.5.peg.980.site.3, 3, 129, 132
537012.5.peg.980.site.4, 27, 128, 155
537012.5.peg.980.site.5, 0, 128, 128
537012.5.peg.980.site.6, 4, 126, 130
537012.5.peg.980.site.7, 4, 127, 131
537012.5.peg.980.site.8, 3, 126, 129
537012.5.peg.980.site.9, 5, 127, 132
537012.5.peg.980.site.10, 1, 127, 128
537012.5.peg.980.site.11, 1, 126, 127
537012.5.peg.980.site.12, 2, 125, 127
537012.5.peg.980.site.13, 1, 125, 126
537012.5.peg.980.site.14, 1, 127, 128
537012.5.peg.980.site.15, 3, 127, 130
537012.5.peg.980.site.16, 1, 127, 128
537012.5.peg.980.site.17, 1, 129, 130
537012.5.peg.980.site.18, 1, 129, 130
537012.5.peg.980.site.19, 4, 127, 131
537012.5.peg.980.site.20, 64, 128, 192
537012.5.peg.980.site.21, 1, 129, 130
537012.5.peg.980.site.22, 1, 126, 127
537012.5.peg.980.site.23, 48, 128, 176
537012.5.peg.980.site.24, 0, 129, 129
537012.5.peg.980.site.25, 3, 129, 132
537012.5.peg.980.site.26, 22, 129, 151
537012.5.peg.980.site.27, 1, 129, 130
537012.5.peg.980.site.28, 4, 127, 131
537012.5.peg.980.site.29, 0, 127, 127
537012.5.peg.980.site.30, 1, 127, 128
537012.5.peg.980.site.31, 1, 124, 125
537012.5.peg.980.site.32, 1, 125, 126
537012.5.peg.980.site.33, 11, 125, 136
537012.5.peg.980.site.34, 2, 124, 126
537012.5.peg.980.site.35, 2, 124, 126
537012.5.peg.980.site.36, 4, 124, 128
537012.5.peg.980.site.37, 1, 124, 125
537012.5.peg.980.site.38, 26, 126, 152
537012.5.peg.980.site.39, 73, 129, 202
537012.5.peg.980.site.40, 6, 128, 134
537012.5.peg.980.site.41, 1, 129, 130
537012.5.peg.980.site.42, 2, 129, 131
537012.5.peg.980.site.43, 76, 129, 205
537012.5.peg.980.site.44, 14, 128, 142
537012.5.peg.980.site.45, 1, 125, 126
537012.5.peg.980.site.46, 1, 127, 128
537012.5.peg.980.site.47, 3, 127, 130
537012.5.peg.980.site.48, 9, 125, 134
537012.5.peg.980.site.49, 0, 127, 127
537012.5.peg.980.site.50, 2, 123, 125
537012.5.peg.349.site.1, 5, 77, 82
537012.5.peg.349.site.2, 3, 78, 81
537012.5.peg.349.site.3, 0, 82, 82
537012.5.peg.349.site.4, 7, 88, 95
537012.5.peg.419.site.1, 4, 115, 119
537012.5.peg.419.site.2, 18, 113, 131
537012.5.peg.419.site.3, 13, 105, 118
537012.5.peg.419.site.4, 19, 110, 129
537012.5.peg.419.site.5, 10, 102, 112
537012.5.peg.419.site.6, 56, 93, 149
537012.5.peg.419.site.7, 2, 94, 96
537012.5.peg.419.site.8, 0, 95, 95
537012.5.peg.419.site.9, 2, 98, 100
537012.5.peg.419.site.10, 8, 100, 108
537012.5.peg.419.site.11, 0, 106, 106
537012.5.peg.419.site.12, 4, 111, 115
537012.5.peg.419.site.13, 19, 115, 134
537012.5.peg.419.site.14, 0, 123, 123
537012.5.peg.419.site.15, 27, 123, 150
537012.5.peg.419.site.16, 0, 120, 120
537012.5.peg.419.site.17, 4, 109, 113
537012.5.peg.419.site.18, 7, 106, 113
537012.5.peg.419.site.19, 0, 105, 105
537012.5.peg.419.site.20, 4, 96, 100
537012.5.peg.419.site.21, 0, 95, 95
537012.5.peg.419.site.22, 9, 95, 104
537012.5.peg.419.site.23, 8, 103, 111
537012.5.peg.419.site.24, 17, 113, 130
537012.5.peg.419.site.25, 28, 119, 147
537012.5.peg.419.site.26, 1, 120, 121
537012.5.peg.419.site.27, 3, 123, 126
537012.5.peg.419.site.28, 99, 124, 223
537012.5.peg.419.site.29, 94, 127, 221
537012.5.peg.419.site.30, 0, 127, 127
537012.5.peg.419.site.31, 6, 127, 133
537012.5.peg.419.site.32, 8, 127, 135
537012.5.peg.419.site.33, 4, 125, 129
537012.5.peg.419.site.34, 11, 126, 137
537012.5.peg.419.site.35, 54, 126, 180
537012.5.peg.419.site.36, 4, 125, 129
537012.5.peg.340.site.1, 5, 80, 85
537012.5.peg.340.site.2, 5, 93, 98
537012.5.peg.340.site.3, 5, 95, 100
537012.5.peg.340.site.4, 2, 79, 81
537012.5.peg.340.site.5, 43, 82, 125
537012.5.peg.340.site.6, 3, 89, 92
537012.5.peg.340.site.7, 5, 92, 97
537012.5.peg.340.site.8, 23, 95, 118
537012.5.peg.340.site.9, 2, 95, 97
537012.5.peg.340.site.10, 6, 95, 101
537012.5.peg.340.site.11, 2, 83, 85
537012.5.peg.340.site.12, 2, 81, 83
537012.5.peg.340.site.13, 4, 80, 84
537012.5.peg.340.site.14, 5, 79, 84
537012.5.peg.340.site.15, 8, 70, 78
537012.5.peg.340.site.16, 63, 76, 139
537012.5.peg.340.site.17, 26, 74, 100
537012.5.peg.340.site.18, 6, 75, 81
537012.5.peg.340.site.19, 21, 82, 103
537012.5.peg.340.site.20, 0, 90, 90
537012.5.peg.340.site.21, 48, 104, 152
537012.5.peg.340.site.22, 26, 118, 144
537012.5.peg.340.site.23, 13, 121, 134
537012.5.peg.340.site.24, 3, 121, 124
537012.5.peg.340.site.25, 8, 122, 130
537012.5.peg.340.site.26, 101, 111, 212
537012.5.peg.340.site.27, 1, 110, 111
537012.5.peg.340.site.28, 1, 124, 125
537012.5.peg.340.site.29, 1, 122, 123
537012.5.peg.340.site.30, 38, 125, 163
537012.5.peg.340.site.31, 6, 126, 132
537012.5.peg.340.site.32, 4, 126, 130
537012.5.peg.340.site.33, 25, 122, 147
537012.5.peg.340.site.34, 7, 123, 130
537012.5.peg.340.site.35, 16, 120, 136
537012.5.peg.340.site.36, 2, 112, 114
537012.5.peg.340.site.37, 3, 104, 107
537012.5.peg.340.site.38, 34, 99, 133
537012.5.peg.340.site.39, 80, 95, 175
537012.5.peg.340.site.40, 56, 92, 148
537012.5.peg.340.site.41, 2, 100, 102
537012.5.peg.340.site.42, 1, 105, 106
537012.5.peg.340.site.43, 3, 110, 113
537012.5.peg.340.site.44, 23, 112, 135
537012.5.peg.340.site.45, 28, 117, 145
537012.5.peg.340.site.46, 2, 116, 118
537012.5.peg.340.site.47, 0, 116, 116
537012.5.peg.340.site.48, 2, 116, 118
537012.5.peg.340.site.49, 13, 114, 127
537012.5.peg.340.site.50, 92, 118, 210
537012.5.peg.340.site.51, 22, 119, 141
537012.5.peg.340.site.52, 3, 113, 116
537012.5.peg.3580.site.1, 2, 124, 126
537012.5.peg.3580.site.2, 0, 126, 126
537012.5.peg.3580.site.3, 120, 126, 246
537012.5.peg.3580.site.4, 8, 127, 135
537012.5.peg.3580.site.5, 7, 126, 133
537012.5.peg.3580.site.6, 16, 125, 141
537012.5.peg.3580.site.7, 18, 125, 143
537012.5.peg.3580.site.8, 86, 127, 213
537012.5.peg.3580.site.9, 0, 121, 121
537012.5.peg.3580.site.10, 48, 118, 166
537012.5.peg.3580.site.11, 8, 127, 135
537012.5.peg.3580.site.12, 3, 124, 127
537012.5.peg.3580.site.13, 5, 125, 130
537012.5.peg.3580.site.14, 5, 125, 130
537012.5.peg.3580.site.15, 11, 125, 136
537012.5.peg.3580.site.16, 87, 126, 213
537012.5.peg.3580.site.17, 22, 125, 147
537012.5.peg.3580.site.18, 3, 125, 128
537012.5.peg.3580.site.19, 5, 123, 128
537012.5.peg.3580.site.20, 1, 120, 121
537012.5.peg.3580.site.21, 65, 118, 183
537012.5.peg.3580.site.22, 2, 120, 122
537012.5.peg.3580.site.23, 3, 121, 124
537012.5.peg.588.site.1, 0, 129, 129
537012.5.peg.588.site.2, 3, 133, 136
537012.5.peg.588.site.3, 1, 134, 135
537012.5.peg.588.site.4, 3, 133, 136
537012.5.peg.588.site.5, 1, 134, 135
537012.5.peg.588.site.6, 15, 134, 149
537012.5.peg.588.site.7, 1, 133, 134
537012.5.peg.588.site.8, 8, 133, 141
537012.5.peg.588.site.9, 4, 134, 138
537012.5.peg.588.site.10, 0, 133, 133
537012.5.peg.588.site.11, 7, 134, 141
537012.5.peg.588.site.12, 7, 134, 141
537012.5.peg.588.site.13, 2, 134, 136
537012.5.peg.588.site.14, 3, 134, 137
537012.5.peg.588.site.15, 1, 134, 135
537012.5.peg.588.site.16, 9, 133, 142
537012.5.peg.588.site.17, 1, 134, 135
537012.5.peg.588.site.18, 5, 132, 137
537012.5.peg.588.site.19, 6, 133, 139
537012.5.peg.588.site.20, 31, 133, 164
537012.5.peg.588.site.21, 2, 130, 132
537012.5.peg.588.site.22, 51, 130, 181
537012.5.peg.588.site.23, 1, 130, 131
537012.5.peg.588.site.24, 3, 132, 135
537012.5.peg.588.site.25, 16, 132, 148
537012.5.peg.588.site.26, 1, 134, 135
537012.5.peg.588.site.27, 7, 134, 141
537012.5.peg.588.site.28, 3, 134, 137
537012.5.peg.588.site.29, 4, 132, 136
537012.5.peg.588.site.30, 74, 131, 205
537012.5.peg.588.site.31, 5, 132, 137
537012.5.peg.588.site.32, 7, 132, 139
537012.5.peg.589.site.1, 0, 130, 130
537012.5.peg.589.site.2, 3, 126, 129
537012.5.peg.589.site.3, 100, 128, 228
537012.5.peg.589.site.4, 6, 132, 138
537012.5.peg.589.site.5, 4, 132, 136
537012.5.peg.589.site.6, 14, 134, 148
537012.5.peg.589.site.7, 5, 133, 138
537012.5.peg.589.site.8, 19, 134, 153
537012.5.peg.589.site.9, 4, 132, 136
537012.5.peg.589.site.10, 11, 134, 145
537012.5.peg.589.site.11, 5, 133, 138
537012.5.peg.589.site.12, 2, 128, 130
537012.5.peg.589.site.13, 9, 125, 134
537012.5.peg.589.site.14, 1, 126, 127
537012.5.peg.589.site.15, 1, 127, 128
537012.5.peg.589.site.16, 3, 130, 133
537012.5.peg.589.site.17, 1, 133, 134
537012.5.peg.589.site.18, 4, 132, 136
537012.5.peg.589.site.19, 19, 132, 151
537012.5.peg.589.site.20, 4, 132, 136
537012.5.peg.589.site.21, 0, 133, 133
537012.5.peg.589.site.22, 4, 132, 136
537012.5.peg.589.site.23, 0, 132, 132
537012.5.peg.3581.site.1, 1, 123, 124
537012.5.peg.3581.site.2, 29, 120, 149
537012.5.peg.3581.site.3, 18, 120, 138
537012.5.peg.3581.site.4, 7, 123, 130
537012.5.peg.3581.site.5, 54, 123, 177
537012.5.peg.3581.site.6, 2, 126, 128
537012.5.peg.3581.site.7, 29, 126, 155
537012.5.peg.3581.site.8, 7, 127, 134
537012.5.peg.3581.site.9, 4, 125, 129
537012.5.peg.3581.site.10, 23, 124, 147
537012.5.peg.3581.site.11, 4, 125, 129
537012.5.peg.3581.site.12, 7, 125, 132
537012.5.peg.3581.site.13, 1, 127, 128
537012.5.peg.3581.site.14, 28, 125, 153
537012.5.peg.3581.site.15, 16, 123, 139
537012.5.peg.3581.site.16, 3, 124, 127
537012.5.peg.3581.site.17, 0, 122, 122
537012.5.peg.3581.site.18, 50, 121, 171
537012.5.peg.3581.site.19, 8, 124, 132
537012.5.peg.3581.site.20, 2, 123, 125
537012.5.peg.3581.site.21, 8, 126, 134
537012.5.peg.3581.site.22, 4, 125, 129
537012.5.peg.3581.site.23, 3, 126, 129
537012.5.peg.3581.site.24, 2, 126, 128
537012.5.peg.3581.site.25, 113, 124, 237
537012.5.peg.3581.site.26, 8, 126, 134
537012.5.peg.3581.site.27, 4, 124, 128
537012.5.peg.3581.site.28, 7, 126, 133
537012.5.peg.3581.site.29, 12, 126, 138
537012.5.peg.3581.site.30, 7, 126, 133
537012.5.peg.3581.site.31, 8, 127, 135
537012.5.peg.3581.site.32, 20, 126, 146
537012.5.peg.3581.site.33, 0, 126, 126
537012.5.peg.3581.site.34, 3, 125, 128
537012.5.peg.3581.site.35, 44, 125, 169
537012.5.peg.3581.site.36, 5, 126, 131
537012.5.peg.3581.site.37, 44, 126, 170
537012.5.peg.3581.site.38, 43, 126, 169
537012.5.peg.3581.site.39, 59, 123, 182
537012.5.peg.3581.site.40, 83, 125, 208
537012.5.peg.3581.site.41, 2, 127, 129
537012.5.peg.3581.site.42, 4, 127, 131
537012.5.peg.3581.site.43, 4, 126, 130
537012.5.peg.3581.site.44, 3, 127, 130
537012.5.peg.3581.site.45, 17, 126, 143
537012.5.peg.3581.site.46, 7, 127, 134
537012.5.peg.3581.site.47, 4, 127, 131
537012.5.peg.3581.site.48, 7, 127, 134
537012.5.peg.3581.site.49, 20, 127, 147
537012.5.peg.3581.site.50, 36, 126, 162
537012.5.peg.3581.site.51, 79, 125, 204
537012.5.peg.3581.site.52, 4, 127, 131
537012.5.peg.3581.site.53, 64, 125, 189
537012.5.peg.3581.site.54, 4, 126, 130
537012.5.peg.3581.site.55, 1, 122, 123
537012.5.peg.3581.site.56, 115, 120, 235
537012.5.peg.3581.site.57, 7, 120, 127
537012.5.peg.3581.site.58, 0, 120, 120
537012.5.peg.3581.site.59, 0, 120, 120
537012.5.peg.3581.site.60, 1, 123, 124
537012.5.peg.3581.site.61, 1, 122, 123
537012.5.peg.3581.site.62, 1, 124, 125
537012.5.peg.3581.site.63, 1, 126, 127
537012.5.peg.3581.site.64, 6, 125, 131
537012.5.peg.3581.site.65, 25, 127, 152
537012.5.peg.3581.site.66, 26, 123, 149
537012.5.peg.3581.site.67, 2, 126, 128
537012.5.peg.3581.site.68, 101, 126, 227
537012.5.peg.3581.site.69, 4, 125, 129
537012.5.peg.3581.site.70, 2, 125, 127
537012.5.peg.3581.site.71, 90, 125, 215
537012.5.peg.3581.site.72, 5, 126, 131
537012.5.peg.3581.site.73, 3, 124, 127
537012.5.peg.3581.site.74, 5, 126, 131
537012.5.peg.3581.site.75, 0, 127, 127
537012.5.peg.3581.site.76, 5, 126, 131
537012.5.peg.3581.site.77, 15, 126, 141
537012.5.peg.3581.site.78, 0, 109, 109
537012.5.peg.3581.site.79, 51, 121, 172
537012.5.peg.3581.site.80, 90, 121, 211
537012.5.peg.582.site.1, 14, 134, 148
537012.5.peg.582.site.2, 3, 134, 137
537012.5.peg.582.site.3, 1, 134, 135
537012.5.peg.582.site.4, 2, 132, 134
537012.5.peg.582.site.5, 1, 119, 120
537012.5.peg.582.site.6, 11, 108, 119
537012.5.peg.582.site.7, 48, 96, 144
537012.5.peg.582.site.8, 48, 96, 144
537012.5.peg.582.site.9, 51, 100, 151
537012.5.peg.582.site.10, 62, 100, 162
537012.5.peg.582.site.11, 6, 100, 106
537012.5.peg.582.site.12, 45, 91, 136
537012.5.peg.582.site.13, 84, 89, 173
537012.5.peg.582.site.14, 9, 88, 97
537012.5.peg.583.site.1, 1, 126, 127
537012.5.peg.583.site.2, 1, 130, 131
537012.5.peg.583.site.3, 6, 133, 139
537012.5.peg.581.site.1, 3, 133, 136
537012.5.peg.581.site.2, 4, 133, 137
537012.5.peg.581.site.3, 21, 132, 153
537012.5.peg.581.site.4, 6, 133, 139
537012.5.peg.581.site.5, 14, 133, 147
537012.5.peg.581.site.6, 1, 134, 135
537012.5.peg.581.site.7, 17, 133, 150
537012.5.peg.581.site.8, 1, 133, 134
537012.5.peg.581.site.9, 1, 133, 134
537012.5.peg.581.site.10, 2, 134, 136
537012.5.peg.581.site.11, 10, 134, 144
537012.5.peg.581.site.12, 1, 134, 135
537012.5.peg.581.site.13, 17, 132, 149
537012.5.peg.581.site.14, 25, 133, 158
537012.5.peg.581.site.15, 22, 132, 154
537012.5.peg.581.site.16, 17, 134, 151
537012.5.peg.581.site.17, 21, 132, 153
537012.5.peg.581.site.18, 21, 131, 152
537012.5.peg.581.site.19, 1, 133, 134
537012.5.peg.581.site.20, 23, 130, 153
537012.5.peg.581.site.21, 130, 132, 262
537012.5.peg.581.site.22, 4, 131, 135
537012.5.peg.581.site.23, 58, 133, 191
537012.5.peg.581.site.24, 95, 133, 228
537012.5.peg.581.site.25, 25, 133, 158
537012.5.peg.581.site.26, 23, 132, 155
537012.5.peg.581.site.27, 16, 133, 149
537012.5.peg.581.site.28, 15, 132, 147
537012.5.peg.581.site.29, 81, 133, 214
537012.5.peg.581.site.30, 22, 132, 154
537012.5.peg.581.site.31, 26, 132, 158
537012.5.peg.581.site.32, 21, 131, 152
537012.5.peg.581.site.33, 4, 132, 136
537012.5.peg.581.site.34, 0, 131, 131
537012.5.peg.581.site.35, 0, 133, 133
537012.5.peg.581.site.36, 0, 130, 130
537012.5.peg.581.site.37, 2, 132, 134
537012.5.peg.581.site.38, 5, 133, 138
537012.5.peg.581.site.39, 1, 134, 135
537012.5.peg.581.site.40, 4, 132, 136
537012.5.peg.581.site.41, 4, 133, 137
537012.5.peg.581.site.42, 0, 133, 133
537012.5.peg.581.site.43, 0, 133, 133
537012.5.peg.581.site.44, 0, 132, 132
537012.5.peg.581.site.45, 0, 132, 132
537012.5.peg.581.site.46, 1, 131, 132
537012.5.peg.581.site.47, 0, 132, 132
537012.5.peg.581.site.48, 0, 131, 131
537012.5.peg.581.site.49, 1, 133, 134
537012.5.peg.581.site.50, 0, 131, 131
537012.5.peg.581.site.51, 0, 131, 131
537012.5.peg.581.site.52, 2, 132, 134
537012.5.peg.581.site.53, 26, 133, 159
537012.5.peg.581.site.54, 0, 131, 131
537012.5.peg.581.site.55, 123, 133, 256
537012.5.peg.581.site.56, 0, 133, 133
537012.5.peg.581.site.57, 6, 134, 140
537012.5.peg.581.site.58, 0, 133, 133
537012.5.peg.581.site.59, 1, 132, 133
537012.5.peg.581.site.60, 1, 131, 132
537012.5.peg.581.site.61, 2, 131, 133
537012.5.peg.581.site.62, 1, 132, 133
537012.5.peg.581.site.63, 0, 133, 133
537012.5.peg.581.site.64, 0, 133, 133
537012.5.peg.581.site.65, 1, 133, 134
537012.5.peg.581.site.66, 42, 134, 176
537012.5.peg.581.site.67, 17, 134, 151
537012.5.peg.581.site.68, 32, 132, 164
537012.5.peg.581.site.69, 1, 134, 135
537012.5.peg.581.site.70, 23, 133, 156
537012.5.peg.581.site.71, 3, 134, 137
537012.5.peg.581.site.72, 1, 134, 135
537012.5.peg.581.site.73, 66, 133, 199
537012.5.peg.581.site.74, 1, 134, 135
537012.5.peg.581.site.75, 21, 133, 154
537012.5.peg.581.site.76, 1, 133, 134
537012.5.peg.581.site.77, 49, 133, 182
537012.5.peg.581.site.78, 0, 133, 133
537012.5.peg.581.site.79, 1, 134, 135
537012.5.peg.581.site.80, 1, 133, 134
537012.5.peg.581.site.81, 1, 133, 134
537012.5.peg.581.site.82, 2, 133, 135
537012.5.peg.581.site.83, 0, 133, 133
537012.5.peg.581.site.84, 17, 133, 150
537012.5.peg.581.site.85, 1, 134, 135
537012.5.peg.581.site.86, 1, 134, 135
537012.5.peg.581.site.87, 8, 134, 142
537012.5.peg.581.site.88, 1, 134, 135
537012.5.peg.581.site.89, 1, 134, 135
537012.5.peg.581.site.90, 1, 134, 135
537012.5.peg.581.site.91, 1, 133, 134
537012.5.peg.581.site.92, 1, 133, 134
537012.5.peg.581.site.93, 23, 134, 157
537012.5.peg.581.site.94, 17, 134, 151
537012.5.peg.581.site.95, 23, 133, 156
537012.5.peg.581.site.96, 0, 133, 133
537012.5.peg.581.site.97, 1, 134, 135
537012.5.peg.581.site.98, 7, 134, 141
537012.5.peg.581.site.99, 0, 133, 133
537012.5.peg.581.site.100, 13, 134, 147
537012.5.peg.581.site.101, 2, 134, 136
537012.5.peg.581.site.102, 2, 134, 136
537012.5.peg.581.site.103, 132, 134, 266
537012.5.peg.581.site.104, 3, 134, 137
537012.5.peg.581.site.105, 4, 131, 135
537012.5.peg.581.site.106, 18, 134, 152
537012.5.peg.581.site.107, 22, 132, 154
537012.5.peg.581.site.108, 2, 134, 136
537012.5.peg.581.site.109, 1, 134, 135
537012.5.peg.581.site.110, 17, 134, 151
537012.5.peg.581.site.111, 0, 133, 133
537012.5.peg.581.site.112, 0, 133, 133
537012.5.peg.581.site.113, 4, 132, 136
537012.5.peg.581.site.114, 1, 134, 135
537012.5.peg.581.site.115, 17, 133, 150
537012.5.peg.581.site.116, 0, 133, 133
537012.5.peg.581.site.117, 2, 134, 136
537012.5.peg.581.site.118, 35, 131, 166
537012.5.peg.581.site.119, 107, 134, 241
537012.5.peg.581.site.120, 1, 134, 135
537012.5.peg.581.site.121, 2, 134, 136
537012.5.peg.581.site.122, 119, 133, 252
537012.5.peg.581.site.123, 18, 134, 152
537012.5.peg.581.site.124, 121, 133, 254
537012.5.peg.581.site.125, 2, 134, 136
537012.5.peg.581.site.126, 9, 134, 143
537012.5.peg.581.site.127, 0, 132, 132
537012.5.peg.581.site.128, 0, 132, 132
537012.5.peg.581.site.129, 0, 132, 132
537012.5.peg.581.site.130, 0, 132, 132
537012.5.peg.581.site.131, 4, 132, 136
537012.5.peg.581.site.132, 0, 132, 132
537012.5.peg.581.site.133, 15, 132, 147
537012.5.peg.581.site.134, 0, 132, 132
537012.5.peg.581.site.135, 16, 133, 149
537012.5.peg.581.site.136, 2, 134, 136
537012.5.peg.581.site.137, 4, 133, 137
537012.5.peg.581.site.138, 18, 133, 151
537012.5.peg.581.site.139, 1, 134, 135
537012.5.peg.581.site.140, 13, 132, 145
537012.5.peg.581.site.141, 0, 133, 133
537012.5.peg.581.site.142, 0, 130, 130
537012.5.peg.581.site.143, 4, 132, 136
537012.5.peg.581.site.144, 0, 130, 130
537012.5.peg.581.site.145, 4, 130, 134
537012.5.peg.581.site.146, 11, 132, 143
537012.5.peg.581.site.147, 21, 129, 150
537012.5.peg.581.site.148, 0, 131, 131
537012.5.peg.581.site.149, 0, 133, 133
537012.5.peg.581.site.150, 0, 131, 131
537012.5.peg.586.site.1, 29, 132, 161
537012.5.peg.586.site.2, 4, 132, 136
537012.5.peg.586.site.3, 4, 132, 136
537012.5.peg.586.site.4, 4, 132, 136
537012.5.peg.586.site.5, 4, 132, 136
537012.5.peg.586.site.6, 26, 134, 160
537012.5.peg.586.site.7, 4, 132, 136
537012.5.peg.586.site.8, 2, 134, 136
537012.5.peg.586.site.9, 4, 132, 136
537012.5.peg.586.site.10, 4, 132, 136
537012.5.peg.586.site.11, 4, 132, 136
537012.5.peg.586.site.12, 4, 132, 136
537012.5.peg.586.site.13, 0, 133, 133
537012.5.peg.586.site.14, 2, 130, 132
537012.5.peg.586.site.15, 1, 134, 135
537012.5.peg.586.site.16, 43, 131, 174
537012.5.peg.586.site.17, 0, 131, 131
537012.5.peg.586.site.18, 11, 131, 142
537012.5.peg.586.site.19, 117, 121, 238
537012.5.peg.584.site.1, 5, 133, 138
537012.5.peg.584.site.2, 1, 134, 135
537012.5.peg.584.site.3, 4, 131, 135
537012.5.peg.584.site.4, 4, 131, 135
537012.5.peg.584.site.5, 11, 131, 142
537012.5.peg.584.site.6, 2, 131, 133
537012.5.peg.584.site.7, 2, 131, 133
537012.5.peg.584.site.8, 1, 132, 133
537012.5.peg.584.site.9, 3, 132, 135
537012.5.peg.584.site.10, 3, 132, 135
537012.5.peg.584.site.11, 1, 134, 135
537012.5.peg.584.site.12, 0, 134, 134
537012.5.peg.584.site.13, 6, 130, 136
537012.5.peg.584.site.14, 3, 131, 134
537012.5.peg.584.site.15, 0, 128, 128
537012.5.peg.584.site.16, 0, 128, 128
537012.5.peg.584.site.17, 0, 129, 129
537012.5.peg.584.site.18, 10, 131, 141
537012.5.peg.584.site.19, 1, 134, 135
537012.5.peg.584.site.20, 3, 131, 134
537012.5.peg.584.site.21, 36, 133, 169
537012.5.peg.584.site.22, 9, 133, 142
537012.5.peg.584.site.23, 10, 131, 141
537012.5.peg.584.site.24, 9, 133, 142
537012.5.peg.584.site.25, 10, 130, 140
537012.5.peg.584.site.26, 118, 133, 251
537012.5.peg.584.site.27, 37, 134, 171
537012.5.peg.584.site.28, 1, 134, 135
537012.5.peg.584.site.29, 6, 133, 139
537012.5.peg.584.site.30, 3, 134, 137
537012.5.peg.585.site.1, 5, 132, 137
537012.5.peg.585.site.2, 5, 132, 137
537012.5.peg.585.site.3, 4, 134, 138
537012.5.peg.585.site.4, 1, 134, 135
537012.5.peg.585.site.5, 9, 132, 141
537012.5.peg.585.site.6, 5, 132, 137
537012.5.peg.585.site.7, 14, 134, 148
537012.5.peg.585.site.8, 0, 134, 134
537012.5.peg.585.site.9, 4, 132, 136
537012.5.peg.585.site.10, 1, 133, 134
537012.5.peg.585.site.11, 3, 131, 134
537012.5.peg.585.site.12, 19, 132, 151
537012.5.peg.585.site.13, 3, 131, 134
537012.5.peg.585.site.14, 2, 130, 132
537012.5.peg.585.site.15, 1, 129, 130
537012.5.peg.585.site.16, 2, 131, 133
537012.5.peg.585.site.17, 1, 134, 135
537012.5.peg.585.site.18, 4, 133, 137
537012.5.peg.585.site.19, 4, 133, 137
537012.5.peg.585.site.20, 3, 134, 137
537012.5.peg.585.site.21, 4, 133, 137
537012.5.peg.585.site.22, 3, 134, 137
537012.5.peg.585.site.23, 4, 132, 136
537012.5.peg.585.site.24, 12, 132, 144
537012.5.peg.585.site.25, 1, 134, 135
537012.5.peg.585.site.26, 15, 134, 149
537012.5.peg.585.site.27, 1, 134, 135
537012.5.peg.1882.site.1, 2, 123, 125
537012.5.peg.1882.site.2, 5, 121, 126
537012.5.peg.1882.site.3, 5, 122, 127
537012.5.peg.1882.site.4, 55, 123, 178
537012.5.peg.1882.site.5, 4, 121, 125
537012.5.peg.1882.site.6, 26, 120, 146
537012.5.peg.1882.site.7, 18, 123, 141
537012.5.peg.1882.site.8, 8, 121, 129
537012.5.peg.1882.site.9, 4, 123, 127
537012.5.peg.1882.site.10, 0, 123, 123
537012.5.peg.1882.site.11, 4, 122, 126
537012.5.peg.1882.site.12, 36, 123, 159
537012.5.peg.1882.site.13, 49, 121, 170
537012.5.peg.1882.site.14, 3, 123, 126
537012.5.peg.1882.site.15, 3, 121, 124
537012.5.peg.1882.site.16, 2, 117, 119
537012.5.peg.1882.site.17, 2, 113, 115
537012.5.peg.1882.site.18, 2, 102, 104
537012.5.peg.1882.site.19, 20, 95, 115
537012.5.peg.1882.site.20, 27, 103, 130
537012.5.peg.1882.site.21, 1, 105, 106
537012.5.peg.1882.site.22, 34, 110, 144
537012.5.peg.1882.site.23, 1, 120, 121
537012.5.peg.1882.site.24, 3, 123, 126
537012.5.peg.1882.site.25, 3, 121, 124
537012.5.peg.1882.site.26, 4, 121, 125
537012.5.peg.1882.site.27, 2, 121, 123
537012.5.peg.1882.site.28, 2, 120, 122
537012.5.peg.1882.site.29, 4, 121, 125
537012.5.peg.1882.site.30, 4, 119, 123
537012.5.peg.1882.site.31, 59, 119, 178
537012.5.peg.1882.site.32, 1, 116, 117
537012.5.peg.1882.site.33, 58, 115, 173
537012.5.peg.1882.site.34, 85, 115, 200
537012.5.peg.1882.site.35, 2, 116, 118
537012.5.peg.1882.site.36, 87, 115, 202
537012.5.peg.1882.site.37, 8, 116, 124
537012.5.peg.1882.site.38, 3, 122, 125
537012.5.peg.1882.site.39, 2, 121, 123
537012.5.peg.1882.site.40, 2, 121, 123
537012.5.peg.1882.site.41, 1, 120, 121
537012.5.peg.1882.site.42, 20, 123, 143
537012.5.peg.1882.site.43, 0, 122, 122
537012.5.peg.1882.site.44, 4, 121, 125
537012.5.peg.1882.site.45, 37, 121, 158
537012.5.peg.1882.site.46, 78, 120, 198
537012.5.peg.1882.site.47, 4, 123, 127
537012.5.peg.1882.site.48, 1, 123, 124
537012.5.peg.1882.site.49, 3, 123, 126
537012.5.peg.1882.site.50, 1, 123, 124
537012.5.peg.1882.site.51, 4, 121, 125
537012.5.peg.1882.site.52, 8, 121, 129
537012.5.peg.1882.site.53, 0, 123, 123
537012.5.peg.1882.site.54, 4, 123, 127
537012.5.peg.1882.site.55, 8, 121, 129
537012.5.peg.1882.site.56, 76, 122, 198
537012.5.peg.1882.site.57, 5, 122, 127
537012.5.peg.1882.site.58, 106, 120, 226
537012.5.peg.1882.site.59, 0, 123, 123
537012.5.peg.1882.site.60, 3, 122, 125
537012.5.peg.1882.site.61, 17, 122, 139
537012.5.peg.1882.site.62, 1, 123, 124
537012.5.peg.1882.site.63, 1, 123, 124
537012.5.peg.1882.site.64, 115, 123, 238
537012.5.peg.1882.site.65, 5, 123, 128
537012.5.peg.1882.site.66, 2, 123, 125
537012.5.peg.1882.site.67, 9, 123, 132
537012.5.peg.1882.site.68, 4, 123, 127
537012.5.peg.1882.site.69, 102, 123, 225
537012.5.peg.1882.site.70, 4, 123, 127
537012.5.peg.1882.site.71, 93, 121, 214
537012.5.peg.1882.site.72, 3, 122, 125
537012.5.peg.1882.site.73, 3, 122, 125
537012.5.peg.3856.site.1, 4, 122, 126
537012.5.peg.3856.site.2, 3, 121, 124
537012.5.peg.3856.site.3, 0, 116, 116
537012.5.peg.3856.site.4, 21, 118, 139
537012.5.peg.3856.site.5, 14, 116, 130
537012.5.peg.3856.site.6, 25, 116, 141
537012.5.peg.3856.site.7, 9, 116, 125
537012.5.peg.3856.site.8, 14, 117, 131
537012.5.peg.3856.site.9, 10, 116, 126
537012.5.peg.3856.site.10, 15, 117, 132
537012.5.peg.3856.site.11, 67, 116, 183
537012.5.peg.3856.site.12, 8, 116, 124
537012.5.peg.3856.site.13, 21, 118, 139
537012.5.peg.3856.site.14, 1, 118, 119
537012.5.peg.3856.site.15, 45, 117, 162
537012.5.peg.3856.site.16, 1, 118, 119
537012.5.peg.3856.site.17, 4, 117, 121
537012.5.peg.3856.site.18, 33, 118, 151
537012.5.peg.3856.site.19, 24, 118, 142
537012.5.peg.3856.site.20, 1, 117, 118
537012.5.peg.3856.site.21, 44, 115, 159
537012.5.peg.3856.site.22, 5, 117, 122
537012.5.peg.3856.site.23, 7, 117, 124
537012.5.peg.3856.site.24, 4, 118, 122
537012.5.peg.3856.site.25, 3, 118, 121
537012.5.peg.1881.site.1, 0, 133, 133
537012.5.peg.1881.site.2, 6, 132, 138
537012.5.peg.1881.site.3, 4, 130, 134
537012.5.peg.1881.site.4, 5, 132, 137
537012.5.peg.1881.site.5, 8, 133, 141
537012.5.peg.1881.site.6, 5, 129, 134
537012.5.peg.1881.site.7, 17, 133, 150
537012.5.peg.1881.site.8, 37, 133, 170
537012.5.peg.1881.site.9, 12, 131, 143
537012.5.peg.1881.site.10, 4, 131, 135
537012.5.peg.1881.site.11, 8, 127, 135
537012.5.peg.1881.site.12, 1, 130, 131
537012.5.peg.1881.site.13, 6, 131, 137
537012.5.peg.1881.site.14, 44, 130, 174
537012.5.peg.1881.site.15, 8, 133, 141
537012.5.peg.1881.site.16, 58, 133, 191
537012.5.peg.1881.site.17, 6, 133, 139
537012.5.peg.1881.site.18, 11, 131, 142
537012.5.peg.1881.site.19, 2, 129, 131
537012.5.peg.1881.site.20, 6, 133, 139
537012.5.peg.1881.site.21, 4, 131, 135
537012.5.peg.1881.site.22, 0, 133, 133
537012.5.peg.1881.site.23, 6, 133, 139
537012.5.peg.1881.site.24, 6, 133, 139
537012.5.peg.1881.site.25, 22, 131, 153
537012.5.peg.1881.site.26, 5, 132, 137
537012.5.peg.1881.site.27, 4, 131, 135
537012.5.peg.1881.site.28, 4, 131, 135
537012.5.peg.1881.site.29, 3, 127, 130
537012.5.peg.410.site.1, 3, 117, 120
537012.5.peg.410.site.2, 1, 121, 122
537012.5.peg.410.site.3, 1, 121, 122
537012.5.peg.410.site.4, 1, 126, 127
537012.5.peg.410.site.5, 0, 126, 126
537012.5.peg.410.site.6, 8, 125, 133
537012.5.peg.410.site.7, 1, 126, 127
537012.5.peg.410.site.8, 5, 125, 130
537012.5.peg.410.site.9, 100, 123, 223
537012.5.peg.410.site.10, 6, 126, 132
537012.5.peg.410.site.11, 6, 126, 132
537012.5.peg.410.site.12, 0, 125, 125
537012.5.peg.410.site.13, 3, 126, 129
537012.5.peg.410.site.14, 5, 126, 131
537012.5.peg.410.site.15, 2, 127, 129
537012.5.peg.410.site.16, 5, 125, 130
537012.5.peg.410.site.17, 3, 127, 130
537012.5.peg.410.site.18, 3, 126, 129
537012.5.peg.410.site.19, 13, 124, 137
537012.5.peg.410.site.20, 10, 124, 134
537012.5.peg.410.site.21, 6, 126, 132
537012.5.peg.410.site.22, 1, 126, 127
537012.5.peg.410.site.23, 7, 124, 131
537012.5.peg.410.site.24, 4, 124, 128
537012.5.peg.410.site.25, 3, 125, 128
537012.5.peg.410.site.26, 0, 124, 124
537012.5.peg.410.site.27, 4, 124, 128
537012.5.peg.410.site.28, 3, 124, 127
537012.5.peg.410.site.29, 1, 122, 123
537012.5.peg.410.site.30, 1, 121, 122
537012.5.peg.410.site.31, 1, 121, 122
537012.5.peg.410.site.32, 8, 122, 130
537012.5.peg.410.site.33, 4, 120, 124
537012.5.peg.410.site.34, 2, 121, 123
537012.5.peg.410.site.35, 31, 123, 154
537012.5.peg.410.site.36, 3, 124, 127
537012.5.peg.410.site.37, 4, 123, 127
537012.5.peg.410.site.38, 0, 121, 121
537012.5.peg.410.site.39, 0, 120, 120
537012.5.peg.410.site.40, 0, 119, 119
537012.5.peg.410.site.41, 2, 119, 121
537012.5.peg.410.site.42, 1, 121, 122
537012.5.peg.410.site.43, 1, 120, 121
537012.5.peg.410.site.44, 1, 120, 121
537012.5.peg.410.site.45, 1, 120, 121
537012.5.peg.410.site.46, 3, 120, 123
537012.5.peg.410.site.47, 20, 119, 139
537012.5.peg.410.site.48, 4, 118, 122
537012.5.peg.410.site.49, 47, 120, 167
537012.5.peg.410.site.50, 7, 120, 127
537012.5.peg.410.site.51, 4, 124, 128
537012.5.peg.410.site.52, 9, 125, 134
537012.5.peg.410.site.53, 9, 125, 134
537012.5.peg.410.site.54, 20, 125, 145
537012.5.peg.410.site.55, 6, 126, 132
537012.5.peg.410.site.56, 3, 125, 128
537012.5.peg.410.site.57, 0, 125, 125
537012.5.peg.410.site.58, 1, 121, 122
537012.5.peg.410.site.59, 4, 117, 121
537012.5.peg.410.site.60, 2, 121, 123
537012.5.peg.410.site.61, 4, 120, 124
537012.5.peg.410.site.62, 4, 120, 124
537012.5.peg.410.site.63, 1, 120, 121
537012.5.peg.410.site.64, 5, 124, 129
537012.5.peg.410.site.65, 27, 123, 150
537012.5.peg.410.site.66, 115, 123, 238
537012.5.peg.410.site.67, 22, 122, 144
537012.5.peg.410.site.68, 1, 123, 124
537012.5.peg.410.site.69, 1, 124, 125
537012.5.peg.410.site.70, 4, 125, 129
537012.5.peg.410.site.71, 4, 126, 130
537012.5.peg.410.site.72, 2, 120, 122
537012.5.peg.410.site.73, 5, 119, 124
537012.5.peg.410.site.74, 96, 118, 214
537012.5.peg.410.site.75, 4, 118, 122
537012.5.peg.410.site.76, 4, 118, 122
537012.5.peg.3855.site.1, 5, 134, 139
537012.5.peg.3855.site.2, 3, 134, 137
537012.5.peg.3855.site.3, 5, 134, 139
537012.5.peg.3855.site.4, 7, 133, 140
537012.5.peg.3855.site.5, 111, 133, 244
537012.5.peg.3855.site.6, 6, 131, 137
537012.5.peg.3855.site.7, 22, 131, 153
537012.5.peg.3855.site.8, 2, 112, 114
537012.5.peg.3855.site.9, 1, 109, 110
537012.5.peg.3855.site.10, 0, 109, 109
537012.5.peg.3855.site.11, 11, 107, 118
537012.5.peg.3855.site.12, 28, 106, 134
537012.5.peg.3855.site.13, 5, 101, 106
537012.5.peg.3855.site.14, 20, 101, 121
537012.5.peg.3855.site.15, 10, 101, 111
537012.5.peg.3855.site.16, 7, 101, 108
537012.5.peg.3855.site.17, 2, 101, 103
537012.5.peg.3855.site.18, 4, 105, 109
537012.5.peg.3855.site.19, 1, 124, 125
537012.5.peg.3855.site.20, 2, 122, 124
537012.5.peg.3855.site.21, 15, 121, 136
537012.5.peg.3855.site.22, 1, 123, 124
537012.5.peg.3855.site.23, 76, 124, 200
537012.5.peg.3855.site.24, 17, 124, 141
537012.5.peg.3855.site.25, 17, 124, 141
537012.5.peg.3855.site.26, 18, 125, 143
537012.5.peg.3855.site.27, 4, 123, 127
537012.5.peg.3855.site.28, 3, 126, 129
537012.5.peg.3855.site.29, 15, 122, 137
537012.5.peg.3855.site.30, 91, 123, 214
537012.5.peg.3855.site.31, 1, 116, 117
537012.5.peg.3855.site.32, 12, 117, 129
537012.5.peg.3855.site.33, 3, 115, 118
537012.5.peg.3855.site.34, 89, 116, 205
537012.5.peg.3855.site.35, 7, 120, 127
537012.5.peg.3855.site.36, 17, 125, 142
537012.5.peg.2824.site.1, 26, 133, 159
537012.5.peg.2824.site.2, 6, 134, 140
537012.5.peg.2824.site.3, 9, 133, 142
537012.5.peg.2824.site.4, 2, 134, 136
537012.5.peg.2824.site.5, 3, 133, 136
537012.5.peg.2824.site.6, 17, 134, 151
537012.5.peg.2824.site.7, 8, 134, 142
537012.5.peg.2824.site.8, 3, 134, 137
537012.5.peg.2824.site.9, 2, 133, 135
537012.5.peg.2824.site.10, 2, 134, 136
537012.5.peg.2824.site.11, 11, 132, 143
537012.5.peg.2824.site.12, 1, 133, 134
537012.5.peg.2824.site.13, 41, 132, 173
537012.5.peg.2824.site.14, 25, 134, 159
537012.5.peg.2824.site.15, 1, 134, 135
537012.5.peg.2824.site.16, 4, 132, 136
537012.5.peg.2824.site.17, 1, 134, 135
537012.5.peg.2824.site.18, 6, 134, 140
537012.5.peg.2824.site.19, 4, 132, 136
537012.5.peg.2824.site.20, 39, 133, 172
537012.5.peg.2824.site.21, 27, 131, 158
537012.5.peg.2824.site.22, 40, 133, 173
537012.5.peg.2824.site.23, 6, 134, 140
537012.5.peg.2824.site.24, 0, 134, 134
537012.5.peg.2824.site.25, 3, 134, 137
537012.5.peg.2824.site.26, 6, 133, 139
537012.5.peg.2824.site.27, 4, 132, 136
537012.5.peg.2824.site.28, 7, 134, 141
537012.5.peg.2824.site.29, 1, 133, 134
537012.5.peg.2824.site.30, 1, 134, 135
537012.5.peg.2824.site.31, 1, 134, 135
537012.5.peg.2824.site.32, 103, 132, 235
537012.5.peg.2824.site.33, 3, 134, 137
537012.5.peg.2824.site.34, 6, 134, 140
537012.5.peg.2824.site.35, 9, 134, 143
537012.5.peg.2824.site.36, 6, 133, 139
537012.5.peg.2824.site.37, 1, 134, 135
537012.5.peg.2824.site.38, 19, 134, 153
537012.5.peg.2824.site.39, 3, 134, 137
537012.5.peg.2824.site.40, 6, 134, 140
537012.5.peg.2824.site.41, 5, 133, 138
537012.5.peg.2824.site.42, 5, 133, 138
537012.5.peg.2824.site.43, 2, 134, 136
537012.5.peg.2824.site.44, 5, 133, 138
537012.5.peg.2824.site.45, 21, 132, 153
537012.5.peg.2824.site.46, 5, 133, 138
537012.5.peg.2824.site.47, 6, 132, 138
537012.5.peg.2824.site.48, 11, 131, 142
537012.5.peg.2824.site.49, 3, 134, 137
537012.5.peg.2824.site.50, 7, 134, 141
537012.5.peg.2824.site.51, 1, 134, 135
537012.5.peg.2824.site.52, 1, 134, 135
537012.5.peg.2824.site.53, 18, 132, 150
537012.5.peg.2824.site.54, 4, 131, 135
537012.5.peg.2824.site.55, 13, 132, 145
537012.5.peg.2824.site.56, 7, 128, 135
537012.5.peg.2824.site.57, 1, 127, 128
537012.5.peg.2824.site.58, 1, 127, 128
537012.5.peg.2824.site.59, 3, 130, 133
537012.5.peg.2824.site.60, 3, 130, 133
537012.5.peg.2824.site.61, 1, 134, 135
537012.5.peg.2824.site.62, 1, 134, 135
537012.5.peg.2824.site.63, 11, 134, 145
537012.5.peg.2824.site.64, 7, 134, 141
537012.5.peg.2824.site.65, 12, 132, 144
537012.5.peg.2824.site.66, 25, 132, 157
537012.5.peg.2824.site.67, 5, 133, 138
537012.5.peg.2824.site.68, 12, 133, 145
537012.5.peg.2824.site.69, 1, 134, 135
537012.5.peg.2824.site.70, 6, 134, 140
537012.5.peg.2353.site.1, 0, 133, 133
537012.5.peg.2353.site.2, 55, 133, 188
537012.5.peg.2353.site.3, 5, 133, 138
537012.5.peg.2353.site.4, 7, 129, 136
537012.5.peg.2353.site.5, 1, 128, 129
537012.5.peg.2353.site.6, 4, 125, 129
537012.5.peg.2353.site.7, 3, 130, 133
537012.5.peg.2353.site.8, 4, 131, 135
537012.5.peg.2353.site.9, 6, 133, 139
537012.5.peg.2353.site.10, 0, 132, 132
537012.5.peg.2353.site.11, 11, 132, 143
537012.5.peg.2353.site.12, 3, 134, 137
537012.5.peg.2353.site.13, 11, 134, 145
537012.5.peg.2353.site.14, 7, 134, 141
537012.5.peg.2353.site.15, 32, 134, 166
537012.5.peg.2353.site.16, 11, 134, 145
537012.5.peg.2353.site.17, 1, 134, 135
537012.5.peg.2353.site.18, 7, 134, 141
537012.5.peg.2353.site.19, 11, 132, 143
537012.5.peg.2353.site.20, 2, 134, 136
537012.5.peg.2353.site.21, 7, 134, 141
537012.5.peg.2353.site.22, 5, 132, 137
537012.5.peg.2353.site.23, 4, 132, 136
537012.5.peg.2353.site.24, 0, 133, 133
537012.5.peg.2353.site.25, 0, 130, 130
537012.5.peg.2353.site.26, 16, 130, 146
537012.5.peg.2353.site.27, 4, 132, 136
537012.5.peg.2353.site.28, 27, 134, 161
537012.5.peg.2353.site.29, 9, 134, 143
537012.5.peg.2353.site.30, 1, 133, 134
537012.5.peg.2353.site.31, 4, 132, 136
537012.5.peg.2353.site.32, 3, 134, 137
537012.5.peg.2353.site.33, 0, 134, 134
537012.5.peg.2353.site.34, 4, 132, 136
537012.5.peg.2353.site.35, 1, 132, 133
537012.5.peg.2353.site.36, 11, 132, 143
537012.5.peg.2353.site.37, 4, 134, 138
537012.5.peg.2353.site.38, 4, 131, 135
537012.5.peg.2353.site.39, 1, 132, 133
537012.5.peg.2353.site.40, 4, 132, 136
537012.5.peg.2353.site.41, 5, 133, 138
537012.5.peg.2353.site.42, 2, 130, 132
537012.5.peg.2353.site.43, 5, 131, 136
537012.5.peg.2353.site.44, 0, 129, 129
537012.5.peg.2353.site.45, 4, 130, 134
537012.5.peg.2353.site.46, 3, 130, 133
537012.5.peg.2353.site.47, 2, 130, 132
537012.5.peg.2353.site.48, 3, 130, 133
537012.5.peg.2353.site.49, 14, 130, 144
537012.5.peg.2353.site.50, 7, 130, 137
537012.5.peg.2353.site.51, 14, 130, 144
537012.5.peg.2353.site.52, 0, 130, 130
537012.5.peg.2353.site.53, 1, 129, 130
537012.5.peg.2353.site.54, 14, 130, 144
537012.5.peg.2353.site.55, 7, 130, 137
537012.5.peg.2353.site.56, 1, 130, 131
537012.5.peg.2353.site.57, 1, 129, 130
537012.5.peg.2353.site.58, 8, 131, 139
537012.5.peg.2353.site.59, 4, 132, 136
537012.5.peg.2353.site.60, 2, 134, 136
537012.5.peg.2353.site.61, 6, 133, 139
537012.5.peg.2353.site.62, 2, 133, 135
537012.5.peg.2353.site.63, 1, 133, 134
537012.5.peg.2353.site.64, 7, 134, 141
537012.5.peg.2353.site.65, 4, 132, 136
537012.5.peg.2353.site.66, 1, 134, 135
537012.5.peg.2353.site.67, 3, 134, 137
537012.5.peg.2353.site.68, 5, 133, 138
537012.5.peg.2353.site.69, 19, 133, 152
537012.5.peg.2353.site.70, 3, 134, 137
537012.5.peg.2353.site.71, 0, 134, 134
537012.5.peg.2353.site.72, 1, 134, 135
537012.5.peg.167.site.1, 2, 108, 110
537012.5.peg.167.site.2, 3, 107, 110
537012.5.peg.167.site.3, 13, 105, 118
537012.5.peg.167.site.4, 1, 103, 104
537012.5.peg.167.site.5, 5, 107, 112
537012.5.peg.167.site.6, 31, 108, 139
537012.5.peg.167.site.7, 18, 110, 128
537012.5.peg.167.site.8, 13, 111, 124
537012.5.peg.167.site.9, 1, 120, 121
537012.5.peg.167.site.10, 3, 119, 122
537012.5.peg.167.site.11, 18, 118, 136
537012.5.peg.167.site.12, 4, 107, 111
537012.5.peg.167.site.13, 1, 121, 122
537012.5.peg.167.site.14, 17, 106, 123
537012.5.peg.167.site.15, 2, 109, 111
537012.5.peg.167.site.16, 15, 116, 131
537012.5.peg.167.site.17, 5, 108, 113
537012.5.peg.167.site.18, 40, 103, 143
537012.5.peg.167.site.19, 2, 104, 106
537012.5.peg.167.site.20, 1, 102, 103
537012.5.peg.167.site.21, 5, 110, 115
537012.5.peg.167.site.22, 7, 110, 117
537012.5.peg.167.site.23, 16, 114, 130
537012.5.peg.167.site.24, 1, 114, 115
537012.5.peg.167.site.25, 1, 111, 112
537012.5.peg.167.site.26, 0, 113, 113
537012.5.peg.167.site.27, 4, 115, 119
537012.5.peg.167.site.28, 1, 113, 114
537012.5.peg.167.site.29, 1, 114, 115
537012.5.peg.167.site.30, 4, 118, 122
537012.5.peg.167.site.31, 0, 118, 118
537012.5.peg.167.site.32, 1, 118, 119
537012.5.peg.167.site.33, 6, 120, 126
537012.5.peg.167.site.34, 2, 124, 126
537012.5.peg.167.site.35, 10, 125, 135
537012.5.peg.167.site.36, 11, 124, 135
537012.5.peg.167.site.37, 1, 123, 124
537012.5.peg.167.site.38, 25, 124, 149
537012.5.peg.167.site.39, 25, 124, 149
537012.5.peg.167.site.40, 3, 126, 129
537012.5.peg.167.site.41, 21, 126, 147
537012.5.peg.167.site.42, 3, 126, 129
537012.5.peg.167.site.43, 2, 126, 128
537012.5.peg.167.site.44, 10, 126, 136
537012.5.peg.167.site.45, 17, 122, 139
537012.5.peg.167.site.46, 14, 119, 133
537012.5.peg.167.site.47, 8, 113, 121
537012.5.peg.167.site.48, 10, 112, 122
537012.5.peg.167.site.49, 7, 112, 119
537012.5.peg.167.site.50, 0, 111, 111
537012.5.peg.167.site.51, 3, 111, 114
537012.5.peg.167.site.52, 1, 111, 112
537012.5.peg.167.site.53, 8, 113, 121
537012.5.peg.167.site.54, 5, 118, 123
537012.5.peg.167.site.55, 3, 126, 129
537012.5.peg.167.site.56, 1, 125, 126
537012.5.peg.167.site.57, 11, 126, 137
537012.5.peg.167.site.58, 11, 122, 133
537012.5.peg.167.site.59, 6, 122, 128
537012.5.peg.167.site.60, 11, 121, 132
537012.5.peg.167.site.61, 10, 112, 122
537012.5.peg.167.site.62, 10, 108, 118
537012.5.peg.692.site.1, 0, 82, 82
537012.5.peg.692.site.2, 4, 94, 98
537012.5.peg.692.site.3, 7, 101, 108
537012.5.peg.692.site.4, 12, 102, 114
537012.5.peg.692.site.5, 5, 84, 89
537012.5.peg.692.site.6, 1, 78, 79
537012.5.peg.692.site.7, 76, 77, 153
537012.5.peg.692.site.8, 0, 78, 78
537012.5.peg.692.site.9, 3, 79, 82
537012.5.peg.692.site.10, 1, 79, 80
537012.5.peg.692.site.11, 7, 77, 84
537012.5.peg.692.site.12, 1, 80, 81
537012.5.peg.692.site.13, 21, 79, 100
537012.5.peg.692.site.14, 12, 80, 92
537012.5.peg.692.site.15, 10, 79, 89
537012.5.peg.692.site.16, 65, 84, 149
537012.5.peg.692.site.17, 12, 83, 95
537012.5.peg.692.site.18, 1, 88, 89
537012.5.peg.692.site.19, 1, 88, 89
537012.5.peg.692.site.20, 0, 91, 91
537012.5.peg.692.site.21, 1, 93, 94
537012.5.peg.692.site.22, 3, 104, 107
537012.5.peg.692.site.23, 2, 113, 115
537012.5.peg.692.site.24, 6, 109, 115
537012.5.peg.692.site.25, 11, 109, 120
537012.5.peg.692.site.26, 1, 112, 113
537012.5.peg.692.site.27, 3, 115, 118
537012.5.peg.692.site.28, 1, 122, 123
537012.5.peg.692.site.29, 1, 114, 115
537012.5.peg.2827.site.1, 8, 134, 142
537012.5.peg.2827.site.2, 1, 134, 135
537012.5.peg.2827.site.3, 5, 134, 139
537012.5.peg.2827.site.4, 11, 132, 143
537012.5.peg.2827.site.5, 3, 132, 135
537012.5.peg.2827.site.6, 1, 134, 135
537012.5.peg.2827.site.7, 6, 134, 140
537012.5.peg.2827.site.8, 0, 134, 134
537012.5.peg.2827.site.9, 10, 134, 144
537012.5.peg.2827.site.10, 3, 134, 137
537012.5.peg.2827.site.11, 2, 134, 136
537012.5.peg.2827.site.12, 3, 134, 137
537012.5.peg.2827.site.13, 5, 134, 139
537012.5.peg.2827.site.14, 2, 134, 136
537012.5.peg.2827.site.15, 7, 133, 140
537012.5.peg.2827.site.16, 5, 133, 138
537012.5.peg.2827.site.17, 26, 131, 157
537012.5.peg.2827.site.18, 6, 134, 140
537012.5.peg.2827.site.19, 6, 134, 140
537012.5.peg.2827.site.20, 2, 134, 136
537012.5.peg.2827.site.21, 14, 134, 148
537012.5.peg.2827.site.22, 6, 134, 140
537012.5.peg.2827.site.23, 0, 134, 134
537012.5.peg.2827.site.24, 6, 134, 140
537012.5.peg.2827.site.25, 45, 134, 179
537012.5.peg.2827.site.26, 6, 132, 138
537012.5.peg.2827.site.27, 1, 134, 135
537012.5.peg.2827.site.28, 52, 134, 186
537012.5.peg.2827.site.29, 3, 134, 137
537012.5.peg.2827.site.30, 8, 134, 142
537012.5.peg.2827.site.31, 2, 134, 136
537012.5.peg.2827.site.32, 5, 133, 138
537012.5.peg.2827.site.33, 1, 133, 134
537012.5.peg.2820.site.1, 1, 134, 135
537012.5.peg.2820.site.2, 4, 134, 138
537012.5.peg.2820.site.3, 2, 134, 136
537012.5.peg.2820.site.4, 6, 134, 140
537012.5.peg.2820.site.5, 4, 131, 135
537012.5.peg.2820.site.6, 1, 132, 133
537012.5.peg.2820.site.7, 5, 132, 137
537012.5.peg.2820.site.8, 3, 134, 137
537012.5.peg.2820.site.9, 7, 134, 141
537012.5.peg.2820.site.10, 5, 134, 139
537012.5.peg.2820.site.11, 4, 133, 137
537012.5.peg.2820.site.12, 6, 134, 140
537012.5.peg.2820.site.13, 3, 134, 137
537012.5.peg.2820.site.14, 4, 132, 136
537012.5.peg.2820.site.15, 4, 132, 136
537012.5.peg.2820.site.16, 8, 133, 141
537012.5.peg.2820.site.17, 6, 134, 140
537012.5.peg.2820.site.18, 7, 134, 141
537012.5.peg.2820.site.19, 4, 133, 137
537012.5.peg.2820.site.20, 70, 134, 204
537012.5.peg.2820.site.21, 10, 132, 142
537012.5.peg.2820.site.22, 26, 133, 159
537012.5.peg.2820.site.23, 3, 131, 134
537012.5.peg.2820.site.24, 3, 131, 134
537012.5.peg.2820.site.25, 3, 130, 133
537012.5.peg.2820.site.26, 25, 133, 158
537012.5.peg.2820.site.27, 6, 131, 137
537012.5.peg.2820.site.28, 3, 130, 133
537012.5.peg.2820.site.29, 32, 131, 163
537012.5.peg.2820.site.30, 5, 133, 138
537012.5.peg.2357.site.1, 2, 134, 136
537012.5.peg.2357.site.2, 16, 132, 148
537012.5.peg.2357.site.3, 6, 134, 140
537012.5.peg.2357.site.4, 5, 132, 137
537012.5.peg.2357.site.5, 132, 134, 266
537012.5.peg.2357.site.6, 1, 134, 135
537012.5.peg.2357.site.7, 5, 133, 138
537012.5.peg.2357.site.8, 16, 132, 148
537012.5.peg.2357.site.9, 4, 132, 136
537012.5.peg.2357.site.10, 1, 134, 135
537012.5.peg.2357.site.11, 8, 134, 142
537012.5.peg.2357.site.12, 7, 132, 139
537012.5.peg.2357.site.13, 6, 134, 140
537012.5.peg.2357.site.14, 21, 133, 154
537012.5.peg.2357.site.15, 1, 134, 135
537012.5.peg.2357.site.16, 2, 133, 135
537012.5.peg.2357.site.17, 18, 134, 152
537012.5.peg.2357.site.18, 19, 132, 151
537012.5.peg.2357.site.19, 7, 133, 140
537012.5.peg.2357.site.20, 1, 134, 135
537012.5.peg.2357.site.21, 9, 134, 143
537012.5.peg.2357.site.22, 20, 133, 153
537012.5.peg.2357.site.23, 4, 129, 133
537012.5.peg.2357.site.24, 36, 123, 159
537012.5.peg.2357.site.25, 7, 128, 135
537012.5.peg.2357.site.26, 20, 133, 153
537012.5.peg.2357.site.27, 13, 132, 145
537012.5.peg.2357.site.28, 2, 127, 129
537012.5.peg.2357.site.29, 4, 131, 135
537012.5.peg.2357.site.30, 5, 132, 137
537012.5.peg.2357.site.31, 3, 134, 137
537012.5.peg.2357.site.32, 1, 134, 135
537012.5.peg.2357.site.33, 22, 133, 155
537012.5.peg.2357.site.34, 2, 132, 134
537012.5.peg.2357.site.35, 0, 130, 130
537012.5.peg.2822.site.1, 120, 133, 253
537012.5.peg.2822.site.2, 3, 130, 133
537012.5.peg.2822.site.3, 108, 132, 240
537012.5.peg.2822.site.4, 1, 130, 131
537012.5.peg.2822.site.5, 1, 129, 130
537012.5.peg.2822.site.6, 22, 131, 153
537012.5.peg.2822.site.7, 1, 131, 132
537012.5.peg.2822.site.8, 86, 130, 216
537012.5.peg.2822.site.9, 6, 131, 137
537012.5.peg.2822.site.10, 3, 132, 135
537012.5.peg.2822.site.11, 6, 132, 138
537012.5.peg.2822.site.12, 2, 132, 134
537012.5.peg.2822.site.13, 1, 132, 133
537012.5.peg.2822.site.14, 3, 130, 133
537012.5.peg.2822.site.15, 2, 131, 133
537012.5.peg.2822.site.16, 1, 134, 135
537012.5.peg.2822.site.17, 2, 134, 136
537012.5.peg.2822.site.18, 7, 132, 139
537012.5.peg.2822.site.19, 4, 132, 136
537012.5.peg.2822.site.20, 3, 134, 137
537012.5.peg.2822.site.21, 1, 133, 134
537012.5.peg.2822.site.22, 10, 131, 141
537012.5.peg.2822.site.23, 3, 134, 137
537012.5.peg.2822.site.24, 5, 133, 138
537012.5.peg.2822.site.25, 1, 134, 135
537012.5.peg.2822.site.26, 3, 133, 136
537012.5.peg.2822.site.27, 1, 134, 135
537012.5.peg.2822.site.28, 3, 132, 135
537012.5.peg.2822.site.29, 8, 129, 137
537012.5.peg.2822.site.30, 29, 129, 158
537012.5.peg.2822.site.31, 1, 131, 132
537012.5.peg.2822.site.32, 2, 130, 132
537012.5.peg.2822.site.33, 8, 132, 140
537012.5.peg.2822.site.34, 1, 131, 132
537012.5.peg.2822.site.35, 2, 131, 133
537012.5.peg.2822.site.36, 24, 132, 156
537012.5.peg.2822.site.37, 0, 134, 134
537012.5.peg.2822.site.38, 6, 134, 140
537012.5.peg.2355.site.1, 4, 132, 136
537012.5.peg.2355.site.2, 89, 134, 223
537012.5.peg.2355.site.3, 8, 132, 140
537012.5.peg.2355.site.4, 0, 134, 134
537012.5.peg.2355.site.5, 3, 131, 134
537012.5.peg.2355.site.6, 3, 132, 135
537012.5.peg.2355.site.7, 4, 132, 136
537012.5.peg.2355.site.8, 4, 133, 137
537012.5.peg.2355.site.9, 4, 132, 136
537012.5.peg.2355.site.10, 3, 132, 135
537012.5.peg.2355.site.11, 5, 133, 138
537012.5.peg.2355.site.12, 6, 134, 140
537012.5.peg.2355.site.13, 1, 133, 134
537012.5.peg.2355.site.14, 3, 132, 135
537012.5.peg.2355.site.15, 1, 132, 133
537012.5.peg.2355.site.16, 1, 130, 131
537012.5.peg.2355.site.17, 7, 130, 137
537012.5.peg.2355.site.18, 1, 130, 131
537012.5.peg.2355.site.19, 1, 131, 132
537012.5.peg.2355.site.20, 2, 131, 133
537012.5.peg.2355.site.21, 2, 133, 135
537012.5.peg.2355.site.22, 1, 134, 135
537012.5.peg.2355.site.23, 3, 131, 134
537012.5.peg.2355.site.24, 10, 131, 141
537012.5.peg.2355.site.25, 5, 131, 136
537012.5.peg.2355.site.26, 3, 132, 135
537012.5.peg.2355.site.27, 70, 132, 202
537012.5.peg.2355.site.28, 4, 132, 136
537012.5.peg.2355.site.29, 15, 134, 149
537012.5.peg.2355.site.30, 5, 134, 139
537012.5.peg.2355.site.31, 0, 134, 134
537012.5.peg.2355.site.32, 8, 134, 142
537012.5.peg.2355.site.33, 4, 133, 137
537012.5.peg.2355.site.34, 11, 132, 143
537012.5.peg.2355.site.35, 7, 132, 139
537012.5.peg.2355.site.36, 77, 133, 210
537012.5.peg.2355.site.37, 87, 134, 221
537012.5.peg.2355.site.38, 18, 131, 149
537012.5.peg.2355.site.39, 9, 134, 143
537012.5.peg.2355.site.40, 4, 131, 135
537012.5.peg.2355.site.41, 13, 134, 147
537012.5.peg.2355.site.42, 4, 131, 135
537012.5.peg.4825.site.1, 5, 132, 137
537012.5.peg.4825.site.2, 18, 132, 150
537012.5.peg.4825.site.3, 5, 133, 138
537012.5.peg.4825.site.4, 0, 133, 133
537012.5.peg.4825.site.5, 67, 134, 201
537012.5.peg.4825.site.6, 4, 132, 136
537012.5.peg.4825.site.7, 7, 134, 141
537012.5.peg.4825.site.8, 5, 133, 138
537012.5.peg.4825.site.9, 7, 134, 141
537012.5.peg.4825.site.10, 5, 133, 138
537012.5.peg.4825.site.11, 7, 134, 141
537012.5.peg.4825.site.12, 5, 133, 138
537012.5.peg.4825.site.13, 4, 134, 138
537012.5.peg.4825.site.14, 3, 132, 135
537012.5.peg.4825.site.15, 1, 134, 135
537012.5.peg.4825.site.16, 3, 134, 137
537012.5.peg.4825.site.17, 4, 132, 136
537012.5.peg.4825.site.18, 3, 134, 137
537012.5.peg.4825.site.19, 2, 131, 133
537012.5.peg.4825.site.20, 1, 132, 133
537012.5.peg.4825.site.21, 4, 134, 138
537012.5.peg.4825.site.22, 28, 134, 162
537012.5.peg.4825.site.23, 4, 132, 136
537012.5.peg.4825.site.24, 15, 131, 146
537012.5.peg.4825.site.25, 0, 133, 133
537012.5.peg.4825.site.26, 0, 131, 131
537012.5.peg.4825.site.27, 1, 129, 130
537012.5.peg.4825.site.28, 3, 130, 133
537012.5.peg.4825.site.29, 1, 130, 131
537012.5.peg.4825.site.30, 11, 131, 142
537012.5.peg.4825.site.31, 4, 132, 136
537012.5.peg.4825.site.32, 4, 132, 136
537012.5.peg.4825.site.33, 13, 133, 146
537012.5.peg.4825.site.34, 4, 132, 136
537012.5.peg.4825.site.35, 15, 132, 147
537012.5.peg.4825.site.36, 4, 132, 136
537012.5.peg.4825.site.37, 0, 134, 134
537012.5.peg.4825.site.38, 4, 132, 136
537012.5.peg.4825.site.39, 4, 132, 136
537012.5.peg.4825.site.40, 5, 133, 138
537012.5.peg.4825.site.41, 128, 130, 258
537012.5.peg.4825.site.42, 11, 129, 140
537012.5.peg.4825.site.43, 1, 130, 131
537012.5.peg.4825.site.44, 1, 130, 131
537012.5.peg.4825.site.45, 0, 133, 133
537012.5.peg.4825.site.46, 1, 134, 135
537012.5.peg.4825.site.47, 5, 133, 138
537012.5.peg.4825.site.48, 93, 132, 225
537012.5.peg.4825.site.49, 2, 131, 133
537012.5.peg.4825.site.50, 2, 130, 132
537012.5.peg.4825.site.51, 13, 131, 144
537012.5.peg.4825.site.52, 1, 132, 133
537012.5.peg.4825.site.53, 3, 128, 131
537012.5.peg.4825.site.54, 2, 129, 131
537012.5.peg.762.site.1, 0, 133, 133
537012.5.peg.762.site.2, 11, 132, 143
537012.5.peg.762.site.3, 3, 132, 135
537012.5.peg.762.site.4, 11, 132, 143
537012.5.peg.762.site.5, 4, 134, 138
537012.5.peg.762.site.6, 4, 132, 136
537012.5.peg.762.site.7, 2, 129, 131
537012.5.peg.762.site.8, 1, 128, 129
537012.5.peg.762.site.9, 6, 132, 138
537012.5.peg.762.site.10, 0, 132, 132
537012.5.peg.762.site.11, 0, 129, 129
537012.5.peg.762.site.12, 3, 132, 135
537012.5.peg.762.site.13, 4, 133, 137
537012.5.peg.762.site.14, 4, 132, 136
537012.5.peg.762.site.15, 3, 132, 135
537012.5.peg.762.site.16, 38, 131, 169
537012.5.peg.762.site.17, 1, 133, 134
537012.5.peg.762.site.18, 0, 131, 131
537012.5.peg.762.site.19, 1, 130, 131
537012.5.peg.762.site.20, 127, 128, 255
537012.5.peg.762.site.21, 0, 129, 129
537012.5.peg.762.site.22, 4, 129, 133
537012.5.peg.762.site.23, 1, 129, 130
537012.5.peg.762.site.24, 7, 129, 136
537012.5.peg.762.site.25, 1, 128, 129
537012.5.peg.762.site.26, 0, 128, 128
537012.5.peg.762.site.27, 1, 130, 131
537012.5.peg.762.site.28, 6, 130, 136
537012.5.peg.762.site.29, 2, 132, 134
537012.5.peg.762.site.30, 24, 133, 157
537012.5.peg.762.site.31, 2, 130, 132
537012.5.peg.762.site.32, 6, 132, 138
537012.5.peg.762.site.33, 8, 129, 137
537012.5.peg.762.site.34, 26, 131, 157
537012.5.peg.762.site.35, 77, 131, 208
537012.5.peg.762.site.36, 2, 131, 133
537012.5.peg.762.site.37, 2, 131, 133
537012.5.peg.762.site.38, 6, 133, 139
537012.5.peg.762.site.39, 2, 128, 130
537012.5.peg.762.site.40, 4, 124, 128
537012.5.peg.762.site.41, 0, 123, 123
537012.5.peg.762.site.42, 0, 108, 108
537012.5.peg.762.site.43, 0, 109, 109
537012.5.peg.762.site.44, 0, 130, 130
537012.5.peg.763.site.1, 4, 132, 136
537012.5.peg.763.site.2, 9, 130, 139
537012.5.peg.763.site.3, 3, 131, 134
537012.5.peg.763.site.4, 31, 131, 162
537012.5.peg.763.site.5, 1, 133, 134
537012.5.peg.763.site.6, 0, 132, 132
537012.5.peg.763.site.7, 81, 131, 212
537012.5.peg.763.site.8, 94, 130, 224
537012.5.peg.763.site.9, 103, 130, 233
537012.5.peg.763.site.10, 90, 129, 219
537012.5.peg.763.site.11, 24, 129, 153
537012.5.peg.763.site.12, 3, 129, 132
537012.5.peg.763.site.13, 7, 129, 136
537012.5.peg.763.site.14, 1, 129, 130
537012.5.peg.763.site.15, 1, 130, 131
537012.5.peg.763.site.16, 1, 134, 135
537012.5.peg.763.site.17, 1, 134, 135
537012.5.peg.763.site.18, 13, 131, 144
537012.5.peg.763.site.19, 3, 128, 131
537012.5.peg.763.site.20, 3, 128, 131
537012.5.peg.763.site.21, 1, 130, 131
537012.5.peg.763.site.22, 1, 130, 131
537012.5.peg.763.site.23, 7, 133, 140
537012.5.peg.763.site.24, 11, 132, 143
537012.5.peg.763.site.25, 2, 134, 136
537012.5.peg.763.site.26, 46, 134, 180
537012.5.peg.763.site.27, 4, 132, 136
537012.5.peg.763.site.28, 4, 132, 136
537012.5.peg.763.site.29, 44, 131, 175
537012.5.peg.763.site.30, 9, 133, 142
537012.5.peg.763.site.31, 5, 131, 136
537012.5.peg.763.site.32, 1, 130, 131
537012.5.peg.763.site.33, 2, 130, 132
537012.5.peg.763.site.34, 3, 132, 135
537012.5.peg.763.site.35, 0, 134, 134
537012.5.peg.763.site.36, 3, 131, 134
537012.5.peg.763.site.37, 3, 131, 134
537012.5.peg.760.site.1, 2, 130, 132
537012.5.peg.760.site.2, 16, 132, 148
537012.5.peg.760.site.3, 31, 124, 155
537012.5.peg.760.site.4, 1, 123, 124
537012.5.peg.760.site.5, 4, 129, 133
537012.5.peg.760.site.6, 1, 133, 134
537012.5.peg.760.site.7, 10, 132, 142
537012.5.peg.760.site.8, 4, 130, 134
537012.5.peg.760.site.9, 1, 125, 126
537012.5.peg.760.site.10, 4, 126, 130
537012.5.peg.760.site.11, 1, 123, 124
537012.5.peg.760.site.12, 4, 127, 131
537012.5.peg.760.site.13, 2, 129, 131
537012.5.peg.760.site.14, 5, 132, 137
537012.5.peg.760.site.15, 6, 128, 134
537012.5.peg.760.site.16, 1, 131, 132
537012.5.peg.760.site.17, 1, 129, 130
537012.5.peg.760.site.18, 0, 129, 129
537012.5.peg.760.site.19, 6, 134, 140
537012.5.peg.760.site.20, 5, 133, 138
537012.5.peg.760.site.21, 5, 133, 138
537012.5.peg.760.site.22, 1, 134, 135
537012.5.peg.760.site.23, 1, 133, 134
537012.5.peg.760.site.24, 2, 133, 135
537012.5.peg.760.site.25, 1, 134, 135
537012.5.peg.760.site.26, 5, 133, 138
537012.5.peg.760.site.27, 1, 134, 135
537012.5.peg.760.site.28, 11, 133, 144
537012.5.peg.760.site.29, 6, 133, 139
537012.5.peg.760.site.30, 2, 134, 136
537012.5.peg.760.site.31, 89, 132, 221
537012.5.peg.760.site.32, 1, 133, 134
537012.5.peg.761.site.1, 1, 130, 131
537012.5.peg.761.site.2, 3, 131, 134
537012.5.peg.761.site.3, 3, 131, 134
537012.5.peg.761.site.4, 2, 131, 133
537012.5.peg.761.site.5, 1, 134, 135
537012.5.peg.761.site.6, 1, 134, 135
537012.5.peg.761.site.7, 0, 134, 134
537012.5.peg.761.site.8, 5, 133, 138
537012.5.peg.761.site.9, 27, 134, 161
537012.5.peg.761.site.10, 4, 131, 135
537012.5.peg.761.site.11, 24, 133, 157
537012.5.peg.761.site.12, 25, 133, 158
537012.5.peg.761.site.13, 1, 133, 134
537012.5.peg.761.site.14, 1, 132, 133
537012.5.peg.761.site.15, 2, 130, 132
537012.5.peg.761.site.16, 10, 108, 118
537012.5.peg.761.site.17, 2, 106, 108
537012.5.peg.761.site.18, 7, 116, 123
537012.5.peg.761.site.19, 1, 125, 126
537012.5.peg.761.site.20, 1, 133, 134
537012.5.peg.761.site.21, 0, 133, 133
537012.5.peg.761.site.22, 4, 132, 136
537012.5.peg.761.site.23, 5, 132, 137
537012.5.peg.761.site.24, 1, 130, 131
537012.5.peg.761.site.25, 1, 130, 131
537012.5.peg.761.site.26, 4, 127, 131
537012.5.peg.761.site.27, 73, 129, 202
537012.5.peg.761.site.28, 2, 130, 132
537012.5.peg.761.site.29, 4, 133, 137
537012.5.peg.761.site.30, 2, 131, 133
537012.5.peg.761.site.31, 24, 130, 154
537012.5.peg.761.site.32, 1, 130, 131
537012.5.peg.761.site.33, 1, 130, 131
537012.5.peg.761.site.34, 1, 130, 131
537012.5.peg.761.site.35, 1, 130, 131
537012.5.peg.761.site.36, 35, 128, 163
537012.5.peg.761.site.37, 47, 130, 177
537012.5.peg.761.site.38, 1, 130, 131
537012.5.peg.761.site.39, 10, 129, 139
537012.5.peg.761.site.40, 5, 131, 136
537012.5.peg.761.site.41, 6, 133, 139
537012.5.peg.761.site.42, 1, 133, 134
537012.5.peg.761.site.43, 1, 133, 134
537012.5.peg.761.site.44, 4, 132, 136
537012.5.peg.761.site.45, 5, 133, 138
537012.5.peg.761.site.46, 3, 132, 135
537012.5.peg.761.site.47, 6, 134, 140
537012.5.peg.761.site.48, 119, 133, 252
537012.5.peg.761.site.49, 28, 132, 160
537012.5.peg.761.site.50, 1, 134, 135
537012.5.peg.766.site.1, 5, 133, 138
537012.5.peg.766.site.2, 3, 132, 135
537012.5.peg.766.site.3, 45, 131, 176
537012.5.peg.766.site.4, 2, 130, 132
537012.5.peg.766.site.5, 17, 129, 146
537012.5.peg.766.site.6, 31, 128, 159
537012.5.peg.766.site.7, 17, 129, 146
537012.5.peg.766.site.8, 1, 129, 130
537012.5.peg.766.site.9, 1, 128, 129
537012.5.peg.766.site.10, 16, 128, 144
537012.5.peg.766.site.11, 8, 122, 130
537012.5.peg.766.site.12, 4, 117, 121
537012.5.peg.766.site.13, 2, 118, 120
537012.5.peg.766.site.14, 26, 118, 144
537012.5.peg.766.site.15, 11, 115, 126
537012.5.peg.766.site.16, 1, 122, 123
537012.5.peg.766.site.17, 1, 126, 127
537012.5.peg.766.site.18, 1, 130, 131
537012.5.peg.766.site.19, 17, 129, 146
537012.5.peg.766.site.20, 20, 128, 148
537012.5.peg.766.site.21, 1, 128, 129
537012.5.peg.766.site.22, 2, 127, 129
537012.5.peg.767.site.1, 3, 130, 133
537012.5.peg.767.site.2, 17, 130, 147
537012.5.peg.767.site.3, 1, 128, 129
537012.5.peg.767.site.4, 3, 130, 133
537012.5.peg.767.site.5, 18, 130, 148
537012.5.peg.767.site.6, 0, 130, 130
537012.5.peg.767.site.7, 1, 132, 133
537012.5.peg.767.site.8, 1, 132, 133
537012.5.peg.767.site.9, 3, 132, 135
537012.5.peg.767.site.10, 15, 132, 147
537012.5.peg.767.site.11, 15, 131, 146
537012.5.peg.767.site.12, 2, 131, 133
537012.5.peg.767.site.13, 33, 130, 163
537012.5.peg.767.site.14, 1, 127, 128
537012.5.peg.767.site.15, 1, 126, 127
537012.5.peg.767.site.16, 4, 117, 121
537012.5.peg.767.site.17, 1, 119, 120
537012.5.peg.767.site.18, 12, 125, 137
537012.5.peg.767.site.19, 12, 125, 137
537012.5.peg.767.site.20, 0, 128, 128
537012.5.peg.767.site.21, 16, 129, 145
537012.5.peg.767.site.22, 0, 130, 130
537012.5.peg.767.site.23, 3, 130, 133
537012.5.peg.767.site.24, 3, 130, 133
537012.5.peg.767.site.25, 56, 129, 185
537012.5.peg.767.site.26, 17, 130, 147
537012.5.peg.767.site.27, 9, 130, 139
537012.5.peg.767.site.28, 6, 129, 135
537012.5.peg.767.site.29, 19, 129, 148
537012.5.peg.767.site.30, 1, 130, 131
537012.5.peg.767.site.31, 1, 130, 131
537012.5.peg.767.site.32, 14, 130, 144
537012.5.peg.767.site.33, 1, 130, 131
537012.5.peg.767.site.34, 18, 133, 151
537012.5.peg.767.site.35, 38, 130, 168
537012.5.peg.767.site.36, 9, 133, 142
537012.5.peg.767.site.37, 86, 128, 214
537012.5.peg.767.site.38, 1, 99, 100
537012.5.peg.767.site.39, 34, 95, 129
537012.5.peg.767.site.40, 35, 94, 129
537012.5.peg.767.site.41, 0, 112, 112
537012.5.peg.767.site.42, 86, 123, 209
537012.5.peg.767.site.43, 9, 126, 135
537012.5.peg.767.site.44, 0, 127, 127
537012.5.peg.767.site.45, 7, 128, 135
537012.5.peg.767.site.46, 1, 127, 128
537012.5.peg.767.site.47, 5, 129, 134
537012.5.peg.767.site.48, 1, 131, 132
537012.5.peg.767.site.49, 2, 131, 133
537012.5.peg.767.site.50, 17, 129, 146
537012.5.peg.767.site.51, 43, 93, 136
537012.5.peg.767.site.52, 39, 69, 108
537012.5.peg.767.site.53, 19, 122, 141
537012.5.peg.767.site.54, 18, 128, 146
537012.5.peg.767.site.55, 17, 129, 146
537012.5.peg.767.site.56, 1, 129, 130
537012.5.peg.767.site.57, 1, 129, 130
537012.5.peg.767.site.58, 1, 129, 130
537012.5.peg.767.site.59, 6, 130, 136
537012.5.peg.767.site.60, 9, 133, 142
537012.5.peg.767.site.61, 1, 133, 134
537012.5.peg.767.site.62, 3, 132, 135
537012.5.peg.767.site.63, 27, 129, 156
537012.5.peg.767.site.64, 1, 130, 131
537012.5.peg.767.site.65, 46, 129, 175
537012.5.peg.767.site.66, 6, 130, 136
537012.5.peg.767.site.67, 3, 132, 135
537012.5.peg.767.site.68, 12, 134, 146
537012.5.peg.767.site.69, 5, 133, 138
537012.5.peg.767.site.70, 2, 134, 136
537012.5.peg.767.site.71, 5, 133, 138
537012.5.peg.767.site.72, 1, 134, 135
537012.5.peg.767.site.73, 5, 133, 138
537012.5.peg.767.site.74, 1, 130, 131
537012.5.peg.767.site.75, 9, 129, 138
537012.5.peg.767.site.76, 4, 133, 137
537012.5.peg.767.site.77, 3, 132, 135
537012.5.peg.767.site.78, 9, 133, 142
537012.5.peg.767.site.79, 13, 133, 146
537012.5.peg.767.site.80, 3, 131, 134
537012.5.peg.767.site.81, 38, 131, 169
537012.5.peg.767.site.82, 1, 134, 135
537012.5.peg.767.site.83, 8, 134, 142
537012.5.peg.767.site.84, 2, 131, 133
537012.5.peg.767.site.85, 18, 131, 149
537012.5.peg.767.site.86, 0, 129, 129
537012.5.peg.767.site.87, 1, 132, 133
537012.5.peg.767.site.88, 1, 132, 133
537012.5.peg.767.site.89, 1, 132, 133
537012.5.peg.767.site.90, 3, 134, 137
537012.5.peg.767.site.91, 4, 133, 137
537012.5.peg.767.site.92, 13, 130, 143
537012.5.peg.767.site.93, 0, 130, 130
537012.5.peg.767.site.94, 15, 130, 145
537012.5.peg.767.site.95, 87, 129, 216
537012.5.peg.767.site.96, 1, 130, 131
537012.5.peg.767.site.97, 14, 129, 143
537012.5.peg.767.site.98, 19, 130, 149
537012.5.peg.767.site.99, 1, 130, 131
537012.5.peg.767.site.100, 1, 129, 130
537012.5.peg.767.site.101, 1, 130, 131
537012.5.peg.764.site.1, 0, 129, 129
537012.5.peg.764.site.2, 0, 129, 129
537012.5.peg.764.site.3, 2, 130, 132
537012.5.peg.764.site.4, 13, 129, 142
537012.5.peg.764.site.5, 89, 129, 218
537012.5.peg.764.site.6, 4, 132, 136
537012.5.peg.764.site.7, 15, 132, 147
537012.5.peg.764.site.8, 6, 134, 140
537012.5.peg.765.site.1, 5, 133, 138
537012.5.peg.765.site.2, 11, 132, 143
537012.5.peg.765.site.3, 6, 134, 140
537012.5.peg.765.site.4, 5, 133, 138
537012.5.peg.765.site.5, 0, 134, 134
537012.5.peg.765.site.6, 2, 130, 132
537012.5.peg.765.site.7, 1, 130, 131
537012.5.peg.765.site.8, 6, 130, 136
537012.5.peg.765.site.9, 6, 129, 135
537012.5.peg.765.site.10, 1, 130, 131
537012.5.peg.765.site.11, 1, 130, 131
537012.5.peg.765.site.12, 3, 130, 133
537012.5.peg.765.site.13, 6, 129, 135
537012.5.peg.765.site.14, 5, 129, 134
537012.5.peg.765.site.15, 7, 130, 137
537012.5.peg.765.site.16, 17, 130, 147
537012.5.peg.765.site.17, 9, 130, 139
537012.5.peg.765.site.18, 0, 130, 130
537012.5.peg.765.site.19, 1, 130, 131
537012.5.peg.765.site.20, 10, 131, 141
537012.5.peg.765.site.21, 2, 130, 132
537012.5.peg.765.site.22, 3, 133, 136
537012.5.peg.765.site.23, 1, 129, 130
537012.5.peg.765.site.24, 9, 130, 139
537012.5.peg.765.site.25, 0, 129, 129
537012.5.peg.765.site.26, 3, 130, 133
537012.5.peg.765.site.27, 2, 130, 132
537012.5.peg.765.site.28, 1, 131, 132
537012.5.peg.765.site.29, 6, 130, 136
537012.5.peg.765.site.30, 1, 130, 131
537012.5.peg.765.site.31, 1, 129, 130
537012.5.peg.765.site.32, 0, 129, 129
537012.5.peg.765.site.33, 1, 130, 131
537012.5.peg.765.site.34, 9, 132, 141
537012.5.peg.765.site.35, 2, 131, 133
537012.5.peg.765.site.36, 1, 134, 135
537012.5.peg.765.site.37, 2, 130, 132
537012.5.peg.765.site.38, 7, 133, 140
537012.5.peg.765.site.39, 9, 131, 140
537012.5.peg.765.site.40, 1, 131, 132
537012.5.peg.765.site.41, 8, 131, 139
537012.5.peg.765.site.42, 3, 131, 134
537012.5.peg.765.site.43, 24, 134, 158
537012.5.peg.765.site.44, 2, 134, 136
537012.5.peg.765.site.45, 1, 134, 135
537012.5.peg.765.site.46, 0, 134, 134
537012.5.peg.765.site.47, 14, 129, 143
537012.5.peg.765.site.48, 63, 132, 195
537012.5.peg.765.site.49, 1, 129, 130
537012.5.peg.765.site.50, 1, 126, 127
537012.5.peg.765.site.51, 2, 125, 127
537012.5.peg.765.site.52, 0, 131, 131
537012.5.peg.765.site.53, 3, 130, 133
537012.5.peg.765.site.54, 1, 129, 130
537012.5.peg.765.site.55, 0, 130, 130
537012.5.peg.765.site.56, 1, 130, 131
537012.5.peg.765.site.57, 47, 130, 177
537012.5.peg.765.site.58, 129, 130, 259
537012.5.peg.765.site.59, 4, 132, 136
537012.5.peg.769.site.1, 67, 130, 197
537012.5.peg.769.site.2, 27, 130, 157
537012.5.peg.769.site.3, 0, 130, 130
537012.5.peg.769.site.4, 11, 129, 140
537012.5.peg.769.site.5, 17, 130, 147
537012.5.peg.769.site.6, 1, 131, 132
537012.5.peg.769.site.7, 3, 130, 133
537012.5.peg.769.site.8, 1, 131, 132
537012.5.peg.769.site.9, 2, 132, 134
537012.5.peg.769.site.10, 2, 131, 133
537012.5.peg.769.site.11, 2, 129, 131
537012.5.peg.769.site.12, 4, 130, 134
537012.5.peg.769.site.13, 16, 131, 147
537012.5.peg.769.site.14, 2, 130, 132
537012.5.peg.769.site.15, 1, 130, 131
537012.5.peg.769.site.16, 1, 130, 131
537012.5.peg.769.site.17, 15, 130, 145
537012.5.peg.769.site.18, 30, 129, 159
537012.5.peg.769.site.19, 1, 129, 130
537012.5.peg.769.site.20, 1, 134, 135
537012.5.peg.769.site.21, 2, 132, 134
537012.5.peg.769.site.22, 0, 134, 134
537012.5.peg.769.site.23, 10, 133, 143
537012.5.peg.769.site.24, 4, 133, 137
537012.5.peg.769.site.25, 5, 134, 139
537012.5.peg.769.site.26, 133, 134, 267
537012.5.peg.3510.site.1, 1, 124, 125
537012.5.peg.3510.site.2, 8, 125, 133
537012.5.peg.3510.site.3, 7, 129, 136
537012.5.peg.3510.site.4, 17, 129, 146
537012.5.peg.3510.site.5, 1, 128, 129
537012.5.peg.3510.site.6, 1, 128, 129
537012.5.peg.3510.site.7, 4, 127, 131
537012.5.peg.3510.site.8, 1, 126, 127
537012.5.peg.3510.site.9, 1, 127, 128
537012.5.peg.3510.site.10, 6, 127, 133
537012.5.peg.3510.site.11, 0, 127, 127
537012.5.peg.3510.site.12, 2, 126, 128
537012.5.peg.3510.site.13, 8, 127, 135
537012.5.peg.3510.site.14, 8, 126, 134
537012.5.peg.3510.site.15, 5, 126, 131
537012.5.peg.3510.site.16, 6, 126, 132
537012.5.peg.3510.site.17, 11, 124, 135
537012.5.peg.3510.site.18, 6, 127, 133
537012.5.peg.3510.site.19, 10, 125, 135
537012.5.peg.3510.site.20, 24, 125, 149
537012.5.peg.3510.site.21, 14, 127, 141
537012.5.peg.3510.site.22, 1, 127, 128
537012.5.peg.3510.site.23, 119, 123, 242
537012.5.peg.3510.site.24, 45, 114, 159
537012.5.peg.3510.site.25, 2, 104, 106
537012.5.peg.3510.site.26, 53, 92, 145
537012.5.peg.3510.site.27, 65, 84, 149
537012.5.peg.3510.site.28, 11, 30, 41
537012.5.peg.4827.site.1, 2, 127, 129
537012.5.peg.4827.site.2, 0, 126, 126
537012.5.peg.4827.site.3, 0, 126, 126
537012.5.peg.4827.site.4, 4, 125, 129
537012.5.peg.4827.site.5, 33, 127, 160
537012.5.peg.2199.site.1, 6, 106, 112
537012.5.peg.2199.site.2, 1, 104, 105
537012.5.peg.2199.site.3, 7, 110, 117
537012.5.peg.2199.site.4, 2, 121, 123
537012.5.peg.2199.site.5, 0, 114, 114
537012.5.peg.2199.site.6, 0, 103, 103
537012.5.peg.2199.site.7, 0, 113, 113
537012.5.peg.2199.site.8, 3, 116, 119
537012.5.peg.2628.site.1, 32, 106, 138
537012.5.peg.2628.site.2, 1, 106, 107
537012.5.peg.2628.site.3, 4, 121, 125
537012.5.peg.2628.site.4, 1, 118, 119
537012.5.peg.2628.site.5, 3, 127, 130
537012.5.peg.2628.site.6, 2, 129, 131
537012.5.peg.2628.site.7, 1, 132, 133
537012.5.peg.2628.site.8, 1, 132, 133
537012.5.peg.2628.site.9, 7, 131, 138
537012.5.peg.2628.site.10, 7, 128, 135
537012.5.peg.2628.site.11, 15, 127, 142
537012.5.peg.2629.site.1, 0, 128, 128
537012.5.peg.2629.site.2, 1, 130, 131
537012.5.peg.2629.site.3, 94, 129, 223
537012.5.peg.2629.site.4, 1, 130, 131
537012.5.peg.2629.site.5, 7, 130, 137
537012.5.peg.2629.site.6, 7, 130, 137
537012.5.peg.2629.site.7, 41, 130, 171
537012.5.peg.2629.site.8, 7, 130, 137
537012.5.peg.2629.site.9, 2, 130, 132
537012.5.peg.2629.site.10, 0, 129, 129
537012.5.peg.2629.site.11, 1, 131, 132
537012.5.peg.2622.site.1, 2, 133, 135
537012.5.peg.2622.site.2, 2, 130, 132
537012.5.peg.2622.site.3, 2, 129, 131
537012.5.peg.2622.site.4, 1, 131, 132
537012.5.peg.2622.site.5, 24, 130, 154
537012.5.peg.2622.site.6, 1, 129, 130
537012.5.peg.2622.site.7, 8, 129, 137
537012.5.peg.2622.site.8, 2, 132, 134
537012.5.peg.2622.site.9, 2, 130, 132
537012.5.peg.2622.site.10, 4, 131, 135
537012.5.peg.2622.site.11, 3, 134, 137
537012.5.peg.2622.site.12, 2, 134, 136
537012.5.peg.2622.site.13, 0, 130, 130
537012.5.peg.2622.site.14, 6, 130, 136
537012.5.peg.2622.site.15, 1, 132, 133
537012.5.peg.2622.site.16, 10, 134, 144
537012.5.peg.2622.site.17, 1, 130, 131
537012.5.peg.2622.site.18, 0, 130, 130
537012.5.peg.2622.site.19, 7, 130, 137
537012.5.peg.2622.site.20, 1, 129, 130
537012.5.peg.2622.site.21, 9, 129, 138
537012.5.peg.2622.site.22, 2, 131, 133
537012.5.peg.2622.site.23, 1, 128, 129
537012.5.peg.2622.site.24, 33, 130, 163
537012.5.peg.2622.site.25, 4, 130, 134
537012.5.peg.2622.site.26, 6, 132, 138
537012.5.peg.2620.site.1, 0, 131, 131
537012.5.peg.2620.site.2, 1, 133, 134
537012.5.peg.2620.site.3, 4, 132, 136
537012.5.peg.2620.site.4, 4, 132, 136
537012.5.peg.2620.site.5, 5, 133, 138
537012.5.peg.2620.site.6, 5, 133, 138
537012.5.peg.2620.site.7, 1, 133, 134
537012.5.peg.2620.site.8, 1, 130, 131
537012.5.peg.2620.site.9, 2, 129, 131
537012.5.peg.2620.site.10, 12, 130, 142
537012.5.peg.2620.site.11, 2, 131, 133
537012.5.peg.2620.site.12, 3, 130, 133
537012.5.peg.2620.site.13, 1, 131, 132
537012.5.peg.2620.site.14, 2, 131, 133
537012.5.peg.2620.site.15, 7, 128, 135
537012.5.peg.2620.site.16, 12, 130, 142
537012.5.peg.2620.site.17, 2, 128, 130
537012.5.peg.2620.site.18, 6, 129, 135
537012.5.peg.2620.site.19, 2, 130, 132
537012.5.peg.2620.site.20, 3, 131, 134
537012.5.peg.2620.site.21, 7, 130, 137
537012.5.peg.2620.site.22, 1, 130, 131
537012.5.peg.2620.site.23, 6, 132, 138
537012.5.peg.2620.site.24, 2, 130, 132
537012.5.peg.2620.site.25, 10, 131, 141
537012.5.peg.2620.site.26, 19, 131, 150
537012.5.peg.2620.site.27, 1, 131, 132
537012.5.peg.2620.site.28, 32, 130, 162
537012.5.peg.2620.site.29, 1, 131, 132
537012.5.peg.2620.site.30, 9, 129, 138
537012.5.peg.2620.site.31, 4, 131, 135
537012.5.peg.2620.site.32, 2, 130, 132
537012.5.peg.2620.site.33, 10, 131, 141
537012.5.peg.2620.site.34, 10, 132, 142
537012.5.peg.2620.site.35, 3, 130, 133
537012.5.peg.2620.site.36, 2, 133, 135
537012.5.peg.2620.site.37, 8, 132, 140
537012.5.peg.2620.site.38, 1, 133, 134
537012.5.peg.2620.site.39, 1, 130, 131
537012.5.peg.2620.site.40, 0, 130, 130
537012.5.peg.2620.site.41, 7, 130, 137
537012.5.peg.2620.site.42, 2, 130, 132
537012.5.peg.2620.site.43, 1, 129, 130
537012.5.peg.2620.site.44, 1, 131, 132
537012.5.peg.2620.site.45, 2, 130, 132
537012.5.peg.2620.site.46, 3, 130, 133
537012.5.peg.2620.site.47, 2, 131, 133
537012.5.peg.2620.site.48, 3, 132, 135
537012.5.peg.2620.site.49, 110, 133, 243
537012.5.peg.2620.site.50, 4, 133, 137
537012.5.peg.2620.site.51, 3, 134, 137
537012.5.peg.2620.site.52, 1, 119, 120
537012.5.peg.2620.site.53, 3, 53, 56
537012.5.peg.2620.site.54, 3, 30, 33
537012.5.peg.2620.site.55, 3, 22, 25
537012.5.peg.2620.site.56, 6, 18, 24
537012.5.peg.2620.site.57, 3, 15, 18
537012.5.peg.2621.site.1, 5, 30, 35
537012.5.peg.2621.site.2, 3, 133, 136
537012.5.peg.2621.site.3, 3, 132, 135
537012.5.peg.2621.site.4, 7, 133, 140
537012.5.peg.2621.site.5, 0, 132, 132
537012.5.peg.2621.site.6, 3, 134, 137
537012.5.peg.2621.site.7, 0, 132, 132
537012.5.peg.2621.site.8, 0, 132, 132
537012.5.peg.2621.site.9, 8, 133, 141
537012.5.peg.2621.site.10, 3, 134, 137
537012.5.peg.2621.site.11, 1, 132, 133
537012.5.peg.2621.site.12, 1, 132, 133
537012.5.peg.2621.site.13, 3, 131, 134
537012.5.peg.2621.site.14, 2, 134, 136
537012.5.peg.2621.site.15, 1, 134, 135
537012.5.peg.2621.site.16, 5, 132, 137
537012.5.peg.2621.site.17, 4, 131, 135
537012.5.peg.2621.site.18, 5, 132, 137
537012.5.peg.2621.site.19, 0, 134, 134
537012.5.peg.2621.site.20, 2, 134, 136
537012.5.peg.2621.site.21, 6, 132, 138
537012.5.peg.2621.site.22, 4, 131, 135
537012.5.peg.2621.site.23, 3, 134, 137
537012.5.peg.2626.site.1, 1, 87, 88
537012.5.peg.2626.site.2, 5, 82, 87
537012.5.peg.2626.site.3, 12, 76, 88
537012.5.peg.2626.site.4, 70, 76, 146
537012.5.peg.2626.site.5, 12, 82, 94
537012.5.peg.2626.site.6, 5, 87, 92
537012.5.peg.2626.site.7, 1, 97, 98
537012.5.peg.2626.site.8, 8, 100, 108
537012.5.peg.2626.site.9, 2, 100, 102
537012.5.peg.2626.site.10, 6, 96, 102
537012.5.peg.2626.site.11, 8, 94, 102
537012.5.peg.2626.site.12, 5, 95, 100
537012.5.peg.2626.site.13, 45, 92, 137
537012.5.peg.2626.site.14, 1, 85, 86
537012.5.peg.2626.site.15, 32, 88, 120
537012.5.peg.2626.site.16, 3, 104, 107
537012.5.peg.2626.site.17, 7, 115, 122
537012.5.peg.2626.site.18, 8, 116, 124
537012.5.peg.2626.site.19, 2, 121, 123
537012.5.peg.2626.site.20, 5, 123, 128
537012.5.peg.2626.site.21, 0, 123, 123
537012.5.peg.2626.site.22, 5, 124, 129
537012.5.peg.2626.site.23, 2, 119, 121
537012.5.peg.2626.site.24, 1, 123, 124
537012.5.peg.2626.site.25, 1, 122, 123
537012.5.peg.2626.site.26, 2, 119, 121
537012.5.peg.2626.site.27, 1, 111, 112
537012.5.peg.2626.site.28, 0, 104, 104
537012.5.peg.2626.site.29, 34, 109, 143
537012.5.peg.2626.site.30, 2, 106, 108
537012.5.peg.2626.site.31, 6, 108, 114
537012.5.peg.2626.site.32, 1, 107, 108
537012.5.peg.2626.site.33, 17, 103, 120
537012.5.peg.2626.site.34, 5, 100, 105
537012.5.peg.2626.site.35, 8, 96, 104
537012.5.peg.2626.site.36, 48, 73, 121
537012.5.peg.2626.site.37, 0, 76, 76
537012.5.peg.2626.site.38, 6, 85, 91
537012.5.peg.2626.site.39, 5, 88, 93
537012.5.peg.2626.site.40, 59, 86, 145
537012.5.peg.2626.site.41, 6, 89, 95
537012.5.peg.2626.site.42, 8, 85, 93
537012.5.peg.2626.site.43, 9, 85, 94
537012.5.peg.2626.site.44, 6, 84, 90
537012.5.peg.2626.site.45, 7, 83, 90
537012.5.peg.2626.site.46, 1, 81, 82
537012.5.peg.2626.site.47, 14, 80, 94
537012.5.peg.2626.site.48, 1, 81, 82
537012.5.peg.2626.site.49, 0, 82, 82
537012.5.peg.2626.site.50, 1, 82, 83
537012.5.peg.2626.site.51, 3, 79, 82
537012.5.peg.2626.site.52, 2, 79, 81
537012.5.peg.2626.site.53, 6, 80, 86
537012.5.peg.2626.site.54, 3, 79, 82
537012.5.peg.2626.site.55, 19, 82, 101
537012.5.peg.2626.site.56, 1, 85, 86
537012.5.peg.2626.site.57, 1, 86, 87
537012.5.peg.2626.site.58, 41, 83, 124
537012.5.peg.2626.site.59, 53, 86, 139
537012.5.peg.2626.site.60, 55, 99, 154
537012.5.peg.2626.site.61, 6, 112, 118
537012.5.peg.2626.site.62, 9, 109, 118
537012.5.peg.2626.site.63, 3, 126, 129
537012.5.peg.2626.site.64, 4, 127, 131
537012.5.peg.2626.site.65, 3, 130, 133
537012.5.peg.2626.site.66, 0, 131, 131
537012.5.peg.2626.site.67, 6, 131, 137
537012.5.peg.2626.site.68, 5, 131, 136
537012.5.peg.2626.site.69, 3, 131, 134
537012.5.peg.2626.site.70, 3, 129, 132
537012.5.peg.2626.site.71, 1, 126, 127
537012.5.peg.2626.site.72, 16, 123, 139
537012.5.peg.2626.site.73, 119, 123, 242
537012.5.peg.2626.site.74, 75, 122, 197
537012.5.peg.2626.site.75, 7, 123, 130
537012.5.peg.2626.site.76, 7, 123, 130
537012.5.peg.2626.site.77, 6, 115, 121
537012.5.peg.2626.site.78, 5, 115, 120
537012.5.peg.2626.site.79, 113, 115, 228
537012.5.peg.2626.site.80, 41, 120, 161
537012.5.peg.2626.site.81, 24, 116, 140
537012.5.peg.2626.site.82, 6, 110, 116
537012.5.peg.2626.site.83, 6, 110, 116
537012.5.peg.2626.site.84, 0, 111, 111
537012.5.peg.2626.site.85, 11, 113, 124
537012.5.peg.2626.site.86, 3, 122, 125
537012.5.peg.2626.site.87, 5, 126, 131
537012.5.peg.2626.site.88, 14, 127, 141
537012.5.peg.2626.site.89, 42, 127, 169
537012.5.peg.2626.site.90, 1, 128, 129
537012.5.peg.2626.site.91, 2, 129, 131
537012.5.peg.2626.site.92, 1, 130, 131
537012.5.peg.2627.site.1, 1, 126, 127
537012.5.peg.2627.site.2, 1, 130, 131
537012.5.peg.2627.site.3, 3, 130, 133
537012.5.peg.2627.site.4, 3, 127, 130
537012.5.peg.2627.site.5, 9, 128, 137
537012.5.peg.2627.site.6, 42, 126, 168
537012.5.peg.2627.site.7, 2, 126, 128
537012.5.peg.2627.site.8, 1, 123, 124
537012.5.peg.2627.site.9, 114, 115, 229
537012.5.peg.2627.site.10, 8, 107, 115
537012.5.peg.2627.site.11, 15, 101, 116
537012.5.peg.2627.site.12, 12, 98, 110
537012.5.peg.2627.site.13, 3, 91, 94
537012.5.peg.2627.site.14, 49, 84, 133
537012.5.peg.2627.site.15, 5, 88, 93
537012.5.peg.2627.site.16, 1, 86, 87
537012.5.peg.2627.site.17, 7, 123, 130
537012.5.peg.2627.site.18, 0, 124, 124
537012.5.peg.2627.site.19, 4, 130, 134
537012.5.peg.2627.site.20, 1, 130, 131
537012.5.peg.2627.site.21, 0, 130, 130
537012.5.peg.2627.site.22, 0, 130, 130
537012.5.peg.2627.site.23, 0, 129, 129
537012.5.peg.2627.site.24, 1, 128, 129
537012.5.peg.2627.site.25, 1, 119, 120
537012.5.peg.2627.site.26, 6, 118, 124
537012.5.peg.2627.site.27, 10, 126, 136
537012.5.peg.2627.site.28, 0, 126, 126
537012.5.peg.2627.site.29, 3, 127, 130
537012.5.peg.2627.site.30, 4, 128, 132
537012.5.peg.2627.site.31, 8, 126, 134
537012.5.peg.2627.site.32, 5, 124, 129
537012.5.peg.2627.site.33, 6, 124, 130
537012.5.peg.2627.site.34, 9, 124, 133
537012.5.peg.2627.site.35, 2, 120, 122
537012.5.peg.2627.site.36, 3, 110, 113
537012.5.peg.2627.site.37, 1, 85, 86
537012.5.peg.2627.site.38, 48, 78, 126
537012.5.peg.2627.site.39, 1, 83, 84
537012.5.peg.2624.site.1, 36, 130, 166
537012.5.peg.2624.site.2, 3, 129, 132
537012.5.peg.2624.site.3, 2, 130, 132
537012.5.peg.2624.site.4, 19, 131, 150
537012.5.peg.2624.site.5, 1, 123, 124
537012.5.peg.2624.site.6, 1, 116, 117
537012.5.peg.2624.site.7, 1, 113, 114
537012.5.peg.2624.site.8, 1, 120, 121
537012.5.peg.2624.site.9, 1, 124, 125
537012.5.peg.2624.site.10, 1, 121, 122
537012.5.peg.2624.site.11, 1, 129, 130
537012.5.peg.2624.site.12, 4, 129, 133
537012.5.peg.2624.site.13, 7, 130, 137
537012.5.peg.2624.site.14, 7, 130, 137
537012.5.peg.2624.site.15, 6, 130, 136
537012.5.peg.2624.site.16, 1, 130, 131
537012.5.peg.2624.site.17, 21, 130, 151
537012.5.peg.2624.site.18, 18, 130, 148
537012.5.peg.2624.site.19, 1, 130, 131
537012.5.peg.2624.site.20, 0, 130, 130
537012.5.peg.2624.site.21, 1, 130, 131
537012.5.peg.2624.site.22, 37, 130, 167
537012.5.peg.2624.site.23, 4, 131, 135
537012.5.peg.2624.site.24, 43, 131, 174
537012.5.peg.2624.site.25, 1, 129, 130
537012.5.peg.2624.site.26, 17, 130, 147
537012.5.peg.2624.site.27, 2, 131, 133
537012.5.peg.2624.site.28, 3, 132, 135
537012.5.peg.2624.site.29, 8, 134, 142
537012.5.peg.2624.site.30, 0, 134, 134
537012.5.peg.2624.site.31, 9, 134, 143
537012.5.peg.2624.site.32, 23, 132, 155
537012.5.peg.2624.site.33, 0, 134, 134
537012.5.peg.2624.site.34, 9, 134, 143
537012.5.peg.2624.site.35, 22, 132, 154
537012.5.peg.2624.site.36, 36, 133, 169
537012.5.peg.2624.site.37, 28, 134, 162
537012.5.peg.2624.site.38, 19, 134, 153
537012.5.peg.2624.site.39, 133, 134, 267
537012.5.peg.2624.site.40, 0, 133, 133
537012.5.peg.2624.site.41, 57, 134, 191
537012.5.peg.2197.site.1, 13, 85, 98
537012.5.peg.2197.site.2, 1, 78, 79
537012.5.peg.2197.site.3, 36, 69, 105
537012.5.peg.2197.site.4, 33, 67, 100
537012.5.peg.2197.site.5, 1, 70, 71
537012.5.peg.2197.site.6, 13, 69, 82
537012.5.peg.2197.site.7, 46, 69, 115
537012.5.peg.2197.site.8, 47, 70, 117
537012.5.peg.2197.site.9, 2, 72, 74
537012.5.peg.2197.site.10, 43, 70, 113
537012.5.peg.2197.site.11, 7, 71, 78
537012.5.peg.2197.site.12, 56, 70, 126
537012.5.peg.2197.site.13, 6, 72, 78
537012.5.peg.2197.site.14, 0, 73, 73
537012.5.peg.2197.site.15, 2, 73, 75
537012.5.peg.2197.site.16, 26, 72, 98
537012.5.peg.2197.site.17, 30, 85, 115
537012.5.peg.2197.site.18, 2, 87, 89
537012.5.peg.2197.site.19, 1, 100, 101
537012.5.peg.2197.site.20, 3, 100, 103
537012.5.peg.2197.site.21, 20, 99, 119
537012.5.peg.2197.site.22, 0, 100, 100
537012.5.peg.2197.site.23, 1, 101, 102
537012.5.peg.2197.site.24, 2, 90, 92
537012.5.peg.2197.site.25, 13, 91, 104
537012.5.peg.2197.site.26, 15, 90, 105
537012.5.peg.2197.site.27, 7, 80, 87
537012.5.peg.2197.site.28, 0, 86, 86
537012.5.peg.2197.site.29, 7, 86, 93
537012.5.peg.2197.site.30, 7, 88, 95
537012.5.peg.2197.site.31, 14, 95, 109
537012.5.peg.2197.site.32, 12, 94, 106
537012.5.peg.560.site.1, 2, 131, 133
537012.5.peg.560.site.2, 2, 132, 134
537012.5.peg.560.site.3, 1, 132, 133
537012.5.peg.560.site.4, 55, 131, 186
537012.5.peg.560.site.5, 1, 130, 131
537012.5.peg.560.site.6, 2, 131, 133
537012.5.peg.560.site.7, 2, 131, 133
537012.5.peg.560.site.8, 8, 130, 138
537012.5.peg.560.site.9, 0, 132, 132
537012.5.peg.560.site.10, 1, 131, 132
537012.5.peg.560.site.11, 105, 131, 236
537012.5.peg.560.site.12, 7, 133, 140
537012.5.peg.560.site.13, 10, 132, 142
537012.5.peg.560.site.14, 2, 132, 134
537012.5.peg.560.site.15, 8, 129, 137
537012.5.peg.560.site.16, 4, 133, 137
537012.5.peg.560.site.17, 6, 132, 138
537012.5.peg.560.site.18, 3, 133, 136
537012.5.peg.560.site.19, 2, 132, 134
537012.5.peg.560.site.20, 1, 133, 134
537012.5.peg.560.site.21, 2, 132, 134
537012.5.peg.560.site.22, 0, 130, 130
537012.5.peg.560.site.23, 1, 129, 130
537012.5.peg.560.site.24, 1, 129, 130
537012.5.peg.560.site.25, 0, 129, 129
537012.5.peg.560.site.26, 2, 134, 136
537012.5.peg.560.site.27, 1, 134, 135
537012.5.peg.560.site.28, 4, 133, 137
537012.5.peg.560.site.29, 4, 132, 136
537012.5.peg.560.site.30, 4, 132, 136
537012.5.peg.560.site.31, 0, 133, 133
537012.5.peg.560.site.32, 0, 133, 133
537012.5.peg.560.site.33, 3, 132, 135
537012.5.peg.560.site.34, 1, 134, 135
537012.5.peg.560.site.35, 23, 133, 156
537012.5.peg.560.site.36, 0, 134, 134
537012.5.peg.561.site.1, 6, 134, 140
537012.5.peg.561.site.2, 4, 134, 138
537012.5.peg.561.site.3, 2, 132, 134
537012.5.peg.561.site.4, 1, 132, 133
537012.5.peg.561.site.5, 8, 131, 139
537012.5.peg.561.site.6, 0, 131, 131
537012.5.peg.561.site.7, 1, 131, 132
537012.5.peg.561.site.8, 126, 131, 257
537012.5.peg.561.site.9, 1, 131, 132
537012.5.peg.561.site.10, 6, 133, 139
537012.5.peg.561.site.11, 4, 134, 138
537012.5.peg.561.site.12, 3, 132, 135
537012.5.peg.561.site.13, 6, 134, 140
537012.5.peg.561.site.14, 1, 134, 135
537012.5.peg.561.site.15, 1, 134, 135
537012.5.peg.561.site.16, 123, 134, 257
537012.5.peg.561.site.17, 27, 132, 159
537012.5.peg.561.site.18, 6, 132, 138
537012.5.peg.561.site.19, 1, 131, 132
537012.5.peg.561.site.20, 7, 129, 136
537012.5.peg.561.site.21, 3, 131, 134
537012.5.peg.561.site.22, 3, 132, 135
537012.5.peg.561.site.23, 0, 133, 133
537012.5.peg.561.site.24, 0, 133, 133
537012.5.peg.561.site.25, 0, 132, 132
537012.5.peg.561.site.26, 1, 134, 135
537012.5.peg.561.site.27, 3, 132, 135
537012.5.peg.561.site.28, 8, 134, 142
537012.5.peg.562.site.1, 0, 132, 132
537012.5.peg.562.site.2, 6, 133, 139
537012.5.peg.562.site.3, 0, 133, 133
537012.5.peg.562.site.4, 7, 132, 139
537012.5.peg.562.site.5, 0, 133, 133
537012.5.peg.562.site.6, 6, 133, 139
537012.5.peg.562.site.7, 3, 132, 135
537012.5.peg.562.site.8, 4, 132, 136
537012.5.peg.562.site.9, 1, 134, 135
537012.5.peg.562.site.10, 4, 133, 137
537012.5.peg.562.site.11, 10, 134, 144
537012.5.peg.562.site.12, 3, 132, 135
537012.5.peg.562.site.13, 3, 131, 134
537012.5.peg.562.site.14, 1, 134, 135
537012.5.peg.562.site.15, 2, 133, 135
537012.5.peg.562.site.16, 4, 132, 136
537012.5.peg.562.site.17, 0, 134, 134
537012.5.peg.562.site.18, 0, 134, 134
537012.5.peg.562.site.19, 21, 132, 153
537012.5.peg.562.site.20, 1, 133, 134
537012.5.peg.562.site.21, 1, 134, 135
537012.5.peg.562.site.22, 4, 132, 136
537012.5.peg.562.site.23, 18, 134, 152
537012.5.peg.562.site.24, 4, 132, 136
537012.5.peg.562.site.25, 17, 132, 149
537012.5.peg.562.site.26, 3, 133, 136
537012.5.peg.562.site.27, 3, 134, 137
537012.5.peg.562.site.28, 4, 134, 138
537012.5.peg.562.site.29, 1, 134, 135
537012.5.peg.562.site.30, 3, 131, 134
537012.5.peg.562.site.31, 9, 131, 140
537012.5.peg.562.site.32, 4, 133, 137
537012.5.peg.562.site.33, 2, 132, 134
537012.5.peg.562.site.34, 1, 133, 134
537012.5.peg.562.site.35, 9, 134, 143
537012.5.peg.562.site.36, 22, 133, 155
537012.5.peg.562.site.37, 5, 133, 138
537012.5.peg.563.site.1, 1, 134, 135
537012.5.peg.563.site.2, 104, 132, 236
537012.5.peg.563.site.3, 90, 133, 223
537012.5.peg.563.site.4, 1, 134, 135
537012.5.peg.563.site.5, 95, 134, 229
537012.5.peg.563.site.6, 1, 134, 135
537012.5.peg.563.site.7, 1, 134, 135
537012.5.peg.563.site.8, 13, 132, 145
537012.5.peg.563.site.9, 8, 134, 142
537012.5.peg.563.site.10, 2, 134, 136
537012.5.peg.563.site.11, 21, 132, 153
537012.5.peg.563.site.12, 4, 132, 136
537012.5.peg.563.site.13, 10, 134, 144
537012.5.peg.563.site.14, 22, 133, 155
537012.5.peg.563.site.15, 22, 133, 155
537012.5.peg.563.site.16, 0, 134, 134
537012.5.peg.563.site.17, 129, 133, 262
537012.5.peg.563.site.18, 4, 131, 135
537012.5.peg.563.site.19, 41, 130, 171
537012.5.peg.563.site.20, 68, 133, 201
537012.5.peg.563.site.21, 8, 134, 142
537012.5.peg.563.site.22, 1, 134, 135
537012.5.peg.563.site.23, 7, 134, 141
537012.5.peg.563.site.24, 0, 134, 134
537012.5.peg.563.site.25, 7, 134, 141
537012.5.peg.563.site.26, 1, 134, 135
537012.5.peg.563.site.27, 1, 134, 135
537012.5.peg.563.site.28, 3, 134, 137
537012.5.peg.563.site.29, 5, 133, 138
537012.5.peg.563.site.30, 49, 134, 183
537012.5.peg.563.site.31, 1, 134, 135
537012.5.peg.563.site.32, 7, 134, 141
537012.5.peg.563.site.33, 8, 134, 142
537012.5.peg.563.site.34, 10, 134, 144
537012.5.peg.563.site.35, 1, 134, 135
537012.5.peg.563.site.36, 7, 134, 141
537012.5.peg.563.site.37, 5, 132, 137
537012.5.peg.563.site.38, 4, 133, 137
537012.5.peg.563.site.39, 4, 133, 137
537012.5.peg.563.site.40, 4, 132, 136
537012.5.peg.564.site.1, 2, 124, 126
537012.5.peg.564.site.2, 1, 130, 131
537012.5.peg.564.site.3, 3, 132, 135
537012.5.peg.564.site.4, 2, 130, 132
537012.5.peg.564.site.5, 3, 132, 135
537012.5.peg.564.site.6, 15, 133, 148
537012.5.peg.564.site.7, 0, 133, 133
537012.5.peg.564.site.8, 4, 132, 136
537012.5.peg.4944.site.1, 4, 100, 104
537012.5.peg.4944.site.2, 2, 100, 102
537012.5.peg.4944.site.3, 1, 101, 102
537012.5.peg.4944.site.4, 2, 100, 102
537012.5.peg.4944.site.5, 2, 102, 104
537012.5.peg.4944.site.6, 2, 103, 105
537012.5.peg.4944.site.7, 1, 110, 111
537012.5.peg.4944.site.8, 2, 111, 113
537012.5.peg.4944.site.9, 6, 110, 116
537012.5.peg.4944.site.10, 2, 103, 105
537012.5.peg.4944.site.11, 15, 101, 116
537012.5.peg.4944.site.12, 28, 98, 126
537012.5.peg.4944.site.13, 40, 98, 138
537012.5.peg.4944.site.14, 7, 95, 102
537012.5.peg.4944.site.15, 6, 94, 100
537012.5.peg.4944.site.16, 20, 97, 117
537012.5.peg.4944.site.17, 1, 97, 98
537012.5.peg.4944.site.18, 28, 118, 146
537012.5.peg.4944.site.19, 5, 128, 133
537012.5.peg.4944.site.20, 9, 129, 138
537012.5.peg.4944.site.21, 11, 126, 137
537012.5.peg.4944.site.22, 0, 127, 127
537012.5.peg.4944.site.23, 3, 126, 129
537012.5.peg.4944.site.24, 1, 129, 130
537012.5.peg.4944.site.25, 9, 129, 138
537012.5.peg.4944.site.26, 4, 127, 131
537012.5.peg.4944.site.27, 0, 124, 124
537012.5.peg.568.site.1, 1, 126, 127
537012.5.peg.568.site.2, 1, 132, 133
537012.5.peg.568.site.3, 8, 132, 140
537012.5.peg.568.site.4, 9, 134, 143
537012.5.peg.568.site.5, 6, 133, 139
537012.5.peg.568.site.6, 7, 134, 141
537012.5.peg.568.site.7, 4, 132, 136
537012.5.peg.568.site.8, 6, 132, 138
537012.5.peg.568.site.9, 7, 133, 140
537012.5.peg.568.site.10, 6, 132, 138
537012.5.peg.568.site.11, 1, 133, 134
537012.5.peg.568.site.12, 33, 132, 165
537012.5.peg.568.site.13, 1, 134, 135
537012.5.peg.568.site.14, 1, 134, 135
537012.5.peg.568.site.15, 18, 134, 152
537012.5.peg.568.site.16, 8, 134, 142
537012.5.peg.4660.site.1, 3, 130, 133
537012.5.peg.4660.site.2, 0, 127, 127
537012.5.peg.4660.site.3, 3, 131, 134
537012.5.peg.4660.site.4, 0, 133, 133
537012.5.peg.4660.site.5, 5, 133, 138
537012.5.peg.4660.site.6, 0, 133, 133
537012.5.peg.4660.site.7, 6, 133, 139
537012.5.peg.4660.site.8, 6, 133, 139
537012.5.peg.4660.site.9, 5, 133, 138
537012.5.peg.4660.site.10, 2, 130, 132
537012.5.peg.4660.site.11, 1, 132, 133
537012.5.peg.4660.site.12, 1, 129, 130
537012.5.peg.4660.site.13, 6, 130, 136
537012.5.peg.4660.site.14, 71, 130, 201
537012.5.peg.4660.site.15, 2, 132, 134
537012.5.peg.4660.site.16, 2, 133, 135
537012.5.peg.4660.site.17, 126, 133, 259
537012.5.peg.4660.site.18, 5, 132, 137
537012.5.peg.4660.site.19, 5, 133, 138
537012.5.peg.4660.site.20, 9, 131, 140
537012.5.peg.4660.site.21, 2, 130, 132
537012.5.peg.4660.site.22, 0, 127, 127
537012.5.peg.4660.site.23, 5, 127, 132
537012.5.peg.4660.site.24, 0, 128, 128
537012.5.peg.4660.site.25, 2, 129, 131
537012.5.peg.4660.site.26, 7, 128, 135
537012.5.peg.4660.site.27, 3, 133, 136
537012.5.peg.4660.site.28, 13, 131, 144
537012.5.peg.4660.site.29, 5, 132, 137
537012.5.peg.4660.site.30, 4, 133, 137
537012.5.peg.4660.site.31, 9, 133, 142
537012.5.peg.4660.site.32, 6, 132, 138
537012.5.peg.4660.site.33, 4, 122, 126
537012.5.peg.4660.site.34, 125, 127, 252
537012.5.peg.4660.site.35, 13, 125, 138
537012.5.peg.4660.site.36, 5, 131, 136
537012.5.peg.4660.site.37, 6, 132, 138
537012.5.peg.4660.site.38, 5, 133, 138
537012.5.peg.4661.site.1, 7, 132, 139
537012.5.peg.4661.site.2, 9, 132, 141
537012.5.peg.4661.site.3, 5, 131, 136
537012.5.peg.4661.site.4, 0, 131, 131
537012.5.peg.4661.site.5, 127, 129, 256
537012.5.peg.4661.site.6, 3, 128, 131
537012.5.peg.4661.site.7, 5, 126, 131
537012.5.peg.4661.site.8, 3, 130, 133
537012.5.peg.4661.site.9, 4, 130, 134
537012.5.peg.4661.site.10, 5, 126, 131
537012.5.peg.4661.site.11, 4, 123, 127
537012.5.peg.4661.site.12, 102, 125, 227
537012.5.peg.4661.site.13, 1, 126, 127
537012.5.peg.4661.site.14, 6, 130, 136
537012.5.peg.4661.site.15, 11, 130, 141
537012.5.peg.4661.site.16, 29, 133, 162
537012.5.peg.4661.site.17, 2, 132, 134
537012.5.peg.4661.site.18, 3, 132, 135
537012.5.peg.4661.site.19, 2, 133, 135
537012.5.peg.4661.site.20, 4, 128, 132
537012.5.peg.4661.site.21, 5, 127, 132
537012.5.peg.4661.site.22, 5, 125, 130
537012.5.peg.4661.site.23, 3, 129, 132
537012.5.peg.4661.site.24, 4, 130, 134
537012.5.peg.4661.site.25, 78, 130, 208
537012.5.peg.4661.site.26, 78, 129, 207
537012.5.peg.4661.site.27, 9, 129, 138
537012.5.peg.4661.site.28, 32, 129, 161
537012.5.peg.4661.site.29, 39, 131, 170
537012.5.peg.4661.site.30, 1, 131, 132
537012.5.peg.4661.site.31, 5, 130, 135
537012.5.peg.4661.site.32, 12, 131, 143
537012.5.peg.4662.site.1, 3, 132, 135
537012.5.peg.4662.site.2, 14, 131, 145
537012.5.peg.4662.site.3, 1, 132, 133
537012.5.peg.4662.site.4, 6, 132, 138
537012.5.peg.4662.site.5, 2, 133, 135
537012.5.peg.4662.site.6, 21, 133, 154
537012.5.peg.4662.site.7, 86, 131, 217
537012.5.peg.4662.site.8, 59, 131, 190
537012.5.peg.4662.site.9, 8, 132, 140
537012.5.peg.4662.site.10, 23, 131, 154
537012.5.peg.4662.site.11, 10, 130, 140
537012.5.peg.4662.site.12, 12, 131, 143
537012.5.peg.4662.site.13, 1, 133, 134
537012.5.peg.4662.site.14, 0, 131, 131
537012.5.peg.4662.site.15, 1, 132, 133
537012.5.peg.4662.site.16, 1, 132, 133
537012.5.peg.4662.site.17, 0, 132, 132
537012.5.peg.4662.site.18, 4, 131, 135
537012.5.peg.4662.site.19, 3, 131, 134
537012.5.peg.4662.site.20, 6, 129, 135
537012.5.peg.4662.site.21, 5, 129, 134
537012.5.peg.4662.site.22, 4, 129, 133
537012.5.peg.4662.site.23, 42, 126, 168
537012.5.peg.4662.site.24, 17, 125, 142
537012.5.peg.4662.site.25, 3, 122, 125
537012.5.peg.4662.site.26, 32, 107, 139
537012.5.peg.4662.site.27, 3, 56, 59
537012.5.peg.4665.site.1, 8, 133, 141
537012.5.peg.4665.site.2, 17, 130, 147
537012.5.peg.4665.site.3, 3, 131, 134
537012.5.peg.4665.site.4, 4, 127, 131
537012.5.peg.4665.site.5, 1, 131, 132
537012.5.peg.4665.site.6, 8, 127, 135
537012.5.peg.4665.site.7, 2, 121, 123
537012.5.peg.4665.site.8, 3, 122, 125
537012.5.peg.4665.site.9, 91, 120, 211
537012.5.peg.4665.site.10, 17, 125, 142
537012.5.peg.4665.site.11, 10, 128, 138
537012.5.peg.4665.site.12, 1, 133, 134
537012.5.peg.4665.site.13, 9, 133, 142
537012.5.peg.4665.site.14, 6, 128, 134
537012.5.peg.4665.site.15, 37, 121, 158
537012.5.peg.4665.site.16, 7, 120, 127
537012.5.peg.4665.site.17, 6, 125, 131
537012.5.peg.4665.site.18, 28, 128, 156
537012.5.peg.4665.site.19, 2, 132, 134
537012.5.peg.4665.site.20, 89, 131, 220
537012.5.peg.4665.site.21, 5, 134, 139
537012.5.peg.4665.site.22, 1, 133, 134
537012.5.peg.4665.site.23, 15, 134, 149
537012.5.peg.4665.site.24, 2, 133, 135
537012.5.peg.4665.site.25, 10, 133, 143
537012.5.peg.4665.site.26, 20, 131, 151
537012.5.peg.4665.site.27, 6, 131, 137
537012.5.peg.4665.site.28, 24, 133, 157
537012.5.peg.4665.site.29, 15, 131, 146
537012.5.peg.4665.site.30, 7, 131, 138
537012.5.peg.4665.site.31, 6, 134, 140
537012.5.peg.4665.site.32, 5, 132, 137
537012.5.peg.4665.site.33, 5, 133, 138
537012.5.peg.4665.site.34, 13, 133, 146
537012.5.peg.4665.site.35, 9, 134, 143
537012.5.peg.4665.site.36, 3, 134, 137
537012.5.peg.4665.site.37, 16, 134, 150
537012.5.peg.4678.site.1, 6, 13, 19
537012.5.peg.4678.site.2, 0, 12, 12
537012.5.peg.4678.site.3, 5, 18, 23
537012.5.peg.4678.site.4, 21, 23, 44
537012.5.peg.4678.site.5, 1, 16, 17
537012.5.peg.4678.site.6, 1, 14, 15
537012.5.peg.4678.site.7, 2, 14, 16
537012.5.peg.4678.site.8, 1, 14, 15
537012.5.peg.4678.site.9, 3, 14, 17
537012.5.peg.4678.site.10, 3, 18, 21
537012.5.peg.4678.site.11, 13, 17, 30
537012.5.peg.4678.site.12, 2, 49, 51
537012.5.peg.4678.site.13, 1, 67, 68
537012.5.peg.4678.site.14, 1, 52, 53
537012.5.peg.4678.site.15, 3, 65, 68
537012.5.peg.4678.site.16, 4, 120, 124
537012.5.peg.4678.site.17, 4, 119, 123
537012.5.peg.4678.site.18, 7, 117, 124
537012.5.peg.4678.site.19, 7, 113, 120
537012.5.peg.4678.site.20, 26, 119, 145
537012.5.peg.4678.site.21, 13, 122, 135
537012.5.peg.4678.site.22, 1, 121, 122
537012.5.peg.4678.site.23, 13, 122, 135
537012.5.peg.4678.site.24, 6, 126, 132
537012.5.peg.4678.site.25, 1, 131, 132
537012.5.peg.4678.site.26, 14, 131, 145
537012.5.peg.4678.site.27, 3, 130, 133
537012.5.peg.4678.site.28, 6, 132, 138
537012.5.peg.4678.site.29, 1, 133, 134
537012.5.peg.4678.site.30, 0, 133, 133
537012.5.peg.4678.site.31, 11, 133, 144
537012.5.peg.4678.site.32, 5, 132, 137
537012.5.peg.4678.site.33, 9, 133, 142
537012.5.peg.4678.site.34, 0, 129, 129
537012.5.peg.4678.site.35, 2, 130, 132
537012.5.peg.4678.site.36, 84, 133, 217
537012.5.peg.4678.site.37, 4, 131, 135
537012.5.peg.4678.site.38, 2, 133, 135
537012.5.peg.4678.site.39, 3, 133, 136
537012.5.peg.4678.site.40, 1, 132, 133
537012.5.peg.4678.site.41, 2, 132, 134
537012.5.peg.4678.site.42, 11, 121, 132
537012.5.peg.4678.site.43, 3, 128, 131
537012.5.peg.4678.site.44, 1, 126, 127
537012.5.peg.2842.site.1, 9, 121, 130
537012.5.peg.2842.site.2, 1, 122, 123
537012.5.peg.2842.site.3, 1, 122, 123
537012.5.peg.2842.site.4, 4, 125, 129
537012.5.peg.2842.site.5, 12, 124, 136
537012.5.peg.2842.site.6, 4, 124, 128
537012.5.peg.2842.site.7, 0, 126, 126
537012.5.peg.2842.site.8, 69, 126, 195
537012.5.peg.2842.site.9, 0, 126, 126
537012.5.peg.2842.site.10, 5, 125, 130
537012.5.peg.2842.site.11, 1, 132, 133
537012.5.peg.2842.site.12, 15, 133, 148
537012.5.peg.2842.site.13, 10, 134, 144
537012.5.peg.2842.site.14, 30, 134, 164
537012.5.peg.2842.site.15, 10, 134, 144
537012.5.peg.2842.site.16, 6, 133, 139
537012.5.peg.2842.site.17, 4, 131, 135
537012.5.peg.2842.site.18, 3, 128, 131
537012.5.peg.2842.site.19, 7, 119, 126
537012.5.peg.2842.site.20, 1, 118, 119
537012.5.peg.2842.site.21, 7, 122, 129
537012.5.peg.2842.site.22, 1, 126, 127
537012.5.peg.2842.site.23, 13, 128, 141
537012.5.peg.2842.site.24, 7, 128, 135
537012.5.peg.2842.site.25, 3, 134, 137
537012.5.peg.2842.site.26, 3, 133, 136
537012.5.peg.2842.site.27, 3, 133, 136
537012.5.peg.2842.site.28, 1, 134, 135
537012.5.peg.2842.site.29, 0, 134, 134
537012.5.peg.2842.site.30, 54, 132, 186
537012.5.peg.2842.site.31, 6, 133, 139
537012.5.peg.2842.site.32, 7, 133, 140
537012.5.peg.2842.site.33, 3, 133, 136
537012.5.peg.2842.site.34, 8, 133, 141
537012.5.peg.2842.site.35, 4, 123, 127
537012.5.peg.2842.site.36, 11, 123, 134
537012.5.peg.2842.site.37, 12, 122, 134
537012.5.peg.2842.site.38, 6, 124, 130
537012.5.peg.2842.site.39, 4, 123, 127
537012.5.peg.2842.site.40, 4, 124, 128
537012.5.peg.2842.site.41, 2, 126, 128
537012.5.peg.2842.site.42, 6, 125, 131
537012.5.peg.2842.site.43, 4, 126, 130
537012.5.peg.2842.site.44, 9, 128, 137
537012.5.peg.2842.site.45, 7, 130, 137
537012.5.peg.2842.site.46, 7, 121, 128
537012.5.peg.2842.site.47, 2, 126, 128
537012.5.peg.2842.site.48, 18, 129, 147
537012.5.peg.2840.site.1, 1, 134, 135
537012.5.peg.2840.site.2, 8, 132, 140
537012.5.peg.2840.site.3, 4, 132, 136
537012.5.peg.2840.site.4, 0, 133, 133
537012.5.peg.2840.site.5, 7, 134, 141
537012.5.peg.2840.site.6, 3, 134, 137
537012.5.peg.2840.site.7, 1, 134, 135
537012.5.peg.2840.site.8, 5, 133, 138
537012.5.peg.2840.site.9, 2, 133, 135
537012.5.peg.2840.site.10, 4, 132, 136
537012.5.peg.2840.site.11, 4, 132, 136
537012.5.peg.2840.site.12, 12, 132, 144
537012.5.peg.2840.site.13, 5, 132, 137
537012.5.peg.2840.site.14, 7, 134, 141
537012.5.peg.2840.site.15, 12, 133, 145
537012.5.peg.2840.site.16, 5, 133, 138
537012.5.peg.2840.site.17, 5, 133, 138
537012.5.peg.2840.site.18, 7, 134, 141
537012.5.peg.2840.site.19, 0, 134, 134
537012.5.peg.2840.site.20, 25, 130, 155
537012.5.peg.2840.site.21, 7, 133, 140
537012.5.peg.2840.site.22, 1, 133, 134
537012.5.peg.2840.site.23, 3, 133, 136
537012.5.peg.2840.site.24, 1, 133, 134
537012.5.peg.2840.site.25, 6, 133, 139
537012.5.peg.2840.site.26, 7, 133, 140
537012.5.peg.2840.site.27, 7, 134, 141
537012.5.peg.2840.site.28, 25, 134, 159
537012.5.peg.2840.site.29, 1, 134, 135
537012.5.peg.2840.site.30, 7, 134, 141
537012.5.peg.2840.site.31, 7, 134, 141
537012.5.peg.2840.site.32, 15, 134, 149
537012.5.peg.2840.site.33, 96, 132, 228
537012.5.peg.2840.site.34, 4, 130, 134
537012.5.peg.2840.site.35, 90, 129, 219
537012.5.peg.2840.site.36, 4, 131, 135
537012.5.peg.2840.site.37, 3, 129, 132
537012.5.peg.2840.site.38, 2, 129, 131
537012.5.peg.2840.site.39, 2, 126, 128
537012.5.peg.2840.site.40, 3, 127, 130
537012.5.peg.2840.site.41, 4, 127, 131
537012.5.peg.2840.site.42, 6, 127, 133
537012.5.peg.2840.site.43, 5, 132, 137
537012.5.peg.2840.site.44, 5, 132, 137
537012.5.peg.2840.site.45, 7, 134, 141
537012.5.peg.2840.site.46, 4, 132, 136
537012.5.peg.2840.site.47, 7, 133, 140
537012.5.peg.2840.site.48, 9, 131, 140
537012.5.peg.2840.site.49, 1, 129, 130
537012.5.peg.2840.site.50, 4, 127, 131
537012.5.peg.2840.site.51, 0, 123, 123
537012.5.peg.2840.site.52, 14, 123, 137
537012.5.peg.2840.site.53, 11, 122, 133
537012.5.peg.2840.site.54, 5, 132, 137
537012.5.peg.2840.site.55, 6, 133, 139
537012.5.peg.2840.site.56, 0, 133, 133
537012.5.peg.2840.site.57, 4, 132, 136
537012.5.peg.2840.site.58, 15, 134, 149
537012.5.peg.2840.site.59, 13, 134, 147
537012.5.peg.2840.site.60, 11, 132, 143
537012.5.peg.2840.site.61, 11, 132, 143
537012.5.peg.2840.site.62, 18, 132, 150
537012.5.peg.2840.site.63, 3, 134, 137
537012.5.peg.2840.site.64, 1, 134, 135
537012.5.peg.2840.site.65, 6, 134, 140
537012.5.peg.2840.site.66, 7, 134, 141
537012.5.peg.2840.site.67, 3, 134, 137
537012.5.peg.2840.site.68, 3, 134, 137
537012.5.peg.2840.site.69, 1, 134, 135
537012.5.peg.2840.site.70, 4, 132, 136
537012.5.peg.2840.site.71, 1, 134, 135
537012.5.peg.2840.site.72, 123, 133, 256
537012.5.peg.2840.site.73, 4, 132, 136
537012.5.peg.2840.site.74, 24, 133, 157
537012.5.peg.2840.site.75, 6, 133, 139
537012.5.peg.2840.site.76, 23, 133, 156
537012.5.peg.2840.site.77, 2, 133, 135
537012.5.peg.2840.site.78, 39, 133, 172
537012.5.peg.2840.site.79, 1, 134, 135
537012.5.peg.2840.site.80, 1, 134, 135
537012.5.peg.2840.site.81, 10, 132, 142
537012.5.peg.2840.site.82, 5, 132, 137
537012.5.peg.2840.site.83, 3, 132, 135
537012.5.peg.2840.site.84, 3, 132, 135
537012.5.peg.2840.site.85, 7, 134, 141
537012.5.peg.2840.site.86, 0, 134, 134
537012.5.peg.2840.site.87, 0, 131, 131
537012.5.peg.2840.site.88, 11, 132, 143
537012.5.peg.2840.site.89, 1, 134, 135
537012.5.peg.2840.site.90, 2, 134, 136
537012.5.peg.2840.site.91, 3, 132, 135
537012.5.peg.2840.site.92, 1, 131, 132
537012.5.peg.2840.site.93, 4, 130, 134
537012.5.peg.2840.site.94, 9, 128, 137
537012.5.peg.2840.site.95, 1, 130, 131
537012.5.peg.2840.site.96, 12, 128, 140
537012.5.peg.2840.site.97, 4, 133, 137
537012.5.peg.2840.site.98, 10, 134, 144
537012.5.peg.2840.site.99, 15, 134, 149
537012.5.peg.2840.site.100, 1, 134, 135
537012.5.peg.2840.site.101, 4, 132, 136
537012.5.peg.2840.site.102, 4, 132, 136
537012.5.peg.2840.site.103, 49, 131, 180
537012.5.peg.2840.site.104, 4, 131, 135
537012.5.peg.2841.site.1, 77, 111, 188
537012.5.peg.2841.site.2, 1, 107, 108
537012.5.peg.2841.site.3, 24, 118, 142
537012.5.peg.2841.site.4, 2, 125, 127
537012.5.peg.2841.site.5, 30, 127, 157
537012.5.peg.2841.site.6, 1, 129, 130
537012.5.peg.2841.site.7, 2, 129, 131
537012.5.peg.2841.site.8, 7, 129, 136
537012.5.peg.2841.site.9, 7, 131, 138
537012.5.peg.2841.site.10, 9, 131, 140
537012.5.peg.2841.site.11, 1, 134, 135
537012.5.peg.2841.site.12, 4, 133, 137
537012.5.peg.2841.site.13, 14, 134, 148
537012.5.peg.2841.site.14, 5, 132, 137
537012.5.peg.2841.site.15, 6, 131, 137
537012.5.peg.2841.site.16, 4, 132, 136
537012.5.peg.2841.site.17, 11, 134, 145
537012.5.peg.2841.site.18, 1, 134, 135
537012.5.peg.2841.site.19, 18, 132, 150
537012.5.peg.2841.site.20, 5, 133, 138
537012.5.peg.2841.site.21, 56, 132, 188
537012.5.peg.2841.site.22, 29, 133, 162
537012.5.peg.2841.site.23, 5, 133, 138
537012.5.peg.2841.site.24, 6, 134, 140
537012.5.peg.2841.site.25, 6, 134, 140
537012.5.peg.2841.site.26, 4, 132, 136
537012.5.peg.2841.site.27, 5, 132, 137
537012.5.peg.2841.site.28, 13, 133, 146
537012.5.peg.2841.site.29, 1, 129, 130
537012.5.peg.2841.site.30, 100, 129, 229
537012.5.peg.2841.site.31, 7, 125, 132
537012.5.peg.2841.site.32, 3, 125, 128
537012.5.peg.2841.site.33, 3, 124, 127
537012.5.peg.2841.site.34, 3, 123, 126
537012.5.peg.2841.site.35, 3, 127, 130
537012.5.peg.2841.site.36, 1, 128, 129
537012.5.peg.2841.site.37, 1, 128, 129
537012.5.peg.2841.site.38, 6, 133, 139
537012.5.peg.2841.site.39, 12, 131, 143
537012.5.peg.2841.site.40, 3, 134, 137
537012.5.peg.2841.site.41, 6, 134, 140
537012.5.peg.2841.site.42, 5, 133, 138
537012.5.peg.2841.site.43, 3, 134, 137
537012.5.peg.2841.site.44, 10, 134, 144
537012.5.peg.2841.site.45, 3, 134, 137
537012.5.peg.2841.site.46, 3, 133, 136
537012.5.peg.2841.site.47, 3, 134, 137
537012.5.peg.2841.site.48, 5, 133, 138
537012.5.peg.2841.site.49, 7, 134, 141
537012.5.peg.2841.site.50, 2, 128, 130
537012.5.peg.2841.site.51, 12, 126, 138
537012.5.peg.2841.site.52, 3, 127, 130
537012.5.peg.2841.site.53, 6, 127, 133
537012.5.peg.2841.site.54, 3, 127, 130
537012.5.peg.2841.site.55, 4, 125, 129
537012.5.peg.2841.site.56, 12, 127, 139
537012.5.peg.2841.site.57, 8, 127, 135
537012.5.peg.2841.site.58, 7, 127, 134
537012.5.peg.2841.site.59, 2, 128, 130
537012.5.peg.2841.site.60, 1, 129, 130
537012.5.peg.2841.site.61, 15, 132, 147
537012.5.peg.2841.site.62, 3, 129, 132
537012.5.peg.2841.site.63, 12, 128, 140
537012.5.peg.2841.site.64, 10, 128, 138
537012.5.peg.2841.site.65, 8, 117, 125
537012.5.peg.2841.site.66, 9, 118, 127
537012.5.peg.2841.site.67, 13, 121, 134
537012.5.peg.2841.site.68, 2, 124, 126
537012.5.peg.2841.site.69, 2, 125, 127
537012.5.peg.2841.site.70, 15, 125, 140
537012.5.peg.2841.site.71, 16, 125, 141
537012.5.peg.2846.site.1, 76, 124, 200
537012.5.peg.2846.site.2, 4, 124, 128
537012.5.peg.2846.site.3, 46, 123, 169
537012.5.peg.2846.site.4, 12, 124, 136
537012.5.peg.2846.site.5, 1, 124, 125
537012.5.peg.2846.site.6, 0, 124, 124
537012.5.peg.2846.site.7, 1, 124, 125
537012.5.peg.2846.site.8, 5, 123, 128
537012.5.peg.2846.site.9, 1, 123, 124
537012.5.peg.2846.site.10, 1, 123, 124
537012.5.peg.2846.site.11, 4, 123, 127
537012.5.peg.2846.site.12, 1, 124, 125
537012.5.peg.2846.site.13, 0, 124, 124
537012.5.peg.2846.site.14, 0, 122, 122
537012.5.peg.2846.site.15, 36, 122, 158
537012.5.peg.2846.site.16, 0, 123, 123
537012.5.peg.2846.site.17, 1, 123, 124
537012.5.peg.2846.site.18, 2, 124, 126
537012.5.peg.2846.site.19, 1, 123, 124
537012.5.peg.2846.site.20, 2, 123, 125
537012.5.peg.2846.site.21, 1, 125, 126
537012.5.peg.2846.site.22, 72, 123, 195
537012.5.peg.2846.site.23, 1, 124, 125
537012.5.peg.2846.site.24, 1, 122, 123
537012.5.peg.2846.site.25, 1, 123, 124
537012.5.peg.2846.site.26, 1, 123, 124
537012.5.peg.2846.site.27, 1, 123, 124
537012.5.peg.2846.site.28, 2, 123, 125
537012.5.peg.2846.site.29, 31, 122, 153
537012.5.peg.2846.site.30, 2, 123, 125
537012.5.peg.2846.site.31, 1, 123, 124
537012.5.peg.2846.site.32, 15, 124, 139
537012.5.peg.2846.site.33, 0, 124, 124
537012.5.peg.2846.site.34, 1, 124, 125
537012.5.peg.2846.site.35, 0, 124, 124
537012.5.peg.2846.site.36, 108, 124, 232
537012.5.peg.2846.site.37, 1, 123, 124
537012.5.peg.2846.site.38, 2, 123, 125
537012.5.peg.2846.site.39, 15, 122, 137
537012.5.peg.2846.site.40, 1, 123, 124
537012.5.peg.2846.site.41, 2, 123, 125
537012.5.peg.2846.site.42, 13, 125, 138
537012.5.peg.2846.site.43, 29, 125, 154
537012.5.peg.2846.site.44, 1, 125, 126
537012.5.peg.2846.site.45, 1, 124, 125
537012.5.peg.2846.site.46, 1, 124, 125
537012.5.peg.2846.site.47, 2, 124, 126
537012.5.peg.2846.site.48, 3, 125, 128
537012.5.peg.2846.site.49, 6, 125, 131
537012.5.peg.2846.site.50, 1, 123, 124
537012.5.peg.2846.site.51, 18, 124, 142
537012.5.peg.2846.site.52, 1, 124, 125
537012.5.peg.2846.site.53, 107, 125, 232
537012.5.peg.3865.site.1, 7, 133, 140
537012.5.peg.3865.site.2, 0, 134, 134
537012.5.peg.3865.site.3, 6, 132, 138
537012.5.peg.3865.site.4, 8, 133, 141
537012.5.peg.3865.site.5, 20, 133, 153
537012.5.peg.3865.site.6, 14, 134, 148
537012.5.peg.3865.site.7, 4, 134, 138
537012.5.peg.3865.site.8, 13, 134, 147
537012.5.peg.3865.site.9, 1, 133, 134
537012.5.peg.3865.site.10, 2, 133, 135
537012.5.peg.3865.site.11, 5, 132, 137
537012.5.peg.3865.site.12, 3, 130, 133
537012.5.peg.3865.site.13, 6, 129, 135
537012.5.peg.3865.site.14, 3, 127, 130
537012.5.peg.3865.site.15, 34, 124, 158
537012.5.peg.3865.site.16, 3, 124, 127
537012.5.peg.3865.site.17, 1, 124, 125
537012.5.peg.3865.site.18, 5, 121, 126
537012.5.peg.3865.site.19, 24, 126, 150
537012.5.peg.3865.site.20, 4, 125, 129
537012.5.peg.3865.site.21, 122, 127, 249
537012.5.peg.3865.site.22, 7, 128, 135
537012.5.peg.3865.site.23, 86, 132, 218
537012.5.peg.3865.site.24, 11, 133, 144
537012.5.peg.3865.site.25, 7, 133, 140
537012.5.peg.3865.site.26, 10, 132, 142
537012.5.peg.3865.site.27, 1, 133, 134
537012.5.peg.3865.site.28, 28, 132, 160
537012.5.peg.3865.site.29, 4, 133, 137
537012.5.peg.3865.site.30, 28, 133, 161
537012.5.peg.3865.site.31, 16, 134, 150
537012.5.peg.3865.site.32, 76, 131, 207
537012.5.peg.3865.site.33, 20, 134, 154
537012.5.peg.3865.site.34, 16, 134, 150
537012.5.peg.3865.site.35, 15, 134, 149
537012.5.peg.3865.site.36, 33, 132, 165
537012.5.peg.3865.site.37, 17, 133, 150
537012.5.peg.3865.site.38, 9, 134, 143
537012.5.peg.3865.site.39, 1, 134, 135
537012.5.peg.3865.site.40, 9, 134, 143
537012.5.peg.3865.site.41, 5, 134, 139
537012.5.peg.3865.site.42, 21, 133, 154
537012.5.peg.3865.site.43, 7, 133, 140
537012.5.peg.3865.site.44, 1, 134, 135
537012.5.peg.3865.site.45, 2, 134, 136
537012.5.peg.3865.site.46, 3, 133, 136
537012.5.peg.3865.site.47, 1, 134, 135
537012.5.peg.3865.site.48, 121, 131, 252
537012.5.peg.3865.site.49, 50, 111, 161
537012.5.peg.3865.site.50, 6, 99, 105
537012.5.peg.3865.site.51, 5, 89, 94
537012.5.peg.3865.site.52, 8, 112, 120
537012.5.peg.3865.site.53, 68, 109, 177
537012.5.peg.3865.site.54, 86, 118, 204
537012.5.peg.3865.site.55, 85, 118, 203
537012.5.peg.3865.site.56, 24, 128, 152
537012.5.peg.3865.site.57, 29, 134, 163
537012.5.peg.3865.site.58, 9, 134, 143
537012.5.peg.3865.site.59, 13, 133, 146
537012.5.peg.3865.site.60, 1, 134, 135
537012.5.peg.3865.site.61, 3, 133, 136
537012.5.peg.3865.site.62, 75, 132, 207
537012.5.peg.3865.site.63, 0, 134, 134
537012.5.peg.3865.site.64, 17, 133, 150
537012.5.peg.3865.site.65, 1, 134, 135
537012.5.peg.3865.site.66, 19, 134, 153
537012.5.peg.3865.site.67, 4, 134, 138
537012.5.peg.3865.site.68, 12, 134, 146
537012.5.peg.3865.site.69, 1, 133, 134
537012.5.peg.3865.site.70, 22, 134, 156
537012.5.peg.3865.site.71, 7, 134, 141
537012.5.peg.3865.site.72, 13, 134, 147
537012.5.peg.3865.site.73, 84, 131, 215
537012.5.peg.3865.site.74, 38, 130, 168
537012.5.peg.3865.site.75, 22, 130, 152
537012.5.peg.3865.site.76, 8, 131, 139
537012.5.peg.3865.site.77, 22, 132, 154
537012.5.peg.3865.site.78, 9, 133, 142
537012.5.peg.3865.site.79, 54, 131, 185
537012.5.peg.3865.site.80, 4, 134, 138
537012.5.peg.3865.site.81, 24, 134, 158
537012.5.peg.3865.site.82, 98, 133, 231
537012.5.peg.3865.site.83, 15, 134, 149
537012.5.peg.3865.site.84, 2, 132, 134
537012.5.peg.3865.site.85, 9, 129, 138
537012.5.peg.3865.site.86, 3, 129, 132
537012.5.peg.3865.site.87, 87, 129, 216
537012.5.peg.3865.site.88, 6, 128, 134
537012.5.peg.3865.site.89, 1, 134, 135
537012.5.peg.3865.site.90, 6, 132, 138
537012.5.peg.3865.site.91, 7, 134, 141
537012.5.peg.3865.site.92, 3, 133, 136
537012.5.peg.3865.site.93, 4, 133, 137
537012.5.peg.3865.site.94, 2, 130, 132
537012.5.peg.3865.site.95, 2, 130, 132
537012.5.peg.3865.site.96, 1, 127, 128
537012.5.peg.3865.site.97, 4, 128, 132
537012.5.peg.3865.site.98, 35, 128, 163
537012.5.peg.3865.site.99, 2, 129, 131
537012.5.peg.3865.site.100, 33, 127, 160
537012.5.peg.3865.site.101, 75, 126, 201
537012.5.peg.3865.site.102, 10, 127, 137
537012.5.peg.3865.site.103, 5, 127, 132
537012.5.peg.3865.site.104, 1, 127, 128
537012.5.peg.3865.site.105, 53, 124, 177
537012.5.peg.3865.site.106, 1, 128, 129
537012.5.peg.3865.site.107, 4, 128, 132
537012.5.peg.3865.site.108, 5, 128, 133
537012.5.peg.3865.site.109, 7, 129, 136
537012.5.peg.3865.site.110, 2, 128, 130
537012.5.peg.3865.site.111, 1, 118, 119
537012.5.peg.3865.site.112, 28, 110, 138
537012.5.peg.3865.site.113, 10, 90, 100
537012.5.peg.3865.site.114, 13, 85, 98
537012.5.peg.3865.site.115, 4, 86, 90
537012.5.peg.3865.site.116, 10, 77, 87
537012.5.peg.3865.site.117, 2, 67, 69
537012.5.peg.3865.site.118, 1, 67, 68
537012.5.peg.3865.site.119, 15, 66, 81
537012.5.peg.3865.site.120, 1, 66, 67
537012.5.peg.3865.site.121, 24, 80, 104
537012.5.peg.3865.site.122, 30, 86, 116
537012.5.peg.3865.site.123, 15, 86, 101
537012.5.peg.3865.site.124, 27, 83, 110
537012.5.peg.3865.site.125, 30, 79, 109
537012.5.peg.3864.site.1, 5, 129, 134
537012.5.peg.3864.site.2, 2, 126, 128
537012.5.peg.3864.site.3, 0, 125, 125
537012.5.peg.3864.site.4, 1, 127, 128
537012.5.peg.3864.site.5, 9, 127, 136
537012.5.peg.3864.site.6, 1, 128, 129
537012.5.peg.3864.site.7, 9, 128, 137
537012.5.peg.3864.site.8, 0, 130, 130
537012.5.peg.3864.site.9, 31, 129, 160
537012.5.peg.3864.site.10, 3, 130, 133
537012.5.peg.3864.site.11, 4, 130, 134
537012.5.peg.3864.site.12, 1, 132, 133
537012.5.peg.3864.site.13, 29, 130, 159
537012.5.peg.3864.site.14, 13, 131, 144
537012.5.peg.3864.site.15, 9, 133, 142
537012.5.peg.3864.site.16, 94, 122, 216
537012.5.peg.3864.site.17, 90, 120, 210
537012.5.peg.3864.site.18, 3, 120, 123
537012.5.peg.3864.site.19, 1, 122, 123
537012.5.peg.3864.site.20, 2, 127, 129
537012.5.peg.3864.site.21, 5, 128, 133
537012.5.peg.3864.site.22, 6, 127, 133
537012.5.peg.3864.site.23, 8, 130, 138
537012.5.peg.3864.site.24, 9, 129, 138
537012.5.peg.3864.site.25, 9, 130, 139
537012.5.peg.3864.site.26, 12, 133, 145
537012.5.peg.3864.site.27, 8, 132, 140
537012.5.peg.3863.site.1, 18, 129, 147
537012.5.peg.3863.site.2, 16, 124, 140
537012.5.peg.3863.site.3, 2, 128, 130
537012.5.peg.3863.site.4, 1, 101, 102
537012.5.peg.3863.site.5, 59, 107, 166
537012.5.peg.3863.site.6, 1, 126, 127
537012.5.peg.3863.site.7, 0, 131, 131
537012.5.peg.3863.site.8, 6, 124, 130
537012.5.peg.3863.site.9, 5, 131, 136
537012.5.peg.3863.site.10, 0, 130, 130
537012.5.peg.3863.site.11, 5, 131, 136
537012.5.peg.3863.site.12, 20, 131, 151
537012.5.peg.3863.site.13, 17, 130, 147
537012.5.peg.3863.site.14, 41, 115, 156
537012.5.peg.3863.site.15, 0, 122, 122
537012.5.peg.3863.site.16, 47, 114, 161
537012.5.peg.3863.site.17, 5, 114, 119
537012.5.peg.3863.site.18, 2, 111, 113
537012.5.peg.3863.site.19, 8, 122, 130
537012.5.peg.3863.site.20, 89, 122, 211
537012.5.peg.3863.site.21, 9, 123, 132
537012.5.peg.3863.site.22, 8, 123, 131
537012.5.peg.3863.site.23, 0, 127, 127
537012.5.peg.3863.site.24, 2, 128, 130
537012.5.peg.3863.site.25, 2, 128, 130
537012.5.peg.3863.site.26, 1, 132, 133
537012.5.peg.3863.site.27, 14, 133, 147
537012.5.peg.3863.site.28, 2, 134, 136
537012.5.peg.3862.site.1, 3, 109, 112
537012.5.peg.3862.site.2, 5, 126, 131
537012.5.peg.3862.site.3, 14, 127, 141
537012.5.peg.3861.site.1, 71, 110, 181
537012.5.peg.3861.site.2, 81, 122, 203
537012.5.peg.3861.site.3, 3, 122, 125
537012.5.peg.3861.site.4, 20, 121, 141
537012.5.peg.3861.site.5, 0, 130, 130
537012.5.peg.3861.site.6, 17, 129, 146
537012.5.peg.3861.site.7, 15, 120, 135
537012.5.peg.3861.site.8, 0, 130, 130
537012.5.peg.3861.site.9, 72, 125, 197
537012.5.peg.3861.site.10, 15, 128, 143
537012.5.peg.3861.site.11, 15, 128, 143
537012.5.peg.3861.site.12, 92, 128, 220
537012.5.peg.3861.site.13, 2, 128, 130
537012.5.peg.3861.site.14, 23, 123, 146
537012.5.peg.3861.site.15, 15, 129, 144
537012.5.peg.3861.site.16, 1, 130, 131
537012.5.peg.3861.site.17, 5, 129, 134
537012.5.peg.3861.site.18, 0, 126, 126
537012.5.peg.3861.site.19, 1, 130, 131
537012.5.peg.3861.site.20, 15, 126, 141
537012.5.peg.3861.site.21, 0, 128, 128
537012.5.peg.3861.site.22, 2, 130, 132
537012.5.peg.3861.site.23, 0, 129, 129
537012.5.peg.3861.site.24, 0, 127, 127
537012.5.peg.3861.site.25, 2, 131, 133
537012.5.peg.3861.site.26, 46, 111, 157
537012.5.peg.3669.site.1, 1, 132, 133
537012.5.peg.3669.site.2, 7, 133, 140
537012.5.peg.3669.site.3, 3, 134, 137
537012.5.peg.3669.site.4, 0, 134, 134
537012.5.peg.3669.site.5, 8, 132, 140
537012.5.peg.3669.site.6, 3, 133, 136
537012.5.peg.3669.site.7, 6, 134, 140
537012.5.peg.3669.site.8, 24, 132, 156
537012.5.peg.3669.site.9, 1, 133, 134
537012.5.peg.3669.site.10, 9, 133, 142
537012.5.peg.3669.site.11, 1, 134, 135
537012.5.peg.3668.site.1, 2, 133, 135
537012.5.peg.3668.site.2, 117, 132, 249
537012.5.peg.3668.site.3, 11, 133, 144
537012.5.peg.3668.site.4, 1, 133, 134
537012.5.peg.3668.site.5, 1, 134, 135
537012.5.peg.3668.site.6, 3, 134, 137
537012.5.peg.3668.site.7, 1, 134, 135
537012.5.peg.3668.site.8, 8, 134, 142
537012.5.peg.3668.site.9, 1, 134, 135
537012.5.peg.3668.site.10, 1, 134, 135
537012.5.peg.3668.site.11, 1, 134, 135
537012.5.peg.3668.site.12, 17, 133, 150
537012.5.peg.3668.site.13, 4, 132, 136
537012.5.peg.3668.site.14, 58, 126, 184
537012.5.peg.3668.site.15, 1, 132, 133
537012.5.peg.3668.site.16, 2, 132, 134
537012.5.peg.3668.site.17, 10, 132, 142
537012.5.peg.3668.site.18, 37, 133, 170
537012.5.peg.3668.site.19, 6, 129, 135
537012.5.peg.3668.site.20, 31, 130, 161
537012.5.peg.3668.site.21, 2, 128, 130
537012.5.peg.3668.site.22, 7, 133, 140
537012.5.peg.3668.site.23, 2, 132, 134
537012.5.peg.3668.site.24, 1, 133, 134
537012.5.peg.3668.site.25, 5, 131, 136
537012.5.peg.3668.site.26, 1, 133, 134
537012.5.peg.3668.site.27, 1, 133, 134
537012.5.peg.3668.site.28, 1, 130, 131
537012.5.peg.3668.site.29, 127, 128, 255
537012.5.peg.3668.site.30, 3, 117, 120
537012.5.peg.3668.site.31, 5, 125, 130
537012.5.peg.3668.site.32, 2, 125, 127
537012.5.peg.3668.site.33, 2, 134, 136
537012.5.peg.3668.site.34, 8, 133, 141
537012.5.peg.3668.site.35, 13, 133, 146
537012.5.peg.3668.site.36, 1, 133, 134
537012.5.peg.2448.site.1, 25, 127, 152
537012.5.peg.2448.site.2, 2, 125, 127
537012.5.peg.2448.site.3, 79, 122, 201
537012.5.peg.2448.site.4, 7, 131, 138
537012.5.peg.2448.site.5, 0, 131, 131
537012.5.peg.2448.site.6, 25, 130, 155
537012.5.peg.2448.site.7, 0, 131, 131
537012.5.peg.2448.site.8, 0, 131, 131
537012.5.peg.2448.site.9, 3, 132, 135
537012.5.peg.2448.site.10, 4, 130, 134
537012.5.peg.2448.site.11, 2, 127, 129
537012.5.peg.2448.site.12, 3, 128, 131
537012.5.peg.2448.site.13, 67, 130, 197
537012.5.peg.2448.site.14, 11, 130, 141
537012.5.peg.2448.site.15, 7, 132, 139
537012.5.peg.2448.site.16, 7, 132, 139
537012.5.peg.2448.site.17, 7, 132, 139
537012.5.peg.2448.site.18, 4, 130, 134
537012.5.peg.2448.site.19, 1, 131, 132
537012.5.peg.2448.site.20, 4, 129, 133
537012.5.peg.2448.site.21, 3, 132, 135
537012.5.peg.2448.site.22, 1, 132, 133
537012.5.peg.2448.site.23, 0, 131, 131
537012.5.peg.2448.site.24, 1, 132, 133
537012.5.peg.2448.site.25, 1, 132, 133
537012.5.peg.2448.site.26, 5, 131, 136
537012.5.peg.2448.site.27, 0, 132, 132
537012.5.peg.2448.site.28, 6, 132, 138
537012.5.peg.2448.site.29, 18, 131, 149
537012.5.peg.2448.site.30, 0, 131, 131
537012.5.peg.2448.site.31, 0, 131, 131
537012.5.peg.2448.site.32, 0, 132, 132
537012.5.peg.2448.site.33, 100, 130, 230
537012.5.peg.2448.site.34, 7, 132, 139
537012.5.peg.2448.site.35, 12, 132, 144
537012.5.peg.2448.site.36, 2, 132, 134
537012.5.peg.2448.site.37, 0, 132, 132
537012.5.peg.2448.site.38, 0, 131, 131
537012.5.peg.2448.site.39, 0, 131, 131
537012.5.peg.2448.site.40, 0, 131, 131
537012.5.peg.2448.site.41, 0, 132, 132
537012.5.peg.2448.site.42, 1, 130, 131
537012.5.peg.2448.site.43, 7, 132, 139
537012.5.peg.2448.site.44, 7, 132, 139
537012.5.peg.2448.site.45, 6, 132, 138
537012.5.peg.2448.site.46, 0, 132, 132
537012.5.peg.2448.site.47, 7, 131, 138
537012.5.peg.2448.site.48, 7, 132, 139
537012.5.peg.2448.site.49, 5, 131, 136
537012.5.peg.2448.site.50, 22, 131, 153
537012.5.peg.2448.site.51, 0, 131, 131
537012.5.peg.2448.site.52, 7, 132, 139
537012.5.peg.2448.site.53, 4, 130, 134
537012.5.peg.2448.site.54, 0, 131, 131
537012.5.peg.2448.site.55, 3, 132, 135
537012.5.peg.2448.site.56, 9, 131, 140
537012.5.peg.2448.site.57, 5, 131, 136
537012.5.peg.2448.site.58, 10, 131, 141
537012.5.peg.2448.site.59, 0, 131, 131
537012.5.peg.2448.site.60, 0, 132, 132
537012.5.peg.2449.site.1, 1, 133, 134
537012.5.peg.2449.site.2, 6, 134, 140
537012.5.peg.2446.site.1, 62, 130, 192
537012.5.peg.2446.site.2, 9, 129, 138
537012.5.peg.2446.site.3, 3, 129, 132
537012.5.peg.2446.site.4, 3, 129, 132
537012.5.peg.2446.site.5, 11, 129, 140
537012.5.peg.2446.site.6, 1, 128, 129
537012.5.peg.2446.site.7, 14, 128, 142
537012.5.peg.2446.site.8, 9, 129, 138
537012.5.peg.2446.site.9, 1, 129, 130
537012.5.peg.2446.site.10, 12, 129, 141
537012.5.peg.2446.site.11, 9, 129, 138
537012.5.peg.2446.site.12, 9, 129, 138
537012.5.peg.2446.site.13, 11, 128, 139
537012.5.peg.2446.site.14, 9, 129, 138
537012.5.peg.2446.site.15, 9, 129, 138
537012.5.peg.2446.site.16, 70, 128, 198
537012.5.peg.2446.site.17, 9, 128, 137
537012.5.peg.2446.site.18, 2, 129, 131
537012.5.peg.2446.site.19, 2, 131, 133
537012.5.peg.2446.site.20, 2, 131, 133
537012.5.peg.2446.site.21, 7, 131, 138
537012.5.peg.2446.site.22, 2, 130, 132
537012.5.peg.2446.site.23, 2, 129, 131
537012.5.peg.2446.site.24, 12, 130, 142
537012.5.peg.2446.site.25, 2, 130, 132
537012.5.peg.2446.site.26, 82, 128, 210
537012.5.peg.2446.site.27, 31, 129, 160
537012.5.peg.2446.site.28, 9, 129, 138
537012.5.peg.2446.site.29, 8, 129, 137
537012.5.peg.2446.site.30, 8, 130, 138
537012.5.peg.2447.site.1, 0, 129, 129
537012.5.peg.2447.site.2, 53, 127, 180
537012.5.peg.2447.site.3, 62, 129, 191
537012.5.peg.3911.site.1, 6, 133, 139
537012.5.peg.3911.site.2, 3, 134, 137
537012.5.peg.3911.site.3, 58, 129, 187
537012.5.peg.3911.site.4, 15, 127, 142
537012.5.peg.3911.site.5, 4, 124, 128
537012.5.peg.3911.site.6, 4, 122, 126
537012.5.peg.3911.site.7, 1, 125, 126
537012.5.peg.3911.site.8, 34, 127, 161
537012.5.peg.3911.site.9, 18, 134, 152
537012.5.peg.3911.site.10, 46, 130, 176
537012.5.peg.3911.site.11, 8, 134, 142
537012.5.peg.3911.site.12, 1, 134, 135
537012.5.peg.3911.site.13, 12, 131, 143
537012.5.peg.3911.site.14, 13, 131, 144
537012.5.peg.3911.site.15, 8, 133, 141
537012.5.peg.3911.site.16, 46, 133, 179
537012.5.peg.3911.site.17, 7, 134, 141
537012.5.peg.3911.site.18, 4, 130, 134
537012.5.peg.3911.site.19, 6, 133, 139
537012.5.peg.3911.site.20, 3, 132, 135
537012.5.peg.3911.site.21, 1, 132, 133
537012.5.peg.3911.site.22, 25, 130, 155
537012.5.peg.3911.site.23, 2, 132, 134
537012.5.peg.3911.site.24, 3, 132, 135
537012.5.peg.3911.site.25, 19, 120, 139
537012.5.peg.3911.site.26, 3, 124, 127
537012.5.peg.3911.site.27, 1, 128, 129
537012.5.peg.3911.site.28, 79, 132, 211
537012.5.peg.3911.site.29, 5, 134, 139
537012.5.peg.3911.site.30, 8, 133, 141
537012.5.peg.3911.site.31, 4, 131, 135
537012.5.peg.3911.site.32, 76, 132, 208
537012.5.peg.3911.site.33, 4, 134, 138
537012.5.peg.3911.site.34, 4, 133, 137
537012.5.peg.3911.site.35, 4, 134, 138
537012.5.peg.3911.site.36, 13, 133, 146
537012.5.peg.3911.site.37, 1, 130, 131
537012.5.peg.3911.site.38, 3, 131, 134
537012.5.peg.2445.site.1, 39, 128, 167
537012.5.peg.2445.site.2, 3, 129, 132
537012.5.peg.2445.site.3, 7, 129, 136
537012.5.peg.2445.site.4, 9, 129, 138
537012.5.peg.2445.site.5, 2, 130, 132
537012.5.peg.2445.site.6, 32, 130, 162
537012.5.peg.2445.site.7, 81, 130, 211
537012.5.peg.2445.site.8, 55, 130, 185
537012.5.peg.2445.site.9, 11, 129, 140
537012.5.peg.2445.site.10, 11, 129, 140
537012.5.peg.2445.site.11, 4, 130, 134
537012.5.peg.2445.site.12, 6, 129, 135
537012.5.peg.2445.site.13, 2, 130, 132
537012.5.peg.2445.site.14, 3, 128, 131
537012.5.peg.2445.site.15, 26, 129, 155
537012.5.peg.2445.site.16, 2, 128, 130
537012.5.peg.2445.site.17, 1, 128, 129
537012.5.peg.2445.site.18, 0, 128, 128
537012.5.peg.2445.site.19, 1, 129, 130
537012.5.peg.2445.site.20, 3, 129, 132
537012.5.peg.2445.site.21, 0, 129, 129
537012.5.peg.2440.site.1, 0, 125, 125
537012.5.peg.2440.site.2, 3, 127, 130
537012.5.peg.2440.site.3, 2, 127, 129
537012.5.peg.2440.site.4, 2, 127, 129
537012.5.peg.2440.site.5, 0, 123, 123
537012.5.peg.2440.site.6, 0, 124, 124
537012.5.peg.2440.site.7, 3, 125, 128
537012.5.peg.2440.site.8, 56, 125, 181
537012.5.peg.2440.site.9, 0, 127, 127
537012.5.peg.2440.site.10, 0, 128, 128
537012.5.peg.2440.site.11, 82, 127, 209
537012.5.peg.2440.site.12, 8, 129, 137
537012.5.peg.2440.site.13, 11, 130, 141
537012.5.peg.2440.site.14, 2, 131, 133
537012.5.peg.2440.site.15, 0, 130, 130
537012.5.peg.2440.site.16, 1, 130, 131
537012.5.peg.2440.site.17, 0, 129, 129
537012.5.peg.2440.site.18, 0, 129, 129
537012.5.peg.2440.site.19, 0, 129, 129
537012.5.peg.2440.site.20, 3, 129, 132
537012.5.peg.2440.site.21, 18, 129, 147
537012.5.peg.2440.site.22, 69, 129, 198
537012.5.peg.2440.site.23, 1, 130, 131
537012.5.peg.2440.site.24, 7, 133, 140
537012.5.peg.2440.site.25, 7, 133, 140
537012.5.peg.2440.site.26, 3, 131, 134
537012.5.peg.2440.site.27, 13, 132, 145
537012.5.peg.2440.site.28, 28, 134, 162
537012.5.peg.2440.site.29, 0, 133, 133
537012.5.peg.2440.site.30, 9, 134, 143
537012.5.peg.2440.site.31, 114, 132, 246
537012.5.peg.2440.site.32, 4, 132, 136
537012.5.peg.2440.site.33, 4, 134, 138
537012.5.peg.2440.site.34, 126, 130, 256
537012.5.peg.2440.site.35, 0, 129, 129
537012.5.peg.2440.site.36, 100, 124, 224
537012.5.peg.2440.site.37, 1, 123, 124
537012.5.peg.2440.site.38, 8, 119, 127
537012.5.peg.2440.site.39, 3, 123, 126
537012.5.peg.2440.site.40, 1, 127, 128
537012.5.peg.2440.site.41, 1, 127, 128
537012.5.peg.2440.site.42, 7, 128, 135
537012.5.peg.2440.site.43, 1, 129, 130
537012.5.peg.2440.site.44, 1, 130, 131
537012.5.peg.2440.site.45, 9, 129, 138
537012.5.peg.2440.site.46, 9, 130, 139
537012.5.peg.2440.site.47, 2, 130, 132
537012.5.peg.2440.site.48, 3, 133, 136
537012.5.peg.2440.site.49, 5, 131, 136
537012.5.peg.2440.site.50, 9, 130, 139
537012.5.peg.2440.site.51, 2, 129, 131
537012.5.peg.2440.site.52, 2, 130, 132
537012.5.peg.2440.site.53, 7, 129, 136
537012.5.peg.3666.site.1, 5, 82, 87
537012.5.peg.3666.site.2, 9, 132, 141
537012.5.peg.3666.site.3, 3, 133, 136
537012.5.peg.3666.site.4, 12, 133, 145
537012.5.peg.3666.site.5, 1, 134, 135
537012.5.peg.3666.site.6, 2, 134, 136
537012.5.peg.3666.site.7, 1, 133, 134
537012.5.peg.3666.site.8, 0, 134, 134
537012.5.peg.3666.site.9, 2, 133, 135
537012.5.peg.3666.site.10, 11, 133, 144
537012.5.peg.3666.site.11, 11, 133, 144
537012.5.peg.3666.site.12, 2, 133, 135
537012.5.peg.3666.site.13, 10, 134, 144
537012.5.peg.3666.site.14, 2, 134, 136
537012.5.peg.3666.site.15, 2, 134, 136
537012.5.peg.3666.site.16, 16, 133, 149
537012.5.peg.3666.site.17, 1, 134, 135
537012.5.peg.3666.site.18, 42, 132, 174
537012.5.peg.3666.site.19, 1, 134, 135
537012.5.peg.3666.site.20, 4, 134, 138
537012.5.peg.3666.site.21, 3, 134, 137
537012.5.peg.3666.site.22, 3, 134, 137
537012.5.peg.3666.site.23, 5, 133, 138
537012.5.peg.3666.site.24, 10, 133, 143
537012.5.peg.3666.site.25, 0, 133, 133
537012.5.peg.3666.site.26, 14, 132, 146
537012.5.peg.3666.site.27, 4, 134, 138
537012.5.peg.3666.site.28, 2, 134, 136
537012.5.peg.3666.site.29, 3, 134, 137
537012.5.peg.3666.site.30, 112, 134, 246
537012.5.peg.3666.site.31, 1, 134, 135
537012.5.peg.3666.site.32, 2, 134, 136
537012.5.peg.3666.site.33, 1, 133, 134
537012.5.peg.3666.site.34, 16, 133, 149
537012.5.peg.3666.site.35, 1, 134, 135
537012.5.peg.3666.site.36, 4, 132, 136
537012.5.peg.3666.site.37, 12, 131, 143
537012.5.peg.3666.site.38, 5, 133, 138
537012.5.peg.3666.site.39, 6, 134, 140
537012.5.peg.3666.site.40, 4, 132, 136
537012.5.peg.3666.site.41, 60, 132, 192
537012.5.peg.3666.site.42, 0, 134, 134
537012.5.peg.3666.site.43, 10, 134, 144
537012.5.peg.3666.site.44, 22, 134, 156
537012.5.peg.3666.site.45, 4, 132, 136
537012.5.peg.3666.site.46, 29, 133, 162
537012.5.peg.3666.site.47, 1, 134, 135
537012.5.peg.3666.site.48, 2, 134, 136
537012.5.peg.3666.site.49, 28, 134, 162
537012.5.peg.3666.site.50, 1, 133, 134
537012.5.peg.3666.site.51, 7, 134, 141
537012.5.peg.3666.site.52, 122, 134, 256
537012.5.peg.3666.site.53, 2, 134, 136
537012.5.peg.3666.site.54, 10, 131, 141
537012.5.peg.3666.site.55, 2, 134, 136
537012.5.peg.3666.site.56, 5, 133, 138
537012.5.peg.3666.site.57, 43, 134, 177
537012.5.peg.3666.site.58, 1, 134, 135
537012.5.peg.3666.site.59, 1, 134, 135
537012.5.peg.3666.site.60, 1, 134, 135
537012.5.peg.3666.site.61, 2, 132, 134
537012.5.peg.3666.site.62, 8, 133, 141
537012.5.peg.3666.site.63, 7, 132, 139
537012.5.peg.3666.site.64, 1, 134, 135
537012.5.peg.3666.site.65, 57, 130, 187
537012.5.peg.3666.site.66, 6, 134, 140
537012.5.peg.3666.site.67, 19, 131, 150
537012.5.peg.3666.site.68, 5, 133, 138
537012.5.peg.3666.site.69, 1, 134, 135
537012.5.peg.3666.site.70, 19, 134, 153
537012.5.peg.3666.site.71, 1, 134, 135
537012.5.peg.3666.site.72, 35, 132, 167
537012.5.peg.3666.site.73, 4, 131, 135
537012.5.peg.3666.site.74, 36, 133, 169
537012.5.peg.3666.site.75, 1, 134, 135
537012.5.peg.3666.site.76, 10, 134, 144
537012.5.peg.3666.site.77, 1, 134, 135
537012.5.peg.3666.site.78, 0, 134, 134
537012.5.peg.3666.site.79, 5, 133, 138
537012.5.peg.3666.site.80, 129, 133, 262
537012.5.peg.3666.site.81, 6, 134, 140
537012.5.peg.2990.site.1, 6, 126, 132
537012.5.peg.2990.site.2, 20, 126, 146
537012.5.peg.2990.site.3, 2, 125, 127
537012.5.peg.2990.site.4, 17, 125, 142
537012.5.peg.2990.site.5, 19, 125, 144
537012.5.peg.2990.site.6, 6, 126, 132
537012.5.peg.2990.site.7, 1, 126, 127
537012.5.peg.2990.site.8, 2, 124, 126
537012.5.peg.2990.site.9, 0, 124, 124
537012.5.peg.2990.site.10, 4, 125, 129
537012.5.peg.2990.site.11, 51, 125, 176
537012.5.peg.2990.site.12, 1, 126, 127
537012.5.peg.2990.site.13, 41, 126, 167
537012.5.peg.2990.site.14, 15, 125, 140
537012.5.peg.2990.site.15, 69, 125, 194
537012.5.peg.2990.site.16, 3, 125, 128
537012.5.peg.2990.site.17, 3, 126, 129
537012.5.peg.2990.site.18, 14, 125, 139
537012.5.peg.2990.site.19, 3, 126, 129
537012.5.peg.2990.site.20, 89, 125, 214
537012.5.peg.2990.site.21, 14, 123, 137
537012.5.peg.2990.site.22, 1, 120, 121
537012.5.peg.2990.site.23, 1, 121, 122
537012.5.peg.2990.site.24, 4, 123, 127
537012.5.peg.2990.site.25, 14, 125, 139
537012.5.peg.2990.site.26, 31, 125, 156
537012.5.peg.2990.site.27, 2, 125, 127
537012.5.peg.2990.site.28, 20, 125, 145
537012.5.peg.2990.site.29, 5, 124, 129
537012.5.peg.2990.site.30, 5, 125, 130
537012.5.peg.2990.site.31, 2, 125, 127
537012.5.peg.2990.site.32, 2, 126, 128
537012.5.peg.2990.site.33, 6, 126, 132
537012.5.peg.2990.site.34, 20, 126, 146
537012.5.peg.2991.site.1, 79, 118, 197
537012.5.peg.2991.site.2, 0, 124, 124
537012.5.peg.2991.site.3, 6, 124, 130
537012.5.peg.2991.site.4, 12, 125, 137
537012.5.peg.2991.site.5, 8, 125, 133
537012.5.peg.2991.site.6, 0, 126, 126
537012.5.peg.2991.site.7, 6, 126, 132
537012.5.peg.2991.site.8, 6, 123, 129
537012.5.peg.2991.site.9, 2, 125, 127
537012.5.peg.2991.site.10, 8, 125, 133
537012.5.peg.2991.site.11, 2, 126, 128
537012.5.peg.2991.site.12, 16, 124, 140
537012.5.peg.2991.site.13, 6, 125, 131
537012.5.peg.2991.site.14, 31, 125, 156
537012.5.peg.2991.site.15, 41, 126, 167
537012.5.peg.2991.site.16, 0, 125, 125
537012.5.peg.2991.site.17, 6, 125, 131
537012.5.peg.2991.site.18, 3, 125, 128
537012.5.peg.2991.site.19, 6, 125, 131
537012.5.peg.2991.site.20, 6, 126, 132
537012.5.peg.2991.site.21, 1, 126, 127
537012.5.peg.2991.site.22, 4, 125, 129
537012.5.peg.2991.site.23, 28, 126, 154
537012.5.peg.2991.site.24, 1, 125, 126
537012.5.peg.2991.site.25, 20, 126, 146
537012.5.peg.2991.site.26, 1, 126, 127
537012.5.peg.2991.site.27, 0, 125, 125
537012.5.peg.2991.site.28, 7, 124, 131
537012.5.peg.2991.site.29, 1, 125, 126
537012.5.peg.2991.site.30, 3, 120, 123
537012.5.peg.2991.site.31, 0, 123, 123
537012.5.peg.2991.site.32, 19, 124, 143
537012.5.peg.2991.site.33, 3, 123, 126
537012.5.peg.2991.site.34, 6, 120, 126
537012.5.peg.2991.site.35, 13, 124, 137
537012.5.peg.2991.site.36, 21, 124, 145
537012.5.peg.2991.site.37, 0, 126, 126
537012.5.peg.2991.site.38, 79, 125, 204
537012.5.peg.2991.site.39, 59, 122, 181
537012.5.peg.2991.site.40, 3, 122, 125
537012.5.peg.2991.site.41, 14, 121, 135
537012.5.peg.2991.site.42, 3, 122, 125
537012.5.peg.2991.site.43, 20, 122, 142
537012.5.peg.2991.site.44, 2, 120, 122
537012.5.peg.2991.site.45, 20, 119, 139
537012.5.peg.2991.site.46, 1, 119, 120
537012.5.peg.2991.site.47, 1, 120, 121
537012.5.peg.2991.site.48, 13, 119, 132
537012.5.peg.2991.site.49, 3, 122, 125
537012.5.peg.2991.site.50, 5, 124, 129
537012.5.peg.2991.site.51, 14, 124, 138
537012.5.peg.2991.site.52, 110, 124, 234
537012.5.peg.2991.site.53, 0, 124, 124
537012.5.peg.2991.site.54, 12, 119, 131
537012.5.peg.2993.site.1, 4, 126, 130
537012.5.peg.2993.site.2, 6, 126, 132
537012.5.peg.2993.site.3, 0, 125, 125
537012.5.peg.2993.site.4, 1, 126, 127
537012.5.peg.2993.site.5, 6, 126, 132
537012.5.peg.2993.site.6, 6, 126, 132
537012.5.peg.2993.site.7, 93, 120, 213
537012.5.peg.2993.site.8, 95, 120, 215
537012.5.peg.2993.site.9, 2, 121, 123
537012.5.peg.2993.site.10, 6, 126, 132
537012.5.peg.2993.site.11, 6, 125, 131
537012.5.peg.2993.site.12, 0, 125, 125
537012.5.peg.2993.site.13, 6, 126, 132
537012.5.peg.2993.site.14, 6, 125, 131
537012.5.peg.2993.site.15, 7, 125, 132
537012.5.peg.2993.site.16, 68, 125, 193
537012.5.peg.2993.site.17, 0, 125, 125
537012.5.peg.2993.site.18, 0, 125, 125
537012.5.peg.2993.site.19, 16, 124, 140
537012.5.peg.2993.site.20, 3, 125, 128
537012.5.peg.2993.site.21, 91, 125, 216
537012.5.peg.2993.site.22, 7, 125, 132
537012.5.peg.2993.site.23, 8, 125, 133
537012.5.peg.2993.site.24, 8, 125, 133
537012.5.peg.2993.site.25, 57, 124, 181
537012.5.peg.2993.site.26, 0, 125, 125
537012.5.peg.2993.site.27, 2, 126, 128
537012.5.peg.2993.site.28, 7, 126, 133
537012.5.peg.2993.site.29, 8, 126, 134
537012.5.peg.2993.site.30, 6, 125, 131
537012.5.peg.2993.site.31, 94, 126, 220
537012.5.peg.2993.site.32, 2, 126, 128
537012.5.peg.2993.site.33, 2, 126, 128
537012.5.peg.2993.site.34, 31, 125, 156
537012.5.peg.2993.site.35, 16, 126, 142
537012.5.peg.2993.site.36, 11, 126, 137
537012.5.peg.2993.site.37, 11, 125, 136
537012.5.peg.2993.site.38, 2, 126, 128
537012.5.peg.2993.site.39, 1, 126, 127
537012.5.peg.2994.site.1, 0, 124, 124
537012.5.peg.2994.site.2, 0, 126, 126
537012.5.peg.2994.site.3, 0, 123, 123
537012.5.peg.2994.site.4, 3, 122, 125
537012.5.peg.2994.site.5, 65, 126, 191
537012.5.peg.2994.site.6, 1, 126, 127
537012.5.peg.2994.site.7, 9, 126, 135
537012.5.peg.2994.site.8, 16, 125, 141
537012.5.peg.2994.site.9, 7, 126, 133
537012.5.peg.2994.site.10, 7, 125, 132
537012.5.peg.2994.site.11, 12, 124, 136
537012.5.peg.2994.site.12, 5, 124, 129
537012.5.peg.2994.site.13, 3, 125, 128
537012.5.peg.2994.site.14, 47, 124, 171
537012.5.peg.2994.site.15, 7, 125, 132
537012.5.peg.2994.site.16, 63, 125, 188
537012.5.peg.2994.site.17, 4, 125, 129
537012.5.peg.2994.site.18, 23, 125, 148
537012.5.peg.2994.site.19, 7, 126, 133
537012.5.peg.2994.site.20, 1, 126, 127
537012.5.peg.2994.site.21, 7, 126, 133
537012.5.peg.2994.site.22, 4, 126, 130
537012.5.peg.2994.site.23, 20, 126, 146
537012.5.peg.2994.site.24, 82, 123, 205
537012.5.peg.2994.site.25, 1, 126, 127
537012.5.peg.2994.site.26, 6, 124, 130
537012.5.peg.2994.site.27, 6, 124, 130
537012.5.peg.2994.site.28, 12, 126, 138
537012.5.peg.2994.site.29, 61, 126, 187
537012.5.peg.2994.site.30, 43, 126, 169
537012.5.peg.2994.site.31, 67, 125, 192
537012.5.peg.2994.site.32, 0, 126, 126
537012.5.peg.2994.site.33, 9, 126, 135
537012.5.peg.2994.site.34, 7, 126, 133
537012.5.peg.2994.site.35, 1, 126, 127
537012.5.peg.2994.site.36, 2, 126, 128
537012.5.peg.2994.site.37, 85, 125, 210
537012.5.peg.2994.site.38, 23, 125, 148
537012.5.peg.2994.site.39, 16, 126, 142
537012.5.peg.2994.site.40, 16, 126, 142
537012.5.peg.2994.site.41, 3, 126, 129
537012.5.peg.2994.site.42, 8, 126, 134
537012.5.peg.2994.site.43, 2, 126, 128
537012.5.peg.2994.site.44, 7, 126, 133
537012.5.peg.2994.site.45, 16, 126, 142
537012.5.peg.2994.site.46, 30, 126, 156
537012.5.peg.2994.site.47, 9, 126, 135
537012.5.peg.2994.site.48, 16, 126, 142
537012.5.peg.2994.site.49, 6, 125, 131
537012.5.peg.2994.site.50, 2, 125, 127
537012.5.peg.2994.site.51, 20, 125, 145
537012.5.peg.2994.site.52, 5, 125, 130
537012.5.peg.2994.site.53, 0, 125, 125
537012.5.peg.2994.site.54, 0, 126, 126
537012.5.peg.2994.site.55, 7, 124, 131
537012.5.peg.2994.site.56, 2, 125, 127
537012.5.peg.2994.site.57, 12, 123, 135
537012.5.peg.2994.site.58, 105, 123, 228
537012.5.peg.2994.site.59, 0, 124, 124
537012.5.peg.2994.site.60, 0, 125, 125
537012.5.peg.2994.site.61, 7, 125, 132
537012.5.peg.2994.site.62, 2, 125, 127
537012.5.peg.2994.site.63, 3, 124, 127
537012.5.peg.2994.site.64, 109, 124, 233
537012.5.peg.2994.site.65, 121, 126, 247
537012.5.peg.2994.site.66, 2, 125, 127
537012.5.peg.2995.site.1, 18, 133, 151
537012.5.peg.2995.site.2, 1, 134, 135
537012.5.peg.2995.site.3, 9, 134, 143
537012.5.peg.2995.site.4, 0, 134, 134
537012.5.peg.2995.site.5, 8, 132, 140
537012.5.peg.2995.site.6, 5, 133, 138
537012.5.peg.2995.site.7, 66, 132, 198
537012.5.peg.2995.site.8, 15, 132, 147
537012.5.peg.2995.site.9, 2, 133, 135
537012.5.peg.2995.site.10, 2, 134, 136
537012.5.peg.2995.site.11, 0, 134, 134
537012.5.peg.2995.site.12, 3, 134, 137
537012.5.peg.2995.site.13, 6, 134, 140
537012.5.peg.2995.site.14, 7, 134, 141
537012.5.peg.2995.site.15, 10, 134, 144
537012.5.peg.2995.site.16, 1, 134, 135
537012.5.peg.2995.site.17, 0, 133, 133
537012.5.peg.2995.site.18, 2, 134, 136
537012.5.peg.2995.site.19, 1, 133, 134
537012.5.peg.2995.site.20, 5, 132, 137
537012.5.peg.2996.site.1, 31, 132, 163
537012.5.peg.2996.site.2, 10, 133, 143
537012.5.peg.2996.site.3, 2, 133, 135
537012.5.peg.2996.site.4, 26, 134, 160
537012.5.peg.2996.site.5, 35, 133, 168
537012.5.peg.2996.site.6, 2, 130, 132
537012.5.peg.2996.site.7, 13, 130, 143
537012.5.peg.2996.site.8, 3, 126, 129
537012.5.peg.2996.site.9, 42, 121, 163
537012.5.peg.2996.site.10, 37, 122, 159
537012.5.peg.2996.site.11, 60, 122, 182
537012.5.peg.2996.site.12, 2, 124, 126
537012.5.peg.2996.site.13, 1, 129, 130
537012.5.peg.2996.site.14, 2, 130, 132
537012.5.peg.2996.site.15, 29, 133, 162
537012.5.peg.2996.site.16, 3, 131, 134
537012.5.peg.2996.site.17, 42, 131, 173
537012.5.peg.2996.site.18, 40, 131, 171
537012.5.peg.2996.site.19, 2, 130, 132
537012.5.peg.2996.site.20, 1, 131, 132
537012.5.peg.2996.site.21, 2, 131, 133
537012.5.peg.2996.site.22, 50, 132, 182
537012.5.peg.2996.site.23, 4, 133, 137
537012.5.peg.2996.site.24, 10, 133, 143
537012.5.peg.2996.site.25, 3, 134, 137
537012.5.peg.2996.site.26, 3, 132, 135
537012.5.peg.2996.site.27, 8, 134, 142
537012.5.peg.2996.site.28, 0, 134, 134
537012.5.peg.2996.site.29, 7, 133, 140
537012.5.peg.2996.site.30, 71, 134, 205
537012.5.peg.2996.site.31, 11, 134, 145
537012.5.peg.2996.site.32, 24, 133, 157
537012.5.peg.2996.site.33, 12, 131, 143
537012.5.peg.2996.site.34, 25, 131, 156
537012.5.peg.2996.site.35, 5, 134, 139
537012.5.peg.2996.site.36, 25, 131, 156
537012.5.peg.2996.site.37, 9, 132, 141
537012.5.peg.2996.site.38, 1, 132, 133
537012.5.peg.2996.site.39, 1, 132, 133
537012.5.peg.2996.site.40, 20, 134, 154
537012.5.peg.2996.site.41, 8, 131, 139
537012.5.peg.2996.site.42, 6, 131, 137
537012.5.peg.2996.site.43, 17, 132, 149
537012.5.peg.2996.site.44, 1, 134, 135
537012.5.peg.2996.site.45, 5, 133, 138
537012.5.peg.2996.site.46, 9, 134, 143
537012.5.peg.2996.site.47, 9, 134, 143
537012.5.peg.2996.site.48, 49, 132, 181
537012.5.peg.2996.site.49, 4, 132, 136
537012.5.peg.2996.site.50, 9, 134, 143
537012.5.peg.2996.site.51, 4, 132, 136
537012.5.peg.2996.site.52, 4, 132, 136
537012.5.peg.2996.site.53, 1, 134, 135
537012.5.peg.2996.site.54, 1, 134, 135
537012.5.peg.2996.site.55, 9, 132, 141
537012.5.peg.2996.site.56, 9, 133, 142
537012.5.peg.2996.site.57, 14, 131, 145
537012.5.peg.2996.site.58, 8, 134, 142
537012.5.peg.2996.site.59, 5, 133, 138
537012.5.peg.2996.site.60, 13, 132, 145
537012.5.peg.2996.site.61, 1, 130, 131
537012.5.peg.2996.site.62, 9, 128, 137
537012.5.peg.2996.site.63, 5, 129, 134
537012.5.peg.2996.site.64, 4, 128, 132
537012.5.peg.2996.site.65, 7, 133, 140
537012.5.peg.2996.site.66, 13, 132, 145
537012.5.peg.2996.site.67, 2, 134, 136
537012.5.peg.2996.site.68, 12, 131, 143
537012.5.peg.2996.site.69, 1, 133, 134
537012.5.peg.2996.site.70, 4, 134, 138
537012.5.peg.2996.site.71, 6, 132, 138
537012.5.peg.2996.site.72, 12, 131, 143
537012.5.peg.2996.site.73, 2, 131, 133
537012.5.peg.2996.site.74, 6, 130, 136
537012.5.peg.2996.site.75, 4, 129, 133
537012.5.peg.2996.site.76, 5, 130, 135
537012.5.peg.2996.site.77, 1, 133, 134
537012.5.peg.2996.site.78, 8, 133, 141
537012.5.peg.2996.site.79, 13, 132, 145
537012.5.peg.2996.site.80, 9, 133, 142
537012.5.peg.2996.site.81, 9, 134, 143
537012.5.peg.2996.site.82, 5, 132, 137
537012.5.peg.2996.site.83, 12, 132, 144
537012.5.peg.2996.site.84, 2, 131, 133
537012.5.peg.2996.site.85, 1, 129, 130
537012.5.peg.2996.site.86, 4, 133, 137
537012.5.peg.2996.site.87, 6, 132, 138
537012.5.peg.2996.site.88, 6, 133, 139
537012.5.peg.2996.site.89, 3, 134, 137
537012.5.peg.2996.site.90, 4, 134, 138
537012.5.peg.2996.site.91, 10, 134, 144
537012.5.peg.2996.site.92, 9, 134, 143
537012.5.peg.2996.site.93, 14, 132, 146
537012.5.peg.2996.site.94, 2, 133, 135
537012.5.peg.2996.site.95, 1, 132, 133
537012.5.peg.2996.site.96, 118, 132, 250
537012.5.peg.2996.site.97, 11, 132, 143
537012.5.peg.2996.site.98, 11, 131, 142
537012.5.peg.2996.site.99, 2, 134, 136
537012.5.peg.2996.site.100, 3, 134, 137
537012.5.peg.2996.site.101, 116, 131, 247
537012.5.peg.2996.site.102, 4, 132, 136
537012.5.peg.2996.site.103, 2, 134, 136
537012.5.peg.2997.site.1, 1, 134, 135
537012.5.peg.2997.site.2, 7, 134, 141
537012.5.peg.2997.site.3, 2, 134, 136
537012.5.peg.2997.site.4, 1, 134, 135
537012.5.peg.2997.site.5, 1, 129, 130
537012.5.peg.2997.site.6, 1, 129, 130
537012.5.peg.2997.site.7, 6, 128, 134
537012.5.peg.2997.site.8, 85, 131, 216
537012.5.peg.2997.site.9, 130, 133, 263
537012.5.peg.2997.site.10, 7, 133, 140
537012.5.peg.2997.site.11, 3, 134, 137
537012.5.peg.2997.site.12, 3, 133, 136
537012.5.peg.2997.site.13, 3, 133, 136
537012.5.peg.2997.site.14, 2, 131, 133
537012.5.peg.2997.site.15, 4, 129, 133
537012.5.peg.2997.site.16, 3, 131, 134
537012.5.peg.2997.site.17, 3, 129, 132
537012.5.peg.2997.site.18, 5, 130, 135
537012.5.peg.2997.site.19, 5, 130, 135
537012.5.peg.2997.site.20, 53, 131, 184
537012.5.peg.2997.site.21, 1, 134, 135
537012.5.peg.2997.site.22, 21, 134, 155
537012.5.peg.2997.site.23, 50, 132, 182
537012.5.peg.2997.site.24, 82, 126, 208
537012.5.peg.2997.site.25, 3, 129, 132
537012.5.peg.2997.site.26, 65, 128, 193
537012.5.peg.2997.site.27, 12, 128, 140
537012.5.peg.2997.site.28, 108, 128, 236
537012.5.peg.2997.site.29, 5, 126, 131
537012.5.peg.2997.site.30, 19, 130, 149
537012.5.peg.2997.site.31, 5, 132, 137
537012.5.peg.2997.site.32, 105, 131, 236
537012.5.peg.2997.site.33, 11, 134, 145
537012.5.peg.2997.site.34, 7, 133, 140
537012.5.peg.2997.site.35, 0, 134, 134
537012.5.peg.2997.site.36, 4, 131, 135
537012.5.peg.2997.site.37, 11, 133, 144
537012.5.peg.2997.site.38, 4, 133, 137
537012.5.peg.2997.site.39, 11, 133, 144
537012.5.peg.2997.site.40, 48, 132, 180
537012.5.peg.2997.site.41, 5, 128, 133
537012.5.peg.2997.site.42, 17, 133, 150
537012.5.peg.2997.site.43, 4, 132, 136
537012.5.peg.2997.site.44, 0, 133, 133
537012.5.peg.2997.site.45, 11, 132, 143
537012.5.peg.2997.site.46, 4, 132, 136
537012.5.peg.3463.site.1, 16, 131, 147
537012.5.peg.3463.site.2, 58, 131, 189
537012.5.peg.3463.site.3, 0, 132, 132
537012.5.peg.3463.site.4, 17, 131, 148
537012.5.peg.3463.site.5, 1, 133, 134
537012.5.peg.3463.site.6, 4, 133, 137
537012.5.peg.3463.site.7, 5, 132, 137
537012.5.peg.3463.site.8, 0, 132, 132
537012.5.peg.3463.site.9, 0, 132, 132
537012.5.peg.3463.site.10, 1, 133, 134
537012.5.peg.3463.site.11, 0, 133, 133
537012.5.peg.3463.site.12, 0, 133, 133
537012.5.peg.3463.site.13, 3, 133, 136
537012.5.peg.3463.site.14, 12, 132, 144
537012.5.peg.3463.site.15, 16, 129, 145
537012.5.peg.3463.site.16, 15, 131, 146
537012.5.peg.3463.site.17, 56, 130, 186
537012.5.peg.3463.site.18, 26, 130, 156
537012.5.peg.3463.site.19, 5, 130, 135
537012.5.peg.3463.site.20, 8, 133, 141
537012.5.peg.3463.site.21, 3, 132, 135
537012.5.peg.3463.site.22, 5, 130, 135
537012.5.peg.3463.site.23, 3, 131, 134
537012.5.peg.3463.site.24, 23, 129, 152
537012.5.peg.3463.site.25, 23, 130, 153
537012.5.peg.3463.site.26, 16, 129, 145
537012.5.peg.3463.site.27, 4, 133, 137
537012.5.peg.2999.site.1, 18, 127, 145
537012.5.peg.2999.site.2, 15, 127, 142
537012.5.peg.2999.site.3, 2, 126, 128
537012.5.peg.2999.site.4, 24, 125, 149
537012.5.peg.2999.site.5, 5, 127, 132
537012.5.peg.2999.site.6, 10, 128, 138
537012.5.peg.2999.site.7, 78, 126, 204
537012.5.peg.2999.site.8, 40, 127, 167
537012.5.peg.2999.site.9, 2, 128, 130
537012.5.peg.2999.site.10, 6, 128, 134
537012.5.peg.2999.site.11, 53, 128, 181
537012.5.peg.2999.site.12, 0, 128, 128
537012.5.peg.2999.site.13, 27, 127, 154
537012.5.peg.2999.site.14, 22, 121, 143
537012.5.peg.2999.site.15, 9, 121, 130
537012.5.peg.2999.site.16, 18, 121, 139
537012.5.peg.2999.site.17, 2, 122, 124
537012.5.peg.2999.site.18, 2, 123, 125
537012.5.peg.2999.site.19, 3, 126, 129
537012.5.peg.2999.site.20, 1, 127, 128
537012.5.peg.2999.site.21, 1, 127, 128
537012.5.peg.2999.site.22, 5, 126, 131
537012.5.peg.2999.site.23, 2, 124, 126
537012.5.peg.2999.site.24, 3, 125, 128
537012.5.peg.2999.site.25, 8, 128, 136
537012.5.peg.2999.site.26, 5, 126, 131
537012.5.peg.2999.site.27, 0, 128, 128
537012.5.peg.2999.site.28, 114, 127, 241
537012.5.peg.2999.site.29, 6, 128, 134
537012.5.peg.2999.site.30, 6, 128, 134
537012.5.peg.2999.site.31, 80, 128, 208
537012.5.peg.2999.site.32, 3, 126, 129
537012.5.peg.2999.site.33, 2, 126, 128
537012.5.peg.2999.site.34, 7, 128, 135
537012.5.peg.2999.site.35, 4, 128, 132
537012.5.peg.2999.site.36, 54, 127, 181
537012.5.peg.2999.site.37, 3, 127, 130
537012.5.peg.2999.site.38, 3, 129, 132
537012.5.peg.2999.site.39, 2, 128, 130
537012.5.peg.2999.site.40, 21, 128, 149
537012.5.peg.2999.site.41, 86, 127, 213
537012.5.peg.2999.site.42, 30, 127, 157
537012.5.peg.2999.site.43, 22, 128, 150
537012.5.peg.2999.site.44, 10, 129, 139
537012.5.peg.2999.site.45, 9, 128, 137
537012.5.peg.2999.site.46, 11, 127, 138
537012.5.peg.2999.site.47, 1, 128, 129
537012.5.peg.2999.site.48, 54, 128, 182
537012.5.peg.2999.site.49, 6, 129, 135
537012.5.peg.2999.site.50, 7, 129, 136
537012.5.peg.2999.site.51, 3, 128, 131
537012.5.peg.2999.site.52, 1, 127, 128
537012.5.peg.2999.site.53, 6, 127, 133
537012.5.peg.2999.site.54, 3, 127, 130
537012.5.peg.2999.site.55, 21, 127, 148
537012.5.peg.2999.site.56, 1, 127, 128
537012.5.peg.2999.site.57, 1, 127, 128
537012.5.peg.2999.site.58, 54, 126, 180
537012.5.peg.2999.site.59, 2, 127, 129
537012.5.peg.2999.site.60, 6, 128, 134
537012.5.peg.2999.site.61, 1, 127, 128
537012.5.peg.3465.site.1, 8, 133, 141
537012.5.peg.3465.site.2, 2, 133, 135
537012.5.peg.3465.site.3, 85, 132, 217
537012.5.peg.3465.site.4, 3, 133, 136
537012.5.peg.3465.site.5, 8, 133, 141
537012.5.peg.3465.site.6, 4, 131, 135
537012.5.peg.3465.site.7, 8, 132, 140
537012.5.peg.3465.site.8, 3, 133, 136
537012.5.peg.3465.site.9, 21, 131, 152
537012.5.peg.3465.site.10, 0, 132, 132
537012.5.peg.3465.site.11, 7, 129, 136
537012.5.peg.3465.site.12, 8, 133, 141
537012.5.peg.3465.site.13, 4, 131, 135
537012.5.peg.3465.site.14, 8, 130, 138
537012.5.peg.3465.site.15, 4, 131, 135
537012.5.peg.3465.site.16, 4, 130, 134
537012.5.peg.3465.site.17, 33, 131, 164
537012.5.peg.3465.site.18, 4, 132, 136
537012.5.peg.3465.site.19, 6, 132, 138
537012.5.peg.3465.site.20, 4, 128, 132
537012.5.peg.3465.site.21, 9, 132, 141
537012.5.peg.3465.site.22, 13, 132, 145
537012.5.peg.3465.site.23, 5, 129, 134
537012.5.peg.3465.site.24, 46, 132, 178
537012.5.peg.3465.site.25, 49, 131, 180
537012.5.peg.3465.site.26, 3, 131, 134
537012.5.peg.3465.site.27, 7, 130, 137
537012.5.peg.3465.site.28, 3, 129, 132
537012.5.peg.3465.site.29, 69, 129, 198
537012.5.peg.3465.site.30, 5, 129, 134
537012.5.peg.3465.site.31, 21, 128, 149
537012.5.peg.3465.site.32, 11, 129, 140
537012.5.peg.3465.site.33, 12, 127, 139
537012.5.peg.3465.site.34, 0, 132, 132
537012.5.peg.3465.site.35, 61, 130, 191
537012.5.peg.3465.site.36, 3, 131, 134
537012.5.peg.3465.site.37, 11, 133, 144
537012.5.peg.3465.site.38, 13, 131, 144
537012.5.peg.3465.site.39, 31, 128, 159
537012.5.peg.3465.site.40, 8, 130, 138
537012.5.peg.3465.site.41, 4, 128, 132
537012.5.peg.3465.site.42, 28, 120, 148
537012.5.peg.3465.site.43, 9, 128, 137
537012.5.peg.3465.site.44, 8, 125, 133
537012.5.peg.3465.site.45, 1, 122, 123
537012.5.peg.3465.site.46, 1, 130, 131
537012.5.peg.3465.site.47, 10, 127, 137
537012.5.peg.3465.site.48, 119, 128, 247
537012.5.peg.3465.site.49, 118, 127, 245
537012.5.peg.3465.site.50, 5, 107, 112
537012.5.peg.3465.site.51, 72, 96, 168
537012.5.peg.3465.site.52, 50, 92, 142
537012.5.peg.3465.site.53, 82, 106, 188
537012.5.peg.3465.site.54, 9, 132, 141
537012.5.peg.3465.site.55, 57, 132, 189
537012.5.peg.3465.site.56, 57, 132, 189
537012.5.peg.3465.site.57, 61, 132, 193
537012.5.peg.3465.site.58, 75, 131, 206
537012.5.peg.3465.site.59, 4, 133, 137
537012.5.peg.3465.site.60, 1, 133, 134
537012.5.peg.3465.site.61, 13, 131, 144
537012.5.peg.3465.site.62, 48, 133, 181
537012.5.peg.3465.site.63, 1, 133, 134
537012.5.peg.3465.site.64, 34, 131, 165
537012.5.peg.3465.site.65, 3, 133, 136
537012.5.peg.3465.site.66, 14, 132, 146
537012.5.peg.3465.site.67, 29, 132, 161
537012.5.peg.3465.site.68, 1, 133, 134
537012.5.peg.3465.site.69, 2, 133, 135
537012.5.peg.3465.site.70, 4, 126, 130
537012.5.peg.3465.site.71, 7, 128, 135
537012.5.peg.3465.site.72, 16, 129, 145
537012.5.peg.4596.site.1, 0, 128, 128
537012.5.peg.4596.site.2, 1, 123, 124
537012.5.peg.4596.site.3, 1, 122, 123
537012.5.peg.4596.site.4, 5, 118, 123
537012.5.peg.4596.site.5, 8, 123, 131
537012.5.peg.4596.site.6, 1, 128, 129
537012.5.peg.4596.site.7, 2, 129, 131
537012.5.peg.4596.site.8, 1, 130, 131
537012.5.peg.4596.site.9, 7, 124, 131
537012.5.peg.4594.site.1, 0, 122, 122
537012.5.peg.4594.site.2, 5, 121, 126
537012.5.peg.4594.site.3, 7, 123, 130
537012.5.peg.4594.site.4, 0, 127, 127
537012.5.peg.4594.site.5, 0, 130, 130
537012.5.peg.4594.site.6, 22, 130, 152
537012.5.peg.4594.site.7, 1, 130, 131
537012.5.peg.4594.site.8, 126, 128, 254
537012.5.peg.4594.site.9, 4, 127, 131
537012.5.peg.4594.site.10, 24, 128, 152
537012.5.peg.4594.site.11, 73, 126, 199
537012.5.peg.4594.site.12, 6, 118, 124
537012.5.peg.4594.site.13, 55, 125, 180
537012.5.peg.4594.site.14, 1, 130, 131
537012.5.peg.4594.site.15, 1, 129, 130
537012.5.peg.4594.site.16, 2, 130, 132
537012.5.peg.4594.site.17, 2, 130, 132
537012.5.peg.4594.site.18, 4, 130, 134
537012.5.peg.4594.site.19, 1, 131, 132
537012.5.peg.4595.site.1, 0, 117, 117
537012.5.peg.4595.site.2, 3, 117, 120
537012.5.peg.4595.site.3, 2, 121, 123
537012.5.peg.4595.site.4, 2, 119, 121
537012.5.peg.4595.site.5, 0, 123, 123
537012.5.peg.4595.site.6, 7, 124, 131
537012.5.peg.4595.site.7, 1, 127, 128
537012.5.peg.4595.site.8, 7, 128, 135
537012.5.peg.4595.site.9, 1, 127, 128
537012.5.peg.4595.site.10, 0, 124, 124
537012.5.peg.4595.site.11, 0, 124, 124
537012.5.peg.4595.site.12, 53, 124, 177
537012.5.peg.4595.site.13, 5, 127, 132
537012.5.peg.4595.site.14, 6, 126, 132
537012.5.peg.4595.site.15, 1, 128, 129
537012.5.peg.4595.site.16, 3, 130, 133
537012.5.peg.4595.site.17, 5, 132, 137
537012.5.peg.4595.site.18, 1, 133, 134
537012.5.peg.4595.site.19, 9, 133, 142
537012.5.peg.4595.site.20, 30, 133, 163
537012.5.peg.4595.site.21, 5, 131, 136
537012.5.peg.4595.site.22, 1, 126, 127
537012.5.peg.4595.site.23, 1, 127, 128
537012.5.peg.4595.site.24, 2, 125, 127
537012.5.peg.4595.site.25, 1, 126, 127
537012.5.peg.4595.site.26, 1, 123, 124
537012.5.peg.4595.site.27, 1, 121, 122
537012.5.peg.4595.site.28, 53, 118, 171
537012.5.peg.4595.site.29, 2, 106, 108
537012.5.peg.4595.site.30, 14, 121, 135
537012.5.peg.4595.site.31, 3, 125, 128
537012.5.peg.4595.site.32, 10, 121, 131
537012.5.peg.4595.site.33, 4, 121, 125
537012.5.peg.4595.site.34, 54, 122, 176
537012.5.peg.4595.site.35, 9, 127, 136
537012.5.peg.4595.site.36, 5, 130, 135
537012.5.peg.4595.site.37, 3, 131, 134
537012.5.peg.4595.site.38, 1, 132, 133
537012.5.peg.4595.site.39, 2, 130, 132
537012.5.peg.4595.site.40, 3, 130, 133
537012.5.peg.4595.site.41, 0, 126, 126
537012.5.peg.4592.site.1, 1, 133, 134
537012.5.peg.4592.site.2, 6, 133, 139
537012.5.peg.4592.site.3, 4, 130, 134
537012.5.peg.4592.site.4, 93, 127, 220
537012.5.peg.4592.site.5, 6, 130, 136
537012.5.peg.4592.site.6, 1, 130, 131
537012.5.peg.4592.site.7, 1, 128, 129
537012.5.peg.4592.site.8, 1, 130, 131
537012.5.peg.4592.site.9, 33, 133, 166
537012.5.peg.4592.site.10, 6, 134, 140
537012.5.peg.4592.site.11, 4, 132, 136
537012.5.peg.4592.site.12, 2, 133, 135
537012.5.peg.4592.site.13, 1, 134, 135
537012.5.peg.4592.site.14, 2, 134, 136
537012.5.peg.4592.site.15, 4, 130, 134
537012.5.peg.4592.site.16, 127, 132, 259
537012.5.peg.4592.site.17, 11, 127, 138
537012.5.peg.4592.site.18, 1, 126, 127
537012.5.peg.4592.site.19, 7, 129, 136
537012.5.peg.4592.site.20, 18, 129, 147
537012.5.peg.4592.site.21, 2, 134, 136
537012.5.peg.4592.site.22, 3, 131, 134
537012.5.peg.4592.site.23, 11, 134, 145
537012.5.peg.4592.site.24, 6, 134, 140
537012.5.peg.4592.site.25, 36, 131, 167
537012.5.peg.4592.site.26, 29, 133, 162
537012.5.peg.4592.site.27, 4, 132, 136
537012.5.peg.4592.site.28, 15, 132, 147
537012.5.peg.4592.site.29, 4, 131, 135
537012.5.peg.4592.site.30, 4, 132, 136
537012.5.peg.4592.site.31, 2, 134, 136
537012.5.peg.4592.site.32, 1, 134, 135
537012.5.peg.4592.site.33, 1, 134, 135
537012.5.peg.4592.site.34, 5, 133, 138
537012.5.peg.4592.site.35, 3, 133, 136
537012.5.peg.4592.site.36, 0, 130, 130
537012.5.peg.4592.site.37, 1, 129, 130
537012.5.peg.4592.site.38, 1, 134, 135
537012.5.peg.4592.site.39, 4, 134, 138
537012.5.peg.4592.site.40, 0, 134, 134
537012.5.peg.4592.site.41, 0, 134, 134
537012.5.peg.4592.site.42, 66, 132, 198
537012.5.peg.4592.site.43, 3, 131, 134
537012.5.peg.4590.site.1, 5, 129, 134
537012.5.peg.4590.site.2, 0, 128, 128
537012.5.peg.4590.site.3, 76, 128, 204
537012.5.peg.4590.site.4, 1, 129, 130
537012.5.peg.4590.site.5, 3, 129, 132
537012.5.peg.4590.site.6, 70, 128, 198
537012.5.peg.4590.site.7, 0, 133, 133
537012.5.peg.4590.site.8, 1, 133, 134
537012.5.peg.4590.site.9, 7, 132, 139
537012.5.peg.4590.site.10, 0, 132, 132
537012.5.peg.4590.site.11, 1, 133, 134
537012.5.peg.4590.site.12, 0, 133, 133
537012.5.peg.4590.site.13, 2, 132, 134
537012.5.peg.4590.site.14, 10, 131, 141
537012.5.peg.4590.site.15, 0, 134, 134
537012.5.peg.4590.site.16, 10, 131, 141
537012.5.peg.4590.site.17, 3, 134, 137
537012.5.peg.4590.site.18, 0, 134, 134
537012.5.peg.4590.site.19, 1, 134, 135
537012.5.peg.4590.site.20, 11, 130, 141
537012.5.peg.4590.site.21, 14, 132, 146
537012.5.peg.4590.site.22, 0, 133, 133
537012.5.peg.4590.site.23, 6, 134, 140
537012.5.peg.4590.site.24, 2, 132, 134
537012.5.peg.4590.site.25, 0, 133, 133
537012.5.peg.4590.site.26, 3, 133, 136
537012.5.peg.4590.site.27, 0, 134, 134
537012.5.peg.4590.site.28, 3, 133, 136
537012.5.peg.4590.site.29, 2, 130, 132
537012.5.peg.4590.site.30, 7, 130, 137
537012.5.peg.4590.site.31, 8, 128, 136
537012.5.peg.4590.site.32, 7, 126, 133
537012.5.peg.4590.site.33, 2, 124, 126
537012.5.peg.4590.site.34, 7, 125, 132
537012.5.peg.4590.site.35, 3, 129, 132
537012.5.peg.4590.site.36, 0, 130, 130
537012.5.peg.4590.site.37, 8, 129, 137
537012.5.peg.4590.site.38, 3, 133, 136
537012.5.peg.4590.site.39, 0, 133, 133
537012.5.peg.4590.site.40, 2, 133, 135
537012.5.peg.4590.site.41, 9, 133, 142
537012.5.peg.4590.site.42, 3, 134, 137
537012.5.peg.3483.site.1, 1, 122, 123
537012.5.peg.3483.site.2, 6, 134, 140
537012.5.peg.3483.site.3, 11, 133, 144
537012.5.peg.3483.site.4, 1, 134, 135
537012.5.peg.3483.site.5, 7, 132, 139
537012.5.peg.3483.site.6, 12, 130, 142
537012.5.peg.3483.site.7, 10, 131, 141
537012.5.peg.3483.site.8, 6, 129, 135
537012.5.peg.3483.site.9, 1, 131, 132
537012.5.peg.3483.site.10, 9, 128, 137
537012.5.peg.3483.site.11, 28, 132, 160
537012.5.peg.3483.site.12, 1, 134, 135
537012.5.peg.3483.site.13, 0, 133, 133
537012.5.peg.3483.site.14, 1, 134, 135
537012.5.peg.3483.site.15, 5, 133, 138
537012.5.peg.3483.site.16, 40, 133, 173
537012.5.peg.3483.site.17, 6, 134, 140
537012.5.peg.3483.site.18, 11, 132, 143
537012.5.peg.3483.site.19, 2, 134, 136
537012.5.peg.3483.site.20, 3, 134, 137
537012.5.peg.3483.site.21, 4, 132, 136
537012.5.peg.3483.site.22, 0, 133, 133
537012.5.peg.3483.site.23, 16, 132, 148
537012.5.peg.3482.site.1, 7, 134, 141
537012.5.peg.3482.site.2, 6, 134, 140
537012.5.peg.3482.site.3, 4, 132, 136
537012.5.peg.3482.site.4, 7, 134, 141
537012.5.peg.3482.site.5, 6, 133, 139
537012.5.peg.3482.site.6, 6, 134, 140
537012.5.peg.3482.site.7, 1, 134, 135
537012.5.peg.3482.site.8, 2, 129, 131
537012.5.peg.3482.site.9, 0, 122, 122
537012.5.peg.3485.site.1, 2, 129, 131
537012.5.peg.3485.site.2, 4, 131, 135
537012.5.peg.3485.site.3, 108, 131, 239
537012.5.peg.3485.site.4, 4, 133, 137
537012.5.peg.3485.site.5, 14, 132, 146
537012.5.peg.3485.site.6, 4, 132, 136
537012.5.peg.3485.site.7, 25, 134, 159
537012.5.peg.3485.site.8, 7, 134, 141
537012.5.peg.3485.site.9, 11, 133, 144
537012.5.peg.3485.site.10, 20, 129, 149
537012.5.peg.3485.site.11, 7, 133, 140
537012.5.peg.3485.site.12, 0, 132, 132
537012.5.peg.3484.site.1, 14, 131, 145
537012.5.peg.3484.site.2, 5, 133, 138
537012.5.peg.3484.site.3, 6, 134, 140
537012.5.peg.3484.site.4, 79, 133, 212
537012.5.peg.3484.site.5, 4, 134, 138
537012.5.peg.3484.site.6, 6, 133, 139
537012.5.peg.3484.site.7, 2, 134, 136
537012.5.peg.3484.site.8, 6, 134, 140
537012.5.peg.3484.site.9, 11, 133, 144
537012.5.peg.3484.site.10, 6, 134, 140
537012.5.peg.3484.site.11, 1, 134, 135
537012.5.peg.3484.site.12, 2, 134, 136
537012.5.peg.3484.site.13, 13, 133, 146
537012.5.peg.3484.site.14, 3, 131, 134
537012.5.peg.3487.site.1, 6, 133, 139
537012.5.peg.3487.site.2, 5, 134, 139
537012.5.peg.3487.site.3, 2, 134, 136
537012.5.peg.3487.site.4, 7, 134, 141
537012.5.peg.3487.site.5, 11, 132, 143
537012.5.peg.3487.site.6, 77, 132, 209
537012.5.peg.3487.site.7, 7, 134, 141
537012.5.peg.3487.site.8, 7, 134, 141
537012.5.peg.3487.site.9, 119, 133, 252
537012.5.peg.3487.site.10, 1, 132, 133
537012.5.peg.3487.site.11, 122, 133, 255
537012.5.peg.3487.site.12, 7, 134, 141
537012.5.peg.3487.site.13, 20, 133, 153
537012.5.peg.3486.site.1, 11, 132, 143
537012.5.peg.3486.site.2, 4, 131, 135
537012.5.peg.3486.site.3, 0, 134, 134
537012.5.peg.3486.site.4, 7, 134, 141
537012.5.peg.3486.site.5, 107, 134, 241
537012.5.peg.3486.site.6, 2, 134, 136
537012.5.peg.3486.site.7, 43, 133, 176
537012.5.peg.3486.site.8, 7, 134, 141
537012.5.peg.3486.site.9, 7, 134, 141
537012.5.peg.3486.site.10, 4, 134, 138
537012.5.peg.3486.site.11, 9, 134, 143
537012.5.peg.3489.site.1, 0, 130, 130
537012.5.peg.3489.site.2, 0, 128, 128
537012.5.peg.3488.site.1, 5, 133, 138
537012.5.peg.3488.site.2, 7, 134, 141
537012.5.peg.3488.site.3, 4, 132, 136
537012.5.peg.3488.site.4, 1, 134, 135
537012.5.peg.3488.site.5, 1, 134, 135
537012.5.peg.3488.site.6, 3, 134, 137
537012.5.peg.3488.site.7, 6, 134, 140
537012.5.peg.3488.site.8, 25, 134, 159
537012.5.peg.3488.site.9, 1, 134, 135
537012.5.peg.3488.site.10, 7, 134, 141
537012.5.peg.3488.site.11, 1, 134, 135
537012.5.peg.3488.site.12, 8, 134, 142
537012.5.peg.3488.site.13, 7, 133, 140
537012.5.peg.3488.site.14, 1, 134, 135
537012.5.peg.3488.site.15, 7, 134, 141
537012.5.peg.3488.site.16, 4, 133, 137
537012.5.peg.3488.site.17, 3, 134, 137
537012.5.peg.3488.site.18, 2, 134, 136
537012.5.peg.3488.site.19, 4, 131, 135
537012.5.peg.3488.site.20, 35, 128, 163
537012.5.peg.3488.site.21, 8, 129, 137
537012.5.peg.3488.site.22, 5, 130, 135
537012.5.peg.3488.site.23, 8, 128, 136
537012.5.peg.3488.site.24, 5, 132, 137
537012.5.peg.3488.site.25, 1, 133, 134
537012.5.peg.3488.site.26, 4, 133, 137
537012.5.peg.3488.site.27, 4, 134, 138
537012.5.peg.3488.site.28, 4, 132, 136
537012.5.peg.3488.site.29, 10, 134, 144
537012.5.peg.3488.site.30, 1, 134, 135
537012.5.peg.3488.site.31, 3, 134, 137
537012.5.peg.3488.site.32, 3, 133, 136
537012.5.peg.3488.site.33, 4, 132, 136
537012.5.peg.3488.site.34, 14, 132, 146
537012.5.peg.3488.site.35, 4, 132, 136
537012.5.peg.3488.site.36, 4, 132, 136
537012.5.peg.3488.site.37, 1, 134, 135
537012.5.peg.3488.site.38, 0, 133, 133
537012.5.peg.3488.site.39, 4, 130, 134
537012.5.peg.3488.site.40, 3, 131, 134
537012.5.peg.3488.site.41, 0, 133, 133
537012.5.peg.3009.site.1, 0, 133, 133
537012.5.peg.3005.site.1, 4, 132, 136
537012.5.peg.3005.site.2, 3, 134, 137
537012.5.peg.3005.site.3, 6, 134, 140
537012.5.peg.3005.site.4, 11, 132, 143
537012.5.peg.3005.site.5, 2, 133, 135
537012.5.peg.3004.site.1, 4, 132, 136
537012.5.peg.3004.site.2, 31, 134, 165
537012.5.peg.3004.site.3, 1, 134, 135
537012.5.peg.3004.site.4, 11, 133, 144
537012.5.peg.3004.site.5, 2, 134, 136
537012.5.peg.3004.site.6, 1, 134, 135
537012.5.peg.3004.site.7, 11, 132, 143
537012.5.peg.3004.site.8, 3, 133, 136
537012.5.peg.3004.site.9, 6, 134, 140
537012.5.peg.3004.site.10, 0, 134, 134
537012.5.peg.3004.site.11, 2, 134, 136
537012.5.peg.3004.site.12, 5, 132, 137
537012.5.peg.3004.site.13, 1, 134, 135
537012.5.peg.3004.site.14, 6, 133, 139
537012.5.peg.3004.site.15, 2, 134, 136
537012.5.peg.3004.site.16, 3, 134, 137
537012.5.peg.3004.site.17, 1, 133, 134
537012.5.peg.3004.site.18, 1, 133, 134
537012.5.peg.3004.site.19, 0, 132, 132
537012.5.peg.3007.site.1, 9, 133, 142
537012.5.peg.3007.site.2, 10, 134, 144
537012.5.peg.3007.site.3, 97, 134, 231
537012.5.peg.3007.site.4, 1, 134, 135
537012.5.peg.3007.site.5, 5, 132, 137
537012.5.peg.3007.site.6, 11, 133, 144
537012.5.peg.3007.site.7, 4, 131, 135
537012.5.peg.3007.site.8, 5, 132, 137
537012.5.peg.3006.site.1, 1, 132, 133
537012.5.peg.3006.site.2, 11, 132, 143
537012.5.peg.3006.site.3, 11, 132, 143
537012.5.peg.3006.site.4, 1, 134, 135
537012.5.peg.3006.site.5, 12, 133, 145
537012.5.peg.3006.site.6, 12, 133, 145
537012.5.peg.3006.site.7, 7, 133, 140
537012.5.peg.3006.site.8, 2, 134, 136
537012.5.peg.3006.site.9, 13, 134, 147
537012.5.peg.3006.site.10, 5, 134, 139
537012.5.peg.3006.site.11, 6, 134, 140
537012.5.peg.3006.site.12, 41, 129, 170
537012.5.peg.3006.site.13, 3, 133, 136
537012.5.peg.3006.site.14, 10, 130, 140
537012.5.peg.3006.site.15, 1, 129, 130
537012.5.peg.3006.site.16, 5, 133, 138
537012.5.peg.3006.site.17, 14, 131, 145
537012.5.peg.3006.site.18, 4, 131, 135
537012.5.peg.3006.site.19, 1, 133, 134
537012.5.peg.3006.site.20, 1, 134, 135
537012.5.peg.3006.site.21, 122, 134, 256
537012.5.peg.3006.site.22, 8, 134, 142
537012.5.peg.3006.site.23, 1, 134, 135
537012.5.peg.3001.site.1, 101, 128, 229
537012.5.peg.3001.site.2, 3, 128, 131
537012.5.peg.3001.site.3, 3, 129, 132
537012.5.peg.3001.site.4, 7, 127, 134
537012.5.peg.3001.site.5, 7, 130, 137
537012.5.peg.3001.site.6, 7, 129, 136
537012.5.peg.3001.site.7, 18, 129, 147
537012.5.peg.3001.site.8, 2, 130, 132
537012.5.peg.3001.site.9, 0, 128, 128
537012.5.peg.3001.site.10, 1, 128, 129
537012.5.peg.3001.site.11, 2, 129, 131
537012.5.peg.3001.site.12, 3, 129, 132
537012.5.peg.3001.site.13, 1, 128, 129
537012.5.peg.3001.site.14, 75, 127, 202
537012.5.peg.3001.site.15, 4, 129, 133
537012.5.peg.3001.site.16, 33, 128, 161
537012.5.peg.3001.site.17, 9, 127, 136
537012.5.peg.3001.site.18, 3, 127, 130
537012.5.peg.3001.site.19, 4, 128, 132
537012.5.peg.3001.site.20, 6, 129, 135
537012.5.peg.3001.site.21, 8, 128, 136
537012.5.peg.3001.site.22, 4, 128, 132
537012.5.peg.3001.site.23, 102, 129, 231
537012.5.peg.3001.site.24, 6, 129, 135
537012.5.peg.3001.site.25, 1, 129, 130
537012.5.peg.3001.site.26, 1, 129, 130
537012.5.peg.3001.site.27, 6, 129, 135
537012.5.peg.3001.site.28, 1, 127, 128
537012.5.peg.3001.site.29, 26, 127, 153
537012.5.peg.3000.site.1, 11, 129, 140
537012.5.peg.3000.site.2, 0, 129, 129
537012.5.peg.3000.site.3, 35, 127, 162
537012.5.peg.3000.site.4, 1, 128, 129
537012.5.peg.3000.site.5, 7, 128, 135
537012.5.peg.3000.site.6, 1, 128, 129
537012.5.peg.3000.site.7, 43, 126, 169
537012.5.peg.3000.site.8, 1, 129, 130
537012.5.peg.3000.site.9, 0, 128, 128
537012.5.peg.3000.site.10, 1, 129, 130
537012.5.peg.3000.site.11, 22, 128, 150
537012.5.peg.3000.site.12, 8, 129, 137
537012.5.peg.3000.site.13, 7, 129, 136
537012.5.peg.3000.site.14, 6, 129, 135
537012.5.peg.3000.site.15, 5, 127, 132
537012.5.peg.3000.site.16, 0, 128, 128
537012.5.peg.3000.site.17, 10, 128, 138
537012.5.peg.3000.site.18, 3, 128, 131
537012.5.peg.3000.site.19, 81, 125, 206
537012.5.peg.3002.site.1, 0, 134, 134
537012.5.peg.3002.site.2, 1, 131, 132
537012.5.peg.3002.site.3, 52, 132, 184
537012.5.peg.3002.site.4, 3, 133, 136
537012.5.peg.3002.site.5, 60, 132, 192
537012.5.peg.3002.site.6, 3, 134, 137
537012.5.peg.3002.site.7, 3, 134, 137
537012.5.peg.3002.site.8, 1, 134, 135
537012.5.peg.3002.site.9, 3, 134, 137
537012.5.peg.3002.site.10, 7, 134, 141
537012.5.peg.3002.site.11, 1, 134, 135
537012.5.peg.3002.site.12, 1, 134, 135
537012.5.peg.3002.site.13, 1, 132, 133
537012.5.peg.3002.site.14, 1, 134, 135
537012.5.peg.3002.site.15, 1, 134, 135
537012.5.peg.3002.site.16, 3, 134, 137
537012.5.peg.4066.site.1, 2, 59, 61
537012.5.peg.4066.site.2, 3, 63, 66
537012.5.peg.4066.site.3, 3, 63, 66
537012.5.peg.4066.site.4, 23, 63, 86
537012.5.peg.4066.site.5, 4, 68, 72
537012.5.peg.4066.site.6, 8, 65, 73
537012.5.peg.4066.site.7, 3, 68, 71
537012.5.peg.4066.site.8, 2, 78, 80
537012.5.peg.4066.site.9, 12, 77, 89
537012.5.peg.4066.site.10, 0, 78, 78
537012.5.peg.4066.site.11, 6, 79, 85
537012.5.peg.4066.site.12, 1, 77, 78
537012.5.peg.4066.site.13, 14, 72, 86
537012.5.peg.4066.site.14, 6, 74, 80
537012.5.peg.4066.site.15, 2, 71, 73
537012.5.peg.4064.site.1, 2, 128, 130
537012.5.peg.4064.site.2, 4, 130, 134
537012.5.peg.4064.site.3, 0, 129, 129
537012.5.peg.4064.site.4, 2, 125, 127
537012.5.peg.4065.site.1, 7, 98, 105
537012.5.peg.4065.site.2, 25, 102, 127
537012.5.peg.4065.site.3, 10, 113, 123
537012.5.peg.4065.site.4, 32, 111, 143
537012.5.peg.4065.site.5, 31, 117, 148
537012.5.peg.4065.site.6, 5, 119, 124
537012.5.peg.4065.site.7, 6, 120, 126
537012.5.peg.4065.site.8, 11, 111, 122
537012.5.peg.4065.site.9, 4, 110, 114
537012.5.peg.4065.site.10, 14, 114, 128
537012.5.peg.4065.site.11, 15, 108, 123
537012.5.peg.4065.site.12, 12, 111, 123
537012.5.peg.4065.site.13, 15, 109, 124
537012.5.peg.4065.site.14, 17, 113, 130
537012.5.peg.4065.site.15, 12, 110, 122
537012.5.peg.4065.site.16, 0, 105, 105
537012.5.peg.4065.site.17, 11, 107, 118
537012.5.peg.4065.site.18, 23, 100, 123
537012.5.peg.4062.site.1, 18, 130, 148
537012.5.peg.4062.site.2, 2, 131, 133
537012.5.peg.4062.site.3, 4, 133, 137
537012.5.peg.4062.site.4, 0, 133, 133
537012.5.peg.4062.site.5, 1, 132, 133
537012.5.peg.4062.site.6, 4, 130, 134
537012.5.peg.4062.site.7, 10, 125, 135
537012.5.peg.4062.site.8, 13, 123, 136
537012.5.peg.4062.site.9, 12, 116, 128
537012.5.peg.4062.site.10, 1, 116, 117
537012.5.peg.4062.site.11, 4, 115, 119
537012.5.peg.4062.site.12, 1, 114, 115
537012.5.peg.4062.site.13, 60, 115, 175
537012.5.peg.4062.site.14, 4, 114, 118
537012.5.peg.4062.site.15, 15, 116, 131
537012.5.peg.4062.site.16, 10, 121, 131
537012.5.peg.4062.site.17, 23, 128, 151
537012.5.peg.4062.site.18, 4, 130, 134
537012.5.peg.4062.site.19, 8, 132, 140
537012.5.peg.4062.site.20, 16, 133, 149
537012.5.peg.4062.site.21, 19, 133, 152
537012.5.peg.4062.site.22, 25, 131, 156
537012.5.peg.4062.site.23, 3, 134, 137
537012.5.peg.4062.site.24, 16, 134, 150
537012.5.peg.4062.site.25, 3, 133, 136
537012.5.peg.4062.site.26, 22, 133, 155
537012.5.peg.4062.site.27, 18, 132, 150
537012.5.peg.4062.site.28, 7, 132, 139
537012.5.peg.4062.site.29, 5, 131, 136
537012.5.peg.4062.site.30, 2, 133, 135
537012.5.peg.4062.site.31, 13, 133, 146
537012.5.peg.4062.site.32, 2, 134, 136
537012.5.peg.4062.site.33, 3, 133, 136
537012.5.peg.4062.site.34, 1, 134, 135
537012.5.peg.4062.site.35, 26, 131, 157
537012.5.peg.4062.site.36, 5, 133, 138
537012.5.peg.4062.site.37, 8, 133, 141
537012.5.peg.4062.site.38, 4, 130, 134
537012.5.peg.4062.site.39, 4, 129, 133
537012.5.peg.4062.site.40, 44, 130, 174
537012.5.peg.4062.site.41, 1, 132, 133
537012.5.peg.4062.site.42, 1, 132, 133
537012.5.peg.4062.site.43, 13, 133, 146
537012.5.peg.4062.site.44, 24, 132, 156
537012.5.peg.4062.site.45, 5, 133, 138
537012.5.peg.4062.site.46, 13, 134, 147
537012.5.peg.4062.site.47, 3, 134, 137
537012.5.peg.4062.site.48, 41, 134, 175
537012.5.peg.4062.site.49, 5, 132, 137
537012.5.peg.4062.site.50, 30, 130, 160
537012.5.peg.4062.site.51, 3, 132, 135
537012.5.peg.4062.site.52, 18, 131, 149
537012.5.peg.4062.site.53, 17, 131, 148
537012.5.peg.4062.site.54, 9, 129, 138
537012.5.peg.4062.site.55, 16, 132, 148
537012.5.peg.4062.site.56, 89, 130, 219
537012.5.peg.4062.site.57, 5, 131, 136
537012.5.peg.4062.site.58, 8, 134, 142
537012.5.peg.4062.site.59, 53, 131, 184
537012.5.peg.4062.site.60, 1, 133, 134
537012.5.peg.4062.site.61, 23, 133, 156
537012.5.peg.4062.site.62, 14, 134, 148
537012.5.peg.4062.site.63, 14, 134, 148
537012.5.peg.4062.site.64, 3, 133, 136
537012.5.peg.4062.site.65, 37, 132, 169
537012.5.peg.4062.site.66, 0, 134, 134
537012.5.peg.4062.site.67, 1, 131, 132
537012.5.peg.4062.site.68, 27, 121, 148
537012.5.peg.4062.site.69, 28, 107, 135
537012.5.peg.4062.site.70, 25, 78, 103
537012.5.peg.4062.site.71, 8, 75, 83
537012.5.peg.4062.site.72, 16, 73, 89
537012.5.peg.4063.site.1, 1, 117, 118
537012.5.peg.4063.site.2, 15, 129, 144
537012.5.peg.4063.site.3, 4, 132, 136
537012.5.peg.4063.site.4, 3, 133, 136
537012.5.peg.4063.site.5, 7, 131, 138
537012.5.peg.4063.site.6, 12, 132, 144
537012.5.peg.4063.site.7, 5, 134, 139
537012.5.peg.4063.site.8, 23, 128, 151
537012.5.peg.4063.site.9, 1, 129, 130
537012.5.peg.4063.site.10, 19, 131, 150
537012.5.peg.4063.site.11, 72, 130, 202
537012.5.peg.4063.site.12, 8, 132, 140
537012.5.peg.4063.site.13, 11, 132, 143
537012.5.peg.4063.site.14, 19, 133, 152
537012.5.peg.4063.site.15, 0, 134, 134
537012.5.peg.4063.site.16, 9, 133, 142
537012.5.peg.4063.site.17, 17, 133, 150
537012.5.peg.4063.site.18, 18, 133, 151
537012.5.peg.4063.site.19, 1, 134, 135
537012.5.peg.4063.site.20, 4, 132, 136
537012.5.peg.4063.site.21, 3, 133, 136
537012.5.peg.4063.site.22, 0, 134, 134
537012.5.peg.4063.site.23, 33, 131, 164
537012.5.peg.4063.site.24, 24, 129, 153
537012.5.peg.4063.site.25, 5, 112, 117
537012.5.peg.4063.site.26, 4, 107, 111
537012.5.peg.4063.site.27, 3, 103, 106
537012.5.peg.4063.site.28, 7, 120, 127
537012.5.peg.4063.site.29, 9, 131, 140
537012.5.peg.4063.site.30, 36, 130, 166
537012.5.peg.4063.site.31, 89, 131, 220
537012.5.peg.4063.site.32, 15, 134, 149
537012.5.peg.4063.site.33, 4, 134, 138
537012.5.peg.4063.site.34, 28, 133, 161
537012.5.peg.4063.site.35, 4, 133, 137
537012.5.peg.4063.site.36, 8, 134, 142
537012.5.peg.4063.site.37, 28, 130, 158
537012.5.peg.4063.site.38, 109, 133, 242
537012.5.peg.4063.site.39, 6, 133, 139
537012.5.peg.4063.site.40, 34, 131, 165
537012.5.peg.4063.site.41, 36, 131, 167
537012.5.peg.4063.site.42, 27, 134, 161
537012.5.peg.4063.site.43, 3, 134, 137
537012.5.peg.4063.site.44, 2, 131, 133
537012.5.peg.4063.site.45, 3, 131, 134
537012.5.peg.4063.site.46, 6, 129, 135
537012.5.peg.4061.site.1, 20, 103, 123
537012.5.peg.4061.site.2, 7, 130, 137
537012.5.peg.4061.site.3, 1, 131, 132
537012.5.peg.4061.site.4, 2, 133, 135
537012.5.peg.4061.site.5, 5, 130, 135
537012.5.peg.4061.site.6, 3, 133, 136
537012.5.peg.4061.site.7, 0, 130, 130
537012.5.peg.4061.site.8, 5, 129, 134
537012.5.peg.4061.site.9, 6, 131, 137
537012.5.peg.4061.site.10, 4, 131, 135
537012.5.peg.4061.site.11, 3, 133, 136
537012.5.peg.4061.site.12, 14, 129, 143
537012.5.peg.4061.site.13, 9, 128, 137
537012.5.peg.4061.site.14, 4, 124, 128
537012.5.peg.4061.site.15, 28, 123, 151
537012.5.peg.4061.site.16, 21, 124, 145
537012.5.peg.4061.site.17, 11, 126, 137
537012.5.peg.4061.site.18, 0, 128, 128
537012.5.peg.4061.site.19, 31, 127, 158
537012.5.peg.4061.site.20, 16, 133, 149
537012.5.peg.4061.site.21, 15, 133, 148
537012.5.peg.4061.site.22, 1, 133, 134
537012.5.peg.4061.site.23, 30, 133, 163
537012.5.peg.4061.site.24, 12, 132, 144
537012.5.peg.4061.site.25, 10, 133, 143
537012.5.peg.4061.site.26, 7, 134, 141
537012.5.peg.4061.site.27, 13, 134, 147
537012.5.peg.4061.site.28, 3, 133, 136
537012.5.peg.4061.site.29, 13, 134, 147
537012.5.peg.4061.site.30, 17, 134, 151
537012.5.peg.4061.site.31, 1, 134, 135
537012.5.peg.4061.site.32, 5, 133, 138
537012.5.peg.4061.site.33, 4, 132, 136
537012.5.peg.4061.site.34, 18, 134, 152
537012.5.peg.4061.site.35, 3, 134, 137
537012.5.peg.4061.site.36, 13, 134, 147
537012.5.peg.4061.site.37, 14, 134, 148
537012.5.peg.4061.site.38, 14, 134, 148
537012.5.peg.4061.site.39, 4, 132, 136
537012.5.peg.3711.site.1, 1, 128, 129
537012.5.peg.3711.site.2, 14, 87, 101
537012.5.peg.3711.site.3, 19, 131, 150
537012.5.peg.3711.site.4, 8, 134, 142
537012.5.peg.3711.site.5, 0, 132, 132
537012.5.peg.3711.site.6, 7, 133, 140
537012.5.peg.3711.site.7, 2, 134, 136
537012.5.peg.3711.site.8, 127, 133, 260
537012.5.peg.3711.site.9, 13, 133, 146
537012.5.peg.3711.site.10, 23, 133, 156
537012.5.peg.3711.site.11, 14, 134, 148
537012.5.peg.3711.site.12, 76, 134, 210
537012.5.peg.3711.site.13, 1, 133, 134
537012.5.peg.3711.site.14, 1, 134, 135
537012.5.peg.3711.site.15, 92, 133, 225
537012.5.peg.3711.site.16, 3, 134, 137
537012.5.peg.3711.site.17, 1, 133, 134
537012.5.peg.3711.site.18, 5, 132, 137
537012.5.peg.3711.site.19, 1, 134, 135
537012.5.peg.3711.site.20, 3, 134, 137
537012.5.peg.3711.site.21, 1, 134, 135
537012.5.peg.3711.site.22, 19, 130, 149
537012.5.peg.3711.site.23, 1, 134, 135
537012.5.peg.3711.site.24, 0, 133, 133
537012.5.peg.3711.site.25, 37, 130, 167
537012.5.peg.3711.site.26, 57, 133, 190
537012.5.peg.3711.site.27, 0, 133, 133
537012.5.peg.3711.site.28, 130, 131, 261
537012.5.peg.3711.site.29, 17, 131, 148
537012.5.peg.3711.site.30, 54, 131, 185
537012.5.peg.3711.site.31, 3, 132, 135
537012.5.peg.3711.site.32, 14, 134, 148
537012.5.peg.3711.site.33, 10, 134, 144
537012.5.peg.3711.site.34, 3, 130, 133
537012.5.peg.3711.site.35, 17, 130, 147
537012.5.peg.3711.site.36, 1, 133, 134
537012.5.peg.3711.site.37, 18, 133, 151
537012.5.peg.3711.site.38, 9, 132, 141
537012.5.peg.3711.site.39, 4, 132, 136
537012.5.peg.3711.site.40, 15, 133, 148
537012.5.peg.3710.site.1, 18, 134, 152
537012.5.peg.3710.site.2, 41, 133, 174
537012.5.peg.3710.site.3, 1, 134, 135
537012.5.peg.3710.site.4, 1, 133, 134
537012.5.peg.3710.site.5, 1, 134, 135
537012.5.peg.3710.site.6, 1, 133, 134
537012.5.peg.3710.site.7, 6, 133, 139
537012.5.peg.3710.site.8, 1, 133, 134
537012.5.peg.3710.site.9, 18, 134, 152
537012.5.peg.3710.site.10, 1, 134, 135
537012.5.peg.3710.site.11, 1, 134, 135
537012.5.peg.3710.site.12, 1, 134, 135
537012.5.peg.3710.site.13, 1, 134, 135
537012.5.peg.3710.site.14, 3, 132, 135
537012.5.peg.3710.site.15, 5, 134, 139
537012.5.peg.3710.site.16, 8, 134, 142
537012.5.peg.3710.site.17, 21, 133, 154
537012.5.peg.3710.site.18, 25, 132, 157
537012.5.peg.3710.site.19, 5, 131, 136
537012.5.peg.3710.site.20, 1, 134, 135
537012.5.peg.3710.site.21, 37, 133, 170
537012.5.peg.3710.site.22, 19, 133, 152
537012.5.peg.3710.site.23, 131, 134, 265
537012.5.peg.3710.site.24, 1, 134, 135
537012.5.peg.3710.site.25, 13, 134, 147
537012.5.peg.3710.site.26, 1, 134, 135
537012.5.peg.3710.site.27, 3, 134, 137
537012.5.peg.3710.site.28, 106, 132, 238
537012.5.peg.3710.site.29, 64, 132, 196
537012.5.peg.3710.site.30, 0, 134, 134
537012.5.peg.3710.site.31, 7, 134, 141
537012.5.peg.3710.site.32, 1, 133, 134
537012.5.peg.3710.site.33, 5, 129, 134
537012.5.peg.3710.site.34, 9, 130, 139
537012.5.peg.3710.site.35, 11, 133, 144
537012.5.peg.3710.site.36, 1, 134, 135
537012.5.peg.3710.site.37, 3, 134, 137
537012.5.peg.3710.site.38, 0, 132, 132
537012.5.peg.3710.site.39, 2, 134, 136
537012.5.peg.3710.site.40, 26, 134, 160
537012.5.peg.3710.site.41, 3, 134, 137
537012.5.peg.3710.site.42, 17, 132, 149
537012.5.peg.3710.site.43, 17, 133, 150
537012.5.peg.3710.site.44, 12, 134, 146
537012.5.peg.3710.site.45, 5, 129, 134
537012.5.peg.3713.site.1, 3, 134, 137
537012.5.peg.3713.site.2, 4, 134, 138
537012.5.peg.3713.site.3, 52, 134, 186
537012.5.peg.3713.site.4, 1, 134, 135
537012.5.peg.3713.site.5, 17, 132, 149
537012.5.peg.3713.site.6, 0, 134, 134
537012.5.peg.3713.site.7, 5, 131, 136
537012.5.peg.3713.site.8, 2, 132, 134
537012.5.peg.3713.site.9, 7, 134, 141
537012.5.peg.3713.site.10, 13, 134, 147
537012.5.peg.3713.site.11, 20, 131, 151
537012.5.peg.3713.site.12, 4, 132, 136
537012.5.peg.3713.site.13, 1, 134, 135
537012.5.peg.3713.site.14, 8, 134, 142
537012.5.peg.3713.site.15, 0, 131, 131
537012.5.peg.3713.site.16, 0, 134, 134
537012.5.peg.3713.site.17, 8, 134, 142
537012.5.peg.3713.site.18, 16, 133, 149
537012.5.peg.3713.site.19, 1, 133, 134
537012.5.peg.3713.site.20, 26, 131, 157
537012.5.peg.3713.site.21, 8, 133, 141
537012.5.peg.3713.site.22, 2, 134, 136
537012.5.peg.3713.site.23, 4, 130, 134
537012.5.peg.3713.site.24, 6, 130, 136
537012.5.peg.3713.site.25, 1, 132, 133
537012.5.peg.3713.site.26, 32, 130, 162
537012.5.peg.3713.site.27, 57, 129, 186
537012.5.peg.3713.site.28, 16, 130, 146
537012.5.peg.3713.site.29, 0, 129, 129
537012.5.peg.3713.site.30, 21, 127, 148
537012.5.peg.3713.site.31, 2, 128, 130
537012.5.peg.3713.site.32, 129, 130, 259
537012.5.peg.3713.site.33, 29, 130, 159
537012.5.peg.3713.site.34, 0, 128, 128
537012.5.peg.3713.site.35, 1, 129, 130
537012.5.peg.3713.site.36, 18, 129, 147
537012.5.peg.3713.site.37, 1, 131, 132
537012.5.peg.3713.site.38, 16, 129, 145
537012.5.peg.3713.site.39, 1, 129, 130
537012.5.peg.3713.site.40, 2, 131, 133
537012.5.peg.3713.site.41, 1, 130, 131
537012.5.peg.3713.site.42, 2, 129, 131
537012.5.peg.3713.site.43, 2, 130, 132
537012.5.peg.3713.site.44, 71, 129, 200
537012.5.peg.3713.site.45, 0, 129, 129
537012.5.peg.3713.site.46, 1, 129, 130
537012.5.peg.3713.site.47, 1, 130, 131
537012.5.peg.3713.site.48, 123, 130, 253
537012.5.peg.3713.site.49, 1, 130, 131
537012.5.peg.3713.site.50, 14, 130, 144
537012.5.peg.3713.site.51, 7, 129, 136
537012.5.peg.3713.site.52, 16, 129, 145
537012.5.peg.3713.site.53, 0, 129, 129
537012.5.peg.3713.site.54, 0, 128, 128
537012.5.peg.3713.site.55, 18, 130, 148
537012.5.peg.3713.site.56, 0, 128, 128
537012.5.peg.3713.site.57, 1, 129, 130
537012.5.peg.3713.site.58, 2, 129, 131
537012.5.peg.3713.site.59, 2, 129, 131
537012.5.peg.3713.site.60, 108, 131, 239
537012.5.peg.3713.site.61, 25, 134, 159
537012.5.peg.3712.site.1, 37, 133, 170
537012.5.peg.3712.site.2, 18, 132, 150
537012.5.peg.3712.site.3, 19, 133, 152
537012.5.peg.3712.site.4, 13, 134, 147
537012.5.peg.3712.site.5, 16, 134, 150
537012.5.peg.3712.site.6, 4, 134, 138
537012.5.peg.3712.site.7, 5, 133, 138
537012.5.peg.3712.site.8, 22, 133, 155
537012.5.peg.3712.site.9, 1, 134, 135
537012.5.peg.3712.site.10, 40, 133, 173
537012.5.peg.3712.site.11, 8, 134, 142
537012.5.peg.3712.site.12, 34, 131, 165
537012.5.peg.3712.site.13, 49, 132, 181
537012.5.peg.3712.site.14, 65, 132, 197
537012.5.peg.3712.site.15, 11, 132, 143
537012.5.peg.3712.site.16, 4, 133, 137
537012.5.peg.3712.site.17, 4, 131, 135
537012.5.peg.3712.site.18, 16, 131, 147
537012.5.peg.3712.site.19, 9, 131, 140
537012.5.peg.3712.site.20, 1, 133, 134
537012.5.peg.3712.site.21, 5, 132, 137
537012.5.peg.3712.site.22, 34, 132, 166
537012.5.peg.3712.site.23, 2, 134, 136
537012.5.peg.3712.site.24, 16, 134, 150
537012.5.peg.3712.site.25, 4, 134, 138
537012.5.peg.3712.site.26, 5, 133, 138
537012.5.peg.3712.site.27, 13, 134, 147
537012.5.peg.3712.site.28, 9, 134, 143
537012.5.peg.3712.site.29, 5, 134, 139
537012.5.peg.3712.site.30, 10, 133, 143
537012.5.peg.3712.site.31, 73, 132, 205
537012.5.peg.3712.site.32, 0, 134, 134
537012.5.peg.3712.site.33, 3, 132, 135
537012.5.peg.3712.site.34, 2, 132, 134
537012.5.peg.3712.site.35, 2, 134, 136
537012.5.peg.3712.site.36, 35, 131, 166
537012.5.peg.3712.site.37, 21, 132, 153
537012.5.peg.3712.site.38, 49, 132, 181
537012.5.peg.3712.site.39, 4, 133, 137
537012.5.peg.3712.site.40, 1, 132, 133
537012.5.peg.3712.site.41, 21, 132, 153
537012.5.peg.3712.site.42, 6, 134, 140
537012.5.peg.3712.site.43, 1, 134, 135
537012.5.peg.3712.site.44, 11, 134, 145
537012.5.peg.3712.site.45, 3, 131, 134
537012.5.peg.3712.site.46, 2, 129, 131
537012.5.peg.3712.site.47, 10, 130, 140
537012.5.peg.3712.site.48, 2, 130, 132
537012.5.peg.3712.site.49, 0, 127, 127
537012.5.peg.3712.site.50, 14, 129, 143
537012.5.peg.3712.site.51, 1, 129, 130
537012.5.peg.3712.site.52, 1, 130, 131
537012.5.peg.3712.site.53, 42, 134, 176
537012.5.peg.3712.site.54, 113, 134, 247
537012.5.peg.3712.site.55, 1, 134, 135
537012.5.peg.3712.site.56, 5, 133, 138
537012.5.peg.3712.site.57, 9, 133, 142
537012.5.peg.3712.site.58, 5, 132, 137
537012.5.peg.3712.site.59, 8, 132, 140
537012.5.peg.3712.site.60, 14, 133, 147
537012.5.peg.3712.site.61, 68, 130, 198
537012.5.peg.3715.site.1, 22, 134, 156
537012.5.peg.3715.site.2, 4, 132, 136
537012.5.peg.3715.site.3, 15, 134, 149
537012.5.peg.3715.site.4, 37, 129, 166
537012.5.peg.3715.site.5, 1, 133, 134
537012.5.peg.3715.site.6, 1, 133, 134
537012.5.peg.3715.site.7, 13, 134, 147
537012.5.peg.3715.site.8, 5, 133, 138
537012.5.peg.3715.site.9, 4, 133, 137
537012.5.peg.3715.site.10, 17, 133, 150
537012.5.peg.3715.site.11, 17, 133, 150
537012.5.peg.3715.site.12, 1, 134, 135
537012.5.peg.3715.site.13, 1, 134, 135
537012.5.peg.3715.site.14, 17, 133, 150
537012.5.peg.3715.site.15, 4, 131, 135
537012.5.peg.3715.site.16, 16, 132, 148
537012.5.peg.3715.site.17, 1, 133, 134
537012.5.peg.3715.site.18, 98, 133, 231
537012.5.peg.3715.site.19, 33, 131, 164
537012.5.peg.3715.site.20, 16, 134, 150
537012.5.peg.3715.site.21, 69, 131, 200
537012.5.peg.3715.site.22, 22, 134, 156
537012.5.peg.3715.site.23, 3, 132, 135
537012.5.peg.3715.site.24, 2, 132, 134
537012.5.peg.3715.site.25, 6, 134, 140
537012.5.peg.3715.site.26, 38, 133, 171
537012.5.peg.3715.site.27, 14, 130, 144
537012.5.peg.3715.site.28, 5, 130, 135
537012.5.peg.3715.site.29, 0, 133, 133
537012.5.peg.3715.site.30, 8, 133, 141
537012.5.peg.3715.site.31, 16, 134, 150
537012.5.peg.3715.site.32, 1, 134, 135
537012.5.peg.3715.site.33, 2, 134, 136
537012.5.peg.3715.site.34, 7, 134, 141
537012.5.peg.3715.site.35, 1, 134, 135
537012.5.peg.3715.site.36, 17, 133, 150
537012.5.peg.3715.site.37, 6, 133, 139
537012.5.peg.3715.site.38, 10, 133, 143
537012.5.peg.3715.site.39, 2, 133, 135
537012.5.peg.3715.site.40, 50, 133, 183
537012.5.peg.3715.site.41, 0, 133, 133
537012.5.peg.3715.site.42, 5, 133, 138
537012.5.peg.3715.site.43, 1, 134, 135
537012.5.peg.3715.site.44, 5, 134, 139
537012.5.peg.3714.site.1, 2, 134, 136
537012.5.peg.3714.site.2, 1, 134, 135
537012.5.peg.3714.site.3, 3, 134, 137
537012.5.peg.3714.site.4, 4, 134, 138
537012.5.peg.3714.site.5, 21, 133, 154
537012.5.peg.3714.site.6, 0, 133, 133
537012.5.peg.3714.site.7, 5, 133, 138
537012.5.peg.3714.site.8, 1, 134, 135
537012.5.peg.3714.site.9, 0, 133, 133
537012.5.peg.3714.site.10, 1, 134, 135
537012.5.peg.3714.site.11, 1, 133, 134
537012.5.peg.3714.site.12, 2, 134, 136
537012.5.peg.3714.site.13, 118, 134, 252
537012.5.peg.3714.site.14, 1, 132, 133
537012.5.peg.3714.site.15, 2, 134, 136
537012.5.peg.3714.site.16, 4, 132, 136
537012.5.peg.3714.site.17, 8, 133, 141
537012.5.peg.3714.site.18, 11, 133, 144
537012.5.peg.3714.site.19, 14, 133, 147
537012.5.peg.3714.site.20, 1, 134, 135
537012.5.peg.3714.site.21, 17, 133, 150
537012.5.peg.3714.site.22, 2, 134, 136
537012.5.peg.3714.site.23, 8, 133, 141
537012.5.peg.3714.site.24, 2, 134, 136
537012.5.peg.3714.site.25, 21, 133, 154
537012.5.peg.3714.site.26, 19, 133, 152
537012.5.peg.3714.site.27, 22, 132, 154
537012.5.peg.3714.site.28, 106, 133, 239
537012.5.peg.3714.site.29, 0, 134, 134
537012.5.peg.3714.site.30, 132, 133, 265
537012.5.peg.3714.site.31, 93, 130, 223
537012.5.peg.3717.site.1, 50, 133, 183
537012.5.peg.3717.site.2, 4, 132, 136
537012.5.peg.3717.site.3, 1, 134, 135
537012.5.peg.3717.site.4, 1, 134, 135
537012.5.peg.3717.site.5, 25, 134, 159
537012.5.peg.3717.site.6, 6, 131, 137
537012.5.peg.3717.site.7, 5, 133, 138
537012.5.peg.3717.site.8, 3, 133, 136
537012.5.peg.3717.site.9, 1, 132, 133
537012.5.peg.3717.site.10, 15, 130, 145
537012.5.peg.3717.site.11, 1, 133, 134
537012.5.peg.3717.site.12, 12, 132, 144
537012.5.peg.3717.site.13, 1, 134, 135
537012.5.peg.3717.site.14, 18, 134, 152
537012.5.peg.3717.site.15, 1, 133, 134
537012.5.peg.3717.site.16, 13, 134, 147
537012.5.peg.3717.site.17, 1, 133, 134
537012.5.peg.3717.site.18, 11, 134, 145
537012.5.peg.3717.site.19, 5, 134, 139
537012.5.peg.3717.site.20, 4, 132, 136
537012.5.peg.3717.site.21, 1, 132, 133
537012.5.peg.3717.site.22, 3, 133, 136
537012.5.peg.3717.site.23, 10, 132, 142
537012.5.peg.3717.site.24, 0, 131, 131
537012.5.peg.3717.site.25, 24, 130, 154
537012.5.peg.3717.site.26, 128, 133, 261
537012.5.peg.3717.site.27, 9, 131, 140
537012.5.peg.3717.site.28, 29, 130, 159
537012.5.peg.3717.site.29, 2, 132, 134
537012.5.peg.3717.site.30, 8, 133, 141
537012.5.peg.3717.site.31, 3, 131, 134
537012.5.peg.3717.site.32, 101, 132, 233
537012.5.peg.3717.site.33, 9, 134, 143
537012.5.peg.3717.site.34, 4, 133, 137
537012.5.peg.3717.site.35, 4, 132, 136
537012.5.peg.3717.site.36, 6, 133, 139
537012.5.peg.3717.site.37, 6, 130, 136
537012.5.peg.3717.site.38, 37, 128, 165
537012.5.peg.3717.site.39, 2, 134, 136
537012.5.peg.3717.site.40, 26, 131, 157
537012.5.peg.3717.site.41, 4, 132, 136
537012.5.peg.3717.site.42, 11, 133, 144
537012.5.peg.3717.site.43, 14, 134, 148
537012.5.peg.3717.site.44, 1, 134, 135
537012.5.peg.3717.site.45, 15, 132, 147
537012.5.peg.3717.site.46, 15, 131, 146
537012.5.peg.3717.site.47, 17, 133, 150
537012.5.peg.3717.site.48, 0, 133, 133
537012.5.peg.3717.site.49, 57, 130, 187
537012.5.peg.3717.site.50, 8, 133, 141
537012.5.peg.3717.site.51, 14, 132, 146
537012.5.peg.3717.site.52, 4, 134, 138
537012.5.peg.3717.site.53, 12, 132, 144
537012.5.peg.3717.site.54, 4, 132, 136
537012.5.peg.3717.site.55, 8, 133, 141
537012.5.peg.3717.site.56, 1, 133, 134
537012.5.peg.3717.site.57, 11, 132, 143
537012.5.peg.3717.site.58, 35, 132, 167
537012.5.peg.3717.site.59, 1, 132, 133
537012.5.peg.3717.site.60, 1, 130, 131
537012.5.peg.3716.site.1, 2, 121, 123
537012.5.peg.3716.site.2, 17, 123, 140
537012.5.peg.3716.site.3, 4, 123, 127
537012.5.peg.3716.site.4, 5, 126, 131
537012.5.peg.3716.site.5, 10, 126, 136
537012.5.peg.3716.site.6, 0, 128, 128
537012.5.peg.3716.site.7, 22, 128, 150
537012.5.peg.3716.site.8, 0, 128, 128
537012.5.peg.3716.site.9, 8, 131, 139
537012.5.peg.3716.site.10, 1, 126, 127
537012.5.peg.3716.site.11, 17, 125, 142
537012.5.peg.3716.site.12, 100, 116, 216
537012.5.peg.3716.site.13, 5, 113, 118
537012.5.peg.3716.site.14, 45, 111, 156
537012.5.peg.3716.site.15, 1, 112, 113
537012.5.peg.3716.site.16, 4, 110, 114
537012.5.peg.3716.site.17, 4, 110, 114
537012.5.peg.3716.site.18, 53, 109, 162
537012.5.peg.3716.site.19, 0, 105, 105
537012.5.peg.3716.site.20, 1, 104, 105
537012.5.peg.3716.site.21, 16, 101, 117
537012.5.peg.3716.site.22, 73, 103, 176
537012.5.peg.3716.site.23, 3, 107, 110
537012.5.peg.3716.site.24, 1, 126, 127
537012.5.peg.3716.site.25, 2, 128, 130
537012.5.peg.3716.site.26, 21, 131, 152
537012.5.peg.3716.site.27, 2, 133, 135
537012.5.peg.3716.site.28, 5, 132, 137
537012.5.peg.3716.site.29, 19, 132, 151
537012.5.peg.3716.site.30, 1, 133, 134
537012.5.peg.3716.site.31, 7, 132, 139
537012.5.peg.3716.site.32, 1, 133, 134
537012.5.peg.3716.site.33, 1, 133, 134
537012.5.peg.3716.site.34, 12, 132, 144
537012.5.peg.3716.site.35, 10, 133, 143
537012.5.peg.3716.site.36, 2, 131, 133
537012.5.peg.3716.site.37, 1, 131, 132
537012.5.peg.3716.site.38, 1, 130, 131
537012.5.peg.3716.site.39, 11, 129, 140
537012.5.peg.3716.site.40, 12, 128, 140
537012.5.peg.3716.site.41, 4, 129, 133
537012.5.peg.3716.site.42, 1, 129, 130
537012.5.peg.3716.site.43, 14, 133, 147
537012.5.peg.3716.site.44, 10, 134, 144
537012.5.peg.3716.site.45, 25, 134, 159
537012.5.peg.3716.site.46, 5, 133, 138
537012.5.peg.3716.site.47, 42, 134, 176
537012.5.peg.3716.site.48, 1, 133, 134
537012.5.peg.3716.site.49, 13, 131, 144
537012.5.peg.3716.site.50, 5, 134, 139
537012.5.peg.3716.site.51, 59, 134, 193
537012.5.peg.3716.site.52, 124, 134, 258
537012.5.peg.3716.site.53, 1, 133, 134
537012.5.peg.3716.site.54, 32, 133, 165
537012.5.peg.3716.site.55, 14, 130, 144
537012.5.peg.3716.site.56, 3, 133, 136
537012.5.peg.3716.site.57, 1, 134, 135
537012.5.peg.3716.site.58, 4, 132, 136
537012.5.peg.3716.site.59, 4, 132, 136
537012.5.peg.3716.site.60, 1, 134, 135
537012.5.peg.3716.site.61, 5, 133, 138
537012.5.peg.4112.site.1, 44, 131, 175
537012.5.peg.4112.site.2, 1, 134, 135
537012.5.peg.4112.site.3, 109, 132, 241
537012.5.peg.4112.site.4, 4, 132, 136
537012.5.peg.4112.site.5, 106, 133, 239
537012.5.peg.4112.site.6, 5, 134, 139
537012.5.peg.4112.site.7, 4, 132, 136
537012.5.peg.4112.site.8, 125, 131, 256
537012.5.peg.4112.site.9, 1, 129, 130
537012.5.peg.4112.site.10, 1, 130, 131
537012.5.peg.4112.site.11, 105, 129, 234
537012.5.peg.4112.site.12, 30, 130, 160
537012.5.peg.4112.site.13, 3, 130, 133
537012.5.peg.4112.site.14, 1, 129, 130
537012.5.peg.4112.site.15, 117, 130, 247
537012.5.peg.4112.site.16, 2, 130, 132
537012.5.peg.4112.site.17, 3, 132, 135
537012.5.peg.4112.site.18, 1, 133, 134
537012.5.peg.4112.site.19, 2, 131, 133
537012.5.peg.4112.site.20, 1, 133, 134
537012.5.peg.4112.site.21, 2, 131, 133
537012.5.peg.4112.site.22, 0, 129, 129
537012.5.peg.4112.site.23, 118, 129, 247
537012.5.peg.4112.site.24, 3, 129, 132
537012.5.peg.4112.site.25, 85, 129, 214
537012.5.peg.4112.site.26, 0, 129, 129
537012.5.peg.4112.site.27, 1, 129, 130
537012.5.peg.4112.site.28, 7, 134, 141
537012.5.peg.4112.site.29, 2, 133, 135
537012.5.peg.4112.site.30, 1, 132, 133
537012.5.peg.4112.site.31, 4, 133, 137
537012.5.peg.4112.site.32, 4, 133, 137
537012.5.peg.4112.site.33, 122, 131, 253
537012.5.peg.4112.site.34, 14, 133, 147
537012.5.peg.4112.site.35, 4, 132, 136
537012.5.peg.4112.site.36, 1, 133, 134
537012.5.peg.4112.site.37, 2, 134, 136
537012.5.peg.4112.site.38, 3, 132, 135
537012.5.peg.4112.site.39, 3, 131, 134
537012.5.peg.4112.site.40, 7, 132, 139
537012.5.peg.4112.site.41, 1, 129, 130
537012.5.peg.4112.site.42, 16, 128, 144
537012.5.peg.4112.site.43, 2, 130, 132
537012.5.peg.4112.site.44, 0, 131, 131
537012.5.peg.4112.site.45, 2, 130, 132
537012.5.peg.4112.site.46, 2, 130, 132
537012.5.peg.4112.site.47, 4, 132, 136
537012.5.peg.4112.site.48, 3, 133, 136
537012.5.peg.4112.site.49, 0, 132, 132
537012.5.peg.4112.site.50, 4, 132, 136
537012.5.peg.4112.site.51, 3, 131, 134
537012.5.peg.4112.site.52, 2, 129, 131
537012.5.peg.4112.site.53, 9, 133, 142
537012.5.peg.4112.site.54, 5, 132, 137
537012.5.peg.4112.site.55, 5, 131, 136
537012.5.peg.4112.site.56, 7, 132, 139
537012.5.peg.3718.site.1, 3, 131, 134
537012.5.peg.3718.site.2, 2, 133, 135
537012.5.peg.3718.site.3, 1, 132, 133
537012.5.peg.3718.site.4, 0, 132, 132
537012.5.peg.3718.site.5, 3, 131, 134
537012.5.peg.3718.site.6, 3, 133, 136
537012.5.peg.3718.site.7, 1, 133, 134
537012.5.peg.3718.site.8, 16, 133, 149
537012.5.peg.3718.site.9, 6, 132, 138
537012.5.peg.3718.site.10, 1, 132, 133
537012.5.peg.3718.site.11, 16, 133, 149
537012.5.peg.3718.site.12, 2, 134, 136
537012.5.peg.3718.site.13, 4, 132, 136
537012.5.peg.3718.site.14, 9, 133, 142
537012.5.peg.3718.site.15, 3, 134, 137
537012.5.peg.3718.site.16, 3, 125, 128
537012.5.peg.3718.site.17, 4, 125, 129
537012.5.peg.3718.site.18, 4, 125, 129
537012.5.peg.3718.site.19, 1, 130, 131
537012.5.peg.3718.site.20, 4, 131, 135
537012.5.peg.3718.site.21, 1, 130, 131
537012.5.peg.3718.site.22, 1, 127, 128
537012.5.peg.3718.site.23, 1, 129, 130
537012.5.peg.3718.site.24, 56, 127, 183
537012.5.peg.3718.site.25, 2, 125, 127
537012.5.peg.3718.site.26, 14, 126, 140
537012.5.peg.3718.site.27, 4, 122, 126
537012.5.peg.3718.site.28, 4, 122, 126
537012.5.peg.3718.site.29, 4, 126, 130
537012.5.peg.3718.site.30, 18, 131, 149
537012.5.peg.3718.site.31, 1, 133, 134
537012.5.peg.3718.site.32, 5, 132, 137
537012.5.peg.3718.site.33, 4, 127, 131
537012.5.peg.3718.site.34, 3, 130, 133
537012.5.peg.3718.site.35, 1, 132, 133
537012.5.peg.3718.site.36, 5, 131, 136
537012.5.peg.3718.site.37, 0, 133, 133
537012.5.peg.3718.site.38, 3, 133, 136
537012.5.peg.3718.site.39, 2, 133, 135
537012.5.peg.3718.site.40, 0, 128, 128
537012.5.peg.3718.site.41, 0, 127, 127
537012.5.peg.3718.site.42, 4, 132, 136
537012.5.peg.3718.site.43, 1, 134, 135
537012.5.peg.3718.site.44, 3, 131, 134
537012.5.peg.3718.site.45, 8, 132, 140
537012.5.peg.3718.site.46, 5, 130, 135
537012.5.peg.3718.site.47, 16, 128, 144
537012.5.peg.3718.site.48, 1, 127, 128
537012.5.peg.3718.site.49, 11, 124, 135
537012.5.peg.3718.site.50, 10, 127, 137
537012.5.peg.3718.site.51, 2, 126, 128
537012.5.peg.3718.site.52, 1, 128, 129
537012.5.peg.3718.site.53, 1, 127, 128
537012.5.peg.3718.site.54, 1, 129, 130
537012.5.peg.3718.site.55, 8, 126, 134
537012.5.peg.3718.site.56, 3, 127, 130
537012.5.peg.3718.site.57, 1, 127, 128
537012.5.peg.3718.site.58, 13, 127, 140
537012.5.peg.3718.site.59, 1, 127, 128
537012.5.peg.3718.site.60, 1, 125, 126
537012.5.peg.3718.site.61, 35, 126, 161
537012.5.peg.3718.site.62, 5, 126, 131
537012.5.peg.3718.site.63, 59, 126, 185
537012.5.peg.3718.site.64, 33, 126, 159
537012.5.peg.3718.site.65, 7, 128, 135
537012.5.peg.3718.site.66, 0, 130, 130
537012.5.peg.4111.site.1, 4, 119, 123
537012.5.peg.4111.site.2, 6, 118, 124
537012.5.peg.4111.site.3, 10, 120, 130
537012.5.peg.4111.site.4, 76, 120, 196
537012.5.peg.4111.site.5, 1, 119, 120
537012.5.peg.4111.site.6, 0, 120, 120
537012.5.peg.4111.site.7, 1, 120, 121
537012.5.peg.4111.site.8, 13, 120, 133
537012.5.peg.4111.site.9, 1, 122, 123
537012.5.peg.4111.site.10, 1, 122, 123
537012.5.peg.4111.site.11, 11, 122, 133
537012.5.peg.4111.site.12, 10, 120, 130
537012.5.peg.4111.site.13, 12, 124, 136
537012.5.peg.4111.site.14, 4, 124, 128
537012.5.peg.4111.site.15, 4, 124, 128
537012.5.peg.4111.site.16, 4, 124, 128
537012.5.peg.4111.site.17, 3, 123, 126
537012.5.peg.4111.site.18, 38, 122, 160
537012.5.peg.4111.site.19, 41, 119, 160
537012.5.peg.4111.site.20, 25, 117, 142
537012.5.peg.4111.site.21, 20, 116, 136
537012.5.peg.4111.site.22, 11, 115, 126
537012.5.peg.4111.site.23, 1, 111, 112
537012.5.peg.4111.site.24, 6, 104, 110
537012.5.peg.4111.site.25, 7, 102, 109
537012.5.peg.4111.site.26, 47, 99, 146
537012.5.peg.4111.site.27, 3, 102, 105
537012.5.peg.4111.site.28, 3, 113, 116
537012.5.peg.4111.site.29, 109, 123, 232
537012.5.peg.4111.site.30, 1, 122, 123
537012.5.peg.4111.site.31, 61, 121, 182
537012.5.peg.4111.site.32, 28, 123, 151
537012.5.peg.4111.site.33, 28, 123, 151
537012.5.peg.4111.site.34, 120, 123, 243
537012.5.peg.4111.site.35, 10, 117, 127
537012.5.peg.4111.site.36, 2, 119, 121
537012.5.peg.4111.site.37, 3, 123, 126
537012.5.peg.4111.site.38, 4, 121, 125
537012.5.peg.4111.site.39, 13, 120, 133
537012.5.peg.4111.site.40, 31, 116, 147
537012.5.peg.4111.site.41, 116, 118, 234
537012.5.peg.4111.site.42, 4, 118, 122
537012.5.peg.4111.site.43, 1, 121, 122
537012.5.peg.4111.site.44, 2, 122, 124
537012.5.peg.4111.site.45, 3, 123, 126
537012.5.peg.4111.site.46, 9, 123, 132
537012.5.peg.4111.site.47, 4, 122, 126
537012.5.peg.4111.site.48, 4, 124, 128
537012.5.peg.4111.site.49, 4, 121, 125
537012.5.peg.4111.site.50, 1, 119, 120
537012.5.peg.4111.site.51, 1, 121, 122
537012.5.peg.4111.site.52, 96, 118, 214
537012.5.peg.4111.site.53, 2, 121, 123
537012.5.peg.4111.site.54, 1, 121, 122
537012.5.peg.4111.site.55, 2, 122, 124
537012.5.peg.4111.site.56, 2, 122, 124
537012.5.peg.4111.site.57, 3, 123, 126
537012.5.peg.4111.site.58, 8, 123, 131
537012.5.peg.4111.site.59, 4, 124, 128
537012.5.peg.4111.site.60, 2, 124, 126
537012.5.peg.4111.site.61, 5, 123, 128
537012.5.peg.4111.site.62, 4, 124, 128
537012.5.peg.4111.site.63, 1, 124, 125
537012.5.peg.4111.site.64, 0, 124, 124
537012.5.peg.4111.site.65, 5, 123, 128
537012.5.peg.4111.site.66, 0, 123, 123
537012.5.peg.4111.site.67, 8, 122, 130
537012.5.peg.4111.site.68, 3, 123, 126
537012.5.peg.4111.site.69, 6, 120, 126
537012.5.peg.4111.site.70, 5, 119, 124
537012.5.peg.4111.site.71, 9, 119, 128
537012.5.peg.4111.site.72, 4, 120, 124
537012.5.peg.4111.site.73, 7, 118, 125
537012.5.peg.4111.site.74, 4, 123, 127
537012.5.peg.4116.site.1, 56, 105, 161
537012.5.peg.4116.site.2, 2, 126, 128
537012.5.peg.4116.site.3, 1, 126, 127
537012.5.peg.4116.site.4, 4, 133, 137
537012.5.peg.4116.site.5, 6, 132, 138
537012.5.peg.4116.site.6, 1, 129, 130
537012.5.peg.4116.site.7, 13, 125, 138
537012.5.peg.4117.site.1, 0, 23, 23
537012.5.peg.4117.site.2, 1, 133, 134
537012.5.peg.4117.site.3, 7, 132, 139
537012.5.peg.4117.site.4, 132, 134, 266
537012.5.peg.4117.site.5, 3, 134, 137
537012.5.peg.4117.site.6, 1, 132, 133
537012.5.peg.4117.site.7, 59, 132, 191
537012.5.peg.4117.site.8, 5, 134, 139
537012.5.peg.4117.site.9, 0, 134, 134
537012.5.peg.4117.site.10, 3, 134, 137
537012.5.peg.4117.site.11, 21, 134, 155
537012.5.peg.4117.site.12, 20, 133, 153
537012.5.peg.4117.site.13, 105, 134, 239
537012.5.peg.4117.site.14, 80, 134, 214
537012.5.peg.4117.site.15, 0, 134, 134
537012.5.peg.4117.site.16, 21, 134, 155
537012.5.peg.4117.site.17, 1, 133, 134
537012.5.peg.4117.site.18, 10, 133, 143
537012.5.peg.4117.site.19, 121, 134, 255
537012.5.peg.4117.site.20, 36, 133, 169
537012.5.peg.4117.site.21, 7, 134, 141
537012.5.peg.4117.site.22, 7, 134, 141
537012.5.peg.4117.site.23, 7, 134, 141
537012.5.peg.4117.site.24, 46, 133, 179
537012.5.peg.4117.site.25, 7, 134, 141
537012.5.peg.4117.site.26, 78, 132, 210
537012.5.peg.4117.site.27, 14, 133, 147
537012.5.peg.4117.site.28, 5, 132, 137
537012.5.peg.4117.site.29, 21, 132, 153
537012.5.peg.4117.site.30, 25, 134, 159
537012.5.peg.4117.site.31, 23, 133, 156
537012.5.peg.4117.site.32, 4, 134, 138
537012.5.peg.4117.site.33, 113, 134, 247
537012.5.peg.4117.site.34, 2, 134, 136
537012.5.peg.4117.site.35, 90, 134, 224
537012.5.peg.4117.site.36, 2, 134, 136
537012.5.peg.4117.site.37, 75, 132, 207
537012.5.peg.4117.site.38, 4, 133, 137
537012.5.peg.4117.site.39, 5, 133, 138
537012.5.peg.4117.site.40, 5, 134, 139
537012.5.peg.4117.site.41, 20, 133, 153
537012.5.peg.4117.site.42, 9, 133, 142
537012.5.peg.4117.site.43, 21, 131, 152
537012.5.peg.4117.site.44, 26, 133, 159
537012.5.peg.4117.site.45, 131, 133, 264
537012.5.peg.4117.site.46, 4, 131, 135
537012.5.peg.4117.site.47, 103, 131, 234
537012.5.peg.4117.site.48, 27, 134, 161
537012.5.peg.4117.site.49, 4, 132, 136
537012.5.peg.4117.site.50, 5, 134, 139
537012.5.peg.4117.site.51, 2, 132, 134
537012.5.peg.4117.site.52, 2, 132, 134
537012.5.peg.4117.site.53, 6, 134, 140
537012.5.peg.4117.site.54, 1, 134, 135
537012.5.peg.4117.site.55, 5, 134, 139
537012.5.peg.4117.site.56, 2, 134, 136
537012.5.peg.4117.site.57, 4, 134, 138
537012.5.peg.4117.site.58, 12, 132, 144
537012.5.peg.4117.site.59, 101, 131, 232
537012.5.peg.4117.site.60, 11, 134, 145
537012.5.peg.4117.site.61, 2, 134, 136
537012.5.peg.4117.site.62, 12, 132, 144
537012.5.peg.4117.site.63, 2, 134, 136
537012.5.peg.4117.site.64, 5, 134, 139
537012.5.peg.4117.site.65, 104, 134, 238
537012.5.peg.4117.site.66, 1, 134, 135
537012.5.peg.4117.site.67, 5, 131, 136
537012.5.peg.4117.site.68, 5, 131, 136
537012.5.peg.4117.site.69, 4, 133, 137
537012.5.peg.4117.site.70, 1, 131, 132
537012.5.peg.4117.site.71, 26, 128, 154
537012.5.peg.4117.site.72, 5, 131, 136
537012.5.peg.4117.site.73, 61, 133, 194
537012.5.peg.4117.site.74, 7, 132, 139
537012.5.peg.4117.site.75, 29, 126, 155
537012.5.peg.4117.site.76, 7, 131, 138
537012.5.peg.4117.site.77, 19, 132, 151
537012.5.peg.4117.site.78, 5, 133, 138
537012.5.peg.4117.site.79, 37, 133, 170
537012.5.peg.4117.site.80, 5, 133, 138
537012.5.peg.4117.site.81, 6, 134, 140
537012.5.peg.4117.site.82, 2, 130, 132
537012.5.peg.4117.site.83, 2, 127, 129
537012.5.peg.4114.site.1, 8, 134, 142
537012.5.peg.4114.site.2, 13, 133, 146
537012.5.peg.4114.site.3, 3, 133, 136
537012.5.peg.4114.site.4, 11, 132, 143
537012.5.peg.4114.site.5, 6, 133, 139
537012.5.peg.4114.site.6, 44, 133, 177
537012.5.peg.4114.site.7, 2, 134, 136
537012.5.peg.4114.site.8, 20, 133, 153
537012.5.peg.4114.site.9, 13, 133, 146
537012.5.peg.4114.site.10, 1, 133, 134
537012.5.peg.4114.site.11, 6, 133, 139
537012.5.peg.4114.site.12, 6, 133, 139
537012.5.peg.4114.site.13, 5, 132, 137
537012.5.peg.4114.site.14, 7, 133, 140
537012.5.peg.4114.site.15, 12, 134, 146
537012.5.peg.4114.site.16, 8, 134, 142
537012.5.peg.4114.site.17, 1, 133, 134
537012.5.peg.4114.site.18, 3, 133, 136
537012.5.peg.4114.site.19, 0, 132, 132
537012.5.peg.4114.site.20, 6, 130, 136
537012.5.peg.4114.site.21, 85, 127, 212
537012.5.peg.4114.site.22, 3, 133, 136
537012.5.peg.4114.site.23, 2, 134, 136
537012.5.peg.4114.site.24, 1, 134, 135
537012.5.peg.4114.site.25, 52, 131, 183
537012.5.peg.4114.site.26, 3, 134, 137
537012.5.peg.4114.site.27, 0, 132, 132
537012.5.peg.4114.site.28, 2, 134, 136
537012.5.peg.4114.site.29, 10, 131, 141
537012.5.peg.4114.site.30, 1, 134, 135
537012.5.peg.4114.site.31, 6, 134, 140
537012.5.peg.4114.site.32, 20, 134, 154
537012.5.peg.4114.site.33, 13, 134, 147
537012.5.peg.4115.site.1, 1, 133, 134
537012.5.peg.4115.site.2, 14, 134, 148
537012.5.peg.4115.site.3, 0, 133, 133
537012.5.peg.4115.site.4, 12, 132, 144
537012.5.peg.4115.site.5, 41, 131, 172
537012.5.peg.4115.site.6, 3, 132, 135
537012.5.peg.4115.site.7, 6, 131, 137
537012.5.peg.4115.site.8, 3, 130, 133
537012.5.peg.4115.site.9, 7, 131, 138
537012.5.peg.4115.site.10, 3, 132, 135
537012.5.peg.4115.site.11, 11, 132, 143
537012.5.peg.4115.site.12, 10, 133, 143
537012.5.peg.4115.site.13, 0, 134, 134
537012.5.peg.4115.site.14, 3, 133, 136
537012.5.peg.4115.site.15, 7, 133, 140
537012.5.peg.4115.site.16, 1, 133, 134
537012.5.peg.4115.site.17, 7, 133, 140
537012.5.peg.4115.site.18, 14, 133, 147
537012.5.peg.4115.site.19, 9, 133, 142
537012.5.peg.4115.site.20, 7, 132, 139
537012.5.peg.4115.site.21, 0, 134, 134
537012.5.peg.4115.site.22, 32, 131, 163
537012.5.peg.4115.site.23, 2, 134, 136
537012.5.peg.4115.site.24, 76, 131, 207
537012.5.peg.4115.site.25, 4, 134, 138
537012.5.peg.4115.site.26, 27, 133, 160
537012.5.peg.4115.site.27, 7, 134, 141
537012.5.peg.4115.site.28, 41, 132, 173
537012.5.peg.4115.site.29, 20, 132, 152
537012.5.peg.4115.site.30, 3, 130, 133
537012.5.peg.4115.site.31, 7, 130, 137
537012.5.peg.4115.site.32, 8, 127, 135
537012.5.peg.4115.site.33, 2, 126, 128
537012.5.peg.4282.site.1, 3, 120, 123
537012.5.peg.4282.site.2, 2, 124, 126
537012.5.peg.4282.site.3, 26, 124, 150
537012.5.peg.4282.site.4, 0, 124, 124
537012.5.peg.4282.site.5, 25, 123, 148
537012.5.peg.4282.site.6, 24, 124, 148
537012.5.peg.4282.site.7, 87, 121, 208
537012.5.peg.4283.site.1, 116, 124, 240
537012.5.peg.4283.site.2, 0, 123, 123
537012.5.peg.4283.site.3, 76, 121, 197
537012.5.peg.4283.site.4, 4, 122, 126
537012.5.peg.4283.site.5, 0, 122, 122
537012.5.peg.4283.site.6, 9, 121, 130
537012.5.peg.4283.site.7, 3, 120, 123
537012.5.peg.4283.site.8, 3, 123, 126
537012.5.peg.4283.site.9, 56, 123, 179
537012.5.peg.4283.site.10, 91, 124, 215
537012.5.peg.4283.site.11, 1, 123, 124
537012.5.peg.4283.site.12, 0, 124, 124
537012.5.peg.4283.site.13, 88, 123, 211
537012.5.peg.4283.site.14, 19, 122, 141
537012.5.peg.4283.site.15, 2, 121, 123
537012.5.peg.4283.site.16, 12, 124, 136
537012.5.peg.4283.site.17, 3, 124, 127
537012.5.peg.4283.site.18, 1, 123, 124
537012.5.peg.4283.site.19, 1, 121, 122
537012.5.peg.4283.site.20, 5, 120, 125
537012.5.peg.4283.site.21, 1, 120, 121
537012.5.peg.4283.site.22, 9, 121, 130
537012.5.peg.4283.site.23, 3, 124, 127
537012.5.peg.4283.site.24, 1, 125, 126
537012.5.peg.4840.site.1, 0, 124, 124
537012.5.peg.4840.site.2, 12, 124, 136
537012.5.peg.4840.site.3, 107, 125, 232
537012.5.peg.4840.site.4, 89, 123, 212
537012.5.peg.4840.site.5, 79, 120, 199
537012.5.peg.4840.site.6, 93, 124, 217
537012.5.peg.4840.site.7, 5, 126, 131
537012.5.peg.4840.site.8, 12, 125, 137
537012.5.peg.4840.site.9, 11, 126, 137
537012.5.peg.4840.site.10, 56, 125, 181
537012.5.peg.4840.site.11, 3, 126, 129
537012.5.peg.4840.site.12, 14, 126, 140
537012.5.peg.4840.site.13, 19, 127, 146
537012.5.peg.4840.site.14, 2, 127, 129
537012.5.peg.4840.site.15, 1, 125, 126
537012.5.peg.4840.site.16, 1, 127, 128
537012.5.peg.4840.site.17, 44, 123, 167
537012.5.peg.4840.site.18, 0, 124, 124
537012.5.peg.4840.site.19, 14, 126, 140
537012.5.peg.4840.site.20, 14, 125, 139
537012.5.peg.4840.site.21, 38, 123, 161
537012.5.peg.4840.site.22, 4, 124, 128
537012.5.peg.4840.site.23, 3, 123, 126
537012.5.peg.4840.site.24, 5, 124, 129
537012.5.peg.4840.site.25, 5, 125, 130
537012.5.peg.4840.site.26, 22, 124, 146
537012.5.peg.4840.site.27, 56, 126, 182
537012.5.peg.4840.site.28, 15, 125, 140
537012.5.peg.4840.site.29, 42, 124, 166
537012.5.peg.4840.site.30, 23, 125, 148
537012.5.peg.4840.site.31, 27, 124, 151
537012.5.peg.4840.site.32, 1, 127, 128
537012.5.peg.4840.site.33, 23, 127, 150
537012.5.peg.4840.site.34, 9, 126, 135
537012.5.peg.4840.site.35, 79, 126, 205
537012.5.peg.4840.site.36, 7, 125, 132
537012.5.peg.4840.site.37, 45, 123, 168
537012.5.peg.4840.site.38, 6, 125, 131
537012.5.peg.4840.site.39, 30, 112, 142
537012.5.peg.4840.site.40, 1, 108, 109
537012.5.peg.4840.site.41, 28, 64, 92
537012.5.peg.4840.site.42, 25, 48, 73
537012.5.peg.4840.site.43, 10, 42, 52
537012.5.peg.4840.site.44, 4, 29, 33
537012.5.peg.4840.site.45, 1, 28, 29
537012.5.peg.4840.site.46, 1, 29, 30
537012.5.peg.4840.site.47, 5, 32, 37
537012.5.peg.4841.site.1, 35, 125, 160
537012.5.peg.4841.site.2, 7, 126, 133
537012.5.peg.4841.site.3, 7, 125, 132
537012.5.peg.4841.site.4, 22, 124, 146
537012.5.peg.4841.site.5, 16, 126, 142
537012.5.peg.4841.site.6, 114, 124, 238
537012.5.peg.4841.site.7, 18, 126, 144
537012.5.peg.4841.site.8, 58, 125, 183
537012.5.peg.4841.site.9, 3, 127, 130
537012.5.peg.4841.site.10, 45, 126, 171
537012.5.peg.4841.site.11, 86, 126, 212
537012.5.peg.4841.site.12, 23, 125, 148
537012.5.peg.4841.site.13, 103, 122, 225
537012.5.peg.4841.site.14, 34, 120, 154
537012.5.peg.4841.site.15, 67, 120, 187
537012.5.peg.4841.site.16, 15, 122, 137
537012.5.peg.4841.site.17, 3, 123, 126
537012.5.peg.4841.site.18, 0, 127, 127
537012.5.peg.4841.site.19, 6, 126, 132
537012.5.peg.4841.site.20, 7, 126, 133
537012.5.peg.4841.site.21, 1, 127, 128
537012.5.peg.4841.site.22, 1, 128, 129
537012.5.peg.4841.site.23, 4, 131, 135
537012.5.peg.4841.site.24, 128, 132, 260
537012.5.peg.4841.site.25, 5, 132, 137
537012.5.peg.4841.site.26, 1, 131, 132
537012.5.peg.4841.site.27, 3, 133, 136
537012.5.peg.4841.site.28, 9, 133, 142
537012.5.peg.4841.site.29, 11, 133, 144
537012.5.peg.4841.site.30, 0, 132, 132
537012.5.peg.4841.site.31, 7, 133, 140
537012.5.peg.4841.site.32, 6, 133, 139
537012.5.peg.4841.site.33, 1, 133, 134
537012.5.peg.4841.site.34, 85, 131, 216
537012.5.peg.4841.site.35, 45, 133, 178
537012.5.peg.4841.site.36, 108, 132, 240
537012.5.peg.4841.site.37, 53, 130, 183
537012.5.peg.4841.site.38, 50, 129, 179
537012.5.peg.4841.site.39, 5, 125, 130
537012.5.peg.4841.site.40, 9, 120, 129
537012.5.peg.4841.site.41, 5, 121, 126
537012.5.peg.4841.site.42, 3, 125, 128
537012.5.peg.4841.site.43, 1, 99, 100
537012.5.peg.4841.site.44, 0, 81, 81
537012.5.peg.4842.site.1, 6, 133, 139
537012.5.peg.4842.site.2, 1, 132, 133
537012.5.peg.4842.site.3, 1, 132, 133
537012.5.peg.4842.site.4, 4, 129, 133
537012.5.peg.4842.site.5, 105, 129, 234
537012.5.peg.4842.site.6, 4, 131, 135
537012.5.peg.4842.site.7, 3, 130, 133
537012.5.peg.4842.site.8, 6, 127, 133
537012.5.peg.4842.site.9, 6, 126, 132
537012.5.peg.4842.site.10, 2, 127, 129
537012.5.peg.4842.site.11, 1, 127, 128
537012.5.peg.4842.site.12, 18, 126, 144
537012.5.peg.4842.site.13, 8, 126, 134
537012.5.peg.4842.site.14, 6, 125, 131
537012.5.peg.4842.site.15, 6, 126, 132
537012.5.peg.4842.site.16, 90, 126, 216
537012.5.peg.4842.site.17, 11, 126, 137
537012.5.peg.4842.site.18, 3, 127, 130
537012.5.peg.4842.site.19, 15, 127, 142
537012.5.peg.4842.site.20, 3, 127, 130
537012.5.peg.4842.site.21, 0, 127, 127
537012.5.peg.4842.site.22, 1, 127, 128
537012.5.peg.4842.site.23, 2, 127, 129
537012.5.peg.4842.site.24, 41, 125, 166
537012.5.peg.4842.site.25, 58, 126, 184
537012.5.peg.4842.site.26, 42, 126, 168
537012.5.peg.4842.site.27, 7, 126, 133
537012.5.peg.4842.site.28, 3, 127, 130
537012.5.peg.4842.site.29, 3, 127, 130
537012.5.peg.4842.site.30, 11, 125, 136
537012.5.peg.4842.site.31, 36, 125, 161
537012.5.peg.4842.site.32, 1, 125, 126
537012.5.peg.4842.site.33, 10, 119, 129
537012.5.peg.4842.site.34, 7, 118, 125
537012.5.peg.4842.site.35, 26, 116, 142
537012.5.peg.4842.site.36, 73, 115, 188
537012.5.peg.4842.site.37, 6, 113, 119
537012.5.peg.4842.site.38, 111, 112, 223
537012.5.peg.4842.site.39, 28, 110, 138
537012.5.peg.4842.site.40, 2, 119, 121
537012.5.peg.4842.site.41, 39, 123, 162
537012.5.peg.4842.site.42, 7, 127, 134
537012.5.peg.4842.site.43, 84, 124, 208
537012.5.peg.4842.site.44, 8, 125, 133
537012.5.peg.4842.site.45, 8, 125, 133
537012.5.peg.4842.site.46, 7, 124, 131
537012.5.peg.4842.site.47, 5, 123, 128
537012.5.peg.4842.site.48, 45, 120, 165
537012.5.peg.4842.site.49, 23, 121, 144
537012.5.peg.4842.site.50, 7, 123, 130
537012.5.peg.4842.site.51, 1, 123, 124
537012.5.peg.4842.site.52, 3, 123, 126
537012.5.peg.4842.site.53, 16, 120, 136
537012.5.peg.4842.site.54, 3, 122, 125
537012.5.peg.4842.site.55, 4, 123, 127
537012.5.peg.4842.site.56, 3, 125, 128
537012.5.peg.4842.site.57, 37, 109, 146
537012.5.peg.4842.site.58, 4, 114, 118
537012.5.peg.4842.site.59, 40, 106, 146
537012.5.peg.4842.site.60, 4, 112, 116
537012.5.peg.4842.site.61, 1, 112, 113
537012.5.peg.4842.site.62, 2, 109, 111
537012.5.peg.4842.site.63, 8, 109, 117
537012.5.peg.4842.site.64, 14, 105, 119
537012.5.peg.4842.site.65, 1, 106, 107
537012.5.peg.4842.site.66, 6, 101, 107
537012.5.peg.4842.site.67, 12, 96, 108
537012.5.peg.4842.site.68, 7, 90, 97
537012.5.peg.4842.site.69, 5, 84, 89
537012.5.peg.4842.site.70, 8, 81, 89
537012.5.peg.4842.site.71, 11, 100, 111
537012.5.peg.4842.site.72, 3, 102, 105
537012.5.peg.4842.site.73, 61, 105, 166
537012.5.peg.4842.site.74, 11, 124, 135
537012.5.peg.4842.site.75, 1, 126, 127
537012.5.peg.4842.site.76, 3, 126, 129
537012.5.peg.4842.site.77, 4, 127, 131
537012.5.peg.4842.site.78, 53, 125, 178
537012.5.peg.4842.site.79, 3, 127, 130
537012.5.peg.4842.site.80, 22, 127, 149
537012.5.peg.4842.site.81, 5, 127, 132
537012.5.peg.4842.site.82, 4, 127, 131
537012.5.peg.4842.site.83, 10, 127, 137
537012.5.peg.4842.site.84, 10, 122, 132
537012.5.peg.4842.site.85, 107, 122, 229
537012.5.peg.4842.site.86, 98, 120, 218
537012.5.peg.4842.site.87, 108, 123, 231
537012.5.peg.4842.site.88, 6, 127, 133
537012.5.peg.4842.site.89, 7, 127, 134
537012.5.peg.4842.site.90, 7, 126, 133
537012.5.peg.4842.site.91, 2, 127, 129
537012.5.peg.4842.site.92, 0, 126, 126
537012.5.peg.4842.site.93, 22, 127, 149
537012.5.peg.4842.site.94, 34, 125, 159
537012.5.peg.4842.site.95, 0, 126, 126
537012.5.peg.4842.site.96, 44, 125, 169
537012.5.peg.4842.site.97, 1, 127, 128
537012.5.peg.4842.site.98, 5, 127, 132
537012.5.peg.4842.site.99, 6, 125, 131
537012.5.peg.4842.site.100, 1, 127, 128
537012.5.peg.4842.site.101, 0, 126, 126
537012.5.peg.4842.site.102, 17, 126, 143
537012.5.peg.4842.site.103, 8, 122, 130
537012.5.peg.4842.site.104, 1, 126, 127
537012.5.peg.4842.site.105, 2, 127, 129
537012.5.peg.4842.site.106, 72, 123, 195
537012.5.peg.4843.site.1, 1, 129, 130
537012.5.peg.4843.site.2, 15, 128, 143
537012.5.peg.4843.site.3, 5, 125, 130
537012.5.peg.4843.site.4, 10, 124, 134
537012.5.peg.4843.site.5, 1, 120, 121
537012.5.peg.4843.site.6, 6, 109, 115
537012.5.peg.4843.site.7, 1, 86, 87
537012.5.peg.4843.site.8, 6, 81, 87
537012.5.peg.4843.site.9, 6, 80, 86
537012.5.peg.4843.site.10, 41, 78, 119
537012.5.peg.4843.site.11, 3, 81, 84
537012.5.peg.4843.site.12, 3, 85, 88
537012.5.peg.4843.site.13, 1, 97, 98
537012.5.peg.4843.site.14, 47, 100, 147
537012.5.peg.4843.site.15, 1, 105, 106
537012.5.peg.4843.site.16, 12, 107, 119
537012.5.peg.4843.site.17, 2, 109, 111
537012.5.peg.4843.site.18, 1, 117, 118
537012.5.peg.4843.site.19, 1, 117, 118
537012.5.peg.4843.site.20, 24, 114, 138
537012.5.peg.4843.site.21, 2, 106, 108
537012.5.peg.4843.site.22, 0, 113, 113
537012.5.peg.4843.site.23, 0, 110, 110
537012.5.peg.4843.site.24, 1, 126, 127
537012.5.peg.4843.site.25, 111, 127, 238
537012.5.peg.4843.site.26, 1, 127, 128
537012.5.peg.4843.site.27, 1, 127, 128
537012.5.peg.4843.site.28, 3, 127, 130
537012.5.peg.4843.site.29, 1, 127, 128
537012.5.peg.4843.site.30, 0, 127, 127
537012.5.peg.4843.site.31, 90, 113, 203
537012.5.peg.4843.site.32, 12, 104, 116
537012.5.peg.4843.site.33, 7, 105, 112
537012.5.peg.4843.site.34, 14, 88, 102
537012.5.peg.4843.site.35, 8, 79, 87
537012.5.peg.4843.site.36, 18, 64, 82
537012.5.peg.4843.site.37, 25, 76, 101
537012.5.peg.4843.site.38, 7, 74, 81
537012.5.peg.4843.site.39, 7, 80, 87
537012.5.peg.4843.site.40, 1, 88, 89
537012.5.peg.4843.site.41, 1, 110, 111
537012.5.peg.4843.site.42, 90, 115, 205
537012.5.peg.4843.site.43, 1, 120, 121
537012.5.peg.4843.site.44, 0, 117, 117
537012.5.peg.4843.site.45, 1, 116, 117
537012.5.peg.4843.site.46, 1, 119, 120
537012.5.peg.4843.site.47, 2, 118, 120
537012.5.peg.4843.site.48, 2, 114, 116
537012.5.peg.4843.site.49, 42, 109, 151
537012.5.peg.4843.site.50, 3, 108, 111
537012.5.peg.4843.site.51, 24, 105, 129
537012.5.peg.4843.site.52, 43, 106, 149
537012.5.peg.4843.site.53, 1, 104, 105
537012.5.peg.641.site.1, 4, 121, 125
537012.5.peg.641.site.2, 2, 120, 122
537012.5.peg.641.site.3, 0, 121, 121
537012.5.peg.641.site.4, 18, 122, 140
537012.5.peg.641.site.5, 1, 120, 121
537012.5.peg.641.site.6, 0, 118, 118
537012.5.peg.641.site.7, 2, 114, 116
537012.5.peg.641.site.8, 0, 116, 116
537012.5.peg.641.site.9, 19, 116, 135
537012.5.peg.641.site.10, 8, 118, 126
537012.5.peg.641.site.11, 2, 114, 116
537012.5.peg.641.site.12, 74, 112, 186
537012.5.peg.641.site.13, 69, 106, 175
537012.5.peg.641.site.14, 39, 102, 141
537012.5.peg.641.site.15, 1, 96, 97
537012.5.peg.641.site.16, 15, 82, 97
537012.5.peg.641.site.17, 3, 78, 81
537012.5.peg.4679.site.1, 11, 128, 139
537012.5.peg.4679.site.2, 1, 124, 125
537012.5.peg.4679.site.3, 2, 117, 119
537012.5.peg.4679.site.4, 4, 119, 123
537012.5.peg.4679.site.5, 5, 122, 127
537012.5.peg.4679.site.6, 92, 110, 202
537012.5.peg.4679.site.7, 0, 111, 111
537012.5.peg.4679.site.8, 0, 88, 88
537012.5.peg.4679.site.9, 0, 97, 97
537012.5.peg.4679.site.10, 5, 95, 100
537012.5.peg.4679.site.11, 2, 83, 85
537012.5.peg.4679.site.12, 3, 74, 77
537012.5.peg.4679.site.13, 4, 69, 73
537012.5.peg.4679.site.14, 7, 63, 70
537012.5.peg.4679.site.15, 2, 57, 59
537012.5.peg.4679.site.16, 2, 64, 66
537012.5.peg.4679.site.17, 17, 69, 86
537012.5.peg.4679.site.18, 1, 80, 81
537012.5.peg.4679.site.19, 84, 90, 174
537012.5.peg.4679.site.20, 2, 132, 134
537012.5.peg.4679.site.21, 3, 132, 135
537012.5.peg.4679.site.22, 5, 131, 136
537012.5.peg.4679.site.23, 4, 131, 135
537012.5.peg.4679.site.24, 40, 131, 171
537012.5.peg.4679.site.25, 9, 132, 141
537012.5.peg.4679.site.26, 10, 133, 143
537012.5.peg.4679.site.27, 116, 131, 247
537012.5.peg.4679.site.28, 6, 133, 139
537012.5.peg.4679.site.29, 2, 133, 135
537012.5.peg.4679.site.30, 9, 131, 140
537012.5.peg.4679.site.31, 2, 132, 134
537012.5.peg.4679.site.32, 4, 131, 135
537012.5.peg.4679.site.33, 4, 133, 137
537012.5.peg.4679.site.34, 45, 131, 176
537012.5.peg.4679.site.35, 3, 133, 136
537012.5.peg.4679.site.36, 4, 130, 134
537012.5.peg.4679.site.37, 2, 127, 129
537012.5.peg.4848.site.1, 22, 61, 83
537012.5.peg.4848.site.2, 20, 62, 82
537012.5.peg.4848.site.3, 27, 67, 94
537012.5.peg.4848.site.4, 1, 94, 95
537012.5.peg.4848.site.5, 31, 108, 139
537012.5.peg.4848.site.6, 5, 115, 120
537012.5.peg.4848.site.7, 12, 117, 129
537012.5.peg.4848.site.8, 2, 117, 119
537012.5.peg.4848.site.9, 58, 118, 176
537012.5.peg.4848.site.10, 5, 120, 125
537012.5.peg.4848.site.11, 6, 119, 125
537012.5.peg.4848.site.12, 80, 99, 179
537012.5.peg.4848.site.13, 12, 105, 117
537012.5.peg.4848.site.14, 3, 111, 114
537012.5.peg.4848.site.15, 10, 116, 126
537012.5.peg.4848.site.16, 0, 115, 115
537012.5.peg.4848.site.17, 0, 113, 113
537012.5.peg.4848.site.18, 20, 110, 130
537012.5.peg.4848.site.19, 35, 111, 146
537012.5.peg.4848.site.20, 22, 94, 116
537012.5.peg.4848.site.21, 5, 88, 93
537012.5.peg.4848.site.22, 61, 84, 145
537012.5.peg.4848.site.23, 6, 86, 92
537012.5.peg.4848.site.24, 12, 87, 99
537012.5.peg.4848.site.25, 19, 82, 101
537012.5.peg.4848.site.26, 65, 79, 144
537012.5.peg.4848.site.27, 22, 83, 105
537012.5.peg.4848.site.28, 3, 84, 87
537012.5.peg.4848.site.29, 73, 89, 162
537012.5.peg.4848.site.30, 5, 92, 97
537012.5.peg.4848.site.31, 1, 94, 95
537012.5.peg.4848.site.32, 0, 99, 99
537012.5.peg.4848.site.33, 5, 129, 134
537012.5.peg.4848.site.34, 6, 126, 132
537012.5.peg.4848.site.35, 0, 130, 130
537012.5.peg.4848.site.36, 41, 125, 166
537012.5.peg.4848.site.37, 2, 131, 133
537012.5.peg.4848.site.38, 0, 131, 131
537012.5.peg.4849.site.1, 24, 126, 150
537012.5.peg.4849.site.2, 1, 128, 129
537012.5.peg.4849.site.3, 25, 127, 152
537012.5.peg.4849.site.4, 16, 123, 139
537012.5.peg.640.site.1, 1, 130, 131
537012.5.peg.640.site.2, 3, 133, 136
537012.5.peg.640.site.3, 3, 134, 137
537012.5.peg.640.site.4, 1, 132, 133
537012.5.peg.640.site.5, 7, 133, 140
537012.5.peg.640.site.6, 2, 132, 134
537012.5.peg.640.site.7, 2, 130, 132
537012.5.peg.640.site.8, 17, 127, 144
537012.5.peg.640.site.9, 1, 126, 127
537012.5.peg.640.site.10, 0, 127, 127
537012.5.peg.640.site.11, 0, 127, 127
537012.5.peg.640.site.12, 1, 117, 118
537012.5.peg.640.site.13, 8, 118, 126
537012.5.peg.640.site.14, 4, 114, 118
537012.5.peg.640.site.15, 8, 117, 125
537012.5.peg.640.site.16, 5, 117, 122
537012.5.peg.640.site.17, 4, 115, 119
537012.5.peg.640.site.18, 13, 119, 132
537012.5.peg.640.site.19, 6, 115, 121
537012.5.peg.640.site.20, 0, 117, 117
537012.5.peg.1740.site.1, 4, 80, 84
537012.5.peg.1740.site.2, 1, 79, 80
537012.5.peg.1740.site.3, 13, 69, 82
537012.5.peg.1740.site.4, 16, 70, 86
537012.5.peg.1740.site.5, 74, 77, 151
537012.5.peg.1740.site.6, 6, 78, 84
537012.5.peg.1740.site.7, 1, 79, 80
537012.5.peg.1740.site.8, 14, 80, 94
537012.5.peg.1740.site.9, 12, 77, 89
537012.5.peg.1740.site.10, 13, 77, 90
537012.5.peg.1740.site.11, 7, 74, 81
537012.5.peg.1740.site.12, 54, 75, 129
537012.5.peg.1740.site.13, 1, 72, 73
537012.5.peg.1740.site.14, 11, 72, 83
537012.5.peg.1740.site.15, 53, 74, 127
537012.5.peg.1740.site.16, 56, 76, 132
537012.5.peg.1740.site.17, 57, 77, 134
537012.5.peg.1740.site.18, 14, 75, 89
537012.5.peg.1740.site.19, 7, 85, 92
537012.5.peg.1740.site.20, 4, 87, 91
537012.5.peg.1740.site.21, 33, 88, 121
537012.5.peg.1740.site.22, 2, 92, 94
537012.5.peg.1740.site.23, 7, 92, 99
537012.5.peg.1740.site.24, 52, 100, 152
537012.5.peg.1740.site.25, 2, 104, 106
537012.5.peg.1740.site.26, 1, 105, 106
537012.5.peg.1740.site.27, 4, 116, 120
537012.5.peg.1740.site.28, 3, 116, 119
537012.5.peg.1740.site.29, 7, 112, 119
537012.5.peg.1740.site.30, 4, 90, 94
537012.5.peg.1740.site.31, 22, 81, 103
537012.5.peg.1740.site.32, 4, 77, 81
537012.5.peg.1740.site.33, 19, 34, 53
537012.5.peg.1740.site.34, 9, 22, 31
537012.5.peg.1740.site.35, 6, 25, 31
537012.5.peg.1742.site.1, 1, 12, 13
537012.5.peg.1742.site.2, 2, 11, 13
537012.5.peg.1742.site.3, 3, 5, 8
537012.5.peg.1742.site.4, 2, 4, 6
537012.5.peg.1742.site.5, 2, 4, 6
537012.5.peg.1742.site.6, 2, 6, 8
537012.5.peg.1742.site.7, 1, 18, 19
537012.5.peg.1742.site.8, 1, 30, 31
537012.5.peg.1742.site.9, 38, 40, 78
537012.5.peg.1742.site.10, 38, 40, 78
537012.5.peg.1742.site.11, 25, 28, 53
537012.5.peg.1742.site.12, 19, 21, 40
537012.5.peg.1742.site.13, 3, 7, 10
537012.5.peg.1742.site.14, 1, 12, 13
537012.5.peg.1742.site.15, 0, 103, 103
537012.5.peg.1742.site.16, 1, 115, 116
537012.5.peg.1742.site.17, 5, 121, 126
537012.5.peg.1742.site.18, 21, 127, 148
537012.5.peg.1742.site.19, 15, 131, 146
537012.5.peg.1742.site.20, 5, 131, 136
537012.5.peg.1742.site.21, 5, 132, 137
537012.5.peg.1742.site.22, 11, 132, 143
537012.5.peg.1742.site.23, 13, 123, 136
537012.5.peg.1742.site.24, 12, 121, 133
537012.5.peg.1742.site.25, 11, 121, 132
537012.5.peg.1742.site.26, 1, 121, 122
537012.5.peg.1742.site.27, 8, 117, 125
537012.5.peg.1742.site.28, 3, 111, 114
537012.5.peg.1742.site.29, 7, 114, 121
537012.5.peg.1742.site.30, 18, 118, 136
537012.5.peg.1742.site.31, 18, 123, 141
537012.5.peg.1742.site.32, 2, 123, 125
537012.5.peg.1742.site.33, 11, 123, 134
537012.5.peg.1742.site.34, 0, 110, 110
537012.5.peg.1742.site.35, 80, 92, 172
537012.5.peg.1742.site.36, 54, 91, 145
537012.5.peg.1742.site.37, 66, 88, 154
537012.5.peg.1742.site.38, 1, 92, 93
537012.5.peg.1742.site.39, 6, 106, 112
537012.5.peg.1742.site.40, 82, 109, 191
537012.5.peg.1742.site.41, 0, 125, 125
537012.5.peg.1742.site.42, 1, 127, 128
537012.5.peg.1742.site.43, 0, 128, 128
537012.5.peg.1742.site.44, 1, 128, 129
537012.5.peg.1742.site.45, 1, 128, 129
537012.5.peg.1742.site.46, 0, 128, 128
537012.5.peg.1742.site.47, 5, 125, 130
537012.5.peg.1742.site.48, 8, 127, 135
537012.5.peg.1742.site.49, 3, 130, 133
537012.5.peg.1742.site.50, 6, 130, 136
537012.5.peg.1742.site.51, 1, 129, 130
537012.5.peg.1742.site.52, 47, 123, 170
537012.5.peg.1742.site.53, 5, 123, 128
537012.5.peg.1742.site.54, 3, 123, 126
537012.5.peg.1742.site.55, 1, 124, 125
537012.5.peg.1742.site.56, 73, 125, 198
537012.5.peg.1742.site.57, 9, 128, 137
537012.5.peg.1742.site.58, 66, 126, 192
537012.5.peg.1742.site.59, 0, 130, 130
537012.5.peg.1742.site.60, 8, 127, 135
537012.5.peg.1742.site.61, 13, 127, 140
537012.5.peg.1742.site.62, 4, 128, 132
537012.5.peg.1742.site.63, 33, 130, 163
537012.5.peg.1742.site.64, 9, 129, 138
537012.5.peg.1742.site.65, 6, 130, 136
537012.5.peg.1742.site.66, 6, 131, 137
537012.5.peg.1742.site.67, 5, 130, 135
537012.5.peg.1742.site.68, 6, 130, 136
537012.5.peg.1742.site.69, 6, 130, 136
537012.5.peg.1742.site.70, 22, 107, 129
537012.5.peg.1742.site.71, 25, 105, 130
537012.5.peg.1742.site.72, 18, 103, 121
537012.5.peg.1742.site.73, 15, 103, 118
537012.5.peg.1742.site.74, 13, 104, 117
537012.5.peg.1742.site.75, 6, 109, 115
537012.5.peg.1742.site.76, 19, 113, 132
537012.5.peg.1742.site.77, 23, 110, 133
537012.5.peg.1742.site.78, 45, 100, 145
537012.5.peg.1742.site.79, 5, 104, 109
537012.5.peg.1742.site.80, 1, 103, 104
537012.5.peg.1742.site.81, 4, 101, 105
537012.5.peg.1742.site.82, 36, 99, 135
537012.5.peg.1742.site.83, 2, 118, 120
537012.5.peg.1743.site.1, 8, 116, 124
537012.5.peg.1743.site.2, 4, 119, 123
537012.5.peg.1743.site.3, 1, 118, 119
537012.5.peg.1743.site.4, 18, 117, 135
537012.5.peg.1743.site.5, 2, 115, 117
537012.5.peg.1743.site.6, 2, 118, 120
537012.5.peg.1743.site.7, 6, 125, 131
537012.5.peg.1743.site.8, 3, 126, 129
537012.5.peg.1743.site.9, 17, 130, 147
537012.5.peg.1743.site.10, 3, 127, 130
537012.5.peg.1743.site.11, 5, 128, 133
537012.5.peg.1743.site.12, 3, 129, 132
537012.5.peg.1743.site.13, 12, 131, 143
537012.5.peg.1743.site.14, 11, 128, 139
537012.5.peg.1743.site.15, 4, 129, 133
537012.5.peg.1743.site.16, 1, 131, 132
537012.5.peg.1743.site.17, 7, 132, 139
537012.5.peg.1743.site.18, 1, 129, 130
537012.5.peg.1743.site.19, 2, 128, 130
537012.5.peg.1743.site.20, 1, 128, 129
537012.5.peg.1743.site.21, 2, 129, 131
537012.5.peg.1743.site.22, 2, 128, 130
537012.5.peg.1743.site.23, 1, 128, 129
537012.5.peg.1743.site.24, 8, 127, 135
537012.5.peg.1743.site.25, 1, 126, 127
537012.5.peg.1743.site.26, 1, 126, 127
537012.5.peg.1743.site.27, 2, 126, 128
537012.5.peg.1743.site.28, 3, 125, 128
537012.5.peg.1743.site.29, 4, 124, 128
537012.5.peg.1743.site.30, 125, 128, 253
537012.5.peg.1743.site.31, 3, 131, 134
537012.5.peg.1743.site.32, 4, 131, 135
537012.5.peg.1743.site.33, 5, 132, 137
537012.5.peg.1743.site.34, 1, 133, 134
537012.5.peg.1743.site.35, 6, 132, 138
537012.5.peg.1743.site.36, 11, 131, 142
537012.5.peg.1743.site.37, 6, 130, 136
537012.5.peg.1743.site.38, 8, 132, 140
537012.5.peg.1743.site.39, 4, 132, 136
537012.5.peg.1743.site.40, 13, 128, 141
537012.5.peg.1743.site.41, 9, 131, 140
537012.5.peg.1743.site.42, 3, 132, 135
537012.5.peg.1743.site.43, 1, 130, 131
537012.5.peg.1743.site.44, 3, 130, 133
537012.5.peg.1743.site.45, 7, 132, 139
537012.5.peg.1743.site.46, 1, 130, 131
537012.5.peg.1743.site.47, 2, 129, 131
537012.5.peg.1743.site.48, 4, 126, 130
537012.5.peg.1743.site.49, 0, 129, 129
537012.5.peg.1743.site.50, 6, 126, 132
537012.5.peg.1743.site.51, 1, 128, 129
537012.5.peg.1743.site.52, 2, 126, 128
537012.5.peg.1743.site.53, 1, 127, 128
537012.5.peg.1743.site.54, 16, 121, 137
537012.5.peg.1743.site.55, 2, 112, 114
537012.5.peg.1743.site.56, 1, 125, 126
537012.5.peg.1743.site.57, 2, 125, 127
537012.5.peg.1743.site.58, 9, 124, 133
537012.5.peg.1743.site.59, 1, 125, 126
537012.5.peg.1743.site.60, 3, 125, 128
537012.5.peg.1743.site.61, 1, 126, 127
537012.5.peg.1743.site.62, 4, 126, 130
537012.5.peg.1743.site.63, 122, 124, 246
537012.5.peg.1743.site.64, 4, 126, 130
537012.5.peg.1743.site.65, 4, 125, 129
537012.5.peg.1743.site.66, 1, 127, 128
537012.5.peg.1743.site.67, 3, 124, 127
537012.5.peg.1743.site.68, 1, 130, 131
537012.5.peg.1743.site.69, 48, 114, 162
537012.5.peg.1743.site.70, 3, 112, 115
537012.5.peg.1743.site.71, 9, 115, 124
537012.5.peg.1743.site.72, 1, 126, 127
537012.5.peg.1743.site.73, 6, 131, 137
537012.5.peg.1743.site.74, 15, 129, 144
537012.5.peg.1743.site.75, 4, 131, 135
537012.5.peg.1743.site.76, 5, 131, 136
537012.5.peg.1743.site.77, 6, 130, 136
537012.5.peg.1743.site.78, 3, 125, 128
537012.5.peg.1743.site.79, 16, 122, 138
537012.5.peg.1743.site.80, 6, 130, 136
537012.5.peg.1743.site.81, 3, 132, 135
537012.5.peg.1743.site.82, 1, 127, 128
537012.5.peg.1743.site.83, 1, 127, 128
537012.5.peg.1743.site.84, 3, 128, 131
537012.5.peg.1743.site.85, 1, 126, 127
537012.5.peg.1743.site.86, 3, 128, 131
537012.5.peg.1743.site.87, 4, 128, 132
537012.5.peg.1743.site.88, 2, 129, 131
537012.5.peg.1743.site.89, 16, 128, 144
537012.5.peg.1743.site.90, 1, 129, 130
537012.5.peg.1743.site.91, 1, 129, 130
537012.5.peg.1743.site.92, 29, 129, 158
537012.5.peg.1743.site.93, 1, 129, 130
537012.5.peg.1743.site.94, 8, 127, 135
537012.5.peg.1743.site.95, 27, 127, 154
537012.5.peg.1743.site.96, 2, 128, 130
537012.5.peg.1743.site.97, 4, 128, 132
537012.5.peg.1743.site.98, 3, 131, 134
537012.5.peg.1743.site.99, 5, 131, 136
537012.5.peg.1743.site.100, 4, 124, 128
537012.5.peg.1743.site.101, 1, 125, 126
537012.5.peg.1743.site.102, 26, 120, 146
537012.5.peg.1743.site.103, 105, 118, 223
537012.5.peg.1743.site.104, 4, 118, 122
537012.5.peg.1743.site.105, 14, 118, 132
537012.5.peg.1743.site.106, 4, 116, 120
537012.5.peg.1743.site.107, 85, 104, 189
537012.5.peg.1743.site.108, 5, 101, 106
537012.5.peg.1743.site.109, 4, 100, 104
537012.5.peg.1743.site.110, 3, 100, 103
537012.5.peg.1743.site.111, 28, 97, 125
537012.5.peg.1743.site.112, 17, 102, 119
537012.5.peg.1743.site.113, 3, 124, 127
537012.5.peg.1743.site.114, 107, 123, 230
537012.5.peg.1743.site.115, 34, 128, 162
537012.5.peg.1743.site.116, 44, 128, 172
537012.5.peg.1743.site.117, 6, 129, 135
537012.5.peg.1743.site.118, 5, 128, 133
537012.5.peg.1743.site.119, 68, 118, 186
537012.5.peg.1743.site.120, 45, 118, 163
537012.5.peg.1743.site.121, 20, 117, 137
537012.5.peg.1743.site.122, 14, 124, 138
537012.5.peg.1743.site.123, 1, 120, 121
537012.5.peg.1743.site.124, 2, 103, 105
537012.5.peg.1743.site.125, 64, 79, 143
537012.5.peg.1743.site.126, 67, 79, 146
537012.5.peg.1743.site.127, 6, 85, 91
537012.5.peg.1743.site.128, 31, 89, 120
537012.5.peg.1743.site.129, 1, 83, 84
537012.5.peg.1743.site.130, 1, 84, 85
537012.5.peg.1743.site.131, 15, 72, 87
537012.5.peg.1743.site.132, 0, 76, 76
537012.5.peg.1743.site.133, 0, 75, 75
537012.5.peg.1748.site.1, 0, 104, 104
537012.5.peg.1748.site.2, 20, 112, 132
537012.5.peg.1748.site.3, 1, 120, 121
537012.5.peg.1748.site.4, 26, 122, 148
537012.5.peg.1748.site.5, 23, 118, 141
537012.5.peg.1748.site.6, 4, 120, 124
537012.5.peg.1748.site.7, 7, 114, 121
537012.5.peg.1748.site.8, 11, 101, 112
537012.5.peg.1748.site.9, 51, 95, 146
537012.5.peg.1748.site.10, 4, 92, 96
537012.5.peg.1748.site.11, 7, 100, 107
537012.5.peg.1748.site.12, 19, 88, 107
537012.5.peg.1748.site.13, 2, 94, 96
537012.5.peg.1748.site.14, 25, 93, 118
537012.5.peg.1748.site.15, 1, 112, 113
537012.5.peg.1748.site.16, 27, 128, 155
537012.5.peg.1748.site.17, 2, 127, 129
537012.5.peg.1748.site.18, 1, 126, 127
537012.5.peg.1748.site.19, 1, 126, 127
537012.5.peg.1748.site.20, 1, 125, 126
537012.5.peg.1748.site.21, 36, 124, 160
537012.5.peg.1748.site.22, 92, 124, 216
537012.5.peg.1748.site.23, 1, 125, 126
537012.5.peg.1748.site.24, 0, 117, 117
537012.5.peg.1748.site.25, 0, 117, 117
537012.5.peg.1748.site.26, 9, 106, 115
537012.5.peg.1748.site.27, 44, 103, 147
537012.5.peg.1748.site.28, 1, 103, 104
537012.5.peg.1748.site.29, 121, 123, 244
537012.5.peg.1748.site.30, 5, 126, 131
537012.5.peg.1748.site.31, 4, 128, 132
537012.5.peg.1748.site.32, 4, 127, 131
537012.5.peg.1748.site.33, 2, 126, 128
537012.5.peg.1748.site.34, 2, 124, 126
537012.5.peg.1748.site.35, 17, 111, 128
537012.5.peg.1748.site.36, 13, 112, 125
537012.5.peg.1748.site.37, 31, 109, 140
537012.5.peg.1748.site.38, 5, 110, 115
537012.5.peg.1748.site.39, 11, 109, 120
537012.5.peg.1748.site.40, 4, 110, 114
537012.5.peg.1748.site.41, 1, 114, 115
537012.5.peg.1748.site.42, 4, 114, 118
537012.5.peg.1748.site.43, 29, 116, 145
537012.5.peg.1748.site.44, 0, 105, 105
537012.5.peg.1748.site.45, 2, 101, 103
537012.5.peg.1748.site.46, 6, 101, 107
537012.5.peg.1748.site.47, 1, 104, 105
537012.5.peg.1748.site.48, 1, 103, 104
537012.5.peg.1748.site.49, 8, 101, 109
537012.5.peg.1748.site.50, 11, 99, 110
537012.5.peg.1748.site.51, 5, 102, 107
537012.5.peg.1748.site.52, 4, 102, 106
537012.5.peg.1748.site.53, 89, 103, 192
537012.5.peg.1748.site.54, 3, 108, 111
537012.5.peg.1748.site.55, 1, 109, 110
537012.5.peg.1748.site.56, 45, 107, 152
537012.5.peg.1748.site.57, 17, 118, 135
537012.5.peg.1748.site.58, 5, 125, 130
537012.5.peg.1748.site.59, 4, 127, 131
537012.5.peg.1748.site.60, 3, 128, 131
537012.5.peg.1748.site.61, 2, 119, 121
537012.5.peg.1748.site.62, 0, 118, 118
537012.5.peg.1748.site.63, 0, 119, 119
537012.5.peg.1748.site.64, 4, 110, 114
537012.5.peg.1748.site.65, 36, 78, 114
537012.5.peg.1748.site.66, 82, 106, 188
537012.5.peg.1748.site.67, 5, 122, 127
537012.5.peg.1748.site.68, 28, 122, 150
537012.5.peg.1748.site.69, 2, 120, 122
537012.5.peg.1748.site.70, 1, 121, 122
537012.5.peg.1748.site.71, 1, 121, 122
537012.5.peg.1748.site.72, 6, 122, 128
537012.5.peg.1748.site.73, 117, 119, 236
537012.5.peg.1748.site.74, 5, 124, 129
537012.5.peg.1748.site.75, 1, 125, 126
537012.5.peg.1748.site.76, 5, 124, 129
537012.5.peg.1748.site.77, 3, 124, 127
537012.5.peg.1748.site.78, 5, 124, 129
537012.5.peg.1748.site.79, 2, 124, 126
537012.5.peg.1748.site.80, 2, 126, 128
537012.5.peg.1748.site.81, 103, 125, 228
537012.5.peg.1748.site.82, 2, 127, 129
537012.5.peg.1748.site.83, 24, 124, 148
537012.5.peg.1748.site.84, 2, 126, 128
537012.5.peg.1749.site.1, 3, 126, 129
537012.5.peg.1749.site.2, 125, 127, 252
537012.5.peg.1749.site.3, 4, 126, 130
537012.5.peg.1749.site.4, 42, 125, 167
537012.5.peg.1749.site.5, 0, 126, 126
537012.5.peg.1749.site.6, 3, 126, 129
537012.5.peg.1749.site.7, 5, 126, 131
537012.5.peg.1749.site.8, 83, 127, 210
537012.5.peg.1749.site.9, 1, 126, 127
537012.5.peg.1749.site.10, 1, 127, 128
537012.5.peg.1749.site.11, 5, 131, 136
537012.5.peg.1749.site.12, 5, 132, 137
537012.5.peg.1749.site.13, 8, 130, 138
537012.5.peg.1749.site.14, 2, 129, 131
537012.5.peg.1749.site.15, 3, 130, 133
537012.5.peg.1749.site.16, 42, 125, 167
537012.5.peg.1749.site.17, 2, 128, 130
537012.5.peg.1749.site.18, 55, 125, 180
537012.5.peg.1749.site.19, 4, 126, 130
537012.5.peg.1749.site.20, 5, 127, 132
537012.5.peg.1749.site.21, 4, 127, 131
537012.5.peg.1749.site.22, 1, 133, 134
537012.5.peg.1749.site.23, 6, 133, 139
537012.5.peg.1749.site.24, 13, 127, 140
537012.5.peg.1749.site.25, 3, 127, 130
537012.5.peg.1749.site.26, 13, 127, 140
537012.5.peg.1749.site.27, 17, 127, 144
537012.5.peg.1749.site.28, 34, 125, 159
537012.5.peg.1749.site.29, 54, 125, 179
537012.5.peg.1749.site.30, 2, 127, 129
537012.5.peg.1749.site.31, 4, 127, 131
537012.5.peg.1749.site.32, 4, 125, 129
537012.5.peg.1749.site.33, 4, 125, 129
537012.5.peg.1749.site.34, 2, 105, 107
537012.5.peg.1749.site.35, 1, 104, 105
537012.5.peg.1749.site.36, 2, 104, 106
537012.5.peg.1749.site.37, 4, 106, 110
537012.5.peg.1749.site.38, 18, 122, 140
537012.5.peg.1749.site.39, 1, 126, 127
537012.5.peg.1749.site.40, 17, 126, 143
537012.5.peg.1749.site.41, 2, 126, 128
537012.5.peg.1749.site.42, 91, 124, 215
537012.5.peg.1749.site.43, 5, 126, 131
537012.5.peg.1749.site.44, 4, 127, 131
537012.5.peg.1749.site.45, 0, 124, 124
537012.5.peg.1749.site.46, 2, 129, 131
537012.5.peg.1749.site.47, 0, 126, 126
537012.5.peg.1749.site.48, 4, 130, 134
537012.5.peg.1749.site.49, 3, 131, 134
537012.5.peg.1749.site.50, 4, 129, 133
537012.5.peg.1749.site.51, 5, 128, 133
537012.5.peg.1749.site.52, 19, 128, 147
537012.5.peg.1749.site.53, 6, 128, 134
537012.5.peg.1749.site.54, 2, 125, 127
537012.5.peg.1749.site.55, 11, 124, 135
537012.5.peg.1749.site.56, 1, 132, 133
537012.5.peg.1749.site.57, 1, 131, 132
537012.5.peg.1749.site.58, 4, 129, 133
537012.5.peg.1749.site.59, 3, 128, 131
537012.5.peg.1749.site.60, 2, 128, 130
537012.5.peg.1749.site.61, 1, 132, 133
537012.5.peg.1749.site.62, 7, 133, 140
537012.5.peg.1749.site.63, 5, 130, 135
537012.5.peg.1749.site.64, 6, 117, 123
537012.5.peg.1749.site.65, 1, 115, 116
537012.5.peg.1749.site.66, 23, 115, 138
537012.5.peg.1749.site.67, 5, 112, 117
537012.5.peg.1749.site.68, 67, 109, 176
537012.5.peg.1749.site.69, 6, 122, 128
537012.5.peg.1749.site.70, 5, 128, 133
537012.5.peg.1749.site.71, 4, 128, 132
537012.5.peg.1749.site.72, 2, 128, 130
537012.5.peg.1749.site.73, 31, 125, 156
537012.5.peg.1749.site.74, 6, 128, 134
537012.5.peg.1749.site.75, 36, 125, 161
537012.5.peg.1749.site.76, 1, 127, 128
537012.5.peg.1749.site.77, 4, 125, 129
537012.5.peg.1749.site.78, 4, 125, 129
537012.5.peg.1749.site.79, 106, 126, 232
537012.5.peg.1749.site.80, 5, 127, 132
537012.5.peg.1749.site.81, 4, 126, 130
537012.5.peg.1749.site.82, 1, 128, 129
537012.5.peg.1749.site.83, 60, 126, 186
537012.5.peg.1749.site.84, 16, 130, 146
537012.5.peg.1749.site.85, 21, 122, 143
537012.5.peg.1749.site.86, 1, 123, 124
537012.5.peg.1749.site.87, 4, 121, 125
537012.5.peg.1749.site.88, 2, 126, 128
537012.5.peg.1749.site.89, 54, 124, 178
537012.5.peg.1749.site.90, 29, 125, 154
537012.5.peg.1749.site.91, 3, 130, 133
537012.5.peg.1749.site.92, 63, 128, 191
537012.5.peg.1749.site.93, 4, 131, 135
537012.5.peg.1749.site.94, 2, 129, 131
537012.5.peg.1749.site.95, 48, 126, 174
537012.5.peg.1749.site.96, 8, 125, 133
537012.5.peg.1749.site.97, 82, 125, 207
537012.5.peg.1749.site.98, 83, 125, 208
537012.5.peg.1749.site.99, 0, 126, 126
537012.5.peg.1749.site.100, 5, 127, 132
537012.5.peg.1749.site.101, 5, 126, 131
537012.5.peg.1749.site.102, 18, 126, 144
537012.5.peg.1749.site.103, 9, 127, 136
537012.5.peg.1749.site.104, 9, 126, 135
537012.5.peg.1749.site.105, 9, 126, 135
537012.5.peg.1749.site.106, 0, 125, 125
537012.5.peg.1749.site.107, 4, 125, 129
537012.5.peg.1749.site.108, 8, 127, 135
537012.5.peg.1749.site.109, 3, 127, 130
537012.5.peg.1749.site.110, 3, 127, 130
537012.5.peg.1749.site.111, 1, 128, 129
537012.5.peg.1749.site.112, 65, 127, 192
537012.5.peg.1749.site.113, 0, 128, 128
537012.5.peg.1749.site.114, 2, 128, 130
537012.5.peg.1749.site.115, 13, 130, 143
537012.5.peg.1749.site.116, 5, 133, 138
537012.5.peg.1749.site.117, 2, 132, 134
537012.5.peg.1749.site.118, 92, 120, 212
537012.5.peg.1749.site.119, 66, 104, 170
537012.5.peg.1749.site.120, 46, 97, 143
537012.5.peg.1749.site.121, 0, 80, 80
537012.5.peg.1749.site.122, 25, 84, 109
537012.5.peg.4938.site.1, 1, 134, 135
537012.5.peg.4938.site.2, 9, 133, 142
537012.5.peg.4938.site.3, 0, 134, 134
537012.5.peg.4938.site.4, 3, 134, 137
537012.5.peg.4938.site.5, 42, 131, 173
537012.5.peg.4939.site.1, 15, 134, 149
537012.5.peg.4939.site.2, 2, 132, 134
537012.5.peg.4939.site.3, 0, 134, 134
537012.5.peg.4939.site.4, 0, 134, 134
537012.5.peg.4939.site.5, 19, 132, 151
537012.5.peg.4939.site.6, 1, 134, 135
537012.5.peg.4939.site.7, 2, 131, 133
537012.5.peg.4939.site.8, 14, 131, 145
537012.5.peg.4939.site.9, 107, 133, 240
537012.5.peg.4939.site.10, 3, 134, 137
537012.5.peg.4939.site.11, 14, 133, 147
537012.5.peg.4939.site.12, 7, 134, 141
537012.5.peg.4939.site.13, 2, 133, 135
537012.5.peg.4939.site.14, 20, 133, 153
537012.5.peg.4939.site.15, 20, 134, 154
537012.5.peg.4939.site.16, 1, 133, 134
537012.5.peg.4939.site.17, 64, 132, 196
537012.5.peg.4939.site.18, 4, 134, 138
537012.5.peg.4939.site.19, 2, 134, 136
537012.5.peg.4939.site.20, 1, 133, 134
537012.5.peg.4939.site.21, 63, 131, 194
537012.5.peg.4939.site.22, 12, 133, 145
537012.5.peg.4939.site.23, 11, 133, 144
537012.5.peg.4939.site.24, 3, 132, 135
537012.5.peg.4939.site.25, 18, 131, 149
537012.5.peg.4939.site.26, 29, 132, 161
537012.5.peg.4939.site.27, 3, 132, 135
537012.5.peg.4939.site.28, 5, 131, 136
537012.5.peg.4939.site.29, 5, 132, 137
537012.5.peg.4939.site.30, 1, 133, 134
537012.5.peg.4939.site.31, 12, 134, 146
537012.5.peg.4939.site.32, 127, 133, 260
537012.5.peg.4939.site.33, 16, 134, 150
537012.5.peg.4939.site.34, 1, 134, 135
537012.5.peg.4939.site.35, 1, 134, 135
537012.5.peg.4939.site.36, 14, 132, 146
537012.5.peg.4939.site.37, 4, 133, 137
537012.5.peg.4939.site.38, 119, 130, 249
537012.5.peg.4939.site.39, 11, 123, 134
537012.5.peg.4939.site.40, 15, 118, 133
537012.5.peg.4939.site.41, 39, 118, 157
537012.5.peg.4939.site.42, 6, 118, 124
537012.5.peg.4939.site.43, 60, 118, 178
537012.5.peg.4939.site.44, 12, 132, 144
537012.5.peg.4939.site.45, 3, 134, 137
537012.5.peg.4939.site.46, 1, 134, 135
537012.5.peg.4939.site.47, 1, 134, 135
537012.5.peg.4939.site.48, 4, 132, 136
537012.5.peg.4939.site.49, 100, 133, 233
537012.5.peg.4939.site.50, 3, 132, 135
537012.5.peg.4939.site.51, 5, 132, 137
537012.5.peg.4939.site.52, 1, 134, 135
537012.5.peg.4934.site.1, 32, 35, 67
537012.5.peg.4934.site.2, 44, 47, 91
537012.5.peg.4934.site.3, 4, 118, 122
537012.5.peg.4934.site.4, 113, 117, 230
537012.5.peg.4934.site.5, 5, 120, 125
537012.5.peg.4934.site.6, 3, 122, 125
537012.5.peg.4934.site.7, 2, 121, 123
537012.5.peg.4934.site.8, 116, 120, 236
537012.5.peg.4934.site.9, 114, 117, 231
537012.5.peg.4934.site.10, 115, 118, 233
537012.5.peg.4934.site.11, 1, 116, 117
537012.5.peg.4934.site.12, 116, 119, 235
537012.5.peg.4934.site.13, 103, 118, 221
537012.5.peg.4934.site.14, 115, 118, 233
537012.5.peg.4934.site.15, 2, 121, 123
537012.5.peg.4934.site.16, 129, 132, 261
537012.5.peg.4934.site.17, 1, 133, 134
537012.5.peg.4934.site.18, 2, 133, 135
537012.5.peg.4934.site.19, 15, 134, 149
537012.5.peg.4934.site.20, 108, 133, 241
537012.5.peg.4934.site.21, 22, 132, 154
537012.5.peg.4934.site.22, 2, 133, 135
537012.5.peg.4934.site.23, 2, 133, 135
537012.5.peg.4934.site.24, 71, 133, 204
537012.5.peg.4935.site.1, 5, 134, 139
537012.5.peg.4935.site.2, 7, 134, 141
537012.5.peg.4937.site.1, 0, 116, 116
537012.5.peg.4937.site.2, 2, 118, 120
537012.5.peg.4937.site.3, 3, 121, 124
537012.5.peg.4937.site.4, 77, 127, 204
537012.5.peg.4937.site.5, 1, 133, 134
537012.5.peg.4937.site.6, 4, 131, 135
537012.5.peg.4937.site.7, 10, 134, 144
537012.5.peg.4937.site.8, 1, 133, 134
537012.5.peg.4937.site.9, 3, 133, 136
537012.5.peg.4937.site.10, 9, 133, 142
537012.5.peg.4937.site.11, 2, 133, 135
537012.5.peg.4937.site.12, 7, 129, 136
537012.5.peg.4937.site.13, 6, 125, 131
537012.5.peg.4937.site.14, 14, 133, 147
537012.5.peg.4937.site.15, 77, 129, 206
537012.5.peg.4937.site.16, 14, 132, 146
537012.5.peg.4937.site.17, 1, 133, 134
537012.5.peg.4937.site.18, 4, 133, 137
537012.5.peg.4937.site.19, 4, 130, 134
537012.5.peg.4937.site.20, 0, 129, 129
537012.5.peg.4937.site.21, 30, 132, 162
537012.5.peg.4937.site.22, 14, 133, 147
537012.5.peg.4937.site.23, 14, 134, 148
537012.5.peg.4937.site.24, 10, 131, 141
537012.5.peg.4937.site.25, 2, 122, 124
537012.5.peg.4937.site.26, 15, 118, 133
537012.5.peg.4937.site.27, 29, 117, 146
537012.5.peg.4937.site.28, 2, 122, 124
537012.5.peg.4937.site.29, 12, 131, 143
537012.5.peg.4937.site.30, 69, 129, 198
537012.5.peg.4937.site.31, 14, 132, 146
537012.5.peg.4937.site.32, 47, 130, 177
537012.5.peg.4937.site.33, 52, 128, 180
537012.5.peg.4937.site.34, 45, 131, 176
537012.5.peg.4937.site.35, 1, 133, 134
537012.5.peg.4937.site.36, 2, 133, 135
537012.5.peg.4937.site.37, 5, 130, 135
537012.5.peg.1525.site.1, 2, 134, 136
537012.5.peg.1525.site.2, 1, 133, 134
537012.5.peg.1525.site.3, 122, 133, 255
537012.5.peg.1525.site.4, 3, 133, 136
537012.5.peg.1525.site.5, 2, 131, 133
537012.5.peg.1525.site.6, 0, 133, 133
537012.5.peg.1525.site.7, 1, 133, 134
537012.5.peg.1525.site.8, 4, 133, 137
537012.5.peg.1525.site.9, 5, 132, 137
537012.5.peg.1525.site.10, 4, 128, 132
537012.5.peg.1525.site.11, 5, 129, 134
537012.5.peg.1525.site.12, 11, 132, 143
537012.5.peg.1525.site.13, 1, 134, 135
537012.5.peg.1525.site.14, 1, 134, 135
537012.5.peg.1525.site.15, 14, 134, 148
537012.5.peg.1525.site.16, 2, 133, 135
537012.5.peg.1525.site.17, 1, 134, 135
537012.5.peg.1525.site.18, 3, 134, 137
537012.5.peg.1525.site.19, 2, 134, 136
537012.5.peg.1525.site.20, 3, 134, 137
537012.5.peg.1525.site.21, 11, 132, 143
537012.5.peg.1525.site.22, 98, 132, 230
537012.5.peg.1525.site.23, 6, 133, 139
537012.5.peg.1525.site.24, 1, 134, 135
537012.5.peg.1525.site.25, 1, 133, 134
537012.5.peg.1525.site.26, 5, 133, 138
537012.5.peg.1525.site.27, 6, 132, 138
537012.5.peg.1525.site.28, 4, 132, 136
537012.5.peg.1525.site.29, 4, 132, 136
537012.5.peg.1525.site.30, 3, 133, 136
537012.5.peg.1525.site.31, 132, 133, 265
537012.5.peg.1525.site.32, 7, 134, 141
537012.5.peg.1525.site.33, 7, 134, 141
537012.5.peg.1525.site.34, 7, 134, 141
537012.5.peg.1525.site.35, 43, 132, 175
537012.5.peg.1525.site.36, 7, 132, 139
537012.5.peg.1525.site.37, 6, 131, 137
537012.5.peg.1525.site.38, 38, 130, 168
537012.5.peg.1525.site.39, 2, 132, 134
537012.5.peg.1525.site.40, 2, 132, 134
537012.5.peg.1525.site.41, 1, 129, 130
537012.5.peg.1525.site.42, 4, 127, 131
537012.5.peg.1525.site.43, 2, 129, 131
537012.5.peg.1525.site.44, 3, 126, 129
537012.5.peg.1525.site.45, 51, 127, 178
537012.5.peg.1525.site.46, 5, 126, 131
537012.5.peg.1525.site.47, 3, 131, 134
537012.5.peg.1525.site.48, 8, 132, 140
537012.5.peg.1525.site.49, 4, 132, 136
537012.5.peg.1525.site.50, 89, 133, 222
537012.5.peg.1525.site.51, 4, 134, 138
537012.5.peg.1525.site.52, 4, 132, 136
537012.5.peg.1525.site.53, 4, 132, 136
537012.5.peg.1525.site.54, 18, 134, 152
537012.5.peg.1525.site.55, 5, 134, 139
537012.5.peg.1525.site.56, 7, 134, 141
537012.5.peg.1525.site.57, 2, 134, 136
537012.5.peg.1525.site.58, 4, 132, 136
537012.5.peg.1525.site.59, 4, 132, 136
537012.5.peg.1525.site.60, 7, 134, 141
537012.5.peg.1525.site.61, 7, 134, 141
537012.5.peg.1525.site.62, 1, 134, 135
537012.5.peg.1525.site.63, 2, 132, 134
537012.5.peg.1525.site.64, 2, 133, 135
537012.5.peg.1525.site.65, 4, 134, 138
537012.5.peg.1525.site.66, 11, 133, 144
537012.5.peg.1525.site.67, 1, 134, 135
537012.5.peg.1526.site.1, 4, 132, 136
537012.5.peg.1526.site.2, 11, 132, 143
537012.5.peg.1526.site.3, 15, 133, 148
537012.5.peg.1526.site.4, 87, 133, 220
537012.5.peg.1526.site.5, 4, 134, 138
537012.5.peg.1526.site.6, 1, 134, 135
537012.5.peg.1526.site.7, 47, 132, 179
537012.5.peg.1526.site.8, 7, 134, 141
537012.5.peg.1526.site.9, 4, 134, 138
537012.5.peg.1526.site.10, 4, 134, 138
537012.5.peg.1526.site.11, 7, 134, 141
537012.5.peg.1526.site.12, 4, 132, 136
537012.5.peg.1526.site.13, 1, 134, 135
537012.5.peg.1526.site.14, 61, 131, 192
537012.5.peg.1526.site.15, 4, 131, 135
537012.5.peg.1527.site.1, 1, 132, 133
537012.5.peg.1527.site.2, 1, 134, 135
537012.5.peg.1527.site.3, 2, 134, 136
537012.5.peg.1527.site.4, 10, 131, 141
537012.5.peg.1527.site.5, 12, 134, 146
537012.5.peg.1527.site.6, 27, 132, 159
537012.5.peg.1527.site.7, 6, 134, 140
537012.5.peg.1527.site.8, 2, 134, 136
537012.5.peg.1527.site.9, 1, 134, 135
537012.5.peg.1527.site.10, 8, 134, 142
537012.5.peg.1527.site.11, 4, 134, 138
537012.5.peg.1527.site.12, 10, 134, 144
537012.5.peg.1527.site.13, 108, 133, 241
537012.5.peg.1527.site.14, 1, 134, 135
537012.5.peg.1527.site.15, 4, 134, 138
537012.5.peg.1527.site.16, 5, 132, 137
537012.5.peg.1527.site.17, 4, 132, 136
537012.5.peg.1527.site.18, 5, 134, 139
537012.5.peg.1527.site.19, 4, 132, 136
537012.5.peg.1527.site.20, 14, 133, 147
537012.5.peg.1527.site.21, 5, 133, 138
537012.5.peg.1527.site.22, 1, 134, 135
537012.5.peg.1527.site.23, 14, 132, 146
537012.5.peg.1527.site.24, 1, 134, 135
537012.5.peg.1527.site.25, 1, 134, 135
537012.5.peg.1527.site.26, 1, 134, 135
537012.5.peg.1527.site.27, 2, 134, 136
537012.5.peg.1527.site.28, 7, 129, 136
537012.5.peg.1527.site.29, 3, 133, 136
537012.5.peg.1527.site.30, 3, 132, 135
537012.5.peg.1527.site.31, 4, 132, 136
537012.5.peg.1527.site.32, 98, 131, 229
537012.5.peg.1527.site.33, 55, 132, 187
537012.5.peg.1527.site.34, 5, 133, 138
537012.5.peg.1527.site.35, 20, 132, 152
537012.5.peg.1527.site.36, 0, 133, 133
537012.5.peg.1527.site.37, 7, 133, 140
537012.5.peg.1527.site.38, 7, 133, 140
537012.5.peg.1527.site.39, 6, 132, 138
537012.5.peg.1527.site.40, 23, 131, 154
537012.5.peg.1527.site.41, 4, 132, 136
537012.5.peg.1527.site.42, 3, 134, 137
537012.5.peg.1527.site.43, 1, 133, 134
537012.5.peg.1527.site.44, 4, 131, 135
537012.5.peg.1527.site.45, 1, 134, 135
537012.5.peg.1527.site.46, 4, 132, 136
537012.5.peg.1527.site.47, 0, 134, 134
537012.5.peg.1527.site.48, 3, 134, 137
537012.5.peg.1527.site.49, 8, 133, 141
537012.5.peg.1527.site.50, 2, 134, 136
537012.5.peg.1527.site.51, 1, 130, 131
537012.5.peg.1527.site.52, 1, 132, 133
537012.5.peg.1527.site.53, 9, 132, 141
537012.5.peg.1527.site.54, 2, 129, 131
537012.5.peg.1527.site.55, 1, 130, 131
537012.5.peg.829.site.1, 5, 133, 138
537012.5.peg.829.site.2, 0, 134, 134
537012.5.peg.829.site.3, 0, 133, 133
537012.5.peg.829.site.4, 0, 133, 133
537012.5.peg.829.site.5, 1, 130, 131
537012.5.peg.829.site.6, 1, 130, 131
537012.5.peg.829.site.7, 2, 130, 132
537012.5.peg.829.site.8, 0, 130, 130
537012.5.peg.829.site.9, 1, 130, 131
537012.5.peg.829.site.10, 11, 130, 141
537012.5.peg.829.site.11, 0, 129, 129
537012.5.peg.829.site.12, 2, 131, 133
537012.5.peg.829.site.13, 6, 133, 139
537012.5.peg.829.site.14, 1, 134, 135
537012.5.peg.829.site.15, 0, 134, 134
537012.5.peg.829.site.16, 39, 132, 171
537012.5.peg.829.site.17, 1, 132, 133
537012.5.peg.828.site.1, 1, 129, 130
537012.5.peg.828.site.2, 3, 128, 131
537012.5.peg.828.site.3, 3, 127, 130
537012.5.peg.828.site.4, 3, 131, 134
537012.5.peg.828.site.5, 19, 131, 150
537012.5.peg.828.site.6, 19, 131, 150
537012.5.peg.828.site.7, 5, 132, 137
537012.5.peg.828.site.8, 3, 131, 134
537012.5.peg.828.site.9, 0, 129, 129
537012.5.peg.828.site.10, 20, 129, 149
537012.5.peg.828.site.11, 0, 130, 130
537012.5.peg.828.site.12, 1, 126, 127
537012.5.peg.828.site.13, 2, 127, 129
537012.5.peg.828.site.14, 13, 127, 140
537012.5.peg.828.site.15, 1, 126, 127
537012.5.peg.828.site.16, 0, 127, 127
537012.5.peg.828.site.17, 0, 126, 126
537012.5.peg.828.site.18, 1, 126, 127
537012.5.peg.828.site.19, 1, 129, 130
537012.5.peg.828.site.20, 21, 128, 149
537012.5.peg.828.site.21, 1, 129, 130
537012.5.peg.828.site.22, 8, 129, 137
537012.5.peg.828.site.23, 2, 127, 129
537012.5.peg.828.site.24, 0, 108, 108
537012.5.peg.828.site.25, 0, 104, 104
537012.5.peg.828.site.26, 6, 105, 111
537012.5.peg.828.site.27, 42, 104, 146
537012.5.peg.828.site.28, 2, 113, 115
537012.5.peg.828.site.29, 2, 123, 125
537012.5.peg.828.site.30, 1, 131, 132
537012.5.peg.828.site.31, 2, 129, 131
537012.5.peg.828.site.32, 2, 129, 131
537012.5.peg.828.site.33, 1, 132, 133
537012.5.peg.828.site.34, 0, 132, 132
537012.5.peg.825.site.1, 0, 124, 124
537012.5.peg.825.site.2, 0, 126, 126
537012.5.peg.825.site.3, 0, 124, 124
537012.5.peg.825.site.4, 0, 125, 125
537012.5.peg.825.site.5, 0, 125, 125
537012.5.peg.825.site.6, 16, 124, 140
537012.5.peg.825.site.7, 0, 124, 124
537012.5.peg.825.site.8, 0, 120, 120
537012.5.peg.825.site.9, 2, 97, 99
537012.5.peg.825.site.10, 1, 107, 108
537012.5.peg.825.site.11, 11, 103, 114
537012.5.peg.825.site.12, 0, 110, 110
537012.5.peg.825.site.13, 2, 115, 117
537012.5.peg.825.site.14, 3, 117, 120
537012.5.peg.825.site.15, 0, 129, 129
537012.5.peg.825.site.16, 7, 131, 138
537012.5.peg.825.site.17, 7, 131, 138
537012.5.peg.825.site.18, 1, 131, 132
537012.5.peg.825.site.19, 1, 131, 132
537012.5.peg.825.site.20, 1, 131, 132
537012.5.peg.825.site.21, 2, 130, 132
537012.5.peg.825.site.22, 27, 127, 154
537012.5.peg.825.site.23, 1, 129, 130
537012.5.peg.825.site.24, 70, 125, 195
537012.5.peg.825.site.25, 1, 126, 127
537012.5.peg.825.site.26, 1, 125, 126
537012.5.peg.825.site.27, 2, 125, 127
537012.5.peg.825.site.28, 2, 125, 127
537012.5.peg.825.site.29, 2, 125, 127
537012.5.peg.825.site.30, 1, 126, 127
537012.5.peg.825.site.31, 22, 125, 147
537012.5.peg.825.site.32, 0, 123, 123
537012.5.peg.825.site.33, 0, 124, 124
537012.5.peg.825.site.34, 5, 128, 133
537012.5.peg.825.site.35, 2, 128, 130
537012.5.peg.825.site.36, 9, 129, 138
537012.5.peg.825.site.37, 6, 129, 135
537012.5.peg.825.site.38, 10, 129, 139
537012.5.peg.825.site.39, 6, 129, 135
537012.5.peg.825.site.40, 0, 130, 130
537012.5.peg.825.site.41, 7, 130, 137
537012.5.peg.825.site.42, 3, 130, 133
537012.5.peg.825.site.43, 7, 129, 136
537012.5.peg.825.site.44, 8, 128, 136
537012.5.peg.825.site.45, 25, 127, 152
537012.5.peg.825.site.46, 5, 125, 130
537012.5.peg.825.site.47, 0, 119, 119
537012.5.peg.824.site.1, 1, 130, 131
537012.5.peg.824.site.2, 6, 129, 135
537012.5.peg.824.site.3, 5, 128, 133
537012.5.peg.824.site.4, 3, 129, 132
537012.5.peg.824.site.5, 38, 129, 167
537012.5.peg.824.site.6, 1, 128, 129
537012.5.peg.824.site.7, 1, 129, 130
537012.5.peg.824.site.8, 0, 128, 128
537012.5.peg.824.site.9, 1, 129, 130
537012.5.peg.824.site.10, 6, 128, 134
537012.5.peg.824.site.11, 6, 128, 134
537012.5.peg.824.site.12, 6, 129, 135
537012.5.peg.824.site.13, 26, 129, 155
537012.5.peg.824.site.14, 5, 128, 133
537012.5.peg.824.site.15, 6, 129, 135
537012.5.peg.824.site.16, 1, 129, 130
537012.5.peg.827.site.1, 1, 130, 131
537012.5.peg.827.site.2, 7, 129, 136
537012.5.peg.827.site.3, 12, 128, 140
537012.5.peg.827.site.4, 1, 128, 129
537012.5.peg.827.site.5, 2, 128, 130
537012.5.peg.827.site.6, 0, 128, 128
537012.5.peg.827.site.7, 2, 129, 131
537012.5.peg.827.site.8, 1, 130, 131
537012.5.peg.827.site.9, 2, 130, 132
537012.5.peg.827.site.10, 2, 131, 133
537012.5.peg.827.site.11, 2, 131, 133
537012.5.peg.827.site.12, 3, 132, 135
537012.5.peg.827.site.13, 1, 129, 130
537012.5.peg.827.site.14, 0, 130, 130
537012.5.peg.827.site.15, 6, 129, 135
537012.5.peg.827.site.16, 1, 129, 130
537012.5.peg.827.site.17, 3, 129, 132
537012.5.peg.827.site.18, 24, 129, 153
537012.5.peg.827.site.19, 1, 129, 130
537012.5.peg.827.site.20, 3, 129, 132
537012.5.peg.827.site.21, 128, 130, 258
537012.5.peg.827.site.22, 1, 130, 131
537012.5.peg.827.site.23, 3, 129, 132
537012.5.peg.827.site.24, 15, 120, 135
537012.5.peg.827.site.25, 1, 119, 120
537012.5.peg.827.site.26, 1, 111, 112
537012.5.peg.827.site.27, 18, 102, 120
537012.5.peg.827.site.28, 1, 112, 113
537012.5.peg.827.site.29, 78, 89, 167
537012.5.peg.827.site.30, 7, 83, 90
537012.5.peg.827.site.31, 1, 82, 83
537012.5.peg.827.site.32, 4, 77, 81
537012.5.peg.827.site.33, 1, 78, 79
537012.5.peg.827.site.34, 4, 79, 83
537012.5.peg.827.site.35, 4, 81, 85
537012.5.peg.827.site.36, 41, 80, 121
537012.5.peg.827.site.37, 0, 112, 112
537012.5.peg.827.site.38, 0, 119, 119
537012.5.peg.827.site.39, 1, 130, 131
537012.5.peg.827.site.40, 0, 130, 130
537012.5.peg.827.site.41, 1, 131, 132
537012.5.peg.827.site.42, 3, 129, 132
537012.5.peg.826.site.1, 6, 117, 123
537012.5.peg.826.site.2, 1, 115, 116
537012.5.peg.826.site.3, 1, 114, 115
537012.5.peg.826.site.4, 0, 108, 108
537012.5.peg.826.site.5, 7, 128, 135
537012.5.peg.826.site.6, 1, 128, 129
537012.5.peg.826.site.7, 1, 129, 130
537012.5.peg.826.site.8, 19, 128, 147
537012.5.peg.826.site.9, 9, 128, 137
537012.5.peg.826.site.10, 54, 129, 183
537012.5.peg.826.site.11, 10, 128, 138
537012.5.peg.826.site.12, 27, 130, 157
537012.5.peg.826.site.13, 9, 128, 137
537012.5.peg.826.site.14, 6, 124, 130
537012.5.peg.826.site.15, 4, 124, 128
537012.5.peg.826.site.16, 13, 123, 136
537012.5.peg.826.site.17, 16, 126, 142
537012.5.peg.826.site.18, 6, 129, 135
537012.5.peg.826.site.19, 6, 130, 136
537012.5.peg.826.site.20, 1, 129, 130
537012.5.peg.826.site.21, 1, 124, 125
537012.5.peg.826.site.22, 1, 122, 123
537012.5.peg.826.site.23, 6, 119, 125
537012.5.peg.826.site.24, 14, 120, 134
537012.5.peg.826.site.25, 2, 126, 128
537012.5.peg.826.site.26, 0, 123, 123
537012.5.peg.821.site.1, 45, 100, 145
537012.5.peg.821.site.2, 3, 103, 106
537012.5.peg.821.site.3, 3, 106, 109
537012.5.peg.821.site.4, 2, 84, 86
537012.5.peg.821.site.5, 1, 81, 82
537012.5.peg.821.site.6, 77, 80, 157
537012.5.peg.821.site.7, 3, 79, 82
537012.5.peg.821.site.8, 5, 84, 89
537012.5.peg.821.site.9, 1, 83, 84
537012.5.peg.821.site.10, 7, 86, 93
537012.5.peg.821.site.11, 1, 90, 91
537012.5.peg.821.site.12, 3, 89, 92
537012.5.peg.821.site.13, 1, 88, 89
537012.5.peg.821.site.14, 100, 107, 207
537012.5.peg.821.site.15, 1, 128, 129
537012.5.peg.821.site.16, 3, 127, 130
537012.5.peg.821.site.17, 6, 127, 133
537012.5.peg.821.site.18, 9, 126, 135
537012.5.peg.821.site.19, 12, 125, 137
537012.5.peg.821.site.20, 1, 125, 126
537012.5.peg.821.site.21, 1, 128, 129
537012.5.peg.821.site.22, 23, 128, 151
537012.5.peg.821.site.23, 6, 127, 133
537012.5.peg.821.site.24, 27, 128, 155
537012.5.peg.821.site.25, 8, 126, 134
537012.5.peg.821.site.26, 8, 128, 136
537012.5.peg.821.site.27, 5, 129, 134
537012.5.peg.821.site.28, 5, 124, 129
537012.5.peg.821.site.29, 1, 128, 129
537012.5.peg.821.site.30, 9, 130, 139
537012.5.peg.821.site.31, 3, 128, 131
537012.5.peg.821.site.32, 1, 130, 131
537012.5.peg.821.site.33, 2, 130, 132
537012.5.peg.821.site.34, 1, 119, 120
537012.5.peg.821.site.35, 3, 117, 120
537012.5.peg.821.site.36, 1, 114, 115
537012.5.peg.821.site.37, 2, 81, 83
537012.5.peg.821.site.38, 6, 103, 109
537012.5.peg.821.site.39, 1, 122, 123
537012.5.peg.821.site.40, 1, 122, 123
537012.5.peg.821.site.41, 2, 124, 126
537012.5.peg.821.site.42, 1, 126, 127
537012.5.peg.821.site.43, 3, 126, 129
537012.5.peg.821.site.44, 0, 123, 123
537012.5.peg.821.site.45, 24, 125, 149
537012.5.peg.821.site.46, 7, 125, 132
537012.5.peg.821.site.47, 3, 127, 130
537012.5.peg.821.site.48, 27, 124, 151
537012.5.peg.821.site.49, 1, 121, 122
537012.5.peg.821.site.50, 4, 129, 133
537012.5.peg.821.site.51, 3, 130, 133
537012.5.peg.821.site.52, 2, 128, 130
537012.5.peg.821.site.53, 3, 130, 133
537012.5.peg.821.site.54, 3, 133, 136
537012.5.peg.821.site.55, 3, 131, 134
537012.5.peg.821.site.56, 3, 131, 134
537012.5.peg.821.site.57, 0, 132, 132
537012.5.peg.821.site.58, 0, 129, 129
537012.5.peg.821.site.59, 13, 130, 143
537012.5.peg.821.site.60, 1, 131, 132
537012.5.peg.821.site.61, 2, 129, 131
537012.5.peg.821.site.62, 2, 129, 131
537012.5.peg.821.site.63, 2, 128, 130
537012.5.peg.821.site.64, 0, 128, 128
537012.5.peg.821.site.65, 0, 128, 128
537012.5.peg.821.site.66, 6, 128, 134
537012.5.peg.821.site.67, 0, 129, 129
537012.5.peg.821.site.68, 0, 129, 129
537012.5.peg.821.site.69, 0, 129, 129
537012.5.peg.821.site.70, 1, 129, 130
537012.5.peg.821.site.71, 0, 130, 130
537012.5.peg.821.site.72, 11, 130, 141
537012.5.peg.821.site.73, 1, 130, 131
537012.5.peg.821.site.74, 0, 129, 129
537012.5.peg.821.site.75, 4, 129, 133
537012.5.peg.821.site.76, 1, 129, 130
537012.5.peg.821.site.77, 2, 129, 131
537012.5.peg.821.site.78, 6, 128, 134
537012.5.peg.821.site.79, 1, 126, 127
537012.5.peg.821.site.80, 1, 128, 129
537012.5.peg.821.site.81, 3, 121, 124
537012.5.peg.821.site.82, 7, 123, 130
537012.5.peg.821.site.83, 0, 121, 121
537012.5.peg.821.site.84, 19, 118, 137
537012.5.peg.821.site.85, 2, 119, 121
537012.5.peg.821.site.86, 6, 116, 122
537012.5.peg.821.site.87, 1, 119, 120
537012.5.peg.821.site.88, 2, 114, 116
537012.5.peg.821.site.89, 15, 114, 129
537012.5.peg.821.site.90, 12, 114, 126
537012.5.peg.821.site.91, 5, 84, 89
537012.5.peg.821.site.92, 7, 78, 85
537012.5.peg.820.site.1, 1, 121, 122
537012.5.peg.820.site.2, 3, 123, 126
537012.5.peg.820.site.3, 3, 126, 129
537012.5.peg.820.site.4, 1, 125, 126
537012.5.peg.820.site.5, 3, 125, 128
537012.5.peg.820.site.6, 16, 127, 143
537012.5.peg.820.site.7, 50, 122, 172
537012.5.peg.820.site.8, 1, 129, 130
537012.5.peg.820.site.9, 1, 130, 131
537012.5.peg.820.site.10, 1, 129, 130
537012.5.peg.820.site.11, 7, 129, 136
537012.5.peg.820.site.12, 24, 127, 151
537012.5.peg.820.site.13, 1, 130, 131
537012.5.peg.820.site.14, 5, 128, 133
537012.5.peg.820.site.15, 0, 129, 129
537012.5.peg.820.site.16, 4, 129, 133
537012.5.peg.820.site.17, 17, 126, 143
537012.5.peg.820.site.18, 0, 130, 130
537012.5.peg.820.site.19, 109, 130, 239
537012.5.peg.820.site.20, 6, 129, 135
537012.5.peg.820.site.21, 1, 126, 127
537012.5.peg.820.site.22, 7, 128, 135
537012.5.peg.820.site.23, 1, 128, 129
537012.5.peg.820.site.24, 4, 130, 134
537012.5.peg.820.site.25, 1, 129, 130
537012.5.peg.820.site.26, 0, 130, 130
537012.5.peg.820.site.27, 0, 130, 130
537012.5.peg.820.site.28, 1, 130, 131
537012.5.peg.820.site.29, 23, 129, 152
537012.5.peg.820.site.30, 6, 130, 136
537012.5.peg.820.site.31, 9, 130, 139
537012.5.peg.820.site.32, 1, 130, 131
537012.5.peg.820.site.33, 19, 130, 149
537012.5.peg.820.site.34, 3, 130, 133
537012.5.peg.820.site.35, 0, 129, 129
537012.5.peg.820.site.36, 7, 129, 136
537012.5.peg.820.site.37, 1, 130, 131
537012.5.peg.820.site.38, 0, 128, 128
537012.5.peg.820.site.39, 1, 130, 131
537012.5.peg.820.site.40, 0, 130, 130
537012.5.peg.820.site.41, 0, 130, 130
537012.5.peg.820.site.42, 54, 126, 180
537012.5.peg.820.site.43, 1, 130, 131
537012.5.peg.820.site.44, 23, 129, 152
537012.5.peg.820.site.45, 6, 128, 134
537012.5.peg.820.site.46, 11, 127, 138
537012.5.peg.820.site.47, 6, 128, 134
537012.5.peg.820.site.48, 0, 129, 129
537012.5.peg.820.site.49, 0, 128, 128
537012.5.peg.820.site.50, 1, 128, 129
537012.5.peg.820.site.51, 28, 125, 153
537012.5.peg.820.site.52, 0, 129, 129
537012.5.peg.820.site.53, 0, 128, 128
537012.5.peg.820.site.54, 2, 130, 132
537012.5.peg.820.site.55, 0, 129, 129
537012.5.peg.820.site.56, 42, 126, 168
537012.5.peg.820.site.57, 0, 131, 131
537012.5.peg.820.site.58, 2, 131, 133
537012.5.peg.820.site.59, 0, 130, 130
537012.5.peg.820.site.60, 1, 129, 130
537012.5.peg.820.site.61, 71, 129, 200
537012.5.peg.820.site.62, 10, 132, 142
537012.5.peg.820.site.63, 36, 131, 167
537012.5.peg.820.site.64, 0, 131, 131
537012.5.peg.820.site.65, 1, 126, 127
537012.5.peg.820.site.66, 0, 127, 127
537012.5.peg.820.site.67, 7, 127, 134
537012.5.peg.820.site.68, 18, 123, 141
537012.5.peg.820.site.69, 11, 119, 130
537012.5.peg.820.site.70, 5, 121, 126
537012.5.peg.820.site.71, 1, 122, 123
537012.5.peg.823.site.1, 3, 104, 107
537012.5.peg.823.site.2, 2, 114, 116
537012.5.peg.823.site.3, 0, 120, 120
537012.5.peg.823.site.4, 7, 119, 126
537012.5.peg.823.site.5, 41, 116, 157
537012.5.peg.823.site.6, 2, 111, 113
537012.5.peg.823.site.7, 2, 106, 108
537012.5.peg.823.site.8, 0, 111, 111
537012.5.peg.823.site.9, 0, 110, 110
537012.5.peg.823.site.10, 1, 106, 107
537012.5.peg.823.site.11, 49, 104, 153
537012.5.peg.823.site.12, 2, 106, 108
537012.5.peg.823.site.13, 1, 124, 125
537012.5.peg.823.site.14, 1, 121, 122
537012.5.peg.823.site.15, 3, 125, 128
537012.5.peg.823.site.16, 0, 123, 123
537012.5.peg.823.site.17, 1, 119, 120
537012.5.peg.823.site.18, 1, 113, 114
537012.5.peg.823.site.19, 1, 110, 111
537012.5.peg.823.site.20, 1, 119, 120
537012.5.peg.823.site.21, 1, 125, 126
537012.5.peg.823.site.22, 5, 131, 136
537012.5.peg.823.site.23, 2, 128, 130
537012.5.peg.823.site.24, 2, 128, 130
537012.5.peg.823.site.25, 2, 128, 130
537012.5.peg.823.site.26, 3, 124, 127
537012.5.peg.823.site.27, 5, 124, 129
537012.5.peg.823.site.28, 9, 121, 130
537012.5.peg.823.site.29, 4, 122, 126
537012.5.peg.823.site.30, 0, 124, 124
537012.5.peg.823.site.31, 0, 124, 124
537012.5.peg.823.site.32, 42, 124, 166
537012.5.peg.823.site.33, 1, 125, 126
537012.5.peg.823.site.34, 6, 124, 130
537012.5.peg.823.site.35, 1, 116, 117
537012.5.peg.823.site.36, 1, 115, 116
537012.5.peg.823.site.37, 53, 110, 163
537012.5.peg.823.site.38, 1, 84, 85
537012.5.peg.823.site.39, 53, 81, 134
537012.5.peg.823.site.40, 56, 80, 136
537012.5.peg.823.site.41, 0, 81, 81
537012.5.peg.823.site.42, 2, 88, 90
537012.5.peg.823.site.43, 16, 119, 135
537012.5.peg.823.site.44, 54, 118, 172
537012.5.peg.823.site.45, 5, 127, 132
537012.5.peg.823.site.46, 1, 130, 131
537012.5.peg.823.site.47, 4, 130, 134
537012.5.peg.823.site.48, 7, 125, 132
537012.5.peg.823.site.49, 17, 129, 146
537012.5.peg.823.site.50, 6, 128, 134
537012.5.peg.823.site.51, 1, 128, 129
537012.5.peg.823.site.52, 1, 131, 132
537012.5.peg.823.site.53, 1, 129, 130
537012.5.peg.823.site.54, 0, 127, 127
537012.5.peg.823.site.55, 0, 126, 126
537012.5.peg.823.site.56, 0, 126, 126
537012.5.peg.823.site.57, 1, 129, 130
537012.5.peg.823.site.58, 5, 122, 127
537012.5.peg.823.site.59, 5, 117, 122
537012.5.peg.1255.site.1, 0, 123, 123
537012.5.peg.1255.site.2, 1, 124, 125
537012.5.peg.1255.site.3, 1, 122, 123
537012.5.peg.1255.site.4, 11, 126, 137
537012.5.peg.1255.site.5, 1, 125, 126
537012.5.peg.1255.site.6, 2, 124, 126
537012.5.peg.1255.site.7, 1, 124, 125
537012.5.peg.1255.site.8, 1, 124, 125
537012.5.peg.1255.site.9, 2, 112, 114
537012.5.peg.1255.site.10, 1, 91, 92
537012.5.peg.1255.site.11, 0, 94, 94
537012.5.peg.1255.site.12, 2, 94, 96
537012.5.peg.1255.site.13, 2, 95, 97
537012.5.peg.1255.site.14, 5, 90, 95
537012.5.peg.1255.site.15, 8, 90, 98
537012.5.peg.1252.site.1, 4, 127, 131
537012.5.peg.1252.site.2, 3, 128, 131
537012.5.peg.1252.site.3, 0, 129, 129
537012.5.peg.1252.site.4, 20, 124, 144
537012.5.peg.1252.site.5, 12, 129, 141
537012.5.peg.1252.site.6, 3, 129, 132
537012.5.peg.1252.site.7, 9, 128, 137
537012.5.peg.1252.site.8, 5, 128, 133
537012.5.peg.1252.site.9, 3, 131, 134
537012.5.peg.1252.site.10, 4, 131, 135
537012.5.peg.1252.site.11, 23, 130, 153
537012.5.peg.1252.site.12, 65, 130, 195
537012.5.peg.1252.site.13, 10, 128, 138
537012.5.peg.1252.site.14, 21, 129, 150
537012.5.peg.1252.site.15, 7, 130, 137
537012.5.peg.1252.site.16, 9, 132, 141
537012.5.peg.1252.site.17, 3, 130, 133
537012.5.peg.1252.site.18, 3, 131, 134
537012.5.peg.1252.site.19, 0, 131, 131
537012.5.peg.1252.site.20, 3, 131, 134
537012.5.peg.1252.site.21, 4, 130, 134
537012.5.peg.1252.site.22, 3, 126, 129
537012.5.peg.1252.site.23, 0, 126, 126
537012.5.peg.1252.site.24, 3, 125, 128
537012.5.peg.1252.site.25, 5, 125, 130
537012.5.peg.1252.site.26, 9, 124, 133
537012.5.peg.1252.site.27, 51, 125, 176
537012.5.peg.1252.site.28, 8, 125, 133
537012.5.peg.1252.site.29, 3, 125, 128
537012.5.peg.1252.site.30, 4, 126, 130
537012.5.peg.1252.site.31, 5, 125, 130
537012.5.peg.1252.site.32, 3, 125, 128
537012.5.peg.1252.site.33, 3, 125, 128
537012.5.peg.1252.site.34, 1, 125, 126
537012.5.peg.1252.site.35, 9, 120, 129
537012.5.peg.1252.site.36, 47, 121, 168
537012.5.peg.1252.site.37, 4, 124, 128
537012.5.peg.1252.site.38, 1, 123, 124
537012.5.peg.1252.site.39, 0, 126, 126
537012.5.peg.1252.site.40, 3, 129, 132
537012.5.peg.1252.site.41, 2, 131, 133
537012.5.peg.1252.site.42, 4, 130, 134
537012.5.peg.1252.site.43, 4, 130, 134
537012.5.peg.1252.site.44, 4, 130, 134
537012.5.peg.1252.site.45, 9, 131, 140
537012.5.peg.1252.site.46, 7, 129, 136
537012.5.peg.1252.site.47, 50, 128, 178
537012.5.peg.1252.site.48, 42, 130, 172
537012.5.peg.1252.site.49, 3, 130, 133
537012.5.peg.1252.site.50, 4, 129, 133
537012.5.peg.1252.site.51, 5, 127, 132
537012.5.peg.1252.site.52, 4, 127, 131
537012.5.peg.1252.site.53, 18, 129, 147
537012.5.peg.1252.site.54, 49, 131, 180
537012.5.peg.1252.site.55, 0, 130, 130
537012.5.peg.1252.site.56, 3, 131, 134
537012.5.peg.1252.site.57, 1, 131, 132
537012.5.peg.1252.site.58, 1, 131, 132
537012.5.peg.1252.site.59, 1, 129, 130
537012.5.peg.1252.site.60, 4, 126, 130
537012.5.peg.1252.site.61, 4, 127, 131
537012.5.peg.1252.site.62, 1, 128, 129
537012.5.peg.1252.site.63, 13, 126, 139
537012.5.peg.1252.site.64, 1, 126, 127
537012.5.peg.1252.site.65, 68, 123, 191
537012.5.peg.1252.site.66, 0, 124, 124
537012.5.peg.1252.site.67, 4, 124, 128
537012.5.peg.1252.site.68, 4, 124, 128
537012.5.peg.1252.site.69, 3, 124, 127
537012.5.peg.1252.site.70, 1, 123, 124
537012.5.peg.1252.site.71, 1, 116, 117
537012.5.peg.1252.site.72, 1, 123, 124
537012.5.peg.1252.site.73, 3, 123, 126
537012.5.peg.1252.site.74, 3, 125, 128
537012.5.peg.1252.site.75, 1, 126, 127
537012.5.peg.1252.site.76, 13, 125, 138
537012.5.peg.1252.site.77, 98, 125, 223
537012.5.peg.1252.site.78, 2, 121, 123
537012.5.peg.1252.site.79, 93, 121, 214
537012.5.peg.1252.site.80, 3, 120, 123
537012.5.peg.1252.site.81, 2, 121, 123
537012.5.peg.1252.site.82, 6, 126, 132
537012.5.peg.1252.site.83, 2, 121, 123
537012.5.peg.1252.site.84, 10, 120, 130
537012.5.peg.1252.site.85, 2, 122, 124
537012.5.peg.1252.site.86, 10, 121, 131
537012.5.peg.1252.site.87, 11, 121, 132
537012.5.peg.1252.site.88, 1, 123, 124
537012.5.peg.1252.site.89, 1, 124, 125
537012.5.peg.1252.site.90, 1, 124, 125
537012.5.peg.1252.site.91, 3, 123, 126
537012.5.peg.1252.site.92, 1, 123, 124
537012.5.peg.1252.site.93, 3, 124, 127
537012.5.peg.1252.site.94, 34, 126, 160
537012.5.peg.1252.site.95, 5, 127, 132
537012.5.peg.1252.site.96, 55, 125, 180
537012.5.peg.1252.site.97, 3, 128, 131
537012.5.peg.1252.site.98, 6, 128, 134
537012.5.peg.1252.site.99, 5, 127, 132
537012.5.peg.1252.site.100, 1, 127, 128
537012.5.peg.1418.site.1, 64, 131, 195
537012.5.peg.1418.site.2, 4, 133, 137
537012.5.peg.1418.site.3, 16, 133, 149
537012.5.peg.1418.site.4, 4, 133, 137
537012.5.peg.1418.site.5, 1, 134, 135
537012.5.peg.1418.site.6, 2, 134, 136
537012.5.peg.1418.site.7, 22, 134, 156
537012.5.peg.1418.site.8, 1, 134, 135
537012.5.peg.1418.site.9, 1, 134, 135
537012.5.peg.1418.site.10, 1, 133, 134
537012.5.peg.1418.site.11, 4, 134, 138
537012.5.peg.1418.site.12, 1, 134, 135
537012.5.peg.1418.site.13, 3, 134, 137
537012.5.peg.1418.site.14, 15, 133, 148
537012.5.peg.1418.site.15, 1, 134, 135
537012.5.peg.1418.site.16, 4, 134, 138
537012.5.peg.1418.site.17, 1, 134, 135
537012.5.peg.1418.site.18, 11, 134, 145
537012.5.peg.1418.site.19, 10, 132, 142
537012.5.peg.1418.site.20, 9, 134, 143
537012.5.peg.1418.site.21, 5, 134, 139
537012.5.peg.1418.site.22, 10, 133, 143
537012.5.peg.1418.site.23, 7, 134, 141
537012.5.peg.1418.site.24, 6, 134, 140
537012.5.peg.1418.site.25, 1, 134, 135
537012.5.peg.1418.site.26, 4, 134, 138
537012.5.peg.1418.site.27, 4, 133, 137
537012.5.peg.1418.site.28, 8, 132, 140
537012.5.peg.1418.site.29, 9, 134, 143
537012.5.peg.1418.site.30, 7, 134, 141
537012.5.peg.1418.site.31, 1, 133, 134
537012.5.peg.1418.site.32, 11, 134, 145
537012.5.peg.1418.site.33, 14, 133, 147
537012.5.peg.1418.site.34, 0, 134, 134
537012.5.peg.1418.site.35, 13, 132, 145
537012.5.peg.1418.site.36, 1, 134, 135
537012.5.peg.1418.site.37, 1, 133, 134
537012.5.peg.1418.site.38, 6, 134, 140
537012.5.peg.1418.site.39, 5, 133, 138
537012.5.peg.1418.site.40, 5, 133, 138
537012.5.peg.1418.site.41, 1, 134, 135
537012.5.peg.1419.site.1, 0, 132, 132
537012.5.peg.1419.site.2, 0, 133, 133
537012.5.peg.1419.site.3, 15, 132, 147
537012.5.peg.1419.site.4, 11, 132, 143
537012.5.peg.1419.site.5, 0, 133, 133
537012.5.peg.1419.site.6, 0, 133, 133
537012.5.peg.1419.site.7, 0, 133, 133
537012.5.peg.1419.site.8, 4, 134, 138
537012.5.peg.1419.site.9, 0, 133, 133
537012.5.peg.1419.site.10, 10, 132, 142
537012.5.peg.1419.site.11, 0, 133, 133
537012.5.peg.1419.site.12, 5, 134, 139
537012.5.peg.1419.site.13, 6, 134, 140
537012.5.peg.1419.site.14, 2, 133, 135
537012.5.peg.1419.site.15, 1, 131, 132
537012.5.peg.1419.site.16, 3, 130, 133
537012.5.peg.1419.site.17, 8, 132, 140
537012.5.peg.1419.site.18, 0, 134, 134
537012.5.peg.1419.site.19, 11, 134, 145
537012.5.peg.1419.site.20, 6, 132, 138
537012.5.peg.1419.site.21, 0, 134, 134
537012.5.peg.1419.site.22, 1, 134, 135
537012.5.peg.1419.site.23, 1, 134, 135
537012.5.peg.1419.site.24, 11, 133, 144
537012.5.peg.1419.site.25, 3, 134, 137
537012.5.peg.1417.site.1, 2, 92, 94
537012.5.peg.1417.site.2, 1, 88, 89
537012.5.peg.1417.site.3, 1, 75, 76
537012.5.peg.1417.site.4, 0, 95, 95
537012.5.peg.1417.site.5, 6, 98, 104
537012.5.peg.1417.site.6, 0, 87, 87
537012.5.peg.1417.site.7, 0, 36, 36
537012.5.peg.1417.site.8, 0, 128, 128
537012.5.peg.1417.site.9, 1, 126, 127
537012.5.peg.1417.site.10, 4, 60, 64
537012.5.peg.1417.site.11, 0, 128, 128
537012.5.peg.1417.site.12, 5, 41, 46
537012.5.peg.1417.site.13, 2, 97, 99
537012.5.peg.1417.site.14, 2, 90, 92
537012.5.peg.1417.site.15, 1, 125, 126
537012.5.peg.1417.site.16, 65, 92, 157
537012.5.peg.1417.site.17, 0, 116, 116
537012.5.peg.1417.site.18, 3, 97, 100
537012.5.peg.1417.site.19, 0, 119, 119
537012.5.peg.1417.site.20, 31, 108, 139
537012.5.peg.1417.site.21, 2, 128, 130
537012.5.peg.1417.site.22, 2, 129, 131
537012.5.peg.1417.site.23, 10, 128, 138
537012.5.peg.1417.site.24, 4, 131, 135
537012.5.peg.1417.site.25, 1, 132, 133
537012.5.peg.1417.site.26, 0, 133, 133
537012.5.peg.1417.site.27, 5, 133, 138
537012.5.peg.1417.site.28, 1, 134, 135
537012.5.peg.1417.site.29, 1, 134, 135
537012.5.peg.1417.site.30, 4, 132, 136
537012.5.peg.1417.site.31, 52, 132, 184
537012.5.peg.1417.site.32, 1, 129, 130
537012.5.peg.1417.site.33, 1, 126, 127
537012.5.peg.1417.site.34, 3, 128, 131
537012.5.peg.1417.site.35, 12, 120, 132
537012.5.peg.1417.site.36, 20, 117, 137
537012.5.peg.1417.site.37, 1, 115, 116
537012.5.peg.1417.site.38, 24, 112, 136
537012.5.peg.911.site.1, 11, 120, 131
537012.5.peg.911.site.2, 11, 120, 131
537012.5.peg.911.site.3, 6, 128, 134
537012.5.peg.911.site.4, 6, 128, 134
537012.5.peg.911.site.5, 11, 126, 137
537012.5.peg.911.site.6, 6, 127, 133
537012.5.peg.911.site.7, 1, 123, 124
537012.5.peg.911.site.8, 7, 124, 131
537012.5.peg.911.site.9, 0, 124, 124
537012.5.peg.911.site.10, 21, 128, 149
537012.5.peg.911.site.11, 0, 127, 127
537012.5.peg.911.site.12, 0, 127, 127
537012.5.peg.911.site.13, 28, 127, 155
537012.5.peg.911.site.14, 27, 125, 152
537012.5.peg.911.site.15, 3, 126, 129
537012.5.peg.910.site.1, 0, 127, 127
537012.5.peg.910.site.2, 1, 128, 129
537012.5.peg.910.site.3, 8, 126, 134
537012.5.peg.910.site.4, 8, 130, 138
537012.5.peg.910.site.5, 1, 129, 130
537012.5.peg.910.site.6, 1, 130, 131
537012.5.peg.910.site.7, 1, 131, 132
537012.5.peg.910.site.8, 9, 131, 140
537012.5.peg.910.site.9, 1, 131, 132
537012.5.peg.910.site.10, 3, 130, 133
537012.5.peg.910.site.11, 0, 130, 130
537012.5.peg.910.site.12, 1, 133, 134
537012.5.peg.910.site.13, 1, 129, 130
537012.5.peg.910.site.14, 0, 124, 124
537012.5.peg.910.site.15, 4, 127, 131
537012.5.peg.910.site.16, 1, 127, 128
537012.5.peg.910.site.17, 1, 126, 127
537012.5.peg.910.site.18, 3, 126, 129
537012.5.peg.910.site.19, 2, 127, 129
537012.5.peg.910.site.20, 7, 126, 133
537012.5.peg.910.site.21, 1, 130, 131
537012.5.peg.913.site.1, 5, 114, 119
537012.5.peg.913.site.2, 21, 101, 122
537012.5.peg.913.site.3, 13, 102, 115
537012.5.peg.913.site.4, 5, 103, 108
537012.5.peg.913.site.5, 5, 103, 108
537012.5.peg.913.site.6, 0, 105, 105
537012.5.peg.913.site.7, 6, 108, 114
537012.5.peg.913.site.8, 3, 107, 110
537012.5.peg.913.site.9, 1, 106, 107
537012.5.peg.913.site.10, 2, 105, 107
537012.5.peg.913.site.11, 2, 106, 108
537012.5.peg.913.site.12, 1, 110, 111
537012.5.peg.913.site.13, 2, 114, 116
537012.5.peg.913.site.14, 1, 115, 116
537012.5.peg.913.site.15, 1, 112, 113
537012.5.peg.913.site.16, 6, 114, 120
537012.5.peg.913.site.17, 1, 110, 111
537012.5.peg.913.site.18, 13, 115, 128
537012.5.peg.913.site.19, 3, 117, 120
537012.5.peg.913.site.20, 7, 115, 122
537012.5.peg.913.site.21, 7, 116, 123
537012.5.peg.913.site.22, 10, 117, 127
537012.5.peg.912.site.1, 54, 126, 180
537012.5.peg.912.site.2, 2, 126, 128
537012.5.peg.912.site.3, 32, 126, 158
537012.5.peg.912.site.4, 2, 130, 132
537012.5.peg.912.site.5, 2, 130, 132
537012.5.peg.912.site.6, 19, 126, 145
537012.5.peg.912.site.7, 0, 128, 128
537012.5.peg.912.site.8, 1, 128, 129
537012.5.peg.912.site.9, 7, 124, 131
537012.5.peg.912.site.10, 10, 127, 137
537012.5.peg.912.site.11, 10, 119, 129
537012.5.peg.912.site.12, 1, 124, 125
537012.5.peg.912.site.13, 2, 128, 130
537012.5.peg.912.site.14, 7, 128, 135
537012.5.peg.912.site.15, 1, 131, 132
537012.5.peg.912.site.16, 1, 130, 131
537012.5.peg.912.site.17, 3, 132, 135
537012.5.peg.912.site.18, 3, 132, 135
537012.5.peg.912.site.19, 3, 131, 134
537012.5.peg.912.site.20, 43, 131, 174
537012.5.peg.912.site.21, 3, 129, 132
537012.5.peg.912.site.22, 3, 128, 131
537012.5.peg.912.site.23, 1, 129, 130
537012.5.peg.912.site.24, 5, 133, 138
537012.5.peg.912.site.25, 4, 132, 136
537012.5.peg.912.site.26, 4, 134, 138
537012.5.peg.912.site.27, 2, 130, 132
537012.5.peg.912.site.28, 5, 132, 137
537012.5.peg.912.site.29, 0, 132, 132
537012.5.peg.912.site.30, 49, 109, 158
537012.5.peg.912.site.31, 73, 107, 180
537012.5.peg.912.site.32, 8, 127, 135
537012.5.peg.912.site.33, 5, 130, 135
537012.5.peg.912.site.34, 1, 130, 131
537012.5.peg.912.site.35, 19, 129, 148
537012.5.peg.912.site.36, 1, 129, 130
537012.5.peg.912.site.37, 0, 128, 128
537012.5.peg.912.site.38, 0, 130, 130
537012.5.peg.912.site.39, 0, 128, 128
537012.5.peg.912.site.40, 12, 128, 140
537012.5.peg.912.site.41, 6, 128, 134
537012.5.peg.912.site.42, 0, 129, 129
537012.5.peg.912.site.43, 0, 126, 126
537012.5.peg.912.site.44, 0, 125, 125
537012.5.peg.912.site.45, 2, 124, 126
537012.5.peg.912.site.46, 0, 118, 118
537012.5.peg.912.site.47, 1, 115, 116
537012.5.peg.912.site.48, 0, 103, 103
537012.5.peg.912.site.49, 11, 99, 110
537012.5.peg.912.site.50, 2, 100, 102
537012.5.peg.912.site.51, 3, 92, 95
537012.5.peg.912.site.52, 0, 94, 94
537012.5.peg.912.site.53, 28, 125, 153
537012.5.peg.912.site.54, 2, 130, 132
537012.5.peg.912.site.55, 2, 129, 131
537012.5.peg.912.site.56, 2, 127, 129
537012.5.peg.912.site.57, 0, 129, 129
537012.5.peg.912.site.58, 11, 128, 139
537012.5.peg.912.site.59, 0, 128, 128
537012.5.peg.912.site.60, 2, 123, 125
537012.5.peg.912.site.61, 1, 120, 121
537012.5.peg.912.site.62, 72, 119, 191
537012.5.peg.912.site.63, 30, 119, 149
537012.5.peg.912.site.64, 1, 125, 126
537012.5.peg.912.site.65, 2, 125, 127
537012.5.peg.912.site.66, 11, 127, 138
537012.5.peg.912.site.67, 6, 128, 134
537012.5.peg.912.site.68, 0, 127, 127
537012.5.peg.912.site.69, 65, 129, 194
537012.5.peg.912.site.70, 0, 130, 130
537012.5.peg.912.site.71, 9, 129, 138
537012.5.peg.912.site.72, 1, 127, 128
537012.5.peg.912.site.73, 1, 123, 124
537012.5.peg.912.site.74, 2, 80, 82
537012.5.peg.912.site.75, 55, 76, 131
537012.5.peg.912.site.76, 1, 77, 78
537012.5.peg.912.site.77, 57, 76, 133
537012.5.peg.912.site.78, 7, 128, 135
537012.5.peg.912.site.79, 1, 127, 128
537012.5.peg.912.site.80, 0, 127, 127
537012.5.peg.912.site.81, 1, 130, 131
537012.5.peg.912.site.82, 1, 130, 131
537012.5.peg.912.site.83, 2, 130, 132
537012.5.peg.912.site.84, 8, 129, 137
537012.5.peg.912.site.85, 0, 130, 130
537012.5.peg.912.site.86, 14, 130, 144
537012.5.peg.912.site.87, 2, 126, 128
537012.5.peg.912.site.88, 4, 119, 123
537012.5.peg.912.site.89, 4, 98, 102
537012.5.peg.912.site.90, 1, 95, 96
537012.5.peg.912.site.91, 3, 95, 98
537012.5.peg.912.site.92, 6, 100, 106
537012.5.peg.912.site.93, 2, 105, 107
537012.5.peg.912.site.94, 15, 104, 119
537012.5.peg.912.site.95, 2, 101, 103
537012.5.peg.912.site.96, 32, 101, 133
537012.5.peg.912.site.97, 3, 94, 97
537012.5.peg.912.site.98, 7, 88, 95
537012.5.peg.912.site.99, 8, 80, 88
537012.5.peg.912.site.100, 2, 79, 81
537012.5.peg.912.site.101, 1, 80, 81
537012.5.peg.912.site.102, 0, 87, 87
537012.5.peg.912.site.103, 0, 92, 92
537012.5.peg.915.site.1, 66, 127, 193
537012.5.peg.915.site.2, 66, 127, 193
537012.5.peg.915.site.3, 66, 127, 193
537012.5.peg.915.site.4, 0, 128, 128
537012.5.peg.915.site.5, 6, 131, 137
537012.5.peg.915.site.6, 8, 130, 138
537012.5.peg.915.site.7, 32, 129, 161
537012.5.peg.915.site.8, 10, 133, 143
537012.5.peg.915.site.9, 9, 131, 140
537012.5.peg.915.site.10, 7, 128, 135
537012.5.peg.915.site.11, 6, 128, 134
537012.5.peg.915.site.12, 2, 129, 131
537012.5.peg.915.site.13, 9, 130, 139
537012.5.peg.915.site.14, 1, 132, 133
537012.5.peg.915.site.15, 4, 134, 138
537012.5.peg.915.site.16, 53, 132, 185
537012.5.peg.915.site.17, 0, 133, 133
537012.5.peg.915.site.18, 1, 134, 135
537012.5.peg.915.site.19, 0, 134, 134
537012.5.peg.915.site.20, 1, 134, 135
537012.5.peg.915.site.21, 0, 134, 134
537012.5.peg.915.site.22, 2, 134, 136
537012.5.peg.915.site.23, 1, 133, 134
537012.5.peg.915.site.24, 2, 133, 135
537012.5.peg.915.site.25, 20, 132, 152
537012.5.peg.915.site.26, 6, 133, 139
537012.5.peg.915.site.27, 10, 131, 141
537012.5.peg.915.site.28, 18, 132, 150
537012.5.peg.915.site.29, 4, 132, 136
537012.5.peg.915.site.30, 4, 130, 134
537012.5.peg.915.site.31, 6, 133, 139
537012.5.peg.915.site.32, 6, 134, 140
537012.5.peg.915.site.33, 1, 134, 135
537012.5.peg.915.site.34, 20, 134, 154
537012.5.peg.915.site.35, 1, 132, 133
537012.5.peg.915.site.36, 7, 134, 141
537012.5.peg.915.site.37, 8, 133, 141
537012.5.peg.915.site.38, 3, 134, 137
537012.5.peg.915.site.39, 13, 128, 141
537012.5.peg.915.site.40, 8, 133, 141
537012.5.peg.915.site.41, 2, 133, 135
537012.5.peg.915.site.42, 10, 134, 144
537012.5.peg.915.site.43, 6, 134, 140
537012.5.peg.915.site.44, 4, 134, 138
537012.5.peg.915.site.45, 112, 134, 246
537012.5.peg.915.site.46, 2, 133, 135
537012.5.peg.915.site.47, 8, 134, 142
537012.5.peg.915.site.48, 10, 134, 144
537012.5.peg.915.site.49, 3, 134, 137
537012.5.peg.915.site.50, 6, 134, 140
537012.5.peg.915.site.51, 1, 134, 135
537012.5.peg.915.site.52, 6, 134, 140
537012.5.peg.915.site.53, 1, 134, 135
537012.5.peg.915.site.54, 6, 133, 139
537012.5.peg.915.site.55, 130, 134, 264
537012.5.peg.915.site.56, 6, 134, 140
537012.5.peg.915.site.57, 2, 134, 136
537012.5.peg.915.site.58, 37, 131, 168
537012.5.peg.915.site.59, 3, 134, 137
537012.5.peg.915.site.60, 1, 134, 135
537012.5.peg.915.site.61, 1, 134, 135
537012.5.peg.915.site.62, 1, 134, 135
537012.5.peg.915.site.63, 3, 134, 137
537012.5.peg.915.site.64, 1, 134, 135
537012.5.peg.915.site.65, 3, 134, 137
537012.5.peg.915.site.66, 0, 133, 133
537012.5.peg.915.site.67, 1, 134, 135
537012.5.peg.915.site.68, 21, 134, 155
537012.5.peg.915.site.69, 1, 134, 135
537012.5.peg.915.site.70, 113, 134, 247
537012.5.peg.915.site.71, 1, 133, 134
537012.5.peg.915.site.72, 1, 134, 135
537012.5.peg.915.site.73, 6, 134, 140
537012.5.peg.915.site.74, 1, 134, 135
537012.5.peg.915.site.75, 84, 131, 215
537012.5.peg.915.site.76, 6, 130, 136
537012.5.peg.915.site.77, 6, 127, 133
537012.5.peg.915.site.78, 12, 125, 137
537012.5.peg.915.site.79, 5, 123, 128
537012.5.peg.915.site.80, 13, 121, 134
537012.5.peg.915.site.81, 60, 122, 182
537012.5.peg.915.site.82, 0, 119, 119
537012.5.peg.915.site.83, 6, 120, 126
537012.5.peg.915.site.84, 0, 119, 119
537012.5.peg.915.site.85, 0, 119, 119
537012.5.peg.915.site.86, 6, 121, 127
537012.5.peg.915.site.87, 2, 121, 123
537012.5.peg.915.site.88, 7, 120, 127
537012.5.peg.915.site.89, 2, 120, 122
537012.5.peg.915.site.90, 2, 120, 122
537012.5.peg.915.site.91, 0, 122, 122
537012.5.peg.915.site.92, 30, 122, 152
537012.5.peg.915.site.93, 26, 124, 150
537012.5.peg.915.site.94, 3, 126, 129
537012.5.peg.915.site.95, 6, 128, 134
537012.5.peg.915.site.96, 1, 134, 135
537012.5.peg.915.site.97, 4, 134, 138
537012.5.peg.915.site.98, 1, 134, 135
537012.5.peg.915.site.99, 1, 133, 134
537012.5.peg.915.site.100, 31, 133, 164
537012.5.peg.915.site.101, 0, 134, 134
537012.5.peg.915.site.102, 1, 134, 135
537012.5.peg.915.site.103, 1, 134, 135
537012.5.peg.915.site.104, 78, 132, 210
537012.5.peg.915.site.105, 3, 134, 137
537012.5.peg.915.site.106, 12, 134, 146
537012.5.peg.915.site.107, 1, 134, 135
537012.5.peg.915.site.108, 4, 134, 138
537012.5.peg.915.site.109, 2, 133, 135
537012.5.peg.915.site.110, 18, 134, 152
537012.5.peg.915.site.111, 3, 134, 137
537012.5.peg.915.site.112, 20, 134, 154
537012.5.peg.915.site.113, 1, 133, 134
537012.5.peg.915.site.114, 12, 132, 144
537012.5.peg.915.site.115, 107, 131, 238
537012.5.peg.915.site.116, 1, 134, 135
537012.5.peg.915.site.117, 2, 134, 136
537012.5.peg.915.site.118, 2, 132, 134
537012.5.peg.915.site.119, 5, 132, 137
537012.5.peg.915.site.120, 4, 133, 137
537012.5.peg.915.site.121, 65, 132, 197
537012.5.peg.915.site.122, 2, 134, 136
537012.5.peg.915.site.123, 18, 134, 152
537012.5.peg.915.site.124, 67, 134, 201
537012.5.peg.915.site.125, 3, 133, 136
537012.5.peg.915.site.126, 3, 131, 134
537012.5.peg.915.site.127, 106, 130, 236
537012.5.peg.915.site.128, 1, 134, 135
537012.5.peg.915.site.129, 92, 129, 221
537012.5.peg.915.site.130, 7, 134, 141
537012.5.peg.915.site.131, 1, 133, 134
537012.5.peg.915.site.132, 22, 134, 156
537012.5.peg.915.site.133, 10, 130, 140
537012.5.peg.915.site.134, 12, 134, 146
537012.5.peg.915.site.135, 2, 134, 136
537012.5.peg.915.site.136, 1, 134, 135
537012.5.peg.915.site.137, 9, 134, 143
537012.5.peg.915.site.138, 42, 134, 176
537012.5.peg.915.site.139, 1, 134, 135
537012.5.peg.915.site.140, 7, 133, 140
537012.5.peg.915.site.141, 3, 134, 137
537012.5.peg.915.site.142, 5, 134, 139
537012.5.peg.915.site.143, 30, 133, 163
537012.5.peg.915.site.144, 1, 134, 135
537012.5.peg.915.site.145, 10, 134, 144
537012.5.peg.915.site.146, 1, 134, 135
537012.5.peg.915.site.147, 10, 132, 142
537012.5.peg.915.site.148, 0, 133, 133
537012.5.peg.915.site.149, 2, 133, 135
537012.5.peg.917.site.1, 1, 127, 128
537012.5.peg.917.site.2, 47, 124, 171
537012.5.peg.917.site.3, 1, 127, 128
537012.5.peg.917.site.4, 2, 124, 126
537012.5.peg.917.site.5, 8, 123, 131
537012.5.peg.917.site.6, 2, 124, 126
537012.5.peg.917.site.7, 9, 127, 136
537012.5.peg.917.site.8, 2, 126, 128
537012.5.peg.917.site.9, 23, 127, 150
537012.5.peg.917.site.10, 0, 126, 126
537012.5.peg.917.site.11, 1, 127, 128
537012.5.peg.917.site.12, 0, 126, 126
537012.5.peg.917.site.13, 17, 125, 142
537012.5.peg.917.site.14, 14, 125, 139
537012.5.peg.917.site.15, 6, 125, 131
537012.5.peg.917.site.16, 39, 125, 164
537012.5.peg.917.site.17, 1, 127, 128
537012.5.peg.917.site.18, 0, 126, 126
537012.5.peg.917.site.19, 9, 127, 136
537012.5.peg.917.site.20, 9, 126, 135
537012.5.peg.917.site.21, 5, 109, 114
537012.5.peg.917.site.22, 3, 115, 118
537012.5.peg.917.site.23, 2, 125, 127
537012.5.peg.917.site.24, 10, 128, 138
537012.5.peg.917.site.25, 0, 128, 128
537012.5.peg.917.site.26, 5, 130, 135
537012.5.peg.917.site.27, 6, 132, 138
537012.5.peg.917.site.28, 9, 129, 138
537012.5.peg.917.site.29, 1, 132, 133
537012.5.peg.917.site.30, 7, 131, 138
537012.5.peg.917.site.31, 7, 132, 139
537012.5.peg.917.site.32, 9, 128, 137
537012.5.peg.917.site.33, 0, 124, 124
537012.5.peg.917.site.34, 1, 124, 125
537012.5.peg.917.site.35, 12, 125, 137
537012.5.peg.917.site.36, 1, 124, 125
537012.5.peg.916.site.1, 1, 128, 129
537012.5.peg.916.site.2, 0, 130, 130
537012.5.peg.916.site.3, 3, 129, 132
537012.5.peg.916.site.4, 1, 134, 135
537012.5.peg.916.site.5, 0, 133, 133
537012.5.peg.916.site.6, 2, 134, 136
537012.5.peg.916.site.7, 0, 134, 134
537012.5.peg.916.site.8, 1, 133, 134
537012.5.peg.916.site.9, 7, 133, 140
537012.5.peg.916.site.10, 2, 134, 136
537012.5.peg.916.site.11, 1, 134, 135
537012.5.peg.916.site.12, 14, 133, 147
537012.5.peg.916.site.13, 1, 134, 135
537012.5.peg.916.site.14, 0, 132, 132
537012.5.peg.916.site.15, 11, 131, 142
537012.5.peg.916.site.16, 0, 134, 134
537012.5.peg.916.site.17, 11, 134, 145
537012.5.peg.916.site.18, 6, 134, 140
537012.5.peg.916.site.19, 0, 134, 134
537012.5.peg.916.site.20, 105, 133, 238
537012.5.peg.916.site.21, 41, 134, 175
537012.5.peg.916.site.22, 6, 134, 140
537012.5.peg.916.site.23, 7, 133, 140
537012.5.peg.916.site.24, 67, 130, 197
537012.5.peg.916.site.25, 40, 133, 173
537012.5.peg.916.site.26, 44, 133, 177
537012.5.peg.916.site.27, 3, 134, 137
537012.5.peg.916.site.28, 1, 134, 135
537012.5.peg.916.site.29, 8, 134, 142
537012.5.peg.916.site.30, 1, 134, 135
537012.5.peg.916.site.31, 1, 134, 135
537012.5.peg.916.site.32, 26, 134, 160
537012.5.peg.916.site.33, 61, 132, 193
537012.5.peg.916.site.34, 2, 133, 135
537012.5.peg.916.site.35, 0, 133, 133
537012.5.peg.916.site.36, 1, 134, 135
537012.5.peg.916.site.37, 17, 133, 150
537012.5.peg.916.site.38, 107, 132, 239
537012.5.peg.916.site.39, 4, 132, 136
537012.5.peg.916.site.40, 10, 134, 144
537012.5.peg.916.site.41, 119, 134, 253
537012.5.peg.916.site.42, 3, 133, 136
537012.5.peg.916.site.43, 17, 133, 150
537012.5.peg.916.site.44, 14, 130, 144
537012.5.peg.916.site.45, 1, 133, 134
537012.5.peg.916.site.46, 4, 134, 138
537012.5.peg.916.site.47, 1, 134, 135
537012.5.peg.3777.site.1, 56, 130, 186
537012.5.peg.3777.site.2, 2, 128, 130
537012.5.peg.3777.site.3, 25, 129, 154
537012.5.peg.3777.site.4, 5, 123, 128
537012.5.peg.3777.site.5, 2, 132, 134
537012.5.peg.3777.site.6, 4, 130, 134
537012.5.peg.3777.site.7, 10, 130, 140
537012.5.peg.3777.site.8, 3, 129, 132
537012.5.peg.3777.site.9, 1, 133, 134
537012.5.peg.3777.site.10, 3, 134, 137
537012.5.peg.3777.site.11, 2, 131, 133
537012.5.peg.3777.site.12, 6, 132, 138
537012.5.peg.3777.site.13, 25, 132, 157
537012.5.peg.3777.site.14, 1, 132, 133
537012.5.peg.3777.site.15, 3, 133, 136
537012.5.peg.3777.site.16, 2, 134, 136
537012.5.peg.3777.site.17, 2, 134, 136
537012.5.peg.3777.site.18, 7, 134, 141
537012.5.peg.3777.site.19, 2, 132, 134
537012.5.peg.3777.site.20, 1, 133, 134
537012.5.peg.3777.site.21, 8, 130, 138
537012.5.peg.3777.site.22, 1, 134, 135
537012.5.peg.3777.site.23, 10, 133, 143
537012.5.peg.3777.site.24, 2, 133, 135
537012.5.peg.3777.site.25, 7, 134, 141
537012.5.peg.3777.site.26, 7, 133, 140
537012.5.peg.3777.site.27, 2, 134, 136
537012.5.peg.352.site.1, 2, 75, 77
537012.5.peg.352.site.2, 2, 75, 77
537012.5.peg.352.site.3, 75, 77, 152
537012.5.peg.352.site.4, 2, 77, 79
537012.5.peg.352.site.5, 2, 76, 78
537012.5.peg.352.site.6, 2, 75, 77
537012.5.peg.352.site.7, 2, 77, 79
537012.5.peg.352.site.8, 4, 80, 84
537012.5.peg.352.site.9, 1, 80, 81
537012.5.peg.352.site.10, 5, 77, 82
537012.5.peg.352.site.11, 3, 77, 80
537012.5.peg.352.site.12, 1, 78, 79
537012.5.peg.352.site.13, 1, 77, 78
537012.5.peg.352.site.14, 75, 77, 152
537012.5.peg.352.site.15, 28, 74, 102
537012.5.peg.352.site.16, 0, 76, 76
537012.5.peg.352.site.17, 59, 74, 133
537012.5.peg.352.site.18, 1, 74, 75
537012.5.peg.352.site.19, 2, 74, 76
537012.5.peg.352.site.20, 5, 75, 80
537012.5.peg.352.site.21, 48, 74, 122
537012.5.peg.352.site.22, 1, 76, 77
537012.5.peg.352.site.23, 2, 75, 77
537012.5.peg.352.site.24, 6, 76, 82
537012.5.peg.352.site.25, 6, 76, 82
537012.5.peg.352.site.26, 5, 76, 81
537012.5.peg.352.site.27, 1, 77, 78
537012.5.peg.352.site.28, 9, 76, 85
537012.5.peg.352.site.29, 50, 73, 123
537012.5.peg.352.site.30, 2, 77, 79
537012.5.peg.352.site.31, 25, 76, 101
537012.5.peg.352.site.32, 2, 77, 79
537012.5.peg.352.site.33, 3, 77, 80
537012.5.peg.352.site.34, 2, 98, 100
537012.5.peg.352.site.35, 65, 104, 169
537012.5.peg.352.site.36, 2, 109, 111
537012.5.peg.352.site.37, 9, 122, 131
537012.5.peg.352.site.38, 1, 128, 129
537012.5.peg.352.site.39, 8, 127, 135
537012.5.peg.352.site.40, 23, 115, 138
537012.5.peg.352.site.41, 12, 112, 124
537012.5.peg.352.site.42, 10, 100, 110
537012.5.peg.352.site.43, 7, 94, 101
537012.5.peg.352.site.44, 5, 94, 99
537012.5.peg.352.site.45, 1, 90, 91
537012.5.peg.352.site.46, 5, 90, 95
537012.5.peg.352.site.47, 3, 86, 89
537012.5.peg.352.site.48, 5, 82, 87
537012.5.peg.352.site.49, 70, 79, 149
537012.5.peg.352.site.50, 4, 80, 84
537012.5.peg.352.site.51, 16, 80, 96
537012.5.peg.352.site.52, 1, 86, 87
537012.5.peg.352.site.53, 1, 85, 86
537012.5.peg.352.site.54, 62, 87, 149
537012.5.peg.352.site.55, 11, 88, 99
537012.5.peg.352.site.56, 6, 92, 98
537012.5.peg.352.site.57, 1, 97, 98
537012.5.peg.352.site.58, 1, 99, 100
537012.5.peg.352.site.59, 1, 99, 100
537012.5.peg.352.site.60, 11, 52, 63
537012.5.peg.355.site.1, 6, 76, 82
537012.5.peg.355.site.2, 2, 74, 76
537012.5.peg.355.site.3, 73, 76, 149
537012.5.peg.355.site.4, 11, 78, 89
537012.5.peg.355.site.5, 2, 77, 79
537012.5.peg.355.site.6, 1, 77, 78
537012.5.peg.355.site.7, 21, 78, 99
537012.5.peg.355.site.8, 25, 79, 104
537012.5.peg.355.site.9, 0, 79, 79
537012.5.peg.355.site.10, 15, 81, 96
537012.5.peg.355.site.11, 2, 79, 81
537012.5.peg.355.site.12, 0, 78, 78
537012.5.peg.355.site.13, 23, 76, 99
537012.5.peg.355.site.14, 2, 75, 77
537012.5.peg.355.site.15, 3, 78, 81
537012.5.peg.355.site.16, 3, 78, 81
537012.5.peg.355.site.17, 1, 77, 78
537012.5.peg.355.site.18, 11, 75, 86
537012.5.peg.355.site.19, 1, 77, 78
537012.5.peg.355.site.20, 5, 76, 81
537012.5.peg.355.site.21, 9, 75, 84
537012.5.peg.355.site.22, 0, 76, 76
537012.5.peg.355.site.23, 1, 75, 76
537012.5.peg.355.site.24, 1, 79, 80
537012.5.peg.355.site.25, 3, 78, 81
537012.5.peg.355.site.26, 1, 75, 76
537012.5.peg.355.site.27, 2, 77, 79
537012.5.peg.355.site.28, 1, 80, 81
537012.5.peg.355.site.29, 2, 83, 85
537012.5.peg.355.site.30, 6, 88, 94
537012.5.peg.355.site.31, 2, 102, 104
537012.5.peg.355.site.32, 17, 102, 119
537012.5.peg.355.site.33, 6, 99, 105
537012.5.peg.355.site.34, 1, 95, 96
537012.5.peg.355.site.35, 19, 103, 122
537012.5.peg.355.site.36, 2, 104, 106
537012.5.peg.355.site.37, 1, 104, 105
537012.5.peg.355.site.38, 4, 102, 106
537012.5.peg.355.site.39, 0, 103, 103
537012.5.peg.355.site.40, 5, 97, 102
537012.5.peg.355.site.41, 0, 96, 96
537012.5.peg.355.site.42, 49, 87, 136
537012.5.peg.355.site.43, 12, 84, 96
537012.5.peg.355.site.44, 1, 86, 87
537012.5.peg.355.site.45, 1, 88, 89
537012.5.peg.355.site.46, 2, 88, 90
537012.5.peg.355.site.47, 1, 93, 94
537012.5.peg.355.site.48, 13, 92, 105
537012.5.peg.355.site.49, 1, 112, 113
537012.5.peg.355.site.50, 9, 112, 121
537012.5.peg.355.site.51, 8, 116, 124
537012.5.peg.355.site.52, 3, 119, 122
537012.5.peg.355.site.53, 1, 119, 120
537012.5.peg.595.site.1, 1, 133, 134
537012.5.peg.595.site.2, 6, 134, 140
537012.5.peg.595.site.3, 1, 134, 135
537012.5.peg.595.site.4, 2, 134, 136
537012.5.peg.595.site.5, 19, 132, 151
537012.5.peg.595.site.6, 1, 134, 135
537012.5.peg.595.site.7, 7, 134, 141
537012.5.peg.595.site.8, 23, 134, 157
537012.5.peg.595.site.9, 17, 132, 149
537012.5.peg.595.site.10, 9, 132, 141
537012.5.peg.595.site.11, 8, 131, 139
537012.5.peg.595.site.12, 41, 127, 168
537012.5.peg.595.site.13, 6, 130, 136
537012.5.peg.595.site.14, 1, 131, 132
537012.5.peg.595.site.15, 13, 131, 144
537012.5.peg.595.site.16, 4, 132, 136
537012.5.peg.595.site.17, 131, 134, 265
537012.5.peg.595.site.18, 1, 134, 135
537012.5.peg.595.site.19, 6, 134, 140
537012.5.peg.595.site.20, 15, 132, 147
537012.5.peg.595.site.21, 16, 134, 150
537012.5.peg.595.site.22, 11, 134, 145
537012.5.peg.595.site.23, 25, 133, 158
537012.5.peg.595.site.24, 3, 133, 136
537012.5.peg.595.site.25, 8, 134, 142
537012.5.peg.595.site.26, 1, 134, 135
537012.5.peg.595.site.27, 1, 134, 135
537012.5.peg.595.site.28, 1, 134, 135
537012.5.peg.595.site.29, 3, 134, 137
537012.5.peg.595.site.30, 4, 133, 137
537012.5.peg.595.site.31, 11, 134, 145
537012.5.peg.595.site.32, 16, 133, 149
537012.5.peg.595.site.33, 3, 134, 137
537012.5.peg.595.site.34, 79, 131, 210
537012.5.peg.595.site.35, 114, 133, 247
537012.5.peg.595.site.36, 15, 132, 147
537012.5.peg.595.site.37, 2, 134, 136
537012.5.peg.595.site.38, 13, 134, 147
537012.5.peg.595.site.39, 13, 134, 147
537012.5.peg.595.site.40, 3, 134, 137
537012.5.peg.595.site.41, 2, 132, 134
537012.5.peg.595.site.42, 113, 134, 247
537012.5.peg.595.site.43, 13, 133, 146
537012.5.peg.595.site.44, 16, 133, 149
537012.5.peg.595.site.45, 15, 133, 148
537012.5.peg.595.site.46, 1, 134, 135
537012.5.peg.595.site.47, 3, 134, 137
537012.5.peg.594.site.1, 1, 132, 133
537012.5.peg.594.site.2, 28, 134, 162
537012.5.peg.594.site.3, 5, 134, 139
537012.5.peg.594.site.4, 8, 134, 142
537012.5.peg.594.site.5, 0, 133, 133
537012.5.peg.594.site.6, 8, 134, 142
537012.5.peg.594.site.7, 132, 134, 266
537012.5.peg.594.site.8, 9, 132, 141
537012.5.peg.594.site.9, 9, 132, 141
537012.5.peg.594.site.10, 5, 132, 137
537012.5.peg.594.site.11, 118, 134, 252
537012.5.peg.594.site.12, 46, 133, 179
537012.5.peg.594.site.13, 3, 133, 136
537012.5.peg.594.site.14, 1, 134, 135
537012.5.peg.594.site.15, 1, 134, 135
537012.5.peg.594.site.16, 5, 134, 139
537012.5.peg.594.site.17, 3, 132, 135
537012.5.peg.594.site.18, 28, 132, 160
537012.5.peg.594.site.19, 5, 134, 139
537012.5.peg.594.site.20, 11, 134, 145
537012.5.peg.594.site.21, 1, 134, 135
537012.5.peg.594.site.22, 1, 134, 135
537012.5.peg.594.site.23, 3, 132, 135
537012.5.peg.594.site.24, 1, 134, 135
537012.5.peg.594.site.25, 27, 133, 160
537012.5.peg.594.site.26, 19, 133, 152
537012.5.peg.594.site.27, 35, 133, 168
537012.5.peg.594.site.28, 2, 134, 136
537012.5.peg.594.site.29, 19, 134, 153
537012.5.peg.594.site.30, 27, 134, 161
537012.5.peg.594.site.31, 10, 134, 144
537012.5.peg.594.site.32, 8, 134, 142
537012.5.peg.594.site.33, 7, 134, 141
537012.5.peg.594.site.34, 8, 134, 142
537012.5.peg.594.site.35, 8, 134, 142
537012.5.peg.594.site.36, 11, 133, 144
537012.5.peg.594.site.37, 1, 134, 135
537012.5.peg.594.site.38, 8, 134, 142
537012.5.peg.594.site.39, 16, 133, 149
537012.5.peg.594.site.40, 2, 134, 136
537012.5.peg.594.site.41, 0, 133, 133
537012.5.peg.594.site.42, 8, 134, 142
537012.5.peg.594.site.43, 7, 134, 141
537012.5.peg.594.site.44, 10, 133, 143
537012.5.peg.594.site.45, 1, 134, 135
537012.5.peg.594.site.46, 7, 134, 141
537012.5.peg.594.site.47, 1, 130, 131
537012.5.peg.594.site.48, 7, 133, 140
537012.5.peg.594.site.49, 6, 133, 139
537012.5.peg.594.site.50, 1, 131, 132
537012.5.peg.594.site.51, 104, 133, 237
537012.5.peg.594.site.52, 25, 131, 156
537012.5.peg.594.site.53, 1, 133, 134
537012.5.peg.594.site.54, 6, 133, 139
537012.5.peg.594.site.55, 100, 130, 230
537012.5.peg.594.site.56, 6, 133, 139
537012.5.peg.594.site.57, 1, 134, 135
537012.5.peg.594.site.58, 12, 132, 144
537012.5.peg.594.site.59, 3, 134, 137
537012.5.peg.594.site.60, 12, 133, 145
537012.5.peg.594.site.61, 7, 133, 140
537012.5.peg.594.site.62, 122, 133, 255
537012.5.peg.594.site.63, 1, 133, 134
537012.5.peg.594.site.64, 44, 134, 178
537012.5.peg.594.site.65, 0, 134, 134
537012.5.peg.594.site.66, 108, 132, 240
537012.5.peg.594.site.67, 2, 134, 136
537012.5.peg.594.site.68, 8, 133, 141
537012.5.peg.594.site.69, 7, 133, 140
537012.5.peg.594.site.70, 2, 134, 136
537012.5.peg.594.site.71, 19, 128, 147
537012.5.peg.594.site.72, 1, 130, 131
537012.5.peg.594.site.73, 1, 130, 131
537012.5.peg.594.site.74, 2, 131, 133
537012.5.peg.594.site.75, 59, 131, 190
537012.5.peg.594.site.76, 2, 131, 133
537012.5.peg.594.site.77, 11, 130, 141
537012.5.peg.594.site.78, 3, 129, 132
537012.5.peg.594.site.79, 3, 130, 133
537012.5.peg.594.site.80, 9, 127, 136
537012.5.peg.594.site.81, 8, 130, 138
537012.5.peg.594.site.82, 5, 134, 139
537012.5.peg.594.site.83, 3, 134, 137
537012.5.peg.594.site.84, 77, 133, 210
537012.5.peg.594.site.85, 11, 134, 145
537012.5.peg.594.site.86, 21, 133, 154
537012.5.peg.594.site.87, 15, 132, 147
537012.5.peg.594.site.88, 0, 131, 131
537012.5.peg.594.site.89, 37, 132, 169
537012.5.peg.594.site.90, 30, 133, 163
537012.5.peg.594.site.91, 111, 133, 244
537012.5.peg.594.site.92, 3, 134, 137
537012.5.peg.594.site.93, 4, 132, 136
537012.5.peg.594.site.94, 9, 132, 141
537012.5.peg.594.site.95, 3, 134, 137
537012.5.peg.594.site.96, 39, 134, 173
537012.5.peg.594.site.97, 131, 133, 264
537012.5.peg.594.site.98, 14, 131, 145
537012.5.peg.594.site.99, 2, 132, 134
537012.5.peg.594.site.100, 2, 134, 136
537012.5.peg.594.site.101, 8, 134, 142
537012.5.peg.594.site.102, 0, 134, 134
537012.5.peg.594.site.103, 8, 134, 142
537012.5.peg.594.site.104, 8, 134, 142
537012.5.peg.594.site.105, 5, 134, 139
537012.5.peg.594.site.106, 1, 134, 135
537012.5.peg.594.site.107, 3, 134, 137
537012.5.peg.594.site.108, 0, 131, 131
537012.5.peg.594.site.109, 2, 134, 136
537012.5.peg.594.site.110, 4, 132, 136
537012.5.peg.594.site.111, 7, 134, 141
537012.5.peg.594.site.112, 28, 133, 161
537012.5.peg.594.site.113, 2, 134, 136
537012.5.peg.594.site.114, 1, 134, 135
537012.5.peg.594.site.115, 1, 134, 135
537012.5.peg.594.site.116, 39, 134, 173
537012.5.peg.594.site.117, 1, 134, 135
537012.5.peg.594.site.118, 1, 134, 135
537012.5.peg.594.site.119, 0, 134, 134
537012.5.peg.597.site.1, 1, 133, 134
537012.5.peg.597.site.2, 130, 133, 263
537012.5.peg.597.site.3, 111, 134, 245
537012.5.peg.597.site.4, 1, 134, 135
537012.5.peg.597.site.5, 1, 134, 135
537012.5.peg.597.site.6, 2, 133, 135
537012.5.peg.597.site.7, 1, 134, 135
537012.5.peg.597.site.8, 15, 133, 148
537012.5.peg.597.site.9, 15, 132, 147
537012.5.peg.597.site.10, 3, 134, 137
537012.5.peg.597.site.11, 4, 134, 138
537012.5.peg.597.site.12, 3, 132, 135
537012.5.peg.597.site.13, 21, 134, 155
537012.5.peg.597.site.14, 10, 134, 144
537012.5.peg.597.site.15, 8, 134, 142
537012.5.peg.597.site.16, 5, 132, 137
537012.5.peg.597.site.17, 1, 134, 135
537012.5.peg.597.site.18, 98, 134, 232
537012.5.peg.597.site.19, 9, 131, 140
537012.5.peg.597.site.20, 3, 134, 137
537012.5.peg.597.site.21, 3, 134, 137
537012.5.peg.597.site.22, 1, 134, 135
537012.5.peg.597.site.23, 15, 132, 147
537012.5.peg.597.site.24, 15, 132, 147
537012.5.peg.597.site.25, 3, 134, 137
537012.5.peg.597.site.26, 5, 133, 138
537012.5.peg.597.site.27, 55, 129, 184
537012.5.peg.597.site.28, 1, 133, 134
537012.5.peg.597.site.29, 1, 134, 135
537012.5.peg.597.site.30, 15, 132, 147
537012.5.peg.597.site.31, 3, 134, 137
537012.5.peg.597.site.32, 0, 134, 134
537012.5.peg.597.site.33, 2, 132, 134
537012.5.peg.597.site.34, 9, 133, 142
537012.5.peg.597.site.35, 5, 134, 139
537012.5.peg.597.site.36, 127, 133, 260
537012.5.peg.597.site.37, 54, 132, 186
537012.5.peg.597.site.38, 11, 133, 144
537012.5.peg.597.site.39, 1, 134, 135
537012.5.peg.597.site.40, 1, 134, 135
537012.5.peg.597.site.41, 0, 133, 133
537012.5.peg.597.site.42, 16, 133, 149
537012.5.peg.597.site.43, 11, 134, 145
537012.5.peg.597.site.44, 4, 134, 138
537012.5.peg.597.site.45, 16, 133, 149
537012.5.peg.597.site.46, 3, 134, 137
537012.5.peg.597.site.47, 26, 133, 159
537012.5.peg.597.site.48, 61, 133, 194
537012.5.peg.597.site.49, 7, 134, 141
537012.5.peg.597.site.50, 16, 134, 150
537012.5.peg.597.site.51, 5, 134, 139
537012.5.peg.597.site.52, 6, 134, 140
537012.5.peg.597.site.53, 4, 134, 138
537012.5.peg.596.site.1, 6, 134, 140
537012.5.peg.596.site.2, 106, 134, 240
537012.5.peg.596.site.3, 1, 134, 135
537012.5.peg.596.site.4, 1, 134, 135
537012.5.peg.596.site.5, 74, 132, 206
537012.5.peg.596.site.6, 1, 134, 135
537012.5.peg.596.site.7, 3, 134, 137
537012.5.peg.596.site.8, 3, 134, 137
537012.5.peg.596.site.9, 2, 133, 135
537012.5.peg.596.site.10, 1, 134, 135
537012.5.peg.596.site.11, 16, 133, 149
537012.5.peg.596.site.12, 1, 132, 133
537012.5.peg.596.site.13, 3, 134, 137
537012.5.peg.596.site.14, 6, 133, 139
537012.5.peg.596.site.15, 1, 134, 135
537012.5.peg.596.site.16, 3, 134, 137
537012.5.peg.591.site.1, 2, 134, 136
537012.5.peg.591.site.2, 24, 133, 157
537012.5.peg.591.site.3, 7, 134, 141
537012.5.peg.591.site.4, 7, 133, 140
537012.5.peg.591.site.5, 0, 134, 134
537012.5.peg.591.site.6, 24, 132, 156
537012.5.peg.591.site.7, 4, 132, 136
537012.5.peg.591.site.8, 1, 134, 135
537012.5.peg.591.site.9, 13, 133, 146
537012.5.peg.591.site.10, 1, 134, 135
537012.5.peg.591.site.11, 12, 134, 146
537012.5.peg.591.site.12, 35, 134, 169
537012.5.peg.591.site.13, 22, 131, 153
537012.5.peg.591.site.14, 1, 134, 135
537012.5.peg.591.site.15, 3, 134, 137
537012.5.peg.591.site.16, 3, 133, 136
537012.5.peg.591.site.17, 7, 133, 140
537012.5.peg.591.site.18, 1, 134, 135
537012.5.peg.591.site.19, 1, 134, 135
537012.5.peg.591.site.20, 3, 134, 137
537012.5.peg.591.site.21, 25, 133, 158
537012.5.peg.591.site.22, 1, 134, 135
537012.5.peg.591.site.23, 25, 133, 158
537012.5.peg.591.site.24, 27, 131, 158
537012.5.peg.591.site.25, 87, 133, 220
537012.5.peg.591.site.26, 20, 134, 154
537012.5.peg.591.site.27, 1, 134, 135
537012.5.peg.591.site.28, 7, 134, 141
537012.5.peg.591.site.29, 3, 134, 137
537012.5.peg.591.site.30, 3, 134, 137
537012.5.peg.591.site.31, 95, 133, 228
537012.5.peg.591.site.32, 12, 134, 146
537012.5.peg.591.site.33, 0, 133, 133
537012.5.peg.591.site.34, 4, 134, 138
537012.5.peg.591.site.35, 13, 133, 146
537012.5.peg.591.site.36, 3, 134, 137
537012.5.peg.591.site.37, 5, 132, 137
537012.5.peg.591.site.38, 17, 134, 151
537012.5.peg.591.site.39, 7, 134, 141
537012.5.peg.591.site.40, 84, 134, 218
537012.5.peg.591.site.41, 1, 134, 135
537012.5.peg.591.site.42, 74, 134, 208
537012.5.peg.591.site.43, 5, 132, 137
537012.5.peg.591.site.44, 3, 134, 137
537012.5.peg.591.site.45, 1, 134, 135
537012.5.peg.590.site.1, 4, 132, 136
537012.5.peg.590.site.2, 4, 132, 136
537012.5.peg.590.site.3, 0, 133, 133
537012.5.peg.590.site.4, 3, 132, 135
537012.5.peg.590.site.5, 4, 132, 136
537012.5.peg.590.site.6, 4, 132, 136
537012.5.peg.590.site.7, 1, 134, 135
537012.5.peg.590.site.8, 3, 131, 134
537012.5.peg.590.site.9, 1, 134, 135
537012.5.peg.590.site.10, 1, 134, 135
537012.5.peg.590.site.11, 4, 133, 137
537012.5.peg.590.site.12, 3, 131, 134
537012.5.peg.590.site.13, 1, 129, 130
537012.5.peg.590.site.14, 127, 129, 256
537012.5.peg.590.site.15, 128, 129, 257
537012.5.peg.590.site.16, 7, 133, 140
537012.5.peg.590.site.17, 17, 134, 151
537012.5.peg.590.site.18, 7, 133, 140
537012.5.peg.590.site.19, 5, 133, 138
537012.5.peg.590.site.20, 1, 134, 135
537012.5.peg.590.site.21, 1, 134, 135
537012.5.peg.590.site.22, 17, 133, 150
537012.5.peg.590.site.23, 1, 134, 135
537012.5.peg.590.site.24, 5, 133, 138
537012.5.peg.590.site.25, 3, 134, 137
537012.5.peg.590.site.26, 1, 134, 135
537012.5.peg.590.site.27, 5, 133, 138
537012.5.peg.590.site.28, 12, 131, 143
537012.5.peg.590.site.29, 1, 133, 134
537012.5.peg.590.site.30, 13, 133, 146
537012.5.peg.590.site.31, 1, 134, 135
537012.5.peg.590.site.32, 5, 133, 138
537012.5.peg.590.site.33, 6, 133, 139
537012.5.peg.590.site.34, 1, 134, 135
537012.5.peg.590.site.35, 1, 134, 135
537012.5.peg.590.site.36, 1, 134, 135
537012.5.peg.593.site.1, 7, 134, 141
537012.5.peg.593.site.2, 18, 134, 152
537012.5.peg.593.site.3, 2, 134, 136
537012.5.peg.593.site.4, 2, 134, 136
537012.5.peg.593.site.5, 15, 131, 146
537012.5.peg.593.site.6, 7, 134, 141
537012.5.peg.593.site.7, 17, 132, 149
537012.5.peg.593.site.8, 19, 132, 151
537012.5.peg.593.site.9, 15, 133, 148
537012.5.peg.593.site.10, 9, 133, 142
537012.5.peg.593.site.11, 2, 134, 136
537012.5.peg.593.site.12, 5, 132, 137
537012.5.peg.593.site.13, 7, 134, 141
537012.5.peg.593.site.14, 1, 134, 135
537012.5.peg.593.site.15, 5, 132, 137
537012.5.peg.593.site.16, 1, 134, 135
537012.5.peg.593.site.17, 4, 133, 137
537012.5.peg.593.site.18, 4, 133, 137
537012.5.peg.593.site.19, 7, 133, 140
537012.5.peg.593.site.20, 1, 132, 133
537012.5.peg.593.site.21, 1, 134, 135
537012.5.peg.593.site.22, 16, 130, 146
537012.5.peg.593.site.23, 2, 134, 136
537012.5.peg.593.site.24, 1, 133, 134
537012.5.peg.593.site.25, 132, 134, 266
537012.5.peg.593.site.26, 1, 134, 135
537012.5.peg.593.site.27, 2, 132, 134
537012.5.peg.593.site.28, 5, 132, 137
537012.5.peg.593.site.29, 5, 133, 138
537012.5.peg.593.site.30, 8, 133, 141
537012.5.peg.593.site.31, 131, 134, 265
537012.5.peg.593.site.32, 8, 134, 142
537012.5.peg.593.site.33, 0, 134, 134
537012.5.peg.593.site.34, 8, 133, 141
537012.5.peg.593.site.35, 1, 134, 135
537012.5.peg.593.site.36, 21, 132, 153
537012.5.peg.593.site.37, 2, 134, 136
537012.5.peg.593.site.38, 1, 134, 135
537012.5.peg.593.site.39, 1, 134, 135
537012.5.peg.593.site.40, 18, 133, 151
537012.5.peg.593.site.41, 2, 132, 134
537012.5.peg.593.site.42, 9, 133, 142
537012.5.peg.593.site.43, 6, 133, 139
537012.5.peg.593.site.44, 2, 132, 134
537012.5.peg.593.site.45, 3, 134, 137
537012.5.peg.593.site.46, 1, 134, 135
537012.5.peg.593.site.47, 1, 134, 135
537012.5.peg.593.site.48, 11, 132, 143
537012.5.peg.593.site.49, 20, 131, 151
537012.5.peg.593.site.50, 0, 134, 134
537012.5.peg.593.site.51, 9, 133, 142
537012.5.peg.593.site.52, 41, 133, 174
537012.5.peg.593.site.53, 5, 134, 139
537012.5.peg.593.site.54, 1, 134, 135
537012.5.peg.593.site.55, 9, 134, 143
537012.5.peg.593.site.56, 14, 134, 148
537012.5.peg.593.site.57, 1, 134, 135
537012.5.peg.593.site.58, 3, 134, 137
537012.5.peg.593.site.59, 5, 134, 139
537012.5.peg.593.site.60, 20, 132, 152
537012.5.peg.593.site.61, 1, 134, 135
537012.5.peg.593.site.62, 1, 134, 135
537012.5.peg.593.site.63, 1, 134, 135
537012.5.peg.593.site.64, 0, 131, 131
537012.5.peg.593.site.65, 1, 133, 134
537012.5.peg.592.site.1, 34, 131, 165
537012.5.peg.592.site.2, 32, 129, 161
537012.5.peg.592.site.3, 1, 133, 134
537012.5.peg.592.site.4, 1, 132, 133
537012.5.peg.592.site.5, 12, 131, 143
537012.5.peg.592.site.6, 2, 134, 136
537012.5.peg.592.site.7, 3, 132, 135
537012.5.peg.592.site.8, 0, 134, 134
537012.5.peg.592.site.9, 22, 134, 156
537012.5.peg.592.site.10, 102, 133, 235
537012.5.peg.592.site.11, 6, 132, 138
537012.5.peg.592.site.12, 17, 134, 151
537012.5.peg.592.site.13, 9, 130, 139
537012.5.peg.592.site.14, 15, 131, 146
537012.5.peg.592.site.15, 0, 133, 133
537012.5.peg.592.site.16, 1, 134, 135
537012.5.peg.592.site.17, 20, 133, 153
537012.5.peg.592.site.18, 12, 132, 144
537012.5.peg.592.site.19, 6, 131, 137
537012.5.peg.592.site.20, 5, 133, 138
537012.5.peg.592.site.21, 1, 134, 135
537012.5.peg.592.site.22, 1, 134, 135
537012.5.peg.592.site.23, 20, 134, 154
537012.5.peg.592.site.24, 3, 134, 137
537012.5.peg.592.site.25, 1, 134, 135
537012.5.peg.592.site.26, 0, 134, 134
537012.5.peg.592.site.27, 102, 133, 235
537012.5.peg.592.site.28, 1, 134, 135
537012.5.peg.592.site.29, 9, 134, 143
537012.5.peg.592.site.30, 79, 133, 212
537012.5.peg.592.site.31, 1, 132, 133
537012.5.peg.592.site.32, 13, 133, 146
537012.5.peg.592.site.33, 16, 133, 149
537012.5.peg.592.site.34, 15, 131, 146
537012.5.peg.592.site.35, 12, 132, 144
537012.5.peg.592.site.36, 1, 134, 135
537012.5.peg.592.site.37, 1, 134, 135
537012.5.peg.592.site.38, 1, 134, 135
537012.5.peg.592.site.39, 0, 134, 134
537012.5.peg.592.site.40, 20, 134, 154
537012.5.peg.592.site.41, 65, 133, 198
537012.5.peg.592.site.42, 1, 134, 135
537012.5.peg.592.site.43, 4, 132, 136
537012.5.peg.592.site.44, 1, 134, 135
537012.5.peg.592.site.45, 1, 133, 134
537012.5.peg.592.site.46, 35, 133, 168
537012.5.peg.592.site.47, 2, 133, 135
537012.5.peg.592.site.48, 1, 133, 134
537012.5.peg.592.site.49, 0, 134, 134
537012.5.peg.592.site.50, 1, 134, 135
537012.5.peg.592.site.51, 13, 132, 145
537012.5.peg.592.site.52, 73, 132, 205
537012.5.peg.592.site.53, 26, 132, 158
537012.5.peg.4172.site.1, 1, 119, 120
537012.5.peg.4172.site.2, 1, 115, 116
537012.5.peg.4172.site.3, 32, 116, 148
537012.5.peg.4172.site.4, 17, 122, 139
537012.5.peg.4172.site.5, 3, 122, 125
537012.5.peg.4172.site.6, 10, 119, 129
537012.5.peg.4172.site.7, 1, 128, 129
537012.5.peg.4172.site.8, 2, 127, 129
537012.5.peg.4172.site.9, 14, 128, 142
537012.5.peg.4172.site.10, 11, 128, 139
537012.5.peg.4172.site.11, 1, 130, 131
537012.5.peg.4172.site.12, 15, 130, 145
537012.5.peg.4172.site.13, 45, 130, 175
537012.5.peg.4172.site.14, 14, 130, 144
537012.5.peg.4172.site.15, 2, 130, 132
537012.5.peg.4172.site.16, 1, 128, 129
537012.5.peg.4172.site.17, 0, 128, 128
537012.5.peg.4172.site.18, 1, 130, 131
537012.5.peg.4172.site.19, 1, 128, 129
537012.5.peg.4172.site.20, 7, 129, 136
537012.5.peg.4172.site.21, 13, 129, 142
537012.5.peg.4172.site.22, 1, 129, 130
537012.5.peg.4172.site.23, 3, 129, 132
537012.5.peg.4172.site.24, 1, 130, 131
537012.5.peg.4172.site.25, 0, 130, 130
537012.5.peg.4172.site.26, 0, 129, 129
537012.5.peg.2299.site.1, 1, 127, 128
537012.5.peg.2299.site.2, 1, 119, 120
537012.5.peg.2299.site.3, 0, 115, 115
537012.5.peg.2299.site.4, 0, 114, 114
537012.5.peg.2299.site.5, 2, 129, 131
537012.5.peg.2299.site.6, 1, 129, 130
537012.5.peg.2299.site.7, 0, 128, 128
537012.5.peg.2299.site.8, 1, 129, 130
537012.5.peg.2299.site.9, 0, 129, 129
537012.5.peg.2299.site.10, 0, 128, 128
537012.5.peg.2299.site.11, 16, 132, 148
537012.5.peg.2299.site.12, 1, 134, 135
537012.5.peg.2299.site.13, 5, 133, 138
537012.5.peg.2299.site.14, 5, 133, 138
537012.5.peg.2299.site.15, 16, 127, 143
537012.5.peg.2299.site.16, 4, 121, 125
537012.5.peg.2299.site.17, 2, 94, 96
537012.5.peg.2299.site.18, 1, 95, 96
537012.5.peg.2299.site.19, 8, 99, 107
537012.5.peg.2299.site.20, 8, 132, 140
537012.5.peg.2299.site.21, 1, 134, 135
537012.5.peg.2299.site.22, 1, 134, 135
537012.5.peg.2299.site.23, 16, 134, 150
537012.5.peg.2299.site.24, 9, 134, 143
537012.5.peg.2299.site.25, 30, 131, 161
537012.5.peg.2299.site.26, 133, 134, 267
537012.5.peg.2299.site.27, 1, 131, 132
537012.5.peg.2299.site.28, 3, 131, 134
537012.5.peg.2299.site.29, 3, 130, 133
537012.5.peg.2299.site.30, 7, 126, 133
537012.5.peg.2299.site.31, 3, 125, 128
537012.5.peg.2299.site.32, 11, 122, 133
537012.5.peg.2299.site.33, 4, 122, 126
537012.5.peg.2299.site.34, 2, 118, 120
537012.5.peg.2299.site.35, 39, 115, 154
537012.5.peg.2299.site.36, 40, 116, 156
537012.5.peg.2299.site.37, 3, 97, 100
537012.5.peg.2299.site.38, 6, 107, 113
537012.5.peg.2299.site.39, 31, 104, 135
537012.5.peg.2299.site.40, 1, 103, 104
537012.5.peg.2299.site.41, 0, 100, 100
537012.5.peg.2299.site.42, 6, 92, 98
537012.5.peg.2299.site.43, 2, 91, 93
537012.5.peg.2299.site.44, 0, 88, 88
537012.5.peg.2299.site.45, 44, 85, 129
537012.5.peg.2299.site.46, 32, 85, 117
537012.5.peg.2299.site.47, 16, 92, 108
537012.5.peg.2299.site.48, 14, 93, 107
537012.5.peg.2299.site.49, 0, 97, 97
537012.5.peg.2299.site.50, 36, 101, 137
537012.5.peg.2299.site.51, 63, 110, 173
537012.5.peg.2299.site.52, 3, 123, 126
537012.5.peg.2299.site.53, 0, 131, 131
537012.5.peg.2299.site.54, 0, 129, 129
537012.5.peg.2299.site.55, 14, 130, 144
537012.5.peg.2299.site.56, 32, 130, 162
537012.5.peg.2299.site.57, 3, 133, 136
537012.5.peg.2299.site.58, 3, 133, 136
537012.5.peg.2299.site.59, 7, 134, 141
537012.5.peg.2299.site.60, 11, 133, 144
537012.5.peg.2299.site.61, 0, 134, 134
537012.5.peg.2299.site.62, 2, 125, 127
537012.5.peg.2299.site.63, 10, 118, 128
537012.5.peg.2299.site.64, 9, 119, 128
537012.5.peg.2299.site.65, 9, 116, 125
537012.5.peg.2299.site.66, 1, 112, 113
537012.5.peg.2299.site.67, 1, 110, 111
537012.5.peg.2299.site.68, 1, 111, 112
537012.5.peg.2299.site.69, 2, 113, 115
537012.5.peg.2299.site.70, 9, 114, 123
537012.5.peg.2299.site.71, 0, 118, 118
537012.5.peg.2299.site.72, 30, 120, 150
537012.5.peg.2299.site.73, 5, 123, 128
537012.5.peg.2299.site.74, 3, 130, 133
537012.5.peg.2299.site.75, 22, 128, 150
537012.5.peg.2299.site.76, 4, 129, 133
537012.5.peg.2299.site.77, 0, 130, 130
537012.5.peg.2299.site.78, 7, 129, 136
537012.5.peg.2299.site.79, 10, 128, 138
537012.5.peg.2299.site.80, 103, 125, 228
537012.5.peg.2299.site.81, 14, 122, 136
537012.5.peg.2299.site.82, 0, 124, 124
537012.5.peg.2299.site.83, 1, 123, 124
537012.5.peg.2299.site.84, 25, 123, 148
537012.5.peg.680.site.1, 26, 80, 106
537012.5.peg.680.site.2, 1, 108, 109
537012.5.peg.680.site.3, 2, 118, 120
537012.5.peg.680.site.4, 0, 127, 127
537012.5.peg.680.site.5, 1, 130, 131
537012.5.peg.680.site.6, 47, 124, 171
537012.5.peg.680.site.7, 12, 127, 139
537012.5.peg.680.site.8, 4, 123, 127
537012.5.peg.2059.site.1, 4, 127, 131
537012.5.peg.2059.site.2, 38, 128, 166
537012.5.peg.2059.site.3, 11, 127, 138
537012.5.peg.2059.site.4, 28, 129, 157
537012.5.peg.2059.site.5, 8, 129, 137
537012.5.peg.2059.site.6, 76, 128, 204
537012.5.peg.2059.site.7, 1, 129, 130
537012.5.peg.2059.site.8, 6, 129, 135
537012.5.peg.2059.site.9, 2, 122, 124
537012.5.peg.2059.site.10, 10, 125, 135
537012.5.peg.2059.site.11, 5, 128, 133
537012.5.peg.2059.site.12, 2, 128, 130
537012.5.peg.2059.site.13, 0, 128, 128
537012.5.peg.2059.site.14, 16, 129, 145
537012.5.peg.2059.site.15, 2, 127, 129
537012.5.peg.2059.site.16, 127, 128, 255
537012.5.peg.2059.site.17, 16, 128, 144
537012.5.peg.2059.site.18, 1, 128, 129
537012.5.peg.2059.site.19, 1, 129, 130
537012.5.peg.2059.site.20, 22, 125, 147
537012.5.peg.2059.site.21, 19, 129, 148
537012.5.peg.2059.site.22, 11, 129, 140
537012.5.peg.2059.site.23, 1, 129, 130
537012.5.peg.2059.site.24, 16, 129, 145
537012.5.peg.2059.site.25, 2, 129, 131
537012.5.peg.2059.site.26, 1, 129, 130
537012.5.peg.2059.site.27, 4, 129, 133
537012.5.peg.2059.site.28, 1, 129, 130
537012.5.peg.2059.site.29, 17, 127, 144
537012.5.peg.2059.site.30, 2, 129, 131
537012.5.peg.2059.site.31, 5, 128, 133
537012.5.peg.2059.site.32, 5, 128, 133
537012.5.peg.2058.site.1, 26, 113, 139
537012.5.peg.2058.site.2, 28, 115, 143
537012.5.peg.2058.site.3, 0, 114, 114
537012.5.peg.2058.site.4, 1, 118, 119
537012.5.peg.2058.site.5, 20, 125, 145
537012.5.peg.2058.site.6, 56, 124, 180
537012.5.peg.2058.site.7, 9, 127, 136
537012.5.peg.2058.site.8, 11, 127, 138
537012.5.peg.2058.site.9, 1, 127, 128
537012.5.peg.2058.site.10, 26, 125, 151
537012.5.peg.2058.site.11, 7, 128, 135
537012.5.peg.2058.site.12, 2, 128, 130
537012.5.peg.2058.site.13, 17, 128, 145
537012.5.peg.2058.site.14, 6, 128, 134
537012.5.peg.2058.site.15, 22, 125, 147
537012.5.peg.2058.site.16, 17, 127, 144
537012.5.peg.2058.site.17, 8, 125, 133
537012.5.peg.2058.site.18, 14, 125, 139
537012.5.peg.2058.site.19, 55, 126, 181
537012.5.peg.2058.site.20, 25, 127, 152
537012.5.peg.2058.site.21, 4, 125, 129
537012.5.peg.2058.site.22, 18, 127, 145
537012.5.peg.2058.site.23, 13, 126, 139
537012.5.peg.2058.site.24, 19, 125, 144
537012.5.peg.2058.site.25, 7, 127, 134
537012.5.peg.2058.site.26, 2, 127, 129
537012.5.peg.2058.site.27, 24, 125, 149
537012.5.peg.2058.site.28, 37, 125, 162
537012.5.peg.2058.site.29, 13, 124, 137
537012.5.peg.2058.site.30, 0, 127, 127
537012.5.peg.2058.site.31, 8, 127, 135
537012.5.peg.2058.site.32, 9, 126, 135
537012.5.peg.2058.site.33, 17, 127, 144
537012.5.peg.2058.site.34, 1, 127, 128
537012.5.peg.2058.site.35, 6, 127, 133
537012.5.peg.2058.site.36, 18, 127, 145
537012.5.peg.2058.site.37, 24, 125, 149
537012.5.peg.2058.site.38, 50, 126, 176
537012.5.peg.2058.site.39, 8, 126, 134
537012.5.peg.2058.site.40, 9, 126, 135
537012.5.peg.2058.site.41, 4, 125, 129
537012.5.peg.2058.site.42, 9, 127, 136
537012.5.peg.2509.site.1, 0, 130, 130
537012.5.peg.2509.site.2, 0, 131, 131
537012.5.peg.2509.site.3, 0, 131, 131
537012.5.peg.2509.site.4, 1, 131, 132
537012.5.peg.2509.site.5, 4, 132, 136
537012.5.peg.2509.site.6, 2, 130, 132
537012.5.peg.2508.site.1, 9, 126, 135
537012.5.peg.2508.site.2, 0, 127, 127
537012.5.peg.2508.site.3, 0, 128, 128
537012.5.peg.2508.site.4, 1, 129, 130
537012.5.peg.2508.site.5, 0, 128, 128
537012.5.peg.2508.site.6, 4, 126, 130
537012.5.peg.2662.site.1, 16, 132, 148
537012.5.peg.2662.site.2, 19, 134, 153
537012.5.peg.2662.site.3, 1, 134, 135
537012.5.peg.2662.site.4, 129, 134, 263
537012.5.peg.2662.site.5, 2, 134, 136
537012.5.peg.2662.site.6, 15, 134, 149
537012.5.peg.2662.site.7, 2, 133, 135
537012.5.peg.2662.site.8, 4, 134, 138
537012.5.peg.2662.site.9, 1, 134, 135
537012.5.peg.2662.site.10, 6, 109, 115
537012.5.peg.2501.site.1, 3, 115, 118
537012.5.peg.2501.site.2, 1, 117, 118
537012.5.peg.2501.site.3, 10, 116, 126
537012.5.peg.2501.site.4, 1, 116, 117
537012.5.peg.2501.site.5, 16, 115, 131
537012.5.peg.2501.site.6, 3, 117, 120
537012.5.peg.2501.site.7, 1, 117, 118
537012.5.peg.2501.site.8, 4, 117, 121
537012.5.peg.2501.site.9, 47, 91, 138
537012.5.peg.2501.site.10, 12, 95, 107
537012.5.peg.2501.site.11, 59, 100, 159
537012.5.peg.2501.site.12, 3, 99, 102
537012.5.peg.2501.site.13, 28, 96, 124
537012.5.peg.2501.site.14, 18, 93, 111
537012.5.peg.2501.site.15, 1, 100, 101
537012.5.peg.2501.site.16, 1, 104, 105
537012.5.peg.2501.site.17, 6, 104, 110
537012.5.peg.2501.site.18, 2, 100, 102
537012.5.peg.2501.site.19, 0, 97, 97
537012.5.peg.2501.site.20, 10, 109, 119
537012.5.peg.2501.site.21, 10, 108, 118
537012.5.peg.2501.site.22, 10, 109, 119
537012.5.peg.2501.site.23, 10, 108, 118
537012.5.peg.2501.site.24, 11, 108, 119
537012.5.peg.2501.site.25, 0, 105, 105
537012.5.peg.2501.site.26, 3, 106, 109
537012.5.peg.2501.site.27, 7, 106, 113
537012.5.peg.2501.site.28, 15, 104, 119
537012.5.peg.2501.site.29, 0, 103, 103
537012.5.peg.2501.site.30, 1, 104, 105
537012.5.peg.2501.site.31, 1, 101, 102
537012.5.peg.2501.site.32, 15, 98, 113
537012.5.peg.2501.site.33, 7, 103, 110
537012.5.peg.2501.site.34, 2, 101, 103
537012.5.peg.2501.site.35, 6, 103, 109
537012.5.peg.2501.site.36, 12, 104, 116
537012.5.peg.2501.site.37, 7, 116, 123
537012.5.peg.2501.site.38, 7, 113, 120
537012.5.peg.2501.site.39, 11, 113, 124
537012.5.peg.2501.site.40, 2, 114, 116
537012.5.peg.2501.site.41, 2, 116, 118
537012.5.peg.2501.site.42, 2, 116, 118
537012.5.peg.2501.site.43, 1, 116, 117
537012.5.peg.2501.site.44, 2, 112, 114
537012.5.peg.2501.site.45, 2, 113, 115
537012.5.peg.2501.site.46, 13, 114, 127
537012.5.peg.2501.site.47, 7, 109, 116
537012.5.peg.2501.site.48, 0, 109, 109
537012.5.peg.2501.site.49, 9, 106, 115
537012.5.peg.2501.site.50, 4, 85, 89
537012.5.peg.2501.site.51, 21, 82, 103
537012.5.peg.2501.site.52, 6, 83, 89
537012.5.peg.2501.site.53, 5, 83, 88
537012.5.peg.2501.site.54, 30, 96, 126
537012.5.peg.2507.site.1, 1, 126, 127
537012.5.peg.2507.site.2, 3, 130, 133
537012.5.peg.2507.site.3, 6, 129, 135
537012.5.peg.2507.site.4, 27, 129, 156
537012.5.peg.2507.site.5, 11, 129, 140
537012.5.peg.2507.site.6, 1, 128, 129
537012.5.peg.2507.site.7, 5, 126, 131
537012.5.peg.2507.site.8, 1, 128, 129
537012.5.peg.2507.site.9, 6, 127, 133
537012.5.peg.2507.site.10, 6, 125, 131
537012.5.peg.2506.site.1, 1, 127, 128
537012.5.peg.2506.site.2, 13, 128, 141
537012.5.peg.2506.site.3, 13, 127, 140
537012.5.peg.2506.site.4, 20, 128, 148
537012.5.peg.2506.site.5, 27, 128, 155
537012.5.peg.2506.site.6, 14, 128, 142
537012.5.peg.2506.site.7, 22, 130, 152
537012.5.peg.2506.site.8, 1, 130, 131
537012.5.peg.2506.site.9, 1, 130, 131
537012.5.peg.2506.site.10, 1, 129, 130
537012.5.peg.2506.site.11, 1, 129, 130
537012.5.peg.2506.site.12, 23, 128, 151
537012.5.peg.2506.site.13, 5, 125, 130
537012.5.peg.2506.site.14, 8, 125, 133
537012.5.peg.2505.site.1, 0, 127, 127
537012.5.peg.2505.site.2, 2, 127, 129
537012.5.peg.2505.site.3, 1, 130, 131
537012.5.peg.2505.site.4, 1, 131, 132
537012.5.peg.2505.site.5, 1, 131, 132
537012.5.peg.2505.site.6, 0, 130, 130
537012.5.peg.2505.site.7, 0, 130, 130
537012.5.peg.2505.site.8, 21, 129, 150
537012.5.peg.2505.site.9, 1, 129, 130
537012.5.peg.2505.site.10, 13, 130, 143
537012.5.peg.2505.site.11, 1, 129, 130
537012.5.peg.2505.site.12, 26, 130, 156
537012.5.peg.2505.site.13, 0, 130, 130
537012.5.peg.2505.site.14, 1, 130, 131
537012.5.peg.2505.site.15, 7, 128, 135
537012.5.peg.2505.site.16, 1, 128, 129
537012.5.peg.2505.site.17, 5, 128, 133
537012.5.peg.2505.site.18, 47, 126, 173
537012.5.peg.2505.site.19, 102, 129, 231
537012.5.peg.2505.site.20, 1, 129, 130
537012.5.peg.2505.site.21, 0, 130, 130
537012.5.peg.2505.site.22, 1, 130, 131
537012.5.peg.2505.site.23, 1, 130, 131
537012.5.peg.2505.site.24, 1, 130, 131
537012.5.peg.2505.site.25, 17, 129, 146
537012.5.peg.2505.site.26, 1, 129, 130
537012.5.peg.2505.site.27, 14, 129, 143
537012.5.peg.2505.site.28, 36, 129, 165
537012.5.peg.2505.site.29, 1, 129, 130
537012.5.peg.2505.site.30, 1, 129, 130
537012.5.peg.2505.site.31, 9, 128, 137
537012.5.peg.2505.site.32, 7, 129, 136
537012.5.peg.2505.site.33, 6, 129, 135
537012.5.peg.2505.site.34, 24, 128, 152
537012.5.peg.2505.site.35, 7, 129, 136
537012.5.peg.2505.site.36, 0, 129, 129
537012.5.peg.2505.site.37, 14, 129, 143
537012.5.peg.2505.site.38, 20, 129, 149
537012.5.peg.2505.site.39, 14, 130, 144
537012.5.peg.2505.site.40, 2, 130, 132
537012.5.peg.2505.site.41, 0, 130, 130
537012.5.peg.2505.site.42, 19, 131, 150
537012.5.peg.2505.site.43, 1, 131, 132
537012.5.peg.2505.site.44, 1, 130, 131
537012.5.peg.2505.site.45, 1, 131, 132
537012.5.peg.2505.site.46, 0, 132, 132
537012.5.peg.2505.site.47, 1, 130, 131
537012.5.peg.2505.site.48, 1, 129, 130
537012.5.peg.2505.site.49, 2, 130, 132
537012.5.peg.2505.site.50, 18, 132, 150
537012.5.peg.2505.site.51, 16, 125, 141
537012.5.peg.2505.site.52, 3, 129, 132
537012.5.peg.2505.site.53, 30, 130, 160
537012.5.peg.2505.site.54, 1, 130, 131
537012.5.peg.2505.site.55, 0, 130, 130
537012.5.peg.2505.site.56, 2, 131, 133
537012.5.peg.2505.site.57, 0, 130, 130
537012.5.peg.2505.site.58, 0, 130, 130
537012.5.peg.2505.site.59, 18, 130, 148
537012.5.peg.2505.site.60, 1, 131, 132
537012.5.peg.2505.site.61, 0, 130, 130
537012.5.peg.2505.site.62, 1, 129, 130
537012.5.peg.2505.site.63, 0, 128, 128
537012.5.peg.2505.site.64, 1, 129, 130
537012.5.peg.2505.site.65, 1, 130, 131
537012.5.peg.2505.site.66, 7, 132, 139
537012.5.peg.2505.site.67, 1, 130, 131
537012.5.peg.2505.site.68, 1, 127, 128
537012.5.peg.2505.site.69, 3, 125, 128
537012.5.peg.2505.site.70, 2, 121, 123
537012.5.peg.2505.site.71, 15, 113, 128
537012.5.peg.2505.site.72, 31, 114, 145
537012.5.peg.2505.site.73, 16, 113, 129
537012.5.peg.2505.site.74, 30, 113, 143
537012.5.peg.2505.site.75, 58, 114, 172
537012.5.peg.2505.site.76, 14, 113, 127
537012.5.peg.2505.site.77, 8, 126, 134
537012.5.peg.2505.site.78, 0, 128, 128
537012.5.peg.2505.site.79, 1, 128, 129
537012.5.peg.2505.site.80, 4, 130, 134
537012.5.peg.2505.site.81, 2, 130, 132
537012.5.peg.2505.site.82, 1, 130, 131
537012.5.peg.2505.site.83, 1, 130, 131
537012.5.peg.2505.site.84, 1, 130, 131
537012.5.peg.2505.site.85, 2, 130, 132
537012.5.peg.2663.site.1, 0, 134, 134
537012.5.peg.2663.site.2, 25, 133, 158
537012.5.peg.2663.site.3, 3, 133, 136
537012.5.peg.2663.site.4, 13, 133, 146
537012.5.peg.2663.site.5, 2, 134, 136
537012.5.peg.2663.site.6, 5, 134, 139
537012.5.peg.2663.site.7, 4, 130, 134
537012.5.peg.2663.site.8, 1, 134, 135
537012.5.peg.2663.site.9, 133, 134, 267
537012.5.peg.2663.site.10, 7, 134, 141
537012.5.peg.2663.site.11, 4, 132, 136
537012.5.peg.2663.site.12, 1, 134, 135
537012.5.peg.2663.site.13, 25, 133, 158
537012.5.peg.2663.site.14, 15, 133, 148
537012.5.peg.2663.site.15, 4, 134, 138
537012.5.peg.2663.site.16, 1, 134, 135
537012.5.peg.2663.site.17, 4, 134, 138
537012.5.peg.2663.site.18, 4, 134, 138
537012.5.peg.2663.site.19, 1, 134, 135
537012.5.peg.2663.site.20, 2, 134, 136
537012.5.peg.2663.site.21, 10, 134, 144
537012.5.peg.2663.site.22, 1, 134, 135
537012.5.peg.2663.site.23, 23, 134, 157
537012.5.peg.2663.site.24, 12, 133, 145
537012.5.peg.2663.site.25, 12, 133, 145
537012.5.peg.2663.site.26, 17, 133, 150
537012.5.peg.2663.site.27, 33, 133, 166
537012.5.peg.777.site.1, 11, 127, 138
537012.5.peg.777.site.2, 2, 128, 130
537012.5.peg.777.site.3, 24, 129, 153
537012.5.peg.777.site.4, 4, 130, 134
537012.5.peg.777.site.5, 0, 130, 130
537012.5.peg.777.site.6, 0, 132, 132
537012.5.peg.777.site.7, 18, 131, 149
537012.5.peg.771.site.1, 4, 121, 125
537012.5.peg.771.site.2, 4, 131, 135
537012.5.peg.771.site.3, 13, 132, 145
537012.5.peg.771.site.4, 3, 130, 133
537012.5.peg.771.site.5, 3, 130, 133
537012.5.peg.771.site.6, 12, 128, 140
537012.5.peg.771.site.7, 3, 129, 132
537012.5.peg.771.site.8, 15, 127, 142
537012.5.peg.771.site.9, 2, 128, 130
537012.5.peg.771.site.10, 4, 128, 132
537012.5.peg.771.site.11, 2, 131, 133
537012.5.peg.771.site.12, 0, 134, 134
537012.5.peg.771.site.13, 10, 134, 144
537012.5.peg.771.site.14, 1, 133, 134
537012.5.peg.771.site.15, 19, 129, 148
537012.5.peg.771.site.16, 1, 129, 130
537012.5.peg.771.site.17, 1, 132, 133
537012.5.peg.771.site.18, 0, 129, 129
537012.5.peg.771.site.19, 18, 129, 147
537012.5.peg.771.site.20, 30, 130, 160
537012.5.peg.771.site.21, 4, 132, 136
537012.5.peg.771.site.22, 0, 134, 134
537012.5.peg.771.site.23, 3, 134, 137
537012.5.peg.771.site.24, 13, 131, 144
537012.5.peg.771.site.25, 3, 131, 134
537012.5.peg.771.site.26, 15, 132, 147
537012.5.peg.771.site.27, 3, 131, 134
537012.5.peg.771.site.28, 3, 132, 135
537012.5.peg.771.site.29, 9, 133, 142
537012.5.peg.771.site.30, 2, 131, 133
537012.5.peg.771.site.31, 21, 133, 154
537012.5.peg.771.site.32, 17, 134, 151
537012.5.peg.771.site.33, 4, 132, 136
537012.5.peg.771.site.34, 2, 129, 131
537012.5.peg.779.site.1, 0, 129, 129
537012.5.peg.779.site.2, 19, 128, 147
537012.5.peg.779.site.3, 2, 128, 130
537012.5.peg.779.site.4, 21, 129, 150
537012.5.peg.779.site.5, 5, 131, 136
537012.5.peg.779.site.6, 18, 132, 150
537012.5.peg.779.site.7, 0, 130, 130
537012.5.peg.779.site.8, 23, 128, 151
537012.5.peg.779.site.9, 30, 130, 160
537012.5.peg.779.site.10, 1, 131, 132
537012.5.peg.779.site.11, 1, 131, 132
537012.5.peg.779.site.12, 17, 129, 146
537012.5.peg.779.site.13, 4, 126, 130
537012.5.peg.779.site.14, 5, 126, 131
537012.5.peg.779.site.15, 13, 124, 137
537012.5.peg.779.site.16, 1, 115, 116
537012.5.peg.779.site.17, 3, 117, 120
537012.5.peg.779.site.18, 1, 125, 126
537012.5.peg.779.site.19, 5, 130, 135
537012.5.peg.779.site.20, 6, 132, 138
537012.5.peg.779.site.21, 3, 132, 135
537012.5.peg.779.site.22, 2, 131, 133
537012.5.peg.779.site.23, 2, 131, 133
537012.5.peg.779.site.24, 0, 132, 132
537012.5.peg.779.site.25, 5, 130, 135
537012.5.peg.779.site.26, 5, 130, 135
537012.5.peg.779.site.27, 5, 131, 136
537012.5.peg.779.site.28, 5, 131, 136
537012.5.peg.779.site.29, 89, 129, 218
537012.5.peg.779.site.30, 8, 122, 130
537012.5.peg.779.site.31, 3, 117, 120
537012.5.peg.779.site.32, 0, 114, 114
537012.5.peg.779.site.33, 5, 115, 120
537012.5.peg.779.site.34, 28, 110, 138
537012.5.peg.778.site.1, 1, 128, 129
537012.5.peg.778.site.2, 18, 127, 145
537012.5.peg.1017.site.1, 130, 133, 263
537012.5.peg.1017.site.2, 1, 131, 132
537012.5.peg.1017.site.3, 124, 131, 255
537012.5.peg.1017.site.4, 3, 134, 137
537012.5.peg.1017.site.5, 3, 134, 137
537012.5.peg.1017.site.6, 2, 134, 136
537012.5.peg.1017.site.7, 3, 128, 131
537012.5.peg.1017.site.8, 1, 127, 128
537012.5.peg.1017.site.9, 2, 121, 123
537012.5.peg.1017.site.10, 2, 114, 116
537012.5.peg.1017.site.11, 2, 123, 125
537012.5.peg.1017.site.12, 7, 126, 133
537012.5.peg.1017.site.13, 1, 128, 129
537012.5.peg.1017.site.14, 1, 127, 128
537012.5.peg.1017.site.15, 7, 126, 133
537012.5.peg.1017.site.16, 1, 128, 129
537012.5.peg.1017.site.17, 7, 125, 132
537012.5.peg.1017.site.18, 78, 129, 207
537012.5.peg.1017.site.19, 4, 129, 133
537012.5.peg.1017.site.20, 13, 129, 142
537012.5.peg.1017.site.21, 5, 128, 133
537012.5.peg.1017.site.22, 1, 132, 133
537012.5.peg.1017.site.23, 1, 132, 133
537012.5.peg.1017.site.24, 1, 132, 133
537012.5.peg.1017.site.25, 4, 133, 137
537012.5.peg.1017.site.26, 0, 132, 132
537012.5.peg.2618.site.1, 0, 125, 125
537012.5.peg.2618.site.2, 0, 112, 112
537012.5.peg.2618.site.3, 0, 94, 94
537012.5.peg.2618.site.4, 13, 100, 113
537012.5.peg.2618.site.5, 58, 108, 166
537012.5.peg.2618.site.6, 5, 108, 113
537012.5.peg.2618.site.7, 9, 127, 136
537012.5.peg.2618.site.8, 4, 121, 125
537012.5.peg.2618.site.9, 5, 128, 133
537012.5.peg.2618.site.10, 5, 132, 137
537012.5.peg.2618.site.11, 5, 131, 136
537012.5.peg.2618.site.12, 1, 132, 133
537012.5.peg.2618.site.13, 12, 132, 144
537012.5.peg.2618.site.14, 1, 130, 131
537012.5.peg.2618.site.15, 2, 124, 126
537012.5.peg.2618.site.16, 0, 124, 124
537012.5.peg.2618.site.17, 3, 126, 129
537012.5.peg.2618.site.18, 127, 128, 255
537012.5.peg.2618.site.19, 1, 126, 127
537012.5.peg.2618.site.20, 9, 125, 134
537012.5.peg.2618.site.21, 1, 125, 126
537012.5.peg.2618.site.22, 1, 124, 125
537012.5.peg.2618.site.23, 5, 122, 127
537012.5.peg.2618.site.24, 2, 122, 124
537012.5.peg.2618.site.25, 4, 121, 125
537012.5.peg.2618.site.26, 1, 125, 126
537012.5.peg.2618.site.27, 1, 125, 126
537012.5.peg.2618.site.28, 4, 123, 127
537012.5.peg.2618.site.29, 4, 118, 122
537012.5.peg.2618.site.30, 14, 124, 138
537012.5.peg.2618.site.31, 20, 124, 144
537012.5.peg.2618.site.32, 2, 125, 127
537012.5.peg.2618.site.33, 11, 122, 133
537012.5.peg.2618.site.34, 4, 123, 127
537012.5.peg.2618.site.35, 4, 123, 127
537012.5.peg.2618.site.36, 1, 125, 126
537012.5.peg.2618.site.37, 1, 125, 126
537012.5.peg.2618.site.38, 4, 123, 127
537012.5.peg.2618.site.39, 102, 122, 224
537012.5.peg.2618.site.40, 3, 121, 124
537012.5.peg.2618.site.41, 2, 119, 121
537012.5.peg.2618.site.42, 0, 117, 117
537012.5.peg.2618.site.43, 3, 120, 123
537012.5.peg.2618.site.44, 3, 120, 123
537012.5.peg.2618.site.45, 5, 122, 127
537012.5.peg.2618.site.46, 4, 123, 127
537012.5.peg.2618.site.47, 1, 125, 126
537012.5.peg.2618.site.48, 5, 124, 129
537012.5.peg.2618.site.49, 6, 124, 130
537012.5.peg.2618.site.50, 68, 124, 192
537012.5.peg.2618.site.51, 60, 123, 183
537012.5.peg.2618.site.52, 4, 123, 127
537012.5.peg.2618.site.53, 2, 123, 125
537012.5.peg.2618.site.54, 13, 122, 135
537012.5.peg.2618.site.55, 4, 121, 125
537012.5.peg.2618.site.56, 4, 123, 127
537012.5.peg.2618.site.57, 5, 122, 127
537012.5.peg.2618.site.58, 10, 127, 137
537012.5.peg.2618.site.59, 3, 126, 129
537012.5.peg.2618.site.60, 0, 128, 128
537012.5.peg.2618.site.61, 4, 124, 128
537012.5.peg.2618.site.62, 9, 124, 133
537012.5.peg.2618.site.63, 3, 121, 124
537012.5.peg.2618.site.64, 0, 120, 120
537012.5.peg.2618.site.65, 2, 122, 124
537012.5.peg.2618.site.66, 1, 122, 123
537012.5.peg.2618.site.67, 3, 122, 125
537012.5.peg.2618.site.68, 1, 120, 121
537012.5.peg.2618.site.69, 1, 125, 126
537012.5.peg.2618.site.70, 1, 124, 125
537012.5.peg.2618.site.71, 5, 122, 127
537012.5.peg.2618.site.72, 3, 124, 127
537012.5.peg.2618.site.73, 3, 124, 127
537012.5.peg.2618.site.74, 1, 128, 129
537012.5.peg.2618.site.75, 37, 126, 163
537012.5.peg.2618.site.76, 4, 126, 130
537012.5.peg.2618.site.77, 1, 124, 125
537012.5.peg.2618.site.78, 1, 124, 125
537012.5.peg.2618.site.79, 0, 123, 123
537012.5.peg.2618.site.80, 2, 125, 127
537012.5.peg.2618.site.81, 4, 126, 130
537012.5.peg.2618.site.82, 0, 122, 122
537012.5.peg.2618.site.83, 2, 118, 120
537012.5.peg.2618.site.84, 1, 121, 122
537012.5.peg.2618.site.85, 2, 120, 122
537012.5.peg.2618.site.86, 1, 118, 119
537012.5.peg.2618.site.87, 2, 118, 120
537012.5.peg.2618.site.88, 27, 119, 146
537012.5.peg.2618.site.89, 3, 120, 123
537012.5.peg.2618.site.90, 0, 122, 122
537012.5.peg.2618.site.91, 0, 119, 119
537012.5.peg.2617.site.1, 1, 132, 133
537012.5.peg.2617.site.2, 3, 132, 135
537012.5.peg.2617.site.3, 18, 132, 150
537012.5.peg.2617.site.4, 0, 133, 133
537012.5.peg.2617.site.5, 67, 129, 196
537012.5.peg.2617.site.6, 7, 128, 135
537012.5.peg.2617.site.7, 1, 130, 131
537012.5.peg.2617.site.8, 1, 131, 132
537012.5.peg.2617.site.9, 8, 131, 139
537012.5.peg.2617.site.10, 102, 132, 234
537012.5.peg.2617.site.11, 3, 133, 136
537012.5.peg.2617.site.12, 7, 133, 140
537012.5.peg.2617.site.13, 1, 134, 135
537012.5.peg.2617.site.14, 1, 134, 135
537012.5.peg.2617.site.15, 4, 132, 136
537012.5.peg.2617.site.16, 4, 132, 136
537012.5.peg.2616.site.1, 36, 133, 169
537012.5.peg.2616.site.2, 9, 133, 142
537012.5.peg.2616.site.3, 2, 134, 136
537012.5.peg.2616.site.4, 19, 134, 153
537012.5.peg.2616.site.5, 11, 132, 143
537012.5.peg.2616.site.6, 4, 132, 136
537012.5.peg.2616.site.7, 1, 134, 135
537012.5.peg.2616.site.8, 0, 134, 134
537012.5.peg.2616.site.9, 1, 134, 135
537012.5.peg.2616.site.10, 18, 134, 152
537012.5.peg.2616.site.11, 6, 133, 139
537012.5.peg.2616.site.12, 1, 134, 135
537012.5.peg.2616.site.13, 6, 134, 140
537012.5.peg.2616.site.14, 2, 133, 135
537012.5.peg.2616.site.15, 1, 134, 135
537012.5.peg.2616.site.16, 2, 134, 136
537012.5.peg.2616.site.17, 1, 134, 135
537012.5.peg.2616.site.18, 64, 134, 198
537012.5.peg.2616.site.19, 1, 134, 135
537012.5.peg.2616.site.20, 20, 133, 153
537012.5.peg.2616.site.21, 38, 130, 168
537012.5.peg.2616.site.22, 4, 132, 136
537012.5.peg.2616.site.23, 1, 134, 135
537012.5.peg.2616.site.24, 1, 134, 135
537012.5.peg.2616.site.25, 3, 134, 137
537012.5.peg.2616.site.26, 3, 134, 137
537012.5.peg.2616.site.27, 1, 134, 135
537012.5.peg.2616.site.28, 12, 133, 145
537012.5.peg.2616.site.29, 6, 131, 137
537012.5.peg.2616.site.30, 2, 133, 135
537012.5.peg.2616.site.31, 5, 133, 138
537012.5.peg.2616.site.32, 5, 133, 138
537012.5.peg.2616.site.33, 1, 134, 135
537012.5.peg.2616.site.34, 116, 133, 249
537012.5.peg.2616.site.35, 5, 133, 138
537012.5.peg.2616.site.36, 1, 133, 134
537012.5.peg.2616.site.37, 25, 130, 155
537012.5.peg.2615.site.1, 0, 132, 132
537012.5.peg.2615.site.2, 4, 132, 136
537012.5.peg.2615.site.3, 1, 134, 135
537012.5.peg.2615.site.4, 3, 134, 137
537012.5.peg.2615.site.5, 2, 134, 136
537012.5.peg.2615.site.6, 4, 132, 136
537012.5.peg.2615.site.7, 13, 131, 144
537012.5.peg.2615.site.8, 27, 131, 158
537012.5.peg.2615.site.9, 67, 131, 198
537012.5.peg.2615.site.10, 0, 134, 134
537012.5.peg.2615.site.11, 1, 132, 133
537012.5.peg.2615.site.12, 4, 133, 137
537012.5.peg.2615.site.13, 3, 133, 136
537012.5.peg.2615.site.14, 10, 132, 142
537012.5.peg.2615.site.15, 2, 133, 135
537012.5.peg.2615.site.16, 2, 132, 134
537012.5.peg.2615.site.17, 0, 132, 132
537012.5.peg.2615.site.18, 3, 131, 134
537012.5.peg.2615.site.19, 0, 132, 132
537012.5.peg.2615.site.20, 1, 132, 133
537012.5.peg.2614.site.1, 0, 134, 134
537012.5.peg.2614.site.2, 4, 132, 136
537012.5.peg.2614.site.3, 15, 131, 146
537012.5.peg.2614.site.4, 1, 133, 134
537012.5.peg.2614.site.5, 3, 133, 136
537012.5.peg.2614.site.6, 3, 134, 137
537012.5.peg.2614.site.7, 132, 133, 265
537012.5.peg.2614.site.8, 9, 133, 142
537012.5.peg.2614.site.9, 1, 134, 135
537012.5.peg.2614.site.10, 4, 133, 137
537012.5.peg.2614.site.11, 83, 133, 216
537012.5.peg.2614.site.12, 15, 134, 149
537012.5.peg.2614.site.13, 28, 134, 162
537012.5.peg.2614.site.14, 3, 134, 137
537012.5.peg.2614.site.15, 1, 134, 135
537012.5.peg.2614.site.16, 2, 134, 136
537012.5.peg.2614.site.17, 15, 133, 148
537012.5.peg.2614.site.18, 11, 132, 143
537012.5.peg.2614.site.19, 3, 134, 137
537012.5.peg.2614.site.20, 1, 134, 135
537012.5.peg.2614.site.21, 15, 133, 148
537012.5.peg.2614.site.22, 15, 133, 148
537012.5.peg.2614.site.23, 7, 133, 140
537012.5.peg.2614.site.24, 121, 132, 253
537012.5.peg.2614.site.25, 2, 134, 136
537012.5.peg.2614.site.26, 1, 134, 135
537012.5.peg.2614.site.27, 1, 134, 135
537012.5.peg.2614.site.28, 3, 134, 137
537012.5.peg.2613.site.1, 25, 126, 151
537012.5.peg.2613.site.2, 0, 132, 132
537012.5.peg.2613.site.3, 1, 131, 132
537012.5.peg.2613.site.4, 0, 131, 131
537012.5.peg.2613.site.5, 7, 134, 141
537012.5.peg.2613.site.6, 78, 134, 212
537012.5.peg.2610.site.1, 0, 125, 125
537012.5.peg.2610.site.2, 1, 130, 131
537012.5.peg.2610.site.3, 11, 131, 142
537012.5.peg.2610.site.4, 2, 133, 135
537012.5.peg.2610.site.5, 2, 134, 136
537012.5.peg.2610.site.6, 2, 134, 136
537012.5.peg.2610.site.7, 3, 133, 136
537012.5.peg.2610.site.8, 2, 132, 134
537012.5.peg.2610.site.9, 5, 132, 137
537012.5.peg.2610.site.10, 2, 133, 135
537012.5.peg.2610.site.11, 0, 133, 133
537012.5.peg.2610.site.12, 27, 131, 158
537012.5.peg.2610.site.13, 2, 132, 134
537012.5.peg.2610.site.14, 1, 132, 133
537012.5.peg.2610.site.15, 25, 132, 157
537012.5.peg.2610.site.16, 0, 132, 132
537012.5.peg.2610.site.17, 7, 133, 140
537012.5.peg.2610.site.18, 9, 127, 136
537012.5.peg.2610.site.19, 19, 126, 145
537012.5.peg.2610.site.20, 7, 134, 141
537012.5.peg.2610.site.21, 4, 133, 137
537012.5.peg.2610.site.22, 17, 134, 151
537012.5.peg.2610.site.23, 3, 130, 133
537012.5.peg.2610.site.24, 4, 131, 135
537012.5.peg.2610.site.25, 5, 132, 137
537012.5.peg.2610.site.26, 2, 134, 136
537012.5.peg.2610.site.27, 1, 134, 135
537012.5.peg.2610.site.28, 5, 133, 138
537012.5.peg.2610.site.29, 4, 134, 138
537012.5.peg.2610.site.30, 106, 132, 238
537012.5.peg.2610.site.31, 1, 134, 135
537012.5.peg.2610.site.32, 79, 130, 209
537012.5.peg.2610.site.33, 126, 130, 256
537012.5.peg.2610.site.34, 3, 130, 133
537012.5.peg.2610.site.35, 24, 133, 157
537012.5.peg.2610.site.36, 6, 133, 139
537012.5.peg.2610.site.37, 6, 134, 140
537012.5.peg.2610.site.38, 54, 131, 185
537012.5.peg.2610.site.39, 58, 133, 191
537012.5.peg.2610.site.40, 4, 130, 134
537012.5.peg.2610.site.41, 5, 132, 137
537012.5.peg.2610.site.42, 4, 132, 136
537012.5.peg.2610.site.43, 0, 131, 131
537012.5.peg.2610.site.44, 10, 132, 142
537012.5.peg.2610.site.45, 7, 134, 141
537012.5.peg.2610.site.46, 5, 132, 137
537012.5.peg.2610.site.47, 6, 134, 140
537012.5.peg.2610.site.48, 6, 134, 140
537012.5.peg.2610.site.49, 6, 134, 140
537012.5.peg.2610.site.50, 2, 134, 136
537012.5.peg.2610.site.51, 7, 134, 141
537012.5.peg.2610.site.52, 4, 131, 135
537012.5.peg.2610.site.53, 57, 129, 186
537012.5.peg.2610.site.54, 68, 131, 199
537012.5.peg.2610.site.55, 1, 128, 129
537012.5.peg.2610.site.56, 1, 128, 129
537012.5.peg.2610.site.57, 1, 128, 129
537012.5.peg.2610.site.58, 125, 130, 255
537012.5.peg.2610.site.59, 6, 133, 139
537012.5.peg.2610.site.60, 1, 134, 135
537012.5.peg.2610.site.61, 3, 134, 137
537012.5.peg.2610.site.62, 3, 134, 137
537012.5.peg.2610.site.63, 1, 134, 135
537012.5.peg.2610.site.64, 6, 134, 140
537012.5.peg.2610.site.65, 6, 134, 140
537012.5.peg.2610.site.66, 6, 134, 140
537012.5.peg.2610.site.67, 28, 134, 162
537012.5.peg.2610.site.68, 1, 133, 134
537012.5.peg.2610.site.69, 1, 134, 135
537012.5.peg.2610.site.70, 1, 134, 135
537012.5.peg.2610.site.71, 3, 134, 137
537012.5.peg.2610.site.72, 6, 134, 140
537012.5.peg.2610.site.73, 28, 134, 162
537012.5.peg.2610.site.74, 6, 132, 138
537012.5.peg.2610.site.75, 1, 134, 135
537012.5.peg.2610.site.76, 6, 134, 140
537012.5.peg.2610.site.77, 5, 133, 138
537012.5.peg.2610.site.78, 4, 134, 138
537012.5.peg.2610.site.79, 71, 131, 202
537012.5.peg.2610.site.80, 0, 134, 134
537012.5.peg.2610.site.81, 29, 133, 162
537012.5.peg.2610.site.82, 6, 134, 140
537012.5.peg.2610.site.83, 1, 134, 135
537012.5.peg.2610.site.84, 6, 134, 140
537012.5.peg.2610.site.85, 36, 133, 169
537012.5.peg.2610.site.86, 29, 131, 160
537012.5.peg.2610.site.87, 5, 125, 130
537012.5.peg.2610.site.88, 44, 117, 161
537012.5.peg.2610.site.89, 39, 106, 145
537012.5.peg.2610.site.90, 3, 107, 110
537012.5.peg.2610.site.91, 3, 115, 118
537012.5.peg.2610.site.92, 30, 125, 155
537012.5.peg.2610.site.93, 5, 124, 129
537012.5.peg.2610.site.94, 0, 112, 112
537012.5.peg.2610.site.95, 5, 111, 116
537012.5.peg.2610.site.96, 3, 107, 110
537012.5.peg.2610.site.97, 3, 105, 108
537012.5.peg.2610.site.98, 2, 111, 113
537012.5.peg.2610.site.99, 6, 110, 116
537012.5.peg.2610.site.100, 1, 127, 128
537012.5.peg.2610.site.101, 1, 127, 128
537012.5.peg.2610.site.102, 3, 128, 131
537012.5.peg.2610.site.103, 1, 127, 128
537012.5.peg.2610.site.104, 2, 133, 135
537012.5.peg.2610.site.105, 5, 133, 138
537012.5.peg.2610.site.106, 6, 131, 137
537012.5.peg.2610.site.107, 77, 130, 207
537012.5.peg.2610.site.108, 6, 132, 138
537012.5.peg.2610.site.109, 6, 132, 138
537012.5.peg.2610.site.110, 6, 132, 138
537012.5.peg.2610.site.111, 1, 134, 135
537012.5.peg.2610.site.112, 0, 132, 132
537012.5.peg.1397.site.1, 45, 133, 178
537012.5.peg.1397.site.2, 3, 134, 137
537012.5.peg.1397.site.3, 2, 134, 136
537012.5.peg.1397.site.4, 22, 132, 154
537012.5.peg.1397.site.5, 3, 133, 136
537012.5.peg.1397.site.6, 13, 133, 146
537012.5.peg.1397.site.7, 3, 134, 137
537012.5.peg.1397.site.8, 4, 133, 137
537012.5.peg.1397.site.9, 6, 134, 140
537012.5.peg.1397.site.10, 4, 132, 136
537012.5.peg.1397.site.11, 3, 131, 134
537012.5.peg.1397.site.12, 36, 129, 165
537012.5.peg.1397.site.13, 126, 131, 257
537012.5.peg.1397.site.14, 114, 133, 247
537012.5.peg.1397.site.15, 6, 133, 139
537012.5.peg.1397.site.16, 57, 134, 191
537012.5.peg.1397.site.17, 22, 133, 155
537012.5.peg.1397.site.18, 19, 133, 152
537012.5.peg.1397.site.19, 1, 133, 134
537012.5.peg.1397.site.20, 3, 134, 137
537012.5.peg.1397.site.21, 7, 134, 141
537012.5.peg.1397.site.22, 7, 132, 139
537012.5.peg.1397.site.23, 9, 130, 139
537012.5.peg.1397.site.24, 5, 131, 136
537012.5.peg.1397.site.25, 5, 130, 135
537012.5.peg.1397.site.26, 4, 130, 134
537012.5.peg.1397.site.27, 24, 134, 158
537012.5.peg.1397.site.28, 77, 134, 211
537012.5.peg.1397.site.29, 24, 133, 157
537012.5.peg.1397.site.30, 3, 134, 137
537012.5.peg.1397.site.31, 16, 133, 149
537012.5.peg.1397.site.32, 10, 132, 142
537012.5.peg.1397.site.33, 8, 133, 141
537012.5.peg.1397.site.34, 9, 131, 140
537012.5.peg.1397.site.35, 11, 131, 142
537012.5.peg.1397.site.36, 3, 132, 135
537012.5.peg.1397.site.37, 7, 130, 137
537012.5.peg.1397.site.38, 3, 132, 135
537012.5.peg.1397.site.39, 6, 128, 134
537012.5.peg.1397.site.40, 11, 129, 140
537012.5.peg.1397.site.41, 15, 124, 139
537012.5.peg.1397.site.42, 5, 125, 130
537012.5.peg.1397.site.43, 5, 124, 129
537012.5.peg.1397.site.44, 5, 125, 130
537012.5.peg.1397.site.45, 22, 124, 146
537012.5.peg.1397.site.46, 40, 127, 167
537012.5.peg.1397.site.47, 1, 128, 129
537012.5.peg.1397.site.48, 36, 130, 166
537012.5.peg.1397.site.49, 4, 130, 134
537012.5.peg.1397.site.50, 1, 134, 135
537012.5.peg.1397.site.51, 0, 133, 133
537012.5.peg.1397.site.52, 12, 134, 146
537012.5.peg.1397.site.53, 0, 133, 133
537012.5.peg.1397.site.54, 1, 133, 134
537012.5.peg.1397.site.55, 63, 133, 196
537012.5.peg.1397.site.56, 3, 133, 136
537012.5.peg.1397.site.57, 3, 131, 134
537012.5.peg.1397.site.58, 8, 131, 139
537012.5.peg.1397.site.59, 7, 134, 141
537012.5.peg.1397.site.60, 2, 133, 135
537012.5.peg.1397.site.61, 5, 133, 138
537012.5.peg.1397.site.62, 27, 133, 160
537012.5.peg.1397.site.63, 13, 132, 145
537012.5.peg.1397.site.64, 3, 133, 136
537012.5.peg.1397.site.65, 15, 134, 149
537012.5.peg.1397.site.66, 4, 134, 138
537012.5.peg.1397.site.67, 4, 134, 138
537012.5.peg.2668.site.1, 4, 132, 136
537012.5.peg.2668.site.2, 1, 134, 135
537012.5.peg.2668.site.3, 0, 129, 129
537012.5.peg.1396.site.1, 5, 123, 128
537012.5.peg.1396.site.2, 33, 118, 151
537012.5.peg.1396.site.3, 1, 122, 123
537012.5.peg.1396.site.4, 2, 126, 128
537012.5.peg.1396.site.5, 1, 125, 126
537012.5.peg.1396.site.6, 20, 124, 144
537012.5.peg.1396.site.7, 0, 126, 126
537012.5.peg.1396.site.8, 34, 124, 158
537012.5.peg.1396.site.9, 19, 124, 143
537012.5.peg.1396.site.10, 124, 126, 250
537012.5.peg.1396.site.11, 3, 126, 129
537012.5.peg.1396.site.12, 67, 124, 191
537012.5.peg.1396.site.13, 11, 126, 137
537012.5.peg.1396.site.14, 11, 126, 137
537012.5.peg.1396.site.15, 16, 124, 140
537012.5.peg.1396.site.16, 2, 126, 128
537012.5.peg.1396.site.17, 16, 126, 142
537012.5.peg.1396.site.18, 1, 127, 128
537012.5.peg.1396.site.19, 2, 128, 130
537012.5.peg.1396.site.20, 16, 128, 144
537012.5.peg.1396.site.21, 2, 128, 130
537012.5.peg.1396.site.22, 26, 129, 155
537012.5.peg.1396.site.23, 0, 129, 129
537012.5.peg.1396.site.24, 3, 134, 137
537012.5.peg.1396.site.25, 8, 133, 141
537012.5.peg.1396.site.26, 19, 131, 150
537012.5.peg.1396.site.27, 4, 133, 137
537012.5.peg.1396.site.28, 1, 134, 135
537012.5.peg.1396.site.29, 58, 133, 191
537012.5.peg.1396.site.30, 7, 133, 140
537012.5.peg.1396.site.31, 33, 131, 164
537012.5.peg.1396.site.32, 1, 132, 133
537012.5.peg.1396.site.33, 1, 132, 133
537012.5.peg.1396.site.34, 130, 132, 262
537012.5.peg.1396.site.35, 4, 130, 134
537012.5.peg.1396.site.36, 6, 132, 138
537012.5.peg.1396.site.37, 1, 132, 133
537012.5.peg.1396.site.38, 1, 133, 134
537012.5.peg.1396.site.39, 21, 132, 153
537012.5.peg.1396.site.40, 2, 134, 136
537012.5.peg.1396.site.41, 15, 134, 149
537012.5.peg.1396.site.42, 2, 133, 135
537012.5.peg.1396.site.43, 3, 130, 133
537012.5.peg.1396.site.44, 3, 130, 133
537012.5.peg.1396.site.45, 3, 130, 133
537012.5.peg.1396.site.46, 4, 130, 134
537012.5.peg.1396.site.47, 16, 126, 142
537012.5.peg.1396.site.48, 18, 127, 145
537012.5.peg.1396.site.49, 16, 133, 149
537012.5.peg.1396.site.50, 11, 133, 144
537012.5.peg.1396.site.51, 32, 132, 164
537012.5.peg.1396.site.52, 7, 134, 141
537012.5.peg.1396.site.53, 31, 133, 164
537012.5.peg.1396.site.54, 4, 134, 138
537012.5.peg.1396.site.55, 4, 134, 138
537012.5.peg.1396.site.56, 30, 134, 164
537012.5.peg.1396.site.57, 1, 134, 135
537012.5.peg.1396.site.58, 39, 132, 171
537012.5.peg.1396.site.59, 29, 134, 163
537012.5.peg.1396.site.60, 4, 133, 137
537012.5.peg.1396.site.61, 18, 132, 150
537012.5.peg.1396.site.62, 8, 134, 142
537012.5.peg.1396.site.63, 18, 131, 149
537012.5.peg.1396.site.64, 1, 134, 135
537012.5.peg.1396.site.65, 1, 134, 135
537012.5.peg.1396.site.66, 1, 134, 135
537012.5.peg.1396.site.67, 18, 132, 150
537012.5.peg.1396.site.68, 2, 134, 136
537012.5.peg.579.site.1, 0, 122, 122
537012.5.peg.579.site.2, 11, 127, 138
537012.5.peg.579.site.3, 1, 125, 126
537012.5.peg.579.site.4, 1, 129, 130
537012.5.peg.579.site.5, 0, 128, 128
537012.5.peg.579.site.6, 1, 128, 129
537012.5.peg.579.site.7, 9, 123, 132
537012.5.peg.579.site.8, 2, 109, 111
537012.5.peg.579.site.9, 2, 109, 111
537012.5.peg.579.site.10, 2, 109, 111
537012.5.peg.579.site.11, 1, 107, 108
537012.5.peg.579.site.12, 19, 107, 126
537012.5.peg.579.site.13, 23, 111, 134
537012.5.peg.579.site.14, 1, 113, 114
537012.5.peg.579.site.15, 26, 108, 134
537012.5.peg.579.site.16, 0, 130, 130
537012.5.peg.579.site.17, 4, 129, 133
537012.5.peg.579.site.18, 2, 130, 132
537012.5.peg.579.site.19, 0, 133, 133
537012.5.peg.579.site.20, 35, 132, 167
537012.5.peg.579.site.21, 18, 133, 151
537012.5.peg.579.site.22, 2, 132, 134
537012.5.peg.579.site.23, 9, 133, 142
537012.5.peg.579.site.24, 1, 132, 133
537012.5.peg.579.site.25, 8, 130, 138
537012.5.peg.579.site.26, 3, 131, 134
537012.5.peg.579.site.27, 1, 132, 133
537012.5.peg.579.site.28, 0, 131, 131
537012.5.peg.579.site.29, 69, 132, 201
537012.5.peg.579.site.30, 5, 134, 139
537012.5.peg.579.site.31, 6, 133, 139
537012.5.peg.579.site.32, 36, 131, 167
537012.5.peg.579.site.33, 17, 131, 148
537012.5.peg.579.site.34, 1, 131, 132
537012.5.peg.579.site.35, 1, 130, 131
537012.5.peg.579.site.36, 2, 121, 123
537012.5.peg.579.site.37, 59, 108, 167
537012.5.peg.579.site.38, 3, 104, 107
537012.5.peg.579.site.39, 23, 91, 114
537012.5.peg.579.site.40, 2, 85, 87
537012.5.peg.579.site.41, 61, 78, 139
537012.5.peg.579.site.42, 16, 67, 83
537012.5.peg.579.site.43, 61, 72, 133
537012.5.peg.579.site.44, 64, 75, 139
537012.5.peg.579.site.45, 2, 70, 72
537012.5.peg.579.site.46, 4, 80, 84
537012.5.peg.579.site.47, 3, 113, 116
537012.5.peg.579.site.48, 30, 117, 147
537012.5.peg.579.site.49, 1, 130, 131
537012.5.peg.579.site.50, 0, 129, 129
537012.5.peg.579.site.51, 4, 132, 136
537012.5.peg.579.site.52, 6, 129, 135
537012.5.peg.579.site.53, 1, 129, 130
537012.5.peg.579.site.54, 48, 127, 175
537012.5.peg.579.site.55, 8, 132, 140
537012.5.peg.579.site.56, 34, 133, 167
537012.5.peg.579.site.57, 3, 132, 135
537012.5.peg.579.site.58, 1, 134, 135
537012.5.peg.579.site.59, 1, 133, 134
537012.5.peg.579.site.60, 1, 134, 135
537012.5.peg.579.site.61, 8, 134, 142
537012.5.peg.579.site.62, 3, 134, 137
537012.5.peg.579.site.63, 1, 131, 132
537012.5.peg.579.site.64, 2, 130, 132
537012.5.peg.579.site.65, 44, 117, 161
537012.5.peg.579.site.66, 6, 119, 125
537012.5.peg.579.site.67, 5, 119, 124
537012.5.peg.579.site.68, 3, 120, 123
537012.5.peg.579.site.69, 36, 110, 146
537012.5.peg.579.site.70, 1, 100, 101
537012.5.peg.579.site.71, 21, 96, 117
537012.5.peg.579.site.72, 26, 92, 118
537012.5.peg.579.site.73, 15, 82, 97
537012.5.peg.579.site.74, 2, 81, 83
537012.5.peg.579.site.75, 4, 79, 83
537012.5.peg.579.site.76, 2, 81, 83
537012.5.peg.579.site.77, 3, 86, 89
537012.5.peg.579.site.78, 7, 85, 92
537012.5.peg.579.site.79, 27, 96, 123
537012.5.peg.579.site.80, 1, 101, 102
537012.5.peg.579.site.81, 1, 113, 114
537012.5.peg.579.site.82, 13, 123, 136
537012.5.peg.579.site.83, 1, 128, 129
537012.5.peg.579.site.84, 1, 129, 130
537012.5.peg.579.site.85, 27, 131, 158
537012.5.peg.579.site.86, 6, 132, 138
537012.5.peg.579.site.87, 9, 131, 140
537012.5.peg.579.site.88, 7, 133, 140
537012.5.peg.579.site.89, 7, 133, 140
537012.5.peg.579.site.90, 1, 132, 133
537012.5.peg.579.site.91, 1, 132, 133
537012.5.peg.579.site.92, 3, 134, 137
537012.5.peg.579.site.93, 2, 134, 136
537012.5.peg.579.site.94, 4, 132, 136
537012.5.peg.1394.site.1, 19, 106, 125
537012.5.peg.1394.site.2, 7, 105, 112
537012.5.peg.1394.site.3, 7, 105, 112
537012.5.peg.1394.site.4, 6, 107, 113
537012.5.peg.1394.site.5, 4, 119, 123
537012.5.peg.1394.site.6, 12, 116, 128
537012.5.peg.1394.site.7, 16, 121, 137
537012.5.peg.1394.site.8, 13, 118, 131
537012.5.peg.1394.site.9, 16, 121, 137
537012.5.peg.1394.site.10, 81, 122, 203
537012.5.peg.1394.site.11, 35, 124, 159
537012.5.peg.1394.site.12, 20, 121, 141
537012.5.peg.1394.site.13, 3, 124, 127
537012.5.peg.1394.site.14, 3, 125, 128
537012.5.peg.1394.site.15, 18, 123, 141
537012.5.peg.1394.site.16, 16, 121, 137
537012.5.peg.1394.site.17, 17, 120, 137
537012.5.peg.1394.site.18, 11, 117, 128
537012.5.peg.1394.site.19, 4, 117, 121
537012.5.peg.1394.site.20, 16, 119, 135
537012.5.peg.1394.site.21, 14, 120, 134
537012.5.peg.1394.site.22, 3, 122, 125
537012.5.peg.1394.site.23, 10, 115, 125
537012.5.peg.1394.site.24, 8, 112, 120
537012.5.peg.1394.site.25, 1, 107, 108
537012.5.peg.1394.site.26, 2, 107, 109
537012.5.peg.1394.site.27, 25, 114, 139
537012.5.peg.1394.site.28, 3, 113, 116
537012.5.peg.1394.site.29, 24, 113, 137
537012.5.peg.1394.site.30, 6, 115, 121
537012.5.peg.1394.site.31, 16, 115, 131
537012.5.peg.1394.site.32, 21, 110, 131
537012.5.peg.1394.site.33, 3, 109, 112
537012.5.peg.1394.site.34, 1, 107, 108
537012.5.peg.1394.site.35, 15, 107, 122
537012.5.peg.1394.site.36, 58, 107, 165
537012.5.peg.1394.site.37, 3, 108, 111
537012.5.peg.1394.site.38, 4, 110, 114
537012.5.peg.1394.site.39, 5, 113, 118
537012.5.peg.1394.site.40, 10, 112, 122
537012.5.peg.1394.site.41, 10, 111, 121
537012.5.peg.1394.site.42, 12, 113, 125
537012.5.peg.1394.site.43, 3, 118, 121
537012.5.peg.1394.site.44, 1, 118, 119
537012.5.peg.1394.site.45, 3, 118, 121
537012.5.peg.1394.site.46, 1, 119, 120
537012.5.peg.1394.site.47, 15, 119, 134
537012.5.peg.1394.site.48, 17, 120, 137
537012.5.peg.1394.site.49, 6, 122, 128
537012.5.peg.1394.site.50, 3, 107, 110
537012.5.peg.1394.site.51, 1, 106, 107
537012.5.peg.1394.site.52, 3, 107, 110
537012.5.peg.1394.site.53, 0, 107, 107
537012.5.peg.1394.site.54, 6, 107, 113
537012.5.peg.1394.site.55, 88, 107, 195
537012.5.peg.1394.site.56, 0, 106, 106
537012.5.peg.1394.site.57, 3, 106, 109
537012.5.peg.1394.site.58, 4, 111, 115
537012.5.peg.1394.site.59, 8, 115, 123
537012.5.peg.1394.site.60, 1, 120, 121
537012.5.peg.1394.site.61, 36, 120, 156
537012.5.peg.1394.site.62, 16, 122, 138
537012.5.peg.1394.site.63, 8, 123, 131
537012.5.peg.1394.site.64, 14, 121, 135
537012.5.peg.1394.site.65, 31, 122, 153
537012.5.peg.1394.site.66, 19, 123, 142
537012.5.peg.1394.site.67, 14, 116, 130
537012.5.peg.1394.site.68, 1, 107, 108
537012.5.peg.1394.site.69, 10, 112, 122
537012.5.peg.1394.site.70, 11, 114, 125
537012.5.peg.1394.site.71, 19, 119, 138
537012.5.peg.1394.site.72, 3, 118, 121
537012.5.peg.1394.site.73, 3, 108, 111
537012.5.peg.1394.site.74, 3, 105, 108
537012.5.peg.1394.site.75, 3, 105, 108
537012.5.peg.1394.site.76, 1, 106, 107
537012.5.peg.1394.site.77, 3, 105, 108
537012.5.peg.1394.site.78, 94, 106, 200
537012.5.peg.1394.site.79, 1, 107, 108
537012.5.peg.1394.site.80, 8, 108, 116
537012.5.peg.1394.site.81, 2, 108, 110
537012.5.peg.1394.site.82, 6, 112, 118
537012.5.peg.1394.site.83, 14, 119, 133
537012.5.peg.1394.site.84, 11, 123, 134
537012.5.peg.1394.site.85, 17, 123, 140
537012.5.peg.1394.site.86, 10, 116, 126
537012.5.peg.1394.site.87, 8, 114, 122
537012.5.peg.1394.site.88, 17, 122, 139
537012.5.peg.1394.site.89, 2, 123, 125
537012.5.peg.1394.site.90, 11, 123, 134
537012.5.peg.1394.site.91, 109, 123, 232
537012.5.peg.846.site.1, 4, 130, 134
537012.5.peg.846.site.2, 1, 130, 131
537012.5.peg.846.site.3, 7, 130, 137
537012.5.peg.846.site.4, 1, 132, 133
537012.5.peg.846.site.5, 0, 132, 132
537012.5.peg.846.site.6, 1, 132, 133
537012.5.peg.846.site.7, 10, 126, 136
537012.5.peg.846.site.8, 1, 129, 130
537012.5.peg.846.site.9, 9, 127, 136
537012.5.peg.2875.site.1, 28, 127, 155
537012.5.peg.2875.site.2, 2, 127, 129
537012.5.peg.2875.site.3, 27, 124, 151
537012.5.peg.2875.site.4, 2, 127, 129
537012.5.peg.2875.site.5, 3, 127, 130
537012.5.peg.2875.site.6, 7, 124, 131
537012.5.peg.2873.site.1, 6, 133, 139
537012.5.peg.2873.site.2, 2, 131, 133
537012.5.peg.2873.site.3, 1, 134, 135
537012.5.peg.2873.site.4, 1, 133, 134
537012.5.peg.2873.site.5, 8, 133, 141
537012.5.peg.2873.site.6, 1, 133, 134
537012.5.peg.2873.site.7, 1, 133, 134
537012.5.peg.2873.site.8, 9, 130, 139
537012.5.peg.2873.site.9, 4, 133, 137
537012.5.peg.2873.site.10, 107, 133, 240
537012.5.peg.2873.site.11, 6, 132, 138
537012.5.peg.2873.site.12, 0, 125, 125
537012.5.peg.2873.site.13, 11, 128, 139
537012.5.peg.2873.site.14, 95, 128, 223
537012.5.peg.2873.site.15, 28, 123, 151
537012.5.peg.2873.site.16, 27, 121, 148
537012.5.peg.2873.site.17, 4, 117, 121
537012.5.peg.2873.site.18, 82, 114, 196
537012.5.peg.2873.site.19, 4, 113, 117
537012.5.peg.2873.site.20, 1, 111, 112
537012.5.peg.2873.site.21, 47, 110, 157
537012.5.peg.2873.site.22, 4, 111, 115
537012.5.peg.2873.site.23, 10, 113, 123
537012.5.peg.2873.site.24, 17, 115, 132
537012.5.peg.2873.site.25, 17, 116, 133
537012.5.peg.2873.site.26, 27, 114, 141
537012.5.peg.2873.site.27, 2, 108, 110
537012.5.peg.2873.site.28, 20, 98, 118
537012.5.peg.2873.site.29, 43, 87, 130
537012.5.peg.2873.site.30, 15, 99, 114
537012.5.peg.2873.site.31, 12, 104, 116
537012.5.peg.2873.site.32, 20, 112, 132
537012.5.peg.2873.site.33, 12, 120, 132
537012.5.peg.2873.site.34, 13, 115, 128
537012.5.peg.2873.site.35, 12, 115, 127
537012.5.peg.2873.site.36, 2, 115, 117
537012.5.peg.2873.site.37, 1, 114, 115
537012.5.peg.2873.site.38, 8, 98, 106
537012.5.peg.2873.site.39, 2, 95, 97
537012.5.peg.2873.site.40, 0, 90, 90
537012.5.peg.2873.site.41, 29, 87, 116
537012.5.peg.2873.site.42, 1, 115, 116
537012.5.peg.2873.site.43, 1, 129, 130
537012.5.peg.2873.site.44, 1, 129, 130
537012.5.peg.2873.site.45, 9, 121, 130
537012.5.peg.2873.site.46, 1, 118, 119
537012.5.peg.2873.site.47, 21, 110, 131
537012.5.peg.2873.site.48, 5, 116, 121
537012.5.peg.2873.site.49, 11, 117, 128
537012.5.peg.2872.site.1, 79, 133, 212
537012.5.peg.2872.site.2, 5, 132, 137
537012.5.peg.2872.site.3, 89, 130, 219
537012.5.peg.2872.site.4, 86, 129, 215
537012.5.peg.2872.site.5, 3, 129, 132
537012.5.peg.2872.site.6, 51, 129, 180
537012.5.peg.2872.site.7, 61, 130, 191
537012.5.peg.2872.site.8, 6, 133, 139
537012.5.peg.2872.site.9, 6, 133, 139
537012.5.peg.2872.site.10, 5, 132, 137
537012.5.peg.2872.site.11, 29, 130, 159
537012.5.peg.2872.site.12, 2, 133, 135
537012.5.peg.2872.site.13, 6, 133, 139
537012.5.peg.2872.site.14, 79, 131, 210
537012.5.peg.2872.site.15, 56, 132, 188
537012.5.peg.2872.site.16, 5, 132, 137
537012.5.peg.2872.site.17, 13, 133, 146
537012.5.peg.2872.site.18, 6, 133, 139
537012.5.peg.2872.site.19, 6, 133, 139
537012.5.peg.2872.site.20, 6, 133, 139
537012.5.peg.2872.site.21, 130, 133, 263
537012.5.peg.2872.site.22, 14, 133, 147
537012.5.peg.2872.site.23, 3, 133, 136
537012.5.peg.2872.site.24, 22, 131, 153
537012.5.peg.2872.site.25, 12, 133, 145
537012.5.peg.2872.site.26, 62, 130, 192
537012.5.peg.2872.site.27, 21, 128, 149
537012.5.peg.2872.site.28, 69, 128, 197
537012.5.peg.2872.site.29, 10, 131, 141
537012.5.peg.2872.site.30, 5, 131, 136
537012.5.peg.2872.site.31, 5, 132, 137
537012.5.peg.2872.site.32, 3, 133, 136
537012.5.peg.2872.site.33, 3, 133, 136
537012.5.peg.2872.site.34, 35, 131, 166
537012.5.peg.2872.site.35, 8, 133, 141
537012.5.peg.2872.site.36, 109, 133, 242
537012.5.peg.2872.site.37, 56, 130, 186
537012.5.peg.2872.site.38, 3, 133, 136
537012.5.peg.2872.site.39, 73, 130, 203
537012.5.peg.2872.site.40, 3, 133, 136
537012.5.peg.2872.site.41, 16, 133, 149
537012.5.peg.2872.site.42, 4, 131, 135
537012.5.peg.2872.site.43, 34, 133, 167
537012.5.peg.2872.site.44, 5, 133, 138
537012.5.peg.2872.site.45, 62, 132, 194
537012.5.peg.2872.site.46, 10, 132, 142
537012.5.peg.2872.site.47, 11, 133, 144
537012.5.peg.2872.site.48, 5, 132, 137
537012.5.peg.2872.site.49, 3, 133, 136
537012.5.peg.2872.site.50, 10, 132, 142
537012.5.peg.2872.site.51, 12, 132, 144
537012.5.peg.2872.site.52, 7, 131, 138
537012.5.peg.2872.site.53, 5, 132, 137
537012.5.peg.2872.site.54, 22, 130, 152
537012.5.peg.2872.site.55, 50, 131, 181
537012.5.peg.2872.site.56, 6, 132, 138
537012.5.peg.2872.site.57, 10, 131, 141
537012.5.peg.2871.site.1, 0, 74, 74
537012.5.peg.2871.site.2, 20, 75, 95
537012.5.peg.2871.site.3, 59, 75, 134
537012.5.peg.2871.site.4, 1, 77, 78
537012.5.peg.2871.site.5, 4, 76, 80
537012.5.peg.2871.site.6, 2, 77, 79
537012.5.peg.2871.site.7, 2, 77, 79
537012.5.peg.2871.site.8, 5, 75, 80
537012.5.peg.2871.site.9, 4, 76, 80
537012.5.peg.2871.site.10, 71, 76, 147
537012.5.peg.2871.site.11, 8, 76, 84
537012.5.peg.2871.site.12, 5, 76, 81
537012.5.peg.2871.site.13, 1, 76, 77
537012.5.peg.2871.site.14, 5, 76, 81
537012.5.peg.2871.site.15, 15, 77, 92
537012.5.peg.2871.site.16, 7, 73, 80
537012.5.peg.2871.site.17, 7, 75, 82
537012.5.peg.2871.site.18, 50, 72, 122
537012.5.peg.2871.site.19, 11, 76, 87
537012.5.peg.2871.site.20, 11, 76, 87
537012.5.peg.2871.site.21, 6, 75, 81
537012.5.peg.2871.site.22, 3, 77, 80
537012.5.peg.2871.site.23, 44, 76, 120
537012.5.peg.2871.site.24, 6, 76, 82
537012.5.peg.2871.site.25, 9, 75, 84
537012.5.peg.2871.site.26, 5, 77, 82
537012.5.peg.2871.site.27, 5, 79, 84
537012.5.peg.2871.site.28, 4, 79, 83
537012.5.peg.2871.site.29, 1, 81, 82
537012.5.peg.2871.site.30, 60, 79, 139
537012.5.peg.2871.site.31, 7, 109, 116
537012.5.peg.2871.site.32, 13, 110, 123
537012.5.peg.2871.site.33, 36, 119, 155
537012.5.peg.2871.site.34, 0, 132, 132
537012.5.peg.2871.site.35, 9, 132, 141
537012.5.peg.2271.site.1, 1, 134, 135
537012.5.peg.2271.site.2, 0, 134, 134
537012.5.peg.2271.site.3, 2, 134, 136
537012.5.peg.2271.site.4, 6, 131, 137
537012.5.peg.2271.site.5, 33, 132, 165
537012.5.peg.2271.site.6, 8, 133, 141
537012.5.peg.2271.site.7, 7, 132, 139
537012.5.peg.2271.site.8, 1, 132, 133
537012.5.peg.2271.site.9, 6, 131, 137
537012.5.peg.2271.site.10, 3, 126, 129
537012.5.peg.2271.site.11, 1, 127, 128
537012.5.peg.2271.site.12, 2, 127, 129
537012.5.peg.2271.site.13, 1, 127, 128
537012.5.peg.2271.site.14, 5, 124, 129
537012.5.peg.2271.site.15, 26, 126, 152
537012.5.peg.2271.site.16, 0, 126, 126
537012.5.peg.2271.site.17, 1, 132, 133
537012.5.peg.2271.site.18, 1, 132, 133
537012.5.peg.2271.site.19, 12, 131, 143
537012.5.peg.2270.site.1, 2, 127, 129
537012.5.peg.2270.site.2, 1, 126, 127
537012.5.peg.2270.site.3, 5, 126, 131
537012.5.peg.2270.site.4, 17, 126, 143
537012.5.peg.2270.site.5, 32, 130, 162
537012.5.peg.2270.site.6, 9, 128, 137
537012.5.peg.2270.site.7, 0, 129, 129
537012.5.peg.2270.site.8, 5, 133, 138
537012.5.peg.2270.site.9, 49, 133, 182
537012.5.peg.2270.site.10, 5, 132, 137
537012.5.peg.2270.site.11, 4, 132, 136
537012.5.peg.2270.site.12, 1, 133, 134
537012.5.peg.2270.site.13, 5, 132, 137
537012.5.peg.2270.site.14, 13, 131, 144
537012.5.peg.2270.site.15, 1, 133, 134
537012.5.peg.2270.site.16, 0, 134, 134
537012.5.peg.2270.site.17, 1, 134, 135
537012.5.peg.2270.site.18, 0, 133, 133
537012.5.peg.2270.site.19, 5, 132, 137
537012.5.peg.2273.site.1, 121, 122, 243
537012.5.peg.2273.site.2, 0, 124, 124
537012.5.peg.2272.site.1, 2, 125, 127
537012.5.peg.2272.site.2, 109, 127, 236
537012.5.peg.2272.site.3, 1, 127, 128
537012.5.peg.2272.site.4, 8, 127, 135
537012.5.peg.2272.site.5, 0, 126, 126
537012.5.peg.2272.site.6, 32, 127, 159
537012.5.peg.2272.site.7, 22, 125, 147
537012.5.peg.2272.site.8, 3, 125, 128
537012.5.peg.2272.site.9, 3, 127, 130
537012.5.peg.2272.site.10, 4, 124, 128
537012.5.peg.2272.site.11, 32, 125, 157
537012.5.peg.2272.site.12, 17, 125, 142
537012.5.peg.2272.site.13, 5, 126, 131
537012.5.peg.2272.site.14, 9, 127, 136
537012.5.peg.2272.site.15, 8, 127, 135
537012.5.peg.2272.site.16, 34, 124, 158
537012.5.peg.2272.site.17, 30, 126, 156
537012.5.peg.2272.site.18, 4, 125, 129
537012.5.peg.2272.site.19, 4, 125, 129
537012.5.peg.2272.site.20, 1, 123, 124
537012.5.peg.2272.site.21, 21, 123, 144
537012.5.peg.2272.site.22, 1, 123, 124
537012.5.peg.2272.site.23, 6, 123, 129
537012.5.peg.2272.site.24, 9, 123, 132
537012.5.peg.2272.site.25, 1, 123, 124
537012.5.peg.2272.site.26, 22, 127, 149
537012.5.peg.2272.site.27, 1, 124, 125
537012.5.peg.2272.site.28, 0, 126, 126
537012.5.peg.2272.site.29, 2, 124, 126
537012.5.peg.2275.site.1, 2, 123, 125
537012.5.peg.2275.site.2, 77, 122, 199
537012.5.peg.2275.site.3, 17, 123, 140
537012.5.peg.2275.site.4, 1, 120, 121
537012.5.peg.2275.site.5, 1, 118, 119
537012.5.peg.2275.site.6, 44, 120, 164
537012.5.peg.2275.site.7, 72, 122, 194
537012.5.peg.2275.site.8, 3, 122, 125
537012.5.peg.2275.site.9, 1, 126, 127
537012.5.peg.2275.site.10, 2, 125, 127
537012.5.peg.2275.site.11, 11, 122, 133
537012.5.peg.2275.site.12, 0, 122, 122
537012.5.peg.2275.site.13, 2, 123, 125
537012.5.peg.2275.site.14, 2, 124, 126
537012.5.peg.2275.site.15, 2, 121, 123
537012.5.peg.2275.site.16, 0, 123, 123
537012.5.peg.2275.site.17, 2, 124, 126
537012.5.peg.2275.site.18, 1, 124, 125
537012.5.peg.2275.site.19, 2, 122, 124
537012.5.peg.2275.site.20, 2, 122, 124
537012.5.peg.2275.site.21, 0, 122, 122
537012.5.peg.2275.site.22, 20, 121, 141
537012.5.peg.2275.site.23, 2, 123, 125
537012.5.peg.2275.site.24, 11, 125, 136
537012.5.peg.2275.site.25, 2, 124, 126
537012.5.peg.2275.site.26, 0, 123, 123
537012.5.peg.2275.site.27, 38, 122, 160
537012.5.peg.2275.site.28, 0, 123, 123
537012.5.peg.2275.site.29, 0, 123, 123
537012.5.peg.2275.site.30, 104, 123, 227
537012.5.peg.2275.site.31, 2, 122, 124
537012.5.peg.2275.site.32, 0, 117, 117
537012.5.peg.2275.site.33, 0, 118, 118
537012.5.peg.2275.site.34, 0, 118, 118
537012.5.peg.2275.site.35, 0, 120, 120
537012.5.peg.2275.site.36, 0, 120, 120
537012.5.peg.2275.site.37, 11, 120, 131
537012.5.peg.2275.site.38, 98, 122, 220
537012.5.peg.2275.site.39, 2, 122, 124
537012.5.peg.2275.site.40, 0, 121, 121
537012.5.peg.2275.site.41, 37, 120, 157
537012.5.peg.2274.site.1, 2, 123, 125
537012.5.peg.2274.site.2, 4, 122, 126
537012.5.peg.2274.site.3, 85, 123, 208
537012.5.peg.2274.site.4, 4, 120, 124
537012.5.peg.2274.site.5, 2, 123, 125
537012.5.peg.2274.site.6, 11, 123, 134
537012.5.peg.2274.site.7, 64, 122, 186
537012.5.peg.2274.site.8, 4, 126, 130
537012.5.peg.2274.site.9, 2, 127, 129
537012.5.peg.2274.site.10, 4, 125, 129
537012.5.peg.2274.site.11, 3, 124, 127
537012.5.peg.2274.site.12, 3, 125, 128
537012.5.peg.2274.site.13, 4, 126, 130
537012.5.peg.2274.site.14, 3, 126, 129
537012.5.peg.2274.site.15, 1, 127, 128
537012.5.peg.2274.site.16, 3, 126, 129
537012.5.peg.2274.site.17, 3, 125, 128
537012.5.peg.2274.site.18, 9, 122, 131
537012.5.peg.2274.site.19, 3, 124, 127
537012.5.peg.2274.site.20, 2, 124, 126
537012.5.peg.2274.site.21, 3, 125, 128
537012.5.peg.2274.site.22, 7, 126, 133
537012.5.peg.2274.site.23, 3, 125, 128
537012.5.peg.2274.site.24, 10, 122, 132
537012.5.peg.2274.site.25, 0, 123, 123
537012.5.peg.2274.site.26, 3, 122, 125
537012.5.peg.2274.site.27, 118, 123, 241
537012.5.peg.2277.site.1, 37, 117, 154
537012.5.peg.2277.site.2, 1, 104, 105
537012.5.peg.2277.site.3, 0, 106, 106
537012.5.peg.2277.site.4, 0, 108, 108
537012.5.peg.2277.site.5, 0, 109, 109
537012.5.peg.2277.site.6, 0, 110, 110
537012.5.peg.2277.site.7, 0, 109, 109
537012.5.peg.2277.site.8, 71, 119, 190
537012.5.peg.2277.site.9, 1, 122, 123
537012.5.peg.2277.site.10, 110, 122, 232
537012.5.peg.2277.site.11, 0, 121, 121
537012.5.peg.2277.site.12, 3, 124, 127
537012.5.peg.2277.site.13, 1, 122, 123
537012.5.peg.2277.site.14, 4, 125, 129
537012.5.peg.2277.site.15, 3, 127, 130
537012.5.peg.2277.site.16, 4, 126, 130
537012.5.peg.2277.site.17, 1, 121, 122
537012.5.peg.2277.site.18, 0, 122, 122
537012.5.peg.2277.site.19, 3, 122, 125
537012.5.peg.2277.site.20, 3, 124, 127
537012.5.peg.2277.site.21, 4, 125, 129
537012.5.peg.2277.site.22, 5, 126, 131
537012.5.peg.2277.site.23, 0, 126, 126
537012.5.peg.2277.site.24, 3, 123, 126
537012.5.peg.2277.site.25, 4, 125, 129
537012.5.peg.2277.site.26, 0, 126, 126
537012.5.peg.2277.site.27, 4, 125, 129
537012.5.peg.2277.site.28, 4, 125, 129
537012.5.peg.2277.site.29, 17, 127, 144
537012.5.peg.2277.site.30, 104, 123, 227
537012.5.peg.2277.site.31, 0, 127, 127
537012.5.peg.2277.site.32, 2, 127, 129
537012.5.peg.2277.site.33, 4, 125, 129
537012.5.peg.2277.site.34, 0, 126, 126
537012.5.peg.2277.site.35, 12, 127, 139
537012.5.peg.2277.site.36, 5, 126, 131
537012.5.peg.2277.site.37, 0, 126, 126
537012.5.peg.2277.site.38, 0, 126, 126
537012.5.peg.2277.site.39, 0, 125, 125
537012.5.peg.2277.site.40, 5, 125, 130
537012.5.peg.2277.site.41, 0, 126, 126
537012.5.peg.2277.site.42, 29, 127, 156
537012.5.peg.2277.site.43, 12, 127, 139
537012.5.peg.2277.site.44, 83, 127, 210
537012.5.peg.2277.site.45, 4, 125, 129
537012.5.peg.2277.site.46, 4, 125, 129
537012.5.peg.2277.site.47, 51, 123, 174
537012.5.peg.2277.site.48, 4, 125, 129
537012.5.peg.2277.site.49, 1, 125, 126
537012.5.peg.2277.site.50, 0, 126, 126
537012.5.peg.2277.site.51, 4, 125, 129
537012.5.peg.2277.site.52, 12, 124, 136
537012.5.peg.2277.site.53, 4, 123, 127
537012.5.peg.2277.site.54, 4, 123, 127
537012.5.peg.2277.site.55, 10, 124, 134
537012.5.peg.2277.site.56, 0, 120, 120
537012.5.peg.2277.site.57, 2, 111, 113
537012.5.peg.2277.site.58, 15, 106, 121
537012.5.peg.2277.site.59, 35, 80, 115
537012.5.peg.2277.site.60, 25, 84, 109
537012.5.peg.2277.site.61, 25, 83, 108
537012.5.peg.2277.site.62, 0, 81, 81
537012.5.peg.2277.site.63, 57, 78, 135
537012.5.peg.2277.site.64, 16, 81, 97
537012.5.peg.2277.site.65, 3, 77, 80
537012.5.peg.2277.site.66, 2, 76, 78
537012.5.peg.2277.site.67, 61, 74, 135
537012.5.peg.2277.site.68, 2, 77, 79
537012.5.peg.2277.site.69, 4, 77, 81
537012.5.peg.2277.site.70, 38, 78, 116
537012.5.peg.2277.site.71, 2, 114, 116
537012.5.peg.2277.site.72, 16, 109, 125
537012.5.peg.2277.site.73, 3, 104, 107
537012.5.peg.2277.site.74, 78, 114, 192
537012.5.peg.2277.site.75, 2, 82, 84
537012.5.peg.2276.site.1, 0, 126, 126
537012.5.peg.2276.site.2, 0, 126, 126
537012.5.peg.2276.site.3, 0, 126, 126
537012.5.peg.2276.site.4, 57, 125, 182
537012.5.peg.2276.site.5, 0, 126, 126
537012.5.peg.2276.site.6, 2, 123, 125
537012.5.peg.2276.site.7, 35, 121, 156
537012.5.peg.2276.site.8, 2, 121, 123
537012.5.peg.2276.site.9, 3, 122, 125
537012.5.peg.2276.site.10, 2, 122, 124
537012.5.peg.2276.site.11, 2, 121, 123
537012.5.peg.2276.site.12, 2, 98, 100
537012.5.peg.2276.site.13, 1, 90, 91
537012.5.peg.2276.site.14, 5, 83, 88
537012.5.peg.2276.site.15, 51, 84, 135
537012.5.peg.2276.site.16, 9, 83, 92
537012.5.peg.2276.site.17, 24, 85, 109
537012.5.peg.2276.site.18, 1, 95, 96
537012.5.peg.2276.site.19, 2, 118, 120
537012.5.peg.2276.site.20, 35, 121, 156
537012.5.peg.2276.site.21, 0, 120, 120
537012.5.peg.2276.site.22, 117, 121, 238
537012.5.peg.2276.site.23, 0, 120, 120
537012.5.peg.2276.site.24, 0, 121, 121
537012.5.peg.2276.site.25, 0, 121, 121
537012.5.peg.2276.site.26, 1, 123, 124
537012.5.peg.2276.site.27, 1, 129, 130
537012.5.peg.2276.site.28, 0, 129, 129
537012.5.peg.2276.site.29, 1, 129, 130
537012.5.peg.2276.site.30, 1, 129, 130
537012.5.peg.2276.site.31, 3, 129, 132
537012.5.peg.2276.site.32, 4, 125, 129
537012.5.peg.2276.site.33, 16, 124, 140
537012.5.peg.2276.site.34, 3, 125, 128
537012.5.peg.2276.site.35, 4, 125, 129
537012.5.peg.2276.site.36, 0, 121, 121
537012.5.peg.2276.site.37, 0, 121, 121
537012.5.peg.2276.site.38, 2, 124, 126
537012.5.peg.2279.site.1, 5, 130, 135
537012.5.peg.2279.site.2, 1, 132, 133
537012.5.peg.2279.site.3, 8, 129, 137
537012.5.peg.2279.site.4, 2, 131, 133
537012.5.peg.2279.site.5, 1, 131, 132
537012.5.peg.2279.site.6, 3, 131, 134
537012.5.peg.2279.site.7, 4, 132, 136
537012.5.peg.2279.site.8, 0, 134, 134
537012.5.peg.2279.site.9, 12, 131, 143
537012.5.peg.2279.site.10, 11, 134, 145
537012.5.peg.2279.site.11, 15, 132, 147
537012.5.peg.2279.site.12, 1, 134, 135
537012.5.peg.2279.site.13, 1, 133, 134
537012.5.peg.2279.site.14, 5, 133, 138
537012.5.peg.2279.site.15, 5, 133, 138
537012.5.peg.2279.site.16, 1, 134, 135
537012.5.peg.2279.site.17, 6, 133, 139
537012.5.peg.2279.site.18, 6, 134, 140
537012.5.peg.2279.site.19, 12, 133, 145
537012.5.peg.2279.site.20, 4, 132, 136
537012.5.peg.2279.site.21, 1, 134, 135
537012.5.peg.2279.site.22, 1, 134, 135
537012.5.peg.2279.site.23, 0, 134, 134
537012.5.peg.2279.site.24, 133, 134, 267
537012.5.peg.2279.site.25, 1, 129, 130
537012.5.peg.2279.site.26, 2, 131, 133
537012.5.peg.2279.site.27, 2, 131, 133
537012.5.peg.2279.site.28, 3, 134, 137
537012.5.peg.2279.site.29, 1, 134, 135
537012.5.peg.2279.site.30, 4, 132, 136
537012.5.peg.2279.site.31, 133, 134, 267
537012.5.peg.2279.site.32, 11, 134, 145
537012.5.peg.2279.site.33, 5, 133, 138
537012.5.peg.2279.site.34, 10, 131, 141
537012.5.peg.2279.site.35, 0, 129, 129
537012.5.peg.2279.site.36, 0, 130, 130
537012.5.peg.3673.site.1, 3, 134, 137
537012.5.peg.3673.site.2, 18, 132, 150
537012.5.peg.3673.site.3, 3, 132, 135
537012.5.peg.3673.site.4, 1, 131, 132
537012.5.peg.3673.site.5, 6, 131, 137
537012.5.peg.3673.site.6, 1, 134, 135
537012.5.peg.3673.site.7, 0, 133, 133
537012.5.peg.3673.site.8, 95, 133, 228
537012.5.peg.3673.site.9, 56, 134, 190
537012.5.peg.3673.site.10, 67, 133, 200
537012.5.peg.3673.site.11, 74, 134, 208
537012.5.peg.3673.site.12, 3, 134, 137
537012.5.peg.3673.site.13, 1, 134, 135
537012.5.peg.3673.site.14, 2, 134, 136
537012.5.peg.3673.site.15, 5, 133, 138
537012.5.peg.3673.site.16, 10, 134, 144
537012.5.peg.3673.site.17, 8, 134, 142
537012.5.peg.3673.site.18, 0, 133, 133
537012.5.peg.3673.site.19, 0, 133, 133
537012.5.peg.3673.site.20, 1, 132, 133
537012.5.peg.3673.site.21, 1, 132, 133
537012.5.peg.3673.site.22, 2, 132, 134
537012.5.peg.3673.site.23, 7, 131, 138
537012.5.peg.3673.site.24, 4, 126, 130
537012.5.peg.3673.site.25, 8, 127, 135
537012.5.peg.3673.site.26, 2, 127, 129
537012.5.peg.3673.site.27, 36, 124, 160
537012.5.peg.3673.site.28, 6, 109, 115
537012.5.peg.3670.site.1, 0, 134, 134
537012.5.peg.3670.site.2, 9, 134, 143
537012.5.peg.3670.site.3, 10, 133, 143
537012.5.peg.3670.site.4, 1, 132, 133
537012.5.peg.3670.site.5, 3, 134, 137
537012.5.peg.3670.site.6, 9, 134, 143
537012.5.peg.3670.site.7, 3, 132, 135
537012.5.peg.3670.site.8, 3, 134, 137
537012.5.peg.3670.site.9, 8, 134, 142
537012.5.peg.3670.site.10, 1, 134, 135
537012.5.peg.3670.site.11, 3, 134, 137
537012.5.peg.3670.site.12, 3, 134, 137
537012.5.peg.3670.site.13, 1, 133, 134
537012.5.peg.3670.site.14, 14, 133, 147
537012.5.peg.3670.site.15, 3, 133, 136
537012.5.peg.3670.site.16, 2, 133, 135
537012.5.peg.3670.site.17, 8, 134, 142
537012.5.peg.3670.site.18, 3, 131, 134
537012.5.peg.3670.site.19, 1, 132, 133
537012.5.peg.3670.site.20, 2, 134, 136
537012.5.peg.3670.site.21, 3, 134, 137
537012.5.peg.3670.site.22, 10, 134, 144
537012.5.peg.3670.site.23, 28, 132, 160
537012.5.peg.3670.site.24, 56, 132, 188
537012.5.peg.3670.site.25, 7, 134, 141
537012.5.peg.3670.site.26, 6, 134, 140
537012.5.peg.3670.site.27, 1, 134, 135
537012.5.peg.3670.site.28, 48, 133, 181
537012.5.peg.3670.site.29, 1, 132, 133
537012.5.peg.3670.site.30, 125, 133, 258
537012.5.peg.3670.site.31, 2, 132, 134
537012.5.peg.3670.site.32, 1, 132, 133
537012.5.peg.3670.site.33, 10, 131, 141
537012.5.peg.3670.site.34, 5, 132, 137
537012.5.peg.3670.site.35, 1, 132, 133
537012.5.peg.3670.site.36, 1, 133, 134
537012.5.peg.3670.site.37, 4, 134, 138
537012.5.peg.3670.site.38, 0, 134, 134
537012.5.peg.3670.site.39, 3, 133, 136
537012.5.peg.3670.site.40, 3, 133, 136
537012.5.peg.3670.site.41, 128, 133, 261
537012.5.peg.3670.site.42, 1, 132, 133
537012.5.peg.3670.site.43, 3, 133, 136
537012.5.peg.3670.site.44, 3, 134, 137
537012.5.peg.3670.site.45, 9, 133, 142
537012.5.peg.3670.site.46, 10, 134, 144
537012.5.peg.3670.site.47, 5, 131, 136
537012.5.peg.3670.site.48, 9, 131, 140
537012.5.peg.3670.site.49, 1, 134, 135
537012.5.peg.3670.site.50, 2, 134, 136
537012.5.peg.3670.site.51, 2, 134, 136
537012.5.peg.3670.site.52, 7, 132, 139
537012.5.peg.3670.site.53, 3, 134, 137
537012.5.peg.3670.site.54, 1, 134, 135
537012.5.peg.3670.site.55, 14, 134, 148
537012.5.peg.3670.site.56, 2, 134, 136
537012.5.peg.3670.site.57, 2, 134, 136
537012.5.peg.3671.site.1, 22, 125, 147
537012.5.peg.3671.site.2, 11, 134, 145
537012.5.peg.3671.site.3, 14, 134, 148
537012.5.peg.3671.site.4, 1, 133, 134
537012.5.peg.3671.site.5, 9, 134, 143
537012.5.peg.3671.site.6, 54, 130, 184
537012.5.peg.3671.site.7, 133, 134, 267
537012.5.peg.3671.site.8, 3, 134, 137
537012.5.peg.3671.site.9, 10, 134, 144
537012.5.peg.3671.site.10, 0, 132, 132
537012.5.peg.3671.site.11, 0, 133, 133
537012.5.peg.3671.site.12, 9, 133, 142
537012.5.peg.3671.site.13, 6, 134, 140
537012.5.peg.3671.site.14, 13, 133, 146
537012.5.peg.3671.site.15, 12, 134, 146
537012.5.peg.3671.site.16, 2, 134, 136
537012.5.peg.3671.site.17, 9, 132, 141
537012.5.peg.3671.site.18, 5, 133, 138
537012.5.peg.3671.site.19, 10, 134, 144
537012.5.peg.3900.site.1, 128, 134, 262
537012.5.peg.3900.site.2, 4, 131, 135
537012.5.peg.3900.site.3, 7, 134, 141
537012.5.peg.3900.site.4, 1, 132, 133
537012.5.peg.3900.site.5, 9, 134, 143
537012.5.peg.3900.site.6, 126, 133, 259
537012.5.peg.3900.site.7, 3, 131, 134
537012.5.peg.3900.site.8, 1, 133, 134
537012.5.peg.3900.site.9, 1, 130, 131
537012.5.peg.3900.site.10, 9, 130, 139
537012.5.peg.3900.site.11, 9, 130, 139
537012.5.peg.3900.site.12, 1, 130, 131
537012.5.peg.3900.site.13, 18, 128, 146
537012.5.peg.3900.site.14, 8, 130, 138
537012.5.peg.3900.site.15, 15, 129, 144
537012.5.peg.3900.site.16, 15, 129, 144
537012.5.peg.3900.site.17, 7, 130, 137
537012.5.peg.3900.site.18, 1, 129, 130
537012.5.peg.3900.site.19, 1, 128, 129
537012.5.peg.3900.site.20, 9, 128, 137
537012.5.peg.3900.site.21, 0, 127, 127
537012.5.peg.3900.site.22, 1, 131, 132
537012.5.peg.3900.site.23, 3, 131, 134
537012.5.peg.3900.site.24, 20, 134, 154
537012.5.peg.3900.site.25, 13, 133, 146
537012.5.peg.3900.site.26, 4, 132, 136
537012.5.peg.3900.site.27, 1, 134, 135
537012.5.peg.3900.site.28, 3, 134, 137
537012.5.peg.3900.site.29, 0, 134, 134
537012.5.peg.3900.site.30, 10, 133, 143
537012.5.peg.3900.site.31, 5, 134, 139
537012.5.peg.3900.site.32, 13, 132, 145
537012.5.peg.3900.site.33, 10, 132, 142
537012.5.peg.3900.site.34, 4, 131, 135
537012.5.peg.3900.site.35, 0, 132, 132
537012.5.peg.3677.site.1, 36, 116, 152
537012.5.peg.3677.site.2, 2, 132, 134
537012.5.peg.3677.site.3, 1, 133, 134
537012.5.peg.3677.site.4, 2, 133, 135
537012.5.peg.3677.site.5, 0, 132, 132
537012.5.peg.3677.site.6, 0, 134, 134
537012.5.peg.3677.site.7, 1, 134, 135
537012.5.peg.3677.site.8, 20, 131, 151
537012.5.peg.3677.site.9, 9, 133, 142
537012.5.peg.3677.site.10, 3, 134, 137
537012.5.peg.3677.site.11, 0, 133, 133
537012.5.peg.3677.site.12, 2, 134, 136
537012.5.peg.3677.site.13, 5, 134, 139
537012.5.peg.3677.site.14, 0, 132, 132
537012.5.peg.3677.site.15, 0, 132, 132
537012.5.peg.3677.site.16, 3, 134, 137
537012.5.peg.3677.site.17, 1, 133, 134
537012.5.peg.3677.site.18, 36, 133, 169
537012.5.peg.3677.site.19, 2, 134, 136
537012.5.peg.3677.site.20, 12, 134, 146
537012.5.peg.3677.site.21, 22, 133, 155
537012.5.peg.3677.site.22, 1, 131, 132
537012.5.peg.3677.site.23, 1, 133, 134
537012.5.peg.3677.site.24, 3, 134, 137
537012.5.peg.3677.site.25, 5, 133, 138
537012.5.peg.3677.site.26, 10, 134, 144
537012.5.peg.3677.site.27, 4, 134, 138
537012.5.peg.3677.site.28, 129, 134, 263
537012.5.peg.3677.site.29, 1, 134, 135
537012.5.peg.3677.site.30, 1, 134, 135
537012.5.peg.3677.site.31, 4, 134, 138
537012.5.peg.3677.site.32, 51, 133, 184
537012.5.peg.3677.site.33, 1, 134, 135
537012.5.peg.3677.site.34, 5, 134, 139
537012.5.peg.3677.site.35, 13, 134, 147
537012.5.peg.3677.site.36, 15, 134, 149
537012.5.peg.3677.site.37, 5, 134, 139
537012.5.peg.3677.site.38, 48, 131, 179
537012.5.peg.3677.site.39, 1, 134, 135
537012.5.peg.3677.site.40, 3, 134, 137
537012.5.peg.3677.site.41, 9, 134, 143
537012.5.peg.3903.site.1, 3, 73, 76
537012.5.peg.3903.site.2, 6, 73, 79
537012.5.peg.3903.site.3, 19, 71, 90
537012.5.peg.3903.site.4, 4, 72, 76
537012.5.peg.3903.site.5, 3, 73, 76
537012.5.peg.3903.site.6, 11, 91, 102
537012.5.peg.3903.site.7, 2, 122, 124
537012.5.peg.3903.site.8, 26, 128, 154
537012.5.peg.3903.site.9, 52, 129, 181
537012.5.peg.3903.site.10, 33, 130, 163
537012.5.peg.3903.site.11, 9, 129, 138
537012.5.peg.3903.site.12, 74, 128, 202
537012.5.peg.3903.site.13, 7, 132, 139
537012.5.peg.3903.site.14, 18, 130, 148
537012.5.peg.3903.site.15, 2, 130, 132
537012.5.peg.3903.site.16, 7, 128, 135
537012.5.peg.3903.site.17, 0, 130, 130
537012.5.peg.3903.site.18, 0, 129, 129
537012.5.peg.3903.site.19, 2, 130, 132
537012.5.peg.3903.site.20, 3, 132, 135
537012.5.peg.3903.site.21, 2, 131, 133
537012.5.peg.3903.site.22, 18, 132, 150
537012.5.peg.3903.site.23, 0, 130, 130
537012.5.peg.3903.site.24, 0, 129, 129
537012.5.peg.3903.site.25, 66, 129, 195
537012.5.peg.3903.site.26, 11, 131, 142
537012.5.peg.3903.site.27, 5, 132, 137
537012.5.peg.3903.site.28, 5, 133, 138
537012.5.peg.3903.site.29, 8, 133, 141
537012.5.peg.3903.site.30, 11, 132, 143
537012.5.peg.3903.site.31, 87, 133, 220
537012.5.peg.3903.site.32, 13, 132, 145
537012.5.peg.3903.site.33, 3, 131, 134
537012.5.peg.3903.site.34, 7, 129, 136
537012.5.peg.3903.site.35, 1, 130, 131
537012.5.peg.3903.site.36, 14, 128, 142
537012.5.peg.3903.site.37, 9, 128, 137
537012.5.peg.3903.site.38, 2, 129, 131
537012.5.peg.3903.site.39, 1, 128, 129
537012.5.peg.3903.site.40, 1, 129, 130
537012.5.peg.3903.site.41, 14, 130, 144
537012.5.peg.3903.site.42, 1, 129, 130
537012.5.peg.3903.site.43, 2, 131, 133
537012.5.peg.3903.site.44, 2, 131, 133
537012.5.peg.3903.site.45, 8, 129, 137
537012.5.peg.3903.site.46, 20, 129, 149
537012.5.peg.3903.site.47, 3, 124, 127
537012.5.peg.2473.site.1, 29, 117, 146
537012.5.peg.2473.site.2, 9, 121, 130
537012.5.peg.2473.site.3, 0, 121, 121
537012.5.peg.2473.site.4, 4, 122, 126
537012.5.peg.2472.site.1, 0, 125, 125
537012.5.peg.2472.site.2, 8, 126, 134
537012.5.peg.2472.site.3, 1, 126, 127
537012.5.peg.2472.site.4, 8, 128, 136
537012.5.peg.2472.site.5, 1, 128, 129
537012.5.peg.2472.site.6, 1, 128, 129
537012.5.peg.2472.site.7, 31, 127, 158
537012.5.peg.2472.site.8, 8, 128, 136
537012.5.peg.2472.site.9, 1, 127, 128
537012.5.peg.2472.site.10, 7, 127, 134
537012.5.peg.2472.site.11, 3, 126, 129
537012.5.peg.2472.site.12, 7, 127, 134
537012.5.peg.2472.site.13, 0, 125, 125
537012.5.peg.2472.site.14, 4, 124, 128
537012.5.peg.2472.site.15, 8, 127, 135
537012.5.peg.2472.site.16, 8, 127, 135
537012.5.peg.2472.site.17, 0, 127, 127
537012.5.peg.2472.site.18, 8, 128, 136
537012.5.peg.3478.site.1, 0, 132, 132
537012.5.peg.3478.site.2, 3, 134, 137
537012.5.peg.3478.site.3, 2, 134, 136
537012.5.peg.3478.site.4, 1, 134, 135
537012.5.peg.3478.site.5, 2, 134, 136
537012.5.peg.3478.site.6, 54, 134, 188
537012.5.peg.3478.site.7, 5, 132, 137
537012.5.peg.3478.site.8, 2, 134, 136
537012.5.peg.3478.site.9, 4, 134, 138
537012.5.peg.3478.site.10, 2, 134, 136
537012.5.peg.3478.site.11, 2, 133, 135
537012.5.peg.2476.site.1, 3, 121, 124
537012.5.peg.2476.site.2, 0, 123, 123
537012.5.peg.2476.site.3, 0, 122, 122
537012.5.peg.2476.site.4, 8, 122, 130
537012.5.peg.2476.site.5, 8, 123, 131
537012.5.peg.2476.site.6, 11, 120, 131
537012.5.peg.2476.site.7, 0, 117, 117
537012.5.peg.2476.site.8, 1, 119, 120
537012.5.peg.2476.site.9, 8, 119, 127
537012.5.peg.2476.site.10, 1, 121, 122
537012.5.peg.2476.site.11, 7, 121, 128
537012.5.peg.2476.site.12, 1, 120, 121
537012.5.peg.2476.site.13, 25, 122, 147
537012.5.peg.2476.site.14, 15, 120, 135
537012.5.peg.2476.site.15, 2, 120, 122
537012.5.peg.2476.site.16, 3, 123, 126
537012.5.peg.2476.site.17, 2, 123, 125
537012.5.peg.2476.site.18, 1, 122, 123
537012.5.peg.2476.site.19, 0, 124, 124
537012.5.peg.2476.site.20, 3, 126, 129
537012.5.peg.2476.site.21, 4, 123, 127
537012.5.peg.2476.site.22, 1, 122, 123
537012.5.peg.2476.site.23, 2, 116, 118
537012.5.peg.2476.site.24, 0, 118, 118
537012.5.peg.2476.site.25, 29, 119, 148
537012.5.peg.2476.site.26, 4, 119, 123
537012.5.peg.2476.site.27, 1, 119, 120
537012.5.peg.2476.site.28, 52, 119, 171
537012.5.peg.2476.site.29, 3, 118, 121
537012.5.peg.2476.site.30, 1, 119, 120
537012.5.peg.2476.site.31, 16, 116, 132
537012.5.peg.2476.site.32, 1, 114, 115
537012.5.peg.2476.site.33, 8, 114, 122
537012.5.peg.2476.site.34, 9, 113, 122
537012.5.peg.2476.site.35, 23, 113, 136
537012.5.peg.2476.site.36, 2, 110, 112
537012.5.peg.2476.site.37, 3, 110, 113
537012.5.peg.2476.site.38, 2, 110, 112
537012.5.peg.2476.site.39, 13, 109, 122
537012.5.peg.2476.site.40, 1, 102, 103
537012.5.peg.2476.site.41, 2, 103, 105
537012.5.peg.2476.site.42, 2, 104, 106
537012.5.peg.2476.site.43, 1, 104, 105
537012.5.peg.2476.site.44, 2, 110, 112
537012.5.peg.2476.site.45, 2, 109, 111
537012.5.peg.2476.site.46, 6, 110, 116
537012.5.peg.2476.site.47, 0, 110, 110
537012.5.peg.2476.site.48, 10, 106, 116
537012.5.peg.2476.site.49, 11, 107, 118
537012.5.peg.2476.site.50, 0, 111, 111
537012.5.peg.2476.site.51, 1, 111, 112
537012.5.peg.2476.site.52, 1, 97, 98
537012.5.peg.2476.site.53, 0, 83, 83
537012.5.peg.2476.site.54, 78, 80, 158
537012.5.peg.2476.site.55, 40, 78, 118
537012.5.peg.2476.site.56, 38, 79, 117
537012.5.peg.2476.site.57, 75, 86, 161
537012.5.peg.2476.site.58, 23, 88, 111
537012.5.peg.2476.site.59, 33, 101, 134
537012.5.peg.2476.site.60, 10, 102, 112
537012.5.peg.2476.site.61, 1, 109, 110
537012.5.peg.2476.site.62, 2, 113, 115
537012.5.peg.2476.site.63, 2, 118, 120
537012.5.peg.2476.site.64, 0, 122, 122
537012.5.peg.2476.site.65, 2, 121, 123
537012.5.peg.2476.site.66, 11, 121, 132
537012.5.peg.2476.site.67, 2, 121, 123
537012.5.peg.2476.site.68, 1, 123, 124
537012.5.peg.2476.site.69, 7, 124, 131
537012.5.peg.2476.site.70, 11, 127, 138
537012.5.peg.2476.site.71, 1, 127, 128
537012.5.peg.2476.site.72, 69, 123, 192
537012.5.peg.2476.site.73, 12, 122, 134
537012.5.peg.2476.site.74, 45, 118, 163
537012.5.peg.2476.site.75, 5, 83, 88
537012.5.peg.2476.site.76, 4, 79, 83
537012.5.peg.2476.site.77, 2, 77, 79
537012.5.peg.2476.site.78, 5, 100, 105
537012.5.peg.2476.site.79, 3, 104, 107
537012.5.peg.2476.site.80, 37, 106, 143
537012.5.peg.2476.site.81, 1, 117, 118
537012.5.peg.3474.site.1, 10, 134, 144
537012.5.peg.3474.site.2, 0, 133, 133
537012.5.peg.3474.site.3, 0, 129, 129
537012.5.peg.3474.site.4, 100, 129, 229
537012.5.peg.3474.site.5, 2, 131, 133
537012.5.peg.3474.site.6, 2, 133, 135
537012.5.peg.3474.site.7, 3, 134, 137
537012.5.peg.3474.site.8, 3, 134, 137
537012.5.peg.3474.site.9, 1, 130, 131
537012.5.peg.3474.site.10, 41, 131, 172
537012.5.peg.3474.site.11, 6, 129, 135
537012.5.peg.3474.site.12, 1, 131, 132
537012.5.peg.3474.site.13, 1, 131, 132
537012.5.peg.3474.site.14, 41, 131, 172
537012.5.peg.3474.site.15, 1, 131, 132
537012.5.peg.3474.site.16, 6, 131, 137
537012.5.peg.3474.site.17, 8, 129, 137
537012.5.peg.3474.site.18, 1, 131, 132
537012.5.peg.3474.site.19, 2, 128, 130
537012.5.peg.3474.site.20, 11, 130, 141
537012.5.peg.3474.site.21, 16, 131, 147
537012.5.peg.3475.site.1, 60, 129, 189
537012.5.peg.3475.site.2, 47, 129, 176
537012.5.peg.3475.site.3, 7, 130, 137
537012.5.peg.3475.site.4, 2, 131, 133
537012.5.peg.3475.site.5, 1, 131, 132
537012.5.peg.3475.site.6, 4, 129, 133
537012.5.peg.3475.site.7, 3, 130, 133
537012.5.peg.3475.site.8, 8, 128, 136
537012.5.peg.3475.site.9, 4, 128, 132
537012.5.peg.3475.site.10, 8, 128, 136
537012.5.peg.3475.site.11, 9, 128, 137
537012.5.peg.3475.site.12, 11, 128, 139
537012.5.peg.3475.site.13, 27, 129, 156
537012.5.peg.3475.site.14, 2, 130, 132
537012.5.peg.3475.site.15, 9, 129, 138
537012.5.peg.3475.site.16, 5, 130, 135
537012.5.peg.3475.site.17, 3, 131, 134
537012.5.peg.3475.site.18, 20, 130, 150
537012.5.peg.3475.site.19, 0, 131, 131
537012.5.peg.3475.site.20, 0, 130, 130
537012.5.peg.3475.site.21, 1, 131, 132
537012.5.peg.3475.site.22, 4, 130, 134
537012.5.peg.3475.site.23, 22, 128, 150
537012.5.peg.3475.site.24, 9, 130, 139
537012.5.peg.3475.site.25, 58, 128, 186
537012.5.peg.3475.site.26, 49, 130, 179
537012.5.peg.3475.site.27, 5, 130, 135
537012.5.peg.3475.site.28, 0, 131, 131
537012.5.peg.3475.site.29, 4, 131, 135
537012.5.peg.3475.site.30, 5, 131, 136
537012.5.peg.3475.site.31, 4, 131, 135
537012.5.peg.3475.site.32, 4, 131, 135
537012.5.peg.3475.site.33, 2, 131, 133
537012.5.peg.3475.site.34, 3, 128, 131
537012.5.peg.3475.site.35, 2, 127, 129
537012.5.peg.3475.site.36, 2, 126, 128
537012.5.peg.3476.site.1, 120, 126, 246
537012.5.peg.3476.site.2, 0, 129, 129
537012.5.peg.3476.site.3, 0, 127, 127
537012.5.peg.3476.site.4, 0, 131, 131
537012.5.peg.3476.site.5, 0, 133, 133
537012.5.peg.3476.site.6, 4, 133, 137
537012.5.peg.3476.site.7, 4, 134, 138
537012.5.peg.3476.site.8, 0, 133, 133
537012.5.peg.3476.site.9, 104, 133, 237
537012.5.peg.3476.site.10, 7, 134, 141
537012.5.peg.3476.site.11, 1, 134, 135
537012.5.peg.3476.site.12, 3, 134, 137
537012.5.peg.3477.site.1, 1, 133, 134
537012.5.peg.3477.site.2, 1, 134, 135
537012.5.peg.3477.site.3, 7, 134, 141
537012.5.peg.3477.site.4, 28, 133, 161
537012.5.peg.3477.site.5, 131, 134, 265
537012.5.peg.3477.site.6, 1, 134, 135
537012.5.peg.3477.site.7, 2, 133, 135
537012.5.peg.3477.site.8, 16, 133, 149
537012.5.peg.3477.site.9, 0, 134, 134
537012.5.peg.3477.site.10, 35, 134, 169
537012.5.peg.3477.site.11, 3, 132, 135
537012.5.peg.3477.site.12, 1, 133, 134
537012.5.peg.3473.site.1, 7, 132, 139
537012.5.peg.3473.site.2, 3, 134, 137
537012.5.peg.3473.site.3, 5, 132, 137
537012.5.peg.3473.site.4, 1, 132, 133
537012.5.peg.3473.site.5, 10, 131, 141
537012.5.peg.3473.site.6, 12, 129, 141
537012.5.peg.3473.site.7, 2, 132, 134
537012.5.peg.3473.site.8, 3, 131, 134
537012.5.peg.3473.site.9, 0, 131, 131
537012.5.peg.3473.site.10, 1, 131, 132
537012.5.peg.3473.site.11, 0, 131, 131
537012.5.peg.3473.site.12, 2, 133, 135
537012.5.peg.3473.site.13, 0, 133, 133
537012.5.peg.3473.site.14, 1, 133, 134
537012.5.peg.3473.site.15, 7, 128, 135
537012.5.peg.4457.site.1, 2, 126, 128
537012.5.peg.4457.site.2, 0, 128, 128
537012.5.peg.4457.site.3, 3, 129, 132
537012.5.peg.4457.site.4, 2, 133, 135
537012.5.peg.4457.site.5, 29, 134, 163
537012.5.peg.4457.site.6, 1, 134, 135
537012.5.peg.4457.site.7, 2, 134, 136
537012.5.peg.4457.site.8, 1, 133, 134
537012.5.peg.4457.site.9, 5, 133, 138
537012.5.peg.4457.site.10, 3, 133, 136
537012.5.peg.4457.site.11, 4, 132, 136
537012.5.peg.4457.site.12, 1, 134, 135
537012.5.peg.4457.site.13, 1, 132, 133
537012.5.peg.4457.site.14, 0, 132, 132
537012.5.peg.4457.site.15, 22, 134, 156
537012.5.peg.4457.site.16, 1, 134, 135
537012.5.peg.4457.site.17, 4, 131, 135
537012.5.peg.4457.site.18, 1, 132, 133
537012.5.peg.4457.site.19, 116, 127, 243
537012.5.peg.4457.site.20, 4, 130, 134
537012.5.peg.4457.site.21, 3, 134, 137
537012.5.peg.4457.site.22, 6, 133, 139
537012.5.peg.4457.site.23, 3, 134, 137
537012.5.peg.4457.site.24, 1, 133, 134
537012.5.peg.4457.site.25, 79, 130, 209
537012.5.peg.4457.site.26, 1, 132, 133
537012.5.peg.4457.site.27, 7, 134, 141
537012.5.peg.4457.site.28, 1, 134, 135
537012.5.peg.4457.site.29, 9, 132, 141
537012.5.peg.4457.site.30, 0, 133, 133
537012.5.peg.4457.site.31, 7, 134, 141
537012.5.peg.4457.site.32, 129, 133, 262
537012.5.peg.4457.site.33, 95, 131, 226
537012.5.peg.4457.site.34, 16, 132, 148
537012.5.peg.4457.site.35, 5, 133, 138
537012.5.peg.4457.site.36, 8, 132, 140
537012.5.peg.4457.site.37, 6, 133, 139
537012.5.peg.4457.site.38, 39, 131, 170
537012.5.peg.4457.site.39, 12, 133, 145
537012.5.peg.4457.site.40, 7, 133, 140
537012.5.peg.4457.site.41, 2, 133, 135
537012.5.peg.4457.site.42, 5, 133, 138
537012.5.peg.4457.site.43, 1, 134, 135
537012.5.peg.4457.site.44, 3, 134, 137
537012.5.peg.4457.site.45, 12, 134, 146
537012.5.peg.4457.site.46, 1, 133, 134
537012.5.peg.4457.site.47, 2, 134, 136
537012.5.peg.4457.site.48, 7, 134, 141
537012.5.peg.4457.site.49, 3, 134, 137
537012.5.peg.4457.site.50, 4, 132, 136
537012.5.peg.4457.site.51, 1, 134, 135
537012.5.peg.4457.site.52, 11, 132, 143
537012.5.peg.4457.site.53, 0, 134, 134
537012.5.peg.4108.site.1, 10, 129, 139
537012.5.peg.4108.site.2, 1, 30, 31
537012.5.peg.4108.site.3, 3, 30, 33
537012.5.peg.4108.site.4, 2, 29, 31
537012.5.peg.4108.site.5, 1, 29, 30
537012.5.peg.4108.site.6, 10, 27, 37
537012.5.peg.4108.site.7, 5, 27, 32
537012.5.peg.4108.site.8, 32, 54, 86
537012.5.peg.4108.site.9, 7, 82, 89
537012.5.peg.4108.site.10, 14, 98, 112
537012.5.peg.4108.site.11, 3, 127, 130
537012.5.peg.4108.site.12, 3, 125, 128
537012.5.peg.4108.site.13, 1, 126, 127
537012.5.peg.4108.site.14, 0, 122, 122
537012.5.peg.4108.site.15, 15, 123, 138
537012.5.peg.4108.site.16, 0, 121, 121
537012.5.peg.4108.site.17, 6, 124, 130
537012.5.peg.4108.site.18, 1, 129, 130
537012.5.peg.4108.site.19, 15, 133, 148
537012.5.peg.4108.site.20, 11, 131, 142
537012.5.peg.4108.site.21, 9, 131, 140
537012.5.peg.4108.site.22, 8, 133, 141
537012.5.peg.4108.site.23, 2, 130, 132
537012.5.peg.4108.site.24, 3, 131, 134
537012.5.peg.4108.site.25, 8, 134, 142
537012.5.peg.4108.site.26, 11, 132, 143
537012.5.peg.4108.site.27, 7, 133, 140
537012.5.peg.4108.site.28, 1, 125, 126
537012.5.peg.4108.site.29, 2, 126, 128
537012.5.peg.3490.site.1, 5, 133, 138
537012.5.peg.3490.site.2, 0, 133, 133
537012.5.peg.3490.site.3, 2, 134, 136
537012.5.peg.3490.site.4, 1, 131, 132
537012.5.peg.3490.site.5, 2, 133, 135
537012.5.peg.3490.site.6, 2, 131, 133
537012.5.peg.3490.site.7, 3, 131, 134
537012.5.peg.3490.site.8, 0, 132, 132
537012.5.peg.3490.site.9, 1, 134, 135
537012.5.peg.3490.site.10, 21, 132, 153
537012.5.peg.3490.site.11, 5, 126, 131
537012.5.peg.3490.site.12, 3, 128, 131
537012.5.peg.3490.site.13, 5, 134, 139
537012.5.peg.3490.site.14, 0, 131, 131
537012.5.peg.3490.site.15, 0, 131, 131
537012.5.peg.3490.site.16, 0, 130, 130
537012.5.peg.3490.site.17, 1, 129, 130
537012.5.peg.3490.site.18, 4, 130, 134
537012.5.peg.3490.site.19, 2, 132, 134
537012.5.peg.3490.site.20, 7, 133, 140
537012.5.peg.3490.site.21, 3, 132, 135
537012.5.peg.3490.site.22, 30, 133, 163
537012.5.peg.3490.site.23, 3, 131, 134
537012.5.peg.3490.site.24, 2, 130, 132
537012.5.peg.3490.site.25, 0, 133, 133
537012.5.peg.3490.site.26, 3, 132, 135
537012.5.peg.3490.site.27, 3, 129, 132
537012.5.peg.3490.site.28, 1, 129, 130
537012.5.peg.3490.site.29, 1, 125, 126
537012.5.peg.3490.site.30, 1, 129, 130
537012.5.peg.3490.site.31, 5, 130, 135
537012.5.peg.3490.site.32, 6, 127, 133
537012.5.peg.3490.site.33, 38, 123, 161
537012.5.peg.3490.site.34, 6, 121, 127
537012.5.peg.3490.site.35, 4, 120, 124
537012.5.peg.3490.site.36, 11, 112, 123
537012.5.peg.3490.site.37, 1, 114, 115
537012.5.peg.3490.site.38, 1, 114, 115
537012.5.peg.3490.site.39, 5, 114, 119
537012.5.peg.3490.site.40, 0, 107, 107
537012.5.peg.3490.site.41, 0, 109, 109
537012.5.peg.3490.site.42, 3, 108, 111
537012.5.peg.3490.site.43, 1, 104, 105
537012.5.peg.3490.site.44, 5, 97, 102
537012.5.peg.3490.site.45, 47, 97, 144
537012.5.peg.3490.site.46, 1, 103, 104
537012.5.peg.3490.site.47, 8, 110, 118
537012.5.peg.3490.site.48, 15, 121, 136
537012.5.peg.3490.site.49, 30, 123, 153
537012.5.peg.3490.site.50, 5, 127, 132
537012.5.peg.3490.site.51, 4, 125, 129
537012.5.peg.3490.site.52, 17, 126, 143
537012.5.peg.3490.site.53, 1, 130, 131
537012.5.peg.3490.site.54, 8, 129, 137
537012.5.peg.3490.site.55, 8, 128, 136
537012.5.peg.3490.site.56, 54, 119, 173
537012.5.peg.3490.site.57, 1, 115, 116
537012.5.peg.3490.site.58, 1, 132, 133
537012.5.peg.3490.site.59, 50, 78, 128
537012.5.peg.4454.site.1, 1, 134, 135
537012.5.peg.4454.site.2, 7, 131, 138
537012.5.peg.4454.site.3, 19, 131, 150
537012.5.peg.4454.site.4, 6, 134, 140
537012.5.peg.4454.site.5, 17, 134, 151
537012.5.peg.4454.site.6, 7, 133, 140
537012.5.peg.4454.site.7, 5, 133, 138
537012.5.peg.4454.site.8, 7, 134, 141
537012.5.peg.4454.site.9, 0, 133, 133
537012.5.peg.4454.site.10, 76, 132, 208
537012.5.peg.4454.site.11, 7, 133, 140
537012.5.peg.4454.site.12, 3, 134, 137
537012.5.peg.4454.site.13, 122, 131, 253
537012.5.peg.4454.site.14, 77, 133, 210
537012.5.peg.4454.site.15, 7, 134, 141
537012.5.peg.4454.site.16, 6, 134, 140
537012.5.peg.4454.site.17, 0, 133, 133
537012.5.peg.4454.site.18, 5, 133, 138
537012.5.peg.4454.site.19, 7, 134, 141
537012.5.peg.4454.site.20, 98, 133, 231
537012.5.peg.4454.site.21, 6, 133, 139
537012.5.peg.4454.site.22, 89, 130, 219
537012.5.peg.4454.site.23, 4, 132, 136
537012.5.peg.4454.site.24, 5, 131, 136
537012.5.peg.4454.site.25, 2, 126, 128
537012.5.peg.3496.site.1, 2, 132, 134
537012.5.peg.3496.site.2, 6, 131, 137
537012.5.peg.3496.site.3, 2, 132, 134
537012.5.peg.3496.site.4, 1, 132, 133
537012.5.peg.3496.site.5, 2, 132, 134
537012.5.peg.3496.site.6, 2, 131, 133
537012.5.peg.3496.site.7, 1, 132, 133
537012.5.peg.3496.site.8, 1, 132, 133
537012.5.peg.3496.site.9, 7, 132, 139
537012.5.peg.3496.site.10, 1, 131, 132
537012.5.peg.3496.site.11, 0, 132, 132
537012.5.peg.3496.site.12, 34, 129, 163
537012.5.peg.3496.site.13, 5, 132, 137
537012.5.peg.3496.site.14, 0, 130, 130
537012.5.peg.3496.site.15, 2, 129, 131
537012.5.peg.3496.site.16, 15, 132, 147
537012.5.peg.3497.site.1, 2, 134, 136
537012.5.peg.3497.site.2, 1, 134, 135
537012.5.peg.3497.site.3, 47, 133, 180
537012.5.peg.3497.site.4, 2, 134, 136
537012.5.peg.3497.site.5, 21, 133, 154
537012.5.peg.3497.site.6, 1, 133, 134
537012.5.peg.3497.site.7, 55, 131, 186
537012.5.peg.3497.site.8, 11, 132, 143
537012.5.peg.3497.site.9, 1, 134, 135
537012.5.peg.3497.site.10, 1, 134, 135
537012.5.peg.3497.site.11, 11, 134, 145
537012.5.peg.3497.site.12, 1, 134, 135
537012.5.peg.3497.site.13, 7, 133, 140
537012.5.peg.3497.site.14, 2, 134, 136
537012.5.peg.3497.site.15, 16, 133, 149
537012.5.peg.3497.site.16, 0, 132, 132
537012.5.peg.3495.site.1, 2, 133, 135
537012.5.peg.3495.site.2, 32, 134, 166
537012.5.peg.3495.site.3, 3, 134, 137
537012.5.peg.3498.site.1, 6, 130, 136
537012.5.peg.3498.site.2, 16, 129, 145
537012.5.peg.3498.site.3, 30, 122, 152
537012.5.peg.3498.site.4, 4, 116, 120
537012.5.peg.3498.site.5, 1, 109, 110
537012.5.peg.3498.site.6, 3, 115, 118
537012.5.peg.3498.site.7, 4, 133, 137
537012.5.peg.3498.site.8, 11, 134, 145
537012.5.peg.3498.site.9, 7, 133, 140
537012.5.peg.3498.site.10, 96, 133, 229
537012.5.peg.3498.site.11, 2, 134, 136
537012.5.peg.3498.site.12, 5, 133, 138
537012.5.peg.3498.site.13, 6, 134, 140
537012.5.peg.3498.site.14, 3, 134, 137
537012.5.peg.3498.site.15, 1, 134, 135
537012.5.peg.3498.site.16, 2, 134, 136
537012.5.peg.3498.site.17, 11, 132, 143
537012.5.peg.3498.site.18, 8, 134, 142
537012.5.peg.3498.site.19, 1, 134, 135
537012.5.peg.3498.site.20, 4, 132, 136
537012.5.peg.3498.site.21, 6, 133, 139
537012.5.peg.3498.site.22, 11, 132, 143
537012.5.peg.3498.site.23, 1, 134, 135
537012.5.peg.3498.site.24, 1, 134, 135
537012.5.peg.3498.site.25, 6, 132, 138
537012.5.peg.3498.site.26, 4, 132, 136
537012.5.peg.3498.site.27, 6, 134, 140
537012.5.peg.3498.site.28, 4, 134, 138
537012.5.peg.3498.site.29, 5, 133, 138
537012.5.peg.3498.site.30, 3, 131, 134
537012.5.peg.3498.site.31, 12, 129, 141
537012.5.peg.3498.site.32, 2, 130, 132
537012.5.peg.3498.site.33, 2, 134, 136
537012.5.peg.3499.site.1, 2, 130, 132
537012.5.peg.3499.site.2, 0, 133, 133
537012.5.peg.3499.site.3, 9, 131, 140
537012.5.peg.3499.site.4, 63, 132, 195
537012.5.peg.3499.site.5, 0, 128, 128
537012.5.peg.3499.site.6, 4, 126, 130
537012.5.peg.3499.site.7, 1, 134, 135
537012.5.peg.3499.site.8, 1, 131, 132
537012.5.peg.3499.site.9, 4, 131, 135
537012.5.peg.3499.site.10, 0, 130, 130
537012.5.peg.3499.site.11, 8, 129, 137
537012.5.peg.3499.site.12, 0, 133, 133
537012.5.peg.3499.site.13, 1, 134, 135
537012.5.peg.3499.site.14, 4, 132, 136
537012.5.peg.3499.site.15, 5, 133, 138
537012.5.peg.3499.site.16, 5, 133, 138
537012.5.peg.3499.site.17, 41, 132, 173
537012.5.peg.3499.site.18, 5, 133, 138
537012.5.peg.3499.site.19, 3, 132, 135
537012.5.peg.3499.site.20, 6, 132, 138
537012.5.peg.3499.site.21, 1, 132, 133
537012.5.peg.3499.site.22, 3, 130, 133
537012.5.peg.3499.site.23, 4, 127, 131
537012.5.peg.3499.site.24, 1, 129, 130
537012.5.peg.3499.site.25, 0, 134, 134
537012.5.peg.3499.site.26, 4, 132, 136
537012.5.peg.3499.site.27, 1, 132, 133
537012.5.peg.3499.site.28, 125, 134, 259
537012.5.peg.3499.site.29, 1, 134, 135
537012.5.peg.3499.site.30, 8, 133, 141
537012.5.peg.3499.site.31, 34, 134, 168
537012.5.peg.3499.site.32, 4, 132, 136
537012.5.peg.3499.site.33, 5, 133, 138
537012.5.peg.3499.site.34, 7, 133, 140
537012.5.peg.3499.site.35, 6, 134, 140
537012.5.peg.3499.site.36, 1, 134, 135
537012.5.peg.3499.site.37, 6, 134, 140
537012.5.peg.3499.site.38, 2, 134, 136
537012.5.peg.3499.site.39, 0, 133, 133
537012.5.peg.3499.site.40, 47, 133, 180
537012.5.peg.3499.site.41, 47, 133, 180
537012.5.peg.3499.site.42, 7, 134, 141
537012.5.peg.3499.site.43, 1, 134, 135
537012.5.peg.3499.site.44, 3, 132, 135
537012.5.peg.3499.site.45, 3, 133, 136
537012.5.peg.3499.site.46, 4, 132, 136
537012.5.peg.3871.site.1, 7, 65, 72
537012.5.peg.3871.site.2, 0, 86, 86
537012.5.peg.3871.site.3, 1, 116, 117
537012.5.peg.3871.site.4, 1, 122, 123
537012.5.peg.3872.site.1, 4, 131, 135
537012.5.peg.3872.site.2, 1, 129, 130
537012.5.peg.3872.site.3, 0, 131, 131
537012.5.peg.3872.site.4, 21, 130, 151
537012.5.peg.3872.site.5, 51, 131, 182
537012.5.peg.3872.site.6, 23, 131, 154
537012.5.peg.3872.site.7, 23, 131, 154
537012.5.peg.3872.site.8, 1, 131, 132
537012.5.peg.3872.site.9, 63, 130, 193
537012.5.peg.3872.site.10, 68, 130, 198
537012.5.peg.3872.site.11, 52, 130, 182
537012.5.peg.3872.site.12, 5, 132, 137
537012.5.peg.3872.site.13, 5, 131, 136
537012.5.peg.3872.site.14, 5, 129, 134
537012.5.peg.3872.site.15, 17, 130, 147
537012.5.peg.3872.site.16, 18, 128, 146
537012.5.peg.3872.site.17, 3, 130, 133
537012.5.peg.3872.site.18, 5, 123, 128
537012.5.peg.3872.site.19, 20, 110, 130
537012.5.peg.3872.site.20, 1, 90, 91
537012.5.peg.3872.site.21, 5, 80, 85
537012.5.peg.3872.site.22, 4, 84, 88
537012.5.peg.3872.site.23, 23, 96, 119
537012.5.peg.3872.site.24, 10, 129, 139
537012.5.peg.3872.site.25, 34, 128, 162
537012.5.peg.3872.site.26, 58, 126, 184
537012.5.peg.3872.site.27, 4, 130, 134
537012.5.peg.3872.site.28, 2, 130, 132
537012.5.peg.3872.site.29, 5, 131, 136
537012.5.peg.3872.site.30, 4, 129, 133
537012.5.peg.3872.site.31, 9, 86, 95
537012.5.peg.3872.site.32, 3, 80, 83
537012.5.peg.3872.site.33, 11, 93, 104
537012.5.peg.3872.site.34, 26, 100, 126
537012.5.peg.3872.site.35, 0, 130, 130
537012.5.peg.3872.site.36, 16, 129, 145
537012.5.peg.3873.site.1, 0, 121, 121
537012.5.peg.3873.site.2, 2, 127, 129
537012.5.peg.3873.site.3, 1, 124, 125
537012.5.peg.3873.site.4, 5, 128, 133
537012.5.peg.3873.site.5, 0, 130, 130
537012.5.peg.3873.site.6, 0, 129, 129
537012.5.peg.3873.site.7, 0, 129, 129
537012.5.peg.3873.site.8, 28, 132, 160
537012.5.peg.3873.site.9, 1, 132, 133
537012.5.peg.3873.site.10, 1, 132, 133
537012.5.peg.3873.site.11, 1, 132, 133
537012.5.peg.3873.site.12, 29, 132, 161
537012.5.peg.3873.site.13, 1, 132, 133
537012.5.peg.3873.site.14, 3, 132, 135
537012.5.peg.3873.site.15, 1, 132, 133
537012.5.peg.3873.site.16, 43, 131, 174
537012.5.peg.3873.site.17, 35, 128, 163
537012.5.peg.3873.site.18, 5, 131, 136
537012.5.peg.3873.site.19, 36, 127, 163
537012.5.peg.3873.site.20, 121, 128, 249
537012.5.peg.3873.site.21, 1, 127, 128
537012.5.peg.3873.site.22, 1, 126, 127
537012.5.peg.3873.site.23, 6, 125, 131
537012.5.peg.3874.site.1, 4, 121, 125
537012.5.peg.3018.site.1, 1, 128, 129
537012.5.peg.3018.site.2, 24, 125, 149
537012.5.peg.3018.site.3, 1, 128, 129
537012.5.peg.3018.site.4, 3, 125, 128
537012.5.peg.3018.site.5, 47, 122, 169
537012.5.peg.3018.site.6, 2, 124, 126
537012.5.peg.3018.site.7, 3, 126, 129
537012.5.peg.3018.site.8, 3, 125, 128
537012.5.peg.3018.site.9, 9, 128, 137
537012.5.peg.3018.site.10, 4, 126, 130
537012.5.peg.3018.site.11, 1, 128, 129
537012.5.peg.3018.site.12, 4, 126, 130
537012.5.peg.3018.site.13, 9, 128, 137
537012.5.peg.3018.site.14, 2, 125, 127
537012.5.peg.3018.site.15, 7, 124, 131
537012.5.peg.3018.site.16, 8, 124, 132
537012.5.peg.3018.site.17, 9, 125, 134
537012.5.peg.3018.site.18, 3, 126, 129
537012.5.peg.3018.site.19, 3, 126, 129
537012.5.peg.3018.site.20, 1, 128, 129
537012.5.peg.3018.site.21, 4, 126, 130
537012.5.peg.3018.site.22, 1, 128, 129
537012.5.peg.3018.site.23, 2, 126, 128
537012.5.peg.3018.site.24, 1, 124, 125
537012.5.peg.3018.site.25, 6, 125, 131
537012.5.peg.3018.site.26, 15, 125, 140
537012.5.peg.3018.site.27, 0, 121, 121
537012.5.peg.3018.site.28, 19, 120, 139
537012.5.peg.3018.site.29, 7, 122, 129
537012.5.peg.3018.site.30, 13, 123, 136
537012.5.peg.3018.site.31, 1, 124, 125
537012.5.peg.3018.site.32, 6, 124, 130
537012.5.peg.3018.site.33, 1, 124, 125
537012.5.peg.3017.site.1, 73, 122, 195
537012.5.peg.3017.site.2, 7, 123, 130
537012.5.peg.3017.site.3, 26, 122, 148
537012.5.peg.3017.site.4, 0, 122, 122
537012.5.peg.3017.site.5, 1, 123, 124
537012.5.peg.3017.site.6, 0, 125, 125
537012.5.peg.3017.site.7, 32, 126, 158
537012.5.peg.3017.site.8, 0, 125, 125
537012.5.peg.3017.site.9, 4, 123, 127
537012.5.peg.3017.site.10, 61, 124, 185
537012.5.peg.3017.site.11, 37, 125, 162
537012.5.peg.3017.site.12, 1, 128, 129
537012.5.peg.3017.site.13, 0, 128, 128
537012.5.peg.3017.site.14, 3, 128, 131
537012.5.peg.3017.site.15, 0, 127, 127
537012.5.peg.3017.site.16, 62, 126, 188
537012.5.peg.3017.site.17, 3, 124, 127
537012.5.peg.3017.site.18, 2, 124, 126
537012.5.peg.3017.site.19, 8, 125, 133
537012.5.peg.3017.site.20, 1, 123, 124
537012.5.peg.3017.site.21, 2, 124, 126
537012.5.peg.3017.site.22, 1, 123, 124
537012.5.peg.3017.site.23, 1, 128, 129
537012.5.peg.3017.site.24, 6, 126, 132
537012.5.peg.3017.site.25, 0, 123, 123
537012.5.peg.3017.site.26, 69, 124, 193
537012.5.peg.3017.site.27, 1, 125, 126
537012.5.peg.3017.site.28, 2, 124, 126
537012.5.peg.3017.site.29, 31, 122, 153
537012.5.peg.3017.site.30, 3, 125, 128
537012.5.peg.3017.site.31, 1, 116, 117
537012.5.peg.3017.site.32, 6, 123, 129
537012.5.peg.3017.site.33, 5, 123, 128
537012.5.peg.3017.site.34, 70, 123, 193
537012.5.peg.3017.site.35, 5, 126, 131
537012.5.peg.3017.site.36, 1, 125, 126
537012.5.peg.3017.site.37, 2, 123, 125
537012.5.peg.3017.site.38, 33, 123, 156
537012.5.peg.3017.site.39, 2, 124, 126
537012.5.peg.3017.site.40, 1, 123, 124
537012.5.peg.3017.site.41, 2, 126, 128
537012.5.peg.3017.site.42, 4, 124, 128
537012.5.peg.3017.site.43, 0, 118, 118
537012.5.peg.3017.site.44, 0, 117, 117
537012.5.peg.3017.site.45, 0, 117, 117
537012.5.peg.3017.site.46, 1, 121, 122
537012.5.peg.3017.site.47, 2, 120, 122
537012.5.peg.3017.site.48, 2, 120, 122
537012.5.peg.3017.site.49, 5, 120, 125
537012.5.peg.3017.site.50, 1, 119, 120
537012.5.peg.3017.site.51, 1, 116, 117
537012.5.peg.3017.site.52, 2, 102, 104
537012.5.peg.3017.site.53, 32, 99, 131
537012.5.peg.3017.site.54, 3, 105, 108
537012.5.peg.3017.site.55, 2, 118, 120
537012.5.peg.3017.site.56, 5, 117, 122
537012.5.peg.3017.site.57, 6, 118, 124
537012.5.peg.3017.site.58, 0, 119, 119
537012.5.peg.3017.site.59, 5, 114, 119
537012.5.peg.3017.site.60, 5, 118, 123
537012.5.peg.3017.site.61, 3, 118, 121
537012.5.peg.3017.site.62, 1, 118, 119
537012.5.peg.3017.site.63, 0, 116, 116
537012.5.peg.3017.site.64, 5, 120, 125
537012.5.peg.3017.site.65, 5, 120, 125
537012.5.peg.3017.site.66, 84, 119, 203
537012.5.peg.3017.site.67, 91, 118, 209
537012.5.peg.3017.site.68, 8, 117, 125
537012.5.peg.3017.site.69, 1, 117, 118
537012.5.peg.3017.site.70, 1, 117, 118
537012.5.peg.3017.site.71, 17, 117, 134
537012.5.peg.3017.site.72, 20, 120, 140
537012.5.peg.3017.site.73, 20, 121, 141
537012.5.peg.3017.site.74, 14, 121, 135
537012.5.peg.3017.site.75, 5, 122, 127
537012.5.peg.3017.site.76, 1, 122, 123
537012.5.peg.3017.site.77, 1, 124, 125
537012.5.peg.3017.site.78, 1, 125, 126
537012.5.peg.3017.site.79, 1, 125, 126
537012.5.peg.3017.site.80, 2, 125, 127
537012.5.peg.3017.site.81, 1, 125, 126
537012.5.peg.3017.site.82, 101, 125, 226
537012.5.peg.3017.site.83, 1, 125, 126
537012.5.peg.3017.site.84, 7, 125, 132
537012.5.peg.3017.site.85, 10, 125, 135
537012.5.peg.3017.site.86, 3, 124, 127
537012.5.peg.3017.site.87, 0, 125, 125
537012.5.peg.3017.site.88, 0, 123, 123
537012.5.peg.3017.site.89, 0, 123, 123
537012.5.peg.3017.site.90, 2, 121, 123
537012.5.peg.3017.site.91, 3, 120, 123
537012.5.peg.3017.site.92, 0, 120, 120
537012.5.peg.3017.site.93, 1, 123, 124
537012.5.peg.3017.site.94, 0, 121, 121
537012.5.peg.3017.site.95, 1, 120, 121
537012.5.peg.3017.site.96, 1, 117, 118
537012.5.peg.3017.site.97, 1, 113, 114
537012.5.peg.3017.site.98, 1, 114, 115
537012.5.peg.3017.site.99, 3, 112, 115
537012.5.peg.3017.site.100, 1, 107, 108
537012.5.peg.3017.site.101, 29, 104, 133
537012.5.peg.3017.site.102, 4, 110, 114
537012.5.peg.3017.site.103, 0, 112, 112
537012.5.peg.3017.site.104, 3, 115, 118
537012.5.peg.3014.site.1, 0, 134, 134
537012.5.peg.3014.site.2, 4, 131, 135
537012.5.peg.3014.site.3, 0, 134, 134
537012.5.peg.3014.site.4, 10, 133, 143
537012.5.peg.3014.site.5, 3, 132, 135
537012.5.peg.3014.site.6, 1, 129, 130
537012.5.peg.3014.site.7, 76, 132, 208
537012.5.peg.3014.site.8, 3, 132, 135
537012.5.peg.3014.site.9, 3, 130, 133
537012.5.peg.3014.site.10, 2, 130, 132
537012.5.peg.3014.site.11, 9, 130, 139
537012.5.peg.3014.site.12, 4, 131, 135
537012.5.peg.3014.site.13, 1, 133, 134
537012.5.peg.3014.site.14, 1, 134, 135
537012.5.peg.3014.site.15, 10, 132, 142
537012.5.peg.3014.site.16, 2, 134, 136
537012.5.peg.3014.site.17, 11, 132, 143
537012.5.peg.3014.site.18, 29, 132, 161
537012.5.peg.3014.site.19, 2, 126, 128
537012.5.peg.3012.site.1, 0, 132, 132
537012.5.peg.3012.site.2, 4, 131, 135
537012.5.peg.3012.site.3, 2, 134, 136
537012.5.peg.3012.site.4, 3, 130, 133
537012.5.peg.3012.site.5, 5, 131, 136
537012.5.peg.3012.site.6, 1, 130, 131
537012.5.peg.3012.site.7, 82, 129, 211
537012.5.peg.3012.site.8, 1, 130, 131
537012.5.peg.3012.site.9, 1, 134, 135
537012.5.peg.3012.site.10, 4, 134, 138
537012.5.peg.3012.site.11, 1, 134, 135
537012.5.peg.3012.site.12, 4, 132, 136
537012.5.peg.3012.site.13, 4, 133, 137
537012.5.peg.3012.site.14, 52, 130, 182
537012.5.peg.3012.site.15, 3, 131, 134
537012.5.peg.3012.site.16, 2, 130, 132
537012.5.peg.3012.site.17, 1, 131, 132
537012.5.peg.3012.site.18, 3, 131, 134
537012.5.peg.3012.site.19, 108, 131, 239
537012.5.peg.3012.site.20, 6, 132, 138
537012.5.peg.3012.site.21, 0, 130, 130
537012.5.peg.3012.site.22, 0, 130, 130
537012.5.peg.3012.site.23, 1, 130, 131
537012.5.peg.3012.site.24, 0, 129, 129
537012.5.peg.3012.site.25, 2, 131, 133
537012.5.peg.3012.site.26, 6, 133, 139
537012.5.peg.3012.site.27, 4, 132, 136
537012.5.peg.3012.site.28, 6, 133, 139
537012.5.peg.3012.site.29, 62, 129, 191
537012.5.peg.3012.site.30, 5, 130, 135
537012.5.peg.3012.site.31, 21, 130, 151
537012.5.peg.3012.site.32, 11, 130, 141
537012.5.peg.3012.site.33, 40, 130, 170
537012.5.peg.3012.site.34, 1, 130, 131
537012.5.peg.3012.site.35, 1, 130, 131
537012.5.peg.3012.site.36, 4, 133, 137
537012.5.peg.3012.site.37, 1, 129, 130
537012.5.peg.3012.site.38, 1, 122, 123
537012.5.peg.3010.site.1, 1, 133, 134
537012.5.peg.3010.site.2, 1, 133, 134
537012.5.peg.3010.site.3, 91, 132, 223
537012.5.peg.3010.site.4, 5, 132, 137
537012.5.peg.3010.site.5, 1, 134, 135
537012.5.peg.3010.site.6, 1, 133, 134
537012.5.peg.3010.site.7, 128, 132, 260
537012.5.peg.3010.site.8, 1, 133, 134
537012.5.peg.3010.site.9, 1, 134, 135
537012.5.peg.3010.site.10, 1, 134, 135
537012.5.peg.3010.site.11, 55, 134, 189
537012.5.peg.3010.site.12, 1, 134, 135
537012.5.peg.3010.site.13, 6, 132, 138
537012.5.peg.3010.site.14, 0, 134, 134
537012.5.peg.3010.site.15, 121, 133, 254
537012.5.peg.3010.site.16, 6, 134, 140
537012.5.peg.3010.site.17, 5, 132, 137
537012.5.peg.3010.site.18, 0, 133, 133
537012.5.peg.3010.site.19, 11, 131, 142
537012.5.peg.3010.site.20, 10, 131, 141
537012.5.peg.3010.site.21, 6, 133, 139
537012.5.peg.3010.site.22, 6, 133, 139
537012.5.peg.3010.site.23, 3, 132, 135
537012.5.peg.3010.site.24, 1, 134, 135
537012.5.peg.3010.site.25, 4, 132, 136
537012.5.peg.3010.site.26, 44, 132, 176
537012.5.peg.3010.site.27, 1, 134, 135
537012.5.peg.3010.site.28, 3, 134, 137
537012.5.peg.3010.site.29, 1, 134, 135
537012.5.peg.3010.site.30, 1, 134, 135
537012.5.peg.3010.site.31, 1, 134, 135
537012.5.peg.3010.site.32, 23, 132, 155
537012.5.peg.3010.site.33, 5, 133, 138
537012.5.peg.3010.site.34, 3, 134, 137
537012.5.peg.3010.site.35, 5, 132, 137
537012.5.peg.3010.site.36, 5, 132, 137
537012.5.peg.3010.site.37, 5, 132, 137
537012.5.peg.3010.site.38, 15, 133, 148
537012.5.peg.3010.site.39, 3, 134, 137
537012.5.peg.3010.site.40, 1, 134, 135
537012.5.peg.3010.site.41, 3, 133, 136
537012.5.peg.3010.site.42, 0, 132, 132
537012.5.peg.3010.site.43, 5, 133, 138
537012.5.peg.3010.site.44, 5, 133, 138
537012.5.peg.3010.site.45, 4, 132, 136
537012.5.peg.3010.site.46, 1, 134, 135
537012.5.peg.3010.site.47, 1, 134, 135
537012.5.peg.3010.site.48, 0, 133, 133
537012.5.peg.3010.site.49, 0, 132, 132
537012.5.peg.3010.site.50, 0, 133, 133
537012.5.peg.3010.site.51, 0, 133, 133
537012.5.peg.3010.site.52, 0, 133, 133
537012.5.peg.3010.site.53, 0, 133, 133
537012.5.peg.3010.site.54, 3, 130, 133
537012.5.peg.3010.site.55, 2, 130, 132
537012.5.peg.3010.site.56, 0, 131, 131
537012.5.peg.3010.site.57, 0, 131, 131
537012.5.peg.3011.site.1, 0, 131, 131
537012.5.peg.3011.site.2, 2, 128, 130
537012.5.peg.3011.site.3, 0, 131, 131
537012.5.peg.3011.site.4, 3, 130, 133
537012.5.peg.3011.site.5, 3, 130, 133
537012.5.peg.3011.site.6, 4, 130, 134
537012.5.peg.3011.site.7, 2, 128, 130
537012.5.peg.3011.site.8, 0, 128, 128
537012.5.peg.3011.site.9, 39, 128, 167
537012.5.peg.3011.site.10, 6, 128, 134
537012.5.peg.3011.site.11, 0, 128, 128
537012.5.peg.3011.site.12, 3, 130, 133
537012.5.peg.3011.site.13, 3, 131, 134
537012.5.peg.3011.site.14, 5, 130, 135
537012.5.peg.3011.site.15, 29, 132, 161
537012.5.peg.3011.site.16, 108, 129, 237
537012.5.peg.3011.site.17, 13, 132, 145
537012.5.peg.3011.site.18, 3, 132, 135
537012.5.peg.3011.site.19, 1, 132, 133
537012.5.peg.3011.site.20, 3, 131, 134
537012.5.peg.3011.site.21, 2, 131, 133
537012.5.peg.3011.site.22, 19, 131, 150
537012.5.peg.3011.site.23, 15, 131, 146
537012.5.peg.3011.site.24, 1, 132, 133
537012.5.peg.3011.site.25, 1, 129, 130
537012.5.peg.3011.site.26, 3, 129, 132
537012.5.peg.3011.site.27, 7, 128, 135
537012.5.peg.3011.site.28, 33, 127, 160
537012.5.peg.3011.site.29, 1, 127, 128
537012.5.peg.3011.site.30, 6, 128, 134
537012.5.peg.3011.site.31, 10, 127, 137
537012.5.peg.3011.site.32, 4, 129, 133
537012.5.peg.3011.site.33, 2, 129, 131
537012.5.peg.3011.site.34, 0, 131, 131
537012.5.peg.3011.site.35, 6, 133, 139
537012.5.peg.3011.site.36, 13, 131, 144
537012.5.peg.3011.site.37, 0, 129, 129
537012.5.peg.3011.site.38, 1, 130, 131
537012.5.peg.3011.site.39, 1, 129, 130
537012.5.peg.3011.site.40, 3, 131, 134
537012.5.peg.3011.site.41, 3, 128, 131
537012.5.peg.4059.site.1, 5, 77, 82
537012.5.peg.4059.site.2, 13, 77, 90
537012.5.peg.4059.site.3, 2, 78, 80
537012.5.peg.4059.site.4, 3, 77, 80
537012.5.peg.4059.site.5, 48, 74, 122
537012.5.peg.4059.site.6, 0, 74, 74
537012.5.peg.4059.site.7, 2, 73, 75
537012.5.peg.4059.site.8, 1, 75, 76
537012.5.peg.4059.site.9, 1, 75, 76
537012.5.peg.4059.site.10, 1, 73, 74
537012.5.peg.4059.site.11, 16, 73, 89
537012.5.peg.4059.site.12, 1, 75, 76
537012.5.peg.4059.site.13, 5, 75, 80
537012.5.peg.4059.site.14, 19, 75, 94
537012.5.peg.4059.site.15, 5, 75, 80
537012.5.peg.4059.site.16, 4, 75, 79
537012.5.peg.4059.site.17, 2, 74, 76
537012.5.peg.4059.site.18, 15, 75, 90
537012.5.peg.4059.site.19, 5, 73, 78
537012.5.peg.4059.site.20, 2, 75, 77
537012.5.peg.4059.site.21, 2, 74, 76
537012.5.peg.4059.site.22, 1, 73, 74
537012.5.peg.4059.site.23, 24, 74, 98
537012.5.peg.4059.site.24, 73, 76, 149
537012.5.peg.4059.site.25, 4, 75, 79
537012.5.peg.4059.site.26, 1, 74, 75
537012.5.peg.4059.site.27, 16, 73, 89
537012.5.peg.4059.site.28, 10, 74, 84
537012.5.peg.4059.site.29, 1, 76, 77
537012.5.peg.4059.site.30, 7, 74, 81
537012.5.peg.4059.site.31, 0, 75, 75
537012.5.peg.4059.site.32, 51, 73, 124
537012.5.peg.4059.site.33, 14, 78, 92
537012.5.peg.4059.site.34, 3, 83, 86
537012.5.peg.4059.site.35, 4, 86, 90
537012.5.peg.4059.site.36, 27, 86, 113
537012.5.peg.4059.site.37, 1, 89, 90
537012.5.peg.4059.site.38, 2, 88, 90
537012.5.peg.4059.site.39, 24, 89, 113
537012.5.peg.4059.site.40, 11, 80, 91
537012.5.peg.4059.site.41, 44, 74, 118
537012.5.peg.4059.site.42, 0, 73, 73
537012.5.peg.4059.site.43, 2, 72, 74
537012.5.peg.4059.site.44, 2, 75, 77
537012.5.peg.4059.site.45, 22, 70, 92
537012.5.peg.4059.site.46, 23, 69, 92
537012.5.peg.4059.site.47, 16, 70, 86
537012.5.peg.4059.site.48, 40, 65, 105
537012.5.peg.4059.site.49, 46, 60, 106
537012.5.peg.4059.site.50, 3, 57, 60
537012.5.peg.4059.site.51, 14, 41, 55
537012.5.peg.4059.site.52, 9, 42, 51
537012.5.peg.4059.site.53, 16, 44, 60
537012.5.peg.4059.site.54, 2, 52, 54
537012.5.peg.4059.site.55, 3, 58, 61
537012.5.peg.4059.site.56, 10, 57, 67
537012.5.peg.4059.site.57, 8, 62, 70
537012.5.peg.4059.site.58, 2, 71, 73
537012.5.peg.4059.site.59, 12, 68, 80
537012.5.peg.4059.site.60, 1, 68, 69
537012.5.peg.4059.site.61, 13, 70, 83
537012.5.peg.4059.site.62, 29, 74, 103
537012.5.peg.4059.site.63, 36, 74, 110
537012.5.peg.4059.site.64, 36, 74, 110
537012.5.peg.4059.site.65, 21, 76, 97
537012.5.peg.4059.site.66, 2, 78, 80
537012.5.peg.4059.site.67, 2, 80, 82
537012.5.peg.4059.site.68, 3, 79, 82
537012.5.peg.4059.site.69, 0, 79, 79
537012.5.peg.4059.site.70, 5, 79, 84
537012.5.peg.4059.site.71, 37, 81, 118
537012.5.peg.4059.site.72, 11, 83, 94
537012.5.peg.4059.site.73, 23, 70, 93
537012.5.peg.4059.site.74, 18, 75, 93
537012.5.peg.4059.site.75, 9, 76, 85
537012.5.peg.4059.site.76, 0, 84, 84
537012.5.peg.4058.site.1, 2, 79, 81
537012.5.peg.4058.site.2, 3, 78, 81
537012.5.peg.4058.site.3, 1, 78, 79
537012.5.peg.4058.site.4, 12, 77, 89
537012.5.peg.4058.site.5, 28, 76, 104
537012.5.peg.4058.site.6, 3, 76, 79
537012.5.peg.4058.site.7, 0, 75, 75
537012.5.peg.4058.site.8, 1, 75, 76
537012.5.peg.4058.site.9, 42, 75, 117
537012.5.peg.4058.site.10, 3, 76, 79
537012.5.peg.4058.site.11, 35, 76, 111
537012.5.peg.4058.site.12, 1, 76, 77
537012.5.peg.4058.site.13, 8, 75, 83
537012.5.peg.4058.site.14, 41, 76, 117
537012.5.peg.4058.site.15, 12, 77, 89
537012.5.peg.4058.site.16, 67, 77, 144
537012.5.peg.4058.site.17, 6, 77, 83
537012.5.peg.4058.site.18, 6, 77, 83
537012.5.peg.4058.site.19, 7, 77, 84
537012.5.peg.4058.site.20, 4, 77, 81
537012.5.peg.4058.site.21, 1, 77, 78
537012.5.peg.4058.site.22, 1, 76, 77
537012.5.peg.4058.site.23, 1, 78, 79
537012.5.peg.4058.site.24, 5, 77, 82
537012.5.peg.4058.site.25, 3, 77, 80
537012.5.peg.4058.site.26, 3, 74, 77
537012.5.peg.4058.site.27, 8, 76, 84
537012.5.peg.4058.site.28, 24, 73, 97
537012.5.peg.4058.site.29, 9, 52, 61
537012.5.peg.4058.site.30, 1, 54, 55
537012.5.peg.4058.site.31, 4, 53, 57
537012.5.peg.4058.site.32, 3, 64, 67
537012.5.peg.4058.site.33, 53, 67, 120
537012.5.peg.4058.site.34, 1, 77, 78
537012.5.peg.4058.site.35, 42, 75, 117
537012.5.peg.4058.site.36, 11, 77, 88
537012.5.peg.4058.site.37, 3, 77, 80
537012.5.peg.4058.site.38, 5, 75, 80
537012.5.peg.4058.site.39, 2, 73, 75
537012.5.peg.4058.site.40, 0, 71, 71
537012.5.peg.4058.site.41, 55, 68, 123
537012.5.peg.4058.site.42, 31, 59, 90
537012.5.peg.4058.site.43, 0, 48, 48
537012.5.peg.4058.site.44, 35, 36, 71
537012.5.peg.4058.site.45, 38, 39, 77
537012.5.peg.4058.site.46, 4, 56, 60
537012.5.peg.4058.site.47, 7, 64, 71
537012.5.peg.4058.site.48, 55, 75, 130
537012.5.peg.4058.site.49, 1, 77, 78
537012.5.peg.4058.site.50, 2, 78, 80
537012.5.peg.4058.site.51, 24, 80, 104
537012.5.peg.4058.site.52, 29, 80, 109
537012.5.peg.4058.site.53, 1, 81, 82
537012.5.peg.4058.site.54, 4, 78, 82
537012.5.peg.4721.site.1, 1, 133, 134
537012.5.peg.4721.site.2, 8, 132, 140
537012.5.peg.4721.site.3, 6, 133, 139
537012.5.peg.4721.site.4, 4, 132, 136
537012.5.peg.4721.site.5, 1, 134, 135
537012.5.peg.4721.site.6, 9, 134, 143
537012.5.peg.4721.site.7, 18, 131, 149
537012.5.peg.4721.site.8, 3, 134, 137
537012.5.peg.4721.site.9, 8, 133, 141
537012.5.peg.4721.site.10, 56, 128, 184
537012.5.peg.4721.site.11, 0, 132, 132
537012.5.peg.4721.site.12, 0, 131, 131
537012.5.peg.4721.site.13, 0, 131, 131
537012.5.peg.4721.site.14, 3, 131, 134
537012.5.peg.4721.site.15, 4, 123, 127
537012.5.peg.4721.site.16, 0, 117, 117
537012.5.peg.4720.site.1, 4, 130, 134
537012.5.peg.4720.site.2, 3, 134, 137
537012.5.peg.4720.site.3, 3, 134, 137
537012.5.peg.4720.site.4, 2, 134, 136
537012.5.peg.4720.site.5, 1, 133, 134
537012.5.peg.4720.site.6, 86, 134, 220
537012.5.peg.4720.site.7, 1, 134, 135
537012.5.peg.4720.site.8, 4, 134, 138
537012.5.peg.4720.site.9, 8, 132, 140
537012.5.peg.4720.site.10, 55, 131, 186
537012.5.peg.4720.site.11, 4, 133, 137
537012.5.peg.4720.site.12, 0, 134, 134
537012.5.peg.4720.site.13, 7, 134, 141
537012.5.peg.4720.site.14, 46, 133, 179
537012.5.peg.4720.site.15, 12, 132, 144
537012.5.peg.4720.site.16, 9, 134, 143
537012.5.peg.4720.site.17, 3, 131, 134
537012.5.peg.4720.site.18, 3, 132, 135
537012.5.peg.4720.site.19, 2, 131, 133
537012.5.peg.4720.site.20, 1, 132, 133
537012.5.peg.4720.site.21, 3, 129, 132
537012.5.peg.4720.site.22, 1, 130, 131
537012.5.peg.4720.site.23, 60, 129, 189
537012.5.peg.4720.site.24, 2, 131, 133
537012.5.peg.4720.site.25, 3, 132, 135
537012.5.peg.4720.site.26, 4, 133, 137
537012.5.peg.4720.site.27, 1, 134, 135
537012.5.peg.4720.site.28, 1, 134, 135
537012.5.peg.4720.site.29, 4, 132, 136
537012.5.peg.4720.site.30, 5, 133, 138
537012.5.peg.4051.site.1, 2, 71, 73
537012.5.peg.4051.site.2, 10, 68, 78
537012.5.peg.4051.site.3, 1, 70, 71
537012.5.peg.4051.site.4, 1, 70, 71
537012.5.peg.4051.site.5, 10, 70, 80
537012.5.peg.4051.site.6, 29, 69, 98
537012.5.peg.4051.site.7, 27, 71, 98
537012.5.peg.4051.site.8, 38, 70, 108
537012.5.peg.4051.site.9, 57, 70, 127
537012.5.peg.4051.site.10, 18, 67, 85
537012.5.peg.4051.site.11, 5, 67, 72
537012.5.peg.4051.site.12, 44, 63, 107
537012.5.peg.4051.site.13, 20, 62, 82
537012.5.peg.4051.site.14, 9, 62, 71
537012.5.peg.4051.site.15, 9, 63, 72
537012.5.peg.4051.site.16, 1, 68, 69
537012.5.peg.4051.site.17, 12, 66, 78
537012.5.peg.4051.site.18, 15, 66, 81
537012.5.peg.4051.site.19, 7, 71, 78
537012.5.peg.4051.site.20, 4, 74, 78
537012.5.peg.4051.site.21, 1, 72, 73
537012.5.peg.4051.site.22, 16, 72, 88
537012.5.peg.4051.site.23, 2, 74, 76
537012.5.peg.4051.site.24, 4, 75, 79
537012.5.peg.4051.site.25, 10, 72, 82
537012.5.peg.4051.site.26, 5, 76, 81
537012.5.peg.4051.site.27, 2, 75, 77
537012.5.peg.4050.site.1, 2, 76, 78
537012.5.peg.4050.site.2, 3, 78, 81
537012.5.peg.4050.site.3, 2, 78, 80
537012.5.peg.4050.site.4, 3, 78, 81
537012.5.peg.4050.site.5, 5, 75, 80
537012.5.peg.4050.site.6, 11, 76, 87
537012.5.peg.4050.site.7, 2, 77, 79
537012.5.peg.4050.site.8, 2, 77, 79
537012.5.peg.4050.site.9, 17, 75, 92
537012.5.peg.4050.site.10, 28, 76, 104
537012.5.peg.4050.site.11, 65, 77, 142
537012.5.peg.4050.site.12, 2, 77, 79
537012.5.peg.4050.site.13, 8, 74, 82
537012.5.peg.4050.site.14, 1, 77, 78
537012.5.peg.4050.site.15, 4, 76, 80
537012.5.peg.4725.site.1, 9, 131, 140
537012.5.peg.4725.site.2, 68, 133, 201
537012.5.peg.4725.site.3, 7, 131, 138
537012.5.peg.4725.site.4, 9, 128, 137
537012.5.peg.4725.site.5, 5, 130, 135
537012.5.peg.4725.site.6, 6, 131, 137
537012.5.peg.4725.site.7, 4, 130, 134
537012.5.peg.4725.site.8, 9, 132, 141
537012.5.peg.4725.site.9, 118, 131, 249
537012.5.peg.4725.site.10, 5, 132, 137
537012.5.peg.4725.site.11, 9, 133, 142
537012.5.peg.4725.site.12, 5, 132, 137
537012.5.peg.4725.site.13, 5, 131, 136
537012.5.peg.4725.site.14, 0, 134, 134
537012.5.peg.4725.site.15, 1, 134, 135
537012.5.peg.4725.site.16, 2, 133, 135
537012.5.peg.4725.site.17, 5, 125, 130
537012.5.peg.4725.site.18, 6, 113, 119
537012.5.peg.4725.site.19, 1, 111, 112
537012.5.peg.4725.site.20, 5, 116, 121
537012.5.peg.4725.site.21, 6, 125, 131
537012.5.peg.4725.site.22, 3, 124, 127
537012.5.peg.4725.site.23, 1, 127, 128
537012.5.peg.4725.site.24, 7, 124, 131
537012.5.peg.4725.site.25, 4, 125, 129
537012.5.peg.4725.site.26, 0, 126, 126
537012.5.peg.4725.site.27, 5, 128, 133
537012.5.peg.4725.site.28, 11, 128, 139
537012.5.peg.4725.site.29, 5, 128, 133
537012.5.peg.4725.site.30, 10, 129, 139
537012.5.peg.4725.site.31, 9, 127, 136
537012.5.peg.4725.site.32, 1, 129, 130
537012.5.peg.4725.site.33, 1, 130, 131
537012.5.peg.4725.site.34, 31, 125, 156
537012.5.peg.4725.site.35, 0, 128, 128
537012.5.peg.4725.site.36, 0, 126, 126
537012.5.peg.4725.site.37, 2, 127, 129
537012.5.peg.4725.site.38, 12, 119, 131
537012.5.peg.4725.site.39, 7, 111, 118
537012.5.peg.4725.site.40, 8, 110, 118
537012.5.peg.4725.site.41, 0, 106, 106
537012.5.peg.4725.site.42, 19, 106, 125
537012.5.peg.4725.site.43, 7, 92, 99
537012.5.peg.4725.site.44, 0, 91, 91
537012.5.peg.4725.site.45, 1, 92, 93
537012.5.peg.4725.site.46, 1, 95, 96
537012.5.peg.4725.site.47, 0, 109, 109
537012.5.peg.4725.site.48, 17, 117, 134
537012.5.peg.4725.site.49, 7, 101, 108
537012.5.peg.4725.site.50, 7, 101, 108
537012.5.peg.4725.site.51, 12, 96, 108
537012.5.peg.4725.site.52, 13, 96, 109
537012.5.peg.4725.site.53, 16, 101, 117
537012.5.peg.4725.site.54, 53, 108, 161
537012.5.peg.4725.site.55, 2, 122, 124
537012.5.peg.4725.site.56, 2, 122, 124
537012.5.peg.4725.site.57, 45, 121, 166
537012.5.peg.4725.site.58, 6, 118, 124
537012.5.peg.4725.site.59, 0, 120, 120
537012.5.peg.4725.site.60, 1, 122, 123
537012.5.peg.4725.site.61, 4, 125, 129
537012.5.peg.4725.site.62, 7, 126, 133
537012.5.peg.4725.site.63, 6, 122, 128
537012.5.peg.4725.site.64, 52, 119, 171
537012.5.peg.4725.site.65, 3, 122, 125
537012.5.peg.4725.site.66, 1, 121, 122
537012.5.peg.4725.site.67, 0, 122, 122
537012.5.peg.4725.site.68, 4, 127, 131
537012.5.peg.4725.site.69, 0, 121, 121
537012.5.peg.4725.site.70, 5, 120, 125
537012.5.peg.4725.site.71, 5, 120, 125
537012.5.peg.4725.site.72, 5, 120, 125
537012.5.peg.4725.site.73, 1, 122, 123
537012.5.peg.4725.site.74, 2, 125, 127
537012.5.peg.4725.site.75, 31, 124, 155
537012.5.peg.4725.site.76, 2, 97, 99
537012.5.peg.4725.site.77, 2, 97, 99
537012.5.peg.4725.site.78, 46, 96, 142
537012.5.peg.4725.site.79, 2, 97, 99
537012.5.peg.4725.site.80, 30, 92, 122
537012.5.peg.4725.site.81, 4, 88, 92
537012.5.peg.4725.site.82, 4, 89, 93
537012.5.peg.4725.site.83, 0, 86, 86
537012.5.peg.4725.site.84, 19, 84, 103
537012.5.peg.4725.site.85, 6, 77, 83
537012.5.peg.4725.site.86, 7, 71, 78
537012.5.peg.4725.site.87, 21, 75, 96
537012.5.peg.4725.site.88, 3, 60, 63
537012.5.peg.4725.site.89, 1, 59, 60
537012.5.peg.4725.site.90, 2, 53, 55
537012.5.peg.4725.site.91, 49, 51, 100
537012.5.peg.4725.site.92, 5, 49, 54
537012.5.peg.4725.site.93, 2, 53, 55
537012.5.peg.4725.site.94, 2, 65, 67
537012.5.peg.4725.site.95, 1, 64, 65
537012.5.peg.4725.site.96, 1, 82, 83
537012.5.peg.4104.site.1, 13, 132, 145
537012.5.peg.4104.site.2, 3, 134, 137
537012.5.peg.4104.site.3, 9, 132, 141
537012.5.peg.4104.site.4, 1, 134, 135
537012.5.peg.4104.site.5, 12, 131, 143
537012.5.peg.4104.site.6, 6, 132, 138
537012.5.peg.4104.site.7, 3, 134, 137
537012.5.peg.4104.site.8, 12, 132, 144
537012.5.peg.4104.site.9, 26, 132, 158
537012.5.peg.4104.site.10, 105, 132, 237
537012.5.peg.4104.site.11, 3, 134, 137
537012.5.peg.4104.site.12, 35, 133, 168
537012.5.peg.4104.site.13, 11, 131, 142
537012.5.peg.4104.site.14, 86, 131, 217
537012.5.peg.4104.site.15, 6, 133, 139
537012.5.peg.4104.site.16, 6, 131, 137
537012.5.peg.4104.site.17, 19, 134, 153
537012.5.peg.4104.site.18, 4, 133, 137
537012.5.peg.4104.site.19, 0, 129, 129
537012.5.peg.4104.site.20, 8, 129, 137
537012.5.peg.4104.site.21, 8, 129, 137
537012.5.peg.4104.site.22, 14, 128, 142
537012.5.peg.4104.site.23, 7, 128, 135
537012.5.peg.4104.site.24, 1, 129, 130
537012.5.peg.4104.site.25, 6, 132, 138
537012.5.peg.4104.site.26, 1, 133, 134
537012.5.peg.4104.site.27, 1, 134, 135
537012.5.peg.4104.site.28, 0, 134, 134
537012.5.peg.4104.site.29, 5, 133, 138
537012.5.peg.4104.site.30, 5, 133, 138
537012.5.peg.4104.site.31, 9, 130, 139
537012.5.peg.4104.site.32, 7, 128, 135
537012.5.peg.4104.site.33, 2, 130, 132
537012.5.peg.4459.site.1, 5, 131, 136
537012.5.peg.4458.site.1, 0, 127, 127
537012.5.peg.4458.site.2, 4, 125, 129
537012.5.peg.4458.site.3, 5, 126, 131
537012.5.peg.4458.site.4, 6, 126, 132
537012.5.peg.4458.site.5, 0, 127, 127
537012.5.peg.4458.site.6, 1, 134, 135
537012.5.peg.4458.site.7, 1, 134, 135
537012.5.peg.4458.site.8, 1, 134, 135
537012.5.peg.4458.site.9, 3, 134, 137
537012.5.peg.4458.site.10, 1, 134, 135
537012.5.peg.4458.site.11, 4, 132, 136
537012.5.peg.4458.site.12, 5, 132, 137
537012.5.peg.4458.site.13, 0, 134, 134
537012.5.peg.4458.site.14, 6, 133, 139
537012.5.peg.4458.site.15, 7, 134, 141
537012.5.peg.4458.site.16, 6, 134, 140
537012.5.peg.4458.site.17, 35, 131, 166
537012.5.peg.4458.site.18, 7, 134, 141
537012.5.peg.4458.site.19, 5, 133, 138
537012.5.peg.4458.site.20, 6, 133, 139
537012.5.peg.4458.site.21, 3, 134, 137
537012.5.peg.4458.site.22, 3, 134, 137
537012.5.peg.4458.site.23, 27, 133, 160
537012.5.peg.4458.site.24, 2, 131, 133
537012.5.peg.4458.site.25, 1, 133, 134
537012.5.peg.4458.site.26, 5, 132, 137
537012.5.peg.4458.site.27, 3, 131, 134
537012.5.peg.4458.site.28, 2, 130, 132
537012.5.peg.4458.site.29, 5, 130, 135
537012.5.peg.4458.site.30, 4, 131, 135
537012.5.peg.4458.site.31, 127, 133, 260
537012.5.peg.4458.site.32, 7, 133, 140
537012.5.peg.4458.site.33, 1, 133, 134
537012.5.peg.4458.site.34, 0, 134, 134
537012.5.peg.4458.site.35, 6, 134, 140
537012.5.peg.4458.site.36, 1, 133, 134
537012.5.peg.4458.site.37, 29, 134, 163
537012.5.peg.4458.site.38, 11, 132, 143
537012.5.peg.4458.site.39, 7, 134, 141
537012.5.peg.4458.site.40, 9, 132, 141
537012.5.peg.4458.site.41, 41, 131, 172
537012.5.peg.4458.site.42, 1, 134, 135
537012.5.peg.4458.site.43, 29, 134, 163
537012.5.peg.4458.site.44, 6, 134, 140
537012.5.peg.4458.site.45, 6, 132, 138
537012.5.peg.4458.site.46, 10, 130, 140
537012.5.peg.4458.site.47, 27, 133, 160
537012.5.peg.4458.site.48, 113, 132, 245
537012.5.peg.4458.site.49, 4, 132, 136
537012.5.peg.4458.site.50, 4, 131, 135
537012.5.peg.4458.site.51, 3, 125, 128
537012.5.peg.4458.site.52, 4, 131, 135
537012.5.peg.4458.site.53, 6, 133, 139
537012.5.peg.4458.site.54, 10, 133, 143
537012.5.peg.4458.site.55, 0, 133, 133
537012.5.peg.4458.site.56, 1, 132, 133
537012.5.peg.4458.site.57, 5, 132, 137
537012.5.peg.4458.site.58, 2, 132, 134
537012.5.peg.4458.site.59, 4, 126, 130
537012.5.peg.4458.site.60, 1, 127, 128
537012.5.peg.4458.site.61, 2, 130, 132
537012.5.peg.4458.site.62, 1, 132, 133
537012.5.peg.4458.site.63, 4, 132, 136
537012.5.peg.4458.site.64, 11, 132, 143
537012.5.peg.4458.site.65, 11, 132, 143
537012.5.peg.4458.site.66, 2, 134, 136
537012.5.peg.4458.site.67, 9, 133, 142
537012.5.peg.4458.site.68, 2, 134, 136
537012.5.peg.4458.site.69, 1, 134, 135
537012.5.peg.4458.site.70, 4, 134, 138
537012.5.peg.4458.site.71, 18, 133, 151
537012.5.peg.4458.site.72, 44, 134, 178
537012.5.peg.4458.site.73, 25, 133, 158
537012.5.peg.4458.site.74, 0, 133, 133
537012.5.peg.4458.site.75, 13, 132, 145
537012.5.peg.4458.site.76, 6, 134, 140
537012.5.peg.4458.site.77, 1, 134, 135
537012.5.peg.4458.site.78, 23, 134, 157
537012.5.peg.4458.site.79, 12, 134, 146
537012.5.peg.4458.site.80, 1, 134, 135
537012.5.peg.4458.site.81, 2, 133, 135
537012.5.peg.4458.site.82, 0, 134, 134
537012.5.peg.4458.site.83, 2, 133, 135
537012.5.peg.4458.site.84, 12, 133, 145
537012.5.peg.4458.site.85, 12, 134, 146
537012.5.peg.4458.site.86, 7, 128, 135
537012.5.peg.3702.site.1, 0, 131, 131
537012.5.peg.3702.site.2, 6, 132, 138
537012.5.peg.3702.site.3, 6, 132, 138
537012.5.peg.3702.site.4, 18, 131, 149
537012.5.peg.3702.site.5, 0, 130, 130
537012.5.peg.3702.site.6, 0, 131, 131
537012.5.peg.3702.site.7, 7, 132, 139
537012.5.peg.3702.site.8, 6, 131, 137
537012.5.peg.3702.site.9, 39, 129, 168
537012.5.peg.3702.site.10, 4, 130, 134
537012.5.peg.3702.site.11, 26, 132, 158
537012.5.peg.3702.site.12, 36, 132, 168
537012.5.peg.3702.site.13, 10, 132, 142
537012.5.peg.3702.site.14, 1, 132, 133
537012.5.peg.3702.site.15, 71, 131, 202
537012.5.peg.3702.site.16, 3, 131, 134
537012.5.peg.3702.site.17, 5, 132, 137
537012.5.peg.3702.site.18, 11, 130, 141
537012.5.peg.3702.site.19, 60, 131, 191
537012.5.peg.3702.site.20, 18, 131, 149
537012.5.peg.3702.site.21, 5, 130, 135
537012.5.peg.3702.site.22, 23, 131, 154
537012.5.peg.3702.site.23, 6, 132, 138
537012.5.peg.3702.site.24, 1, 132, 133
537012.5.peg.3702.site.25, 3, 131, 134
537012.5.peg.3702.site.26, 6, 132, 138
537012.5.peg.3702.site.27, 1, 132, 133
537012.5.peg.3702.site.28, 4, 130, 134
537012.5.peg.3702.site.29, 33, 130, 163
537012.5.peg.3702.site.30, 20, 130, 150
537012.5.peg.3702.site.31, 4, 130, 134
537012.5.peg.3702.site.32, 98, 132, 230
537012.5.peg.3702.site.33, 6, 132, 138
537012.5.peg.3702.site.34, 6, 132, 138
537012.5.peg.3702.site.35, 3, 132, 135
537012.5.peg.3702.site.36, 2, 132, 134
537012.5.peg.3702.site.37, 0, 132, 132
537012.5.peg.3702.site.38, 22, 131, 153
537012.5.peg.3702.site.39, 11, 132, 143
537012.5.peg.3702.site.40, 1, 132, 133
537012.5.peg.3702.site.41, 3, 132, 135
537012.5.peg.3702.site.42, 15, 130, 145
537012.5.peg.3702.site.43, 11, 132, 143
537012.5.peg.3702.site.44, 21, 130, 151
537012.5.peg.3702.site.45, 4, 131, 135
537012.5.peg.3702.site.46, 0, 132, 132
537012.5.peg.3702.site.47, 7, 131, 138
537012.5.peg.3702.site.48, 4, 130, 134
537012.5.peg.3702.site.49, 5, 130, 135
537012.5.peg.3702.site.50, 38, 130, 168
537012.5.peg.3702.site.51, 4, 130, 134
537012.5.peg.3702.site.52, 4, 130, 134
537012.5.peg.3702.site.53, 4, 130, 134
537012.5.peg.3702.site.54, 4, 130, 134
537012.5.peg.3702.site.55, 21, 130, 151
537012.5.peg.3702.site.56, 15, 130, 145
537012.5.peg.3702.site.57, 4, 130, 134
537012.5.peg.3702.site.58, 4, 130, 134
537012.5.peg.3702.site.59, 3, 130, 133
537012.5.peg.3702.site.60, 7, 132, 139
537012.5.peg.3702.site.61, 17, 132, 149
537012.5.peg.3702.site.62, 5, 131, 136
537012.5.peg.3702.site.63, 15, 132, 147
537012.5.peg.3702.site.64, 7, 131, 138
537012.5.peg.3702.site.65, 21, 130, 151
537012.5.peg.3702.site.66, 5, 132, 137
537012.5.peg.3702.site.67, 4, 129, 133
537012.5.peg.3702.site.68, 17, 131, 148
537012.5.peg.3703.site.1, 0, 134, 134
537012.5.peg.3703.site.2, 2, 134, 136
537012.5.peg.3703.site.3, 4, 132, 136
537012.5.peg.3703.site.4, 4, 132, 136
537012.5.peg.3703.site.5, 7, 134, 141
537012.5.peg.3703.site.6, 8, 134, 142
537012.5.peg.3703.site.7, 128, 134, 262
537012.5.peg.3703.site.8, 25, 132, 157
537012.5.peg.3703.site.9, 15, 134, 149
537012.5.peg.3703.site.10, 35, 134, 169
537012.5.peg.3703.site.11, 4, 134, 138
537012.5.peg.3703.site.12, 1, 134, 135
537012.5.peg.3703.site.13, 11, 134, 145
537012.5.peg.3703.site.14, 1, 134, 135
537012.5.peg.3703.site.15, 16, 133, 149
537012.5.peg.3703.site.16, 16, 133, 149
537012.5.peg.3703.site.17, 8, 134, 142
537012.5.peg.3703.site.18, 2, 134, 136
537012.5.peg.3703.site.19, 3, 133, 136
537012.5.peg.3703.site.20, 22, 132, 154
537012.5.peg.3703.site.21, 6, 134, 140
537012.5.peg.3703.site.22, 31, 133, 164
537012.5.peg.3703.site.23, 8, 123, 131
537012.5.peg.3703.site.24, 2, 122, 124
537012.5.peg.3703.site.25, 12, 121, 133
537012.5.peg.3703.site.26, 4, 127, 131
537012.5.peg.3703.site.27, 8, 125, 133
537012.5.peg.3703.site.28, 8, 131, 139
537012.5.peg.3703.site.29, 24, 132, 156
537012.5.peg.3703.site.30, 25, 134, 159
537012.5.peg.3703.site.31, 4, 132, 136
537012.5.peg.3703.site.32, 39, 133, 172
537012.5.peg.3703.site.33, 25, 133, 158
537012.5.peg.3703.site.34, 1, 134, 135
537012.5.peg.3700.site.1, 4, 8, 12
537012.5.peg.3700.site.2, 5, 10, 15
537012.5.peg.3700.site.3, 1, 6, 7
537012.5.peg.3700.site.4, 10, 31, 41
537012.5.peg.3700.site.5, 3, 33, 36
537012.5.peg.3700.site.6, 6, 38, 44
537012.5.peg.3700.site.7, 1, 75, 76
537012.5.peg.3700.site.8, 5, 84, 89
537012.5.peg.3700.site.9, 64, 80, 144
537012.5.peg.3700.site.10, 8, 92, 100
537012.5.peg.3700.site.11, 3, 106, 109
537012.5.peg.3700.site.12, 16, 113, 129
537012.5.peg.3700.site.13, 8, 126, 134
537012.5.peg.3700.site.14, 36, 126, 162
537012.5.peg.3700.site.15, 0, 126, 126
537012.5.peg.3700.site.16, 8, 125, 133
537012.5.peg.3700.site.17, 0, 129, 129
537012.5.peg.3700.site.18, 0, 127, 127
537012.5.peg.3700.site.19, 23, 121, 144
537012.5.peg.3700.site.20, 2, 130, 132
537012.5.peg.3700.site.21, 7, 127, 134
537012.5.peg.3700.site.22, 7, 127, 134
537012.5.peg.3700.site.23, 51, 110, 161
537012.5.peg.3700.site.24, 2, 112, 114
537012.5.peg.3700.site.25, 3, 100, 103
537012.5.peg.3700.site.26, 3, 99, 102
537012.5.peg.3700.site.27, 3, 86, 89
537012.5.peg.3700.site.28, 6, 67, 73
537012.5.peg.3700.site.29, 18, 49, 67
537012.5.peg.3700.site.30, 9, 48, 57
537012.5.peg.3700.site.31, 7, 51, 58
537012.5.peg.3700.site.32, 2, 62, 64
537012.5.peg.3700.site.33, 42, 70, 112
537012.5.peg.3700.site.34, 1, 78, 79
537012.5.peg.3700.site.35, 1, 126, 127
537012.5.peg.3700.site.36, 0, 127, 127
537012.5.peg.3700.site.37, 0, 124, 124
537012.5.peg.3700.site.38, 2, 123, 125
537012.5.peg.3700.site.39, 0, 125, 125
537012.5.peg.3700.site.40, 0, 128, 128
537012.5.peg.3700.site.41, 0, 103, 103
537012.5.peg.3700.site.42, 3, 125, 128
537012.5.peg.3700.site.43, 1, 124, 125
537012.5.peg.3700.site.44, 7, 84, 91
537012.5.peg.3700.site.45, 0, 128, 128
537012.5.peg.3700.site.46, 0, 126, 126
537012.5.peg.3700.site.47, 0, 105, 105
537012.5.peg.3700.site.48, 17, 131, 148
537012.5.peg.3700.site.49, 0, 132, 132
537012.5.peg.3700.site.50, 30, 120, 150
537012.5.peg.3700.site.51, 0, 128, 128
537012.5.peg.3700.site.52, 0, 134, 134
537012.5.peg.3700.site.53, 0, 132, 132
537012.5.peg.3700.site.54, 2, 132, 134
537012.5.peg.3700.site.55, 0, 133, 133
537012.5.peg.3700.site.56, 0, 130, 130
537012.5.peg.3700.site.57, 20, 107, 127
537012.5.peg.3700.site.58, 1, 107, 108
537012.5.peg.3700.site.59, 0, 130, 130
537012.5.peg.3700.site.60, 0, 131, 131
537012.5.peg.3700.site.61, 0, 127, 127
537012.5.peg.3700.site.62, 10, 130, 140
537012.5.peg.3700.site.63, 0, 132, 132
537012.5.peg.3700.site.64, 13, 119, 132
537012.5.peg.3700.site.65, 0, 132, 132
537012.5.peg.3700.site.66, 30, 113, 143
537012.5.peg.3700.site.67, 1, 132, 133
537012.5.peg.3700.site.68, 0, 129, 129
537012.5.peg.3700.site.69, 2, 129, 131
537012.5.peg.3700.site.70, 0, 126, 126
537012.5.peg.3700.site.71, 0, 124, 124
537012.5.peg.3701.site.1, 0, 131, 131
537012.5.peg.3701.site.2, 1, 132, 133
537012.5.peg.3701.site.3, 2, 132, 134
537012.5.peg.3701.site.4, 4, 132, 136
537012.5.peg.3701.site.5, 43, 126, 169
537012.5.peg.3701.site.6, 2, 131, 133
537012.5.peg.3701.site.7, 0, 129, 129
537012.5.peg.3701.site.8, 0, 129, 129
537012.5.peg.3701.site.9, 38, 130, 168
537012.5.peg.3701.site.10, 1, 132, 133
537012.5.peg.3701.site.11, 3, 132, 135
537012.5.peg.3701.site.12, 0, 126, 126
537012.5.peg.3701.site.13, 97, 98, 195
537012.5.peg.3701.site.14, 69, 73, 142
537012.5.peg.3701.site.15, 60, 69, 129
537012.5.peg.3701.site.16, 1, 89, 90
537012.5.peg.3701.site.17, 0, 93, 93
537012.5.peg.3701.site.18, 0, 129, 129
537012.5.peg.3701.site.19, 0, 126, 126
537012.5.peg.3701.site.20, 50, 127, 177
537012.5.peg.3701.site.21, 6, 129, 135
537012.5.peg.3701.site.22, 47, 119, 166
537012.5.peg.3701.site.23, 0, 132, 132
537012.5.peg.3701.site.24, 11, 128, 139
537012.5.peg.3701.site.25, 11, 127, 138
537012.5.peg.3701.site.26, 0, 130, 130
537012.5.peg.3701.site.27, 0, 131, 131
537012.5.peg.3701.site.28, 0, 130, 130
537012.5.peg.3701.site.29, 10, 132, 142
537012.5.peg.3701.site.30, 0, 130, 130
537012.5.peg.3701.site.31, 8, 127, 135
537012.5.peg.3701.site.32, 2, 120, 122
537012.5.peg.3701.site.33, 0, 119, 119
537012.5.peg.3701.site.34, 2, 123, 125
537012.5.peg.3701.site.35, 3, 120, 123
537012.5.peg.3701.site.36, 58, 124, 182
537012.5.peg.3701.site.37, 28, 129, 157
537012.5.peg.3701.site.38, 3, 129, 132
537012.5.peg.3706.site.1, 1, 134, 135
537012.5.peg.3706.site.2, 7, 134, 141
537012.5.peg.3706.site.3, 1, 134, 135
537012.5.peg.3706.site.4, 19, 133, 152
537012.5.peg.3706.site.5, 1, 132, 133
537012.5.peg.3706.site.6, 15, 133, 148
537012.5.peg.3706.site.7, 109, 134, 243
537012.5.peg.3706.site.8, 2, 134, 136
537012.5.peg.3706.site.9, 27, 134, 161
537012.5.peg.3706.site.10, 31, 134, 165
537012.5.peg.3706.site.11, 10, 132, 142
537012.5.peg.3706.site.12, 4, 132, 136
537012.5.peg.3706.site.13, 3, 133, 136
537012.5.peg.3706.site.14, 0, 133, 133
537012.5.peg.3706.site.15, 10, 130, 140
537012.5.peg.3707.site.1, 5, 128, 133
537012.5.peg.3707.site.2, 23, 126, 149
537012.5.peg.3707.site.3, 9, 128, 137
537012.5.peg.3707.site.4, 1, 128, 129
537012.5.peg.3707.site.5, 1, 128, 129
537012.5.peg.3707.site.6, 1, 125, 126
537012.5.peg.3707.site.7, 9, 122, 131
537012.5.peg.3707.site.8, 5, 124, 129
537012.5.peg.3707.site.9, 13, 120, 133
537012.5.peg.3707.site.10, 13, 124, 137
537012.5.peg.3707.site.11, 7, 119, 126
537012.5.peg.3707.site.12, 0, 117, 117
537012.5.peg.3707.site.13, 0, 117, 117
537012.5.peg.3707.site.14, 10, 132, 142
537012.5.peg.3707.site.15, 4, 131, 135
537012.5.peg.3707.site.16, 5, 131, 136
537012.5.peg.3707.site.17, 91, 130, 221
537012.5.peg.3707.site.18, 22, 133, 155
537012.5.peg.3707.site.19, 5, 131, 136
537012.5.peg.3707.site.20, 3, 133, 136
537012.5.peg.3707.site.21, 18, 127, 145
537012.5.peg.3707.site.22, 2, 129, 131
537012.5.peg.3707.site.23, 18, 128, 146
537012.5.peg.3707.site.24, 3, 128, 131
537012.5.peg.3707.site.25, 2, 131, 133
537012.5.peg.3707.site.26, 2, 129, 131
537012.5.peg.3707.site.27, 67, 130, 197
537012.5.peg.3704.site.1, 19, 134, 153
537012.5.peg.3704.site.2, 19, 134, 153
537012.5.peg.3704.site.3, 8, 134, 142
537012.5.peg.3704.site.4, 24, 132, 156
537012.5.peg.3704.site.5, 1, 134, 135
537012.5.peg.3704.site.6, 1, 134, 135
537012.5.peg.3704.site.7, 4, 133, 137
537012.5.peg.3704.site.8, 3, 133, 136
537012.5.peg.3704.site.9, 2, 131, 133
537012.5.peg.3704.site.10, 1, 132, 133
537012.5.peg.3704.site.11, 4, 133, 137
537012.5.peg.3704.site.12, 9, 134, 143
537012.5.peg.3704.site.13, 1, 134, 135
537012.5.peg.3704.site.14, 3, 134, 137
537012.5.peg.3704.site.15, 0, 134, 134
537012.5.peg.3704.site.16, 38, 134, 172
537012.5.peg.3704.site.17, 8, 134, 142
537012.5.peg.3704.site.18, 4, 132, 136
537012.5.peg.3704.site.19, 4, 132, 136
537012.5.peg.3704.site.20, 4, 132, 136
537012.5.peg.3704.site.21, 4, 132, 136
537012.5.peg.3704.site.22, 6, 128, 134
537012.5.peg.3705.site.1, 17, 133, 150
537012.5.peg.3705.site.2, 129, 134, 263
537012.5.peg.3705.site.3, 0, 134, 134
537012.5.peg.3705.site.4, 1, 134, 135
537012.5.peg.3705.site.5, 3, 133, 136
537012.5.peg.3705.site.6, 3, 134, 137
537012.5.peg.3705.site.7, 1, 133, 134
537012.5.peg.3705.site.8, 1, 134, 135
537012.5.peg.4127.site.1, 7, 62, 69
537012.5.peg.4127.site.2, 6, 61, 67
537012.5.peg.4127.site.3, 58, 64, 122
537012.5.peg.4127.site.4, 1, 62, 63
537012.5.peg.4127.site.5, 5, 62, 67
537012.5.peg.4127.site.6, 4, 57, 61
537012.5.peg.4127.site.7, 1, 36, 37
537012.5.peg.4127.site.8, 43, 90, 133
537012.5.peg.4126.site.1, 1, 42, 43
537012.5.peg.4126.site.2, 1, 114, 115
537012.5.peg.4126.site.3, 3, 121, 124
537012.5.peg.4126.site.4, 2, 124, 126
537012.5.peg.4126.site.5, 18, 126, 144
537012.5.peg.4126.site.6, 24, 125, 149
537012.5.peg.4126.site.7, 2, 124, 126
537012.5.peg.4126.site.8, 1, 127, 128
537012.5.peg.4126.site.9, 32, 126, 158
537012.5.peg.4126.site.10, 12, 127, 139
537012.5.peg.4126.site.11, 84, 126, 210
537012.5.peg.4126.site.12, 1, 127, 128
537012.5.peg.4126.site.13, 5, 127, 132
537012.5.peg.4126.site.14, 51, 125, 176
537012.5.peg.4126.site.15, 104, 127, 231
537012.5.peg.4126.site.16, 7, 127, 134
537012.5.peg.4126.site.17, 2, 126, 128
537012.5.peg.4126.site.18, 19, 127, 146
537012.5.peg.4126.site.19, 1, 127, 128
537012.5.peg.4126.site.20, 70, 126, 196
537012.5.peg.4126.site.21, 13, 127, 140
537012.5.peg.4126.site.22, 16, 126, 142
537012.5.peg.4126.site.23, 2, 125, 127
537012.5.peg.4126.site.24, 13, 127, 140
537012.5.peg.4126.site.25, 49, 124, 173
537012.5.peg.4126.site.26, 33, 124, 157
537012.5.peg.4126.site.27, 13, 127, 140
537012.5.peg.4126.site.28, 65, 123, 188
537012.5.peg.4126.site.29, 0, 121, 121
537012.5.peg.4126.site.30, 40, 122, 162
537012.5.peg.4126.site.31, 23, 121, 144
537012.5.peg.4126.site.32, 17, 121, 138
537012.5.peg.4126.site.33, 1, 123, 124
537012.5.peg.4126.site.34, 2, 123, 125
537012.5.peg.4126.site.35, 2, 123, 125
537012.5.peg.4126.site.36, 2, 122, 124
537012.5.peg.4126.site.37, 1, 123, 124
537012.5.peg.4126.site.38, 0, 121, 121
537012.5.peg.4126.site.39, 0, 120, 120
537012.5.peg.4126.site.40, 0, 120, 120
537012.5.peg.4126.site.41, 0, 120, 120
537012.5.peg.4126.site.42, 2, 122, 124
537012.5.peg.4126.site.43, 3, 121, 124
537012.5.peg.4126.site.44, 1, 109, 110
537012.5.peg.4125.site.1, 9, 134, 143
537012.5.peg.4125.site.2, 13, 133, 146
537012.5.peg.4125.site.3, 13, 133, 146
537012.5.peg.4125.site.4, 2, 133, 135
537012.5.peg.4125.site.5, 17, 132, 149
537012.5.peg.4125.site.6, 4, 133, 137
537012.5.peg.4125.site.7, 1, 134, 135
537012.5.peg.4125.site.8, 4, 134, 138
537012.5.peg.4125.site.9, 15, 134, 149
537012.5.peg.4125.site.10, 24, 132, 156
537012.5.peg.4125.site.11, 15, 134, 149
537012.5.peg.4125.site.12, 4, 132, 136
537012.5.peg.4125.site.13, 13, 134, 147
537012.5.peg.4125.site.14, 2, 133, 135
537012.5.peg.4125.site.15, 128, 133, 261
537012.5.peg.4125.site.16, 52, 133, 185
537012.5.peg.4125.site.17, 1, 133, 134
537012.5.peg.4125.site.18, 2, 130, 132
537012.5.peg.4125.site.19, 2, 133, 135
537012.5.peg.4125.site.20, 4, 132, 136
537012.5.peg.4125.site.21, 32, 132, 164
537012.5.peg.4125.site.22, 1, 132, 133
537012.5.peg.4125.site.23, 42, 129, 171
537012.5.peg.4125.site.24, 26, 125, 151
537012.5.peg.4124.site.1, 1, 134, 135
537012.5.peg.4124.site.2, 5, 133, 138
537012.5.peg.4124.site.3, 28, 134, 162
537012.5.peg.4124.site.4, 2, 134, 136
537012.5.peg.4124.site.5, 28, 134, 162
537012.5.peg.4124.site.6, 28, 134, 162
537012.5.peg.4124.site.7, 13, 134, 147
537012.5.peg.4124.site.8, 28, 134, 162
537012.5.peg.4124.site.9, 19, 134, 153
537012.5.peg.4124.site.10, 3, 134, 137
537012.5.peg.4124.site.11, 1, 134, 135
537012.5.peg.4124.site.12, 27, 132, 159
537012.5.peg.4124.site.13, 0, 132, 132
537012.5.peg.4123.site.1, 22, 132, 154
537012.5.peg.4123.site.2, 19, 132, 151
537012.5.peg.4123.site.3, 28, 134, 162
537012.5.peg.4123.site.4, 0, 134, 134
537012.5.peg.4123.site.5, 7, 133, 140
537012.5.peg.4123.site.6, 0, 134, 134
537012.5.peg.4123.site.7, 3, 131, 134
537012.5.peg.4123.site.8, 2, 134, 136
537012.5.peg.4123.site.9, 38, 132, 170
537012.5.peg.4123.site.10, 1, 133, 134
537012.5.peg.4123.site.11, 4, 134, 138
537012.5.peg.4123.site.12, 18, 134, 152
537012.5.peg.4123.site.13, 12, 133, 145
537012.5.peg.4123.site.14, 43, 133, 176
537012.5.peg.4123.site.15, 10, 132, 142
537012.5.peg.4123.site.16, 16, 134, 150
537012.5.peg.4123.site.17, 13, 134, 147
537012.5.peg.4123.site.18, 33, 133, 166
537012.5.peg.4123.site.19, 2, 134, 136
537012.5.peg.4123.site.20, 2, 134, 136
537012.5.peg.4123.site.21, 14, 134, 148
537012.5.peg.4123.site.22, 2, 134, 136
537012.5.peg.4123.site.23, 32, 132, 164
537012.5.peg.4123.site.24, 48, 133, 181
537012.5.peg.4123.site.25, 5, 133, 138
537012.5.peg.4123.site.26, 0, 134, 134
537012.5.peg.4122.site.1, 25, 127, 152
537012.5.peg.4122.site.2, 17, 129, 146
537012.5.peg.4122.site.3, 13, 131, 144
537012.5.peg.4122.site.4, 3, 133, 136
537012.5.peg.4122.site.5, 2, 134, 136
537012.5.peg.4122.site.6, 1, 133, 134
537012.5.peg.4122.site.7, 33, 133, 166
537012.5.peg.4122.site.8, 3, 134, 137
537012.5.peg.4122.site.9, 84, 133, 217
537012.5.peg.4122.site.10, 11, 134, 145
537012.5.peg.4122.site.11, 9, 133, 142
537012.5.peg.4122.site.12, 18, 132, 150
537012.5.peg.4122.site.13, 11, 134, 145
537012.5.peg.4122.site.14, 6, 132, 138
537012.5.peg.4122.site.15, 15, 133, 148
537012.5.peg.4122.site.16, 0, 132, 132
537012.5.peg.4122.site.17, 2, 129, 131
537012.5.peg.4122.site.18, 5, 125, 130
537012.5.peg.4121.site.1, 2, 134, 136
537012.5.peg.4121.site.2, 3, 131, 134
537012.5.peg.4121.site.3, 0, 133, 133
537012.5.peg.4121.site.4, 8, 132, 140
537012.5.peg.4121.site.5, 17, 134, 151
537012.5.peg.4121.site.6, 4, 132, 136
537012.5.peg.4121.site.7, 33, 132, 165
537012.5.peg.4121.site.8, 4, 132, 136
537012.5.peg.4121.site.9, 4, 132, 136
537012.5.peg.4121.site.10, 15, 133, 148
537012.5.peg.4121.site.11, 8, 134, 142
537012.5.peg.4121.site.12, 4, 132, 136
537012.5.peg.4121.site.13, 4, 132, 136
537012.5.peg.4121.site.14, 32, 132, 164
537012.5.peg.4121.site.15, 3, 134, 137
537012.5.peg.4121.site.16, 3, 133, 136
537012.5.peg.4121.site.17, 5, 133, 138
537012.5.peg.4121.site.18, 27, 128, 155
537012.5.peg.4121.site.19, 4, 127, 131
537012.5.peg.4121.site.20, 58, 128, 186
537012.5.peg.4121.site.21, 1, 129, 130
537012.5.peg.4121.site.22, 2, 129, 131
537012.5.peg.4121.site.23, 2, 133, 135
537012.5.peg.4121.site.24, 29, 132, 161
537012.5.peg.4121.site.25, 34, 130, 164
537012.5.peg.4121.site.26, 13, 133, 146
537012.5.peg.4121.site.27, 35, 131, 166
537012.5.peg.4121.site.28, 3, 134, 137
537012.5.peg.4121.site.29, 4, 132, 136
537012.5.peg.4121.site.30, 32, 132, 164
537012.5.peg.4121.site.31, 22, 131, 153
537012.5.peg.4121.site.32, 58, 131, 189
537012.5.peg.4121.site.33, 15, 132, 147
537012.5.peg.4121.site.34, 15, 132, 147
537012.5.peg.4121.site.35, 4, 130, 134
537012.5.peg.4121.site.36, 94, 134, 228
537012.5.peg.4121.site.37, 13, 134, 147
537012.5.peg.4121.site.38, 6, 132, 138
537012.5.peg.4121.site.39, 15, 134, 149
537012.5.peg.4121.site.40, 20, 132, 152
537012.5.peg.4121.site.41, 0, 133, 133
537012.5.peg.4121.site.42, 10, 134, 144
537012.5.peg.4121.site.43, 2, 134, 136
537012.5.peg.4121.site.44, 0, 134, 134
537012.5.peg.4121.site.45, 3, 134, 137
537012.5.peg.4121.site.46, 32, 132, 164
537012.5.peg.4121.site.47, 11, 132, 143
537012.5.peg.4121.site.48, 16, 133, 149
537012.5.peg.4121.site.49, 17, 134, 151
537012.5.peg.4121.site.50, 10, 133, 143
537012.5.peg.4121.site.51, 2, 132, 134
537012.5.peg.4121.site.52, 19, 132, 151
537012.5.peg.4121.site.53, 81, 130, 211
537012.5.peg.4121.site.54, 4, 128, 132
537012.5.peg.4121.site.55, 7, 127, 134
537012.5.peg.4121.site.56, 98, 125, 223
537012.5.peg.4121.site.57, 3, 126, 129
537012.5.peg.4121.site.58, 5, 124, 129
537012.5.peg.4121.site.59, 18, 117, 135
537012.5.peg.4121.site.60, 4, 118, 122
537012.5.peg.4121.site.61, 10, 131, 141
537012.5.peg.4121.site.62, 4, 132, 136
537012.5.peg.4121.site.63, 11, 133, 144
537012.5.peg.4121.site.64, 13, 134, 147
537012.5.peg.4121.site.65, 13, 133, 146
537012.5.peg.4547.site.1, 5, 79, 84
537012.5.peg.4547.site.2, 9, 80, 89
537012.5.peg.4547.site.3, 58, 72, 130
537012.5.peg.4547.site.4, 8, 72, 80
537012.5.peg.4547.site.5, 7, 70, 77
537012.5.peg.4547.site.6, 18, 67, 85
537012.5.peg.4547.site.7, 3, 71, 74
537012.5.peg.4547.site.8, 71, 72, 143
537012.5.peg.4547.site.9, 0, 73, 73
537012.5.peg.4547.site.10, 0, 73, 73
537012.5.peg.4547.site.11, 16, 77, 93
537012.5.peg.4547.site.12, 6, 79, 85
537012.5.peg.4547.site.13, 7, 76, 83
537012.5.peg.4547.site.14, 9, 78, 87
537012.5.peg.4547.site.15, 5, 74, 79
537012.5.peg.4547.site.16, 55, 71, 126
537012.5.peg.4547.site.17, 62, 72, 134
537012.5.peg.4547.site.18, 67, 68, 135
537012.5.peg.4547.site.19, 51, 69, 120
537012.5.peg.4547.site.20, 4, 73, 77
537012.5.peg.4547.site.21, 2, 75, 77
537012.5.peg.4547.site.22, 5, 75, 80
537012.5.peg.4547.site.23, 3, 75, 78
537012.5.peg.4547.site.24, 6, 76, 82
537012.5.peg.4547.site.25, 1, 76, 77
537012.5.peg.4547.site.26, 10, 76, 86
537012.5.peg.4547.site.27, 5, 76, 81
537012.5.peg.4547.site.28, 51, 76, 127
537012.5.peg.4547.site.29, 64, 75, 139
537012.5.peg.4547.site.30, 1, 78, 79
537012.5.peg.4547.site.31, 23, 79, 102
537012.5.peg.4547.site.32, 3, 80, 83
537012.5.peg.4547.site.33, 3, 80, 83
537012.5.peg.4547.site.34, 35, 87, 122
537012.5.peg.4546.site.1, 1, 87, 88
537012.5.peg.4546.site.2, 0, 86, 86
537012.5.peg.4546.site.3, 7, 93, 100
537012.5.peg.4546.site.4, 15, 99, 114
537012.5.peg.4546.site.5, 3, 104, 107
537012.5.peg.4546.site.6, 1, 107, 108
537012.5.peg.4546.site.7, 7, 111, 118
537012.5.peg.4546.site.8, 20, 111, 131
537012.5.peg.4546.site.9, 4, 105, 109
537012.5.peg.4546.site.10, 10, 105, 115
537012.5.peg.4546.site.11, 3, 102, 105
537012.5.peg.4546.site.12, 3, 102, 105
537012.5.peg.4546.site.13, 22, 101, 123
537012.5.peg.4546.site.14, 27, 87, 114
537012.5.peg.4546.site.15, 2, 86, 88
537012.5.peg.4546.site.16, 1, 103, 104
537012.5.peg.4546.site.17, 0, 110, 110
537012.5.peg.4546.site.18, 90, 111, 201
537012.5.peg.4546.site.19, 84, 118, 202
537012.5.peg.4546.site.20, 2, 120, 122
537012.5.peg.4546.site.21, 32, 118, 150
537012.5.peg.4546.site.22, 4, 122, 126
537012.5.peg.4546.site.23, 1, 124, 125
537012.5.peg.4546.site.24, 12, 126, 138
537012.5.peg.4546.site.25, 3, 125, 128
537012.5.peg.4546.site.26, 4, 124, 128
537012.5.peg.4546.site.27, 113, 126, 239
537012.5.peg.4546.site.28, 8, 126, 134
537012.5.peg.4546.site.29, 1, 124, 125
537012.5.peg.4546.site.30, 20, 125, 145
537012.5.peg.4546.site.31, 32, 126, 158
537012.5.peg.4546.site.32, 5, 126, 131
537012.5.peg.4546.site.33, 7, 127, 134
537012.5.peg.4546.site.34, 1, 127, 128
537012.5.peg.4546.site.35, 1, 126, 127
537012.5.peg.4546.site.36, 1, 130, 131
537012.5.peg.4546.site.37, 1, 130, 131
537012.5.peg.4546.site.38, 1, 132, 133
537012.5.peg.4546.site.39, 52, 131, 183
537012.5.peg.4546.site.40, 1, 131, 132
537012.5.peg.4546.site.41, 16, 127, 143
537012.5.peg.4546.site.42, 7, 127, 134
537012.5.peg.4546.site.43, 3, 124, 127
537012.5.peg.4546.site.44, 3, 123, 126
537012.5.peg.4546.site.45, 8, 108, 116
537012.5.peg.4546.site.46, 9, 117, 126
537012.5.peg.4546.site.47, 11, 118, 129
537012.5.peg.4546.site.48, 30, 117, 147
537012.5.peg.4546.site.49, 1, 122, 123
537012.5.peg.4546.site.50, 13, 81, 94
537012.5.peg.4546.site.51, 11, 86, 97
537012.5.peg.4546.site.52, 14, 95, 109
537012.5.peg.4546.site.53, 4, 95, 99
537012.5.peg.4549.site.1, 4, 122, 126
537012.5.peg.4549.site.2, 0, 123, 123
537012.5.peg.4549.site.3, 3, 123, 126
537012.5.peg.4549.site.4, 0, 122, 122
537012.5.peg.4549.site.5, 75, 118, 193
537012.5.peg.4549.site.6, 1, 121, 122
537012.5.peg.4549.site.7, 15, 122, 137
537012.5.peg.4549.site.8, 8, 122, 130
537012.5.peg.4549.site.9, 66, 122, 188
537012.5.peg.4549.site.10, 0, 120, 120
537012.5.peg.4549.site.11, 20, 122, 142
537012.5.peg.4549.site.12, 4, 122, 126
537012.5.peg.4549.site.13, 1, 122, 123
537012.5.peg.4549.site.14, 53, 121, 174
537012.5.peg.4549.site.15, 0, 122, 122
537012.5.peg.4549.site.16, 0, 120, 120
537012.5.peg.4549.site.17, 6, 122, 128
537012.5.peg.4549.site.18, 0, 121, 121
537012.5.peg.4549.site.19, 3, 122, 125
537012.5.peg.4549.site.20, 1, 122, 123
537012.5.peg.4549.site.21, 2, 115, 117
537012.5.peg.4549.site.22, 32, 105, 137
537012.5.peg.4549.site.23, 21, 101, 122
537012.5.peg.4549.site.24, 49, 109, 158
537012.5.peg.4549.site.25, 72, 111, 183
537012.5.peg.4549.site.26, 88, 118, 206
537012.5.peg.4549.site.27, 6, 121, 127
537012.5.peg.4549.site.28, 0, 125, 125
537012.5.peg.4549.site.29, 46, 125, 171
537012.5.peg.4549.site.30, 4, 125, 129
537012.5.peg.4549.site.31, 3, 127, 130
537012.5.peg.4549.site.32, 17, 127, 144
537012.5.peg.4549.site.33, 0, 127, 127
537012.5.peg.4549.site.34, 104, 126, 230
537012.5.peg.4549.site.35, 3, 126, 129
537012.5.peg.4549.site.36, 58, 126, 184
537012.5.peg.4549.site.37, 14, 127, 141
537012.5.peg.4549.site.38, 0, 126, 126
537012.5.peg.4549.site.39, 16, 127, 143
537012.5.peg.4549.site.40, 6, 123, 129
537012.5.peg.4549.site.41, 0, 106, 106
537012.5.peg.4549.site.42, 74, 103, 177
537012.5.peg.4549.site.43, 4, 122, 126
537012.5.peg.4549.site.44, 28, 126, 154
537012.5.peg.4549.site.45, 1, 126, 127
537012.5.peg.4549.site.46, 5, 125, 130
537012.5.peg.4549.site.47, 80, 127, 207
537012.5.peg.4549.site.48, 3, 89, 92
537012.5.peg.1883.site.1, 0, 118, 118
537012.5.peg.1883.site.2, 12, 122, 134
537012.5.peg.1883.site.3, 0, 120, 120
537012.5.peg.1883.site.4, 4, 123, 127
537012.5.peg.1883.site.5, 0, 123, 123
537012.5.peg.1883.site.6, 4, 123, 127
537012.5.peg.1883.site.7, 8, 121, 129
537012.5.peg.1883.site.8, 67, 122, 189
537012.5.peg.1883.site.9, 67, 122, 189
537012.5.peg.1883.site.10, 67, 122, 189
537012.5.peg.1883.site.11, 3, 120, 123
537012.5.peg.1883.site.12, 3, 120, 123
537012.5.peg.1883.site.13, 31, 122, 153
537012.5.peg.1883.site.14, 4, 123, 127
537012.5.peg.1883.site.15, 11, 123, 134
537012.5.peg.1883.site.16, 2, 123, 125
537012.5.peg.1883.site.17, 3, 120, 123
537012.5.peg.1883.site.18, 0, 123, 123
537012.5.peg.1883.site.19, 3, 120, 123
537012.5.peg.1883.site.20, 4, 122, 126
537012.5.peg.1883.site.21, 2, 121, 123
537012.5.peg.1883.site.22, 1, 124, 125
537012.5.peg.1883.site.23, 6, 122, 128
537012.5.peg.1883.site.24, 2, 125, 127
537012.5.peg.1883.site.25, 14, 126, 140
537012.5.peg.1883.site.26, 1, 125, 126
537012.5.peg.1883.site.27, 3, 126, 129
537012.5.peg.1883.site.28, 2, 126, 128
537012.5.peg.1883.site.29, 31, 123, 154
537012.5.peg.1883.site.30, 31, 123, 154
537012.5.peg.1883.site.31, 1, 122, 123
537012.5.peg.1883.site.32, 31, 123, 154
537012.5.peg.1883.site.33, 27, 119, 146
537012.5.peg.1883.site.34, 18, 119, 137
537012.5.peg.1883.site.35, 9, 121, 130
537012.5.peg.1883.site.36, 82, 121, 203
537012.5.peg.1883.site.37, 16, 124, 140
537012.5.peg.1883.site.38, 2, 124, 126
537012.5.peg.1883.site.39, 1, 121, 122
537012.5.peg.1883.site.40, 1, 120, 121
537012.5.peg.1883.site.41, 48, 121, 169
537012.5.peg.2712.site.1, 0, 133, 133
537012.5.peg.1737.site.1, 0, 128, 128
537012.5.peg.1737.site.2, 1, 130, 131
537012.5.peg.1737.site.3, 1, 130, 131
537012.5.peg.1737.site.4, 55, 130, 185
537012.5.peg.1737.site.5, 1, 131, 132
537012.5.peg.1737.site.6, 31, 131, 162
537012.5.peg.1737.site.7, 54, 129, 183
537012.5.peg.1737.site.8, 44, 129, 173
537012.5.peg.1737.site.9, 15, 124, 139
537012.5.peg.1737.site.10, 1, 108, 109
537012.5.peg.1737.site.11, 3, 94, 97
537012.5.peg.1737.site.12, 1, 96, 97
537012.5.peg.1737.site.13, 93, 94, 187
537012.5.peg.1737.site.14, 28, 92, 120
537012.5.peg.1737.site.15, 4, 97, 101
537012.5.peg.1737.site.16, 0, 96, 96
537012.5.peg.1737.site.17, 3, 100, 103
537012.5.peg.1737.site.18, 10, 104, 114
537012.5.peg.1737.site.19, 2, 112, 114
537012.5.peg.1737.site.20, 0, 114, 114
537012.5.peg.1737.site.21, 0, 122, 122
537012.5.peg.1737.site.22, 1, 119, 120
537012.5.peg.1737.site.23, 0, 120, 120
537012.5.peg.1737.site.24, 1, 120, 121
537012.5.peg.1737.site.25, 1, 121, 122
537012.5.peg.1737.site.26, 5, 121, 126
537012.5.peg.1737.site.27, 25, 120, 145
537012.5.peg.1737.site.28, 7, 121, 128
537012.5.peg.1880.site.1, 11, 134, 145
537012.5.peg.1880.site.2, 86, 131, 217
537012.5.peg.1880.site.3, 1, 134, 135
537012.5.peg.1880.site.4, 3, 130, 133
537012.5.peg.1880.site.5, 3, 131, 134
537012.5.peg.1880.site.6, 6, 130, 136
537012.5.peg.1880.site.7, 3, 128, 131
537012.5.peg.1880.site.8, 17, 129, 146
537012.5.peg.1880.site.9, 1, 129, 130
537012.5.peg.1880.site.10, 11, 128, 139
537012.5.peg.1880.site.11, 19, 129, 148
537012.5.peg.1880.site.12, 6, 129, 135
537012.5.peg.1880.site.13, 75, 128, 203
537012.5.peg.1880.site.14, 50, 128, 178
537012.5.peg.1880.site.15, 39, 128, 167
537012.5.peg.1880.site.16, 6, 127, 133
537012.5.peg.1880.site.17, 5, 132, 137
537012.5.peg.1880.site.18, 4, 132, 136
537012.5.peg.1880.site.19, 0, 128, 128
537012.5.peg.1731.site.1, 2, 112, 114
537012.5.peg.1731.site.2, 8, 105, 113
537012.5.peg.1731.site.3, 2, 107, 109
537012.5.peg.1731.site.4, 6, 109, 115
537012.5.peg.1731.site.5, 2, 106, 108
537012.5.peg.1731.site.6, 8, 104, 112
537012.5.peg.1731.site.7, 7, 106, 113
537012.5.peg.1731.site.8, 6, 105, 111
537012.5.peg.1731.site.9, 7, 106, 113
537012.5.peg.1731.site.10, 1, 109, 110
537012.5.peg.1731.site.11, 0, 108, 108
537012.5.peg.1731.site.12, 4, 104, 108
537012.5.peg.1731.site.13, 0, 85, 85
537012.5.peg.1731.site.14, 10, 85, 95
537012.5.peg.1731.site.15, 10, 82, 92
537012.5.peg.1731.site.16, 53, 80, 133
537012.5.peg.1731.site.17, 1, 78, 79
537012.5.peg.1731.site.18, 7, 79, 86
537012.5.peg.1731.site.19, 6, 77, 83
537012.5.peg.1731.site.20, 59, 74, 133
537012.5.peg.1731.site.21, 1, 72, 73
537012.5.peg.1731.site.22, 6, 74, 80
537012.5.peg.1731.site.23, 9, 75, 84
537012.5.peg.1731.site.24, 7, 75, 82
537012.5.peg.1731.site.25, 0, 78, 78
537012.5.peg.1731.site.26, 9, 80, 89
537012.5.peg.1731.site.27, 2, 77, 79
537012.5.peg.1731.site.28, 10, 79, 89
537012.5.peg.1731.site.29, 17, 79, 96
537012.5.peg.1731.site.30, 8, 81, 89
537012.5.peg.1731.site.31, 3, 84, 87
537012.5.peg.1731.site.32, 39, 84, 123
537012.5.peg.1731.site.33, 17, 81, 98
537012.5.peg.1731.site.34, 2, 84, 86
537012.5.peg.1731.site.35, 2, 84, 86
537012.5.peg.1731.site.36, 5, 88, 93
537012.5.peg.1731.site.37, 51, 85, 136
537012.5.peg.1731.site.38, 1, 84, 85
537012.5.peg.1731.site.39, 32, 75, 107
537012.5.peg.1731.site.40, 7, 77, 84
537012.5.peg.1731.site.41, 8, 81, 89
537012.5.peg.1731.site.42, 12, 82, 94
537012.5.peg.1731.site.43, 30, 91, 121
537012.5.peg.1731.site.44, 31, 93, 124
537012.5.peg.1731.site.45, 3, 95, 98
537012.5.peg.1731.site.46, 93, 113, 206
537012.5.peg.1731.site.47, 5, 118, 123
537012.5.peg.1731.site.48, 0, 116, 116
537012.5.peg.1731.site.49, 3, 110, 113
537012.5.peg.1731.site.50, 2, 109, 111
537012.5.peg.1730.site.1, 68, 77, 145
537012.5.peg.1730.site.2, 4, 76, 80
537012.5.peg.1730.site.3, 26, 76, 102
537012.5.peg.1730.site.4, 1, 78, 79
537012.5.peg.1730.site.5, 4, 78, 82
537012.5.peg.1730.site.6, 59, 75, 134
537012.5.peg.1730.site.7, 1, 76, 77
537012.5.peg.1730.site.8, 12, 75, 87
537012.5.peg.1730.site.9, 73, 77, 150
537012.5.peg.1730.site.10, 4, 78, 82
537012.5.peg.1730.site.11, 38, 77, 115
537012.5.peg.1730.site.12, 8, 111, 119
537012.5.peg.1730.site.13, 9, 116, 125
537012.5.peg.1730.site.14, 2, 108, 110
537012.5.peg.1730.site.15, 1, 111, 112
537012.5.peg.1730.site.16, 5, 107, 112
537012.5.peg.1730.site.17, 12, 93, 105
537012.5.peg.1730.site.18, 9, 83, 92
537012.5.peg.1730.site.19, 1, 83, 84
537012.5.peg.1730.site.20, 10, 83, 93
537012.5.peg.1730.site.21, 2, 111, 113
537012.5.peg.1730.site.22, 4, 115, 119
537012.5.peg.1730.site.23, 3, 123, 126
537012.5.peg.1730.site.24, 24, 123, 147
537012.5.peg.1730.site.25, 0, 127, 127
537012.5.peg.1730.site.26, 1, 124, 125
537012.5.peg.1730.site.27, 40, 118, 158
537012.5.peg.1730.site.28, 2, 122, 124
537012.5.peg.1730.site.29, 3, 126, 129
537012.5.peg.1730.site.30, 2, 126, 128
537012.5.peg.1730.site.31, 27, 127, 154
537012.5.peg.1730.site.32, 2, 125, 127
537012.5.peg.1730.site.33, 0, 127, 127
537012.5.peg.1730.site.34, 21, 109, 130
537012.5.peg.1730.site.35, 39, 106, 145
537012.5.peg.1730.site.36, 1, 103, 104
537012.5.peg.1730.site.37, 42, 93, 135
537012.5.peg.1730.site.38, 2, 103, 105
537012.5.peg.1730.site.39, 70, 103, 173
537012.5.peg.1730.site.40, 7, 126, 133
537012.5.peg.1730.site.41, 26, 125, 151
537012.5.peg.1730.site.42, 3, 127, 130
537012.5.peg.1730.site.43, 18, 128, 146
537012.5.peg.1730.site.44, 5, 126, 131
537012.5.peg.1730.site.45, 27, 115, 142
537012.5.peg.1730.site.46, 3, 91, 94
537012.5.peg.1730.site.47, 1, 106, 107
537012.5.peg.1730.site.48, 2, 103, 105
537012.5.peg.1730.site.49, 1, 100, 101
537012.5.peg.1730.site.50, 3, 94, 97
537012.5.peg.1730.site.51, 2, 86, 88
537012.5.peg.1730.site.52, 1, 81, 82
537012.5.peg.1730.site.53, 1, 79, 80
537012.5.peg.1730.site.54, 1, 91, 92
537012.5.peg.1730.site.55, 1, 91, 92
537012.5.peg.1730.site.56, 5, 88, 93
537012.5.peg.1730.site.57, 1, 89, 90
537012.5.peg.1730.site.58, 57, 88, 145
537012.5.peg.1730.site.59, 6, 87, 93
537012.5.peg.1730.site.60, 19, 87, 106
537012.5.peg.1730.site.61, 18, 85, 103
537012.5.peg.1730.site.62, 2, 101, 103
537012.5.peg.1730.site.63, 3, 101, 104
537012.5.peg.1730.site.64, 2, 99, 101
537012.5.peg.1730.site.65, 5, 100, 105
537012.5.peg.1730.site.66, 33, 95, 128
537012.5.peg.1730.site.67, 4, 98, 102
537012.5.peg.1730.site.68, 8, 104, 112
537012.5.peg.1730.site.69, 8, 103, 111
537012.5.peg.1730.site.70, 58, 104, 162
537012.5.peg.1730.site.71, 1, 108, 109
537012.5.peg.1730.site.72, 2, 96, 98
537012.5.peg.1730.site.73, 6, 98, 104
537012.5.peg.1730.site.74, 74, 97, 171
537012.5.peg.1730.site.75, 7, 97, 104
537012.5.peg.1730.site.76, 2, 104, 106
537012.5.peg.1730.site.77, 38, 100, 138
537012.5.peg.1730.site.78, 76, 103, 179
537012.5.peg.1730.site.79, 86, 105, 191
537012.5.peg.1730.site.80, 6, 109, 115
537012.5.peg.1730.site.81, 6, 108, 114
537012.5.peg.1730.site.82, 22, 111, 133
537012.5.peg.1730.site.83, 2, 109, 111
537012.5.peg.1730.site.84, 47, 108, 155
537012.5.peg.1730.site.85, 1, 106, 107
537012.5.peg.1730.site.86, 1, 108, 109
537012.5.peg.1730.site.87, 2, 111, 113
537012.5.peg.1730.site.88, 1, 109, 110
537012.5.peg.1730.site.89, 6, 111, 117
537012.5.peg.1730.site.90, 2, 98, 100
537012.5.peg.1730.site.91, 7, 85, 92
537012.5.peg.1730.site.92, 4, 77, 81
537012.5.peg.1730.site.93, 3, 77, 80
537012.5.peg.1730.site.94, 2, 78, 80
537012.5.peg.1730.site.95, 1, 83, 84
537012.5.peg.1730.site.96, 3, 86, 89
537012.5.peg.1730.site.97, 22, 96, 118
537012.5.peg.1730.site.98, 5, 114, 119
537012.5.peg.1730.site.99, 1, 114, 115
537012.5.peg.1730.site.100, 3, 109, 112
537012.5.peg.1730.site.101, 2, 118, 120
537012.5.peg.1730.site.102, 1, 121, 122
537012.5.peg.1730.site.103, 1, 120, 121
537012.5.peg.1730.site.104, 1, 107, 108
537012.5.peg.1730.site.105, 40, 87, 127
537012.5.peg.1730.site.106, 1, 88, 89
537012.5.peg.1730.site.107, 2, 80, 82
537012.5.peg.1730.site.108, 73, 76, 149
537012.5.peg.1730.site.109, 0, 100, 100
537012.5.peg.1730.site.110, 7, 101, 108
537012.5.peg.1738.site.1, 8, 115, 123
537012.5.peg.1738.site.2, 0, 118, 118
537012.5.peg.1738.site.3, 2, 129, 131
537012.5.peg.1738.site.4, 118, 133, 251
537012.5.peg.1738.site.5, 4, 132, 136
537012.5.peg.1738.site.6, 4, 133, 137
537012.5.peg.1738.site.7, 0, 128, 128
537012.5.peg.1738.site.8, 31, 127, 158
537012.5.peg.1738.site.9, 10, 124, 134
537012.5.peg.1738.site.10, 7, 125, 132
537012.5.peg.1738.site.11, 47, 124, 171
537012.5.peg.1738.site.12, 1, 130, 131
537012.5.peg.1738.site.13, 84, 127, 211
537012.5.peg.1738.site.14, 8, 133, 141
537012.5.peg.1738.site.15, 94, 133, 227
537012.5.peg.1738.site.16, 21, 134, 155
537012.5.peg.1738.site.17, 83, 131, 214
537012.5.peg.1738.site.18, 4, 129, 133
537012.5.peg.1738.site.19, 69, 126, 195
537012.5.peg.1738.site.20, 0, 123, 123
537012.5.peg.1738.site.21, 1, 91, 92
537012.5.peg.1738.site.22, 5, 88, 93
537012.5.peg.1738.site.23, 26, 80, 106
537012.5.peg.1738.site.24, 25, 81, 106
537012.5.peg.1738.site.25, 16, 79, 95
537012.5.peg.1738.site.26, 17, 79, 96
537012.5.peg.1738.site.27, 1, 80, 81
537012.5.peg.1738.site.28, 15, 80, 95
537012.5.peg.1738.site.29, 3, 80, 83
537012.5.peg.1738.site.30, 0, 80, 80
537012.5.peg.1738.site.31, 1, 77, 78
537012.5.peg.1738.site.32, 9, 79, 88
537012.5.peg.1738.site.33, 10, 78, 88
537012.5.peg.1738.site.34, 8, 78, 86
537012.5.peg.1738.site.35, 1, 76, 77
537012.5.peg.1738.site.36, 18, 75, 93
537012.5.peg.1738.site.37, 4, 74, 78
537012.5.peg.1738.site.38, 11, 78, 89
537012.5.peg.1738.site.39, 2, 78, 80
537012.5.peg.1738.site.40, 2, 77, 79
537012.5.peg.1738.site.41, 1, 79, 80
537012.5.peg.1738.site.42, 3, 80, 83
537012.5.peg.1738.site.43, 0, 79, 79
537012.5.peg.1738.site.44, 0, 80, 80
537012.5.peg.1738.site.45, 2, 82, 84
537012.5.peg.1738.site.46, 73, 82, 155
537012.5.peg.1738.site.47, 11, 81, 92
537012.5.peg.1738.site.48, 49, 83, 132
537012.5.peg.1738.site.49, 9, 82, 91
537012.5.peg.1738.site.50, 31, 81, 112
537012.5.peg.1738.site.51, 13, 81, 94
537012.5.peg.1738.site.52, 4, 81, 85
537012.5.peg.1738.site.53, 25, 85, 110
537012.5.peg.1738.site.54, 1, 85, 86
537012.5.peg.1738.site.55, 1, 85, 86
537012.5.peg.1738.site.56, 2, 85, 87
537012.5.peg.1738.site.57, 50, 83, 133
537012.5.peg.1738.site.58, 14, 87, 101
537012.5.peg.1738.site.59, 5, 89, 94
537012.5.peg.1738.site.60, 1, 88, 89
537012.5.peg.1738.site.61, 2, 89, 91
537012.5.peg.1738.site.62, 1, 85, 86
537012.5.peg.1738.site.63, 1, 90, 91
537012.5.peg.1738.site.64, 8, 85, 93
537012.5.peg.1738.site.65, 6, 77, 83
537012.5.peg.1738.site.66, 63, 74, 137
537012.5.peg.1738.site.67, 2, 73, 75
537012.5.peg.1738.site.68, 7, 73, 80
537012.5.peg.1738.site.69, 0, 74, 74
537012.5.peg.1738.site.70, 8, 76, 84
537012.5.peg.1738.site.71, 1, 76, 77
537012.5.peg.1738.site.72, 6, 77, 83
537012.5.peg.1738.site.73, 1, 78, 79
537012.5.peg.1738.site.74, 3, 78, 81
537012.5.peg.1738.site.75, 2, 77, 79
537012.5.peg.1738.site.76, 3, 78, 81
537012.5.peg.1738.site.77, 7, 76, 83
537012.5.peg.1738.site.78, 2, 76, 78
537012.5.peg.1738.site.79, 2, 78, 80
537012.5.peg.1738.site.80, 16, 76, 92
537012.5.peg.1738.site.81, 0, 76, 76
537012.5.peg.1738.site.82, 0, 77, 77
537012.5.peg.1738.site.83, 4, 77, 81
537012.5.peg.1738.site.84, 1, 78, 79
537012.5.peg.3202.site.1, 0, 90, 90
537012.5.peg.3202.site.2, 0, 91, 91
537012.5.peg.3202.site.3, 6, 103, 109
537012.5.peg.3202.site.4, 0, 115, 115
537012.5.peg.3202.site.5, 3, 120, 123
537012.5.peg.3202.site.6, 16, 122, 138
537012.5.peg.3202.site.7, 3, 125, 128
537012.5.peg.3202.site.8, 5, 119, 124
537012.5.peg.3202.site.9, 3, 125, 128
537012.5.peg.3202.site.10, 0, 128, 128
537012.5.peg.3202.site.11, 5, 131, 136
537012.5.peg.3202.site.12, 13, 130, 143
537012.5.peg.3202.site.13, 1, 130, 131
537012.5.peg.3202.site.14, 3, 131, 134
537012.5.peg.3202.site.15, 2, 129, 131
537012.5.peg.3202.site.16, 2, 124, 126
537012.5.peg.3202.site.17, 3, 122, 125
537012.5.peg.3202.site.18, 0, 122, 122
537012.5.peg.3202.site.19, 2, 124, 126
537012.5.peg.3202.site.20, 62, 123, 185
537012.5.peg.3202.site.21, 2, 126, 128
537012.5.peg.3202.site.22, 0, 119, 119
537012.5.peg.3202.site.23, 2, 119, 121
537012.5.peg.3202.site.24, 2, 119, 121
537012.5.peg.3202.site.25, 0, 124, 124
537012.5.peg.3202.site.26, 7, 126, 133
537012.5.peg.3202.site.27, 17, 125, 142
537012.5.peg.3202.site.28, 7, 127, 134
537012.5.peg.3202.site.29, 2, 130, 132
537012.5.peg.3202.site.30, 8, 127, 135
537012.5.peg.3202.site.31, 2, 123, 125
537012.5.peg.3202.site.32, 0, 113, 113
537012.5.peg.3425.site.1, 11, 132, 143
537012.5.peg.3425.site.2, 10, 131, 141
537012.5.peg.3425.site.3, 9, 130, 139
537012.5.peg.3425.site.4, 9, 130, 139
537012.5.peg.3425.site.5, 0, 132, 132
537012.5.peg.3425.site.6, 1, 132, 133
537012.5.peg.3425.site.7, 9, 131, 140
537012.5.peg.3425.site.8, 2, 131, 133
537012.5.peg.3425.site.9, 87, 130, 217
537012.5.peg.3425.site.10, 4, 132, 136
537012.5.peg.3425.site.11, 2, 134, 136
537012.5.peg.3425.site.12, 38, 132, 170
537012.5.peg.4949.site.1, 0, 128, 128
537012.5.peg.4949.site.2, 6, 130, 136
537012.5.peg.4949.site.3, 18, 129, 147
537012.5.peg.4949.site.4, 8, 127, 135
537012.5.peg.4949.site.5, 15, 127, 142
537012.5.peg.4949.site.6, 11, 129, 140
537012.5.peg.4949.site.7, 1, 127, 128
537012.5.peg.4949.site.8, 3, 128, 131
537012.5.peg.4949.site.9, 112, 128, 240
537012.5.peg.4949.site.10, 19, 130, 149
537012.5.peg.4949.site.11, 30, 130, 160
537012.5.peg.4949.site.12, 26, 130, 156
537012.5.peg.4949.site.13, 2, 129, 131
537012.5.peg.4949.site.14, 1, 129, 130
537012.5.peg.4949.site.15, 26, 129, 155
537012.5.peg.4949.site.16, 1, 129, 130
537012.5.peg.4949.site.17, 8, 130, 138
537012.5.peg.4949.site.18, 7, 130, 137
537012.5.peg.4949.site.19, 18, 129, 147
537012.5.peg.4949.site.20, 1, 130, 131
537012.5.peg.4949.site.21, 0, 129, 129
537012.5.peg.4949.site.22, 61, 129, 190
537012.5.peg.4949.site.23, 12, 129, 141
537012.5.peg.4949.site.24, 5, 129, 134
537012.5.peg.4949.site.25, 23, 128, 151
537012.5.peg.4949.site.26, 18, 130, 148
537012.5.peg.4949.site.27, 1, 130, 131
537012.5.peg.4949.site.28, 18, 130, 148
537012.5.peg.4949.site.29, 19, 130, 149
537012.5.peg.4949.site.30, 3, 128, 131
537012.5.peg.4949.site.31, 1, 127, 128
537012.5.peg.4949.site.32, 0, 127, 127
537012.5.peg.4949.site.33, 0, 123, 123
537012.5.peg.4945.site.1, 1, 121, 122
537012.5.peg.4945.site.2, 25, 127, 152
537012.5.peg.4945.site.3, 17, 128, 145
537012.5.peg.4945.site.4, 19, 127, 146
537012.5.peg.4945.site.5, 1, 129, 130
537012.5.peg.4945.site.6, 22, 127, 149
537012.5.peg.4945.site.7, 65, 130, 195
537012.5.peg.4945.site.8, 1, 130, 131
537012.5.peg.4945.site.9, 1, 131, 132
537012.5.peg.4945.site.10, 16, 129, 145
537012.5.peg.4945.site.11, 4, 130, 134
537012.5.peg.4945.site.12, 3, 133, 136
537012.5.peg.4945.site.13, 32, 130, 162
537012.5.peg.4945.site.14, 2, 131, 133
537012.5.peg.4945.site.15, 125, 132, 257
537012.5.peg.4945.site.16, 4, 132, 136
537012.5.peg.4945.site.17, 2, 132, 134
537012.5.peg.4945.site.18, 12, 129, 141
537012.5.peg.4945.site.19, 63, 130, 193
537012.5.peg.4945.site.20, 2, 133, 135
537012.5.peg.4945.site.21, 9, 133, 142
537012.5.peg.4945.site.22, 1, 133, 134
537012.5.peg.4945.site.23, 3, 130, 133
537012.5.peg.4945.site.24, 3, 131, 134
537012.5.peg.4945.site.25, 2, 131, 133
537012.5.peg.4945.site.26, 9, 127, 136
537012.5.peg.2716.site.1, 42, 113, 155
537012.5.peg.2716.site.2, 1, 102, 103
537012.5.peg.2716.site.3, 40, 103, 143
537012.5.peg.2716.site.4, 2, 127, 129
537012.5.peg.2716.site.5, 11, 128, 139
537012.5.peg.2716.site.6, 36, 126, 162
537012.5.peg.2716.site.7, 6, 128, 134
537012.5.peg.2716.site.8, 6, 130, 136
537012.5.peg.2716.site.9, 7, 132, 139
537012.5.peg.2716.site.10, 2, 132, 134
537012.5.peg.2716.site.11, 2, 133, 135
537012.5.peg.2716.site.12, 25, 132, 157
537012.5.peg.2716.site.13, 0, 132, 132
537012.5.peg.2716.site.14, 0, 131, 131
537012.5.peg.2716.site.15, 2, 130, 132
537012.5.peg.2716.site.16, 1, 132, 133
537012.5.peg.2716.site.17, 14, 129, 143
537012.5.peg.2716.site.18, 3, 132, 135
537012.5.peg.2716.site.19, 5, 131, 136
537012.5.peg.4946.site.1, 0, 128, 128
537012.5.peg.4946.site.2, 2, 130, 132
537012.5.peg.4946.site.3, 0, 127, 127
537012.5.peg.4946.site.4, 0, 127, 127
537012.5.peg.4946.site.5, 1, 117, 118
537012.5.peg.4946.site.6, 0, 109, 109
537012.5.peg.4946.site.7, 11, 18, 29
537012.5.peg.4946.site.8, 5, 12, 17
537012.5.peg.4946.site.9, 4, 11, 15
537012.5.peg.4946.site.10, 4, 11, 15
537012.5.peg.4946.site.11, 7, 17, 24
537012.5.peg.4946.site.12, 20, 27, 47
537012.5.peg.4946.site.13, 2, 66, 68
537012.5.peg.4946.site.14, 0, 115, 115
537012.5.peg.4946.site.15, 1, 115, 116
537012.5.peg.4946.site.16, 74, 115, 189
537012.5.peg.4946.site.17, 22, 118, 140
537012.5.peg.4946.site.18, 4, 117, 121
537012.5.peg.4946.site.19, 0, 115, 115
537012.5.peg.4946.site.20, 75, 111, 186
537012.5.peg.4946.site.21, 1, 109, 110
537012.5.peg.4946.site.22, 0, 91, 91
537012.5.peg.4946.site.23, 3, 83, 86
537012.5.peg.4946.site.24, 9, 84, 93
537012.5.peg.4946.site.25, 5, 84, 89
537012.5.peg.4946.site.26, 64, 80, 144
537012.5.peg.4946.site.27, 13, 74, 87
537012.5.peg.4946.site.28, 0, 73, 73
537012.5.peg.4946.site.29, 60, 72, 132
537012.5.peg.4946.site.30, 4, 59, 63
537012.5.peg.4946.site.31, 34, 56, 90
537012.5.peg.4946.site.32, 48, 54, 102
537012.5.peg.4946.site.33, 2, 74, 76
537012.5.peg.4946.site.34, 1, 84, 85
537012.5.peg.4946.site.35, 50, 86, 136
537012.5.peg.4946.site.36, 44, 74, 118
537012.5.peg.4946.site.37, 30, 73, 103
537012.5.peg.4946.site.38, 7, 71, 78
537012.5.peg.4946.site.39, 1, 76, 77
537012.5.peg.4946.site.40, 41, 92, 133
537012.5.peg.4946.site.41, 3, 97, 100
537012.5.peg.4946.site.42, 3, 98, 101
537012.5.peg.4946.site.43, 15, 96, 111
537012.5.peg.4946.site.44, 3, 105, 108
537012.5.peg.4946.site.45, 11, 103, 114
537012.5.peg.4946.site.46, 0, 107, 107
537012.5.peg.4946.site.47, 20, 106, 126
537012.5.peg.4946.site.48, 2, 109, 111
537012.5.peg.4946.site.49, 11, 113, 124
537012.5.peg.4946.site.50, 0, 112, 112
537012.5.peg.4946.site.51, 11, 113, 124
537012.5.peg.4946.site.52, 2, 110, 112
537012.5.peg.4946.site.53, 8, 112, 120
537012.5.peg.4946.site.54, 1, 115, 116
537012.5.peg.4946.site.55, 68, 115, 183
537012.5.peg.4946.site.56, 6, 115, 121
537012.5.peg.4946.site.57, 7, 116, 123
537012.5.peg.4946.site.58, 11, 118, 129
537012.5.peg.4946.site.59, 5, 120, 125
537012.5.peg.4946.site.60, 12, 121, 133
537012.5.peg.4946.site.61, 23, 119, 142
537012.5.peg.4946.site.62, 14, 114, 128
537012.5.peg.4946.site.63, 13, 114, 127
537012.5.peg.4946.site.64, 1, 114, 115
537012.5.peg.4946.site.65, 5, 110, 115
537012.5.peg.4946.site.66, 18, 104, 122
537012.5.peg.4946.site.67, 39, 89, 128
537012.5.peg.4946.site.68, 36, 89, 125
537012.5.peg.4946.site.69, 11, 94, 105
537012.5.peg.4946.site.70, 17, 94, 111
537012.5.peg.4946.site.71, 20, 93, 113
537012.5.peg.4946.site.72, 3, 89, 92
537012.5.peg.4946.site.73, 0, 90, 90
537012.5.peg.4946.site.74, 4, 89, 93
537012.5.peg.4946.site.75, 1, 101, 102
537012.5.peg.4946.site.76, 1, 101, 102
537012.5.peg.4946.site.77, 9, 104, 113
537012.5.peg.4946.site.78, 1, 109, 110
537012.5.peg.4946.site.79, 1, 108, 109
537012.5.peg.4946.site.80, 20, 101, 121
537012.5.peg.4946.site.81, 11, 99, 110
537012.5.peg.4946.site.82, 3, 102, 105
537012.5.peg.4946.site.83, 1, 99, 100
537012.5.peg.4946.site.84, 7, 103, 110
537012.5.peg.4946.site.85, 18, 105, 123
537012.5.peg.4946.site.86, 5, 116, 121
537012.5.peg.4946.site.87, 3, 120, 123
537012.5.peg.4946.site.88, 2, 119, 121
537012.5.peg.4946.site.89, 1, 124, 125
537012.5.peg.4946.site.90, 24, 123, 147
537012.5.peg.4946.site.91, 15, 121, 136
537012.5.peg.4946.site.92, 4, 123, 127
537012.5.peg.4946.site.93, 2, 124, 126
537012.5.peg.4946.site.94, 1, 120, 121
537012.5.peg.4946.site.95, 1, 124, 125
537012.5.peg.4946.site.96, 30, 127, 157
537012.5.peg.4946.site.97, 17, 127, 144
537012.5.peg.4946.site.98, 19, 128, 147
537012.5.peg.4946.site.99, 10, 128, 138
537012.5.peg.4946.site.100, 2, 126, 128
537012.5.peg.4946.site.101, 2, 124, 126
537012.5.peg.4946.site.102, 42, 107, 149
537012.5.peg.4946.site.103, 47, 107, 154
537012.5.peg.4946.site.104, 0, 112, 112
537012.5.peg.4946.site.105, 2, 110, 112
537012.5.peg.4946.site.106, 1, 113, 114
537012.5.peg.4946.site.107, 2, 113, 115
537012.5.peg.4946.site.108, 3, 111, 114
537012.5.peg.4946.site.109, 12, 108, 120
537012.5.peg.4946.site.110, 6, 108, 114
537012.5.peg.4946.site.111, 2, 107, 109
537012.5.peg.4946.site.112, 22, 115, 137
537012.5.peg.4946.site.113, 35, 115, 150
537012.5.peg.4946.site.114, 33, 113, 146
537012.5.peg.4946.site.115, 32, 109, 141
537012.5.peg.4946.site.116, 14, 108, 122
537012.5.peg.4946.site.117, 3, 110, 113
537012.5.peg.4946.site.118, 0, 111, 111
537012.5.peg.4946.site.119, 0, 114, 114
537012.5.peg.4946.site.120, 5, 106, 111
537012.5.peg.4946.site.121, 11, 96, 107
537012.5.peg.4946.site.122, 30, 84, 114
537012.5.peg.4946.site.123, 2, 79, 81
537012.5.peg.4946.site.124, 4, 83, 87
537012.5.peg.4946.site.125, 32, 84, 116
537012.5.peg.4946.site.126, 13, 91, 104
537012.5.peg.4946.site.127, 1, 95, 96
537012.5.peg.4946.site.128, 24, 96, 120
537012.5.peg.4946.site.129, 4, 87, 91
537012.5.peg.4946.site.130, 3, 89, 92
537012.5.peg.4946.site.131, 14, 84, 98
537012.5.peg.4946.site.132, 32, 98, 130
537012.5.peg.4946.site.133, 16, 99, 115
537012.5.peg.4946.site.134, 3, 106, 109
537012.5.peg.4946.site.135, 3, 108, 111
537012.5.peg.4946.site.136, 0, 112, 112
537012.5.peg.4946.site.137, 1, 122, 123
537012.5.peg.4946.site.138, 3, 124, 127
537012.5.peg.4946.site.139, 0, 120, 120
537012.5.peg.4946.site.140, 1, 120, 121
537012.5.peg.4946.site.141, 12, 113, 125
537012.5.peg.4946.site.142, 3, 106, 109
537012.5.peg.4946.site.143, 11, 104, 115
537012.5.peg.4946.site.144, 2, 106, 108
537012.5.peg.4946.site.145, 1, 107, 108
537012.5.peg.4946.site.146, 1, 105, 106
537012.5.peg.4946.site.147, 0, 94, 94
537012.5.peg.4946.site.148, 5, 96, 101
537012.5.peg.4946.site.149, 4, 95, 99
537012.5.peg.4946.site.150, 5, 91, 96
537012.5.peg.4946.site.151, 1, 91, 92
537012.5.peg.4946.site.152, 3, 93, 96
537012.5.peg.4946.site.153, 26, 93, 119
537012.5.peg.4946.site.154, 13, 96, 109
537012.5.peg.4946.site.155, 5, 100, 105
537012.5.peg.4946.site.156, 3, 100, 103
537012.5.peg.4946.site.157, 0, 107, 107
537012.5.peg.4946.site.158, 3, 111, 114
537012.5.peg.4946.site.159, 1, 117, 118
537012.5.peg.4946.site.160, 11, 115, 126
537012.5.peg.4946.site.161, 8, 118, 126
537012.5.peg.4946.site.162, 3, 118, 121
537012.5.peg.4946.site.163, 10, 126, 136
537012.5.peg.4946.site.164, 13, 127, 140
537012.5.peg.4946.site.165, 3, 127, 130
537012.5.peg.4946.site.166, 4, 127, 131
537012.5.peg.4946.site.167, 4, 129, 133
537012.5.peg.4946.site.168, 7, 129, 136
537012.5.peg.4946.site.169, 1, 128, 129
537012.5.peg.4946.site.170, 1, 127, 128
537012.5.peg.4946.site.171, 5, 130, 135
537012.5.peg.4946.site.172, 5, 129, 134
537012.5.peg.4946.site.173, 4, 113, 117
537012.5.peg.4946.site.174, 1, 92, 93
537012.5.peg.4946.site.175, 6, 123, 129
537012.5.peg.4946.site.176, 4, 125, 129
537012.5.peg.4946.site.177, 14, 124, 138
537012.5.peg.4946.site.178, 3, 126, 129
537012.5.peg.4946.site.179, 6, 131, 137
537012.5.peg.4946.site.180, 1, 131, 132
537012.5.peg.4946.site.181, 1, 131, 132
537012.5.peg.4946.site.182, 1, 130, 131
537012.5.peg.4946.site.183, 4, 127, 131
537012.5.peg.4946.site.184, 2, 127, 129
537012.5.peg.4946.site.185, 6, 125, 131
537012.5.peg.4946.site.186, 14, 125, 139
537012.5.peg.4946.site.187, 2, 122, 124
537012.5.peg.4946.site.188, 13, 123, 136
537012.5.peg.4946.site.189, 6, 122, 128
537012.5.peg.4946.site.190, 7, 124, 131
537012.5.peg.4946.site.191, 16, 122, 138
537012.5.peg.4946.site.192, 13, 122, 135
537012.5.peg.4946.site.193, 1, 118, 119
537012.5.peg.4946.site.194, 2, 119, 121
537012.5.peg.4946.site.195, 6, 119, 125
537012.5.peg.4946.site.196, 2, 119, 121
537012.5.peg.4946.site.197, 1, 111, 112
537012.5.peg.4946.site.198, 16, 109, 125
537012.5.peg.4946.site.199, 2, 102, 104
537012.5.peg.4946.site.200, 5, 107, 112
537012.5.peg.4946.site.201, 0, 113, 113
537012.5.peg.4946.site.202, 0, 117, 117
537012.5.peg.4946.site.203, 20, 107, 127
537012.5.peg.4946.site.204, 17, 100, 117
537012.5.peg.4946.site.205, 20, 100, 120
537012.5.peg.4946.site.206, 0, 99, 99
537012.5.peg.4946.site.207, 32, 97, 129
537012.5.peg.4946.site.208, 6, 98, 104
537012.5.peg.4946.site.209, 0, 99, 99
537012.5.peg.4946.site.210, 7, 98, 105
537012.5.peg.4946.site.211, 12, 95, 107
537012.5.peg.4946.site.212, 2, 97, 99
537012.5.peg.4946.site.213, 27, 96, 123
537012.5.peg.4946.site.214, 23, 97, 120
537012.5.peg.4946.site.215, 26, 99, 125
537012.5.peg.4946.site.216, 1, 99, 100
537012.5.peg.4946.site.217, 2, 95, 97
537012.5.peg.4946.site.218, 50, 93, 143
537012.5.peg.4946.site.219, 7, 94, 101
537012.5.peg.4946.site.220, 48, 95, 143
537012.5.peg.4946.site.221, 49, 95, 144
537012.5.peg.4946.site.222, 7, 109, 116
537012.5.peg.4946.site.223, 0, 117, 117
537012.5.peg.4946.site.224, 1, 120, 121
537012.5.peg.4946.site.225, 7, 121, 128
537012.5.peg.4946.site.226, 10, 122, 132
537012.5.peg.4946.site.227, 8, 127, 135
537012.5.peg.4946.site.228, 3, 128, 131
537012.5.peg.4946.site.229, 9, 125, 134
537012.5.peg.4946.site.230, 15, 126, 141
537012.5.peg.4946.site.231, 2, 128, 130
537012.5.peg.4946.site.232, 10, 123, 133
537012.5.peg.4946.site.233, 4, 121, 125
537012.5.peg.4941.site.1, 0, 131, 131
537012.5.peg.4941.site.2, 21, 130, 151
537012.5.peg.4941.site.3, 111, 132, 243
537012.5.peg.4941.site.4, 65, 131, 196
537012.5.peg.4941.site.5, 3, 133, 136
537012.5.peg.4941.site.6, 3, 132, 135
537012.5.peg.4941.site.7, 6, 133, 139
537012.5.peg.4941.site.8, 94, 132, 226
537012.5.peg.4941.site.9, 92, 131, 223
537012.5.peg.4941.site.10, 17, 132, 149
537012.5.peg.4941.site.11, 1, 132, 133
537012.5.peg.4941.site.12, 13, 134, 147
537012.5.peg.4941.site.13, 3, 134, 137
537012.5.peg.4941.site.14, 90, 130, 220
537012.5.peg.4941.site.15, 8, 132, 140
537012.5.peg.4941.site.16, 1, 134, 135
537012.5.peg.4941.site.17, 1, 134, 135
537012.5.peg.4941.site.18, 0, 133, 133
537012.5.peg.4941.site.19, 1, 134, 135
537012.5.peg.4941.site.20, 1, 134, 135
537012.5.peg.4941.site.21, 9, 134, 143
537012.5.peg.4941.site.22, 9, 133, 142
537012.5.peg.4941.site.23, 9, 133, 142
537012.5.peg.4941.site.24, 9, 133, 142
537012.5.peg.4941.site.25, 9, 134, 143
537012.5.peg.4941.site.26, 1, 132, 133
537012.5.peg.4941.site.27, 19, 132, 151
537012.5.peg.4940.site.1, 1, 134, 135
537012.5.peg.4940.site.2, 15, 134, 149
537012.5.peg.4940.site.3, 1, 134, 135
537012.5.peg.4940.site.4, 15, 134, 149
537012.5.peg.4940.site.5, 1, 133, 134
537012.5.peg.4940.site.6, 5, 134, 139
537012.5.peg.4940.site.7, 13, 132, 145
537012.5.peg.4940.site.8, 3, 134, 137
537012.5.peg.4940.site.9, 1, 133, 134
537012.5.peg.4940.site.10, 15, 134, 149
537012.5.peg.4940.site.11, 11, 132, 143
537012.5.peg.4940.site.12, 2, 134, 136
537012.5.peg.4940.site.13, 1, 134, 135
537012.5.peg.4940.site.14, 21, 134, 155
537012.5.peg.4940.site.15, 4, 132, 136
537012.5.peg.4940.site.16, 63, 128, 191
537012.5.peg.4940.site.17, 0, 130, 130
537012.5.peg.4943.site.1, 2, 130, 132
537012.5.peg.4943.site.2, 1, 130, 131
537012.5.peg.4943.site.3, 1, 127, 128
537012.5.peg.4943.site.4, 15, 130, 145
537012.5.peg.4943.site.5, 3, 125, 128
537012.5.peg.2717.site.1, 9, 127, 136
537012.5.peg.2717.site.2, 55, 127, 182
537012.5.peg.2717.site.3, 3, 133, 136
537012.5.peg.2717.site.4, 13, 132, 145
537012.5.peg.2717.site.5, 3, 133, 136
537012.5.peg.2717.site.6, 3, 133, 136
537012.5.peg.2717.site.7, 3, 133, 136
537012.5.peg.2717.site.8, 13, 131, 144
537012.5.peg.2717.site.9, 8, 124, 132
537012.5.peg.2717.site.10, 1, 126, 127
537012.5.peg.2717.site.11, 11, 125, 136
537012.5.peg.2717.site.12, 1, 126, 127
537012.5.peg.2717.site.13, 1, 123, 124
537012.5.peg.2717.site.14, 13, 116, 129
537012.5.peg.2717.site.15, 13, 116, 129
537012.5.peg.2717.site.16, 90, 115, 205
537012.5.peg.2717.site.17, 3, 115, 118
537012.5.peg.2717.site.18, 9, 118, 127
537012.5.peg.2717.site.19, 0, 116, 116
537012.5.peg.2717.site.20, 1, 122, 123
537012.5.peg.2717.site.21, 3, 132, 135
537012.5.peg.2246.site.1, 3, 132, 135
537012.5.peg.2246.site.2, 3, 132, 135
537012.5.peg.2246.site.3, 1, 130, 131
537012.5.peg.2246.site.4, 1, 129, 130
537012.5.peg.2246.site.5, 1, 129, 130
537012.5.peg.2246.site.6, 1, 130, 131
537012.5.peg.2246.site.7, 29, 129, 158
537012.5.peg.2246.site.8, 1, 130, 131
537012.5.peg.2246.site.9, 29, 130, 159
537012.5.peg.2246.site.10, 1, 130, 131
537012.5.peg.2246.site.11, 1, 130, 131
537012.5.peg.2246.site.12, 39, 128, 167
537012.5.peg.2246.site.13, 4, 126, 130
537012.5.peg.2246.site.14, 0, 123, 123
537012.5.peg.2246.site.15, 34, 124, 158
537012.5.peg.2246.site.16, 1, 127, 128
537012.5.peg.2246.site.17, 1, 129, 130
537012.5.peg.2246.site.18, 37, 128, 165
537012.5.peg.2246.site.19, 1, 132, 133
537012.5.peg.2246.site.20, 4, 132, 136
537012.5.peg.2246.site.21, 1, 132, 133
537012.5.peg.2246.site.22, 12, 129, 141
537012.5.peg.2246.site.23, 11, 130, 141
537012.5.peg.2246.site.24, 4, 131, 135
537012.5.peg.2246.site.25, 6, 134, 140
537012.5.peg.2246.site.26, 29, 134, 163
537012.5.peg.2246.site.27, 10, 132, 142
537012.5.peg.2246.site.28, 17, 130, 147
537012.5.peg.2246.site.29, 6, 130, 136
537012.5.peg.2246.site.30, 3, 131, 134
537012.5.peg.2246.site.31, 1, 130, 131
537012.5.peg.2246.site.32, 1, 129, 130
537012.5.peg.2246.site.33, 0, 129, 129
537012.5.peg.2246.site.34, 8, 125, 133
537012.5.peg.2246.site.35, 23, 130, 153
537012.5.peg.2246.site.36, 18, 129, 147
537012.5.peg.2246.site.37, 29, 129, 158
537012.5.peg.2246.site.38, 3, 129, 132
537012.5.peg.2246.site.39, 1, 130, 131
537012.5.peg.2246.site.40, 37, 130, 167
537012.5.peg.2246.site.41, 0, 129, 129
537012.5.peg.2246.site.42, 1, 129, 130
537012.5.peg.1649.site.1, 1, 126, 127
537012.5.peg.1649.site.2, 14, 128, 142
537012.5.peg.1649.site.3, 10, 129, 139
537012.5.peg.1649.site.4, 0, 128, 128
537012.5.peg.1649.site.5, 6, 128, 134
537012.5.peg.1649.site.6, 1, 122, 123
537012.5.peg.1649.site.7, 0, 120, 120
537012.5.peg.1649.site.8, 1, 122, 123
537012.5.peg.1649.site.9, 7, 120, 127
537012.5.peg.1649.site.10, 4, 119, 123
537012.5.peg.1649.site.11, 6, 118, 124
537012.5.peg.1649.site.12, 10, 116, 126
537012.5.peg.1649.site.13, 51, 115, 166
537012.5.peg.1649.site.14, 2, 119, 121
537012.5.peg.1649.site.15, 1, 119, 120
537012.5.peg.1649.site.16, 3, 126, 129
537012.5.peg.1649.site.17, 2, 125, 127
537012.5.peg.1649.site.18, 10, 130, 140
537012.5.peg.1649.site.19, 40, 128, 168
537012.5.peg.1649.site.20, 3, 128, 131
537012.5.peg.1649.site.21, 0, 128, 128
537012.5.peg.2895.site.1, 1, 126, 127
537012.5.peg.2895.site.2, 25, 126, 151
537012.5.peg.2895.site.3, 5, 125, 130
537012.5.peg.2895.site.4, 1, 126, 127
537012.5.peg.2895.site.5, 18, 126, 144
537012.5.peg.2895.site.6, 3, 126, 129
537012.5.peg.2895.site.7, 4, 125, 129
537012.5.peg.2895.site.8, 125, 126, 251
537012.5.peg.2895.site.9, 12, 126, 138
537012.5.peg.2895.site.10, 10, 123, 133
537012.5.peg.2895.site.11, 2, 124, 126
537012.5.peg.2895.site.12, 4, 124, 128
537012.5.peg.2895.site.13, 12, 132, 144
537012.5.peg.2895.site.14, 2, 133, 135
537012.5.peg.2895.site.15, 7, 133, 140
537012.5.peg.2895.site.16, 4, 134, 138
537012.5.peg.2895.site.17, 11, 134, 145
537012.5.peg.2895.site.18, 6, 134, 140
537012.5.peg.2895.site.19, 48, 133, 181
537012.5.peg.2895.site.20, 96, 133, 229
537012.5.peg.2895.site.21, 4, 133, 137
537012.5.peg.2895.site.22, 1, 133, 134
537012.5.peg.2895.site.23, 14, 134, 148
537012.5.peg.2895.site.24, 7, 134, 141
537012.5.peg.2895.site.25, 11, 132, 143
537012.5.peg.2895.site.26, 67, 131, 198
537012.5.peg.2895.site.27, 54, 132, 186
537012.5.peg.2895.site.28, 12, 134, 146
537012.5.peg.2895.site.29, 6, 133, 139
537012.5.peg.2895.site.30, 31, 133, 164
537012.5.peg.2895.site.31, 39, 134, 173
537012.5.peg.2895.site.32, 1, 134, 135
537012.5.peg.2895.site.33, 2, 134, 136
537012.5.peg.2895.site.34, 5, 131, 136
537012.5.peg.3238.site.1, 30, 133, 163
537012.5.peg.3238.site.2, 2, 133, 135
537012.5.peg.3238.site.3, 8, 132, 140
537012.5.peg.3238.site.4, 5, 131, 136
537012.5.peg.3238.site.5, 1, 130, 131
537012.5.peg.3238.site.6, 19, 130, 149
537012.5.peg.3238.site.7, 31, 131, 162
537012.5.peg.3238.site.8, 7, 129, 136
537012.5.peg.3238.site.9, 6, 134, 140
537012.5.peg.3238.site.10, 4, 132, 136
537012.5.peg.3238.site.11, 8, 133, 141
537012.5.peg.3238.site.12, 7, 133, 140
537012.5.peg.3238.site.13, 1, 131, 132
537012.5.peg.3238.site.14, 10, 132, 142
537012.5.peg.3238.site.15, 7, 134, 141
537012.5.peg.3239.site.1, 1, 134, 135
537012.5.peg.3239.site.2, 6, 134, 140
537012.5.peg.3239.site.3, 6, 134, 140
537012.5.peg.3239.site.4, 35, 133, 168
537012.5.peg.3239.site.5, 7, 134, 141
537012.5.peg.3239.site.6, 7, 134, 141
537012.5.peg.3239.site.7, 6, 134, 140
537012.5.peg.3239.site.8, 6, 134, 140
537012.5.peg.3239.site.9, 1, 129, 130
537012.5.peg.3239.site.10, 6, 131, 137
537012.5.peg.3239.site.11, 11, 130, 141
537012.5.peg.3239.site.12, 0, 129, 129
537012.5.peg.3239.site.13, 7, 120, 127
537012.5.peg.3239.site.14, 0, 127, 127
537012.5.peg.3239.site.15, 3, 131, 134
537012.5.peg.3239.site.16, 0, 134, 134
537012.5.peg.3239.site.17, 6, 134, 140
537012.5.peg.3239.site.18, 6, 134, 140
537012.5.peg.3239.site.19, 7, 134, 141
537012.5.peg.3239.site.20, 6, 134, 140
537012.5.peg.3239.site.21, 62, 132, 194
537012.5.peg.1083.site.1, 0, 116, 116
537012.5.peg.1083.site.2, 6, 116, 122
537012.5.peg.1083.site.3, 1, 117, 118
537012.5.peg.1083.site.4, 1, 117, 118
537012.5.peg.1083.site.5, 1, 117, 118
537012.5.peg.1083.site.6, 1, 118, 119
537012.5.peg.1083.site.7, 5, 120, 125
537012.5.peg.1083.site.8, 3, 122, 125
537012.5.peg.1083.site.9, 3, 123, 126
537012.5.peg.1083.site.10, 1, 125, 126
537012.5.peg.1083.site.11, 1, 125, 126
537012.5.peg.1083.site.12, 7, 97, 104
537012.5.peg.1083.site.13, 6, 91, 97
537012.5.peg.1083.site.14, 8, 91, 99
537012.5.peg.1083.site.15, 1, 90, 91
537012.5.peg.1083.site.16, 9, 87, 96
537012.5.peg.1083.site.17, 0, 80, 80
537012.5.peg.1083.site.18, 3, 80, 83
537012.5.peg.1083.site.19, 44, 77, 121
537012.5.peg.1083.site.20, 0, 81, 81
537012.5.peg.1083.site.21, 41, 85, 126
537012.5.peg.1083.site.22, 1, 88, 89
537012.5.peg.1083.site.23, 12, 104, 116
537012.5.peg.1083.site.24, 9, 103, 112
537012.5.peg.1083.site.25, 0, 105, 105
537012.5.peg.1083.site.26, 3, 103, 106
537012.5.peg.1083.site.27, 5, 103, 108
537012.5.peg.1083.site.28, 20, 99, 119
537012.5.peg.1083.site.29, 38, 97, 135
537012.5.peg.1083.site.30, 14, 97, 111
537012.5.peg.1083.site.31, 1, 105, 106
537012.5.peg.1083.site.32, 3, 104, 107
537012.5.peg.1083.site.33, 10, 105, 115
537012.5.peg.1083.site.34, 13, 100, 113
537012.5.peg.1083.site.35, 16, 102, 118
537012.5.peg.1083.site.36, 1, 100, 101
537012.5.peg.1083.site.37, 22, 99, 121
537012.5.peg.1083.site.38, 2, 103, 105
537012.5.peg.1083.site.39, 58, 103, 161
537012.5.peg.1083.site.40, 8, 103, 111
537012.5.peg.1083.site.41, 1, 118, 119
537012.5.peg.1083.site.42, 27, 120, 147
537012.5.peg.1083.site.43, 25, 115, 140
537012.5.peg.1083.site.44, 4, 119, 123
537012.5.peg.1083.site.45, 2, 107, 109
537012.5.peg.1083.site.46, 2, 97, 99
537012.5.peg.3623.site.1, 15, 70, 85
537012.5.peg.3623.site.2, 3, 78, 81
537012.5.peg.3623.site.3, 64, 78, 142
537012.5.peg.3623.site.4, 5, 78, 83
537012.5.peg.3623.site.5, 6, 78, 84
537012.5.peg.3623.site.6, 23, 77, 100
537012.5.peg.3623.site.7, 2, 77, 79
537012.5.peg.3623.site.8, 1, 78, 79
537012.5.peg.3623.site.9, 1, 78, 79
537012.5.peg.3623.site.10, 9, 77, 86
537012.5.peg.3623.site.11, 48, 76, 124
537012.5.peg.3623.site.12, 3, 78, 81
537012.5.peg.3623.site.13, 0, 76, 76
537012.5.peg.3623.site.14, 1, 78, 79
537012.5.peg.3623.site.15, 0, 79, 79
537012.5.peg.3623.site.16, 4, 80, 84
537012.5.peg.3623.site.17, 5, 78, 83
537012.5.peg.3623.site.18, 0, 79, 79
537012.5.peg.3623.site.19, 5, 78, 83
537012.5.peg.3623.site.20, 76, 77, 153
537012.5.peg.3623.site.21, 1, 77, 78
537012.5.peg.3623.site.22, 1, 77, 78
537012.5.peg.3623.site.23, 1, 77, 78
537012.5.peg.3623.site.24, 11, 77, 88
537012.5.peg.3623.site.25, 0, 76, 76
537012.5.peg.3623.site.26, 14, 76, 90
537012.5.peg.3623.site.27, 3, 76, 79
537012.5.peg.3623.site.28, 7, 76, 83
537012.5.peg.3623.site.29, 4, 77, 81
537012.5.peg.3623.site.30, 68, 81, 149
537012.5.peg.3623.site.31, 5, 81, 86
537012.5.peg.3623.site.32, 2, 82, 84
537012.5.peg.3623.site.33, 13, 83, 96
537012.5.peg.3623.site.34, 13, 81, 94
537012.5.peg.3623.site.35, 21, 81, 102
537012.5.peg.1065.site.1, 7, 128, 135
537012.5.peg.1065.site.2, 13, 130, 143
537012.5.peg.1065.site.3, 1, 130, 131
537012.5.peg.1065.site.4, 21, 131, 152
537012.5.peg.1065.site.5, 11, 134, 145
537012.5.peg.1065.site.6, 4, 131, 135
537012.5.peg.1065.site.7, 6, 131, 137
537012.5.peg.1065.site.8, 29, 129, 158
537012.5.peg.1065.site.9, 1, 134, 135
537012.5.peg.1065.site.10, 1, 133, 134
537012.5.peg.1065.site.11, 1, 133, 134
537012.5.peg.1065.site.12, 2, 134, 136
537012.5.peg.1065.site.13, 21, 132, 153
537012.5.peg.1065.site.14, 16, 133, 149
537012.5.peg.1065.site.15, 1, 133, 134
537012.5.peg.1065.site.16, 1, 134, 135
537012.5.peg.1065.site.17, 5, 133, 138
537012.5.peg.1065.site.18, 3, 123, 126
537012.5.peg.1065.site.19, 1, 120, 121
537012.5.peg.1065.site.20, 8, 119, 127
537012.5.peg.1065.site.21, 2, 119, 121
537012.5.peg.1065.site.22, 2, 129, 131
537012.5.peg.1065.site.23, 5, 133, 138
537012.5.peg.1065.site.24, 7, 131, 138
537012.5.peg.1065.site.25, 1, 133, 134
537012.5.peg.1065.site.26, 4, 131, 135
537012.5.peg.1065.site.27, 13, 132, 145
537012.5.peg.1065.site.28, 20, 131, 151
537012.5.peg.1065.site.29, 1, 133, 134
537012.5.peg.1065.site.30, 14, 131, 145
537012.5.peg.1065.site.31, 5, 130, 135
537012.5.peg.1065.site.32, 1, 130, 131
537012.5.peg.1065.site.33, 13, 130, 143
537012.5.peg.1065.site.34, 1, 134, 135
537012.5.peg.1065.site.35, 1, 134, 135
537012.5.peg.1065.site.36, 21, 132, 153
537012.5.peg.3233.site.1, 17, 116, 133
537012.5.peg.3233.site.2, 101, 120, 221
537012.5.peg.3233.site.3, 0, 120, 120
537012.5.peg.3233.site.4, 0, 121, 121
537012.5.peg.3233.site.5, 3, 122, 125
537012.5.peg.3233.site.6, 0, 122, 122
537012.5.peg.3233.site.7, 0, 121, 121
537012.5.peg.3233.site.8, 121, 122, 243
537012.5.peg.3233.site.9, 0, 121, 121
537012.5.peg.3233.site.10, 0, 122, 122
537012.5.peg.3233.site.11, 19, 121, 140
537012.5.peg.3233.site.12, 1, 121, 122
537012.5.peg.3233.site.13, 18, 121, 139
537012.5.peg.3233.site.14, 21, 122, 143
537012.5.peg.3233.site.15, 3, 123, 126
537012.5.peg.3233.site.16, 0, 121, 121
537012.5.peg.3233.site.17, 0, 122, 122
537012.5.peg.3233.site.18, 15, 123, 138
537012.5.peg.3233.site.19, 6, 123, 129
537012.5.peg.3233.site.20, 33, 123, 156
537012.5.peg.3233.site.21, 2, 123, 125
537012.5.peg.3233.site.22, 17, 123, 140
537012.5.peg.3233.site.23, 46, 123, 169
537012.5.peg.3233.site.24, 12, 120, 132
537012.5.peg.3233.site.25, 41, 122, 163
537012.5.peg.3233.site.26, 1, 121, 122
537012.5.peg.3233.site.27, 2, 122, 124
537012.5.peg.3233.site.28, 9, 120, 129
537012.5.peg.3233.site.29, 0, 121, 121
537012.5.peg.3233.site.30, 15, 121, 136
537012.5.peg.3233.site.31, 14, 122, 136
537012.5.peg.3233.site.32, 56, 121, 177
537012.5.peg.3233.site.33, 14, 121, 135
537012.5.peg.3233.site.34, 17, 121, 138
537012.5.peg.3233.site.35, 0, 121, 121
537012.5.peg.3233.site.36, 14, 121, 135
537012.5.peg.3233.site.37, 0, 120, 120
537012.5.peg.3233.site.38, 0, 120, 120
537012.5.peg.3233.site.39, 0, 120, 120
537012.5.peg.3233.site.40, 20, 123, 143
537012.5.peg.3233.site.41, 39, 122, 161
537012.5.peg.3233.site.42, 0, 122, 122
537012.5.peg.3233.site.43, 20, 123, 143
537012.5.peg.3233.site.44, 28, 123, 151
537012.5.peg.3233.site.45, 3, 121, 124
537012.5.peg.3233.site.46, 95, 120, 215
537012.5.peg.3233.site.47, 1, 122, 123
537012.5.peg.3233.site.48, 5, 122, 127
537012.5.peg.3233.site.49, 3, 123, 126
537012.5.peg.3233.site.50, 34, 122, 156
537012.5.peg.3233.site.51, 6, 122, 128
537012.5.peg.3233.site.52, 12, 123, 135
537012.5.peg.3233.site.53, 67, 122, 189
537012.5.peg.3233.site.54, 98, 123, 221
537012.5.peg.3233.site.55, 34, 121, 155
537012.5.peg.3233.site.56, 0, 122, 122
537012.5.peg.3233.site.57, 0, 122, 122
537012.5.peg.3233.site.58, 19, 123, 142
537012.5.peg.3233.site.59, 0, 120, 120
537012.5.peg.1068.site.1, 1, 127, 128
537012.5.peg.1068.site.2, 1, 127, 128
537012.5.peg.1068.site.3, 1, 128, 129
537012.5.peg.1068.site.4, 22, 126, 148
537012.5.peg.1068.site.5, 4, 126, 130
537012.5.peg.1068.site.6, 6, 127, 133
537012.5.peg.1068.site.7, 5, 126, 131
537012.5.peg.1068.site.8, 13, 126, 139
537012.5.peg.1068.site.9, 5, 126, 131
537012.5.peg.1068.site.10, 35, 124, 159
537012.5.peg.1068.site.11, 0, 123, 123
537012.5.peg.1068.site.12, 98, 123, 221
537012.5.peg.1068.site.13, 3, 123, 126
537012.5.peg.1068.site.14, 2, 124, 126
537012.5.peg.1068.site.15, 17, 126, 143
537012.5.peg.1068.site.16, 7, 126, 133
537012.5.peg.1068.site.17, 2, 127, 129
537012.5.peg.1068.site.18, 4, 126, 130
537012.5.peg.1068.site.19, 1, 127, 128
537012.5.peg.1068.site.20, 1, 127, 128
537012.5.peg.1068.site.21, 20, 124, 144
537012.5.peg.1068.site.22, 17, 128, 145
537012.5.peg.1068.site.23, 63, 125, 188
537012.5.peg.1068.site.24, 22, 126, 148
537012.5.peg.1068.site.25, 32, 128, 160
537012.5.peg.1068.site.26, 2, 125, 127
537012.5.peg.1068.site.27, 2, 123, 125
537012.5.peg.1068.site.28, 21, 125, 146
537012.5.peg.1068.site.29, 17, 123, 140
537012.5.peg.2329.site.1, 2, 117, 119
537012.5.peg.2329.site.2, 39, 117, 156
537012.5.peg.2329.site.3, 25, 121, 146
537012.5.peg.2329.site.4, 19, 119, 138
537012.5.peg.2329.site.5, 19, 119, 138
537012.5.peg.2329.site.6, 1, 121, 122
537012.5.peg.2329.site.7, 1, 121, 122
537012.5.peg.2329.site.8, 0, 121, 121
537012.5.peg.2329.site.9, 3, 121, 124
537012.5.peg.2329.site.10, 1, 119, 120
537012.5.peg.2329.site.11, 64, 121, 185
537012.5.peg.2329.site.12, 28, 119, 147
537012.5.peg.2329.site.13, 2, 120, 122
537012.5.peg.2329.site.14, 4, 121, 125
537012.5.peg.2329.site.15, 4, 121, 125
537012.5.peg.2329.site.16, 10, 121, 131
537012.5.peg.2329.site.17, 108, 116, 224
537012.5.peg.2329.site.18, 4, 112, 116
537012.5.peg.2329.site.19, 3, 110, 113
537012.5.peg.2329.site.20, 114, 122, 236
537012.5.peg.2329.site.21, 3, 122, 125
537012.5.peg.2329.site.22, 89, 122, 211
537012.5.peg.2329.site.23, 0, 121, 121
537012.5.peg.2329.site.24, 39, 120, 159
537012.5.peg.2329.site.25, 67, 121, 188
537012.5.peg.2329.site.26, 16, 122, 138
537012.5.peg.2329.site.27, 1, 122, 123
537012.5.peg.2329.site.28, 25, 121, 146
537012.5.peg.2329.site.29, 3, 122, 125
537012.5.peg.2329.site.30, 67, 120, 187
537012.5.peg.2329.site.31, 3, 122, 125
537012.5.peg.2329.site.32, 55, 120, 175
537012.5.peg.2329.site.33, 7, 121, 128
537012.5.peg.2329.site.34, 36, 121, 157
537012.5.peg.2329.site.35, 2, 122, 124
537012.5.peg.2329.site.36, 9, 122, 131
537012.5.peg.2329.site.37, 1, 122, 123
537012.5.peg.2329.site.38, 47, 119, 166
537012.5.peg.2329.site.39, 2, 122, 124
537012.5.peg.2329.site.40, 2, 122, 124
537012.5.peg.2329.site.41, 3, 122, 125
537012.5.peg.2329.site.42, 3, 122, 125
537012.5.peg.2329.site.43, 1, 122, 123
537012.5.peg.2329.site.44, 4, 104, 108
537012.5.peg.2329.site.45, 2, 40, 42
537012.5.peg.1399.site.1, 77, 124, 201
537012.5.peg.1399.site.2, 3, 127, 130
537012.5.peg.1399.site.3, 9, 127, 136
537012.5.peg.1399.site.4, 1, 127, 128
537012.5.peg.1399.site.5, 0, 127, 127
537012.5.peg.1399.site.6, 1, 127, 128
537012.5.peg.1399.site.7, 4, 127, 131
537012.5.peg.1399.site.8, 8, 127, 135
537012.5.peg.1399.site.9, 15, 126, 141
537012.5.peg.1399.site.10, 9, 125, 134
537012.5.peg.1399.site.11, 31, 125, 156
537012.5.peg.1399.site.12, 37, 122, 159
537012.5.peg.1399.site.13, 3, 122, 125
537012.5.peg.1399.site.14, 5, 122, 127
537012.5.peg.1399.site.15, 16, 122, 138
537012.5.peg.1399.site.16, 68, 125, 193
537012.5.peg.1399.site.17, 4, 125, 129
537012.5.peg.1398.site.1, 20, 130, 150
537012.5.peg.1398.site.2, 3, 132, 135
537012.5.peg.1398.site.3, 2, 127, 129
537012.5.peg.1398.site.4, 0, 128, 128
537012.5.peg.1398.site.5, 1, 128, 129
537012.5.peg.1398.site.6, 4, 127, 131
537012.5.peg.1398.site.7, 21, 127, 148
537012.5.peg.1398.site.8, 10, 125, 135
537012.5.peg.1398.site.9, 0, 127, 127
537012.5.peg.1398.site.10, 85, 125, 210
537012.5.peg.1398.site.11, 8, 124, 132
537012.5.peg.1398.site.12, 7, 126, 133
537012.5.peg.1398.site.13, 2, 127, 129
537012.5.peg.1398.site.14, 7, 127, 134
537012.5.peg.1398.site.15, 11, 127, 138
537012.5.peg.1398.site.16, 55, 125, 180
537012.5.peg.1398.site.17, 68, 125, 193
537012.5.peg.1398.site.18, 62, 126, 188
537012.5.peg.1398.site.19, 4, 127, 131
537012.5.peg.1398.site.20, 79, 127, 206
537012.5.peg.1398.site.21, 26, 127, 153
537012.5.peg.1398.site.22, 10, 125, 135
537012.5.peg.1398.site.23, 7, 126, 133
537012.5.peg.1398.site.24, 117, 127, 244
537012.5.peg.1398.site.25, 56, 127, 183
537012.5.peg.1398.site.26, 3, 127, 130
537012.5.peg.1398.site.27, 3, 127, 130
537012.5.peg.1398.site.28, 118, 127, 245
537012.5.peg.1398.site.29, 9, 126, 135
537012.5.peg.1398.site.30, 9, 126, 135
537012.5.peg.1398.site.31, 2, 126, 128
537012.5.peg.1398.site.32, 0, 126, 126
537012.5.peg.1465.site.1, 5, 132, 137
537012.5.peg.1465.site.2, 11, 134, 145
537012.5.peg.1465.site.3, 4, 132, 136
537012.5.peg.1465.site.4, 1, 129, 130
537012.5.peg.1465.site.5, 3, 131, 134
537012.5.peg.1465.site.6, 1, 130, 131
537012.5.peg.1465.site.7, 2, 130, 132
537012.5.peg.1465.site.8, 126, 131, 257
537012.5.peg.1465.site.9, 0, 129, 129
537012.5.peg.1465.site.10, 0, 128, 128
537012.5.peg.1465.site.11, 1, 134, 135
537012.5.peg.1465.site.12, 7, 134, 141
537012.5.peg.1465.site.13, 14, 134, 148
537012.5.peg.1465.site.14, 1, 134, 135
537012.5.peg.1465.site.15, 47, 134, 181
537012.5.peg.1465.site.16, 1, 133, 134
537012.5.peg.1465.site.17, 0, 134, 134
537012.5.peg.1465.site.18, 1, 133, 134
537012.5.peg.1465.site.19, 4, 132, 136
537012.5.peg.1465.site.20, 1, 132, 133
537012.5.peg.1465.site.21, 3, 134, 137
537012.5.peg.1465.site.22, 1, 134, 135
537012.5.peg.1465.site.23, 4, 130, 134
537012.5.peg.1465.site.24, 5, 132, 137
537012.5.peg.1465.site.25, 5, 133, 138
537012.5.peg.1465.site.26, 14, 131, 145
537012.5.peg.1465.site.27, 1, 130, 131
537012.5.peg.1465.site.28, 7, 128, 135
537012.5.peg.1465.site.29, 1, 128, 129
537012.5.peg.1465.site.30, 3, 130, 133
537012.5.peg.1465.site.31, 2, 131, 133
537012.5.peg.1465.site.32, 1, 134, 135
537012.5.peg.1465.site.33, 5, 133, 138
537012.5.peg.1465.site.34, 3, 134, 137
537012.5.peg.1465.site.35, 43, 133, 176
537012.5.peg.1465.site.36, 5, 133, 138
537012.5.peg.1465.site.37, 3, 134, 137
537012.5.peg.1465.site.38, 3, 134, 137
537012.5.peg.1465.site.39, 11, 133, 144
537012.5.peg.1465.site.40, 17, 132, 149
537012.5.peg.1465.site.41, 15, 132, 147
537012.5.peg.1465.site.42, 4, 134, 138
537012.5.peg.1465.site.43, 55, 132, 187
537012.5.peg.1465.site.44, 2, 134, 136
537012.5.peg.1465.site.45, 6, 134, 140
537012.5.peg.1465.site.46, 10, 131, 141
537012.5.peg.1465.site.47, 0, 133, 133
537012.5.peg.1465.site.48, 81, 131, 212
537012.5.peg.1465.site.49, 11, 134, 145
537012.5.peg.1465.site.50, 58, 132, 190
537012.5.peg.1465.site.51, 45, 134, 179
537012.5.peg.1465.site.52, 37, 134, 171
537012.5.peg.1465.site.53, 1, 134, 135
537012.5.peg.1465.site.54, 6, 134, 140
537012.5.peg.1465.site.55, 7, 134, 141
537012.5.peg.1465.site.56, 9, 134, 143
537012.5.peg.1465.site.57, 12, 134, 146
537012.5.peg.1465.site.58, 12, 133, 145
537012.5.peg.1465.site.59, 36, 134, 170
537012.5.peg.1465.site.60, 0, 134, 134
537012.5.peg.1465.site.61, 2, 134, 136
537012.5.peg.1465.site.62, 1, 133, 134
537012.5.peg.1465.site.63, 5, 134, 139
537012.5.peg.1465.site.64, 1, 134, 135
537012.5.peg.1465.site.65, 13, 129, 142
537012.5.peg.1465.site.66, 14, 130, 144
537012.5.peg.1464.site.1, 1, 134, 135
537012.5.peg.1464.site.2, 95, 130, 225
537012.5.peg.1464.site.3, 13, 134, 147
537012.5.peg.1464.site.4, 8, 134, 142
537012.5.peg.1464.site.5, 3, 134, 137
537012.5.peg.1464.site.6, 8, 134, 142
537012.5.peg.1464.site.7, 102, 133, 235
537012.5.peg.1464.site.8, 4, 132, 136
537012.5.peg.1464.site.9, 130, 134, 264
537012.5.peg.1464.site.10, 5, 132, 137
537012.5.peg.1464.site.11, 1, 133, 134
537012.5.peg.1464.site.12, 1, 134, 135
537012.5.peg.1464.site.13, 4, 132, 136
537012.5.peg.1464.site.14, 4, 132, 136
537012.5.peg.1464.site.15, 3, 131, 134
537012.5.peg.1464.site.16, 2, 131, 133
537012.5.peg.1464.site.17, 4, 129, 133
537012.5.peg.1464.site.18, 1, 131, 132
537012.5.peg.1464.site.19, 63, 132, 195
537012.5.peg.1464.site.20, 8, 133, 141
537012.5.peg.1464.site.21, 2, 132, 134
537012.5.peg.1464.site.22, 1, 131, 132
537012.5.peg.1464.site.23, 10, 131, 141
537012.5.peg.1464.site.24, 42, 132, 174
537012.5.peg.1464.site.25, 11, 133, 144
537012.5.peg.1464.site.26, 0, 134, 134
537012.5.peg.1464.site.27, 16, 131, 147
537012.5.peg.1464.site.28, 4, 128, 132
537012.5.peg.1464.site.29, 1, 133, 134
537012.5.peg.1464.site.30, 1, 134, 135
537012.5.peg.1464.site.31, 11, 134, 145
537012.5.peg.1464.site.32, 41, 133, 174
537012.5.peg.1464.site.33, 9, 133, 142
537012.5.peg.1464.site.34, 11, 134, 145
537012.5.peg.1464.site.35, 1, 134, 135
537012.5.peg.1464.site.36, 4, 132, 136
537012.5.peg.1464.site.37, 3, 133, 136
537012.5.peg.1464.site.38, 26, 131, 157
537012.5.peg.1464.site.39, 1, 130, 131
537012.5.peg.1464.site.40, 12, 130, 142
537012.5.peg.1464.site.41, 7, 129, 136
537012.5.peg.1464.site.42, 12, 134, 146
537012.5.peg.1464.site.43, 16, 132, 148
537012.5.peg.1464.site.44, 1, 134, 135
537012.5.peg.1464.site.45, 1, 134, 135
537012.5.peg.1464.site.46, 5, 133, 138
537012.5.peg.1464.site.47, 19, 132, 151
537012.5.peg.1464.site.48, 1, 134, 135
537012.5.peg.1464.site.49, 1, 134, 135
537012.5.peg.1464.site.50, 11, 134, 145
537012.5.peg.1464.site.51, 5, 133, 138
537012.5.peg.1395.site.1, 8, 125, 133
537012.5.peg.1395.site.2, 11, 122, 133
537012.5.peg.1395.site.3, 13, 121, 134
537012.5.peg.1395.site.4, 1, 122, 123
537012.5.peg.1395.site.5, 4, 121, 125
537012.5.peg.1395.site.6, 7, 126, 133
537012.5.peg.1395.site.7, 7, 125, 132
537012.5.peg.1395.site.8, 12, 127, 139
537012.5.peg.1395.site.9, 26, 129, 155
537012.5.peg.1395.site.10, 46, 129, 175
537012.5.peg.1395.site.11, 38, 125, 163
537012.5.peg.1395.site.12, 2, 126, 128
537012.5.peg.1395.site.13, 18, 127, 145
537012.5.peg.1395.site.14, 2, 127, 129
537012.5.peg.1395.site.15, 1, 127, 128
537012.5.peg.1395.site.16, 3, 127, 130
537012.5.peg.1395.site.17, 59, 124, 183
537012.5.peg.1395.site.18, 2, 126, 128
537012.5.peg.1395.site.19, 10, 126, 136
537012.5.peg.1395.site.20, 7, 126, 133
537012.5.peg.1395.site.21, 10, 125, 135
537012.5.peg.1395.site.22, 37, 125, 162
537012.5.peg.1395.site.23, 34, 125, 159
537012.5.peg.1395.site.24, 84, 122, 206
537012.5.peg.1395.site.25, 5, 125, 130
537012.5.peg.1395.site.26, 21, 123, 144
537012.5.peg.1395.site.27, 2, 125, 127
537012.5.peg.1395.site.28, 21, 123, 144
537012.5.peg.1395.site.29, 3, 124, 127
537012.5.peg.1395.site.30, 11, 125, 136
537012.5.peg.1395.site.31, 5, 124, 129
537012.5.peg.1395.site.32, 7, 125, 132
537012.5.peg.1395.site.33, 11, 125, 136
537012.5.peg.1395.site.34, 18, 123, 141
537012.5.peg.1395.site.35, 3, 126, 129
537012.5.peg.1395.site.36, 1, 126, 127
537012.5.peg.1395.site.37, 1, 126, 127
537012.5.peg.1395.site.38, 5, 126, 131
537012.5.peg.1395.site.39, 1, 127, 128
537012.5.peg.1395.site.40, 17, 131, 148
537012.5.peg.1395.site.41, 2, 131, 133
537012.5.peg.1395.site.42, 43, 129, 172
537012.5.peg.1395.site.43, 2, 127, 129
537012.5.peg.1395.site.44, 3, 123, 126
537012.5.peg.1466.site.1, 1, 131, 132
537012.5.peg.1466.site.2, 1, 132, 133
537012.5.peg.1466.site.3, 1, 132, 133
537012.5.peg.1466.site.4, 3, 131, 134
537012.5.peg.1466.site.5, 79, 129, 208
537012.5.peg.1466.site.6, 3, 131, 134
537012.5.peg.1466.site.7, 9, 131, 140
537012.5.peg.1466.site.8, 1, 133, 134
537012.5.peg.1466.site.9, 1, 132, 133
537012.5.peg.1466.site.10, 12, 132, 144
537012.5.peg.1466.site.11, 1, 133, 134
537012.5.peg.1466.site.12, 8, 132, 140
537012.5.peg.1466.site.13, 2, 134, 136
537012.5.peg.1461.site.1, 1, 134, 135
537012.5.peg.1461.site.2, 4, 133, 137
537012.5.peg.1461.site.3, 13, 131, 144
537012.5.peg.1461.site.4, 0, 125, 125
537012.5.peg.1461.site.5, 4, 124, 128
537012.5.peg.1461.site.6, 1, 126, 127
537012.5.peg.1461.site.7, 2, 126, 128
537012.5.peg.1461.site.8, 2, 126, 128
537012.5.peg.1461.site.9, 4, 124, 128
537012.5.peg.1461.site.10, 3, 124, 127
537012.5.peg.1461.site.11, 4, 125, 129
537012.5.peg.1461.site.12, 1, 130, 131
537012.5.peg.1461.site.13, 11, 134, 145
537012.5.peg.1461.site.14, 2, 134, 136
537012.5.peg.1461.site.15, 12, 132, 144
537012.5.peg.1461.site.16, 6, 131, 137
537012.5.peg.1461.site.17, 8, 131, 139
537012.5.peg.1461.site.18, 7, 127, 134
537012.5.peg.1461.site.19, 2, 123, 125
537012.5.peg.1461.site.20, 3, 125, 128
537012.5.peg.1461.site.21, 42, 132, 174
537012.5.peg.1461.site.22, 6, 130, 136
537012.5.peg.1461.site.23, 1, 131, 132
537012.5.peg.1461.site.24, 8, 131, 139
537012.5.peg.1461.site.25, 9, 130, 139
537012.5.peg.1461.site.26, 9, 130, 139
537012.5.peg.1460.site.1, 15, 132, 147
537012.5.peg.1460.site.2, 2, 132, 134
537012.5.peg.1460.site.3, 1, 130, 131
537012.5.peg.1460.site.4, 2, 131, 133
537012.5.peg.1460.site.5, 8, 130, 138
537012.5.peg.1460.site.6, 1, 132, 133
537012.5.peg.1460.site.7, 17, 131, 148
537012.5.peg.1460.site.8, 2, 133, 135
537012.5.peg.1460.site.9, 74, 133, 207
537012.5.peg.1460.site.10, 6, 134, 140
537012.5.peg.1460.site.11, 7, 134, 141
537012.5.peg.1460.site.12, 9, 134, 143
537012.5.peg.1460.site.13, 3, 133, 136
537012.5.peg.1460.site.14, 15, 134, 149
537012.5.peg.1460.site.15, 11, 134, 145
537012.5.peg.1460.site.16, 61, 134, 195
537012.5.peg.1460.site.17, 1, 134, 135
537012.5.peg.1460.site.18, 7, 133, 140
537012.5.peg.1460.site.19, 4, 133, 137
537012.5.peg.1460.site.20, 1, 134, 135
537012.5.peg.1460.site.21, 8, 133, 141
537012.5.peg.1460.site.22, 124, 133, 257
537012.5.peg.1460.site.23, 8, 133, 141
537012.5.peg.1460.site.24, 1, 132, 133
537012.5.peg.1460.site.25, 26, 131, 157
537012.5.peg.1460.site.26, 6, 128, 134
537012.5.peg.1460.site.27, 11, 127, 138
537012.5.peg.1460.site.28, 5, 127, 132
537012.5.peg.1460.site.29, 1, 122, 123
537012.5.peg.1460.site.30, 25, 120, 145
537012.5.peg.1460.site.31, 1, 134, 135
537012.5.peg.1460.site.32, 2, 133, 135
537012.5.peg.1460.site.33, 2, 133, 135
537012.5.peg.1460.site.34, 3, 133, 136
537012.5.peg.1460.site.35, 28, 134, 162
537012.5.peg.1460.site.36, 22, 130, 152
537012.5.peg.1460.site.37, 3, 131, 134
537012.5.peg.1460.site.38, 71, 132, 203
537012.5.peg.1460.site.39, 3, 131, 134
537012.5.peg.1460.site.40, 8, 132, 140
537012.5.peg.1460.site.41, 15, 131, 146
537012.5.peg.1460.site.42, 6, 133, 139
537012.5.peg.1460.site.43, 16, 132, 148
537012.5.peg.1460.site.44, 13, 134, 147
537012.5.peg.1460.site.45, 4, 132, 136
537012.5.peg.1460.site.46, 1, 134, 135
537012.5.peg.1460.site.47, 4, 131, 135
537012.5.peg.1460.site.48, 13, 133, 146
537012.5.peg.1460.site.49, 7, 132, 139
537012.5.peg.1460.site.50, 8, 134, 142
537012.5.peg.1460.site.51, 16, 132, 148
537012.5.peg.1460.site.52, 5, 133, 138
537012.5.peg.1460.site.53, 6, 132, 138
537012.5.peg.1460.site.54, 3, 131, 134
537012.5.peg.1460.site.55, 1, 123, 124
537012.5.peg.1463.site.1, 1, 132, 133
537012.5.peg.1463.site.2, 28, 133, 161
537012.5.peg.1463.site.3, 5, 133, 138
537012.5.peg.1463.site.4, 79, 132, 211
537012.5.peg.1463.site.5, 1, 134, 135
537012.5.peg.1463.site.6, 1, 134, 135
537012.5.peg.1463.site.7, 4, 132, 136
537012.5.peg.1463.site.8, 2, 133, 135
537012.5.peg.1463.site.9, 6, 133, 139
537012.5.peg.1463.site.10, 1, 134, 135
537012.5.peg.1463.site.11, 14, 132, 146
537012.5.peg.1463.site.12, 7, 132, 139
537012.5.peg.1463.site.13, 2, 131, 133
537012.5.peg.1463.site.14, 13, 131, 144
537012.5.peg.1463.site.15, 0, 129, 129
537012.5.peg.1463.site.16, 10, 129, 139
537012.5.peg.1463.site.17, 11, 133, 144
537012.5.peg.1463.site.18, 12, 131, 143
537012.5.peg.1463.site.19, 2, 131, 133
537012.5.peg.1463.site.20, 4, 133, 137
537012.5.peg.1463.site.21, 8, 132, 140
537012.5.peg.1463.site.22, 82, 131, 213
537012.5.peg.1463.site.23, 3, 134, 137
537012.5.peg.1463.site.24, 65, 133, 198
537012.5.peg.1463.site.25, 88, 131, 219
537012.5.peg.1463.site.26, 15, 132, 147
537012.5.peg.1463.site.27, 4, 132, 136
537012.5.peg.1463.site.28, 7, 134, 141
537012.5.peg.1463.site.29, 131, 134, 265
537012.5.peg.1463.site.30, 4, 132, 136
537012.5.peg.1463.site.31, 8, 134, 142
537012.5.peg.1463.site.32, 1, 134, 135
537012.5.peg.1463.site.33, 3, 131, 134
537012.5.peg.1463.site.34, 109, 134, 243
537012.5.peg.1463.site.35, 3, 131, 134
537012.5.peg.1463.site.36, 3, 131, 134
537012.5.peg.1463.site.37, 15, 132, 147
537012.5.peg.1463.site.38, 3, 131, 134
537012.5.peg.1463.site.39, 4, 132, 136
537012.5.peg.1463.site.40, 11, 132, 143
537012.5.peg.1463.site.41, 77, 132, 209
537012.5.peg.1463.site.42, 8, 133, 141
537012.5.peg.1463.site.43, 0, 133, 133
537012.5.peg.1463.site.44, 12, 132, 144
537012.5.peg.1463.site.45, 0, 130, 130
537012.5.peg.1463.site.46, 10, 132, 142
537012.5.peg.1463.site.47, 0, 132, 132
537012.5.peg.1463.site.48, 0, 130, 130
537012.5.peg.1463.site.49, 11, 126, 137
537012.5.peg.1462.site.1, 5, 129, 134
537012.5.peg.1462.site.2, 5, 130, 135
537012.5.peg.1462.site.3, 1, 130, 131
537012.5.peg.1462.site.4, 0, 129, 129
537012.5.peg.3234.site.1, 0, 123, 123
537012.5.peg.3234.site.2, 0, 122, 122
537012.5.peg.3234.site.3, 15, 122, 137
537012.5.peg.3234.site.4, 0, 122, 122
537012.5.peg.3234.site.5, 15, 121, 136
537012.5.peg.3234.site.6, 16, 120, 136
537012.5.peg.3234.site.7, 0, 121, 121
537012.5.peg.3234.site.8, 1, 122, 123
537012.5.peg.3234.site.9, 0, 121, 121
537012.5.peg.3234.site.10, 11, 122, 133
537012.5.peg.3234.site.11, 0, 122, 122
537012.5.peg.3234.site.12, 0, 121, 121
537012.5.peg.3234.site.13, 22, 121, 143
537012.5.peg.3234.site.14, 0, 122, 122
537012.5.peg.3234.site.15, 94, 123, 217
537012.5.peg.3234.site.16, 0, 122, 122
537012.5.peg.3234.site.17, 9, 123, 132
537012.5.peg.3234.site.18, 50, 122, 172
537012.5.peg.3234.site.19, 0, 122, 122
537012.5.peg.3234.site.20, 0, 122, 122
537012.5.peg.3234.site.21, 80, 122, 202
537012.5.peg.3234.site.22, 0, 122, 122
537012.5.peg.3234.site.23, 0, 123, 123
537012.5.peg.3234.site.24, 0, 123, 123
537012.5.peg.3234.site.25, 20, 122, 142
537012.5.peg.3234.site.26, 0, 122, 122
537012.5.peg.3234.site.27, 0, 123, 123
537012.5.peg.3234.site.28, 1, 123, 124
537012.5.peg.3234.site.29, 6, 122, 128
537012.5.peg.3234.site.30, 0, 121, 121
537012.5.peg.3234.site.31, 2, 123, 125
537012.5.peg.3234.site.32, 10, 121, 131
537012.5.peg.3234.site.33, 78, 122, 200
537012.5.peg.3234.site.34, 0, 123, 123
537012.5.peg.3234.site.35, 2, 123, 125
537012.5.peg.3234.site.36, 18, 120, 138
537012.5.peg.3234.site.37, 0, 119, 119
537012.5.peg.3543.site.1, 5, 131, 136
537012.5.peg.3543.site.2, 2, 124, 126
537012.5.peg.3543.site.3, 1, 128, 129
537012.5.peg.3543.site.4, 15, 119, 134
537012.5.peg.3543.site.5, 5, 119, 124
537012.5.peg.3543.site.6, 5, 114, 119
537012.5.peg.3543.site.7, 4, 108, 112
537012.5.peg.3543.site.8, 6, 115, 121
537012.5.peg.3543.site.9, 6, 116, 122
537012.5.peg.3543.site.10, 8, 122, 130
537012.5.peg.3543.site.11, 8, 123, 131
537012.5.peg.3543.site.12, 2, 123, 125
537012.5.peg.3543.site.13, 3, 126, 129
537012.5.peg.3543.site.14, 13, 126, 139
537012.5.peg.3543.site.15, 1, 128, 129
537012.5.peg.3543.site.16, 6, 129, 135
537012.5.peg.3543.site.17, 1, 127, 128
537012.5.peg.3543.site.18, 1, 124, 125
537012.5.peg.3543.site.19, 6, 125, 131
537012.5.peg.3543.site.20, 1, 128, 129
537012.5.peg.3543.site.21, 5, 122, 127
537012.5.peg.3543.site.22, 6, 115, 121
537012.5.peg.3543.site.23, 2, 113, 115
537012.5.peg.3543.site.24, 1, 112, 113
537012.5.peg.3543.site.25, 2, 107, 109
537012.5.peg.3543.site.26, 1, 110, 111
537012.5.peg.3543.site.27, 0, 105, 105
537012.5.peg.968.site.1, 1, 94, 95
537012.5.peg.968.site.2, 5, 97, 102
537012.5.peg.968.site.3, 0, 102, 102
537012.5.peg.968.site.4, 6, 128, 134
537012.5.peg.968.site.5, 1, 134, 135
537012.5.peg.968.site.6, 1, 134, 135
537012.5.peg.968.site.7, 5, 134, 139
537012.5.peg.968.site.8, 16, 134, 150
537012.5.peg.968.site.9, 8, 134, 142
537012.5.peg.968.site.10, 3, 134, 137
537012.5.peg.968.site.11, 7, 133, 140
537012.5.peg.968.site.12, 24, 134, 158
537012.5.peg.968.site.13, 4, 123, 127
537012.5.peg.968.site.14, 7, 124, 131
537012.5.peg.968.site.15, 2, 124, 126
537012.5.peg.968.site.16, 71, 125, 196
537012.5.peg.968.site.17, 0, 129, 129
537012.5.peg.968.site.18, 6, 131, 137
537012.5.peg.968.site.19, 9, 134, 143
537012.5.peg.968.site.20, 22, 134, 156
537012.5.peg.968.site.21, 19, 114, 133
537012.5.peg.968.site.22, 7, 116, 123
537012.5.peg.968.site.23, 28, 121, 149
537012.5.peg.968.site.24, 4, 129, 133
537012.5.peg.968.site.25, 9, 132, 141
537012.5.peg.968.site.26, 80, 132, 212
537012.5.peg.968.site.27, 66, 134, 200
537012.5.peg.968.site.28, 0, 134, 134
537012.5.peg.968.site.29, 3, 134, 137
537012.5.peg.968.site.30, 6, 133, 139
537012.5.peg.968.site.31, 2, 134, 136
537012.5.peg.968.site.32, 38, 131, 169
537012.5.peg.968.site.33, 26, 134, 160
537012.5.peg.968.site.34, 7, 134, 141
537012.5.peg.968.site.35, 0, 134, 134
537012.5.peg.968.site.36, 0, 134, 134
537012.5.peg.969.site.1, 1, 134, 135
537012.5.peg.969.site.2, 9, 134, 143
537012.5.peg.969.site.3, 8, 134, 142
537012.5.peg.969.site.4, 9, 134, 143
537012.5.peg.969.site.5, 9, 133, 142
537012.5.peg.969.site.6, 2, 134, 136
537012.5.peg.969.site.7, 1, 133, 134
537012.5.peg.969.site.8, 7, 133, 140
537012.5.peg.969.site.9, 9, 134, 143
537012.5.peg.969.site.10, 0, 133, 133
537012.5.peg.969.site.11, 1, 133, 134
537012.5.peg.969.site.12, 1, 133, 134
537012.5.peg.969.site.13, 4, 132, 136
537012.5.peg.969.site.14, 9, 134, 143
537012.5.peg.969.site.15, 4, 132, 136
537012.5.peg.969.site.16, 2, 134, 136
537012.5.peg.969.site.17, 1, 134, 135
537012.5.peg.969.site.18, 2, 134, 136
537012.5.peg.969.site.19, 3, 134, 137
537012.5.peg.969.site.20, 9, 134, 143
537012.5.peg.969.site.21, 9, 134, 143
537012.5.peg.969.site.22, 19, 134, 153
537012.5.peg.969.site.23, 9, 134, 143
537012.5.peg.969.site.24, 9, 133, 142
537012.5.peg.969.site.25, 6, 132, 138
537012.5.peg.969.site.26, 1, 131, 132
537012.5.peg.969.site.27, 1, 107, 108
537012.5.peg.4499.site.1, 2, 133, 135
537012.5.peg.4499.site.2, 3, 134, 137
537012.5.peg.4499.site.3, 0, 133, 133
537012.5.peg.4499.site.4, 1, 132, 133
537012.5.peg.4499.site.5, 1, 130, 131
537012.5.peg.4499.site.6, 11, 132, 143
537012.5.peg.4499.site.7, 7, 134, 141
537012.5.peg.4499.site.8, 3, 134, 137
537012.5.peg.4499.site.9, 4, 131, 135
537012.5.peg.361.site.1, 6, 132, 138
537012.5.peg.361.site.2, 1, 132, 133
537012.5.peg.361.site.3, 4, 129, 133
537012.5.peg.361.site.4, 44, 131, 175
537012.5.peg.361.site.5, 20, 131, 151
537012.5.peg.361.site.6, 51, 128, 179
537012.5.peg.361.site.7, 19, 131, 150
537012.5.peg.361.site.8, 38, 130, 168
537012.5.peg.361.site.9, 2, 129, 131
537012.5.peg.361.site.10, 2, 132, 134
537012.5.peg.361.site.11, 5, 131, 136
537012.5.peg.361.site.12, 33, 131, 164
537012.5.peg.361.site.13, 19, 132, 151
537012.5.peg.361.site.14, 80, 132, 212
537012.5.peg.361.site.15, 1, 128, 129
537012.5.peg.361.site.16, 5, 132, 137
537012.5.peg.361.site.17, 0, 130, 130
537012.5.peg.361.site.18, 0, 133, 133
537012.5.peg.361.site.19, 46, 128, 174
537012.5.peg.361.site.20, 9, 133, 142
537012.5.peg.361.site.21, 1, 131, 132
537012.5.peg.361.site.22, 7, 133, 140
537012.5.peg.361.site.23, 63, 132, 195
537012.5.peg.361.site.24, 19, 133, 152
537012.5.peg.361.site.25, 0, 133, 133
537012.5.peg.361.site.26, 3, 133, 136
537012.5.peg.361.site.27, 16, 133, 149
537012.5.peg.361.site.28, 0, 131, 131
537012.5.peg.361.site.29, 2, 133, 135
537012.5.peg.361.site.30, 1, 125, 126
537012.5.peg.361.site.31, 8, 126, 134
537012.5.peg.361.site.32, 1, 129, 130
537012.5.peg.361.site.33, 45, 123, 168
537012.5.peg.361.site.34, 2, 128, 130
537012.5.peg.361.site.35, 0, 129, 129
537012.5.peg.361.site.36, 51, 126, 177
537012.5.peg.361.site.37, 14, 129, 143
537012.5.peg.4498.site.1, 22, 128, 150
537012.5.peg.4498.site.2, 2, 129, 131
537012.5.peg.4498.site.3, 1, 129, 130
537012.5.peg.4498.site.4, 1, 129, 130
537012.5.peg.4498.site.5, 124, 128, 252
537012.5.peg.4498.site.6, 1, 130, 131
537012.5.peg.4498.site.7, 7, 134, 141
537012.5.peg.4498.site.8, 27, 134, 161
537012.5.peg.4498.site.9, 5, 132, 137
537012.5.peg.4498.site.10, 0, 134, 134
537012.5.peg.4498.site.11, 12, 134, 146
537012.5.peg.4498.site.12, 90, 130, 220
537012.5.peg.4498.site.13, 1, 134, 135
537012.5.peg.4498.site.14, 0, 134, 134
537012.5.peg.1263.site.1, 1, 103, 104
537012.5.peg.1263.site.2, 2, 103, 105
537012.5.peg.1263.site.3, 0, 116, 116
537012.5.peg.1263.site.4, 0, 129, 129
537012.5.peg.1263.site.5, 3, 127, 130
537012.5.peg.1263.site.6, 2, 131, 133
537012.5.peg.1263.site.7, 1, 131, 132
537012.5.peg.1263.site.8, 4, 130, 134
537012.5.peg.1263.site.9, 5, 130, 135
537012.5.peg.1263.site.10, 5, 128, 133
537012.5.peg.1263.site.11, 0, 125, 125
537012.5.peg.1263.site.12, 1, 128, 129
537012.5.peg.1263.site.13, 2, 130, 132
537012.5.peg.1263.site.14, 1, 129, 130
537012.5.peg.1263.site.15, 1, 128, 129
537012.5.peg.1263.site.16, 30, 127, 157
537012.5.peg.1263.site.17, 5, 130, 135
537012.5.peg.1263.site.18, 19, 128, 147
537012.5.peg.1263.site.19, 0, 127, 127
537012.5.peg.1263.site.20, 0, 124, 124
537012.5.peg.1263.site.21, 1, 123, 124
537012.5.peg.1263.site.22, 3, 127, 130
537012.5.peg.1263.site.23, 0, 123, 123
537012.5.peg.1263.site.24, 5, 114, 119
537012.5.peg.1263.site.25, 79, 112, 191
537012.5.peg.1263.site.26, 1, 118, 119
537012.5.peg.1263.site.27, 0, 119, 119
537012.5.peg.1263.site.28, 1, 113, 114
537012.5.peg.1263.site.29, 0, 128, 128
537012.5.peg.1263.site.30, 1, 132, 133
537012.5.peg.1263.site.31, 1, 132, 133
537012.5.peg.1263.site.32, 2, 131, 133
537012.5.peg.1263.site.33, 1, 130, 131
537012.5.peg.1263.site.34, 3, 129, 132
537012.5.peg.1263.site.35, 0, 128, 128
537012.5.peg.1263.site.36, 0, 129, 129
537012.5.peg.1263.site.37, 0, 129, 129
537012.5.peg.1263.site.38, 1, 126, 127
537012.5.peg.1263.site.39, 37, 126, 163
537012.5.peg.1263.site.40, 3, 129, 132
537012.5.peg.1263.site.41, 26, 126, 152
537012.5.peg.1263.site.42, 0, 129, 129
537012.5.peg.1263.site.43, 5, 129, 134
537012.5.peg.1263.site.44, 1, 128, 129
537012.5.peg.1263.site.45, 0, 127, 127
537012.5.peg.1263.site.46, 0, 129, 129
537012.5.peg.1263.site.47, 1, 129, 130
537012.5.peg.1263.site.48, 2, 128, 130
537012.5.peg.1263.site.49, 2, 121, 123
537012.5.peg.1263.site.50, 1, 126, 127
537012.5.peg.1263.site.51, 82, 120, 202
537012.5.peg.1263.site.52, 9, 124, 133
537012.5.peg.1263.site.53, 7, 125, 132
537012.5.peg.1263.site.54, 4, 125, 129
537012.5.peg.1263.site.55, 2, 126, 128
537012.5.peg.1263.site.56, 2, 123, 125
537012.5.peg.1263.site.57, 1, 114, 115
537012.5.peg.1263.site.58, 1, 115, 116
537012.5.peg.1263.site.59, 3, 118, 121
537012.5.peg.1263.site.60, 2, 113, 115
537012.5.peg.1263.site.61, 3, 113, 116
537012.5.peg.1263.site.62, 72, 111, 183
537012.5.peg.1263.site.63, 8, 114, 122
537012.5.peg.1263.site.64, 3, 125, 128
537012.5.peg.1263.site.65, 2, 119, 121
537012.5.peg.1263.site.66, 82, 118, 200
537012.5.peg.1263.site.67, 0, 124, 124
537012.5.peg.1263.site.68, 2, 130, 132
537012.5.peg.1263.site.69, 1, 129, 130
537012.5.peg.1263.site.70, 8, 130, 138
537012.5.peg.1263.site.71, 22, 128, 150
537012.5.peg.1263.site.72, 2, 129, 131
537012.5.peg.1263.site.73, 2, 129, 131
537012.5.peg.1263.site.74, 2, 128, 130
537012.5.peg.1263.site.75, 1, 131, 132
537012.5.peg.1263.site.76, 0, 128, 128
537012.5.peg.1263.site.77, 0, 129, 129
537012.5.peg.1263.site.78, 7, 129, 136
537012.5.peg.1263.site.79, 2, 128, 130
537012.5.peg.1263.site.80, 1, 128, 129
537012.5.peg.1263.site.81, 15, 128, 143
537012.5.peg.1263.site.82, 7, 129, 136
537012.5.peg.1263.site.83, 6, 125, 131
537012.5.peg.1263.site.84, 1, 127, 128
537012.5.peg.1263.site.85, 1, 129, 130
537012.5.peg.1263.site.86, 1, 130, 131
537012.5.peg.1263.site.87, 16, 132, 148
537012.5.peg.1263.site.88, 3, 133, 136
537012.5.peg.1263.site.89, 1, 132, 133
537012.5.peg.1263.site.90, 14, 129, 143
537012.5.peg.1263.site.91, 101, 129, 230
537012.5.peg.1263.site.92, 1, 129, 130
537012.5.peg.1263.site.93, 39, 126, 165
537012.5.peg.1263.site.94, 1, 124, 125
537012.5.peg.1263.site.95, 37, 121, 158
537012.5.peg.1263.site.96, 1, 129, 130
537012.5.peg.1263.site.97, 4, 123, 127
537012.5.peg.1263.site.98, 1, 115, 116
537012.5.peg.1263.site.99, 3, 115, 118
537012.5.peg.1263.site.100, 0, 105, 105
537012.5.peg.1263.site.101, 9, 113, 122
537012.5.peg.1263.site.102, 26, 114, 140
537012.5.peg.1263.site.103, 0, 118, 118
537012.5.peg.1263.site.104, 2, 130, 132
537012.5.peg.1263.site.105, 2, 130, 132
537012.5.peg.1263.site.106, 1, 131, 132
537012.5.peg.1263.site.107, 11, 131, 142
537012.5.peg.1263.site.108, 0, 132, 132
537012.5.peg.1263.site.109, 1, 134, 135
537012.5.peg.1263.site.110, 4, 132, 136
537012.5.peg.1263.site.111, 0, 133, 133
537012.5.peg.1263.site.112, 0, 132, 132
537012.5.peg.1263.site.113, 0, 133, 133
537012.5.peg.1262.site.1, 3, 129, 132
537012.5.peg.1262.site.2, 3, 133, 136
537012.5.peg.1262.site.3, 2, 133, 135
537012.5.peg.1262.site.4, 0, 132, 132
537012.5.peg.1262.site.5, 18, 132, 150
537012.5.peg.1262.site.6, 3, 132, 135
537012.5.peg.1262.site.7, 2, 130, 132
537012.5.peg.1262.site.8, 0, 128, 128
537012.5.peg.1262.site.9, 3, 127, 130
537012.5.peg.1262.site.10, 4, 127, 131
537012.5.peg.1262.site.11, 4, 127, 131
537012.5.peg.1262.site.12, 58, 128, 186
537012.5.peg.1262.site.13, 56, 128, 184
537012.5.peg.1262.site.14, 34, 129, 163
537012.5.peg.1262.site.15, 36, 130, 166
537012.5.peg.1262.site.16, 3, 128, 131
537012.5.peg.1262.site.17, 4, 130, 134
537012.5.peg.1262.site.18, 3, 130, 133
537012.5.peg.1262.site.19, 58, 129, 187
537012.5.peg.1262.site.20, 3, 130, 133
537012.5.peg.1262.site.21, 62, 128, 190
537012.5.peg.1262.site.22, 30, 124, 154
537012.5.peg.1262.site.23, 21, 125, 146
537012.5.peg.1262.site.24, 21, 124, 145
537012.5.peg.1267.site.1, 1, 132, 133
537012.5.peg.1267.site.2, 3, 134, 137
537012.5.peg.1267.site.3, 6, 134, 140
537012.5.peg.1267.site.4, 1, 134, 135
537012.5.peg.1267.site.5, 2, 134, 136
537012.5.peg.1267.site.6, 1, 134, 135
537012.5.peg.1267.site.7, 3, 134, 137
537012.5.peg.1267.site.8, 3, 134, 137
537012.5.peg.1267.site.9, 3, 133, 136
537012.5.peg.1267.site.10, 14, 133, 147
537012.5.peg.1267.site.11, 3, 134, 137
537012.5.peg.1267.site.12, 6, 134, 140
537012.5.peg.1267.site.13, 9, 133, 142
537012.5.peg.1267.site.14, 2, 133, 135
537012.5.peg.1267.site.15, 6, 134, 140
537012.5.peg.1267.site.16, 6, 134, 140
537012.5.peg.1267.site.17, 1, 134, 135
537012.5.peg.1267.site.18, 78, 132, 210
537012.5.peg.1267.site.19, 1, 134, 135
537012.5.peg.1267.site.20, 4, 132, 136
537012.5.peg.1267.site.21, 2, 133, 135
537012.5.peg.1267.site.22, 129, 134, 263
537012.5.peg.1267.site.23, 1, 133, 134
537012.5.peg.1267.site.24, 1, 134, 135
537012.5.peg.1267.site.25, 13, 133, 146
537012.5.peg.1267.site.26, 1, 134, 135
537012.5.peg.1267.site.27, 5, 132, 137
537012.5.peg.1267.site.28, 44, 133, 177
537012.5.peg.1267.site.29, 41, 134, 175
537012.5.peg.1267.site.30, 3, 134, 137
537012.5.peg.1267.site.31, 6, 134, 140
537012.5.peg.1267.site.32, 5, 133, 138
537012.5.peg.1267.site.33, 9, 132, 141
537012.5.peg.1267.site.34, 1, 133, 134
537012.5.peg.1267.site.35, 5, 132, 137
537012.5.peg.1267.site.36, 7, 133, 140
537012.5.peg.1267.site.37, 7, 132, 139
537012.5.peg.1267.site.38, 24, 131, 155
537012.5.peg.1267.site.39, 3, 131, 134
537012.5.peg.1267.site.40, 1, 133, 134
537012.5.peg.1267.site.41, 1, 133, 134
537012.5.peg.1267.site.42, 17, 133, 150
537012.5.peg.1267.site.43, 3, 134, 137
537012.5.peg.1267.site.44, 4, 134, 138
537012.5.peg.1267.site.45, 10, 133, 143
537012.5.peg.1267.site.46, 0, 134, 134
537012.5.peg.1267.site.47, 6, 134, 140
537012.5.peg.1267.site.48, 3, 132, 135
537012.5.peg.1267.site.49, 3, 132, 135
537012.5.peg.1267.site.50, 132, 134, 266
537012.5.peg.1267.site.51, 7, 134, 141
537012.5.peg.1267.site.52, 1, 134, 135
537012.5.peg.1267.site.53, 7, 134, 141
537012.5.peg.1267.site.54, 4, 134, 138
537012.5.peg.1267.site.55, 2, 134, 136
537012.5.peg.1267.site.56, 1, 134, 135
537012.5.peg.1267.site.57, 7, 133, 140
537012.5.peg.1267.site.58, 1, 133, 134
537012.5.peg.1267.site.59, 42, 130, 172
537012.5.peg.1267.site.60, 15, 133, 148
537012.5.peg.1267.site.61, 7, 134, 141
537012.5.peg.1267.site.62, 1, 134, 135
537012.5.peg.1267.site.63, 9, 133, 142
537012.5.peg.1267.site.64, 1, 133, 134
537012.5.peg.1267.site.65, 3, 134, 137
537012.5.peg.1267.site.66, 4, 132, 136
537012.5.peg.1267.site.67, 1, 133, 134
537012.5.peg.1267.site.68, 127, 132, 259
537012.5.peg.1267.site.69, 7, 130, 137
537012.5.peg.1267.site.70, 1, 130, 131
537012.5.peg.1267.site.71, 1, 133, 134
537012.5.peg.1267.site.72, 24, 133, 157
537012.5.peg.1267.site.73, 1, 133, 134
537012.5.peg.1267.site.74, 43, 131, 174
537012.5.peg.1267.site.75, 5, 132, 137
537012.5.peg.1267.site.76, 6, 133, 139
537012.5.peg.1267.site.77, 25, 133, 158
537012.5.peg.1267.site.78, 1, 134, 135
537012.5.peg.1267.site.79, 7, 134, 141
537012.5.peg.1267.site.80, 6, 134, 140
537012.5.peg.1267.site.81, 72, 132, 204
537012.5.peg.1267.site.82, 1, 134, 135
537012.5.peg.1267.site.83, 7, 132, 139
537012.5.peg.1267.site.84, 2, 134, 136
537012.5.peg.1267.site.85, 11, 132, 143
537012.5.peg.1267.site.86, 11, 134, 145
537012.5.peg.1267.site.87, 6, 134, 140
537012.5.peg.1267.site.88, 0, 134, 134
537012.5.peg.1267.site.89, 2, 133, 135
537012.5.peg.1267.site.90, 2, 133, 135
537012.5.peg.1267.site.91, 1, 132, 133
537012.5.peg.1266.site.1, 2, 123, 125
537012.5.peg.1266.site.2, 119, 124, 243
537012.5.peg.1266.site.3, 1, 124, 125
537012.5.peg.1266.site.4, 2, 123, 125
537012.5.peg.1265.site.1, 14, 133, 147
537012.5.peg.1265.site.2, 25, 134, 159
537012.5.peg.1265.site.3, 5, 134, 139
537012.5.peg.1265.site.4, 2, 133, 135
537012.5.peg.1265.site.5, 5, 133, 138
537012.5.peg.1265.site.6, 3, 133, 136
537012.5.peg.1264.site.1, 2, 134, 136
537012.5.peg.1264.site.2, 1, 133, 134
537012.5.peg.1264.site.3, 1, 132, 133
537012.5.peg.1264.site.4, 1, 131, 132
537012.5.peg.1264.site.5, 1, 130, 131
537012.5.peg.1264.site.6, 1, 131, 132
537012.5.peg.1264.site.7, 1, 130, 131
537012.5.peg.1264.site.8, 3, 132, 135
537012.5.peg.1264.site.9, 2, 134, 136
537012.5.peg.1264.site.10, 3, 132, 135
537012.5.peg.1264.site.11, 8, 133, 141
537012.5.peg.1264.site.12, 0, 134, 134
537012.5.peg.1264.site.13, 5, 132, 137
537012.5.peg.1264.site.14, 5, 133, 138
537012.5.peg.1264.site.15, 12, 133, 145
537012.5.peg.1264.site.16, 4, 132, 136
537012.5.peg.1264.site.17, 4, 130, 134
537012.5.peg.1264.site.18, 2, 134, 136
537012.5.peg.1264.site.19, 1, 134, 135
537012.5.peg.1264.site.20, 1, 133, 134
537012.5.peg.1264.site.21, 5, 133, 138
537012.5.peg.1264.site.22, 2, 134, 136
537012.5.peg.1264.site.23, 24, 134, 158
537012.5.peg.1264.site.24, 1, 134, 135
537012.5.peg.1264.site.25, 2, 134, 136
537012.5.peg.1264.site.26, 9, 134, 143
537012.5.peg.1264.site.27, 5, 133, 138
537012.5.peg.1264.site.28, 2, 133, 135
537012.5.peg.1264.site.29, 1, 134, 135
537012.5.peg.1264.site.30, 83, 133, 216
537012.5.peg.1264.site.31, 7, 133, 140
537012.5.peg.1264.site.32, 1, 133, 134
537012.5.peg.1264.site.33, 4, 131, 135
537012.5.peg.1264.site.34, 1, 129, 130
537012.5.peg.1264.site.35, 2, 129, 131
537012.5.peg.1264.site.36, 5, 132, 137
537012.5.peg.1268.site.1, 2, 130, 132
537012.5.peg.1268.site.2, 1, 130, 131
537012.5.peg.1268.site.3, 22, 131, 153
537012.5.peg.1268.site.4, 2, 129, 131
537012.5.peg.1268.site.5, 7, 129, 136
537012.5.peg.1268.site.6, 6, 129, 135
537012.5.peg.1268.site.7, 6, 129, 135
537012.5.peg.1268.site.8, 0, 129, 129
537012.5.peg.1268.site.9, 0, 128, 128
537012.5.peg.1268.site.10, 7, 129, 136
537012.5.peg.1268.site.11, 57, 128, 185
537012.5.peg.1268.site.12, 23, 128, 151
537012.5.peg.1268.site.13, 5, 127, 132
537012.5.peg.1268.site.14, 4, 126, 130
537012.5.peg.1268.site.15, 3, 126, 129
537012.5.peg.1268.site.16, 18, 122, 140
537012.5.peg.1268.site.17, 104, 121, 225
537012.5.peg.1268.site.18, 2, 121, 123
537012.5.peg.1268.site.19, 0, 122, 122
537012.5.peg.1268.site.20, 2, 123, 125
537012.5.peg.1268.site.21, 3, 123, 126
537012.5.peg.4497.site.1, 32, 111, 143
537012.5.peg.4497.site.2, 9, 106, 115
537012.5.peg.4497.site.3, 1, 103, 104
537012.5.peg.4497.site.4, 40, 99, 139
537012.5.peg.4497.site.5, 18, 95, 113
537012.5.peg.4497.site.6, 11, 84, 95
537012.5.peg.4497.site.7, 16, 85, 101
537012.5.peg.4497.site.8, 6, 87, 93
537012.5.peg.4497.site.9, 2, 86, 88
537012.5.peg.4497.site.10, 3, 90, 93
537012.5.peg.4497.site.11, 4, 89, 93
537012.5.peg.4497.site.12, 8, 88, 96
537012.5.peg.4497.site.13, 1, 98, 99
537012.5.peg.4497.site.14, 4, 97, 101
537012.5.peg.4497.site.15, 2, 92, 94
537012.5.peg.4497.site.16, 16, 90, 106
537012.5.peg.4497.site.17, 5, 77, 82
537012.5.peg.4497.site.18, 17, 73, 90
537012.5.peg.4497.site.19, 1, 68, 69
537012.5.peg.4497.site.20, 38, 65, 103
537012.5.peg.4497.site.21, 41, 66, 107
537012.5.peg.4497.site.22, 7, 70, 77
537012.5.peg.4497.site.23, 2, 72, 74
537012.5.peg.4497.site.24, 4, 81, 85
537012.5.peg.4497.site.25, 2, 83, 85
537012.5.peg.4497.site.26, 4, 92, 96
537012.5.peg.4497.site.27, 16, 95, 111
537012.5.peg.4497.site.28, 26, 103, 129
537012.5.peg.4497.site.29, 15, 97, 112
537012.5.peg.4497.site.30, 6, 98, 104
537012.5.peg.4497.site.31, 5, 97, 102
537012.5.peg.4497.site.32, 1, 93, 94
537012.5.peg.4497.site.33, 0, 87, 87
537012.5.peg.4497.site.34, 3, 83, 86
537012.5.peg.4497.site.35, 11, 84, 95
537012.5.peg.4497.site.36, 45, 83, 128
537012.5.peg.4497.site.37, 7, 84, 91
537012.5.peg.4497.site.38, 61, 83, 144
537012.5.peg.4497.site.39, 3, 83, 86
537012.5.peg.4497.site.40, 63, 85, 148
537012.5.peg.4497.site.41, 5, 85, 90
537012.5.peg.4497.site.42, 11, 85, 96
537012.5.peg.4497.site.43, 10, 85, 95
537012.5.peg.2280.site.1, 0, 131, 131
537012.5.peg.2280.site.2, 1, 130, 131
537012.5.peg.2280.site.3, 4, 127, 131
537012.5.peg.2280.site.4, 60, 125, 185
537012.5.peg.2280.site.5, 9, 127, 136
537012.5.peg.2280.site.6, 36, 131, 167
537012.5.peg.2280.site.7, 3, 130, 133
537012.5.peg.2280.site.8, 2, 130, 132
537012.5.peg.2280.site.9, 0, 130, 130
537012.5.peg.2280.site.10, 27, 130, 157
537012.5.peg.2280.site.11, 6, 130, 136
537012.5.peg.2280.site.12, 0, 130, 130
537012.5.peg.2281.site.1, 2, 130, 132
537012.5.peg.2281.site.2, 1, 129, 130
537012.5.peg.2281.site.3, 7, 130, 137
537012.5.peg.2281.site.4, 3, 130, 133
537012.5.peg.2281.site.5, 1, 130, 131
537012.5.peg.2281.site.6, 4, 128, 132
537012.5.peg.2281.site.7, 1, 130, 131
537012.5.peg.2281.site.8, 6, 128, 134
537012.5.peg.2282.site.1, 55, 130, 185
537012.5.peg.2282.site.2, 39, 129, 168
537012.5.peg.2282.site.3, 1, 130, 131
537012.5.peg.2282.site.4, 1, 130, 131
537012.5.peg.2282.site.5, 5, 129, 134
537012.5.peg.2282.site.6, 12, 129, 141
537012.5.peg.2282.site.7, 1, 130, 131
537012.5.peg.2282.site.8, 85, 130, 215
537012.5.peg.2282.site.9, 8, 131, 139
537012.5.peg.2282.site.10, 93, 132, 225
537012.5.peg.2282.site.11, 4, 133, 137
537012.5.peg.2282.site.12, 27, 134, 161
537012.5.peg.2282.site.13, 3, 134, 137
537012.5.peg.2282.site.14, 2, 132, 134
537012.5.peg.2282.site.15, 0, 130, 130
537012.5.peg.2282.site.16, 0, 129, 129
537012.5.peg.2282.site.17, 26, 130, 156
537012.5.peg.2282.site.18, 3, 132, 135
537012.5.peg.2282.site.19, 1, 134, 135
537012.5.peg.2282.site.20, 1, 134, 135
537012.5.peg.2282.site.21, 5, 133, 138
537012.5.peg.2282.site.22, 9, 133, 142
537012.5.peg.2282.site.23, 4, 133, 137
537012.5.peg.2282.site.24, 1, 133, 134
537012.5.peg.2282.site.25, 1, 134, 135
537012.5.peg.2282.site.26, 20, 132, 152
537012.5.peg.2282.site.27, 1, 133, 134
537012.5.peg.2282.site.28, 2, 130, 132
537012.5.peg.2282.site.29, 39, 131, 170
537012.5.peg.2282.site.30, 31, 130, 161
537012.5.peg.2282.site.31, 2, 131, 133
537012.5.peg.2282.site.32, 0, 129, 129
537012.5.peg.2282.site.33, 25, 129, 154
537012.5.peg.2282.site.34, 1, 132, 133
537012.5.peg.2282.site.35, 1, 131, 132
537012.5.peg.2282.site.36, 4, 132, 136
537012.5.peg.2282.site.37, 2, 133, 135
537012.5.peg.2282.site.38, 5, 134, 139
537012.5.peg.2282.site.39, 7, 133, 140
537012.5.peg.140.site.1, 6, 129, 135
537012.5.peg.140.site.2, 0, 129, 129
537012.5.peg.140.site.3, 2, 131, 133
537012.5.peg.140.site.4, 8, 128, 136
537012.5.peg.140.site.5, 1, 131, 132
537012.5.peg.140.site.6, 6, 130, 136
537012.5.peg.140.site.7, 6, 130, 136
537012.5.peg.140.site.8, 1, 131, 132
537012.5.peg.140.site.9, 1, 131, 132
537012.5.peg.140.site.10, 1, 130, 131
537012.5.peg.140.site.11, 7, 128, 135
537012.5.peg.140.site.12, 1, 131, 132
537012.5.peg.140.site.13, 1, 130, 131
537012.5.peg.140.site.14, 5, 132, 137
537012.5.peg.140.site.15, 10, 126, 136
537012.5.peg.140.site.16, 6, 132, 138
537012.5.peg.140.site.17, 6, 132, 138
537012.5.peg.140.site.18, 4, 131, 135
537012.5.peg.141.site.1, 90, 99, 189
537012.5.peg.141.site.2, 3, 128, 131
537012.5.peg.141.site.3, 4, 124, 128
537012.5.peg.141.site.4, 8, 125, 133
537012.5.peg.141.site.5, 31, 127, 158
537012.5.peg.141.site.6, 25, 126, 151
537012.5.peg.141.site.7, 8, 128, 136
537012.5.peg.141.site.8, 3, 126, 129
537012.5.peg.141.site.9, 2, 122, 124
537012.5.peg.141.site.10, 3, 123, 126
537012.5.peg.141.site.11, 5, 122, 127
537012.5.peg.141.site.12, 0, 123, 123
537012.5.peg.141.site.13, 2, 125, 127
537012.5.peg.141.site.14, 15, 106, 121
537012.5.peg.141.site.15, 1, 95, 96
537012.5.peg.141.site.16, 9, 100, 109
537012.5.peg.2518.site.1, 1, 129, 130
537012.5.peg.2518.site.2, 1, 129, 130
537012.5.peg.2518.site.3, 1, 129, 130
537012.5.peg.2518.site.4, 1, 127, 128
537012.5.peg.2519.site.1, 6, 127, 133
537012.5.peg.2519.site.2, 6, 128, 134
537012.5.peg.2519.site.3, 6, 129, 135
537012.5.peg.2519.site.4, 124, 127, 251
537012.5.peg.2519.site.5, 10, 82, 92
537012.5.peg.2519.site.6, 37, 92, 129
537012.5.peg.2514.site.1, 0, 127, 127
537012.5.peg.2514.site.2, 79, 127, 206
537012.5.peg.2514.site.3, 21, 125, 146
537012.5.peg.2514.site.4, 5, 125, 130
537012.5.peg.2514.site.5, 3, 128, 131
537012.5.peg.2514.site.6, 1, 128, 129
537012.5.peg.2514.site.7, 1, 128, 129
537012.5.peg.2514.site.8, 1, 128, 129
537012.5.peg.2514.site.9, 1, 127, 128
537012.5.peg.2514.site.10, 2, 123, 125
537012.5.peg.2514.site.11, 0, 122, 122
537012.5.peg.2514.site.12, 43, 120, 163
537012.5.peg.2514.site.13, 1, 121, 122
537012.5.peg.2514.site.14, 1, 126, 127
537012.5.peg.2514.site.15, 4, 126, 130
537012.5.peg.2514.site.16, 14, 126, 140
537012.5.peg.2514.site.17, 1, 123, 124
537012.5.peg.2514.site.18, 1, 122, 123
537012.5.peg.2514.site.19, 3, 117, 120
537012.5.peg.2514.site.20, 17, 126, 143
537012.5.peg.2514.site.21, 4, 125, 129
537012.5.peg.2514.site.22, 4, 126, 130
537012.5.peg.2514.site.23, 6, 128, 134
537012.5.peg.2514.site.24, 2, 128, 130
537012.5.peg.2514.site.25, 3, 129, 132
537012.5.peg.2514.site.26, 1, 128, 129
537012.5.peg.2514.site.27, 0, 126, 126
537012.5.peg.2514.site.28, 1, 127, 128
537012.5.peg.2514.site.29, 4, 126, 130
537012.5.peg.2514.site.30, 6, 128, 134
537012.5.peg.2514.site.31, 7, 131, 138
537012.5.peg.2514.site.32, 5, 126, 131
537012.5.peg.2514.site.33, 44, 126, 170
537012.5.peg.2514.site.34, 1, 127, 128
537012.5.peg.2515.site.1, 6, 132, 138
537012.5.peg.2515.site.2, 1, 133, 134
537012.5.peg.2515.site.3, 4, 132, 136
537012.5.peg.2515.site.4, 1, 134, 135
537012.5.peg.2515.site.5, 3, 134, 137
537012.5.peg.2515.site.6, 6, 130, 136
537012.5.peg.2515.site.7, 8, 128, 136
537012.5.peg.2515.site.8, 2, 129, 131
537012.5.peg.2515.site.9, 27, 126, 153
537012.5.peg.2515.site.10, 2, 128, 130
537012.5.peg.2515.site.11, 5, 128, 133
537012.5.peg.2515.site.12, 6, 126, 132
537012.5.peg.2515.site.13, 1, 128, 129
537012.5.peg.2515.site.14, 1, 127, 128
537012.5.peg.2515.site.15, 1, 127, 128
537012.5.peg.2515.site.16, 0, 128, 128
537012.5.peg.2515.site.17, 2, 128, 130
537012.5.peg.2515.site.18, 2, 128, 130
537012.5.peg.2515.site.19, 4, 127, 131
537012.5.peg.2515.site.20, 6, 127, 133
537012.5.peg.2515.site.21, 1, 129, 130
537012.5.peg.2515.site.22, 8, 128, 136
537012.5.peg.2515.site.23, 1, 128, 129
537012.5.peg.2515.site.24, 1, 128, 129
537012.5.peg.2515.site.25, 1, 129, 130
537012.5.peg.2515.site.26, 17, 129, 146
537012.5.peg.2515.site.27, 1, 129, 130
537012.5.peg.2515.site.28, 5, 129, 134
537012.5.peg.2515.site.29, 21, 129, 150
537012.5.peg.2515.site.30, 3, 126, 129
537012.5.peg.2515.site.31, 1, 124, 125
537012.5.peg.2515.site.32, 11, 123, 134
537012.5.peg.2515.site.33, 1, 123, 124
537012.5.peg.2515.site.34, 7, 126, 133
537012.5.peg.2515.site.35, 1, 123, 124
537012.5.peg.2515.site.36, 4, 126, 130
537012.5.peg.2516.site.1, 5, 133, 138
537012.5.peg.2516.site.2, 1, 134, 135
537012.5.peg.2516.site.3, 1, 134, 135
537012.5.peg.2516.site.4, 4, 134, 138
537012.5.peg.2516.site.5, 12, 131, 143
537012.5.peg.2516.site.6, 44, 133, 177
537012.5.peg.2516.site.7, 5, 126, 131
537012.5.peg.2516.site.8, 5, 126, 131
537012.5.peg.2516.site.9, 6, 127, 133
537012.5.peg.2516.site.10, 1, 127, 128
537012.5.peg.2516.site.11, 124, 125, 249
537012.5.peg.2516.site.12, 27, 126, 153
537012.5.peg.2516.site.13, 17, 127, 144
537012.5.peg.2516.site.14, 1, 129, 130
537012.5.peg.2516.site.15, 30, 128, 158
537012.5.peg.2516.site.16, 0, 130, 130
537012.5.peg.2516.site.17, 1, 130, 131
537012.5.peg.2516.site.18, 1, 125, 126
537012.5.peg.2516.site.19, 29, 128, 157
537012.5.peg.2516.site.20, 1, 125, 126
537012.5.peg.2516.site.21, 62, 121, 183
537012.5.peg.2516.site.22, 59, 126, 185
537012.5.peg.2516.site.23, 63, 125, 188
537012.5.peg.2516.site.24, 61, 129, 190
537012.5.peg.2516.site.25, 0, 126, 126
537012.5.peg.2517.site.1, 40, 125, 165
537012.5.peg.2517.site.2, 14, 126, 140
537012.5.peg.2517.site.3, 4, 127, 131
537012.5.peg.2517.site.4, 4, 131, 135
537012.5.peg.2517.site.5, 4, 131, 135
537012.5.peg.2517.site.6, 1, 131, 132
537012.5.peg.2517.site.7, 6, 130, 136
537012.5.peg.2517.site.8, 14, 129, 143
537012.5.peg.2517.site.9, 0, 129, 129
537012.5.peg.2517.site.10, 1, 128, 129
537012.5.peg.2517.site.11, 1, 131, 132
537012.5.peg.2517.site.12, 0, 130, 130
537012.5.peg.2517.site.13, 1, 130, 131
537012.5.peg.2517.site.14, 18, 128, 146
537012.5.peg.2517.site.15, 4, 129, 133
537012.5.peg.2517.site.16, 27, 131, 158
537012.5.peg.2517.site.17, 6, 134, 140
537012.5.peg.2517.site.18, 2, 134, 136
537012.5.peg.2517.site.19, 21, 131, 152
537012.5.peg.2046.site.1, 5, 127, 132
537012.5.peg.2046.site.2, 28, 130, 158
537012.5.peg.2046.site.3, 1, 131, 132
537012.5.peg.2046.site.4, 5, 132, 137
537012.5.peg.2046.site.5, 2, 132, 134
537012.5.peg.2046.site.6, 0, 132, 132
537012.5.peg.2046.site.7, 6, 133, 139
537012.5.peg.2046.site.8, 41, 131, 172
537012.5.peg.2046.site.9, 3, 133, 136
537012.5.peg.2046.site.10, 1, 133, 134
537012.5.peg.2046.site.11, 2, 133, 135
537012.5.peg.2046.site.12, 34, 132, 166
537012.5.peg.2046.site.13, 1, 133, 134
537012.5.peg.2046.site.14, 3, 133, 136
537012.5.peg.2047.site.1, 6, 133, 139
537012.5.peg.2047.site.2, 19, 133, 152
537012.5.peg.2047.site.3, 5, 133, 138
537012.5.peg.2047.site.4, 48, 132, 180
537012.5.peg.2047.site.5, 1, 133, 134
537012.5.peg.2047.site.6, 40, 132, 172
537012.5.peg.2047.site.7, 7, 133, 140
537012.5.peg.2047.site.8, 4, 132, 136
537012.5.peg.2047.site.9, 0, 132, 132
537012.5.peg.2047.site.10, 2, 133, 135
537012.5.peg.2047.site.11, 4, 132, 136
537012.5.peg.2047.site.12, 120, 132, 252
537012.5.peg.2047.site.13, 2, 133, 135
537012.5.peg.2047.site.14, 6, 132, 138
537012.5.peg.2047.site.15, 52, 132, 184
537012.5.peg.2047.site.16, 16, 131, 147
537012.5.peg.2047.site.17, 49, 132, 181
537012.5.peg.2047.site.18, 6, 133, 139
537012.5.peg.2047.site.19, 0, 133, 133
537012.5.peg.2047.site.20, 131, 133, 264
537012.5.peg.2047.site.21, 9, 133, 142
537012.5.peg.2047.site.22, 62, 131, 193
537012.5.peg.2047.site.23, 1, 132, 133
537012.5.peg.2047.site.24, 69, 130, 199
537012.5.peg.2047.site.25, 6, 132, 138
537012.5.peg.2047.site.26, 9, 127, 136
537012.5.peg.2047.site.27, 3, 131, 134
537012.5.peg.2047.site.28, 3, 132, 135
537012.5.peg.2047.site.29, 1, 132, 133
537012.5.peg.2047.site.30, 5, 129, 134
537012.5.peg.2047.site.31, 2, 131, 133
537012.5.peg.2047.site.32, 29, 131, 160
537012.5.peg.2047.site.33, 5, 132, 137
537012.5.peg.2047.site.34, 3, 133, 136
537012.5.peg.2047.site.35, 1, 133, 134
537012.5.peg.2047.site.36, 0, 133, 133
537012.5.peg.2047.site.37, 5, 132, 137
537012.5.peg.2047.site.38, 8, 133, 141
537012.5.peg.2047.site.39, 4, 133, 137
537012.5.peg.2047.site.40, 38, 133, 171
537012.5.peg.2047.site.41, 4, 131, 135
537012.5.peg.2047.site.42, 37, 130, 167
537012.5.peg.2047.site.43, 15, 133, 148
537012.5.peg.2047.site.44, 9, 132, 141
537012.5.peg.2047.site.45, 1, 132, 133
537012.5.peg.2047.site.46, 5, 132, 137
537012.5.peg.2047.site.47, 5, 133, 138
537012.5.peg.2047.site.48, 13, 133, 146
537012.5.peg.2047.site.49, 5, 133, 138
537012.5.peg.2047.site.50, 5, 133, 138
537012.5.peg.2047.site.51, 71, 131, 202
537012.5.peg.2047.site.52, 6, 133, 139
537012.5.peg.2047.site.53, 17, 133, 150
537012.5.peg.2047.site.54, 0, 133, 133
537012.5.peg.2047.site.55, 13, 130, 143
537012.5.peg.2047.site.56, 3, 130, 133
537012.5.peg.2047.site.57, 6, 131, 137
537012.5.peg.2047.site.58, 9, 133, 142
537012.5.peg.2512.site.1, 3, 133, 136
537012.5.peg.2512.site.2, 29, 133, 162
537012.5.peg.2512.site.3, 3, 134, 137
537012.5.peg.2512.site.4, 132, 133, 265
537012.5.peg.2512.site.5, 7, 129, 136
537012.5.peg.2512.site.6, 7, 126, 133
537012.5.peg.2512.site.7, 2, 126, 128
537012.5.peg.2512.site.8, 0, 128, 128
537012.5.peg.2512.site.9, 9, 127, 136
537012.5.peg.2512.site.10, 3, 128, 131
537012.5.peg.2512.site.11, 33, 126, 159
537012.5.peg.2512.site.12, 15, 129, 144
537012.5.peg.2512.site.13, 20, 130, 150
537012.5.peg.2512.site.14, 1, 133, 134
537012.5.peg.2512.site.15, 0, 134, 134
537012.5.peg.2512.site.16, 3, 130, 133
537012.5.peg.2512.site.17, 1, 129, 130
537012.5.peg.2512.site.18, 2, 131, 133
537012.5.peg.2512.site.19, 2, 129, 131
537012.5.peg.2512.site.20, 1, 132, 133
537012.5.peg.2512.site.21, 44, 132, 176
537012.5.peg.2512.site.22, 4, 131, 135
537012.5.peg.2512.site.23, 1, 134, 135
537012.5.peg.2512.site.24, 5, 132, 137
537012.5.peg.2512.site.25, 7, 130, 137
537012.5.peg.2512.site.26, 15, 129, 144
537012.5.peg.2512.site.27, 5, 128, 133
537012.5.peg.2512.site.28, 6, 133, 139
537012.5.peg.2512.site.29, 9, 131, 140
537012.5.peg.2512.site.30, 5, 131, 136
537012.5.peg.2512.site.31, 5, 131, 136
537012.5.peg.2512.site.32, 5, 132, 137
537012.5.peg.2512.site.33, 1, 133, 134
537012.5.peg.2513.site.1, 110, 124, 234
537012.5.peg.2513.site.2, 2, 127, 129
537012.5.peg.2513.site.3, 7, 126, 133
537012.5.peg.2513.site.4, 5, 125, 130
537012.5.peg.2513.site.5, 1, 126, 127
537012.5.peg.2513.site.6, 5, 127, 132
537012.5.peg.2513.site.7, 73, 125, 198
537012.5.peg.2513.site.8, 3, 125, 128
537012.5.peg.2513.site.9, 4, 125, 129
537012.5.peg.2513.site.10, 11, 127, 138
537012.5.peg.2513.site.11, 2, 127, 129
537012.5.peg.2513.site.12, 5, 126, 131
537012.5.peg.2513.site.13, 127, 128, 255
537012.5.peg.2513.site.14, 0, 126, 126
537012.5.peg.2513.site.15, 1, 122, 123
537012.5.peg.2513.site.16, 0, 122, 122
537012.5.peg.2513.site.17, 0, 122, 122
537012.5.peg.2513.site.18, 1, 123, 124
537012.5.peg.2513.site.19, 7, 124, 131
537012.5.peg.2513.site.20, 1, 128, 129
537012.5.peg.2513.site.21, 4, 122, 126
537012.5.peg.2513.site.22, 27, 127, 154
537012.5.peg.2513.site.23, 0, 123, 123
537012.5.peg.2513.site.24, 85, 122, 207
537012.5.peg.2513.site.25, 117, 122, 239
537012.5.peg.3248.site.1, 2, 134, 136
537012.5.peg.3248.site.2, 0, 133, 133
537012.5.peg.3248.site.3, 1, 133, 134
537012.5.peg.3248.site.4, 8, 130, 138
537012.5.peg.3248.site.5, 130, 132, 262
537012.5.peg.3248.site.6, 5, 133, 138
537012.5.peg.3248.site.7, 2, 133, 135
537012.5.peg.3248.site.8, 45, 134, 179
537012.5.peg.3248.site.9, 4, 132, 136
537012.5.peg.3248.site.10, 2, 133, 135
537012.5.peg.3248.site.11, 5, 134, 139
537012.5.peg.3248.site.12, 4, 132, 136
537012.5.peg.3248.site.13, 1, 131, 132
537012.5.peg.3248.site.14, 1, 121, 122
537012.5.peg.3248.site.15, 4, 129, 133
537012.5.peg.3248.site.16, 3, 132, 135
537012.5.peg.3248.site.17, 2, 133, 135
537012.5.peg.3248.site.18, 5, 133, 138
537012.5.peg.3248.site.19, 16, 132, 148
537012.5.peg.3248.site.20, 3, 134, 137
537012.5.peg.3248.site.21, 2, 134, 136
537012.5.peg.3248.site.22, 8, 134, 142
537012.5.peg.3248.site.23, 7, 134, 141
537012.5.peg.3248.site.24, 4, 132, 136
537012.5.peg.3248.site.25, 5, 133, 138
537012.5.peg.3248.site.26, 2, 134, 136
537012.5.peg.3248.site.27, 6, 134, 140
537012.5.peg.3248.site.28, 6, 134, 140
537012.5.peg.3248.site.29, 1, 134, 135
537012.5.peg.3248.site.30, 14, 133, 147
537012.5.peg.3248.site.31, 4, 132, 136
537012.5.peg.3248.site.32, 42, 133, 175
537012.5.peg.3248.site.33, 1, 134, 135
537012.5.peg.780.site.1, 16, 126, 142
537012.5.peg.780.site.2, 5, 133, 138
537012.5.peg.780.site.3, 1, 134, 135
537012.5.peg.780.site.4, 4, 131, 135
537012.5.peg.780.site.5, 41, 133, 174
537012.5.peg.780.site.6, 23, 132, 155
537012.5.peg.780.site.7, 0, 134, 134
537012.5.peg.780.site.8, 2, 133, 135
537012.5.peg.780.site.9, 23, 133, 156
537012.5.peg.780.site.10, 5, 133, 138
537012.5.peg.780.site.11, 2, 134, 136
537012.5.peg.780.site.12, 14, 124, 138
537012.5.peg.780.site.13, 1, 125, 126
537012.5.peg.780.site.14, 2, 122, 124
537012.5.peg.780.site.15, 10, 111, 121
537012.5.peg.780.site.16, 2, 109, 111
537012.5.peg.780.site.17, 13, 120, 133
537012.5.peg.780.site.18, 8, 127, 135
537012.5.peg.780.site.19, 21, 131, 152
537012.5.peg.780.site.20, 4, 132, 136
537012.5.peg.780.site.21, 27, 134, 161
537012.5.peg.780.site.22, 63, 129, 192
537012.5.peg.780.site.23, 36, 131, 167
537012.5.peg.780.site.24, 82, 131, 213
537012.5.peg.780.site.25, 2, 133, 135
537012.5.peg.780.site.26, 1, 133, 134
537012.5.peg.780.site.27, 7, 134, 141
537012.5.peg.780.site.28, 17, 133, 150
537012.5.peg.780.site.29, 4, 132, 136
537012.5.peg.780.site.30, 32, 134, 166
537012.5.peg.780.site.31, 6, 134, 140
537012.5.peg.780.site.32, 4, 133, 137
537012.5.peg.780.site.33, 4, 133, 137
537012.5.peg.780.site.34, 4, 134, 138
537012.5.peg.780.site.35, 5, 133, 138
537012.5.peg.780.site.36, 0, 134, 134
537012.5.peg.780.site.37, 4, 131, 135
537012.5.peg.780.site.38, 0, 134, 134
537012.5.peg.780.site.39, 4, 132, 136
537012.5.peg.780.site.40, 1, 134, 135
537012.5.peg.780.site.41, 4, 134, 138
537012.5.peg.780.site.42, 0, 131, 131
537012.5.peg.781.site.1, 3, 131, 134
537012.5.peg.781.site.2, 1, 134, 135
537012.5.peg.781.site.3, 1, 133, 134
537012.5.peg.781.site.4, 9, 132, 141
537012.5.peg.781.site.5, 4, 134, 138
537012.5.peg.781.site.6, 74, 133, 207
537012.5.peg.781.site.7, 0, 133, 133
537012.5.peg.781.site.8, 4, 134, 138
537012.5.peg.781.site.9, 6, 132, 138
537012.5.peg.781.site.10, 5, 133, 138
537012.5.peg.781.site.11, 89, 131, 220
537012.5.peg.781.site.12, 79, 131, 210
537012.5.peg.781.site.13, 2, 133, 135
537012.5.peg.781.site.14, 3, 133, 136
537012.5.peg.781.site.15, 18, 133, 151
537012.5.peg.781.site.16, 19, 125, 144
537012.5.peg.781.site.17, 26, 121, 147
537012.5.peg.781.site.18, 3, 125, 128
537012.5.peg.781.site.19, 4, 127, 131
537012.5.peg.781.site.20, 0, 129, 129
537012.5.peg.781.site.21, 2, 127, 129
537012.5.peg.781.site.22, 1, 134, 135
537012.5.peg.781.site.23, 0, 134, 134
537012.5.peg.781.site.24, 5, 133, 138
537012.5.peg.781.site.25, 11, 133, 144
537012.5.peg.781.site.26, 16, 130, 146
537012.5.peg.781.site.27, 2, 130, 132
537012.5.peg.781.site.28, 2, 122, 124
537012.5.peg.781.site.29, 1, 120, 121
537012.5.peg.781.site.30, 1, 115, 116
537012.5.peg.781.site.31, 1, 113, 114
537012.5.peg.782.site.1, 0, 130, 130
537012.5.peg.782.site.2, 5, 129, 134
537012.5.peg.782.site.3, 3, 130, 133
537012.5.peg.782.site.4, 4, 130, 134
537012.5.peg.782.site.5, 28, 132, 160
537012.5.peg.782.site.6, 28, 132, 160
537012.5.peg.782.site.7, 1, 132, 133
537012.5.peg.782.site.8, 26, 129, 155
537012.5.peg.782.site.9, 17, 132, 149
537012.5.peg.782.site.10, 0, 131, 131
537012.5.peg.782.site.11, 74, 131, 205
537012.5.peg.782.site.12, 3, 130, 133
537012.5.peg.782.site.13, 0, 131, 131
537012.5.peg.782.site.14, 14, 132, 146
537012.5.peg.782.site.15, 7, 133, 140
537012.5.peg.782.site.16, 17, 133, 150
537012.5.peg.782.site.17, 11, 134, 145
537012.5.peg.782.site.18, 28, 133, 161
537012.5.peg.782.site.19, 16, 134, 150
537012.5.peg.782.site.20, 7, 134, 141
537012.5.peg.782.site.21, 4, 134, 138
537012.5.peg.782.site.22, 12, 134, 146
537012.5.peg.782.site.23, 12, 134, 146
537012.5.peg.782.site.24, 29, 134, 163
537012.5.peg.782.site.25, 1, 133, 134
537012.5.peg.782.site.26, 22, 131, 153
537012.5.peg.782.site.27, 1, 134, 135
537012.5.peg.782.site.28, 12, 134, 146
537012.5.peg.782.site.29, 5, 133, 138
537012.5.peg.782.site.30, 26, 134, 160
537012.5.peg.782.site.31, 0, 133, 133
537012.5.peg.782.site.32, 0, 133, 133
537012.5.peg.782.site.33, 1, 134, 135
537012.5.peg.782.site.34, 14, 133, 147
537012.5.peg.782.site.35, 2, 130, 132
537012.5.peg.782.site.36, 2, 130, 132
537012.5.peg.782.site.37, 50, 130, 180
537012.5.peg.782.site.38, 1, 133, 134
537012.5.peg.782.site.39, 6, 130, 136
537012.5.peg.782.site.40, 4, 132, 136
537012.5.peg.782.site.41, 12, 133, 145
537012.5.peg.782.site.42, 4, 134, 138
537012.5.peg.782.site.43, 72, 133, 205
537012.5.peg.782.site.44, 4, 132, 136
537012.5.peg.782.site.45, 27, 134, 161
537012.5.peg.782.site.46, 14, 132, 146
537012.5.peg.782.site.47, 2, 134, 136
537012.5.peg.782.site.48, 7, 134, 141
537012.5.peg.782.site.49, 12, 133, 145
537012.5.peg.782.site.50, 2, 133, 135
537012.5.peg.782.site.51, 24, 132, 156
537012.5.peg.782.site.52, 104, 131, 235
537012.5.peg.782.site.53, 3, 133, 136
537012.5.peg.782.site.54, 33, 133, 166
537012.5.peg.782.site.55, 9, 132, 141
537012.5.peg.782.site.56, 4, 132, 136
537012.5.peg.782.site.57, 5, 130, 135
537012.5.peg.782.site.58, 3, 134, 137
537012.5.peg.782.site.59, 4, 132, 136
537012.5.peg.782.site.60, 6, 132, 138
537012.5.peg.782.site.61, 2, 133, 135
537012.5.peg.782.site.62, 49, 130, 179
537012.5.peg.782.site.63, 0, 133, 133
537012.5.peg.782.site.64, 1, 132, 133
537012.5.peg.3247.site.1, 1, 134, 135
537012.5.peg.3247.site.2, 4, 130, 134
537012.5.peg.3247.site.3, 1, 130, 131
537012.5.peg.3247.site.4, 1, 130, 131
537012.5.peg.3247.site.5, 29, 132, 161
537012.5.peg.3247.site.6, 3, 131, 134
537012.5.peg.3247.site.7, 43, 131, 174
537012.5.peg.3247.site.8, 6, 132, 138
537012.5.peg.3247.site.9, 5, 129, 134
537012.5.peg.3247.site.10, 1, 130, 131
537012.5.peg.3247.site.11, 6, 133, 139
537012.5.peg.3247.site.12, 126, 132, 258
537012.5.peg.3247.site.13, 4, 131, 135
537012.5.peg.3247.site.14, 72, 133, 205
537012.5.peg.3247.site.15, 3, 134, 137
537012.5.peg.3247.site.16, 4, 132, 136
537012.5.peg.3247.site.17, 14, 131, 145
537012.5.peg.3247.site.18, 5, 133, 138
537012.5.peg.3247.site.19, 12, 133, 145
537012.5.peg.3247.site.20, 2, 132, 134
537012.5.peg.3247.site.21, 4, 132, 136
537012.5.peg.3247.site.22, 11, 131, 142
537012.5.peg.3247.site.23, 3, 130, 133
537012.5.peg.3247.site.24, 2, 132, 134
537012.5.peg.3247.site.25, 1, 131, 132
537012.5.peg.3247.site.26, 3, 131, 134
537012.5.peg.3247.site.27, 4, 128, 132
537012.5.peg.3247.site.28, 0, 126, 126
537012.5.peg.3247.site.29, 1, 130, 131
537012.5.peg.3247.site.30, 3, 130, 133
537012.5.peg.3247.site.31, 1, 130, 131
537012.5.peg.3247.site.32, 3, 127, 130
537012.5.peg.3247.site.33, 0, 129, 129
537012.5.peg.3246.site.1, 0, 134, 134
537012.5.peg.3245.site.1, 4, 132, 136
537012.5.peg.3245.site.2, 4, 132, 136
537012.5.peg.3245.site.3, 5, 132, 137
537012.5.peg.3245.site.4, 1, 132, 133
537012.5.peg.3245.site.5, 1, 132, 133
537012.5.peg.3245.site.6, 5, 131, 136
537012.5.peg.3245.site.7, 5, 131, 136
537012.5.peg.3245.site.8, 0, 132, 132
537012.5.peg.3245.site.9, 26, 132, 158
537012.5.peg.3245.site.10, 8, 134, 142
537012.5.peg.3245.site.11, 6, 132, 138
537012.5.peg.3245.site.12, 4, 132, 136
537012.5.peg.3245.site.13, 2, 131, 133
537012.5.peg.3245.site.14, 1, 129, 130
537012.5.peg.3245.site.15, 1, 130, 131
537012.5.peg.3245.site.16, 0, 130, 130
537012.5.peg.3245.site.17, 3, 127, 130
537012.5.peg.3245.site.18, 0, 128, 128
537012.5.peg.3245.site.19, 12, 129, 141
537012.5.peg.3245.site.20, 1, 134, 135
537012.5.peg.3245.site.21, 1, 134, 135
537012.5.peg.3245.site.22, 88, 133, 221
537012.5.peg.3245.site.23, 4, 132, 136
537012.5.peg.3245.site.24, 7, 134, 141
537012.5.peg.3245.site.25, 1, 134, 135
537012.5.peg.3245.site.26, 5, 132, 137
537012.5.peg.3245.site.27, 3, 134, 137
537012.5.peg.3245.site.28, 4, 132, 136
537012.5.peg.3245.site.29, 4, 132, 136
537012.5.peg.3245.site.30, 0, 134, 134
537012.5.peg.3245.site.31, 56, 133, 189
537012.5.peg.3245.site.32, 4, 132, 136
537012.5.peg.3245.site.33, 4, 131, 135
537012.5.peg.3245.site.34, 4, 131, 135
537012.5.peg.3245.site.35, 3, 133, 136
537012.5.peg.3245.site.36, 2, 134, 136
537012.5.peg.3245.site.37, 4, 134, 138
537012.5.peg.3245.site.38, 15, 133, 148
537012.5.peg.3245.site.39, 1, 134, 135
537012.5.peg.3245.site.40, 1, 134, 135
537012.5.peg.3245.site.41, 2, 134, 136
537012.5.peg.3245.site.42, 6, 134, 140
537012.5.peg.3245.site.43, 0, 132, 132
537012.5.peg.3245.site.44, 62, 133, 195
537012.5.peg.3245.site.45, 4, 132, 136
537012.5.peg.3245.site.46, 2, 134, 136
537012.5.peg.3245.site.47, 2, 134, 136
537012.5.peg.3245.site.48, 7, 134, 141
537012.5.peg.3245.site.49, 4, 131, 135
537012.5.peg.3245.site.50, 10, 132, 142
537012.5.peg.3245.site.51, 4, 132, 136
537012.5.peg.3245.site.52, 3, 134, 137
537012.5.peg.3245.site.53, 57, 132, 189
537012.5.peg.3245.site.54, 0, 134, 134
537012.5.peg.3245.site.55, 11, 132, 143
537012.5.peg.3245.site.56, 10, 132, 142
537012.5.peg.3245.site.57, 68, 129, 197
537012.5.peg.3245.site.58, 2, 131, 133
537012.5.peg.3245.site.59, 2, 131, 133
537012.5.peg.3245.site.60, 46, 130, 176
537012.5.peg.3245.site.61, 0, 129, 129
537012.5.peg.3245.site.62, 6, 129, 135
537012.5.peg.3245.site.63, 1, 130, 131
537012.5.peg.3245.site.64, 1, 129, 130
537012.5.peg.3245.site.65, 2, 130, 132
537012.5.peg.3245.site.66, 7, 129, 136
537012.5.peg.3245.site.67, 5, 128, 133
537012.5.peg.3245.site.68, 9, 128, 137
537012.5.peg.3245.site.69, 8, 128, 136
537012.5.peg.3245.site.70, 1, 129, 130
537012.5.peg.3245.site.71, 1, 130, 131
537012.5.peg.3245.site.72, 5, 132, 137
537012.5.peg.3245.site.73, 17, 134, 151
537012.5.peg.3244.site.1, 0, 131, 131
537012.5.peg.3244.site.2, 3, 128, 131
537012.5.peg.3244.site.3, 6, 129, 135
537012.5.peg.3244.site.4, 4, 130, 134
537012.5.peg.3244.site.5, 5, 129, 134
537012.5.peg.3244.site.6, 25, 129, 154
537012.5.peg.3244.site.7, 3, 128, 131
537012.5.peg.3244.site.8, 106, 130, 236
537012.5.peg.3244.site.9, 6, 130, 136
537012.5.peg.3244.site.10, 2, 132, 134
537012.5.peg.3244.site.11, 1, 131, 132
537012.5.peg.3244.site.12, 51, 132, 183
537012.5.peg.3244.site.13, 3, 132, 135
537012.5.peg.3244.site.14, 28, 133, 161
537012.5.peg.3244.site.15, 1, 131, 132
537012.5.peg.3244.site.16, 3, 129, 132
537012.5.peg.3244.site.17, 0, 129, 129
537012.5.peg.3244.site.18, 9, 129, 138
537012.5.peg.3244.site.19, 4, 131, 135
537012.5.peg.3244.site.20, 0, 132, 132
537012.5.peg.3244.site.21, 2, 134, 136
537012.5.peg.3244.site.22, 9, 134, 143
537012.5.peg.3244.site.23, 0, 128, 128
537012.5.peg.3244.site.24, 52, 132, 184
537012.5.peg.3244.site.25, 26, 133, 159
537012.5.peg.3244.site.26, 2, 130, 132
537012.5.peg.3244.site.27, 2, 131, 133
537012.5.peg.3244.site.28, 8, 130, 138
537012.5.peg.3244.site.29, 3, 131, 134
537012.5.peg.3244.site.30, 1, 133, 134
537012.5.peg.3244.site.31, 10, 131, 141
537012.5.peg.3244.site.32, 2, 133, 135
537012.5.peg.3244.site.33, 11, 132, 143
537012.5.peg.3244.site.34, 4, 132, 136
537012.5.peg.3244.site.35, 6, 134, 140
537012.5.peg.3244.site.36, 8, 134, 142
537012.5.peg.3244.site.37, 5, 127, 132
537012.5.peg.3244.site.38, 7, 119, 126
537012.5.peg.3244.site.39, 72, 121, 193
537012.5.peg.3244.site.40, 18, 122, 140
537012.5.peg.3244.site.41, 18, 122, 140
537012.5.peg.3244.site.42, 1, 124, 125
537012.5.peg.3244.site.43, 16, 125, 141
537012.5.peg.3244.site.44, 15, 129, 144
537012.5.peg.3244.site.45, 6, 132, 138
537012.5.peg.3244.site.46, 4, 130, 134
537012.5.peg.3244.site.47, 0, 131, 131
537012.5.peg.3244.site.48, 1, 130, 131
537012.5.peg.3795.site.1, 71, 81, 152
537012.5.peg.3795.site.2, 102, 111, 213
537012.5.peg.3795.site.3, 2, 130, 132
537012.5.peg.3795.site.4, 1, 130, 131
537012.5.peg.3795.site.5, 74, 115, 189
537012.5.peg.3795.site.6, 20, 126, 146
537012.5.peg.3795.site.7, 25, 126, 151
537012.5.peg.3795.site.8, 125, 127, 252
537012.5.peg.3795.site.9, 3, 127, 130
537012.5.peg.3795.site.10, 30, 127, 157
537012.5.peg.3795.site.11, 1, 129, 130
537012.5.peg.3795.site.12, 74, 115, 189
537012.5.peg.3795.site.13, 30, 113, 143
537012.5.peg.3795.site.14, 13, 98, 111
537012.5.peg.3795.site.15, 12, 93, 105
537012.5.peg.3795.site.16, 6, 91, 97
537012.5.peg.3795.site.17, 12, 95, 107
537012.5.peg.2600.site.1, 7, 129, 136
537012.5.peg.2600.site.2, 9, 132, 141
537012.5.peg.2600.site.3, 9, 133, 142
537012.5.peg.2600.site.4, 4, 131, 135
537012.5.peg.2600.site.5, 0, 133, 133
537012.5.peg.2600.site.6, 11, 133, 144
537012.5.peg.2600.site.7, 28, 132, 160
537012.5.peg.2600.site.8, 4, 131, 135
537012.5.peg.2600.site.9, 5, 133, 138
537012.5.peg.2600.site.10, 123, 132, 255
537012.5.peg.2600.site.11, 2, 133, 135
537012.5.peg.2600.site.12, 42, 131, 173
537012.5.peg.2600.site.13, 7, 133, 140
537012.5.peg.2600.site.14, 84, 129, 213
537012.5.peg.2600.site.15, 84, 129, 213
537012.5.peg.2600.site.16, 60, 129, 189
537012.5.peg.2600.site.17, 31, 133, 164
537012.5.peg.2600.site.18, 3, 131, 134
537012.5.peg.2600.site.19, 3, 131, 134
537012.5.peg.2600.site.20, 9, 130, 139
537012.5.peg.2600.site.21, 3, 130, 133
537012.5.peg.2600.site.22, 4, 131, 135
537012.5.peg.2600.site.23, 4, 131, 135
537012.5.peg.2600.site.24, 11, 133, 144
537012.5.peg.2600.site.25, 2, 133, 135
537012.5.peg.2600.site.26, 1, 133, 134
537012.5.peg.2600.site.27, 32, 133, 165
537012.5.peg.2600.site.28, 17, 133, 150
537012.5.peg.2600.site.29, 3, 133, 136
537012.5.peg.2600.site.30, 14, 133, 147
537012.5.peg.2600.site.31, 4, 133, 137
537012.5.peg.2600.site.32, 3, 133, 136
537012.5.peg.2600.site.33, 0, 133, 133
537012.5.peg.2600.site.34, 13, 131, 144
537012.5.peg.2600.site.35, 4, 133, 137
537012.5.peg.2600.site.36, 1, 133, 134
537012.5.peg.2600.site.37, 4, 133, 137
537012.5.peg.2600.site.38, 2, 133, 135
537012.5.peg.2600.site.39, 5, 131, 136
537012.5.peg.2601.site.1, 4, 129, 133
537012.5.peg.2601.site.2, 130, 131, 261
537012.5.peg.2601.site.3, 0, 128, 128
537012.5.peg.2601.site.4, 9, 128, 137
537012.5.peg.2601.site.5, 17, 129, 146
537012.5.peg.2601.site.6, 0, 128, 128
537012.5.peg.2601.site.7, 9, 127, 136
537012.5.peg.2601.site.8, 6, 128, 134
537012.5.peg.2601.site.9, 3, 127, 130
537012.5.peg.2601.site.10, 30, 128, 158
537012.5.peg.2601.site.11, 14, 127, 141
537012.5.peg.2601.site.12, 34, 129, 163
537012.5.peg.2601.site.13, 6, 129, 135
537012.5.peg.2601.site.14, 41, 129, 170
537012.5.peg.2601.site.15, 4, 129, 133
537012.5.peg.2601.site.16, 1, 129, 130
537012.5.peg.2601.site.17, 93, 127, 220
537012.5.peg.2601.site.18, 11, 128, 139
537012.5.peg.2601.site.19, 11, 129, 140
537012.5.peg.2601.site.20, 11, 128, 139
537012.5.peg.2601.site.21, 0, 128, 128
537012.5.peg.2601.site.22, 6, 127, 133
537012.5.peg.2601.site.23, 1, 127, 128
537012.5.peg.2601.site.24, 18, 128, 146
537012.5.peg.2601.site.25, 2, 129, 131
537012.5.peg.2601.site.26, 1, 131, 132
537012.5.peg.2601.site.27, 4, 130, 134
537012.5.peg.2601.site.28, 2, 133, 135
537012.5.peg.2601.site.29, 3, 133, 136
537012.5.peg.2602.site.1, 10, 133, 143
537012.5.peg.2602.site.2, 8, 133, 141
537012.5.peg.2602.site.3, 3, 132, 135
537012.5.peg.2602.site.4, 3, 133, 136
537012.5.peg.2602.site.5, 2, 133, 135
537012.5.peg.2602.site.6, 11, 133, 144
537012.5.peg.2602.site.7, 5, 132, 137
537012.5.peg.2602.site.8, 92, 130, 222
537012.5.peg.2602.site.9, 17, 130, 147
537012.5.peg.2602.site.10, 1, 129, 130
537012.5.peg.2602.site.11, 127, 128, 255
537012.5.peg.2602.site.12, 1, 128, 129
537012.5.peg.2602.site.13, 2, 129, 131
537012.5.peg.2602.site.14, 2, 130, 132
537012.5.peg.2602.site.15, 0, 128, 128
537012.5.peg.2602.site.16, 7, 128, 135
537012.5.peg.2602.site.17, 6, 130, 136
537012.5.peg.2602.site.18, 2, 129, 131
537012.5.peg.2602.site.19, 6, 131, 137
537012.5.peg.2602.site.20, 24, 127, 151
537012.5.peg.2602.site.21, 5, 129, 134
537012.5.peg.2602.site.22, 9, 129, 138
537012.5.peg.2602.site.23, 3, 128, 131
537012.5.peg.2602.site.24, 2, 127, 129
537012.5.peg.2602.site.25, 11, 128, 139
537012.5.peg.2602.site.26, 2, 129, 131
537012.5.peg.2602.site.27, 1, 128, 129
537012.5.peg.2602.site.28, 1, 129, 130
537012.5.peg.2602.site.29, 1, 128, 129
537012.5.peg.2602.site.30, 1, 129, 130
537012.5.peg.2602.site.31, 5, 128, 133
537012.5.peg.2602.site.32, 6, 127, 133
537012.5.peg.2602.site.33, 19, 128, 147
537012.5.peg.2602.site.34, 19, 128, 147
537012.5.peg.2602.site.35, 6, 127, 133
537012.5.peg.2602.site.36, 6, 128, 134
537012.5.peg.2602.site.37, 1, 129, 130
537012.5.peg.2602.site.38, 3, 131, 134
537012.5.peg.2602.site.39, 130, 131, 261
537012.5.peg.2602.site.40, 4, 131, 135
537012.5.peg.2602.site.41, 4, 130, 134
537012.5.peg.2602.site.42, 4, 131, 135
537012.5.peg.2602.site.43, 56, 125, 181
537012.5.peg.2602.site.44, 2, 124, 126
537012.5.peg.2602.site.45, 25, 125, 150
537012.5.peg.2602.site.46, 6, 128, 134
537012.5.peg.2602.site.47, 6, 128, 134
537012.5.peg.2602.site.48, 26, 128, 154
537012.5.peg.2602.site.49, 3, 128, 131
537012.5.peg.2603.site.1, 7, 129, 136
537012.5.peg.2603.site.2, 7, 130, 137
537012.5.peg.2603.site.3, 41, 130, 171
537012.5.peg.2603.site.4, 34, 131, 165
537012.5.peg.2603.site.5, 3, 131, 134
537012.5.peg.2603.site.6, 2, 133, 135
537012.5.peg.2603.site.7, 4, 132, 136
537012.5.peg.2603.site.8, 13, 132, 145
537012.5.peg.2603.site.9, 3, 131, 134
537012.5.peg.2603.site.10, 3, 130, 133
537012.5.peg.2603.site.11, 2, 130, 132
537012.5.peg.2603.site.12, 6, 129, 135
537012.5.peg.2603.site.13, 6, 129, 135
537012.5.peg.2603.site.14, 23, 129, 152
537012.5.peg.2603.site.15, 2, 130, 132
537012.5.peg.2603.site.16, 4, 129, 133
537012.5.peg.2603.site.17, 52, 126, 178
537012.5.peg.2603.site.18, 53, 128, 181
537012.5.peg.2603.site.19, 48, 127, 175
537012.5.peg.2603.site.20, 8, 130, 138
537012.5.peg.2603.site.21, 6, 133, 139
537012.5.peg.2603.site.22, 3, 133, 136
537012.5.peg.2603.site.23, 3, 133, 136
537012.5.peg.2603.site.24, 10, 131, 141
537012.5.peg.2603.site.25, 4, 129, 133
537012.5.peg.2603.site.26, 12, 129, 141
537012.5.peg.2603.site.27, 6, 129, 135
537012.5.peg.2603.site.28, 0, 129, 129
537012.5.peg.2603.site.29, 6, 129, 135
537012.5.peg.2603.site.30, 42, 128, 170
537012.5.peg.2603.site.31, 66, 128, 194
537012.5.peg.2603.site.32, 6, 127, 133
537012.5.peg.2603.site.33, 83, 128, 211
537012.5.peg.2603.site.34, 46, 128, 174
537012.5.peg.2603.site.35, 6, 128, 134
537012.5.peg.2603.site.36, 87, 128, 215
537012.5.peg.2603.site.37, 6, 129, 135
537012.5.peg.2603.site.38, 95, 127, 222
537012.5.peg.2603.site.39, 14, 130, 144
537012.5.peg.2603.site.40, 2, 129, 131
537012.5.peg.2603.site.41, 22, 128, 150
537012.5.peg.2603.site.42, 42, 128, 170
537012.5.peg.2603.site.43, 6, 130, 136
537012.5.peg.2603.site.44, 5, 130, 135
537012.5.peg.2603.site.45, 7, 129, 136
537012.5.peg.2604.site.1, 6, 131, 137
537012.5.peg.2604.site.2, 1, 130, 131
537012.5.peg.2604.site.3, 4, 133, 137
537012.5.peg.2604.site.4, 71, 132, 203
537012.5.peg.2604.site.5, 1, 134, 135
537012.5.peg.2604.site.6, 60, 134, 194
537012.5.peg.2604.site.7, 6, 134, 140
537012.5.peg.2604.site.8, 21, 132, 153
537012.5.peg.2604.site.9, 2, 133, 135
537012.5.peg.2604.site.10, 111, 133, 244
537012.5.peg.2604.site.11, 6, 133, 139
537012.5.peg.2604.site.12, 1, 133, 134
537012.5.peg.2604.site.13, 6, 132, 138
537012.5.peg.2604.site.14, 6, 132, 138
537012.5.peg.2605.site.1, 4, 131, 135
537012.5.peg.2605.site.2, 1, 130, 131
537012.5.peg.2605.site.3, 1, 131, 132
537012.5.peg.2605.site.4, 0, 130, 130
537012.5.peg.2605.site.5, 0, 130, 130
537012.5.peg.2605.site.6, 2, 130, 132
537012.5.peg.2605.site.7, 4, 130, 134
537012.5.peg.2605.site.8, 4, 130, 134
537012.5.peg.2605.site.9, 1, 129, 130
537012.5.peg.2605.site.10, 9, 132, 141
537012.5.peg.2605.site.11, 12, 133, 145
537012.5.peg.2605.site.12, 11, 133, 144
537012.5.peg.2605.site.13, 1, 134, 135
537012.5.peg.2605.site.14, 3, 134, 137
537012.5.peg.2605.site.15, 1, 131, 132
537012.5.peg.2605.site.16, 3, 128, 131
537012.5.peg.2606.site.1, 8, 127, 135
537012.5.peg.2606.site.2, 7, 127, 134
537012.5.peg.2606.site.3, 1, 128, 129
537012.5.peg.2606.site.4, 7, 129, 136
537012.5.peg.2606.site.5, 8, 133, 141
537012.5.peg.2606.site.6, 0, 133, 133
537012.5.peg.2606.site.7, 10, 131, 141
537012.5.peg.2606.site.8, 0, 134, 134
537012.5.peg.2606.site.9, 4, 134, 138
537012.5.peg.2607.site.1, 0, 129, 129
537012.5.peg.2607.site.2, 7, 129, 136
537012.5.peg.2607.site.3, 7, 129, 136
537012.5.peg.2607.site.4, 1, 129, 130
537012.5.peg.2607.site.5, 6, 130, 136
537012.5.peg.2607.site.6, 0, 130, 130
537012.5.peg.2607.site.7, 1, 130, 131
537012.5.peg.2607.site.8, 3, 130, 133
537012.5.peg.2607.site.9, 4, 128, 132
537012.5.peg.2607.site.10, 6, 130, 136
537012.5.peg.2607.site.11, 6, 130, 136
537012.5.peg.2607.site.12, 6, 130, 136
537012.5.peg.2607.site.13, 2, 130, 132
537012.5.peg.2607.site.14, 30, 130, 160
537012.5.peg.2607.site.15, 7, 130, 137
537012.5.peg.2607.site.16, 1, 128, 129
537012.5.peg.2607.site.17, 1, 128, 129
537012.5.peg.2607.site.18, 5, 129, 134
537012.5.peg.2607.site.19, 82, 130, 212
537012.5.peg.2607.site.20, 1, 129, 130
537012.5.peg.2607.site.21, 0, 129, 129
537012.5.peg.2608.site.1, 3, 131, 134
537012.5.peg.2608.site.2, 4, 132, 136
537012.5.peg.2608.site.3, 10, 132, 142
537012.5.peg.2608.site.4, 3, 134, 137
537012.5.peg.2608.site.5, 18, 132, 150
537012.5.peg.2608.site.6, 6, 134, 140
537012.5.peg.2608.site.7, 6, 134, 140
537012.5.peg.2608.site.8, 7, 133, 140
537012.5.peg.2608.site.9, 1, 134, 135
537012.5.peg.2608.site.10, 4, 132, 136
537012.5.peg.2608.site.11, 2, 134, 136
537012.5.peg.2608.site.12, 29, 132, 161
537012.5.peg.2608.site.13, 6, 133, 139
537012.5.peg.2608.site.14, 1, 132, 133
537012.5.peg.2608.site.15, 44, 132, 176
537012.5.peg.2608.site.16, 12, 132, 144
537012.5.peg.2608.site.17, 10, 132, 142
537012.5.peg.2608.site.18, 45, 132, 177
537012.5.peg.2608.site.19, 5, 133, 138
537012.5.peg.2608.site.20, 2, 133, 135
537012.5.peg.2608.site.21, 4, 132, 136
537012.5.peg.2608.site.22, 2, 128, 130
537012.5.peg.2608.site.23, 3, 130, 133
537012.5.peg.2608.site.24, 4, 132, 136
537012.5.peg.2608.site.25, 7, 134, 141
537012.5.peg.2608.site.26, 6, 134, 140
537012.5.peg.2608.site.27, 2, 130, 132
537012.5.peg.2608.site.28, 8, 130, 138
537012.5.peg.2608.site.29, 7, 130, 137
537012.5.peg.2608.site.30, 10, 129, 139
537012.5.peg.2608.site.31, 5, 131, 136
537012.5.peg.2608.site.32, 0, 129, 129
537012.5.peg.2608.site.33, 0, 129, 129
537012.5.peg.2608.site.34, 0, 129, 129
537012.5.peg.2608.site.35, 6, 134, 140
537012.5.peg.2608.site.36, 1, 134, 135
537012.5.peg.2608.site.37, 5, 132, 137
537012.5.peg.2608.site.38, 5, 132, 137
537012.5.peg.2608.site.39, 5, 133, 138
537012.5.peg.2608.site.40, 3, 131, 134
537012.5.peg.2608.site.41, 18, 134, 152
537012.5.peg.2608.site.42, 1, 134, 135
537012.5.peg.2609.site.1, 2, 125, 127
537012.5.peg.2609.site.2, 82, 129, 211
537012.5.peg.2609.site.3, 3, 129, 132
537012.5.peg.2609.site.4, 3, 125, 128
537012.5.peg.2609.site.5, 1, 128, 129
537012.5.peg.2609.site.6, 13, 127, 140
537012.5.peg.2609.site.7, 21, 129, 150
537012.5.peg.2609.site.8, 2, 126, 128
537012.5.peg.2609.site.9, 1, 128, 129
537012.5.peg.2609.site.10, 1, 128, 129
537012.5.peg.2609.site.11, 6, 128, 134
537012.5.peg.2609.site.12, 22, 130, 152
537012.5.peg.2609.site.13, 2, 129, 131
537012.5.peg.2609.site.14, 3, 128, 131
537012.5.peg.2609.site.15, 12, 130, 142
537012.5.peg.2609.site.16, 1, 130, 131
537012.5.peg.2609.site.17, 0, 133, 133
537012.5.peg.2609.site.18, 4, 132, 136
537012.5.peg.2609.site.19, 4, 134, 138
537012.5.peg.2609.site.20, 1, 134, 135
537012.5.peg.2609.site.21, 5, 133, 138
537012.5.peg.2609.site.22, 0, 134, 134
537012.5.peg.2609.site.23, 57, 133, 190
537012.5.peg.2609.site.24, 0, 134, 134
537012.5.peg.2609.site.25, 11, 134, 145
537012.5.peg.2609.site.26, 4, 132, 136
537012.5.peg.2609.site.27, 12, 131, 143
537012.5.peg.2609.site.28, 1, 133, 134
537012.5.peg.2609.site.29, 5, 132, 137
537012.5.peg.2609.site.30, 3, 134, 137
537012.5.peg.2609.site.31, 97, 131, 228
537012.5.peg.2609.site.32, 4, 133, 137
537012.5.peg.2609.site.33, 9, 130, 139
537012.5.peg.2609.site.34, 17, 132, 149
537012.5.peg.2609.site.35, 105, 132, 237
537012.5.peg.2609.site.36, 7, 134, 141
537012.5.peg.2609.site.37, 8, 134, 142
537012.5.peg.2609.site.38, 7, 133, 140
537012.5.peg.2609.site.39, 8, 133, 141
537012.5.peg.2609.site.40, 9, 132, 141
537012.5.peg.2609.site.41, 41, 131, 172
537012.5.peg.2609.site.42, 3, 133, 136
537012.5.peg.2609.site.43, 2, 133, 135
537012.5.peg.2609.site.44, 93, 132, 225
537012.5.peg.2609.site.45, 49, 132, 181
537012.5.peg.2609.site.46, 4, 132, 136
537012.5.peg.2609.site.47, 17, 131, 148
537012.5.peg.2609.site.48, 7, 133, 140
537012.5.peg.2609.site.49, 1, 134, 135
537012.5.peg.2609.site.50, 5, 132, 137
537012.5.peg.2609.site.51, 6, 133, 139
537012.5.peg.2609.site.52, 34, 132, 166
537012.5.peg.2609.site.53, 3, 134, 137
537012.5.peg.2609.site.54, 6, 134, 140
537012.5.peg.2609.site.55, 7, 134, 141
537012.5.peg.2609.site.56, 1, 132, 133
537012.5.peg.2609.site.57, 13, 132, 145
537012.5.peg.2609.site.58, 7, 133, 140
537012.5.peg.2609.site.59, 29, 133, 162
537012.5.peg.2609.site.60, 9, 131, 140
537012.5.peg.2609.site.61, 17, 133, 150
537012.5.peg.2609.site.62, 6, 131, 137
537012.5.peg.2609.site.63, 12, 131, 143
537012.5.peg.2609.site.64, 0, 133, 133
537012.5.peg.2609.site.65, 0, 133, 133
537012.5.peg.2609.site.66, 3, 134, 137
537012.5.peg.2609.site.67, 5, 133, 138
537012.5.peg.2609.site.68, 34, 129, 163
537012.5.peg.2609.site.69, 0, 131, 131
537012.5.peg.4607.site.1, 2, 49, 51
537012.5.peg.4607.site.2, 3, 52, 55
537012.5.peg.4607.site.3, 9, 50, 59
537012.5.peg.4607.site.4, 4, 51, 55
537012.5.peg.4607.site.5, 4, 47, 51
537012.5.peg.4607.site.6, 37, 46, 83
537012.5.peg.4607.site.7, 7, 50, 57
537012.5.peg.4607.site.8, 20, 62, 82
537012.5.peg.4607.site.9, 77, 87, 164
537012.5.peg.4607.site.10, 1, 101, 102
537012.5.peg.4607.site.11, 6, 125, 131
537012.5.peg.4607.site.12, 90, 126, 216
537012.5.peg.4607.site.13, 87, 130, 217
537012.5.peg.4607.site.14, 7, 128, 135
537012.5.peg.4607.site.15, 31, 130, 161
537012.5.peg.4607.site.16, 24, 129, 153
537012.5.peg.4607.site.17, 6, 129, 135
537012.5.peg.4607.site.18, 7, 130, 137
537012.5.peg.4607.site.19, 7, 131, 138
537012.5.peg.4607.site.20, 7, 129, 136
537012.5.peg.4607.site.21, 0, 130, 130
537012.5.peg.4607.site.22, 0, 130, 130
537012.5.peg.4607.site.23, 10, 130, 140
537012.5.peg.4607.site.24, 1, 130, 131
537012.5.peg.4607.site.25, 1, 129, 130
537012.5.peg.4607.site.26, 105, 128, 233
537012.5.peg.4607.site.27, 84, 129, 213
537012.5.peg.4607.site.28, 0, 124, 124
537012.5.peg.4607.site.29, 3, 126, 129
537012.5.peg.4607.site.30, 0, 122, 122
537012.5.peg.4607.site.31, 0, 122, 122
537012.5.peg.4607.site.32, 0, 122, 122
537012.5.peg.4607.site.33, 0, 121, 121
537012.5.peg.4607.site.34, 0, 122, 122
537012.5.peg.4607.site.35, 0, 121, 121
537012.5.peg.4607.site.36, 0, 122, 122
537012.5.peg.4607.site.37, 0, 122, 122
537012.5.peg.4607.site.38, 1, 124, 125
537012.5.peg.4607.site.39, 1, 122, 123
537012.5.peg.4607.site.40, 11, 123, 134
537012.5.peg.4607.site.41, 3, 123, 126
537012.5.peg.4607.site.42, 2, 123, 125
537012.5.peg.4607.site.43, 74, 121, 195
537012.5.peg.4607.site.44, 102, 121, 223
537012.5.peg.4607.site.45, 29, 122, 151
537012.5.peg.4607.site.46, 2, 125, 127
537012.5.peg.4607.site.47, 1, 127, 128
537012.5.peg.4607.site.48, 5, 127, 132
537012.5.peg.4607.site.49, 3, 127, 130
537012.5.peg.4607.site.50, 27, 127, 154
537012.5.peg.4607.site.51, 51, 115, 166
537012.5.peg.4607.site.52, 1, 111, 112
537012.5.peg.4607.site.53, 4, 111, 115
537012.5.peg.4600.site.1, 0, 116, 116
537012.5.peg.4600.site.2, 29, 102, 131
537012.5.peg.4600.site.3, 3, 104, 107
537012.5.peg.4600.site.4, 3, 106, 109
537012.5.peg.4600.site.5, 54, 118, 172
537012.5.peg.4600.site.6, 4, 120, 124
537012.5.peg.4600.site.7, 2, 123, 125
537012.5.peg.4600.site.8, 0, 126, 126
537012.5.peg.4600.site.9, 0, 124, 124
537012.5.peg.4600.site.10, 81, 123, 204
537012.5.peg.4600.site.11, 0, 123, 123
537012.5.peg.4600.site.12, 0, 126, 126
537012.5.peg.4600.site.13, 17, 125, 142
537012.5.peg.4600.site.14, 49, 123, 172
537012.5.peg.4600.site.15, 0, 124, 124
537012.5.peg.4600.site.16, 18, 125, 143
537012.5.peg.4600.site.17, 0, 117, 117
537012.5.peg.4600.site.18, 0, 117, 117
537012.5.peg.4600.site.19, 21, 118, 139
537012.5.peg.4600.site.20, 3, 122, 125
537012.5.peg.4600.site.21, 120, 123, 243
537012.5.peg.4600.site.22, 0, 125, 125
537012.5.peg.4600.site.23, 0, 123, 123
537012.5.peg.4600.site.24, 1, 125, 126
537012.5.peg.4600.site.25, 1, 125, 126
537012.5.peg.2868.site.1, 1, 130, 131
537012.5.peg.2868.site.2, 6, 129, 135
537012.5.peg.2868.site.3, 3, 130, 133
537012.5.peg.2868.site.4, 0, 130, 130
537012.5.peg.2868.site.5, 0, 130, 130
537012.5.peg.2868.site.6, 0, 130, 130
537012.5.peg.2868.site.7, 5, 131, 136
537012.5.peg.2868.site.8, 1, 131, 132
537012.5.peg.2868.site.9, 6, 130, 136
537012.5.peg.2868.site.10, 2, 129, 131
537012.5.peg.2868.site.11, 5, 131, 136
537012.5.peg.2868.site.12, 1, 126, 127
537012.5.peg.2868.site.13, 3, 126, 129
537012.5.peg.2868.site.14, 3, 126, 129
537012.5.peg.2868.site.15, 0, 124, 124
537012.5.peg.2868.site.16, 1, 124, 125
537012.5.peg.2868.site.17, 0, 105, 105
537012.5.peg.2868.site.18, 61, 92, 153
537012.5.peg.2868.site.19, 0, 91, 91
537012.5.peg.2868.site.20, 1, 93, 94
537012.5.peg.2868.site.21, 0, 93, 93
537012.5.peg.2868.site.22, 18, 90, 108
537012.5.peg.2868.site.23, 1, 85, 86
537012.5.peg.2868.site.24, 25, 92, 117
537012.5.peg.2868.site.25, 14, 102, 116
537012.5.peg.2868.site.26, 2, 112, 114
537012.5.peg.2868.site.27, 3, 129, 132
537012.5.peg.2868.site.28, 35, 129, 164
537012.5.peg.2868.site.29, 1, 130, 131
537012.5.peg.2868.site.30, 57, 129, 186
537012.5.peg.2868.site.31, 1, 129, 130
537012.5.peg.2868.site.32, 88, 128, 216
537012.5.peg.2868.site.33, 6, 129, 135
537012.5.peg.2868.site.34, 4, 129, 133
537012.5.peg.2868.site.35, 10, 128, 138
537012.5.peg.2868.site.36, 0, 128, 128
537012.5.peg.2868.site.37, 0, 128, 128
537012.5.peg.2868.site.38, 0, 127, 127
537012.5.peg.2868.site.39, 12, 129, 141
537012.5.peg.2868.site.40, 0, 131, 131
537012.5.peg.2868.site.41, 1, 130, 131
537012.5.peg.2868.site.42, 4, 130, 134
537012.5.peg.2868.site.43, 1, 130, 131
537012.5.peg.2868.site.44, 6, 127, 133
537012.5.peg.2868.site.45, 0, 127, 127
537012.5.peg.2868.site.46, 1, 125, 126
537012.5.peg.2868.site.47, 1, 124, 125
537012.5.peg.2868.site.48, 2, 126, 128
537012.5.peg.2868.site.49, 6, 127, 133
537012.5.peg.2868.site.50, 5, 126, 131
537012.5.peg.2868.site.51, 0, 129, 129
537012.5.peg.2868.site.52, 3, 126, 129
537012.5.peg.2860.site.1, 50, 121, 171
537012.5.peg.2860.site.2, 2, 122, 124
537012.5.peg.2860.site.3, 3, 122, 125
537012.5.peg.2860.site.4, 26, 122, 148
537012.5.peg.2860.site.5, 90, 121, 211
537012.5.peg.2860.site.6, 23, 121, 144
537012.5.peg.2860.site.7, 25, 122, 147
537012.5.peg.2860.site.8, 0, 123, 123
537012.5.peg.2860.site.9, 66, 122, 188
537012.5.peg.2860.site.10, 16, 123, 139
537012.5.peg.2860.site.11, 0, 123, 123
537012.5.peg.2860.site.12, 2, 122, 124
537012.5.peg.2860.site.13, 1, 122, 123
537012.5.peg.2860.site.14, 45, 119, 164
537012.5.peg.2860.site.15, 39, 122, 161
537012.5.peg.2860.site.16, 0, 123, 123
537012.5.peg.2860.site.17, 23, 123, 146
537012.5.peg.2860.site.18, 18, 123, 141
537012.5.peg.2860.site.19, 4, 123, 127
537012.5.peg.2860.site.20, 71, 122, 193
537012.5.peg.2860.site.21, 2, 123, 125
537012.5.peg.2860.site.22, 2, 123, 125
537012.5.peg.2860.site.23, 3, 123, 126
537012.5.peg.2860.site.24, 2, 122, 124
537012.5.peg.2860.site.25, 2, 122, 124
537012.5.peg.2860.site.26, 2, 122, 124
537012.5.peg.2860.site.27, 28, 121, 149
537012.5.peg.2860.site.28, 2, 122, 124
537012.5.peg.2860.site.29, 2, 123, 125
537012.5.peg.2860.site.30, 3, 122, 125
537012.5.peg.2860.site.31, 16, 122, 138
537012.5.peg.2860.site.32, 1, 124, 125
537012.5.peg.2860.site.33, 0, 123, 123
537012.5.peg.2860.site.34, 17, 123, 140
537012.5.peg.2860.site.35, 1, 123, 124
537012.5.peg.2860.site.36, 63, 123, 186
537012.5.peg.2860.site.37, 1, 123, 124
537012.5.peg.2860.site.38, 18, 123, 141
537012.5.peg.2860.site.39, 0, 124, 124
537012.5.peg.2860.site.40, 2, 124, 126
537012.5.peg.2861.site.1, 1, 124, 125
537012.5.peg.2861.site.2, 0, 123, 123
537012.5.peg.2861.site.3, 0, 122, 122
537012.5.peg.2861.site.4, 1, 124, 125
537012.5.peg.2861.site.5, 42, 120, 162
537012.5.peg.2861.site.6, 3, 122, 125
537012.5.peg.2861.site.7, 24, 121, 145
537012.5.peg.2861.site.8, 2, 123, 125
537012.5.peg.2861.site.9, 0, 122, 122
537012.5.peg.2861.site.10, 0, 123, 123
537012.5.peg.2861.site.11, 4, 132, 136
537012.5.peg.2861.site.12, 7, 128, 135
537012.5.peg.2861.site.13, 6, 127, 133
537012.5.peg.2861.site.14, 5, 132, 137
537012.5.peg.2861.site.15, 5, 132, 137
537012.5.peg.2861.site.16, 23, 130, 153
537012.5.peg.2861.site.17, 4, 126, 130
537012.5.peg.2861.site.18, 1, 130, 131
537012.5.peg.2861.site.19, 12, 131, 143
537012.5.peg.2861.site.20, 5, 133, 138
537012.5.peg.2861.site.21, 6, 134, 140
537012.5.peg.2861.site.22, 3, 134, 137
537012.5.peg.2861.site.23, 4, 131, 135
537012.5.peg.2861.site.24, 1, 129, 130
537012.5.peg.2861.site.25, 1, 128, 129
537012.5.peg.2861.site.26, 6, 123, 129
537012.5.peg.2861.site.27, 5, 122, 127
537012.5.peg.2861.site.28, 121, 122, 243
537012.5.peg.2861.site.29, 8, 127, 135
537012.5.peg.2861.site.30, 2, 127, 129
537012.5.peg.2861.site.31, 12, 123, 135
537012.5.peg.2861.site.32, 4, 126, 130
537012.5.peg.2861.site.33, 0, 123, 123
537012.5.peg.2861.site.34, 25, 118, 143
537012.5.peg.2861.site.35, 2, 123, 125
537012.5.peg.2861.site.36, 1, 125, 126
537012.5.peg.2861.site.37, 100, 127, 227
537012.5.peg.2861.site.38, 91, 125, 216
537012.5.peg.2861.site.39, 3, 124, 127
537012.5.peg.2861.site.40, 8, 126, 134
537012.5.peg.2861.site.41, 1, 123, 124
537012.5.peg.2861.site.42, 1, 123, 124
537012.5.peg.2861.site.43, 41, 122, 163
537012.5.peg.2861.site.44, 0, 122, 122
537012.5.peg.2861.site.45, 5, 127, 132
537012.5.peg.2861.site.46, 3, 127, 130
537012.5.peg.2861.site.47, 0, 127, 127
537012.5.peg.2861.site.48, 4, 125, 129
537012.5.peg.2861.site.49, 3, 125, 128
537012.5.peg.2861.site.50, 3, 124, 127
537012.5.peg.2861.site.51, 2, 124, 126
537012.5.peg.2861.site.52, 5, 127, 132
537012.5.peg.2861.site.53, 5, 127, 132
537012.5.peg.2861.site.54, 1, 127, 128
537012.5.peg.2861.site.55, 45, 127, 172
537012.5.peg.2861.site.56, 4, 125, 129
537012.5.peg.2861.site.57, 4, 125, 129
537012.5.peg.2861.site.58, 2, 127, 129
537012.5.peg.2861.site.59, 4, 125, 129
537012.5.peg.2861.site.60, 4, 125, 129
537012.5.peg.2861.site.61, 1, 122, 123
537012.5.peg.2861.site.62, 56, 121, 177
537012.5.peg.2861.site.63, 1, 122, 123
537012.5.peg.2861.site.64, 2, 124, 126
537012.5.peg.2861.site.65, 3, 125, 128
537012.5.peg.2861.site.66, 2, 122, 124
537012.5.peg.2862.site.1, 1, 125, 126
537012.5.peg.2862.site.2, 3, 125, 128
537012.5.peg.2862.site.3, 3, 125, 128
537012.5.peg.2862.site.4, 2, 127, 129
537012.5.peg.2862.site.5, 3, 127, 130
537012.5.peg.2862.site.6, 12, 127, 139
537012.5.peg.2862.site.7, 3, 126, 129
537012.5.peg.2862.site.8, 11, 127, 138
537012.5.peg.2862.site.9, 1, 128, 129
537012.5.peg.2862.site.10, 11, 127, 138
537012.5.peg.2862.site.11, 2, 127, 129
537012.5.peg.2862.site.12, 1, 126, 127
537012.5.peg.2862.site.13, 69, 123, 192
537012.5.peg.2862.site.14, 6, 124, 130
537012.5.peg.2862.site.15, 0, 127, 127
537012.5.peg.2862.site.16, 3, 128, 131
537012.5.peg.2862.site.17, 1, 128, 129
537012.5.peg.2862.site.18, 0, 128, 128
537012.5.peg.2862.site.19, 1, 129, 130
537012.5.peg.2862.site.20, 9, 129, 138
537012.5.peg.2862.site.21, 3, 131, 134
537012.5.peg.2862.site.22, 9, 131, 140
537012.5.peg.2862.site.23, 92, 133, 225
537012.5.peg.2863.site.1, 7, 133, 140
537012.5.peg.2863.site.2, 3, 125, 128
537012.5.peg.2863.site.3, 3, 126, 129
537012.5.peg.2863.site.4, 1, 133, 134
537012.5.peg.2863.site.5, 1, 134, 135
537012.5.peg.2863.site.6, 9, 134, 143
537012.5.peg.2863.site.7, 9, 134, 143
537012.5.peg.2863.site.8, 12, 133, 145
537012.5.peg.2863.site.9, 1, 134, 135
537012.5.peg.2863.site.10, 1, 134, 135
537012.5.peg.2863.site.11, 1, 134, 135
537012.5.peg.2863.site.12, 10, 134, 144
537012.5.peg.2863.site.13, 4, 134, 138
537012.5.peg.2863.site.14, 38, 132, 170
537012.5.peg.2863.site.15, 1, 134, 135
537012.5.peg.2863.site.16, 11, 132, 143
537012.5.peg.2863.site.17, 0, 134, 134
537012.5.peg.2864.site.1, 4, 128, 132
537012.5.peg.2864.site.2, 2, 123, 125
537012.5.peg.2864.site.3, 6, 117, 123
537012.5.peg.2864.site.4, 2, 121, 123
537012.5.peg.2864.site.5, 14, 115, 129
537012.5.peg.2864.site.6, 1, 106, 107
537012.5.peg.2864.site.7, 3, 106, 109
537012.5.peg.2864.site.8, 7, 105, 112
537012.5.peg.2864.site.9, 13, 110, 123
537012.5.peg.2864.site.10, 1, 111, 112
537012.5.peg.2864.site.11, 15, 112, 127
537012.5.peg.2864.site.12, 8, 113, 121
537012.5.peg.2864.site.13, 24, 111, 135
537012.5.peg.2864.site.14, 2, 109, 111
537012.5.peg.2864.site.15, 1, 112, 113
537012.5.peg.2864.site.16, 1, 111, 112
537012.5.peg.2864.site.17, 1, 117, 118
537012.5.peg.2864.site.18, 3, 117, 120
537012.5.peg.2864.site.19, 1, 116, 117
537012.5.peg.2864.site.20, 48, 89, 137
537012.5.peg.2864.site.21, 0, 82, 82
537012.5.peg.2864.site.22, 0, 81, 81
537012.5.peg.2864.site.23, 50, 79, 129
537012.5.peg.2864.site.24, 0, 83, 83
537012.5.peg.2864.site.25, 5, 88, 93
537012.5.peg.2864.site.26, 1, 93, 94
537012.5.peg.2864.site.27, 8, 88, 96
537012.5.peg.2864.site.28, 4, 86, 90
537012.5.peg.2864.site.29, 7, 85, 92
537012.5.peg.2864.site.30, 77, 82, 159
537012.5.peg.2864.site.31, 8, 88, 96
537012.5.peg.2864.site.32, 2, 93, 95
537012.5.peg.2864.site.33, 5, 108, 113
537012.5.peg.2864.site.34, 8, 109, 117
537012.5.peg.2864.site.35, 90, 111, 201
537012.5.peg.2864.site.36, 2, 111, 113
537012.5.peg.2864.site.37, 3, 113, 116
537012.5.peg.2864.site.38, 5, 111, 116
537012.5.peg.2864.site.39, 5, 112, 117
537012.5.peg.2864.site.40, 16, 110, 126
537012.5.peg.2864.site.41, 2, 109, 111
537012.5.peg.2864.site.42, 4, 109, 113
537012.5.peg.2864.site.43, 55, 107, 162
537012.5.peg.2864.site.44, 2, 105, 107
537012.5.peg.2864.site.45, 4, 108, 112
537012.5.peg.2864.site.46, 3, 106, 109
537012.5.peg.2864.site.47, 1, 107, 108
537012.5.peg.2864.site.48, 37, 106, 143
537012.5.peg.2864.site.49, 37, 107, 144
537012.5.peg.2864.site.50, 0, 104, 104
537012.5.peg.2864.site.51, 46, 99, 145
537012.5.peg.2864.site.52, 0, 95, 95
537012.5.peg.2864.site.53, 10, 118, 128
537012.5.peg.2864.site.54, 7, 125, 132
537012.5.peg.2864.site.55, 15, 124, 139
537012.5.peg.2864.site.56, 4, 102, 106
537012.5.peg.2864.site.57, 13, 96, 109
537012.5.peg.2864.site.58, 2, 97, 99
537012.5.peg.2865.site.1, 2, 97, 99
537012.5.peg.2865.site.2, 0, 99, 99
537012.5.peg.2865.site.3, 2, 92, 94
537012.5.peg.2865.site.4, 8, 89, 97
537012.5.peg.2865.site.5, 2, 88, 90
537012.5.peg.2865.site.6, 7, 81, 88
537012.5.peg.2865.site.7, 0, 80, 80
537012.5.peg.2865.site.8, 3, 85, 88
537012.5.peg.2865.site.9, 2, 87, 89
537012.5.peg.2865.site.10, 20, 107, 127
537012.5.peg.2865.site.11, 10, 104, 114
537012.5.peg.2865.site.12, 88, 103, 191
537012.5.peg.2865.site.13, 4, 129, 133
537012.5.peg.2865.site.14, 1, 127, 128
537012.5.peg.2865.site.15, 1, 133, 134
537012.5.peg.2865.site.16, 1, 133, 134
537012.5.peg.2865.site.17, 4, 132, 136
537012.5.peg.2865.site.18, 75, 133, 208
537012.5.peg.2865.site.19, 1, 128, 129
537012.5.peg.2865.site.20, 1, 123, 124
537012.5.peg.2865.site.21, 0, 126, 126
537012.5.peg.2865.site.22, 1, 129, 130
537012.5.peg.2865.site.23, 2, 131, 133
537012.5.peg.2865.site.24, 2, 129, 131
537012.5.peg.2865.site.25, 9, 127, 136
537012.5.peg.2865.site.26, 9, 129, 138
537012.5.peg.2865.site.27, 1, 128, 129
537012.5.peg.2865.site.28, 0, 127, 127
537012.5.peg.2865.site.29, 1, 121, 122
537012.5.peg.2865.site.30, 1, 98, 99
537012.5.peg.2865.site.31, 52, 82, 134
537012.5.peg.2865.site.32, 1, 84, 85
537012.5.peg.2865.site.33, 1, 84, 85
537012.5.peg.2865.site.34, 2, 103, 105
537012.5.peg.2865.site.35, 10, 108, 118
537012.5.peg.2865.site.36, 1, 118, 119
537012.5.peg.2867.site.1, 1, 129, 130
537012.5.peg.2867.site.2, 0, 132, 132
537012.5.peg.2867.site.3, 1, 131, 132
537012.5.peg.2867.site.4, 1, 132, 133
537012.5.peg.2867.site.5, 9, 130, 139
537012.5.peg.2867.site.6, 6, 133, 139
537012.5.peg.2867.site.7, 6, 133, 139
537012.5.peg.2867.site.8, 6, 133, 139
537012.5.peg.2867.site.9, 6, 132, 138
537012.5.peg.2867.site.10, 9, 130, 139
537012.5.peg.2867.site.11, 0, 131, 131
537012.5.peg.2867.site.12, 6, 131, 137
537012.5.peg.2867.site.13, 6, 125, 131
537012.5.peg.2867.site.14, 6, 119, 125
537012.5.peg.2867.site.15, 5, 116, 121
537012.5.peg.2867.site.16, 0, 104, 104
537012.5.peg.2867.site.17, 2, 103, 105
537012.5.peg.2867.site.18, 7, 107, 114
537012.5.peg.2867.site.19, 1, 133, 134
537012.5.peg.2263.site.1, 13, 133, 146
537012.5.peg.2263.site.2, 18, 133, 151
537012.5.peg.2263.site.3, 18, 134, 152
537012.5.peg.2263.site.4, 16, 132, 148
537012.5.peg.2263.site.5, 112, 133, 245
537012.5.peg.2263.site.6, 4, 133, 137
537012.5.peg.2263.site.7, 4, 131, 135
537012.5.peg.2263.site.8, 0, 133, 133
537012.5.peg.2263.site.9, 10, 133, 143
537012.5.peg.2263.site.10, 5, 131, 136
537012.5.peg.2263.site.11, 2, 128, 130
537012.5.peg.2263.site.12, 45, 132, 177
537012.5.peg.2263.site.13, 1, 132, 133
537012.5.peg.2263.site.14, 3, 132, 135
537012.5.peg.2263.site.15, 3, 132, 135
537012.5.peg.2263.site.16, 1, 133, 134
537012.5.peg.2263.site.17, 31, 132, 163
537012.5.peg.2263.site.18, 8, 134, 142
537012.5.peg.2263.site.19, 6, 132, 138
537012.5.peg.2263.site.20, 3, 131, 134
537012.5.peg.2263.site.21, 1, 133, 134
537012.5.peg.2263.site.22, 1, 133, 134
537012.5.peg.2263.site.23, 2, 133, 135
537012.5.peg.2263.site.24, 38, 133, 171
537012.5.peg.2263.site.25, 26, 133, 159
537012.5.peg.2263.site.26, 4, 131, 135
537012.5.peg.2263.site.27, 1, 133, 134
537012.5.peg.2263.site.28, 2, 130, 132
537012.5.peg.2263.site.29, 1, 130, 131
537012.5.peg.2263.site.30, 53, 125, 178
537012.5.peg.2263.site.31, 23, 127, 150
537012.5.peg.2263.site.32, 1, 128, 129
537012.5.peg.2263.site.33, 1, 126, 127
537012.5.peg.2263.site.34, 83, 126, 209
537012.5.peg.2263.site.35, 2, 128, 130
537012.5.peg.2263.site.36, 126, 130, 256
537012.5.peg.2263.site.37, 1, 132, 133
537012.5.peg.2263.site.38, 6, 131, 137
537012.5.peg.2263.site.39, 0, 128, 128
537012.5.peg.2263.site.40, 1, 130, 131
537012.5.peg.2263.site.41, 8, 132, 140
537012.5.peg.2263.site.42, 2, 132, 134
537012.5.peg.2263.site.43, 2, 130, 132
537012.5.peg.2263.site.44, 0, 132, 132
537012.5.peg.2263.site.45, 3, 132, 135
537012.5.peg.2263.site.46, 12, 130, 142
537012.5.peg.2263.site.47, 2, 130, 132
537012.5.peg.2263.site.48, 0, 128, 128
537012.5.peg.2263.site.49, 10, 128, 138
537012.5.peg.2263.site.50, 13, 127, 140
537012.5.peg.2263.site.51, 0, 124, 124
537012.5.peg.2263.site.52, 2, 121, 123
537012.5.peg.2263.site.53, 1, 124, 125
537012.5.peg.2263.site.54, 4, 125, 129
537012.5.peg.2263.site.55, 1, 125, 126
537012.5.peg.2263.site.56, 9, 130, 139
537012.5.peg.2263.site.57, 42, 130, 172
537012.5.peg.2263.site.58, 9, 128, 137
537012.5.peg.2263.site.59, 1, 130, 131
537012.5.peg.2260.site.1, 0, 134, 134
537012.5.peg.2260.site.2, 21, 134, 155
537012.5.peg.2260.site.3, 54, 133, 187
537012.5.peg.2260.site.4, 53, 133, 186
537012.5.peg.2260.site.5, 48, 132, 180
537012.5.peg.2260.site.6, 10, 132, 142
537012.5.peg.2260.site.7, 3, 133, 136
537012.5.peg.2260.site.8, 8, 131, 139
537012.5.peg.2260.site.9, 4, 133, 137
537012.5.peg.2260.site.10, 0, 130, 130
537012.5.peg.2260.site.11, 5, 132, 137
537012.5.peg.2260.site.12, 3, 133, 136
537012.5.peg.2260.site.13, 8, 134, 142
537012.5.peg.2260.site.14, 5, 133, 138
537012.5.peg.2260.site.15, 5, 134, 139
537012.5.peg.2260.site.16, 56, 131, 187
537012.5.peg.2260.site.17, 48, 132, 180
537012.5.peg.2260.site.18, 14, 130, 144
537012.5.peg.2260.site.19, 5, 133, 138
537012.5.peg.2260.site.20, 12, 128, 140
537012.5.peg.2260.site.21, 0, 129, 129
537012.5.peg.2260.site.22, 13, 130, 143
537012.5.peg.2260.site.23, 74, 130, 204
537012.5.peg.2260.site.24, 3, 132, 135
537012.5.peg.2260.site.25, 3, 131, 134
537012.5.peg.2260.site.26, 19, 127, 146
537012.5.peg.2260.site.27, 3, 129, 132
537012.5.peg.2260.site.28, 11, 129, 140
537012.5.peg.2260.site.29, 2, 129, 131
537012.5.peg.2260.site.30, 15, 132, 147
537012.5.peg.2260.site.31, 8, 133, 141
537012.5.peg.2260.site.32, 18, 131, 149
537012.5.peg.2260.site.33, 32, 128, 160
537012.5.peg.2260.site.34, 0, 128, 128
537012.5.peg.2260.site.35, 2, 128, 130
537012.5.peg.2260.site.36, 92, 125, 217
537012.5.peg.2260.site.37, 5, 127, 132
537012.5.peg.2260.site.38, 40, 116, 156
537012.5.peg.2260.site.39, 14, 112, 126
537012.5.peg.2260.site.40, 12, 111, 123
537012.5.peg.2260.site.41, 21, 132, 153
537012.5.peg.2260.site.42, 11, 134, 145
537012.5.peg.2260.site.43, 2, 131, 133
537012.5.peg.2260.site.44, 20, 128, 148
537012.5.peg.2260.site.45, 3, 132, 135
537012.5.peg.2260.site.46, 108, 131, 239
537012.5.peg.2260.site.47, 22, 134, 156
537012.5.peg.2260.site.48, 2, 134, 136
537012.5.peg.2261.site.1, 100, 132, 232
537012.5.peg.2261.site.2, 4, 134, 138
537012.5.peg.2261.site.3, 4, 133, 137
537012.5.peg.2261.site.4, 1, 131, 132
537012.5.peg.2261.site.5, 38, 129, 167
537012.5.peg.2261.site.6, 2, 130, 132
537012.5.peg.2261.site.7, 1, 130, 131
537012.5.peg.2261.site.8, 19, 130, 149
537012.5.peg.2261.site.9, 2, 131, 133
537012.5.peg.2261.site.10, 12, 131, 143
537012.5.peg.2261.site.11, 0, 133, 133
537012.5.peg.2261.site.12, 5, 133, 138
537012.5.peg.2261.site.13, 1, 134, 135
537012.5.peg.2261.site.14, 4, 132, 136
537012.5.peg.2261.site.15, 9, 134, 143
537012.5.peg.2261.site.16, 79, 134, 213
537012.5.peg.2261.site.17, 21, 134, 155
537012.5.peg.2261.site.18, 16, 132, 148
537012.5.peg.2261.site.19, 12, 134, 146
537012.5.peg.2261.site.20, 1, 134, 135
537012.5.peg.2261.site.21, 8, 132, 140
537012.5.peg.2261.site.22, 45, 132, 177
537012.5.peg.2261.site.23, 11, 134, 145
537012.5.peg.2261.site.24, 3, 134, 137
537012.5.peg.2261.site.25, 1, 134, 135
537012.5.peg.2261.site.26, 4, 132, 136
537012.5.peg.2261.site.27, 1, 132, 133
537012.5.peg.2261.site.28, 3, 133, 136
537012.5.peg.2261.site.29, 80, 132, 212
537012.5.peg.2261.site.30, 86, 134, 220
537012.5.peg.2261.site.31, 1, 134, 135
537012.5.peg.2261.site.32, 11, 134, 145
537012.5.peg.2261.site.33, 5, 132, 137
537012.5.peg.2261.site.34, 1, 133, 134
537012.5.peg.2261.site.35, 1, 134, 135
537012.5.peg.2261.site.36, 4, 132, 136
537012.5.peg.2261.site.37, 11, 134, 145
537012.5.peg.2261.site.38, 22, 132, 154
537012.5.peg.2261.site.39, 12, 134, 146
537012.5.peg.2261.site.40, 19, 133, 152
537012.5.peg.2261.site.41, 11, 132, 143
537012.5.peg.2261.site.42, 4, 129, 133
537012.5.peg.2261.site.43, 4, 131, 135
537012.5.peg.2261.site.44, 4, 133, 137
537012.5.peg.2261.site.45, 11, 134, 145
537012.5.peg.2261.site.46, 3, 133, 136
537012.5.peg.2261.site.47, 1, 134, 135
537012.5.peg.2261.site.48, 23, 132, 155
537012.5.peg.2261.site.49, 0, 134, 134
537012.5.peg.2261.site.50, 2, 134, 136
537012.5.peg.2261.site.51, 16, 132, 148
537012.5.peg.2261.site.52, 0, 134, 134
537012.5.peg.2261.site.53, 0, 134, 134
537012.5.peg.2261.site.54, 0, 134, 134
537012.5.peg.2261.site.55, 4, 132, 136
537012.5.peg.2261.site.56, 10, 133, 143
537012.5.peg.2261.site.57, 35, 134, 169
537012.5.peg.2261.site.58, 2, 134, 136
537012.5.peg.2261.site.59, 19, 131, 150
537012.5.peg.2261.site.60, 4, 130, 134
537012.5.peg.2261.site.61, 4, 133, 137
537012.5.peg.2261.site.62, 16, 127, 143
537012.5.peg.2261.site.63, 52, 130, 182
537012.5.peg.2261.site.64, 0, 133, 133
537012.5.peg.2261.site.65, 6, 133, 139
537012.5.peg.2261.site.66, 3, 130, 133
537012.5.peg.2261.site.67, 3, 130, 133
537012.5.peg.2261.site.68, 3, 132, 135
537012.5.peg.2261.site.69, 19, 130, 149
537012.5.peg.2261.site.70, 0, 133, 133
537012.5.peg.2261.site.71, 4, 132, 136
537012.5.peg.2261.site.72, 1, 131, 132
537012.5.peg.2261.site.73, 0, 134, 134
537012.5.peg.2261.site.74, 7, 134, 141
537012.5.peg.2261.site.75, 4, 132, 136
537012.5.peg.2261.site.76, 1, 134, 135
537012.5.peg.2261.site.77, 1, 134, 135
537012.5.peg.2261.site.78, 1, 134, 135
537012.5.peg.2261.site.79, 0, 134, 134
537012.5.peg.2261.site.80, 1, 134, 135
537012.5.peg.2261.site.81, 11, 134, 145
537012.5.peg.2261.site.82, 1, 134, 135
537012.5.peg.2261.site.83, 0, 134, 134
537012.5.peg.2261.site.84, 19, 133, 152
537012.5.peg.2261.site.85, 3, 133, 136
537012.5.peg.2261.site.86, 9, 131, 140
537012.5.peg.2261.site.87, 1, 130, 131
537012.5.peg.2261.site.88, 0, 128, 128
537012.5.peg.2261.site.89, 8, 128, 136
537012.5.peg.2261.site.90, 6, 121, 127
537012.5.peg.2267.site.1, 1, 133, 134
537012.5.peg.2267.site.2, 1, 134, 135
537012.5.peg.2267.site.3, 2, 133, 135
537012.5.peg.2267.site.4, 2, 134, 136
537012.5.peg.2267.site.5, 26, 134, 160
537012.5.peg.2267.site.6, 5, 133, 138
537012.5.peg.2267.site.7, 5, 133, 138
537012.5.peg.2267.site.8, 79, 134, 213
537012.5.peg.2267.site.9, 1, 134, 135
537012.5.peg.2267.site.10, 2, 134, 136
537012.5.peg.2267.site.11, 0, 134, 134
537012.5.peg.2267.site.12, 3, 134, 137
537012.5.peg.2267.site.13, 65, 133, 198
537012.5.peg.2267.site.14, 5, 133, 138
537012.5.peg.2267.site.15, 0, 134, 134
537012.5.peg.2267.site.16, 5, 133, 138
537012.5.peg.2267.site.17, 8, 134, 142
537012.5.peg.2267.site.18, 2, 134, 136
537012.5.peg.2267.site.19, 4, 132, 136
537012.5.peg.2267.site.20, 9, 134, 143
537012.5.peg.2267.site.21, 9, 133, 142
537012.5.peg.2267.site.22, 3, 134, 137
537012.5.peg.2267.site.23, 1, 133, 134
537012.5.peg.2267.site.24, 3, 134, 137
537012.5.peg.2267.site.25, 7, 133, 140
537012.5.peg.2267.site.26, 4, 131, 135
537012.5.peg.2267.site.27, 2, 131, 133
537012.5.peg.2267.site.28, 1, 130, 131
537012.5.peg.2267.site.29, 1, 131, 132
537012.5.peg.2267.site.30, 1, 130, 131
537012.5.peg.2267.site.31, 10, 131, 141
537012.5.peg.2267.site.32, 2, 132, 134
537012.5.peg.2267.site.33, 1, 133, 134
537012.5.peg.2267.site.34, 42, 131, 173
537012.5.peg.2267.site.35, 4, 131, 135
537012.5.peg.2267.site.36, 0, 133, 133
537012.5.peg.2267.site.37, 21, 133, 154
537012.5.peg.2267.site.38, 5, 132, 137
537012.5.peg.2267.site.39, 15, 128, 143
537012.5.peg.2264.site.1, 1, 124, 125
537012.5.peg.2264.site.2, 1, 129, 130
537012.5.peg.2264.site.3, 1, 129, 130
537012.5.peg.2264.site.4, 9, 129, 138
537012.5.peg.2264.site.5, 3, 130, 133
537012.5.peg.2264.site.6, 19, 129, 148
537012.5.peg.2264.site.7, 0, 130, 130
537012.5.peg.2264.site.8, 9, 129, 138
537012.5.peg.2264.site.9, 3, 130, 133
537012.5.peg.2264.site.10, 8, 130, 138
537012.5.peg.2264.site.11, 11, 130, 141
537012.5.peg.2264.site.12, 8, 129, 137
537012.5.peg.2264.site.13, 1, 130, 131
537012.5.peg.2264.site.14, 2, 130, 132
537012.5.peg.2264.site.15, 9, 130, 139
537012.5.peg.2264.site.16, 1, 130, 131
537012.5.peg.2264.site.17, 1, 130, 131
537012.5.peg.2264.site.18, 1, 129, 130
537012.5.peg.2264.site.19, 1, 129, 130
537012.5.peg.2264.site.20, 3, 132, 135
537012.5.peg.2264.site.21, 28, 125, 153
537012.5.peg.2264.site.22, 5, 125, 130
537012.5.peg.2264.site.23, 1, 127, 128
537012.5.peg.2264.site.24, 8, 127, 135
537012.5.peg.2264.site.25, 40, 127, 167
537012.5.peg.2264.site.26, 40, 127, 167
537012.5.peg.2264.site.27, 0, 127, 127
537012.5.peg.2264.site.28, 1, 127, 128
537012.5.peg.2264.site.29, 0, 127, 127
537012.5.peg.2264.site.30, 4, 127, 131
537012.5.peg.2264.site.31, 2, 123, 125
537012.5.peg.2264.site.32, 3, 126, 129
537012.5.peg.2264.site.33, 3, 126, 129
537012.5.peg.2264.site.34, 3, 126, 129
537012.5.peg.2264.site.35, 2, 126, 128
537012.5.peg.2264.site.36, 0, 127, 127
537012.5.peg.2265.site.1, 5, 126, 131
537012.5.peg.2265.site.2, 2, 127, 129
537012.5.peg.2265.site.3, 0, 127, 127
537012.5.peg.2265.site.4, 66, 126, 192
537012.5.peg.2265.site.5, 12, 123, 135
537012.5.peg.2265.site.6, 17, 124, 141
537012.5.peg.2265.site.7, 6, 123, 129
537012.5.peg.2265.site.8, 5, 125, 130
537012.5.peg.2265.site.9, 3, 125, 128
537012.5.peg.2265.site.10, 54, 127, 181
537012.5.peg.2265.site.11, 2, 123, 125
537012.5.peg.2265.site.12, 3, 124, 127
537012.5.peg.2265.site.13, 1, 127, 128
537012.5.peg.2265.site.14, 7, 119, 126
537012.5.peg.2265.site.15, 2, 125, 127
537012.5.peg.2265.site.16, 3, 124, 127
537012.5.peg.2265.site.17, 0, 127, 127
537012.5.peg.2265.site.18, 9, 127, 136
537012.5.peg.2265.site.19, 12, 124, 136
537012.5.peg.2265.site.20, 2, 127, 129
537012.5.peg.2265.site.21, 4, 129, 133
537012.5.peg.2265.site.22, 5, 132, 137
537012.5.peg.2265.site.23, 3, 131, 134
537012.5.peg.2265.site.24, 62, 131, 193
537012.5.peg.2265.site.25, 3, 131, 134
537012.5.peg.3647.site.1, 0, 106, 106
537012.5.peg.3647.site.2, 1, 109, 110
537012.5.peg.3647.site.3, 1, 87, 88
537012.5.peg.3647.site.4, 0, 81, 81
537012.5.peg.3647.site.5, 41, 83, 124
537012.5.peg.3647.site.6, 3, 83, 86
537012.5.peg.3647.site.7, 5, 80, 85
537012.5.peg.3647.site.8, 3, 80, 83
537012.5.peg.3647.site.9, 5, 79, 84
537012.5.peg.3647.site.10, 5, 79, 84
537012.5.peg.3647.site.11, 5, 79, 84
537012.5.peg.3647.site.12, 1, 77, 78
537012.5.peg.3647.site.13, 7, 79, 86
537012.5.peg.3647.site.14, 0, 80, 80
537012.5.peg.3647.site.15, 6, 79, 85
537012.5.peg.3647.site.16, 2, 81, 83
537012.5.peg.3647.site.17, 7, 81, 88
537012.5.peg.3647.site.18, 0, 81, 81
537012.5.peg.3647.site.19, 4, 80, 84
537012.5.peg.3647.site.20, 7, 76, 83
537012.5.peg.3647.site.21, 2, 79, 81
537012.5.peg.3647.site.22, 14, 72, 86
537012.5.peg.3647.site.23, 3, 72, 75
537012.5.peg.3647.site.24, 1, 73, 74
537012.5.peg.3647.site.25, 47, 73, 120
537012.5.peg.3647.site.26, 6, 73, 79
537012.5.peg.3647.site.27, 1, 75, 76
537012.5.peg.3647.site.28, 29, 77, 106
537012.5.peg.3647.site.29, 3, 77, 80
537012.5.peg.3647.site.30, 0, 74, 74
537012.5.peg.3647.site.31, 1, 77, 78
537012.5.peg.3647.site.32, 6, 77, 83
537012.5.peg.3647.site.33, 24, 77, 101
537012.5.peg.3647.site.34, 3, 77, 80
537012.5.peg.3647.site.35, 1, 77, 78
537012.5.peg.3647.site.36, 5, 77, 82
537012.5.peg.3647.site.37, 2, 74, 76
537012.5.peg.3647.site.38, 1, 77, 78
537012.5.peg.3647.site.39, 1, 74, 75
537012.5.peg.3647.site.40, 3, 76, 79
537012.5.peg.3647.site.41, 49, 76, 125
537012.5.peg.3647.site.42, 11, 78, 89
537012.5.peg.3647.site.43, 2, 76, 78
537012.5.peg.3647.site.44, 4, 77, 81
537012.5.peg.3647.site.45, 15, 71, 86
537012.5.peg.3647.site.46, 11, 74, 85
537012.5.peg.3647.site.47, 6, 74, 80
537012.5.peg.3647.site.48, 0, 78, 78
537012.5.peg.3647.site.49, 1, 78, 79
537012.5.peg.3647.site.50, 45, 73, 118
537012.5.peg.3647.site.51, 19, 75, 94
537012.5.peg.3647.site.52, 40, 75, 115
537012.5.peg.3647.site.53, 1, 78, 79
537012.5.peg.3647.site.54, 6, 81, 87
537012.5.peg.3647.site.55, 8, 104, 112
537012.5.peg.3647.site.56, 4, 81, 85
537012.5.peg.2121.site.1, 0, 122, 122
537012.5.peg.2121.site.2, 11, 123, 134
537012.5.peg.2121.site.3, 1, 123, 124
537012.5.peg.2121.site.4, 0, 122, 122
537012.5.peg.2121.site.5, 1, 123, 124
537012.5.peg.2121.site.6, 0, 122, 122
537012.5.peg.2121.site.7, 0, 122, 122
537012.5.peg.2121.site.8, 27, 122, 149
537012.5.peg.2121.site.9, 57, 122, 179
537012.5.peg.2121.site.10, 26, 121, 147
537012.5.peg.2121.site.11, 91, 122, 213
537012.5.peg.2121.site.12, 26, 121, 147
537012.5.peg.2268.site.1, 2, 126, 128
537012.5.peg.2268.site.2, 80, 124, 204
537012.5.peg.2268.site.3, 1, 126, 127
537012.5.peg.2268.site.4, 26, 123, 149
537012.5.peg.2268.site.5, 0, 120, 120
537012.5.peg.2268.site.6, 7, 124, 131
537012.5.peg.2268.site.7, 1, 126, 127
537012.5.peg.2268.site.8, 1, 126, 127
537012.5.peg.2268.site.9, 1, 126, 127
537012.5.peg.2268.site.10, 37, 126, 163
537012.5.peg.2268.site.11, 1, 124, 125
537012.5.peg.2268.site.12, 3, 126, 129
537012.5.peg.2268.site.13, 10, 126, 136
537012.5.peg.2268.site.14, 8, 125, 133
537012.5.peg.2268.site.15, 5, 125, 130
537012.5.peg.2268.site.16, 5, 125, 130
537012.5.peg.2268.site.17, 5, 125, 130
537012.5.peg.2268.site.18, 124, 126, 250
537012.5.peg.2268.site.19, 5, 126, 131
537012.5.peg.2268.site.20, 0, 125, 125
537012.5.peg.2268.site.21, 1, 127, 128
537012.5.peg.2268.site.22, 3, 128, 131
537012.5.peg.2268.site.23, 3, 128, 131
537012.5.peg.2268.site.24, 1, 129, 130
537012.5.peg.2268.site.25, 1, 130, 131
537012.5.peg.2268.site.26, 1, 131, 132
537012.5.peg.2269.site.1, 1, 125, 126
537012.5.peg.2269.site.2, 119, 127, 246
537012.5.peg.2269.site.3, 0, 125, 125
537012.5.peg.2269.site.4, 2, 127, 129
537012.5.peg.2269.site.5, 6, 128, 134
537012.5.peg.2269.site.6, 9, 128, 137
537012.5.peg.2269.site.7, 3, 130, 133
537012.5.peg.2269.site.8, 4, 128, 132
537012.5.peg.2269.site.9, 13, 129, 142
537012.5.peg.2269.site.10, 4, 128, 132
537012.5.peg.2269.site.11, 3, 128, 131
537012.5.peg.2269.site.12, 5, 129, 134
537012.5.peg.2269.site.13, 7, 127, 134
537012.5.peg.2269.site.14, 23, 129, 152
537012.5.peg.2269.site.15, 9, 128, 137
537012.5.peg.2269.site.16, 0, 130, 130
537012.5.peg.2269.site.17, 4, 128, 132
537012.5.peg.2269.site.18, 13, 128, 141
537012.5.peg.2269.site.19, 5, 130, 135
537012.5.peg.2269.site.20, 41, 127, 168
537012.5.peg.2269.site.21, 12, 128, 140
537012.5.peg.2269.site.22, 9, 128, 137
537012.5.peg.2269.site.23, 11, 129, 140
537012.5.peg.2269.site.24, 0, 129, 129
537012.5.peg.2269.site.25, 0, 127, 127
537012.5.peg.2269.site.26, 10, 128, 138
537012.5.peg.2269.site.27, 3, 129, 132
537012.5.peg.2269.site.28, 5, 129, 134
537012.5.peg.2269.site.29, 3, 127, 130
537012.5.peg.2269.site.30, 0, 127, 127
537012.5.peg.2269.site.31, 40, 126, 166
537012.5.peg.2269.site.32, 2, 126, 128
537012.5.peg.2269.site.33, 5, 124, 129
537012.5.peg.2269.site.34, 0, 126, 126
537012.5.peg.2269.site.35, 1, 126, 127
537012.5.peg.2269.site.36, 1, 125, 126
537012.5.peg.2269.site.37, 11, 126, 137
537012.5.peg.2464.site.1, 1, 123, 124
537012.5.peg.2464.site.2, 1, 125, 126
537012.5.peg.2464.site.3, 77, 127, 204
537012.5.peg.2464.site.4, 2, 127, 129
537012.5.peg.2464.site.5, 4, 125, 129
537012.5.peg.2464.site.6, 4, 124, 128
537012.5.peg.2464.site.7, 3, 124, 127
537012.5.peg.2464.site.8, 7, 126, 133
537012.5.peg.2464.site.9, 4, 125, 129
537012.5.peg.2464.site.10, 5, 127, 132
537012.5.peg.2464.site.11, 0, 125, 125
537012.5.peg.2464.site.12, 3, 125, 128
537012.5.peg.2464.site.13, 5, 126, 131
537012.5.peg.2464.site.14, 14, 125, 139
537012.5.peg.2464.site.15, 2, 124, 126
537012.5.peg.2464.site.16, 2, 124, 126
537012.5.peg.2464.site.17, 59, 122, 181
537012.5.peg.2464.site.18, 1, 123, 124
537012.5.peg.2464.site.19, 1, 123, 124
537012.5.peg.2464.site.20, 0, 124, 124
537012.5.peg.2464.site.21, 1, 123, 124
537012.5.peg.2464.site.22, 13, 123, 136
537012.5.peg.2464.site.23, 1, 122, 123
537012.5.peg.2464.site.24, 2, 123, 125
537012.5.peg.2464.site.25, 11, 126, 137
537012.5.peg.2464.site.26, 4, 125, 129
537012.5.peg.2464.site.27, 116, 123, 239
537012.5.peg.2464.site.28, 21, 127, 148
537012.5.peg.2464.site.29, 3, 123, 126
537012.5.peg.2464.site.30, 4, 126, 130
537012.5.peg.2464.site.31, 0, 121, 121
537012.5.peg.2464.site.32, 2, 123, 125
537012.5.peg.2464.site.33, 6, 125, 131
537012.5.peg.2464.site.34, 2, 124, 126
537012.5.peg.2464.site.35, 3, 125, 128
537012.5.peg.2464.site.36, 2, 123, 125
537012.5.peg.2464.site.37, 35, 123, 158
537012.5.peg.2464.site.38, 5, 123, 128
537012.5.peg.2464.site.39, 48, 122, 170
537012.5.peg.2464.site.40, 0, 123, 123
537012.5.peg.2464.site.41, 1, 124, 125
537012.5.peg.2464.site.42, 1, 122, 123
537012.5.peg.2464.site.43, 1, 124, 125
537012.5.peg.2464.site.44, 4, 123, 127
537012.5.peg.2464.site.45, 1, 122, 123
537012.5.peg.2464.site.46, 4, 122, 126
537012.5.peg.2464.site.47, 0, 121, 121
537012.5.peg.2464.site.48, 1, 122, 123
537012.5.peg.2464.site.49, 1, 122, 123
537012.5.peg.2464.site.50, 3, 125, 128
537012.5.peg.2464.site.51, 0, 123, 123
537012.5.peg.2464.site.52, 0, 123, 123
537012.5.peg.2464.site.53, 2, 126, 128
537012.5.peg.2464.site.54, 2, 124, 126
537012.5.peg.2464.site.55, 3, 124, 127
537012.5.peg.2464.site.56, 3, 126, 129
537012.5.peg.2464.site.57, 97, 120, 217
537012.5.peg.2464.site.58, 1, 123, 124
537012.5.peg.2464.site.59, 0, 121, 121
537012.5.peg.2464.site.60, 4, 123, 127
537012.5.peg.2464.site.61, 4, 122, 126
537012.5.peg.2464.site.62, 19, 122, 141
537012.5.peg.2464.site.63, 4, 122, 126
537012.5.peg.2466.site.1, 0, 128, 128
537012.5.peg.2466.site.2, 7, 128, 135
537012.5.peg.2466.site.3, 6, 129, 135
537012.5.peg.2466.site.4, 7, 130, 137
537012.5.peg.2466.site.5, 1, 130, 131
537012.5.peg.2466.site.6, 44, 132, 176
537012.5.peg.2466.site.7, 20, 133, 153
537012.5.peg.2466.site.8, 3, 132, 135
537012.5.peg.2466.site.9, 1, 130, 131
537012.5.peg.2466.site.10, 1, 130, 131
537012.5.peg.2466.site.11, 2, 132, 134
537012.5.peg.2466.site.12, 5, 133, 138
537012.5.peg.2466.site.13, 19, 133, 152
537012.5.peg.2466.site.14, 5, 132, 137
537012.5.peg.2466.site.15, 4, 133, 137
537012.5.peg.2466.site.16, 11, 132, 143
537012.5.peg.2466.site.17, 6, 134, 140
537012.5.peg.2466.site.18, 8, 131, 139
537012.5.peg.2466.site.19, 11, 133, 144
537012.5.peg.2466.site.20, 1, 129, 130
537012.5.peg.2466.site.21, 8, 129, 137
537012.5.peg.2466.site.22, 7, 129, 136
537012.5.peg.2466.site.23, 31, 130, 161
537012.5.peg.2466.site.24, 1, 130, 131
537012.5.peg.2466.site.25, 1, 130, 131
537012.5.peg.2466.site.26, 8, 131, 139
537012.5.peg.2466.site.27, 3, 130, 133
537012.5.peg.2466.site.28, 7, 130, 137
537012.5.peg.2466.site.29, 85, 128, 213
537012.5.peg.2466.site.30, 95, 127, 222
537012.5.peg.2466.site.31, 3, 128, 131
537012.5.peg.2466.site.32, 7, 129, 136
537012.5.peg.2466.site.33, 0, 133, 133
537012.5.peg.2466.site.34, 5, 133, 138
537012.5.peg.2466.site.35, 7, 134, 141
537012.5.peg.2466.site.36, 10, 132, 142
537012.5.peg.2466.site.37, 11, 132, 143
537012.5.peg.2466.site.38, 11, 132, 143
537012.5.peg.2466.site.39, 10, 132, 142
537012.5.peg.2466.site.40, 17, 133, 150
537012.5.peg.2466.site.41, 12, 130, 142
537012.5.peg.2466.site.42, 1, 134, 135
537012.5.peg.2466.site.43, 1, 133, 134
537012.5.peg.2466.site.44, 1, 133, 134
537012.5.peg.2466.site.45, 2, 133, 135
537012.5.peg.2466.site.46, 1, 134, 135
537012.5.peg.2466.site.47, 10, 134, 144
537012.5.peg.2466.site.48, 6, 134, 140
537012.5.peg.2467.site.1, 3, 131, 134
537012.5.peg.2467.site.2, 3, 131, 134
537012.5.peg.2467.site.3, 1, 133, 134
537012.5.peg.2467.site.4, 3, 130, 133
537012.5.peg.2467.site.5, 38, 130, 168
537012.5.peg.2467.site.6, 3, 130, 133
537012.5.peg.2467.site.7, 4, 128, 132
537012.5.peg.2467.site.8, 7, 128, 135
537012.5.peg.2467.site.9, 47, 128, 175
537012.5.peg.2467.site.10, 1, 126, 127
537012.5.peg.2467.site.11, 9, 125, 134
537012.5.peg.2467.site.12, 17, 128, 145
537012.5.peg.2467.site.13, 31, 129, 160
537012.5.peg.2467.site.14, 5, 129, 134
537012.5.peg.2467.site.15, 1, 130, 131
537012.5.peg.2467.site.16, 5, 133, 138
537012.5.peg.2467.site.17, 6, 133, 139
537012.5.peg.2467.site.18, 4, 131, 135
537012.5.peg.2467.site.19, 6, 132, 138
537012.5.peg.2467.site.20, 5, 132, 137
537012.5.peg.2467.site.21, 1, 130, 131
537012.5.peg.2467.site.22, 1, 133, 134
537012.5.peg.2467.site.23, 4, 132, 136
537012.5.peg.2467.site.24, 132, 133, 265
537012.5.peg.2467.site.25, 7, 133, 140
537012.5.peg.2467.site.26, 7, 134, 141
537012.5.peg.2467.site.27, 2, 130, 132
537012.5.peg.2467.site.28, 2, 130, 132
537012.5.peg.2467.site.29, 3, 131, 134
537012.5.peg.2467.site.30, 2, 133, 135
537012.5.peg.2467.site.31, 11, 132, 143
537012.5.peg.2467.site.32, 4, 130, 134
537012.5.peg.2467.site.33, 7, 133, 140
537012.5.peg.2467.site.34, 68, 131, 199
537012.5.peg.2467.site.35, 6, 131, 137
537012.5.peg.2467.site.36, 4, 132, 136
537012.5.peg.2467.site.37, 1, 134, 135
537012.5.peg.2467.site.38, 2, 130, 132
537012.5.peg.2467.site.39, 1, 130, 131
537012.5.peg.2467.site.40, 7, 130, 137
537012.5.peg.2467.site.41, 65, 130, 195
537012.5.peg.2467.site.42, 6, 130, 136
537012.5.peg.2467.site.43, 7, 130, 137
537012.5.peg.2467.site.44, 7, 130, 137
537012.5.peg.2467.site.45, 4, 130, 134
537012.5.peg.2467.site.46, 4, 128, 132
537012.5.peg.2467.site.47, 0, 128, 128
537012.5.peg.2467.site.48, 2, 128, 130
537012.5.peg.2467.site.49, 4, 128, 132
537012.5.peg.2467.site.50, 2, 132, 134
537012.5.peg.2467.site.51, 119, 127, 246
537012.5.peg.2467.site.52, 1, 132, 133
537012.5.peg.2467.site.53, 11, 133, 144
537012.5.peg.2467.site.54, 11, 132, 143
537012.5.peg.2467.site.55, 1, 134, 135
537012.5.peg.2467.site.56, 6, 134, 140
537012.5.peg.2467.site.57, 1, 134, 135
537012.5.peg.2467.site.58, 0, 134, 134
537012.5.peg.2467.site.59, 10, 131, 141
537012.5.peg.2467.site.60, 7, 132, 139
537012.5.peg.2467.site.61, 2, 130, 132
537012.5.peg.2467.site.62, 18, 128, 146
537012.5.peg.2467.site.63, 6, 128, 134
537012.5.peg.2467.site.64, 1, 130, 131
537012.5.peg.2467.site.65, 2, 130, 132
537012.5.peg.2467.site.66, 4, 130, 134
537012.5.peg.2467.site.67, 5, 132, 137
537012.5.peg.2467.site.68, 7, 134, 141
537012.5.peg.2467.site.69, 7, 134, 141
537012.5.peg.2467.site.70, 1, 134, 135
537012.5.peg.2467.site.71, 3, 131, 134
537012.5.peg.2467.site.72, 7, 134, 141
537012.5.peg.2467.site.73, 3, 131, 134
537012.5.peg.2467.site.74, 8, 130, 138
537012.5.peg.2467.site.75, 1, 124, 125
537012.5.peg.2467.site.76, 11, 121, 132
537012.5.peg.2467.site.77, 5, 126, 131
537012.5.peg.2467.site.78, 19, 128, 147
537012.5.peg.2467.site.79, 1, 130, 131
537012.5.peg.2467.site.80, 5, 133, 138
537012.5.peg.2467.site.81, 21, 133, 154
537012.5.peg.2467.site.82, 1, 131, 132
537012.5.peg.2467.site.83, 1, 127, 128
537012.5.peg.2467.site.84, 2, 125, 127
537012.5.peg.2467.site.85, 5, 124, 129
537012.5.peg.2467.site.86, 34, 123, 157
537012.5.peg.2467.site.87, 4, 131, 135
537012.5.peg.2467.site.88, 6, 133, 139
537012.5.peg.2467.site.89, 19, 132, 151
537012.5.peg.2467.site.90, 1, 129, 130
537012.5.peg.2467.site.91, 2, 127, 129
537012.5.peg.2467.site.92, 3, 126, 129
537012.5.peg.2467.site.93, 125, 126, 251
537012.5.peg.2467.site.94, 3, 130, 133
537012.5.peg.2467.site.95, 9, 130, 139
537012.5.peg.2467.site.96, 3, 133, 136
537012.5.peg.2467.site.97, 5, 132, 137
537012.5.peg.2467.site.98, 5, 132, 137
537012.5.peg.2467.site.99, 5, 130, 135
537012.5.peg.2467.site.100, 2, 132, 134
537012.5.peg.2467.site.101, 7, 134, 141
537012.5.peg.2467.site.102, 2, 134, 136
537012.5.peg.2467.site.103, 1, 134, 135
537012.5.peg.2467.site.104, 1, 133, 134
537012.5.peg.2467.site.105, 0, 134, 134
537012.5.peg.2462.site.1, 2, 62, 64
537012.5.peg.2462.site.2, 16, 123, 139
537012.5.peg.2462.site.3, 2, 124, 126
537012.5.peg.2462.site.4, 14, 123, 137
537012.5.peg.2462.site.5, 2, 122, 124
537012.5.peg.2462.site.6, 33, 120, 153
537012.5.peg.2462.site.7, 35, 123, 158
537012.5.peg.2462.site.8, 31, 123, 154
537012.5.peg.2462.site.9, 2, 124, 126
537012.5.peg.2462.site.10, 2, 124, 126
537012.5.peg.2462.site.11, 49, 124, 173
537012.5.peg.2462.site.12, 53, 123, 176
537012.5.peg.2462.site.13, 53, 121, 174
537012.5.peg.2462.site.14, 3, 124, 127
537012.5.peg.2462.site.15, 3, 124, 127
537012.5.peg.2462.site.16, 5, 126, 131
537012.5.peg.2462.site.17, 0, 127, 127
537012.5.peg.2462.site.18, 2, 126, 128
537012.5.peg.2462.site.19, 2, 124, 126
537012.5.peg.2462.site.20, 22, 127, 149
537012.5.peg.2462.site.21, 3, 125, 128
537012.5.peg.2462.site.22, 3, 124, 127
537012.5.peg.2462.site.23, 28, 127, 155
537012.5.peg.2462.site.24, 1, 127, 128
537012.5.peg.2462.site.25, 1, 123, 124
537012.5.peg.2462.site.26, 0, 122, 122
537012.5.peg.2462.site.27, 0, 122, 122
537012.5.peg.2462.site.28, 38, 122, 160
537012.5.peg.2462.site.29, 28, 120, 148
537012.5.peg.2462.site.30, 6, 119, 125
537012.5.peg.2462.site.31, 6, 118, 124
537012.5.peg.2462.site.32, 87, 114, 201
537012.5.peg.2462.site.33, 66, 117, 183
537012.5.peg.2462.site.34, 11, 122, 133
537012.5.peg.2462.site.35, 1, 124, 125
537012.5.peg.2462.site.36, 14, 124, 138
537012.5.peg.2462.site.37, 0, 125, 125
537012.5.peg.2462.site.38, 4, 126, 130
537012.5.peg.2462.site.39, 1, 120, 121
537012.5.peg.2462.site.40, 1, 116, 117
537012.5.peg.2462.site.41, 16, 94, 110
537012.5.peg.2462.site.42, 7, 85, 92
537012.5.peg.2462.site.43, 17, 82, 99
537012.5.peg.2462.site.44, 58, 85, 143
537012.5.peg.2462.site.45, 1, 119, 120
537012.5.peg.2462.site.46, 40, 121, 161
537012.5.peg.2462.site.47, 33, 121, 154
537012.5.peg.2462.site.48, 4, 125, 129
537012.5.peg.2462.site.49, 3, 124, 127
537012.5.peg.2462.site.50, 81, 122, 203
537012.5.peg.2462.site.51, 1, 123, 124
537012.5.peg.2462.site.52, 3, 122, 125
537012.5.peg.2462.site.53, 11, 121, 132
537012.5.peg.2462.site.54, 100, 123, 223
537012.5.peg.2463.site.1, 26, 125, 151
537012.5.peg.2463.site.2, 1, 125, 126
537012.5.peg.2463.site.3, 31, 121, 152
537012.5.peg.2463.site.4, 0, 122, 122
537012.5.peg.2463.site.5, 3, 124, 127
537012.5.peg.2463.site.6, 4, 124, 128
537012.5.peg.2463.site.7, 1, 125, 126
537012.5.peg.2463.site.8, 2, 123, 125
537012.5.peg.2463.site.9, 3, 124, 127
537012.5.peg.2463.site.10, 5, 127, 132
537012.5.peg.2463.site.11, 4, 125, 129
537012.5.peg.2463.site.12, 4, 125, 129
537012.5.peg.2463.site.13, 53, 126, 179
537012.5.peg.2463.site.14, 4, 125, 129
537012.5.peg.2463.site.15, 59, 127, 186
537012.5.peg.2463.site.16, 3, 125, 128
537012.5.peg.2463.site.17, 2, 124, 126
537012.5.peg.2463.site.18, 2, 124, 126
537012.5.peg.2463.site.19, 12, 123, 135
537012.5.peg.2463.site.20, 39, 124, 163
537012.5.peg.2463.site.21, 107, 123, 230
537012.5.peg.2463.site.22, 0, 122, 122
537012.5.peg.2463.site.23, 2, 123, 125
537012.5.peg.2463.site.24, 3, 124, 127
537012.5.peg.2463.site.25, 35, 125, 160
537012.5.peg.2463.site.26, 4, 125, 129
537012.5.peg.2463.site.27, 4, 125, 129
537012.5.peg.2463.site.28, 4, 125, 129
537012.5.peg.2463.site.29, 4, 125, 129
537012.5.peg.2463.site.30, 4, 125, 129
537012.5.peg.2463.site.31, 3, 127, 130
537012.5.peg.2463.site.32, 3, 124, 127
537012.5.peg.2463.site.33, 3, 123, 126
537012.5.peg.2463.site.34, 4, 125, 129
537012.5.peg.2463.site.35, 48, 126, 174
537012.5.peg.2463.site.36, 1, 126, 127
537012.5.peg.2463.site.37, 5, 125, 130
537012.5.peg.2463.site.38, 4, 125, 129
537012.5.peg.2463.site.39, 0, 121, 121
537012.5.peg.2463.site.40, 0, 123, 123
537012.5.peg.2463.site.41, 47, 122, 169
537012.5.peg.2463.site.42, 46, 121, 167
537012.5.peg.2463.site.43, 53, 122, 175
537012.5.peg.2463.site.44, 3, 125, 128
537012.5.peg.2463.site.45, 4, 126, 130
537012.5.peg.2463.site.46, 4, 126, 130
537012.5.peg.2463.site.47, 17, 126, 143
537012.5.peg.2463.site.48, 28, 125, 153
537012.5.peg.2463.site.49, 4, 124, 128
537012.5.peg.2463.site.50, 1, 122, 123
537012.5.peg.2463.site.51, 3, 123, 126
537012.5.peg.2463.site.52, 41, 123, 164
537012.5.peg.2463.site.53, 3, 122, 125
537012.5.peg.2463.site.54, 1, 120, 121
537012.5.peg.3820.site.1, 2, 129, 131
537012.5.peg.3820.site.2, 3, 127, 130
537012.5.peg.3820.site.3, 2, 127, 129
537012.5.peg.3820.site.4, 5, 126, 131
537012.5.peg.3820.site.5, 10, 126, 136
537012.5.peg.3820.site.6, 41, 126, 167
537012.5.peg.3820.site.7, 2, 126, 128
537012.5.peg.3820.site.8, 12, 122, 134
537012.5.peg.3820.site.9, 5, 124, 129
537012.5.peg.3826.site.1, 39, 122, 161
537012.5.peg.3826.site.2, 1, 125, 126
537012.5.peg.3826.site.3, 15, 124, 139
537012.5.peg.3826.site.4, 4, 125, 129
537012.5.peg.3826.site.5, 3, 127, 130
537012.5.peg.3826.site.6, 3, 127, 130
537012.5.peg.3826.site.7, 1, 125, 126
537012.5.peg.3826.site.8, 29, 126, 155
537012.5.peg.3826.site.9, 33, 126, 159
537012.5.peg.3826.site.10, 2, 126, 128
537012.5.peg.3826.site.11, 2, 128, 130
537012.5.peg.3826.site.12, 115, 128, 243
537012.5.peg.3826.site.13, 109, 120, 229
537012.5.peg.3826.site.14, 2, 121, 123
537012.5.peg.3826.site.15, 0, 120, 120
537012.5.peg.3826.site.16, 2, 106, 108
537012.5.peg.3826.site.17, 3, 81, 84
537012.5.peg.3825.site.1, 0, 126, 126
537012.5.peg.3825.site.2, 16, 126, 142
537012.5.peg.3825.site.3, 3, 124, 127
537012.5.peg.3121.site.1, 0, 134, 134
537012.5.peg.3121.site.2, 1, 133, 134
537012.5.peg.3121.site.3, 0, 133, 133
537012.5.peg.3121.site.4, 9, 134, 143
537012.5.peg.3121.site.5, 1, 134, 135
537012.5.peg.3121.site.6, 6, 134, 140
537012.5.peg.3121.site.7, 6, 134, 140
537012.5.peg.3121.site.8, 5, 132, 137
537012.5.peg.3121.site.9, 14, 133, 147
537012.5.peg.3121.site.10, 2, 133, 135
537012.5.peg.3121.site.11, 8, 133, 141
537012.5.peg.3121.site.12, 1, 133, 134
537012.5.peg.3121.site.13, 8, 132, 140
537012.5.peg.3121.site.14, 6, 127, 133
537012.5.peg.3121.site.15, 6, 133, 139
537012.5.peg.3121.site.16, 90, 132, 222
537012.5.peg.3121.site.17, 7, 132, 139
537012.5.peg.3121.site.18, 1, 134, 135
537012.5.peg.3121.site.19, 6, 133, 139
537012.5.peg.3121.site.20, 7, 133, 140
537012.5.peg.3121.site.21, 4, 128, 132
537012.5.peg.3121.site.22, 47, 128, 175
537012.5.peg.3121.site.23, 58, 127, 185
537012.5.peg.3121.site.24, 1, 132, 133
537012.5.peg.3121.site.25, 7, 130, 137
537012.5.peg.3121.site.26, 7, 131, 138
537012.5.peg.3121.site.27, 9, 131, 140
537012.5.peg.3121.site.28, 26, 129, 155
537012.5.peg.3121.site.29, 1, 132, 133
537012.5.peg.3121.site.30, 1, 133, 134
537012.5.peg.3121.site.31, 1, 133, 134
537012.5.peg.3121.site.32, 1, 133, 134
537012.5.peg.3121.site.33, 109, 133, 242
537012.5.peg.3121.site.34, 2, 134, 136
537012.5.peg.3121.site.35, 0, 134, 134
537012.5.peg.3121.site.36, 4, 132, 136
537012.5.peg.3121.site.37, 14, 131, 145
537012.5.peg.3121.site.38, 4, 133, 137
537012.5.peg.3121.site.39, 0, 133, 133
537012.5.peg.3121.site.40, 6, 124, 130
537012.5.peg.3121.site.41, 0, 119, 119
537012.5.peg.3121.site.42, 1, 130, 131
537012.5.peg.3121.site.43, 1, 127, 128
537012.5.peg.3121.site.44, 2, 128, 130
537012.5.peg.3121.site.45, 10, 132, 142
537012.5.peg.3121.site.46, 1, 132, 133
537012.5.peg.3121.site.47, 77, 134, 211
537012.5.peg.3121.site.48, 5, 131, 136
537012.5.peg.3121.site.49, 0, 133, 133
537012.5.peg.3121.site.50, 6, 133, 139
537012.5.peg.3121.site.51, 7, 128, 135
537012.5.peg.3121.site.52, 25, 126, 151
537012.5.peg.3121.site.53, 123, 126, 249
537012.5.peg.3121.site.54, 4, 124, 128
537012.5.peg.3121.site.55, 1, 126, 127
537012.5.peg.3121.site.56, 23, 125, 148
537012.5.peg.3121.site.57, 1, 127, 128
537012.5.peg.3121.site.58, 5, 126, 131
537012.5.peg.3121.site.59, 8, 130, 138
537012.5.peg.3121.site.60, 8, 130, 138
537012.5.peg.3121.site.61, 74, 128, 202
537012.5.peg.3121.site.62, 9, 129, 138
537012.5.peg.3121.site.63, 0, 126, 126
537012.5.peg.3121.site.64, 2, 129, 131
537012.5.peg.3121.site.65, 0, 130, 130
537012.5.peg.3121.site.66, 9, 130, 139
537012.5.peg.3804.site.1, 1, 134, 135
537012.5.peg.3804.site.2, 4, 133, 137
537012.5.peg.3804.site.3, 2, 134, 136
537012.5.peg.3804.site.4, 0, 134, 134
537012.5.peg.3804.site.5, 104, 132, 236
537012.5.peg.3804.site.6, 2, 134, 136
537012.5.peg.3804.site.7, 3, 132, 135
537012.5.peg.3804.site.8, 6, 134, 140
537012.5.peg.3804.site.9, 8, 134, 142
537012.5.peg.3804.site.10, 19, 134, 153
537012.5.peg.3804.site.11, 2, 133, 135
537012.5.peg.3804.site.12, 100, 129, 229
537012.5.peg.3804.site.13, 12, 131, 143
537012.5.peg.3804.site.14, 1, 129, 130
537012.5.peg.3804.site.15, 2, 129, 131
537012.5.peg.3804.site.16, 78, 129, 207
537012.5.peg.3804.site.17, 1, 133, 134
537012.5.peg.3804.site.18, 4, 132, 136
537012.5.peg.3804.site.19, 0, 134, 134
537012.5.peg.3807.site.1, 3, 134, 137
537012.5.peg.3807.site.2, 0, 134, 134
537012.5.peg.3807.site.3, 0, 134, 134
537012.5.peg.3806.site.1, 1, 130, 131
537012.5.peg.3806.site.2, 1, 130, 131
537012.5.peg.3806.site.3, 11, 130, 141
537012.5.peg.3806.site.4, 1, 128, 129
537012.5.peg.3806.site.5, 3, 125, 128
537012.5.peg.3806.site.6, 0, 121, 121
537012.5.peg.3801.site.1, 9, 134, 143
537012.5.peg.3801.site.2, 52, 131, 183
537012.5.peg.3801.site.3, 4, 132, 136
537012.5.peg.3801.site.4, 1, 134, 135
537012.5.peg.3801.site.5, 2, 134, 136
537012.5.peg.3801.site.6, 4, 132, 136
537012.5.peg.3801.site.7, 114, 133, 247
537012.5.peg.3801.site.8, 8, 133, 141
537012.5.peg.3801.site.9, 1, 133, 134
537012.5.peg.3801.site.10, 9, 133, 142
537012.5.peg.3801.site.11, 12, 133, 145
537012.5.peg.3801.site.12, 2, 132, 134
537012.5.peg.3801.site.13, 22, 133, 155
537012.5.peg.3801.site.14, 0, 134, 134
537012.5.peg.3801.site.15, 4, 132, 136
537012.5.peg.3801.site.16, 30, 134, 164
537012.5.peg.3801.site.17, 30, 134, 164
537012.5.peg.3801.site.18, 4, 132, 136
537012.5.peg.3801.site.19, 1, 134, 135
537012.5.peg.3801.site.20, 15, 132, 147
537012.5.peg.3801.site.21, 4, 132, 136
537012.5.peg.3801.site.22, 52, 131, 183
537012.5.peg.3801.site.23, 1, 129, 130
537012.5.peg.3801.site.24, 13, 129, 142
537012.5.peg.3801.site.25, 1, 130, 131
537012.5.peg.3801.site.26, 8, 129, 137
537012.5.peg.3800.site.1, 3, 118, 121
537012.5.peg.3800.site.2, 97, 116, 213
537012.5.peg.3800.site.3, 1, 122, 123
537012.5.peg.3800.site.4, 1, 127, 128
537012.5.peg.3800.site.5, 6, 127, 133
537012.5.peg.3800.site.6, 4, 124, 128
537012.5.peg.3800.site.7, 4, 130, 134
537012.5.peg.3800.site.8, 5, 132, 137
537012.5.peg.3800.site.9, 3, 133, 136
537012.5.peg.3800.site.10, 10, 134, 144
537012.5.peg.3800.site.11, 6, 134, 140
537012.5.peg.3800.site.12, 4, 132, 136
537012.5.peg.3800.site.13, 1, 134, 135
537012.5.peg.3800.site.14, 3, 133, 136
537012.5.peg.3800.site.15, 15, 132, 147
537012.5.peg.3800.site.16, 8, 134, 142
537012.5.peg.3800.site.17, 57, 117, 174
537012.5.peg.3800.site.18, 32, 125, 157
537012.5.peg.3800.site.19, 6, 126, 132
537012.5.peg.3800.site.20, 8, 124, 132
537012.5.peg.3800.site.21, 3, 128, 131
537012.5.peg.3800.site.22, 2, 131, 133
537012.5.peg.3800.site.23, 19, 132, 151
537012.5.peg.3800.site.24, 3, 133, 136
537012.5.peg.3803.site.1, 3, 134, 137
537012.5.peg.3803.site.2, 2, 134, 136
537012.5.peg.3803.site.3, 4, 129, 133
537012.5.peg.3803.site.4, 3, 134, 137
537012.5.peg.3803.site.5, 0, 133, 133
537012.5.peg.3803.site.6, 0, 133, 133
537012.5.peg.3803.site.7, 52, 134, 186
537012.5.peg.3803.site.8, 2, 134, 136
537012.5.peg.3803.site.9, 15, 134, 149
537012.5.peg.3802.site.1, 1, 123, 124
537012.5.peg.3802.site.2, 3, 125, 128
537012.5.peg.3802.site.3, 122, 133, 255
537012.5.peg.3802.site.4, 6, 134, 140
537012.5.peg.3802.site.5, 15, 134, 149
537012.5.peg.3802.site.6, 5, 132, 137
537012.5.peg.3802.site.7, 7, 133, 140
537012.5.peg.3802.site.8, 8, 131, 139
537012.5.peg.3802.site.9, 125, 133, 258
537012.5.peg.3802.site.10, 24, 132, 156
537012.5.peg.3802.site.11, 4, 132, 136
537012.5.peg.3802.site.12, 3, 134, 137
537012.5.peg.3802.site.13, 3, 134, 137
537012.5.peg.3802.site.14, 21, 133, 154
537012.5.peg.3802.site.15, 4, 133, 137
537012.5.peg.3802.site.16, 1, 134, 135
537012.5.peg.3802.site.17, 2, 134, 136
537012.5.peg.3802.site.18, 1, 134, 135
537012.5.peg.3802.site.19, 3, 134, 137
537012.5.peg.3802.site.20, 15, 133, 148
537012.5.peg.3802.site.21, 13, 132, 145
537012.5.peg.3802.site.22, 6, 131, 137
537012.5.peg.3802.site.23, 5, 131, 136
537012.5.peg.3802.site.24, 20, 130, 150
537012.5.peg.3802.site.25, 4, 128, 132
537012.5.peg.3802.site.26, 4, 128, 132
537012.5.peg.3802.site.27, 4, 128, 132
537012.5.peg.3802.site.28, 5, 127, 132
537012.5.peg.3802.site.29, 4, 128, 132
537012.5.peg.3802.site.30, 9, 133, 142
537012.5.peg.3802.site.31, 15, 131, 146
537012.5.peg.3802.site.32, 15, 131, 146
537012.5.peg.3802.site.33, 1, 131, 132
537012.5.peg.3802.site.34, 0, 132, 132
537012.5.peg.3802.site.35, 17, 133, 150
537012.5.peg.3802.site.36, 10, 134, 144
537012.5.peg.3802.site.37, 3, 132, 135
537012.5.peg.3802.site.38, 3, 132, 135
537012.5.peg.3802.site.39, 2, 131, 133
537012.5.peg.3802.site.40, 10, 131, 141
537012.5.peg.3802.site.41, 1, 132, 133
537012.5.peg.3802.site.42, 2, 134, 136
537012.5.peg.3802.site.43, 5, 134, 139
537012.5.peg.3802.site.44, 11, 134, 145
537012.5.peg.3802.site.45, 2, 134, 136
537012.5.peg.3802.site.46, 10, 134, 144
537012.5.peg.3802.site.47, 2, 133, 135
537012.5.peg.3809.site.1, 14, 132, 146
537012.5.peg.3809.site.2, 10, 133, 143
537012.5.peg.3809.site.3, 23, 133, 156
537012.5.peg.3809.site.4, 4, 132, 136
537012.5.peg.3809.site.5, 1, 134, 135
537012.5.peg.3809.site.6, 1, 134, 135
537012.5.peg.3809.site.7, 1, 133, 134
537012.5.peg.3809.site.8, 2, 134, 136
537012.5.peg.3809.site.9, 2, 134, 136
537012.5.peg.3809.site.10, 1, 134, 135
537012.5.peg.3809.site.11, 4, 131, 135
537012.5.peg.3809.site.12, 3, 134, 137
537012.5.peg.3809.site.13, 14, 133, 147
537012.5.peg.3809.site.14, 1, 132, 133
537012.5.peg.3809.site.15, 2, 134, 136
537012.5.peg.3809.site.16, 3, 134, 137
537012.5.peg.3809.site.17, 5, 133, 138
537012.5.peg.3809.site.18, 1, 133, 134
537012.5.peg.3809.site.19, 4, 132, 136
537012.5.peg.3809.site.20, 0, 134, 134
537012.5.peg.3809.site.21, 15, 132, 147
537012.5.peg.3809.site.22, 5, 134, 139
537012.5.peg.3808.site.1, 3, 134, 137
537012.5.peg.3808.site.2, 2, 134, 136
537012.5.peg.3808.site.3, 5, 134, 139
537012.5.peg.3808.site.4, 3, 134, 137
537012.5.peg.3808.site.5, 0, 134, 134
537012.5.peg.3808.site.6, 32, 132, 164
537012.5.peg.3808.site.7, 76, 131, 207
537012.5.peg.3808.site.8, 1, 134, 135
537012.5.peg.3808.site.9, 1, 134, 135
537012.5.peg.3808.site.10, 5, 134, 139
537012.5.peg.3808.site.11, 3, 134, 137
537012.5.peg.3808.site.12, 5, 133, 138
537012.5.peg.3808.site.13, 4, 134, 138
537012.5.peg.3808.site.14, 3, 134, 137
537012.5.peg.3808.site.15, 6, 132, 138
537012.5.peg.3808.site.16, 1, 134, 135
537012.5.peg.3808.site.17, 3, 133, 136
537012.5.peg.3808.site.18, 2, 133, 135
537012.5.peg.3808.site.19, 2, 131, 133
537012.5.peg.3808.site.20, 5, 133, 138
537012.5.peg.3808.site.21, 1, 132, 133
537012.5.peg.3808.site.22, 1, 132, 133
537012.5.peg.3808.site.23, 2, 134, 136
537012.5.peg.3808.site.24, 6, 134, 140
537012.5.peg.3808.site.25, 2, 134, 136
537012.5.peg.3808.site.26, 34, 132, 166
537012.5.peg.3808.site.27, 1, 134, 135
537012.5.peg.3808.site.28, 5, 134, 139
537012.5.peg.3808.site.29, 4, 131, 135
537012.5.peg.3808.site.30, 14, 130, 144
537012.5.peg.3808.site.31, 4, 130, 134
537012.5.peg.3808.site.32, 29, 129, 158
537012.5.peg.3808.site.33, 14, 130, 144
537012.5.peg.3808.site.34, 19, 129, 148
537012.5.peg.3023.site.1, 1, 121, 122
537012.5.peg.3023.site.2, 1, 124, 125
537012.5.peg.3023.site.3, 71, 126, 197
537012.5.peg.3023.site.4, 25, 128, 153
537012.5.peg.3023.site.5, 7, 129, 136
537012.5.peg.3023.site.6, 1, 132, 133
537012.5.peg.3023.site.7, 1, 131, 132
537012.5.peg.3023.site.8, 0, 126, 126
537012.5.peg.3023.site.9, 7, 127, 134
537012.5.peg.3023.site.10, 0, 127, 127
537012.5.peg.3023.site.11, 6, 132, 138
537012.5.peg.3023.site.12, 1, 132, 133
537012.5.peg.3023.site.13, 3, 132, 135
537012.5.peg.3023.site.14, 13, 131, 144
537012.5.peg.3023.site.15, 1, 132, 133
537012.5.peg.3023.site.16, 1, 129, 130
537012.5.peg.3023.site.17, 9, 132, 141
537012.5.peg.3023.site.18, 1, 131, 132
537012.5.peg.3023.site.19, 7, 130, 137
537012.5.peg.3023.site.20, 80, 131, 211
537012.5.peg.3023.site.21, 0, 130, 130
537012.5.peg.3023.site.22, 10, 129, 139
537012.5.peg.3023.site.23, 0, 130, 130
537012.5.peg.3023.site.24, 2, 130, 132
537012.5.peg.3023.site.25, 33, 129, 162
537012.5.peg.3023.site.26, 0, 129, 129
537012.5.peg.3023.site.27, 60, 128, 188
537012.5.peg.3023.site.28, 15, 130, 145
537012.5.peg.3023.site.29, 69, 129, 198
537012.5.peg.3023.site.30, 12, 130, 142
537012.5.peg.3023.site.31, 128, 130, 258
537012.5.peg.3023.site.32, 1, 129, 130
537012.5.peg.3023.site.33, 61, 127, 188
537012.5.peg.3023.site.34, 0, 120, 120
537012.5.peg.3023.site.35, 1, 119, 120
537012.5.peg.3023.site.36, 19, 119, 138
537012.5.peg.3023.site.37, 1, 119, 120
537012.5.peg.3023.site.38, 0, 119, 119
537012.5.peg.3023.site.39, 5, 119, 124
537012.5.peg.3023.site.40, 5, 123, 128
537012.5.peg.3023.site.41, 9, 133, 142
537012.5.peg.3023.site.42, 5, 133, 138
537012.5.peg.3023.site.43, 1, 133, 134
537012.5.peg.3023.site.44, 9, 134, 143
537012.5.peg.3023.site.45, 10, 130, 140
537012.5.peg.3023.site.46, 14, 132, 146
537012.5.peg.3023.site.47, 22, 133, 155
537012.5.peg.3023.site.48, 4, 132, 136
537012.5.peg.3023.site.49, 2, 134, 136
537012.5.peg.3023.site.50, 5, 132, 137
537012.5.peg.3023.site.51, 43, 132, 175
537012.5.peg.3023.site.52, 5, 133, 138
537012.5.peg.3023.site.53, 5, 133, 138
537012.5.peg.3023.site.54, 5, 131, 136
537012.5.peg.3023.site.55, 4, 133, 137
537012.5.peg.3023.site.56, 3, 133, 136
537012.5.peg.3023.site.57, 5, 132, 137
537012.5.peg.3023.site.58, 14, 131, 145
537012.5.peg.3023.site.59, 0, 129, 129
537012.5.peg.3023.site.60, 10, 129, 139
537012.5.peg.3023.site.61, 3, 131, 134
537012.5.peg.3023.site.62, 4, 133, 137
537012.5.peg.3020.site.1, 3, 123, 126
537012.5.peg.3020.site.2, 3, 123, 126
537012.5.peg.3020.site.3, 0, 126, 126
537012.5.peg.3020.site.4, 3, 126, 129
537012.5.peg.3020.site.5, 10, 126, 136
537012.5.peg.3027.site.1, 14, 132, 146
537012.5.peg.3027.site.2, 45, 133, 178
537012.5.peg.3027.site.3, 7, 132, 139
537012.5.peg.3027.site.4, 1, 134, 135
537012.5.peg.3027.site.5, 3, 134, 137
537012.5.peg.3027.site.6, 5, 134, 139
537012.5.peg.3027.site.7, 1, 134, 135
537012.5.peg.3027.site.8, 3, 134, 137
537012.5.peg.3027.site.9, 12, 134, 146
537012.5.peg.3027.site.10, 3, 121, 124
537012.5.peg.3027.site.11, 20, 120, 140
537012.5.peg.3027.site.12, 4, 122, 126
537012.5.peg.3027.site.13, 35, 133, 168
537012.5.peg.3027.site.14, 7, 132, 139
537012.5.peg.3027.site.15, 43, 134, 177
537012.5.peg.3027.site.16, 0, 134, 134
537012.5.peg.3027.site.17, 1, 134, 135
537012.5.peg.3027.site.18, 9, 134, 143
537012.5.peg.3027.site.19, 10, 134, 144
537012.5.peg.3027.site.20, 10, 134, 144
537012.5.peg.3027.site.21, 34, 132, 166
537012.5.peg.3027.site.22, 4, 132, 136
537012.5.peg.3027.site.23, 1, 134, 135
537012.5.peg.3027.site.24, 20, 134, 154
537012.5.peg.3027.site.25, 10, 134, 144
537012.5.peg.3027.site.26, 3, 132, 135
537012.5.peg.3027.site.27, 34, 132, 166
537012.5.peg.3027.site.28, 20, 134, 154
537012.5.peg.3027.site.29, 22, 134, 156
537012.5.peg.3027.site.30, 4, 134, 138
537012.5.peg.3027.site.31, 6, 133, 139
537012.5.peg.3027.site.32, 20, 133, 153
537012.5.peg.3027.site.33, 30, 133, 163
537012.5.peg.3027.site.34, 10, 134, 144
537012.5.peg.3027.site.35, 44, 133, 177
537012.5.peg.3027.site.36, 1, 133, 134
537012.5.peg.3027.site.37, 7, 134, 141
537012.5.peg.3027.site.38, 3, 134, 137
537012.5.peg.3027.site.39, 3, 134, 137
537012.5.peg.3027.site.40, 87, 132, 219
537012.5.peg.3027.site.41, 7, 134, 141
537012.5.peg.3027.site.42, 7, 134, 141
537012.5.peg.3027.site.43, 25, 134, 159
537012.5.peg.3027.site.44, 4, 133, 137
537012.5.peg.3027.site.45, 5, 133, 138
537012.5.peg.3027.site.46, 21, 134, 155
537012.5.peg.3027.site.47, 3, 132, 135
537012.5.peg.3027.site.48, 3, 132, 135
537012.5.peg.3027.site.49, 86, 133, 219
537012.5.peg.3027.site.50, 6, 134, 140
537012.5.peg.3027.site.51, 0, 134, 134
537012.5.peg.3027.site.52, 4, 134, 138
537012.5.peg.3027.site.53, 7, 134, 141
537012.5.peg.3027.site.54, 33, 132, 165
537012.5.peg.3027.site.55, 28, 132, 160
537012.5.peg.3027.site.56, 5, 134, 139
537012.5.peg.3027.site.57, 6, 134, 140
537012.5.peg.3027.site.58, 102, 134, 236
537012.5.peg.3027.site.59, 4, 134, 138
537012.5.peg.3027.site.60, 127, 134, 261
537012.5.peg.3027.site.61, 2, 134, 136
537012.5.peg.3027.site.62, 3, 133, 136
537012.5.peg.3027.site.63, 28, 132, 160
537012.5.peg.3027.site.64, 95, 132, 227
537012.5.peg.3027.site.65, 1, 134, 135
537012.5.peg.3027.site.66, 7, 134, 141
537012.5.peg.3027.site.67, 13, 133, 146
537012.5.peg.3027.site.68, 0, 133, 133
537012.5.peg.3027.site.69, 6, 132, 138
537012.5.peg.3027.site.70, 3, 134, 137
537012.5.peg.3026.site.1, 1, 134, 135
537012.5.peg.3026.site.2, 46, 131, 177
537012.5.peg.3026.site.3, 7, 134, 141
537012.5.peg.3026.site.4, 3, 131, 134
537012.5.peg.3026.site.5, 3, 134, 137
537012.5.peg.3026.site.6, 89, 133, 222
537012.5.peg.3026.site.7, 6, 134, 140
537012.5.peg.3026.site.8, 44, 133, 177
537012.5.peg.3026.site.9, 6, 134, 140
537012.5.peg.3026.site.10, 3, 133, 136
537012.5.peg.3026.site.11, 5, 133, 138
537012.5.peg.3026.site.12, 35, 133, 168
537012.5.peg.3026.site.13, 132, 134, 266
537012.5.peg.3026.site.14, 6, 134, 140
537012.5.peg.3026.site.15, 3, 134, 137
537012.5.peg.3026.site.16, 3, 133, 136
537012.5.peg.3026.site.17, 17, 132, 149
537012.5.peg.3026.site.18, 3, 133, 136
537012.5.peg.3026.site.19, 2, 131, 133
537012.5.peg.3026.site.20, 2, 131, 133
537012.5.peg.3026.site.21, 4, 133, 137
537012.5.peg.3025.site.1, 26, 132, 158
537012.5.peg.3025.site.2, 0, 134, 134
537012.5.peg.3025.site.3, 1, 133, 134
537012.5.peg.3025.site.4, 9, 132, 141
537012.5.peg.3025.site.5, 5, 132, 137
537012.5.peg.3025.site.6, 1, 130, 131
537012.5.peg.3025.site.7, 5, 130, 135
537012.5.peg.3025.site.8, 13, 133, 146
537012.5.peg.3024.site.1, 5, 132, 137
537012.5.peg.3024.site.2, 2, 130, 132
537012.5.peg.3024.site.3, 0, 128, 128
537012.5.peg.3024.site.4, 43, 128, 171
537012.5.peg.3024.site.5, 13, 131, 144
537012.5.peg.3024.site.6, 13, 134, 147
537012.5.peg.3024.site.7, 3, 131, 134
537012.5.peg.3024.site.8, 17, 132, 149
537012.5.peg.3024.site.9, 41, 132, 173
537012.5.peg.3024.site.10, 1, 134, 135
537012.5.peg.3024.site.11, 7, 134, 141
537012.5.peg.3024.site.12, 13, 133, 146
537012.5.peg.3024.site.13, 7, 134, 141
537012.5.peg.3024.site.14, 18, 133, 151
537012.5.peg.3024.site.15, 31, 133, 164
537012.5.peg.3024.site.16, 1, 134, 135
537012.5.peg.3024.site.17, 5, 133, 138
537012.5.peg.3024.site.18, 31, 134, 165
537012.5.peg.3024.site.19, 13, 134, 147
537012.5.peg.3024.site.20, 0, 134, 134
537012.5.peg.3024.site.21, 0, 134, 134
537012.5.peg.3024.site.22, 6, 134, 140
537012.5.peg.3024.site.23, 67, 131, 198
537012.5.peg.3024.site.24, 13, 133, 146
537012.5.peg.3024.site.25, 23, 132, 155
537012.5.peg.3024.site.26, 2, 134, 136
537012.5.peg.3024.site.27, 5, 131, 136
537012.5.peg.3024.site.28, 0, 133, 133
537012.5.peg.3024.site.29, 8, 134, 142
537012.5.peg.3024.site.30, 10, 133, 143
537012.5.peg.3024.site.31, 4, 132, 136
537012.5.peg.3024.site.32, 4, 132, 136
537012.5.peg.3024.site.33, 13, 134, 147
537012.5.peg.3024.site.34, 106, 130, 236
537012.5.peg.3024.site.35, 5, 134, 139
537012.5.peg.3024.site.36, 17, 132, 149
537012.5.peg.3024.site.37, 5, 134, 139
537012.5.peg.3024.site.38, 4, 134, 138
537012.5.peg.3024.site.39, 3, 133, 136
537012.5.peg.3024.site.40, 10, 132, 142
537012.5.peg.3024.site.41, 3, 134, 137
537012.5.peg.3024.site.42, 0, 134, 134
537012.5.peg.3024.site.43, 16, 134, 150
537012.5.peg.3024.site.44, 35, 134, 169
537012.5.peg.3024.site.45, 0, 133, 133
537012.5.peg.3024.site.46, 15, 133, 148
537012.5.peg.3024.site.47, 65, 131, 196
537012.5.peg.3024.site.48, 82, 129, 211
537012.5.peg.3024.site.49, 101, 131, 232
537012.5.peg.3024.site.50, 103, 133, 236
537012.5.peg.3024.site.51, 23, 131, 154
537012.5.peg.3024.site.52, 9, 133, 142
537012.5.peg.3024.site.53, 2, 134, 136
537012.5.peg.3024.site.54, 11, 131, 142
537012.5.peg.3024.site.55, 113, 134, 247
537012.5.peg.3024.site.56, 1, 134, 135
537012.5.peg.3024.site.57, 4, 134, 138
537012.5.peg.3024.site.58, 25, 130, 155
537012.5.peg.4042.site.1, 0, 100, 100
537012.5.peg.4042.site.2, 35, 98, 133
537012.5.peg.4042.site.3, 3, 95, 98
537012.5.peg.4042.site.4, 1, 82, 83
537012.5.peg.4042.site.5, 1, 82, 83
537012.5.peg.4042.site.6, 9, 77, 86
537012.5.peg.4042.site.7, 4, 76, 80
537012.5.peg.4042.site.8, 2, 73, 75
537012.5.peg.4042.site.9, 0, 71, 71
537012.5.peg.4042.site.10, 10, 71, 81
537012.5.peg.4042.site.11, 37, 73, 110
537012.5.peg.4042.site.12, 0, 80, 80
537012.5.peg.4042.site.13, 6, 89, 95
537012.5.peg.4042.site.14, 34, 91, 125
537012.5.peg.4042.site.15, 3, 90, 93
537012.5.peg.4042.site.16, 17, 89, 106
537012.5.peg.4042.site.17, 2, 86, 88
537012.5.peg.4042.site.18, 27, 85, 112
537012.5.peg.4042.site.19, 33, 84, 117
537012.5.peg.4042.site.20, 1, 71, 72
537012.5.peg.4042.site.21, 43, 68, 111
537012.5.peg.4042.site.22, 4, 59, 63
537012.5.peg.3435.site.1, 31, 85, 116
537012.5.peg.3435.site.2, 4, 130, 134
537012.5.peg.3435.site.3, 1, 134, 135
537012.5.peg.3435.site.4, 11, 132, 143
537012.5.peg.3435.site.5, 5, 133, 138
537012.5.peg.3435.site.6, 12, 134, 146
537012.5.peg.3435.site.7, 111, 132, 243
537012.5.peg.4303.site.1, 1, 132, 133
537012.5.peg.4303.site.2, 5, 132, 137
537012.5.peg.4303.site.3, 8, 132, 140
537012.5.peg.4303.site.4, 8, 132, 140
537012.5.peg.4303.site.5, 4, 132, 136
537012.5.peg.4303.site.6, 1, 131, 132
537012.5.peg.4303.site.7, 76, 129, 205
537012.5.peg.4303.site.8, 9, 129, 138
537012.5.peg.4303.site.9, 2, 129, 131
537012.5.peg.4303.site.10, 16, 129, 145
537012.5.peg.4303.site.11, 6, 130, 136
537012.5.peg.4303.site.12, 1, 131, 132
537012.5.peg.4303.site.13, 3, 130, 133
537012.5.peg.4303.site.14, 7, 129, 136
537012.5.peg.4303.site.15, 1, 129, 130
537012.5.peg.4303.site.16, 2, 129, 131
537012.5.peg.4303.site.17, 1, 129, 130
537012.5.peg.4303.site.18, 6, 129, 135
537012.5.peg.4303.site.19, 6, 127, 133
537012.5.peg.4303.site.20, 1, 128, 129
537012.5.peg.4303.site.21, 48, 126, 174
537012.5.peg.4303.site.22, 4, 126, 130
537012.5.peg.4303.site.23, 125, 127, 252
537012.5.peg.4303.site.24, 2, 127, 129
537012.5.peg.4303.site.25, 12, 129, 141
537012.5.peg.4303.site.26, 2, 130, 132
537012.5.peg.4303.site.27, 0, 129, 129
537012.5.peg.4303.site.28, 0, 129, 129
537012.5.peg.4303.site.29, 8, 129, 137
537012.5.peg.4303.site.30, 0, 128, 128
537012.5.peg.4303.site.31, 3, 130, 133
537012.5.peg.4303.site.32, 18, 128, 146
537012.5.peg.4303.site.33, 0, 129, 129
537012.5.peg.4303.site.34, 0, 129, 129
537012.5.peg.4303.site.35, 0, 129, 129
537012.5.peg.4303.site.36, 0, 129, 129
537012.5.peg.4303.site.37, 61, 130, 191
537012.5.peg.4303.site.38, 3, 130, 133
537012.5.peg.4303.site.39, 3, 131, 134
537012.5.peg.4303.site.40, 1, 128, 129
537012.5.peg.4303.site.41, 127, 133, 260
537012.5.peg.4303.site.42, 0, 130, 130
537012.5.peg.4303.site.43, 2, 131, 133
537012.5.peg.4303.site.44, 2, 128, 130
537012.5.peg.4302.site.1, 1, 133, 134
537012.5.peg.4302.site.2, 14, 133, 147
537012.5.peg.4302.site.3, 4, 133, 137
537012.5.peg.4302.site.4, 1, 134, 135
537012.5.peg.4302.site.5, 1, 131, 132
537012.5.peg.4302.site.6, 1, 130, 131
537012.5.peg.4302.site.7, 1, 130, 131
537012.5.peg.4302.site.8, 6, 130, 136
537012.5.peg.4302.site.9, 5, 132, 137
537012.5.peg.4302.site.10, 2, 133, 135
537012.5.peg.4302.site.11, 4, 132, 136
537012.5.peg.4302.site.12, 9, 132, 141
537012.5.peg.4302.site.13, 4, 131, 135
537012.5.peg.4302.site.14, 4, 132, 136
537012.5.peg.4302.site.15, 4, 132, 136
537012.5.peg.4302.site.16, 0, 134, 134
537012.5.peg.4302.site.17, 1, 134, 135
537012.5.peg.4302.site.18, 1, 134, 135
537012.5.peg.4302.site.19, 24, 133, 157
537012.5.peg.4302.site.20, 78, 134, 212
537012.5.peg.4302.site.21, 3, 134, 137
537012.5.peg.4302.site.22, 11, 131, 142
537012.5.peg.4302.site.23, 5, 132, 137
537012.5.peg.3736.site.1, 12, 122, 134
537012.5.peg.3736.site.2, 42, 121, 163
537012.5.peg.3736.site.3, 32, 121, 153
537012.5.peg.3736.site.4, 0, 121, 121
537012.5.peg.3736.site.5, 0, 121, 121
537012.5.peg.3736.site.6, 11, 122, 133
537012.5.peg.3736.site.7, 1, 123, 124
537012.5.peg.3736.site.8, 13, 122, 135
537012.5.peg.3736.site.9, 67, 122, 189
537012.5.peg.3736.site.10, 0, 123, 123
537012.5.peg.3736.site.11, 3, 127, 130
537012.5.peg.3736.site.12, 3, 126, 129
537012.5.peg.3736.site.13, 2, 124, 126
537012.5.peg.3736.site.14, 1, 124, 125
537012.5.peg.3736.site.15, 1, 124, 125
537012.5.peg.3736.site.16, 1, 124, 125
537012.5.peg.3736.site.17, 2, 123, 125
537012.5.peg.3736.site.18, 2, 122, 124
537012.5.peg.3736.site.19, 1, 123, 124
537012.5.peg.3736.site.20, 3, 122, 125
537012.5.peg.3736.site.21, 2, 120, 122
537012.5.peg.4652.site.1, 77, 115, 192
537012.5.peg.4652.site.2, 6, 106, 112
537012.5.peg.4652.site.3, 6, 105, 111
537012.5.peg.4652.site.4, 12, 106, 118
537012.5.peg.4652.site.5, 6, 108, 114
537012.5.peg.4652.site.6, 31, 108, 139
537012.5.peg.4652.site.7, 1, 108, 109
537012.5.peg.4652.site.8, 2, 111, 113
537012.5.peg.4652.site.9, 3, 121, 124
537012.5.peg.4652.site.10, 1, 121, 122
537012.5.peg.4652.site.11, 0, 125, 125
537012.5.peg.4425.site.1, 3, 79, 82
537012.5.peg.4425.site.2, 37, 81, 118
537012.5.peg.4425.site.3, 5, 76, 81
537012.5.peg.4425.site.4, 2, 77, 79
537012.5.peg.4425.site.5, 8, 78, 86
537012.5.peg.4425.site.6, 8, 79, 87
537012.5.peg.4425.site.7, 2, 81, 83
537012.5.peg.4425.site.8, 11, 84, 95
537012.5.peg.4425.site.9, 1, 83, 84
537012.5.peg.4425.site.10, 3, 84, 87
537012.5.peg.4425.site.11, 8, 88, 96
537012.5.peg.4425.site.12, 8, 84, 92
537012.5.peg.4425.site.13, 31, 88, 119
537012.5.peg.4425.site.14, 1, 88, 89
537012.5.peg.4425.site.15, 10, 87, 97
537012.5.peg.4425.site.16, 1, 86, 87
537012.5.peg.4425.site.17, 1, 85, 86
537012.5.peg.4425.site.18, 3, 84, 87
537012.5.peg.4425.site.19, 1, 79, 80
537012.5.peg.4425.site.20, 1, 81, 82
537012.5.peg.4425.site.21, 1, 82, 83
537012.5.peg.4425.site.22, 19, 80, 99
537012.5.peg.4425.site.23, 5, 79, 84
537012.5.peg.4425.site.24, 8, 78, 86
537012.5.peg.4425.site.25, 16, 79, 95
537012.5.peg.4425.site.26, 1, 73, 74
537012.5.peg.4425.site.27, 22, 68, 90
537012.5.peg.4425.site.28, 1, 68, 69
537012.5.peg.4425.site.29, 7, 67, 74
537012.5.peg.4425.site.30, 1, 71, 72
537012.5.peg.4425.site.31, 8, 76, 84
537012.5.peg.4425.site.32, 2, 75, 77
537012.5.peg.4425.site.33, 2, 75, 77
537012.5.peg.4425.site.34, 4, 75, 79
537012.5.peg.4425.site.35, 1, 75, 76
537012.5.peg.4425.site.36, 25, 76, 101
537012.5.peg.4425.site.37, 7, 76, 83
537012.5.peg.4425.site.38, 11, 78, 89
537012.5.peg.4425.site.39, 4, 77, 81
537012.5.peg.4425.site.40, 12, 77, 89
537012.5.peg.4425.site.41, 0, 79, 79
537012.5.peg.4425.site.42, 1, 79, 80
537012.5.peg.4425.site.43, 4, 77, 81
537012.5.peg.4425.site.44, 10, 75, 85
537012.5.peg.4425.site.45, 0, 75, 75
537012.5.peg.4425.site.46, 1, 76, 77
537012.5.peg.4425.site.47, 1, 77, 78
537012.5.peg.4425.site.48, 0, 76, 76
537012.5.peg.4425.site.49, 63, 76, 139
537012.5.peg.4425.site.50, 1, 76, 77
537012.5.peg.4425.site.51, 4, 76, 80
537012.5.peg.4425.site.52, 1, 76, 77
537012.5.peg.4425.site.53, 5, 76, 81
537012.5.peg.4425.site.54, 70, 73, 143
537012.5.peg.4425.site.55, 1, 72, 73
537012.5.peg.4425.site.56, 1, 71, 72
537012.5.peg.4425.site.57, 2, 73, 75
537012.5.peg.4425.site.58, 25, 76, 101
537012.5.peg.4425.site.59, 6, 78, 84
537012.5.peg.4425.site.60, 2, 79, 81
537012.5.peg.4425.site.61, 44, 81, 125
537012.5.peg.4425.site.62, 18, 84, 102
537012.5.peg.4425.site.63, 11, 83, 94
537012.5.peg.4425.site.64, 0, 82, 82
537012.5.peg.4425.site.65, 1, 86, 87
537012.5.peg.4425.site.66, 8, 82, 90
537012.5.peg.4425.site.67, 10, 84, 94
537012.5.peg.4425.site.68, 7, 81, 88
537012.5.peg.4425.site.69, 83, 85, 168
537012.5.peg.4425.site.70, 7, 103, 110
537012.5.peg.4425.site.71, 16, 101, 117
537012.5.peg.4425.site.72, 1, 97, 98
537012.5.peg.4425.site.73, 2, 93, 95
537012.5.peg.4425.site.74, 9, 88, 97
537012.5.peg.4425.site.75, 3, 87, 90
537012.5.peg.4425.site.76, 0, 95, 95
537012.5.peg.4422.site.1, 5, 134, 139
537012.5.peg.4422.site.2, 4, 134, 138
537012.5.peg.4422.site.3, 2, 132, 134
537012.5.peg.4422.site.4, 4, 128, 132
537012.5.peg.4422.site.5, 1, 130, 131
537012.5.peg.4422.site.6, 4, 128, 132
537012.5.peg.4422.site.7, 37, 128, 165
537012.5.peg.4422.site.8, 8, 129, 137
537012.5.peg.4422.site.9, 2, 130, 132
537012.5.peg.4422.site.10, 16, 128, 144
537012.5.peg.4422.site.11, 5, 130, 135
537012.5.peg.4422.site.12, 7, 130, 137
537012.5.peg.4422.site.13, 4, 128, 132
537012.5.peg.4422.site.14, 6, 130, 136
537012.5.peg.4422.site.15, 1, 130, 131
537012.5.peg.4422.site.16, 2, 129, 131
537012.5.peg.4422.site.17, 2, 130, 132
537012.5.peg.4422.site.18, 4, 128, 132
537012.5.peg.4422.site.19, 0, 130, 130
537012.5.peg.4422.site.20, 5, 130, 135
537012.5.peg.4422.site.21, 12, 129, 141
537012.5.peg.4422.site.22, 5, 130, 135
537012.5.peg.4422.site.23, 16, 128, 144
537012.5.peg.4422.site.24, 4, 128, 132
537012.5.peg.4422.site.25, 4, 130, 134
537012.5.peg.4422.site.26, 5, 129, 134
537012.5.peg.4422.site.27, 3, 127, 130
537012.5.peg.4422.site.28, 2, 130, 132
537012.5.peg.4422.site.29, 3, 130, 133
537012.5.peg.4422.site.30, 0, 129, 129
537012.5.peg.4422.site.31, 56, 128, 184
537012.5.peg.4422.site.32, 7, 128, 135
537012.5.peg.4422.site.33, 0, 123, 123
537012.5.peg.3739.site.1, 12, 130, 142
537012.5.peg.3739.site.2, 3, 127, 130
537012.5.peg.3739.site.3, 3, 127, 130
537012.5.peg.3739.site.4, 0, 125, 125
537012.5.peg.3739.site.5, 2, 124, 126
537012.5.peg.3739.site.6, 1, 123, 124
537012.5.peg.3739.site.7, 26, 125, 151
537012.5.peg.3739.site.8, 11, 123, 134
537012.5.peg.3739.site.9, 2, 124, 126
537012.5.peg.3739.site.10, 2, 124, 126
537012.5.peg.3739.site.11, 2, 125, 127
537012.5.peg.3739.site.12, 1, 125, 126
537012.5.peg.3739.site.13, 3, 126, 129
537012.5.peg.3739.site.14, 1, 125, 126
537012.5.peg.3739.site.15, 1, 126, 127
537012.5.peg.3739.site.16, 3, 126, 129
537012.5.peg.3739.site.17, 1, 127, 128
537012.5.peg.3739.site.18, 3, 128, 131
537012.5.peg.3739.site.19, 1, 128, 129
537012.5.peg.3739.site.20, 7, 129, 136
537012.5.peg.3739.site.21, 19, 128, 147
537012.5.peg.3739.site.22, 3, 129, 132
537012.5.peg.3739.site.23, 0, 129, 129
537012.5.peg.3739.site.24, 7, 129, 136
537012.5.peg.3739.site.25, 2, 127, 129
537012.5.peg.3739.site.26, 9, 125, 134
537012.5.peg.3739.site.27, 0, 125, 125
537012.5.peg.3739.site.28, 4, 125, 129
537012.5.peg.3739.site.29, 2, 125, 127
537012.5.peg.3739.site.30, 2, 125, 127
537012.5.peg.3739.site.31, 3, 127, 130
537012.5.peg.3739.site.32, 2, 128, 130
537012.5.peg.3739.site.33, 8, 129, 137
537012.5.peg.3739.site.34, 6, 129, 135
537012.5.peg.3739.site.35, 2, 129, 131
537012.5.peg.3739.site.36, 1, 128, 129
537012.5.peg.3739.site.37, 4, 126, 130
537012.5.peg.3739.site.38, 5, 128, 133
537012.5.peg.3739.site.39, 1, 128, 129
537012.5.peg.3739.site.40, 14, 126, 140
537012.5.peg.3739.site.41, 2, 129, 131
537012.5.peg.3739.site.42, 45, 129, 174
537012.5.peg.3739.site.43, 7, 129, 136
537012.5.peg.3739.site.44, 3, 129, 132
537012.5.peg.3739.site.45, 3, 129, 132
537012.5.peg.3739.site.46, 11, 129, 140
537012.5.peg.3739.site.47, 7, 129, 136
537012.5.peg.3739.site.48, 4, 130, 134
537012.5.peg.3739.site.49, 1, 130, 131
537012.5.peg.3739.site.50, 3, 129, 132
537012.5.peg.3739.site.51, 4, 127, 131
537012.5.peg.3739.site.52, 49, 129, 178
537012.5.peg.3739.site.53, 3, 129, 132
537012.5.peg.3739.site.54, 2, 130, 132
537012.5.peg.3739.site.55, 1, 129, 130
537012.5.peg.3739.site.56, 4, 127, 131
537012.5.peg.3739.site.57, 4, 129, 133
537012.5.peg.3739.site.58, 3, 129, 132
537012.5.peg.3739.site.59, 7, 129, 136
537012.5.peg.3739.site.60, 4, 129, 133
537012.5.peg.3739.site.61, 4, 129, 133
537012.5.peg.3739.site.62, 2, 129, 131
537012.5.peg.3739.site.63, 4, 129, 133
537012.5.peg.3739.site.64, 1, 129, 130
537012.5.peg.3739.site.65, 2, 130, 132
537012.5.peg.3739.site.66, 3, 129, 132
537012.5.peg.3739.site.67, 0, 128, 128
537012.5.peg.3739.site.68, 2, 128, 130
537012.5.peg.3739.site.69, 2, 128, 130
537012.5.peg.3739.site.70, 3, 125, 128
537012.5.peg.3739.site.71, 7, 125, 132
537012.5.peg.3739.site.72, 1, 126, 127
537012.5.peg.3739.site.73, 1, 125, 126
537012.5.peg.3739.site.74, 1, 130, 131
537012.5.peg.3739.site.75, 2, 129, 131
537012.5.peg.3739.site.76, 26, 127, 153
537012.5.peg.3739.site.77, 3, 127, 130
537012.5.peg.3739.site.78, 1, 127, 128
537012.5.peg.3738.site.1, 41, 122, 163
537012.5.peg.3738.site.2, 1, 123, 124
537012.5.peg.3738.site.3, 122, 123, 245
537012.5.peg.3738.site.4, 3, 122, 125
537012.5.peg.3738.site.5, 21, 119, 140
537012.5.peg.3738.site.6, 1, 123, 124
537012.5.peg.3738.site.7, 9, 123, 132
537012.5.peg.3738.site.8, 22, 123, 145
537012.5.peg.3738.site.9, 2, 120, 122
537012.5.peg.3738.site.10, 6, 117, 123
537012.5.peg.4130.site.1, 14, 129, 143
537012.5.peg.4130.site.2, 87, 130, 217
537012.5.peg.4130.site.3, 2, 132, 134
537012.5.peg.4130.site.4, 13, 129, 142
537012.5.peg.4130.site.5, 19, 128, 147
537012.5.peg.4130.site.6, 13, 128, 141
537012.5.peg.4130.site.7, 1, 129, 130
537012.5.peg.4130.site.8, 1, 129, 130
537012.5.peg.4130.site.9, 33, 128, 161
537012.5.peg.4130.site.10, 13, 129, 142
537012.5.peg.4130.site.11, 77, 129, 206
537012.5.peg.4130.site.12, 43, 129, 172
537012.5.peg.4130.site.13, 1, 131, 132
537012.5.peg.4130.site.14, 1, 130, 131
537012.5.peg.4130.site.15, 4, 133, 137
537012.5.peg.4130.site.16, 7, 134, 141
537012.5.peg.4130.site.17, 9, 134, 143
537012.5.peg.4130.site.18, 23, 133, 156
537012.5.peg.4130.site.19, 3, 131, 134
537012.5.peg.4130.site.20, 7, 134, 141
537012.5.peg.4130.site.21, 3, 131, 134
537012.5.peg.4130.site.22, 86, 133, 219
537012.5.peg.4130.site.23, 1, 129, 130
537012.5.peg.4130.site.24, 10, 129, 139
537012.5.peg.4130.site.25, 1, 129, 130
537012.5.peg.4130.site.26, 15, 129, 144
537012.5.peg.4130.site.27, 3, 131, 134
537012.5.peg.4130.site.28, 1, 133, 134
537012.5.peg.4130.site.29, 27, 132, 159
537012.5.peg.4130.site.30, 3, 132, 135
537012.5.peg.4130.site.31, 27, 132, 159
537012.5.peg.4130.site.32, 13, 132, 145
537012.5.peg.4130.site.33, 95, 130, 225
537012.5.peg.4130.site.34, 1, 130, 131
537012.5.peg.4130.site.35, 1, 130, 131
537012.5.peg.4130.site.36, 3, 131, 134
537012.5.peg.4130.site.37, 78, 133, 211
537012.5.peg.4130.site.38, 14, 134, 148
537012.5.peg.4130.site.39, 4, 132, 136
537012.5.peg.4130.site.40, 1, 133, 134
537012.5.peg.4130.site.41, 4, 132, 136
537012.5.peg.4130.site.42, 12, 133, 145
537012.5.peg.4130.site.43, 12, 133, 145
537012.5.peg.4130.site.44, 12, 133, 145
537012.5.peg.4130.site.45, 15, 130, 145
537012.5.peg.4130.site.46, 41, 128, 169
537012.5.peg.4130.site.47, 5, 129, 134
537012.5.peg.4131.site.1, 2, 133, 135
537012.5.peg.4131.site.2, 78, 128, 206
537012.5.peg.4131.site.3, 13, 131, 144
537012.5.peg.4131.site.4, 14, 130, 144
537012.5.peg.4131.site.5, 14, 131, 145
537012.5.peg.4131.site.6, 14, 130, 144
537012.5.peg.4131.site.7, 0, 128, 128
537012.5.peg.4131.site.8, 6, 131, 137
537012.5.peg.4131.site.9, 13, 128, 141
537012.5.peg.4131.site.10, 3, 129, 132
537012.5.peg.4131.site.11, 13, 129, 142
537012.5.peg.4131.site.12, 0, 127, 127
537012.5.peg.4131.site.13, 13, 130, 143
537012.5.peg.4131.site.14, 1, 131, 132
537012.5.peg.4131.site.15, 1, 130, 131
537012.5.peg.4131.site.16, 79, 129, 208
537012.5.peg.4131.site.17, 0, 129, 129
537012.5.peg.4131.site.18, 1, 128, 129
537012.5.peg.4131.site.19, 69, 130, 199
537012.5.peg.4131.site.20, 1, 134, 135
537012.5.peg.4131.site.21, 3, 133, 136
537012.5.peg.4131.site.22, 28, 134, 162
537012.5.peg.4131.site.23, 27, 134, 161
537012.5.peg.4131.site.24, 2, 132, 134
537012.5.peg.4131.site.25, 6, 133, 139
537012.5.peg.4132.site.1, 2, 133, 135
537012.5.peg.4132.site.2, 1, 134, 135
537012.5.peg.4133.site.1, 9, 132, 141
537012.5.peg.4133.site.2, 1, 134, 135
537012.5.peg.4133.site.3, 18, 134, 152
537012.5.peg.4133.site.4, 1, 133, 134
537012.5.peg.4133.site.5, 22, 131, 153
537012.5.peg.4133.site.6, 13, 134, 147
537012.5.peg.4133.site.7, 1, 134, 135
537012.5.peg.4133.site.8, 4, 132, 136
537012.5.peg.4133.site.9, 0, 129, 129
537012.5.peg.4133.site.10, 1, 130, 131
537012.5.peg.4133.site.11, 1, 133, 134
537012.5.peg.4133.site.12, 3, 130, 133
537012.5.peg.4134.site.1, 0, 132, 132
537012.5.peg.4134.site.2, 0, 132, 132
537012.5.peg.4134.site.3, 0, 132, 132
537012.5.peg.4134.site.4, 1, 132, 133
537012.5.peg.4134.site.5, 68, 132, 200
537012.5.peg.4134.site.6, 2, 133, 135
537012.5.peg.4134.site.7, 16, 133, 149
537012.5.peg.4134.site.8, 13, 133, 146
537012.5.peg.4134.site.9, 30, 131, 161
537012.5.peg.4134.site.10, 1, 132, 133
537012.5.peg.4134.site.11, 3, 131, 134
537012.5.peg.4134.site.12, 55, 130, 185
537012.5.peg.4134.site.13, 4, 131, 135
537012.5.peg.4134.site.14, 4, 132, 136
537012.5.peg.4134.site.15, 13, 134, 147
537012.5.peg.4134.site.16, 4, 132, 136
537012.5.peg.4134.site.17, 14, 134, 148
537012.5.peg.4134.site.18, 46, 132, 178
537012.5.peg.4134.site.19, 2, 133, 135
537012.5.peg.4134.site.20, 4, 132, 136
537012.5.peg.4134.site.21, 7, 134, 141
537012.5.peg.4134.site.22, 4, 132, 136
537012.5.peg.4134.site.23, 59, 131, 190
537012.5.peg.4134.site.24, 2, 129, 131
537012.5.peg.4134.site.25, 6, 130, 136
537012.5.peg.4134.site.26, 0, 129, 129
537012.5.peg.4134.site.27, 1, 131, 132
537012.5.peg.4134.site.28, 2, 131, 133
537012.5.peg.4134.site.29, 13, 134, 147
537012.5.peg.4134.site.30, 4, 132, 136
537012.5.peg.4134.site.31, 2, 134, 136
537012.5.peg.4134.site.32, 3, 130, 133
537012.5.peg.4134.site.33, 21, 129, 150
537012.5.peg.4134.site.34, 39, 128, 167
537012.5.peg.4134.site.35, 2, 127, 129
537012.5.peg.4134.site.36, 57, 127, 184
537012.5.peg.4134.site.37, 28, 132, 160
537012.5.peg.4134.site.38, 3, 131, 134
537012.5.peg.4134.site.39, 17, 130, 147
537012.5.peg.4134.site.40, 6, 130, 136
537012.5.peg.4134.site.41, 17, 129, 146
537012.5.peg.4135.site.1, 8, 130, 138
537012.5.peg.4135.site.2, 2, 130, 132
537012.5.peg.4135.site.3, 8, 130, 138
537012.5.peg.4135.site.4, 1, 131, 132
537012.5.peg.4135.site.5, 3, 133, 136
537012.5.peg.4135.site.6, 3, 130, 133
537012.5.peg.4135.site.7, 0, 133, 133
537012.5.peg.4135.site.8, 9, 133, 142
537012.5.peg.4135.site.9, 8, 133, 141
537012.5.peg.4135.site.10, 8, 133, 141
537012.5.peg.4135.site.11, 9, 133, 142
537012.5.peg.4135.site.12, 3, 133, 136
537012.5.peg.4135.site.13, 4, 132, 136
537012.5.peg.4135.site.14, 25, 131, 156
537012.5.peg.4135.site.15, 40, 130, 170
537012.5.peg.4135.site.16, 3, 132, 135
537012.5.peg.4135.site.17, 0, 129, 129
537012.5.peg.4135.site.18, 0, 129, 129
537012.5.peg.4135.site.19, 1, 131, 132
537012.5.peg.4135.site.20, 0, 129, 129
537012.5.peg.4135.site.21, 29, 129, 158
537012.5.peg.4135.site.22, 1, 131, 132
537012.5.peg.4135.site.23, 0, 129, 129
537012.5.peg.4135.site.24, 2, 130, 132
537012.5.peg.4135.site.25, 12, 129, 141
537012.5.peg.4135.site.26, 3, 130, 133
537012.5.peg.4135.site.27, 2, 130, 132
537012.5.peg.4135.site.28, 4, 130, 134
537012.5.peg.4135.site.29, 43, 128, 171
537012.5.peg.4135.site.30, 1, 130, 131
537012.5.peg.4135.site.31, 2, 129, 131
537012.5.peg.4135.site.32, 16, 129, 145
537012.5.peg.4135.site.33, 0, 123, 123
537012.5.peg.4136.site.1, 9, 131, 140
537012.5.peg.4136.site.2, 2, 128, 130
537012.5.peg.4136.site.3, 74, 129, 203
537012.5.peg.4136.site.4, 1, 129, 130
537012.5.peg.4136.site.5, 15, 129, 144
537012.5.peg.4136.site.6, 3, 129, 132
537012.5.peg.4136.site.7, 3, 125, 128
537012.5.peg.4136.site.8, 2, 121, 123
537012.5.peg.4136.site.9, 0, 122, 122
537012.5.peg.4136.site.10, 4, 121, 125
537012.5.peg.4136.site.11, 2, 126, 128
537012.5.peg.4136.site.12, 1, 126, 127
537012.5.peg.4136.site.13, 33, 124, 157
537012.5.peg.4136.site.14, 0, 124, 124
537012.5.peg.4136.site.15, 1, 128, 129
537012.5.peg.4136.site.16, 1, 126, 127
537012.5.peg.4136.site.17, 2, 128, 130
537012.5.peg.4136.site.18, 6, 129, 135
537012.5.peg.4136.site.19, 6, 129, 135
537012.5.peg.4136.site.20, 3, 132, 135
537012.5.peg.4136.site.21, 1, 123, 124
537012.5.peg.4136.site.22, 13, 123, 136
537012.5.peg.4136.site.23, 9, 120, 129
537012.5.peg.4136.site.24, 1, 116, 117
537012.5.peg.4136.site.25, 5, 116, 121
537012.5.peg.4136.site.26, 2, 117, 119
537012.5.peg.4136.site.27, 23, 116, 139
537012.5.peg.4136.site.28, 22, 115, 137
537012.5.peg.4136.site.29, 82, 121, 203
537012.5.peg.4136.site.30, 0, 127, 127
537012.5.peg.4136.site.31, 4, 129, 133
537012.5.peg.4136.site.32, 35, 132, 167
537012.5.peg.4136.site.33, 4, 131, 135
537012.5.peg.4136.site.34, 5, 132, 137
537012.5.peg.4136.site.35, 16, 132, 148
537012.5.peg.4136.site.36, 32, 133, 165
537012.5.peg.4136.site.37, 4, 131, 135
537012.5.peg.4136.site.38, 2, 131, 133
537012.5.peg.4136.site.39, 16, 132, 148
537012.5.peg.4136.site.40, 4, 131, 135
537012.5.peg.4136.site.41, 0, 127, 127
537012.5.peg.4136.site.42, 6, 131, 137
537012.5.peg.4136.site.43, 17, 126, 143
537012.5.peg.4136.site.44, 34, 125, 159
537012.5.peg.4136.site.45, 1, 129, 130
537012.5.peg.4136.site.46, 3, 130, 133
537012.5.peg.4136.site.47, 14, 130, 144
537012.5.peg.4136.site.48, 0, 127, 127
537012.5.peg.4136.site.49, 8, 130, 138
537012.5.peg.4136.site.50, 8, 131, 139
537012.5.peg.4136.site.51, 1, 128, 129
537012.5.peg.4136.site.52, 1, 128, 129
537012.5.peg.4136.site.53, 0, 128, 128
537012.5.peg.4136.site.54, 8, 130, 138
537012.5.peg.4136.site.55, 2, 128, 130
537012.5.peg.4136.site.56, 18, 129, 147
537012.5.peg.4137.site.1, 5, 132, 137
537012.5.peg.4137.site.2, 27, 134, 161
537012.5.peg.4137.site.3, 5, 132, 137
537012.5.peg.4137.site.4, 4, 134, 138
537012.5.peg.4137.site.5, 5, 132, 137
537012.5.peg.4137.site.6, 2, 129, 131
537012.5.peg.4138.site.1, 1, 55, 56
537012.5.peg.4138.site.2, 1, 127, 128
537012.5.peg.4138.site.3, 7, 131, 138
537012.5.peg.4138.site.4, 1, 132, 133
537012.5.peg.4138.site.5, 1, 131, 132
537012.5.peg.4138.site.6, 4, 132, 136
537012.5.peg.4138.site.7, 3, 130, 133
537012.5.peg.4138.site.8, 8, 130, 138
537012.5.peg.4138.site.9, 1, 129, 130
537012.5.peg.4138.site.10, 67, 128, 195
537012.5.peg.4138.site.11, 0, 128, 128
537012.5.peg.4138.site.12, 1, 129, 130
537012.5.peg.4139.site.1, 10, 131, 141
537012.5.peg.4139.site.2, 2, 128, 130
537012.5.peg.4139.site.3, 2, 128, 130
537012.5.peg.4139.site.4, 130, 131, 261
537012.5.peg.4139.site.5, 28, 132, 160
537012.5.peg.4139.site.6, 8, 133, 141
537012.5.peg.4139.site.7, 4, 130, 134
537012.5.peg.4139.site.8, 105, 132, 237
537012.5.peg.4139.site.9, 0, 134, 134
537012.5.peg.4139.site.10, 1, 128, 129
537012.5.peg.4139.site.11, 1, 131, 132
537012.5.peg.4139.site.12, 93, 132, 225
537012.5.peg.4139.site.13, 1, 131, 132
537012.5.peg.4139.site.14, 12, 132, 144
537012.5.peg.4139.site.15, 22, 130, 152
537012.5.peg.4139.site.16, 8, 131, 139
537012.5.peg.4139.site.17, 0, 129, 129
537012.5.peg.4139.site.18, 8, 129, 137
537012.5.peg.4139.site.19, 0, 131, 131
537012.5.peg.4139.site.20, 0, 127, 127
537012.5.peg.4139.site.21, 12, 130, 142
537012.5.peg.4139.site.22, 0, 127, 127
537012.5.peg.4139.site.23, 3, 131, 134
537012.5.peg.4139.site.24, 0, 130, 130
537012.5.peg.4139.site.25, 3, 130, 133
537012.5.peg.4139.site.26, 6, 133, 139
537012.5.peg.4139.site.27, 2, 131, 133
537012.5.peg.4139.site.28, 15, 131, 146
537012.5.peg.4139.site.29, 2, 130, 132
537012.5.peg.4139.site.30, 5, 130, 135
537012.5.peg.4139.site.31, 3, 131, 134
537012.5.peg.4139.site.32, 0, 132, 132
537012.5.peg.4139.site.33, 2, 131, 133
537012.5.peg.4139.site.34, 2, 130, 132
537012.5.peg.4139.site.35, 1, 132, 133
537012.5.peg.4139.site.36, 12, 132, 144
537012.5.peg.4139.site.37, 0, 132, 132
537012.5.peg.4139.site.38, 8, 133, 141
537012.5.peg.4139.site.39, 8, 134, 142
537012.5.peg.4139.site.40, 31, 133, 164
537012.5.peg.4139.site.41, 128, 134, 262
537012.5.peg.4139.site.42, 3, 134, 137
537012.5.peg.4139.site.43, 1, 134, 135
537012.5.peg.4139.site.44, 4, 132, 136
537012.5.peg.4139.site.45, 20, 130, 150
537012.5.peg.4139.site.46, 18, 129, 147
537012.5.peg.4656.site.1, 2, 126, 128
537012.5.peg.4656.site.2, 0, 127, 127
537012.5.peg.4656.site.3, 7, 128, 135
537012.5.peg.4656.site.4, 2, 129, 131
537012.5.peg.4656.site.5, 130, 132, 262
537012.5.peg.4656.site.6, 0, 131, 131
537012.5.peg.4656.site.7, 17, 124, 141
537012.5.peg.4656.site.8, 1, 104, 105
537012.5.peg.4656.site.9, 40, 67, 107
537012.5.peg.4656.site.10, 29, 127, 156
537012.5.peg.4656.site.11, 9, 134, 143
537012.5.peg.4656.site.12, 2, 133, 135
537012.5.peg.4656.site.13, 8, 134, 142
537012.5.peg.4656.site.14, 4, 133, 137
537012.5.peg.4656.site.15, 6, 132, 138
537012.5.peg.4656.site.16, 123, 125, 248
537012.5.peg.4656.site.17, 8, 114, 122
537012.5.peg.4656.site.18, 14, 134, 148
537012.5.peg.4656.site.19, 3, 134, 137
537012.5.peg.4656.site.20, 60, 133, 193
537012.5.peg.4656.site.21, 132, 134, 266
537012.5.peg.4656.site.22, 1, 134, 135
537012.5.peg.4656.site.23, 5, 133, 138
537012.5.peg.4656.site.24, 1, 134, 135
537012.5.peg.4656.site.25, 7, 134, 141
537012.5.peg.4656.site.26, 14, 134, 148
537012.5.peg.4656.site.27, 1, 134, 135
537012.5.peg.4656.site.28, 1, 134, 135
537012.5.peg.4656.site.29, 7, 134, 141
537012.5.peg.4656.site.30, 6, 133, 139
537012.5.peg.4656.site.31, 10, 132, 142
537012.5.peg.4656.site.32, 7, 134, 141
537012.5.peg.1016.site.1, 1, 134, 135
537012.5.peg.1016.site.2, 1, 134, 135
537012.5.peg.1016.site.3, 47, 133, 180
537012.5.peg.1016.site.4, 1, 134, 135
537012.5.peg.1016.site.5, 0, 134, 134
537012.5.peg.1016.site.6, 3, 133, 136
537012.5.peg.1016.site.7, 4, 131, 135
537012.5.peg.1016.site.8, 1, 132, 133
537012.5.peg.1016.site.9, 23, 131, 154
537012.5.peg.1016.site.10, 1, 130, 131
537012.5.peg.1016.site.11, 3, 131, 134
537012.5.peg.1016.site.12, 116, 130, 246
537012.5.peg.1016.site.13, 4, 131, 135
537012.5.peg.1016.site.14, 3, 134, 137
537012.5.peg.1016.site.15, 1, 134, 135
537012.5.peg.1016.site.16, 67, 134, 201
537012.5.peg.1016.site.17, 76, 131, 207
537012.5.peg.1016.site.18, 10, 134, 144
537012.5.peg.1016.site.19, 3, 134, 137
537012.5.peg.1016.site.20, 3, 134, 137
537012.5.peg.1016.site.21, 1, 134, 135
537012.5.peg.1016.site.22, 109, 134, 243
537012.5.peg.1016.site.23, 92, 131, 223
537012.5.peg.1016.site.24, 3, 134, 137
537012.5.peg.1016.site.25, 54, 132, 186
537012.5.peg.1016.site.26, 3, 134, 137
537012.5.peg.1016.site.27, 4, 134, 138
537012.5.peg.1016.site.28, 3, 134, 137
537012.5.peg.1016.site.29, 84, 132, 216
537012.5.peg.1016.site.30, 6, 134, 140
537012.5.peg.1016.site.31, 3, 134, 137
537012.5.peg.1016.site.32, 7, 134, 141
537012.5.peg.1016.site.33, 85, 134, 219
537012.5.peg.1016.site.34, 0, 134, 134
537012.5.peg.4552.site.1, 68, 130, 198
537012.5.peg.4552.site.2, 1, 131, 132
537012.5.peg.4552.site.3, 1, 130, 131
537012.5.peg.4552.site.4, 40, 126, 166
537012.5.peg.4552.site.5, 16, 126, 142
537012.5.peg.4552.site.6, 29, 125, 154
537012.5.peg.4552.site.7, 60, 126, 186
537012.5.peg.4552.site.8, 4, 126, 130
537012.5.peg.4552.site.9, 5, 125, 130
537012.5.peg.4552.site.10, 1, 132, 133
537012.5.peg.4552.site.11, 1, 130, 131
537012.5.peg.4552.site.12, 2, 133, 135
537012.5.peg.4552.site.13, 5, 134, 139
537012.5.peg.4552.site.14, 2, 134, 136
537012.5.peg.4552.site.15, 5, 133, 138
537012.5.peg.4552.site.16, 3, 134, 137
537012.5.peg.4552.site.17, 5, 131, 136
537012.5.peg.4552.site.18, 4, 131, 135
537012.5.peg.4552.site.19, 3, 131, 134
537012.5.peg.4552.site.20, 0, 130, 130
537012.5.peg.4552.site.21, 1, 129, 130
537012.5.peg.4552.site.22, 3, 126, 129
537012.5.peg.4552.site.23, 1, 130, 131
537012.5.peg.4552.site.24, 4, 131, 135
537012.5.peg.4552.site.25, 7, 132, 139
537012.5.peg.4552.site.26, 7, 133, 140
537012.5.peg.4552.site.27, 27, 134, 161
537012.5.peg.4552.site.28, 31, 134, 165
537012.5.peg.4552.site.29, 4, 133, 137
537012.5.peg.4552.site.30, 57, 131, 188
537012.5.peg.4552.site.31, 53, 129, 182
537012.5.peg.4552.site.32, 16, 129, 145
537012.5.peg.4552.site.33, 112, 128, 240
537012.5.peg.4552.site.34, 1, 129, 130
537012.5.peg.4552.site.35, 8, 129, 137
537012.5.peg.4552.site.36, 5, 132, 137
537012.5.peg.4552.site.37, 9, 133, 142
537012.5.peg.4552.site.38, 1, 134, 135
537012.5.peg.4552.site.39, 4, 133, 137
537012.5.peg.4552.site.40, 1, 134, 135
537012.5.peg.4552.site.41, 4, 132, 136
537012.5.peg.4552.site.42, 1, 134, 135
537012.5.peg.4552.site.43, 47, 132, 179
537012.5.peg.4552.site.44, 0, 130, 130
537012.5.peg.4552.site.45, 1, 130, 131
537012.5.peg.4552.site.46, 7, 131, 138
537012.5.peg.4552.site.47, 1, 130, 131
537012.5.peg.4552.site.48, 86, 134, 220
537012.5.peg.4552.site.49, 3, 132, 135
537012.5.peg.4552.site.50, 13, 131, 144
537012.5.peg.4552.site.51, 1, 131, 132
537012.5.peg.4552.site.52, 23, 134, 157
537012.5.peg.4552.site.53, 37, 134, 171
537012.5.peg.4552.site.54, 3, 134, 137
537012.5.peg.4552.site.55, 6, 133, 139
537012.5.peg.4552.site.56, 68, 134, 202
537012.5.peg.4552.site.57, 3, 134, 137
537012.5.peg.4552.site.58, 1, 134, 135
537012.5.peg.4552.site.59, 4, 131, 135
537012.5.peg.4552.site.60, 1, 134, 135
537012.5.peg.4552.site.61, 1, 134, 135
537012.5.peg.4552.site.62, 28, 132, 160
537012.5.peg.4552.site.63, 1, 134, 135
537012.5.peg.4552.site.64, 1, 132, 133
537012.5.peg.4552.site.65, 12, 134, 146
537012.5.peg.4552.site.66, 9, 134, 143
537012.5.peg.4552.site.67, 7, 133, 140
537012.5.peg.4552.site.68, 27, 133, 160
537012.5.peg.4553.site.1, 21, 134, 155
537012.5.peg.4553.site.2, 12, 133, 145
537012.5.peg.4553.site.3, 4, 130, 134
537012.5.peg.4553.site.4, 5, 129, 134
537012.5.peg.4553.site.5, 5, 132, 137
537012.5.peg.4553.site.6, 18, 132, 150
537012.5.peg.4553.site.7, 1, 130, 131
537012.5.peg.4553.site.8, 19, 128, 147
537012.5.peg.4553.site.9, 2, 129, 131
537012.5.peg.4553.site.10, 1, 128, 129
537012.5.peg.4553.site.11, 11, 128, 139
537012.5.peg.4553.site.12, 3, 126, 129
537012.5.peg.4553.site.13, 23, 124, 147
537012.5.peg.4553.site.14, 6, 120, 126
537012.5.peg.4553.site.15, 67, 117, 184
537012.5.peg.4553.site.16, 36, 116, 152
537012.5.peg.4553.site.17, 25, 113, 138
537012.5.peg.4553.site.18, 33, 114, 147
537012.5.peg.4553.site.19, 6, 111, 117
537012.5.peg.4553.site.20, 89, 119, 208
537012.5.peg.4553.site.21, 8, 123, 131
537012.5.peg.4553.site.22, 90, 130, 220
537012.5.peg.4553.site.23, 89, 129, 218
537012.5.peg.4553.site.24, 1, 131, 132
537012.5.peg.4553.site.25, 2, 131, 133
537012.5.peg.4553.site.26, 0, 132, 132
537012.5.peg.4553.site.27, 8, 133, 141
537012.5.peg.4553.site.28, 1, 133, 134
537012.5.peg.4553.site.29, 7, 133, 140
537012.5.peg.4553.site.30, 30, 134, 164
537012.5.peg.4553.site.31, 132, 134, 266
537012.5.peg.4553.site.32, 3, 131, 134
537012.5.peg.4553.site.33, 4, 131, 135
537012.5.peg.4553.site.34, 5, 133, 138
537012.5.peg.4553.site.35, 82, 133, 215
537012.5.peg.4553.site.36, 3, 133, 136
537012.5.peg.4553.site.37, 5, 132, 137
537012.5.peg.4553.site.38, 11, 130, 141
537012.5.peg.4553.site.39, 11, 131, 142
537012.5.peg.4553.site.40, 62, 133, 195
537012.5.peg.4553.site.41, 14, 132, 146
537012.5.peg.4553.site.42, 1, 134, 135
537012.5.peg.4553.site.43, 93, 131, 224
537012.5.peg.4553.site.44, 1, 134, 135
537012.5.peg.4553.site.45, 1, 133, 134
537012.5.peg.4553.site.46, 7, 132, 139
537012.5.peg.4553.site.47, 11, 131, 142
537012.5.peg.4553.site.48, 13, 133, 146
537012.5.peg.4553.site.49, 41, 132, 173
537012.5.peg.4553.site.50, 8, 132, 140
537012.5.peg.4553.site.51, 18, 131, 149
537012.5.peg.4553.site.52, 6, 132, 138
537012.5.peg.4553.site.53, 4, 133, 137
537012.5.peg.4553.site.54, 0, 131, 131
537012.5.peg.4553.site.55, 42, 131, 173
537012.5.peg.4553.site.56, 1, 133, 134
537012.5.peg.4553.site.57, 4, 131, 135
537012.5.peg.4553.site.58, 4, 132, 136
537012.5.peg.4553.site.59, 1, 133, 134
537012.5.peg.4553.site.60, 4, 129, 133
537012.5.peg.4553.site.61, 4, 132, 136
537012.5.peg.4553.site.62, 7, 134, 141
537012.5.peg.4553.site.63, 0, 133, 133
537012.5.peg.4553.site.64, 49, 134, 183
537012.5.peg.4553.site.65, 55, 133, 188
537012.5.peg.4553.site.66, 5, 133, 138
537012.5.peg.4553.site.67, 5, 133, 138
537012.5.peg.4553.site.68, 0, 134, 134
537012.5.peg.4553.site.69, 23, 134, 157
537012.5.peg.4553.site.70, 5, 133, 138
537012.5.peg.4553.site.71, 5, 132, 137
537012.5.peg.4553.site.72, 1, 134, 135
537012.5.peg.4553.site.73, 47, 128, 175
537012.5.peg.4551.site.1, 29, 87, 116
537012.5.peg.4551.site.2, 3, 98, 101
537012.5.peg.4551.site.3, 0, 108, 108
537012.5.peg.4551.site.4, 10, 105, 115
537012.5.peg.4551.site.5, 0, 107, 107
537012.5.peg.4551.site.6, 1, 108, 109
537012.5.peg.4551.site.7, 10, 97, 107
537012.5.peg.4551.site.8, 0, 101, 101
537012.5.peg.4551.site.9, 7, 87, 94
537012.5.peg.4551.site.10, 7, 97, 104
537012.5.peg.4551.site.11, 5, 97, 102
537012.5.peg.4551.site.12, 0, 90, 90
537012.5.peg.4551.site.13, 9, 87, 96
537012.5.peg.4551.site.14, 1, 85, 86
537012.5.peg.4551.site.15, 6, 84, 90
537012.5.peg.4551.site.16, 5, 84, 89
537012.5.peg.4551.site.17, 2, 82, 84
537012.5.peg.4551.site.18, 0, 80, 80
537012.5.peg.4551.site.19, 6, 80, 86
537012.5.peg.4551.site.20, 3, 77, 80
537012.5.peg.4551.site.21, 33, 80, 113
537012.5.peg.4551.site.22, 1, 81, 82
537012.5.peg.4551.site.23, 15, 78, 93
537012.5.peg.4551.site.24, 5, 80, 85
537012.5.peg.4551.site.25, 2, 79, 81
537012.5.peg.4551.site.26, 44, 77, 121
537012.5.peg.4551.site.27, 17, 75, 92
537012.5.peg.4551.site.28, 70, 77, 147
537012.5.peg.4551.site.29, 2, 75, 77
537012.5.peg.4551.site.30, 6, 78, 84
537012.5.peg.4551.site.31, 0, 78, 78
537012.5.peg.4551.site.32, 1, 77, 78
537012.5.peg.4551.site.33, 74, 78, 152
537012.5.peg.4551.site.34, 6, 80, 86
537012.5.peg.4551.site.35, 2, 81, 83
537012.5.peg.4551.site.36, 2, 79, 81
537012.5.peg.4551.site.37, 1, 84, 85
537012.5.peg.4551.site.38, 14, 85, 99
537012.5.peg.4551.site.39, 6, 84, 90
537012.5.peg.4551.site.40, 2, 86, 88
537012.5.peg.4551.site.41, 10, 91, 101
537012.5.peg.4551.site.42, 6, 94, 100
537012.5.peg.4551.site.43, 5, 96, 101
537012.5.peg.4551.site.44, 11, 103, 114
537012.5.peg.4556.site.1, 0, 127, 127
537012.5.peg.4556.site.2, 1, 128, 129
537012.5.peg.4556.site.3, 4, 126, 130
537012.5.peg.4556.site.4, 2, 128, 130
537012.5.peg.4556.site.5, 3, 128, 131
537012.5.peg.4556.site.6, 9, 128, 137
537012.5.peg.4556.site.7, 34, 127, 161
537012.5.peg.4556.site.8, 39, 128, 167
537012.5.peg.4556.site.9, 3, 128, 131
537012.5.peg.4556.site.10, 9, 128, 137
537012.5.peg.4556.site.11, 2, 128, 130
537012.5.peg.4556.site.12, 4, 128, 132
537012.5.peg.4556.site.13, 1, 128, 129
537012.5.peg.4556.site.14, 5, 127, 132
537012.5.peg.4556.site.15, 4, 126, 130
537012.5.peg.4556.site.16, 1, 128, 129
537012.5.peg.4556.site.17, 1, 128, 129
537012.5.peg.4556.site.18, 53, 126, 179
537012.5.peg.4556.site.19, 19, 126, 145
537012.5.peg.4556.site.20, 3, 128, 131
537012.5.peg.4556.site.21, 1, 128, 129
537012.5.peg.4556.site.22, 12, 127, 139
537012.5.peg.4556.site.23, 4, 125, 129
537012.5.peg.4556.site.24, 6, 128, 134
537012.5.peg.4556.site.25, 4, 126, 130
537012.5.peg.4556.site.26, 35, 126, 161
537012.5.peg.4556.site.27, 1, 128, 129
537012.5.peg.4556.site.28, 4, 128, 132
537012.5.peg.4556.site.29, 1, 127, 128
537012.5.peg.4556.site.30, 4, 126, 130
537012.5.peg.4556.site.31, 11, 126, 137
537012.5.peg.4556.site.32, 3, 125, 128
537012.5.peg.4556.site.33, 5, 125, 130
537012.5.peg.4556.site.34, 84, 126, 210
537012.5.peg.4556.site.35, 4, 126, 130
537012.5.peg.4556.site.36, 39, 128, 167
537012.5.peg.4556.site.37, 4, 126, 130
537012.5.peg.4556.site.38, 2, 128, 130
537012.5.peg.4556.site.39, 8, 127, 135
537012.5.peg.4556.site.40, 4, 126, 130
537012.5.peg.4556.site.41, 1, 126, 127
537012.5.peg.4556.site.42, 4, 125, 129
537012.5.peg.4556.site.43, 60, 126, 186
537012.5.peg.4556.site.44, 4, 126, 130
537012.5.peg.4556.site.45, 1, 128, 129
537012.5.peg.4556.site.46, 29, 128, 157
537012.5.peg.4556.site.47, 6, 128, 134
537012.5.peg.4556.site.48, 6, 126, 132
537012.5.peg.4556.site.49, 8, 126, 134
537012.5.peg.4556.site.50, 2, 128, 130
537012.5.peg.4556.site.51, 4, 125, 129
537012.5.peg.4556.site.52, 10, 125, 135
537012.5.peg.4556.site.53, 5, 125, 130
537012.5.peg.4556.site.54, 0, 123, 123
537012.5.peg.4556.site.55, 0, 123, 123
537012.5.peg.4556.site.56, 0, 123, 123
537012.5.peg.4556.site.57, 0, 123, 123
537012.5.peg.4556.site.58, 1, 124, 125
537012.5.peg.4556.site.59, 4, 126, 130
537012.5.peg.4556.site.60, 10, 128, 138
537012.5.peg.4556.site.61, 1, 128, 129
537012.5.peg.4556.site.62, 103, 128, 231
537012.5.peg.4556.site.63, 8, 125, 133
537012.5.peg.4556.site.64, 13, 119, 132
537012.5.peg.4556.site.65, 14, 122, 136
537012.5.peg.4556.site.66, 17, 123, 140
537012.5.peg.4556.site.67, 12, 120, 132
537012.5.peg.4556.site.68, 1, 123, 124
537012.5.peg.4556.site.69, 8, 123, 131
537012.5.peg.4556.site.70, 5, 123, 128
537012.5.peg.4556.site.71, 74, 122, 196
537012.5.peg.4556.site.72, 5, 124, 129
537012.5.peg.4556.site.73, 11, 124, 135
537012.5.peg.4556.site.74, 3, 122, 125
537012.5.peg.4556.site.75, 1, 123, 124
537012.5.peg.4556.site.76, 50, 121, 171
537012.5.peg.4556.site.77, 0, 122, 122
537012.5.peg.4556.site.78, 43, 122, 165
537012.5.peg.4556.site.79, 3, 125, 128
537012.5.peg.4556.site.80, 6, 128, 134
537012.5.peg.4556.site.81, 1, 128, 129
537012.5.peg.4556.site.82, 1, 128, 129
537012.5.peg.4556.site.83, 2, 128, 130
537012.5.peg.4556.site.84, 6, 128, 134
537012.5.peg.4556.site.85, 15, 128, 143
537012.5.peg.4556.site.86, 125, 128, 253
537012.5.peg.4556.site.87, 3, 128, 131
537012.5.peg.4556.site.88, 29, 128, 157
537012.5.peg.4556.site.89, 6, 128, 134
537012.5.peg.4556.site.90, 30, 127, 157
537012.5.peg.4556.site.91, 56, 125, 181
537012.5.peg.4556.site.92, 1, 124, 125
537012.5.peg.4556.site.93, 32, 124, 156
537012.5.peg.4556.site.94, 3, 124, 127
537012.5.peg.4556.site.95, 1, 123, 124
537012.5.peg.4556.site.96, 31, 123, 154
537012.5.peg.4556.site.97, 25, 122, 147
537012.5.peg.4556.site.98, 1, 124, 125
537012.5.peg.4556.site.99, 70, 125, 195
537012.5.peg.4556.site.100, 1, 126, 127
537012.5.peg.4556.site.101, 7, 126, 133
537012.5.peg.4556.site.102, 2, 128, 130
537012.5.peg.4556.site.103, 1, 126, 127
537012.5.peg.4556.site.104, 19, 127, 146
537012.5.peg.4556.site.105, 19, 127, 146
537012.5.peg.4556.site.106, 53, 128, 181
537012.5.peg.4556.site.107, 116, 128, 244
537012.5.peg.4556.site.108, 27, 126, 153
537012.5.peg.4556.site.109, 1, 128, 129
537012.5.peg.4556.site.110, 20, 128, 148
537012.5.peg.4556.site.111, 5, 126, 131
537012.5.peg.4556.site.112, 8, 126, 134
537012.5.peg.4556.site.113, 0, 127, 127
537012.5.peg.4556.site.114, 9, 127, 136
537012.5.peg.4556.site.115, 1, 128, 129
537012.5.peg.4556.site.116, 7, 127, 134
537012.5.peg.4556.site.117, 8, 128, 136
537012.5.peg.4556.site.118, 7, 128, 135
537012.5.peg.4556.site.119, 7, 127, 134
537012.5.peg.4556.site.120, 28, 128, 156
537012.5.peg.4556.site.121, 5, 128, 133
537012.5.peg.4556.site.122, 38, 126, 164
537012.5.peg.4556.site.123, 41, 124, 165
537012.5.peg.4556.site.124, 9, 127, 136
537012.5.peg.4556.site.125, 4, 126, 130
537012.5.peg.4556.site.126, 45, 128, 173
537012.5.peg.4556.site.127, 1, 128, 129
537012.5.peg.4556.site.128, 12, 128, 140
537012.5.peg.4556.site.129, 4, 126, 130
537012.5.peg.4556.site.130, 5, 127, 132
537012.5.peg.4556.site.131, 85, 127, 212
537012.5.peg.4556.site.132, 4, 127, 131
537012.5.peg.4556.site.133, 6, 128, 134
537012.5.peg.4556.site.134, 1, 130, 131
537012.5.peg.4556.site.135, 18, 129, 147
537012.5.peg.4556.site.136, 55, 129, 184
537012.5.peg.4556.site.137, 98, 128, 226
537012.5.peg.4556.site.138, 60, 127, 187
537012.5.peg.4556.site.139, 3, 129, 132
537012.5.peg.4556.site.140, 29, 132, 161
537012.5.peg.4556.site.141, 32, 128, 160
537012.5.peg.4556.site.142, 7, 128, 135
537012.5.peg.4556.site.143, 3, 129, 132
537012.5.peg.4556.site.144, 4, 131, 135
537012.5.peg.4556.site.145, 4, 132, 136
537012.5.peg.4556.site.146, 10, 131, 141
537012.5.peg.4556.site.147, 1, 133, 134
537012.5.peg.4556.site.148, 12, 128, 140
537012.5.peg.4556.site.149, 5, 133, 138
537012.5.peg.4556.site.150, 5, 133, 138
537012.5.peg.4556.site.151, 3, 130, 133
537012.5.peg.4556.site.152, 95, 130, 225
537012.5.peg.4556.site.153, 2, 127, 129
537012.5.peg.4556.site.154, 3, 129, 132
537012.5.peg.4556.site.155, 16, 127, 143
537012.5.peg.4556.site.156, 21, 128, 149
537012.5.peg.4556.site.157, 2, 130, 132
537012.5.peg.4556.site.158, 6, 131, 137
537012.5.peg.4556.site.159, 1, 130, 131
537012.5.peg.4556.site.160, 1, 131, 132
537012.5.peg.4556.site.161, 0, 132, 132
537012.5.peg.4556.site.162, 12, 133, 145
537012.5.peg.4556.site.163, 31, 130, 161
537012.5.peg.4556.site.164, 2, 129, 131
537012.5.peg.4556.site.165, 9, 129, 138
537012.5.peg.4556.site.166, 7, 128, 135
537012.5.peg.4556.site.167, 11, 129, 140
537012.5.peg.4556.site.168, 7, 128, 135
537012.5.peg.4556.site.169, 77, 128, 205
537012.5.peg.4556.site.170, 5, 131, 136
537012.5.peg.4556.site.171, 19, 131, 150
537012.5.peg.4556.site.172, 4, 132, 136
537012.5.peg.4556.site.173, 7, 134, 141
537012.5.peg.4556.site.174, 0, 134, 134
537012.5.peg.4556.site.175, 6, 134, 140
537012.5.peg.4556.site.176, 32, 132, 164
537012.5.peg.4556.site.177, 1, 130, 131
537012.5.peg.4556.site.178, 24, 130, 154
537012.5.peg.4557.site.1, 14, 133, 147
537012.5.peg.4557.site.2, 11, 133, 144
537012.5.peg.4557.site.3, 56, 134, 190
537012.5.peg.4557.site.4, 4, 132, 136
537012.5.peg.4557.site.5, 7, 133, 140
537012.5.peg.4557.site.6, 7, 133, 140
537012.5.peg.4557.site.7, 2, 132, 134
537012.5.peg.4557.site.8, 4, 133, 137
537012.5.peg.4557.site.9, 5, 133, 138
537012.5.peg.4557.site.10, 6, 133, 139
537012.5.peg.4557.site.11, 15, 131, 146
537012.5.peg.4557.site.12, 4, 132, 136
537012.5.peg.4557.site.13, 3, 134, 137
537012.5.peg.4557.site.14, 0, 132, 132
537012.5.peg.4557.site.15, 6, 134, 140
537012.5.peg.4557.site.16, 8, 134, 142
537012.5.peg.4557.site.17, 6, 133, 139
537012.5.peg.4557.site.18, 4, 132, 136
537012.5.peg.4557.site.19, 2, 134, 136
537012.5.peg.4557.site.20, 15, 133, 148
537012.5.peg.4557.site.21, 3, 134, 137
537012.5.peg.4557.site.22, 2, 134, 136
537012.5.peg.4557.site.23, 3, 134, 137
537012.5.peg.4557.site.24, 2, 134, 136
537012.5.peg.4557.site.25, 16, 134, 150
537012.5.peg.4557.site.26, 11, 134, 145
537012.5.peg.4557.site.27, 21, 134, 155
537012.5.peg.4557.site.28, 6, 133, 139
537012.5.peg.4557.site.29, 2, 133, 135
537012.5.peg.4557.site.30, 42, 132, 174
537012.5.peg.4557.site.31, 0, 131, 131
537012.5.peg.4557.site.32, 17, 133, 150
537012.5.peg.4557.site.33, 5, 134, 139
537012.5.peg.4557.site.34, 3, 133, 136
537012.5.peg.4557.site.35, 2, 131, 133
537012.5.peg.4557.site.36, 2, 131, 133
537012.5.peg.4557.site.37, 3, 134, 137
537012.5.peg.4557.site.38, 17, 133, 150
537012.5.peg.4557.site.39, 3, 133, 136
537012.5.peg.4557.site.40, 87, 133, 220
537012.5.peg.4557.site.41, 30, 134, 164
537012.5.peg.4557.site.42, 68, 130, 198
537012.5.peg.4557.site.43, 5, 131, 136
537012.5.peg.4554.site.1, 18, 121, 139
537012.5.peg.4554.site.2, 0, 127, 127
537012.5.peg.4554.site.3, 25, 133, 158
537012.5.peg.4554.site.4, 24, 133, 157
537012.5.peg.4554.site.5, 50, 129, 179
537012.5.peg.4554.site.6, 11, 130, 141
537012.5.peg.4554.site.7, 9, 131, 140
537012.5.peg.4554.site.8, 6, 129, 135
537012.5.peg.4554.site.9, 7, 126, 133
537012.5.peg.4554.site.10, 6, 127, 133
537012.5.peg.4554.site.11, 4, 127, 131
537012.5.peg.4554.site.12, 4, 126, 130
537012.5.peg.4554.site.13, 5, 127, 132
537012.5.peg.4554.site.14, 1, 127, 128
537012.5.peg.4554.site.15, 36, 128, 164
537012.5.peg.4554.site.16, 23, 130, 153
537012.5.peg.4554.site.17, 62, 128, 190
537012.5.peg.4554.site.18, 41, 130, 171
537012.5.peg.4554.site.19, 89, 131, 220
537012.5.peg.4554.site.20, 72, 131, 203
537012.5.peg.4554.site.21, 2, 133, 135
537012.5.peg.4554.site.22, 6, 133, 139
537012.5.peg.4554.site.23, 1, 132, 133
537012.5.peg.4554.site.24, 6, 134, 140
537012.5.peg.4554.site.25, 5, 133, 138
537012.5.peg.4554.site.26, 25, 133, 158
537012.5.peg.4554.site.27, 71, 129, 200
537012.5.peg.4554.site.28, 88, 129, 217
537012.5.peg.4554.site.29, 5, 129, 134
537012.5.peg.4554.site.30, 7, 129, 136
537012.5.peg.4554.site.31, 6, 129, 135
537012.5.peg.4554.site.32, 12, 122, 134
537012.5.peg.4554.site.33, 9, 120, 129
537012.5.peg.4554.site.34, 4, 125, 129
537012.5.peg.4554.site.35, 1, 125, 126
537012.5.peg.4554.site.36, 5, 127, 132
537012.5.peg.4554.site.37, 2, 127, 129
537012.5.peg.4554.site.38, 7, 127, 134
537012.5.peg.4554.site.39, 5, 128, 133
537012.5.peg.4554.site.40, 13, 130, 143
537012.5.peg.4554.site.41, 0, 130, 130
537012.5.peg.4554.site.42, 7, 129, 136
537012.5.peg.4554.site.43, 126, 129, 255
537012.5.peg.4554.site.44, 12, 128, 140
537012.5.peg.4554.site.45, 1, 128, 129
537012.5.peg.4554.site.46, 6, 126, 132
537012.5.peg.4554.site.47, 2, 129, 131
537012.5.peg.4554.site.48, 1, 127, 128
537012.5.peg.4554.site.49, 1, 124, 125
537012.5.peg.4554.site.50, 72, 126, 198
537012.5.peg.4554.site.51, 4, 127, 131
537012.5.peg.4554.site.52, 60, 127, 187
537012.5.peg.4554.site.53, 1, 125, 126
537012.5.peg.4554.site.54, 1, 132, 133
537012.5.peg.4554.site.55, 47, 132, 179
537012.5.peg.4554.site.56, 111, 134, 245
537012.5.peg.4554.site.57, 83, 134, 217
537012.5.peg.4554.site.58, 22, 134, 156
537012.5.peg.4554.site.59, 1, 134, 135
537012.5.peg.4554.site.60, 7, 134, 141
537012.5.peg.4554.site.61, 1, 134, 135
537012.5.peg.4554.site.62, 0, 130, 130
537012.5.peg.4554.site.63, 0, 130, 130
537012.5.peg.4554.site.64, 43, 101, 144
537012.5.peg.4554.site.65, 24, 92, 116
537012.5.peg.4554.site.66, 33, 93, 126
537012.5.peg.4554.site.67, 51, 99, 150
537012.5.peg.4554.site.68, 2, 111, 113
537012.5.peg.4554.site.69, 27, 113, 140
537012.5.peg.4554.site.70, 53, 123, 176
537012.5.peg.4554.site.71, 13, 127, 140
537012.5.peg.4554.site.72, 18, 126, 144
537012.5.peg.4554.site.73, 3, 130, 133
537012.5.peg.4554.site.74, 15, 133, 148
537012.5.peg.4554.site.75, 9, 133, 142
537012.5.peg.4554.site.76, 6, 133, 139
537012.5.peg.4554.site.77, 7, 133, 140
537012.5.peg.4554.site.78, 125, 132, 257
537012.5.peg.4554.site.79, 2, 130, 132
537012.5.peg.4554.site.80, 23, 134, 157
537012.5.peg.4554.site.81, 1, 134, 135
537012.5.peg.4554.site.82, 4, 134, 138
537012.5.peg.4554.site.83, 53, 130, 183
537012.5.peg.4554.site.84, 2, 130, 132
537012.5.peg.4554.site.85, 2, 127, 129
537012.5.peg.4554.site.86, 2, 129, 131
537012.5.peg.4554.site.87, 11, 134, 145
537012.5.peg.4554.site.88, 1, 133, 134
537012.5.peg.4554.site.89, 1, 129, 130
537012.5.peg.4554.site.90, 23, 129, 152
537012.5.peg.4554.site.91, 1, 131, 132
537012.5.peg.4554.site.92, 1, 131, 132
537012.5.peg.4554.site.93, 15, 122, 137
537012.5.peg.4554.site.94, 16, 123, 139
537012.5.peg.4554.site.95, 62, 123, 185
537012.5.peg.4554.site.96, 2, 123, 125
537012.5.peg.4554.site.97, 4, 127, 131
537012.5.peg.4554.site.98, 3, 128, 131
537012.5.peg.4554.site.99, 6, 134, 140
537012.5.peg.4554.site.100, 7, 133, 140
537012.5.peg.4554.site.101, 25, 131, 156
537012.5.peg.4554.site.102, 17, 133, 150
537012.5.peg.4554.site.103, 49, 132, 181
537012.5.peg.4554.site.104, 4, 131, 135
537012.5.peg.4554.site.105, 1, 134, 135
537012.5.peg.4554.site.106, 15, 134, 149
537012.5.peg.4554.site.107, 3, 134, 137
537012.5.peg.4554.site.108, 1, 134, 135
537012.5.peg.4555.site.1, 5, 132, 137
537012.5.peg.4555.site.2, 5, 132, 137
537012.5.peg.4555.site.3, 1, 131, 132
537012.5.peg.4555.site.4, 10, 132, 142
537012.5.peg.4555.site.5, 7, 129, 136
537012.5.peg.4555.site.6, 4, 132, 136
537012.5.peg.4555.site.7, 3, 125, 128
537012.5.peg.4555.site.8, 4, 124, 128
537012.5.peg.4555.site.9, 11, 128, 139
537012.5.peg.4555.site.10, 120, 127, 247
537012.5.peg.4555.site.11, 3, 125, 128
537012.5.peg.4555.site.12, 1, 126, 127
537012.5.peg.4555.site.13, 4, 123, 127
537012.5.peg.4555.site.14, 97, 127, 224
537012.5.peg.4555.site.15, 31, 126, 157
537012.5.peg.4555.site.16, 14, 125, 139
537012.5.peg.4555.site.17, 11, 128, 139
537012.5.peg.4555.site.18, 2, 128, 130
537012.5.peg.4555.site.19, 11, 127, 138
537012.5.peg.4555.site.20, 4, 126, 130
537012.5.peg.4555.site.21, 2, 128, 130
537012.5.peg.4555.site.22, 7, 127, 134
537012.5.peg.4555.site.23, 12, 127, 139
537012.5.peg.4555.site.24, 2, 127, 129
537012.5.peg.4555.site.25, 5, 126, 131
537012.5.peg.4555.site.26, 45, 127, 172
537012.5.peg.4555.site.27, 4, 126, 130
537012.5.peg.4555.site.28, 4, 126, 130
537012.5.peg.4555.site.29, 2, 127, 129
537012.5.peg.4555.site.30, 17, 127, 144
537012.5.peg.4555.site.31, 5, 126, 131
537012.5.peg.4555.site.32, 2, 128, 130
537012.5.peg.4555.site.33, 43, 127, 170
537012.5.peg.4555.site.34, 1, 128, 129
537012.5.peg.4555.site.35, 1, 128, 129
537012.5.peg.4555.site.36, 2, 128, 130
537012.5.peg.4555.site.37, 3, 128, 131
537012.5.peg.4555.site.38, 1, 128, 129
537012.5.peg.4555.site.39, 6, 128, 134
537012.5.peg.4555.site.40, 3, 128, 131
537012.5.peg.4555.site.41, 3, 127, 130
537012.5.peg.4555.site.42, 33, 126, 159
537012.5.peg.4555.site.43, 0, 125, 125
537012.5.peg.4555.site.44, 2, 125, 127
537012.5.peg.4555.site.45, 73, 126, 199
537012.5.peg.4555.site.46, 41, 126, 167
537012.5.peg.4555.site.47, 3, 127, 130
537012.5.peg.4555.site.48, 27, 128, 155
537012.5.peg.4555.site.49, 9, 128, 137
537012.5.peg.4555.site.50, 11, 126, 137
537012.5.peg.4555.site.51, 4, 125, 129
537012.5.peg.4555.site.52, 3, 126, 129
537012.5.peg.4555.site.53, 39, 124, 163
537012.5.peg.4555.site.54, 34, 123, 157
537012.5.peg.4555.site.55, 37, 122, 159
537012.5.peg.4555.site.56, 3, 125, 128
537012.5.peg.4555.site.57, 35, 128, 163
537012.5.peg.4555.site.58, 2, 128, 130
537012.5.peg.4555.site.59, 1, 128, 129
537012.5.peg.4555.site.60, 102, 128, 230
537012.5.peg.4555.site.61, 11, 128, 139
537012.5.peg.4555.site.62, 4, 126, 130
537012.5.peg.4555.site.63, 16, 128, 144
537012.5.peg.4555.site.64, 4, 126, 130
537012.5.peg.4555.site.65, 11, 128, 139
537012.5.peg.4555.site.66, 3, 128, 131
537012.5.peg.4555.site.67, 1, 129, 130
537012.5.peg.4555.site.68, 5, 127, 132
537012.5.peg.4555.site.69, 33, 131, 164
537012.5.peg.4555.site.70, 56, 132, 188
537012.5.peg.4555.site.71, 8, 134, 142
537012.5.peg.4555.site.72, 1, 134, 135
537012.5.peg.4555.site.73, 3, 134, 137
537012.5.peg.4555.site.74, 13, 133, 146
537012.5.peg.4555.site.75, 4, 133, 137
537012.5.peg.4555.site.76, 6, 133, 139
537012.5.peg.4555.site.77, 20, 133, 153
537012.5.peg.4555.site.78, 7, 129, 136
537012.5.peg.4555.site.79, 2, 129, 131
537012.5.peg.4555.site.80, 12, 127, 139
537012.5.peg.4555.site.81, 4, 126, 130
537012.5.peg.4555.site.82, 0, 127, 127
537012.5.peg.4555.site.83, 10, 127, 137
537012.5.peg.4555.site.84, 5, 126, 131
537012.5.peg.4555.site.85, 11, 126, 137
537012.5.peg.4555.site.86, 1, 128, 129
537012.5.peg.4555.site.87, 1, 128, 129
537012.5.peg.4555.site.88, 1, 128, 129
537012.5.peg.4555.site.89, 4, 126, 130
537012.5.peg.4555.site.90, 12, 127, 139
537012.5.peg.4555.site.91, 4, 128, 132
537012.5.peg.4555.site.92, 1, 127, 128
537012.5.peg.4555.site.93, 1, 127, 128
537012.5.peg.4555.site.94, 2, 124, 126
537012.5.peg.4555.site.95, 104, 125, 229
537012.5.peg.4555.site.96, 5, 115, 120
537012.5.peg.4555.site.97, 3, 117, 120
537012.5.peg.4555.site.98, 29, 114, 143
537012.5.peg.4555.site.99, 1, 113, 114
537012.5.peg.4555.site.100, 1, 112, 113
537012.5.peg.4555.site.101, 20, 111, 131
537012.5.peg.4555.site.102, 19, 110, 129
537012.5.peg.4555.site.103, 8, 113, 121
537012.5.peg.4555.site.104, 1, 112, 113
537012.5.peg.4555.site.105, 105, 114, 219
537012.5.peg.4555.site.106, 107, 114, 221
537012.5.peg.4555.site.107, 12, 123, 135
537012.5.peg.4558.site.1, 3, 134, 137
537012.5.peg.4558.site.2, 7, 134, 141
537012.5.peg.4558.site.3, 19, 132, 151
537012.5.peg.4558.site.4, 3, 134, 137
537012.5.peg.4558.site.5, 2, 133, 135
537012.5.peg.4558.site.6, 0, 134, 134
537012.5.peg.4558.site.7, 30, 133, 163
537012.5.peg.4558.site.8, 4, 133, 137
537012.5.peg.4558.site.9, 14, 133, 147
537012.5.peg.4558.site.10, 3, 134, 137
537012.5.peg.4558.site.11, 3, 134, 137
537012.5.peg.4558.site.12, 54, 133, 187
537012.5.peg.4558.site.13, 1, 134, 135
537012.5.peg.4558.site.14, 38, 132, 170
537012.5.peg.4558.site.15, 11, 133, 144
537012.5.peg.4558.site.16, 16, 133, 149
537012.5.peg.4558.site.17, 4, 134, 138
537012.5.peg.4558.site.18, 6, 133, 139
537012.5.peg.4558.site.19, 36, 133, 169
537012.5.peg.4558.site.20, 5, 133, 138
537012.5.peg.4558.site.21, 5, 133, 138
537012.5.peg.4558.site.22, 18, 132, 150
537012.5.peg.4558.site.23, 2, 134, 136
537012.5.peg.4558.site.24, 18, 132, 150
537012.5.peg.1895.site.1, 26, 133, 159
537012.5.peg.1895.site.2, 6, 132, 138
537012.5.peg.1895.site.3, 30, 131, 161
537012.5.peg.1895.site.4, 3, 132, 135
537012.5.peg.1895.site.5, 25, 132, 157
537012.5.peg.1895.site.6, 4, 133, 137
537012.5.peg.1895.site.7, 0, 133, 133
537012.5.peg.1895.site.8, 6, 133, 139
537012.5.peg.1895.site.9, 7, 133, 140
537012.5.peg.1895.site.10, 4, 131, 135
537012.5.peg.1895.site.11, 67, 130, 197
537012.5.peg.1895.site.12, 2, 129, 131
537012.5.peg.1895.site.13, 6, 133, 139
537012.5.peg.1895.site.14, 18, 133, 151
537012.5.peg.1895.site.15, 18, 131, 149
537012.5.peg.1895.site.16, 6, 132, 138
537012.5.peg.1895.site.17, 4, 131, 135
537012.5.peg.1895.site.18, 6, 133, 139
537012.5.peg.1895.site.19, 9, 133, 142
537012.5.peg.1895.site.20, 6, 133, 139
537012.5.peg.1895.site.21, 2, 133, 135
537012.5.peg.1895.site.22, 34, 132, 166
537012.5.peg.1895.site.23, 6, 131, 137
537012.5.peg.1895.site.24, 1, 128, 129
537012.5.peg.1895.site.25, 3, 129, 132
537012.5.peg.1895.site.26, 1, 129, 130
537012.5.peg.1895.site.27, 9, 129, 138
537012.5.peg.1895.site.28, 17, 129, 146
537012.5.peg.1895.site.29, 6, 129, 135
537012.5.peg.1895.site.30, 8, 128, 136
537012.5.peg.1895.site.31, 4, 129, 133
537012.5.peg.1895.site.32, 2, 129, 131
537012.5.peg.1895.site.33, 1, 129, 130
537012.5.peg.1895.site.34, 6, 129, 135
537012.5.peg.1895.site.35, 6, 129, 135
537012.5.peg.1895.site.36, 4, 129, 133
537012.5.peg.1895.site.37, 3, 129, 132
537012.5.peg.1895.site.38, 6, 129, 135
537012.5.peg.1895.site.39, 33, 128, 161
537012.5.peg.1895.site.40, 119, 128, 247
537012.5.peg.1895.site.41, 3, 129, 132
537012.5.peg.1895.site.42, 3, 128, 131
537012.5.peg.1895.site.43, 1, 128, 129
537012.5.peg.1895.site.44, 34, 130, 164
537012.5.peg.1895.site.45, 3, 130, 133
537012.5.peg.1895.site.46, 6, 130, 136
537012.5.peg.1895.site.47, 3, 129, 132
537012.5.peg.1895.site.48, 6, 130, 136
537012.5.peg.1895.site.49, 6, 128, 134
537012.5.peg.1895.site.50, 6, 128, 134
537012.5.peg.1895.site.51, 6, 128, 134
537012.5.peg.1895.site.52, 4, 127, 131
537012.5.peg.1895.site.53, 44, 125, 169
537012.5.peg.1895.site.54, 45, 125, 170
537012.5.peg.1895.site.55, 4, 127, 131
537012.5.peg.1895.site.56, 17, 128, 145
537012.5.peg.1895.site.57, 6, 128, 134
537012.5.peg.1895.site.58, 51, 127, 178
537012.5.peg.1895.site.59, 1, 128, 129
537012.5.peg.1895.site.60, 1, 128, 129
537012.5.peg.1895.site.61, 42, 127, 169
537012.5.peg.1895.site.62, 2, 129, 131
537012.5.peg.1895.site.63, 0, 129, 129
537012.5.peg.1895.site.64, 9, 128, 137
537012.5.peg.1725.site.1, 11, 67, 78
537012.5.peg.1725.site.2, 36, 110, 146
537012.5.peg.1725.site.3, 1, 116, 117
537012.5.peg.1725.site.4, 3, 124, 127
537012.5.peg.1725.site.5, 39, 120, 159
537012.5.peg.1725.site.6, 14, 128, 142
537012.5.peg.1725.site.7, 1, 128, 129
537012.5.peg.1725.site.8, 0, 127, 127
537012.5.peg.1725.site.9, 5, 126, 131
537012.5.peg.1725.site.10, 0, 127, 127
537012.5.peg.1725.site.11, 10, 125, 135
537012.5.peg.1725.site.12, 0, 128, 128
537012.5.peg.1725.site.13, 39, 126, 165
537012.5.peg.1725.site.14, 0, 128, 128
537012.5.peg.1725.site.15, 14, 128, 142
537012.5.peg.1725.site.16, 4, 126, 130
537012.5.peg.1725.site.17, 33, 125, 158
537012.5.peg.1725.site.18, 4, 128, 132
537012.5.peg.1725.site.19, 9, 126, 135
537012.5.peg.1725.site.20, 0, 127, 127
537012.5.peg.1725.site.21, 80, 126, 206
537012.5.peg.1725.site.22, 4, 126, 130
537012.5.peg.1725.site.23, 96, 128, 224
537012.5.peg.1725.site.24, 0, 130, 130
537012.5.peg.1725.site.25, 9, 131, 140
537012.5.peg.1725.site.26, 1, 131, 132
537012.5.peg.1725.site.27, 3, 132, 135
537012.5.peg.1725.site.28, 3, 132, 135
537012.5.peg.1725.site.29, 2, 118, 120
537012.5.peg.1725.site.30, 16, 125, 141
537012.5.peg.1725.site.31, 5, 108, 113
537012.5.peg.1725.site.32, 16, 100, 116
537012.5.peg.1725.site.33, 2, 72, 74
537012.5.peg.1725.site.34, 1, 73, 74
537012.5.peg.1725.site.35, 0, 73, 73
537012.5.peg.1725.site.36, 66, 72, 138
537012.5.peg.1725.site.37, 41, 75, 116
537012.5.peg.1725.site.38, 0, 77, 77
537012.5.peg.1725.site.39, 5, 82, 87
537012.5.peg.1725.site.40, 45, 82, 127
537012.5.peg.1725.site.41, 7, 80, 87
537012.5.peg.1725.site.42, 3, 78, 81
537012.5.peg.1725.site.43, 26, 74, 100
537012.5.peg.1725.site.44, 7, 76, 83
537012.5.peg.1725.site.45, 8, 84, 92
537012.5.peg.1725.site.46, 24, 84, 108
537012.5.peg.1722.site.1, 0, 124, 124
537012.5.peg.1722.site.2, 4, 122, 126
537012.5.peg.1722.site.3, 2, 124, 126
537012.5.peg.1722.site.4, 0, 123, 123
537012.5.peg.1722.site.5, 54, 121, 175
537012.5.peg.1722.site.6, 113, 124, 237
537012.5.peg.1722.site.7, 0, 123, 123
537012.5.peg.1720.site.1, 4, 92, 96
537012.5.peg.1720.site.2, 3, 93, 96
537012.5.peg.1720.site.3, 30, 85, 115
537012.5.peg.1720.site.4, 48, 80, 128
537012.5.peg.1720.site.5, 25, 78, 103
537012.5.peg.1720.site.6, 34, 79, 113
537012.5.peg.1720.site.7, 41, 75, 116
537012.5.peg.1720.site.8, 22, 70, 92
537012.5.peg.1720.site.9, 17, 79, 96
537012.5.peg.1720.site.10, 1, 83, 84
537012.5.peg.1720.site.11, 2, 92, 94
537012.5.peg.1720.site.12, 20, 103, 123
537012.5.peg.1720.site.13, 10, 107, 117
537012.5.peg.1720.site.14, 3, 98, 101
537012.5.peg.1720.site.15, 57, 97, 154
537012.5.peg.1720.site.16, 2, 125, 127
537012.5.peg.1720.site.17, 7, 125, 132
537012.5.peg.1720.site.18, 75, 120, 195
537012.5.peg.1720.site.19, 10, 105, 115
537012.5.peg.1720.site.20, 45, 104, 149
537012.5.peg.1720.site.21, 9, 123, 132
537012.5.peg.1720.site.22, 6, 128, 134
537012.5.peg.1720.site.23, 7, 130, 137
537012.5.peg.1720.site.24, 7, 130, 137
537012.5.peg.1720.site.25, 0, 131, 131
537012.5.peg.1720.site.26, 4, 127, 131
537012.5.peg.1720.site.27, 4, 127, 131
537012.5.peg.1720.site.28, 122, 124, 246
537012.5.peg.1720.site.29, 4, 122, 126
537012.5.peg.1720.site.30, 62, 122, 184
537012.5.peg.1720.site.31, 57, 120, 177
537012.5.peg.1720.site.32, 2, 123, 125
537012.5.peg.1720.site.33, 5, 122, 127
537012.5.peg.1720.site.34, 29, 123, 152
537012.5.peg.1720.site.35, 107, 122, 229
537012.5.peg.1720.site.36, 4, 121, 125
537012.5.peg.1720.site.37, 8, 129, 137
537012.5.peg.1720.site.38, 8, 129, 137
537012.5.peg.1720.site.39, 42, 130, 172
537012.5.peg.1720.site.40, 56, 128, 184
537012.5.peg.1720.site.41, 10, 130, 140
537012.5.peg.1720.site.42, 78, 129, 207
537012.5.peg.1720.site.43, 13, 131, 144
537012.5.peg.1720.site.44, 7, 130, 137
537012.5.peg.1720.site.45, 22, 129, 151
537012.5.peg.1720.site.46, 2, 130, 132
537012.5.peg.1720.site.47, 5, 127, 132
537012.5.peg.1720.site.48, 0, 125, 125
537012.5.peg.1720.site.49, 3, 125, 128
537012.5.peg.1720.site.50, 2, 123, 125
537012.5.peg.1720.site.51, 3, 126, 129
537012.5.peg.1720.site.52, 3, 129, 132
537012.5.peg.1720.site.53, 15, 130, 145
537012.5.peg.1720.site.54, 0, 130, 130
537012.5.peg.1720.site.55, 8, 127, 135
537012.5.peg.1720.site.56, 42, 125, 167
537012.5.peg.1720.site.57, 7, 129, 136
537012.5.peg.1720.site.58, 2, 130, 132
537012.5.peg.4753.site.1, 1, 74, 75
537012.5.peg.4753.site.2, 66, 75, 141
537012.5.peg.4753.site.3, 2, 82, 84
537012.5.peg.4753.site.4, 1, 83, 84
537012.5.peg.4753.site.5, 1, 88, 89
537012.5.peg.4753.site.6, 0, 86, 86
537012.5.peg.4753.site.7, 3, 87, 90
537012.5.peg.4753.site.8, 45, 87, 132
537012.5.peg.4753.site.9, 5, 88, 93
537012.5.peg.4753.site.10, 1, 88, 89
537012.5.peg.4753.site.11, 41, 88, 129
537012.5.peg.4753.site.12, 2, 89, 91
537012.5.peg.4753.site.13, 2, 92, 94
537012.5.peg.4753.site.14, 18, 91, 109
537012.5.peg.4753.site.15, 2, 92, 94
537012.5.peg.4753.site.16, 14, 88, 102
537012.5.peg.4753.site.17, 0, 90, 90
537012.5.peg.4753.site.18, 0, 93, 93
537012.5.peg.4753.site.19, 55, 99, 154
537012.5.peg.4753.site.20, 6, 127, 133
537012.5.peg.4753.site.21, 5, 128, 133
537012.5.peg.4753.site.22, 1, 117, 118
537012.5.peg.4753.site.23, 6, 131, 137
537012.5.peg.4753.site.24, 7, 129, 136
537012.5.peg.4753.site.25, 27, 130, 157
537012.5.peg.4753.site.26, 0, 131, 131
537012.5.peg.4753.site.27, 10, 130, 140
537012.5.peg.4753.site.28, 1, 128, 129
537012.5.peg.4753.site.29, 1, 128, 129
537012.5.peg.4753.site.30, 1, 128, 129
537012.5.peg.4753.site.31, 1, 132, 133
537012.5.peg.4753.site.32, 129, 132, 261
537012.5.peg.4753.site.33, 48, 131, 179
537012.5.peg.4753.site.34, 1, 131, 132
537012.5.peg.4753.site.35, 8, 130, 138
537012.5.peg.4753.site.36, 12, 131, 143
537012.5.peg.4753.site.37, 3, 132, 135
537012.5.peg.4753.site.38, 8, 132, 140
537012.5.peg.4753.site.39, 3, 132, 135
537012.5.peg.4753.site.40, 3, 131, 134
537012.5.peg.4753.site.41, 1, 131, 132
537012.5.peg.4753.site.42, 67, 130, 197
537012.5.peg.4753.site.43, 3, 131, 134
537012.5.peg.4753.site.44, 2, 130, 132
537012.5.peg.4753.site.45, 106, 128, 234
537012.5.peg.4753.site.46, 18, 120, 138
537012.5.peg.4753.site.47, 5, 119, 124
537012.5.peg.4753.site.48, 6, 123, 129
537012.5.peg.4753.site.49, 20, 120, 140
537012.5.peg.4753.site.50, 0, 120, 120
537012.5.peg.4753.site.51, 2, 122, 124
537012.5.peg.4753.site.52, 2, 121, 123
537012.5.peg.4753.site.53, 20, 114, 134
537012.5.peg.4753.site.54, 4, 107, 111
537012.5.peg.4753.site.55, 59, 98, 157
537012.5.peg.4753.site.56, 1, 100, 101
537012.5.peg.4753.site.57, 4, 101, 105
537012.5.peg.4753.site.58, 101, 112, 213
537012.5.peg.4753.site.59, 4, 114, 118
537012.5.peg.4753.site.60, 2, 121, 123
537012.5.peg.4753.site.61, 15, 122, 137
537012.5.peg.4753.site.62, 28, 123, 151
537012.5.peg.4753.site.63, 1, 126, 127
537012.5.peg.4753.site.64, 17, 125, 142
537012.5.peg.4753.site.65, 75, 122, 197
537012.5.peg.4753.site.66, 0, 122, 122
537012.5.peg.4753.site.67, 2, 123, 125
537012.5.peg.4753.site.68, 1, 123, 124
537012.5.peg.4753.site.69, 0, 127, 127
537012.5.peg.4753.site.70, 3, 127, 130
537012.5.peg.4753.site.71, 0, 126, 126
537012.5.peg.4753.site.72, 1, 118, 119
537012.5.peg.4753.site.73, 0, 120, 120
537012.5.peg.4753.site.74, 2, 119, 121
537012.5.peg.4753.site.75, 6, 122, 128
537012.5.peg.4753.site.76, 7, 121, 128
537012.5.peg.4753.site.77, 12, 121, 133
537012.5.peg.4753.site.78, 1, 121, 122
537012.5.peg.4753.site.79, 12, 120, 132
537012.5.peg.4753.site.80, 1, 127, 128
537012.5.peg.4753.site.81, 6, 125, 131
537012.5.peg.4753.site.82, 6, 125, 131
537012.5.peg.4753.site.83, 32, 124, 156
537012.5.peg.4753.site.84, 2, 118, 120
537012.5.peg.4753.site.85, 7, 119, 126
537012.5.peg.4753.site.86, 0, 120, 120
537012.5.peg.4753.site.87, 7, 119, 126
537012.5.peg.4753.site.88, 3, 119, 122
537012.5.peg.4753.site.89, 0, 120, 120
537012.5.peg.4753.site.90, 1, 124, 125
537012.5.peg.4753.site.91, 5, 123, 128
537012.5.peg.4753.site.92, 116, 124, 240
537012.5.peg.4753.site.93, 2, 124, 126
537012.5.peg.4753.site.94, 3, 122, 125
537012.5.peg.4753.site.95, 7, 118, 125
537012.5.peg.4753.site.96, 3, 120, 123
537012.5.peg.4753.site.97, 24, 105, 129
537012.5.peg.4753.site.98, 9, 104, 113
537012.5.peg.4753.site.99, 6, 85, 91
537012.5.peg.4753.site.100, 54, 104, 158
537012.5.peg.4753.site.101, 6, 111, 117
537012.5.peg.4753.site.102, 30, 123, 153
537012.5.peg.4753.site.103, 1, 124, 125
537012.5.peg.4753.site.104, 10, 124, 134
537012.5.peg.4753.site.105, 8, 125, 133
537012.5.peg.4753.site.106, 2, 126, 128
537012.5.peg.4753.site.107, 18, 123, 141
537012.5.peg.4753.site.108, 24, 126, 150
537012.5.peg.4753.site.109, 113, 123, 236
537012.5.peg.4753.site.110, 0, 120, 120
537012.5.peg.4753.site.111, 17, 111, 128
537012.5.peg.4753.site.112, 1, 105, 106
537012.5.peg.4753.site.113, 43, 93, 136
537012.5.peg.4753.site.114, 1, 97, 98
537012.5.peg.4753.site.115, 1, 95, 96
537012.5.peg.4753.site.116, 29, 92, 121
537012.5.peg.4753.site.117, 19, 104, 123
537012.5.peg.4753.site.118, 39, 104, 143
537012.5.peg.4753.site.119, 6, 110, 116
537012.5.peg.4753.site.120, 2, 111, 113
537012.5.peg.4753.site.121, 41, 111, 152
537012.5.peg.4753.site.122, 13, 117, 130
537012.5.peg.4753.site.123, 2, 114, 116
537012.5.peg.4753.site.124, 20, 114, 134
537012.5.peg.4753.site.125, 18, 115, 133
537012.5.peg.4753.site.126, 18, 115, 133
537012.5.peg.4753.site.127, 9, 114, 123
537012.5.peg.4753.site.128, 20, 114, 134
537012.5.peg.4753.site.129, 1, 113, 114
537012.5.peg.4753.site.130, 90, 110, 200
537012.5.peg.4753.site.131, 1, 113, 114
537012.5.peg.4753.site.132, 1, 107, 108
537012.5.peg.4753.site.133, 35, 100, 135
537012.5.peg.4753.site.134, 2, 90, 92
537012.5.peg.4753.site.135, 1, 91, 92
537012.5.peg.4753.site.136, 26, 93, 119
537012.5.peg.4753.site.137, 2, 93, 95
537012.5.peg.4753.site.138, 1, 117, 118
537012.5.peg.4753.site.139, 9, 112, 121
537012.5.peg.4753.site.140, 89, 104, 193
537012.5.peg.4753.site.141, 43, 112, 155
537012.5.peg.4753.site.142, 7, 114, 121
537012.5.peg.4753.site.143, 6, 116, 122
537012.5.peg.4753.site.144, 4, 121, 125
537012.5.peg.4753.site.145, 8, 124, 132
537012.5.peg.4753.site.146, 2, 124, 126
537012.5.peg.4753.site.147, 9, 124, 133
537012.5.peg.4753.site.148, 6, 123, 129
537012.5.peg.4753.site.149, 3, 108, 111
537012.5.peg.4753.site.150, 66, 102, 168
537012.5.peg.4753.site.151, 3, 111, 114
537012.5.peg.4753.site.152, 78, 115, 193
537012.5.peg.4753.site.153, 2, 120, 122
537012.5.peg.4753.site.154, 1, 129, 130
537012.5.peg.4753.site.155, 1, 127, 128
537012.5.peg.4753.site.156, 0, 124, 124
537012.5.peg.4753.site.157, 2, 123, 125
537012.5.peg.4753.site.158, 5, 127, 132
537012.5.peg.4753.site.159, 7, 129, 136
537012.5.peg.1659.site.1, 9, 118, 127
537012.5.peg.1659.site.2, 5, 119, 124
537012.5.peg.1659.site.3, 2, 116, 118
537012.5.peg.1659.site.4, 3, 114, 117
537012.5.peg.1659.site.5, 1, 113, 114
537012.5.peg.1659.site.6, 89, 113, 202
537012.5.peg.1659.site.7, 1, 113, 114
537012.5.peg.1659.site.8, 0, 113, 113
537012.5.peg.1659.site.9, 0, 113, 113
537012.5.peg.1659.site.10, 1, 115, 116
537012.5.peg.1659.site.11, 3, 93, 96
537012.5.peg.1659.site.12, 3, 76, 79
537012.5.peg.1659.site.13, 75, 76, 151
537012.5.peg.1659.site.14, 1, 77, 78
537012.5.peg.1659.site.15, 4, 82, 86
537012.5.peg.1659.site.16, 43, 84, 127
537012.5.peg.1659.site.17, 1, 86, 87
537012.5.peg.1659.site.18, 10, 88, 98
537012.5.peg.1659.site.19, 6, 88, 94
537012.5.peg.1659.site.20, 9, 87, 96
537012.5.peg.1659.site.21, 2, 84, 86
537012.5.peg.1659.site.22, 6, 86, 92
537012.5.peg.1659.site.23, 8, 85, 93
537012.5.peg.1659.site.24, 4, 82, 86
537012.5.peg.1659.site.25, 5, 79, 84
537012.5.peg.1659.site.26, 12, 80, 92
537012.5.peg.1659.site.27, 70, 78, 148
537012.5.peg.1659.site.28, 7, 72, 79
537012.5.peg.1659.site.29, 17, 69, 86
537012.5.peg.1659.site.30, 59, 66, 125
537012.5.peg.1659.site.31, 3, 61, 64
537012.5.peg.1659.site.32, 14, 62, 76
537012.5.peg.1659.site.33, 7, 64, 71
537012.5.peg.1659.site.34, 50, 72, 122
537012.5.peg.1659.site.35, 13, 73, 86
537012.5.peg.1659.site.36, 13, 73, 86
537012.5.peg.1659.site.37, 17, 76, 93
537012.5.peg.1659.site.38, 5, 71, 76
537012.5.peg.1659.site.39, 1, 72, 73
537012.5.peg.1659.site.40, 6, 74, 80
537012.5.peg.1659.site.41, 6, 78, 84
537012.5.peg.1659.site.42, 7, 82, 89
537012.5.peg.1659.site.43, 1, 85, 86
537012.5.peg.1659.site.44, 1, 90, 91
537012.5.peg.1659.site.45, 6, 89, 95
537012.5.peg.1659.site.46, 19, 96, 115
537012.5.peg.1659.site.47, 8, 114, 122
537012.5.peg.1659.site.48, 0, 125, 125
537012.5.peg.1659.site.49, 3, 127, 130
537012.5.peg.1659.site.50, 3, 125, 128
537012.5.peg.1659.site.51, 1, 125, 126
537012.5.peg.1659.site.52, 11, 123, 134
537012.5.peg.1659.site.53, 15, 120, 135
537012.5.peg.1659.site.54, 0, 113, 113
537012.5.peg.1659.site.55, 17, 102, 119
537012.5.peg.1659.site.56, 7, 97, 104
537012.5.peg.1659.site.57, 23, 97, 120
537012.5.peg.1659.site.58, 10, 97, 107
537012.5.peg.1659.site.59, 18, 92, 110
537012.5.peg.1659.site.60, 6, 89, 95
537012.5.peg.1659.site.61, 15, 93, 108
537012.5.peg.1659.site.62, 6, 99, 105
537012.5.peg.1659.site.63, 2, 97, 99
537012.5.peg.1659.site.64, 15, 114, 129
537012.5.peg.1659.site.65, 1, 117, 118
537012.5.peg.1659.site.66, 12, 118, 130
537012.5.peg.1659.site.67, 9, 116, 125
537012.5.peg.1659.site.68, 2, 117, 119
537012.5.peg.1659.site.69, 15, 114, 129
537012.5.peg.1659.site.70, 1, 116, 117
537012.5.peg.1659.site.71, 0, 109, 109
537012.5.peg.1659.site.72, 64, 106, 170
537012.5.peg.1659.site.73, 2, 90, 92
537012.5.peg.1659.site.74, 1, 86, 87
537012.5.peg.1659.site.75, 4, 90, 94
537012.5.peg.1659.site.76, 9, 88, 97
537012.5.peg.1659.site.77, 3, 82, 85
537012.5.peg.1659.site.78, 2, 82, 84
537012.5.peg.1659.site.79, 5, 87, 92
537012.5.peg.1659.site.80, 9, 97, 106
537012.5.peg.1659.site.81, 9, 100, 109
537012.5.peg.1659.site.82, 6, 114, 120
537012.5.peg.1659.site.83, 7, 112, 119
537012.5.peg.1659.site.84, 6, 106, 112
537012.5.peg.1659.site.85, 1, 79, 80
537012.5.peg.1659.site.86, 8, 92, 100
537012.5.peg.1659.site.87, 1, 95, 96
537012.5.peg.1659.site.88, 2, 107, 109
537012.5.peg.1659.site.89, 1, 102, 103
537012.5.peg.2510.site.1, 5, 127, 132
537012.5.peg.2510.site.2, 0, 133, 133
537012.5.peg.2510.site.3, 3, 130, 133
537012.5.peg.2510.site.4, 2, 130, 132
537012.5.peg.2510.site.5, 7, 129, 136
537012.5.peg.2510.site.6, 0, 130, 130
537012.5.peg.2510.site.7, 1, 131, 132
537012.5.peg.2510.site.8, 3, 132, 135
537012.5.peg.2510.site.9, 3, 133, 136
537012.5.peg.2510.site.10, 3, 132, 135
537012.5.peg.2510.site.11, 11, 131, 142
537012.5.peg.2510.site.12, 1, 129, 130
537012.5.peg.2510.site.13, 2, 132, 134
537012.5.peg.2510.site.14, 16, 131, 147
537012.5.peg.2510.site.15, 3, 131, 134
537012.5.peg.2510.site.16, 1, 128, 129
537012.5.peg.2510.site.17, 8, 128, 136
537012.5.peg.2510.site.18, 1, 127, 128
537012.5.peg.2510.site.19, 6, 128, 134
537012.5.peg.2510.site.20, 19, 131, 150
537012.5.peg.2510.site.21, 4, 129, 133
537012.5.peg.2510.site.22, 5, 130, 135
537012.5.peg.2510.site.23, 1, 132, 133
537012.5.peg.2510.site.24, 122, 131, 253
537012.5.peg.2510.site.25, 5, 133, 138
537012.5.peg.2510.site.26, 6, 132, 138
537012.5.peg.2510.site.27, 20, 131, 151
537012.5.peg.2510.site.28, 8, 130, 138
537012.5.peg.2510.site.29, 2, 131, 133
537012.5.peg.2510.site.30, 8, 131, 139
537012.5.peg.2510.site.31, 7, 129, 136
537012.5.peg.2510.site.32, 7, 129, 136
537012.5.peg.2510.site.33, 11, 129, 140
537012.5.peg.2510.site.34, 24, 123, 147
537012.5.peg.2510.site.35, 1, 123, 124
537012.5.peg.2510.site.36, 4, 131, 135
537012.5.peg.2510.site.37, 1, 134, 135
537012.5.peg.2510.site.38, 5, 133, 138
537012.5.peg.2510.site.39, 17, 134, 151
537012.5.peg.1650.site.1, 9, 127, 136
537012.5.peg.1650.site.2, 15, 128, 143
537012.5.peg.1650.site.3, 12, 126, 138
537012.5.peg.1650.site.4, 127, 128, 255
537012.5.peg.1650.site.5, 3, 127, 130
537012.5.peg.1650.site.6, 14, 128, 142
537012.5.peg.1650.site.7, 0, 128, 128
537012.5.peg.1650.site.8, 14, 128, 142
537012.5.peg.1650.site.9, 88, 127, 215
537012.5.peg.1650.site.10, 2, 127, 129
537012.5.peg.1650.site.11, 1, 127, 128
537012.5.peg.1650.site.12, 1, 128, 129
537012.5.peg.1650.site.13, 24, 127, 151
537012.5.peg.1650.site.14, 0, 126, 126
537012.5.peg.1650.site.15, 1, 127, 128
537012.5.peg.1650.site.16, 3, 128, 131
537012.5.peg.1650.site.17, 34, 126, 160
537012.5.peg.1650.site.18, 10, 125, 135
537012.5.peg.1650.site.19, 8, 123, 131
537012.5.peg.1650.site.20, 7, 124, 131
537012.5.peg.1650.site.21, 3, 124, 127
537012.5.peg.1650.site.22, 107, 125, 232
537012.5.peg.1650.site.23, 1, 127, 128
537012.5.peg.1650.site.24, 5, 127, 132
537012.5.peg.1650.site.25, 0, 125, 125
537012.5.peg.1650.site.26, 1, 123, 124
537012.5.peg.1650.site.27, 2, 122, 124
537012.5.peg.2511.site.1, 81, 132, 213
537012.5.peg.2511.site.2, 6, 134, 140
537012.5.peg.2511.site.3, 66, 131, 197
537012.5.peg.2511.site.4, 9, 130, 139
537012.5.peg.2511.site.5, 10, 131, 141
537012.5.peg.2511.site.6, 17, 133, 150
537012.5.peg.2511.site.7, 6, 131, 137
537012.5.peg.2511.site.8, 6, 131, 137
537012.5.peg.2511.site.9, 21, 130, 151
537012.5.peg.2511.site.10, 31, 131, 162
537012.5.peg.2511.site.11, 4, 131, 135
537012.5.peg.2511.site.12, 2, 129, 131
537012.5.peg.2511.site.13, 0, 130, 130
537012.5.peg.2511.site.14, 8, 129, 137
537012.5.peg.2511.site.15, 2, 129, 131
537012.5.peg.2511.site.16, 5, 125, 130
537012.5.peg.2511.site.17, 2, 125, 127
537012.5.peg.2511.site.18, 14, 125, 139
537012.5.peg.2511.site.19, 9, 127, 136
537012.5.peg.2511.site.20, 1, 130, 131
537012.5.peg.2511.site.21, 0, 128, 128
537012.5.peg.2511.site.22, 7, 129, 136
537012.5.peg.1091.site.1, 3, 128, 131
537012.5.peg.1091.site.2, 18, 128, 146
537012.5.peg.1091.site.3, 1, 130, 131
537012.5.peg.1091.site.4, 1, 129, 130
537012.5.peg.1091.site.5, 0, 125, 125
537012.5.peg.1091.site.6, 15, 130, 145
537012.5.peg.1091.site.7, 0, 127, 127
537012.5.peg.1091.site.8, 2, 127, 129
537012.5.peg.1091.site.9, 0, 128, 128
537012.5.peg.1091.site.10, 3, 123, 126
537012.5.peg.1091.site.11, 1, 131, 132
537012.5.peg.1091.site.12, 10, 129, 139
537012.5.peg.1091.site.13, 0, 124, 124
537012.5.peg.1091.site.14, 0, 127, 127
537012.5.peg.1091.site.15, 1, 128, 129
537012.5.peg.1091.site.16, 1, 124, 125
537012.5.peg.1091.site.17, 16, 125, 141
537012.5.peg.1091.site.18, 0, 118, 118
537012.5.peg.1091.site.19, 0, 117, 117
537012.5.peg.1091.site.20, 0, 117, 117
537012.5.peg.1091.site.21, 115, 117, 232
537012.5.peg.1091.site.22, 1, 117, 118
537012.5.peg.1091.site.23, 11, 119, 130
537012.5.peg.1091.site.24, 0, 119, 119
537012.5.peg.1091.site.25, 0, 117, 117
537012.5.peg.1091.site.26, 3, 120, 123
537012.5.peg.1091.site.27, 6, 120, 126
537012.5.peg.1091.site.28, 14, 112, 126
537012.5.peg.1091.site.29, 1, 95, 96
537012.5.peg.1091.site.30, 1, 99, 100
537012.5.peg.1091.site.31, 7, 113, 120
537012.5.peg.1091.site.32, 3, 111, 114
537012.5.peg.1091.site.33, 116, 118, 234
537012.5.peg.1091.site.34, 0, 122, 122
537012.5.peg.1091.site.35, 0, 127, 127
537012.5.peg.1091.site.36, 10, 123, 133
537012.5.peg.1091.site.37, 3, 121, 124
537012.5.peg.1091.site.38, 0, 123, 123
537012.5.peg.1091.site.39, 1, 125, 126
537012.5.peg.1091.site.40, 1, 128, 129
537012.5.peg.1091.site.41, 5, 123, 128
537012.5.peg.1091.site.42, 1, 126, 127
537012.5.peg.1091.site.43, 23, 121, 144
537012.5.peg.1091.site.44, 15, 121, 136
537012.5.peg.1091.site.45, 4, 118, 122
537012.5.peg.1091.site.46, 5, 111, 116
537012.5.peg.1091.site.47, 4, 106, 110
537012.5.peg.1091.site.48, 4, 96, 100
537012.5.peg.1091.site.49, 23, 87, 110
537012.5.peg.1091.site.50, 0, 88, 88
537012.5.peg.1091.site.51, 1, 85, 86
537012.5.peg.1091.site.52, 4, 86, 90
537012.5.peg.1091.site.53, 1, 88, 89
537012.5.peg.1091.site.54, 1, 93, 94
537012.5.peg.1091.site.55, 1, 94, 95
537012.5.peg.1091.site.56, 1, 103, 104
537012.5.peg.1091.site.57, 2, 99, 101
537012.5.peg.1091.site.58, 1, 97, 98
537012.5.peg.1091.site.59, 1, 95, 96
537012.5.peg.1091.site.60, 1, 97, 98
537012.5.peg.1091.site.61, 3, 96, 99
537012.5.peg.1091.site.62, 8, 100, 108
537012.5.peg.1091.site.63, 6, 99, 105
537012.5.peg.1091.site.64, 12, 103, 115
537012.5.peg.1091.site.65, 7, 104, 111
537012.5.peg.1091.site.66, 3, 99, 102
537012.5.peg.1091.site.67, 3, 100, 103
537012.5.peg.1091.site.68, 7, 102, 109
537012.5.peg.1091.site.69, 7, 96, 103
537012.5.peg.1091.site.70, 59, 86, 145
537012.5.peg.1091.site.71, 28, 86, 114
537012.5.peg.1091.site.72, 59, 85, 144
537012.5.peg.1091.site.73, 1, 87, 88
537012.5.peg.1091.site.74, 31, 84, 115
537012.5.peg.1091.site.75, 84, 86, 170
537012.5.peg.1091.site.76, 2, 85, 87
537012.5.peg.1091.site.77, 8, 118, 126
537012.5.peg.1091.site.78, 0, 122, 122
537012.5.peg.1091.site.79, 5, 129, 134
537012.5.peg.1091.site.80, 1, 131, 132
537012.5.peg.1091.site.81, 3, 126, 129
537012.5.peg.1091.site.82, 9, 122, 131
537012.5.peg.1091.site.83, 1, 117, 118
537012.5.peg.1092.site.1, 3, 124, 127
537012.5.peg.1092.site.2, 46, 129, 175
537012.5.peg.1092.site.3, 2, 131, 133
537012.5.peg.1092.site.4, 12, 129, 141
537012.5.peg.1092.site.5, 13, 130, 143
537012.5.peg.1092.site.6, 14, 129, 143
537012.5.peg.1092.site.7, 1, 130, 131
537012.5.peg.1092.site.8, 3, 131, 134
537012.5.peg.1092.site.9, 18, 132, 150
537012.5.peg.1092.site.10, 26, 131, 157
537012.5.peg.1092.site.11, 3, 132, 135
537012.5.peg.1092.site.12, 20, 130, 150
537012.5.peg.1092.site.13, 5, 132, 137
537012.5.peg.1092.site.14, 37, 120, 157
537012.5.peg.1092.site.15, 15, 129, 144
537012.5.peg.1092.site.16, 15, 132, 147
537012.5.peg.1092.site.17, 17, 133, 150
537012.5.peg.1092.site.18, 115, 134, 249
537012.5.peg.1072.site.1, 2, 131, 133
537012.5.peg.1072.site.2, 3, 128, 131
537012.5.peg.1072.site.3, 3, 126, 129
537012.5.peg.1072.site.4, 2, 129, 131
537012.5.peg.1072.site.5, 16, 130, 146
537012.5.peg.1072.site.6, 1, 130, 131
537012.5.peg.1072.site.7, 17, 125, 142
537012.5.peg.1072.site.8, 8, 123, 131
537012.5.peg.1072.site.9, 18, 126, 144
537012.5.peg.1072.site.10, 17, 128, 145
537012.5.peg.1072.site.11, 4, 129, 133
537012.5.peg.1072.site.12, 1, 128, 129
537012.5.peg.1072.site.13, 1, 128, 129
537012.5.peg.1072.site.14, 0, 127, 127
537012.5.peg.1072.site.15, 1, 128, 129
537012.5.peg.1072.site.16, 1, 127, 128
537012.5.peg.1072.site.17, 12, 125, 137
537012.5.peg.1072.site.18, 13, 123, 136
537012.5.peg.1072.site.19, 13, 123, 136
537012.5.peg.1072.site.20, 9, 119, 128
537012.5.peg.1072.site.21, 5, 115, 120
537012.5.peg.1072.site.22, 15, 111, 126
537012.5.peg.1072.site.23, 4, 113, 117
537012.5.peg.1072.site.24, 32, 129, 161
537012.5.peg.1072.site.25, 1, 129, 130
537012.5.peg.1072.site.26, 1, 128, 129
537012.5.peg.1072.site.27, 19, 128, 147
537012.5.peg.1072.site.28, 1, 128, 129
537012.5.peg.1072.site.29, 2, 129, 131
537012.5.peg.1072.site.30, 17, 125, 142
537012.5.peg.1072.site.31, 17, 127, 144
537012.5.peg.1072.site.32, 12, 126, 138
537012.5.peg.1072.site.33, 106, 125, 231
537012.5.peg.1073.site.1, 2, 133, 135
537012.5.peg.1073.site.2, 1, 134, 135
537012.5.peg.1073.site.3, 22, 132, 154
537012.5.peg.1073.site.4, 1, 134, 135
537012.5.peg.1073.site.5, 4, 132, 136
537012.5.peg.1073.site.6, 1, 132, 133
537012.5.peg.1073.site.7, 19, 129, 148
537012.5.peg.1073.site.8, 3, 131, 134
537012.5.peg.1073.site.9, 16, 134, 150
537012.5.peg.1073.site.10, 1, 130, 131
537012.5.peg.1073.site.11, 1, 130, 131
537012.5.peg.1073.site.12, 1, 130, 131
537012.5.peg.1073.site.13, 58, 131, 189
537012.5.peg.1073.site.14, 3, 131, 134
537012.5.peg.1073.site.15, 20, 131, 151
537012.5.peg.1073.site.16, 1, 133, 134
537012.5.peg.1073.site.17, 1, 133, 134
537012.5.peg.1073.site.18, 8, 134, 142
537012.5.peg.1073.site.19, 4, 134, 138
537012.5.peg.1073.site.20, 88, 131, 219
537012.5.peg.1073.site.21, 66, 131, 197
537012.5.peg.1073.site.22, 22, 133, 155
537012.5.peg.1073.site.23, 4, 131, 135
537012.5.peg.1073.site.24, 17, 133, 150
537012.5.peg.1073.site.25, 17, 132, 149
537012.5.peg.1073.site.26, 22, 132, 154
537012.5.peg.1073.site.27, 0, 134, 134
537012.5.peg.1073.site.28, 1, 134, 135
537012.5.peg.1073.site.29, 5, 132, 137
537012.5.peg.1073.site.30, 1, 134, 135
537012.5.peg.1073.site.31, 89, 132, 221
537012.5.peg.1073.site.32, 1, 134, 135
537012.5.peg.1073.site.33, 1, 134, 135
537012.5.peg.1073.site.34, 2, 134, 136
537012.5.peg.1073.site.35, 18, 133, 151
537012.5.peg.1073.site.36, 29, 131, 160
537012.5.peg.1073.site.37, 17, 133, 150
537012.5.peg.1073.site.38, 17, 133, 150
537012.5.peg.1073.site.39, 1, 133, 134
537012.5.peg.1073.site.40, 1, 133, 134
537012.5.peg.1073.site.41, 16, 132, 148
537012.5.peg.1073.site.42, 4, 133, 137
537012.5.peg.1073.site.43, 60, 133, 193
537012.5.peg.1073.site.44, 1, 134, 135
537012.5.peg.1073.site.45, 1, 134, 135
537012.5.peg.1073.site.46, 23, 133, 156
537012.5.peg.1073.site.47, 4, 132, 136
537012.5.peg.1073.site.48, 4, 134, 138
537012.5.peg.1073.site.49, 2, 134, 136
537012.5.peg.1073.site.50, 7, 133, 140
537012.5.peg.1073.site.51, 4, 132, 136
537012.5.peg.1073.site.52, 4, 132, 136
537012.5.peg.1073.site.53, 3, 132, 135
537012.5.peg.1073.site.54, 3, 132, 135
537012.5.peg.1073.site.55, 18, 133, 151
537012.5.peg.1073.site.56, 4, 132, 136
537012.5.peg.1073.site.57, 14, 134, 148
537012.5.peg.1073.site.58, 9, 134, 143
537012.5.peg.1073.site.59, 5, 133, 138
537012.5.peg.1073.site.60, 2, 133, 135
537012.5.peg.1073.site.61, 1, 134, 135
537012.5.peg.1073.site.62, 30, 132, 162
537012.5.peg.1073.site.63, 4, 132, 136
537012.5.peg.1073.site.64, 10, 133, 143
537012.5.peg.1073.site.65, 25, 132, 157
537012.5.peg.1073.site.66, 13, 132, 145
537012.5.peg.1073.site.67, 4, 131, 135
537012.5.peg.1073.site.68, 4, 132, 136
537012.5.peg.1073.site.69, 18, 134, 152
537012.5.peg.1073.site.70, 0, 134, 134
537012.5.peg.1073.site.71, 100, 134, 234
537012.5.peg.1073.site.72, 5, 133, 138
537012.5.peg.1073.site.73, 31, 134, 165
537012.5.peg.1073.site.74, 0, 134, 134
537012.5.peg.1073.site.75, 2, 134, 136
537012.5.peg.1073.site.76, 24, 133, 157
537012.5.peg.1073.site.77, 1, 134, 135
537012.5.peg.1073.site.78, 29, 134, 163
537012.5.peg.1073.site.79, 5, 133, 138
537012.5.peg.1073.site.80, 2, 134, 136
537012.5.peg.1073.site.81, 5, 133, 138
537012.5.peg.1073.site.82, 23, 133, 156
537012.5.peg.1073.site.83, 3, 134, 137
537012.5.peg.1073.site.84, 26, 132, 158
537012.5.peg.1073.site.85, 1, 134, 135
537012.5.peg.1073.site.86, 22, 132, 154
537012.5.peg.1073.site.87, 90, 133, 223
537012.5.peg.1073.site.88, 1, 134, 135
537012.5.peg.1073.site.89, 24, 134, 158
537012.5.peg.1073.site.90, 1, 134, 135
537012.5.peg.1073.site.91, 17, 134, 151
537012.5.peg.1073.site.92, 15, 133, 148
537012.5.peg.1073.site.93, 5, 132, 137
537012.5.peg.1073.site.94, 22, 132, 154
537012.5.peg.1073.site.95, 22, 132, 154
537012.5.peg.1073.site.96, 17, 134, 151
537012.5.peg.1073.site.97, 4, 132, 136
537012.5.peg.1073.site.98, 22, 132, 154
537012.5.peg.1073.site.99, 4, 134, 138
537012.5.peg.1073.site.100, 0, 133, 133
537012.5.peg.1073.site.101, 1, 134, 135
537012.5.peg.1073.site.102, 1, 133, 134
537012.5.peg.1073.site.103, 1, 134, 135
537012.5.peg.1073.site.104, 1, 134, 135
537012.5.peg.1073.site.105, 1, 133, 134
537012.5.peg.1073.site.106, 1, 133, 134
537012.5.peg.1076.site.1, 1, 133, 134
537012.5.peg.1076.site.2, 1, 132, 133
537012.5.peg.1076.site.3, 34, 133, 167
537012.5.peg.1076.site.4, 1, 134, 135
537012.5.peg.1076.site.5, 3, 134, 137
537012.5.peg.1076.site.6, 1, 134, 135
537012.5.peg.1076.site.7, 21, 132, 153
537012.5.peg.1076.site.8, 1, 134, 135
537012.5.peg.1077.site.1, 35, 133, 168
537012.5.peg.1077.site.2, 23, 133, 156
537012.5.peg.1077.site.3, 1, 134, 135
537012.5.peg.1077.site.4, 16, 134, 150
537012.5.peg.1077.site.5, 0, 134, 134
537012.5.peg.1077.site.6, 1, 134, 135
537012.5.peg.1077.site.7, 5, 126, 131
537012.5.peg.1077.site.8, 7, 126, 133
537012.5.peg.1077.site.9, 1, 123, 124
537012.5.peg.1077.site.10, 7, 123, 130
537012.5.peg.1077.site.11, 4, 123, 127
537012.5.peg.1077.site.12, 5, 124, 129
537012.5.peg.1077.site.13, 5, 130, 135
537012.5.peg.1077.site.14, 67, 133, 200
537012.5.peg.1077.site.15, 3, 134, 137
537012.5.peg.1077.site.16, 18, 134, 152
537012.5.peg.1077.site.17, 26, 133, 159
537012.5.peg.1077.site.18, 14, 125, 139
537012.5.peg.1077.site.19, 56, 119, 175
537012.5.peg.1077.site.20, 6, 118, 124
537012.5.peg.1077.site.21, 6, 122, 128
537012.5.peg.1077.site.22, 9, 125, 134
537012.5.peg.1077.site.23, 17, 127, 144
537012.5.peg.1077.site.24, 21, 130, 151
537012.5.peg.1077.site.25, 4, 133, 137
537012.5.peg.1077.site.26, 5, 133, 138
537012.5.peg.1077.site.27, 2, 134, 136
537012.5.peg.1077.site.28, 14, 134, 148
537012.5.peg.1077.site.29, 18, 134, 152
537012.5.peg.1077.site.30, 0, 134, 134
537012.5.peg.1077.site.31, 4, 131, 135
537012.5.peg.1077.site.32, 4, 131, 135
537012.5.peg.1077.site.33, 1, 134, 135
537012.5.peg.1077.site.34, 2, 134, 136
537012.5.peg.1077.site.35, 4, 132, 136
537012.5.peg.1077.site.36, 0, 133, 133
537012.5.peg.1077.site.37, 6, 134, 140
537012.5.peg.1077.site.38, 47, 131, 178
537012.5.peg.1077.site.39, 4, 132, 136
537012.5.peg.1077.site.40, 4, 133, 137
537012.5.peg.1077.site.41, 3, 134, 137
537012.5.peg.1074.site.1, 0, 133, 133
537012.5.peg.1074.site.2, 2, 134, 136
537012.5.peg.1074.site.3, 0, 134, 134
537012.5.peg.1074.site.4, 1, 132, 133
537012.5.peg.1074.site.5, 2, 134, 136
537012.5.peg.1074.site.6, 2, 134, 136
537012.5.peg.1074.site.7, 22, 132, 154
537012.5.peg.1074.site.8, 2, 134, 136
537012.5.peg.1074.site.9, 1, 134, 135
537012.5.peg.1074.site.10, 14, 134, 148
537012.5.peg.1074.site.11, 1, 134, 135
537012.5.peg.1074.site.12, 21, 130, 151
537012.5.peg.1074.site.13, 11, 129, 140
537012.5.peg.1074.site.14, 20, 133, 153
537012.5.peg.1074.site.15, 4, 130, 134
537012.5.peg.1074.site.16, 1, 132, 133
537012.5.peg.1074.site.17, 1, 134, 135
537012.5.peg.1074.site.18, 3, 134, 137
537012.5.peg.1074.site.19, 57, 134, 191
537012.5.peg.1074.site.20, 0, 133, 133
537012.5.peg.1074.site.21, 17, 134, 151
537012.5.peg.1074.site.22, 12, 133, 145
537012.5.peg.1074.site.23, 30, 133, 163
537012.5.peg.1074.site.24, 18, 133, 151
537012.5.peg.1074.site.25, 5, 134, 139
537012.5.peg.1074.site.26, 2, 134, 136
537012.5.peg.1074.site.27, 1, 134, 135
537012.5.peg.1074.site.28, 125, 134, 259
537012.5.peg.1074.site.29, 1, 134, 135
537012.5.peg.1074.site.30, 2, 132, 134
537012.5.peg.1074.site.31, 1, 134, 135
537012.5.peg.1074.site.32, 1, 134, 135
537012.5.peg.1074.site.33, 1, 134, 135
537012.5.peg.1074.site.34, 1, 134, 135
537012.5.peg.1074.site.35, 11, 134, 145
537012.5.peg.1074.site.36, 2, 134, 136
537012.5.peg.1074.site.37, 11, 134, 145
537012.5.peg.1074.site.38, 47, 131, 178
537012.5.peg.1074.site.39, 22, 132, 154
537012.5.peg.1074.site.40, 3, 134, 137
537012.5.peg.1074.site.41, 2, 134, 136
537012.5.peg.1074.site.42, 2, 134, 136
537012.5.peg.1074.site.43, 1, 134, 135
537012.5.peg.205.site.1, 4, 124, 128
537012.5.peg.205.site.2, 1, 128, 129
537012.5.peg.205.site.3, 1, 127, 128
537012.5.peg.205.site.4, 6, 127, 133
537012.5.peg.205.site.5, 1, 126, 127
537012.5.peg.205.site.6, 2, 123, 125
537012.5.peg.205.site.7, 45, 120, 165
537012.5.peg.205.site.8, 17, 116, 133
537012.5.peg.205.site.9, 13, 120, 133
537012.5.peg.205.site.10, 12, 121, 133
537012.5.peg.205.site.11, 18, 122, 140
537012.5.peg.205.site.12, 6, 123, 129
537012.5.peg.205.site.13, 2, 122, 124
537012.5.peg.205.site.14, 2, 122, 124
537012.5.peg.205.site.15, 4, 120, 124
537012.5.peg.205.site.16, 1, 123, 124
537012.5.peg.205.site.17, 81, 122, 203
537012.5.peg.205.site.18, 3, 122, 125
537012.5.peg.205.site.19, 5, 121, 126
537012.5.peg.205.site.20, 5, 123, 128
537012.5.peg.205.site.21, 1, 123, 124
537012.5.peg.205.site.22, 5, 123, 128
537012.5.peg.205.site.23, 5, 121, 126
537012.5.peg.205.site.24, 5, 123, 128
537012.5.peg.205.site.25, 48, 123, 171
537012.5.peg.205.site.26, 13, 125, 138
537012.5.peg.205.site.27, 5, 124, 129
537012.5.peg.205.site.28, 4, 125, 129
537012.5.peg.205.site.29, 1, 126, 127
537012.5.peg.205.site.30, 6, 126, 132
537012.5.peg.205.site.31, 6, 126, 132
537012.5.peg.205.site.32, 9, 125, 134
537012.5.peg.205.site.33, 1, 117, 118
537012.5.peg.205.site.34, 2, 118, 120
537012.5.peg.205.site.35, 2, 122, 124
537012.5.peg.205.site.36, 0, 122, 122
537012.5.peg.205.site.37, 1, 122, 123
537012.5.peg.205.site.38, 3, 121, 124
537012.5.peg.205.site.39, 3, 119, 122
537012.5.peg.205.site.40, 1, 119, 120
537012.5.peg.205.site.41, 68, 120, 188
537012.5.peg.205.site.42, 47, 122, 169
537012.5.peg.205.site.43, 47, 122, 169
537012.5.peg.205.site.44, 4, 120, 124
537012.5.peg.205.site.45, 4, 119, 123
537012.5.peg.205.site.46, 4, 77, 81
537012.5.peg.205.site.47, 6, 75, 81
537012.5.peg.205.site.48, 1, 73, 74
537012.5.peg.205.site.49, 4, 70, 74
537012.5.peg.205.site.50, 8, 65, 73
537012.5.peg.205.site.51, 36, 46, 82
537012.5.peg.205.site.52, 12, 21, 33
537012.5.peg.205.site.53, 24, 30, 54
537012.5.peg.205.site.54, 34, 40, 74
537012.5.peg.205.site.55, 2, 39, 41
537012.5.peg.205.site.56, 1, 37, 38
537012.5.peg.205.site.57, 1, 35, 36
537012.5.peg.205.site.58, 17, 24, 41
537012.5.peg.205.site.59, 2, 7, 9
537012.5.peg.205.site.60, 3, 8, 11
537012.5.peg.205.site.61, 8, 18, 26
537012.5.peg.205.site.62, 21, 31, 52
537012.5.peg.205.site.63, 42, 52, 94
537012.5.peg.205.site.64, 1, 88, 89
537012.5.peg.205.site.65, 28, 92, 120
537012.5.peg.205.site.66, 88, 94, 182
537012.5.peg.205.site.67, 5, 98, 103
537012.5.peg.205.site.68, 12, 77, 89
537012.5.peg.205.site.69, 20, 25, 45
537012.5.peg.205.site.70, 18, 23, 41
537012.5.peg.205.site.71, 1, 35, 36
537012.5.peg.205.site.72, 29, 38, 67
537012.5.peg.205.site.73, 2, 71, 73
537012.5.peg.205.site.74, 3, 79, 82
537012.5.peg.205.site.75, 1, 80, 81
537012.5.peg.205.site.76, 7, 83, 90
537012.5.peg.205.site.77, 2, 84, 86
537012.5.peg.205.site.78, 0, 77, 77
537012.5.peg.205.site.79, 6, 67, 73
537012.5.peg.205.site.80, 17, 34, 51
537012.5.peg.205.site.81, 18, 19, 37
537012.5.peg.205.site.82, 2, 18, 20
537012.5.peg.205.site.83, 7, 18, 25
537012.5.peg.205.site.84, 3, 18, 21
537012.5.peg.205.site.85, 12, 18, 30
537012.5.peg.205.site.86, 81, 94, 175
537012.5.peg.205.site.87, 7, 111, 118
537012.5.peg.205.site.88, 36, 122, 158
537012.5.peg.205.site.89, 6, 124, 130
537012.5.peg.205.site.90, 5, 124, 129
537012.5.peg.205.site.91, 6, 124, 130
537012.5.peg.205.site.92, 6, 124, 130
537012.5.peg.205.site.93, 39, 123, 162
537012.5.peg.205.site.94, 5, 123, 128
537012.5.peg.205.site.95, 5, 123, 128
537012.5.peg.205.site.96, 6, 123, 129
537012.5.peg.205.site.97, 71, 123, 194
537012.5.peg.205.site.98, 2, 123, 125
537012.5.peg.205.site.99, 103, 117, 220
537012.5.peg.205.site.100, 25, 118, 143
537012.5.peg.205.site.101, 88, 98, 186
537012.5.peg.1078.site.1, 6, 133, 139
537012.5.peg.1078.site.2, 17, 133, 150
537012.5.peg.1078.site.3, 8, 119, 127
537012.5.peg.1078.site.4, 3, 120, 123
537012.5.peg.1078.site.5, 7, 118, 125
537012.5.peg.1078.site.6, 0, 122, 122
537012.5.peg.1078.site.7, 1, 125, 126
537012.5.peg.1078.site.8, 0, 128, 128
537012.5.peg.1078.site.9, 17, 134, 151
537012.5.peg.1078.site.10, 17, 134, 151
537012.5.peg.1078.site.11, 1, 134, 135
537012.5.peg.1078.site.12, 3, 134, 137
537012.5.peg.1078.site.13, 13, 132, 145
537012.5.peg.1078.site.14, 13, 134, 147
537012.5.peg.1078.site.15, 9, 133, 142
537012.5.peg.1078.site.16, 123, 134, 257
537012.5.peg.1078.site.17, 0, 134, 134
537012.5.peg.1078.site.18, 123, 134, 257
537012.5.peg.1078.site.19, 23, 133, 156
537012.5.peg.1078.site.20, 1, 134, 135
537012.5.peg.1078.site.21, 17, 134, 151
537012.5.peg.1078.site.22, 16, 134, 150
537012.5.peg.1078.site.23, 4, 132, 136
537012.5.peg.1078.site.24, 17, 134, 151
537012.5.peg.1078.site.25, 1, 134, 135
537012.5.peg.1078.site.26, 1, 134, 135
537012.5.peg.1078.site.27, 1, 134, 135
537012.5.peg.1078.site.28, 17, 133, 150
537012.5.peg.1079.site.1, 35, 132, 167
537012.5.peg.1079.site.2, 16, 134, 150
537012.5.peg.1079.site.3, 34, 132, 166
537012.5.peg.1079.site.4, 12, 134, 146
537012.5.peg.1079.site.5, 4, 134, 138
537012.5.peg.1079.site.6, 2, 133, 135
537012.5.peg.1079.site.7, 6, 133, 139
537012.5.peg.1079.site.8, 5, 130, 135
537012.5.peg.1079.site.9, 21, 133, 154
537012.5.peg.1079.site.10, 6, 133, 139
537012.5.peg.1079.site.11, 4, 132, 136
537012.5.peg.1079.site.12, 1, 134, 135
537012.5.peg.1079.site.13, 1, 134, 135
537012.5.peg.1079.site.14, 6, 133, 139
537012.5.peg.1079.site.15, 0, 133, 133
537012.5.peg.1079.site.16, 21, 133, 154
537012.5.peg.1079.site.17, 0, 133, 133
537012.5.peg.1079.site.18, 0, 133, 133
537012.5.peg.1079.site.19, 0, 133, 133
537012.5.peg.1079.site.20, 3, 133, 136
537012.5.peg.1079.site.21, 0, 130, 130
537012.5.peg.1079.site.22, 14, 130, 144
537012.5.peg.1079.site.23, 0, 128, 128
537012.5.peg.1079.site.24, 5, 126, 131
537012.5.peg.1079.site.25, 3, 129, 132
537012.5.peg.1079.site.26, 9, 130, 139
537012.5.peg.1079.site.27, 0, 130, 130
537012.5.peg.1079.site.28, 0, 131, 131
537012.5.peg.1079.site.29, 16, 132, 148
537012.5.peg.1079.site.30, 0, 125, 125
537012.5.peg.1079.site.31, 13, 120, 133
537012.5.peg.1079.site.32, 46, 102, 148
537012.5.peg.1079.site.33, 15, 99, 114
537012.5.peg.1079.site.34, 3, 96, 99
537012.5.peg.1079.site.35, 14, 93, 107
537012.5.peg.1079.site.36, 1, 95, 96
537012.5.peg.1079.site.37, 2, 102, 104
537012.5.peg.1079.site.38, 8, 103, 111
537012.5.peg.1079.site.39, 0, 113, 113
537012.5.peg.1079.site.40, 0, 113, 113
537012.5.peg.1079.site.41, 0, 115, 115
537012.5.peg.1079.site.42, 0, 89, 89
537012.5.peg.1079.site.43, 1, 78, 79
537012.5.peg.1079.site.44, 1, 110, 111
537012.5.peg.1079.site.45, 9, 105, 114
537012.5.peg.1079.site.46, 1, 105, 106
537012.5.peg.1079.site.47, 11, 104, 115
537012.5.peg.1079.site.48, 1, 105, 106
537012.5.peg.201.site.1, 4, 123, 127
537012.5.peg.201.site.2, 84, 123, 207
537012.5.peg.201.site.3, 3, 123, 126
537012.5.peg.201.site.4, 5, 121, 126
537012.5.peg.201.site.5, 6, 121, 127
537012.5.peg.201.site.6, 2, 123, 125
537012.5.peg.201.site.7, 8, 124, 132
537012.5.peg.201.site.8, 10, 125, 135
537012.5.peg.201.site.9, 0, 125, 125
537012.5.peg.201.site.10, 1, 126, 127
537012.5.peg.201.site.11, 1, 126, 127
537012.5.peg.201.site.12, 6, 126, 132
537012.5.peg.201.site.13, 3, 126, 129
537012.5.peg.201.site.14, 3, 126, 129
537012.5.peg.201.site.15, 7, 126, 133
537012.5.peg.201.site.16, 9, 124, 133
537012.5.peg.201.site.17, 9, 124, 133
537012.5.peg.201.site.18, 2, 124, 126
537012.5.peg.201.site.19, 12, 125, 137
537012.5.peg.201.site.20, 2, 124, 126
537012.5.peg.201.site.21, 1, 126, 127
537012.5.peg.201.site.22, 50, 123, 173
537012.5.peg.201.site.23, 7, 126, 133
537012.5.peg.201.site.24, 7, 126, 133
537012.5.peg.201.site.25, 2, 123, 125
537012.5.peg.201.site.26, 7, 126, 133
537012.5.peg.201.site.27, 2, 124, 126
537012.5.peg.201.site.28, 2, 126, 128
537012.5.peg.201.site.29, 5, 126, 131
537012.5.peg.201.site.30, 7, 126, 133
537012.5.peg.201.site.31, 1, 126, 127
537012.5.peg.201.site.32, 1, 124, 125
537012.5.peg.201.site.33, 0, 126, 126
537012.5.peg.201.site.34, 6, 125, 131
537012.5.peg.201.site.35, 5, 124, 129
537012.5.peg.201.site.36, 3, 126, 129
537012.5.peg.201.site.37, 6, 125, 131
537012.5.peg.201.site.38, 22, 125, 147
537012.5.peg.201.site.39, 1, 125, 126
537012.5.peg.201.site.40, 120, 124, 244
537012.5.peg.201.site.41, 2, 122, 124
537012.5.peg.201.site.42, 1, 123, 124
537012.5.peg.201.site.43, 2, 122, 124
537012.5.peg.201.site.44, 9, 124, 133
537012.5.peg.201.site.45, 3, 126, 129
537012.5.peg.201.site.46, 0, 126, 126
537012.5.peg.201.site.47, 6, 126, 132
537012.5.peg.201.site.48, 5, 126, 131
537012.5.peg.201.site.49, 7, 126, 133
537012.5.peg.201.site.50, 110, 126, 236
537012.5.peg.201.site.51, 22, 124, 146
537012.5.peg.201.site.52, 0, 126, 126
537012.5.peg.200.site.1, 2, 124, 126
537012.5.peg.200.site.2, 1, 126, 127
537012.5.peg.200.site.3, 2, 125, 127
537012.5.peg.200.site.4, 2, 126, 128
537012.5.peg.200.site.5, 1, 126, 127
537012.5.peg.200.site.6, 2, 126, 128
537012.5.peg.200.site.7, 1, 124, 125
537012.5.peg.200.site.8, 11, 125, 136
537012.5.peg.202.site.1, 2, 125, 127
537012.5.peg.202.site.2, 21, 124, 145
537012.5.peg.202.site.3, 3, 126, 129
537012.5.peg.202.site.4, 1, 126, 127
537012.5.peg.202.site.5, 1, 125, 126
537012.5.peg.202.site.6, 10, 125, 135
537012.5.peg.202.site.7, 7, 125, 132
537012.5.peg.202.site.8, 1, 126, 127
537012.5.peg.202.site.9, 99, 125, 224
537012.5.peg.202.site.10, 2, 126, 128
537012.5.peg.202.site.11, 10, 125, 135
537012.5.peg.1472.site.1, 0, 128, 128
537012.5.peg.1472.site.2, 23, 122, 145
537012.5.peg.1472.site.3, 7, 124, 131
537012.5.peg.1472.site.4, 37, 129, 166
537012.5.peg.1472.site.5, 16, 132, 148
537012.5.peg.1472.site.6, 6, 134, 140
537012.5.peg.1472.site.7, 12, 134, 146
537012.5.peg.1472.site.8, 0, 132, 132
537012.5.peg.1472.site.9, 16, 133, 149
537012.5.peg.1472.site.10, 16, 131, 147
537012.5.peg.1472.site.11, 12, 134, 146
537012.5.peg.1472.site.12, 23, 131, 154
537012.5.peg.1472.site.13, 1, 134, 135
537012.5.peg.1472.site.14, 17, 134, 151
537012.5.peg.1472.site.15, 1, 134, 135
537012.5.peg.1472.site.16, 0, 132, 132
537012.5.peg.1531.site.1, 2, 122, 124
537012.5.peg.1531.site.2, 1, 122, 123
537012.5.peg.1531.site.3, 4, 123, 127
537012.5.peg.1531.site.4, 27, 121, 148
537012.5.peg.1531.site.5, 4, 123, 127
537012.5.peg.1531.site.6, 83, 122, 205
537012.5.peg.1531.site.7, 4, 123, 127
537012.5.peg.1531.site.8, 5, 123, 128
537012.5.peg.1531.site.9, 50, 123, 173
537012.5.peg.977.site.1, 2, 73, 75
537012.5.peg.977.site.2, 1, 70, 71
537012.5.peg.977.site.3, 1, 81, 82
537012.5.peg.977.site.4, 1, 79, 80
537012.5.peg.977.site.5, 1, 79, 80
537012.5.peg.977.site.6, 0, 99, 99
537012.5.peg.977.site.7, 0, 108, 108
537012.5.peg.977.site.8, 4, 108, 112
537012.5.peg.977.site.9, 1, 107, 108
537012.5.peg.977.site.10, 1, 116, 117
537012.5.peg.977.site.11, 0, 116, 116
537012.5.peg.977.site.12, 0, 114, 114
537012.5.peg.977.site.13, 10, 116, 126
537012.5.peg.977.site.14, 0, 116, 116
537012.5.peg.977.site.15, 1, 127, 128
537012.5.peg.977.site.16, 2, 126, 128
537012.5.peg.977.site.17, 2, 110, 112
537012.5.peg.977.site.18, 8, 79, 87
537012.5.peg.977.site.19, 5, 79, 84
537012.5.peg.977.site.20, 0, 79, 79
537012.5.peg.977.site.21, 0, 82, 82
537012.5.peg.977.site.22, 0, 85, 85
537012.5.peg.977.site.23, 4, 98, 102
537012.5.peg.977.site.24, 85, 98, 183
537012.5.peg.977.site.25, 10, 106, 116
537012.5.peg.977.site.26, 2, 110, 112
537012.5.peg.977.site.27, 1, 115, 116
537012.5.peg.977.site.28, 11, 121, 132
537012.5.peg.977.site.29, 2, 122, 124
537012.5.peg.977.site.30, 1, 125, 126
537012.5.peg.977.site.31, 3, 114, 117
537012.5.peg.977.site.32, 1, 119, 120
537012.5.peg.977.site.33, 5, 112, 117
537012.5.peg.977.site.34, 0, 113, 113
537012.5.peg.977.site.35, 1, 105, 106
537012.5.peg.977.site.36, 1, 107, 108
537012.5.peg.977.site.37, 0, 106, 106
537012.5.peg.977.site.38, 9, 109, 118
537012.5.peg.977.site.39, 0, 111, 111
537012.5.peg.977.site.40, 0, 115, 115
537012.5.peg.977.site.41, 1, 114, 115
537012.5.peg.977.site.42, 1, 123, 124
537012.5.peg.977.site.43, 1, 123, 124
537012.5.peg.977.site.44, 1, 124, 125
537012.5.peg.977.site.45, 0, 125, 125
537012.5.peg.977.site.46, 0, 127, 127
537012.5.peg.977.site.47, 1, 124, 125
537012.5.peg.977.site.48, 1, 118, 119
537012.5.peg.976.site.1, 0, 115, 115
537012.5.peg.976.site.2, 1, 116, 117
537012.5.peg.976.site.3, 1, 116, 117
537012.5.peg.976.site.4, 1, 116, 117
537012.5.peg.976.site.5, 1, 103, 104
537012.5.peg.976.site.6, 82, 126, 208
537012.5.peg.976.site.7, 15, 126, 141
537012.5.peg.976.site.8, 48, 128, 176
537012.5.peg.976.site.9, 1, 128, 129
537012.5.peg.976.site.10, 4, 125, 129
537012.5.peg.976.site.11, 2, 125, 127
537012.5.peg.976.site.12, 0, 127, 127
537012.5.peg.976.site.13, 15, 128, 143
537012.5.peg.976.site.14, 19, 118, 137
537012.5.peg.976.site.15, 1, 124, 125
537012.5.peg.976.site.16, 2, 123, 125
537012.5.peg.976.site.17, 1, 121, 122
537012.5.peg.976.site.18, 17, 101, 118
537012.5.peg.976.site.19, 0, 83, 83
537012.5.peg.976.site.20, 45, 76, 121
537012.5.peg.976.site.21, 21, 78, 99
537012.5.peg.976.site.22, 0, 80, 80
537012.5.peg.976.site.23, 1, 96, 97
537012.5.peg.976.site.24, 0, 96, 96
537012.5.peg.1530.site.1, 3, 134, 137
537012.5.peg.1530.site.2, 5, 132, 137
537012.5.peg.1530.site.3, 5, 133, 138
537012.5.peg.1530.site.4, 12, 132, 144
537012.5.peg.1530.site.5, 2, 134, 136
537012.5.peg.1530.site.6, 4, 132, 136
537012.5.peg.1530.site.7, 87, 132, 219
537012.5.peg.1530.site.8, 4, 133, 137
537012.5.peg.1530.site.9, 0, 134, 134
537012.5.peg.1530.site.10, 103, 133, 236
537012.5.peg.1530.site.11, 3, 132, 135
537012.5.peg.1530.site.12, 1, 134, 135
537012.5.peg.1530.site.13, 1, 134, 135
537012.5.peg.1530.site.14, 4, 131, 135
537012.5.peg.1530.site.15, 1, 133, 134
537012.5.peg.1530.site.16, 1, 133, 134
537012.5.peg.1530.site.17, 17, 134, 151
537012.5.peg.1530.site.18, 9, 134, 143
537012.5.peg.1530.site.19, 0, 133, 133
537012.5.peg.1530.site.20, 3, 131, 134
537012.5.peg.1530.site.21, 1, 134, 135
537012.5.peg.1530.site.22, 27, 132, 159
537012.5.peg.1530.site.23, 8, 134, 142
537012.5.peg.1530.site.24, 0, 133, 133
537012.5.peg.1530.site.25, 3, 131, 134
537012.5.peg.1530.site.26, 5, 131, 136
537012.5.peg.1530.site.27, 0, 130, 130
537012.5.peg.1530.site.28, 1, 128, 129
537012.5.peg.973.site.1, 1, 128, 129
537012.5.peg.973.site.2, 3, 129, 132
537012.5.peg.973.site.3, 1, 129, 130
537012.5.peg.973.site.4, 10, 129, 139
537012.5.peg.973.site.5, 4, 131, 135
537012.5.peg.973.site.6, 5, 130, 135
537012.5.peg.973.site.7, 87, 118, 205
537012.5.peg.973.site.8, 1, 123, 124
537012.5.peg.973.site.9, 1, 131, 132
537012.5.peg.973.site.10, 0, 130, 130
537012.5.peg.973.site.11, 0, 127, 127
537012.5.peg.973.site.12, 1, 115, 116
537012.5.peg.973.site.13, 6, 104, 110
537012.5.peg.973.site.14, 12, 104, 116
537012.5.peg.973.site.15, 1, 104, 105
537012.5.peg.973.site.16, 3, 103, 106
537012.5.peg.973.site.17, 12, 107, 119
537012.5.peg.973.site.18, 5, 108, 113
537012.5.peg.973.site.19, 4, 89, 93
537012.5.peg.973.site.20, 5, 87, 92
537012.5.peg.973.site.21, 60, 77, 137
537012.5.peg.973.site.22, 1, 84, 85
537012.5.peg.973.site.23, 1, 86, 87
537012.5.peg.973.site.24, 19, 111, 130
537012.5.peg.973.site.25, 6, 114, 120
537012.5.peg.973.site.26, 1, 103, 104
537012.5.peg.973.site.27, 6, 120, 126
537012.5.peg.973.site.28, 4, 119, 123
537012.5.peg.973.site.29, 2, 121, 123
537012.5.peg.973.site.30, 9, 120, 129
537012.5.peg.973.site.31, 1, 125, 126
537012.5.peg.973.site.32, 6, 124, 130
537012.5.peg.973.site.33, 5, 124, 129
537012.5.peg.973.site.34, 7, 107, 114
537012.5.peg.973.site.35, 5, 115, 120
537012.5.peg.973.site.36, 33, 113, 146
537012.5.peg.973.site.37, 50, 108, 158
537012.5.peg.973.site.38, 1, 108, 109
537012.5.peg.973.site.39, 1, 106, 107
537012.5.peg.973.site.40, 0, 103, 103
537012.5.peg.973.site.41, 5, 98, 103
537012.5.peg.973.site.42, 23, 101, 124
537012.5.peg.973.site.43, 1, 96, 97
537012.5.peg.973.site.44, 3, 95, 98
537012.5.peg.972.site.1, 6, 118, 124
537012.5.peg.972.site.2, 1, 131, 132
537012.5.peg.972.site.3, 7, 131, 138
537012.5.peg.972.site.4, 2, 134, 136
537012.5.peg.972.site.5, 132, 134, 266
537012.5.peg.972.site.6, 4, 132, 136
537012.5.peg.972.site.7, 1, 134, 135
537012.5.peg.972.site.8, 3, 134, 137
537012.5.peg.972.site.9, 7, 134, 141
537012.5.peg.972.site.10, 7, 134, 141
537012.5.peg.972.site.11, 1, 134, 135
537012.5.peg.972.site.12, 23, 133, 156
537012.5.peg.972.site.13, 7, 132, 139
537012.5.peg.972.site.14, 10, 134, 144
537012.5.peg.972.site.15, 1, 133, 134
537012.5.peg.972.site.16, 6, 134, 140
537012.5.peg.972.site.17, 4, 134, 138
537012.5.peg.972.site.18, 1, 132, 133
537012.5.peg.972.site.19, 49, 134, 183
537012.5.peg.972.site.20, 6, 134, 140
537012.5.peg.972.site.21, 10, 134, 144
537012.5.peg.972.site.22, 6, 134, 140
537012.5.peg.972.site.23, 1, 134, 135
537012.5.peg.972.site.24, 1, 133, 134
537012.5.peg.972.site.25, 26, 134, 160
537012.5.peg.972.site.26, 1, 134, 135
537012.5.peg.972.site.27, 1, 134, 135
537012.5.peg.972.site.28, 39, 133, 172
537012.5.peg.972.site.29, 10, 132, 142
537012.5.peg.972.site.30, 1, 134, 135
537012.5.peg.972.site.31, 6, 134, 140
537012.5.peg.972.site.32, 27, 133, 160
537012.5.peg.972.site.33, 33, 132, 165
537012.5.peg.972.site.34, 13, 133, 146
537012.5.peg.972.site.35, 5, 134, 139
537012.5.peg.972.site.36, 6, 134, 140
537012.5.peg.972.site.37, 94, 134, 228
537012.5.peg.972.site.38, 6, 134, 140
537012.5.peg.972.site.39, 1, 134, 135
537012.5.peg.972.site.40, 2, 134, 136
537012.5.peg.972.site.41, 3, 131, 134
537012.5.peg.972.site.42, 2, 134, 136
537012.5.peg.972.site.43, 1, 134, 135
537012.5.peg.972.site.44, 1, 134, 135
537012.5.peg.972.site.45, 7, 134, 141
537012.5.peg.972.site.46, 1, 134, 135
537012.5.peg.972.site.47, 3, 134, 137
537012.5.peg.972.site.48, 4, 132, 136
537012.5.peg.972.site.49, 19, 134, 153
537012.5.peg.972.site.50, 1, 134, 135
537012.5.peg.972.site.51, 0, 134, 134
537012.5.peg.972.site.52, 1, 134, 135
537012.5.peg.972.site.53, 7, 134, 141
537012.5.peg.972.site.54, 1, 134, 135
537012.5.peg.972.site.55, 5, 133, 138
537012.5.peg.972.site.56, 1, 134, 135
537012.5.peg.972.site.57, 11, 132, 143
537012.5.peg.972.site.58, 83, 132, 215
537012.5.peg.972.site.59, 1, 134, 135
537012.5.peg.972.site.60, 4, 132, 136
537012.5.peg.972.site.61, 10, 131, 141
537012.5.peg.972.site.62, 5, 133, 138
537012.5.peg.972.site.63, 1, 134, 135
537012.5.peg.972.site.64, 1, 133, 134
537012.5.peg.972.site.65, 2, 133, 135
537012.5.peg.972.site.66, 8, 129, 137
537012.5.peg.972.site.67, 91, 132, 223
537012.5.peg.972.site.68, 6, 134, 140
537012.5.peg.972.site.69, 6, 134, 140
537012.5.peg.972.site.70, 6, 133, 139
537012.5.peg.972.site.71, 45, 133, 178
537012.5.peg.972.site.72, 6, 134, 140
537012.5.peg.972.site.73, 6, 134, 140
537012.5.peg.972.site.74, 4, 134, 138
537012.5.peg.972.site.75, 1, 131, 132
537012.5.peg.972.site.76, 2, 133, 135
537012.5.peg.972.site.77, 1, 134, 135
537012.5.peg.972.site.78, 2, 134, 136
537012.5.peg.972.site.79, 7, 134, 141
537012.5.peg.972.site.80, 6, 134, 140
537012.5.peg.972.site.81, 6, 134, 140
537012.5.peg.972.site.82, 75, 133, 208
537012.5.peg.972.site.83, 2, 134, 136
537012.5.peg.972.site.84, 17, 134, 151
537012.5.peg.972.site.85, 2, 132, 134
537012.5.peg.972.site.86, 2, 134, 136
537012.5.peg.972.site.87, 2, 134, 136
537012.5.peg.972.site.88, 1, 133, 134
537012.5.peg.972.site.89, 1, 134, 135
537012.5.peg.972.site.90, 6, 134, 140
537012.5.peg.972.site.91, 20, 134, 154
537012.5.peg.972.site.92, 12, 133, 145
537012.5.peg.972.site.93, 57, 131, 188
537012.5.peg.972.site.94, 5, 133, 138
537012.5.peg.972.site.95, 28, 132, 160
537012.5.peg.972.site.96, 1, 134, 135
537012.5.peg.972.site.97, 72, 132, 204
537012.5.peg.972.site.98, 132, 134, 266
537012.5.peg.972.site.99, 3, 134, 137
537012.5.peg.972.site.100, 1, 134, 135
537012.5.peg.972.site.101, 3, 133, 136
537012.5.peg.972.site.102, 5, 132, 137
537012.5.peg.972.site.103, 1, 134, 135
537012.5.peg.972.site.104, 1, 134, 135
537012.5.peg.972.site.105, 0, 132, 132
537012.5.peg.972.site.106, 5, 132, 137
537012.5.peg.972.site.107, 5, 132, 137
537012.5.peg.972.site.108, 5, 130, 135
537012.5.peg.972.site.109, 1, 123, 124
537012.5.peg.972.site.110, 16, 123, 139
537012.5.peg.972.site.111, 3, 126, 129
537012.5.peg.972.site.112, 4, 127, 131
537012.5.peg.972.site.113, 38, 127, 165
537012.5.peg.972.site.114, 1, 128, 129
537012.5.peg.972.site.115, 1, 128, 129
537012.5.peg.972.site.116, 1, 130, 131
537012.5.peg.972.site.117, 1, 128, 129
537012.5.peg.972.site.118, 10, 119, 129
537012.5.peg.972.site.119, 1, 122, 123
537012.5.peg.972.site.120, 2, 122, 124
537012.5.peg.971.site.1, 1, 126, 127
537012.5.peg.971.site.2, 5, 125, 130
537012.5.peg.971.site.3, 93, 124, 217
537012.5.peg.971.site.4, 4, 129, 133
537012.5.peg.971.site.5, 7, 133, 140
537012.5.peg.971.site.6, 1, 133, 134
537012.5.peg.971.site.7, 7, 134, 141
537012.5.peg.971.site.8, 124, 134, 258
537012.5.peg.971.site.9, 7, 134, 141
537012.5.peg.971.site.10, 47, 133, 180
537012.5.peg.971.site.11, 2, 132, 134
537012.5.peg.971.site.12, 7, 134, 141
537012.5.peg.971.site.13, 7, 134, 141
537012.5.peg.971.site.14, 2, 133, 135
537012.5.peg.971.site.15, 6, 134, 140
537012.5.peg.971.site.16, 5, 133, 138
537012.5.peg.971.site.17, 5, 133, 138
537012.5.peg.971.site.18, 7, 134, 141
537012.5.peg.971.site.19, 20, 134, 154
537012.5.peg.971.site.20, 114, 133, 247
537012.5.peg.971.site.21, 4, 134, 138
537012.5.peg.971.site.22, 1, 134, 135
537012.5.peg.971.site.23, 20, 134, 154
537012.5.peg.971.site.24, 20, 134, 154
537012.5.peg.971.site.25, 3, 134, 137
537012.5.peg.971.site.26, 4, 134, 138
537012.5.peg.971.site.27, 1, 134, 135
537012.5.peg.971.site.28, 1, 134, 135
537012.5.peg.971.site.29, 120, 131, 251
537012.5.peg.971.site.30, 3, 134, 137
537012.5.peg.971.site.31, 4, 133, 137
537012.5.peg.971.site.32, 97, 134, 231
537012.5.peg.971.site.33, 6, 134, 140
537012.5.peg.971.site.34, 0, 133, 133
537012.5.peg.971.site.35, 70, 131, 201
537012.5.peg.971.site.36, 0, 134, 134
537012.5.peg.971.site.37, 18, 134, 152
537012.5.peg.971.site.38, 7, 134, 141
537012.5.peg.971.site.39, 1, 134, 135
537012.5.peg.971.site.40, 1, 129, 130
537012.5.peg.970.site.1, 2, 112, 114
537012.5.peg.970.site.2, 9, 132, 141
537012.5.peg.970.site.3, 3, 132, 135
537012.5.peg.970.site.4, 0, 133, 133
537012.5.peg.970.site.5, 0, 134, 134
537012.5.peg.970.site.6, 10, 134, 144
537012.5.peg.970.site.7, 9, 134, 143
537012.5.peg.970.site.8, 13, 132, 145
537012.5.peg.970.site.9, 5, 130, 135
537012.5.peg.970.site.10, 4, 130, 134
537012.5.peg.970.site.11, 7, 133, 140
537012.5.peg.970.site.12, 12, 132, 144
537012.5.peg.970.site.13, 128, 132, 260
537012.5.peg.970.site.14, 9, 134, 143
537012.5.peg.970.site.15, 9, 134, 143
537012.5.peg.970.site.16, 1, 134, 135
537012.5.peg.970.site.17, 0, 133, 133
537012.5.peg.970.site.18, 8, 134, 142
537012.5.peg.970.site.19, 4, 132, 136
537012.5.peg.970.site.20, 118, 132, 250
537012.5.peg.970.site.21, 8, 134, 142
537012.5.peg.970.site.22, 7, 134, 141
537012.5.peg.970.site.23, 6, 134, 140
537012.5.peg.970.site.24, 7, 134, 141
537012.5.peg.970.site.25, 6, 134, 140
537012.5.peg.970.site.26, 5, 134, 139
537012.5.peg.970.site.27, 1, 134, 135
537012.5.peg.970.site.28, 22, 134, 156
537012.5.peg.970.site.29, 7, 133, 140
537012.5.peg.970.site.30, 20, 133, 153
537012.5.peg.970.site.31, 3, 134, 137
537012.5.peg.970.site.32, 3, 134, 137
537012.5.peg.970.site.33, 5, 133, 138
537012.5.peg.970.site.34, 9, 134, 143
537012.5.peg.970.site.35, 98, 134, 232
537012.5.peg.970.site.36, 1, 134, 135
537012.5.peg.970.site.37, 108, 132, 240
537012.5.peg.970.site.38, 42, 134, 176
537012.5.peg.970.site.39, 4, 133, 137
537012.5.peg.970.site.40, 5, 132, 137
537012.5.peg.970.site.41, 2, 132, 134
537012.5.peg.970.site.42, 6, 133, 139
537012.5.peg.970.site.43, 30, 132, 162
537012.5.peg.970.site.44, 6, 134, 140
537012.5.peg.970.site.45, 15, 132, 147
537012.5.peg.970.site.46, 2, 134, 136
537012.5.peg.970.site.47, 2, 134, 136
537012.5.peg.970.site.48, 11, 133, 144
537012.5.peg.970.site.49, 108, 131, 239
537012.5.peg.970.site.50, 7, 134, 141
537012.5.peg.970.site.51, 6, 133, 139
537012.5.peg.970.site.52, 49, 134, 183
537012.5.peg.970.site.53, 0, 133, 133
537012.5.peg.970.site.54, 0, 130, 130
537012.5.peg.970.site.55, 3, 133, 136
537012.5.peg.970.site.56, 1, 133, 134
537012.5.peg.970.site.57, 4, 134, 138
537012.5.peg.970.site.58, 28, 132, 160
537012.5.peg.970.site.59, 6, 132, 138
537012.5.peg.970.site.60, 4, 131, 135
537012.5.peg.970.site.61, 1, 131, 132
537012.5.peg.970.site.62, 2, 129, 131
537012.5.peg.970.site.63, 4, 129, 133
537012.5.peg.970.site.64, 2, 128, 130
537012.5.peg.970.site.65, 2, 128, 130
537012.5.peg.970.site.66, 1, 126, 127
537012.5.peg.970.site.67, 94, 127, 221
537012.5.peg.970.site.68, 1, 127, 128
537012.5.peg.970.site.69, 8, 128, 136
537012.5.peg.970.site.70, 2, 132, 134
537012.5.peg.970.site.71, 2, 130, 132
537012.5.peg.970.site.72, 1, 134, 135
537012.5.peg.970.site.73, 39, 134, 173
537012.5.peg.970.site.74, 7, 134, 141
537012.5.peg.970.site.75, 7, 134, 141
537012.5.peg.970.site.76, 26, 131, 157
537012.5.peg.970.site.77, 0, 134, 134
537012.5.peg.970.site.78, 6, 134, 140
537012.5.peg.970.site.79, 3, 134, 137
537012.5.peg.970.site.80, 7, 134, 141
537012.5.peg.970.site.81, 24, 134, 158
537012.5.peg.970.site.82, 4, 133, 137
537012.5.peg.970.site.83, 5, 133, 138
537012.5.peg.970.site.84, 3, 134, 137
537012.5.peg.970.site.85, 107, 133, 240
537012.5.peg.970.site.86, 7, 132, 139
537012.5.peg.970.site.87, 122, 134, 256
537012.5.peg.970.site.88, 6, 134, 140
537012.5.peg.970.site.89, 25, 132, 157
537012.5.peg.970.site.90, 1, 128, 129
537012.5.peg.970.site.91, 1, 128, 129
537012.5.peg.970.site.92, 1, 129, 130
537012.5.peg.970.site.93, 2, 129, 131
537012.5.peg.970.site.94, 0, 129, 129
537012.5.peg.970.site.95, 1, 131, 132
537012.5.peg.970.site.96, 25, 129, 154
537012.5.peg.970.site.97, 37, 128, 165
537012.5.peg.970.site.98, 1, 128, 129
537012.5.peg.970.site.99, 71, 128, 199
537012.5.peg.970.site.100, 22, 124, 146
537012.5.peg.970.site.101, 1, 127, 128
537012.5.peg.970.site.102, 2, 127, 129
537012.5.peg.970.site.103, 1, 127, 128
537012.5.peg.970.site.104, 3, 126, 129
537012.5.peg.3241.site.1, 1, 133, 134
537012.5.peg.3241.site.2, 48, 133, 181
537012.5.peg.3241.site.3, 4, 134, 138
537012.5.peg.3241.site.4, 4, 132, 136
537012.5.peg.3241.site.5, 4, 132, 136
537012.5.peg.3241.site.6, 1, 132, 133
537012.5.peg.3241.site.7, 1, 130, 131
537012.5.peg.3241.site.8, 14, 129, 143
537012.5.peg.3241.site.9, 3, 134, 137
537012.5.peg.3241.site.10, 4, 133, 137
537012.5.peg.3241.site.11, 2, 134, 136
537012.5.peg.3241.site.12, 27, 132, 159
537012.5.peg.3241.site.13, 1, 134, 135
537012.5.peg.3241.site.14, 18, 133, 151
537012.5.peg.3241.site.15, 7, 134, 141
537012.5.peg.3241.site.16, 5, 134, 139
537012.5.peg.979.site.1, 3, 124, 127
537012.5.peg.979.site.2, 0, 128, 128
537012.5.peg.979.site.3, 0, 127, 127
537012.5.peg.979.site.4, 1, 128, 129
537012.5.peg.979.site.5, 1, 128, 129
537012.5.peg.979.site.6, 2, 128, 130
537012.5.peg.979.site.7, 0, 128, 128
537012.5.peg.979.site.8, 1, 128, 129
537012.5.peg.979.site.9, 14, 128, 142
537012.5.peg.979.site.10, 0, 128, 128
537012.5.peg.979.site.11, 15, 126, 141
537012.5.peg.979.site.12, 4, 126, 130
537012.5.peg.979.site.13, 4, 126, 130
537012.5.peg.979.site.14, 1, 129, 130
537012.5.peg.979.site.15, 1, 128, 129
537012.5.peg.979.site.16, 1, 129, 130
537012.5.peg.979.site.17, 13, 129, 142
537012.5.peg.979.site.18, 1, 128, 129
537012.5.peg.979.site.19, 2, 126, 128
537012.5.peg.979.site.20, 0, 125, 125
537012.5.peg.979.site.21, 0, 126, 126
537012.5.peg.979.site.22, 0, 125, 125
537012.5.peg.979.site.23, 0, 127, 127
537012.5.peg.979.site.24, 0, 124, 124
537012.5.peg.979.site.25, 1, 110, 111
537012.5.peg.979.site.26, 1, 108, 109
537012.5.peg.979.site.27, 1, 109, 110
537012.5.peg.979.site.28, 61, 104, 165
537012.5.peg.979.site.29, 1, 116, 117
537012.5.peg.979.site.30, 1, 123, 124
537012.5.peg.979.site.31, 19, 128, 147
537012.5.peg.979.site.32, 127, 128, 255
537012.5.peg.979.site.33, 11, 128, 139
537012.5.peg.979.site.34, 1, 128, 129
537012.5.peg.979.site.35, 3, 126, 129
537012.5.peg.979.site.36, 8, 128, 136
537012.5.peg.979.site.37, 1, 129, 130
537012.5.peg.979.site.38, 3, 129, 132
537012.5.peg.979.site.39, 5, 128, 133
537012.5.peg.979.site.40, 3, 126, 129
537012.5.peg.979.site.41, 1, 127, 128
537012.5.peg.979.site.42, 1, 129, 130
537012.5.peg.979.site.43, 1, 129, 130
537012.5.peg.979.site.44, 59, 129, 188
537012.5.peg.979.site.45, 63, 129, 192
537012.5.peg.979.site.46, 1, 129, 130
537012.5.peg.979.site.47, 7, 129, 136
537012.5.peg.979.site.48, 2, 126, 128
537012.5.peg.979.site.49, 2, 129, 131
537012.5.peg.979.site.50, 2, 129, 131
537012.5.peg.979.site.51, 124, 128, 252
537012.5.peg.979.site.52, 19, 129, 148
537012.5.peg.979.site.53, 0, 129, 129
537012.5.peg.979.site.54, 1, 129, 130
537012.5.peg.979.site.55, 1, 129, 130
537012.5.peg.979.site.56, 10, 129, 139
537012.5.peg.979.site.57, 0, 129, 129
537012.5.peg.979.site.58, 25, 128, 153
537012.5.peg.979.site.59, 0, 114, 114
537012.5.peg.979.site.60, 0, 111, 111
537012.5.peg.979.site.61, 0, 124, 124
537012.5.peg.979.site.62, 3, 112, 115
537012.5.peg.979.site.63, 0, 126, 126
537012.5.peg.979.site.64, 1, 129, 130
537012.5.peg.979.site.65, 2, 129, 131
537012.5.peg.979.site.66, 1, 129, 130
537012.5.peg.979.site.67, 2, 129, 131
537012.5.peg.979.site.68, 7, 127, 134
537012.5.peg.978.site.1, 1, 129, 130
537012.5.peg.978.site.2, 2, 129, 131
537012.5.peg.978.site.3, 0, 129, 129
537012.5.peg.978.site.4, 1, 129, 130
537012.5.peg.978.site.5, 1, 129, 130
537012.5.peg.978.site.6, 4, 127, 131
537012.5.peg.978.site.7, 1, 129, 130
537012.5.peg.978.site.8, 7, 129, 136
537012.5.peg.978.site.9, 0, 127, 127
537012.5.peg.978.site.10, 3, 129, 132
537012.5.peg.978.site.11, 3, 128, 131
537012.5.peg.978.site.12, 18, 124, 142
537012.5.peg.978.site.13, 19, 128, 147
537012.5.peg.978.site.14, 7, 129, 136
537012.5.peg.978.site.15, 1, 129, 130
537012.5.peg.978.site.16, 6, 129, 135
537012.5.peg.978.site.17, 1, 129, 130
537012.5.peg.978.site.18, 1, 129, 130
537012.5.peg.978.site.19, 0, 126, 126
537012.5.peg.978.site.20, 2, 128, 130
537012.5.peg.978.site.21, 0, 129, 129
537012.5.peg.978.site.22, 1, 128, 129
537012.5.peg.978.site.23, 27, 129, 156
537012.5.peg.978.site.24, 1, 129, 130
537012.5.peg.978.site.25, 1, 129, 130
537012.5.peg.978.site.26, 4, 129, 133
537012.5.peg.978.site.27, 12, 127, 139
537012.5.peg.978.site.28, 1, 129, 130
537012.5.peg.978.site.29, 0, 126, 126
537012.5.peg.978.site.30, 1, 129, 130
537012.5.peg.978.site.31, 1, 126, 127
537012.5.peg.978.site.32, 1, 129, 130
537012.5.peg.978.site.33, 1, 129, 130
537012.5.peg.978.site.34, 34, 128, 162
537012.5.peg.978.site.35, 4, 127, 131
537012.5.peg.978.site.36, 122, 128, 250
537012.5.peg.978.site.37, 4, 126, 130
537012.5.peg.978.site.38, 5, 127, 132
537012.5.peg.978.site.39, 7, 129, 136
537012.5.peg.978.site.40, 0, 120, 120
537012.5.peg.978.site.41, 4, 123, 127
537012.5.peg.978.site.42, 1, 115, 116
537012.5.peg.978.site.43, 1, 129, 130
537012.5.peg.978.site.44, 2, 129, 131
537012.5.peg.978.site.45, 1, 129, 130
537012.5.peg.978.site.46, 1, 128, 129
537012.5.peg.978.site.47, 3, 128, 131
537012.5.peg.4390.site.1, 9, 68, 77
537012.5.peg.830.site.1, 1, 123, 124
537012.5.peg.830.site.2, 3, 131, 134
537012.5.peg.830.site.3, 3, 131, 134
537012.5.peg.830.site.4, 0, 134, 134
537012.5.peg.830.site.5, 3, 129, 132
537012.5.peg.830.site.6, 1, 130, 131
537012.5.peg.830.site.7, 1, 130, 131
537012.5.peg.830.site.8, 1, 129, 130
537012.5.peg.830.site.9, 7, 130, 137
537012.5.peg.830.site.10, 10, 130, 140
537012.5.peg.830.site.11, 7, 129, 136
537012.5.peg.830.site.12, 2, 129, 131
537012.5.peg.830.site.13, 6, 129, 135
537012.5.peg.830.site.14, 1, 129, 130
537012.5.peg.830.site.15, 1, 130, 131
537012.5.peg.830.site.16, 2, 130, 132
537012.5.peg.830.site.17, 3, 132, 135
537012.5.peg.830.site.18, 2, 134, 136
537012.5.peg.830.site.19, 21, 134, 155
537012.5.peg.830.site.20, 1, 134, 135
537012.5.peg.830.site.21, 9, 133, 142
537012.5.peg.830.site.22, 66, 133, 199
537012.5.peg.830.site.23, 19, 134, 153
537012.5.peg.830.site.24, 7, 133, 140
537012.5.peg.830.site.25, 1, 130, 131
537012.5.peg.830.site.26, 9, 130, 139
537012.5.peg.830.site.27, 0, 131, 131
537012.5.peg.830.site.28, 4, 132, 136
537012.5.peg.830.site.29, 11, 131, 142
537012.5.peg.830.site.30, 0, 131, 131
537012.5.peg.830.site.31, 0, 133, 133
537012.5.peg.830.site.32, 0, 134, 134
537012.5.peg.830.site.33, 17, 133, 150
537012.5.peg.830.site.34, 10, 130, 140
537012.5.peg.4391.site.1, 0, 78, 78
537012.5.peg.4391.site.2, 64, 79, 143
537012.5.peg.4391.site.3, 0, 77, 77
537012.5.peg.4391.site.4, 1, 78, 79
537012.5.peg.4391.site.5, 8, 78, 86
537012.5.peg.4391.site.6, 6, 79, 85
537012.5.peg.4391.site.7, 0, 80, 80
537012.5.peg.4391.site.8, 4, 82, 86
537012.5.peg.4391.site.9, 1, 83, 84
537012.5.peg.4391.site.10, 6, 81, 87
537012.5.peg.4391.site.11, 1, 83, 84
537012.5.peg.4391.site.12, 1, 82, 83
537012.5.peg.4391.site.13, 87, 95, 182
537012.5.peg.4391.site.14, 1, 111, 112
537012.5.peg.4391.site.15, 3, 114, 117
537012.5.peg.4391.site.16, 2, 113, 115
537012.5.peg.4391.site.17, 3, 112, 115
537012.5.peg.4391.site.18, 0, 113, 113
537012.5.peg.4391.site.19, 1, 111, 112
537012.5.peg.4391.site.20, 2, 115, 117
537012.5.peg.4391.site.21, 3, 115, 118
537012.5.peg.4391.site.22, 2, 127, 129
537012.5.peg.4391.site.23, 24, 121, 145
537012.5.peg.4391.site.24, 12, 120, 132
537012.5.peg.4391.site.25, 3, 125, 128
537012.5.peg.4391.site.26, 19, 127, 146
537012.5.peg.4391.site.27, 1, 124, 125
537012.5.peg.4391.site.28, 1, 129, 130
537012.5.peg.4391.site.29, 1, 129, 130
537012.5.peg.4391.site.30, 63, 128, 191
537012.5.peg.4391.site.31, 11, 127, 138
537012.5.peg.4391.site.32, 1, 118, 119
537012.5.peg.4391.site.33, 17, 129, 146
537012.5.peg.4391.site.34, 1, 128, 129
537012.5.peg.4391.site.35, 3, 129, 132
537012.5.peg.1274.site.1, 4, 133, 137
537012.5.peg.1274.site.2, 1, 134, 135
537012.5.peg.1274.site.3, 8, 134, 142
537012.5.peg.1274.site.4, 1, 134, 135
537012.5.peg.1274.site.5, 1, 133, 134
537012.5.peg.1274.site.6, 5, 132, 137
537012.5.peg.1274.site.7, 8, 133, 141
537012.5.peg.1274.site.8, 6, 134, 140
537012.5.peg.1274.site.9, 4, 134, 138
537012.5.peg.1274.site.10, 31, 134, 165
537012.5.peg.1274.site.11, 1, 134, 135
537012.5.peg.1274.site.12, 2, 133, 135
537012.5.peg.1274.site.13, 4, 132, 136
537012.5.peg.1274.site.14, 1, 133, 134
537012.5.peg.1274.site.15, 5, 133, 138
537012.5.peg.1274.site.16, 9, 128, 137
537012.5.peg.1274.site.17, 7, 131, 138
537012.5.peg.1274.site.18, 5, 132, 137
537012.5.peg.1274.site.19, 1, 128, 129
537012.5.peg.1274.site.20, 4, 125, 129
537012.5.peg.1274.site.21, 6, 128, 134
537012.5.peg.1274.site.22, 2, 133, 135
537012.5.peg.1274.site.23, 3, 133, 136
537012.5.peg.1274.site.24, 36, 132, 168
537012.5.peg.1274.site.25, 1, 134, 135
537012.5.peg.1274.site.26, 1, 134, 135
537012.5.peg.1274.site.27, 1, 134, 135
537012.5.peg.1274.site.28, 1, 134, 135
537012.5.peg.1274.site.29, 1, 134, 135
537012.5.peg.1274.site.30, 11, 132, 143
537012.5.peg.1274.site.31, 87, 132, 219
537012.5.peg.1274.site.32, 4, 133, 137
537012.5.peg.1274.site.33, 1, 133, 134
537012.5.peg.1274.site.34, 1, 134, 135
537012.5.peg.1274.site.35, 18, 134, 152
537012.5.peg.1274.site.36, 0, 134, 134
537012.5.peg.1274.site.37, 67, 134, 201
537012.5.peg.1274.site.38, 4, 132, 136
537012.5.peg.1274.site.39, 1, 134, 135
537012.5.peg.1274.site.40, 2, 133, 135
537012.5.peg.1274.site.41, 3, 133, 136
537012.5.peg.1274.site.42, 2, 132, 134
537012.5.peg.1275.site.1, 1, 134, 135
537012.5.peg.1275.site.2, 4, 134, 138
537012.5.peg.1275.site.3, 0, 134, 134
537012.5.peg.1275.site.4, 4, 134, 138
537012.5.peg.1275.site.5, 3, 134, 137
537012.5.peg.1275.site.6, 22, 133, 155
537012.5.peg.1275.site.7, 1, 133, 134
537012.5.peg.1275.site.8, 0, 134, 134
537012.5.peg.1275.site.9, 6, 134, 140
537012.5.peg.1275.site.10, 1, 134, 135
537012.5.peg.1275.site.11, 3, 134, 137
537012.5.peg.1275.site.12, 65, 133, 198
537012.5.peg.1275.site.13, 31, 134, 165
537012.5.peg.1275.site.14, 2, 134, 136
537012.5.peg.1275.site.15, 5, 134, 139
537012.5.peg.1275.site.16, 1, 134, 135
537012.5.peg.1275.site.17, 42, 133, 175
537012.5.peg.1275.site.18, 2, 134, 136
537012.5.peg.1275.site.19, 2, 132, 134
537012.5.peg.1275.site.20, 10, 134, 144
537012.5.peg.1275.site.21, 1, 133, 134
537012.5.peg.1275.site.22, 95, 133, 228
537012.5.peg.1275.site.23, 4, 134, 138
537012.5.peg.1275.site.24, 37, 132, 169
537012.5.peg.1275.site.25, 2, 134, 136
537012.5.peg.1275.site.26, 0, 132, 132
537012.5.peg.1275.site.27, 4, 132, 136
537012.5.peg.1275.site.28, 40, 132, 172
537012.5.peg.1275.site.29, 46, 134, 180
537012.5.peg.1275.site.30, 115, 134, 249
537012.5.peg.1275.site.31, 4, 133, 137
537012.5.peg.1275.site.32, 1, 134, 135
537012.5.peg.1275.site.33, 2, 134, 136
537012.5.peg.1275.site.34, 1, 133, 134
537012.5.peg.1275.site.35, 3, 133, 136
537012.5.peg.1275.site.36, 6, 134, 140
537012.5.peg.1275.site.37, 9, 134, 143
537012.5.peg.1275.site.38, 4, 133, 137
537012.5.peg.1275.site.39, 9, 134, 143
537012.5.peg.1275.site.40, 3, 131, 134
537012.5.peg.1275.site.41, 5, 133, 138
537012.5.peg.1275.site.42, 1, 134, 135
537012.5.peg.1275.site.43, 2, 134, 136
537012.5.peg.1275.site.44, 9, 133, 142
537012.5.peg.1275.site.45, 1, 134, 135
537012.5.peg.1275.site.46, 1, 134, 135
537012.5.peg.1276.site.1, 2, 134, 136
537012.5.peg.1276.site.2, 2, 134, 136
537012.5.peg.1276.site.3, 9, 133, 142
537012.5.peg.1276.site.4, 32, 134, 166
537012.5.peg.1276.site.5, 4, 132, 136
537012.5.peg.1276.site.6, 5, 133, 138
537012.5.peg.1276.site.7, 5, 133, 138
537012.5.peg.1276.site.8, 1, 134, 135
537012.5.peg.1276.site.9, 5, 133, 138
537012.5.peg.1276.site.10, 3, 134, 137
537012.5.peg.1276.site.11, 12, 130, 142
537012.5.peg.1276.site.12, 5, 134, 139
537012.5.peg.1276.site.13, 3, 132, 135
537012.5.peg.1276.site.14, 2, 134, 136
537012.5.peg.1276.site.15, 127, 134, 261
537012.5.peg.1276.site.16, 5, 134, 139
537012.5.peg.1276.site.17, 20, 134, 154
537012.5.peg.1276.site.18, 5, 133, 138
537012.5.peg.1276.site.19, 6, 133, 139
537012.5.peg.1276.site.20, 18, 134, 152
537012.5.peg.1276.site.21, 1, 134, 135
537012.5.peg.1276.site.22, 5, 133, 138
537012.5.peg.1276.site.23, 4, 132, 136
537012.5.peg.1276.site.24, 6, 134, 140
537012.5.peg.1276.site.25, 1, 134, 135
537012.5.peg.1276.site.26, 14, 132, 146
537012.5.peg.1277.site.1, 1, 134, 135
537012.5.peg.1277.site.2, 1, 134, 135
537012.5.peg.1277.site.3, 1, 134, 135
537012.5.peg.1277.site.4, 1, 134, 135
537012.5.peg.1277.site.5, 12, 134, 146
537012.5.peg.1277.site.6, 46, 134, 180
537012.5.peg.1277.site.7, 132, 134, 266
537012.5.peg.1277.site.8, 34, 134, 168
537012.5.peg.1277.site.9, 2, 132, 134
537012.5.peg.1277.site.10, 6, 134, 140
537012.5.peg.1277.site.11, 2, 133, 135
537012.5.peg.1277.site.12, 6, 131, 137
537012.5.peg.1277.site.13, 6, 134, 140
537012.5.peg.1277.site.14, 22, 132, 154
537012.5.peg.1277.site.15, 8, 134, 142
537012.5.peg.1277.site.16, 1, 134, 135
537012.5.peg.1277.site.17, 0, 134, 134
537012.5.peg.1277.site.18, 2, 133, 135
537012.5.peg.1277.site.19, 4, 133, 137
537012.5.peg.1277.site.20, 13, 132, 145
537012.5.peg.1277.site.21, 47, 132, 179
537012.5.peg.1277.site.22, 31, 133, 164
537012.5.peg.1277.site.23, 8, 133, 141
537012.5.peg.1277.site.24, 0, 133, 133
537012.5.peg.1277.site.25, 4, 129, 133
537012.5.peg.1270.site.1, 0, 134, 134
537012.5.peg.1270.site.2, 1, 134, 135
537012.5.peg.1270.site.3, 13, 134, 147
537012.5.peg.1270.site.4, 21, 133, 154
537012.5.peg.1270.site.5, 2, 134, 136
537012.5.peg.1270.site.6, 0, 134, 134
537012.5.peg.1270.site.7, 1, 134, 135
537012.5.peg.1270.site.8, 17, 131, 148
537012.5.peg.1270.site.9, 20, 133, 153
537012.5.peg.1270.site.10, 3, 132, 135
537012.5.peg.1270.site.11, 2, 133, 135
537012.5.peg.1270.site.12, 4, 134, 138
537012.5.peg.1270.site.13, 5, 133, 138
537012.5.peg.1270.site.14, 1, 134, 135
537012.5.peg.1270.site.15, 1, 134, 135
537012.5.peg.1270.site.16, 1, 134, 135
537012.5.peg.1270.site.17, 40, 133, 173
537012.5.peg.1270.site.18, 80, 130, 210
537012.5.peg.1270.site.19, 21, 132, 153
537012.5.peg.1270.site.20, 0, 129, 129
537012.5.peg.1270.site.21, 10, 128, 138
537012.5.peg.1270.site.22, 19, 132, 151
537012.5.peg.1270.site.23, 2, 133, 135
537012.5.peg.1270.site.24, 0, 133, 133
537012.5.peg.1270.site.25, 1, 133, 134
537012.5.peg.1270.site.26, 6, 132, 138
537012.5.peg.1270.site.27, 1, 133, 134
537012.5.peg.1270.site.28, 16, 133, 149
537012.5.peg.1270.site.29, 6, 134, 140
537012.5.peg.1270.site.30, 1, 133, 134
537012.5.peg.1270.site.31, 7, 134, 141
537012.5.peg.1270.site.32, 3, 132, 135
537012.5.peg.1270.site.33, 1, 134, 135
537012.5.peg.1270.site.34, 1, 134, 135
537012.5.peg.1270.site.35, 2, 133, 135
537012.5.peg.1270.site.36, 1, 134, 135
537012.5.peg.1270.site.37, 10, 132, 142
537012.5.peg.1270.site.38, 3, 134, 137
537012.5.peg.1270.site.39, 5, 132, 137
537012.5.peg.1272.site.1, 120, 131, 251
537012.5.peg.1272.site.2, 8, 133, 141
537012.5.peg.1272.site.3, 4, 134, 138
537012.5.peg.1272.site.4, 8, 134, 142
537012.5.peg.1272.site.5, 1, 134, 135
537012.5.peg.1272.site.6, 24, 134, 158
537012.5.peg.1272.site.7, 1, 134, 135
537012.5.peg.1272.site.8, 6, 134, 140
537012.5.peg.1272.site.9, 7, 131, 138
537012.5.peg.1273.site.1, 4, 132, 136
537012.5.peg.1273.site.2, 0, 134, 134
537012.5.peg.1273.site.3, 1, 134, 135
537012.5.peg.1273.site.4, 18, 133, 151
537012.5.peg.1273.site.5, 13, 132, 145
537012.5.peg.1273.site.6, 45, 133, 178
537012.5.peg.1273.site.7, 10, 131, 141
537012.5.peg.1273.site.8, 1, 134, 135
537012.5.peg.1273.site.9, 47, 133, 180
537012.5.peg.1273.site.10, 9, 130, 139
537012.5.peg.1273.site.11, 3, 132, 135
537012.5.peg.1273.site.12, 7, 133, 140
537012.5.peg.1273.site.13, 10, 133, 143
537012.5.peg.1273.site.14, 36, 130, 166
537012.5.peg.1273.site.15, 48, 133, 181
537012.5.peg.1273.site.16, 56, 132, 188
537012.5.peg.1273.site.17, 49, 132, 181
537012.5.peg.1273.site.18, 0, 134, 134
537012.5.peg.1273.site.19, 39, 131, 170
537012.5.peg.1273.site.20, 4, 133, 137
537012.5.peg.1273.site.21, 3, 132, 135
537012.5.peg.1273.site.22, 1, 133, 134
537012.5.peg.1273.site.23, 4, 133, 137
537012.5.peg.1273.site.24, 111, 132, 243
537012.5.peg.1273.site.25, 6, 134, 140
537012.5.peg.1273.site.26, 6, 134, 140
537012.5.peg.1273.site.27, 6, 134, 140
537012.5.peg.1273.site.28, 1, 134, 135
537012.5.peg.1273.site.29, 3, 134, 137
537012.5.peg.1273.site.30, 4, 134, 138
537012.5.peg.1273.site.31, 1, 134, 135
537012.5.peg.1273.site.32, 5, 133, 138
537012.5.peg.1273.site.33, 6, 134, 140
537012.5.peg.1278.site.1, 2, 134, 136
537012.5.peg.1278.site.2, 3, 134, 137
537012.5.peg.1278.site.3, 8, 133, 141
537012.5.peg.1278.site.4, 7, 133, 140
537012.5.peg.1278.site.5, 6, 133, 139
537012.5.peg.1278.site.6, 8, 134, 142
537012.5.peg.1278.site.7, 1, 134, 135
537012.5.peg.1278.site.8, 12, 133, 145
537012.5.peg.1278.site.9, 13, 132, 145
537012.5.peg.1278.site.10, 66, 132, 198
537012.5.peg.1278.site.11, 7, 130, 137
537012.5.peg.1278.site.12, 1, 129, 130
537012.5.peg.1278.site.13, 17, 129, 146
537012.5.peg.1278.site.14, 2, 130, 132
537012.5.peg.1278.site.15, 4, 130, 134
537012.5.peg.1278.site.16, 18, 134, 152
537012.5.peg.1278.site.17, 68, 130, 198
537012.5.peg.1278.site.18, 1, 134, 135
537012.5.peg.1278.site.19, 1, 134, 135
537012.5.peg.1278.site.20, 4, 132, 136
537012.5.peg.1278.site.21, 7, 132, 139
537012.5.peg.1278.site.22, 6, 134, 140
537012.5.peg.1278.site.23, 6, 133, 139
537012.5.peg.1278.site.24, 1, 134, 135
537012.5.peg.1278.site.25, 2, 131, 133
537012.5.peg.1278.site.26, 24, 130, 154
537012.5.peg.1278.site.27, 1, 133, 134
537012.5.peg.1278.site.28, 1, 131, 132
537012.5.peg.1278.site.29, 5, 134, 139
537012.5.peg.1278.site.30, 15, 134, 149
537012.5.peg.1278.site.31, 1, 133, 134
537012.5.peg.834.site.1, 0, 129, 129
537012.5.peg.834.site.2, 0, 129, 129
537012.5.peg.834.site.3, 33, 127, 160
537012.5.peg.834.site.4, 3, 128, 131
537012.5.peg.834.site.5, 22, 128, 150
537012.5.peg.834.site.6, 6, 128, 134
537012.5.peg.834.site.7, 1, 128, 129
537012.5.peg.834.site.8, 74, 129, 203
537012.5.peg.834.site.9, 1, 130, 131
537012.5.peg.834.site.10, 3, 130, 133
537012.5.peg.834.site.11, 0, 130, 130
537012.5.peg.834.site.12, 19, 130, 149
537012.5.peg.834.site.13, 17, 130, 147
537012.5.peg.834.site.14, 12, 130, 142
537012.5.peg.834.site.15, 0, 128, 128
537012.5.peg.834.site.16, 6, 130, 136
537012.5.peg.4398.site.1, 128, 130, 258
537012.5.peg.4398.site.2, 1, 129, 130
537012.5.peg.4398.site.3, 17, 128, 145
537012.5.peg.4398.site.4, 18, 127, 145
537012.5.peg.4398.site.5, 120, 127, 247
537012.5.peg.4398.site.6, 120, 127, 247
537012.5.peg.4398.site.7, 1, 129, 130
537012.5.peg.4398.site.8, 17, 120, 137
537012.5.peg.4399.site.1, 17, 129, 146
537012.5.peg.4399.site.2, 2, 129, 131
537012.5.peg.4399.site.3, 1, 128, 129
537012.5.peg.4399.site.4, 18, 128, 146
537012.5.peg.4399.site.5, 14, 126, 140
537012.5.peg.4399.site.6, 2, 128, 130
537012.5.peg.4399.site.7, 18, 129, 147
537012.5.peg.4399.site.8, 16, 128, 144
537012.5.peg.4399.site.9, 17, 129, 146
537012.5.peg.4399.site.10, 18, 128, 146
537012.5.peg.4399.site.11, 2, 129, 131
537012.5.peg.4399.site.12, 3, 129, 132
537012.5.peg.4399.site.13, 30, 130, 160
537012.5.peg.4399.site.14, 3, 130, 133
537012.5.peg.4399.site.15, 15, 128, 143
537012.5.peg.4399.site.16, 20, 126, 146
537012.5.peg.4399.site.17, 57, 126, 183
537012.5.peg.4399.site.18, 8, 127, 135
537012.5.peg.4399.site.19, 13, 125, 138
537012.5.peg.4399.site.20, 6, 128, 134
537012.5.peg.4399.site.21, 1, 129, 130
537012.5.peg.4399.site.22, 0, 128, 128
537012.5.peg.4399.site.23, 0, 128, 128
537012.5.peg.4399.site.24, 2, 127, 129
537012.5.peg.4399.site.25, 3, 124, 127
537012.5.peg.4399.site.26, 1, 124, 125
537012.5.peg.4010.site.1, 16, 124, 140
537012.5.peg.4010.site.2, 17, 124, 141
537012.5.peg.4010.site.3, 1, 124, 125
537012.5.peg.4010.site.4, 1, 129, 130
537012.5.peg.4010.site.5, 17, 128, 145
537012.5.peg.4010.site.6, 44, 129, 173
537012.5.peg.4010.site.7, 4, 128, 132
537012.5.peg.4010.site.8, 44, 127, 171
537012.5.peg.4010.site.9, 33, 130, 163
537012.5.peg.4010.site.10, 5, 130, 135
537012.5.peg.4010.site.11, 12, 129, 141
537012.5.peg.4010.site.12, 5, 129, 134
537012.5.peg.4010.site.13, 22, 128, 150
537012.5.peg.4010.site.14, 26, 129, 155
537012.5.peg.4010.site.15, 0, 130, 130
537012.5.peg.4010.site.16, 0, 130, 130
537012.5.peg.4010.site.17, 17, 130, 147
537012.5.peg.4010.site.18, 1, 130, 131
537012.5.peg.4010.site.19, 2, 130, 132
537012.5.peg.4010.site.20, 16, 129, 145
537012.5.peg.4010.site.21, 122, 130, 252
537012.5.peg.4010.site.22, 1, 129, 130
537012.5.peg.4010.site.23, 17, 129, 146
537012.5.peg.4010.site.24, 11, 130, 141
537012.5.peg.4010.site.25, 7, 130, 137
537012.5.peg.4010.site.26, 32, 127, 159
537012.5.peg.4010.site.27, 11, 129, 140
537012.5.peg.4010.site.28, 4, 128, 132
537012.5.peg.4010.site.29, 18, 129, 147
537012.5.peg.4010.site.30, 2, 129, 131
537012.5.peg.4010.site.31, 16, 129, 145
537012.5.peg.4010.site.32, 4, 127, 131
537012.5.peg.4010.site.33, 15, 126, 141
537012.5.peg.4010.site.34, 3, 126, 129
537012.5.peg.4010.site.35, 10, 129, 139
537012.5.peg.4010.site.36, 25, 130, 155
537012.5.peg.4010.site.37, 2, 130, 132
537012.5.peg.4010.site.38, 3, 121, 124
537012.5.peg.4010.site.39, 47, 103, 150
537012.5.peg.4010.site.40, 29, 96, 125
537012.5.peg.4010.site.41, 2, 102, 104
537012.5.peg.4010.site.42, 4, 103, 107
537012.5.peg.4010.site.43, 67, 101, 168
537012.5.peg.4010.site.44, 15, 101, 116
537012.5.peg.4010.site.45, 15, 106, 121
537012.5.peg.4010.site.46, 3, 109, 112
537012.5.peg.4010.site.47, 1, 108, 109
537012.5.peg.4010.site.48, 1, 113, 114
537012.5.peg.4010.site.49, 78, 116, 194
537012.5.peg.4113.site.1, 2, 134, 136
537012.5.peg.4113.site.2, 4, 131, 135
537012.5.peg.4113.site.3, 4, 131, 135
537012.5.peg.4113.site.4, 19, 132, 151
537012.5.peg.4113.site.5, 4, 131, 135
537012.5.peg.4113.site.6, 2, 133, 135
537012.5.peg.4113.site.7, 11, 132, 143
537012.5.peg.4113.site.8, 1, 134, 135
537012.5.peg.4113.site.9, 11, 132, 143
537012.5.peg.4113.site.10, 4, 132, 136
537012.5.peg.4113.site.11, 7, 134, 141
537012.5.peg.4113.site.12, 4, 132, 136
537012.5.peg.4113.site.13, 4, 132, 136
537012.5.peg.4113.site.14, 7, 133, 140
537012.5.peg.4113.site.15, 10, 133, 143
537012.5.peg.4113.site.16, 6, 131, 137
537012.5.peg.4113.site.17, 1, 130, 131
537012.5.peg.4113.site.18, 7, 133, 140
537012.5.peg.4113.site.19, 4, 133, 137
537012.5.peg.4113.site.20, 5, 132, 137
537012.5.peg.4113.site.21, 0, 131, 131
537012.5.peg.4113.site.22, 8, 131, 139
537012.5.peg.4113.site.23, 5, 123, 128
537012.5.peg.4113.site.24, 1, 106, 107
537012.5.peg.2079.site.1, 0, 119, 119
537012.5.peg.2079.site.2, 7, 119, 126
537012.5.peg.2079.site.3, 5, 120, 125
537012.5.peg.2079.site.4, 1, 120, 121
537012.5.peg.2079.site.5, 12, 120, 132
537012.5.peg.2079.site.6, 3, 121, 124
537012.5.peg.2079.site.7, 2, 121, 123
537012.5.peg.2079.site.8, 1, 119, 120
537012.5.peg.2079.site.9, 2, 121, 123
537012.5.peg.2079.site.10, 59, 119, 178
537012.5.peg.2079.site.11, 76, 119, 195
537012.5.peg.2079.site.12, 2, 119, 121
537012.5.peg.2079.site.13, 92, 117, 209
537012.5.peg.2079.site.14, 53, 118, 171
537012.5.peg.2079.site.15, 6, 118, 124
537012.5.peg.2079.site.16, 63, 118, 181
537012.5.peg.2079.site.17, 0, 123, 123
537012.5.peg.2079.site.18, 56, 119, 175
537012.5.peg.2079.site.19, 4, 121, 125
537012.5.peg.2077.site.1, 3, 126, 129
537012.5.peg.2077.site.2, 57, 126, 183
537012.5.peg.2077.site.3, 4, 123, 127
537012.5.peg.2077.site.4, 7, 124, 131
537012.5.peg.2077.site.5, 33, 124, 157
537012.5.peg.2077.site.6, 4, 124, 128
537012.5.peg.2077.site.7, 2, 124, 126
537012.5.peg.2077.site.8, 2, 121, 123
537012.5.peg.2077.site.9, 2, 120, 122
537012.5.peg.2077.site.10, 1, 122, 123
537012.5.peg.2077.site.11, 3, 124, 127
537012.5.peg.2077.site.12, 2, 122, 124
537012.5.peg.2077.site.13, 5, 122, 127
537012.5.peg.2077.site.14, 5, 121, 126
537012.5.peg.2076.site.1, 7, 133, 140
537012.5.peg.2076.site.2, 2, 133, 135
537012.5.peg.2076.site.3, 7, 133, 140
537012.5.peg.2076.site.4, 0, 132, 132
537012.5.peg.2076.site.5, 5, 125, 130
537012.5.peg.2076.site.6, 59, 123, 182
537012.5.peg.2076.site.7, 2, 123, 125
537012.5.peg.2076.site.8, 5, 126, 131
537012.5.peg.2076.site.9, 5, 126, 131
537012.5.peg.2076.site.10, 5, 126, 131
537012.5.peg.2076.site.11, 24, 125, 149
537012.5.peg.2076.site.12, 0, 126, 126
537012.5.peg.2076.site.13, 93, 126, 219
537012.5.peg.2076.site.14, 1, 127, 128
537012.5.peg.2076.site.15, 8, 126, 134
537012.5.peg.2076.site.16, 5, 126, 131
537012.5.peg.2076.site.17, 5, 126, 131
537012.5.peg.2076.site.18, 13, 126, 139
537012.5.peg.2076.site.19, 4, 124, 128
537012.5.peg.2076.site.20, 5, 126, 131
537012.5.peg.2076.site.21, 5, 125, 130
537012.5.peg.2076.site.22, 5, 125, 130
537012.5.peg.2076.site.23, 4, 124, 128
537012.5.peg.2076.site.24, 5, 125, 130
537012.5.peg.2076.site.25, 1, 124, 125
537012.5.peg.2076.site.26, 3, 126, 129
537012.5.peg.2076.site.27, 4, 124, 128
537012.5.peg.2076.site.28, 3, 126, 129
537012.5.peg.2076.site.29, 2, 127, 129
537012.5.peg.2076.site.30, 2, 127, 129
537012.5.peg.2076.site.31, 3, 129, 132
537012.5.peg.2076.site.32, 3, 133, 136
537012.5.peg.2076.site.33, 7, 131, 138
537012.5.peg.2076.site.34, 4, 131, 135
537012.5.peg.2076.site.35, 71, 126, 197
537012.5.peg.2076.site.36, 2, 126, 128
537012.5.peg.2076.site.37, 3, 118, 121
537012.5.peg.2075.site.1, 14, 124, 138
537012.5.peg.2075.site.2, 4, 124, 128
537012.5.peg.2075.site.3, 4, 124, 128
537012.5.peg.2075.site.4, 4, 123, 127
537012.5.peg.2075.site.5, 0, 124, 124
537012.5.peg.2075.site.6, 0, 124, 124
537012.5.peg.2075.site.7, 0, 122, 122
537012.5.peg.2075.site.8, 1, 121, 122
537012.5.peg.2075.site.9, 0, 120, 120
537012.5.peg.2075.site.10, 0, 120, 120
537012.5.peg.2074.site.1, 35, 126, 161
537012.5.peg.2074.site.2, 1, 127, 128
537012.5.peg.2074.site.3, 21, 125, 146
537012.5.peg.2074.site.4, 22, 126, 148
537012.5.peg.2074.site.5, 12, 123, 135
537012.5.peg.2074.site.6, 5, 125, 130
537012.5.peg.2074.site.7, 0, 128, 128
537012.5.peg.2074.site.8, 9, 122, 131
537012.5.peg.2074.site.9, 18, 120, 138
537012.5.peg.2074.site.10, 15, 118, 133
537012.5.peg.2074.site.11, 8, 121, 129
537012.5.peg.2074.site.12, 1, 123, 124
537012.5.peg.2074.site.13, 116, 131, 247
537012.5.peg.2074.site.14, 92, 131, 223
537012.5.peg.2074.site.15, 17, 134, 151
537012.5.peg.2074.site.16, 3, 131, 134
537012.5.peg.2074.site.17, 7, 131, 138
537012.5.peg.2074.site.18, 68, 129, 197
537012.5.peg.2074.site.19, 5, 129, 134
537012.5.peg.2074.site.20, 0, 129, 129
537012.5.peg.2074.site.21, 10, 132, 142
537012.5.peg.2074.site.22, 1, 134, 135
537012.5.peg.2074.site.23, 3, 131, 134
537012.5.peg.2074.site.24, 76, 130, 206
537012.5.peg.2074.site.25, 1, 133, 134
537012.5.peg.2074.site.26, 3, 134, 137
537012.5.peg.2074.site.27, 0, 134, 134
537012.5.peg.2074.site.28, 2, 131, 133
537012.5.peg.2074.site.29, 2, 131, 133
537012.5.peg.2074.site.30, 1, 131, 132
537012.5.peg.2074.site.31, 0, 129, 129
537012.5.peg.2074.site.32, 1, 130, 131
537012.5.peg.2074.site.33, 9, 129, 138
537012.5.peg.2074.site.34, 2, 130, 132
537012.5.peg.2074.site.35, 1, 132, 133
537012.5.peg.2074.site.36, 13, 131, 144
537012.5.peg.2074.site.37, 1, 129, 130
537012.5.peg.2073.site.1, 31, 132, 163
537012.5.peg.2073.site.2, 2, 134, 136
537012.5.peg.2073.site.3, 51, 133, 184
537012.5.peg.2073.site.4, 8, 134, 142
537012.5.peg.2073.site.5, 17, 134, 151
537012.5.peg.2073.site.6, 1, 134, 135
537012.5.peg.2073.site.7, 2, 134, 136
537012.5.peg.2073.site.8, 13, 133, 146
537012.5.peg.2073.site.9, 7, 134, 141
537012.5.peg.2073.site.10, 7, 134, 141
537012.5.peg.2073.site.11, 11, 134, 145
537012.5.peg.2073.site.12, 39, 134, 173
537012.5.peg.2073.site.13, 22, 134, 156
537012.5.peg.2073.site.14, 8, 134, 142
537012.5.peg.2073.site.15, 11, 132, 143
537012.5.peg.2073.site.16, 4, 133, 137
537012.5.peg.2073.site.17, 1, 134, 135
537012.5.peg.2073.site.18, 21, 133, 154
537012.5.peg.2073.site.19, 0, 134, 134
537012.5.peg.2073.site.20, 21, 132, 153
537012.5.peg.2073.site.21, 6, 133, 139
537012.5.peg.2073.site.22, 3, 126, 129
537012.5.peg.2073.site.23, 4, 128, 132
537012.5.peg.2073.site.24, 6, 125, 131
537012.5.peg.2073.site.25, 4, 130, 134
537012.5.peg.2073.site.26, 11, 130, 141
537012.5.peg.2073.site.27, 31, 129, 160
537012.5.peg.2073.site.28, 7, 134, 141
537012.5.peg.2073.site.29, 27, 132, 159
537012.5.peg.2073.site.30, 1, 133, 134
537012.5.peg.2073.site.31, 7, 128, 135
537012.5.peg.2073.site.32, 6, 126, 132
537012.5.peg.2073.site.33, 38, 130, 168
537012.5.peg.2073.site.34, 8, 128, 136
537012.5.peg.2073.site.35, 8, 133, 141
537012.5.peg.2073.site.36, 19, 133, 152
537012.5.peg.2073.site.37, 9, 129, 138
537012.5.peg.2073.site.38, 3, 131, 134
537012.5.peg.2073.site.39, 7, 132, 139
537012.5.peg.2073.site.40, 0, 131, 131
537012.5.peg.2073.site.41, 11, 131, 142
537012.5.peg.2073.site.42, 11, 131, 142
537012.5.peg.2073.site.43, 1, 133, 134
537012.5.peg.2073.site.44, 11, 132, 143
537012.5.peg.2073.site.45, 19, 134, 153
537012.5.peg.2073.site.46, 1, 134, 135
537012.5.peg.2073.site.47, 43, 132, 175
537012.5.peg.2073.site.48, 24, 134, 158
537012.5.peg.2073.site.49, 11, 133, 144
537012.5.peg.2072.site.1, 6, 134, 140
537012.5.peg.2072.site.2, 4, 132, 136
537012.5.peg.2072.site.3, 4, 132, 136
537012.5.peg.2072.site.4, 13, 133, 146
537012.5.peg.2072.site.5, 20, 134, 154
537012.5.peg.2072.site.6, 1, 134, 135
537012.5.peg.2072.site.7, 114, 132, 246
537012.5.peg.2072.site.8, 8, 129, 137
537012.5.peg.2072.site.9, 0, 129, 129
537012.5.peg.2072.site.10, 112, 130, 242
537012.5.peg.2072.site.11, 1, 130, 131
537012.5.peg.2072.site.12, 1, 130, 131
537012.5.peg.2072.site.13, 29, 126, 155
537012.5.peg.2072.site.14, 8, 118, 126
537012.5.peg.2072.site.15, 8, 118, 126
537012.5.peg.2072.site.16, 16, 112, 128
537012.5.peg.2072.site.17, 1, 112, 113
537012.5.peg.2072.site.18, 22, 116, 138
537012.5.peg.2072.site.19, 98, 127, 225
537012.5.peg.2072.site.20, 41, 131, 172
537012.5.peg.2072.site.21, 3, 132, 135
537012.5.peg.2072.site.22, 123, 134, 257
537012.5.peg.2072.site.23, 5, 133, 138
537012.5.peg.2072.site.24, 65, 130, 195
537012.5.peg.2072.site.25, 1, 130, 131
537012.5.peg.2072.site.26, 109, 126, 235
537012.5.peg.2072.site.27, 96, 126, 222
537012.5.peg.2072.site.28, 109, 127, 236
537012.5.peg.2072.site.29, 1, 126, 127
537012.5.peg.2072.site.30, 62, 92, 154
537012.5.peg.2072.site.31, 110, 112, 222
537012.5.peg.2072.site.32, 91, 121, 212
537012.5.peg.2072.site.33, 19, 134, 153
537012.5.peg.2072.site.34, 4, 132, 136
537012.5.peg.2072.site.35, 6, 134, 140
537012.5.peg.2072.site.36, 1, 134, 135
537012.5.peg.2072.site.37, 5, 132, 137
537012.5.peg.2072.site.38, 1, 134, 135
537012.5.peg.2072.site.39, 1, 134, 135
537012.5.peg.2071.site.1, 1, 134, 135
537012.5.peg.2071.site.2, 7, 134, 141
537012.5.peg.2071.site.3, 1, 134, 135
537012.5.peg.2071.site.4, 4, 134, 138
537012.5.peg.2071.site.5, 1, 134, 135
537012.5.peg.2071.site.6, 1, 133, 134
537012.5.peg.2071.site.7, 4, 132, 136
537012.5.peg.2071.site.8, 4, 128, 132
537012.5.peg.2071.site.9, 6, 130, 136
537012.5.peg.2071.site.10, 6, 130, 136
537012.5.peg.2071.site.11, 1, 131, 132
537012.5.peg.2071.site.12, 6, 131, 137
537012.5.peg.2071.site.13, 2, 131, 133
537012.5.peg.2071.site.14, 2, 130, 132
537012.5.peg.2071.site.15, 1, 131, 132
537012.5.peg.2071.site.16, 5, 130, 135
537012.5.peg.2071.site.17, 20, 131, 151
537012.5.peg.2071.site.18, 1, 129, 130
537012.5.peg.2071.site.19, 4, 127, 131
537012.5.peg.2071.site.20, 11, 122, 133
537012.5.peg.2071.site.21, 56, 121, 177
537012.5.peg.2071.site.22, 109, 128, 237
537012.5.peg.2071.site.23, 1, 128, 129
537012.5.peg.2071.site.24, 1, 128, 129
537012.5.peg.2071.site.25, 0, 127, 127
537012.5.peg.2071.site.26, 7, 127, 134
537012.5.peg.2071.site.27, 1, 129, 130
537012.5.peg.2071.site.28, 7, 129, 136
537012.5.peg.2071.site.29, 38, 129, 167
537012.5.peg.2071.site.30, 3, 128, 131
537012.5.peg.2071.site.31, 1, 130, 131
537012.5.peg.2071.site.32, 2, 130, 132
537012.5.peg.2071.site.33, 11, 129, 140
537012.5.peg.2071.site.34, 1, 130, 131
537012.5.peg.2071.site.35, 1, 129, 130
537012.5.peg.2071.site.36, 1, 127, 128
537012.5.peg.2071.site.37, 9, 130, 139
537012.5.peg.2071.site.38, 20, 129, 149
537012.5.peg.2071.site.39, 13, 130, 143
537012.5.peg.2071.site.40, 16, 130, 146
537012.5.peg.2071.site.41, 6, 131, 137
537012.5.peg.2071.site.42, 1, 131, 132
537012.5.peg.2071.site.43, 13, 131, 144
537012.5.peg.2071.site.44, 4, 129, 133
537012.5.peg.2071.site.45, 1, 131, 132
537012.5.peg.2071.site.46, 20, 131, 151
537012.5.peg.2071.site.47, 96, 130, 226
537012.5.peg.2071.site.48, 1, 133, 134
537012.5.peg.2071.site.49, 14, 133, 147
537012.5.peg.2071.site.50, 3, 131, 134
537012.5.peg.2071.site.51, 3, 132, 135
537012.5.peg.2071.site.52, 11, 129, 140
537012.5.peg.2071.site.53, 2, 130, 132
537012.5.peg.2071.site.54, 1, 131, 132
537012.5.peg.2071.site.55, 14, 133, 147
537012.5.peg.2071.site.56, 4, 133, 137
537012.5.peg.2071.site.57, 4, 132, 136
537012.5.peg.2071.site.58, 4, 133, 137
537012.5.peg.2071.site.59, 1, 134, 135
537012.5.peg.2071.site.60, 5, 132, 137
537012.5.peg.2071.site.61, 8, 133, 141
537012.5.peg.2071.site.62, 1, 134, 135
537012.5.peg.2071.site.63, 9, 134, 143
537012.5.peg.2384.site.1, 2, 129, 131
537012.5.peg.2384.site.2, 0, 128, 128
537012.5.peg.799.site.1, 1, 133, 134
537012.5.peg.799.site.2, 3, 132, 135
537012.5.peg.799.site.3, 12, 128, 140
537012.5.peg.799.site.4, 0, 124, 124
537012.5.peg.799.site.5, 20, 120, 140
537012.5.peg.799.site.6, 1, 117, 118
537012.5.peg.799.site.7, 5, 116, 121
537012.5.peg.799.site.8, 3, 115, 118
537012.5.peg.799.site.9, 4, 118, 122
537012.5.peg.799.site.10, 1, 133, 134
537012.5.peg.799.site.11, 17, 133, 150
537012.5.peg.799.site.12, 3, 131, 134
537012.5.peg.799.site.13, 1, 129, 130
537012.5.peg.799.site.14, 93, 129, 222
537012.5.peg.799.site.15, 1, 129, 130
537012.5.peg.799.site.16, 18, 130, 148
537012.5.peg.799.site.17, 2, 132, 134
537012.5.peg.799.site.18, 1, 133, 134
537012.5.peg.799.site.19, 16, 132, 148
537012.5.peg.799.site.20, 17, 131, 148
537012.5.peg.799.site.21, 2, 131, 133
537012.5.peg.799.site.22, 19, 131, 150
537012.5.peg.799.site.23, 10, 131, 141
537012.5.peg.799.site.24, 1, 131, 132
537012.5.peg.799.site.25, 37, 132, 169
537012.5.peg.799.site.26, 19, 131, 150
537012.5.peg.799.site.27, 5, 131, 136
537012.5.peg.799.site.28, 1, 131, 132
537012.5.peg.799.site.29, 4, 132, 136
537012.5.peg.799.site.30, 4, 133, 137
537012.5.peg.799.site.31, 82, 131, 213
537012.5.peg.799.site.32, 22, 133, 155
537012.5.peg.799.site.33, 0, 134, 134
537012.5.peg.799.site.34, 21, 132, 153
537012.5.peg.799.site.35, 15, 134, 149
537012.5.peg.799.site.36, 16, 132, 148
537012.5.peg.799.site.37, 1, 134, 135
537012.5.peg.799.site.38, 1, 134, 135
537012.5.peg.799.site.39, 12, 133, 145
537012.5.peg.799.site.40, 8, 133, 141
537012.5.peg.799.site.41, 4, 132, 136
537012.5.peg.799.site.42, 2, 133, 135
537012.5.peg.799.site.43, 2, 134, 136
537012.5.peg.799.site.44, 3, 131, 134
537012.5.peg.799.site.45, 3, 131, 134
537012.5.peg.799.site.46, 3, 131, 134
537012.5.peg.799.site.47, 4, 132, 136
537012.5.peg.799.site.48, 2, 134, 136
537012.5.peg.799.site.49, 7, 125, 132
537012.5.peg.799.site.50, 2, 128, 130
537012.5.peg.799.site.51, 2, 134, 136
537012.5.peg.799.site.52, 2, 134, 136
537012.5.peg.799.site.53, 1, 134, 135
537012.5.peg.799.site.54, 1, 133, 134
537012.5.peg.799.site.55, 2, 134, 136
537012.5.peg.799.site.56, 0, 134, 134
537012.5.peg.799.site.57, 4, 131, 135
537012.5.peg.799.site.58, 6, 134, 140
537012.5.peg.799.site.59, 3, 134, 137
537012.5.peg.799.site.60, 1, 134, 135
537012.5.peg.799.site.61, 14, 134, 148
537012.5.peg.799.site.62, 6, 133, 139
537012.5.peg.799.site.63, 79, 128, 207
537012.5.peg.799.site.64, 10, 127, 137
537012.5.peg.799.site.65, 5, 126, 131
537012.5.peg.798.site.1, 4, 133, 137
537012.5.peg.798.site.2, 11, 132, 143
537012.5.peg.798.site.3, 12, 131, 143
537012.5.peg.798.site.4, 18, 132, 150
537012.5.peg.798.site.5, 68, 132, 200
537012.5.peg.798.site.6, 4, 134, 138
537012.5.peg.798.site.7, 2, 133, 135
537012.5.peg.798.site.8, 50, 133, 183
537012.5.peg.798.site.9, 5, 134, 139
537012.5.peg.798.site.10, 16, 134, 150
537012.5.peg.798.site.11, 12, 133, 145
537012.5.peg.798.site.12, 13, 133, 146
537012.5.peg.798.site.13, 5, 134, 139
537012.5.peg.798.site.14, 115, 133, 248
537012.5.peg.798.site.15, 2, 130, 132
537012.5.peg.798.site.16, 0, 131, 131
537012.5.peg.798.site.17, 1, 131, 132
537012.5.peg.798.site.18, 17, 130, 147
537012.5.peg.798.site.19, 17, 129, 146
537012.5.peg.798.site.20, 11, 115, 126
537012.5.peg.2381.site.1, 8, 102, 110
537012.5.peg.2381.site.2, 0, 127, 127
537012.5.peg.2381.site.3, 1, 117, 118
537012.5.peg.2381.site.4, 1, 114, 115
537012.5.peg.3259.site.1, 10, 121, 131
537012.5.peg.3259.site.2, 2, 120, 122
537012.5.peg.3259.site.3, 12, 122, 134
537012.5.peg.3259.site.4, 22, 122, 144
537012.5.peg.3259.site.5, 40, 128, 168
537012.5.peg.3259.site.6, 12, 132, 144
537012.5.peg.3259.site.7, 1, 134, 135
537012.5.peg.3259.site.8, 6, 134, 140
537012.5.peg.3259.site.9, 11, 134, 145
537012.5.peg.3259.site.10, 4, 132, 136
537012.5.peg.3259.site.11, 80, 132, 212
537012.5.peg.3259.site.12, 4, 131, 135
537012.5.peg.3259.site.13, 33, 134, 167
537012.5.peg.3259.site.14, 7, 132, 139
537012.5.peg.3259.site.15, 4, 134, 138
537012.5.peg.3259.site.16, 5, 132, 137
537012.5.peg.3259.site.17, 4, 132, 136
537012.5.peg.3259.site.18, 1, 134, 135
537012.5.peg.3259.site.19, 8, 134, 142
537012.5.peg.3259.site.20, 1, 134, 135
537012.5.peg.3259.site.21, 1, 134, 135
537012.5.peg.3259.site.22, 1, 134, 135
537012.5.peg.3259.site.23, 5, 132, 137
537012.5.peg.3259.site.24, 11, 131, 142
537012.5.peg.3259.site.25, 4, 132, 136
537012.5.peg.3259.site.26, 1, 133, 134
537012.5.peg.3259.site.27, 1, 133, 134
537012.5.peg.3259.site.28, 51, 129, 180
537012.5.peg.3259.site.29, 22, 133, 155
537012.5.peg.3259.site.30, 3, 132, 135
537012.5.peg.3259.site.31, 2, 130, 132
537012.5.peg.3259.site.32, 4, 133, 137
537012.5.peg.3259.site.33, 21, 133, 154
537012.5.peg.3259.site.34, 4, 131, 135
537012.5.peg.3259.site.35, 4, 131, 135
537012.5.peg.3259.site.36, 1, 133, 134
537012.5.peg.3259.site.37, 8, 132, 140
537012.5.peg.3259.site.38, 7, 133, 140
537012.5.peg.3259.site.39, 3, 131, 134
537012.5.peg.2382.site.1, 7, 101, 108
537012.5.peg.2382.site.2, 9, 116, 125
537012.5.peg.2382.site.3, 1, 110, 111
537012.5.peg.2382.site.4, 7, 101, 108
537012.5.peg.2382.site.5, 1, 116, 117
537012.5.peg.2382.site.6, 2, 122, 124
537012.5.peg.2382.site.7, 1, 122, 123
537012.5.peg.2382.site.8, 4, 124, 128
537012.5.peg.2382.site.9, 24, 98, 122
537012.5.peg.2382.site.10, 1, 100, 101
537012.5.peg.3254.site.1, 4, 134, 138
537012.5.peg.3254.site.2, 5, 133, 138
537012.5.peg.3254.site.3, 3, 131, 134
537012.5.peg.3254.site.4, 5, 132, 137
537012.5.peg.3254.site.5, 1, 134, 135
537012.5.peg.3254.site.6, 1, 134, 135
537012.5.peg.3255.site.1, 1, 134, 135
537012.5.peg.3255.site.2, 4, 132, 136
537012.5.peg.3255.site.3, 69, 133, 202
537012.5.peg.3255.site.4, 3, 131, 134
537012.5.peg.3255.site.5, 76, 131, 207
537012.5.peg.3255.site.6, 69, 127, 196
537012.5.peg.3255.site.7, 1, 124, 125
537012.5.peg.3255.site.8, 85, 130, 215
537012.5.peg.3255.site.9, 2, 131, 133
537012.5.peg.3255.site.10, 88, 130, 218
537012.5.peg.3255.site.11, 1, 131, 132
537012.5.peg.3255.site.12, 1, 130, 131
537012.5.peg.3255.site.13, 0, 130, 130
537012.5.peg.3255.site.14, 3, 130, 133
537012.5.peg.3255.site.15, 1, 130, 131
537012.5.peg.3255.site.16, 5, 130, 135
537012.5.peg.3255.site.17, 3, 130, 133
537012.5.peg.3255.site.18, 0, 127, 127
537012.5.peg.3255.site.19, 6, 129, 135
537012.5.peg.3255.site.20, 2, 131, 133
537012.5.peg.3256.site.1, 3, 130, 133
537012.5.peg.3256.site.2, 0, 131, 131
537012.5.peg.3256.site.3, 1, 132, 133
537012.5.peg.3256.site.4, 14, 133, 147
537012.5.peg.3256.site.5, 2, 126, 128
537012.5.peg.3256.site.6, 7, 124, 131
537012.5.peg.3256.site.7, 0, 114, 114
537012.5.peg.3256.site.8, 1, 123, 124
537012.5.peg.3256.site.9, 7, 126, 133
537012.5.peg.3256.site.10, 5, 125, 130
537012.5.peg.3257.site.1, 0, 132, 132
537012.5.peg.3257.site.2, 10, 130, 140
537012.5.peg.3257.site.3, 3, 130, 133
537012.5.peg.3257.site.4, 4, 131, 135
537012.5.peg.3257.site.5, 3, 131, 134
537012.5.peg.3257.site.6, 7, 132, 139
537012.5.peg.3257.site.7, 3, 132, 135
537012.5.peg.3257.site.8, 0, 133, 133
537012.5.peg.3257.site.9, 1, 131, 132
537012.5.peg.3257.site.10, 21, 130, 151
537012.5.peg.3257.site.11, 1, 127, 128
537012.5.peg.3257.site.12, 6, 132, 138
537012.5.peg.3257.site.13, 1, 131, 132
537012.5.peg.3257.site.14, 1, 130, 131
537012.5.peg.3257.site.15, 2, 129, 131
537012.5.peg.3257.site.16, 10, 132, 142
537012.5.peg.3257.site.17, 0, 131, 131
537012.5.peg.3257.site.18, 1, 132, 133
537012.5.peg.3257.site.19, 3, 130, 133
537012.5.peg.3257.site.20, 13, 131, 144
537012.5.peg.3257.site.21, 4, 132, 136
537012.5.peg.3257.site.22, 3, 133, 136
537012.5.peg.3257.site.23, 1, 134, 135
537012.5.peg.3257.site.24, 10, 132, 142
537012.5.peg.3257.site.25, 8, 133, 141
537012.5.peg.3257.site.26, 11, 133, 144
537012.5.peg.3257.site.27, 3, 133, 136
537012.5.peg.3257.site.28, 0, 123, 123
537012.5.peg.3257.site.29, 2, 132, 134
537012.5.peg.3257.site.30, 23, 132, 155
537012.5.peg.3257.site.31, 3, 131, 134
537012.5.peg.3257.site.32, 5, 134, 139
537012.5.peg.3257.site.33, 4, 132, 136
537012.5.peg.3257.site.34, 11, 132, 143
537012.5.peg.3257.site.35, 74, 131, 205
537012.5.peg.3257.site.36, 4, 133, 137
537012.5.peg.3257.site.37, 4, 132, 136
537012.5.peg.3257.site.38, 2, 130, 132
537012.5.peg.3257.site.39, 2, 129, 131
537012.5.peg.3257.site.40, 91, 133, 224
537012.5.peg.3257.site.41, 5, 133, 138
537012.5.peg.3257.site.42, 3, 134, 137
537012.5.peg.3257.site.43, 2, 133, 135
537012.5.peg.3257.site.44, 1, 130, 131
537012.5.peg.3257.site.45, 1, 130, 131
537012.5.peg.3257.site.46, 1, 131, 132
537012.5.peg.3257.site.47, 57, 128, 185
537012.5.peg.3257.site.48, 2, 131, 133
537012.5.peg.3257.site.49, 1, 134, 135
537012.5.peg.3257.site.50, 3, 132, 135
537012.5.peg.3250.site.1, 0, 118, 118
537012.5.peg.3250.site.2, 98, 116, 214
537012.5.peg.3250.site.3, 1, 119, 120
537012.5.peg.3250.site.4, 3, 121, 124
537012.5.peg.3250.site.5, 2, 121, 123
537012.5.peg.3250.site.6, 2, 121, 123
537012.5.peg.3250.site.7, 1, 122, 123
537012.5.peg.3250.site.8, 6, 129, 135
537012.5.peg.3250.site.9, 13, 129, 142
537012.5.peg.3250.site.10, 13, 130, 143
537012.5.peg.3251.site.1, 4, 127, 131
537012.5.peg.3251.site.2, 4, 128, 132
537012.5.peg.3251.site.3, 0, 130, 130
537012.5.peg.3251.site.4, 10, 130, 140
537012.5.peg.3251.site.5, 19, 127, 146
537012.5.peg.3251.site.6, 0, 129, 129
537012.5.peg.3251.site.7, 0, 129, 129
537012.5.peg.3251.site.8, 9, 129, 138
537012.5.peg.3251.site.9, 9, 130, 139
537012.5.peg.3251.site.10, 1, 128, 129
537012.5.peg.3251.site.11, 23, 126, 149
537012.5.peg.3251.site.12, 1, 128, 129
537012.5.peg.3251.site.13, 2, 128, 130
537012.5.peg.3251.site.14, 5, 124, 129
537012.5.peg.3251.site.15, 2, 121, 123
537012.5.peg.3251.site.16, 10, 121, 131
537012.5.peg.3251.site.17, 8, 119, 127
537012.5.peg.3251.site.18, 8, 114, 122
537012.5.peg.3251.site.19, 1, 112, 113
537012.5.peg.3251.site.20, 2, 113, 115
537012.5.peg.3251.site.21, 8, 112, 120
537012.5.peg.3251.site.22, 8, 114, 122
537012.5.peg.3251.site.23, 8, 115, 123
537012.5.peg.3251.site.24, 5, 117, 122
537012.5.peg.3251.site.25, 6, 123, 129
537012.5.peg.3251.site.26, 8, 123, 131
537012.5.peg.3251.site.27, 3, 122, 125
537012.5.peg.3251.site.28, 3, 121, 124
537012.5.peg.3251.site.29, 3, 120, 123
537012.5.peg.3251.site.30, 4, 115, 119
537012.5.peg.3251.site.31, 10, 114, 124
537012.5.peg.3251.site.32, 3, 113, 116
537012.5.peg.3251.site.33, 6, 118, 124
537012.5.peg.3251.site.34, 2, 119, 121
537012.5.peg.3251.site.35, 5, 115, 120
537012.5.peg.3251.site.36, 2, 117, 119
537012.5.peg.3251.site.37, 7, 118, 125
537012.5.peg.3251.site.38, 0, 119, 119
537012.5.peg.3251.site.39, 3, 101, 104
537012.5.peg.3251.site.40, 7, 103, 110
537012.5.peg.3251.site.41, 11, 111, 122
537012.5.peg.3251.site.42, 1, 113, 114
537012.5.peg.3251.site.43, 3, 114, 117
537012.5.peg.3251.site.44, 3, 112, 115
537012.5.peg.3251.site.45, 4, 115, 119
537012.5.peg.3251.site.46, 6, 114, 120
537012.5.peg.3251.site.47, 37, 114, 151
537012.5.peg.3251.site.48, 7, 111, 118
537012.5.peg.3251.site.49, 2, 111, 113
537012.5.peg.3251.site.50, 2, 113, 115
537012.5.peg.3251.site.51, 1, 116, 117
537012.5.peg.3251.site.52, 8, 119, 127
537012.5.peg.3251.site.53, 0, 116, 116
537012.5.peg.3251.site.54, 3, 115, 118
537012.5.peg.3251.site.55, 3, 114, 117
537012.5.peg.3251.site.56, 1, 114, 115
537012.5.peg.3251.site.57, 5, 115, 120
537012.5.peg.3251.site.58, 9, 118, 127
537012.5.peg.3251.site.59, 103, 120, 223
537012.5.peg.3251.site.60, 20, 112, 132
537012.5.peg.3251.site.61, 3, 114, 117
537012.5.peg.3251.site.62, 16, 114, 130
537012.5.peg.3251.site.63, 2, 118, 120
537012.5.peg.3251.site.64, 12, 124, 136
537012.5.peg.3251.site.65, 9, 122, 131
537012.5.peg.3251.site.66, 4, 89, 93
537012.5.peg.3251.site.67, 1, 57, 58
537012.5.peg.3251.site.68, 5, 26, 31
537012.5.peg.3252.site.1, 2, 130, 132
537012.5.peg.3252.site.2, 2, 131, 133
537012.5.peg.3252.site.3, 2, 131, 133
537012.5.peg.3252.site.4, 3, 132, 135
537012.5.peg.3252.site.5, 11, 133, 144
537012.5.peg.3252.site.6, 11, 132, 143
537012.5.peg.3252.site.7, 5, 133, 138
537012.5.peg.3252.site.8, 11, 132, 143
537012.5.peg.3252.site.9, 7, 134, 141
537012.5.peg.3252.site.10, 4, 132, 136
537012.5.peg.3252.site.11, 3, 134, 137
537012.5.peg.3252.site.12, 1, 134, 135
537012.5.peg.3252.site.13, 130, 134, 264
537012.5.peg.3252.site.14, 12, 133, 145
537012.5.peg.3252.site.15, 5, 134, 139
537012.5.peg.3252.site.16, 6, 134, 140
537012.5.peg.3252.site.17, 104, 131, 235
537012.5.peg.3252.site.18, 4, 134, 138
537012.5.peg.3252.site.19, 57, 132, 189
537012.5.peg.3252.site.20, 4, 132, 136
537012.5.peg.3252.site.21, 1, 134, 135
537012.5.peg.3252.site.22, 5, 132, 137
537012.5.peg.3252.site.23, 5, 131, 136
537012.5.peg.3252.site.24, 1, 134, 135
537012.5.peg.3252.site.25, 5, 133, 138
537012.5.peg.3252.site.26, 0, 133, 133
537012.5.peg.3252.site.27, 4, 131, 135
537012.5.peg.3252.site.28, 4, 132, 136
537012.5.peg.3252.site.29, 4, 132, 136
537012.5.peg.3252.site.30, 0, 134, 134
537012.5.peg.3252.site.31, 1, 134, 135
537012.5.peg.3252.site.32, 1, 134, 135
537012.5.peg.3253.site.1, 0, 133, 133
537012.5.peg.3253.site.2, 4, 132, 136
537012.5.peg.3253.site.3, 2, 130, 132
537012.5.peg.3253.site.4, 1, 133, 134
537012.5.peg.3253.site.5, 7, 132, 139
537012.5.peg.3253.site.6, 2, 132, 134
537012.5.peg.3253.site.7, 4, 132, 136
537012.5.peg.3253.site.8, 3, 131, 134
537012.5.peg.3253.site.9, 3, 131, 134
537012.5.peg.3253.site.10, 4, 132, 136
537012.5.peg.3253.site.11, 4, 132, 136
537012.5.peg.3253.site.12, 1, 134, 135
537012.5.peg.3253.site.13, 39, 133, 172
537012.5.peg.3253.site.14, 1, 132, 133
537012.5.peg.3253.site.15, 2, 131, 133
537012.5.peg.3253.site.16, 9, 132, 141
537012.5.peg.3253.site.17, 4, 132, 136
537012.5.peg.3253.site.18, 3, 134, 137
537012.5.peg.3253.site.19, 1, 134, 135
537012.5.peg.3253.site.20, 2, 134, 136
537012.5.peg.3253.site.21, 4, 131, 135
537012.5.peg.3253.site.22, 5, 133, 138
537012.5.peg.3253.site.23, 1, 133, 134
537012.5.peg.3253.site.24, 21, 133, 154
537012.5.peg.3253.site.25, 10, 132, 142
537012.5.peg.3253.site.26, 17, 134, 151
537012.5.peg.3253.site.27, 3, 134, 137
537012.5.peg.3253.site.28, 5, 131, 136
537012.5.peg.3253.site.29, 8, 132, 140
537012.5.peg.3253.site.30, 4, 129, 133
537012.5.peg.3253.site.31, 4, 132, 136
537012.5.peg.3253.site.32, 4, 133, 137
537012.5.peg.3253.site.33, 1, 134, 135
537012.5.peg.3253.site.34, 5, 134, 139
537012.5.peg.3253.site.35, 10, 133, 143
537012.5.peg.3253.site.36, 1, 134, 135
537012.5.peg.999.site.1, 26, 129, 155
537012.5.peg.999.site.2, 20, 128, 148
537012.5.peg.999.site.3, 103, 130, 233
537012.5.peg.999.site.4, 2, 130, 132
537012.5.peg.999.site.5, 5, 130, 135
537012.5.peg.999.site.6, 8, 129, 137
537012.5.peg.999.site.7, 1, 131, 132
537012.5.peg.999.site.8, 0, 129, 129
537012.5.peg.999.site.9, 1, 130, 131
537012.5.peg.999.site.10, 1, 130, 131
537012.5.peg.999.site.11, 1, 129, 130
537012.5.peg.999.site.12, 1, 130, 131
537012.5.peg.999.site.13, 1, 131, 132
537012.5.peg.999.site.14, 42, 129, 171
537012.5.peg.999.site.15, 2, 129, 131
537012.5.peg.999.site.16, 12, 130, 142
537012.5.peg.999.site.17, 12, 130, 142
537012.5.peg.999.site.18, 0, 130, 130
537012.5.peg.999.site.19, 20, 131, 151
537012.5.peg.999.site.20, 6, 133, 139
537012.5.peg.999.site.21, 5, 133, 138
537012.5.peg.999.site.22, 5, 133, 138
537012.5.peg.999.site.23, 5, 133, 138
537012.5.peg.999.site.24, 11, 133, 144
537012.5.peg.999.site.25, 5, 132, 137
537012.5.peg.3688.site.1, 1, 131, 132
537012.5.peg.3688.site.2, 1, 132, 133
537012.5.peg.3688.site.3, 17, 132, 149
537012.5.peg.3688.site.4, 2, 132, 134
537012.5.peg.3688.site.5, 3, 130, 133
537012.5.peg.3688.site.6, 4, 132, 136
537012.5.peg.3688.site.7, 1, 132, 133
537012.5.peg.3688.site.8, 40, 131, 171
537012.5.peg.3688.site.9, 7, 132, 139
537012.5.peg.3688.site.10, 2, 131, 133
537012.5.peg.3688.site.11, 10, 105, 115
537012.5.peg.3688.site.12, 33, 79, 112
537012.5.peg.3688.site.13, 1, 75, 76
537012.5.peg.3688.site.14, 4, 59, 63
537012.5.peg.2674.site.1, 11, 114, 125
537012.5.peg.2674.site.2, 4, 116, 120
537012.5.peg.2674.site.3, 3, 116, 119
537012.5.peg.2674.site.4, 4, 116, 120
537012.5.peg.2674.site.5, 8, 120, 128
537012.5.peg.2674.site.6, 2, 118, 120
537012.5.peg.2674.site.7, 32, 84, 116
537012.5.peg.2674.site.8, 8, 85, 93
537012.5.peg.2674.site.9, 17, 82, 99
537012.5.peg.2674.site.10, 3, 76, 79
537012.5.peg.2674.site.11, 58, 74, 132
537012.5.peg.2674.site.12, 18, 75, 93
537012.5.peg.2674.site.13, 3, 79, 82
537012.5.peg.2674.site.14, 2, 78, 80
537012.5.peg.2674.site.15, 39, 77, 116
537012.5.peg.2674.site.16, 2, 85, 87
537012.5.peg.2674.site.17, 2, 88, 90
537012.5.peg.2674.site.18, 1, 91, 92
537012.5.peg.2674.site.19, 1, 92, 93
537012.5.peg.2674.site.20, 4, 94, 98
537012.5.peg.2674.site.21, 2, 97, 99
537012.5.peg.2674.site.22, 2, 96, 98
537012.5.peg.2674.site.23, 18, 93, 111
537012.5.peg.2674.site.24, 2, 103, 105
537012.5.peg.2674.site.25, 0, 120, 120
537012.5.peg.2674.site.26, 10, 122, 132
537012.5.peg.2674.site.27, 3, 121, 124
537012.5.peg.2674.site.28, 9, 119, 128
537012.5.peg.2674.site.29, 10, 115, 125
537012.5.peg.2674.site.30, 0, 109, 109
537012.5.peg.2674.site.31, 1, 109, 110
537012.5.peg.2674.site.32, 1, 107, 108
537012.5.peg.2674.site.33, 13, 103, 116
537012.5.peg.2674.site.34, 2, 93, 95
537012.5.peg.2674.site.35, 3, 93, 96
537012.5.peg.2674.site.36, 6, 93, 99
537012.5.peg.2674.site.37, 6, 88, 94
537012.5.peg.2674.site.38, 2, 86, 88
537012.5.peg.2674.site.39, 29, 91, 120
537012.5.peg.2674.site.40, 1, 93, 94
537012.5.peg.2674.site.41, 51, 89, 140
537012.5.peg.2674.site.42, 3, 103, 106
537012.5.peg.2674.site.43, 8, 115, 123
537012.5.peg.2670.site.1, 3, 113, 116
537012.5.peg.2670.site.2, 5, 121, 126
537012.5.peg.2670.site.3, 30, 130, 160
537012.5.peg.2670.site.4, 1, 131, 132
537012.5.peg.2670.site.5, 1, 129, 130
537012.5.peg.2670.site.6, 0, 130, 130
537012.5.peg.2670.site.7, 1, 131, 132
537012.5.peg.2670.site.8, 0, 129, 129
537012.5.peg.2670.site.9, 1, 131, 132
537012.5.peg.2670.site.10, 7, 128, 135
537012.5.peg.2670.site.11, 12, 128, 140
537012.5.peg.2670.site.12, 11, 124, 135
537012.5.peg.2670.site.13, 4, 127, 131
537012.5.peg.2670.site.14, 5, 126, 131
537012.5.peg.2670.site.15, 28, 129, 157
537012.5.peg.2670.site.16, 5, 128, 133
537012.5.peg.2670.site.17, 4, 128, 132
537012.5.peg.2670.site.18, 5, 130, 135
537012.5.peg.2670.site.19, 0, 130, 130
537012.5.peg.2670.site.20, 0, 130, 130
537012.5.peg.2670.site.21, 9, 131, 140
537012.5.peg.2670.site.22, 7, 129, 136
537012.5.peg.2670.site.23, 7, 130, 137
537012.5.peg.2670.site.24, 7, 129, 136
537012.5.peg.2670.site.25, 52, 126, 178
537012.5.peg.2670.site.26, 6, 130, 136
537012.5.peg.2670.site.27, 1, 129, 130
537012.5.peg.2670.site.28, 17, 128, 145
537012.5.peg.2670.site.29, 12, 131, 143
537012.5.peg.2670.site.30, 0, 129, 129
537012.5.peg.2670.site.31, 1, 131, 132
537012.5.peg.2670.site.32, 3, 129, 132
537012.5.peg.2670.site.33, 8, 131, 139
537012.5.peg.2670.site.34, 7, 130, 137
537012.5.peg.2670.site.35, 0, 130, 130
537012.5.peg.2670.site.36, 0, 130, 130
537012.5.peg.2670.site.37, 2, 131, 133
537012.5.peg.2670.site.38, 1, 130, 131
537012.5.peg.2670.site.39, 2, 131, 133
537012.5.peg.2670.site.40, 1, 130, 131
537012.5.peg.2670.site.41, 5, 130, 135
537012.5.peg.2670.site.42, 2, 131, 133
537012.5.peg.2670.site.43, 2, 131, 133
537012.5.peg.2670.site.44, 4, 128, 132
537012.5.peg.2670.site.45, 1, 126, 127
537012.5.peg.2670.site.46, 1, 124, 125
537012.5.peg.2670.site.47, 2, 126, 128
537012.5.peg.2670.site.48, 11, 127, 138
537012.5.peg.2670.site.49, 5, 131, 136
537012.5.peg.2670.site.50, 7, 131, 138
537012.5.peg.2670.site.51, 1, 131, 132
537012.5.peg.2670.site.52, 5, 131, 136
537012.5.peg.2670.site.53, 5, 130, 135
537012.5.peg.2670.site.54, 5, 128, 133
537012.5.peg.2670.site.55, 4, 128, 132
537012.5.peg.2670.site.56, 4, 127, 131
537012.5.peg.2670.site.57, 2, 125, 127
537012.5.peg.2670.site.58, 0, 125, 125
537012.5.peg.2670.site.59, 4, 130, 134
537012.5.peg.2670.site.60, 10, 130, 140
537012.5.peg.2670.site.61, 6, 131, 137
537012.5.peg.2670.site.62, 10, 131, 141
537012.5.peg.2670.site.63, 0, 130, 130
537012.5.peg.2670.site.64, 0, 130, 130
537012.5.peg.2670.site.65, 4, 131, 135
537012.5.peg.2670.site.66, 5, 130, 135
537012.5.peg.2670.site.67, 121, 131, 252
537012.5.peg.2670.site.68, 4, 129, 133
537012.5.peg.2670.site.69, 18, 130, 148
537012.5.peg.2670.site.70, 17, 129, 146
537012.5.peg.2670.site.71, 19, 130, 149
537012.5.peg.2670.site.72, 3, 130, 133
537012.5.peg.2670.site.73, 11, 130, 141
537012.5.peg.2670.site.74, 17, 128, 145
537012.5.peg.2670.site.75, 33, 128, 161
537012.5.peg.2670.site.76, 18, 129, 147
537012.5.peg.2670.site.77, 1, 128, 129
537012.5.peg.2670.site.78, 16, 127, 143
537012.5.peg.2670.site.79, 5, 123, 128
537012.5.peg.2670.site.80, 3, 122, 125
537012.5.peg.2670.site.81, 0, 122, 122
537012.5.peg.2670.site.82, 10, 121, 131
537012.5.peg.2670.site.83, 0, 121, 121
537012.5.peg.2670.site.84, 1, 122, 123
537012.5.peg.2670.site.85, 1, 122, 123
537012.5.peg.2670.site.86, 1, 121, 122
537012.5.peg.2670.site.87, 1, 122, 123
537012.5.peg.2670.site.88, 0, 121, 121
537012.5.peg.2670.site.89, 0, 122, 122
537012.5.peg.2670.site.90, 13, 120, 133
537012.5.peg.2670.site.91, 2, 117, 119
537012.5.peg.2670.site.92, 1, 110, 111
537012.5.peg.2670.site.93, 6, 103, 109
537012.5.peg.2670.site.94, 2, 100, 102
537012.5.peg.2670.site.95, 2, 93, 95
537012.5.peg.2670.site.96, 2, 93, 95
537012.5.peg.2670.site.97, 3, 90, 93
537012.5.peg.2670.site.98, 1, 89, 90
537012.5.peg.557.site.1, 3, 131, 134
537012.5.peg.557.site.2, 3, 132, 135
537012.5.peg.557.site.3, 9, 134, 143
537012.5.peg.557.site.4, 6, 132, 138
537012.5.peg.557.site.5, 3, 132, 135
537012.5.peg.557.site.6, 5, 134, 139
537012.5.peg.557.site.7, 2, 134, 136
537012.5.peg.557.site.8, 4, 131, 135
537012.5.peg.556.site.1, 1, 134, 135
537012.5.peg.556.site.2, 14, 132, 146
537012.5.peg.556.site.3, 4, 133, 137
537012.5.peg.556.site.4, 2, 134, 136
537012.5.peg.556.site.5, 1, 133, 134
537012.5.peg.556.site.6, 1, 134, 135
537012.5.peg.556.site.7, 0, 133, 133
537012.5.peg.556.site.8, 1, 133, 134
537012.5.peg.556.site.9, 1, 134, 135
537012.5.peg.556.site.10, 6, 134, 140
537012.5.peg.556.site.11, 33, 134, 167
537012.5.peg.556.site.12, 2, 133, 135
537012.5.peg.556.site.13, 4, 132, 136
537012.5.peg.556.site.14, 6, 134, 140
537012.5.peg.556.site.15, 3, 132, 135
537012.5.peg.556.site.16, 10, 132, 142
537012.5.peg.556.site.17, 96, 129, 225
537012.5.peg.556.site.18, 4, 132, 136
537012.5.peg.556.site.19, 48, 129, 177
537012.5.peg.556.site.20, 8, 132, 140
537012.5.peg.556.site.21, 4, 134, 138
537012.5.peg.556.site.22, 1, 134, 135
537012.5.peg.556.site.23, 1, 134, 135
537012.5.peg.556.site.24, 1, 134, 135
537012.5.peg.556.site.25, 11, 133, 144
537012.5.peg.556.site.26, 41, 134, 175
537012.5.peg.556.site.27, 4, 133, 137
537012.5.peg.556.site.28, 3, 132, 135
537012.5.peg.556.site.29, 3, 132, 135
537012.5.peg.4638.site.1, 6, 117, 123
537012.5.peg.4638.site.2, 67, 103, 170
537012.5.peg.4638.site.3, 19, 104, 123
537012.5.peg.4638.site.4, 7, 98, 105
537012.5.peg.4638.site.5, 4, 74, 78
537012.5.peg.4638.site.6, 0, 69, 69
537012.5.peg.4638.site.7, 18, 94, 112
537012.5.peg.4638.site.8, 3, 94, 97
537012.5.peg.4638.site.9, 0, 96, 96
537012.5.peg.4638.site.10, 5, 96, 101
537012.5.peg.4638.site.11, 36, 93, 129
537012.5.peg.4638.site.12, 0, 95, 95
537012.5.peg.4638.site.13, 9, 101, 110
537012.5.peg.4638.site.14, 25, 92, 117
537012.5.peg.4638.site.15, 23, 88, 111
537012.5.peg.4638.site.16, 14, 81, 95
537012.5.peg.4638.site.17, 5, 79, 84
537012.5.peg.4638.site.18, 21, 85, 106
537012.5.peg.4638.site.19, 19, 85, 104
537012.5.peg.4638.site.20, 12, 86, 98
537012.5.peg.4638.site.21, 2, 88, 90
537012.5.peg.4638.site.22, 42, 87, 129
537012.5.peg.4638.site.23, 3, 90, 93
537012.5.peg.4638.site.24, 3, 92, 95
537012.5.peg.4638.site.25, 0, 91, 91
537012.5.peg.4638.site.26, 1, 92, 93
537012.5.peg.4638.site.27, 9, 95, 104
537012.5.peg.4638.site.28, 30, 96, 126
537012.5.peg.4638.site.29, 1, 97, 98
537012.5.peg.4638.site.30, 0, 97, 97
537012.5.peg.4638.site.31, 48, 96, 144
537012.5.peg.4638.site.32, 86, 95, 181
537012.5.peg.4638.site.33, 33, 106, 139
537012.5.peg.4638.site.34, 22, 114, 136
537012.5.peg.4638.site.35, 10, 117, 127
537012.5.peg.4638.site.36, 26, 117, 143
537012.5.peg.4638.site.37, 19, 112, 131
537012.5.peg.4638.site.38, 16, 103, 119
537012.5.peg.4638.site.39, 18, 85, 103
537012.5.peg.4638.site.40, 3, 120, 123
537012.5.peg.4638.site.41, 1, 119, 120
537012.5.peg.4638.site.42, 3, 119, 122
537012.5.peg.4638.site.43, 30, 118, 148
537012.5.peg.4638.site.44, 8, 113, 121
537012.5.peg.4638.site.45, 50, 111, 161
537012.5.peg.4638.site.46, 0, 106, 106
537012.5.peg.4633.site.1, 2, 104, 106
537012.5.peg.4633.site.2, 2, 103, 105
537012.5.peg.4633.site.3, 2, 104, 106
537012.5.peg.4633.site.4, 15, 104, 119
537012.5.peg.4633.site.5, 31, 104, 135
537012.5.peg.4633.site.6, 1, 105, 106
537012.5.peg.4633.site.7, 9, 100, 109
537012.5.peg.4633.site.8, 10, 101, 111
537012.5.peg.4633.site.9, 6, 103, 109
537012.5.peg.4633.site.10, 3, 100, 103
537012.5.peg.4633.site.11, 1, 99, 100
537012.5.peg.4633.site.12, 12, 93, 105
537012.5.peg.4633.site.13, 1, 90, 91
537012.5.peg.4633.site.14, 2, 89, 91
537012.5.peg.4633.site.15, 1, 98, 99
537012.5.peg.4633.site.16, 1, 99, 100
537012.5.peg.4633.site.17, 5, 100, 105
537012.5.peg.4633.site.18, 1, 97, 98
537012.5.peg.4633.site.19, 1, 100, 101
537012.5.peg.4633.site.20, 6, 112, 118
537012.5.peg.4633.site.21, 1, 105, 106
537012.5.peg.4633.site.22, 2, 107, 109
537012.5.peg.4633.site.23, 1, 106, 107
537012.5.peg.4633.site.24, 34, 105, 139
537012.5.peg.4633.site.25, 8, 105, 113
537012.5.peg.4633.site.26, 4, 103, 107
537012.5.peg.4633.site.27, 2, 102, 104
537012.5.peg.4633.site.28, 2, 98, 100
537012.5.peg.4633.site.29, 53, 71, 124
537012.5.peg.4633.site.30, 32, 73, 105
537012.5.peg.4633.site.31, 5, 74, 79
537012.5.peg.4633.site.32, 27, 73, 100
537012.5.peg.4633.site.33, 5, 74, 79
537012.5.peg.4633.site.34, 56, 73, 129
537012.5.peg.4633.site.35, 1, 75, 76
537012.5.peg.4633.site.36, 1, 89, 90
537012.5.peg.4633.site.37, 2, 97, 99
537012.5.peg.4633.site.38, 28, 97, 125
537012.5.peg.4633.site.39, 2, 101, 103
537012.5.peg.4633.site.40, 2, 101, 103
537012.5.peg.4633.site.41, 7, 102, 109
537012.5.peg.4633.site.42, 1, 102, 103
537012.5.peg.4633.site.43, 16, 104, 120
537012.5.peg.4633.site.44, 8, 103, 111
537012.5.peg.4633.site.45, 30, 101, 131
537012.5.peg.4633.site.46, 8, 104, 112
537012.5.peg.4633.site.47, 3, 104, 107
537012.5.peg.4632.site.1, 1, 79, 80
537012.5.peg.4632.site.2, 43, 76, 119
537012.5.peg.4632.site.3, 0, 81, 81
537012.5.peg.4632.site.4, 1, 87, 88
537012.5.peg.4632.site.5, 8, 91, 99
537012.5.peg.4632.site.6, 5, 98, 103
537012.5.peg.4632.site.7, 2, 99, 101
537012.5.peg.4632.site.8, 8, 100, 108
537012.5.peg.4632.site.9, 21, 92, 113
537012.5.peg.4632.site.10, 11, 82, 93
537012.5.peg.4632.site.11, 16, 99, 115
537012.5.peg.4632.site.12, 1, 102, 103
537012.5.peg.4632.site.13, 3, 107, 110
537012.5.peg.4632.site.14, 8, 112, 120
537012.5.peg.4632.site.15, 2, 108, 110
537012.5.peg.4632.site.16, 1, 108, 109
537012.5.peg.4632.site.17, 10, 111, 121
537012.5.peg.4632.site.18, 1, 114, 115
537012.5.peg.4632.site.19, 7, 115, 122
537012.5.peg.4632.site.20, 4, 115, 119
537012.5.peg.4632.site.21, 7, 112, 119
537012.5.peg.4632.site.22, 6, 109, 115
537012.5.peg.4632.site.23, 0, 118, 118
537012.5.peg.4632.site.24, 3, 116, 119
537012.5.peg.4632.site.25, 10, 117, 127
537012.5.peg.4632.site.26, 11, 113, 124
537012.5.peg.4632.site.27, 6, 111, 117
537012.5.peg.4631.site.1, 7, 49, 56
537012.5.peg.4631.site.2, 3, 55, 58
537012.5.peg.4631.site.3, 12, 78, 90
537012.5.peg.4631.site.4, 66, 79, 145
537012.5.peg.4631.site.5, 5, 80, 85
537012.5.peg.4631.site.6, 6, 81, 87
537012.5.peg.4631.site.7, 0, 81, 81
537012.5.peg.4631.site.8, 2, 79, 81
537012.5.peg.4631.site.9, 3, 80, 83
537012.5.peg.4631.site.10, 5, 78, 83
537012.5.peg.4631.site.11, 0, 73, 73
537012.5.peg.4631.site.12, 7, 57, 64
537012.5.peg.4631.site.13, 24, 48, 72
537012.5.peg.4631.site.14, 4, 39, 43
537012.5.peg.4631.site.15, 17, 37, 54
537012.5.peg.4631.site.16, 17, 36, 53
537012.5.peg.4631.site.17, 19, 36, 55
537012.5.peg.4631.site.18, 1, 44, 45
537012.5.peg.4631.site.19, 2, 50, 52
537012.5.peg.4631.site.20, 25, 60, 85
537012.5.peg.4631.site.21, 17, 63, 80
537012.5.peg.4631.site.22, 2, 82, 84
537012.5.peg.4631.site.23, 15, 103, 118
537012.5.peg.4631.site.24, 7, 123, 130
537012.5.peg.4631.site.25, 2, 125, 127
537012.5.peg.4631.site.26, 11, 125, 136
537012.5.peg.4631.site.27, 13, 124, 137
537012.5.peg.4631.site.28, 0, 123, 123
537012.5.peg.4631.site.29, 1, 124, 125
537012.5.peg.4631.site.30, 3, 122, 125
537012.5.peg.4631.site.31, 1, 121, 122
537012.5.peg.4631.site.32, 3, 101, 104
537012.5.peg.4631.site.33, 2, 90, 92
537012.5.peg.4631.site.34, 10, 87, 97
537012.5.peg.4631.site.35, 3, 81, 84
537012.5.peg.4631.site.36, 61, 81, 142
537012.5.peg.4631.site.37, 1, 76, 77
537012.5.peg.4631.site.38, 38, 73, 111
537012.5.peg.4631.site.39, 2, 72, 74
537012.5.peg.4631.site.40, 18, 74, 92
537012.5.peg.4631.site.41, 5, 75, 80
537012.5.peg.4631.site.42, 7, 74, 81
537012.5.peg.4631.site.43, 47, 73, 120
537012.5.peg.4631.site.44, 54, 72, 126
537012.5.peg.4631.site.45, 58, 73, 131
537012.5.peg.4631.site.46, 8, 73, 81
537012.5.peg.4631.site.47, 3, 90, 93
537012.5.peg.4631.site.48, 8, 97, 105
537012.5.peg.4631.site.49, 7, 87, 94
537012.5.peg.4631.site.50, 1, 83, 84
537012.5.peg.4631.site.51, 3, 79, 82
537012.5.peg.4631.site.52, 14, 77, 91
537012.5.peg.4631.site.53, 1, 77, 78
537012.5.peg.4631.site.54, 4, 76, 80
537012.5.peg.4631.site.55, 1, 72, 73
537012.5.peg.4631.site.56, 4, 78, 82
537012.5.peg.4631.site.57, 2, 75, 77
537012.5.peg.4631.site.58, 1, 74, 75
537012.5.peg.4631.site.59, 6, 77, 83
537012.5.peg.4631.site.60, 1, 74, 75
537012.5.peg.4631.site.61, 1, 77, 78
537012.5.peg.4631.site.62, 1, 73, 74
537012.5.peg.4631.site.63, 11, 73, 84
537012.5.peg.4631.site.64, 9, 70, 79
537012.5.peg.4631.site.65, 5, 74, 79
537012.5.peg.4631.site.66, 6, 80, 86
537012.5.peg.4631.site.67, 3, 86, 89
537012.5.peg.4631.site.68, 7, 89, 96
537012.5.peg.4631.site.69, 23, 89, 112
537012.5.peg.4631.site.70, 1, 90, 91
537012.5.peg.4631.site.71, 9, 91, 100
537012.5.peg.4631.site.72, 35, 90, 125
537012.5.peg.4631.site.73, 2, 90, 92
537012.5.peg.4631.site.74, 3, 97, 100
537012.5.peg.4631.site.75, 8, 95, 103
537012.5.peg.4631.site.76, 18, 96, 114
537012.5.peg.4631.site.77, 6, 96, 102
537012.5.peg.4631.site.78, 3, 98, 101
537012.5.peg.4631.site.79, 10, 99, 109
537012.5.peg.4631.site.80, 0, 96, 96
537012.5.peg.4631.site.81, 1, 110, 111
537012.5.peg.4631.site.82, 0, 108, 108
537012.5.peg.4631.site.83, 3, 108, 111
537012.5.peg.4631.site.84, 1, 108, 109
537012.5.peg.4631.site.85, 15, 106, 121
537012.5.peg.4631.site.86, 0, 108, 108
537012.5.peg.4631.site.87, 35, 107, 142
537012.5.peg.4631.site.88, 2, 119, 121
537012.5.peg.4631.site.89, 2, 120, 122
537012.5.peg.4631.site.90, 10, 118, 128
537012.5.peg.4631.site.91, 5, 119, 124
537012.5.peg.4631.site.92, 3, 120, 123
537012.5.peg.4631.site.93, 14, 119, 133
537012.5.peg.4631.site.94, 1, 119, 120
537012.5.peg.4631.site.95, 6, 120, 126
537012.5.peg.4631.site.96, 0, 118, 118
537012.5.peg.4631.site.97, 6, 117, 123
537012.5.peg.4631.site.98, 7, 116, 123
537012.5.peg.4631.site.99, 10, 115, 125
537012.5.peg.4631.site.100, 0, 109, 109
537012.5.peg.4631.site.101, 1, 104, 105
537012.5.peg.4631.site.102, 3, 103, 106
537012.5.peg.4631.site.103, 7, 104, 111
537012.5.peg.4631.site.104, 8, 97, 105
537012.5.peg.4631.site.105, 7, 93, 100
537012.5.peg.4631.site.106, 1, 87, 88
537012.5.peg.4631.site.107, 31, 82, 113
537012.5.peg.4631.site.108, 1, 84, 85
537012.5.peg.4631.site.109, 4, 79, 83
537012.5.peg.4631.site.110, 7, 84, 91
537012.5.peg.4631.site.111, 23, 77, 100
537012.5.peg.4631.site.112, 2, 75, 77
537012.5.peg.4631.site.113, 3, 75, 78
537012.5.peg.4631.site.114, 1, 73, 74
537012.5.peg.4631.site.115, 31, 72, 103
537012.5.peg.4631.site.116, 9, 74, 83
537012.5.peg.4631.site.117, 9, 74, 83
537012.5.peg.4631.site.118, 3, 74, 77
537012.5.peg.4631.site.119, 37, 73, 110
537012.5.peg.4631.site.120, 21, 72, 93
537012.5.peg.4631.site.121, 0, 74, 74
537012.5.peg.4631.site.122, 5, 74, 79
537012.5.peg.4631.site.123, 1, 75, 76
537012.5.peg.4631.site.124, 8, 74, 82
537012.5.peg.4631.site.125, 7, 74, 81
537012.5.peg.4631.site.126, 2, 75, 77
537012.5.peg.4631.site.127, 7, 75, 82
537012.5.peg.4631.site.128, 1, 73, 74
537012.5.peg.4631.site.129, 71, 73, 144
537012.5.peg.4631.site.130, 0, 71, 71
537012.5.peg.4631.site.131, 1, 72, 73
537012.5.peg.4631.site.132, 3, 70, 73
537012.5.peg.4631.site.133, 61, 66, 127
537012.5.peg.4631.site.134, 10, 78, 88
537012.5.peg.4631.site.135, 3, 91, 94
537012.5.peg.4631.site.136, 92, 95, 187
537012.5.peg.4631.site.137, 4, 99, 103
537012.5.peg.4631.site.138, 3, 104, 107
537012.5.peg.4631.site.139, 6, 105, 111
537012.5.peg.4631.site.140, 1, 108, 109
537012.5.peg.4631.site.141, 7, 108, 115
537012.5.peg.4631.site.142, 3, 109, 112
537012.5.peg.4631.site.143, 3, 108, 111
537012.5.peg.4631.site.144, 7, 111, 118
537012.5.peg.4631.site.145, 6, 111, 117
537012.5.peg.4631.site.146, 4, 113, 117
537012.5.peg.4631.site.147, 1, 110, 111
537012.5.peg.4631.site.148, 4, 110, 114
537012.5.peg.4631.site.149, 19, 108, 127
537012.5.peg.4631.site.150, 4, 103, 107
537012.5.peg.4631.site.151, 4, 105, 109
537012.5.peg.4631.site.152, 4, 104, 108
537012.5.peg.4631.site.153, 2, 101, 103
537012.5.peg.4631.site.154, 7, 102, 109
537012.5.peg.4631.site.155, 3, 106, 109
537012.5.peg.4631.site.156, 4, 118, 122
537012.5.peg.4631.site.157, 8, 109, 117
537012.5.peg.4631.site.158, 2, 104, 106
537012.5.peg.4631.site.159, 1, 101, 102
537012.5.peg.4631.site.160, 15, 100, 115
537012.5.peg.4631.site.161, 30, 96, 126
537012.5.peg.4631.site.162, 2, 109, 111
537012.5.peg.4631.site.163, 12, 110, 122
537012.5.peg.4631.site.164, 47, 119, 166
537012.5.peg.4631.site.165, 5, 117, 122
537012.5.peg.4631.site.166, 9, 121, 130
537012.5.peg.4631.site.167, 3, 122, 125
537012.5.peg.4631.site.168, 3, 114, 117
537012.5.peg.4631.site.169, 41, 113, 154
537012.5.peg.4631.site.170, 26, 100, 126
537012.5.peg.4631.site.171, 20, 98, 118
537012.5.peg.4631.site.172, 88, 97, 185
537012.5.peg.4631.site.173, 6, 107, 113
537012.5.peg.4631.site.174, 7, 109, 116
537012.5.peg.4631.site.175, 41, 107, 148
537012.5.peg.4631.site.176, 31, 111, 142
537012.5.peg.4631.site.177, 19, 113, 132
537012.5.peg.4631.site.178, 15, 112, 127
537012.5.peg.4631.site.179, 2, 111, 113
537012.5.peg.4631.site.180, 1, 102, 103
537012.5.peg.4631.site.181, 8, 104, 112
537012.5.peg.4631.site.182, 16, 102, 118
537012.5.peg.4631.site.183, 5, 96, 101
537012.5.peg.4631.site.184, 5, 91, 96
537012.5.peg.4631.site.185, 4, 87, 91
537012.5.peg.4631.site.186, 4, 79, 83
537012.5.peg.4631.site.187, 41, 80, 121
537012.5.peg.4631.site.188, 23, 77, 100
537012.5.peg.4631.site.189, 2, 78, 80
537012.5.peg.4631.site.190, 2, 81, 83
537012.5.peg.4631.site.191, 1, 79, 80
537012.5.peg.4631.site.192, 1, 75, 76
537012.5.peg.4631.site.193, 1, 82, 83
537012.5.peg.4631.site.194, 1, 95, 96
537012.5.peg.4631.site.195, 1, 102, 103
537012.5.peg.4631.site.196, 8, 104, 112
537012.5.peg.4631.site.197, 3, 86, 89
537012.5.peg.4631.site.198, 2, 83, 85
537012.5.peg.4631.site.199, 12, 88, 100
537012.5.peg.4637.site.1, 4, 109, 113
537012.5.peg.4637.site.2, 1, 122, 123
537012.5.peg.4637.site.3, 9, 121, 130
537012.5.peg.4637.site.4, 0, 125, 125
537012.5.peg.4637.site.5, 0, 126, 126
537012.5.peg.4637.site.6, 2, 124, 126
537012.5.peg.4637.site.7, 1, 127, 128
537012.5.peg.4637.site.8, 24, 125, 149
537012.5.peg.4637.site.9, 0, 127, 127
537012.5.peg.4637.site.10, 32, 126, 158
537012.5.peg.4637.site.11, 1, 129, 130
537012.5.peg.4637.site.12, 1, 128, 129
537012.5.peg.4637.site.13, 1, 128, 129
537012.5.peg.4637.site.14, 2, 126, 128
537012.5.peg.4637.site.15, 7, 114, 121
537012.5.peg.4637.site.16, 66, 106, 172
537012.5.peg.4637.site.17, 1, 96, 97
537012.5.peg.4637.site.18, 1, 96, 97
537012.5.peg.4637.site.19, 33, 114, 147
537012.5.peg.4637.site.20, 16, 119, 135
537012.5.peg.4637.site.21, 25, 122, 147
537012.5.peg.4637.site.22, 1, 124, 125
537012.5.peg.4637.site.23, 0, 122, 122
537012.5.peg.4636.site.1, 6, 74, 80
537012.5.peg.4636.site.2, 2, 73, 75
537012.5.peg.4636.site.3, 1, 66, 67
537012.5.peg.4636.site.4, 4, 67, 71
537012.5.peg.4636.site.5, 40, 78, 118
537012.5.peg.4636.site.6, 1, 111, 112
537012.5.peg.4636.site.7, 1, 112, 113
537012.5.peg.4636.site.8, 1, 114, 115
537012.5.peg.4636.site.9, 0, 114, 114
537012.5.peg.4635.site.1, 7, 113, 120
537012.5.peg.4635.site.2, 8, 119, 127
537012.5.peg.4635.site.3, 1, 109, 110
537012.5.peg.4635.site.4, 13, 111, 124
537012.5.peg.4635.site.5, 3, 115, 118
537012.5.peg.4635.site.6, 7, 116, 123
537012.5.peg.4635.site.7, 49, 118, 167
537012.5.peg.4635.site.8, 7, 121, 128
537012.5.peg.4635.site.9, 22, 120, 142
537012.5.peg.4635.site.10, 22, 120, 142
537012.5.peg.4635.site.11, 63, 124, 187
537012.5.peg.4635.site.12, 1, 125, 126
537012.5.peg.4635.site.13, 18, 121, 139
537012.5.peg.4635.site.14, 3, 120, 123
537012.5.peg.4635.site.15, 23, 121, 144
537012.5.peg.4635.site.16, 92, 124, 216
537012.5.peg.4635.site.17, 4, 122, 126
537012.5.peg.4635.site.18, 3, 123, 126
537012.5.peg.4635.site.19, 1, 125, 126
537012.5.peg.4635.site.20, 1, 126, 127
537012.5.peg.4635.site.21, 58, 125, 183
537012.5.peg.4635.site.22, 1, 125, 126
537012.5.peg.4635.site.23, 5, 121, 126
537012.5.peg.4635.site.24, 34, 107, 141
537012.5.peg.4635.site.25, 5, 108, 113
537012.5.peg.4635.site.26, 17, 95, 112
537012.5.peg.4635.site.27, 8, 94, 102
537012.5.peg.4635.site.28, 6, 92, 98
537012.5.peg.4635.site.29, 3, 98, 101
537012.5.peg.4635.site.30, 4, 98, 102
537012.5.peg.4635.site.31, 1, 104, 105
537012.5.peg.4635.site.32, 0, 93, 93
537012.5.peg.4635.site.33, 0, 89, 89
537012.5.peg.4635.site.34, 46, 84, 130
537012.5.peg.4635.site.35, 3, 87, 90
537012.5.peg.4635.site.36, 33, 81, 114
537012.5.peg.4635.site.37, 12, 81, 93
537012.5.peg.4635.site.38, 15, 73, 88
537012.5.peg.4635.site.39, 35, 74, 109
537012.5.peg.4635.site.40, 20, 74, 94
537012.5.peg.4635.site.41, 7, 73, 80
537012.5.peg.4635.site.42, 5, 73, 78
537012.5.peg.4635.site.43, 8, 73, 81
537012.5.peg.4635.site.44, 1, 73, 74
537012.5.peg.4635.site.45, 3, 71, 74
537012.5.peg.4635.site.46, 59, 71, 130
537012.5.peg.4635.site.47, 5, 74, 79
537012.5.peg.4635.site.48, 22, 77, 99
537012.5.peg.4635.site.49, 21, 76, 97
537012.5.peg.2819.site.1, 4, 131, 135
537012.5.peg.2819.site.2, 9, 132, 141
537012.5.peg.2819.site.3, 4, 132, 136
537012.5.peg.2819.site.4, 7, 132, 139
537012.5.peg.2819.site.5, 9, 128, 137
537012.5.peg.2819.site.6, 7, 130, 137
537012.5.peg.2819.site.7, 3, 132, 135
537012.5.peg.2819.site.8, 18, 134, 152
537012.5.peg.2819.site.9, 1, 133, 134
537012.5.peg.2819.site.10, 5, 132, 137
537012.5.peg.2819.site.11, 1, 134, 135
537012.5.peg.2819.site.12, 1, 128, 129
537012.5.peg.2819.site.13, 1, 129, 130
537012.5.peg.2819.site.14, 15, 129, 144
537012.5.peg.2819.site.15, 1, 129, 130
537012.5.peg.2819.site.16, 3, 129, 132
537012.5.peg.2819.site.17, 54, 128, 182
537012.5.peg.2819.site.18, 2, 132, 134
537012.5.peg.2819.site.19, 0, 134, 134
537012.5.peg.2819.site.20, 30, 132, 162
537012.5.peg.2819.site.21, 6, 134, 140
537012.5.peg.2819.site.22, 2, 134, 136
537012.5.peg.2819.site.23, 3, 134, 137
537012.5.peg.2819.site.24, 28, 132, 160
537012.5.peg.2819.site.25, 4, 133, 137
537012.5.peg.2819.site.26, 1, 134, 135
537012.5.peg.2819.site.27, 0, 132, 132
537012.5.peg.2819.site.28, 41, 134, 175
537012.5.peg.2819.site.29, 6, 131, 137
537012.5.peg.2819.site.30, 2, 134, 136
537012.5.peg.2819.site.31, 4, 131, 135
537012.5.peg.2819.site.32, 7, 133, 140
537012.5.peg.2819.site.33, 3, 131, 134
537012.5.peg.2819.site.34, 6, 134, 140
537012.5.peg.2819.site.35, 4, 132, 136
537012.5.peg.2819.site.36, 2, 130, 132
537012.5.peg.2819.site.37, 11, 130, 141
537012.5.peg.2819.site.38, 7, 130, 137
537012.5.peg.2819.site.39, 4, 130, 134
537012.5.peg.2819.site.40, 65, 131, 196
537012.5.peg.2819.site.41, 3, 131, 134
537012.5.peg.2819.site.42, 4, 131, 135
537012.5.peg.2819.site.43, 26, 134, 160
537012.5.peg.2819.site.44, 3, 131, 134
537012.5.peg.2819.site.45, 1, 134, 135
537012.5.peg.2819.site.46, 5, 133, 138
537012.5.peg.2819.site.47, 3, 134, 137
537012.5.peg.2819.site.48, 5, 133, 138
537012.5.peg.2819.site.49, 4, 131, 135
537012.5.peg.2819.site.50, 4, 132, 136
537012.5.peg.2811.site.1, 1, 125, 126
537012.5.peg.2811.site.2, 9, 126, 135
537012.5.peg.2811.site.3, 7, 132, 139
537012.5.peg.2811.site.4, 1, 134, 135
537012.5.peg.2811.site.5, 1, 134, 135
537012.5.peg.2811.site.6, 72, 134, 206
537012.5.peg.2811.site.7, 0, 134, 134
537012.5.peg.2811.site.8, 0, 134, 134
537012.5.peg.2811.site.9, 83, 134, 217
537012.5.peg.2811.site.10, 12, 133, 145
537012.5.peg.2811.site.11, 1, 134, 135
537012.5.peg.2811.site.12, 5, 133, 138
537012.5.peg.2811.site.13, 3, 134, 137
537012.5.peg.2811.site.14, 20, 132, 152
537012.5.peg.2811.site.15, 18, 133, 151
537012.5.peg.2811.site.16, 2, 134, 136
537012.5.peg.2811.site.17, 1, 134, 135
537012.5.peg.2811.site.18, 2, 133, 135
537012.5.peg.2811.site.19, 4, 132, 136
537012.5.peg.2811.site.20, 2, 131, 133
537012.5.peg.2811.site.21, 1, 133, 134
537012.5.peg.2811.site.22, 1, 132, 133
537012.5.peg.2811.site.23, 3, 131, 134
537012.5.peg.2811.site.24, 9, 129, 138
537012.5.peg.2811.site.25, 14, 130, 144
537012.5.peg.2811.site.26, 6, 133, 139
537012.5.peg.2811.site.27, 60, 133, 193
537012.5.peg.2811.site.28, 3, 134, 137
537012.5.peg.2811.site.29, 79, 134, 213
537012.5.peg.2811.site.30, 1, 134, 135
537012.5.peg.2811.site.31, 3, 134, 137
537012.5.peg.2811.site.32, 2, 132, 134
537012.5.peg.2811.site.33, 1, 132, 133
537012.5.peg.2811.site.34, 5, 132, 137
537012.5.peg.2811.site.35, 3, 133, 136
537012.5.peg.2811.site.36, 17, 134, 151
537012.5.peg.2811.site.37, 2, 134, 136
537012.5.peg.2811.site.38, 4, 132, 136
537012.5.peg.2811.site.39, 1, 134, 135
537012.5.peg.2811.site.40, 18, 134, 152
537012.5.peg.2811.site.41, 2, 134, 136
537012.5.peg.2811.site.42, 0, 133, 133
537012.5.peg.2810.site.1, 1, 134, 135
537012.5.peg.2810.site.2, 0, 133, 133
537012.5.peg.2810.site.3, 109, 134, 243
537012.5.peg.2810.site.4, 66, 133, 199
537012.5.peg.2810.site.5, 2, 132, 134
537012.5.peg.2810.site.6, 0, 134, 134
537012.5.peg.2810.site.7, 1, 134, 135
537012.5.peg.2810.site.8, 12, 134, 146
537012.5.peg.2810.site.9, 1, 134, 135
537012.5.peg.2810.site.10, 3, 133, 136
537012.5.peg.2810.site.11, 62, 132, 194
537012.5.peg.2810.site.12, 19, 134, 153
537012.5.peg.2810.site.13, 1, 133, 134
537012.5.peg.2810.site.14, 1, 133, 134
537012.5.peg.2810.site.15, 17, 132, 149
537012.5.peg.2810.site.16, 5, 132, 137
537012.5.peg.2810.site.17, 100, 133, 233
537012.5.peg.2810.site.18, 6, 132, 138
537012.5.peg.2810.site.19, 2, 134, 136
537012.5.peg.2810.site.20, 5, 132, 137
537012.5.peg.2810.site.21, 8, 132, 140
537012.5.peg.2810.site.22, 4, 132, 136
537012.5.peg.2810.site.23, 2, 134, 136
537012.5.peg.2810.site.24, 4, 132, 136
537012.5.peg.2810.site.25, 3, 131, 134
537012.5.peg.2810.site.26, 4, 132, 136
537012.5.peg.2810.site.27, 5, 132, 137
537012.5.peg.2810.site.28, 4, 133, 137
537012.5.peg.2810.site.29, 126, 134, 260
537012.5.peg.2810.site.30, 6, 133, 139
537012.5.peg.2810.site.31, 3, 133, 136
537012.5.peg.2810.site.32, 3, 134, 137
537012.5.peg.2810.site.33, 4, 131, 135
537012.5.peg.2810.site.34, 3, 133, 136
537012.5.peg.2810.site.35, 5, 132, 137
537012.5.peg.2810.site.36, 6, 131, 137
537012.5.peg.2810.site.37, 4, 131, 135
537012.5.peg.2810.site.38, 4, 133, 137
537012.5.peg.2810.site.39, 5, 133, 138
537012.5.peg.2810.site.40, 1, 134, 135
537012.5.peg.2810.site.41, 1, 134, 135
537012.5.peg.2810.site.42, 5, 133, 138
537012.5.peg.2810.site.43, 3, 134, 137
537012.5.peg.2810.site.44, 1, 134, 135
537012.5.peg.2810.site.45, 3, 134, 137
537012.5.peg.2810.site.46, 0, 133, 133
537012.5.peg.2810.site.47, 5, 133, 138
537012.5.peg.2810.site.48, 4, 132, 136
537012.5.peg.2810.site.49, 4, 131, 135
537012.5.peg.2810.site.50, 1, 133, 134
537012.5.peg.2810.site.51, 1, 134, 135
537012.5.peg.2810.site.52, 0, 134, 134
537012.5.peg.2812.site.1, 1, 130, 131
537012.5.peg.2812.site.2, 40, 128, 168
537012.5.peg.2812.site.3, 112, 123, 235
537012.5.peg.2812.site.4, 110, 124, 234
537012.5.peg.2812.site.5, 6, 129, 135
537012.5.peg.2812.site.6, 16, 129, 145
537012.5.peg.2812.site.7, 17, 129, 146
537012.5.peg.2812.site.8, 6, 129, 135
537012.5.peg.2812.site.9, 25, 130, 155
537012.5.peg.2812.site.10, 7, 129, 136
537012.5.peg.2812.site.11, 6, 129, 135
537012.5.peg.2812.site.12, 6, 130, 136
537012.5.peg.2812.site.13, 2, 129, 131
537012.5.peg.2812.site.14, 1, 129, 130
537012.5.peg.2812.site.15, 7, 130, 137
537012.5.peg.2812.site.16, 7, 130, 137
537012.5.peg.2812.site.17, 27, 130, 157
537012.5.peg.2812.site.18, 1, 129, 130
537012.5.peg.2812.site.19, 4, 129, 133
537012.5.peg.2812.site.20, 6, 131, 137
537012.5.peg.2812.site.21, 9, 130, 139
537012.5.peg.2812.site.22, 8, 130, 138
537012.5.peg.2812.site.23, 1, 130, 131
537012.5.peg.2812.site.24, 48, 129, 177
537012.5.peg.2812.site.25, 9, 130, 139
537012.5.peg.2812.site.26, 1, 130, 131
537012.5.peg.2812.site.27, 7, 130, 137
537012.5.peg.2812.site.28, 4, 130, 134
537012.5.peg.2812.site.29, 0, 129, 129
537012.5.peg.2812.site.30, 2, 128, 130
537012.5.peg.2812.site.31, 1, 128, 129
537012.5.peg.2812.site.32, 1, 128, 129
537012.5.peg.2812.site.33, 23, 130, 153
537012.5.peg.2812.site.34, 6, 130, 136
537012.5.peg.2812.site.35, 1, 130, 131
537012.5.peg.2812.site.36, 1, 130, 131
537012.5.peg.2812.site.37, 4, 130, 134
537012.5.peg.2812.site.38, 4, 130, 134
537012.5.peg.2812.site.39, 129, 130, 259
537012.5.peg.2812.site.40, 7, 127, 134
537012.5.peg.2812.site.41, 1, 129, 130
537012.5.peg.2812.site.42, 1, 129, 130
537012.5.peg.2812.site.43, 81, 128, 209
537012.5.peg.2812.site.44, 1, 128, 129
537012.5.peg.2812.site.45, 4, 128, 132
537012.5.peg.2812.site.46, 7, 130, 137
537012.5.peg.2812.site.47, 11, 130, 141
537012.5.peg.2812.site.48, 63, 130, 193
537012.5.peg.2812.site.49, 7, 130, 137
537012.5.peg.2812.site.50, 31, 130, 161
537012.5.peg.2812.site.51, 35, 130, 165
537012.5.peg.2812.site.52, 30, 128, 158
537012.5.peg.2812.site.53, 3, 131, 134
537012.5.peg.2812.site.54, 93, 128, 221
537012.5.peg.2812.site.55, 7, 129, 136
537012.5.peg.2812.site.56, 7, 129, 136
537012.5.peg.2812.site.57, 47, 128, 175
537012.5.peg.2812.site.58, 2, 130, 132
537012.5.peg.2812.site.59, 27, 129, 156
537012.5.peg.2812.site.60, 14, 128, 142
537012.5.peg.2812.site.61, 2, 129, 131
537012.5.peg.2812.site.62, 3, 129, 132
537012.5.peg.2812.site.63, 47, 129, 176
537012.5.peg.2812.site.64, 5, 124, 129
537012.5.peg.2812.site.65, 8, 129, 137
537012.5.peg.2812.site.66, 1, 129, 130
537012.5.peg.2812.site.67, 2, 128, 130
537012.5.peg.2812.site.68, 109, 130, 239
537012.5.peg.2812.site.69, 1, 130, 131
537012.5.peg.2812.site.70, 29, 130, 159
537012.5.peg.2812.site.71, 1, 130, 131
537012.5.peg.2812.site.72, 18, 129, 147
537012.5.peg.2812.site.73, 21, 128, 149
537012.5.peg.2812.site.74, 1, 128, 129
537012.5.peg.2812.site.75, 11, 128, 139
537012.5.peg.2812.site.76, 39, 129, 168
537012.5.peg.2812.site.77, 30, 128, 158
537012.5.peg.2812.site.78, 51, 128, 179
537012.5.peg.2812.site.79, 5, 130, 135
537012.5.peg.2812.site.80, 48, 129, 177
537012.5.peg.2812.site.81, 13, 130, 143
537012.5.peg.2812.site.82, 17, 128, 145
537012.5.peg.2812.site.83, 112, 129, 241
537012.5.peg.2812.site.84, 121, 129, 250
537012.5.peg.2812.site.85, 114, 129, 243
537012.5.peg.2812.site.86, 17, 129, 146
537012.5.peg.2812.site.87, 7, 130, 137
537012.5.peg.2812.site.88, 1, 130, 131
537012.5.peg.2812.site.89, 115, 129, 244
537012.5.peg.2812.site.90, 6, 129, 135
537012.5.peg.2812.site.91, 36, 128, 164
537012.5.peg.2812.site.92, 1, 128, 129
537012.5.peg.2812.site.93, 6, 128, 134
537012.5.peg.2812.site.94, 1, 129, 130
537012.5.peg.2812.site.95, 84, 129, 213
537012.5.peg.2812.site.96, 64, 129, 193
537012.5.peg.2812.site.97, 19, 130, 149
537012.5.peg.2812.site.98, 7, 130, 137
537012.5.peg.2812.site.99, 3, 130, 133
537012.5.peg.2812.site.100, 60, 128, 188
537012.5.peg.2812.site.101, 1, 129, 130
537012.5.peg.2812.site.102, 16, 129, 145
537012.5.peg.2812.site.103, 126, 130, 256
537012.5.peg.2812.site.104, 9, 130, 139
537012.5.peg.2812.site.105, 6, 130, 136
537012.5.peg.2257.site.1, 11, 129, 140
537012.5.peg.2257.site.2, 3, 129, 132
537012.5.peg.2257.site.3, 6, 129, 135
537012.5.peg.2257.site.4, 2, 128, 130
537012.5.peg.2257.site.5, 4, 129, 133
537012.5.peg.2257.site.6, 24, 128, 152
537012.5.peg.2257.site.7, 2, 129, 131
537012.5.peg.2257.site.8, 32, 128, 160
537012.5.peg.2257.site.9, 1, 129, 130
537012.5.peg.2257.site.10, 1, 128, 129
537012.5.peg.2257.site.11, 87, 128, 215
537012.5.peg.2257.site.12, 4, 127, 131
537012.5.peg.2257.site.13, 4, 126, 130
537012.5.peg.2257.site.14, 8, 130, 138
537012.5.peg.2257.site.15, 0, 129, 129
537012.5.peg.2708.site.1, 93, 124, 217
537012.5.peg.2708.site.2, 12, 124, 136
537012.5.peg.2708.site.3, 10, 125, 135
537012.5.peg.2255.site.1, 4, 131, 135
537012.5.peg.2255.site.2, 4, 132, 136
537012.5.peg.2255.site.3, 3, 130, 133
537012.5.peg.2255.site.4, 3, 129, 132
537012.5.peg.2255.site.5, 0, 128, 128
537012.5.peg.2255.site.6, 2, 130, 132
537012.5.peg.2255.site.7, 4, 132, 136
537012.5.peg.2255.site.8, 3, 132, 135
537012.5.peg.2255.site.9, 1, 130, 131
537012.5.peg.2255.site.10, 0, 129, 129
537012.5.peg.2255.site.11, 3, 129, 132
537012.5.peg.2255.site.12, 33, 129, 162
537012.5.peg.2255.site.13, 38, 129, 167
537012.5.peg.2255.site.14, 1, 129, 130
537012.5.peg.2255.site.15, 4, 129, 133
537012.5.peg.2255.site.16, 1, 129, 130
537012.5.peg.2255.site.17, 25, 130, 155
537012.5.peg.2255.site.18, 4, 134, 138
537012.5.peg.2255.site.19, 20, 134, 154
537012.5.peg.2255.site.20, 30, 132, 162
537012.5.peg.2255.site.21, 19, 132, 151
537012.5.peg.2255.site.22, 1, 130, 131
537012.5.peg.2255.site.23, 1, 130, 131
537012.5.peg.2255.site.24, 2, 129, 131
537012.5.peg.2255.site.25, 6, 129, 135
537012.5.peg.2255.site.26, 6, 130, 136
537012.5.peg.2255.site.27, 1, 129, 130
537012.5.peg.2255.site.28, 3, 130, 133
537012.5.peg.2255.site.29, 4, 130, 134
537012.5.peg.2255.site.30, 17, 133, 150
537012.5.peg.2255.site.31, 3, 130, 133
537012.5.peg.2255.site.32, 2, 129, 131
537012.5.peg.2255.site.33, 1, 128, 129
537012.5.peg.2255.site.34, 2, 126, 128
537012.5.peg.2255.site.35, 125, 127, 252
537012.5.peg.2255.site.36, 127, 128, 255
537012.5.peg.2255.site.37, 3, 130, 133
537012.5.peg.2255.site.38, 5, 131, 136
537012.5.peg.2255.site.39, 1, 134, 135
537012.5.peg.992.site.1, 6, 29, 35
537012.5.peg.992.site.2, 14, 78, 92
537012.5.peg.992.site.3, 0, 113, 113
537012.5.peg.992.site.4, 18, 114, 132
537012.5.peg.992.site.5, 1, 115, 116
537012.5.peg.992.site.6, 6, 121, 127
537012.5.peg.992.site.7, 6, 123, 129
537012.5.peg.992.site.8, 4, 126, 130
537012.5.peg.992.site.9, 2, 122, 124
537012.5.peg.992.site.10, 7, 122, 129
537012.5.peg.3388.site.1, 3, 38, 41
537012.5.peg.3388.site.2, 2, 112, 114
537012.5.peg.3388.site.3, 0, 111, 111
537012.5.peg.3388.site.4, 31, 119, 150
537012.5.peg.3388.site.5, 17, 119, 136
537012.5.peg.3388.site.6, 21, 122, 143
537012.5.peg.3388.site.7, 0, 122, 122
537012.5.peg.3388.site.8, 2, 122, 124
537012.5.peg.3388.site.9, 2, 122, 124
537012.5.peg.3388.site.10, 22, 122, 144
537012.5.peg.3388.site.11, 1, 123, 124
537012.5.peg.2259.site.1, 1, 133, 134
537012.5.peg.2259.site.2, 1, 134, 135
537012.5.peg.2259.site.3, 15, 133, 148
537012.5.peg.2259.site.4, 1, 134, 135
537012.5.peg.2259.site.5, 2, 134, 136
537012.5.peg.2259.site.6, 1, 134, 135
537012.5.peg.2259.site.7, 6, 134, 140
537012.5.peg.2259.site.8, 3, 134, 137
537012.5.peg.2259.site.9, 6, 134, 140
537012.5.peg.2259.site.10, 61, 132, 193
537012.5.peg.2259.site.11, 2, 134, 136
537012.5.peg.2259.site.12, 38, 129, 167
537012.5.peg.2259.site.13, 9, 131, 140
537012.5.peg.2259.site.14, 5, 131, 136
537012.5.peg.2259.site.15, 11, 131, 142
537012.5.peg.2259.site.16, 9, 133, 142
537012.5.peg.2259.site.17, 6, 132, 138
537012.5.peg.2259.site.18, 7, 132, 139
537012.5.peg.2259.site.19, 4, 131, 135
537012.5.peg.2259.site.20, 1, 132, 133
537012.5.peg.2259.site.21, 3, 134, 137
537012.5.peg.2259.site.22, 4, 132, 136
537012.5.peg.2259.site.23, 1, 134, 135
537012.5.peg.2259.site.24, 63, 131, 194
537012.5.peg.2259.site.25, 49, 134, 183
537012.5.peg.2259.site.26, 1, 134, 135
537012.5.peg.2259.site.27, 1, 134, 135
537012.5.peg.2259.site.28, 8, 134, 142
537012.5.peg.2259.site.29, 3, 134, 137
537012.5.peg.2259.site.30, 21, 132, 153
537012.5.peg.2259.site.31, 33, 132, 165
537012.5.peg.2259.site.32, 1, 134, 135
537012.5.peg.2259.site.33, 12, 134, 146
537012.5.peg.2259.site.34, 3, 130, 133
537012.5.peg.2259.site.35, 5, 134, 139
537012.5.peg.2259.site.36, 28, 134, 162
537012.5.peg.2259.site.37, 1, 134, 135
537012.5.peg.2259.site.38, 4, 132, 136
537012.5.peg.2259.site.39, 34, 132, 166
537012.5.peg.2258.site.1, 2, 130, 132
537012.5.peg.2258.site.2, 1, 132, 133
537012.5.peg.2258.site.3, 4, 132, 136
537012.5.peg.2258.site.4, 5, 130, 135
537012.5.peg.2258.site.5, 2, 130, 132
537012.5.peg.2258.site.6, 1, 131, 132
537012.5.peg.2258.site.7, 1, 130, 131
537012.5.peg.2258.site.8, 8, 130, 138
537012.5.peg.2258.site.9, 1, 131, 132
537012.5.peg.2258.site.10, 0, 131, 131
537012.5.peg.2258.site.11, 1, 129, 130
537012.5.peg.2258.site.12, 1, 130, 131
537012.5.peg.2258.site.13, 1, 129, 130
537012.5.peg.2258.site.14, 14, 131, 145
537012.5.peg.2258.site.15, 1, 130, 131
537012.5.peg.2258.site.16, 1, 130, 131
537012.5.peg.2258.site.17, 95, 129, 224
537012.5.peg.2258.site.18, 30, 130, 160
537012.5.peg.2258.site.19, 89, 129, 218
537012.5.peg.2258.site.20, 42, 129, 171
537012.5.peg.2258.site.21, 27, 130, 157
537012.5.peg.2258.site.22, 0, 130, 130
537012.5.peg.2258.site.23, 47, 123, 170
537012.5.peg.2258.site.24, 1, 96, 97
537012.5.peg.2258.site.25, 1, 48, 49
537012.5.peg.3657.site.1, 18, 134, 152
537012.5.peg.3657.site.2, 4, 132, 136
537012.5.peg.3657.site.3, 2, 131, 133
537012.5.peg.3657.site.4, 3, 132, 135
537012.5.peg.3657.site.5, 28, 129, 157
537012.5.peg.3657.site.6, 36, 132, 168
537012.5.peg.3657.site.7, 15, 133, 148
537012.5.peg.3657.site.8, 13, 134, 147
537012.5.peg.3657.site.9, 67, 132, 199
537012.5.peg.3657.site.10, 9, 133, 142
537012.5.peg.3657.site.11, 11, 134, 145
537012.5.peg.3657.site.12, 61, 133, 194
537012.5.peg.3657.site.13, 3, 134, 137
537012.5.peg.3657.site.14, 42, 132, 174
537012.5.peg.3657.site.15, 1, 134, 135
537012.5.peg.3657.site.16, 12, 123, 135
537012.5.peg.3657.site.17, 19, 125, 144
537012.5.peg.3657.site.18, 16, 120, 136
537012.5.peg.3657.site.19, 15, 121, 136
537012.5.peg.3657.site.20, 4, 122, 126
537012.5.peg.3657.site.21, 3, 120, 123
537012.5.peg.3657.site.22, 15, 134, 149
537012.5.peg.3657.site.23, 4, 133, 137
537012.5.peg.3657.site.24, 7, 131, 138
537012.5.peg.3657.site.25, 0, 132, 132
537012.5.peg.3657.site.26, 4, 132, 136
537012.5.peg.3657.site.27, 4, 132, 136
537012.5.peg.3657.site.28, 3, 134, 137
537012.5.peg.3657.site.29, 13, 133, 146
537012.5.peg.3657.site.30, 4, 132, 136
537012.5.peg.3657.site.31, 20, 133, 153
537012.5.peg.3657.site.32, 24, 131, 155
537012.5.peg.3657.site.33, 5, 133, 138
537012.5.peg.3657.site.34, 13, 134, 147
537012.5.peg.3657.site.35, 1, 134, 135
537012.5.peg.3657.site.36, 68, 131, 199
537012.5.peg.3657.site.37, 15, 134, 149
537012.5.peg.3657.site.38, 17, 130, 147
537012.5.peg.3657.site.39, 17, 132, 149
537012.5.peg.3657.site.40, 22, 134, 156
537012.5.peg.3657.site.41, 18, 131, 149
537012.5.peg.3657.site.42, 16, 133, 149
537012.5.peg.3657.site.43, 15, 133, 148
537012.5.peg.3657.site.44, 68, 133, 201
537012.5.peg.3657.site.45, 4, 132, 136
537012.5.peg.3657.site.46, 3, 131, 134
537012.5.peg.3657.site.47, 15, 132, 147
537012.5.peg.3657.site.48, 16, 130, 146
537012.5.peg.3657.site.49, 42, 117, 159
537012.5.peg.3657.site.50, 3, 110, 113
537012.5.peg.3657.site.51, 4, 104, 108
537012.5.peg.2491.site.1, 93, 130, 223
537012.5.peg.2491.site.2, 6, 133, 139
537012.5.peg.2491.site.3, 9, 131, 140
537012.5.peg.2491.site.4, 4, 131, 135
537012.5.peg.2491.site.5, 4, 132, 136
537012.5.peg.2491.site.6, 7, 134, 141
537012.5.peg.2491.site.7, 0, 134, 134
537012.5.peg.2491.site.8, 0, 134, 134
537012.5.peg.2491.site.9, 0, 133, 133
537012.5.peg.2491.site.10, 2, 131, 133
537012.5.peg.2491.site.11, 3, 133, 136
537012.5.peg.2491.site.12, 2, 130, 132
537012.5.peg.2491.site.13, 1, 130, 131
537012.5.peg.2491.site.14, 7, 129, 136
537012.5.peg.2491.site.15, 1, 130, 131
537012.5.peg.2491.site.16, 6, 131, 137
537012.5.peg.2491.site.17, 1, 130, 131
537012.5.peg.2491.site.18, 1, 130, 131
537012.5.peg.2491.site.19, 6, 130, 136
537012.5.peg.2491.site.20, 6, 130, 136
537012.5.peg.2491.site.21, 17, 130, 147
537012.5.peg.2491.site.22, 4, 133, 137
537012.5.peg.2491.site.23, 6, 133, 139
537012.5.peg.2491.site.24, 1, 134, 135
537012.5.peg.2491.site.25, 1, 134, 135
537012.5.peg.2491.site.26, 4, 133, 137
537012.5.peg.2491.site.27, 1, 134, 135
537012.5.peg.2491.site.28, 4, 132, 136
537012.5.peg.2491.site.29, 4, 132, 136
537012.5.peg.2491.site.30, 11, 132, 143
537012.5.peg.2491.site.31, 6, 134, 140
537012.5.peg.2491.site.32, 35, 132, 167
537012.5.peg.2491.site.33, 4, 132, 136
537012.5.peg.2491.site.34, 1, 134, 135
537012.5.peg.2491.site.35, 4, 132, 136
537012.5.peg.2491.site.36, 10, 131, 141
537012.5.peg.2491.site.37, 4, 131, 135
537012.5.peg.2490.site.1, 49, 128, 177
537012.5.peg.2490.site.2, 17, 128, 145
537012.5.peg.2490.site.3, 90, 126, 216
537012.5.peg.2490.site.4, 1, 130, 131
537012.5.peg.2490.site.5, 0, 129, 129
537012.5.peg.2490.site.6, 24, 130, 154
537012.5.peg.2490.site.7, 40, 129, 169
537012.5.peg.2490.site.8, 72, 129, 201
537012.5.peg.2490.site.9, 22, 131, 153
537012.5.peg.2490.site.10, 60, 130, 190
537012.5.peg.2490.site.11, 1, 131, 132
537012.5.peg.2490.site.12, 25, 133, 158
537012.5.peg.2490.site.13, 6, 134, 140
537012.5.peg.2490.site.14, 17, 134, 151
537012.5.peg.2490.site.15, 1, 132, 133
537012.5.peg.2490.site.16, 3, 132, 135
537012.5.peg.2490.site.17, 10, 133, 143
537012.5.peg.2490.site.18, 7, 134, 141
537012.5.peg.2490.site.19, 4, 132, 136
537012.5.peg.2490.site.20, 49, 132, 181
537012.5.peg.2490.site.21, 14, 133, 147
537012.5.peg.2490.site.22, 9, 133, 142
537012.5.peg.2490.site.23, 37, 131, 168
537012.5.peg.2490.site.24, 37, 133, 170
537012.5.peg.2490.site.25, 64, 130, 194
537012.5.peg.2490.site.26, 64, 134, 198
537012.5.peg.2490.site.27, 11, 132, 143
537012.5.peg.2490.site.28, 16, 134, 150
537012.5.peg.2490.site.29, 6, 134, 140
537012.5.peg.2490.site.30, 10, 134, 144
537012.5.peg.2490.site.31, 4, 132, 136
537012.5.peg.2490.site.32, 4, 133, 137
537012.5.peg.2490.site.33, 4, 132, 136
537012.5.peg.2490.site.34, 4, 133, 137
537012.5.peg.2490.site.35, 1, 133, 134
537012.5.peg.2490.site.36, 6, 132, 138
537012.5.peg.2493.site.1, 26, 130, 156
537012.5.peg.2493.site.2, 16, 129, 145
537012.5.peg.2493.site.3, 16, 128, 144
537012.5.peg.2493.site.4, 10, 129, 139
537012.5.peg.2493.site.5, 6, 129, 135
537012.5.peg.2493.site.6, 6, 130, 136
537012.5.peg.2493.site.7, 77, 129, 206
537012.5.peg.2493.site.8, 7, 129, 136
537012.5.peg.2493.site.9, 0, 130, 130
537012.5.peg.2493.site.10, 8, 129, 137
537012.5.peg.2493.site.11, 8, 130, 138
537012.5.peg.2493.site.12, 1, 130, 131
537012.5.peg.2493.site.13, 1, 130, 131
537012.5.peg.2493.site.14, 1, 130, 131
537012.5.peg.2493.site.15, 1, 129, 130
537012.5.peg.2493.site.16, 11, 130, 141
537012.5.peg.2493.site.17, 17, 129, 146
537012.5.peg.2493.site.18, 10, 130, 140
537012.5.peg.2493.site.19, 1, 128, 129
537012.5.peg.2493.site.20, 3, 129, 132
537012.5.peg.2493.site.21, 0, 128, 128
537012.5.peg.2493.site.22, 1, 128, 129
537012.5.peg.2493.site.23, 6, 129, 135
537012.5.peg.2493.site.24, 1, 129, 130
537012.5.peg.2493.site.25, 1, 128, 129
537012.5.peg.2493.site.26, 10, 129, 139
537012.5.peg.2493.site.27, 10, 129, 139
537012.5.peg.2493.site.28, 1, 129, 130
537012.5.peg.2493.site.29, 22, 127, 149
537012.5.peg.2493.site.30, 1, 130, 131
537012.5.peg.2493.site.31, 9, 129, 138
537012.5.peg.2493.site.32, 15, 130, 145
537012.5.peg.2493.site.33, 3, 130, 133
537012.5.peg.332.site.1, 2, 76, 78
537012.5.peg.332.site.2, 2, 81, 83
537012.5.peg.332.site.3, 2, 81, 83
537012.5.peg.332.site.4, 3, 80, 83
537012.5.peg.332.site.5, 27, 80, 107
537012.5.peg.332.site.6, 2, 83, 85
537012.5.peg.332.site.7, 10, 94, 104
537012.5.peg.332.site.8, 30, 98, 128
537012.5.peg.332.site.9, 3, 81, 84
537012.5.peg.332.site.10, 1, 88, 89
537012.5.peg.332.site.11, 22, 80, 102
537012.5.peg.332.site.12, 4, 74, 78
537012.5.peg.332.site.13, 2, 72, 74
537012.5.peg.332.site.14, 31, 70, 101
537012.5.peg.332.site.15, 6, 71, 77
537012.5.peg.332.site.16, 7, 71, 78
537012.5.peg.332.site.17, 13, 72, 85
537012.5.peg.332.site.18, 14, 72, 86
537012.5.peg.332.site.19, 11, 73, 84
537012.5.peg.2495.site.1, 13, 130, 143
537012.5.peg.2495.site.2, 10, 130, 140
537012.5.peg.2495.site.3, 1, 130, 131
537012.5.peg.2495.site.4, 3, 130, 133
537012.5.peg.2495.site.5, 37, 129, 166
537012.5.peg.2495.site.6, 37, 129, 166
537012.5.peg.2495.site.7, 4, 130, 134
537012.5.peg.2495.site.8, 28, 128, 156
537012.5.peg.2495.site.9, 6, 129, 135
537012.5.peg.2495.site.10, 2, 129, 131
537012.5.peg.2495.site.11, 21, 130, 151
537012.5.peg.2495.site.12, 7, 130, 137
537012.5.peg.2495.site.13, 19, 129, 148
537012.5.peg.2495.site.14, 7, 129, 136
537012.5.peg.2495.site.15, 121, 129, 250
537012.5.peg.2495.site.16, 7, 129, 136
537012.5.peg.2495.site.17, 20, 128, 148
537012.5.peg.2495.site.18, 0, 129, 129
537012.5.peg.2495.site.19, 11, 129, 140
537012.5.peg.2495.site.20, 1, 129, 130
537012.5.peg.2495.site.21, 0, 129, 129
537012.5.peg.2495.site.22, 78, 128, 206
537012.5.peg.2495.site.23, 1, 129, 130
537012.5.peg.2495.site.24, 8, 127, 135
537012.5.peg.2495.site.25, 36, 129, 165
537012.5.peg.2495.site.26, 5, 130, 135
537012.5.peg.2495.site.27, 0, 128, 128
537012.5.peg.2495.site.28, 1, 130, 131
537012.5.peg.2495.site.29, 19, 130, 149
537012.5.peg.2495.site.30, 0, 127, 127
537012.5.peg.2495.site.31, 0, 127, 127
537012.5.peg.2495.site.32, 9, 126, 135
537012.5.peg.2495.site.33, 0, 127, 127
537012.5.peg.2495.site.34, 3, 129, 132
537012.5.peg.2495.site.35, 49, 130, 179
537012.5.peg.2495.site.36, 8, 129, 137
537012.5.peg.2495.site.37, 0, 128, 128
537012.5.peg.2495.site.38, 2, 129, 131
537012.5.peg.2495.site.39, 6, 129, 135
537012.5.peg.2495.site.40, 1, 129, 130
537012.5.peg.2495.site.41, 7, 129, 136
537012.5.peg.2495.site.42, 1, 130, 131
537012.5.peg.2495.site.43, 78, 128, 206
537012.5.peg.2495.site.44, 2, 122, 124
537012.5.peg.2495.site.45, 6, 118, 124
537012.5.peg.2495.site.46, 1, 115, 116
537012.5.peg.2495.site.47, 0, 110, 110
537012.5.peg.2495.site.48, 1, 102, 103
537012.5.peg.2494.site.1, 7, 130, 137
537012.5.peg.2494.site.2, 1, 129, 130
537012.5.peg.2494.site.3, 12, 130, 142
537012.5.peg.2494.site.4, 2, 129, 131
537012.5.peg.2494.site.5, 1, 130, 131
537012.5.peg.2494.site.6, 10, 130, 140
537012.5.peg.2494.site.7, 8, 130, 138
537012.5.peg.2494.site.8, 19, 129, 148
537012.5.peg.2494.site.9, 51, 128, 179
537012.5.peg.2494.site.10, 1, 129, 130
537012.5.peg.2494.site.11, 4, 130, 134
537012.5.peg.2494.site.12, 2, 130, 132
537012.5.peg.2494.site.13, 4, 129, 133
537012.5.peg.2494.site.14, 1, 129, 130
537012.5.peg.2494.site.15, 2, 129, 131
537012.5.peg.2494.site.16, 2, 130, 132
537012.5.peg.2494.site.17, 0, 130, 130
537012.5.peg.2920.site.1, 4, 129, 133
537012.5.peg.2920.site.2, 1, 129, 130
537012.5.peg.2920.site.3, 84, 127, 211
537012.5.peg.2920.site.4, 1, 129, 130
537012.5.peg.2920.site.5, 12, 127, 139
537012.5.peg.2920.site.6, 35, 126, 161
537012.5.peg.2920.site.7, 19, 127, 146
537012.5.peg.2920.site.8, 6, 128, 134
537012.5.peg.2920.site.9, 127, 128, 255
537012.5.peg.2920.site.10, 4, 127, 131
537012.5.peg.2920.site.11, 5, 127, 132
537012.5.peg.2920.site.12, 16, 127, 143
537012.5.peg.2920.site.13, 7, 126, 133
537012.5.peg.2920.site.14, 1, 127, 128
537012.5.peg.2920.site.15, 2, 123, 125
537012.5.peg.2920.site.16, 3, 125, 128
537012.5.peg.2920.site.17, 128, 129, 257
537012.5.peg.2920.site.18, 31, 129, 160
537012.5.peg.2920.site.19, 89, 124, 213
537012.5.peg.2920.site.20, 2, 129, 131
537012.5.peg.2920.site.21, 3, 128, 131
537012.5.peg.2920.site.22, 20, 126, 146
537012.5.peg.2920.site.23, 6, 128, 134
537012.5.peg.2920.site.24, 0, 128, 128
537012.5.peg.2920.site.25, 2, 127, 129
537012.5.peg.2920.site.26, 7, 128, 135
537012.5.peg.2920.site.27, 3, 125, 128
537012.5.peg.2920.site.28, 4, 127, 131
537012.5.peg.2920.site.29, 1, 129, 130
537012.5.peg.2920.site.30, 0, 128, 128
537012.5.peg.2920.site.31, 4, 128, 132
537012.5.peg.2923.site.1, 0, 128, 128
537012.5.peg.2923.site.2, 3, 132, 135
537012.5.peg.2923.site.3, 8, 134, 142
537012.5.peg.2923.site.4, 5, 134, 139
537012.5.peg.2923.site.5, 3, 134, 137
537012.5.peg.2923.site.6, 9, 134, 143
537012.5.peg.2923.site.7, 18, 133, 151
537012.5.peg.2923.site.8, 62, 132, 194
537012.5.peg.2923.site.9, 0, 131, 131
537012.5.peg.2923.site.10, 29, 130, 159
537012.5.peg.2923.site.11, 12, 131, 143
537012.5.peg.2923.site.12, 21, 133, 154
537012.5.peg.2923.site.13, 64, 128, 192
537012.5.peg.2923.site.14, 3, 133, 136
537012.5.peg.2923.site.15, 102, 130, 232
537012.5.peg.2923.site.16, 4, 131, 135
537012.5.peg.2923.site.17, 1, 131, 132
537012.5.peg.2923.site.18, 117, 128, 245
537012.5.peg.2923.site.19, 8, 128, 136
537012.5.peg.2923.site.20, 3, 129, 132
537012.5.peg.2923.site.21, 30, 129, 159
537012.5.peg.2923.site.22, 7, 130, 137
537012.5.peg.2923.site.23, 8, 129, 137
537012.5.peg.2923.site.24, 1, 128, 129
537012.5.peg.2923.site.25, 6, 123, 129
537012.5.peg.2923.site.26, 75, 109, 184
537012.5.peg.2923.site.27, 25, 107, 132
537012.5.peg.2923.site.28, 1, 102, 103
537012.5.peg.2923.site.29, 4, 105, 109
537012.5.peg.2923.site.30, 8, 100, 108
537012.5.peg.2923.site.31, 13, 102, 115
537012.5.peg.2923.site.32, 1, 107, 108
537012.5.peg.2923.site.33, 2, 108, 110
537012.5.peg.2923.site.34, 6, 111, 117
537012.5.peg.2923.site.35, 5, 110, 115
537012.5.peg.2923.site.36, 44, 111, 155
537012.5.peg.2923.site.37, 42, 108, 150
537012.5.peg.2923.site.38, 21, 110, 131
537012.5.peg.2923.site.39, 7, 112, 119
537012.5.peg.2923.site.40, 32, 118, 150
537012.5.peg.2923.site.41, 18, 125, 143
537012.5.peg.2922.site.1, 27, 56, 83
537012.5.peg.2922.site.2, 1, 120, 121
537012.5.peg.2922.site.3, 3, 120, 123
537012.5.peg.2922.site.4, 1, 125, 126
537012.5.peg.2922.site.5, 2, 129, 131
537012.5.peg.2922.site.6, 111, 125, 236
537012.5.peg.2922.site.7, 0, 127, 127
537012.5.peg.2922.site.8, 1, 128, 129
537012.5.peg.2922.site.9, 4, 131, 135
537012.5.peg.2922.site.10, 4, 131, 135
537012.5.peg.2922.site.11, 4, 132, 136
537012.5.peg.2922.site.12, 8, 133, 141
537012.5.peg.2922.site.13, 3, 132, 135
537012.5.peg.2922.site.14, 3, 129, 132
537012.5.peg.2922.site.15, 3, 130, 133
537012.5.peg.2922.site.16, 3, 131, 134
537012.5.peg.2922.site.17, 3, 129, 132
537012.5.peg.2922.site.18, 12, 133, 145
537012.5.peg.2922.site.19, 128, 133, 261
537012.5.peg.2922.site.20, 40, 131, 171
537012.5.peg.2922.site.21, 79, 130, 209
537012.5.peg.2922.site.22, 1, 133, 134
537012.5.peg.2922.site.23, 0, 133, 133
537012.5.peg.2922.site.24, 10, 133, 143
537012.5.peg.2922.site.25, 19, 131, 150
537012.5.peg.2922.site.26, 6, 133, 139
537012.5.peg.2922.site.27, 57, 133, 190
537012.5.peg.2922.site.28, 2, 133, 135
537012.5.peg.2922.site.29, 6, 132, 138
537012.5.peg.2922.site.30, 3, 133, 136
537012.5.peg.2922.site.31, 2, 133, 135
537012.5.peg.2922.site.32, 2, 132, 134
537012.5.peg.2922.site.33, 8, 133, 141
537012.5.peg.2922.site.34, 12, 131, 143
537012.5.peg.2922.site.35, 5, 132, 137
537012.5.peg.2922.site.36, 1, 132, 133
537012.5.peg.2922.site.37, 0, 132, 132
537012.5.peg.2922.site.38, 24, 130, 154
537012.5.peg.2922.site.39, 1, 129, 130
537012.5.peg.2922.site.40, 4, 129, 133
537012.5.peg.2922.site.41, 0, 130, 130
537012.5.peg.2922.site.42, 25, 131, 156
537012.5.peg.2922.site.43, 1, 130, 131
537012.5.peg.2922.site.44, 38, 130, 168
537012.5.peg.2922.site.45, 1, 130, 131
537012.5.peg.2922.site.46, 5, 127, 132
537012.5.peg.2922.site.47, 7, 130, 137
537012.5.peg.2922.site.48, 4, 130, 134
537012.5.peg.2922.site.49, 3, 128, 131
537012.5.peg.2922.site.50, 69, 122, 191
537012.5.peg.2924.site.1, 1, 124, 125
537012.5.peg.2924.site.2, 8, 128, 136
537012.5.peg.2924.site.3, 1, 131, 132
537012.5.peg.2924.site.4, 1, 132, 133
537012.5.peg.2924.site.5, 39, 132, 171
537012.5.peg.2924.site.6, 3, 129, 132
537012.5.peg.2924.site.7, 6, 129, 135
537012.5.peg.2924.site.8, 6, 129, 135
537012.5.peg.2924.site.9, 1, 128, 129
537012.5.peg.2924.site.10, 36, 128, 164
537012.5.peg.2924.site.11, 1, 126, 127
537012.5.peg.2924.site.12, 8, 128, 136
537012.5.peg.2924.site.13, 7, 125, 132
537012.5.peg.2924.site.14, 27, 128, 155
537012.5.peg.2924.site.15, 3, 130, 133
537012.5.peg.2924.site.16, 3, 129, 132
537012.5.peg.2924.site.17, 3, 128, 131
537012.5.peg.2924.site.18, 5, 130, 135
537012.5.peg.2924.site.19, 36, 130, 166
537012.5.peg.2924.site.20, 32, 127, 159
537012.5.peg.2924.site.21, 1, 129, 130
537012.5.peg.2924.site.22, 7, 128, 135
537012.5.peg.2924.site.23, 6, 126, 132
537012.5.peg.2924.site.24, 2, 124, 126
537012.5.peg.2924.site.25, 1, 111, 112
537012.5.peg.2924.site.26, 41, 100, 141
537012.5.peg.2924.site.27, 0, 97, 97
537012.5.peg.2924.site.28, 7, 85, 92
537012.5.peg.2924.site.29, 22, 80, 102
537012.5.peg.2924.site.30, 0, 84, 84
537012.5.peg.2924.site.31, 1, 86, 87
537012.5.peg.2924.site.32, 84, 88, 172
537012.5.peg.2924.site.33, 58, 93, 151
537012.5.peg.2927.site.1, 2, 132, 134
537012.5.peg.2927.site.2, 9, 133, 142
537012.5.peg.2927.site.3, 1, 134, 135
537012.5.peg.2927.site.4, 1, 134, 135
537012.5.peg.2927.site.5, 3, 134, 137
537012.5.peg.2927.site.6, 2, 134, 136
537012.5.peg.2927.site.7, 9, 134, 143
537012.5.peg.2927.site.8, 3, 134, 137
537012.5.peg.2927.site.9, 4, 132, 136
537012.5.peg.2927.site.10, 2, 134, 136
537012.5.peg.2927.site.11, 1, 134, 135
537012.5.peg.2927.site.12, 1, 134, 135
537012.5.peg.2927.site.13, 2, 133, 135
537012.5.peg.2927.site.14, 1, 133, 134
537012.5.peg.2927.site.15, 12, 134, 146
537012.5.peg.2927.site.16, 1, 133, 134
537012.5.peg.2927.site.17, 3, 134, 137
537012.5.peg.2927.site.18, 14, 134, 148
537012.5.peg.2927.site.19, 3, 134, 137
537012.5.peg.2927.site.20, 43, 133, 176
537012.5.peg.2927.site.21, 15, 134, 149
537012.5.peg.2927.site.22, 46, 133, 179
537012.5.peg.2927.site.23, 1, 134, 135
537012.5.peg.2927.site.24, 13, 134, 147
537012.5.peg.2927.site.25, 78, 129, 207
537012.5.peg.2926.site.1, 1, 106, 107
537012.5.peg.2926.site.2, 0, 114, 114
537012.5.peg.2926.site.3, 1, 111, 112
537012.5.peg.2926.site.4, 24, 88, 112
537012.5.peg.2926.site.5, 1, 83, 84
537012.5.peg.2926.site.6, 33, 80, 113
537012.5.peg.2926.site.7, 38, 80, 118
537012.5.peg.2926.site.8, 39, 80, 119
537012.5.peg.2926.site.9, 11, 92, 103
537012.5.peg.2926.site.10, 2, 98, 100
537012.5.peg.2926.site.11, 1, 105, 106
537012.5.peg.2926.site.12, 2, 103, 105
537012.5.peg.2926.site.13, 0, 105, 105
537012.5.peg.2926.site.14, 86, 102, 188
537012.5.peg.2926.site.15, 64, 101, 165
537012.5.peg.2926.site.16, 2, 111, 113
537012.5.peg.2926.site.17, 25, 130, 155
537012.5.peg.2926.site.18, 1, 133, 134
537012.5.peg.2926.site.19, 4, 131, 135
537012.5.peg.2926.site.20, 9, 133, 142
537012.5.peg.2926.site.21, 3, 131, 134
537012.5.peg.2926.site.22, 1, 130, 131
537012.5.peg.2926.site.23, 1, 130, 131
537012.5.peg.2926.site.24, 6, 127, 133
537012.5.peg.2926.site.25, 91, 126, 217
537012.5.peg.2926.site.26, 8, 129, 137
537012.5.peg.2926.site.27, 40, 128, 168
537012.5.peg.2926.site.28, 2, 130, 132
537012.5.peg.2926.site.29, 2, 132, 134
537012.5.peg.2926.site.30, 81, 132, 213
537012.5.peg.2926.site.31, 3, 132, 135
537012.5.peg.2926.site.32, 18, 131, 149
537012.5.peg.2926.site.33, 11, 134, 145
537012.5.peg.2926.site.34, 23, 133, 156
537012.5.peg.2926.site.35, 3, 134, 137
537012.5.peg.2926.site.36, 1, 134, 135
537012.5.peg.2929.site.1, 44, 124, 168
537012.5.peg.2929.site.2, 3, 123, 126
537012.5.peg.2929.site.3, 12, 124, 136
537012.5.peg.2929.site.4, 39, 130, 169
537012.5.peg.2929.site.5, 5, 134, 139
537012.5.peg.2929.site.6, 4, 132, 136
537012.5.peg.2929.site.7, 3, 125, 128
537012.5.peg.2929.site.8, 106, 119, 225
537012.5.peg.2929.site.9, 0, 117, 117
537012.5.peg.2929.site.10, 5, 109, 114
537012.5.peg.2929.site.11, 65, 130, 195
537012.5.peg.2929.site.12, 22, 132, 154
537012.5.peg.2929.site.13, 39, 133, 172
537012.5.peg.2929.site.14, 31, 131, 162
537012.5.peg.2929.site.15, 26, 132, 158
537012.5.peg.2929.site.16, 21, 133, 154
537012.5.peg.2929.site.17, 5, 134, 139
537012.5.peg.2929.site.18, 3, 134, 137
537012.5.peg.2929.site.19, 3, 133, 136
537012.5.peg.2929.site.20, 3, 133, 136
537012.5.peg.2929.site.21, 1, 134, 135
537012.5.peg.2929.site.22, 52, 133, 185
537012.5.peg.2929.site.23, 1, 134, 135
537012.5.peg.2929.site.24, 7, 134, 141
537012.5.peg.2929.site.25, 1, 134, 135
537012.5.peg.2929.site.26, 61, 133, 194
537012.5.peg.2929.site.27, 3, 133, 136
537012.5.peg.2929.site.28, 4, 133, 137
537012.5.peg.2929.site.29, 51, 132, 183
537012.5.peg.2929.site.30, 4, 132, 136
537012.5.peg.2929.site.31, 104, 133, 237
537012.5.peg.2929.site.32, 24, 132, 156
537012.5.peg.2929.site.33, 30, 132, 162
537012.5.peg.2929.site.34, 14, 127, 141
537012.5.peg.2929.site.35, 1, 128, 129
537012.5.peg.2929.site.36, 0, 127, 127
537012.5.peg.2929.site.37, 6, 126, 132
537012.5.peg.2929.site.38, 0, 126, 126
537012.5.peg.2929.site.39, 6, 116, 122
537012.5.peg.2929.site.40, 24, 99, 123
537012.5.peg.2929.site.41, 2, 99, 101
537012.5.peg.2929.site.42, 64, 98, 162
537012.5.peg.2929.site.43, 8, 95, 103
537012.5.peg.2929.site.44, 31, 87, 118
537012.5.peg.2929.site.45, 15, 86, 101
537012.5.peg.2928.site.1, 3, 133, 136
537012.5.peg.2928.site.2, 44, 129, 173
537012.5.peg.2928.site.3, 26, 133, 159
537012.5.peg.2928.site.4, 1, 134, 135
537012.5.peg.2928.site.5, 1, 134, 135
537012.5.peg.2928.site.6, 1, 134, 135
537012.5.peg.2928.site.7, 4, 132, 136
537012.5.peg.2928.site.8, 0, 133, 133
537012.5.peg.2928.site.9, 13, 134, 147
537012.5.peg.2928.site.10, 10, 134, 144
537012.5.peg.2928.site.11, 0, 133, 133
537012.5.peg.2928.site.12, 7, 131, 138
537012.5.peg.2928.site.13, 14, 130, 144
537012.5.peg.2928.site.14, 14, 129, 143
537012.5.peg.2928.site.15, 1, 130, 131
537012.5.peg.2928.site.16, 4, 131, 135
537012.5.peg.2928.site.17, 27, 134, 161
537012.5.peg.2928.site.18, 3, 134, 137
537012.5.peg.2928.site.19, 44, 133, 177
537012.5.peg.2928.site.20, 67, 132, 199
537012.5.peg.2928.site.21, 9, 134, 143
537012.5.peg.2928.site.22, 1, 134, 135
537012.5.peg.2928.site.23, 17, 132, 149
537012.5.peg.2928.site.24, 17, 132, 149
537012.5.peg.2928.site.25, 13, 132, 145
537012.5.peg.2928.site.26, 9, 134, 143
537012.5.peg.3816.site.1, 4, 124, 128
537012.5.peg.3816.site.2, 3, 127, 130
537012.5.peg.3816.site.3, 1, 127, 128
537012.5.peg.3816.site.4, 2, 123, 125
537012.5.peg.3816.site.5, 36, 122, 158
537012.5.peg.3816.site.6, 3, 123, 126
537012.5.peg.3816.site.7, 2, 123, 125
537012.5.peg.3816.site.8, 8, 122, 130
537012.5.peg.3816.site.9, 0, 122, 122
537012.5.peg.3816.site.10, 1, 127, 128
537012.5.peg.3816.site.11, 3, 125, 128
537012.5.peg.3816.site.12, 17, 126, 143
537012.5.peg.3816.site.13, 63, 123, 186
537012.5.peg.3816.site.14, 8, 126, 134
537012.5.peg.3816.site.15, 53, 126, 179
537012.5.peg.3816.site.16, 3, 127, 130
537012.5.peg.3816.site.17, 41, 122, 163
537012.5.peg.3816.site.18, 6, 127, 133
537012.5.peg.3816.site.19, 1, 126, 127
537012.5.peg.3816.site.20, 13, 127, 140
537012.5.peg.3816.site.21, 1, 127, 128
537012.5.peg.3816.site.22, 90, 125, 215
537012.5.peg.3816.site.23, 81, 124, 205
537012.5.peg.3816.site.24, 31, 126, 157
537012.5.peg.3816.site.25, 3, 127, 130
537012.5.peg.3816.site.26, 51, 126, 177
537012.5.peg.3816.site.27, 16, 126, 142
537012.5.peg.3816.site.28, 59, 126, 185
537012.5.peg.3816.site.29, 2, 127, 129
537012.5.peg.3816.site.30, 3, 127, 130
537012.5.peg.3816.site.31, 1, 127, 128
537012.5.peg.3816.site.32, 2, 127, 129
537012.5.peg.3817.site.1, 17, 126, 143
537012.5.peg.3817.site.2, 118, 127, 245
537012.5.peg.3817.site.3, 3, 126, 129
537012.5.peg.3817.site.4, 3, 127, 130
537012.5.peg.3817.site.5, 1, 126, 127
537012.5.peg.3817.site.6, 3, 127, 130
537012.5.peg.3817.site.7, 0, 127, 127
537012.5.peg.3817.site.8, 12, 127, 139
537012.5.peg.3817.site.9, 5, 127, 132
537012.5.peg.3817.site.10, 6, 126, 132
537012.5.peg.3817.site.11, 1, 126, 127
537012.5.peg.3817.site.12, 21, 127, 148
537012.5.peg.3814.site.1, 2, 132, 134
537012.5.peg.3814.site.2, 114, 132, 246
537012.5.peg.3814.site.3, 15, 132, 147
537012.5.peg.3814.site.4, 5, 133, 138
537012.5.peg.3814.site.5, 1, 133, 134
537012.5.peg.3814.site.6, 36, 131, 167
537012.5.peg.3814.site.7, 1, 130, 131
537012.5.peg.3814.site.8, 4, 127, 131
537012.5.peg.3814.site.9, 5, 119, 124
537012.5.peg.3814.site.10, 83, 121, 204
537012.5.peg.3814.site.11, 3, 130, 133
537012.5.peg.3814.site.12, 18, 128, 146
537012.5.peg.3814.site.13, 2, 128, 130
537012.5.peg.3814.site.14, 31, 123, 154
537012.5.peg.3814.site.15, 24, 122, 146
537012.5.peg.3814.site.16, 3, 126, 129
537012.5.peg.3814.site.17, 123, 125, 248
537012.5.peg.3814.site.18, 86, 126, 212
537012.5.peg.3814.site.19, 7, 127, 134
537012.5.peg.3814.site.20, 8, 121, 129
537012.5.peg.3812.site.1, 3, 134, 137
537012.5.peg.3812.site.2, 7, 134, 141
537012.5.peg.3812.site.3, 6, 134, 140
537012.5.peg.3812.site.4, 78, 133, 211
537012.5.peg.3812.site.5, 1, 134, 135
537012.5.peg.3812.site.6, 10, 133, 143
537012.5.peg.3812.site.7, 14, 127, 141
537012.5.peg.3812.site.8, 9, 131, 140
537012.5.peg.3812.site.9, 3, 133, 136
537012.5.peg.3812.site.10, 0, 132, 132
537012.5.peg.3812.site.11, 30, 131, 161
537012.5.peg.3812.site.12, 2, 131, 133
537012.5.peg.3812.site.13, 3, 131, 134
537012.5.peg.3812.site.14, 4, 130, 134
537012.5.peg.3812.site.15, 5, 134, 139
537012.5.peg.3812.site.16, 5, 133, 138
537012.5.peg.3812.site.17, 3, 134, 137
537012.5.peg.3812.site.18, 5, 134, 139
537012.5.peg.3812.site.19, 1, 130, 131
537012.5.peg.3812.site.20, 9, 129, 138
537012.5.peg.3812.site.21, 2, 131, 133
537012.5.peg.3812.site.22, 36, 131, 167
537012.5.peg.3812.site.23, 0, 134, 134
537012.5.peg.3812.site.24, 31, 134, 165
537012.5.peg.3812.site.25, 1, 134, 135
537012.5.peg.3812.site.26, 15, 132, 147
537012.5.peg.3812.site.27, 1, 133, 134
537012.5.peg.3812.site.28, 1, 134, 135
537012.5.peg.3812.site.29, 2, 134, 136
537012.5.peg.3812.site.30, 1, 132, 133
537012.5.peg.3812.site.31, 1, 133, 134
537012.5.peg.3812.site.32, 67, 129, 196
537012.5.peg.3812.site.33, 9, 122, 131
537012.5.peg.3812.site.34, 2, 120, 122
537012.5.peg.3812.site.35, 1, 123, 124
537012.5.peg.3813.site.1, 12, 133, 145
537012.5.peg.3813.site.2, 4, 133, 137
537012.5.peg.3813.site.3, 32, 133, 165
537012.5.peg.3813.site.4, 1, 134, 135
537012.5.peg.3813.site.5, 1, 134, 135
537012.5.peg.3813.site.6, 3, 132, 135
537012.5.peg.3813.site.7, 29, 133, 162
537012.5.peg.3813.site.8, 29, 133, 162
537012.5.peg.3813.site.9, 1, 134, 135
537012.5.peg.3813.site.10, 1, 134, 135
537012.5.peg.3813.site.11, 23, 134, 157
537012.5.peg.3813.site.12, 14, 132, 146
537012.5.peg.3813.site.13, 1, 134, 135
537012.5.peg.3813.site.14, 15, 133, 148
537012.5.peg.3813.site.15, 0, 134, 134
537012.5.peg.3813.site.16, 5, 134, 139
537012.5.peg.3810.site.1, 0, 134, 134
537012.5.peg.3810.site.2, 4, 132, 136
537012.5.peg.3810.site.3, 72, 133, 205
537012.5.peg.3810.site.4, 50, 133, 183
537012.5.peg.3810.site.5, 5, 134, 139
537012.5.peg.3810.site.6, 1, 134, 135
537012.5.peg.3810.site.7, 0, 134, 134
537012.5.peg.3810.site.8, 16, 133, 149
537012.5.peg.3810.site.9, 9, 134, 143
537012.5.peg.3810.site.10, 1, 133, 134
537012.5.peg.3810.site.11, 1, 134, 135
537012.5.peg.3810.site.12, 0, 134, 134
537012.5.peg.3811.site.1, 1, 134, 135
537012.5.peg.3811.site.2, 1, 134, 135
537012.5.peg.3811.site.3, 34, 134, 168
537012.5.peg.3811.site.4, 15, 133, 148
537012.5.peg.3811.site.5, 4, 132, 136
537012.5.peg.3811.site.6, 33, 131, 164
537012.5.peg.3811.site.7, 0, 134, 134
537012.5.peg.3811.site.8, 1, 134, 135
537012.5.peg.3811.site.9, 3, 134, 137
537012.5.peg.3811.site.10, 8, 132, 140
537012.5.peg.3811.site.11, 14, 134, 148
537012.5.peg.3811.site.12, 4, 132, 136
537012.5.peg.3811.site.13, 3, 134, 137
537012.5.peg.3811.site.14, 1, 134, 135
537012.5.peg.3811.site.15, 5, 134, 139
537012.5.peg.3811.site.16, 0, 134, 134
537012.5.peg.3819.site.1, 0, 128, 128
537012.5.peg.3819.site.2, 3, 129, 132
537012.5.peg.3819.site.3, 33, 129, 162
537012.5.peg.3819.site.4, 3, 130, 133
537012.5.peg.3819.site.5, 24, 131, 155
537012.5.peg.3819.site.6, 2, 132, 134
537012.5.peg.3819.site.7, 2, 133, 135
537012.5.peg.3819.site.8, 1, 132, 133
537012.5.peg.3819.site.9, 4, 133, 137
537012.5.peg.3819.site.10, 14, 132, 146
537012.5.peg.3819.site.11, 4, 131, 135
537012.5.peg.3819.site.12, 1, 133, 134
537012.5.peg.3819.site.13, 2, 130, 132
537012.5.peg.3819.site.14, 4, 128, 132
537012.5.peg.3819.site.15, 3, 127, 130
537012.5.peg.3819.site.16, 15, 128, 143
537012.5.peg.3819.site.17, 1, 128, 129
537012.5.peg.3819.site.18, 4, 128, 132
537012.5.peg.3819.site.19, 20, 127, 147
537012.5.peg.3819.site.20, 3, 127, 130
537012.5.peg.3819.site.21, 11, 127, 138
537012.5.peg.3819.site.22, 115, 126, 241
537012.5.peg.3819.site.23, 10, 125, 135
537012.5.peg.3819.site.24, 4, 125, 129
537012.5.peg.3819.site.25, 9, 125, 134
537012.5.peg.3819.site.26, 0, 125, 125
537012.5.peg.3819.site.27, 4, 127, 131
537012.5.peg.3819.site.28, 1, 122, 123
537012.5.peg.3819.site.29, 3, 128, 131
537012.5.peg.3819.site.30, 2, 129, 131
537012.5.peg.3819.site.31, 13, 124, 137
537012.5.peg.3819.site.32, 14, 125, 139
537012.5.peg.3819.site.33, 5, 124, 129
537012.5.peg.3819.site.34, 4, 124, 128
537012.5.peg.3819.site.35, 44, 126, 170
537012.5.peg.3819.site.36, 0, 92, 92
537012.5.peg.3819.site.37, 0, 111, 111
537012.5.peg.3819.site.38, 0, 120, 120
537012.5.peg.3819.site.39, 3, 123, 126
537012.5.peg.3819.site.40, 123, 125, 248
537012.5.peg.3819.site.41, 20, 127, 147
537012.5.peg.3819.site.42, 3, 130, 133
537012.5.peg.3819.site.43, 4, 129, 133
537012.5.peg.3819.site.44, 9, 131, 140
537012.5.peg.3819.site.45, 10, 131, 141
537012.5.peg.3819.site.46, 53, 129, 182
537012.5.peg.3819.site.47, 5, 129, 134
537012.5.peg.3819.site.48, 1, 133, 134
537012.5.peg.3819.site.49, 53, 130, 183
537012.5.peg.3819.site.50, 3, 130, 133
537012.5.peg.3819.site.51, 3, 132, 135
537012.5.peg.3819.site.52, 3, 128, 131
537012.5.peg.3819.site.53, 9, 128, 137
537012.5.peg.3819.site.54, 76, 129, 205
537012.5.peg.3819.site.55, 0, 131, 131
537012.5.peg.3819.site.56, 27, 129, 156
537012.5.peg.3819.site.57, 2, 128, 130
537012.5.peg.3819.site.58, 2, 127, 129
537012.5.peg.3819.site.59, 1, 128, 129
537012.5.peg.3819.site.60, 4, 126, 130
537012.5.peg.3819.site.61, 2, 123, 125
537012.5.peg.3819.site.62, 3, 125, 128
537012.5.peg.3819.site.63, 6, 126, 132
537012.5.peg.3819.site.64, 24, 126, 150
537012.5.peg.3819.site.65, 124, 126, 250
537012.5.peg.3819.site.66, 4, 125, 129
537012.5.peg.3819.site.67, 25, 124, 149
537012.5.peg.3819.site.68, 1, 130, 131
537012.5.peg.3819.site.69, 4, 129, 133
537012.5.peg.3819.site.70, 3, 130, 133
537012.5.peg.3819.site.71, 3, 131, 134
537012.5.peg.3819.site.72, 53, 125, 178
537012.5.peg.3819.site.73, 2, 131, 133
537012.5.peg.3819.site.74, 9, 127, 136
537012.5.peg.3819.site.75, 3, 130, 133
537012.5.peg.3819.site.76, 118, 127, 245
537012.5.peg.3819.site.77, 3, 130, 133
537012.5.peg.3819.site.78, 1, 131, 132
537012.5.peg.3819.site.79, 0, 132, 132
537012.5.peg.3819.site.80, 30, 130, 160
537012.5.peg.3819.site.81, 4, 130, 134
537012.5.peg.3819.site.82, 1, 132, 133
537012.5.peg.3819.site.83, 9, 132, 141
537012.5.peg.3034.site.1, 4, 56, 60
537012.5.peg.3034.site.2, 2, 54, 56
537012.5.peg.3034.site.3, 9, 123, 132
537012.5.peg.3034.site.4, 8, 123, 131
537012.5.peg.3034.site.5, 35, 128, 163
537012.5.peg.3034.site.6, 5, 130, 135
537012.5.peg.3034.site.7, 68, 131, 199
537012.5.peg.3034.site.8, 1, 132, 133
537012.5.peg.3034.site.9, 0, 129, 129
537012.5.peg.3034.site.10, 7, 127, 134
537012.5.peg.3034.site.11, 2, 127, 129
537012.5.peg.3034.site.12, 1, 127, 128
537012.5.peg.3034.site.13, 1, 126, 127
537012.5.peg.3034.site.14, 3, 129, 132
537012.5.peg.3034.site.15, 1, 128, 129
537012.5.peg.3034.site.16, 3, 129, 132
537012.5.peg.3034.site.17, 0, 133, 133
537012.5.peg.3034.site.18, 21, 134, 155
537012.5.peg.3034.site.19, 128, 130, 258
537012.5.peg.3034.site.20, 106, 121, 227
537012.5.peg.3034.site.21, 33, 111, 144
537012.5.peg.3034.site.22, 10, 98, 108
537012.5.peg.3034.site.23, 3, 95, 98
537012.5.peg.3034.site.24, 22, 85, 107
537012.5.peg.3034.site.25, 13, 67, 80
537012.5.peg.3034.site.26, 13, 67, 80
537012.5.peg.3034.site.27, 12, 70, 82
537012.5.peg.3034.site.28, 33, 94, 127
537012.5.peg.3034.site.29, 42, 94, 136
537012.5.peg.3034.site.30, 5, 133, 138
537012.5.peg.3034.site.31, 1, 134, 135
537012.5.peg.3034.site.32, 26, 132, 158
537012.5.peg.3034.site.33, 5, 134, 139
537012.5.peg.3034.site.34, 6, 134, 140
537012.5.peg.3034.site.35, 0, 134, 134
537012.5.peg.3034.site.36, 4, 134, 138
537012.5.peg.3034.site.37, 3, 134, 137
537012.5.peg.3034.site.38, 9, 134, 143
537012.5.peg.3034.site.39, 15, 133, 148
537012.5.peg.3034.site.40, 0, 133, 133
537012.5.peg.3034.site.41, 1, 133, 134
537012.5.peg.3034.site.42, 11, 134, 145
537012.5.peg.3034.site.43, 6, 131, 137
537012.5.peg.3034.site.44, 6, 131, 137
537012.5.peg.3034.site.45, 4, 132, 136
537012.5.peg.3034.site.46, 0, 133, 133
537012.5.peg.3034.site.47, 27, 133, 160
537012.5.peg.3034.site.48, 6, 131, 137
537012.5.peg.3034.site.49, 10, 129, 139
537012.5.peg.3034.site.50, 5, 130, 135
537012.5.peg.3034.site.51, 2, 130, 132
537012.5.peg.3034.site.52, 4, 129, 133
537012.5.peg.3034.site.53, 4, 129, 133
537012.5.peg.3034.site.54, 2, 129, 131
537012.5.peg.3034.site.55, 3, 130, 133
537012.5.peg.3034.site.56, 30, 128, 158
537012.5.peg.3034.site.57, 3, 130, 133
537012.5.peg.3034.site.58, 3, 130, 133
537012.5.peg.3034.site.59, 2, 131, 133
537012.5.peg.3034.site.60, 2, 133, 135
537012.5.peg.3034.site.61, 8, 133, 141
537012.5.peg.3034.site.62, 2, 133, 135
537012.5.peg.3034.site.63, 3, 134, 137
537012.5.peg.3034.site.64, 9, 134, 143
537012.5.peg.3034.site.65, 1, 134, 135
537012.5.peg.3034.site.66, 13, 132, 145
537012.5.peg.3034.site.67, 7, 134, 141
537012.5.peg.3034.site.68, 5, 133, 138
537012.5.peg.3034.site.69, 11, 133, 144
537012.5.peg.3034.site.70, 7, 134, 141
537012.5.peg.3034.site.71, 1, 122, 123
537012.5.peg.3034.site.72, 1, 121, 122
537012.5.peg.3034.site.73, 5, 120, 125
537012.5.peg.3034.site.74, 4, 112, 116
537012.5.peg.3034.site.75, 0, 93, 93
537012.5.peg.3034.site.76, 43, 77, 120
537012.5.peg.3034.site.77, 41, 67, 108
537012.5.peg.3034.site.78, 59, 64, 123
537012.5.peg.3034.site.79, 35, 109, 144
537012.5.peg.3034.site.80, 4, 99, 103
537012.5.peg.3034.site.81, 1, 133, 134
537012.5.peg.3034.site.82, 12, 134, 146
537012.5.peg.3035.site.1, 23, 122, 145
537012.5.peg.3035.site.2, 2, 124, 126
537012.5.peg.3035.site.3, 6, 123, 129
537012.5.peg.3035.site.4, 41, 123, 164
537012.5.peg.3035.site.5, 25, 121, 146
537012.5.peg.3035.site.6, 23, 121, 144
537012.5.peg.3035.site.7, 57, 121, 178
537012.5.peg.3035.site.8, 6, 124, 130
537012.5.peg.3035.site.9, 8, 124, 132
537012.5.peg.3035.site.10, 24, 121, 145
537012.5.peg.3035.site.11, 33, 123, 156
537012.5.peg.3035.site.12, 6, 124, 130
537012.5.peg.3035.site.13, 1, 124, 125
537012.5.peg.3035.site.14, 3, 123, 126
537012.5.peg.3035.site.15, 1, 124, 125
537012.5.peg.3035.site.16, 1, 124, 125
537012.5.peg.3036.site.1, 3, 116, 119
537012.5.peg.3036.site.2, 0, 113, 113
537012.5.peg.3036.site.3, 12, 114, 126
537012.5.peg.3036.site.4, 3, 112, 115
537012.5.peg.3036.site.5, 0, 112, 112
537012.5.peg.3036.site.6, 36, 112, 148
537012.5.peg.3036.site.7, 16, 109, 125
537012.5.peg.3036.site.8, 2, 111, 113
537012.5.peg.3036.site.9, 3, 109, 112
537012.5.peg.3036.site.10, 29, 112, 141
537012.5.peg.3036.site.11, 2, 110, 112
537012.5.peg.3036.site.12, 3, 111, 114
537012.5.peg.3036.site.13, 1, 118, 119
537012.5.peg.3036.site.14, 13, 123, 136
537012.5.peg.3036.site.15, 6, 121, 127
537012.5.peg.3036.site.16, 0, 120, 120
537012.5.peg.3036.site.17, 0, 118, 118
537012.5.peg.3036.site.18, 1, 117, 118
537012.5.peg.3036.site.19, 0, 120, 120
537012.5.peg.3036.site.20, 1, 119, 120
537012.5.peg.3036.site.21, 1, 114, 115
537012.5.peg.3036.site.22, 2, 113, 115
537012.5.peg.3036.site.23, 0, 112, 112
537012.5.peg.3036.site.24, 12, 110, 122
537012.5.peg.3036.site.25, 14, 114, 128
537012.5.peg.3036.site.26, 17, 117, 134
537012.5.peg.3036.site.27, 0, 119, 119
537012.5.peg.3036.site.28, 1, 121, 122
537012.5.peg.3036.site.29, 2, 121, 123
537012.5.peg.3036.site.30, 1, 121, 122
537012.5.peg.3036.site.31, 0, 119, 119
537012.5.peg.3036.site.32, 1, 121, 122
537012.5.peg.3036.site.33, 1, 120, 121
537012.5.peg.3036.site.34, 2, 118, 120
537012.5.peg.3036.site.35, 0, 114, 114
537012.5.peg.3036.site.36, 14, 114, 128
537012.5.peg.3036.site.37, 2, 116, 118
537012.5.peg.3036.site.38, 0, 115, 115
537012.5.peg.3036.site.39, 0, 111, 111
537012.5.peg.3036.site.40, 1, 111, 112
537012.5.peg.3036.site.41, 2, 110, 112
537012.5.peg.3036.site.42, 1, 111, 112
537012.5.peg.3036.site.43, 12, 110, 122
537012.5.peg.3036.site.44, 0, 112, 112
537012.5.peg.3036.site.45, 1, 118, 119
537012.5.peg.3036.site.46, 1, 120, 121
537012.5.peg.3036.site.47, 2, 120, 122
537012.5.peg.3036.site.48, 0, 121, 121
537012.5.peg.3036.site.49, 1, 123, 124
537012.5.peg.3033.site.1, 4, 45, 49
537012.5.peg.3033.site.2, 0, 46, 46
537012.5.peg.3033.site.3, 1, 44, 45
537012.5.peg.3033.site.4, 21, 125, 146
537012.5.peg.3033.site.5, 55, 126, 181
537012.5.peg.3033.site.6, 1, 126, 127
537012.5.peg.3033.site.7, 18, 123, 141
537012.5.peg.3033.site.8, 11, 125, 136
537012.5.peg.3033.site.9, 29, 126, 155
537012.5.peg.3033.site.10, 10, 131, 141
537012.5.peg.3033.site.11, 79, 133, 212
537012.5.peg.3033.site.12, 0, 131, 131
537012.5.peg.3033.site.13, 49, 132, 181
537012.5.peg.3033.site.14, 5, 132, 137
537012.5.peg.3033.site.15, 2, 127, 129
537012.5.peg.3033.site.16, 0, 127, 127
537012.5.peg.3033.site.17, 7, 127, 134
537012.5.peg.3033.site.18, 55, 125, 180
537012.5.peg.3033.site.19, 99, 124, 223
537012.5.peg.3033.site.20, 3, 127, 130
537012.5.peg.3033.site.21, 5, 126, 131
537012.5.peg.3033.site.22, 76, 121, 197
537012.5.peg.3033.site.23, 53, 122, 175
537012.5.peg.3033.site.24, 25, 125, 150
537012.5.peg.3033.site.25, 21, 127, 148
537012.5.peg.3033.site.26, 22, 127, 149
537012.5.peg.3033.site.27, 22, 127, 149
537012.5.peg.3033.site.28, 31, 127, 158
537012.5.peg.3033.site.29, 31, 127, 158
537012.5.peg.3033.site.30, 1, 127, 128
537012.5.peg.3033.site.31, 3, 126, 129
537012.5.peg.3033.site.32, 19, 127, 146
537012.5.peg.3033.site.33, 9, 127, 136
537012.5.peg.3033.site.34, 0, 127, 127
537012.5.peg.3033.site.35, 2, 127, 129
537012.5.peg.3033.site.36, 37, 127, 164
537012.5.peg.3033.site.37, 61, 127, 188
537012.5.peg.3033.site.38, 7, 126, 133
537012.5.peg.3033.site.39, 2, 125, 127
537012.5.peg.3033.site.40, 6, 127, 133
537012.5.peg.3033.site.41, 13, 127, 140
537012.5.peg.3033.site.42, 2, 126, 128
537012.5.peg.3033.site.43, 2, 126, 128
537012.5.peg.3033.site.44, 3, 125, 128
537012.5.peg.3033.site.45, 5, 126, 131
537012.5.peg.3033.site.46, 5, 126, 131
537012.5.peg.3033.site.47, 1, 126, 127
537012.5.peg.3033.site.48, 4, 127, 131
537012.5.peg.3033.site.49, 2, 127, 129
537012.5.peg.3033.site.50, 8, 127, 135
537012.5.peg.3033.site.51, 4, 126, 130
537012.5.peg.4707.site.1, 69, 134, 203
537012.5.peg.4707.site.2, 80, 133, 213
537012.5.peg.4707.site.3, 72, 133, 205
537012.5.peg.4707.site.4, 1, 134, 135
537012.5.peg.4707.site.5, 13, 132, 145
537012.5.peg.4707.site.6, 3, 130, 133
537012.5.peg.4707.site.7, 23, 129, 152
537012.5.peg.4707.site.8, 6, 129, 135
537012.5.peg.4707.site.9, 1, 130, 131
537012.5.peg.4707.site.10, 7, 133, 140
537012.5.peg.4707.site.11, 7, 133, 140
537012.5.peg.4707.site.12, 11, 133, 144
537012.5.peg.4707.site.13, 34, 132, 166
537012.5.peg.4707.site.14, 1, 134, 135
537012.5.peg.4706.site.1, 4, 127, 131
537012.5.peg.4706.site.2, 2, 129, 131
537012.5.peg.4706.site.3, 5, 131, 136
537012.5.peg.4706.site.4, 2, 131, 133
537012.5.peg.4706.site.5, 54, 133, 187
537012.5.peg.4706.site.6, 52, 133, 185
537012.5.peg.4706.site.7, 1, 134, 135
537012.5.peg.4706.site.8, 9, 134, 143
537012.5.peg.4706.site.9, 5, 133, 138
537012.5.peg.4706.site.10, 2, 134, 136
537012.5.peg.4706.site.11, 9, 133, 142
537012.5.peg.4706.site.12, 6, 133, 139
537012.5.peg.4706.site.13, 6, 134, 140
537012.5.peg.4706.site.14, 10, 133, 143
537012.5.peg.4706.site.15, 6, 133, 139
537012.5.peg.4706.site.16, 55, 132, 187
537012.5.peg.4706.site.17, 30, 134, 164
537012.5.peg.4705.site.1, 2, 128, 130
537012.5.peg.4705.site.2, 3, 131, 134
537012.5.peg.4705.site.3, 3, 130, 133
537012.5.peg.4705.site.4, 7, 131, 138
537012.5.peg.4705.site.5, 1, 134, 135
537012.5.peg.4705.site.6, 2, 133, 135
537012.5.peg.4705.site.7, 5, 133, 138
537012.5.peg.4705.site.8, 121, 134, 255
537012.5.peg.4705.site.9, 8, 131, 139
537012.5.peg.4705.site.10, 9, 131, 140
537012.5.peg.4705.site.11, 0, 130, 130
537012.5.peg.4705.site.12, 2, 130, 132
537012.5.peg.4705.site.13, 3, 134, 137
537012.5.peg.4705.site.14, 4, 131, 135
537012.5.peg.4705.site.15, 1, 130, 131
537012.5.peg.4705.site.16, 0, 129, 129
537012.5.peg.4705.site.17, 7, 132, 139
537012.5.peg.4705.site.18, 112, 128, 240
537012.5.peg.4705.site.19, 95, 96, 191
537012.5.peg.4705.site.20, 5, 87, 92
537012.5.peg.4705.site.21, 16, 33, 49
537012.5.peg.4705.site.22, 8, 37, 45
537012.5.peg.4705.site.23, 20, 40, 60
537012.5.peg.4705.site.24, 53, 76, 129
537012.5.peg.4705.site.25, 115, 129, 244
537012.5.peg.4705.site.26, 3, 134, 137
537012.5.peg.4705.site.27, 4, 134, 138
537012.5.peg.4705.site.28, 6, 134, 140
537012.5.peg.4705.site.29, 7, 134, 141
537012.5.peg.4705.site.30, 6, 134, 140
537012.5.peg.4705.site.31, 113, 133, 246
537012.5.peg.4705.site.32, 71, 131, 202
537012.5.peg.4705.site.33, 2, 133, 135
537012.5.peg.4705.site.34, 106, 132, 238
537012.5.peg.4705.site.35, 4, 132, 136
537012.5.peg.4705.site.36, 5, 133, 138
537012.5.peg.4705.site.37, 9, 130, 139
537012.5.peg.4705.site.38, 2, 131, 133
537012.5.peg.4705.site.39, 11, 132, 143
537012.5.peg.4705.site.40, 7, 134, 141
537012.5.peg.4705.site.41, 0, 134, 134
537012.5.peg.4705.site.42, 1, 134, 135
537012.5.peg.4705.site.43, 11, 132, 143
537012.5.peg.4705.site.44, 6, 133, 139
537012.5.peg.4705.site.45, 2, 131, 133
537012.5.peg.4705.site.46, 8, 130, 138
537012.5.peg.4705.site.47, 10, 131, 141
537012.5.peg.4705.site.48, 2, 131, 133
537012.5.peg.4705.site.49, 3, 132, 135
537012.5.peg.4705.site.50, 1, 132, 133
537012.5.peg.4705.site.51, 70, 128, 198
537012.5.peg.4705.site.52, 9, 130, 139
537012.5.peg.4705.site.53, 4, 132, 136
537012.5.peg.4705.site.54, 7, 133, 140
537012.5.peg.4705.site.55, 0, 130, 130
537012.5.peg.4705.site.56, 1, 129, 130
537012.5.peg.4705.site.57, 8, 129, 137
537012.5.peg.4705.site.58, 1, 130, 131
537012.5.peg.4705.site.59, 6, 128, 134
537012.5.peg.4705.site.60, 1, 130, 131
537012.5.peg.4705.site.61, 2, 126, 128
537012.5.peg.4705.site.62, 2, 126, 128
537012.5.peg.4705.site.63, 0, 123, 123
537012.5.peg.4705.site.64, 36, 126, 162
537012.5.peg.4705.site.65, 1, 134, 135
537012.5.peg.4705.site.66, 2, 134, 136
537012.5.peg.4705.site.67, 10, 131, 141
537012.5.peg.4705.site.68, 6, 134, 140
537012.5.peg.4705.site.69, 13, 131, 144
537012.5.peg.4705.site.70, 1, 133, 134
537012.5.peg.4705.site.71, 7, 128, 135
537012.5.peg.4705.site.72, 1, 127, 128
537012.5.peg.4705.site.73, 1, 123, 124
537012.5.peg.4705.site.74, 0, 121, 121
537012.5.peg.4705.site.75, 0, 122, 122
537012.5.peg.4705.site.76, 0, 122, 122
537012.5.peg.4705.site.77, 16, 131, 147
537012.5.peg.4705.site.78, 5, 130, 135
537012.5.peg.4705.site.79, 3, 130, 133
537012.5.peg.2764.site.1, 8, 130, 138
537012.5.peg.2764.site.2, 1, 130, 131
537012.5.peg.2764.site.3, 3, 129, 132
537012.5.peg.2764.site.4, 1, 129, 130
537012.5.peg.2764.site.5, 7, 129, 136
537012.5.peg.2764.site.6, 1, 129, 130
537012.5.peg.2764.site.7, 0, 129, 129
537012.5.peg.2764.site.8, 3, 128, 131
537012.5.peg.2764.site.9, 4, 129, 133
537012.5.peg.2764.site.10, 7, 127, 134
537012.5.peg.2764.site.11, 0, 126, 126
537012.5.peg.2764.site.12, 0, 126, 126
537012.5.peg.2764.site.13, 0, 127, 127
537012.5.peg.2764.site.14, 0, 129, 129
537012.5.peg.2764.site.15, 7, 129, 136
537012.5.peg.2764.site.16, 7, 130, 137
537012.5.peg.2764.site.17, 2, 126, 128
537012.5.peg.2764.site.18, 2, 126, 128
537012.5.peg.2764.site.19, 50, 122, 172
537012.5.peg.2764.site.20, 1, 124, 125
537012.5.peg.2764.site.21, 1, 123, 124
537012.5.peg.2764.site.22, 19, 124, 143
537012.5.peg.2764.site.23, 3, 124, 127
537012.5.peg.2764.site.24, 42, 125, 167
537012.5.peg.2764.site.25, 11, 124, 135
537012.5.peg.2764.site.26, 1, 123, 124
537012.5.peg.2764.site.27, 0, 123, 123
537012.5.peg.2764.site.28, 44, 122, 166
537012.5.peg.2764.site.29, 1, 123, 124
537012.5.peg.2764.site.30, 1, 123, 124
537012.5.peg.2764.site.31, 1, 123, 124
537012.5.peg.2764.site.32, 1, 121, 122
537012.5.peg.2764.site.33, 22, 122, 144
537012.5.peg.2764.site.34, 27, 123, 150
537012.5.peg.2764.site.35, 111, 122, 233
537012.5.peg.2764.site.36, 1, 123, 124
537012.5.peg.2764.site.37, 34, 124, 158
537012.5.peg.2764.site.38, 0, 124, 124
537012.5.peg.2764.site.39, 0, 123, 123
537012.5.peg.2764.site.40, 1, 123, 124
537012.5.peg.2764.site.41, 37, 123, 160
537012.5.peg.2764.site.42, 0, 124, 124
537012.5.peg.2764.site.43, 4, 128, 132
537012.5.peg.2764.site.44, 1, 129, 130
537012.5.peg.2764.site.45, 1, 130, 131
537012.5.peg.2764.site.46, 0, 128, 128
537012.5.peg.2764.site.47, 1, 130, 131
537012.5.peg.2764.site.48, 7, 129, 136
537012.5.peg.2764.site.49, 6, 129, 135
537012.5.peg.2764.site.50, 7, 129, 136
537012.5.peg.2764.site.51, 1, 130, 131
537012.5.peg.2764.site.52, 3, 129, 132
537012.5.peg.2764.site.53, 4, 127, 131
537012.5.peg.2764.site.54, 42, 129, 171
537012.5.peg.2764.site.55, 67, 127, 194
537012.5.peg.2764.site.56, 7, 128, 135
537012.5.peg.2764.site.57, 1, 129, 130
537012.5.peg.2764.site.58, 1, 129, 130
537012.5.peg.2764.site.59, 19, 129, 148
537012.5.peg.2764.site.60, 5, 129, 134
537012.5.peg.2764.site.61, 7, 129, 136
537012.5.peg.4097.site.1, 2, 133, 135
537012.5.peg.4097.site.2, 2, 132, 134
537012.5.peg.4097.site.3, 7, 134, 141
537012.5.peg.4097.site.4, 7, 134, 141
537012.5.peg.4097.site.5, 3, 134, 137
537012.5.peg.4097.site.6, 1, 133, 134
537012.5.peg.4097.site.7, 21, 134, 155
537012.5.peg.4097.site.8, 7, 134, 141
537012.5.peg.4097.site.9, 3, 134, 137
537012.5.peg.4097.site.10, 1, 134, 135
537012.5.peg.4097.site.11, 3, 134, 137
537012.5.peg.4097.site.12, 2, 133, 135
537012.5.peg.4097.site.13, 16, 132, 148
537012.5.peg.4097.site.14, 16, 132, 148
537012.5.peg.4097.site.15, 1, 133, 134
537012.5.peg.4097.site.16, 27, 131, 158
537012.5.peg.4097.site.17, 24, 130, 154
537012.5.peg.4097.site.18, 62, 132, 194
537012.5.peg.4097.site.19, 17, 131, 148
537012.5.peg.4097.site.20, 2, 133, 135
537012.5.peg.4097.site.21, 1, 132, 133
537012.5.peg.4097.site.22, 1, 132, 133
537012.5.peg.4097.site.23, 3, 132, 135
537012.5.peg.4097.site.24, 12, 133, 145
537012.5.peg.4097.site.25, 1, 132, 133
537012.5.peg.4097.site.26, 1, 133, 134
537012.5.peg.4097.site.27, 6, 133, 139
537012.5.peg.4097.site.28, 30, 131, 161
537012.5.peg.4097.site.29, 1, 133, 134
537012.5.peg.4097.site.30, 0, 133, 133
537012.5.peg.4097.site.31, 14, 131, 145
537012.5.peg.4097.site.32, 2, 133, 135
537012.5.peg.4097.site.33, 0, 131, 131
537012.5.peg.4097.site.34, 2, 131, 133
537012.5.peg.4097.site.35, 4, 129, 133
537012.5.peg.4097.site.36, 66, 128, 194
537012.5.peg.4097.site.37, 1, 131, 132
537012.5.peg.4097.site.38, 34, 130, 164
537012.5.peg.4097.site.39, 1, 134, 135
537012.5.peg.4096.site.1, 58, 132, 190
537012.5.peg.4096.site.2, 115, 131, 246
537012.5.peg.4096.site.3, 8, 133, 141
537012.5.peg.4096.site.4, 0, 134, 134
537012.5.peg.4096.site.5, 3, 134, 137
537012.5.peg.4096.site.6, 9, 134, 143
537012.5.peg.4096.site.7, 11, 123, 134
537012.5.peg.4096.site.8, 5, 130, 135
537012.5.peg.4096.site.9, 5, 132, 137
537012.5.peg.4096.site.10, 5, 131, 136
537012.5.peg.4096.site.11, 7, 134, 141
537012.5.peg.4096.site.12, 8, 134, 142
537012.5.peg.4096.site.13, 7, 134, 141
537012.5.peg.4096.site.14, 81, 134, 215
537012.5.peg.4096.site.15, 82, 134, 216
537012.5.peg.4096.site.16, 6, 130, 136
537012.5.peg.4096.site.17, 9, 132, 141
537012.5.peg.4096.site.18, 6, 128, 134
537012.5.peg.4096.site.19, 28, 124, 152
537012.5.peg.4096.site.20, 29, 124, 153
537012.5.peg.4096.site.21, 2, 124, 126
537012.5.peg.4096.site.22, 10, 127, 137
537012.5.peg.4096.site.23, 1, 126, 127
537012.5.peg.4096.site.24, 9, 127, 136
537012.5.peg.4096.site.25, 1, 127, 128
537012.5.peg.4096.site.26, 1, 127, 128
537012.5.peg.4096.site.27, 1, 127, 128
537012.5.peg.4096.site.28, 5, 126, 131
537012.5.peg.4096.site.29, 1, 127, 128
537012.5.peg.4096.site.30, 7, 126, 133
537012.5.peg.4096.site.31, 7, 126, 133
537012.5.peg.4096.site.32, 9, 131, 140
537012.5.peg.4096.site.33, 4, 133, 137
537012.5.peg.4096.site.34, 54, 129, 183
537012.5.peg.4096.site.35, 4, 130, 134
537012.5.peg.4096.site.36, 8, 134, 142
537012.5.peg.4096.site.37, 1, 132, 133
537012.5.peg.4096.site.38, 1, 133, 134
537012.5.peg.4096.site.39, 14, 133, 147
537012.5.peg.4096.site.40, 4, 132, 136
537012.5.peg.4096.site.41, 7, 132, 139
537012.5.peg.4096.site.42, 0, 116, 116
537012.5.peg.4096.site.43, 7, 130, 137
537012.5.peg.4096.site.44, 76, 132, 208
537012.5.peg.4096.site.45, 0, 132, 132
537012.5.peg.4096.site.46, 1, 133, 134
537012.5.peg.4096.site.47, 2, 134, 136
537012.5.peg.4095.site.1, 4, 127, 131
537012.5.peg.4095.site.2, 3, 133, 136
537012.5.peg.4095.site.3, 4, 133, 137
537012.5.peg.4095.site.4, 8, 132, 140
537012.5.peg.4095.site.5, 14, 134, 148
537012.5.peg.4095.site.6, 8, 134, 142
537012.5.peg.4095.site.7, 3, 133, 136
537012.5.peg.4095.site.8, 1, 134, 135
537012.5.peg.4095.site.9, 2, 134, 136
537012.5.peg.4095.site.10, 1, 134, 135
537012.5.peg.4095.site.11, 5, 133, 138
537012.5.peg.4095.site.12, 1, 128, 129
537012.5.peg.4095.site.13, 9, 126, 135
537012.5.peg.4095.site.14, 1, 129, 130
537012.5.peg.4095.site.15, 9, 129, 138
537012.5.peg.4095.site.16, 24, 132, 156
537012.5.peg.4095.site.17, 1, 132, 133
537012.5.peg.4095.site.18, 37, 134, 171
537012.5.peg.4095.site.19, 3, 134, 137
537012.5.peg.4095.site.20, 9, 134, 143
537012.5.peg.4095.site.21, 1, 133, 134
537012.5.peg.4095.site.22, 10, 132, 142
537012.5.peg.4095.site.23, 1, 134, 135
537012.5.peg.4095.site.24, 12, 132, 144
537012.5.peg.4095.site.25, 4, 132, 136
537012.5.peg.4095.site.26, 12, 132, 144
537012.5.peg.4095.site.27, 80, 132, 212
537012.5.peg.4095.site.28, 1, 131, 132
537012.5.peg.4095.site.29, 1, 130, 131
537012.5.peg.4095.site.30, 3, 132, 135
537012.5.peg.4095.site.31, 4, 132, 136
537012.5.peg.4095.site.32, 12, 133, 145
537012.5.peg.4095.site.33, 3, 134, 137
537012.5.peg.4095.site.34, 50, 133, 183
537012.5.peg.4095.site.35, 7, 134, 141
537012.5.peg.4095.site.36, 2, 132, 134
537012.5.peg.4095.site.37, 12, 131, 143
537012.5.peg.4095.site.38, 64, 132, 196
537012.5.peg.4095.site.39, 17, 134, 151
537012.5.peg.4095.site.40, 3, 134, 137
537012.5.peg.4095.site.41, 1, 134, 135
537012.5.peg.4095.site.42, 1, 134, 135
537012.5.peg.4095.site.43, 9, 133, 142
537012.5.peg.4095.site.44, 2, 134, 136
537012.5.peg.4095.site.45, 8, 134, 142
537012.5.peg.4095.site.46, 7, 134, 141
537012.5.peg.4094.site.1, 1, 134, 135
537012.5.peg.4094.site.2, 89, 133, 222
537012.5.peg.4094.site.3, 25, 131, 156
537012.5.peg.4094.site.4, 4, 133, 137
537012.5.peg.4094.site.5, 5, 133, 138
537012.5.peg.4094.site.6, 10, 133, 143
537012.5.peg.4094.site.7, 13, 133, 146
537012.5.peg.4094.site.8, 12, 133, 145
537012.5.peg.4094.site.9, 8, 132, 140
537012.5.peg.4094.site.10, 132, 134, 266
537012.5.peg.4094.site.11, 6, 133, 139
537012.5.peg.4094.site.12, 14, 134, 148
537012.5.peg.4094.site.13, 88, 132, 220
537012.5.peg.4094.site.14, 1, 134, 135
537012.5.peg.4094.site.15, 1, 133, 134
537012.5.peg.4094.site.16, 1, 134, 135
537012.5.peg.4094.site.17, 29, 131, 160
537012.5.peg.4094.site.18, 7, 134, 141
537012.5.peg.4094.site.19, 6, 133, 139
537012.5.peg.4094.site.20, 22, 134, 156
537012.5.peg.4094.site.21, 72, 132, 204
537012.5.peg.4094.site.22, 4, 133, 137
537012.5.peg.4094.site.23, 1, 132, 133
537012.5.peg.4094.site.24, 5, 133, 138
537012.5.peg.4094.site.25, 14, 133, 147
537012.5.peg.4094.site.26, 7, 133, 140
537012.5.peg.4094.site.27, 8, 134, 142
537012.5.peg.4094.site.28, 8, 133, 141
537012.5.peg.4094.site.29, 1, 131, 132
537012.5.peg.4094.site.30, 132, 134, 266
537012.5.peg.4094.site.31, 20, 134, 154
537012.5.peg.4094.site.32, 27, 133, 160
537012.5.peg.4094.site.33, 24, 132, 156
537012.5.peg.4094.site.34, 35, 127, 162
537012.5.peg.4094.site.35, 24, 125, 149
537012.5.peg.4094.site.36, 5, 117, 122
537012.5.peg.4094.site.37, 2, 116, 118
537012.5.peg.4094.site.38, 2, 116, 118
537012.5.peg.4094.site.39, 4, 116, 120
537012.5.peg.4094.site.40, 2, 126, 128
537012.5.peg.4094.site.41, 1, 112, 113
537012.5.peg.4094.site.42, 1, 133, 134
537012.5.peg.4094.site.43, 22, 134, 156
537012.5.peg.4094.site.44, 6, 134, 140
537012.5.peg.4094.site.45, 11, 131, 142
537012.5.peg.4094.site.46, 7, 132, 139
537012.5.peg.4094.site.47, 1, 132, 133
537012.5.peg.4094.site.48, 26, 131, 157
537012.5.peg.4094.site.49, 19, 132, 151
537012.5.peg.4094.site.50, 1, 134, 135
537012.5.peg.4093.site.1, 5, 134, 139
537012.5.peg.4093.site.2, 0, 134, 134
537012.5.peg.4093.site.3, 7, 133, 140
537012.5.peg.4093.site.4, 40, 131, 171
537012.5.peg.4093.site.5, 7, 133, 140
537012.5.peg.4093.site.6, 14, 131, 145
537012.5.peg.4093.site.7, 1, 128, 129
537012.5.peg.4093.site.8, 0, 134, 134
537012.5.peg.4093.site.9, 70, 133, 203
537012.5.peg.4093.site.10, 13, 133, 146
537012.5.peg.4093.site.11, 1, 134, 135
537012.5.peg.4093.site.12, 0, 133, 133
537012.5.peg.4093.site.13, 1, 133, 134
537012.5.peg.4093.site.14, 6, 133, 139
537012.5.peg.4093.site.15, 15, 133, 148
537012.5.peg.4093.site.16, 5, 134, 139
537012.5.peg.4093.site.17, 3, 134, 137
537012.5.peg.4093.site.18, 2, 126, 128
537012.5.peg.4093.site.19, 2, 125, 127
537012.5.peg.4093.site.20, 2, 131, 133
537012.5.peg.4093.site.21, 43, 130, 173
537012.5.peg.4093.site.22, 70, 134, 204
537012.5.peg.4093.site.23, 8, 134, 142
537012.5.peg.4093.site.24, 2, 134, 136
537012.5.peg.4093.site.25, 4, 134, 138
537012.5.peg.4093.site.26, 1, 133, 134
537012.5.peg.4093.site.27, 1, 133, 134
537012.5.peg.4093.site.28, 11, 134, 145
537012.5.peg.4093.site.29, 12, 131, 143
537012.5.peg.4093.site.30, 1, 134, 135
537012.5.peg.4093.site.31, 1, 134, 135
537012.5.peg.4093.site.32, 2, 133, 135
537012.5.peg.4093.site.33, 1, 131, 132
537012.5.peg.4093.site.34, 1, 132, 133
537012.5.peg.4093.site.35, 17, 131, 148
537012.5.peg.4093.site.36, 1, 134, 135
537012.5.peg.4093.site.37, 4, 133, 137
537012.5.peg.4093.site.38, 5, 132, 137
537012.5.peg.4093.site.39, 4, 133, 137
537012.5.peg.4093.site.40, 5, 132, 137
537012.5.peg.4093.site.41, 12, 132, 144
537012.5.peg.4093.site.42, 1, 133, 134
537012.5.peg.4093.site.43, 1, 134, 135
537012.5.peg.4093.site.44, 1, 134, 135
537012.5.peg.4093.site.45, 2, 133, 135
537012.5.peg.4093.site.46, 16, 133, 149
537012.5.peg.4093.site.47, 12, 132, 144
537012.5.peg.4093.site.48, 20, 134, 154
537012.5.peg.4093.site.49, 8, 134, 142
537012.5.peg.4093.site.50, 3, 133, 136
537012.5.peg.4093.site.51, 4, 130, 134
537012.5.peg.4093.site.52, 4, 130, 134
537012.5.peg.4093.site.53, 17, 132, 149
537012.5.peg.4093.site.54, 1, 133, 134
537012.5.peg.4093.site.55, 7, 133, 140
537012.5.peg.4093.site.56, 23, 133, 156
537012.5.peg.4093.site.57, 1, 133, 134
537012.5.peg.4093.site.58, 5, 132, 137
537012.5.peg.4093.site.59, 1, 133, 134
537012.5.peg.4093.site.60, 114, 133, 247
537012.5.peg.4093.site.61, 35, 133, 168
537012.5.peg.4093.site.62, 4, 134, 138
537012.5.peg.4093.site.63, 8, 131, 139
537012.5.peg.4093.site.64, 2, 134, 136
537012.5.peg.4093.site.65, 1, 132, 133
537012.5.peg.4093.site.66, 4, 132, 136
537012.5.peg.4093.site.67, 3, 133, 136
537012.5.peg.4093.site.68, 3, 134, 137
537012.5.peg.4093.site.69, 90, 134, 224
537012.5.peg.4093.site.70, 7, 134, 141
537012.5.peg.4093.site.71, 2, 133, 135
537012.5.peg.4093.site.72, 7, 134, 141
537012.5.peg.4093.site.73, 0, 132, 132
537012.5.peg.4093.site.74, 12, 130, 142
537012.5.peg.4093.site.75, 1, 131, 132
537012.5.peg.4093.site.76, 6, 130, 136
537012.5.peg.4093.site.77, 1, 130, 131
537012.5.peg.4093.site.78, 1, 134, 135
537012.5.peg.4092.site.1, 1, 131, 132
537012.5.peg.4092.site.2, 3, 133, 136
537012.5.peg.4092.site.3, 0, 133, 133
537012.5.peg.4092.site.4, 75, 133, 208
537012.5.peg.4092.site.5, 8, 133, 141
537012.5.peg.4092.site.6, 4, 133, 137
537012.5.peg.4092.site.7, 2, 133, 135
537012.5.peg.4092.site.8, 13, 132, 145
537012.5.peg.4092.site.9, 15, 134, 149
537012.5.peg.4092.site.10, 1, 134, 135
537012.5.peg.4092.site.11, 19, 133, 152
537012.5.peg.4092.site.12, 7, 133, 140
537012.5.peg.4092.site.13, 2, 133, 135
537012.5.peg.4092.site.14, 1, 127, 128
537012.5.peg.4092.site.15, 3, 124, 127
537012.5.peg.4092.site.16, 5, 123, 128
537012.5.peg.4092.site.17, 4, 122, 126
537012.5.peg.4092.site.18, 23, 114, 137
537012.5.peg.4092.site.19, 2, 110, 112
537012.5.peg.4092.site.20, 1, 119, 120
537012.5.peg.4092.site.21, 2, 123, 125
537012.5.peg.4092.site.22, 4, 129, 133
537012.5.peg.4092.site.23, 2, 133, 135
537012.5.peg.4092.site.24, 2, 132, 134
537012.5.peg.4091.site.1, 1, 133, 134
537012.5.peg.4091.site.2, 0, 134, 134
537012.5.peg.4091.site.3, 8, 132, 140
537012.5.peg.4091.site.4, 11, 131, 142
537012.5.peg.4091.site.5, 70, 127, 197
537012.5.peg.4091.site.6, 2, 132, 134
537012.5.peg.4091.site.7, 9, 132, 141
537012.5.peg.4091.site.8, 6, 133, 139
537012.5.peg.4091.site.9, 3, 134, 137
537012.5.peg.4091.site.10, 5, 134, 139
537012.5.peg.4091.site.11, 1, 133, 134
537012.5.peg.4091.site.12, 0, 131, 131
537012.5.peg.4091.site.13, 1, 130, 131
537012.5.peg.4091.site.14, 2, 132, 134
537012.5.peg.4091.site.15, 29, 128, 157
537012.5.peg.4091.site.16, 22, 131, 153
537012.5.peg.4091.site.17, 7, 133, 140
537012.5.peg.4091.site.18, 7, 131, 138
537012.5.peg.4091.site.19, 57, 129, 186
537012.5.peg.4091.site.20, 4, 130, 134
537012.5.peg.4091.site.21, 8, 128, 136
537012.5.peg.4091.site.22, 14, 126, 140
537012.5.peg.4091.site.23, 3, 126, 129
537012.5.peg.4090.site.1, 3, 107, 110
537012.5.peg.4090.site.2, 1, 111, 112
537012.5.peg.4090.site.3, 5, 110, 115
537012.5.peg.4090.site.4, 12, 109, 121
537012.5.peg.4090.site.5, 10, 103, 113
537012.5.peg.4090.site.6, 2, 100, 102
537012.5.peg.4090.site.7, 22, 106, 128
537012.5.peg.4090.site.8, 1, 96, 97
537012.5.peg.4090.site.9, 10, 96, 106
537012.5.peg.4090.site.10, 9, 90, 99
537012.5.peg.4090.site.11, 1, 85, 86
537012.5.peg.4090.site.12, 5, 82, 87
537012.5.peg.4090.site.13, 0, 74, 74
537012.5.peg.4090.site.14, 71, 73, 144
537012.5.peg.4090.site.15, 1, 71, 72
537012.5.peg.4090.site.16, 14, 73, 87
537012.5.peg.4090.site.17, 3, 74, 77
537012.5.peg.4090.site.18, 34, 70, 104
537012.5.peg.4090.site.19, 7, 72, 79
537012.5.peg.4090.site.20, 0, 71, 71
537012.5.peg.4090.site.21, 0, 71, 71
537012.5.peg.4090.site.22, 26, 71, 97
537012.5.peg.4090.site.23, 2, 72, 74
537012.5.peg.4090.site.24, 1, 72, 73
537012.5.peg.4090.site.25, 22, 68, 90
537012.5.peg.4090.site.26, 34, 71, 105
537012.5.peg.4090.site.27, 2, 73, 75
537012.5.peg.4090.site.28, 1, 73, 74
537012.5.peg.4090.site.29, 1, 73, 74
537012.5.peg.4090.site.30, 1, 73, 74
537012.5.peg.4090.site.31, 1, 73, 74
537012.5.peg.4090.site.32, 67, 71, 138
537012.5.peg.4090.site.33, 1, 72, 73
537012.5.peg.4090.site.34, 1, 73, 74
537012.5.peg.4090.site.35, 9, 74, 83
537012.5.peg.4090.site.36, 2, 68, 70
537012.5.peg.4090.site.37, 0, 70, 70
537012.5.peg.4090.site.38, 53, 69, 122
537012.5.peg.4090.site.39, 62, 68, 130
537012.5.peg.4090.site.40, 51, 67, 118
537012.5.peg.4090.site.41, 52, 68, 120
537012.5.peg.4090.site.42, 0, 99, 99
537012.5.peg.4090.site.43, 1, 107, 108
537012.5.peg.4090.site.44, 2, 112, 114
537012.5.peg.4090.site.45, 3, 111, 114
537012.5.peg.4090.site.46, 7, 107, 114
537012.5.peg.4090.site.47, 19, 105, 124
537012.5.peg.4090.site.48, 2, 107, 109
537012.5.peg.4090.site.49, 14, 104, 118
537012.5.peg.4090.site.50, 5, 106, 111
537012.5.peg.4090.site.51, 4, 106, 110
537012.5.peg.4090.site.52, 17, 103, 120
537012.5.peg.4090.site.53, 2, 104, 106
537012.5.peg.4090.site.54, 12, 98, 110
537012.5.peg.4090.site.55, 33, 93, 126
537012.5.peg.4090.site.56, 9, 94, 103
537012.5.peg.4090.site.57, 16, 93, 109
537012.5.peg.4090.site.58, 8, 92, 100
537012.5.peg.4090.site.59, 5, 88, 93
537012.5.peg.4090.site.60, 5, 86, 91
537012.5.peg.4090.site.61, 31, 86, 117
537012.5.peg.4090.site.62, 5, 89, 94
537012.5.peg.4090.site.63, 14, 93, 107
537012.5.peg.4090.site.64, 6, 95, 101
537012.5.peg.4090.site.65, 18, 103, 121
537012.5.peg.4098.site.1, 5, 129, 134
537012.5.peg.4098.site.2, 17, 129, 146
537012.5.peg.4098.site.3, 0, 129, 129
537012.5.peg.4098.site.4, 7, 129, 136
537012.5.peg.4098.site.5, 1, 129, 130
537012.5.peg.4098.site.6, 3, 132, 135
537012.5.peg.4098.site.7, 1, 133, 134
537012.5.peg.4098.site.8, 1, 134, 135
537012.5.peg.4098.site.9, 2, 133, 135
537012.5.peg.4098.site.10, 0, 134, 134
537012.5.peg.4098.site.11, 10, 134, 144
537012.5.peg.4098.site.12, 3, 134, 137
537012.5.peg.4098.site.13, 13, 133, 146
537012.5.peg.4098.site.14, 3, 131, 134
537012.5.peg.4098.site.15, 19, 128, 147
537012.5.peg.4098.site.16, 21, 130, 151
537012.5.peg.4098.site.17, 1, 131, 132
537012.5.peg.4098.site.18, 1, 134, 135
537012.5.peg.4098.site.19, 5, 134, 139
537012.5.peg.4098.site.20, 8, 134, 142
537012.5.peg.4098.site.21, 1, 134, 135
537012.5.peg.4098.site.22, 2, 132, 134
537012.5.peg.4098.site.23, 0, 134, 134
537012.5.peg.4386.site.1, 2, 75, 77
537012.5.peg.4386.site.2, 5, 77, 82
537012.5.peg.4386.site.3, 40, 73, 113
537012.5.peg.4386.site.4, 7, 76, 83
537012.5.peg.4386.site.5, 74, 77, 151
537012.5.peg.4386.site.6, 33, 74, 107
537012.5.peg.4386.site.7, 5, 77, 82
537012.5.peg.4386.site.8, 2, 78, 80
537012.5.peg.4386.site.9, 2, 78, 80
537012.5.peg.4386.site.10, 68, 80, 148
537012.5.peg.4386.site.11, 17, 79, 96
537012.5.peg.4386.site.12, 0, 79, 79
537012.5.peg.4386.site.13, 0, 77, 77
537012.5.peg.4386.site.14, 0, 77, 77
537012.5.peg.4386.site.15, 6, 77, 83
537012.5.peg.4386.site.16, 45, 77, 122
537012.5.peg.4386.site.17, 0, 77, 77
537012.5.peg.4386.site.18, 4, 77, 81
537012.5.peg.4386.site.19, 1, 76, 77
537012.5.peg.4386.site.20, 3, 77, 80
537012.5.peg.4386.site.21, 13, 76, 89
537012.5.peg.4386.site.22, 1, 75, 76
537012.5.peg.4386.site.23, 31, 76, 107
537012.5.peg.4386.site.24, 76, 77, 153
537012.5.peg.4386.site.25, 4, 77, 81
537012.5.peg.4386.site.26, 2, 75, 77
537012.5.peg.3720.site.1, 1, 124, 125
537012.5.peg.3720.site.2, 9, 126, 135
537012.5.peg.3720.site.3, 3, 127, 130
537012.5.peg.3720.site.4, 3, 127, 130
537012.5.peg.3720.site.5, 7, 126, 133
537012.5.peg.3720.site.6, 16, 126, 142
537012.5.peg.3720.site.7, 6, 126, 132
537012.5.peg.3720.site.8, 8, 126, 134
537012.5.peg.3720.site.9, 0, 124, 124
537012.5.peg.3720.site.10, 126, 127, 253
537012.5.peg.3720.site.11, 1, 128, 129
537012.5.peg.3720.site.12, 37, 127, 164
537012.5.peg.3720.site.13, 27, 125, 152
537012.5.peg.3720.site.14, 17, 126, 143
537012.5.peg.3720.site.15, 105, 127, 232
537012.5.peg.3720.site.16, 8, 124, 132
537012.5.peg.3720.site.17, 0, 125, 125
537012.5.peg.3720.site.18, 0, 126, 126
537012.5.peg.3720.site.19, 1, 126, 127
537012.5.peg.3720.site.20, 3, 127, 130
537012.5.peg.3720.site.21, 1, 128, 129
537012.5.peg.3721.site.1, 4, 130, 134
537012.5.peg.3721.site.2, 0, 132, 132
537012.5.peg.3721.site.3, 73, 130, 203
537012.5.peg.3721.site.4, 1, 132, 133
537012.5.peg.3721.site.5, 4, 130, 134
537012.5.peg.3721.site.6, 2, 132, 134
537012.5.peg.3721.site.7, 4, 130, 134
537012.5.peg.3721.site.8, 0, 132, 132
537012.5.peg.3721.site.9, 31, 129, 160
537012.5.peg.3721.site.10, 1, 132, 133
537012.5.peg.3721.site.11, 8, 132, 140
537012.5.peg.3721.site.12, 3, 132, 135
537012.5.peg.3721.site.13, 0, 131, 131
537012.5.peg.3721.site.14, 27, 131, 158
537012.5.peg.3721.site.15, 3, 132, 135
537012.5.peg.3721.site.16, 0, 132, 132
537012.5.peg.3721.site.17, 17, 130, 147
537012.5.peg.3721.site.18, 6, 132, 138
537012.5.peg.3721.site.19, 4, 129, 133
537012.5.peg.3721.site.20, 9, 130, 139
537012.5.peg.3721.site.21, 4, 129, 133
537012.5.peg.3721.site.22, 1, 130, 131
537012.5.peg.3721.site.23, 29, 129, 158
537012.5.peg.3721.site.24, 7, 131, 138
537012.5.peg.3721.site.25, 1, 132, 133
537012.5.peg.3721.site.26, 1, 132, 133
537012.5.peg.3721.site.27, 45, 132, 177
537012.5.peg.3721.site.28, 4, 129, 133
537012.5.peg.3721.site.29, 60, 128, 188
537012.5.peg.3721.site.30, 16, 130, 146
537012.5.peg.3721.site.31, 6, 131, 137
537012.5.peg.3721.site.32, 23, 129, 152
537012.5.peg.3721.site.33, 11, 131, 142
537012.5.peg.3721.site.34, 11, 131, 142
537012.5.peg.3721.site.35, 3, 130, 133
537012.5.peg.3721.site.36, 8, 132, 140
537012.5.peg.3721.site.37, 8, 128, 136
537012.5.peg.3721.site.38, 16, 129, 145
537012.5.peg.3721.site.39, 9, 128, 137
537012.5.peg.3721.site.40, 1, 124, 125
537012.5.peg.3721.site.41, 8, 125, 133
537012.5.peg.3721.site.42, 1, 124, 125
537012.5.peg.3721.site.43, 1, 123, 124
537012.5.peg.3721.site.44, 50, 123, 173
537012.5.peg.3721.site.45, 1, 124, 125
537012.5.peg.3721.site.46, 33, 127, 160
537012.5.peg.3721.site.47, 8, 130, 138
537012.5.peg.3721.site.48, 2, 129, 131
537012.5.peg.3721.site.49, 5, 121, 126
537012.5.peg.3721.site.50, 3, 125, 128
537012.5.peg.3721.site.51, 30, 127, 157
537012.5.peg.3721.site.52, 15, 124, 139
537012.5.peg.3721.site.53, 0, 132, 132
537012.5.peg.3721.site.54, 16, 130, 146
537012.5.peg.3721.site.55, 16, 131, 147
537012.5.peg.3721.site.56, 14, 129, 143
537012.5.peg.4147.site.1, 5, 133, 138
537012.5.peg.4147.site.2, 5, 133, 138
537012.5.peg.4147.site.3, 1, 134, 135
537012.5.peg.4147.site.4, 1, 133, 134
537012.5.peg.4147.site.5, 16, 133, 149
537012.5.peg.4147.site.6, 16, 133, 149
537012.5.peg.4147.site.7, 4, 132, 136
537012.5.peg.4147.site.8, 46, 131, 177
537012.5.peg.4147.site.9, 26, 134, 160
537012.5.peg.4147.site.10, 1, 134, 135
537012.5.peg.4147.site.11, 1, 133, 134
537012.5.peg.4147.site.12, 3, 132, 135
537012.5.peg.4147.site.13, 2, 130, 132
537012.5.peg.4147.site.14, 1, 130, 131
537012.5.peg.4147.site.15, 1, 129, 130
537012.5.peg.4147.site.16, 21, 129, 150
537012.5.peg.4147.site.17, 24, 130, 154
537012.5.peg.4147.site.18, 1, 130, 131
537012.5.peg.4147.site.19, 3, 132, 135
537012.5.peg.4147.site.20, 2, 131, 133
537012.5.peg.4147.site.21, 4, 132, 136
537012.5.peg.4147.site.22, 1, 134, 135
537012.5.peg.4147.site.23, 14, 134, 148
537012.5.peg.4147.site.24, 2, 134, 136
537012.5.peg.4147.site.25, 2, 134, 136
537012.5.peg.4147.site.26, 24, 134, 158
537012.5.peg.4147.site.27, 0, 133, 133
537012.5.peg.4147.site.28, 10, 133, 143
537012.5.peg.4147.site.29, 6, 132, 138
537012.5.peg.4147.site.30, 5, 133, 138
537012.5.peg.4147.site.31, 7, 133, 140
537012.5.peg.4147.site.32, 1, 134, 135
537012.5.peg.4147.site.33, 1, 132, 133
537012.5.peg.4146.site.1, 11, 132, 143
537012.5.peg.4146.site.2, 4, 131, 135
537012.5.peg.4146.site.3, 1, 134, 135
537012.5.peg.4146.site.4, 1, 133, 134
537012.5.peg.4146.site.5, 4, 131, 135
537012.5.peg.4146.site.6, 2, 134, 136
537012.5.peg.4146.site.7, 3, 132, 135
537012.5.peg.4146.site.8, 3, 132, 135
537012.5.peg.4146.site.9, 19, 130, 149
537012.5.peg.4146.site.10, 12, 134, 146
537012.5.peg.4146.site.11, 5, 133, 138
537012.5.peg.4146.site.12, 117, 134, 251
537012.5.peg.4146.site.13, 16, 133, 149
537012.5.peg.4146.site.14, 0, 134, 134
537012.5.peg.4146.site.15, 21, 132, 153
537012.5.peg.4146.site.16, 13, 134, 147
537012.5.peg.4146.site.17, 41, 133, 174
537012.5.peg.4146.site.18, 20, 133, 153
537012.5.peg.4146.site.19, 7, 134, 141
537012.5.peg.4146.site.20, 17, 134, 151
537012.5.peg.4146.site.21, 4, 132, 136
537012.5.peg.4146.site.22, 4, 133, 137
537012.5.peg.4146.site.23, 102, 132, 234
537012.5.peg.4146.site.24, 4, 133, 137
537012.5.peg.4146.site.25, 0, 129, 129
537012.5.peg.4146.site.26, 17, 129, 146
537012.5.peg.4146.site.27, 7, 129, 136
537012.5.peg.4146.site.28, 1, 130, 131
537012.5.peg.4146.site.29, 1, 129, 130
537012.5.peg.4146.site.30, 1, 129, 130
537012.5.peg.4146.site.31, 1, 129, 130
537012.5.peg.4146.site.32, 21, 130, 151
537012.5.peg.4146.site.33, 7, 129, 136
537012.5.peg.4146.site.34, 17, 132, 149
537012.5.peg.4146.site.35, 0, 132, 132
537012.5.peg.4146.site.36, 3, 133, 136
537012.5.peg.4146.site.37, 1, 134, 135
537012.5.peg.4146.site.38, 9, 134, 143
537012.5.peg.4146.site.39, 4, 132, 136
537012.5.peg.4146.site.40, 4, 132, 136
537012.5.peg.4146.site.41, 2, 131, 133
537012.5.peg.4146.site.42, 35, 130, 165
537012.5.peg.4146.site.43, 16, 128, 144
537012.5.peg.4146.site.44, 3, 129, 132
537012.5.peg.4146.site.45, 52, 127, 179
537012.5.peg.4146.site.46, 1, 131, 132
537012.5.peg.4146.site.47, 1, 131, 132
537012.5.peg.4146.site.48, 3, 130, 133
537012.5.peg.4146.site.49, 4, 131, 135
537012.5.peg.4146.site.50, 21, 131, 152
537012.5.peg.4146.site.51, 3, 134, 137
537012.5.peg.4146.site.52, 0, 130, 130
537012.5.peg.4146.site.53, 17, 129, 146
537012.5.peg.4146.site.54, 1, 130, 131
537012.5.peg.4146.site.55, 1, 130, 131
537012.5.peg.4146.site.56, 15, 133, 148
537012.5.peg.4146.site.57, 1, 133, 134
537012.5.peg.4146.site.58, 1, 130, 131
537012.5.peg.4146.site.59, 3, 134, 137
537012.5.peg.4146.site.60, 7, 132, 139
537012.5.peg.4146.site.61, 1, 129, 130
537012.5.peg.4146.site.62, 1, 129, 130
537012.5.peg.4146.site.63, 0, 129, 129
537012.5.peg.4146.site.64, 3, 130, 133
537012.5.peg.4146.site.65, 1, 130, 131
537012.5.peg.4146.site.66, 17, 130, 147
537012.5.peg.4146.site.67, 1, 130, 131
537012.5.peg.4146.site.68, 16, 130, 146
537012.5.peg.4146.site.69, 1, 131, 132
537012.5.peg.4146.site.70, 1, 131, 132
537012.5.peg.4146.site.71, 1, 130, 131
537012.5.peg.4146.site.72, 3, 130, 133
537012.5.peg.4146.site.73, 1, 130, 131
537012.5.peg.4146.site.74, 1, 132, 133
537012.5.peg.4146.site.75, 18, 134, 152
537012.5.peg.4146.site.76, 3, 133, 136
537012.5.peg.4146.site.77, 1, 134, 135
537012.5.peg.4146.site.78, 4, 133, 137
537012.5.peg.4146.site.79, 4, 132, 136
537012.5.peg.4146.site.80, 23, 134, 157
537012.5.peg.4146.site.81, 21, 132, 153
537012.5.peg.4146.site.82, 12, 134, 146
537012.5.peg.4146.site.83, 4, 132, 136
537012.5.peg.4146.site.84, 1, 134, 135
537012.5.peg.4146.site.85, 52, 131, 183
537012.5.peg.4417.site.1, 1, 120, 121
537012.5.peg.4417.site.2, 11, 127, 138
537012.5.peg.4417.site.3, 24, 129, 153
537012.5.peg.4417.site.4, 7, 130, 137
537012.5.peg.4417.site.5, 1, 134, 135
537012.5.peg.4417.site.6, 0, 130, 130
537012.5.peg.4417.site.7, 0, 129, 129
537012.5.peg.4417.site.8, 0, 129, 129
537012.5.peg.4417.site.9, 11, 132, 143
537012.5.peg.4417.site.10, 3, 131, 134
537012.5.peg.4417.site.11, 14, 131, 145
537012.5.peg.4417.site.12, 11, 134, 145
537012.5.peg.4417.site.13, 3, 131, 134
537012.5.peg.4417.site.14, 1, 130, 131
537012.5.peg.4417.site.15, 23, 129, 152
537012.5.peg.4417.site.16, 7, 129, 136
537012.5.peg.4417.site.17, 1, 131, 132
537012.5.peg.4417.site.18, 1, 130, 131
537012.5.peg.4417.site.19, 1, 130, 131
537012.5.peg.4417.site.20, 31, 130, 161
537012.5.peg.4417.site.21, 0, 129, 129
537012.5.peg.4417.site.22, 0, 129, 129
537012.5.peg.4417.site.23, 6, 131, 137
537012.5.peg.4417.site.24, 10, 132, 142
537012.5.peg.4417.site.25, 10, 134, 144
537012.5.peg.4417.site.26, 37, 129, 166
537012.5.peg.4417.site.27, 2, 129, 131
537012.5.peg.4417.site.28, 2, 130, 132
537012.5.peg.4417.site.29, 1, 131, 132
537012.5.peg.4417.site.30, 9, 129, 138
537012.5.peg.4417.site.31, 10, 129, 139
537012.5.peg.4417.site.32, 8, 129, 137
537012.5.peg.4417.site.33, 9, 134, 143
537012.5.peg.4417.site.34, 9, 134, 143
537012.5.peg.4416.site.1, 3, 131, 134
537012.5.peg.4416.site.2, 6, 133, 139
537012.5.peg.4416.site.3, 1, 131, 132
537012.5.peg.4416.site.4, 2, 130, 132
537012.5.peg.4416.site.5, 2, 128, 130
537012.5.peg.4416.site.6, 11, 133, 144
537012.5.peg.4416.site.7, 0, 131, 131
537012.5.peg.4416.site.8, 3, 133, 136
537012.5.peg.4416.site.9, 1, 133, 134
537012.5.peg.4416.site.10, 31, 133, 164
537012.5.peg.4416.site.11, 1, 131, 132
537012.5.peg.4416.site.12, 2, 130, 132
537012.5.peg.4416.site.13, 9, 129, 138
537012.5.peg.4416.site.14, 10, 129, 139
537012.5.peg.4416.site.15, 1, 130, 131
537012.5.peg.4416.site.16, 1, 130, 131
537012.5.peg.4416.site.17, 1, 130, 131
537012.5.peg.4416.site.18, 9, 130, 139
537012.5.peg.4416.site.19, 10, 129, 139
537012.5.peg.4416.site.20, 36, 129, 165
537012.5.peg.4416.site.21, 2, 131, 133
537012.5.peg.4416.site.22, 1, 133, 134
537012.5.peg.4416.site.23, 1, 130, 131
537012.5.peg.4416.site.24, 9, 129, 138
537012.5.peg.4416.site.25, 3, 129, 132
537012.5.peg.4416.site.26, 0, 129, 129
537012.5.peg.4416.site.27, 0, 128, 128
537012.5.peg.4143.site.1, 2, 123, 125
537012.5.peg.4143.site.2, 1, 124, 125
537012.5.peg.4143.site.3, 1, 124, 125
537012.5.peg.4143.site.4, 11, 124, 135
537012.5.peg.4143.site.5, 14, 123, 137
537012.5.peg.4143.site.6, 3, 124, 127
537012.5.peg.4143.site.7, 3, 125, 128
537012.5.peg.4143.site.8, 2, 125, 127
537012.5.peg.4143.site.9, 2, 126, 128
537012.5.peg.4143.site.10, 3, 126, 129
537012.5.peg.4143.site.11, 4, 130, 134
537012.5.peg.4143.site.12, 14, 129, 143
537012.5.peg.4143.site.13, 0, 128, 128
537012.5.peg.4143.site.14, 2, 128, 130
537012.5.peg.4143.site.15, 3, 130, 133
537012.5.peg.4143.site.16, 9, 128, 137
537012.5.peg.4143.site.17, 30, 128, 158
537012.5.peg.4143.site.18, 0, 124, 124
537012.5.peg.4143.site.19, 5, 126, 131
537012.5.peg.4143.site.20, 6, 129, 135
537012.5.peg.4143.site.21, 1, 129, 130
537012.5.peg.4143.site.22, 2, 129, 131
537012.5.peg.4143.site.23, 0, 128, 128
537012.5.peg.4143.site.24, 1, 129, 130
537012.5.peg.4143.site.25, 1, 131, 132
537012.5.peg.4143.site.26, 2, 128, 130
537012.5.peg.4143.site.27, 25, 125, 150
537012.5.peg.4143.site.28, 21, 121, 142
537012.5.peg.4143.site.29, 3, 121, 124
537012.5.peg.4143.site.30, 1, 119, 120
537012.5.peg.4143.site.31, 12, 117, 129
537012.5.peg.4143.site.32, 1, 117, 118
537012.5.peg.4143.site.33, 6, 117, 123
537012.5.peg.4143.site.34, 6, 116, 122
537012.5.peg.4143.site.35, 1, 116, 117
537012.5.peg.4143.site.36, 0, 114, 114
537012.5.peg.4143.site.37, 1, 116, 117
537012.5.peg.4143.site.38, 2, 117, 119
537012.5.peg.4143.site.39, 1, 115, 116
537012.5.peg.4143.site.40, 9, 121, 130
537012.5.peg.4143.site.41, 10, 120, 130
537012.5.peg.4143.site.42, 6, 122, 128
537012.5.peg.4143.site.43, 2, 124, 126
537012.5.peg.4143.site.44, 0, 124, 124
537012.5.peg.4143.site.45, 2, 122, 124
537012.5.peg.4143.site.46, 1, 125, 126
537012.5.peg.4143.site.47, 1, 126, 127
537012.5.peg.4143.site.48, 1, 126, 127
537012.5.peg.4143.site.49, 8, 127, 135
537012.5.peg.4143.site.50, 9, 126, 135
537012.5.peg.4143.site.51, 0, 123, 123
537012.5.peg.4143.site.52, 35, 124, 159
537012.5.peg.4143.site.53, 6, 122, 128
537012.5.peg.4143.site.54, 30, 118, 148
537012.5.peg.4143.site.55, 2, 120, 122
537012.5.peg.4143.site.56, 40, 118, 158
537012.5.peg.4143.site.57, 78, 121, 199
537012.5.peg.4143.site.58, 6, 124, 130
537012.5.peg.4143.site.59, 10, 125, 135
537012.5.peg.4143.site.60, 37, 113, 150
537012.5.peg.4143.site.61, 61, 107, 168
537012.5.peg.4143.site.62, 8, 109, 117
537012.5.peg.4143.site.63, 13, 111, 124
537012.5.peg.4143.site.64, 45, 115, 160
537012.5.peg.4143.site.65, 12, 119, 131
537012.5.peg.4143.site.66, 36, 124, 160
537012.5.peg.4143.site.67, 34, 125, 159
537012.5.peg.4143.site.68, 34, 125, 159
537012.5.peg.4143.site.69, 1, 133, 134
537012.5.peg.4143.site.70, 10, 130, 140
537012.5.peg.4143.site.71, 1, 130, 131
537012.5.peg.4143.site.72, 33, 128, 161
537012.5.peg.4143.site.73, 118, 130, 248
537012.5.peg.4143.site.74, 64, 129, 193
537012.5.peg.4143.site.75, 60, 123, 183
537012.5.peg.4142.site.1, 3, 124, 127
537012.5.peg.4142.site.2, 1, 121, 122
537012.5.peg.4142.site.3, 5, 123, 128
537012.5.peg.4142.site.4, 0, 118, 118
537012.5.peg.4142.site.5, 10, 113, 123
537012.5.peg.4142.site.6, 21, 120, 141
537012.5.peg.4142.site.7, 4, 126, 130
537012.5.peg.4142.site.8, 12, 129, 141
537012.5.peg.4142.site.9, 7, 130, 137
537012.5.peg.4142.site.10, 0, 129, 129
537012.5.peg.4142.site.11, 0, 130, 130
537012.5.peg.4142.site.12, 8, 130, 138
537012.5.peg.4142.site.13, 0, 128, 128
537012.5.peg.4142.site.14, 0, 130, 130
537012.5.peg.4142.site.15, 0, 128, 128
537012.5.peg.4142.site.16, 7, 131, 138
537012.5.peg.4142.site.17, 1, 128, 129
537012.5.peg.4142.site.18, 1, 127, 128
537012.5.peg.4142.site.19, 1, 108, 109
537012.5.peg.4419.site.1, 3, 132, 135
537012.5.peg.4419.site.2, 28, 132, 160
537012.5.peg.4419.site.3, 10, 132, 142
537012.5.peg.4419.site.4, 1, 131, 132
537012.5.peg.4419.site.5, 1, 130, 131
537012.5.peg.4419.site.6, 3, 133, 136
537012.5.peg.4419.site.7, 25, 133, 158
537012.5.peg.4419.site.8, 1, 134, 135
537012.5.peg.4419.site.9, 6, 134, 140
537012.5.peg.4419.site.10, 1, 134, 135
537012.5.peg.4419.site.11, 11, 134, 145
537012.5.peg.4419.site.12, 10, 134, 144
537012.5.peg.4419.site.13, 4, 129, 133
537012.5.peg.4419.site.14, 21, 131, 152
537012.5.peg.4419.site.15, 0, 134, 134
537012.5.peg.4419.site.16, 3, 131, 134
537012.5.peg.4419.site.17, 10, 134, 144
537012.5.peg.4419.site.18, 2, 130, 132
537012.5.peg.4419.site.19, 12, 130, 142
537012.5.peg.4419.site.20, 2, 131, 133
537012.5.peg.4419.site.21, 3, 132, 135
537012.5.peg.4419.site.22, 1, 134, 135
537012.5.peg.4419.site.23, 2, 131, 133
537012.5.peg.4419.site.24, 1, 130, 131
537012.5.peg.4419.site.25, 46, 129, 175
537012.5.peg.4419.site.26, 1, 131, 132
537012.5.peg.4419.site.27, 9, 128, 137
537012.5.peg.4419.site.28, 79, 129, 208
537012.5.peg.4419.site.29, 9, 132, 141
537012.5.peg.4419.site.30, 5, 131, 136
537012.5.peg.4419.site.31, 1, 133, 134
537012.5.peg.4419.site.32, 0, 132, 132
537012.5.peg.4419.site.33, 4, 132, 136
537012.5.peg.4419.site.34, 4, 131, 135
537012.5.peg.4419.site.35, 10, 133, 143
537012.5.peg.4419.site.36, 5, 133, 138
537012.5.peg.4419.site.37, 1, 133, 134
537012.5.peg.4419.site.38, 4, 132, 136
537012.5.peg.4419.site.39, 4, 132, 136
537012.5.peg.4419.site.40, 9, 134, 143
537012.5.peg.4419.site.41, 39, 133, 172
537012.5.peg.4418.site.1, 4, 132, 136
537012.5.peg.4418.site.2, 4, 132, 136
537012.5.peg.4418.site.3, 15, 133, 148
537012.5.peg.4418.site.4, 2, 134, 136
537012.5.peg.4418.site.5, 2, 134, 136
537012.5.peg.4418.site.6, 4, 132, 136
537012.5.peg.4418.site.7, 53, 129, 182
537012.5.peg.4418.site.8, 2, 130, 132
537012.5.peg.4418.site.9, 4, 130, 134
537012.5.peg.4418.site.10, 3, 131, 134
537012.5.peg.4418.site.11, 1, 134, 135
537012.5.peg.4418.site.12, 1, 134, 135
537012.5.peg.4418.site.13, 10, 133, 143
537012.5.peg.4418.site.14, 5, 132, 137
537012.5.peg.4418.site.15, 2, 134, 136
537012.5.peg.4418.site.16, 14, 131, 145
537012.5.peg.4418.site.17, 1, 134, 135
537012.5.peg.4418.site.18, 13, 132, 145
537012.5.peg.4418.site.19, 4, 132, 136
537012.5.peg.4418.site.20, 3, 131, 134
537012.5.peg.4418.site.21, 6, 130, 136
537012.5.peg.4418.site.22, 3, 132, 135
537012.5.peg.4418.site.23, 1, 134, 135
537012.5.peg.4418.site.24, 4, 134, 138
537012.5.peg.4418.site.25, 3, 133, 136
537012.5.peg.4418.site.26, 4, 132, 136
537012.5.peg.4418.site.27, 4, 132, 136
537012.5.peg.4418.site.28, 8, 129, 137
537012.5.peg.4418.site.29, 1, 134, 135
537012.5.peg.4418.site.30, 55, 131, 186
537012.5.peg.4418.site.31, 4, 132, 136
537012.5.peg.4418.site.32, 4, 132, 136
537012.5.peg.4418.site.33, 26, 132, 158
537012.5.peg.4418.site.34, 4, 132, 136
537012.5.peg.4418.site.35, 1, 134, 135
537012.5.peg.4418.site.36, 12, 133, 145
537012.5.peg.4418.site.37, 5, 133, 138
537012.5.peg.4418.site.38, 4, 134, 138
537012.5.peg.4418.site.39, 13, 133, 146
537012.5.peg.4418.site.40, 1, 134, 135
537012.5.peg.4418.site.41, 1, 133, 134
537012.5.peg.4418.site.42, 3, 130, 133
537012.5.peg.4418.site.43, 10, 131, 141
537012.5.peg.4418.site.44, 9, 129, 138
537012.5.peg.4418.site.45, 1, 129, 130
537012.5.peg.4418.site.46, 3, 128, 131
537012.5.peg.4418.site.47, 0, 127, 127
537012.5.peg.4418.site.48, 1, 129, 130
537012.5.peg.4418.site.49, 1, 130, 131
537012.5.peg.4418.site.50, 0, 133, 133
537012.5.peg.4418.site.51, 2, 133, 135
537012.5.peg.4418.site.52, 4, 131, 135
537012.5.peg.4418.site.53, 14, 131, 145
537012.5.peg.4418.site.54, 3, 133, 136
537012.5.peg.4418.site.55, 1, 133, 134
537012.5.peg.4418.site.56, 10, 134, 144
537012.5.peg.4418.site.57, 9, 132, 141
537012.5.peg.4418.site.58, 4, 133, 137
537012.5.peg.4418.site.59, 1, 134, 135
537012.5.peg.4418.site.60, 9, 133, 142
537012.5.peg.4418.site.61, 5, 133, 138
537012.5.peg.4418.site.62, 5, 133, 138
537012.5.peg.4418.site.63, 0, 134, 134
537012.5.peg.4418.site.64, 14, 134, 148
537012.5.peg.4418.site.65, 3, 133, 136
537012.5.peg.4418.site.66, 3, 129, 132
537012.5.peg.4418.site.67, 0, 132, 132
537012.5.peg.4418.site.68, 2, 130, 132
537012.5.peg.4418.site.69, 5, 130, 135
537012.5.peg.4418.site.70, 2, 130, 132
537012.5.peg.4418.site.71, 0, 127, 127
537012.5.peg.4418.site.72, 0, 128, 128
537012.5.peg.4418.site.73, 3, 130, 133
537012.5.peg.4418.site.74, 1, 131, 132
537012.5.peg.4418.site.75, 1, 131, 132
537012.5.peg.4418.site.76, 1, 130, 131
537012.5.peg.4418.site.77, 1, 131, 132
537012.5.peg.4418.site.78, 1, 129, 130
537012.5.peg.4418.site.79, 10, 130, 140
537012.5.peg.4418.site.80, 4, 132, 136
537012.5.peg.4418.site.81, 1, 134, 135
537012.5.peg.4418.site.82, 6, 134, 140
537012.5.peg.4418.site.83, 2, 131, 133
537012.5.peg.4418.site.84, 1, 131, 132
537012.5.peg.4418.site.85, 1, 133, 134
537012.5.peg.4418.site.86, 13, 130, 143
537012.5.peg.4418.site.87, 1, 130, 131
537012.5.peg.4418.site.88, 1, 130, 131
537012.5.peg.4418.site.89, 5, 133, 138
537012.5.peg.4148.site.1, 5, 133, 138
537012.5.peg.4148.site.2, 11, 133, 144
537012.5.peg.4148.site.3, 1, 133, 134
537012.5.peg.4148.site.4, 5, 133, 138
537012.5.peg.4148.site.5, 0, 134, 134
537012.5.peg.4148.site.6, 13, 131, 144
537012.5.peg.4148.site.7, 0, 134, 134
537012.5.peg.4896.site.1, 0, 130, 130
537012.5.peg.4896.site.2, 6, 128, 134
537012.5.peg.4896.site.3, 4, 130, 134
537012.5.peg.4896.site.4, 6, 131, 137
537012.5.peg.4896.site.5, 8, 130, 138
537012.5.peg.4896.site.6, 6, 127, 133
537012.5.peg.4896.site.7, 1, 128, 129
537012.5.peg.4896.site.8, 1, 126, 127
537012.5.peg.4896.site.9, 2, 129, 131
537012.5.peg.4896.site.10, 3, 131, 134
537012.5.peg.4896.site.11, 3, 132, 135
537012.5.peg.4896.site.12, 3, 133, 136
537012.5.peg.4896.site.13, 1, 132, 133
537012.5.peg.4895.site.1, 76, 117, 193
537012.5.peg.4895.site.2, 2, 119, 121
537012.5.peg.4895.site.3, 13, 118, 131
537012.5.peg.4895.site.4, 67, 107, 174
537012.5.peg.4895.site.5, 13, 112, 125
537012.5.peg.4895.site.6, 3, 102, 105
537012.5.peg.4895.site.7, 72, 99, 171
537012.5.peg.4895.site.8, 61, 97, 158
537012.5.peg.4895.site.9, 57, 97, 154
537012.5.peg.4895.site.10, 0, 96, 96
537012.5.peg.4895.site.11, 0, 97, 97
537012.5.peg.4895.site.12, 1, 98, 99
537012.5.peg.4895.site.13, 90, 113, 203
537012.5.peg.4895.site.14, 1, 123, 124
537012.5.peg.4895.site.15, 52, 120, 172
537012.5.peg.4895.site.16, 64, 120, 184
537012.5.peg.4895.site.17, 1, 121, 122
537012.5.peg.4894.site.1, 8, 121, 129
537012.5.peg.4894.site.2, 8, 122, 130
537012.5.peg.4894.site.3, 24, 123, 147
537012.5.peg.4894.site.4, 3, 123, 126
537012.5.peg.4894.site.5, 3, 121, 124
537012.5.peg.4894.site.6, 16, 122, 138
537012.5.peg.4894.site.7, 15, 119, 134
537012.5.peg.4894.site.8, 45, 115, 160
537012.5.peg.4894.site.9, 17, 115, 132
537012.5.peg.4894.site.10, 7, 118, 125
537012.5.peg.4894.site.11, 46, 117, 163
537012.5.peg.4894.site.12, 3, 122, 125
537012.5.peg.4894.site.13, 8, 123, 131
537012.5.peg.4894.site.14, 54, 118, 172
537012.5.peg.4894.site.15, 6, 121, 127
537012.5.peg.4894.site.16, 2, 120, 122
537012.5.peg.4894.site.17, 59, 121, 180
537012.5.peg.4894.site.18, 3, 123, 126
537012.5.peg.4894.site.19, 1, 122, 123
537012.5.peg.4894.site.20, 1, 122, 123
537012.5.peg.4894.site.21, 7, 120, 127
537012.5.peg.4894.site.22, 20, 120, 140
537012.5.peg.4894.site.23, 90, 119, 209
537012.5.peg.4894.site.24, 2, 119, 121
537012.5.peg.4894.site.25, 2, 118, 120
537012.5.peg.4894.site.26, 32, 122, 154
537012.5.peg.4894.site.27, 1, 118, 119
537012.5.peg.4894.site.28, 8, 121, 129
537012.5.peg.4894.site.29, 82, 105, 187
537012.5.peg.4894.site.30, 1, 112, 113
537012.5.peg.4894.site.31, 19, 116, 135
537012.5.peg.4894.site.32, 1, 120, 121
537012.5.peg.4894.site.33, 2, 122, 124
537012.5.peg.4894.site.34, 16, 121, 137
537012.5.peg.4894.site.35, 3, 122, 125
537012.5.peg.4894.site.36, 0, 117, 117
537012.5.peg.4894.site.37, 23, 118, 141
537012.5.peg.4894.site.38, 12, 114, 126
537012.5.peg.4894.site.39, 2, 112, 114
537012.5.peg.4894.site.40, 86, 109, 195
537012.5.peg.4894.site.41, 43, 109, 152
537012.5.peg.4894.site.42, 72, 105, 177
537012.5.peg.4894.site.43, 1, 98, 99
537012.5.peg.4894.site.44, 20, 53, 73
537012.5.peg.4894.site.45, 1, 47, 48
537012.5.peg.4894.site.46, 1, 41, 42
537012.5.peg.4894.site.47, 8, 36, 44
537012.5.peg.4894.site.48, 27, 67, 94
537012.5.peg.4894.site.49, 0, 106, 106
537012.5.peg.4894.site.50, 21, 112, 133
537012.5.peg.4894.site.51, 9, 119, 128
537012.5.peg.4894.site.52, 9, 119, 128
537012.5.peg.4891.site.1, 1, 88, 89
537012.5.peg.4891.site.2, 1, 85, 86
537012.5.peg.4891.site.3, 2, 85, 87
537012.5.peg.4891.site.4, 6, 86, 92
537012.5.peg.4891.site.5, 12, 87, 99
537012.5.peg.4891.site.6, 3, 84, 87
537012.5.peg.4891.site.7, 1, 85, 86
537012.5.peg.4891.site.8, 5, 85, 90
537012.5.peg.4891.site.9, 1, 85, 86
537012.5.peg.4891.site.10, 20, 82, 102
537012.5.peg.4891.site.11, 10, 89, 99
537012.5.peg.4891.site.12, 0, 96, 96
537012.5.peg.4891.site.13, 8, 116, 124
537012.5.peg.4891.site.14, 1, 127, 128
537012.5.peg.4891.site.15, 1, 126, 127
537012.5.peg.4891.site.16, 0, 127, 127
537012.5.peg.4891.site.17, 0, 129, 129
537012.5.peg.4891.site.18, 1, 134, 135
537012.5.peg.4891.site.19, 35, 132, 167
537012.5.peg.4891.site.20, 1, 132, 133
537012.5.peg.4891.site.21, 1, 131, 132
537012.5.peg.4891.site.22, 1, 131, 132
537012.5.peg.4891.site.23, 0, 130, 130
537012.5.peg.4891.site.24, 3, 130, 133
537012.5.peg.4891.site.25, 3, 129, 132
537012.5.peg.4891.site.26, 8, 125, 133
537012.5.peg.4891.site.27, 6, 130, 136
537012.5.peg.4891.site.28, 1, 131, 132
537012.5.peg.4891.site.29, 33, 134, 167
537012.5.peg.4891.site.30, 11, 132, 143
537012.5.peg.4891.site.31, 3, 134, 137
537012.5.peg.4891.site.32, 10, 131, 141
537012.5.peg.4891.site.33, 111, 130, 241
537012.5.peg.4891.site.34, 6, 133, 139
537012.5.peg.4891.site.35, 3, 130, 133
537012.5.peg.4891.site.36, 17, 130, 147
537012.5.peg.4891.site.37, 4, 129, 133
537012.5.peg.4891.site.38, 25, 130, 155
537012.5.peg.4891.site.39, 7, 133, 140
537012.5.peg.4891.site.40, 1, 134, 135
537012.5.peg.4891.site.41, 6, 134, 140
537012.5.peg.4891.site.42, 4, 132, 136
537012.5.peg.4891.site.43, 1, 133, 134
537012.5.peg.4891.site.44, 2, 133, 135
537012.5.peg.4891.site.45, 1, 132, 133
537012.5.peg.4891.site.46, 11, 131, 142
537012.5.peg.4891.site.47, 0, 131, 131
537012.5.peg.4891.site.48, 2, 132, 134
537012.5.peg.4891.site.49, 6, 131, 137
537012.5.peg.4891.site.50, 0, 130, 130
537012.5.peg.4891.site.51, 1, 129, 130
537012.5.peg.4891.site.52, 1, 129, 130
537012.5.peg.4891.site.53, 0, 131, 131
537012.5.peg.4891.site.54, 104, 129, 233
537012.5.peg.4891.site.55, 3, 128, 131
537012.5.peg.4891.site.56, 3, 128, 131
537012.5.peg.4891.site.57, 2, 126, 128
537012.5.peg.4891.site.58, 88, 123, 211
537012.5.peg.4891.site.59, 1, 122, 123
537012.5.peg.4891.site.60, 4, 121, 125
537012.5.peg.4891.site.61, 3, 126, 129
537012.5.peg.4891.site.62, 1, 125, 126
537012.5.peg.4891.site.63, 3, 126, 129
537012.5.peg.4891.site.64, 3, 125, 128
537012.5.peg.4891.site.65, 0, 120, 120
537012.5.peg.4891.site.66, 6, 118, 124
537012.5.peg.4891.site.67, 1, 105, 106
537012.5.peg.4891.site.68, 1, 93, 94
537012.5.peg.4891.site.69, 7, 91, 98
537012.5.peg.4891.site.70, 12, 88, 100
537012.5.peg.4891.site.71, 1, 87, 88
537012.5.peg.4891.site.72, 33, 85, 118
537012.5.peg.4891.site.73, 6, 82, 88
537012.5.peg.4891.site.74, 1, 82, 83
537012.5.peg.4891.site.75, 19, 81, 100
537012.5.peg.4891.site.76, 2, 81, 83
537012.5.peg.4891.site.77, 1, 82, 83
537012.5.peg.4891.site.78, 10, 84, 94
537012.5.peg.4891.site.79, 1, 83, 84
537012.5.peg.4891.site.80, 0, 86, 86
537012.5.peg.4891.site.81, 18, 85, 103
537012.5.peg.4891.site.82, 3, 81, 84
537012.5.peg.4891.site.83, 2, 83, 85
537012.5.peg.4891.site.84, 10, 82, 92
537012.5.peg.4891.site.85, 0, 84, 84
537012.5.peg.4891.site.86, 6, 83, 89
537012.5.peg.4891.site.87, 1, 84, 85
537012.5.peg.4891.site.88, 1, 83, 84
537012.5.peg.4891.site.89, 20, 82, 102
537012.5.peg.4891.site.90, 8, 79, 87
537012.5.peg.4891.site.91, 1, 102, 103
537012.5.peg.4891.site.92, 1, 102, 103
537012.5.peg.4891.site.93, 2, 105, 107
537012.5.peg.4891.site.94, 10, 102, 112
537012.5.peg.4891.site.95, 34, 106, 140
537012.5.peg.4891.site.96, 15, 115, 130
537012.5.peg.4891.site.97, 9, 129, 138
537012.5.peg.4891.site.98, 2, 132, 134
537012.5.peg.4891.site.99, 1, 130, 131
537012.5.peg.4891.site.100, 1, 131, 132
537012.5.peg.4891.site.101, 1, 130, 131
537012.5.peg.4891.site.102, 0, 131, 131
537012.5.peg.4891.site.103, 0, 131, 131
537012.5.peg.4891.site.104, 1, 131, 132
537012.5.peg.4891.site.105, 1, 131, 132
537012.5.peg.4891.site.106, 0, 130, 130
537012.5.peg.4890.site.1, 1, 127, 128
537012.5.peg.4890.site.2, 12, 126, 138
537012.5.peg.4890.site.3, 6, 127, 133
537012.5.peg.4890.site.4, 1, 125, 126
537012.5.peg.4890.site.5, 2, 128, 130
537012.5.peg.4890.site.6, 1, 126, 127
537012.5.peg.4890.site.7, 13, 131, 144
537012.5.peg.4890.site.8, 3, 131, 134
537012.5.peg.4890.site.9, 2, 131, 133
537012.5.peg.4890.site.10, 10, 130, 140
537012.5.peg.4890.site.11, 3, 130, 133
537012.5.peg.4890.site.12, 1, 131, 132
537012.5.peg.4890.site.13, 21, 131, 152
537012.5.peg.4890.site.14, 1, 131, 132
537012.5.peg.4890.site.15, 1, 131, 132
537012.5.peg.4890.site.16, 3, 129, 132
537012.5.peg.4890.site.17, 3, 126, 129
537012.5.peg.4890.site.18, 1, 127, 128
537012.5.peg.4890.site.19, 1, 113, 114
537012.5.peg.4890.site.20, 6, 113, 119
537012.5.peg.4890.site.21, 37, 111, 148
537012.5.peg.4890.site.22, 14, 114, 128
537012.5.peg.4890.site.23, 17, 117, 134
537012.5.peg.4890.site.24, 1, 116, 117
537012.5.peg.4890.site.25, 6, 116, 122
537012.5.peg.4890.site.26, 22, 113, 135
537012.5.peg.4890.site.27, 1, 113, 114
537012.5.peg.4890.site.28, 20, 114, 134
537012.5.peg.4890.site.29, 1, 114, 115
537012.5.peg.4890.site.30, 10, 114, 124
537012.5.peg.4890.site.31, 5, 111, 116
537012.5.peg.4890.site.32, 17, 115, 132
537012.5.peg.4890.site.33, 4, 115, 119
537012.5.peg.4890.site.34, 2, 114, 116
537012.5.peg.4890.site.35, 2, 113, 115
537012.5.peg.4890.site.36, 3, 112, 115
537012.5.peg.4890.site.37, 0, 106, 106
537012.5.peg.4890.site.38, 18, 94, 112
537012.5.peg.4890.site.39, 21, 95, 116
537012.5.peg.4890.site.40, 1, 96, 97
537012.5.peg.4890.site.41, 1, 90, 91
537012.5.peg.4890.site.42, 1, 86, 87
537012.5.peg.4890.site.43, 74, 77, 151
537012.5.peg.4890.site.44, 5, 77, 82
537012.5.peg.4890.site.45, 15, 74, 89
537012.5.peg.4890.site.46, 2, 77, 79
537012.5.peg.4890.site.47, 1, 78, 79
537012.5.peg.4890.site.48, 4, 81, 85
537012.5.peg.4890.site.49, 1, 81, 82
537012.5.peg.4890.site.50, 31, 83, 114
537012.5.peg.4890.site.51, 1, 94, 95
537012.5.peg.4890.site.52, 5, 120, 125
537012.5.peg.4890.site.53, 37, 129, 166
537012.5.peg.4890.site.54, 2, 128, 130
537012.5.peg.4890.site.55, 3, 130, 133
537012.5.peg.4890.site.56, 37, 127, 164
537012.5.peg.4890.site.57, 6, 127, 133
537012.5.peg.4890.site.58, 21, 124, 145
537012.5.peg.4890.site.59, 18, 125, 143
537012.5.peg.4890.site.60, 4, 125, 129
537012.5.peg.4890.site.61, 12, 125, 137
537012.5.peg.4890.site.62, 8, 129, 137
537012.5.peg.4890.site.63, 0, 128, 128
537012.5.peg.4890.site.64, 2, 126, 128
537012.5.peg.4890.site.65, 0, 126, 126
537012.5.peg.4890.site.66, 0, 120, 120
537012.5.peg.4890.site.67, 1, 107, 108
537012.5.peg.4890.site.68, 9, 107, 116
537012.5.peg.4890.site.69, 5, 106, 111
537012.5.peg.4566.site.1, 8, 127, 135
537012.5.peg.4566.site.2, 3, 128, 131
537012.5.peg.4566.site.3, 7, 127, 134
537012.5.peg.4566.site.4, 8, 126, 134
537012.5.peg.4566.site.5, 7, 127, 134
537012.5.peg.4566.site.6, 80, 128, 208
537012.5.peg.4566.site.7, 2, 126, 128
537012.5.peg.4566.site.8, 3, 132, 135
537012.5.peg.4566.site.9, 3, 132, 135
537012.5.peg.4566.site.10, 1, 132, 133
537012.5.peg.4566.site.11, 1, 134, 135
537012.5.peg.4566.site.12, 1, 132, 133
537012.5.peg.4566.site.13, 31, 96, 127
537012.5.peg.4566.site.14, 1, 81, 82
537012.5.peg.4566.site.15, 68, 77, 145
537012.5.peg.4566.site.16, 33, 76, 109
537012.5.peg.4564.site.1, 57, 123, 180
537012.5.peg.4564.site.2, 1, 128, 129
537012.5.peg.4564.site.3, 1, 127, 128
537012.5.peg.4564.site.4, 4, 125, 129
537012.5.peg.4564.site.5, 118, 127, 245
537012.5.peg.4564.site.6, 1, 129, 130
537012.5.peg.4564.site.7, 66, 131, 197
537012.5.peg.4564.site.8, 1, 129, 130
537012.5.peg.4564.site.9, 6, 109, 115
537012.5.peg.4564.site.10, 13, 108, 121
537012.5.peg.4564.site.11, 20, 103, 123
537012.5.peg.4564.site.12, 2, 102, 104
537012.5.peg.4564.site.13, 12, 96, 108
537012.5.peg.4564.site.14, 3, 97, 100
537012.5.peg.4564.site.15, 0, 100, 100
537012.5.peg.4564.site.16, 14, 99, 113
537012.5.peg.4564.site.17, 21, 97, 118
537012.5.peg.4564.site.18, 5, 92, 97
537012.5.peg.4564.site.19, 22, 92, 114
537012.5.peg.4564.site.20, 2, 90, 92
537012.5.peg.4564.site.21, 1, 91, 92
537012.5.peg.4564.site.22, 75, 76, 151
537012.5.peg.4564.site.23, 11, 77, 88
537012.5.peg.4564.site.24, 43, 74, 117
537012.5.peg.4564.site.25, 1, 77, 78
537012.5.peg.4564.site.26, 1, 76, 77
537012.5.peg.4564.site.27, 74, 77, 151
537012.5.peg.4564.site.28, 9, 77, 86
537012.5.peg.4564.site.29, 74, 77, 151
537012.5.peg.4564.site.30, 11, 76, 87
537012.5.peg.4564.site.31, 5, 78, 83
537012.5.peg.4564.site.32, 0, 98, 98
537012.5.peg.4564.site.33, 1, 104, 105
537012.5.peg.4564.site.34, 2, 109, 111
537012.5.peg.4564.site.35, 1, 110, 111
537012.5.peg.4564.site.36, 1, 114, 115
537012.5.peg.4564.site.37, 4, 119, 123
537012.5.peg.4564.site.38, 3, 118, 121
537012.5.peg.4564.site.39, 93, 102, 195
537012.5.peg.4564.site.40, 0, 90, 90
537012.5.peg.4564.site.41, 1, 108, 109
537012.5.peg.4564.site.42, 18, 115, 133
537012.5.peg.4564.site.43, 108, 123, 231
537012.5.peg.4564.site.44, 1, 128, 129
537012.5.peg.4564.site.45, 0, 130, 130
537012.5.peg.4564.site.46, 124, 128, 252
537012.5.peg.4564.site.47, 3, 131, 134
537012.5.peg.4564.site.48, 32, 131, 163
537012.5.peg.4564.site.49, 7, 123, 130
537012.5.peg.4564.site.50, 7, 130, 137
537012.5.peg.4564.site.51, 1, 131, 132
537012.5.peg.4564.site.52, 1, 131, 132
537012.5.peg.4564.site.53, 0, 127, 127
537012.5.peg.4564.site.54, 5, 129, 134
537012.5.peg.4564.site.55, 1, 127, 128
537012.5.peg.4564.site.56, 1, 128, 129
537012.5.peg.4564.site.57, 1, 124, 125
537012.5.peg.4564.site.58, 33, 117, 150
537012.5.peg.4564.site.59, 1, 123, 124
537012.5.peg.4564.site.60, 1, 124, 125
537012.5.peg.4564.site.61, 4, 128, 132
537012.5.peg.4564.site.62, 0, 126, 126
537012.5.peg.4564.site.63, 1, 118, 119
537012.5.peg.4564.site.64, 9, 121, 130
537012.5.peg.4564.site.65, 4, 97, 101
537012.5.peg.4564.site.66, 45, 88, 133
537012.5.peg.4564.site.67, 9, 84, 93
537012.5.peg.4564.site.68, 12, 80, 92
537012.5.peg.4564.site.69, 1, 80, 81
537012.5.peg.4563.site.1, 0, 121, 121
537012.5.peg.4563.site.2, 1, 120, 121
537012.5.peg.4563.site.3, 4, 114, 118
537012.5.peg.4563.site.4, 3, 116, 119
537012.5.peg.4563.site.5, 3, 102, 105
537012.5.peg.4563.site.6, 8, 99, 107
537012.5.peg.4563.site.7, 16, 91, 107
537012.5.peg.4563.site.8, 4, 92, 96
537012.5.peg.4563.site.9, 12, 87, 99
537012.5.peg.4563.site.10, 0, 83, 83
537012.5.peg.4563.site.11, 55, 76, 131
537012.5.peg.4563.site.12, 3, 81, 84
537012.5.peg.4563.site.13, 1, 95, 96
537012.5.peg.4563.site.14, 30, 107, 137
537012.5.peg.4563.site.15, 3, 105, 108
537012.5.peg.4563.site.16, 1, 106, 107
537012.5.peg.4563.site.17, 2, 107, 109
537012.5.peg.4563.site.18, 55, 106, 161
537012.5.peg.4563.site.19, 6, 103, 109
537012.5.peg.4563.site.20, 1, 86, 87
537012.5.peg.4563.site.21, 2, 83, 85
537012.5.peg.4563.site.22, 6, 84, 90
537012.5.peg.4563.site.23, 11, 87, 98
537012.5.peg.4563.site.24, 6, 92, 98
537012.5.peg.4563.site.25, 3, 100, 103
537012.5.peg.4563.site.26, 2, 104, 106
537012.5.peg.4563.site.27, 10, 105, 115
537012.5.peg.4563.site.28, 15, 94, 109
537012.5.peg.4563.site.29, 4, 85, 89
537012.5.peg.4563.site.30, 1, 82, 83
537012.5.peg.4563.site.31, 6, 78, 84
537012.5.peg.4563.site.32, 3, 79, 82
537012.5.peg.4563.site.33, 5, 71, 76
537012.5.peg.4563.site.34, 0, 82, 82
537012.5.peg.4563.site.35, 5, 85, 90
537012.5.peg.4563.site.36, 1, 80, 81
537012.5.peg.4563.site.37, 30, 74, 104
537012.5.peg.4563.site.38, 55, 75, 130
537012.5.peg.4563.site.39, 67, 82, 149
537012.5.peg.4563.site.40, 77, 85, 162
537012.5.peg.4563.site.41, 2, 92, 94
537012.5.peg.4563.site.42, 7, 97, 104
537012.5.peg.4563.site.43, 3, 111, 114
537012.5.peg.4563.site.44, 1, 111, 112
537012.5.peg.4563.site.45, 1, 114, 115
537012.5.peg.4563.site.46, 1, 115, 116
537012.5.peg.4563.site.47, 66, 116, 182
537012.5.peg.4563.site.48, 1, 115, 116
537012.5.peg.4563.site.49, 1, 116, 117
537012.5.peg.4563.site.50, 25, 120, 145
537012.5.peg.4563.site.51, 1, 126, 127
537012.5.peg.4563.site.52, 3, 127, 130
537012.5.peg.4563.site.53, 15, 130, 145
537012.5.peg.4563.site.54, 0, 131, 131
537012.5.peg.4563.site.55, 4, 126, 130
537012.5.peg.4563.site.56, 4, 115, 119
537012.5.peg.4562.site.1, 2, 77, 79
537012.5.peg.4562.site.2, 3, 71, 74
537012.5.peg.4562.site.3, 1, 76, 77
537012.5.peg.4562.site.4, 3, 125, 128
537012.5.peg.4562.site.5, 3, 129, 132
537012.5.peg.4562.site.6, 0, 130, 130
537012.5.peg.4562.site.7, 0, 128, 128
537012.5.peg.4562.site.8, 0, 128, 128
537012.5.peg.4562.site.9, 0, 128, 128
537012.5.peg.4562.site.10, 3, 125, 128
537012.5.peg.4562.site.11, 0, 123, 123
537012.5.peg.4562.site.12, 27, 123, 150
537012.5.peg.4562.site.13, 4, 125, 129
537012.5.peg.4562.site.14, 3, 121, 124
537012.5.peg.4562.site.15, 0, 125, 125
537012.5.peg.4562.site.16, 4, 122, 126
537012.5.peg.4562.site.17, 3, 120, 123
537012.5.peg.4562.site.18, 1, 118, 119
537012.5.peg.4562.site.19, 1, 117, 118
537012.5.peg.4562.site.20, 11, 107, 118
537012.5.peg.4562.site.21, 9, 111, 120
537012.5.peg.4562.site.22, 4, 110, 114
537012.5.peg.4562.site.23, 8, 103, 111
537012.5.peg.4562.site.24, 95, 102, 197
537012.5.peg.4562.site.25, 97, 104, 201
537012.5.peg.4562.site.26, 2, 125, 127
537012.5.peg.4562.site.27, 1, 125, 126
537012.5.peg.3968.site.1, 4, 126, 130
537012.5.peg.3968.site.2, 4, 126, 130
537012.5.peg.3968.site.3, 17, 128, 145
537012.5.peg.3968.site.4, 1, 128, 129
537012.5.peg.3968.site.5, 41, 124, 165
537012.5.peg.3968.site.6, 1, 124, 125
537012.5.peg.3968.site.7, 1, 125, 126
537012.5.peg.3968.site.8, 1, 126, 127
537012.5.peg.3968.site.9, 2, 125, 127
537012.5.peg.3968.site.10, 14, 126, 140
537012.5.peg.3968.site.11, 28, 126, 154
537012.5.peg.3968.site.12, 2, 128, 130
537012.5.peg.3968.site.13, 4, 126, 130
537012.5.peg.3968.site.14, 2, 128, 130
537012.5.peg.3968.site.15, 4, 128, 132
537012.5.peg.3968.site.16, 4, 125, 129
537012.5.peg.3968.site.17, 3, 124, 127
537012.5.peg.3968.site.18, 8, 127, 135
537012.5.peg.3968.site.19, 4, 125, 129
537012.5.peg.3968.site.20, 6, 123, 129
537012.5.peg.3968.site.21, 56, 122, 178
537012.5.peg.3968.site.22, 10, 124, 134
537012.5.peg.3968.site.23, 38, 125, 163
537012.5.peg.3968.site.24, 1, 128, 129
537012.5.peg.3968.site.25, 5, 126, 131
537012.5.peg.3968.site.26, 2, 128, 130
537012.5.peg.3968.site.27, 4, 126, 130
537012.5.peg.3968.site.28, 10, 127, 137
537012.5.peg.3968.site.29, 8, 128, 136
537012.5.peg.4569.site.1, 0, 132, 132
537012.5.peg.4569.site.2, 15, 128, 143
537012.5.peg.4569.site.3, 5, 128, 133
537012.5.peg.4569.site.4, 10, 126, 136
537012.5.peg.4569.site.5, 1, 128, 129
537012.5.peg.4569.site.6, 4, 127, 131
537012.5.peg.4569.site.7, 11, 128, 139
537012.5.peg.4569.site.8, 11, 127, 138
537012.5.peg.4569.site.9, 3, 129, 132
537012.5.peg.4569.site.10, 8, 127, 135
537012.5.peg.4569.site.11, 3, 128, 131
537012.5.peg.4569.site.12, 0, 128, 128
537012.5.peg.4569.site.13, 0, 128, 128
537012.5.peg.4569.site.14, 7, 134, 141
537012.5.peg.4569.site.15, 4, 130, 134
537012.5.peg.4569.site.16, 6, 127, 133
537012.5.peg.4569.site.17, 1, 127, 128
537012.5.peg.4569.site.18, 7, 126, 133
537012.5.peg.4569.site.19, 1, 126, 127
537012.5.peg.4569.site.20, 3, 121, 124
537012.5.peg.1869.site.1, 16, 132, 148
537012.5.peg.1869.site.2, 4, 86, 90
537012.5.peg.1869.site.3, 3, 90, 93
537012.5.peg.1869.site.4, 3, 101, 104
537012.5.peg.1869.site.5, 17, 127, 144
537012.5.peg.1869.site.6, 2, 129, 131
537012.5.peg.1869.site.7, 19, 132, 151
537012.5.peg.1869.site.8, 3, 132, 135
537012.5.peg.1869.site.9, 3, 131, 134
537012.5.peg.1869.site.10, 21, 132, 153
537012.5.peg.1869.site.11, 6, 133, 139
537012.5.peg.1869.site.12, 1, 129, 130
537012.5.peg.1869.site.13, 36, 129, 165
537012.5.peg.1869.site.14, 1, 129, 130
537012.5.peg.1869.site.15, 1, 129, 130
537012.5.peg.1869.site.16, 2, 129, 131
537012.5.peg.1869.site.17, 6, 128, 134
537012.5.peg.1869.site.18, 2, 129, 131
537012.5.peg.1869.site.19, 2, 129, 131
537012.5.peg.1869.site.20, 2, 130, 132
537012.5.peg.1869.site.21, 2, 130, 132
537012.5.peg.1869.site.22, 1, 132, 133
537012.5.peg.1869.site.23, 10, 131, 141
537012.5.peg.1869.site.24, 41, 133, 174
537012.5.peg.1869.site.25, 5, 132, 137
537012.5.peg.1869.site.26, 1, 132, 133
537012.5.peg.1869.site.27, 18, 132, 150
537012.5.peg.1869.site.28, 4, 129, 133
537012.5.peg.1869.site.29, 4, 129, 133
537012.5.peg.1869.site.30, 25, 127, 152
537012.5.peg.1869.site.31, 2, 127, 129
537012.5.peg.1869.site.32, 16, 126, 142
537012.5.peg.1869.site.33, 33, 124, 157
537012.5.peg.1869.site.34, 2, 125, 127
537012.5.peg.1869.site.35, 1, 126, 127
537012.5.peg.1869.site.36, 19, 127, 146
537012.5.peg.1869.site.37, 5, 126, 131
537012.5.peg.1869.site.38, 5, 126, 131
537012.5.peg.1869.site.39, 18, 128, 146
537012.5.peg.1869.site.40, 25, 128, 153
537012.5.peg.1869.site.41, 1, 131, 132
537012.5.peg.1869.site.42, 3, 130, 133
537012.5.peg.1868.site.1, 1, 134, 135
537012.5.peg.1868.site.2, 4, 134, 138
537012.5.peg.1868.site.3, 1, 134, 135
537012.5.peg.1868.site.4, 9, 133, 142
537012.5.peg.1868.site.5, 1, 134, 135
537012.5.peg.1868.site.6, 1, 134, 135
537012.5.peg.1868.site.7, 7, 133, 140
537012.5.peg.1868.site.8, 26, 133, 159
537012.5.peg.1868.site.9, 6, 134, 140
537012.5.peg.1868.site.10, 32, 133, 165
537012.5.peg.1868.site.11, 11, 132, 143
537012.5.peg.1868.site.12, 1, 134, 135
537012.5.peg.1868.site.13, 2, 134, 136
537012.5.peg.1868.site.14, 8, 134, 142
537012.5.peg.1868.site.15, 3, 134, 137
537012.5.peg.1868.site.16, 4, 131, 135
537012.5.peg.1868.site.17, 1, 131, 132
537012.5.peg.1868.site.18, 25, 130, 155
537012.5.peg.1868.site.19, 27, 131, 158
537012.5.peg.1868.site.20, 0, 133, 133
537012.5.peg.1868.site.21, 14, 133, 147
537012.5.peg.1868.site.22, 1, 134, 135
537012.5.peg.1868.site.23, 1, 134, 135
537012.5.peg.1868.site.24, 96, 134, 230
537012.5.peg.1868.site.25, 17, 134, 151
537012.5.peg.1868.site.26, 6, 134, 140
537012.5.peg.1868.site.27, 4, 134, 138
537012.5.peg.1868.site.28, 5, 133, 138
537012.5.peg.1861.site.1, 4, 128, 132
537012.5.peg.1861.site.2, 4, 130, 134
537012.5.peg.1861.site.3, 0, 134, 134
537012.5.peg.1861.site.4, 0, 134, 134
537012.5.peg.1861.site.5, 25, 133, 158
537012.5.peg.1861.site.6, 0, 133, 133
537012.5.peg.1861.site.7, 0, 133, 133
537012.5.peg.1861.site.8, 1, 134, 135
537012.5.peg.1861.site.9, 7, 134, 141
537012.5.peg.1861.site.10, 10, 132, 142
537012.5.peg.1861.site.11, 1, 134, 135
537012.5.peg.1861.site.12, 57, 133, 190
537012.5.peg.1861.site.13, 1, 134, 135
537012.5.peg.1861.site.14, 29, 133, 162
537012.5.peg.1861.site.15, 3, 133, 136
537012.5.peg.1861.site.16, 1, 134, 135
537012.5.peg.1861.site.17, 7, 134, 141
537012.5.peg.1861.site.18, 1, 134, 135
537012.5.peg.1861.site.19, 4, 131, 135
537012.5.peg.1861.site.20, 6, 133, 139
537012.5.peg.1861.site.21, 28, 133, 161
537012.5.peg.1861.site.22, 6, 133, 139
537012.5.peg.1861.site.23, 3, 134, 137
537012.5.peg.1861.site.24, 29, 134, 163
537012.5.peg.1861.site.25, 113, 133, 246
537012.5.peg.1861.site.26, 2, 134, 136
537012.5.peg.1861.site.27, 8, 133, 141
537012.5.peg.1861.site.28, 3, 131, 134
537012.5.peg.1861.site.29, 6, 134, 140
537012.5.peg.1861.site.30, 90, 134, 224
537012.5.peg.1861.site.31, 1, 134, 135
537012.5.peg.1861.site.32, 5, 133, 138
537012.5.peg.1861.site.33, 5, 133, 138
537012.5.peg.1861.site.34, 8, 132, 140
537012.5.peg.1861.site.35, 1, 132, 133
537012.5.peg.1861.site.36, 9, 133, 142
537012.5.peg.1861.site.37, 3, 133, 136
537012.5.peg.1861.site.38, 2, 133, 135
537012.5.peg.1861.site.39, 0, 132, 132
537012.5.peg.1861.site.40, 4, 130, 134
537012.5.peg.1861.site.41, 3, 131, 134
537012.5.peg.1861.site.42, 1, 127, 128
537012.5.peg.1863.site.1, 6, 133, 139
537012.5.peg.1863.site.2, 3, 133, 136
537012.5.peg.1863.site.3, 129, 132, 261
537012.5.peg.1863.site.4, 5, 132, 137
537012.5.peg.1863.site.5, 72, 129, 201
537012.5.peg.1863.site.6, 103, 133, 236
537012.5.peg.1863.site.7, 14, 133, 147
537012.5.peg.1863.site.8, 1, 133, 134
537012.5.peg.1863.site.9, 7, 133, 140
537012.5.peg.1863.site.10, 3, 134, 137
537012.5.peg.1863.site.11, 6, 134, 140
537012.5.peg.1863.site.12, 0, 132, 132
537012.5.peg.1863.site.13, 5, 134, 139
537012.5.peg.1863.site.14, 7, 134, 141
537012.5.peg.1863.site.15, 14, 134, 148
537012.5.peg.1863.site.16, 7, 134, 141
537012.5.peg.1863.site.17, 25, 132, 157
537012.5.peg.1863.site.18, 10, 133, 143
537012.5.peg.1863.site.19, 3, 134, 137
537012.5.peg.1863.site.20, 0, 134, 134
537012.5.peg.1863.site.21, 7, 134, 141
537012.5.peg.1863.site.22, 2, 134, 136
537012.5.peg.1863.site.23, 2, 133, 135
537012.5.peg.1863.site.24, 0, 134, 134
537012.5.peg.1863.site.25, 6, 134, 140
537012.5.peg.1863.site.26, 97, 133, 230
537012.5.peg.1863.site.27, 7, 134, 141
537012.5.peg.1863.site.28, 5, 134, 139
537012.5.peg.1863.site.29, 10, 134, 144
537012.5.peg.1863.site.30, 2, 134, 136
537012.5.peg.1863.site.31, 54, 133, 187
537012.5.peg.1863.site.32, 27, 134, 161
537012.5.peg.1863.site.33, 3, 131, 134
537012.5.peg.1863.site.34, 1, 132, 133
537012.5.peg.1863.site.35, 7, 133, 140
537012.5.peg.1863.site.36, 5, 133, 138
537012.5.peg.1863.site.37, 20, 133, 153
537012.5.peg.1863.site.38, 6, 132, 138
537012.5.peg.1863.site.39, 5, 132, 137
537012.5.peg.1863.site.40, 129, 134, 263
537012.5.peg.1863.site.41, 1, 133, 134
537012.5.peg.1863.site.42, 6, 134, 140
537012.5.peg.1863.site.43, 6, 134, 140
537012.5.peg.1863.site.44, 122, 131, 253
537012.5.peg.1863.site.45, 1, 132, 133
537012.5.peg.1863.site.46, 6, 131, 137
537012.5.peg.1863.site.47, 6, 130, 136
537012.5.peg.1863.site.48, 7, 132, 139
537012.5.peg.1863.site.49, 4, 133, 137
537012.5.peg.1863.site.50, 3, 132, 135
537012.5.peg.1863.site.51, 26, 133, 159
537012.5.peg.1863.site.52, 6, 128, 134
537012.5.peg.1863.site.53, 2, 133, 135
537012.5.peg.1863.site.54, 1, 134, 135
537012.5.peg.1863.site.55, 1, 134, 135
537012.5.peg.1863.site.56, 3, 133, 136
537012.5.peg.1863.site.57, 1, 133, 134
537012.5.peg.1863.site.58, 1, 134, 135
537012.5.peg.1863.site.59, 4, 131, 135
537012.5.peg.1863.site.60, 6, 133, 139
537012.5.peg.1863.site.61, 6, 133, 139
537012.5.peg.1863.site.62, 31, 131, 162
537012.5.peg.1863.site.63, 25, 133, 158
537012.5.peg.1863.site.64, 3, 133, 136
537012.5.peg.1863.site.65, 7, 134, 141
537012.5.peg.1863.site.66, 45, 131, 176
537012.5.peg.1863.site.67, 3, 131, 134
537012.5.peg.1863.site.68, 1, 130, 131
537012.5.peg.1863.site.69, 4, 127, 131
537012.5.peg.1863.site.70, 1, 128, 129
537012.5.peg.1863.site.71, 121, 129, 250
537012.5.peg.1863.site.72, 1, 130, 131
537012.5.peg.1863.site.73, 5, 133, 138
537012.5.peg.1863.site.74, 4, 132, 136
537012.5.peg.1863.site.75, 7, 134, 141
537012.5.peg.1863.site.76, 2, 133, 135
537012.5.peg.1863.site.77, 6, 134, 140
537012.5.peg.1863.site.78, 24, 134, 158
537012.5.peg.1863.site.79, 15, 133, 148
537012.5.peg.1863.site.80, 1, 134, 135
537012.5.peg.1863.site.81, 8, 134, 142
537012.5.peg.1863.site.82, 1, 134, 135
537012.5.peg.1863.site.83, 38, 133, 171
537012.5.peg.1863.site.84, 7, 134, 141
537012.5.peg.1863.site.85, 3, 134, 137
537012.5.peg.1863.site.86, 6, 134, 140
537012.5.peg.1863.site.87, 30, 131, 161
537012.5.peg.1863.site.88, 4, 131, 135
537012.5.peg.1863.site.89, 4, 131, 135
537012.5.peg.1863.site.90, 5, 132, 137
537012.5.peg.1863.site.91, 1, 131, 132
537012.5.peg.1863.site.92, 5, 132, 137
537012.5.peg.1863.site.93, 2, 129, 131
537012.5.peg.1863.site.94, 1, 128, 129
537012.5.peg.1863.site.95, 1, 129, 130
537012.5.peg.1863.site.96, 0, 130, 130
537012.5.peg.1863.site.97, 2, 130, 132
537012.5.peg.1863.site.98, 1, 130, 131
537012.5.peg.1863.site.99, 6, 133, 139
537012.5.peg.1863.site.100, 7, 134, 141
537012.5.peg.1863.site.101, 5, 134, 139
537012.5.peg.1863.site.102, 47, 133, 180
537012.5.peg.1863.site.103, 5, 134, 139
537012.5.peg.1863.site.104, 12, 134, 146
537012.5.peg.1863.site.105, 9, 134, 143
537012.5.peg.1863.site.106, 7, 134, 141
537012.5.peg.1863.site.107, 11, 134, 145
537012.5.peg.1863.site.108, 7, 134, 141
537012.5.peg.1863.site.109, 2, 134, 136
537012.5.peg.1863.site.110, 5, 132, 137
537012.5.peg.1863.site.111, 37, 132, 169
537012.5.peg.1863.site.112, 5, 132, 137
537012.5.peg.1863.site.113, 4, 132, 136
537012.5.peg.1863.site.114, 11, 133, 144
537012.5.peg.1863.site.115, 1, 133, 134
537012.5.peg.1863.site.116, 6, 133, 139
537012.5.peg.1863.site.117, 2, 134, 136
537012.5.peg.1863.site.118, 18, 134, 152
537012.5.peg.1863.site.119, 1, 134, 135
537012.5.peg.1863.site.120, 1, 134, 135
537012.5.peg.1863.site.121, 12, 134, 146
537012.5.peg.1863.site.122, 7, 133, 140
537012.5.peg.1863.site.123, 6, 133, 139
537012.5.peg.1863.site.124, 31, 134, 165
537012.5.peg.1863.site.125, 11, 134, 145
537012.5.peg.1863.site.126, 6, 134, 140
537012.5.peg.1863.site.127, 4, 133, 137
537012.5.peg.1863.site.128, 3, 134, 137
537012.5.peg.1863.site.129, 5, 134, 139
537012.5.peg.1863.site.130, 7, 134, 141
537012.5.peg.1863.site.131, 0, 131, 131
537012.5.peg.1863.site.132, 0, 129, 129
537012.5.peg.1863.site.133, 5, 127, 132
537012.5.peg.1863.site.134, 18, 133, 151
537012.5.peg.1863.site.135, 24, 132, 156
537012.5.peg.1863.site.136, 1, 134, 135
537012.5.peg.1863.site.137, 1, 130, 131
537012.5.peg.1863.site.138, 0, 132, 132
537012.5.peg.1863.site.139, 1, 134, 135
537012.5.peg.1863.site.140, 1, 134, 135
537012.5.peg.1862.site.1, 5, 110, 115
537012.5.peg.1862.site.2, 1, 134, 135
537012.5.peg.1862.site.3, 1, 134, 135
537012.5.peg.1862.site.4, 1, 134, 135
537012.5.peg.1862.site.5, 3, 134, 137
537012.5.peg.1862.site.6, 4, 132, 136
537012.5.peg.1862.site.7, 1, 128, 129
537012.5.peg.1862.site.8, 3, 128, 131
537012.5.peg.1862.site.9, 1, 128, 129
537012.5.peg.1862.site.10, 6, 133, 139
537012.5.peg.1862.site.11, 6, 134, 140
537012.5.peg.1862.site.12, 1, 134, 135
537012.5.peg.1862.site.13, 5, 134, 139
537012.5.peg.1862.site.14, 0, 134, 134
537012.5.peg.1862.site.15, 6, 133, 139
537012.5.peg.1862.site.16, 1, 134, 135
537012.5.peg.1862.site.17, 5, 134, 139
537012.5.peg.1862.site.18, 93, 134, 227
537012.5.peg.1862.site.19, 2, 134, 136
537012.5.peg.1862.site.20, 6, 134, 140
537012.5.peg.1862.site.21, 6, 134, 140
537012.5.peg.1865.site.1, 1, 134, 135
537012.5.peg.1865.site.2, 3, 134, 137
537012.5.peg.1865.site.3, 3, 134, 137
537012.5.peg.1865.site.4, 33, 132, 165
537012.5.peg.1865.site.5, 53, 133, 186
537012.5.peg.1865.site.6, 8, 133, 141
537012.5.peg.1865.site.7, 5, 133, 138
537012.5.peg.1865.site.8, 1, 134, 135
537012.5.peg.1865.site.9, 7, 134, 141
537012.5.peg.1865.site.10, 1, 134, 135
537012.5.peg.1865.site.11, 6, 133, 139
537012.5.peg.1865.site.12, 3, 133, 136
537012.5.peg.1865.site.13, 22, 133, 155
537012.5.peg.1865.site.14, 14, 130, 144
537012.5.peg.1865.site.15, 31, 129, 160
537012.5.peg.1865.site.16, 1, 134, 135
537012.5.peg.1865.site.17, 2, 131, 133
537012.5.peg.1865.site.18, 12, 133, 145
537012.5.peg.1865.site.19, 8, 133, 141
537012.5.peg.1865.site.20, 7, 133, 140
537012.5.peg.1865.site.21, 5, 133, 138
537012.5.peg.1865.site.22, 14, 133, 147
537012.5.peg.1865.site.23, 17, 134, 151
537012.5.peg.1865.site.24, 2, 134, 136
537012.5.peg.1865.site.25, 130, 134, 264
537012.5.peg.1865.site.26, 6, 134, 140
537012.5.peg.1865.site.27, 3, 134, 137
537012.5.peg.1867.site.1, 68, 132, 200
537012.5.peg.1867.site.2, 0, 132, 132
537012.5.peg.1867.site.3, 35, 133, 168
537012.5.peg.1867.site.4, 17, 134, 151
537012.5.peg.1867.site.5, 16, 132, 148
537012.5.peg.1867.site.6, 1, 134, 135
537012.5.peg.1867.site.7, 2, 132, 134
537012.5.peg.1867.site.8, 1, 132, 133
537012.5.peg.1867.site.9, 1, 132, 133
537012.5.peg.1866.site.1, 12, 132, 144
537012.5.peg.1866.site.2, 4, 131, 135
537012.5.peg.1866.site.3, 1, 133, 134
537012.5.peg.1866.site.4, 1, 133, 134
537012.5.peg.1866.site.5, 4, 131, 135
537012.5.peg.1866.site.6, 4, 133, 137
537012.5.peg.1866.site.7, 2, 126, 128
537012.5.peg.1866.site.8, 1, 125, 126
537012.5.peg.1866.site.9, 1, 124, 125
537012.5.peg.1866.site.10, 0, 130, 130
537012.5.peg.1866.site.11, 36, 133, 169
537012.5.peg.1866.site.12, 10, 134, 144
537012.5.peg.1866.site.13, 1, 134, 135
537012.5.peg.1866.site.14, 1, 134, 135
537012.5.peg.1866.site.15, 3, 134, 137
537012.5.peg.1866.site.16, 6, 134, 140
537012.5.peg.1866.site.17, 21, 132, 153
537012.5.peg.1866.site.18, 4, 132, 136
537012.5.peg.1866.site.19, 131, 134, 265
537012.5.peg.1866.site.20, 45, 134, 179
537012.5.peg.1866.site.21, 3, 133, 136
537012.5.peg.1866.site.22, 1, 133, 134
537012.5.peg.1866.site.23, 78, 132, 210
537012.5.peg.1866.site.24, 43, 133, 176
537012.5.peg.3962.site.1, 67, 92, 159
537012.5.peg.3962.site.2, 6, 92, 98
537012.5.peg.3962.site.3, 3, 100, 103
537012.5.peg.3962.site.4, 20, 127, 147
537012.5.peg.3962.site.5, 7, 131, 138
537012.5.peg.3962.site.6, 14, 130, 144
537012.5.peg.3962.site.7, 0, 130, 130
537012.5.peg.3962.site.8, 10, 130, 140
537012.5.peg.3962.site.9, 1, 134, 135
537012.5.peg.3962.site.10, 4, 132, 136
537012.5.peg.3962.site.11, 26, 131, 157
537012.5.peg.3962.site.12, 3, 130, 133
537012.5.peg.3962.site.13, 2, 133, 135
537012.5.peg.3962.site.14, 8, 134, 142
537012.5.peg.3962.site.15, 7, 132, 139
537012.5.peg.3962.site.16, 4, 132, 136
537012.5.peg.3962.site.17, 1, 134, 135
537012.5.peg.3962.site.18, 4, 132, 136
537012.5.peg.3962.site.19, 1, 134, 135
537012.5.peg.3962.site.20, 1, 134, 135
537012.5.peg.3962.site.21, 1, 133, 134
537012.5.peg.3962.site.22, 1, 134, 135
537012.5.peg.3962.site.23, 5, 131, 136
537012.5.peg.3962.site.24, 5, 132, 137
537012.5.peg.3962.site.25, 7, 133, 140
537012.5.peg.3962.site.26, 5, 132, 137
537012.5.peg.3962.site.27, 1, 133, 134
537012.5.peg.3962.site.28, 3, 124, 127
537012.5.peg.3962.site.29, 0, 112, 112
537012.5.peg.3962.site.30, 5, 123, 128
537012.5.peg.3962.site.31, 11, 129, 140
537012.5.peg.3962.site.32, 2, 124, 126
537012.5.peg.3962.site.33, 11, 125, 136
537012.5.peg.3962.site.34, 29, 125, 154
537012.5.peg.3962.site.35, 13, 125, 138
537012.5.peg.3962.site.36, 21, 126, 147
537012.5.peg.3962.site.37, 7, 133, 140
537012.5.peg.3962.site.38, 11, 131, 142
537012.5.peg.3962.site.39, 1, 131, 132
537012.5.peg.3962.site.40, 10, 129, 139
537012.5.peg.3962.site.41, 2, 130, 132
537012.5.peg.3962.site.42, 10, 129, 139
537012.5.peg.3962.site.43, 7, 131, 138
537012.5.peg.3962.site.44, 29, 129, 158
537012.5.peg.3962.site.45, 2, 131, 133
537012.5.peg.3962.site.46, 7, 131, 138
537012.5.peg.3962.site.47, 8, 132, 140
537012.5.peg.3962.site.48, 4, 133, 137
537012.5.peg.3962.site.49, 3, 132, 135
537012.5.peg.3962.site.50, 12, 131, 143
537012.5.peg.3962.site.51, 1, 132, 133
537012.5.peg.3962.site.52, 4, 133, 137
537012.5.peg.3962.site.53, 4, 130, 134
537012.5.peg.3962.site.54, 0, 132, 132
537012.5.peg.3962.site.55, 10, 131, 141
537012.5.peg.3962.site.56, 4, 130, 134
537012.5.peg.3962.site.57, 2, 129, 131
537012.5.peg.3962.site.58, 0, 128, 128
537012.5.peg.3962.site.59, 39, 127, 166
537012.5.peg.3962.site.60, 48, 127, 175
537012.5.peg.3962.site.61, 1, 127, 128
537012.5.peg.3962.site.62, 12, 128, 140
537012.5.peg.3962.site.63, 0, 128, 128
537012.5.peg.3962.site.64, 1, 129, 130
537012.5.peg.3962.site.65, 1, 131, 132
537012.5.peg.3962.site.66, 1, 131, 132
537012.5.peg.3962.site.67, 16, 129, 145
537012.5.peg.3962.site.68, 32, 133, 165
537012.5.peg.3962.site.69, 3, 130, 133
537012.5.peg.3962.site.70, 0, 132, 132
537012.5.peg.3962.site.71, 10, 133, 143
537012.5.peg.3962.site.72, 7, 131, 138
537012.5.peg.3962.site.73, 3, 129, 132
537012.5.peg.3962.site.74, 6, 130, 136
537012.5.peg.3962.site.75, 6, 129, 135
537012.5.peg.3962.site.76, 1, 131, 132
537012.5.peg.3962.site.77, 11, 130, 141
537012.5.peg.3962.site.78, 10, 129, 139
537012.5.peg.3962.site.79, 8, 134, 142
537012.5.peg.3962.site.80, 94, 130, 224
537012.5.peg.3962.site.81, 0, 129, 129
537012.5.peg.3962.site.82, 10, 130, 140
537012.5.peg.3962.site.83, 9, 130, 139
537012.5.peg.3962.site.84, 9, 130, 139
537012.5.peg.3962.site.85, 4, 130, 134
537012.5.peg.3962.site.86, 3, 130, 133
537012.5.peg.3962.site.87, 5, 133, 138
537012.5.peg.3962.site.88, 4, 130, 134
537012.5.peg.3962.site.89, 3, 131, 134
537012.5.peg.3962.site.90, 3, 134, 137
537012.5.peg.3962.site.91, 4, 132, 136
537012.5.peg.3962.site.92, 3, 134, 137
537012.5.peg.3962.site.93, 2, 134, 136
537012.5.peg.3962.site.94, 3, 131, 134
537012.5.peg.3962.site.95, 3, 130, 133
537012.5.peg.3962.site.96, 7, 130, 137
537012.5.peg.3962.site.97, 11, 131, 142
537012.5.peg.3962.site.98, 2, 129, 131
537012.5.peg.3962.site.99, 2, 131, 133
537012.5.peg.3962.site.100, 2, 131, 133
537012.5.peg.3962.site.101, 1, 129, 130
537012.5.peg.3962.site.102, 73, 129, 202
537012.5.peg.3962.site.103, 7, 126, 133
537012.5.peg.3962.site.104, 5, 124, 129
537012.5.peg.3962.site.105, 4, 123, 127
537012.5.peg.3962.site.106, 4, 124, 128
537012.5.peg.3962.site.107, 17, 123, 140
537012.5.peg.3962.site.108, 32, 117, 149
537012.5.peg.3962.site.109, 13, 114, 127
537012.5.peg.3962.site.110, 45, 104, 149
537012.5.peg.3962.site.111, 1, 99, 100
537012.5.peg.4961.site.1, 11, 76, 87
537012.5.peg.4961.site.2, 1, 78, 79
537012.5.peg.4961.site.3, 14, 77, 91
537012.5.peg.4961.site.4, 18, 78, 96
537012.5.peg.4961.site.5, 14, 76, 90
537012.5.peg.4961.site.6, 74, 77, 151
537012.5.peg.4961.site.7, 2, 74, 76
537012.5.peg.4961.site.8, 6, 76, 82
537012.5.peg.4961.site.9, 4, 78, 82
537012.5.peg.4961.site.10, 3, 77, 80
537012.5.peg.4961.site.11, 3, 81, 84
537012.5.peg.4961.site.12, 69, 83, 152
537012.5.peg.4961.site.13, 20, 83, 103
537012.5.peg.4961.site.14, 10, 81, 91
537012.5.peg.4961.site.15, 1, 79, 80
537012.5.peg.4961.site.16, 2, 79, 81
537012.5.peg.4961.site.17, 1, 79, 80
537012.5.peg.4961.site.18, 6, 79, 85
537012.5.peg.4961.site.19, 13, 77, 90
537012.5.peg.4961.site.20, 64, 77, 141
537012.5.peg.4961.site.21, 5, 76, 81
537012.5.peg.4961.site.22, 5, 74, 79
537012.5.peg.3963.site.1, 2, 130, 132
537012.5.peg.3963.site.2, 11, 129, 140
537012.5.peg.3963.site.3, 1, 132, 133
537012.5.peg.3963.site.4, 10, 129, 139
537012.5.peg.3963.site.5, 10, 130, 140
537012.5.peg.3963.site.6, 44, 130, 174
537012.5.peg.3963.site.7, 11, 128, 139
537012.5.peg.3963.site.8, 4, 128, 132
537012.5.peg.3963.site.9, 1, 129, 130
537012.5.peg.3963.site.10, 16, 128, 144
537012.5.peg.3963.site.11, 8, 125, 133
537012.5.peg.3963.site.12, 4, 128, 132
537012.5.peg.3963.site.13, 87, 127, 214
537012.5.peg.3963.site.14, 2, 126, 128
537012.5.peg.3963.site.15, 9, 134, 143
537012.5.peg.3963.site.16, 14, 132, 146
537012.5.peg.3963.site.17, 13, 130, 143
537012.5.peg.3963.site.18, 1, 130, 131
537012.5.peg.3963.site.19, 11, 130, 141
537012.5.peg.3963.site.20, 15, 133, 148
537012.5.peg.3963.site.21, 3, 131, 134
537012.5.peg.3963.site.22, 1, 130, 131
537012.5.peg.3963.site.23, 1, 131, 132
537012.5.peg.3963.site.24, 1, 130, 131
537012.5.peg.3963.site.25, 9, 15, 24
537012.5.peg.4969.site.1, 3, 98, 101
537012.5.peg.4969.site.2, 10, 96, 106
537012.5.peg.4968.site.1, 3, 106, 109
537012.5.peg.4968.site.2, 5, 105, 110
537012.5.peg.4968.site.3, 9, 102, 111
537012.5.peg.4968.site.4, 5, 106, 111
537012.5.peg.4968.site.5, 5, 103, 108
537012.5.peg.1668.site.1, 1, 132, 133
537012.5.peg.1668.site.2, 4, 130, 134
537012.5.peg.1668.site.3, 5, 131, 136
537012.5.peg.1668.site.4, 11, 131, 142
537012.5.peg.1668.site.5, 17, 129, 146
537012.5.peg.1668.site.6, 0, 131, 131
537012.5.peg.1668.site.7, 3, 130, 133
537012.5.peg.1668.site.8, 29, 131, 160
537012.5.peg.1668.site.9, 2, 130, 132
537012.5.peg.1668.site.10, 18, 132, 150
537012.5.peg.1668.site.11, 15, 132, 147
537012.5.peg.1668.site.12, 3, 132, 135
537012.5.peg.1668.site.13, 3, 132, 135
537012.5.peg.1668.site.14, 84, 128, 212
537012.5.peg.1668.site.15, 15, 126, 141
537012.5.peg.1668.site.16, 14, 125, 139
537012.5.peg.1668.site.17, 0, 123, 123
537012.5.peg.1668.site.18, 1, 129, 130
537012.5.peg.1668.site.19, 0, 131, 131
537012.5.peg.1668.site.20, 3, 131, 134
537012.5.peg.1668.site.21, 100, 130, 230
537012.5.peg.1668.site.22, 4, 131, 135
537012.5.peg.1668.site.23, 31, 133, 164
537012.5.peg.1668.site.24, 1, 129, 130
537012.5.peg.1668.site.25, 0, 128, 128
537012.5.peg.1668.site.26, 1, 129, 130
537012.5.peg.1668.site.27, 10, 131, 141
537012.5.peg.1668.site.28, 10, 130, 140
537012.5.peg.1668.site.29, 2, 131, 133
537012.5.peg.1668.site.30, 4, 131, 135
537012.5.peg.1668.site.31, 17, 132, 149
537012.5.peg.1668.site.32, 127, 132, 259
537012.5.peg.1668.site.33, 21, 131, 152
537012.5.peg.1668.site.34, 3, 130, 133
537012.5.peg.1668.site.35, 16, 131, 147
537012.5.peg.1668.site.36, 41, 133, 174
537012.5.peg.1668.site.37, 18, 130, 148
537012.5.peg.1668.site.38, 16, 130, 146
537012.5.peg.1668.site.39, 4, 131, 135
537012.5.peg.1668.site.40, 1, 133, 134
537012.5.peg.1668.site.41, 0, 132, 132
537012.5.peg.1668.site.42, 24, 131, 155
537012.5.peg.1668.site.43, 18, 131, 149
537012.5.peg.1668.site.44, 42, 130, 172
537012.5.peg.1668.site.45, 32, 128, 160
537012.5.peg.1668.site.46, 37, 130, 167
537012.5.peg.1667.site.1, 0, 123, 123
537012.5.peg.1667.site.2, 17, 124, 141
537012.5.peg.1667.site.3, 13, 125, 138
537012.5.peg.1667.site.4, 13, 125, 138
537012.5.peg.1667.site.5, 0, 125, 125
537012.5.peg.1667.site.6, 13, 125, 138
537012.5.peg.1667.site.7, 13, 125, 138
537012.5.peg.1667.site.8, 13, 125, 138
537012.5.peg.1667.site.9, 13, 124, 137
537012.5.peg.1667.site.10, 13, 124, 137
537012.5.peg.1667.site.11, 111, 124, 235
537012.5.peg.1667.site.12, 34, 123, 157
537012.5.peg.1667.site.13, 13, 124, 137
537012.5.peg.1667.site.14, 1, 125, 126
537012.5.peg.1667.site.15, 65, 124, 189
537012.5.peg.1667.site.16, 13, 124, 137
537012.5.peg.1667.site.17, 56, 124, 180
537012.5.peg.1667.site.18, 7, 123, 130
537012.5.peg.1667.site.19, 51, 123, 174
537012.5.peg.1667.site.20, 12, 124, 136
537012.5.peg.1667.site.21, 89, 123, 212
537012.5.peg.1667.site.22, 3, 124, 127
537012.5.peg.1667.site.23, 13, 124, 137
537012.5.peg.1667.site.24, 3, 124, 127
537012.5.peg.1667.site.25, 13, 124, 137
537012.5.peg.1667.site.26, 13, 124, 137
537012.5.peg.1667.site.27, 13, 125, 138
537012.5.peg.1667.site.28, 34, 125, 159
537012.5.peg.1667.site.29, 13, 125, 138
537012.5.peg.1667.site.30, 27, 124, 151
537012.5.peg.1666.site.1, 1, 117, 118
537012.5.peg.1666.site.2, 119, 120, 239
537012.5.peg.1666.site.3, 16, 121, 137
537012.5.peg.1666.site.4, 67, 122, 189
537012.5.peg.1666.site.5, 0, 122, 122
537012.5.peg.1666.site.6, 3, 121, 124
537012.5.peg.1666.site.7, 13, 121, 134
537012.5.peg.1666.site.8, 1, 121, 122
537012.5.peg.1666.site.9, 23, 122, 145
537012.5.peg.1666.site.10, 0, 121, 121
537012.5.peg.1666.site.11, 40, 121, 161
537012.5.peg.1666.site.12, 18, 122, 140
537012.5.peg.1666.site.13, 9, 122, 131
537012.5.peg.1666.site.14, 2, 122, 124
537012.5.peg.1666.site.15, 6, 121, 127
537012.5.peg.1666.site.16, 2, 121, 123
537012.5.peg.1666.site.17, 0, 120, 120
537012.5.peg.1666.site.18, 12, 121, 133
537012.5.peg.1666.site.19, 0, 122, 122
537012.5.peg.1666.site.20, 15, 120, 135
537012.5.peg.1663.site.1, 13, 124, 137
537012.5.peg.1663.site.2, 8, 125, 133
537012.5.peg.1663.site.3, 5, 123, 128
537012.5.peg.1663.site.4, 9, 124, 133
537012.5.peg.1663.site.5, 11, 124, 135
537012.5.peg.1663.site.6, 7, 124, 131
537012.5.peg.1663.site.7, 5, 124, 129
537012.5.peg.1663.site.8, 2, 124, 126
537012.5.peg.1663.site.9, 8, 124, 132
537012.5.peg.1663.site.10, 7, 125, 132
537012.5.peg.1663.site.11, 123, 124, 247
537012.5.peg.1663.site.12, 0, 124, 124
537012.5.peg.1663.site.13, 2, 124, 126
537012.5.peg.1663.site.14, 9, 125, 134
537012.5.peg.1663.site.15, 9, 125, 134
537012.5.peg.1663.site.16, 54, 123, 177
537012.5.peg.1663.site.17, 2, 124, 126
537012.5.peg.1663.site.18, 70, 124, 194
537012.5.peg.1663.site.19, 79, 124, 203
537012.5.peg.1663.site.20, 2, 124, 126
537012.5.peg.1663.site.21, 8, 125, 133
537012.5.peg.1663.site.22, 0, 123, 123
537012.5.peg.1663.site.23, 6, 125, 131
537012.5.peg.1663.site.24, 62, 124, 186
537012.5.peg.1663.site.25, 70, 123, 193
537012.5.peg.1663.site.26, 3, 125, 128
537012.5.peg.1663.site.27, 8, 125, 133
537012.5.peg.1663.site.28, 9, 125, 134
537012.5.peg.1663.site.29, 73, 124, 197
537012.5.peg.1663.site.30, 52, 125, 177
537012.5.peg.1663.site.31, 8, 124, 132
537012.5.peg.1663.site.32, 8, 124, 132
537012.5.peg.1663.site.33, 7, 124, 131
537012.5.peg.1663.site.34, 2, 124, 126
537012.5.peg.1663.site.35, 77, 123, 200
537012.5.peg.1663.site.36, 2, 124, 126
537012.5.peg.1663.site.37, 75, 124, 199
537012.5.peg.1663.site.38, 76, 124, 200
537012.5.peg.1663.site.39, 2, 125, 127
537012.5.peg.1663.site.40, 3, 125, 128
537012.5.peg.1663.site.41, 2, 124, 126
537012.5.peg.1663.site.42, 6, 125, 131
537012.5.peg.1663.site.43, 8, 124, 132
537012.5.peg.1663.site.44, 8, 125, 133
537012.5.peg.1663.site.45, 2, 125, 127
537012.5.peg.1663.site.46, 6, 125, 131
537012.5.peg.1663.site.47, 6, 125, 131
537012.5.peg.1663.site.48, 6, 124, 130
537012.5.peg.1663.site.49, 6, 125, 131
537012.5.peg.1663.site.50, 96, 123, 219
537012.5.peg.1663.site.51, 6, 124, 130
537012.5.peg.1663.site.52, 6, 124, 130
537012.5.peg.1663.site.53, 6, 124, 130
537012.5.peg.1663.site.54, 6, 124, 130
537012.5.peg.1660.site.1, 5, 90, 95
537012.5.peg.1660.site.2, 2, 89, 91
537012.5.peg.1660.site.3, 0, 90, 90
537012.5.peg.1660.site.4, 0, 91, 91
537012.5.peg.1660.site.5, 7, 91, 98
537012.5.peg.1660.site.6, 0, 88, 88
537012.5.peg.1660.site.7, 1, 86, 87
537012.5.peg.1660.site.8, 1, 88, 89
537012.5.peg.1660.site.9, 2, 86, 88
537012.5.peg.1660.site.10, 62, 87, 149
537012.5.peg.1660.site.11, 2, 90, 92
537012.5.peg.1660.site.12, 15, 126, 141
537012.5.peg.1660.site.13, 0, 127, 127
537012.5.peg.1660.site.14, 9, 128, 137
537012.5.peg.1660.site.15, 2, 133, 135
537012.5.peg.1660.site.16, 12, 131, 143
537012.5.peg.1660.site.17, 3, 129, 132
537012.5.peg.1660.site.18, 36, 128, 164
537012.5.peg.1660.site.19, 11, 125, 136
537012.5.peg.1660.site.20, 0, 123, 123
537012.5.peg.1660.site.21, 14, 126, 140
537012.5.peg.1660.site.22, 9, 125, 134
537012.5.peg.1660.site.23, 3, 123, 126
537012.5.peg.1660.site.24, 32, 123, 155
537012.5.peg.1660.site.25, 6, 121, 127
537012.5.peg.1660.site.26, 8, 111, 119
537012.5.peg.1660.site.27, 2, 110, 112
537012.5.peg.1660.site.28, 63, 102, 165
537012.5.peg.1660.site.29, 49, 104, 153
537012.5.peg.1660.site.30, 22, 100, 122
537012.5.peg.1660.site.31, 1, 95, 96
537012.5.peg.1660.site.32, 8, 86, 94
537012.5.peg.1660.site.33, 5, 92, 97
537012.5.peg.1660.site.34, 2, 85, 87
537012.5.peg.1660.site.35, 19, 83, 102
537012.5.peg.1660.site.36, 16, 79, 95
537012.5.peg.1660.site.37, 70, 79, 149
537012.5.peg.1660.site.38, 28, 76, 104
537012.5.peg.1660.site.39, 3, 98, 101
537012.5.peg.1660.site.40, 3, 109, 112
537012.5.peg.1660.site.41, 10, 107, 117
537012.5.peg.1660.site.42, 7, 112, 119
537012.5.peg.1660.site.43, 1, 118, 119
537012.5.peg.1660.site.44, 7, 117, 124
537012.5.peg.1660.site.45, 13, 97, 110
537012.5.peg.1660.site.46, 18, 93, 111
537012.5.peg.1660.site.47, 1, 91, 92
537012.5.peg.1660.site.48, 4, 89, 93
537012.5.peg.1660.site.49, 13, 87, 100
537012.5.peg.1660.site.50, 3, 78, 81
537012.5.peg.1660.site.51, 8, 80, 88
537012.5.peg.1660.site.52, 63, 73, 136
537012.5.peg.1660.site.53, 3, 76, 79
537012.5.peg.1660.site.54, 7, 79, 86
537012.5.peg.1660.site.55, 78, 80, 158
537012.5.peg.1660.site.56, 4, 81, 85
537012.5.peg.1660.site.57, 36, 79, 115
537012.5.peg.1660.site.58, 2, 79, 81
537012.5.peg.1660.site.59, 1, 80, 81
537012.5.peg.1660.site.60, 3, 81, 84
537012.5.peg.1660.site.61, 1, 81, 82
537012.5.peg.1660.site.62, 1, 82, 83
537012.5.peg.1660.site.63, 4, 81, 85
537012.5.peg.1660.site.64, 26, 87, 113
537012.5.peg.1660.site.65, 9, 88, 97
537012.5.peg.1660.site.66, 15, 93, 108
537012.5.peg.1660.site.67, 3, 95, 98
537012.5.peg.1660.site.68, 2, 99, 101
537012.5.peg.1660.site.69, 0, 99, 99
537012.5.peg.1660.site.70, 18, 96, 114
537012.5.peg.1660.site.71, 9, 96, 105
537012.5.peg.1660.site.72, 7, 97, 104
537012.5.peg.1660.site.73, 2, 94, 96
537012.5.peg.1660.site.74, 9, 93, 102
537012.5.peg.1660.site.75, 3, 92, 95
537012.5.peg.1660.site.76, 3, 92, 95
537012.5.peg.1660.site.77, 30, 89, 119
537012.5.peg.1660.site.78, 11, 89, 100
537012.5.peg.1660.site.79, 29, 88, 117
537012.5.peg.1660.site.80, 18, 89, 107
537012.5.peg.1660.site.81, 3, 95, 98
537012.5.peg.1660.site.82, 44, 94, 138
537012.5.peg.1660.site.83, 2, 94, 96
537012.5.peg.1660.site.84, 7, 95, 102
537012.5.peg.1660.site.85, 0, 95, 95
537012.5.peg.1660.site.86, 13, 94, 107
537012.5.peg.1660.site.87, 0, 100, 100
537012.5.peg.1660.site.88, 3, 100, 103
537012.5.peg.1660.site.89, 4, 104, 108
537012.5.peg.1660.site.90, 13, 101, 114
537012.5.peg.1660.site.91, 3, 105, 108
537012.5.peg.1660.site.92, 3, 107, 110
537012.5.peg.1660.site.93, 1, 115, 116
537012.5.peg.1660.site.94, 1, 127, 128
537012.5.peg.1660.site.95, 1, 128, 129
537012.5.peg.1660.site.96, 19, 125, 144
537012.5.peg.1660.site.97, 7, 125, 132
537012.5.peg.1660.site.98, 6, 119, 125
537012.5.peg.1660.site.99, 0, 119, 119
537012.5.peg.1660.site.100, 8, 124, 132
537012.5.peg.1660.site.101, 0, 119, 119
537012.5.peg.1660.site.102, 5, 111, 116
537012.5.peg.1660.site.103, 0, 102, 102
537012.5.peg.1660.site.104, 0, 105, 105
537012.5.peg.1660.site.105, 0, 106, 106
537012.5.peg.3965.site.1, 4, 132, 136
537012.5.peg.3965.site.2, 54, 133, 187
537012.5.peg.3965.site.3, 28, 134, 162
537012.5.peg.3965.site.4, 4, 131, 135
537012.5.peg.3965.site.5, 4, 132, 136
537012.5.peg.3965.site.6, 11, 132, 143
537012.5.peg.3965.site.7, 4, 131, 135
537012.5.peg.3965.site.8, 12, 131, 143
537012.5.peg.3965.site.9, 1, 133, 134
537012.5.peg.3965.site.10, 5, 131, 136
537012.5.peg.3965.site.11, 1, 134, 135
537012.5.peg.3965.site.12, 15, 134, 149
537012.5.peg.3965.site.13, 0, 131, 131
537012.5.peg.1046.site.1, 17, 128, 145
537012.5.peg.1046.site.2, 17, 129, 146
537012.5.peg.1046.site.3, 1, 130, 131
537012.5.peg.1046.site.4, 17, 129, 146
537012.5.peg.1046.site.5, 17, 129, 146
537012.5.peg.1046.site.6, 113, 128, 241
537012.5.peg.1046.site.7, 25, 130, 155
537012.5.peg.1046.site.8, 127, 129, 256
537012.5.peg.1046.site.9, 0, 128, 128
537012.5.peg.1046.site.10, 3, 132, 135
537012.5.peg.1046.site.11, 17, 133, 150
537012.5.peg.1046.site.12, 17, 133, 150
537012.5.peg.1046.site.13, 0, 132, 132
537012.5.peg.1046.site.14, 21, 130, 151
537012.5.peg.1046.site.15, 5, 132, 137
537012.5.peg.1046.site.16, 1, 129, 130
537012.5.peg.1046.site.17, 25, 129, 154
537012.5.peg.1046.site.18, 6, 134, 140
537012.5.peg.1046.site.19, 4, 132, 136
537012.5.peg.1041.site.1, 34, 128, 162
537012.5.peg.1041.site.2, 2, 129, 131
537012.5.peg.1041.site.3, 10, 128, 138
537012.5.peg.1041.site.4, 39, 128, 167
537012.5.peg.1041.site.5, 6, 119, 125
537012.5.peg.1041.site.6, 25, 116, 141
537012.5.peg.1041.site.7, 1, 113, 114
537012.5.peg.1041.site.8, 0, 112, 112
537012.5.peg.1041.site.9, 0, 113, 113
537012.5.peg.1041.site.10, 28, 129, 157
537012.5.peg.1041.site.11, 19, 130, 149
537012.5.peg.1041.site.12, 0, 128, 128
537012.5.peg.1041.site.13, 43, 129, 172
537012.5.peg.1041.site.14, 1, 132, 133
537012.5.peg.1041.site.15, 12, 132, 144
537012.5.peg.1041.site.16, 1, 132, 133
537012.5.peg.1041.site.17, 2, 130, 132
537012.5.peg.1041.site.18, 2, 130, 132
537012.5.peg.1041.site.19, 4, 130, 134
537012.5.peg.1041.site.20, 41, 133, 174
537012.5.peg.1041.site.21, 1, 132, 133
537012.5.peg.1041.site.22, 3, 131, 134
537012.5.peg.1041.site.23, 12, 132, 144
537012.5.peg.1041.site.24, 1, 130, 131
537012.5.peg.1041.site.25, 4, 129, 133
537012.5.peg.1041.site.26, 0, 129, 129
537012.5.peg.1041.site.27, 99, 120, 219
537012.5.peg.1041.site.28, 117, 119, 236
537012.5.peg.895.site.1, 3, 92, 95
537012.5.peg.895.site.2, 9, 98, 107
537012.5.peg.895.site.3, 2, 123, 125
537012.5.peg.895.site.4, 33, 123, 156
537012.5.peg.895.site.5, 18, 120, 138
537012.5.peg.895.site.6, 9, 122, 131
537012.5.peg.895.site.7, 33, 120, 153
537012.5.peg.897.site.1, 0, 134, 134
537012.5.peg.897.site.2, 4, 132, 136
537012.5.peg.897.site.3, 38, 134, 172
537012.5.peg.897.site.4, 7, 134, 141
537012.5.peg.897.site.5, 4, 132, 136
537012.5.peg.897.site.6, 30, 134, 164
537012.5.peg.897.site.7, 12, 132, 144
537012.5.peg.897.site.8, 19, 134, 153
537012.5.peg.897.site.9, 4, 134, 138
537012.5.peg.897.site.10, 4, 132, 136
537012.5.peg.897.site.11, 19, 132, 151
537012.5.peg.897.site.12, 1, 132, 133
537012.5.peg.897.site.13, 10, 131, 141
537012.5.peg.897.site.14, 9, 132, 141
537012.5.peg.897.site.15, 1, 132, 133
537012.5.peg.897.site.16, 2, 131, 133
537012.5.peg.897.site.17, 6, 134, 140
537012.5.peg.897.site.18, 1, 131, 132
537012.5.peg.897.site.19, 10, 132, 142
537012.5.peg.897.site.20, 4, 132, 136
537012.5.peg.897.site.21, 2, 134, 136
537012.5.peg.897.site.22, 3, 134, 137
537012.5.peg.897.site.23, 4, 132, 136
537012.5.peg.897.site.24, 23, 133, 156
537012.5.peg.897.site.25, 12, 132, 144
537012.5.peg.897.site.26, 2, 134, 136
537012.5.peg.897.site.27, 4, 132, 136
537012.5.peg.897.site.28, 3, 131, 134
537012.5.peg.897.site.29, 3, 134, 137
537012.5.peg.897.site.30, 1, 130, 131
537012.5.peg.897.site.31, 4, 130, 134
537012.5.peg.897.site.32, 2, 130, 132
537012.5.peg.897.site.33, 8, 130, 138
537012.5.peg.897.site.34, 8, 129, 137
537012.5.peg.897.site.35, 1, 129, 130
537012.5.peg.897.site.36, 120, 129, 249
537012.5.peg.897.site.37, 17, 130, 147
537012.5.peg.897.site.38, 1, 130, 131
537012.5.peg.897.site.39, 0, 134, 134
537012.5.peg.897.site.40, 6, 134, 140
537012.5.peg.897.site.41, 4, 132, 136
537012.5.peg.897.site.42, 4, 132, 136
537012.5.peg.897.site.43, 4, 132, 136
537012.5.peg.897.site.44, 6, 133, 139
537012.5.peg.897.site.45, 4, 132, 136
537012.5.peg.897.site.46, 52, 131, 183
537012.5.peg.890.site.1, 2, 128, 130
537012.5.peg.890.site.2, 1, 128, 129
537012.5.peg.890.site.3, 7, 129, 136
537012.5.peg.890.site.4, 7, 129, 136
537012.5.peg.890.site.5, 0, 129, 129
537012.5.peg.890.site.6, 7, 130, 137
537012.5.peg.890.site.7, 1, 131, 132
537012.5.peg.890.site.8, 1, 130, 131
537012.5.peg.890.site.9, 2, 131, 133
537012.5.peg.890.site.10, 1, 131, 132
537012.5.peg.890.site.11, 3, 132, 135
537012.5.peg.890.site.12, 24, 129, 153
537012.5.peg.890.site.13, 3, 131, 134
537012.5.peg.890.site.14, 1, 132, 133
537012.5.peg.890.site.15, 1, 130, 131
537012.5.peg.890.site.16, 1, 131, 132
537012.5.peg.890.site.17, 1, 130, 131
537012.5.peg.890.site.18, 1, 129, 130
537012.5.peg.890.site.19, 1, 129, 130
537012.5.peg.890.site.20, 3, 130, 133
537012.5.peg.890.site.21, 7, 130, 137
537012.5.peg.890.site.22, 0, 130, 130
537012.5.peg.890.site.23, 0, 128, 128
537012.5.peg.890.site.24, 7, 130, 137
537012.5.peg.890.site.25, 11, 131, 142
537012.5.peg.890.site.26, 1, 133, 134
537012.5.peg.890.site.27, 0, 130, 130
537012.5.peg.890.site.28, 6, 130, 136
537012.5.peg.890.site.29, 43, 130, 173
537012.5.peg.890.site.30, 0, 130, 130
537012.5.peg.890.site.31, 1, 130, 131
537012.5.peg.890.site.32, 33, 129, 162
537012.5.peg.890.site.33, 6, 128, 134
537012.5.peg.891.site.1, 0, 130, 130
537012.5.peg.891.site.2, 7, 130, 137
537012.5.peg.891.site.3, 0, 129, 129
537012.5.peg.891.site.4, 49, 131, 180
537012.5.peg.891.site.5, 1, 129, 130
537012.5.peg.891.site.6, 1, 132, 133
537012.5.peg.891.site.7, 2, 131, 133
537012.5.peg.891.site.8, 2, 131, 133
537012.5.peg.891.site.9, 1, 132, 133
537012.5.peg.891.site.10, 65, 131, 196
537012.5.peg.891.site.11, 3, 131, 134
537012.5.peg.891.site.12, 4, 132, 136
537012.5.peg.891.site.13, 4, 132, 136
537012.5.peg.891.site.14, 4, 132, 136
537012.5.peg.891.site.15, 4, 132, 136
537012.5.peg.891.site.16, 1, 133, 134
537012.5.peg.891.site.17, 7, 132, 139
537012.5.peg.891.site.18, 0, 133, 133
537012.5.peg.891.site.19, 4, 132, 136
537012.5.peg.891.site.20, 1, 133, 134
537012.5.peg.891.site.21, 4, 133, 137
537012.5.peg.891.site.22, 1, 133, 134
537012.5.peg.891.site.23, 5, 133, 138
537012.5.peg.891.site.24, 5, 133, 138
537012.5.peg.891.site.25, 5, 133, 138
537012.5.peg.891.site.26, 1, 134, 135
537012.5.peg.1049.site.1, 101, 132, 233
537012.5.peg.1049.site.2, 2, 132, 134
537012.5.peg.1049.site.3, 86, 131, 217
537012.5.peg.1049.site.4, 3, 128, 131
537012.5.peg.1048.site.1, 6, 132, 138
537012.5.peg.1048.site.2, 0, 134, 134
537012.5.peg.1048.site.3, 9, 134, 143
537012.5.peg.1048.site.4, 3, 133, 136
537012.5.peg.1048.site.5, 3, 134, 137
537012.5.peg.1048.site.6, 104, 133, 237
537012.5.peg.1048.site.7, 0, 134, 134
537012.5.peg.1048.site.8, 8, 134, 142
537012.5.peg.1048.site.9, 2, 134, 136
537012.5.peg.1048.site.10, 119, 134, 253
537012.5.peg.1048.site.11, 18, 132, 150
537012.5.peg.1048.site.12, 9, 134, 143
537012.5.peg.1048.site.13, 37, 134, 171
537012.5.peg.1048.site.14, 17, 133, 150
537012.5.peg.1048.site.15, 2, 134, 136
537012.5.peg.1048.site.16, 1, 134, 135
537012.5.peg.1048.site.17, 12, 134, 146
537012.5.peg.1048.site.18, 1, 134, 135
537012.5.peg.1048.site.19, 0, 134, 134
537012.5.peg.1048.site.20, 4, 134, 138
537012.5.peg.1048.site.21, 3, 133, 136
537012.5.peg.1048.site.22, 5, 132, 137
537012.5.peg.1048.site.23, 3, 134, 137
537012.5.peg.1048.site.24, 0, 133, 133
537012.5.peg.1048.site.25, 12, 134, 146
537012.5.peg.1048.site.26, 33, 133, 166
537012.5.peg.1048.site.27, 0, 133, 133
537012.5.peg.1048.site.28, 15, 133, 148
537012.5.peg.1048.site.29, 60, 132, 192
537012.5.peg.1048.site.30, 38, 133, 171
537012.5.peg.1048.site.31, 2, 133, 135
537012.5.peg.1048.site.32, 8, 134, 142
537012.5.peg.1048.site.33, 13, 134, 147
537012.5.peg.1048.site.34, 0, 134, 134
537012.5.peg.1048.site.35, 6, 133, 139
537012.5.peg.1048.site.36, 52, 133, 185
537012.5.peg.1048.site.37, 7, 134, 141
537012.5.peg.1048.site.38, 27, 133, 160
537012.5.peg.1048.site.39, 1, 130, 131
537012.5.peg.1048.site.40, 10, 122, 132
537012.5.peg.1048.site.41, 5, 116, 121
537012.5.peg.1048.site.42, 25, 133, 158
537012.5.peg.1048.site.43, 63, 132, 195
537012.5.peg.1877.site.1, 5, 134, 139
537012.5.peg.1877.site.2, 3, 134, 137
537012.5.peg.1877.site.3, 122, 133, 255
537012.5.peg.1877.site.4, 3, 134, 137
537012.5.peg.1877.site.5, 13, 131, 144
537012.5.peg.1877.site.6, 29, 134, 163
537012.5.peg.1877.site.7, 22, 132, 154
537012.5.peg.1877.site.8, 82, 133, 215
537012.5.peg.1877.site.9, 7, 133, 140
537012.5.peg.1877.site.10, 12, 134, 146
537012.5.peg.1877.site.11, 4, 129, 133
537012.5.peg.1877.site.12, 2, 131, 133
537012.5.peg.1877.site.13, 3, 134, 137
537012.5.peg.1877.site.14, 7, 134, 141
537012.5.peg.1877.site.15, 5, 132, 137
537012.5.peg.1877.site.16, 0, 134, 134
537012.5.peg.1877.site.17, 0, 134, 134
537012.5.peg.1877.site.18, 0, 134, 134
537012.5.peg.1877.site.19, 0, 133, 133
537012.5.peg.1877.site.20, 0, 134, 134
537012.5.peg.1877.site.21, 2, 134, 136
537012.5.peg.1877.site.22, 2, 134, 136
537012.5.peg.1440.site.1, 101, 114, 215
537012.5.peg.1440.site.2, 4, 122, 126
537012.5.peg.1440.site.3, 5, 125, 130
537012.5.peg.1440.site.4, 2, 125, 127
537012.5.peg.1440.site.5, 2, 121, 123
537012.5.peg.1440.site.6, 6, 123, 129
537012.5.peg.1440.site.7, 14, 124, 138
537012.5.peg.1440.site.8, 82, 127, 209
537012.5.peg.1440.site.9, 1, 130, 131
537012.5.peg.1440.site.10, 4, 128, 132
537012.5.peg.1440.site.11, 1, 132, 133
537012.5.peg.1440.site.12, 11, 132, 143
537012.5.peg.1440.site.13, 5, 132, 137
537012.5.peg.1440.site.14, 5, 132, 137
537012.5.peg.1440.site.15, 80, 131, 211
537012.5.peg.1440.site.16, 18, 134, 152
537012.5.peg.1440.site.17, 1, 129, 130
537012.5.peg.1440.site.18, 4, 123, 127
537012.5.peg.1440.site.19, 1, 118, 119
537012.5.peg.1440.site.20, 1, 116, 117
537012.5.peg.1440.site.21, 1, 116, 117
537012.5.peg.1440.site.22, 4, 119, 123
537012.5.peg.1440.site.23, 2, 119, 121
537012.5.peg.1440.site.24, 2, 123, 125
537012.5.peg.1440.site.25, 7, 122, 129
537012.5.peg.1440.site.26, 70, 118, 188
537012.5.peg.1440.site.27, 4, 121, 125
537012.5.peg.1440.site.28, 7, 121, 128
537012.5.peg.1440.site.29, 10, 120, 130
537012.5.peg.1440.site.30, 13, 121, 134
537012.5.peg.1440.site.31, 6, 120, 126
537012.5.peg.1440.site.32, 6, 118, 124
537012.5.peg.1440.site.33, 6, 119, 125
537012.5.peg.1440.site.34, 8, 117, 125
537012.5.peg.1440.site.35, 117, 118, 235
537012.5.peg.1440.site.36, 9, 119, 128
537012.5.peg.1440.site.37, 1, 116, 117
537012.5.peg.1440.site.38, 10, 118, 128
537012.5.peg.1440.site.39, 3, 118, 121
537012.5.peg.1440.site.40, 2, 118, 120
537012.5.peg.1440.site.41, 4, 113, 117
537012.5.peg.1440.site.42, 27, 113, 140
537012.5.peg.1440.site.43, 9, 116, 125
537012.5.peg.1440.site.44, 6, 115, 121
537012.5.peg.1440.site.45, 1, 116, 117
537012.5.peg.1440.site.46, 18, 114, 132
537012.5.peg.942.site.1, 1, 134, 135
537012.5.peg.942.site.2, 4, 133, 137
537012.5.peg.942.site.3, 16, 130, 146
537012.5.peg.942.site.4, 2, 133, 135
537012.5.peg.942.site.5, 7, 121, 128
537012.5.peg.942.site.6, 22, 122, 144
537012.5.peg.942.site.7, 28, 119, 147
537012.5.peg.942.site.8, 31, 119, 150
537012.5.peg.942.site.9, 3, 119, 122
537012.5.peg.942.site.10, 4, 121, 125
537012.5.peg.942.site.11, 3, 124, 127
537012.5.peg.942.site.12, 3, 125, 128
537012.5.peg.942.site.13, 1, 127, 128
537012.5.peg.942.site.14, 1, 131, 132
537012.5.peg.942.site.15, 1, 132, 133
537012.5.peg.942.site.16, 3, 133, 136
537012.5.peg.942.site.17, 4, 133, 137
537012.5.peg.942.site.18, 5, 133, 138
537012.5.peg.942.site.19, 6, 133, 139
537012.5.peg.942.site.20, 3, 133, 136
537012.5.peg.942.site.21, 5, 133, 138
537012.5.peg.942.site.22, 24, 132, 156
537012.5.peg.942.site.23, 15, 132, 147
537012.5.peg.942.site.24, 13, 133, 146
537012.5.peg.942.site.25, 5, 134, 139
537012.5.peg.942.site.26, 1, 134, 135
537012.5.peg.942.site.27, 5, 132, 137
537012.5.peg.942.site.28, 3, 134, 137
537012.5.peg.942.site.29, 4, 134, 138
537012.5.peg.942.site.30, 1, 134, 135
537012.5.peg.942.site.31, 3, 134, 137
537012.5.peg.942.site.32, 2, 134, 136
537012.5.peg.942.site.33, 11, 132, 143
537012.5.peg.942.site.34, 3, 133, 136
537012.5.peg.942.site.35, 42, 131, 173
537012.5.peg.942.site.36, 4, 132, 136
537012.5.peg.942.site.37, 28, 132, 160
537012.5.peg.942.site.38, 3, 134, 137
537012.5.peg.942.site.39, 10, 132, 142
537012.5.peg.942.site.40, 1, 134, 135
537012.5.peg.942.site.41, 1, 133, 134
537012.5.peg.942.site.42, 41, 134, 175
537012.5.peg.940.site.1, 9, 134, 143
537012.5.peg.940.site.2, 7, 133, 140
537012.5.peg.940.site.3, 4, 132, 136
537012.5.peg.940.site.4, 17, 134, 151
537012.5.peg.940.site.5, 1, 134, 135
537012.5.peg.940.site.6, 4, 134, 138
537012.5.peg.940.site.7, 9, 133, 142
537012.5.peg.940.site.8, 9, 134, 143
537012.5.peg.940.site.9, 5, 133, 138
537012.5.peg.940.site.10, 2, 133, 135
537012.5.peg.940.site.11, 1, 130, 131
537012.5.peg.940.site.12, 14, 130, 144
537012.5.peg.940.site.13, 3, 130, 133
537012.5.peg.940.site.14, 2, 128, 130
537012.5.peg.940.site.15, 2, 128, 130
537012.5.peg.940.site.16, 3, 127, 130
537012.5.peg.940.site.17, 2, 128, 130
537012.5.peg.940.site.18, 11, 128, 139
537012.5.peg.940.site.19, 11, 129, 140
537012.5.peg.940.site.20, 11, 129, 140
537012.5.peg.940.site.21, 11, 128, 139
537012.5.peg.940.site.22, 8, 128, 136
537012.5.peg.940.site.23, 1, 128, 129
537012.5.peg.940.site.24, 1, 121, 122
537012.5.peg.940.site.25, 17, 117, 134
537012.5.peg.940.site.26, 43, 116, 159
537012.5.peg.940.site.27, 0, 118, 118
537012.5.peg.940.site.28, 1, 118, 119
537012.5.peg.940.site.29, 1, 119, 120
537012.5.peg.940.site.30, 1, 119, 120
537012.5.peg.940.site.31, 1, 119, 120
537012.5.peg.940.site.32, 1, 119, 120
537012.5.peg.940.site.33, 2, 119, 121
537012.5.peg.940.site.34, 1, 120, 121
537012.5.peg.940.site.35, 1, 119, 120
537012.5.peg.940.site.36, 4, 122, 126
537012.5.peg.940.site.37, 4, 122, 126
537012.5.peg.940.site.38, 3, 125, 128
537012.5.peg.940.site.39, 17, 125, 142
537012.5.peg.940.site.40, 0, 121, 121
537012.5.peg.940.site.41, 3, 119, 122
537012.5.peg.940.site.42, 2, 119, 121
537012.5.peg.940.site.43, 2, 119, 121
537012.5.peg.940.site.44, 22, 125, 147
537012.5.peg.940.site.45, 0, 131, 131
537012.5.peg.941.site.1, 34, 133, 167
537012.5.peg.941.site.2, 5, 134, 139
537012.5.peg.941.site.3, 2, 134, 136
537012.5.peg.941.site.4, 1, 134, 135
537012.5.peg.941.site.5, 22, 132, 154
537012.5.peg.941.site.6, 17, 131, 148
537012.5.peg.941.site.7, 13, 133, 146
537012.5.peg.941.site.8, 1, 134, 135
537012.5.peg.941.site.9, 12, 133, 145
537012.5.peg.941.site.10, 1, 134, 135
537012.5.peg.941.site.11, 12, 133, 145
537012.5.peg.941.site.12, 0, 132, 132
537012.5.peg.941.site.13, 12, 134, 146
537012.5.peg.941.site.14, 0, 133, 133
537012.5.peg.941.site.15, 12, 134, 146
537012.5.peg.941.site.16, 1, 133, 134
537012.5.peg.941.site.17, 7, 133, 140
537012.5.peg.941.site.18, 2, 134, 136
537012.5.peg.944.site.1, 13, 129, 142
537012.5.peg.944.site.2, 11, 127, 138
537012.5.peg.944.site.3, 127, 129, 256
537012.5.peg.944.site.4, 9, 129, 138
537012.5.peg.944.site.5, 1, 129, 130
537012.5.peg.944.site.6, 22, 128, 150
537012.5.peg.944.site.7, 0, 129, 129
537012.5.peg.944.site.8, 3, 129, 132
537012.5.peg.944.site.9, 3, 129, 132
537012.5.peg.944.site.10, 2, 129, 131
537012.5.peg.944.site.11, 3, 128, 131
537012.5.peg.944.site.12, 2, 129, 131
537012.5.peg.944.site.13, 0, 129, 129
537012.5.peg.944.site.14, 3, 130, 133
537012.5.peg.944.site.15, 14, 129, 143
537012.5.peg.944.site.16, 38, 130, 168
537012.5.peg.944.site.17, 3, 129, 132
537012.5.peg.944.site.18, 12, 129, 141
537012.5.peg.944.site.19, 12, 128, 140
537012.5.peg.944.site.20, 3, 127, 130
537012.5.peg.944.site.21, 3, 129, 132
537012.5.peg.944.site.22, 20, 129, 149
537012.5.peg.944.site.23, 3, 129, 132
537012.5.peg.944.site.24, 3, 129, 132
537012.5.peg.944.site.25, 1, 127, 128
537012.5.peg.944.site.26, 1, 128, 129
537012.5.peg.944.site.27, 3, 127, 130
537012.5.peg.944.site.28, 3, 128, 131
537012.5.peg.944.site.29, 12, 128, 140
537012.5.peg.944.site.30, 4, 128, 132
537012.5.peg.945.site.1, 79, 133, 212
537012.5.peg.945.site.2, 5, 133, 138
537012.5.peg.945.site.3, 4, 131, 135
537012.5.peg.945.site.4, 4, 131, 135
537012.5.peg.945.site.5, 3, 131, 134
537012.5.peg.945.site.6, 1, 133, 134
537012.5.peg.945.site.7, 4, 133, 137
537012.5.peg.945.site.8, 4, 134, 138
537012.5.peg.945.site.9, 4, 132, 136
537012.5.peg.304.site.1, 14, 114, 128
537012.5.peg.304.site.2, 2, 109, 111
537012.5.peg.304.site.3, 1, 103, 104
537012.5.peg.304.site.4, 3, 75, 78
537012.5.peg.304.site.5, 14, 67, 81
537012.5.peg.304.site.6, 7, 68, 75
537012.5.peg.304.site.7, 16, 71, 87
537012.5.peg.304.site.8, 8, 79, 87
537012.5.peg.304.site.9, 0, 78, 78
537012.5.peg.304.site.10, 37, 78, 115
537012.5.peg.304.site.11, 11, 78, 89
537012.5.peg.304.site.12, 74, 87, 161
537012.5.peg.304.site.13, 6, 106, 112
537012.5.peg.304.site.14, 3, 113, 116
537012.5.peg.304.site.15, 25, 99, 124
537012.5.peg.304.site.16, 18, 103, 121
537012.5.peg.304.site.17, 11, 94, 105
537012.5.peg.304.site.18, 2, 90, 92
537012.5.peg.304.site.19, 71, 84, 155
537012.5.peg.304.site.20, 0, 85, 85
537012.5.peg.304.site.21, 1, 97, 98
537012.5.peg.304.site.22, 5, 97, 102
537012.5.peg.304.site.23, 9, 99, 108
537012.5.peg.304.site.24, 8, 109, 117
537012.5.peg.304.site.25, 0, 110, 110
537012.5.peg.304.site.26, 1, 113, 114
537012.5.peg.304.site.27, 0, 112, 112
537012.5.peg.304.site.28, 1, 112, 113
537012.5.peg.304.site.29, 5, 115, 120
537012.5.peg.304.site.30, 3, 111, 114
537012.5.peg.304.site.31, 3, 109, 112
537012.5.peg.304.site.32, 1, 97, 98
537012.5.peg.304.site.33, 0, 93, 93
537012.5.peg.304.site.34, 1, 85, 86
537012.5.peg.304.site.35, 13, 79, 92
537012.5.peg.304.site.36, 1, 72, 73
537012.5.peg.304.site.37, 56, 71, 127
537012.5.peg.304.site.38, 0, 71, 71
537012.5.peg.304.site.39, 45, 67, 112
537012.5.peg.304.site.40, 33, 71, 104
537012.5.peg.304.site.41, 32, 69, 101
537012.5.peg.304.site.42, 32, 65, 97
537012.5.peg.304.site.43, 39, 62, 101
537012.5.peg.304.site.44, 6, 61, 67
537012.5.peg.304.site.45, 1, 60, 61
537012.5.peg.304.site.46, 53, 57, 110
537012.5.peg.304.site.47, 3, 59, 62
537012.5.peg.304.site.48, 36, 95, 131
537012.5.peg.304.site.49, 3, 98, 101
537012.5.peg.304.site.50, 1, 98, 99
537012.5.peg.304.site.51, 35, 103, 138
537012.5.peg.304.site.52, 3, 103, 106
537012.5.peg.304.site.53, 12, 106, 118
537012.5.peg.304.site.54, 2, 113, 115
537012.5.peg.304.site.55, 0, 120, 120
537012.5.peg.304.site.56, 1, 121, 122
537012.5.peg.304.site.57, 15, 119, 134
537012.5.peg.304.site.58, 8, 121, 129
537012.5.peg.304.site.59, 3, 121, 124
537012.5.peg.304.site.60, 3, 123, 126
537012.5.peg.304.site.61, 2, 123, 125
537012.5.peg.304.site.62, 80, 122, 202
537012.5.peg.304.site.63, 2, 123, 125
537012.5.peg.306.site.1, 10, 128, 138
537012.5.peg.306.site.2, 4, 129, 133
537012.5.peg.306.site.3, 1, 133, 134
537012.5.peg.306.site.4, 1, 131, 132
537012.5.peg.306.site.5, 0, 131, 131
537012.5.peg.306.site.6, 4, 131, 135
537012.5.peg.306.site.7, 20, 132, 152
537012.5.peg.306.site.8, 5, 134, 139
537012.5.peg.306.site.9, 24, 133, 157
537012.5.peg.306.site.10, 3, 133, 136
537012.5.peg.306.site.11, 4, 130, 134
537012.5.peg.306.site.12, 12, 131, 143
537012.5.peg.306.site.13, 12, 134, 146
537012.5.peg.306.site.14, 6, 132, 138
537012.5.peg.306.site.15, 19, 133, 152
537012.5.peg.306.site.16, 61, 131, 192
537012.5.peg.306.site.17, 6, 127, 133
537012.5.peg.306.site.18, 9, 122, 131
537012.5.peg.306.site.19, 13, 132, 145
537012.5.peg.306.site.20, 1, 128, 129
537012.5.peg.306.site.21, 23, 130, 153
537012.5.peg.306.site.22, 7, 128, 135
537012.5.peg.306.site.23, 12, 125, 137
537012.5.peg.306.site.24, 2, 129, 131
537012.5.peg.306.site.25, 10, 126, 136
537012.5.peg.306.site.26, 3, 130, 133
537012.5.peg.306.site.27, 5, 131, 136
537012.5.peg.306.site.28, 4, 132, 136
537012.5.peg.306.site.29, 27, 133, 160
537012.5.peg.306.site.30, 13, 134, 147
537012.5.peg.306.site.31, 13, 133, 146
537012.5.peg.306.site.32, 2, 134, 136
537012.5.peg.306.site.33, 11, 134, 145
537012.5.peg.306.site.34, 5, 133, 138
537012.5.peg.306.site.35, 13, 134, 147
537012.5.peg.306.site.36, 13, 134, 147
537012.5.peg.306.site.37, 13, 134, 147
537012.5.peg.306.site.38, 9, 133, 142
537012.5.peg.306.site.39, 2, 134, 136
537012.5.peg.306.site.40, 2, 134, 136
537012.5.peg.306.site.41, 2, 133, 135
537012.5.peg.306.site.42, 4, 134, 138
537012.5.peg.306.site.43, 1, 133, 134
537012.5.peg.306.site.44, 5, 134, 139
537012.5.peg.306.site.45, 5, 133, 138
537012.5.peg.306.site.46, 7, 133, 140
537012.5.peg.306.site.47, 36, 132, 168
537012.5.peg.306.site.48, 4, 132, 136
537012.5.peg.306.site.49, 5, 134, 139
537012.5.peg.306.site.50, 1, 132, 133
537012.5.peg.306.site.51, 4, 134, 138
537012.5.peg.306.site.52, 89, 133, 222
537012.5.peg.306.site.53, 4, 134, 138
537012.5.peg.306.site.54, 1, 133, 134
537012.5.peg.306.site.55, 5, 133, 138
537012.5.peg.306.site.56, 6, 133, 139
537012.5.peg.306.site.57, 46, 133, 179
537012.5.peg.306.site.58, 12, 132, 144
537012.5.peg.306.site.59, 5, 134, 139
537012.5.peg.306.site.60, 6, 133, 139
537012.5.peg.306.site.61, 11, 133, 144
537012.5.peg.306.site.62, 6, 134, 140
537012.5.peg.306.site.63, 3, 132, 135
537012.5.peg.306.site.64, 1, 134, 135
537012.5.peg.306.site.65, 10, 130, 140
537012.5.peg.306.site.66, 97, 125, 222
537012.5.peg.306.site.67, 3, 126, 129
537012.5.peg.306.site.68, 3, 129, 132
537012.5.peg.306.site.69, 80, 127, 207
537012.5.peg.306.site.70, 8, 132, 140
537012.5.peg.306.site.71, 5, 131, 136
537012.5.peg.306.site.72, 1, 134, 135
537012.5.peg.306.site.73, 4, 132, 136
537012.5.peg.306.site.74, 15, 132, 147
537012.5.peg.306.site.75, 6, 134, 140
537012.5.peg.306.site.76, 11, 134, 145
537012.5.peg.306.site.77, 3, 134, 137
537012.5.peg.306.site.78, 11, 134, 145
537012.5.peg.306.site.79, 5, 133, 138
537012.5.peg.306.site.80, 5, 133, 138
537012.5.peg.306.site.81, 1, 133, 134
537012.5.peg.306.site.82, 0, 132, 132
537012.5.peg.306.site.83, 0, 132, 132
537012.5.peg.306.site.84, 1, 133, 134
537012.5.peg.306.site.85, 90, 132, 222
537012.5.peg.306.site.86, 1, 132, 133
537012.5.peg.306.site.87, 1, 134, 135
537012.5.peg.306.site.88, 4, 132, 136
537012.5.peg.306.site.89, 8, 134, 142
537012.5.peg.306.site.90, 41, 132, 173
537012.5.peg.306.site.91, 5, 132, 137
537012.5.peg.306.site.92, 9, 134, 143
537012.5.peg.306.site.93, 15, 132, 147
537012.5.peg.306.site.94, 4, 131, 135
537012.5.peg.306.site.95, 4, 131, 135
537012.5.peg.306.site.96, 76, 133, 209
537012.5.peg.306.site.97, 1, 133, 134
537012.5.peg.307.site.1, 4, 133, 137
537012.5.peg.307.site.2, 6, 124, 130
537012.5.peg.307.site.3, 58, 124, 182
537012.5.peg.307.site.4, 4, 127, 131
537012.5.peg.307.site.5, 2, 131, 133
537012.5.peg.307.site.6, 1, 129, 130
537012.5.peg.307.site.7, 2, 131, 133
537012.5.peg.307.site.8, 1, 132, 133
537012.5.peg.307.site.9, 2, 132, 134
537012.5.peg.307.site.10, 34, 125, 159
537012.5.peg.307.site.11, 2, 127, 129
537012.5.peg.307.site.12, 5, 128, 133
537012.5.peg.307.site.13, 17, 132, 149
537012.5.peg.307.site.14, 4, 131, 135
537012.5.peg.307.site.15, 11, 130, 141
537012.5.peg.307.site.16, 1, 129, 130
537012.5.peg.307.site.17, 68, 129, 197
537012.5.peg.307.site.18, 1, 130, 131
537012.5.peg.307.site.19, 1, 131, 132
537012.5.peg.307.site.20, 2, 132, 134
537012.5.peg.307.site.21, 4, 129, 133
537012.5.peg.307.site.22, 1, 132, 133
537012.5.peg.307.site.23, 4, 132, 136
537012.5.peg.307.site.24, 1, 133, 134
537012.5.peg.307.site.25, 4, 133, 137
537012.5.peg.307.site.26, 5, 133, 138
537012.5.peg.307.site.27, 1, 134, 135
537012.5.peg.307.site.28, 12, 134, 146
537012.5.peg.307.site.29, 0, 132, 132
537012.5.peg.307.site.30, 5, 129, 134
537012.5.peg.307.site.31, 1, 131, 132
537012.5.peg.307.site.32, 1, 130, 131
537012.5.peg.307.site.33, 4, 132, 136
537012.5.peg.307.site.34, 11, 132, 143
537012.5.peg.307.site.35, 1, 134, 135
537012.5.peg.307.site.36, 4, 132, 136
537012.5.peg.307.site.37, 1, 134, 135
537012.5.peg.307.site.38, 22, 131, 153
537012.5.peg.307.site.39, 3, 121, 124
537012.5.peg.307.site.40, 107, 118, 225
537012.5.peg.307.site.41, 10, 129, 139
537012.5.peg.307.site.42, 108, 129, 237
537012.5.peg.307.site.43, 3, 131, 134
537012.5.peg.307.site.44, 4, 124, 128
537012.5.peg.307.site.45, 6, 125, 131
537012.5.peg.307.site.46, 91, 122, 213
537012.5.peg.307.site.47, 8, 111, 119
537012.5.peg.308.site.1, 3, 133, 136
537012.5.peg.308.site.2, 4, 132, 136
537012.5.peg.308.site.3, 72, 131, 203
537012.5.peg.308.site.4, 13, 133, 146
537012.5.peg.308.site.5, 16, 133, 149
537012.5.peg.308.site.6, 3, 131, 134
537012.5.peg.308.site.7, 4, 132, 136
537012.5.peg.308.site.8, 20, 133, 153
537012.5.peg.308.site.9, 3, 134, 137
537012.5.peg.308.site.10, 11, 132, 143
537012.5.peg.308.site.11, 1, 134, 135
537012.5.peg.308.site.12, 25, 132, 157
537012.5.peg.308.site.13, 5, 134, 139
537012.5.peg.308.site.14, 5, 132, 137
537012.5.peg.308.site.15, 67, 131, 198
537012.5.peg.308.site.16, 12, 131, 143
537012.5.peg.308.site.17, 12, 130, 142
537012.5.peg.308.site.18, 5, 124, 129
537012.5.peg.308.site.19, 2, 125, 127
537012.5.peg.308.site.20, 2, 126, 128
537012.5.peg.308.site.21, 78, 126, 204
537012.5.peg.308.site.22, 31, 126, 157
537012.5.peg.308.site.23, 47, 127, 174
537012.5.peg.309.site.1, 1, 128, 129
537012.5.peg.309.site.2, 3, 129, 132
537012.5.peg.309.site.3, 2, 129, 131
537012.5.peg.309.site.4, 4, 130, 134
537012.5.peg.309.site.5, 1, 129, 130
537012.5.peg.309.site.6, 69, 126, 195
537012.5.peg.309.site.7, 4, 128, 132
537012.5.peg.309.site.8, 21, 131, 152
537012.5.peg.309.site.9, 11, 130, 141
537012.5.peg.309.site.10, 17, 129, 146
537012.5.peg.309.site.11, 6, 129, 135
537012.5.peg.309.site.12, 3, 128, 131
537012.5.peg.309.site.13, 3, 131, 134
537012.5.peg.309.site.14, 1, 130, 131
537012.5.peg.309.site.15, 9, 130, 139
537012.5.peg.309.site.16, 1, 133, 134
537012.5.peg.309.site.17, 2, 130, 132
537012.5.peg.309.site.18, 2, 131, 133
537012.5.peg.309.site.19, 1, 133, 134
537012.5.peg.309.site.20, 2, 133, 135
537012.5.peg.309.site.21, 2, 130, 132
537012.5.peg.309.site.22, 1, 131, 132
537012.5.peg.309.site.23, 0, 128, 128
537012.5.peg.309.site.24, 0, 130, 130
537012.5.peg.309.site.25, 1, 131, 132
537012.5.peg.309.site.26, 4, 132, 136
537012.5.peg.309.site.27, 2, 131, 133
537012.5.peg.1289.site.1, 2, 124, 126
537012.5.peg.1289.site.2, 3, 128, 131
537012.5.peg.1289.site.3, 5, 133, 138
537012.5.peg.1289.site.4, 3, 132, 135
537012.5.peg.1289.site.5, 0, 132, 132
537012.5.peg.1289.site.6, 0, 131, 131
537012.5.peg.1289.site.7, 1, 133, 134
537012.5.peg.1289.site.8, 0, 131, 131
537012.5.peg.1289.site.9, 1, 132, 133
537012.5.peg.1289.site.10, 6, 132, 138
537012.5.peg.1289.site.11, 2, 130, 132
537012.5.peg.1289.site.12, 1, 104, 105
537012.5.peg.1289.site.13, 51, 99, 150
537012.5.peg.1289.site.14, 0, 104, 104
537012.5.peg.1289.site.15, 6, 116, 122
537012.5.peg.1289.site.16, 3, 119, 122
537012.5.peg.1289.site.17, 3, 128, 131
537012.5.peg.1289.site.18, 3, 128, 131
537012.5.peg.1289.site.19, 1, 128, 129
537012.5.peg.1289.site.20, 13, 126, 139
537012.5.peg.1289.site.21, 2, 126, 128
537012.5.peg.1289.site.22, 5, 121, 126
537012.5.peg.1289.site.23, 10, 123, 133
537012.5.peg.1289.site.24, 4, 120, 124
537012.5.peg.1289.site.25, 4, 119, 123
537012.5.peg.1289.site.26, 3, 122, 125
537012.5.peg.1289.site.27, 4, 122, 126
537012.5.peg.1289.site.28, 9, 129, 138
537012.5.peg.1289.site.29, 3, 129, 132
537012.5.peg.1289.site.30, 0, 129, 129
537012.5.peg.1289.site.31, 3, 129, 132
537012.5.peg.1289.site.32, 1, 129, 130
537012.5.peg.1289.site.33, 2, 128, 130
537012.5.peg.1289.site.34, 3, 130, 133
537012.5.peg.1289.site.35, 1, 131, 132
537012.5.peg.1289.site.36, 8, 129, 137
537012.5.peg.1289.site.37, 8, 129, 137
537012.5.peg.1289.site.38, 2, 129, 131
537012.5.peg.1289.site.39, 5, 131, 136
537012.5.peg.1289.site.40, 2, 131, 133
537012.5.peg.1289.site.41, 5, 131, 136
537012.5.peg.1289.site.42, 5, 131, 136
537012.5.peg.1289.site.43, 0, 130, 130
537012.5.peg.1289.site.44, 5, 129, 134
537012.5.peg.1289.site.45, 0, 129, 129
537012.5.peg.1289.site.46, 3, 130, 133
537012.5.peg.1289.site.47, 70, 115, 185
537012.5.peg.1289.site.48, 5, 116, 121
537012.5.peg.1289.site.49, 1, 124, 125
537012.5.peg.1289.site.50, 11, 124, 135
537012.5.peg.1289.site.51, 6, 126, 132
537012.5.peg.1289.site.52, 54, 126, 180
537012.5.peg.1289.site.53, 2, 128, 130
537012.5.peg.1289.site.54, 56, 120, 176
537012.5.peg.1289.site.55, 22, 119, 141
537012.5.peg.1289.site.56, 1, 118, 119
537012.5.peg.1289.site.57, 11, 119, 130
537012.5.peg.1289.site.58, 10, 118, 128
537012.5.peg.1289.site.59, 2, 120, 122
537012.5.peg.1289.site.60, 19, 122, 141
537012.5.peg.1289.site.61, 105, 125, 230
537012.5.peg.1289.site.62, 20, 125, 145
537012.5.peg.1289.site.63, 2, 120, 122
537012.5.peg.1289.site.64, 19, 121, 140
537012.5.peg.1289.site.65, 2, 120, 122
537012.5.peg.1289.site.66, 5, 118, 123
537012.5.peg.1289.site.67, 2, 115, 117
537012.5.peg.1289.site.68, 18, 98, 116
537012.5.peg.1289.site.69, 5, 99, 104
537012.5.peg.1289.site.70, 5, 94, 99
537012.5.peg.1289.site.71, 5, 93, 98
537012.5.peg.1289.site.72, 1, 121, 122
537012.5.peg.1289.site.73, 6, 121, 127
537012.5.peg.1289.site.74, 0, 123, 123
537012.5.peg.1289.site.75, 7, 128, 135
537012.5.peg.1289.site.76, 7, 132, 139
537012.5.peg.1289.site.77, 1, 132, 133
537012.5.peg.1289.site.78, 1, 133, 134
537012.5.peg.1289.site.79, 5, 130, 135
537012.5.peg.1289.site.80, 0, 131, 131
537012.5.peg.1289.site.81, 1, 133, 134
537012.5.peg.1289.site.82, 1, 132, 133
537012.5.peg.1289.site.83, 6, 132, 138
537012.5.peg.1281.site.1, 7, 78, 85
537012.5.peg.1281.site.2, 7, 76, 83
537012.5.peg.1281.site.3, 3, 79, 82
537012.5.peg.1281.site.4, 5, 79, 84
537012.5.peg.1281.site.5, 36, 78, 114
537012.5.peg.1281.site.6, 2, 80, 82
537012.5.peg.1281.site.7, 23, 84, 107
537012.5.peg.1281.site.8, 2, 89, 91
537012.5.peg.1281.site.9, 2, 101, 103
537012.5.peg.1281.site.10, 0, 99, 99
537012.5.peg.1281.site.11, 0, 100, 100
537012.5.peg.1281.site.12, 47, 97, 144
537012.5.peg.1281.site.13, 1, 99, 100
537012.5.peg.1281.site.14, 4, 102, 106
537012.5.peg.1281.site.15, 2, 127, 129
537012.5.peg.1281.site.16, 3, 122, 125
537012.5.peg.1281.site.17, 1, 121, 122
537012.5.peg.1281.site.18, 3, 106, 109
537012.5.peg.1281.site.19, 8, 103, 111
537012.5.peg.1281.site.20, 1, 94, 95
537012.5.peg.1281.site.21, 3, 93, 96
537012.5.peg.1281.site.22, 1, 95, 96
537012.5.peg.1281.site.23, 1, 95, 96
537012.5.peg.1281.site.24, 2, 93, 95
537012.5.peg.1281.site.25, 2, 87, 89
537012.5.peg.1281.site.26, 38, 92, 130
537012.5.peg.1281.site.27, 2, 94, 96
537012.5.peg.1281.site.28, 21, 98, 119
537012.5.peg.1281.site.29, 1, 98, 99
537012.5.peg.1281.site.30, 6, 101, 107
537012.5.peg.1281.site.31, 1, 100, 101
537012.5.peg.1281.site.32, 1, 102, 103
537012.5.peg.1281.site.33, 2, 103, 105
537012.5.peg.1281.site.34, 2, 106, 108
537012.5.peg.1281.site.35, 1, 106, 107
537012.5.peg.1281.site.36, 1, 102, 103
537012.5.peg.1281.site.37, 4, 107, 111
537012.5.peg.1281.site.38, 1, 107, 108
537012.5.peg.1281.site.39, 2, 101, 103
537012.5.peg.1281.site.40, 46, 95, 141
537012.5.peg.1281.site.41, 3, 94, 97
537012.5.peg.1281.site.42, 5, 92, 97
537012.5.peg.1281.site.43, 2, 92, 94
537012.5.peg.1281.site.44, 54, 87, 141
537012.5.peg.1281.site.45, 34, 90, 124
537012.5.peg.1281.site.46, 2, 95, 97
537012.5.peg.1281.site.47, 3, 102, 105
537012.5.peg.1281.site.48, 12, 110, 122
537012.5.peg.1281.site.49, 7, 117, 124
537012.5.peg.1281.site.50, 8, 115, 123
537012.5.peg.1281.site.51, 5, 118, 123
537012.5.peg.1281.site.52, 5, 118, 123
537012.5.peg.1281.site.53, 2, 117, 119
537012.5.peg.1281.site.54, 0, 115, 115
537012.5.peg.1281.site.55, 1, 108, 109
537012.5.peg.1281.site.56, 4, 101, 105
537012.5.peg.1281.site.57, 2, 101, 103
537012.5.peg.1281.site.58, 4, 105, 109
537012.5.peg.1281.site.59, 1, 107, 108
537012.5.peg.1281.site.60, 1, 120, 121
537012.5.peg.1282.site.1, 1, 131, 132
537012.5.peg.1282.site.2, 11, 129, 140
537012.5.peg.1282.site.3, 6, 132, 138
537012.5.peg.1282.site.4, 3, 134, 137
537012.5.peg.1282.site.5, 1, 132, 133
537012.5.peg.1282.site.6, 44, 126, 170
537012.5.peg.1282.site.7, 38, 125, 163
537012.5.peg.1282.site.8, 3, 126, 129
537012.5.peg.1282.site.9, 9, 124, 133
537012.5.peg.1282.site.10, 2, 123, 125
537012.5.peg.1282.site.11, 7, 121, 128
537012.5.peg.1282.site.12, 1, 122, 123
537012.5.peg.1282.site.13, 1, 123, 124
537012.5.peg.1282.site.14, 97, 122, 219
537012.5.peg.1282.site.15, 3, 124, 127
537012.5.peg.1282.site.16, 1, 124, 125
537012.5.peg.1282.site.17, 2, 129, 131
537012.5.peg.1282.site.18, 12, 132, 144
537012.5.peg.1282.site.19, 3, 133, 136
537012.5.peg.1282.site.20, 3, 132, 135
537012.5.peg.1282.site.21, 0, 132, 132
537012.5.peg.1282.site.22, 18, 125, 143
537012.5.peg.1282.site.23, 9, 120, 129
537012.5.peg.1282.site.24, 78, 115, 193
537012.5.peg.1282.site.25, 1, 114, 115
537012.5.peg.1282.site.26, 5, 115, 120
537012.5.peg.1282.site.27, 12, 116, 128
537012.5.peg.1282.site.28, 8, 117, 125
537012.5.peg.1282.site.29, 22, 118, 140
537012.5.peg.1282.site.30, 0, 111, 111
537012.5.peg.1282.site.31, 2, 105, 107
537012.5.peg.1282.site.32, 3, 106, 109
537012.5.peg.1282.site.33, 2, 81, 83
537012.5.peg.1282.site.34, 58, 71, 129
537012.5.peg.1282.site.35, 4, 71, 75
537012.5.peg.1282.site.36, 11, 76, 87
537012.5.peg.1282.site.37, 5, 100, 105
537012.5.peg.1282.site.38, 1, 125, 126
537012.5.peg.1282.site.39, 1, 127, 128
537012.5.peg.1282.site.40, 8, 128, 136
537012.5.peg.1282.site.41, 1, 130, 131
537012.5.peg.1282.site.42, 1, 127, 128
537012.5.peg.1282.site.43, 1, 117, 118
537012.5.peg.1282.site.44, 7, 114, 121
537012.5.peg.1282.site.45, 2, 93, 95
537012.5.peg.1282.site.46, 33, 92, 125
537012.5.peg.1282.site.47, 8, 92, 100
537012.5.peg.1282.site.48, 2, 92, 94
537012.5.peg.1282.site.49, 2, 93, 95
537012.5.peg.1282.site.50, 9, 88, 97
537012.5.peg.1282.site.51, 0, 81, 81
537012.5.peg.1282.site.52, 5, 85, 90
537012.5.peg.1282.site.53, 1, 86, 87
537012.5.peg.1282.site.54, 2, 87, 89
537012.5.peg.1282.site.55, 5, 94, 99
537012.5.peg.1282.site.56, 4, 95, 99
537012.5.peg.1282.site.57, 16, 99, 115
537012.5.peg.1282.site.58, 1, 104, 105
537012.5.peg.1282.site.59, 1, 104, 105
537012.5.peg.1285.site.1, 6, 130, 136
537012.5.peg.1285.site.2, 1, 131, 132
537012.5.peg.1285.site.3, 0, 131, 131
537012.5.peg.1285.site.4, 8, 129, 137
537012.5.peg.1285.site.5, 2, 129, 131
537012.5.peg.1285.site.6, 1, 132, 133
537012.5.peg.1285.site.7, 1, 132, 133
537012.5.peg.1285.site.8, 3, 132, 135
537012.5.peg.1285.site.9, 5, 131, 136
537012.5.peg.1285.site.10, 8, 132, 140
537012.5.peg.1285.site.11, 2, 129, 131
537012.5.peg.1285.site.12, 0, 131, 131
537012.5.peg.1285.site.13, 5, 131, 136
537012.5.peg.1285.site.14, 5, 126, 131
537012.5.peg.1285.site.15, 6, 127, 133
537012.5.peg.1285.site.16, 4, 130, 134
537012.5.peg.1285.site.17, 6, 131, 137
537012.5.peg.1285.site.18, 4, 134, 138
537012.5.peg.1285.site.19, 7, 134, 141
537012.5.peg.1285.site.20, 1, 134, 135
537012.5.peg.1285.site.21, 31, 133, 164
537012.5.peg.1285.site.22, 6, 132, 138
537012.5.peg.1285.site.23, 1, 134, 135
537012.5.peg.1285.site.24, 120, 132, 252
537012.5.peg.1285.site.25, 23, 132, 155
537012.5.peg.1285.site.26, 5, 132, 137
537012.5.peg.1285.site.27, 20, 130, 150
537012.5.peg.1285.site.28, 3, 132, 135
537012.5.peg.1285.site.29, 8, 131, 139
537012.5.peg.1285.site.30, 4, 130, 134
537012.5.peg.1285.site.31, 3, 129, 132
537012.5.peg.1285.site.32, 6, 125, 131
537012.5.peg.1285.site.33, 1, 130, 131
537012.5.peg.1285.site.34, 1, 130, 131
537012.5.peg.1285.site.35, 3, 129, 132
537012.5.peg.1285.site.36, 2, 130, 132
537012.5.peg.1285.site.37, 2, 129, 131
537012.5.peg.1285.site.38, 56, 126, 182
537012.5.peg.1285.site.39, 5, 129, 134
537012.5.peg.1285.site.40, 1, 126, 127
537012.5.peg.1285.site.41, 4, 131, 135
537012.5.peg.1285.site.42, 0, 129, 129
537012.5.peg.1285.site.43, 2, 128, 130
537012.5.peg.1285.site.44, 8, 132, 140
537012.5.peg.1285.site.45, 1, 131, 132
537012.5.peg.1285.site.46, 1, 130, 131
537012.5.peg.1285.site.47, 1, 130, 131
537012.5.peg.1285.site.48, 23, 108, 131
537012.5.peg.1285.site.49, 1, 108, 109
537012.5.peg.1285.site.50, 0, 112, 112
537012.5.peg.1285.site.51, 19, 114, 133
537012.5.peg.1284.site.1, 18, 126, 144
537012.5.peg.1284.site.2, 11, 129, 140
537012.5.peg.1284.site.3, 0, 129, 129
537012.5.peg.1284.site.4, 20, 130, 150
537012.5.peg.1284.site.5, 8, 124, 132
537012.5.peg.1284.site.6, 78, 123, 201
537012.5.peg.1284.site.7, 2, 123, 125
537012.5.peg.1284.site.8, 82, 121, 203
537012.5.peg.1284.site.9, 7, 122, 129
537012.5.peg.1284.site.10, 43, 94, 137
537012.5.peg.1284.site.11, 63, 93, 156
537012.5.peg.1284.site.12, 1, 94, 95
537012.5.peg.1284.site.13, 1, 94, 95
537012.5.peg.1284.site.14, 10, 95, 105
537012.5.peg.1284.site.15, 10, 98, 108
537012.5.peg.1284.site.16, 13, 106, 119
537012.5.peg.1284.site.17, 10, 105, 115
537012.5.peg.1284.site.18, 0, 116, 116
537012.5.peg.1284.site.19, 3, 113, 116
537012.5.peg.1284.site.20, 1, 113, 114
537012.5.peg.1284.site.21, 1, 104, 105
537012.5.peg.1284.site.22, 22, 104, 126
537012.5.peg.1284.site.23, 4, 106, 110
537012.5.peg.1284.site.24, 2, 111, 113
537012.5.peg.1284.site.25, 8, 108, 116
537012.5.peg.1284.site.26, 1, 100, 101
537012.5.peg.1284.site.27, 3, 99, 102
537012.5.peg.1284.site.28, 3, 97, 100
537012.5.peg.1284.site.29, 0, 91, 91
537012.5.peg.1284.site.30, 36, 89, 125
537012.5.peg.1284.site.31, 0, 94, 94
537012.5.peg.1284.site.32, 1, 93, 94
537012.5.peg.1284.site.33, 1, 95, 96
537012.5.peg.1284.site.34, 2, 98, 100
537012.5.peg.1284.site.35, 8, 99, 107
537012.5.peg.1284.site.36, 5, 106, 111
537012.5.peg.1284.site.37, 2, 103, 105
537012.5.peg.1284.site.38, 4, 101, 105
537012.5.peg.1284.site.39, 4, 98, 102
537012.5.peg.1284.site.40, 7, 97, 104
537012.5.peg.1284.site.41, 4, 101, 105
537012.5.peg.1284.site.42, 18, 104, 122
537012.5.peg.1284.site.43, 5, 107, 112
537012.5.peg.1284.site.44, 5, 106, 111
537012.5.peg.1284.site.45, 1, 109, 110
537012.5.peg.1284.site.46, 1, 107, 108
537012.5.peg.1284.site.47, 3, 105, 108
537012.5.peg.1284.site.48, 2, 103, 105
537012.5.peg.1284.site.49, 1, 96, 97
537012.5.peg.1284.site.50, 3, 91, 94
537012.5.peg.1284.site.51, 4, 91, 95
537012.5.peg.1284.site.52, 47, 89, 136
537012.5.peg.1284.site.53, 1, 106, 107
537012.5.peg.1284.site.54, 0, 111, 111
537012.5.peg.1284.site.55, 4, 111, 115
537012.5.peg.1284.site.56, 2, 113, 115
537012.5.peg.1284.site.57, 1, 116, 117
537012.5.peg.1284.site.58, 1, 119, 120
537012.5.peg.1284.site.59, 0, 120, 120
537012.5.peg.1284.site.60, 0, 116, 116
537012.5.peg.1284.site.61, 12, 115, 127
537012.5.peg.1284.site.62, 3, 115, 118
537012.5.peg.1284.site.63, 3, 116, 119
537012.5.peg.1284.site.64, 0, 116, 116
537012.5.peg.1284.site.65, 2, 117, 119
537012.5.peg.1284.site.66, 3, 119, 122
537012.5.peg.1284.site.67, 1, 113, 114
537012.5.peg.1284.site.68, 2, 103, 105
537012.5.peg.1284.site.69, 11, 92, 103
537012.5.peg.1284.site.70, 0, 94, 94
537012.5.peg.1284.site.71, 56, 94, 150
537012.5.peg.1284.site.72, 1, 94, 95
537012.5.peg.1284.site.73, 0, 97, 97
537012.5.peg.1284.site.74, 2, 96, 98
537012.5.peg.1284.site.75, 5, 100, 105
537012.5.peg.1284.site.76, 9, 99, 108
537012.5.peg.1284.site.77, 5, 104, 109
537012.5.peg.1284.site.78, 33, 103, 136
537012.5.peg.1284.site.79, 0, 99, 99
537012.5.peg.1284.site.80, 6, 97, 103
537012.5.peg.1284.site.81, 15, 95, 110
537012.5.peg.1284.site.82, 7, 97, 104
537012.5.peg.1284.site.83, 8, 98, 106
537012.5.peg.1284.site.84, 40, 97, 137
537012.5.peg.1284.site.85, 0, 99, 99
537012.5.peg.1284.site.86, 14, 103, 117
537012.5.peg.1284.site.87, 6, 102, 108
537012.5.peg.1284.site.88, 52, 100, 152
537012.5.peg.1284.site.89, 1, 114, 115
537012.5.peg.1284.site.90, 4, 115, 119
537012.5.peg.1284.site.91, 7, 115, 122
537012.5.peg.1284.site.92, 2, 123, 125
537012.5.peg.1284.site.93, 13, 120, 133
537012.5.peg.1284.site.94, 12, 120, 132
537012.5.peg.1284.site.95, 8, 118, 126
537012.5.peg.1284.site.96, 1, 119, 120
537012.5.peg.1284.site.97, 0, 109, 109
537012.5.peg.1284.site.98, 19, 94, 113
537012.5.peg.1284.site.99, 1, 91, 92
537012.5.peg.1284.site.100, 19, 87, 106
537012.5.peg.1284.site.101, 16, 84, 100
537012.5.peg.1284.site.102, 1, 84, 85
537012.5.peg.1284.site.103, 3, 84, 87
537012.5.peg.1284.site.104, 2, 84, 86
537012.5.peg.1284.site.105, 10, 83, 93
537012.5.peg.1284.site.106, 2, 84, 86
537012.5.peg.1284.site.107, 9, 104, 113
537012.5.peg.1284.site.108, 5, 108, 113
537012.5.peg.1284.site.109, 4, 108, 112
537012.5.peg.1284.site.110, 5, 105, 110
537012.5.peg.1284.site.111, 1, 103, 104
537012.5.peg.1284.site.112, 3, 105, 108
537012.5.peg.1284.site.113, 1, 104, 105
537012.5.peg.1284.site.114, 7, 99, 106
537012.5.peg.1284.site.115, 1, 97, 98
537012.5.peg.1284.site.116, 4, 97, 101
537012.5.peg.1284.site.117, 4, 97, 101
537012.5.peg.1284.site.118, 8, 100, 108
537012.5.peg.1284.site.119, 1, 107, 108
537012.5.peg.1284.site.120, 2, 107, 109
537012.5.peg.1284.site.121, 2, 102, 104
537012.5.peg.1284.site.122, 0, 88, 88
537012.5.peg.1284.site.123, 15, 91, 106
537012.5.peg.1284.site.124, 1, 90, 91
537012.5.peg.1284.site.125, 16, 87, 103
537012.5.peg.1284.site.126, 4, 86, 90
537012.5.peg.1284.site.127, 1, 85, 86
537012.5.peg.1284.site.128, 32, 85, 117
537012.5.peg.1284.site.129, 2, 84, 86
537012.5.peg.1284.site.130, 4, 86, 90
537012.5.peg.1284.site.131, 4, 83, 87
537012.5.peg.1284.site.132, 49, 83, 132
537012.5.peg.1284.site.133, 57, 81, 138
537012.5.peg.1284.site.134, 1, 92, 93
537012.5.peg.1284.site.135, 0, 103, 103
537012.5.peg.1284.site.136, 3, 101, 104
537012.5.peg.1284.site.137, 6, 99, 105
537012.5.peg.1284.site.138, 2, 96, 98
537012.5.peg.1284.site.139, 7, 97, 104
537012.5.peg.1284.site.140, 1, 98, 99
537012.5.peg.1284.site.141, 1, 93, 94
537012.5.peg.1284.site.142, 1, 93, 94
537012.5.peg.1284.site.143, 1, 95, 96
537012.5.peg.1284.site.144, 1, 89, 90
537012.5.peg.1284.site.145, 6, 93, 99
537012.5.peg.1284.site.146, 44, 92, 136
537012.5.peg.1284.site.147, 5, 99, 104
537012.5.peg.1284.site.148, 4, 98, 102
537012.5.peg.1284.site.149, 3, 100, 103
537012.5.peg.1284.site.150, 1, 96, 97
537012.5.peg.1284.site.151, 6, 99, 105
537012.5.peg.1284.site.152, 0, 96, 96
537012.5.peg.1284.site.153, 1, 99, 100
537012.5.peg.1284.site.154, 2, 93, 95
537012.5.peg.1284.site.155, 0, 89, 89
537012.5.peg.1284.site.156, 16, 85, 101
537012.5.peg.1284.site.157, 3, 82, 85
537012.5.peg.1284.site.158, 3, 78, 81
537012.5.peg.1284.site.159, 13, 78, 91
537012.5.peg.1284.site.160, 6, 79, 85
537012.5.peg.1284.site.161, 1, 80, 81
537012.5.peg.1284.site.162, 54, 78, 132
537012.5.peg.1284.site.163, 1, 84, 85
537012.5.peg.1284.site.164, 6, 87, 93
537012.5.peg.1287.site.1, 48, 133, 181
537012.5.peg.1287.site.2, 4, 132, 136
537012.5.peg.1287.site.3, 0, 133, 133
537012.5.peg.1287.site.4, 2, 129, 131
537012.5.peg.1287.site.5, 4, 131, 135
537012.5.peg.1287.site.6, 3, 127, 130
537012.5.peg.1286.site.1, 5, 125, 130
537012.5.peg.1286.site.2, 2, 118, 120
537012.5.peg.1286.site.3, 4, 118, 122
537012.5.peg.1286.site.4, 4, 114, 118
537012.5.peg.1286.site.5, 2, 92, 94
537012.5.peg.1286.site.6, 2, 97, 99
537012.5.peg.1286.site.7, 1, 100, 101
537012.5.peg.1286.site.8, 3, 100, 103
537012.5.peg.1286.site.9, 1, 105, 106
537012.5.peg.1286.site.10, 3, 107, 110
537012.5.peg.1286.site.11, 3, 118, 121
537012.5.peg.1286.site.12, 1, 118, 119
537012.5.peg.1286.site.13, 4, 118, 122
537012.5.peg.1286.site.14, 6, 119, 125
537012.5.peg.1286.site.15, 70, 101, 171
537012.5.peg.1286.site.16, 15, 127, 142
537012.5.peg.4648.site.1, 8, 118, 126
537012.5.peg.4648.site.2, 6, 118, 124
537012.5.peg.4648.site.3, 12, 116, 128
537012.5.peg.4648.site.4, 62, 80, 142
537012.5.peg.4648.site.5, 60, 77, 137
537012.5.peg.4648.site.6, 55, 76, 131
537012.5.peg.4648.site.7, 3, 95, 98
537012.5.peg.4648.site.8, 14, 98, 112
537012.5.peg.4648.site.9, 1, 98, 99
537012.5.peg.4648.site.10, 1, 101, 102
537012.5.peg.4648.site.11, 23, 101, 124
537012.5.peg.4648.site.12, 5, 102, 107
537012.5.peg.4648.site.13, 6, 102, 108
537012.5.peg.4648.site.14, 34, 102, 136
537012.5.peg.4648.site.15, 44, 91, 135
537012.5.peg.4648.site.16, 33, 88, 121
537012.5.peg.4648.site.17, 1, 109, 110
537012.5.peg.4648.site.18, 6, 110, 116
537012.5.peg.4648.site.19, 13, 117, 130
537012.5.peg.4648.site.20, 13, 116, 129
537012.5.peg.4648.site.21, 5, 116, 121
537012.5.peg.4648.site.22, 1, 113, 114
537012.5.peg.4648.site.23, 2, 109, 111
537012.5.peg.4648.site.24, 4, 108, 112
537012.5.peg.4648.site.25, 3, 102, 105
537012.5.peg.4648.site.26, 1, 103, 104
537012.5.peg.4648.site.27, 8, 107, 115
537012.5.peg.4648.site.28, 41, 100, 141
537012.5.peg.4648.site.29, 35, 97, 132
537012.5.peg.4648.site.30, 1, 96, 97
537012.5.peg.4648.site.31, 10, 92, 102
537012.5.peg.4648.site.32, 1, 91, 92
537012.5.peg.4648.site.33, 27, 94, 121
537012.5.peg.4648.site.34, 4, 94, 98
537012.5.peg.4648.site.35, 49, 93, 142
537012.5.peg.4648.site.36, 5, 90, 95
537012.5.peg.4648.site.37, 5, 88, 93
537012.5.peg.4648.site.38, 51, 88, 139
537012.5.peg.4648.site.39, 0, 92, 92
537012.5.peg.4648.site.40, 2, 99, 101
537012.5.peg.4648.site.41, 3, 106, 109
537012.5.peg.4648.site.42, 7, 112, 119
537012.5.peg.4648.site.43, 17, 111, 128
537012.5.peg.4648.site.44, 10, 113, 123
537012.5.peg.4648.site.45, 1, 113, 114
537012.5.peg.4648.site.46, 1, 108, 109
537012.5.peg.4648.site.47, 25, 105, 130
537012.5.peg.4648.site.48, 8, 103, 111
537012.5.peg.4648.site.49, 37, 102, 139
537012.5.peg.4648.site.50, 31, 104, 135
537012.5.peg.4648.site.51, 29, 101, 130
537012.5.peg.4648.site.52, 7, 101, 108
537012.5.peg.4648.site.53, 5, 98, 103
537012.5.peg.4648.site.54, 4, 95, 99
537012.5.peg.4648.site.55, 3, 93, 96
537012.5.peg.4648.site.56, 23, 90, 113
537012.5.peg.4648.site.57, 1, 94, 95
537012.5.peg.4648.site.58, 6, 95, 101
537012.5.peg.4648.site.59, 2, 94, 96
537012.5.peg.4648.site.60, 4, 95, 99
537012.5.peg.4648.site.61, 7, 92, 99
537012.5.peg.4648.site.62, 55, 93, 148
537012.5.peg.4648.site.63, 5, 86, 91
537012.5.peg.4648.site.64, 44, 86, 130
537012.5.peg.4648.site.65, 27, 91, 118
537012.5.peg.4648.site.66, 24, 92, 116
537012.5.peg.4648.site.67, 4, 93, 97
537012.5.peg.4648.site.68, 3, 90, 93
537012.5.peg.4648.site.69, 25, 68, 93
537012.5.peg.4648.site.70, 16, 67, 83
537012.5.peg.4648.site.71, 19, 56, 75
537012.5.peg.4648.site.72, 6, 58, 64
537012.5.peg.4648.site.73, 4, 59, 63
537012.5.peg.4648.site.74, 12, 58, 70
537012.5.peg.4648.site.75, 0, 58, 58
537012.5.peg.4648.site.76, 4, 59, 63
537012.5.peg.4648.site.77, 26, 65, 91
537012.5.peg.4648.site.78, 18, 62, 80
537012.5.peg.4648.site.79, 5, 81, 86
537012.5.peg.4648.site.80, 11, 85, 96
537012.5.peg.4648.site.81, 16, 86, 102
537012.5.peg.4648.site.82, 3, 85, 88
537012.5.peg.4648.site.83, 17, 89, 106
537012.5.peg.4648.site.84, 33, 86, 119
537012.5.peg.4648.site.85, 9, 92, 101
537012.5.peg.4648.site.86, 2, 91, 93
537012.5.peg.4648.site.87, 39, 91, 130
537012.5.peg.4648.site.88, 12, 94, 106
537012.5.peg.4648.site.89, 1, 93, 94
537012.5.peg.4648.site.90, 5, 94, 99
537012.5.peg.4648.site.91, 1, 96, 97
537012.5.peg.4648.site.92, 10, 95, 105
537012.5.peg.4648.site.93, 0, 95, 95
537012.5.peg.4648.site.94, 1, 94, 95
537012.5.peg.4648.site.95, 20, 102, 122
537012.5.peg.4648.site.96, 4, 101, 105
537012.5.peg.4648.site.97, 49, 99, 148
537012.5.peg.4648.site.98, 11, 88, 99
537012.5.peg.4648.site.99, 4, 91, 95
537012.5.peg.4648.site.100, 1, 92, 93
537012.5.peg.4648.site.101, 3, 96, 99
537012.5.peg.4648.site.102, 24, 96, 120
537012.5.peg.4648.site.103, 5, 100, 105
537012.5.peg.4648.site.104, 5, 100, 105
537012.5.peg.4648.site.105, 3, 102, 105
537012.5.peg.4648.site.106, 10, 103, 113
537012.5.peg.4648.site.107, 1, 104, 105
537012.5.peg.2060.site.1, 0, 128, 128
537012.5.peg.2060.site.2, 1, 126, 127
537012.5.peg.2060.site.3, 32, 129, 161
537012.5.peg.2060.site.4, 21, 127, 148
537012.5.peg.2060.site.5, 4, 129, 133
537012.5.peg.2060.site.6, 32, 129, 161
537012.5.peg.2060.site.7, 23, 129, 152
537012.5.peg.2060.site.8, 89, 128, 217
537012.5.peg.2060.site.9, 6, 129, 135
537012.5.peg.2060.site.10, 1, 129, 130
537012.5.peg.2060.site.11, 77, 129, 206
537012.5.peg.2060.site.12, 31, 128, 159
537012.5.peg.2060.site.13, 25, 125, 150
537012.5.peg.2060.site.14, 10, 128, 138
537012.5.peg.2060.site.15, 11, 128, 139
537012.5.peg.2060.site.16, 3, 128, 131
537012.5.peg.2060.site.17, 5, 127, 132
537012.5.peg.2060.site.18, 36, 128, 164
537012.5.peg.2060.site.19, 6, 130, 136
537012.5.peg.2060.site.20, 9, 130, 139
537012.5.peg.2060.site.21, 4, 128, 132
537012.5.peg.2060.site.22, 53, 128, 181
537012.5.peg.2060.site.23, 22, 128, 150
537012.5.peg.2060.site.24, 1, 130, 131
537012.5.peg.2060.site.25, 7, 130, 137
537012.5.peg.2060.site.26, 5, 129, 134
537012.5.peg.2060.site.27, 25, 129, 154
537012.5.peg.2060.site.28, 3, 130, 133
537012.5.peg.2060.site.29, 12, 129, 141
537012.5.peg.2060.site.30, 12, 129, 141
537012.5.peg.2060.site.31, 3, 130, 133
537012.5.peg.2060.site.32, 8, 128, 136
537012.5.peg.2060.site.33, 62, 130, 192
537012.5.peg.2060.site.34, 91, 129, 220
537012.5.peg.2060.site.35, 13, 129, 142
537012.5.peg.2060.site.36, 1, 129, 130
537012.5.peg.2060.site.37, 3, 129, 132
537012.5.peg.2060.site.38, 13, 129, 142
537012.5.peg.2060.site.39, 31, 129, 160
537012.5.peg.2060.site.40, 60, 126, 186
537012.5.peg.2060.site.41, 45, 126, 171
537012.5.peg.2060.site.42, 50, 121, 171
537012.5.peg.2060.site.43, 3, 119, 122
537012.5.peg.2060.site.44, 22, 115, 137
537012.5.peg.2060.site.45, 3, 115, 118
537012.5.peg.2060.site.46, 5, 123, 128
537012.5.peg.2060.site.47, 0, 127, 127
537012.5.peg.2060.site.48, 1, 129, 130
537012.5.peg.2060.site.49, 8, 128, 136
537012.5.peg.2060.site.50, 3, 129, 132
537012.5.peg.2060.site.51, 4, 127, 131
537012.5.peg.2060.site.52, 1, 129, 130
537012.5.peg.2060.site.53, 41, 127, 168
537012.5.peg.2060.site.54, 5, 127, 132
537012.5.peg.2060.site.55, 1, 129, 130
537012.5.peg.2060.site.56, 7, 129, 136
537012.5.peg.2060.site.57, 13, 129, 142
537012.5.peg.2060.site.58, 6, 129, 135
537012.5.peg.2060.site.59, 1, 129, 130
537012.5.peg.2060.site.60, 1, 129, 130
537012.5.peg.2060.site.61, 1, 129, 130
537012.5.peg.2060.site.62, 6, 129, 135
537012.5.peg.2061.site.1, 18, 130, 148
537012.5.peg.2061.site.2, 31, 130, 161
537012.5.peg.2061.site.3, 4, 128, 132
537012.5.peg.2061.site.4, 7, 128, 135
537012.5.peg.2061.site.5, 3, 129, 132
537012.5.peg.2061.site.6, 10, 127, 137
537012.5.peg.2061.site.7, 12, 128, 140
537012.5.peg.2061.site.8, 18, 127, 145
537012.5.peg.2061.site.9, 28, 130, 158
537012.5.peg.2061.site.10, 1, 130, 131
537012.5.peg.2061.site.11, 1, 130, 131
537012.5.peg.2061.site.12, 5, 128, 133
537012.5.peg.2061.site.13, 17, 127, 144
537012.5.peg.2061.site.14, 40, 127, 167
537012.5.peg.2061.site.15, 1, 129, 130
537012.5.peg.2061.site.16, 39, 129, 168
537012.5.peg.2061.site.17, 2, 129, 131
537012.5.peg.2061.site.18, 3, 129, 132
537012.5.peg.2061.site.19, 3, 129, 132
537012.5.peg.2061.site.20, 31, 128, 159
537012.5.peg.2061.site.21, 1, 129, 130
537012.5.peg.2061.site.22, 3, 129, 132
537012.5.peg.2061.site.23, 3, 129, 132
537012.5.peg.2061.site.24, 7, 126, 133
537012.5.peg.2061.site.25, 31, 128, 159
537012.5.peg.2061.site.26, 8, 129, 137
537012.5.peg.2061.site.27, 8, 128, 136
537012.5.peg.2061.site.28, 5, 129, 134
537012.5.peg.2061.site.29, 5, 130, 135
537012.5.peg.2061.site.30, 3, 129, 132
537012.5.peg.2062.site.1, 1, 128, 129
537012.5.peg.2062.site.2, 41, 126, 167
537012.5.peg.2062.site.3, 10, 126, 136
537012.5.peg.2062.site.4, 0, 129, 129
537012.5.peg.2062.site.5, 22, 127, 149
537012.5.peg.2062.site.6, 34, 130, 164
537012.5.peg.2062.site.7, 0, 129, 129
537012.5.peg.2062.site.8, 2, 130, 132
537012.5.peg.2062.site.9, 1, 130, 131
537012.5.peg.2062.site.10, 1, 130, 131
537012.5.peg.2062.site.11, 22, 128, 150
537012.5.peg.2062.site.12, 65, 130, 195
537012.5.peg.2062.site.13, 18, 130, 148
537012.5.peg.2062.site.14, 23, 129, 152
537012.5.peg.2062.site.15, 56, 129, 185
537012.5.peg.2062.site.16, 1, 130, 131
537012.5.peg.2062.site.17, 49, 129, 178
537012.5.peg.2062.site.18, 23, 126, 149
537012.5.peg.2062.site.19, 17, 125, 142
537012.5.peg.2062.site.20, 7, 124, 131
537012.5.peg.2062.site.21, 8, 123, 131
537012.5.peg.2062.site.22, 16, 124, 140
537012.5.peg.2062.site.23, 16, 126, 142
537012.5.peg.2062.site.24, 1, 128, 129
537012.5.peg.2062.site.25, 1, 129, 130
537012.5.peg.2062.site.26, 5, 127, 132
537012.5.peg.2062.site.27, 3, 126, 129
537012.5.peg.2062.site.28, 14, 125, 139
537012.5.peg.2062.site.29, 13, 125, 138
537012.5.peg.2062.site.30, 13, 125, 138
537012.5.peg.2062.site.31, 5, 125, 130
537012.5.peg.2062.site.32, 13, 124, 137
537012.5.peg.2062.site.33, 1, 128, 129
537012.5.peg.2062.site.34, 11, 127, 138
537012.5.peg.2062.site.35, 0, 125, 125
537012.5.peg.2062.site.36, 22, 127, 149
537012.5.peg.2062.site.37, 42, 127, 169
537012.5.peg.2062.site.38, 4, 130, 134
537012.5.peg.2062.site.39, 101, 128, 229
537012.5.peg.2062.site.40, 0, 129, 129
537012.5.peg.2062.site.41, 17, 129, 146
537012.5.peg.2062.site.42, 18, 129, 147
537012.5.peg.2062.site.43, 1, 128, 129
537012.5.peg.2062.site.44, 0, 127, 127
537012.5.peg.2062.site.45, 7, 129, 136
537012.5.peg.2062.site.46, 3, 128, 131
537012.5.peg.2062.site.47, 1, 129, 130
537012.5.peg.2062.site.48, 67, 125, 192
537012.5.peg.2062.site.49, 8, 124, 132
537012.5.peg.2062.site.50, 2, 121, 123
537012.5.peg.2062.site.51, 5, 127, 132
537012.5.peg.2062.site.52, 4, 128, 132
537012.5.peg.2062.site.53, 3, 129, 132
537012.5.peg.2062.site.54, 1, 129, 130
537012.5.peg.2062.site.55, 1, 129, 130
537012.5.peg.2062.site.56, 7, 129, 136
537012.5.peg.2062.site.57, 4, 129, 133
537012.5.peg.2062.site.58, 1, 129, 130
537012.5.peg.2062.site.59, 2, 129, 131
537012.5.peg.2062.site.60, 0, 129, 129
537012.5.peg.2062.site.61, 4, 129, 133
537012.5.peg.2062.site.62, 23, 128, 151
537012.5.peg.2062.site.63, 8, 126, 134
537012.5.peg.2062.site.64, 4, 126, 130
537012.5.peg.2062.site.65, 3, 128, 131
537012.5.peg.2062.site.66, 2, 129, 131
537012.5.peg.2062.site.67, 3, 129, 132
537012.5.peg.2062.site.68, 6, 129, 135
537012.5.peg.2062.site.69, 65, 126, 191
537012.5.peg.2062.site.70, 3, 129, 132
537012.5.peg.2062.site.71, 2, 129, 131
537012.5.peg.2062.site.72, 3, 129, 132
537012.5.peg.2062.site.73, 7, 129, 136
537012.5.peg.2062.site.74, 2, 129, 131
537012.5.peg.2062.site.75, 7, 129, 136
537012.5.peg.2062.site.76, 2, 129, 131
537012.5.peg.2062.site.77, 1, 129, 130
537012.5.peg.2062.site.78, 14, 129, 143
537012.5.peg.2062.site.79, 7, 129, 136
537012.5.peg.2062.site.80, 4, 130, 134
537012.5.peg.2062.site.81, 11, 128, 139
537012.5.peg.2062.site.82, 7, 130, 137
537012.5.peg.2062.site.83, 4, 129, 133
537012.5.peg.2062.site.84, 1, 129, 130
537012.5.peg.2062.site.85, 3, 129, 132
537012.5.peg.2062.site.86, 11, 129, 140
537012.5.peg.2062.site.87, 4, 129, 133
537012.5.peg.2062.site.88, 1, 130, 131
537012.5.peg.2062.site.89, 5, 130, 135
537012.5.peg.2062.site.90, 4, 127, 131
537012.5.peg.2062.site.91, 7, 129, 136
537012.5.peg.2062.site.92, 116, 129, 245
537012.5.peg.2062.site.93, 7, 129, 136
537012.5.peg.2062.site.94, 2, 129, 131
537012.5.peg.2062.site.95, 5, 129, 134
537012.5.peg.2062.site.96, 5, 128, 133
537012.5.peg.2062.site.97, 1, 128, 129
537012.5.peg.2062.site.98, 7, 129, 136
537012.5.peg.2062.site.99, 7, 129, 136
537012.5.peg.2062.site.100, 1, 129, 130
537012.5.peg.2062.site.101, 6, 129, 135
537012.5.peg.2062.site.102, 25, 129, 154
537012.5.peg.2063.site.1, 28, 122, 150
537012.5.peg.2063.site.2, 29, 122, 151
537012.5.peg.2063.site.3, 4, 120, 124
537012.5.peg.2063.site.4, 4, 121, 125
537012.5.peg.2063.site.5, 122, 123, 245
537012.5.peg.2063.site.6, 1, 123, 124
537012.5.peg.2063.site.7, 5, 123, 128
537012.5.peg.2063.site.8, 3, 122, 125
537012.5.peg.2063.site.9, 3, 122, 125
537012.5.peg.2063.site.10, 5, 121, 126
537012.5.peg.2063.site.11, 120, 122, 242
537012.5.peg.2063.site.12, 3, 121, 124
537012.5.peg.2063.site.13, 0, 122, 122
537012.5.peg.2063.site.14, 9, 121, 130
537012.5.peg.2063.site.15, 0, 122, 122
537012.5.peg.2063.site.16, 5, 121, 126
537012.5.peg.2063.site.17, 5, 123, 128
537012.5.peg.2063.site.18, 6, 122, 128
537012.5.peg.2063.site.19, 14, 122, 136
537012.5.peg.2063.site.20, 0, 123, 123
537012.5.peg.2063.site.21, 5, 122, 127
537012.5.peg.2063.site.22, 16, 122, 138
537012.5.peg.2063.site.23, 22, 120, 142
537012.5.peg.2063.site.24, 1, 119, 120
537012.5.peg.2063.site.25, 4, 119, 123
537012.5.peg.2063.site.26, 4, 120, 124
537012.5.peg.2063.site.27, 71, 122, 193
537012.5.peg.2063.site.28, 4, 112, 116
537012.5.peg.2064.site.1, 4, 127, 131
537012.5.peg.2064.site.2, 1, 129, 130
537012.5.peg.2064.site.3, 3, 130, 133
537012.5.peg.2064.site.4, 1, 130, 131
537012.5.peg.2064.site.5, 1, 130, 131
537012.5.peg.2064.site.6, 3, 129, 132
537012.5.peg.2064.site.7, 3, 129, 132
537012.5.peg.2064.site.8, 1, 129, 130
537012.5.peg.2064.site.9, 10, 123, 133
537012.5.peg.2064.site.10, 30, 120, 150
537012.5.peg.2064.site.11, 5, 124, 129
537012.5.peg.2064.site.12, 2, 124, 126
537012.5.peg.2064.site.13, 1, 123, 124
537012.5.peg.2064.site.14, 1, 124, 125
537012.5.peg.2064.site.15, 16, 123, 139
537012.5.peg.2064.site.16, 84, 124, 208
537012.5.peg.2064.site.17, 2, 126, 128
537012.5.peg.2064.site.18, 18, 127, 145
537012.5.peg.2064.site.19, 70, 129, 199
537012.5.peg.2064.site.20, 1, 128, 129
537012.5.peg.2064.site.21, 11, 128, 139
537012.5.peg.2064.site.22, 41, 125, 166
537012.5.peg.2065.site.1, 13, 128, 141
537012.5.peg.2065.site.2, 4, 127, 131
537012.5.peg.2065.site.3, 2, 130, 132
537012.5.peg.2065.site.4, 25, 126, 151
537012.5.peg.2065.site.5, 2, 129, 131
537012.5.peg.2065.site.6, 11, 125, 136
537012.5.peg.2065.site.7, 38, 129, 167
537012.5.peg.2065.site.8, 0, 129, 129
537012.5.peg.2065.site.9, 1, 129, 130
537012.5.peg.2065.site.10, 26, 128, 154
537012.5.peg.2065.site.11, 9, 127, 136
537012.5.peg.2065.site.12, 11, 128, 139
537012.5.peg.2065.site.13, 1, 129, 130
537012.5.peg.2065.site.14, 0, 129, 129
537012.5.peg.2065.site.15, 1, 129, 130
537012.5.peg.2065.site.16, 2, 129, 131
537012.5.peg.2065.site.17, 12, 129, 141
537012.5.peg.2065.site.18, 1, 129, 130
537012.5.peg.2065.site.19, 3, 128, 131
537012.5.peg.2065.site.20, 1, 128, 129
537012.5.peg.2065.site.21, 65, 127, 192
537012.5.peg.2065.site.22, 28, 128, 156
537012.5.peg.2065.site.23, 7, 129, 136
537012.5.peg.2065.site.24, 17, 129, 146
537012.5.peg.2066.site.1, 39, 125, 164
537012.5.peg.2066.site.2, 8, 127, 135
537012.5.peg.2066.site.3, 8, 126, 134
537012.5.peg.2066.site.4, 1, 128, 129
537012.5.peg.2066.site.5, 1, 128, 129
537012.5.peg.2066.site.6, 1, 128, 129
537012.5.peg.2066.site.7, 4, 126, 130
537012.5.peg.2066.site.8, 15, 127, 142
537012.5.peg.2066.site.9, 10, 126, 136
537012.5.peg.2066.site.10, 4, 127, 131
537012.5.peg.2066.site.11, 0, 128, 128
537012.5.peg.2066.site.12, 50, 128, 178
537012.5.peg.2066.site.13, 7, 128, 135
537012.5.peg.2066.site.14, 65, 128, 193
537012.5.peg.2066.site.15, 1, 128, 129
537012.5.peg.2066.site.16, 2, 129, 131
537012.5.peg.2066.site.17, 12, 125, 137
537012.5.peg.2066.site.18, 6, 128, 134
537012.5.peg.2066.site.19, 82, 129, 211
537012.5.peg.2066.site.20, 2, 129, 131
537012.5.peg.2066.site.21, 25, 129, 154
537012.5.peg.2066.site.22, 1, 129, 130
537012.5.peg.2066.site.23, 1, 129, 130
537012.5.peg.2066.site.24, 5, 127, 132
537012.5.peg.2066.site.25, 3, 129, 132
537012.5.peg.2066.site.26, 0, 128, 128
537012.5.peg.2066.site.27, 10, 126, 136
537012.5.peg.2066.site.28, 26, 129, 155
537012.5.peg.2066.site.29, 3, 128, 131
537012.5.peg.2066.site.30, 11, 129, 140
537012.5.peg.2066.site.31, 10, 129, 139
537012.5.peg.2066.site.32, 2, 129, 131
537012.5.peg.2066.site.33, 0, 129, 129
537012.5.peg.2066.site.34, 3, 128, 131
537012.5.peg.2066.site.35, 4, 129, 133
537012.5.peg.2066.site.36, 15, 127, 142
537012.5.peg.2066.site.37, 15, 125, 140
537012.5.peg.2066.site.38, 7, 126, 133
537012.5.peg.2066.site.39, 12, 128, 140
537012.5.peg.2066.site.40, 3, 129, 132
537012.5.peg.2066.site.41, 10, 129, 139
537012.5.peg.2066.site.42, 0, 129, 129
537012.5.peg.2066.site.43, 26, 129, 155
537012.5.peg.2066.site.44, 5, 129, 134
537012.5.peg.2066.site.45, 8, 127, 135
537012.5.peg.2066.site.46, 4, 128, 132
537012.5.peg.2066.site.47, 53, 128, 181
537012.5.peg.2066.site.48, 2, 128, 130
537012.5.peg.2066.site.49, 8, 128, 136
537012.5.peg.2066.site.50, 46, 124, 170
537012.5.peg.2066.site.51, 107, 125, 232
537012.5.peg.2066.site.52, 3, 125, 128
537012.5.peg.2066.site.53, 21, 127, 148
537012.5.peg.2066.site.54, 3, 129, 132
537012.5.peg.2066.site.55, 1, 129, 130
537012.5.peg.2066.site.56, 2, 129, 131
537012.5.peg.2066.site.57, 27, 128, 155
537012.5.peg.2066.site.58, 11, 129, 140
537012.5.peg.2066.site.59, 3, 129, 132
537012.5.peg.2066.site.60, 31, 126, 157
537012.5.peg.2066.site.61, 3, 130, 133
537012.5.peg.2066.site.62, 3, 128, 131
537012.5.peg.2066.site.63, 45, 128, 173
537012.5.peg.2066.site.64, 7, 129, 136
537012.5.peg.2066.site.65, 28, 129, 157
537012.5.peg.2066.site.66, 72, 130, 202
537012.5.peg.2066.site.67, 37, 126, 163
537012.5.peg.2066.site.68, 14, 127, 141
537012.5.peg.2066.site.69, 125, 129, 254
537012.5.peg.2066.site.70, 27, 126, 153
537012.5.peg.2066.site.71, 127, 128, 255
537012.5.peg.2066.site.72, 10, 128, 138
537012.5.peg.2066.site.73, 21, 128, 149
537012.5.peg.2066.site.74, 18, 127, 145
537012.5.peg.2066.site.75, 24, 128, 152
537012.5.peg.2066.site.76, 39, 129, 168
537012.5.peg.2066.site.77, 1, 129, 130
537012.5.peg.2066.site.78, 4, 127, 131
537012.5.peg.2066.site.79, 3, 129, 132
537012.5.peg.2066.site.80, 6, 129, 135
537012.5.peg.2066.site.81, 10, 129, 139
537012.5.peg.2066.site.82, 24, 129, 153
537012.5.peg.2066.site.83, 102, 129, 231
537012.5.peg.2066.site.84, 53, 128, 181
537012.5.peg.2066.site.85, 24, 129, 153
537012.5.peg.2066.site.86, 0, 127, 127
537012.5.peg.2066.site.87, 0, 128, 128
537012.5.peg.2066.site.88, 44, 128, 172
537012.5.peg.2066.site.89, 3, 127, 130
537012.5.peg.2066.site.90, 3, 127, 130
537012.5.peg.2066.site.91, 16, 125, 141
537012.5.peg.2066.site.92, 7, 128, 135
537012.5.peg.2066.site.93, 10, 126, 136
537012.5.peg.2066.site.94, 47, 128, 175
537012.5.peg.2066.site.95, 43, 127, 170
537012.5.peg.2066.site.96, 12, 127, 139
537012.5.peg.2066.site.97, 0, 125, 125
537012.5.peg.2066.site.98, 12, 126, 138
537012.5.peg.2066.site.99, 15, 124, 139
537012.5.peg.2066.site.100, 6, 125, 131
537012.5.peg.2066.site.101, 9, 127, 136
537012.5.peg.2066.site.102, 27, 128, 155
537012.5.peg.2066.site.103, 1, 129, 130
537012.5.peg.2066.site.104, 21, 128, 149
537012.5.peg.2066.site.105, 26, 127, 153
537012.5.peg.2066.site.106, 3, 128, 131
537012.5.peg.2066.site.107, 1, 129, 130
537012.5.peg.2066.site.108, 3, 128, 131
537012.5.peg.2066.site.109, 3, 129, 132
537012.5.peg.2066.site.110, 4, 127, 131
537012.5.peg.2066.site.111, 10, 129, 139
537012.5.peg.2066.site.112, 102, 127, 229
537012.5.peg.2066.site.113, 4, 126, 130
537012.5.peg.2066.site.114, 0, 129, 129
537012.5.peg.2066.site.115, 17, 129, 146
537012.5.peg.2066.site.116, 27, 128, 155
537012.5.peg.2066.site.117, 4, 126, 130
537012.5.peg.2066.site.118, 4, 128, 132
537012.5.peg.2066.site.119, 8, 128, 136
537012.5.peg.2066.site.120, 8, 130, 138
537012.5.peg.2066.site.121, 8, 130, 138
537012.5.peg.2066.site.122, 14, 129, 143
537012.5.peg.2066.site.123, 4, 128, 132
537012.5.peg.2066.site.124, 21, 128, 149
537012.5.peg.2066.site.125, 4, 129, 133
537012.5.peg.2066.site.126, 2, 128, 130
537012.5.peg.2066.site.127, 65, 128, 193
537012.5.peg.2066.site.128, 3, 128, 131
537012.5.peg.2067.site.1, 4, 126, 130
537012.5.peg.2067.site.2, 13, 127, 140
537012.5.peg.2067.site.3, 3, 129, 132
537012.5.peg.2067.site.4, 3, 129, 132
537012.5.peg.2067.site.5, 114, 128, 242
537012.5.peg.2067.site.6, 35, 129, 164
537012.5.peg.2067.site.7, 71, 126, 197
537012.5.peg.2067.site.8, 2, 127, 129
537012.5.peg.2067.site.9, 127, 128, 255
537012.5.peg.2067.site.10, 0, 128, 128
537012.5.peg.2067.site.11, 4, 129, 133
537012.5.peg.2067.site.12, 87, 127, 214
537012.5.peg.2067.site.13, 18, 129, 147
537012.5.peg.2067.site.14, 17, 128, 145
537012.5.peg.2067.site.15, 1, 130, 131
537012.5.peg.2067.site.16, 3, 129, 132
537012.5.peg.2067.site.17, 7, 129, 136
537012.5.peg.2067.site.18, 1, 129, 130
537012.5.peg.2067.site.19, 1, 129, 130
537012.5.peg.2067.site.20, 3, 128, 131
537012.5.peg.2067.site.21, 66, 126, 192
537012.5.peg.2067.site.22, 29, 129, 158
537012.5.peg.2067.site.23, 25, 129, 154
537012.5.peg.2067.site.24, 5, 127, 132
537012.5.peg.2067.site.25, 14, 127, 141
537012.5.peg.2067.site.26, 6, 129, 135
537012.5.peg.2067.site.27, 38, 126, 164
537012.5.peg.2067.site.28, 16, 127, 143
537012.5.peg.2067.site.29, 63, 125, 188
537012.5.peg.2067.site.30, 1, 129, 130
537012.5.peg.2067.site.31, 58, 127, 185
537012.5.peg.2067.site.32, 7, 127, 134
537012.5.peg.2067.site.33, 6, 128, 134
537012.5.peg.2067.site.34, 25, 131, 156
537012.5.peg.2067.site.35, 0, 132, 132
537012.5.peg.2067.site.36, 4, 132, 136
537012.5.peg.2067.site.37, 23, 131, 154
537012.5.peg.2067.site.38, 19, 128, 147
537012.5.peg.2067.site.39, 4, 130, 134
537012.5.peg.2067.site.40, 10, 130, 140
537012.5.peg.2067.site.41, 1, 131, 132
537012.5.peg.2067.site.42, 2, 131, 133
537012.5.peg.2067.site.43, 1, 131, 132
537012.5.peg.2067.site.44, 26, 130, 156
537012.5.peg.2067.site.45, 2, 131, 133
537012.5.peg.2067.site.46, 3, 131, 134
537012.5.peg.2067.site.47, 9, 130, 139
537012.5.peg.2067.site.48, 4, 130, 134
537012.5.peg.2067.site.49, 17, 130, 147
537012.5.peg.2067.site.50, 4, 132, 136
537012.5.peg.2067.site.51, 1, 132, 133
537012.5.peg.2067.site.52, 20, 130, 150
537012.5.peg.2067.site.53, 1, 131, 132
537012.5.peg.2067.site.54, 4, 131, 135
537012.5.peg.2067.site.55, 0, 129, 129
537012.5.peg.2067.site.56, 2, 131, 133
537012.5.peg.2067.site.57, 2, 129, 131
537012.5.peg.2067.site.58, 120, 130, 250
537012.5.peg.2067.site.59, 2, 130, 132
537012.5.peg.2067.site.60, 119, 128, 247
537012.5.peg.2067.site.61, 52, 129, 181
537012.5.peg.2067.site.62, 8, 130, 138
537012.5.peg.2067.site.63, 7, 130, 137
537012.5.peg.2067.site.64, 62, 129, 191
537012.5.peg.2067.site.65, 39, 131, 170
537012.5.peg.2067.site.66, 2, 131, 133
537012.5.peg.2067.site.67, 23, 129, 152
537012.5.peg.2067.site.68, 9, 131, 140
537012.5.peg.2067.site.69, 5, 129, 134
537012.5.peg.2067.site.70, 11, 129, 140
537012.5.peg.2067.site.71, 1, 130, 131
537012.5.peg.2067.site.72, 63, 128, 191
537012.5.peg.2067.site.73, 1, 130, 131
537012.5.peg.2067.site.74, 1, 131, 132
537012.5.peg.2067.site.75, 5, 129, 134
537012.5.peg.2067.site.76, 7, 131, 138
537012.5.peg.2067.site.77, 1, 131, 132
537012.5.peg.2067.site.78, 1, 131, 132
537012.5.peg.2067.site.79, 25, 129, 154
537012.5.peg.2067.site.80, 51, 130, 181
537012.5.peg.2067.site.81, 5, 130, 135
537012.5.peg.2067.site.82, 7, 131, 138
537012.5.peg.2067.site.83, 8, 131, 139
537012.5.peg.2067.site.84, 8, 130, 138
537012.5.peg.2067.site.85, 5, 127, 132
537012.5.peg.2067.site.86, 2, 128, 130
537012.5.peg.2067.site.87, 33, 130, 163
537012.5.peg.2067.site.88, 37, 130, 167
537012.5.peg.2067.site.89, 4, 131, 135
537012.5.peg.2067.site.90, 6, 131, 137
537012.5.peg.2067.site.91, 6, 131, 137
537012.5.peg.2067.site.92, 5, 130, 135
537012.5.peg.2067.site.93, 51, 131, 182
537012.5.peg.2067.site.94, 1, 131, 132
537012.5.peg.2067.site.95, 4, 129, 133
537012.5.peg.2067.site.96, 7, 129, 136
537012.5.peg.2067.site.97, 8, 131, 139
537012.5.peg.2067.site.98, 1, 131, 132
537012.5.peg.2067.site.99, 6, 130, 136
537012.5.peg.2067.site.100, 8, 131, 139
537012.5.peg.2067.site.101, 22, 129, 151
537012.5.peg.2067.site.102, 4, 129, 133
537012.5.peg.2067.site.103, 8, 131, 139
537012.5.peg.2067.site.104, 1, 131, 132
537012.5.peg.2067.site.105, 5, 121, 126
537012.5.peg.2068.site.1, 19, 131, 150
537012.5.peg.2068.site.2, 1, 131, 132
537012.5.peg.2068.site.3, 9, 131, 140
537012.5.peg.2068.site.4, 3, 131, 134
537012.5.peg.2068.site.5, 12, 130, 142
537012.5.peg.2068.site.6, 1, 131, 132
537012.5.peg.2068.site.7, 1, 131, 132
537012.5.peg.2068.site.8, 3, 131, 134
537012.5.peg.2068.site.9, 17, 130, 147
537012.5.peg.2068.site.10, 50, 131, 181
537012.5.peg.2068.site.11, 3, 131, 134
537012.5.peg.2068.site.12, 24, 129, 153
537012.5.peg.2068.site.13, 16, 130, 146
537012.5.peg.2068.site.14, 16, 130, 146
537012.5.peg.2068.site.15, 1, 131, 132
537012.5.peg.2068.site.16, 11, 132, 143
537012.5.peg.2068.site.17, 11, 131, 142
537012.5.peg.2068.site.18, 11, 131, 142
537012.5.peg.2068.site.19, 1, 130, 131
537012.5.peg.2068.site.20, 26, 129, 155
537012.5.peg.2068.site.21, 11, 130, 141
537012.5.peg.2068.site.22, 1, 130, 131
537012.5.peg.2068.site.23, 8, 121, 129
537012.5.peg.2068.site.24, 0, 120, 120
537012.5.peg.2068.site.25, 83, 121, 204
537012.5.peg.2068.site.26, 1, 128, 129
537012.5.peg.2068.site.27, 3, 126, 129
537012.5.peg.2069.site.1, 8, 132, 140
537012.5.peg.2069.site.2, 10, 131, 141
537012.5.peg.2069.site.3, 3, 131, 134
537012.5.peg.2069.site.4, 8, 131, 139
537012.5.peg.2069.site.5, 4, 130, 134
537012.5.peg.2069.site.6, 13, 131, 144
537012.5.peg.2069.site.7, 13, 130, 143
537012.5.peg.2069.site.8, 13, 129, 142
537012.5.peg.2069.site.9, 13, 131, 144
537012.5.peg.2069.site.10, 1, 129, 130
537012.5.peg.2069.site.11, 1, 130, 131
537012.5.peg.2069.site.12, 3, 120, 123
537012.5.peg.2069.site.13, 2, 120, 122
537012.5.peg.2069.site.14, 23, 119, 142
537012.5.peg.2069.site.15, 1, 118, 119
537012.5.peg.2069.site.16, 1, 118, 119
537012.5.peg.2069.site.17, 3, 119, 122
537012.5.peg.2069.site.18, 2, 122, 124
537012.5.peg.2069.site.19, 7, 130, 137
537012.5.peg.2069.site.20, 6, 131, 137
537012.5.peg.2069.site.21, 4, 129, 133
537012.5.peg.2069.site.22, 1, 131, 132
537012.5.peg.2069.site.23, 1, 131, 132
537012.5.peg.2069.site.24, 4, 129, 133
537012.5.peg.2069.site.25, 9, 130, 139
537012.5.peg.2069.site.26, 102, 129, 231
537012.5.peg.2069.site.27, 110, 129, 239
537012.5.peg.2069.site.28, 1, 131, 132
537012.5.peg.2069.site.29, 1, 131, 132
537012.5.peg.2069.site.30, 1, 131, 132
537012.5.peg.2069.site.31, 126, 131, 257
537012.5.peg.2069.site.32, 1, 131, 132
537012.5.peg.2069.site.33, 3, 130, 133
537012.5.peg.414.site.1, 15, 117, 132
537012.5.peg.414.site.2, 55, 117, 172
537012.5.peg.414.site.3, 2, 120, 122
537012.5.peg.414.site.4, 48, 119, 167
537012.5.peg.414.site.5, 4, 117, 121
537012.5.peg.414.site.6, 5, 116, 121
537012.5.peg.414.site.7, 39, 112, 151
537012.5.peg.414.site.8, 9, 115, 124
537012.5.peg.414.site.9, 64, 107, 171
537012.5.peg.414.site.10, 2, 114, 116
537012.5.peg.414.site.11, 2, 119, 121
537012.5.peg.414.site.12, 4, 120, 124
537012.5.peg.414.site.13, 5, 122, 127
537012.5.peg.414.site.14, 4, 121, 125
537012.5.peg.414.site.15, 2, 117, 119
537012.5.peg.414.site.16, 2, 117, 119
537012.5.peg.414.site.17, 71, 116, 187
537012.5.peg.414.site.18, 8, 120, 128
537012.5.peg.414.site.19, 8, 121, 129
537012.5.peg.414.site.20, 44, 118, 162
537012.5.peg.414.site.21, 1, 119, 120
537012.5.peg.414.site.22, 21, 117, 138
537012.5.peg.414.site.23, 11, 117, 128
537012.5.peg.414.site.24, 3, 119, 122
537012.5.peg.414.site.25, 1, 120, 121
537012.5.peg.414.site.26, 72, 116, 188
537012.5.peg.414.site.27, 89, 118, 207
537012.5.peg.414.site.28, 90, 118, 208
537012.5.peg.414.site.29, 72, 119, 191
537012.5.peg.414.site.30, 2, 118, 120
537012.5.peg.414.site.31, 3, 115, 118
537012.5.peg.414.site.32, 23, 113, 136
537012.5.peg.414.site.33, 1, 107, 108
537012.5.peg.414.site.34, 22, 102, 124
537012.5.peg.414.site.35, 1, 110, 111
537012.5.peg.414.site.36, 1, 112, 113
537012.5.peg.414.site.37, 74, 116, 190
537012.5.peg.414.site.38, 11, 120, 131
537012.5.peg.414.site.39, 5, 119, 124
537012.5.peg.414.site.40, 6, 118, 124
537012.5.peg.414.site.41, 44, 121, 165
537012.5.peg.414.site.42, 4, 123, 127
537012.5.peg.414.site.43, 3, 123, 126
537012.5.peg.414.site.44, 3, 121, 124
537012.5.peg.414.site.45, 14, 121, 135
537012.5.peg.414.site.46, 3, 122, 125
537012.5.peg.414.site.47, 3, 123, 126
537012.5.peg.414.site.48, 1, 121, 122
537012.5.peg.414.site.49, 21, 119, 140
537012.5.peg.414.site.50, 1, 120, 121
537012.5.peg.414.site.51, 34, 118, 152
537012.5.peg.414.site.52, 1, 120, 121
537012.5.peg.414.site.53, 3, 121, 124
537012.5.peg.414.site.54, 3, 121, 124
537012.5.peg.414.site.55, 1, 123, 124
537012.5.peg.414.site.56, 4, 123, 127
537012.5.peg.414.site.57, 1, 121, 122
537012.5.peg.414.site.58, 88, 124, 212
537012.5.peg.414.site.59, 28, 123, 151
537012.5.peg.414.site.60, 25, 122, 147
537012.5.peg.414.site.61, 2, 125, 127
537012.5.peg.414.site.62, 46, 125, 171
537012.5.peg.414.site.63, 3, 125, 128
537012.5.peg.414.site.64, 6, 124, 130
537012.5.peg.414.site.65, 0, 124, 124
537012.5.peg.414.site.66, 2, 125, 127
537012.5.peg.414.site.67, 3, 126, 129
537012.5.peg.414.site.68, 5, 126, 131
537012.5.peg.414.site.69, 0, 116, 116
537012.5.peg.414.site.70, 1, 116, 117
537012.5.peg.414.site.71, 2, 117, 119
537012.5.peg.414.site.72, 1, 117, 118
537012.5.peg.414.site.73, 6, 119, 125
537012.5.peg.414.site.74, 22, 118, 140
537012.5.peg.414.site.75, 1, 120, 121
537012.5.peg.414.site.76, 1, 118, 119
537012.5.peg.414.site.77, 55, 116, 171
537012.5.peg.414.site.78, 15, 119, 134
537012.5.peg.414.site.79, 1, 121, 122
537012.5.peg.414.site.80, 1, 120, 121
537012.5.peg.414.site.81, 55, 119, 174
537012.5.peg.414.site.82, 6, 120, 126
537012.5.peg.414.site.83, 13, 119, 132
537012.5.peg.414.site.84, 2, 119, 121
537012.5.peg.414.site.85, 8, 119, 127
537012.5.peg.414.site.86, 28, 120, 148
537012.5.peg.414.site.87, 27, 120, 147
537012.5.peg.414.site.88, 1, 120, 121
537012.5.peg.414.site.89, 6, 118, 124
537012.5.peg.414.site.90, 34, 118, 152
537012.5.peg.414.site.91, 1, 119, 120
537012.5.peg.414.site.92, 1, 121, 122
537012.5.peg.414.site.93, 2, 121, 123
537012.5.peg.417.site.1, 1, 62, 63
537012.5.peg.417.site.2, 4, 64, 68
537012.5.peg.417.site.3, 3, 70, 73
537012.5.peg.417.site.4, 9, 73, 82
537012.5.peg.417.site.5, 4, 103, 107
537012.5.peg.417.site.6, 5, 104, 109
537012.5.peg.417.site.7, 9, 108, 117
537012.5.peg.417.site.8, 2, 106, 108
537012.5.peg.417.site.9, 5, 104, 109
537012.5.peg.417.site.10, 10, 100, 110
537012.5.peg.417.site.11, 14, 96, 110
537012.5.peg.417.site.12, 0, 96, 96
537012.5.peg.417.site.13, 4, 94, 98
537012.5.peg.417.site.14, 7, 96, 103
537012.5.peg.417.site.15, 5, 94, 99
537012.5.peg.417.site.16, 2, 98, 100
537012.5.peg.417.site.17, 14, 98, 112
537012.5.peg.417.site.18, 3, 96, 99
537012.5.peg.417.site.19, 51, 97, 148
537012.5.peg.417.site.20, 6, 97, 103
537012.5.peg.417.site.21, 0, 96, 96
537012.5.peg.417.site.22, 0, 96, 96
537012.5.peg.417.site.23, 3, 96, 99
537012.5.peg.417.site.24, 3, 93, 96
537012.5.peg.417.site.25, 3, 96, 99
537012.5.peg.417.site.26, 3, 94, 97
537012.5.peg.417.site.27, 14, 100, 114
537012.5.peg.417.site.28, 25, 120, 145
537012.5.peg.417.site.29, 12, 127, 139
537012.5.peg.417.site.30, 12, 126, 138
537012.5.peg.417.site.31, 33, 122, 155
537012.5.peg.417.site.32, 12, 125, 137
537012.5.peg.417.site.33, 28, 124, 152
537012.5.peg.417.site.34, 14, 108, 122
537012.5.peg.417.site.35, 16, 110, 126
537012.5.peg.417.site.36, 3, 115, 118
537012.5.peg.417.site.37, 11, 106, 117
537012.5.peg.417.site.38, 7, 104, 111
537012.5.peg.417.site.39, 0, 100, 100
537012.5.peg.417.site.40, 7, 99, 106
537012.5.peg.417.site.41, 3, 99, 102
537012.5.peg.417.site.42, 1, 97, 98
537012.5.peg.417.site.43, 4, 93, 97
537012.5.peg.417.site.44, 14, 92, 106
537012.5.peg.4649.site.1, 3, 97, 100
537012.5.peg.4649.site.2, 9, 93, 102
537012.5.peg.4649.site.3, 7, 79, 86
537012.5.peg.4649.site.4, 19, 74, 93
537012.5.peg.4649.site.5, 16, 72, 88
537012.5.peg.4649.site.6, 9, 77, 86
537012.5.peg.4649.site.7, 10, 73, 83
537012.5.peg.4649.site.8, 13, 74, 87
537012.5.peg.4649.site.9, 7, 76, 83
537012.5.peg.4649.site.10, 3, 78, 81
537012.5.peg.4649.site.11, 1, 85, 86
537012.5.peg.4649.site.12, 21, 72, 93
537012.5.peg.4649.site.13, 18, 58, 76
537012.5.peg.4649.site.14, 3, 53, 56
537012.5.peg.4649.site.15, 4, 54, 58
537012.5.peg.4649.site.16, 10, 57, 67
537012.5.peg.4649.site.17, 9, 60, 69
537012.5.peg.4649.site.18, 3, 60, 63
537012.5.peg.4649.site.19, 4, 63, 67
537012.5.peg.4649.site.20, 1, 63, 64
537012.5.peg.4649.site.21, 22, 60, 82
537012.5.peg.4649.site.22, 1, 64, 65
537012.5.peg.4649.site.23, 16, 62, 78
537012.5.peg.4649.site.24, 6, 70, 76
537012.5.peg.4649.site.25, 14, 70, 84
537012.5.peg.4649.site.26, 6, 72, 78
537012.5.peg.4649.site.27, 8, 70, 78
537012.5.peg.4649.site.28, 3, 70, 73
537012.5.peg.4649.site.29, 23, 70, 93
537012.5.peg.4649.site.30, 18, 71, 89
537012.5.peg.4649.site.31, 22, 74, 96
537012.5.peg.4649.site.32, 41, 78, 119
537012.5.peg.4649.site.33, 8, 84, 92
537012.5.peg.4649.site.34, 3, 86, 89
537012.5.peg.4649.site.35, 8, 90, 98
537012.5.peg.4649.site.36, 4, 88, 92
537012.5.peg.4649.site.37, 1, 89, 90
537012.5.peg.4649.site.38, 1, 90, 91
537012.5.peg.4649.site.39, 21, 89, 110
537012.5.peg.4649.site.40, 5, 90, 95
537012.5.peg.4649.site.41, 38, 90, 128
537012.5.peg.4649.site.42, 9, 91, 100
537012.5.peg.4649.site.43, 32, 92, 124
537012.5.peg.4649.site.44, 11, 99, 110
537012.5.peg.4649.site.45, 1, 112, 113
537012.5.peg.4649.site.46, 9, 121, 130
537012.5.peg.4649.site.47, 8, 121, 129
537012.5.peg.4649.site.48, 5, 120, 125
537012.5.peg.4649.site.49, 1, 121, 122
537012.5.peg.4649.site.50, 3, 121, 124
537012.5.peg.4649.site.51, 5, 123, 128
537012.5.peg.4649.site.52, 3, 123, 126
537012.5.peg.4649.site.53, 1, 123, 124
537012.5.peg.4649.site.54, 11, 123, 134
537012.5.peg.4649.site.55, 2, 124, 126
537012.5.peg.4649.site.56, 8, 125, 133
537012.5.peg.4649.site.57, 14, 121, 135
537012.5.peg.4649.site.58, 0, 123, 123
537012.5.peg.4649.site.59, 8, 122, 130
537012.5.peg.4649.site.60, 15, 117, 132
537012.5.peg.4649.site.61, 1, 115, 116
537012.5.peg.4649.site.62, 4, 97, 101
537012.5.peg.4649.site.63, 5, 98, 103
537012.5.peg.4649.site.64, 6, 102, 108
537012.5.peg.4649.site.65, 2, 104, 106
537012.5.peg.4649.site.66, 9, 102, 111
537012.5.peg.4649.site.67, 2, 96, 98
537012.5.peg.4975.site.1, 20, 126, 146
537012.5.peg.4975.site.2, 19, 125, 144
537012.5.peg.4975.site.3, 8, 127, 135
537012.5.peg.4975.site.4, 21, 124, 145
537012.5.peg.4975.site.5, 5, 126, 131
537012.5.peg.4975.site.6, 1, 127, 128
537012.5.peg.4975.site.7, 13, 127, 140
537012.5.peg.4975.site.8, 8, 131, 139
537012.5.peg.4975.site.9, 1, 131, 132
537012.5.peg.4975.site.10, 2, 131, 133
537012.5.peg.4975.site.11, 20, 133, 153
537012.5.peg.4975.site.12, 6, 133, 139
537012.5.peg.4975.site.13, 7, 131, 138
537012.5.peg.4975.site.14, 1, 131, 132
537012.5.peg.4975.site.15, 1, 131, 132
537012.5.peg.4975.site.16, 24, 129, 153
537012.5.peg.4975.site.17, 1, 129, 130
537012.5.peg.4975.site.18, 4, 131, 135
537012.5.peg.4975.site.19, 128, 130, 258
537012.5.peg.4975.site.20, 11, 132, 143
537012.5.peg.4975.site.21, 2, 130, 132
537012.5.peg.4975.site.22, 6, 132, 138
537012.5.peg.4975.site.23, 120, 133, 253
537012.5.peg.4975.site.24, 4, 132, 136
537012.5.peg.4975.site.25, 1, 134, 135
537012.5.peg.4975.site.26, 5, 133, 138
537012.5.peg.4975.site.27, 5, 132, 137
537012.5.peg.4975.site.28, 13, 133, 146
537012.5.peg.4975.site.29, 8, 131, 139
537012.5.peg.4975.site.30, 1, 128, 129
537012.5.peg.4975.site.31, 4, 127, 131
537012.5.peg.4975.site.32, 6, 126, 132
537012.5.peg.4977.site.1, 39, 119, 158
537012.5.peg.4977.site.2, 4, 112, 116
537012.5.peg.4977.site.3, 2, 112, 114
537012.5.peg.4977.site.4, 49, 110, 159
537012.5.peg.4977.site.5, 3, 113, 116
537012.5.peg.4977.site.6, 2, 113, 115
537012.5.peg.4977.site.7, 1, 122, 123
537012.5.peg.4977.site.8, 10, 119, 129
537012.5.peg.4977.site.9, 18, 120, 138
537012.5.peg.4977.site.10, 1, 123, 124
537012.5.peg.4977.site.11, 1, 123, 124
537012.5.peg.4977.site.12, 12, 121, 133
537012.5.peg.4977.site.13, 77, 120, 197
537012.5.peg.4977.site.14, 1, 123, 124
537012.5.peg.4977.site.15, 7, 122, 129
537012.5.peg.4977.site.16, 12, 120, 132
537012.5.peg.4977.site.17, 3, 121, 124
537012.5.peg.4977.site.18, 19, 121, 140
537012.5.peg.4977.site.19, 1, 123, 124
537012.5.peg.4977.site.20, 84, 122, 206
537012.5.peg.4977.site.21, 1, 123, 124
537012.5.peg.4977.site.22, 1, 123, 124
537012.5.peg.4977.site.23, 12, 121, 133
537012.5.peg.4977.site.24, 1, 123, 124
537012.5.peg.4977.site.25, 18, 120, 138
537012.5.peg.4977.site.26, 5, 122, 127
537012.5.peg.4977.site.27, 6, 122, 128
537012.5.peg.4977.site.28, 12, 121, 133
537012.5.peg.4977.site.29, 12, 120, 132
537012.5.peg.4977.site.30, 8, 122, 130
537012.5.peg.4977.site.31, 6, 122, 128
537012.5.peg.4977.site.32, 1, 122, 123
537012.5.peg.4977.site.33, 13, 122, 135
537012.5.peg.4977.site.34, 12, 121, 133
537012.5.peg.4977.site.35, 1, 122, 123
537012.5.peg.4977.site.36, 1, 123, 124
537012.5.peg.4977.site.37, 1, 123, 124
537012.5.peg.4977.site.38, 3, 120, 123
537012.5.peg.4977.site.39, 6, 120, 126
537012.5.peg.4977.site.40, 1, 112, 113
537012.5.peg.4977.site.41, 5, 112, 117
537012.5.peg.4977.site.42, 1, 114, 115
537012.5.peg.4977.site.43, 10, 112, 122
537012.5.peg.4977.site.44, 73, 114, 187
537012.5.peg.4977.site.45, 4, 114, 118
537012.5.peg.4977.site.46, 9, 118, 127
537012.5.peg.4977.site.47, 3, 120, 123
537012.5.peg.4977.site.48, 5, 120, 125
537012.5.peg.4977.site.49, 12, 121, 133
537012.5.peg.4977.site.50, 1, 123, 124
537012.5.peg.4977.site.51, 3, 123, 126
537012.5.peg.4977.site.52, 1, 122, 123
537012.5.peg.4977.site.53, 4, 115, 119
537012.5.peg.4977.site.54, 54, 113, 167
537012.5.peg.4977.site.55, 2, 110, 112
537012.5.peg.4977.site.56, 1, 111, 112
537012.5.peg.4977.site.57, 1, 116, 117
537012.5.peg.4977.site.58, 11, 120, 131
537012.5.peg.4977.site.59, 86, 121, 207
537012.5.peg.4977.site.60, 1, 122, 123
537012.5.peg.4977.site.61, 5, 123, 128
537012.5.peg.4977.site.62, 3, 123, 126
537012.5.peg.4977.site.63, 19, 121, 140
537012.5.peg.4977.site.64, 12, 121, 133
537012.5.peg.4977.site.65, 0, 130, 130
537012.5.peg.2397.site.1, 0, 130, 130
537012.5.peg.2397.site.2, 0, 130, 130
537012.5.peg.2397.site.3, 4, 132, 136
537012.5.peg.2397.site.4, 2, 130, 132
537012.5.peg.2397.site.5, 9, 130, 139
537012.5.peg.2397.site.6, 3, 131, 134
537012.5.peg.2397.site.7, 2, 130, 132
537012.5.peg.2397.site.8, 1, 131, 132
537012.5.peg.2397.site.9, 1, 130, 131
537012.5.peg.2397.site.10, 0, 131, 131
537012.5.peg.2397.site.11, 1, 127, 128
537012.5.peg.2397.site.12, 2, 130, 132
537012.5.peg.2397.site.13, 7, 130, 137
537012.5.peg.2397.site.14, 17, 131, 148
537012.5.peg.2397.site.15, 3, 129, 132
537012.5.peg.2397.site.16, 7, 129, 136
537012.5.peg.2397.site.17, 0, 129, 129
537012.5.peg.2397.site.18, 1, 128, 129
537012.5.peg.2397.site.19, 6, 130, 136
537012.5.peg.2397.site.20, 9, 129, 138
537012.5.peg.2392.site.1, 2, 130, 132
537012.5.peg.2392.site.2, 1, 132, 133
537012.5.peg.2392.site.3, 2, 130, 132
537012.5.peg.2392.site.4, 5, 132, 137
537012.5.peg.2393.site.1, 1, 129, 130
537012.5.peg.2393.site.2, 6, 133, 139
537012.5.peg.2393.site.3, 6, 134, 140
537012.5.peg.2393.site.4, 1, 134, 135
537012.5.peg.2393.site.5, 1, 133, 134
537012.5.peg.2393.site.6, 6, 133, 139
537012.5.peg.2393.site.7, 6, 133, 139
537012.5.peg.2393.site.8, 5, 133, 138
537012.5.peg.2393.site.9, 6, 134, 140
537012.5.peg.2393.site.10, 27, 130, 157
537012.5.peg.2393.site.11, 1, 132, 133
537012.5.peg.2393.site.12, 9, 130, 139
537012.5.peg.2393.site.13, 3, 130, 133
537012.5.peg.2666.site.1, 0, 129, 129
537012.5.peg.2666.site.2, 1, 130, 131
537012.5.peg.2666.site.3, 2, 130, 132
537012.5.peg.2666.site.4, 2, 132, 134
537012.5.peg.2666.site.5, 14, 132, 146
537012.5.peg.2666.site.6, 12, 134, 146
537012.5.peg.2666.site.7, 5, 134, 139
537012.5.peg.2666.site.8, 7, 134, 141
537012.5.peg.2666.site.9, 114, 134, 248
537012.5.peg.2666.site.10, 3, 134, 137
537012.5.peg.2666.site.11, 4, 134, 138
537012.5.peg.2666.site.12, 13, 132, 145
537012.5.peg.2666.site.13, 8, 132, 140
537012.5.peg.2666.site.14, 11, 133, 144
537012.5.peg.2666.site.15, 3, 134, 137
537012.5.peg.2666.site.16, 3, 134, 137
537012.5.peg.2666.site.17, 2, 133, 135
537012.5.peg.2666.site.18, 3, 134, 137
537012.5.peg.2666.site.19, 5, 134, 139
537012.5.peg.2666.site.20, 1, 134, 135
537012.5.peg.2666.site.21, 5, 133, 138
537012.5.peg.2666.site.22, 3, 134, 137
537012.5.peg.2666.site.23, 4, 129, 133
537012.5.peg.2666.site.24, 2, 129, 131
537012.5.peg.2666.site.25, 2, 129, 131
537012.5.peg.2666.site.26, 2, 129, 131
537012.5.peg.2666.site.27, 4, 128, 132
537012.5.peg.2666.site.28, 1, 128, 129
537012.5.peg.2666.site.29, 3, 128, 131
537012.5.peg.2666.site.30, 6, 131, 137
537012.5.peg.2666.site.31, 3, 130, 133
537012.5.peg.2666.site.32, 4, 132, 136
537012.5.peg.2666.site.33, 2, 134, 136
537012.5.peg.2666.site.34, 3, 134, 137
537012.5.peg.2666.site.35, 0, 134, 134
537012.5.peg.2666.site.36, 1, 131, 132
537012.5.peg.2666.site.37, 1, 131, 132
537012.5.peg.2666.site.38, 4, 129, 133
537012.5.peg.2666.site.39, 1, 132, 133
537012.5.peg.2666.site.40, 1, 132, 133
537012.5.peg.2667.site.1, 55, 133, 188
537012.5.peg.2667.site.2, 1, 134, 135
537012.5.peg.2667.site.3, 2, 132, 134
537012.5.peg.2667.site.4, 3, 133, 136
537012.5.peg.2667.site.5, 3, 133, 136
537012.5.peg.2667.site.6, 6, 131, 137
537012.5.peg.2667.site.7, 48, 129, 177
537012.5.peg.2667.site.8, 10, 131, 141
537012.5.peg.2667.site.9, 4, 129, 133
537012.5.peg.2667.site.10, 96, 129, 225
537012.5.peg.2667.site.11, 5, 130, 135
537012.5.peg.2667.site.12, 1, 127, 128
537012.5.peg.2667.site.13, 84, 126, 210
537012.5.peg.2667.site.14, 1, 134, 135
537012.5.peg.2667.site.15, 15, 133, 148
537012.5.peg.2667.site.16, 11, 132, 143
537012.5.peg.2667.site.17, 1, 134, 135
537012.5.peg.2667.site.18, 56, 132, 188
537012.5.peg.2667.site.19, 0, 134, 134
537012.5.peg.2667.site.20, 10, 131, 141
537012.5.peg.2667.site.21, 2, 133, 135
537012.5.peg.2667.site.22, 4, 131, 135
537012.5.peg.2667.site.23, 2, 133, 135
537012.5.peg.2667.site.24, 83, 134, 217
537012.5.peg.2667.site.25, 3, 133, 136
537012.5.peg.2667.site.26, 1, 134, 135
537012.5.peg.2667.site.27, 31, 134, 165
537012.5.peg.2667.site.28, 1, 133, 134
537012.5.peg.2667.site.29, 7, 134, 141
537012.5.peg.2667.site.30, 4, 132, 136
537012.5.peg.2667.site.31, 3, 131, 134
537012.5.peg.2667.site.32, 18, 130, 148
537012.5.peg.2667.site.33, 6, 134, 140
537012.5.peg.2667.site.34, 0, 134, 134
537012.5.peg.2667.site.35, 6, 133, 139
537012.5.peg.2667.site.36, 33, 134, 167
537012.5.peg.2667.site.37, 4, 132, 136
537012.5.peg.2667.site.38, 8, 134, 142
537012.5.peg.2667.site.39, 59, 133, 192
537012.5.peg.2667.site.40, 4, 132, 136
537012.5.peg.2667.site.41, 4, 131, 135
537012.5.peg.2667.site.42, 12, 133, 145
537012.5.peg.2667.site.43, 4, 132, 136
537012.5.peg.2667.site.44, 6, 134, 140
537012.5.peg.2667.site.45, 0, 133, 133
537012.5.peg.2667.site.46, 3, 134, 137
537012.5.peg.2667.site.47, 0, 133, 133
537012.5.peg.2667.site.48, 8, 134, 142
537012.5.peg.2667.site.49, 1, 133, 134
537012.5.peg.2667.site.50, 1, 134, 135
537012.5.peg.2667.site.51, 3, 133, 136
537012.5.peg.2667.site.52, 1, 134, 135
537012.5.peg.2667.site.53, 5, 131, 136
537012.5.peg.2667.site.54, 5, 130, 135
537012.5.peg.2667.site.55, 4, 131, 135
537012.5.peg.2667.site.56, 4, 131, 135
537012.5.peg.2667.site.57, 4, 132, 136
537012.5.peg.2667.site.58, 6, 134, 140
537012.5.peg.2667.site.59, 1, 133, 134
537012.5.peg.2667.site.60, 60, 131, 191
537012.5.peg.2667.site.61, 1, 133, 134
537012.5.peg.2667.site.62, 21, 133, 154
537012.5.peg.2667.site.63, 2, 134, 136
537012.5.peg.2667.site.64, 11, 132, 143
537012.5.peg.2667.site.65, 5, 132, 137
537012.5.peg.2667.site.66, 9, 133, 142
537012.5.peg.2667.site.67, 4, 133, 137
537012.5.peg.2667.site.68, 8, 133, 141
537012.5.peg.2667.site.69, 128, 132, 260
537012.5.peg.2667.site.70, 1, 133, 134
537012.5.peg.2667.site.71, 0, 134, 134
537012.5.peg.2667.site.72, 5, 132, 137
537012.5.peg.2667.site.73, 17, 134, 151
537012.5.peg.2667.site.74, 9, 133, 142
537012.5.peg.2667.site.75, 12, 134, 146
537012.5.peg.2667.site.76, 1, 134, 135
537012.5.peg.2667.site.77, 3, 134, 137
537012.5.peg.2667.site.78, 1, 134, 135
537012.5.peg.2667.site.79, 5, 133, 138
537012.5.peg.2667.site.80, 8, 134, 142
537012.5.peg.2667.site.81, 3, 134, 137
537012.5.peg.2667.site.82, 17, 133, 150
537012.5.peg.2667.site.83, 47, 132, 179
537012.5.peg.2667.site.84, 67, 132, 199
537012.5.peg.2664.site.1, 24, 129, 153
537012.5.peg.2664.site.2, 2, 133, 135
537012.5.peg.2664.site.3, 48, 131, 179
537012.5.peg.2664.site.4, 6, 130, 136
537012.5.peg.2664.site.5, 42, 131, 173
537012.5.peg.2664.site.6, 23, 133, 156
537012.5.peg.2664.site.7, 1, 134, 135
537012.5.peg.2664.site.8, 54, 130, 184
537012.5.peg.2664.site.9, 53, 134, 187
537012.5.peg.2664.site.10, 6, 134, 140
537012.5.peg.2664.site.11, 19, 134, 153
537012.5.peg.2664.site.12, 4, 134, 138
537012.5.peg.2664.site.13, 65, 131, 196
537012.5.peg.2664.site.14, 0, 133, 133
537012.5.peg.2664.site.15, 0, 133, 133
537012.5.peg.2664.site.16, 0, 133, 133
537012.5.peg.2664.site.17, 12, 133, 145
537012.5.peg.2664.site.18, 7, 134, 141
537012.5.peg.2664.site.19, 3, 134, 137
537012.5.peg.2664.site.20, 3, 127, 130
537012.5.peg.2664.site.21, 3, 134, 137
537012.5.peg.2664.site.22, 1, 134, 135
537012.5.peg.2664.site.23, 3, 133, 136
537012.5.peg.2664.site.24, 1, 133, 134
537012.5.peg.2664.site.25, 6, 133, 139
537012.5.peg.2664.site.26, 1, 134, 135
537012.5.peg.2664.site.27, 3, 134, 137
537012.5.peg.2664.site.28, 3, 134, 137
537012.5.peg.2664.site.29, 3, 134, 137
537012.5.peg.2664.site.30, 89, 132, 221
537012.5.peg.2664.site.31, 2, 133, 135
537012.5.peg.2664.site.32, 5, 133, 138
537012.5.peg.2664.site.33, 0, 134, 134
537012.5.peg.2664.site.34, 1, 134, 135
537012.5.peg.2664.site.35, 1, 134, 135
537012.5.peg.2664.site.36, 4, 133, 137
537012.5.peg.2664.site.37, 130, 134, 264
537012.5.peg.2664.site.38, 3, 134, 137
537012.5.peg.2664.site.39, 96, 132, 228
537012.5.peg.2664.site.40, 107, 132, 239
537012.5.peg.2664.site.41, 9, 132, 141
537012.5.peg.2664.site.42, 4, 132, 136
537012.5.peg.2664.site.43, 3, 134, 137
537012.5.peg.2664.site.44, 3, 134, 137
537012.5.peg.2664.site.45, 5, 134, 139
537012.5.peg.2664.site.46, 1, 134, 135
537012.5.peg.2664.site.47, 4, 130, 134
537012.5.peg.2664.site.48, 1, 131, 132
537012.5.peg.2664.site.49, 6, 131, 137
537012.5.peg.2664.site.50, 1, 130, 131
537012.5.peg.2664.site.51, 1, 127, 128
537012.5.peg.2664.site.52, 8, 127, 135
537012.5.peg.2664.site.53, 3, 125, 128
537012.5.peg.2665.site.1, 7, 132, 139
537012.5.peg.2665.site.2, 0, 134, 134
537012.5.peg.2665.site.3, 1, 134, 135
537012.5.peg.2665.site.4, 2, 134, 136
537012.5.peg.2665.site.5, 1, 134, 135
537012.5.peg.2665.site.6, 4, 132, 136
537012.5.peg.2665.site.7, 1, 133, 134
537012.5.peg.2665.site.8, 1, 134, 135
537012.5.peg.2665.site.9, 25, 134, 159
537012.5.peg.2665.site.10, 5, 133, 138
537012.5.peg.2665.site.11, 3, 134, 137
537012.5.peg.2665.site.12, 3, 134, 137
537012.5.peg.2665.site.13, 4, 134, 138
537012.5.peg.2665.site.14, 1, 134, 135
537012.5.peg.2665.site.15, 0, 134, 134
537012.5.peg.2665.site.16, 2, 134, 136
537012.5.peg.2665.site.17, 1, 133, 134
537012.5.peg.2665.site.18, 93, 131, 224
537012.5.peg.2665.site.19, 1, 134, 135
537012.5.peg.2665.site.20, 1, 134, 135
537012.5.peg.2665.site.21, 1, 132, 133
537012.5.peg.2665.site.22, 11, 131, 142
537012.5.peg.2665.site.23, 9, 134, 143
537012.5.peg.2665.site.24, 0, 127, 127
537012.5.peg.528.site.1, 0, 127, 127
537012.5.peg.528.site.2, 4, 130, 134
537012.5.peg.528.site.3, 2, 127, 129
537012.5.peg.528.site.4, 0, 124, 124
537012.5.peg.528.site.5, 14, 122, 136
537012.5.peg.528.site.6, 0, 121, 121
537012.5.peg.528.site.7, 7, 123, 130
537012.5.peg.528.site.8, 1, 126, 127
537012.5.peg.528.site.9, 5, 124, 129
537012.5.peg.528.site.10, 0, 124, 124
537012.5.peg.528.site.11, 1, 126, 127
537012.5.peg.528.site.12, 66, 126, 192
537012.5.peg.528.site.13, 3, 124, 127
537012.5.peg.528.site.14, 1, 125, 126
537012.5.peg.528.site.15, 1, 123, 124
537012.5.peg.528.site.16, 2, 125, 127
537012.5.peg.528.site.17, 11, 124, 135
537012.5.peg.528.site.18, 1, 124, 125
537012.5.peg.528.site.19, 92, 122, 214
537012.5.peg.528.site.20, 21, 122, 143
537012.5.peg.528.site.21, 1, 121, 122
537012.5.peg.528.site.22, 0, 122, 122
537012.5.peg.528.site.23, 37, 125, 162
537012.5.peg.528.site.24, 50, 125, 175
537012.5.peg.528.site.25, 14, 128, 142
537012.5.peg.528.site.26, 1, 126, 127
537012.5.peg.528.site.27, 0, 124, 124
537012.5.peg.528.site.28, 41, 123, 164
537012.5.peg.528.site.29, 5, 120, 125
537012.5.peg.528.site.30, 54, 118, 172
537012.5.peg.528.site.31, 26, 119, 145
537012.5.peg.528.site.32, 3, 117, 120
537012.5.peg.528.site.33, 4, 124, 128
537012.5.peg.528.site.34, 1, 127, 128
537012.5.peg.528.site.35, 1, 128, 129
537012.5.peg.528.site.36, 6, 126, 132
537012.5.peg.528.site.37, 6, 127, 133
537012.5.peg.528.site.38, 7, 128, 135
537012.5.peg.528.site.39, 12, 127, 139
537012.5.peg.529.site.1, 5, 122, 127
537012.5.peg.529.site.2, 2, 122, 124
537012.5.peg.529.site.3, 2, 121, 123
537012.5.peg.529.site.4, 6, 128, 134
537012.5.peg.529.site.5, 2, 128, 130
537012.5.peg.529.site.6, 3, 130, 133
537012.5.peg.529.site.7, 2, 130, 132
537012.5.peg.529.site.8, 1, 128, 129
537012.5.peg.529.site.9, 38, 125, 163
537012.5.peg.529.site.10, 0, 124, 124
537012.5.peg.529.site.11, 0, 122, 122
537012.5.peg.529.site.12, 23, 124, 147
537012.5.peg.529.site.13, 7, 128, 135
537012.5.peg.529.site.14, 21, 126, 147
537012.5.peg.529.site.15, 1, 129, 130
537012.5.peg.529.site.16, 3, 130, 133
537012.5.peg.529.site.17, 23, 129, 152
537012.5.peg.529.site.18, 3, 131, 134
537012.5.peg.529.site.19, 2, 133, 135
537012.5.peg.529.site.20, 3, 132, 135
537012.5.peg.529.site.21, 21, 134, 155
537012.5.peg.529.site.22, 4, 132, 136
537012.5.peg.529.site.23, 1, 128, 129
537012.5.peg.529.site.24, 3, 129, 132
537012.5.peg.529.site.25, 20, 125, 145
537012.5.peg.529.site.26, 3, 128, 131
537012.5.peg.529.site.27, 1, 127, 128
537012.5.peg.529.site.28, 123, 128, 251
537012.5.peg.529.site.29, 1, 128, 129
537012.5.peg.529.site.30, 126, 128, 254
537012.5.peg.529.site.31, 62, 127, 189
537012.5.peg.529.site.32, 1, 129, 130
537012.5.peg.529.site.33, 1, 129, 130
537012.5.peg.529.site.34, 19, 128, 147
537012.5.peg.529.site.35, 1, 129, 130
537012.5.peg.529.site.36, 1, 131, 132
537012.5.peg.529.site.37, 6, 129, 135
537012.5.peg.529.site.38, 7, 127, 134
537012.5.peg.529.site.39, 0, 127, 127
537012.5.peg.2660.site.1, 5, 133, 138
537012.5.peg.2660.site.2, 3, 134, 137
537012.5.peg.2661.site.1, 3, 134, 137
537012.5.peg.2661.site.2, 57, 134, 191
537012.5.peg.2661.site.3, 8, 134, 142
537012.5.peg.2661.site.4, 7, 133, 140
537012.5.peg.2661.site.5, 0, 134, 134
537012.5.peg.2661.site.6, 5, 133, 138
537012.5.peg.2661.site.7, 112, 133, 245
537012.5.peg.2661.site.8, 25, 132, 157
537012.5.peg.2661.site.9, 0, 132, 132
537012.5.peg.2661.site.10, 9, 133, 142
537012.5.peg.2661.site.11, 1, 134, 135
537012.5.peg.2661.site.12, 6, 134, 140
537012.5.peg.2661.site.13, 1, 133, 134
537012.5.peg.2661.site.14, 4, 133, 137
537012.5.peg.2661.site.15, 23, 133, 156
537012.5.peg.2661.site.16, 4, 132, 136
537012.5.peg.2661.site.17, 9, 134, 143
537012.5.peg.2661.site.18, 1, 134, 135
537012.5.peg.2661.site.19, 20, 134, 154
537012.5.peg.2661.site.20, 11, 132, 143
537012.5.peg.2661.site.21, 43, 133, 176
537012.5.peg.2661.site.22, 4, 130, 134
537012.5.peg.2661.site.23, 1, 134, 135
537012.5.peg.2661.site.24, 10, 132, 142
537012.5.peg.2661.site.25, 4, 131, 135
537012.5.peg.2661.site.26, 4, 132, 136
537012.5.peg.2661.site.27, 1, 134, 135
537012.5.peg.2661.site.28, 1, 133, 134
537012.5.peg.2661.site.29, 4, 132, 136
537012.5.peg.2661.site.30, 6, 134, 140
537012.5.peg.2661.site.31, 99, 132, 231
537012.5.peg.2661.site.32, 4, 130, 134
537012.5.peg.2661.site.33, 3, 134, 137
537012.5.peg.2661.site.34, 0, 134, 134
537012.5.peg.2661.site.35, 123, 132, 255
537012.5.peg.2661.site.36, 1, 134, 135
537012.5.peg.2661.site.37, 2, 134, 136
537012.5.peg.2661.site.38, 1, 134, 135
537012.5.peg.2661.site.39, 1, 134, 135
537012.5.peg.2661.site.40, 4, 134, 138
537012.5.peg.2661.site.41, 7, 134, 141
537012.5.peg.2661.site.42, 1, 134, 135
537012.5.peg.2661.site.43, 18, 133, 151
537012.5.peg.2661.site.44, 0, 133, 133
537012.5.peg.2661.site.45, 7, 134, 141
537012.5.peg.2661.site.46, 3, 134, 137
537012.5.peg.2661.site.47, 3, 134, 137
537012.5.peg.2661.site.48, 83, 132, 215
537012.5.peg.2661.site.49, 4, 132, 136
537012.5.peg.2661.site.50, 11, 132, 143
537012.5.peg.2661.site.51, 1, 134, 135
537012.5.peg.2661.site.52, 7, 133, 140
537012.5.peg.2661.site.53, 1, 134, 135
537012.5.peg.2661.site.54, 4, 133, 137
537012.5.peg.2661.site.55, 1, 133, 134
537012.5.peg.2661.site.56, 1, 133, 134
537012.5.peg.2661.site.57, 44, 130, 174
537012.5.peg.2661.site.58, 1, 134, 135
537012.5.peg.2661.site.59, 3, 133, 136
537012.5.peg.2661.site.60, 1, 133, 134
537012.5.peg.2661.site.61, 5, 134, 139
537012.5.peg.2661.site.62, 1, 134, 135
537012.5.peg.2661.site.63, 10, 132, 142
537012.5.peg.2661.site.64, 0, 134, 134
537012.5.peg.2661.site.65, 4, 132, 136
537012.5.peg.2661.site.66, 113, 131, 244
537012.5.peg.2661.site.67, 4, 132, 136
537012.5.peg.2661.site.68, 130, 133, 263
537012.5.peg.2661.site.69, 3, 134, 137
537012.5.peg.2661.site.70, 7, 134, 141
537012.5.peg.2661.site.71, 6, 133, 139
537012.5.peg.2661.site.72, 2, 134, 136
537012.5.peg.2661.site.73, 6, 134, 140
537012.5.peg.2661.site.74, 12, 133, 145
537012.5.peg.2661.site.75, 20, 133, 153
537012.5.peg.2661.site.76, 12, 131, 143
537012.5.peg.2661.site.77, 1, 134, 135
537012.5.peg.2661.site.78, 4, 133, 137
537012.5.peg.2661.site.79, 1, 134, 135
537012.5.peg.2661.site.80, 4, 131, 135
537012.5.peg.524.site.1, 31, 119, 150
537012.5.peg.524.site.2, 1, 124, 125
537012.5.peg.524.site.3, 0, 123, 123
537012.5.peg.524.site.4, 5, 126, 131
537012.5.peg.524.site.5, 0, 134, 134
537012.5.peg.524.site.6, 0, 130, 130
537012.5.peg.524.site.7, 7, 131, 138
537012.5.peg.524.site.8, 2, 130, 132
537012.5.peg.524.site.9, 7, 130, 137
537012.5.peg.524.site.10, 7, 130, 137
537012.5.peg.524.site.11, 6, 130, 136
537012.5.peg.524.site.12, 16, 130, 146
537012.5.peg.524.site.13, 1, 129, 130
537012.5.peg.524.site.14, 7, 131, 138
537012.5.peg.524.site.15, 1, 130, 131
537012.5.peg.524.site.16, 1, 128, 129
537012.5.peg.524.site.17, 10, 131, 141
537012.5.peg.524.site.18, 1, 131, 132
537012.5.peg.524.site.19, 7, 128, 135
537012.5.peg.524.site.20, 0, 126, 126
537012.5.peg.524.site.21, 0, 126, 126
537012.5.peg.524.site.22, 2, 126, 128
537012.5.peg.524.site.23, 1, 128, 129
537012.5.peg.524.site.24, 115, 130, 245
537012.5.peg.524.site.25, 4, 132, 136
537012.5.peg.524.site.26, 4, 133, 137
537012.5.peg.524.site.27, 4, 134, 138
537012.5.peg.524.site.28, 1, 130, 131
537012.5.peg.524.site.29, 1, 130, 131
537012.5.peg.524.site.30, 22, 129, 151
537012.5.peg.524.site.31, 31, 130, 161
537012.5.peg.524.site.32, 2, 130, 132
537012.5.peg.524.site.33, 1, 130, 131
537012.5.peg.524.site.34, 55, 130, 185
537012.5.peg.524.site.35, 3, 130, 133
537012.5.peg.524.site.36, 1, 130, 131
537012.5.peg.524.site.37, 2, 130, 132
537012.5.peg.525.site.1, 1, 132, 133
537012.5.peg.525.site.2, 1, 131, 132
537012.5.peg.525.site.3, 1, 129, 130
537012.5.peg.525.site.4, 1, 129, 130
537012.5.peg.525.site.5, 7, 130, 137
537012.5.peg.525.site.6, 53, 130, 183
537012.5.peg.525.site.7, 75, 130, 205
537012.5.peg.525.site.8, 2, 129, 131
537012.5.peg.525.site.9, 14, 129, 143
537012.5.peg.525.site.10, 1, 129, 130
537012.5.peg.525.site.11, 0, 130, 130
537012.5.peg.525.site.12, 6, 129, 135
537012.5.peg.525.site.13, 1, 129, 130
537012.5.peg.525.site.14, 44, 129, 173
537012.5.peg.525.site.15, 32, 128, 160
537012.5.peg.525.site.16, 15, 130, 145
537012.5.peg.525.site.17, 4, 134, 138
537012.5.peg.525.site.18, 1, 134, 135
537012.5.peg.525.site.19, 6, 134, 140
537012.5.peg.525.site.20, 0, 134, 134
537012.5.peg.525.site.21, 6, 133, 139
537012.5.peg.526.site.1, 1, 123, 124
537012.5.peg.526.site.2, 3, 123, 126
537012.5.peg.526.site.3, 1, 122, 123
537012.5.peg.526.site.4, 33, 121, 154
537012.5.peg.526.site.5, 0, 124, 124
537012.5.peg.526.site.6, 1, 123, 124
537012.5.peg.526.site.7, 1, 124, 125
537012.5.peg.526.site.8, 46, 123, 169
537012.5.peg.526.site.9, 33, 123, 156
537012.5.peg.526.site.10, 1, 124, 125
537012.5.peg.526.site.11, 33, 124, 157
537012.5.peg.526.site.12, 1, 124, 125
537012.5.peg.526.site.13, 51, 123, 174
537012.5.peg.526.site.14, 32, 124, 156
537012.5.peg.526.site.15, 1, 124, 125
537012.5.peg.526.site.16, 3, 123, 126
537012.5.peg.526.site.17, 1, 122, 123
537012.5.peg.526.site.18, 3, 124, 127
537012.5.peg.526.site.19, 1, 125, 126
537012.5.peg.526.site.20, 18, 126, 144
537012.5.peg.526.site.21, 0, 123, 123
537012.5.peg.526.site.22, 4, 119, 123
537012.5.peg.526.site.23, 14, 122, 136
537012.5.peg.526.site.24, 1, 121, 122
537012.5.peg.526.site.25, 0, 118, 118
537012.5.peg.526.site.26, 12, 105, 117
537012.5.peg.526.site.27, 0, 102, 102
537012.5.peg.526.site.28, 9, 97, 106
537012.5.peg.526.site.29, 3, 85, 88
537012.5.peg.527.site.1, 1, 115, 116
537012.5.peg.527.site.2, 1, 125, 126
537012.5.peg.527.site.3, 1, 125, 126
537012.5.peg.527.site.4, 2, 128, 130
537012.5.peg.527.site.5, 3, 130, 133
537012.5.peg.527.site.6, 1, 130, 131
537012.5.peg.527.site.7, 3, 130, 133
537012.5.peg.527.site.8, 1, 125, 126
537012.5.peg.527.site.9, 1, 124, 125
537012.5.peg.527.site.10, 18, 124, 142
537012.5.peg.527.site.11, 63, 123, 186
537012.5.peg.527.site.12, 2, 123, 125
537012.5.peg.527.site.13, 31, 122, 153
537012.5.peg.527.site.14, 1, 124, 125
537012.5.peg.527.site.15, 3, 125, 128
537012.5.peg.527.site.16, 1, 125, 126
537012.5.peg.527.site.17, 1, 129, 130
537012.5.peg.520.site.1, 5, 127, 132
537012.5.peg.520.site.2, 3, 128, 131
537012.5.peg.520.site.3, 0, 130, 130
537012.5.peg.520.site.4, 2, 130, 132
537012.5.peg.520.site.5, 6, 126, 132
537012.5.peg.520.site.6, 41, 123, 164
537012.5.peg.520.site.7, 0, 120, 120
537012.5.peg.520.site.8, 0, 118, 118
537012.5.peg.520.site.9, 61, 119, 180
537012.5.peg.520.site.10, 0, 127, 127
537012.5.peg.520.site.11, 2, 129, 131
537012.5.peg.520.site.12, 14, 130, 144
537012.5.peg.520.site.13, 1, 129, 130
537012.5.peg.520.site.14, 14, 129, 143
537012.5.peg.520.site.15, 15, 129, 144
537012.5.peg.520.site.16, 83, 128, 211
537012.5.peg.520.site.17, 1, 129, 130
537012.5.peg.520.site.18, 0, 130, 130
537012.5.peg.520.site.19, 3, 129, 132
537012.5.peg.520.site.20, 1, 129, 130
537012.5.peg.520.site.21, 2, 125, 127
537012.5.peg.520.site.22, 25, 125, 150
537012.5.peg.520.site.23, 1, 131, 132
537012.5.peg.520.site.24, 8, 129, 137
537012.5.peg.520.site.25, 6, 130, 136
537012.5.peg.520.site.26, 5, 131, 136
537012.5.peg.520.site.27, 7, 131, 138
537012.5.peg.520.site.28, 31, 128, 159
537012.5.peg.520.site.29, 4, 128, 132
537012.5.peg.520.site.30, 0, 129, 129
537012.5.peg.520.site.31, 7, 129, 136
537012.5.peg.520.site.32, 2, 129, 131
537012.5.peg.520.site.33, 75, 128, 203
537012.5.peg.520.site.34, 78, 129, 207
537012.5.peg.520.site.35, 3, 130, 133
537012.5.peg.520.site.36, 1, 130, 131
537012.5.peg.521.site.1, 2, 129, 131
537012.5.peg.521.site.2, 0, 130, 130
537012.5.peg.521.site.3, 6, 130, 136
537012.5.peg.521.site.4, 47, 127, 174
537012.5.peg.521.site.5, 7, 129, 136
537012.5.peg.521.site.6, 1, 130, 131
537012.5.peg.521.site.7, 1, 130, 131
537012.5.peg.521.site.8, 1, 130, 131
537012.5.peg.521.site.9, 1, 130, 131
537012.5.peg.521.site.10, 3, 132, 135
537012.5.peg.521.site.11, 9, 124, 133
537012.5.peg.521.site.12, 4, 126, 130
537012.5.peg.521.site.13, 3, 126, 129
537012.5.peg.521.site.14, 3, 129, 132
537012.5.peg.521.site.15, 3, 131, 134
537012.5.peg.521.site.16, 0, 129, 129
537012.5.peg.521.site.17, 1, 130, 131
537012.5.peg.521.site.18, 1, 123, 124
537012.5.peg.521.site.19, 1, 15, 16
537012.5.peg.522.site.1, 57, 120, 177
537012.5.peg.522.site.2, 0, 122, 122
537012.5.peg.522.site.3, 1, 125, 126
537012.5.peg.522.site.4, 6, 125, 131
537012.5.peg.522.site.5, 1, 130, 131
537012.5.peg.522.site.6, 7, 130, 137
537012.5.peg.522.site.7, 7, 131, 138
537012.5.peg.522.site.8, 0, 129, 129
537012.5.peg.522.site.9, 0, 130, 130
537012.5.peg.522.site.10, 0, 128, 128
537012.5.peg.522.site.11, 34, 128, 162
537012.5.peg.522.site.12, 1, 129, 130
537012.5.peg.522.site.13, 1, 129, 130
537012.5.peg.522.site.14, 55, 130, 185
537012.5.peg.522.site.15, 7, 127, 134
537012.5.peg.522.site.16, 0, 128, 128
537012.5.peg.522.site.17, 0, 127, 127
537012.5.peg.522.site.18, 18, 126, 144
537012.5.peg.522.site.19, 0, 129, 129
537012.5.peg.522.site.20, 1, 130, 131
537012.5.peg.522.site.21, 7, 130, 137
537012.5.peg.522.site.22, 1, 130, 131
537012.5.peg.522.site.23, 31, 130, 161
537012.5.peg.522.site.24, 0, 129, 129
537012.5.peg.522.site.25, 0, 129, 129
537012.5.peg.522.site.26, 0, 129, 129
537012.5.peg.522.site.27, 1, 130, 131
537012.5.peg.522.site.28, 0, 130, 130
537012.5.peg.522.site.29, 1, 128, 129
537012.5.peg.522.site.30, 1, 129, 130
537012.5.peg.523.site.1, 1, 130, 131
537012.5.peg.523.site.2, 1, 126, 127
537012.5.peg.523.site.3, 2, 126, 128
537012.5.peg.523.site.4, 4, 114, 118
537012.5.peg.523.site.5, 2, 119, 121
537012.5.peg.523.site.6, 3, 115, 118
537012.5.peg.4625.site.1, 4, 70, 74
537012.5.peg.4625.site.2, 12, 70, 82
537012.5.peg.4625.site.3, 69, 71, 140
537012.5.peg.4625.site.4, 43, 70, 113
537012.5.peg.4625.site.5, 0, 70, 70
537012.5.peg.4625.site.6, 17, 72, 89
537012.5.peg.4625.site.7, 67, 71, 138
537012.5.peg.4625.site.8, 72, 74, 146
537012.5.peg.4625.site.9, 5, 74, 79
537012.5.peg.4625.site.10, 1, 72, 73
537012.5.peg.4625.site.11, 12, 72, 84
537012.5.peg.4625.site.12, 65, 72, 137
537012.5.peg.4625.site.13, 39, 72, 111
537012.5.peg.4625.site.14, 3, 74, 77
537012.5.peg.4625.site.15, 3, 73, 76
537012.5.peg.4625.site.16, 6, 74, 80
537012.5.peg.4625.site.17, 6, 74, 80
537012.5.peg.4625.site.18, 12, 74, 86
537012.5.peg.4625.site.19, 2, 72, 74
537012.5.peg.4625.site.20, 3, 73, 76
537012.5.peg.4625.site.21, 3, 74, 77
537012.5.peg.4625.site.22, 8, 73, 81
537012.5.peg.4625.site.23, 3, 73, 76
537012.5.peg.4625.site.24, 6, 74, 80
537012.5.peg.4625.site.25, 2, 72, 74
537012.5.peg.4625.site.26, 64, 74, 138
537012.5.peg.4625.site.27, 68, 72, 140
537012.5.peg.4625.site.28, 4, 74, 78
537012.5.peg.4625.site.29, 2, 73, 75
537012.5.peg.4625.site.30, 2, 71, 73
537012.5.peg.4625.site.31, 2, 72, 74
537012.5.peg.4625.site.32, 5, 74, 79
537012.5.peg.4625.site.33, 1, 74, 75
537012.5.peg.4625.site.34, 11, 71, 82
537012.5.peg.4625.site.35, 2, 73, 75
537012.5.peg.4625.site.36, 64, 73, 137
537012.5.peg.4625.site.37, 12, 73, 85
537012.5.peg.4625.site.38, 71, 73, 144
537012.5.peg.4625.site.39, 1, 74, 75
537012.5.peg.4625.site.40, 1, 75, 76
537012.5.peg.4625.site.41, 3, 78, 81
537012.5.peg.4625.site.42, 7, 79, 86
537012.5.peg.4625.site.43, 0, 80, 80
537012.5.peg.4625.site.44, 3, 81, 84
537012.5.peg.4622.site.1, 2, 70, 72
537012.5.peg.4622.site.2, 3, 75, 78
537012.5.peg.4622.site.3, 58, 73, 131
537012.5.peg.4622.site.4, 4, 73, 77
537012.5.peg.4622.site.5, 2, 74, 76
537012.5.peg.4622.site.6, 2, 74, 76
537012.5.peg.4622.site.7, 3, 73, 76
537012.5.peg.4622.site.8, 5, 74, 79
537012.5.peg.4622.site.9, 3, 79, 82
537012.5.peg.4622.site.10, 8, 79, 87
537012.5.peg.4622.site.11, 4, 81, 85
537012.5.peg.4622.site.12, 2, 82, 84
537012.5.peg.4622.site.13, 7, 85, 92
537012.5.peg.4622.site.14, 3, 86, 89
537012.5.peg.4622.site.15, 7, 84, 91
537012.5.peg.4622.site.16, 8, 83, 91
537012.5.peg.4622.site.17, 2, 83, 85
537012.5.peg.4622.site.18, 5, 82, 87
537012.5.peg.4622.site.19, 1, 78, 79
537012.5.peg.4622.site.20, 6, 76, 82
537012.5.peg.4622.site.21, 5, 75, 80
537012.5.peg.4622.site.22, 5, 74, 79
537012.5.peg.4622.site.23, 0, 73, 73
537012.5.peg.4622.site.24, 52, 70, 122
537012.5.peg.4622.site.25, 2, 73, 75
537012.5.peg.4622.site.26, 2, 74, 76
537012.5.peg.4622.site.27, 17, 75, 92
537012.5.peg.4622.site.28, 11, 76, 87
537012.5.peg.4622.site.29, 3, 76, 79
537012.5.peg.4622.site.30, 9, 77, 86
537012.5.peg.4622.site.31, 2, 76, 78
537012.5.peg.4622.site.32, 2, 78, 80
537012.5.peg.4622.site.33, 1, 76, 77
537012.5.peg.4622.site.34, 2, 75, 77
537012.5.peg.4622.site.35, 1, 73, 74
537012.5.peg.4622.site.36, 1, 73, 74
537012.5.peg.4622.site.37, 0, 71, 71
537012.5.peg.4622.site.38, 3, 73, 76
537012.5.peg.4622.site.39, 1, 72, 73
537012.5.peg.4622.site.40, 19, 69, 88
537012.5.peg.4622.site.41, 2, 71, 73
537012.5.peg.4622.site.42, 1, 71, 72
537012.5.peg.4622.site.43, 36, 70, 106
537012.5.peg.4622.site.44, 3, 71, 74
537012.5.peg.4622.site.45, 1, 71, 72
537012.5.peg.4622.site.46, 60, 68, 128
537012.5.peg.4622.site.47, 13, 70, 83
537012.5.peg.4622.site.48, 14, 70, 84
537012.5.peg.4622.site.49, 13, 69, 82
537012.5.peg.4622.site.50, 13, 70, 83
537012.5.peg.4622.site.51, 21, 72, 93
537012.5.peg.4622.site.52, 20, 72, 92
537012.5.peg.4622.site.53, 33, 72, 105
537012.5.peg.4622.site.54, 3, 73, 76
537012.5.peg.4622.site.55, 2, 73, 75
537012.5.peg.4622.site.56, 25, 74, 99
537012.5.peg.4622.site.57, 1, 75, 76
537012.5.peg.4622.site.58, 1, 76, 77
537012.5.peg.4622.site.59, 1, 76, 77
537012.5.peg.4622.site.60, 74, 76, 150
537012.5.peg.4622.site.61, 4, 84, 88
537012.5.peg.4622.site.62, 3, 84, 87
537012.5.peg.4622.site.63, 7, 86, 93
537012.5.peg.4622.site.64, 3, 89, 92
537012.5.peg.4622.site.65, 3, 90, 93
537012.5.peg.4622.site.66, 0, 94, 94
537012.5.peg.4622.site.67, 2, 91, 93
537012.5.peg.4622.site.68, 35, 87, 122
537012.5.peg.4622.site.69, 4, 86, 90
537012.5.peg.4622.site.70, 0, 85, 85
537012.5.peg.4622.site.71, 1, 81, 82
537012.5.peg.4622.site.72, 2, 75, 77
537012.5.peg.4622.site.73, 55, 82, 137
537012.5.peg.4622.site.74, 20, 85, 105
537012.5.peg.4622.site.75, 0, 86, 86
537012.5.peg.2808.site.1, 3, 132, 135
537012.5.peg.2808.site.2, 1, 134, 135
537012.5.peg.2808.site.3, 6, 134, 140
537012.5.peg.2808.site.4, 4, 133, 137
537012.5.peg.2808.site.5, 4, 133, 137
537012.5.peg.2808.site.6, 34, 131, 165
537012.5.peg.2808.site.7, 0, 134, 134
537012.5.peg.2808.site.8, 3, 132, 135
537012.5.peg.2808.site.9, 4, 129, 133
537012.5.peg.2808.site.10, 8, 134, 142
537012.5.peg.2808.site.11, 6, 134, 140
537012.5.peg.2808.site.12, 2, 133, 135
537012.5.peg.2808.site.13, 11, 131, 142
537012.5.peg.2808.site.14, 4, 132, 136
537012.5.peg.2808.site.15, 5, 132, 137
537012.5.peg.2808.site.16, 1, 133, 134
537012.5.peg.2808.site.17, 47, 130, 177
537012.5.peg.2808.site.18, 3, 131, 134
537012.5.peg.2808.site.19, 4, 132, 136
537012.5.peg.2808.site.20, 15, 131, 146
537012.5.peg.2808.site.21, 5, 134, 139
537012.5.peg.2808.site.22, 28, 133, 161
537012.5.peg.2808.site.23, 3, 131, 134
537012.5.peg.2808.site.24, 31, 131, 162
537012.5.peg.2808.site.25, 4, 130, 134
537012.5.peg.2808.site.26, 6, 134, 140
537012.5.peg.2808.site.27, 2, 134, 136
537012.5.peg.2808.site.28, 44, 132, 176
537012.5.peg.2808.site.29, 0, 133, 133
537012.5.peg.2808.site.30, 1, 133, 134
537012.5.peg.2808.site.31, 6, 134, 140
537012.5.peg.2808.site.32, 1, 134, 135
537012.5.peg.2808.site.33, 6, 134, 140
537012.5.peg.2808.site.34, 33, 131, 164
537012.5.peg.2808.site.35, 16, 133, 149
537012.5.peg.2808.site.36, 4, 132, 136
537012.5.peg.2808.site.37, 1, 134, 135
537012.5.peg.2808.site.38, 12, 132, 144
537012.5.peg.2808.site.39, 6, 132, 138
537012.5.peg.2808.site.40, 0, 133, 133
537012.5.peg.2808.site.41, 17, 133, 150
537012.5.peg.2808.site.42, 1, 133, 134
537012.5.peg.2808.site.43, 3, 134, 137
537012.5.peg.2808.site.44, 11, 131, 142
537012.5.peg.2808.site.45, 3, 134, 137
537012.5.peg.2808.site.46, 31, 133, 164
537012.5.peg.2808.site.47, 3, 134, 137
537012.5.peg.2808.site.48, 1, 134, 135
537012.5.peg.2808.site.49, 5, 132, 137
537012.5.peg.2808.site.50, 9, 112, 121
537012.5.peg.2808.site.51, 1, 123, 124
537012.5.peg.2808.site.52, 2, 130, 132
537012.5.peg.2808.site.53, 6, 133, 139
537012.5.peg.2808.site.54, 6, 132, 138
537012.5.peg.2808.site.55, 0, 131, 131
537012.5.peg.2808.site.56, 11, 132, 143
537012.5.peg.2808.site.57, 1, 134, 135
537012.5.peg.2808.site.58, 19, 134, 153
537012.5.peg.2808.site.59, 3, 133, 136
537012.5.peg.2808.site.60, 0, 134, 134
537012.5.peg.2808.site.61, 1, 134, 135
537012.5.peg.2808.site.62, 33, 133, 166
537012.5.peg.2808.site.63, 1, 132, 133
537012.5.peg.2808.site.64, 46, 134, 180
537012.5.peg.2808.site.65, 4, 132, 136
537012.5.peg.2808.site.66, 1, 134, 135
537012.5.peg.2808.site.67, 25, 134, 159
537012.5.peg.2808.site.68, 34, 133, 167
537012.5.peg.2808.site.69, 3, 134, 137
537012.5.peg.2808.site.70, 29, 133, 162
537012.5.peg.2808.site.71, 22, 133, 155
537012.5.peg.2808.site.72, 13, 134, 147
537012.5.peg.2809.site.1, 3, 134, 137
537012.5.peg.2809.site.2, 1, 134, 135
537012.5.peg.2809.site.3, 5, 132, 137
537012.5.peg.2809.site.4, 11, 132, 143
537012.5.peg.2809.site.5, 4, 133, 137
537012.5.peg.2809.site.6, 11, 132, 143
537012.5.peg.2809.site.7, 1, 134, 135
537012.5.peg.2809.site.8, 3, 134, 137
537012.5.peg.2809.site.9, 3, 134, 137
537012.5.peg.2809.site.10, 29, 132, 161
537012.5.peg.2809.site.11, 7, 134, 141
537012.5.peg.2809.site.12, 0, 134, 134
537012.5.peg.2809.site.13, 5, 133, 138
537012.5.peg.2809.site.14, 2, 133, 135
537012.5.peg.2809.site.15, 3, 132, 135
537012.5.peg.2809.site.16, 1, 134, 135
537012.5.peg.2809.site.17, 18, 134, 152
537012.5.peg.2809.site.18, 5, 133, 138
537012.5.peg.2809.site.19, 12, 133, 145
537012.5.peg.2809.site.20, 11, 132, 143
537012.5.peg.2809.site.21, 2, 134, 136
537012.5.peg.2809.site.22, 1, 134, 135
537012.5.peg.2809.site.23, 9, 126, 135
537012.5.peg.2804.site.1, 1, 125, 126
537012.5.peg.2804.site.2, 1, 127, 128
537012.5.peg.2804.site.3, 6, 128, 134
537012.5.peg.2804.site.4, 3, 128, 131
537012.5.peg.2804.site.5, 122, 124, 246
537012.5.peg.2804.site.6, 3, 125, 128
537012.5.peg.2804.site.7, 2, 126, 128
537012.5.peg.2804.site.8, 3, 130, 133
537012.5.peg.2804.site.9, 3, 130, 133
537012.5.peg.2804.site.10, 0, 130, 130
537012.5.peg.2804.site.11, 3, 130, 133
537012.5.peg.2804.site.12, 5, 126, 131
537012.5.peg.2804.site.13, 5, 127, 132
537012.5.peg.2804.site.14, 4, 127, 131
537012.5.peg.2804.site.15, 2, 129, 131
537012.5.peg.2804.site.16, 5, 125, 130
537012.5.peg.2804.site.17, 1, 126, 127
537012.5.peg.2804.site.18, 6, 126, 132
537012.5.peg.2804.site.19, 1, 127, 128
537012.5.peg.2804.site.20, 1, 127, 128
537012.5.peg.2804.site.21, 2, 128, 130
537012.5.peg.2804.site.22, 7, 128, 135
537012.5.peg.2804.site.23, 5, 129, 134
537012.5.peg.2804.site.24, 41, 128, 169
537012.5.peg.2804.site.25, 3, 130, 133
537012.5.peg.2804.site.26, 12, 128, 140
537012.5.peg.2804.site.27, 4, 129, 133
537012.5.peg.2804.site.28, 4, 128, 132
537012.5.peg.2804.site.29, 1, 130, 131
537012.5.peg.2804.site.30, 5, 129, 134
537012.5.peg.2804.site.31, 1, 130, 131
537012.5.peg.2804.site.32, 5, 129, 134
537012.5.peg.2804.site.33, 25, 130, 155
537012.5.peg.2802.site.1, 1, 126, 127
537012.5.peg.2802.site.2, 35, 130, 165
537012.5.peg.2802.site.3, 3, 130, 133
537012.5.peg.2802.site.4, 61, 128, 189
537012.5.peg.2802.site.5, 25, 129, 154
537012.5.peg.2802.site.6, 3, 129, 132
537012.5.peg.2802.site.7, 0, 126, 126
537012.5.peg.2802.site.8, 2, 128, 130
537012.5.peg.2802.site.9, 3, 130, 133
537012.5.peg.2802.site.10, 7, 130, 137
537012.5.peg.2802.site.11, 3, 130, 133
537012.5.peg.2802.site.12, 9, 130, 139
537012.5.peg.2802.site.13, 3, 130, 133
537012.5.peg.2802.site.14, 3, 130, 133
537012.5.peg.2802.site.15, 0, 129, 129
537012.5.peg.2802.site.16, 2, 129, 131
537012.5.peg.2802.site.17, 17, 128, 145
537012.5.peg.2802.site.18, 1, 129, 130
537012.5.peg.2802.site.19, 7, 129, 136
537012.5.peg.2802.site.20, 3, 130, 133
537012.5.peg.2802.site.21, 3, 129, 132
537012.5.peg.2802.site.22, 3, 130, 133
537012.5.peg.2802.site.23, 3, 130, 133
537012.5.peg.2802.site.24, 7, 130, 137
537012.5.peg.2802.site.25, 1, 130, 131
537012.5.peg.2800.site.1, 130, 131, 261
537012.5.peg.2800.site.2, 6, 134, 140
537012.5.peg.2800.site.3, 2, 133, 135
537012.5.peg.2800.site.4, 7, 134, 141
537012.5.peg.2800.site.5, 3, 134, 137
537012.5.peg.2800.site.6, 7, 134, 141
537012.5.peg.2800.site.7, 20, 134, 154
537012.5.peg.2800.site.8, 11, 132, 143
537012.5.peg.2800.site.9, 3, 134, 137
537012.5.peg.2800.site.10, 0, 131, 131
537012.5.peg.2800.site.11, 62, 134, 196
537012.5.peg.2800.site.12, 17, 131, 148
537012.5.peg.2800.site.13, 3, 134, 137
537012.5.peg.2800.site.14, 13, 132, 145
537012.5.peg.2800.site.15, 7, 134, 141
537012.5.peg.2800.site.16, 7, 132, 139
537012.5.peg.2800.site.17, 1, 134, 135
537012.5.peg.2800.site.18, 24, 133, 157
537012.5.peg.2800.site.19, 1, 132, 133
537012.5.peg.2800.site.20, 14, 132, 146
537012.5.peg.2800.site.21, 1, 133, 134
537012.5.peg.2800.site.22, 2, 132, 134
537012.5.peg.2800.site.23, 10, 134, 144
537012.5.peg.2800.site.24, 3, 133, 136
537012.5.peg.2800.site.25, 28, 133, 161
537012.5.peg.2800.site.26, 6, 133, 139
537012.5.peg.2800.site.27, 4, 134, 138
537012.5.peg.2800.site.28, 1, 134, 135
537012.5.peg.2800.site.29, 5, 134, 139
537012.5.peg.2800.site.30, 24, 134, 158
537012.5.peg.2800.site.31, 5, 133, 138
537012.5.peg.2800.site.32, 6, 133, 139
537012.5.peg.2800.site.33, 2, 133, 135
537012.5.peg.2800.site.34, 26, 133, 159
537012.5.peg.2800.site.35, 8, 133, 141
537012.5.peg.2800.site.36, 1, 134, 135
537012.5.peg.2800.site.37, 1, 132, 133
537012.5.peg.2800.site.38, 1, 134, 135
537012.5.peg.2800.site.39, 70, 134, 204
537012.5.peg.2800.site.40, 5, 134, 139
537012.5.peg.2800.site.41, 1, 134, 135
537012.5.peg.2800.site.42, 33, 133, 166
537012.5.peg.2800.site.43, 124, 132, 256
537012.5.peg.2800.site.44, 1, 134, 135
537012.5.peg.2800.site.45, 7, 133, 140
537012.5.peg.2800.site.46, 3, 134, 137
537012.5.peg.2800.site.47, 2, 134, 136
537012.5.peg.2800.site.48, 1, 134, 135
537012.5.peg.2800.site.49, 1, 134, 135
537012.5.peg.2800.site.50, 7, 134, 141
537012.5.peg.2800.site.51, 113, 132, 245
537012.5.peg.2800.site.52, 125, 134, 259
537012.5.peg.2800.site.53, 3, 134, 137
537012.5.peg.2800.site.54, 2, 134, 136
537012.5.peg.2800.site.55, 2, 134, 136
537012.5.peg.2800.site.56, 16, 133, 149
537012.5.peg.2800.site.57, 3, 130, 133
537012.5.peg.2800.site.58, 3, 130, 133
537012.5.peg.2800.site.59, 2, 131, 133
537012.5.peg.2800.site.60, 3, 131, 134
537012.5.peg.2800.site.61, 5, 133, 138
537012.5.peg.2800.site.62, 25, 132, 157
537012.5.peg.2800.site.63, 3, 134, 137
537012.5.peg.2800.site.64, 22, 134, 156
537012.5.peg.2800.site.65, 48, 132, 180
537012.5.peg.2800.site.66, 2, 132, 134
537012.5.peg.2800.site.67, 3, 134, 137
537012.5.peg.2800.site.68, 6, 132, 138
537012.5.peg.2800.site.69, 31, 134, 165
537012.5.peg.2800.site.70, 22, 134, 156
537012.5.peg.2800.site.71, 2, 134, 136
537012.5.peg.2800.site.72, 2, 134, 136
537012.5.peg.2800.site.73, 4, 134, 138
537012.5.peg.2800.site.74, 32, 131, 163
537012.5.peg.2800.site.75, 2, 134, 136
537012.5.peg.2800.site.76, 3, 133, 136
537012.5.peg.2800.site.77, 32, 132, 164
537012.5.peg.2800.site.78, 41, 134, 175
537012.5.peg.2800.site.79, 1, 134, 135
537012.5.peg.2800.site.80, 2, 132, 134
537012.5.peg.2800.site.81, 1, 134, 135
537012.5.peg.2800.site.82, 1, 133, 134
537012.5.peg.2800.site.83, 54, 132, 186
537012.5.peg.2800.site.84, 5, 130, 135
537012.5.peg.2800.site.85, 36, 129, 165
537012.5.peg.2800.site.86, 3, 130, 133
537012.5.peg.2800.site.87, 2, 128, 130
537012.5.peg.2800.site.88, 19, 130, 149
537012.5.peg.2800.site.89, 83, 132, 215
537012.5.peg.2800.site.90, 8, 132, 140
537012.5.peg.2800.site.91, 4, 130, 134
537012.5.peg.2800.site.92, 0, 127, 127
537012.5.peg.2800.site.93, 1, 127, 128
537012.5.peg.2800.site.94, 2, 129, 131
537012.5.peg.2800.site.95, 2, 128, 130
537012.5.peg.2800.site.96, 4, 130, 134
537012.5.peg.2800.site.97, 2, 131, 133
537012.5.peg.2800.site.98, 4, 130, 134
537012.5.peg.2800.site.99, 4, 130, 134
537012.5.peg.2800.site.100, 1, 132, 133
537012.5.peg.2800.site.101, 36, 128, 164
537012.5.peg.2800.site.102, 4, 132, 136
537012.5.peg.2800.site.103, 3, 134, 137
537012.5.peg.2800.site.104, 11, 132, 143
537012.5.peg.2800.site.105, 2, 134, 136
537012.5.peg.2800.site.106, 2, 134, 136
537012.5.peg.2800.site.107, 9, 134, 143
537012.5.peg.2800.site.108, 21, 134, 155
537012.5.peg.2800.site.109, 1, 134, 135
537012.5.peg.2800.site.110, 6, 134, 140
537012.5.peg.2800.site.111, 1, 134, 135
537012.5.peg.2800.site.112, 1, 134, 135
537012.5.peg.2800.site.113, 2, 133, 135
537012.5.peg.2800.site.114, 8, 134, 142
537012.5.peg.2800.site.115, 1, 134, 135
537012.5.peg.2800.site.116, 7, 134, 141
537012.5.peg.2800.site.117, 6, 133, 139
537012.5.peg.2800.site.118, 5, 133, 138
537012.5.peg.2800.site.119, 19, 129, 148
537012.5.peg.2800.site.120, 4, 129, 133
537012.5.peg.2800.site.121, 16, 130, 146
537012.5.peg.2800.site.122, 0, 130, 130
537012.5.peg.2800.site.123, 8, 129, 137
537012.5.peg.2800.site.124, 4, 131, 135
537012.5.peg.2800.site.125, 2, 134, 136
537012.5.peg.2800.site.126, 6, 132, 138
537012.5.peg.2800.site.127, 17, 133, 150
537012.5.peg.2800.site.128, 2, 133, 135
537012.5.peg.2800.site.129, 3, 133, 136
537012.5.peg.2800.site.130, 21, 129, 150
537012.5.peg.2800.site.131, 4, 126, 130
537012.5.peg.2800.site.132, 1, 132, 133
537012.5.peg.2800.site.133, 4, 131, 135
537012.5.peg.2800.site.134, 12, 131, 143
537012.5.peg.2800.site.135, 5, 133, 138
537012.5.peg.2800.site.136, 3, 133, 136
537012.5.peg.2800.site.137, 7, 133, 140
537012.5.peg.2800.site.138, 18, 134, 152
537012.5.peg.2800.site.139, 4, 132, 136
537012.5.peg.2800.site.140, 2, 134, 136
537012.5.peg.2800.site.141, 8, 132, 140
537012.5.peg.2800.site.142, 6, 132, 138
537012.5.peg.2800.site.143, 3, 133, 136
537012.5.peg.2800.site.144, 4, 132, 136
537012.5.peg.2800.site.145, 7, 134, 141
537012.5.peg.2800.site.146, 40, 123, 163
537012.5.peg.2800.site.147, 2, 127, 129
537012.5.peg.2800.site.148, 4, 125, 129
537012.5.peg.2800.site.149, 43, 128, 171
537012.5.peg.2800.site.150, 1, 133, 134
537012.5.peg.2800.site.151, 68, 130, 198
537012.5.peg.2800.site.152, 2, 132, 134
537012.5.peg.2800.site.153, 11, 132, 143
537012.5.peg.2800.site.154, 12, 134, 146
537012.5.peg.2800.site.155, 35, 133, 168
537012.5.peg.2800.site.156, 69, 132, 201
537012.5.peg.2800.site.157, 2, 134, 136
537012.5.peg.2800.site.158, 4, 132, 136
537012.5.peg.2800.site.159, 4, 131, 135
537012.5.peg.2800.site.160, 1, 134, 135
537012.5.peg.2800.site.161, 72, 132, 204
537012.5.peg.2800.site.162, 4, 132, 136
537012.5.peg.2800.site.163, 31, 134, 165
537012.5.peg.2800.site.164, 6, 134, 140
537012.5.peg.2718.site.1, 18, 129, 147
537012.5.peg.2718.site.2, 6, 126, 132
537012.5.peg.2718.site.3, 24, 131, 155
537012.5.peg.2718.site.4, 26, 133, 159
537012.5.peg.2718.site.5, 11, 131, 142
537012.5.peg.2718.site.6, 0, 120, 120
537012.5.peg.2718.site.7, 6, 119, 125
537012.5.peg.2718.site.8, 23, 125, 148
537012.5.peg.2718.site.9, 20, 126, 146
537012.5.peg.2718.site.10, 15, 125, 140
537012.5.peg.2718.site.11, 2, 127, 129
537012.5.peg.2718.site.12, 15, 125, 140
537012.5.peg.2718.site.13, 12, 126, 138
537012.5.peg.2718.site.14, 12, 125, 137
537012.5.peg.2718.site.15, 12, 127, 139
537012.5.peg.2718.site.16, 0, 126, 126
537012.5.peg.2718.site.17, 70, 99, 169
537012.5.peg.2718.site.18, 72, 99, 171
537012.5.peg.2718.site.19, 2, 99, 101
537012.5.peg.2718.site.20, 7, 111, 118
537012.5.peg.2718.site.21, 74, 125, 199
537012.5.peg.2718.site.22, 5, 126, 131
537012.5.peg.2718.site.23, 9, 127, 136
537012.5.peg.2718.site.24, 12, 125, 137
537012.5.peg.2718.site.25, 3, 124, 127
537012.5.peg.2718.site.26, 57, 126, 183
537012.5.peg.2718.site.27, 38, 125, 163
537012.5.peg.2718.site.28, 31, 124, 155
537012.5.peg.2718.site.29, 10, 130, 140
537012.5.peg.2718.site.30, 12, 133, 145
537012.5.peg.2718.site.31, 11, 131, 142
537012.5.peg.2718.site.32, 6, 129, 135
537012.5.peg.2718.site.33, 21, 121, 142
537012.5.peg.2718.site.34, 51, 123, 174
537012.5.peg.2718.site.35, 4, 124, 128
537012.5.peg.2718.site.36, 29, 127, 156
537012.5.peg.2718.site.37, 16, 125, 141
537012.5.peg.2718.site.38, 81, 126, 207
537012.5.peg.2718.site.39, 20, 128, 148
537012.5.peg.2719.site.1, 1, 133, 134
537012.5.peg.2719.site.2, 5, 133, 138
537012.5.peg.2719.site.3, 7, 130, 137
537012.5.peg.2719.site.4, 2, 131, 133
537012.5.peg.2719.site.5, 30, 128, 158
537012.5.peg.2719.site.6, 57, 125, 182
537012.5.peg.2719.site.7, 2, 125, 127
537012.5.peg.2719.site.8, 48, 124, 172
537012.5.peg.2719.site.9, 33, 125, 158
537012.5.peg.2719.site.10, 12, 127, 139
537012.5.peg.2719.site.11, 29, 126, 155
537012.5.peg.2719.site.12, 5, 126, 131
537012.5.peg.2719.site.13, 29, 124, 153
537012.5.peg.2719.site.14, 12, 129, 141
537012.5.peg.2719.site.15, 29, 129, 158
537012.5.peg.2719.site.16, 30, 133, 163
537012.5.peg.2719.site.17, 2, 132, 134
537012.5.peg.2719.site.18, 3, 133, 136
537012.5.peg.2719.site.19, 7, 132, 139
537012.5.peg.2719.site.20, 2, 132, 134
537012.5.peg.2719.site.21, 0, 131, 131
537012.5.peg.2719.site.22, 4, 132, 136
537012.5.peg.2719.site.23, 48, 128, 176
537012.5.peg.2719.site.24, 2, 128, 130
537012.5.peg.2719.site.25, 7, 126, 133
537012.5.peg.2719.site.26, 16, 127, 143
537012.5.peg.2719.site.27, 14, 126, 140
537012.5.peg.2719.site.28, 1, 124, 125
537012.5.peg.2719.site.29, 4, 124, 128
537012.5.peg.2719.site.30, 1, 119, 120
537012.5.peg.2719.site.31, 5, 114, 119
537012.5.peg.2719.site.32, 1, 112, 113
537012.5.peg.2719.site.33, 1, 112, 113
537012.5.peg.2719.site.34, 0, 111, 111
537012.5.peg.2719.site.35, 71, 110, 181
537012.5.peg.2719.site.36, 3, 111, 114
537012.5.peg.2719.site.37, 2, 114, 116
537012.5.peg.2719.site.38, 3, 116, 119
537012.5.peg.2719.site.39, 19, 118, 137
537012.5.peg.2719.site.40, 9, 120, 129
537012.5.peg.2719.site.41, 44, 125, 169
537012.5.peg.2719.site.42, 0, 127, 127
537012.5.peg.2719.site.43, 3, 127, 130
537012.5.peg.2719.site.44, 17, 124, 141
537012.5.peg.2719.site.45, 4, 125, 129
537012.5.peg.2719.site.46, 18, 125, 143
537012.5.peg.2719.site.47, 1, 127, 128
537012.5.peg.2719.site.48, 3, 127, 130
537012.5.peg.2719.site.49, 1, 127, 128
537012.5.peg.2719.site.50, 1, 127, 128
537012.5.peg.2719.site.51, 8, 129, 137
537012.5.peg.2719.site.52, 1, 129, 130
537012.5.peg.2719.site.53, 4, 127, 131
537012.5.peg.2719.site.54, 3, 130, 133
537012.5.peg.2719.site.55, 120, 130, 250
537012.5.peg.2719.site.56, 5, 132, 137
537012.5.peg.2719.site.57, 5, 132, 137
537012.5.peg.2719.site.58, 30, 132, 162
537012.5.peg.2719.site.59, 23, 132, 155
537012.5.peg.2719.site.60, 5, 132, 137
537012.5.peg.2719.site.61, 5, 132, 137
537012.5.peg.2719.site.62, 2, 129, 131
537012.5.peg.2719.site.63, 13, 125, 138
537012.5.peg.2719.site.64, 13, 125, 138
537012.5.peg.2719.site.65, 14, 126, 140
537012.5.peg.2719.site.66, 1, 127, 128
537012.5.peg.2719.site.67, 12, 125, 137
537012.5.peg.2719.site.68, 0, 127, 127
537012.5.peg.2240.site.1, 1, 128, 129
537012.5.peg.2240.site.2, 3, 128, 131
537012.5.peg.2240.site.3, 4, 127, 131
537012.5.peg.2240.site.4, 0, 126, 126
537012.5.peg.2240.site.5, 1, 127, 128
537012.5.peg.2240.site.6, 5, 128, 133
537012.5.peg.2240.site.7, 0, 126, 126
537012.5.peg.2240.site.8, 0, 122, 122
537012.5.peg.2240.site.9, 1, 124, 125
537012.5.peg.2240.site.10, 1, 126, 127
537012.5.peg.2240.site.11, 1, 129, 130
537012.5.peg.2240.site.12, 6, 129, 135
537012.5.peg.2240.site.13, 6, 130, 136
537012.5.peg.2240.site.14, 88, 130, 218
537012.5.peg.2240.site.15, 0, 130, 130
537012.5.peg.2240.site.16, 22, 129, 151
537012.5.peg.2240.site.17, 1, 130, 131
537012.5.peg.2240.site.18, 0, 130, 130
537012.5.peg.2240.site.19, 0, 129, 129
537012.5.peg.2240.site.20, 1, 127, 128
537012.5.peg.2240.site.21, 1, 130, 131
537012.5.peg.2240.site.22, 19, 130, 149
537012.5.peg.2240.site.23, 1, 130, 131
537012.5.peg.2240.site.24, 1, 130, 131
537012.5.peg.2241.site.1, 12, 130, 142
537012.5.peg.2241.site.2, 7, 130, 137
537012.5.peg.2241.site.3, 1, 129, 130
537012.5.peg.2241.site.4, 1, 130, 131
537012.5.peg.2241.site.5, 1, 130, 131
537012.5.peg.2241.site.6, 11, 130, 141
537012.5.peg.2241.site.7, 11, 130, 141
537012.5.peg.2241.site.8, 5, 130, 135
537012.5.peg.2241.site.9, 7, 130, 137
537012.5.peg.2241.site.10, 1, 130, 131
537012.5.peg.2241.site.11, 7, 129, 136
537012.5.peg.2241.site.12, 8, 131, 139
537012.5.peg.2241.site.13, 8, 131, 139
537012.5.peg.2241.site.14, 8, 131, 139
537012.5.peg.2241.site.15, 1, 130, 131
537012.5.peg.2241.site.16, 1, 130, 131
537012.5.peg.2241.site.17, 6, 130, 136
537012.5.peg.2241.site.18, 1, 130, 131
537012.5.peg.2241.site.19, 1, 131, 132
537012.5.peg.2241.site.20, 2, 131, 133
537012.5.peg.2241.site.21, 0, 131, 131
537012.5.peg.2243.site.1, 1, 92, 93
537012.5.peg.2243.site.2, 13, 99, 112
537012.5.peg.2243.site.3, 0, 102, 102
537012.5.peg.2243.site.4, 1, 107, 108
537012.5.peg.2243.site.5, 1, 109, 110
537012.5.peg.2243.site.6, 5, 107, 112
537012.5.peg.2243.site.7, 26, 109, 135
537012.5.peg.2243.site.8, 13, 119, 132
537012.5.peg.2243.site.9, 6, 122, 128
537012.5.peg.2243.site.10, 5, 121, 126
537012.5.peg.2243.site.11, 0, 125, 125
537012.5.peg.2243.site.12, 0, 126, 126
537012.5.peg.2243.site.13, 0, 127, 127
537012.5.peg.2243.site.14, 5, 126, 131
537012.5.peg.2243.site.15, 2, 126, 128
537012.5.peg.2243.site.16, 3, 126, 129
537012.5.peg.2243.site.17, 4, 127, 131
537012.5.peg.2243.site.18, 5, 125, 130
537012.5.peg.2244.site.1, 7, 112, 119
537012.5.peg.2244.site.2, 5, 123, 128
537012.5.peg.2244.site.3, 0, 121, 121
537012.5.peg.2244.site.4, 2, 123, 125
537012.5.peg.2244.site.5, 2, 123, 125
537012.5.peg.2244.site.6, 8, 127, 135
537012.5.peg.2244.site.7, 0, 130, 130
537012.5.peg.2244.site.8, 4, 131, 135
537012.5.peg.2244.site.9, 0, 131, 131
537012.5.peg.2244.site.10, 0, 132, 132
537012.5.peg.2244.site.11, 5, 132, 137
537012.5.peg.2244.site.12, 5, 130, 135
537012.5.peg.2244.site.13, 5, 130, 135
537012.5.peg.2244.site.14, 11, 128, 139
537012.5.peg.2244.site.15, 3, 133, 136
537012.5.peg.2244.site.16, 5, 133, 138
537012.5.peg.2244.site.17, 7, 127, 134
537012.5.peg.2244.site.18, 0, 129, 129
537012.5.peg.2244.site.19, 3, 124, 127
537012.5.peg.2244.site.20, 3, 124, 127
537012.5.peg.2244.site.21, 1, 124, 125
537012.5.peg.2244.site.22, 5, 124, 129
537012.5.peg.2244.site.23, 1, 128, 129
537012.5.peg.2244.site.24, 6, 128, 134
537012.5.peg.2244.site.25, 5, 127, 132
537012.5.peg.2244.site.26, 1, 128, 129
537012.5.peg.2244.site.27, 36, 127, 163
537012.5.peg.2244.site.28, 34, 128, 162
537012.5.peg.2244.site.29, 5, 130, 135
537012.5.peg.2244.site.30, 6, 131, 137
537012.5.peg.2244.site.31, 6, 131, 137
537012.5.peg.2244.site.32, 3, 132, 135
537012.5.peg.2244.site.33, 8, 132, 140
537012.5.peg.2244.site.34, 0, 134, 134
537012.5.peg.2245.site.1, 5, 132, 137
537012.5.peg.2245.site.2, 0, 133, 133
537012.5.peg.2245.site.3, 3, 132, 135
537012.5.peg.2245.site.4, 116, 130, 246
537012.5.peg.2245.site.5, 3, 132, 135
537012.5.peg.2245.site.6, 3, 134, 137
537012.5.peg.2245.site.7, 5, 133, 138
537012.5.peg.2245.site.8, 6, 133, 139
537012.5.peg.2245.site.9, 5, 133, 138
537012.5.peg.2245.site.10, 1, 134, 135
537012.5.peg.2245.site.11, 7, 131, 138
537012.5.peg.2245.site.12, 1, 131, 132
537012.5.peg.2245.site.13, 1, 130, 131
537012.5.peg.2245.site.14, 5, 128, 133
537012.5.peg.2245.site.15, 5, 127, 132
537012.5.peg.2245.site.16, 4, 126, 130
537012.5.peg.2245.site.17, 2, 127, 129
537012.5.peg.2245.site.18, 26, 128, 154
537012.5.peg.2245.site.19, 6, 129, 135
537012.5.peg.2245.site.20, 47, 129, 176
537012.5.peg.2245.site.21, 1, 129, 130
537012.5.peg.2245.site.22, 1, 130, 131
537012.5.peg.2245.site.23, 1, 129, 130
537012.5.peg.2245.site.24, 7, 130, 137
537012.5.peg.2245.site.25, 6, 129, 135
537012.5.peg.2245.site.26, 5, 130, 135
537012.5.peg.2245.site.27, 2, 132, 134
537012.5.peg.2245.site.28, 6, 132, 138
537012.5.peg.2245.site.29, 1, 134, 135
537012.5.peg.2245.site.30, 11, 132, 143
537012.5.peg.2245.site.31, 80, 134, 214
537012.5.peg.2245.site.32, 3, 134, 137
537012.5.peg.2245.site.33, 4, 134, 138
537012.5.peg.2245.site.34, 6, 134, 140
537012.5.peg.2245.site.35, 1, 134, 135
537012.5.peg.2245.site.36, 34, 132, 166
537012.5.peg.2245.site.37, 2, 132, 134
537012.5.peg.2245.site.38, 29, 134, 163
537012.5.peg.2245.site.39, 4, 128, 132
537012.5.peg.2245.site.40, 0, 130, 130
537012.5.peg.2245.site.41, 0, 130, 130
537012.5.peg.2245.site.42, 4, 125, 129
537012.5.peg.2714.site.1, 91, 120, 211
537012.5.peg.2488.site.1, 33, 128, 161
537012.5.peg.2488.site.2, 6, 129, 135
537012.5.peg.2488.site.3, 6, 129, 135
537012.5.peg.2488.site.4, 4, 129, 133
537012.5.peg.2488.site.5, 3, 125, 128
537012.5.peg.2488.site.6, 97, 124, 221
537012.5.peg.2488.site.7, 3, 125, 128
537012.5.peg.2488.site.8, 3, 126, 129
537012.5.peg.2488.site.9, 3, 126, 129
537012.5.peg.2488.site.10, 3, 124, 127
537012.5.peg.2488.site.11, 3, 125, 128
537012.5.peg.2488.site.12, 1, 125, 126
537012.5.peg.2488.site.13, 1, 125, 126
537012.5.peg.2488.site.14, 2, 124, 126
537012.5.peg.2488.site.15, 43, 123, 166
537012.5.peg.2488.site.16, 2, 126, 128
537012.5.peg.2488.site.17, 95, 124, 219
537012.5.peg.2488.site.18, 2, 123, 125
537012.5.peg.2488.site.19, 2, 125, 127
537012.5.peg.2488.site.20, 1, 122, 123
537012.5.peg.2488.site.21, 120, 124, 244
537012.5.peg.2488.site.22, 1, 124, 125
537012.5.peg.2488.site.23, 6, 123, 129
537012.5.peg.2489.site.1, 85, 113, 198
537012.5.peg.2489.site.2, 77, 113, 190
537012.5.peg.2489.site.3, 82, 104, 186
537012.5.peg.2489.site.4, 81, 106, 187
537012.5.peg.2489.site.5, 4, 109, 113
537012.5.peg.2489.site.6, 94, 115, 209
537012.5.peg.2489.site.7, 103, 121, 224
537012.5.peg.2489.site.8, 1, 122, 123
537012.5.peg.2489.site.9, 1, 122, 123
537012.5.peg.2489.site.10, 6, 128, 134
537012.5.peg.2489.site.11, 100, 127, 227
537012.5.peg.2489.site.12, 2, 126, 128
537012.5.peg.2489.site.13, 1, 123, 124
537012.5.peg.2489.site.14, 47, 122, 169
537012.5.peg.2489.site.15, 57, 123, 180
537012.5.peg.2489.site.16, 0, 123, 123
537012.5.peg.2489.site.17, 3, 126, 129
537012.5.peg.2489.site.18, 9, 126, 135
537012.5.peg.2489.site.19, 40, 127, 167
537012.5.peg.2489.site.20, 48, 129, 177
537012.5.peg.2489.site.21, 14, 128, 142
537012.5.peg.2489.site.22, 71, 128, 199
537012.5.peg.2489.site.23, 5, 129, 134
537012.5.peg.2489.site.24, 9, 130, 139
537012.5.peg.2489.site.25, 6, 129, 135
537012.5.peg.2489.site.26, 5, 128, 133
537012.5.peg.2489.site.27, 9, 129, 138
537012.5.peg.2489.site.28, 100, 128, 228
537012.5.peg.2489.site.29, 10, 128, 138
537012.5.peg.2489.site.30, 94, 127, 221
537012.5.peg.2489.site.31, 34, 127, 161
537012.5.peg.2489.site.32, 2, 128, 130
537012.5.peg.2489.site.33, 2, 129, 131
537012.5.peg.2489.site.34, 10, 129, 139
537012.5.peg.2489.site.35, 3, 129, 132
537012.5.peg.2489.site.36, 60, 129, 189
537012.5.peg.2489.site.37, 65, 128, 193
537012.5.peg.2489.site.38, 10, 129, 139
537012.5.peg.2489.site.39, 10, 128, 138
537012.5.peg.2489.site.40, 15, 127, 142
537012.5.peg.2489.site.41, 18, 129, 147
537012.5.peg.2489.site.42, 35, 128, 163
537012.5.peg.2489.site.43, 17, 129, 146
537012.5.peg.2489.site.44, 34, 128, 162
537012.5.peg.2489.site.45, 33, 128, 161
537012.5.peg.2489.site.46, 64, 128, 192
537012.5.peg.2489.site.47, 1, 120, 121
537012.5.peg.2489.site.48, 2, 122, 124
537012.5.peg.2489.site.49, 74, 128, 202
537012.5.peg.2489.site.50, 2, 130, 132
537012.5.peg.2489.site.51, 14, 129, 143
537012.5.peg.2489.site.52, 9, 128, 137
537012.5.peg.2489.site.53, 1, 128, 129
537012.5.peg.2489.site.54, 6, 127, 133
537012.5.peg.2489.site.55, 4, 128, 132
537012.5.peg.2489.site.56, 75, 125, 200
537012.5.peg.2489.site.57, 6, 128, 134
537012.5.peg.2489.site.58, 6, 128, 134
537012.5.peg.2489.site.59, 6, 129, 135
537012.5.peg.2489.site.60, 71, 126, 197
537012.5.peg.2489.site.61, 0, 127, 127
537012.5.peg.2489.site.62, 10, 128, 138
537012.5.peg.2489.site.63, 6, 128, 134
537012.5.peg.636.site.1, 96, 127, 223
537012.5.peg.636.site.2, 2, 126, 128
537012.5.peg.636.site.3, 3, 126, 129
537012.5.peg.636.site.4, 3, 125, 128
537012.5.peg.636.site.5, 1, 124, 125
537012.5.peg.636.site.6, 34, 123, 157
537012.5.peg.636.site.7, 49, 125, 174
537012.5.peg.636.site.8, 2, 125, 127
537012.5.peg.636.site.9, 1, 125, 126
537012.5.peg.636.site.10, 2, 123, 125
537012.5.peg.636.site.11, 1, 125, 126
537012.5.peg.636.site.12, 19, 125, 144
537012.5.peg.636.site.13, 8, 125, 133
537012.5.peg.636.site.14, 11, 124, 135
537012.5.peg.636.site.15, 15, 124, 139
537012.5.peg.636.site.16, 3, 124, 127
537012.5.peg.636.site.17, 27, 123, 150
537012.5.peg.636.site.18, 35, 125, 160
537012.5.peg.636.site.19, 110, 125, 235
537012.5.peg.636.site.20, 2, 125, 127
537012.5.peg.636.site.21, 37, 125, 162
537012.5.peg.636.site.22, 4, 126, 130
537012.5.peg.636.site.23, 15, 124, 139
537012.5.peg.636.site.24, 3, 126, 129
537012.5.peg.636.site.25, 4, 127, 131
537012.5.peg.636.site.26, 64, 125, 189
537012.5.peg.636.site.27, 4, 125, 129
537012.5.peg.636.site.28, 4, 126, 130
537012.5.peg.636.site.29, 40, 126, 166
537012.5.peg.636.site.30, 6, 127, 133
537012.5.peg.636.site.31, 0, 127, 127
537012.5.peg.636.site.32, 22, 126, 148
537012.5.peg.636.site.33, 63, 125, 188
537012.5.peg.636.site.34, 7, 127, 134
537012.5.peg.636.site.35, 4, 127, 131
537012.5.peg.636.site.36, 51, 126, 177
537012.5.peg.636.site.37, 12, 127, 139
537012.5.peg.636.site.38, 81, 124, 205
537012.5.peg.636.site.39, 0, 126, 126
537012.5.peg.636.site.40, 8, 126, 134
537012.5.peg.636.site.41, 3, 127, 130
537012.5.peg.636.site.42, 0, 126, 126
537012.5.peg.636.site.43, 100, 126, 226
537012.5.peg.636.site.44, 0, 126, 126
537012.5.peg.636.site.45, 58, 125, 183
537012.5.peg.636.site.46, 47, 126, 173
537012.5.peg.636.site.47, 9, 125, 134
537012.5.peg.636.site.48, 2, 126, 128
537012.5.peg.636.site.49, 7, 125, 132
537012.5.peg.636.site.50, 4, 123, 127
537012.5.peg.636.site.51, 79, 124, 203
537012.5.peg.636.site.52, 112, 125, 237
537012.5.peg.636.site.53, 92, 126, 218
537012.5.peg.636.site.54, 7, 127, 134
537012.5.peg.636.site.55, 7, 127, 134
537012.5.peg.636.site.56, 1, 127, 128
537012.5.peg.636.site.57, 3, 125, 128
537012.5.peg.636.site.58, 1, 126, 127
537012.5.peg.636.site.59, 22, 126, 148
537012.5.peg.636.site.60, 1, 127, 128
537012.5.peg.636.site.61, 0, 126, 126
537012.5.peg.636.site.62, 117, 125, 242
537012.5.peg.636.site.63, 2, 126, 128
537012.5.peg.636.site.64, 69, 125, 194
537012.5.peg.636.site.65, 66, 125, 191
537012.5.peg.636.site.66, 4, 125, 129
537012.5.peg.636.site.67, 4, 124, 128
537012.5.peg.636.site.68, 6, 126, 132
537012.5.peg.636.site.69, 25, 125, 150
537012.5.peg.636.site.70, 6, 127, 133
537012.5.peg.636.site.71, 18, 127, 145
537012.5.peg.636.site.72, 9, 126, 135
537012.5.peg.636.site.73, 0, 124, 124
537012.5.peg.636.site.74, 30, 126, 156
537012.5.peg.636.site.75, 112, 124, 236
537012.5.peg.636.site.76, 26, 122, 148
537012.5.peg.636.site.77, 33, 123, 156
537012.5.peg.636.site.78, 84, 127, 211
537012.5.peg.636.site.79, 9, 126, 135
537012.5.peg.636.site.80, 44, 126, 170
537012.5.peg.636.site.81, 99, 126, 225
537012.5.peg.636.site.82, 0, 123, 123
537012.5.peg.636.site.83, 7, 124, 131
537012.5.peg.636.site.84, 17, 125, 142
537012.5.peg.636.site.85, 14, 125, 139
537012.5.peg.636.site.86, 20, 125, 145
537012.5.peg.636.site.87, 115, 127, 242
537012.5.peg.636.site.88, 5, 127, 132
537012.5.peg.636.site.89, 61, 125, 186
537012.5.peg.636.site.90, 2, 127, 129
537012.5.peg.636.site.91, 4, 123, 127
537012.5.peg.636.site.92, 1, 124, 125
537012.5.peg.636.site.93, 70, 113, 183
537012.5.peg.2482.site.1, 5, 133, 138
537012.5.peg.2482.site.2, 6, 133, 139
537012.5.peg.2482.site.3, 1, 134, 135
537012.5.peg.2482.site.4, 2, 134, 136
537012.5.peg.2482.site.5, 1, 134, 135
537012.5.peg.2482.site.6, 1, 133, 134
537012.5.peg.2482.site.7, 6, 133, 139
537012.5.peg.2482.site.8, 3, 133, 136
537012.5.peg.2482.site.9, 37, 132, 169
537012.5.peg.2482.site.10, 1, 132, 133
537012.5.peg.2482.site.11, 1, 134, 135
537012.5.peg.2480.site.1, 5, 134, 139
537012.5.peg.2480.site.2, 9, 134, 143
537012.5.peg.2480.site.3, 12, 134, 146
537012.5.peg.2480.site.4, 5, 133, 138
537012.5.peg.2480.site.5, 2, 131, 133
537012.5.peg.2480.site.6, 3, 132, 135
537012.5.peg.2480.site.7, 4, 132, 136
537012.5.peg.2480.site.8, 92, 131, 223
537012.5.peg.2480.site.9, 22, 133, 155
537012.5.peg.2480.site.10, 5, 133, 138
537012.5.peg.2480.site.11, 1, 133, 134
537012.5.peg.2480.site.12, 16, 132, 148
537012.5.peg.2480.site.13, 1, 134, 135
537012.5.peg.2480.site.14, 41, 131, 172
537012.5.peg.2480.site.15, 25, 132, 157
537012.5.peg.2480.site.16, 6, 134, 140
537012.5.peg.2480.site.17, 1, 134, 135
537012.5.peg.2480.site.18, 1, 134, 135
537012.5.peg.2480.site.19, 7, 134, 141
537012.5.peg.2480.site.20, 5, 134, 139
537012.5.peg.2480.site.21, 5, 132, 137
537012.5.peg.2480.site.22, 11, 132, 143
537012.5.peg.2480.site.23, 3, 133, 136
537012.5.peg.2480.site.24, 18, 132, 150
537012.5.peg.2480.site.25, 2, 134, 136
537012.5.peg.2480.site.26, 2, 134, 136
537012.5.peg.2480.site.27, 11, 132, 143
537012.5.peg.2480.site.28, 21, 134, 155
537012.5.peg.2480.site.29, 13, 133, 146
537012.5.peg.2480.site.30, 13, 132, 145
537012.5.peg.2480.site.31, 18, 131, 149
537012.5.peg.2480.site.32, 30, 131, 161
537012.5.peg.2480.site.33, 30, 133, 163
537012.5.peg.2480.site.34, 20, 133, 153
537012.5.peg.2480.site.35, 25, 132, 157
537012.5.peg.2480.site.36, 2, 133, 135
537012.5.peg.2480.site.37, 33, 131, 164
537012.5.peg.2480.site.38, 6, 132, 138
537012.5.peg.2480.site.39, 4, 132, 136
537012.5.peg.2480.site.40, 4, 131, 135
537012.5.peg.2480.site.41, 105, 133, 238
537012.5.peg.2480.site.42, 2, 131, 133
537012.5.peg.2480.site.43, 1, 130, 131
537012.5.peg.2480.site.44, 3, 130, 133
537012.5.peg.2480.site.45, 3, 132, 135
537012.5.peg.2480.site.46, 3, 131, 134
537012.5.peg.2481.site.1, 1, 125, 126
537012.5.peg.2481.site.2, 18, 127, 145
537012.5.peg.2481.site.3, 112, 127, 239
537012.5.peg.2481.site.4, 55, 126, 181
537012.5.peg.2481.site.5, 4, 128, 132
537012.5.peg.2481.site.6, 18, 128, 146
537012.5.peg.2481.site.7, 10, 128, 138
537012.5.peg.2481.site.8, 0, 127, 127
537012.5.peg.2481.site.9, 1, 127, 128
537012.5.peg.2481.site.10, 11, 130, 141
537012.5.peg.2481.site.11, 27, 132, 159
537012.5.peg.2481.site.12, 3, 134, 137
537012.5.peg.2481.site.13, 24, 131, 155
537012.5.peg.2481.site.14, 4, 132, 136
537012.5.peg.2481.site.15, 3, 131, 134
537012.5.peg.2481.site.16, 2, 130, 132
537012.5.peg.2481.site.17, 0, 131, 131
537012.5.peg.2481.site.18, 26, 130, 156
537012.5.peg.2481.site.19, 15, 130, 145
537012.5.peg.2481.site.20, 8, 129, 137
537012.5.peg.2481.site.21, 2, 131, 133
537012.5.peg.2481.site.22, 2, 131, 133
537012.5.peg.2481.site.23, 4, 132, 136
537012.5.peg.2481.site.24, 4, 131, 135
537012.5.peg.2481.site.25, 2, 134, 136
537012.5.peg.2481.site.26, 1, 134, 135
537012.5.peg.2481.site.27, 0, 134, 134
537012.5.peg.2481.site.28, 0, 134, 134
537012.5.peg.2481.site.29, 12, 131, 143
537012.5.peg.2481.site.30, 1, 133, 134
537012.5.peg.2481.site.31, 0, 131, 131
537012.5.peg.2481.site.32, 3, 131, 134
537012.5.peg.2481.site.33, 11, 134, 145
537012.5.peg.2481.site.34, 21, 133, 154
537012.5.peg.2486.site.1, 2, 123, 125
537012.5.peg.2486.site.2, 0, 118, 118
537012.5.peg.2486.site.3, 5, 117, 122
537012.5.peg.2486.site.4, 61, 120, 181
537012.5.peg.2486.site.5, 13, 125, 138
537012.5.peg.2486.site.6, 37, 124, 161
537012.5.peg.2486.site.7, 1, 127, 128
537012.5.peg.4710.site.1, 5, 131, 136
537012.5.peg.4710.site.2, 2, 129, 131
537012.5.peg.4710.site.3, 1, 132, 133
537012.5.peg.4710.site.4, 9, 130, 139
537012.5.peg.4710.site.5, 10, 131, 141
537012.5.peg.4710.site.6, 5, 131, 136
537012.5.peg.4710.site.7, 2, 133, 135
537012.5.peg.4710.site.8, 6, 132, 138
537012.5.peg.4710.site.9, 1, 132, 133
537012.5.peg.4710.site.10, 6, 134, 140
537012.5.peg.4710.site.11, 6, 134, 140
537012.5.peg.4710.site.12, 5, 134, 139
537012.5.peg.4710.site.13, 3, 134, 137
537012.5.peg.4710.site.14, 4, 132, 136
537012.5.peg.4710.site.15, 10, 132, 142
537012.5.peg.4710.site.16, 1, 134, 135
537012.5.peg.4710.site.17, 3, 134, 137
537012.5.peg.4710.site.18, 1, 134, 135
537012.5.peg.4710.site.19, 4, 134, 138
537012.5.peg.4710.site.20, 1, 134, 135
537012.5.peg.4710.site.21, 4, 132, 136
537012.5.peg.4710.site.22, 10, 132, 142
537012.5.peg.4710.site.23, 5, 133, 138
537012.5.peg.4710.site.24, 6, 134, 140
537012.5.peg.4710.site.25, 46, 131, 177
537012.5.peg.4710.site.26, 1, 133, 134
537012.5.peg.4710.site.27, 4, 131, 135
537012.5.peg.4710.site.28, 19, 133, 152
537012.5.peg.4710.site.29, 1, 129, 130
537012.5.peg.4710.site.30, 4, 129, 133
537012.5.peg.4710.site.31, 9, 127, 136
537012.5.peg.4710.site.32, 7, 134, 141
537012.5.peg.4710.site.33, 5, 133, 138
537012.5.peg.4710.site.34, 11, 133, 144
537012.5.peg.4710.site.35, 11, 132, 143
537012.5.peg.4710.site.36, 7, 134, 141
537012.5.peg.4711.site.1, 6, 134, 140
537012.5.peg.4711.site.2, 1, 134, 135
537012.5.peg.4711.site.3, 3, 134, 137
537012.5.peg.4711.site.4, 1, 134, 135
537012.5.peg.4711.site.5, 1, 134, 135
537012.5.peg.4711.site.6, 4, 132, 136
537012.5.peg.4711.site.7, 0, 133, 133
537012.5.peg.4711.site.8, 5, 132, 137
537012.5.peg.4711.site.9, 4, 132, 136
537012.5.peg.4711.site.10, 0, 134, 134
537012.5.peg.4711.site.11, 1, 130, 131
537012.5.peg.4711.site.12, 1, 131, 132
537012.5.peg.4711.site.13, 1, 130, 131
537012.5.peg.4711.site.14, 28, 130, 158
537012.5.peg.4711.site.15, 1, 130, 131
537012.5.peg.4711.site.16, 2, 131, 133
537012.5.peg.4711.site.17, 123, 133, 256
537012.5.peg.4711.site.18, 4, 132, 136
537012.5.peg.4711.site.19, 6, 134, 140
537012.5.peg.4711.site.20, 133, 134, 267
537012.5.peg.4711.site.21, 3, 131, 134
537012.5.peg.4711.site.22, 3, 131, 134
537012.5.peg.4711.site.23, 37, 131, 168
537012.5.peg.4711.site.24, 22, 133, 155
537012.5.peg.4711.site.25, 123, 132, 255
537012.5.peg.4711.site.26, 7, 129, 136
537012.5.peg.4711.site.27, 4, 128, 132
537012.5.peg.4711.site.28, 1, 129, 130
537012.5.peg.4711.site.29, 7, 129, 136
537012.5.peg.4711.site.30, 6, 128, 134
537012.5.peg.4711.site.31, 4, 128, 132
537012.5.peg.4711.site.32, 25, 128, 153
537012.5.peg.4711.site.33, 2, 128, 130
537012.5.peg.4711.site.34, 5, 129, 134
537012.5.peg.4711.site.35, 2, 132, 134
537012.5.peg.4711.site.36, 1, 133, 134
537012.5.peg.4711.site.37, 86, 132, 218
537012.5.peg.4711.site.38, 3, 131, 134
537012.5.peg.4711.site.39, 5, 132, 137
537012.5.peg.4711.site.40, 4, 132, 136
537012.5.peg.4711.site.41, 5, 132, 137
537012.5.peg.4711.site.42, 1, 134, 135
537012.5.peg.4711.site.43, 5, 132, 137
537012.5.peg.4711.site.44, 4, 132, 136
537012.5.peg.4711.site.45, 16, 131, 147
537012.5.peg.4711.site.46, 5, 132, 137
537012.5.peg.4711.site.47, 3, 132, 135
537012.5.peg.4711.site.48, 2, 130, 132
537012.5.peg.4711.site.49, 2, 130, 132
537012.5.peg.4711.site.50, 1, 134, 135
537012.5.peg.4711.site.51, 2, 133, 135
537012.5.peg.4711.site.52, 1, 132, 133
537012.5.peg.4711.site.53, 1, 130, 131
537012.5.peg.4711.site.54, 19, 129, 148
537012.5.peg.4711.site.55, 4, 130, 134
537012.5.peg.4711.site.56, 7, 130, 137
537012.5.peg.4711.site.57, 6, 130, 136
537012.5.peg.4711.site.58, 1, 130, 131
537012.5.peg.4711.site.59, 7, 129, 136
537012.5.peg.4711.site.60, 5, 130, 135
537012.5.peg.4711.site.61, 4, 132, 136
537012.5.peg.4711.site.62, 10, 131, 141
537012.5.peg.4711.site.63, 7, 134, 141
537012.5.peg.4712.site.1, 4, 131, 135
537012.5.peg.4712.site.2, 12, 133, 145
537012.5.peg.4712.site.3, 5, 132, 137
537012.5.peg.4712.site.4, 3, 134, 137
537012.5.peg.4712.site.5, 4, 132, 136
537012.5.peg.4712.site.6, 1, 134, 135
537012.5.peg.4712.site.7, 1, 134, 135
537012.5.peg.4712.site.8, 6, 133, 139
537012.5.peg.4712.site.9, 6, 133, 139
537012.5.peg.4712.site.10, 2, 134, 136
537012.5.peg.4712.site.11, 2, 134, 136
537012.5.peg.4712.site.12, 11, 132, 143
537012.5.peg.4712.site.13, 3, 134, 137
537012.5.peg.4712.site.14, 5, 134, 139
537012.5.peg.4712.site.15, 4, 132, 136
537012.5.peg.4712.site.16, 1, 134, 135
537012.5.peg.4712.site.17, 11, 132, 143
537012.5.peg.4712.site.18, 50, 132, 182
537012.5.peg.4712.site.19, 2, 134, 136
537012.5.peg.4712.site.20, 4, 132, 136
537012.5.peg.4712.site.21, 7, 133, 140
537012.5.peg.4713.site.1, 3, 134, 137
537012.5.peg.4713.site.2, 4, 134, 138
537012.5.peg.4713.site.3, 36, 134, 170
537012.5.peg.4713.site.4, 4, 132, 136
537012.5.peg.4713.site.5, 1, 129, 130
537012.5.peg.4713.site.6, 1, 130, 131
537012.5.peg.4713.site.7, 3, 129, 132
537012.5.peg.4713.site.8, 6, 129, 135
537012.5.peg.4713.site.9, 2, 129, 131
537012.5.peg.4713.site.10, 5, 132, 137
537012.5.peg.4713.site.11, 1, 134, 135
537012.5.peg.4713.site.12, 15, 132, 147
537012.5.peg.4713.site.13, 3, 131, 134
537012.5.peg.4713.site.14, 1, 129, 130
537012.5.peg.4713.site.15, 2, 132, 134
537012.5.peg.4713.site.16, 10, 132, 142
537012.5.peg.4713.site.17, 11, 131, 142
537012.5.peg.4713.site.18, 3, 133, 136
537012.5.peg.4713.site.19, 8, 133, 141
537012.5.peg.4713.site.20, 6, 134, 140
537012.5.peg.4713.site.21, 18, 134, 152
537012.5.peg.4713.site.22, 11, 134, 145
537012.5.peg.4713.site.23, 6, 132, 138
537012.5.peg.4713.site.24, 4, 132, 136
537012.5.peg.4713.site.25, 7, 134, 141
537012.5.peg.4713.site.26, 1, 134, 135
537012.5.peg.4713.site.27, 6, 134, 140
537012.5.peg.4713.site.28, 15, 132, 147
537012.5.peg.4713.site.29, 15, 132, 147
537012.5.peg.4713.site.30, 6, 133, 139
537012.5.peg.4713.site.31, 2, 134, 136
537012.5.peg.4715.site.1, 132, 134, 266
537012.5.peg.4715.site.2, 4, 132, 136
537012.5.peg.4715.site.3, 9, 134, 143
537012.5.peg.4715.site.4, 22, 134, 156
537012.5.peg.4715.site.5, 9, 133, 142
537012.5.peg.4715.site.6, 2, 133, 135
537012.5.peg.4715.site.7, 62, 132, 194
537012.5.peg.4715.site.8, 2, 132, 134
537012.5.peg.4715.site.9, 1, 134, 135
537012.5.peg.4715.site.10, 14, 134, 148
537012.5.peg.4715.site.11, 1, 134, 135
537012.5.peg.4715.site.12, 2, 132, 134
537012.5.peg.4715.site.13, 39, 134, 173
537012.5.peg.4715.site.14, 3, 134, 137
537012.5.peg.4715.site.15, 9, 134, 143
537012.5.peg.4715.site.16, 7, 134, 141
537012.5.peg.4715.site.17, 4, 132, 136
537012.5.peg.4715.site.18, 1, 134, 135
537012.5.peg.4715.site.19, 1, 134, 135
537012.5.peg.4715.site.20, 2, 134, 136
537012.5.peg.4715.site.21, 0, 133, 133
537012.5.peg.4715.site.22, 68, 133, 201
537012.5.peg.4715.site.23, 1, 134, 135
537012.5.peg.4715.site.24, 4, 132, 136
537012.5.peg.4715.site.25, 3, 131, 134
537012.5.peg.4715.site.26, 1, 131, 132
537012.5.peg.4715.site.27, 6, 131, 137
537012.5.peg.4715.site.28, 74, 134, 208
537012.5.peg.4715.site.29, 35, 131, 166
537012.5.peg.4715.site.30, 1, 133, 134
537012.5.peg.4715.site.31, 5, 132, 137
537012.5.peg.4715.site.32, 4, 133, 137
537012.5.peg.4715.site.33, 39, 132, 171
537012.5.peg.4715.site.34, 1, 133, 134
537012.5.peg.4715.site.35, 2, 133, 135
537012.5.peg.4715.site.36, 7, 133, 140
537012.5.peg.4715.site.37, 3, 134, 137
537012.5.peg.4715.site.38, 11, 132, 143
537012.5.peg.4716.site.1, 3, 134, 137
537012.5.peg.4716.site.2, 12, 133, 145
537012.5.peg.4716.site.3, 1, 133, 134
537012.5.peg.4716.site.4, 1, 134, 135
537012.5.peg.4716.site.5, 3, 134, 137
537012.5.peg.4716.site.6, 1, 134, 135
537012.5.peg.4716.site.7, 12, 132, 144
537012.5.peg.4716.site.8, 5, 133, 138
537012.5.peg.4716.site.9, 8, 134, 142
537012.5.peg.4716.site.10, 1, 134, 135
537012.5.peg.4716.site.11, 59, 133, 192
537012.5.peg.4716.site.12, 12, 133, 145
537012.5.peg.4716.site.13, 6, 133, 139
537012.5.peg.4716.site.14, 6, 134, 140
537012.5.peg.4716.site.15, 1, 134, 135
537012.5.peg.4716.site.16, 22, 133, 155
537012.5.peg.4716.site.17, 0, 134, 134
537012.5.peg.4716.site.18, 43, 130, 173
537012.5.peg.4716.site.19, 0, 134, 134
537012.5.peg.4716.site.20, 6, 134, 140
537012.5.peg.4716.site.21, 1, 134, 135
537012.5.peg.4716.site.22, 16, 133, 149
537012.5.peg.4716.site.23, 0, 132, 132
537012.5.peg.4716.site.24, 1, 134, 135
537012.5.peg.4716.site.25, 0, 132, 132
537012.5.peg.4716.site.26, 1, 133, 134
537012.5.peg.4716.site.27, 8, 130, 138
537012.5.peg.4716.site.28, 2, 134, 136
537012.5.peg.4716.site.29, 3, 134, 137
537012.5.peg.4716.site.30, 1, 134, 135
537012.5.peg.4716.site.31, 1, 134, 135
537012.5.peg.4716.site.32, 2, 134, 136
537012.5.peg.4716.site.33, 1, 134, 135
537012.5.peg.4716.site.34, 9, 131, 140
537012.5.peg.4716.site.35, 2, 133, 135
537012.5.peg.4716.site.36, 1, 133, 134
537012.5.peg.4716.site.37, 3, 134, 137
537012.5.peg.4716.site.38, 1, 133, 134
537012.5.peg.4716.site.39, 16, 132, 148
537012.5.peg.4716.site.40, 1, 134, 135
537012.5.peg.4716.site.41, 9, 132, 141
537012.5.peg.4716.site.42, 2, 134, 136
537012.5.peg.4716.site.43, 1, 132, 133
537012.5.peg.4716.site.44, 3, 132, 135
537012.5.peg.4716.site.45, 3, 128, 131
537012.5.peg.4716.site.46, 1, 130, 131
537012.5.peg.4716.site.47, 7, 128, 135
537012.5.peg.4716.site.48, 2, 130, 132
537012.5.peg.4716.site.49, 2, 130, 132
537012.5.peg.4716.site.50, 43, 129, 172
537012.5.peg.4716.site.51, 4, 129, 133
537012.5.peg.4716.site.52, 5, 133, 138
537012.5.peg.4716.site.53, 2, 134, 136
537012.5.peg.4716.site.54, 1, 134, 135
537012.5.peg.4716.site.55, 1, 134, 135
537012.5.peg.4716.site.56, 3, 134, 137
537012.5.peg.4716.site.57, 1, 134, 135
537012.5.peg.4716.site.58, 14, 133, 147
537012.5.peg.4716.site.59, 6, 134, 140
537012.5.peg.4716.site.60, 6, 134, 140
537012.5.peg.4716.site.61, 5, 132, 137
537012.5.peg.4716.site.62, 6, 132, 138
537012.5.peg.4716.site.63, 1, 131, 132
537012.5.peg.4716.site.64, 3, 129, 132
537012.5.peg.4716.site.65, 1, 128, 129
537012.5.peg.4716.site.66, 1, 128, 129
537012.5.peg.4716.site.67, 5, 124, 129
537012.5.peg.4717.site.1, 1, 121, 122
537012.5.peg.4717.site.2, 1, 121, 122
537012.5.peg.4717.site.3, 107, 122, 229
537012.5.peg.4717.site.4, 1, 122, 123
537012.5.peg.4717.site.5, 1, 122, 123
537012.5.peg.4717.site.6, 1, 123, 124
537012.5.peg.4717.site.7, 118, 122, 240
537012.5.peg.4717.site.8, 1, 123, 124
537012.5.peg.4717.site.9, 37, 123, 160
537012.5.peg.4717.site.10, 1, 123, 124
537012.5.peg.4717.site.11, 22, 121, 143
537012.5.peg.4717.site.12, 119, 123, 242
537012.5.peg.4717.site.13, 1, 122, 123
537012.5.peg.4717.site.14, 3, 123, 126
537012.5.peg.4717.site.15, 3, 123, 126
537012.5.peg.4717.site.16, 1, 122, 123
537012.5.peg.4717.site.17, 1, 123, 124
537012.5.peg.4717.site.18, 0, 123, 123
537012.5.peg.4718.site.1, 2, 124, 126
537012.5.peg.4718.site.2, 13, 124, 137
537012.5.peg.4718.site.3, 15, 124, 139
537012.5.peg.4718.site.4, 9, 133, 142
537012.5.peg.4718.site.5, 53, 132, 185
537012.5.peg.4718.site.6, 39, 133, 172
537012.5.peg.4718.site.7, 2, 134, 136
537012.5.peg.4718.site.8, 0, 133, 133
537012.5.peg.4718.site.9, 1, 134, 135
537012.5.peg.4718.site.10, 4, 132, 136
537012.5.peg.4718.site.11, 50, 134, 184
537012.5.peg.4718.site.12, 1, 134, 135
537012.5.peg.4718.site.13, 0, 132, 132
537012.5.peg.4718.site.14, 9, 134, 143
537012.5.peg.4718.site.15, 8, 133, 141
537012.5.peg.4718.site.16, 20, 134, 154
537012.5.peg.4718.site.17, 4, 134, 138
537012.5.peg.4718.site.18, 26, 133, 159
537012.5.peg.4718.site.19, 4, 133, 137
537012.5.peg.4718.site.20, 1, 134, 135
537012.5.peg.4718.site.21, 39, 134, 173
537012.5.peg.4719.site.1, 6, 130, 136
537012.5.peg.4719.site.2, 52, 131, 183
537012.5.peg.4719.site.3, 130, 134, 264
537012.5.peg.4719.site.4, 1, 134, 135
537012.5.peg.4719.site.5, 3, 133, 136
537012.5.peg.4719.site.6, 3, 134, 137
537012.5.peg.4719.site.7, 1, 134, 135
537012.5.peg.4719.site.8, 43, 132, 175
537012.5.peg.4719.site.9, 1, 134, 135
537012.5.peg.4719.site.10, 26, 134, 160
537012.5.peg.4719.site.11, 44, 133, 177
537012.5.peg.4719.site.12, 8, 132, 140
537012.5.peg.4719.site.13, 8, 133, 141
537012.5.peg.4719.site.14, 1, 133, 134
537012.5.peg.4719.site.15, 4, 132, 136
537012.5.peg.4719.site.16, 9, 134, 143
537012.5.peg.4719.site.17, 5, 132, 137
537012.5.peg.4719.site.18, 0, 134, 134
537012.5.peg.4719.site.19, 1, 134, 135
537012.5.peg.2936.site.1, 2, 127, 129
537012.5.peg.2936.site.2, 2, 127, 129
537012.5.peg.2936.site.3, 4, 126, 130
537012.5.peg.2936.site.4, 0, 126, 126
537012.5.peg.2936.site.5, 43, 124, 167
537012.5.peg.2936.site.6, 6, 125, 131
537012.5.peg.2936.site.7, 24, 125, 149
537012.5.peg.2936.site.8, 2, 127, 129
537012.5.peg.2936.site.9, 3, 123, 126
537012.5.peg.2936.site.10, 3, 126, 129
537012.5.peg.2936.site.11, 25, 127, 152
537012.5.peg.2936.site.12, 11, 126, 137
537012.5.peg.2936.site.13, 2, 127, 129
537012.5.peg.2936.site.14, 15, 126, 141
537012.5.peg.2936.site.15, 5, 126, 131
537012.5.peg.2936.site.16, 15, 125, 140
537012.5.peg.2936.site.17, 1, 127, 128
537012.5.peg.2936.site.18, 3, 127, 130
537012.5.peg.2936.site.19, 1, 124, 125
537012.5.peg.2936.site.20, 43, 123, 166
537012.5.peg.2936.site.21, 21, 124, 145
537012.5.peg.2936.site.22, 1, 124, 125
537012.5.peg.2936.site.23, 1, 125, 126
537012.5.peg.2936.site.24, 12, 127, 139
537012.5.peg.2936.site.25, 12, 127, 139
537012.5.peg.2936.site.26, 29, 125, 154
537012.5.peg.2936.site.27, 8, 126, 134
537012.5.peg.2936.site.28, 1, 127, 128
537012.5.peg.2936.site.29, 42, 127, 169
537012.5.peg.2936.site.30, 51, 120, 171
537012.5.peg.2936.site.31, 3, 126, 129
537012.5.peg.2936.site.32, 34, 123, 157
537012.5.peg.2936.site.33, 15, 123, 138
537012.5.peg.2936.site.34, 2, 124, 126
537012.5.peg.2934.site.1, 10, 52, 62
537012.5.peg.2934.site.2, 2, 104, 106
537012.5.peg.2934.site.3, 3, 127, 130
537012.5.peg.2934.site.4, 21, 128, 149
537012.5.peg.2934.site.5, 3, 123, 126
537012.5.peg.2934.site.6, 35, 119, 154
537012.5.peg.2934.site.7, 1, 122, 123
537012.5.peg.2934.site.8, 93, 118, 211
537012.5.peg.2934.site.9, 4, 123, 127
537012.5.peg.2934.site.10, 33, 121, 154
537012.5.peg.2934.site.11, 5, 125, 130
537012.5.peg.2934.site.12, 116, 123, 239
537012.5.peg.2934.site.13, 2, 125, 127
537012.5.peg.2934.site.14, 4, 121, 125
537012.5.peg.2934.site.15, 9, 111, 120
537012.5.peg.2934.site.16, 4, 96, 100
537012.5.peg.2934.site.17, 5, 95, 100
537012.5.peg.2934.site.18, 76, 92, 168
537012.5.peg.2934.site.19, 30, 83, 113
537012.5.peg.2934.site.20, 2, 91, 93
537012.5.peg.2934.site.21, 4, 91, 95
537012.5.peg.2934.site.22, 2, 95, 97
537012.5.peg.2934.site.23, 3, 95, 98
537012.5.peg.2934.site.24, 2, 82, 84
537012.5.peg.2934.site.25, 46, 77, 123
537012.5.peg.2934.site.26, 1, 83, 84
537012.5.peg.2934.site.27, 5, 81, 86
537012.5.peg.2934.site.28, 3, 83, 86
537012.5.peg.2934.site.29, 5, 82, 87
537012.5.peg.2934.site.30, 3, 82, 85
537012.5.peg.2934.site.31, 56, 79, 135
537012.5.peg.2934.site.32, 1, 78, 79
537012.5.peg.2934.site.33, 25, 75, 100
537012.5.peg.2934.site.34, 10, 64, 74
537012.5.peg.2934.site.35, 10, 59, 69
537012.5.peg.2934.site.36, 58, 73, 131
537012.5.peg.2934.site.37, 55, 75, 130
537012.5.peg.2934.site.38, 48, 83, 131
537012.5.peg.2934.site.39, 1, 78, 79
537012.5.peg.2934.site.40, 2, 76, 78
537012.5.peg.2934.site.41, 2, 75, 77
537012.5.peg.2934.site.42, 1, 76, 77
537012.5.peg.2934.site.43, 4, 82, 86
537012.5.peg.2935.site.1, 1, 75, 76
537012.5.peg.2935.site.2, 19, 71, 90
537012.5.peg.2935.site.3, 1, 70, 71
537012.5.peg.2935.site.4, 1, 70, 71
537012.5.peg.2935.site.5, 48, 67, 115
537012.5.peg.2935.site.6, 0, 70, 70
537012.5.peg.2935.site.7, 6, 69, 75
537012.5.peg.2935.site.8, 1, 69, 70
537012.5.peg.2935.site.9, 1, 68, 69
537012.5.peg.2935.site.10, 2, 66, 68
537012.5.peg.2935.site.11, 1, 65, 66
537012.5.peg.2935.site.12, 5, 63, 68
537012.5.peg.2935.site.13, 45, 64, 109
537012.5.peg.2935.site.14, 42, 64, 106
537012.5.peg.2935.site.15, 0, 66, 66
537012.5.peg.2935.site.16, 21, 66, 87
537012.5.peg.2935.site.17, 27, 69, 96
537012.5.peg.2935.site.18, 1, 69, 70
537012.5.peg.2935.site.19, 67, 69, 136
537012.5.peg.2935.site.20, 32, 68, 100
537012.5.peg.2935.site.21, 1, 70, 71
537012.5.peg.2935.site.22, 33, 70, 103
537012.5.peg.2935.site.23, 10, 71, 81
537012.5.peg.2935.site.24, 4, 68, 72
537012.5.peg.2935.site.25, 9, 67, 76
537012.5.peg.2935.site.26, 10, 68, 78
537012.5.peg.2935.site.27, 52, 60, 112
537012.5.peg.2935.site.28, 6, 68, 74
537012.5.peg.2935.site.29, 1, 76, 77
537012.5.peg.2935.site.30, 10, 79, 89
537012.5.peg.2935.site.31, 5, 101, 106
537012.5.peg.2935.site.32, 1, 120, 121
537012.5.peg.2935.site.33, 0, 116, 116
537012.5.peg.2935.site.34, 0, 125, 125
537012.5.peg.2939.site.1, 7, 106, 113
537012.5.peg.2939.site.2, 98, 113, 211
537012.5.peg.2939.site.3, 82, 117, 199
537012.5.peg.2939.site.4, 95, 118, 213
537012.5.peg.2939.site.5, 5, 120, 125
537012.5.peg.2939.site.6, 1, 119, 120
537012.5.peg.2939.site.7, 0, 119, 119
537012.5.peg.2939.site.8, 4, 118, 122
537012.5.peg.2939.site.9, 3, 119, 122
537012.5.peg.2939.site.10, 1, 118, 119
537012.5.peg.2939.site.11, 2, 120, 122
537012.5.peg.2939.site.12, 2, 117, 119
537012.5.peg.2939.site.13, 67, 120, 187
537012.5.peg.2939.site.14, 3, 113, 116
537012.5.peg.2939.site.15, 65, 110, 175
537012.5.peg.2939.site.16, 6, 114, 120
537012.5.peg.2939.site.17, 4, 114, 118
537012.5.peg.2939.site.18, 12, 119, 131
537012.5.peg.2939.site.19, 12, 116, 128
537012.5.peg.2939.site.20, 0, 119, 119
537012.5.peg.2939.site.21, 0, 120, 120
537012.5.peg.2939.site.22, 1, 124, 125
537012.5.peg.2939.site.23, 3, 123, 126
537012.5.peg.2939.site.24, 27, 123, 150
537012.5.peg.2939.site.25, 0, 124, 124
537012.5.peg.2939.site.26, 1, 122, 123
537012.5.peg.2939.site.27, 12, 122, 134
537012.5.peg.2939.site.28, 39, 123, 162
537012.5.peg.2939.site.29, 1, 97, 98
537012.5.peg.2939.site.30, 2, 97, 99
537012.5.peg.2939.site.31, 13, 87, 100
537012.5.peg.2939.site.32, 2, 81, 83
537012.5.peg.2939.site.33, 1, 77, 78
537012.5.peg.2939.site.34, 70, 72, 142
537012.5.peg.2939.site.35, 1, 70, 71
537012.5.peg.2939.site.36, 16, 56, 72
537012.5.peg.2939.site.37, 13, 49, 62
537012.5.peg.2939.site.38, 37, 50, 87
537012.5.peg.2939.site.39, 31, 52, 83
537012.5.peg.2939.site.40, 37, 56, 93
537012.5.peg.2939.site.41, 18, 71, 89
537012.5.peg.2939.site.42, 2, 69, 71
537012.5.peg.2939.site.43, 5, 70, 75
537012.5.peg.2939.site.44, 1, 71, 72
537012.5.peg.2939.site.45, 62, 64, 126
537012.5.peg.2939.site.46, 16, 49, 65
537012.5.peg.2939.site.47, 9, 54, 63
537012.5.peg.2939.site.48, 3, 64, 67
537012.5.peg.2939.site.49, 49, 66, 115
537012.5.peg.2939.site.50, 29, 63, 92
537012.5.peg.2939.site.51, 8, 69, 77
537012.5.peg.2939.site.52, 69, 71, 140
537012.5.peg.2939.site.53, 1, 69, 70
537012.5.peg.2939.site.54, 1, 73, 74
537012.5.peg.2939.site.55, 8, 72, 80
537012.5.peg.2939.site.56, 26, 72, 98
537012.5.peg.2939.site.57, 2, 71, 73
537012.5.peg.2939.site.58, 4, 72, 76
537012.5.peg.2939.site.59, 4, 74, 78
537012.5.peg.3539.site.1, 2, 130, 132
537012.5.peg.3539.site.2, 10, 131, 141
537012.5.peg.3539.site.3, 3, 130, 133
537012.5.peg.3539.site.4, 1, 130, 131
537012.5.peg.3539.site.5, 2, 129, 131
537012.5.peg.3539.site.6, 2, 129, 131
537012.5.peg.3539.site.7, 0, 130, 130
537012.5.peg.3539.site.8, 4, 132, 136
537012.5.peg.3539.site.9, 2, 132, 134
537012.5.peg.3539.site.10, 5, 131, 136
537012.5.peg.3539.site.11, 17, 131, 148
537012.5.peg.3539.site.12, 128, 130, 258
537012.5.peg.3539.site.13, 53, 133, 186
537012.5.peg.3539.site.14, 7, 133, 140
537012.5.peg.3539.site.15, 15, 133, 148
537012.5.peg.3539.site.16, 1, 134, 135
537012.5.peg.3539.site.17, 1, 134, 135
537012.5.peg.3539.site.18, 2, 134, 136
537012.5.peg.3539.site.19, 37, 134, 171
537012.5.peg.3539.site.20, 0, 134, 134
537012.5.peg.3539.site.21, 11, 132, 143
537012.5.peg.3539.site.22, 2, 134, 136
537012.5.peg.3539.site.23, 5, 132, 137
537012.5.peg.3539.site.24, 11, 134, 145
537012.5.peg.3539.site.25, 10, 132, 142
537012.5.peg.3539.site.26, 0, 134, 134
537012.5.peg.3539.site.27, 0, 134, 134
537012.5.peg.3539.site.28, 7, 134, 141
537012.5.peg.3539.site.29, 0, 134, 134
537012.5.peg.3539.site.30, 3, 134, 137
537012.5.peg.3539.site.31, 1, 134, 135
537012.5.peg.3539.site.32, 9, 134, 143
537012.5.peg.3539.site.33, 12, 133, 145
537012.5.peg.3539.site.34, 2, 134, 136
537012.5.peg.3539.site.35, 1, 134, 135
537012.5.peg.3539.site.36, 4, 134, 138
537012.5.peg.3538.site.1, 0, 125, 125
537012.5.peg.3538.site.2, 0, 128, 128
537012.5.peg.3538.site.3, 2, 130, 132
537012.5.peg.3538.site.4, 1, 131, 132
537012.5.peg.3538.site.5, 2, 127, 129
537012.5.peg.3538.site.6, 2, 126, 128
537012.5.peg.3538.site.7, 2, 127, 129
537012.5.peg.3538.site.8, 2, 126, 128
537012.5.peg.3538.site.9, 0, 127, 127
537012.5.peg.3538.site.10, 0, 126, 126
537012.5.peg.3538.site.11, 2, 130, 132
537012.5.peg.3538.site.12, 1, 131, 132
537012.5.peg.3538.site.13, 7, 127, 134
537012.5.peg.3538.site.14, 1, 130, 131
537012.5.peg.3538.site.15, 28, 128, 156
537012.5.peg.3538.site.16, 27, 129, 156
537012.5.peg.3538.site.17, 1, 129, 130
537012.5.peg.3538.site.18, 55, 128, 183
537012.5.peg.3538.site.19, 5, 131, 136
537012.5.peg.3538.site.20, 7, 133, 140
537012.5.peg.3538.site.21, 1, 133, 134
537012.5.peg.3538.site.22, 1, 133, 134
537012.5.peg.3538.site.23, 6, 134, 140
537012.5.peg.3538.site.24, 5, 133, 138
537012.5.peg.3538.site.25, 5, 132, 137
537012.5.peg.3538.site.26, 6, 132, 138
537012.5.peg.3538.site.27, 53, 131, 184
537012.5.peg.3538.site.28, 1, 133, 134
537012.5.peg.3538.site.29, 1, 133, 134
537012.5.peg.3538.site.30, 2, 133, 135
537012.5.peg.3538.site.31, 5, 133, 138
537012.5.peg.3538.site.32, 5, 130, 135
537012.5.peg.3538.site.33, 7, 133, 140
537012.5.peg.3538.site.34, 2, 133, 135
537012.5.peg.3538.site.35, 1, 133, 134
537012.5.peg.3538.site.36, 16, 132, 148
537012.5.peg.3538.site.37, 10, 130, 140
537012.5.peg.3538.site.38, 0, 130, 130
537012.5.peg.3538.site.39, 0, 131, 131
537012.5.peg.3538.site.40, 5, 133, 138
537012.5.peg.3538.site.41, 3, 129, 132
537012.5.peg.3538.site.42, 1, 133, 134
537012.5.peg.3538.site.43, 1, 134, 135
537012.5.peg.3538.site.44, 0, 133, 133
537012.5.peg.3538.site.45, 0, 134, 134
537012.5.peg.3538.site.46, 2, 134, 136
537012.5.peg.3538.site.47, 1, 131, 132
537012.5.peg.3538.site.48, 0, 133, 133
537012.5.peg.3538.site.49, 1, 134, 135
537012.5.peg.3283.site.1, 1, 124, 125
537012.5.peg.3283.site.2, 6, 129, 135
537012.5.peg.3283.site.3, 16, 129, 145
537012.5.peg.3283.site.4, 4, 125, 129
537012.5.peg.3283.site.5, 19, 127, 146
537012.5.peg.3283.site.6, 1, 124, 125
537012.5.peg.3283.site.7, 2, 124, 126
537012.5.peg.3283.site.8, 4, 125, 129
537012.5.peg.3283.site.9, 0, 127, 127
537012.5.peg.3283.site.10, 3, 128, 131
537012.5.peg.3283.site.11, 1, 130, 131
537012.5.peg.3283.site.12, 7, 130, 137
537012.5.peg.3283.site.13, 19, 130, 149
537012.5.peg.3283.site.14, 9, 129, 138
537012.5.peg.3283.site.15, 72, 128, 200
537012.5.peg.3283.site.16, 6, 128, 134
537012.5.peg.3283.site.17, 3, 124, 127
537012.5.peg.3283.site.18, 8, 126, 134
537012.5.peg.3283.site.19, 2, 126, 128
537012.5.peg.3283.site.20, 4, 125, 129
537012.5.peg.3283.site.21, 4, 123, 127
537012.5.peg.3283.site.22, 3, 125, 128
537012.5.peg.3283.site.23, 3, 124, 127
537012.5.peg.3283.site.24, 2, 126, 128
537012.5.peg.3283.site.25, 3, 127, 130
537012.5.peg.3283.site.26, 2, 128, 130
537012.5.peg.3283.site.27, 1, 128, 129
537012.5.peg.3283.site.28, 6, 129, 135
537012.5.peg.3283.site.29, 95, 125, 220
537012.5.peg.3283.site.30, 6, 122, 128
537012.5.peg.3283.site.31, 1, 124, 125
537012.5.peg.3283.site.32, 6, 127, 133
537012.5.peg.3283.site.33, 3, 127, 130
537012.5.peg.3283.site.34, 16, 128, 144
537012.5.peg.3283.site.35, 1, 128, 129
537012.5.peg.3283.site.36, 0, 130, 130
537012.5.peg.3283.site.37, 7, 130, 137
537012.5.peg.3283.site.38, 4, 130, 134
537012.5.peg.3283.site.39, 2, 128, 130
537012.5.peg.3283.site.40, 6, 129, 135
537012.5.peg.3283.site.41, 33, 129, 162
537012.5.peg.3283.site.42, 3, 128, 131
537012.5.peg.3283.site.43, 5, 128, 133
537012.5.peg.3283.site.44, 4, 129, 133
537012.5.peg.3283.site.45, 4, 129, 133
537012.5.peg.3283.site.46, 1, 128, 129
537012.5.peg.3283.site.47, 3, 128, 131
537012.5.peg.3283.site.48, 1, 128, 129
537012.5.peg.3283.site.49, 1, 127, 128
537012.5.peg.3283.site.50, 7, 127, 134
537012.5.peg.3283.site.51, 4, 129, 133
537012.5.peg.3283.site.52, 0, 129, 129
537012.5.peg.3283.site.53, 6, 127, 133
537012.5.peg.3283.site.54, 6, 130, 136
537012.5.peg.3283.site.55, 7, 129, 136
537012.5.peg.3283.site.56, 11, 129, 140
537012.5.peg.3283.site.57, 3, 129, 132
537012.5.peg.3283.site.58, 5, 129, 134
537012.5.peg.3283.site.59, 5, 128, 133
537012.5.peg.3283.site.60, 4, 128, 132
537012.5.peg.3283.site.61, 1, 125, 126
537012.5.peg.3283.site.62, 4, 127, 131
537012.5.peg.3283.site.63, 5, 128, 133
537012.5.peg.3283.site.64, 6, 128, 134
537012.5.peg.3283.site.65, 4, 129, 133
537012.5.peg.3283.site.66, 7, 130, 137
537012.5.peg.3283.site.67, 1, 129, 130
537012.5.peg.3283.site.68, 41, 130, 171
537012.5.peg.3283.site.69, 73, 130, 203
537012.5.peg.3531.site.1, 72, 129, 201
537012.5.peg.3531.site.2, 4, 128, 132
537012.5.peg.3531.site.3, 6, 126, 132
537012.5.peg.3531.site.4, 6, 126, 132
537012.5.peg.3531.site.5, 2, 128, 130
537012.5.peg.3531.site.6, 5, 128, 133
537012.5.peg.3531.site.7, 3, 128, 131
537012.5.peg.3531.site.8, 2, 127, 129
537012.5.peg.3531.site.9, 12, 126, 138
537012.5.peg.3530.site.1, 6, 130, 136
537012.5.peg.3530.site.2, 8, 128, 136
537012.5.peg.3530.site.3, 5, 130, 135
537012.5.peg.3530.site.4, 11, 130, 141
537012.5.peg.3530.site.5, 7, 130, 137
537012.5.peg.3530.site.6, 1, 130, 131
537012.5.peg.3530.site.7, 7, 130, 137
537012.5.peg.3530.site.8, 5, 129, 134
537012.5.peg.3530.site.9, 3, 127, 130
537012.5.peg.3530.site.10, 124, 129, 253
537012.5.peg.3530.site.11, 3, 127, 130
537012.5.peg.3530.site.12, 1, 130, 131
537012.5.peg.3530.site.13, 3, 127, 130
537012.5.peg.3530.site.14, 5, 129, 134
537012.5.peg.3530.site.15, 4, 128, 132
537012.5.peg.3530.site.16, 1, 130, 131
537012.5.peg.3530.site.17, 11, 132, 143
537012.5.peg.3530.site.18, 1, 131, 132
537012.5.peg.3530.site.19, 3, 130, 133
537012.5.peg.3530.site.20, 2, 126, 128
537012.5.peg.3530.site.21, 1, 126, 127
537012.5.peg.3530.site.22, 3, 127, 130
537012.5.peg.3530.site.23, 1, 130, 131
537012.5.peg.3530.site.24, 10, 129, 139
537012.5.peg.3530.site.25, 8, 129, 137
537012.5.peg.3530.site.26, 1, 130, 131
537012.5.peg.3530.site.27, 6, 130, 136
537012.5.peg.3530.site.28, 9, 130, 139
537012.5.peg.3530.site.29, 4, 130, 134
537012.5.peg.3530.site.30, 8, 130, 138
537012.5.peg.3530.site.31, 2, 130, 132
537012.5.peg.3530.site.32, 6, 130, 136
537012.5.peg.3533.site.1, 6, 124, 130
537012.5.peg.3533.site.2, 0, 129, 129
537012.5.peg.3533.site.3, 46, 127, 173
537012.5.peg.3533.site.4, 2, 129, 131
537012.5.peg.3533.site.5, 6, 129, 135
537012.5.peg.3533.site.6, 3, 129, 132
537012.5.peg.3533.site.7, 3, 127, 130
537012.5.peg.3533.site.8, 15, 129, 144
537012.5.peg.3533.site.9, 3, 130, 133
537012.5.peg.3533.site.10, 3, 128, 131
537012.5.peg.3533.site.11, 1, 130, 131
537012.5.peg.3533.site.12, 1, 128, 129
537012.5.peg.3533.site.13, 8, 127, 135
537012.5.peg.3533.site.14, 3, 128, 131
537012.5.peg.3533.site.15, 6, 129, 135
537012.5.peg.3533.site.16, 11, 130, 141
537012.5.peg.3533.site.17, 2, 130, 132
537012.5.peg.3533.site.18, 5, 129, 134
537012.5.peg.3533.site.19, 12, 129, 141
537012.5.peg.3533.site.20, 1, 130, 131
537012.5.peg.3533.site.21, 1, 130, 131
537012.5.peg.3533.site.22, 0, 129, 129
537012.5.peg.3533.site.23, 1, 130, 131
537012.5.peg.3533.site.24, 1, 128, 129
537012.5.peg.3533.site.25, 6, 128, 134
537012.5.peg.3533.site.26, 11, 128, 139
537012.5.peg.3533.site.27, 0, 129, 129
537012.5.peg.3533.site.28, 1, 130, 131
537012.5.peg.3533.site.29, 4, 128, 132
537012.5.peg.3533.site.30, 3, 130, 133
537012.5.peg.3533.site.31, 4, 129, 133
537012.5.peg.3533.site.32, 1, 130, 131
537012.5.peg.3533.site.33, 11, 128, 139
537012.5.peg.3533.site.34, 12, 128, 140
537012.5.peg.3533.site.35, 3, 128, 131
537012.5.peg.3533.site.36, 3, 128, 131
537012.5.peg.3533.site.37, 9, 127, 136
537012.5.peg.3533.site.38, 8, 128, 136
537012.5.peg.3533.site.39, 26, 129, 155
537012.5.peg.3533.site.40, 8, 129, 137
537012.5.peg.3533.site.41, 13, 127, 140
537012.5.peg.3533.site.42, 1, 130, 131
537012.5.peg.3533.site.43, 2, 130, 132
537012.5.peg.3533.site.44, 1, 129, 130
537012.5.peg.3533.site.45, 1, 131, 132
537012.5.peg.3533.site.46, 1, 134, 135
537012.5.peg.3532.site.1, 1, 126, 127
537012.5.peg.3532.site.2, 47, 122, 169
537012.5.peg.3532.site.3, 2, 130, 132
537012.5.peg.3532.site.4, 6, 130, 136
537012.5.peg.3532.site.5, 79, 129, 208
537012.5.peg.3532.site.6, 12, 129, 141
537012.5.peg.3532.site.7, 3, 130, 133
537012.5.peg.3532.site.8, 4, 128, 132
537012.5.peg.3532.site.9, 1, 129, 130
537012.5.peg.3532.site.10, 3, 129, 132
537012.5.peg.3532.site.11, 0, 130, 130
537012.5.peg.3535.site.1, 3, 134, 137
537012.5.peg.3535.site.2, 7, 132, 139
537012.5.peg.3535.site.3, 2, 134, 136
537012.5.peg.3535.site.4, 7, 134, 141
537012.5.peg.3535.site.5, 3, 134, 137
537012.5.peg.3535.site.6, 2, 134, 136
537012.5.peg.3535.site.7, 6, 134, 140
537012.5.peg.3535.site.8, 6, 134, 140
537012.5.peg.3535.site.9, 9, 134, 143
537012.5.peg.3535.site.10, 6, 134, 140
537012.5.peg.3535.site.11, 2, 134, 136
537012.5.peg.3535.site.12, 7, 133, 140
537012.5.peg.3535.site.13, 23, 131, 154
537012.5.peg.3535.site.14, 4, 132, 136
537012.5.peg.3535.site.15, 124, 132, 256
537012.5.peg.3535.site.16, 0, 134, 134
537012.5.peg.3535.site.17, 41, 133, 174
537012.5.peg.3535.site.18, 5, 133, 138
537012.5.peg.3535.site.19, 4, 134, 138
537012.5.peg.3535.site.20, 3, 134, 137
537012.5.peg.3535.site.21, 6, 134, 140
537012.5.peg.3535.site.22, 1, 131, 132
537012.5.peg.3535.site.23, 1, 133, 134
537012.5.peg.3535.site.24, 1, 134, 135
537012.5.peg.3535.site.25, 6, 134, 140
537012.5.peg.3535.site.26, 13, 133, 146
537012.5.peg.3535.site.27, 1, 134, 135
537012.5.peg.3535.site.28, 5, 133, 138
537012.5.peg.3535.site.29, 23, 132, 155
537012.5.peg.3535.site.30, 1, 134, 135
537012.5.peg.3534.site.1, 1, 133, 134
537012.5.peg.3534.site.2, 1, 133, 134
537012.5.peg.3534.site.3, 0, 133, 133
537012.5.peg.3534.site.4, 5, 134, 139
537012.5.peg.3534.site.5, 14, 134, 148
537012.5.peg.3534.site.6, 15, 133, 148
537012.5.peg.3534.site.7, 4, 134, 138
537012.5.peg.3534.site.8, 7, 134, 141
537012.5.peg.3534.site.9, 2, 134, 136
537012.5.peg.3534.site.10, 17, 134, 151
537012.5.peg.3534.site.11, 114, 133, 247
537012.5.peg.3534.site.12, 8, 132, 140
537012.5.peg.3534.site.13, 17, 132, 149
537012.5.peg.3534.site.14, 10, 134, 144
537012.5.peg.3534.site.15, 10, 134, 144
537012.5.peg.3534.site.16, 2, 134, 136
537012.5.peg.3534.site.17, 2, 134, 136
537012.5.peg.3534.site.18, 1, 134, 135
537012.5.peg.3534.site.19, 8, 133, 141
537012.5.peg.3534.site.20, 17, 132, 149
537012.5.peg.3534.site.21, 8, 132, 140
537012.5.peg.3534.site.22, 3, 133, 136
537012.5.peg.3534.site.23, 3, 133, 136
537012.5.peg.3534.site.24, 3, 134, 137
537012.5.peg.3534.site.25, 3, 134, 137
537012.5.peg.3534.site.26, 3, 133, 136
537012.5.peg.3534.site.27, 15, 134, 149
537012.5.peg.3534.site.28, 4, 134, 138
537012.5.peg.3534.site.29, 23, 133, 156
537012.5.peg.3534.site.30, 6, 133, 139
537012.5.peg.3534.site.31, 3, 134, 137
537012.5.peg.3534.site.32, 9, 133, 142
537012.5.peg.3534.site.33, 6, 133, 139
537012.5.peg.3534.site.34, 3, 133, 136
537012.5.peg.3534.site.35, 3, 133, 136
537012.5.peg.3534.site.36, 1, 134, 135
537012.5.peg.3534.site.37, 10, 134, 144
537012.5.peg.3534.site.38, 35, 132, 167
537012.5.peg.3534.site.39, 4, 134, 138
537012.5.peg.3534.site.40, 8, 134, 142
537012.5.peg.3534.site.41, 4, 134, 138
537012.5.peg.3534.site.42, 2, 134, 136
537012.5.peg.3534.site.43, 8, 134, 142
537012.5.peg.3534.site.44, 119, 134, 253
537012.5.peg.3534.site.45, 2, 133, 135
537012.5.peg.3534.site.46, 2, 134, 136
537012.5.peg.3534.site.47, 17, 134, 151
537012.5.peg.3534.site.48, 108, 133, 241
537012.5.peg.3534.site.49, 97, 132, 229
537012.5.peg.3534.site.50, 130, 134, 264
537012.5.peg.3534.site.51, 6, 134, 140
537012.5.peg.3534.site.52, 6, 134, 140
537012.5.peg.3534.site.53, 6, 134, 140
537012.5.peg.3534.site.54, 2, 134, 136
537012.5.peg.3534.site.55, 17, 133, 150
537012.5.peg.3534.site.56, 5, 133, 138
537012.5.peg.3534.site.57, 52, 134, 186
537012.5.peg.3534.site.58, 132, 134, 266
537012.5.peg.3534.site.59, 2, 133, 135
537012.5.peg.3534.site.60, 83, 133, 216
537012.5.peg.3534.site.61, 2, 134, 136
537012.5.peg.3534.site.62, 2, 134, 136
537012.5.peg.3534.site.63, 13, 134, 147
537012.5.peg.3534.site.64, 15, 134, 149
537012.5.peg.3534.site.65, 3, 134, 137
537012.5.peg.3534.site.66, 3, 134, 137
537012.5.peg.3534.site.67, 3, 134, 137
537012.5.peg.3534.site.68, 1, 134, 135
537012.5.peg.3534.site.69, 1, 134, 135
537012.5.peg.3534.site.70, 8, 134, 142
537012.5.peg.3534.site.71, 4, 134, 138
537012.5.peg.3534.site.72, 13, 133, 146
537012.5.peg.3534.site.73, 2, 132, 134
537012.5.peg.3534.site.74, 24, 133, 157
537012.5.peg.3534.site.75, 1, 133, 134
537012.5.peg.3534.site.76, 8, 134, 142
537012.5.peg.3534.site.77, 3, 134, 137
537012.5.peg.3534.site.78, 6, 134, 140
537012.5.peg.3534.site.79, 3, 133, 136
537012.5.peg.3534.site.80, 13, 130, 143
537012.5.peg.3534.site.81, 19, 129, 148
537012.5.peg.3537.site.1, 10, 132, 142
537012.5.peg.3537.site.2, 37, 134, 171
537012.5.peg.3537.site.3, 106, 132, 238
537012.5.peg.3537.site.4, 1, 134, 135
537012.5.peg.3537.site.5, 1, 134, 135
537012.5.peg.3537.site.6, 10, 131, 141
537012.5.peg.3537.site.7, 1, 134, 135
537012.5.peg.3537.site.8, 3, 134, 137
537012.5.peg.3537.site.9, 1, 134, 135
537012.5.peg.3537.site.10, 6, 134, 140
537012.5.peg.3537.site.11, 1, 134, 135
537012.5.peg.3537.site.12, 7, 134, 141
537012.5.peg.3537.site.13, 1, 133, 134
537012.5.peg.3537.site.14, 10, 131, 141
537012.5.peg.3537.site.15, 6, 133, 139
537012.5.peg.3537.site.16, 4, 131, 135
537012.5.peg.3537.site.17, 2, 134, 136
537012.5.peg.3537.site.18, 3, 134, 137
537012.5.peg.3537.site.19, 17, 133, 150
537012.5.peg.3537.site.20, 2, 134, 136
537012.5.peg.3537.site.21, 29, 131, 160
537012.5.peg.3537.site.22, 0, 133, 133
537012.5.peg.3537.site.23, 6, 132, 138
537012.5.peg.3537.site.24, 14, 132, 146
537012.5.peg.3537.site.25, 3, 133, 136
537012.5.peg.3537.site.26, 5, 132, 137
537012.5.peg.3537.site.27, 7, 132, 139
537012.5.peg.3537.site.28, 1, 133, 134
537012.5.peg.3537.site.29, 1, 134, 135
537012.5.peg.3537.site.30, 4, 131, 135
537012.5.peg.3537.site.31, 2, 134, 136
537012.5.peg.3537.site.32, 22, 134, 156
537012.5.peg.3537.site.33, 7, 133, 140
537012.5.peg.3537.site.34, 3, 130, 133
537012.5.peg.3537.site.35, 1, 133, 134
537012.5.peg.3537.site.36, 9, 132, 141
537012.5.peg.3537.site.37, 10, 130, 140
537012.5.peg.3536.site.1, 3, 131, 134
537012.5.peg.3536.site.2, 8, 134, 142
537012.5.peg.3536.site.3, 39, 130, 169
537012.5.peg.3536.site.4, 28, 131, 159
537012.5.peg.3536.site.5, 7, 132, 139
537012.5.peg.3536.site.6, 99, 132, 231
537012.5.peg.3536.site.7, 126, 134, 260
537012.5.peg.3536.site.8, 8, 133, 141
537012.5.peg.3536.site.9, 1, 134, 135
537012.5.peg.3536.site.10, 4, 132, 136
537012.5.peg.3536.site.11, 33, 133, 166
537012.5.peg.3536.site.12, 11, 133, 144
537012.5.peg.3536.site.13, 4, 132, 136
537012.5.peg.3536.site.14, 2, 134, 136
537012.5.peg.3536.site.15, 2, 134, 136
537012.5.peg.3536.site.16, 6, 134, 140
537012.5.peg.3536.site.17, 5, 133, 138
537012.5.peg.3536.site.18, 10, 130, 140
537012.5.peg.3536.site.19, 5, 134, 139
537012.5.peg.3536.site.20, 3, 134, 137
537012.5.peg.3536.site.21, 7, 134, 141
537012.5.peg.3536.site.22, 1, 133, 134
537012.5.peg.3536.site.23, 3, 132, 135
537012.5.peg.3536.site.24, 100, 131, 231
537012.5.peg.3536.site.25, 1, 132, 133
537012.5.peg.3536.site.26, 83, 130, 213
537012.5.peg.3536.site.27, 9, 130, 139
537012.5.peg.3536.site.28, 10, 131, 141
537012.5.peg.3536.site.29, 2, 130, 132
537012.5.peg.3536.site.30, 3, 131, 134
537012.5.peg.3536.site.31, 1, 134, 135
537012.5.peg.3536.site.32, 11, 132, 143
537012.5.peg.3536.site.33, 2, 134, 136
537012.5.peg.3536.site.34, 8, 134, 142
537012.5.peg.3536.site.35, 1, 134, 135
537012.5.peg.3536.site.36, 5, 133, 138
537012.5.peg.4641.site.1, 2, 98, 100
537012.5.peg.4641.site.2, 4, 104, 108
537012.5.peg.4641.site.3, 11, 108, 119
537012.5.peg.4641.site.4, 0, 114, 114
537012.5.peg.4641.site.5, 7, 111, 118
537012.5.peg.4641.site.6, 16, 105, 121
537012.5.peg.4641.site.7, 0, 106, 106
537012.5.peg.4641.site.8, 18, 103, 121
537012.5.peg.4641.site.9, 10, 103, 113
537012.5.peg.4641.site.10, 8, 102, 110
537012.5.peg.4641.site.11, 1, 101, 102
537012.5.peg.4641.site.12, 0, 92, 92
537012.5.peg.4641.site.13, 10, 90, 100
537012.5.peg.4641.site.14, 8, 91, 99
537012.5.peg.4641.site.15, 4, 84, 88
537012.5.peg.4641.site.16, 2, 85, 87
537012.5.peg.4641.site.17, 2, 88, 90
537012.5.peg.4641.site.18, 1, 86, 87
537012.5.peg.4641.site.19, 1, 92, 93
537012.5.peg.4641.site.20, 7, 92, 99
537012.5.peg.4641.site.21, 16, 91, 107
537012.5.peg.4641.site.22, 10, 88, 98
537012.5.peg.4641.site.23, 1, 88, 89
537012.5.peg.4641.site.24, 0, 99, 99
537012.5.peg.4641.site.25, 19, 98, 117
537012.5.peg.4641.site.26, 2, 99, 101
537012.5.peg.4641.site.27, 3, 103, 106
537012.5.peg.4641.site.28, 7, 102, 109
537012.5.peg.4641.site.29, 9, 104, 113
537012.5.peg.4641.site.30, 7, 105, 112
537012.5.peg.4641.site.31, 8, 105, 113
537012.5.peg.4641.site.32, 2, 109, 111
537012.5.peg.4641.site.33, 1, 112, 113
537012.5.peg.4641.site.34, 6, 105, 111
537012.5.peg.4641.site.35, 20, 101, 121
537012.5.peg.4641.site.36, 8, 105, 113
537012.5.peg.4641.site.37, 1, 102, 103
537012.5.peg.4641.site.38, 2, 102, 104
537012.5.peg.4641.site.39, 2, 100, 102
537012.5.peg.4641.site.40, 15, 106, 121
537012.5.peg.4641.site.41, 1, 107, 108
537012.5.peg.4641.site.42, 3, 108, 111
537012.5.peg.4641.site.43, 15, 106, 121
537012.5.peg.4641.site.44, 0, 91, 91
537012.5.peg.4641.site.45, 86, 88, 174
537012.5.peg.4641.site.46, 24, 99, 123
537012.5.peg.4641.site.47, 29, 103, 132
537012.5.peg.4641.site.48, 31, 103, 134
537012.5.peg.4641.site.49, 7, 105, 112
537012.5.peg.4641.site.50, 4, 107, 111
537012.5.peg.4641.site.51, 1, 107, 108
537012.5.peg.4641.site.52, 12, 104, 116
537012.5.peg.4641.site.53, 11, 105, 116
537012.5.peg.4641.site.54, 2, 103, 105
537012.5.peg.4641.site.55, 10, 104, 114
537012.5.peg.4641.site.56, 4, 106, 110
537012.5.peg.4641.site.57, 1, 91, 92
537012.5.peg.4641.site.58, 57, 76, 133
537012.5.peg.4641.site.59, 1, 78, 79
537012.5.peg.4641.site.60, 1, 72, 73
537012.5.peg.4641.site.61, 23, 73, 96
537012.5.peg.4641.site.62, 4, 70, 74
537012.5.peg.4641.site.63, 51, 69, 120
537012.5.peg.4641.site.64, 5, 66, 71
537012.5.peg.4641.site.65, 31, 68, 99
537012.5.peg.4641.site.66, 20, 63, 83
537012.5.peg.4641.site.67, 27, 67, 94
537012.5.peg.4641.site.68, 4, 87, 91
537012.5.peg.4641.site.69, 72, 85, 157
537012.5.peg.4641.site.70, 7, 92, 99
537012.5.peg.4641.site.71, 13, 93, 106
537012.5.peg.4641.site.72, 3, 94, 97
537012.5.peg.4641.site.73, 3, 82, 85
537012.5.peg.4641.site.74, 71, 76, 147
537012.5.peg.4641.site.75, 4, 77, 81
537012.5.peg.4641.site.76, 1, 79, 80
537012.5.peg.4641.site.77, 6, 120, 126
537012.5.peg.4641.site.78, 4, 120, 124
537012.5.peg.4641.site.79, 6, 120, 126
537012.5.peg.4641.site.80, 5, 117, 122
537012.5.peg.4641.site.81, 2, 115, 117
537012.5.peg.4641.site.82, 18, 114, 132
537012.5.peg.4641.site.83, 3, 114, 117
537012.5.peg.4641.site.84, 15, 107, 122
537012.5.peg.4641.site.85, 0, 107, 107
537012.5.peg.4641.site.86, 17, 106, 123
537012.5.peg.4641.site.87, 0, 110, 110
537012.5.peg.4641.site.88, 1, 114, 115
537012.5.peg.4641.site.89, 17, 112, 129
537012.5.peg.4641.site.90, 10, 113, 123
537012.5.peg.4641.site.91, 5, 114, 119
537012.5.peg.4641.site.92, 1, 110, 111
537012.5.peg.4641.site.93, 1, 106, 107
537012.5.peg.4641.site.94, 0, 105, 105
537012.5.peg.4641.site.95, 16, 105, 121
537012.5.peg.4641.site.96, 0, 108, 108
537012.5.peg.4641.site.97, 2, 96, 98
537012.5.peg.4641.site.98, 1, 92, 93
537012.5.peg.4641.site.99, 1, 100, 101
537012.5.peg.4088.site.1, 6, 77, 83
537012.5.peg.4088.site.2, 4, 78, 82
537012.5.peg.4088.site.3, 1, 76, 77
537012.5.peg.4088.site.4, 1, 70, 71
537012.5.peg.4088.site.5, 29, 55, 84
537012.5.peg.4088.site.6, 2, 51, 53
537012.5.peg.4088.site.7, 11, 75, 86
537012.5.peg.4088.site.8, 6, 74, 80
537012.5.peg.4088.site.9, 23, 73, 96
537012.5.peg.4088.site.10, 7, 72, 79
537012.5.peg.4088.site.11, 15, 69, 84
537012.5.peg.4088.site.12, 1, 68, 69
537012.5.peg.4088.site.13, 2, 67, 69
537012.5.peg.4088.site.14, 13, 66, 79
537012.5.peg.4088.site.15, 14, 65, 79
537012.5.peg.4088.site.16, 51, 79, 130
537012.5.peg.4088.site.17, 57, 77, 134
537012.5.peg.4088.site.18, 1, 78, 79
537012.5.peg.4088.site.19, 5, 78, 83
537012.5.peg.4088.site.20, 5, 77, 82
537012.5.peg.4088.site.21, 20, 77, 97
537012.5.peg.4088.site.22, 3, 79, 82
537012.5.peg.4088.site.23, 1, 78, 79
537012.5.peg.4088.site.24, 9, 78, 87
537012.5.peg.4088.site.25, 1, 80, 81
537012.5.peg.4088.site.26, 2, 92, 94
537012.5.peg.4088.site.27, 18, 97, 115
537012.5.peg.4088.site.28, 4, 99, 103
537012.5.peg.4088.site.29, 2, 111, 113
537012.5.peg.4088.site.30, 3, 109, 112
537012.5.peg.4088.site.31, 27, 112, 139
537012.5.peg.4088.site.32, 4, 109, 113
537012.5.peg.4088.site.33, 12, 93, 105
537012.5.peg.4088.site.34, 29, 87, 116
537012.5.peg.4088.site.35, 0, 93, 93
537012.5.peg.4089.site.1, 11, 98, 109
537012.5.peg.4089.site.2, 1, 106, 107
537012.5.peg.4089.site.3, 8, 108, 116
537012.5.peg.4089.site.4, 6, 109, 115
537012.5.peg.4089.site.5, 7, 109, 116
537012.5.peg.4089.site.6, 3, 118, 121
537012.5.peg.4089.site.7, 1, 116, 117
537012.5.peg.4089.site.8, 3, 116, 119
537012.5.peg.4089.site.9, 20, 113, 133
537012.5.peg.4089.site.10, 1, 115, 116
537012.5.peg.4089.site.11, 12, 113, 125
537012.5.peg.4089.site.12, 5, 102, 107
537012.5.peg.4089.site.13, 40, 102, 142
537012.5.peg.4089.site.14, 33, 82, 115
537012.5.peg.4089.site.15, 6, 80, 86
537012.5.peg.4089.site.16, 1, 79, 80
537012.5.peg.4089.site.17, 16, 79, 95
537012.5.peg.4089.site.18, 12, 81, 93
537012.5.peg.4089.site.19, 19, 82, 101
537012.5.peg.4089.site.20, 35, 82, 117
537012.5.peg.4089.site.21, 19, 87, 106
537012.5.peg.4089.site.22, 6, 94, 100
537012.5.peg.4089.site.23, 0, 93, 93
537012.5.peg.4089.site.24, 1, 99, 100
537012.5.peg.4089.site.25, 1, 108, 109
537012.5.peg.4089.site.26, 7, 105, 112
537012.5.peg.4089.site.27, 2, 105, 107
537012.5.peg.4089.site.28, 1, 105, 106
537012.5.peg.4089.site.29, 9, 102, 111
537012.5.peg.4089.site.30, 0, 100, 100
537012.5.peg.4089.site.31, 28, 99, 127
537012.5.peg.4089.site.32, 3, 113, 116
537012.5.peg.4089.site.33, 1, 116, 117
537012.5.peg.4089.site.34, 2, 115, 117
537012.5.peg.4089.site.35, 2, 117, 119
537012.5.peg.4089.site.36, 1, 115, 116
537012.5.peg.4089.site.37, 16, 112, 128
537012.5.peg.4089.site.38, 53, 109, 162
537012.5.peg.2940.site.1, 7, 75, 82
537012.5.peg.2940.site.2, 14, 75, 89
537012.5.peg.2940.site.3, 61, 75, 136
537012.5.peg.2940.site.4, 35, 79, 114
537012.5.peg.2940.site.5, 36, 80, 116
537012.5.peg.2940.site.6, 3, 89, 92
537012.5.peg.2940.site.7, 5, 90, 95
537012.5.peg.2940.site.8, 1, 89, 90
537012.5.peg.2940.site.9, 36, 92, 128
537012.5.peg.2940.site.10, 38, 89, 127
537012.5.peg.2940.site.11, 2, 89, 91
537012.5.peg.2940.site.12, 12, 90, 102
537012.5.peg.2940.site.13, 24, 87, 111
537012.5.peg.2940.site.14, 8, 88, 96
537012.5.peg.2940.site.15, 1, 84, 85
537012.5.peg.2940.site.16, 2, 92, 94
537012.5.peg.2940.site.17, 44, 86, 130
537012.5.peg.2940.site.18, 7, 84, 91
537012.5.peg.2940.site.19, 42, 79, 121
537012.5.peg.2940.site.20, 1, 80, 81
537012.5.peg.2940.site.21, 2, 76, 78
537012.5.peg.2940.site.22, 72, 78, 150
537012.5.peg.2940.site.23, 1, 77, 78
537012.5.peg.2940.site.24, 0, 76, 76
537012.5.peg.2940.site.25, 2, 75, 77
537012.5.peg.2940.site.26, 1, 77, 78
537012.5.peg.2940.site.27, 1, 77, 78
537012.5.peg.2940.site.28, 0, 75, 75
537012.5.peg.2940.site.29, 35, 77, 112
537012.5.peg.2940.site.30, 73, 75, 148
537012.5.peg.2940.site.31, 1, 76, 77
537012.5.peg.4087.site.1, 32, 83, 115
537012.5.peg.4087.site.2, 25, 97, 122
537012.5.peg.4087.site.3, 1, 85, 86
537012.5.peg.4087.site.4, 6, 75, 81
537012.5.peg.4087.site.5, 1, 79, 80
537012.5.peg.4087.site.6, 32, 75, 107
537012.5.peg.4087.site.7, 14, 73, 87
537012.5.peg.4087.site.8, 5, 75, 80
537012.5.peg.4087.site.9, 1, 76, 77
537012.5.peg.4087.site.10, 2, 75, 77
537012.5.peg.4087.site.11, 1, 75, 76
537012.5.peg.4087.site.12, 2, 74, 76
537012.5.peg.4087.site.13, 13, 76, 89
537012.5.peg.4087.site.14, 3, 75, 78
537012.5.peg.4087.site.15, 3, 81, 84
537012.5.peg.4087.site.16, 2, 81, 83
537012.5.peg.4087.site.17, 13, 80, 93
537012.5.peg.4087.site.18, 2, 80, 82
537012.5.peg.4087.site.19, 2, 78, 80
537012.5.peg.4087.site.20, 11, 71, 82
537012.5.peg.4087.site.21, 2, 74, 76
537012.5.peg.4087.site.22, 24, 73, 97
537012.5.peg.4087.site.23, 2, 72, 74
537012.5.peg.4087.site.24, 18, 74, 92
537012.5.peg.4087.site.25, 5, 76, 81
537012.5.peg.4087.site.26, 1, 75, 76
537012.5.peg.4087.site.27, 23, 75, 98
537012.5.peg.4087.site.28, 16, 75, 91
537012.5.peg.4087.site.29, 54, 68, 122
537012.5.peg.4087.site.30, 0, 59, 59
537012.5.peg.4087.site.31, 16, 66, 82
537012.5.peg.4087.site.32, 1, 66, 67
537012.5.peg.4087.site.33, 67, 69, 136
537012.5.peg.4087.site.34, 1, 72, 73
537012.5.peg.4087.site.35, 33, 70, 103
537012.5.peg.4087.site.36, 1, 81, 82
537012.5.peg.4087.site.37, 14, 86, 100
537012.5.peg.4087.site.38, 0, 87, 87
537012.5.peg.4087.site.39, 0, 86, 86
537012.5.peg.4087.site.40, 27, 78, 105
537012.5.peg.4087.site.41, 2, 78, 80
537012.5.peg.4087.site.42, 8, 79, 87
537012.5.peg.4087.site.43, 4, 78, 82
537012.5.peg.4087.site.44, 1, 77, 78
537012.5.peg.4087.site.45, 5, 78, 83
537012.5.peg.4087.site.46, 1, 77, 78
537012.5.peg.4087.site.47, 8, 77, 85
537012.5.peg.4087.site.48, 1, 75, 76
537012.5.peg.4087.site.49, 1, 81, 82
537012.5.peg.4087.site.50, 1, 87, 88
537012.5.peg.4087.site.51, 5, 87, 92
537012.5.peg.4087.site.52, 5, 97, 102
537012.5.peg.4087.site.53, 1, 96, 97
537012.5.peg.4087.site.54, 11, 94, 105
537012.5.peg.4087.site.55, 23, 95, 118
537012.5.peg.4087.site.56, 5, 92, 97
537012.5.peg.4087.site.57, 0, 84, 84
537012.5.peg.4087.site.58, 2, 84, 86
537012.5.peg.4087.site.59, 3, 84, 87
537012.5.peg.4087.site.60, 10, 82, 92
537012.5.peg.4087.site.61, 17, 81, 98
537012.5.peg.4087.site.62, 4, 78, 82
537012.5.peg.4087.site.63, 14, 72, 86
537012.5.peg.4087.site.64, 2, 75, 77
537012.5.peg.4087.site.65, 5, 77, 82
537012.5.peg.4087.site.66, 23, 76, 99
537012.5.peg.4087.site.67, 7, 77, 84
537012.5.peg.4087.site.68, 5, 76, 81
537012.5.peg.4087.site.69, 1, 77, 78
537012.5.peg.4087.site.70, 9, 74, 83
537012.5.peg.4087.site.71, 4, 74, 78
537012.5.peg.4087.site.72, 2, 72, 74
537012.5.peg.4087.site.73, 3, 71, 74
537012.5.peg.4087.site.74, 14, 77, 91
537012.5.peg.4087.site.75, 3, 81, 84
537012.5.peg.4087.site.76, 11, 80, 91
537012.5.peg.4087.site.77, 3, 79, 82
537012.5.peg.4087.site.78, 27, 81, 108
537012.5.peg.4087.site.79, 8, 80, 88
537012.5.peg.4087.site.80, 6, 75, 81
537012.5.peg.4087.site.81, 5, 78, 83
537012.5.peg.4087.site.82, 44, 76, 120
537012.5.peg.4087.site.83, 2, 75, 77
537012.5.peg.4087.site.84, 5, 76, 81
537012.5.peg.4087.site.85, 36, 72, 108
537012.5.peg.4087.site.86, 1, 75, 76
537012.5.peg.4087.site.87, 2, 75, 77
537012.5.peg.4087.site.88, 8, 74, 82
537012.5.peg.4394.site.1, 17, 130, 147
537012.5.peg.4394.site.2, 1, 128, 129
537012.5.peg.4394.site.3, 1, 130, 131
537012.5.peg.4394.site.4, 1, 130, 131
537012.5.peg.4394.site.5, 0, 129, 129
537012.5.peg.4394.site.6, 1, 130, 131
537012.5.peg.4394.site.7, 18, 129, 147
537012.5.peg.4394.site.8, 0, 129, 129
537012.5.peg.4394.site.9, 41, 128, 169
537012.5.peg.4394.site.10, 1, 129, 130
537012.5.peg.4394.site.11, 0, 128, 128
537012.5.peg.4394.site.12, 17, 129, 146
537012.5.peg.4394.site.13, 19, 129, 148
537012.5.peg.4394.site.14, 102, 129, 231
537012.5.peg.4394.site.15, 1, 129, 130
537012.5.peg.4394.site.16, 0, 129, 129
537012.5.peg.4394.site.17, 1, 130, 131
537012.5.peg.4394.site.18, 18, 129, 147
537012.5.peg.4394.site.19, 1, 129, 130
537012.5.peg.4395.site.1, 1, 130, 131
537012.5.peg.4395.site.2, 1, 130, 131
537012.5.peg.4395.site.3, 9, 125, 134
537012.5.peg.3759.site.1, 5, 134, 139
537012.5.peg.3759.site.2, 3, 133, 136
537012.5.peg.3759.site.3, 1, 134, 135
537012.5.peg.3759.site.4, 8, 134, 142
537012.5.peg.3759.site.5, 2, 133, 135
537012.5.peg.3759.site.6, 1, 133, 134
537012.5.peg.3759.site.7, 103, 133, 236
537012.5.peg.3759.site.8, 1, 133, 134
537012.5.peg.3759.site.9, 2, 133, 135
537012.5.peg.3759.site.10, 1, 133, 134
537012.5.peg.3759.site.11, 20, 132, 152
537012.5.peg.3759.site.12, 16, 133, 149
537012.5.peg.3759.site.13, 6, 134, 140
537012.5.peg.3759.site.14, 1, 134, 135
537012.5.peg.3759.site.15, 38, 132, 170
537012.5.peg.3759.site.16, 4, 132, 136
537012.5.peg.3759.site.17, 1, 134, 135
537012.5.peg.3759.site.18, 3, 134, 137
537012.5.peg.3759.site.19, 0, 134, 134
537012.5.peg.3758.site.1, 6, 134, 140
537012.5.peg.3758.site.2, 1, 133, 134
537012.5.peg.3758.site.3, 1, 134, 135
537012.5.peg.3758.site.4, 1, 134, 135
537012.5.peg.3758.site.5, 7, 134, 141
537012.5.peg.3758.site.6, 3, 134, 137
537012.5.peg.3758.site.7, 22, 133, 155
537012.5.peg.3758.site.8, 129, 134, 263
537012.5.peg.3758.site.9, 1, 134, 135
537012.5.peg.3758.site.10, 1, 134, 135
537012.5.peg.4392.site.1, 1, 125, 126
537012.5.peg.4392.site.2, 1, 129, 130
537012.5.peg.4392.site.3, 16, 128, 144
537012.5.peg.4393.site.1, 0, 127, 127
537012.5.peg.4393.site.2, 18, 129, 147
537012.5.peg.4393.site.3, 3, 127, 130
537012.5.peg.4393.site.4, 2, 128, 130
537012.5.peg.4393.site.5, 0, 129, 129
537012.5.peg.4393.site.6, 2, 130, 132
537012.5.peg.4393.site.7, 3, 130, 133
537012.5.peg.4393.site.8, 0, 130, 130
537012.5.peg.4393.site.9, 18, 130, 148
537012.5.peg.4393.site.10, 1, 129, 130
537012.5.peg.4393.site.11, 1, 130, 131
537012.5.peg.4393.site.12, 16, 129, 145
537012.5.peg.4393.site.13, 18, 128, 146
537012.5.peg.4393.site.14, 2, 129, 131
537012.5.peg.4393.site.15, 2, 130, 132
537012.5.peg.4393.site.16, 2, 129, 131
537012.5.peg.4393.site.17, 1, 129, 130
537012.5.peg.4393.site.18, 18, 129, 147
537012.5.peg.4393.site.19, 0, 129, 129
537012.5.peg.3755.site.1, 72, 131, 203
537012.5.peg.3755.site.2, 8, 133, 141
537012.5.peg.3755.site.3, 37, 131, 168
537012.5.peg.3755.site.4, 3, 130, 133
537012.5.peg.3755.site.5, 8, 132, 140
537012.5.peg.3755.site.6, 17, 133, 150
537012.5.peg.3755.site.7, 81, 133, 214
537012.5.peg.3755.site.8, 7, 134, 141
537012.5.peg.3755.site.9, 17, 134, 151
537012.5.peg.3755.site.10, 8, 134, 142
537012.5.peg.3755.site.11, 7, 134, 141
537012.5.peg.3755.site.12, 1, 134, 135
537012.5.peg.3755.site.13, 0, 132, 132
537012.5.peg.3755.site.14, 1, 134, 135
537012.5.peg.3755.site.15, 10, 134, 144
537012.5.peg.3755.site.16, 2, 134, 136
537012.5.peg.3755.site.17, 1, 134, 135
537012.5.peg.3755.site.18, 3, 134, 137
537012.5.peg.3754.site.1, 15, 134, 149
537012.5.peg.3754.site.2, 4, 131, 135
537012.5.peg.3754.site.3, 12, 132, 144
537012.5.peg.3754.site.4, 13, 132, 145
537012.5.peg.3754.site.5, 1, 132, 133
537012.5.peg.3754.site.6, 3, 134, 137
537012.5.peg.3754.site.7, 1, 134, 135
537012.5.peg.3754.site.8, 4, 133, 137
537012.5.peg.3754.site.9, 3, 134, 137
537012.5.peg.3754.site.10, 5, 132, 137
537012.5.peg.3754.site.11, 27, 134, 161
537012.5.peg.3754.site.12, 1, 133, 134
537012.5.peg.3754.site.13, 16, 133, 149
537012.5.peg.3754.site.14, 32, 134, 166
537012.5.peg.3754.site.15, 1, 134, 135
537012.5.peg.3754.site.16, 0, 134, 134
537012.5.peg.3754.site.17, 32, 133, 165
537012.5.peg.3754.site.18, 2, 134, 136
537012.5.peg.3754.site.19, 4, 132, 136
537012.5.peg.3754.site.20, 67, 131, 198
537012.5.peg.3754.site.21, 0, 134, 134
537012.5.peg.3754.site.22, 23, 134, 157
537012.5.peg.3754.site.23, 1, 134, 135
537012.5.peg.3754.site.24, 0, 134, 134
537012.5.peg.3754.site.25, 2, 134, 136
537012.5.peg.3754.site.26, 8, 132, 140
537012.5.peg.3754.site.27, 63, 131, 194
537012.5.peg.3754.site.28, 0, 134, 134
537012.5.peg.3754.site.29, 1, 134, 135
537012.5.peg.3754.site.30, 23, 134, 157
537012.5.peg.3754.site.31, 2, 134, 136
537012.5.peg.3754.site.32, 52, 132, 184
537012.5.peg.3754.site.33, 6, 134, 140
537012.5.peg.3754.site.34, 22, 132, 154
537012.5.peg.3754.site.35, 4, 133, 137
537012.5.peg.3754.site.36, 7, 133, 140
537012.5.peg.3754.site.37, 6, 133, 139
537012.5.peg.3754.site.38, 7, 132, 139
537012.5.peg.3754.site.39, 1, 134, 135
537012.5.peg.3757.site.1, 1, 134, 135
537012.5.peg.3757.site.2, 3, 134, 137
537012.5.peg.3757.site.3, 4, 134, 138
537012.5.peg.3757.site.4, 7, 133, 140
537012.5.peg.3757.site.5, 11, 132, 143
537012.5.peg.3757.site.6, 2, 134, 136
537012.5.peg.3757.site.7, 4, 131, 135
537012.5.peg.3757.site.8, 4, 132, 136
537012.5.peg.3757.site.9, 17, 133, 150
537012.5.peg.3757.site.10, 4, 132, 136
537012.5.peg.3757.site.11, 3, 132, 135
537012.5.peg.3757.site.12, 26, 131, 157
537012.5.peg.3757.site.13, 2, 131, 133
537012.5.peg.3757.site.14, 3, 132, 135
537012.5.peg.3757.site.15, 13, 132, 145
537012.5.peg.3757.site.16, 8, 133, 141
537012.5.peg.3757.site.17, 1, 134, 135
537012.5.peg.3757.site.18, 12, 132, 144
537012.5.peg.3757.site.19, 1, 134, 135
537012.5.peg.3757.site.20, 1, 133, 134
537012.5.peg.3757.site.21, 3, 133, 136
537012.5.peg.3757.site.22, 6, 133, 139
537012.5.peg.3757.site.23, 1, 132, 133
537012.5.peg.3757.site.24, 1, 133, 134
537012.5.peg.3757.site.25, 7, 132, 139
537012.5.peg.3757.site.26, 2, 132, 134
537012.5.peg.3757.site.27, 3, 134, 137
537012.5.peg.3757.site.28, 1, 134, 135
537012.5.peg.3757.site.29, 1, 133, 134
537012.5.peg.3757.site.30, 3, 134, 137
537012.5.peg.3757.site.31, 1, 134, 135
537012.5.peg.3757.site.32, 7, 134, 141
537012.5.peg.3757.site.33, 4, 132, 136
537012.5.peg.3757.site.34, 10, 133, 143
537012.5.peg.3757.site.35, 24, 130, 154
537012.5.peg.3757.site.36, 3, 131, 134
537012.5.peg.3757.site.37, 1, 130, 131
537012.5.peg.3757.site.38, 2, 129, 131
537012.5.peg.3757.site.39, 1, 129, 130
537012.5.peg.3757.site.40, 1, 130, 131
537012.5.peg.3757.site.41, 1, 130, 131
537012.5.peg.3757.site.42, 2, 131, 133
537012.5.peg.3757.site.43, 108, 131, 239
537012.5.peg.3757.site.44, 0, 130, 130
537012.5.peg.3757.site.45, 36, 130, 166
537012.5.peg.3757.site.46, 7, 128, 135
537012.5.peg.3757.site.47, 59, 128, 187
537012.5.peg.3757.site.48, 1, 130, 131
537012.5.peg.3757.site.49, 1, 129, 130
537012.5.peg.3757.site.50, 1, 130, 131
537012.5.peg.3757.site.51, 1, 132, 133
537012.5.peg.3757.site.52, 2, 131, 133
537012.5.peg.3757.site.53, 1, 132, 133
537012.5.peg.3757.site.54, 68, 131, 199
537012.5.peg.3757.site.55, 4, 133, 137
537012.5.peg.3757.site.56, 5, 133, 138
537012.5.peg.3757.site.57, 2, 133, 135
537012.5.peg.3756.site.1, 6, 133, 139
537012.5.peg.3756.site.2, 3, 134, 137
537012.5.peg.3756.site.3, 129, 134, 263
537012.5.peg.3756.site.4, 11, 132, 143
537012.5.peg.3756.site.5, 45, 133, 178
537012.5.peg.3756.site.6, 3, 134, 137
537012.5.peg.3756.site.7, 7, 134, 141
537012.5.peg.3756.site.8, 11, 132, 143
537012.5.peg.3756.site.9, 1, 134, 135
537012.5.peg.3756.site.10, 11, 132, 143
537012.5.peg.3756.site.11, 3, 134, 137
537012.5.peg.3756.site.12, 3, 131, 134
537012.5.peg.3756.site.13, 27, 131, 158
537012.5.peg.3756.site.14, 1, 134, 135
537012.5.peg.3756.site.15, 25, 133, 158
537012.5.peg.3756.site.16, 3, 134, 137
537012.5.peg.3756.site.17, 1, 134, 135
537012.5.peg.3756.site.18, 4, 132, 136
537012.5.peg.3756.site.19, 5, 130, 135
537012.5.peg.3756.site.20, 12, 133, 145
537012.5.peg.3756.site.21, 5, 133, 138
537012.5.peg.3756.site.22, 5, 133, 138
537012.5.peg.3751.site.1, 1, 134, 135
537012.5.peg.3751.site.2, 2, 132, 134
537012.5.peg.3750.site.1, 3, 24, 27
537012.5.peg.3750.site.2, 1, 133, 134
537012.5.peg.3750.site.3, 13, 132, 145
537012.5.peg.3750.site.4, 1, 134, 135
537012.5.peg.3750.site.5, 6, 134, 140
537012.5.peg.3750.site.6, 6, 134, 140
537012.5.peg.3750.site.7, 28, 133, 161
537012.5.peg.3750.site.8, 1, 134, 135
537012.5.peg.3750.site.9, 100, 134, 234
537012.5.peg.3750.site.10, 1, 134, 135
537012.5.peg.3750.site.11, 3, 133, 136
537012.5.peg.3750.site.12, 43, 133, 176
537012.5.peg.3750.site.13, 0, 134, 134
537012.5.peg.3750.site.14, 67, 134, 201
537012.5.peg.3750.site.15, 6, 134, 140
537012.5.peg.3750.site.16, 33, 131, 164
537012.5.peg.3750.site.17, 1, 134, 135
537012.5.peg.3750.site.18, 1, 134, 135
537012.5.peg.3750.site.19, 24, 131, 155
537012.5.peg.3750.site.20, 2, 133, 135
537012.5.peg.3750.site.21, 1, 133, 134
537012.5.peg.3750.site.22, 7, 133, 140
537012.5.peg.3753.site.1, 0, 103, 103
537012.5.peg.3753.site.2, 1, 134, 135
537012.5.peg.3753.site.3, 6, 134, 140
537012.5.peg.3753.site.4, 22, 132, 154
537012.5.peg.3753.site.5, 2, 134, 136
537012.5.peg.3753.site.6, 17, 133, 150
537012.5.peg.3753.site.7, 10, 133, 143
537012.5.peg.3753.site.8, 2, 133, 135
537012.5.peg.3753.site.9, 0, 133, 133
537012.5.peg.3753.site.10, 3, 130, 133
537012.5.peg.3753.site.11, 1, 132, 133
537012.5.peg.3753.site.12, 2, 134, 136
537012.5.peg.3753.site.13, 5, 134, 139
537012.5.peg.3753.site.14, 33, 134, 167
537012.5.peg.3753.site.15, 23, 134, 157
537012.5.peg.3753.site.16, 7, 134, 141
537012.5.peg.3753.site.17, 33, 132, 165
537012.5.peg.3753.site.18, 34, 133, 167
537012.5.peg.3753.site.19, 1, 133, 134
537012.5.peg.3753.site.20, 111, 133, 244
537012.5.peg.3753.site.21, 41, 133, 174
537012.5.peg.3753.site.22, 8, 133, 141
537012.5.peg.3753.site.23, 2, 134, 136
537012.5.peg.3753.site.24, 10, 134, 144
537012.5.peg.3753.site.25, 1, 134, 135
537012.5.peg.3753.site.26, 6, 134, 140
537012.5.peg.3753.site.27, 1, 134, 135
537012.5.peg.3753.site.28, 2, 134, 136
537012.5.peg.3753.site.29, 4, 132, 136
537012.5.peg.3753.site.30, 1, 134, 135
537012.5.peg.3753.site.31, 1, 134, 135
537012.5.peg.3753.site.32, 1, 134, 135
537012.5.peg.3753.site.33, 6, 134, 140
537012.5.peg.3753.site.34, 69, 133, 202
537012.5.peg.3753.site.35, 1, 134, 135
537012.5.peg.3753.site.36, 0, 126, 126
537012.5.peg.3753.site.37, 7, 128, 135
537012.5.peg.3752.site.1, 1, 133, 134
537012.5.peg.3752.site.2, 31, 132, 163
537012.5.peg.3752.site.3, 3, 132, 135
537012.5.peg.3752.site.4, 15, 133, 148
537012.5.peg.3752.site.5, 85, 133, 218
537012.5.peg.3752.site.6, 1, 134, 135
537012.5.peg.3752.site.7, 26, 133, 159
537012.5.peg.3752.site.8, 57, 134, 191
537012.5.peg.3752.site.9, 0, 134, 134
537012.5.peg.3752.site.10, 27, 134, 161
537012.5.peg.3752.site.11, 2, 134, 136
537012.5.peg.3752.site.12, 2, 134, 136
537012.5.peg.3752.site.13, 2, 134, 136
537012.5.peg.3752.site.14, 2, 134, 136
537012.5.peg.3752.site.15, 59, 130, 189
537012.5.peg.3752.site.16, 17, 132, 149
537012.5.peg.3752.site.17, 1, 133, 134
537012.5.peg.3752.site.18, 4, 132, 136
537012.5.peg.3752.site.19, 87, 130, 217
537012.5.peg.3752.site.20, 7, 134, 141
537012.5.peg.3752.site.21, 2, 133, 135
537012.5.peg.3752.site.22, 8, 133, 141
537012.5.peg.3752.site.23, 24, 131, 155
537012.5.peg.3752.site.24, 1, 133, 134
537012.5.peg.3752.site.25, 21, 132, 153
537012.5.peg.3752.site.26, 3, 132, 135
537012.5.peg.3752.site.27, 2, 132, 134
537012.5.peg.3752.site.28, 1, 132, 133
537012.5.peg.3752.site.29, 1, 132, 133
537012.5.peg.3752.site.30, 7, 131, 138
537012.5.peg.3752.site.31, 3, 131, 134
537012.5.peg.3752.site.32, 2, 134, 136
537012.5.peg.3752.site.33, 8, 131, 139
537012.5.peg.3752.site.34, 1, 132, 133
537012.5.peg.3752.site.35, 1, 134, 135
537012.5.peg.3752.site.36, 28, 133, 161
537012.5.peg.3752.site.37, 3, 132, 135
537012.5.peg.3752.site.38, 2, 133, 135
537012.5.peg.3752.site.39, 9, 134, 143
537012.5.peg.3752.site.40, 5, 134, 139
537012.5.peg.3752.site.41, 2, 134, 136
537012.5.peg.3752.site.42, 2, 132, 134
537012.5.peg.3752.site.43, 3, 134, 137
537012.5.peg.3752.site.44, 59, 133, 192
537012.5.peg.3752.site.45, 1, 134, 135
537012.5.peg.3752.site.46, 10, 134, 144
537012.5.peg.3752.site.47, 1, 133, 134
537012.5.peg.3752.site.48, 3, 131, 134
537012.5.peg.3752.site.49, 1, 131, 132
537012.5.peg.3752.site.50, 116, 131, 247
537012.5.peg.3752.site.51, 103, 131, 234
537012.5.peg.3752.site.52, 2, 130, 132
537012.5.peg.3752.site.53, 0, 133, 133
537012.5.peg.3752.site.54, 91, 134, 225
537012.5.peg.3752.site.55, 4, 134, 138
537012.5.peg.3752.site.56, 1, 133, 134
537012.5.peg.3752.site.57, 4, 133, 137
537012.5.peg.3752.site.58, 17, 133, 150
537012.5.peg.3752.site.59, 1, 134, 135
537012.5.peg.3752.site.60, 1, 128, 129
537012.5.peg.4406.site.1, 22, 80, 102
537012.5.peg.4406.site.2, 4, 79, 83
537012.5.peg.4155.site.1, 0, 125, 125
537012.5.peg.4155.site.2, 3, 127, 130
537012.5.peg.4155.site.3, 4, 107, 111
537012.5.peg.4155.site.4, 9, 94, 103
537012.5.peg.4155.site.5, 2, 90, 92
537012.5.peg.4155.site.6, 0, 83, 83
537012.5.peg.4155.site.7, 2, 80, 82
537012.5.peg.4155.site.8, 3, 79, 82
537012.5.peg.4155.site.9, 14, 83, 97
537012.5.peg.4155.site.10, 14, 81, 95
537012.5.peg.4155.site.11, 3, 78, 81
537012.5.peg.4155.site.12, 1, 79, 80
537012.5.peg.4155.site.13, 11, 79, 90
537012.5.peg.4155.site.14, 1, 76, 77
537012.5.peg.4155.site.15, 45, 77, 122
537012.5.peg.4155.site.16, 67, 76, 143
537012.5.peg.4155.site.17, 2, 75, 77
537012.5.peg.4155.site.18, 16, 75, 91
537012.5.peg.4155.site.19, 2, 75, 77
537012.5.peg.4155.site.20, 2, 87, 89
537012.5.peg.4155.site.21, 1, 89, 90
537012.5.peg.4155.site.22, 3, 82, 85
537012.5.peg.4155.site.23, 12, 85, 97
537012.5.peg.4155.site.24, 0, 85, 85
537012.5.peg.4155.site.25, 2, 84, 86
537012.5.peg.4155.site.26, 19, 84, 103
537012.5.peg.4155.site.27, 3, 88, 91
537012.5.peg.4155.site.28, 5, 93, 98
537012.5.peg.4155.site.29, 1, 94, 95
537012.5.peg.4155.site.30, 21, 92, 113
537012.5.peg.4155.site.31, 3, 93, 96
537012.5.peg.4155.site.32, 10, 93, 103
537012.5.peg.4155.site.33, 1, 94, 95
537012.5.peg.4155.site.34, 1, 92, 93
537012.5.peg.4155.site.35, 3, 88, 91
537012.5.peg.4155.site.36, 18, 86, 104
537012.5.peg.4155.site.37, 2, 85, 87
537012.5.peg.4155.site.38, 1, 85, 86
537012.5.peg.4155.site.39, 16, 74, 90
537012.5.peg.4155.site.40, 1, 75, 76
537012.5.peg.4155.site.41, 2, 82, 84
537012.5.peg.4155.site.42, 6, 85, 91
537012.5.peg.4155.site.43, 1, 88, 89
537012.5.peg.4155.site.44, 3, 90, 93
537012.5.peg.4155.site.45, 5, 92, 97
537012.5.peg.4155.site.46, 2, 92, 94
537012.5.peg.4155.site.47, 14, 93, 107
537012.5.peg.4155.site.48, 3, 93, 96
537012.5.peg.4155.site.49, 16, 91, 107
537012.5.peg.4155.site.50, 4, 92, 96
537012.5.peg.4155.site.51, 2, 92, 94
537012.5.peg.4155.site.52, 7, 88, 95
537012.5.peg.4155.site.53, 41, 82, 123
537012.5.peg.4152.site.1, 4, 128, 132
537012.5.peg.4152.site.2, 6, 134, 140
537012.5.peg.4152.site.3, 8, 134, 142
537012.5.peg.4152.site.4, 2, 134, 136
537012.5.peg.4152.site.5, 8, 134, 142
537012.5.peg.4152.site.6, 8, 134, 142
537012.5.peg.4152.site.7, 36, 134, 170
537012.5.peg.4152.site.8, 9, 134, 143
537012.5.peg.4152.site.9, 8, 134, 142
537012.5.peg.4152.site.10, 3, 129, 132
537012.5.peg.4152.site.11, 3, 128, 131
537012.5.peg.4152.site.12, 2, 129, 131
537012.5.peg.4152.site.13, 2, 129, 131
537012.5.peg.4152.site.14, 1, 130, 131
537012.5.peg.4152.site.15, 8, 131, 139
537012.5.peg.4152.site.16, 12, 132, 144
537012.5.peg.4152.site.17, 22, 130, 152
537012.5.peg.4152.site.18, 0, 130, 130
537012.5.peg.4153.site.1, 0, 131, 131
537012.5.peg.4153.site.2, 0, 130, 130
537012.5.peg.4153.site.3, 0, 131, 131
537012.5.peg.4153.site.4, 11, 129, 140
537012.5.peg.4153.site.5, 0, 131, 131
537012.5.peg.4153.site.6, 7, 132, 139
537012.5.peg.4153.site.7, 8, 134, 142
537012.5.peg.4153.site.8, 62, 131, 193
537012.5.peg.4153.site.9, 1, 134, 135
537012.5.peg.4153.site.10, 2, 134, 136
537012.5.peg.4153.site.11, 1, 134, 135
537012.5.peg.4153.site.12, 2, 134, 136
537012.5.peg.4153.site.13, 7, 134, 141
537012.5.peg.4153.site.14, 1, 134, 135
537012.5.peg.4153.site.15, 2, 134, 136
537012.5.peg.4153.site.16, 0, 128, 128
537012.5.peg.4153.site.17, 1, 130, 131
537012.5.peg.4153.site.18, 43, 130, 173
537012.5.peg.4153.site.19, 4, 132, 136
537012.5.peg.4153.site.20, 1, 134, 135
537012.5.peg.4153.site.21, 2, 134, 136
537012.5.peg.4153.site.22, 1, 134, 135
537012.5.peg.4153.site.23, 17, 134, 151
537012.5.peg.4153.site.24, 10, 134, 144
537012.5.peg.4153.site.25, 3, 134, 137
537012.5.peg.4153.site.26, 1, 134, 135
537012.5.peg.4153.site.27, 71, 133, 204
537012.5.peg.4153.site.28, 10, 134, 144
537012.5.peg.4153.site.29, 7, 133, 140
537012.5.peg.4153.site.30, 7, 134, 141
537012.5.peg.4153.site.31, 4, 132, 136
537012.5.peg.4153.site.32, 0, 134, 134
537012.5.peg.4153.site.33, 1, 134, 135
537012.5.peg.4153.site.34, 34, 133, 167
537012.5.peg.4153.site.35, 2, 134, 136
537012.5.peg.4153.site.36, 8, 132, 140
537012.5.peg.4153.site.37, 3, 131, 134
537012.5.peg.4153.site.38, 3, 134, 137
537012.5.peg.4153.site.39, 8, 134, 142
537012.5.peg.4153.site.40, 9, 134, 143
537012.5.peg.4153.site.41, 1, 134, 135
537012.5.peg.4153.site.42, 5, 134, 139
537012.5.peg.4153.site.43, 14, 133, 147
537012.5.peg.4153.site.44, 9, 132, 141
537012.5.peg.4153.site.45, 38, 130, 168
537012.5.peg.4153.site.46, 3, 131, 134
537012.5.peg.4153.site.47, 3, 131, 134
537012.5.peg.4153.site.48, 10, 129, 139
537012.5.peg.4153.site.49, 10, 128, 138
537012.5.peg.4153.site.50, 2, 129, 131
537012.5.peg.4153.site.51, 3, 129, 132
537012.5.peg.4153.site.52, 0, 133, 133
537012.5.peg.4153.site.53, 18, 133, 151
537012.5.peg.4153.site.54, 4, 131, 135
537012.5.peg.4153.site.55, 5, 133, 138
537012.5.peg.4153.site.56, 1, 133, 134
537012.5.peg.4153.site.57, 1, 133, 134
537012.5.peg.4153.site.58, 14, 132, 146
537012.5.peg.4153.site.59, 2, 129, 131
537012.5.peg.4153.site.60, 2, 131, 133
537012.5.peg.4153.site.61, 18, 132, 150
537012.5.peg.4153.site.62, 1, 134, 135
537012.5.peg.4153.site.63, 4, 132, 136
537012.5.peg.4153.site.64, 5, 133, 138
537012.5.peg.4153.site.65, 5, 130, 135
537012.5.peg.4153.site.66, 10, 131, 141
537012.5.peg.1917.site.1, 2, 123, 125
537012.5.peg.1917.site.2, 2, 123, 125
537012.5.peg.1917.site.3, 0, 121, 121
537012.5.peg.1917.site.4, 0, 122, 122
537012.5.peg.1917.site.5, 0, 121, 121
537012.5.peg.1917.site.6, 0, 120, 120
537012.5.peg.1917.site.7, 0, 122, 122
537012.5.peg.1917.site.8, 7, 122, 129
537012.5.peg.1917.site.9, 56, 122, 178
537012.5.peg.1917.site.10, 0, 122, 122
537012.5.peg.1917.site.11, 21, 121, 142
537012.5.peg.1917.site.12, 13, 122, 135
537012.5.peg.1917.site.13, 112, 122, 234
537012.5.peg.1917.site.14, 17, 122, 139
537012.5.peg.1917.site.15, 80, 121, 201
537012.5.peg.1917.site.16, 13, 122, 135
537012.5.peg.1917.site.17, 18, 122, 140
537012.5.peg.1917.site.18, 1, 122, 123
537012.5.peg.1917.site.19, 3, 121, 124
537012.5.peg.1917.site.20, 0, 120, 120
537012.5.peg.1917.site.21, 29, 124, 153
537012.5.peg.1917.site.22, 65, 124, 189
537012.5.peg.1917.site.23, 30, 126, 156
537012.5.peg.1917.site.24, 13, 123, 136
537012.5.peg.1917.site.25, 2, 127, 129
537012.5.peg.3141.site.1, 2, 134, 136
537012.5.peg.3141.site.2, 3, 134, 137
537012.5.peg.3141.site.3, 2, 134, 136
537012.5.peg.3141.site.4, 10, 134, 144
537012.5.peg.3141.site.5, 15, 134, 149
537012.5.peg.3141.site.6, 3, 134, 137
537012.5.peg.3141.site.7, 2, 134, 136
537012.5.peg.3141.site.8, 11, 134, 145
537012.5.peg.3141.site.9, 53, 132, 185
537012.5.peg.3141.site.10, 1, 134, 135
537012.5.peg.3141.site.11, 1, 134, 135
537012.5.peg.3141.site.12, 36, 131, 167
537012.5.peg.3141.site.13, 8, 134, 142
537012.5.peg.3141.site.14, 2, 133, 135
537012.5.peg.3141.site.15, 2, 133, 135
537012.5.peg.3141.site.16, 27, 132, 159
537012.5.peg.1919.site.1, 11, 131, 142
537012.5.peg.1919.site.2, 1, 133, 134
537012.5.peg.1919.site.3, 1, 133, 134
537012.5.peg.1919.site.4, 0, 132, 132
537012.5.peg.1919.site.5, 0, 133, 133
537012.5.peg.1919.site.6, 56, 133, 189
537012.5.peg.1919.site.7, 1, 131, 132
537012.5.peg.1919.site.8, 4, 133, 137
537012.5.peg.1919.site.9, 7, 133, 140
537012.5.peg.1919.site.10, 4, 131, 135
537012.5.peg.1919.site.11, 35, 131, 166
537012.5.peg.1919.site.12, 6, 132, 138
537012.5.peg.1919.site.13, 7, 133, 140
537012.5.peg.1919.site.14, 1, 127, 128
537012.5.peg.1919.site.15, 0, 126, 126
537012.5.peg.1919.site.16, 3, 129, 132
537012.5.peg.1919.site.17, 8, 131, 139
537012.5.peg.1919.site.18, 6, 133, 139
537012.5.peg.1919.site.19, 1, 133, 134
537012.5.peg.1919.site.20, 4, 131, 135
537012.5.peg.1919.site.21, 4, 131, 135
537012.5.peg.1919.site.22, 12, 132, 144
537012.5.peg.1919.site.23, 5, 132, 137
537012.5.peg.1918.site.1, 2, 129, 131
537012.5.peg.1918.site.2, 2, 129, 131
537012.5.peg.1918.site.3, 5, 128, 133
537012.5.peg.1918.site.4, 1, 129, 130
537012.5.peg.1918.site.5, 3, 128, 131
537012.5.peg.1918.site.6, 2, 128, 130
537012.5.peg.1918.site.7, 1, 130, 131
537012.5.peg.1918.site.8, 4, 130, 134
537012.5.peg.1918.site.9, 4, 130, 134
537012.5.peg.1918.site.10, 1, 132, 133
537012.5.peg.1918.site.11, 4, 131, 135
537012.5.peg.1918.site.12, 7, 133, 140
537012.5.peg.1918.site.13, 31, 129, 160
537012.5.peg.1918.site.14, 6, 133, 139
537012.5.peg.1918.site.15, 4, 125, 129
537012.5.peg.1918.site.16, 4, 132, 136
537012.5.peg.1918.site.17, 4, 132, 136
537012.5.peg.4408.site.1, 11, 117, 128
537012.5.peg.4408.site.2, 11, 125, 136
537012.5.peg.4408.site.3, 5, 129, 134
537012.5.peg.4408.site.4, 8, 130, 138
537012.5.peg.4408.site.5, 7, 130, 137
537012.5.peg.4408.site.6, 42, 131, 173
537012.5.peg.4408.site.7, 5, 131, 136
537012.5.peg.4408.site.8, 5, 131, 136
537012.5.peg.4408.site.9, 0, 131, 131
537012.5.peg.4408.site.10, 29, 131, 160
537012.5.peg.4408.site.11, 1, 133, 134
537012.5.peg.4408.site.12, 0, 131, 131
537012.5.peg.4408.site.13, 12, 131, 143
537012.5.peg.4408.site.14, 81, 133, 214
537012.5.peg.4408.site.15, 11, 133, 144
537012.5.peg.4408.site.16, 5, 133, 138
537012.5.peg.4408.site.17, 26, 131, 157
537012.5.peg.4408.site.18, 0, 133, 133
537012.5.peg.4408.site.19, 14, 132, 146
537012.5.peg.4408.site.20, 3, 132, 135
537012.5.peg.4408.site.21, 127, 132, 259
537012.5.peg.4408.site.22, 2, 132, 134
537012.5.peg.4408.site.23, 11, 133, 144
537012.5.peg.4408.site.24, 12, 133, 145
537012.5.peg.4408.site.25, 65, 132, 197
537012.5.peg.4408.site.26, 5, 133, 138
537012.5.peg.4408.site.27, 17, 133, 150
537012.5.peg.4408.site.28, 8, 133, 141
537012.5.peg.4408.site.29, 29, 133, 162
537012.5.peg.4408.site.30, 9, 131, 140
537012.5.peg.4408.site.31, 19, 132, 151
537012.5.peg.4408.site.32, 3, 132, 135
537012.5.peg.4408.site.33, 9, 131, 140
537012.5.peg.4408.site.34, 54, 132, 186
537012.5.peg.4408.site.35, 52, 133, 185
537012.5.peg.4408.site.36, 1, 133, 134
537012.5.peg.4408.site.37, 1, 133, 134
537012.5.peg.4408.site.38, 3, 133, 136
537012.5.peg.4408.site.39, 2, 133, 135
537012.5.peg.4408.site.40, 7, 132, 139
537012.5.peg.4408.site.41, 4, 133, 137
537012.5.peg.4408.site.42, 10, 132, 142
537012.5.peg.4408.site.43, 38, 132, 170
537012.5.peg.4408.site.44, 115, 130, 245
537012.5.peg.4408.site.45, 33, 131, 164
537012.5.peg.4408.site.46, 31, 122, 153
537012.5.peg.4408.site.47, 9, 112, 121
537012.5.peg.4408.site.48, 40, 112, 152
537012.5.peg.4408.site.49, 6, 127, 133
537012.5.peg.4408.site.50, 21, 126, 147
537012.5.peg.4408.site.51, 8, 132, 140
537012.5.peg.4408.site.52, 7, 132, 139
537012.5.peg.4408.site.53, 1, 133, 134
537012.5.peg.4408.site.54, 5, 132, 137
537012.5.peg.4408.site.55, 2, 133, 135
537012.5.peg.4408.site.56, 5, 133, 138
537012.5.peg.4408.site.57, 6, 132, 138
537012.5.peg.4408.site.58, 9, 130, 139
537012.5.peg.4408.site.59, 26, 130, 156
537012.5.peg.4408.site.60, 128, 129, 257
537012.5.peg.4408.site.61, 93, 129, 222
537012.5.peg.4408.site.62, 15, 130, 145
537012.5.peg.4408.site.63, 1, 131, 132
537012.5.peg.4408.site.64, 5, 131, 136
537012.5.peg.4408.site.65, 2, 133, 135
537012.5.peg.4408.site.66, 6, 133, 139
537012.5.peg.4408.site.67, 21, 132, 153
537012.5.peg.4408.site.68, 39, 131, 170
537012.5.peg.4408.site.69, 20, 133, 153
537012.5.peg.4408.site.70, 100, 132, 232
537012.5.peg.4408.site.71, 11, 133, 144
537012.5.peg.4408.site.72, 11, 132, 143
537012.5.peg.4408.site.73, 110, 131, 241
537012.5.peg.4408.site.74, 3, 132, 135
537012.5.peg.4408.site.75, 34, 133, 167
537012.5.peg.4408.site.76, 18, 132, 150
537012.5.peg.4408.site.77, 1, 133, 134
537012.5.peg.4408.site.78, 51, 131, 182
537012.5.peg.4408.site.79, 14, 128, 142
537012.5.peg.4408.site.80, 26, 125, 151
537012.5.peg.4408.site.81, 1, 113, 114
537012.5.peg.4647.site.1, 1, 106, 107
537012.5.peg.4647.site.2, 1, 112, 113
537012.5.peg.4647.site.3, 4, 114, 118
537012.5.peg.4647.site.4, 29, 112, 141
537012.5.peg.4647.site.5, 1, 120, 121
537012.5.peg.4647.site.6, 14, 123, 137
537012.5.peg.4647.site.7, 2, 125, 127
537012.5.peg.4647.site.8, 5, 123, 128
537012.5.peg.4647.site.9, 1, 129, 130
537012.5.peg.4647.site.10, 4, 128, 132
537012.5.peg.4647.site.11, 0, 123, 123
537012.5.peg.4647.site.12, 5, 123, 128
537012.5.peg.4647.site.13, 5, 123, 128
537012.5.peg.4647.site.14, 0, 123, 123
537012.5.peg.4647.site.15, 3, 122, 125
537012.5.peg.4647.site.16, 93, 118, 211
537012.5.peg.4647.site.17, 15, 119, 134
537012.5.peg.4647.site.18, 15, 116, 131
537012.5.peg.4647.site.19, 1, 116, 117
537012.5.peg.4647.site.20, 17, 117, 134
537012.5.peg.4647.site.21, 15, 117, 132
537012.5.peg.4647.site.22, 1, 118, 119
537012.5.peg.4647.site.23, 5, 121, 126
537012.5.peg.4647.site.24, 24, 124, 148
537012.5.peg.4647.site.25, 2, 125, 127
537012.5.peg.4647.site.26, 1, 124, 125
537012.5.peg.4647.site.27, 0, 124, 124
537012.5.peg.4647.site.28, 7, 126, 133
537012.5.peg.4647.site.29, 11, 125, 136
537012.5.peg.4647.site.30, 2, 125, 127
537012.5.peg.4647.site.31, 8, 127, 135
537012.5.peg.4647.site.32, 2, 126, 128
537012.5.peg.4647.site.33, 4, 128, 132
537012.5.peg.4647.site.34, 4, 128, 132
537012.5.peg.4647.site.35, 15, 123, 138
537012.5.peg.4647.site.36, 2, 125, 127
537012.5.peg.4647.site.37, 3, 121, 124
537012.5.peg.4647.site.38, 1, 121, 122
537012.5.peg.4647.site.39, 2, 121, 123
537012.5.peg.4647.site.40, 16, 118, 134
537012.5.peg.4647.site.41, 3, 120, 123
537012.5.peg.4647.site.42, 0, 119, 119
537012.5.peg.4647.site.43, 2, 122, 124
537012.5.peg.4647.site.44, 6, 120, 126
537012.5.peg.4647.site.45, 6, 121, 127
537012.5.peg.4647.site.46, 6, 121, 127
537012.5.peg.4647.site.47, 1, 117, 118
537012.5.peg.4647.site.48, 8, 117, 125
537012.5.peg.4647.site.49, 6, 119, 125
537012.5.peg.4647.site.50, 4, 120, 124
537012.5.peg.4647.site.51, 9, 117, 126
537012.5.peg.4647.site.52, 13, 114, 127
537012.5.peg.4647.site.53, 1, 113, 114
537012.5.peg.4647.site.54, 1, 111, 112
537012.5.peg.4647.site.55, 5, 109, 114
537012.5.peg.4647.site.56, 8, 113, 121
537012.5.peg.4647.site.57, 7, 113, 120
537012.5.peg.4647.site.58, 8, 118, 126
537012.5.peg.4647.site.59, 29, 116, 145
537012.5.peg.4647.site.60, 6, 117, 123
537012.5.peg.4647.site.61, 6, 112, 118
537012.5.peg.4647.site.62, 0, 103, 103
537012.5.peg.4647.site.63, 0, 102, 102
537012.5.peg.4647.site.64, 3, 96, 99
537012.5.peg.4647.site.65, 42, 94, 136
537012.5.peg.4647.site.66, 42, 96, 138
537012.5.peg.4647.site.67, 1, 92, 93
537012.5.peg.4647.site.68, 1, 91, 92
537012.5.peg.4647.site.69, 38, 90, 128
537012.5.peg.4647.site.70, 1, 90, 91
537012.5.peg.4647.site.71, 9, 87, 96
537012.5.peg.4647.site.72, 14, 88, 102
537012.5.peg.4644.site.1, 11, 80, 91
537012.5.peg.4644.site.2, 2, 77, 79
537012.5.peg.4644.site.3, 6, 79, 85
537012.5.peg.4644.site.4, 69, 75, 144
537012.5.peg.4644.site.5, 2, 73, 75
537012.5.peg.4644.site.6, 7, 74, 81
537012.5.peg.4644.site.7, 68, 74, 142
537012.5.peg.4644.site.8, 2, 80, 82
537012.5.peg.4644.site.9, 1, 83, 84
537012.5.peg.4644.site.10, 8, 83, 91
537012.5.peg.4644.site.11, 77, 83, 160
537012.5.peg.4644.site.12, 7, 78, 85
537012.5.peg.4644.site.13, 6, 78, 84
537012.5.peg.4644.site.14, 1, 76, 77
537012.5.peg.4644.site.15, 35, 76, 111
537012.5.peg.4644.site.16, 53, 77, 130
537012.5.peg.4644.site.17, 2, 77, 79
537012.5.peg.4644.site.18, 12, 77, 89
537012.5.peg.4644.site.19, 6, 78, 84
537012.5.peg.4644.site.20, 50, 76, 126
537012.5.peg.4644.site.21, 52, 76, 128
537012.5.peg.4644.site.22, 6, 79, 85
537012.5.peg.4644.site.23, 8, 79, 87
537012.5.peg.4644.site.24, 2, 84, 86
537012.5.peg.4644.site.25, 1, 87, 88
537012.5.peg.4644.site.26, 8, 92, 100
537012.5.peg.4644.site.27, 26, 101, 127
537012.5.peg.4644.site.28, 5, 99, 104
537012.5.peg.4644.site.29, 27, 103, 130
537012.5.peg.4644.site.30, 29, 98, 127
537012.5.peg.4644.site.31, 23, 108, 131
537012.5.peg.4644.site.32, 15, 103, 118
537012.5.peg.4644.site.33, 21, 102, 123
537012.5.peg.4644.site.34, 6, 104, 110
537012.5.peg.4644.site.35, 3, 104, 107
537012.5.peg.4644.site.36, 5, 106, 111
537012.5.peg.4644.site.37, 28, 106, 134
537012.5.peg.4644.site.38, 2, 107, 109
537012.5.peg.4644.site.39, 10, 106, 116
537012.5.peg.4644.site.40, 9, 105, 114
537012.5.peg.4644.site.41, 2, 109, 111
537012.5.peg.4644.site.42, 6, 111, 117
537012.5.peg.4644.site.43, 10, 114, 124
537012.5.peg.4644.site.44, 16, 113, 129
537012.5.peg.4644.site.45, 19, 112, 131
537012.5.peg.4644.site.46, 3, 109, 112
537012.5.peg.4644.site.47, 6, 114, 120
537012.5.peg.4644.site.48, 1, 112, 113
537012.5.peg.4644.site.49, 0, 114, 114
537012.5.peg.4644.site.50, 2, 116, 118
537012.5.peg.4644.site.51, 1, 105, 106
537012.5.peg.4644.site.52, 5, 103, 108
537012.5.peg.4644.site.53, 4, 99, 103
537012.5.peg.4644.site.54, 37, 94, 131
537012.5.peg.4644.site.55, 21, 93, 114
537012.5.peg.4644.site.56, 4, 94, 98
537012.5.peg.4644.site.57, 12, 91, 103
537012.5.peg.4644.site.58, 18, 93, 111
537012.5.peg.4644.site.59, 18, 93, 111
537012.5.peg.4644.site.60, 35, 91, 126
537012.5.peg.4644.site.61, 0, 90, 90
537012.5.peg.4644.site.62, 25, 88, 113
537012.5.peg.4644.site.63, 16, 75, 91
537012.5.peg.4644.site.64, 9, 75, 84
537012.5.peg.4644.site.65, 18, 79, 97
537012.5.peg.4644.site.66, 1, 81, 82
537012.5.peg.4644.site.67, 35, 79, 114
537012.5.peg.4644.site.68, 5, 83, 88
537012.5.peg.4644.site.69, 3, 79, 82
537012.5.peg.4644.site.70, 7, 75, 82
537012.5.peg.4644.site.71, 3, 75, 78
537012.5.peg.4644.site.72, 8, 73, 81
537012.5.peg.4644.site.73, 28, 76, 104
537012.5.peg.4644.site.74, 7, 81, 88
537012.5.peg.4644.site.75, 0, 82, 82
537012.5.peg.4644.site.76, 8, 89, 97
537012.5.peg.4644.site.77, 2, 85, 87
537012.5.peg.4644.site.78, 1, 91, 92
537012.5.peg.4644.site.79, 1, 90, 91
537012.5.peg.4644.site.80, 2, 87, 89
537012.5.peg.4644.site.81, 7, 89, 96
537012.5.peg.4644.site.82, 6, 87, 93
537012.5.peg.4644.site.83, 2, 84, 86
537012.5.peg.4644.site.84, 72, 77, 149
537012.5.peg.4644.site.85, 52, 75, 127
537012.5.peg.4644.site.86, 1, 77, 78
537012.5.peg.4644.site.87, 69, 74, 143
537012.5.peg.4644.site.88, 53, 73, 126
537012.5.peg.4644.site.89, 3, 102, 105
537012.5.peg.4644.site.90, 9, 112, 121
537012.5.peg.4644.site.91, 4, 111, 115
537012.5.peg.4644.site.92, 26, 118, 144
537012.5.peg.4644.site.93, 5, 122, 127
537012.5.peg.4644.site.94, 4, 121, 125
537012.5.peg.4644.site.95, 11, 123, 134
537012.5.peg.4644.site.96, 3, 123, 126
537012.5.peg.4644.site.97, 8, 123, 131
537012.5.peg.4644.site.98, 1, 123, 124
537012.5.peg.4644.site.99, 2, 123, 125
537012.5.peg.4644.site.100, 2, 123, 125
537012.5.peg.4644.site.101, 3, 121, 124
537012.5.peg.4644.site.102, 89, 122, 211
537012.5.peg.4644.site.103, 52, 122, 174
537012.5.peg.4644.site.104, 35, 126, 161
537012.5.peg.4644.site.105, 2, 123, 125
537012.5.peg.4644.site.106, 3, 112, 115
537012.5.peg.4644.site.107, 5, 113, 118
537012.5.peg.4644.site.108, 1, 116, 117
537012.5.peg.4644.site.109, 20, 117, 137
537012.5.peg.4644.site.110, 5, 123, 128
537012.5.peg.4644.site.111, 8, 123, 131
537012.5.peg.4644.site.112, 5, 121, 126
537012.5.peg.4644.site.113, 3, 122, 125
537012.5.peg.4644.site.114, 1, 122, 123
537012.5.peg.4644.site.115, 22, 121, 143
537012.5.peg.4644.site.116, 3, 121, 124
537012.5.peg.4644.site.117, 5, 121, 126
537012.5.peg.4644.site.118, 102, 121, 223
537012.5.peg.4644.site.119, 1, 121, 122
537012.5.peg.4570.site.1, 3, 118, 121
537012.5.peg.4570.site.2, 3, 115, 118
537012.5.peg.4570.site.3, 6, 125, 131
537012.5.peg.4570.site.4, 7, 125, 132
537012.5.peg.4570.site.5, 0, 100, 100
537012.5.peg.4570.site.6, 2, 96, 98
537012.5.peg.4570.site.7, 88, 97, 185
537012.5.peg.4570.site.8, 75, 85, 160
537012.5.peg.4570.site.9, 2, 88, 90
537012.5.peg.4570.site.10, 3, 91, 94
537012.5.peg.4570.site.11, 75, 93, 168
537012.5.peg.4570.site.12, 3, 94, 97
537012.5.peg.4570.site.13, 21, 93, 114
537012.5.peg.4570.site.14, 73, 93, 166
537012.5.peg.4570.site.15, 5, 94, 99
537012.5.peg.4570.site.16, 8, 100, 108
537012.5.peg.4570.site.17, 13, 134, 147
537012.5.peg.4570.site.18, 7, 134, 141
537012.5.peg.4570.site.19, 7, 134, 141
537012.5.peg.4570.site.20, 2, 132, 134
537012.5.peg.4570.site.21, 10, 129, 139
537012.5.peg.4570.site.22, 44, 129, 173
537012.5.peg.4570.site.23, 3, 128, 131
537012.5.peg.4570.site.24, 2, 128, 130
537012.5.peg.4570.site.25, 1, 132, 133
537012.5.peg.4570.site.26, 2, 130, 132
537012.5.peg.4570.site.27, 3, 131, 134
537012.5.peg.4570.site.28, 1, 131, 132
537012.5.peg.4570.site.29, 21, 130, 151
537012.5.peg.4570.site.30, 62, 123, 185
537012.5.peg.4570.site.31, 54, 119, 173
537012.5.peg.4570.site.32, 9, 115, 124
537012.5.peg.4570.site.33, 37, 112, 149
537012.5.peg.4570.site.34, 5, 116, 121
537012.5.peg.4570.site.35, 16, 124, 140
537012.5.peg.4570.site.36, 17, 124, 141
537012.5.peg.4570.site.37, 36, 126, 162
537012.5.peg.4570.site.38, 36, 124, 160
537012.5.peg.4570.site.39, 38, 122, 160
537012.5.peg.4570.site.40, 17, 122, 139
537012.5.peg.4570.site.41, 0, 121, 121
537012.5.peg.4570.site.42, 8, 122, 130
537012.5.peg.4570.site.43, 43, 120, 163
537012.5.peg.4570.site.44, 1, 123, 124
537012.5.peg.4570.site.45, 8, 122, 130
537012.5.peg.4570.site.46, 26, 122, 148
537012.5.peg.4570.site.47, 1, 124, 125
537012.5.peg.4570.site.48, 1, 128, 129
537012.5.peg.4571.site.1, 38, 117, 155
537012.5.peg.4571.site.2, 7, 133, 140
537012.5.peg.4571.site.3, 1, 133, 134
537012.5.peg.4571.site.4, 5, 133, 138
537012.5.peg.4571.site.5, 5, 133, 138
537012.5.peg.4571.site.6, 126, 134, 260
537012.5.peg.4571.site.7, 3, 134, 137
537012.5.peg.4571.site.8, 7, 134, 141
537012.5.peg.4571.site.9, 1, 134, 135
537012.5.peg.4571.site.10, 4, 132, 136
537012.5.peg.4571.site.11, 4, 130, 134
537012.5.peg.4571.site.12, 4, 129, 133
537012.5.peg.4571.site.13, 2, 129, 131
537012.5.peg.4571.site.14, 0, 128, 128
537012.5.peg.4571.site.15, 8, 127, 135
537012.5.peg.4571.site.16, 4, 134, 138
537012.5.peg.4571.site.17, 5, 132, 137
537012.5.peg.4571.site.18, 4, 134, 138
537012.5.peg.4571.site.19, 1, 134, 135
537012.5.peg.4571.site.20, 1, 134, 135
537012.5.peg.4571.site.21, 103, 134, 237
537012.5.peg.4571.site.22, 6, 134, 140
537012.5.peg.4571.site.23, 57, 133, 190
537012.5.peg.4571.site.24, 1, 125, 126
537012.5.peg.4571.site.25, 1, 124, 125
537012.5.peg.4571.site.26, 3, 122, 125
537012.5.peg.4571.site.27, 1, 124, 125
537012.5.peg.4571.site.28, 3, 126, 129
537012.5.peg.4571.site.29, 5, 127, 132
537012.5.peg.4571.site.30, 3, 127, 130
537012.5.peg.4571.site.31, 6, 128, 134
537012.5.peg.4571.site.32, 8, 130, 138
537012.5.peg.4571.site.33, 6, 131, 137
537012.5.peg.4571.site.34, 50, 127, 177
537012.5.peg.4571.site.35, 3, 130, 133
537012.5.peg.4571.site.36, 8, 130, 138
537012.5.peg.4571.site.37, 5, 131, 136
537012.5.peg.4571.site.38, 2, 129, 131
537012.5.peg.4571.site.39, 3, 130, 133
537012.5.peg.4571.site.40, 4, 126, 130
537012.5.peg.4571.site.41, 1, 118, 119
537012.5.peg.4571.site.42, 119, 121, 240
537012.5.peg.4571.site.43, 21, 119, 140
537012.5.peg.4571.site.44, 73, 124, 197
537012.5.peg.4571.site.45, 2, 125, 127
537012.5.peg.4571.site.46, 2, 129, 131
537012.5.peg.4571.site.47, 2, 128, 130
537012.5.peg.4571.site.48, 84, 132, 216
537012.5.peg.4571.site.49, 4, 131, 135
537012.5.peg.4571.site.50, 5, 132, 137
537012.5.peg.4571.site.51, 2, 132, 134
537012.5.peg.4571.site.52, 2, 129, 131
537012.5.peg.4571.site.53, 34, 124, 158
537012.5.peg.4571.site.54, 11, 128, 139
537012.5.peg.4571.site.55, 5, 125, 130
537012.5.peg.4571.site.56, 1, 127, 128
537012.5.peg.4571.site.57, 5, 128, 133
537012.5.peg.4571.site.58, 8, 127, 135
537012.5.peg.4571.site.59, 7, 134, 141
537012.5.peg.4572.site.1, 7, 133, 140
537012.5.peg.4572.site.2, 7, 133, 140
537012.5.peg.4572.site.3, 11, 131, 142
537012.5.peg.4572.site.4, 1, 134, 135
537012.5.peg.4572.site.5, 29, 133, 162
537012.5.peg.4572.site.6, 37, 129, 166
537012.5.peg.4572.site.7, 11, 131, 142
537012.5.peg.4572.site.8, 5, 131, 136
537012.5.peg.4572.site.9, 8, 131, 139
537012.5.peg.4572.site.10, 5, 132, 137
537012.5.peg.4572.site.11, 0, 132, 132
537012.5.peg.4572.site.12, 1, 133, 134
537012.5.peg.4572.site.13, 2, 133, 135
537012.5.peg.4572.site.14, 1, 133, 134
537012.5.peg.4572.site.15, 4, 132, 136
537012.5.peg.4572.site.16, 63, 127, 190
537012.5.peg.4572.site.17, 13, 133, 146
537012.5.peg.4572.site.18, 5, 132, 137
537012.5.peg.4572.site.19, 7, 129, 136
537012.5.peg.4572.site.20, 24, 129, 153
537012.5.peg.4572.site.21, 11, 133, 144
537012.5.peg.4572.site.22, 10, 134, 144
537012.5.peg.4572.site.23, 22, 133, 155
537012.5.peg.4572.site.24, 7, 134, 141
537012.5.peg.4572.site.25, 1, 133, 134
537012.5.peg.4572.site.26, 6, 133, 139
537012.5.peg.4572.site.27, 5, 133, 138
537012.5.peg.4572.site.28, 5, 132, 137
537012.5.peg.4572.site.29, 1, 133, 134
537012.5.peg.4572.site.30, 2, 133, 135
537012.5.peg.4572.site.31, 6, 134, 140
537012.5.peg.4572.site.32, 2, 134, 136
537012.5.peg.4572.site.33, 2, 129, 131
537012.5.peg.4572.site.34, 7, 128, 135
537012.5.peg.4572.site.35, 9, 128, 137
537012.5.peg.4572.site.36, 1, 123, 124
537012.5.peg.4572.site.37, 1, 123, 124
537012.5.peg.4572.site.38, 7, 123, 130
537012.5.peg.4572.site.39, 2, 129, 131
537012.5.peg.4572.site.40, 18, 127, 145
537012.5.peg.4572.site.41, 7, 128, 135
537012.5.peg.4572.site.42, 25, 128, 153
537012.5.peg.4572.site.43, 7, 128, 135
537012.5.peg.4572.site.44, 1, 128, 129
537012.5.peg.4572.site.45, 8, 125, 133
537012.5.peg.4572.site.46, 8, 125, 133
537012.5.peg.4572.site.47, 3, 125, 128
537012.5.peg.4572.site.48, 78, 127, 205
537012.5.peg.4572.site.49, 1, 127, 128
537012.5.peg.4572.site.50, 2, 128, 130
537012.5.peg.4572.site.51, 9, 127, 136
537012.5.peg.4572.site.52, 13, 129, 142
537012.5.peg.4572.site.53, 3, 131, 134
537012.5.peg.4572.site.54, 5, 131, 136
537012.5.peg.4572.site.55, 4, 132, 136
537012.5.peg.4572.site.56, 1, 133, 134
537012.5.peg.4572.site.57, 2, 129, 131
537012.5.peg.4572.site.58, 7, 133, 140
537012.5.peg.4572.site.59, 12, 130, 142
537012.5.peg.4572.site.60, 0, 129, 129
537012.5.peg.4572.site.61, 0, 129, 129
537012.5.peg.4572.site.62, 7, 129, 136
537012.5.peg.4572.site.63, 7, 129, 136
537012.5.peg.4572.site.64, 10, 128, 138
537012.5.peg.4572.site.65, 10, 131, 141
537012.5.peg.4572.site.66, 42, 130, 172
537012.5.peg.4572.site.67, 8, 130, 138
537012.5.peg.4572.site.68, 8, 130, 138
537012.5.peg.4572.site.69, 1, 130, 131
537012.5.peg.4572.site.70, 66, 132, 198
537012.5.peg.4572.site.71, 2, 130, 132
537012.5.peg.4572.site.72, 56, 130, 186
537012.5.peg.4572.site.73, 1, 134, 135
537012.5.peg.4572.site.74, 3, 133, 136
537012.5.peg.4572.site.75, 2, 134, 136
537012.5.peg.4572.site.76, 3, 132, 135
537012.5.peg.4572.site.77, 3, 130, 133
537012.5.peg.4572.site.78, 3, 131, 134
537012.5.peg.4572.site.79, 4, 132, 136
537012.5.peg.4572.site.80, 32, 123, 155
537012.5.peg.4572.site.81, 107, 121, 228
537012.5.peg.4572.site.82, 2, 121, 123
537012.5.peg.4572.site.83, 110, 122, 232
537012.5.peg.4572.site.84, 0, 119, 119
537012.5.peg.4572.site.85, 32, 124, 156
537012.5.peg.4572.site.86, 32, 124, 156
537012.5.peg.4572.site.87, 42, 123, 165
537012.5.peg.4572.site.88, 8, 123, 131
537012.5.peg.4572.site.89, 44, 121, 165
537012.5.peg.4572.site.90, 120, 122, 242
537012.5.peg.4572.site.91, 27, 118, 145
537012.5.peg.4572.site.92, 8, 120, 128
537012.5.peg.4572.site.93, 34, 119, 153
537012.5.peg.4572.site.94, 44, 116, 160
537012.5.peg.4572.site.95, 11, 118, 129
537012.5.peg.4572.site.96, 49, 120, 169
537012.5.peg.4572.site.97, 5, 117, 122
537012.5.peg.4572.site.98, 4, 121, 125
537012.5.peg.4572.site.99, 35, 120, 155
537012.5.peg.4572.site.100, 5, 117, 122
537012.5.peg.4572.site.101, 0, 120, 120
537012.5.peg.4572.site.102, 3, 125, 128
537012.5.peg.4572.site.103, 8, 123, 131
537012.5.peg.4572.site.104, 11, 122, 133
537012.5.peg.4572.site.105, 0, 122, 122
537012.5.peg.4572.site.106, 3, 122, 125
537012.5.peg.4572.site.107, 3, 121, 124
537012.5.peg.4572.site.108, 3, 121, 124
537012.5.peg.4572.site.109, 3, 122, 125
537012.5.peg.4572.site.110, 3, 123, 126
537012.5.peg.4572.site.111, 42, 123, 165
537012.5.peg.4572.site.112, 60, 121, 181
537012.5.peg.4572.site.113, 0, 122, 122
537012.5.peg.4572.site.114, 2, 124, 126
537012.5.peg.4572.site.115, 62, 122, 184
537012.5.peg.4572.site.116, 2, 124, 126
537012.5.peg.4572.site.117, 1, 118, 119
537012.5.peg.4572.site.118, 1, 115, 116
537012.5.peg.4572.site.119, 0, 119, 119
537012.5.peg.4572.site.120, 0, 121, 121
537012.5.peg.4572.site.121, 1, 122, 123
537012.5.peg.4572.site.122, 1, 119, 120
537012.5.peg.4572.site.123, 2, 115, 117
537012.5.peg.4572.site.124, 3, 113, 116
537012.5.peg.4572.site.125, 0, 114, 114
537012.5.peg.4572.site.126, 4, 114, 118
537012.5.peg.4572.site.127, 1, 116, 117
537012.5.peg.4572.site.128, 1, 121, 122
537012.5.peg.4572.site.129, 8, 118, 126
537012.5.peg.4572.site.130, 11, 117, 128
537012.5.peg.4572.site.131, 2, 118, 120
537012.5.peg.4572.site.132, 7, 119, 126
537012.5.peg.4572.site.133, 2, 130, 132
537012.5.peg.4572.site.134, 0, 131, 131
537012.5.peg.4573.site.1, 2, 131, 133
537012.5.peg.4573.site.2, 0, 130, 130
537012.5.peg.4573.site.3, 0, 129, 129
537012.5.peg.4573.site.4, 3, 131, 134
537012.5.peg.4573.site.5, 3, 132, 135
537012.5.peg.4573.site.6, 3, 132, 135
537012.5.peg.4573.site.7, 46, 130, 176
537012.5.peg.4573.site.8, 7, 129, 136
537012.5.peg.4573.site.9, 7, 128, 135
537012.5.peg.4573.site.10, 3, 128, 131
537012.5.peg.4573.site.11, 2, 129, 131
537012.5.peg.4573.site.12, 0, 129, 129
537012.5.peg.4573.site.13, 54, 130, 184
537012.5.peg.4573.site.14, 3, 129, 132
537012.5.peg.4573.site.15, 0, 129, 129
537012.5.peg.4573.site.16, 4, 128, 132
537012.5.peg.4573.site.17, 2, 128, 130
537012.5.peg.4573.site.18, 4, 128, 132
537012.5.peg.4573.site.19, 4, 128, 132
537012.5.peg.4573.site.20, 26, 128, 154
537012.5.peg.4573.site.21, 4, 130, 134
537012.5.peg.4573.site.22, 64, 130, 194
537012.5.peg.4573.site.23, 4, 126, 130
537012.5.peg.4573.site.24, 14, 125, 139
537012.5.peg.4573.site.25, 1, 127, 128
537012.5.peg.4573.site.26, 2, 127, 129
537012.5.peg.4573.site.27, 3, 127, 130
537012.5.peg.4573.site.28, 2, 126, 128
537012.5.peg.4573.site.29, 17, 125, 142
537012.5.peg.4573.site.30, 3, 125, 128
537012.5.peg.4573.site.31, 65, 123, 188
537012.5.peg.4573.site.32, 6, 123, 129
537012.5.peg.4573.site.33, 3, 125, 128
537012.5.peg.4573.site.34, 2, 125, 127
537012.5.peg.4573.site.35, 110, 124, 234
537012.5.peg.4573.site.36, 2, 124, 126
537012.5.peg.4573.site.37, 83, 105, 188
537012.5.peg.4574.site.1, 3, 124, 127
537012.5.peg.4574.site.2, 3, 123, 126
537012.5.peg.4574.site.3, 0, 118, 118
537012.5.peg.4574.site.4, 3, 125, 128
537012.5.peg.4574.site.5, 4, 134, 138
537012.5.peg.4574.site.6, 4, 132, 136
537012.5.peg.4574.site.7, 91, 133, 224
537012.5.peg.4574.site.8, 1, 123, 124
537012.5.peg.4574.site.9, 3, 125, 128
537012.5.peg.4574.site.10, 2, 124, 126
537012.5.peg.4574.site.11, 7, 124, 131
537012.5.peg.4574.site.12, 1, 123, 124
537012.5.peg.4574.site.13, 4, 124, 128
537012.5.peg.4574.site.14, 1, 128, 129
537012.5.peg.4574.site.15, 1, 128, 129
537012.5.peg.4574.site.16, 2, 126, 128
537012.5.peg.4574.site.17, 57, 122, 179
537012.5.peg.4574.site.18, 1, 126, 127
537012.5.peg.4574.site.19, 1, 126, 127
537012.5.peg.4574.site.20, 2, 124, 126
537012.5.peg.4574.site.21, 1, 127, 128
537012.5.peg.4574.site.22, 13, 125, 138
537012.5.peg.4574.site.23, 2, 129, 131
537012.5.peg.4574.site.24, 1, 128, 129
537012.5.peg.4574.site.25, 3, 124, 127
537012.5.peg.4574.site.26, 26, 127, 153
537012.5.peg.4574.site.27, 1, 127, 128
537012.5.peg.4574.site.28, 1, 125, 126
537012.5.peg.4574.site.29, 2, 125, 127
537012.5.peg.4574.site.30, 1, 128, 129
537012.5.peg.4574.site.31, 21, 131, 152
537012.5.peg.4574.site.32, 1, 134, 135
537012.5.peg.4574.site.33, 0, 134, 134
537012.5.peg.4574.site.34, 6, 134, 140
537012.5.peg.4574.site.35, 5, 133, 138
537012.5.peg.4574.site.36, 4, 132, 136
537012.5.peg.4574.site.37, 10, 132, 142
537012.5.peg.4574.site.38, 2, 129, 131
537012.5.peg.4575.site.1, 119, 127, 246
537012.5.peg.4575.site.2, 9, 131, 140
537012.5.peg.4575.site.3, 2, 129, 131
537012.5.peg.4575.site.4, 1, 132, 133
537012.5.peg.4575.site.5, 1, 132, 133
537012.5.peg.4575.site.6, 1, 133, 134
537012.5.peg.4575.site.7, 6, 134, 140
537012.5.peg.4575.site.8, 7, 134, 141
537012.5.peg.4575.site.9, 2, 134, 136
537012.5.peg.4575.site.10, 3, 134, 137
537012.5.peg.4575.site.11, 1, 134, 135
537012.5.peg.4575.site.12, 3, 130, 133
537012.5.peg.4575.site.13, 4, 132, 136
537012.5.peg.4575.site.14, 12, 130, 142
537012.5.peg.4575.site.15, 3, 129, 132
537012.5.peg.4575.site.16, 4, 133, 137
537012.5.peg.4575.site.17, 1, 134, 135
537012.5.peg.4575.site.18, 11, 132, 143
537012.5.peg.4577.site.1, 2, 128, 130
537012.5.peg.4577.site.2, 1, 128, 129
537012.5.peg.4577.site.3, 6, 128, 134
537012.5.peg.4577.site.4, 8, 129, 137
537012.5.peg.4577.site.5, 2, 129, 131
537012.5.peg.4577.site.6, 4, 127, 131
537012.5.peg.4577.site.7, 8, 128, 136
537012.5.peg.4577.site.8, 4, 130, 134
537012.5.peg.4577.site.9, 4, 131, 135
537012.5.peg.4577.site.10, 2, 126, 128
537012.5.peg.4577.site.11, 2, 124, 126
537012.5.peg.4577.site.12, 1, 128, 129
537012.5.peg.4577.site.13, 3, 131, 134
537012.5.peg.4577.site.14, 4, 129, 133
537012.5.peg.4577.site.15, 6, 129, 135
537012.5.peg.4577.site.16, 107, 127, 234
537012.5.peg.4577.site.17, 3, 128, 131
537012.5.peg.4577.site.18, 3, 128, 131
537012.5.peg.4577.site.19, 59, 129, 188
537012.5.peg.4577.site.20, 6, 128, 134
537012.5.peg.4577.site.21, 1, 129, 130
537012.5.peg.4577.site.22, 2, 130, 132
537012.5.peg.4577.site.23, 0, 128, 128
537012.5.peg.4577.site.24, 1, 128, 129
537012.5.peg.4577.site.25, 7, 129, 136
537012.5.peg.4577.site.26, 0, 129, 129
537012.5.peg.4577.site.27, 0, 128, 128
537012.5.peg.4577.site.28, 3, 129, 132
537012.5.peg.4577.site.29, 3, 130, 133
537012.5.peg.4577.site.30, 1, 129, 130
537012.5.peg.4577.site.31, 1, 130, 131
537012.5.peg.4577.site.32, 8, 129, 137
537012.5.peg.4577.site.33, 6, 130, 136
537012.5.peg.4577.site.34, 9, 130, 139
537012.5.peg.4577.site.35, 1, 133, 134
537012.5.peg.4577.site.36, 11, 130, 141
537012.5.peg.4577.site.37, 1, 133, 134
537012.5.peg.1878.site.1, 17, 133, 150
537012.5.peg.1878.site.2, 105, 132, 237
537012.5.peg.1878.site.3, 11, 132, 143
537012.5.peg.1878.site.4, 24, 130, 154
537012.5.peg.1878.site.5, 5, 133, 138
537012.5.peg.1878.site.6, 90, 131, 221
537012.5.peg.1878.site.7, 5, 133, 138
537012.5.peg.1878.site.8, 83, 133, 216
537012.5.peg.1878.site.9, 5, 132, 137
537012.5.peg.1878.site.10, 18, 133, 151
537012.5.peg.1878.site.11, 4, 134, 138
537012.5.peg.1878.site.12, 4, 131, 135
537012.5.peg.1878.site.13, 11, 130, 141
537012.5.peg.1878.site.14, 9, 128, 137
537012.5.peg.1878.site.15, 7, 119, 126
537012.5.peg.1878.site.16, 7, 119, 126
537012.5.peg.1878.site.17, 6, 118, 124
537012.5.peg.1878.site.18, 16, 128, 144
537012.5.peg.1878.site.19, 26, 132, 158
537012.5.peg.1878.site.20, 1, 134, 135
537012.5.peg.1878.site.21, 6, 134, 140
537012.5.peg.1878.site.22, 4, 132, 136
537012.5.peg.1878.site.23, 1, 134, 135
537012.5.peg.1878.site.24, 1, 134, 135
537012.5.peg.1878.site.25, 38, 133, 171
537012.5.peg.1878.site.26, 3, 134, 137
537012.5.peg.1878.site.27, 10, 133, 143
537012.5.peg.1878.site.28, 6, 133, 139
537012.5.peg.1878.site.29, 6, 131, 137
537012.5.peg.1878.site.30, 4, 129, 133
537012.5.peg.1878.site.31, 6, 131, 137
537012.5.peg.1878.site.32, 4, 130, 134
537012.5.peg.1878.site.33, 6, 131, 137
537012.5.peg.1878.site.34, 4, 132, 136
537012.5.peg.1878.site.35, 1, 134, 135
537012.5.peg.1878.site.36, 7, 133, 140
537012.5.peg.1878.site.37, 21, 133, 154
537012.5.peg.1878.site.38, 24, 130, 154
537012.5.peg.1878.site.39, 15, 134, 149
537012.5.peg.1878.site.40, 7, 134, 141
537012.5.peg.1878.site.41, 26, 132, 158
537012.5.peg.1878.site.42, 26, 134, 160
537012.5.peg.1878.site.43, 47, 133, 180
537012.5.peg.1878.site.44, 5, 133, 138
537012.5.peg.1878.site.45, 1, 134, 135
537012.5.peg.1878.site.46, 1, 134, 135
537012.5.peg.1878.site.47, 27, 131, 158
537012.5.peg.1878.site.48, 34, 130, 164
537012.5.peg.1878.site.49, 6, 134, 140
537012.5.peg.1878.site.50, 6, 132, 138
537012.5.peg.1878.site.51, 5, 132, 137
537012.5.peg.1878.site.52, 5, 132, 137
537012.5.peg.1878.site.53, 10, 131, 141
537012.5.peg.1878.site.54, 22, 125, 147
537012.5.peg.1878.site.55, 1, 128, 129
537012.5.peg.1878.site.56, 4, 128, 132
537012.5.peg.1878.site.57, 39, 128, 167
537012.5.peg.1878.site.58, 21, 130, 151
537012.5.peg.1878.site.59, 116, 132, 248
537012.5.peg.1878.site.60, 10, 131, 141
537012.5.peg.1878.site.61, 1, 131, 132
537012.5.peg.1878.site.62, 6, 132, 138
537012.5.peg.1878.site.63, 5, 133, 138
537012.5.peg.1878.site.64, 128, 130, 258
537012.5.peg.1878.site.65, 8, 130, 138
537012.5.peg.1878.site.66, 15, 128, 143
537012.5.peg.1878.site.67, 18, 126, 144
537012.5.peg.1878.site.68, 13, 128, 141
537012.5.peg.1878.site.69, 1, 128, 129
537012.5.peg.1878.site.70, 4, 126, 130
537012.5.peg.1878.site.71, 1, 128, 129
537012.5.peg.1878.site.72, 2, 129, 131
537012.5.peg.1878.site.73, 2, 129, 131
537012.5.peg.1878.site.74, 2, 128, 130
537012.5.peg.1878.site.75, 2, 128, 130
537012.5.peg.1878.site.76, 30, 125, 155
537012.5.peg.1878.site.77, 2, 123, 125
537012.5.peg.1878.site.78, 7, 124, 131
537012.5.peg.1878.site.79, 44, 124, 168
537012.5.peg.1878.site.80, 1, 123, 124
537012.5.peg.1878.site.81, 28, 123, 151
537012.5.peg.1878.site.82, 1, 125, 126
537012.5.peg.1878.site.83, 14, 123, 137
537012.5.peg.1878.site.84, 1, 124, 125
537012.5.peg.1878.site.85, 1, 124, 125
537012.5.peg.1878.site.86, 1, 125, 126
537012.5.peg.1878.site.87, 3, 127, 130
537012.5.peg.1878.site.88, 3, 127, 130
537012.5.peg.1878.site.89, 13, 122, 135
537012.5.peg.1878.site.90, 5, 120, 125
537012.5.peg.1879.site.1, 19, 129, 148
537012.5.peg.1879.site.2, 0, 123, 123
537012.5.peg.1879.site.3, 1, 129, 130
537012.5.peg.1879.site.4, 13, 129, 142
537012.5.peg.1879.site.5, 3, 129, 132
537012.5.peg.1879.site.6, 13, 129, 142
537012.5.peg.1879.site.7, 35, 127, 162
537012.5.peg.1879.site.8, 4, 123, 127
537012.5.peg.1879.site.9, 4, 127, 131
537012.5.peg.1879.site.10, 6, 130, 136
537012.5.peg.1879.site.11, 0, 131, 131
537012.5.peg.1879.site.12, 20, 134, 154
537012.5.peg.1879.site.13, 1, 131, 132
537012.5.peg.1879.site.14, 7, 134, 141
537012.5.peg.1879.site.15, 24, 131, 155
537012.5.peg.1879.site.16, 5, 132, 137
537012.5.peg.1879.site.17, 6, 134, 140
537012.5.peg.1879.site.18, 35, 131, 166
537012.5.peg.1879.site.19, 2, 130, 132
537012.5.peg.1879.site.20, 71, 129, 200
537012.5.peg.1879.site.21, 5, 133, 138
537012.5.peg.1879.site.22, 4, 132, 136
537012.5.peg.1879.site.23, 10, 132, 142
537012.5.peg.1709.site.1, 4, 53, 57
537012.5.peg.1709.site.2, 4, 42, 46
537012.5.peg.1709.site.3, 2, 39, 41
537012.5.peg.1709.site.4, 3, 41, 44
537012.5.peg.1709.site.5, 30, 42, 72
537012.5.peg.1709.site.6, 10, 86, 96
537012.5.peg.1709.site.7, 20, 115, 135
537012.5.peg.1709.site.8, 4, 118, 122
537012.5.peg.1709.site.9, 27, 118, 145
537012.5.peg.1709.site.10, 4, 119, 123
537012.5.peg.1709.site.11, 6, 118, 124
537012.5.peg.1709.site.12, 0, 122, 122
537012.5.peg.1709.site.13, 58, 120, 178
537012.5.peg.1872.site.1, 52, 125, 177
537012.5.peg.1872.site.2, 4, 126, 130
537012.5.peg.1872.site.3, 11, 125, 136
537012.5.peg.1872.site.4, 2, 126, 128
537012.5.peg.1872.site.5, 68, 125, 193
537012.5.peg.1872.site.6, 6, 133, 139
537012.5.peg.1872.site.7, 4, 132, 136
537012.5.peg.1872.site.8, 5, 132, 137
537012.5.peg.1872.site.9, 5, 132, 137
537012.5.peg.1872.site.10, 7, 133, 140
537012.5.peg.1872.site.11, 5, 131, 136
537012.5.peg.1872.site.12, 26, 133, 159
537012.5.peg.1872.site.13, 1, 133, 134
537012.5.peg.1872.site.14, 5, 132, 137
537012.5.peg.1872.site.15, 59, 133, 192
537012.5.peg.1872.site.16, 3, 134, 137
537012.5.peg.1872.site.17, 4, 132, 136
537012.5.peg.1872.site.18, 17, 133, 150
537012.5.peg.1872.site.19, 41, 131, 172
537012.5.peg.1872.site.20, 106, 132, 238
537012.5.peg.1872.site.21, 3, 131, 134
537012.5.peg.1872.site.22, 1, 131, 132
537012.5.peg.1872.site.23, 85, 129, 214
537012.5.peg.1872.site.24, 73, 132, 205
537012.5.peg.1872.site.25, 1, 132, 133
537012.5.peg.1872.site.26, 6, 132, 138
537012.5.peg.1872.site.27, 33, 132, 165
537012.5.peg.1872.site.28, 125, 133, 258
537012.5.peg.1872.site.29, 2, 134, 136
537012.5.peg.1872.site.30, 9, 134, 143
537012.5.peg.1872.site.31, 1, 134, 135
537012.5.peg.1872.site.32, 0, 134, 134
537012.5.peg.1872.site.33, 1, 134, 135
537012.5.peg.1872.site.34, 6, 131, 137
537012.5.peg.1872.site.35, 1, 134, 135
537012.5.peg.1872.site.36, 1, 134, 135
537012.5.peg.1872.site.37, 0, 133, 133
537012.5.peg.1872.site.38, 13, 132, 145
537012.5.peg.1872.site.39, 1, 133, 134
537012.5.peg.1872.site.40, 7, 133, 140
537012.5.peg.1873.site.1, 12, 134, 146
537012.5.peg.1873.site.2, 12, 133, 145
537012.5.peg.1873.site.3, 77, 133, 210
537012.5.peg.1873.site.4, 2, 134, 136
537012.5.peg.1873.site.5, 31, 132, 163
537012.5.peg.1873.site.6, 20, 134, 154
537012.5.peg.1873.site.7, 11, 133, 144
537012.5.peg.1873.site.8, 20, 134, 154
537012.5.peg.1873.site.9, 3, 134, 137
537012.5.peg.1873.site.10, 26, 132, 158
537012.5.peg.1873.site.11, 5, 132, 137
537012.5.peg.1873.site.12, 0, 129, 129
537012.5.peg.1873.site.13, 47, 130, 177
537012.5.peg.1873.site.14, 2, 134, 136
537012.5.peg.1873.site.15, 5, 134, 139
537012.5.peg.1873.site.16, 0, 134, 134
537012.5.peg.1873.site.17, 4, 113, 117
537012.5.peg.1873.site.18, 4, 121, 125
537012.5.peg.1873.site.19, 1, 120, 121
537012.5.peg.1873.site.20, 33, 128, 161
537012.5.peg.1873.site.21, 9, 133, 142
537012.5.peg.1873.site.22, 4, 134, 138
537012.5.peg.1873.site.23, 3, 134, 137
537012.5.peg.1873.site.24, 1, 134, 135
537012.5.peg.1873.site.25, 4, 134, 138
537012.5.peg.1873.site.26, 114, 132, 246
537012.5.peg.1873.site.27, 4, 134, 138
537012.5.peg.1876.site.1, 3, 134, 137
537012.5.peg.1876.site.2, 11, 132, 143
537012.5.peg.1876.site.3, 118, 127, 245
537012.5.peg.1876.site.4, 33, 127, 160
537012.5.peg.1876.site.5, 7, 126, 133
537012.5.peg.1876.site.6, 15, 127, 142
537012.5.peg.1876.site.7, 21, 127, 148
537012.5.peg.1876.site.8, 4, 132, 136
537012.5.peg.1876.site.9, 5, 133, 138
537012.5.peg.1876.site.10, 2, 134, 136
537012.5.peg.1876.site.11, 3, 134, 137
537012.5.peg.1876.site.12, 3, 133, 136
537012.5.peg.1876.site.13, 33, 133, 166
537012.5.peg.1876.site.14, 12, 133, 145
537012.5.peg.1876.site.15, 2, 133, 135
537012.5.peg.1876.site.16, 3, 134, 137
537012.5.peg.1876.site.17, 3, 134, 137
537012.5.peg.1876.site.18, 0, 134, 134
537012.5.peg.1876.site.19, 46, 133, 179
537012.5.peg.1876.site.20, 5, 134, 139
537012.5.peg.1876.site.21, 3, 134, 137
537012.5.peg.1876.site.22, 5, 132, 137
537012.5.peg.1701.site.1, 123, 125, 248
537012.5.peg.1701.site.2, 1, 126, 127
537012.5.peg.1701.site.3, 2, 126, 128
537012.5.peg.1701.site.4, 31, 125, 156
537012.5.peg.1701.site.5, 2, 125, 127
537012.5.peg.1701.site.6, 3, 126, 129
537012.5.peg.1701.site.7, 3, 126, 129
537012.5.peg.1701.site.8, 13, 126, 139
537012.5.peg.1701.site.9, 0, 125, 125
537012.5.peg.1701.site.10, 0, 125, 125
537012.5.peg.1701.site.11, 0, 126, 126
537012.5.peg.1701.site.12, 3, 125, 128
537012.5.peg.1701.site.13, 3, 125, 128
537012.5.peg.1701.site.14, 3, 125, 128
537012.5.peg.1701.site.15, 0, 126, 126
537012.5.peg.1701.site.16, 3, 126, 129
537012.5.peg.1701.site.17, 1, 126, 127
537012.5.peg.1701.site.18, 3, 126, 129
537012.5.peg.1701.site.19, 67, 125, 192
537012.5.peg.1701.site.20, 21, 125, 146
537012.5.peg.1701.site.21, 12, 125, 137
537012.5.peg.1701.site.22, 2, 125, 127
537012.5.peg.1701.site.23, 0, 126, 126
537012.5.peg.1701.site.24, 1, 126, 127
537012.5.peg.1701.site.25, 23, 126, 149
537012.5.peg.1701.site.26, 15, 125, 140
537012.5.peg.1701.site.27, 3, 124, 127
537012.5.peg.1701.site.28, 10, 126, 136
537012.5.peg.1701.site.29, 3, 126, 129
537012.5.peg.1701.site.30, 21, 126, 147
537012.5.peg.1701.site.31, 13, 126, 139
537012.5.peg.1701.site.32, 1, 126, 127
537012.5.peg.1701.site.33, 2, 125, 127
537012.5.peg.1701.site.34, 1, 124, 125
537012.5.peg.1701.site.35, 3, 123, 126
537012.5.peg.1874.site.1, 4, 133, 137
537012.5.peg.1874.site.2, 5, 134, 139
537012.5.peg.1874.site.3, 4, 133, 137
537012.5.peg.1874.site.4, 8, 133, 141
537012.5.peg.1874.site.5, 4, 132, 136
537012.5.peg.1874.site.6, 12, 133, 145
537012.5.peg.1874.site.7, 7, 134, 141
537012.5.peg.1874.site.8, 6, 133, 139
537012.5.peg.1874.site.9, 132, 134, 266
537012.5.peg.1874.site.10, 29, 134, 163
537012.5.peg.1874.site.11, 6, 132, 138
537012.5.peg.1874.site.12, 4, 132, 136
537012.5.peg.1874.site.13, 7, 134, 141
537012.5.peg.1874.site.14, 3, 134, 137
537012.5.peg.1874.site.15, 29, 133, 162
537012.5.peg.1874.site.16, 5, 134, 139
537012.5.peg.1874.site.17, 6, 132, 138
537012.5.peg.1874.site.18, 5, 133, 138
537012.5.peg.1874.site.19, 5, 133, 138
537012.5.peg.1874.site.20, 34, 132, 166
537012.5.peg.1874.site.21, 2, 134, 136
537012.5.peg.1874.site.22, 5, 133, 138
537012.5.peg.1874.site.23, 2, 134, 136
537012.5.peg.1874.site.24, 3, 133, 136
537012.5.peg.1874.site.25, 41, 130, 171
537012.5.peg.1874.site.26, 30, 132, 162
537012.5.peg.1874.site.27, 5, 134, 139
537012.5.peg.1874.site.28, 5, 134, 139
537012.5.peg.1874.site.29, 5, 134, 139
537012.5.peg.1874.site.30, 1, 132, 133
537012.5.peg.1874.site.31, 40, 133, 173
537012.5.peg.1874.site.32, 8, 132, 140
537012.5.peg.1874.site.33, 2, 132, 134
537012.5.peg.1874.site.34, 2, 130, 132
537012.5.peg.1874.site.35, 2, 132, 134
537012.5.peg.1874.site.36, 1, 134, 135
537012.5.peg.1874.site.37, 8, 133, 141
537012.5.peg.1874.site.38, 3, 132, 135
537012.5.peg.1874.site.39, 4, 134, 138
537012.5.peg.1874.site.40, 86, 133, 219
537012.5.peg.1874.site.41, 5, 130, 135
537012.5.peg.1875.site.1, 4, 134, 138
537012.5.peg.1875.site.2, 7, 134, 141
537012.5.peg.1875.site.3, 15, 134, 149
537012.5.peg.1875.site.4, 3, 134, 137
537012.5.peg.1875.site.5, 7, 128, 135
537012.5.peg.1875.site.6, 3, 127, 130
537012.5.peg.1875.site.7, 5, 126, 131
537012.5.peg.1875.site.8, 1, 127, 128
537012.5.peg.1875.site.9, 4, 130, 134
537012.5.peg.1875.site.10, 25, 131, 156
537012.5.peg.3836.site.1, 39, 97, 136
537012.5.peg.3836.site.2, 6, 98, 104
537012.5.peg.3836.site.3, 0, 98, 98
537012.5.peg.3836.site.4, 1, 97, 98
537012.5.peg.3836.site.5, 85, 94, 179
537012.5.peg.3836.site.6, 92, 97, 189
537012.5.peg.3836.site.7, 41, 97, 138
537012.5.peg.3836.site.8, 41, 97, 138
537012.5.peg.3836.site.9, 9, 97, 106
537012.5.peg.3836.site.10, 3, 96, 99
537012.5.peg.3836.site.11, 3, 96, 99
537012.5.peg.3836.site.12, 77, 108, 185
537012.5.peg.3836.site.13, 1, 112, 113
537012.5.peg.3836.site.14, 3, 115, 118
537012.5.peg.3836.site.15, 4, 116, 120
537012.5.peg.3836.site.16, 44, 118, 162
537012.5.peg.3836.site.17, 3, 126, 129
537012.5.peg.3836.site.18, 48, 125, 173
537012.5.peg.3836.site.19, 60, 126, 186
537012.5.peg.3836.site.20, 1, 129, 130
537012.5.peg.3836.site.21, 2, 129, 131
537012.5.peg.3836.site.22, 2, 128, 130
537012.5.peg.3836.site.23, 57, 123, 180
537012.5.peg.3836.site.24, 45, 125, 170
537012.5.peg.3836.site.25, 2, 127, 129
537012.5.peg.3836.site.26, 2, 127, 129
537012.5.peg.3836.site.27, 2, 127, 129
537012.5.peg.3836.site.28, 0, 126, 126
537012.5.peg.3836.site.29, 2, 124, 126
537012.5.peg.3836.site.30, 4, 126, 130
537012.5.peg.3836.site.31, 4, 125, 129
537012.5.peg.3836.site.32, 4, 125, 129
537012.5.peg.3836.site.33, 0, 127, 127
537012.5.peg.3836.site.34, 8, 129, 137
537012.5.peg.3836.site.35, 2, 129, 131
537012.5.peg.3836.site.36, 64, 125, 189
537012.5.peg.3836.site.37, 5, 132, 137
537012.5.peg.3836.site.38, 4, 134, 138
537012.5.peg.3836.site.39, 4, 134, 138
537012.5.peg.3836.site.40, 11, 134, 145
537012.5.peg.3836.site.41, 87, 133, 220
537012.5.peg.3836.site.42, 5, 133, 138
537012.5.peg.3836.site.43, 25, 131, 156
537012.5.peg.3836.site.44, 25, 132, 157
537012.5.peg.3836.site.45, 11, 134, 145
537012.5.peg.3836.site.46, 12, 130, 142
537012.5.peg.3836.site.47, 4, 133, 137
537012.5.peg.3836.site.48, 4, 133, 137
537012.5.peg.3836.site.49, 4, 134, 138
537012.5.peg.3836.site.50, 6, 132, 138
537012.5.peg.3836.site.51, 18, 134, 152
537012.5.peg.3836.site.52, 1, 134, 135
537012.5.peg.3836.site.53, 42, 133, 175
537012.5.peg.3836.site.54, 4, 132, 136
537012.5.peg.3836.site.55, 7, 133, 140
537012.5.peg.3836.site.56, 4, 132, 136
537012.5.peg.3836.site.57, 0, 133, 133
537012.5.peg.3836.site.58, 39, 134, 173
537012.5.peg.3836.site.59, 2, 134, 136
537012.5.peg.3836.site.60, 65, 131, 196
537012.5.peg.3836.site.61, 41, 133, 174
537012.5.peg.3836.site.62, 2, 132, 134
537012.5.peg.3836.site.63, 8, 133, 141
537012.5.peg.3836.site.64, 10, 132, 142
537012.5.peg.3836.site.65, 7, 131, 138
537012.5.peg.3836.site.66, 7, 132, 139
537012.5.peg.3836.site.67, 60, 132, 192
537012.5.peg.3836.site.68, 0, 133, 133
537012.5.peg.3836.site.69, 5, 134, 139
537012.5.peg.3836.site.70, 3, 134, 137
537012.5.peg.3836.site.71, 5, 132, 137
537012.5.peg.3836.site.72, 13, 133, 146
537012.5.peg.3836.site.73, 16, 132, 148
537012.5.peg.3836.site.74, 1, 134, 135
537012.5.peg.3836.site.75, 1, 132, 133
537012.5.peg.3836.site.76, 32, 130, 162
537012.5.peg.3836.site.77, 4, 115, 119
537012.5.peg.3836.site.78, 30, 106, 136
537012.5.peg.3836.site.79, 27, 115, 142
537012.5.peg.3836.site.80, 1, 130, 131
537012.5.peg.3836.site.81, 12, 130, 142
537012.5.peg.3836.site.82, 1, 130, 131
537012.5.peg.3836.site.83, 0, 133, 133
537012.5.peg.3836.site.84, 94, 132, 226
537012.5.peg.3836.site.85, 26, 133, 159
537012.5.peg.3836.site.86, 2, 132, 134
537012.5.peg.3836.site.87, 9, 130, 139
537012.5.peg.3836.site.88, 7, 129, 136
537012.5.peg.3836.site.89, 2, 124, 126
537012.5.peg.3836.site.90, 6, 131, 137
537012.5.peg.3836.site.91, 19, 131, 150
537012.5.peg.3836.site.92, 0, 130, 130
537012.5.peg.3836.site.93, 6, 132, 138
537012.5.peg.4974.site.1, 20, 128, 148
537012.5.peg.4974.site.2, 1, 128, 129
537012.5.peg.4974.site.3, 12, 130, 142
537012.5.peg.4974.site.4, 1, 128, 129
537012.5.peg.4974.site.5, 14, 133, 147
537012.5.peg.4974.site.6, 18, 134, 152
537012.5.peg.4974.site.7, 1, 134, 135
537012.5.peg.4974.site.8, 14, 134, 148
537012.5.peg.4974.site.9, 4, 131, 135
537012.5.peg.4974.site.10, 4, 132, 136
537012.5.peg.4974.site.11, 50, 133, 183
537012.5.peg.4974.site.12, 10, 133, 143
537012.5.peg.4974.site.13, 4, 132, 136
537012.5.peg.4974.site.14, 4, 132, 136
537012.5.peg.4974.site.15, 1, 134, 135
537012.5.peg.4974.site.16, 4, 132, 136
537012.5.peg.4974.site.17, 1, 134, 135
537012.5.peg.4974.site.18, 4, 132, 136
537012.5.peg.4974.site.19, 2, 134, 136
537012.5.peg.4974.site.20, 6, 134, 140
537012.5.peg.4974.site.21, 6, 134, 140
537012.5.peg.4974.site.22, 1, 134, 135
537012.5.peg.4974.site.23, 1, 134, 135
537012.5.peg.4974.site.24, 2, 130, 132
537012.5.peg.4974.site.25, 71, 125, 196
537012.5.peg.4974.site.26, 1, 123, 124
537012.5.peg.4974.site.27, 1, 131, 132
537012.5.peg.4974.site.28, 1, 129, 130
537012.5.peg.4974.site.29, 3, 129, 132
537012.5.peg.4974.site.30, 128, 129, 257
537012.5.peg.4974.site.31, 6, 129, 135
537012.5.peg.4974.site.32, 1, 131, 132
537012.5.peg.4974.site.33, 1, 132, 133
537012.5.peg.4974.site.34, 1, 129, 130
537012.5.peg.4974.site.35, 3, 127, 130
537012.5.peg.4974.site.36, 3, 119, 122
537012.5.peg.4974.site.37, 1, 119, 120
537012.5.peg.4974.site.38, 16, 130, 146
537012.5.peg.4974.site.39, 42, 129, 171
537012.5.peg.4974.site.40, 0, 130, 130
537012.5.peg.4974.site.41, 0, 130, 130
537012.5.peg.4974.site.42, 2, 133, 135
537012.5.peg.4974.site.43, 2, 131, 133
537012.5.peg.4974.site.44, 4, 132, 136
537012.5.peg.4974.site.45, 2, 134, 136
537012.5.peg.4974.site.46, 7, 132, 139
537012.5.peg.4974.site.47, 31, 134, 165
537012.5.peg.4974.site.48, 3, 134, 137
537012.5.peg.4974.site.49, 0, 134, 134
537012.5.peg.4974.site.50, 6, 134, 140
537012.5.peg.4974.site.51, 75, 133, 208
537012.5.peg.4974.site.52, 4, 132, 136
537012.5.peg.4974.site.53, 5, 133, 138
537012.5.peg.4974.site.54, 5, 133, 138
537012.5.peg.4974.site.55, 5, 132, 137
537012.5.peg.4974.site.56, 5, 132, 137
537012.5.peg.4974.site.57, 20, 132, 152
537012.5.peg.4974.site.58, 5, 132, 137
537012.5.peg.4974.site.59, 11, 132, 143
537012.5.peg.4974.site.60, 1, 134, 135
537012.5.peg.4974.site.61, 0, 134, 134
537012.5.peg.4974.site.62, 7, 132, 139
537012.5.peg.4974.site.63, 2, 134, 136
537012.5.peg.4974.site.64, 5, 133, 138
537012.5.peg.4974.site.65, 18, 133, 151
537012.5.peg.4974.site.66, 7, 134, 141
537012.5.peg.4974.site.67, 1, 134, 135
537012.5.peg.4974.site.68, 5, 133, 138
537012.5.peg.4974.site.69, 10, 132, 142
537012.5.peg.4974.site.70, 1, 134, 135
537012.5.peg.4974.site.71, 0, 134, 134
537012.5.peg.4974.site.72, 6, 133, 139
537012.5.peg.4974.site.73, 7, 133, 140
537012.5.peg.4974.site.74, 24, 133, 157
537012.5.peg.4974.site.75, 9, 131, 140
537012.5.peg.4974.site.76, 4, 133, 137
537012.5.peg.4974.site.77, 2, 134, 136
537012.5.peg.4974.site.78, 1, 130, 131
537012.5.peg.4974.site.79, 7, 130, 137
537012.5.peg.4974.site.80, 1, 130, 131
537012.5.peg.4974.site.81, 2, 131, 133
537012.5.peg.4974.site.82, 6, 129, 135
537012.5.peg.4974.site.83, 2, 130, 132
537012.5.peg.4974.site.84, 4, 125, 129
537012.5.peg.3782.site.1, 5, 131, 136
537012.5.peg.3782.site.2, 8, 132, 140
537012.5.peg.3782.site.3, 6, 134, 140
537012.5.peg.3782.site.4, 5, 134, 139
537012.5.peg.3782.site.5, 3, 133, 136
537012.5.peg.3782.site.6, 8, 129, 137
537012.5.peg.3782.site.7, 49, 131, 180
537012.5.peg.3782.site.8, 5, 131, 136
537012.5.peg.3782.site.9, 12, 134, 146
537012.5.peg.3782.site.10, 44, 134, 178
537012.5.peg.3782.site.11, 52, 134, 186
537012.5.peg.3782.site.12, 12, 133, 145
537012.5.peg.3782.site.13, 7, 130, 137
537012.5.peg.3782.site.14, 104, 131, 235
537012.5.peg.3782.site.15, 7, 132, 139
537012.5.peg.3782.site.16, 1, 132, 133
537012.5.peg.3782.site.17, 1, 132, 133
537012.5.peg.3782.site.18, 1, 134, 135
537012.5.peg.3782.site.19, 1, 134, 135
537012.5.peg.3782.site.20, 114, 134, 248
537012.5.peg.3782.site.21, 9, 132, 141
537012.5.peg.3782.site.22, 1, 134, 135
537012.5.peg.3782.site.23, 0, 132, 132
537012.5.peg.3782.site.24, 68, 134, 202
537012.5.peg.3782.site.25, 76, 134, 210
537012.5.peg.3782.site.26, 1, 133, 134
537012.5.peg.3782.site.27, 17, 134, 151
537012.5.peg.3782.site.28, 2, 134, 136
537012.5.peg.3782.site.29, 1, 134, 135
537012.5.peg.3782.site.30, 4, 132, 136
537012.5.peg.3782.site.31, 3, 131, 134
537012.5.peg.3782.site.32, 1, 134, 135
537012.5.peg.3782.site.33, 1, 134, 135
537012.5.peg.3782.site.34, 20, 131, 151
537012.5.peg.3782.site.35, 8, 130, 138
537012.5.peg.3782.site.36, 4, 131, 135
537012.5.peg.3782.site.37, 4, 131, 135
537012.5.peg.3782.site.38, 1, 133, 134
537012.5.peg.3782.site.39, 1, 134, 135
537012.5.peg.3782.site.40, 0, 134, 134
537012.5.peg.3782.site.41, 5, 132, 137
537012.5.peg.3782.site.42, 12, 134, 146
537012.5.peg.3782.site.43, 0, 134, 134
537012.5.peg.3782.site.44, 32, 134, 166
537012.5.peg.3782.site.45, 15, 134, 149
537012.5.peg.3782.site.46, 47, 133, 180
537012.5.peg.3782.site.47, 4, 132, 136
537012.5.peg.3782.site.48, 1, 133, 134
537012.5.peg.3782.site.49, 4, 134, 138
537012.5.peg.3782.site.50, 1, 134, 135
537012.5.peg.3782.site.51, 21, 132, 153
537012.5.peg.3782.site.52, 14, 133, 147
537012.5.peg.3782.site.53, 3, 133, 136
537012.5.peg.3782.site.54, 4, 132, 136
537012.5.peg.3782.site.55, 1, 134, 135
537012.5.peg.3782.site.56, 3, 131, 134
537012.5.peg.3782.site.57, 113, 131, 244
537012.5.peg.3782.site.58, 2, 133, 135
537012.5.peg.3782.site.59, 99, 131, 230
537012.5.peg.3782.site.60, 2, 130, 132
537012.5.peg.3782.site.61, 1, 130, 131
537012.5.peg.3782.site.62, 90, 131, 221
537012.5.peg.3782.site.63, 2, 131, 133
537012.5.peg.3782.site.64, 23, 129, 152
537012.5.peg.3782.site.65, 1, 131, 132
537012.5.peg.3782.site.66, 5, 130, 135
537012.5.peg.3782.site.67, 1, 131, 132
537012.5.peg.3782.site.68, 1, 131, 132
537012.5.peg.3782.site.69, 17, 130, 147
537012.5.peg.3782.site.70, 1, 131, 132
537012.5.peg.3782.site.71, 1, 130, 131
537012.5.peg.3782.site.72, 1, 131, 132
537012.5.peg.3782.site.73, 5, 133, 138
537012.5.peg.3782.site.74, 18, 133, 151
537012.5.peg.3782.site.75, 1, 134, 135
537012.5.peg.3782.site.76, 2, 134, 136
537012.5.peg.3782.site.77, 21, 132, 153
537012.5.peg.3782.site.78, 1, 133, 134
537012.5.peg.3782.site.79, 17, 132, 149
537012.5.peg.3782.site.80, 44, 128, 172
537012.5.peg.3782.site.81, 5, 133, 138
537012.5.peg.3782.site.82, 84, 134, 218
537012.5.peg.3782.site.83, 6, 134, 140
537012.5.peg.3782.site.84, 1, 129, 130
537012.5.peg.3782.site.85, 1, 131, 132
537012.5.peg.3782.site.86, 16, 131, 147
537012.5.peg.3782.site.87, 4, 132, 136
537012.5.peg.3782.site.88, 12, 134, 146
537012.5.peg.3782.site.89, 57, 133, 190
537012.5.peg.3782.site.90, 1, 133, 134
537012.5.peg.3782.site.91, 1, 132, 133
537012.5.peg.3782.site.92, 9, 132, 141
537012.5.peg.3782.site.93, 6, 132, 138
537012.5.peg.3782.site.94, 2, 134, 136
537012.5.peg.3782.site.95, 10, 132, 142
537012.5.peg.4976.site.1, 4, 124, 128
537012.5.peg.4976.site.2, 15, 130, 145
537012.5.peg.4976.site.3, 1, 130, 131
537012.5.peg.4976.site.4, 0, 131, 131
537012.5.peg.4976.site.5, 0, 130, 130
537012.5.peg.4976.site.6, 25, 130, 155
537012.5.peg.4976.site.7, 36, 130, 166
537012.5.peg.4976.site.8, 10, 131, 141
537012.5.peg.4976.site.9, 1, 131, 132
537012.5.peg.4976.site.10, 10, 129, 139
537012.5.peg.4976.site.11, 5, 129, 134
537012.5.peg.4976.site.12, 1, 130, 131
537012.5.peg.4976.site.13, 94, 131, 225
537012.5.peg.4976.site.14, 23, 129, 152
537012.5.peg.4976.site.15, 4, 127, 131
537012.5.peg.4976.site.16, 11, 129, 140
537012.5.peg.4976.site.17, 1, 131, 132
537012.5.peg.4976.site.18, 1, 130, 131
537012.5.peg.4976.site.19, 4, 129, 133
537012.5.peg.4976.site.20, 32, 127, 159
537012.5.peg.4976.site.21, 30, 123, 153
537012.5.peg.4976.site.22, 3, 123, 126
537012.5.peg.4976.site.23, 1, 126, 127
537012.5.peg.4976.site.24, 16, 128, 144
537012.5.peg.4976.site.25, 4, 128, 132
537012.5.peg.4976.site.26, 15, 130, 145
537012.5.peg.4976.site.27, 15, 129, 144
537012.5.peg.4976.site.28, 3, 130, 133
537012.5.peg.4976.site.29, 1, 130, 131
537012.5.peg.4976.site.30, 36, 129, 165
537012.5.peg.4976.site.31, 13, 126, 139
537012.5.peg.4976.site.32, 2, 129, 131
537012.5.peg.4976.site.33, 3, 128, 131
537012.5.peg.4976.site.34, 44, 120, 164
537012.5.peg.4976.site.35, 10, 121, 131
537012.5.peg.4976.site.36, 2, 117, 119
537012.5.peg.4976.site.37, 1, 118, 119
537012.5.peg.4976.site.38, 3, 116, 119
537012.5.peg.4976.site.39, 1, 116, 117
537012.5.peg.4976.site.40, 13, 118, 131
537012.5.peg.4976.site.41, 30, 126, 156
537012.5.peg.4976.site.42, 1, 133, 134
537012.5.peg.4976.site.43, 7, 134, 141
537012.5.peg.4976.site.44, 18, 131, 149
537012.5.peg.4976.site.45, 1, 132, 133
537012.5.peg.4976.site.46, 13, 134, 147
537012.5.peg.4976.site.47, 9, 134, 143
537012.5.peg.4976.site.48, 1, 134, 135
537012.5.peg.4976.site.49, 26, 133, 159
537012.5.peg.4976.site.50, 2, 134, 136
537012.5.peg.4976.site.51, 6, 134, 140
537012.5.peg.4976.site.52, 91, 134, 225
537012.5.peg.4976.site.53, 3, 131, 134
537012.5.peg.4976.site.54, 16, 128, 144
537012.5.peg.4976.site.55, 17, 127, 144
537012.5.peg.4976.site.56, 1, 132, 133
537012.5.peg.4976.site.57, 29, 128, 157
537012.5.peg.4976.site.58, 4, 134, 138
537012.5.peg.4976.site.59, 1, 134, 135
537012.5.peg.4976.site.60, 13, 131, 144
537012.5.peg.4976.site.61, 1, 133, 134
537012.5.peg.4976.site.62, 19, 132, 151
537012.5.peg.4976.site.63, 5, 134, 139
537012.5.peg.4976.site.64, 14, 133, 147
537012.5.peg.4976.site.65, 4, 132, 136
537012.5.peg.4976.site.66, 0, 132, 132
537012.5.peg.4976.site.67, 0, 132, 132
537012.5.peg.4976.site.68, 5, 128, 133
537012.5.peg.4976.site.69, 6, 129, 135
537012.5.peg.192.site.1, 125, 126, 251
537012.5.peg.192.site.2, 2, 114, 116
537012.5.peg.192.site.3, 0, 123, 123
537012.5.peg.192.site.4, 1, 125, 126
537012.5.peg.192.site.5, 2, 123, 125
537012.5.peg.192.site.6, 3, 125, 128
537012.5.peg.192.site.7, 2, 124, 126
537012.5.peg.192.site.8, 4, 123, 127
537012.5.peg.192.site.9, 12, 122, 134
537012.5.peg.192.site.10, 51, 120, 171
537012.5.peg.192.site.11, 1, 117, 118
537012.5.peg.192.site.12, 1, 115, 116
537012.5.peg.192.site.13, 2, 100, 102
537012.5.peg.192.site.14, 6, 100, 106
537012.5.peg.192.site.15, 1, 98, 99
537012.5.peg.192.site.16, 28, 92, 120
537012.5.peg.192.site.17, 0, 87, 87
537012.5.peg.192.site.18, 0, 87, 87
537012.5.peg.192.site.19, 8, 87, 95
537012.5.peg.192.site.20, 9, 89, 98
537012.5.peg.192.site.21, 2, 117, 119
537012.5.peg.192.site.22, 1, 113, 114
537012.5.peg.192.site.23, 2, 113, 115
537012.5.peg.192.site.24, 9, 117, 126
537012.5.peg.192.site.25, 4, 116, 120
537012.5.peg.192.site.26, 4, 118, 122
537012.5.peg.192.site.27, 4, 118, 122
537012.5.peg.192.site.28, 9, 118, 127
537012.5.peg.192.site.29, 0, 118, 118
537012.5.peg.4972.site.1, 1, 77, 78
537012.5.peg.4972.site.2, 1, 79, 80
537012.5.peg.4972.site.3, 4, 80, 84
537012.5.peg.4972.site.4, 2, 79, 81
537012.5.peg.4972.site.5, 1, 79, 80
537012.5.peg.4972.site.6, 0, 80, 80
537012.5.peg.4972.site.7, 2, 81, 83
537012.5.peg.4972.site.8, 8, 82, 90
537012.5.peg.4972.site.9, 1, 79, 80
537012.5.peg.4972.site.10, 0, 93, 93
537012.5.peg.4972.site.11, 7, 97, 104
537012.5.peg.4972.site.12, 5, 104, 109
537012.5.peg.4972.site.13, 2, 105, 107
537012.5.peg.4972.site.14, 5, 106, 111
537012.5.peg.4972.site.15, 2, 106, 108
537012.5.peg.4972.site.16, 10, 103, 113
537012.5.peg.4972.site.17, 1, 103, 104
537012.5.peg.4972.site.18, 5, 101, 106
537012.5.peg.4972.site.19, 2, 99, 101
537012.5.peg.4972.site.20, 1, 109, 110
537012.5.peg.4972.site.21, 0, 128, 128
537012.5.peg.3783.site.1, 4, 129, 133
537012.5.peg.3783.site.2, 1, 127, 128
537012.5.peg.3783.site.3, 9, 126, 135
537012.5.peg.3783.site.4, 2, 130, 132
537012.5.peg.3783.site.5, 4, 127, 131
537012.5.peg.3783.site.6, 59, 127, 186
537012.5.peg.3783.site.7, 15, 124, 139
537012.5.peg.3783.site.8, 1, 123, 124
537012.5.peg.3783.site.9, 1, 125, 126
537012.5.peg.3783.site.10, 17, 128, 145
537012.5.peg.3783.site.11, 5, 129, 134
537012.5.peg.3783.site.12, 25, 129, 154
537012.5.peg.3783.site.13, 4, 130, 134
537012.5.peg.3783.site.14, 87, 125, 212
537012.5.peg.3783.site.15, 1, 128, 129
537012.5.peg.3783.site.16, 1, 128, 129
537012.5.peg.3783.site.17, 102, 128, 230
537012.5.peg.3783.site.18, 3, 127, 130
537012.5.peg.3783.site.19, 1, 128, 129
537012.5.peg.3783.site.20, 0, 130, 130
537012.5.peg.3783.site.21, 1, 130, 131
537012.5.peg.3783.site.22, 7, 129, 136
537012.5.peg.4978.site.1, 13, 133, 146
537012.5.peg.4978.site.2, 13, 133, 146
537012.5.peg.4978.site.3, 13, 132, 145
537012.5.peg.4978.site.4, 16, 134, 150
537012.5.peg.4978.site.5, 12, 132, 144
537012.5.peg.4978.site.6, 7, 128, 135
537012.5.peg.4978.site.7, 4, 125, 129
537012.5.peg.4978.site.8, 5, 128, 133
537012.5.peg.4979.site.1, 1, 131, 132
537012.5.peg.4979.site.2, 9, 128, 137
537012.5.peg.4979.site.3, 2, 132, 134
537012.5.peg.4979.site.4, 5, 125, 130
537012.5.peg.4979.site.5, 3, 123, 126
537012.5.peg.4979.site.6, 4, 125, 129
537012.5.peg.4979.site.7, 1, 122, 123
537012.5.peg.4979.site.8, 1, 122, 123
537012.5.peg.4979.site.9, 1, 122, 123
537012.5.peg.4979.site.10, 4, 125, 129
537012.5.peg.4979.site.11, 5, 128, 133
537012.5.peg.4979.site.12, 5, 125, 130
537012.5.peg.4979.site.13, 5, 124, 129
537012.5.peg.4979.site.14, 5, 126, 131
537012.5.peg.4979.site.15, 1, 125, 126
537012.5.peg.4979.site.16, 3, 124, 127
537012.5.peg.4880.site.1, 12, 126, 138
537012.5.peg.4880.site.2, 7, 129, 136
537012.5.peg.4880.site.3, 6, 129, 135
537012.5.peg.4880.site.4, 2, 129, 131
537012.5.peg.4880.site.5, 5, 129, 134
537012.5.peg.4880.site.6, 11, 125, 136
537012.5.peg.4880.site.7, 20, 126, 146
537012.5.peg.4880.site.8, 1, 124, 125
537012.5.peg.4880.site.9, 8, 121, 129
537012.5.peg.4880.site.10, 2, 123, 125
537012.5.peg.4880.site.11, 3, 124, 127
537012.5.peg.4880.site.12, 3, 125, 128
537012.5.peg.4880.site.13, 9, 126, 135
537012.5.peg.4880.site.14, 1, 127, 128
537012.5.peg.4880.site.15, 1, 126, 127
537012.5.peg.4880.site.16, 34, 126, 160
537012.5.peg.4880.site.17, 3, 125, 128
537012.5.peg.4880.site.18, 1, 124, 125
537012.5.peg.4880.site.19, 56, 121, 177
537012.5.peg.4880.site.20, 22, 121, 143
537012.5.peg.4880.site.21, 8, 122, 130
537012.5.peg.4880.site.22, 30, 124, 154
537012.5.peg.4880.site.23, 2, 123, 125
537012.5.peg.4883.site.1, 2, 95, 97
537012.5.peg.4883.site.2, 13, 99, 112
537012.5.peg.4883.site.3, 7, 117, 124
537012.5.peg.4883.site.4, 55, 122, 177
537012.5.peg.4883.site.5, 6, 119, 125
537012.5.peg.4883.site.6, 7, 118, 125
537012.5.peg.4883.site.7, 10, 120, 130
537012.5.peg.4883.site.8, 29, 121, 150
537012.5.peg.4883.site.9, 1, 121, 122
537012.5.peg.4883.site.10, 7, 121, 128
537012.5.peg.4883.site.11, 2, 114, 116
537012.5.peg.3837.site.1, 4, 126, 130
537012.5.peg.3837.site.2, 2, 131, 133
537012.5.peg.3837.site.3, 21, 133, 154
537012.5.peg.3837.site.4, 5, 131, 136
537012.5.peg.3837.site.5, 1, 133, 134
537012.5.peg.3837.site.6, 6, 134, 140
537012.5.peg.3837.site.7, 27, 133, 160
537012.5.peg.3837.site.8, 5, 132, 137
537012.5.peg.3837.site.9, 1, 127, 128
537012.5.peg.3837.site.10, 5, 126, 131
537012.5.peg.3837.site.11, 1, 127, 128
537012.5.peg.3837.site.12, 1, 126, 127
537012.5.peg.3837.site.13, 2, 130, 132
537012.5.peg.3837.site.14, 1, 129, 130
537012.5.peg.3837.site.15, 0, 126, 126
537012.5.peg.3837.site.16, 0, 126, 126
537012.5.peg.3837.site.17, 8, 126, 134
537012.5.peg.4889.site.1, 22, 117, 139
537012.5.peg.4889.site.2, 3, 116, 119
537012.5.peg.4889.site.3, 11, 114, 125
537012.5.peg.4889.site.4, 0, 120, 120
537012.5.peg.4889.site.5, 8, 116, 124
537012.5.peg.4889.site.6, 1, 119, 120
537012.5.peg.4889.site.7, 1, 119, 120
537012.5.peg.4889.site.8, 15, 114, 129
537012.5.peg.4889.site.9, 0, 115, 115
537012.5.peg.4889.site.10, 1, 110, 111
537012.5.peg.4889.site.11, 11, 108, 119
537012.5.peg.4889.site.12, 4, 97, 101
537012.5.peg.4889.site.13, 1, 96, 97
537012.5.peg.4889.site.14, 5, 88, 93
537012.5.peg.4889.site.15, 68, 85, 153
537012.5.peg.4889.site.16, 26, 99, 125
537012.5.peg.4889.site.17, 1, 113, 114
537012.5.peg.4889.site.18, 1, 119, 120
537012.5.peg.4889.site.19, 12, 120, 132
537012.5.peg.4889.site.20, 0, 128, 128
537012.5.peg.4889.site.21, 1, 126, 127
537012.5.peg.4889.site.22, 4, 123, 127
537012.5.peg.4889.site.23, 2, 119, 121
537012.5.peg.4889.site.24, 3, 107, 110
537012.5.peg.4889.site.25, 11, 104, 115
537012.5.peg.4889.site.26, 8, 106, 114
537012.5.peg.4889.site.27, 20, 102, 122
537012.5.peg.4889.site.28, 2, 99, 101
537012.5.peg.4889.site.29, 77, 94, 171
537012.5.peg.4889.site.30, 13, 94, 107
537012.5.peg.4889.site.31, 1, 98, 99
537012.5.peg.4889.site.32, 2, 96, 98
537012.5.peg.4889.site.33, 11, 99, 110
537012.5.peg.4889.site.34, 0, 99, 99
537012.5.peg.4889.site.35, 2, 103, 105
537012.5.peg.4889.site.36, 6, 112, 118
537012.5.peg.4889.site.37, 28, 113, 141
537012.5.peg.4889.site.38, 22, 116, 138
537012.5.peg.4889.site.39, 4, 117, 121
537012.5.peg.4889.site.40, 2, 119, 121
537012.5.peg.4889.site.41, 23, 121, 144
537012.5.peg.4889.site.42, 13, 122, 135
537012.5.peg.4889.site.43, 2, 126, 128
537012.5.peg.4889.site.44, 6, 127, 133
537012.5.peg.4889.site.45, 6, 127, 133
537012.5.peg.4889.site.46, 4, 127, 131
537012.5.peg.4889.site.47, 6, 128, 134
537012.5.peg.4889.site.48, 23, 126, 149
537012.5.peg.4889.site.49, 35, 127, 162
537012.5.peg.4889.site.50, 19, 126, 145
537012.5.peg.4889.site.51, 1, 123, 124
537012.5.peg.4889.site.52, 2, 123, 125
537012.5.peg.4889.site.53, 3, 122, 125
537012.5.peg.4889.site.54, 3, 122, 125
537012.5.peg.4889.site.55, 1, 123, 124
537012.5.peg.4889.site.56, 3, 123, 126
537012.5.peg.4889.site.57, 1, 123, 124
537012.5.peg.4889.site.58, 6, 122, 128
537012.5.peg.4889.site.59, 9, 124, 133
537012.5.peg.4889.site.60, 1, 120, 121
537012.5.peg.3787.site.1, 0, 131, 131
537012.5.peg.3787.site.2, 53, 130, 183
537012.5.peg.3787.site.3, 17, 134, 151
537012.5.peg.3787.site.4, 76, 134, 210
537012.5.peg.3787.site.5, 70, 133, 203
537012.5.peg.3787.site.6, 43, 133, 176
537012.5.peg.3787.site.7, 3, 133, 136
537012.5.peg.3787.site.8, 1, 134, 135
537012.5.peg.3787.site.9, 4, 132, 136
537012.5.peg.3787.site.10, 3, 134, 137
537012.5.peg.3787.site.11, 17, 134, 151
537012.5.peg.3787.site.12, 18, 133, 151
537012.5.peg.3787.site.13, 96, 133, 229
537012.5.peg.3787.site.14, 7, 134, 141
537012.5.peg.3787.site.15, 24, 133, 157
537012.5.peg.3787.site.16, 4, 131, 135
537012.5.peg.3787.site.17, 6, 126, 132
537012.5.peg.3787.site.18, 4, 123, 127
537012.5.peg.3787.site.19, 8, 129, 137
537012.5.peg.3787.site.20, 94, 132, 226
537012.5.peg.3787.site.21, 44, 133, 177
537012.5.peg.3787.site.22, 31, 130, 161
537012.5.peg.3787.site.23, 90, 134, 224
537012.5.peg.3787.site.24, 14, 134, 148
537012.5.peg.3787.site.25, 8, 134, 142
537012.5.peg.3787.site.26, 7, 133, 140
537012.5.peg.3787.site.27, 76, 134, 210
537012.5.peg.3787.site.28, 7, 134, 141
537012.5.peg.3787.site.29, 1, 134, 135
537012.5.peg.3787.site.30, 5, 133, 138
537012.5.peg.3787.site.31, 0, 133, 133
537012.5.peg.3787.site.32, 1, 134, 135
537012.5.peg.3787.site.33, 5, 134, 139
537012.5.peg.3787.site.34, 7, 134, 141
537012.5.peg.3787.site.35, 8, 134, 142
537012.5.peg.3787.site.36, 5, 132, 137
537012.5.peg.3787.site.37, 1, 133, 134
537012.5.peg.3787.site.38, 25, 131, 156
537012.5.peg.3787.site.39, 5, 133, 138
537012.5.peg.3787.site.40, 1, 134, 135
537012.5.peg.3787.site.41, 1, 134, 135
537012.5.peg.3787.site.42, 10, 132, 142
537012.5.peg.3787.site.43, 4, 131, 135
537012.5.peg.3787.site.44, 108, 132, 240
537012.5.peg.3787.site.45, 23, 133, 156
537012.5.peg.3787.site.46, 1, 134, 135
537012.5.peg.3787.site.47, 5, 133, 138
537012.5.peg.3787.site.48, 23, 134, 157
537012.5.peg.3787.site.49, 0, 133, 133
537012.5.peg.3787.site.50, 2, 132, 134
537012.5.peg.3787.site.51, 1, 134, 135
537012.5.peg.3787.site.52, 13, 134, 147
537012.5.peg.3787.site.53, 7, 134, 141
537012.5.peg.3787.site.54, 19, 134, 153
537012.5.peg.3787.site.55, 0, 134, 134
537012.5.peg.3787.site.56, 20, 131, 151
537012.5.peg.3787.site.57, 13, 130, 143
537012.5.peg.3787.site.58, 2, 131, 133
537012.5.peg.3787.site.59, 16, 133, 149
537012.5.peg.3787.site.60, 3, 131, 134
537012.5.peg.3787.site.61, 1, 134, 135
537012.5.peg.3787.site.62, 83, 133, 216
537012.5.peg.3787.site.63, 3, 132, 135
537012.5.peg.3787.site.64, 0, 134, 134
537012.5.peg.3787.site.65, 13, 134, 147
537012.5.peg.3787.site.66, 110, 132, 242
537012.5.peg.3787.site.67, 3, 131, 134
537012.5.peg.3787.site.68, 1, 130, 131
537012.5.peg.3787.site.69, 42, 130, 172
537012.5.peg.3787.site.70, 0, 130, 130
537012.5.peg.3787.site.71, 119, 130, 249
537012.5.peg.3787.site.72, 4, 129, 133
537012.5.peg.3787.site.73, 0, 129, 129
537012.5.peg.3787.site.74, 18, 129, 147
537012.5.peg.3784.site.1, 1, 130, 131
537012.5.peg.3784.site.2, 0, 130, 130
537012.5.peg.3784.site.3, 2, 132, 134
537012.5.peg.3784.site.4, 6, 132, 138
537012.5.peg.3784.site.5, 5, 133, 138
537012.5.peg.3784.site.6, 6, 133, 139
537012.5.peg.3784.site.7, 5, 133, 138
537012.5.peg.3784.site.8, 1, 134, 135
537012.5.peg.3784.site.9, 5, 133, 138
537012.5.peg.3784.site.10, 28, 134, 162
537012.5.peg.3784.site.11, 3, 131, 134
537012.5.peg.3784.site.12, 3, 131, 134
537012.5.peg.3784.site.13, 3, 131, 134
537012.5.peg.3784.site.14, 4, 132, 136
537012.5.peg.3784.site.15, 13, 133, 146
537012.5.peg.3784.site.16, 4, 132, 136
537012.5.peg.3784.site.17, 10, 133, 143
537012.5.peg.3784.site.18, 0, 133, 133
537012.5.peg.3784.site.19, 1, 134, 135
537012.5.peg.3784.site.20, 47, 131, 178
537012.5.peg.3784.site.21, 45, 133, 178
537012.5.peg.3784.site.22, 3, 131, 134
537012.5.peg.3784.site.23, 3, 133, 136
537012.5.peg.3784.site.24, 9, 130, 139
537012.5.peg.3784.site.25, 0, 127, 127
537012.5.peg.3784.site.26, 2, 130, 132
537012.5.peg.3784.site.27, 0, 128, 128
537012.5.peg.3784.site.28, 1, 128, 129
537012.5.peg.3784.site.29, 1, 133, 134
537012.5.peg.3784.site.30, 0, 134, 134
537012.5.peg.3784.site.31, 1, 134, 135
537012.5.peg.3784.site.32, 6, 132, 138
537012.5.peg.3784.site.33, 100, 132, 232
537012.5.peg.3784.site.34, 4, 131, 135
537012.5.peg.3784.site.35, 17, 133, 150
537012.5.peg.3784.site.36, 2, 134, 136
537012.5.peg.3784.site.37, 16, 133, 149
537012.5.peg.3784.site.38, 62, 130, 192
537012.5.peg.3784.site.39, 4, 132, 136
537012.5.peg.3784.site.40, 2, 130, 132
537012.5.peg.3784.site.41, 11, 131, 142
537012.5.peg.3784.site.42, 3, 130, 133
537012.5.peg.3784.site.43, 2, 128, 130
537012.5.peg.3784.site.44, 23, 115, 138
537012.5.peg.3784.site.45, 5, 129, 134
537012.5.peg.5021.site.1, 40, 133, 173
537012.5.peg.5021.site.2, 1, 133, 134
537012.5.peg.5021.site.3, 40, 133, 173
537012.5.peg.5021.site.4, 7, 133, 140
537012.5.peg.5021.site.5, 30, 133, 163
537012.5.peg.5021.site.6, 7, 133, 140
537012.5.peg.5021.site.7, 6, 133, 139
537012.5.peg.5021.site.8, 1, 134, 135
537012.5.peg.5021.site.9, 49, 132, 181
537012.5.peg.5021.site.10, 1, 134, 135
537012.5.peg.5021.site.11, 1, 134, 135
537012.5.peg.5021.site.12, 4, 134, 138
537012.5.peg.5021.site.13, 1, 134, 135
537012.5.peg.5021.site.14, 54, 132, 186
537012.5.peg.5021.site.15, 2, 133, 135
537012.5.peg.5021.site.16, 7, 134, 141
537012.5.peg.5021.site.17, 96, 132, 228
537012.5.peg.5021.site.18, 125, 133, 258
537012.5.peg.5021.site.19, 90, 133, 223
537012.5.peg.5021.site.20, 7, 133, 140
537012.5.peg.5021.site.21, 1, 134, 135
537012.5.peg.5021.site.22, 2, 134, 136
537012.5.peg.5021.site.23, 5, 133, 138
537012.5.peg.5021.site.24, 1, 133, 134
537012.5.peg.5021.site.25, 5, 129, 134
537012.5.peg.5021.site.26, 3, 129, 132
537012.5.peg.5021.site.27, 1, 131, 132
537012.5.peg.5021.site.28, 2, 132, 134
537012.5.peg.5021.site.29, 4, 129, 133
537012.5.peg.5021.site.30, 3, 132, 135
537012.5.peg.5021.site.31, 8, 133, 141
537012.5.peg.5021.site.32, 9, 131, 140
537012.5.peg.5021.site.33, 1, 133, 134
537012.5.peg.5021.site.34, 65, 131, 196
537012.5.peg.5021.site.35, 3, 133, 136
537012.5.peg.5021.site.36, 10, 131, 141
537012.5.peg.5021.site.37, 6, 133, 139
537012.5.peg.5021.site.38, 11, 131, 142
537012.5.peg.5021.site.39, 7, 134, 141
537012.5.peg.5021.site.40, 76, 131, 207
537012.5.peg.5021.site.41, 1, 132, 133
537012.5.peg.5021.site.42, 1, 132, 133
537012.5.peg.5021.site.43, 11, 131, 142
537012.5.peg.5021.site.44, 23, 133, 156
537012.5.peg.5021.site.45, 30, 132, 162
537012.5.peg.5021.site.46, 3, 134, 137
537012.5.peg.5020.site.1, 1, 134, 135
537012.5.peg.5020.site.2, 63, 133, 196
537012.5.peg.5020.site.3, 4, 133, 137
537012.5.peg.5020.site.4, 118, 132, 250
537012.5.peg.5020.site.5, 47, 132, 179
537012.5.peg.5020.site.6, 5, 131, 136
537012.5.peg.5020.site.7, 37, 133, 170
537012.5.peg.5020.site.8, 7, 133, 140
537012.5.peg.5020.site.9, 22, 134, 156
537012.5.peg.5020.site.10, 2, 134, 136
537012.5.peg.5020.site.11, 119, 132, 251
537012.5.peg.5020.site.12, 2, 131, 133
537012.5.peg.5020.site.13, 3, 132, 135
537012.5.peg.5020.site.14, 2, 132, 134
537012.5.peg.5020.site.15, 2, 130, 132
537012.5.peg.5020.site.16, 4, 131, 135
537012.5.peg.5020.site.17, 92, 132, 224
537012.5.peg.5020.site.18, 2, 130, 132
537012.5.peg.5020.site.19, 1, 133, 134
537012.5.peg.5020.site.20, 1, 134, 135
537012.5.peg.5020.site.21, 5, 132, 137
537012.5.peg.5020.site.22, 12, 133, 145
537012.5.peg.5020.site.23, 5, 133, 138
537012.5.peg.5023.site.1, 1, 128, 129
537012.5.peg.5023.site.2, 4, 125, 129
537012.5.peg.5023.site.3, 121, 125, 246
537012.5.peg.5023.site.4, 3, 125, 128
537012.5.peg.5023.site.5, 3, 125, 128
537012.5.peg.5023.site.6, 4, 126, 130
537012.5.peg.5023.site.7, 2, 126, 128
537012.5.peg.5023.site.8, 4, 126, 130
537012.5.peg.5023.site.9, 2, 124, 126
537012.5.peg.5023.site.10, 1, 129, 130
537012.5.peg.5023.site.11, 7, 129, 136
537012.5.peg.5023.site.12, 7, 129, 136
537012.5.peg.5023.site.13, 91, 128, 219
537012.5.peg.5023.site.14, 14, 129, 143
537012.5.peg.5023.site.15, 6, 129, 135
537012.5.peg.5023.site.16, 6, 129, 135
537012.5.peg.5023.site.17, 1, 129, 130
537012.5.peg.5023.site.18, 9, 128, 137
537012.5.peg.5023.site.19, 11, 128, 139
537012.5.peg.5023.site.20, 3, 126, 129
537012.5.peg.5023.site.21, 3, 126, 129
537012.5.peg.5023.site.22, 5, 128, 133
537012.5.peg.5023.site.23, 3, 131, 134
537012.5.peg.5023.site.24, 3, 134, 137
537012.5.peg.5023.site.25, 6, 134, 140
537012.5.peg.5023.site.26, 1, 134, 135
537012.5.peg.5022.site.1, 3, 134, 137
537012.5.peg.5022.site.2, 17, 134, 151
537012.5.peg.5022.site.3, 3, 130, 133
537012.5.peg.5022.site.4, 0, 126, 126
537012.5.peg.5022.site.5, 4, 125, 129
537012.5.peg.5022.site.6, 5, 126, 131
537012.5.peg.5022.site.7, 6, 127, 133
537012.5.peg.5022.site.8, 11, 132, 143
537012.5.peg.5022.site.9, 11, 132, 143
537012.5.peg.5022.site.10, 2, 134, 136
537012.5.peg.5022.site.11, 1, 134, 135
537012.5.peg.5022.site.12, 1, 134, 135
537012.5.peg.5022.site.13, 6, 134, 140
537012.5.peg.5022.site.14, 24, 133, 157
537012.5.peg.5022.site.15, 7, 134, 141
537012.5.peg.5022.site.16, 1, 134, 135
537012.5.peg.5022.site.17, 17, 134, 151
537012.5.peg.5022.site.18, 4, 132, 136
537012.5.peg.5022.site.19, 37, 134, 171
537012.5.peg.5022.site.20, 7, 133, 140
537012.5.peg.5022.site.21, 37, 133, 170
537012.5.peg.5022.site.22, 7, 134, 141
537012.5.peg.5022.site.23, 1, 134, 135
537012.5.peg.5022.site.24, 7, 134, 141
537012.5.peg.5022.site.25, 0, 134, 134
537012.5.peg.5022.site.26, 4, 132, 136
537012.5.peg.5022.site.27, 6, 132, 138
537012.5.peg.5022.site.28, 6, 133, 139
537012.5.peg.5022.site.29, 12, 133, 145
537012.5.peg.5022.site.30, 3, 131, 134
537012.5.peg.5025.site.1, 47, 132, 179
537012.5.peg.5025.site.2, 2, 131, 133
537012.5.peg.5025.site.3, 9, 132, 141
537012.5.peg.5025.site.4, 7, 130, 137
537012.5.peg.5025.site.5, 2, 130, 132
537012.5.peg.5025.site.6, 1, 130, 131
537012.5.peg.5025.site.7, 0, 130, 130
537012.5.peg.5025.site.8, 38, 129, 167
537012.5.peg.5025.site.9, 1, 130, 131
537012.5.peg.5025.site.10, 6, 130, 136
537012.5.peg.5025.site.11, 1, 134, 135
537012.5.peg.5025.site.12, 3, 132, 135
537012.5.peg.5025.site.13, 11, 134, 145
537012.5.peg.5025.site.14, 3, 131, 134
537012.5.peg.5025.site.15, 6, 129, 135
537012.5.peg.5025.site.16, 30, 130, 160
537012.5.peg.5025.site.17, 9, 131, 140
537012.5.peg.5025.site.18, 5, 133, 138
537012.5.peg.5025.site.19, 8, 133, 141
537012.5.peg.5025.site.20, 24, 133, 157
537012.5.peg.5024.site.1, 2, 124, 126
537012.5.peg.5024.site.2, 3, 126, 129
537012.5.peg.5024.site.3, 1, 130, 131
537012.5.peg.5024.site.4, 9, 129, 138
537012.5.peg.5024.site.5, 2, 129, 131
537012.5.peg.5024.site.6, 26, 128, 154
537012.5.peg.5024.site.7, 10, 129, 139
537012.5.peg.5024.site.8, 1, 129, 130
537012.5.peg.5024.site.9, 6, 128, 134
537012.5.peg.5024.site.10, 19, 128, 147
537012.5.peg.5024.site.11, 6, 126, 132
537012.5.peg.5024.site.12, 17, 129, 146
537012.5.peg.5024.site.13, 4, 128, 132
537012.5.peg.5024.site.14, 7, 130, 137
537012.5.peg.5024.site.15, 3, 131, 134
537012.5.peg.5024.site.16, 7, 133, 140
537012.5.peg.5024.site.17, 11, 134, 145
537012.5.peg.5024.site.18, 1, 134, 135
537012.5.peg.5027.site.1, 0, 132, 132
537012.5.peg.5027.site.2, 1, 133, 134
537012.5.peg.5027.site.3, 5, 132, 137
537012.5.peg.5027.site.4, 6, 131, 137
537012.5.peg.5027.site.5, 2, 132, 134
537012.5.peg.5027.site.6, 0, 133, 133
537012.5.peg.5027.site.7, 0, 134, 134
537012.5.peg.5027.site.8, 1, 134, 135
537012.5.peg.5027.site.9, 1, 134, 135
537012.5.peg.5027.site.10, 8, 134, 142
537012.5.peg.5027.site.11, 5, 132, 137
537012.5.peg.5027.site.12, 0, 134, 134
537012.5.peg.5027.site.13, 112, 134, 246
537012.5.peg.5027.site.14, 3, 134, 137
537012.5.peg.5027.site.15, 2, 134, 136
537012.5.peg.5027.site.16, 0, 133, 133
537012.5.peg.5026.site.1, 4, 132, 136
537012.5.peg.5026.site.2, 13, 134, 147
537012.5.peg.5026.site.3, 2, 134, 136
537012.5.peg.5026.site.4, 2, 134, 136
537012.5.peg.5026.site.5, 2, 134, 136
537012.5.peg.5026.site.6, 1, 134, 135
537012.5.peg.5026.site.7, 2, 134, 136
537012.5.peg.5026.site.8, 4, 132, 136
537012.5.peg.5026.site.9, 33, 134, 167
537012.5.peg.5026.site.10, 12, 133, 145
537012.5.peg.5026.site.11, 0, 134, 134
537012.5.peg.5026.site.12, 1, 133, 134
537012.5.peg.887.site.1, 1, 119, 120
537012.5.peg.887.site.2, 3, 117, 120
537012.5.peg.887.site.3, 4, 120, 124
537012.5.peg.887.site.4, 11, 122, 133
537012.5.peg.887.site.5, 11, 120, 131
537012.5.peg.887.site.6, 8, 116, 124
537012.5.peg.887.site.7, 4, 121, 125
537012.5.peg.887.site.8, 2, 118, 120
537012.5.peg.887.site.9, 1, 117, 118
537012.5.peg.887.site.10, 1, 117, 118
537012.5.peg.887.site.11, 1, 118, 119
537012.5.peg.887.site.12, 1, 119, 120
537012.5.peg.887.site.13, 1, 119, 120
537012.5.peg.887.site.14, 44, 120, 164
537012.5.peg.887.site.15, 1, 120, 121
537012.5.peg.887.site.16, 1, 119, 120
537012.5.peg.887.site.17, 1, 119, 120
537012.5.peg.887.site.18, 1, 117, 118
537012.5.peg.887.site.19, 3, 119, 122
537012.5.peg.887.site.20, 16, 122, 138
537012.5.peg.887.site.21, 4, 120, 124
537012.5.peg.887.site.22, 0, 118, 118
537012.5.peg.887.site.23, 86, 117, 203
537012.5.peg.887.site.24, 8, 119, 127
537012.5.peg.887.site.25, 1, 119, 120
537012.5.peg.887.site.26, 1, 120, 121
537012.5.peg.1051.site.1, 8, 72, 80
537012.5.peg.1051.site.2, 1, 124, 125
537012.5.peg.1051.site.3, 13, 128, 141
537012.5.peg.1051.site.4, 1, 128, 129
537012.5.peg.1051.site.5, 16, 128, 144
537012.5.peg.1051.site.6, 0, 126, 126
537012.5.peg.1051.site.7, 10, 129, 139
537012.5.peg.1051.site.8, 15, 127, 142
537012.5.peg.1051.site.9, 1, 127, 128
537012.5.peg.1051.site.10, 24, 122, 146
537012.5.peg.1051.site.11, 2, 120, 122
537012.5.peg.1051.site.12, 5, 117, 122
537012.5.peg.1051.site.13, 1, 116, 117
537012.5.peg.1051.site.14, 1, 112, 113
537012.5.peg.1051.site.15, 3, 115, 118
537012.5.peg.1051.site.16, 2, 113, 115
537012.5.peg.1051.site.17, 5, 112, 117
537012.5.peg.1051.site.18, 6, 112, 118
537012.5.peg.1051.site.19, 1, 114, 115
537012.5.peg.1051.site.20, 13, 113, 126
537012.5.peg.1051.site.21, 45, 114, 159
537012.5.peg.1051.site.22, 3, 115, 118
537012.5.peg.1051.site.23, 4, 115, 119
537012.5.peg.1051.site.24, 0, 117, 117
537012.5.peg.1051.site.25, 9, 121, 130
537012.5.peg.1051.site.26, 31, 130, 161
537012.5.peg.1051.site.27, 3, 130, 133
537012.5.peg.1051.site.28, 3, 130, 133
537012.5.peg.1051.site.29, 2, 130, 132
537012.5.peg.1051.site.30, 1, 130, 131
537012.5.peg.1051.site.31, 17, 130, 147
537012.5.peg.1051.site.32, 1, 130, 131
537012.5.peg.1051.site.33, 1, 130, 131
537012.5.peg.1051.site.34, 17, 130, 147
537012.5.peg.1051.site.35, 3, 128, 131
537012.5.peg.1051.site.36, 5, 128, 133
537012.5.peg.1051.site.37, 3, 129, 132
537012.5.peg.1051.site.38, 0, 129, 129
537012.5.peg.1051.site.39, 14, 129, 143
537012.5.peg.1051.site.40, 1, 130, 131
537012.5.peg.1051.site.41, 1, 129, 130
537012.5.peg.1051.site.42, 3, 130, 133
537012.5.peg.1051.site.43, 2, 130, 132
537012.5.peg.1051.site.44, 1, 129, 130
537012.5.peg.1051.site.45, 1, 130, 131
537012.5.peg.1051.site.46, 4, 132, 136
537012.5.peg.1051.site.47, 3, 131, 134
537012.5.peg.885.site.1, 2, 130, 132
537012.5.peg.885.site.2, 21, 130, 151
537012.5.peg.885.site.3, 1, 129, 130
537012.5.peg.885.site.4, 4, 129, 133
537012.5.peg.885.site.5, 1, 121, 122
537012.5.peg.885.site.6, 1, 121, 122
537012.5.peg.885.site.7, 1, 119, 120
537012.5.peg.885.site.8, 8, 120, 128
537012.5.peg.885.site.9, 1, 120, 121
537012.5.peg.885.site.10, 36, 120, 156
537012.5.peg.885.site.11, 1, 122, 123
537012.5.peg.885.site.12, 4, 122, 126
537012.5.peg.885.site.13, 1, 123, 124
537012.5.peg.885.site.14, 39, 122, 161
537012.5.peg.885.site.15, 77, 124, 201
537012.5.peg.885.site.16, 1, 123, 124
537012.5.peg.885.site.17, 24, 123, 147
537012.5.peg.885.site.18, 1, 124, 125
537012.5.peg.885.site.19, 31, 121, 152
537012.5.peg.885.site.20, 4, 120, 124
537012.5.peg.885.site.21, 4, 123, 127
537012.5.peg.884.site.1, 16, 130, 146
537012.5.peg.884.site.2, 4, 127, 131
537012.5.peg.884.site.3, 4, 128, 132
537012.5.peg.884.site.4, 10, 128, 138
537012.5.peg.884.site.5, 11, 128, 139
537012.5.peg.884.site.6, 4, 128, 132
537012.5.peg.884.site.7, 84, 129, 213
537012.5.peg.884.site.8, 6, 130, 136
537012.5.peg.884.site.9, 40, 129, 169
537012.5.peg.884.site.10, 6, 129, 135
537012.5.peg.884.site.11, 5, 129, 134
537012.5.peg.884.site.12, 6, 130, 136
537012.5.peg.884.site.13, 13, 128, 141
537012.5.peg.883.site.1, 41, 47, 88
537012.5.peg.883.site.2, 4, 126, 130
537012.5.peg.883.site.3, 3, 127, 130
537012.5.peg.883.site.4, 1, 127, 128
537012.5.peg.883.site.5, 25, 125, 150
537012.5.peg.883.site.6, 78, 126, 204
537012.5.peg.883.site.7, 7, 125, 132
537012.5.peg.883.site.8, 3, 126, 129
537012.5.peg.883.site.9, 7, 124, 131
537012.5.peg.883.site.10, 48, 124, 172
537012.5.peg.883.site.11, 3, 127, 130
537012.5.peg.883.site.12, 11, 130, 141
537012.5.peg.883.site.13, 4, 129, 133
537012.5.peg.883.site.14, 2, 130, 132
537012.5.peg.883.site.15, 33, 130, 163
537012.5.peg.883.site.16, 25, 129, 154
537012.5.peg.883.site.17, 13, 130, 143
537012.5.peg.883.site.18, 18, 129, 147
537012.5.peg.883.site.19, 1, 130, 131
537012.5.peg.883.site.20, 2, 129, 131
537012.5.peg.883.site.21, 5, 129, 134
537012.5.peg.883.site.22, 7, 130, 137
537012.5.peg.883.site.23, 6, 130, 136
537012.5.peg.883.site.24, 47, 128, 175
537012.5.peg.883.site.25, 5, 129, 134
537012.5.peg.883.site.26, 123, 127, 250
537012.5.peg.883.site.27, 7, 126, 133
537012.5.peg.883.site.28, 1, 126, 127
537012.5.peg.883.site.29, 3, 130, 133
537012.5.peg.883.site.30, 7, 129, 136
537012.5.peg.883.site.31, 7, 130, 137
537012.5.peg.883.site.32, 44, 127, 171
537012.5.peg.883.site.33, 1, 130, 131
537012.5.peg.883.site.34, 1, 130, 131
537012.5.peg.883.site.35, 1, 130, 131
537012.5.peg.883.site.36, 7, 130, 137
537012.5.peg.883.site.37, 7, 127, 134
537012.5.peg.883.site.38, 33, 130, 163
537012.5.peg.883.site.39, 5, 129, 134
537012.5.peg.883.site.40, 7, 128, 135
537012.5.peg.883.site.41, 5, 129, 134
537012.5.peg.883.site.42, 12, 129, 141
537012.5.peg.883.site.43, 15, 128, 143
537012.5.peg.883.site.44, 7, 129, 136
537012.5.peg.883.site.45, 106, 129, 235
537012.5.peg.883.site.46, 97, 129, 226
537012.5.peg.883.site.47, 12, 129, 141
537012.5.peg.883.site.48, 1, 130, 131
537012.5.peg.883.site.49, 5, 129, 134
537012.5.peg.883.site.50, 2, 129, 131
537012.5.peg.883.site.51, 1, 130, 131
537012.5.peg.883.site.52, 7, 129, 136
537012.5.peg.883.site.53, 7, 128, 135
537012.5.peg.883.site.54, 4, 127, 131
537012.5.peg.883.site.55, 13, 127, 140
537012.5.peg.883.site.56, 27, 130, 157
537012.5.peg.883.site.57, 2, 129, 131
537012.5.peg.883.site.58, 7, 130, 137
537012.5.peg.883.site.59, 1, 130, 131
537012.5.peg.883.site.60, 2, 124, 126
537012.5.peg.882.site.1, 2, 114, 116
537012.5.peg.882.site.2, 3, 127, 130
537012.5.peg.882.site.3, 41, 126, 167
537012.5.peg.1056.site.1, 2, 133, 135
537012.5.peg.1056.site.2, 2, 133, 135
537012.5.peg.1056.site.3, 14, 133, 147
537012.5.peg.1056.site.4, 3, 133, 136
537012.5.peg.1056.site.5, 12, 131, 143
537012.5.peg.1056.site.6, 29, 133, 162
537012.5.peg.1056.site.7, 1, 134, 135
537012.5.peg.1056.site.8, 1, 134, 135
537012.5.peg.1056.site.9, 0, 134, 134
537012.5.peg.1056.site.10, 1, 134, 135
537012.5.peg.1056.site.11, 1, 134, 135
537012.5.peg.1056.site.12, 18, 134, 152
537012.5.peg.1056.site.13, 4, 134, 138
537012.5.peg.1056.site.14, 5, 134, 139
537012.5.peg.1056.site.15, 8, 133, 141
537012.5.peg.1056.site.16, 23, 134, 157
537012.5.peg.1056.site.17, 0, 134, 134
537012.5.peg.1056.site.18, 1, 134, 135
537012.5.peg.1056.site.19, 8, 134, 142
537012.5.peg.1056.site.20, 19, 133, 152
537012.5.peg.1056.site.21, 1, 134, 135
537012.5.peg.1056.site.22, 3, 134, 137
537012.5.peg.1056.site.23, 31, 133, 164
537012.5.peg.1056.site.24, 2, 134, 136
537012.5.peg.1056.site.25, 26, 134, 160
537012.5.peg.1056.site.26, 1, 134, 135
537012.5.peg.1056.site.27, 3, 134, 137
537012.5.peg.1056.site.28, 1, 134, 135
537012.5.peg.1056.site.29, 3, 134, 137
537012.5.peg.1056.site.30, 22, 131, 153
537012.5.peg.1057.site.1, 1, 134, 135
537012.5.peg.1057.site.2, 1, 134, 135
537012.5.peg.1057.site.3, 16, 133, 149
537012.5.peg.1057.site.4, 12, 132, 144
537012.5.peg.1057.site.5, 16, 133, 149
537012.5.peg.1057.site.6, 1, 132, 133
537012.5.peg.1057.site.7, 1, 134, 135
537012.5.peg.1057.site.8, 1, 134, 135
537012.5.peg.1057.site.9, 4, 133, 137
537012.5.peg.1057.site.10, 1, 134, 135
537012.5.peg.1057.site.11, 5, 134, 139
537012.5.peg.1057.site.12, 17, 134, 151
537012.5.peg.1057.site.13, 11, 134, 145
537012.5.peg.1057.site.14, 1, 134, 135
537012.5.peg.1057.site.15, 1, 134, 135
537012.5.peg.1057.site.16, 41, 133, 174
537012.5.peg.1057.site.17, 1, 134, 135
537012.5.peg.1057.site.18, 23, 133, 156
537012.5.peg.1057.site.19, 14, 133, 147
537012.5.peg.1057.site.20, 3, 133, 136
537012.5.peg.1057.site.21, 15, 131, 146
537012.5.peg.1057.site.22, 9, 126, 135
537012.5.peg.1057.site.23, 3, 119, 122
537012.5.peg.1057.site.24, 0, 119, 119
537012.5.peg.1057.site.25, 1, 114, 115
537012.5.peg.1057.site.26, 38, 114, 152
537012.5.peg.1057.site.27, 39, 115, 154
537012.5.peg.1057.site.28, 3, 121, 124
537012.5.peg.1057.site.29, 1, 123, 124
537012.5.peg.1057.site.30, 23, 123, 146
537012.5.peg.1057.site.31, 23, 130, 153
537012.5.peg.1057.site.32, 133, 134, 267
537012.5.peg.1057.site.33, 32, 132, 164
537012.5.peg.1057.site.34, 103, 134, 237
537012.5.peg.1057.site.35, 104, 134, 238
537012.5.peg.1057.site.36, 1, 134, 135
537012.5.peg.1057.site.37, 26, 133, 159
537012.5.peg.1057.site.38, 3, 123, 126
537012.5.peg.1057.site.39, 3, 123, 126
537012.5.peg.1057.site.40, 38, 123, 161
537012.5.peg.1057.site.41, 17, 123, 140
537012.5.peg.1057.site.42, 35, 123, 158
537012.5.peg.1057.site.43, 8, 125, 133
537012.5.peg.1057.site.44, 1, 133, 134
537012.5.peg.1057.site.45, 60, 134, 194
537012.5.peg.1057.site.46, 2, 134, 136
537012.5.peg.1057.site.47, 10, 132, 142
537012.5.peg.1057.site.48, 46, 132, 178
537012.5.peg.1057.site.49, 30, 131, 161
537012.5.peg.1057.site.50, 9, 130, 139
537012.5.peg.1057.site.51, 3, 125, 128
537012.5.peg.1057.site.52, 0, 122, 122
537012.5.peg.1057.site.53, 18, 122, 140
537012.5.peg.1057.site.54, 16, 121, 137
537012.5.peg.1057.site.55, 20, 125, 145
537012.5.peg.1057.site.56, 0, 122, 122
537012.5.peg.1057.site.57, 101, 123, 224
537012.5.peg.1057.site.58, 18, 123, 141
537012.5.peg.1057.site.59, 17, 122, 139
537012.5.peg.1057.site.60, 23, 123, 146
537012.5.peg.1057.site.61, 8, 114, 122
537012.5.peg.1057.site.62, 6, 112, 118
537012.5.peg.1057.site.63, 8, 114, 122
537012.5.peg.1057.site.64, 0, 114, 114
537012.5.peg.1057.site.65, 4, 119, 123
537012.5.peg.1057.site.66, 5, 126, 131
537012.5.peg.1057.site.67, 12, 127, 139
537012.5.peg.1057.site.68, 35, 128, 163
537012.5.peg.1057.site.69, 15, 134, 149
537012.5.peg.1057.site.70, 11, 134, 145
537012.5.peg.1057.site.71, 15, 134, 149
537012.5.peg.1057.site.72, 10, 133, 143
537012.5.peg.1057.site.73, 10, 134, 144
537012.5.peg.1057.site.74, 3, 130, 133
537012.5.peg.1057.site.75, 11, 131, 142
537012.5.peg.1057.site.76, 30, 132, 162
537012.5.peg.1057.site.77, 1, 134, 135
537012.5.peg.1057.site.78, 60, 131, 191
537012.5.peg.1057.site.79, 1, 133, 134
537012.5.peg.1057.site.80, 1, 134, 135
537012.5.peg.1455.site.1, 38, 107, 145
537012.5.peg.1455.site.2, 1, 131, 132
537012.5.peg.1455.site.3, 3, 130, 133
537012.5.peg.1455.site.4, 0, 123, 123
537012.5.peg.1455.site.5, 0, 124, 124
537012.5.peg.1455.site.6, 58, 124, 182
537012.5.peg.1455.site.7, 5, 126, 131
537012.5.peg.1455.site.8, 37, 131, 168
537012.5.peg.1455.site.9, 1, 134, 135
537012.5.peg.1455.site.10, 2, 133, 135
537012.5.peg.1455.site.11, 111, 134, 245
537012.5.peg.1455.site.12, 31, 134, 165
537012.5.peg.1455.site.13, 5, 133, 138
537012.5.peg.1455.site.14, 3, 131, 134
537012.5.peg.1455.site.15, 1, 133, 134
537012.5.peg.1455.site.16, 5, 132, 137
537012.5.peg.1455.site.17, 1, 129, 130
537012.5.peg.1455.site.18, 89, 128, 217
537012.5.peg.1455.site.19, 89, 129, 218
537012.5.peg.1455.site.20, 2, 131, 133
537012.5.peg.1455.site.21, 4, 133, 137
537012.5.peg.1455.site.22, 0, 134, 134
537012.5.peg.1455.site.23, 3, 134, 137
537012.5.peg.1455.site.24, 12, 134, 146
537012.5.peg.1455.site.25, 9, 133, 142
537012.5.peg.1455.site.26, 101, 134, 235
537012.5.peg.1455.site.27, 1, 134, 135
537012.5.peg.1455.site.28, 103, 134, 237
537012.5.peg.1455.site.29, 4, 132, 136
537012.5.peg.1455.site.30, 0, 133, 133
537012.5.peg.1455.site.31, 4, 132, 136
537012.5.peg.1455.site.32, 15, 133, 148
537012.5.peg.1455.site.33, 10, 134, 144
537012.5.peg.1455.site.34, 7, 133, 140
537012.5.peg.1455.site.35, 4, 132, 136
537012.5.peg.1455.site.36, 1, 131, 132
537012.5.peg.1455.site.37, 85, 131, 216
537012.5.peg.1455.site.38, 9, 130, 139
537012.5.peg.1455.site.39, 1, 130, 131
537012.5.peg.1455.site.40, 1, 130, 131
537012.5.peg.1455.site.41, 0, 129, 129
537012.5.peg.1455.site.42, 0, 129, 129
537012.5.peg.1455.site.43, 5, 130, 135
537012.5.peg.1455.site.44, 0, 128, 128
537012.5.peg.1455.site.45, 2, 129, 131
537012.5.peg.1455.site.46, 2, 131, 133
537012.5.peg.1455.site.47, 5, 130, 135
537012.5.peg.1455.site.48, 2, 131, 133
537012.5.peg.1455.site.49, 10, 133, 143
537012.5.peg.1455.site.50, 2, 131, 133
537012.5.peg.1455.site.51, 1, 133, 134
537012.5.peg.1455.site.52, 2, 132, 134
537012.5.peg.1455.site.53, 3, 132, 135
537012.5.peg.1455.site.54, 26, 130, 156
537012.5.peg.1455.site.55, 1, 130, 131
537012.5.peg.1455.site.56, 3, 129, 132
537012.5.peg.1455.site.57, 3, 129, 132
537012.5.peg.1455.site.58, 7, 129, 136
537012.5.peg.1455.site.59, 2, 129, 131
537012.5.peg.1455.site.60, 22, 130, 152
537012.5.peg.1455.site.61, 5, 130, 135
537012.5.peg.1455.site.62, 3, 130, 133
537012.5.peg.1455.site.63, 1, 130, 131
537012.5.peg.1455.site.64, 1, 130, 131
537012.5.peg.1455.site.65, 1, 130, 131
537012.5.peg.1455.site.66, 17, 129, 146
537012.5.peg.1455.site.67, 1, 131, 132
537012.5.peg.1455.site.68, 1, 130, 131
537012.5.peg.1455.site.69, 104, 129, 233
537012.5.peg.1455.site.70, 13, 130, 143
537012.5.peg.1455.site.71, 0, 130, 130
537012.5.peg.1455.site.72, 41, 129, 170
537012.5.peg.1455.site.73, 6, 130, 136
537012.5.peg.1455.site.74, 49, 130, 179
537012.5.peg.1455.site.75, 17, 131, 148
537012.5.peg.1455.site.76, 6, 131, 137
537012.5.peg.1455.site.77, 1, 130, 131
537012.5.peg.1455.site.78, 2, 130, 132
537012.5.peg.1455.site.79, 3, 129, 132
537012.5.peg.1455.site.80, 5, 131, 136
537012.5.peg.1455.site.81, 2, 130, 132
537012.5.peg.1455.site.82, 5, 132, 137
537012.5.peg.1455.site.83, 10, 131, 141
537012.5.peg.1455.site.84, 19, 130, 149
537012.5.peg.1455.site.85, 3, 131, 134
537012.5.peg.1455.site.86, 2, 130, 132
537012.5.peg.1455.site.87, 58, 128, 186
537012.5.peg.1456.site.1, 2, 130, 132
537012.5.peg.1456.site.2, 1, 132, 133
537012.5.peg.1456.site.3, 2, 131, 133
537012.5.peg.1456.site.4, 4, 132, 136
537012.5.peg.1456.site.5, 1, 133, 134
537012.5.peg.1456.site.6, 1, 134, 135
537012.5.peg.1456.site.7, 46, 133, 179
537012.5.peg.1456.site.8, 1, 134, 135
537012.5.peg.1456.site.9, 6, 134, 140
537012.5.peg.1456.site.10, 17, 134, 151
537012.5.peg.1456.site.11, 2, 134, 136
537012.5.peg.1456.site.12, 8, 134, 142
537012.5.peg.1457.site.1, 31, 134, 165
537012.5.peg.1457.site.2, 8, 132, 140
537012.5.peg.1457.site.3, 35, 134, 169
537012.5.peg.1457.site.4, 3, 130, 133
537012.5.peg.1457.site.5, 4, 131, 135
537012.5.peg.959.site.1, 1, 134, 135
537012.5.peg.959.site.2, 4, 133, 137
537012.5.peg.959.site.3, 60, 132, 192
537012.5.peg.958.site.1, 1, 131, 132
537012.5.peg.958.site.2, 8, 131, 139
537012.5.peg.958.site.3, 12, 130, 142
537012.5.peg.958.site.4, 12, 130, 142
537012.5.peg.958.site.5, 11, 127, 138
537012.5.peg.958.site.6, 11, 129, 140
537012.5.peg.958.site.7, 10, 130, 140
537012.5.peg.958.site.8, 4, 130, 134
537012.5.peg.958.site.9, 1, 130, 131
537012.5.peg.958.site.10, 1, 121, 122
537012.5.peg.958.site.11, 2, 119, 121
537012.5.peg.958.site.12, 3, 119, 122
537012.5.peg.958.site.13, 9, 122, 131
537012.5.peg.958.site.14, 7, 131, 138
537012.5.peg.958.site.15, 21, 132, 153
537012.5.peg.958.site.16, 66, 131, 197
537012.5.peg.958.site.17, 1, 130, 131
537012.5.peg.958.site.18, 3, 130, 133
537012.5.peg.958.site.19, 3, 125, 128
537012.5.peg.958.site.20, 7, 126, 133
537012.5.peg.958.site.21, 1, 121, 122
537012.5.peg.958.site.22, 8, 119, 127
537012.5.peg.958.site.23, 5, 120, 125
537012.5.peg.958.site.24, 1, 130, 131
537012.5.peg.958.site.25, 0, 133, 133
537012.5.peg.958.site.26, 0, 133, 133
537012.5.peg.958.site.27, 0, 133, 133
537012.5.peg.1453.site.1, 26, 125, 151
537012.5.peg.1453.site.2, 5, 127, 132
537012.5.peg.1453.site.3, 11, 126, 137
537012.5.peg.1453.site.4, 10, 125, 135
537012.5.peg.1453.site.5, 23, 124, 147
537012.5.peg.1453.site.6, 7, 134, 141
537012.5.peg.1453.site.7, 4, 132, 136
537012.5.peg.1453.site.8, 7, 134, 141
537012.5.peg.1453.site.9, 6, 134, 140
537012.5.peg.1453.site.10, 5, 131, 136
537012.5.peg.1453.site.11, 1, 119, 120
537012.5.peg.1453.site.12, 21, 122, 143
537012.5.peg.1453.site.13, 19, 122, 141
537012.5.peg.1453.site.14, 1, 128, 129
537012.5.peg.1453.site.15, 0, 127, 127
537012.5.peg.1453.site.16, 6, 128, 134
537012.5.peg.1453.site.17, 10, 128, 138
537012.5.peg.1453.site.18, 1, 128, 129
537012.5.peg.1453.site.19, 11, 128, 139
537012.5.peg.1453.site.20, 103, 124, 227
537012.5.peg.1453.site.21, 19, 123, 142
537012.5.peg.1453.site.22, 16, 124, 140
537012.5.peg.1453.site.23, 11, 115, 126
537012.5.peg.1453.site.24, 17, 109, 126
537012.5.peg.1453.site.25, 0, 115, 115
537012.5.peg.1453.site.26, 4, 126, 130
537012.5.peg.1453.site.27, 3, 126, 129
537012.5.peg.1453.site.28, 13, 125, 138
537012.5.peg.1453.site.29, 1, 124, 125
537012.5.peg.1453.site.30, 1, 121, 122
537012.5.peg.1453.site.31, 1, 122, 123
537012.5.peg.1453.site.32, 113, 122, 235
537012.5.peg.1453.site.33, 1, 126, 127
537012.5.peg.1453.site.34, 2, 126, 128
537012.5.peg.1453.site.35, 19, 128, 147
537012.5.peg.1453.site.36, 9, 127, 136
537012.5.peg.1453.site.37, 2, 129, 131
537012.5.peg.1453.site.38, 0, 129, 129
537012.5.peg.1453.site.39, 7, 124, 131
537012.5.peg.1453.site.40, 17, 124, 141
537012.5.peg.1453.site.41, 19, 124, 143
537012.5.peg.1453.site.42, 54, 121, 175
537012.5.peg.1453.site.43, 5, 112, 117
537012.5.peg.1453.site.44, 4, 112, 116
537012.5.peg.1453.site.45, 3, 112, 115
537012.5.peg.1453.site.46, 1, 114, 115
537012.5.peg.1453.site.47, 1, 113, 114
537012.5.peg.1453.site.48, 1, 113, 114
537012.5.peg.1453.site.49, 19, 120, 139
537012.5.peg.1453.site.50, 8, 123, 131
537012.5.peg.1453.site.51, 4, 123, 127
537012.5.peg.1453.site.52, 52, 127, 179
537012.5.peg.1453.site.53, 17, 128, 145
537012.5.peg.1453.site.54, 10, 128, 138
537012.5.peg.1453.site.55, 3, 128, 131
537012.5.peg.1453.site.56, 3, 123, 126
537012.5.peg.1453.site.57, 2, 124, 126
537012.5.peg.1453.site.58, 2, 124, 126
537012.5.peg.1453.site.59, 2, 123, 125
537012.5.peg.1453.site.60, 2, 123, 125
537012.5.peg.1453.site.61, 5, 126, 131
537012.5.peg.1453.site.62, 4, 126, 130
537012.5.peg.1453.site.63, 7, 128, 135
537012.5.peg.1453.site.64, 0, 128, 128
537012.5.peg.955.site.1, 1, 133, 134
537012.5.peg.955.site.2, 0, 133, 133
537012.5.peg.955.site.3, 2, 134, 136
537012.5.peg.955.site.4, 3, 133, 136
537012.5.peg.955.site.5, 21, 132, 153
537012.5.peg.955.site.6, 1, 133, 134
537012.5.peg.955.site.7, 3, 132, 135
537012.5.peg.955.site.8, 0, 131, 131
537012.5.peg.955.site.9, 2, 132, 134
537012.5.peg.955.site.10, 132, 133, 265
537012.5.peg.955.site.11, 1, 133, 134
537012.5.peg.955.site.12, 3, 132, 135
537012.5.peg.955.site.13, 16, 134, 150
537012.5.peg.955.site.14, 4, 134, 138
537012.5.peg.955.site.15, 8, 128, 136
537012.5.peg.955.site.16, 8, 128, 136
537012.5.peg.955.site.17, 2, 116, 118
537012.5.peg.955.site.18, 2, 116, 118
537012.5.peg.955.site.19, 1, 117, 118
537012.5.peg.955.site.20, 53, 116, 169
537012.5.peg.955.site.21, 12, 134, 146
537012.5.peg.955.site.22, 109, 134, 243
537012.5.peg.955.site.23, 3, 134, 137
537012.5.peg.955.site.24, 13, 134, 147
537012.5.peg.955.site.25, 12, 133, 145
537012.5.peg.955.site.26, 1, 133, 134
537012.5.peg.955.site.27, 12, 133, 145
537012.5.peg.955.site.28, 2, 133, 135
537012.5.peg.955.site.29, 12, 133, 145
537012.5.peg.955.site.30, 0, 130, 130
537012.5.peg.955.site.31, 1, 131, 132
537012.5.peg.955.site.32, 7, 134, 141
537012.5.peg.955.site.33, 3, 134, 137
537012.5.peg.955.site.34, 1, 134, 135
537012.5.peg.955.site.35, 1, 134, 135
537012.5.peg.955.site.36, 1, 134, 135
537012.5.peg.955.site.37, 2, 134, 136
537012.5.peg.954.site.1, 1, 111, 112
537012.5.peg.954.site.2, 5, 118, 123
537012.5.peg.954.site.3, 40, 129, 169
537012.5.peg.954.site.4, 28, 134, 162
537012.5.peg.954.site.5, 14, 133, 147
537012.5.peg.954.site.6, 0, 132, 132
537012.5.peg.954.site.7, 2, 134, 136
537012.5.peg.954.site.8, 21, 133, 154
537012.5.peg.954.site.9, 13, 134, 147
537012.5.peg.954.site.10, 1, 134, 135
537012.5.peg.954.site.11, 12, 134, 146
537012.5.peg.954.site.12, 7, 133, 140
537012.5.peg.954.site.13, 10, 134, 144
537012.5.peg.954.site.14, 2, 134, 136
537012.5.peg.954.site.15, 82, 133, 215
537012.5.peg.954.site.16, 6, 133, 139
537012.5.peg.954.site.17, 3, 134, 137
537012.5.peg.954.site.18, 15, 134, 149
537012.5.peg.954.site.19, 15, 134, 149
537012.5.peg.954.site.20, 1, 133, 134
537012.5.peg.954.site.21, 1, 134, 135
537012.5.peg.954.site.22, 2, 134, 136
537012.5.peg.954.site.23, 8, 134, 142
537012.5.peg.954.site.24, 1, 134, 135
537012.5.peg.954.site.25, 3, 132, 135
537012.5.peg.954.site.26, 16, 134, 150
537012.5.peg.954.site.27, 42, 132, 174
537012.5.peg.954.site.28, 11, 133, 144
537012.5.peg.954.site.29, 1, 134, 135
537012.5.peg.954.site.30, 7, 134, 141
537012.5.peg.954.site.31, 31, 131, 162
537012.5.peg.954.site.32, 2, 133, 135
537012.5.peg.954.site.33, 27, 132, 159
537012.5.peg.954.site.34, 11, 124, 135
537012.5.peg.954.site.35, 36, 132, 168
537012.5.peg.954.site.36, 3, 134, 137
537012.5.peg.954.site.37, 20, 134, 154
537012.5.peg.954.site.38, 2, 132, 134
537012.5.peg.954.site.39, 8, 132, 140
537012.5.peg.954.site.40, 8, 134, 142
537012.5.peg.954.site.41, 8, 134, 142
537012.5.peg.954.site.42, 3, 132, 135
537012.5.peg.954.site.43, 1, 133, 134
537012.5.peg.954.site.44, 2, 132, 134
537012.5.peg.954.site.45, 3, 133, 136
537012.5.peg.954.site.46, 17, 131, 148
537012.5.peg.954.site.47, 1, 132, 133
537012.5.peg.954.site.48, 15, 133, 148
537012.5.peg.954.site.49, 3, 132, 135
537012.5.peg.954.site.50, 27, 129, 156
537012.5.peg.954.site.51, 2, 132, 134
537012.5.peg.954.site.52, 2, 134, 136
537012.5.peg.954.site.53, 13, 133, 146
537012.5.peg.1458.site.1, 1, 134, 135
537012.5.peg.1458.site.2, 5, 134, 139
537012.5.peg.1458.site.3, 5, 132, 137
537012.5.peg.1458.site.4, 3, 133, 136
537012.5.peg.1458.site.5, 5, 133, 138
537012.5.peg.1458.site.6, 51, 130, 181
537012.5.peg.1458.site.7, 24, 130, 154
537012.5.peg.1458.site.8, 7, 133, 140
537012.5.peg.1458.site.9, 5, 132, 137
537012.5.peg.1458.site.10, 32, 133, 165
537012.5.peg.1458.site.11, 7, 133, 140
537012.5.peg.1458.site.12, 84, 133, 217
537012.5.peg.1458.site.13, 6, 134, 140
537012.5.peg.1458.site.14, 26, 131, 157
537012.5.peg.1458.site.15, 4, 131, 135
537012.5.peg.1458.site.16, 3, 131, 134
537012.5.peg.1458.site.17, 3, 134, 137
537012.5.peg.1458.site.18, 15, 133, 148
537012.5.peg.1458.site.19, 58, 133, 191
537012.5.peg.1458.site.20, 19, 131, 150
537012.5.peg.1458.site.21, 5, 132, 137
537012.5.peg.1458.site.22, 8, 134, 142
537012.5.peg.1458.site.23, 12, 133, 145
537012.5.peg.1458.site.24, 4, 132, 136
537012.5.peg.1458.site.25, 71, 134, 205
537012.5.peg.1458.site.26, 0, 134, 134
537012.5.peg.1458.site.27, 13, 134, 147
537012.5.peg.1458.site.28, 5, 133, 138
537012.5.peg.1458.site.29, 1, 134, 135
537012.5.peg.1458.site.30, 1, 134, 135
537012.5.peg.1458.site.31, 2, 133, 135
537012.5.peg.1458.site.32, 20, 133, 153
537012.5.peg.1458.site.33, 8, 133, 141
537012.5.peg.1458.site.34, 0, 134, 134
537012.5.peg.1458.site.35, 1, 134, 135
537012.5.peg.1458.site.36, 4, 132, 136
537012.5.peg.1458.site.37, 8, 133, 141
537012.5.peg.1458.site.38, 31, 134, 165
537012.5.peg.1458.site.39, 29, 130, 159
537012.5.peg.1458.site.40, 7, 129, 136
537012.5.peg.1458.site.41, 1, 130, 131
537012.5.peg.1458.site.42, 4, 130, 134
537012.5.peg.1458.site.43, 2, 133, 135
537012.5.peg.1458.site.44, 1, 124, 125
537012.5.peg.1458.site.45, 1, 123, 124
537012.5.peg.1458.site.46, 1, 120, 121
537012.5.peg.1458.site.47, 14, 125, 139
537012.5.peg.1458.site.48, 2, 124, 126
537012.5.peg.1458.site.49, 1, 127, 128
537012.5.peg.1458.site.50, 10, 129, 139
537012.5.peg.1458.site.51, 0, 129, 129
537012.5.peg.1458.site.52, 16, 132, 148
537012.5.peg.1458.site.53, 20, 133, 153
537012.5.peg.1458.site.54, 37, 134, 171
537012.5.peg.1458.site.55, 15, 134, 149
537012.5.peg.1458.site.56, 0, 134, 134
537012.5.peg.1458.site.57, 2, 134, 136
537012.5.peg.1458.site.58, 93, 133, 226
537012.5.peg.1458.site.59, 11, 134, 145
537012.5.peg.1458.site.60, 1, 134, 135
537012.5.peg.1458.site.61, 2, 134, 136
537012.5.peg.1458.site.62, 5, 131, 136
537012.5.peg.1458.site.63, 1, 131, 132
537012.5.peg.1458.site.64, 2, 131, 133
537012.5.peg.1458.site.65, 1, 130, 131
537012.5.peg.1458.site.66, 0, 130, 130
537012.5.peg.1458.site.67, 4, 130, 134
537012.5.peg.1458.site.68, 1, 129, 130
537012.5.peg.1458.site.69, 1, 130, 131
537012.5.peg.1458.site.70, 1, 130, 131
537012.5.peg.1458.site.71, 15, 130, 145
537012.5.peg.1458.site.72, 13, 133, 146
537012.5.peg.1458.site.73, 1, 133, 134
537012.5.peg.1458.site.74, 1, 127, 128
537012.5.peg.950.site.1, 0, 111, 111
537012.5.peg.950.site.2, 16, 129, 145
537012.5.peg.950.site.3, 4, 131, 135
537012.5.peg.950.site.4, 10, 130, 140
537012.5.peg.950.site.5, 9, 129, 138
537012.5.peg.950.site.6, 19, 131, 150
537012.5.peg.950.site.7, 1, 133, 134
537012.5.peg.950.site.8, 5, 130, 135
537012.5.peg.950.site.9, 0, 133, 133
537012.5.peg.950.site.10, 0, 133, 133
537012.5.peg.950.site.11, 36, 131, 167
537012.5.peg.950.site.12, 4, 131, 135
537012.5.peg.950.site.13, 4, 126, 130
537012.5.peg.950.site.14, 8, 123, 131
537012.5.peg.950.site.15, 0, 127, 127
537012.5.peg.950.site.16, 0, 126, 126
537012.5.peg.950.site.17, 0, 126, 126
537012.5.peg.950.site.18, 7, 131, 138
537012.5.peg.953.site.1, 15, 75, 90
537012.5.peg.953.site.2, 3, 75, 78
537012.5.peg.953.site.3, 3, 76, 79
537012.5.peg.953.site.4, 8, 76, 84
537012.5.peg.953.site.5, 14, 76, 90
537012.5.peg.953.site.6, 5, 77, 82
537012.5.peg.953.site.7, 44, 81, 125
537012.5.peg.953.site.8, 3, 87, 90
537012.5.peg.953.site.9, 0, 88, 88
537012.5.peg.953.site.10, 1, 93, 94
537012.5.peg.953.site.11, 3, 97, 100
537012.5.peg.953.site.12, 0, 98, 98
537012.5.peg.953.site.13, 3, 101, 104
537012.5.peg.953.site.14, 1, 105, 106
537012.5.peg.953.site.15, 3, 105, 108
537012.5.peg.953.site.16, 1, 105, 106
537012.5.peg.953.site.17, 2, 106, 108
537012.5.peg.953.site.18, 3, 103, 106
537012.5.peg.953.site.19, 10, 106, 116
537012.5.peg.953.site.20, 1, 110, 111
537012.5.peg.953.site.21, 0, 110, 110
537012.5.peg.953.site.22, 0, 109, 109
537012.5.peg.953.site.23, 6, 103, 109
537012.5.peg.953.site.24, 6, 102, 108
537012.5.peg.953.site.25, 7, 103, 110
537012.5.peg.953.site.26, 7, 102, 109
537012.5.peg.953.site.27, 7, 99, 106
537012.5.peg.953.site.28, 0, 99, 99
537012.5.peg.953.site.29, 0, 112, 112
537012.5.peg.953.site.30, 0, 114, 114
537012.5.peg.953.site.31, 0, 125, 125
537012.5.peg.953.site.32, 2, 107, 109
537012.5.peg.953.site.33, 1, 96, 97
537012.5.peg.953.site.34, 4, 91, 95
537012.5.peg.953.site.35, 5, 89, 94
537012.5.peg.953.site.36, 2, 125, 127
537012.5.peg.953.site.37, 10, 126, 136
537012.5.peg.953.site.38, 3, 132, 135
537012.5.peg.953.site.39, 4, 134, 138
537012.5.peg.953.site.40, 15, 132, 147
537012.5.peg.953.site.41, 2, 134, 136
537012.5.peg.953.site.42, 0, 134, 134
537012.5.peg.5051.site.1, 34, 133, 167
537012.5.peg.5051.site.2, 1, 132, 133
537012.5.peg.5051.site.3, 5, 132, 137
537012.5.peg.5051.site.4, 81, 132, 213
537012.5.peg.5051.site.5, 1, 133, 134
537012.5.peg.5051.site.6, 18, 131, 149
537012.5.peg.5051.site.7, 5, 132, 137
537012.5.peg.5051.site.8, 5, 131, 136
537012.5.peg.5051.site.9, 33, 129, 162
537012.5.peg.4723.site.1, 4, 126, 130
537012.5.peg.4723.site.2, 19, 126, 145
537012.5.peg.4723.site.3, 5, 131, 136
537012.5.peg.4723.site.4, 2, 131, 133
537012.5.peg.4723.site.5, 5, 115, 120
537012.5.peg.4723.site.6, 1, 130, 131
537012.5.peg.4723.site.7, 20, 129, 149
537012.5.peg.4723.site.8, 0, 131, 131
537012.5.peg.4723.site.9, 1, 129, 130
537012.5.peg.4723.site.10, 1, 132, 133
537012.5.peg.4723.site.11, 69, 134, 203
537012.5.peg.4723.site.12, 1, 134, 135
537012.5.peg.4723.site.13, 1, 134, 135
537012.5.peg.4723.site.14, 1, 133, 134
537012.5.peg.4723.site.15, 27, 130, 157
537012.5.peg.4723.site.16, 6, 132, 138
537012.5.peg.4723.site.17, 1, 132, 133
537012.5.peg.4723.site.18, 0, 132, 132
537012.5.peg.4723.site.19, 1, 132, 133
537012.5.peg.4723.site.20, 0, 132, 132
537012.5.peg.4723.site.21, 8, 131, 139
537012.5.peg.4723.site.22, 1, 125, 126
537012.5.peg.4723.site.23, 4, 120, 124
537012.5.peg.4723.site.24, 29, 122, 151
537012.5.peg.4723.site.25, 1, 121, 122
537012.5.peg.1298.site.1, 7, 134, 141
537012.5.peg.1298.site.2, 4, 134, 138
537012.5.peg.1298.site.3, 0, 133, 133
537012.5.peg.1298.site.4, 7, 134, 141
537012.5.peg.1298.site.5, 4, 131, 135
537012.5.peg.1298.site.6, 8, 133, 141
537012.5.peg.1298.site.7, 4, 132, 136
537012.5.peg.1298.site.8, 5, 132, 137
537012.5.peg.1298.site.9, 6, 133, 139
537012.5.peg.1298.site.10, 62, 131, 193
537012.5.peg.1298.site.11, 4, 131, 135
537012.5.peg.1298.site.12, 3, 131, 134
537012.5.peg.1298.site.13, 115, 132, 247
537012.5.peg.1298.site.14, 6, 133, 139
537012.5.peg.1298.site.15, 1, 134, 135
537012.5.peg.1298.site.16, 8, 133, 141
537012.5.peg.1298.site.17, 4, 131, 135
537012.5.peg.1298.site.18, 6, 130, 136
537012.5.peg.1298.site.19, 3, 130, 133
537012.5.peg.1298.site.20, 1, 132, 133
537012.5.peg.1298.site.21, 113, 130, 243
537012.5.peg.1298.site.22, 2, 131, 133
537012.5.peg.1298.site.23, 75, 127, 202
537012.5.peg.1298.site.24, 1, 128, 129
537012.5.peg.1298.site.25, 50, 125, 175
537012.5.peg.1298.site.26, 16, 128, 144
537012.5.peg.1298.site.27, 1, 128, 129
537012.5.peg.1298.site.28, 0, 128, 128
537012.5.peg.1298.site.29, 1, 127, 128
537012.5.peg.1298.site.30, 10, 126, 136
537012.5.peg.1298.site.31, 5, 126, 131
537012.5.peg.1298.site.32, 3, 127, 130
537012.5.peg.1298.site.33, 60, 125, 185
537012.5.peg.1298.site.34, 3, 127, 130
537012.5.peg.1298.site.35, 16, 126, 142
537012.5.peg.1298.site.36, 1, 127, 128
537012.5.peg.1298.site.37, 1, 128, 129
537012.5.peg.1298.site.38, 4, 131, 135
537012.5.peg.1298.site.39, 4, 130, 134
537012.5.peg.1298.site.40, 33, 128, 161
537012.5.peg.1298.site.41, 52, 128, 180
537012.5.peg.1298.site.42, 2, 129, 131
537012.5.peg.1298.site.43, 1, 128, 129
537012.5.peg.1298.site.44, 3, 128, 131
537012.5.peg.1298.site.45, 1, 131, 132
537012.5.peg.1298.site.46, 4, 131, 135
537012.5.peg.1298.site.47, 7, 134, 141
537012.5.peg.1298.site.48, 6, 133, 139
537012.5.peg.1298.site.49, 4, 134, 138
537012.5.peg.1298.site.50, 99, 134, 233
537012.5.peg.1298.site.51, 7, 134, 141
537012.5.peg.1298.site.52, 1, 134, 135
537012.5.peg.1298.site.53, 37, 131, 168
537012.5.peg.1298.site.54, 30, 133, 163
537012.5.peg.1298.site.55, 6, 133, 139
537012.5.peg.1298.site.56, 1, 128, 129
537012.5.peg.1298.site.57, 1, 128, 129
537012.5.peg.1298.site.58, 16, 127, 143
537012.5.peg.1292.site.1, 14, 117, 131
537012.5.peg.1292.site.2, 17, 118, 135
537012.5.peg.1292.site.3, 6, 119, 125
537012.5.peg.1292.site.4, 89, 120, 209
537012.5.peg.1292.site.5, 0, 129, 129
537012.5.peg.1292.site.6, 4, 128, 132
537012.5.peg.1292.site.7, 32, 126, 158
537012.5.peg.1292.site.8, 3, 128, 131
537012.5.peg.1292.site.9, 3, 129, 132
537012.5.peg.1292.site.10, 5, 130, 135
537012.5.peg.1292.site.11, 1, 130, 131
537012.5.peg.1292.site.12, 78, 125, 203
537012.5.peg.1292.site.13, 1, 127, 128
537012.5.peg.1292.site.14, 6, 127, 133
537012.5.peg.1292.site.15, 18, 127, 145
537012.5.peg.1292.site.16, 1, 126, 127
537012.5.peg.1292.site.17, 125, 126, 251
537012.5.peg.1292.site.18, 75, 126, 201
537012.5.peg.1292.site.19, 3, 127, 130
537012.5.peg.3909.site.1, 35, 132, 167
537012.5.peg.3909.site.2, 4, 134, 138
537012.5.peg.3909.site.3, 4, 130, 134
537012.5.peg.3909.site.4, 56, 133, 189
537012.5.peg.3909.site.5, 2, 133, 135
537012.5.peg.3909.site.6, 11, 132, 143
537012.5.peg.3909.site.7, 2, 134, 136
537012.5.peg.3909.site.8, 1, 134, 135
537012.5.peg.3909.site.9, 20, 134, 154
537012.5.peg.3909.site.10, 1, 134, 135
537012.5.peg.3909.site.11, 1, 134, 135
537012.5.peg.3909.site.12, 86, 133, 219
537012.5.peg.3909.site.13, 1, 134, 135
537012.5.peg.3909.site.14, 63, 132, 195
537012.5.peg.3909.site.15, 2, 134, 136
537012.5.peg.3909.site.16, 22, 133, 155
537012.5.peg.3909.site.17, 3, 134, 137
537012.5.peg.3909.site.18, 1, 134, 135
537012.5.peg.3909.site.19, 15, 133, 148
537012.5.peg.3909.site.20, 5, 133, 138
537012.5.peg.3909.site.21, 0, 132, 132
537012.5.peg.3909.site.22, 1, 133, 134
537012.5.peg.3909.site.23, 2, 134, 136
537012.5.peg.3909.site.24, 73, 126, 199
537012.5.peg.3909.site.25, 1, 134, 135
537012.5.peg.3909.site.26, 4, 133, 137
537012.5.peg.1290.site.1, 4, 131, 135
537012.5.peg.1290.site.2, 4, 131, 135
537012.5.peg.1290.site.3, 4, 126, 130
537012.5.peg.1290.site.4, 1, 123, 124
537012.5.peg.1290.site.5, 1, 122, 123
537012.5.peg.1290.site.6, 6, 121, 127
537012.5.peg.1290.site.7, 5, 122, 127
537012.5.peg.1290.site.8, 1, 120, 121
537012.5.peg.1290.site.9, 17, 124, 141
537012.5.peg.1290.site.10, 7, 123, 130
537012.5.peg.1290.site.11, 2, 121, 123
537012.5.peg.1290.site.12, 5, 119, 124
537012.5.peg.1290.site.13, 1, 123, 124
537012.5.peg.1290.site.14, 0, 125, 125
537012.5.peg.1290.site.15, 0, 102, 102
537012.5.peg.1290.site.16, 3, 104, 107
537012.5.peg.1290.site.17, 0, 107, 107
537012.5.peg.1291.site.1, 1, 127, 128
537012.5.peg.1291.site.2, 17, 128, 145
537012.5.peg.1291.site.3, 8, 128, 136
537012.5.peg.1291.site.4, 4, 132, 136
537012.5.peg.1291.site.5, 131, 132, 263
537012.5.peg.1291.site.6, 1, 133, 134
537012.5.peg.1291.site.7, 20, 132, 152
537012.5.peg.1291.site.8, 8, 130, 138
537012.5.peg.1291.site.9, 2, 130, 132
537012.5.peg.1291.site.10, 8, 127, 135
537012.5.peg.1291.site.11, 50, 123, 173
537012.5.peg.1291.site.12, 20, 126, 146
537012.5.peg.1291.site.13, 25, 124, 149
537012.5.peg.1291.site.14, 74, 129, 203
537012.5.peg.1291.site.15, 2, 130, 132
537012.5.peg.1291.site.16, 92, 129, 221
537012.5.peg.1291.site.17, 2, 129, 131
537012.5.peg.1291.site.18, 4, 129, 133
537012.5.peg.1291.site.19, 7, 128, 135
537012.5.peg.1291.site.20, 8, 129, 137
537012.5.peg.1291.site.21, 2, 122, 124
537012.5.peg.1291.site.22, 19, 130, 149
537012.5.peg.1291.site.23, 3, 132, 135
537012.5.peg.1291.site.24, 5, 133, 138
537012.5.peg.1291.site.25, 1, 133, 134
537012.5.peg.1291.site.26, 8, 132, 140
537012.5.peg.1291.site.27, 0, 132, 132
537012.5.peg.1291.site.28, 6, 132, 138
537012.5.peg.1291.site.29, 12, 130, 142
537012.5.peg.1291.site.30, 6, 132, 138
537012.5.peg.1291.site.31, 6, 130, 136
537012.5.peg.1296.site.1, 2, 131, 133
537012.5.peg.1296.site.2, 1, 133, 134
537012.5.peg.1296.site.3, 2, 131, 133
537012.5.peg.1296.site.4, 4, 130, 134
537012.5.peg.1296.site.5, 13, 133, 146
537012.5.peg.1296.site.6, 9, 133, 142
537012.5.peg.1296.site.7, 13, 133, 146
537012.5.peg.1296.site.8, 5, 133, 138
537012.5.peg.1296.site.9, 66, 133, 199
537012.5.peg.1296.site.10, 0, 132, 132
537012.5.peg.1296.site.11, 64, 132, 196
537012.5.peg.1296.site.12, 36, 124, 160
537012.5.peg.1296.site.13, 8, 130, 138
537012.5.peg.1296.site.14, 35, 130, 165
537012.5.peg.1296.site.15, 1, 130, 131
537012.5.peg.1296.site.16, 39, 129, 168
537012.5.peg.1296.site.17, 10, 130, 140
537012.5.peg.1296.site.18, 126, 130, 256
537012.5.peg.1296.site.19, 1, 129, 130
537012.5.peg.1296.site.20, 8, 129, 137
537012.5.peg.1296.site.21, 8, 129, 137
537012.5.peg.1296.site.22, 19, 129, 148
537012.5.peg.1296.site.23, 36, 129, 165
537012.5.peg.1296.site.24, 35, 129, 164
537012.5.peg.1296.site.25, 98, 129, 227
537012.5.peg.1296.site.26, 13, 127, 140
537012.5.peg.1296.site.27, 54, 128, 182
537012.5.peg.1296.site.28, 40, 129, 169
537012.5.peg.1296.site.29, 0, 129, 129
537012.5.peg.1296.site.30, 40, 129, 169
537012.5.peg.1296.site.31, 1, 127, 128
537012.5.peg.1296.site.32, 1, 125, 126
537012.5.peg.1296.site.33, 4, 118, 122
537012.5.peg.1296.site.34, 33, 111, 144
537012.5.peg.1297.site.1, 1, 130, 131
537012.5.peg.1297.site.2, 7, 134, 141
537012.5.peg.1297.site.3, 1, 133, 134
537012.5.peg.1297.site.4, 7, 133, 140
537012.5.peg.1297.site.5, 0, 133, 133
537012.5.peg.1297.site.6, 3, 133, 136
537012.5.peg.1297.site.7, 9, 131, 140
537012.5.peg.1297.site.8, 8, 133, 141
537012.5.peg.1297.site.9, 7, 134, 141
537012.5.peg.1297.site.10, 6, 133, 139
537012.5.peg.1297.site.11, 5, 132, 137
537012.5.peg.1297.site.12, 2, 134, 136
537012.5.peg.1297.site.13, 5, 133, 138
537012.5.peg.1297.site.14, 8, 134, 142
537012.5.peg.1297.site.15, 11, 132, 143
537012.5.peg.1297.site.16, 17, 134, 151
537012.5.peg.1297.site.17, 8, 134, 142
537012.5.peg.1297.site.18, 5, 133, 138
537012.5.peg.1297.site.19, 2, 134, 136
537012.5.peg.1297.site.20, 11, 132, 143
537012.5.peg.1297.site.21, 49, 133, 182
537012.5.peg.1297.site.22, 7, 134, 141
537012.5.peg.1297.site.23, 3, 134, 137
537012.5.peg.1297.site.24, 10, 134, 144
537012.5.peg.1297.site.25, 68, 132, 200
537012.5.peg.1297.site.26, 4, 132, 136
537012.5.peg.1297.site.27, 46, 130, 176
537012.5.peg.1297.site.28, 8, 130, 138
537012.5.peg.1297.site.29, 12, 133, 145
537012.5.peg.1297.site.30, 5, 133, 138
537012.5.peg.1297.site.31, 7, 133, 140
537012.5.peg.1297.site.32, 8, 134, 142
537012.5.peg.1297.site.33, 4, 133, 137
537012.5.peg.1297.site.34, 7, 134, 141
537012.5.peg.1297.site.35, 0, 133, 133
537012.5.peg.1297.site.36, 129, 134, 263
537012.5.peg.1297.site.37, 24, 132, 156
537012.5.peg.1297.site.38, 4, 131, 135
537012.5.peg.1297.site.39, 9, 128, 137
537012.5.peg.1297.site.40, 4, 127, 131
537012.5.peg.1297.site.41, 5, 126, 131
537012.5.peg.1297.site.42, 17, 134, 151
537012.5.peg.1297.site.43, 4, 134, 138
537012.5.peg.1297.site.44, 7, 134, 141
537012.5.peg.1297.site.45, 7, 134, 141
537012.5.peg.1297.site.46, 44, 134, 178
537012.5.peg.1297.site.47, 1, 133, 134
537012.5.peg.1297.site.48, 40, 131, 171
537012.5.peg.1297.site.49, 4, 131, 135
537012.5.peg.1297.site.50, 1, 131, 132
537012.5.peg.1297.site.51, 0, 127, 127
537012.5.peg.1297.site.52, 4, 126, 130
537012.5.peg.1297.site.53, 20, 120, 140
537012.5.peg.1297.site.54, 7, 118, 125
537012.5.peg.1297.site.55, 29, 115, 144
537012.5.peg.1297.site.56, 39, 116, 155
537012.5.peg.1297.site.57, 16, 82, 98
537012.5.peg.1297.site.58, 3, 69, 72
537012.5.peg.1297.site.59, 4, 87, 91
537012.5.peg.1297.site.60, 22, 127, 149
537012.5.peg.1297.site.61, 0, 128, 128
537012.5.peg.1297.site.62, 36, 128, 164
537012.5.peg.1295.site.1, 3, 133, 136
537012.5.peg.1295.site.2, 17, 134, 151
537012.5.peg.1295.site.3, 1, 134, 135
537012.5.peg.1295.site.4, 3, 133, 136
537012.5.peg.1295.site.5, 8, 133, 141
537012.5.peg.1295.site.6, 25, 133, 158
537012.5.peg.1295.site.7, 3, 134, 137
537012.5.peg.1295.site.8, 102, 134, 236
537012.5.peg.1295.site.9, 2, 133, 135
537012.5.peg.1295.site.10, 2, 132, 134
537012.5.peg.1295.site.11, 8, 134, 142
537012.5.peg.1295.site.12, 1, 134, 135
537012.5.peg.1295.site.13, 17, 133, 150
537012.5.peg.1295.site.14, 17, 134, 151
537012.5.peg.1295.site.15, 21, 132, 153
537012.5.peg.1295.site.16, 50, 134, 184
537012.5.peg.1295.site.17, 40, 134, 174
537012.5.peg.1295.site.18, 2, 133, 135
537012.5.peg.1295.site.19, 1, 133, 134
537012.5.peg.1295.site.20, 0, 134, 134
537012.5.peg.1295.site.21, 22, 132, 154
537012.5.peg.1295.site.22, 1, 134, 135
537012.5.peg.1295.site.23, 4, 132, 136
537012.5.peg.1295.site.24, 1, 134, 135
537012.5.peg.1295.site.25, 1, 134, 135
537012.5.peg.1295.site.26, 0, 134, 134
537012.5.peg.1295.site.27, 3, 134, 137
537012.5.peg.1295.site.28, 21, 131, 152
537012.5.peg.1295.site.29, 1, 134, 135
537012.5.peg.1295.site.30, 3, 134, 137
537012.5.peg.1295.site.31, 109, 134, 243
537012.5.peg.1295.site.32, 119, 133, 252
537012.5.peg.1295.site.33, 13, 133, 146
537012.5.peg.1295.site.34, 1, 134, 135
537012.5.peg.1295.site.35, 4, 134, 138
537012.5.peg.1295.site.36, 1, 134, 135
537012.5.peg.1295.site.37, 9, 133, 142
537012.5.peg.1295.site.38, 5, 134, 139
537012.5.peg.1295.site.39, 4, 134, 138
537012.5.peg.1295.site.40, 0, 134, 134
537012.5.peg.1295.site.41, 4, 134, 138
537012.5.peg.1295.site.42, 4, 132, 136
537012.5.peg.2015.site.1, 12, 129, 141
537012.5.peg.2015.site.2, 12, 129, 141
537012.5.peg.2015.site.3, 12, 129, 141
537012.5.peg.2015.site.4, 1, 129, 130
537012.5.peg.2015.site.5, 3, 128, 131
537012.5.peg.2015.site.6, 20, 129, 149
537012.5.peg.2015.site.7, 2, 129, 131
537012.5.peg.2015.site.8, 12, 129, 141
537012.5.peg.2015.site.9, 1, 129, 130
537012.5.peg.2015.site.10, 4, 129, 133
537012.5.peg.409.site.1, 1, 126, 127
537012.5.peg.409.site.2, 4, 124, 128
537012.5.peg.409.site.3, 11, 125, 136
537012.5.peg.409.site.4, 13, 125, 138
537012.5.peg.409.site.5, 11, 125, 136
537012.5.peg.409.site.6, 11, 125, 136
537012.5.peg.409.site.7, 8, 126, 134
537012.5.peg.409.site.8, 4, 126, 130
537012.5.peg.409.site.9, 2, 122, 124
537012.5.peg.409.site.10, 10, 125, 135
537012.5.peg.409.site.11, 5, 123, 128
537012.5.peg.409.site.12, 10, 124, 134
537012.5.peg.409.site.13, 6, 126, 132
537012.5.peg.409.site.14, 6, 126, 132
537012.5.peg.409.site.15, 4, 126, 130
537012.5.peg.409.site.16, 10, 124, 134
537012.5.peg.409.site.17, 4, 125, 129
537012.5.peg.409.site.18, 2, 125, 127
537012.5.peg.409.site.19, 5, 125, 130
537012.5.peg.409.site.20, 8, 126, 134
537012.5.peg.409.site.21, 0, 125, 125
537012.5.peg.409.site.22, 4, 126, 130
537012.5.peg.409.site.23, 4, 124, 128
537012.5.peg.409.site.24, 4, 123, 127
537012.5.peg.409.site.25, 4, 124, 128
537012.5.peg.409.site.26, 3, 126, 129
537012.5.peg.409.site.27, 6, 126, 132
537012.5.peg.409.site.28, 0, 126, 126
537012.5.peg.409.site.29, 57, 125, 182
537012.5.peg.409.site.30, 1, 125, 126
537012.5.peg.409.site.31, 25, 126, 151
537012.5.peg.409.site.32, 19, 125, 144
537012.5.peg.409.site.33, 2, 125, 127
537012.5.peg.409.site.34, 20, 123, 143
537012.5.peg.409.site.35, 5, 124, 129
537012.5.peg.409.site.36, 0, 125, 125
537012.5.peg.409.site.37, 5, 126, 131
537012.5.peg.409.site.38, 1, 126, 127
537012.5.peg.409.site.39, 6, 126, 132
537012.5.peg.409.site.40, 0, 126, 126
537012.5.peg.409.site.41, 24, 125, 149
537012.5.peg.409.site.42, 17, 122, 139
537012.5.peg.409.site.43, 0, 125, 125
537012.5.peg.409.site.44, 11, 122, 133
537012.5.peg.409.site.45, 5, 125, 130
537012.5.peg.409.site.46, 5, 125, 130
537012.5.peg.409.site.47, 56, 125, 181
537012.5.peg.409.site.48, 5, 125, 130
537012.5.peg.409.site.49, 5, 126, 131
537012.5.peg.409.site.50, 0, 126, 126
537012.5.peg.409.site.51, 3, 126, 129
537012.5.peg.409.site.52, 6, 126, 132
537012.5.peg.409.site.53, 5, 124, 129
537012.5.peg.409.site.54, 10, 125, 135
537012.5.peg.409.site.55, 53, 126, 179
537012.5.peg.409.site.56, 1, 125, 126
537012.5.peg.409.site.57, 1, 126, 127
537012.5.peg.409.site.58, 4, 126, 130
537012.5.peg.409.site.59, 28, 126, 154
537012.5.peg.409.site.60, 8, 123, 131
537012.5.peg.409.site.61, 8, 122, 130
537012.5.peg.409.site.62, 5, 119, 124
537012.5.peg.409.site.63, 36, 119, 155
537012.5.peg.409.site.64, 111, 126, 237
537012.5.peg.409.site.65, 6, 126, 132
537012.5.peg.409.site.66, 6, 126, 132
537012.5.peg.409.site.67, 6, 126, 132
537012.5.peg.409.site.68, 6, 126, 132
537012.5.peg.409.site.69, 34, 124, 158
537012.5.peg.409.site.70, 0, 125, 125
537012.5.peg.409.site.71, 1, 126, 127
537012.5.peg.409.site.72, 10, 124, 134
537012.5.peg.409.site.73, 6, 124, 130
537012.5.peg.408.site.1, 30, 119, 149
537012.5.peg.408.site.2, 112, 126, 238
537012.5.peg.408.site.3, 5, 125, 130
537012.5.peg.408.site.4, 1, 125, 126
537012.5.peg.408.site.5, 25, 124, 149
537012.5.peg.408.site.6, 6, 126, 132
537012.5.peg.408.site.7, 1, 125, 126
537012.5.peg.408.site.8, 1, 126, 127
537012.5.peg.408.site.9, 19, 126, 145
537012.5.peg.408.site.10, 29, 126, 155
537012.5.peg.408.site.11, 0, 126, 126
537012.5.peg.408.site.12, 14, 120, 134
537012.5.peg.408.site.13, 1, 103, 104
537012.5.peg.408.site.14, 6, 82, 88
537012.5.peg.408.site.15, 67, 79, 146
537012.5.peg.408.site.16, 14, 79, 93
537012.5.peg.408.site.17, 29, 126, 155
537012.5.peg.408.site.18, 12, 125, 137
537012.5.peg.408.site.19, 8, 125, 133
537012.5.peg.408.site.20, 2, 126, 128
537012.5.peg.408.site.21, 90, 125, 215
537012.5.peg.408.site.22, 46, 124, 170
537012.5.peg.408.site.23, 2, 123, 125
537012.5.peg.408.site.24, 30, 123, 153
537012.5.peg.408.site.25, 1, 126, 127
537012.5.peg.408.site.26, 6, 126, 132
537012.5.peg.408.site.27, 1, 126, 127
537012.5.peg.408.site.28, 4, 124, 128
537012.5.peg.408.site.29, 35, 125, 160
537012.5.peg.408.site.30, 8, 126, 134
537012.5.peg.408.site.31, 3, 123, 126
537012.5.peg.408.site.32, 5, 123, 128
537012.5.peg.408.site.33, 5, 124, 129
537012.5.peg.408.site.34, 7, 120, 127
537012.5.peg.408.site.35, 18, 122, 140
537012.5.peg.408.site.36, 75, 118, 193
537012.5.peg.408.site.37, 4, 125, 129
537012.5.peg.408.site.38, 40, 122, 162
537012.5.peg.408.site.39, 0, 123, 123
537012.5.peg.408.site.40, 8, 122, 130
537012.5.peg.408.site.41, 1, 124, 125
537012.5.peg.408.site.42, 6, 125, 131
537012.5.peg.408.site.43, 35, 123, 158
537012.5.peg.408.site.44, 46, 124, 170
537012.5.peg.408.site.45, 32, 122, 154
537012.5.peg.408.site.46, 4, 125, 129
537012.5.peg.408.site.47, 1, 125, 126
537012.5.peg.408.site.48, 21, 125, 146
537012.5.peg.408.site.49, 1, 125, 126
537012.5.peg.408.site.50, 56, 124, 180
537012.5.peg.408.site.51, 10, 124, 134
537012.5.peg.408.site.52, 113, 125, 238
537012.5.peg.408.site.53, 17, 126, 143
537012.5.peg.408.site.54, 12, 125, 137
537012.5.peg.408.site.55, 10, 124, 134
537012.5.peg.408.site.56, 3, 125, 128
537012.5.peg.408.site.57, 12, 126, 138
537012.5.peg.408.site.58, 5, 125, 130
537012.5.peg.408.site.59, 24, 124, 148
537012.5.peg.408.site.60, 14, 124, 138
537012.5.peg.408.site.61, 7, 125, 132
537012.5.peg.408.site.62, 4, 126, 130
537012.5.peg.408.site.63, 3, 125, 128
537012.5.peg.408.site.64, 11, 125, 136
537012.5.peg.408.site.65, 20, 125, 145
537012.5.peg.408.site.66, 28, 126, 154
537012.5.peg.408.site.67, 1, 126, 127
537012.5.peg.408.site.68, 7, 125, 132
537012.5.peg.408.site.69, 2, 126, 128
537012.5.peg.408.site.70, 0, 126, 126
537012.5.peg.408.site.71, 2, 126, 128
537012.5.peg.408.site.72, 4, 126, 130
537012.5.peg.408.site.73, 16, 125, 141
537012.5.peg.408.site.74, 9, 126, 135
537012.5.peg.408.site.75, 21, 125, 146
537012.5.peg.408.site.76, 82, 125, 207
537012.5.peg.408.site.77, 5, 126, 131
537012.5.peg.408.site.78, 20, 126, 146
537012.5.peg.408.site.79, 10, 126, 136
537012.5.peg.408.site.80, 6, 126, 132
537012.5.peg.408.site.81, 10, 124, 134
537012.5.peg.408.site.82, 70, 124, 194
537012.5.peg.408.site.83, 1, 124, 125
537012.5.peg.408.site.84, 19, 126, 145
537012.5.peg.408.site.85, 15, 126, 141
537012.5.peg.408.site.86, 77, 124, 201
537012.5.peg.408.site.87, 74, 124, 198
537012.5.peg.408.site.88, 3, 125, 128
537012.5.peg.408.site.89, 5, 126, 131
537012.5.peg.2011.site.1, 1, 132, 133
537012.5.peg.2011.site.2, 1, 132, 133
537012.5.peg.2011.site.3, 58, 131, 189
537012.5.peg.2011.site.4, 1, 132, 133
537012.5.peg.2011.site.5, 20, 132, 152
537012.5.peg.2011.site.6, 20, 131, 151
537012.5.peg.2011.site.7, 4, 134, 138
537012.5.peg.2011.site.8, 2, 134, 136
537012.5.peg.2011.site.9, 7, 133, 140
537012.5.peg.2011.site.10, 91, 134, 225
537012.5.peg.2011.site.11, 11, 133, 144
537012.5.peg.2011.site.12, 6, 134, 140
537012.5.peg.2011.site.13, 23, 131, 154
537012.5.peg.2011.site.14, 1, 134, 135
537012.5.peg.2011.site.15, 20, 134, 154
537012.5.peg.2011.site.16, 6, 134, 140
537012.5.peg.2011.site.17, 13, 130, 143
537012.5.peg.2011.site.18, 2, 130, 132
537012.5.peg.2011.site.19, 2, 128, 130
537012.5.peg.2011.site.20, 22, 127, 149
537012.5.peg.2011.site.21, 2, 128, 130
537012.5.peg.2011.site.22, 1, 129, 130
537012.5.peg.2011.site.23, 3, 130, 133
537012.5.peg.2011.site.24, 1, 133, 134
537012.5.peg.2011.site.25, 1, 134, 135
537012.5.peg.2011.site.26, 2, 134, 136
537012.5.peg.2011.site.27, 20, 134, 154
537012.5.peg.2011.site.28, 1, 134, 135
537012.5.peg.2011.site.29, 1, 132, 133
537012.5.peg.2011.site.30, 7, 134, 141
537012.5.peg.2011.site.31, 54, 130, 184
537012.5.peg.2011.site.32, 10, 131, 141
537012.5.peg.2011.site.33, 3, 133, 136
537012.5.peg.2011.site.34, 5, 133, 138
537012.5.peg.2011.site.35, 28, 131, 159
537012.5.peg.2011.site.36, 2, 129, 131
537012.5.peg.2011.site.37, 90, 133, 223
537012.5.peg.2011.site.38, 14, 133, 147
537012.5.peg.2011.site.39, 1, 134, 135
537012.5.peg.2011.site.40, 73, 134, 207
537012.5.peg.2011.site.41, 7, 134, 141
537012.5.peg.2011.site.42, 11, 132, 143
537012.5.peg.2011.site.43, 1, 133, 134
537012.5.peg.2011.site.44, 3, 134, 137
537012.5.peg.2011.site.45, 38, 132, 170
537012.5.peg.2011.site.46, 0, 134, 134
537012.5.peg.2011.site.47, 120, 133, 253
537012.5.peg.2011.site.48, 7, 134, 141
537012.5.peg.2011.site.49, 3, 133, 136
537012.5.peg.2011.site.50, 3, 134, 137
537012.5.peg.2011.site.51, 8, 134, 142
537012.5.peg.2011.site.52, 3, 133, 136
537012.5.peg.2011.site.53, 2, 133, 135
537012.5.peg.2011.site.54, 1, 134, 135
537012.5.peg.2011.site.55, 1, 134, 135
537012.5.peg.2011.site.56, 1, 134, 135
537012.5.peg.2011.site.57, 58, 134, 192
537012.5.peg.2011.site.58, 28, 134, 162
537012.5.peg.2011.site.59, 7, 134, 141
537012.5.peg.2011.site.60, 23, 134, 157
537012.5.peg.2011.site.61, 1, 134, 135
537012.5.peg.2011.site.62, 2, 132, 134
537012.5.peg.2011.site.63, 38, 134, 172
537012.5.peg.2011.site.64, 12, 133, 145
537012.5.peg.2011.site.65, 51, 132, 183
537012.5.peg.2011.site.66, 6, 134, 140
537012.5.peg.2011.site.67, 4, 134, 138
537012.5.peg.2011.site.68, 1, 134, 135
537012.5.peg.2011.site.69, 3, 134, 137
537012.5.peg.2011.site.70, 4, 134, 138
537012.5.peg.2011.site.71, 4, 134, 138
537012.5.peg.2011.site.72, 3, 134, 137
537012.5.peg.2011.site.73, 0, 130, 130
537012.5.peg.2011.site.74, 3, 116, 119
537012.5.peg.2011.site.75, 3, 115, 118
537012.5.peg.2011.site.76, 4, 97, 101
537012.5.peg.2011.site.77, 76, 100, 176
537012.5.peg.2011.site.78, 84, 100, 184
537012.5.peg.2013.site.1, 40, 124, 164
537012.5.peg.2013.site.2, 111, 123, 234
537012.5.peg.2013.site.3, 110, 123, 233
537012.5.peg.2013.site.4, 1, 125, 126
537012.5.peg.2013.site.5, 106, 123, 229
537012.5.peg.2013.site.6, 109, 122, 231
537012.5.peg.2013.site.7, 2, 99, 101
537012.5.peg.2013.site.8, 1, 98, 99
537012.5.peg.2013.site.9, 126, 128, 254
537012.5.peg.2013.site.10, 3, 116, 119
537012.5.peg.2013.site.11, 4, 112, 116
537012.5.peg.2013.site.12, 3, 111, 114
537012.5.peg.2013.site.13, 31, 111, 142
537012.5.peg.2013.site.14, 2, 110, 112
537012.5.peg.2013.site.15, 1, 108, 109
537012.5.peg.2013.site.16, 3, 109, 112
537012.5.peg.2013.site.17, 2, 108, 110
537012.5.peg.2013.site.18, 5, 104, 109
537012.5.peg.403.site.1, 5, 127, 132
537012.5.peg.403.site.2, 0, 128, 128
537012.5.peg.403.site.3, 12, 127, 139
537012.5.peg.403.site.4, 31, 127, 158
537012.5.peg.403.site.5, 0, 127, 127
537012.5.peg.403.site.6, 6, 127, 133
537012.5.peg.403.site.7, 10, 129, 139
537012.5.peg.403.site.8, 21, 127, 148
537012.5.peg.403.site.9, 2, 130, 132
537012.5.peg.403.site.10, 2, 129, 131
537012.5.peg.403.site.11, 2, 129, 131
537012.5.peg.403.site.12, 1, 129, 130
537012.5.peg.403.site.13, 2, 129, 131
537012.5.peg.403.site.14, 0, 129, 129
537012.5.peg.403.site.15, 10, 128, 138
537012.5.peg.403.site.16, 0, 130, 130
537012.5.peg.403.site.17, 7, 130, 137
537012.5.peg.403.site.18, 5, 129, 134
537012.5.peg.403.site.19, 0, 130, 130
537012.5.peg.403.site.20, 7, 128, 135
537012.5.peg.403.site.21, 57, 124, 181
537012.5.peg.403.site.22, 15, 125, 140
537012.5.peg.403.site.23, 15, 128, 143
537012.5.peg.403.site.24, 4, 130, 134
537012.5.peg.403.site.25, 1, 129, 130
537012.5.peg.403.site.26, 0, 129, 129
537012.5.peg.403.site.27, 4, 127, 131
537012.5.peg.403.site.28, 4, 127, 131
537012.5.peg.403.site.29, 10, 126, 136
537012.5.peg.403.site.30, 4, 125, 129
537012.5.peg.403.site.31, 6, 126, 132
537012.5.peg.403.site.32, 4, 127, 131
537012.5.peg.403.site.33, 4, 127, 131
537012.5.peg.403.site.34, 4, 127, 131
537012.5.peg.403.site.35, 13, 126, 139
537012.5.peg.403.site.36, 4, 127, 131
537012.5.peg.402.site.1, 4, 128, 132
537012.5.peg.402.site.2, 1, 130, 131
537012.5.peg.402.site.3, 27, 128, 155
537012.5.peg.402.site.4, 6, 127, 133
537012.5.peg.402.site.5, 5, 129, 134
537012.5.peg.402.site.6, 0, 129, 129
537012.5.peg.402.site.7, 4, 129, 133
537012.5.peg.402.site.8, 5, 129, 134
537012.5.peg.400.site.1, 4, 128, 132
537012.5.peg.400.site.2, 12, 129, 141
537012.5.peg.400.site.3, 28, 129, 157
537012.5.peg.400.site.4, 54, 126, 180
537012.5.peg.400.site.5, 9, 130, 139
537012.5.peg.400.site.6, 6, 129, 135
537012.5.peg.400.site.7, 4, 126, 130
537012.5.peg.400.site.8, 6, 126, 132
537012.5.peg.400.site.9, 123, 128, 251
537012.5.peg.400.site.10, 40, 127, 167
537012.5.peg.400.site.11, 14, 130, 144
537012.5.peg.400.site.12, 0, 128, 128
537012.5.peg.400.site.13, 1, 46, 47
537012.5.peg.400.site.14, 1, 39, 40
537012.5.peg.407.site.1, 30, 117, 147
537012.5.peg.407.site.2, 2, 120, 122
537012.5.peg.407.site.3, 6, 114, 120
537012.5.peg.407.site.4, 16, 94, 110
537012.5.peg.407.site.5, 3, 92, 95
537012.5.peg.407.site.6, 4, 86, 90
537012.5.peg.407.site.7, 7, 90, 97
537012.5.peg.407.site.8, 9, 90, 99
537012.5.peg.407.site.9, 21, 123, 144
537012.5.peg.407.site.10, 10, 124, 134
537012.5.peg.407.site.11, 5, 125, 130
537012.5.peg.407.site.12, 3, 125, 128
537012.5.peg.407.site.13, 36, 125, 161
537012.5.peg.407.site.14, 6, 126, 132
537012.5.peg.407.site.15, 2, 125, 127
537012.5.peg.407.site.16, 66, 123, 189
537012.5.peg.407.site.17, 39, 125, 164
537012.5.peg.407.site.18, 8, 124, 132
537012.5.peg.407.site.19, 90, 122, 212
537012.5.peg.407.site.20, 5, 126, 131
537012.5.peg.407.site.21, 4, 123, 127
537012.5.peg.407.site.22, 3, 124, 127
537012.5.peg.407.site.23, 1, 125, 126
537012.5.peg.407.site.24, 1, 126, 127
537012.5.peg.407.site.25, 124, 126, 250
537012.5.peg.407.site.26, 8, 99, 107
537012.5.peg.407.site.27, 9, 100, 109
537012.5.peg.407.site.28, 4, 98, 102
537012.5.peg.407.site.29, 62, 103, 165
537012.5.peg.407.site.30, 2, 125, 127
537012.5.peg.407.site.31, 7, 124, 131
537012.5.peg.407.site.32, 30, 123, 153
537012.5.peg.407.site.33, 3, 125, 128
537012.5.peg.407.site.34, 1, 126, 127
537012.5.peg.407.site.35, 20, 126, 146
537012.5.peg.407.site.36, 54, 126, 180
537012.5.peg.407.site.37, 1, 126, 127
537012.5.peg.407.site.38, 71, 124, 195
537012.5.peg.407.site.39, 3, 126, 129
537012.5.peg.407.site.40, 2, 125, 127
537012.5.peg.407.site.41, 3, 125, 128
537012.5.peg.407.site.42, 11, 124, 135
537012.5.peg.407.site.43, 1, 125, 126
537012.5.peg.407.site.44, 10, 123, 133
537012.5.peg.407.site.45, 10, 126, 136
537012.5.peg.407.site.46, 22, 124, 146
537012.5.peg.407.site.47, 2, 125, 127
537012.5.peg.407.site.48, 59, 123, 182
537012.5.peg.407.site.49, 54, 123, 177
537012.5.peg.407.site.50, 1, 126, 127
537012.5.peg.407.site.51, 3, 125, 128
537012.5.peg.407.site.52, 5, 125, 130
537012.5.peg.407.site.53, 15, 125, 140
537012.5.peg.407.site.54, 1, 126, 127
537012.5.peg.407.site.55, 4, 126, 130
537012.5.peg.407.site.56, 2, 126, 128
537012.5.peg.407.site.57, 4, 123, 127
537012.5.peg.407.site.58, 1, 125, 126
537012.5.peg.407.site.59, 3, 125, 128
537012.5.peg.407.site.60, 83, 123, 206
537012.5.peg.407.site.61, 3, 125, 128
537012.5.peg.407.site.62, 5, 123, 128
537012.5.peg.407.site.63, 36, 121, 157
537012.5.peg.407.site.64, 6, 126, 132
537012.5.peg.407.site.65, 2, 126, 128
537012.5.peg.407.site.66, 1, 126, 127
537012.5.peg.407.site.67, 5, 126, 131
537012.5.peg.407.site.68, 5, 124, 129
537012.5.peg.407.site.69, 2, 126, 128
537012.5.peg.407.site.70, 3, 126, 129
537012.5.peg.407.site.71, 95, 126, 221
537012.5.peg.407.site.72, 20, 125, 145
537012.5.peg.407.site.73, 4, 125, 129
537012.5.peg.407.site.74, 6, 123, 129
537012.5.peg.407.site.75, 21, 124, 145
537012.5.peg.407.site.76, 2, 122, 124
537012.5.peg.407.site.77, 2, 121, 123
537012.5.peg.407.site.78, 2, 125, 127
537012.5.peg.407.site.79, 6, 123, 129
537012.5.peg.407.site.80, 1, 122, 123
537012.5.peg.407.site.81, 8, 123, 131
537012.5.peg.407.site.82, 45, 122, 167
537012.5.peg.407.site.83, 12, 123, 135
537012.5.peg.407.site.84, 1, 126, 127
537012.5.peg.407.site.85, 6, 125, 131
537012.5.peg.407.site.86, 17, 126, 143
537012.5.peg.407.site.87, 0, 125, 125
537012.5.peg.407.site.88, 1, 126, 127
537012.5.peg.407.site.89, 5, 126, 131
537012.5.peg.407.site.90, 3, 126, 129
537012.5.peg.407.site.91, 10, 124, 134
537012.5.peg.407.site.92, 2, 126, 128
537012.5.peg.407.site.93, 4, 125, 129
537012.5.peg.407.site.94, 7, 125, 132
537012.5.peg.407.site.95, 1, 126, 127
537012.5.peg.407.site.96, 1, 126, 127
537012.5.peg.407.site.97, 10, 125, 135
537012.5.peg.407.site.98, 3, 125, 128
537012.5.peg.407.site.99, 31, 125, 156
537012.5.peg.407.site.100, 29, 126, 155
537012.5.peg.407.site.101, 8, 125, 133
537012.5.peg.407.site.102, 5, 126, 131
537012.5.peg.407.site.103, 13, 124, 137
537012.5.peg.407.site.104, 58, 121, 179
537012.5.peg.407.site.105, 31, 121, 152
537012.5.peg.407.site.106, 1, 125, 126
537012.5.peg.407.site.107, 12, 124, 136
537012.5.peg.407.site.108, 4, 124, 128
537012.5.peg.407.site.109, 10, 126, 136
537012.5.peg.407.site.110, 5, 125, 130
537012.5.peg.407.site.111, 4, 124, 128
537012.5.peg.407.site.112, 3, 124, 127
537012.5.peg.407.site.113, 1, 121, 122
537012.5.peg.407.site.114, 3, 123, 126
537012.5.peg.407.site.115, 1, 121, 122
537012.5.peg.407.site.116, 8, 122, 130
537012.5.peg.406.site.1, 9, 119, 128
537012.5.peg.406.site.2, 1, 120, 121
537012.5.peg.406.site.3, 3, 123, 126
537012.5.peg.406.site.4, 9, 122, 131
537012.5.peg.406.site.5, 1, 124, 125
537012.5.peg.406.site.6, 7, 125, 132
537012.5.peg.406.site.7, 4, 126, 130
537012.5.peg.406.site.8, 7, 125, 132
537012.5.peg.406.site.9, 6, 126, 132
537012.5.peg.406.site.10, 6, 125, 131
537012.5.peg.406.site.11, 6, 126, 132
537012.5.peg.406.site.12, 124, 126, 250
537012.5.peg.406.site.13, 11, 125, 136
537012.5.peg.406.site.14, 11, 125, 136
537012.5.peg.406.site.15, 2, 126, 128
537012.5.peg.406.site.16, 9, 125, 134
537012.5.peg.406.site.17, 3, 126, 129
537012.5.peg.406.site.18, 9, 126, 135
537012.5.peg.406.site.19, 0, 125, 125
537012.5.peg.406.site.20, 4, 124, 128
537012.5.peg.406.site.21, 2, 126, 128
537012.5.peg.406.site.22, 0, 124, 124
537012.5.peg.406.site.23, 6, 126, 132
537012.5.peg.406.site.24, 7, 126, 133
537012.5.peg.406.site.25, 6, 126, 132
537012.5.peg.406.site.26, 57, 125, 182
537012.5.peg.406.site.27, 0, 125, 125
537012.5.peg.406.site.28, 16, 126, 142
537012.5.peg.406.site.29, 0, 125, 125
537012.5.peg.406.site.30, 9, 124, 133
537012.5.peg.406.site.31, 6, 121, 127
537012.5.peg.406.site.32, 10, 125, 135
537012.5.peg.406.site.33, 4, 123, 127
537012.5.peg.406.site.34, 3, 125, 128
537012.5.peg.406.site.35, 5, 125, 130
537012.5.peg.406.site.36, 9, 123, 132
537012.5.peg.406.site.37, 4, 124, 128
537012.5.peg.406.site.38, 1, 125, 126
537012.5.peg.406.site.39, 95, 124, 219
537012.5.peg.406.site.40, 6, 125, 131
537012.5.peg.406.site.41, 2, 125, 127
537012.5.peg.406.site.42, 22, 125, 147
537012.5.peg.406.site.43, 6, 126, 132
537012.5.peg.406.site.44, 3, 124, 127
537012.5.peg.406.site.45, 2, 124, 126
537012.5.peg.406.site.46, 5, 124, 129
537012.5.peg.406.site.47, 10, 122, 132
537012.5.peg.406.site.48, 0, 125, 125
537012.5.peg.406.site.49, 12, 125, 137
537012.5.peg.406.site.50, 2, 125, 127
537012.5.peg.406.site.51, 0, 126, 126
537012.5.peg.406.site.52, 2, 126, 128
537012.5.peg.406.site.53, 11, 125, 136
537012.5.peg.406.site.54, 8, 126, 134
537012.5.peg.406.site.55, 2, 126, 128
537012.5.peg.406.site.56, 1, 126, 127
537012.5.peg.406.site.57, 1, 126, 127
537012.5.peg.406.site.58, 0, 125, 125
537012.5.peg.406.site.59, 5, 125, 130
537012.5.peg.406.site.60, 1, 125, 126
537012.5.peg.406.site.61, 9, 126, 135
537012.5.peg.406.site.62, 2, 126, 128
537012.5.peg.406.site.63, 5, 125, 130
537012.5.peg.406.site.64, 1, 126, 127
537012.5.peg.406.site.65, 16, 125, 141
537012.5.peg.406.site.66, 5, 125, 130
537012.5.peg.406.site.67, 8, 125, 133
537012.5.peg.406.site.68, 6, 126, 132
537012.5.peg.406.site.69, 0, 125, 125
537012.5.peg.406.site.70, 3, 125, 128
537012.5.peg.406.site.71, 1, 125, 126
537012.5.peg.406.site.72, 47, 125, 172
537012.5.peg.406.site.73, 1, 126, 127
537012.5.peg.406.site.74, 4, 125, 129
537012.5.peg.406.site.75, 2, 125, 127
537012.5.peg.406.site.76, 2, 125, 127
537012.5.peg.406.site.77, 0, 124, 124
537012.5.peg.406.site.78, 4, 123, 127
537012.5.peg.406.site.79, 1, 124, 125
537012.5.peg.406.site.80, 2, 122, 124
537012.5.peg.406.site.81, 1, 120, 121
537012.5.peg.406.site.82, 8, 122, 130
537012.5.peg.406.site.83, 22, 126, 148
537012.5.peg.406.site.84, 9, 126, 135
537012.5.peg.406.site.85, 6, 126, 132
537012.5.peg.406.site.86, 23, 122, 145
537012.5.peg.406.site.87, 25, 120, 145
537012.5.peg.406.site.88, 0, 120, 120
537012.5.peg.406.site.89, 2, 117, 119
537012.5.peg.406.site.90, 1, 116, 117
537012.5.peg.405.site.1, 3, 130, 133
537012.5.peg.405.site.2, 5, 130, 135
537012.5.peg.405.site.3, 56, 129, 185
537012.5.peg.405.site.4, 3, 130, 133
537012.5.peg.405.site.5, 3, 130, 133
537012.5.peg.405.site.6, 3, 130, 133
537012.5.peg.405.site.7, 7, 130, 137
537012.5.peg.405.site.8, 7, 122, 129
537012.5.peg.405.site.9, 21, 120, 141
537012.5.peg.405.site.10, 1, 121, 122
537012.5.peg.405.site.11, 5, 124, 129
537012.5.peg.405.site.12, 10, 126, 136
537012.5.peg.405.site.13, 16, 128, 144
537012.5.peg.3261.site.1, 1, 125, 126
537012.5.peg.3261.site.2, 21, 125, 146
537012.5.peg.3261.site.3, 0, 131, 131
537012.5.peg.3261.site.4, 5, 131, 136
537012.5.peg.3261.site.5, 0, 132, 132
537012.5.peg.3261.site.6, 1, 92, 93
537012.5.peg.3261.site.7, 63, 85, 148
537012.5.peg.3261.site.8, 5, 89, 94
537012.5.peg.3261.site.9, 1, 88, 89
537012.5.peg.3261.site.10, 3, 86, 89
537012.5.peg.3261.site.11, 1, 88, 89
537012.5.peg.3261.site.12, 1, 86, 87
537012.5.peg.3261.site.13, 2, 87, 89
537012.5.peg.3261.site.14, 3, 81, 84
537012.5.peg.3261.site.15, 1, 77, 78
537012.5.peg.3261.site.16, 2, 78, 80
537012.5.peg.3261.site.17, 1, 79, 80
537012.5.peg.3261.site.18, 12, 78, 90
537012.5.peg.3261.site.19, 3, 76, 79
537012.5.peg.3261.site.20, 3, 77, 80
537012.5.peg.3261.site.21, 6, 77, 83
537012.5.peg.3261.site.22, 0, 77, 77
537012.5.peg.3261.site.23, 2, 77, 79
537012.5.peg.3261.site.24, 15, 78, 93
537012.5.peg.3261.site.25, 2, 79, 81
537012.5.peg.3261.site.26, 1, 79, 80
537012.5.peg.3261.site.27, 30, 94, 124
537012.5.peg.3261.site.28, 1, 96, 97
537012.5.peg.3261.site.29, 1, 96, 97
537012.5.peg.3261.site.30, 6, 93, 99
537012.5.peg.3261.site.31, 5, 91, 96
537012.5.peg.3261.site.32, 3, 87, 90
537012.5.peg.3261.site.33, 3, 88, 91
537012.5.peg.3261.site.34, 19, 76, 95
537012.5.peg.3261.site.35, 2, 77, 79
537012.5.peg.3261.site.36, 17, 76, 93
537012.5.peg.3261.site.37, 66, 76, 142
537012.5.peg.3261.site.38, 5, 77, 82
537012.5.peg.3261.site.39, 45, 77, 122
537012.5.peg.3261.site.40, 2, 80, 82
537012.5.peg.3261.site.41, 1, 81, 82
537012.5.peg.3261.site.42, 5, 81, 86
537012.5.peg.3261.site.43, 32, 77, 109
537012.5.peg.3261.site.44, 4, 79, 83
537012.5.peg.3261.site.45, 3, 76, 79
537012.5.peg.3261.site.46, 40, 75, 115
537012.5.peg.3261.site.47, 64, 76, 140
537012.5.peg.3261.site.48, 32, 76, 108
537012.5.peg.3261.site.49, 74, 77, 151
537012.5.peg.3261.site.50, 66, 76, 142
537012.5.peg.3261.site.51, 5, 77, 82
537012.5.peg.3261.site.52, 10, 77, 87
537012.5.peg.3261.site.53, 13, 75, 88
537012.5.peg.3261.site.54, 49, 74, 123
537012.5.peg.3261.site.55, 2, 75, 77
537012.5.peg.3261.site.56, 23, 82, 105
537012.5.peg.3261.site.57, 5, 96, 101
537012.5.peg.3261.site.58, 75, 95, 170
537012.5.peg.3261.site.59, 0, 95, 95
537012.5.peg.3261.site.60, 0, 83, 83
537012.5.peg.3261.site.61, 77, 82, 159
537012.5.peg.3261.site.62, 35, 82, 117
537012.5.peg.3261.site.63, 3, 82, 85
537012.5.peg.3261.site.64, 9, 91, 100
537012.5.peg.3261.site.65, 3, 86, 89
537012.5.peg.3261.site.66, 12, 86, 98
537012.5.peg.3261.site.67, 58, 84, 142
537012.5.peg.3261.site.68, 19, 85, 104
537012.5.peg.3261.site.69, 1, 83, 84
537012.5.peg.3261.site.70, 0, 82, 82
537012.5.peg.3261.site.71, 3, 84, 87
537012.5.peg.3261.site.72, 0, 84, 84
537012.5.peg.3261.site.73, 27, 80, 107
537012.5.peg.3261.site.74, 19, 84, 103
537012.5.peg.3261.site.75, 1, 87, 88
537012.5.peg.3261.site.76, 32, 84, 116
537012.5.peg.3261.site.77, 3, 87, 90
537012.5.peg.3261.site.78, 0, 88, 88
537012.5.peg.3261.site.79, 3, 84, 87
537012.5.peg.3261.site.80, 3, 90, 93
537012.5.peg.3261.site.81, 4, 90, 94
537012.5.peg.3261.site.82, 2, 92, 94
537012.5.peg.3261.site.83, 3, 89, 92
537012.5.peg.3261.site.84, 0, 88, 88
537012.5.peg.3261.site.85, 0, 83, 83
537012.5.peg.3261.site.86, 65, 82, 147
537012.5.peg.3261.site.87, 1, 83, 84
537012.5.peg.3261.site.88, 9, 81, 90
537012.5.peg.3261.site.89, 2, 81, 83
537012.5.peg.3261.site.90, 1, 81, 82
537012.5.peg.3261.site.91, 9, 78, 87
537012.5.peg.3261.site.92, 1, 78, 79
537012.5.peg.3261.site.93, 3, 78, 81
537012.5.peg.3261.site.94, 32, 77, 109
537012.5.peg.3261.site.95, 1, 79, 80
537012.5.peg.3261.site.96, 0, 79, 79
537012.5.peg.3261.site.97, 0, 76, 76
537012.5.peg.3261.site.98, 27, 75, 102
537012.5.peg.3261.site.99, 25, 76, 101
537012.5.peg.3261.site.100, 1, 77, 78
537012.5.peg.3261.site.101, 35, 76, 111
537012.5.peg.3261.site.102, 12, 77, 89
537012.5.peg.3261.site.103, 6, 77, 83
537012.5.peg.3261.site.104, 2, 77, 79
537012.5.peg.3261.site.105, 1, 78, 79
537012.5.peg.3261.site.106, 31, 77, 108
537012.5.peg.3261.site.107, 1, 78, 79
537012.5.peg.3261.site.108, 3, 77, 80
537012.5.peg.3261.site.109, 3, 77, 80
537012.5.peg.3261.site.110, 0, 77, 77
537012.5.peg.3261.site.111, 64, 75, 139
537012.5.peg.3261.site.112, 1, 73, 74
537012.5.peg.3261.site.113, 5, 74, 79
537012.5.peg.3261.site.114, 55, 76, 131
537012.5.peg.3261.site.115, 5, 82, 87
537012.5.peg.3261.site.116, 5, 82, 87
537012.5.peg.3261.site.117, 2, 84, 86
537012.5.peg.3261.site.118, 2, 84, 86
537012.5.peg.3261.site.119, 7, 85, 92
537012.5.peg.3261.site.120, 3, 84, 87
537012.5.peg.3261.site.121, 5, 84, 89
537012.5.peg.3261.site.122, 7, 77, 84
537012.5.peg.3261.site.123, 5, 78, 83
537012.5.peg.1451.site.1, 15, 117, 132
537012.5.peg.1451.site.2, 10, 119, 129
537012.5.peg.1451.site.3, 40, 124, 164
537012.5.peg.1451.site.4, 15, 125, 140
537012.5.peg.1451.site.5, 4, 130, 134
537012.5.peg.1451.site.6, 17, 133, 150
537012.5.peg.1451.site.7, 17, 133, 150
537012.5.peg.1451.site.8, 23, 132, 155
537012.5.peg.1451.site.9, 17, 133, 150
537012.5.peg.1451.site.10, 7, 132, 139
537012.5.peg.1451.site.11, 18, 134, 152
537012.5.peg.1451.site.12, 1, 134, 135
537012.5.peg.1451.site.13, 2, 128, 130
537012.5.peg.1451.site.14, 2, 121, 123
537012.5.peg.1451.site.15, 14, 118, 132
537012.5.peg.1451.site.16, 27, 116, 143
537012.5.peg.1451.site.17, 66, 115, 181
537012.5.peg.1451.site.18, 4, 119, 123
537012.5.peg.1451.site.19, 8, 120, 128
537012.5.peg.1451.site.20, 6, 118, 124
537012.5.peg.1451.site.21, 6, 116, 122
537012.5.peg.1451.site.22, 2, 119, 121
537012.5.peg.1451.site.23, 2, 131, 133
537012.5.peg.1451.site.24, 1, 133, 134
537012.5.peg.1451.site.25, 3, 134, 137
537012.5.peg.1451.site.26, 0, 134, 134
537012.5.peg.1451.site.27, 9, 132, 141
537012.5.peg.1451.site.28, 18, 134, 152
537012.5.peg.1451.site.29, 7, 134, 141
537012.5.peg.1451.site.30, 1, 134, 135
537012.5.peg.1451.site.31, 18, 134, 152
537012.5.peg.1451.site.32, 1, 134, 135
537012.5.peg.1451.site.33, 3, 130, 133
537012.5.peg.1451.site.34, 4, 127, 131
537012.5.peg.1451.site.35, 31, 126, 157
537012.5.peg.1451.site.36, 21, 127, 148
537012.5.peg.1451.site.37, 4, 132, 136
537012.5.peg.1451.site.38, 1, 134, 135
537012.5.peg.1451.site.39, 2, 134, 136
537012.5.peg.1451.site.40, 40, 133, 173
537012.5.peg.1451.site.41, 1, 134, 135
537012.5.peg.1451.site.42, 40, 132, 172
537012.5.peg.1451.site.43, 114, 130, 244
537012.5.peg.1451.site.44, 8, 117, 125
537012.5.peg.1451.site.45, 1, 115, 116
537012.5.peg.1451.site.46, 12, 119, 131
537012.5.peg.1451.site.47, 15, 117, 132
537012.5.peg.1451.site.48, 72, 116, 188
537012.5.peg.1451.site.49, 17, 114, 131
537012.5.peg.1451.site.50, 1, 116, 117
537012.5.peg.1451.site.51, 3, 116, 119
537012.5.peg.1451.site.52, 14, 119, 133
537012.5.peg.1451.site.53, 3, 127, 130
537012.5.peg.1451.site.54, 1, 129, 130
537012.5.peg.1451.site.55, 4, 120, 124
537012.5.peg.1451.site.56, 2, 117, 119
537012.5.peg.1451.site.57, 12, 134, 146
537012.5.peg.1451.site.58, 112, 134, 246
537012.5.peg.1451.site.59, 24, 133, 157
537012.5.peg.1451.site.60, 24, 132, 156
537012.5.peg.1451.site.61, 1, 134, 135
537012.5.peg.3904.site.1, 8, 127, 135
537012.5.peg.3904.site.2, 3, 130, 133
537012.5.peg.3904.site.3, 0, 128, 128
537012.5.peg.3904.site.4, 1, 129, 130
537012.5.peg.3904.site.5, 3, 129, 132
537012.5.peg.3904.site.6, 17, 128, 145
537012.5.peg.4400.site.1, 53, 128, 181
537012.5.peg.4400.site.2, 1, 130, 131
537012.5.peg.4400.site.3, 17, 127, 144
537012.5.peg.4400.site.4, 0, 128, 128
537012.5.peg.4400.site.5, 18, 126, 144
537012.5.peg.4400.site.6, 15, 124, 139
537012.5.peg.4400.site.7, 3, 129, 132
537012.5.peg.4400.site.8, 1, 129, 130
537012.5.peg.4400.site.9, 0, 127, 127
537012.5.peg.4400.site.10, 1, 128, 129
537012.5.peg.4400.site.11, 0, 129, 129
537012.5.peg.4400.site.12, 18, 129, 147
537012.5.peg.4400.site.13, 11, 129, 140
537012.5.peg.4400.site.14, 1, 130, 131
537012.5.peg.4400.site.15, 1, 129, 130
537012.5.peg.4400.site.16, 0, 130, 130
537012.5.peg.4400.site.17, 18, 129, 147
537012.5.peg.4400.site.18, 0, 129, 129
537012.5.peg.4400.site.19, 18, 129, 147
537012.5.peg.4400.site.20, 1, 130, 131
537012.5.peg.4400.site.21, 17, 129, 146
537012.5.peg.4400.site.22, 1, 129, 130
537012.5.peg.4400.site.23, 14, 128, 142
537012.5.peg.4400.site.24, 16, 128, 144
537012.5.peg.4400.site.25, 1, 128, 129
537012.5.peg.4400.site.26, 18, 129, 147
537012.5.peg.4400.site.27, 17, 129, 146
537012.5.peg.4400.site.28, 96, 129, 225
537012.5.peg.4400.site.29, 4, 128, 132
537012.5.peg.4400.site.30, 0, 126, 126
537012.5.peg.4400.site.31, 1, 130, 131
537012.5.peg.4400.site.32, 30, 129, 159
537012.5.peg.4400.site.33, 4, 130, 134
537012.5.peg.4400.site.34, 18, 130, 148
537012.5.peg.4400.site.35, 12, 128, 140
537012.5.peg.4400.site.36, 18, 130, 148
537012.5.peg.4400.site.37, 16, 130, 146
537012.5.peg.4400.site.38, 3, 130, 133
537012.5.peg.4400.site.39, 45, 130, 175
537012.5.peg.4400.site.40, 2, 130, 132
537012.5.peg.4400.site.41, 0, 129, 129
537012.5.peg.4400.site.42, 13, 129, 142
537012.5.peg.4400.site.43, 13, 129, 142
537012.5.peg.4400.site.44, 0, 129, 129
537012.5.peg.4400.site.45, 8, 128, 136
537012.5.peg.4400.site.46, 2, 131, 133
537012.5.peg.4400.site.47, 2, 119, 121
537012.5.peg.4400.site.48, 1, 118, 119
537012.5.peg.4400.site.49, 0, 116, 116
537012.5.peg.4400.site.50, 2, 109, 111
537012.5.peg.4400.site.51, 4, 108, 112
537012.5.peg.4400.site.52, 18, 84, 102
537012.5.peg.4400.site.53, 3, 76, 79
537012.5.peg.4400.site.54, 72, 78, 150
537012.5.peg.4400.site.55, 1, 78, 79
537012.5.peg.4400.site.56, 21, 77, 98
537012.5.peg.4400.site.57, 50, 78, 128
537012.5.peg.4400.site.58, 44, 75, 119
537012.5.peg.4400.site.59, 8, 76, 84
537012.5.peg.4400.site.60, 1, 77, 78
537012.5.peg.4400.site.61, 1, 77, 78
537012.5.peg.4400.site.62, 1, 77, 78
537012.5.peg.4400.site.63, 8, 76, 84
537012.5.peg.4400.site.64, 0, 76, 76
537012.5.peg.4400.site.65, 2, 77, 79
537012.5.peg.4400.site.66, 2, 69, 71
537012.5.peg.4400.site.67, 3, 70, 73
537012.5.peg.4400.site.68, 51, 68, 119
537012.5.peg.1459.site.1, 14, 129, 143
537012.5.peg.1459.site.2, 0, 129, 129
537012.5.peg.1459.site.3, 6, 130, 136
537012.5.peg.1459.site.4, 1, 129, 130
537012.5.peg.1459.site.5, 14, 129, 143
537012.5.peg.1459.site.6, 85, 129, 214
537012.5.peg.1459.site.7, 39, 131, 170
537012.5.peg.1459.site.8, 2, 131, 133
537012.5.peg.1459.site.9, 17, 133, 150
537012.5.peg.1459.site.10, 7, 133, 140
537012.5.peg.1459.site.11, 0, 132, 132
537012.5.peg.1459.site.12, 1, 129, 130
537012.5.peg.1459.site.13, 0, 130, 130
537012.5.peg.1459.site.14, 6, 129, 135
537012.5.peg.1459.site.15, 10, 131, 141
537012.5.peg.1459.site.16, 3, 131, 134
537012.5.peg.1459.site.17, 3, 132, 135
537012.5.peg.1459.site.18, 18, 132, 150
537012.5.peg.1459.site.19, 6, 133, 139
537012.5.peg.1459.site.20, 13, 134, 147
537012.5.peg.1459.site.21, 1, 134, 135
537012.5.peg.1459.site.22, 2, 134, 136
537012.5.peg.1459.site.23, 11, 133, 144
537012.5.peg.1459.site.24, 2, 131, 133
537012.5.peg.1459.site.25, 3, 132, 135
537012.5.peg.1459.site.26, 1, 130, 131
537012.5.peg.1459.site.27, 1, 130, 131
537012.5.peg.1459.site.28, 91, 128, 219
537012.5.peg.1459.site.29, 43, 131, 174
537012.5.peg.1459.site.30, 3, 132, 135
537012.5.peg.1459.site.31, 1, 132, 133
537012.5.peg.1459.site.32, 1, 133, 134
537012.5.peg.1459.site.33, 2, 131, 133
537012.5.peg.1459.site.34, 0, 129, 129
537012.5.peg.1459.site.35, 2, 130, 132
537012.5.peg.1459.site.36, 107, 130, 237
537012.5.peg.1459.site.37, 3, 130, 133
537012.5.peg.1459.site.38, 129, 130, 259
537012.5.peg.1459.site.39, 3, 133, 136
537012.5.peg.1459.site.40, 1, 133, 134
537012.5.peg.1459.site.41, 2, 132, 134
537012.5.peg.1459.site.42, 0, 130, 130
537012.5.peg.1459.site.43, 1, 130, 131
537012.5.peg.1459.site.44, 9, 130, 139
537012.5.peg.1459.site.45, 1, 131, 132
537012.5.peg.1459.site.46, 2, 131, 133
537012.5.peg.1459.site.47, 1, 132, 133
537012.5.peg.1459.site.48, 2, 132, 134
537012.5.peg.1459.site.49, 73, 133, 206
537012.5.peg.1459.site.50, 72, 133, 205
537012.5.peg.1459.site.51, 0, 129, 129
537012.5.peg.1459.site.52, 0, 129, 129
537012.5.peg.1459.site.53, 17, 130, 147
537012.5.peg.1459.site.54, 1, 130, 131
537012.5.peg.1459.site.55, 0, 130, 130
537012.5.peg.1459.site.56, 7, 130, 137
537012.5.peg.1459.site.57, 14, 130, 144
537012.5.peg.1459.site.58, 1, 130, 131
537012.5.peg.1459.site.59, 33, 130, 163
537012.5.peg.1459.site.60, 1, 131, 132
537012.5.peg.1459.site.61, 2, 134, 136
537012.5.peg.1459.site.62, 13, 134, 147
537012.5.peg.2129.site.1, 7, 134, 141
537012.5.peg.2129.site.2, 4, 132, 136
537012.5.peg.2129.site.3, 2, 134, 136
537012.5.peg.2129.site.4, 1, 134, 135
537012.5.peg.2129.site.5, 6, 134, 140
537012.5.peg.2129.site.6, 5, 133, 138
537012.5.peg.2129.site.7, 5, 134, 139
537012.5.peg.2129.site.8, 5, 132, 137
537012.5.peg.2129.site.9, 5, 134, 139
537012.5.peg.2129.site.10, 4, 132, 136
537012.5.peg.2129.site.11, 5, 132, 137
537012.5.peg.2129.site.12, 6, 133, 139
537012.5.peg.2129.site.13, 5, 132, 137
537012.5.peg.2129.site.14, 4, 132, 136
537012.5.peg.2129.site.15, 11, 132, 143
537012.5.peg.2128.site.1, 0, 134, 134
537012.5.peg.2128.site.2, 3, 134, 137
537012.5.peg.2128.site.3, 3, 133, 136
537012.5.peg.2128.site.4, 3, 134, 137
537012.5.peg.2128.site.5, 1, 134, 135
537012.5.peg.2128.site.6, 10, 133, 143
537012.5.peg.2128.site.7, 1, 134, 135
537012.5.peg.2128.site.8, 3, 133, 136
537012.5.peg.2128.site.9, 10, 132, 142
537012.5.peg.2128.site.10, 2, 134, 136
537012.5.peg.2128.site.11, 114, 134, 248
537012.5.peg.2128.site.12, 2, 132, 134
537012.5.peg.2128.site.13, 5, 134, 139
537012.5.peg.2128.site.14, 1, 134, 135
537012.5.peg.2128.site.15, 3, 134, 137
537012.5.peg.2128.site.16, 1, 134, 135
537012.5.peg.2128.site.17, 1, 134, 135
537012.5.peg.2128.site.18, 133, 134, 267
537012.5.peg.2128.site.19, 2, 133, 135
537012.5.peg.2128.site.20, 1, 134, 135
537012.5.peg.2128.site.21, 1, 134, 135
537012.5.peg.2128.site.22, 1, 134, 135
537012.5.peg.2128.site.23, 7, 133, 140
537012.5.peg.2128.site.24, 1, 134, 135
537012.5.peg.2128.site.25, 1, 134, 135
537012.5.peg.2128.site.26, 2, 134, 136
537012.5.peg.2128.site.27, 2, 134, 136
537012.5.peg.2128.site.28, 6, 134, 140
537012.5.peg.2128.site.29, 1, 134, 135
537012.5.peg.2128.site.30, 5, 132, 137
537012.5.peg.2128.site.31, 133, 134, 267
537012.5.peg.2128.site.32, 73, 134, 207
537012.5.peg.2128.site.33, 1, 132, 133
537012.5.peg.2128.site.34, 26, 134, 160
537012.5.peg.2128.site.35, 26, 134, 160
537012.5.peg.2128.site.36, 3, 134, 137
537012.5.peg.2128.site.37, 1, 133, 134
537012.5.peg.2128.site.38, 40, 134, 174
537012.5.peg.2128.site.39, 51, 133, 184
537012.5.peg.2128.site.40, 3, 134, 137
537012.5.peg.2128.site.41, 7, 134, 141
537012.5.peg.2128.site.42, 0, 133, 133
537012.5.peg.2128.site.43, 3, 132, 135
537012.5.peg.2128.site.44, 20, 133, 153
537012.5.peg.2128.site.45, 1, 133, 134
537012.5.peg.2128.site.46, 1, 131, 132
537012.5.peg.2128.site.47, 36, 134, 170
537012.5.peg.2659.site.1, 1, 122, 123
537012.5.peg.2659.site.2, 1, 122, 123
537012.5.peg.2659.site.3, 1, 114, 115
537012.5.peg.2659.site.4, 19, 113, 132
537012.5.peg.2658.site.1, 2, 131, 133
537012.5.peg.2658.site.2, 8, 132, 140
537012.5.peg.2658.site.3, 73, 132, 205
537012.5.peg.2658.site.4, 4, 131, 135
537012.5.peg.2658.site.5, 1, 130, 131
537012.5.peg.2658.site.6, 2, 130, 132
537012.5.peg.2658.site.7, 63, 123, 186
537012.5.peg.2658.site.8, 0, 122, 122
537012.5.peg.2658.site.9, 0, 122, 122
537012.5.peg.2658.site.10, 100, 121, 221
537012.5.peg.2658.site.11, 0, 120, 120
537012.5.peg.2658.site.12, 15, 122, 137
537012.5.peg.2658.site.13, 2, 123, 125
537012.5.peg.2658.site.14, 1, 122, 123
537012.5.peg.2658.site.15, 1, 123, 124
537012.5.peg.2658.site.16, 1, 123, 124
537012.5.peg.2658.site.17, 22, 123, 145
537012.5.peg.2658.site.18, 0, 122, 122
537012.5.peg.2658.site.19, 0, 124, 124
537012.5.peg.2658.site.20, 1, 127, 128
537012.5.peg.2658.site.21, 0, 125, 125
537012.5.peg.2658.site.22, 104, 128, 232
537012.5.peg.2658.site.23, 100, 127, 227
537012.5.peg.2658.site.24, 2, 129, 131
537012.5.peg.2658.site.25, 2, 128, 130
537012.5.peg.2658.site.26, 1, 131, 132
537012.5.peg.2658.site.27, 1, 131, 132
537012.5.peg.2658.site.28, 1, 129, 130
537012.5.peg.539.site.1, 1, 100, 101
537012.5.peg.539.site.2, 4, 98, 102
537012.5.peg.539.site.3, 4, 99, 103
537012.5.peg.539.site.4, 2, 105, 107
537012.5.peg.539.site.5, 2, 111, 113
537012.5.peg.539.site.6, 16, 112, 128
537012.5.peg.539.site.7, 2, 124, 126
537012.5.peg.539.site.8, 55, 121, 176
537012.5.peg.539.site.9, 7, 111, 118
537012.5.peg.539.site.10, 9, 102, 111
537012.5.peg.539.site.11, 1, 102, 103
537012.5.peg.539.site.12, 4, 80, 84
537012.5.peg.539.site.13, 2, 76, 78
537012.5.peg.539.site.14, 74, 76, 150
537012.5.peg.539.site.15, 22, 75, 97
537012.5.peg.539.site.16, 0, 77, 77
537012.5.peg.539.site.17, 15, 77, 92
537012.5.peg.539.site.18, 2, 78, 80
537012.5.peg.539.site.19, 6, 81, 87
537012.5.peg.539.site.20, 17, 85, 102
537012.5.peg.539.site.21, 0, 88, 88
537012.5.peg.539.site.22, 1, 92, 93
537012.5.peg.2653.site.1, 10, 79, 89
537012.5.peg.2653.site.2, 15, 83, 98
537012.5.peg.2653.site.3, 8, 130, 138
537012.5.peg.2653.site.4, 0, 132, 132
537012.5.peg.2653.site.5, 0, 131, 131
537012.5.peg.2653.site.6, 4, 132, 136
537012.5.peg.2653.site.7, 0, 132, 132
537012.5.peg.2653.site.8, 12, 129, 141
537012.5.peg.2653.site.9, 1, 134, 135
537012.5.peg.2653.site.10, 0, 131, 131
537012.5.peg.2653.site.11, 1, 134, 135
537012.5.peg.2653.site.12, 2, 131, 133
537012.5.peg.2653.site.13, 0, 131, 131
537012.5.peg.2653.site.14, 45, 130, 175
537012.5.peg.2653.site.15, 23, 134, 157
537012.5.peg.2653.site.16, 59, 131, 190
537012.5.peg.2653.site.17, 3, 134, 137
537012.5.peg.2653.site.18, 1, 134, 135
537012.5.peg.2653.site.19, 0, 133, 133
537012.5.peg.2653.site.20, 0, 133, 133
537012.5.peg.2653.site.21, 3, 129, 132
537012.5.peg.2653.site.22, 14, 127, 141
537012.5.peg.2653.site.23, 2, 129, 131
537012.5.peg.2653.site.24, 13, 129, 142
537012.5.peg.2653.site.25, 1, 129, 130
537012.5.peg.2653.site.26, 2, 129, 131
537012.5.peg.2653.site.27, 1, 129, 130
537012.5.peg.2653.site.28, 38, 127, 165
537012.5.peg.2653.site.29, 1, 130, 131
537012.5.peg.2653.site.30, 0, 129, 129
537012.5.peg.2653.site.31, 1, 129, 130
537012.5.peg.2653.site.32, 38, 129, 167
537012.5.peg.2653.site.33, 1, 128, 129
537012.5.peg.2653.site.34, 1, 130, 131
537012.5.peg.2653.site.35, 3, 132, 135
537012.5.peg.2653.site.36, 2, 133, 135
537012.5.peg.2653.site.37, 1, 134, 135
537012.5.peg.2653.site.38, 1, 134, 135
537012.5.peg.2653.site.39, 3, 134, 137
537012.5.peg.2653.site.40, 3, 131, 134
537012.5.peg.2653.site.41, 3, 131, 134
537012.5.peg.2653.site.42, 4, 132, 136
537012.5.peg.2653.site.43, 20, 132, 152
537012.5.peg.2653.site.44, 4, 133, 137
537012.5.peg.2653.site.45, 2, 134, 136
537012.5.peg.2653.site.46, 1, 134, 135
537012.5.peg.2653.site.47, 10, 134, 144
537012.5.peg.2653.site.48, 4, 132, 136
537012.5.peg.2653.site.49, 12, 132, 144
537012.5.peg.2653.site.50, 2, 134, 136
537012.5.peg.2653.site.51, 1, 134, 135
537012.5.peg.2653.site.52, 129, 132, 261
537012.5.peg.2653.site.53, 1, 132, 133
537012.5.peg.2653.site.54, 1, 130, 131
537012.5.peg.2653.site.55, 2, 132, 134
537012.5.peg.2653.site.56, 34, 130, 164
537012.5.peg.2653.site.57, 19, 130, 149
537012.5.peg.2653.site.58, 1, 130, 131
537012.5.peg.2653.site.59, 9, 133, 142
537012.5.peg.2653.site.60, 3, 134, 137
537012.5.peg.2653.site.61, 3, 134, 137
537012.5.peg.2653.site.62, 5, 133, 138
537012.5.peg.2653.site.63, 65, 134, 199
537012.5.peg.2653.site.64, 3, 133, 136
537012.5.peg.2653.site.65, 2, 133, 135
537012.5.peg.2653.site.66, 10, 132, 142
537012.5.peg.2653.site.67, 4, 132, 136
537012.5.peg.2653.site.68, 30, 133, 163
537012.5.peg.2653.site.69, 1, 133, 134
537012.5.peg.2653.site.70, 7, 133, 140
537012.5.peg.2653.site.71, 1, 132, 133
537012.5.peg.2653.site.72, 11, 131, 142
537012.5.peg.2653.site.73, 12, 133, 145
537012.5.peg.2653.site.74, 1, 132, 133
537012.5.peg.2653.site.75, 128, 134, 262
537012.5.peg.2653.site.76, 1, 134, 135
537012.5.peg.2653.site.77, 2, 134, 136
537012.5.peg.2653.site.78, 1, 134, 135
537012.5.peg.536.site.1, 9, 70, 79
537012.5.peg.536.site.2, 2, 72, 74
537012.5.peg.536.site.3, 1, 71, 72
537012.5.peg.536.site.4, 1, 71, 72
537012.5.peg.536.site.5, 1, 76, 77
537012.5.peg.536.site.6, 3, 78, 81
537012.5.peg.536.site.7, 2, 78, 80
537012.5.peg.536.site.8, 60, 74, 134
537012.5.peg.536.site.9, 69, 75, 144
537012.5.peg.536.site.10, 7, 73, 80
537012.5.peg.536.site.11, 3, 75, 78
537012.5.peg.536.site.12, 2, 76, 78
537012.5.peg.536.site.13, 18, 78, 96
537012.5.peg.536.site.14, 26, 80, 106
537012.5.peg.536.site.15, 0, 88, 88
537012.5.peg.536.site.16, 19, 88, 107
537012.5.peg.536.site.17, 2, 87, 89
537012.5.peg.536.site.18, 50, 88, 138
537012.5.peg.536.site.19, 8, 91, 99
537012.5.peg.536.site.20, 2, 88, 90
537012.5.peg.536.site.21, 1, 90, 91
537012.5.peg.536.site.22, 17, 89, 106
537012.5.peg.536.site.23, 8, 79, 87
537012.5.peg.536.site.24, 3, 79, 82
537012.5.peg.536.site.25, 39, 79, 118
537012.5.peg.536.site.26, 13, 80, 93
537012.5.peg.536.site.27, 2, 80, 82
537012.5.peg.536.site.28, 1, 81, 82
537012.5.peg.536.site.29, 2, 79, 81
537012.5.peg.536.site.30, 10, 80, 90
537012.5.peg.536.site.31, 1, 95, 96
537012.5.peg.536.site.32, 5, 98, 103
537012.5.peg.536.site.33, 1, 96, 97
537012.5.peg.536.site.34, 1, 102, 103
537012.5.peg.536.site.35, 5, 104, 109
537012.5.peg.536.site.36, 9, 108, 117
537012.5.peg.536.site.37, 4, 121, 125
537012.5.peg.536.site.38, 6, 123, 129
537012.5.peg.536.site.39, 6, 121, 127
537012.5.peg.536.site.40, 1, 110, 111
537012.5.peg.535.site.1, 2, 101, 103
537012.5.peg.535.site.2, 0, 102, 102
537012.5.peg.535.site.3, 22, 104, 126
537012.5.peg.535.site.4, 0, 103, 103
537012.5.peg.535.site.5, 2, 89, 91
537012.5.peg.535.site.6, 12, 82, 94
537012.5.peg.535.site.7, 13, 82, 95
537012.5.peg.535.site.8, 1, 85, 86
537012.5.peg.535.site.9, 0, 90, 90
537012.5.peg.535.site.10, 6, 94, 100
537012.5.peg.535.site.11, 29, 98, 127
537012.5.peg.535.site.12, 18, 95, 113
537012.5.peg.535.site.13, 1, 94, 95
537012.5.peg.535.site.14, 49, 89, 138
537012.5.peg.535.site.15, 1, 84, 85
537012.5.peg.535.site.16, 3, 80, 83
537012.5.peg.535.site.17, 66, 80, 146
537012.5.peg.535.site.18, 0, 79, 79
537012.5.peg.535.site.19, 4, 81, 85
537012.5.peg.535.site.20, 16, 80, 96
537012.5.peg.535.site.21, 1, 81, 82
537012.5.peg.535.site.22, 58, 80, 138
537012.5.peg.535.site.23, 0, 84, 84
537012.5.peg.535.site.24, 2, 86, 88
537012.5.peg.535.site.25, 2, 92, 94
537012.5.peg.535.site.26, 4, 94, 98
537012.5.peg.535.site.27, 2, 93, 95
537012.5.peg.535.site.28, 14, 88, 102
537012.5.peg.535.site.29, 1, 87, 88
537012.5.peg.535.site.30, 1, 87, 88
537012.5.peg.535.site.31, 1, 86, 87
537012.5.peg.535.site.32, 1, 87, 88
537012.5.peg.535.site.33, 5, 111, 116
537012.5.peg.535.site.34, 5, 114, 119
537012.5.peg.535.site.35, 2, 108, 110
537012.5.peg.535.site.36, 1, 105, 106
537012.5.peg.535.site.37, 13, 100, 113
537012.5.peg.535.site.38, 11, 98, 109
537012.5.peg.535.site.39, 3, 99, 102
537012.5.peg.535.site.40, 4, 102, 106
537012.5.peg.535.site.41, 8, 101, 109
537012.5.peg.535.site.42, 0, 101, 101
537012.5.peg.535.site.43, 28, 98, 126
537012.5.peg.535.site.44, 0, 99, 99
537012.5.peg.535.site.45, 8, 95, 103
537012.5.peg.535.site.46, 2, 84, 86
537012.5.peg.535.site.47, 1, 81, 82
537012.5.peg.535.site.48, 2, 79, 81
537012.5.peg.535.site.49, 1, 78, 79
537012.5.peg.2650.site.1, 3, 134, 137
537012.5.peg.2650.site.2, 3, 134, 137
537012.5.peg.2650.site.3, 21, 134, 155
537012.5.peg.2650.site.4, 14, 134, 148
537012.5.peg.2650.site.5, 2, 134, 136
537012.5.peg.2650.site.6, 4, 132, 136
537012.5.peg.2650.site.7, 23, 131, 154
537012.5.peg.2650.site.8, 1, 134, 135
537012.5.peg.2650.site.9, 10, 134, 144
537012.5.peg.2650.site.10, 73, 133, 206
537012.5.peg.2650.site.11, 1, 134, 135
537012.5.peg.2650.site.12, 6, 133, 139
537012.5.peg.2650.site.13, 5, 133, 138
537012.5.peg.2650.site.14, 3, 133, 136
537012.5.peg.2650.site.15, 2, 132, 134
537012.5.peg.2650.site.16, 32, 131, 163
537012.5.peg.2650.site.17, 2, 134, 136
537012.5.peg.2650.site.18, 50, 132, 182
537012.5.peg.2650.site.19, 43, 132, 175
537012.5.peg.2650.site.20, 1, 134, 135
537012.5.peg.2650.site.21, 2, 134, 136
537012.5.peg.2650.site.22, 12, 132, 144
537012.5.peg.2650.site.23, 1, 134, 135
537012.5.peg.2650.site.24, 37, 132, 169
537012.5.peg.2650.site.25, 4, 134, 138
537012.5.peg.2650.site.26, 1, 134, 135
537012.5.peg.2650.site.27, 1, 134, 135
537012.5.peg.2650.site.28, 6, 132, 138
537012.5.peg.2650.site.29, 0, 134, 134
537012.5.peg.2650.site.30, 1, 134, 135
537012.5.peg.2650.site.31, 24, 133, 157
537012.5.peg.2650.site.32, 5, 133, 138
537012.5.peg.2650.site.33, 7, 134, 141
537012.5.peg.2650.site.34, 6, 133, 139
537012.5.peg.2650.site.35, 1, 134, 135
537012.5.peg.2650.site.36, 6, 134, 140
537012.5.peg.2650.site.37, 60, 133, 193
537012.5.peg.2650.site.38, 7, 133, 140
537012.5.peg.2650.site.39, 5, 130, 135
537012.5.peg.2650.site.40, 35, 133, 168
537012.5.peg.2650.site.41, 35, 133, 168
537012.5.peg.2650.site.42, 9, 133, 142
537012.5.peg.2650.site.43, 1, 134, 135
537012.5.peg.2650.site.44, 5, 133, 138
537012.5.peg.2650.site.45, 13, 133, 146
537012.5.peg.2650.site.46, 13, 132, 145
537012.5.peg.2650.site.47, 5, 133, 138
537012.5.peg.2650.site.48, 4, 132, 136
537012.5.peg.2125.site.1, 2, 127, 129
537012.5.peg.2125.site.2, 21, 127, 148
537012.5.peg.2125.site.3, 1, 126, 127
537012.5.peg.2125.site.4, 5, 124, 129
537012.5.peg.2125.site.5, 1, 126, 127
537012.5.peg.2125.site.6, 3, 127, 130
537012.5.peg.2125.site.7, 13, 127, 140
537012.5.peg.2125.site.8, 3, 127, 130
537012.5.peg.2125.site.9, 68, 127, 195
537012.5.peg.2125.site.10, 14, 127, 141
537012.5.peg.2125.site.11, 12, 126, 138
537012.5.peg.2124.site.1, 21, 125, 146
537012.5.peg.2124.site.2, 5, 124, 129
537012.5.peg.2124.site.3, 4, 124, 128
537012.5.peg.2124.site.4, 17, 127, 144
537012.5.peg.2124.site.5, 0, 127, 127
537012.5.peg.2124.site.6, 59, 124, 183
537012.5.peg.2124.site.7, 0, 127, 127
537012.5.peg.2124.site.8, 1, 127, 128
537012.5.peg.2124.site.9, 57, 126, 183
537012.5.peg.2124.site.10, 1, 127, 128
537012.5.peg.2124.site.11, 1, 127, 128
537012.5.peg.2127.site.1, 0, 134, 134
537012.5.peg.2127.site.2, 15, 131, 146
537012.5.peg.2127.site.3, 133, 134, 267
537012.5.peg.2127.site.4, 0, 131, 131
537012.5.peg.2127.site.5, 2, 133, 135
537012.5.peg.2127.site.6, 2, 132, 134
537012.5.peg.2127.site.7, 33, 130, 163
537012.5.peg.2127.site.8, 34, 132, 166
537012.5.peg.2127.site.9, 11, 132, 143
537012.5.peg.2127.site.10, 2, 133, 135
537012.5.peg.2127.site.11, 1, 134, 135
537012.5.peg.2127.site.12, 2, 134, 136
537012.5.peg.2127.site.13, 7, 133, 140
537012.5.peg.2127.site.14, 1, 134, 135
537012.5.peg.2127.site.15, 1, 134, 135
537012.5.peg.2127.site.16, 0, 134, 134
537012.5.peg.2127.site.17, 54, 131, 185
537012.5.peg.2654.site.1, 2, 131, 133
537012.5.peg.2654.site.2, 2, 132, 134
537012.5.peg.2654.site.3, 4, 133, 137
537012.5.peg.2654.site.4, 6, 132, 138
537012.5.peg.2654.site.5, 1, 133, 134
537012.5.peg.2654.site.6, 17, 131, 148
537012.5.peg.2654.site.7, 1, 134, 135
537012.5.peg.2654.site.8, 1, 134, 135
537012.5.peg.2654.site.9, 5, 134, 139
537012.5.peg.2654.site.10, 2, 134, 136
537012.5.peg.2654.site.11, 1, 134, 135
537012.5.peg.2654.site.12, 1, 134, 135
537012.5.peg.2654.site.13, 38, 133, 171
537012.5.peg.2654.site.14, 2, 131, 133
537012.5.peg.2654.site.15, 1, 130, 131
537012.5.peg.2654.site.16, 78, 126, 204
537012.5.peg.2654.site.17, 6, 134, 140
537012.5.peg.2654.site.18, 5, 132, 137
537012.5.peg.2654.site.19, 1, 134, 135
537012.5.peg.2654.site.20, 3, 134, 137
537012.5.peg.2654.site.21, 8, 133, 141
537012.5.peg.2654.site.22, 1, 134, 135
537012.5.peg.2654.site.23, 23, 133, 156
537012.5.peg.2654.site.24, 14, 132, 146
537012.5.peg.2654.site.25, 13, 133, 146
537012.5.peg.2654.site.26, 2, 134, 136
537012.5.peg.2654.site.27, 2, 134, 136
537012.5.peg.2654.site.28, 1, 133, 134
537012.5.peg.2654.site.29, 0, 132, 132
537012.5.peg.2654.site.30, 1, 132, 133
537012.5.peg.2654.site.31, 7, 132, 139
537012.5.peg.2654.site.32, 1, 133, 134
537012.5.peg.2654.site.33, 87, 130, 217
537012.5.peg.2654.site.34, 5, 132, 137
537012.5.peg.2654.site.35, 4, 129, 133
537012.5.peg.2654.site.36, 1, 126, 127
537012.5.peg.2654.site.37, 0, 129, 129
537012.5.peg.2654.site.38, 11, 130, 141
537012.5.peg.2654.site.39, 7, 130, 137
537012.5.peg.2654.site.40, 11, 128, 139
537012.5.peg.2654.site.41, 4, 130, 134
537012.5.peg.2654.site.42, 21, 129, 150
537012.5.peg.2654.site.43, 4, 127, 131
537012.5.peg.2654.site.44, 5, 128, 133
537012.5.peg.2654.site.45, 7, 129, 136
537012.5.peg.2654.site.46, 3, 134, 137
537012.5.peg.2654.site.47, 1, 134, 135
537012.5.peg.2654.site.48, 4, 132, 136
537012.5.peg.2654.site.49, 74, 132, 206
537012.5.peg.2654.site.50, 2, 134, 136
537012.5.peg.2654.site.51, 1, 133, 134
537012.5.peg.2654.site.52, 123, 132, 255
537012.5.peg.2654.site.53, 12, 132, 144
537012.5.peg.2654.site.54, 3, 134, 137
537012.5.peg.2654.site.55, 12, 131, 143
537012.5.peg.2654.site.56, 1, 134, 135
537012.5.peg.2654.site.57, 2, 134, 136
537012.5.peg.2654.site.58, 5, 132, 137
537012.5.peg.2654.site.59, 43, 132, 175
537012.5.peg.2654.site.60, 2, 134, 136
537012.5.peg.2654.site.61, 43, 134, 177
537012.5.peg.4420.site.1, 0, 134, 134
537012.5.peg.4420.site.2, 4, 132, 136
537012.5.peg.4420.site.3, 46, 131, 177
537012.5.peg.4420.site.4, 7, 134, 141
537012.5.peg.4420.site.5, 11, 134, 145
537012.5.peg.4420.site.6, 1, 134, 135
537012.5.peg.4421.site.1, 5, 134, 139
537012.5.peg.4421.site.2, 5, 134, 139
537012.5.peg.4421.site.3, 6, 128, 134
537012.5.peg.4421.site.4, 3, 134, 137
537012.5.peg.4421.site.5, 14, 132, 146
537012.5.peg.4421.site.6, 4, 133, 137
537012.5.peg.4421.site.7, 17, 133, 150
537012.5.peg.4421.site.8, 26, 133, 159
537012.5.peg.4421.site.9, 0, 134, 134
537012.5.peg.4421.site.10, 4, 132, 136
537012.5.peg.4421.site.11, 131, 134, 265
537012.5.peg.4421.site.12, 1, 133, 134
537012.5.peg.4402.site.1, 25, 101, 126
537012.5.peg.4402.site.2, 11, 121, 132
537012.5.peg.4402.site.3, 4, 120, 124
537012.5.peg.4402.site.4, 38, 121, 159
537012.5.peg.4402.site.5, 4, 120, 124
537012.5.peg.4402.site.6, 11, 120, 131
537012.5.peg.4402.site.7, 1, 119, 120
537012.5.peg.4402.site.8, 4, 116, 120
537012.5.peg.4402.site.9, 0, 115, 115
537012.5.peg.4402.site.10, 2, 124, 126
537012.5.peg.4402.site.11, 1, 126, 127
537012.5.peg.2239.site.1, 2, 131, 133
537012.5.peg.2239.site.2, 0, 129, 129
537012.5.peg.2239.site.3, 1, 129, 130
537012.5.peg.2239.site.4, 2, 129, 131
537012.5.peg.2239.site.5, 44, 130, 174
537012.5.peg.2239.site.6, 1, 130, 131
537012.5.peg.2239.site.7, 1, 130, 131
537012.5.peg.2239.site.8, 7, 130, 137
537012.5.peg.2239.site.9, 0, 129, 129
537012.5.peg.2239.site.10, 7, 128, 135
537012.5.peg.2239.site.11, 7, 130, 137
537012.5.peg.2239.site.12, 1, 130, 131
537012.5.peg.2239.site.13, 0, 129, 129
537012.5.peg.2239.site.14, 1, 130, 131
537012.5.peg.2239.site.15, 0, 128, 128
537012.5.peg.2239.site.16, 0, 129, 129
537012.5.peg.2239.site.17, 2, 129, 131
537012.5.peg.2238.site.1, 2, 130, 132
537012.5.peg.2238.site.2, 12, 133, 145
537012.5.peg.2238.site.3, 6, 133, 139
537012.5.peg.2238.site.4, 0, 130, 130
537012.5.peg.2238.site.5, 8, 126, 134
537012.5.peg.2238.site.6, 6, 125, 131
537012.5.peg.2238.site.7, 0, 122, 122
537012.5.peg.2238.site.8, 1, 118, 119
537012.5.peg.2238.site.9, 5, 117, 122
537012.5.peg.2238.site.10, 6, 117, 123
537012.5.peg.2238.site.11, 6, 117, 123
537012.5.peg.2238.site.12, 6, 117, 123
537012.5.peg.2238.site.13, 3, 119, 122
537012.5.peg.2238.site.14, 0, 126, 126
537012.5.peg.2238.site.15, 0, 128, 128
537012.5.peg.2238.site.16, 15, 130, 145
537012.5.peg.2238.site.17, 1, 130, 131
537012.5.peg.2238.site.18, 1, 131, 132
537012.5.peg.2238.site.19, 1, 131, 132
537012.5.peg.2238.site.20, 7, 131, 138
537012.5.peg.2238.site.21, 0, 129, 129
537012.5.peg.2238.site.22, 1, 131, 132
537012.5.peg.2238.site.23, 2, 131, 133
537012.5.peg.2238.site.24, 2, 130, 132
537012.5.peg.2238.site.25, 1, 132, 133
537012.5.peg.2238.site.26, 2, 130, 132
537012.5.peg.2238.site.27, 1, 131, 132
537012.5.peg.2238.site.28, 5, 130, 135
537012.5.peg.2238.site.29, 87, 130, 217
537012.5.peg.2238.site.30, 3, 130, 133
537012.5.peg.2238.site.31, 0, 130, 130
537012.5.peg.2238.site.32, 1, 130, 131
537012.5.peg.2238.site.33, 8, 130, 138
537012.5.peg.2238.site.34, 0, 131, 131
537012.5.peg.2238.site.35, 4, 134, 138
537012.5.peg.2238.site.36, 0, 128, 128
537012.5.peg.2729.site.1, 9, 133, 142
537012.5.peg.2729.site.2, 2, 132, 134
537012.5.peg.2729.site.3, 18, 132, 150
537012.5.peg.2729.site.4, 40, 128, 168
537012.5.peg.2729.site.5, 2, 127, 129
537012.5.peg.2729.site.6, 1, 125, 126
537012.5.peg.2729.site.7, 0, 126, 126
537012.5.peg.2729.site.8, 34, 125, 159
537012.5.peg.2729.site.9, 9, 124, 133
537012.5.peg.2729.site.10, 8, 126, 134
537012.5.peg.2729.site.11, 5, 130, 135
537012.5.peg.2729.site.12, 4, 129, 133
537012.5.peg.2729.site.13, 14, 127, 141
537012.5.peg.2729.site.14, 0, 129, 129
537012.5.peg.2729.site.15, 6, 130, 136
537012.5.peg.2729.site.16, 0, 126, 126
537012.5.peg.2729.site.17, 4, 127, 131
537012.5.peg.2729.site.18, 8, 131, 139
537012.5.peg.2729.site.19, 0, 130, 130
537012.5.peg.2729.site.20, 7, 132, 139
537012.5.peg.2729.site.21, 7, 132, 139
537012.5.peg.2729.site.22, 6, 133, 139
537012.5.peg.2729.site.23, 19, 132, 151
537012.5.peg.2729.site.24, 2, 133, 135
537012.5.peg.2729.site.25, 4, 131, 135
537012.5.peg.2729.site.26, 4, 130, 134
537012.5.peg.2729.site.27, 1, 133, 134
537012.5.peg.2729.site.28, 2, 131, 133
537012.5.peg.2729.site.29, 1, 133, 134
537012.5.peg.2728.site.1, 0, 11, 11
537012.5.peg.2728.site.2, 1, 15, 16
537012.5.peg.2728.site.3, 13, 83, 96
537012.5.peg.2728.site.4, 9, 103, 112
537012.5.peg.2728.site.5, 8, 105, 113
537012.5.peg.2728.site.6, 4, 101, 105
537012.5.peg.2728.site.7, 2, 101, 103
537012.5.peg.2728.site.8, 3, 104, 107
537012.5.peg.2728.site.9, 3, 111, 114
537012.5.peg.2728.site.10, 55, 102, 157
537012.5.peg.2728.site.11, 1, 100, 101
537012.5.peg.2728.site.12, 8, 107, 115
537012.5.peg.2728.site.13, 13, 123, 136
537012.5.peg.2728.site.14, 37, 129, 166
537012.5.peg.2728.site.15, 35, 127, 162
537012.5.peg.2728.site.16, 4, 130, 134
537012.5.peg.2728.site.17, 2, 130, 132
537012.5.peg.2728.site.18, 5, 130, 135
537012.5.peg.2728.site.19, 14, 132, 146
537012.5.peg.2728.site.20, 32, 133, 165
537012.5.peg.2728.site.21, 15, 133, 148
537012.5.peg.2728.site.22, 15, 133, 148
537012.5.peg.2728.site.23, 4, 132, 136
537012.5.peg.2728.site.24, 2, 133, 135
537012.5.peg.2728.site.25, 2, 133, 135
537012.5.peg.2728.site.26, 4, 131, 135
537012.5.peg.2728.site.27, 33, 131, 164
537012.5.peg.2728.site.28, 3, 128, 131
537012.5.peg.2728.site.29, 10, 129, 139
537012.5.peg.2728.site.30, 1, 132, 133
537012.5.peg.2728.site.31, 0, 133, 133
537012.5.peg.2728.site.32, 47, 130, 177
537012.5.peg.2728.site.33, 0, 133, 133
537012.5.peg.2728.site.34, 0, 133, 133
537012.5.peg.2728.site.35, 37, 131, 168
537012.5.peg.2728.site.36, 9, 133, 142
537012.5.peg.2728.site.37, 6, 133, 139
537012.5.peg.2728.site.38, 1, 133, 134
537012.5.peg.2728.site.39, 6, 133, 139
537012.5.peg.2728.site.40, 38, 132, 170
537012.5.peg.2728.site.41, 103, 130, 233
537012.5.peg.2728.site.42, 5, 132, 137
537012.5.peg.2728.site.43, 9, 129, 138
537012.5.peg.2728.site.44, 61, 125, 186
537012.5.peg.2728.site.45, 4, 125, 129
537012.5.peg.2728.site.46, 1, 128, 129
537012.5.peg.2728.site.47, 4, 131, 135
537012.5.peg.2728.site.48, 45, 131, 176
537012.5.peg.2728.site.49, 0, 131, 131
537012.5.peg.2728.site.50, 8, 131, 139
537012.5.peg.2728.site.51, 1, 133, 134
537012.5.peg.2728.site.52, 2, 133, 135
537012.5.peg.2728.site.53, 3, 132, 135
537012.5.peg.2728.site.54, 1, 133, 134
537012.5.peg.2728.site.55, 3, 133, 136
537012.5.peg.2728.site.56, 68, 130, 198
537012.5.peg.2728.site.57, 8, 130, 138
537012.5.peg.2728.site.58, 6, 132, 138
537012.5.peg.2728.site.59, 16, 131, 147
537012.5.peg.2728.site.60, 2, 131, 133
537012.5.peg.2728.site.61, 8, 130, 138
537012.5.peg.2728.site.62, 4, 127, 131
537012.5.peg.2728.site.63, 3, 129, 132
537012.5.peg.2728.site.64, 4, 132, 136
537012.5.peg.2728.site.65, 86, 133, 219
537012.5.peg.2728.site.66, 1, 133, 134
537012.5.peg.2728.site.67, 34, 133, 167
537012.5.peg.2728.site.68, 4, 128, 132
537012.5.peg.2728.site.69, 13, 127, 140
537012.5.peg.2728.site.70, 1, 130, 131
537012.5.peg.2728.site.71, 1, 131, 132
537012.5.peg.2728.site.72, 6, 133, 139
537012.5.peg.2728.site.73, 57, 132, 189
537012.5.peg.2728.site.74, 3, 133, 136
537012.5.peg.2728.site.75, 1, 133, 134
537012.5.peg.2728.site.76, 1, 132, 133
537012.5.peg.2728.site.77, 0, 133, 133
537012.5.peg.2728.site.78, 0, 133, 133
537012.5.peg.2728.site.79, 1, 133, 134
537012.5.peg.2728.site.80, 5, 133, 138
537012.5.peg.2728.site.81, 2, 132, 134
537012.5.peg.2728.site.82, 3, 132, 135
537012.5.peg.2728.site.83, 97, 133, 230
537012.5.peg.2235.site.1, 1, 131, 132
537012.5.peg.2235.site.2, 1, 131, 132
537012.5.peg.2235.site.3, 0, 129, 129
537012.5.peg.2235.site.4, 1, 132, 133
537012.5.peg.2235.site.5, 2, 131, 133
537012.5.peg.2235.site.6, 1, 133, 134
537012.5.peg.2235.site.7, 1, 133, 134
537012.5.peg.2235.site.8, 58, 132, 190
537012.5.peg.2235.site.9, 6, 128, 134
537012.5.peg.2235.site.10, 4, 126, 130
537012.5.peg.2235.site.11, 0, 127, 127
537012.5.peg.2235.site.12, 2, 125, 127
537012.5.peg.2235.site.13, 4, 125, 129
537012.5.peg.2235.site.14, 4, 125, 129
537012.5.peg.2235.site.15, 10, 132, 142
537012.5.peg.2235.site.16, 11, 132, 143
537012.5.peg.2235.site.17, 4, 131, 135
537012.5.peg.2235.site.18, 2, 125, 127
537012.5.peg.2235.site.19, 3, 128, 131
537012.5.peg.2235.site.20, 16, 126, 142
537012.5.peg.2235.site.21, 9, 120, 129
537012.5.peg.2235.site.22, 2, 114, 116
537012.5.peg.2235.site.23, 0, 115, 115
537012.5.peg.2235.site.24, 4, 116, 120
537012.5.peg.2235.site.25, 2, 116, 118
537012.5.peg.2235.site.26, 2, 124, 126
537012.5.peg.2235.site.27, 4, 127, 131
537012.5.peg.2235.site.28, 12, 125, 137
537012.5.peg.2235.site.29, 2, 125, 127
537012.5.peg.2235.site.30, 0, 126, 126
537012.5.peg.2235.site.31, 52, 129, 181
537012.5.peg.2235.site.32, 11, 129, 140
537012.5.peg.2235.site.33, 1, 127, 128
537012.5.peg.2235.site.34, 3, 125, 128
537012.5.peg.2235.site.35, 1, 124, 125
537012.5.peg.2235.site.36, 0, 123, 123
537012.5.peg.2235.site.37, 3, 125, 128
537012.5.peg.2235.site.38, 18, 120, 138
537012.5.peg.2235.site.39, 16, 121, 137
537012.5.peg.2235.site.40, 1, 123, 124
537012.5.peg.2235.site.41, 8, 125, 133
537012.5.peg.2235.site.42, 3, 119, 122
537012.5.peg.2235.site.43, 4, 117, 121
537012.5.peg.2235.site.44, 86, 116, 202
537012.5.peg.2235.site.45, 1, 125, 126
537012.5.peg.2235.site.46, 2, 125, 127
537012.5.peg.2235.site.47, 1, 123, 124
537012.5.peg.2235.site.48, 1, 123, 124
537012.5.peg.2235.site.49, 1, 124, 125
537012.5.peg.2235.site.50, 2, 125, 127
537012.5.peg.2235.site.51, 3, 129, 132
537012.5.peg.2234.site.1, 0, 130, 130
537012.5.peg.2234.site.2, 9, 130, 139
537012.5.peg.2234.site.3, 1, 128, 129
537012.5.peg.2234.site.4, 18, 131, 149
537012.5.peg.2234.site.5, 0, 131, 131
537012.5.peg.2234.site.6, 1, 131, 132
537012.5.peg.2234.site.7, 76, 130, 206
537012.5.peg.2237.site.1, 2, 129, 131
537012.5.peg.2237.site.2, 2, 130, 132
537012.5.peg.2237.site.3, 125, 129, 254
537012.5.peg.2237.site.4, 2, 125, 127
537012.5.peg.2237.site.5, 7, 127, 134
537012.5.peg.2237.site.6, 0, 128, 128
537012.5.peg.2237.site.7, 1, 129, 130
537012.5.peg.2237.site.8, 6, 128, 134
537012.5.peg.2237.site.9, 0, 130, 130
537012.5.peg.2237.site.10, 0, 129, 129
537012.5.peg.2237.site.11, 5, 128, 133
537012.5.peg.2237.site.12, 1, 129, 130
537012.5.peg.2237.site.13, 1, 130, 131
537012.5.peg.2237.site.14, 2, 128, 130
537012.5.peg.2237.site.15, 0, 127, 127
537012.5.peg.2237.site.16, 0, 127, 127
537012.5.peg.2237.site.17, 11, 130, 141
537012.5.peg.2237.site.18, 10, 127, 137
537012.5.peg.2237.site.19, 1, 124, 125
537012.5.peg.2237.site.20, 2, 117, 119
537012.5.peg.2724.site.1, 130, 132, 262
537012.5.peg.2724.site.2, 5, 132, 137
537012.5.peg.2724.site.3, 2, 129, 131
537012.5.peg.2724.site.4, 48, 125, 173
537012.5.peg.2724.site.5, 2, 126, 128
537012.5.peg.2724.site.6, 2, 126, 128
537012.5.peg.2724.site.7, 3, 127, 130
537012.5.peg.2724.site.8, 7, 121, 128
537012.5.peg.2724.site.9, 0, 120, 120
537012.5.peg.2724.site.10, 2, 129, 131
537012.5.peg.2724.site.11, 14, 124, 138
537012.5.peg.2724.site.12, 1, 113, 114
537012.5.peg.2724.site.13, 3, 123, 126
537012.5.peg.2724.site.14, 2, 125, 127
537012.5.peg.2724.site.15, 2, 122, 124
537012.5.peg.2724.site.16, 0, 124, 124
537012.5.peg.2724.site.17, 2, 121, 123
537012.5.peg.2724.site.18, 2, 128, 130
537012.5.peg.2724.site.19, 2, 127, 129
537012.5.peg.2724.site.20, 3, 127, 130
537012.5.peg.2724.site.21, 2, 127, 129
537012.5.peg.2724.site.22, 83, 132, 215
537012.5.peg.2724.site.23, 6, 132, 138
537012.5.peg.2724.site.24, 23, 128, 151
537012.5.peg.2724.site.25, 0, 133, 133
537012.5.peg.2724.site.26, 2, 133, 135
537012.5.peg.2724.site.27, 9, 133, 142
537012.5.peg.2724.site.28, 7, 128, 135
537012.5.peg.2724.site.29, 0, 130, 130
537012.5.peg.2724.site.30, 2, 129, 131
537012.5.peg.2724.site.31, 3, 127, 130
537012.5.peg.2724.site.32, 7, 116, 123
537012.5.peg.2724.site.33, 17, 120, 137
537012.5.peg.2724.site.34, 1, 118, 119
537012.5.peg.2724.site.35, 6, 107, 113
537012.5.peg.2724.site.36, 5, 109, 114
537012.5.peg.2724.site.37, 0, 106, 106
537012.5.peg.2724.site.38, 4, 109, 113
537012.5.peg.2724.site.39, 4, 118, 122
537012.5.peg.2724.site.40, 38, 114, 152
537012.5.peg.2724.site.41, 2, 125, 127
537012.5.peg.2724.site.42, 1, 126, 127
537012.5.peg.2724.site.43, 3, 124, 127
537012.5.peg.2724.site.44, 9, 124, 133
537012.5.peg.2724.site.45, 2, 122, 124
537012.5.peg.2724.site.46, 40, 124, 164
537012.5.peg.2724.site.47, 1, 125, 126
537012.5.peg.2724.site.48, 1, 125, 126
537012.5.peg.2724.site.49, 2, 123, 125
537012.5.peg.2724.site.50, 0, 124, 124
537012.5.peg.2724.site.51, 2, 113, 115
537012.5.peg.2724.site.52, 3, 110, 113
537012.5.peg.2724.site.53, 2, 109, 111
537012.5.peg.2724.site.54, 3, 111, 114
537012.5.peg.2723.site.1, 10, 126, 136
537012.5.peg.2723.site.2, 5, 126, 131
537012.5.peg.2723.site.3, 60, 127, 187
537012.5.peg.2723.site.4, 9, 126, 135
537012.5.peg.2723.site.5, 103, 127, 230
537012.5.peg.2723.site.6, 5, 126, 131
537012.5.peg.2723.site.7, 2, 129, 131
537012.5.peg.2723.site.8, 4, 128, 132
537012.5.peg.2723.site.9, 1, 130, 131
537012.5.peg.2723.site.10, 1, 129, 130
537012.5.peg.2723.site.11, 120, 130, 250
537012.5.peg.2723.site.12, 4, 127, 131
537012.5.peg.2723.site.13, 1, 127, 128
537012.5.peg.2723.site.14, 10, 126, 136
537012.5.peg.2722.site.1, 23, 125, 148
537012.5.peg.2722.site.2, 9, 127, 136
537012.5.peg.2722.site.3, 4, 125, 129
537012.5.peg.2721.site.1, 6, 133, 139
537012.5.peg.2721.site.2, 4, 129, 133
537012.5.peg.2721.site.3, 1, 128, 129
537012.5.peg.2721.site.4, 6, 133, 139
537012.5.peg.2232.site.1, 49, 125, 174
537012.5.peg.2232.site.2, 2, 125, 127
537012.5.peg.2232.site.3, 2, 125, 127
537012.5.peg.2232.site.4, 2, 128, 130
537012.5.peg.2232.site.5, 14, 127, 141
537012.5.peg.2232.site.6, 37, 128, 165
537012.5.peg.2232.site.7, 7, 131, 138
537012.5.peg.2232.site.8, 8, 129, 137
537012.5.peg.2232.site.9, 1, 127, 128
537012.5.peg.2232.site.10, 27, 123, 150
537012.5.peg.2232.site.11, 29, 123, 152
537012.5.peg.2232.site.12, 1, 122, 123
537012.5.peg.2232.site.13, 3, 120, 123
537012.5.peg.2232.site.14, 1, 121, 122
537012.5.peg.2232.site.15, 3, 123, 126
537012.5.peg.2232.site.16, 0, 124, 124
537012.5.peg.2232.site.17, 1, 124, 125
537012.5.peg.2232.site.18, 3, 127, 130
537012.5.peg.2232.site.19, 3, 127, 130
537012.5.peg.2232.site.20, 29, 125, 154
537012.5.peg.2232.site.21, 1, 124, 125
537012.5.peg.2232.site.22, 2, 124, 126
537012.5.peg.2232.site.23, 3, 125, 128
537012.5.peg.2232.site.24, 23, 126, 149
537012.5.peg.2232.site.25, 4, 126, 130
537012.5.peg.2232.site.26, 4, 128, 132
537012.5.peg.2232.site.27, 73, 128, 201
537012.5.peg.2232.site.28, 45, 128, 173
537012.5.peg.2232.site.29, 6, 129, 135
537012.5.peg.2232.site.30, 41, 127, 168
537012.5.peg.2232.site.31, 3, 129, 132
537012.5.peg.2232.site.32, 1, 129, 130
537012.5.peg.2232.site.33, 3, 130, 133
537012.5.peg.2232.site.34, 3, 133, 136
537012.5.peg.2232.site.35, 4, 130, 134
537012.5.peg.2232.site.36, 25, 132, 157
537012.5.peg.2232.site.37, 10, 132, 142
537012.5.peg.2232.site.38, 11, 133, 144
537012.5.peg.2232.site.39, 4, 131, 135
537012.5.peg.2232.site.40, 1, 132, 133
537012.5.peg.2232.site.41, 6, 133, 139
537012.5.peg.2232.site.42, 20, 130, 150
537012.5.peg.2232.site.43, 4, 132, 136
537012.5.peg.2232.site.44, 4, 131, 135
537012.5.peg.2232.site.45, 52, 132, 184
537012.5.peg.2232.site.46, 1, 133, 134
537012.5.peg.2232.site.47, 4, 131, 135
537012.5.peg.2232.site.48, 26, 130, 156
537012.5.peg.2232.site.49, 44, 133, 177
537012.5.peg.2232.site.50, 4, 131, 135
537012.5.peg.2232.site.51, 5, 132, 137
537012.5.peg.2232.site.52, 5, 131, 136
537012.5.peg.2232.site.53, 18, 122, 140
537012.5.peg.3637.site.1, 38, 128, 166
537012.5.peg.3637.site.2, 1, 133, 134
537012.5.peg.3637.site.3, 1, 132, 133
537012.5.peg.3637.site.4, 0, 130, 130
537012.5.peg.3637.site.5, 0, 124, 124
537012.5.peg.3637.site.6, 75, 118, 193
537012.5.peg.3637.site.7, 10, 126, 136
537012.5.peg.3637.site.8, 5, 125, 130
537012.5.peg.3637.site.9, 5, 126, 131
537012.5.peg.3637.site.10, 4, 121, 125
537012.5.peg.3637.site.11, 1, 121, 122
537012.5.peg.3637.site.12, 5, 117, 122
537012.5.peg.3637.site.13, 4, 96, 100
537012.5.peg.3637.site.14, 2, 94, 96
537012.5.peg.3637.site.15, 3, 87, 90
537012.5.peg.3637.site.16, 5, 85, 90
537012.5.peg.3637.site.17, 58, 77, 135
537012.5.peg.3637.site.18, 3, 79, 82
537012.5.peg.3637.site.19, 0, 79, 79
537012.5.peg.3637.site.20, 17, 75, 92
537012.5.peg.3637.site.21, 14, 77, 91
537012.5.peg.3637.site.22, 4, 79, 83
537012.5.peg.3637.site.23, 1, 80, 81
537012.5.peg.3637.site.24, 4, 83, 87
537012.5.peg.3637.site.25, 9, 81, 90
537012.5.peg.3637.site.26, 25, 80, 105
537012.5.peg.3637.site.27, 4, 79, 83
537012.5.peg.3630.site.1, 9, 68, 77
537012.5.peg.3630.site.2, 77, 87, 164
537012.5.peg.3630.site.3, 6, 87, 93
537012.5.peg.3630.site.4, 2, 84, 86
537012.5.peg.3630.site.5, 53, 83, 136
537012.5.peg.3630.site.6, 0, 84, 84
537012.5.peg.3630.site.7, 0, 84, 84
537012.5.peg.3630.site.8, 4, 84, 88
537012.5.peg.3630.site.9, 5, 80, 85
537012.5.peg.3630.site.10, 15, 78, 93
537012.5.peg.3630.site.11, 2, 83, 85
537012.5.peg.3630.site.12, 64, 74, 138
537012.5.peg.3630.site.13, 65, 73, 138
537012.5.peg.3630.site.14, 0, 76, 76
537012.5.peg.3630.site.15, 17, 76, 93
537012.5.peg.3630.site.16, 41, 76, 117
537012.5.peg.3630.site.17, 6, 77, 83
537012.5.peg.3630.site.18, 54, 75, 129
537012.5.peg.3630.site.19, 5, 74, 79
537012.5.peg.3630.site.20, 65, 75, 140
537012.5.peg.3630.site.21, 7, 73, 80
537012.5.peg.3630.site.22, 15, 73, 88
537012.5.peg.3630.site.23, 2, 75, 77
537012.5.peg.3630.site.24, 2, 74, 76
537012.5.peg.3630.site.25, 1, 75, 76
537012.5.peg.3630.site.26, 9, 72, 81
537012.5.peg.3630.site.27, 0, 75, 75
537012.5.peg.3630.site.28, 5, 76, 81
537012.5.peg.3630.site.29, 0, 76, 76
537012.5.peg.3630.site.30, 2, 75, 77
537012.5.peg.3630.site.31, 5, 76, 81
537012.5.peg.3630.site.32, 2, 75, 77
537012.5.peg.3630.site.33, 8, 72, 80
537012.5.peg.3630.site.34, 61, 76, 137
537012.5.peg.3630.site.35, 0, 78, 78
537012.5.peg.3630.site.36, 2, 81, 83
537012.5.peg.3630.site.37, 6, 80, 86
537012.5.peg.3630.site.38, 11, 81, 92
537012.5.peg.3630.site.39, 19, 81, 100
537012.5.peg.3630.site.40, 2, 82, 84
537012.5.peg.3630.site.41, 2, 87, 89
537012.5.peg.3630.site.42, 1, 88, 89
537012.5.peg.3630.site.43, 37, 88, 125
537012.5.peg.3630.site.44, 19, 86, 105
537012.5.peg.3630.site.45, 0, 87, 87
537012.5.peg.3630.site.46, 1, 80, 81
537012.5.peg.3630.site.47, 7, 87, 94
537012.5.peg.3630.site.48, 6, 82, 88
537012.5.peg.3630.site.49, 5, 81, 86
537012.5.peg.3630.site.50, 14, 81, 95
537012.5.peg.3630.site.51, 2, 80, 82
537012.5.peg.3630.site.52, 5, 82, 87
537012.5.peg.3630.site.53, 3, 80, 83
537012.5.peg.3630.site.54, 1, 82, 83
537012.5.peg.3630.site.55, 24, 84, 108
537012.5.peg.3630.site.56, 2, 78, 80
537012.5.peg.3630.site.57, 3, 86, 89
537012.5.peg.3630.site.58, 34, 83, 117
537012.5.peg.3630.site.59, 32, 80, 112
537012.5.peg.3630.site.60, 6, 81, 87
537012.5.peg.3630.site.61, 13, 81, 94
537012.5.peg.3630.site.62, 7, 79, 86
537012.5.peg.3630.site.63, 9, 82, 91
537012.5.peg.3630.site.64, 3, 82, 85
537012.5.peg.3630.site.65, 3, 84, 87
537012.5.peg.3630.site.66, 5, 81, 86
537012.5.peg.3630.site.67, 5, 78, 83
537012.5.peg.3630.site.68, 41, 77, 118
537012.5.peg.3630.site.69, 2, 78, 80
537012.5.peg.3630.site.70, 36, 79, 115
537012.5.peg.3630.site.71, 21, 79, 100
537012.5.peg.3630.site.72, 2, 80, 82
537012.5.peg.3630.site.73, 70, 81, 151
537012.5.peg.3630.site.74, 33, 91, 124
537012.5.peg.3630.site.75, 84, 90, 174
537012.5.peg.3630.site.76, 39, 87, 126
537012.5.peg.3630.site.77, 5, 85, 90
537012.5.peg.3630.site.78, 11, 72, 83
537012.5.peg.3630.site.79, 1, 64, 65
537012.5.peg.3630.site.80, 4, 64, 68
537012.5.peg.3128.site.1, 1, 128, 129
537012.5.peg.3128.site.2, 2, 128, 130
537012.5.peg.3128.site.3, 0, 126, 126
537012.5.peg.3128.site.4, 5, 126, 131
537012.5.peg.3128.site.5, 1, 127, 128
537012.5.peg.3128.site.6, 1, 128, 129
537012.5.peg.3128.site.7, 13, 115, 128
537012.5.peg.3128.site.8, 5, 108, 113
537012.5.peg.3128.site.9, 11, 114, 125
537012.5.peg.3128.site.10, 18, 125, 143
537012.5.peg.3128.site.11, 19, 125, 144
537012.5.peg.3128.site.12, 25, 122, 147
537012.5.peg.3128.site.13, 55, 120, 175
537012.5.peg.3128.site.14, 21, 123, 144
537012.5.peg.3128.site.15, 2, 123, 125
537012.5.peg.3128.site.16, 59, 122, 181
537012.5.peg.3128.site.17, 9, 125, 134
537012.5.peg.3128.site.18, 3, 123, 126
537012.5.peg.3128.site.19, 0, 120, 120
537012.5.peg.3128.site.20, 0, 121, 121
537012.5.peg.3128.site.21, 0, 121, 121
537012.5.peg.3128.site.22, 18, 121, 139
537012.5.peg.3128.site.23, 2, 125, 127
537012.5.peg.3128.site.24, 3, 127, 130
537012.5.peg.3128.site.25, 21, 123, 144
537012.5.peg.3128.site.26, 1, 127, 128
537012.5.peg.3128.site.27, 1, 127, 128
537012.5.peg.3128.site.28, 3, 124, 127
537012.5.peg.3128.site.29, 3, 125, 128
537012.5.peg.3128.site.30, 17, 126, 143
537012.5.peg.3128.site.31, 18, 121, 139
537012.5.peg.3128.site.32, 18, 121, 139
537012.5.peg.4765.site.1, 4, 132, 136
537012.5.peg.4765.site.2, 23, 133, 156
537012.5.peg.4765.site.3, 21, 133, 154
537012.5.peg.4765.site.4, 26, 129, 155
537012.5.peg.4765.site.5, 2, 129, 131
537012.5.peg.4765.site.6, 0, 131, 131
537012.5.peg.4765.site.7, 26, 129, 155
537012.5.peg.4765.site.8, 2, 130, 132
537012.5.peg.4765.site.9, 23, 128, 151
537012.5.peg.4765.site.10, 1, 130, 131
537012.5.peg.4765.site.11, 1, 130, 131
537012.5.peg.4765.site.12, 0, 130, 130
537012.5.peg.4765.site.13, 2, 129, 131
537012.5.peg.4765.site.14, 16, 129, 145
537012.5.peg.4765.site.15, 38, 129, 167
537012.5.peg.4765.site.16, 4, 128, 132
537012.5.peg.4765.site.17, 5, 126, 131
537012.5.peg.4765.site.18, 17, 127, 144
537012.5.peg.4765.site.19, 28, 129, 157
537012.5.peg.4765.site.20, 113, 128, 241
537012.5.peg.4765.site.21, 2, 130, 132
537012.5.peg.4765.site.22, 106, 132, 238
537012.5.peg.4765.site.23, 1, 132, 133
537012.5.peg.4765.site.24, 43, 128, 171
537012.5.peg.4765.site.25, 17, 128, 145
537012.5.peg.4765.site.26, 5, 126, 131
537012.5.peg.4765.site.27, 1, 108, 109
537012.5.peg.4765.site.28, 1, 107, 108
537012.5.peg.4765.site.29, 1, 104, 105
537012.5.peg.4765.site.30, 1, 106, 107
537012.5.peg.4765.site.31, 1, 106, 107
537012.5.peg.4765.site.32, 5, 118, 123
537012.5.peg.4765.site.33, 0, 117, 117
537012.5.peg.4765.site.34, 7, 120, 127
537012.5.peg.4765.site.35, 8, 121, 129
537012.5.peg.4765.site.36, 3, 127, 130
537012.5.peg.4765.site.37, 14, 127, 141
537012.5.peg.4765.site.38, 3, 114, 117
537012.5.peg.4765.site.39, 58, 113, 171
537012.5.peg.4765.site.40, 8, 114, 122
537012.5.peg.4765.site.41, 1, 113, 114
537012.5.peg.4765.site.42, 1, 112, 113
537012.5.peg.4765.site.43, 3, 112, 115
537012.5.peg.4765.site.44, 3, 112, 115
537012.5.peg.4765.site.45, 8, 111, 119
537012.5.peg.4765.site.46, 0, 110, 110
537012.5.peg.4765.site.47, 0, 110, 110
537012.5.peg.4765.site.48, 31, 113, 144
537012.5.peg.4765.site.49, 2, 113, 115
537012.5.peg.4765.site.50, 1, 112, 113
537012.5.peg.4765.site.51, 2, 110, 112
537012.5.peg.4765.site.52, 9, 130, 139
537012.5.peg.4765.site.53, 1, 129, 130
537012.5.peg.4765.site.54, 34, 129, 163
537012.5.peg.4765.site.55, 10, 128, 138
537012.5.peg.4765.site.56, 21, 129, 150
537012.5.peg.4765.site.57, 12, 130, 142
537012.5.peg.4765.site.58, 3, 130, 133
537012.5.peg.4765.site.59, 15, 129, 144
537012.5.peg.4765.site.60, 3, 129, 132
537012.5.peg.4765.site.61, 7, 129, 136
537012.5.peg.4765.site.62, 17, 129, 146
537012.5.peg.4765.site.63, 2, 129, 131
537012.5.peg.4765.site.64, 8, 131, 139
537012.5.peg.4765.site.65, 32, 132, 164
537012.5.peg.4765.site.66, 1, 130, 131
537012.5.peg.4765.site.67, 16, 130, 146
537012.5.peg.4765.site.68, 2, 131, 133
537012.5.peg.4765.site.69, 19, 132, 151
537012.5.peg.4765.site.70, 33, 130, 163
537012.5.peg.4765.site.71, 13, 130, 143
537012.5.peg.4765.site.72, 36, 131, 167
537012.5.peg.4765.site.73, 2, 130, 132
537012.5.peg.4765.site.74, 41, 130, 171
537012.5.peg.4765.site.75, 2, 131, 133
537012.5.peg.4765.site.76, 3, 132, 135
537012.5.peg.4765.site.77, 27, 131, 158
537012.5.peg.4765.site.78, 3, 132, 135
537012.5.peg.4765.site.79, 1, 130, 131
537012.5.peg.4765.site.80, 2, 131, 133
537012.5.peg.4765.site.81, 1, 132, 133
537012.5.peg.4765.site.82, 31, 133, 164
537012.5.peg.4765.site.83, 0, 129, 129
537012.5.peg.4765.site.84, 0, 129, 129
537012.5.peg.4765.site.85, 1, 133, 134
537012.5.peg.4765.site.86, 4, 134, 138
537012.5.peg.4765.site.87, 3, 132, 135
537012.5.peg.4765.site.88, 2, 134, 136
537012.5.peg.4765.site.89, 0, 134, 134
537012.5.peg.4765.site.90, 35, 133, 168
537012.5.peg.4765.site.91, 3, 133, 136
537012.5.peg.4765.site.92, 2, 134, 136
537012.5.peg.4765.site.93, 2, 134, 136
537012.5.peg.4765.site.94, 4, 134, 138
537012.5.peg.4765.site.95, 1, 134, 135
537012.5.peg.4765.site.96, 2, 134, 136
537012.5.peg.4765.site.97, 3, 131, 134
537012.5.peg.4765.site.98, 1, 130, 131
537012.5.peg.4765.site.99, 7, 129, 136
537012.5.peg.4765.site.100, 3, 131, 134
537012.5.peg.4765.site.101, 1, 130, 131
537012.5.peg.4765.site.102, 18, 129, 147
537012.5.peg.4765.site.103, 1, 130, 131
537012.5.peg.4765.site.104, 6, 130, 136
537012.5.peg.4765.site.105, 7, 130, 137
537012.5.peg.4765.site.106, 0, 129, 129
537012.5.peg.4765.site.107, 3, 130, 133
537012.5.peg.4765.site.108, 4, 132, 136
537012.5.peg.4765.site.109, 4, 134, 138
537012.5.peg.4765.site.110, 5, 134, 139
537012.5.peg.4765.site.111, 3, 131, 134
537012.5.peg.4765.site.112, 4, 132, 136
537012.5.peg.4765.site.113, 2, 131, 133
537012.5.peg.4765.site.114, 2, 131, 133
537012.5.peg.4765.site.115, 7, 131, 138
537012.5.peg.4765.site.116, 1, 130, 131
537012.5.peg.4765.site.117, 4, 130, 134
537012.5.peg.4765.site.118, 8, 130, 138
537012.5.peg.4765.site.119, 3, 131, 134
537012.5.peg.4765.site.120, 1, 130, 131
537012.5.peg.4765.site.121, 35, 130, 165
537012.5.peg.4765.site.122, 8, 129, 137
537012.5.peg.4765.site.123, 3, 128, 131
537012.5.peg.4765.site.124, 8, 128, 136
537012.5.peg.4765.site.125, 1, 131, 132
537012.5.peg.4765.site.126, 8, 132, 140
537012.5.peg.4765.site.127, 1, 132, 133
537012.5.peg.4765.site.128, 0, 128, 128
537012.5.peg.4765.site.129, 0, 129, 129
537012.5.peg.4765.site.130, 15, 128, 143
537012.5.peg.4765.site.131, 0, 127, 127
537012.5.peg.4765.site.132, 85, 109, 194
537012.5.peg.4765.site.133, 7, 105, 112
537012.5.peg.4764.site.1, 9, 131, 140
537012.5.peg.4764.site.2, 10, 134, 144
537012.5.peg.4764.site.3, 0, 134, 134
537012.5.peg.4764.site.4, 29, 132, 161
537012.5.peg.4764.site.5, 5, 134, 139
537012.5.peg.4764.site.6, 10, 134, 144
537012.5.peg.4764.site.7, 5, 134, 139
537012.5.peg.4764.site.8, 0, 133, 133
537012.5.peg.4764.site.9, 1, 132, 133
537012.5.peg.4764.site.10, 0, 132, 132
537012.5.peg.4764.site.11, 0, 134, 134
537012.5.peg.4764.site.12, 129, 134, 263
537012.5.peg.4764.site.13, 5, 131, 136
537012.5.peg.4764.site.14, 15, 134, 149
537012.5.peg.4764.site.15, 1, 134, 135
537012.5.peg.4764.site.16, 5, 133, 138
537012.5.peg.4764.site.17, 1, 133, 134
537012.5.peg.4764.site.18, 107, 132, 239
537012.5.peg.4764.site.19, 5, 134, 139
537012.5.peg.4764.site.20, 5, 133, 138
537012.5.peg.4764.site.21, 2, 132, 134
537012.5.peg.4764.site.22, 128, 132, 260
537012.5.peg.4764.site.23, 4, 131, 135
537012.5.peg.4764.site.24, 2, 134, 136
537012.5.peg.4764.site.25, 130, 134, 264
537012.5.peg.4764.site.26, 8, 134, 142
537012.5.peg.4764.site.27, 8, 134, 142
537012.5.peg.4764.site.28, 3, 134, 137
537012.5.peg.4764.site.29, 19, 134, 153
537012.5.peg.4764.site.30, 12, 134, 146
537012.5.peg.4764.site.31, 68, 134, 202
537012.5.peg.4764.site.32, 12, 134, 146
537012.5.peg.4764.site.33, 32, 134, 166
537012.5.peg.4764.site.34, 4, 132, 136
537012.5.peg.4764.site.35, 27, 128, 155
537012.5.peg.4764.site.36, 4, 128, 132
537012.5.peg.4764.site.37, 5, 128, 133
537012.5.peg.4764.site.38, 6, 130, 136
537012.5.peg.4764.site.39, 17, 127, 144
537012.5.peg.4764.site.40, 126, 128, 254
537012.5.peg.4764.site.41, 14, 127, 141
537012.5.peg.4764.site.42, 2, 123, 125
537012.5.peg.4764.site.43, 20, 130, 150
537012.5.peg.4764.site.44, 5, 131, 136
537012.5.peg.4764.site.45, 4, 132, 136
537012.5.peg.4764.site.46, 4, 132, 136
537012.5.peg.4764.site.47, 3, 132, 135
537012.5.peg.4764.site.48, 0, 129, 129
537012.5.peg.4764.site.49, 8, 129, 137
537012.5.peg.4764.site.50, 0, 128, 128
537012.5.peg.4764.site.51, 1, 129, 130
537012.5.peg.4764.site.52, 2, 130, 132
537012.5.peg.4764.site.53, 5, 131, 136
537012.5.peg.4764.site.54, 4, 132, 136
537012.5.peg.4764.site.55, 4, 132, 136
537012.5.peg.4764.site.56, 4, 134, 138
537012.5.peg.4764.site.57, 5, 133, 138
537012.5.peg.4764.site.58, 16, 131, 147
537012.5.peg.4764.site.59, 3, 134, 137
537012.5.peg.4764.site.60, 55, 134, 189
537012.5.peg.4764.site.61, 66, 131, 197
537012.5.peg.4764.site.62, 4, 132, 136
537012.5.peg.4764.site.63, 6, 133, 139
537012.5.peg.4764.site.64, 6, 133, 139
537012.5.peg.4764.site.65, 10, 132, 142
537012.5.peg.4764.site.66, 4, 131, 135
537012.5.peg.4764.site.67, 6, 134, 140
537012.5.peg.4764.site.68, 10, 132, 142
537012.5.peg.4764.site.69, 71, 132, 203
537012.5.peg.4764.site.70, 51, 131, 182
537012.5.peg.4764.site.71, 1, 132, 133
537012.5.peg.4764.site.72, 0, 131, 131
537012.5.peg.4764.site.73, 92, 134, 226
537012.5.peg.4764.site.74, 1, 131, 132
537012.5.peg.4764.site.75, 128, 133, 261
537012.5.peg.4764.site.76, 4, 131, 135
537012.5.peg.4764.site.77, 11, 131, 142
537012.5.peg.4764.site.78, 83, 130, 213
537012.5.peg.4764.site.79, 4, 129, 133
537012.5.peg.4764.site.80, 13, 129, 142
537012.5.peg.4764.site.81, 27, 130, 157
537012.5.peg.4764.site.82, 1, 127, 128
537012.5.peg.4764.site.83, 3, 129, 132
537012.5.peg.4764.site.84, 3, 127, 130
537012.5.peg.4764.site.85, 33, 127, 160
537012.5.peg.4764.site.86, 91, 128, 219
537012.5.peg.4764.site.87, 23, 134, 157
537012.5.peg.4764.site.88, 15, 131, 146
537012.5.peg.4764.site.89, 1, 133, 134
537012.5.peg.4764.site.90, 9, 134, 143
537012.5.peg.4764.site.91, 71, 131, 202
537012.5.peg.4764.site.92, 12, 133, 145
537012.5.peg.4764.site.93, 8, 134, 142
537012.5.peg.4764.site.94, 4, 132, 136
537012.5.peg.4764.site.95, 128, 134, 262
537012.5.peg.4764.site.96, 4, 134, 138
537012.5.peg.4764.site.97, 72, 132, 204
537012.5.peg.4764.site.98, 4, 132, 136
537012.5.peg.4764.site.99, 4, 134, 138
537012.5.peg.4764.site.100, 3, 131, 134
537012.5.peg.4764.site.101, 14, 129, 143
537012.5.peg.4764.site.102, 15, 130, 145
537012.5.peg.4764.site.103, 2, 129, 131
537012.5.peg.4764.site.104, 1, 129, 130
537012.5.peg.4764.site.105, 4, 133, 137
537012.5.peg.4764.site.106, 50, 134, 184
537012.5.peg.4764.site.107, 2, 133, 135
537012.5.peg.4764.site.108, 6, 134, 140
537012.5.peg.4764.site.109, 4, 133, 137
537012.5.peg.4764.site.110, 2, 134, 136
537012.5.peg.4764.site.111, 1, 134, 135
537012.5.peg.4764.site.112, 8, 132, 140
537012.5.peg.4764.site.113, 2, 133, 135
537012.5.peg.4764.site.114, 2, 131, 133
537012.5.peg.4764.site.115, 4, 131, 135
537012.5.peg.4764.site.116, 6, 133, 139
537012.5.peg.4764.site.117, 4, 134, 138
537012.5.peg.4764.site.118, 4, 134, 138
537012.5.peg.4764.site.119, 5, 134, 139
537012.5.peg.4764.site.120, 3, 134, 137
537012.5.peg.4764.site.121, 16, 131, 147
537012.5.peg.4764.site.122, 10, 131, 141
537012.5.peg.4764.site.123, 2, 130, 132
537012.5.peg.4764.site.124, 4, 130, 134
537012.5.peg.4764.site.125, 18, 129, 147
537012.5.peg.4764.site.126, 1, 133, 134
537012.5.peg.4764.site.127, 2, 130, 132
537012.5.peg.4764.site.128, 17, 134, 151
537012.5.peg.4764.site.129, 6, 134, 140
537012.5.peg.4764.site.130, 4, 132, 136
537012.5.peg.4764.site.131, 4, 132, 136
537012.5.peg.4764.site.132, 7, 133, 140
537012.5.peg.4764.site.133, 1, 134, 135
537012.5.peg.4764.site.134, 4, 132, 136
537012.5.peg.4764.site.135, 5, 133, 138
537012.5.peg.4764.site.136, 0, 134, 134
537012.5.peg.4764.site.137, 2, 133, 135
537012.5.peg.4764.site.138, 28, 133, 161
537012.5.peg.4764.site.139, 4, 132, 136
537012.5.peg.4764.site.140, 1, 134, 135
537012.5.peg.4764.site.141, 4, 134, 138
537012.5.peg.4764.site.142, 0, 133, 133
537012.5.peg.4764.site.143, 71, 133, 204
537012.5.peg.4764.site.144, 21, 132, 153
537012.5.peg.4764.site.145, 132, 134, 266
537012.5.peg.4764.site.146, 4, 131, 135
537012.5.peg.4764.site.147, 3, 134, 137
537012.5.peg.4764.site.148, 4, 131, 135
537012.5.peg.4764.site.149, 3, 131, 134
537012.5.peg.4764.site.150, 1, 134, 135
537012.5.peg.4761.site.1, 1, 134, 135
537012.5.peg.4761.site.2, 1, 131, 132
537012.5.peg.4761.site.3, 28, 129, 157
537012.5.peg.4761.site.4, 2, 129, 131
537012.5.peg.4761.site.5, 3, 126, 129
537012.5.peg.4761.site.6, 1, 126, 127
537012.5.peg.4761.site.7, 2, 126, 128
537012.5.peg.4761.site.8, 1, 126, 127
537012.5.peg.4761.site.9, 1, 125, 126
537012.5.peg.4761.site.10, 0, 123, 123
537012.5.peg.4761.site.11, 1, 126, 127
537012.5.peg.4761.site.12, 2, 130, 132
537012.5.peg.4761.site.13, 4, 131, 135
537012.5.peg.4761.site.14, 0, 132, 132
537012.5.peg.4761.site.15, 3, 131, 134
537012.5.peg.4761.site.16, 2, 131, 133
537012.5.peg.4761.site.17, 48, 131, 179
537012.5.peg.4761.site.18, 2, 134, 136
537012.5.peg.4761.site.19, 5, 134, 139
537012.5.peg.4761.site.20, 1, 133, 134
537012.5.peg.4761.site.21, 0, 132, 132
537012.5.peg.4761.site.22, 4, 134, 138
537012.5.peg.4761.site.23, 67, 133, 200
537012.5.peg.4761.site.24, 1, 134, 135
537012.5.peg.4761.site.25, 4, 132, 136
537012.5.peg.4761.site.26, 0, 133, 133
537012.5.peg.4761.site.27, 0, 134, 134
537012.5.peg.4761.site.28, 11, 132, 143
537012.5.peg.4761.site.29, 5, 133, 138
537012.5.peg.4761.site.30, 12, 133, 145
537012.5.peg.4760.site.1, 2, 127, 129
537012.5.peg.4760.site.2, 29, 128, 157
537012.5.peg.4760.site.3, 25, 124, 149
537012.5.peg.4760.site.4, 59, 124, 183
537012.5.peg.4760.site.5, 2, 124, 126
537012.5.peg.4760.site.6, 4, 127, 131
537012.5.peg.4760.site.7, 9, 132, 141
537012.5.peg.4760.site.8, 4, 132, 136
537012.5.peg.4760.site.9, 3, 131, 134
537012.5.peg.4760.site.10, 14, 127, 141
537012.5.peg.4760.site.11, 2, 127, 129
537012.5.peg.4760.site.12, 1, 126, 127
537012.5.peg.4760.site.13, 3, 124, 127
537012.5.peg.4760.site.14, 8, 125, 133
537012.5.peg.4760.site.15, 4, 125, 129
537012.5.peg.4760.site.16, 2, 128, 130
537012.5.peg.4760.site.17, 2, 131, 133
537012.5.peg.4760.site.18, 1, 134, 135
537012.5.peg.4760.site.19, 28, 132, 160
537012.5.peg.4760.site.20, 9, 134, 143
537012.5.peg.4760.site.21, 9, 134, 143
537012.5.peg.4760.site.22, 13, 130, 143
537012.5.peg.4760.site.23, 4, 131, 135
537012.5.peg.4760.site.24, 2, 133, 135
537012.5.peg.4760.site.25, 1, 134, 135
537012.5.peg.4760.site.26, 6, 134, 140
537012.5.peg.4760.site.27, 8, 133, 141
537012.5.peg.4760.site.28, 6, 134, 140
537012.5.peg.4760.site.29, 8, 134, 142
537012.5.peg.4760.site.30, 6, 134, 140
537012.5.peg.4760.site.31, 5, 133, 138
537012.5.peg.4760.site.32, 4, 132, 136
537012.5.peg.4760.site.33, 1, 128, 129
537012.5.peg.4760.site.34, 1, 128, 129
537012.5.peg.4760.site.35, 14, 128, 142
537012.5.peg.4760.site.36, 2, 130, 132
537012.5.peg.4760.site.37, 4, 128, 132
537012.5.peg.4760.site.38, 4, 131, 135
537012.5.peg.4760.site.39, 3, 131, 134
537012.5.peg.4760.site.40, 1, 130, 131
537012.5.peg.4760.site.41, 2, 129, 131
537012.5.peg.4760.site.42, 1, 128, 129
537012.5.peg.4760.site.43, 31, 126, 157
537012.5.peg.4760.site.44, 1, 128, 129
537012.5.peg.4760.site.45, 1, 130, 131
537012.5.peg.4760.site.46, 2, 129, 131
537012.5.peg.4760.site.47, 2, 120, 122
537012.5.peg.4760.site.48, 1, 119, 120
537012.5.peg.4760.site.49, 17, 130, 147
537012.5.peg.4760.site.50, 0, 129, 129
537012.5.peg.4760.site.51, 2, 129, 131
537012.5.peg.4760.site.52, 4, 132, 136
537012.5.peg.4760.site.53, 0, 131, 131
537012.5.peg.4760.site.54, 0, 132, 132
537012.5.peg.4763.site.1, 12, 131, 143
537012.5.peg.4763.site.2, 8, 133, 141
537012.5.peg.4763.site.3, 19, 132, 151
537012.5.peg.4763.site.4, 119, 128, 247
537012.5.peg.4763.site.5, 6, 122, 128
537012.5.peg.4763.site.6, 3, 114, 117
537012.5.peg.4763.site.7, 109, 115, 224
537012.5.peg.4763.site.8, 109, 118, 227
537012.5.peg.4763.site.9, 8, 122, 130
537012.5.peg.4763.site.10, 20, 126, 146
537012.5.peg.4763.site.11, 0, 125, 125
537012.5.peg.4763.site.12, 1, 128, 129
537012.5.peg.4763.site.13, 2, 129, 131
537012.5.peg.4763.site.14, 18, 131, 149
537012.5.peg.4763.site.15, 4, 132, 136
537012.5.peg.4763.site.16, 5, 134, 139
537012.5.peg.4763.site.17, 4, 134, 138
537012.5.peg.4763.site.18, 102, 133, 235
537012.5.peg.4763.site.19, 13, 133, 146
537012.5.peg.4763.site.20, 21, 134, 155
537012.5.peg.4763.site.21, 20, 133, 153
537012.5.peg.4763.site.22, 10, 133, 143
537012.5.peg.4763.site.23, 9, 131, 140
537012.5.peg.4763.site.24, 3, 134, 137
537012.5.peg.4763.site.25, 22, 133, 155
537012.5.peg.4763.site.26, 4, 132, 136
537012.5.peg.4763.site.27, 27, 132, 159
537012.5.peg.4763.site.28, 4, 132, 136
537012.5.peg.4763.site.29, 1, 134, 135
537012.5.peg.4763.site.30, 13, 133, 146
537012.5.peg.4762.site.1, 22, 130, 152
537012.5.peg.4762.site.2, 16, 134, 150
537012.5.peg.4762.site.3, 1, 133, 134
537012.5.peg.4762.site.4, 0, 132, 132
537012.5.peg.4762.site.5, 4, 132, 136
537012.5.peg.4762.site.6, 5, 131, 136
537012.5.peg.4762.site.7, 1, 133, 134
537012.5.peg.4762.site.8, 10, 134, 144
537012.5.peg.4762.site.9, 10, 134, 144
537012.5.peg.4762.site.10, 4, 134, 138
537012.5.peg.4762.site.11, 0, 134, 134
537012.5.peg.4762.site.12, 4, 132, 136
537012.5.peg.4762.site.13, 4, 133, 137
537012.5.peg.4762.site.14, 4, 134, 138
537012.5.peg.4762.site.15, 2, 132, 134
537012.5.peg.4762.site.16, 2, 131, 133
537012.5.peg.4762.site.17, 5, 133, 138
537012.5.peg.4769.site.1, 1, 130, 131
537012.5.peg.4769.site.2, 119, 131, 250
537012.5.peg.4769.site.3, 1, 130, 131
537012.5.peg.4769.site.4, 10, 131, 141
537012.5.peg.4769.site.5, 2, 131, 133
537012.5.peg.4769.site.6, 2, 131, 133
537012.5.peg.4769.site.7, 2, 131, 133
537012.5.peg.4769.site.8, 2, 131, 133
537012.5.peg.4769.site.9, 15, 132, 147
537012.5.peg.4769.site.10, 87, 121, 208
537012.5.peg.4769.site.11, 7, 121, 128
537012.5.peg.4769.site.12, 10, 123, 133
537012.5.peg.4769.site.13, 62, 124, 186
537012.5.peg.4769.site.14, 0, 126, 126
537012.5.peg.4769.site.15, 1, 126, 127
537012.5.peg.4769.site.16, 7, 127, 134
537012.5.peg.4769.site.17, 2, 130, 132
537012.5.peg.4769.site.18, 8, 133, 141
537012.5.peg.4769.site.19, 10, 134, 144
537012.5.peg.4769.site.20, 12, 132, 144
537012.5.peg.4769.site.21, 12, 133, 145
537012.5.peg.4769.site.22, 9, 126, 135
537012.5.peg.4769.site.23, 4, 130, 134
537012.5.peg.4769.site.24, 66, 129, 195
537012.5.peg.4769.site.25, 61, 131, 192
537012.5.peg.4769.site.26, 19, 133, 152
537012.5.peg.4769.site.27, 3, 134, 137
537012.5.peg.4769.site.28, 3, 132, 135
537012.5.peg.4769.site.29, 4, 134, 138
537012.5.peg.4769.site.30, 4, 130, 134
537012.5.peg.4769.site.31, 1, 133, 134
537012.5.peg.4769.site.32, 2, 133, 135
537012.5.peg.4769.site.33, 1, 131, 132
537012.5.peg.4769.site.34, 3, 130, 133
537012.5.peg.4769.site.35, 5, 130, 135
537012.5.peg.4769.site.36, 4, 130, 134
537012.5.peg.4769.site.37, 2, 130, 132
537012.5.peg.4769.site.38, 3, 130, 133
537012.5.peg.4769.site.39, 7, 133, 140
537012.5.peg.4769.site.40, 2, 132, 134
537012.5.peg.4769.site.41, 4, 129, 133
537012.5.peg.4769.site.42, 4, 130, 134
537012.5.peg.4769.site.43, 52, 130, 182
537012.5.peg.4769.site.44, 4, 130, 134
537012.5.peg.4769.site.45, 1, 130, 131
537012.5.peg.4769.site.46, 6, 129, 135
537012.5.peg.4769.site.47, 1, 131, 132
537012.5.peg.4769.site.48, 5, 131, 136
537012.5.peg.4769.site.49, 11, 129, 140
537012.5.peg.4769.site.50, 4, 132, 136
537012.5.peg.4769.site.51, 15, 134, 149
537012.5.peg.4769.site.52, 4, 132, 136
537012.5.peg.4769.site.53, 4, 132, 136
537012.5.peg.4769.site.54, 4, 132, 136
537012.5.peg.4769.site.55, 9, 134, 143
537012.5.peg.4769.site.56, 17, 133, 150
537012.5.peg.4769.site.57, 3, 130, 133
537012.5.peg.4769.site.58, 5, 130, 135
537012.5.peg.4769.site.59, 5, 130, 135
537012.5.peg.4769.site.60, 5, 128, 133
537012.5.peg.4769.site.61, 4, 129, 133
537012.5.peg.4769.site.62, 0, 129, 129
537012.5.peg.4769.site.63, 1, 130, 131
537012.5.peg.4769.site.64, 24, 132, 156
537012.5.peg.4769.site.65, 75, 130, 205
537012.5.peg.4769.site.66, 5, 134, 139
537012.5.peg.4769.site.67, 0, 133, 133
537012.5.peg.4769.site.68, 5, 134, 139
537012.5.peg.4768.site.1, 7, 127, 134
537012.5.peg.4768.site.2, 4, 133, 137
537012.5.peg.4768.site.3, 29, 133, 162
537012.5.peg.4768.site.4, 1, 134, 135
537012.5.peg.4768.site.5, 5, 132, 137
537012.5.peg.4768.site.6, 8, 134, 142
537012.5.peg.4768.site.7, 1, 134, 135
537012.5.peg.4768.site.8, 108, 134, 242
537012.5.peg.4768.site.9, 13, 133, 146
537012.5.peg.4768.site.10, 4, 131, 135
537012.5.peg.4768.site.11, 2, 132, 134
537012.5.peg.4768.site.12, 2, 130, 132
537012.5.peg.4768.site.13, 0, 129, 129
537012.5.peg.4768.site.14, 1, 130, 131
537012.5.peg.4768.site.15, 2, 131, 133
537012.5.peg.4768.site.16, 18, 134, 152
537012.5.peg.4768.site.17, 4, 133, 137
537012.5.peg.4768.site.18, 3, 134, 137
537012.5.peg.4768.site.19, 56, 134, 190
537012.5.peg.4768.site.20, 1, 133, 134
537012.5.peg.4768.site.21, 3, 133, 136
537012.5.peg.4768.site.22, 4, 132, 136
537012.5.peg.4768.site.23, 4, 132, 136
537012.5.peg.4768.site.24, 0, 133, 133
537012.5.peg.4768.site.25, 0, 133, 133
537012.5.peg.4768.site.26, 29, 134, 163
537012.5.peg.4768.site.27, 27, 132, 159
537012.5.peg.4768.site.28, 56, 132, 188
537012.5.peg.4768.site.29, 2, 131, 133
537012.5.peg.4768.site.30, 8, 132, 140
537012.5.peg.4768.site.31, 10, 130, 140
537012.5.peg.4768.site.32, 15, 130, 145
537012.5.peg.4768.site.33, 1, 127, 128
537012.5.peg.4768.site.34, 1, 128, 129
537012.5.peg.4768.site.35, 2, 129, 131
537012.5.peg.4768.site.36, 4, 133, 137
537012.5.peg.4768.site.37, 2, 129, 131
537012.5.peg.4768.site.38, 3, 132, 135
537012.5.peg.4768.site.39, 3, 131, 134
537012.5.peg.4768.site.40, 2, 131, 133
537012.5.peg.4768.site.41, 18, 131, 149
537012.5.peg.4768.site.42, 2, 130, 132
537012.5.peg.4768.site.43, 3, 130, 133
537012.5.peg.4768.site.44, 5, 131, 136
537012.5.peg.4768.site.45, 3, 132, 135
537012.5.peg.4768.site.46, 0, 133, 133
537012.5.peg.4768.site.47, 10, 132, 142
537012.5.peg.4768.site.48, 8, 133, 141
537012.5.peg.4768.site.49, 3, 134, 137
537012.5.peg.4768.site.50, 5, 133, 138
537012.5.peg.4768.site.51, 4, 132, 136
537012.5.peg.4768.site.52, 3, 133, 136
537012.5.peg.4768.site.53, 129, 134, 263
537012.5.peg.4768.site.54, 2, 133, 135
537012.5.peg.4768.site.55, 4, 131, 135
537012.5.peg.4768.site.56, 25, 128, 153
537012.5.peg.4768.site.57, 1, 130, 131
537012.5.peg.4768.site.58, 3, 131, 134
537012.5.peg.4768.site.59, 3, 131, 134
537012.5.peg.2906.site.1, 3, 85, 88
537012.5.peg.2906.site.2, 3, 85, 88
537012.5.peg.2906.site.3, 4, 87, 91
537012.5.peg.2906.site.4, 4, 78, 82
537012.5.peg.2906.site.5, 2, 81, 83
537012.5.peg.2906.site.6, 8, 113, 121
537012.5.peg.2906.site.7, 5, 118, 123
537012.5.peg.2906.site.8, 1, 118, 119
537012.5.peg.2906.site.9, 1, 117, 118
537012.5.peg.2906.site.10, 10, 117, 127
537012.5.peg.2906.site.11, 0, 118, 118
537012.5.peg.2906.site.12, 24, 115, 139
537012.5.peg.2906.site.13, 2, 106, 108
537012.5.peg.2906.site.14, 74, 110, 184
537012.5.peg.2906.site.15, 5, 94, 99
537012.5.peg.2906.site.16, 10, 91, 101
537012.5.peg.2906.site.17, 2, 91, 93
537012.5.peg.2906.site.18, 87, 91, 178
537012.5.peg.2906.site.19, 4, 90, 94
537012.5.peg.2906.site.20, 1, 90, 91
537012.5.peg.2906.site.21, 63, 88, 151
537012.5.peg.2906.site.22, 19, 86, 105
537012.5.peg.2906.site.23, 13, 81, 94
537012.5.peg.2906.site.24, 3, 74, 77
537012.5.peg.2906.site.25, 2, 73, 75
537012.5.peg.2906.site.26, 13, 73, 86
537012.5.peg.2906.site.27, 1, 72, 73
537012.5.peg.2906.site.28, 3, 73, 76
537012.5.peg.2906.site.29, 4, 72, 76
537012.5.peg.2906.site.30, 4, 71, 75
537012.5.peg.2906.site.31, 68, 72, 140
537012.5.peg.2906.site.32, 67, 72, 139
537012.5.peg.2906.site.33, 25, 72, 97
537012.5.peg.2906.site.34, 6, 74, 80
537012.5.peg.2906.site.35, 3, 73, 76
537012.5.peg.2906.site.36, 6, 78, 84
537012.5.peg.2906.site.37, 29, 80, 109
537012.5.peg.2906.site.38, 23, 99, 122
537012.5.peg.2906.site.39, 46, 98, 144
537012.5.peg.2906.site.40, 7, 101, 108
537012.5.peg.2906.site.41, 10, 110, 120
537012.5.peg.2906.site.42, 43, 110, 153
537012.5.peg.2906.site.43, 1, 111, 112
537012.5.peg.2906.site.44, 47, 112, 159
537012.5.peg.2906.site.45, 2, 108, 110
537012.5.peg.2901.site.1, 2, 77, 79
537012.5.peg.2901.site.2, 5, 76, 81
537012.5.peg.2901.site.3, 7, 73, 80
537012.5.peg.2901.site.4, 42, 72, 114
537012.5.peg.2901.site.5, 2, 71, 73
537012.5.peg.2901.site.6, 5, 71, 76
537012.5.peg.2901.site.7, 14, 71, 85
537012.5.peg.2901.site.8, 4, 71, 75
537012.5.peg.2901.site.9, 2, 71, 73
537012.5.peg.2901.site.10, 3, 81, 84
537012.5.peg.2901.site.11, 19, 110, 129
537012.5.peg.2901.site.12, 2, 115, 117
537012.5.peg.2901.site.13, 2, 118, 120
537012.5.peg.2901.site.14, 40, 119, 159
537012.5.peg.2901.site.15, 42, 117, 159
537012.5.peg.2901.site.16, 2, 119, 121
537012.5.peg.2901.site.17, 3, 117, 120
537012.5.peg.2901.site.18, 60, 114, 174
537012.5.peg.2901.site.19, 111, 113, 224
537012.5.peg.2901.site.20, 5, 108, 113
537012.5.peg.2901.site.21, 2, 109, 111
537012.5.peg.2901.site.22, 0, 108, 108
537012.5.peg.2901.site.23, 18, 108, 126
537012.5.peg.2901.site.24, 1, 107, 108
537012.5.peg.2901.site.25, 2, 97, 99
537012.5.peg.2901.site.26, 17, 95, 112
537012.5.peg.2901.site.27, 1, 98, 99
537012.5.peg.2901.site.28, 13, 105, 118
537012.5.peg.2901.site.29, 18, 109, 127
537012.5.peg.2901.site.30, 2, 116, 118
537012.5.peg.4651.site.1, 0, 100, 100
537012.5.peg.4651.site.2, 2, 91, 93
537012.5.peg.4651.site.3, 6, 86, 92
537012.5.peg.4651.site.4, 7, 85, 92
537012.5.peg.4651.site.5, 6, 85, 91
537012.5.peg.4651.site.6, 12, 85, 97
537012.5.peg.4651.site.7, 12, 84, 96
537012.5.peg.4651.site.8, 18, 84, 102
537012.5.peg.4651.site.9, 7, 84, 91
537012.5.peg.4651.site.10, 9, 81, 90
537012.5.peg.4651.site.11, 8, 82, 90
537012.5.peg.4651.site.12, 9, 83, 92
537012.5.peg.4651.site.13, 10, 81, 91
537012.5.peg.4651.site.14, 36, 82, 118
537012.5.peg.4651.site.15, 0, 82, 82
537012.5.peg.4651.site.16, 18, 82, 100
537012.5.peg.4651.site.17, 50, 82, 132
537012.5.peg.4651.site.18, 0, 81, 81
537012.5.peg.4651.site.19, 0, 80, 80
537012.5.peg.4651.site.20, 0, 76, 76
537012.5.peg.4651.site.21, 0, 82, 82
537012.5.peg.4651.site.22, 3, 86, 89
537012.5.peg.4651.site.23, 0, 88, 88
537012.5.peg.4651.site.24, 43, 91, 134
537012.5.peg.4651.site.25, 3, 90, 93
537012.5.peg.4651.site.26, 44, 91, 135
537012.5.peg.4651.site.27, 3, 89, 92
537012.5.peg.4651.site.28, 0, 88, 88
537012.5.peg.4651.site.29, 0, 88, 88
537012.5.peg.4651.site.30, 1, 89, 90
537012.5.peg.4651.site.31, 30, 83, 113
537012.5.peg.4651.site.32, 5, 83, 88
537012.5.peg.4651.site.33, 42, 85, 127
537012.5.peg.4651.site.34, 3, 89, 92
537012.5.peg.4651.site.35, 5, 87, 92
537012.5.peg.4651.site.36, 0, 82, 82
537012.5.peg.4651.site.37, 15, 83, 98
537012.5.peg.4651.site.38, 15, 81, 96
537012.5.peg.4651.site.39, 5, 120, 125
537012.5.peg.3129.site.1, 3, 125, 128
537012.5.peg.3129.site.2, 1, 126, 127
537012.5.peg.3129.site.3, 34, 127, 161
537012.5.peg.3129.site.4, 32, 127, 159
537012.5.peg.3129.site.5, 0, 129, 129
537012.5.peg.3129.site.6, 0, 129, 129
537012.5.peg.3129.site.7, 9, 130, 139
537012.5.peg.3129.site.8, 15, 127, 142
537012.5.peg.3129.site.9, 20, 130, 150
537012.5.peg.3129.site.10, 5, 131, 136
537012.5.peg.3129.site.11, 1, 133, 134
537012.5.peg.3129.site.12, 19, 130, 149
537012.5.peg.3129.site.13, 1, 132, 133
537012.5.peg.3129.site.14, 3, 130, 133
537012.5.peg.3129.site.15, 4, 131, 135
537012.5.peg.3129.site.16, 1, 128, 129
537012.5.peg.3129.site.17, 1, 127, 128
537012.5.peg.3129.site.18, 9, 130, 139
537012.5.peg.3129.site.19, 3, 131, 134
537012.5.peg.3129.site.20, 7, 134, 141
537012.5.peg.3129.site.21, 6, 134, 140
537012.5.peg.3129.site.22, 15, 133, 148
537012.5.peg.3129.site.23, 8, 133, 141
537012.5.peg.3129.site.24, 36, 134, 170
537012.5.peg.3129.site.25, 1, 134, 135
537012.5.peg.3129.site.26, 7, 134, 141
537012.5.peg.3129.site.27, 1, 134, 135
537012.5.peg.3129.site.28, 5, 134, 139
537012.5.peg.3129.site.29, 31, 124, 155
537012.5.peg.3129.site.30, 9, 129, 138
537012.5.peg.3129.site.31, 7, 131, 138
537012.5.peg.3129.site.32, 15, 127, 142
537012.5.peg.3129.site.33, 12, 132, 144
537012.5.peg.3129.site.34, 13, 133, 146
537012.5.peg.3129.site.35, 2, 133, 135
537012.5.peg.3129.site.36, 13, 132, 145
537012.5.peg.3129.site.37, 1, 134, 135
537012.5.peg.3129.site.38, 2, 134, 136
537012.5.peg.3129.site.39, 1, 133, 134
537012.5.peg.3129.site.40, 62, 132, 194
537012.5.peg.3129.site.41, 53, 133, 186
537012.5.peg.3129.site.42, 45, 132, 177
537012.5.peg.3129.site.43, 0, 133, 133
537012.5.peg.3129.site.44, 12, 131, 143
537012.5.peg.3129.site.45, 5, 133, 138
537012.5.peg.3129.site.46, 1, 134, 135
537012.5.peg.3129.site.47, 12, 132, 144
537012.5.peg.3129.site.48, 12, 132, 144
537012.5.peg.3129.site.49, 1, 134, 135
537012.5.peg.3129.site.50, 12, 133, 145
537012.5.peg.3129.site.51, 12, 132, 144
537012.5.peg.3129.site.52, 13, 133, 146
537012.5.peg.3129.site.53, 16, 132, 148
537012.5.peg.3129.site.54, 19, 132, 151
537012.5.peg.3129.site.55, 6, 134, 140
537012.5.peg.3129.site.56, 1, 134, 135
537012.5.peg.3129.site.57, 18, 132, 150
537012.5.peg.3129.site.58, 11, 134, 145
537012.5.peg.3129.site.59, 1, 134, 135
537012.5.peg.3129.site.60, 12, 132, 144
537012.5.peg.3129.site.61, 1, 134, 135
537012.5.peg.3129.site.62, 11, 131, 142
537012.5.peg.3129.site.63, 1, 134, 135
537012.5.peg.3129.site.64, 124, 133, 257
537012.5.peg.3129.site.65, 133, 134, 267
537012.5.peg.3129.site.66, 14, 133, 147
537012.5.peg.3129.site.67, 124, 133, 257
537012.5.peg.3129.site.68, 133, 134, 267
537012.5.peg.3129.site.69, 2, 132, 134
537012.5.peg.3129.site.70, 1, 132, 133
537012.5.peg.3129.site.71, 10, 128, 138
537012.5.peg.3129.site.72, 5, 125, 130
537012.5.peg.3129.site.73, 2, 124, 126
537012.5.peg.3129.site.74, 2, 124, 126
537012.5.peg.3129.site.75, 3, 125, 128
537012.5.peg.3129.site.76, 7, 129, 136
537012.5.peg.3129.site.77, 3, 134, 137
537012.5.peg.3129.site.78, 20, 132, 152
537012.5.peg.3129.site.79, 5, 134, 139
537012.5.peg.3129.site.80, 5, 133, 138
537012.5.peg.3129.site.81, 10, 134, 144
537012.5.peg.3129.site.82, 13, 134, 147
537012.5.peg.3129.site.83, 12, 133, 145
537012.5.peg.3129.site.84, 8, 134, 142
537012.5.peg.3129.site.85, 27, 133, 160
537012.5.peg.3129.site.86, 6, 133, 139
537012.5.peg.3129.site.87, 6, 134, 140
537012.5.peg.3129.site.88, 13, 133, 146
537012.5.peg.3129.site.89, 28, 132, 160
537012.5.peg.3129.site.90, 2, 133, 135
537012.5.peg.3129.site.91, 0, 134, 134
537012.5.peg.3129.site.92, 11, 131, 142
537012.5.peg.3129.site.93, 7, 134, 141
537012.5.peg.3129.site.94, 13, 133, 146
537012.5.peg.3129.site.95, 5, 134, 139
537012.5.peg.2341.site.1, 65, 129, 194
537012.5.peg.2341.site.2, 24, 128, 152
537012.5.peg.2341.site.3, 14, 128, 142
537012.5.peg.2341.site.4, 66, 126, 192
537012.5.peg.2341.site.5, 68, 124, 192
537012.5.peg.2341.site.6, 29, 124, 153
537012.5.peg.2341.site.7, 27, 126, 153
537012.5.peg.2341.site.8, 73, 124, 197
537012.5.peg.2341.site.9, 1, 125, 126
537012.5.peg.2341.site.10, 12, 127, 139
537012.5.peg.2341.site.11, 106, 126, 232
537012.5.peg.2341.site.12, 7, 132, 139
537012.5.peg.2341.site.13, 45, 132, 177
537012.5.peg.2341.site.14, 7, 134, 141
537012.5.peg.2341.site.15, 5, 132, 137
537012.5.peg.2341.site.16, 5, 132, 137
537012.5.peg.2341.site.17, 37, 126, 163
537012.5.peg.2341.site.18, 54, 128, 182
537012.5.peg.2341.site.19, 41, 125, 166
537012.5.peg.2341.site.20, 41, 125, 166
537012.5.peg.2340.site.1, 4, 125, 129
537012.5.peg.2340.site.2, 4, 126, 130
537012.5.peg.2340.site.3, 2, 127, 129
537012.5.peg.2340.site.4, 4, 126, 130
537012.5.peg.2340.site.5, 5, 126, 131
537012.5.peg.2340.site.6, 52, 127, 179
537012.5.peg.2340.site.7, 2, 127, 129
537012.5.peg.2340.site.8, 1, 128, 129
537012.5.peg.2340.site.9, 4, 126, 130
537012.5.peg.2340.site.10, 0, 126, 126
537012.5.peg.2340.site.11, 4, 125, 129
537012.5.peg.2340.site.12, 12, 127, 139
537012.5.peg.2340.site.13, 13, 127, 140
537012.5.peg.2340.site.14, 12, 127, 139
537012.5.peg.2340.site.15, 15, 128, 143
537012.5.peg.2340.site.16, 0, 127, 127
537012.5.peg.2340.site.17, 2, 127, 129
537012.5.peg.2340.site.18, 1, 126, 127
537012.5.peg.2340.site.19, 3, 126, 129
537012.5.peg.2340.site.20, 5, 132, 137
537012.5.peg.2340.site.21, 85, 129, 214
537012.5.peg.2340.site.22, 5, 131, 136
537012.5.peg.2340.site.23, 40, 130, 170
537012.5.peg.2340.site.24, 2, 129, 131
537012.5.peg.2340.site.25, 51, 127, 178
537012.5.peg.2340.site.26, 11, 126, 137
537012.5.peg.2340.site.27, 1, 128, 129
537012.5.peg.2340.site.28, 2, 127, 129
537012.5.peg.2340.site.29, 2, 129, 131
537012.5.peg.2340.site.30, 2, 129, 131
537012.5.peg.2340.site.31, 2, 129, 131
537012.5.peg.2340.site.32, 3, 130, 133
537012.5.peg.2831.site.1, 5, 127, 132
537012.5.peg.2831.site.2, 4, 124, 128
537012.5.peg.2831.site.3, 1, 123, 124
537012.5.peg.2831.site.4, 1, 124, 125
537012.5.peg.2831.site.5, 3, 127, 130
537012.5.peg.2831.site.6, 4, 125, 129
537012.5.peg.2831.site.7, 18, 127, 145
537012.5.peg.2831.site.8, 19, 125, 144
537012.5.peg.2831.site.9, 16, 117, 133
537012.5.peg.2831.site.10, 11, 105, 116
537012.5.peg.2830.site.1, 7, 132, 139
537012.5.peg.2830.site.2, 2, 130, 132
537012.5.peg.2830.site.3, 1, 132, 133
537012.5.peg.2830.site.4, 11, 132, 143
537012.5.peg.2830.site.5, 0, 133, 133
537012.5.peg.2830.site.6, 0, 133, 133
537012.5.peg.2830.site.7, 6, 134, 140
537012.5.peg.2830.site.8, 2, 134, 136
537012.5.peg.2830.site.9, 34, 131, 165
537012.5.peg.2830.site.10, 1, 134, 135
537012.5.peg.2830.site.11, 3, 132, 135
537012.5.peg.2830.site.12, 2, 133, 135
537012.5.peg.2830.site.13, 57, 132, 189
537012.5.peg.2830.site.14, 6, 133, 139
537012.5.peg.2830.site.15, 69, 132, 201
537012.5.peg.2830.site.16, 6, 134, 140
537012.5.peg.2830.site.17, 10, 134, 144
537012.5.peg.2830.site.18, 12, 134, 146
537012.5.peg.2830.site.19, 0, 133, 133
537012.5.peg.2830.site.20, 1, 134, 135
537012.5.peg.2830.site.21, 2, 134, 136
537012.5.peg.2830.site.22, 6, 134, 140
537012.5.peg.2830.site.23, 6, 134, 140
537012.5.peg.2830.site.24, 1, 134, 135
537012.5.peg.2830.site.25, 11, 132, 143
537012.5.peg.2830.site.26, 3, 134, 137
537012.5.peg.2830.site.27, 13, 134, 147
537012.5.peg.2830.site.28, 3, 134, 137
537012.5.peg.2830.site.29, 1, 134, 135
537012.5.peg.2830.site.30, 9, 132, 141
537012.5.peg.2830.site.31, 3, 130, 133
537012.5.peg.2837.site.1, 3, 132, 135
537012.5.peg.2837.site.2, 29, 134, 163
537012.5.peg.2837.site.3, 0, 134, 134
537012.5.peg.2837.site.4, 3, 132, 135
537012.5.peg.2837.site.5, 1, 131, 132
537012.5.peg.2837.site.6, 1, 131, 132
537012.5.peg.2837.site.7, 7, 130, 137
537012.5.peg.2837.site.8, 4, 131, 135
537012.5.peg.2837.site.9, 6, 130, 136
537012.5.peg.2837.site.10, 2, 130, 132
537012.5.peg.2837.site.11, 0, 129, 129
537012.5.peg.2837.site.12, 0, 130, 130
537012.5.peg.2837.site.13, 1, 129, 130
537012.5.peg.2837.site.14, 0, 129, 129
537012.5.peg.2837.site.15, 0, 129, 129
537012.5.peg.2837.site.16, 0, 128, 128
537012.5.peg.2837.site.17, 7, 128, 135
537012.5.peg.2837.site.18, 6, 133, 139
537012.5.peg.2837.site.19, 2, 131, 133
537012.5.peg.2837.site.20, 18, 131, 149
537012.5.peg.2837.site.21, 2, 129, 131
537012.5.peg.2837.site.22, 6, 130, 136
537012.5.peg.2837.site.23, 4, 130, 134
537012.5.peg.2837.site.24, 1, 129, 130
537012.5.peg.2837.site.25, 132, 133, 265
537012.5.peg.2837.site.26, 29, 133, 162
537012.5.peg.2837.site.27, 10, 133, 143
537012.5.peg.2837.site.28, 1, 134, 135
537012.5.peg.2837.site.29, 4, 132, 136
537012.5.peg.2837.site.30, 1, 134, 135
537012.5.peg.2837.site.31, 5, 131, 136
537012.5.peg.2837.site.32, 11, 132, 143
537012.5.peg.2837.site.33, 78, 132, 210
537012.5.peg.2837.site.34, 0, 133, 133
537012.5.peg.2837.site.35, 0, 133, 133
537012.5.peg.2837.site.36, 2, 134, 136
537012.5.peg.2837.site.37, 22, 132, 154
537012.5.peg.2837.site.38, 14, 134, 148
537012.5.peg.2837.site.39, 13, 133, 146
537012.5.peg.2837.site.40, 22, 132, 154
537012.5.peg.2837.site.41, 1, 134, 135
537012.5.peg.2837.site.42, 5, 131, 136
537012.5.peg.2837.site.43, 28, 133, 161
537012.5.peg.2836.site.1, 0, 131, 131
537012.5.peg.2836.site.2, 3, 132, 135
537012.5.peg.2836.site.3, 5, 132, 137
537012.5.peg.2836.site.4, 2, 131, 133
537012.5.peg.2836.site.5, 1, 130, 131
537012.5.peg.2836.site.6, 1, 129, 130
537012.5.peg.2836.site.7, 107, 127, 234
537012.5.peg.2836.site.8, 7, 126, 133
537012.5.peg.2836.site.9, 0, 125, 125
537012.5.peg.2836.site.10, 3, 124, 127
537012.5.peg.2836.site.11, 0, 123, 123
537012.5.peg.2836.site.12, 4, 125, 129
537012.5.peg.2836.site.13, 1, 126, 127
537012.5.peg.2836.site.14, 1, 127, 128
537012.5.peg.2836.site.15, 0, 126, 126
537012.5.peg.2836.site.16, 1, 133, 134
537012.5.peg.2836.site.17, 1, 134, 135
537012.5.peg.2836.site.18, 7, 133, 140
537012.5.peg.2836.site.19, 5, 133, 138
537012.5.peg.2836.site.20, 6, 134, 140
537012.5.peg.2836.site.21, 12, 133, 145
537012.5.peg.2836.site.22, 8, 134, 142
537012.5.peg.2836.site.23, 1, 133, 134
537012.5.peg.2836.site.24, 6, 133, 139
537012.5.peg.2836.site.25, 17, 134, 151
537012.5.peg.2836.site.26, 7, 134, 141
537012.5.peg.2836.site.27, 1, 134, 135
537012.5.peg.2836.site.28, 0, 131, 131
537012.5.peg.2347.site.1, 3, 125, 128
537012.5.peg.2347.site.2, 6, 125, 131
537012.5.peg.2347.site.3, 6, 125, 131
537012.5.peg.2347.site.4, 6, 124, 130
537012.5.peg.2347.site.5, 1, 123, 124
537012.5.peg.2347.site.6, 6, 122, 128
537012.5.peg.2347.site.7, 5, 116, 121
537012.5.peg.2347.site.8, 1, 117, 118
537012.5.peg.2347.site.9, 15, 104, 119
537012.5.peg.2347.site.10, 27, 101, 128
537012.5.peg.2347.site.11, 30, 99, 129
537012.5.peg.2347.site.12, 1, 116, 117
537012.5.peg.2347.site.13, 1, 119, 120
537012.5.peg.2347.site.14, 17, 119, 136
537012.5.peg.2347.site.15, 2, 121, 123
537012.5.peg.2347.site.16, 2, 121, 123
537012.5.peg.2347.site.17, 1, 115, 116
537012.5.peg.2347.site.18, 6, 119, 125
537012.5.peg.2347.site.19, 13, 119, 132
537012.5.peg.2347.site.20, 57, 119, 176
537012.5.peg.2347.site.21, 6, 119, 125
537012.5.peg.2347.site.22, 1, 118, 119
537012.5.peg.2347.site.23, 1, 117, 118
537012.5.peg.2347.site.24, 3, 121, 124
537012.5.peg.2347.site.25, 10, 119, 129
537012.5.peg.2347.site.26, 1, 119, 120
537012.5.peg.2347.site.27, 1, 119, 120
537012.5.peg.2347.site.28, 0, 119, 119
537012.5.peg.2347.site.29, 8, 114, 122
537012.5.peg.2347.site.30, 1, 119, 120
537012.5.peg.2347.site.31, 2, 120, 122
537012.5.peg.2347.site.32, 2, 120, 122
537012.5.peg.2347.site.33, 3, 123, 126
537012.5.peg.2347.site.34, 1, 121, 122
537012.5.peg.2347.site.35, 1, 120, 121
537012.5.peg.2347.site.36, 30, 117, 147
537012.5.peg.2347.site.37, 4, 116, 120
537012.5.peg.2347.site.38, 0, 116, 116
537012.5.peg.2347.site.39, 3, 117, 120
537012.5.peg.2347.site.40, 5, 119, 124
537012.5.peg.2347.site.41, 2, 120, 122
537012.5.peg.2347.site.42, 5, 122, 127
537012.5.peg.2834.site.1, 0, 134, 134
537012.5.peg.2834.site.2, 3, 134, 137
537012.5.peg.2834.site.3, 11, 123, 134
537012.5.peg.2834.site.4, 1, 124, 125
537012.5.peg.2834.site.5, 1, 125, 126
537012.5.peg.2834.site.6, 4, 125, 129
537012.5.peg.2834.site.7, 5, 132, 137
537012.5.peg.2834.site.8, 6, 133, 139
537012.5.peg.2834.site.9, 3, 133, 136
537012.5.peg.2834.site.10, 1, 134, 135
537012.5.peg.2834.site.11, 3, 133, 136
537012.5.peg.2834.site.12, 4, 133, 137
537012.5.peg.2834.site.13, 3, 134, 137
537012.5.peg.2834.site.14, 10, 134, 144
537012.5.peg.2834.site.15, 1, 134, 135
537012.5.peg.2834.site.16, 3, 133, 136
537012.5.peg.2834.site.17, 13, 134, 147
537012.5.peg.2834.site.18, 1, 134, 135
537012.5.peg.2834.site.19, 0, 132, 132
537012.5.peg.2834.site.20, 62, 132, 194
537012.5.peg.2834.site.21, 45, 133, 178
537012.5.peg.2834.site.22, 1, 131, 132
537012.5.peg.2834.site.23, 6, 131, 137
537012.5.peg.2834.site.24, 133, 134, 267
537012.5.peg.2834.site.25, 2, 133, 135
537012.5.peg.2834.site.26, 54, 134, 188
537012.5.peg.2834.site.27, 4, 132, 136
537012.5.peg.2834.site.28, 1, 134, 135
537012.5.peg.2834.site.29, 109, 134, 243
537012.5.peg.2834.site.30, 1, 134, 135
537012.5.peg.2834.site.31, 96, 133, 229
537012.5.peg.2834.site.32, 5, 134, 139
537012.5.peg.2834.site.33, 27, 131, 158
537012.5.peg.2834.site.34, 5, 133, 138
537012.5.peg.2834.site.35, 39, 134, 173
537012.5.peg.2834.site.36, 1, 134, 135
537012.5.peg.2834.site.37, 4, 134, 138
537012.5.peg.2834.site.38, 4, 133, 137
537012.5.peg.2834.site.39, 29, 134, 163
537012.5.peg.2834.site.40, 5, 132, 137
537012.5.peg.2834.site.41, 4, 132, 136
537012.5.peg.2834.site.42, 11, 133, 144
537012.5.peg.2834.site.43, 0, 133, 133
537012.5.peg.2834.site.44, 0, 132, 132
537012.5.peg.2834.site.45, 4, 134, 138
537012.5.peg.2834.site.46, 128, 134, 262
537012.5.peg.2834.site.47, 11, 133, 144
537012.5.peg.2834.site.48, 3, 134, 137
537012.5.peg.2834.site.49, 51, 132, 183
537012.5.peg.2834.site.50, 5, 132, 137
537012.5.peg.2834.site.51, 0, 134, 134
537012.5.peg.2834.site.52, 84, 133, 217
537012.5.peg.2834.site.53, 1, 134, 135
537012.5.peg.2834.site.54, 38, 133, 171
537012.5.peg.2834.site.55, 1, 133, 134
537012.5.peg.2834.site.56, 1, 134, 135
537012.5.peg.2834.site.57, 4, 132, 136
537012.5.peg.2834.site.58, 3, 134, 137
537012.5.peg.2834.site.59, 24, 134, 158
537012.5.peg.2834.site.60, 4, 134, 138
537012.5.peg.2834.site.61, 3, 132, 135
537012.5.peg.2834.site.62, 4, 131, 135
537012.5.peg.2834.site.63, 62, 129, 191
537012.5.peg.2834.site.64, 133, 134, 267
537012.5.peg.2349.site.1, 15, 122, 137
537012.5.peg.2349.site.2, 2, 121, 123
537012.5.peg.2349.site.3, 2, 116, 118
537012.5.peg.2348.site.1, 2, 116, 118
537012.5.peg.2348.site.2, 0, 121, 121
537012.5.peg.2348.site.3, 5, 120, 125
537012.5.peg.2348.site.4, 5, 120, 125
537012.5.peg.2348.site.5, 3, 118, 121
537012.5.peg.2348.site.6, 0, 118, 118
537012.5.peg.2348.site.7, 2, 120, 122
537012.5.peg.2348.site.8, 10, 122, 132
537012.5.peg.2348.site.9, 99, 124, 223
537012.5.peg.2348.site.10, 9, 122, 131
537012.5.peg.2348.site.11, 1, 122, 123
537012.5.peg.2348.site.12, 9, 122, 131
537012.5.peg.2348.site.13, 37, 122, 159
537012.5.peg.2839.site.1, 46, 129, 175
537012.5.peg.2839.site.2, 8, 130, 138
537012.5.peg.2839.site.3, 6, 132, 138
537012.5.peg.2839.site.4, 8, 129, 137
537012.5.peg.2839.site.5, 2, 130, 132
537012.5.peg.2839.site.6, 4, 131, 135
537012.5.peg.2839.site.7, 2, 130, 132
537012.5.peg.2839.site.8, 1, 133, 134
537012.5.peg.2839.site.9, 2, 134, 136
537012.5.peg.2839.site.10, 7, 134, 141
537012.5.peg.2839.site.11, 8, 134, 142
537012.5.peg.2839.site.12, 2, 134, 136
537012.5.peg.2839.site.13, 2, 134, 136
537012.5.peg.2839.site.14, 33, 134, 167
537012.5.peg.2839.site.15, 0, 132, 132
537012.5.peg.2839.site.16, 5, 133, 138
537012.5.peg.2839.site.17, 3, 134, 137
537012.5.peg.2839.site.18, 1, 134, 135
537012.5.peg.2839.site.19, 6, 133, 139
537012.5.peg.2839.site.20, 1, 134, 135
537012.5.peg.2839.site.21, 2, 130, 132
537012.5.peg.2839.site.22, 1, 133, 134
537012.5.peg.2839.site.23, 8, 131, 139
537012.5.peg.2839.site.24, 3, 132, 135
537012.5.peg.2839.site.25, 6, 134, 140
537012.5.peg.2839.site.26, 6, 134, 140
537012.5.peg.2839.site.27, 131, 132, 263
537012.5.peg.2839.site.28, 7, 131, 138
537012.5.peg.2839.site.29, 12, 129, 141
537012.5.peg.2839.site.30, 0, 129, 129
537012.5.peg.2839.site.31, 1, 133, 134
537012.5.peg.2839.site.32, 3, 131, 134
537012.5.peg.2839.site.33, 15, 132, 147
537012.5.peg.2839.site.34, 2, 134, 136
537012.5.peg.2839.site.35, 0, 134, 134
537012.5.peg.2839.site.36, 14, 131, 145
537012.5.peg.2839.site.37, 10, 134, 144
537012.5.peg.2839.site.38, 5, 133, 138
537012.5.peg.2839.site.39, 21, 128, 149
537012.5.peg.2839.site.40, 6, 128, 134
537012.5.peg.2839.site.41, 6, 128, 134
537012.5.peg.2839.site.42, 18, 129, 147
537012.5.peg.2839.site.43, 18, 130, 148
537012.5.peg.2839.site.44, 1, 132, 133
537012.5.peg.2839.site.45, 4, 130, 134
537012.5.peg.2839.site.46, 1, 134, 135
537012.5.peg.2839.site.47, 3, 134, 137
537012.5.peg.2839.site.48, 0, 134, 134
537012.5.peg.2838.site.1, 5, 111, 116
537012.5.peg.2838.site.2, 0, 127, 127
537012.5.peg.3294.site.1, 5, 128, 133
537012.5.peg.3294.site.2, 11, 126, 137
537012.5.peg.3294.site.3, 3, 126, 129
537012.5.peg.3294.site.4, 7, 118, 125
537012.5.peg.3294.site.5, 1, 128, 129
537012.5.peg.3294.site.6, 1, 129, 130
537012.5.peg.3294.site.7, 5, 127, 132
537012.5.peg.3294.site.8, 6, 127, 133
537012.5.peg.3294.site.9, 7, 129, 136
537012.5.peg.3294.site.10, 0, 128, 128
537012.5.peg.3294.site.11, 51, 125, 176
537012.5.peg.3294.site.12, 2, 128, 130
537012.5.peg.3294.site.13, 1, 127, 128
537012.5.peg.3294.site.14, 1, 129, 130
537012.5.peg.3294.site.15, 5, 128, 133
537012.5.peg.3294.site.16, 0, 129, 129
537012.5.peg.3294.site.17, 7, 128, 135
537012.5.peg.3294.site.18, 7, 129, 136
537012.5.peg.3294.site.19, 2, 129, 131
537012.5.peg.3294.site.20, 31, 128, 159
537012.5.peg.3294.site.21, 5, 128, 133
537012.5.peg.3294.site.22, 5, 128, 133
537012.5.peg.3294.site.23, 4, 129, 133
537012.5.peg.3294.site.24, 1, 129, 130
537012.5.peg.3294.site.25, 16, 126, 142
537012.5.peg.3294.site.26, 1, 128, 129
537012.5.peg.3294.site.27, 4, 127, 131
537012.5.peg.3294.site.28, 99, 126, 225
537012.5.peg.3294.site.29, 34, 128, 162
537012.5.peg.3294.site.30, 3, 129, 132
537012.5.peg.3294.site.31, 7, 127, 134
537012.5.peg.3294.site.32, 6, 128, 134
537012.5.peg.3294.site.33, 4, 128, 132
537012.5.peg.3294.site.34, 1, 128, 129
537012.5.peg.3294.site.35, 73, 125, 198
537012.5.peg.3294.site.36, 7, 129, 136
537012.5.peg.3294.site.37, 8, 128, 136
537012.5.peg.3294.site.38, 7, 129, 136
537012.5.peg.3294.site.39, 8, 129, 137
537012.5.peg.3294.site.40, 42, 127, 169
537012.5.peg.3294.site.41, 1, 128, 129
537012.5.peg.3294.site.42, 1, 129, 130
537012.5.peg.3294.site.43, 2, 129, 131
537012.5.peg.3294.site.44, 2, 124, 126
537012.5.peg.3294.site.45, 7, 123, 130
537012.5.peg.3294.site.46, 0, 123, 123
537012.5.peg.3294.site.47, 2, 126, 128
537012.5.peg.3294.site.48, 50, 124, 174
537012.5.peg.3294.site.49, 0, 126, 126
537012.5.peg.3294.site.50, 3, 126, 129
537012.5.peg.3294.site.51, 6, 128, 134
537012.5.peg.3294.site.52, 3, 128, 131
537012.5.peg.3294.site.53, 3, 129, 132
537012.5.peg.3294.site.54, 2, 129, 131
537012.5.peg.3294.site.55, 0, 129, 129
537012.5.peg.3294.site.56, 3, 128, 131
537012.5.peg.3294.site.57, 20, 127, 147
537012.5.peg.3294.site.58, 7, 128, 135
537012.5.peg.3294.site.59, 14, 129, 143
537012.5.peg.3294.site.60, 3, 129, 132
537012.5.peg.3294.site.61, 7, 129, 136
537012.5.peg.3294.site.62, 4, 127, 131
537012.5.peg.3294.site.63, 1, 127, 128
537012.5.peg.3294.site.64, 4, 127, 131
537012.5.peg.3294.site.65, 6, 128, 134
537012.5.peg.3294.site.66, 14, 126, 140
537012.5.peg.3294.site.67, 1, 128, 129
537012.5.peg.3294.site.68, 3, 129, 132
537012.5.peg.3294.site.69, 7, 129, 136
537012.5.peg.3294.site.70, 7, 129, 136
537012.5.peg.3294.site.71, 15, 128, 143
537012.5.peg.3294.site.72, 54, 125, 179
537012.5.peg.3294.site.73, 17, 129, 146
537012.5.peg.3294.site.74, 6, 129, 135
537012.5.peg.3294.site.75, 2, 129, 131
537012.5.peg.3294.site.76, 2, 129, 131
537012.5.peg.3294.site.77, 2, 129, 131
537012.5.peg.3294.site.78, 7, 129, 136
537012.5.peg.3294.site.79, 6, 129, 135
537012.5.peg.3294.site.80, 4, 126, 130
537012.5.peg.3294.site.81, 58, 123, 181
537012.5.peg.3294.site.82, 3, 126, 129
537012.5.peg.3294.site.83, 3, 126, 129
537012.5.peg.3294.site.84, 4, 126, 130
537012.5.peg.3294.site.85, 40, 125, 165
537012.5.peg.3294.site.86, 7, 128, 135
537012.5.peg.3294.site.87, 7, 128, 135
537012.5.peg.3294.site.88, 11, 127, 138
537012.5.peg.3294.site.89, 4, 127, 131
537012.5.peg.3294.site.90, 50, 127, 177
537012.5.peg.3294.site.91, 5, 129, 134
537012.5.peg.3294.site.92, 3, 129, 132
537012.5.peg.3294.site.93, 7, 129, 136
537012.5.peg.3294.site.94, 6, 129, 135
537012.5.peg.3294.site.95, 4, 128, 132
537012.5.peg.3294.site.96, 5, 127, 132
537012.5.peg.3294.site.97, 11, 125, 136
537012.5.peg.3294.site.98, 10, 126, 136
537012.5.peg.3294.site.99, 1, 129, 130
537012.5.peg.3294.site.100, 2, 128, 130
537012.5.peg.3294.site.101, 7, 129, 136
537012.5.peg.3294.site.102, 5, 127, 132
537012.5.peg.3294.site.103, 2, 129, 131
537012.5.peg.3294.site.104, 17, 128, 145
537012.5.peg.3294.site.105, 22, 128, 150
537012.5.peg.3294.site.106, 7, 129, 136
537012.5.peg.3294.site.107, 3, 128, 131
537012.5.peg.3294.site.108, 1, 129, 130
537012.5.peg.3294.site.109, 5, 128, 133
537012.5.peg.3294.site.110, 24, 127, 151
537012.5.peg.3294.site.111, 9, 129, 138
537012.5.peg.3294.site.112, 1, 129, 130
537012.5.peg.3294.site.113, 17, 127, 144
537012.5.peg.3294.site.114, 46, 126, 172
537012.5.peg.3294.site.115, 12, 128, 140
537012.5.peg.3294.site.116, 6, 128, 134
537012.5.peg.3294.site.117, 0, 129, 129
537012.5.peg.3294.site.118, 3, 129, 132
537012.5.peg.3294.site.119, 7, 128, 135
537012.5.peg.3294.site.120, 7, 129, 136
537012.5.peg.3294.site.121, 6, 128, 134
537012.5.peg.3294.site.122, 6, 128, 134
537012.5.peg.3294.site.123, 17, 126, 143
537012.5.peg.3295.site.1, 118, 123, 241
537012.5.peg.3295.site.2, 6, 126, 132
537012.5.peg.3295.site.3, 5, 121, 126
537012.5.peg.3295.site.4, 3, 124, 127
537012.5.peg.3295.site.5, 9, 126, 135
537012.5.peg.3295.site.6, 26, 125, 151
537012.5.peg.3295.site.7, 8, 126, 134
537012.5.peg.3295.site.8, 1, 129, 130
537012.5.peg.3295.site.9, 112, 126, 238
537012.5.peg.3295.site.10, 6, 127, 133
537012.5.peg.3295.site.11, 0, 127, 127
537012.5.peg.3295.site.12, 7, 129, 136
537012.5.peg.3295.site.13, 4, 126, 130
537012.5.peg.3295.site.14, 2, 124, 126
537012.5.peg.3295.site.15, 3, 124, 127
537012.5.peg.3295.site.16, 6, 123, 129
537012.5.peg.3295.site.17, 4, 123, 127
537012.5.peg.3295.site.18, 6, 123, 129
537012.5.peg.3295.site.19, 0, 123, 123
537012.5.peg.3295.site.20, 6, 122, 128
537012.5.peg.3295.site.21, 4, 120, 124
537012.5.peg.3295.site.22, 2, 124, 126
537012.5.peg.3295.site.23, 5, 123, 128
537012.5.peg.3295.site.24, 4, 120, 124
537012.5.peg.3295.site.25, 20, 121, 141
537012.5.peg.3295.site.26, 15, 123, 138
537012.5.peg.3295.site.27, 4, 124, 128
537012.5.peg.3295.site.28, 12, 121, 133
537012.5.peg.3295.site.29, 3, 125, 128
537012.5.peg.3295.site.30, 5, 128, 133
537012.5.peg.3295.site.31, 5, 127, 132
537012.5.peg.3295.site.32, 7, 129, 136
537012.5.peg.3295.site.33, 7, 129, 136
537012.5.peg.3295.site.34, 12, 128, 140
537012.5.peg.3295.site.35, 7, 129, 136
537012.5.peg.3295.site.36, 5, 121, 126
537012.5.peg.3295.site.37, 118, 120, 238
537012.5.peg.3295.site.38, 2, 118, 120
537012.5.peg.3295.site.39, 0, 117, 117
537012.5.peg.3295.site.40, 2, 118, 120
537012.5.peg.3295.site.41, 1, 118, 119
537012.5.peg.3295.site.42, 1, 118, 119
537012.5.peg.3295.site.43, 9, 126, 135
537012.5.peg.3295.site.44, 7, 128, 135
537012.5.peg.3295.site.45, 2, 127, 129
537012.5.peg.3295.site.46, 1, 125, 126
537012.5.peg.3524.site.1, 5, 117, 122
537012.5.peg.3524.site.2, 10, 119, 129
537012.5.peg.3524.site.3, 4, 118, 122
537012.5.peg.3524.site.4, 0, 118, 118
537012.5.peg.3524.site.5, 4, 116, 120
537012.5.peg.3524.site.6, 1, 118, 119
537012.5.peg.3524.site.7, 11, 113, 124
537012.5.peg.3524.site.8, 11, 113, 124
537012.5.peg.3524.site.9, 0, 114, 114
537012.5.peg.3524.site.10, 3, 113, 116
537012.5.peg.3524.site.11, 0, 111, 111
537012.5.peg.3524.site.12, 1, 111, 112
537012.5.peg.3524.site.13, 1, 109, 110
537012.5.peg.3524.site.14, 7, 116, 123
537012.5.peg.3524.site.15, 5, 115, 120
537012.5.peg.3524.site.16, 0, 115, 115
537012.5.peg.3524.site.17, 9, 115, 124
537012.5.peg.3524.site.18, 3, 117, 120
537012.5.peg.3524.site.19, 1, 118, 119
537012.5.peg.3524.site.20, 7, 118, 125
537012.5.peg.3524.site.21, 1, 120, 121
537012.5.peg.3524.site.22, 3, 117, 120
537012.5.peg.3524.site.23, 3, 117, 120
537012.5.peg.3524.site.24, 1, 119, 120
537012.5.peg.3524.site.25, 3, 117, 120
537012.5.peg.3524.site.26, 2, 116, 118
537012.5.peg.3524.site.27, 1, 118, 119
537012.5.peg.3524.site.28, 4, 115, 119
537012.5.peg.3524.site.29, 4, 116, 120
537012.5.peg.3524.site.30, 87, 115, 202
537012.5.peg.3524.site.31, 12, 113, 125
537012.5.peg.3524.site.32, 6, 112, 118
537012.5.peg.2196.site.1, 6, 72, 78
537012.5.peg.2196.site.2, 14, 71, 85
537012.5.peg.2196.site.3, 2, 70, 72
537012.5.peg.2196.site.4, 52, 68, 120
537012.5.peg.2196.site.5, 50, 66, 116
537012.5.peg.2196.site.6, 62, 71, 133
537012.5.peg.2196.site.7, 1, 70, 71
537012.5.peg.2196.site.8, 9, 74, 83
537012.5.peg.2196.site.9, 2, 69, 71
537012.5.peg.2196.site.10, 3, 73, 76
537012.5.peg.2196.site.11, 21, 72, 93
537012.5.peg.2196.site.12, 7, 73, 80
537012.5.peg.2196.site.13, 1, 73, 74
537012.5.peg.2196.site.14, 2, 73, 75
537012.5.peg.2196.site.15, 11, 75, 86
537012.5.peg.2196.site.16, 32, 79, 111
537012.5.peg.2196.site.17, 1, 76, 77
537012.5.peg.2196.site.18, 2, 87, 89
537012.5.peg.2196.site.19, 2, 94, 96
537012.5.peg.2196.site.20, 36, 96, 132
537012.5.peg.2196.site.21, 5, 91, 96
537012.5.peg.2196.site.22, 1, 90, 91
537012.5.peg.2196.site.23, 2, 84, 86
537012.5.peg.2196.site.24, 0, 78, 78
537012.5.peg.2196.site.25, 7, 87, 94
537012.5.peg.2196.site.26, 36, 87, 123
537012.5.peg.3748.site.1, 0, 134, 134
537012.5.peg.3748.site.2, 4, 132, 136
537012.5.peg.3748.site.3, 30, 133, 163
537012.5.peg.3748.site.4, 4, 130, 134
537012.5.peg.3748.site.5, 12, 133, 145
537012.5.peg.3748.site.6, 12, 132, 144
537012.5.peg.3748.site.7, 1, 133, 134
537012.5.peg.3748.site.8, 107, 134, 241
537012.5.peg.3748.site.9, 1, 134, 135
537012.5.peg.3748.site.10, 11, 133, 144
537012.5.peg.3748.site.11, 14, 133, 147
537012.5.peg.3748.site.12, 5, 133, 138
537012.5.peg.3748.site.13, 0, 134, 134
537012.5.peg.3748.site.14, 1, 134, 135
537012.5.peg.3748.site.15, 0, 134, 134
537012.5.peg.3748.site.16, 5, 133, 138
537012.5.peg.3748.site.17, 3, 131, 134
537012.5.peg.3748.site.18, 31, 130, 161
537012.5.peg.3748.site.19, 5, 129, 134
537012.5.peg.3748.site.20, 2, 127, 129
537012.5.peg.3748.site.21, 16, 129, 145
537012.5.peg.3748.site.22, 4, 130, 134
537012.5.peg.3748.site.23, 5, 131, 136
537012.5.peg.3748.site.24, 3, 132, 135
537012.5.peg.3748.site.25, 46, 133, 179
537012.5.peg.3748.site.26, 6, 134, 140
537012.5.peg.3748.site.27, 2, 134, 136
537012.5.peg.3748.site.28, 55, 132, 187
537012.5.peg.3748.site.29, 1, 134, 135
537012.5.peg.3748.site.30, 0, 134, 134
537012.5.peg.3748.site.31, 20, 132, 152
537012.5.peg.3748.site.32, 1, 133, 134
537012.5.peg.3748.site.33, 1, 133, 134
537012.5.peg.3748.site.34, 1, 133, 134
537012.5.peg.3748.site.35, 4, 131, 135
537012.5.peg.3748.site.36, 1, 132, 133
537012.5.peg.3748.site.37, 5, 133, 138
537012.5.peg.3748.site.38, 15, 134, 149
537012.5.peg.3746.site.1, 4, 130, 134
537012.5.peg.3746.site.2, 0, 132, 132
537012.5.peg.3746.site.3, 83, 131, 214
537012.5.peg.3746.site.4, 15, 131, 146
537012.5.peg.3746.site.5, 46, 131, 177
537012.5.peg.3746.site.6, 1, 134, 135
537012.5.peg.3746.site.7, 1, 133, 134
537012.5.peg.3746.site.8, 4, 132, 136
537012.5.peg.3746.site.9, 3, 134, 137
537012.5.peg.3746.site.10, 46, 133, 179
537012.5.peg.3746.site.11, 38, 131, 169
537012.5.peg.3746.site.12, 26, 132, 158
537012.5.peg.3746.site.13, 5, 130, 135
537012.5.peg.3746.site.14, 4, 133, 137
537012.5.peg.3746.site.15, 4, 131, 135
537012.5.peg.3746.site.16, 132, 133, 265
537012.5.peg.3746.site.17, 1, 133, 134
537012.5.peg.3746.site.18, 3, 131, 134
537012.5.peg.3746.site.19, 28, 130, 158
537012.5.peg.3746.site.20, 104, 132, 236
537012.5.peg.3746.site.21, 66, 130, 196
537012.5.peg.3746.site.22, 7, 134, 141
537012.5.peg.3746.site.23, 6, 134, 140
537012.5.peg.3746.site.24, 25, 132, 157
537012.5.peg.3746.site.25, 1, 134, 135
537012.5.peg.3746.site.26, 11, 134, 145
537012.5.peg.3746.site.27, 10, 134, 144
537012.5.peg.3746.site.28, 6, 133, 139
537012.5.peg.3746.site.29, 4, 132, 136
537012.5.peg.3746.site.30, 17, 132, 149
537012.5.peg.3746.site.31, 4, 133, 137
537012.5.peg.3746.site.32, 4, 133, 137
537012.5.peg.3746.site.33, 0, 134, 134
537012.5.peg.3746.site.34, 32, 132, 164
537012.5.peg.3746.site.35, 8, 133, 141
537012.5.peg.3746.site.36, 38, 131, 169
537012.5.peg.3746.site.37, 36, 133, 169
537012.5.peg.3746.site.38, 31, 133, 164
537012.5.peg.3746.site.39, 39, 132, 171
537012.5.peg.3746.site.40, 1, 131, 132
537012.5.peg.3746.site.41, 4, 133, 137
537012.5.peg.3746.site.42, 11, 132, 143
537012.5.peg.3746.site.43, 1, 132, 133
537012.5.peg.3746.site.44, 1, 133, 134
537012.5.peg.3746.site.45, 17, 132, 149
537012.5.peg.3746.site.46, 5, 131, 136
537012.5.peg.3746.site.47, 22, 132, 154
537012.5.peg.3746.site.48, 5, 127, 132
537012.5.peg.3746.site.49, 7, 128, 135
537012.5.peg.3746.site.50, 40, 128, 168
537012.5.peg.3746.site.51, 22, 127, 149
537012.5.peg.3746.site.52, 3, 127, 130
537012.5.peg.3746.site.53, 7, 128, 135
537012.5.peg.3746.site.54, 24, 130, 154
537012.5.peg.3746.site.55, 6, 132, 138
537012.5.peg.3746.site.56, 6, 134, 140
537012.5.peg.3746.site.57, 4, 132, 136
537012.5.peg.3746.site.58, 5, 132, 137
537012.5.peg.3746.site.59, 3, 132, 135
537012.5.peg.3747.site.1, 1, 128, 129
537012.5.peg.3747.site.2, 1, 132, 133
537012.5.peg.3747.site.3, 6, 133, 139
537012.5.peg.3747.site.4, 1, 134, 135
537012.5.peg.3747.site.5, 24, 130, 154
537012.5.peg.3747.site.6, 13, 133, 146
537012.5.peg.3747.site.7, 1, 134, 135
537012.5.peg.3747.site.8, 4, 133, 137
537012.5.peg.3747.site.9, 1, 133, 134
537012.5.peg.3747.site.10, 20, 133, 153
537012.5.peg.3747.site.11, 2, 127, 129
537012.5.peg.3747.site.12, 20, 126, 146
537012.5.peg.3747.site.13, 12, 119, 131
537012.5.peg.3747.site.14, 14, 110, 124
537012.5.peg.3747.site.15, 7, 109, 116
537012.5.peg.3747.site.16, 3, 109, 112
537012.5.peg.3747.site.17, 32, 109, 141
537012.5.peg.3747.site.18, 2, 109, 111
537012.5.peg.3747.site.19, 6, 113, 119
537012.5.peg.3747.site.20, 9, 119, 128
537012.5.peg.3747.site.21, 6, 125, 131
537012.5.peg.3747.site.22, 0, 124, 124
537012.5.peg.3747.site.23, 0, 127, 127
537012.5.peg.3747.site.24, 1, 129, 130
537012.5.peg.3747.site.25, 19, 127, 146
537012.5.peg.3747.site.26, 3, 132, 135
537012.5.peg.3747.site.27, 44, 131, 175
537012.5.peg.3747.site.28, 3, 132, 135
537012.5.peg.3747.site.29, 3, 132, 135
537012.5.peg.3747.site.30, 91, 129, 220
537012.5.peg.3747.site.31, 1, 132, 133
537012.5.peg.3747.site.32, 5, 132, 137
537012.5.peg.3747.site.33, 27, 133, 160
537012.5.peg.3744.site.1, 4, 130, 134
537012.5.peg.3744.site.2, 37, 133, 170
537012.5.peg.3744.site.3, 0, 132, 132
537012.5.peg.3744.site.4, 44, 130, 174
537012.5.peg.3744.site.5, 3, 132, 135
537012.5.peg.3744.site.6, 1, 133, 134
537012.5.peg.3744.site.7, 11, 131, 142
537012.5.peg.3744.site.8, 5, 129, 134
537012.5.peg.3744.site.9, 4, 128, 132
537012.5.peg.3744.site.10, 11, 130, 141
537012.5.peg.3744.site.11, 1, 133, 134
537012.5.peg.3744.site.12, 6, 133, 139
537012.5.peg.3744.site.13, 6, 133, 139
537012.5.peg.3744.site.14, 9, 129, 138
537012.5.peg.3744.site.15, 2, 126, 128
537012.5.peg.3744.site.16, 8, 124, 132
537012.5.peg.3744.site.17, 2, 126, 128
537012.5.peg.3744.site.18, 6, 128, 134
537012.5.peg.3744.site.19, 2, 127, 129
537012.5.peg.3744.site.20, 7, 131, 138
537012.5.peg.3744.site.21, 1, 134, 135
537012.5.peg.3744.site.22, 15, 133, 148
537012.5.peg.3744.site.23, 3, 134, 137
537012.5.peg.3744.site.24, 3, 125, 128
537012.5.peg.3745.site.1, 1, 123, 124
537012.5.peg.3745.site.2, 1, 125, 126
537012.5.peg.3745.site.3, 1, 127, 128
537012.5.peg.3745.site.4, 0, 130, 130
537012.5.peg.3745.site.5, 0, 129, 129
537012.5.peg.3745.site.6, 2, 131, 133
537012.5.peg.3745.site.7, 0, 133, 133
537012.5.peg.3745.site.8, 5, 133, 138
537012.5.peg.3745.site.9, 7, 134, 141
537012.5.peg.3745.site.10, 14, 134, 148
537012.5.peg.3745.site.11, 11, 133, 144
537012.5.peg.3745.site.12, 11, 132, 143
537012.5.peg.3745.site.13, 1, 134, 135
537012.5.peg.3745.site.14, 17, 134, 151
537012.5.peg.3745.site.15, 3, 131, 134
537012.5.peg.3745.site.16, 5, 134, 139
537012.5.peg.3745.site.17, 6, 132, 138
537012.5.peg.3745.site.18, 16, 130, 146
537012.5.peg.3745.site.19, 1, 128, 129
537012.5.peg.3745.site.20, 8, 130, 138
537012.5.peg.3745.site.21, 127, 129, 256
537012.5.peg.3745.site.22, 1, 128, 129
537012.5.peg.3745.site.23, 11, 127, 138
537012.5.peg.3745.site.24, 6, 128, 134
537012.5.peg.3745.site.25, 43, 128, 171
537012.5.peg.3745.site.26, 19, 128, 147
537012.5.peg.3745.site.27, 11, 127, 138
537012.5.peg.3745.site.28, 1, 109, 110
537012.5.peg.3745.site.29, 5, 115, 120
537012.5.peg.3745.site.30, 3, 115, 118
537012.5.peg.3745.site.31, 31, 114, 145
537012.5.peg.3745.site.32, 0, 120, 120
537012.5.peg.3745.site.33, 1, 123, 124
537012.5.peg.3745.site.34, 1, 123, 124
537012.5.peg.3745.site.35, 5, 128, 133
537012.5.peg.3745.site.36, 0, 128, 128
537012.5.peg.3745.site.37, 3, 130, 133
537012.5.peg.3745.site.38, 5, 131, 136
537012.5.peg.3745.site.39, 81, 132, 213
537012.5.peg.3745.site.40, 3, 131, 134
537012.5.peg.3745.site.41, 6, 134, 140
537012.5.peg.3745.site.42, 8, 134, 142
537012.5.peg.3745.site.43, 4, 132, 136
537012.5.peg.3745.site.44, 10, 132, 142
537012.5.peg.3745.site.45, 7, 134, 141
537012.5.peg.3745.site.46, 19, 134, 153
537012.5.peg.3745.site.47, 0, 133, 133
537012.5.peg.3745.site.48, 5, 133, 138
537012.5.peg.3745.site.49, 44, 131, 175
537012.5.peg.3745.site.50, 5, 131, 136
537012.5.peg.3742.site.1, 17, 128, 145
537012.5.peg.3742.site.2, 6, 129, 135
537012.5.peg.3742.site.3, 6, 130, 136
537012.5.peg.3742.site.4, 29, 130, 159
537012.5.peg.3742.site.5, 1, 130, 131
537012.5.peg.3742.site.6, 2, 129, 131
537012.5.peg.3742.site.7, 1, 129, 130
537012.5.peg.3742.site.8, 1, 129, 130
537012.5.peg.3742.site.9, 1, 131, 132
537012.5.peg.3742.site.10, 3, 130, 133
537012.5.peg.3742.site.11, 17, 129, 146
537012.5.peg.3742.site.12, 7, 129, 136
537012.5.peg.3742.site.13, 1, 131, 132
537012.5.peg.3742.site.14, 1, 131, 132
537012.5.peg.3742.site.15, 4, 132, 136
537012.5.peg.3742.site.16, 5, 133, 138
537012.5.peg.3742.site.17, 120, 133, 253
537012.5.peg.3742.site.18, 1, 134, 135
537012.5.peg.3742.site.19, 4, 132, 136
537012.5.peg.3742.site.20, 6, 132, 138
537012.5.peg.3742.site.21, 1, 133, 134
537012.5.peg.3742.site.22, 119, 130, 249
537012.5.peg.3742.site.23, 1, 131, 132
537012.5.peg.3742.site.24, 6, 130, 136
537012.5.peg.3742.site.25, 1, 130, 131
537012.5.peg.3742.site.26, 1, 130, 131
537012.5.peg.3742.site.27, 45, 130, 175
537012.5.peg.3742.site.28, 39, 130, 169
537012.5.peg.3348.site.1, 0, 129, 129
537012.5.peg.3348.site.2, 12, 123, 135
537012.5.peg.3348.site.3, 0, 125, 125
537012.5.peg.3348.site.4, 0, 127, 127
537012.5.peg.3348.site.5, 12, 133, 145
537012.5.peg.3348.site.6, 2, 133, 135
537012.5.peg.3348.site.7, 72, 133, 205
537012.5.peg.3348.site.8, 5, 134, 139
537012.5.peg.3348.site.9, 119, 134, 253
537012.5.peg.3348.site.10, 2, 133, 135
537012.5.peg.3348.site.11, 5, 131, 136
537012.5.peg.3348.site.12, 12, 132, 144
537012.5.peg.3348.site.13, 60, 132, 192
537012.5.peg.3348.site.14, 1, 131, 132
537012.5.peg.3348.site.15, 6, 133, 139
537012.5.peg.3348.site.16, 11, 132, 143
537012.5.peg.3348.site.17, 1, 134, 135
537012.5.peg.3348.site.18, 4, 132, 136
537012.5.peg.3348.site.19, 11, 132, 143
537012.5.peg.3348.site.20, 1, 134, 135
537012.5.peg.3348.site.21, 131, 134, 265
537012.5.peg.3348.site.22, 11, 132, 143
537012.5.peg.3348.site.23, 1, 133, 134
537012.5.peg.3348.site.24, 4, 132, 136
537012.5.peg.3348.site.25, 54, 132, 186
537012.5.peg.3348.site.26, 4, 129, 133
537012.5.peg.3348.site.27, 129, 132, 261
537012.5.peg.3348.site.28, 4, 131, 135
537012.5.peg.3348.site.29, 1, 132, 133
537012.5.peg.3348.site.30, 20, 131, 151
537012.5.peg.3348.site.31, 44, 131, 175
537012.5.peg.3348.site.32, 8, 128, 136
537012.5.peg.3348.site.33, 1, 121, 122
537012.5.peg.3348.site.34, 4, 129, 133
537012.5.peg.3348.site.35, 94, 130, 224
537012.5.peg.3348.site.36, 2, 131, 133
537012.5.peg.4169.site.1, 1, 130, 131
537012.5.peg.4169.site.2, 2, 129, 131
537012.5.peg.4168.site.1, 1, 129, 130
537012.5.peg.4168.site.2, 93, 129, 222
537012.5.peg.4168.site.3, 42, 128, 170
537012.5.peg.4168.site.4, 2, 128, 130
537012.5.peg.4168.site.5, 1, 128, 129
537012.5.peg.4168.site.6, 3, 129, 132
537012.5.peg.4168.site.7, 1, 128, 129
537012.5.peg.4168.site.8, 0, 131, 131
537012.5.peg.4168.site.9, 2, 129, 131
537012.5.peg.4168.site.10, 0, 129, 129
537012.5.peg.4168.site.11, 15, 130, 145
537012.5.peg.4168.site.12, 0, 128, 128
537012.5.peg.4168.site.13, 6, 130, 136
537012.5.peg.4168.site.14, 9, 128, 137
537012.5.peg.4168.site.15, 29, 129, 158
537012.5.peg.4168.site.16, 13, 110, 123
537012.5.peg.2217.site.1, 1, 125, 126
537012.5.peg.2217.site.2, 1, 125, 126
537012.5.peg.2217.site.3, 1, 125, 126
537012.5.peg.2217.site.4, 1, 125, 126
537012.5.peg.2217.site.5, 1, 124, 125
537012.5.peg.2217.site.6, 8, 124, 132
537012.5.peg.2217.site.7, 4, 124, 128
537012.5.peg.2217.site.8, 61, 124, 185
537012.5.peg.2217.site.9, 0, 125, 125
537012.5.peg.2217.site.10, 68, 124, 192
537012.5.peg.2217.site.11, 0, 123, 123
537012.5.peg.2217.site.12, 1, 125, 126
537012.5.peg.2217.site.13, 1, 124, 125
537012.5.peg.2217.site.14, 39, 125, 164
537012.5.peg.2217.site.15, 0, 125, 125
537012.5.peg.2217.site.16, 2, 125, 127
537012.5.peg.2217.site.17, 1, 125, 126
537012.5.peg.2217.site.18, 28, 126, 154
537012.5.peg.2217.site.19, 1, 123, 124
537012.5.peg.2217.site.20, 40, 123, 163
537012.5.peg.2217.site.21, 0, 124, 124
537012.5.peg.2217.site.22, 29, 125, 154
537012.5.peg.2217.site.23, 1, 124, 125
537012.5.peg.2217.site.24, 99, 125, 224
537012.5.peg.2217.site.25, 1, 124, 125
537012.5.peg.2217.site.26, 1, 125, 126
537012.5.peg.2217.site.27, 123, 125, 248
537012.5.peg.2217.site.28, 0, 125, 125
537012.5.peg.2217.site.29, 1, 125, 126
537012.5.peg.2217.site.30, 1, 125, 126
537012.5.peg.2217.site.31, 1, 125, 126
537012.5.peg.2217.site.32, 1, 125, 126
537012.5.peg.4167.site.1, 25, 131, 156
537012.5.peg.4167.site.2, 19, 130, 149
537012.5.peg.4167.site.3, 9, 130, 139
537012.5.peg.4167.site.4, 3, 133, 136
537012.5.peg.4167.site.5, 19, 132, 151
537012.5.peg.4167.site.6, 14, 131, 145
537012.5.peg.4167.site.7, 4, 131, 135
537012.5.peg.4167.site.8, 13, 132, 145
537012.5.peg.4167.site.9, 2, 133, 135
537012.5.peg.4167.site.10, 4, 132, 136
537012.5.peg.4167.site.11, 3, 128, 131
537012.5.peg.4167.site.12, 5, 129, 134
537012.5.peg.4167.site.13, 3, 127, 130
537012.5.peg.4167.site.14, 14, 127, 141
537012.5.peg.4167.site.15, 7, 124, 131
537012.5.peg.4167.site.16, 7, 124, 131
537012.5.peg.4167.site.17, 7, 125, 132
537012.5.peg.4167.site.18, 7, 125, 132
537012.5.peg.4167.site.19, 11, 124, 135
537012.5.peg.4167.site.20, 12, 126, 138
537012.5.peg.4167.site.21, 15, 125, 140
537012.5.peg.4167.site.22, 3, 126, 129
537012.5.peg.4167.site.23, 11, 128, 139
537012.5.peg.4167.site.24, 1, 127, 128
537012.5.peg.4167.site.25, 3, 126, 129
537012.5.peg.4167.site.26, 3, 133, 136
537012.5.peg.4167.site.27, 49, 133, 182
537012.5.peg.4167.site.28, 3, 131, 134
537012.5.peg.4167.site.29, 3, 129, 132
537012.5.peg.4167.site.30, 14, 130, 144
537012.5.peg.4167.site.31, 2, 129, 131
537012.5.peg.4167.site.32, 14, 129, 143
537012.5.peg.4167.site.33, 0, 129, 129
537012.5.peg.4167.site.34, 0, 129, 129
537012.5.peg.4167.site.35, 1, 131, 132
537012.5.peg.4167.site.36, 44, 129, 173
537012.5.peg.4167.site.37, 1, 129, 130
537012.5.peg.4167.site.38, 0, 127, 127
537012.5.peg.4167.site.39, 1, 128, 129
537012.5.peg.4167.site.40, 45, 129, 174
537012.5.peg.4167.site.41, 2, 129, 131
537012.5.peg.4167.site.42, 15, 128, 143
537012.5.peg.4167.site.43, 74, 129, 203
537012.5.peg.4167.site.44, 14, 130, 144
537012.5.peg.4167.site.45, 61, 128, 189
537012.5.peg.4167.site.46, 14, 128, 142
537012.5.peg.4167.site.47, 31, 130, 161
537012.5.peg.4167.site.48, 0, 130, 130
537012.5.peg.4167.site.49, 1, 129, 130
537012.5.peg.4167.site.50, 6, 130, 136
537012.5.peg.4167.site.51, 0, 129, 129
537012.5.peg.4167.site.52, 13, 129, 142
537012.5.peg.4167.site.53, 1, 127, 128
537012.5.peg.4167.site.54, 15, 129, 144
537012.5.peg.4167.site.55, 0, 128, 128
537012.5.peg.4167.site.56, 2, 129, 131
537012.5.peg.4167.site.57, 8, 132, 140
537012.5.peg.4167.site.58, 14, 134, 148
537012.5.peg.4167.site.59, 19, 133, 152
537012.5.peg.4167.site.60, 1, 134, 135
537012.5.peg.4167.site.61, 3, 134, 137
537012.5.peg.4167.site.62, 5, 133, 138
537012.5.peg.4167.site.63, 1, 134, 135
537012.5.peg.4167.site.64, 3, 130, 133
537012.5.peg.4167.site.65, 3, 129, 132
537012.5.peg.4167.site.66, 1, 129, 130
537012.5.peg.4167.site.67, 15, 129, 144
537012.5.peg.4167.site.68, 85, 129, 214
537012.5.peg.2216.site.1, 9, 125, 134
537012.5.peg.2216.site.2, 4, 126, 130
537012.5.peg.2216.site.3, 4, 126, 130
537012.5.peg.2216.site.4, 3, 126, 129
537012.5.peg.2216.site.5, 3, 126, 129
537012.5.peg.2216.site.6, 4, 126, 130
537012.5.peg.2216.site.7, 1, 126, 127
537012.5.peg.2216.site.8, 52, 124, 176
537012.5.peg.2216.site.9, 1, 124, 125
537012.5.peg.2216.site.10, 0, 125, 125
537012.5.peg.2216.site.11, 1, 125, 126
537012.5.peg.2216.site.12, 3, 125, 128
537012.5.peg.2216.site.13, 4, 125, 129
537012.5.peg.2216.site.14, 1, 125, 126
537012.5.peg.2216.site.15, 1, 124, 125
537012.5.peg.2216.site.16, 11, 123, 134
537012.5.peg.2216.site.17, 12, 125, 137
537012.5.peg.2216.site.18, 1, 125, 126
537012.5.peg.2216.site.19, 2, 125, 127
537012.5.peg.2216.site.20, 1, 125, 126
537012.5.peg.2216.site.21, 1, 125, 126
537012.5.peg.2216.site.22, 3, 124, 127
537012.5.peg.2216.site.23, 1, 125, 126
537012.5.peg.2216.site.24, 3, 125, 128
537012.5.peg.2216.site.25, 0, 124, 124
537012.5.peg.2216.site.26, 11, 126, 137
537012.5.peg.2216.site.27, 1, 125, 126
537012.5.peg.2216.site.28, 1, 125, 126
537012.5.peg.2216.site.29, 1, 125, 126
537012.5.peg.2216.site.30, 1, 125, 126
537012.5.peg.1421.site.1, 0, 133, 133
537012.5.peg.1421.site.2, 1, 134, 135
537012.5.peg.1421.site.3, 1, 134, 135
537012.5.peg.1421.site.4, 3, 134, 137
537012.5.peg.1421.site.5, 21, 132, 153
537012.5.peg.1421.site.6, 4, 134, 138
537012.5.peg.1421.site.7, 1, 134, 135
537012.5.peg.1421.site.8, 5, 133, 138
537012.5.peg.1421.site.9, 4, 134, 138
537012.5.peg.1421.site.10, 3, 133, 136
537012.5.peg.1421.site.11, 1, 134, 135
537012.5.peg.1421.site.12, 3, 134, 137
537012.5.peg.1421.site.13, 1, 134, 135
537012.5.peg.1421.site.14, 1, 134, 135
537012.5.peg.1421.site.15, 6, 134, 140
537012.5.peg.1421.site.16, 0, 134, 134
537012.5.peg.1421.site.17, 4, 132, 136
537012.5.peg.1421.site.18, 2, 134, 136
537012.5.peg.1421.site.19, 3, 134, 137
537012.5.peg.1421.site.20, 4, 132, 136
537012.5.peg.1421.site.21, 7, 134, 141
537012.5.peg.1421.site.22, 20, 130, 150
537012.5.peg.1421.site.23, 4, 134, 138
537012.5.peg.1421.site.24, 1, 134, 135
537012.5.peg.1421.site.25, 7, 134, 141
537012.5.peg.1421.site.26, 6, 134, 140
537012.5.peg.1421.site.27, 6, 131, 137
537012.5.peg.1421.site.28, 21, 131, 152
537012.5.peg.1421.site.29, 1, 134, 135
537012.5.peg.1421.site.30, 6, 133, 139
537012.5.peg.1421.site.31, 6, 134, 140
537012.5.peg.1421.site.32, 38, 130, 168
537012.5.peg.1421.site.33, 1, 134, 135
537012.5.peg.1421.site.34, 6, 134, 140
537012.5.peg.1421.site.35, 4, 134, 138
537012.5.peg.1421.site.36, 7, 134, 141
537012.5.peg.1421.site.37, 18, 133, 151
537012.5.peg.1421.site.38, 1, 134, 135
537012.5.peg.1421.site.39, 6, 134, 140
537012.5.peg.1421.site.40, 2, 132, 134
537012.5.peg.1421.site.41, 6, 134, 140
537012.5.peg.1421.site.42, 6, 134, 140
537012.5.peg.1421.site.43, 1, 128, 129
537012.5.peg.1421.site.44, 5, 128, 133
537012.5.peg.1421.site.45, 67, 125, 192
537012.5.peg.1420.site.1, 5, 130, 135
537012.5.peg.1420.site.2, 0, 128, 128
537012.5.peg.1420.site.3, 120, 130, 250
537012.5.peg.1420.site.4, 1, 134, 135
537012.5.peg.1420.site.5, 23, 134, 157
537012.5.peg.1420.site.6, 3, 134, 137
537012.5.peg.1420.site.7, 1, 134, 135
537012.5.peg.1420.site.8, 54, 134, 188
537012.5.peg.1420.site.9, 11, 131, 142
537012.5.peg.1420.site.10, 0, 131, 131
537012.5.peg.1420.site.11, 2, 131, 133
537012.5.peg.1420.site.12, 1, 130, 131
537012.5.peg.1420.site.13, 83, 127, 210
537012.5.peg.1420.site.14, 2, 128, 130
537012.5.peg.1420.site.15, 6, 129, 135
537012.5.peg.1420.site.16, 13, 127, 140
537012.5.peg.1420.site.17, 1, 128, 129
537012.5.peg.1420.site.18, 1, 129, 130
537012.5.peg.1420.site.19, 1, 133, 134
537012.5.peg.1420.site.20, 7, 134, 141
537012.5.peg.1420.site.21, 2, 132, 134
537012.5.peg.1420.site.22, 1, 131, 132
537012.5.peg.1420.site.23, 5, 132, 137
537012.5.peg.1420.site.24, 1, 131, 132
537012.5.peg.1420.site.25, 5, 129, 134
537012.5.peg.1420.site.26, 3, 132, 135
537012.5.peg.1420.site.27, 26, 133, 159
537012.5.peg.1420.site.28, 9, 134, 143
537012.5.peg.4180.site.1, 2, 76, 78
537012.5.peg.4180.site.2, 2, 73, 75
537012.5.peg.4180.site.3, 19, 76, 95
537012.5.peg.4180.site.4, 3, 74, 77
537012.5.peg.4180.site.5, 1, 76, 77
537012.5.peg.4180.site.6, 3, 76, 79
537012.5.peg.4180.site.7, 1, 72, 73
537012.5.peg.4180.site.8, 59, 68, 127
537012.5.peg.4180.site.9, 57, 66, 123
537012.5.peg.4180.site.10, 27, 62, 89
537012.5.peg.4180.site.11, 6, 63, 69
537012.5.peg.4180.site.12, 54, 65, 119
537012.5.peg.4180.site.13, 50, 64, 114
537012.5.peg.4180.site.14, 5, 64, 69
537012.5.peg.4180.site.15, 63, 65, 128
537012.5.peg.4180.site.16, 7, 68, 75
537012.5.peg.4180.site.17, 2, 69, 71
537012.5.peg.4180.site.18, 1, 69, 70
537012.5.peg.4180.site.19, 3, 75, 78
537012.5.peg.4180.site.20, 9, 76, 85
537012.5.peg.4180.site.21, 2, 77, 79
537012.5.peg.4180.site.22, 8, 77, 85
537012.5.peg.4180.site.23, 3, 77, 80
537012.5.peg.4180.site.24, 1, 75, 76
537012.5.peg.4180.site.25, 6, 74, 80
537012.5.peg.4180.site.26, 2, 72, 74
537012.5.peg.4180.site.27, 2, 73, 75
537012.5.peg.4180.site.28, 8, 74, 82
537012.5.peg.4180.site.29, 2, 72, 74
537012.5.peg.4180.site.30, 35, 74, 109
537012.5.peg.4180.site.31, 6, 76, 82
537012.5.peg.4180.site.32, 10, 75, 85
537012.5.peg.4180.site.33, 5, 74, 79
537012.5.peg.4180.site.34, 7, 74, 81
537012.5.peg.4180.site.35, 4, 73, 77
537012.5.peg.4180.site.36, 7, 71, 78
537012.5.peg.4180.site.37, 1, 72, 73
537012.5.peg.4180.site.38, 2, 72, 74
537012.5.peg.4180.site.39, 1, 73, 74
537012.5.peg.4180.site.40, 21, 73, 94
537012.5.peg.4180.site.41, 2, 74, 76
537012.5.peg.4180.site.42, 12, 74, 86
537012.5.peg.4180.site.43, 8, 72, 80
537012.5.peg.4180.site.44, 1, 75, 76
537012.5.peg.4180.site.45, 2, 76, 78
537012.5.peg.4180.site.46, 2, 76, 78
537012.5.peg.4180.site.47, 1, 76, 77
537012.5.peg.4180.site.48, 19, 76, 95
537012.5.peg.4180.site.49, 0, 78, 78
537012.5.peg.4180.site.50, 8, 78, 86
537012.5.peg.4180.site.51, 3, 88, 91
537012.5.peg.4180.site.52, 3, 91, 94
537012.5.peg.4180.site.53, 7, 90, 97
537012.5.peg.4180.site.54, 2, 90, 92
537012.5.peg.4180.site.55, 1, 90, 91
537012.5.peg.4180.site.56, 1, 89, 90
537012.5.peg.4180.site.57, 5, 89, 94
537012.5.peg.4180.site.58, 0, 87, 87
537012.5.peg.4180.site.59, 26, 82, 108
537012.5.peg.4180.site.60, 3, 81, 84
537012.5.peg.4180.site.61, 25, 71, 96
537012.5.peg.4180.site.62, 6, 66, 72
537012.5.peg.4180.site.63, 17, 65, 82
537012.5.peg.4180.site.64, 4, 74, 78
537012.5.peg.4180.site.65, 29, 75, 104
537012.5.peg.4180.site.66, 26, 79, 105
537012.5.peg.4180.site.67, 11, 90, 101
537012.5.peg.4180.site.68, 2, 89, 91
537012.5.peg.4180.site.69, 2, 88, 90
537012.5.peg.4180.site.70, 0, 92, 92
537012.5.peg.4180.site.71, 1, 92, 93
537012.5.peg.4180.site.72, 3, 92, 95
537012.5.peg.4187.site.1, 2, 17, 19
537012.5.peg.4187.site.2, 3, 30, 33
537012.5.peg.4187.site.3, 5, 55, 60
537012.5.peg.4187.site.4, 19, 114, 133
537012.5.peg.4187.site.5, 35, 133, 168
537012.5.peg.4187.site.6, 17, 134, 151
537012.5.peg.4187.site.7, 5, 133, 138
537012.5.peg.4187.site.8, 35, 131, 166
537012.5.peg.4187.site.9, 8, 131, 139
537012.5.peg.4187.site.10, 19, 133, 152
537012.5.peg.4187.site.11, 5, 132, 137
537012.5.peg.4187.site.12, 13, 133, 146
537012.5.peg.4187.site.13, 13, 134, 147
537012.5.peg.4187.site.14, 9, 133, 142
537012.5.peg.4187.site.15, 13, 134, 147
537012.5.peg.4187.site.16, 1, 134, 135
537012.5.peg.4187.site.17, 22, 133, 155
537012.5.peg.4187.site.18, 36, 132, 168
537012.5.peg.4187.site.19, 3, 134, 137
537012.5.peg.4187.site.20, 2, 134, 136
537012.5.peg.4187.site.21, 12, 133, 145
537012.5.peg.4187.site.22, 19, 131, 150
537012.5.peg.4187.site.23, 14, 129, 143
537012.5.peg.4187.site.24, 13, 130, 143
537012.5.peg.4187.site.25, 30, 130, 160
537012.5.peg.4187.site.26, 3, 131, 134
537012.5.peg.4187.site.27, 8, 133, 141
537012.5.peg.4189.site.1, 1, 131, 132
537012.5.peg.4189.site.2, 1, 134, 135
537012.5.peg.4189.site.3, 0, 133, 133
537012.5.peg.4189.site.4, 1, 134, 135
537012.5.peg.4189.site.5, 4, 133, 137
537012.5.peg.4189.site.6, 4, 133, 137
537012.5.peg.4189.site.7, 13, 133, 146
537012.5.peg.4189.site.8, 1, 133, 134
537012.5.peg.4189.site.9, 1, 131, 132
537012.5.peg.4189.site.10, 1, 132, 133
537012.5.peg.4189.site.11, 1, 130, 131
537012.5.peg.4189.site.12, 10, 132, 142
537012.5.peg.4189.site.13, 29, 129, 158
537012.5.peg.4189.site.14, 11, 126, 137
537012.5.peg.4189.site.15, 6, 125, 131
537012.5.peg.4189.site.16, 19, 125, 144
537012.5.peg.4189.site.17, 3, 121, 124
537012.5.peg.4189.site.18, 5, 113, 118
537012.5.peg.4189.site.19, 1, 110, 111
537012.5.peg.4189.site.20, 18, 93, 111
537012.5.peg.4189.site.21, 58, 86, 144
537012.5.peg.4189.site.22, 2, 82, 84
537012.5.peg.4189.site.23, 19, 77, 96
537012.5.peg.4189.site.24, 1, 76, 77
537012.5.peg.4189.site.25, 100, 101, 201
537012.5.peg.4189.site.26, 0, 109, 109
537012.5.peg.4189.site.27, 2, 114, 116
537012.5.peg.4189.site.28, 11, 120, 131
537012.5.peg.4189.site.29, 7, 120, 127
537012.5.peg.4189.site.30, 2, 114, 116
537012.5.peg.4189.site.31, 31, 127, 158
537012.5.peg.4189.site.32, 2, 126, 128
537012.5.peg.4189.site.33, 2, 130, 132
537012.5.peg.4189.site.34, 2, 130, 132
537012.5.peg.4189.site.35, 5, 131, 136
537012.5.peg.4189.site.36, 0, 128, 128
537012.5.peg.4189.site.37, 2, 113, 115
537012.5.peg.4189.site.38, 32, 109, 141
537012.5.peg.4189.site.39, 6, 113, 119
537012.5.peg.4189.site.40, 3, 133, 136
537012.5.peg.4189.site.41, 13, 133, 146
537012.5.peg.4189.site.42, 6, 132, 138
537012.5.peg.4189.site.43, 30, 130, 160
537012.5.peg.4189.site.44, 3, 122, 125
537012.5.peg.4189.site.45, 1, 119, 120
537012.5.peg.4189.site.46, 10, 115, 125
537012.5.peg.4189.site.47, 12, 112, 124
537012.5.peg.4189.site.48, 36, 108, 144
537012.5.peg.4189.site.49, 105, 106, 211
537012.5.peg.4189.site.50, 1, 102, 103
537012.5.peg.4189.site.51, 7, 115, 122
537012.5.peg.4189.site.52, 17, 115, 132
537012.5.peg.4189.site.53, 4, 117, 121
537012.5.peg.4189.site.54, 1, 121, 122
537012.5.peg.4189.site.55, 79, 131, 210
537012.5.peg.4189.site.56, 29, 131, 160
537012.5.peg.4189.site.57, 57, 130, 187
537012.5.peg.4189.site.58, 9, 133, 142
537012.5.peg.4189.site.59, 1, 133, 134
537012.5.peg.4189.site.60, 12, 134, 146
537012.5.peg.4189.site.61, 11, 133, 144
537012.5.peg.4189.site.62, 1, 129, 130
537012.5.peg.4189.site.63, 101, 131, 232
537012.5.peg.4189.site.64, 12, 130, 142
537012.5.peg.4189.site.65, 85, 130, 215
537012.5.peg.4189.site.66, 23, 129, 152
537012.5.peg.4189.site.67, 0, 129, 129
537012.5.peg.4189.site.68, 13, 131, 144
537012.5.peg.4189.site.69, 1, 131, 132
537012.5.peg.4189.site.70, 19, 130, 149
537012.5.peg.4189.site.71, 1, 131, 132
537012.5.peg.4189.site.72, 4, 130, 134
537012.5.peg.4189.site.73, 3, 129, 132
537012.5.peg.4189.site.74, 1, 130, 131
537012.5.peg.4189.site.75, 2, 130, 132
537012.5.peg.4189.site.76, 3, 131, 134
537012.5.peg.4189.site.77, 2, 130, 132
537012.5.peg.4189.site.78, 0, 134, 134
537012.5.peg.3616.site.1, 17, 97, 114
537012.5.peg.3616.site.2, 6, 96, 102
537012.5.peg.3616.site.3, 6, 95, 101
537012.5.peg.3616.site.4, 2, 92, 94
537012.5.peg.3616.site.5, 16, 82, 98
537012.5.peg.3616.site.6, 3, 83, 86
537012.5.peg.3616.site.7, 3, 83, 86
537012.5.peg.3616.site.8, 3, 83, 86
537012.5.peg.3616.site.9, 1, 89, 90
537012.5.peg.3616.site.10, 1, 102, 103
537012.5.peg.3616.site.11, 4, 101, 105
537012.5.peg.3616.site.12, 23, 100, 123
537012.5.peg.3616.site.13, 18, 96, 114
537012.5.peg.3616.site.14, 3, 96, 99
537012.5.peg.3616.site.15, 2, 96, 98
537012.5.peg.3616.site.16, 6, 80, 86
537012.5.peg.3616.site.17, 43, 79, 122
537012.5.peg.3616.site.18, 4, 84, 88
537012.5.peg.3616.site.19, 26, 84, 110
537012.5.peg.3616.site.20, 2, 84, 86
537012.5.peg.3616.site.21, 5, 105, 110
537012.5.peg.3616.site.22, 2, 126, 128
537012.5.peg.3616.site.23, 96, 126, 222
537012.5.peg.3616.site.24, 1, 127, 128
537012.5.peg.3616.site.25, 26, 121, 147
537012.5.peg.3616.site.26, 3, 113, 116
537012.5.peg.3616.site.27, 21, 110, 131
537012.5.peg.3616.site.28, 20, 105, 125
537012.5.peg.3616.site.29, 8, 105, 113
537012.5.peg.3616.site.30, 0, 93, 93
537012.5.peg.3616.site.31, 0, 93, 93
537012.5.peg.3616.site.32, 6, 89, 95
537012.5.peg.3616.site.33, 68, 83, 151
537012.5.peg.3616.site.34, 54, 79, 133
537012.5.peg.3616.site.35, 14, 81, 95
537012.5.peg.3616.site.36, 4, 84, 88
537012.5.peg.3616.site.37, 2, 86, 88
537012.5.peg.3616.site.38, 3, 79, 82
537012.5.peg.3616.site.39, 61, 75, 136
537012.5.peg.3616.site.40, 1, 73, 74
537012.5.peg.3616.site.41, 9, 66, 75
537012.5.peg.3616.site.42, 3, 62, 65
537012.5.peg.4508.site.1, 15, 100, 115
537012.5.peg.4508.site.2, 5, 111, 116
537012.5.peg.4508.site.3, 3, 107, 110
537012.5.peg.4508.site.4, 2, 106, 108
537012.5.peg.4508.site.5, 0, 107, 107
537012.5.peg.4508.site.6, 5, 105, 110
537012.5.peg.4508.site.7, 3, 103, 106
537012.5.peg.4508.site.8, 5, 99, 104
537012.5.peg.4508.site.9, 4, 97, 101
537012.5.peg.4508.site.10, 1, 95, 96
537012.5.peg.4508.site.11, 3, 95, 98
537012.5.peg.4508.site.12, 14, 86, 100
537012.5.peg.4508.site.13, 50, 87, 137
537012.5.peg.4508.site.14, 5, 108, 113
537012.5.peg.4508.site.15, 10, 116, 126
537012.5.peg.4508.site.16, 3, 89, 92
537012.5.peg.4508.site.17, 4, 94, 98
537012.5.peg.4508.site.18, 1, 97, 98
537012.5.peg.4508.site.19, 10, 97, 107
537012.5.peg.4508.site.20, 6, 94, 100
537012.5.peg.4508.site.21, 14, 90, 104
537012.5.peg.4508.site.22, 5, 95, 100
537012.5.peg.4508.site.23, 9, 97, 106
537012.5.peg.4508.site.24, 1, 102, 103
537012.5.peg.4508.site.25, 32, 129, 161
537012.5.peg.4508.site.26, 4, 130, 134
537012.5.peg.4508.site.27, 5, 129, 134
537012.5.peg.4508.site.28, 64, 126, 190
537012.5.peg.4508.site.29, 3, 126, 129
537012.5.peg.4508.site.30, 14, 126, 140
537012.5.peg.4508.site.31, 9, 126, 135
537012.5.peg.4508.site.32, 14, 124, 138
537012.5.peg.4508.site.33, 2, 121, 123
537012.5.peg.4508.site.34, 21, 124, 145
537012.5.peg.4508.site.35, 39, 123, 162
537012.5.peg.4508.site.36, 30, 123, 153
537012.5.peg.4508.site.37, 33, 122, 155
537012.5.peg.4508.site.38, 7, 119, 126
537012.5.peg.4508.site.39, 116, 118, 234
537012.5.peg.4508.site.40, 1, 119, 120
537012.5.peg.4508.site.41, 6, 117, 123
537012.5.peg.4508.site.42, 0, 117, 117
537012.5.peg.4508.site.43, 1, 119, 120
537012.5.peg.4508.site.44, 13, 106, 119
537012.5.peg.4508.site.45, 3, 102, 105
537012.5.peg.4508.site.46, 13, 83, 96
537012.5.peg.4508.site.47, 4, 77, 81
537012.5.peg.4508.site.48, 78, 81, 159
537012.5.peg.4508.site.49, 3, 77, 80
537012.5.peg.4508.site.50, 1, 83, 84
537012.5.peg.4508.site.51, 5, 82, 87
537012.5.peg.4508.site.52, 7, 87, 94
537012.5.peg.4508.site.53, 12, 86, 98
537012.5.peg.4508.site.54, 13, 92, 105
537012.5.peg.4505.site.1, 4, 131, 135
537012.5.peg.4505.site.2, 0, 132, 132
537012.5.peg.4505.site.3, 2, 133, 135
537012.5.peg.4505.site.4, 6, 133, 139
537012.5.peg.4505.site.5, 4, 131, 135
537012.5.peg.4505.site.6, 2, 134, 136
537012.5.peg.4505.site.7, 1, 132, 133
537012.5.peg.4505.site.8, 4, 133, 137
537012.5.peg.4505.site.9, 0, 133, 133
537012.5.peg.4505.site.10, 5, 133, 138
537012.5.peg.4505.site.11, 7, 134, 141
537012.5.peg.4505.site.12, 0, 132, 132
537012.5.peg.4505.site.13, 4, 131, 135
537012.5.peg.4505.site.14, 0, 131, 131
537012.5.peg.4505.site.15, 3, 130, 133
537012.5.peg.4505.site.16, 7, 131, 138
537012.5.peg.4505.site.17, 1, 131, 132
537012.5.peg.4505.site.18, 2, 131, 133
537012.5.peg.4505.site.19, 1, 127, 128
537012.5.peg.4505.site.20, 1, 126, 127
537012.5.peg.4505.site.21, 116, 123, 239
537012.5.peg.4505.site.22, 2, 122, 124
537012.5.peg.4505.site.23, 4, 126, 130
537012.5.peg.4505.site.24, 0, 124, 124
537012.5.peg.4505.site.25, 23, 123, 146
537012.5.peg.4505.site.26, 4, 124, 128
537012.5.peg.4505.site.27, 1, 125, 126
537012.5.peg.4505.site.28, 0, 122, 122
537012.5.peg.4505.site.29, 0, 125, 125
537012.5.peg.4505.site.30, 70, 124, 194
537012.5.peg.4505.site.31, 2, 124, 126
537012.5.peg.4505.site.32, 3, 129, 132
537012.5.peg.4505.site.33, 5, 129, 134
537012.5.peg.4505.site.34, 19, 128, 147
537012.5.peg.4505.site.35, 4, 126, 130
537012.5.peg.4505.site.36, 6, 122, 128
537012.5.peg.4505.site.37, 6, 123, 129
537012.5.peg.4505.site.38, 1, 116, 117
537012.5.peg.4505.site.39, 8, 127, 135
537012.5.peg.4505.site.40, 10, 125, 135
537012.5.peg.4505.site.41, 6, 127, 133
537012.5.peg.4505.site.42, 2, 127, 129
537012.5.peg.4505.site.43, 2, 127, 129
537012.5.peg.4505.site.44, 6, 127, 133
537012.5.peg.4505.site.45, 2, 129, 131
537012.5.peg.4505.site.46, 0, 130, 130
537012.5.peg.4505.site.47, 6, 107, 113
537012.5.peg.4504.site.1, 1, 83, 84
537012.5.peg.4504.site.2, 10, 83, 93
537012.5.peg.4504.site.3, 3, 86, 89
537012.5.peg.4504.site.4, 5, 85, 90
537012.5.peg.4504.site.5, 1, 84, 85
537012.5.peg.4504.site.6, 57, 83, 140
537012.5.peg.4504.site.7, 0, 89, 89
537012.5.peg.4504.site.8, 4, 94, 98
537012.5.peg.4504.site.9, 25, 96, 121
537012.5.peg.4504.site.10, 12, 96, 108
537012.5.peg.4504.site.11, 2, 96, 98
537012.5.peg.4504.site.12, 2, 95, 97
537012.5.peg.4504.site.13, 6, 92, 98
537012.5.peg.4504.site.14, 0, 90, 90
537012.5.peg.4504.site.15, 1, 91, 92
537012.5.peg.4504.site.16, 1, 92, 93
537012.5.peg.4504.site.17, 1, 92, 93
537012.5.peg.4504.site.18, 1, 93, 94
537012.5.peg.4504.site.19, 3, 97, 100
537012.5.peg.4504.site.20, 1, 111, 112
537012.5.peg.4504.site.21, 1, 113, 114
537012.5.peg.4504.site.22, 14, 112, 126
537012.5.peg.4504.site.23, 1, 115, 116
537012.5.peg.4504.site.24, 6, 131, 137
537012.5.peg.4504.site.25, 1, 133, 134
537012.5.peg.4504.site.26, 5, 133, 138
537012.5.peg.4504.site.27, 101, 129, 230
537012.5.peg.4504.site.28, 2, 133, 135
537012.5.peg.4504.site.29, 2, 130, 132
537012.5.peg.4504.site.30, 1, 127, 128
537012.5.peg.4504.site.31, 14, 127, 141
537012.5.peg.4504.site.32, 1, 129, 130
537012.5.peg.4504.site.33, 12, 130, 142
537012.5.peg.4504.site.34, 6, 131, 137
537012.5.peg.4504.site.35, 1, 129, 130
537012.5.peg.4504.site.36, 9, 130, 139
537012.5.peg.4504.site.37, 1, 126, 127
537012.5.peg.4504.site.38, 8, 129, 137
537012.5.peg.4504.site.39, 2, 129, 131
537012.5.peg.4504.site.40, 0, 132, 132
537012.5.peg.4507.site.1, 2, 98, 100
537012.5.peg.4507.site.2, 4, 87, 91
537012.5.peg.4507.site.3, 6, 89, 95
537012.5.peg.4507.site.4, 16, 91, 107
537012.5.peg.4507.site.5, 44, 90, 134
537012.5.peg.4507.site.6, 35, 92, 127
537012.5.peg.4507.site.7, 40, 90, 130
537012.5.peg.4507.site.8, 2, 93, 95
537012.5.peg.4507.site.9, 1, 96, 97
537012.5.peg.4507.site.10, 2, 96, 98
537012.5.peg.4507.site.11, 10, 97, 107
537012.5.peg.4507.site.12, 3, 93, 96
537012.5.peg.4507.site.13, 35, 95, 130
537012.5.peg.4507.site.14, 8, 102, 110
537012.5.peg.4507.site.15, 31, 99, 130
537012.5.peg.4506.site.1, 6, 124, 130
537012.5.peg.4506.site.2, 1, 122, 123
537012.5.peg.4506.site.3, 5, 120, 125
537012.5.peg.4506.site.4, 2, 122, 124
537012.5.peg.4506.site.5, 1, 120, 121
537012.5.peg.4506.site.6, 4, 125, 129
537012.5.peg.4506.site.7, 23, 123, 146
537012.5.peg.4506.site.8, 5, 125, 130
537012.5.peg.4506.site.9, 1, 124, 125
537012.5.peg.4506.site.10, 2, 126, 128
537012.5.peg.4506.site.11, 3, 127, 130
537012.5.peg.4506.site.12, 3, 128, 131
537012.5.peg.4506.site.13, 0, 127, 127
537012.5.peg.4506.site.14, 4, 120, 124
537012.5.peg.4506.site.15, 5, 118, 123
537012.5.peg.4506.site.16, 1, 122, 123
537012.5.peg.4506.site.17, 4, 122, 126
537012.5.peg.4506.site.18, 0, 118, 118
537012.5.peg.4506.site.19, 3, 121, 124
537012.5.peg.4506.site.20, 25, 120, 145
537012.5.peg.4506.site.21, 1, 126, 127
537012.5.peg.4506.site.22, 1, 124, 125
537012.5.peg.4506.site.23, 99, 123, 222
537012.5.peg.4506.site.24, 0, 121, 121
537012.5.peg.4506.site.25, 1, 123, 124
537012.5.peg.4506.site.26, 2, 123, 125
537012.5.peg.4506.site.27, 2, 124, 126
537012.5.peg.4506.site.28, 2, 124, 126
537012.5.peg.4506.site.29, 1, 126, 127
537012.5.peg.4506.site.30, 103, 127, 230
537012.5.peg.4501.site.1, 11, 120, 131
537012.5.peg.4501.site.2, 4, 120, 124
537012.5.peg.4501.site.3, 1, 119, 120
537012.5.peg.4501.site.4, 2, 120, 122
537012.5.peg.4501.site.5, 7, 125, 132
537012.5.peg.4501.site.6, 17, 126, 143
537012.5.peg.4501.site.7, 4, 130, 134
537012.5.peg.4501.site.8, 0, 132, 132
537012.5.peg.4501.site.9, 15, 134, 149
537012.5.peg.4503.site.1, 14, 134, 148
537012.5.peg.4503.site.2, 2, 134, 136
537012.5.peg.4503.site.3, 6, 134, 140
537012.5.peg.4503.site.4, 1, 134, 135
537012.5.peg.4503.site.5, 5, 133, 138
537012.5.peg.4503.site.6, 1, 134, 135
537012.5.peg.4503.site.7, 1, 134, 135
537012.5.peg.4503.site.8, 6, 134, 140
537012.5.peg.4503.site.9, 3, 134, 137
537012.5.peg.4503.site.10, 1, 134, 135
537012.5.peg.4503.site.11, 0, 133, 133
537012.5.peg.4503.site.12, 12, 133, 145
537012.5.peg.4503.site.13, 1, 134, 135
537012.5.peg.4503.site.14, 0, 133, 133
537012.5.peg.4503.site.15, 0, 133, 133
537012.5.peg.4503.site.16, 1, 134, 135
537012.5.peg.4503.site.17, 4, 134, 138
537012.5.peg.4503.site.18, 0, 133, 133
537012.5.peg.4503.site.19, 3, 133, 136
537012.5.peg.4503.site.20, 4, 131, 135
537012.5.peg.4503.site.21, 1, 132, 133
537012.5.peg.4503.site.22, 3, 134, 137
537012.5.peg.4503.site.23, 1, 133, 134
537012.5.peg.4503.site.24, 0, 133, 133
537012.5.peg.4503.site.25, 75, 133, 208
537012.5.peg.4503.site.26, 0, 132, 132
537012.5.peg.4503.site.27, 3, 134, 137
537012.5.peg.4503.site.28, 4, 132, 136
537012.5.peg.4503.site.29, 7, 133, 140
537012.5.peg.4503.site.30, 1, 132, 133
537012.5.peg.4502.site.1, 7, 133, 140
537012.5.peg.4502.site.2, 0, 133, 133
537012.5.peg.4502.site.3, 23, 132, 155
537012.5.peg.4502.site.4, 5, 129, 134
537012.5.peg.4502.site.5, 5, 132, 137
537012.5.peg.4502.site.6, 54, 131, 185
537012.5.peg.4502.site.7, 6, 134, 140
537012.5.peg.4502.site.8, 6, 130, 136
537012.5.peg.4502.site.9, 46, 128, 174
537012.5.peg.4502.site.10, 26, 128, 154
537012.5.peg.4502.site.11, 9, 128, 137
537012.5.peg.3344.site.1, 7, 72, 79
537012.5.peg.3344.site.2, 2, 75, 77
537012.5.peg.3344.site.3, 4, 76, 80
537012.5.peg.3344.site.4, 7, 79, 86
537012.5.peg.3344.site.5, 4, 83, 87
537012.5.peg.3344.site.6, 14, 81, 95
537012.5.peg.3344.site.7, 3, 77, 80
537012.5.peg.3344.site.8, 4, 73, 77
537012.5.peg.3344.site.9, 14, 74, 88
537012.5.peg.3344.site.10, 3, 77, 80
537012.5.peg.3344.site.11, 2, 74, 76
537012.5.peg.3344.site.12, 14, 72, 86
537012.5.peg.3344.site.13, 16, 74, 90
537012.5.peg.3344.site.14, 10, 74, 84
537012.5.peg.3344.site.15, 3, 74, 77
537012.5.peg.3344.site.16, 7, 69, 76
537012.5.peg.3344.site.17, 60, 70, 130
537012.5.peg.3344.site.18, 0, 69, 69
537012.5.peg.3344.site.19, 1, 71, 72
537012.5.peg.3344.site.20, 67, 72, 139
537012.5.peg.3344.site.21, 7, 70, 77
537012.5.peg.3344.site.22, 2, 73, 75
537012.5.peg.3344.site.23, 2, 72, 74
537012.5.peg.3344.site.24, 21, 73, 94
537012.5.peg.3344.site.25, 1, 74, 75
537012.5.peg.3344.site.26, 2, 73, 75
537012.5.peg.3344.site.27, 1, 73, 74
537012.5.peg.3344.site.28, 1, 74, 75
537012.5.peg.3344.site.29, 1, 74, 75
537012.5.peg.3344.site.30, 20, 76, 96
537012.5.peg.3344.site.31, 8, 77, 85
537012.5.peg.1849.site.1, 13, 123, 136
537012.5.peg.1849.site.2, 7, 120, 127
537012.5.peg.1849.site.3, 102, 116, 218
537012.5.peg.1849.site.4, 104, 118, 222
537012.5.peg.1849.site.5, 60, 119, 179
537012.5.peg.1849.site.6, 3, 122, 125
537012.5.peg.1849.site.7, 2, 121, 123
537012.5.peg.1849.site.8, 1, 121, 122
537012.5.peg.1849.site.9, 4, 123, 127
537012.5.peg.1849.site.10, 26, 120, 146
537012.5.peg.1849.site.11, 11, 121, 132
537012.5.peg.1849.site.12, 1, 122, 123
537012.5.peg.1849.site.13, 1, 133, 134
537012.5.peg.1849.site.14, 1, 133, 134
537012.5.peg.1849.site.15, 90, 132, 222
537012.5.peg.1849.site.16, 27, 133, 160
537012.5.peg.1849.site.17, 2, 132, 134
537012.5.peg.1849.site.18, 1, 131, 132
537012.5.peg.1849.site.19, 12, 109, 121
537012.5.peg.1849.site.20, 2, 106, 108
537012.5.peg.1849.site.21, 2, 108, 110
537012.5.peg.1849.site.22, 3, 114, 117
537012.5.peg.1849.site.23, 21, 111, 132
537012.5.peg.1849.site.24, 11, 114, 125
537012.5.peg.1849.site.25, 1, 118, 119
537012.5.peg.1849.site.26, 12, 116, 128
537012.5.peg.1849.site.27, 1, 117, 118
537012.5.peg.1849.site.28, 3, 116, 119
537012.5.peg.1849.site.29, 3, 114, 117
537012.5.peg.1849.site.30, 1, 113, 114
537012.5.peg.1849.site.31, 1, 112, 113
537012.5.peg.1849.site.32, 0, 110, 110
537012.5.peg.1849.site.33, 85, 97, 182
537012.5.peg.1849.site.34, 1, 106, 107
537012.5.peg.1849.site.35, 8, 109, 117
537012.5.peg.1849.site.36, 2, 109, 111
537012.5.peg.1849.site.37, 0, 113, 113
537012.5.peg.1849.site.38, 32, 119, 151
537012.5.peg.1849.site.39, 16, 121, 137
537012.5.peg.1847.site.1, 2, 106, 108
537012.5.peg.1847.site.2, 4, 108, 112
537012.5.peg.1847.site.3, 7, 105, 112
537012.5.peg.1847.site.4, 3, 107, 110
537012.5.peg.1847.site.5, 8, 107, 115
537012.5.peg.1847.site.6, 8, 108, 116
537012.5.peg.1847.site.7, 1, 111, 112
537012.5.peg.1847.site.8, 1, 119, 120
537012.5.peg.1847.site.9, 36, 110, 146
537012.5.peg.1847.site.10, 82, 100, 182
537012.5.peg.1847.site.11, 1, 98, 99
537012.5.peg.1847.site.12, 4, 90, 94
537012.5.peg.1847.site.13, 1, 79, 80
537012.5.peg.1847.site.14, 46, 66, 112
537012.5.peg.1847.site.15, 3, 77, 80
537012.5.peg.1847.site.16, 57, 79, 136
537012.5.peg.1847.site.17, 15, 85, 100
537012.5.peg.1847.site.18, 16, 104, 120
537012.5.peg.1847.site.19, 2, 105, 107
537012.5.peg.1847.site.20, 11, 107, 118
537012.5.peg.1847.site.21, 2, 107, 109
537012.5.peg.1847.site.22, 4, 108, 112
537012.5.peg.1847.site.23, 10, 109, 119
537012.5.peg.1847.site.24, 1, 109, 110
537012.5.peg.1847.site.25, 1, 110, 111
537012.5.peg.1847.site.26, 3, 112, 115
537012.5.peg.1847.site.27, 1, 113, 114
537012.5.peg.1847.site.28, 3, 115, 118
537012.5.peg.1847.site.29, 2, 115, 117
537012.5.peg.1847.site.30, 8, 111, 119
537012.5.peg.1847.site.31, 3, 114, 117
537012.5.peg.1847.site.32, 1, 114, 115
537012.5.peg.1847.site.33, 1, 117, 118
537012.5.peg.1847.site.34, 30, 117, 147
537012.5.peg.1847.site.35, 3, 113, 116
537012.5.peg.1847.site.36, 1, 117, 118
537012.5.peg.1847.site.37, 8, 119, 127
537012.5.peg.1847.site.38, 5, 120, 125
537012.5.peg.1847.site.39, 3, 118, 121
537012.5.peg.1847.site.40, 10, 117, 127
537012.5.peg.1847.site.41, 13, 119, 132
537012.5.peg.1847.site.42, 1, 115, 116
537012.5.peg.1847.site.43, 1, 114, 115
537012.5.peg.1847.site.44, 88, 112, 200
537012.5.peg.1847.site.45, 11, 115, 126
537012.5.peg.1847.site.46, 15, 114, 129
537012.5.peg.1847.site.47, 83, 110, 193
537012.5.peg.1847.site.48, 5, 111, 116
537012.5.peg.1847.site.49, 32, 119, 151
537012.5.peg.1847.site.50, 91, 123, 214
537012.5.peg.1847.site.51, 34, 122, 156
537012.5.peg.1847.site.52, 4, 121, 125
537012.5.peg.1847.site.53, 8, 124, 132
537012.5.peg.1847.site.54, 1, 123, 124
537012.5.peg.1847.site.55, 12, 122, 134
537012.5.peg.1847.site.56, 1, 121, 122
537012.5.peg.1847.site.57, 1, 121, 122
537012.5.peg.1847.site.58, 2, 122, 124
537012.5.peg.1847.site.59, 15, 123, 138
537012.5.peg.1847.site.60, 114, 119, 233
537012.5.peg.1847.site.61, 6, 119, 125
537012.5.peg.1847.site.62, 41, 122, 163
537012.5.peg.1847.site.63, 83, 118, 201
537012.5.peg.1847.site.64, 5, 121, 126
537012.5.peg.1847.site.65, 4, 123, 127
537012.5.peg.1847.site.66, 63, 120, 183
537012.5.peg.1847.site.67, 1, 123, 124
537012.5.peg.1847.site.68, 4, 123, 127
537012.5.peg.1847.site.69, 6, 123, 129
537012.5.peg.1847.site.70, 7, 123, 130
537012.5.peg.1847.site.71, 1, 122, 123
537012.5.peg.1847.site.72, 15, 120, 135
537012.5.peg.1847.site.73, 5, 121, 126
537012.5.peg.1847.site.74, 6, 114, 120
537012.5.peg.1847.site.75, 8, 107, 115
537012.5.peg.1847.site.76, 4, 102, 106
537012.5.peg.1847.site.77, 3, 110, 113
537012.5.peg.1847.site.78, 6, 114, 120
537012.5.peg.1847.site.79, 3, 120, 123
537012.5.peg.1846.site.1, 3, 134, 137
537012.5.peg.1846.site.2, 40, 133, 173
537012.5.peg.1846.site.3, 1, 134, 135
537012.5.peg.1846.site.4, 0, 133, 133
537012.5.peg.1846.site.5, 0, 133, 133
537012.5.peg.1846.site.6, 4, 133, 137
537012.5.peg.1846.site.7, 0, 133, 133
537012.5.peg.1846.site.8, 0, 133, 133
537012.5.peg.1846.site.9, 5, 133, 138
537012.5.peg.1846.site.10, 2, 134, 136
537012.5.peg.1846.site.11, 11, 133, 144
537012.5.peg.1846.site.12, 10, 134, 144
537012.5.peg.1846.site.13, 5, 132, 137
537012.5.peg.1846.site.14, 6, 134, 140
537012.5.peg.1846.site.15, 17, 133, 150
537012.5.peg.1846.site.16, 6, 134, 140
537012.5.peg.1846.site.17, 1, 134, 135
537012.5.peg.1846.site.18, 5, 133, 138
537012.5.peg.1846.site.19, 104, 132, 236
537012.5.peg.1846.site.20, 40, 132, 172
537012.5.peg.1846.site.21, 5, 133, 138
537012.5.peg.1846.site.22, 1, 134, 135
537012.5.peg.1846.site.23, 11, 133, 144
537012.5.peg.1846.site.24, 1, 134, 135
537012.5.peg.1846.site.25, 3, 133, 136
537012.5.peg.1846.site.26, 2, 133, 135
537012.5.peg.1846.site.27, 114, 132, 246
537012.5.peg.1846.site.28, 3, 134, 137
537012.5.peg.1846.site.29, 12, 134, 146
537012.5.peg.1846.site.30, 3, 124, 127
537012.5.peg.1846.site.31, 3, 120, 123
537012.5.peg.1846.site.32, 5, 78, 83
537012.5.peg.1845.site.1, 0, 132, 132
537012.5.peg.1845.site.2, 2, 131, 133
537012.5.peg.1845.site.3, 0, 132, 132
537012.5.peg.1845.site.4, 5, 132, 137
537012.5.peg.1845.site.5, 2, 134, 136
537012.5.peg.1845.site.6, 4, 133, 137
537012.5.peg.1845.site.7, 4, 131, 135
537012.5.peg.1845.site.8, 2, 134, 136
537012.5.peg.1845.site.9, 4, 132, 136
537012.5.peg.1845.site.10, 5, 134, 139
537012.5.peg.1845.site.11, 13, 132, 145
537012.5.peg.1845.site.12, 11, 132, 143
537012.5.peg.1845.site.13, 23, 133, 156
537012.5.peg.1845.site.14, 5, 132, 137
537012.5.peg.1845.site.15, 19, 134, 153
537012.5.peg.1845.site.16, 25, 131, 156
537012.5.peg.1845.site.17, 0, 133, 133
537012.5.peg.1845.site.18, 3, 134, 137
537012.5.peg.1845.site.19, 1, 134, 135
537012.5.peg.1845.site.20, 7, 134, 141
537012.5.peg.1845.site.21, 0, 134, 134
537012.5.peg.1845.site.22, 2, 134, 136
537012.5.peg.1845.site.23, 4, 133, 137
537012.5.peg.1845.site.24, 20, 132, 152
537012.5.peg.1845.site.25, 11, 132, 143
537012.5.peg.1845.site.26, 0, 133, 133
537012.5.peg.1845.site.27, 11, 133, 144
537012.5.peg.1844.site.1, 1, 130, 131
537012.5.peg.1844.site.2, 48, 128, 176
537012.5.peg.1844.site.3, 1, 130, 131
537012.5.peg.1844.site.4, 2, 129, 131
537012.5.peg.1844.site.5, 7, 130, 137
537012.5.peg.1843.site.1, 1, 133, 134
537012.5.peg.1843.site.2, 4, 130, 134
537012.5.peg.1843.site.3, 69, 133, 202
537012.5.peg.1843.site.4, 4, 130, 134
537012.5.peg.1843.site.5, 5, 133, 138
537012.5.peg.1843.site.6, 70, 134, 204
537012.5.peg.1843.site.7, 7, 131, 138
537012.5.peg.1843.site.8, 3, 134, 137
537012.5.peg.1843.site.9, 4, 132, 136
537012.5.peg.1843.site.10, 31, 134, 165
537012.5.peg.1843.site.11, 4, 134, 138
537012.5.peg.1843.site.12, 3, 134, 137
537012.5.peg.1843.site.13, 3, 134, 137
537012.5.peg.1843.site.14, 7, 134, 141
537012.5.peg.1843.site.15, 3, 132, 135
537012.5.peg.1843.site.16, 9, 132, 141
537012.5.peg.1843.site.17, 1, 133, 134
537012.5.peg.1843.site.18, 2, 134, 136
537012.5.peg.1843.site.19, 2, 132, 134
537012.5.peg.1843.site.20, 3, 133, 136
537012.5.peg.1843.site.21, 2, 133, 135
537012.5.peg.1843.site.22, 1, 133, 134
537012.5.peg.1843.site.23, 4, 132, 136
537012.5.peg.1843.site.24, 1, 132, 133
537012.5.peg.1843.site.25, 3, 134, 137
537012.5.peg.1843.site.26, 1, 134, 135
537012.5.peg.1843.site.27, 1, 134, 135
537012.5.peg.1843.site.28, 10, 133, 143
537012.5.peg.1843.site.29, 3, 134, 137
537012.5.peg.1843.site.30, 5, 133, 138
537012.5.peg.1843.site.31, 4, 133, 137
537012.5.peg.1843.site.32, 1, 134, 135
537012.5.peg.1843.site.33, 0, 134, 134
537012.5.peg.1843.site.34, 2, 132, 134
537012.5.peg.1843.site.35, 7, 134, 141
537012.5.peg.1843.site.36, 132, 133, 265
537012.5.peg.1843.site.37, 2, 133, 135
537012.5.peg.1843.site.38, 2, 131, 133
537012.5.peg.1843.site.39, 1, 133, 134
537012.5.peg.1843.site.40, 27, 131, 158
537012.5.peg.1843.site.41, 2, 131, 133
537012.5.peg.1843.site.42, 32, 130, 162
537012.5.peg.1843.site.43, 119, 130, 249
537012.5.peg.1843.site.44, 3, 130, 133
537012.5.peg.1843.site.45, 1, 131, 132
537012.5.peg.1843.site.46, 5, 131, 136
537012.5.peg.1843.site.47, 5, 130, 135
537012.5.peg.1843.site.48, 1, 130, 131
537012.5.peg.1843.site.49, 1, 130, 131
537012.5.peg.1842.site.1, 0, 116, 116
537012.5.peg.1842.site.2, 2, 126, 128
537012.5.peg.1842.site.3, 2, 130, 132
537012.5.peg.1842.site.4, 2, 132, 134
537012.5.peg.1842.site.5, 1, 132, 133
537012.5.peg.1842.site.6, 20, 132, 152
537012.5.peg.1842.site.7, 2, 134, 136
537012.5.peg.1842.site.8, 2, 134, 136
537012.5.peg.1842.site.9, 5, 133, 138
537012.5.peg.1842.site.10, 3, 134, 137
537012.5.peg.1842.site.11, 1, 133, 134
537012.5.peg.1842.site.12, 114, 134, 248
537012.5.peg.1841.site.1, 3, 129, 132
537012.5.peg.1841.site.2, 5, 133, 138
537012.5.peg.1841.site.3, 8, 133, 141
537012.5.peg.1841.site.4, 1, 133, 134
537012.5.peg.1841.site.5, 5, 133, 138
537012.5.peg.1841.site.6, 10, 133, 143
537012.5.peg.1841.site.7, 5, 132, 137
537012.5.peg.1841.site.8, 91, 131, 222
537012.5.peg.1841.site.9, 6, 132, 138
537012.5.peg.1841.site.10, 115, 130, 245
537012.5.peg.1840.site.1, 5, 127, 132
537012.5.peg.1840.site.2, 11, 127, 138
537012.5.peg.1840.site.3, 11, 126, 137
537012.5.peg.1840.site.4, 3, 126, 129
537012.5.peg.1840.site.5, 72, 125, 197
537012.5.peg.1840.site.6, 25, 126, 151
537012.5.peg.1840.site.7, 98, 126, 224
537012.5.peg.1840.site.8, 3, 126, 129
537012.5.peg.1840.site.9, 6, 126, 132
537012.5.peg.1840.site.10, 4, 126, 130
537012.5.peg.1840.site.11, 4, 126, 130
537012.5.peg.1840.site.12, 0, 126, 126
537012.5.peg.1840.site.13, 6, 125, 131
537012.5.peg.1840.site.14, 6, 126, 132
537012.5.peg.1840.site.15, 4, 126, 130
537012.5.peg.1840.site.16, 4, 127, 131
537012.5.peg.1840.site.17, 1, 127, 128
537012.5.peg.1840.site.18, 1, 126, 127
537012.5.peg.1840.site.19, 4, 127, 131
537012.5.peg.1840.site.20, 4, 127, 131
537012.5.peg.1840.site.21, 19, 126, 145
537012.5.peg.1840.site.22, 8, 126, 134
537012.5.peg.1840.site.23, 1, 125, 126
537012.5.peg.1840.site.24, 9, 124, 133
537012.5.peg.1840.site.25, 11, 126, 137
537012.5.peg.1840.site.26, 12, 126, 138
537012.5.peg.1840.site.27, 2, 126, 128
537012.5.peg.1840.site.28, 1, 125, 126
537012.5.peg.1840.site.29, 3, 126, 129
537012.5.peg.1840.site.30, 70, 125, 195
537012.5.peg.1840.site.31, 4, 127, 131
537012.5.peg.1840.site.32, 2, 127, 129
537012.5.peg.1840.site.33, 3, 126, 129
537012.5.peg.1840.site.34, 2, 126, 128
537012.5.peg.1840.site.35, 1, 126, 127
537012.5.peg.1840.site.36, 4, 125, 129
537012.5.peg.1840.site.37, 0, 126, 126
537012.5.peg.1840.site.38, 4, 126, 130
537012.5.peg.1840.site.39, 8, 127, 135
537012.5.peg.1840.site.40, 2, 126, 128
537012.5.peg.1840.site.41, 1, 126, 127
537012.5.peg.1840.site.42, 4, 126, 130
537012.5.peg.1840.site.43, 22, 126, 148
537012.5.peg.1840.site.44, 4, 127, 131
537012.5.peg.1840.site.45, 88, 126, 214
537012.5.peg.1840.site.46, 1, 126, 127
537012.5.peg.1840.site.47, 10, 126, 136
537012.5.peg.1840.site.48, 33, 125, 158
537012.5.peg.1840.site.49, 83, 124, 207
537012.5.peg.1840.site.50, 10, 125, 135
537012.5.peg.1840.site.51, 0, 125, 125
537012.5.peg.1840.site.52, 86, 125, 211
537012.5.peg.1840.site.53, 1, 125, 126
537012.5.peg.1840.site.54, 3, 125, 128
537012.5.peg.1840.site.55, 3, 125, 128
537012.5.peg.1840.site.56, 6, 125, 131
537012.5.peg.1840.site.57, 2, 125, 127
537012.5.peg.1840.site.58, 4, 126, 130
537012.5.peg.1840.site.59, 1, 126, 127
537012.5.peg.1840.site.60, 1, 127, 128
537012.5.peg.1840.site.61, 3, 126, 129
537012.5.peg.1840.site.62, 66, 125, 191
537012.5.peg.1840.site.63, 2, 124, 126
537012.5.peg.1840.site.64, 3, 126, 129
537012.5.peg.1358.site.1, 6, 129, 135
537012.5.peg.1358.site.2, 0, 130, 130
537012.5.peg.1358.site.3, 1, 132, 133
537012.5.peg.1358.site.4, 1, 126, 127
537012.5.peg.1358.site.5, 7, 120, 127
537012.5.peg.1358.site.6, 1, 118, 119
537012.5.peg.1358.site.7, 13, 109, 122
537012.5.peg.1358.site.8, 7, 104, 111
537012.5.peg.1358.site.9, 7, 99, 106
537012.5.peg.1358.site.10, 12, 97, 109
537012.5.peg.4657.site.1, 0, 133, 133
537012.5.peg.4657.site.2, 2, 134, 136
537012.5.peg.4657.site.3, 10, 132, 142
537012.5.peg.4657.site.4, 4, 132, 136
537012.5.peg.4657.site.5, 18, 132, 150
537012.5.peg.4657.site.6, 1, 134, 135
537012.5.peg.4657.site.7, 5, 133, 138
537012.5.peg.4657.site.8, 22, 134, 156
537012.5.peg.4657.site.9, 5, 132, 137
537012.5.peg.4657.site.10, 1, 134, 135
537012.5.peg.4657.site.11, 8, 134, 142
537012.5.peg.4657.site.12, 4, 132, 136
537012.5.peg.4657.site.13, 1, 134, 135
537012.5.peg.4657.site.14, 4, 132, 136
537012.5.peg.4657.site.15, 1, 132, 133
537012.5.peg.4657.site.16, 12, 132, 144
537012.5.peg.4657.site.17, 8, 129, 137
537012.5.peg.4657.site.18, 2, 129, 131
537012.5.peg.4657.site.19, 4, 125, 129
537012.5.peg.4657.site.20, 2, 123, 125
537012.5.peg.4657.site.21, 81, 126, 207
537012.5.peg.4657.site.22, 11, 129, 140
537012.5.peg.4657.site.23, 4, 130, 134
537012.5.peg.4657.site.24, 5, 130, 135
537012.5.peg.4657.site.25, 122, 130, 252
537012.5.peg.4657.site.26, 59, 127, 186
537012.5.peg.4657.site.27, 5, 127, 132
537012.5.peg.4657.site.28, 8, 127, 135
537012.5.peg.4657.site.29, 1, 126, 127
537012.5.peg.4657.site.30, 26, 127, 153
537012.5.peg.4657.site.31, 120, 129, 249
537012.5.peg.4657.site.32, 1, 131, 132
537012.5.peg.4657.site.33, 9, 131, 140
537012.5.peg.4657.site.34, 0, 134, 134
537012.5.peg.4657.site.35, 42, 133, 175
537012.5.peg.4657.site.36, 64, 133, 197
537012.5.peg.4657.site.37, 13, 133, 146
537012.5.peg.4657.site.38, 0, 134, 134
537012.5.peg.4657.site.39, 2, 134, 136
537012.5.peg.4657.site.40, 29, 133, 162
537012.5.peg.4657.site.41, 5, 133, 138
537012.5.peg.4657.site.42, 1, 134, 135
537012.5.peg.4657.site.43, 1, 134, 135
537012.5.peg.4657.site.44, 3, 134, 137
537012.5.peg.4657.site.45, 13, 133, 146
537012.5.peg.4989.site.1, 0, 133, 133
537012.5.peg.4989.site.2, 2, 133, 135
537012.5.peg.4989.site.3, 40, 134, 174
537012.5.peg.4989.site.4, 14, 134, 148
537012.5.peg.4989.site.5, 1, 134, 135
537012.5.peg.4989.site.6, 1, 134, 135
537012.5.peg.4989.site.7, 0, 133, 133
537012.5.peg.4989.site.8, 0, 132, 132
537012.5.peg.4989.site.9, 32, 133, 165
537012.5.peg.4989.site.10, 11, 133, 144
537012.5.peg.4989.site.11, 8, 133, 141
537012.5.peg.4988.site.1, 6, 134, 140
537012.5.peg.4988.site.2, 3, 134, 137
537012.5.peg.4988.site.3, 48, 130, 178
537012.5.peg.4988.site.4, 20, 132, 152
537012.5.peg.4988.site.5, 11, 132, 143
537012.5.peg.4988.site.6, 27, 131, 158
537012.5.peg.4988.site.7, 9, 132, 141
537012.5.peg.4988.site.8, 9, 132, 141
537012.5.peg.4988.site.9, 9, 108, 117
537012.5.peg.4988.site.10, 9, 94, 103
537012.5.peg.4988.site.11, 13, 89, 102
537012.5.peg.4988.site.12, 0, 95, 95
537012.5.peg.4988.site.13, 44, 98, 142
537012.5.peg.4988.site.14, 0, 131, 131
537012.5.peg.4988.site.15, 2, 132, 134
537012.5.peg.4988.site.16, 3, 131, 134
537012.5.peg.4988.site.17, 1, 129, 130
537012.5.peg.4988.site.18, 11, 131, 142
537012.5.peg.4988.site.19, 4, 131, 135
537012.5.peg.4988.site.20, 9, 131, 140
537012.5.peg.4988.site.21, 2, 127, 129
537012.5.peg.4988.site.22, 11, 129, 140
537012.5.peg.4988.site.23, 9, 131, 140
537012.5.peg.4988.site.24, 26, 129, 155
537012.5.peg.4988.site.25, 2, 126, 128
537012.5.peg.4988.site.26, 4, 124, 128
537012.5.peg.4988.site.27, 2, 131, 133
537012.5.peg.4988.site.28, 24, 133, 157
537012.5.peg.4988.site.29, 3, 133, 136
537012.5.peg.4988.site.30, 0, 132, 132
537012.5.peg.4988.site.31, 9, 132, 141
537012.5.peg.4988.site.32, 9, 132, 141
537012.5.peg.4988.site.33, 2, 129, 131
537012.5.peg.4988.site.34, 9, 133, 142
537012.5.peg.4988.site.35, 5, 133, 138
537012.5.peg.4988.site.36, 2, 131, 133
537012.5.peg.4988.site.37, 9, 133, 142
537012.5.peg.4988.site.38, 9, 133, 142
537012.5.peg.4988.site.39, 42, 132, 174
537012.5.peg.4988.site.40, 3, 134, 137
537012.5.peg.4981.site.1, 26, 82, 108
537012.5.peg.4981.site.2, 26, 88, 114
537012.5.peg.4981.site.3, 0, 88, 88
537012.5.peg.4981.site.4, 1, 85, 86
537012.5.peg.4981.site.5, 2, 81, 83
537012.5.peg.4981.site.6, 0, 79, 79
537012.5.peg.4981.site.7, 2, 80, 82
537012.5.peg.4981.site.8, 75, 78, 153
537012.5.peg.4981.site.9, 1, 78, 79
537012.5.peg.4981.site.10, 3, 77, 80
537012.5.peg.4981.site.11, 43, 77, 120
537012.5.peg.4981.site.12, 52, 76, 128
537012.5.peg.4981.site.13, 1, 77, 78
537012.5.peg.4981.site.14, 1, 83, 84
537012.5.peg.4981.site.15, 1, 87, 88
537012.5.peg.4981.site.16, 1, 87, 88
537012.5.peg.4981.site.17, 3, 93, 96
537012.5.peg.4981.site.18, 8, 96, 104
537012.5.peg.4981.site.19, 97, 100, 197
537012.5.peg.4981.site.20, 1, 125, 126
537012.5.peg.4981.site.21, 1, 132, 133
537012.5.peg.4981.site.22, 6, 130, 136
537012.5.peg.4981.site.23, 19, 130, 149
537012.5.peg.4981.site.24, 9, 129, 138
537012.5.peg.4981.site.25, 2, 131, 133
537012.5.peg.4981.site.26, 1, 131, 132
537012.5.peg.4981.site.27, 2, 131, 133
537012.5.peg.4981.site.28, 1, 108, 109
537012.5.peg.4981.site.29, 9, 130, 139
537012.5.peg.4981.site.30, 9, 130, 139
537012.5.peg.4981.site.31, 6, 130, 136
537012.5.peg.4981.site.32, 0, 130, 130
537012.5.peg.4981.site.33, 2, 124, 126
537012.5.peg.4981.site.34, 81, 123, 204
537012.5.peg.4981.site.35, 1, 127, 128
537012.5.peg.4981.site.36, 5, 125, 130
537012.5.peg.4981.site.37, 1, 133, 134
537012.5.peg.4981.site.38, 8, 133, 141
537012.5.peg.4981.site.39, 0, 122, 122
537012.5.peg.4981.site.40, 1, 132, 133
537012.5.peg.4981.site.41, 1, 133, 134
537012.5.peg.4981.site.42, 2, 132, 134
537012.5.peg.4981.site.43, 1, 133, 134
537012.5.peg.4981.site.44, 2, 133, 135
537012.5.peg.4981.site.45, 5, 133, 138
537012.5.peg.4981.site.46, 5, 132, 137
537012.5.peg.4981.site.47, 4, 132, 136
537012.5.peg.4981.site.48, 9, 130, 139
537012.5.peg.4981.site.49, 2, 130, 132
537012.5.peg.4981.site.50, 6, 132, 138
537012.5.peg.4981.site.51, 0, 131, 131
537012.5.peg.4981.site.52, 3, 131, 134
537012.5.peg.4981.site.53, 0, 127, 127
537012.5.peg.4981.site.54, 17, 126, 143
537012.5.peg.4981.site.55, 0, 122, 122
537012.5.peg.3822.site.1, 35, 126, 161
537012.5.peg.3822.site.2, 5, 126, 131
537012.5.peg.3822.site.3, 5, 127, 132
537012.5.peg.3822.site.4, 2, 127, 129
537012.5.peg.3822.site.5, 16, 126, 142
537012.5.peg.3822.site.6, 0, 126, 126
537012.5.peg.3822.site.7, 17, 127, 144
537012.5.peg.3822.site.8, 6, 126, 132
537012.5.peg.3822.site.9, 33, 126, 159
537012.5.peg.3822.site.10, 120, 127, 247
537012.5.peg.3822.site.11, 0, 127, 127
537012.5.peg.3822.site.12, 4, 127, 131
537012.5.peg.3822.site.13, 0, 127, 127
537012.5.peg.3822.site.14, 7, 125, 132
537012.5.peg.3822.site.15, 2, 125, 127
537012.5.peg.3822.site.16, 5, 126, 131
537012.5.peg.3822.site.17, 2, 126, 128
537012.5.peg.3822.site.18, 33, 125, 158
537012.5.peg.3822.site.19, 4, 127, 131
537012.5.peg.3822.site.20, 3, 126, 129
537012.5.peg.3822.site.21, 0, 126, 126
537012.5.peg.4983.site.1, 1, 124, 125
537012.5.peg.4983.site.2, 4, 125, 129
537012.5.peg.4983.site.3, 7, 134, 141
537012.5.peg.4983.site.4, 6, 133, 139
537012.5.peg.4983.site.5, 15, 134, 149
537012.5.peg.4983.site.6, 8, 134, 142
537012.5.peg.4983.site.7, 1, 134, 135
537012.5.peg.4983.site.8, 102, 131, 233
537012.5.peg.4983.site.9, 2, 134, 136
537012.5.peg.4983.site.10, 1, 134, 135
537012.5.peg.4983.site.11, 41, 133, 174
537012.5.peg.4983.site.12, 7, 134, 141
537012.5.peg.4983.site.13, 7, 134, 141
537012.5.peg.4983.site.14, 1, 134, 135
537012.5.peg.4983.site.15, 7, 134, 141
537012.5.peg.4983.site.16, 3, 133, 136
537012.5.peg.4983.site.17, 1, 133, 134
537012.5.peg.4983.site.18, 1, 134, 135
537012.5.peg.4983.site.19, 3, 134, 137
537012.5.peg.4983.site.20, 1, 134, 135
537012.5.peg.4983.site.21, 6, 132, 138
537012.5.peg.4983.site.22, 5, 132, 137
537012.5.peg.4983.site.23, 1, 134, 135
537012.5.peg.4983.site.24, 55, 132, 187
537012.5.peg.4983.site.25, 3, 134, 137
537012.5.peg.4983.site.26, 1, 134, 135
537012.5.peg.4983.site.27, 0, 133, 133
537012.5.peg.4983.site.28, 3, 132, 135
537012.5.peg.4983.site.29, 3, 133, 136
537012.5.peg.4983.site.30, 1, 134, 135
537012.5.peg.4983.site.31, 108, 133, 241
537012.5.peg.4983.site.32, 70, 131, 201
537012.5.peg.4983.site.33, 6, 131, 137
537012.5.peg.4983.site.34, 13, 132, 145
537012.5.peg.4983.site.35, 4, 131, 135
537012.5.peg.4983.site.36, 17, 134, 151
537012.5.peg.4983.site.37, 24, 133, 157
537012.5.peg.4983.site.38, 19, 134, 153
537012.5.peg.4983.site.39, 5, 133, 138
537012.5.peg.4983.site.40, 71, 133, 204
537012.5.peg.4983.site.41, 131, 134, 265
537012.5.peg.4983.site.42, 72, 131, 203
537012.5.peg.4983.site.43, 1, 134, 135
537012.5.peg.4983.site.44, 4, 132, 136
537012.5.peg.4983.site.45, 2, 133, 135
537012.5.peg.4983.site.46, 5, 132, 137
537012.5.peg.4983.site.47, 97, 124, 221
537012.5.peg.4983.site.48, 1, 120, 121
537012.5.peg.4983.site.49, 11, 119, 130
537012.5.peg.4983.site.50, 112, 116, 228
537012.5.peg.4983.site.51, 4, 116, 120
537012.5.peg.4983.site.52, 110, 115, 225
537012.5.peg.4983.site.53, 13, 99, 112
537012.5.peg.4983.site.54, 2, 94, 96
537012.5.peg.4985.site.1, 1, 134, 135
537012.5.peg.4985.site.2, 3, 134, 137
537012.5.peg.4985.site.3, 0, 133, 133
537012.5.peg.4985.site.4, 2, 133, 135
537012.5.peg.4985.site.5, 9, 133, 142
537012.5.peg.4985.site.6, 3, 133, 136
537012.5.peg.4985.site.7, 1, 132, 133
537012.5.peg.4985.site.8, 5, 134, 139
537012.5.peg.4985.site.9, 4, 132, 136
537012.5.peg.4985.site.10, 43, 132, 175
537012.5.peg.4985.site.11, 26, 133, 159
537012.5.peg.4985.site.12, 4, 133, 137
537012.5.peg.4985.site.13, 17, 133, 150
537012.5.peg.4985.site.14, 2, 130, 132
537012.5.peg.4985.site.15, 7, 132, 139
537012.5.peg.4985.site.16, 0, 131, 131
537012.5.peg.4985.site.17, 1, 131, 132
537012.5.peg.4985.site.18, 2, 131, 133
537012.5.peg.4985.site.19, 8, 132, 140
537012.5.peg.4985.site.20, 2, 133, 135
537012.5.peg.4985.site.21, 5, 134, 139
537012.5.peg.4985.site.22, 3, 133, 136
537012.5.peg.4985.site.23, 6, 130, 136
537012.5.peg.4985.site.24, 3, 133, 136
537012.5.peg.4985.site.25, 3, 132, 135
537012.5.peg.4985.site.26, 10, 132, 142
537012.5.peg.4985.site.27, 14, 133, 147
537012.5.peg.4985.site.28, 2, 130, 132
537012.5.peg.4985.site.29, 20, 127, 147
537012.5.peg.4985.site.30, 2, 127, 129
537012.5.peg.4985.site.31, 1, 125, 126
537012.5.peg.4985.site.32, 20, 125, 145
537012.5.peg.4985.site.33, 7, 126, 133
537012.5.peg.4985.site.34, 5, 128, 133
537012.5.peg.4985.site.35, 73, 127, 200
537012.5.peg.4985.site.36, 1, 128, 129
537012.5.peg.4985.site.37, 6, 123, 129
537012.5.peg.4985.site.38, 2, 124, 126
537012.5.peg.4985.site.39, 2, 125, 127
537012.5.peg.4985.site.40, 18, 130, 148
537012.5.peg.4985.site.41, 13, 134, 147
537012.5.peg.4985.site.42, 3, 133, 136
537012.5.peg.4985.site.43, 3, 134, 137
537012.5.peg.4985.site.44, 1, 133, 134
537012.5.peg.4985.site.45, 2, 133, 135
537012.5.peg.4985.site.46, 1, 133, 134
537012.5.peg.4985.site.47, 18, 131, 149
537012.5.peg.4985.site.48, 11, 132, 143
537012.5.peg.4985.site.49, 3, 133, 136
537012.5.peg.4985.site.50, 10, 134, 144
537012.5.peg.4985.site.51, 5, 134, 139
537012.5.peg.4984.site.1, 0, 133, 133
537012.5.peg.4984.site.2, 17, 133, 150
537012.5.peg.4984.site.3, 1, 133, 134
537012.5.peg.4984.site.4, 5, 133, 138
537012.5.peg.4984.site.5, 8, 134, 142
537012.5.peg.4984.site.6, 1, 134, 135
537012.5.peg.4984.site.7, 4, 132, 136
537012.5.peg.4984.site.8, 109, 132, 241
537012.5.peg.4984.site.9, 109, 132, 241
537012.5.peg.4984.site.10, 2, 132, 134
537012.5.peg.4984.site.11, 8, 133, 141
537012.5.peg.4984.site.12, 7, 133, 140
537012.5.peg.4984.site.13, 2, 134, 136
537012.5.peg.4984.site.14, 31, 132, 163
537012.5.peg.4984.site.15, 3, 132, 135
537012.5.peg.4984.site.16, 7, 133, 140
537012.5.peg.4984.site.17, 71, 130, 201
537012.5.peg.4984.site.18, 0, 134, 134
537012.5.peg.4984.site.19, 0, 133, 133
537012.5.peg.4984.site.20, 110, 132, 242
537012.5.peg.4984.site.21, 7, 133, 140
537012.5.peg.4984.site.22, 4, 132, 136
537012.5.peg.4984.site.23, 125, 132, 257
537012.5.peg.4984.site.24, 7, 134, 141
537012.5.peg.4984.site.25, 11, 132, 143
537012.5.peg.4984.site.26, 2, 134, 136
537012.5.peg.4984.site.27, 7, 134, 141
537012.5.peg.4984.site.28, 5, 134, 139
537012.5.peg.4984.site.29, 105, 131, 236
537012.5.peg.4984.site.30, 11, 131, 142
537012.5.peg.4984.site.31, 94, 130, 224
537012.5.peg.4984.site.32, 4, 132, 136
537012.5.peg.4984.site.33, 9, 134, 143
537012.5.peg.4984.site.34, 8, 134, 142
537012.5.peg.4984.site.35, 120, 132, 252
537012.5.peg.4984.site.36, 1, 134, 135
537012.5.peg.4984.site.37, 7, 134, 141
537012.5.peg.4984.site.38, 2, 134, 136
537012.5.peg.4984.site.39, 7, 134, 141
537012.5.peg.4984.site.40, 8, 134, 142
537012.5.peg.4984.site.41, 7, 126, 133
537012.5.peg.4984.site.42, 0, 126, 126
537012.5.peg.4984.site.43, 0, 128, 128
537012.5.peg.4984.site.44, 1, 128, 129
537012.5.peg.4984.site.45, 1, 128, 129
537012.5.peg.4984.site.46, 0, 127, 127
537012.5.peg.4984.site.47, 1, 128, 129
537012.5.peg.4984.site.48, 1, 129, 130
537012.5.peg.4984.site.49, 0, 131, 131
537012.5.peg.4984.site.50, 0, 132, 132
537012.5.peg.4984.site.51, 1, 132, 133
537012.5.peg.4984.site.52, 3, 133, 136
537012.5.peg.4984.site.53, 5, 132, 137
537012.5.peg.4984.site.54, 1, 133, 134
537012.5.peg.4984.site.55, 116, 132, 248
537012.5.peg.4984.site.56, 16, 134, 150
537012.5.peg.4984.site.57, 26, 133, 159
537012.5.peg.4984.site.58, 1, 133, 134
537012.5.peg.4984.site.59, 9, 134, 143
537012.5.peg.4984.site.60, 5, 133, 138
537012.5.peg.4984.site.61, 4, 134, 138
537012.5.peg.4984.site.62, 1, 131, 132
537012.5.peg.4984.site.63, 6, 131, 137
537012.5.peg.4984.site.64, 80, 131, 211
537012.5.peg.4984.site.65, 4, 130, 134
537012.5.peg.4984.site.66, 4, 132, 136
537012.5.peg.4984.site.67, 97, 132, 229
537012.5.peg.4984.site.68, 1, 134, 135
537012.5.peg.4984.site.69, 1, 134, 135
537012.5.peg.4984.site.70, 2, 134, 136
537012.5.peg.4984.site.71, 1, 134, 135
537012.5.peg.4984.site.72, 1, 134, 135
537012.5.peg.4984.site.73, 4, 132, 136
537012.5.peg.4987.site.1, 2, 132, 134
537012.5.peg.4987.site.2, 5, 134, 139
537012.5.peg.4987.site.3, 5, 134, 139
537012.5.peg.4987.site.4, 3, 130, 133
537012.5.peg.4987.site.5, 127, 130, 257
537012.5.peg.4987.site.6, 1, 130, 131
537012.5.peg.4987.site.7, 3, 130, 133
537012.5.peg.4987.site.8, 4, 131, 135
537012.5.peg.4987.site.9, 4, 131, 135
537012.5.peg.4987.site.10, 1, 130, 131
537012.5.peg.4987.site.11, 5, 126, 131
537012.5.peg.4987.site.12, 123, 125, 248
537012.5.peg.4987.site.13, 0, 126, 126
537012.5.peg.4987.site.14, 3, 129, 132
537012.5.peg.4987.site.15, 0, 128, 128
537012.5.peg.4987.site.16, 0, 129, 129
537012.5.peg.4987.site.17, 0, 130, 130
537012.5.peg.4987.site.18, 1, 132, 133
537012.5.peg.4987.site.19, 1, 126, 127
537012.5.peg.4987.site.20, 8, 117, 125
537012.5.peg.4987.site.21, 31, 109, 140
537012.5.peg.4987.site.22, 18, 26, 44
537012.5.peg.4987.site.23, 3, 19, 22
537012.5.peg.4987.site.24, 8, 22, 30
537012.5.peg.4987.site.25, 3, 114, 117
537012.5.peg.4987.site.26, 4, 122, 126
537012.5.peg.4987.site.27, 8, 133, 141
537012.5.peg.4987.site.28, 7, 133, 140
537012.5.peg.4987.site.29, 3, 133, 136
537012.5.peg.4987.site.30, 8, 133, 141
537012.5.peg.4987.site.31, 8, 133, 141
537012.5.peg.4987.site.32, 12, 133, 145
537012.5.peg.4987.site.33, 4, 133, 137
537012.5.peg.4987.site.34, 6, 133, 139
537012.5.peg.4987.site.35, 8, 132, 140
537012.5.peg.4987.site.36, 8, 133, 141
537012.5.peg.4987.site.37, 8, 133, 141
537012.5.peg.4987.site.38, 4, 132, 136
537012.5.peg.4987.site.39, 3, 133, 136
537012.5.peg.4987.site.40, 5, 132, 137
537012.5.peg.4987.site.41, 5, 133, 138
537012.5.peg.4987.site.42, 6, 133, 139
537012.5.peg.4987.site.43, 10, 131, 141
537012.5.peg.4987.site.44, 6, 129, 135
537012.5.peg.4987.site.45, 5, 128, 133
537012.5.peg.4987.site.46, 4, 129, 133
537012.5.peg.4987.site.47, 9, 125, 134
537012.5.peg.4987.site.48, 1, 124, 125
537012.5.peg.4987.site.49, 8, 125, 133
537012.5.peg.4987.site.50, 9, 123, 132
537012.5.peg.4987.site.51, 1, 124, 125
537012.5.peg.4987.site.52, 1, 125, 126
537012.5.peg.4987.site.53, 6, 36, 42
537012.5.peg.4987.site.54, 2, 32, 34
537012.5.peg.4987.site.55, 2, 30, 32
537012.5.peg.4987.site.56, 24, 39, 63
537012.5.peg.4987.site.57, 10, 72, 82
537012.5.peg.4987.site.58, 11, 75, 86
537012.5.peg.4987.site.59, 3, 74, 77
537012.5.peg.4987.site.60, 47, 92, 139
537012.5.peg.4987.site.61, 7, 111, 118
537012.5.peg.4987.site.62, 8, 111, 119
537012.5.peg.4987.site.63, 86, 97, 183
537012.5.peg.4987.site.64, 3, 103, 106
537012.5.peg.4987.site.65, 0, 104, 104
537012.5.peg.4987.site.66, 1, 103, 104
537012.5.peg.4987.site.67, 0, 89, 89
537012.5.peg.4987.site.68, 50, 86, 136
537012.5.peg.4987.site.69, 25, 81, 106
537012.5.peg.4987.site.70, 9, 80, 89
537012.5.peg.4987.site.71, 58, 78, 136
537012.5.peg.4987.site.72, 6, 77, 83
537012.5.peg.4987.site.73, 1, 78, 79
537012.5.peg.4987.site.74, 6, 79, 85
537012.5.peg.4987.site.75, 14, 79, 93
537012.5.peg.4987.site.76, 7, 88, 95
537012.5.peg.4987.site.77, 7, 94, 101
537012.5.peg.4987.site.78, 10, 118, 128
537012.5.peg.4987.site.79, 1, 124, 125
537012.5.peg.4987.site.80, 1, 117, 118
537012.5.peg.4987.site.81, 7, 131, 138
537012.5.peg.4987.site.82, 5, 131, 136
537012.5.peg.4987.site.83, 2, 131, 133
537012.5.peg.4987.site.84, 3, 131, 134
537012.5.peg.4987.site.85, 16, 133, 149
537012.5.peg.4987.site.86, 86, 132, 218
537012.5.peg.4987.site.87, 1, 132, 133
537012.5.peg.4987.site.88, 1, 130, 131
537012.5.peg.4986.site.1, 2, 134, 136
537012.5.peg.4986.site.2, 0, 134, 134
537012.5.peg.4986.site.3, 5, 132, 137
537012.5.peg.4986.site.4, 21, 134, 155
537012.5.peg.4986.site.5, 3, 134, 137
537012.5.peg.4986.site.6, 4, 132, 136
537012.5.peg.4986.site.7, 6, 132, 138
537012.5.peg.4986.site.8, 5, 132, 137
537012.5.peg.4986.site.9, 3, 131, 134
537012.5.peg.4986.site.10, 5, 134, 139
537012.5.peg.4986.site.11, 1, 134, 135
537012.5.peg.4986.site.12, 4, 132, 136
537012.5.peg.4986.site.13, 68, 133, 201
537012.5.peg.4986.site.14, 0, 133, 133
537012.5.peg.4986.site.15, 1, 133, 134
537012.5.peg.4986.site.16, 4, 134, 138
537012.5.peg.4986.site.17, 1, 134, 135
537012.5.peg.4986.site.18, 6, 134, 140
537012.5.peg.4986.site.19, 0, 132, 132
537012.5.peg.4986.site.20, 1, 134, 135
537012.5.peg.4986.site.21, 3, 134, 137
537012.5.peg.4986.site.22, 11, 134, 145
537012.5.peg.4986.site.23, 7, 134, 141
537012.5.peg.4986.site.24, 85, 130, 215
537012.5.peg.4986.site.25, 11, 132, 143
537012.5.peg.4986.site.26, 7, 134, 141
537012.5.peg.4986.site.27, 2, 133, 135
537012.5.peg.4986.site.28, 2, 134, 136
537012.5.peg.4986.site.29, 1, 133, 134
537012.5.peg.4986.site.30, 2, 134, 136
537012.5.peg.4986.site.31, 2, 134, 136
537012.5.peg.4211.site.1, 1, 68, 69
537012.5.peg.4211.site.2, 59, 68, 127
537012.5.peg.4211.site.3, 2, 69, 71
537012.5.peg.4211.site.4, 3, 70, 73
537012.5.peg.4211.site.5, 19, 71, 90
537012.5.peg.4211.site.6, 0, 70, 70
537012.5.peg.4211.site.7, 66, 69, 135
537012.5.peg.4211.site.8, 11, 67, 78
537012.5.peg.4211.site.9, 65, 70, 135
537012.5.peg.4211.site.10, 1, 63, 64
537012.5.peg.4211.site.11, 25, 61, 86
537012.5.peg.4211.site.12, 26, 63, 89
537012.5.peg.4211.site.13, 30, 63, 93
537012.5.peg.4211.site.14, 17, 62, 79
537012.5.peg.4211.site.15, 1, 65, 66
537012.5.peg.5029.site.1, 13, 121, 134
537012.5.peg.5029.site.2, 7, 121, 128
537012.5.peg.5029.site.3, 3, 126, 129
537012.5.peg.5029.site.4, 0, 127, 127
537012.5.peg.5029.site.5, 4, 125, 129
537012.5.peg.5029.site.6, 7, 129, 136
537012.5.peg.5029.site.7, 45, 126, 171
537012.5.peg.5029.site.8, 39, 117, 156
537012.5.peg.5029.site.9, 7, 109, 116
537012.5.peg.5029.site.10, 7, 109, 116
537012.5.peg.5029.site.11, 8, 108, 116
537012.5.peg.5029.site.12, 12, 108, 120
537012.5.peg.5029.site.13, 5, 108, 113
537012.5.peg.5029.site.14, 2, 109, 111
537012.5.peg.5029.site.15, 1, 110, 111
537012.5.peg.5029.site.16, 104, 106, 210
537012.5.peg.5029.site.17, 1, 107, 108
537012.5.peg.5029.site.18, 1, 104, 105
537012.5.peg.5029.site.19, 7, 75, 82
537012.5.peg.5029.site.20, 2, 65, 67
537012.5.peg.5029.site.21, 10, 67, 77
537012.5.peg.4215.site.1, 2, 68, 70
537012.5.peg.4215.site.2, 50, 67, 117
537012.5.peg.4215.site.3, 11, 71, 82
537012.5.peg.4215.site.4, 10, 70, 80
537012.5.peg.4215.site.5, 13, 71, 84
537012.5.peg.4215.site.6, 5, 71, 76
537012.5.peg.4215.site.7, 48, 73, 121
537012.5.peg.4215.site.8, 1, 74, 75
537012.5.peg.4215.site.9, 2, 74, 76
537012.5.peg.4215.site.10, 25, 74, 99
537012.5.peg.4215.site.11, 28, 71, 99
537012.5.peg.4215.site.12, 3, 72, 75
537012.5.peg.4215.site.13, 3, 77, 80
537012.5.peg.4215.site.14, 19, 73, 92
537012.5.peg.4215.site.15, 0, 73, 73
537012.5.peg.4215.site.16, 18, 74, 92
537012.5.peg.4215.site.17, 18, 74, 92
537012.5.peg.4215.site.18, 40, 72, 112
537012.5.peg.4215.site.19, 1, 72, 73
537012.5.peg.4215.site.20, 63, 71, 134
537012.5.peg.4215.site.21, 69, 75, 144
537012.5.peg.4215.site.22, 1, 75, 76
537012.5.peg.1604.site.1, 1, 133, 134
537012.5.peg.1604.site.2, 123, 131, 254
537012.5.peg.1604.site.3, 28, 133, 161
537012.5.peg.1604.site.4, 6, 134, 140
537012.5.peg.1604.site.5, 12, 132, 144
537012.5.peg.1604.site.6, 12, 133, 145
537012.5.peg.1604.site.7, 1, 134, 135
537012.5.peg.1604.site.8, 1, 134, 135
537012.5.peg.1604.site.9, 7, 134, 141
537012.5.peg.1604.site.10, 47, 133, 180
537012.5.peg.1604.site.11, 6, 134, 140
537012.5.peg.1604.site.12, 110, 132, 242
537012.5.peg.1604.site.13, 2, 134, 136
537012.5.peg.1604.site.14, 6, 134, 140
537012.5.peg.1604.site.15, 2, 134, 136
537012.5.peg.1604.site.16, 11, 132, 143
537012.5.peg.1604.site.17, 4, 134, 138
537012.5.peg.1604.site.18, 7, 134, 141
537012.5.peg.1604.site.19, 11, 132, 143
537012.5.peg.1604.site.20, 6, 134, 140
537012.5.peg.1604.site.21, 4, 132, 136
537012.5.peg.1604.site.22, 0, 133, 133
537012.5.peg.1604.site.23, 11, 132, 143
537012.5.peg.1604.site.24, 1, 133, 134
537012.5.peg.1604.site.25, 7, 134, 141
537012.5.peg.1604.site.26, 13, 134, 147
537012.5.peg.1604.site.27, 11, 131, 142
537012.5.peg.1604.site.28, 0, 133, 133
537012.5.peg.1604.site.29, 1, 131, 132
537012.5.peg.1604.site.30, 52, 127, 179
537012.5.peg.1604.site.31, 7, 125, 132
537012.5.peg.1604.site.32, 16, 120, 136
537012.5.peg.1604.site.33, 2, 119, 121
537012.5.peg.1604.site.34, 6, 119, 125
537012.5.peg.1604.site.35, 6, 118, 124
537012.5.peg.1604.site.36, 66, 120, 186
537012.5.peg.1604.site.37, 2, 115, 117
537012.5.peg.1604.site.38, 4, 121, 125
537012.5.peg.1604.site.39, 4, 121, 125
537012.5.peg.1604.site.40, 3, 123, 126
537012.5.peg.1604.site.41, 9, 129, 138
537012.5.peg.1604.site.42, 3, 133, 136
537012.5.peg.1604.site.43, 8, 132, 140
537012.5.peg.1604.site.44, 6, 134, 140
537012.5.peg.1604.site.45, 1, 133, 134
537012.5.peg.1604.site.46, 2, 132, 134
537012.5.peg.1604.site.47, 9, 132, 141
537012.5.peg.1604.site.48, 6, 133, 139
537012.5.peg.1604.site.49, 6, 134, 140
537012.5.peg.1604.site.50, 6, 134, 140
537012.5.peg.1604.site.51, 1, 134, 135
537012.5.peg.1604.site.52, 7, 134, 141
537012.5.peg.1604.site.53, 7, 131, 138
537012.5.peg.1604.site.54, 10, 128, 138
537012.5.peg.1604.site.55, 45, 126, 171
537012.5.peg.1604.site.56, 2, 108, 110
537012.5.peg.1604.site.57, 6, 99, 105
537012.5.peg.1604.site.58, 1, 95, 96
537012.5.peg.1604.site.59, 2, 93, 95
537012.5.peg.1604.site.60, 7, 106, 113
537012.5.peg.1604.site.61, 3, 123, 126
537012.5.peg.1604.site.62, 4, 123, 127
537012.5.peg.1604.site.63, 5, 126, 131
537012.5.peg.1604.site.64, 3, 126, 129
537012.5.peg.1604.site.65, 0, 125, 125
537012.5.peg.1604.site.66, 4, 126, 130
537012.5.peg.1604.site.67, 5, 128, 133
537012.5.peg.1604.site.68, 5, 128, 133
537012.5.peg.1604.site.69, 0, 127, 127
537012.5.peg.1604.site.70, 3, 126, 129
537012.5.peg.1604.site.71, 9, 127, 136
537012.5.peg.1604.site.72, 6, 128, 134
537012.5.peg.1604.site.73, 4, 127, 131
537012.5.peg.1604.site.74, 1, 127, 128
537012.5.peg.1604.site.75, 4, 126, 130
537012.5.peg.1607.site.1, 0, 127, 127
537012.5.peg.1607.site.2, 94, 128, 222
537012.5.peg.1607.site.3, 6, 129, 135
537012.5.peg.1607.site.4, 88, 128, 216
537012.5.peg.1607.site.5, 59, 128, 187
537012.5.peg.1607.site.6, 4, 128, 132
537012.5.peg.1607.site.7, 56, 129, 185
537012.5.peg.1607.site.8, 6, 128, 134
537012.5.peg.1607.site.9, 0, 129, 129
537012.5.peg.1607.site.10, 12, 129, 141
537012.5.peg.1607.site.11, 3, 128, 131
537012.5.peg.1607.site.12, 1, 129, 130
537012.5.peg.1607.site.13, 6, 129, 135
537012.5.peg.1607.site.14, 1, 128, 129
537012.5.peg.1607.site.15, 1, 128, 129
537012.5.peg.1607.site.16, 9, 127, 136
537012.5.peg.1607.site.17, 6, 128, 134
537012.5.peg.1607.site.18, 1, 128, 129
537012.5.peg.1607.site.19, 6, 128, 134
537012.5.peg.1607.site.20, 5, 127, 132
537012.5.peg.1607.site.21, 47, 128, 175
537012.5.peg.1607.site.22, 38, 129, 167
537012.5.peg.1607.site.23, 40, 128, 168
537012.5.peg.1607.site.24, 4, 128, 132
537012.5.peg.1607.site.25, 63, 129, 192
537012.5.peg.1607.site.26, 3, 128, 131
537012.5.peg.1603.site.1, 60, 132, 192
537012.5.peg.1603.site.2, 7, 134, 141
537012.5.peg.1603.site.3, 1, 134, 135
537012.5.peg.1603.site.4, 1, 134, 135
537012.5.peg.1603.site.5, 6, 134, 140
537012.5.peg.1603.site.6, 84, 125, 209
537012.5.peg.1603.site.7, 6, 134, 140
537012.5.peg.1603.site.8, 11, 132, 143
537012.5.peg.1603.site.9, 7, 134, 141
537012.5.peg.1603.site.10, 2, 134, 136
537012.5.peg.1603.site.11, 1, 134, 135
537012.5.peg.1603.site.12, 0, 134, 134
537012.5.peg.1603.site.13, 7, 134, 141
537012.5.peg.1603.site.14, 15, 133, 148
537012.5.peg.1603.site.15, 17, 134, 151
537012.5.peg.1603.site.16, 127, 132, 259
537012.5.peg.1603.site.17, 31, 134, 165
537012.5.peg.1603.site.18, 12, 134, 146
537012.5.peg.1603.site.19, 2, 134, 136
537012.5.peg.1603.site.20, 4, 134, 138
537012.5.peg.1603.site.21, 4, 134, 138
537012.5.peg.1603.site.22, 9, 133, 142
537012.5.peg.1603.site.23, 4, 134, 138
537012.5.peg.1603.site.24, 2, 134, 136
537012.5.peg.1603.site.25, 4, 134, 138
537012.5.peg.1603.site.26, 127, 133, 260
537012.5.peg.1603.site.27, 5, 133, 138
537012.5.peg.1603.site.28, 2, 134, 136
537012.5.peg.1603.site.29, 5, 133, 138
537012.5.peg.1603.site.30, 5, 133, 138
537012.5.peg.1603.site.31, 4, 133, 137
537012.5.peg.1603.site.32, 7, 134, 141
537012.5.peg.1603.site.33, 4, 131, 135
537012.5.peg.1603.site.34, 4, 131, 135
537012.5.peg.1603.site.35, 30, 133, 163
537012.5.peg.1603.site.36, 3, 134, 137
537012.5.peg.1603.site.37, 1, 134, 135
537012.5.peg.1603.site.38, 1, 134, 135
537012.5.peg.1603.site.39, 5, 133, 138
537012.5.peg.1603.site.40, 1, 134, 135
537012.5.peg.1603.site.41, 7, 131, 138
537012.5.peg.1603.site.42, 4, 132, 136
537012.5.peg.1603.site.43, 3, 134, 137
537012.5.peg.1603.site.44, 4, 133, 137
537012.5.peg.1603.site.45, 4, 134, 138
537012.5.peg.1603.site.46, 3, 131, 134
537012.5.peg.1603.site.47, 2, 132, 134
537012.5.peg.1603.site.48, 6, 134, 140
537012.5.peg.1603.site.49, 4, 130, 134
537012.5.peg.1603.site.50, 25, 134, 159
537012.5.peg.1603.site.51, 3, 131, 134
537012.5.peg.1603.site.52, 11, 132, 143
537012.5.peg.1603.site.53, 5, 133, 138
537012.5.peg.1603.site.54, 1, 134, 135
537012.5.peg.1603.site.55, 6, 134, 140
537012.5.peg.1603.site.56, 5, 133, 138
537012.5.peg.1603.site.57, 5, 133, 138
537012.5.peg.1603.site.58, 5, 133, 138
537012.5.peg.1603.site.59, 14, 134, 148
537012.5.peg.1603.site.60, 7, 134, 141
537012.5.peg.1603.site.61, 33, 132, 165
537012.5.peg.1603.site.62, 8, 132, 140
537012.5.peg.1603.site.63, 5, 134, 139
537012.5.peg.1603.site.64, 1, 133, 134
537012.5.peg.1603.site.65, 1, 132, 133
537012.5.peg.1603.site.66, 2, 130, 132
537012.5.peg.1603.site.67, 3, 131, 134
537012.5.peg.1603.site.68, 1, 132, 133
537012.5.peg.1603.site.69, 14, 132, 146
537012.5.peg.1603.site.70, 36, 132, 168
537012.5.peg.1603.site.71, 4, 133, 137
537012.5.peg.1603.site.72, 90, 134, 224
537012.5.peg.1603.site.73, 24, 134, 158
537012.5.peg.1603.site.74, 34, 134, 168
537012.5.peg.1603.site.75, 0, 134, 134
537012.5.peg.1603.site.76, 12, 133, 145
537012.5.peg.1603.site.77, 13, 134, 147
537012.5.peg.1603.site.78, 1, 134, 135
537012.5.peg.1603.site.79, 14, 132, 146
537012.5.peg.1603.site.80, 123, 132, 255
537012.5.peg.1603.site.81, 11, 132, 143
537012.5.peg.1603.site.82, 7, 134, 141
537012.5.peg.1603.site.83, 4, 131, 135
537012.5.peg.1603.site.84, 17, 134, 151
537012.5.peg.1603.site.85, 4, 134, 138
537012.5.peg.1603.site.86, 1, 133, 134
537012.5.peg.1603.site.87, 31, 133, 164
537012.5.peg.1603.site.88, 13, 134, 147
537012.5.peg.1603.site.89, 7, 133, 140
537012.5.peg.1603.site.90, 7, 134, 141
537012.5.peg.1603.site.91, 11, 132, 143
537012.5.peg.1603.site.92, 1, 134, 135
537012.5.peg.1603.site.93, 1, 134, 135
537012.5.peg.1602.site.1, 1, 124, 125
537012.5.peg.1602.site.2, 1, 128, 129
537012.5.peg.1602.site.3, 3, 130, 133
537012.5.peg.1602.site.4, 1, 133, 134
537012.5.peg.1602.site.5, 3, 133, 136
537012.5.peg.1602.site.6, 1, 133, 134
537012.5.peg.1602.site.7, 19, 132, 151
537012.5.peg.1602.site.8, 2, 133, 135
537012.5.peg.1602.site.9, 2, 133, 135
537012.5.peg.1602.site.10, 6, 133, 139
537012.5.peg.1602.site.11, 2, 133, 135
537012.5.peg.1602.site.12, 1, 133, 134
537012.5.peg.1602.site.13, 2, 132, 134
537012.5.peg.1602.site.14, 5, 132, 137
537012.5.peg.1602.site.15, 23, 132, 155
537012.5.peg.1602.site.16, 0, 131, 131
537012.5.peg.1602.site.17, 4, 130, 134
537012.5.peg.1602.site.18, 115, 133, 248
537012.5.peg.1602.site.19, 4, 133, 137
537012.5.peg.1602.site.20, 9, 132, 141
537012.5.peg.1602.site.21, 4, 131, 135
537012.5.peg.1602.site.22, 2, 133, 135
537012.5.peg.1602.site.23, 51, 131, 182
537012.5.peg.1602.site.24, 27, 133, 160
537012.5.peg.1602.site.25, 4, 132, 136
537012.5.peg.1602.site.26, 25, 133, 158
537012.5.peg.1602.site.27, 17, 133, 150
537012.5.peg.1602.site.28, 1, 133, 134
537012.5.peg.1602.site.29, 1, 133, 134
537012.5.peg.1602.site.30, 0, 133, 133
537012.5.peg.1602.site.31, 45, 132, 177
537012.5.peg.1602.site.32, 1, 133, 134
537012.5.peg.1602.site.33, 12, 133, 145
537012.5.peg.1602.site.34, 4, 133, 137
537012.5.peg.1602.site.35, 0, 132, 132
537012.5.peg.1602.site.36, 4, 132, 136
537012.5.peg.1602.site.37, 3, 133, 136
537012.5.peg.1602.site.38, 3, 133, 136
537012.5.peg.1602.site.39, 0, 133, 133
537012.5.peg.1602.site.40, 18, 130, 148
537012.5.peg.1602.site.41, 14, 129, 143
537012.5.peg.1602.site.42, 3, 133, 136
537012.5.peg.1602.site.43, 1, 132, 133
537012.5.peg.1602.site.44, 0, 133, 133
537012.5.peg.1602.site.45, 0, 133, 133
537012.5.peg.1602.site.46, 6, 133, 139
537012.5.peg.1602.site.47, 12, 130, 142
537012.5.peg.1602.site.48, 3, 133, 136
537012.5.peg.1602.site.49, 9, 133, 142
537012.5.peg.1602.site.50, 6, 133, 139
537012.5.peg.1602.site.51, 0, 132, 132
537012.5.peg.1602.site.52, 2, 132, 134
537012.5.peg.1602.site.53, 5, 132, 137
537012.5.peg.1602.site.54, 4, 131, 135
537012.5.peg.1602.site.55, 29, 129, 158
537012.5.peg.1602.site.56, 10, 131, 141
537012.5.peg.1602.site.57, 6, 133, 139
537012.5.peg.1602.site.58, 18, 133, 151
537012.5.peg.1602.site.59, 6, 133, 139
537012.5.peg.1602.site.60, 4, 132, 136
537012.5.peg.1602.site.61, 15, 130, 145
537012.5.peg.1602.site.62, 8, 131, 139
537012.5.peg.1602.site.63, 6, 132, 138
537012.5.peg.1602.site.64, 48, 131, 179
537012.5.peg.1602.site.65, 132, 133, 265
537012.5.peg.1602.site.66, 6, 133, 139
537012.5.peg.1602.site.67, 0, 133, 133
537012.5.peg.1602.site.68, 25, 132, 157
537012.5.peg.1602.site.69, 106, 133, 239
537012.5.peg.1602.site.70, 9, 132, 141
537012.5.peg.1602.site.71, 3, 133, 136
537012.5.peg.1602.site.72, 4, 133, 137
537012.5.peg.1602.site.73, 2, 133, 135
537012.5.peg.1602.site.74, 19, 132, 151
537012.5.peg.1602.site.75, 1, 133, 134
537012.5.peg.1602.site.76, 3, 133, 136
537012.5.peg.1602.site.77, 72, 132, 204
537012.5.peg.1602.site.78, 5, 132, 137
537012.5.peg.1602.site.79, 2, 133, 135
537012.5.peg.1609.site.1, 11, 122, 133
537012.5.peg.1609.site.2, 5, 123, 128
537012.5.peg.1609.site.3, 5, 123, 128
537012.5.peg.1609.site.4, 3, 122, 125
537012.5.peg.1609.site.5, 24, 122, 146
537012.5.peg.1609.site.6, 29, 121, 150
537012.5.peg.1609.site.7, 22, 122, 144
537012.5.peg.1609.site.8, 78, 122, 200
537012.5.peg.1609.site.9, 17, 122, 139
537012.5.peg.1609.site.10, 0, 120, 120
537012.5.peg.1609.site.11, 3, 122, 125
537012.5.peg.1609.site.12, 1, 121, 122
537012.5.peg.1609.site.13, 0, 120, 120
537012.5.peg.1609.site.14, 1, 122, 123
537012.5.peg.1609.site.15, 4, 122, 126
537012.5.peg.1609.site.16, 20, 122, 142
537012.5.peg.1609.site.17, 5, 123, 128
537012.5.peg.1609.site.18, 4, 128, 132
537012.5.peg.1609.site.19, 18, 126, 144
537012.5.peg.1609.site.20, 4, 118, 122
537012.5.peg.1609.site.21, 2, 114, 116
537012.5.peg.1609.site.22, 15, 113, 128
537012.5.peg.1609.site.23, 6, 116, 122
537012.5.peg.1609.site.24, 6, 116, 122
537012.5.peg.1609.site.25, 7, 116, 123
537012.5.peg.1609.site.26, 7, 116, 123
537012.5.peg.1609.site.27, 6, 115, 121
537012.5.peg.1609.site.28, 12, 111, 123
537012.5.peg.1609.site.29, 10, 111, 121
537012.5.peg.1609.site.30, 11, 112, 123
537012.5.peg.1609.site.31, 11, 112, 123
537012.5.peg.1609.site.32, 59, 113, 172
537012.5.peg.1609.site.33, 1, 116, 117
537012.5.peg.1609.site.34, 3, 117, 120
537012.5.peg.1609.site.35, 6, 121, 127
537012.5.peg.1609.site.36, 6, 128, 134
537012.5.peg.1609.site.37, 25, 130, 155
537012.5.peg.1609.site.38, 3, 130, 133
537012.5.peg.1609.site.39, 3, 130, 133
537012.5.peg.1609.site.40, 11, 130, 141
537012.5.peg.1609.site.41, 2, 129, 131
537012.5.peg.1609.site.42, 3, 128, 131
537012.5.peg.1609.site.43, 3, 126, 129
537012.5.peg.1609.site.44, 0, 127, 127
537012.5.peg.1609.site.45, 15, 126, 141
537012.5.peg.1609.site.46, 44, 128, 172
537012.5.peg.1609.site.47, 3, 129, 132
537012.5.peg.1609.site.48, 9, 129, 138
537012.5.peg.1609.site.49, 0, 129, 129
537012.5.peg.1609.site.50, 0, 127, 127
537012.5.peg.1608.site.1, 2, 129, 131
537012.5.peg.1608.site.2, 127, 129, 256
537012.5.peg.1608.site.3, 62, 128, 190
537012.5.peg.1608.site.4, 11, 128, 139
537012.5.peg.1608.site.5, 3, 128, 131
537012.5.peg.1608.site.6, 3, 129, 132
537012.5.peg.1608.site.7, 0, 128, 128
537012.5.peg.1608.site.8, 0, 128, 128
537012.5.peg.1608.site.9, 1, 129, 130
537012.5.peg.1608.site.10, 0, 128, 128
537012.5.peg.1608.site.11, 11, 129, 140
537012.5.peg.1608.site.12, 6, 129, 135
537012.5.peg.1608.site.13, 26, 128, 154
537012.5.peg.1608.site.14, 0, 129, 129
537012.5.peg.1608.site.15, 34, 128, 162
537012.5.peg.1608.site.16, 17, 126, 143
537012.5.peg.1608.site.17, 6, 128, 134
537012.5.peg.1608.site.18, 0, 127, 127
537012.5.peg.1608.site.19, 0, 127, 127
537012.5.peg.1608.site.20, 6, 127, 133
537012.5.peg.1608.site.21, 14, 127, 141
537012.5.peg.1608.site.22, 13, 128, 141
537012.5.peg.1608.site.23, 1, 128, 129
537012.5.peg.1608.site.24, 2, 128, 130
537012.5.peg.1608.site.25, 2, 128, 130
537012.5.peg.1608.site.26, 0, 127, 127
537012.5.peg.1608.site.27, 26, 128, 154
537012.5.peg.1608.site.28, 0, 127, 127
537012.5.peg.1608.site.29, 1, 129, 130
537012.5.peg.1608.site.30, 6, 128, 134
537012.5.peg.1608.site.31, 23, 129, 152
537012.5.peg.1608.site.32, 16, 128, 144
537012.5.peg.1608.site.33, 22, 128, 150
537012.5.peg.1608.site.34, 18, 127, 145
537012.5.peg.1608.site.35, 6, 128, 134
537012.5.peg.1608.site.36, 1, 129, 130
537012.5.peg.1608.site.37, 0, 128, 128
537012.5.peg.1608.site.38, 6, 128, 134
537012.5.peg.1608.site.39, 6, 128, 134
537012.5.peg.1608.site.40, 39, 129, 168
537012.5.peg.1608.site.41, 28, 128, 156
537012.5.peg.1608.site.42, 30, 128, 158
537012.5.peg.1608.site.43, 30, 128, 158
537012.5.peg.1608.site.44, 1, 127, 128
537012.5.peg.1608.site.45, 0, 127, 127
537012.5.peg.1608.site.46, 13, 129, 142
537012.5.peg.1608.site.47, 29, 129, 158
537012.5.peg.1608.site.48, 2, 129, 131
537012.5.peg.1608.site.49, 0, 129, 129
537012.5.peg.1608.site.50, 0, 128, 128
537012.5.peg.1608.site.51, 6, 128, 134
537012.5.peg.1608.site.52, 2, 121, 123
537012.5.peg.1608.site.53, 0, 121, 121
537012.5.peg.1608.site.54, 0, 121, 121
537012.5.peg.1608.site.55, 28, 123, 151
537012.5.peg.1608.site.56, 1, 123, 124
537012.5.peg.1608.site.57, 0, 123, 123
537012.5.peg.1608.site.58, 0, 123, 123
537012.5.peg.1608.site.59, 0, 123, 123
537012.5.peg.1608.site.60, 0, 121, 121
537012.5.peg.1608.site.61, 0, 123, 123
537012.5.peg.1608.site.62, 32, 122, 154
537012.5.peg.1608.site.63, 6, 122, 128
537012.5.peg.1608.site.64, 6, 123, 129
537012.5.peg.1608.site.65, 0, 122, 122
537012.5.peg.1608.site.66, 2, 122, 124
537012.5.peg.1608.site.67, 0, 123, 123
537012.5.peg.1608.site.68, 0, 122, 122
537012.5.peg.1608.site.69, 0, 122, 122
537012.5.peg.1608.site.70, 0, 123, 123
537012.5.peg.1608.site.71, 2, 122, 124
537012.5.peg.1608.site.72, 21, 122, 143
537012.5.peg.1608.site.73, 2, 121, 123
537012.5.peg.1608.site.74, 2, 123, 125
537012.5.peg.1608.site.75, 26, 123, 149
537012.5.peg.1608.site.76, 18, 123, 141
537012.5.peg.1608.site.77, 13, 122, 135
537012.5.peg.1608.site.78, 29, 123, 152
537012.5.peg.1608.site.79, 5, 121, 126
537012.5.peg.1608.site.80, 3, 122, 125
537012.5.peg.1608.site.81, 18, 122, 140
537012.5.peg.1608.site.82, 1, 122, 123
537012.5.peg.1608.site.83, 0, 120, 120
537012.5.peg.1608.site.84, 19, 122, 141
537012.5.peg.1608.site.85, 1, 122, 123
537012.5.peg.1608.site.86, 0, 120, 120
537012.5.peg.1608.site.87, 0, 123, 123
537012.5.peg.1608.site.88, 32, 122, 154
537012.5.peg.1608.site.89, 51, 122, 173
537012.5.peg.1608.site.90, 85, 122, 207
537012.5.peg.1608.site.91, 33, 122, 155
537012.5.peg.1608.site.92, 19, 122, 141
537012.5.peg.5028.site.1, 76, 132, 208
537012.5.peg.5028.site.2, 1, 134, 135
537012.5.peg.5028.site.3, 97, 133, 230
537012.5.peg.5028.site.4, 3, 134, 137
537012.5.peg.5028.site.5, 1, 134, 135
537012.5.peg.5028.site.6, 8, 134, 142
537012.5.peg.5028.site.7, 67, 133, 200
537012.5.peg.5028.site.8, 12, 133, 145
537012.5.peg.5028.site.9, 26, 133, 159
537012.5.peg.5028.site.10, 2, 133, 135
537012.5.peg.5028.site.11, 1, 132, 133
537012.5.peg.5028.site.12, 2, 133, 135
537012.5.peg.5028.site.13, 6, 132, 138
537012.5.peg.5028.site.14, 42, 132, 174
537012.5.peg.5028.site.15, 9, 134, 143
537012.5.peg.5028.site.16, 6, 134, 140
537012.5.peg.5028.site.17, 9, 133, 142
537012.5.peg.5028.site.18, 3, 134, 137
537012.5.peg.5028.site.19, 1, 134, 135
537012.5.peg.5028.site.20, 3, 134, 137
537012.5.peg.5028.site.21, 1, 134, 135
537012.5.peg.5028.site.22, 4, 132, 136
537012.5.peg.5028.site.23, 1, 133, 134
537012.5.peg.5028.site.24, 1, 134, 135
537012.5.peg.5028.site.25, 1, 134, 135
537012.5.peg.5028.site.26, 1, 134, 135
537012.5.peg.5028.site.27, 3, 133, 136
537012.5.peg.5028.site.28, 1, 134, 135
537012.5.peg.5028.site.29, 0, 134, 134
537012.5.peg.5028.site.30, 5, 134, 139
537012.5.peg.5028.site.31, 7, 133, 140
537012.5.peg.5028.site.32, 17, 134, 151
537012.5.peg.5028.site.33, 19, 134, 153
537012.5.peg.5028.site.34, 2, 133, 135
537012.5.peg.5028.site.35, 18, 132, 150
537012.5.peg.5028.site.36, 10, 126, 136
537012.5.peg.5032.site.1, 4, 91, 95
537012.5.peg.5032.site.2, 25, 126, 151
537012.5.peg.5032.site.3, 7, 130, 137
537012.5.peg.5032.site.4, 56, 132, 188
537012.5.peg.5032.site.5, 5, 132, 137
537012.5.peg.5032.site.6, 11, 132, 143
537012.5.peg.5032.site.7, 4, 132, 136
537012.5.peg.5033.site.1, 6, 132, 138
537012.5.peg.5033.site.2, 4, 130, 134
537012.5.peg.5033.site.3, 8, 130, 138
537012.5.peg.5033.site.4, 10, 130, 140
537012.5.peg.5033.site.5, 8, 130, 138
537012.5.peg.5033.site.6, 71, 129, 200
537012.5.peg.5033.site.7, 18, 131, 149
537012.5.peg.5033.site.8, 10, 132, 142
537012.5.peg.5033.site.9, 115, 132, 247
537012.5.peg.5033.site.10, 3, 132, 135
537012.5.peg.5033.site.11, 34, 132, 166
537012.5.peg.5033.site.12, 2, 132, 134
537012.5.peg.5033.site.13, 6, 132, 138
537012.5.peg.5033.site.14, 3, 131, 134
537012.5.peg.5033.site.15, 1, 129, 130
537012.5.peg.5033.site.16, 12, 122, 134
537012.5.peg.5033.site.17, 6, 122, 128
537012.5.peg.5033.site.18, 11, 132, 143
537012.5.peg.5033.site.19, 1, 132, 133
537012.5.peg.5033.site.20, 6, 129, 135
537012.5.peg.5033.site.21, 6, 119, 125
537012.5.peg.5033.site.22, 4, 103, 107
537012.5.peg.5031.site.1, 8, 133, 141
537012.5.peg.5031.site.2, 5, 132, 137
537012.5.peg.5031.site.3, 12, 132, 144
537012.5.peg.5031.site.4, 6, 131, 137
537012.5.peg.5031.site.5, 1, 132, 133
537012.5.peg.5031.site.6, 0, 132, 132
537012.5.peg.5031.site.7, 5, 129, 134
537012.5.peg.5031.site.8, 2, 129, 131
537012.5.peg.5031.site.9, 2, 128, 130
537012.5.peg.5031.site.10, 24, 132, 156
537012.5.peg.5031.site.11, 6, 129, 135
537012.5.peg.5031.site.12, 5, 128, 133
537012.5.peg.5031.site.13, 10, 128, 138
537012.5.peg.5031.site.14, 0, 126, 126
537012.5.peg.5031.site.15, 1, 126, 127
537012.5.peg.5031.site.16, 0, 124, 124
537012.5.peg.5031.site.17, 1, 122, 123
537012.5.peg.5031.site.18, 1, 124, 125
537012.5.peg.5031.site.19, 2, 124, 126
537012.5.peg.5031.site.20, 6, 125, 131
537012.5.peg.5031.site.21, 1, 126, 127
537012.5.peg.5031.site.22, 43, 127, 170
537012.5.peg.5031.site.23, 8, 128, 136
537012.5.peg.5031.site.24, 30, 123, 153
537012.5.peg.5031.site.25, 4, 132, 136
537012.5.peg.5031.site.26, 1, 134, 135
537012.5.peg.5031.site.27, 7, 134, 141
537012.5.peg.5031.site.28, 23, 134, 157
537012.5.peg.5031.site.29, 10, 134, 144
537012.5.peg.5031.site.30, 89, 132, 221
537012.5.peg.5031.site.31, 31, 134, 165
537012.5.peg.5031.site.32, 4, 132, 136
537012.5.peg.5031.site.33, 10, 131, 141
537012.5.peg.5031.site.34, 5, 134, 139
537012.5.peg.5031.site.35, 6, 134, 140
537012.5.peg.5031.site.36, 4, 133, 137
537012.5.peg.5031.site.37, 9, 132, 141
537012.5.peg.5031.site.38, 2, 130, 132
537012.5.peg.5031.site.39, 68, 130, 198
537012.5.peg.5031.site.40, 6, 129, 135
537012.5.peg.5031.site.41, 6, 130, 136
537012.5.peg.5031.site.42, 4, 132, 136
537012.5.peg.5031.site.43, 4, 133, 137
537012.5.peg.5031.site.44, 131, 134, 265
537012.5.peg.5031.site.45, 4, 132, 136
537012.5.peg.5031.site.46, 133, 134, 267
537012.5.peg.5031.site.47, 1, 134, 135
537012.5.peg.5031.site.48, 122, 134, 256
537012.5.peg.5031.site.49, 7, 134, 141
537012.5.peg.5031.site.50, 0, 134, 134
537012.5.peg.1029.site.1, 11, 129, 140
537012.5.peg.1029.site.2, 85, 129, 214
537012.5.peg.1029.site.3, 3, 129, 132
537012.5.peg.1029.site.4, 3, 130, 133
537012.5.peg.1029.site.5, 110, 131, 241
537012.5.peg.1029.site.6, 20, 132, 152
537012.5.peg.1029.site.7, 16, 133, 149
537012.5.peg.1029.site.8, 7, 133, 140
537012.5.peg.1029.site.9, 39, 133, 172
537012.5.peg.1029.site.10, 13, 133, 146
537012.5.peg.1029.site.11, 3, 133, 136
537012.5.peg.1029.site.12, 3, 134, 137
537012.5.peg.1029.site.13, 1, 134, 135
537012.5.peg.1029.site.14, 128, 133, 261
537012.5.peg.1029.site.15, 17, 134, 151
537012.5.peg.1029.site.16, 4, 132, 136
537012.5.peg.1029.site.17, 77, 133, 210
537012.5.peg.1029.site.18, 54, 133, 187
537012.5.peg.1029.site.19, 1, 134, 135
537012.5.peg.1029.site.20, 4, 130, 134
537012.5.peg.1029.site.21, 17, 132, 149
537012.5.peg.1029.site.22, 3, 133, 136
537012.5.peg.1029.site.23, 4, 132, 136
537012.5.peg.1029.site.24, 18, 134, 152
537012.5.peg.1029.site.25, 3, 134, 137
537012.5.peg.1029.site.26, 79, 132, 211
537012.5.peg.1029.site.27, 5, 132, 137
537012.5.peg.1029.site.28, 14, 134, 148
537012.5.peg.1029.site.29, 37, 131, 168
537012.5.peg.1028.site.1, 7, 133, 140
537012.5.peg.1028.site.2, 5, 133, 138
537012.5.peg.1028.site.3, 16, 134, 150
537012.5.peg.1028.site.4, 11, 132, 143
537012.5.peg.1028.site.5, 8, 134, 142
537012.5.peg.1028.site.6, 32, 130, 162
537012.5.peg.1028.site.7, 80, 130, 210
537012.5.peg.1028.site.8, 8, 127, 135
537012.5.peg.1028.site.9, 11, 130, 141
537012.5.peg.1028.site.10, 6, 129, 135
537012.5.peg.1028.site.11, 38, 133, 171
537012.5.peg.1028.site.12, 5, 132, 137
537012.5.peg.1028.site.13, 20, 133, 153
537012.5.peg.1028.site.14, 5, 133, 138
537012.5.peg.1028.site.15, 17, 134, 151
537012.5.peg.1028.site.16, 5, 133, 138
537012.5.peg.1028.site.17, 2, 134, 136
537012.5.peg.1028.site.18, 5, 133, 138
537012.5.peg.1028.site.19, 4, 132, 136
537012.5.peg.1028.site.20, 4, 132, 136
537012.5.peg.1028.site.21, 27, 133, 160
537012.5.peg.1028.site.22, 11, 130, 141
537012.5.peg.1028.site.23, 5, 132, 137
537012.5.peg.1028.site.24, 8, 132, 140
537012.5.peg.1028.site.25, 14, 132, 146
537012.5.peg.1028.site.26, 5, 131, 136
537012.5.peg.1025.site.1, 4, 132, 136
537012.5.peg.1025.site.2, 12, 130, 142
537012.5.peg.1025.site.3, 13, 128, 141
537012.5.peg.1025.site.4, 2, 131, 133
537012.5.peg.1025.site.5, 6, 132, 138
537012.5.peg.1025.site.6, 3, 132, 135
537012.5.peg.1025.site.7, 16, 131, 147
537012.5.peg.1025.site.8, 44, 129, 173
537012.5.peg.1025.site.9, 3, 129, 132
537012.5.peg.1025.site.10, 7, 129, 136
537012.5.peg.1025.site.11, 1, 128, 129
537012.5.peg.1025.site.12, 7, 128, 135
537012.5.peg.1025.site.13, 2, 128, 130
537012.5.peg.1025.site.14, 1, 129, 130
537012.5.peg.1025.site.15, 15, 130, 145
537012.5.peg.1025.site.16, 3, 131, 134
537012.5.peg.1025.site.17, 2, 132, 134
537012.5.peg.1025.site.18, 5, 132, 137
537012.5.peg.1025.site.19, 0, 132, 132
537012.5.peg.1025.site.20, 34, 134, 168
537012.5.peg.1025.site.21, 4, 131, 135
537012.5.peg.1025.site.22, 2, 133, 135
537012.5.peg.1025.site.23, 5, 133, 138
537012.5.peg.1025.site.24, 4, 131, 135
537012.5.peg.1025.site.25, 7, 132, 139
537012.5.peg.1025.site.26, 5, 134, 139
537012.5.peg.1025.site.27, 1, 134, 135
537012.5.peg.1025.site.28, 1, 134, 135
537012.5.peg.1025.site.29, 3, 134, 137
537012.5.peg.1025.site.30, 4, 132, 136
537012.5.peg.1025.site.31, 12, 134, 146
537012.5.peg.1025.site.32, 35, 131, 166
537012.5.peg.1025.site.33, 22, 132, 154
537012.5.peg.1025.site.34, 18, 133, 151
537012.5.peg.1025.site.35, 5, 134, 139
537012.5.peg.1025.site.36, 5, 133, 138
537012.5.peg.1025.site.37, 1, 134, 135
537012.5.peg.1025.site.38, 1, 134, 135
537012.5.peg.1025.site.39, 3, 134, 137
537012.5.peg.1025.site.40, 3, 134, 137
537012.5.peg.1025.site.41, 1, 134, 135
537012.5.peg.1025.site.42, 17, 134, 151
537012.5.peg.1025.site.43, 6, 133, 139
537012.5.peg.1025.site.44, 4, 132, 136
537012.5.peg.1025.site.45, 69, 132, 201
537012.5.peg.1025.site.46, 16, 127, 143
537012.5.peg.1025.site.47, 5, 126, 131
537012.5.peg.1025.site.48, 2, 121, 123
537012.5.peg.1025.site.49, 5, 121, 126
537012.5.peg.1025.site.50, 7, 118, 125
537012.5.peg.1025.site.51, 4, 120, 124
537012.5.peg.1024.site.1, 2, 8, 10
537012.5.peg.1024.site.2, 1, 114, 115
537012.5.peg.1024.site.3, 4, 120, 124
537012.5.peg.1024.site.4, 2, 122, 124
537012.5.peg.1024.site.5, 3, 131, 134
537012.5.peg.1024.site.6, 15, 133, 148
537012.5.peg.1024.site.7, 1, 133, 134
537012.5.peg.1024.site.8, 1, 133, 134
537012.5.peg.1024.site.9, 30, 130, 160
537012.5.peg.1024.site.10, 118, 131, 249
537012.5.peg.1027.site.1, 3, 134, 137
537012.5.peg.1027.site.2, 3, 134, 137
537012.5.peg.1027.site.3, 1, 134, 135
537012.5.peg.1027.site.4, 11, 134, 145
537012.5.peg.1027.site.5, 1, 134, 135
537012.5.peg.1027.site.6, 17, 134, 151
537012.5.peg.1027.site.7, 0, 134, 134
537012.5.peg.1027.site.8, 15, 134, 149
537012.5.peg.1027.site.9, 1, 134, 135
537012.5.peg.1027.site.10, 5, 133, 138
537012.5.peg.1027.site.11, 2, 134, 136
537012.5.peg.1027.site.12, 14, 134, 148
537012.5.peg.1027.site.13, 21, 132, 153
537012.5.peg.1027.site.14, 4, 132, 136
537012.5.peg.1027.site.15, 3, 132, 135
537012.5.peg.1027.site.16, 5, 133, 138
537012.5.peg.1027.site.17, 15, 132, 147
537012.5.peg.1027.site.18, 1, 134, 135
537012.5.peg.1027.site.19, 18, 134, 152
537012.5.peg.1027.site.20, 9, 128, 137
537012.5.peg.1027.site.21, 20, 130, 150
537012.5.peg.1027.site.22, 0, 133, 133
537012.5.peg.1027.site.23, 2, 131, 133
537012.5.peg.1027.site.24, 15, 129, 144
537012.5.peg.1027.site.25, 15, 127, 142
537012.5.peg.1027.site.26, 1, 129, 130
537012.5.peg.1027.site.27, 2, 133, 135
537012.5.peg.1027.site.28, 5, 132, 137
537012.5.peg.1027.site.29, 24, 132, 156
537012.5.peg.1027.site.30, 18, 132, 150
537012.5.peg.1027.site.31, 1, 132, 133
537012.5.peg.1027.site.32, 1, 130, 131
537012.5.peg.1027.site.33, 12, 130, 142
537012.5.peg.1027.site.34, 1, 132, 133
537012.5.peg.1027.site.35, 2, 131, 133
537012.5.peg.1027.site.36, 1, 132, 133
537012.5.peg.1027.site.37, 19, 130, 149
537012.5.peg.1027.site.38, 1, 129, 130
537012.5.peg.1027.site.39, 12, 130, 142
537012.5.peg.1027.site.40, 10, 133, 143
537012.5.peg.1027.site.41, 30, 133, 163
537012.5.peg.1027.site.42, 1, 130, 131
537012.5.peg.1027.site.43, 10, 123, 133
537012.5.peg.1027.site.44, 9, 121, 130
537012.5.peg.1027.site.45, 84, 129, 213
537012.5.peg.1027.site.46, 3, 129, 132
537012.5.peg.1027.site.47, 14, 131, 145
537012.5.peg.1027.site.48, 3, 133, 136
537012.5.peg.1027.site.49, 3, 133, 136
537012.5.peg.1027.site.50, 119, 133, 252
537012.5.peg.1027.site.51, 0, 127, 127
537012.5.peg.1027.site.52, 77, 128, 205
537012.5.peg.1027.site.53, 10, 126, 136
537012.5.peg.1027.site.54, 0, 131, 131
537012.5.peg.1027.site.55, 13, 134, 147
537012.5.peg.1027.site.56, 5, 133, 138
537012.5.peg.1027.site.57, 55, 132, 187
537012.5.peg.1027.site.58, 5, 132, 137
537012.5.peg.1026.site.1, 11, 134, 145
537012.5.peg.1026.site.2, 27, 133, 160
537012.5.peg.1026.site.3, 17, 134, 151
537012.5.peg.1026.site.4, 7, 133, 140
537012.5.peg.1026.site.5, 12, 128, 140
537012.5.peg.1026.site.6, 3, 123, 126
537012.5.peg.1026.site.7, 7, 125, 132
537012.5.peg.1026.site.8, 35, 122, 157
537012.5.peg.1026.site.9, 4, 115, 119
537012.5.peg.1026.site.10, 4, 125, 129
537012.5.peg.1026.site.11, 118, 131, 249
537012.5.peg.1026.site.12, 11, 133, 144
537012.5.peg.1026.site.13, 4, 131, 135
537012.5.peg.1026.site.14, 1, 134, 135
537012.5.peg.1026.site.15, 43, 132, 175
537012.5.peg.1026.site.16, 32, 134, 166
537012.5.peg.1026.site.17, 5, 133, 138
537012.5.peg.1026.site.18, 12, 134, 146
537012.5.peg.1026.site.19, 18, 134, 152
537012.5.peg.1026.site.20, 20, 132, 152
537012.5.peg.1026.site.21, 22, 132, 154
537012.5.peg.1026.site.22, 4, 130, 134
537012.5.peg.1026.site.23, 22, 132, 154
537012.5.peg.1026.site.24, 21, 131, 152
537012.5.peg.1026.site.25, 16, 132, 148
537012.5.peg.1026.site.26, 3, 132, 135
537012.5.peg.1026.site.27, 16, 132, 148
537012.5.peg.1026.site.28, 20, 127, 147
537012.5.peg.1026.site.29, 16, 125, 141
537012.5.peg.1026.site.30, 12, 127, 139
537012.5.peg.1026.site.31, 15, 123, 138
537012.5.peg.1026.site.32, 12, 123, 135
537012.5.peg.1026.site.33, 11, 126, 137
537012.5.peg.1026.site.34, 0, 124, 124
537012.5.peg.1026.site.35, 1, 122, 123
537012.5.peg.1026.site.36, 15, 122, 137
537012.5.peg.1026.site.37, 3, 121, 124
537012.5.peg.1021.site.1, 21, 128, 149
537012.5.peg.1021.site.2, 4, 130, 134
537012.5.peg.1021.site.3, 1, 129, 130
537012.5.peg.1021.site.4, 2, 128, 130
537012.5.peg.1021.site.5, 1, 131, 132
537012.5.peg.1021.site.6, 2, 134, 136
537012.5.peg.1021.site.7, 1, 134, 135
537012.5.peg.1021.site.8, 133, 134, 267
537012.5.peg.1021.site.9, 2, 134, 136
537012.5.peg.1021.site.10, 48, 133, 181
537012.5.peg.1021.site.11, 78, 133, 211
537012.5.peg.1021.site.12, 4, 131, 135
537012.5.peg.1021.site.13, 5, 134, 139
537012.5.peg.1021.site.14, 11, 134, 145
537012.5.peg.1021.site.15, 1, 134, 135
537012.5.peg.1021.site.16, 11, 131, 142
537012.5.peg.1021.site.17, 8, 133, 141
537012.5.peg.1021.site.18, 58, 131, 189
537012.5.peg.1021.site.19, 3, 134, 137
537012.5.peg.1021.site.20, 1, 134, 135
537012.5.peg.1021.site.21, 2, 134, 136
537012.5.peg.1021.site.22, 1, 134, 135
537012.5.peg.1021.site.23, 1, 133, 134
537012.5.peg.1021.site.24, 81, 133, 214
537012.5.peg.1021.site.25, 2, 132, 134
537012.5.peg.1021.site.26, 4, 131, 135
537012.5.peg.1021.site.27, 32, 134, 166
537012.5.peg.1021.site.28, 0, 134, 134
537012.5.peg.1021.site.29, 89, 134, 223
537012.5.peg.1021.site.30, 1, 134, 135
537012.5.peg.1021.site.31, 1, 134, 135
537012.5.peg.1021.site.32, 1, 131, 132
537012.5.peg.1021.site.33, 3, 130, 133
537012.5.peg.1021.site.34, 2, 130, 132
537012.5.peg.1021.site.35, 2, 130, 132
537012.5.peg.1021.site.36, 3, 129, 132
537012.5.peg.1021.site.37, 28, 128, 156
537012.5.peg.1021.site.38, 125, 130, 255
537012.5.peg.1021.site.39, 0, 130, 130
537012.5.peg.1021.site.40, 1, 129, 130
537012.5.peg.1021.site.41, 6, 129, 135
537012.5.peg.1021.site.42, 1, 129, 130
537012.5.peg.1021.site.43, 4, 130, 134
537012.5.peg.1021.site.44, 126, 128, 254
537012.5.peg.1021.site.45, 6, 128, 134
537012.5.peg.1021.site.46, 8, 129, 137
537012.5.peg.1021.site.47, 2, 130, 132
537012.5.peg.1021.site.48, 8, 129, 137
537012.5.peg.1021.site.49, 128, 130, 258
537012.5.peg.1021.site.50, 12, 129, 141
537012.5.peg.1021.site.51, 7, 129, 136
537012.5.peg.1021.site.52, 2, 126, 128
537012.5.peg.1021.site.53, 40, 128, 168
537012.5.peg.1021.site.54, 1, 129, 130
537012.5.peg.1021.site.55, 3, 126, 129
537012.5.peg.1021.site.56, 1, 127, 128
537012.5.peg.1021.site.57, 3, 126, 129
537012.5.peg.1021.site.58, 1, 130, 131
537012.5.peg.1021.site.59, 1, 130, 131
537012.5.peg.1021.site.60, 4, 133, 137
537012.5.peg.1021.site.61, 2, 133, 135
537012.5.peg.1021.site.62, 21, 133, 154
537012.5.peg.1020.site.1, 4, 131, 135
537012.5.peg.1020.site.2, 7, 133, 140
537012.5.peg.1020.site.3, 3, 134, 137
537012.5.peg.1020.site.4, 1, 134, 135
537012.5.peg.1020.site.5, 0, 134, 134
537012.5.peg.1020.site.6, 10, 133, 143
537012.5.peg.1020.site.7, 1, 134, 135
537012.5.peg.1020.site.8, 10, 134, 144
537012.5.peg.1020.site.9, 0, 134, 134
537012.5.peg.1020.site.10, 4, 134, 138
537012.5.peg.1020.site.11, 1, 134, 135
537012.5.peg.1020.site.12, 3, 133, 136
537012.5.peg.1020.site.13, 4, 134, 138
537012.5.peg.1020.site.14, 1, 133, 134
537012.5.peg.1020.site.15, 9, 134, 143
537012.5.peg.1020.site.16, 11, 133, 144
537012.5.peg.1020.site.17, 28, 132, 160
537012.5.peg.1020.site.18, 3, 134, 137
537012.5.peg.1020.site.19, 48, 133, 181
537012.5.peg.1020.site.20, 2, 134, 136
537012.5.peg.1020.site.21, 1, 134, 135
537012.5.peg.1020.site.22, 2, 134, 136
537012.5.peg.1020.site.23, 6, 134, 140
537012.5.peg.1020.site.24, 6, 134, 140
537012.5.peg.1020.site.25, 3, 134, 137
537012.5.peg.1020.site.26, 1, 134, 135
537012.5.peg.1020.site.27, 3, 134, 137
537012.5.peg.1020.site.28, 2, 134, 136
537012.5.peg.1020.site.29, 3, 134, 137
537012.5.peg.1023.site.1, 4, 130, 134
537012.5.peg.1023.site.2, 2, 134, 136
537012.5.peg.1023.site.3, 4, 132, 136
537012.5.peg.1023.site.4, 0, 134, 134
537012.5.peg.1023.site.5, 2, 134, 136
537012.5.peg.1023.site.6, 2, 134, 136
537012.5.peg.1023.site.7, 2, 134, 136
537012.5.peg.1023.site.8, 2, 134, 136
537012.5.peg.1023.site.9, 17, 134, 151
537012.5.peg.1023.site.10, 25, 134, 159
537012.5.peg.1023.site.11, 3, 131, 134
537012.5.peg.1023.site.12, 2, 134, 136
537012.5.peg.1023.site.13, 4, 131, 135
537012.5.peg.1023.site.14, 6, 133, 139
537012.5.peg.1023.site.15, 0, 133, 133
537012.5.peg.1023.site.16, 4, 131, 135
537012.5.peg.1023.site.17, 3, 134, 137
537012.5.peg.1023.site.18, 3, 134, 137
537012.5.peg.1023.site.19, 14, 134, 148
537012.5.peg.1022.site.1, 1, 134, 135
537012.5.peg.1022.site.2, 1, 130, 131
537012.5.peg.1022.site.3, 44, 129, 173
537012.5.peg.986.site.1, 2, 129, 131
537012.5.peg.986.site.2, 3, 129, 132
537012.5.peg.986.site.3, 0, 129, 129
537012.5.peg.986.site.4, 2, 129, 131
537012.5.peg.986.site.5, 1, 128, 129
537012.5.peg.986.site.6, 2, 128, 130
537012.5.peg.986.site.7, 1, 129, 130
537012.5.peg.986.site.8, 1, 129, 130
537012.5.peg.986.site.9, 1, 129, 130
537012.5.peg.986.site.10, 3, 129, 132
537012.5.peg.986.site.11, 1, 128, 129
537012.5.peg.986.site.12, 1, 129, 130
537012.5.peg.986.site.13, 1, 129, 130
537012.5.peg.986.site.14, 1, 129, 130
537012.5.peg.986.site.15, 1, 129, 130
537012.5.peg.986.site.16, 1, 129, 130
537012.5.peg.986.site.17, 1, 127, 128
537012.5.peg.986.site.18, 8, 129, 137
537012.5.peg.986.site.19, 12, 128, 140
537012.5.peg.986.site.20, 1, 128, 129
537012.5.peg.986.site.21, 1, 128, 129
537012.5.peg.986.site.22, 1, 129, 130
537012.5.peg.986.site.23, 4, 128, 132
537012.5.peg.986.site.24, 1, 128, 129
537012.5.peg.986.site.25, 2, 128, 130
537012.5.peg.986.site.26, 4, 126, 130
537012.5.peg.986.site.27, 4, 127, 131
537012.5.peg.986.site.28, 1, 128, 129
537012.5.peg.986.site.29, 3, 129, 132
537012.5.peg.986.site.30, 21, 128, 149
537012.5.peg.986.site.31, 37, 126, 163
537012.5.peg.986.site.32, 29, 126, 155
537012.5.peg.986.site.33, 6, 127, 133
537012.5.peg.986.site.34, 8, 127, 135
537012.5.peg.986.site.35, 1, 129, 130
537012.5.peg.986.site.36, 1, 129, 130
537012.5.peg.986.site.37, 1, 126, 127
537012.5.peg.986.site.38, 4, 127, 131
537012.5.peg.986.site.39, 12, 127, 139
537012.5.peg.986.site.40, 3, 129, 132
537012.5.peg.986.site.41, 6, 125, 131
537012.5.peg.986.site.42, 1, 129, 130
537012.5.peg.986.site.43, 1, 129, 130
537012.5.peg.986.site.44, 2, 129, 131
537012.5.peg.986.site.45, 10, 129, 139
537012.5.peg.986.site.46, 1, 128, 129
537012.5.peg.986.site.47, 8, 127, 135
537012.5.peg.986.site.48, 5, 128, 133
537012.5.peg.986.site.49, 3, 127, 130
537012.5.peg.986.site.50, 3, 125, 128
537012.5.peg.986.site.51, 6, 125, 131
537012.5.peg.986.site.52, 1, 124, 125
537012.5.peg.986.site.53, 3, 126, 129
537012.5.peg.986.site.54, 1, 127, 128
537012.5.peg.986.site.55, 2, 126, 128
537012.5.peg.986.site.56, 1, 129, 130
537012.5.peg.986.site.57, 5, 127, 132
537012.5.peg.986.site.58, 3, 129, 132
537012.5.peg.986.site.59, 3, 128, 131
537012.5.peg.986.site.60, 1, 126, 127
537012.5.peg.986.site.61, 4, 125, 129
537012.5.peg.986.site.62, 1, 124, 125
537012.5.peg.986.site.63, 52, 125, 177
537012.5.peg.986.site.64, 2, 125, 127
537012.5.peg.986.site.65, 1, 124, 125
537012.5.peg.986.site.66, 2, 124, 126
537012.5.peg.986.site.67, 2, 126, 128
537012.5.peg.986.site.68, 17, 125, 142
537012.5.peg.986.site.69, 1, 125, 126
537012.5.peg.986.site.70, 1, 123, 124
537012.5.peg.987.site.1, 3, 126, 129
537012.5.peg.987.site.2, 5, 125, 130
537012.5.peg.987.site.3, 2, 124, 126
537012.5.peg.987.site.4, 1, 124, 125
537012.5.peg.987.site.5, 2, 127, 129
537012.5.peg.987.site.6, 18, 127, 145
537012.5.peg.987.site.7, 1, 124, 125
537012.5.peg.987.site.8, 1, 124, 125
537012.5.peg.987.site.9, 1, 128, 129
537012.5.peg.987.site.10, 1, 129, 130
537012.5.peg.987.site.11, 1, 128, 129
537012.5.peg.987.site.12, 1, 124, 125
537012.5.peg.987.site.13, 85, 122, 207
537012.5.peg.987.site.14, 1, 128, 129
537012.5.peg.987.site.15, 5, 127, 132
537012.5.peg.987.site.16, 0, 127, 127
537012.5.peg.987.site.17, 5, 127, 132
537012.5.peg.987.site.18, 1, 129, 130
537012.5.peg.987.site.19, 3, 129, 132
537012.5.peg.987.site.20, 2, 129, 131
537012.5.peg.987.site.21, 4, 127, 131
537012.5.peg.987.site.22, 4, 126, 130
537012.5.peg.987.site.23, 3, 130, 133
537012.5.peg.987.site.24, 1, 130, 131
537012.5.peg.987.site.25, 57, 127, 184
537012.5.peg.987.site.26, 1, 130, 131
537012.5.peg.987.site.27, 7, 127, 134
537012.5.peg.987.site.28, 62, 128, 190
537012.5.peg.987.site.29, 3, 129, 132
537012.5.peg.987.site.30, 13, 127, 140
537012.5.peg.987.site.31, 5, 128, 133
537012.5.peg.987.site.32, 1, 129, 130
537012.5.peg.987.site.33, 1, 130, 131
537012.5.peg.987.site.34, 1, 129, 130
537012.5.peg.984.site.1, 126, 128, 254
537012.5.peg.984.site.2, 1, 128, 129
537012.5.peg.984.site.3, 4, 126, 130
537012.5.peg.984.site.4, 5, 126, 131
537012.5.peg.984.site.5, 5, 127, 132
537012.5.peg.984.site.6, 4, 127, 131
537012.5.peg.984.site.7, 4, 126, 130
537012.5.peg.984.site.8, 1, 128, 129
537012.5.peg.984.site.9, 30, 125, 155
537012.5.peg.984.site.10, 3, 129, 132
537012.5.peg.984.site.11, 1, 129, 130
537012.5.peg.984.site.12, 3, 129, 132
537012.5.peg.984.site.13, 6, 127, 133
537012.5.peg.984.site.14, 6, 127, 133
537012.5.peg.984.site.15, 47, 127, 174
537012.5.peg.984.site.16, 2, 129, 131
537012.5.peg.984.site.17, 0, 129, 129
537012.5.peg.984.site.18, 2, 129, 131
537012.5.peg.984.site.19, 1, 128, 129
537012.5.peg.984.site.20, 1, 127, 128
537012.5.peg.984.site.21, 2, 126, 128
537012.5.peg.984.site.22, 13, 128, 141
537012.5.peg.984.site.23, 20, 128, 148
537012.5.peg.984.site.24, 3, 128, 131
537012.5.peg.984.site.25, 8, 128, 136
537012.5.peg.984.site.26, 14, 127, 141
537012.5.peg.984.site.27, 14, 127, 141
537012.5.peg.984.site.28, 1, 128, 129
537012.5.peg.984.site.29, 0, 127, 127
537012.5.peg.984.site.30, 12, 126, 138
537012.5.peg.984.site.31, 0, 127, 127
537012.5.peg.984.site.32, 22, 126, 148
537012.5.peg.984.site.33, 2, 127, 129
537012.5.peg.984.site.34, 19, 126, 145
537012.5.peg.984.site.35, 20, 126, 146
537012.5.peg.984.site.36, 4, 128, 132
537012.5.peg.984.site.37, 2, 127, 129
537012.5.peg.984.site.38, 22, 128, 150
537012.5.peg.984.site.39, 19, 127, 146
537012.5.peg.984.site.40, 2, 127, 129
537012.5.peg.984.site.41, 3, 129, 132
537012.5.peg.984.site.42, 1, 129, 130
537012.5.peg.984.site.43, 1, 129, 130
537012.5.peg.984.site.44, 1, 129, 130
537012.5.peg.984.site.45, 1, 129, 130
537012.5.peg.984.site.46, 40, 129, 169
537012.5.peg.984.site.47, 1, 129, 130
537012.5.peg.984.site.48, 1, 129, 130
537012.5.peg.984.site.49, 1, 129, 130
537012.5.peg.984.site.50, 1, 129, 130
537012.5.peg.984.site.51, 1, 129, 130
537012.5.peg.984.site.52, 3, 129, 132
537012.5.peg.984.site.53, 7, 129, 136
537012.5.peg.984.site.54, 1, 129, 130
537012.5.peg.984.site.55, 4, 127, 131
537012.5.peg.984.site.56, 1, 129, 130
537012.5.peg.984.site.57, 1, 129, 130
537012.5.peg.984.site.58, 1, 129, 130
537012.5.peg.984.site.59, 4, 125, 129
537012.5.peg.984.site.60, 4, 125, 129
537012.5.peg.984.site.61, 5, 125, 130
537012.5.peg.984.site.62, 4, 124, 128
537012.5.peg.984.site.63, 4, 126, 130
537012.5.peg.984.site.64, 3, 127, 130
537012.5.peg.984.site.65, 18, 126, 144
537012.5.peg.984.site.66, 1, 128, 129
537012.5.peg.984.site.67, 1, 128, 129
537012.5.peg.984.site.68, 1, 128, 129
537012.5.peg.984.site.69, 3, 127, 130
537012.5.peg.984.site.70, 1, 128, 129
537012.5.peg.984.site.71, 1, 128, 129
537012.5.peg.984.site.72, 3, 128, 131
537012.5.peg.984.site.73, 3, 128, 131
537012.5.peg.984.site.74, 5, 128, 133
537012.5.peg.984.site.75, 101, 125, 226
537012.5.peg.984.site.76, 10, 127, 137
537012.5.peg.984.site.77, 3, 126, 129
537012.5.peg.984.site.78, 2, 126, 128
537012.5.peg.984.site.79, 20, 125, 145
537012.5.peg.984.site.80, 2, 127, 129
537012.5.peg.984.site.81, 45, 126, 171
537012.5.peg.984.site.82, 3, 127, 130
537012.5.peg.984.site.83, 8, 127, 135
537012.5.peg.984.site.84, 6, 121, 127
537012.5.peg.984.site.85, 3, 127, 130
537012.5.peg.985.site.1, 3, 127, 130
537012.5.peg.985.site.2, 4, 127, 131
537012.5.peg.985.site.3, 90, 124, 214
537012.5.peg.985.site.4, 44, 127, 171
537012.5.peg.985.site.5, 0, 127, 127
537012.5.peg.985.site.6, 2, 129, 131
537012.5.peg.985.site.7, 2, 129, 131
537012.5.peg.985.site.8, 2, 129, 131
537012.5.peg.985.site.9, 13, 128, 141
537012.5.peg.985.site.10, 18, 129, 147
537012.5.peg.985.site.11, 1, 128, 129
537012.5.peg.985.site.12, 1, 128, 129
537012.5.peg.985.site.13, 2, 129, 131
537012.5.peg.985.site.14, 1, 128, 129
537012.5.peg.985.site.15, 1, 128, 129
537012.5.peg.985.site.16, 121, 124, 245
537012.5.peg.985.site.17, 25, 127, 152
537012.5.peg.985.site.18, 3, 128, 131
537012.5.peg.985.site.19, 3, 129, 132
537012.5.peg.985.site.20, 2, 129, 131
537012.5.peg.985.site.21, 4, 128, 132
537012.5.peg.985.site.22, 1, 130, 131
537012.5.peg.985.site.23, 6, 129, 135
537012.5.peg.985.site.24, 116, 129, 245
537012.5.peg.985.site.25, 1, 129, 130
537012.5.peg.985.site.26, 2, 129, 131
537012.5.peg.985.site.27, 1, 129, 130
537012.5.peg.985.site.28, 2, 129, 131
537012.5.peg.985.site.29, 1, 129, 130
537012.5.peg.985.site.30, 7, 128, 135
537012.5.peg.985.site.31, 1, 129, 130
537012.5.peg.985.site.32, 1, 129, 130
537012.5.peg.985.site.33, 1, 129, 130
537012.5.peg.985.site.34, 31, 129, 160
537012.5.peg.985.site.35, 20, 128, 148
537012.5.peg.985.site.36, 1, 129, 130
537012.5.peg.985.site.37, 128, 129, 257
537012.5.peg.985.site.38, 7, 127, 134
537012.5.peg.985.site.39, 1, 129, 130
537012.5.peg.985.site.40, 2, 129, 131
537012.5.peg.985.site.41, 1, 128, 129
537012.5.peg.985.site.42, 2, 129, 131
537012.5.peg.985.site.43, 1, 129, 130
537012.5.peg.985.site.44, 2, 129, 131
537012.5.peg.985.site.45, 4, 129, 133
537012.5.peg.1335.site.1, 12, 120, 132
537012.5.peg.1335.site.2, 10, 126, 136
537012.5.peg.1335.site.3, 1, 127, 128
537012.5.peg.1335.site.4, 5, 134, 139
537012.5.peg.1335.site.5, 20, 133, 153
537012.5.peg.1335.site.6, 0, 133, 133
537012.5.peg.1335.site.7, 0, 133, 133
537012.5.peg.1335.site.8, 0, 134, 134
537012.5.peg.1335.site.9, 0, 133, 133
537012.5.peg.1335.site.10, 1, 134, 135
537012.5.peg.1335.site.11, 5, 132, 137
537012.5.peg.1335.site.12, 5, 134, 139
537012.5.peg.1335.site.13, 5, 132, 137
537012.5.peg.1335.site.14, 36, 133, 169
537012.5.peg.1335.site.15, 57, 134, 191
537012.5.peg.1335.site.16, 11, 133, 144
537012.5.peg.1335.site.17, 32, 132, 164
537012.5.peg.1335.site.18, 12, 128, 140
537012.5.peg.1335.site.19, 75, 130, 205
537012.5.peg.1335.site.20, 76, 130, 206
537012.5.peg.1335.site.21, 1, 133, 134
537012.5.peg.1335.site.22, 10, 132, 142
537012.5.peg.1335.site.23, 1, 130, 131
537012.5.peg.1335.site.24, 1, 132, 133
537012.5.peg.1335.site.25, 3, 132, 135
537012.5.peg.1335.site.26, 1, 131, 132
537012.5.peg.1335.site.27, 5, 128, 133
537012.5.peg.1335.site.28, 7, 126, 133
537012.5.peg.1335.site.29, 9, 125, 134
537012.5.peg.1335.site.30, 2, 124, 126
537012.5.peg.1335.site.31, 11, 121, 132
537012.5.peg.1335.site.32, 1, 122, 123
537012.5.peg.1335.site.33, 9, 123, 132
537012.5.peg.1335.site.34, 8, 123, 131
537012.5.peg.1335.site.35, 3, 125, 128
537012.5.peg.1335.site.36, 0, 129, 129
537012.5.peg.1335.site.37, 0, 131, 131
537012.5.peg.1335.site.38, 115, 130, 245
537012.5.peg.1335.site.39, 11, 127, 138
537012.5.peg.1335.site.40, 7, 126, 133
537012.5.peg.1335.site.41, 115, 122, 237
537012.5.peg.1335.site.42, 3, 123, 126
537012.5.peg.1335.site.43, 52, 120, 172
537012.5.peg.1335.site.44, 1, 124, 125
537012.5.peg.1335.site.45, 7, 130, 137
537012.5.peg.1335.site.46, 0, 134, 134
537012.5.peg.1335.site.47, 12, 134, 146
537012.5.peg.1335.site.48, 1, 134, 135
537012.5.peg.1335.site.49, 8, 125, 133
537012.5.peg.1335.site.50, 8, 118, 126
537012.5.peg.983.site.1, 0, 127, 127
537012.5.peg.983.site.2, 36, 126, 162
537012.5.peg.983.site.3, 2, 128, 130
537012.5.peg.983.site.4, 28, 125, 153
537012.5.peg.983.site.5, 0, 128, 128
537012.5.peg.983.site.6, 2, 128, 130
537012.5.peg.983.site.7, 0, 128, 128
537012.5.peg.983.site.8, 1, 128, 129
537012.5.peg.983.site.9, 5, 126, 131
537012.5.peg.983.site.10, 4, 126, 130
537012.5.peg.983.site.11, 27, 128, 155
537012.5.peg.983.site.12, 14, 127, 141
537012.5.peg.983.site.13, 9, 128, 137
537012.5.peg.983.site.14, 1, 128, 129
537012.5.peg.983.site.15, 2, 129, 131
537012.5.peg.983.site.16, 52, 129, 181
537012.5.peg.983.site.17, 10, 128, 138
537012.5.peg.983.site.18, 2, 129, 131
537012.5.peg.983.site.19, 40, 127, 167
537012.5.peg.983.site.20, 7, 126, 133
537012.5.peg.983.site.21, 1, 127, 128
537012.5.peg.983.site.22, 1, 127, 128
537012.5.peg.983.site.23, 3, 128, 131
537012.5.peg.983.site.24, 6, 124, 130
537012.5.peg.983.site.25, 21, 127, 148
537012.5.peg.983.site.26, 0, 128, 128
537012.5.peg.1337.site.1, 3, 119, 122
537012.5.peg.1337.site.2, 8, 124, 132
537012.5.peg.1337.site.3, 1, 131, 132
537012.5.peg.1337.site.4, 5, 134, 139
537012.5.peg.1337.site.5, 10, 134, 144
537012.5.peg.1337.site.6, 1, 134, 135
537012.5.peg.1337.site.7, 7, 134, 141
537012.5.peg.1337.site.8, 19, 134, 153
537012.5.peg.1337.site.9, 15, 132, 147
537012.5.peg.1337.site.10, 7, 134, 141
537012.5.peg.1337.site.11, 7, 134, 141
537012.5.peg.1337.site.12, 5, 134, 139
537012.5.peg.1337.site.13, 10, 134, 144
537012.5.peg.1337.site.14, 7, 133, 140
537012.5.peg.1337.site.15, 1, 134, 135
537012.5.peg.1337.site.16, 5, 132, 137
537012.5.peg.1337.site.17, 7, 134, 141
537012.5.peg.1337.site.18, 7, 133, 140
537012.5.peg.1337.site.19, 4, 130, 134
537012.5.peg.1337.site.20, 14, 131, 145
537012.5.peg.1337.site.21, 19, 134, 153
537012.5.peg.1337.site.22, 4, 131, 135
537012.5.peg.1337.site.23, 10, 133, 143
537012.5.peg.1337.site.24, 7, 132, 139
537012.5.peg.1337.site.25, 1, 133, 134
537012.5.peg.1337.site.26, 6, 130, 136
537012.5.peg.1337.site.27, 6, 128, 134
537012.5.peg.1337.site.28, 18, 127, 145
537012.5.peg.1337.site.29, 0, 126, 126
537012.5.peg.1337.site.30, 19, 126, 145
537012.5.peg.1337.site.31, 1, 132, 133
537012.5.peg.1337.site.32, 3, 133, 136
537012.5.peg.1337.site.33, 57, 131, 188
537012.5.peg.1337.site.34, 2, 134, 136
537012.5.peg.1337.site.35, 13, 131, 144
537012.5.peg.1337.site.36, 3, 130, 133
537012.5.peg.1337.site.37, 2, 129, 131
537012.5.peg.1337.site.38, 2, 127, 129
537012.5.peg.1337.site.39, 2, 127, 129
537012.5.peg.1337.site.40, 2, 128, 130
537012.5.peg.1337.site.41, 13, 131, 144
537012.5.peg.1337.site.42, 1, 134, 135
537012.5.peg.1337.site.43, 5, 134, 139
537012.5.peg.1337.site.44, 7, 134, 141
537012.5.peg.1337.site.45, 9, 134, 143
537012.5.peg.1337.site.46, 16, 134, 150
537012.5.peg.1337.site.47, 5, 133, 138
537012.5.peg.1337.site.48, 20, 133, 153
537012.5.peg.1337.site.49, 1, 134, 135
537012.5.peg.1337.site.50, 5, 133, 138
537012.5.peg.1337.site.51, 6, 130, 136
537012.5.peg.1337.site.52, 3, 129, 132
537012.5.peg.1337.site.53, 3, 128, 131
537012.5.peg.1337.site.54, 4, 123, 127
537012.5.peg.1337.site.55, 26, 122, 148
537012.5.peg.1337.site.56, 3, 121, 124
537012.5.peg.1336.site.1, 3, 130, 133
537012.5.peg.1336.site.2, 20, 127, 147
537012.5.peg.1336.site.3, 1, 133, 134
537012.5.peg.1336.site.4, 9, 134, 143
537012.5.peg.1336.site.5, 7, 134, 141
537012.5.peg.1336.site.6, 1, 134, 135
537012.5.peg.1336.site.7, 13, 130, 143
537012.5.peg.1336.site.8, 13, 122, 135
537012.5.peg.1336.site.9, 0, 126, 126
537012.5.peg.1336.site.10, 125, 127, 252
537012.5.peg.1336.site.11, 5, 127, 132
537012.5.peg.1336.site.12, 21, 124, 145
537012.5.peg.1336.site.13, 12, 121, 133
537012.5.peg.1336.site.14, 7, 124, 131
537012.5.peg.1336.site.15, 3, 122, 125
537012.5.peg.1336.site.16, 6, 117, 123
537012.5.peg.1336.site.17, 2, 118, 120
537012.5.peg.1336.site.18, 90, 120, 210
537012.5.peg.1336.site.19, 88, 118, 206
537012.5.peg.1336.site.20, 90, 120, 210
537012.5.peg.1336.site.21, 13, 122, 135
537012.5.peg.1336.site.22, 2, 134, 136
537012.5.peg.1336.site.23, 9, 134, 143
537012.5.peg.1336.site.24, 5, 132, 137
537012.5.peg.1336.site.25, 11, 131, 142
537012.5.peg.1336.site.26, 4, 132, 136
537012.5.peg.1336.site.27, 1, 132, 133
537012.5.peg.1336.site.28, 1, 134, 135
537012.5.peg.1336.site.29, 1, 134, 135
537012.5.peg.1336.site.30, 4, 133, 137
537012.5.peg.1336.site.31, 4, 134, 138
537012.5.peg.1336.site.32, 5, 134, 139
537012.5.peg.1336.site.33, 1, 133, 134
537012.5.peg.1336.site.34, 10, 133, 143
537012.5.peg.1336.site.35, 17, 133, 150
537012.5.peg.1336.site.36, 99, 132, 231
537012.5.peg.1336.site.37, 4, 131, 135
537012.5.peg.1336.site.38, 99, 129, 228
537012.5.peg.1336.site.39, 12, 130, 142
537012.5.peg.1336.site.40, 6, 131, 137
537012.5.peg.1336.site.41, 2, 132, 134
537012.5.peg.1336.site.42, 57, 132, 189
537012.5.peg.1336.site.43, 11, 134, 145
537012.5.peg.1336.site.44, 15, 132, 147
537012.5.peg.1336.site.45, 3, 134, 137
537012.5.peg.1336.site.46, 6, 133, 139
537012.5.peg.1336.site.47, 11, 132, 143
537012.5.peg.1336.site.48, 7, 134, 141
537012.5.peg.1336.site.49, 10, 133, 143
537012.5.peg.1336.site.50, 21, 131, 152
537012.5.peg.1336.site.51, 2, 132, 134
537012.5.peg.1336.site.52, 4, 132, 136
537012.5.peg.1336.site.53, 80, 132, 212
537012.5.peg.1336.site.54, 5, 131, 136
537012.5.peg.1336.site.55, 126, 128, 254
537012.5.peg.1339.site.1, 30, 118, 148
537012.5.peg.1339.site.2, 5, 122, 127
537012.5.peg.1339.site.3, 22, 132, 154
537012.5.peg.1339.site.4, 5, 133, 138
537012.5.peg.1339.site.5, 5, 132, 137
537012.5.peg.1339.site.6, 1, 132, 133
537012.5.peg.1339.site.7, 7, 131, 138
537012.5.peg.1339.site.8, 3, 131, 134
537012.5.peg.1339.site.9, 1, 130, 131
537012.5.peg.1339.site.10, 9, 130, 139
537012.5.peg.1339.site.11, 12, 133, 145
537012.5.peg.1339.site.12, 4, 131, 135
537012.5.peg.1339.site.13, 4, 132, 136
537012.5.peg.1339.site.14, 4, 132, 136
537012.5.peg.1339.site.15, 1, 134, 135
537012.5.peg.1339.site.16, 4, 132, 136
537012.5.peg.1339.site.17, 7, 134, 141
537012.5.peg.1339.site.18, 31, 132, 163
537012.5.peg.1339.site.19, 4, 132, 136
537012.5.peg.1339.site.20, 4, 132, 136
537012.5.peg.1339.site.21, 4, 132, 136
537012.5.peg.1339.site.22, 30, 132, 162
537012.5.peg.1339.site.23, 132, 134, 266
537012.5.peg.1339.site.24, 127, 134, 261
537012.5.peg.1339.site.25, 23, 133, 156
537012.5.peg.1339.site.26, 45, 133, 178
537012.5.peg.1339.site.27, 5, 133, 138
537012.5.peg.323.site.1, 3, 121, 124
537012.5.peg.323.site.2, 41, 118, 159
537012.5.peg.323.site.3, 7, 121, 128
537012.5.peg.323.site.4, 4, 123, 127
537012.5.peg.323.site.5, 2, 123, 125
537012.5.peg.323.site.6, 29, 122, 151
537012.5.peg.323.site.7, 8, 123, 131
537012.5.peg.323.site.8, 3, 122, 125
537012.5.peg.323.site.9, 2, 123, 125
537012.5.peg.323.site.10, 22, 123, 145
537012.5.peg.323.site.11, 0, 122, 122
537012.5.peg.323.site.12, 0, 122, 122
537012.5.peg.323.site.13, 81, 121, 202
537012.5.peg.323.site.14, 3, 122, 125
537012.5.peg.323.site.15, 62, 120, 182
537012.5.peg.323.site.16, 19, 121, 140
537012.5.peg.323.site.17, 44, 118, 162
537012.5.peg.323.site.18, 66, 120, 186
537012.5.peg.323.site.19, 0, 122, 122
537012.5.peg.323.site.20, 5, 120, 125
537012.5.peg.323.site.21, 22, 120, 142
537012.5.peg.323.site.22, 5, 120, 125
537012.5.peg.323.site.23, 13, 122, 135
537012.5.peg.323.site.24, 10, 122, 132
537012.5.peg.323.site.25, 0, 122, 122
537012.5.peg.323.site.26, 84, 121, 205
537012.5.peg.988.site.1, 5, 133, 138
537012.5.peg.988.site.2, 4, 132, 136
537012.5.peg.988.site.3, 24, 133, 157
537012.5.peg.988.site.4, 3, 134, 137
537012.5.peg.988.site.5, 13, 132, 145
537012.5.peg.988.site.6, 6, 134, 140
537012.5.peg.988.site.7, 3, 134, 137
537012.5.peg.988.site.8, 42, 134, 176
537012.5.peg.988.site.9, 4, 134, 138
537012.5.peg.988.site.10, 13, 134, 147
537012.5.peg.988.site.11, 0, 134, 134
537012.5.peg.988.site.12, 30, 132, 162
537012.5.peg.988.site.13, 14, 132, 146
537012.5.peg.988.site.14, 2, 134, 136
537012.5.peg.988.site.15, 17, 134, 151
537012.5.peg.988.site.16, 19, 133, 152
537012.5.peg.988.site.17, 29, 133, 162
537012.5.peg.988.site.18, 5, 133, 138
537012.5.peg.988.site.19, 3, 131, 134
537012.5.peg.988.site.20, 1, 132, 133
537012.5.peg.988.site.21, 5, 131, 136
537012.5.peg.988.site.22, 14, 131, 145
537012.5.peg.988.site.23, 49, 131, 180
537012.5.peg.988.site.24, 4, 134, 138
537012.5.peg.988.site.25, 2, 134, 136
537012.5.peg.988.site.26, 75, 133, 208
537012.5.peg.988.site.27, 67, 133, 200
537012.5.peg.988.site.28, 7, 133, 140
537012.5.peg.989.site.1, 2, 134, 136
537012.5.peg.989.site.2, 4, 131, 135
537012.5.peg.989.site.3, 5, 126, 131
537012.5.peg.989.site.4, 34, 124, 158
537012.5.peg.989.site.5, 53, 120, 173
537012.5.peg.989.site.6, 0, 121, 121
537012.5.peg.989.site.7, 0, 122, 122
537012.5.peg.989.site.8, 3, 121, 124
537012.5.peg.989.site.9, 3, 125, 128
537012.5.peg.989.site.10, 14, 117, 131
537012.5.peg.989.site.11, 3, 108, 111
537012.5.peg.989.site.12, 21, 120, 141
537012.5.peg.989.site.13, 6, 125, 131
537012.5.peg.989.site.14, 6, 126, 132
537012.5.peg.989.site.15, 4, 129, 133
537012.5.peg.989.site.16, 9, 130, 139
537012.5.peg.989.site.17, 1, 131, 132
537012.5.peg.1520.site.1, 5, 130, 135
537012.5.peg.1520.site.2, 37, 132, 169
537012.5.peg.1520.site.3, 0, 134, 134
537012.5.peg.1520.site.4, 4, 132, 136
537012.5.peg.1520.site.5, 6, 132, 138
537012.5.peg.1520.site.6, 19, 134, 153
537012.5.peg.1520.site.7, 4, 132, 136
537012.5.peg.1520.site.8, 32, 133, 165
537012.5.peg.1520.site.9, 5, 133, 138
537012.5.peg.1520.site.10, 10, 132, 142
537012.5.peg.1520.site.11, 26, 134, 160
537012.5.peg.1520.site.12, 2, 134, 136
537012.5.peg.1520.site.13, 5, 133, 138
537012.5.peg.1520.site.14, 5, 133, 138
537012.5.peg.1520.site.15, 5, 133, 138
537012.5.peg.1520.site.16, 5, 133, 138
537012.5.peg.1520.site.17, 1, 134, 135
537012.5.peg.1520.site.18, 0, 134, 134
537012.5.peg.1520.site.19, 12, 133, 145
537012.5.peg.1520.site.20, 2, 134, 136
537012.5.peg.1520.site.21, 72, 132, 204
537012.5.peg.1520.site.22, 5, 133, 138
537012.5.peg.1520.site.23, 55, 131, 186
537012.5.peg.1520.site.24, 67, 133, 200
537012.5.peg.1520.site.25, 1, 134, 135
537012.5.peg.1520.site.26, 11, 132, 143
537012.5.peg.1520.site.27, 4, 132, 136
537012.5.peg.1520.site.28, 2, 134, 136
537012.5.peg.1520.site.29, 0, 134, 134
537012.5.peg.1520.site.30, 4, 132, 136
537012.5.peg.2006.site.1, 1, 134, 135
537012.5.peg.2006.site.2, 113, 131, 244
537012.5.peg.2006.site.3, 5, 132, 137
537012.5.peg.2006.site.4, 0, 134, 134
537012.5.peg.2006.site.5, 13, 134, 147
537012.5.peg.2006.site.6, 3, 134, 137
537012.5.peg.2006.site.7, 114, 133, 247
537012.5.peg.2006.site.8, 23, 133, 156
537012.5.peg.2006.site.9, 1, 134, 135
537012.5.peg.2006.site.10, 1, 134, 135
537012.5.peg.2006.site.11, 4, 134, 138
537012.5.peg.2006.site.12, 5, 134, 139
537012.5.peg.2006.site.13, 0, 134, 134
537012.5.peg.2006.site.14, 7, 134, 141
537012.5.peg.2006.site.15, 16, 134, 150
537012.5.peg.2006.site.16, 3, 134, 137
537012.5.peg.2006.site.17, 2, 134, 136
537012.5.peg.2006.site.18, 21, 132, 153
537012.5.peg.2006.site.19, 26, 134, 160
537012.5.peg.2006.site.20, 4, 134, 138
537012.5.peg.2006.site.21, 17, 134, 151
537012.5.peg.2007.site.1, 8, 133, 141
537012.5.peg.2007.site.2, 3, 134, 137
537012.5.peg.2007.site.3, 49, 132, 181
537012.5.peg.2007.site.4, 127, 134, 261
537012.5.peg.2007.site.5, 1, 133, 134
537012.5.peg.2007.site.6, 6, 134, 140
537012.5.peg.2007.site.7, 79, 131, 210
537012.5.peg.2007.site.8, 5, 134, 139
537012.5.peg.2007.site.9, 18, 131, 149
537012.5.peg.2007.site.10, 6, 134, 140
537012.5.peg.2007.site.11, 6, 134, 140
537012.5.peg.2007.site.12, 0, 134, 134
537012.5.peg.2007.site.13, 23, 131, 154
537012.5.peg.2007.site.14, 3, 134, 137
537012.5.peg.2007.site.15, 15, 133, 148
537012.5.peg.2007.site.16, 11, 133, 144
537012.5.peg.2007.site.17, 0, 134, 134
537012.5.peg.2007.site.18, 5, 129, 134
537012.5.peg.2004.site.1, 3, 134, 137
537012.5.peg.2004.site.2, 2, 134, 136
537012.5.peg.2004.site.3, 1, 133, 134
537012.5.peg.2004.site.4, 2, 131, 133
537012.5.peg.2004.site.5, 3, 131, 134
537012.5.peg.2004.site.6, 10, 130, 140
537012.5.peg.2004.site.7, 5, 130, 135
537012.5.peg.2004.site.8, 3, 131, 134
537012.5.peg.2004.site.9, 5, 126, 131
537012.5.peg.2004.site.10, 113, 131, 244
537012.5.peg.2004.site.11, 2, 133, 135
537012.5.peg.2004.site.12, 3, 134, 137
537012.5.peg.2004.site.13, 3, 134, 137
537012.5.peg.2004.site.14, 11, 133, 144
537012.5.peg.2004.site.15, 110, 134, 244
537012.5.peg.2004.site.16, 70, 133, 203
537012.5.peg.2004.site.17, 16, 133, 149
537012.5.peg.2004.site.18, 7, 134, 141
537012.5.peg.2004.site.19, 1, 134, 135
537012.5.peg.2004.site.20, 1, 134, 135
537012.5.peg.2004.site.21, 3, 134, 137
537012.5.peg.2004.site.22, 10, 134, 144
537012.5.peg.2004.site.23, 3, 134, 137
537012.5.peg.2004.site.24, 3, 134, 137
537012.5.peg.2004.site.25, 1, 134, 135
537012.5.peg.2004.site.26, 8, 134, 142
537012.5.peg.2004.site.27, 7, 134, 141
537012.5.peg.2004.site.28, 2, 134, 136
537012.5.peg.2004.site.29, 10, 134, 144
537012.5.peg.2005.site.1, 0, 134, 134
537012.5.peg.2005.site.2, 8, 134, 142
537012.5.peg.2005.site.3, 3, 134, 137
537012.5.peg.2005.site.4, 4, 134, 138
537012.5.peg.2005.site.5, 6, 134, 140
537012.5.peg.2005.site.6, 7, 134, 141
537012.5.peg.2005.site.7, 102, 132, 234
537012.5.peg.2005.site.8, 4, 132, 136
537012.5.peg.2005.site.9, 5, 132, 137
537012.5.peg.2005.site.10, 6, 134, 140
537012.5.peg.2005.site.11, 4, 131, 135
537012.5.peg.2005.site.12, 2, 133, 135
537012.5.peg.2005.site.13, 5, 132, 137
537012.5.peg.2005.site.14, 2, 132, 134
537012.5.peg.2005.site.15, 4, 132, 136
537012.5.peg.2005.site.16, 1, 134, 135
537012.5.peg.2005.site.17, 7, 134, 141
537012.5.peg.2005.site.18, 1, 134, 135
537012.5.peg.2005.site.19, 3, 134, 137
537012.5.peg.2005.site.20, 6, 132, 138
537012.5.peg.2005.site.21, 2, 134, 136
537012.5.peg.2005.site.22, 1, 134, 135
537012.5.peg.2005.site.23, 20, 134, 154
537012.5.peg.2005.site.24, 2, 131, 133
537012.5.peg.2005.site.25, 1, 130, 131
537012.5.peg.2005.site.26, 3, 130, 133
537012.5.peg.2005.site.27, 1, 133, 134
537012.5.peg.2005.site.28, 0, 133, 133
537012.5.peg.2005.site.29, 0, 134, 134
537012.5.peg.2005.site.30, 1, 134, 135
537012.5.peg.2005.site.31, 1, 132, 133
537012.5.peg.2005.site.32, 6, 134, 140
537012.5.peg.2005.site.33, 17, 134, 151
537012.5.peg.2005.site.34, 9, 133, 142
537012.5.peg.2005.site.35, 7, 134, 141
537012.5.peg.2005.site.36, 16, 133, 149
537012.5.peg.2005.site.37, 10, 133, 143
537012.5.peg.2005.site.38, 21, 133, 154
537012.5.peg.2005.site.39, 4, 133, 137
537012.5.peg.2005.site.40, 16, 134, 150
537012.5.peg.2005.site.41, 5, 133, 138
537012.5.peg.2005.site.42, 1, 134, 135
537012.5.peg.2005.site.43, 7, 134, 141
537012.5.peg.2005.site.44, 6, 134, 140
537012.5.peg.2005.site.45, 12, 134, 146
537012.5.peg.2005.site.46, 1, 134, 135
537012.5.peg.2005.site.47, 3, 133, 136
537012.5.peg.2005.site.48, 1, 134, 135
537012.5.peg.2003.site.1, 2, 134, 136
537012.5.peg.2003.site.2, 1, 132, 133
537012.5.peg.2003.site.3, 1, 134, 135
537012.5.peg.2003.site.4, 18, 132, 150
537012.5.peg.2003.site.5, 2, 132, 134
537012.5.peg.2003.site.6, 11, 132, 143
537012.5.peg.2003.site.7, 3, 134, 137
537012.5.peg.2003.site.8, 1, 133, 134
537012.5.peg.2003.site.9, 11, 131, 142
537012.5.peg.2003.site.10, 1, 134, 135
537012.5.peg.2003.site.11, 16, 134, 150
537012.5.peg.2003.site.12, 7, 134, 141
537012.5.peg.2003.site.13, 4, 134, 138
537012.5.peg.2003.site.14, 4, 132, 136
537012.5.peg.2003.site.15, 9, 129, 138
537012.5.peg.2003.site.16, 18, 131, 149
537012.5.peg.2003.site.17, 10, 134, 144
537012.5.peg.2003.site.18, 4, 132, 136
537012.5.peg.2003.site.19, 0, 134, 134
537012.5.peg.2003.site.20, 67, 132, 199
537012.5.peg.2003.site.21, 1, 134, 135
537012.5.peg.2003.site.22, 122, 133, 255
537012.5.peg.2003.site.23, 2, 133, 135
537012.5.peg.2000.site.1, 4, 132, 136
537012.5.peg.2000.site.2, 33, 130, 163
537012.5.peg.2000.site.3, 3, 130, 133
537012.5.peg.2000.site.4, 6, 129, 135
537012.5.peg.2000.site.5, 3, 133, 136
537012.5.peg.2000.site.6, 3, 134, 137
537012.5.peg.2000.site.7, 4, 132, 136
537012.5.peg.2000.site.8, 53, 131, 184
537012.5.peg.2000.site.9, 4, 132, 136
537012.5.peg.2000.site.10, 5, 133, 138
537012.5.peg.2000.site.11, 6, 132, 138
537012.5.peg.2000.site.12, 1, 134, 135
537012.5.peg.2000.site.13, 62, 132, 194
537012.5.peg.2000.site.14, 2, 134, 136
537012.5.peg.2000.site.15, 1, 133, 134
537012.5.peg.2000.site.16, 1, 134, 135
537012.5.peg.2000.site.17, 5, 132, 137
537012.5.peg.2000.site.18, 5, 134, 139
537012.5.peg.2000.site.19, 2, 134, 136
537012.5.peg.2000.site.20, 3, 134, 137
537012.5.peg.2000.site.21, 0, 134, 134
537012.5.peg.2019.site.1, 10, 132, 142
537012.5.peg.2019.site.2, 6, 133, 139
537012.5.peg.2019.site.3, 2, 133, 135
537012.5.peg.2019.site.4, 14, 133, 147
537012.5.peg.2019.site.5, 21, 133, 154
537012.5.peg.2019.site.6, 22, 132, 154
537012.5.peg.2019.site.7, 0, 133, 133
537012.5.peg.2019.site.8, 6, 133, 139
537012.5.peg.2019.site.9, 3, 133, 136
537012.5.peg.2019.site.10, 0, 132, 132
537012.5.peg.2019.site.11, 0, 133, 133
537012.5.peg.2019.site.12, 0, 133, 133
537012.5.peg.2019.site.13, 5, 132, 137
537012.5.peg.2019.site.14, 6, 133, 139
537012.5.peg.2019.site.15, 2, 132, 134
537012.5.peg.2019.site.16, 0, 131, 131
537012.5.peg.2019.site.17, 1, 131, 132
537012.5.peg.2019.site.18, 1, 131, 132
537012.5.peg.2019.site.19, 5, 132, 137
537012.5.peg.2019.site.20, 127, 132, 259
537012.5.peg.2019.site.21, 2, 131, 133
537012.5.peg.2019.site.22, 2, 129, 131
537012.5.peg.2019.site.23, 8, 128, 136
537012.5.peg.2019.site.24, 129, 131, 260
537012.5.peg.2019.site.25, 2, 131, 133
537012.5.peg.2019.site.26, 1, 131, 132
537012.5.peg.2019.site.27, 115, 131, 246
537012.5.peg.2019.site.28, 1, 131, 132
537012.5.peg.2019.site.29, 110, 131, 241
537012.5.peg.2019.site.30, 6, 132, 138
537012.5.peg.2019.site.31, 5, 132, 137
537012.5.peg.3824.site.1, 0, 124, 124
537012.5.peg.3824.site.2, 125, 127, 252
537012.5.peg.3824.site.3, 6, 124, 130
537012.5.peg.2008.site.1, 12, 127, 139
537012.5.peg.2008.site.2, 1, 128, 129
537012.5.peg.2008.site.3, 1, 127, 128
537012.5.peg.2008.site.4, 1, 126, 127
537012.5.peg.2008.site.5, 1, 126, 127
537012.5.peg.2008.site.6, 4, 123, 127
537012.5.peg.2008.site.7, 7, 124, 131
537012.5.peg.2008.site.8, 8, 124, 132
537012.5.peg.2008.site.9, 3, 124, 127
537012.5.peg.2008.site.10, 3, 123, 126
537012.5.peg.2008.site.11, 17, 124, 141
537012.5.peg.2008.site.12, 3, 124, 127
537012.5.peg.2008.site.13, 3, 123, 126
537012.5.peg.2008.site.14, 9, 126, 135
537012.5.peg.2008.site.15, 6, 127, 133
537012.5.peg.2008.site.16, 1, 127, 128
537012.5.peg.2008.site.17, 6, 125, 131
537012.5.peg.2008.site.18, 10, 125, 135
537012.5.peg.2008.site.19, 4, 92, 96
537012.5.peg.2008.site.20, 32, 97, 129
537012.5.peg.2008.site.21, 113, 125, 238
537012.5.peg.2008.site.22, 18, 123, 141
537012.5.peg.2008.site.23, 1, 120, 121
537012.5.peg.2008.site.24, 19, 119, 138
537012.5.peg.2008.site.25, 21, 116, 137
537012.5.peg.2008.site.26, 3, 107, 110
537012.5.peg.431.site.1, 18, 119, 137
537012.5.peg.431.site.2, 52, 118, 170
537012.5.peg.431.site.3, 6, 119, 125
537012.5.peg.431.site.4, 3, 119, 122
537012.5.peg.431.site.5, 6, 119, 125
537012.5.peg.431.site.6, 5, 118, 123
537012.5.peg.431.site.7, 3, 108, 111
537012.5.peg.431.site.8, 3, 109, 112
537012.5.peg.431.site.9, 3, 109, 112
537012.5.peg.431.site.10, 8, 107, 115
537012.5.peg.431.site.11, 30, 107, 137
537012.5.peg.431.site.12, 52, 105, 157
537012.5.peg.431.site.13, 45, 106, 151
537012.5.peg.431.site.14, 41, 106, 147
537012.5.peg.431.site.15, 2, 107, 109
537012.5.peg.431.site.16, 2, 110, 112
537012.5.peg.431.site.17, 67, 114, 181
537012.5.peg.431.site.18, 4, 114, 118
537012.5.peg.431.site.19, 1, 114, 115
537012.5.peg.431.site.20, 1, 115, 116
537012.5.peg.431.site.21, 6, 120, 126
537012.5.peg.431.site.22, 6, 120, 126
537012.5.peg.431.site.23, 6, 120, 126
537012.5.peg.431.site.24, 31, 120, 151
537012.5.peg.431.site.25, 2, 120, 122
537012.5.peg.431.site.26, 23, 119, 142
537012.5.peg.431.site.27, 6, 120, 126
537012.5.peg.431.site.28, 3, 119, 122
537012.5.peg.431.site.29, 5, 119, 124
537012.5.peg.431.site.30, 2, 117, 119
537012.5.peg.431.site.31, 41, 115, 156
537012.5.peg.431.site.32, 7, 118, 125
537012.5.peg.431.site.33, 2, 118, 120
537012.5.peg.431.site.34, 109, 120, 229
537012.5.peg.188.site.1, 0, 72, 72
537012.5.peg.188.site.2, 40, 72, 112
537012.5.peg.188.site.3, 7, 75, 82
537012.5.peg.188.site.4, 81, 82, 163
537012.5.peg.188.site.5, 2, 87, 89
537012.5.peg.188.site.6, 3, 91, 94
537012.5.peg.188.site.7, 3, 111, 114
537012.5.peg.188.site.8, 47, 97, 144
537012.5.peg.188.site.9, 11, 105, 116
537012.5.peg.188.site.10, 27, 105, 132
537012.5.peg.188.site.11, 3, 103, 106
537012.5.peg.188.site.12, 68, 98, 166
537012.5.peg.188.site.13, 2, 99, 101
537012.5.peg.188.site.14, 3, 100, 103
537012.5.peg.188.site.15, 28, 101, 129
537012.5.peg.186.site.1, 1, 75, 76
537012.5.peg.186.site.2, 11, 77, 88
537012.5.peg.186.site.3, 2, 76, 78
537012.5.peg.186.site.4, 1, 76, 77
537012.5.peg.186.site.5, 60, 73, 133
537012.5.peg.186.site.6, 61, 74, 135
537012.5.peg.186.site.7, 1, 76, 77
537012.5.peg.186.site.8, 2, 77, 79
537012.5.peg.186.site.9, 1, 79, 80
537012.5.peg.186.site.10, 5, 82, 87
537012.5.peg.186.site.11, 1, 82, 83
537012.5.peg.186.site.12, 2, 80, 82
537012.5.peg.186.site.13, 1, 80, 81
537012.5.peg.186.site.14, 2, 82, 84
537012.5.peg.186.site.15, 29, 75, 104
537012.5.peg.186.site.16, 1, 77, 78
537012.5.peg.186.site.17, 1, 77, 78
537012.5.peg.186.site.18, 2, 77, 79
537012.5.peg.186.site.19, 1, 77, 78
537012.5.peg.186.site.20, 0, 76, 76
537012.5.peg.186.site.21, 2, 75, 77
537012.5.peg.186.site.22, 0, 73, 73
537012.5.peg.186.site.23, 0, 73, 73
537012.5.peg.186.site.24, 9, 72, 81
537012.5.peg.186.site.25, 37, 69, 106
537012.5.peg.186.site.26, 24, 69, 93
537012.5.peg.186.site.27, 4, 71, 75
537012.5.peg.186.site.28, 39, 68, 107
537012.5.peg.186.site.29, 8, 70, 78
537012.5.peg.186.site.30, 17, 72, 89
537012.5.peg.186.site.31, 14, 78, 92
537012.5.peg.186.site.32, 6, 80, 86
537012.5.peg.186.site.33, 27, 94, 121
537012.5.peg.186.site.34, 6, 97, 103
537012.5.peg.186.site.35, 4, 99, 103
537012.5.peg.186.site.36, 5, 100, 105
537012.5.peg.186.site.37, 1, 104, 105
537012.5.peg.186.site.38, 0, 104, 104
537012.5.peg.186.site.39, 3, 102, 105
537012.5.peg.186.site.40, 3, 103, 106
537012.5.peg.186.site.41, 2, 99, 101
537012.5.peg.186.site.42, 1, 100, 101
537012.5.peg.186.site.43, 13, 93, 106
537012.5.peg.186.site.44, 10, 91, 101
537012.5.peg.186.site.45, 1, 92, 93
537012.5.peg.186.site.46, 19, 93, 112
537012.5.peg.186.site.47, 5, 92, 97
537012.5.peg.186.site.48, 3, 90, 93
537012.5.peg.186.site.49, 12, 93, 105
537012.5.peg.186.site.50, 1, 92, 93
537012.5.peg.186.site.51, 3, 93, 96
537012.5.peg.186.site.52, 7, 95, 102
537012.5.peg.186.site.53, 1, 103, 104
537012.5.peg.186.site.54, 2, 103, 105
537012.5.peg.186.site.55, 1, 117, 118
537012.5.peg.186.site.56, 3, 130, 133
537012.5.peg.186.site.57, 29, 132, 161
537012.5.peg.186.site.58, 10, 129, 139
537012.5.peg.185.site.1, 1, 77, 78
537012.5.peg.185.site.2, 3, 77, 80
537012.5.peg.185.site.3, 12, 71, 83
537012.5.peg.185.site.4, 69, 72, 141
537012.5.peg.185.site.5, 8, 77, 85
537012.5.peg.185.site.6, 21, 79, 100
537012.5.peg.185.site.7, 21, 81, 102
537012.5.peg.185.site.8, 1, 105, 106
537012.5.peg.185.site.9, 3, 106, 109
537012.5.peg.185.site.10, 0, 109, 109
537012.5.peg.185.site.11, 24, 108, 132
537012.5.peg.185.site.12, 3, 110, 113
537012.5.peg.185.site.13, 10, 105, 115
537012.5.peg.185.site.14, 2, 108, 110
537012.5.peg.185.site.15, 5, 107, 112
537012.5.peg.185.site.16, 22, 108, 130
537012.5.peg.185.site.17, 0, 109, 109
537012.5.peg.185.site.18, 6, 108, 114
537012.5.peg.185.site.19, 15, 106, 121
537012.5.peg.185.site.20, 7, 109, 116
537012.5.peg.185.site.21, 2, 112, 114
537012.5.peg.185.site.22, 3, 114, 117
537012.5.peg.185.site.23, 6, 114, 120
537012.5.peg.185.site.24, 11, 113, 124
537012.5.peg.185.site.25, 8, 115, 123
537012.5.peg.185.site.26, 1, 116, 117
537012.5.peg.185.site.27, 5, 118, 123
537012.5.peg.185.site.28, 16, 115, 131
537012.5.peg.185.site.29, 0, 117, 117
537012.5.peg.185.site.30, 8, 114, 122
537012.5.peg.185.site.31, 0, 114, 114
537012.5.peg.185.site.32, 8, 114, 122
537012.5.peg.185.site.33, 0, 114, 114
537012.5.peg.185.site.34, 1, 109, 110
537012.5.peg.185.site.35, 2, 109, 111
537012.5.peg.185.site.36, 5, 103, 108
537012.5.peg.185.site.37, 3, 106, 109
537012.5.peg.185.site.38, 3, 103, 106
537012.5.peg.185.site.39, 0, 109, 109
537012.5.peg.185.site.40, 0, 108, 108
537012.5.peg.185.site.41, 22, 107, 129
537012.5.peg.185.site.42, 6, 107, 113
537012.5.peg.185.site.43, 5, 108, 113
537012.5.peg.185.site.44, 1, 110, 111
537012.5.peg.185.site.45, 3, 107, 110
537012.5.peg.185.site.46, 3, 107, 110
537012.5.peg.185.site.47, 2, 94, 96
537012.5.peg.185.site.48, 2, 83, 85
537012.5.peg.185.site.49, 2, 80, 82
537012.5.peg.185.site.50, 35, 77, 112
537012.5.peg.185.site.51, 6, 75, 81
537012.5.peg.185.site.52, 3, 74, 77
537012.5.peg.185.site.53, 18, 89, 107
537012.5.peg.185.site.54, 6, 90, 96
537012.5.peg.185.site.55, 12, 90, 102
537012.5.peg.185.site.56, 6, 90, 96
537012.5.peg.185.site.57, 1, 82, 83
537012.5.peg.185.site.58, 3, 78, 81
537012.5.peg.185.site.59, 3, 80, 83
537012.5.peg.185.site.60, 49, 80, 129
537012.5.peg.185.site.61, 41, 79, 120
537012.5.peg.185.site.62, 26, 85, 111
537012.5.peg.185.site.63, 32, 86, 118
537012.5.peg.185.site.64, 0, 82, 82
537012.5.peg.185.site.65, 0, 82, 82
537012.5.peg.185.site.66, 2, 82, 84
537012.5.peg.185.site.67, 44, 82, 126
537012.5.peg.185.site.68, 1, 84, 85
537012.5.peg.185.site.69, 1, 87, 88
537012.5.peg.185.site.70, 2, 87, 89
537012.5.peg.185.site.71, 3, 86, 89
537012.5.peg.185.site.72, 45, 85, 130
537012.5.peg.185.site.73, 1, 90, 91
537012.5.peg.185.site.74, 32, 89, 121
537012.5.peg.185.site.75, 18, 90, 108
537012.5.peg.185.site.76, 1, 88, 89
537012.5.peg.185.site.77, 1, 90, 91
537012.5.peg.185.site.78, 11, 87, 98
537012.5.peg.185.site.79, 1, 86, 87
537012.5.peg.185.site.80, 0, 83, 83
537012.5.peg.185.site.81, 31, 79, 110
537012.5.peg.185.site.82, 37, 80, 117
537012.5.peg.185.site.83, 4, 81, 85
537012.5.peg.185.site.84, 3, 79, 82
537012.5.peg.185.site.85, 31, 79, 110
537012.5.peg.185.site.86, 4, 80, 84
537012.5.peg.185.site.87, 1, 80, 81
537012.5.peg.185.site.88, 1, 78, 79
537012.5.peg.185.site.89, 5, 82, 87
537012.5.peg.185.site.90, 11, 78, 89
537012.5.peg.185.site.91, 11, 78, 89
537012.5.peg.185.site.92, 1, 82, 83
537012.5.peg.185.site.93, 5, 87, 92
537012.5.peg.185.site.94, 5, 87, 92
537012.5.peg.185.site.95, 2, 88, 90
537012.5.peg.185.site.96, 14, 85, 99
537012.5.peg.185.site.97, 35, 86, 121
537012.5.peg.185.site.98, 2, 86, 88
537012.5.peg.185.site.99, 4, 85, 89
537012.5.peg.185.site.100, 2, 85, 87
537012.5.peg.185.site.101, 36, 84, 120
537012.5.peg.185.site.102, 14, 85, 99
537012.5.peg.185.site.103, 0, 85, 85
537012.5.peg.185.site.104, 5, 85, 90
537012.5.peg.185.site.105, 6, 87, 93
537012.5.peg.185.site.106, 1, 86, 87
537012.5.peg.185.site.107, 16, 81, 97
537012.5.peg.185.site.108, 35, 74, 109
537012.5.peg.185.site.109, 1, 76, 77
537012.5.peg.185.site.110, 1, 74, 75
537012.5.peg.3912.site.1, 0, 134, 134
537012.5.peg.3912.site.2, 29, 133, 162
537012.5.peg.3912.site.3, 9, 132, 141
537012.5.peg.3912.site.4, 15, 133, 148
537012.5.peg.3912.site.5, 14, 134, 148
537012.5.peg.3912.site.6, 4, 134, 138
537012.5.peg.3912.site.7, 12, 133, 145
537012.5.peg.3912.site.8, 4, 132, 136
537012.5.peg.3912.site.9, 133, 134, 267
537012.5.peg.3912.site.10, 8, 130, 138
537012.5.peg.3912.site.11, 1, 127, 128
537012.5.peg.3912.site.12, 4, 128, 132
537012.5.peg.3912.site.13, 28, 127, 155
537012.5.peg.3912.site.14, 3, 130, 133
537012.5.peg.3912.site.15, 0, 130, 130
537012.5.peg.3912.site.16, 6, 130, 136
537012.5.peg.3912.site.17, 10, 130, 140
537012.5.peg.3912.site.18, 116, 128, 244
537012.5.peg.3912.site.19, 3, 130, 133
537012.5.peg.3912.site.20, 3, 130, 133
537012.5.peg.3912.site.21, 3, 130, 133
537012.5.peg.3912.site.22, 5, 129, 134
537012.5.peg.3912.site.23, 26, 130, 156
537012.5.peg.3912.site.24, 3, 128, 131
537012.5.peg.3912.site.25, 2, 128, 130
537012.5.peg.3912.site.26, 59, 127, 186
537012.5.peg.3912.site.27, 3, 128, 131
537012.5.peg.3912.site.28, 3, 127, 130
537012.5.peg.3912.site.29, 29, 125, 154
537012.5.peg.3912.site.30, 27, 125, 152
537012.5.peg.3912.site.31, 80, 126, 206
537012.5.peg.3912.site.32, 76, 125, 201
537012.5.peg.3912.site.33, 5, 126, 131
537012.5.peg.3912.site.34, 113, 125, 238
537012.5.peg.3912.site.35, 7, 125, 132
537012.5.peg.3912.site.36, 10, 125, 135
537012.5.peg.3912.site.37, 14, 126, 140
537012.5.peg.3912.site.38, 1, 125, 126
537012.5.peg.3912.site.39, 3, 124, 127
537012.5.peg.3912.site.40, 27, 124, 151
537012.5.peg.3912.site.41, 1, 124, 125
537012.5.peg.3912.site.42, 0, 125, 125
537012.5.peg.3912.site.43, 4, 124, 128
537012.5.peg.3912.site.44, 10, 126, 136
537012.5.peg.3912.site.45, 10, 126, 136
537012.5.peg.3912.site.46, 1, 126, 127
537012.5.peg.3912.site.47, 0, 125, 125
537012.5.peg.3912.site.48, 3, 125, 128
537012.5.peg.3912.site.49, 1, 125, 126
537012.5.peg.3912.site.50, 94, 124, 218
537012.5.peg.3912.site.51, 4, 126, 130
537012.5.peg.3912.site.52, 10, 126, 136
537012.5.peg.3912.site.53, 19, 125, 144
537012.5.peg.3912.site.54, 10, 125, 135
537012.5.peg.3912.site.55, 3, 126, 129
537012.5.peg.3912.site.56, 10, 126, 136
537012.5.peg.3912.site.57, 1, 126, 127
537012.5.peg.3912.site.58, 6, 126, 132
537012.5.peg.3912.site.59, 5, 126, 131
537012.5.peg.3912.site.60, 6, 125, 131
537012.5.peg.3912.site.61, 1, 124, 125
537012.5.peg.3912.site.62, 23, 123, 146
537012.5.peg.3912.site.63, 4, 125, 129
537012.5.peg.3912.site.64, 12, 124, 136
537012.5.peg.3912.site.65, 4, 126, 130
537012.5.peg.3912.site.66, 4, 125, 129
537012.5.peg.3912.site.67, 36, 125, 161
537012.5.peg.3912.site.68, 4, 126, 130
537012.5.peg.3912.site.69, 2, 125, 127
537012.5.peg.3912.site.70, 1, 125, 126
537012.5.peg.3912.site.71, 18, 125, 143
537012.5.peg.3912.site.72, 16, 125, 141
537012.5.peg.3912.site.73, 124, 125, 249
537012.5.peg.3912.site.74, 112, 125, 237
537012.5.peg.3912.site.75, 116, 125, 241
537012.5.peg.3912.site.76, 0, 126, 126
537012.5.peg.3912.site.77, 48, 125, 173
537012.5.peg.3912.site.78, 8, 125, 133
537012.5.peg.3912.site.79, 2, 128, 130
537012.5.peg.3912.site.80, 3, 130, 133
537012.5.peg.3912.site.81, 7, 130, 137
537012.5.peg.3912.site.82, 1, 130, 131
537012.5.peg.3912.site.83, 3, 130, 133
537012.5.peg.3912.site.84, 21, 128, 149
537012.5.peg.3912.site.85, 4, 128, 132
537012.5.peg.3912.site.86, 5, 130, 135
537012.5.peg.3912.site.87, 13, 130, 143
537012.5.peg.3912.site.88, 1, 129, 130
537012.5.peg.3912.site.89, 1, 130, 131
537012.5.peg.3912.site.90, 5, 130, 135
537012.5.peg.3912.site.91, 33, 128, 161
537012.5.peg.3912.site.92, 4, 130, 134
537012.5.peg.3912.site.93, 4, 129, 133
537012.5.peg.502.site.1, 5, 133, 138
537012.5.peg.502.site.2, 2, 132, 134
537012.5.peg.502.site.3, 7, 134, 141
537012.5.peg.502.site.4, 2, 134, 136
537012.5.peg.502.site.5, 1, 134, 135
537012.5.peg.502.site.6, 0, 134, 134
537012.5.peg.502.site.7, 1, 134, 135
537012.5.peg.502.site.8, 9, 134, 143
537012.5.peg.502.site.9, 9, 134, 143
537012.5.peg.502.site.10, 3, 134, 137
537012.5.peg.502.site.11, 3, 134, 137
537012.5.peg.502.site.12, 1, 134, 135
537012.5.peg.502.site.13, 6, 134, 140
537012.5.peg.502.site.14, 1, 134, 135
537012.5.peg.502.site.15, 2, 134, 136
537012.5.peg.502.site.16, 4, 133, 137
537012.5.peg.502.site.17, 14, 133, 147
537012.5.peg.502.site.18, 3, 131, 134
537012.5.peg.502.site.19, 1, 134, 135
537012.5.peg.502.site.20, 5, 133, 138
537012.5.peg.502.site.21, 4, 132, 136
537012.5.peg.502.site.22, 5, 133, 138
537012.5.peg.502.site.23, 2, 134, 136
537012.5.peg.502.site.24, 9, 134, 143
537012.5.peg.502.site.25, 11, 133, 144
537012.5.peg.502.site.26, 10, 134, 144
537012.5.peg.502.site.27, 2, 133, 135
537012.5.peg.502.site.28, 3, 134, 137
537012.5.peg.502.site.29, 17, 133, 150
537012.5.peg.502.site.30, 4, 134, 138
537012.5.peg.502.site.31, 2, 133, 135
537012.5.peg.502.site.32, 6, 134, 140
537012.5.peg.502.site.33, 3, 134, 137
537012.5.peg.502.site.34, 89, 133, 222
537012.5.peg.502.site.35, 50, 134, 184
537012.5.peg.502.site.36, 106, 133, 239
537012.5.peg.502.site.37, 4, 131, 135
537012.5.peg.502.site.38, 2, 132, 134
537012.5.peg.502.site.39, 1, 134, 135
537012.5.peg.502.site.40, 16, 134, 150
537012.5.peg.502.site.41, 1, 134, 135
537012.5.peg.503.site.1, 0, 129, 129
537012.5.peg.503.site.2, 7, 129, 136
537012.5.peg.503.site.3, 4, 128, 132
537012.5.peg.503.site.4, 4, 129, 133
537012.5.peg.503.site.5, 3, 130, 133
537012.5.peg.503.site.6, 9, 129, 138
537012.5.peg.503.site.7, 1, 129, 130
537012.5.peg.503.site.8, 1, 129, 130
537012.5.peg.503.site.9, 2, 128, 130
537012.5.peg.503.site.10, 3, 131, 134
537012.5.peg.503.site.11, 15, 131, 146
537012.5.peg.503.site.12, 2, 129, 131
537012.5.peg.503.site.13, 2, 129, 131
537012.5.peg.503.site.14, 12, 129, 141
537012.5.peg.503.site.15, 2, 129, 131
537012.5.peg.503.site.16, 0, 131, 131
537012.5.peg.503.site.17, 6, 132, 138
537012.5.peg.503.site.18, 3, 132, 135
537012.5.peg.503.site.19, 4, 132, 136
537012.5.peg.503.site.20, 0, 134, 134
537012.5.peg.503.site.21, 4, 132, 136
537012.5.peg.503.site.22, 34, 133, 167
537012.5.peg.503.site.23, 27, 134, 161
537012.5.peg.503.site.24, 2, 134, 136
537012.5.peg.503.site.25, 2, 134, 136
537012.5.peg.503.site.26, 100, 132, 232
537012.5.peg.503.site.27, 7, 133, 140
537012.5.peg.500.site.1, 5, 133, 138
537012.5.peg.500.site.2, 6, 133, 139
537012.5.peg.500.site.3, 8, 133, 141
537012.5.peg.500.site.4, 9, 131, 140
537012.5.peg.500.site.5, 9, 131, 140
537012.5.peg.500.site.6, 0, 130, 130
537012.5.peg.500.site.7, 5, 125, 130
537012.5.peg.500.site.8, 68, 121, 189
537012.5.peg.500.site.9, 11, 128, 139
537012.5.peg.500.site.10, 4, 128, 132
537012.5.peg.500.site.11, 6, 131, 137
537012.5.peg.500.site.12, 9, 131, 140
537012.5.peg.500.site.13, 2, 134, 136
537012.5.peg.500.site.14, 4, 131, 135
537012.5.peg.500.site.15, 4, 130, 134
537012.5.peg.500.site.16, 4, 133, 137
537012.5.peg.500.site.17, 2, 131, 133
537012.5.peg.500.site.18, 5, 131, 136
537012.5.peg.500.site.19, 6, 132, 138
537012.5.peg.500.site.20, 2, 133, 135
537012.5.peg.500.site.21, 122, 133, 255
537012.5.peg.500.site.22, 8, 132, 140
537012.5.peg.500.site.23, 75, 132, 207
537012.5.peg.500.site.24, 2, 133, 135
537012.5.peg.500.site.25, 2, 134, 136
537012.5.peg.500.site.26, 2, 133, 135
537012.5.peg.500.site.27, 0, 133, 133
537012.5.peg.500.site.28, 1, 130, 131
537012.5.peg.500.site.29, 0, 129, 129
537012.5.peg.501.site.1, 2, 131, 133
537012.5.peg.501.site.2, 1, 132, 133
537012.5.peg.501.site.3, 5, 133, 138
537012.5.peg.501.site.4, 5, 133, 138
537012.5.peg.501.site.5, 4, 134, 138
537012.5.peg.501.site.6, 2, 133, 135
537012.5.peg.501.site.7, 5, 133, 138
537012.5.peg.501.site.8, 2, 134, 136
537012.5.peg.501.site.9, 7, 134, 141
537012.5.peg.501.site.10, 1, 134, 135
537012.5.peg.501.site.11, 1, 134, 135
537012.5.peg.501.site.12, 30, 134, 164
537012.5.peg.501.site.13, 87, 132, 219
537012.5.peg.501.site.14, 2, 134, 136
537012.5.peg.501.site.15, 2, 133, 135
537012.5.peg.501.site.16, 7, 134, 141
537012.5.peg.501.site.17, 8, 131, 139
537012.5.peg.501.site.18, 7, 133, 140
537012.5.peg.501.site.19, 70, 134, 204
537012.5.peg.501.site.20, 2, 134, 136
537012.5.peg.501.site.21, 2, 134, 136
537012.5.peg.501.site.22, 11, 134, 145
537012.5.peg.501.site.23, 3, 134, 137
537012.5.peg.501.site.24, 5, 133, 138
537012.5.peg.501.site.25, 68, 131, 199
537012.5.peg.501.site.26, 1, 134, 135
537012.5.peg.501.site.27, 7, 133, 140
537012.5.peg.501.site.28, 4, 132, 136
537012.5.peg.501.site.29, 34, 131, 165
537012.5.peg.501.site.30, 13, 130, 143
537012.5.peg.501.site.31, 3, 131, 134
537012.5.peg.501.site.32, 3, 132, 135
537012.5.peg.501.site.33, 13, 132, 145
537012.5.peg.501.site.34, 16, 134, 150
537012.5.peg.501.site.35, 11, 134, 145
537012.5.peg.501.site.36, 3, 134, 137
537012.5.peg.501.site.37, 6, 133, 139
537012.5.peg.501.site.38, 5, 134, 139
537012.5.peg.501.site.39, 2, 134, 136
537012.5.peg.501.site.40, 3, 134, 137
537012.5.peg.501.site.41, 10, 132, 142
537012.5.peg.501.site.42, 3, 133, 136
537012.5.peg.501.site.43, 2, 133, 135
537012.5.peg.501.site.44, 7, 134, 141
537012.5.peg.501.site.45, 2, 132, 134
537012.5.peg.501.site.46, 11, 134, 145
537012.5.peg.501.site.47, 13, 132, 145
537012.5.peg.501.site.48, 8, 134, 142
537012.5.peg.501.site.49, 7, 134, 141
537012.5.peg.501.site.50, 2, 134, 136
537012.5.peg.501.site.51, 68, 131, 199
537012.5.peg.501.site.52, 3, 134, 137
537012.5.peg.501.site.53, 2, 133, 135
537012.5.peg.501.site.54, 7, 131, 138
537012.5.peg.501.site.55, 4, 131, 135
537012.5.peg.501.site.56, 131, 132, 263
537012.5.peg.506.site.1, 111, 128, 239
537012.5.peg.506.site.2, 1, 129, 130
537012.5.peg.506.site.3, 3, 131, 134
537012.5.peg.506.site.4, 30, 131, 161
537012.5.peg.506.site.5, 4, 132, 136
537012.5.peg.506.site.6, 2, 133, 135
537012.5.peg.506.site.7, 2, 134, 136
537012.5.peg.506.site.8, 7, 134, 141
537012.5.peg.506.site.9, 84, 132, 216
537012.5.peg.506.site.10, 3, 134, 137
537012.5.peg.506.site.11, 2, 134, 136
537012.5.peg.506.site.12, 11, 132, 143
537012.5.peg.506.site.13, 5, 133, 138
537012.5.peg.506.site.14, 9, 134, 143
537012.5.peg.506.site.15, 4, 132, 136
537012.5.peg.506.site.16, 4, 131, 135
537012.5.peg.506.site.17, 1, 134, 135
537012.5.peg.507.site.1, 1, 133, 134
537012.5.peg.507.site.2, 4, 132, 136
537012.5.peg.507.site.3, 4, 133, 137
537012.5.peg.507.site.4, 1, 130, 131
537012.5.peg.507.site.5, 2, 131, 133
537012.5.peg.507.site.6, 0, 131, 131
537012.5.peg.507.site.7, 3, 129, 132
537012.5.peg.507.site.8, 26, 129, 155
537012.5.peg.507.site.9, 1, 130, 131
537012.5.peg.507.site.10, 4, 132, 136
537012.5.peg.507.site.11, 2, 133, 135
537012.5.peg.507.site.12, 0, 129, 129
537012.5.peg.507.site.13, 4, 131, 135
537012.5.peg.507.site.14, 9, 132, 141
537012.5.peg.507.site.15, 4, 131, 135
537012.5.peg.507.site.16, 0, 132, 132
537012.5.peg.505.site.1, 4, 132, 136
537012.5.peg.505.site.2, 2, 134, 136
537012.5.peg.505.site.3, 2, 134, 136
537012.5.peg.505.site.4, 2, 134, 136
537012.5.peg.505.site.5, 0, 134, 134
537012.5.peg.505.site.6, 13, 132, 145
537012.5.peg.505.site.7, 2, 134, 136
537012.5.peg.505.site.8, 1, 133, 134
537012.5.peg.505.site.9, 9, 134, 143
537012.5.peg.505.site.10, 0, 134, 134
537012.5.peg.505.site.11, 0, 134, 134
537012.5.peg.505.site.12, 2, 134, 136
537012.5.peg.505.site.13, 4, 132, 136
537012.5.peg.508.site.1, 4, 130, 134
537012.5.peg.508.site.2, 1, 132, 133
537012.5.peg.508.site.3, 13, 128, 141
537012.5.peg.508.site.4, 9, 133, 142
537012.5.peg.508.site.5, 7, 132, 139
537012.5.peg.508.site.6, 1, 132, 133
537012.5.peg.508.site.7, 9, 131, 140
537012.5.peg.508.site.8, 5, 133, 138
537012.5.peg.508.site.9, 4, 132, 136
537012.5.peg.508.site.10, 7, 131, 138
537012.5.peg.508.site.11, 2, 131, 133
537012.5.peg.508.site.12, 2, 131, 133
537012.5.peg.508.site.13, 38, 129, 167
537012.5.peg.508.site.14, 31, 129, 160
537012.5.peg.508.site.15, 9, 130, 139
537012.5.peg.508.site.16, 5, 132, 137
537012.5.peg.509.site.1, 5, 134, 139
537012.5.peg.509.site.2, 1, 134, 135
537012.5.peg.509.site.3, 5, 132, 137
537012.5.peg.509.site.4, 5, 132, 137
537012.5.peg.509.site.5, 5, 130, 135
537012.5.peg.509.site.6, 47, 133, 180
537012.5.peg.509.site.7, 1, 134, 135
537012.5.peg.509.site.8, 1, 132, 133
537012.5.peg.509.site.9, 14, 134, 148
537012.5.peg.509.site.10, 5, 133, 138
537012.5.peg.509.site.11, 4, 132, 136
537012.5.peg.509.site.12, 1, 134, 135
537012.5.peg.509.site.13, 10, 134, 144
537012.5.peg.509.site.14, 6, 134, 140
537012.5.peg.509.site.15, 1, 134, 135
537012.5.peg.509.site.16, 4, 131, 135
537012.5.peg.509.site.17, 1, 134, 135
537012.5.peg.509.site.18, 4, 131, 135
537012.5.peg.509.site.19, 1, 126, 127
537012.5.peg.4411.site.1, 66, 108, 174
537012.5.peg.4411.site.2, 8, 95, 103
537012.5.peg.4411.site.3, 0, 94, 94
537012.5.peg.4411.site.4, 30, 91, 121
537012.5.peg.4411.site.5, 1, 91, 92
537012.5.peg.4411.site.6, 2, 93, 95
537012.5.peg.4411.site.7, 52, 93, 145
537012.5.peg.4411.site.8, 1, 84, 85
537012.5.peg.4411.site.9, 48, 82, 130
537012.5.peg.4411.site.10, 1, 81, 82
537012.5.peg.4411.site.11, 49, 79, 128
537012.5.peg.4411.site.12, 9, 84, 93
537012.5.peg.4411.site.13, 1, 83, 84
537012.5.peg.4411.site.14, 1, 81, 82
537012.5.peg.4411.site.15, 3, 79, 82
537012.5.peg.4411.site.16, 5, 78, 83
537012.5.peg.4411.site.17, 48, 75, 123
537012.5.peg.4411.site.18, 7, 75, 82
537012.5.peg.4411.site.19, 20, 73, 93
537012.5.peg.4411.site.20, 15, 74, 89
537012.5.peg.4411.site.21, 1, 74, 75
537012.5.peg.4411.site.22, 1, 75, 76
537012.5.peg.4411.site.23, 37, 74, 111
537012.5.peg.4411.site.24, 5, 74, 79
537012.5.peg.4411.site.25, 15, 74, 89
537012.5.peg.4411.site.26, 23, 74, 97
537012.5.peg.4411.site.27, 2, 76, 78
537012.5.peg.4411.site.28, 3, 76, 79
537012.5.peg.4411.site.29, 65, 73, 138
537012.5.peg.4411.site.30, 1, 75, 76
537012.5.peg.4411.site.31, 6, 75, 81
537012.5.peg.4411.site.32, 47, 74, 121
537012.5.peg.4411.site.33, 52, 75, 127
537012.5.peg.4411.site.34, 5, 74, 79
537012.5.peg.4411.site.35, 5, 74, 79
537012.5.peg.4411.site.36, 6, 73, 79
537012.5.peg.4411.site.37, 9, 75, 84
537012.5.peg.4411.site.38, 1, 76, 77
537012.5.peg.4411.site.39, 2, 76, 78
537012.5.peg.4411.site.40, 9, 76, 85
537012.5.peg.4411.site.41, 1, 80, 81
537012.5.peg.4411.site.42, 0, 81, 81
537012.5.peg.4411.site.43, 1, 86, 87
537012.5.peg.4411.site.44, 4, 82, 86
537012.5.peg.4411.site.45, 1, 81, 82
537012.5.peg.4411.site.46, 34, 78, 112
537012.5.peg.4411.site.47, 5, 74, 79
537012.5.peg.4411.site.48, 37, 73, 110
537012.5.peg.4411.site.49, 3, 75, 78
537012.5.peg.4411.site.50, 2, 74, 76
537012.5.peg.4411.site.51, 8, 75, 83
537012.5.peg.4411.site.52, 3, 78, 81
537012.5.peg.4411.site.53, 22, 76, 98
537012.5.peg.4411.site.54, 56, 76, 132
537012.5.peg.4411.site.55, 5, 74, 79
537012.5.peg.4411.site.56, 1, 75, 76
537012.5.peg.4411.site.57, 2, 74, 76
537012.5.peg.4411.site.58, 18, 73, 91
537012.5.peg.4411.site.59, 12, 71, 83
537012.5.peg.4411.site.60, 3, 75, 78
537012.5.peg.4411.site.61, 1, 79, 80
537012.5.peg.4411.site.62, 1, 83, 84
537012.5.peg.4411.site.63, 2, 83, 85
537012.5.peg.4411.site.64, 57, 83, 140
537012.5.peg.4411.site.65, 9, 85, 94
537012.5.peg.4411.site.66, 6, 81, 87
537012.5.peg.4411.site.67, 23, 77, 100
537012.5.peg.4411.site.68, 30, 77, 107
537012.5.peg.4411.site.69, 10, 75, 85
537012.5.peg.4411.site.70, 1, 75, 76
537012.5.peg.4411.site.71, 1, 73, 74
537012.5.peg.4411.site.72, 16, 71, 87
537012.5.peg.4411.site.73, 1, 75, 76
537012.5.peg.4411.site.74, 8, 75, 83
537012.5.peg.4411.site.75, 1, 75, 76
537012.5.peg.4411.site.76, 3, 75, 78
537012.5.peg.4411.site.77, 40, 75, 115
537012.5.peg.4411.site.78, 9, 75, 84
537012.5.peg.4411.site.79, 4, 74, 78
537012.5.peg.4411.site.80, 2, 74, 76
537012.5.peg.4411.site.81, 6, 73, 79
537012.5.peg.4411.site.82, 11, 74, 85
537012.5.peg.4411.site.83, 14, 75, 89
537012.5.peg.4411.site.84, 5, 77, 82
537012.5.peg.4411.site.85, 0, 78, 78
537012.5.peg.4411.site.86, 8, 74, 82
537012.5.peg.4411.site.87, 4, 74, 78
537012.5.peg.4411.site.88, 2, 73, 75
537012.5.peg.4411.site.89, 6, 74, 80
537012.5.peg.4411.site.90, 1, 75, 76
537012.5.peg.4411.site.91, 3, 74, 77
537012.5.peg.4411.site.92, 3, 75, 78
537012.5.peg.4411.site.93, 5, 75, 80
537012.5.peg.4411.site.94, 1, 75, 76
537012.5.peg.4411.site.95, 10, 73, 83
537012.5.peg.4411.site.96, 62, 73, 135
537012.5.peg.4411.site.97, 3, 71, 74
537012.5.peg.4411.site.98, 34, 69, 103
537012.5.peg.4411.site.99, 20, 66, 86
537012.5.peg.4411.site.100, 1, 73, 74
537012.5.peg.4411.site.101, 2, 72, 74
537012.5.peg.4411.site.102, 2, 73, 75
537012.5.peg.4411.site.103, 1, 73, 74
537012.5.peg.4411.site.104, 1, 73, 74
537012.5.peg.4411.site.105, 27, 72, 99
537012.5.peg.4411.site.106, 1, 73, 74
537012.5.peg.3914.site.1, 61, 111, 172
537012.5.peg.3914.site.2, 88, 125, 213
537012.5.peg.3914.site.3, 1, 127, 128
537012.5.peg.3914.site.4, 3, 126, 129
537012.5.peg.4810.site.1, 2, 125, 127
537012.5.peg.4810.site.2, 4, 123, 127
537012.5.peg.4810.site.3, 0, 124, 124
537012.5.peg.4810.site.4, 115, 127, 242
537012.5.peg.4810.site.5, 7, 126, 133
537012.5.peg.4810.site.6, 1, 127, 128
537012.5.peg.4810.site.7, 63, 126, 189
537012.5.peg.4810.site.8, 36, 125, 161
537012.5.peg.4810.site.9, 4, 127, 131
537012.5.peg.4810.site.10, 35, 126, 161
537012.5.peg.4810.site.11, 9, 125, 134
537012.5.peg.4810.site.12, 9, 126, 135
537012.5.peg.4810.site.13, 2, 127, 129
537012.5.peg.4810.site.14, 2, 117, 119
537012.5.peg.4810.site.15, 5, 92, 97
537012.5.peg.2138.site.1, 3, 130, 133
537012.5.peg.2138.site.2, 5, 130, 135
537012.5.peg.2138.site.3, 2, 133, 135
537012.5.peg.2138.site.4, 1, 134, 135
537012.5.peg.2138.site.5, 0, 125, 125
537012.5.peg.2138.site.6, 13, 124, 137
537012.5.peg.2138.site.7, 8, 117, 125
537012.5.peg.2138.site.8, 0, 103, 103
537012.5.peg.2138.site.9, 65, 105, 170
537012.5.peg.2138.site.10, 2, 106, 108
537012.5.peg.2138.site.11, 2, 109, 111
537012.5.peg.2138.site.12, 1, 116, 117
537012.5.peg.2138.site.13, 1, 122, 123
537012.5.peg.2138.site.14, 0, 121, 121
537012.5.peg.2138.site.15, 1, 122, 123
537012.5.peg.2138.site.16, 3, 123, 126
537012.5.peg.2138.site.17, 0, 121, 121
537012.5.peg.2138.site.18, 1, 123, 124
537012.5.peg.2138.site.19, 9, 123, 132
537012.5.peg.2138.site.20, 3, 125, 128
537012.5.peg.2138.site.21, 15, 129, 144
537012.5.peg.2138.site.22, 1, 126, 127
537012.5.peg.2138.site.23, 1, 128, 129
537012.5.peg.2139.site.1, 0, 133, 133
537012.5.peg.2139.site.2, 0, 134, 134
537012.5.peg.2139.site.3, 0, 134, 134
537012.5.peg.2139.site.4, 6, 132, 138
537012.5.peg.2139.site.5, 4, 132, 136
537012.5.peg.2139.site.6, 7, 129, 136
537012.5.peg.2139.site.7, 11, 132, 143
537012.5.peg.2139.site.8, 1, 134, 135
537012.5.peg.2139.site.9, 1, 134, 135
537012.5.peg.2139.site.10, 10, 132, 142
537012.5.peg.2139.site.11, 104, 122, 226
537012.5.peg.2139.site.12, 3, 125, 128
537012.5.peg.2139.site.13, 4, 126, 130
537012.5.peg.2648.site.1, 4, 130, 134
537012.5.peg.2648.site.2, 4, 129, 133
537012.5.peg.2648.site.3, 7, 130, 137
537012.5.peg.2648.site.4, 3, 130, 133
537012.5.peg.2648.site.5, 21, 131, 152
537012.5.peg.2648.site.6, 2, 131, 133
537012.5.peg.2648.site.7, 1, 127, 128
537012.5.peg.2648.site.8, 1, 127, 128
537012.5.peg.2648.site.9, 2, 127, 129
537012.5.peg.2648.site.10, 2, 127, 129
537012.5.peg.2648.site.11, 2, 126, 128
537012.5.peg.2648.site.12, 0, 128, 128
537012.5.peg.2648.site.13, 5, 131, 136
537012.5.peg.2648.site.14, 2, 132, 134
537012.5.peg.2648.site.15, 2, 129, 131
537012.5.peg.2648.site.16, 3, 130, 133
537012.5.peg.2648.site.17, 18, 133, 151
537012.5.peg.2648.site.18, 4, 130, 134
537012.5.peg.2648.site.19, 3, 127, 130
537012.5.peg.2648.site.20, 4, 130, 134
537012.5.peg.2648.site.21, 5, 129, 134
537012.5.peg.2648.site.22, 1, 130, 131
537012.5.peg.2648.site.23, 79, 127, 206
537012.5.peg.2648.site.24, 4, 129, 133
537012.5.peg.2648.site.25, 3, 130, 133
537012.5.peg.2648.site.26, 27, 129, 156
537012.5.peg.2648.site.27, 6, 131, 137
537012.5.peg.2648.site.28, 10, 129, 139
537012.5.peg.2648.site.29, 4, 129, 133
537012.5.peg.2648.site.30, 0, 131, 131
537012.5.peg.2648.site.31, 1, 133, 134
537012.5.peg.2648.site.32, 2, 133, 135
537012.5.peg.2648.site.33, 2, 133, 135
537012.5.peg.2648.site.34, 69, 131, 200
537012.5.peg.2648.site.35, 5, 132, 137
537012.5.peg.2648.site.36, 1, 134, 135
537012.5.peg.2648.site.37, 11, 132, 143
537012.5.peg.2648.site.38, 11, 132, 143
537012.5.peg.2648.site.39, 12, 132, 144
537012.5.peg.2648.site.40, 5, 133, 138
537012.5.peg.2648.site.41, 17, 133, 150
537012.5.peg.2648.site.42, 7, 134, 141
537012.5.peg.2648.site.43, 13, 133, 146
537012.5.peg.2648.site.44, 13, 133, 146
537012.5.peg.2649.site.1, 3, 134, 137
537012.5.peg.2649.site.2, 7, 133, 140
537012.5.peg.2649.site.3, 1, 134, 135
537012.5.peg.2649.site.4, 2, 134, 136
537012.5.peg.2649.site.5, 12, 132, 144
537012.5.peg.2649.site.6, 4, 131, 135
537012.5.peg.2649.site.7, 2, 133, 135
537012.5.peg.2649.site.8, 60, 129, 189
537012.5.peg.2649.site.9, 4, 131, 135
537012.5.peg.2649.site.10, 42, 132, 174
537012.5.peg.2649.site.11, 20, 129, 149
537012.5.peg.2649.site.12, 12, 131, 143
537012.5.peg.2649.site.13, 37, 134, 171
537012.5.peg.2649.site.14, 1, 134, 135
537012.5.peg.2649.site.15, 1, 134, 135
537012.5.peg.2649.site.16, 4, 132, 136
537012.5.peg.2649.site.17, 4, 133, 137
537012.5.peg.2649.site.18, 1, 133, 134
537012.5.peg.2649.site.19, 6, 132, 138
537012.5.peg.2649.site.20, 1, 134, 135
537012.5.peg.2649.site.21, 1, 134, 135
537012.5.peg.2649.site.22, 3, 134, 137
537012.5.peg.2649.site.23, 18, 134, 152
537012.5.peg.2649.site.24, 4, 133, 137
537012.5.peg.2649.site.25, 5, 133, 138
537012.5.peg.2649.site.26, 93, 132, 225
537012.5.peg.2649.site.27, 53, 134, 187
537012.5.peg.2649.site.28, 3, 134, 137
537012.5.peg.2649.site.29, 1, 134, 135
537012.5.peg.2649.site.30, 1, 134, 135
537012.5.peg.2132.site.1, 1, 132, 133
537012.5.peg.2132.site.2, 5, 131, 136
537012.5.peg.2132.site.3, 6, 130, 136
537012.5.peg.2132.site.4, 8, 130, 138
537012.5.peg.2132.site.5, 2, 129, 131
537012.5.peg.2132.site.6, 2, 130, 132
537012.5.peg.2132.site.7, 1, 130, 131
537012.5.peg.2132.site.8, 43, 131, 174
537012.5.peg.2132.site.9, 32, 132, 164
537012.5.peg.2132.site.10, 2, 132, 134
537012.5.peg.2132.site.11, 25, 132, 157
537012.5.peg.2132.site.12, 107, 129, 236
537012.5.peg.2132.site.13, 6, 129, 135
537012.5.peg.2132.site.14, 6, 129, 135
537012.5.peg.2132.site.15, 1, 129, 130
537012.5.peg.2132.site.16, 2, 129, 131
537012.5.peg.2132.site.17, 1, 132, 133
537012.5.peg.2132.site.18, 0, 132, 132
537012.5.peg.2132.site.19, 3, 131, 134
537012.5.peg.2132.site.20, 4, 132, 136
537012.5.peg.2132.site.21, 4, 132, 136
537012.5.peg.2132.site.22, 4, 131, 135
537012.5.peg.2132.site.23, 0, 132, 132
537012.5.peg.2132.site.24, 6, 130, 136
537012.5.peg.2132.site.25, 33, 131, 164
537012.5.peg.2132.site.26, 21, 132, 153
537012.5.peg.2132.site.27, 14, 131, 145
537012.5.peg.2132.site.28, 5, 131, 136
537012.5.peg.2132.site.29, 20, 131, 151
537012.5.peg.2132.site.30, 3, 131, 134
537012.5.peg.2132.site.31, 68, 131, 199
537012.5.peg.2132.site.32, 33, 121, 154
537012.5.peg.2132.site.33, 1, 123, 124
537012.5.peg.2645.site.1, 1, 85, 86
537012.5.peg.2645.site.2, 2, 87, 89
537012.5.peg.2645.site.3, 2, 88, 90
537012.5.peg.2645.site.4, 1, 97, 98
537012.5.peg.2645.site.5, 13, 98, 111
537012.5.peg.2645.site.6, 4, 102, 106
537012.5.peg.2645.site.7, 3, 102, 105
537012.5.peg.2645.site.8, 1, 102, 103
537012.5.peg.2645.site.9, 1, 95, 96
537012.5.peg.2645.site.10, 14, 106, 120
537012.5.peg.2645.site.11, 82, 103, 185
537012.5.peg.2645.site.12, 2, 97, 99
537012.5.peg.2645.site.13, 6, 95, 101
537012.5.peg.2645.site.14, 2, 96, 98
537012.5.peg.2645.site.15, 5, 94, 99
537012.5.peg.2645.site.16, 70, 97, 167
537012.5.peg.2645.site.17, 9, 101, 110
537012.5.peg.2645.site.18, 3, 128, 131
537012.5.peg.2645.site.19, 1, 130, 131
537012.5.peg.2645.site.20, 3, 130, 133
537012.5.peg.2645.site.21, 3, 128, 131
537012.5.peg.2645.site.22, 7, 129, 136
537012.5.peg.2645.site.23, 0, 131, 131
537012.5.peg.2645.site.24, 7, 134, 141
537012.5.peg.2645.site.25, 8, 134, 142
537012.5.peg.2645.site.26, 5, 129, 134
537012.5.peg.2645.site.27, 1, 131, 132
537012.5.peg.2645.site.28, 2, 131, 133
537012.5.peg.2645.site.29, 2, 129, 131
537012.5.peg.2645.site.30, 1, 130, 131
537012.5.peg.2646.site.1, 2, 131, 133
537012.5.peg.2646.site.2, 1, 131, 132
537012.5.peg.2646.site.3, 12, 129, 141
537012.5.peg.2646.site.4, 3, 131, 134
537012.5.peg.2646.site.5, 62, 128, 190
537012.5.peg.2646.site.6, 2, 131, 133
537012.5.peg.2646.site.7, 8, 130, 138
537012.5.peg.2646.site.8, 0, 131, 131
537012.5.peg.2646.site.9, 1, 132, 133
537012.5.peg.2646.site.10, 1, 132, 133
537012.5.peg.2646.site.11, 7, 133, 140
537012.5.peg.2646.site.12, 6, 132, 138
537012.5.peg.2646.site.13, 7, 133, 140
537012.5.peg.2646.site.14, 5, 132, 137
537012.5.peg.2646.site.15, 3, 132, 135
537012.5.peg.2646.site.16, 10, 130, 140
537012.5.peg.2646.site.17, 3, 129, 132
537012.5.peg.2646.site.18, 1, 128, 129
537012.5.peg.2646.site.19, 2, 127, 129
537012.5.peg.2646.site.20, 3, 130, 133
537012.5.peg.2646.site.21, 5, 130, 135
537012.5.peg.2646.site.22, 4, 134, 138
537012.5.peg.2646.site.23, 3, 133, 136
537012.5.peg.2646.site.24, 3, 131, 134
537012.5.peg.2646.site.25, 3, 130, 133
537012.5.peg.2646.site.26, 3, 128, 131
537012.5.peg.2647.site.1, 1, 115, 116
537012.5.peg.2647.site.2, 3, 98, 101
537012.5.peg.2647.site.3, 2, 97, 99
537012.5.peg.2647.site.4, 3, 94, 97
537012.5.peg.2647.site.5, 1, 93, 94
537012.5.peg.2647.site.6, 1, 95, 96
537012.5.peg.2136.site.1, 2, 133, 135
537012.5.peg.2136.site.2, 2, 132, 134
537012.5.peg.2136.site.3, 3, 134, 137
537012.5.peg.2136.site.4, 2, 134, 136
537012.5.peg.2136.site.5, 1, 134, 135
537012.5.peg.2136.site.6, 4, 133, 137
537012.5.peg.2136.site.7, 6, 134, 140
537012.5.peg.2136.site.8, 0, 133, 133
537012.5.peg.2136.site.9, 21, 134, 155
537012.5.peg.2136.site.10, 10, 132, 142
537012.5.peg.2136.site.11, 1, 130, 131
537012.5.peg.2136.site.12, 129, 130, 259
537012.5.peg.2136.site.13, 1, 131, 132
537012.5.peg.2136.site.14, 1, 130, 131
537012.5.peg.2136.site.15, 3, 131, 134
537012.5.peg.2137.site.1, 1, 134, 135
537012.5.peg.2137.site.2, 131, 132, 263
537012.5.peg.2137.site.3, 5, 129, 134
537012.5.peg.2137.site.4, 5, 133, 138
537012.5.peg.2137.site.5, 5, 134, 139
537012.5.peg.2137.site.6, 1, 134, 135
537012.5.peg.2137.site.7, 5, 133, 138
537012.5.peg.2137.site.8, 5, 133, 138
537012.5.peg.2137.site.9, 5, 133, 138
537012.5.peg.2137.site.10, 4, 132, 136
537012.5.peg.2137.site.11, 11, 132, 143
537012.5.peg.2137.site.12, 17, 134, 151
537012.5.peg.2137.site.13, 3, 134, 137
537012.5.peg.2137.site.14, 1, 134, 135
537012.5.peg.2137.site.15, 11, 132, 143
537012.5.peg.2137.site.16, 5, 133, 138
537012.5.peg.2137.site.17, 6, 133, 139
537012.5.peg.2137.site.18, 1, 134, 135
537012.5.peg.2137.site.19, 0, 133, 133
537012.5.peg.2137.site.20, 4, 134, 138
537012.5.peg.2137.site.21, 4, 133, 137
537012.5.peg.2137.site.22, 2, 133, 135
537012.5.peg.2137.site.23, 126, 133, 259
537012.5.peg.2137.site.24, 5, 134, 139
537012.5.peg.2137.site.25, 6, 134, 140
537012.5.peg.2137.site.26, 98, 134, 232
537012.5.peg.2137.site.27, 13, 132, 145
537012.5.peg.2137.site.28, 31, 128, 159
537012.5.peg.2137.site.29, 4, 130, 134
537012.5.peg.2137.site.30, 17, 129, 146
537012.5.peg.2137.site.31, 3, 129, 132
537012.5.peg.2137.site.32, 3, 131, 134
537012.5.peg.2137.site.33, 5, 132, 137
537012.5.peg.2137.site.34, 6, 132, 138
537012.5.peg.2137.site.35, 3, 131, 134
537012.5.peg.2137.site.36, 1, 133, 134
537012.5.peg.2137.site.37, 1, 132, 133
537012.5.peg.2137.site.38, 0, 128, 128
537012.5.peg.2137.site.39, 1, 128, 129
537012.5.peg.2137.site.40, 0, 129, 129
537012.5.peg.2137.site.41, 2, 128, 130
537012.5.peg.2137.site.42, 2, 128, 130
537012.5.peg.2137.site.43, 2, 127, 129
537012.5.peg.2137.site.44, 0, 127, 127
537012.5.peg.2137.site.45, 2, 127, 129
537012.5.peg.2137.site.46, 25, 127, 152
537012.5.peg.2137.site.47, 2, 129, 131
537012.5.peg.2137.site.48, 2, 131, 133
537012.5.peg.2137.site.49, 2, 131, 133
537012.5.peg.2137.site.50, 4, 132, 136
537012.5.peg.2137.site.51, 1, 132, 133
537012.5.peg.2137.site.52, 3, 131, 134
537012.5.peg.2137.site.53, 5, 133, 138
537012.5.peg.2137.site.54, 15, 134, 149
537012.5.peg.2137.site.55, 56, 134, 190
537012.5.peg.2137.site.56, 82, 134, 216
537012.5.peg.2137.site.57, 2, 134, 136
537012.5.peg.2137.site.58, 11, 133, 144
537012.5.peg.2137.site.59, 1, 132, 133
537012.5.peg.2137.site.60, 5, 130, 135
537012.5.peg.2137.site.61, 17, 133, 150
537012.5.peg.2137.site.62, 1, 132, 133
537012.5.peg.2137.site.63, 1, 134, 135
537012.5.peg.2137.site.64, 1, 134, 135
537012.5.peg.2137.site.65, 1, 134, 135
537012.5.peg.2137.site.66, 1, 133, 134
537012.5.peg.2137.site.67, 1, 134, 135
537012.5.peg.2137.site.68, 3, 134, 137
537012.5.peg.2137.site.69, 82, 130, 212
537012.5.peg.2137.site.70, 5, 134, 139
537012.5.peg.2137.site.71, 4, 132, 136
537012.5.peg.2137.site.72, 21, 132, 153
537012.5.peg.2137.site.73, 5, 134, 139
537012.5.peg.2137.site.74, 130, 134, 264
537012.5.peg.2137.site.75, 11, 129, 140
537012.5.peg.2137.site.76, 6, 129, 135
537012.5.peg.2137.site.77, 0, 129, 129
537012.5.peg.2137.site.78, 1, 131, 132
537012.5.peg.2137.site.79, 9, 132, 141
537012.5.peg.2137.site.80, 3, 132, 135
537012.5.peg.2137.site.81, 1, 133, 134
537012.5.peg.2137.site.82, 2, 134, 136
537012.5.peg.2137.site.83, 3, 132, 135
537012.5.peg.2137.site.84, 3, 131, 134
537012.5.peg.2137.site.85, 3, 131, 134
537012.5.peg.2137.site.86, 3, 131, 134
537012.5.peg.2137.site.87, 50, 131, 181
537012.5.peg.2137.site.88, 1, 134, 135
537012.5.peg.2137.site.89, 0, 133, 133
537012.5.peg.2134.site.1, 2, 132, 134
537012.5.peg.2134.site.2, 1, 134, 135
537012.5.peg.2134.site.3, 7, 133, 140
537012.5.peg.2134.site.4, 1, 132, 133
537012.5.peg.2134.site.5, 0, 133, 133
537012.5.peg.2134.site.6, 4, 130, 134
537012.5.peg.2134.site.7, 10, 132, 142
537012.5.peg.2134.site.8, 128, 133, 261
537012.5.peg.2134.site.9, 6, 131, 137
537012.5.peg.2134.site.10, 0, 132, 132
537012.5.peg.2134.site.11, 1, 131, 132
537012.5.peg.2134.site.12, 9, 120, 129
537012.5.peg.2134.site.13, 44, 120, 164
537012.5.peg.2134.site.14, 44, 111, 155
537012.5.peg.2134.site.15, 2, 106, 108
537012.5.peg.2134.site.16, 31, 105, 136
537012.5.peg.2134.site.17, 0, 104, 104
537012.5.peg.2134.site.18, 20, 104, 124
537012.5.peg.2134.site.19, 3, 105, 108
537012.5.peg.2134.site.20, 0, 103, 103
537012.5.peg.2134.site.21, 6, 98, 104
537012.5.peg.2134.site.22, 12, 100, 112
537012.5.peg.2134.site.23, 4, 95, 99
537012.5.peg.2134.site.24, 0, 100, 100
537012.5.peg.2134.site.25, 18, 102, 120
537012.5.peg.2134.site.26, 1, 103, 104
537012.5.peg.2134.site.27, 1, 108, 109
537012.5.peg.2134.site.28, 2, 109, 111
537012.5.peg.2134.site.29, 63, 111, 174
537012.5.peg.2134.site.30, 0, 112, 112
537012.5.peg.2134.site.31, 3, 112, 115
537012.5.peg.2134.site.32, 11, 112, 123
537012.5.peg.2134.site.33, 4, 110, 114
537012.5.peg.2134.site.34, 4, 110, 114
537012.5.peg.2134.site.35, 5, 110, 115
537012.5.peg.2134.site.36, 53, 110, 163
537012.5.peg.2134.site.37, 35, 86, 121
537012.5.peg.2134.site.38, 6, 58, 64
537012.5.peg.2134.site.39, 28, 86, 114
537012.5.peg.2134.site.40, 8, 111, 119
537012.5.peg.2134.site.41, 1, 124, 125
537012.5.peg.2134.site.42, 11, 130, 141
537012.5.peg.2135.site.1, 3, 134, 137
537012.5.peg.2135.site.2, 2, 133, 135
537012.5.peg.2135.site.3, 16, 133, 149
537012.5.peg.2135.site.4, 3, 133, 136
537012.5.peg.2135.site.5, 1, 133, 134
537012.5.peg.2135.site.6, 128, 133, 261
537012.5.peg.2135.site.7, 12, 132, 144
537012.5.peg.2135.site.8, 2, 134, 136
537012.5.peg.2135.site.9, 0, 134, 134
537012.5.peg.2135.site.10, 0, 134, 134
537012.5.peg.2135.site.11, 5, 132, 137
537012.5.peg.2135.site.12, 0, 134, 134
537012.5.peg.2135.site.13, 5, 133, 138
537012.5.peg.2135.site.14, 0, 133, 133
537012.5.peg.3199.site.1, 3, 71, 74
537012.5.peg.3199.site.2, 3, 77, 80
537012.5.peg.3199.site.3, 1, 79, 80
537012.5.peg.3199.site.4, 2, 90, 92
537012.5.peg.3199.site.5, 3, 117, 120
537012.5.peg.3199.site.6, 2, 118, 120
537012.5.peg.3199.site.7, 3, 121, 124
537012.5.peg.3199.site.8, 14, 125, 139
537012.5.peg.3199.site.9, 3, 128, 131
537012.5.peg.3198.site.1, 2, 119, 121
537012.5.peg.3198.site.2, 7, 116, 123
537012.5.peg.3198.site.3, 6, 113, 119
537012.5.peg.3198.site.4, 5, 114, 119
537012.5.peg.3198.site.5, 5, 101, 106
537012.5.peg.3198.site.6, 9, 101, 110
537012.5.peg.3198.site.7, 2, 96, 98
537012.5.peg.3198.site.8, 2, 84, 86
537012.5.peg.3198.site.9, 4, 84, 88
537012.5.peg.3198.site.10, 7, 80, 87
537012.5.peg.3198.site.11, 6, 81, 87
537012.5.peg.3198.site.12, 0, 81, 81
537012.5.peg.3198.site.13, 8, 77, 85
537012.5.peg.3198.site.14, 67, 79, 146
537012.5.peg.3198.site.15, 32, 78, 110
537012.5.peg.3198.site.16, 2, 84, 86
537012.5.peg.3198.site.17, 8, 84, 92
537012.5.peg.3198.site.18, 1, 84, 85
537012.5.peg.3198.site.19, 3, 86, 89
537012.5.peg.3198.site.20, 7, 83, 90
537012.5.peg.3198.site.21, 6, 79, 85
537012.5.peg.3198.site.22, 43, 75, 118
537012.5.peg.3198.site.23, 3, 77, 80
537012.5.peg.3198.site.24, 0, 81, 81
537012.5.peg.3198.site.25, 0, 87, 87
537012.5.peg.3198.site.26, 6, 88, 94
537012.5.peg.3198.site.27, 2, 88, 90
537012.5.peg.3198.site.28, 2, 86, 88
537012.5.peg.3198.site.29, 3, 84, 87
537012.5.peg.3198.site.30, 2, 84, 86
537012.5.peg.3198.site.31, 16, 82, 98
537012.5.peg.3198.site.32, 1, 78, 79
537012.5.peg.3198.site.33, 16, 80, 96
537012.5.peg.3198.site.34, 2, 83, 85
537012.5.peg.3198.site.35, 0, 84, 84
537012.5.peg.3198.site.36, 3, 78, 81
537012.5.peg.3198.site.37, 4, 81, 85
537012.5.peg.3198.site.38, 20, 80, 100
537012.5.peg.3198.site.39, 9, 78, 87
537012.5.peg.3198.site.40, 2, 76, 78
537012.5.peg.3198.site.41, 23, 73, 96
537012.5.peg.3198.site.42, 2, 75, 77
537012.5.peg.3198.site.43, 2, 75, 77
537012.5.peg.3198.site.44, 1, 77, 78
537012.5.peg.3198.site.45, 3, 76, 79
537012.5.peg.3198.site.46, 3, 76, 79
537012.5.peg.3198.site.47, 0, 76, 76
537012.5.peg.3198.site.48, 6, 76, 82
537012.5.peg.3198.site.49, 14, 75, 89
537012.5.peg.3198.site.50, 15, 76, 91
537012.5.peg.3198.site.51, 7, 76, 83
537012.5.peg.3198.site.52, 0, 76, 76
537012.5.peg.3198.site.53, 73, 76, 149
537012.5.peg.3198.site.54, 1, 75, 76
537012.5.peg.3198.site.55, 1, 77, 78
537012.5.peg.3198.site.56, 2, 77, 79
537012.5.peg.3198.site.57, 2, 75, 77
537012.5.peg.3198.site.58, 2, 74, 76
537012.5.peg.3198.site.59, 9, 76, 85
537012.5.peg.3198.site.60, 1, 74, 75
537012.5.peg.3191.site.1, 39, 95, 134
537012.5.peg.3191.site.2, 1, 106, 107
537012.5.peg.3191.site.3, 0, 116, 116
537012.5.peg.3191.site.4, 3, 117, 120
537012.5.peg.3191.site.5, 5, 103, 108
537012.5.peg.3191.site.6, 2, 90, 92
537012.5.peg.3191.site.7, 8, 89, 97
537012.5.peg.3191.site.8, 7, 85, 92
537012.5.peg.3191.site.9, 16, 84, 100
537012.5.peg.3191.site.10, 3, 88, 91
537012.5.peg.3191.site.11, 4, 86, 90
537012.5.peg.3191.site.12, 3, 86, 89
537012.5.peg.3191.site.13, 5, 78, 83
537012.5.peg.3191.site.14, 18, 77, 95
537012.5.peg.3191.site.15, 40, 75, 115
537012.5.peg.3191.site.16, 49, 77, 126
537012.5.peg.3191.site.17, 14, 77, 91
537012.5.peg.3191.site.18, 1, 77, 78
537012.5.peg.3191.site.19, 73, 75, 148
537012.5.peg.3191.site.20, 4, 74, 78
537012.5.peg.3191.site.21, 26, 73, 99
537012.5.peg.3191.site.22, 17, 74, 91
537012.5.peg.3191.site.23, 10, 74, 84
537012.5.peg.3191.site.24, 1, 74, 75
537012.5.peg.3191.site.25, 37, 75, 112
537012.5.peg.3191.site.26, 9, 76, 85
537012.5.peg.3191.site.27, 5, 76, 81
537012.5.peg.3191.site.28, 5, 75, 80
537012.5.peg.3191.site.29, 20, 75, 95
537012.5.peg.3191.site.30, 59, 79, 138
537012.5.peg.3191.site.31, 4, 76, 80
537012.5.peg.3191.site.32, 1, 81, 82
537012.5.peg.3191.site.33, 5, 79, 84
537012.5.peg.3191.site.34, 2, 79, 81
537012.5.peg.3191.site.35, 2, 81, 83
537012.5.peg.3191.site.36, 26, 84, 110
537012.5.peg.3191.site.37, 3, 84, 87
537012.5.peg.3191.site.38, 12, 82, 94
537012.5.peg.3191.site.39, 8, 82, 90
537012.5.peg.3191.site.40, 0, 79, 79
537012.5.peg.3191.site.41, 2, 72, 74
537012.5.peg.3191.site.42, 1, 70, 71
537012.5.peg.666.site.1, 33, 132, 165
537012.5.peg.666.site.2, 45, 124, 169
537012.5.peg.666.site.3, 29, 130, 159
537012.5.peg.666.site.4, 0, 132, 132
537012.5.peg.666.site.5, 0, 132, 132
537012.5.peg.666.site.6, 1, 132, 133
537012.5.peg.666.site.7, 4, 129, 133
537012.5.peg.666.site.8, 2, 131, 133
537012.5.peg.666.site.9, 7, 131, 138
537012.5.peg.666.site.10, 0, 131, 131
537012.5.peg.666.site.11, 6, 132, 138
537012.5.peg.666.site.12, 2, 131, 133
537012.5.peg.666.site.13, 18, 132, 150
537012.5.peg.666.site.14, 18, 132, 150
537012.5.peg.666.site.15, 51, 130, 181
537012.5.peg.666.site.16, 13, 132, 145
537012.5.peg.2228.site.1, 7, 97, 104
537012.5.peg.2228.site.2, 7, 127, 134
537012.5.peg.2228.site.3, 3, 127, 130
537012.5.peg.2228.site.4, 3, 127, 130
537012.5.peg.2228.site.5, 2, 127, 129
537012.5.peg.2228.site.6, 5, 125, 130
537012.5.peg.2228.site.7, 3, 126, 129
537012.5.peg.2228.site.8, 4, 131, 135
537012.5.peg.2228.site.9, 5, 131, 136
537012.5.peg.2228.site.10, 1, 130, 131
537012.5.peg.2228.site.11, 2, 130, 132
537012.5.peg.2228.site.12, 9, 131, 140
537012.5.peg.2228.site.13, 2, 131, 133
537012.5.peg.2228.site.14, 2, 130, 132
537012.5.peg.2228.site.15, 1, 131, 132
537012.5.peg.2228.site.16, 11, 129, 140
537012.5.peg.2228.site.17, 3, 134, 137
537012.5.peg.2228.site.18, 3, 134, 137
537012.5.peg.2228.site.19, 1, 133, 134
537012.5.peg.2228.site.20, 1, 134, 135
537012.5.peg.2228.site.21, 4, 132, 136
537012.5.peg.2228.site.22, 1, 134, 135
537012.5.peg.2228.site.23, 6, 134, 140
537012.5.peg.2228.site.24, 1, 133, 134
537012.5.peg.2228.site.25, 0, 134, 134
537012.5.peg.2228.site.26, 7, 134, 141
537012.5.peg.2228.site.27, 8, 134, 142
537012.5.peg.2228.site.28, 11, 132, 143
537012.5.peg.2228.site.29, 1, 134, 135
537012.5.peg.2228.site.30, 106, 134, 240
537012.5.peg.2228.site.31, 91, 132, 223
537012.5.peg.2228.site.32, 20, 132, 152
537012.5.peg.2228.site.33, 0, 134, 134
537012.5.peg.2228.site.34, 5, 133, 138
537012.5.peg.2228.site.35, 1, 134, 135
537012.5.peg.2228.site.36, 6, 134, 140
537012.5.peg.2228.site.37, 1, 134, 135
537012.5.peg.2228.site.38, 4, 132, 136
537012.5.peg.2228.site.39, 0, 134, 134
537012.5.peg.2228.site.40, 2, 133, 135
537012.5.peg.2229.site.1, 1, 134, 135
537012.5.peg.2229.site.2, 3, 134, 137
537012.5.peg.2229.site.3, 6, 131, 137
537012.5.peg.2229.site.4, 0, 131, 131
537012.5.peg.2229.site.5, 0, 130, 130
537012.5.peg.2229.site.6, 1, 129, 130
537012.5.peg.2229.site.7, 1, 128, 129
537012.5.peg.2229.site.8, 8, 128, 136
537012.5.peg.2229.site.9, 1, 128, 129
537012.5.peg.2229.site.10, 5, 132, 137
537012.5.peg.2229.site.11, 4, 133, 137
537012.5.peg.2229.site.12, 5, 58, 63
537012.5.peg.2229.site.13, 20, 48, 68
537012.5.peg.2229.site.14, 10, 49, 59
537012.5.peg.2229.site.15, 22, 42, 64
537012.5.peg.2229.site.16, 16, 37, 53
537012.5.peg.2226.site.1, 2, 134, 136
537012.5.peg.2226.site.2, 1, 134, 135
537012.5.peg.2226.site.3, 3, 132, 135
537012.5.peg.2226.site.4, 0, 134, 134
537012.5.peg.2226.site.5, 0, 134, 134
537012.5.peg.2226.site.6, 3, 134, 137
537012.5.peg.2226.site.7, 0, 134, 134
537012.5.peg.2226.site.8, 12, 132, 144
537012.5.peg.2226.site.9, 6, 134, 140
537012.5.peg.2226.site.10, 3, 134, 137
537012.5.peg.2226.site.11, 7, 132, 139
537012.5.peg.2226.site.12, 4, 134, 138
537012.5.peg.2226.site.13, 8, 133, 141
537012.5.peg.2226.site.14, 5, 133, 138
537012.5.peg.2226.site.15, 6, 132, 138
537012.5.peg.2226.site.16, 3, 134, 137
537012.5.peg.2226.site.17, 12, 133, 145
537012.5.peg.2226.site.18, 1, 134, 135
537012.5.peg.2226.site.19, 69, 130, 199
537012.5.peg.2226.site.20, 31, 131, 162
537012.5.peg.2226.site.21, 31, 128, 159
537012.5.peg.2226.site.22, 1, 132, 133
537012.5.peg.2227.site.1, 32, 133, 165
537012.5.peg.2227.site.2, 1, 134, 135
537012.5.peg.2227.site.3, 5, 130, 135
537012.5.peg.2224.site.1, 1, 124, 125
537012.5.peg.2224.site.2, 1, 125, 126
537012.5.peg.2224.site.3, 58, 123, 181
537012.5.peg.2224.site.4, 2, 124, 126
537012.5.peg.2224.site.5, 0, 122, 122
537012.5.peg.2224.site.6, 1, 124, 125
537012.5.peg.2224.site.7, 1, 125, 126
537012.5.peg.2224.site.8, 1, 125, 126
537012.5.peg.2224.site.9, 59, 125, 184
537012.5.peg.2224.site.10, 1, 125, 126
537012.5.peg.2224.site.11, 29, 125, 154
537012.5.peg.2224.site.12, 1, 125, 126
537012.5.peg.2224.site.13, 1, 125, 126
537012.5.peg.2224.site.14, 2, 125, 127
537012.5.peg.2224.site.15, 0, 125, 125
537012.5.peg.2224.site.16, 2, 125, 127
537012.5.peg.2224.site.17, 1, 126, 127
537012.5.peg.2225.site.1, 4, 127, 131
537012.5.peg.2225.site.2, 1, 128, 129
537012.5.peg.2225.site.3, 5, 128, 133
537012.5.peg.2225.site.4, 1, 128, 129
537012.5.peg.2225.site.5, 4, 127, 131
537012.5.peg.2225.site.6, 2, 130, 132
537012.5.peg.2225.site.7, 0, 130, 130
537012.5.peg.2225.site.8, 4, 132, 136
537012.5.peg.2225.site.9, 6, 134, 140
537012.5.peg.2225.site.10, 7, 134, 141
537012.5.peg.2225.site.11, 12, 133, 145
537012.5.peg.2225.site.12, 11, 133, 144
537012.5.peg.2225.site.13, 12, 133, 145
537012.5.peg.2225.site.14, 1, 134, 135
537012.5.peg.2225.site.15, 103, 133, 236
537012.5.peg.2225.site.16, 7, 134, 141
537012.5.peg.2225.site.17, 7, 134, 141
537012.5.peg.2225.site.18, 10, 132, 142
537012.5.peg.2225.site.19, 2, 133, 135
537012.5.peg.2225.site.20, 6, 133, 139
537012.5.peg.2225.site.21, 11, 129, 140
537012.5.peg.2222.site.1, 1, 124, 125
537012.5.peg.2222.site.2, 1, 124, 125
537012.5.peg.2222.site.3, 2, 124, 126
537012.5.peg.2222.site.4, 1, 125, 126
537012.5.peg.2222.site.5, 1, 125, 126
537012.5.peg.2222.site.6, 2, 124, 126
537012.5.peg.2222.site.7, 3, 124, 127
537012.5.peg.2222.site.8, 22, 124, 146
537012.5.peg.2222.site.9, 23, 123, 146
537012.5.peg.2222.site.10, 0, 124, 124
537012.5.peg.2222.site.11, 41, 123, 164
537012.5.peg.2222.site.12, 40, 123, 163
537012.5.peg.2222.site.13, 2, 124, 126
537012.5.peg.2222.site.14, 21, 124, 145
537012.5.peg.2222.site.15, 1, 124, 125
537012.5.peg.2222.site.16, 0, 123, 123
537012.5.peg.2222.site.17, 11, 124, 135
537012.5.peg.2222.site.18, 1, 125, 126
537012.5.peg.2222.site.19, 1, 125, 126
537012.5.peg.2222.site.20, 36, 124, 160
537012.5.peg.2222.site.21, 1, 125, 126
537012.5.peg.2222.site.22, 44, 123, 167
537012.5.peg.2222.site.23, 1, 123, 124
537012.5.peg.2222.site.24, 90, 122, 212
537012.5.peg.2222.site.25, 1, 124, 125
537012.5.peg.2222.site.26, 1, 125, 126
537012.5.peg.2222.site.27, 0, 124, 124
537012.5.peg.2222.site.28, 57, 124, 181
537012.5.peg.2222.site.29, 4, 124, 128
537012.5.peg.2222.site.30, 2, 124, 126
537012.5.peg.2222.site.31, 1, 124, 125
537012.5.peg.2222.site.32, 1, 125, 126
537012.5.peg.2222.site.33, 3, 125, 128
537012.5.peg.2222.site.34, 1, 124, 125
537012.5.peg.2222.site.35, 1, 124, 125
537012.5.peg.2222.site.36, 35, 123, 158
537012.5.peg.2222.site.37, 0, 124, 124
537012.5.peg.2222.site.38, 1, 124, 125
537012.5.peg.2222.site.39, 26, 125, 151
537012.5.peg.2222.site.40, 7, 124, 131
537012.5.peg.2222.site.41, 1, 124, 125
537012.5.peg.2222.site.42, 1, 124, 125
537012.5.peg.2222.site.43, 1, 124, 125
537012.5.peg.2222.site.44, 56, 124, 180
537012.5.peg.2223.site.1, 1, 124, 125
537012.5.peg.2223.site.2, 2, 124, 126
537012.5.peg.2223.site.3, 34, 125, 159
537012.5.peg.2223.site.4, 0, 124, 124
537012.5.peg.2223.site.5, 1, 125, 126
537012.5.peg.2223.site.6, 1, 125, 126
537012.5.peg.2223.site.7, 31, 124, 155
537012.5.peg.2223.site.8, 1, 125, 126
537012.5.peg.2223.site.9, 93, 125, 218
537012.5.peg.2223.site.10, 1, 122, 123
537012.5.peg.2223.site.11, 2, 125, 127
537012.5.peg.2220.site.1, 1, 125, 126
537012.5.peg.2220.site.2, 1, 125, 126
537012.5.peg.2220.site.3, 1, 125, 126
537012.5.peg.2220.site.4, 3, 126, 129
537012.5.peg.2220.site.5, 10, 125, 135
537012.5.peg.2220.site.6, 10, 123, 133
537012.5.peg.2220.site.7, 30, 125, 155
537012.5.peg.2220.site.8, 1, 124, 125
537012.5.peg.2220.site.9, 40, 125, 165
537012.5.peg.2220.site.10, 40, 125, 165
537012.5.peg.2220.site.11, 56, 125, 181
537012.5.peg.2220.site.12, 1, 124, 125
537012.5.peg.2220.site.13, 14, 123, 137
537012.5.peg.2220.site.14, 72, 123, 195
537012.5.peg.2220.site.15, 1, 125, 126
537012.5.peg.2220.site.16, 1, 125, 126
537012.5.peg.2220.site.17, 1, 125, 126
537012.5.peg.2221.site.1, 1, 125, 126
537012.5.peg.2221.site.2, 1, 125, 126
537012.5.peg.2221.site.3, 1, 124, 125
537012.5.peg.2221.site.4, 4, 125, 129
537012.5.peg.2221.site.5, 2, 124, 126
537012.5.peg.2221.site.6, 4, 124, 128
537012.5.peg.2221.site.7, 1, 123, 124
537012.5.peg.2221.site.8, 3, 124, 127
537012.5.peg.2221.site.9, 1, 126, 127
537012.5.peg.2221.site.10, 1, 125, 126
537012.5.peg.2221.site.11, 1, 125, 126
537012.5.peg.2221.site.12, 1, 124, 125
537012.5.peg.2221.site.13, 1, 125, 126
537012.5.peg.2221.site.14, 1, 125, 126
537012.5.peg.2221.site.15, 5, 125, 130
537012.5.peg.2221.site.16, 5, 124, 129
537012.5.peg.2221.site.17, 91, 125, 216
537012.5.peg.2221.site.18, 11, 125, 136
537012.5.peg.2221.site.19, 1, 125, 126
537012.5.peg.2221.site.20, 1, 125, 126
537012.5.peg.2221.site.21, 1, 125, 126
537012.5.peg.2221.site.22, 1, 125, 126
537012.5.peg.2221.site.23, 1, 124, 125
537012.5.peg.2221.site.24, 2, 125, 127
537012.5.peg.2221.site.25, 1, 125, 126
537012.5.peg.2221.site.26, 1, 125, 126
537012.5.peg.2221.site.27, 1, 125, 126
537012.5.peg.2221.site.28, 46, 124, 170
537012.5.peg.2221.site.29, 18, 124, 142
537012.5.peg.2221.site.30, 35, 123, 158
537012.5.peg.2221.site.31, 7, 125, 132
537012.5.peg.2221.site.32, 46, 123, 169
537012.5.peg.2221.site.33, 2, 123, 125
537012.5.peg.2221.site.34, 3, 124, 127
537012.5.peg.2221.site.35, 13, 124, 137
537012.5.peg.2221.site.36, 1, 125, 126
537012.5.peg.2221.site.37, 3, 125, 128
537012.5.peg.2221.site.38, 1, 125, 126
537012.5.peg.2221.site.39, 1, 125, 126
537012.5.peg.2221.site.40, 2, 125, 127
537012.5.peg.2221.site.41, 73, 124, 197
537012.5.peg.2221.site.42, 1, 121, 122
537012.5.peg.2730.site.1, 59, 132, 191
537012.5.peg.2730.site.2, 44, 131, 175
537012.5.peg.2730.site.3, 9, 131, 140
537012.5.peg.2730.site.4, 9, 131, 140
537012.5.peg.2730.site.5, 12, 132, 144
537012.5.peg.2730.site.6, 4, 127, 131
537012.5.peg.2730.site.7, 4, 128, 132
537012.5.peg.2730.site.8, 2, 127, 129
537012.5.peg.2730.site.9, 2, 132, 134
537012.5.peg.2730.site.10, 0, 133, 133
537012.5.peg.2730.site.11, 26, 133, 159
537012.5.peg.2730.site.12, 2, 132, 134
537012.5.peg.2730.site.13, 7, 133, 140
537012.5.peg.2730.site.14, 6, 133, 139
537012.5.peg.2730.site.15, 6, 132, 138
537012.5.peg.2730.site.16, 53, 131, 184
537012.5.peg.2730.site.17, 76, 131, 207
537012.5.peg.2730.site.18, 13, 129, 142
537012.5.peg.2730.site.19, 3, 127, 130
537012.5.peg.2730.site.20, 5, 126, 131
537012.5.peg.2730.site.21, 2, 125, 127
537012.5.peg.2730.site.22, 4, 124, 128
537012.5.peg.2730.site.23, 0, 126, 126
537012.5.peg.2730.site.24, 107, 124, 231
537012.5.peg.2730.site.25, 7, 125, 132
537012.5.peg.2730.site.26, 0, 127, 127
537012.5.peg.2730.site.27, 9, 131, 140
537012.5.peg.2730.site.28, 9, 133, 142
537012.5.peg.2730.site.29, 10, 131, 141
537012.5.peg.2730.site.30, 3, 130, 133
537012.5.peg.2730.site.31, 3, 132, 135
537012.5.peg.2730.site.32, 1, 132, 133
537012.5.peg.2730.site.33, 1, 123, 124
537012.5.peg.2730.site.34, 2, 124, 126
537012.5.peg.2730.site.35, 3, 124, 127
537012.5.peg.2730.site.36, 3, 125, 128
537012.5.peg.2730.site.37, 6, 133, 139
537012.5.peg.2730.site.38, 2, 133, 135
537012.5.peg.2730.site.39, 76, 133, 209
537012.5.peg.2730.site.40, 6, 133, 139
537012.5.peg.2730.site.41, 4, 131, 135
537012.5.peg.2730.site.42, 11, 132, 143
537012.5.peg.2730.site.43, 4, 131, 135
537012.5.peg.2730.site.44, 6, 133, 139
537012.5.peg.2730.site.45, 0, 132, 132
537012.5.peg.2730.site.46, 3, 127, 130
537012.5.peg.2730.site.47, 8, 126, 134
537012.5.peg.2730.site.48, 8, 130, 138
537012.5.peg.2730.site.49, 2, 130, 132
537012.5.peg.2730.site.50, 1, 128, 129
537012.5.peg.2730.site.51, 9, 133, 142
537012.5.peg.2730.site.52, 3, 133, 136
537012.5.peg.2730.site.53, 9, 129, 138
537012.5.peg.2730.site.54, 39, 132, 171
537012.5.peg.2730.site.55, 105, 132, 237
537012.5.peg.2730.site.56, 3, 133, 136
537012.5.peg.2730.site.57, 8, 133, 141
537012.5.peg.2730.site.58, 9, 130, 139
537012.5.peg.2730.site.59, 31, 131, 162
537012.5.peg.2730.site.60, 0, 132, 132
537012.5.peg.2730.site.61, 4, 131, 135
537012.5.peg.2730.site.62, 0, 133, 133
537012.5.peg.2730.site.63, 3, 133, 136
537012.5.peg.2730.site.64, 10, 131, 141
537012.5.peg.2730.site.65, 6, 133, 139
537012.5.peg.2731.site.1, 0, 133, 133
537012.5.peg.2731.site.2, 6, 132, 138
537012.5.peg.2731.site.3, 1, 124, 125
537012.5.peg.2731.site.4, 7, 129, 136
537012.5.peg.2731.site.5, 3, 131, 134
537012.5.peg.2731.site.6, 3, 132, 135
537012.5.peg.2731.site.7, 17, 124, 141
537012.5.peg.2731.site.8, 29, 127, 156
537012.5.peg.2731.site.9, 1, 126, 127
537012.5.peg.2731.site.10, 16, 125, 141
537012.5.peg.2731.site.11, 14, 129, 143
537012.5.peg.2731.site.12, 4, 131, 135
537012.5.peg.2731.site.13, 6, 133, 139
537012.5.peg.2731.site.14, 2, 133, 135
537012.5.peg.2731.site.15, 6, 133, 139
537012.5.peg.2731.site.16, 2, 132, 134
537012.5.peg.2731.site.17, 5, 132, 137
537012.5.peg.2731.site.18, 20, 130, 150
537012.5.peg.2731.site.19, 3, 130, 133
537012.5.peg.2731.site.20, 1, 131, 132
537012.5.peg.2731.site.21, 1, 128, 129
537012.5.peg.2731.site.22, 53, 127, 180
537012.5.peg.2731.site.23, 4, 131, 135
537012.5.peg.2731.site.24, 4, 130, 134
537012.5.peg.2731.site.25, 4, 131, 135
537012.5.peg.2731.site.26, 5, 132, 137
537012.5.peg.2731.site.27, 0, 133, 133
537012.5.peg.2731.site.28, 0, 132, 132
537012.5.peg.2731.site.29, 31, 131, 162
537012.5.peg.2731.site.30, 0, 133, 133
537012.5.peg.2731.site.31, 3, 133, 136
537012.5.peg.2731.site.32, 3, 133, 136
537012.5.peg.2731.site.33, 10, 131, 141
537012.5.peg.2731.site.34, 4, 129, 133
537012.5.peg.2731.site.35, 4, 131, 135
537012.5.peg.2731.site.36, 3, 130, 133
537012.5.peg.2731.site.37, 130, 132, 262
537012.5.peg.2731.site.38, 1, 132, 133
537012.5.peg.2731.site.39, 4, 133, 137
537012.5.peg.2731.site.40, 12, 133, 145
537012.5.peg.2731.site.41, 6, 133, 139
537012.5.peg.2731.site.42, 4, 131, 135
537012.5.peg.2731.site.43, 9, 133, 142
537012.5.peg.2731.site.44, 10, 131, 141
537012.5.peg.2731.site.45, 10, 131, 141
537012.5.peg.2731.site.46, 4, 133, 137
537012.5.peg.2731.site.47, 4, 130, 134
537012.5.peg.2731.site.48, 6, 133, 139
537012.5.peg.2731.site.49, 5, 128, 133
537012.5.peg.2731.site.50, 10, 131, 141
537012.5.peg.2731.site.51, 10, 131, 141
537012.5.peg.2731.site.52, 60, 132, 192
537012.5.peg.2731.site.53, 2, 129, 131
537012.5.peg.2731.site.54, 6, 133, 139
537012.5.peg.2731.site.55, 0, 131, 131
537012.5.peg.2731.site.56, 2, 130, 132
537012.5.peg.2731.site.57, 6, 133, 139
537012.5.peg.2731.site.58, 10, 131, 141
537012.5.peg.2731.site.59, 4, 130, 134
537012.5.peg.2731.site.60, 1, 133, 134
537012.5.peg.2731.site.61, 1, 131, 132
537012.5.peg.2731.site.62, 5, 126, 131
537012.5.peg.2731.site.63, 131, 133, 264
537012.5.peg.2731.site.64, 2, 132, 134
537012.5.peg.2731.site.65, 2, 133, 135
537012.5.peg.2731.site.66, 5, 132, 137
537012.5.peg.2731.site.67, 11, 132, 143
537012.5.peg.2731.site.68, 0, 133, 133
537012.5.peg.2731.site.69, 10, 133, 143
537012.5.peg.2731.site.70, 3, 133, 136
537012.5.peg.2731.site.71, 6, 132, 138
537012.5.peg.2731.site.72, 3, 133, 136
537012.5.peg.2731.site.73, 0, 133, 133
537012.5.peg.2731.site.74, 39, 133, 172
537012.5.peg.2731.site.75, 0, 133, 133
537012.5.peg.2731.site.76, 4, 130, 134
537012.5.peg.2731.site.77, 6, 133, 139
537012.5.peg.2731.site.78, 4, 131, 135
537012.5.peg.2731.site.79, 5, 132, 137
537012.5.peg.2731.site.80, 73, 132, 205
537012.5.peg.2731.site.81, 4, 131, 135
537012.5.peg.2731.site.82, 4, 130, 134
537012.5.peg.2731.site.83, 0, 130, 130
537012.5.peg.614.site.1, 22, 132, 154
537012.5.peg.614.site.2, 18, 133, 151
537012.5.peg.614.site.3, 18, 134, 152
537012.5.peg.614.site.4, 2, 134, 136
537012.5.peg.614.site.5, 26, 133, 159
537012.5.peg.614.site.6, 52, 134, 186
537012.5.peg.614.site.7, 17, 134, 151
537012.5.peg.614.site.8, 5, 134, 139
537012.5.peg.614.site.9, 8, 134, 142
537012.5.peg.614.site.10, 7, 133, 140
537012.5.peg.614.site.11, 1, 133, 134
537012.5.peg.614.site.12, 86, 133, 219
537012.5.peg.614.site.13, 17, 133, 150
537012.5.peg.614.site.14, 1, 134, 135
537012.5.peg.614.site.15, 2, 132, 134
537012.5.peg.614.site.16, 51, 134, 185
537012.5.peg.614.site.17, 1, 134, 135
537012.5.peg.614.site.18, 21, 132, 153
537012.5.peg.614.site.19, 20, 133, 153
537012.5.peg.614.site.20, 12, 134, 146
537012.5.peg.614.site.21, 2, 132, 134
537012.5.peg.614.site.22, 28, 130, 158
537012.5.peg.614.site.23, 2, 134, 136
537012.5.peg.614.site.24, 18, 134, 152
537012.5.peg.614.site.25, 20, 132, 152
537012.5.peg.614.site.26, 3, 132, 135
537012.5.peg.614.site.27, 20, 133, 153
537012.5.peg.614.site.28, 0, 133, 133
537012.5.peg.614.site.29, 24, 134, 158
537012.5.peg.614.site.30, 22, 134, 156
537012.5.peg.614.site.31, 2, 133, 135
537012.5.peg.614.site.32, 17, 134, 151
537012.5.peg.614.site.33, 10, 133, 143
537012.5.peg.614.site.34, 17, 133, 150
537012.5.peg.614.site.35, 61, 132, 193
537012.5.peg.614.site.36, 2, 134, 136
537012.5.peg.614.site.37, 1, 132, 133
537012.5.peg.614.site.38, 2, 133, 135
537012.5.peg.614.site.39, 43, 132, 175
537012.5.peg.614.site.40, 13, 132, 145
537012.5.peg.614.site.41, 11, 134, 145
537012.5.peg.614.site.42, 18, 131, 149
537012.5.peg.614.site.43, 67, 128, 195
537012.5.peg.614.site.44, 8, 127, 135
537012.5.peg.614.site.45, 10, 127, 137
537012.5.peg.614.site.46, 11, 128, 139
537012.5.peg.614.site.47, 2, 129, 131
537012.5.peg.614.site.48, 2, 129, 131
537012.5.peg.614.site.49, 17, 132, 149
537012.5.peg.614.site.50, 21, 131, 152
537012.5.peg.614.site.51, 2, 129, 131
537012.5.peg.614.site.52, 2, 132, 134
537012.5.peg.614.site.53, 58, 129, 187
537012.5.peg.614.site.54, 9, 132, 141
537012.5.peg.614.site.55, 3, 131, 134
537012.5.peg.614.site.56, 60, 133, 193
537012.5.peg.614.site.57, 20, 132, 152
537012.5.peg.614.site.58, 1, 132, 133
537012.5.peg.614.site.59, 11, 127, 138
537012.5.peg.614.site.60, 4, 114, 118
537012.5.peg.614.site.61, 18, 115, 133
537012.5.peg.2733.site.1, 3, 133, 136
537012.5.peg.2733.site.2, 4, 130, 134
537012.5.peg.2733.site.3, 6, 133, 139
537012.5.peg.2733.site.4, 1, 133, 134
537012.5.peg.2733.site.5, 2, 133, 135
537012.5.peg.2733.site.6, 6, 133, 139
537012.5.peg.2733.site.7, 4, 131, 135
537012.5.peg.2733.site.8, 3, 132, 135
537012.5.peg.2733.site.9, 0, 132, 132
537012.5.peg.2733.site.10, 4, 131, 135
537012.5.peg.2733.site.11, 19, 131, 150
537012.5.peg.2733.site.12, 3, 133, 136
537012.5.peg.2733.site.13, 6, 133, 139
537012.5.peg.2733.site.14, 1, 133, 134
537012.5.peg.2733.site.15, 125, 133, 258
537012.5.peg.2733.site.16, 2, 133, 135
537012.5.peg.2733.site.17, 4, 133, 137
537012.5.peg.2733.site.18, 1, 132, 133
537012.5.peg.2733.site.19, 20, 132, 152
537012.5.peg.2733.site.20, 3, 130, 133
537012.5.peg.2733.site.21, 66, 130, 196
537012.5.peg.2733.site.22, 45, 133, 178
537012.5.peg.2733.site.23, 1, 133, 134
537012.5.peg.2733.site.24, 2, 133, 135
537012.5.peg.2733.site.25, 0, 132, 132
537012.5.peg.2733.site.26, 2, 133, 135
537012.5.peg.2733.site.27, 4, 131, 135
537012.5.peg.2733.site.28, 9, 133, 142
537012.5.peg.2733.site.29, 5, 131, 136
537012.5.peg.2733.site.30, 11, 131, 142
537012.5.peg.2733.site.31, 8, 130, 138
537012.5.peg.2733.site.32, 67, 130, 197
537012.5.peg.2733.site.33, 1, 133, 134
537012.5.peg.2733.site.34, 6, 133, 139
537012.5.peg.2733.site.35, 125, 127, 252
537012.5.peg.2733.site.36, 6, 129, 135
537012.5.peg.2733.site.37, 4, 131, 135
537012.5.peg.2734.site.1, 59, 131, 190
537012.5.peg.2734.site.2, 3, 134, 137
537012.5.peg.2734.site.3, 5, 132, 137
537012.5.peg.2734.site.4, 1, 133, 134
537012.5.peg.2734.site.5, 2, 134, 136
537012.5.peg.2734.site.6, 5, 133, 138
537012.5.peg.2734.site.7, 0, 134, 134
537012.5.peg.2734.site.8, 15, 133, 148
537012.5.peg.2734.site.9, 1, 134, 135
537012.5.peg.2734.site.10, 12, 133, 145
537012.5.peg.2734.site.11, 6, 134, 140
537012.5.peg.2734.site.12, 1, 134, 135
537012.5.peg.2734.site.13, 12, 133, 145
537012.5.peg.2734.site.14, 22, 134, 156
537012.5.peg.2734.site.15, 5, 133, 138
537012.5.peg.2734.site.16, 1, 134, 135
537012.5.peg.2734.site.17, 5, 133, 138
537012.5.peg.2734.site.18, 1, 133, 134
537012.5.peg.2734.site.19, 39, 132, 171
537012.5.peg.2734.site.20, 1, 132, 133
537012.5.peg.2734.site.21, 5, 133, 138
537012.5.peg.2734.site.22, 113, 131, 244
537012.5.peg.2734.site.23, 1, 134, 135
537012.5.peg.2734.site.24, 15, 134, 149
537012.5.peg.2734.site.25, 4, 131, 135
537012.5.peg.2734.site.26, 7, 133, 140
537012.5.peg.2734.site.27, 5, 134, 139
537012.5.peg.2734.site.28, 6, 134, 140
537012.5.peg.2734.site.29, 6, 134, 140
537012.5.peg.2734.site.30, 4, 132, 136
537012.5.peg.2734.site.31, 1, 132, 133
537012.5.peg.2734.site.32, 1, 133, 134
537012.5.peg.2734.site.33, 4, 131, 135
537012.5.peg.2734.site.34, 6, 134, 140
537012.5.peg.2734.site.35, 6, 134, 140
537012.5.peg.2734.site.36, 7, 133, 140
537012.5.peg.2734.site.37, 6, 134, 140
537012.5.peg.2734.site.38, 9, 134, 143
537012.5.peg.2734.site.39, 3, 131, 134
537012.5.peg.2734.site.40, 38, 128, 166
537012.5.peg.2735.site.1, 8, 129, 137
537012.5.peg.2735.site.2, 30, 131, 161
537012.5.peg.2735.site.3, 7, 129, 136
537012.5.peg.2735.site.4, 3, 129, 132
537012.5.peg.2735.site.5, 5, 127, 132
537012.5.peg.2735.site.6, 1, 134, 135
537012.5.peg.2735.site.7, 7, 134, 141
537012.5.peg.2735.site.8, 4, 134, 138
537012.5.peg.2735.site.9, 27, 134, 161
537012.5.peg.2735.site.10, 1, 134, 135
537012.5.peg.2735.site.11, 4, 132, 136
537012.5.peg.2735.site.12, 2, 130, 132
537012.5.peg.2735.site.13, 1, 128, 129
537012.5.peg.2735.site.14, 1, 129, 130
537012.5.peg.2735.site.15, 27, 128, 155
537012.5.peg.2735.site.16, 5, 126, 131
537012.5.peg.2735.site.17, 28, 128, 156
537012.5.peg.2735.site.18, 17, 128, 145
537012.5.peg.2735.site.19, 56, 127, 183
537012.5.peg.2735.site.20, 6, 134, 140
537012.5.peg.2735.site.21, 29, 133, 162
537012.5.peg.2735.site.22, 6, 134, 140
537012.5.peg.2735.site.23, 6, 134, 140
537012.5.peg.2735.site.24, 6, 133, 139
537012.5.peg.2735.site.25, 16, 134, 150
537012.5.peg.2735.site.26, 32, 132, 164
537012.5.peg.2735.site.27, 6, 134, 140
537012.5.peg.2735.site.28, 28, 133, 161
537012.5.peg.2735.site.29, 1, 134, 135
537012.5.peg.2735.site.30, 7, 134, 141
537012.5.peg.2735.site.31, 7, 134, 141
537012.5.peg.2737.site.1, 5, 134, 139
537012.5.peg.2737.site.2, 19, 132, 151
537012.5.peg.2737.site.3, 1, 133, 134
537012.5.peg.2737.site.4, 2, 134, 136
537012.5.peg.2737.site.5, 3, 134, 137
537012.5.peg.2737.site.6, 3, 134, 137
537012.5.peg.2737.site.7, 6, 134, 140
537012.5.peg.2737.site.8, 7, 134, 141
537012.5.peg.2737.site.9, 1, 133, 134
537012.5.peg.2737.site.10, 4, 132, 136
537012.5.peg.2737.site.11, 5, 134, 139
537012.5.peg.2737.site.12, 13, 134, 147
537012.5.peg.2737.site.13, 18, 134, 152
537012.5.peg.2737.site.14, 13, 133, 146
537012.5.peg.2737.site.15, 3, 131, 134
537012.5.peg.2737.site.16, 16, 131, 147
537012.5.peg.2737.site.17, 1, 129, 130
537012.5.peg.2737.site.18, 10, 125, 135
537012.5.peg.2737.site.19, 3, 126, 129
537012.5.peg.2737.site.20, 9, 125, 134
537012.5.peg.2737.site.21, 11, 125, 136
537012.5.peg.2737.site.22, 13, 126, 139
537012.5.peg.2737.site.23, 21, 126, 147
537012.5.peg.2737.site.24, 1, 129, 130
537012.5.peg.2737.site.25, 6, 134, 140
537012.5.peg.2737.site.26, 6, 134, 140
537012.5.peg.2737.site.27, 12, 132, 144
537012.5.peg.2737.site.28, 1, 134, 135
537012.5.peg.2737.site.29, 1, 134, 135
537012.5.peg.2737.site.30, 0, 128, 128
537012.5.peg.2737.site.31, 1, 128, 129
537012.5.peg.2737.site.32, 45, 126, 171
537012.5.peg.2737.site.33, 57, 124, 181
537012.5.peg.2737.site.34, 18, 127, 145
537012.5.peg.2737.site.35, 19, 127, 146
537012.5.peg.2737.site.36, 74, 126, 200
537012.5.peg.2737.site.37, 31, 133, 164
537012.5.peg.2737.site.38, 14, 134, 148
537012.5.peg.2737.site.39, 1, 132, 133
537012.5.peg.2737.site.40, 13, 126, 139
537012.5.peg.2737.site.41, 1, 128, 129
537012.5.peg.2737.site.42, 19, 132, 151
537012.5.peg.2737.site.43, 12, 132, 144
537012.5.peg.2737.site.44, 7, 134, 141
537012.5.peg.2737.site.45, 0, 129, 129
537012.5.peg.2737.site.46, 7, 127, 134
537012.5.peg.2737.site.47, 64, 128, 192
537012.5.peg.2737.site.48, 3, 116, 119
537012.5.peg.2737.site.49, 10, 123, 133
537012.5.peg.2737.site.50, 2, 127, 129
537012.5.peg.2737.site.51, 4, 131, 135
537012.5.peg.2737.site.52, 4, 132, 136
537012.5.peg.2737.site.53, 0, 133, 133
537012.5.peg.2737.site.54, 4, 133, 137
537012.5.peg.2737.site.55, 2, 134, 136
537012.5.peg.2737.site.56, 1, 134, 135
537012.5.peg.2737.site.57, 12, 133, 145
537012.5.peg.2737.site.58, 0, 133, 133
537012.5.peg.2737.site.59, 6, 134, 140
537012.5.peg.2737.site.60, 37, 132, 169
537012.5.peg.2737.site.61, 21, 132, 153
537012.5.peg.2737.site.62, 12, 131, 143
537012.5.peg.2737.site.63, 28, 133, 161
537012.5.peg.2737.site.64, 3, 134, 137
537012.5.peg.2737.site.65, 133, 134, 267
537012.5.peg.2737.site.66, 1, 134, 135
537012.5.peg.2737.site.67, 1, 134, 135
537012.5.peg.2737.site.68, 0, 134, 134
537012.5.peg.2737.site.69, 1, 134, 135
537012.5.peg.2737.site.70, 10, 134, 144
537012.5.peg.2737.site.71, 12, 132, 144
537012.5.peg.2737.site.72, 12, 132, 144
537012.5.peg.2737.site.73, 14, 133, 147
537012.5.peg.2737.site.74, 4, 131, 135
537012.5.peg.2737.site.75, 0, 131, 131
537012.5.peg.2737.site.76, 4, 131, 135
537012.5.peg.2737.site.77, 4, 131, 135
537012.5.peg.2737.site.78, 26, 132, 158
537012.5.peg.2737.site.79, 3, 134, 137
537012.5.peg.2737.site.80, 3, 134, 137
537012.5.peg.2737.site.81, 12, 134, 146
537012.5.peg.2737.site.82, 19, 132, 151
537012.5.peg.2737.site.83, 1, 134, 135
537012.5.peg.2737.site.84, 7, 134, 141
537012.5.peg.2737.site.85, 7, 134, 141
537012.5.peg.2737.site.86, 1, 134, 135
537012.5.peg.2737.site.87, 5, 134, 139
537012.5.peg.2737.site.88, 7, 134, 141
537012.5.peg.2737.site.89, 6, 134, 140
537012.5.peg.2737.site.90, 4, 133, 137
537012.5.peg.2737.site.91, 0, 134, 134
537012.5.peg.2737.site.92, 7, 134, 141
537012.5.peg.2737.site.93, 1, 129, 130
537012.5.peg.2737.site.94, 1, 129, 130
537012.5.peg.2737.site.95, 3, 130, 133
537012.5.peg.2737.site.96, 0, 130, 130
537012.5.peg.2737.site.97, 0, 126, 126
537012.5.peg.2737.site.98, 2, 129, 131
537012.5.peg.2737.site.99, 3, 131, 134
537012.5.peg.2737.site.100, 84, 128, 212
537012.5.peg.2737.site.101, 4, 131, 135
537012.5.peg.2737.site.102, 7, 134, 141
537012.5.peg.2737.site.103, 12, 132, 144
537012.5.peg.2737.site.104, 7, 134, 141
537012.5.peg.2737.site.105, 7, 134, 141
537012.5.peg.2737.site.106, 6, 134, 140
537012.5.peg.2737.site.107, 18, 130, 148
537012.5.peg.2737.site.108, 3, 133, 136
537012.5.peg.2737.site.109, 18, 130, 148
537012.5.peg.2737.site.110, 4, 134, 138
537012.5.peg.2737.site.111, 2, 134, 136
537012.5.peg.2737.site.112, 9, 134, 143
537012.5.peg.2737.site.113, 50, 133, 183
537012.5.peg.2737.site.114, 3, 132, 135
537012.5.peg.2737.site.115, 5, 131, 136
537012.5.peg.2737.site.116, 1, 131, 132
537012.5.peg.2737.site.117, 7, 133, 140
537012.5.peg.2737.site.118, 1, 134, 135
537012.5.peg.2737.site.119, 0, 134, 134
537012.5.peg.2737.site.120, 3, 134, 137
537012.5.peg.2737.site.121, 28, 133, 161
537012.5.peg.2737.site.122, 0, 134, 134
537012.5.peg.2737.site.123, 46, 134, 180
537012.5.peg.2737.site.124, 22, 132, 154
537012.5.peg.2737.site.125, 1, 134, 135
537012.5.peg.2737.site.126, 2, 134, 136
537012.5.peg.2737.site.127, 3, 134, 137
537012.5.peg.2737.site.128, 2, 134, 136
537012.5.peg.2737.site.129, 7, 134, 141
537012.5.peg.2737.site.130, 1, 133, 134
537012.5.peg.2738.site.1, 6, 123, 129
537012.5.peg.2738.site.2, 15, 121, 136
537012.5.peg.2738.site.3, 1, 120, 121
537012.5.peg.2738.site.4, 23, 134, 157
537012.5.peg.2738.site.5, 1, 134, 135
537012.5.peg.2738.site.6, 16, 134, 150
537012.5.peg.2738.site.7, 3, 134, 137
537012.5.peg.2738.site.8, 14, 134, 148
537012.5.peg.2738.site.9, 27, 133, 160
537012.5.peg.2738.site.10, 35, 134, 169
537012.5.peg.2738.site.11, 16, 134, 150
537012.5.peg.2738.site.12, 1, 134, 135
537012.5.peg.2738.site.13, 4, 133, 137
537012.5.peg.2738.site.14, 0, 134, 134
537012.5.peg.2738.site.15, 1, 134, 135
537012.5.peg.2738.site.16, 116, 134, 250
537012.5.peg.2738.site.17, 1, 134, 135
537012.5.peg.2738.site.18, 2, 134, 136
537012.5.peg.2738.site.19, 4, 134, 138
537012.5.peg.2738.site.20, 4, 134, 138
537012.5.peg.2738.site.21, 19, 132, 151
537012.5.peg.2738.site.22, 1, 134, 135
537012.5.peg.2738.site.23, 133, 134, 267
537012.5.peg.2738.site.24, 6, 134, 140
537012.5.peg.2738.site.25, 45, 133, 178
537012.5.peg.2738.site.26, 2, 134, 136
537012.5.peg.2738.site.27, 1, 133, 134
537012.5.peg.2738.site.28, 1, 134, 135
537012.5.peg.2738.site.29, 1, 134, 135
537012.5.peg.2739.site.1, 1, 134, 135
537012.5.peg.2739.site.2, 0, 134, 134
537012.5.peg.2739.site.3, 6, 134, 140
537012.5.peg.2739.site.4, 19, 132, 151
537012.5.peg.2739.site.5, 6, 134, 140
537012.5.peg.2739.site.6, 1, 134, 135
537012.5.peg.2739.site.7, 0, 134, 134
537012.5.peg.2739.site.8, 1, 134, 135
537012.5.peg.2739.site.9, 10, 132, 142
537012.5.peg.2739.site.10, 16, 132, 148
537012.5.peg.2739.site.11, 16, 132, 148
537012.5.peg.2739.site.12, 9, 132, 141
537012.5.peg.2739.site.13, 2, 134, 136
537012.5.peg.2739.site.14, 9, 133, 142
537012.5.peg.2739.site.15, 61, 133, 194
537012.5.peg.2739.site.16, 109, 134, 243
537012.5.peg.2739.site.17, 64, 133, 197
537012.5.peg.2739.site.18, 4, 133, 137
537012.5.peg.2739.site.19, 3, 133, 136
537012.5.peg.2739.site.20, 4, 134, 138
537012.5.peg.2739.site.21, 10, 134, 144
537012.5.peg.2739.site.22, 4, 134, 138
537012.5.peg.2739.site.23, 7, 133, 140
537012.5.peg.2739.site.24, 3, 133, 136
537012.5.peg.2739.site.25, 4, 133, 137
537012.5.peg.2739.site.26, 1, 134, 135
537012.5.peg.2739.site.27, 0, 134, 134
537012.5.peg.2739.site.28, 2, 133, 135
537012.5.peg.2739.site.29, 46, 133, 179
537012.5.peg.2739.site.30, 0, 133, 133
537012.5.peg.2739.site.31, 5, 134, 139
537012.5.peg.2739.site.32, 19, 133, 152
537012.5.peg.2739.site.33, 3, 132, 135
537012.5.peg.2739.site.34, 1, 133, 134
537012.5.peg.2739.site.35, 2, 134, 136
537012.5.peg.2739.site.36, 10, 132, 142
537012.5.peg.2739.site.37, 11, 131, 142
537012.5.peg.3607.site.1, 59, 131, 190
537012.5.peg.3607.site.2, 14, 132, 146
537012.5.peg.3607.site.3, 3, 131, 134
537012.5.peg.3607.site.4, 1, 132, 133
537012.5.peg.3607.site.5, 2, 129, 131
537012.5.peg.3607.site.6, 2, 132, 134
537012.5.peg.3607.site.7, 6, 132, 138
537012.5.peg.3607.site.8, 1, 132, 133
537012.5.peg.3607.site.9, 57, 131, 188
537012.5.peg.3607.site.10, 2, 128, 130
537012.5.peg.3607.site.11, 5, 130, 135
537012.5.peg.3607.site.12, 79, 129, 208
537012.5.peg.3607.site.13, 2, 130, 132
537012.5.peg.3607.site.14, 11, 132, 143
537012.5.peg.3607.site.15, 8, 130, 138
537012.5.peg.3607.site.16, 49, 129, 178
537012.5.peg.3607.site.17, 4, 131, 135
537012.5.peg.3607.site.18, 1, 129, 130
537012.5.peg.3607.site.19, 5, 125, 130
537012.5.peg.3607.site.20, 3, 125, 128
537012.5.peg.3607.site.21, 3, 124, 127
537012.5.peg.3607.site.22, 99, 123, 222
537012.5.peg.3607.site.23, 8, 129, 137
537012.5.peg.3607.site.24, 4, 130, 134
537012.5.peg.3607.site.25, 1, 132, 133
537012.5.peg.3607.site.26, 2, 132, 134
537012.5.peg.3607.site.27, 2, 132, 134
537012.5.peg.3607.site.28, 1, 132, 133
537012.5.peg.3607.site.29, 1, 132, 133
537012.5.peg.3607.site.30, 0, 132, 132
537012.5.peg.3607.site.31, 14, 132, 146
537012.5.peg.3607.site.32, 14, 132, 146
537012.5.peg.3607.site.33, 2, 132, 134
537012.5.peg.3607.site.34, 1, 132, 133
537012.5.peg.3607.site.35, 0, 131, 131
537012.5.peg.3607.site.36, 10, 132, 142
537012.5.peg.3607.site.37, 1, 132, 133
537012.5.peg.3607.site.38, 10, 131, 141
537012.5.peg.3607.site.39, 0, 131, 131
537012.5.peg.3607.site.40, 1, 131, 132
537012.5.peg.3607.site.41, 1, 130, 131
537012.5.peg.3607.site.42, 3, 130, 133
537012.5.peg.3607.site.43, 9, 130, 139
537012.5.peg.3607.site.44, 8, 130, 138
537012.5.peg.3607.site.45, 14, 127, 141
537012.5.peg.3607.site.46, 9, 124, 133
537012.5.peg.3607.site.47, 1, 121, 122
537012.5.peg.3607.site.48, 4, 124, 128
537012.5.peg.3607.site.49, 3, 127, 130
537012.5.peg.3607.site.50, 3, 129, 132
537012.5.peg.3607.site.51, 13, 131, 144
537012.5.peg.3607.site.52, 26, 130, 156
537012.5.peg.3607.site.53, 3, 126, 129
537012.5.peg.3607.site.54, 1, 125, 126
537012.5.peg.3607.site.55, 1, 119, 120
537012.5.peg.3607.site.56, 1, 119, 120
537012.5.peg.3607.site.57, 1, 119, 120
537012.5.peg.3607.site.58, 15, 122, 137
537012.5.peg.3607.site.59, 1, 122, 123
537012.5.peg.3607.site.60, 63, 121, 184
537012.5.peg.3607.site.61, 3, 120, 123
537012.5.peg.3607.site.62, 9, 130, 139
537012.5.peg.3607.site.63, 6, 132, 138
537012.5.peg.3607.site.64, 20, 131, 151
537012.5.peg.3607.site.65, 1, 131, 132
537012.5.peg.3607.site.66, 4, 130, 134
537012.5.peg.3607.site.67, 11, 129, 140
537012.5.peg.3607.site.68, 2, 131, 133
537012.5.peg.3607.site.69, 8, 132, 140
537012.5.peg.3607.site.70, 3, 132, 135
537012.5.peg.3607.site.71, 43, 130, 173
537012.5.peg.3607.site.72, 11, 132, 143
537012.5.peg.3607.site.73, 1, 132, 133
537012.5.peg.3607.site.74, 1, 132, 133
537012.5.peg.3607.site.75, 1, 132, 133
537012.5.peg.3607.site.76, 4, 132, 136
537012.5.peg.3607.site.77, 8, 132, 140
537012.5.peg.3607.site.78, 24, 132, 156
537012.5.peg.3607.site.79, 2, 132, 134
537012.5.peg.3607.site.80, 0, 131, 131
537012.5.peg.3607.site.81, 10, 131, 141
537012.5.peg.3607.site.82, 14, 132, 146
537012.5.peg.3607.site.83, 9, 133, 142
537012.5.peg.3607.site.84, 1, 134, 135
537012.5.peg.3607.site.85, 4, 132, 136
537012.5.peg.3607.site.86, 0, 133, 133
537012.5.peg.3607.site.87, 2, 134, 136
537012.5.peg.3607.site.88, 13, 131, 144
537012.5.peg.3607.site.89, 1, 133, 134
537012.5.peg.3607.site.90, 1, 134, 135
537012.5.peg.3607.site.91, 3, 134, 137
537012.5.peg.3607.site.92, 6, 132, 138
537012.5.peg.3607.site.93, 1, 126, 127
537012.5.peg.3607.site.94, 5, 131, 136
537012.5.peg.3607.site.95, 2, 133, 135
537012.5.peg.3607.site.96, 1, 133, 134
537012.5.peg.3607.site.97, 7, 132, 139
537012.5.peg.3607.site.98, 1, 132, 133
537012.5.peg.3607.site.99, 2, 133, 135
537012.5.peg.3607.site.100, 2, 133, 135
537012.5.peg.3607.site.101, 131, 132, 263
537012.5.peg.3607.site.102, 11, 134, 145
537012.5.peg.3607.site.103, 4, 132, 136
537012.5.peg.3607.site.104, 104, 133, 237
537012.5.peg.3607.site.105, 0, 133, 133
537012.5.peg.3607.site.106, 3, 134, 137
537012.5.peg.3607.site.107, 8, 132, 140
537012.5.peg.3606.site.1, 1, 92, 93
537012.5.peg.3606.site.2, 29, 97, 126
537012.5.peg.3606.site.3, 20, 76, 96
537012.5.peg.3606.site.4, 15, 69, 84
537012.5.peg.3606.site.5, 12, 66, 78
537012.5.peg.3606.site.6, 14, 66, 80
537012.5.peg.3606.site.7, 12, 71, 83
537012.5.peg.3606.site.8, 67, 70, 137
537012.5.peg.3606.site.9, 1, 99, 100
537012.5.peg.3606.site.10, 45, 112, 157
537012.5.peg.3606.site.11, 1, 116, 117
537012.5.peg.3606.site.12, 1, 115, 116
537012.5.peg.3606.site.13, 5, 109, 114
537012.5.peg.3606.site.14, 4, 108, 112
537012.5.peg.3606.site.15, 3, 107, 110
537012.5.peg.3606.site.16, 1, 105, 106
537012.5.peg.3606.site.17, 6, 103, 109
537012.5.peg.3606.site.18, 6, 103, 109
537012.5.peg.3606.site.19, 2, 102, 104
537012.5.peg.3606.site.20, 7, 103, 110
537012.5.peg.3606.site.21, 13, 104, 117
537012.5.peg.3606.site.22, 8, 105, 113
537012.5.peg.3606.site.23, 4, 107, 111
537012.5.peg.3606.site.24, 10, 117, 127
537012.5.peg.3606.site.25, 1, 121, 122
537012.5.peg.3606.site.26, 54, 123, 177
537012.5.peg.3606.site.27, 48, 125, 173
537012.5.peg.3606.site.28, 2, 128, 130
537012.5.peg.3606.site.29, 6, 130, 136
537012.5.peg.3606.site.30, 0, 123, 123
537012.5.peg.3606.site.31, 0, 123, 123
537012.5.peg.3606.site.32, 2, 122, 124
537012.5.peg.3606.site.33, 2, 118, 120
537012.5.peg.3606.site.34, 1, 118, 119
537012.5.peg.3606.site.35, 4, 102, 106
537012.5.peg.3606.site.36, 5, 84, 89
537012.5.peg.3606.site.37, 3, 82, 85
537012.5.peg.3606.site.38, 1, 65, 66
537012.5.peg.3606.site.39, 34, 47, 81
537012.5.peg.3606.site.40, 9, 43, 52
537012.5.peg.3606.site.41, 24, 54, 78
537012.5.peg.3606.site.42, 4, 79, 83
537012.5.peg.3606.site.43, 1, 90, 91
537012.5.peg.3606.site.44, 1, 120, 121
537012.5.peg.3606.site.45, 60, 122, 182
537012.5.peg.3606.site.46, 61, 123, 184
537012.5.peg.3606.site.47, 93, 125, 218
537012.5.peg.3606.site.48, 0, 128, 128
537012.5.peg.3606.site.49, 4, 129, 133
537012.5.peg.3606.site.50, 0, 127, 127
537012.5.peg.3606.site.51, 0, 127, 127
537012.5.peg.3606.site.52, 128, 129, 257
537012.5.peg.3606.site.53, 3, 130, 133
537012.5.peg.3606.site.54, 12, 129, 141
537012.5.peg.3606.site.55, 19, 131, 150
537012.5.peg.3606.site.56, 27, 132, 159
537012.5.peg.3606.site.57, 2, 132, 134
537012.5.peg.3606.site.58, 2, 130, 132
537012.5.peg.3606.site.59, 1, 132, 133
537012.5.peg.3606.site.60, 0, 132, 132
537012.5.peg.3357.site.1, 16, 127, 143
537012.5.peg.3356.site.1, 15, 128, 143
537012.5.peg.3356.site.2, 55, 125, 180
537012.5.peg.3356.site.3, 3, 129, 132
537012.5.peg.3356.site.4, 3, 129, 132
537012.5.peg.3356.site.5, 43, 127, 170
537012.5.peg.3356.site.6, 41, 126, 167
537012.5.peg.3356.site.7, 0, 126, 126
537012.5.peg.3356.site.8, 2, 126, 128
537012.5.peg.3356.site.9, 1, 126, 127
537012.5.peg.3356.site.10, 14, 126, 140
537012.5.peg.3356.site.11, 14, 126, 140
537012.5.peg.3356.site.12, 18, 124, 142
537012.5.peg.3356.site.13, 22, 125, 147
537012.5.peg.3356.site.14, 4, 122, 126
537012.5.peg.4774.site.1, 5, 131, 136
537012.5.peg.4774.site.2, 4, 131, 135
537012.5.peg.4774.site.3, 17, 133, 150
537012.5.peg.4774.site.4, 5, 134, 139
537012.5.peg.4774.site.5, 17, 132, 149
537012.5.peg.4774.site.6, 12, 134, 146
537012.5.peg.4774.site.7, 1, 134, 135
537012.5.peg.4774.site.8, 8, 129, 137
537012.5.peg.4774.site.9, 4, 119, 123
537012.5.peg.4774.site.10, 41, 121, 162
537012.5.peg.4774.site.11, 73, 122, 195
537012.5.peg.4774.site.12, 34, 132, 166
537012.5.peg.4774.site.13, 1, 134, 135
537012.5.peg.4774.site.14, 5, 133, 138
537012.5.peg.4774.site.15, 12, 134, 146
537012.5.peg.4774.site.16, 4, 134, 138
537012.5.peg.4774.site.17, 3, 134, 137
537012.5.peg.4774.site.18, 4, 132, 136
537012.5.peg.4774.site.19, 1, 131, 132
537012.5.peg.4774.site.20, 3, 131, 134
537012.5.peg.4774.site.21, 16, 130, 146
537012.5.peg.4774.site.22, 12, 131, 143
537012.5.peg.4774.site.23, 1, 134, 135
537012.5.peg.4774.site.24, 1, 133, 134
537012.5.peg.4774.site.25, 47, 133, 180
537012.5.peg.4774.site.26, 17, 132, 149
537012.5.peg.4774.site.27, 39, 134, 173
537012.5.peg.4774.site.28, 6, 134, 140
537012.5.peg.4774.site.29, 4, 134, 138
537012.5.peg.4774.site.30, 6, 133, 139
537012.5.peg.4774.site.31, 0, 133, 133
537012.5.peg.4774.site.32, 5, 132, 137
537012.5.peg.4774.site.33, 12, 133, 145
537012.5.peg.4774.site.34, 117, 133, 250
537012.5.peg.4774.site.35, 18, 132, 150
537012.5.peg.4774.site.36, 1, 134, 135
537012.5.peg.4774.site.37, 1, 134, 135
537012.5.peg.4774.site.38, 4, 132, 136
537012.5.peg.4774.site.39, 4, 132, 136
537012.5.peg.4774.site.40, 15, 132, 147
537012.5.peg.4774.site.41, 5, 133, 138
537012.5.peg.4774.site.42, 3, 131, 134
537012.5.peg.4774.site.43, 3, 132, 135
537012.5.peg.4774.site.44, 3, 131, 134
537012.5.peg.4774.site.45, 1, 131, 132
537012.5.peg.4774.site.46, 9, 133, 142
537012.5.peg.4774.site.47, 15, 133, 148
537012.5.peg.4774.site.48, 4, 132, 136
537012.5.peg.4774.site.49, 15, 127, 142
537012.5.peg.4774.site.50, 1, 124, 125
537012.5.peg.4774.site.51, 3, 125, 128
537012.5.peg.4774.site.52, 1, 116, 117
537012.5.peg.4774.site.53, 1, 121, 122
537012.5.peg.4774.site.54, 0, 121, 121
537012.5.peg.4774.site.55, 28, 123, 151
537012.5.peg.4774.site.56, 1, 126, 127
537012.5.peg.4774.site.57, 3, 120, 123
537012.5.peg.4774.site.58, 3, 123, 126
537012.5.peg.4774.site.59, 3, 121, 124
537012.5.peg.4774.site.60, 1, 120, 121
537012.5.peg.4775.site.1, 4, 127, 131
537012.5.peg.4775.site.2, 7, 128, 135
537012.5.peg.4775.site.3, 1, 129, 130
537012.5.peg.4775.site.4, 4, 127, 131
537012.5.peg.4775.site.5, 1, 129, 130
537012.5.peg.4775.site.6, 5, 129, 134
537012.5.peg.4775.site.7, 5, 129, 134
537012.5.peg.4775.site.8, 0, 129, 129
537012.5.peg.4775.site.9, 5, 128, 133
537012.5.peg.4775.site.10, 3, 127, 130
537012.5.peg.4775.site.11, 0, 123, 123
537012.5.peg.4775.site.12, 12, 122, 134
537012.5.peg.4775.site.13, 119, 127, 246
537012.5.peg.4775.site.14, 3, 126, 129
537012.5.peg.4775.site.15, 97, 129, 226
537012.5.peg.4775.site.16, 9, 127, 136
537012.5.peg.4775.site.17, 4, 127, 131
537012.5.peg.4775.site.18, 5, 129, 134
537012.5.peg.4775.site.19, 2, 129, 131
537012.5.peg.4775.site.20, 3, 129, 132
537012.5.peg.4775.site.21, 2, 127, 129
537012.5.peg.4775.site.22, 2, 127, 129
537012.5.peg.4775.site.23, 2, 109, 111
537012.5.peg.4775.site.24, 27, 88, 115
537012.5.peg.4775.site.25, 22, 90, 112
537012.5.peg.4775.site.26, 11, 89, 100
537012.5.peg.4772.site.1, 0, 134, 134
537012.5.peg.4772.site.2, 3, 132, 135
537012.5.peg.4772.site.3, 0, 129, 129
537012.5.peg.4772.site.4, 0, 130, 130
537012.5.peg.4772.site.5, 2, 132, 134
537012.5.peg.4772.site.6, 2, 131, 133
537012.5.peg.4772.site.7, 82, 129, 211
537012.5.peg.4772.site.8, 2, 132, 134
537012.5.peg.4773.site.1, 2, 130, 132
537012.5.peg.4773.site.2, 3, 128, 131
537012.5.peg.4773.site.3, 11, 129, 140
537012.5.peg.4773.site.4, 3, 128, 131
537012.5.peg.4773.site.5, 2, 128, 130
537012.5.peg.4773.site.6, 28, 130, 158
537012.5.peg.4773.site.7, 16, 130, 146
537012.5.peg.4773.site.8, 24, 128, 152
537012.5.peg.4773.site.9, 0, 129, 129
537012.5.peg.4773.site.10, 0, 130, 130
537012.5.peg.4773.site.11, 1, 129, 130
537012.5.peg.4773.site.12, 12, 133, 145
537012.5.peg.4773.site.13, 4, 131, 135
537012.5.peg.4773.site.14, 7, 133, 140
537012.5.peg.4773.site.15, 4, 132, 136
537012.5.peg.4773.site.16, 10, 134, 144
537012.5.peg.4773.site.17, 1, 134, 135
537012.5.peg.4773.site.18, 3, 133, 136
537012.5.peg.4773.site.19, 3, 132, 135
537012.5.peg.4773.site.20, 2, 132, 134
537012.5.peg.4773.site.21, 4, 132, 136
537012.5.peg.4773.site.22, 2, 129, 131
537012.5.peg.4773.site.23, 18, 129, 147
537012.5.peg.4773.site.24, 3, 130, 133
537012.5.peg.4773.site.25, 3, 134, 137
537012.5.peg.4773.site.26, 1, 133, 134
537012.5.peg.4773.site.27, 5, 132, 137
537012.5.peg.4773.site.28, 5, 132, 137
537012.5.peg.4773.site.29, 12, 132, 144
537012.5.peg.4773.site.30, 5, 133, 138
537012.5.peg.4773.site.31, 1, 134, 135
537012.5.peg.4773.site.32, 4, 133, 137
537012.5.peg.4773.site.33, 2, 133, 135
537012.5.peg.4773.site.34, 1, 133, 134
537012.5.peg.4773.site.35, 4, 132, 136
537012.5.peg.4773.site.36, 1, 134, 135
537012.5.peg.4773.site.37, 5, 132, 137
537012.5.peg.4773.site.38, 4, 134, 138
537012.5.peg.4773.site.39, 1, 133, 134
537012.5.peg.4773.site.40, 4, 132, 136
537012.5.peg.4773.site.41, 2, 130, 132
537012.5.peg.4773.site.42, 2, 133, 135
537012.5.peg.4773.site.43, 4, 134, 138
537012.5.peg.4773.site.44, 3, 130, 133
537012.5.peg.4773.site.45, 4, 132, 136
537012.5.peg.4773.site.46, 1, 134, 135
537012.5.peg.4773.site.47, 17, 131, 148
537012.5.peg.4773.site.48, 5, 132, 137
537012.5.peg.4773.site.49, 3, 131, 134
537012.5.peg.4773.site.50, 3, 130, 133
537012.5.peg.4773.site.51, 4, 134, 138
537012.5.peg.4773.site.52, 4, 132, 136
537012.5.peg.4773.site.53, 4, 133, 137
537012.5.peg.4773.site.54, 4, 129, 133
537012.5.peg.4773.site.55, 0, 130, 130
537012.5.peg.4773.site.56, 13, 130, 143
537012.5.peg.4773.site.57, 1, 129, 130
537012.5.peg.4773.site.58, 15, 129, 144
537012.5.peg.4773.site.59, 2, 134, 136
537012.5.peg.4770.site.1, 0, 134, 134
537012.5.peg.4770.site.2, 8, 133, 141
537012.5.peg.4770.site.3, 7, 132, 139
537012.5.peg.4770.site.4, 7, 132, 139
537012.5.peg.4770.site.5, 128, 134, 262
537012.5.peg.4770.site.6, 1, 133, 134
537012.5.peg.4770.site.7, 4, 132, 136
537012.5.peg.4770.site.8, 4, 132, 136
537012.5.peg.4770.site.9, 13, 128, 141
537012.5.peg.4770.site.10, 8, 133, 141
537012.5.peg.4770.site.11, 4, 133, 137
537012.5.peg.4770.site.12, 4, 132, 136
537012.5.peg.4770.site.13, 4, 134, 138
537012.5.peg.4770.site.14, 8, 133, 141
537012.5.peg.4770.site.15, 5, 134, 139
537012.5.peg.4770.site.16, 122, 134, 256
537012.5.peg.4770.site.17, 3, 131, 134
537012.5.peg.4770.site.18, 1, 131, 132
537012.5.peg.4770.site.19, 1, 131, 132
537012.5.peg.4770.site.20, 1, 128, 129
537012.5.peg.4770.site.21, 33, 127, 160
537012.5.peg.4770.site.22, 5, 126, 131
537012.5.peg.4770.site.23, 7, 126, 133
537012.5.peg.4770.site.24, 2, 123, 125
537012.5.peg.4770.site.25, 5, 123, 128
537012.5.peg.4770.site.26, 4, 125, 129
537012.5.peg.4770.site.27, 12, 133, 145
537012.5.peg.4770.site.28, 4, 133, 137
537012.5.peg.4770.site.29, 28, 134, 162
537012.5.peg.4770.site.30, 4, 132, 136
537012.5.peg.4770.site.31, 7, 132, 139
537012.5.peg.4770.site.32, 2, 134, 136
537012.5.peg.4770.site.33, 2, 133, 135
537012.5.peg.4770.site.34, 7, 132, 139
537012.5.peg.4770.site.35, 2, 132, 134
537012.5.peg.4770.site.36, 19, 132, 151
537012.5.peg.4770.site.37, 5, 134, 139
537012.5.peg.4770.site.38, 0, 133, 133
537012.5.peg.4770.site.39, 3, 134, 137
537012.5.peg.4770.site.40, 7, 134, 141
537012.5.peg.4770.site.41, 4, 132, 136
537012.5.peg.4770.site.42, 7, 134, 141
537012.5.peg.4770.site.43, 4, 132, 136
537012.5.peg.4770.site.44, 4, 132, 136
537012.5.peg.4770.site.45, 4, 133, 137
537012.5.peg.4770.site.46, 1, 133, 134
537012.5.peg.4770.site.47, 9, 133, 142
537012.5.peg.4770.site.48, 15, 131, 146
537012.5.peg.4770.site.49, 2, 132, 134
537012.5.peg.4770.site.50, 5, 130, 135
537012.5.peg.4770.site.51, 15, 131, 146
537012.5.peg.4770.site.52, 5, 129, 134
537012.5.peg.4770.site.53, 4, 134, 138
537012.5.peg.4770.site.54, 4, 134, 138
537012.5.peg.4770.site.55, 3, 134, 137
537012.5.peg.4770.site.56, 5, 133, 138
537012.5.peg.4770.site.57, 1, 134, 135
537012.5.peg.4770.site.58, 10, 134, 144
537012.5.peg.4770.site.59, 94, 131, 225
537012.5.peg.4770.site.60, 60, 132, 192
537012.5.peg.4770.site.61, 10, 132, 142
537012.5.peg.4770.site.62, 4, 132, 136
537012.5.peg.4770.site.63, 12, 130, 142
537012.5.peg.4770.site.64, 4, 134, 138
537012.5.peg.4770.site.65, 13, 132, 145
537012.5.peg.4770.site.66, 3, 131, 134
537012.5.peg.4770.site.67, 3, 134, 137
537012.5.peg.4770.site.68, 1, 134, 135
537012.5.peg.4770.site.69, 2, 134, 136
537012.5.peg.4770.site.70, 31, 134, 165
537012.5.peg.4770.site.71, 4, 132, 136
537012.5.peg.4770.site.72, 3, 134, 137
537012.5.peg.4770.site.73, 4, 133, 137
537012.5.peg.4770.site.74, 20, 133, 153
537012.5.peg.4770.site.75, 10, 134, 144
537012.5.peg.4770.site.76, 10, 134, 144
537012.5.peg.4770.site.77, 0, 133, 133
537012.5.peg.4770.site.78, 3, 133, 136
537012.5.peg.4770.site.79, 12, 133, 145
537012.5.peg.4770.site.80, 12, 132, 144
537012.5.peg.4770.site.81, 19, 131, 150
537012.5.peg.4770.site.82, 13, 134, 147
537012.5.peg.4770.site.83, 5, 134, 139
537012.5.peg.4770.site.84, 4, 133, 137
537012.5.peg.4770.site.85, 8, 133, 141
537012.5.peg.4770.site.86, 11, 132, 143
537012.5.peg.4770.site.87, 7, 133, 140
537012.5.peg.4770.site.88, 2, 131, 133
537012.5.peg.4770.site.89, 0, 129, 129
537012.5.peg.4770.site.90, 4, 130, 134
537012.5.peg.4770.site.91, 3, 130, 133
537012.5.peg.4770.site.92, 7, 130, 137
537012.5.peg.4770.site.93, 126, 130, 256
537012.5.peg.4770.site.94, 5, 128, 133
537012.5.peg.4770.site.95, 4, 132, 136
537012.5.peg.4770.site.96, 7, 130, 137
537012.5.peg.4770.site.97, 6, 133, 139
537012.5.peg.4770.site.98, 4, 134, 138
537012.5.peg.4770.site.99, 10, 133, 143
537012.5.peg.4770.site.100, 9, 133, 142
537012.5.peg.4770.site.101, 5, 133, 138
537012.5.peg.4770.site.102, 7, 133, 140
537012.5.peg.4770.site.103, 3, 133, 136
537012.5.peg.4770.site.104, 8, 132, 140
537012.5.peg.4770.site.105, 4, 132, 136
537012.5.peg.4770.site.106, 6, 133, 139
537012.5.peg.4770.site.107, 7, 132, 139
537012.5.peg.4770.site.108, 113, 133, 246
537012.5.peg.4770.site.109, 12, 130, 142
537012.5.peg.4770.site.110, 6, 132, 138
537012.5.peg.4770.site.111, 24, 131, 155
537012.5.peg.4770.site.112, 0, 133, 133
537012.5.peg.4770.site.113, 4, 132, 136
537012.5.peg.4770.site.114, 4, 132, 136
537012.5.peg.4770.site.115, 4, 134, 138
537012.5.peg.4770.site.116, 3, 134, 137
537012.5.peg.4770.site.117, 17, 132, 149
537012.5.peg.4770.site.118, 16, 131, 147
537012.5.peg.4770.site.119, 4, 132, 136
537012.5.peg.4770.site.120, 4, 132, 136
537012.5.peg.4770.site.121, 2, 134, 136
537012.5.peg.4770.site.122, 8, 133, 141
537012.5.peg.4770.site.123, 0, 134, 134
537012.5.peg.4770.site.124, 2, 133, 135
537012.5.peg.4770.site.125, 4, 132, 136
537012.5.peg.4770.site.126, 3, 132, 135
537012.5.peg.4770.site.127, 17, 126, 143
537012.5.peg.4771.site.1, 5, 127, 132
537012.5.peg.4771.site.2, 9, 126, 135
537012.5.peg.4771.site.3, 9, 125, 134
537012.5.peg.4771.site.4, 1, 126, 127
537012.5.peg.4771.site.5, 2, 126, 128
537012.5.peg.4771.site.6, 2, 129, 131
537012.5.peg.4771.site.7, 15, 131, 146
537012.5.peg.4771.site.8, 9, 132, 141
537012.5.peg.4771.site.9, 17, 133, 150
537012.5.peg.4771.site.10, 17, 133, 150
537012.5.peg.4771.site.11, 3, 134, 137
537012.5.peg.4771.site.12, 6, 134, 140
537012.5.peg.4771.site.13, 1, 134, 135
537012.5.peg.4771.site.14, 27, 132, 159
537012.5.peg.3910.site.1, 0, 129, 129
537012.5.peg.3910.site.2, 3, 133, 136
537012.5.peg.3910.site.3, 4, 134, 138
537012.5.peg.3910.site.4, 15, 132, 147
537012.5.peg.3910.site.5, 3, 134, 137
537012.5.peg.3910.site.6, 1, 133, 134
537012.5.peg.3910.site.7, 4, 134, 138
537012.5.peg.3910.site.8, 5, 133, 138
537012.5.peg.3910.site.9, 19, 133, 152
537012.5.peg.3910.site.10, 1, 133, 134
537012.5.peg.3910.site.11, 4, 134, 138
537012.5.peg.3910.site.12, 4, 134, 138
537012.5.peg.3910.site.13, 9, 132, 141
537012.5.peg.3910.site.14, 1, 134, 135
537012.5.peg.3910.site.15, 4, 134, 138
537012.5.peg.3910.site.16, 3, 134, 137
537012.5.peg.3910.site.17, 10, 132, 142
537012.5.peg.3910.site.18, 4, 134, 138
537012.5.peg.3910.site.19, 4, 134, 138
537012.5.peg.3910.site.20, 4, 134, 138
537012.5.peg.3910.site.21, 4, 134, 138
537012.5.peg.3910.site.22, 17, 131, 148
537012.5.peg.3910.site.23, 7, 129, 136
537012.5.peg.3910.site.24, 3, 129, 132
537012.5.peg.3910.site.25, 0, 134, 134
537012.5.peg.3910.site.26, 2, 133, 135
537012.5.peg.3910.site.27, 18, 131, 149
537012.5.peg.3910.site.28, 11, 134, 145
537012.5.peg.3910.site.29, 3, 134, 137
537012.5.peg.3910.site.30, 23, 133, 156
537012.5.peg.3910.site.31, 1, 134, 135
537012.5.peg.3910.site.32, 3, 132, 135
537012.5.peg.3910.site.33, 6, 132, 138
537012.5.peg.3910.site.34, 10, 132, 142
537012.5.peg.3910.site.35, 4, 132, 136
537012.5.peg.3910.site.36, 21, 134, 155
537012.5.peg.3910.site.37, 2, 132, 134
537012.5.peg.3910.site.38, 10, 129, 139
537012.5.peg.3910.site.39, 9, 128, 137
537012.5.peg.3910.site.40, 2, 131, 133
537012.5.peg.3910.site.41, 2, 130, 132
537012.5.peg.3910.site.42, 2, 133, 135
537012.5.peg.3910.site.43, 0, 133, 133
537012.5.peg.3910.site.44, 4, 134, 138
537012.5.peg.3910.site.45, 10, 134, 144
537012.5.peg.3910.site.46, 4, 134, 138
537012.5.peg.3910.site.47, 16, 133, 149
537012.5.peg.3910.site.48, 29, 130, 159
537012.5.peg.3910.site.49, 24, 130, 154
537012.5.peg.3910.site.50, 6, 127, 133
537012.5.peg.3910.site.51, 2, 129, 131
537012.5.peg.3910.site.52, 1, 130, 131
537012.5.peg.3910.site.53, 3, 130, 133
537012.5.peg.3910.site.54, 14, 128, 142
537012.5.peg.3910.site.55, 13, 127, 140
537012.5.peg.3910.site.56, 1, 131, 132
537012.5.peg.3910.site.57, 1, 132, 133
537012.5.peg.3910.site.58, 3, 134, 137
537012.5.peg.3910.site.59, 4, 132, 136
537012.5.peg.3910.site.60, 68, 131, 199
537012.5.peg.3910.site.61, 6, 133, 139
537012.5.peg.3910.site.62, 2, 132, 134
537012.5.peg.3910.site.63, 61, 131, 192
537012.5.peg.3910.site.64, 13, 129, 142
537012.5.peg.3910.site.65, 1, 131, 132
537012.5.peg.3910.site.66, 0, 129, 129
537012.5.peg.3910.site.67, 4, 127, 131
537012.5.peg.3910.site.68, 1, 127, 128
537012.5.peg.3910.site.69, 3, 127, 130
537012.5.peg.3910.site.70, 56, 128, 184
537012.5.peg.3910.site.71, 10, 129, 139
537012.5.peg.3910.site.72, 47, 128, 175
537012.5.peg.3910.site.73, 7, 128, 135
537012.5.peg.3910.site.74, 79, 126, 205
537012.5.peg.3910.site.75, 9, 130, 139
537012.5.peg.3910.site.76, 1, 131, 132
537012.5.peg.3910.site.77, 9, 131, 140
537012.5.peg.3910.site.78, 5, 128, 133
537012.5.peg.3910.site.79, 1, 131, 132
537012.5.peg.3910.site.80, 14, 129, 143
537012.5.peg.3910.site.81, 4, 128, 132
537012.5.peg.3910.site.82, 1, 132, 133
537012.5.peg.3910.site.83, 3, 133, 136
537012.5.peg.3910.site.84, 6, 132, 138
537012.5.peg.3910.site.85, 104, 132, 236
537012.5.peg.3910.site.86, 23, 134, 157
537012.5.peg.3910.site.87, 4, 132, 136
537012.5.peg.3910.site.88, 5, 134, 139
537012.5.peg.3910.site.89, 4, 134, 138
537012.5.peg.3910.site.90, 9, 134, 143
537012.5.peg.3910.site.91, 10, 134, 144
537012.5.peg.3910.site.92, 2, 134, 136
537012.5.peg.3910.site.93, 13, 133, 146
537012.5.peg.3910.site.94, 31, 132, 163
537012.5.peg.3910.site.95, 2, 132, 134
537012.5.peg.3910.site.96, 5, 130, 135
537012.5.peg.3910.site.97, 1, 127, 128
537012.5.peg.3910.site.98, 1, 127, 128
537012.5.peg.3910.site.99, 3, 129, 132
537012.5.peg.3910.site.100, 4, 129, 133
537012.5.peg.3910.site.101, 4, 128, 132
537012.5.peg.3910.site.102, 20, 128, 148
537012.5.peg.3910.site.103, 3, 130, 133
537012.5.peg.3910.site.104, 5, 129, 134
537012.5.peg.4779.site.1, 2, 124, 126
537012.5.peg.4779.site.2, 3, 125, 128
537012.5.peg.4779.site.3, 1, 124, 125
537012.5.peg.4779.site.4, 14, 122, 136
537012.5.peg.4779.site.5, 14, 122, 136
537012.5.peg.4779.site.6, 17, 125, 142
537012.5.peg.4779.site.7, 5, 124, 129
537012.5.peg.4779.site.8, 122, 124, 246
537012.5.peg.4779.site.9, 1, 125, 126
537012.5.peg.4779.site.10, 62, 124, 186
537012.5.peg.4779.site.11, 1, 126, 127
537012.5.peg.4779.site.12, 1, 128, 129
537012.5.peg.4779.site.13, 7, 128, 135
537012.5.peg.4779.site.14, 8, 129, 137
537012.5.peg.4779.site.15, 1, 128, 129
537012.5.peg.4779.site.16, 1, 128, 129
537012.5.peg.1528.site.1, 8, 134, 142
537012.5.peg.1528.site.2, 3, 131, 134
537012.5.peg.1528.site.3, 2, 130, 132
537012.5.peg.1528.site.4, 29, 129, 158
537012.5.peg.1528.site.5, 52, 132, 184
537012.5.peg.1528.site.6, 3, 131, 134
537012.5.peg.1528.site.7, 133, 134, 267
537012.5.peg.1528.site.8, 9, 133, 142
537012.5.peg.1528.site.9, 4, 132, 136
537012.5.peg.2916.site.1, 16, 118, 134
537012.5.peg.2916.site.2, 7, 117, 124
537012.5.peg.2916.site.3, 8, 118, 126
537012.5.peg.2916.site.4, 116, 118, 234
537012.5.peg.2916.site.5, 9, 119, 128
537012.5.peg.2916.site.6, 4, 119, 123
537012.5.peg.2916.site.7, 46, 119, 165
537012.5.peg.2916.site.8, 4, 117, 121
537012.5.peg.2916.site.9, 0, 120, 120
537012.5.peg.2916.site.10, 47, 121, 168
537012.5.peg.2916.site.11, 42, 121, 163
537012.5.peg.2916.site.12, 2, 120, 122
537012.5.peg.2916.site.13, 4, 120, 124
537012.5.peg.2916.site.14, 2, 122, 124
537012.5.peg.2916.site.15, 4, 120, 124
537012.5.peg.2916.site.16, 13, 121, 134
537012.5.peg.2916.site.17, 4, 120, 124
537012.5.peg.2352.site.1, 6, 98, 104
537012.5.peg.2352.site.2, 3, 128, 131
537012.5.peg.2352.site.3, 2, 134, 136
537012.5.peg.2352.site.4, 3, 133, 136
537012.5.peg.2352.site.5, 2, 134, 136
537012.5.peg.2352.site.6, 24, 134, 158
537012.5.peg.2352.site.7, 2, 133, 135
537012.5.peg.2352.site.8, 1, 134, 135
537012.5.peg.2352.site.9, 3, 134, 137
537012.5.peg.2352.site.10, 5, 134, 139
537012.5.peg.2352.site.11, 7, 134, 141
537012.5.peg.2352.site.12, 17, 131, 148
537012.5.peg.2352.site.13, 1, 134, 135
537012.5.peg.2352.site.14, 7, 134, 141
537012.5.peg.2352.site.15, 0, 134, 134
537012.5.peg.2825.site.1, 6, 134, 140
537012.5.peg.2825.site.2, 1, 134, 135
537012.5.peg.2825.site.3, 5, 133, 138
537012.5.peg.2825.site.4, 2, 134, 136
537012.5.peg.2825.site.5, 31, 132, 163
537012.5.peg.2825.site.6, 53, 133, 186
537012.5.peg.2825.site.7, 49, 130, 179
537012.5.peg.2825.site.8, 40, 132, 172
537012.5.peg.2825.site.9, 1, 134, 135
537012.5.peg.2825.site.10, 5, 134, 139
537012.5.peg.2825.site.11, 5, 134, 139
537012.5.peg.2825.site.12, 6, 134, 140
537012.5.peg.2825.site.13, 11, 132, 143
537012.5.peg.2825.site.14, 1, 134, 135
537012.5.peg.2825.site.15, 9, 134, 143
537012.5.peg.2825.site.16, 4, 134, 138
537012.5.peg.2825.site.17, 18, 133, 151
537012.5.peg.2825.site.18, 6, 133, 139
537012.5.peg.2825.site.19, 6, 133, 139
537012.5.peg.2825.site.20, 9, 133, 142
537012.5.peg.2825.site.21, 1, 132, 133
537012.5.peg.2825.site.22, 11, 129, 140
537012.5.peg.2826.site.1, 4, 132, 136
537012.5.peg.2826.site.2, 1, 134, 135
537012.5.peg.2826.site.3, 1, 134, 135
537012.5.peg.2826.site.4, 4, 132, 136
537012.5.peg.2826.site.5, 7, 133, 140
537012.5.peg.2826.site.6, 97, 132, 229
537012.5.peg.2826.site.7, 3, 131, 134
537012.5.peg.2826.site.8, 13, 133, 146
537012.5.peg.2826.site.9, 6, 132, 138
537012.5.peg.2826.site.10, 5, 134, 139
537012.5.peg.2826.site.11, 5, 134, 139
537012.5.peg.2826.site.12, 0, 133, 133
537012.5.peg.2826.site.13, 5, 134, 139
537012.5.peg.2826.site.14, 0, 134, 134
537012.5.peg.2826.site.15, 42, 132, 174
537012.5.peg.2826.site.16, 9, 132, 141
537012.5.peg.2826.site.17, 2, 133, 135
537012.5.peg.2826.site.18, 1, 134, 135
537012.5.peg.2826.site.19, 1, 134, 135
537012.5.peg.2826.site.20, 33, 132, 165
537012.5.peg.2826.site.21, 8, 133, 141
537012.5.peg.2826.site.22, 11, 131, 142
537012.5.peg.2826.site.23, 5, 133, 138
537012.5.peg.2826.site.24, 1, 132, 133
537012.5.peg.2826.site.25, 19, 134, 153
537012.5.peg.2826.site.26, 49, 130, 179
537012.5.peg.2826.site.27, 5, 132, 137
537012.5.peg.2826.site.28, 4, 134, 138
537012.5.peg.2826.site.29, 4, 132, 136
537012.5.peg.2826.site.30, 4, 133, 137
537012.5.peg.2826.site.31, 18, 132, 150
537012.5.peg.2826.site.32, 116, 132, 248
537012.5.peg.2826.site.33, 0, 129, 129
537012.5.peg.2826.site.34, 6, 130, 136
537012.5.peg.2826.site.35, 2, 131, 133
537012.5.peg.2826.site.36, 4, 132, 136
537012.5.peg.2826.site.37, 2, 132, 134
537012.5.peg.2826.site.38, 4, 132, 136
537012.5.peg.2826.site.39, 12, 131, 143
537012.5.peg.2826.site.40, 4, 132, 136
537012.5.peg.2826.site.41, 2, 133, 135
537012.5.peg.2826.site.42, 5, 133, 138
537012.5.peg.2826.site.43, 12, 132, 144
537012.5.peg.2826.site.44, 11, 133, 144
537012.5.peg.2826.site.45, 1, 134, 135
537012.5.peg.2826.site.46, 1, 133, 134
537012.5.peg.2826.site.47, 0, 133, 133
537012.5.peg.2826.site.48, 91, 131, 222
537012.5.peg.2826.site.49, 4, 131, 135
537012.5.peg.2826.site.50, 1, 133, 134
537012.5.peg.2826.site.51, 0, 134, 134
537012.5.peg.2351.site.1, 4, 123, 127
537012.5.peg.2351.site.2, 0, 121, 121
537012.5.peg.2351.site.3, 99, 122, 221
537012.5.peg.2351.site.4, 1, 120, 121
537012.5.peg.2351.site.5, 4, 119, 123
537012.5.peg.2351.site.6, 7, 126, 133
537012.5.peg.2351.site.7, 7, 126, 133
537012.5.peg.2351.site.8, 5, 125, 130
537012.5.peg.2351.site.9, 49, 123, 172
537012.5.peg.2351.site.10, 12, 124, 136
537012.5.peg.2351.site.11, 16, 124, 140
537012.5.peg.2351.site.12, 0, 124, 124
537012.5.peg.2351.site.13, 0, 98, 98
537012.5.peg.2356.site.1, 3, 131, 134
537012.5.peg.2356.site.2, 3, 131, 134
537012.5.peg.2356.site.3, 64, 131, 195
537012.5.peg.2356.site.4, 15, 131, 146
537012.5.peg.2356.site.5, 6, 130, 136
537012.5.peg.2356.site.6, 32, 129, 161
537012.5.peg.2356.site.7, 8, 130, 138
537012.5.peg.2356.site.8, 41, 130, 171
537012.5.peg.2356.site.9, 1, 130, 131
537012.5.peg.2356.site.10, 0, 134, 134
537012.5.peg.2356.site.11, 11, 132, 143
537012.5.peg.2356.site.12, 11, 131, 142
537012.5.peg.2356.site.13, 3, 131, 134
537012.5.peg.2356.site.14, 3, 131, 134
537012.5.peg.2356.site.15, 1, 134, 135
537012.5.peg.2356.site.16, 4, 133, 137
537012.5.peg.2356.site.17, 11, 132, 143
537012.5.peg.2821.site.1, 0, 134, 134
537012.5.peg.2821.site.2, 4, 132, 136
537012.5.peg.2821.site.3, 5, 132, 137
537012.5.peg.2821.site.4, 1, 134, 135
537012.5.peg.2821.site.5, 7, 134, 141
537012.5.peg.2821.site.6, 8, 129, 137
537012.5.peg.2821.site.7, 2, 133, 135
537012.5.peg.2821.site.8, 6, 132, 138
537012.5.peg.2821.site.9, 4, 132, 136
537012.5.peg.2821.site.10, 5, 133, 138
537012.5.peg.2821.site.11, 19, 134, 153
537012.5.peg.2821.site.12, 17, 132, 149
537012.5.peg.2821.site.13, 1, 134, 135
537012.5.peg.2821.site.14, 4, 132, 136
537012.5.peg.2821.site.15, 29, 132, 161
537012.5.peg.2821.site.16, 0, 134, 134
537012.5.peg.2821.site.17, 4, 134, 138
537012.5.peg.2821.site.18, 11, 132, 143
537012.5.peg.2821.site.19, 4, 132, 136
537012.5.peg.2821.site.20, 29, 133, 162
537012.5.peg.2821.site.21, 0, 134, 134
537012.5.peg.2354.site.1, 0, 131, 131
537012.5.peg.2354.site.2, 0, 133, 133
537012.5.peg.2354.site.3, 0, 133, 133
537012.5.peg.2354.site.4, 1, 134, 135
537012.5.peg.2354.site.5, 20, 132, 152
537012.5.peg.2354.site.6, 20, 132, 152
537012.5.peg.2354.site.7, 3, 132, 135
537012.5.peg.2354.site.8, 19, 133, 152
537012.5.peg.2354.site.9, 10, 134, 144
537012.5.peg.2354.site.10, 5, 132, 137
537012.5.peg.2354.site.11, 6, 134, 140
537012.5.peg.2354.site.12, 5, 132, 137
537012.5.peg.2354.site.13, 3, 132, 135
537012.5.peg.2354.site.14, 7, 132, 139
537012.5.peg.2354.site.15, 3, 132, 135
537012.5.peg.2354.site.16, 1, 133, 134
537012.5.peg.2354.site.17, 2, 130, 132
537012.5.peg.2354.site.18, 7, 133, 140
537012.5.peg.2354.site.19, 18, 131, 149
537012.5.peg.2354.site.20, 3, 134, 137
537012.5.peg.2354.site.21, 41, 132, 173
537012.5.peg.2354.site.22, 3, 131, 134
537012.5.peg.2354.site.23, 2, 130, 132
537012.5.peg.2354.site.24, 36, 130, 166
537012.5.peg.2354.site.25, 2, 130, 132
537012.5.peg.2354.site.26, 1, 132, 133
537012.5.peg.2354.site.27, 6, 130, 136
537012.5.peg.2354.site.28, 7, 130, 137
537012.5.peg.2354.site.29, 6, 130, 136
537012.5.peg.2354.site.30, 2, 130, 132
537012.5.peg.2354.site.31, 1, 132, 133
537012.5.peg.2354.site.32, 2, 131, 133
537012.5.peg.2354.site.33, 8, 133, 141
537012.5.peg.2354.site.34, 1, 133, 134
537012.5.peg.2354.site.35, 9, 131, 140
537012.5.peg.2354.site.36, 2, 131, 133
537012.5.peg.2354.site.37, 2, 132, 134
537012.5.peg.2354.site.38, 6, 129, 135
537012.5.peg.2354.site.39, 7, 130, 137
537012.5.peg.2354.site.40, 3, 129, 132
537012.5.peg.2354.site.41, 7, 129, 136
537012.5.peg.2354.site.42, 20, 130, 150
537012.5.peg.2354.site.43, 3, 132, 135
537012.5.peg.2354.site.44, 1, 134, 135
537012.5.peg.2823.site.1, 5, 132, 137
537012.5.peg.2823.site.2, 26, 134, 160
537012.5.peg.2823.site.3, 1, 133, 134
537012.5.peg.2823.site.4, 12, 133, 145
537012.5.peg.2823.site.5, 1, 134, 135
537012.5.peg.2823.site.6, 4, 134, 138
537012.5.peg.2823.site.7, 1, 134, 135
537012.5.peg.2823.site.8, 2, 134, 136
537012.5.peg.2823.site.9, 1, 134, 135
537012.5.peg.2823.site.10, 4, 132, 136
537012.5.peg.2823.site.11, 4, 134, 138
537012.5.peg.2823.site.12, 3, 134, 137
537012.5.peg.2823.site.13, 10, 132, 142
537012.5.peg.2823.site.14, 2, 134, 136
537012.5.peg.2823.site.15, 4, 133, 137
537012.5.peg.2823.site.16, 6, 133, 139
537012.5.peg.2823.site.17, 1, 132, 133
537012.5.peg.2823.site.18, 7, 132, 139
537012.5.peg.2823.site.19, 4, 134, 138
537012.5.peg.2823.site.20, 30, 131, 161
537012.5.peg.2823.site.21, 6, 132, 138
537012.5.peg.2823.site.22, 1, 133, 134
537012.5.peg.2823.site.23, 2, 134, 136
537012.5.peg.2823.site.24, 60, 133, 193
537012.5.peg.2823.site.25, 1, 134, 135
537012.5.peg.2823.site.26, 4, 133, 137
537012.5.peg.2823.site.27, 18, 133, 151
537012.5.peg.2823.site.28, 11, 132, 143
537012.5.peg.2823.site.29, 7, 134, 141
537012.5.peg.2823.site.30, 7, 132, 139
537012.5.peg.2823.site.31, 4, 132, 136
537012.5.peg.3514.site.1, 3, 112, 115
537012.5.peg.3514.site.2, 4, 113, 117
537012.5.peg.3514.site.3, 4, 115, 119
537012.5.peg.3514.site.4, 93, 114, 207
537012.5.peg.3514.site.5, 9, 115, 124
537012.5.peg.3514.site.6, 6, 116, 122
537012.5.peg.3514.site.7, 10, 113, 123
537012.5.peg.3514.site.8, 0, 114, 114
537012.5.peg.3514.site.9, 0, 115, 115
537012.5.peg.3514.site.10, 1, 117, 118
537012.5.peg.3514.site.11, 2, 117, 119
537012.5.peg.3514.site.12, 41, 118, 159
537012.5.peg.3514.site.13, 0, 118, 118
537012.5.peg.3514.site.14, 3, 117, 120
537012.5.peg.3514.site.15, 4, 118, 122
537012.5.peg.3514.site.16, 2, 97, 99
537012.5.peg.3514.site.17, 31, 96, 127
537012.5.peg.3514.site.18, 60, 79, 139
537012.5.peg.3514.site.19, 4, 90, 94
537012.5.peg.3514.site.20, 3, 102, 105
537012.5.peg.3514.site.21, 2, 117, 119
537012.5.peg.3514.site.22, 3, 117, 120
537012.5.peg.3514.site.23, 2, 117, 119
537012.5.peg.3514.site.24, 3, 119, 122
537012.5.peg.3514.site.25, 2, 120, 122
537012.5.peg.3514.site.26, 71, 117, 188
537012.5.peg.3514.site.27, 6, 116, 122
537012.5.peg.2828.site.1, 6, 134, 140
537012.5.peg.2828.site.2, 6, 134, 140
537012.5.peg.2828.site.3, 11, 133, 144
537012.5.peg.2828.site.4, 133, 134, 267
537012.5.peg.2828.site.5, 14, 133, 147
537012.5.peg.2828.site.6, 7, 134, 141
537012.5.peg.2828.site.7, 55, 133, 188
537012.5.peg.2828.site.8, 1, 134, 135
537012.5.peg.2828.site.9, 129, 133, 262
537012.5.peg.2828.site.10, 11, 134, 145
537012.5.peg.2828.site.11, 50, 133, 183
537012.5.peg.2828.site.12, 41, 132, 173
537012.5.peg.2828.site.13, 3, 134, 137
537012.5.peg.2828.site.14, 17, 134, 151
537012.5.peg.2828.site.15, 0, 134, 134
537012.5.peg.2828.site.16, 3, 134, 137
537012.5.peg.2828.site.17, 9, 134, 143
537012.5.peg.2828.site.18, 17, 133, 150
537012.5.peg.2828.site.19, 5, 133, 138
537012.5.peg.2828.site.20, 3, 134, 137
537012.5.peg.2828.site.21, 23, 134, 157
537012.5.peg.2828.site.22, 4, 133, 137
537012.5.peg.2828.site.23, 11, 133, 144
537012.5.peg.2828.site.24, 7, 133, 140
537012.5.peg.2828.site.25, 4, 132, 136
537012.5.peg.2828.site.26, 4, 132, 136
537012.5.peg.2828.site.27, 12, 132, 144
537012.5.peg.2828.site.28, 6, 133, 139
537012.5.peg.2828.site.29, 6, 133, 139
537012.5.peg.2828.site.30, 7, 131, 138
537012.5.peg.2828.site.31, 0, 130, 130
537012.5.peg.2828.site.32, 4, 131, 135
537012.5.peg.2829.site.1, 1, 133, 134
537012.5.peg.2829.site.2, 10, 131, 141
537012.5.peg.2829.site.3, 3, 134, 137
537012.5.peg.2829.site.4, 2, 133, 135
537012.5.peg.2829.site.5, 19, 134, 153
537012.5.peg.2829.site.6, 1, 134, 135
537012.5.peg.2829.site.7, 4, 134, 138
537012.5.peg.2829.site.8, 80, 134, 214
537012.5.peg.2829.site.9, 3, 134, 137
537012.5.peg.2829.site.10, 5, 133, 138
537012.5.peg.2829.site.11, 6, 134, 140
537012.5.peg.2829.site.12, 1, 134, 135
537012.5.peg.2829.site.13, 6, 133, 139
537012.5.peg.2829.site.14, 121, 133, 254
537012.5.peg.2829.site.15, 6, 133, 139
537012.5.peg.2829.site.16, 18, 132, 150
537012.5.peg.2829.site.17, 12, 131, 143
537012.5.peg.2829.site.18, 4, 133, 137
537012.5.peg.2829.site.19, 5, 132, 137
537012.5.peg.2829.site.20, 6, 132, 138
537012.5.peg.2829.site.21, 6, 132, 138
537012.5.peg.2829.site.22, 4, 132, 136
537012.5.peg.2829.site.23, 12, 134, 146
537012.5.peg.2829.site.24, 1, 134, 135
537012.5.peg.2829.site.25, 1, 134, 135
537012.5.peg.2829.site.26, 4, 131, 135
537012.5.peg.2829.site.27, 5, 133, 138
537012.5.peg.2829.site.28, 9, 133, 142
537012.5.peg.2829.site.29, 1, 134, 135
537012.5.peg.2829.site.30, 4, 132, 136
537012.5.peg.2829.site.31, 4, 132, 136
537012.5.peg.2829.site.32, 35, 132, 167
537012.5.peg.2829.site.33, 60, 133, 193
537012.5.peg.2829.site.34, 10, 133, 143
537012.5.peg.2829.site.35, 5, 133, 138
537012.5.peg.2829.site.36, 5, 133, 138
537012.5.peg.2829.site.37, 1, 134, 135
537012.5.peg.2829.site.38, 1, 134, 135
537012.5.peg.2829.site.39, 4, 132, 136
537012.5.peg.2829.site.40, 1, 134, 135
537012.5.peg.2829.site.41, 4, 132, 136
537012.5.peg.2829.site.42, 3, 131, 134
537012.5.peg.2829.site.43, 1, 132, 133
537012.5.peg.2829.site.44, 3, 132, 135
537012.5.peg.2829.site.45, 9, 130, 139
537012.5.peg.2829.site.46, 7, 132, 139
537012.5.peg.2829.site.47, 9, 131, 140
537012.5.peg.2829.site.48, 1, 132, 133
537012.5.peg.2829.site.49, 90, 131, 221
537012.5.peg.2829.site.50, 11, 134, 145
537012.5.peg.2829.site.51, 0, 134, 134
537012.5.peg.1529.site.1, 12, 132, 144
537012.5.peg.1529.site.2, 31, 131, 162
537012.5.peg.1529.site.3, 9, 132, 141
537012.5.peg.1529.site.4, 18, 133, 151
537012.5.peg.1529.site.5, 4, 130, 134
537012.5.peg.4378.site.1, 2, 127, 129
537012.5.peg.4378.site.2, 0, 129, 129
537012.5.peg.4378.site.3, 0, 130, 130
537012.5.peg.4378.site.4, 17, 132, 149
537012.5.peg.4378.site.5, 2, 129, 131
537012.5.peg.4378.site.6, 0, 127, 127
537012.5.peg.4378.site.7, 9, 127, 136
537012.5.peg.4378.site.8, 34, 130, 164
537012.5.peg.4378.site.9, 2, 130, 132
537012.5.peg.4378.site.10, 7, 130, 137
537012.5.peg.4378.site.11, 6, 129, 135
537012.5.peg.4378.site.12, 1, 131, 132
537012.5.peg.4378.site.13, 17, 128, 145
537012.5.peg.4378.site.14, 1, 130, 131
537012.5.peg.4378.site.15, 0, 105, 105
537012.5.peg.4370.site.1, 1, 77, 78
537012.5.peg.4370.site.2, 32, 75, 107
537012.5.peg.4370.site.3, 2, 77, 79
537012.5.peg.4370.site.4, 2, 76, 78
537012.5.peg.4370.site.5, 5, 79, 84
537012.5.peg.4370.site.6, 3, 80, 83
537012.5.peg.4370.site.7, 4, 79, 83
537012.5.peg.4370.site.8, 1, 91, 92
537012.5.peg.4370.site.9, 2, 116, 118
537012.5.peg.4370.site.10, 6, 118, 124
537012.5.peg.4370.site.11, 1, 120, 121
537012.5.peg.4370.site.12, 0, 119, 119
537012.5.peg.4370.site.13, 1, 124, 125
537012.5.peg.4370.site.14, 2, 122, 124
537012.5.peg.4370.site.15, 1, 121, 122
537012.5.peg.4370.site.16, 28, 118, 146
537012.5.peg.4370.site.17, 2, 122, 124
537012.5.peg.4370.site.18, 0, 122, 122
537012.5.peg.4370.site.19, 3, 122, 125
537012.5.peg.4370.site.20, 1, 120, 121
537012.5.peg.4370.site.21, 5, 119, 124
537012.5.peg.4370.site.22, 8, 114, 122
537012.5.peg.4370.site.23, 6, 116, 122
537012.5.peg.4370.site.24, 8, 109, 117
537012.5.peg.4370.site.25, 6, 109, 115
537012.5.peg.4370.site.26, 6, 98, 104
537012.5.peg.4370.site.27, 2, 83, 85
537012.5.peg.4370.site.28, 8, 91, 99
537012.5.peg.4370.site.29, 14, 95, 109
537012.5.peg.4370.site.30, 6, 96, 102
537012.5.peg.4370.site.31, 7, 101, 108
537012.5.peg.4370.site.32, 4, 102, 106
537012.5.peg.4371.site.1, 6, 87, 93
537012.5.peg.4371.site.2, 4, 84, 88
537012.5.peg.4371.site.3, 4, 85, 89
537012.5.peg.4371.site.4, 2, 80, 82
537012.5.peg.4371.site.5, 5, 80, 85
537012.5.peg.4371.site.6, 0, 94, 94
537012.5.peg.4371.site.7, 1, 96, 97
537012.5.peg.4371.site.8, 2, 112, 114
537012.5.peg.4371.site.9, 18, 105, 123
537012.5.peg.4371.site.10, 17, 107, 124
537012.5.peg.4371.site.11, 2, 112, 114
537012.5.peg.4371.site.12, 5, 113, 118
537012.5.peg.4371.site.13, 2, 117, 119
537012.5.peg.4371.site.14, 5, 118, 123
537012.5.peg.4371.site.15, 5, 116, 121
537012.5.peg.4371.site.16, 0, 117, 117
537012.5.peg.4371.site.17, 5, 118, 123
537012.5.peg.4371.site.18, 4, 116, 120
537012.5.peg.4371.site.19, 23, 113, 136
537012.5.peg.4371.site.20, 1, 113, 114
537012.5.peg.4371.site.21, 31, 114, 145
537012.5.peg.4371.site.22, 15, 113, 128
537012.5.peg.4371.site.23, 23, 104, 127
537012.5.peg.4371.site.24, 1, 96, 97
537012.5.peg.4371.site.25, 1, 92, 93
537012.5.peg.4371.site.26, 2, 83, 85
537012.5.peg.4371.site.27, 1, 88, 89
537012.5.peg.4371.site.28, 0, 78, 78
537012.5.peg.4371.site.29, 7, 79, 86
537012.5.peg.4371.site.30, 50, 79, 129
537012.5.peg.4371.site.31, 1, 83, 84
537012.5.peg.4371.site.32, 1, 83, 84
537012.5.peg.4371.site.33, 17, 80, 97
537012.5.peg.4371.site.34, 17, 80, 97
537012.5.peg.4371.site.35, 1, 77, 78
537012.5.peg.4371.site.36, 0, 78, 78
537012.5.peg.4371.site.37, 4, 77, 81
537012.5.peg.4371.site.38, 9, 78, 87
537012.5.peg.4371.site.39, 18, 97, 115
537012.5.peg.4371.site.40, 0, 105, 105
537012.5.peg.4371.site.41, 30, 104, 134
537012.5.peg.4371.site.42, 2, 105, 107
537012.5.peg.4371.site.43, 2, 103, 105
537012.5.peg.4371.site.44, 2, 104, 106
537012.5.peg.4371.site.45, 5, 103, 108
537012.5.peg.4371.site.46, 6, 105, 111
537012.5.peg.4371.site.47, 9, 100, 109
537012.5.peg.4371.site.48, 10, 104, 114
537012.5.peg.4371.site.49, 4, 104, 108
537012.5.peg.4371.site.50, 7, 75, 82
537012.5.peg.4371.site.51, 21, 89, 110
537012.5.peg.4371.site.52, 38, 103, 141
537012.5.peg.4371.site.53, 3, 102, 105
537012.5.peg.4371.site.54, 3, 103, 106
537012.5.peg.4371.site.55, 1, 104, 105
537012.5.peg.4371.site.56, 0, 102, 102
537012.5.peg.4371.site.57, 3, 102, 105
537012.5.peg.4371.site.58, 5, 103, 108
537012.5.peg.4371.site.59, 48, 97, 145
537012.5.peg.4371.site.60, 41, 98, 139
537012.5.peg.4371.site.61, 3, 97, 100
537012.5.peg.4371.site.62, 1, 99, 100
537012.5.peg.4371.site.63, 5, 100, 105
537012.5.peg.4371.site.64, 49, 99, 148
537012.5.peg.4371.site.65, 13, 102, 115
537012.5.peg.4371.site.66, 36, 97, 133
537012.5.peg.4371.site.67, 5, 82, 87
537012.5.peg.4371.site.68, 13, 83, 96
537012.5.peg.4371.site.69, 12, 83, 95
537012.5.peg.4371.site.70, 7, 77, 84
537012.5.peg.4371.site.71, 1, 73, 74
537012.5.peg.4371.site.72, 3, 72, 75
537012.5.peg.4371.site.73, 21, 94, 115
537012.5.peg.4371.site.74, 0, 100, 100
537012.5.peg.4371.site.75, 5, 105, 110
537012.5.peg.4371.site.76, 6, 95, 101
537012.5.peg.4371.site.77, 56, 71, 127
537012.5.peg.4371.site.78, 1, 75, 76
537012.5.peg.4371.site.79, 3, 74, 77
537012.5.peg.4371.site.80, 11, 76, 87
537012.5.peg.4371.site.81, 25, 75, 100
537012.5.peg.4371.site.82, 3, 76, 79
537012.5.peg.4371.site.83, 7, 79, 86
537012.5.peg.4371.site.84, 2, 79, 81
537012.5.peg.4371.site.85, 1, 76, 77
537012.5.peg.4371.site.86, 0, 77, 77
537012.5.peg.1937.site.1, 1, 126, 127
537012.5.peg.1937.site.2, 4, 129, 133
537012.5.peg.1937.site.3, 18, 124, 142
537012.5.peg.1937.site.4, 0, 122, 122
537012.5.peg.1937.site.5, 3, 116, 119
537012.5.peg.1937.site.6, 3, 114, 117
537012.5.peg.1937.site.7, 0, 115, 115
537012.5.peg.1937.site.8, 4, 116, 120
537012.5.peg.1937.site.9, 14, 116, 130
537012.5.peg.1937.site.10, 9, 118, 127
537012.5.peg.1937.site.11, 5, 119, 124
537012.5.peg.1937.site.12, 1, 128, 129
537012.5.peg.1937.site.13, 1, 133, 134
537012.5.peg.1937.site.14, 21, 132, 153
537012.5.peg.1937.site.15, 5, 126, 131
537012.5.peg.1937.site.16, 5, 124, 129
537012.5.peg.1937.site.17, 4, 123, 127
537012.5.peg.1937.site.18, 1, 123, 124
537012.5.peg.1937.site.19, 3, 122, 125
537012.5.peg.1937.site.20, 16, 125, 141
537012.5.peg.1937.site.21, 6, 125, 131
537012.5.peg.1937.site.22, 4, 124, 128
537012.5.peg.1937.site.23, 4, 126, 130
537012.5.peg.1937.site.24, 7, 126, 133
537012.5.peg.1937.site.25, 9, 123, 132
537012.5.peg.1937.site.26, 9, 123, 132
537012.5.peg.1937.site.27, 17, 123, 140
537012.5.peg.1937.site.28, 35, 126, 161
537012.5.peg.1937.site.29, 18, 128, 146
537012.5.peg.1937.site.30, 10, 129, 139
537012.5.peg.1937.site.31, 11, 130, 141
537012.5.peg.1937.site.32, 1, 134, 135
537012.5.peg.1937.site.33, 10, 134, 144
537012.5.peg.1937.site.34, 10, 134, 144
537012.5.peg.1937.site.35, 10, 134, 144
537012.5.peg.1937.site.36, 9, 133, 142
537012.5.peg.1937.site.37, 4, 131, 135
537012.5.peg.1937.site.38, 2, 129, 131
537012.5.peg.1937.site.39, 3, 130, 133
537012.5.peg.1937.site.40, 1, 123, 124
537012.5.peg.1937.site.41, 11, 126, 137
537012.5.peg.1937.site.42, 5, 129, 134
537012.5.peg.1937.site.43, 2, 131, 133
537012.5.peg.1937.site.44, 11, 130, 141
537012.5.peg.1937.site.45, 66, 131, 197
537012.5.peg.1937.site.46, 2, 130, 132
537012.5.peg.1937.site.47, 1, 131, 132
537012.5.peg.1937.site.48, 1, 134, 135
537012.5.peg.1937.site.49, 4, 132, 136
537012.5.peg.1937.site.50, 15, 133, 148
537012.5.peg.1937.site.51, 2, 134, 136
537012.5.peg.1937.site.52, 2, 134, 136
537012.5.peg.1937.site.53, 2, 134, 136
537012.5.peg.1937.site.54, 0, 134, 134
537012.5.peg.1937.site.55, 1, 134, 135
537012.5.peg.1937.site.56, 2, 134, 136
537012.5.peg.1937.site.57, 0, 134, 134
537012.5.peg.1937.site.58, 0, 134, 134
537012.5.peg.1937.site.59, 5, 132, 137
537012.5.peg.1937.site.60, 4, 132, 136
537012.5.peg.1937.site.61, 16, 132, 148
537012.5.peg.1937.site.62, 3, 133, 136
537012.5.peg.1937.site.63, 0, 133, 133
537012.5.peg.1937.site.64, 16, 133, 149
537012.5.peg.1937.site.65, 3, 132, 135
537012.5.peg.1937.site.66, 7, 133, 140
537012.5.peg.1937.site.67, 1, 133, 134
537012.5.peg.1937.site.68, 0, 129, 129
537012.5.peg.1937.site.69, 13, 130, 143
537012.5.peg.1937.site.70, 0, 130, 130
537012.5.peg.1937.site.71, 10, 131, 141
537012.5.peg.1937.site.72, 1, 130, 131
537012.5.peg.1937.site.73, 2, 130, 132
537012.5.peg.1937.site.74, 4, 126, 130
537012.5.peg.1937.site.75, 8, 122, 130
537012.5.peg.1937.site.76, 3, 120, 123
537012.5.peg.1937.site.77, 3, 122, 125
537012.5.peg.1936.site.1, 1, 127, 128
537012.5.peg.1936.site.2, 1, 127, 128
537012.5.peg.1936.site.3, 9, 122, 131
537012.5.peg.1936.site.4, 97, 125, 222
537012.5.peg.1936.site.5, 4, 124, 128
537012.5.peg.1936.site.6, 76, 127, 203
537012.5.peg.1936.site.7, 1, 131, 132
537012.5.peg.1936.site.8, 1, 130, 131
537012.5.peg.1936.site.9, 4, 132, 136
537012.5.peg.1936.site.10, 8, 131, 139
537012.5.peg.1936.site.11, 7, 131, 138
537012.5.peg.1936.site.12, 7, 131, 138
537012.5.peg.1936.site.13, 24, 130, 154
537012.5.peg.1936.site.14, 22, 130, 152
537012.5.peg.1936.site.15, 2, 128, 130
537012.5.peg.1936.site.16, 1, 126, 127
537012.5.peg.1936.site.17, 2, 120, 122
537012.5.peg.1936.site.18, 3, 122, 125
537012.5.peg.1936.site.19, 2, 128, 130
537012.5.peg.1936.site.20, 5, 130, 135
537012.5.peg.1936.site.21, 2, 129, 131
537012.5.peg.1936.site.22, 82, 128, 210
537012.5.peg.1936.site.23, 0, 128, 128
537012.5.peg.1936.site.24, 1, 128, 129
537012.5.peg.1936.site.25, 6, 128, 134
537012.5.peg.1936.site.26, 3, 128, 131
537012.5.peg.1936.site.27, 5, 129, 134
537012.5.peg.1936.site.28, 9, 128, 137
537012.5.peg.1936.site.29, 8, 127, 135
537012.5.peg.1936.site.30, 8, 128, 136
537012.5.peg.1936.site.31, 12, 127, 139
537012.5.peg.1936.site.32, 13, 129, 142
537012.5.peg.1936.site.33, 7, 130, 137
537012.5.peg.1936.site.34, 7, 131, 138
537012.5.peg.1936.site.35, 0, 132, 132
537012.5.peg.1936.site.36, 0, 134, 134
537012.5.peg.1936.site.37, 4, 133, 137
537012.5.peg.1936.site.38, 3, 132, 135
537012.5.peg.1936.site.39, 11, 131, 142
537012.5.peg.1936.site.40, 6, 130, 136
537012.5.peg.1936.site.41, 1, 130, 131
537012.5.peg.1936.site.42, 10, 130, 140
537012.5.peg.1936.site.43, 17, 130, 147
537012.5.peg.1936.site.44, 9, 125, 134
537012.5.peg.1936.site.45, 7, 130, 137
537012.5.peg.1936.site.46, 10, 127, 137
537012.5.peg.1936.site.47, 3, 130, 133
537012.5.peg.1936.site.48, 9, 128, 137
537012.5.peg.1936.site.49, 14, 128, 142
537012.5.peg.1936.site.50, 1, 131, 132
537012.5.peg.1936.site.51, 5, 129, 134
537012.5.peg.1933.site.1, 19, 134, 153
537012.5.peg.1933.site.2, 4, 132, 136
537012.5.peg.1933.site.3, 7, 132, 139
537012.5.peg.1933.site.4, 2, 134, 136
537012.5.peg.1933.site.5, 11, 132, 143
537012.5.peg.1933.site.6, 2, 133, 135
537012.5.peg.1933.site.7, 3, 132, 135
537012.5.peg.1933.site.8, 3, 132, 135
537012.5.peg.1933.site.9, 25, 132, 157
537012.5.peg.1933.site.10, 5, 132, 137
537012.5.peg.1933.site.11, 43, 132, 175
537012.5.peg.1933.site.12, 3, 131, 134
537012.5.peg.1933.site.13, 1, 129, 130
537012.5.peg.1933.site.14, 29, 130, 159
537012.5.peg.1933.site.15, 4, 131, 135
537012.5.peg.1933.site.16, 20, 133, 153
537012.5.peg.1933.site.17, 2, 131, 133
537012.5.peg.1933.site.18, 3, 129, 132
537012.5.peg.1933.site.19, 4, 128, 132
537012.5.peg.1933.site.20, 9, 128, 137
537012.5.peg.1933.site.21, 3, 126, 129
537012.5.peg.1933.site.22, 11, 124, 135
537012.5.peg.1933.site.23, 3, 125, 128
537012.5.peg.1933.site.24, 2, 126, 128
537012.5.peg.1933.site.25, 1, 125, 126
537012.5.peg.1933.site.26, 0, 125, 125
537012.5.peg.1933.site.27, 27, 126, 153
537012.5.peg.1933.site.28, 1, 128, 129
537012.5.peg.1933.site.29, 2, 128, 130
537012.5.peg.1933.site.30, 3, 129, 132
537012.5.peg.1933.site.31, 6, 131, 137
537012.5.peg.1933.site.32, 5, 131, 136
537012.5.peg.1933.site.33, 5, 131, 136
537012.5.peg.1933.site.34, 5, 131, 136
537012.5.peg.1933.site.35, 6, 132, 138
537012.5.peg.1932.site.1, 4, 132, 136
537012.5.peg.1932.site.2, 1, 134, 135
537012.5.peg.1932.site.3, 4, 132, 136
537012.5.peg.1932.site.4, 1, 134, 135
537012.5.peg.1932.site.5, 13, 133, 146
537012.5.peg.1932.site.6, 13, 133, 146
537012.5.peg.1932.site.7, 14, 132, 146
537012.5.peg.1932.site.8, 1, 131, 132
537012.5.peg.1932.site.9, 3, 131, 134
537012.5.peg.1932.site.10, 1, 131, 132
537012.5.peg.1932.site.11, 13, 133, 146
537012.5.peg.1932.site.12, 3, 132, 135
537012.5.peg.1932.site.13, 1, 134, 135
537012.5.peg.1932.site.14, 1, 134, 135
537012.5.peg.1932.site.15, 5, 132, 137
537012.5.peg.1932.site.16, 4, 134, 138
537012.5.peg.1932.site.17, 0, 134, 134
537012.5.peg.1932.site.18, 1, 133, 134
537012.5.peg.1932.site.19, 8, 131, 139
537012.5.peg.1932.site.20, 0, 130, 130
537012.5.peg.1932.site.21, 3, 131, 134
537012.5.peg.1932.site.22, 8, 134, 142
537012.5.peg.1932.site.23, 10, 134, 144
537012.5.peg.1932.site.24, 3, 134, 137
537012.5.peg.1932.site.25, 3, 133, 136
537012.5.peg.1932.site.26, 7, 132, 139
537012.5.peg.1932.site.27, 3, 134, 137
537012.5.peg.1932.site.28, 48, 132, 180
537012.5.peg.1932.site.29, 2, 134, 136
537012.5.peg.1932.site.30, 108, 133, 241
537012.5.peg.1932.site.31, 23, 132, 155
537012.5.peg.1932.site.32, 4, 132, 136
537012.5.peg.1932.site.33, 4, 132, 136
537012.5.peg.1932.site.34, 10, 134, 144
537012.5.peg.1932.site.35, 3, 134, 137
537012.5.peg.1932.site.36, 7, 131, 138
537012.5.peg.1932.site.37, 1, 134, 135
537012.5.peg.1932.site.38, 8, 132, 140
537012.5.peg.1932.site.39, 10, 133, 143
537012.5.peg.1932.site.40, 14, 131, 145
537012.5.peg.1932.site.41, 2, 134, 136
537012.5.peg.1932.site.42, 7, 134, 141
537012.5.peg.1932.site.43, 14, 132, 146
537012.5.peg.1932.site.44, 16, 132, 148
537012.5.peg.1932.site.45, 9, 134, 143
537012.5.peg.1932.site.46, 4, 132, 136
537012.5.peg.1932.site.47, 4, 134, 138
537012.5.peg.1932.site.48, 2, 134, 136
537012.5.peg.1932.site.49, 5, 133, 138
537012.5.peg.1932.site.50, 3, 134, 137
537012.5.peg.1932.site.51, 5, 133, 138
537012.5.peg.1932.site.52, 4, 132, 136
537012.5.peg.1932.site.53, 8, 134, 142
537012.5.peg.1932.site.54, 6, 132, 138
537012.5.peg.1932.site.55, 2, 134, 136
537012.5.peg.1932.site.56, 4, 133, 137
537012.5.peg.1932.site.57, 5, 133, 138
537012.5.peg.1932.site.58, 3, 133, 136
537012.5.peg.1932.site.59, 10, 130, 140
537012.5.peg.1932.site.60, 0, 131, 131
537012.5.peg.1932.site.61, 128, 130, 258
537012.5.peg.1932.site.62, 2, 129, 131
537012.5.peg.1932.site.63, 7, 130, 137
537012.5.peg.1932.site.64, 7, 131, 138
537012.5.peg.1932.site.65, 2, 130, 132
537012.5.peg.1932.site.66, 2, 132, 134
537012.5.peg.1932.site.67, 65, 133, 198
537012.5.peg.1932.site.68, 3, 134, 137
537012.5.peg.1932.site.69, 6, 131, 137
537012.5.peg.1932.site.70, 0, 134, 134
537012.5.peg.1932.site.71, 28, 134, 162
537012.5.peg.1932.site.72, 1, 134, 135
537012.5.peg.1932.site.73, 0, 134, 134
537012.5.peg.1932.site.74, 7, 132, 139
537012.5.peg.1932.site.75, 1, 134, 135
537012.5.peg.1932.site.76, 4, 132, 136
537012.5.peg.1931.site.1, 80, 133, 213
537012.5.peg.1931.site.2, 1, 133, 134
537012.5.peg.1931.site.3, 0, 131, 131
537012.5.peg.1931.site.4, 4, 131, 135
537012.5.peg.1931.site.5, 4, 134, 138
537012.5.peg.1931.site.6, 0, 132, 132
537012.5.peg.1931.site.7, 4, 134, 138
537012.5.peg.1931.site.8, 4, 133, 137
537012.5.peg.1931.site.9, 7, 131, 138
537012.5.peg.1931.site.10, 1, 133, 134
537012.5.peg.1931.site.11, 2, 130, 132
537012.5.peg.1931.site.12, 1, 130, 131
537012.5.peg.1931.site.13, 4, 132, 136
537012.5.peg.1931.site.14, 3, 134, 137
537012.5.peg.1931.site.15, 3, 132, 135
537012.5.peg.1931.site.16, 5, 134, 139
537012.5.peg.1931.site.17, 4, 133, 137
537012.5.peg.1931.site.18, 1, 134, 135
537012.5.peg.1931.site.19, 4, 132, 136
537012.5.peg.1931.site.20, 6, 134, 140
537012.5.peg.1931.site.21, 23, 134, 157
537012.5.peg.1930.site.1, 10, 125, 135
537012.5.peg.1930.site.2, 2, 134, 136
537012.5.peg.1930.site.3, 8, 133, 141
537012.5.peg.1930.site.4, 4, 134, 138
537012.5.peg.1930.site.5, 4, 134, 138
537012.5.peg.1930.site.6, 51, 134, 185
537012.5.peg.1930.site.7, 3, 133, 136
537012.5.peg.1930.site.8, 1, 134, 135
537012.5.peg.1930.site.9, 4, 134, 138
537012.5.peg.1930.site.10, 2, 134, 136
537012.5.peg.1930.site.11, 6, 134, 140
537012.5.peg.1930.site.12, 61, 132, 193
537012.5.peg.1930.site.13, 49, 131, 180
537012.5.peg.1930.site.14, 2, 131, 133
537012.5.peg.1930.site.15, 6, 134, 140
537012.5.peg.1930.site.16, 5, 133, 138
537012.5.peg.1930.site.17, 1, 133, 134
537012.5.peg.1930.site.18, 1, 133, 134
537012.5.peg.1930.site.19, 5, 131, 136
537012.5.peg.1930.site.20, 104, 131, 235
537012.5.peg.1930.site.21, 12, 132, 144
537012.5.peg.1930.site.22, 25, 131, 156
537012.5.peg.1930.site.23, 1, 132, 133
537012.5.peg.1930.site.24, 12, 134, 146
537012.5.peg.1930.site.25, 9, 131, 140
537012.5.peg.1930.site.26, 4, 132, 136
537012.5.peg.1930.site.27, 10, 133, 143
537012.5.peg.1930.site.28, 6, 134, 140
537012.5.peg.1930.site.29, 4, 133, 137
537012.5.peg.1930.site.30, 4, 133, 137
537012.5.peg.1930.site.31, 4, 133, 137
537012.5.peg.1930.site.32, 5, 134, 139
537012.5.peg.1930.site.33, 35, 132, 167
537012.5.peg.1930.site.34, 4, 131, 135
537012.5.peg.1930.site.35, 5, 133, 138
537012.5.peg.1930.site.36, 1, 132, 133
537012.5.peg.1930.site.37, 5, 132, 137
537012.5.peg.1930.site.38, 9, 131, 140
537012.5.peg.1930.site.39, 15, 132, 147
537012.5.peg.1930.site.40, 1, 132, 133
537012.5.peg.1930.site.41, 10, 134, 144
537012.5.peg.1930.site.42, 5, 133, 138
537012.5.peg.1930.site.43, 1, 134, 135
537012.5.peg.1930.site.44, 5, 133, 138
537012.5.peg.1930.site.45, 1, 134, 135
537012.5.peg.1930.site.46, 2, 134, 136
537012.5.peg.1930.site.47, 5, 133, 138
537012.5.peg.1930.site.48, 28, 132, 160
537012.5.peg.1930.site.49, 4, 134, 138
537012.5.peg.1930.site.50, 4, 134, 138
537012.5.peg.1930.site.51, 4, 134, 138
537012.5.peg.1930.site.52, 0, 134, 134
537012.5.peg.1930.site.53, 19, 131, 150
537012.5.peg.1930.site.54, 4, 131, 135
537012.5.peg.1930.site.55, 15, 132, 147
537012.5.peg.1930.site.56, 1, 134, 135
537012.5.peg.1930.site.57, 10, 134, 144
537012.5.peg.1930.site.58, 8, 134, 142
537012.5.peg.1930.site.59, 2, 134, 136
537012.5.peg.1930.site.60, 3, 134, 137
537012.5.peg.1930.site.61, 2, 130, 132
537012.5.peg.1930.site.62, 2, 131, 133
537012.5.peg.4174.site.1, 1, 131, 132
537012.5.peg.4174.site.2, 3, 124, 127
537012.5.peg.4174.site.3, 2, 122, 124
537012.5.peg.4174.site.4, 1, 123, 124
537012.5.peg.4174.site.5, 1, 123, 124
537012.5.peg.4174.site.6, 2, 114, 116
537012.5.peg.4174.site.7, 4, 113, 117
537012.5.peg.4174.site.8, 87, 89, 176
537012.5.peg.4174.site.9, 2, 85, 87
537012.5.peg.4174.site.10, 15, 106, 121
537012.5.peg.4174.site.11, 0, 105, 105
537012.5.peg.4174.site.12, 24, 103, 127
537012.5.peg.4174.site.13, 5, 102, 107
537012.5.peg.4174.site.14, 8, 102, 110
537012.5.peg.4174.site.15, 19, 101, 120
537012.5.peg.4175.site.1, 63, 81, 144
537012.5.peg.4175.site.2, 4, 103, 107
537012.5.peg.4175.site.3, 1, 107, 108
537012.5.peg.4175.site.4, 14, 108, 122
537012.5.peg.4175.site.5, 13, 108, 121
537012.5.peg.4175.site.6, 0, 104, 104
537012.5.peg.4175.site.7, 27, 104, 131
537012.5.peg.4175.site.8, 1, 108, 109
537012.5.peg.4175.site.9, 2, 104, 106
537012.5.peg.4175.site.10, 2, 105, 107
537012.5.peg.4175.site.11, 9, 102, 111
537012.5.peg.4175.site.12, 23, 102, 125
537012.5.peg.4175.site.13, 3, 103, 106
537012.5.peg.4175.site.14, 12, 101, 113
537012.5.peg.4175.site.15, 1, 100, 101
537012.5.peg.4175.site.16, 23, 102, 125
537012.5.peg.4175.site.17, 3, 104, 107
537012.5.peg.4175.site.18, 2, 105, 107
537012.5.peg.4175.site.19, 2, 106, 108
537012.5.peg.4175.site.20, 35, 103, 138
537012.5.peg.4175.site.21, 1, 105, 106
537012.5.peg.4175.site.22, 5, 102, 107
537012.5.peg.4175.site.23, 6, 96, 102
537012.5.peg.4175.site.24, 1, 97, 98
537012.5.peg.4175.site.25, 1, 98, 99
537012.5.peg.4175.site.26, 13, 100, 113
537012.5.peg.4175.site.27, 1, 102, 103
537012.5.peg.4175.site.28, 3, 101, 104
537012.5.peg.4175.site.29, 3, 103, 106
537012.5.peg.4175.site.30, 14, 108, 122
537012.5.peg.4175.site.31, 1, 109, 110
537012.5.peg.4175.site.32, 10, 103, 113
537012.5.peg.4175.site.33, 2, 108, 110
537012.5.peg.3778.site.1, 25, 130, 155
537012.5.peg.3778.site.2, 7, 130, 137
537012.5.peg.3778.site.3, 1, 131, 132
537012.5.peg.3778.site.4, 1, 131, 132
537012.5.peg.3778.site.5, 1, 132, 133
537012.5.peg.3778.site.6, 9, 131, 140
537012.5.peg.3778.site.7, 3, 132, 135
537012.5.peg.3778.site.8, 75, 132, 207
537012.5.peg.3778.site.9, 1, 131, 132
537012.5.peg.3778.site.10, 3, 128, 131
537012.5.peg.3778.site.11, 51, 133, 184
537012.5.peg.3778.site.12, 6, 132, 138
537012.5.peg.3778.site.13, 34, 129, 163
537012.5.peg.3778.site.14, 7, 131, 138
537012.5.peg.3778.site.15, 4, 134, 138
537012.5.peg.3778.site.16, 8, 132, 140
537012.5.peg.3778.site.17, 9, 133, 142
537012.5.peg.3778.site.18, 17, 128, 145
537012.5.peg.3778.site.19, 127, 129, 256
537012.5.peg.3778.site.20, 2, 130, 132
537012.5.peg.3778.site.21, 1, 128, 129
537012.5.peg.3778.site.22, 2, 130, 132
537012.5.peg.3778.site.23, 6, 130, 136
537012.5.peg.3778.site.24, 11, 130, 141
537012.5.peg.3778.site.25, 1, 130, 131
537012.5.peg.3778.site.26, 3, 133, 136
537012.5.peg.3778.site.27, 0, 132, 132
537012.5.peg.1939.site.1, 15, 120, 135
537012.5.peg.1939.site.2, 55, 123, 178
537012.5.peg.1939.site.3, 2, 121, 123
537012.5.peg.1939.site.4, 4, 121, 125
537012.5.peg.1939.site.5, 2, 123, 125
537012.5.peg.1939.site.6, 22, 123, 145
537012.5.peg.1939.site.7, 4, 123, 127
537012.5.peg.1939.site.8, 12, 123, 135
537012.5.peg.1939.site.9, 3, 122, 125
537012.5.peg.1939.site.10, 0, 124, 124
537012.5.peg.1939.site.11, 0, 122, 122
537012.5.peg.1939.site.12, 3, 122, 125
537012.5.peg.1939.site.13, 2, 124, 126
537012.5.peg.1939.site.14, 55, 122, 177
537012.5.peg.1939.site.15, 1, 124, 125
537012.5.peg.1939.site.16, 8, 123, 131
537012.5.peg.1939.site.17, 0, 124, 124
537012.5.peg.1939.site.18, 64, 122, 186
537012.5.peg.1939.site.19, 50, 123, 173
537012.5.peg.1938.site.1, 0, 119, 119
537012.5.peg.1938.site.2, 0, 120, 120
537012.5.peg.1938.site.3, 1, 121, 122
537012.5.peg.1938.site.4, 3, 122, 125
537012.5.peg.1938.site.5, 13, 124, 137
537012.5.peg.1938.site.6, 7, 123, 130
537012.5.peg.1938.site.7, 3, 121, 124
537012.5.peg.1938.site.8, 9, 123, 132
537012.5.peg.1938.site.9, 25, 123, 148
537012.5.peg.1938.site.10, 103, 123, 226
537012.5.peg.1938.site.11, 2, 28, 30
537012.5.peg.1938.site.12, 7, 30, 37
537012.5.peg.1938.site.13, 4, 37, 41
537012.5.peg.1938.site.14, 27, 119, 146
537012.5.peg.1938.site.15, 1, 123, 124
537012.5.peg.1938.site.16, 0, 124, 124
537012.5.peg.1938.site.17, 4, 124, 128
537012.5.peg.1938.site.18, 3, 122, 125
537012.5.peg.1938.site.19, 1, 124, 125
537012.5.peg.1938.site.20, 2, 120, 122
537012.5.peg.1938.site.21, 2, 118, 120
537012.5.peg.1938.site.22, 1, 121, 122
537012.5.peg.1938.site.23, 11, 121, 132
537012.5.peg.1938.site.24, 1, 121, 122
537012.5.peg.1938.site.25, 31, 120, 151
537012.5.peg.1938.site.26, 48, 120, 168
537012.5.peg.1938.site.27, 9, 121, 130
537012.5.peg.1938.site.28, 3, 121, 124
537012.5.peg.1938.site.29, 39, 122, 161
537012.5.peg.1938.site.30, 104, 121, 225
537012.5.peg.1938.site.31, 2, 121, 123
537012.5.peg.1850.site.1, 4, 128, 132
537012.5.peg.1850.site.2, 3, 133, 136
537012.5.peg.1850.site.3, 0, 132, 132
537012.5.peg.1850.site.4, 21, 130, 151
537012.5.peg.1850.site.5, 23, 132, 155
537012.5.peg.1850.site.6, 4, 131, 135
537012.5.peg.1850.site.7, 59, 131, 190
537012.5.peg.1850.site.8, 22, 133, 155
537012.5.peg.1850.site.9, 1, 134, 135
537012.5.peg.1850.site.10, 0, 134, 134
537012.5.peg.1850.site.11, 5, 133, 138
537012.5.peg.1850.site.12, 1, 134, 135
537012.5.peg.1851.site.1, 3, 134, 137
537012.5.peg.1851.site.2, 3, 133, 136
537012.5.peg.1851.site.3, 6, 132, 138
537012.5.peg.1851.site.4, 3, 129, 132
537012.5.peg.1851.site.5, 8, 130, 138
537012.5.peg.1851.site.6, 3, 129, 132
537012.5.peg.1851.site.7, 17, 128, 145
537012.5.peg.1851.site.8, 1, 130, 131
537012.5.peg.1851.site.9, 5, 130, 135
537012.5.peg.1851.site.10, 1, 132, 133
537012.5.peg.1851.site.11, 4, 132, 136
537012.5.peg.1851.site.12, 0, 134, 134
537012.5.peg.1851.site.13, 93, 131, 224
537012.5.peg.1851.site.14, 5, 133, 138
537012.5.peg.1851.site.15, 3, 132, 135
537012.5.peg.1851.site.16, 1, 134, 135
537012.5.peg.1851.site.17, 30, 134, 164
537012.5.peg.1851.site.18, 1, 134, 135
537012.5.peg.1851.site.19, 3, 131, 134
537012.5.peg.1851.site.20, 3, 132, 135
537012.5.peg.1852.site.1, 3, 133, 136
537012.5.peg.1852.site.2, 17, 132, 149
537012.5.peg.1852.site.3, 20, 131, 151
537012.5.peg.1852.site.4, 4, 131, 135
537012.5.peg.1852.site.5, 1, 134, 135
537012.5.peg.1852.site.6, 4, 131, 135
537012.5.peg.1852.site.7, 4, 131, 135
537012.5.peg.1852.site.8, 3, 131, 134
537012.5.peg.1852.site.9, 3, 132, 135
537012.5.peg.1852.site.10, 1, 134, 135
537012.5.peg.1852.site.11, 1, 134, 135
537012.5.peg.1852.site.12, 2, 131, 133
537012.5.peg.1852.site.13, 2, 131, 133
537012.5.peg.1852.site.14, 20, 130, 150
537012.5.peg.1852.site.15, 2, 134, 136
537012.5.peg.1852.site.16, 3, 132, 135
537012.5.peg.1852.site.17, 3, 132, 135
537012.5.peg.1852.site.18, 4, 133, 137
537012.5.peg.1853.site.1, 0, 134, 134
537012.5.peg.1853.site.2, 0, 133, 133
537012.5.peg.1853.site.3, 22, 131, 153
537012.5.peg.1853.site.4, 22, 132, 154
537012.5.peg.1853.site.5, 1, 134, 135
537012.5.peg.1853.site.6, 1, 134, 135
537012.5.peg.1853.site.7, 1, 134, 135
537012.5.peg.1853.site.8, 5, 133, 138
537012.5.peg.1853.site.9, 1, 134, 135
537012.5.peg.1853.site.10, 3, 130, 133
537012.5.peg.1853.site.11, 3, 130, 133
537012.5.peg.1853.site.12, 41, 130, 171
537012.5.peg.1853.site.13, 4, 131, 135
537012.5.peg.1853.site.14, 1, 134, 135
537012.5.peg.1853.site.15, 7, 134, 141
537012.5.peg.1853.site.16, 49, 133, 182
537012.5.peg.1853.site.17, 4, 133, 137
537012.5.peg.1854.site.1, 3, 134, 137
537012.5.peg.1854.site.2, 17, 133, 150
537012.5.peg.1854.site.3, 1, 134, 135
537012.5.peg.1854.site.4, 19, 133, 152
537012.5.peg.1854.site.5, 6, 134, 140
537012.5.peg.1854.site.6, 0, 134, 134
537012.5.peg.1854.site.7, 11, 133, 144
537012.5.peg.1854.site.8, 6, 134, 140
537012.5.peg.1854.site.9, 6, 134, 140
537012.5.peg.1854.site.10, 66, 134, 200
537012.5.peg.1854.site.11, 1, 131, 132
537012.5.peg.1854.site.12, 2, 132, 134
537012.5.peg.1854.site.13, 29, 132, 161
537012.5.peg.1854.site.14, 15, 132, 147
537012.5.peg.1854.site.15, 48, 130, 178
537012.5.peg.1854.site.16, 5, 122, 127
537012.5.peg.1854.site.17, 3, 119, 122
537012.5.peg.1854.site.18, 7, 119, 126
537012.5.peg.1854.site.19, 12, 129, 141
537012.5.peg.1855.site.1, 3, 134, 137
537012.5.peg.1855.site.2, 7, 134, 141
537012.5.peg.1855.site.3, 19, 133, 152
537012.5.peg.1855.site.4, 1, 134, 135
537012.5.peg.1855.site.5, 3, 134, 137
537012.5.peg.1855.site.6, 7, 134, 141
537012.5.peg.1855.site.7, 17, 134, 151
537012.5.peg.1855.site.8, 1, 134, 135
537012.5.peg.1855.site.9, 1, 134, 135
537012.5.peg.1855.site.10, 71, 131, 202
537012.5.peg.1855.site.11, 23, 131, 154
537012.5.peg.1855.site.12, 1, 130, 131
537012.5.peg.1856.site.1, 27, 131, 158
537012.5.peg.1856.site.2, 1, 134, 135
537012.5.peg.1856.site.3, 1, 133, 134
537012.5.peg.1856.site.4, 27, 131, 158
537012.5.peg.1856.site.5, 1, 130, 131
537012.5.peg.1856.site.6, 2, 131, 133
537012.5.peg.1856.site.7, 1, 130, 131
537012.5.peg.1856.site.8, 1, 131, 132
537012.5.peg.1856.site.9, 94, 131, 225
537012.5.peg.1856.site.10, 2, 130, 132
537012.5.peg.1856.site.11, 7, 133, 140
537012.5.peg.1856.site.12, 1, 134, 135
537012.5.peg.1856.site.13, 1, 134, 135
537012.5.peg.1856.site.14, 6, 133, 139
537012.5.peg.1856.site.15, 0, 134, 134
537012.5.peg.1856.site.16, 11, 134, 145
537012.5.peg.1856.site.17, 1, 134, 135
537012.5.peg.1856.site.18, 133, 134, 267
537012.5.peg.1856.site.19, 1, 133, 134
537012.5.peg.1856.site.20, 7, 133, 140
537012.5.peg.1856.site.21, 27, 131, 158
537012.5.peg.1856.site.22, 12, 133, 145
537012.5.peg.1856.site.23, 1, 133, 134
537012.5.peg.1856.site.24, 7, 133, 140
537012.5.peg.1856.site.25, 123, 134, 257
537012.5.peg.1857.site.1, 4, 127, 131
537012.5.peg.1857.site.2, 11, 131, 142
537012.5.peg.1857.site.3, 4, 131, 135
537012.5.peg.1857.site.4, 4, 132, 136
537012.5.peg.1857.site.5, 3, 134, 137
537012.5.peg.1857.site.6, 11, 134, 145
537012.5.peg.1857.site.7, 1, 133, 134
537012.5.peg.1857.site.8, 17, 134, 151
537012.5.peg.1857.site.9, 21, 130, 151
537012.5.peg.1857.site.10, 3, 133, 136
537012.5.peg.1857.site.11, 3, 131, 134
537012.5.peg.1857.site.12, 18, 129, 147
537012.5.peg.1857.site.13, 26, 130, 156
537012.5.peg.1857.site.14, 3, 130, 133
537012.5.peg.1857.site.15, 3, 128, 131
537012.5.peg.1857.site.16, 28, 129, 157
537012.5.peg.1857.site.17, 8, 132, 140
537012.5.peg.1857.site.18, 11, 131, 142
537012.5.peg.1857.site.19, 21, 132, 153
537012.5.peg.1857.site.20, 20, 132, 152
537012.5.peg.1857.site.21, 15, 133, 148
537012.5.peg.1857.site.22, 17, 133, 150
537012.5.peg.1857.site.23, 6, 134, 140
537012.5.peg.1857.site.24, 20, 130, 150
537012.5.peg.1857.site.25, 3, 132, 135
537012.5.peg.1857.site.26, 8, 131, 139
537012.5.peg.1857.site.27, 3, 131, 134
537012.5.peg.1857.site.28, 1, 134, 135
537012.5.peg.1857.site.29, 4, 132, 136
537012.5.peg.1857.site.30, 1, 133, 134
537012.5.peg.1857.site.31, 17, 133, 150
537012.5.peg.1857.site.32, 21, 131, 152
537012.5.peg.1857.site.33, 17, 133, 150
537012.5.peg.1857.site.34, 6, 133, 139
537012.5.peg.1857.site.35, 2, 133, 135
537012.5.peg.1857.site.36, 17, 132, 149
537012.5.peg.1857.site.37, 61, 132, 193
537012.5.peg.1857.site.38, 1, 134, 135
537012.5.peg.1857.site.39, 1, 134, 135
537012.5.peg.1857.site.40, 0, 134, 134
537012.5.peg.1857.site.41, 3, 134, 137
537012.5.peg.1857.site.42, 54, 134, 188
537012.5.peg.1857.site.43, 6, 134, 140
537012.5.peg.1857.site.44, 3, 131, 134
537012.5.peg.1857.site.45, 0, 133, 133
537012.5.peg.1859.site.1, 1, 134, 135
537012.5.peg.1859.site.2, 1, 134, 135
537012.5.peg.1859.site.3, 5, 133, 138
537012.5.peg.1859.site.4, 0, 133, 133
537012.5.peg.1859.site.5, 5, 133, 138
537012.5.peg.1859.site.6, 5, 131, 136
537012.5.peg.1859.site.7, 1, 128, 129
537012.5.peg.1859.site.8, 1, 131, 132
537012.5.peg.1859.site.9, 69, 130, 199
537012.5.peg.1859.site.10, 3, 130, 133
537012.5.peg.1859.site.11, 72, 124, 196
537012.5.peg.1859.site.12, 34, 127, 161
537012.5.peg.1859.site.13, 68, 131, 199
537012.5.peg.1859.site.14, 5, 133, 138
537012.5.peg.1859.site.15, 8, 134, 142
537012.5.peg.1859.site.16, 18, 131, 149
537012.5.peg.1859.site.17, 6, 134, 140
537012.5.peg.1859.site.18, 10, 134, 144
537012.5.peg.1859.site.19, 6, 134, 140
537012.5.peg.1859.site.20, 10, 132, 142
537012.5.peg.1859.site.21, 1, 134, 135
537012.5.peg.1859.site.22, 14, 134, 148
537012.5.peg.1859.site.23, 6, 133, 139
537012.5.peg.1859.site.24, 7, 133, 140
537012.5.peg.1859.site.25, 0, 133, 133
537012.5.peg.1859.site.26, 1, 134, 135
537012.5.peg.4193.site.1, 11, 73, 84
537012.5.peg.4193.site.2, 4, 72, 76
537012.5.peg.4193.site.3, 4, 72, 76
537012.5.peg.4193.site.4, 5, 79, 84
537012.5.peg.4193.site.5, 2, 79, 81
537012.5.peg.4193.site.6, 2, 80, 82
537012.5.peg.4193.site.7, 1, 78, 79
537012.5.peg.4193.site.8, 5, 78, 83
537012.5.peg.4193.site.9, 2, 78, 80
537012.5.peg.4193.site.10, 3, 76, 79
537012.5.peg.4190.site.1, 3, 129, 132
537012.5.peg.4190.site.2, 2, 132, 134
537012.5.peg.4190.site.3, 61, 124, 185
537012.5.peg.4190.site.4, 3, 127, 130
537012.5.peg.4190.site.5, 10, 131, 141
537012.5.peg.4190.site.6, 1, 131, 132
537012.5.peg.4190.site.7, 32, 132, 164
537012.5.peg.4190.site.8, 0, 133, 133
537012.5.peg.4190.site.9, 8, 132, 140
537012.5.peg.4190.site.10, 3, 127, 130
537012.5.peg.4190.site.11, 1, 126, 127
537012.5.peg.4198.site.1, 1, 91, 92
537012.5.peg.4198.site.2, 12, 90, 102
537012.5.peg.4198.site.3, 2, 92, 94
537012.5.peg.4198.site.4, 1, 93, 94
537012.5.peg.4198.site.5, 11, 97, 108
537012.5.peg.4198.site.6, 2, 98, 100
537012.5.peg.4198.site.7, 10, 98, 108
537012.5.peg.4198.site.8, 13, 101, 114
537012.5.peg.4198.site.9, 3, 124, 127
537012.5.peg.4198.site.10, 5, 127, 132
537012.5.peg.4198.site.11, 11, 129, 140
537012.5.peg.4198.site.12, 59, 125, 184
537012.5.peg.4198.site.13, 6, 131, 137
537012.5.peg.4198.site.14, 27, 131, 158
537012.5.peg.4198.site.15, 4, 130, 134
537012.5.peg.4198.site.16, 18, 131, 149
537012.5.peg.4198.site.17, 1, 129, 130
537012.5.peg.4198.site.18, 3, 123, 126
537012.5.peg.4198.site.19, 0, 123, 123
537012.5.peg.4198.site.20, 9, 124, 133
537012.5.peg.4198.site.21, 1, 122, 123
537012.5.peg.4198.site.22, 40, 121, 161
537012.5.peg.4198.site.23, 21, 106, 127
537012.5.peg.4198.site.24, 1, 107, 108
537012.5.peg.4198.site.25, 3, 75, 78
537012.5.peg.4198.site.26, 1, 80, 81
537012.5.peg.4198.site.27, 12, 70, 82
537012.5.peg.4198.site.28, 9, 72, 81
537012.5.peg.4198.site.29, 2, 89, 91
537012.5.peg.4198.site.30, 12, 92, 104
537012.5.peg.4198.site.31, 57, 90, 147
537012.5.peg.4198.site.32, 1, 94, 95
537012.5.peg.4198.site.33, 1, 94, 95
537012.5.peg.4198.site.34, 3, 96, 99
537012.5.peg.4198.site.35, 2, 131, 133
537012.5.peg.4198.site.36, 16, 127, 143
537012.5.peg.4198.site.37, 1, 130, 131
537012.5.peg.4198.site.38, 6, 124, 130
537012.5.peg.4198.site.39, 59, 107, 166
537012.5.peg.4198.site.40, 2, 114, 116
537012.5.peg.4198.site.41, 55, 98, 153
537012.5.peg.4198.site.42, 16, 100, 116
537012.5.peg.4198.site.43, 1, 94, 95
537012.5.peg.4198.site.44, 1, 92, 93
537012.5.peg.4198.site.45, 15, 93, 108
537012.5.peg.4198.site.46, 7, 97, 104
537012.5.peg.4198.site.47, 5, 96, 101
537012.5.peg.4198.site.48, 0, 89, 89
537012.5.peg.4198.site.49, 0, 87, 87
537012.5.peg.4198.site.50, 36, 95, 131
537012.5.peg.4198.site.51, 1, 98, 99
537012.5.peg.4198.site.52, 0, 99, 99
537012.5.peg.4198.site.53, 14, 101, 115
537012.5.peg.4198.site.54, 2, 103, 105
537012.5.peg.4198.site.55, 2, 101, 103
537012.5.peg.4198.site.56, 1, 102, 103
537012.5.peg.4198.site.57, 0, 105, 105
537012.5.peg.4198.site.58, 0, 102, 102
537012.5.peg.4198.site.59, 2, 97, 99
537012.5.peg.4198.site.60, 21, 95, 116
537012.5.peg.4518.site.1, 52, 121, 173
537012.5.peg.4518.site.2, 4, 123, 127
537012.5.peg.4518.site.3, 5, 125, 130
537012.5.peg.4518.site.4, 56, 117, 173
537012.5.peg.4518.site.5, 3, 105, 108
537012.5.peg.4518.site.6, 5, 101, 106
537012.5.peg.4518.site.7, 0, 79, 79
537012.5.peg.4518.site.8, 5, 53, 58
537012.5.peg.4518.site.9, 4, 49, 53
537012.5.peg.4518.site.10, 2, 45, 47
537012.5.peg.4518.site.11, 12, 44, 56
537012.5.peg.4518.site.12, 23, 47, 70
537012.5.peg.4518.site.13, 35, 49, 84
537012.5.peg.4517.site.1, 1, 122, 123
537012.5.peg.4517.site.2, 97, 121, 218
537012.5.peg.4517.site.3, 22, 123, 145
537012.5.peg.4517.site.4, 3, 123, 126
537012.5.peg.4517.site.5, 2, 126, 128
537012.5.peg.4517.site.6, 36, 126, 162
537012.5.peg.4517.site.7, 74, 125, 199
537012.5.peg.4517.site.8, 20, 124, 144
537012.5.peg.4517.site.9, 3, 120, 123
537012.5.peg.4517.site.10, 31, 120, 151
537012.5.peg.4517.site.11, 4, 124, 128
537012.5.peg.4517.site.12, 49, 126, 175
537012.5.peg.4517.site.13, 23, 125, 148
537012.5.peg.4517.site.14, 8, 126, 134
537012.5.peg.4517.site.15, 11, 124, 135
537012.5.peg.4517.site.16, 99, 123, 222
537012.5.peg.4517.site.17, 7, 125, 132
537012.5.peg.4517.site.18, 44, 123, 167
537012.5.peg.4517.site.19, 3, 123, 126
537012.5.peg.4517.site.20, 31, 125, 156
537012.5.peg.4517.site.21, 1, 125, 126
537012.5.peg.4517.site.22, 80, 125, 205
537012.5.peg.4517.site.23, 1, 124, 125
537012.5.peg.4517.site.24, 24, 123, 147
537012.5.peg.4517.site.25, 25, 123, 148
537012.5.peg.4517.site.26, 45, 125, 170
537012.5.peg.4517.site.27, 105, 123, 228
537012.5.peg.4517.site.28, 3, 126, 129
537012.5.peg.4517.site.29, 2, 123, 125
537012.5.peg.4517.site.30, 24, 117, 141
537012.5.peg.4517.site.31, 21, 113, 134
537012.5.peg.4517.site.32, 118, 119, 237
537012.5.peg.4517.site.33, 1, 115, 116
537012.5.peg.4517.site.34, 109, 119, 228
537012.5.peg.4517.site.35, 65, 123, 188
537012.5.peg.4517.site.36, 2, 125, 127
537012.5.peg.4517.site.37, 1, 124, 125
537012.5.peg.4517.site.38, 3, 126, 129
537012.5.peg.4517.site.39, 115, 123, 238
537012.5.peg.4645.site.1, 3, 122, 125
537012.5.peg.4645.site.2, 2, 122, 124
537012.5.peg.4645.site.3, 31, 123, 154
537012.5.peg.4645.site.4, 3, 107, 110
537012.5.peg.4645.site.5, 0, 101, 101
537012.5.peg.4645.site.6, 2, 88, 90
537012.5.peg.4645.site.7, 77, 85, 162
537012.5.peg.4645.site.8, 26, 74, 100
537012.5.peg.4645.site.9, 63, 78, 141
537012.5.peg.4645.site.10, 1, 74, 75
537012.5.peg.4645.site.11, 60, 69, 129
537012.5.peg.4645.site.12, 10, 68, 78
537012.5.peg.4645.site.13, 4, 67, 71
537012.5.peg.4645.site.14, 1, 66, 67
537012.5.peg.4645.site.15, 0, 65, 65
537012.5.peg.4645.site.16, 0, 66, 66
537012.5.peg.4645.site.17, 15, 67, 82
537012.5.peg.4645.site.18, 0, 66, 66
537012.5.peg.4645.site.19, 12, 65, 77
537012.5.peg.4645.site.20, 14, 62, 76
537012.5.peg.4645.site.21, 37, 56, 93
537012.5.peg.4645.site.22, 2, 61, 63
537012.5.peg.4645.site.23, 3, 61, 64
537012.5.peg.4645.site.24, 2, 60, 62
537012.5.peg.4645.site.25, 6, 69, 75
537012.5.peg.4645.site.26, 60, 71, 131
537012.5.peg.4645.site.27, 6, 74, 80
537012.5.peg.4645.site.28, 9, 76, 85
537012.5.peg.4645.site.29, 2, 76, 78
537012.5.peg.4645.site.30, 2, 77, 79
537012.5.peg.4645.site.31, 8, 78, 86
537012.5.peg.4645.site.32, 2, 77, 79
537012.5.peg.4645.site.33, 31, 78, 109
537012.5.peg.4645.site.34, 1, 80, 81
537012.5.peg.4645.site.35, 15, 83, 98
537012.5.peg.4645.site.36, 6, 82, 88
537012.5.peg.4645.site.37, 1, 88, 89
537012.5.peg.4645.site.38, 0, 89, 89
537012.5.peg.4645.site.39, 4, 98, 102
537012.5.peg.4645.site.40, 1, 97, 98
537012.5.peg.4645.site.41, 0, 99, 99
537012.5.peg.4645.site.42, 1, 100, 101
537012.5.peg.4645.site.43, 1, 117, 118
537012.5.peg.4645.site.44, 33, 119, 152
537012.5.peg.4645.site.45, 1, 115, 116
537012.5.peg.4645.site.46, 100, 114, 214
537012.5.peg.4645.site.47, 5, 118, 123
537012.5.peg.4645.site.48, 6, 121, 127
537012.5.peg.4645.site.49, 3, 123, 126
537012.5.peg.4645.site.50, 1, 121, 122
537012.5.peg.4645.site.51, 8, 125, 133
537012.5.peg.4645.site.52, 24, 125, 149
537012.5.peg.4645.site.53, 2, 124, 126
537012.5.peg.4645.site.54, 1, 126, 127
537012.5.peg.4645.site.55, 2, 126, 128
537012.5.peg.4645.site.56, 105, 127, 232
537012.5.peg.4645.site.57, 1, 127, 128
537012.5.peg.4645.site.58, 9, 126, 135
537012.5.peg.4645.site.59, 117, 128, 245
537012.5.peg.4645.site.60, 29, 123, 152
537012.5.peg.4645.site.61, 1, 123, 124
537012.5.peg.4645.site.62, 22, 120, 142
537012.5.peg.4645.site.63, 1, 117, 118
537012.5.peg.4645.site.64, 72, 115, 187
537012.5.peg.4645.site.65, 25, 115, 140
537012.5.peg.4645.site.66, 100, 111, 211
537012.5.peg.4645.site.67, 90, 106, 196
537012.5.peg.4645.site.68, 87, 101, 188
537012.5.peg.4645.site.69, 2, 106, 108
537012.5.peg.4645.site.70, 16, 105, 121
537012.5.peg.4645.site.71, 5, 105, 110
537012.5.peg.4645.site.72, 15, 105, 120
537012.5.peg.4645.site.73, 91, 105, 196
537012.5.peg.4645.site.74, 3, 115, 118
537012.5.peg.4645.site.75, 1, 115, 116
537012.5.peg.4645.site.76, 14, 113, 127
537012.5.peg.4645.site.77, 2, 113, 115
537012.5.peg.4645.site.78, 18, 112, 130
537012.5.peg.4645.site.79, 2, 115, 117
537012.5.peg.4645.site.80, 2, 119, 121
537012.5.peg.4645.site.81, 14, 122, 136
537012.5.peg.4645.site.82, 5, 127, 132
537012.5.peg.4645.site.83, 3, 127, 130
537012.5.peg.4645.site.84, 13, 125, 138
537012.5.peg.4645.site.85, 8, 127, 135
537012.5.peg.4645.site.86, 8, 127, 135
537012.5.peg.4645.site.87, 3, 126, 129
537012.5.peg.4645.site.88, 1, 121, 122
537012.5.peg.4645.site.89, 19, 114, 133
537012.5.peg.4645.site.90, 25, 102, 127
537012.5.peg.4645.site.91, 6, 97, 103
537012.5.peg.4645.site.92, 1, 91, 92
537012.5.peg.4645.site.93, 0, 90, 90
537012.5.peg.4645.site.94, 0, 90, 90
537012.5.peg.4645.site.95, 0, 90, 90
537012.5.peg.3335.site.1, 2, 77, 79
537012.5.peg.3335.site.2, 2, 78, 80
537012.5.peg.3335.site.3, 74, 77, 151
537012.5.peg.3335.site.4, 48, 76, 124
537012.5.peg.3335.site.5, 0, 77, 77
537012.5.peg.3335.site.6, 62, 75, 137
537012.5.peg.3335.site.7, 12, 77, 89
537012.5.peg.3335.site.8, 6, 76, 82
537012.5.peg.3335.site.9, 7, 76, 83
537012.5.peg.3335.site.10, 4, 75, 79
537012.5.peg.3335.site.11, 18, 74, 92
537012.5.peg.3335.site.12, 1, 71, 72
537012.5.peg.3335.site.13, 4, 67, 71
537012.5.peg.3335.site.14, 0, 67, 67
537012.5.peg.3335.site.15, 2, 74, 76
537012.5.peg.3335.site.16, 1, 73, 74
537012.5.peg.3335.site.17, 1, 74, 75
537012.5.peg.3335.site.18, 10, 76, 86
537012.5.peg.3335.site.19, 20, 76, 96
537012.5.peg.3335.site.20, 2, 76, 78
537012.5.peg.3335.site.21, 23, 74, 97
537012.5.peg.3335.site.22, 24, 76, 100
537012.5.peg.3335.site.23, 7, 78, 85
537012.5.peg.3335.site.24, 14, 77, 91
537012.5.peg.3335.site.25, 4, 78, 82
537012.5.peg.3335.site.26, 1, 77, 78
537012.5.peg.3335.site.27, 53, 75, 128
537012.5.peg.3335.site.28, 1, 74, 75
537012.5.peg.3335.site.29, 1, 75, 76
537012.5.peg.3335.site.30, 17, 76, 93
537012.5.peg.3335.site.31, 2, 75, 77
537012.5.peg.3335.site.32, 6, 78, 84
537012.5.peg.3335.site.33, 4, 75, 79
537012.5.peg.3335.site.34, 3, 76, 79
537012.5.peg.3335.site.35, 2, 75, 77
537012.5.peg.3335.site.36, 2, 75, 77
537012.5.peg.3335.site.37, 4, 77, 81
537012.5.peg.3335.site.38, 2, 74, 76
537012.5.peg.3335.site.39, 7, 76, 83
537012.5.peg.3335.site.40, 8, 77, 85
537012.5.peg.3335.site.41, 3, 77, 80
537012.5.peg.3335.site.42, 20, 77, 97
537012.5.peg.3335.site.43, 3, 79, 82
537012.5.peg.3335.site.44, 3, 78, 81
537012.5.peg.3335.site.45, 8, 79, 87
537012.5.peg.3335.site.46, 63, 72, 135
537012.5.peg.3335.site.47, 63, 68, 131
537012.5.peg.3335.site.48, 39, 64, 103
537012.5.peg.3335.site.49, 41, 67, 108
537012.5.peg.3335.site.50, 2, 70, 72
537012.5.peg.3335.site.51, 4, 75, 79
537012.5.peg.3335.site.52, 1, 77, 78
537012.5.peg.3335.site.53, 1, 76, 77
537012.5.peg.3335.site.54, 7, 75, 82
537012.5.peg.3335.site.55, 48, 72, 120
537012.5.peg.3335.site.56, 1, 73, 74
537012.5.peg.3335.site.57, 7, 74, 81
537012.5.peg.3335.site.58, 72, 75, 147
537012.5.peg.3335.site.59, 1, 73, 74
537012.5.peg.3335.site.60, 5, 75, 80
537012.5.peg.3335.site.61, 6, 75, 81
537012.5.peg.3335.site.62, 61, 73, 134
537012.5.peg.3335.site.63, 70, 73, 143
537012.5.peg.3335.site.64, 4, 77, 81
537012.5.peg.3335.site.65, 6, 76, 82
537012.5.peg.3335.site.66, 44, 72, 116
537012.5.peg.3335.site.67, 59, 74, 133
537012.5.peg.3335.site.68, 2, 76, 78
537012.5.peg.3335.site.69, 1, 76, 77
537012.5.peg.3335.site.70, 0, 74, 74
537012.5.peg.3335.site.71, 66, 75, 141
537012.5.peg.3335.site.72, 0, 75, 75
537012.5.peg.3335.site.73, 6, 75, 81
537012.5.peg.3335.site.74, 72, 75, 147
537012.5.peg.3335.site.75, 31, 74, 105
537012.5.peg.3335.site.76, 54, 72, 126
537012.5.peg.3335.site.77, 8, 71, 79
537012.5.peg.3335.site.78, 29, 69, 98
537012.5.peg.3335.site.79, 1, 70, 71
537012.5.peg.3335.site.80, 35, 61, 96
537012.5.peg.3335.site.81, 39, 60, 99
537012.5.peg.3335.site.82, 12, 60, 72
537012.5.peg.3335.site.83, 2, 67, 69
537012.5.peg.3335.site.84, 16, 69, 85
537012.5.peg.3335.site.85, 55, 68, 123
537012.5.peg.3335.site.86, 2, 72, 74
537012.5.peg.3335.site.87, 5, 74, 79
537012.5.peg.3335.site.88, 51, 74, 125
537012.5.peg.3335.site.89, 5, 76, 81
537012.5.peg.3335.site.90, 1, 77, 78
537012.5.peg.3335.site.91, 5, 77, 82
537012.5.peg.3335.site.92, 1, 74, 75
537012.5.peg.3335.site.93, 2, 76, 78
537012.5.peg.3335.site.94, 1, 75, 76
537012.5.peg.3335.site.95, 1, 75, 76
537012.5.peg.3335.site.96, 6, 82, 88
537012.5.peg.3335.site.97, 55, 87, 142
537012.5.peg.3335.site.98, 1, 88, 89
537012.5.peg.3335.site.99, 1, 91, 92
537012.5.peg.3335.site.100, 2, 91, 93
537012.5.peg.3335.site.101, 5, 89, 94
537012.5.peg.3335.site.102, 2, 85, 87
537012.5.peg.3335.site.103, 2, 85, 87
537012.5.peg.3335.site.104, 9, 86, 95
537012.5.peg.4992.site.1, 0, 134, 134
537012.5.peg.4992.site.2, 0, 134, 134
537012.5.peg.4992.site.3, 4, 133, 137
537012.5.peg.4992.site.4, 41, 133, 174
537012.5.peg.4992.site.5, 1, 134, 135
537012.5.peg.4992.site.6, 4, 134, 138
537012.5.peg.4992.site.7, 8, 133, 141
537012.5.peg.4992.site.8, 11, 134, 145
537012.5.peg.4992.site.9, 14, 133, 147
537012.5.peg.4992.site.10, 3, 133, 136
537012.5.peg.4992.site.11, 2, 131, 133
537012.5.peg.4992.site.12, 8, 133, 141
537012.5.peg.4992.site.13, 28, 133, 161
537012.5.peg.4992.site.14, 3, 134, 137
537012.5.peg.4992.site.15, 12, 134, 146
537012.5.peg.4992.site.16, 6, 134, 140
537012.5.peg.4992.site.17, 25, 133, 158
537012.5.peg.4992.site.18, 10, 131, 141
537012.5.peg.4992.site.19, 0, 132, 132
537012.5.peg.4992.site.20, 9, 133, 142
537012.5.peg.4992.site.21, 54, 133, 187
537012.5.peg.4992.site.22, 11, 132, 143
537012.5.peg.4992.site.23, 1, 129, 130
537012.5.peg.4993.site.1, 5, 109, 114
537012.5.peg.4993.site.2, 2, 132, 134
537012.5.peg.4993.site.3, 1, 133, 134
537012.5.peg.4993.site.4, 1, 134, 135
537012.5.peg.4993.site.5, 10, 130, 140
537012.5.peg.4993.site.6, 0, 129, 129
537012.5.peg.4993.site.7, 3, 131, 134
537012.5.peg.4993.site.8, 6, 128, 134
537012.5.peg.4993.site.9, 5, 124, 129
537012.5.peg.4993.site.10, 9, 126, 135
537012.5.peg.4993.site.11, 1, 129, 130
537012.5.peg.4993.site.12, 16, 132, 148
537012.5.peg.4993.site.13, 101, 132, 233
537012.5.peg.4993.site.14, 3, 131, 134
537012.5.peg.4993.site.15, 1, 134, 135
537012.5.peg.4993.site.16, 8, 134, 142
537012.5.peg.4993.site.17, 8, 133, 141
537012.5.peg.4993.site.18, 3, 132, 135
537012.5.peg.4993.site.19, 1, 125, 126
537012.5.peg.4993.site.20, 3, 118, 121
537012.5.peg.4990.site.1, 5, 134, 139
537012.5.peg.4990.site.2, 3, 134, 137
537012.5.peg.4990.site.3, 8, 133, 141
537012.5.peg.4990.site.4, 6, 132, 138
537012.5.peg.4990.site.5, 11, 134, 145
537012.5.peg.4990.site.6, 11, 134, 145
537012.5.peg.4990.site.7, 1, 134, 135
537012.5.peg.4990.site.8, 14, 134, 148
537012.5.peg.4990.site.9, 6, 134, 140
537012.5.peg.4990.site.10, 8, 134, 142
537012.5.peg.4991.site.1, 133, 134, 267
537012.5.peg.4991.site.2, 54, 132, 186
537012.5.peg.4991.site.3, 2, 134, 136
537012.5.peg.4991.site.4, 12, 134, 146
537012.5.peg.4991.site.5, 8, 134, 142
537012.5.peg.4991.site.6, 9, 134, 143
537012.5.peg.4991.site.7, 1, 132, 133
537012.5.peg.4991.site.8, 11, 133, 144
537012.5.peg.4991.site.9, 4, 131, 135
537012.5.peg.4996.site.1, 4, 132, 136
537012.5.peg.4996.site.2, 4, 131, 135
537012.5.peg.4996.site.3, 7, 129, 136
537012.5.peg.4996.site.4, 5, 132, 137
537012.5.peg.4996.site.5, 0, 134, 134
537012.5.peg.4996.site.6, 9, 134, 143
537012.5.peg.4996.site.7, 4, 132, 136
537012.5.peg.4996.site.8, 11, 133, 144
537012.5.peg.4996.site.9, 3, 134, 137
537012.5.peg.4996.site.10, 8, 129, 137
537012.5.peg.4996.site.11, 6, 129, 135
537012.5.peg.4996.site.12, 16, 131, 147
537012.5.peg.4996.site.13, 3, 132, 135
537012.5.peg.4996.site.14, 4, 132, 136
537012.5.peg.4996.site.15, 4, 133, 137
537012.5.peg.4996.site.16, 4, 132, 136
537012.5.peg.4996.site.17, 3, 133, 136
537012.5.peg.4996.site.18, 112, 134, 246
537012.5.peg.4996.site.19, 10, 131, 141
537012.5.peg.4996.site.20, 10, 132, 142
537012.5.peg.4996.site.21, 3, 132, 135
537012.5.peg.4996.site.22, 16, 131, 147
537012.5.peg.4996.site.23, 1, 131, 132
537012.5.peg.4996.site.24, 3, 131, 134
537012.5.peg.4996.site.25, 2, 132, 134
537012.5.peg.4996.site.26, 114, 131, 245
537012.5.peg.4996.site.27, 7, 131, 138
537012.5.peg.4996.site.28, 114, 128, 242
537012.5.peg.4996.site.29, 2, 125, 127
537012.5.peg.4996.site.30, 2, 124, 126
537012.5.peg.4996.site.31, 8, 130, 138
537012.5.peg.4996.site.32, 3, 131, 134
537012.5.peg.4996.site.33, 3, 132, 135
537012.5.peg.4996.site.34, 30, 132, 162
537012.5.peg.4996.site.35, 0, 134, 134
537012.5.peg.4996.site.36, 16, 133, 149
537012.5.peg.4996.site.37, 86, 130, 216
537012.5.peg.4996.site.38, 11, 132, 143
537012.5.peg.4996.site.39, 6, 133, 139
537012.5.peg.4996.site.40, 10, 131, 141
537012.5.peg.4996.site.41, 3, 131, 134
537012.5.peg.4996.site.42, 11, 133, 144
537012.5.peg.4996.site.43, 1, 133, 134
537012.5.peg.4996.site.44, 2, 130, 132
537012.5.peg.4996.site.45, 1, 130, 131
537012.5.peg.4996.site.46, 20, 130, 150
537012.5.peg.4996.site.47, 1, 130, 131
537012.5.peg.4996.site.48, 1, 129, 130
537012.5.peg.4996.site.49, 0, 128, 128
537012.5.peg.4996.site.50, 3, 130, 133
537012.5.peg.4996.site.51, 6, 134, 140
537012.5.peg.4996.site.52, 2, 134, 136
537012.5.peg.4996.site.53, 0, 134, 134
537012.5.peg.4996.site.54, 6, 134, 140
537012.5.peg.4996.site.55, 26, 133, 159
537012.5.peg.4996.site.56, 10, 133, 143
537012.5.peg.4996.site.57, 7, 134, 141
537012.5.peg.4996.site.58, 1, 134, 135
537012.5.peg.4996.site.59, 6, 134, 140
537012.5.peg.4996.site.60, 6, 134, 140
537012.5.peg.4996.site.61, 5, 133, 138
537012.5.peg.4996.site.62, 5, 133, 138
537012.5.peg.4996.site.63, 6, 134, 140
537012.5.peg.4996.site.64, 4, 132, 136
537012.5.peg.4996.site.65, 5, 134, 139
537012.5.peg.4996.site.66, 6, 133, 139
537012.5.peg.4996.site.67, 1, 133, 134
537012.5.peg.4996.site.68, 22, 132, 154
537012.5.peg.4996.site.69, 6, 134, 140
537012.5.peg.4996.site.70, 11, 132, 143
537012.5.peg.4996.site.71, 1, 134, 135
537012.5.peg.4996.site.72, 20, 134, 154
537012.5.peg.4996.site.73, 3, 133, 136
537012.5.peg.4996.site.74, 7, 134, 141
537012.5.peg.4996.site.75, 7, 134, 141
537012.5.peg.4996.site.76, 8, 134, 142
537012.5.peg.4996.site.77, 1, 134, 135
537012.5.peg.4996.site.78, 4, 133, 137
537012.5.peg.4996.site.79, 11, 133, 144
537012.5.peg.4996.site.80, 11, 127, 138
537012.5.peg.4996.site.81, 1, 122, 123
537012.5.peg.1617.site.1, 17, 133, 150
537012.5.peg.1617.site.2, 2, 133, 135
537012.5.peg.1617.site.3, 79, 132, 211
537012.5.peg.1617.site.4, 0, 133, 133
537012.5.peg.1617.site.5, 5, 133, 138
537012.5.peg.1617.site.6, 11, 133, 144
537012.5.peg.1617.site.7, 11, 133, 144
537012.5.peg.1617.site.8, 7, 133, 140
537012.5.peg.1617.site.9, 106, 128, 234
537012.5.peg.1617.site.10, 8, 131, 139
537012.5.peg.1617.site.11, 3, 130, 133
537012.5.peg.1617.site.12, 11, 130, 141
537012.5.peg.1617.site.13, 16, 130, 146
537012.5.peg.1617.site.14, 18, 133, 151
537012.5.peg.1617.site.15, 10, 132, 142
537012.5.peg.1617.site.16, 6, 133, 139
537012.5.peg.1617.site.17, 1, 131, 132
537012.5.peg.1617.site.18, 3, 131, 134
537012.5.peg.1617.site.19, 26, 131, 157
537012.5.peg.1617.site.20, 1, 132, 133
537012.5.peg.1617.site.21, 1, 133, 134
537012.5.peg.1617.site.22, 1, 133, 134
537012.5.peg.1617.site.23, 0, 133, 133
537012.5.peg.1617.site.24, 6, 133, 139
537012.5.peg.1617.site.25, 5, 133, 138
537012.5.peg.1617.site.26, 5, 131, 136
537012.5.peg.1617.site.27, 5, 130, 135
537012.5.peg.1617.site.28, 0, 132, 132
537012.5.peg.1617.site.29, 6, 133, 139
537012.5.peg.1617.site.30, 20, 131, 151
537012.5.peg.1617.site.31, 130, 132, 262
537012.5.peg.1617.site.32, 4, 131, 135
537012.5.peg.1617.site.33, 4, 132, 136
537012.5.peg.1617.site.34, 0, 131, 131
537012.5.peg.1617.site.35, 20, 133, 153
537012.5.peg.1617.site.36, 10, 133, 143
537012.5.peg.1617.site.37, 58, 131, 189
537012.5.peg.1617.site.38, 1, 133, 134
537012.5.peg.1617.site.39, 6, 133, 139
537012.5.peg.1617.site.40, 6, 133, 139
537012.5.peg.1617.site.41, 1, 132, 133
537012.5.peg.1617.site.42, 11, 131, 142
537012.5.peg.1617.site.43, 10, 131, 141
537012.5.peg.1617.site.44, 3, 132, 135
537012.5.peg.1617.site.45, 4, 130, 134
537012.5.peg.1617.site.46, 4, 130, 134
537012.5.peg.1613.site.1, 3, 125, 128
537012.5.peg.1613.site.2, 26, 123, 149
537012.5.peg.1613.site.3, 126, 127, 253
537012.5.peg.1613.site.4, 1, 127, 128
537012.5.peg.1613.site.5, 5, 127, 132
537012.5.peg.1613.site.6, 17, 127, 144
537012.5.peg.1613.site.7, 101, 127, 228
537012.5.peg.1613.site.8, 0, 127, 127
537012.5.peg.1613.site.9, 6, 127, 133
537012.5.peg.1613.site.10, 19, 126, 145
537012.5.peg.1613.site.11, 124, 125, 249
537012.5.peg.1613.site.12, 19, 125, 144
537012.5.peg.1613.site.13, 30, 124, 154
537012.5.peg.1613.site.14, 12, 125, 137
537012.5.peg.1613.site.15, 34, 127, 161
537012.5.peg.1613.site.16, 27, 125, 152
537012.5.peg.1613.site.17, 13, 124, 137
537012.5.peg.1613.site.18, 4, 125, 129
537012.5.peg.1613.site.19, 59, 127, 186
537012.5.peg.1613.site.20, 63, 127, 190
537012.5.peg.1613.site.21, 124, 126, 250
537012.5.peg.1613.site.22, 1, 127, 128
537012.5.peg.1613.site.23, 119, 125, 244
537012.5.peg.1613.site.24, 27, 124, 151
537012.5.peg.1613.site.25, 80, 125, 205
537012.5.peg.1613.site.26, 101, 126, 227
537012.5.peg.1613.site.27, 4, 125, 129
537012.5.peg.1613.site.28, 1, 133, 134
537012.5.peg.1613.site.29, 5, 133, 138
537012.5.peg.1613.site.30, 44, 132, 176
537012.5.peg.1613.site.31, 1, 133, 134
537012.5.peg.1613.site.32, 1, 133, 134
537012.5.peg.1613.site.33, 4, 133, 137
537012.5.peg.1613.site.34, 5, 132, 137
537012.5.peg.1613.site.35, 24, 131, 155
537012.5.peg.1613.site.36, 26, 130, 156
537012.5.peg.1613.site.37, 3, 130, 133
537012.5.peg.1613.site.38, 17, 131, 148
537012.5.peg.1613.site.39, 21, 131, 152
537012.5.peg.1613.site.40, 6, 133, 139
537012.5.peg.1613.site.41, 1, 132, 133
537012.5.peg.1613.site.42, 3, 131, 134
537012.5.peg.1613.site.43, 23, 132, 155
537012.5.peg.1613.site.44, 3, 133, 136
537012.5.peg.1613.site.45, 122, 133, 255
537012.5.peg.1613.site.46, 2, 133, 135
537012.5.peg.1613.site.47, 1, 133, 134
537012.5.peg.1613.site.48, 2, 133, 135
537012.5.peg.1613.site.49, 2, 133, 135
537012.5.peg.1613.site.50, 6, 133, 139
537012.5.peg.1613.site.51, 6, 133, 139
537012.5.peg.1613.site.52, 2, 133, 135
537012.5.peg.1613.site.53, 39, 133, 172
537012.5.peg.1613.site.54, 5, 132, 137
537012.5.peg.1613.site.55, 1, 133, 134
537012.5.peg.1613.site.56, 3, 130, 133
537012.5.peg.1613.site.57, 4, 130, 134
537012.5.peg.1613.site.58, 0, 133, 133
537012.5.peg.1613.site.59, 1, 133, 134
537012.5.peg.1613.site.60, 45, 132, 177
537012.5.peg.1613.site.61, 2, 133, 135
537012.5.peg.1613.site.62, 1, 133, 134
537012.5.peg.1613.site.63, 3, 133, 136
537012.5.peg.1613.site.64, 2, 133, 135
537012.5.peg.1613.site.65, 34, 132, 166
537012.5.peg.1613.site.66, 33, 131, 164
537012.5.peg.1613.site.67, 5, 132, 137
537012.5.peg.1613.site.68, 1, 133, 134
537012.5.peg.1613.site.69, 1, 133, 134
537012.5.peg.1613.site.70, 4, 132, 136
537012.5.peg.1613.site.71, 1, 132, 133
537012.5.peg.1613.site.72, 37, 131, 168
537012.5.peg.1613.site.73, 26, 131, 157
537012.5.peg.1613.site.74, 19, 133, 152
537012.5.peg.1613.site.75, 54, 131, 185
537012.5.peg.1613.site.76, 120, 128, 248
537012.5.peg.1613.site.77, 2, 133, 135
537012.5.peg.1613.site.78, 19, 133, 152
537012.5.peg.1613.site.79, 11, 133, 144
537012.5.peg.1613.site.80, 4, 131, 135
537012.5.peg.1613.site.81, 10, 131, 141
537012.5.peg.1613.site.82, 1, 132, 133
537012.5.peg.1613.site.83, 1, 133, 134
537012.5.peg.1613.site.84, 3, 133, 136
537012.5.peg.1613.site.85, 3, 130, 133
537012.5.peg.1613.site.86, 1, 132, 133
537012.5.peg.1613.site.87, 39, 132, 171
537012.5.peg.1613.site.88, 1, 133, 134
537012.5.peg.1613.site.89, 45, 131, 176
537012.5.peg.1613.site.90, 8, 133, 141
537012.5.peg.1613.site.91, 3, 133, 136
537012.5.peg.1613.site.92, 3, 133, 136
537012.5.peg.1613.site.93, 11, 133, 144
537012.5.peg.1613.site.94, 4, 132, 136
537012.5.peg.1610.site.1, 6, 127, 133
537012.5.peg.1610.site.2, 5, 127, 132
537012.5.peg.1610.site.3, 6, 128, 134
537012.5.peg.1610.site.4, 73, 126, 199
537012.5.peg.1610.site.5, 0, 128, 128
537012.5.peg.1610.site.6, 6, 129, 135
537012.5.peg.1610.site.7, 1, 129, 130
537012.5.peg.1610.site.8, 21, 129, 150
537012.5.peg.1610.site.9, 22, 129, 151
537012.5.peg.1610.site.10, 4, 130, 134
537012.5.peg.1610.site.11, 6, 130, 136
537012.5.peg.1610.site.12, 60, 126, 186
537012.5.peg.1610.site.13, 3, 127, 130
537012.5.peg.1610.site.14, 9, 128, 137
537012.5.peg.1610.site.15, 6, 129, 135
537012.5.peg.1610.site.16, 2, 129, 131
537012.5.peg.1610.site.17, 1, 129, 130
537012.5.peg.1610.site.18, 55, 127, 182
537012.5.peg.1610.site.19, 58, 128, 186
537012.5.peg.1610.site.20, 17, 127, 144
537012.5.peg.1610.site.21, 20, 128, 148
537012.5.peg.1610.site.22, 6, 128, 134
537012.5.peg.1610.site.23, 6, 129, 135
537012.5.peg.1610.site.24, 23, 128, 151
537012.5.peg.1610.site.25, 1, 128, 129
537012.5.peg.1610.site.26, 8, 127, 135
537012.5.peg.1610.site.27, 21, 127, 148
537012.5.peg.1610.site.28, 1, 129, 130
537012.5.peg.1610.site.29, 92, 126, 218
537012.5.peg.4697.site.1, 1, 130, 131
537012.5.peg.4697.site.2, 30, 130, 160
537012.5.peg.4697.site.3, 18, 130, 148
537012.5.peg.4697.site.4, 10, 130, 140
537012.5.peg.4697.site.5, 0, 130, 130
537012.5.peg.4697.site.6, 8, 128, 136
537012.5.peg.4697.site.7, 2, 130, 132
537012.5.peg.4697.site.8, 1, 129, 130
537012.5.peg.4697.site.9, 1, 128, 129
537012.5.peg.4697.site.10, 0, 130, 130
537012.5.peg.4697.site.11, 0, 129, 129
537012.5.peg.4697.site.12, 2, 130, 132
537012.5.peg.4697.site.13, 18, 130, 148
537012.5.peg.4697.site.14, 0, 130, 130
537012.5.peg.4697.site.15, 2, 128, 130
537012.5.peg.4697.site.16, 8, 128, 136
537012.5.peg.4697.site.17, 8, 129, 137
537012.5.peg.4697.site.18, 3, 130, 133
537012.5.peg.4697.site.19, 11, 130, 141
537012.5.peg.4697.site.20, 3, 130, 133
537012.5.peg.4697.site.21, 45, 130, 175
537012.5.peg.4697.site.22, 24, 128, 152
537012.5.peg.1618.site.1, 0, 133, 133
537012.5.peg.1618.site.2, 10, 132, 142
537012.5.peg.1618.site.3, 1, 133, 134
537012.5.peg.1618.site.4, 6, 133, 139
537012.5.peg.1618.site.5, 5, 133, 138
537012.5.peg.1618.site.6, 1, 133, 134
537012.5.peg.1618.site.7, 5, 132, 137
537012.5.peg.1618.site.8, 1, 133, 134
537012.5.peg.1618.site.9, 5, 132, 137
537012.5.peg.1618.site.10, 2, 131, 133
537012.5.peg.1618.site.11, 14, 130, 144
537012.5.peg.1618.site.12, 2, 130, 132
537012.5.peg.1618.site.13, 0, 131, 131
537012.5.peg.1618.site.14, 3, 130, 133
537012.5.peg.1618.site.15, 2, 129, 131
537012.5.peg.1618.site.16, 3, 130, 133
537012.5.peg.1618.site.17, 5, 132, 137
537012.5.peg.1618.site.18, 12, 132, 144
537012.5.peg.1618.site.19, 8, 132, 140
537012.5.peg.1618.site.20, 4, 132, 136
537012.5.peg.1618.site.21, 1, 130, 131
537012.5.peg.1618.site.22, 2, 130, 132
537012.5.peg.1618.site.23, 2, 130, 132
537012.5.peg.1618.site.24, 47, 127, 174
537012.5.peg.1618.site.25, 2, 129, 131
537012.5.peg.1618.site.26, 19, 129, 148
537012.5.peg.1618.site.27, 0, 127, 127
537012.5.peg.1618.site.28, 90, 127, 217
537012.5.peg.1618.site.29, 4, 132, 136
537012.5.peg.1618.site.30, 34, 131, 165
537012.5.peg.1618.site.31, 5, 133, 138
537012.5.peg.1618.site.32, 2, 133, 135
537012.5.peg.1618.site.33, 7, 132, 139
537012.5.peg.1618.site.34, 31, 133, 164
537012.5.peg.1618.site.35, 6, 133, 139
537012.5.peg.1618.site.36, 5, 132, 137
537012.5.peg.1618.site.37, 6, 133, 139
537012.5.peg.1618.site.38, 1, 133, 134
537012.5.peg.1618.site.39, 3, 131, 134
537012.5.peg.1618.site.40, 1, 130, 131
537012.5.peg.1618.site.41, 12, 130, 142
537012.5.peg.1618.site.42, 79, 127, 206
537012.5.peg.1618.site.43, 1, 129, 130
537012.5.peg.1618.site.44, 2, 129, 131
537012.5.peg.1618.site.45, 85, 128, 213
537012.5.peg.1618.site.46, 19, 131, 150
537012.5.peg.1618.site.47, 9, 130, 139
537012.5.peg.1618.site.48, 3, 131, 134
537012.5.peg.1618.site.49, 9, 132, 141
537012.5.peg.1618.site.50, 5, 132, 137
537012.5.peg.1618.site.51, 6, 132, 138
537012.5.peg.1618.site.52, 6, 133, 139
537012.5.peg.1618.site.53, 11, 132, 143
537012.5.peg.1618.site.54, 6, 133, 139
537012.5.peg.1618.site.55, 6, 133, 139
537012.5.peg.1618.site.56, 11, 132, 143
537012.5.peg.1618.site.57, 6, 132, 138
537012.5.peg.1618.site.58, 16, 134, 150
537012.5.peg.1618.site.59, 6, 134, 140
537012.5.peg.1618.site.60, 9, 134, 143
537012.5.peg.1618.site.61, 1, 134, 135
537012.5.peg.1618.site.62, 1, 133, 134
537012.5.peg.1618.site.63, 7, 133, 140
537012.5.peg.1618.site.64, 1, 134, 135
537012.5.peg.1618.site.65, 7, 133, 140
537012.5.peg.1618.site.66, 7, 134, 141
537012.5.peg.1618.site.67, 1, 131, 132
537012.5.peg.1618.site.68, 1, 128, 129
537012.5.peg.1618.site.69, 2, 130, 132
537012.5.peg.1618.site.70, 7, 134, 141
537012.5.peg.1618.site.71, 1, 134, 135
537012.5.peg.1618.site.72, 6, 134, 140
537012.5.peg.1618.site.73, 6, 134, 140
537012.5.peg.1618.site.74, 79, 133, 212
537012.5.peg.1618.site.75, 8, 134, 142
537012.5.peg.1618.site.76, 1, 134, 135
537012.5.peg.1618.site.77, 4, 133, 137
537012.5.peg.1618.site.78, 5, 132, 137
537012.5.peg.1618.site.79, 4, 131, 135
537012.5.peg.1618.site.80, 24, 132, 156
537012.5.peg.1618.site.81, 6, 132, 138
537012.5.peg.1618.site.82, 1, 131, 132
537012.5.peg.1618.site.83, 9, 134, 143
537012.5.peg.1618.site.84, 41, 134, 175
537012.5.peg.1618.site.85, 81, 132, 213
537012.5.peg.1618.site.86, 3, 134, 137
537012.5.peg.1618.site.87, 9, 134, 143
537012.5.peg.1618.site.88, 3, 134, 137
537012.5.peg.1618.site.89, 1, 134, 135
537012.5.peg.1618.site.90, 1, 134, 135
537012.5.peg.1618.site.91, 18, 134, 152
537012.5.peg.1618.site.92, 51, 132, 183
537012.5.peg.1618.site.93, 29, 134, 163
537012.5.peg.1618.site.94, 1, 134, 135
537012.5.peg.1618.site.95, 11, 133, 144
537012.5.peg.1618.site.96, 6, 134, 140
537012.5.peg.1618.site.97, 6, 134, 140
537012.5.peg.1618.site.98, 6, 134, 140
537012.5.peg.1618.site.99, 1, 134, 135
537012.5.peg.1618.site.100, 6, 133, 139
537012.5.peg.1618.site.101, 0, 134, 134
537012.5.peg.1618.site.102, 132, 134, 266
537012.5.peg.1618.site.103, 1, 134, 135
537012.5.peg.1618.site.104, 1, 134, 135
537012.5.peg.1618.site.105, 4, 132, 136
537012.5.peg.1618.site.106, 9, 131, 140
537012.5.peg.1618.site.107, 26, 130, 156
537012.5.peg.1618.site.108, 28, 127, 155
537012.5.peg.1618.site.109, 2, 129, 131
537012.5.peg.1618.site.110, 3, 130, 133
537012.5.peg.1618.site.111, 3, 131, 134
537012.5.peg.1619.site.1, 9, 133, 142
537012.5.peg.1619.site.2, 1, 134, 135
537012.5.peg.1619.site.3, 5, 134, 139
537012.5.peg.1619.site.4, 14, 132, 146
537012.5.peg.1619.site.5, 6, 134, 140
537012.5.peg.1619.site.6, 1, 134, 135
537012.5.peg.1619.site.7, 19, 134, 153
537012.5.peg.1619.site.8, 1, 134, 135
537012.5.peg.1619.site.9, 2, 134, 136
537012.5.peg.1619.site.10, 7, 134, 141
537012.5.peg.1619.site.11, 28, 134, 162
537012.5.peg.1619.site.12, 0, 134, 134
537012.5.peg.1619.site.13, 1, 134, 135
537012.5.peg.1619.site.14, 1, 134, 135
537012.5.peg.1619.site.15, 9, 134, 143
537012.5.peg.1619.site.16, 7, 133, 140
537012.5.peg.1619.site.17, 3, 132, 135
537012.5.peg.1619.site.18, 1, 134, 135
537012.5.peg.1619.site.19, 0, 134, 134
537012.5.peg.1619.site.20, 23, 131, 154
537012.5.peg.1619.site.21, 1, 134, 135
537012.5.peg.1619.site.22, 9, 134, 143
537012.5.peg.1619.site.23, 10, 133, 143
537012.5.peg.1619.site.24, 3, 134, 137
537012.5.peg.1619.site.25, 7, 134, 141
537012.5.peg.1619.site.26, 39, 134, 173
537012.5.peg.1619.site.27, 11, 132, 143
537012.5.peg.1619.site.28, 4, 132, 136
537012.5.peg.1619.site.29, 7, 133, 140
537012.5.peg.1619.site.30, 0, 134, 134
537012.5.peg.1619.site.31, 10, 132, 142
537012.5.peg.1619.site.32, 24, 134, 158
537012.5.peg.1619.site.33, 4, 132, 136
537012.5.peg.1619.site.34, 1, 133, 134
537012.5.peg.1619.site.35, 6, 134, 140
537012.5.peg.1619.site.36, 11, 132, 143
537012.5.peg.1619.site.37, 1, 133, 134
537012.5.peg.1619.site.38, 7, 134, 141
537012.5.peg.1619.site.39, 7, 133, 140
537012.5.peg.1619.site.40, 1, 134, 135
537012.5.peg.1619.site.41, 11, 131, 142
537012.5.peg.1619.site.42, 7, 134, 141
537012.5.peg.1619.site.43, 0, 134, 134
537012.5.peg.1619.site.44, 3, 134, 137
537012.5.peg.4696.site.1, 6, 129, 135
537012.5.peg.4696.site.2, 1, 129, 130
537012.5.peg.4696.site.3, 3, 120, 123
537012.5.peg.4696.site.4, 1, 119, 120
537012.5.peg.4696.site.5, 27, 118, 145
537012.5.peg.4696.site.6, 67, 117, 184
537012.5.peg.4696.site.7, 1, 118, 119
537012.5.peg.4696.site.8, 0, 126, 126
537012.5.peg.4696.site.9, 7, 126, 133
537012.5.peg.4696.site.10, 1, 128, 129
537012.5.peg.4696.site.11, 9, 128, 137
537012.5.peg.4696.site.12, 31, 129, 160
537012.5.peg.4696.site.13, 11, 125, 136
537012.5.peg.4696.site.14, 8, 122, 130
537012.5.peg.4696.site.15, 6, 124, 130
537012.5.peg.4696.site.16, 79, 124, 203
537012.5.peg.4696.site.17, 7, 127, 134
537012.5.peg.4696.site.18, 2, 128, 130
537012.5.peg.4696.site.19, 17, 128, 145
537012.5.peg.4696.site.20, 10, 127, 137
537012.5.peg.4696.site.21, 3, 128, 131
537012.5.peg.4696.site.22, 1, 129, 130
537012.5.peg.4696.site.23, 112, 129, 241
537012.5.peg.4696.site.24, 2, 127, 129
537012.5.peg.4696.site.25, 9, 127, 136
537012.5.peg.4696.site.26, 5, 127, 132
537012.5.peg.4696.site.27, 71, 127, 198
537012.5.peg.4696.site.28, 9, 128, 137
537012.5.peg.4696.site.29, 2, 130, 132
537012.5.peg.4696.site.30, 10, 129, 139
537012.5.peg.4696.site.31, 4, 130, 134
537012.5.peg.4696.site.32, 0, 129, 129
537012.5.peg.4691.site.1, 8, 121, 129
537012.5.peg.4691.site.2, 2, 122, 124
537012.5.peg.4691.site.3, 0, 123, 123
537012.5.peg.4691.site.4, 9, 122, 131
537012.5.peg.4691.site.5, 3, 123, 126
537012.5.peg.4691.site.6, 1, 123, 124
537012.5.peg.4691.site.7, 2, 123, 125
537012.5.peg.4691.site.8, 0, 122, 122
537012.5.peg.4691.site.9, 30, 122, 152
537012.5.peg.4691.site.10, 0, 122, 122
537012.5.peg.4691.site.11, 3, 123, 126
537012.5.peg.4690.site.1, 1, 122, 123
537012.5.peg.4690.site.2, 1, 123, 124
537012.5.peg.4690.site.3, 0, 123, 123
537012.5.peg.1037.site.1, 0, 124, 124
537012.5.peg.1037.site.2, 5, 123, 128
537012.5.peg.1037.site.3, 0, 122, 122
537012.5.peg.1037.site.4, 1, 125, 126
537012.5.peg.1037.site.5, 5, 124, 129
537012.5.peg.1037.site.6, 17, 120, 137
537012.5.peg.1037.site.7, 2, 122, 124
537012.5.peg.1037.site.8, 0, 123, 123
537012.5.peg.1037.site.9, 6, 118, 124
537012.5.peg.1037.site.10, 3, 117, 120
537012.5.peg.1037.site.11, 0, 118, 118
537012.5.peg.1037.site.12, 13, 117, 130
537012.5.peg.1037.site.13, 1, 119, 120
537012.5.peg.1037.site.14, 24, 118, 142
537012.5.peg.1037.site.15, 2, 120, 122
537012.5.peg.1037.site.16, 92, 116, 208
537012.5.peg.1037.site.17, 1, 120, 121
537012.5.peg.1037.site.18, 2, 118, 120
537012.5.peg.1037.site.19, 3, 118, 121
537012.5.peg.1037.site.20, 3, 118, 121
537012.5.peg.1037.site.21, 6, 117, 123
537012.5.peg.1037.site.22, 2, 121, 123
537012.5.peg.1037.site.23, 2, 115, 117
537012.5.peg.1037.site.24, 1, 119, 120
537012.5.peg.1037.site.25, 7, 122, 129
537012.5.peg.1037.site.26, 2, 124, 126
537012.5.peg.1037.site.27, 2, 124, 126
537012.5.peg.1037.site.28, 0, 123, 123
537012.5.peg.1037.site.29, 0, 121, 121
537012.5.peg.1037.site.30, 18, 120, 138
537012.5.peg.1037.site.31, 6, 113, 119
537012.5.peg.1037.site.32, 2, 112, 114
537012.5.peg.1037.site.33, 23, 107, 130
537012.5.peg.1037.site.34, 25, 107, 132
537012.5.peg.1037.site.35, 1, 106, 107
537012.5.peg.1037.site.36, 2, 108, 110
537012.5.peg.1037.site.37, 25, 107, 132
537012.5.peg.1037.site.38, 2, 107, 109
537012.5.peg.1037.site.39, 10, 105, 115
537012.5.peg.1037.site.40, 2, 100, 102
537012.5.peg.1037.site.41, 0, 110, 110
537012.5.peg.1037.site.42, 2, 111, 113
537012.5.peg.1037.site.43, 3, 112, 115
537012.5.peg.1037.site.44, 2, 113, 115
537012.5.peg.1037.site.45, 29, 115, 144
537012.5.peg.1037.site.46, 13, 112, 125
537012.5.peg.1037.site.47, 110, 112, 222
537012.5.peg.1037.site.48, 14, 109, 123
537012.5.peg.1037.site.49, 0, 95, 95
537012.5.peg.1037.site.50, 11, 93, 104
537012.5.peg.1037.site.51, 10, 91, 101
537012.5.peg.1037.site.52, 1, 97, 98
537012.5.peg.1037.site.53, 10, 102, 112
537012.5.peg.1037.site.54, 19, 100, 119
537012.5.peg.1037.site.55, 6, 104, 110
537012.5.peg.1037.site.56, 4, 105, 109
537012.5.peg.1037.site.57, 1, 120, 121
537012.5.peg.1037.site.58, 2, 118, 120
537012.5.peg.1034.site.1, 1, 112, 113
537012.5.peg.1034.site.2, 0, 112, 112
537012.5.peg.1034.site.3, 1, 113, 114
537012.5.peg.1034.site.4, 1, 114, 115
537012.5.peg.1034.site.5, 5, 118, 123
537012.5.peg.1034.site.6, 0, 118, 118
537012.5.peg.1034.site.7, 8, 118, 126
537012.5.peg.1034.site.8, 1, 120, 121
537012.5.peg.1034.site.9, 3, 115, 118
537012.5.peg.1034.site.10, 30, 114, 144
537012.5.peg.1034.site.11, 1, 113, 114
537012.5.peg.1034.site.12, 0, 113, 113
537012.5.peg.1034.site.13, 1, 112, 113
537012.5.peg.1034.site.14, 1, 113, 114
537012.5.peg.1034.site.15, 18, 130, 148
537012.5.peg.1034.site.16, 62, 130, 192
537012.5.peg.1034.site.17, 0, 130, 130
537012.5.peg.1034.site.18, 1, 130, 131
537012.5.peg.1034.site.19, 16, 130, 146
537012.5.peg.1034.site.20, 30, 130, 160
537012.5.peg.1034.site.21, 1, 129, 130
537012.5.peg.1034.site.22, 0, 130, 130
537012.5.peg.1034.site.23, 29, 130, 159
537012.5.peg.1034.site.24, 18, 130, 148
537012.5.peg.1034.site.25, 13, 130, 143
537012.5.peg.1034.site.26, 1, 129, 130
537012.5.peg.1034.site.27, 0, 132, 132
537012.5.peg.1034.site.28, 1, 134, 135
537012.5.peg.1034.site.29, 4, 132, 136
537012.5.peg.1034.site.30, 4, 133, 137
537012.5.peg.1034.site.31, 2, 131, 133
537012.5.peg.4692.site.1, 2, 123, 125
537012.5.peg.4692.site.2, 2, 124, 126
537012.5.peg.4692.site.3, 1, 124, 125
537012.5.peg.4692.site.4, 1, 124, 125
537012.5.peg.4692.site.5, 2, 124, 126
537012.5.peg.4692.site.6, 9, 127, 136
537012.5.peg.4692.site.7, 4, 131, 135
537012.5.peg.4692.site.8, 34, 131, 165
537012.5.peg.4692.site.9, 3, 133, 136
537012.5.peg.4692.site.10, 46, 133, 179
537012.5.peg.4692.site.11, 14, 132, 146
537012.5.peg.4692.site.12, 4, 133, 137
537012.5.peg.4692.site.13, 12, 132, 144
537012.5.peg.4692.site.14, 14, 132, 146
537012.5.peg.4692.site.15, 4, 133, 137
537012.5.peg.4692.site.16, 0, 133, 133
537012.5.peg.4692.site.17, 1, 133, 134
537012.5.peg.4692.site.18, 4, 129, 133
537012.5.peg.4692.site.19, 7, 129, 136
537012.5.peg.4692.site.20, 3, 132, 135
537012.5.peg.4692.site.21, 7, 130, 137
537012.5.peg.4692.site.22, 4, 130, 134
537012.5.peg.4692.site.23, 1, 132, 133
537012.5.peg.4692.site.24, 4, 132, 136
537012.5.peg.4692.site.25, 2, 133, 135
537012.5.peg.4692.site.26, 5, 130, 135
537012.5.peg.4692.site.27, 55, 129, 184
537012.5.peg.4692.site.28, 13, 131, 144
537012.5.peg.4692.site.29, 8, 133, 141
537012.5.peg.4692.site.30, 0, 132, 132
537012.5.peg.4692.site.31, 3, 132, 135
537012.5.peg.4692.site.32, 9, 131, 140
537012.5.peg.4692.site.33, 3, 133, 136
537012.5.peg.4692.site.34, 83, 132, 215
537012.5.peg.4692.site.35, 72, 133, 205
537012.5.peg.4692.site.36, 16, 129, 145
537012.5.peg.4692.site.37, 12, 131, 143
537012.5.peg.1030.site.1, 2, 129, 131
537012.5.peg.1030.site.2, 6, 122, 128
537012.5.peg.1030.site.3, 8, 131, 139
537012.5.peg.1030.site.4, 2, 129, 131
537012.5.peg.1030.site.5, 9, 132, 141
537012.5.peg.1030.site.6, 67, 129, 196
537012.5.peg.1030.site.7, 2, 129, 131
537012.5.peg.1030.site.8, 2, 127, 129
537012.5.peg.1030.site.9, 2, 127, 129
537012.5.peg.1030.site.10, 2, 127, 129
537012.5.peg.1030.site.11, 1, 127, 128
537012.5.peg.1030.site.12, 1, 126, 127
537012.5.peg.1103.site.1, 20, 130, 150
537012.5.peg.1103.site.2, 8, 129, 137
537012.5.peg.1103.site.3, 8, 130, 138
537012.5.peg.1103.site.4, 63, 128, 191
537012.5.peg.1103.site.5, 2, 131, 133
537012.5.peg.1103.site.6, 14, 131, 145
537012.5.peg.1103.site.7, 20, 131, 151
537012.5.peg.1103.site.8, 6, 131, 137
537012.5.peg.1103.site.9, 58, 130, 188
537012.5.peg.1103.site.10, 32, 131, 163
537012.5.peg.1103.site.11, 11, 130, 141
537012.5.peg.1103.site.12, 1, 131, 132
537012.5.peg.1103.site.13, 5, 130, 135
537012.5.peg.1103.site.14, 8, 130, 138
537012.5.peg.1103.site.15, 2, 131, 133
537012.5.peg.1103.site.16, 44, 130, 174
537012.5.peg.1103.site.17, 5, 129, 134
537012.5.peg.1103.site.18, 0, 129, 129
537012.5.peg.1103.site.19, 4, 128, 132
537012.5.peg.1103.site.20, 56, 127, 183
537012.5.peg.1103.site.21, 16, 130, 146
537012.5.peg.1103.site.22, 13, 131, 144
537012.5.peg.1103.site.23, 1, 131, 132
537012.5.peg.1103.site.24, 44, 128, 172
537012.5.peg.1103.site.25, 56, 130, 186
537012.5.peg.1103.site.26, 4, 129, 133
537012.5.peg.1103.site.27, 42, 127, 169
537012.5.peg.1103.site.28, 3, 130, 133
537012.5.peg.1103.site.29, 62, 128, 190
537012.5.peg.1103.site.30, 1, 129, 130
537012.5.peg.1103.site.31, 76, 130, 206
537012.5.peg.1103.site.32, 5, 131, 136
537012.5.peg.1103.site.33, 16, 131, 147
537012.5.peg.1103.site.34, 6, 129, 135
537012.5.peg.1103.site.35, 21, 130, 151
537012.5.peg.1103.site.36, 10, 129, 139
537012.5.peg.1103.site.37, 11, 130, 141
537012.5.peg.1103.site.38, 2, 131, 133
537012.5.peg.1103.site.39, 25, 131, 156
537012.5.peg.1103.site.40, 16, 130, 146
537012.5.peg.1103.site.41, 17, 131, 148
537012.5.peg.1103.site.42, 8, 131, 139
537012.5.peg.1103.site.43, 14, 129, 143
537012.5.peg.1103.site.44, 42, 130, 172
537012.5.peg.1103.site.45, 60, 129, 189
537012.5.peg.1103.site.46, 2, 106, 108
537012.5.peg.1101.site.1, 2, 120, 122
537012.5.peg.1101.site.2, 1, 120, 121
537012.5.peg.1101.site.3, 1, 116, 117
537012.5.peg.1101.site.4, 3, 120, 123
537012.5.peg.1101.site.5, 4, 121, 125
537012.5.peg.1101.site.6, 2, 129, 131
537012.5.peg.1101.site.7, 3, 126, 129
537012.5.peg.1101.site.8, 21, 126, 147
537012.5.peg.1101.site.9, 0, 119, 119
537012.5.peg.1101.site.10, 6, 127, 133
537012.5.peg.1101.site.11, 37, 128, 165
537012.5.peg.1101.site.12, 13, 123, 136
537012.5.peg.1101.site.13, 85, 127, 212
537012.5.peg.1101.site.14, 19, 128, 147
537012.5.peg.1101.site.15, 13, 127, 140
537012.5.peg.1101.site.16, 14, 128, 142
537012.5.peg.1101.site.17, 9, 129, 138
537012.5.peg.1101.site.18, 1, 126, 127
537012.5.peg.1101.site.19, 17, 123, 140
537012.5.peg.1101.site.20, 6, 123, 129
537012.5.peg.1101.site.21, 6, 121, 127
537012.5.peg.1101.site.22, 14, 120, 134
537012.5.peg.1101.site.23, 3, 122, 125
537012.5.peg.1101.site.24, 3, 122, 125
537012.5.peg.1101.site.25, 2, 126, 128
537012.5.peg.1101.site.26, 6, 128, 134
537012.5.peg.1101.site.27, 2, 129, 131
537012.5.peg.1101.site.28, 3, 128, 131
537012.5.peg.1101.site.29, 20, 125, 145
537012.5.peg.1101.site.30, 11, 128, 139
537012.5.peg.1101.site.31, 5, 127, 132
537012.5.peg.1101.site.32, 97, 130, 227
537012.5.peg.1101.site.33, 4, 130, 134
537012.5.peg.1101.site.34, 85, 130, 215
537012.5.peg.1101.site.35, 5, 130, 135
537012.5.peg.1101.site.36, 5, 130, 135
537012.5.peg.1101.site.37, 129, 131, 260
537012.5.peg.1101.site.38, 14, 129, 143
537012.5.peg.1101.site.39, 21, 130, 151
537012.5.peg.1101.site.40, 2, 130, 132
537012.5.peg.1101.site.41, 1, 128, 129
537012.5.peg.1101.site.42, 34, 128, 162
537012.5.peg.1101.site.43, 1, 129, 130
537012.5.peg.1101.site.44, 4, 130, 134
537012.5.peg.1101.site.45, 8, 128, 136
537012.5.peg.1101.site.46, 4, 128, 132
537012.5.peg.1101.site.47, 11, 129, 140
537012.5.peg.1101.site.48, 4, 128, 132
537012.5.peg.1101.site.49, 4, 129, 133
537012.5.peg.1101.site.50, 1, 131, 132
537012.5.peg.1101.site.51, 1, 131, 132
537012.5.peg.1101.site.52, 124, 131, 255
537012.5.peg.1101.site.53, 11, 131, 142
537012.5.peg.1101.site.54, 3, 131, 134
537012.5.peg.1101.site.55, 29, 131, 160
537012.5.peg.1101.site.56, 1, 130, 131
537012.5.peg.1101.site.57, 3, 131, 134
537012.5.peg.1101.site.58, 2, 131, 133
537012.5.peg.1101.site.59, 4, 128, 132
537012.5.peg.1101.site.60, 2, 130, 132
537012.5.peg.1101.site.61, 39, 128, 167
537012.5.peg.1101.site.62, 4, 128, 132
537012.5.peg.1101.site.63, 11, 130, 141
537012.5.peg.1101.site.64, 84, 130, 214
537012.5.peg.1101.site.65, 11, 130, 141
537012.5.peg.1101.site.66, 35, 127, 162
537012.5.peg.1101.site.67, 1, 130, 131
537012.5.peg.1101.site.68, 7, 130, 137
537012.5.peg.1101.site.69, 21, 130, 151
537012.5.peg.1101.site.70, 10, 130, 140
537012.5.peg.1101.site.71, 10, 130, 140
537012.5.peg.1101.site.72, 11, 131, 142
537012.5.peg.1101.site.73, 24, 130, 154
537012.5.peg.1101.site.74, 1, 130, 131
537012.5.peg.1101.site.75, 4, 128, 132
537012.5.peg.1101.site.76, 3, 130, 133
537012.5.peg.1101.site.77, 3, 129, 132
537012.5.peg.1101.site.78, 39, 131, 170
537012.5.peg.1101.site.79, 1, 131, 132
537012.5.peg.1101.site.80, 4, 129, 133
537012.5.peg.1101.site.81, 23, 131, 154
537012.5.peg.1101.site.82, 7, 130, 137
537012.5.peg.1101.site.83, 4, 131, 135
537012.5.peg.1101.site.84, 9, 129, 138
537012.5.peg.1101.site.85, 3, 131, 134
537012.5.peg.1101.site.86, 3, 131, 134
537012.5.peg.1101.site.87, 78, 131, 209
537012.5.peg.1101.site.88, 34, 131, 165
537012.5.peg.1101.site.89, 61, 129, 190
537012.5.peg.1101.site.90, 34, 131, 165
537012.5.peg.1101.site.91, 15, 129, 144
537012.5.peg.1101.site.92, 15, 129, 144
537012.5.peg.1101.site.93, 3, 131, 134
537012.5.peg.1101.site.94, 4, 129, 133
537012.5.peg.1101.site.95, 3, 131, 134
537012.5.peg.1101.site.96, 10, 131, 141
537012.5.peg.1101.site.97, 5, 131, 136
537012.5.peg.1101.site.98, 1, 131, 132
537012.5.peg.1101.site.99, 5, 131, 136
537012.5.peg.1101.site.100, 2, 131, 133
537012.5.peg.1101.site.101, 3, 91, 94
537012.5.peg.1101.site.102, 23, 68, 91
537012.5.peg.1101.site.103, 62, 63, 125
537012.5.peg.3852.site.1, 6, 131, 137
537012.5.peg.3852.site.2, 2, 134, 136
537012.5.peg.3852.site.3, 6, 132, 138
537012.5.peg.3852.site.4, 6, 134, 140
537012.5.peg.3852.site.5, 4, 131, 135
537012.5.peg.3852.site.6, 2, 129, 131
537012.5.peg.3852.site.7, 1, 128, 129
537012.5.peg.3852.site.8, 2, 129, 131
537012.5.peg.3852.site.9, 19, 128, 147
537012.5.peg.3852.site.10, 2, 129, 131
537012.5.peg.3852.site.11, 5, 130, 135
537012.5.peg.3852.site.12, 4, 131, 135
537012.5.peg.3852.site.13, 3, 130, 133
537012.5.peg.3852.site.14, 4, 130, 134
537012.5.peg.3852.site.15, 2, 132, 134
537012.5.peg.3852.site.16, 4, 131, 135
537012.5.peg.3852.site.17, 2, 128, 130
537012.5.peg.3852.site.18, 23, 128, 151
537012.5.peg.3852.site.19, 0, 126, 126
537012.5.peg.3852.site.20, 125, 127, 252
537012.5.peg.3852.site.21, 2, 125, 127
537012.5.peg.3852.site.22, 5, 126, 131
537012.5.peg.3852.site.23, 1, 124, 125
537012.5.peg.3852.site.24, 56, 122, 178
537012.5.peg.3852.site.25, 6, 126, 132
537012.5.peg.3852.site.26, 7, 125, 132
537012.5.peg.3852.site.27, 28, 127, 155
537012.5.peg.3852.site.28, 19, 129, 148
537012.5.peg.3852.site.29, 60, 132, 192
537012.5.peg.3852.site.30, 6, 132, 138
537012.5.peg.3852.site.31, 3, 133, 136
537012.5.peg.3852.site.32, 2, 127, 129
537012.5.peg.3852.site.33, 1, 127, 128
537012.5.peg.3852.site.34, 20, 130, 150
537012.5.peg.3852.site.35, 1, 129, 130
537012.5.peg.3852.site.36, 22, 126, 148
537012.5.peg.3852.site.37, 4, 124, 128
537012.5.peg.3852.site.38, 1, 121, 122
537012.5.peg.3852.site.39, 15, 88, 103
537012.5.peg.3852.site.40, 8, 89, 97
537012.5.peg.1322.site.1, 1, 113, 114
537012.5.peg.1322.site.2, 2, 117, 119
537012.5.peg.1322.site.3, 4, 129, 133
537012.5.peg.1322.site.4, 4, 131, 135
537012.5.peg.1322.site.5, 5, 132, 137
537012.5.peg.1322.site.6, 7, 133, 140
537012.5.peg.1322.site.7, 7, 133, 140
537012.5.peg.1322.site.8, 9, 129, 138
537012.5.peg.1322.site.9, 3, 129, 132
537012.5.peg.1322.site.10, 4, 125, 129
537012.5.peg.1322.site.11, 0, 126, 126
537012.5.peg.1322.site.12, 1, 127, 128
537012.5.peg.1322.site.13, 4, 127, 131
537012.5.peg.1322.site.14, 4, 125, 129
537012.5.peg.1322.site.15, 1, 129, 130
537012.5.peg.1322.site.16, 25, 127, 152
537012.5.peg.1322.site.17, 0, 127, 127
537012.5.peg.1322.site.18, 109, 128, 237
537012.5.peg.1322.site.19, 0, 129, 129
537012.5.peg.1322.site.20, 5, 129, 134
537012.5.peg.1322.site.21, 1, 126, 127
537012.5.peg.1322.site.22, 5, 125, 130
537012.5.peg.1322.site.23, 8, 130, 138
537012.5.peg.1322.site.24, 4, 131, 135
537012.5.peg.1322.site.25, 0, 133, 133
537012.5.peg.1322.site.26, 9, 129, 138
537012.5.peg.998.site.1, 6, 128, 134
537012.5.peg.998.site.2, 23, 127, 150
537012.5.peg.998.site.3, 1, 128, 129
537012.5.peg.998.site.4, 8, 130, 138
537012.5.peg.998.site.5, 2, 130, 132
537012.5.peg.998.site.6, 2, 130, 132
537012.5.peg.998.site.7, 7, 130, 137
537012.5.peg.998.site.8, 9, 130, 139
537012.5.peg.998.site.9, 44, 132, 176
537012.5.peg.998.site.10, 37, 132, 169
537012.5.peg.998.site.11, 110, 131, 241
537012.5.peg.998.site.12, 1, 129, 130
537012.5.peg.998.site.13, 3, 128, 131
537012.5.peg.998.site.14, 3, 131, 134
537012.5.peg.998.site.15, 0, 129, 129
537012.5.peg.998.site.16, 20, 130, 150
537012.5.peg.998.site.17, 3, 132, 135
537012.5.peg.998.site.18, 3, 134, 137
537012.5.peg.998.site.19, 74, 133, 207
537012.5.peg.998.site.20, 3, 132, 135
537012.5.peg.998.site.21, 10, 129, 139
537012.5.peg.998.site.22, 2, 133, 135
537012.5.peg.998.site.23, 3, 130, 133
537012.5.peg.998.site.24, 5, 133, 138
537012.5.peg.998.site.25, 7, 132, 139
537012.5.peg.998.site.26, 13, 130, 143
537012.5.peg.998.site.27, 38, 129, 167
537012.5.peg.998.site.28, 1, 131, 132
537012.5.peg.998.site.29, 1, 130, 131
537012.5.peg.998.site.30, 0, 128, 128
537012.5.peg.998.site.31, 1, 130, 131
537012.5.peg.998.site.32, 7, 129, 136
537012.5.peg.998.site.33, 0, 129, 129
537012.5.peg.998.site.34, 7, 130, 137
537012.5.peg.998.site.35, 1, 129, 130
537012.5.peg.998.site.36, 1, 129, 130
537012.5.peg.998.site.37, 111, 130, 241
537012.5.peg.998.site.38, 1, 129, 130
537012.5.peg.998.site.39, 23, 133, 156
537012.5.peg.998.site.40, 11, 133, 144
537012.5.peg.998.site.41, 3, 132, 135
537012.5.peg.998.site.42, 8, 130, 138
537012.5.peg.998.site.43, 2, 130, 132
537012.5.peg.998.site.44, 8, 129, 137
537012.5.peg.998.site.45, 1, 129, 130
537012.5.peg.998.site.46, 21, 130, 151
537012.5.peg.998.site.47, 1, 129, 130
537012.5.peg.998.site.48, 1, 129, 130
537012.5.peg.998.site.49, 40, 128, 168
537012.5.peg.998.site.50, 1, 129, 130
537012.5.peg.998.site.51, 1, 130, 131
537012.5.peg.1320.site.1, 3, 130, 133
537012.5.peg.1320.site.2, 1, 130, 131
537012.5.peg.1320.site.3, 2, 131, 133
537012.5.peg.1320.site.4, 17, 133, 150
537012.5.peg.1320.site.5, 4, 132, 136
537012.5.peg.1320.site.6, 112, 132, 244
537012.5.peg.1320.site.7, 4, 131, 135
537012.5.peg.1320.site.8, 13, 133, 146
537012.5.peg.1320.site.9, 8, 134, 142
537012.5.peg.1320.site.10, 114, 133, 247
537012.5.peg.1320.site.11, 1, 132, 133
537012.5.peg.1321.site.1, 30, 130, 160
537012.5.peg.1321.site.2, 1, 130, 131
537012.5.peg.1321.site.3, 1, 129, 130
537012.5.peg.1321.site.4, 1, 130, 131
537012.5.peg.1321.site.5, 1, 130, 131
537012.5.peg.1321.site.6, 1, 129, 130
537012.5.peg.1321.site.7, 1, 130, 131
537012.5.peg.1321.site.8, 31, 130, 161
537012.5.peg.1321.site.9, 25, 130, 155
537012.5.peg.1321.site.10, 17, 130, 147
537012.5.peg.1321.site.11, 1, 130, 131
537012.5.peg.1321.site.12, 1, 130, 131
537012.5.peg.1321.site.13, 1, 130, 131
537012.5.peg.1321.site.14, 9, 134, 143
537012.5.peg.1321.site.15, 4, 131, 135
537012.5.peg.1321.site.16, 1, 132, 133
537012.5.peg.1321.site.17, 71, 129, 200
537012.5.peg.1321.site.18, 5, 130, 135
537012.5.peg.1321.site.19, 30, 129, 159
537012.5.peg.1321.site.20, 5, 131, 136
537012.5.peg.1321.site.21, 4, 133, 137
537012.5.peg.1321.site.22, 1, 134, 135
537012.5.peg.1321.site.23, 5, 134, 139
537012.5.peg.1321.site.24, 1, 133, 134
537012.5.peg.1321.site.25, 93, 133, 226
537012.5.peg.1321.site.26, 3, 130, 133
537012.5.peg.1321.site.27, 7, 127, 134
537012.5.peg.1321.site.28, 31, 122, 153
537012.5.peg.1321.site.29, 40, 122, 162
537012.5.peg.1321.site.30, 110, 129, 239
537012.5.peg.1321.site.31, 68, 130, 198
537012.5.peg.1321.site.32, 82, 129, 211
537012.5.peg.1321.site.33, 31, 127, 158
537012.5.peg.1321.site.34, 33, 130, 163
537012.5.peg.1321.site.35, 1, 129, 130
537012.5.peg.1321.site.36, 120, 130, 250
537012.5.peg.1321.site.37, 1, 128, 129
537012.5.peg.1321.site.38, 22, 131, 153
537012.5.peg.1321.site.39, 5, 131, 136
537012.5.peg.1321.site.40, 4, 130, 134
537012.5.peg.1321.site.41, 2, 128, 130
537012.5.peg.1321.site.42, 4, 130, 134
537012.5.peg.1321.site.43, 1, 134, 135
537012.5.peg.1321.site.44, 3, 130, 133
537012.5.peg.1321.site.45, 1, 134, 135
537012.5.peg.1321.site.46, 1, 134, 135
537012.5.peg.1321.site.47, 7, 134, 141
537012.5.peg.1321.site.48, 1, 134, 135
537012.5.peg.1321.site.49, 0, 134, 134
537012.5.peg.1321.site.50, 4, 130, 134
537012.5.peg.1321.site.51, 80, 116, 196
537012.5.peg.1326.site.1, 19, 124, 143
537012.5.peg.1326.site.2, 43, 125, 168
537012.5.peg.1326.site.3, 30, 127, 157
537012.5.peg.1326.site.4, 2, 128, 130
537012.5.peg.1326.site.5, 8, 129, 137
537012.5.peg.1326.site.6, 8, 129, 137
537012.5.peg.1326.site.7, 19, 132, 151
537012.5.peg.1326.site.8, 8, 133, 141
537012.5.peg.1326.site.9, 1, 134, 135
537012.5.peg.1326.site.10, 1, 134, 135
537012.5.peg.1326.site.11, 9, 133, 142
537012.5.peg.1326.site.12, 4, 134, 138
537012.5.peg.1326.site.13, 19, 132, 151
537012.5.peg.1326.site.14, 41, 133, 174
537012.5.peg.1326.site.15, 4, 131, 135
537012.5.peg.1326.site.16, 103, 130, 233
537012.5.peg.1326.site.17, 30, 132, 162
537012.5.peg.1326.site.18, 9, 127, 136
537012.5.peg.1326.site.19, 20, 124, 144
537012.5.peg.1326.site.20, 20, 124, 144
537012.5.peg.1326.site.21, 9, 128, 137
537012.5.peg.1326.site.22, 4, 129, 133
537012.5.peg.1326.site.23, 10, 130, 140
537012.5.peg.1326.site.24, 12, 131, 143
537012.5.peg.1326.site.25, 0, 134, 134
537012.5.peg.1326.site.26, 14, 133, 147
537012.5.peg.1326.site.27, 5, 131, 136
537012.5.peg.1326.site.28, 8, 132, 140
537012.5.peg.1326.site.29, 13, 127, 140
537012.5.peg.1326.site.30, 15, 129, 144
537012.5.peg.1326.site.31, 7, 129, 136
537012.5.peg.1326.site.32, 6, 132, 138
537012.5.peg.1326.site.33, 6, 130, 136
537012.5.peg.1326.site.34, 0, 133, 133
537012.5.peg.1326.site.35, 1, 133, 134
537012.5.peg.1326.site.36, 3, 133, 136
537012.5.peg.1326.site.37, 3, 134, 137
537012.5.peg.1326.site.38, 6, 133, 139
537012.5.peg.1326.site.39, 4, 133, 137
537012.5.peg.1326.site.40, 42, 134, 176
537012.5.peg.1326.site.41, 3, 133, 136
537012.5.peg.1326.site.42, 9, 134, 143
537012.5.peg.1326.site.43, 58, 131, 189
537012.5.peg.1326.site.44, 70, 133, 203
537012.5.peg.1326.site.45, 1, 134, 135
537012.5.peg.1326.site.46, 3, 131, 134
537012.5.peg.1326.site.47, 13, 134, 147
537012.5.peg.1326.site.48, 1, 134, 135
537012.5.peg.1326.site.49, 1, 134, 135
537012.5.peg.1326.site.50, 3, 131, 134
537012.5.peg.1326.site.51, 3, 131, 134
537012.5.peg.1326.site.52, 7, 131, 138
537012.5.peg.1326.site.53, 4, 134, 138
537012.5.peg.1326.site.54, 8, 134, 142
537012.5.peg.1326.site.55, 3, 134, 137
537012.5.peg.1326.site.56, 5, 134, 139
537012.5.peg.1326.site.57, 4, 134, 138
537012.5.peg.1326.site.58, 7, 134, 141
537012.5.peg.1327.site.1, 4, 132, 136
537012.5.peg.1327.site.2, 1, 134, 135
537012.5.peg.1327.site.3, 13, 134, 147
537012.5.peg.1327.site.4, 9, 132, 141
537012.5.peg.1327.site.5, 4, 133, 137
537012.5.peg.1327.site.6, 5, 132, 137
537012.5.peg.1327.site.7, 80, 131, 211
537012.5.peg.1327.site.8, 17, 134, 151
537012.5.peg.1327.site.9, 18, 132, 150
537012.5.peg.1327.site.10, 8, 134, 142
537012.5.peg.1327.site.11, 4, 134, 138
537012.5.peg.1327.site.12, 15, 134, 149
537012.5.peg.1327.site.13, 1, 126, 127
537012.5.peg.1327.site.14, 3, 122, 125
537012.5.peg.1327.site.15, 3, 122, 125
537012.5.peg.1327.site.16, 8, 123, 131
537012.5.peg.1327.site.17, 4, 123, 127
537012.5.peg.1327.site.18, 29, 123, 152
537012.5.peg.1327.site.19, 37, 125, 162
537012.5.peg.1327.site.20, 18, 128, 146
537012.5.peg.1327.site.21, 1, 133, 134
537012.5.peg.1327.site.22, 10, 130, 140
537012.5.peg.1327.site.23, 5, 131, 136
537012.5.peg.1327.site.24, 15, 131, 146
537012.5.peg.1327.site.25, 1, 131, 132
537012.5.peg.1327.site.26, 46, 129, 175
537012.5.peg.1327.site.27, 5, 130, 135
537012.5.peg.1327.site.28, 10, 131, 141
537012.5.peg.1327.site.29, 5, 130, 135
537012.5.peg.1327.site.30, 5, 130, 135
537012.5.peg.1327.site.31, 2, 133, 135
537012.5.peg.1327.site.32, 3, 133, 136
537012.5.peg.1327.site.33, 1, 133, 134
537012.5.peg.1327.site.34, 5, 133, 138
537012.5.peg.1327.site.35, 6, 133, 139
537012.5.peg.1327.site.36, 9, 134, 143
537012.5.peg.1327.site.37, 5, 131, 136
537012.5.peg.1327.site.38, 1, 130, 131
537012.5.peg.1327.site.39, 87, 131, 218
537012.5.peg.1327.site.40, 23, 130, 153
537012.5.peg.1327.site.41, 3, 130, 133
537012.5.peg.1327.site.42, 1, 131, 132
537012.5.peg.1327.site.43, 1, 131, 132
537012.5.peg.1327.site.44, 17, 131, 148
537012.5.peg.1327.site.45, 6, 130, 136
537012.5.peg.1327.site.46, 22, 129, 151
537012.5.peg.1327.site.47, 6, 129, 135
537012.5.peg.1327.site.48, 2, 131, 133
537012.5.peg.1327.site.49, 4, 131, 135
537012.5.peg.1327.site.50, 2, 132, 134
537012.5.peg.1327.site.51, 1, 131, 132
537012.5.peg.1327.site.52, 4, 131, 135
537012.5.peg.1327.site.53, 0, 129, 129
537012.5.peg.1327.site.54, 4, 131, 135
537012.5.peg.1327.site.55, 1, 131, 132
537012.5.peg.1327.site.56, 4, 129, 133
537012.5.peg.1327.site.57, 4, 129, 133
537012.5.peg.1327.site.58, 4, 129, 133
537012.5.peg.1327.site.59, 3, 128, 131
537012.5.peg.1324.site.1, 4, 132, 136
537012.5.peg.1324.site.2, 11, 134, 145
537012.5.peg.1324.site.3, 4, 134, 138
537012.5.peg.1324.site.4, 3, 134, 137
537012.5.peg.1324.site.5, 1, 131, 132
537012.5.peg.1324.site.6, 9, 130, 139
537012.5.peg.1324.site.7, 2, 127, 129
537012.5.peg.1324.site.8, 6, 127, 133
537012.5.peg.1324.site.9, 49, 127, 176
537012.5.peg.1324.site.10, 3, 129, 132
537012.5.peg.1324.site.11, 3, 129, 132
537012.5.peg.1324.site.12, 10, 130, 140
537012.5.peg.1324.site.13, 9, 130, 139
537012.5.peg.1324.site.14, 3, 129, 132
537012.5.peg.1324.site.15, 20, 128, 148
537012.5.peg.1324.site.16, 25, 128, 153
537012.5.peg.1324.site.17, 10, 126, 136
537012.5.peg.1324.site.18, 3, 125, 128
537012.5.peg.1324.site.19, 6, 124, 130
537012.5.peg.1324.site.20, 64, 119, 183
537012.5.peg.1324.site.21, 3, 120, 123
537012.5.peg.1324.site.22, 17, 124, 141
537012.5.peg.1324.site.23, 3, 122, 125
537012.5.peg.1324.site.24, 6, 123, 129
537012.5.peg.1324.site.25, 1, 125, 126
537012.5.peg.1324.site.26, 2, 124, 126
537012.5.peg.1324.site.27, 13, 127, 140
537012.5.peg.1324.site.28, 2, 126, 128
537012.5.peg.1324.site.29, 1, 127, 128
537012.5.peg.1324.site.30, 17, 127, 144
537012.5.peg.1324.site.31, 3, 119, 122
537012.5.peg.1324.site.32, 2, 116, 118
537012.5.peg.1324.site.33, 2, 121, 123
537012.5.peg.1324.site.34, 2, 124, 126
537012.5.peg.1324.site.35, 9, 118, 127
537012.5.peg.1324.site.36, 2, 112, 114
537012.5.peg.1324.site.37, 12, 86, 98
537012.5.peg.1324.site.38, 1, 83, 84
537012.5.peg.1324.site.39, 78, 80, 158
537012.5.peg.1324.site.40, 4, 83, 87
537012.5.peg.1324.site.41, 9, 89, 98
537012.5.peg.1324.site.42, 9, 97, 106
537012.5.peg.1324.site.43, 1, 106, 107
537012.5.peg.1324.site.44, 13, 132, 145
537012.5.peg.1324.site.45, 3, 132, 135
537012.5.peg.1324.site.46, 1, 132, 133
537012.5.peg.1325.site.1, 16, 127, 143
537012.5.peg.1325.site.2, 3, 129, 132
537012.5.peg.1325.site.3, 3, 130, 133
537012.5.peg.1325.site.4, 71, 133, 204
537012.5.peg.1325.site.5, 1, 133, 134
537012.5.peg.1325.site.6, 10, 134, 144
537012.5.peg.1325.site.7, 1, 133, 134
537012.5.peg.1325.site.8, 11, 133, 144
537012.5.peg.1325.site.9, 1, 134, 135
537012.5.peg.1325.site.10, 21, 132, 153
537012.5.peg.1325.site.11, 3, 134, 137
537012.5.peg.1325.site.12, 3, 134, 137
537012.5.peg.1325.site.13, 5, 133, 138
537012.5.peg.1325.site.14, 16, 133, 149
537012.5.peg.1325.site.15, 121, 132, 253
537012.5.peg.1325.site.16, 1, 133, 134
537012.5.peg.1325.site.17, 17, 134, 151
537012.5.peg.1325.site.18, 25, 132, 157
537012.5.peg.1325.site.19, 5, 133, 138
537012.5.peg.1325.site.20, 1, 134, 135
537012.5.peg.1325.site.21, 0, 131, 131
537012.5.peg.1325.site.22, 0, 127, 127
537012.5.peg.1325.site.23, 1, 127, 128
537012.5.peg.1325.site.24, 3, 124, 127
537012.5.peg.335.site.1, 8, 129, 137
537012.5.peg.335.site.2, 0, 128, 128
537012.5.peg.335.site.3, 4, 131, 135
537012.5.peg.335.site.4, 0, 132, 132
537012.5.peg.335.site.5, 3, 121, 124
537012.5.peg.335.site.6, 2, 109, 111
537012.5.peg.335.site.7, 0, 113, 113
537012.5.peg.335.site.8, 6, 121, 127
537012.5.peg.335.site.9, 0, 125, 125
537012.5.peg.335.site.10, 14, 126, 140
537012.5.peg.335.site.11, 7, 129, 136
537012.5.peg.335.site.12, 3, 130, 133
537012.5.peg.335.site.13, 4, 128, 132
537012.5.peg.335.site.14, 1, 126, 127
537012.5.peg.335.site.15, 0, 125, 125
537012.5.peg.335.site.16, 4, 124, 128
537012.5.peg.335.site.17, 9, 124, 133
537012.5.peg.335.site.18, 1, 124, 125
537012.5.peg.335.site.19, 10, 123, 133
537012.5.peg.335.site.20, 1, 123, 124
537012.5.peg.335.site.21, 29, 122, 151
537012.5.peg.335.site.22, 2, 123, 125
537012.5.peg.335.site.23, 1, 123, 124
537012.5.peg.335.site.24, 2, 124, 126
537012.5.peg.335.site.25, 10, 125, 135
537012.5.peg.335.site.26, 2, 124, 126
537012.5.peg.335.site.27, 1, 124, 125
537012.5.peg.335.site.28, 1, 121, 122
537012.5.peg.335.site.29, 0, 121, 121
537012.5.peg.335.site.30, 12, 125, 137
537012.5.peg.335.site.31, 33, 126, 159
537012.5.peg.335.site.32, 3, 129, 132
537012.5.peg.335.site.33, 4, 126, 130
537012.5.peg.335.site.34, 3, 129, 132
537012.5.peg.335.site.35, 1, 131, 132
537012.5.peg.335.site.36, 1, 127, 128
537012.5.peg.335.site.37, 4, 127, 131
537012.5.peg.335.site.38, 1, 126, 127
537012.5.peg.335.site.39, 6, 123, 129
537012.5.peg.335.site.40, 3, 125, 128
537012.5.peg.335.site.41, 23, 122, 145
537012.5.peg.335.site.42, 3, 124, 127
537012.5.peg.335.site.43, 3, 125, 128
537012.5.peg.335.site.44, 3, 128, 131
537012.5.peg.335.site.45, 5, 128, 133
537012.5.peg.335.site.46, 3, 128, 131
537012.5.peg.335.site.47, 4, 128, 132
537012.5.peg.335.site.48, 0, 127, 127
537012.5.peg.335.site.49, 1, 130, 131
537012.5.peg.335.site.50, 0, 130, 130
537012.5.peg.335.site.51, 1, 131, 132
537012.5.peg.335.site.52, 6, 128, 134
537012.5.peg.335.site.53, 99, 128, 227
537012.5.peg.335.site.54, 3, 125, 128
537012.5.peg.335.site.55, 0, 123, 123
537012.5.peg.335.site.56, 3, 120, 123
537012.5.peg.335.site.57, 3, 118, 121
537012.5.peg.335.site.58, 4, 120, 124
537012.5.peg.335.site.59, 1, 120, 121
537012.5.peg.335.site.60, 3, 121, 124
537012.5.peg.335.site.61, 9, 121, 130
537012.5.peg.335.site.62, 1, 121, 122
537012.5.peg.335.site.63, 2, 122, 124
537012.5.peg.335.site.64, 69, 127, 196
537012.5.peg.335.site.65, 12, 128, 140
537012.5.peg.335.site.66, 2, 129, 131
537012.5.peg.335.site.67, 2, 127, 129
537012.5.peg.335.site.68, 4, 131, 135
537012.5.peg.335.site.69, 10, 131, 141
537012.5.peg.335.site.70, 5, 132, 137
537012.5.peg.335.site.71, 5, 131, 136
537012.5.peg.990.site.1, 0, 122, 122
537012.5.peg.990.site.2, 1, 122, 123
537012.5.peg.990.site.3, 4, 118, 122
537012.5.peg.990.site.4, 0, 129, 129
537012.5.peg.990.site.5, 0, 133, 133
537012.5.peg.990.site.6, 0, 133, 133
537012.5.peg.990.site.7, 0, 133, 133
537012.5.peg.990.site.8, 1, 133, 134
537012.5.peg.990.site.9, 0, 133, 133
537012.5.peg.990.site.10, 36, 132, 168
537012.5.peg.990.site.11, 31, 133, 164
537012.5.peg.990.site.12, 1, 133, 134
537012.5.peg.990.site.13, 2, 133, 135
537012.5.peg.990.site.14, 8, 134, 142
537012.5.peg.990.site.15, 14, 133, 147
537012.5.peg.990.site.16, 3, 133, 136
537012.5.peg.990.site.17, 7, 133, 140
537012.5.peg.990.site.18, 0, 134, 134
537012.5.peg.990.site.19, 41, 131, 172
537012.5.peg.990.site.20, 21, 130, 151
537012.5.peg.990.site.21, 2, 134, 136
537012.5.peg.990.site.22, 5, 133, 138
537012.5.peg.990.site.23, 2, 134, 136
537012.5.peg.990.site.24, 5, 133, 138
537012.5.peg.990.site.25, 1, 134, 135
537012.5.peg.990.site.26, 5, 132, 137
537012.5.peg.990.site.27, 3, 131, 134
537012.5.peg.990.site.28, 1, 134, 135
537012.5.peg.990.site.29, 4, 132, 136
537012.5.peg.990.site.30, 1, 133, 134
537012.5.peg.990.site.31, 6, 134, 140
537012.5.peg.990.site.32, 3, 134, 137
537012.5.peg.990.site.33, 6, 134, 140
537012.5.peg.990.site.34, 6, 132, 138
537012.5.peg.990.site.35, 7, 134, 141
537012.5.peg.990.site.36, 8, 133, 141
537012.5.peg.990.site.37, 13, 133, 146
537012.5.peg.990.site.38, 4, 134, 138
537012.5.peg.990.site.39, 1, 134, 135
537012.5.peg.990.site.40, 46, 134, 180
537012.5.peg.990.site.41, 1, 134, 135
537012.5.peg.990.site.42, 2, 134, 136
537012.5.peg.990.site.43, 2, 134, 136
537012.5.peg.990.site.44, 1, 116, 117
537012.5.peg.990.site.45, 1, 115, 116
537012.5.peg.1328.site.1, 7, 128, 135
537012.5.peg.1328.site.2, 67, 130, 197
537012.5.peg.1328.site.3, 5, 134, 139
537012.5.peg.1328.site.4, 16, 132, 148
537012.5.peg.1328.site.5, 1, 134, 135
537012.5.peg.1328.site.6, 9, 134, 143
537012.5.peg.1328.site.7, 22, 134, 156
537012.5.peg.1328.site.8, 5, 132, 137
537012.5.peg.1328.site.9, 5, 132, 137
537012.5.peg.1328.site.10, 11, 134, 145
537012.5.peg.1328.site.11, 12, 134, 146
537012.5.peg.1328.site.12, 1, 134, 135
537012.5.peg.1328.site.13, 1, 134, 135
537012.5.peg.1328.site.14, 6, 134, 140
537012.5.peg.1328.site.15, 2, 134, 136
537012.5.peg.1328.site.16, 19, 133, 152
537012.5.peg.1328.site.17, 10, 132, 142
537012.5.peg.1328.site.18, 4, 134, 138
537012.5.peg.1328.site.19, 4, 134, 138
537012.5.peg.1328.site.20, 69, 133, 202
537012.5.peg.1328.site.21, 5, 131, 136
537012.5.peg.1328.site.22, 10, 132, 142
537012.5.peg.1328.site.23, 37, 132, 169
537012.5.peg.1328.site.24, 65, 132, 197
537012.5.peg.1328.site.25, 2, 133, 135
537012.5.peg.1328.site.26, 2, 134, 136
537012.5.peg.1328.site.27, 4, 134, 138
537012.5.peg.1328.site.28, 4, 134, 138
537012.5.peg.1328.site.29, 3, 134, 137
537012.5.peg.1328.site.30, 1, 134, 135
537012.5.peg.1328.site.31, 2, 132, 134
537012.5.peg.1329.site.1, 1, 130, 131
537012.5.peg.1329.site.2, 17, 127, 144
537012.5.peg.1329.site.3, 12, 129, 141
537012.5.peg.1329.site.4, 11, 128, 139
537012.5.peg.1329.site.5, 5, 129, 134
537012.5.peg.1329.site.6, 17, 129, 146
537012.5.peg.1329.site.7, 1, 130, 131
537012.5.peg.1329.site.8, 1, 130, 131
537012.5.peg.1329.site.9, 2, 130, 132
537012.5.peg.1329.site.10, 1, 130, 131
537012.5.peg.1329.site.11, 6, 128, 134
537012.5.peg.1329.site.12, 8, 130, 138
537012.5.peg.1329.site.13, 1, 130, 131
537012.5.peg.1329.site.14, 1, 130, 131
537012.5.peg.1329.site.15, 1, 130, 131
537012.5.peg.1329.site.16, 6, 128, 134
537012.5.peg.1329.site.17, 3, 130, 133
537012.5.peg.1329.site.18, 58, 130, 188
537012.5.peg.1329.site.19, 3, 130, 133
537012.5.peg.1329.site.20, 21, 130, 151
537012.5.peg.1329.site.21, 17, 130, 147
537012.5.peg.1329.site.22, 1, 130, 131
537012.5.peg.1329.site.23, 5, 128, 133
537012.5.peg.1329.site.24, 0, 127, 127
537012.5.peg.1329.site.25, 1, 125, 126
537012.5.peg.1329.site.26, 1, 125, 126
537012.5.peg.1329.site.27, 3, 127, 130
537012.5.peg.1329.site.28, 16, 128, 144
537012.5.peg.1329.site.29, 5, 128, 133
537012.5.peg.1329.site.30, 1, 128, 129
537012.5.peg.1329.site.31, 9, 130, 139
537012.5.peg.1329.site.32, 13, 129, 142
537012.5.peg.1329.site.33, 1, 129, 130
537012.5.peg.1329.site.34, 1, 130, 131
537012.5.peg.1329.site.35, 17, 130, 147
537012.5.peg.1329.site.36, 2, 130, 132
537012.5.peg.1329.site.37, 1, 130, 131
537012.5.peg.1329.site.38, 1, 130, 131
537012.5.peg.1329.site.39, 1, 130, 131
537012.5.peg.1329.site.40, 2, 130, 132
537012.5.peg.1329.site.41, 53, 127, 180
537012.5.peg.1329.site.42, 5, 130, 135
537012.5.peg.1329.site.43, 2, 130, 132
537012.5.peg.1329.site.44, 59, 125, 184
537012.5.peg.1329.site.45, 71, 108, 179
537012.5.peg.1329.site.46, 53, 96, 149
537012.5.peg.1329.site.47, 1, 75, 76
537012.5.peg.1329.site.48, 0, 57, 57
537012.5.peg.1329.site.49, 7, 58, 65
537012.5.peg.995.site.1, 4, 132, 136
537012.5.peg.995.site.2, 38, 132, 170
537012.5.peg.995.site.3, 10, 132, 142
537012.5.peg.995.site.4, 6, 126, 132
537012.5.peg.995.site.5, 4, 126, 130
537012.5.peg.995.site.6, 3, 131, 134
537012.5.peg.995.site.7, 2, 132, 134
537012.5.peg.995.site.8, 6, 134, 140
537012.5.peg.995.site.9, 7, 134, 141
537012.5.peg.995.site.10, 43, 132, 175
537012.5.peg.995.site.11, 3, 134, 137
537012.5.peg.995.site.12, 6, 133, 139
537012.5.peg.995.site.13, 2, 133, 135
537012.5.peg.995.site.14, 1, 134, 135
537012.5.peg.995.site.15, 1, 134, 135
537012.5.peg.995.site.16, 12, 131, 143
537012.5.peg.995.site.17, 10, 134, 144
537012.5.peg.995.site.18, 2, 134, 136
537012.5.peg.995.site.19, 13, 133, 146
537012.5.peg.995.site.20, 3, 134, 137
537012.5.peg.995.site.21, 1, 132, 133
537012.5.peg.995.site.22, 17, 134, 151
537012.5.peg.995.site.23, 5, 133, 138
537012.5.peg.995.site.24, 0, 134, 134
537012.5.peg.994.site.1, 5, 115, 120
537012.5.peg.994.site.2, 9, 121, 130
537012.5.peg.994.site.3, 7, 129, 136
537012.5.peg.994.site.4, 1, 128, 129
537012.5.peg.994.site.5, 1, 128, 129
537012.5.peg.994.site.6, 1, 129, 130
537012.5.peg.994.site.7, 3, 130, 133
537012.5.peg.994.site.8, 3, 130, 133
537012.5.peg.994.site.9, 2, 133, 135
537012.5.peg.994.site.10, 84, 133, 217
537012.5.peg.994.site.11, 11, 131, 142
537012.5.peg.994.site.12, 2, 133, 135
537012.5.peg.994.site.13, 55, 133, 188
537012.5.peg.994.site.14, 4, 131, 135
537012.5.peg.994.site.15, 3, 133, 136
537012.5.peg.994.site.16, 4, 132, 136
537012.5.peg.994.site.17, 4, 131, 135
537012.5.peg.994.site.18, 12, 130, 142
537012.5.peg.994.site.19, 4, 134, 138
537012.5.peg.994.site.20, 12, 132, 144
537012.5.peg.994.site.21, 4, 132, 136
537012.5.peg.994.site.22, 40, 132, 172
537012.5.peg.994.site.23, 15, 134, 149
537012.5.peg.994.site.24, 4, 131, 135
537012.5.peg.994.site.25, 18, 134, 152
537012.5.peg.994.site.26, 3, 134, 137
537012.5.peg.994.site.27, 1, 133, 134
537012.5.peg.994.site.28, 4, 131, 135
537012.5.peg.994.site.29, 1, 134, 135
537012.5.peg.994.site.30, 1, 134, 135
537012.5.peg.994.site.31, 3, 134, 137
537012.5.peg.994.site.32, 1, 134, 135
537012.5.peg.994.site.33, 1, 134, 135
537012.5.peg.994.site.34, 1, 134, 135
537012.5.peg.994.site.35, 1, 134, 135
537012.5.peg.333.site.1, 112, 131, 243
537012.5.peg.333.site.2, 17, 133, 150
537012.5.peg.333.site.3, 3, 133, 136
537012.5.peg.333.site.4, 6, 132, 138
537012.5.peg.333.site.5, 8, 132, 140
537012.5.peg.333.site.6, 10, 130, 140
537012.5.peg.333.site.7, 2, 133, 135
537012.5.peg.333.site.8, 2, 133, 135
537012.5.peg.333.site.9, 3, 133, 136
537012.5.peg.333.site.10, 4, 131, 135
537012.5.peg.333.site.11, 10, 131, 141
537012.5.peg.333.site.12, 2, 133, 135
537012.5.peg.333.site.13, 10, 132, 142
537012.5.peg.333.site.14, 5, 131, 136
537012.5.peg.333.site.15, 5, 132, 137
537012.5.peg.333.site.16, 2, 127, 129
537012.5.peg.333.site.17, 1, 128, 129
537012.5.peg.333.site.18, 7, 132, 139
537012.5.peg.333.site.19, 2, 131, 133
537012.5.peg.333.site.20, 7, 132, 139
537012.5.peg.333.site.21, 1, 131, 132
537012.5.peg.333.site.22, 1, 131, 132
537012.5.peg.333.site.23, 1, 129, 130
537012.5.peg.333.site.24, 1, 129, 130
537012.5.peg.333.site.25, 1, 129, 130
537012.5.peg.333.site.26, 2, 130, 132
537012.5.peg.333.site.27, 11, 129, 140
537012.5.peg.333.site.28, 1, 129, 130
537012.5.peg.333.site.29, 5, 129, 134
537012.5.peg.333.site.30, 1, 130, 131
537012.5.peg.333.site.31, 11, 132, 143
537012.5.peg.333.site.32, 1, 128, 129
537012.5.peg.333.site.33, 7, 124, 131
537012.5.peg.333.site.34, 26, 126, 152
537012.5.peg.333.site.35, 119, 128, 247
537012.5.peg.333.site.36, 9, 128, 137
537012.5.peg.333.site.37, 0, 126, 126
537012.5.peg.333.site.38, 2, 122, 124
537012.5.peg.996.site.1, 4, 132, 136
537012.5.peg.996.site.2, 1, 134, 135
537012.5.peg.996.site.3, 4, 132, 136
537012.5.peg.996.site.4, 4, 132, 136
537012.5.peg.996.site.5, 17, 134, 151
537012.5.peg.996.site.6, 11, 132, 143
537012.5.peg.996.site.7, 0, 133, 133
537012.5.peg.996.site.8, 9, 133, 142
537012.5.peg.996.site.9, 3, 134, 137
537012.5.peg.996.site.10, 47, 134, 181
537012.5.peg.996.site.11, 1, 133, 134
537012.5.peg.996.site.12, 4, 132, 136
537012.5.peg.996.site.13, 79, 133, 212
537012.5.peg.996.site.14, 8, 131, 139
537012.5.peg.996.site.15, 3, 129, 132
537012.5.peg.996.site.16, 0, 125, 125
537012.5.peg.996.site.17, 1, 126, 127
537012.5.peg.996.site.18, 5, 129, 134
537012.5.peg.996.site.19, 1, 130, 131
537012.5.peg.996.site.20, 1, 130, 131
537012.5.peg.996.site.21, 4, 130, 134
537012.5.peg.996.site.22, 15, 129, 144
537012.5.peg.996.site.23, 21, 128, 149
537012.5.peg.996.site.24, 1, 130, 131
537012.5.peg.996.site.25, 47, 127, 174
537012.5.peg.996.site.26, 1, 130, 131
537012.5.peg.996.site.27, 8, 130, 138
537012.5.peg.996.site.28, 67, 127, 194
537012.5.peg.996.site.29, 7, 131, 138
537012.5.peg.996.site.30, 1, 130, 131
537012.5.peg.996.site.31, 0, 132, 132
537012.5.peg.996.site.32, 1, 134, 135
537012.5.peg.996.site.33, 1, 134, 135
537012.5.peg.996.site.34, 1, 133, 134
537012.5.peg.996.site.35, 12, 134, 146
537012.5.peg.996.site.36, 7, 134, 141
537012.5.peg.996.site.37, 11, 133, 144
537012.5.peg.996.site.38, 4, 132, 136
537012.5.peg.996.site.39, 71, 134, 205
537012.5.peg.996.site.40, 2, 134, 136
537012.5.peg.996.site.41, 3, 133, 136
537012.5.peg.996.site.42, 27, 132, 159
537012.5.peg.996.site.43, 2, 132, 134
537012.5.peg.996.site.44, 7, 132, 139
537012.5.peg.996.site.45, 0, 131, 131
537012.5.peg.996.site.46, 1, 131, 132
537012.5.peg.996.site.47, 8, 131, 139
537012.5.peg.996.site.48, 7, 131, 138
537012.5.peg.996.site.49, 1, 131, 132
537012.5.peg.996.site.50, 8, 130, 138
537012.5.peg.996.site.51, 1, 130, 131
537012.5.peg.996.site.52, 7, 131, 138
537012.5.peg.2031.site.1, 0, 134, 134
537012.5.peg.2031.site.2, 10, 133, 143
537012.5.peg.2031.site.3, 1, 134, 135
537012.5.peg.2031.site.4, 9, 133, 142
537012.5.peg.2031.site.5, 5, 134, 139
537012.5.peg.2031.site.6, 0, 133, 133
537012.5.peg.2031.site.7, 7, 134, 141
537012.5.peg.2031.site.8, 17, 134, 151
537012.5.peg.2031.site.9, 5, 133, 138
537012.5.peg.2031.site.10, 5, 133, 138
537012.5.peg.2031.site.11, 5, 133, 138
537012.5.peg.2031.site.12, 2, 131, 133
537012.5.peg.2031.site.13, 5, 129, 134
537012.5.peg.2031.site.14, 3, 125, 128
537012.5.peg.2031.site.15, 3, 122, 125
537012.5.peg.2031.site.16, 3, 134, 137
537012.5.peg.2031.site.17, 6, 133, 139
537012.5.peg.2031.site.18, 4, 133, 137
537012.5.peg.2031.site.19, 25, 132, 157
537012.5.peg.2031.site.20, 1, 134, 135
537012.5.peg.2031.site.21, 6, 134, 140
537012.5.peg.2031.site.22, 7, 134, 141
537012.5.peg.2031.site.23, 1, 134, 135
537012.5.peg.2031.site.24, 17, 134, 151
537012.5.peg.2031.site.25, 15, 134, 149
537012.5.peg.2031.site.26, 4, 127, 131
537012.5.peg.2031.site.27, 0, 127, 127
537012.5.peg.2031.site.28, 1, 125, 126
537012.5.peg.2030.site.1, 29, 133, 162
537012.5.peg.2030.site.2, 6, 133, 139
537012.5.peg.2030.site.3, 57, 132, 189
537012.5.peg.2030.site.4, 10, 133, 143
537012.5.peg.2030.site.5, 2, 133, 135
537012.5.peg.2030.site.6, 54, 131, 185
537012.5.peg.2030.site.7, 14, 133, 147
537012.5.peg.2030.site.8, 4, 131, 135
537012.5.peg.2030.site.9, 12, 133, 145
537012.5.peg.2030.site.10, 0, 133, 133
537012.5.peg.2030.site.11, 2, 132, 134
537012.5.peg.2030.site.12, 4, 132, 136
537012.5.peg.2030.site.13, 4, 131, 135
537012.5.peg.2030.site.14, 6, 132, 138
537012.5.peg.2030.site.15, 4, 133, 137
537012.5.peg.2030.site.16, 4, 133, 137
537012.5.peg.2030.site.17, 1, 133, 134
537012.5.peg.2030.site.18, 6, 133, 139
537012.5.peg.2030.site.19, 0, 132, 132
537012.5.peg.2030.site.20, 11, 132, 143
537012.5.peg.2030.site.21, 2, 133, 135
537012.5.peg.2030.site.22, 1, 133, 134
537012.5.peg.2030.site.23, 66, 133, 199
537012.5.peg.2030.site.24, 0, 132, 132
537012.5.peg.2030.site.25, 4, 133, 137
537012.5.peg.2030.site.26, 21, 132, 153
537012.5.peg.2030.site.27, 1, 133, 134
537012.5.peg.2030.site.28, 4, 132, 136
537012.5.peg.2030.site.29, 15, 133, 148
537012.5.peg.2030.site.30, 11, 132, 143
537012.5.peg.2030.site.31, 3, 133, 136
537012.5.peg.2030.site.32, 1, 133, 134
537012.5.peg.2030.site.33, 1, 133, 134
537012.5.peg.2030.site.34, 16, 132, 148
537012.5.peg.421.site.1, 14, 126, 140
537012.5.peg.421.site.2, 0, 127, 127
537012.5.peg.421.site.3, 0, 126, 126
537012.5.peg.421.site.4, 33, 126, 159
537012.5.peg.421.site.5, 5, 124, 129
537012.5.peg.421.site.6, 0, 125, 125
537012.5.peg.421.site.7, 5, 125, 130
537012.5.peg.421.site.8, 5, 126, 131
537012.5.peg.421.site.9, 3, 127, 130
537012.5.peg.421.site.10, 0, 126, 126
537012.5.peg.421.site.11, 22, 125, 147
537012.5.peg.421.site.12, 5, 125, 130
537012.5.peg.421.site.13, 68, 124, 192
537012.5.peg.421.site.14, 0, 125, 125
537012.5.peg.420.site.1, 43, 126, 169
537012.5.peg.420.site.2, 25, 125, 150
537012.5.peg.420.site.3, 5, 124, 129
537012.5.peg.420.site.4, 0, 126, 126
537012.5.peg.420.site.5, 5, 124, 129
537012.5.peg.420.site.6, 0, 123, 123
537012.5.peg.420.site.7, 9, 127, 136
537012.5.peg.420.site.8, 13, 126, 139
537012.5.peg.420.site.9, 27, 127, 154
537012.5.peg.420.site.10, 36, 125, 161
537012.5.peg.420.site.11, 0, 126, 126
537012.5.peg.420.site.12, 8, 124, 132
537012.5.peg.420.site.13, 63, 122, 185
537012.5.peg.420.site.14, 107, 121, 228
537012.5.peg.420.site.15, 5, 113, 118
537012.5.peg.420.site.16, 0, 126, 126
537012.5.peg.420.site.17, 27, 126, 153
537012.5.peg.420.site.18, 3, 122, 125
537012.5.peg.420.site.19, 4, 125, 129
537012.5.peg.420.site.20, 3, 126, 129
537012.5.peg.420.site.21, 5, 126, 131
537012.5.peg.420.site.22, 5, 125, 130
537012.5.peg.420.site.23, 7, 126, 133
537012.5.peg.420.site.24, 2, 127, 129
537012.5.peg.420.site.25, 0, 124, 124
537012.5.peg.420.site.26, 1, 126, 127
537012.5.peg.420.site.27, 0, 126, 126
537012.5.peg.423.site.1, 8, 121, 129
537012.5.peg.423.site.2, 0, 121, 121
537012.5.peg.423.site.3, 0, 120, 120
537012.5.peg.423.site.4, 0, 120, 120
537012.5.peg.423.site.5, 76, 122, 198
537012.5.peg.423.site.6, 103, 122, 225
537012.5.peg.423.site.7, 8, 123, 131
537012.5.peg.423.site.8, 0, 123, 123
537012.5.peg.423.site.9, 0, 121, 121
537012.5.peg.423.site.10, 1, 115, 116
537012.5.peg.423.site.11, 112, 114, 226
537012.5.peg.423.site.12, 91, 119, 210
537012.5.peg.423.site.13, 7, 120, 127
537012.5.peg.423.site.14, 105, 118, 223
537012.5.peg.423.site.15, 105, 117, 222
537012.5.peg.422.site.1, 0, 118, 118
537012.5.peg.422.site.2, 0, 117, 117
537012.5.peg.422.site.3, 0, 119, 119
537012.5.peg.422.site.4, 119, 121, 240
537012.5.peg.422.site.5, 1, 115, 116
537012.5.peg.422.site.6, 27, 119, 146
537012.5.peg.422.site.7, 3, 123, 126
537012.5.peg.422.site.8, 121, 123, 244
537012.5.peg.422.site.9, 0, 123, 123
537012.5.peg.422.site.10, 2, 121, 123
537012.5.peg.422.site.11, 9, 123, 132
537012.5.peg.422.site.12, 0, 123, 123
537012.5.peg.422.site.13, 15, 123, 138
537012.5.peg.422.site.14, 23, 123, 146
537012.5.peg.422.site.15, 8, 123, 131
537012.5.peg.422.site.16, 12, 123, 135
537012.5.peg.422.site.17, 33, 122, 155
537012.5.peg.422.site.18, 0, 123, 123
537012.5.peg.422.site.19, 53, 122, 175
537012.5.peg.422.site.20, 50, 121, 171
537012.5.peg.422.site.21, 119, 122, 241
537012.5.peg.422.site.22, 0, 121, 121
537012.5.peg.422.site.23, 7, 121, 128
537012.5.peg.422.site.24, 0, 121, 121
537012.5.peg.422.site.25, 0, 122, 122
537012.5.peg.422.site.26, 0, 122, 122
537012.5.peg.422.site.27, 24, 122, 146
537012.5.peg.427.site.1, 1, 121, 122
537012.5.peg.427.site.2, 52, 119, 171
537012.5.peg.427.site.3, 51, 117, 168
537012.5.peg.427.site.4, 0, 124, 124
537012.5.peg.427.site.5, 0, 127, 127
537012.5.peg.427.site.6, 2, 128, 130
537012.5.peg.427.site.7, 9, 128, 137
537012.5.peg.427.site.8, 0, 126, 126
537012.5.peg.427.site.9, 0, 127, 127
537012.5.peg.427.site.10, 3, 123, 126
537012.5.peg.427.site.11, 3, 122, 125
537012.5.peg.427.site.12, 0, 124, 124
537012.5.peg.427.site.13, 6, 126, 132
537012.5.peg.427.site.14, 1, 128, 129
537012.5.peg.427.site.15, 1, 128, 129
537012.5.peg.427.site.16, 1, 127, 128
537012.5.peg.427.site.17, 31, 124, 155
537012.5.peg.427.site.18, 4, 127, 131
537012.5.peg.427.site.19, 1, 129, 130
537012.5.peg.427.site.20, 0, 127, 127
537012.5.peg.427.site.21, 0, 131, 131
537012.5.peg.426.site.1, 2, 123, 125
537012.5.peg.426.site.2, 0, 121, 121
537012.5.peg.426.site.3, 11, 123, 134
537012.5.peg.426.site.4, 0, 122, 122
537012.5.peg.426.site.5, 0, 122, 122
537012.5.peg.426.site.6, 7, 121, 128
537012.5.peg.426.site.7, 113, 123, 236
537012.5.peg.426.site.8, 33, 121, 154
537012.5.peg.429.site.1, 0, 126, 126
537012.5.peg.429.site.2, 5, 125, 130
537012.5.peg.429.site.3, 11, 127, 138
537012.5.peg.429.site.4, 30, 126, 156
537012.5.peg.429.site.5, 24, 127, 151
537012.5.peg.429.site.6, 100, 126, 226
537012.5.peg.429.site.7, 0, 126, 126
537012.5.peg.429.site.8, 52, 124, 176
537012.5.peg.429.site.9, 4, 125, 129
537012.5.peg.429.site.10, 0, 126, 126
537012.5.peg.429.site.11, 4, 124, 128
537012.5.peg.429.site.12, 0, 126, 126
537012.5.peg.429.site.13, 0, 126, 126
537012.5.peg.429.site.14, 0, 127, 127
537012.5.peg.429.site.15, 79, 125, 204
537012.5.peg.429.site.16, 0, 127, 127
537012.5.peg.429.site.17, 4, 125, 129
537012.5.peg.429.site.18, 2, 127, 129
537012.5.peg.429.site.19, 8, 127, 135
537012.5.peg.429.site.20, 5, 126, 131
537012.5.peg.429.site.21, 2, 125, 127
537012.5.peg.429.site.22, 1, 125, 126
537012.5.peg.429.site.23, 125, 126, 251
537012.5.peg.429.site.24, 0, 125, 125
537012.5.peg.429.site.25, 0, 126, 126
537012.5.peg.429.site.26, 101, 126, 227
537012.5.peg.429.site.27, 4, 126, 130
537012.5.peg.429.site.28, 1, 124, 125
537012.5.peg.429.site.29, 0, 126, 126
537012.5.peg.429.site.30, 112, 124, 236
537012.5.peg.429.site.31, 5, 125, 130
537012.5.peg.429.site.32, 3, 127, 130
537012.5.peg.429.site.33, 0, 127, 127
537012.5.peg.429.site.34, 117, 124, 241
537012.5.peg.429.site.35, 3, 127, 130
537012.5.peg.429.site.36, 53, 125, 178
537012.5.peg.429.site.37, 117, 125, 242
537012.5.peg.429.site.38, 4, 127, 131
537012.5.peg.429.site.39, 9, 126, 135
537012.5.peg.429.site.40, 4, 125, 129
537012.5.peg.429.site.41, 0, 126, 126
537012.5.peg.429.site.42, 0, 125, 125
537012.5.peg.429.site.43, 0, 127, 127
537012.5.peg.428.site.1, 1, 126, 127
537012.5.peg.428.site.2, 36, 125, 161
537012.5.peg.428.site.3, 4, 127, 131
537012.5.peg.428.site.4, 113, 126, 239
537012.5.peg.428.site.5, 0, 126, 126
537012.5.peg.428.site.6, 1, 127, 128
537012.5.peg.428.site.7, 3, 127, 130
537012.5.peg.428.site.8, 8, 127, 135
537012.5.peg.428.site.9, 6, 127, 133
537012.5.peg.428.site.10, 35, 125, 160
537012.5.peg.428.site.11, 1, 126, 127
537012.5.peg.428.site.12, 19, 125, 144
537012.5.peg.428.site.13, 18, 127, 145
537012.5.peg.428.site.14, 5, 126, 131
537012.5.peg.428.site.15, 6, 125, 131
537012.5.peg.428.site.16, 4, 125, 129
537012.5.peg.428.site.17, 9, 127, 136
537012.5.peg.428.site.18, 0, 127, 127
537012.5.peg.428.site.19, 45, 127, 172
537012.5.peg.428.site.20, 0, 127, 127
537012.5.peg.428.site.21, 11, 127, 138
537012.5.peg.428.site.22, 54, 125, 179
537012.5.peg.428.site.23, 5, 126, 131
537012.5.peg.428.site.24, 0, 127, 127
537012.5.peg.428.site.25, 1, 127, 128
537012.5.peg.428.site.26, 19, 127, 146
537012.5.peg.428.site.27, 4, 126, 130
537012.5.peg.428.site.28, 1, 127, 128
537012.5.peg.428.site.29, 14, 127, 141
537012.5.peg.428.site.30, 4, 124, 128
537012.5.peg.428.site.31, 39, 124, 163
537012.5.peg.428.site.32, 0, 126, 126
537012.5.peg.428.site.33, 3, 125, 128
537012.5.peg.428.site.34, 8, 125, 133
537012.5.peg.428.site.35, 2, 127, 129
537012.5.peg.2763.site.1, 1, 127, 128
537012.5.peg.2763.site.2, 16, 128, 144
537012.5.peg.2763.site.3, 28, 128, 156
537012.5.peg.2763.site.4, 0, 126, 126
537012.5.peg.2763.site.5, 0, 127, 127
537012.5.peg.2763.site.6, 10, 129, 139
537012.5.peg.2763.site.7, 3, 128, 131
537012.5.peg.2763.site.8, 6, 127, 133
537012.5.peg.2763.site.9, 26, 127, 153
537012.5.peg.2763.site.10, 69, 128, 197
537012.5.peg.2763.site.11, 6, 124, 130
537012.5.peg.2763.site.12, 3, 124, 127
537012.5.peg.2763.site.13, 0, 124, 124
537012.5.peg.2763.site.14, 6, 125, 131
537012.5.peg.2763.site.15, 3, 124, 127
537012.5.peg.2763.site.16, 8, 130, 138
537012.5.peg.2763.site.17, 3, 131, 134
537012.5.peg.2763.site.18, 6, 131, 137
537012.5.peg.2763.site.19, 6, 132, 138
537012.5.peg.2763.site.20, 10, 129, 139
537012.5.peg.2763.site.21, 1, 130, 131
537012.5.peg.2763.site.22, 2, 128, 130
537012.5.peg.2763.site.23, 1, 129, 130
537012.5.peg.2763.site.24, 7, 129, 136
537012.5.peg.2763.site.25, 0, 131, 131
537012.5.peg.2763.site.26, 121, 130, 251
537012.5.peg.2763.site.27, 3, 130, 133
537012.5.peg.2763.site.28, 1, 129, 130
537012.5.peg.2763.site.29, 1, 129, 130
537012.5.peg.2763.site.30, 7, 130, 137
537012.5.peg.2763.site.31, 4, 130, 134
537012.5.peg.2763.site.32, 7, 129, 136
537012.5.peg.2763.site.33, 1, 129, 130
537012.5.peg.2763.site.34, 2, 127, 129
537012.5.peg.2763.site.35, 1, 131, 132
537012.5.peg.2763.site.36, 1, 132, 133
537012.5.peg.2763.site.37, 19, 130, 149
537012.5.peg.2763.site.38, 1, 131, 132
537012.5.peg.2763.site.39, 1, 131, 132
537012.5.peg.2763.site.40, 2, 132, 134
537012.5.peg.2763.site.41, 3, 131, 134
537012.5.peg.2763.site.42, 1, 129, 130
537012.5.peg.2763.site.43, 7, 130, 137
537012.5.peg.2763.site.44, 53, 130, 183
537012.5.peg.2763.site.45, 2, 125, 127
537012.5.peg.2763.site.46, 2, 126, 128
537012.5.peg.2763.site.47, 3, 124, 127
537012.5.peg.2763.site.48, 6, 130, 136
537012.5.peg.2763.site.49, 2, 131, 133
537012.5.peg.2763.site.50, 4, 130, 134
537012.5.peg.2763.site.51, 1, 129, 130
537012.5.peg.2763.site.52, 1, 129, 130
537012.5.peg.2763.site.53, 1, 129, 130
537012.5.peg.2763.site.54, 1, 126, 127
537012.5.peg.515.site.1, 59, 128, 187
537012.5.peg.515.site.2, 5, 132, 137
537012.5.peg.515.site.3, 5, 130, 135
537012.5.peg.515.site.4, 31, 122, 153
537012.5.peg.515.site.5, 31, 123, 154
537012.5.peg.515.site.6, 31, 122, 153
537012.5.peg.515.site.7, 38, 128, 166
537012.5.peg.515.site.8, 48, 127, 175
537012.5.peg.515.site.9, 9, 130, 139
537012.5.peg.515.site.10, 131, 133, 264
537012.5.peg.515.site.11, 1, 133, 134
537012.5.peg.515.site.12, 2, 133, 135
537012.5.peg.515.site.13, 6, 134, 140
537012.5.peg.515.site.14, 2, 132, 134
537012.5.peg.515.site.15, 62, 131, 193
537012.5.peg.515.site.16, 6, 133, 139
537012.5.peg.515.site.17, 1, 132, 133
537012.5.peg.515.site.18, 0, 134, 134
537012.5.peg.515.site.19, 17, 134, 151
537012.5.peg.515.site.20, 31, 134, 165
537012.5.peg.515.site.21, 6, 133, 139
537012.5.peg.515.site.22, 6, 133, 139
537012.5.peg.515.site.23, 7, 133, 140
537012.5.peg.515.site.24, 3, 134, 137
537012.5.peg.515.site.25, 4, 132, 136
537012.5.peg.515.site.26, 5, 132, 137
537012.5.peg.515.site.27, 1, 134, 135
537012.5.peg.515.site.28, 7, 134, 141
537012.5.peg.515.site.29, 4, 132, 136
537012.5.peg.515.site.30, 2, 133, 135
537012.5.peg.515.site.31, 6, 131, 137
537012.5.peg.515.site.32, 11, 132, 143
537012.5.peg.515.site.33, 11, 132, 143
537012.5.peg.515.site.34, 8, 132, 140
537012.5.peg.515.site.35, 6, 132, 138
537012.5.peg.515.site.36, 2, 130, 132
537012.5.peg.515.site.37, 1, 126, 127
537012.5.peg.515.site.38, 0, 124, 124
537012.5.peg.515.site.39, 7, 130, 137
537012.5.peg.515.site.40, 8, 129, 137
537012.5.peg.515.site.41, 11, 131, 142
537012.5.peg.515.site.42, 6, 134, 140
537012.5.peg.515.site.43, 6, 134, 140
537012.5.peg.515.site.44, 4, 132, 136
537012.5.peg.515.site.45, 1, 134, 135
537012.5.peg.515.site.46, 17, 134, 151
537012.5.peg.515.site.47, 7, 132, 139
537012.5.peg.515.site.48, 5, 133, 138
537012.5.peg.515.site.49, 3, 131, 134
537012.5.peg.515.site.50, 1, 131, 132
537012.5.peg.515.site.51, 0, 129, 129
537012.5.peg.515.site.52, 1, 128, 129
537012.5.peg.515.site.53, 3, 133, 136
537012.5.peg.515.site.54, 7, 134, 141
537012.5.peg.515.site.55, 3, 132, 135
537012.5.peg.515.site.56, 4, 132, 136
537012.5.peg.515.site.57, 2, 133, 135
537012.5.peg.515.site.58, 2, 128, 130
537012.5.peg.515.site.59, 0, 128, 128
537012.5.peg.515.site.60, 77, 129, 206
537012.5.peg.515.site.61, 8, 129, 137
537012.5.peg.515.site.62, 1, 128, 129
537012.5.peg.515.site.63, 1, 114, 115
537012.5.peg.515.site.64, 2, 111, 113
537012.5.peg.515.site.65, 60, 112, 172
537012.5.peg.515.site.66, 0, 121, 121
537012.5.peg.514.site.1, 1, 131, 132
537012.5.peg.514.site.2, 3, 129, 132
537012.5.peg.514.site.3, 17, 133, 150
537012.5.peg.514.site.4, 6, 134, 140
537012.5.peg.514.site.5, 4, 130, 134
537012.5.peg.514.site.6, 2, 129, 131
537012.5.peg.514.site.7, 1, 130, 131
537012.5.peg.514.site.8, 8, 129, 137
537012.5.peg.514.site.9, 4, 131, 135
537012.5.peg.517.site.1, 66, 82, 148
537012.5.peg.517.site.2, 1, 78, 79
537012.5.peg.517.site.3, 2, 78, 80
537012.5.peg.517.site.4, 0, 108, 108
537012.5.peg.517.site.5, 0, 119, 119
537012.5.peg.517.site.6, 8, 124, 132
537012.5.peg.517.site.7, 8, 126, 134
537012.5.peg.517.site.8, 1, 124, 125
537012.5.peg.517.site.9, 1, 121, 122
537012.5.peg.517.site.10, 10, 124, 134
537012.5.peg.517.site.11, 89, 127, 216
537012.5.peg.517.site.12, 2, 128, 130
537012.5.peg.517.site.13, 12, 128, 140
537012.5.peg.517.site.14, 44, 129, 173
537012.5.peg.517.site.15, 1, 130, 131
537012.5.peg.517.site.16, 5, 129, 134
537012.5.peg.517.site.17, 2, 128, 130
537012.5.peg.517.site.18, 1, 129, 130
537012.5.peg.517.site.19, 3, 129, 132
537012.5.peg.517.site.20, 29, 128, 157
537012.5.peg.517.site.21, 1, 129, 130
537012.5.peg.517.site.22, 30, 128, 158
537012.5.peg.517.site.23, 1, 129, 130
537012.5.peg.517.site.24, 2, 129, 131
537012.5.peg.517.site.25, 1, 129, 130
537012.5.peg.517.site.26, 1, 127, 128
537012.5.peg.517.site.27, 15, 127, 142
537012.5.peg.517.site.28, 61, 114, 175
537012.5.peg.517.site.29, 8, 115, 123
537012.5.peg.517.site.30, 0, 129, 129
537012.5.peg.517.site.31, 1, 131, 132
537012.5.peg.517.site.32, 2, 130, 132
537012.5.peg.517.site.33, 2, 130, 132
537012.5.peg.517.site.34, 2, 130, 132
537012.5.peg.517.site.35, 1, 130, 131
537012.5.peg.517.site.36, 3, 102, 105
537012.5.peg.517.site.37, 2, 104, 106
537012.5.peg.517.site.38, 3, 107, 110
537012.5.peg.517.site.39, 3, 122, 125
537012.5.peg.516.site.1, 0, 114, 114
537012.5.peg.516.site.2, 1, 127, 128
537012.5.peg.516.site.3, 4, 130, 134
537012.5.peg.516.site.4, 3, 129, 132
537012.5.peg.516.site.5, 5, 130, 135
537012.5.peg.516.site.6, 1, 130, 131
537012.5.peg.516.site.7, 2, 129, 131
537012.5.peg.516.site.8, 1, 130, 131
537012.5.peg.516.site.9, 4, 128, 132
537012.5.peg.516.site.10, 1, 130, 131
537012.5.peg.516.site.11, 6, 131, 137
537012.5.peg.516.site.12, 112, 130, 242
537012.5.peg.516.site.13, 2, 130, 132
537012.5.peg.516.site.14, 14, 132, 146
537012.5.peg.516.site.15, 1, 130, 131
537012.5.peg.516.site.16, 6, 127, 133
537012.5.peg.516.site.17, 7, 90, 97
537012.5.peg.516.site.18, 2, 96, 98
537012.5.peg.516.site.19, 50, 85, 135
537012.5.peg.516.site.20, 5, 83, 88
537012.5.peg.516.site.21, 3, 86, 89
537012.5.peg.511.site.1, 0, 134, 134
537012.5.peg.511.site.2, 0, 132, 132
537012.5.peg.511.site.3, 5, 132, 137
537012.5.peg.511.site.4, 15, 132, 147
537012.5.peg.511.site.5, 12, 133, 145
537012.5.peg.511.site.6, 7, 133, 140
537012.5.peg.511.site.7, 1, 132, 133
537012.5.peg.511.site.8, 10, 131, 141
537012.5.peg.511.site.9, 5, 132, 137
537012.5.peg.511.site.10, 4, 131, 135
537012.5.peg.511.site.11, 36, 133, 169
537012.5.peg.511.site.12, 20, 133, 153
537012.5.peg.511.site.13, 1, 134, 135
537012.5.peg.511.site.14, 1, 134, 135
537012.5.peg.511.site.15, 1, 134, 135
537012.5.peg.511.site.16, 4, 132, 136
537012.5.peg.511.site.17, 3, 133, 136
537012.5.peg.511.site.18, 40, 134, 174
537012.5.peg.511.site.19, 18, 133, 151
537012.5.peg.511.site.20, 4, 132, 136
537012.5.peg.511.site.21, 36, 134, 170
537012.5.peg.511.site.22, 8, 134, 142
537012.5.peg.511.site.23, 4, 132, 136
537012.5.peg.511.site.24, 2, 132, 134
537012.5.peg.511.site.25, 0, 133, 133
537012.5.peg.511.site.26, 3, 132, 135
537012.5.peg.511.site.27, 7, 131, 138
537012.5.peg.511.site.28, 1, 131, 132
537012.5.peg.511.site.29, 2, 132, 134
537012.5.peg.511.site.30, 3, 132, 135
537012.5.peg.511.site.31, 3, 132, 135
537012.5.peg.511.site.32, 5, 132, 137
537012.5.peg.511.site.33, 6, 133, 139
537012.5.peg.511.site.34, 4, 132, 136
537012.5.peg.511.site.35, 3, 131, 134
537012.5.peg.511.site.36, 2, 131, 133
537012.5.peg.511.site.37, 2, 132, 134
537012.5.peg.511.site.38, 2, 132, 134
537012.5.peg.511.site.39, 114, 134, 248
537012.5.peg.511.site.40, 0, 133, 133
537012.5.peg.511.site.41, 4, 131, 135
537012.5.peg.510.site.1, 3, 129, 132
537012.5.peg.510.site.2, 0, 132, 132
537012.5.peg.510.site.3, 21, 134, 155
537012.5.peg.510.site.4, 26, 133, 159
537012.5.peg.510.site.5, 0, 134, 134
537012.5.peg.510.site.6, 1, 134, 135
537012.5.peg.510.site.7, 0, 133, 133
537012.5.peg.510.site.8, 14, 134, 148
537012.5.peg.510.site.9, 1, 134, 135
537012.5.peg.510.site.10, 6, 134, 140
537012.5.peg.510.site.11, 1, 134, 135
537012.5.peg.510.site.12, 5, 133, 138
537012.5.peg.510.site.13, 5, 133, 138
537012.5.peg.510.site.14, 5, 133, 138
537012.5.peg.510.site.15, 30, 134, 164
537012.5.peg.510.site.16, 52, 131, 183
537012.5.peg.510.site.17, 1, 133, 134
537012.5.peg.510.site.18, 1, 134, 135
537012.5.peg.510.site.19, 2, 134, 136
537012.5.peg.510.site.20, 5, 134, 139
537012.5.peg.510.site.21, 0, 134, 134
537012.5.peg.510.site.22, 1, 134, 135
537012.5.peg.510.site.23, 12, 134, 146
537012.5.peg.513.site.1, 3, 130, 133
537012.5.peg.513.site.2, 1, 130, 131
537012.5.peg.513.site.3, 1, 129, 130
537012.5.peg.513.site.4, 5, 129, 134
537012.5.peg.513.site.5, 0, 128, 128
537012.5.peg.513.site.6, 1, 129, 130
537012.5.peg.513.site.7, 3, 132, 135
537012.5.peg.513.site.8, 4, 132, 136
537012.5.peg.513.site.9, 0, 132, 132
537012.5.peg.513.site.10, 1, 133, 134
537012.5.peg.513.site.11, 5, 133, 138
537012.5.peg.513.site.12, 0, 133, 133
537012.5.peg.513.site.13, 2, 129, 131
537012.5.peg.513.site.14, 9, 130, 139
537012.5.peg.513.site.15, 6, 132, 138
537012.5.peg.513.site.16, 1, 131, 132
537012.5.peg.513.site.17, 1, 130, 131
537012.5.peg.513.site.18, 0, 129, 129
537012.5.peg.513.site.19, 0, 128, 128
537012.5.peg.513.site.20, 0, 130, 130
537012.5.peg.513.site.21, 7, 128, 135
537012.5.peg.513.site.22, 1, 128, 129
537012.5.peg.513.site.23, 7, 129, 136
537012.5.peg.513.site.24, 7, 129, 136
537012.5.peg.513.site.25, 7, 128, 135
537012.5.peg.513.site.26, 1, 129, 130
537012.5.peg.513.site.27, 8, 128, 136
537012.5.peg.513.site.28, 2, 129, 131
537012.5.peg.513.site.29, 1, 133, 134
537012.5.peg.513.site.30, 4, 132, 136
537012.5.peg.513.site.31, 3, 131, 134
537012.5.peg.513.site.32, 2, 131, 133
537012.5.peg.513.site.33, 1, 128, 129
537012.5.peg.513.site.34, 7, 129, 136
537012.5.peg.513.site.35, 25, 125, 150
537012.5.peg.513.site.36, 0, 119, 119
537012.5.peg.512.site.1, 1, 134, 135
537012.5.peg.512.site.2, 6, 133, 139
537012.5.peg.512.site.3, 14, 134, 148
537012.5.peg.512.site.4, 4, 130, 134
537012.5.peg.512.site.5, 8, 130, 138
537012.5.peg.512.site.6, 8, 133, 141
537012.5.peg.512.site.7, 11, 132, 143
537012.5.peg.512.site.8, 3, 134, 137
537012.5.peg.512.site.9, 9, 134, 143
537012.5.peg.512.site.10, 1, 134, 135
537012.5.peg.512.site.11, 8, 131, 139
537012.5.peg.512.site.12, 4, 131, 135
537012.5.peg.512.site.13, 4, 131, 135
537012.5.peg.512.site.14, 1, 134, 135
537012.5.peg.512.site.15, 131, 133, 264
537012.5.peg.512.site.16, 3, 133, 136
537012.5.peg.512.site.17, 2, 130, 132
537012.5.peg.512.site.18, 65, 129, 194
537012.5.peg.512.site.19, 0, 129, 129
537012.5.peg.512.site.20, 0, 129, 129
537012.5.peg.512.site.21, 1, 129, 130
537012.5.peg.512.site.22, 3, 134, 137
537012.5.peg.512.site.23, 4, 132, 136
537012.5.peg.512.site.24, 14, 126, 140
537012.5.peg.512.site.25, 0, 130, 130
537012.5.peg.512.site.26, 1, 131, 132
537012.5.peg.512.site.27, 7, 129, 136
537012.5.peg.512.site.28, 4, 131, 135
537012.5.peg.512.site.29, 1, 129, 130
537012.5.peg.512.site.30, 1, 129, 130
537012.5.peg.512.site.31, 1, 130, 131
537012.5.peg.512.site.32, 9, 114, 123
537012.5.peg.519.site.1, 0, 124, 124
537012.5.peg.519.site.2, 6, 124, 130
537012.5.peg.519.site.3, 100, 111, 211
537012.5.peg.519.site.4, 1, 124, 125
537012.5.peg.519.site.5, 37, 122, 159
537012.5.peg.519.site.6, 33, 119, 152
537012.5.peg.519.site.7, 2, 122, 124
537012.5.peg.519.site.8, 1, 125, 126
537012.5.peg.519.site.9, 5, 126, 131
537012.5.peg.519.site.10, 3, 127, 130
537012.5.peg.519.site.11, 5, 129, 134
537012.5.peg.519.site.12, 1, 129, 130
537012.5.peg.519.site.13, 2, 129, 131
537012.5.peg.519.site.14, 1, 130, 131
537012.5.peg.519.site.15, 2, 131, 133
537012.5.peg.519.site.16, 2, 132, 134
537012.5.peg.519.site.17, 2, 129, 131
537012.5.peg.519.site.18, 1, 130, 131
537012.5.peg.519.site.19, 3, 130, 133
537012.5.peg.519.site.20, 1, 129, 130
537012.5.peg.519.site.21, 2, 127, 129
537012.5.peg.519.site.22, 2, 125, 127
537012.5.peg.519.site.23, 2, 125, 127
537012.5.peg.537.site.1, 45, 104, 149
537012.5.peg.537.site.2, 53, 98, 151
537012.5.peg.537.site.3, 6, 98, 104
537012.5.peg.537.site.4, 2, 96, 98
537012.5.peg.537.site.5, 48, 95, 143
537012.5.peg.537.site.6, 41, 96, 137
537012.5.peg.537.site.7, 3, 87, 90
537012.5.peg.537.site.8, 2, 77, 79
537012.5.peg.537.site.9, 72, 78, 150
537012.5.peg.537.site.10, 9, 79, 88
537012.5.peg.537.site.11, 2, 84, 86
537012.5.peg.537.site.12, 20, 86, 106
537012.5.peg.537.site.13, 1, 99, 100
537012.5.peg.537.site.14, 2, 105, 107
537012.5.peg.537.site.15, 25, 113, 138
537012.5.peg.2120.site.1, 15, 122, 137
537012.5.peg.2120.site.2, 6, 123, 129
537012.5.peg.2120.site.3, 4, 123, 127
537012.5.peg.2120.site.4, 0, 122, 122
537012.5.peg.2120.site.5, 5, 122, 127
537012.5.peg.2120.site.6, 0, 122, 122
537012.5.peg.2120.site.7, 13, 121, 134
537012.5.peg.2120.site.8, 13, 123, 136
537012.5.peg.2120.site.9, 1, 122, 123
537012.5.peg.2120.site.10, 3, 123, 126
537012.5.peg.2123.site.1, 2, 127, 129
537012.5.peg.2123.site.2, 3, 127, 130
537012.5.peg.2123.site.3, 3, 127, 130
537012.5.peg.2123.site.4, 4, 123, 127
537012.5.peg.2123.site.5, 5, 125, 130
537012.5.peg.2123.site.6, 0, 125, 125
537012.5.peg.2123.site.7, 7, 125, 132
537012.5.peg.2123.site.8, 5, 126, 131
537012.5.peg.2123.site.9, 5, 126, 131
537012.5.peg.2123.site.10, 5, 126, 131
537012.5.peg.2123.site.11, 5, 126, 131
537012.5.peg.2123.site.12, 1, 126, 127
537012.5.peg.2123.site.13, 105, 125, 230
537012.5.peg.2123.site.14, 4, 126, 130
537012.5.peg.2123.site.15, 0, 122, 122
537012.5.peg.2123.site.16, 0, 122, 122
537012.5.peg.2123.site.17, 1, 123, 124
537012.5.peg.2123.site.18, 6, 123, 129
537012.5.peg.2123.site.19, 1, 123, 124
537012.5.peg.2123.site.20, 106, 122, 228
537012.5.peg.2123.site.21, 2, 124, 126
537012.5.peg.2123.site.22, 1, 124, 125
537012.5.peg.2123.site.23, 1, 124, 125
537012.5.peg.2123.site.24, 1, 123, 124
537012.5.peg.2123.site.25, 4, 125, 129
537012.5.peg.2123.site.26, 4, 125, 129
537012.5.peg.2123.site.27, 5, 126, 131
537012.5.peg.2123.site.28, 4, 125, 129
537012.5.peg.2123.site.29, 4, 125, 129
537012.5.peg.2123.site.30, 4, 124, 128
537012.5.peg.2123.site.31, 4, 125, 129
537012.5.peg.2123.site.32, 26, 124, 150
537012.5.peg.2123.site.33, 0, 127, 127
537012.5.peg.2122.site.1, 115, 123, 238
537012.5.peg.2122.site.2, 24, 121, 145
537012.5.peg.2122.site.3, 2, 122, 124
537012.5.peg.2122.site.4, 32, 122, 154
537012.5.peg.2122.site.5, 1, 121, 122
537012.5.peg.2122.site.6, 1, 121, 122
537012.5.peg.2122.site.7, 100, 122, 222
537012.5.peg.2122.site.8, 34, 121, 155
537012.5.peg.2122.site.9, 1, 122, 123
537012.5.peg.2122.site.10, 2, 123, 125
537012.5.peg.2122.site.11, 6, 122, 128
537012.5.peg.2122.site.12, 0, 123, 123
537012.5.peg.2122.site.13, 0, 121, 121
537012.5.peg.2122.site.14, 9, 123, 132
537012.5.peg.2122.site.15, 36, 123, 159
537012.5.peg.2122.site.16, 0, 121, 121
537012.5.peg.2122.site.17, 2, 122, 124
537012.5.peg.2122.site.18, 3, 123, 126
537012.5.peg.2122.site.19, 8, 122, 130
537012.5.peg.2122.site.20, 1, 121, 122
537012.5.peg.2122.site.21, 1, 121, 122
537012.5.peg.2122.site.22, 16, 122, 138
537012.5.peg.2122.site.23, 3, 122, 125
537012.5.peg.2122.site.24, 2, 121, 123
537012.5.peg.2122.site.25, 1, 120, 121
537012.5.peg.2122.site.26, 1, 120, 121
537012.5.peg.2122.site.27, 0, 124, 124
537012.5.peg.2122.site.28, 3, 121, 124
537012.5.peg.2122.site.29, 0, 122, 122
537012.5.peg.2122.site.30, 37, 123, 160
537012.5.peg.2122.site.31, 13, 126, 139
537012.5.peg.2122.site.32, 5, 124, 129
537012.5.peg.2122.site.33, 0, 126, 126
537012.5.peg.2122.site.34, 0, 127, 127
537012.5.peg.2122.site.35, 76, 126, 202
537012.5.peg.2122.site.36, 0, 127, 127
537012.5.peg.2122.site.37, 0, 126, 126
537012.5.peg.2122.site.38, 5, 126, 131
537012.5.peg.195.site.1, 11, 116, 127
537012.5.peg.195.site.2, 3, 114, 117
537012.5.peg.195.site.3, 1, 127, 128
537012.5.peg.195.site.4, 32, 128, 160
537012.5.peg.195.site.5, 7, 127, 134
537012.5.peg.195.site.6, 4, 124, 128
537012.5.peg.195.site.7, 2, 121, 123
537012.5.peg.195.site.8, 0, 121, 121
537012.5.peg.195.site.9, 2, 121, 123
537012.5.peg.195.site.10, 2, 122, 124
537012.5.peg.195.site.11, 2, 121, 123
537012.5.peg.195.site.12, 0, 123, 123
537012.5.peg.195.site.13, 2, 130, 132
537012.5.peg.195.site.14, 0, 130, 130
537012.5.peg.195.site.15, 8, 131, 139
537012.5.peg.195.site.16, 50, 131, 181
537012.5.peg.195.site.17, 4, 131, 135
537012.5.peg.195.site.18, 2, 129, 131
537012.5.peg.195.site.19, 84, 125, 209
537012.5.peg.195.site.20, 7, 126, 133
537012.5.peg.195.site.21, 17, 125, 142
537012.5.peg.195.site.22, 0, 125, 125
537012.5.peg.195.site.23, 32, 127, 159
537012.5.peg.195.site.24, 25, 127, 152
537012.5.peg.195.site.25, 25, 128, 153
537012.5.peg.195.site.26, 0, 127, 127
537012.5.peg.195.site.27, 1, 128, 129
537012.5.peg.195.site.28, 0, 127, 127
537012.5.peg.194.site.1, 9, 128, 137
537012.5.peg.194.site.2, 2, 126, 128
537012.5.peg.194.site.3, 55, 125, 180
537012.5.peg.194.site.4, 5, 126, 131
537012.5.peg.194.site.5, 5, 125, 130
537012.5.peg.194.site.6, 5, 125, 130
537012.5.peg.194.site.7, 21, 126, 147
537012.5.peg.194.site.8, 12, 125, 137
537012.5.peg.194.site.9, 7, 126, 133
537012.5.peg.194.site.10, 3, 127, 130
537012.5.peg.194.site.11, 0, 126, 126
537012.5.peg.194.site.12, 1, 127, 128
537012.5.peg.194.site.13, 7, 126, 133
537012.5.peg.194.site.14, 2, 127, 129
537012.5.peg.194.site.15, 3, 126, 129
537012.5.peg.194.site.16, 3, 126, 129
537012.5.peg.194.site.17, 7, 125, 132
537012.5.peg.194.site.18, 6, 123, 129
537012.5.peg.194.site.19, 9, 125, 134
537012.5.peg.194.site.20, 5, 124, 129
537012.5.peg.194.site.21, 4, 126, 130
537012.5.peg.194.site.22, 5, 125, 130
537012.5.peg.194.site.23, 4, 124, 128
537012.5.peg.194.site.24, 1, 127, 128
537012.5.peg.194.site.25, 2, 127, 129
537012.5.peg.194.site.26, 4, 126, 130
537012.5.peg.194.site.27, 7, 125, 132
537012.5.peg.194.site.28, 8, 125, 133
537012.5.peg.194.site.29, 13, 126, 139
537012.5.peg.194.site.30, 2, 126, 128
537012.5.peg.194.site.31, 2, 126, 128
537012.5.peg.194.site.32, 5, 125, 130
537012.5.peg.194.site.33, 35, 124, 159
537012.5.peg.194.site.34, 5, 123, 128
537012.5.peg.194.site.35, 7, 123, 130
537012.5.peg.194.site.36, 6, 125, 131
537012.5.peg.194.site.37, 2, 124, 126
537012.5.peg.194.site.38, 124, 125, 249
537012.5.peg.194.site.39, 4, 124, 128
537012.5.peg.194.site.40, 31, 125, 156
537012.5.peg.194.site.41, 2, 126, 128
537012.5.peg.194.site.42, 15, 122, 137
537012.5.peg.194.site.43, 3, 124, 127
537012.5.peg.194.site.44, 2, 124, 126
537012.5.peg.194.site.45, 29, 124, 153
537012.5.peg.194.site.46, 3, 124, 127
537012.5.peg.194.site.47, 4, 125, 129
537012.5.peg.194.site.48, 7, 126, 133
537012.5.peg.194.site.49, 7, 126, 133
537012.5.peg.194.site.50, 6, 126, 132
537012.5.peg.194.site.51, 2, 126, 128
537012.5.peg.194.site.52, 0, 125, 125
537012.5.peg.194.site.53, 6, 125, 131
537012.5.peg.194.site.54, 4, 126, 130
537012.5.peg.194.site.55, 2, 126, 128
537012.5.peg.194.site.56, 6, 124, 130
537012.5.peg.194.site.57, 6, 124, 130
537012.5.peg.194.site.58, 4, 124, 128
537012.5.peg.194.site.59, 44, 126, 170
537012.5.peg.194.site.60, 4, 124, 128
537012.5.peg.194.site.61, 2, 126, 128
537012.5.peg.194.site.62, 4, 124, 128
537012.5.peg.194.site.63, 7, 125, 132
537012.5.peg.194.site.64, 2, 126, 128
537012.5.peg.194.site.65, 5, 125, 130
537012.5.peg.194.site.66, 38, 125, 163
537012.5.peg.194.site.67, 111, 130, 241
537012.5.peg.194.site.68, 7, 132, 139
537012.5.peg.194.site.69, 3, 130, 133
537012.5.peg.194.site.70, 3, 127, 130
537012.5.peg.197.site.1, 2, 118, 120
537012.5.peg.197.site.2, 0, 112, 112
537012.5.peg.197.site.3, 2, 117, 119
537012.5.peg.197.site.4, 21, 117, 138
537012.5.peg.197.site.5, 5, 117, 122
537012.5.peg.197.site.6, 2, 116, 118
537012.5.peg.197.site.7, 1, 119, 120
537012.5.peg.197.site.8, 1, 119, 120
537012.5.peg.197.site.9, 3, 117, 120
537012.5.peg.197.site.10, 6, 117, 123
537012.5.peg.197.site.11, 89, 118, 207
537012.5.peg.197.site.12, 17, 120, 137
537012.5.peg.197.site.13, 3, 120, 123
537012.5.peg.197.site.14, 4, 121, 125
537012.5.peg.197.site.15, 65, 120, 185
537012.5.peg.197.site.16, 4, 121, 125
537012.5.peg.197.site.17, 4, 120, 124
537012.5.peg.197.site.18, 3, 121, 124
537012.5.peg.197.site.19, 2, 120, 122
537012.5.peg.197.site.20, 2, 116, 118
537012.5.peg.197.site.21, 0, 118, 118
537012.5.peg.197.site.22, 2, 119, 121
537012.5.peg.197.site.23, 4, 120, 124
537012.5.peg.197.site.24, 3, 119, 122
537012.5.peg.197.site.25, 2, 118, 120
537012.5.peg.197.site.26, 4, 120, 124
537012.5.peg.197.site.27, 4, 120, 124
537012.5.peg.197.site.28, 4, 119, 123
537012.5.peg.196.site.1, 3, 126, 129
537012.5.peg.196.site.2, 1, 124, 125
537012.5.peg.196.site.3, 3, 125, 128
537012.5.peg.199.site.1, 7, 125, 132
537012.5.peg.199.site.2, 2, 126, 128
537012.5.peg.199.site.3, 12, 125, 137
537012.5.peg.199.site.4, 22, 125, 147
537012.5.peg.199.site.5, 3, 126, 129
537012.5.peg.199.site.6, 3, 126, 129
537012.5.peg.199.site.7, 3, 126, 129
537012.5.peg.199.site.8, 0, 126, 126
537012.5.peg.199.site.9, 41, 125, 166
537012.5.peg.199.site.10, 15, 126, 141
537012.5.peg.199.site.11, 82, 124, 206
537012.5.peg.199.site.12, 3, 124, 127
537012.5.peg.199.site.13, 0, 118, 118
537012.5.peg.199.site.14, 9, 117, 126
537012.5.peg.199.site.15, 41, 115, 156
537012.5.peg.199.site.16, 1, 117, 118
537012.5.peg.199.site.17, 2, 115, 117
537012.5.peg.199.site.18, 54, 116, 170
537012.5.peg.199.site.19, 58, 116, 174
537012.5.peg.199.site.20, 94, 119, 213
537012.5.peg.199.site.21, 1, 125, 126
537012.5.peg.199.site.22, 0, 126, 126
537012.5.peg.199.site.23, 3, 125, 128
537012.5.peg.199.site.24, 7, 125, 132
537012.5.peg.199.site.25, 10, 124, 134
537012.5.peg.198.site.1, 1, 120, 121
537012.5.peg.198.site.2, 2, 120, 122
537012.5.peg.198.site.3, 1, 122, 123
537012.5.peg.198.site.4, 6, 127, 133
537012.5.peg.198.site.5, 0, 120, 120
537012.5.peg.198.site.6, 1, 117, 118
537012.5.peg.198.site.7, 2, 117, 119
537012.5.peg.198.site.8, 6, 128, 134
537012.5.peg.198.site.9, 1, 123, 124
537012.5.peg.198.site.10, 5, 121, 126
537012.5.peg.198.site.11, 5, 121, 126
537012.5.peg.198.site.12, 2, 126, 128
537012.5.peg.198.site.13, 125, 126, 251
537012.5.peg.198.site.14, 2, 124, 126
537012.5.peg.198.site.15, 23, 120, 143
537012.5.peg.198.site.16, 2, 124, 126
537012.5.peg.198.site.17, 1, 124, 125
537012.5.peg.198.site.18, 6, 123, 129
537012.5.peg.198.site.19, 1, 125, 126
537012.5.peg.198.site.20, 123, 125, 248
537012.5.peg.198.site.21, 5, 124, 129
537012.5.peg.198.site.22, 29, 123, 152
537012.5.peg.198.site.23, 6, 128, 134
537012.5.peg.198.site.24, 4, 126, 130
537012.5.peg.198.site.25, 4, 119, 123
537012.5.peg.198.site.26, 90, 120, 210
537012.5.peg.198.site.27, 5, 120, 125
537012.5.peg.198.site.28, 0, 122, 122
537012.5.peg.198.site.29, 39, 123, 162
537012.5.peg.198.site.30, 7, 123, 130
537012.5.peg.198.site.31, 9, 123, 132
537012.5.peg.198.site.32, 19, 124, 143
537012.5.peg.198.site.33, 7, 121, 128
537012.5.peg.198.site.34, 2, 120, 122
537012.5.peg.198.site.35, 4, 122, 126
537012.5.peg.198.site.36, 55, 121, 176
537012.5.peg.198.site.37, 0, 121, 121
537012.5.peg.198.site.38, 19, 123, 142
537012.5.peg.198.site.39, 3, 125, 128
537012.5.peg.198.site.40, 3, 125, 128
537012.5.peg.198.site.41, 2, 122, 124
537012.5.peg.198.site.42, 3, 118, 121
537012.5.peg.198.site.43, 2, 119, 121
537012.5.peg.198.site.44, 2, 119, 121
537012.5.peg.198.site.45, 47, 120, 167
537012.5.peg.198.site.46, 3, 120, 123
537012.5.peg.198.site.47, 4, 121, 125
537012.5.peg.198.site.48, 122, 123, 245
537012.5.peg.198.site.49, 29, 126, 155
537012.5.peg.198.site.50, 8, 125, 133
537012.5.peg.198.site.51, 4, 125, 129
537012.5.peg.198.site.52, 6, 128, 134
537012.5.peg.198.site.53, 5, 127, 132
537012.5.peg.198.site.54, 6, 121, 127
537012.5.peg.198.site.55, 5, 123, 128
537012.5.peg.198.site.56, 5, 127, 132
537012.5.peg.198.site.57, 4, 130, 134
537012.5.peg.198.site.58, 129, 130, 259
537012.5.peg.198.site.59, 5, 129, 134
537012.5.peg.198.site.60, 1, 129, 130
537012.5.peg.198.site.61, 4, 128, 132
537012.5.peg.198.site.62, 3, 122, 125
537012.5.peg.198.site.63, 115, 121, 236
537012.5.peg.198.site.64, 4, 121, 125
537012.5.peg.198.site.65, 1, 124, 125
537012.5.peg.198.site.66, 55, 126, 181
537012.5.peg.198.site.67, 63, 127, 190
537012.5.peg.198.site.68, 1, 127, 128
537012.5.peg.198.site.69, 3, 126, 129
537012.5.peg.198.site.70, 112, 126, 238
537012.5.peg.198.site.71, 0, 125, 125
537012.5.peg.198.site.72, 30, 127, 157
537012.5.peg.198.site.73, 1, 126, 127
537012.5.peg.198.site.74, 0, 127, 127
537012.5.peg.198.site.75, 8, 126, 134
537012.5.peg.2656.site.1, 0, 133, 133
537012.5.peg.2656.site.2, 57, 133, 190
537012.5.peg.2656.site.3, 1, 133, 134
537012.5.peg.2656.site.4, 1, 134, 135
537012.5.peg.2656.site.5, 8, 134, 142
537012.5.peg.2656.site.6, 6, 132, 138
537012.5.peg.2656.site.7, 6, 133, 139
537012.5.peg.2656.site.8, 1, 133, 134
537012.5.peg.2656.site.9, 1, 133, 134
537012.5.peg.2656.site.10, 1, 133, 134
537012.5.peg.2656.site.11, 1, 133, 134
537012.5.peg.2656.site.12, 6, 132, 138
537012.5.peg.2656.site.13, 4, 134, 138
537012.5.peg.2656.site.14, 3, 133, 136
537012.5.peg.2656.site.15, 23, 131, 154
537012.5.peg.2656.site.16, 2, 132, 134
537012.5.peg.2656.site.17, 36, 133, 169
537012.5.peg.2656.site.18, 1, 130, 131
537012.5.peg.2656.site.19, 5, 129, 134
537012.5.peg.2656.site.20, 6, 130, 136
537012.5.peg.2656.site.21, 1, 130, 131
537012.5.peg.2656.site.22, 4, 132, 136
537012.5.peg.2656.site.23, 4, 132, 136
537012.5.peg.2656.site.24, 3, 134, 137
537012.5.peg.2656.site.25, 7, 131, 138
537012.5.peg.2656.site.26, 0, 131, 131
537012.5.peg.2656.site.27, 59, 130, 189
537012.5.peg.2656.site.28, 2, 133, 135
537012.5.peg.2656.site.29, 1, 134, 135
537012.5.peg.2656.site.30, 1, 134, 135
537012.5.peg.2656.site.31, 2, 134, 136
537012.5.peg.2656.site.32, 8, 134, 142
537012.5.peg.2656.site.33, 0, 133, 133
537012.5.peg.2656.site.34, 19, 133, 152
537012.5.peg.2656.site.35, 1, 134, 135
537012.5.peg.2655.site.1, 7, 133, 140
537012.5.peg.2655.site.2, 1, 133, 134
537012.5.peg.2655.site.3, 12, 132, 144
537012.5.peg.2655.site.4, 12, 132, 144
537012.5.peg.2655.site.5, 12, 131, 143
537012.5.peg.2655.site.6, 4, 130, 134
537012.5.peg.2655.site.7, 47, 132, 179
537012.5.peg.2655.site.8, 2, 131, 133
537012.5.peg.2655.site.9, 0, 133, 133
537012.5.peg.2655.site.10, 2, 133, 135
537012.5.peg.2655.site.11, 2, 133, 135
537012.5.peg.2655.site.12, 0, 133, 133
537012.5.peg.2655.site.13, 17, 133, 150
537012.5.peg.2655.site.14, 3, 128, 131
537012.5.peg.2655.site.15, 2, 128, 130
537012.5.peg.2655.site.16, 1, 128, 129
537012.5.peg.2655.site.17, 1, 129, 130
537012.5.peg.2655.site.18, 7, 133, 140
537012.5.peg.2655.site.19, 1, 132, 133
537012.5.peg.2655.site.20, 5, 132, 137
537012.5.peg.2655.site.21, 3, 133, 136
537012.5.peg.2655.site.22, 1, 132, 133
537012.5.peg.2655.site.23, 1, 131, 132
537012.5.peg.2655.site.24, 1, 132, 133
537012.5.peg.2655.site.25, 0, 132, 132
537012.5.peg.2655.site.26, 3, 134, 137
537012.5.peg.2655.site.27, 1, 133, 134
537012.5.peg.2655.site.28, 1, 134, 135
537012.5.peg.2655.site.29, 0, 133, 133
537012.5.peg.2126.site.1, 36, 127, 163
537012.5.peg.2126.site.2, 9, 127, 136
537012.5.peg.2126.site.3, 3, 127, 130
537012.5.peg.2126.site.4, 5, 125, 130
537012.5.peg.2126.site.5, 13, 127, 140
537012.5.peg.2126.site.6, 21, 125, 146
537012.5.peg.2126.site.7, 24, 125, 149
537012.5.peg.2126.site.8, 3, 127, 130
537012.5.peg.2126.site.9, 90, 125, 215
537012.5.peg.2126.site.10, 4, 125, 129
537012.5.peg.2126.site.11, 1, 126, 127
537012.5.peg.2126.site.12, 1, 126, 127
537012.5.peg.2126.site.13, 4, 125, 129
537012.5.peg.2126.site.14, 3, 123, 126
537012.5.peg.2126.site.15, 2, 126, 128
537012.5.peg.2126.site.16, 1, 127, 128
537012.5.peg.2126.site.17, 3, 125, 128
537012.5.peg.2126.site.18, 2, 127, 129
537012.5.peg.2126.site.19, 90, 124, 214
537012.5.peg.2126.site.20, 0, 127, 127
537012.5.peg.2126.site.21, 4, 125, 129
537012.5.peg.2126.site.22, 27, 128, 155
537012.5.peg.2126.site.23, 3, 127, 130
537012.5.peg.2126.site.24, 5, 126, 131
537012.5.peg.2126.site.25, 15, 126, 141
537012.5.peg.2126.site.26, 6, 126, 132
537012.5.peg.2126.site.27, 3, 123, 126
537012.5.peg.2126.site.28, 1, 127, 128
537012.5.peg.2126.site.29, 6, 127, 133
537012.5.peg.2126.site.30, 0, 125, 125
537012.5.peg.2126.site.31, 33, 126, 159
537012.5.peg.2126.site.32, 0, 127, 127
537012.5.peg.2126.site.33, 17, 127, 144
537012.5.peg.2126.site.34, 1, 131, 132
537012.5.peg.3797.site.1, 10, 133, 143
537012.5.peg.3797.site.2, 2, 133, 135
537012.5.peg.3797.site.3, 4, 131, 135
537012.5.peg.3797.site.4, 8, 133, 141
537012.5.peg.3797.site.5, 18, 131, 149
537012.5.peg.3797.site.6, 1, 133, 134
537012.5.peg.3797.site.7, 4, 130, 134
537012.5.peg.3797.site.8, 1, 133, 134
537012.5.peg.3797.site.9, 11, 132, 143
537012.5.peg.3797.site.10, 0, 133, 133
537012.5.peg.3797.site.11, 4, 133, 137
537012.5.peg.3797.site.12, 9, 131, 140
537012.5.peg.3797.site.13, 20, 133, 153
537012.5.peg.3797.site.14, 20, 132, 152
537012.5.peg.3797.site.15, 0, 132, 132
537012.5.peg.3797.site.16, 10, 131, 141
537012.5.peg.3797.site.17, 14, 131, 145
537012.5.peg.3180.site.1, 19, 120, 139
537012.5.peg.3180.site.2, 72, 119, 191
537012.5.peg.3180.site.3, 69, 120, 189
537012.5.peg.3180.site.4, 15, 120, 135
537012.5.peg.3180.site.5, 14, 57, 71
537012.5.peg.3180.site.6, 3, 46, 49
537012.5.peg.3180.site.7, 1, 44, 45
537012.5.peg.3180.site.8, 36, 108, 144
537012.5.peg.3180.site.9, 1, 120, 121
537012.5.peg.3180.site.10, 23, 118, 141
537012.5.peg.3180.site.11, 67, 112, 179
537012.5.peg.3180.site.12, 44, 108, 152
537012.5.peg.3180.site.13, 23, 111, 134
537012.5.peg.3180.site.14, 30, 119, 149
537012.5.peg.3180.site.15, 0, 123, 123
537012.5.peg.3180.site.16, 1, 123, 124
537012.5.peg.3180.site.17, 0, 121, 121
537012.5.peg.3180.site.18, 116, 121, 237
537012.5.peg.3180.site.19, 6, 122, 128
537012.5.peg.3180.site.20, 5, 121, 126
537012.5.peg.3180.site.21, 6, 121, 127
537012.5.peg.3180.site.22, 5, 120, 125
537012.5.peg.2693.site.1, 16, 127, 143
537012.5.peg.2693.site.2, 0, 125, 125
537012.5.peg.2693.site.3, 0, 129, 129
537012.5.peg.2693.site.4, 0, 127, 127
537012.5.peg.2693.site.5, 0, 125, 125
537012.5.peg.2693.site.6, 0, 130, 130
537012.5.peg.2693.site.7, 3, 129, 132
537012.5.peg.2693.site.8, 6, 127, 133
537012.5.peg.2693.site.9, 1, 126, 127
537012.5.peg.2693.site.10, 11, 125, 136
537012.5.peg.2693.site.11, 11, 125, 136
537012.5.peg.2692.site.1, 6, 127, 133
537012.5.peg.2692.site.2, 6, 126, 132
537012.5.peg.2692.site.3, 6, 127, 133
537012.5.peg.2692.site.4, 2, 127, 129
537012.5.peg.2692.site.5, 2, 127, 129
537012.5.peg.2692.site.6, 1, 122, 123
537012.5.peg.2692.site.7, 38, 118, 156
537012.5.peg.2692.site.8, 5, 121, 126
537012.5.peg.2692.site.9, 64, 119, 183
537012.5.peg.2692.site.10, 8, 122, 130
537012.5.peg.2692.site.11, 17, 127, 144
537012.5.peg.2692.site.12, 6, 124, 130
537012.5.peg.2692.site.13, 0, 123, 123
537012.5.peg.2692.site.14, 4, 123, 127
537012.5.peg.2692.site.15, 25, 120, 145
537012.5.peg.2691.site.1, 10, 127, 137
537012.5.peg.2691.site.2, 28, 125, 153
537012.5.peg.2691.site.3, 10, 126, 136
537012.5.peg.2690.site.1, 0, 122, 122
537012.5.peg.2690.site.2, 2, 127, 129
537012.5.peg.2690.site.3, 0, 126, 126
537012.5.peg.2690.site.4, 0, 126, 126
537012.5.peg.2690.site.5, 0, 123, 123
537012.5.peg.2690.site.6, 13, 124, 137
537012.5.peg.2690.site.7, 2, 127, 129
537012.5.peg.2690.site.8, 0, 123, 123
537012.5.peg.2690.site.9, 0, 126, 126
537012.5.peg.2583.site.1, 1, 130, 131
537012.5.peg.2583.site.2, 1, 130, 131
537012.5.peg.2583.site.3, 6, 130, 136
537012.5.peg.2583.site.4, 1, 130, 131
537012.5.peg.2583.site.5, 2, 130, 132
537012.5.peg.2583.site.6, 35, 129, 164
537012.5.peg.2583.site.7, 6, 131, 137
537012.5.peg.2583.site.8, 0, 130, 130
537012.5.peg.2583.site.9, 3, 132, 135
537012.5.peg.2583.site.10, 10, 132, 142
537012.5.peg.2583.site.11, 2, 133, 135
537012.5.peg.2583.site.12, 1, 133, 134
537012.5.peg.2583.site.13, 3, 131, 134
537012.5.peg.2583.site.14, 1, 133, 134
537012.5.peg.2583.site.15, 1, 133, 134
537012.5.peg.2583.site.16, 0, 133, 133
537012.5.peg.2583.site.17, 12, 131, 143
537012.5.peg.2583.site.18, 1, 130, 131
537012.5.peg.2583.site.19, 3, 130, 133
537012.5.peg.2583.site.20, 1, 134, 135
537012.5.peg.2583.site.21, 3, 134, 137
537012.5.peg.2583.site.22, 125, 131, 256
537012.5.peg.2583.site.23, 8, 133, 141
537012.5.peg.2583.site.24, 2, 133, 135
537012.5.peg.2583.site.25, 3, 130, 133
537012.5.peg.2583.site.26, 4, 132, 136
537012.5.peg.2583.site.27, 1, 134, 135
537012.5.peg.2583.site.28, 3, 131, 134
537012.5.peg.2583.site.29, 5, 133, 138
537012.5.peg.2582.site.1, 2, 131, 133
537012.5.peg.2582.site.2, 13, 127, 140
537012.5.peg.2582.site.3, 6, 128, 134
537012.5.peg.2582.site.4, 1, 129, 130
537012.5.peg.2582.site.5, 33, 129, 162
537012.5.peg.2582.site.6, 2, 129, 131
537012.5.peg.2582.site.7, 4, 130, 134
537012.5.peg.2582.site.8, 2, 130, 132
537012.5.peg.2581.site.1, 3, 130, 133
537012.5.peg.2581.site.2, 0, 130, 130
537012.5.peg.2581.site.3, 1, 128, 129
537012.5.peg.2581.site.4, 3, 128, 131
537012.5.peg.2581.site.5, 6, 131, 137
537012.5.peg.2581.site.6, 36, 130, 166
537012.5.peg.2580.site.1, 44, 129, 173
537012.5.peg.2580.site.2, 2, 129, 131
537012.5.peg.2580.site.3, 1, 128, 129
537012.5.peg.2580.site.4, 10, 128, 138
537012.5.peg.2580.site.5, 3, 129, 132
537012.5.peg.2580.site.6, 1, 130, 131
537012.5.peg.2580.site.7, 1, 130, 131
537012.5.peg.2580.site.8, 1, 133, 134
537012.5.peg.2580.site.9, 3, 131, 134
537012.5.peg.2580.site.10, 8, 131, 139
537012.5.peg.2580.site.11, 4, 132, 136
537012.5.peg.2580.site.12, 1, 129, 130
537012.5.peg.2580.site.13, 1, 129, 130
537012.5.peg.2580.site.14, 1, 129, 130
537012.5.peg.2580.site.15, 5, 129, 134
537012.5.peg.2580.site.16, 40, 129, 169
537012.5.peg.2580.site.17, 7, 129, 136
537012.5.peg.2580.site.18, 1, 129, 130
537012.5.peg.2580.site.19, 0, 129, 129
537012.5.peg.2580.site.20, 0, 129, 129
537012.5.peg.2580.site.21, 1, 130, 131
537012.5.peg.2580.site.22, 75, 129, 204
537012.5.peg.2580.site.23, 3, 129, 132
537012.5.peg.2587.site.1, 9, 134, 143
537012.5.peg.2587.site.2, 4, 132, 136
537012.5.peg.2586.site.1, 3, 132, 135
537012.5.peg.2586.site.2, 11, 132, 143
537012.5.peg.2586.site.3, 23, 133, 156
537012.5.peg.2586.site.4, 2, 130, 132
537012.5.peg.2586.site.5, 3, 131, 134
537012.5.peg.2586.site.6, 90, 132, 222
537012.5.peg.2585.site.1, 1, 133, 134
537012.5.peg.2585.site.2, 2, 130, 132
537012.5.peg.2585.site.3, 6, 129, 135
537012.5.peg.2585.site.4, 0, 128, 128
537012.5.peg.2585.site.5, 3, 131, 134
537012.5.peg.2585.site.6, 2, 132, 134
537012.5.peg.2585.site.7, 1, 130, 131
537012.5.peg.2585.site.8, 1, 131, 132
537012.5.peg.2585.site.9, 1, 131, 132
537012.5.peg.2585.site.10, 3, 131, 134
537012.5.peg.2585.site.11, 8, 129, 137
537012.5.peg.2585.site.12, 21, 130, 151
537012.5.peg.2585.site.13, 2, 131, 133
537012.5.peg.2585.site.14, 2, 132, 134
537012.5.peg.2585.site.15, 1, 131, 132
537012.5.peg.2585.site.16, 8, 130, 138
537012.5.peg.2585.site.17, 92, 129, 221
537012.5.peg.2585.site.18, 7, 130, 137
537012.5.peg.2585.site.19, 1, 131, 132
537012.5.peg.2585.site.20, 7, 131, 138
537012.5.peg.2585.site.21, 1, 131, 132
537012.5.peg.2585.site.22, 1, 131, 132
537012.5.peg.2585.site.23, 1, 131, 132
537012.5.peg.2585.site.24, 4, 129, 133
537012.5.peg.2585.site.25, 6, 130, 136
537012.5.peg.2585.site.26, 1, 130, 131
537012.5.peg.2585.site.27, 1, 130, 131
537012.5.peg.2585.site.28, 2, 131, 133
537012.5.peg.2585.site.29, 9, 130, 139
537012.5.peg.2585.site.30, 3, 131, 134
537012.5.peg.2585.site.31, 2, 128, 130
537012.5.peg.2585.site.32, 2, 127, 129
537012.5.peg.2585.site.33, 76, 124, 200
537012.5.peg.2585.site.34, 1, 124, 125
537012.5.peg.2585.site.35, 5, 128, 133
537012.5.peg.2585.site.36, 8, 128, 136
537012.5.peg.2585.site.37, 8, 128, 136
537012.5.peg.2585.site.38, 23, 127, 150
537012.5.peg.2585.site.39, 2, 126, 128
537012.5.peg.2585.site.40, 0, 124, 124
537012.5.peg.2585.site.41, 0, 122, 122
537012.5.peg.2585.site.42, 2, 124, 126
537012.5.peg.2585.site.43, 6, 124, 130
537012.5.peg.2585.site.44, 4, 125, 129
537012.5.peg.2585.site.45, 1, 124, 125
537012.5.peg.2585.site.46, 1, 127, 128
537012.5.peg.2585.site.47, 1, 127, 128
537012.5.peg.2585.site.48, 3, 129, 132
537012.5.peg.2585.site.49, 3, 132, 135
537012.5.peg.2585.site.50, 3, 129, 132
537012.5.peg.2585.site.51, 8, 131, 139
537012.5.peg.2585.site.52, 1, 131, 132
537012.5.peg.2585.site.53, 4, 128, 132
537012.5.peg.2585.site.54, 3, 130, 133
537012.5.peg.2585.site.55, 1, 130, 131
537012.5.peg.2585.site.56, 0, 132, 132
537012.5.peg.2585.site.57, 1, 131, 132
537012.5.peg.2585.site.58, 4, 131, 135
537012.5.peg.2585.site.59, 4, 132, 136
537012.5.peg.2585.site.60, 2, 132, 134
537012.5.peg.2585.site.61, 5, 130, 135
537012.5.peg.2585.site.62, 3, 131, 134
537012.5.peg.2585.site.63, 2, 130, 132
537012.5.peg.2585.site.64, 10, 131, 141
537012.5.peg.2585.site.65, 12, 131, 143
537012.5.peg.2585.site.66, 1, 129, 130
537012.5.peg.2585.site.67, 3, 127, 130
537012.5.peg.2585.site.68, 5, 126, 131
537012.5.peg.2585.site.69, 4, 126, 130
537012.5.peg.2585.site.70, 0, 126, 126
537012.5.peg.2585.site.71, 123, 125, 248
537012.5.peg.2585.site.72, 0, 125, 125
537012.5.peg.2585.site.73, 23, 125, 148
537012.5.peg.2585.site.74, 0, 125, 125
537012.5.peg.2585.site.75, 1, 126, 127
537012.5.peg.2585.site.76, 3, 129, 132
537012.5.peg.2585.site.77, 6, 131, 137
537012.5.peg.2585.site.78, 2, 133, 135
537012.5.peg.2585.site.79, 4, 133, 137
537012.5.peg.2585.site.80, 7, 131, 138
537012.5.peg.2585.site.81, 1, 134, 135
537012.5.peg.2585.site.82, 5, 131, 136
537012.5.peg.2585.site.83, 2, 132, 134
537012.5.peg.2585.site.84, 13, 130, 143
537012.5.peg.2585.site.85, 0, 129, 129
537012.5.peg.2585.site.86, 1, 130, 131
537012.5.peg.2585.site.87, 4, 131, 135
537012.5.peg.2585.site.88, 3, 132, 135
537012.5.peg.2585.site.89, 12, 134, 146
537012.5.peg.2585.site.90, 6, 134, 140
537012.5.peg.2585.site.91, 5, 133, 138
537012.5.peg.2585.site.92, 4, 132, 136
537012.5.peg.2585.site.93, 19, 134, 153
537012.5.peg.2585.site.94, 4, 134, 138
537012.5.peg.2585.site.95, 1, 134, 135
537012.5.peg.2585.site.96, 6, 133, 139
537012.5.peg.2585.site.97, 7, 133, 140
537012.5.peg.2585.site.98, 2, 130, 132
537012.5.peg.2585.site.99, 2, 129, 131
537012.5.peg.2585.site.100, 2, 130, 132
537012.5.peg.2585.site.101, 7, 131, 138
537012.5.peg.2585.site.102, 1, 132, 133
537012.5.peg.2585.site.103, 97, 132, 229
537012.5.peg.2585.site.104, 3, 132, 135
537012.5.peg.2585.site.105, 2, 131, 133
537012.5.peg.2585.site.106, 2, 130, 132
537012.5.peg.2585.site.107, 1, 129, 130
537012.5.peg.2585.site.108, 1, 130, 131
537012.5.peg.2585.site.109, 8, 131, 139
537012.5.peg.2585.site.110, 3, 132, 135
537012.5.peg.2585.site.111, 10, 132, 142
537012.5.peg.2585.site.112, 1, 133, 134
537012.5.peg.2585.site.113, 3, 134, 137
537012.5.peg.2585.site.114, 3, 132, 135
537012.5.peg.2585.site.115, 3, 134, 137
537012.5.peg.2585.site.116, 3, 132, 135
537012.5.peg.2585.site.117, 32, 133, 165
537012.5.peg.2585.site.118, 4, 132, 136
537012.5.peg.2585.site.119, 94, 132, 226
537012.5.peg.2585.site.120, 4, 132, 136
537012.5.peg.2585.site.121, 1, 132, 133
537012.5.peg.2585.site.122, 5, 132, 137
537012.5.peg.2585.site.123, 3, 132, 135
537012.5.peg.2585.site.124, 5, 132, 137
537012.5.peg.2585.site.125, 74, 131, 205
537012.5.peg.2585.site.126, 6, 131, 137
537012.5.peg.2585.site.127, 0, 129, 129
537012.5.peg.2585.site.128, 7, 129, 136
537012.5.peg.2585.site.129, 0, 129, 129
537012.5.peg.2585.site.130, 1, 130, 131
537012.5.peg.2585.site.131, 6, 130, 136
537012.5.peg.2585.site.132, 0, 134, 134
537012.5.peg.2585.site.133, 7, 132, 139
537012.5.peg.2585.site.134, 7, 132, 139
537012.5.peg.2585.site.135, 69, 132, 201
537012.5.peg.2585.site.136, 1, 131, 132
537012.5.peg.2585.site.137, 62, 132, 194
537012.5.peg.2585.site.138, 12, 133, 145
537012.5.peg.2585.site.139, 2, 133, 135
537012.5.peg.2585.site.140, 2, 131, 133
537012.5.peg.2585.site.141, 2, 131, 133
537012.5.peg.2585.site.142, 1, 129, 130
537012.5.peg.2585.site.143, 1, 129, 130
537012.5.peg.2585.site.144, 2, 128, 130
537012.5.peg.2585.site.145, 59, 129, 188
537012.5.peg.2585.site.146, 1, 127, 128
537012.5.peg.2584.site.1, 1, 134, 135
537012.5.peg.2584.site.2, 2, 134, 136
537012.5.peg.2584.site.3, 3, 134, 137
537012.5.peg.2584.site.4, 3, 130, 133
537012.5.peg.2584.site.5, 3, 131, 134
537012.5.peg.2584.site.6, 11, 132, 143
537012.5.peg.2584.site.7, 3, 130, 133
537012.5.peg.2584.site.8, 8, 130, 138
537012.5.peg.2584.site.9, 1, 129, 130
537012.5.peg.2584.site.10, 1, 132, 133
537012.5.peg.2584.site.11, 2, 129, 131
537012.5.peg.2584.site.12, 1, 132, 133
537012.5.peg.2584.site.13, 2, 129, 131
537012.5.peg.2584.site.14, 3, 131, 134
537012.5.peg.2584.site.15, 3, 130, 133
537012.5.peg.2584.site.16, 0, 129, 129
537012.5.peg.2584.site.17, 0, 129, 129
537012.5.peg.2584.site.18, 2, 133, 135
537012.5.peg.2584.site.19, 4, 131, 135
537012.5.peg.2584.site.20, 7, 134, 141
537012.5.peg.2584.site.21, 4, 124, 128
537012.5.peg.2584.site.22, 1, 132, 133
537012.5.peg.2584.site.23, 2, 130, 132
537012.5.peg.2584.site.24, 3, 132, 135
537012.5.peg.2584.site.25, 4, 132, 136
537012.5.peg.2584.site.26, 4, 131, 135
537012.5.peg.2584.site.27, 4, 132, 136
537012.5.peg.2584.site.28, 5, 133, 138
537012.5.peg.2584.site.29, 5, 132, 137
537012.5.peg.2589.site.1, 2, 130, 132
537012.5.peg.2589.site.2, 1, 131, 132
537012.5.peg.2589.site.3, 1, 129, 130
537012.5.peg.2589.site.4, 2, 129, 131
537012.5.peg.2589.site.5, 6, 132, 138
537012.5.peg.2589.site.6, 9, 130, 139
537012.5.peg.2589.site.7, 6, 131, 137
537012.5.peg.2589.site.8, 2, 130, 132
537012.5.peg.2589.site.9, 6, 133, 139
537012.5.peg.2589.site.10, 8, 132, 140
537012.5.peg.2589.site.11, 4, 132, 136
537012.5.peg.2589.site.12, 5, 132, 137
537012.5.peg.2589.site.13, 31, 132, 163
537012.5.peg.2589.site.14, 14, 130, 144
537012.5.peg.2589.site.15, 3, 134, 137
537012.5.peg.2589.site.16, 9, 134, 143
537012.5.peg.2589.site.17, 7, 134, 141
537012.5.peg.2589.site.18, 4, 132, 136
537012.5.peg.2589.site.19, 11, 132, 143
537012.5.peg.2589.site.20, 4, 132, 136
537012.5.peg.2589.site.21, 4, 132, 136
537012.5.peg.2589.site.22, 5, 134, 139
537012.5.peg.2589.site.23, 17, 132, 149
537012.5.peg.2589.site.24, 2, 131, 133
537012.5.peg.2589.site.25, 2, 130, 132
537012.5.peg.2589.site.26, 1, 130, 131
537012.5.peg.2589.site.27, 0, 128, 128
537012.5.peg.2589.site.28, 7, 129, 136
537012.5.peg.2589.site.29, 1, 130, 131
537012.5.peg.2589.site.30, 3, 129, 132
537012.5.peg.2589.site.31, 1, 131, 132
537012.5.peg.2589.site.32, 51, 128, 179
537012.5.peg.2589.site.33, 60, 127, 187
537012.5.peg.2589.site.34, 2, 129, 131
537012.5.peg.2589.site.35, 6, 129, 135
537012.5.peg.2589.site.36, 6, 129, 135
537012.5.peg.2589.site.37, 6, 128, 134
537012.5.peg.2589.site.38, 1, 130, 131
537012.5.peg.2589.site.39, 57, 129, 186
537012.5.peg.2589.site.40, 2, 129, 131
537012.5.peg.2589.site.41, 2, 129, 131
537012.5.peg.2589.site.42, 2, 128, 130
537012.5.peg.2589.site.43, 1, 130, 131
537012.5.peg.2589.site.44, 6, 130, 136
537012.5.peg.2589.site.45, 5, 130, 135
537012.5.peg.2589.site.46, 6, 129, 135
537012.5.peg.2589.site.47, 2, 129, 131
537012.5.peg.2589.site.48, 5, 128, 133
537012.5.peg.2589.site.49, 2, 125, 127
537012.5.peg.2589.site.50, 1, 126, 127
537012.5.peg.2589.site.51, 1, 127, 128
537012.5.peg.2589.site.52, 2, 128, 130
537012.5.peg.2589.site.53, 7, 133, 140
537012.5.peg.2589.site.54, 65, 131, 196
537012.5.peg.2589.site.55, 0, 134, 134
537012.5.peg.2589.site.56, 1, 134, 135
537012.5.peg.2589.site.57, 1, 134, 135
537012.5.peg.2589.site.58, 81, 134, 215
537012.5.peg.2589.site.59, 7, 134, 141
537012.5.peg.2589.site.60, 7, 134, 141
537012.5.peg.2589.site.61, 4, 132, 136
537012.5.peg.2589.site.62, 80, 134, 214
537012.5.peg.2589.site.63, 1, 133, 134
537012.5.peg.2589.site.64, 7, 129, 136
537012.5.peg.2589.site.65, 0, 130, 130
537012.5.peg.2589.site.66, 1, 131, 132
537012.5.peg.2589.site.67, 4, 132, 136
537012.5.peg.2589.site.68, 6, 134, 140
537012.5.peg.2589.site.69, 7, 134, 141
537012.5.peg.2589.site.70, 0, 133, 133
537012.5.peg.2589.site.71, 7, 133, 140
537012.5.peg.2589.site.72, 4, 134, 138
537012.5.peg.2589.site.73, 3, 133, 136
537012.5.peg.2589.site.74, 4, 133, 137
537012.5.peg.2589.site.75, 12, 133, 145
537012.5.peg.2589.site.76, 0, 133, 133
537012.5.peg.2589.site.77, 6, 133, 139
537012.5.peg.2589.site.78, 7, 133, 140
537012.5.peg.2589.site.79, 3, 130, 133
537012.5.peg.2589.site.80, 2, 130, 132
537012.5.peg.2589.site.81, 2, 129, 131
537012.5.peg.2589.site.82, 3, 129, 132
537012.5.peg.2589.site.83, 12, 124, 136
537012.5.peg.2589.site.84, 1, 126, 127
537012.5.peg.2589.site.85, 3, 124, 127
537012.5.peg.2589.site.86, 9, 123, 132
537012.5.peg.2589.site.87, 9, 123, 132
537012.5.peg.2589.site.88, 6, 123, 129
537012.5.peg.2589.site.89, 8, 122, 130
537012.5.peg.2589.site.90, 8, 125, 133
537012.5.peg.2589.site.91, 74, 122, 196
537012.5.peg.2589.site.92, 1, 124, 125
537012.5.peg.2589.site.93, 5, 123, 128
537012.5.peg.2589.site.94, 6, 126, 132
537012.5.peg.2589.site.95, 1, 123, 124
537012.5.peg.2589.site.96, 2, 124, 126
537012.5.peg.2589.site.97, 7, 124, 131
537012.5.peg.2589.site.98, 5, 125, 130
537012.5.peg.2589.site.99, 0, 128, 128
537012.5.peg.2589.site.100, 7, 130, 137
537012.5.peg.2589.site.101, 0, 130, 130
537012.5.peg.2589.site.102, 0, 129, 129
537012.5.peg.2589.site.103, 2, 129, 131
537012.5.peg.2589.site.104, 1, 129, 130
537012.5.peg.2589.site.105, 1, 130, 131
537012.5.peg.2589.site.106, 0, 128, 128
537012.5.peg.2589.site.107, 7, 129, 136
537012.5.peg.2589.site.108, 4, 130, 134
537012.5.peg.2589.site.109, 1, 130, 131
537012.5.peg.2589.site.110, 2, 131, 133
537012.5.peg.2589.site.111, 6, 129, 135
537012.5.peg.2589.site.112, 0, 130, 130
537012.5.peg.2589.site.113, 0, 129, 129
537012.5.peg.2589.site.114, 17, 130, 147
537012.5.peg.2589.site.115, 98, 130, 228
537012.5.peg.2589.site.116, 5, 130, 135
537012.5.peg.2589.site.117, 7, 130, 137
537012.5.peg.2589.site.118, 7, 130, 137
537012.5.peg.2589.site.119, 1, 129, 130
537012.5.peg.2589.site.120, 9, 129, 138
537012.5.peg.2589.site.121, 9, 129, 138
537012.5.peg.2589.site.122, 9, 129, 138
537012.5.peg.2589.site.123, 7, 129, 136
537012.5.peg.2589.site.124, 7, 129, 136
537012.5.peg.2589.site.125, 2, 131, 133
537012.5.peg.2589.site.126, 2, 130, 132
537012.5.peg.2589.site.127, 10, 132, 142
537012.5.peg.2589.site.128, 7, 134, 141
537012.5.peg.2589.site.129, 9, 133, 142
537012.5.peg.2589.site.130, 7, 134, 141
537012.5.peg.2589.site.131, 19, 132, 151
537012.5.peg.2589.site.132, 0, 132, 132
537012.5.peg.2589.site.133, 4, 131, 135
537012.5.peg.2589.site.134, 0, 129, 129
537012.5.peg.2589.site.135, 3, 130, 133
537012.5.peg.2589.site.136, 87, 127, 214
537012.5.peg.2589.site.137, 9, 127, 136
537012.5.peg.2589.site.138, 1, 133, 134
537012.5.peg.2589.site.139, 4, 133, 137
537012.5.peg.2589.site.140, 5, 131, 136
537012.5.peg.2589.site.141, 2, 133, 135
537012.5.peg.2589.site.142, 51, 134, 185
537012.5.peg.2589.site.143, 11, 132, 143
537012.5.peg.2589.site.144, 1, 134, 135
537012.5.peg.2589.site.145, 4, 132, 136
537012.5.peg.2589.site.146, 1, 134, 135
537012.5.peg.2589.site.147, 7, 134, 141
537012.5.peg.2589.site.148, 65, 134, 199
537012.5.peg.2589.site.149, 5, 133, 138
537012.5.peg.2589.site.150, 5, 133, 138
537012.5.peg.2588.site.1, 1, 134, 135
537012.5.peg.2588.site.2, 2, 131, 133
537012.5.peg.2588.site.3, 2, 131, 133
537012.5.peg.2588.site.4, 5, 133, 138
537012.5.peg.2588.site.5, 1, 132, 133
537012.5.peg.2588.site.6, 3, 132, 135
537012.5.peg.2588.site.7, 13, 132, 145
537012.5.peg.2588.site.8, 6, 131, 137
537012.5.peg.2588.site.9, 1, 130, 131
537012.5.peg.2588.site.10, 1, 130, 131
537012.5.peg.2588.site.11, 1, 130, 131
537012.5.peg.2588.site.12, 1, 131, 132
537012.5.peg.2588.site.13, 8, 130, 138
537012.5.peg.2588.site.14, 49, 134, 183
537012.5.peg.2588.site.15, 4, 131, 135
537012.5.peg.2588.site.16, 12, 131, 143
537012.5.peg.2588.site.17, 4, 133, 137
537012.5.peg.2588.site.18, 1, 132, 133
537012.5.peg.2588.site.19, 8, 132, 140
537012.5.peg.2588.site.20, 9, 127, 136
537012.5.peg.2588.site.21, 2, 128, 130
537012.5.peg.2588.site.22, 5, 132, 137
537012.5.peg.2588.site.23, 7, 134, 141
537012.5.peg.2588.site.24, 3, 130, 133
537012.5.peg.2588.site.25, 2, 130, 132
537012.5.peg.2588.site.26, 7, 130, 137
537012.5.peg.2588.site.27, 7, 130, 137
537012.5.peg.2588.site.28, 5, 129, 134
537012.5.peg.2588.site.29, 10, 129, 139
537012.5.peg.2588.site.30, 7, 129, 136
537012.5.peg.2588.site.31, 7, 129, 136
537012.5.peg.2588.site.32, 9, 128, 137
537012.5.peg.2588.site.33, 2, 126, 128
537012.5.peg.2588.site.34, 2, 128, 130
537012.5.peg.2588.site.35, 3, 125, 128
537012.5.peg.2588.site.36, 10, 127, 137
537012.5.peg.2588.site.37, 1, 128, 129
537012.5.peg.2588.site.38, 6, 128, 134
537012.5.peg.2588.site.39, 3, 128, 131
537012.5.peg.2588.site.40, 6, 128, 134
537012.5.peg.2588.site.41, 6, 129, 135
537012.5.peg.2588.site.42, 32, 127, 159
537012.5.peg.2588.site.43, 1, 129, 130
537012.5.peg.2588.site.44, 56, 127, 183
537012.5.peg.2588.site.45, 7, 130, 137
537012.5.peg.2588.site.46, 1, 130, 131
537012.5.peg.2588.site.47, 1, 129, 130
537012.5.peg.2588.site.48, 7, 129, 136
537012.5.peg.2588.site.49, 8, 127, 135
537012.5.peg.2588.site.50, 3, 128, 131
537012.5.peg.2588.site.51, 7, 128, 135
537012.5.peg.2588.site.52, 6, 128, 134
537012.5.peg.2588.site.53, 11, 128, 139
537012.5.peg.2588.site.54, 10, 129, 139
537012.5.peg.2588.site.55, 1, 130, 131
537012.5.peg.2588.site.56, 1, 129, 130
537012.5.peg.2588.site.57, 3, 130, 133
537012.5.peg.2588.site.58, 1, 130, 131
537012.5.peg.2588.site.59, 1, 126, 127
537012.5.peg.2212.site.1, 1, 125, 126
537012.5.peg.2212.site.2, 1, 125, 126
537012.5.peg.2212.site.3, 5, 125, 130
537012.5.peg.2212.site.4, 1, 125, 126
537012.5.peg.2211.site.1, 0, 124, 124
537012.5.peg.2210.site.1, 1, 122, 123
537012.5.peg.2210.site.2, 1, 125, 126
537012.5.peg.2210.site.3, 1, 125, 126
537012.5.peg.2210.site.4, 17, 123, 140
537012.5.peg.2210.site.5, 23, 125, 148
537012.5.peg.2210.site.6, 1, 125, 126
537012.5.peg.2210.site.7, 1, 125, 126
537012.5.peg.2210.site.8, 1, 125, 126
537012.5.peg.2210.site.9, 4, 125, 129
537012.5.peg.2210.site.10, 1, 125, 126
537012.5.peg.2210.site.11, 1, 125, 126
537012.5.peg.2210.site.12, 1, 125, 126
537012.5.peg.2210.site.13, 1, 125, 126
537012.5.peg.2210.site.14, 114, 124, 238
537012.5.peg.2210.site.15, 4, 125, 129
537012.5.peg.2210.site.16, 0, 125, 125
537012.5.peg.2210.site.17, 38, 125, 163
537012.5.peg.2210.site.18, 1, 124, 125
537012.5.peg.2210.site.19, 2, 125, 127
537012.5.peg.2210.site.20, 5, 125, 130
537012.5.peg.2210.site.21, 0, 124, 124
537012.5.peg.2210.site.22, 7, 124, 131
537012.5.peg.2210.site.23, 1, 124, 125
537012.5.peg.2210.site.24, 17, 124, 141
537012.5.peg.2210.site.25, 1, 125, 126
537012.5.peg.2210.site.26, 1, 124, 125
537012.5.peg.2210.site.27, 1, 124, 125
537012.5.peg.2210.site.28, 1, 124, 125
537012.5.peg.2210.site.29, 5, 124, 129
537012.5.peg.2210.site.30, 2, 124, 126
537012.5.peg.2210.site.31, 1, 124, 125
537012.5.peg.2210.site.32, 23, 125, 148
537012.5.peg.2210.site.33, 5, 125, 130
537012.5.peg.2210.site.34, 1, 124, 125
537012.5.peg.2210.site.35, 1, 123, 124
537012.5.peg.2210.site.36, 13, 122, 135
537012.5.peg.2741.site.1, 3, 121, 124
537012.5.peg.2741.site.2, 4, 120, 124
537012.5.peg.2740.site.1, 3, 133, 136
537012.5.peg.2740.site.2, 130, 134, 264
537012.5.peg.2740.site.3, 1, 134, 135
537012.5.peg.2740.site.4, 72, 130, 202
537012.5.peg.2740.site.5, 1, 133, 134
537012.5.peg.2740.site.6, 20, 132, 152
537012.5.peg.2740.site.7, 6, 133, 139
537012.5.peg.2740.site.8, 7, 132, 139
537012.5.peg.2740.site.9, 12, 131, 143
537012.5.peg.2740.site.10, 7, 132, 139
537012.5.peg.2740.site.11, 3, 131, 134
537012.5.peg.2740.site.12, 90, 130, 220
537012.5.peg.2740.site.13, 50, 132, 182
537012.5.peg.2740.site.14, 1, 131, 132
537012.5.peg.2740.site.15, 0, 129, 129
537012.5.peg.2740.site.16, 0, 130, 130
537012.5.peg.2740.site.17, 1, 132, 133
537012.5.peg.2740.site.18, 3, 133, 136
537012.5.peg.2740.site.19, 1, 134, 135
537012.5.peg.2740.site.20, 1, 134, 135
537012.5.peg.2740.site.21, 12, 132, 144
537012.5.peg.2740.site.22, 19, 132, 151
537012.5.peg.2740.site.23, 7, 134, 141
537012.5.peg.2740.site.24, 1, 134, 135
537012.5.peg.2740.site.25, 0, 134, 134
537012.5.peg.2740.site.26, 1, 134, 135
537012.5.peg.2740.site.27, 132, 134, 266
537012.5.peg.2740.site.28, 1, 134, 135
537012.5.peg.2740.site.29, 3, 134, 137
537012.5.peg.2740.site.30, 4, 133, 137
537012.5.peg.2740.site.31, 7, 134, 141
537012.5.peg.2740.site.32, 2, 134, 136
537012.5.peg.2215.site.1, 1, 124, 125
537012.5.peg.2215.site.2, 0, 123, 123
537012.5.peg.2215.site.3, 1, 124, 125
537012.5.peg.2215.site.4, 1, 124, 125
537012.5.peg.2215.site.5, 8, 124, 132
537012.5.peg.2215.site.6, 1, 125, 126
537012.5.peg.2215.site.7, 1, 125, 126
537012.5.peg.2215.site.8, 4, 125, 129
537012.5.peg.2215.site.9, 5, 124, 129
537012.5.peg.2215.site.10, 1, 125, 126
537012.5.peg.2215.site.11, 0, 124, 124
537012.5.peg.2215.site.12, 32, 124, 156
537012.5.peg.2215.site.13, 37, 125, 162
537012.5.peg.2215.site.14, 2, 125, 127
537012.5.peg.2215.site.15, 1, 124, 125
537012.5.peg.2215.site.16, 0, 123, 123
537012.5.peg.2215.site.17, 1, 124, 125
537012.5.peg.2215.site.18, 1, 124, 125
537012.5.peg.2215.site.19, 3, 124, 127
537012.5.peg.2215.site.20, 1, 124, 125
537012.5.peg.2215.site.21, 13, 124, 137
537012.5.peg.2215.site.22, 10, 125, 135
537012.5.peg.2215.site.23, 0, 124, 124
537012.5.peg.2215.site.24, 1, 123, 124
537012.5.peg.2215.site.25, 2, 123, 125
537012.5.peg.2215.site.26, 1, 125, 126
537012.5.peg.2214.site.1, 0, 123, 123
537012.5.peg.2214.site.2, 5, 125, 130
537012.5.peg.2214.site.3, 1, 125, 126
537012.5.peg.2214.site.4, 120, 125, 245
537012.5.peg.2214.site.5, 1, 125, 126
537012.5.peg.2214.site.6, 0, 125, 125
537012.5.peg.2214.site.7, 1, 125, 126
537012.5.peg.2214.site.8, 2, 125, 127
537012.5.peg.2214.site.9, 1, 125, 126
537012.5.peg.2214.site.10, 1, 125, 126
537012.5.peg.2214.site.11, 2, 125, 127
537012.5.peg.2214.site.12, 1, 124, 125
537012.5.peg.2214.site.13, 4, 124, 128
537012.5.peg.2214.site.14, 1, 124, 125
537012.5.peg.2214.site.15, 1, 124, 125
537012.5.peg.2214.site.16, 1, 124, 125
537012.5.peg.2214.site.17, 1, 124, 125
537012.5.peg.2214.site.18, 1, 124, 125
537012.5.peg.2214.site.19, 0, 124, 124
537012.5.peg.2214.site.20, 45, 124, 169
537012.5.peg.2214.site.21, 30, 124, 154
537012.5.peg.3342.site.1, 3, 108, 111
537012.5.peg.3342.site.2, 28, 99, 127
537012.5.peg.3342.site.3, 1, 97, 98
537012.5.peg.3342.site.4, 3, 98, 101
537012.5.peg.3342.site.5, 1, 97, 98
537012.5.peg.3342.site.6, 25, 93, 118
537012.5.peg.3342.site.7, 6, 89, 95
537012.5.peg.3342.site.8, 72, 76, 148
537012.5.peg.3342.site.9, 3, 78, 81
537012.5.peg.3342.site.10, 15, 78, 93
537012.5.peg.3342.site.11, 2, 83, 85
537012.5.peg.3342.site.12, 25, 87, 112
537012.5.peg.3342.site.13, 17, 90, 107
537012.5.peg.3342.site.14, 12, 89, 101
537012.5.peg.3342.site.15, 11, 84, 95
537012.5.peg.3342.site.16, 1, 78, 79
537012.5.peg.3342.site.17, 12, 75, 87
537012.5.peg.3342.site.18, 1, 74, 75
537012.5.peg.3342.site.19, 31, 71, 102
537012.5.peg.3342.site.20, 3, 72, 75
537012.5.peg.3342.site.21, 31, 75, 106
537012.5.peg.3342.site.22, 27, 79, 106
537012.5.peg.3342.site.23, 17, 81, 98
537012.5.peg.3342.site.24, 2, 82, 84
537012.5.peg.3342.site.25, 11, 83, 94
537012.5.peg.3342.site.26, 0, 83, 83
537012.5.peg.3342.site.27, 2, 83, 85
537012.5.peg.3342.site.28, 13, 84, 97
537012.5.peg.3342.site.29, 6, 86, 92
537012.5.peg.3342.site.30, 1, 86, 87
537012.5.peg.3342.site.31, 1, 83, 84
537012.5.peg.3342.site.32, 5, 84, 89
537012.5.peg.3342.site.33, 6, 76, 82
537012.5.peg.3342.site.34, 1, 76, 77
537012.5.peg.3342.site.35, 1, 73, 74
537012.5.peg.3342.site.36, 45, 71, 116
537012.5.peg.3342.site.37, 4, 73, 77
537012.5.peg.3342.site.38, 1, 71, 72
537012.5.peg.3342.site.39, 2, 74, 76
537012.5.peg.3342.site.40, 3, 74, 77
537012.5.peg.3342.site.41, 1, 73, 74
537012.5.peg.3342.site.42, 3, 72, 75
537012.5.peg.3342.site.43, 1, 70, 71
537012.5.peg.3342.site.44, 65, 73, 138
537012.5.peg.3342.site.45, 11, 73, 84
537012.5.peg.3342.site.46, 14, 74, 88
537012.5.peg.3342.site.47, 17, 72, 89
537012.5.peg.3342.site.48, 33, 70, 103
537012.5.peg.3342.site.49, 1, 73, 74
537012.5.peg.3342.site.50, 65, 71, 136
537012.5.peg.3342.site.51, 1, 72, 73
537012.5.peg.3342.site.52, 1, 72, 73
537012.5.peg.3342.site.53, 1, 69, 70
537012.5.peg.3342.site.54, 1, 71, 72
537012.5.peg.3342.site.55, 1, 69, 70
537012.5.peg.3342.site.56, 1, 72, 73
537012.5.peg.3342.site.57, 35, 70, 105
537012.5.peg.3342.site.58, 40, 69, 109
537012.5.peg.3342.site.59, 1, 70, 71
537012.5.peg.3342.site.60, 34, 69, 103
537012.5.peg.3342.site.61, 21, 71, 92
537012.5.peg.3343.site.1, 1, 71, 72
537012.5.peg.3343.site.2, 13, 69, 82
537012.5.peg.3343.site.3, 1, 72, 73
537012.5.peg.3343.site.4, 29, 70, 99
537012.5.peg.3343.site.5, 0, 71, 71
537012.5.peg.3343.site.6, 0, 70, 70
537012.5.peg.3343.site.7, 11, 72, 83
537012.5.peg.3343.site.8, 38, 68, 106
537012.5.peg.3343.site.9, 14, 69, 83
537012.5.peg.3343.site.10, 2, 69, 71
537012.5.peg.3343.site.11, 4, 71, 75
537012.5.peg.3343.site.12, 11, 71, 82
537012.5.peg.3343.site.13, 62, 71, 133
537012.5.peg.3343.site.14, 31, 71, 102
537012.5.peg.3343.site.15, 2, 70, 72
537012.5.peg.3343.site.16, 5, 71, 76
537012.5.peg.3343.site.17, 16, 72, 88
537012.5.peg.3343.site.18, 28, 73, 101
537012.5.peg.3343.site.19, 3, 74, 77
537012.5.peg.3343.site.20, 1, 73, 74
537012.5.peg.3343.site.21, 14, 74, 88
537012.5.peg.3343.site.22, 1, 105, 106
537012.5.peg.3343.site.23, 8, 109, 117
537012.5.peg.3343.site.24, 1, 109, 110
537012.5.peg.3343.site.25, 3, 102, 105
537012.5.peg.3343.site.26, 2, 107, 109
537012.5.peg.3343.site.27, 1, 104, 105
537012.5.peg.3343.site.28, 1, 106, 107
537012.5.peg.3343.site.29, 15, 102, 117
537012.5.peg.3343.site.30, 8, 102, 110
537012.5.peg.3343.site.31, 2, 97, 99
537012.5.peg.3343.site.32, 5, 93, 98
537012.5.peg.3343.site.33, 6, 85, 91
537012.5.peg.3343.site.34, 3, 85, 88
537012.5.peg.3343.site.35, 2, 74, 76
537012.5.peg.2219.site.1, 1, 125, 126
537012.5.peg.2219.site.2, 1, 124, 125
537012.5.peg.2219.site.3, 1, 124, 125
537012.5.peg.2219.site.4, 20, 124, 144
537012.5.peg.2219.site.5, 1, 125, 126
537012.5.peg.2219.site.6, 1, 124, 125
537012.5.peg.2219.site.7, 95, 123, 218
537012.5.peg.2219.site.8, 1, 124, 125
537012.5.peg.2219.site.9, 1, 125, 126
537012.5.peg.2219.site.10, 6, 125, 131
537012.5.peg.2219.site.11, 31, 125, 156
537012.5.peg.2219.site.12, 6, 125, 131
537012.5.peg.2219.site.13, 0, 125, 125
537012.5.peg.2219.site.14, 1, 123, 124
537012.5.peg.2219.site.15, 60, 123, 183
537012.5.peg.2219.site.16, 1, 125, 126
537012.5.peg.2219.site.17, 1, 125, 126
537012.5.peg.2219.site.18, 1, 125, 126
537012.5.peg.2219.site.19, 1, 124, 125
537012.5.peg.2219.site.20, 1, 125, 126
537012.5.peg.2219.site.21, 85, 125, 210
537012.5.peg.2218.site.1, 8, 123, 131
537012.5.peg.2218.site.2, 119, 124, 243
537012.5.peg.2218.site.3, 12, 123, 135
537012.5.peg.2218.site.4, 14, 123, 137
537012.5.peg.2218.site.5, 1, 124, 125
537012.5.peg.2218.site.6, 1, 124, 125
537012.5.peg.2218.site.7, 1, 123, 124
537012.5.peg.2218.site.8, 1, 123, 124
537012.5.peg.2218.site.9, 52, 122, 174
537012.5.peg.2218.site.10, 1, 125, 126
537012.5.peg.2218.site.11, 1, 125, 126
537012.5.peg.2218.site.12, 1, 124, 125
537012.5.peg.2218.site.13, 1, 124, 125
537012.5.peg.2218.site.14, 1, 124, 125
537012.5.peg.2218.site.15, 0, 125, 125
537012.5.peg.2218.site.16, 59, 125, 184
537012.5.peg.2218.site.17, 22, 125, 147
537012.5.peg.3346.site.1, 1, 130, 131
537012.5.peg.3346.site.2, 1, 134, 135
537012.5.peg.3346.site.3, 7, 133, 140
537012.5.peg.3346.site.4, 3, 134, 137
537012.5.peg.3346.site.5, 16, 134, 150
537012.5.peg.3346.site.6, 7, 134, 141
537012.5.peg.3346.site.7, 7, 134, 141
537012.5.peg.3346.site.8, 10, 132, 142
537012.5.peg.3346.site.9, 26, 131, 157
537012.5.peg.3346.site.10, 0, 132, 132
537012.5.peg.3346.site.11, 5, 134, 139
537012.5.peg.3346.site.12, 6, 134, 140
537012.5.peg.3346.site.13, 6, 134, 140
537012.5.peg.3346.site.14, 0, 134, 134
537012.5.peg.3346.site.15, 7, 134, 141
537012.5.peg.3346.site.16, 3, 133, 136
537012.5.peg.3346.site.17, 3, 132, 135
537012.5.peg.3346.site.18, 7, 133, 140
537012.5.peg.3346.site.19, 15, 132, 147
537012.5.peg.3346.site.20, 7, 133, 140
537012.5.peg.3346.site.21, 1, 134, 135
537012.5.peg.3346.site.22, 6, 134, 140
537012.5.peg.3346.site.23, 5, 134, 139
537012.5.peg.3346.site.24, 98, 132, 230
537012.5.peg.3346.site.25, 1, 134, 135
537012.5.peg.3346.site.26, 0, 134, 134
537012.5.peg.3346.site.27, 4, 134, 138
537012.5.peg.3346.site.28, 3, 130, 133
537012.5.peg.3346.site.29, 7, 134, 141
537012.5.peg.3346.site.30, 1, 133, 134
537012.5.peg.3346.site.31, 30, 132, 162
537012.5.peg.3346.site.32, 3, 133, 136
537012.5.peg.3346.site.33, 1, 133, 134
537012.5.peg.3346.site.34, 1, 134, 135
537012.5.peg.3346.site.35, 4, 134, 138
537012.5.peg.3346.site.36, 28, 132, 160
537012.5.peg.3346.site.37, 4, 134, 138
537012.5.peg.3346.site.38, 18, 134, 152
537012.5.peg.3346.site.39, 5, 133, 138
537012.5.peg.3346.site.40, 1, 134, 135
537012.5.peg.3346.site.41, 1, 134, 135
537012.5.peg.3346.site.42, 1, 134, 135
537012.5.peg.3346.site.43, 0, 134, 134
537012.5.peg.3346.site.44, 8, 134, 142
537012.5.peg.3346.site.45, 1, 134, 135
537012.5.peg.3346.site.46, 1, 134, 135
537012.5.peg.3346.site.47, 0, 134, 134
537012.5.peg.3346.site.48, 4, 134, 138
537012.5.peg.3346.site.49, 1, 134, 135
537012.5.peg.3346.site.50, 1, 134, 135
537012.5.peg.3347.site.1, 20, 131, 151
537012.5.peg.3347.site.2, 0, 132, 132
537012.5.peg.3347.site.3, 22, 133, 155
537012.5.peg.3347.site.4, 17, 134, 151
537012.5.peg.3347.site.5, 6, 133, 139
537012.5.peg.3347.site.6, 2, 132, 134
537012.5.peg.3347.site.7, 2, 128, 130
537012.5.peg.3347.site.8, 48, 130, 178
537012.5.peg.3347.site.9, 0, 130, 130
537012.5.peg.3347.site.10, 0, 129, 129
537012.5.peg.3347.site.11, 1, 130, 131
537012.5.peg.3347.site.12, 103, 132, 235
537012.5.peg.3347.site.13, 0, 133, 133
537012.5.peg.3347.site.14, 31, 131, 162
537012.5.peg.607.site.1, 6, 110, 116
537012.5.peg.607.site.2, 7, 109, 116
537012.5.peg.607.site.3, 29, 117, 146
537012.5.peg.607.site.4, 6, 121, 127
537012.5.peg.607.site.5, 6, 121, 127
537012.5.peg.607.site.6, 10, 121, 131
537012.5.peg.607.site.7, 4, 119, 123
537012.5.peg.607.site.8, 97, 118, 215
537012.5.peg.607.site.9, 11, 118, 129
537012.5.peg.607.site.10, 18, 117, 135
537012.5.peg.607.site.11, 20, 118, 138
537012.5.peg.607.site.12, 8, 121, 129
537012.5.peg.607.site.13, 21, 125, 146
537012.5.peg.607.site.14, 47, 132, 179
537012.5.peg.607.site.15, 1, 130, 131
537012.5.peg.607.site.16, 5, 132, 137
537012.5.peg.607.site.17, 97, 130, 227
537012.5.peg.607.site.18, 4, 131, 135
537012.5.peg.607.site.19, 1, 132, 133
537012.5.peg.607.site.20, 1, 131, 132
537012.5.peg.607.site.21, 5, 129, 134
537012.5.peg.607.site.22, 17, 131, 148
537012.5.peg.607.site.23, 14, 131, 145
537012.5.peg.607.site.24, 0, 132, 132
537012.5.peg.607.site.25, 4, 131, 135
537012.5.peg.607.site.26, 1, 132, 133
537012.5.peg.607.site.27, 28, 133, 161
537012.5.peg.607.site.28, 0, 132, 132
537012.5.peg.607.site.29, 0, 131, 131
537012.5.peg.607.site.30, 12, 132, 144
537012.5.peg.607.site.31, 0, 131, 131
537012.5.peg.607.site.32, 12, 131, 143
537012.5.peg.607.site.33, 22, 131, 153
537012.5.peg.607.site.34, 4, 129, 133
537012.5.peg.607.site.35, 31, 130, 161
537012.5.peg.607.site.36, 0, 129, 129
537012.5.peg.607.site.37, 131, 132, 263
537012.5.peg.607.site.38, 0, 131, 131
537012.5.peg.607.site.39, 32, 131, 163
537012.5.peg.607.site.40, 2, 132, 134
537012.5.peg.607.site.41, 107, 133, 240
537012.5.peg.607.site.42, 8, 134, 142
537012.5.peg.607.site.43, 2, 133, 135
537012.5.peg.607.site.44, 6, 132, 138
537012.5.peg.607.site.45, 0, 133, 133
537012.5.peg.607.site.46, 5, 133, 138
537012.5.peg.607.site.47, 10, 133, 143
537012.5.peg.607.site.48, 13, 134, 147
537012.5.peg.607.site.49, 18, 134, 152
537012.5.peg.607.site.50, 5, 133, 138
537012.5.peg.607.site.51, 20, 134, 154
537012.5.peg.607.site.52, 81, 134, 215
537012.5.peg.607.site.53, 20, 134, 154
537012.5.peg.607.site.54, 116, 134, 250
537012.5.peg.607.site.55, 2, 134, 136
537012.5.peg.607.site.56, 21, 134, 155
537012.5.peg.607.site.57, 38, 134, 172
537012.5.peg.607.site.58, 16, 133, 149
537012.5.peg.607.site.59, 1, 134, 135
537012.5.peg.607.site.60, 2, 134, 136
537012.5.peg.607.site.61, 5, 131, 136
537012.5.peg.607.site.62, 1, 130, 131
537012.5.peg.607.site.63, 20, 134, 154
537012.5.peg.607.site.64, 9, 134, 143
537012.5.peg.607.site.65, 9, 134, 143
537012.5.peg.607.site.66, 9, 134, 143
537012.5.peg.607.site.67, 2, 134, 136
537012.5.peg.607.site.68, 1, 134, 135
537012.5.peg.607.site.69, 4, 132, 136
537012.5.peg.607.site.70, 3, 131, 134
537012.5.peg.4448.site.1, 6, 133, 139
537012.5.peg.4448.site.2, 56, 133, 189
537012.5.peg.4448.site.3, 5, 133, 138
537012.5.peg.4448.site.4, 1, 134, 135
537012.5.peg.4448.site.5, 2, 134, 136
537012.5.peg.4448.site.6, 52, 131, 183
537012.5.peg.4448.site.7, 1, 134, 135
537012.5.peg.4448.site.8, 3, 134, 137
537012.5.peg.4448.site.9, 2, 133, 135
537012.5.peg.4448.site.10, 17, 132, 149
537012.5.peg.4448.site.11, 1, 131, 132
537012.5.peg.4448.site.12, 3, 131, 134
537012.5.peg.4448.site.13, 8, 133, 141
537012.5.peg.4448.site.14, 1, 134, 135
537012.5.peg.4448.site.15, 4, 133, 137
537012.5.peg.4448.site.16, 12, 132, 144
537012.5.peg.4448.site.17, 10, 129, 139
537012.5.peg.4448.site.18, 11, 132, 143
537012.5.peg.4448.site.19, 0, 133, 133
537012.5.peg.4448.site.20, 1, 134, 135
537012.5.peg.4448.site.21, 6, 134, 140
537012.5.peg.4448.site.22, 133, 134, 267
537012.5.peg.4448.site.23, 3, 134, 137
537012.5.peg.4448.site.24, 1, 134, 135
537012.5.peg.4448.site.25, 3, 132, 135
537012.5.peg.4448.site.26, 4, 132, 136
537012.5.peg.4448.site.27, 0, 134, 134
537012.5.peg.4448.site.28, 36, 132, 168
537012.5.peg.4448.site.29, 0, 131, 131
537012.5.peg.4448.site.30, 7, 134, 141
537012.5.peg.4448.site.31, 0, 131, 131
537012.5.peg.4448.site.32, 119, 133, 252
537012.5.peg.4448.site.33, 2, 133, 135
537012.5.peg.4448.site.34, 2, 133, 135
537012.5.peg.4448.site.35, 1, 134, 135
537012.5.peg.4448.site.36, 2, 134, 136
537012.5.peg.4448.site.37, 24, 131, 155
537012.5.peg.4449.site.1, 56, 133, 189
537012.5.peg.4449.site.2, 3, 134, 137
537012.5.peg.4449.site.3, 4, 134, 138
537012.5.peg.4449.site.4, 4, 134, 138
537012.5.peg.4449.site.5, 42, 132, 174
537012.5.peg.4449.site.6, 19, 132, 151
537012.5.peg.4449.site.7, 89, 134, 223
537012.5.peg.4449.site.8, 0, 133, 133
537012.5.peg.4449.site.9, 1, 133, 134
537012.5.peg.4449.site.10, 1, 134, 135
537012.5.peg.4449.site.11, 1, 134, 135
537012.5.peg.4449.site.12, 31, 134, 165
537012.5.peg.4449.site.13, 2, 132, 134
537012.5.peg.4449.site.14, 30, 133, 163
537012.5.peg.4449.site.15, 0, 134, 134
537012.5.peg.4449.site.16, 5, 133, 138
537012.5.peg.4449.site.17, 46, 134, 180
537012.5.peg.4747.site.1, 0, 111, 111
537012.5.peg.4747.site.2, 1, 110, 111
537012.5.peg.4747.site.3, 0, 111, 111
537012.5.peg.4747.site.4, 8, 116, 124
537012.5.peg.4747.site.5, 12, 115, 127
537012.5.peg.4747.site.6, 0, 119, 119
537012.5.peg.4747.site.7, 2, 116, 118
537012.5.peg.4747.site.8, 0, 120, 120
537012.5.peg.4747.site.9, 1, 117, 118
537012.5.peg.4747.site.10, 1, 117, 118
537012.5.peg.4747.site.11, 83, 115, 198
537012.5.peg.4747.site.12, 0, 113, 113
537012.5.peg.4747.site.13, 4, 110, 114
537012.5.peg.4747.site.14, 0, 107, 107
537012.5.peg.4747.site.15, 0, 122, 122
537012.5.peg.4747.site.16, 17, 125, 142
537012.5.peg.4747.site.17, 4, 126, 130
537012.5.peg.4747.site.18, 1, 127, 128
537012.5.peg.4747.site.19, 6, 127, 133
537012.5.peg.4747.site.20, 3, 128, 131
537012.5.peg.4747.site.21, 5, 127, 132
537012.5.peg.4747.site.22, 1, 128, 129
537012.5.peg.4747.site.23, 4, 128, 132
537012.5.peg.4747.site.24, 83, 124, 207
537012.5.peg.4747.site.25, 11, 123, 134
537012.5.peg.4747.site.26, 1, 123, 124
537012.5.peg.4747.site.27, 1, 123, 124
537012.5.peg.4747.site.28, 1, 125, 126
537012.5.peg.4747.site.29, 1, 123, 124
537012.5.peg.4747.site.30, 1, 123, 124
537012.5.peg.4747.site.31, 1, 123, 124
537012.5.peg.4747.site.32, 10, 102, 112
537012.5.peg.4747.site.33, 89, 102, 191
537012.5.peg.4747.site.34, 1, 106, 107
537012.5.peg.4747.site.35, 2, 107, 109
537012.5.peg.4747.site.36, 4, 111, 115
537012.5.peg.4747.site.37, 6, 116, 122
537012.5.peg.4747.site.38, 19, 126, 145
537012.5.peg.4747.site.39, 2, 125, 127
537012.5.peg.4747.site.40, 1, 124, 125
537012.5.peg.4747.site.41, 1, 122, 123
537012.5.peg.4747.site.42, 6, 122, 128
537012.5.peg.4747.site.43, 10, 122, 132
537012.5.peg.4747.site.44, 6, 120, 126
537012.5.peg.4747.site.45, 1, 118, 119
537012.5.peg.4747.site.46, 23, 124, 147
537012.5.peg.4747.site.47, 0, 122, 122
537012.5.peg.4747.site.48, 0, 122, 122
537012.5.peg.4747.site.49, 6, 128, 134
537012.5.peg.4747.site.50, 1, 126, 127
537012.5.peg.4747.site.51, 4, 129, 133
537012.5.peg.4747.site.52, 0, 125, 125
537012.5.peg.4747.site.53, 0, 123, 123
537012.5.peg.4747.site.54, 1, 122, 123
537012.5.peg.4747.site.55, 3, 123, 126
537012.5.peg.4747.site.56, 0, 123, 123
537012.5.peg.4747.site.57, 3, 123, 126
537012.5.peg.4747.site.58, 0, 123, 123
537012.5.peg.4747.site.59, 1, 124, 125
537012.5.peg.4747.site.60, 1, 122, 123
537012.5.peg.4747.site.61, 3, 124, 127
537012.5.peg.4747.site.62, 3, 126, 129
537012.5.peg.4747.site.63, 10, 125, 135
537012.5.peg.4747.site.64, 3, 125, 128
537012.5.peg.4747.site.65, 21, 121, 142
537012.5.peg.4747.site.66, 118, 124, 242
537012.5.peg.4747.site.67, 121, 122, 243
537012.5.peg.4747.site.68, 0, 122, 122
537012.5.peg.4747.site.69, 0, 122, 122
537012.5.peg.4747.site.70, 9, 125, 134
537012.5.peg.4747.site.71, 2, 124, 126
537012.5.peg.4747.site.72, 0, 126, 126
537012.5.peg.4747.site.73, 11, 126, 137
537012.5.peg.4747.site.74, 0, 125, 125
537012.5.peg.4747.site.75, 3, 125, 128
537012.5.peg.4747.site.76, 3, 124, 127
537012.5.peg.4747.site.77, 0, 122, 122
537012.5.peg.4747.site.78, 1, 122, 123
537012.5.peg.4747.site.79, 1, 121, 122
537012.5.peg.4747.site.80, 0, 124, 124
537012.5.peg.4747.site.81, 108, 123, 231
537012.5.peg.4747.site.82, 0, 121, 121
537012.5.peg.4747.site.83, 28, 116, 144
537012.5.peg.4747.site.84, 0, 107, 107
537012.5.peg.4747.site.85, 12, 103, 115
537012.5.peg.4747.site.86, 0, 120, 120
537012.5.peg.4747.site.87, 12, 123, 135
537012.5.peg.4747.site.88, 20, 123, 143
537012.5.peg.4747.site.89, 4, 122, 126
537012.5.peg.4747.site.90, 52, 121, 173
537012.5.peg.4747.site.91, 10, 120, 130
537012.5.peg.4747.site.92, 12, 120, 132
537012.5.peg.4747.site.93, 1, 123, 124
537012.5.peg.4747.site.94, 3, 123, 126
537012.5.peg.4747.site.95, 0, 122, 122
537012.5.peg.4747.site.96, 3, 122, 125
537012.5.peg.4747.site.97, 62, 119, 181
537012.5.peg.4747.site.98, 0, 122, 122
537012.5.peg.4747.site.99, 19, 125, 144
537012.5.peg.4747.site.100, 3, 126, 129
537012.5.peg.4747.site.101, 22, 126, 148
537012.5.peg.4747.site.102, 0, 126, 126
537012.5.peg.4747.site.103, 46, 122, 168
537012.5.peg.4747.site.104, 0, 123, 123
537012.5.peg.4747.site.105, 7, 125, 132
537012.5.peg.4747.site.106, 56, 120, 176
537012.5.peg.4747.site.107, 1, 121, 122
537012.5.peg.4747.site.108, 1, 115, 116
537012.5.peg.4747.site.109, 0, 110, 110
537012.5.peg.4747.site.110, 3, 110, 113
537012.5.peg.4747.site.111, 10, 112, 122
537012.5.peg.4747.site.112, 17, 122, 139
537012.5.peg.4747.site.113, 0, 120, 120
537012.5.peg.4747.site.114, 13, 122, 135
537012.5.peg.4747.site.115, 57, 122, 179
537012.5.peg.4747.site.116, 12, 124, 136
537012.5.peg.4747.site.117, 69, 122, 191
537012.5.peg.4747.site.118, 69, 124, 193
537012.5.peg.4747.site.119, 0, 123, 123
537012.5.peg.4747.site.120, 0, 121, 121
537012.5.peg.4747.site.121, 1, 121, 122
537012.5.peg.4747.site.122, 0, 122, 122
537012.5.peg.4747.site.123, 18, 125, 143
537012.5.peg.4747.site.124, 4, 123, 127
537012.5.peg.4747.site.125, 3, 122, 125
537012.5.peg.4747.site.126, 43, 121, 164
537012.5.peg.4747.site.127, 67, 123, 190
537012.5.peg.4747.site.128, 6, 123, 129
537012.5.peg.4747.site.129, 12, 123, 135
537012.5.peg.4747.site.130, 0, 122, 122
537012.5.peg.4747.site.131, 42, 122, 164
537012.5.peg.4747.site.132, 0, 120, 120
537012.5.peg.4747.site.133, 3, 121, 124
537012.5.peg.4747.site.134, 0, 120, 120
537012.5.peg.4747.site.135, 3, 122, 125
537012.5.peg.4747.site.136, 15, 121, 136
537012.5.peg.4747.site.137, 1, 124, 125
537012.5.peg.4747.site.138, 2, 123, 125
537012.5.peg.4747.site.139, 10, 124, 134
537012.5.peg.4747.site.140, 18, 122, 140
537012.5.peg.4747.site.141, 106, 124, 230
537012.5.peg.4747.site.142, 85, 124, 209
537012.5.peg.4747.site.143, 4, 123, 127
537012.5.peg.4747.site.144, 4, 124, 128
537012.5.peg.4747.site.145, 49, 121, 170
537012.5.peg.4747.site.146, 3, 123, 126
537012.5.peg.4747.site.147, 3, 124, 127
537012.5.peg.4747.site.148, 2, 123, 125
537012.5.peg.4747.site.149, 6, 125, 131
537012.5.peg.4747.site.150, 0, 126, 126
537012.5.peg.4747.site.151, 1, 126, 127
537012.5.peg.4747.site.152, 4, 127, 131
537012.5.peg.4747.site.153, 0, 127, 127
537012.5.peg.4747.site.154, 13, 127, 140
537012.5.peg.4747.site.155, 4, 125, 129
537012.5.peg.4747.site.156, 3, 126, 129
537012.5.peg.4747.site.157, 3, 124, 127
537012.5.peg.4747.site.158, 0, 126, 126
537012.5.peg.4747.site.159, 5, 126, 131
537012.5.peg.4747.site.160, 55, 127, 182
537012.5.peg.4747.site.161, 3, 127, 130
537012.5.peg.4747.site.162, 58, 126, 184
537012.5.peg.4747.site.163, 4, 125, 129
537012.5.peg.4747.site.164, 0, 126, 126
537012.5.peg.4747.site.165, 5, 125, 130
537012.5.peg.4747.site.166, 0, 124, 124
537012.5.peg.4747.site.167, 12, 127, 139
537012.5.peg.4747.site.168, 41, 124, 165
537012.5.peg.4747.site.169, 3, 124, 127
537012.5.peg.4745.site.1, 1, 121, 122
537012.5.peg.4745.site.2, 0, 120, 120
537012.5.peg.4745.site.3, 11, 122, 133
537012.5.peg.4745.site.4, 2, 123, 125
537012.5.peg.4745.site.5, 1, 123, 124
537012.5.peg.4745.site.6, 3, 122, 125
537012.5.peg.4745.site.7, 17, 123, 140
537012.5.peg.4745.site.8, 11, 123, 134
537012.5.peg.4745.site.9, 0, 123, 123
537012.5.peg.4745.site.10, 10, 122, 132
537012.5.peg.4745.site.11, 0, 121, 121
537012.5.peg.4745.site.12, 41, 121, 162
537012.5.peg.4745.site.13, 0, 119, 119
537012.5.peg.4745.site.14, 7, 117, 124
537012.5.peg.4745.site.15, 7, 112, 119
537012.5.peg.4745.site.16, 26, 118, 144
537012.5.peg.4745.site.17, 11, 122, 133
537012.5.peg.4745.site.18, 12, 122, 134
537012.5.peg.4745.site.19, 0, 122, 122
537012.5.peg.4745.site.20, 20, 123, 143
537012.5.peg.4745.site.21, 0, 122, 122
537012.5.peg.4745.site.22, 9, 119, 128
537012.5.peg.4745.site.23, 28, 122, 150
537012.5.peg.4745.site.24, 21, 122, 143
537012.5.peg.4745.site.25, 31, 123, 154
537012.5.peg.4745.site.26, 5, 126, 131
537012.5.peg.4745.site.27, 4, 126, 130
537012.5.peg.4745.site.28, 4, 126, 130
537012.5.peg.4745.site.29, 4, 120, 124
537012.5.peg.4745.site.30, 3, 118, 121
537012.5.peg.4745.site.31, 70, 114, 184
537012.5.peg.4745.site.32, 6, 119, 125
537012.5.peg.4745.site.33, 0, 121, 121
537012.5.peg.4745.site.34, 3, 110, 113
537012.5.peg.4745.site.35, 3, 110, 113
537012.5.peg.4119.site.1, 4, 134, 138
537012.5.peg.4119.site.2, 3, 134, 137
537012.5.peg.4119.site.3, 6, 134, 140
537012.5.peg.4119.site.4, 2, 134, 136
537012.5.peg.4119.site.5, 76, 130, 206
537012.5.peg.4119.site.6, 1, 133, 134
537012.5.peg.4119.site.7, 2, 134, 136
537012.5.peg.4119.site.8, 3, 131, 134
537012.5.peg.4119.site.9, 1, 133, 134
537012.5.peg.4119.site.10, 1, 133, 134
537012.5.peg.4119.site.11, 14, 130, 144
537012.5.peg.4119.site.12, 1, 133, 134
537012.5.peg.4119.site.13, 3, 133, 136
537012.5.peg.4119.site.14, 14, 129, 143
537012.5.peg.4119.site.15, 2, 131, 133
537012.5.peg.4119.site.16, 2, 130, 132
537012.5.peg.4119.site.17, 3, 128, 131
537012.5.peg.4119.site.18, 110, 128, 238
537012.5.peg.4119.site.19, 12, 126, 138
537012.5.peg.4119.site.20, 2, 130, 132
537012.5.peg.4119.site.21, 3, 131, 134
537012.5.peg.4119.site.22, 1, 132, 133
537012.5.peg.4119.site.23, 2, 132, 134
537012.5.peg.4119.site.24, 30, 131, 161
537012.5.peg.4119.site.25, 14, 130, 144
537012.5.peg.4119.site.26, 46, 127, 173
537012.5.peg.4119.site.27, 1, 131, 132
537012.5.peg.4119.site.28, 1, 130, 131
537012.5.peg.4119.site.29, 2, 131, 133
537012.5.peg.4119.site.30, 25, 128, 153
537012.5.peg.4119.site.31, 2, 132, 134
537012.5.peg.4119.site.32, 58, 131, 189
537012.5.peg.4119.site.33, 0, 132, 132
537012.5.peg.4119.site.34, 0, 132, 132
537012.5.peg.4119.site.35, 54, 130, 184
537012.5.peg.4119.site.36, 5, 128, 133
537012.5.peg.4119.site.37, 60, 127, 187
537012.5.peg.4119.site.38, 70, 127, 197
537012.5.peg.4119.site.39, 1, 129, 130
537012.5.peg.4119.site.40, 1, 131, 132
537012.5.peg.4119.site.41, 15, 129, 144
537012.5.peg.4119.site.42, 10, 128, 138
537012.5.peg.4119.site.43, 0, 129, 129
537012.5.peg.3980.site.1, 17, 129, 146
537012.5.peg.3980.site.2, 7, 133, 140
537012.5.peg.3980.site.3, 3, 133, 136
537012.5.peg.3980.site.4, 18, 132, 150
537012.5.peg.3980.site.5, 4, 132, 136
537012.5.peg.3980.site.6, 36, 130, 166
537012.5.peg.3980.site.7, 16, 131, 147
537012.5.peg.3980.site.8, 2, 130, 132
537012.5.peg.3980.site.9, 1, 129, 130
537012.5.peg.3980.site.10, 48, 130, 178
537012.5.peg.3980.site.11, 18, 129, 147
537012.5.peg.3980.site.12, 1, 128, 129
537012.5.peg.3980.site.13, 2, 129, 131
537012.5.peg.3980.site.14, 17, 128, 145
537012.5.peg.3981.site.1, 1, 130, 131
537012.5.peg.3981.site.2, 19, 131, 150
537012.5.peg.3981.site.3, 3, 132, 135
537012.5.peg.3981.site.4, 1, 131, 132
537012.5.peg.3981.site.5, 1, 130, 131
537012.5.peg.3981.site.6, 0, 131, 131
537012.5.peg.3981.site.7, 10, 130, 140
537012.5.peg.3981.site.8, 2, 131, 133
537012.5.peg.3981.site.9, 3, 130, 133
537012.5.peg.3981.site.10, 2, 130, 132
537012.5.peg.3981.site.11, 3, 131, 134
537012.5.peg.3981.site.12, 1, 134, 135
537012.5.peg.3981.site.13, 96, 128, 224
537012.5.peg.3981.site.14, 110, 124, 234
537012.5.peg.3981.site.15, 4, 124, 128
537012.5.peg.3981.site.16, 94, 125, 219
537012.5.peg.3981.site.17, 129, 131, 260
537012.5.peg.3981.site.18, 17, 133, 150
537012.5.peg.3981.site.19, 0, 134, 134
537012.5.peg.3981.site.20, 5, 133, 138
537012.5.peg.3981.site.21, 5, 133, 138
537012.5.peg.3982.site.1, 2, 115, 117
537012.5.peg.3982.site.2, 112, 118, 230
537012.5.peg.3982.site.3, 16, 130, 146
537012.5.peg.3982.site.4, 2, 130, 132
537012.5.peg.3982.site.5, 36, 131, 167
537012.5.peg.3982.site.6, 4, 131, 135
537012.5.peg.3982.site.7, 1, 133, 134
537012.5.peg.3982.site.8, 13, 133, 146
537012.5.peg.3982.site.9, 4, 132, 136
537012.5.peg.3982.site.10, 7, 134, 141
537012.5.peg.3982.site.11, 1, 134, 135
537012.5.peg.3982.site.12, 81, 131, 212
537012.5.peg.3982.site.13, 4, 131, 135
537012.5.peg.3982.site.14, 0, 130, 130
537012.5.peg.3982.site.15, 8, 130, 138
537012.5.peg.3982.site.16, 0, 134, 134
537012.5.peg.3982.site.17, 2, 134, 136
537012.5.peg.3982.site.18, 3, 131, 134
537012.5.peg.3982.site.19, 4, 133, 137
537012.5.peg.3982.site.20, 4, 133, 137
537012.5.peg.3982.site.21, 1, 130, 131
537012.5.peg.3982.site.22, 7, 130, 137
537012.5.peg.3982.site.23, 1, 130, 131
537012.5.peg.3982.site.24, 18, 130, 148
537012.5.peg.3982.site.25, 0, 130, 130
537012.5.peg.3982.site.26, 17, 132, 149
537012.5.peg.3982.site.27, 3, 131, 134
537012.5.peg.3982.site.28, 17, 134, 151
537012.5.peg.3982.site.29, 0, 134, 134
537012.5.peg.3982.site.30, 2, 134, 136
537012.5.peg.3982.site.31, 4, 132, 136
537012.5.peg.3982.site.32, 3, 131, 134
537012.5.peg.3982.site.33, 15, 128, 143
537012.5.peg.3982.site.34, 1, 130, 131
537012.5.peg.3982.site.35, 1, 131, 132
537012.5.peg.3982.site.36, 8, 130, 138
537012.5.peg.3982.site.37, 1, 130, 131
537012.5.peg.3982.site.38, 1, 130, 131
537012.5.peg.3982.site.39, 1, 130, 131
537012.5.peg.3982.site.40, 66, 132, 198
537012.5.peg.3982.site.41, 16, 132, 148
537012.5.peg.3982.site.42, 66, 124, 190
537012.5.peg.3982.site.43, 17, 120, 137
537012.5.peg.3982.site.44, 121, 123, 244
537012.5.peg.3982.site.45, 7, 126, 133
537012.5.peg.3982.site.46, 0, 127, 127
537012.5.peg.3982.site.47, 4, 132, 136
537012.5.peg.3982.site.48, 36, 134, 170
537012.5.peg.3982.site.49, 11, 134, 145
537012.5.peg.3982.site.50, 4, 134, 138
537012.5.peg.3982.site.51, 3, 131, 134
537012.5.peg.3982.site.52, 6, 131, 137
537012.5.peg.3982.site.53, 15, 130, 145
537012.5.peg.3982.site.54, 0, 129, 129
537012.5.peg.3982.site.55, 1, 129, 130
537012.5.peg.3982.site.56, 2, 129, 131
537012.5.peg.3982.site.57, 1, 129, 130
537012.5.peg.3982.site.58, 17, 130, 147
537012.5.peg.3982.site.59, 17, 132, 149
537012.5.peg.3982.site.60, 4, 134, 138
537012.5.peg.3982.site.61, 5, 134, 139
537012.5.peg.3982.site.62, 23, 134, 157
537012.5.peg.3982.site.63, 0, 131, 131
537012.5.peg.3982.site.64, 6, 132, 138
537012.5.peg.3982.site.65, 2, 134, 136
537012.5.peg.3982.site.66, 49, 132, 181
537012.5.peg.3982.site.67, 5, 133, 138
537012.5.peg.3982.site.68, 1, 134, 135
537012.5.peg.3982.site.69, 1, 134, 135
537012.5.peg.3982.site.70, 0, 134, 134
537012.5.peg.3982.site.71, 18, 134, 152
537012.5.peg.3982.site.72, 4, 127, 131
537012.5.peg.3982.site.73, 3, 131, 134
537012.5.peg.3982.site.74, 4, 132, 136
537012.5.peg.3982.site.75, 1, 130, 131
537012.5.peg.3982.site.76, 27, 129, 156
537012.5.peg.3982.site.77, 1, 129, 130
537012.5.peg.3982.site.78, 2, 132, 134
537012.5.peg.3982.site.79, 3, 131, 134
537012.5.peg.3982.site.80, 16, 134, 150
537012.5.peg.3982.site.81, 9, 134, 143
537012.5.peg.3982.site.82, 10, 134, 144
537012.5.peg.3982.site.83, 11, 133, 144
537012.5.peg.3982.site.84, 4, 132, 136
537012.5.peg.3982.site.85, 1, 131, 132
537012.5.peg.3982.site.86, 1, 130, 131
537012.5.peg.3982.site.87, 29, 129, 158
537012.5.peg.3982.site.88, 4, 132, 136
537012.5.peg.3982.site.89, 14, 132, 146
537012.5.peg.3982.site.90, 4, 128, 132
537012.5.peg.3982.site.91, 3, 131, 134
537012.5.peg.3982.site.92, 8, 128, 136
537012.5.peg.3982.site.93, 1, 128, 129
537012.5.peg.3982.site.94, 1, 129, 130
537012.5.peg.3982.site.95, 40, 130, 170
537012.5.peg.3982.site.96, 36, 126, 162
537012.5.peg.3982.site.97, 115, 127, 242
537012.5.peg.3982.site.98, 0, 128, 128
537012.5.peg.3982.site.99, 0, 128, 128
537012.5.peg.3982.site.100, 33, 132, 165
537012.5.peg.3982.site.101, 2, 133, 135
537012.5.peg.3982.site.102, 34, 131, 165
537012.5.peg.3982.site.103, 5, 133, 138
537012.5.peg.3982.site.104, 64, 132, 196
537012.5.peg.3982.site.105, 125, 134, 259
537012.5.peg.3982.site.106, 17, 134, 151
537012.5.peg.3982.site.107, 5, 133, 138
537012.5.peg.3983.site.1, 5, 133, 138
537012.5.peg.3983.site.2, 6, 133, 139
537012.5.peg.3983.site.3, 3, 134, 137
537012.5.peg.3983.site.4, 5, 133, 138
537012.5.peg.3983.site.5, 8, 134, 142
537012.5.peg.3983.site.6, 13, 132, 145
537012.5.peg.3983.site.7, 4, 132, 136
537012.5.peg.3983.site.8, 1, 130, 131
537012.5.peg.3983.site.9, 1, 131, 132
537012.5.peg.3983.site.10, 79, 130, 209
537012.5.peg.3983.site.11, 1, 131, 132
537012.5.peg.3983.site.12, 15, 130, 145
537012.5.peg.3983.site.13, 128, 130, 258
537012.5.peg.3983.site.14, 18, 128, 146
537012.5.peg.3983.site.15, 2, 129, 131
537012.5.peg.3983.site.16, 14, 130, 144
537012.5.peg.3983.site.17, 75, 128, 203
537012.5.peg.3983.site.18, 17, 134, 151
537012.5.peg.3983.site.19, 1, 134, 135
537012.5.peg.3983.site.20, 1, 134, 135
537012.5.peg.3983.site.21, 54, 131, 185
537012.5.peg.3983.site.22, 128, 134, 262
537012.5.peg.3983.site.23, 3, 131, 134
537012.5.peg.3983.site.24, 1, 130, 131
537012.5.peg.3983.site.25, 0, 128, 128
537012.5.peg.3983.site.26, 7, 130, 137
537012.5.peg.3983.site.27, 20, 130, 150
537012.5.peg.3983.site.28, 5, 130, 135
537012.5.peg.3983.site.29, 19, 130, 149
537012.5.peg.3983.site.30, 16, 127, 143
537012.5.peg.3983.site.31, 0, 125, 125
537012.5.peg.3983.site.32, 17, 124, 141
537012.5.peg.3983.site.33, 28, 123, 151
537012.5.peg.3983.site.34, 7, 112, 119
537012.5.peg.3983.site.35, 4, 110, 114
537012.5.peg.3983.site.36, 14, 106, 120
537012.5.peg.3983.site.37, 13, 105, 118
537012.5.peg.3983.site.38, 71, 110, 181
537012.5.peg.3983.site.39, 2, 113, 115
537012.5.peg.3983.site.40, 6, 113, 119
537012.5.peg.3983.site.41, 47, 123, 170
537012.5.peg.3983.site.42, 62, 123, 185
537012.5.peg.3983.site.43, 2, 130, 132
537012.5.peg.3983.site.44, 25, 130, 155
537012.5.peg.3983.site.45, 6, 133, 139
537012.5.peg.3983.site.46, 0, 131, 131
537012.5.peg.3983.site.47, 26, 129, 155
537012.5.peg.3983.site.48, 80, 132, 212
537012.5.peg.3983.site.49, 13, 133, 146
537012.5.peg.3983.site.50, 1, 130, 131
537012.5.peg.3983.site.51, 3, 129, 132
537012.5.peg.3983.site.52, 17, 130, 147
537012.5.peg.3983.site.53, 21, 130, 151
537012.5.peg.3983.site.54, 13, 129, 142
537012.5.peg.3983.site.55, 3, 130, 133
537012.5.peg.3983.site.56, 3, 130, 133
537012.5.peg.3983.site.57, 2, 129, 131
537012.5.peg.3983.site.58, 1, 129, 130
537012.5.peg.3983.site.59, 7, 116, 123
537012.5.peg.2965.site.1, 1, 127, 128
537012.5.peg.2966.site.1, 0, 96, 96
537012.5.peg.2966.site.2, 2, 97, 99
537012.5.peg.2966.site.3, 6, 99, 105
537012.5.peg.2966.site.4, 6, 105, 111
537012.5.peg.2966.site.5, 29, 103, 132
537012.5.peg.2966.site.6, 22, 99, 121
537012.5.peg.2966.site.7, 1, 91, 92
537012.5.peg.2966.site.8, 7, 98, 105
537012.5.peg.2966.site.9, 61, 93, 154
537012.5.peg.2966.site.10, 85, 91, 176
537012.5.peg.2966.site.11, 10, 90, 100
537012.5.peg.2966.site.12, 2, 101, 103
537012.5.peg.2966.site.13, 35, 118, 153
537012.5.peg.2966.site.14, 2, 125, 127
537012.5.peg.2966.site.15, 6, 123, 129
537012.5.peg.2962.site.1, 0, 124, 124
537012.5.peg.2962.site.2, 2, 124, 126
537012.5.peg.2962.site.3, 2, 123, 125
537012.5.peg.2962.site.4, 33, 121, 154
537012.5.peg.2962.site.5, 7, 129, 136
537012.5.peg.2962.site.6, 20, 130, 150
537012.5.peg.2962.site.7, 8, 131, 139
537012.5.peg.2962.site.8, 2, 131, 133
537012.5.peg.2962.site.9, 0, 131, 131
537012.5.peg.2962.site.10, 4, 129, 133
537012.5.peg.2962.site.11, 8, 131, 139
537012.5.peg.2962.site.12, 30, 130, 160
537012.5.peg.2962.site.13, 1, 127, 128
537012.5.peg.2962.site.14, 0, 126, 126
537012.5.peg.2962.site.15, 3, 120, 123
537012.5.peg.2962.site.16, 1, 98, 99
537012.5.peg.2362.site.1, 6, 125, 131
537012.5.peg.2361.site.1, 5, 119, 124
537012.5.peg.2361.site.2, 1, 118, 119
537012.5.peg.2361.site.3, 2, 120, 122
537012.5.peg.2361.site.4, 0, 118, 118
537012.5.peg.2361.site.5, 0, 117, 117
537012.5.peg.2361.site.6, 3, 113, 116
537012.5.peg.2361.site.7, 22, 111, 133
537012.5.peg.2361.site.8, 13, 103, 116
537012.5.peg.2361.site.9, 2, 94, 96
537012.5.peg.2361.site.10, 2, 96, 98
537012.5.peg.2361.site.11, 4, 98, 102
537012.5.peg.2361.site.12, 0, 97, 97
537012.5.peg.2361.site.13, 4, 101, 105
537012.5.peg.2361.site.14, 2, 100, 102
537012.5.peg.2361.site.15, 2, 101, 103
537012.5.peg.2361.site.16, 2, 99, 101
537012.5.peg.2361.site.17, 5, 105, 110
537012.5.peg.2361.site.18, 5, 104, 109
537012.5.peg.2361.site.19, 1, 105, 106
537012.5.peg.2361.site.20, 4, 105, 109
537012.5.peg.2361.site.21, 6, 126, 132
537012.5.peg.2361.site.22, 26, 128, 154
537012.5.peg.2360.site.1, 18, 131, 149
537012.5.peg.2360.site.2, 3, 130, 133
537012.5.peg.2360.site.3, 3, 131, 134
537012.5.peg.2360.site.4, 28, 133, 161
537012.5.peg.2360.site.5, 16, 134, 150
537012.5.peg.2360.site.6, 62, 131, 193
537012.5.peg.2360.site.7, 0, 130, 130
537012.5.peg.2360.site.8, 0, 130, 130
537012.5.peg.2360.site.9, 3, 129, 132
537012.5.peg.2368.site.1, 0, 79, 79
537012.5.peg.2368.site.2, 0, 96, 96
537012.5.peg.2368.site.3, 2, 122, 124
537012.5.peg.2368.site.4, 2, 129, 131
537012.5.peg.2368.site.5, 2, 129, 131
537012.5.peg.2368.site.6, 0, 131, 131
537012.5.peg.2368.site.7, 2, 129, 131
537012.5.peg.2368.site.8, 2, 129, 131
537012.5.peg.2368.site.9, 3, 130, 133
537012.5.peg.2368.site.10, 0, 129, 129
537012.5.peg.2368.site.11, 0, 128, 128
537012.5.peg.2368.site.12, 1, 130, 131
537012.5.peg.2368.site.13, 6, 130, 136
537012.5.peg.2368.site.14, 18, 130, 148
537012.5.peg.2368.site.15, 6, 129, 135
537012.5.peg.2368.site.16, 1, 129, 130
537012.5.peg.2368.site.17, 1, 130, 131
537012.5.peg.2368.site.18, 7, 130, 137
537012.5.peg.2368.site.19, 19, 130, 149
537012.5.peg.2368.site.20, 7, 129, 136
537012.5.peg.2368.site.21, 1, 129, 130
537012.5.peg.2368.site.22, 6, 130, 136
537012.5.peg.2368.site.23, 6, 130, 136
537012.5.peg.2368.site.24, 50, 130, 180
537012.5.peg.2368.site.25, 1, 129, 130
537012.5.peg.2368.site.26, 7, 130, 137
537012.5.peg.2368.site.27, 1, 129, 130
537012.5.peg.2368.site.28, 10, 129, 139
537012.5.peg.2368.site.29, 3, 130, 133
537012.5.peg.2368.site.30, 3, 130, 133
537012.5.peg.2368.site.31, 7, 130, 137
537012.5.peg.2368.site.32, 1, 129, 130
537012.5.peg.2368.site.33, 12, 129, 141
537012.5.peg.2368.site.34, 1, 129, 130
537012.5.peg.2368.site.35, 86, 129, 215
537012.5.peg.2368.site.36, 2, 131, 133
537012.5.peg.2368.site.37, 0, 131, 131
537012.5.peg.2368.site.38, 6, 131, 137
537012.5.peg.2368.site.39, 3, 132, 135
537012.5.peg.2368.site.40, 22, 128, 150
537012.5.peg.2368.site.41, 10, 128, 138
537012.5.peg.2368.site.42, 21, 130, 151
537012.5.peg.2368.site.43, 2, 131, 133
537012.5.peg.2368.site.44, 0, 131, 131
537012.5.peg.2368.site.45, 4, 130, 134
537012.5.peg.2368.site.46, 6, 129, 135
537012.5.peg.2368.site.47, 1, 130, 131
537012.5.peg.2368.site.48, 0, 129, 129
537012.5.peg.2368.site.49, 3, 129, 132
537012.5.peg.2368.site.50, 1, 133, 134
537012.5.peg.2368.site.51, 1, 133, 134
537012.5.peg.2368.site.52, 23, 130, 153
537012.5.peg.2368.site.53, 3, 130, 133
537012.5.peg.2368.site.54, 3, 130, 133
537012.5.peg.2368.site.55, 2, 124, 126
537012.5.peg.2368.site.56, 2, 124, 126
537012.5.peg.2368.site.57, 1, 126, 127
537012.5.peg.2368.site.58, 16, 124, 140
537012.5.peg.2368.site.59, 0, 129, 129
537012.5.peg.2368.site.60, 7, 128, 135
537012.5.peg.2368.site.61, 2, 128, 130
537012.5.peg.2368.site.62, 7, 130, 137
537012.5.peg.2368.site.63, 17, 131, 148
537012.5.peg.2368.site.64, 5, 128, 133
537012.5.peg.2368.site.65, 7, 127, 134
537012.5.peg.2368.site.66, 6, 131, 137
537012.5.peg.2368.site.67, 5, 131, 136
537012.5.peg.2368.site.68, 5, 131, 136
537012.5.peg.2368.site.69, 2, 128, 130
537012.5.peg.2368.site.70, 7, 127, 134
537012.5.peg.2368.site.71, 0, 130, 130
537012.5.peg.2368.site.72, 1, 131, 132
537012.5.peg.2368.site.73, 1, 131, 132
537012.5.peg.2368.site.74, 2, 129, 131
537012.5.peg.2368.site.75, 21, 131, 152
537012.5.peg.2368.site.76, 1, 131, 132
537012.5.peg.2368.site.77, 8, 128, 136
537012.5.peg.2368.site.78, 2, 128, 130
537012.5.peg.2368.site.79, 2, 128, 130
537012.5.peg.2368.site.80, 1, 130, 131
537012.5.peg.2368.site.81, 1, 125, 126
537012.5.peg.2368.site.82, 3, 123, 126
537012.5.peg.2368.site.83, 1, 123, 124
537012.5.peg.2368.site.84, 9, 118, 127
537012.5.peg.2368.site.85, 5, 120, 125
537012.5.peg.2368.site.86, 2, 113, 115
537012.5.peg.2368.site.87, 19, 113, 132
537012.5.peg.2368.site.88, 17, 113, 130
537012.5.peg.3500.site.1, 2, 134, 136
537012.5.peg.3500.site.2, 0, 133, 133
537012.5.peg.3500.site.3, 23, 134, 157
537012.5.peg.3501.site.1, 2, 134, 136
537012.5.peg.3501.site.2, 1, 131, 132
537012.5.peg.3501.site.3, 7, 134, 141
537012.5.peg.3501.site.4, 12, 133, 145
537012.5.peg.3501.site.5, 53, 131, 184
537012.5.peg.3501.site.6, 2, 131, 133
537012.5.peg.3501.site.7, 3, 131, 134
537012.5.peg.3501.site.8, 1, 132, 133
537012.5.peg.3501.site.9, 3, 132, 135
537012.5.peg.3501.site.10, 5, 132, 137
537012.5.peg.3501.site.11, 1, 132, 133
537012.5.peg.3501.site.12, 5, 130, 135
537012.5.peg.3501.site.13, 4, 126, 130
537012.5.peg.3501.site.14, 0, 126, 126
537012.5.peg.3501.site.15, 3, 127, 130
537012.5.peg.3501.site.16, 1, 130, 131
537012.5.peg.3501.site.17, 0, 129, 129
537012.5.peg.3501.site.18, 5, 132, 137
537012.5.peg.3501.site.19, 5, 131, 136
537012.5.peg.3501.site.20, 1, 133, 134
537012.5.peg.3501.site.21, 0, 132, 132
537012.5.peg.3501.site.22, 2, 130, 132
537012.5.peg.3501.site.23, 3, 132, 135
537012.5.peg.3501.site.24, 3, 131, 134
537012.5.peg.3501.site.25, 6, 134, 140
537012.5.peg.3501.site.26, 4, 132, 136
537012.5.peg.3501.site.27, 3, 134, 137
537012.5.peg.3501.site.28, 2, 131, 133
537012.5.peg.3501.site.29, 76, 129, 205
537012.5.peg.3501.site.30, 1, 129, 130
537012.5.peg.3501.site.31, 4, 129, 133
537012.5.peg.3501.site.32, 1, 130, 131
537012.5.peg.3501.site.33, 0, 129, 129
537012.5.peg.3501.site.34, 4, 129, 133
537012.5.peg.3501.site.35, 0, 129, 129
537012.5.peg.3501.site.36, 1, 126, 127
537012.5.peg.3501.site.37, 1, 125, 126
537012.5.peg.3501.site.38, 1, 120, 121
537012.5.peg.3501.site.39, 6, 111, 117
537012.5.peg.3501.site.40, 1, 118, 119
537012.5.peg.3501.site.41, 2, 131, 133
537012.5.peg.3501.site.42, 16, 133, 149
537012.5.peg.3501.site.43, 2, 133, 135
537012.5.peg.3501.site.44, 0, 134, 134
537012.5.peg.3502.site.1, 0, 128, 128
537012.5.peg.3502.site.2, 1, 129, 130
537012.5.peg.3502.site.3, 7, 134, 141
537012.5.peg.3502.site.4, 1, 134, 135
537012.5.peg.3502.site.5, 3, 134, 137
537012.5.peg.3502.site.6, 6, 134, 140
537012.5.peg.3502.site.7, 0, 134, 134
537012.5.peg.3502.site.8, 6, 133, 139
537012.5.peg.3502.site.9, 1, 134, 135
537012.5.peg.3502.site.10, 3, 134, 137
537012.5.peg.3502.site.11, 68, 132, 200
537012.5.peg.3502.site.12, 119, 132, 251
537012.5.peg.3503.site.1, 2, 134, 136
537012.5.peg.3503.site.2, 15, 134, 149
537012.5.peg.3503.site.3, 2, 133, 135
537012.5.peg.3503.site.4, 2, 133, 135
537012.5.peg.3503.site.5, 32, 131, 163
537012.5.peg.3503.site.6, 18, 134, 152
537012.5.peg.3503.site.7, 29, 133, 162
537012.5.peg.3503.site.8, 95, 133, 228
537012.5.peg.3503.site.9, 0, 134, 134
537012.5.peg.3504.site.1, 47, 133, 180
537012.5.peg.3504.site.2, 17, 132, 149
537012.5.peg.3504.site.3, 0, 130, 130
537012.5.peg.3504.site.4, 4, 130, 134
537012.5.peg.3504.site.5, 8, 131, 139
537012.5.peg.3504.site.6, 3, 130, 133
537012.5.peg.3504.site.7, 3, 130, 133
537012.5.peg.3505.site.1, 6, 133, 139
537012.5.peg.3505.site.2, 45, 134, 179
537012.5.peg.3505.site.3, 4, 132, 136
537012.5.peg.3505.site.4, 2, 134, 136
537012.5.peg.3505.site.5, 2, 133, 135
537012.5.peg.3505.site.6, 0, 129, 129
537012.5.peg.3505.site.7, 14, 129, 143
537012.5.peg.3505.site.8, 2, 130, 132
537012.5.peg.3505.site.9, 1, 130, 131
537012.5.peg.3505.site.10, 1, 133, 134
537012.5.peg.3505.site.11, 2, 132, 134
537012.5.peg.3505.site.12, 8, 133, 141
537012.5.peg.3506.site.1, 1, 134, 135
537012.5.peg.3506.site.2, 3, 134, 137
537012.5.peg.3506.site.3, 122, 133, 255
537012.5.peg.3506.site.4, 3, 133, 136
537012.5.peg.3506.site.5, 1, 134, 135
537012.5.peg.3506.site.6, 1, 134, 135
537012.5.peg.3506.site.7, 31, 134, 165
537012.5.peg.3506.site.8, 2, 134, 136
537012.5.peg.3506.site.9, 119, 134, 253
537012.5.peg.3506.site.10, 4, 133, 137
537012.5.peg.3506.site.11, 1, 132, 133
537012.5.peg.3506.site.12, 2, 134, 136
537012.5.peg.3506.site.13, 4, 132, 136
537012.5.peg.3506.site.14, 1, 134, 135
537012.5.peg.3506.site.15, 14, 133, 147
537012.5.peg.3506.site.16, 1, 134, 135
537012.5.peg.3506.site.17, 5, 134, 139
537012.5.peg.3506.site.18, 132, 133, 265
537012.5.peg.3506.site.19, 1, 132, 133
537012.5.peg.3506.site.20, 4, 134, 138
537012.5.peg.3506.site.21, 4, 134, 138
537012.5.peg.3506.site.22, 88, 134, 222
537012.5.peg.3506.site.23, 0, 134, 134
537012.5.peg.3506.site.24, 5, 133, 138
537012.5.peg.3506.site.25, 1, 134, 135
537012.5.peg.3506.site.26, 3, 134, 137
537012.5.peg.3506.site.27, 61, 134, 195
537012.5.peg.3506.site.28, 2, 133, 135
537012.5.peg.3506.site.29, 7, 134, 141
537012.5.peg.3506.site.30, 2, 133, 135
537012.5.peg.3506.site.31, 2, 134, 136
537012.5.peg.3506.site.32, 12, 134, 146
537012.5.peg.3506.site.33, 11, 132, 143
537012.5.peg.3506.site.34, 11, 132, 143
537012.5.peg.3506.site.35, 16, 132, 148
537012.5.peg.3506.site.36, 16, 132, 148
537012.5.peg.3506.site.37, 3, 134, 137
537012.5.peg.3506.site.38, 2, 133, 135
537012.5.peg.3506.site.39, 6, 134, 140
537012.5.peg.3506.site.40, 21, 133, 154
537012.5.peg.3506.site.41, 23, 134, 157
537012.5.peg.3506.site.42, 5, 133, 138
537012.5.peg.3506.site.43, 1, 132, 133
537012.5.peg.3506.site.44, 3, 134, 137
537012.5.peg.3506.site.45, 1, 133, 134
537012.5.peg.3506.site.46, 4, 133, 137
537012.5.peg.3506.site.47, 7, 134, 141
537012.5.peg.3506.site.48, 2, 134, 136
537012.5.peg.3507.site.1, 2, 128, 130
537012.5.peg.3507.site.2, 2, 130, 132
537012.5.peg.3507.site.3, 0, 132, 132
537012.5.peg.3507.site.4, 33, 133, 166
537012.5.peg.3507.site.5, 0, 133, 133
537012.5.peg.3507.site.6, 5, 134, 139
537012.5.peg.3507.site.7, 2, 133, 135
537012.5.peg.3507.site.8, 7, 133, 140
537012.5.peg.3507.site.9, 10, 133, 143
537012.5.peg.3507.site.10, 2, 134, 136
537012.5.peg.3507.site.11, 2, 133, 135
537012.5.peg.3507.site.12, 6, 133, 139
537012.5.peg.3507.site.13, 9, 132, 141
537012.5.peg.3507.site.14, 54, 133, 187
537012.5.peg.3507.site.15, 0, 134, 134
537012.5.peg.3507.site.16, 42, 132, 174
537012.5.peg.3507.site.17, 1, 132, 133
537012.5.peg.3507.site.18, 1, 132, 133
537012.5.peg.3507.site.19, 29, 115, 144
537012.5.peg.3507.site.20, 2, 123, 125
537012.5.peg.3507.site.21, 1, 123, 124
537012.5.peg.3507.site.22, 1, 126, 127
537012.5.peg.3507.site.23, 1, 127, 128
537012.5.peg.3507.site.24, 0, 125, 125
537012.5.peg.3507.site.25, 2, 128, 130
537012.5.peg.3507.site.26, 121, 126, 247
537012.5.peg.3507.site.27, 0, 123, 123
537012.5.peg.3507.site.28, 0, 125, 125
537012.5.peg.3507.site.29, 2, 132, 134
537012.5.peg.3507.site.30, 27, 133, 160
537012.5.peg.3507.site.31, 117, 133, 250
537012.5.peg.3507.site.32, 0, 134, 134
537012.5.peg.3507.site.33, 0, 134, 134
537012.5.peg.3507.site.34, 7, 134, 141
537012.5.peg.3507.site.35, 7, 134, 141
537012.5.peg.3507.site.36, 3, 133, 136
537012.5.peg.3507.site.37, 25, 131, 156
537012.5.peg.3507.site.38, 5, 134, 139
537012.5.peg.3507.site.39, 2, 132, 134
537012.5.peg.3507.site.40, 2, 132, 134
537012.5.peg.3507.site.41, 2, 133, 135
537012.5.peg.3507.site.42, 2, 133, 135
537012.5.peg.3507.site.43, 2, 133, 135
537012.5.peg.3507.site.44, 32, 133, 165
537012.5.peg.3507.site.45, 0, 134, 134
537012.5.peg.3507.site.46, 17, 134, 151
537012.5.peg.3507.site.47, 2, 134, 136
537012.5.peg.3507.site.48, 3, 134, 137
537012.5.peg.3507.site.49, 1, 131, 132
537012.5.peg.3507.site.50, 8, 131, 139
537012.5.peg.3507.site.51, 0, 131, 131
537012.5.peg.3507.site.52, 2, 130, 132
537012.5.peg.3507.site.53, 32, 130, 162
537012.5.peg.3507.site.54, 5, 133, 138
537012.5.peg.3507.site.55, 12, 131, 143
537012.5.peg.3507.site.56, 32, 129, 161
537012.5.peg.3507.site.57, 2, 132, 134
537012.5.peg.3507.site.58, 11, 134, 145
537012.5.peg.3507.site.59, 0, 132, 132
537012.5.peg.3507.site.60, 6, 132, 138
537012.5.peg.3507.site.61, 0, 132, 132
537012.5.peg.3507.site.62, 20, 132, 152
537012.5.peg.3507.site.63, 6, 132, 138
537012.5.peg.3507.site.64, 0, 129, 129
537012.5.peg.3507.site.65, 8, 131, 139
537012.5.peg.3508.site.1, 5, 131, 136
537012.5.peg.3508.site.2, 6, 132, 138
537012.5.peg.3508.site.3, 1, 132, 133
537012.5.peg.3508.site.4, 0, 132, 132
537012.5.peg.3508.site.5, 7, 132, 139
537012.5.peg.3508.site.6, 1, 132, 133
537012.5.peg.3508.site.7, 2, 133, 135
537012.5.peg.3508.site.8, 6, 133, 139
537012.5.peg.3508.site.9, 0, 131, 131
537012.5.peg.3508.site.10, 1, 131, 132
537012.5.peg.3508.site.11, 2, 132, 134
537012.5.peg.3508.site.12, 0, 131, 131
537012.5.peg.3508.site.13, 2, 131, 133
537012.5.peg.3508.site.14, 7, 131, 138
537012.5.peg.3508.site.15, 3, 132, 135
537012.5.peg.3508.site.16, 7, 133, 140
537012.5.peg.3508.site.17, 15, 133, 148
537012.5.peg.3508.site.18, 2, 131, 133
537012.5.peg.3508.site.19, 1, 131, 132
537012.5.peg.3508.site.20, 1, 130, 131
537012.5.peg.3508.site.21, 1, 130, 131
537012.5.peg.3508.site.22, 1, 130, 131
537012.5.peg.3508.site.23, 6, 130, 136
537012.5.peg.3508.site.24, 45, 128, 173
537012.5.peg.3508.site.25, 1, 128, 129
537012.5.peg.3508.site.26, 5, 128, 133
537012.5.peg.3508.site.27, 5, 128, 133
537012.5.peg.3508.site.28, 9, 127, 136
537012.5.peg.3508.site.29, 12, 130, 142
537012.5.peg.3508.site.30, 0, 129, 129
537012.5.peg.3508.site.31, 0, 129, 129
537012.5.peg.3508.site.32, 6, 128, 134
537012.5.peg.3508.site.33, 40, 129, 169
537012.5.peg.3508.site.34, 0, 129, 129
537012.5.peg.3508.site.35, 11, 130, 141
537012.5.peg.3508.site.36, 15, 130, 145
537012.5.peg.3508.site.37, 7, 130, 137
537012.5.peg.3508.site.38, 1, 130, 131
537012.5.peg.3508.site.39, 24, 130, 154
537012.5.peg.3508.site.40, 126, 133, 259
537012.5.peg.3508.site.41, 6, 132, 138
537012.5.peg.3508.site.42, 11, 133, 144
537012.5.peg.3508.site.43, 7, 133, 140
537012.5.peg.3508.site.44, 4, 132, 136
537012.5.peg.3508.site.45, 18, 132, 150
537012.5.peg.3508.site.46, 7, 132, 139
537012.5.peg.3508.site.47, 7, 132, 139
537012.5.peg.3508.site.48, 3, 129, 132
537012.5.peg.3508.site.49, 3, 130, 133
537012.5.peg.3508.site.50, 10, 130, 140
537012.5.peg.3508.site.51, 5, 133, 138
537012.5.peg.3508.site.52, 13, 132, 145
537012.5.peg.3508.site.53, 1, 134, 135
537012.5.peg.3508.site.54, 7, 133, 140
537012.5.peg.3508.site.55, 4, 131, 135
537012.5.peg.3508.site.56, 12, 134, 146
537012.5.peg.3508.site.57, 11, 131, 142
537012.5.peg.3508.site.58, 11, 131, 142
537012.5.peg.3508.site.59, 2, 134, 136
537012.5.peg.3508.site.60, 1, 133, 134
537012.5.peg.3508.site.61, 132, 133, 265
537012.5.peg.3508.site.62, 3, 133, 136
537012.5.peg.3508.site.63, 0, 133, 133
537012.5.peg.3508.site.64, 0, 133, 133
537012.5.peg.3509.site.1, 1, 133, 134
537012.5.peg.3509.site.2, 2, 134, 136
537012.5.peg.3509.site.3, 11, 132, 143
537012.5.peg.3509.site.4, 5, 134, 139
537012.5.peg.3509.site.5, 4, 134, 138
537012.5.peg.3509.site.6, 11, 132, 143
537012.5.peg.3509.site.7, 6, 132, 138
537012.5.peg.3509.site.8, 3, 134, 137
537012.5.peg.3509.site.9, 9, 133, 142
537012.5.peg.3509.site.10, 4, 133, 137
537012.5.peg.3509.site.11, 4, 132, 136
537012.5.peg.3509.site.12, 4, 131, 135
537012.5.peg.3509.site.13, 1, 132, 133
537012.5.peg.3509.site.14, 4, 131, 135
537012.5.peg.3509.site.15, 6, 131, 137
537012.5.peg.3509.site.16, 3, 127, 130
537012.5.peg.3509.site.17, 46, 130, 176
537012.5.peg.3509.site.18, 4, 131, 135
537012.5.peg.3509.site.19, 5, 130, 135
537012.5.peg.3509.site.20, 4, 130, 134
537012.5.peg.3509.site.21, 5, 128, 133
537012.5.peg.3509.site.22, 1, 127, 128
537012.5.peg.3509.site.23, 10, 127, 137
537012.5.peg.3509.site.24, 2, 129, 131
537012.5.peg.3509.site.25, 2, 129, 131
537012.5.peg.3509.site.26, 4, 130, 134
537012.5.peg.3509.site.27, 1, 131, 132
537012.5.peg.3509.site.28, 6, 134, 140
537012.5.peg.3509.site.29, 0, 134, 134
537012.5.peg.3509.site.30, 98, 129, 227
537012.5.peg.3509.site.31, 8, 129, 137
537012.5.peg.3509.site.32, 9, 131, 140
537012.5.peg.3509.site.33, 3, 133, 136
537012.5.peg.3509.site.34, 2, 132, 134
537012.5.peg.3509.site.35, 6, 131, 137
537012.5.peg.3509.site.36, 6, 131, 137
537012.5.peg.3509.site.37, 1, 133, 134
537012.5.peg.3509.site.38, 57, 132, 189
537012.5.peg.3509.site.39, 65, 133, 198
537012.5.peg.3509.site.40, 2, 133, 135
537012.5.peg.3509.site.41, 8, 133, 141
537012.5.peg.3509.site.42, 2, 131, 133
537012.5.peg.3509.site.43, 8, 132, 140
537012.5.peg.3509.site.44, 13, 134, 147
537012.5.peg.3509.site.45, 1, 134, 135
537012.5.peg.3509.site.46, 3, 134, 137
537012.5.peg.3509.site.47, 10, 133, 143
537012.5.peg.3509.site.48, 9, 132, 141
537012.5.peg.3509.site.49, 2, 134, 136
537012.5.peg.3509.site.50, 15, 130, 145
537012.5.peg.3509.site.51, 3, 134, 137
537012.5.peg.3509.site.52, 4, 131, 135
537012.5.peg.3509.site.53, 0, 134, 134
537012.5.peg.3509.site.54, 3, 134, 137
537012.5.peg.3509.site.55, 4, 134, 138
537012.5.peg.3509.site.56, 2, 134, 136
537012.5.peg.3509.site.57, 11, 134, 145
537012.5.peg.3509.site.58, 6, 134, 140
537012.5.peg.3509.site.59, 24, 134, 158
537012.5.peg.3509.site.60, 6, 134, 140
537012.5.peg.3509.site.61, 4, 134, 138
537012.5.peg.3509.site.62, 11, 134, 145
537012.5.peg.3509.site.63, 7, 133, 140
537012.5.peg.3509.site.64, 11, 134, 145
537012.5.peg.3509.site.65, 53, 131, 184
537012.5.peg.3509.site.66, 6, 133, 139
537012.5.peg.3509.site.67, 5, 134, 139
537012.5.peg.3509.site.68, 11, 133, 144
537012.5.peg.3509.site.69, 2, 134, 136
537012.5.peg.3509.site.70, 4, 132, 136
537012.5.peg.3509.site.71, 1, 134, 135
537012.5.peg.3509.site.72, 4, 134, 138
537012.5.peg.3509.site.73, 4, 133, 137
537012.5.peg.3509.site.74, 1, 131, 132
537012.5.peg.3509.site.75, 11, 127, 138
537012.5.peg.3509.site.76, 5, 127, 132
537012.5.peg.3509.site.77, 4, 126, 130
537012.5.peg.3398.site.1, 2, 118, 120
537012.5.peg.3398.site.2, 54, 118, 172
537012.5.peg.3398.site.3, 36, 118, 154
537012.5.peg.3398.site.4, 72, 120, 192
537012.5.peg.3398.site.5, 7, 119, 126
537012.5.peg.3398.site.6, 4, 115, 119
537012.5.peg.3398.site.7, 24, 116, 140
537012.5.peg.3398.site.8, 3, 110, 113
537012.5.peg.3398.site.9, 1, 119, 120
537012.5.peg.3398.site.10, 0, 120, 120
537012.5.peg.3398.site.11, 58, 118, 176
537012.5.peg.3398.site.12, 4, 116, 120
537012.5.peg.3398.site.13, 60, 113, 173
537012.5.peg.3398.site.14, 1, 115, 116
537012.5.peg.3398.site.15, 49, 114, 163
537012.5.peg.3398.site.16, 1, 116, 117
537012.5.peg.3398.site.17, 28, 117, 145
537012.5.peg.3398.site.18, 46, 119, 165
537012.5.peg.3398.site.19, 109, 122, 231
537012.5.peg.3398.site.20, 3, 119, 122
537012.5.peg.3398.site.21, 52, 119, 171
537012.5.peg.3398.site.22, 3, 117, 120
537012.5.peg.3398.site.23, 11, 108, 119
537012.5.peg.3398.site.24, 13, 105, 118
537012.5.peg.3398.site.25, 3, 107, 110
537012.5.peg.3398.site.26, 31, 105, 136
537012.5.peg.4446.site.1, 3, 122, 125
537012.5.peg.4446.site.2, 25, 127, 152
537012.5.peg.4446.site.3, 11, 131, 142
537012.5.peg.4446.site.4, 4, 131, 135
537012.5.peg.4446.site.5, 17, 131, 148
537012.5.peg.4446.site.6, 90, 132, 222
537012.5.peg.4446.site.7, 4, 131, 135
537012.5.peg.4446.site.8, 7, 128, 135
537012.5.peg.4446.site.9, 32, 130, 162
537012.5.peg.4446.site.10, 4, 131, 135
537012.5.peg.4446.site.11, 111, 131, 242
537012.5.peg.4446.site.12, 64, 130, 194
537012.5.peg.4446.site.13, 2, 132, 134
537012.5.peg.4446.site.14, 12, 133, 145
537012.5.peg.4446.site.15, 4, 131, 135
537012.5.peg.4446.site.16, 12, 133, 145
537012.5.peg.4446.site.17, 0, 133, 133
537012.5.peg.4446.site.18, 3, 131, 134
537012.5.peg.4446.site.19, 2, 130, 132
537012.5.peg.4446.site.20, 12, 131, 143
537012.5.peg.4446.site.21, 56, 132, 188
537012.5.peg.4446.site.22, 4, 133, 137
537012.5.peg.4446.site.23, 4, 133, 137
537012.5.peg.4446.site.24, 15, 132, 147
537012.5.peg.4446.site.25, 2, 132, 134
537012.5.peg.4446.site.26, 5, 131, 136
537012.5.peg.4446.site.27, 3, 130, 133
537012.5.peg.4446.site.28, 1, 128, 129
537012.5.peg.4446.site.29, 18, 127, 145
537012.5.peg.4446.site.30, 0, 127, 127
537012.5.peg.4446.site.31, 3, 128, 131
537012.5.peg.4446.site.32, 6, 128, 134
537012.5.peg.4446.site.33, 10, 128, 138
537012.5.peg.4446.site.34, 6, 128, 134
537012.5.peg.4446.site.35, 1, 129, 130
537012.5.peg.4446.site.36, 10, 130, 140
537012.5.peg.4446.site.37, 5, 132, 137
537012.5.peg.4446.site.38, 37, 132, 169
537012.5.peg.4447.site.1, 129, 133, 262
537012.5.peg.4447.site.2, 1, 134, 135
537012.5.peg.4447.site.3, 1, 134, 135
537012.5.peg.4447.site.4, 1, 134, 135
537012.5.peg.4447.site.5, 1, 134, 135
537012.5.peg.4447.site.6, 4, 134, 138
537012.5.peg.4447.site.7, 6, 134, 140
537012.5.peg.4447.site.8, 12, 133, 145
537012.5.peg.4447.site.9, 1, 134, 135
537012.5.peg.4447.site.10, 1, 134, 135
537012.5.peg.4447.site.11, 4, 132, 136
537012.5.peg.4447.site.12, 0, 133, 133
537012.5.peg.4447.site.13, 69, 130, 199
537012.5.peg.4447.site.14, 5, 133, 138
537012.5.peg.4447.site.15, 7, 134, 141
537012.5.peg.4447.site.16, 2, 134, 136
537012.5.peg.4447.site.17, 1, 133, 134
537012.5.peg.4447.site.18, 1, 133, 134
537012.5.peg.4447.site.19, 77, 133, 210
537012.5.peg.4447.site.20, 6, 134, 140
537012.5.peg.4447.site.21, 2, 134, 136
537012.5.peg.4447.site.22, 3, 134, 137
537012.5.peg.4447.site.23, 1, 133, 134
537012.5.peg.4447.site.24, 83, 130, 213
537012.5.peg.4447.site.25, 1, 132, 133
537012.5.peg.4447.site.26, 31, 133, 164
537012.5.peg.4447.site.27, 2, 133, 135
537012.5.peg.4447.site.28, 10, 134, 144
537012.5.peg.4447.site.29, 3, 133, 136
537012.5.peg.4447.site.30, 4, 134, 138
537012.5.peg.4698.site.1, 118, 132, 250
537012.5.peg.4698.site.2, 1, 134, 135
537012.5.peg.4698.site.3, 2, 130, 132
537012.5.peg.4698.site.4, 3, 131, 134
537012.5.peg.4698.site.5, 2, 133, 135
537012.5.peg.4698.site.6, 4, 131, 135
537012.5.peg.4698.site.7, 2, 133, 135
537012.5.peg.4698.site.8, 7, 132, 139
537012.5.peg.4698.site.9, 2, 133, 135
537012.5.peg.4698.site.10, 4, 132, 136
537012.5.peg.4698.site.11, 2, 133, 135
537012.5.peg.4698.site.12, 1, 134, 135
537012.5.peg.4698.site.13, 6, 134, 140
537012.5.peg.4698.site.14, 9, 134, 143
537012.5.peg.4698.site.15, 2, 133, 135
537012.5.peg.4698.site.16, 12, 131, 143
537012.5.peg.4698.site.17, 1, 134, 135
537012.5.peg.4698.site.18, 2, 133, 135
537012.5.peg.4698.site.19, 1, 133, 134
537012.5.peg.4698.site.20, 3, 133, 136
537012.5.peg.4698.site.21, 4, 133, 137
537012.5.peg.4698.site.22, 14, 134, 148
537012.5.peg.4698.site.23, 90, 133, 223
537012.5.peg.4698.site.24, 1, 134, 135
537012.5.peg.4698.site.25, 4, 134, 138
537012.5.peg.4698.site.26, 8, 134, 142
537012.5.peg.4698.site.27, 14, 133, 147
537012.5.peg.4698.site.28, 62, 134, 196
537012.5.peg.4698.site.29, 1, 133, 134
537012.5.peg.4698.site.30, 14, 133, 147
537012.5.peg.4698.site.31, 6, 134, 140
537012.5.peg.4349.site.1, 1, 134, 135
537012.5.peg.4349.site.2, 4, 132, 136
537012.5.peg.4349.site.3, 2, 133, 135
537012.5.peg.4349.site.4, 22, 133, 155
537012.5.peg.4349.site.5, 2, 134, 136
537012.5.peg.4349.site.6, 3, 131, 134
537012.5.peg.4349.site.7, 7, 134, 141
537012.5.peg.4349.site.8, 10, 134, 144
537012.5.peg.4349.site.9, 1, 130, 131
537012.5.peg.4349.site.10, 10, 130, 140
537012.5.peg.4349.site.11, 1, 130, 131
537012.5.peg.4349.site.12, 42, 129, 171
537012.5.peg.4349.site.13, 1, 131, 132
537012.5.peg.4349.site.14, 0, 130, 130
537012.5.peg.4349.site.15, 2, 132, 134
537012.5.peg.4349.site.16, 2, 134, 136
537012.5.peg.4349.site.17, 131, 134, 265
537012.5.peg.4349.site.18, 2, 134, 136
537012.5.peg.4349.site.19, 5, 130, 135
537012.5.peg.4349.site.20, 4, 132, 136
537012.5.peg.4349.site.21, 4, 132, 136
537012.5.peg.4349.site.22, 1, 134, 135
537012.5.peg.4348.site.1, 23, 133, 156
537012.5.peg.4348.site.2, 11, 134, 145
537012.5.peg.4348.site.3, 12, 134, 146
537012.5.peg.4348.site.4, 75, 132, 207
537012.5.peg.4348.site.5, 12, 133, 145
537012.5.peg.4348.site.6, 4, 132, 136
537012.5.peg.4348.site.7, 14, 132, 146
537012.5.peg.4348.site.8, 32, 132, 164
537012.5.peg.4348.site.9, 91, 131, 222
537012.5.peg.4348.site.10, 101, 134, 235
537012.5.peg.4348.site.11, 131, 134, 265
537012.5.peg.4348.site.12, 0, 133, 133
537012.5.peg.4348.site.13, 14, 132, 146
537012.5.peg.4348.site.14, 131, 134, 265
537012.5.peg.4348.site.15, 1, 134, 135
537012.5.peg.4348.site.16, 11, 134, 145
537012.5.peg.4348.site.17, 14, 132, 146
537012.5.peg.4348.site.18, 0, 134, 134
537012.5.peg.4348.site.19, 1, 134, 135
537012.5.peg.4348.site.20, 34, 131, 165
537012.5.peg.4348.site.21, 1, 134, 135
537012.5.peg.4348.site.22, 4, 132, 136
537012.5.peg.4348.site.23, 1, 134, 135
537012.5.peg.4348.site.24, 2, 133, 135
537012.5.peg.4348.site.25, 6, 134, 140
537012.5.peg.4348.site.26, 5, 133, 138
537012.5.peg.4348.site.27, 1, 134, 135
537012.5.peg.4348.site.28, 1, 134, 135
537012.5.peg.4348.site.29, 2, 133, 135
537012.5.peg.4348.site.30, 1, 134, 135
537012.5.peg.4348.site.31, 4, 132, 136
537012.5.peg.4348.site.32, 7, 133, 140
537012.5.peg.4348.site.33, 10, 134, 144
537012.5.peg.4348.site.34, 7, 133, 140
537012.5.peg.4348.site.35, 2, 134, 136
537012.5.peg.4695.site.1, 1, 120, 121
537012.5.peg.4695.site.2, 1, 120, 121
537012.5.peg.4695.site.3, 2, 120, 122
537012.5.peg.4345.site.1, 9, 130, 139
537012.5.peg.4345.site.2, 5, 133, 138
537012.5.peg.4345.site.3, 0, 133, 133
537012.5.peg.4345.site.4, 77, 121, 198
537012.5.peg.4345.site.5, 9, 109, 118
537012.5.peg.4345.site.6, 14, 95, 109
537012.5.peg.4345.site.7, 62, 89, 151
537012.5.peg.4345.site.8, 39, 92, 131
537012.5.peg.4345.site.9, 1, 123, 124
537012.5.peg.4345.site.10, 43, 125, 168
537012.5.peg.4345.site.11, 6, 127, 133
537012.5.peg.4345.site.12, 32, 127, 159
537012.5.peg.4345.site.13, 1, 107, 108
537012.5.peg.4345.site.14, 1, 99, 100
537012.5.peg.4345.site.15, 21, 91, 112
537012.5.peg.4345.site.16, 3, 91, 94
537012.5.peg.4345.site.17, 1, 98, 99
537012.5.peg.4345.site.18, 4, 113, 117
537012.5.peg.4345.site.19, 6, 117, 123
537012.5.peg.4345.site.20, 2, 101, 103
537012.5.peg.4345.site.21, 56, 83, 139
537012.5.peg.4345.site.22, 3, 80, 83
537012.5.peg.4345.site.23, 21, 81, 102
537012.5.peg.4345.site.24, 21, 80, 101
537012.5.peg.4345.site.25, 20, 80, 100
537012.5.peg.4345.site.26, 9, 79, 88
537012.5.peg.4345.site.27, 69, 79, 148
537012.5.peg.4345.site.28, 2, 86, 88
537012.5.peg.4345.site.29, 1, 88, 89
537012.5.peg.4345.site.30, 0, 90, 90
537012.5.peg.4345.site.31, 16, 86, 102
537012.5.peg.4345.site.32, 1, 91, 92
537012.5.peg.4345.site.33, 7, 94, 101
537012.5.peg.4345.site.34, 9, 90, 99
537012.5.peg.4345.site.35, 1, 95, 96
537012.5.peg.4345.site.36, 1, 101, 102
537012.5.peg.4345.site.37, 11, 105, 116
537012.5.peg.4345.site.38, 10, 106, 116
537012.5.peg.4345.site.39, 2, 106, 108
537012.5.peg.4345.site.40, 1, 110, 111
537012.5.peg.4345.site.41, 3, 107, 110
537012.5.peg.4344.site.1, 7, 130, 137
537012.5.peg.4344.site.2, 1, 131, 132
537012.5.peg.4344.site.3, 0, 132, 132
537012.5.peg.4344.site.4, 3, 132, 135
537012.5.peg.4344.site.5, 65, 130, 195
537012.5.peg.4344.site.6, 0, 131, 131
537012.5.peg.4344.site.7, 16, 131, 147
537012.5.peg.4344.site.8, 37, 132, 169
537012.5.peg.4344.site.9, 5, 132, 137
537012.5.peg.4344.site.10, 111, 133, 244
537012.5.peg.4344.site.11, 79, 133, 212
537012.5.peg.4344.site.12, 1, 131, 132
537012.5.peg.4344.site.13, 97, 130, 227
537012.5.peg.4344.site.14, 0, 128, 128
537012.5.peg.4344.site.15, 2, 130, 132
537012.5.peg.4344.site.16, 2, 129, 131
537012.5.peg.4344.site.17, 11, 130, 141
537012.5.peg.4344.site.18, 0, 133, 133
537012.5.peg.4344.site.19, 11, 130, 141
537012.5.peg.4344.site.20, 2, 133, 135
537012.5.peg.4344.site.21, 13, 132, 145
537012.5.peg.4344.site.22, 24, 131, 155
537012.5.peg.4344.site.23, 3, 131, 134
537012.5.peg.4344.site.24, 1, 132, 133
537012.5.peg.4344.site.25, 1, 132, 133
537012.5.peg.4344.site.26, 4, 131, 135
537012.5.peg.4344.site.27, 11, 130, 141
537012.5.peg.4344.site.28, 16, 125, 141
537012.5.peg.4344.site.29, 2, 123, 125
537012.5.peg.4344.site.30, 33, 124, 157
537012.5.peg.4344.site.31, 3, 124, 127
537012.5.peg.4344.site.32, 2, 126, 128
537012.5.peg.4344.site.33, 11, 133, 144
537012.5.peg.4344.site.34, 0, 133, 133
537012.5.peg.4344.site.35, 88, 131, 219
537012.5.peg.4343.site.1, 0, 132, 132
537012.5.peg.4343.site.2, 6, 132, 138
537012.5.peg.4343.site.3, 6, 132, 138
537012.5.peg.4343.site.4, 6, 132, 138
537012.5.peg.4343.site.5, 10, 132, 142
537012.5.peg.4343.site.6, 48, 131, 179
537012.5.peg.4343.site.7, 6, 133, 139
537012.5.peg.4343.site.8, 76, 129, 205
537012.5.peg.4343.site.9, 11, 132, 143
537012.5.peg.4343.site.10, 1, 131, 132
537012.5.peg.4343.site.11, 72, 131, 203
537012.5.peg.4343.site.12, 118, 132, 250
537012.5.peg.4343.site.13, 3, 132, 135
537012.5.peg.4343.site.14, 17, 132, 149
537012.5.peg.4343.site.15, 129, 132, 261
537012.5.peg.4343.site.16, 0, 132, 132
537012.5.peg.4343.site.17, 6, 132, 138
537012.5.peg.4343.site.18, 131, 133, 264
537012.5.peg.4343.site.19, 4, 131, 135
537012.5.peg.4343.site.20, 6, 131, 137
537012.5.peg.4343.site.21, 48, 127, 175
537012.5.peg.4343.site.22, 5, 129, 134
537012.5.peg.4343.site.23, 127, 129, 256
537012.5.peg.4343.site.24, 1, 133, 134
537012.5.peg.4343.site.25, 9, 132, 141
537012.5.peg.4343.site.26, 6, 133, 139
537012.5.peg.4343.site.27, 5, 132, 137
537012.5.peg.4343.site.28, 38, 127, 165
537012.5.peg.4343.site.29, 5, 132, 137
537012.5.peg.4343.site.30, 57, 126, 183
537012.5.peg.4343.site.31, 6, 130, 136
537012.5.peg.4343.site.32, 30, 131, 161
537012.5.peg.4343.site.33, 122, 124, 246
537012.5.peg.4343.site.34, 6, 123, 129
537012.5.peg.4343.site.35, 101, 130, 231
537012.5.peg.4343.site.36, 127, 131, 258
537012.5.peg.4343.site.37, 8, 130, 138
537012.5.peg.4343.site.38, 39, 131, 170
537012.5.peg.4343.site.39, 3, 132, 135
537012.5.peg.4343.site.40, 4, 132, 136
537012.5.peg.4343.site.41, 2, 133, 135
537012.5.peg.4343.site.42, 1, 132, 133
537012.5.peg.4342.site.1, 2, 131, 133
537012.5.peg.4342.site.2, 83, 129, 212
537012.5.peg.4342.site.3, 42, 129, 171
537012.5.peg.4342.site.4, 31, 133, 164
537012.5.peg.4342.site.5, 4, 132, 136
537012.5.peg.4342.site.6, 5, 132, 137
537012.5.peg.4342.site.7, 83, 129, 212
537012.5.peg.4342.site.8, 0, 133, 133
537012.5.peg.4342.site.9, 2, 133, 135
537012.5.peg.4342.site.10, 4, 132, 136
537012.5.peg.4342.site.11, 2, 133, 135
537012.5.peg.4342.site.12, 131, 133, 264
537012.5.peg.4342.site.13, 1, 132, 133
537012.5.peg.4342.site.14, 19, 132, 151
537012.5.peg.4342.site.15, 5, 132, 137
537012.5.peg.4342.site.16, 2, 133, 135
537012.5.peg.4342.site.17, 54, 133, 187
537012.5.peg.4342.site.18, 0, 132, 132
537012.5.peg.4342.site.19, 2, 132, 134
537012.5.peg.4342.site.20, 85, 131, 216
537012.5.peg.4342.site.21, 7, 131, 138
537012.5.peg.4342.site.22, 3, 132, 135
537012.5.peg.4342.site.23, 1, 129, 130
537012.5.peg.4342.site.24, 3, 133, 136
537012.5.peg.4342.site.25, 13, 132, 145
537012.5.peg.4342.site.26, 26, 131, 157
537012.5.peg.4342.site.27, 5, 130, 135
537012.5.peg.4342.site.28, 19, 129, 148
537012.5.peg.4341.site.1, 6, 132, 138
537012.5.peg.4341.site.2, 0, 133, 133
537012.5.peg.4341.site.3, 0, 131, 131
537012.5.peg.4341.site.4, 1, 133, 134
537012.5.peg.4341.site.5, 6, 132, 138
537012.5.peg.4341.site.6, 3, 133, 136
537012.5.peg.4341.site.7, 7, 131, 138
537012.5.peg.4341.site.8, 2, 133, 135
537012.5.peg.4341.site.9, 4, 129, 133
537012.5.peg.4341.site.10, 0, 133, 133
537012.5.peg.4341.site.11, 10, 133, 143
537012.5.peg.4341.site.12, 34, 132, 166
537012.5.peg.4341.site.13, 3, 133, 136
537012.5.peg.4341.site.14, 9, 133, 142
537012.5.peg.4341.site.15, 4, 133, 137
537012.5.peg.4341.site.16, 32, 131, 163
537012.5.peg.4341.site.17, 4, 132, 136
537012.5.peg.4341.site.18, 3, 131, 134
537012.5.peg.4341.site.19, 13, 132, 145
537012.5.peg.4341.site.20, 44, 133, 177
537012.5.peg.4341.site.21, 2, 133, 135
537012.5.peg.4341.site.22, 11, 131, 142
537012.5.peg.4341.site.23, 6, 133, 139
537012.5.peg.4341.site.24, 3, 133, 136
537012.5.peg.4341.site.25, 40, 132, 172
537012.5.peg.4341.site.26, 40, 131, 171
537012.5.peg.4341.site.27, 1, 132, 133
537012.5.peg.4341.site.28, 2, 133, 135
537012.5.peg.4341.site.29, 49, 129, 178
537012.5.peg.4341.site.30, 4, 129, 133
537012.5.peg.4341.site.31, 1, 131, 132
537012.5.peg.4341.site.32, 28, 129, 157
537012.5.peg.4341.site.33, 7, 130, 137
537012.5.peg.4341.site.34, 7, 133, 140
537012.5.peg.4341.site.35, 0, 133, 133
537012.5.peg.4341.site.36, 2, 132, 134
537012.5.peg.4341.site.37, 2, 133, 135
537012.5.peg.4341.site.38, 4, 132, 136
537012.5.peg.4341.site.39, 44, 131, 175
537012.5.peg.4341.site.40, 2, 133, 135
537012.5.peg.4341.site.41, 11, 130, 141
537012.5.peg.4341.site.42, 4, 132, 136
537012.5.peg.4341.site.43, 7, 132, 139
537012.5.peg.4341.site.44, 5, 132, 137
537012.5.peg.4341.site.45, 8, 131, 139
537012.5.peg.4341.site.46, 1, 131, 132
537012.5.peg.4341.site.47, 4, 133, 137
537012.5.peg.4341.site.48, 8, 133, 141
537012.5.peg.4341.site.49, 19, 130, 149
537012.5.peg.4341.site.50, 37, 132, 169
537012.5.peg.4341.site.51, 1, 133, 134
537012.5.peg.4341.site.52, 70, 132, 202
537012.5.peg.4341.site.53, 42, 132, 174
537012.5.peg.4341.site.54, 66, 131, 197
537012.5.peg.4341.site.55, 9, 133, 142
537012.5.peg.4341.site.56, 32, 131, 163
537012.5.peg.4341.site.57, 6, 132, 138
537012.5.peg.4341.site.58, 0, 133, 133
537012.5.peg.4341.site.59, 30, 132, 162
537012.5.peg.4341.site.60, 8, 126, 134
537012.5.peg.4341.site.61, 46, 127, 173
537012.5.peg.4341.site.62, 6, 131, 137
537012.5.peg.4341.site.63, 58, 124, 182
537012.5.peg.4340.site.1, 0, 131, 131
537012.5.peg.4340.site.2, 4, 133, 137
537012.5.peg.4340.site.3, 0, 133, 133
537012.5.peg.4340.site.4, 4, 132, 136
537012.5.peg.4340.site.5, 2, 133, 135
537012.5.peg.4340.site.6, 131, 133, 264
537012.5.peg.4340.site.7, 2, 132, 134
537012.5.peg.4340.site.8, 3, 133, 136
537012.5.peg.4340.site.9, 1, 132, 133
537012.5.peg.4340.site.10, 1, 133, 134
537012.5.peg.4340.site.11, 18, 128, 146
537012.5.peg.4340.site.12, 1, 133, 134
537012.5.peg.4340.site.13, 2, 132, 134
537012.5.peg.4340.site.14, 10, 131, 141
537012.5.peg.4340.site.15, 126, 133, 259
537012.5.peg.4340.site.16, 8, 132, 140
537012.5.peg.4340.site.17, 0, 132, 132
537012.5.peg.4340.site.18, 123, 133, 256
537012.5.peg.4340.site.19, 80, 130, 210
537012.5.peg.4340.site.20, 0, 131, 131
537012.5.peg.4340.site.21, 3, 131, 134
537012.5.peg.1928.site.1, 2, 128, 130
537012.5.peg.1928.site.2, 4, 131, 135
537012.5.peg.1928.site.3, 4, 130, 134
537012.5.peg.1928.site.4, 4, 132, 136
537012.5.peg.1928.site.5, 14, 132, 146
537012.5.peg.1928.site.6, 4, 131, 135
537012.5.peg.1928.site.7, 4, 132, 136
537012.5.peg.1928.site.8, 1, 134, 135
537012.5.peg.1928.site.9, 6, 134, 140
537012.5.peg.1928.site.10, 1, 134, 135
537012.5.peg.1928.site.11, 1, 133, 134
537012.5.peg.1928.site.12, 52, 134, 186
537012.5.peg.1928.site.13, 4, 131, 135
537012.5.peg.1928.site.14, 4, 132, 136
537012.5.peg.1928.site.15, 13, 132, 145
537012.5.peg.1928.site.16, 4, 132, 136
537012.5.peg.1928.site.17, 10, 134, 144
537012.5.peg.1928.site.18, 14, 133, 147
537012.5.peg.1928.site.19, 2, 131, 133
537012.5.peg.1928.site.20, 2, 130, 132
537012.5.peg.1928.site.21, 126, 128, 254
537012.5.peg.1928.site.22, 8, 126, 134
537012.5.peg.1928.site.23, 4, 128, 132
537012.5.peg.1928.site.24, 7, 125, 132
537012.5.peg.1928.site.25, 3, 129, 132
537012.5.peg.1928.site.26, 8, 132, 140
537012.5.peg.1928.site.27, 2, 134, 136
537012.5.peg.1928.site.28, 9, 133, 142
537012.5.peg.1928.site.29, 9, 134, 143
537012.5.peg.1928.site.30, 9, 134, 143
537012.5.peg.1929.site.1, 5, 133, 138
537012.5.peg.1929.site.2, 10, 134, 144
537012.5.peg.1929.site.3, 11, 132, 143
537012.5.peg.1929.site.4, 1, 133, 134
537012.5.peg.1929.site.5, 13, 131, 144
537012.5.peg.1929.site.6, 13, 130, 143
537012.5.peg.1929.site.7, 6, 133, 139
537012.5.peg.1929.site.8, 6, 131, 137
537012.5.peg.1929.site.9, 3, 131, 134
537012.5.peg.1929.site.10, 81, 127, 208
537012.5.peg.1929.site.11, 1, 131, 132
537012.5.peg.1929.site.12, 1, 134, 135
537012.5.peg.1929.site.13, 10, 134, 144
537012.5.peg.1929.site.14, 14, 132, 146
537012.5.peg.1929.site.15, 28, 133, 161
537012.5.peg.1929.site.16, 8, 128, 136
537012.5.peg.1929.site.17, 12, 128, 140
537012.5.peg.1929.site.18, 7, 123, 130
537012.5.peg.1929.site.19, 43, 125, 168
537012.5.peg.1929.site.20, 4, 127, 131
537012.5.peg.3760.site.1, 19, 128, 147
537012.5.peg.3760.site.2, 1, 129, 130
537012.5.peg.3760.site.3, 1, 129, 130
537012.5.peg.3760.site.4, 7, 129, 136
537012.5.peg.3760.site.5, 3, 131, 134
537012.5.peg.3760.site.6, 15, 131, 146
537012.5.peg.3760.site.7, 7, 129, 136
537012.5.peg.3760.site.8, 0, 129, 129
537012.5.peg.3760.site.9, 1, 129, 130
537012.5.peg.3760.site.10, 1, 129, 130
537012.5.peg.3760.site.11, 1, 129, 130
537012.5.peg.3760.site.12, 7, 129, 136
537012.5.peg.3761.site.1, 3, 127, 130
537012.5.peg.3761.site.2, 20, 128, 148
537012.5.peg.3761.site.3, 0, 128, 128
537012.5.peg.3761.site.4, 2, 128, 130
537012.5.peg.3761.site.5, 5, 127, 132
537012.5.peg.3761.site.6, 17, 128, 145
537012.5.peg.3761.site.7, 0, 127, 127
537012.5.peg.3761.site.8, 3, 128, 131
537012.5.peg.3761.site.9, 6, 128, 134
537012.5.peg.3761.site.10, 11, 127, 138
537012.5.peg.3761.site.11, 17, 128, 145
537012.5.peg.3761.site.12, 0, 125, 125
537012.5.peg.3762.site.1, 23, 127, 150
537012.5.peg.3762.site.2, 5, 128, 133
537012.5.peg.3762.site.3, 10, 127, 137
537012.5.peg.3762.site.4, 7, 127, 134
537012.5.peg.3762.site.5, 2, 127, 129
537012.5.peg.3762.site.6, 42, 128, 170
537012.5.peg.3762.site.7, 25, 125, 150
537012.5.peg.3762.site.8, 1, 128, 129
537012.5.peg.3762.site.9, 2, 127, 129
537012.5.peg.3762.site.10, 3, 128, 131
537012.5.peg.3762.site.11, 3, 128, 131
537012.5.peg.3762.site.12, 78, 126, 204
537012.5.peg.3762.site.13, 2, 128, 130
537012.5.peg.3762.site.14, 63, 127, 190
537012.5.peg.3762.site.15, 8, 127, 135
537012.5.peg.3762.site.16, 10, 127, 137
537012.5.peg.3762.site.17, 5, 128, 133
537012.5.peg.3762.site.18, 2, 128, 130
537012.5.peg.3762.site.19, 63, 128, 191
537012.5.peg.3762.site.20, 1, 127, 128
537012.5.peg.3762.site.21, 3, 128, 131
537012.5.peg.3762.site.22, 5, 128, 133
537012.5.peg.3762.site.23, 1, 127, 128
537012.5.peg.3762.site.24, 18, 127, 145
537012.5.peg.3762.site.25, 3, 127, 130
537012.5.peg.3762.site.26, 2, 127, 129
537012.5.peg.3762.site.27, 17, 127, 144
537012.5.peg.3762.site.28, 0, 125, 125
537012.5.peg.3762.site.29, 0, 126, 126
537012.5.peg.3762.site.30, 4, 121, 125
537012.5.peg.3762.site.31, 20, 121, 141
537012.5.peg.3762.site.32, 19, 122, 141
537012.5.peg.3762.site.33, 1, 122, 123
537012.5.peg.3762.site.34, 1, 121, 122
537012.5.peg.3762.site.35, 1, 121, 122
537012.5.peg.3762.site.36, 3, 119, 122
537012.5.peg.3762.site.37, 10, 122, 132
537012.5.peg.3762.site.38, 6, 122, 128
537012.5.peg.3762.site.39, 3, 122, 125
537012.5.peg.3762.site.40, 7, 122, 129
537012.5.peg.3762.site.41, 2, 122, 124
537012.5.peg.3762.site.42, 3, 122, 125
537012.5.peg.3762.site.43, 50, 120, 170
537012.5.peg.3762.site.44, 0, 122, 122
537012.5.peg.3762.site.45, 19, 120, 139
537012.5.peg.3762.site.46, 79, 122, 201
537012.5.peg.3762.site.47, 1, 122, 123
537012.5.peg.3762.site.48, 6, 121, 127
537012.5.peg.3762.site.49, 0, 121, 121
537012.5.peg.3762.site.50, 1, 122, 123
537012.5.peg.3762.site.51, 1, 122, 123
537012.5.peg.3762.site.52, 18, 121, 139
537012.5.peg.3762.site.53, 17, 119, 136
537012.5.peg.3762.site.54, 44, 122, 166
537012.5.peg.3762.site.55, 44, 122, 166
537012.5.peg.3762.site.56, 5, 120, 125
537012.5.peg.3762.site.57, 1, 122, 123
537012.5.peg.3762.site.58, 0, 122, 122
537012.5.peg.3762.site.59, 1, 122, 123
537012.5.peg.3762.site.60, 52, 121, 173
537012.5.peg.3762.site.61, 1, 122, 123
537012.5.peg.3762.site.62, 1, 121, 122
537012.5.peg.3762.site.63, 8, 121, 129
537012.5.peg.3762.site.64, 5, 121, 126
537012.5.peg.3762.site.65, 5, 121, 126
537012.5.peg.3762.site.66, 9, 122, 131
537012.5.peg.3762.site.67, 37, 120, 157
537012.5.peg.3762.site.68, 1, 122, 123
537012.5.peg.3762.site.69, 8, 122, 130
537012.5.peg.3762.site.70, 36, 120, 156
537012.5.peg.3762.site.71, 3, 122, 125
537012.5.peg.3762.site.72, 1, 122, 123
537012.5.peg.3762.site.73, 1, 121, 122
537012.5.peg.3762.site.74, 5, 122, 127
537012.5.peg.3762.site.75, 2, 121, 123
537012.5.peg.3762.site.76, 0, 122, 122
537012.5.peg.3762.site.77, 1, 122, 123
537012.5.peg.3762.site.78, 5, 121, 126
537012.5.peg.3762.site.79, 1, 122, 123
537012.5.peg.3762.site.80, 4, 119, 123
537012.5.peg.3762.site.81, 1, 122, 123
537012.5.peg.3762.site.82, 29, 121, 150
537012.5.peg.3762.site.83, 8, 123, 131
537012.5.peg.3762.site.84, 0, 126, 126
537012.5.peg.3762.site.85, 0, 126, 126
537012.5.peg.3762.site.86, 6, 127, 133
537012.5.peg.3762.site.87, 14, 126, 140
537012.5.peg.3762.site.88, 36, 126, 162
537012.5.peg.3762.site.89, 38, 126, 164
537012.5.peg.3762.site.90, 1, 125, 126
537012.5.peg.3762.site.91, 1, 122, 123
537012.5.peg.3762.site.92, 2, 122, 124
537012.5.peg.3762.site.93, 11, 122, 133
537012.5.peg.3762.site.94, 23, 122, 145
537012.5.peg.3762.site.95, 7, 122, 129
537012.5.peg.3762.site.96, 1, 121, 122
537012.5.peg.3763.site.1, 1, 132, 133
537012.5.peg.3763.site.2, 1, 133, 134
537012.5.peg.3763.site.3, 8, 134, 142
537012.5.peg.3763.site.4, 90, 132, 222
537012.5.peg.3763.site.5, 1, 133, 134
537012.5.peg.3763.site.6, 10, 134, 144
537012.5.peg.3763.site.7, 67, 133, 200
537012.5.peg.3763.site.8, 1, 134, 135
537012.5.peg.3763.site.9, 25, 133, 158
537012.5.peg.3763.site.10, 30, 131, 161
537012.5.peg.3763.site.11, 3, 134, 137
537012.5.peg.3763.site.12, 19, 133, 152
537012.5.peg.3763.site.13, 0, 129, 129
537012.5.peg.3763.site.14, 2, 130, 132
537012.5.peg.3763.site.15, 1, 131, 132
537012.5.peg.3763.site.16, 4, 129, 133
537012.5.peg.3763.site.17, 48, 131, 179
537012.5.peg.3763.site.18, 6, 133, 139
537012.5.peg.3763.site.19, 2, 132, 134
537012.5.peg.3763.site.20, 1, 132, 133
537012.5.peg.3763.site.21, 0, 131, 131
537012.5.peg.3763.site.22, 0, 131, 131
537012.5.peg.3763.site.23, 4, 130, 134
537012.5.peg.3763.site.24, 18, 132, 150
537012.5.peg.3763.site.25, 2, 131, 133
537012.5.peg.3763.site.26, 6, 132, 138
537012.5.peg.3763.site.27, 2, 133, 135
537012.5.peg.3763.site.28, 5, 133, 138
537012.5.peg.3763.site.29, 3, 134, 137
537012.5.peg.3763.site.30, 5, 134, 139
537012.5.peg.3763.site.31, 4, 133, 137
537012.5.peg.3763.site.32, 2, 133, 135
537012.5.peg.3763.site.33, 2, 133, 135
537012.5.peg.3763.site.34, 6, 133, 139
537012.5.peg.3763.site.35, 107, 134, 241
537012.5.peg.3763.site.36, 2, 134, 136
537012.5.peg.3763.site.37, 6, 134, 140
537012.5.peg.3763.site.38, 2, 132, 134
537012.5.peg.3763.site.39, 18, 128, 146
537012.5.peg.3763.site.40, 4, 126, 130
537012.5.peg.3763.site.41, 5, 128, 133
537012.5.peg.3763.site.42, 2, 127, 129
537012.5.peg.3763.site.43, 5, 127, 132
537012.5.peg.3763.site.44, 2, 129, 131
537012.5.peg.3763.site.45, 51, 130, 181
537012.5.peg.3763.site.46, 0, 131, 131
537012.5.peg.3763.site.47, 113, 130, 243
537012.5.peg.3763.site.48, 130, 132, 262
537012.5.peg.3763.site.49, 7, 133, 140
537012.5.peg.3763.site.50, 2, 133, 135
537012.5.peg.3763.site.51, 3, 133, 136
537012.5.peg.3763.site.52, 1, 133, 134
537012.5.peg.3763.site.53, 8, 133, 141
537012.5.peg.3763.site.54, 1, 134, 135
537012.5.peg.3763.site.55, 8, 134, 142
537012.5.peg.3763.site.56, 126, 134, 260
537012.5.peg.3763.site.57, 2, 134, 136
537012.5.peg.3763.site.58, 6, 134, 140
537012.5.peg.3763.site.59, 2, 134, 136
537012.5.peg.3763.site.60, 1, 134, 135
537012.5.peg.3763.site.61, 1, 129, 130
537012.5.peg.3763.site.62, 0, 125, 125
537012.5.peg.3763.site.63, 3, 130, 133
537012.5.peg.3763.site.64, 6, 133, 139
537012.5.peg.3763.site.65, 1, 133, 134
537012.5.peg.3763.site.66, 7, 133, 140
537012.5.peg.3763.site.67, 1, 131, 132
537012.5.peg.3763.site.68, 12, 133, 145
537012.5.peg.3763.site.69, 12, 133, 145
537012.5.peg.3763.site.70, 0, 132, 132
537012.5.peg.3763.site.71, 1, 132, 133
537012.5.peg.3763.site.72, 1, 131, 132
537012.5.peg.3763.site.73, 6, 133, 139
537012.5.peg.1920.site.1, 3, 133, 136
537012.5.peg.1920.site.2, 7, 133, 140
537012.5.peg.1920.site.3, 6, 133, 139
537012.5.peg.1920.site.4, 7, 133, 140
537012.5.peg.1920.site.5, 54, 128, 182
537012.5.peg.1920.site.6, 1, 127, 128
537012.5.peg.1920.site.7, 3, 129, 132
537012.5.peg.1920.site.8, 1, 128, 129
537012.5.peg.1920.site.9, 39, 127, 166
537012.5.peg.1920.site.10, 1, 128, 129
537012.5.peg.1920.site.11, 1, 133, 134
537012.5.peg.1920.site.12, 3, 133, 136
537012.5.peg.1920.site.13, 17, 133, 150
537012.5.peg.1920.site.14, 1, 132, 133
537012.5.peg.1920.site.15, 2, 132, 134
537012.5.peg.1920.site.16, 22, 129, 151
537012.5.peg.1920.site.17, 11, 121, 132
537012.5.peg.1920.site.18, 5, 116, 121
537012.5.peg.1920.site.19, 2, 111, 113
537012.5.peg.1920.site.20, 3, 112, 115
537012.5.peg.1920.site.21, 8, 111, 119
537012.5.peg.1920.site.22, 15, 114, 129
537012.5.peg.1920.site.23, 24, 124, 148
537012.5.peg.1920.site.24, 5, 127, 132
537012.5.peg.1920.site.25, 21, 129, 150
537012.5.peg.1920.site.26, 1, 131, 132
537012.5.peg.1920.site.27, 7, 131, 138
537012.5.peg.1920.site.28, 0, 125, 125
537012.5.peg.1920.site.29, 1, 131, 132
537012.5.peg.1920.site.30, 11, 131, 142
537012.5.peg.1920.site.31, 1, 132, 133
537012.5.peg.1920.site.32, 1, 132, 133
537012.5.peg.1920.site.33, 2, 128, 130
537012.5.peg.1920.site.34, 1, 128, 129
537012.5.peg.1920.site.35, 1, 128, 129
537012.5.peg.1922.site.1, 17, 123, 140
537012.5.peg.1922.site.2, 1, 123, 124
537012.5.peg.1922.site.3, 88, 125, 213
537012.5.peg.1922.site.4, 3, 126, 129
537012.5.peg.1922.site.5, 0, 130, 130
537012.5.peg.1922.site.6, 3, 132, 135
537012.5.peg.1922.site.7, 3, 130, 133
537012.5.peg.1922.site.8, 7, 130, 137
537012.5.peg.1922.site.9, 3, 128, 131
537012.5.peg.1922.site.10, 103, 125, 228
537012.5.peg.1922.site.11, 1, 127, 128
537012.5.peg.1922.site.12, 2, 126, 128
537012.5.peg.1922.site.13, 21, 126, 147
537012.5.peg.1922.site.14, 1, 125, 126
537012.5.peg.1922.site.15, 32, 127, 159
537012.5.peg.1922.site.16, 2, 128, 130
537012.5.peg.1922.site.17, 6, 125, 131
537012.5.peg.1922.site.18, 3, 124, 127
537012.5.peg.1922.site.19, 0, 121, 121
537012.5.peg.1922.site.20, 11, 123, 134
537012.5.peg.1922.site.21, 13, 123, 136
537012.5.peg.1922.site.22, 1, 126, 127
537012.5.peg.1922.site.23, 8, 125, 133
537012.5.peg.1922.site.24, 2, 128, 130
537012.5.peg.1922.site.25, 3, 130, 133
537012.5.peg.1923.site.1, 4, 128, 132
537012.5.peg.1923.site.2, 1, 129, 130
537012.5.peg.1923.site.3, 7, 126, 133
537012.5.peg.1923.site.4, 7, 126, 133
537012.5.peg.1923.site.5, 8, 124, 132
537012.5.peg.1923.site.6, 56, 125, 181
537012.5.peg.1923.site.7, 1, 128, 129
537012.5.peg.1923.site.8, 2, 129, 131
537012.5.peg.1923.site.9, 32, 129, 161
537012.5.peg.1923.site.10, 6, 132, 138
537012.5.peg.1923.site.11, 5, 131, 136
537012.5.peg.1923.site.12, 13, 130, 143
537012.5.peg.1923.site.13, 0, 133, 133
537012.5.peg.1923.site.14, 65, 130, 195
537012.5.peg.1923.site.15, 2, 133, 135
537012.5.peg.1923.site.16, 4, 133, 137
537012.5.peg.1923.site.17, 7, 133, 140
537012.5.peg.1923.site.18, 3, 133, 136
537012.5.peg.1923.site.19, 9, 132, 141
537012.5.peg.1923.site.20, 69, 132, 201
537012.5.peg.1923.site.21, 1, 133, 134
537012.5.peg.1923.site.22, 1, 133, 134
537012.5.peg.1923.site.23, 91, 133, 224
537012.5.peg.1923.site.24, 62, 133, 195
537012.5.peg.1923.site.25, 1, 133, 134
537012.5.peg.1923.site.26, 5, 133, 138
537012.5.peg.1923.site.27, 7, 133, 140
537012.5.peg.1923.site.28, 7, 133, 140
537012.5.peg.1923.site.29, 6, 126, 132
537012.5.peg.1923.site.30, 0, 128, 128
537012.5.peg.1923.site.31, 11, 128, 139
537012.5.peg.1923.site.32, 44, 129, 173
537012.5.peg.1923.site.33, 48, 130, 178
537012.5.peg.1923.site.34, 5, 130, 135
537012.5.peg.1923.site.35, 5, 132, 137
537012.5.peg.1923.site.36, 4, 130, 134
537012.5.peg.1923.site.37, 2, 132, 134
537012.5.peg.1923.site.38, 7, 132, 139
537012.5.peg.1923.site.39, 7, 130, 137
537012.5.peg.1923.site.40, 12, 127, 139
537012.5.peg.1923.site.41, 13, 129, 142
537012.5.peg.1923.site.42, 3, 133, 136
537012.5.peg.1923.site.43, 5, 133, 138
537012.5.peg.1923.site.44, 2, 132, 134
537012.5.peg.1923.site.45, 6, 132, 138
537012.5.peg.1923.site.46, 51, 131, 182
537012.5.peg.1923.site.47, 2, 128, 130
537012.5.peg.1923.site.48, 1, 126, 127
537012.5.peg.1923.site.49, 0, 129, 129
537012.5.peg.1923.site.50, 3, 130, 133
537012.5.peg.1923.site.51, 5, 131, 136
537012.5.peg.1923.site.52, 4, 131, 135
537012.5.peg.1923.site.53, 9, 128, 137
537012.5.peg.1923.site.54, 1, 133, 134
537012.5.peg.1923.site.55, 7, 133, 140
537012.5.peg.1923.site.56, 24, 133, 157
537012.5.peg.1923.site.57, 14, 132, 146
537012.5.peg.1923.site.58, 6, 132, 138
537012.5.peg.1923.site.59, 12, 126, 138
537012.5.peg.1923.site.60, 3, 129, 132
537012.5.peg.1923.site.61, 4, 128, 132
537012.5.peg.1923.site.62, 7, 128, 135
537012.5.peg.1923.site.63, 78, 131, 209
537012.5.peg.1923.site.64, 11, 132, 143
537012.5.peg.1923.site.65, 9, 132, 141
537012.5.peg.1923.site.66, 6, 132, 138
537012.5.peg.1923.site.67, 5, 133, 138
537012.5.peg.1923.site.68, 2, 132, 134
537012.5.peg.1923.site.69, 12, 130, 142
537012.5.peg.1923.site.70, 9, 132, 141
537012.5.peg.1923.site.71, 8, 129, 137
537012.5.peg.1923.site.72, 7, 126, 133
537012.5.peg.1923.site.73, 3, 131, 134
537012.5.peg.1923.site.74, 10, 131, 141
537012.5.peg.1923.site.75, 32, 126, 158
537012.5.peg.1923.site.76, 6, 127, 133
537012.5.peg.1923.site.77, 12, 126, 138
537012.5.peg.1923.site.78, 74, 128, 202
537012.5.peg.1923.site.79, 6, 131, 137
537012.5.peg.1923.site.80, 5, 132, 137
537012.5.peg.1923.site.81, 6, 133, 139
537012.5.peg.1923.site.82, 6, 133, 139
537012.5.peg.1923.site.83, 7, 133, 140
537012.5.peg.1923.site.84, 30, 131, 161
537012.5.peg.1923.site.85, 2, 132, 134
537012.5.peg.1923.site.86, 7, 133, 140
537012.5.peg.1923.site.87, 2, 131, 133
537012.5.peg.1923.site.88, 2, 128, 130
537012.5.peg.1923.site.89, 1, 127, 128
537012.5.peg.1923.site.90, 3, 127, 130
537012.5.peg.1924.site.1, 5, 127, 132
537012.5.peg.1924.site.2, 2, 123, 125
537012.5.peg.1924.site.3, 1, 121, 122
537012.5.peg.1924.site.4, 83, 120, 203
537012.5.peg.1924.site.5, 3, 120, 123
537012.5.peg.1924.site.6, 2, 124, 126
537012.5.peg.1924.site.7, 3, 124, 127
537012.5.peg.1924.site.8, 19, 125, 144
537012.5.peg.1924.site.9, 5, 129, 134
537012.5.peg.1924.site.10, 7, 127, 134
537012.5.peg.1924.site.11, 2, 126, 128
537012.5.peg.1924.site.12, 1, 124, 125
537012.5.peg.1924.site.13, 41, 122, 163
537012.5.peg.1924.site.14, 0, 121, 121
537012.5.peg.1924.site.15, 1, 121, 122
537012.5.peg.1924.site.16, 0, 121, 121
537012.5.peg.1924.site.17, 53, 121, 174
537012.5.peg.1924.site.18, 28, 121, 149
537012.5.peg.1924.site.19, 1, 121, 122
537012.5.peg.1924.site.20, 2, 122, 124
537012.5.peg.1924.site.21, 3, 130, 133
537012.5.peg.1924.site.22, 2, 133, 135
537012.5.peg.1924.site.23, 2, 133, 135
537012.5.peg.1924.site.24, 3, 133, 136
537012.5.peg.1924.site.25, 2, 132, 134
537012.5.peg.1924.site.26, 3, 133, 136
537012.5.peg.1924.site.27, 9, 132, 141
537012.5.peg.1924.site.28, 2, 131, 133
537012.5.peg.1924.site.29, 46, 129, 175
537012.5.peg.1924.site.30, 12, 128, 140
537012.5.peg.1924.site.31, 9, 128, 137
537012.5.peg.1924.site.32, 0, 122, 122
537012.5.peg.1924.site.33, 1, 121, 122
537012.5.peg.1924.site.34, 15, 121, 136
537012.5.peg.1924.site.35, 24, 121, 145
537012.5.peg.1924.site.36, 1, 121, 122
537012.5.peg.1924.site.37, 1, 121, 122
537012.5.peg.1924.site.38, 3, 123, 126
537012.5.peg.1924.site.39, 5, 124, 129
537012.5.peg.1924.site.40, 114, 125, 239
537012.5.peg.1924.site.41, 36, 126, 162
537012.5.peg.1924.site.42, 0, 127, 127
537012.5.peg.1924.site.43, 8, 128, 136
537012.5.peg.1924.site.44, 6, 130, 136
537012.5.peg.1924.site.45, 1, 130, 131
537012.5.peg.1924.site.46, 7, 132, 139
537012.5.peg.1924.site.47, 4, 132, 136
537012.5.peg.1924.site.48, 7, 133, 140
537012.5.peg.1924.site.49, 4, 130, 134
537012.5.peg.1924.site.50, 2, 132, 134
537012.5.peg.1924.site.51, 3, 132, 135
537012.5.peg.1924.site.52, 1, 132, 133
537012.5.peg.1924.site.53, 91, 127, 218
537012.5.peg.1924.site.54, 1, 124, 125
537012.5.peg.1924.site.55, 2, 128, 130
537012.5.peg.1924.site.56, 4, 129, 133
537012.5.peg.1924.site.57, 3, 129, 132
537012.5.peg.1924.site.58, 8, 128, 136
537012.5.peg.1924.site.59, 17, 128, 145
537012.5.peg.1924.site.60, 98, 130, 228
537012.5.peg.1924.site.61, 11, 131, 142
537012.5.peg.1924.site.62, 86, 133, 219
537012.5.peg.1924.site.63, 86, 133, 219
537012.5.peg.1924.site.64, 7, 133, 140
537012.5.peg.1924.site.65, 1, 131, 132
537012.5.peg.1924.site.66, 4, 130, 134
537012.5.peg.1924.site.67, 7, 132, 139
537012.5.peg.1924.site.68, 2, 53, 55
537012.5.peg.1925.site.1, 3, 128, 131
537012.5.peg.1925.site.2, 67, 130, 197
537012.5.peg.1925.site.3, 2, 134, 136
537012.5.peg.1925.site.4, 4, 132, 136
537012.5.peg.1925.site.5, 2, 133, 135
537012.5.peg.1925.site.6, 6, 134, 140
537012.5.peg.1925.site.7, 4, 132, 136
537012.5.peg.1925.site.8, 7, 133, 140
537012.5.peg.1925.site.9, 4, 133, 137
537012.5.peg.1925.site.10, 7, 134, 141
537012.5.peg.1925.site.11, 0, 134, 134
537012.5.peg.1925.site.12, 9, 133, 142
537012.5.peg.1925.site.13, 4, 129, 133
537012.5.peg.1925.site.14, 24, 130, 154
537012.5.peg.1925.site.15, 0, 128, 128
537012.5.peg.1925.site.16, 29, 127, 156
537012.5.peg.1925.site.17, 1, 131, 132
537012.5.peg.1925.site.18, 1, 130, 131
537012.5.peg.1925.site.19, 3, 132, 135
537012.5.peg.1925.site.20, 0, 130, 130
537012.5.peg.1927.site.1, 1, 130, 131
537012.5.peg.1927.site.2, 1, 130, 131
537012.5.peg.1927.site.3, 5, 130, 135
537012.5.peg.1927.site.4, 1, 130, 131
537012.5.peg.1927.site.5, 4, 132, 136
537012.5.peg.1927.site.6, 4, 134, 138
537012.5.peg.1927.site.7, 4, 132, 136
537012.5.peg.1927.site.8, 1, 133, 134
537012.5.peg.1927.site.9, 3, 132, 135
537012.5.peg.1927.site.10, 5, 133, 138
537012.5.peg.1927.site.11, 4, 132, 136
537012.5.peg.1927.site.12, 14, 131, 145
537012.5.peg.1927.site.13, 0, 129, 129
537012.5.peg.1927.site.14, 7, 130, 137
537012.5.peg.1927.site.15, 3, 128, 131
537012.5.peg.1927.site.16, 2, 129, 131
537012.5.peg.1927.site.17, 3, 125, 128
537012.5.peg.1927.site.18, 6, 128, 134
537012.5.peg.1824.site.1, 64, 122, 186
537012.5.peg.1824.site.2, 53, 112, 165
537012.5.peg.1824.site.3, 59, 124, 183
537012.5.peg.1824.site.4, 0, 133, 133
537012.5.peg.1824.site.5, 0, 133, 133
537012.5.peg.1824.site.6, 0, 133, 133
537012.5.peg.1824.site.7, 1, 133, 134
537012.5.peg.1824.site.8, 1, 134, 135
537012.5.peg.1824.site.9, 4, 131, 135
537012.5.peg.1824.site.10, 8, 133, 141
537012.5.peg.1824.site.11, 0, 133, 133
537012.5.peg.1824.site.12, 5, 133, 138
537012.5.peg.1824.site.13, 3, 132, 135
537012.5.peg.1824.site.14, 2, 127, 129
537012.5.peg.1829.site.1, 0, 134, 134
537012.5.peg.1829.site.2, 18, 134, 152
537012.5.peg.1829.site.3, 3, 134, 137
537012.5.peg.2726.site.1, 75, 124, 199
537012.5.peg.2726.site.2, 0, 126, 126
537012.5.peg.2726.site.3, 4, 125, 129
537012.5.peg.2726.site.4, 4, 130, 134
537012.5.peg.2726.site.5, 4, 130, 134
537012.5.peg.2726.site.6, 5, 130, 135
537012.5.peg.2726.site.7, 5, 131, 136
537012.5.peg.2726.site.8, 22, 133, 155
537012.5.peg.2726.site.9, 22, 131, 153
537012.5.peg.2726.site.10, 5, 130, 135
537012.5.peg.2726.site.11, 9, 130, 139
537012.5.peg.2726.site.12, 5, 129, 134
537012.5.peg.2726.site.13, 13, 120, 133
537012.5.peg.2726.site.14, 56, 116, 172
537012.5.peg.2726.site.15, 100, 110, 210
537012.5.peg.2726.site.16, 3, 107, 110
537012.5.peg.2726.site.17, 1, 94, 95
537012.5.peg.2725.site.1, 32, 95, 127
537012.5.peg.2725.site.2, 6, 96, 102
537012.5.peg.2725.site.3, 52, 88, 140
537012.5.peg.2725.site.4, 47, 82, 129
537012.5.peg.2725.site.5, 3, 88, 91
537012.5.peg.2725.site.6, 25, 90, 115
537012.5.peg.2725.site.7, 12, 94, 106
537012.5.peg.2725.site.8, 2, 90, 92
537012.5.peg.2725.site.9, 3, 89, 92
537012.5.peg.2725.site.10, 0, 98, 98
537012.5.peg.2725.site.11, 46, 108, 154
