site, alts, refs, total
1121098.7.peg.3435.site.1, 5, 120, 125
1121098.7.peg.3435.site.2, 5, 121, 126
1121098.7.peg.3435.site.3, 7, 105, 112
1121098.7.peg.3435.site.4, 5, 53, 58
1121098.7.peg.3435.site.5, 17, 59, 76
1121098.7.peg.3435.site.6, 1, 58, 59
1121098.7.peg.3435.site.7, 3, 57, 60
1121098.7.peg.3435.site.8, 3, 49, 52
1121098.7.peg.3435.site.9, 2, 44, 46
1121098.7.peg.3435.site.10, 0, 35, 35
1121098.7.peg.3435.site.11, 1, 36, 37
1121098.7.peg.3435.site.12, 3, 16, 19
1121098.7.peg.3435.site.13, 0, 21, 21
1121098.7.peg.3435.site.14, 0, 14, 14
1121098.7.peg.3435.site.15, 0, 12, 12
1121098.7.peg.3435.site.16, 0, 10, 10
1121098.7.peg.3435.site.17, 0, 12, 12
1121098.7.peg.3435.site.18, 0, 27, 27
1121098.7.peg.3435.site.19, 0, 35, 35
1121098.7.peg.3435.site.20, 0, 60, 60
1121098.7.peg.3435.site.21, 8, 66, 74
1121098.7.peg.3435.site.22, 0, 78, 78
1121098.7.peg.3435.site.23, 0, 36, 36
1121098.7.peg.3435.site.24, 11, 27, 38
1121098.7.peg.3435.site.25, 0, 22, 22
1121098.7.peg.3435.site.26, 2, 16, 18
1121098.7.peg.3435.site.27, 1, 15, 16
1121098.7.peg.3435.site.28, 3, 17, 20
1121098.7.peg.3435.site.29, 0, 26, 26
1121098.7.peg.3435.site.30, 2, 20, 22
1121098.7.peg.3435.site.31, 1, 12, 13
1121098.7.peg.3435.site.32, 1, 64, 65
1121098.7.peg.3435.site.33, 0, 68, 68
1121098.7.peg.3435.site.34, 0, 71, 71
1121098.7.peg.3435.site.35, 2, 67, 69
1121098.7.peg.3435.site.36, 14, 69, 83
1121098.7.peg.3435.site.37, 0, 68, 68
1121098.7.peg.3435.site.38, 1, 68, 69
1121098.7.peg.3435.site.39, 0, 117, 117
1121098.7.peg.3435.site.40, 1, 119, 120
1121098.7.peg.3435.site.41, 0, 60, 60
1121098.7.peg.3435.site.42, 0, 38, 38
1121098.7.peg.3435.site.43, 0, 42, 42
1121098.7.peg.3435.site.44, 0, 39, 39
1121098.7.peg.3435.site.45, 1, 47, 48
1121098.7.peg.3435.site.46, 0, 35, 35
1121098.7.peg.3435.site.47, 4, 10, 14
1121098.7.peg.3435.site.48, 1, 7, 8
1121098.7.peg.3434.site.1, 0, 125, 125
1121098.7.peg.3434.site.2, 0, 126, 126
1121098.7.peg.3434.site.3, 0, 125, 125
1121098.7.peg.3434.site.4, 2, 124, 126
1121098.7.peg.3434.site.5, 62, 126, 188
1121098.7.peg.3437.site.1, 3, 126, 129
1121098.7.peg.3437.site.2, 2, 124, 126
1121098.7.peg.3437.site.3, 0, 126, 126
1121098.7.peg.3437.site.4, 0, 126, 126
1121098.7.peg.3437.site.5, 0, 126, 126
1121098.7.peg.3437.site.6, 0, 123, 123
1121098.7.peg.3437.site.7, 11, 125, 136
1121098.7.peg.3437.site.8, 0, 125, 125
1121098.7.peg.3437.site.9, 0, 125, 125
1121098.7.peg.3437.site.10, 46, 125, 171
1121098.7.peg.3437.site.11, 1, 125, 126
1121098.7.peg.3437.site.12, 4, 125, 129
1121098.7.peg.3437.site.13, 0, 126, 126
1121098.7.peg.3437.site.14, 69, 126, 195
1121098.7.peg.3437.site.15, 23, 125, 148
1121098.7.peg.3437.site.16, 0, 126, 126
1121098.7.peg.3437.site.17, 0, 126, 126
1121098.7.peg.3437.site.18, 15, 126, 141
1121098.7.peg.3437.site.19, 2, 126, 128
1121098.7.peg.3437.site.20, 15, 126, 141
1121098.7.peg.3431.site.1, 62, 125, 187
1121098.7.peg.3431.site.2, 4, 126, 130
1121098.7.peg.3431.site.3, 3, 125, 128
1121098.7.peg.3431.site.4, 4, 126, 130
1121098.7.peg.3431.site.5, 56, 126, 182
1121098.7.peg.3431.site.6, 0, 126, 126
1121098.7.peg.3431.site.7, 0, 125, 125
1121098.7.peg.3431.site.8, 22, 125, 147
1121098.7.peg.3431.site.9, 2, 124, 126
1121098.7.peg.3431.site.10, 0, 126, 126
1121098.7.peg.3430.site.1, 10, 125, 135
1121098.7.peg.3430.site.2, 3, 126, 129
1121098.7.peg.3430.site.3, 5, 126, 131
1121098.7.peg.3430.site.4, 0, 126, 126
1121098.7.peg.3430.site.5, 3, 125, 128
1121098.7.peg.3430.site.6, 0, 126, 126
1121098.7.peg.3430.site.7, 0, 126, 126
1121098.7.peg.3430.site.8, 11, 125, 136
1121098.7.peg.3430.site.9, 1, 126, 127
1121098.7.peg.3430.site.10, 1, 126, 127
1121098.7.peg.3430.site.11, 0, 126, 126
1121098.7.peg.3430.site.12, 96, 126, 222
1121098.7.peg.3430.site.13, 9, 126, 135
1121098.7.peg.3430.site.14, 0, 126, 126
1121098.7.peg.3430.site.15, 0, 126, 126
1121098.7.peg.3430.site.16, 1, 126, 127
1121098.7.peg.3433.site.1, 0, 126, 126
1121098.7.peg.3433.site.2, 0, 124, 124
1121098.7.peg.3432.site.1, 23, 122, 145
1121098.7.peg.3432.site.2, 0, 124, 124
1121098.7.peg.3432.site.3, 0, 125, 125
1121098.7.peg.3432.site.4, 0, 123, 123
1121098.7.peg.3432.site.5, 0, 125, 125
1121098.7.peg.3432.site.6, 32, 125, 157
1121098.7.peg.3432.site.7, 0, 125, 125
1121098.7.peg.3432.site.8, 1, 126, 127
1121098.7.peg.3432.site.9, 0, 126, 126
1121098.7.peg.3432.site.10, 0, 126, 126
1121098.7.peg.3432.site.11, 0, 126, 126
1121098.7.peg.3432.site.12, 0, 125, 125
1121098.7.peg.3432.site.13, 0, 126, 126
1121098.7.peg.3432.site.14, 0, 126, 126
1121098.7.peg.880.site.1, 117, 123, 240
1121098.7.peg.880.site.2, 0, 122, 122
1121098.7.peg.880.site.3, 96, 119, 215
1121098.7.peg.880.site.4, 0, 122, 122
1121098.7.peg.880.site.5, 6, 124, 130
1121098.7.peg.880.site.6, 34, 122, 156
1121098.7.peg.880.site.7, 6, 123, 129
1121098.7.peg.880.site.8, 53, 120, 173
1121098.7.peg.880.site.9, 1, 124, 125
1121098.7.peg.880.site.10, 3, 123, 126
1121098.7.peg.881.site.1, 0, 120, 120
1121098.7.peg.881.site.2, 0, 124, 124
1121098.7.peg.881.site.3, 1, 124, 125
1121098.7.peg.881.site.4, 5, 123, 128
1121098.7.peg.881.site.5, 0, 122, 122
1121098.7.peg.881.site.6, 1, 124, 125
1121098.7.peg.881.site.7, 0, 111, 111
1121098.7.peg.881.site.8, 0, 111, 111
1121098.7.peg.881.site.9, 0, 101, 101
1121098.7.peg.881.site.10, 0, 106, 106
1121098.7.peg.881.site.11, 12, 123, 135
1121098.7.peg.1485.site.1, 0, 124, 124
1121098.7.peg.1482.site.1, 20, 124, 144
1121098.7.peg.1482.site.2, 10, 126, 136
1121098.7.peg.1482.site.3, 0, 126, 126
1121098.7.peg.1482.site.4, 0, 126, 126
1121098.7.peg.1482.site.5, 0, 125, 125
1121098.7.peg.1483.site.1, 22, 126, 148
1121098.7.peg.1483.site.2, 0, 126, 126
1121098.7.peg.1483.site.3, 2, 126, 128
1121098.7.peg.1483.site.4, 2, 125, 127
1121098.7.peg.1483.site.5, 3, 126, 129
1121098.7.peg.1480.site.1, 1, 126, 127
1121098.7.peg.1480.site.2, 3, 126, 129
1121098.7.peg.1480.site.3, 0, 126, 126
1121098.7.peg.1480.site.4, 0, 126, 126
1121098.7.peg.1480.site.5, 0, 126, 126
1121098.7.peg.1480.site.6, 27, 125, 152
1121098.7.peg.1480.site.7, 0, 124, 124
1121098.7.peg.1480.site.8, 3, 126, 129
1121098.7.peg.1481.site.1, 0, 126, 126
1121098.7.peg.1481.site.2, 0, 126, 126
1121098.7.peg.1481.site.3, 2, 126, 128
1121098.7.peg.1481.site.4, 1, 126, 127
1121098.7.peg.1481.site.5, 2, 126, 128
1121098.7.peg.1481.site.6, 4, 126, 130
1121098.7.peg.1481.site.7, 1, 126, 127
1121098.7.peg.1481.site.8, 22, 126, 148
1121098.7.peg.4053.site.1, 0, 125, 125
1121098.7.peg.4053.site.2, 2, 126, 128
1121098.7.peg.4053.site.3, 0, 126, 126
1121098.7.peg.4053.site.4, 5, 126, 131
1121098.7.peg.4053.site.5, 0, 126, 126
1121098.7.peg.4053.site.6, 0, 125, 125
1121098.7.peg.4053.site.7, 0, 126, 126
1121098.7.peg.4053.site.8, 54, 126, 180
1121098.7.peg.4053.site.9, 0, 126, 126
1121098.7.peg.4053.site.10, 2, 126, 128
1121098.7.peg.4053.site.11, 1, 125, 126
1121098.7.peg.4053.site.12, 0, 126, 126
1121098.7.peg.4053.site.13, 61, 126, 187
1121098.7.peg.4053.site.14, 0, 126, 126
1121098.7.peg.4053.site.15, 0, 125, 125
1121098.7.peg.4053.site.16, 2, 126, 128
1121098.7.peg.4053.site.17, 55, 126, 181
1121098.7.peg.4053.site.18, 55, 126, 181
1121098.7.peg.974.site.1, 0, 126, 126
1121098.7.peg.974.site.2, 4, 126, 130
1121098.7.peg.974.site.3, 0, 126, 126
1121098.7.peg.974.site.4, 1, 126, 127
1121098.7.peg.974.site.5, 6, 125, 131
1121098.7.peg.974.site.6, 116, 126, 242
1121098.7.peg.974.site.7, 0, 125, 125
1121098.7.peg.974.site.8, 3, 126, 129
1121098.7.peg.974.site.9, 3, 126, 129
1121098.7.peg.974.site.10, 57, 125, 182
1121098.7.peg.974.site.11, 122, 126, 248
1121098.7.peg.974.site.12, 22, 125, 147
1121098.7.peg.974.site.13, 13, 126, 139
1121098.7.peg.974.site.14, 73, 126, 199
1121098.7.peg.974.site.15, 57, 125, 182
1121098.7.peg.974.site.16, 0, 125, 125
1121098.7.peg.974.site.17, 2, 125, 127
1121098.7.peg.974.site.18, 18, 125, 143
1121098.7.peg.974.site.19, 0, 126, 126
1121098.7.peg.974.site.20, 0, 125, 125
1121098.7.peg.974.site.21, 1, 126, 127
1121098.7.peg.974.site.22, 3, 126, 129
1121098.7.peg.976.site.1, 0, 126, 126
1121098.7.peg.976.site.2, 1, 126, 127
1121098.7.peg.976.site.3, 0, 126, 126
1121098.7.peg.976.site.4, 7, 126, 133
1121098.7.peg.976.site.5, 1, 126, 127
1121098.7.peg.976.site.6, 52, 126, 178
1121098.7.peg.976.site.7, 0, 126, 126
1121098.7.peg.976.site.8, 9, 126, 135
1121098.7.peg.976.site.9, 0, 126, 126
1121098.7.peg.977.site.1, 73, 125, 198
1121098.7.peg.977.site.2, 1, 126, 127
1121098.7.peg.977.site.3, 0, 126, 126
1121098.7.peg.977.site.4, 0, 126, 126
1121098.7.peg.977.site.5, 21, 125, 146
1121098.7.peg.977.site.6, 3, 126, 129
1121098.7.peg.977.site.7, 2, 126, 128
1121098.7.peg.977.site.8, 59, 126, 185
1121098.7.peg.970.site.1, 56, 126, 182
1121098.7.peg.970.site.2, 9, 126, 135
1121098.7.peg.970.site.3, 1, 126, 127
1121098.7.peg.970.site.4, 52, 126, 178
1121098.7.peg.970.site.5, 10, 125, 135
1121098.7.peg.970.site.6, 17, 126, 143
1121098.7.peg.970.site.7, 106, 125, 231
1121098.7.peg.970.site.8, 52, 125, 177
1121098.7.peg.970.site.9, 52, 125, 177
1121098.7.peg.970.site.10, 0, 126, 126
1121098.7.peg.971.site.1, 0, 112, 112
1121098.7.peg.971.site.2, 0, 106, 106
1121098.7.peg.971.site.3, 0, 92, 92
1121098.7.peg.971.site.4, 0, 101, 101
1121098.7.peg.971.site.5, 0, 108, 108
1121098.7.peg.971.site.6, 0, 117, 117
1121098.7.peg.971.site.7, 0, 119, 119
1121098.7.peg.973.site.1, 3, 126, 129
1121098.7.peg.1393.site.1, 0, 45, 45
1121098.7.peg.1393.site.2, 41, 76, 117
1121098.7.peg.1393.site.3, 1, 124, 125
1121098.7.peg.1393.site.4, 53, 109, 162
1121098.7.peg.1393.site.5, 73, 105, 178
1121098.7.peg.1393.site.6, 87, 107, 194
1121098.7.peg.1393.site.7, 0, 112, 112
1121098.7.peg.1393.site.8, 0, 111, 111
1121098.7.peg.1393.site.9, 17, 114, 131
1121098.7.peg.1393.site.10, 0, 116, 116
1121098.7.peg.1393.site.11, 0, 120, 120
1121098.7.peg.1393.site.12, 115, 119, 234
1121098.7.peg.1393.site.13, 0, 119, 119
1121098.7.peg.1393.site.14, 68, 112, 180
1121098.7.peg.1390.site.1, 0, 126, 126
1121098.7.peg.1390.site.2, 2, 126, 128
1121098.7.peg.1390.site.3, 0, 126, 126
1121098.7.peg.1390.site.4, 0, 126, 126
1121098.7.peg.1391.site.1, 15, 126, 141
1121098.7.peg.1391.site.2, 0, 125, 125
1121098.7.peg.1391.site.3, 64, 126, 190
1121098.7.peg.1391.site.4, 4, 126, 130
1121098.7.peg.1391.site.5, 0, 126, 126
1121098.7.peg.1391.site.6, 1, 126, 127
1121098.7.peg.1391.site.7, 26, 125, 151
1121098.7.peg.1391.site.8, 26, 125, 151
1121098.7.peg.1391.site.9, 0, 126, 126
1121098.7.peg.1391.site.10, 24, 126, 150
1121098.7.peg.1391.site.11, 4, 126, 130
1121098.7.peg.1391.site.12, 0, 126, 126
1121098.7.peg.1391.site.13, 0, 126, 126
1121098.7.peg.1391.site.14, 2, 115, 117
1121098.7.peg.1391.site.15, 18, 114, 132
1121098.7.peg.1391.site.16, 88, 120, 208
1121098.7.peg.1391.site.17, 2, 120, 122
1121098.7.peg.1391.site.18, 80, 121, 201
1121098.7.peg.1391.site.19, 115, 119, 234
1121098.7.peg.1391.site.20, 0, 126, 126
1121098.7.peg.1391.site.21, 36, 126, 162
1121098.7.peg.1391.site.22, 112, 125, 237
1121098.7.peg.1391.site.23, 8, 126, 134
1121098.7.peg.1391.site.24, 7, 125, 132
1121098.7.peg.1391.site.25, 0, 126, 126
1121098.7.peg.1391.site.26, 1, 126, 127
1121098.7.peg.1391.site.27, 1, 126, 127
1121098.7.peg.1391.site.28, 0, 126, 126
1121098.7.peg.1391.site.29, 3, 126, 129
1121098.7.peg.1391.site.30, 85, 125, 210
1121098.7.peg.978.site.1, 0, 125, 125
1121098.7.peg.978.site.2, 1, 125, 126
1121098.7.peg.978.site.3, 9, 126, 135
1121098.7.peg.978.site.4, 15, 126, 141
1121098.7.peg.978.site.5, 51, 126, 177
1121098.7.peg.979.site.1, 3, 126, 129
1121098.7.peg.979.site.2, 3, 126, 129
1121098.7.peg.979.site.3, 0, 126, 126
1121098.7.peg.979.site.4, 12, 126, 138
1121098.7.peg.979.site.5, 0, 126, 126
1121098.7.peg.979.site.6, 56, 126, 182
1121098.7.peg.979.site.7, 3, 125, 128
1121098.7.peg.979.site.8, 0, 126, 126
1121098.7.peg.979.site.9, 2, 125, 127
1121098.7.peg.979.site.10, 0, 126, 126
1121098.7.peg.979.site.11, 0, 126, 126
1121098.7.peg.979.site.12, 52, 126, 178
1121098.7.peg.979.site.13, 0, 126, 126
1121098.7.peg.979.site.14, 2, 126, 128
1121098.7.peg.979.site.15, 52, 126, 178
1121098.7.peg.979.site.16, 0, 126, 126
1121098.7.peg.979.site.17, 0, 126, 126
1121098.7.peg.979.site.18, 2, 126, 128
1121098.7.peg.979.site.19, 0, 125, 125
1121098.7.peg.979.site.20, 49, 126, 175
1121098.7.peg.979.site.21, 0, 126, 126
1121098.7.peg.979.site.22, 2, 125, 127
1121098.7.peg.979.site.23, 8, 125, 133
1121098.7.peg.979.site.24, 109, 126, 235
1121098.7.peg.979.site.25, 4, 126, 130
1121098.7.peg.979.site.26, 7, 125, 132
1121098.7.peg.979.site.27, 6, 124, 130
1121098.7.peg.979.site.28, 0, 125, 125
1121098.7.peg.979.site.29, 100, 124, 224
1121098.7.peg.979.site.30, 3, 126, 129
1121098.7.peg.979.site.31, 3, 126, 129
1121098.7.peg.979.site.32, 0, 126, 126
1121098.7.peg.979.site.33, 6, 125, 131
1121098.7.peg.1394.site.1, 0, 126, 126
1121098.7.peg.1394.site.2, 1, 125, 126
1121098.7.peg.1394.site.3, 58, 126, 184
1121098.7.peg.1394.site.4, 6, 126, 132
1121098.7.peg.1395.site.1, 0, 126, 126
1121098.7.peg.2858.site.1, 17, 126, 143
1121098.7.peg.2850.site.1, 2, 126, 128
1121098.7.peg.2850.site.2, 0, 126, 126
1121098.7.peg.2850.site.3, 17, 126, 143
1121098.7.peg.2850.site.4, 0, 126, 126
1121098.7.peg.2850.site.5, 54, 126, 180
1121098.7.peg.2851.site.1, 3, 126, 129
1121098.7.peg.2851.site.2, 14, 126, 140
1121098.7.peg.2851.site.3, 0, 126, 126
1121098.7.peg.2851.site.4, 0, 126, 126
1121098.7.peg.2851.site.5, 0, 126, 126
1121098.7.peg.2851.site.6, 3, 126, 129
1121098.7.peg.2851.site.7, 0, 126, 126
1121098.7.peg.2851.site.8, 2, 126, 128
1121098.7.peg.2851.site.9, 57, 126, 183
1121098.7.peg.2851.site.10, 19, 125, 144
1121098.7.peg.2851.site.11, 3, 126, 129
1121098.7.peg.2851.site.12, 0, 124, 124
1121098.7.peg.2851.site.13, 76, 124, 200
1121098.7.peg.2852.site.1, 1, 126, 127
1121098.7.peg.2852.site.2, 46, 121, 167
1121098.7.peg.2852.site.3, 5, 116, 121
1121098.7.peg.2852.site.4, 0, 116, 116
1121098.7.peg.2852.site.5, 3, 125, 128
1121098.7.peg.2852.site.6, 2, 126, 128
1121098.7.peg.2852.site.7, 0, 125, 125
1121098.7.peg.2852.site.8, 2, 126, 128
1121098.7.peg.2852.site.9, 0, 126, 126
1121098.7.peg.2852.site.10, 0, 125, 125
1121098.7.peg.2852.site.11, 0, 126, 126
1121098.7.peg.2852.site.12, 1, 126, 127
1121098.7.peg.2852.site.13, 1, 126, 127
1121098.7.peg.2852.site.14, 22, 125, 147
1121098.7.peg.2852.site.15, 90, 124, 214
1121098.7.peg.2852.site.16, 101, 125, 226
1121098.7.peg.2852.site.17, 1, 125, 126
1121098.7.peg.2852.site.18, 0, 124, 124
1121098.7.peg.2852.site.19, 0, 126, 126
1121098.7.peg.2853.site.1, 63, 126, 189
1121098.7.peg.2853.site.2, 0, 126, 126
1121098.7.peg.2853.site.3, 0, 126, 126
1121098.7.peg.2854.site.1, 0, 126, 126
1121098.7.peg.4051.site.1, 0, 126, 126
1121098.7.peg.4051.site.2, 56, 126, 182
1121098.7.peg.4051.site.3, 4, 126, 130
1121098.7.peg.4051.site.4, 0, 126, 126
1121098.7.peg.4051.site.5, 16, 126, 142
1121098.7.peg.4051.site.6, 0, 126, 126
1121098.7.peg.4051.site.7, 0, 125, 125
1121098.7.peg.4051.site.8, 0, 126, 126
1121098.7.peg.4051.site.9, 0, 126, 126
1121098.7.peg.4051.site.10, 0, 125, 125
1121098.7.peg.4051.site.11, 6, 125, 131
1121098.7.peg.4051.site.12, 49, 126, 175
1121098.7.peg.4051.site.13, 58, 126, 184
1121098.7.peg.1486.site.1, 0, 126, 126
1121098.7.peg.1486.site.2, 22, 126, 148
1121098.7.peg.1486.site.3, 24, 125, 149
1121098.7.peg.1486.site.4, 2, 126, 128
1121098.7.peg.1486.site.5, 2, 126, 128
1121098.7.peg.1486.site.6, 7, 126, 133
1121098.7.peg.1486.site.7, 0, 126, 126
1121098.7.peg.1486.site.8, 12, 126, 138
1121098.7.peg.1486.site.9, 9, 126, 135
1121098.7.peg.1486.site.10, 0, 126, 126
1121098.7.peg.1487.site.1, 0, 126, 126
1121098.7.peg.1487.site.2, 0, 126, 126
1121098.7.peg.1487.site.3, 40, 125, 165
1121098.7.peg.1484.site.1, 17, 125, 142
1121098.7.peg.1484.site.2, 0, 126, 126
1121098.7.peg.1484.site.3, 0, 126, 126
1121098.7.peg.1484.site.4, 24, 125, 149
1121098.7.peg.1484.site.5, 0, 126, 126
1121098.7.peg.1484.site.6, 0, 126, 126
1121098.7.peg.1484.site.7, 0, 126, 126
1121098.7.peg.1484.site.8, 16, 124, 140
1121098.7.peg.1484.site.9, 52, 126, 178
1121098.7.peg.1484.site.10, 4, 126, 130
1121098.7.peg.1484.site.11, 0, 126, 126
1121098.7.peg.1484.site.12, 0, 126, 126
1121098.7.peg.1484.site.13, 18, 126, 144
1121098.7.peg.1484.site.14, 55, 125, 180
1121098.7.peg.1484.site.15, 0, 121, 121
1121098.7.peg.1484.site.16, 5, 126, 131
1121098.7.peg.1484.site.17, 15, 125, 140
1121098.7.peg.1554.site.1, 28, 125, 153
1121098.7.peg.1554.site.2, 2, 126, 128
1121098.7.peg.1554.site.3, 0, 126, 126
1121098.7.peg.1554.site.4, 4, 126, 130
1121098.7.peg.1554.site.5, 4, 126, 130
1121098.7.peg.1554.site.6, 7, 126, 133
1121098.7.peg.1554.site.7, 10, 126, 136
1121098.7.peg.1555.site.1, 1, 126, 127
1121098.7.peg.1555.site.2, 0, 125, 125
1121098.7.peg.1555.site.3, 101, 125, 226
1121098.7.peg.1555.site.4, 83, 126, 209
1121098.7.peg.1555.site.5, 83, 126, 209
1121098.7.peg.1555.site.6, 2, 126, 128
1121098.7.peg.1555.site.7, 2, 126, 128
1121098.7.peg.1555.site.8, 1, 126, 127
1121098.7.peg.1555.site.9, 1, 126, 127
1121098.7.peg.1555.site.10, 100, 125, 225
1121098.7.peg.1555.site.11, 0, 126, 126
1121098.7.peg.1555.site.12, 3, 126, 129
1121098.7.peg.1555.site.13, 1, 126, 127
1121098.7.peg.1555.site.14, 104, 125, 229
1121098.7.peg.1555.site.15, 52, 125, 177
1121098.7.peg.1550.site.1, 3, 126, 129
1121098.7.peg.1550.site.2, 54, 126, 180
1121098.7.peg.1551.site.1, 4, 126, 130
1121098.7.peg.1551.site.2, 4, 126, 130
1121098.7.peg.1551.site.3, 4, 126, 130
1121098.7.peg.1551.site.4, 23, 126, 149
1121098.7.peg.1551.site.5, 0, 126, 126
1121098.7.peg.1551.site.6, 1, 126, 127
1121098.7.peg.1551.site.7, 53, 125, 178
1121098.7.peg.1552.site.1, 32, 125, 157
1121098.7.peg.1552.site.2, 4, 126, 130
1121098.7.peg.1552.site.3, 4, 126, 130
1121098.7.peg.1552.site.4, 0, 126, 126
1121098.7.peg.1553.site.1, 44, 125, 169
1121098.7.peg.1553.site.2, 4, 126, 130
1121098.7.peg.1553.site.3, 29, 126, 155
1121098.7.peg.1553.site.4, 2, 124, 126
1121098.7.peg.1553.site.5, 0, 126, 126
1121098.7.peg.1553.site.6, 4, 126, 130
1121098.7.peg.1553.site.7, 4, 126, 130
1121098.7.peg.1553.site.8, 4, 126, 130
1121098.7.peg.1553.site.9, 3, 126, 129
1121098.7.peg.3721.site.1, 2, 126, 128
1121098.7.peg.3721.site.2, 0, 126, 126
1121098.7.peg.3721.site.3, 4, 126, 130
1121098.7.peg.3721.site.4, 0, 126, 126
1121098.7.peg.3721.site.5, 0, 125, 125
1121098.7.peg.3721.site.6, 1, 126, 127
1121098.7.peg.3721.site.7, 0, 125, 125
1121098.7.peg.3721.site.8, 122, 126, 248
1121098.7.peg.3721.site.9, 6, 126, 132
1121098.7.peg.3721.site.10, 111, 126, 237
1121098.7.peg.3721.site.11, 1, 126, 127
1121098.7.peg.3721.site.12, 3, 126, 129
1121098.7.peg.3721.site.13, 122, 126, 248
1121098.7.peg.3721.site.14, 96, 126, 222
1121098.7.peg.3721.site.15, 6, 126, 132
1121098.7.peg.3721.site.16, 0, 126, 126
1121098.7.peg.3721.site.17, 0, 126, 126
1121098.7.peg.3721.site.18, 4, 126, 130
1121098.7.peg.3721.site.19, 3, 126, 129
1121098.7.peg.3721.site.20, 121, 126, 247
1121098.7.peg.3721.site.21, 7, 125, 132
1121098.7.peg.3721.site.22, 4, 126, 130
1121098.7.peg.3721.site.23, 59, 126, 185
1121098.7.peg.3721.site.24, 19, 126, 145
1121098.7.peg.3720.site.1, 4, 126, 130
1121098.7.peg.3720.site.2, 1, 126, 127
1121098.7.peg.3720.site.3, 46, 126, 172
1121098.7.peg.3720.site.4, 0, 126, 126
1121098.7.peg.3720.site.5, 0, 125, 125
1121098.7.peg.3720.site.6, 4, 126, 130
1121098.7.peg.3720.site.7, 97, 126, 223
1121098.7.peg.3720.site.8, 3, 126, 129
1121098.7.peg.3720.site.9, 61, 126, 187
1121098.7.peg.3720.site.10, 64, 126, 190
1121098.7.peg.3720.site.11, 0, 126, 126
1121098.7.peg.3720.site.12, 0, 124, 124
1121098.7.peg.3720.site.13, 0, 123, 123
1121098.7.peg.3720.site.14, 69, 124, 193
1121098.7.peg.3720.site.15, 66, 124, 190
1121098.7.peg.3720.site.16, 3, 124, 127
1121098.7.peg.3720.site.17, 2, 124, 126
1121098.7.peg.3720.site.18, 53, 123, 176
1121098.7.peg.3720.site.19, 0, 124, 124
1121098.7.peg.3720.site.20, 2, 126, 128
1121098.7.peg.3720.site.21, 2, 126, 128
1121098.7.peg.3720.site.22, 0, 126, 126
1121098.7.peg.3720.site.23, 8, 126, 134
1121098.7.peg.3720.site.24, 0, 126, 126
1121098.7.peg.3720.site.25, 44, 126, 170
1121098.7.peg.3720.site.26, 0, 126, 126
1121098.7.peg.3720.site.27, 114, 126, 240
1121098.7.peg.3720.site.28, 56, 126, 182
1121098.7.peg.3720.site.29, 113, 125, 238
1121098.7.peg.3720.site.30, 60, 125, 185
1121098.7.peg.3720.site.31, 12, 125, 137
1121098.7.peg.3720.site.32, 4, 126, 130
1121098.7.peg.3720.site.33, 13, 126, 139
1121098.7.peg.3720.site.34, 4, 126, 130
1121098.7.peg.3720.site.35, 0, 125, 125
1121098.7.peg.3720.site.36, 61, 125, 186
1121098.7.peg.3720.site.37, 110, 122, 232
1121098.7.peg.3720.site.38, 3, 126, 129
1121098.7.peg.3720.site.39, 0, 126, 126
1121098.7.peg.3720.site.40, 0, 126, 126
1121098.7.peg.3720.site.41, 46, 126, 172
1121098.7.peg.3720.site.42, 50, 125, 175
1121098.7.peg.3720.site.43, 1, 126, 127
1121098.7.peg.3720.site.44, 12, 126, 138
1121098.7.peg.3720.site.45, 1, 126, 127
1121098.7.peg.3720.site.46, 0, 126, 126
1121098.7.peg.3720.site.47, 0, 126, 126
1121098.7.peg.3720.site.48, 0, 125, 125
1121098.7.peg.3720.site.49, 62, 126, 188
1121098.7.peg.1558.site.1, 8, 126, 134
1121098.7.peg.1558.site.2, 6, 126, 132
1121098.7.peg.1558.site.3, 4, 126, 130
1121098.7.peg.1558.site.4, 2, 126, 128
1121098.7.peg.1558.site.5, 21, 126, 147
1121098.7.peg.1558.site.6, 17, 125, 142
1121098.7.peg.1558.site.7, 0, 126, 126
1121098.7.peg.1558.site.8, 110, 126, 236
1121098.7.peg.1558.site.9, 0, 126, 126
1121098.7.peg.1558.site.10, 94, 126, 220
1121098.7.peg.1558.site.11, 0, 126, 126
1121098.7.peg.1558.site.12, 0, 126, 126
1121098.7.peg.1559.site.1, 72, 125, 197
1121098.7.peg.1559.site.2, 30, 125, 155
1121098.7.peg.1559.site.3, 1, 126, 127
1121098.7.peg.1559.site.4, 4, 126, 130
1121098.7.peg.1559.site.5, 0, 126, 126
1121098.7.peg.1559.site.6, 38, 125, 163
1121098.7.peg.1559.site.7, 0, 126, 126
1121098.7.peg.1559.site.8, 7, 126, 133
1121098.7.peg.1559.site.9, 0, 126, 126
1121098.7.peg.1559.site.10, 0, 125, 125
1121098.7.peg.1559.site.11, 4, 126, 130
1121098.7.peg.1559.site.12, 15, 126, 141
1121098.7.peg.3727.site.1, 63, 124, 187
1121098.7.peg.3727.site.2, 6, 124, 130
1121098.7.peg.3727.site.3, 2, 126, 128
1121098.7.peg.3727.site.4, 0, 125, 125
1121098.7.peg.3727.site.5, 1, 125, 126
1121098.7.peg.3727.site.6, 12, 125, 137
1121098.7.peg.3726.site.1, 73, 124, 197
1121098.7.peg.3726.site.2, 0, 124, 124
1121098.7.peg.3726.site.3, 2, 126, 128
1121098.7.peg.4322.site.1, 78, 126, 204
1121098.7.peg.4322.site.2, 60, 125, 185
1121098.7.peg.4322.site.3, 15, 125, 140
1121098.7.peg.4322.site.4, 112, 126, 238
1121098.7.peg.4322.site.5, 0, 126, 126
1121098.7.peg.4322.site.6, 110, 126, 236
1121098.7.peg.4322.site.7, 53, 125, 178
1121098.7.peg.4322.site.8, 60, 126, 186
1121098.7.peg.4322.site.9, 52, 126, 178
1121098.7.peg.3960.site.1, 54, 126, 180
1121098.7.peg.3960.site.2, 4, 126, 130
1121098.7.peg.3960.site.3, 4, 126, 130
1121098.7.peg.3960.site.4, 4, 126, 130
1121098.7.peg.3960.site.5, 122, 126, 248
1121098.7.peg.3960.site.6, 23, 126, 149
1121098.7.peg.3960.site.7, 0, 126, 126
1121098.7.peg.3960.site.8, 2, 126, 128
1121098.7.peg.3960.site.9, 1, 126, 127
1121098.7.peg.3960.site.10, 26, 126, 152
1121098.7.peg.3960.site.11, 6, 126, 132
1121098.7.peg.3960.site.12, 6, 126, 132
1121098.7.peg.3960.site.13, 0, 126, 126
1121098.7.peg.3960.site.14, 0, 126, 126
1121098.7.peg.3960.site.15, 0, 125, 125
1121098.7.peg.3960.site.16, 60, 124, 184
1121098.7.peg.2929.site.1, 7, 125, 132
1121098.7.peg.2929.site.2, 0, 126, 126
1121098.7.peg.2929.site.3, 1, 126, 127
1121098.7.peg.2929.site.4, 95, 126, 221
1121098.7.peg.2929.site.5, 12, 126, 138
1121098.7.peg.2929.site.6, 0, 125, 125
1121098.7.peg.3894.site.1, 60, 84, 144
1121098.7.peg.2924.site.1, 2, 126, 128
1121098.7.peg.2924.site.2, 0, 126, 126
1121098.7.peg.2924.site.3, 17, 125, 142
1121098.7.peg.2924.site.4, 0, 126, 126
1121098.7.peg.2924.site.5, 0, 125, 125
1121098.7.peg.2924.site.6, 0, 126, 126
1121098.7.peg.2924.site.7, 10, 126, 136
1121098.7.peg.2924.site.8, 57, 125, 182
1121098.7.peg.2924.site.9, 3, 126, 129
1121098.7.peg.2924.site.10, 3, 126, 129
1121098.7.peg.2924.site.11, 0, 125, 125
1121098.7.peg.2924.site.12, 60, 126, 186
1121098.7.peg.2924.site.13, 3, 126, 129
1121098.7.peg.2924.site.14, 11, 126, 137
1121098.7.peg.2924.site.15, 97, 126, 223
1121098.7.peg.2924.site.16, 2, 126, 128
1121098.7.peg.2924.site.17, 53, 126, 179
1121098.7.peg.2924.site.18, 2, 125, 127
1121098.7.peg.2924.site.19, 0, 126, 126
1121098.7.peg.2924.site.20, 11, 126, 137
1121098.7.peg.2924.site.21, 0, 126, 126
1121098.7.peg.2924.site.22, 16, 125, 141
1121098.7.peg.2924.site.23, 106, 126, 232
1121098.7.peg.2924.site.24, 52, 126, 178
1121098.7.peg.2926.site.1, 61, 125, 186
1121098.7.peg.2926.site.2, 10, 126, 136
1121098.7.peg.2926.site.3, 29, 126, 155
1121098.7.peg.2926.site.4, 1, 126, 127
1121098.7.peg.2926.site.5, 12, 126, 138
1121098.7.peg.2926.site.6, 0, 126, 126
1121098.7.peg.2926.site.7, 31, 126, 157
1121098.7.peg.2926.site.8, 7, 126, 133
1121098.7.peg.2926.site.9, 4, 126, 130
1121098.7.peg.2927.site.1, 1, 126, 127
1121098.7.peg.2927.site.2, 122, 126, 248
1121098.7.peg.2927.site.3, 0, 126, 126
1121098.7.peg.2927.site.4, 105, 126, 231
1121098.7.peg.2927.site.5, 14, 126, 140
1121098.7.peg.2927.site.6, 98, 126, 224
1121098.7.peg.2927.site.7, 0, 126, 126
1121098.7.peg.2927.site.8, 2, 126, 128
1121098.7.peg.2927.site.9, 17, 126, 143
1121098.7.peg.2927.site.10, 0, 126, 126
1121098.7.peg.2927.site.11, 52, 126, 178
1121098.7.peg.2927.site.12, 0, 125, 125
1121098.7.peg.2927.site.13, 7, 125, 132
1121098.7.peg.2927.site.14, 2, 126, 128
1121098.7.peg.2927.site.15, 0, 126, 126
1121098.7.peg.2920.site.1, 0, 126, 126
1121098.7.peg.2920.site.2, 112, 125, 237
1121098.7.peg.2920.site.3, 65, 126, 191
1121098.7.peg.2920.site.4, 64, 126, 190
1121098.7.peg.2920.site.5, 32, 125, 157
1121098.7.peg.2920.site.6, 0, 125, 125
1121098.7.peg.2920.site.7, 62, 125, 187
1121098.7.peg.2920.site.8, 62, 126, 188
1121098.7.peg.2920.site.9, 0, 125, 125
1121098.7.peg.2920.site.10, 4, 125, 129
1121098.7.peg.2920.site.11, 3, 125, 128
1121098.7.peg.2920.site.12, 16, 125, 141
1121098.7.peg.2920.site.13, 0, 126, 126
1121098.7.peg.2920.site.14, 0, 126, 126
1121098.7.peg.2921.site.1, 1, 125, 126
1121098.7.peg.2921.site.2, 65, 126, 191
1121098.7.peg.2921.site.3, 4, 126, 130
1121098.7.peg.2921.site.4, 15, 126, 141
1121098.7.peg.2921.site.5, 79, 124, 203
1121098.7.peg.2921.site.6, 64, 125, 189
1121098.7.peg.2922.site.1, 0, 124, 124
1121098.7.peg.2922.site.2, 122, 126, 248
1121098.7.peg.2922.site.3, 4, 126, 130
1121098.7.peg.2922.site.4, 1, 126, 127
1121098.7.peg.2922.site.5, 2, 126, 128
1121098.7.peg.2922.site.6, 12, 125, 137
1121098.7.peg.2922.site.7, 0, 126, 126
1121098.7.peg.2922.site.8, 63, 126, 189
1121098.7.peg.2922.site.9, 58, 126, 184
1121098.7.peg.2922.site.10, 5, 126, 131
1121098.7.peg.2922.site.11, 0, 126, 126
1121098.7.peg.2922.site.12, 0, 126, 126
1121098.7.peg.2922.site.13, 0, 126, 126
1121098.7.peg.2922.site.14, 0, 126, 126
1121098.7.peg.2922.site.15, 4, 126, 130
1121098.7.peg.2922.site.16, 1, 126, 127
1121098.7.peg.2922.site.17, 0, 126, 126
1121098.7.peg.2922.site.18, 12, 126, 138
1121098.7.peg.2922.site.19, 12, 125, 137
1121098.7.peg.2922.site.20, 3, 126, 129
1121098.7.peg.2922.site.21, 0, 126, 126
1121098.7.peg.2923.site.1, 1, 126, 127
1121098.7.peg.2923.site.2, 20, 125, 145
1121098.7.peg.2923.site.3, 1, 126, 127
1121098.7.peg.2923.site.4, 3, 126, 129
1121098.7.peg.2923.site.5, 0, 126, 126
1121098.7.peg.2923.site.6, 103, 126, 229
1121098.7.peg.2923.site.7, 0, 126, 126
1121098.7.peg.2923.site.8, 9, 126, 135
1121098.7.peg.4057.site.1, 0, 125, 125
1121098.7.peg.4057.site.2, 2, 126, 128
1121098.7.peg.4057.site.3, 52, 126, 178
1121098.7.peg.3643.site.1, 0, 126, 126
1121098.7.peg.3643.site.2, 110, 125, 235
1121098.7.peg.3643.site.3, 38, 125, 163
1121098.7.peg.2631.site.1, 0, 126, 126
1121098.7.peg.2633.site.1, 0, 126, 126
1121098.7.peg.2633.site.2, 3, 126, 129
1121098.7.peg.2633.site.3, 0, 126, 126
1121098.7.peg.2633.site.4, 24, 125, 149
1121098.7.peg.2633.site.5, 1, 124, 125
1121098.7.peg.2633.site.6, 2, 126, 128
1121098.7.peg.2633.site.7, 55, 120, 175
1121098.7.peg.2633.site.8, 56, 112, 168
1121098.7.peg.2633.site.9, 79, 126, 205
1121098.7.peg.2633.site.10, 4, 126, 130
1121098.7.peg.4440.site.1, 0, 124, 124
1121098.7.peg.4440.site.2, 56, 123, 179
1121098.7.peg.4440.site.3, 1, 120, 121
1121098.7.peg.4440.site.4, 17, 125, 142
1121098.7.peg.3294.site.1, 2, 125, 127
1121098.7.peg.3294.site.2, 4, 125, 129
1121098.7.peg.3294.site.3, 27, 125, 152
1121098.7.peg.3294.site.4, 27, 126, 153
1121098.7.peg.3294.site.5, 122, 126, 248
1121098.7.peg.4286.site.1, 63, 125, 188
1121098.7.peg.4284.site.1, 2, 126, 128
1121098.7.peg.4284.site.2, 59, 126, 185
1121098.7.peg.4284.site.3, 61, 126, 187
1121098.7.peg.4284.site.4, 3, 126, 129
1121098.7.peg.4284.site.5, 3, 125, 128
1121098.7.peg.4284.site.6, 0, 126, 126
1121098.7.peg.4284.site.7, 64, 125, 189
1121098.7.peg.4284.site.8, 20, 124, 144
1121098.7.peg.4284.site.9, 62, 126, 188
1121098.7.peg.4284.site.10, 62, 126, 188
1121098.7.peg.4284.site.11, 61, 125, 186
1121098.7.peg.4284.site.12, 0, 126, 126
1121098.7.peg.4284.site.13, 0, 124, 124
1121098.7.peg.4284.site.14, 53, 124, 177
1121098.7.peg.4284.site.15, 3, 74, 77
1121098.7.peg.4284.site.16, 16, 87, 103
1121098.7.peg.4284.site.17, 45, 116, 161
1121098.7.peg.4284.site.18, 10, 121, 131
1121098.7.peg.4284.site.19, 16, 125, 141
1121098.7.peg.4284.site.20, 84, 124, 208
1121098.7.peg.4283.site.1, 0, 123, 123
1121098.7.peg.4282.site.1, 27, 123, 150
1121098.7.peg.4282.site.2, 0, 126, 126
1121098.7.peg.4282.site.3, 13, 126, 139
1121098.7.peg.4282.site.4, 7, 126, 133
1121098.7.peg.4282.site.5, 122, 126, 248
1121098.7.peg.4282.site.6, 65, 126, 191
1121098.7.peg.4282.site.7, 65, 126, 191
1121098.7.peg.4282.site.8, 65, 126, 191
1121098.7.peg.4282.site.9, 2, 126, 128
1121098.7.peg.4282.site.10, 65, 126, 191
1121098.7.peg.4282.site.11, 0, 126, 126
1121098.7.peg.4282.site.12, 8, 126, 134
1121098.7.peg.4282.site.13, 59, 126, 185
1121098.7.peg.4282.site.14, 65, 126, 191
1121098.7.peg.4282.site.15, 59, 126, 185
1121098.7.peg.4282.site.16, 1, 126, 127
1121098.7.peg.4282.site.17, 1, 124, 125
1121098.7.peg.4282.site.18, 4, 125, 129
1121098.7.peg.4282.site.19, 1, 126, 127
1121098.7.peg.4282.site.20, 2, 125, 127
1121098.7.peg.4282.site.21, 52, 125, 177
1121098.7.peg.4282.site.22, 57, 125, 182
1121098.7.peg.4282.site.23, 6, 125, 131
1121098.7.peg.4282.site.24, 1, 126, 127
1121098.7.peg.4282.site.25, 0, 126, 126
1121098.7.peg.4282.site.26, 51, 125, 176
1121098.7.peg.4282.site.27, 0, 126, 126
1121098.7.peg.4282.site.28, 16, 126, 142
1121098.7.peg.4282.site.29, 2, 125, 127
1121098.7.peg.4281.site.1, 11, 126, 137
1121098.7.peg.4281.site.2, 13, 126, 139
1121098.7.peg.4281.site.3, 4, 126, 130
1121098.7.peg.4281.site.4, 11, 126, 137
1121098.7.peg.4281.site.5, 107, 125, 232
1121098.7.peg.4281.site.6, 22, 125, 147
1121098.7.peg.4281.site.7, 87, 125, 212
1121098.7.peg.4281.site.8, 42, 125, 167
1121098.7.peg.4281.site.9, 11, 126, 137
1121098.7.peg.4281.site.10, 11, 126, 137
1121098.7.peg.4281.site.11, 11, 125, 136
1121098.7.peg.4281.site.12, 0, 126, 126
1121098.7.peg.4281.site.13, 14, 124, 138
1121098.7.peg.4280.site.1, 64, 125, 189
1121098.7.peg.4280.site.2, 7, 125, 132
1121098.7.peg.4280.site.3, 65, 126, 191
1121098.7.peg.4280.site.4, 65, 126, 191
1121098.7.peg.4280.site.5, 4, 126, 130
1121098.7.peg.4280.site.6, 4, 126, 130
1121098.7.peg.4280.site.7, 95, 125, 220
1121098.7.peg.4280.site.8, 60, 126, 186
1121098.7.peg.4280.site.9, 122, 126, 248
1121098.7.peg.4280.site.10, 22, 124, 146
1121098.7.peg.4280.site.11, 6, 126, 132
1121098.7.peg.4289.site.1, 0, 126, 126
1121098.7.peg.4289.site.2, 0, 126, 126
1121098.7.peg.4289.site.3, 112, 125, 237
1121098.7.peg.4289.site.4, 1, 126, 127
1121098.7.peg.4289.site.5, 0, 126, 126
1121098.7.peg.4288.site.1, 2, 125, 127
1121098.7.peg.4288.site.2, 9, 126, 135
1121098.7.peg.4288.site.3, 20, 126, 146
1121098.7.peg.1019.site.1, 101, 126, 227
1121098.7.peg.1019.site.2, 1, 126, 127
1121098.7.peg.1019.site.3, 12, 124, 136
1121098.7.peg.1019.site.4, 0, 126, 126
1121098.7.peg.1019.site.5, 21, 126, 147
1121098.7.peg.1019.site.6, 61, 126, 187
1121098.7.peg.1019.site.7, 0, 126, 126
1121098.7.peg.1019.site.8, 21, 126, 147
1121098.7.peg.1019.site.9, 0, 126, 126
1121098.7.peg.1019.site.10, 4, 126, 130
1121098.7.peg.1019.site.11, 0, 126, 126
1121098.7.peg.1019.site.12, 1, 125, 126
1121098.7.peg.1018.site.1, 10, 125, 135
1121098.7.peg.1018.site.2, 6, 125, 131
1121098.7.peg.1018.site.3, 9, 125, 134
1121098.7.peg.2706.site.1, 98, 120, 218
1121098.7.peg.2706.site.2, 49, 117, 166
1121098.7.peg.2706.site.3, 1, 113, 114
1121098.7.peg.2706.site.4, 38, 106, 144
1121098.7.peg.2706.site.5, 41, 104, 145
1121098.7.peg.2706.site.6, 32, 118, 150
1121098.7.peg.2706.site.7, 2, 124, 126
1121098.7.peg.2706.site.8, 41, 124, 165
1121098.7.peg.2706.site.9, 97, 125, 222
1121098.7.peg.2706.site.10, 5, 124, 129
1121098.7.peg.2706.site.11, 1, 124, 125
1121098.7.peg.2706.site.12, 7, 122, 129
1121098.7.peg.2706.site.13, 0, 124, 124
1121098.7.peg.2706.site.14, 56, 124, 180
1121098.7.peg.2706.site.15, 13, 124, 137
1121098.7.peg.2706.site.16, 1, 125, 126
1121098.7.peg.2706.site.17, 0, 125, 125
1121098.7.peg.2707.site.1, 0, 126, 126
1121098.7.peg.2707.site.2, 13, 126, 139
1121098.7.peg.2707.site.3, 0, 126, 126
1121098.7.peg.2707.site.4, 13, 126, 139
1121098.7.peg.2707.site.5, 1, 126, 127
1121098.7.peg.2707.site.6, 0, 126, 126
1121098.7.peg.2707.site.7, 0, 124, 124
1121098.7.peg.2707.site.8, 13, 125, 138
1121098.7.peg.2707.site.9, 13, 125, 138
1121098.7.peg.2707.site.10, 8, 125, 133
1121098.7.peg.2707.site.11, 38, 126, 164
1121098.7.peg.2707.site.12, 12, 126, 138
1121098.7.peg.2707.site.13, 15, 126, 141
1121098.7.peg.2707.site.14, 5, 126, 131
1121098.7.peg.2707.site.15, 0, 126, 126
1121098.7.peg.2707.site.16, 5, 126, 131
1121098.7.peg.2707.site.17, 15, 126, 141
1121098.7.peg.2707.site.18, 15, 126, 141
1121098.7.peg.1011.site.1, 0, 126, 126
1121098.7.peg.1011.site.2, 0, 126, 126
1121098.7.peg.1011.site.3, 21, 126, 147
1121098.7.peg.1011.site.4, 0, 126, 126
1121098.7.peg.1011.site.5, 121, 126, 247
1121098.7.peg.1011.site.6, 5, 126, 131
1121098.7.peg.1011.site.7, 1, 126, 127
1121098.7.peg.1011.site.8, 2, 125, 127
1121098.7.peg.1011.site.9, 0, 125, 125
1121098.7.peg.1011.site.10, 88, 126, 214
1121098.7.peg.1011.site.11, 0, 126, 126
1121098.7.peg.1011.site.12, 59, 126, 185
1121098.7.peg.1011.site.13, 23, 126, 149
1121098.7.peg.1011.site.14, 0, 126, 126
1121098.7.peg.1011.site.15, 3, 126, 129
1121098.7.peg.1010.site.1, 1, 126, 127
1121098.7.peg.1010.site.2, 0, 126, 126
1121098.7.peg.1010.site.3, 0, 126, 126
1121098.7.peg.1010.site.4, 5, 126, 131
1121098.7.peg.1010.site.5, 5, 126, 131
1121098.7.peg.1010.site.6, 13, 126, 139
1121098.7.peg.1010.site.7, 6, 125, 131
1121098.7.peg.1010.site.8, 75, 126, 201
1121098.7.peg.1010.site.9, 10, 125, 135
1121098.7.peg.1010.site.10, 55, 126, 181
1121098.7.peg.1010.site.11, 50, 126, 176
1121098.7.peg.1010.site.12, 1, 126, 127
1121098.7.peg.1010.site.13, 47, 126, 173
1121098.7.peg.1010.site.14, 0, 126, 126
1121098.7.peg.1010.site.15, 0, 126, 126
1121098.7.peg.1010.site.16, 3, 126, 129
1121098.7.peg.1010.site.17, 0, 126, 126
1121098.7.peg.1010.site.18, 1, 126, 127
1121098.7.peg.1010.site.19, 0, 126, 126
1121098.7.peg.1013.site.1, 3, 126, 129
1121098.7.peg.1013.site.2, 0, 126, 126
1121098.7.peg.1013.site.3, 0, 126, 126
1121098.7.peg.1013.site.4, 31, 126, 157
1121098.7.peg.1013.site.5, 9, 125, 134
1121098.7.peg.1013.site.6, 3, 126, 129
1121098.7.peg.1013.site.7, 10, 125, 135
1121098.7.peg.1013.site.8, 0, 126, 126
1121098.7.peg.1013.site.9, 33, 126, 159
1121098.7.peg.1013.site.10, 119, 126, 245
1121098.7.peg.1013.site.11, 14, 126, 140
1121098.7.peg.1013.site.12, 1, 126, 127
1121098.7.peg.1013.site.13, 0, 126, 126
1121098.7.peg.1013.site.14, 0, 126, 126
1121098.7.peg.1013.site.15, 14, 126, 140
1121098.7.peg.1013.site.16, 0, 125, 125
1121098.7.peg.1013.site.17, 0, 126, 126
1121098.7.peg.1013.site.18, 1, 126, 127
1121098.7.peg.1013.site.19, 3, 126, 129
1121098.7.peg.1013.site.20, 105, 126, 231
1121098.7.peg.1012.site.1, 21, 126, 147
1121098.7.peg.1012.site.2, 0, 125, 125
1121098.7.peg.1012.site.3, 0, 126, 126
1121098.7.peg.1012.site.4, 0, 126, 126
1121098.7.peg.1012.site.5, 99, 126, 225
1121098.7.peg.1012.site.6, 4, 126, 130
1121098.7.peg.1012.site.7, 13, 126, 139
1121098.7.peg.1012.site.8, 4, 126, 130
1121098.7.peg.1012.site.9, 0, 126, 126
1121098.7.peg.1012.site.10, 0, 125, 125
1121098.7.peg.1012.site.11, 3, 126, 129
1121098.7.peg.1012.site.12, 3, 126, 129
1121098.7.peg.1012.site.13, 23, 125, 148
1121098.7.peg.1012.site.14, 1, 126, 127
1121098.7.peg.1012.site.15, 10, 126, 136
1121098.7.peg.1012.site.16, 0, 126, 126
1121098.7.peg.1012.site.17, 62, 126, 188
1121098.7.peg.1012.site.18, 62, 126, 188
1121098.7.peg.1012.site.19, 52, 125, 177
1121098.7.peg.1015.site.1, 0, 126, 126
1121098.7.peg.1015.site.2, 7, 125, 132
1121098.7.peg.1015.site.3, 6, 125, 131
1121098.7.peg.1016.site.1, 1, 126, 127
1121098.7.peg.1016.site.2, 0, 126, 126
1121098.7.peg.1016.site.3, 0, 126, 126
1121098.7.peg.4059.site.1, 0, 126, 126
1121098.7.peg.4059.site.2, 0, 126, 126
1121098.7.peg.4059.site.3, 10, 126, 136
1121098.7.peg.4059.site.4, 60, 126, 186
1121098.7.peg.4059.site.5, 2, 126, 128
1121098.7.peg.4059.site.6, 0, 126, 126
1121098.7.peg.4059.site.7, 3, 126, 129
1121098.7.peg.4059.site.8, 0, 126, 126
1121098.7.peg.3445.site.1, 51, 125, 176
1121098.7.peg.3445.site.2, 3, 124, 127
1121098.7.peg.3445.site.3, 0, 125, 125
1121098.7.peg.3445.site.4, 0, 125, 125
1121098.7.peg.3445.site.5, 0, 125, 125
1121098.7.peg.3445.site.6, 0, 124, 124
1121098.7.peg.1839.site.1, 10, 126, 136
1121098.7.peg.1839.site.2, 55, 126, 181
1121098.7.peg.1839.site.3, 10, 124, 134
1121098.7.peg.1839.site.4, 82, 125, 207
1121098.7.peg.1839.site.5, 112, 125, 237
1121098.7.peg.1839.site.6, 121, 126, 247
1121098.7.peg.1839.site.7, 7, 126, 133
1121098.7.peg.1839.site.8, 4, 126, 130
1121098.7.peg.1839.site.9, 2, 126, 128
1121098.7.peg.1839.site.10, 2, 126, 128
1121098.7.peg.1839.site.11, 0, 126, 126
1121098.7.peg.1839.site.12, 1, 125, 126
1121098.7.peg.1839.site.13, 0, 126, 126
1121098.7.peg.1839.site.14, 121, 126, 247
1121098.7.peg.1839.site.15, 0, 125, 125
1121098.7.peg.1839.site.16, 0, 124, 124
1121098.7.peg.1839.site.17, 0, 125, 125
1121098.7.peg.1839.site.18, 1, 121, 122
1121098.7.peg.1839.site.19, 2, 108, 110
1121098.7.peg.1839.site.20, 0, 22, 22
1121098.7.peg.1399.site.1, 13, 126, 139
1121098.7.peg.1399.site.2, 27, 125, 152
1121098.7.peg.1399.site.3, 59, 126, 185
1121098.7.peg.1399.site.4, 27, 125, 152
1121098.7.peg.1399.site.5, 16, 125, 141
1121098.7.peg.1399.site.6, 11, 126, 137
1121098.7.peg.1399.site.7, 37, 126, 163
1121098.7.peg.1399.site.8, 87, 126, 213
1121098.7.peg.1399.site.9, 92, 125, 217
1121098.7.peg.1399.site.10, 26, 126, 152
1121098.7.peg.1399.site.11, 0, 126, 126
1121098.7.peg.1399.site.12, 23, 126, 149
1121098.7.peg.1399.site.13, 15, 126, 141
1121098.7.peg.1399.site.14, 12, 126, 138
1121098.7.peg.1399.site.15, 12, 126, 138
1121098.7.peg.1399.site.16, 12, 126, 138
1121098.7.peg.1399.site.17, 1, 126, 127
1121098.7.peg.1399.site.18, 3, 126, 129
1121098.7.peg.1399.site.19, 0, 126, 126
1121098.7.peg.1399.site.20, 34, 125, 159
1121098.7.peg.1399.site.21, 108, 125, 233
1121098.7.peg.1399.site.22, 11, 125, 136
1121098.7.peg.1399.site.23, 11, 124, 135
1121098.7.peg.1399.site.24, 13, 126, 139
1121098.7.peg.1399.site.25, 2, 126, 128
1121098.7.peg.1399.site.26, 91, 125, 216
1121098.7.peg.1399.site.27, 63, 126, 189
1121098.7.peg.1399.site.28, 104, 126, 230
1121098.7.peg.1399.site.29, 9, 126, 135
1121098.7.peg.1399.site.30, 119, 125, 244
1121098.7.peg.1399.site.31, 0, 125, 125
1121098.7.peg.1399.site.32, 28, 126, 154
1121098.7.peg.1399.site.33, 15, 126, 141
1121098.7.peg.1399.site.34, 22, 126, 148
1121098.7.peg.1833.site.1, 12, 125, 137
1121098.7.peg.1831.site.1, 0, 124, 124
1121098.7.peg.1831.site.2, 0, 27, 27
1121098.7.peg.1831.site.3, 2, 29, 31
1121098.7.peg.1831.site.4, 1, 27, 28
1121098.7.peg.1830.site.1, 13, 117, 130
1121098.7.peg.1830.site.2, 0, 118, 118
1121098.7.peg.1830.site.3, 0, 115, 115
1121098.7.peg.1837.site.1, 0, 126, 126
1121098.7.peg.1837.site.2, 14, 123, 137
1121098.7.peg.1837.site.3, 3, 126, 129
1121098.7.peg.1837.site.4, 115, 126, 241
1121098.7.peg.1837.site.5, 0, 126, 126
1121098.7.peg.1837.site.6, 0, 126, 126
1121098.7.peg.1837.site.7, 117, 126, 243
1121098.7.peg.1837.site.8, 121, 126, 247
1121098.7.peg.1837.site.9, 0, 126, 126
1121098.7.peg.1837.site.10, 73, 125, 198
1121098.7.peg.1836.site.1, 57, 126, 183
1121098.7.peg.1836.site.2, 0, 118, 118
1121098.7.peg.1836.site.3, 42, 110, 152
1121098.7.peg.1836.site.4, 4, 100, 104
1121098.7.peg.1836.site.5, 53, 77, 130
1121098.7.peg.1836.site.6, 68, 76, 144
1121098.7.peg.1836.site.7, 19, 87, 106
1121098.7.peg.1836.site.8, 5, 126, 131
1121098.7.peg.1836.site.9, 5, 126, 131
1121098.7.peg.1836.site.10, 1, 126, 127
1121098.7.peg.1836.site.11, 0, 126, 126
1121098.7.peg.1836.site.12, 0, 114, 114
1121098.7.peg.1836.site.13, 0, 114, 114
1121098.7.peg.1836.site.14, 0, 116, 116
1121098.7.peg.1835.site.1, 3, 126, 129
1121098.7.peg.1834.site.1, 0, 126, 126
1121098.7.peg.1834.site.2, 1, 126, 127
1121098.7.peg.1834.site.3, 0, 104, 104
1121098.7.peg.1947.site.1, 4, 126, 130
1121098.7.peg.1946.site.1, 79, 126, 205
1121098.7.peg.1946.site.2, 65, 126, 191
1121098.7.peg.1946.site.3, 2, 126, 128
1121098.7.peg.1946.site.4, 0, 125, 125
1121098.7.peg.1946.site.5, 65, 125, 190
1121098.7.peg.1946.site.6, 65, 126, 191
1121098.7.peg.1946.site.7, 4, 126, 130
1121098.7.peg.1946.site.8, 29, 125, 154
1121098.7.peg.1946.site.9, 122, 126, 248
1121098.7.peg.1946.site.10, 4, 125, 129
1121098.7.peg.1946.site.11, 9, 126, 135
1121098.7.peg.1946.site.12, 1, 126, 127
1121098.7.peg.1946.site.13, 7, 126, 133
1121098.7.peg.1946.site.14, 0, 126, 126
1121098.7.peg.1946.site.15, 2, 126, 128
1121098.7.peg.1946.site.16, 2, 126, 128
1121098.7.peg.1946.site.17, 0, 126, 126
1121098.7.peg.1946.site.18, 0, 126, 126
1121098.7.peg.1946.site.19, 0, 126, 126
1121098.7.peg.1946.site.20, 0, 126, 126
1121098.7.peg.1946.site.21, 3, 126, 129
1121098.7.peg.1946.site.22, 43, 123, 166
1121098.7.peg.1946.site.23, 0, 126, 126
1121098.7.peg.1944.site.1, 0, 126, 126
1121098.7.peg.1944.site.2, 0, 124, 124
1121098.7.peg.1943.site.1, 6, 126, 132
1121098.7.peg.1943.site.2, 0, 126, 126
1121098.7.peg.1943.site.3, 70, 126, 196
1121098.7.peg.1943.site.4, 46, 126, 172
1121098.7.peg.1943.site.5, 4, 126, 130
1121098.7.peg.1943.site.6, 4, 126, 130
1121098.7.peg.1943.site.7, 0, 126, 126
1121098.7.peg.1943.site.8, 1, 125, 126
1121098.7.peg.1942.site.1, 0, 126, 126
1121098.7.peg.1942.site.2, 0, 126, 126
1121098.7.peg.1942.site.3, 1, 126, 127
1121098.7.peg.1940.site.1, 0, 126, 126
1121098.7.peg.1940.site.2, 3, 126, 129
1121098.7.peg.1940.site.3, 10, 126, 136
1121098.7.peg.1940.site.4, 5, 125, 130
1121098.7.peg.1940.site.5, 2, 126, 128
1121098.7.peg.1940.site.6, 6, 126, 132
1121098.7.peg.1940.site.7, 85, 122, 207
1121098.7.peg.1940.site.8, 3, 124, 127
1121098.7.peg.1940.site.9, 0, 125, 125
1121098.7.peg.1940.site.10, 29, 126, 155
1121098.7.peg.1940.site.11, 4, 124, 128
1121098.7.peg.1940.site.12, 2, 121, 123
1121098.7.peg.1940.site.13, 9, 124, 133
1121098.7.peg.1940.site.14, 0, 126, 126
1121098.7.peg.1940.site.15, 12, 125, 137
1121098.7.peg.1940.site.16, 0, 126, 126
1121098.7.peg.1949.site.1, 0, 126, 126
1121098.7.peg.1949.site.2, 16, 126, 142
1121098.7.peg.1949.site.3, 2, 126, 128
1121098.7.peg.1949.site.4, 0, 126, 126
1121098.7.peg.1949.site.5, 5, 126, 131
1121098.7.peg.1949.site.6, 1, 126, 127
1121098.7.peg.1949.site.7, 0, 126, 126
1121098.7.peg.1948.site.1, 0, 126, 126
1121098.7.peg.1948.site.2, 0, 126, 126
1121098.7.peg.1948.site.3, 0, 126, 126
1121098.7.peg.1948.site.4, 4, 126, 130
1121098.7.peg.3198.site.1, 0, 125, 125
1121098.7.peg.3198.site.2, 0, 126, 126
1121098.7.peg.3198.site.3, 65, 126, 191
1121098.7.peg.1396.site.1, 56, 126, 182
1121098.7.peg.3199.site.1, 3, 125, 128
1121098.7.peg.3199.site.2, 0, 126, 126
1121098.7.peg.3199.site.3, 5, 126, 131
1121098.7.peg.3199.site.4, 3, 126, 129
1121098.7.peg.1397.site.1, 1, 126, 127
1121098.7.peg.1397.site.2, 0, 126, 126
1121098.7.peg.1397.site.3, 5, 126, 131
1121098.7.peg.1397.site.4, 0, 126, 126
1121098.7.peg.1397.site.5, 0, 126, 126
1121098.7.peg.1397.site.6, 0, 126, 126
1121098.7.peg.1397.site.7, 4, 126, 130
1121098.7.peg.1397.site.8, 4, 126, 130
1121098.7.peg.1397.site.9, 56, 126, 182
1121098.7.peg.1397.site.10, 71, 126, 197
1121098.7.peg.1397.site.11, 1, 126, 127
1121098.7.peg.1397.site.12, 2, 125, 127
1121098.7.peg.1397.site.13, 16, 126, 142
1121098.7.peg.1397.site.14, 0, 125, 125
1121098.7.peg.1397.site.15, 0, 126, 126
1121098.7.peg.1397.site.16, 2, 126, 128
1121098.7.peg.1397.site.17, 0, 126, 126
1121098.7.peg.1397.site.18, 0, 126, 126
1121098.7.peg.1397.site.19, 1, 126, 127
1121098.7.peg.1397.site.20, 1, 126, 127
1121098.7.peg.1397.site.21, 58, 125, 183
1121098.7.peg.1397.site.22, 5, 126, 131
1121098.7.peg.1397.site.23, 0, 126, 126
1121098.7.peg.1397.site.24, 38, 112, 150
1121098.7.peg.1397.site.25, 35, 109, 144
1121098.7.peg.1397.site.26, 0, 105, 105
1121098.7.peg.1397.site.27, 33, 107, 140
1121098.7.peg.1397.site.28, 66, 120, 186
1121098.7.peg.1397.site.29, 57, 126, 183
1121098.7.peg.1397.site.30, 54, 125, 179
1121098.7.peg.1397.site.31, 0, 126, 126
1121098.7.peg.1397.site.32, 0, 126, 126
1121098.7.peg.1397.site.33, 17, 126, 143
1121098.7.peg.1397.site.34, 83, 125, 208
1121098.7.peg.1397.site.35, 0, 126, 126
1121098.7.peg.369.site.1, 7, 126, 133
1121098.7.peg.369.site.2, 0, 126, 126
1121098.7.peg.369.site.3, 121, 125, 246
1121098.7.peg.368.site.1, 0, 126, 126
1121098.7.peg.368.site.2, 1, 126, 127
1121098.7.peg.360.site.1, 1, 125, 126
1121098.7.peg.360.site.2, 4, 126, 130
1121098.7.peg.360.site.3, 0, 126, 126
1121098.7.peg.360.site.4, 5, 124, 129
1121098.7.peg.360.site.5, 118, 125, 243
1121098.7.peg.360.site.6, 0, 125, 125
1121098.7.peg.360.site.7, 122, 126, 248
1121098.7.peg.363.site.1, 0, 125, 125
1121098.7.peg.363.site.2, 0, 126, 126
1121098.7.peg.363.site.3, 0, 126, 126
1121098.7.peg.363.site.4, 3, 126, 129
1121098.7.peg.363.site.5, 0, 126, 126
1121098.7.peg.363.site.6, 1, 126, 127
1121098.7.peg.363.site.7, 1, 126, 127
1121098.7.peg.363.site.8, 0, 126, 126
1121098.7.peg.363.site.9, 61, 126, 187
1121098.7.peg.362.site.1, 0, 126, 126
1121098.7.peg.362.site.2, 0, 126, 126
1121098.7.peg.362.site.3, 0, 126, 126
1121098.7.peg.362.site.4, 110, 126, 236
1121098.7.peg.362.site.5, 7, 126, 133
1121098.7.peg.362.site.6, 2, 126, 128
1121098.7.peg.362.site.7, 14, 126, 140
1121098.7.peg.362.site.8, 23, 126, 149
1121098.7.peg.365.site.1, 31, 126, 157
1121098.7.peg.365.site.2, 11, 126, 137
1121098.7.peg.365.site.3, 12, 126, 138
1121098.7.peg.365.site.4, 106, 125, 231
1121098.7.peg.365.site.5, 13, 125, 138
1121098.7.peg.365.site.6, 2, 125, 127
1121098.7.peg.365.site.7, 5, 126, 131
1121098.7.peg.365.site.8, 0, 126, 126
1121098.7.peg.365.site.9, 0, 125, 125
1121098.7.peg.365.site.10, 0, 126, 126
1121098.7.peg.365.site.11, 1, 126, 127
1121098.7.peg.365.site.12, 53, 126, 179
1121098.7.peg.365.site.13, 3, 126, 129
1121098.7.peg.365.site.14, 3, 126, 129
1121098.7.peg.365.site.15, 0, 126, 126
1121098.7.peg.365.site.16, 0, 126, 126
1121098.7.peg.367.site.1, 41, 126, 167
1121098.7.peg.367.site.2, 0, 126, 126
1121098.7.peg.367.site.3, 52, 126, 178
1121098.7.peg.366.site.1, 0, 126, 126
1121098.7.peg.366.site.2, 0, 126, 126
1121098.7.peg.366.site.3, 17, 126, 143
1121098.7.peg.366.site.4, 9, 126, 135
1121098.7.peg.366.site.5, 3, 125, 128
1121098.7.peg.366.site.6, 107, 123, 230
1121098.7.peg.366.site.7, 0, 126, 126
1121098.7.peg.366.site.8, 84, 125, 209
1121098.7.peg.366.site.9, 2, 126, 128
1121098.7.peg.3190.site.1, 52, 126, 178
1121098.7.peg.3190.site.2, 1, 126, 127
1121098.7.peg.3190.site.3, 0, 126, 126
1121098.7.peg.3190.site.4, 2, 126, 128
1121098.7.peg.3190.site.5, 0, 126, 126
1121098.7.peg.3190.site.6, 3, 126, 129
1121098.7.peg.3190.site.7, 3, 126, 129
1121098.7.peg.3191.site.1, 0, 126, 126
1121098.7.peg.3191.site.2, 31, 125, 156
1121098.7.peg.3191.site.3, 0, 126, 126
1121098.7.peg.3191.site.4, 0, 126, 126
1121098.7.peg.3191.site.5, 39, 124, 163
1121098.7.peg.3191.site.6, 114, 124, 238
1121098.7.peg.3191.site.7, 1, 126, 127
1121098.7.peg.3191.site.8, 0, 125, 125
1121098.7.peg.3191.site.9, 4, 124, 128
1121098.7.peg.3191.site.10, 2, 126, 128
1121098.7.peg.3191.site.11, 1, 126, 127
1121098.7.peg.769.site.1, 0, 124, 124
1121098.7.peg.769.site.2, 0, 126, 126
1121098.7.peg.769.site.3, 62, 126, 188
1121098.7.peg.769.site.4, 76, 126, 202
1121098.7.peg.769.site.5, 0, 126, 126
1121098.7.peg.1763.site.1, 1, 126, 127
1121098.7.peg.1763.site.2, 2, 125, 127
1121098.7.peg.1763.site.3, 1, 125, 126
1121098.7.peg.1763.site.4, 6, 126, 132
1121098.7.peg.1763.site.5, 0, 126, 126
1121098.7.peg.1763.site.6, 0, 126, 126
1121098.7.peg.1763.site.7, 0, 126, 126
1121098.7.peg.1763.site.8, 58, 126, 184
1121098.7.peg.1763.site.9, 12, 126, 138
1121098.7.peg.1762.site.1, 5, 123, 128
1121098.7.peg.1762.site.2, 0, 124, 124
1121098.7.peg.1762.site.3, 52, 124, 176
1121098.7.peg.1762.site.4, 0, 124, 124
1121098.7.peg.1762.site.5, 0, 124, 124
1121098.7.peg.1762.site.6, 8, 123, 131
1121098.7.peg.1762.site.7, 16, 123, 139
1121098.7.peg.1762.site.8, 1, 124, 125
1121098.7.peg.1762.site.9, 3, 124, 127
1121098.7.peg.1762.site.10, 97, 123, 220
1121098.7.peg.1762.site.11, 3, 124, 127
1121098.7.peg.1762.site.12, 20, 124, 144
1121098.7.peg.1761.site.1, 0, 126, 126
1121098.7.peg.1761.site.2, 3, 126, 129
1121098.7.peg.1761.site.3, 1, 126, 127
1121098.7.peg.1761.site.4, 20, 124, 144
1121098.7.peg.1761.site.5, 0, 125, 125
1121098.7.peg.1760.site.1, 45, 125, 170
1121098.7.peg.1760.site.2, 7, 126, 133
1121098.7.peg.1760.site.3, 10, 126, 136
1121098.7.peg.1760.site.4, 1, 126, 127
1121098.7.peg.1760.site.5, 56, 126, 182
1121098.7.peg.1760.site.6, 59, 126, 185
1121098.7.peg.1760.site.7, 2, 126, 128
1121098.7.peg.1767.site.1, 3, 126, 129
1121098.7.peg.1767.site.2, 56, 126, 182
1121098.7.peg.1767.site.3, 106, 126, 232
1121098.7.peg.1767.site.4, 0, 126, 126
1121098.7.peg.1767.site.5, 7, 126, 133
1121098.7.peg.1767.site.6, 54, 126, 180
1121098.7.peg.1767.site.7, 0, 125, 125
1121098.7.peg.1767.site.8, 1, 126, 127
1121098.7.peg.1767.site.9, 5, 126, 131
1121098.7.peg.1767.site.10, 49, 126, 175
1121098.7.peg.1767.site.11, 26, 126, 152
1121098.7.peg.1767.site.12, 40, 125, 165
1121098.7.peg.1767.site.13, 122, 126, 248
1121098.7.peg.1767.site.14, 2, 126, 128
1121098.7.peg.1767.site.15, 76, 125, 201
1121098.7.peg.1767.site.16, 4, 125, 129
1121098.7.peg.1767.site.17, 2, 126, 128
1121098.7.peg.1766.site.1, 7, 126, 133
1121098.7.peg.1766.site.2, 61, 125, 186
1121098.7.peg.1766.site.3, 98, 121, 219
1121098.7.peg.1766.site.4, 99, 123, 222
1121098.7.peg.1766.site.5, 62, 126, 188
1121098.7.peg.1766.site.6, 2, 126, 128
1121098.7.peg.1766.site.7, 6, 124, 130
1121098.7.peg.1766.site.8, 2, 126, 128
1121098.7.peg.1766.site.9, 0, 126, 126
1121098.7.peg.1766.site.10, 15, 125, 140
1121098.7.peg.1766.site.11, 5, 125, 130
1121098.7.peg.1766.site.12, 8, 125, 133
1121098.7.peg.1766.site.13, 19, 125, 144
1121098.7.peg.1766.site.14, 0, 125, 125
1121098.7.peg.1766.site.15, 4, 126, 130
1121098.7.peg.1765.site.1, 12, 126, 138
1121098.7.peg.1765.site.2, 64, 126, 190
1121098.7.peg.1765.site.3, 20, 126, 146
1121098.7.peg.1765.site.4, 93, 126, 219
1121098.7.peg.1764.site.1, 1, 126, 127
1121098.7.peg.1764.site.2, 108, 126, 234
1121098.7.peg.1764.site.3, 11, 125, 136
1121098.7.peg.1764.site.4, 122, 126, 248
1121098.7.peg.1764.site.5, 9, 126, 135
1121098.7.peg.1764.site.6, 5, 125, 130
1121098.7.peg.1764.site.7, 21, 124, 145
1121098.7.peg.1764.site.8, 99, 124, 223
1121098.7.peg.1764.site.9, 60, 126, 186
1121098.7.peg.1764.site.10, 52, 126, 178
1121098.7.peg.1764.site.11, 0, 125, 125
1121098.7.peg.1764.site.12, 10, 125, 135
1121098.7.peg.505.site.1, 0, 124, 124
1121098.7.peg.505.site.2, 0, 125, 125
1121098.7.peg.505.site.3, 6, 125, 131
1121098.7.peg.505.site.4, 1, 126, 127
1121098.7.peg.1769.site.1, 7, 76, 83
1121098.7.peg.1769.site.2, 55, 75, 130
1121098.7.peg.1769.site.3, 1, 78, 79
1121098.7.peg.1769.site.4, 40, 117, 157
1121098.7.peg.1769.site.5, 1, 124, 125
1121098.7.peg.1769.site.6, 0, 126, 126
1121098.7.peg.1769.site.7, 0, 126, 126
1121098.7.peg.1769.site.8, 10, 126, 136
1121098.7.peg.1769.site.9, 10, 126, 136
1121098.7.peg.1769.site.10, 39, 116, 155
1121098.7.peg.1769.site.11, 44, 121, 165
1121098.7.peg.1769.site.12, 49, 126, 175
1121098.7.peg.1769.site.13, 24, 126, 150
1121098.7.peg.1769.site.14, 49, 126, 175
1121098.7.peg.1769.site.15, 49, 126, 175
1121098.7.peg.1769.site.16, 49, 126, 175
1121098.7.peg.1769.site.17, 10, 126, 136
1121098.7.peg.1769.site.18, 0, 126, 126
1121098.7.peg.1769.site.19, 1, 120, 121
1121098.7.peg.1769.site.20, 44, 120, 164
1121098.7.peg.1769.site.21, 47, 124, 171
1121098.7.peg.1769.site.22, 49, 126, 175
1121098.7.peg.1769.site.23, 6, 126, 132
1121098.7.peg.1769.site.24, 10, 125, 135
1121098.7.peg.1769.site.25, 0, 126, 126
1121098.7.peg.1769.site.26, 9, 126, 135
1121098.7.peg.1769.site.27, 0, 126, 126
1121098.7.peg.1769.site.28, 6, 126, 132
1121098.7.peg.1769.site.29, 0, 77, 77
1121098.7.peg.1769.site.30, 14, 97, 111
1121098.7.peg.1769.site.31, 48, 125, 173
1121098.7.peg.1769.site.32, 0, 126, 126
1121098.7.peg.1769.site.33, 18, 125, 143
1121098.7.peg.1769.site.34, 2, 126, 128
1121098.7.peg.1769.site.35, 4, 125, 129
1121098.7.peg.1769.site.36, 4, 125, 129
1121098.7.peg.1769.site.37, 4, 125, 129
1121098.7.peg.1769.site.38, 1, 125, 126
1121098.7.peg.1769.site.39, 1, 125, 126
1121098.7.peg.1769.site.40, 0, 126, 126
1121098.7.peg.1769.site.41, 4, 125, 129
1121098.7.peg.1769.site.42, 50, 125, 175
1121098.7.peg.1769.site.43, 4, 125, 129
1121098.7.peg.1769.site.44, 2, 125, 127
1121098.7.peg.1769.site.45, 3, 124, 127
1121098.7.peg.1769.site.46, 4, 125, 129
1121098.7.peg.506.site.1, 1, 125, 126
1121098.7.peg.506.site.2, 48, 125, 173
1121098.7.peg.506.site.3, 3, 126, 129
1121098.7.peg.506.site.4, 3, 126, 129
1121098.7.peg.506.site.5, 15, 126, 141
1121098.7.peg.506.site.6, 9, 126, 135
1121098.7.peg.506.site.7, 0, 126, 126
1121098.7.peg.506.site.8, 3, 126, 129
1121098.7.peg.506.site.9, 5, 125, 130
1121098.7.peg.506.site.10, 21, 126, 147
1121098.7.peg.506.site.11, 12, 126, 138
1121098.7.peg.501.site.1, 1, 126, 127
1121098.7.peg.501.site.2, 30, 125, 155
1121098.7.peg.501.site.3, 0, 125, 125
1121098.7.peg.501.site.4, 3, 125, 128
1121098.7.peg.501.site.5, 4, 125, 129
1121098.7.peg.501.site.6, 121, 125, 246
1121098.7.peg.501.site.7, 0, 126, 126
1121098.7.peg.501.site.8, 0, 124, 124
1121098.7.peg.501.site.9, 0, 122, 122
1121098.7.peg.501.site.10, 0, 125, 125
1121098.7.peg.501.site.11, 0, 125, 125
1121098.7.peg.501.site.12, 5, 126, 131
1121098.7.peg.501.site.13, 0, 126, 126
1121098.7.peg.501.site.14, 1, 126, 127
1121098.7.peg.501.site.15, 0, 126, 126
1121098.7.peg.501.site.16, 0, 126, 126
1121098.7.peg.501.site.17, 38, 123, 161
1121098.7.peg.500.site.1, 83, 118, 201
1121098.7.peg.500.site.2, 1, 125, 126
1121098.7.peg.500.site.3, 6, 126, 132
1121098.7.peg.500.site.4, 50, 126, 176
1121098.7.peg.500.site.5, 0, 126, 126
1121098.7.peg.500.site.6, 121, 126, 247
1121098.7.peg.500.site.7, 0, 126, 126
1121098.7.peg.500.site.8, 58, 126, 184
1121098.7.peg.500.site.9, 12, 126, 138
1121098.7.peg.500.site.10, 4, 126, 130
1121098.7.peg.169.site.1, 4, 126, 130
1121098.7.peg.169.site.2, 0, 125, 125
1121098.7.peg.169.site.3, 2, 125, 127
1121098.7.peg.169.site.4, 46, 124, 170
1121098.7.peg.169.site.5, 0, 126, 126
1121098.7.peg.169.site.6, 15, 126, 141
1121098.7.peg.169.site.7, 0, 125, 125
1121098.7.peg.169.site.8, 1, 126, 127
1121098.7.peg.169.site.9, 5, 126, 131
1121098.7.peg.168.site.1, 2, 126, 128
1121098.7.peg.168.site.2, 0, 126, 126
1121098.7.peg.168.site.3, 4, 126, 130
1121098.7.peg.163.site.1, 12, 126, 138
1121098.7.peg.163.site.2, 12, 126, 138
1121098.7.peg.163.site.3, 31, 125, 156
1121098.7.peg.163.site.4, 0, 125, 125
1121098.7.peg.163.site.5, 10, 126, 136
1121098.7.peg.163.site.6, 2, 126, 128
1121098.7.peg.163.site.7, 0, 126, 126
1121098.7.peg.163.site.8, 4, 126, 130
1121098.7.peg.163.site.9, 73, 125, 198
1121098.7.peg.163.site.10, 1, 126, 127
1121098.7.peg.163.site.11, 0, 126, 126
1121098.7.peg.163.site.12, 3, 126, 129
1121098.7.peg.163.site.13, 3, 126, 129
1121098.7.peg.163.site.14, 0, 126, 126
1121098.7.peg.163.site.15, 122, 126, 248
1121098.7.peg.162.site.1, 0, 126, 126
1121098.7.peg.162.site.2, 0, 126, 126
1121098.7.peg.161.site.1, 0, 126, 126
1121098.7.peg.161.site.2, 0, 126, 126
1121098.7.peg.161.site.3, 9, 126, 135
1121098.7.peg.161.site.4, 6, 126, 132
1121098.7.peg.160.site.1, 1, 126, 127
1121098.7.peg.160.site.2, 3, 126, 129
1121098.7.peg.167.site.1, 3, 126, 129
1121098.7.peg.167.site.2, 0, 126, 126
1121098.7.peg.167.site.3, 3, 125, 128
1121098.7.peg.166.site.1, 5, 125, 130
1121098.7.peg.166.site.2, 4, 126, 130
1121098.7.peg.166.site.3, 0, 126, 126
1121098.7.peg.166.site.4, 2, 126, 128
1121098.7.peg.166.site.5, 3, 126, 129
1121098.7.peg.166.site.6, 0, 126, 126
1121098.7.peg.166.site.7, 91, 125, 216
1121098.7.peg.166.site.8, 92, 124, 216
1121098.7.peg.166.site.9, 0, 126, 126
1121098.7.peg.166.site.10, 62, 126, 188
1121098.7.peg.166.site.11, 13, 125, 138
1121098.7.peg.166.site.12, 7, 126, 133
1121098.7.peg.165.site.1, 2, 126, 128
1121098.7.peg.164.site.1, 35, 126, 161
1121098.7.peg.164.site.2, 9, 126, 135
1121098.7.peg.164.site.3, 9, 126, 135
1121098.7.peg.164.site.4, 2, 125, 127
1121098.7.peg.164.site.5, 5, 126, 131
1121098.7.peg.164.site.6, 3, 126, 129
1121098.7.peg.164.site.7, 5, 126, 131
1121098.7.peg.164.site.8, 60, 126, 186
1121098.7.peg.164.site.9, 48, 126, 174
1121098.7.peg.164.site.10, 48, 126, 174
1121098.7.peg.164.site.11, 119, 126, 245
1121098.7.peg.164.site.12, 0, 126, 126
1121098.7.peg.164.site.13, 13, 126, 139
1121098.7.peg.164.site.14, 65, 126, 191
1121098.7.peg.164.site.15, 63, 126, 189
1121098.7.peg.164.site.16, 0, 126, 126
1121098.7.peg.4419.site.1, 0, 126, 126
1121098.7.peg.4419.site.2, 122, 126, 248
1121098.7.peg.4419.site.3, 37, 126, 163
1121098.7.peg.3545.site.1, 2, 125, 127
1121098.7.peg.3545.site.2, 0, 125, 125
1121098.7.peg.3545.site.3, 87, 126, 213
1121098.7.peg.3545.site.4, 30, 59, 89
1121098.7.peg.3545.site.5, 2, 123, 125
1121098.7.peg.3541.site.1, 12, 126, 138
1121098.7.peg.3541.site.2, 35, 126, 161
1121098.7.peg.3541.site.3, 0, 126, 126
1121098.7.peg.3541.site.4, 2, 126, 128
1121098.7.peg.3541.site.5, 0, 126, 126
1121098.7.peg.3541.site.6, 118, 126, 244
1121098.7.peg.3541.site.7, 0, 126, 126
1121098.7.peg.3541.site.8, 118, 126, 244
1121098.7.peg.3541.site.9, 10, 125, 135
1121098.7.peg.3541.site.10, 1, 126, 127
1121098.7.peg.3541.site.11, 0, 119, 119
1121098.7.peg.3541.site.12, 12, 126, 138
1121098.7.peg.3541.site.13, 0, 126, 126
1121098.7.peg.3541.site.14, 0, 126, 126
1121098.7.peg.3541.site.15, 70, 125, 195
1121098.7.peg.3540.site.1, 24, 126, 150
1121098.7.peg.3540.site.2, 1, 126, 127
1121098.7.peg.3540.site.3, 54, 126, 180
1121098.7.peg.3540.site.4, 0, 126, 126
1121098.7.peg.3543.site.1, 1, 125, 126
1121098.7.peg.3543.site.2, 0, 125, 125
1121098.7.peg.3543.site.3, 10, 124, 134
1121098.7.peg.3408.site.1, 104, 126, 230
1121098.7.peg.3408.site.2, 4, 126, 130
1121098.7.peg.3408.site.3, 6, 126, 132
1121098.7.peg.3408.site.4, 0, 126, 126
1121098.7.peg.3408.site.5, 52, 126, 178
1121098.7.peg.3408.site.6, 0, 126, 126
1121098.7.peg.3408.site.7, 0, 126, 126
1121098.7.peg.180.site.1, 0, 125, 125
1121098.7.peg.180.site.2, 0, 125, 125
1121098.7.peg.180.site.3, 91, 126, 217
1121098.7.peg.180.site.4, 4, 126, 130
1121098.7.peg.180.site.5, 121, 126, 247
1121098.7.peg.183.site.1, 3, 126, 129
1121098.7.peg.183.site.2, 0, 126, 126
1121098.7.peg.183.site.3, 0, 126, 126
1121098.7.peg.183.site.4, 59, 126, 185
1121098.7.peg.183.site.5, 4, 126, 130
1121098.7.peg.183.site.6, 11, 126, 137
1121098.7.peg.183.site.7, 50, 126, 176
1121098.7.peg.183.site.8, 122, 126, 248
1121098.7.peg.183.site.9, 3, 126, 129
1121098.7.peg.183.site.10, 0, 126, 126
1121098.7.peg.183.site.11, 7, 126, 133
1121098.7.peg.183.site.12, 1, 126, 127
1121098.7.peg.183.site.13, 8, 126, 134
1121098.7.peg.183.site.14, 4, 126, 130
1121098.7.peg.183.site.15, 0, 125, 125
1121098.7.peg.183.site.16, 47, 124, 171
1121098.7.peg.183.site.17, 5, 125, 130
1121098.7.peg.183.site.18, 12, 126, 138
1121098.7.peg.183.site.19, 0, 126, 126
1121098.7.peg.183.site.20, 117, 126, 243
1121098.7.peg.183.site.21, 16, 126, 142
1121098.7.peg.183.site.22, 26, 125, 151
1121098.7.peg.183.site.23, 3, 126, 129
1121098.7.peg.183.site.24, 0, 126, 126
1121098.7.peg.183.site.25, 2, 126, 128
1121098.7.peg.182.site.1, 6, 126, 132
1121098.7.peg.182.site.2, 1, 121, 122
1121098.7.peg.182.site.3, 0, 126, 126
1121098.7.peg.184.site.1, 0, 77, 77
1121098.7.peg.184.site.2, 0, 77, 77
1121098.7.peg.184.site.3, 73, 77, 150
1121098.7.peg.184.site.4, 0, 77, 77
1121098.7.peg.184.site.5, 0, 77, 77
1121098.7.peg.184.site.6, 67, 76, 143
1121098.7.peg.184.site.7, 62, 77, 139
1121098.7.peg.184.site.8, 6, 83, 89
1121098.7.peg.184.site.9, 10, 126, 136
1121098.7.peg.184.site.10, 0, 126, 126
1121098.7.peg.184.site.11, 0, 125, 125
1121098.7.peg.184.site.12, 11, 126, 137
1121098.7.peg.184.site.13, 14, 126, 140
1121098.7.peg.184.site.14, 12, 126, 138
1121098.7.peg.184.site.15, 118, 126, 244
1121098.7.peg.184.site.16, 22, 126, 148
1121098.7.peg.184.site.17, 4, 126, 130
1121098.7.peg.184.site.18, 2, 126, 128
1121098.7.peg.184.site.19, 3, 119, 122
1121098.7.peg.184.site.20, 1, 126, 127
1121098.7.peg.184.site.21, 3, 126, 129
1121098.7.peg.189.site.1, 0, 126, 126
1121098.7.peg.189.site.2, 0, 126, 126
1121098.7.peg.189.site.3, 2, 125, 127
1121098.7.peg.189.site.4, 0, 126, 126
1121098.7.peg.189.site.5, 6, 126, 132
1121098.7.peg.189.site.6, 0, 126, 126
1121098.7.peg.189.site.7, 2, 124, 126
1121098.7.peg.3404.site.1, 16, 126, 142
1121098.7.peg.3404.site.2, 18, 126, 144
1121098.7.peg.3404.site.3, 4, 126, 130
1121098.7.peg.3404.site.4, 80, 126, 206
1121098.7.peg.3404.site.5, 50, 126, 176
1121098.7.peg.3404.site.6, 50, 126, 176
1121098.7.peg.3404.site.7, 2, 126, 128
1121098.7.peg.3404.site.8, 0, 126, 126
1121098.7.peg.3404.site.9, 0, 126, 126
1121098.7.peg.3404.site.10, 9, 125, 134
1121098.7.peg.3404.site.11, 19, 125, 144
1121098.7.peg.3404.site.12, 55, 126, 181
1121098.7.peg.3405.site.1, 0, 126, 126
1121098.7.peg.3405.site.2, 6, 125, 131
1121098.7.peg.3407.site.1, 0, 126, 126
1121098.7.peg.3407.site.2, 122, 126, 248
1121098.7.peg.3407.site.3, 0, 126, 126
1121098.7.peg.3407.site.4, 2, 126, 128
1121098.7.peg.3407.site.5, 0, 125, 125
1121098.7.peg.3407.site.6, 118, 125, 243
1121098.7.peg.3407.site.7, 119, 125, 244
1121098.7.peg.3407.site.8, 9, 125, 134
1121098.7.peg.3407.site.9, 0, 126, 126
1121098.7.peg.3407.site.10, 0, 125, 125
1121098.7.peg.3407.site.11, 0, 126, 126
1121098.7.peg.3407.site.12, 64, 125, 189
1121098.7.peg.3407.site.13, 3, 124, 127
1121098.7.peg.3407.site.14, 2, 126, 128
1121098.7.peg.211.site.1, 2, 125, 127
1121098.7.peg.211.site.2, 0, 123, 123
1121098.7.peg.211.site.3, 0, 124, 124
1121098.7.peg.211.site.4, 7, 123, 130
1121098.7.peg.211.site.5, 0, 124, 124
1121098.7.peg.211.site.6, 0, 124, 124
1121098.7.peg.210.site.1, 0, 126, 126
1121098.7.peg.210.site.2, 1, 126, 127
1121098.7.peg.210.site.3, 1, 126, 127
1121098.7.peg.210.site.4, 4, 126, 130
1121098.7.peg.210.site.5, 0, 126, 126
1121098.7.peg.210.site.6, 0, 126, 126
1121098.7.peg.210.site.7, 2, 126, 128
1121098.7.peg.210.site.8, 2, 126, 128
1121098.7.peg.210.site.9, 0, 126, 126
1121098.7.peg.210.site.10, 0, 126, 126
1121098.7.peg.210.site.11, 0, 125, 125
1121098.7.peg.210.site.12, 4, 126, 130
1121098.7.peg.213.site.1, 110, 125, 235
1121098.7.peg.213.site.2, 110, 125, 235
1121098.7.peg.213.site.3, 106, 125, 231
1121098.7.peg.213.site.4, 106, 125, 231
1121098.7.peg.213.site.5, 53, 126, 179
1121098.7.peg.213.site.6, 53, 126, 179
1121098.7.peg.213.site.7, 3, 126, 129
1121098.7.peg.213.site.8, 122, 126, 248
1121098.7.peg.213.site.9, 0, 126, 126
1121098.7.peg.213.site.10, 1, 125, 126
1121098.7.peg.213.site.11, 23, 124, 147
1121098.7.peg.213.site.12, 58, 125, 183
1121098.7.peg.213.site.13, 99, 126, 225
1121098.7.peg.213.site.14, 0, 126, 126
1121098.7.peg.213.site.15, 49, 126, 175
1121098.7.peg.213.site.16, 11, 126, 137
1121098.7.peg.213.site.17, 64, 126, 190
1121098.7.peg.213.site.18, 9, 126, 135
1121098.7.peg.213.site.19, 0, 126, 126
1121098.7.peg.213.site.20, 119, 126, 245
1121098.7.peg.213.site.21, 0, 126, 126
1121098.7.peg.213.site.22, 5, 126, 131
1121098.7.peg.213.site.23, 33, 125, 158
1121098.7.peg.213.site.24, 52, 126, 178
1121098.7.peg.213.site.25, 3, 126, 129
1121098.7.peg.213.site.26, 75, 126, 201
1121098.7.peg.213.site.27, 111, 126, 237
1121098.7.peg.213.site.28, 122, 126, 248
1121098.7.peg.213.site.29, 2, 126, 128
1121098.7.peg.213.site.30, 6, 126, 132
1121098.7.peg.213.site.31, 4, 126, 130
1121098.7.peg.213.site.32, 6, 126, 132
1121098.7.peg.213.site.33, 108, 125, 233
1121098.7.peg.213.site.34, 4, 126, 130
1121098.7.peg.213.site.35, 6, 125, 131
1121098.7.peg.213.site.36, 2, 125, 127
1121098.7.peg.213.site.37, 52, 126, 178
1121098.7.peg.213.site.38, 91, 126, 217
1121098.7.peg.213.site.39, 0, 126, 126
1121098.7.peg.213.site.40, 66, 125, 191
1121098.7.peg.213.site.41, 13, 124, 137
1121098.7.peg.213.site.42, 2, 126, 128
1121098.7.peg.213.site.43, 16, 126, 142
1121098.7.peg.213.site.44, 0, 126, 126
1121098.7.peg.213.site.45, 0, 126, 126
1121098.7.peg.213.site.46, 1, 125, 126
1121098.7.peg.213.site.47, 1, 126, 127
1121098.7.peg.213.site.48, 0, 126, 126
1121098.7.peg.213.site.49, 5, 126, 131
1121098.7.peg.213.site.50, 52, 126, 178
1121098.7.peg.212.site.1, 2, 124, 126
1121098.7.peg.212.site.2, 15, 123, 138
1121098.7.peg.212.site.3, 0, 122, 122
1121098.7.peg.212.site.4, 0, 124, 124
1121098.7.peg.212.site.5, 0, 124, 124
1121098.7.peg.212.site.6, 1, 124, 125
1121098.7.peg.212.site.7, 2, 124, 126
1121098.7.peg.212.site.8, 0, 123, 123
1121098.7.peg.212.site.9, 0, 122, 122
1121098.7.peg.212.site.10, 69, 124, 193
1121098.7.peg.212.site.11, 12, 123, 135
1121098.7.peg.212.site.12, 12, 124, 136
1121098.7.peg.212.site.13, 2, 124, 126
1121098.7.peg.212.site.14, 0, 124, 124
1121098.7.peg.212.site.15, 13, 123, 136
1121098.7.peg.212.site.16, 19, 122, 141
1121098.7.peg.212.site.17, 66, 116, 182
1121098.7.peg.212.site.18, 14, 82, 96
1121098.7.peg.212.site.19, 1, 59, 60
1121098.7.peg.215.site.1, 66, 125, 191
1121098.7.peg.215.site.2, 0, 125, 125
1121098.7.peg.215.site.3, 2, 124, 126
1121098.7.peg.215.site.4, 0, 125, 125
1121098.7.peg.216.site.1, 0, 125, 125
1121098.7.peg.218.site.1, 0, 124, 124
1121098.7.peg.1498.site.1, 1, 126, 127
1121098.7.peg.1498.site.2, 2, 126, 128
1121098.7.peg.1498.site.3, 65, 126, 191
1121098.7.peg.1498.site.4, 0, 126, 126
1121098.7.peg.1498.site.5, 3, 126, 129
1121098.7.peg.1498.site.6, 0, 125, 125
1121098.7.peg.1498.site.7, 37, 125, 162
1121098.7.peg.1498.site.8, 7, 126, 133
1121098.7.peg.1498.site.9, 0, 126, 126
1121098.7.peg.1498.site.10, 0, 126, 126
1121098.7.peg.1498.site.11, 41, 126, 167
1121098.7.peg.1498.site.12, 0, 126, 126
1121098.7.peg.1388.site.1, 3, 126, 129
1121098.7.peg.1388.site.2, 11, 126, 137
1121098.7.peg.1388.site.3, 1, 126, 127
1121098.7.peg.1388.site.4, 26, 126, 152
1121098.7.peg.1388.site.5, 0, 126, 126
1121098.7.peg.1388.site.6, 2, 126, 128
1121098.7.peg.1388.site.7, 15, 125, 140
1121098.7.peg.1388.site.8, 0, 126, 126
1121098.7.peg.1388.site.9, 3, 126, 129
1121098.7.peg.1388.site.10, 117, 126, 243
1121098.7.peg.1388.site.11, 4, 126, 130
1121098.7.peg.1388.site.12, 0, 126, 126
1121098.7.peg.1388.site.13, 5, 126, 131
1121098.7.peg.1388.site.14, 0, 126, 126
1121098.7.peg.1388.site.15, 2, 126, 128
1121098.7.peg.1388.site.16, 0, 126, 126
1121098.7.peg.1388.site.17, 1, 126, 127
1121098.7.peg.1388.site.18, 0, 126, 126
1121098.7.peg.1388.site.19, 3, 126, 129
1121098.7.peg.1388.site.20, 2, 126, 128
1121098.7.peg.1388.site.21, 1, 126, 127
1121098.7.peg.1388.site.22, 13, 126, 139
1121098.7.peg.1388.site.23, 0, 126, 126
1121098.7.peg.1388.site.24, 1, 126, 127
1121098.7.peg.1388.site.25, 1, 126, 127
1121098.7.peg.1388.site.26, 5, 126, 131
1121098.7.peg.1388.site.27, 17, 126, 143
1121098.7.peg.1388.site.28, 0, 125, 125
1121098.7.peg.981.site.1, 0, 125, 125
1121098.7.peg.981.site.2, 1, 123, 124
1121098.7.peg.981.site.3, 57, 126, 183
1121098.7.peg.981.site.4, 4, 125, 129
1121098.7.peg.981.site.5, 0, 125, 125
1121098.7.peg.981.site.6, 0, 126, 126
1121098.7.peg.981.site.7, 81, 124, 205
1121098.7.peg.981.site.8, 9, 126, 135
1121098.7.peg.981.site.9, 1, 126, 127
1121098.7.peg.981.site.10, 3, 126, 129
1121098.7.peg.981.site.11, 9, 126, 135
1121098.7.peg.981.site.12, 1, 125, 126
1121098.7.peg.981.site.13, 1, 125, 126
1121098.7.peg.980.site.1, 58, 126, 184
1121098.7.peg.980.site.2, 54, 126, 180
1121098.7.peg.980.site.3, 1, 126, 127
1121098.7.peg.980.site.4, 50, 124, 174
1121098.7.peg.980.site.5, 18, 125, 143
1121098.7.peg.983.site.1, 2, 125, 127
1121098.7.peg.983.site.2, 60, 126, 186
1121098.7.peg.983.site.3, 77, 126, 203
1121098.7.peg.983.site.4, 4, 126, 130
1121098.7.peg.983.site.5, 0, 126, 126
1121098.7.peg.983.site.6, 3, 125, 128
1121098.7.peg.983.site.7, 3, 125, 128
1121098.7.peg.983.site.8, 2, 126, 128
1121098.7.peg.983.site.9, 96, 125, 221
1121098.7.peg.983.site.10, 63, 126, 189
1121098.7.peg.983.site.11, 25, 125, 150
1121098.7.peg.1728.site.1, 0, 126, 126
1121098.7.peg.1728.site.2, 107, 125, 232
1121098.7.peg.1728.site.3, 12, 126, 138
1121098.7.peg.1728.site.4, 3, 126, 129
1121098.7.peg.1728.site.5, 0, 126, 126
1121098.7.peg.1728.site.6, 0, 126, 126
1121098.7.peg.1728.site.7, 56, 125, 181
1121098.7.peg.1728.site.8, 43, 124, 167
1121098.7.peg.1728.site.9, 5, 126, 131
1121098.7.peg.1728.site.10, 17, 125, 142
1121098.7.peg.1728.site.11, 0, 126, 126
1121098.7.peg.1728.site.12, 4, 126, 130
1121098.7.peg.1728.site.13, 12, 125, 137
1121098.7.peg.1385.site.1, 0, 125, 125
1121098.7.peg.1385.site.2, 0, 126, 126
1121098.7.peg.1385.site.3, 0, 126, 126
1121098.7.peg.984.site.1, 1, 123, 124
1121098.7.peg.984.site.2, 16, 125, 141
1121098.7.peg.984.site.3, 16, 125, 141
1121098.7.peg.984.site.4, 1, 126, 127
1121098.7.peg.984.site.5, 0, 126, 126
1121098.7.peg.984.site.6, 2, 126, 128
1121098.7.peg.984.site.7, 121, 125, 246
1121098.7.peg.984.site.8, 44, 125, 169
1121098.7.peg.984.site.9, 0, 125, 125
1121098.7.peg.984.site.10, 7, 125, 132
1121098.7.peg.984.site.11, 57, 126, 183
1121098.7.peg.984.site.12, 0, 125, 125
1121098.7.peg.984.site.13, 0, 124, 124
1121098.7.peg.987.site.1, 0, 125, 125
1121098.7.peg.987.site.2, 2, 126, 128
1121098.7.peg.987.site.3, 64, 125, 189
1121098.7.peg.987.site.4, 4, 126, 130
1121098.7.peg.987.site.5, 44, 125, 169
1121098.7.peg.987.site.6, 0, 123, 123
1121098.7.peg.986.site.1, 0, 126, 126
1121098.7.peg.986.site.2, 53, 124, 177
1121098.7.peg.986.site.3, 0, 126, 126
1121098.7.peg.986.site.4, 3, 126, 129
1121098.7.peg.2849.site.1, 4, 126, 130
1121098.7.peg.2849.site.2, 0, 126, 126
1121098.7.peg.2849.site.3, 1, 126, 127
1121098.7.peg.2849.site.4, 92, 126, 218
1121098.7.peg.2849.site.5, 0, 126, 126
1121098.7.peg.2849.site.6, 1, 126, 127
1121098.7.peg.2849.site.7, 1, 125, 126
1121098.7.peg.2849.site.8, 53, 124, 177
1121098.7.peg.2849.site.9, 5, 126, 131
1121098.7.peg.2849.site.10, 0, 126, 126
1121098.7.peg.2849.site.11, 0, 126, 126
1121098.7.peg.2849.site.12, 0, 126, 126
1121098.7.peg.2849.site.13, 12, 125, 137
1121098.7.peg.2849.site.14, 0, 126, 126
1121098.7.peg.2849.site.15, 0, 126, 126
1121098.7.peg.2849.site.16, 31, 125, 156
1121098.7.peg.2847.site.1, 1, 126, 127
1121098.7.peg.2847.site.2, 10, 126, 136
1121098.7.peg.2847.site.3, 6, 126, 132
1121098.7.peg.2847.site.4, 23, 126, 149
1121098.7.peg.2847.site.5, 0, 126, 126
1121098.7.peg.2847.site.6, 5, 125, 130
1121098.7.peg.2847.site.7, 0, 125, 125
1121098.7.peg.2847.site.8, 58, 125, 183
1121098.7.peg.2847.site.9, 1, 126, 127
1121098.7.peg.2847.site.10, 0, 126, 126
1121098.7.peg.2847.site.11, 0, 126, 126
1121098.7.peg.2847.site.12, 1, 126, 127
1121098.7.peg.2846.site.1, 6, 126, 132
1121098.7.peg.2846.site.2, 3, 126, 129
1121098.7.peg.2845.site.1, 1, 126, 127
1121098.7.peg.2845.site.2, 0, 126, 126
1121098.7.peg.2845.site.3, 1, 126, 127
1121098.7.peg.2845.site.4, 14, 124, 138
1121098.7.peg.2845.site.5, 4, 124, 128
1121098.7.peg.2845.site.6, 0, 125, 125
1121098.7.peg.2845.site.7, 99, 126, 225
1121098.7.peg.2845.site.8, 0, 126, 126
1121098.7.peg.2844.site.1, 6, 126, 132
1121098.7.peg.2844.site.2, 0, 126, 126
1121098.7.peg.2844.site.3, 0, 125, 125
1121098.7.peg.2844.site.4, 0, 126, 126
1121098.7.peg.2844.site.5, 122, 126, 248
1121098.7.peg.2844.site.6, 14, 126, 140
1121098.7.peg.2843.site.1, 61, 126, 187
1121098.7.peg.3729.site.1, 0, 126, 126
1121098.7.peg.3729.site.2, 3, 126, 129
1121098.7.peg.3729.site.3, 1, 126, 127
1121098.7.peg.3729.site.4, 3, 126, 129
1121098.7.peg.3729.site.5, 53, 126, 179
1121098.7.peg.3729.site.6, 0, 125, 125
1121098.7.peg.3729.site.7, 30, 125, 155
1121098.7.peg.3080.site.1, 0, 126, 126
1121098.7.peg.3080.site.2, 0, 126, 126
1121098.7.peg.3080.site.3, 0, 126, 126
1121098.7.peg.3080.site.4, 3, 126, 129
1121098.7.peg.3080.site.5, 48, 125, 173
1121098.7.peg.3080.site.6, 61, 126, 187
1121098.7.peg.3080.site.7, 6, 126, 132
1121098.7.peg.3080.site.8, 0, 126, 126
1121098.7.peg.3080.site.9, 0, 126, 126
1121098.7.peg.3080.site.10, 3, 126, 129
1121098.7.peg.3080.site.11, 1, 125, 126
1121098.7.peg.3080.site.12, 1, 126, 127
1121098.7.peg.3080.site.13, 1, 125, 126
1121098.7.peg.3080.site.14, 0, 123, 123
1121098.7.peg.3080.site.15, 1, 126, 127
1121098.7.peg.3080.site.16, 0, 126, 126
1121098.7.peg.3080.site.17, 0, 126, 126
1121098.7.peg.3080.site.18, 0, 126, 126
1121098.7.peg.3080.site.19, 4, 126, 130
1121098.7.peg.3080.site.20, 0, 126, 126
1121098.7.peg.3080.site.21, 0, 126, 126
1121098.7.peg.3080.site.22, 0, 125, 125
1121098.7.peg.1549.site.1, 5, 126, 131
1121098.7.peg.1549.site.2, 4, 125, 129
1121098.7.peg.1549.site.3, 5, 125, 130
1121098.7.peg.1549.site.4, 4, 124, 128
1121098.7.peg.1549.site.5, 4, 125, 129
1121098.7.peg.1549.site.6, 5, 126, 131
1121098.7.peg.1549.site.7, 5, 126, 131
1121098.7.peg.1549.site.8, 5, 126, 131
1121098.7.peg.1549.site.9, 5, 126, 131
1121098.7.peg.1549.site.10, 8, 126, 134
1121098.7.peg.1549.site.11, 5, 126, 131
1121098.7.peg.1549.site.12, 91, 125, 216
1121098.7.peg.1549.site.13, 12, 126, 138
1121098.7.peg.1549.site.14, 0, 126, 126
1121098.7.peg.1549.site.15, 14, 125, 139
1121098.7.peg.1549.site.16, 0, 126, 126
1121098.7.peg.1549.site.17, 1, 126, 127
1121098.7.peg.1549.site.18, 1, 126, 127
1121098.7.peg.1549.site.19, 53, 126, 179
1121098.7.peg.1549.site.20, 53, 126, 179
1121098.7.peg.1549.site.21, 53, 125, 178
1121098.7.peg.1549.site.22, 53, 126, 179
1121098.7.peg.1549.site.23, 52, 125, 177
1121098.7.peg.1549.site.24, 20, 93, 113
1121098.7.peg.1549.site.25, 13, 86, 99
1121098.7.peg.1549.site.26, 9, 82, 91
1121098.7.peg.1549.site.27, 26, 91, 117
1121098.7.peg.1549.site.28, 100, 104, 204
1121098.7.peg.1549.site.29, 18, 113, 131
1121098.7.peg.1548.site.1, 58, 122, 180
1121098.7.peg.1548.site.2, 2, 122, 124
1121098.7.peg.1548.site.3, 2, 122, 124
1121098.7.peg.1548.site.4, 77, 122, 199
1121098.7.peg.1548.site.5, 0, 122, 122
1121098.7.peg.1548.site.6, 1, 126, 127
1121098.7.peg.1548.site.7, 5, 126, 131
1121098.7.peg.3718.site.1, 54, 126, 180
1121098.7.peg.3718.site.2, 0, 126, 126
1121098.7.peg.3718.site.3, 3, 126, 129
1121098.7.peg.3718.site.4, 62, 126, 188
1121098.7.peg.3718.site.5, 59, 126, 185
1121098.7.peg.3718.site.6, 59, 126, 185
1121098.7.peg.3718.site.7, 59, 126, 185
1121098.7.peg.3718.site.8, 32, 126, 158
1121098.7.peg.3718.site.9, 107, 124, 231
1121098.7.peg.3718.site.10, 1, 126, 127
1121098.7.peg.3718.site.11, 57, 126, 183
1121098.7.peg.3718.site.12, 0, 124, 124
1121098.7.peg.3718.site.13, 12, 125, 137
1121098.7.peg.3718.site.14, 3, 126, 129
1121098.7.peg.3718.site.15, 62, 126, 188
1121098.7.peg.3718.site.16, 10, 126, 136
1121098.7.peg.3718.site.17, 62, 126, 188
1121098.7.peg.3718.site.18, 3, 126, 129
1121098.7.peg.3718.site.19, 15, 126, 141
1121098.7.peg.3718.site.20, 57, 126, 183
1121098.7.peg.3718.site.21, 0, 125, 125
1121098.7.peg.3718.site.22, 57, 125, 182
1121098.7.peg.3718.site.23, 1, 126, 127
1121098.7.peg.3718.site.24, 0, 126, 126
1121098.7.peg.3718.site.25, 122, 126, 248
1121098.7.peg.3718.site.26, 53, 126, 179
1121098.7.peg.3718.site.27, 3, 125, 128
1121098.7.peg.3718.site.28, 121, 126, 247
1121098.7.peg.3718.site.29, 2, 126, 128
1121098.7.peg.789.site.1, 49, 125, 174
1121098.7.peg.789.site.2, 0, 124, 124
1121098.7.peg.789.site.3, 1, 125, 126
1121098.7.peg.789.site.4, 14, 126, 140
1121098.7.peg.789.site.5, 0, 126, 126
1121098.7.peg.789.site.6, 0, 126, 126
1121098.7.peg.789.site.7, 2, 126, 128
1121098.7.peg.38.site.1, 0, 126, 126
1121098.7.peg.38.site.2, 1, 125, 126
1121098.7.peg.38.site.3, 3, 126, 129
1121098.7.peg.38.site.4, 0, 126, 126
1121098.7.peg.38.site.5, 6, 126, 132
1121098.7.peg.38.site.6, 86, 126, 212
1121098.7.peg.38.site.7, 0, 126, 126
1121098.7.peg.38.site.8, 0, 126, 126
1121098.7.peg.38.site.9, 0, 126, 126
1121098.7.peg.38.site.10, 11, 124, 135
1121098.7.peg.38.site.11, 11, 126, 137
1121098.7.peg.38.site.12, 0, 126, 126
1121098.7.peg.38.site.13, 0, 126, 126
1121098.7.peg.39.site.1, 1, 119, 120
1121098.7.peg.39.site.2, 2, 57, 59
1121098.7.peg.39.site.3, 54, 58, 112
1121098.7.peg.39.site.4, 13, 70, 83
1121098.7.peg.39.site.5, 37, 104, 141
1121098.7.peg.39.site.6, 1, 119, 120
1121098.7.peg.39.site.7, 0, 108, 108
1121098.7.peg.39.site.8, 0, 126, 126
1121098.7.peg.39.site.9, 54, 126, 180
1121098.7.peg.39.site.10, 64, 126, 190
1121098.7.peg.39.site.11, 0, 126, 126
1121098.7.peg.39.site.12, 12, 126, 138
1121098.7.peg.39.site.13, 1, 126, 127
1121098.7.peg.39.site.14, 6, 126, 132
1121098.7.peg.39.site.15, 7, 122, 129
1121098.7.peg.39.site.16, 106, 122, 228
1121098.7.peg.39.site.17, 106, 122, 228
1121098.7.peg.39.site.18, 65, 126, 191
1121098.7.peg.39.site.19, 51, 126, 177
1121098.7.peg.39.site.20, 57, 126, 183
1121098.7.peg.39.site.21, 6, 126, 132
1121098.7.peg.39.site.22, 1, 125, 126
1121098.7.peg.39.site.23, 87, 125, 212
1121098.7.peg.39.site.24, 122, 126, 248
1121098.7.peg.39.site.25, 4, 126, 130
1121098.7.peg.39.site.26, 0, 126, 126
1121098.7.peg.39.site.27, 88, 125, 213
1121098.7.peg.39.site.28, 51, 126, 177
1121098.7.peg.39.site.29, 98, 126, 224
1121098.7.peg.39.site.30, 9, 126, 135
1121098.7.peg.39.site.31, 9, 126, 135
1121098.7.peg.39.site.32, 25, 125, 150
1121098.7.peg.39.site.33, 4, 126, 130
1121098.7.peg.39.site.34, 7, 126, 133
1121098.7.peg.39.site.35, 0, 125, 125
1121098.7.peg.39.site.36, 0, 126, 126
1121098.7.peg.39.site.37, 5, 125, 130
1121098.7.peg.39.site.38, 12, 126, 138
1121098.7.peg.39.site.39, 68, 126, 194
1121098.7.peg.36.site.1, 10, 125, 135
1121098.7.peg.36.site.2, 40, 107, 147
1121098.7.peg.36.site.3, 8, 126, 134
1121098.7.peg.36.site.4, 64, 126, 190
1121098.7.peg.36.site.5, 1, 125, 126
1121098.7.peg.36.site.6, 92, 125, 217
1121098.7.peg.36.site.7, 7, 126, 133
1121098.7.peg.36.site.8, 3, 125, 128
1121098.7.peg.36.site.9, 1, 125, 126
1121098.7.peg.36.site.10, 0, 126, 126
1121098.7.peg.36.site.11, 4, 126, 130
1121098.7.peg.36.site.12, 60, 125, 185
1121098.7.peg.36.site.13, 117, 124, 241
1121098.7.peg.36.site.14, 29, 125, 154
1121098.7.peg.1419.site.1, 0, 126, 126
1121098.7.peg.1419.site.2, 5, 126, 131
1121098.7.peg.1419.site.3, 2, 126, 128
1121098.7.peg.1419.site.4, 84, 126, 210
1121098.7.peg.1419.site.5, 3, 126, 129
1121098.7.peg.1541.site.1, 2, 125, 127
1121098.7.peg.1541.site.2, 110, 123, 233
1121098.7.peg.1541.site.3, 52, 123, 175
1121098.7.peg.1541.site.4, 71, 123, 194
1121098.7.peg.1541.site.5, 2, 126, 128
1121098.7.peg.1541.site.6, 2, 126, 128
1121098.7.peg.1541.site.7, 0, 125, 125
1121098.7.peg.1541.site.8, 1, 124, 125
1121098.7.peg.1541.site.9, 0, 123, 123
1121098.7.peg.1541.site.10, 0, 123, 123
1121098.7.peg.1541.site.11, 0, 123, 123
1121098.7.peg.1541.site.12, 2, 123, 125
1121098.7.peg.1541.site.13, 86, 123, 209
1121098.7.peg.1540.site.1, 57, 124, 181
1121098.7.peg.1540.site.2, 1, 126, 127
1121098.7.peg.1540.site.3, 2, 126, 128
1121098.7.peg.1540.site.4, 0, 126, 126
1121098.7.peg.1540.site.5, 55, 126, 181
1121098.7.peg.1540.site.6, 65, 126, 191
1121098.7.peg.1540.site.7, 0, 126, 126
1121098.7.peg.1540.site.8, 0, 126, 126
1121098.7.peg.1540.site.9, 0, 126, 126
1121098.7.peg.1540.site.10, 65, 126, 191
1121098.7.peg.4067.site.1, 3, 123, 126
1121098.7.peg.4067.site.2, 2, 123, 125
1121098.7.peg.4067.site.3, 1, 122, 123
1121098.7.peg.4067.site.4, 0, 123, 123
1121098.7.peg.4067.site.5, 0, 123, 123
1121098.7.peg.4067.site.6, 25, 123, 148
1121098.7.peg.4067.site.7, 0, 123, 123
1121098.7.peg.4067.site.8, 0, 123, 123
1121098.7.peg.4066.site.1, 4, 53, 57
1121098.7.peg.4066.site.2, 47, 102, 149
1121098.7.peg.4066.site.3, 2, 123, 125
1121098.7.peg.4066.site.4, 23, 123, 146
1121098.7.peg.4066.site.5, 2, 123, 125
1121098.7.peg.4066.site.6, 13, 106, 119
1121098.7.peg.4066.site.7, 32, 73, 105
1121098.7.peg.4066.site.8, 0, 118, 118
1121098.7.peg.4066.site.9, 22, 84, 106
1121098.7.peg.4066.site.10, 1, 62, 63
1121098.7.peg.4066.site.11, 3, 61, 64
1121098.7.peg.4066.site.12, 19, 70, 89
1121098.7.peg.4066.site.13, 0, 117, 117
1121098.7.peg.4066.site.14, 3, 116, 119
1121098.7.peg.4066.site.15, 50, 111, 161
1121098.7.peg.4066.site.16, 14, 112, 126
1121098.7.peg.4066.site.17, 8, 111, 119
1121098.7.peg.4066.site.18, 15, 112, 127
1121098.7.peg.4066.site.19, 3, 116, 119
1121098.7.peg.4066.site.20, 2, 117, 119
1121098.7.peg.4066.site.21, 1, 121, 122
1121098.7.peg.4066.site.22, 70, 121, 191
1121098.7.peg.4066.site.23, 3, 120, 123
1121098.7.peg.4066.site.24, 52, 121, 173
1121098.7.peg.4066.site.25, 3, 120, 123
1121098.7.peg.4066.site.26, 2, 123, 125
1121098.7.peg.4066.site.27, 9, 123, 132
1121098.7.peg.4066.site.28, 1, 122, 123
1121098.7.peg.3712.site.1, 27, 125, 152
1121098.7.peg.3712.site.2, 5, 125, 130
1121098.7.peg.3712.site.3, 3, 126, 129
1121098.7.peg.3712.site.4, 0, 126, 126
1121098.7.peg.3712.site.5, 63, 126, 189
1121098.7.peg.3712.site.6, 7, 125, 132
1121098.7.peg.3712.site.7, 1, 126, 127
1121098.7.peg.3712.site.8, 54, 125, 179
1121098.7.peg.3712.site.9, 0, 125, 125
1121098.7.peg.3712.site.10, 4, 125, 129
1121098.7.peg.3712.site.11, 80, 124, 204
1121098.7.peg.3712.site.12, 1, 126, 127
1121098.7.peg.3712.site.13, 4, 126, 130
1121098.7.peg.3712.site.14, 0, 126, 126
1121098.7.peg.3712.site.15, 0, 126, 126
1121098.7.peg.1418.site.1, 7, 124, 131
1121098.7.peg.1418.site.2, 0, 126, 126
1121098.7.peg.1418.site.3, 0, 126, 126
1121098.7.peg.1418.site.4, 52, 126, 178
1121098.7.peg.1418.site.5, 1, 126, 127
1121098.7.peg.1418.site.6, 7, 126, 133
1121098.7.peg.1418.site.7, 6, 126, 132
1121098.7.peg.1418.site.8, 8, 126, 134
1121098.7.peg.1418.site.9, 1, 126, 127
1121098.7.peg.1418.site.10, 5, 126, 131
1121098.7.peg.1418.site.11, 12, 126, 138
1121098.7.peg.1418.site.12, 2, 126, 128
1121098.7.peg.1418.site.13, 54, 126, 180
1121098.7.peg.1418.site.14, 4, 126, 130
1121098.7.peg.1418.site.15, 1, 126, 127
1121098.7.peg.1418.site.16, 0, 125, 125
1121098.7.peg.1418.site.17, 0, 126, 126
1121098.7.peg.1418.site.18, 0, 126, 126
1121098.7.peg.1418.site.19, 11, 126, 137
1121098.7.peg.1418.site.20, 11, 126, 137
1121098.7.peg.1418.site.21, 4, 126, 130
1121098.7.peg.1418.site.22, 3, 125, 128
1121098.7.peg.4072.site.1, 61, 123, 184
1121098.7.peg.4072.site.2, 9, 123, 132
1121098.7.peg.4072.site.3, 0, 123, 123
1121098.7.peg.4072.site.4, 3, 123, 126
1121098.7.peg.4072.site.5, 0, 123, 123
1121098.7.peg.4072.site.6, 0, 122, 122
1121098.7.peg.4072.site.7, 8, 123, 131
1121098.7.peg.4072.site.8, 0, 123, 123
1121098.7.peg.4072.site.9, 0, 123, 123
1121098.7.peg.4072.site.10, 0, 123, 123
1121098.7.peg.4072.site.11, 62, 123, 185
1121098.7.peg.4072.site.12, 5, 123, 128
1121098.7.peg.4072.site.13, 119, 123, 242
1121098.7.peg.4072.site.14, 1, 123, 124
1121098.7.peg.4072.site.15, 3, 123, 126
1121098.7.peg.4072.site.16, 52, 123, 175
1121098.7.peg.4072.site.17, 12, 123, 135
1121098.7.peg.4072.site.18, 0, 123, 123
1121098.7.peg.4072.site.19, 1, 123, 124
1121098.7.peg.4072.site.20, 0, 123, 123
1121098.7.peg.4072.site.21, 52, 123, 175
1121098.7.peg.4072.site.22, 4, 123, 127
1121098.7.peg.4072.site.23, 0, 123, 123
1121098.7.peg.2359.site.1, 1, 125, 126
1121098.7.peg.2359.site.2, 0, 122, 122
1121098.7.peg.2359.site.3, 0, 126, 126
1121098.7.peg.2359.site.4, 1, 126, 127
1121098.7.peg.2359.site.5, 0, 125, 125
1121098.7.peg.2359.site.6, 1, 126, 127
1121098.7.peg.2359.site.7, 0, 124, 124
1121098.7.peg.2359.site.8, 0, 126, 126
1121098.7.peg.2359.site.9, 3, 125, 128
1121098.7.peg.2359.site.10, 3, 126, 129
1121098.7.peg.2359.site.11, 0, 126, 126
1121098.7.peg.2933.site.1, 2, 126, 128
1121098.7.peg.2933.site.2, 2, 126, 128
1121098.7.peg.2933.site.3, 16, 126, 142
1121098.7.peg.2933.site.4, 4, 126, 130
1121098.7.peg.2933.site.5, 0, 126, 126
1121098.7.peg.2933.site.6, 1, 126, 127
1121098.7.peg.1415.site.1, 14, 125, 139
1121098.7.peg.1415.site.2, 4, 126, 130
1121098.7.peg.1415.site.3, 1, 126, 127
1121098.7.peg.1415.site.4, 0, 126, 126
1121098.7.peg.1415.site.5, 16, 125, 141
1121098.7.peg.1415.site.6, 24, 125, 149
1121098.7.peg.1415.site.7, 0, 126, 126
1121098.7.peg.2931.site.1, 0, 126, 126
1121098.7.peg.2931.site.2, 0, 126, 126
1121098.7.peg.2931.site.3, 70, 126, 196
1121098.7.peg.2931.site.4, 61, 126, 187
1121098.7.peg.2931.site.5, 0, 126, 126
1121098.7.peg.2931.site.6, 4, 126, 130
1121098.7.peg.2931.site.7, 13, 126, 139
1121098.7.peg.2931.site.8, 0, 126, 126
1121098.7.peg.2931.site.9, 11, 126, 137
1121098.7.peg.2930.site.1, 1, 126, 127
1121098.7.peg.2930.site.2, 0, 126, 126
1121098.7.peg.2930.site.3, 5, 125, 130
1121098.7.peg.2930.site.4, 0, 126, 126
1121098.7.peg.2937.site.1, 10, 125, 135
1121098.7.peg.2937.site.2, 0, 126, 126
1121098.7.peg.2937.site.3, 3, 126, 129
1121098.7.peg.2937.site.4, 28, 125, 153
1121098.7.peg.2937.site.5, 0, 126, 126
1121098.7.peg.2937.site.6, 1, 126, 127
1121098.7.peg.2937.site.7, 79, 124, 203
1121098.7.peg.2937.site.8, 3, 125, 128
1121098.7.peg.2937.site.9, 3, 125, 128
1121098.7.peg.2937.site.10, 0, 125, 125
1121098.7.peg.2937.site.11, 0, 124, 124
1121098.7.peg.2937.site.12, 0, 125, 125
1121098.7.peg.2936.site.1, 0, 126, 126
1121098.7.peg.2936.site.2, 1, 126, 127
1121098.7.peg.2936.site.3, 12, 126, 138
1121098.7.peg.2936.site.4, 1, 125, 126
1121098.7.peg.2936.site.5, 53, 126, 179
1121098.7.peg.2936.site.6, 30, 126, 156
1121098.7.peg.2936.site.7, 0, 125, 125
1121098.7.peg.2936.site.8, 0, 126, 126
1121098.7.peg.2935.site.1, 1, 126, 127
1121098.7.peg.2935.site.2, 1, 126, 127
1121098.7.peg.2935.site.3, 0, 126, 126
1121098.7.peg.2935.site.4, 59, 126, 185
1121098.7.peg.2935.site.5, 0, 126, 126
1121098.7.peg.2935.site.6, 3, 126, 129
1121098.7.peg.2935.site.7, 0, 126, 126
1121098.7.peg.2935.site.8, 29, 126, 155
1121098.7.peg.2935.site.9, 58, 126, 184
1121098.7.peg.2935.site.10, 10, 126, 136
1121098.7.peg.1414.site.1, 0, 126, 126
1121098.7.peg.1414.site.2, 0, 126, 126
1121098.7.peg.2939.site.1, 1, 126, 127
1121098.7.peg.2939.site.2, 0, 126, 126
1121098.7.peg.2939.site.3, 0, 126, 126
1121098.7.peg.2939.site.4, 0, 125, 125
1121098.7.peg.2939.site.5, 115, 126, 241
1121098.7.peg.2938.site.1, 1, 126, 127
1121098.7.peg.2938.site.2, 0, 126, 126
1121098.7.peg.2938.site.3, 3, 126, 129
1121098.7.peg.2938.site.4, 1, 125, 126
1121098.7.peg.2938.site.5, 0, 126, 126
1121098.7.peg.2938.site.6, 0, 126, 126
1121098.7.peg.2938.site.7, 0, 126, 126
1121098.7.peg.2938.site.8, 54, 126, 180
1121098.7.peg.1417.site.1, 85, 126, 211
1121098.7.peg.1417.site.2, 7, 126, 133
1121098.7.peg.1417.site.3, 120, 126, 246
1121098.7.peg.1417.site.4, 5, 126, 131
1121098.7.peg.4375.site.1, 0, 118, 118
1121098.7.peg.4375.site.2, 0, 118, 118
1121098.7.peg.4375.site.3, 0, 118, 118
1121098.7.peg.4375.site.4, 0, 118, 118
1121098.7.peg.4375.site.5, 1, 118, 119
1121098.7.peg.4375.site.6, 0, 117, 117
1121098.7.peg.870.site.1, 18, 123, 141
1121098.7.peg.870.site.2, 1, 124, 125
1121098.7.peg.870.site.3, 66, 124, 190
1121098.7.peg.870.site.4, 2, 123, 125
1121098.7.peg.870.site.5, 18, 124, 142
1121098.7.peg.2352.site.1, 11, 126, 137
1121098.7.peg.2352.site.2, 13, 126, 139
1121098.7.peg.2352.site.3, 11, 126, 137
1121098.7.peg.2352.site.4, 1, 126, 127
1121098.7.peg.2352.site.5, 11, 126, 137
1121098.7.peg.2352.site.6, 3, 126, 129
1121098.7.peg.2352.site.7, 3, 126, 129
1121098.7.peg.2352.site.8, 32, 125, 157
1121098.7.peg.2352.site.9, 60, 126, 186
1121098.7.peg.2352.site.10, 60, 126, 186
1121098.7.peg.2352.site.11, 58, 126, 184
1121098.7.peg.2352.site.12, 52, 126, 178
1121098.7.peg.2352.site.13, 0, 126, 126
1121098.7.peg.2352.site.14, 2, 126, 128
1121098.7.peg.2352.site.15, 0, 126, 126
1121098.7.peg.1412.site.1, 4, 126, 130
1121098.7.peg.1412.site.2, 5, 125, 130
1121098.7.peg.1412.site.3, 0, 126, 126
1121098.7.peg.1412.site.4, 0, 126, 126
1121098.7.peg.1412.site.5, 8, 126, 134
1121098.7.peg.1412.site.6, 4, 126, 130
1121098.7.peg.1412.site.7, 0, 126, 126
1121098.7.peg.1412.site.8, 0, 126, 126
1121098.7.peg.1412.site.9, 0, 126, 126
1121098.7.peg.1412.site.10, 52, 126, 178
1121098.7.peg.1412.site.11, 0, 126, 126
1121098.7.peg.1412.site.12, 63, 126, 189
1121098.7.peg.1412.site.13, 9, 126, 135
1121098.7.peg.1412.site.14, 4, 126, 130
1121098.7.peg.1412.site.15, 51, 126, 177
1121098.7.peg.1412.site.16, 0, 126, 126
1121098.7.peg.1412.site.17, 0, 126, 126
1121098.7.peg.1412.site.18, 3, 125, 128
1121098.7.peg.1412.site.19, 0, 126, 126
1121098.7.peg.1412.site.20, 8, 126, 134
1121098.7.peg.1412.site.21, 53, 126, 179
1121098.7.peg.1412.site.22, 3, 126, 129
1121098.7.peg.1412.site.23, 1, 125, 126
1121098.7.peg.1412.site.24, 14, 125, 139
1121098.7.peg.1412.site.25, 0, 126, 126
1121098.7.peg.1412.site.26, 0, 126, 126
1121098.7.peg.1412.site.27, 5, 125, 130
1121098.7.peg.2298.site.1, 63, 126, 189
1121098.7.peg.2298.site.2, 120, 126, 246
1121098.7.peg.2298.site.3, 2, 126, 128
1121098.7.peg.2298.site.4, 2, 123, 125
1121098.7.peg.2298.site.5, 3, 126, 129
1121098.7.peg.2298.site.6, 6, 125, 131
1121098.7.peg.2298.site.7, 99, 126, 225
1121098.7.peg.2298.site.8, 94, 126, 220
1121098.7.peg.2298.site.9, 0, 126, 126
1121098.7.peg.2298.site.10, 1, 126, 127
1121098.7.peg.2298.site.11, 4, 125, 129
1121098.7.peg.2298.site.12, 5, 126, 131
1121098.7.peg.2298.site.13, 15, 125, 140
1121098.7.peg.2298.site.14, 1, 125, 126
1121098.7.peg.2298.site.15, 32, 126, 158
1121098.7.peg.2298.site.16, 101, 126, 227
1121098.7.peg.2298.site.17, 6, 126, 132
1121098.7.peg.2298.site.18, 0, 125, 125
1121098.7.peg.2298.site.19, 0, 126, 126
1121098.7.peg.2298.site.20, 63, 126, 189
1121098.7.peg.2298.site.21, 65, 126, 191
1121098.7.peg.2298.site.22, 1, 126, 127
1121098.7.peg.2298.site.23, 61, 126, 187
1121098.7.peg.2298.site.24, 2, 126, 128
1121098.7.peg.2298.site.25, 0, 126, 126
1121098.7.peg.2298.site.26, 1, 126, 127
1121098.7.peg.2298.site.27, 2, 126, 128
1121098.7.peg.2298.site.28, 4, 126, 130
1121098.7.peg.2298.site.29, 3, 125, 128
1121098.7.peg.2298.site.30, 4, 126, 130
1121098.7.peg.2298.site.31, 0, 124, 124
1121098.7.peg.2298.site.32, 61, 124, 185
1121098.7.peg.2298.site.33, 3, 126, 129
1121098.7.peg.2627.site.1, 17, 125, 142
1121098.7.peg.2627.site.2, 57, 126, 183
1121098.7.peg.2627.site.3, 84, 125, 209
1121098.7.peg.2627.site.4, 115, 126, 241
1121098.7.peg.2627.site.5, 0, 126, 126
1121098.7.peg.2627.site.6, 0, 126, 126
1121098.7.peg.2627.site.7, 0, 126, 126
1121098.7.peg.2627.site.8, 65, 126, 191
1121098.7.peg.2627.site.9, 65, 126, 191
1121098.7.peg.2625.site.1, 13, 126, 139
1121098.7.peg.2625.site.2, 0, 126, 126
1121098.7.peg.2625.site.3, 0, 126, 126
1121098.7.peg.2625.site.4, 0, 126, 126
1121098.7.peg.2624.site.1, 1, 125, 126
1121098.7.peg.2624.site.2, 1, 126, 127
1121098.7.peg.2624.site.3, 0, 126, 126
1121098.7.peg.2624.site.4, 14, 126, 140
1121098.7.peg.2624.site.5, 0, 125, 125
1121098.7.peg.2624.site.6, 26, 126, 152
1121098.7.peg.2624.site.7, 13, 126, 139
1121098.7.peg.2623.site.1, 2, 126, 128
1121098.7.peg.2623.site.2, 5, 126, 131
1121098.7.peg.2623.site.3, 4, 125, 129
1121098.7.peg.2623.site.4, 0, 126, 126
1121098.7.peg.2623.site.5, 0, 126, 126
1121098.7.peg.2623.site.6, 121, 126, 247
1121098.7.peg.2623.site.7, 64, 125, 189
1121098.7.peg.2623.site.8, 2, 125, 127
1121098.7.peg.2623.site.9, 122, 126, 248
1121098.7.peg.2622.site.1, 14, 126, 140
1121098.7.peg.2622.site.2, 8, 125, 133
1121098.7.peg.2622.site.3, 3, 126, 129
1121098.7.peg.2622.site.4, 0, 125, 125
1121098.7.peg.2622.site.5, 0, 126, 126
1121098.7.peg.2622.site.6, 43, 125, 168
1121098.7.peg.2622.site.7, 2, 126, 128
1121098.7.peg.2622.site.8, 0, 126, 126
1121098.7.peg.2622.site.9, 55, 126, 181
1121098.7.peg.2622.site.10, 3, 126, 129
1121098.7.peg.2622.site.11, 1, 125, 126
1121098.7.peg.2622.site.12, 58, 126, 184
1121098.7.peg.2622.site.13, 0, 125, 125
1121098.7.peg.2622.site.14, 0, 125, 125
1121098.7.peg.2622.site.15, 0, 126, 126
1121098.7.peg.2622.site.16, 3, 126, 129
1121098.7.peg.2622.site.17, 27, 126, 153
1121098.7.peg.2620.site.1, 85, 126, 211
1121098.7.peg.2620.site.2, 3, 126, 129
1121098.7.peg.2620.site.3, 1, 126, 127
1121098.7.peg.2620.site.4, 7, 126, 133
1121098.7.peg.2620.site.5, 0, 126, 126
1121098.7.peg.2620.site.6, 8, 126, 134
1121098.7.peg.2620.site.7, 2, 126, 128
1121098.7.peg.2620.site.8, 2, 125, 127
1121098.7.peg.2620.site.9, 50, 126, 176
1121098.7.peg.2620.site.10, 0, 126, 126
1121098.7.peg.2620.site.11, 0, 126, 126
1121098.7.peg.2357.site.1, 5, 126, 131
1121098.7.peg.2357.site.2, 1, 126, 127
1121098.7.peg.2357.site.3, 32, 124, 156
1121098.7.peg.2357.site.4, 5, 126, 131
1121098.7.peg.2357.site.5, 0, 126, 126
1121098.7.peg.2357.site.6, 0, 126, 126
1121098.7.peg.2357.site.7, 1, 125, 126
1121098.7.peg.2357.site.8, 61, 126, 187
1121098.7.peg.2357.site.9, 3, 126, 129
1121098.7.peg.2357.site.10, 0, 126, 126
1121098.7.peg.2357.site.11, 4, 125, 129
1121098.7.peg.2357.site.12, 2, 126, 128
1121098.7.peg.2357.site.13, 9, 126, 135
1121098.7.peg.2357.site.14, 63, 125, 188
1121098.7.peg.2357.site.15, 52, 124, 176
1121098.7.peg.4475.site.1, 0, 114, 114
1121098.7.peg.4475.site.2, 61, 105, 166
1121098.7.peg.4475.site.3, 52, 109, 161
1121098.7.peg.4475.site.4, 83, 109, 192
1121098.7.peg.2629.site.1, 0, 126, 126
1121098.7.peg.2629.site.2, 4, 126, 130
1121098.7.peg.2629.site.3, 5, 126, 131
1121098.7.peg.2629.site.4, 3, 125, 128
1121098.7.peg.2629.site.5, 1, 126, 127
1121098.7.peg.2629.site.6, 52, 126, 178
1121098.7.peg.2629.site.7, 0, 124, 124
1121098.7.peg.2629.site.8, 0, 126, 126
1121098.7.peg.2629.site.9, 0, 126, 126
1121098.7.peg.2356.site.1, 12, 126, 138
1121098.7.peg.2356.site.2, 57, 126, 183
1121098.7.peg.2356.site.3, 12, 125, 137
1121098.7.peg.2356.site.4, 3, 125, 128
1121098.7.peg.2356.site.5, 3, 124, 127
1121098.7.peg.2356.site.6, 3, 125, 128
1121098.7.peg.2356.site.7, 3, 125, 128
1121098.7.peg.2356.site.8, 32, 125, 157
1121098.7.peg.2356.site.9, 4, 126, 130
1121098.7.peg.2356.site.10, 3, 126, 129
1121098.7.peg.2356.site.11, 53, 126, 179
1121098.7.peg.2356.site.12, 3, 126, 129
1121098.7.peg.507.site.1, 52, 126, 178
1121098.7.peg.507.site.2, 56, 126, 182
1121098.7.peg.507.site.3, 56, 126, 182
1121098.7.peg.507.site.4, 121, 126, 247
1121098.7.peg.507.site.5, 3, 126, 129
1121098.7.peg.507.site.6, 1, 126, 127
1121098.7.peg.507.site.7, 3, 126, 129
1121098.7.peg.507.site.8, 22, 125, 147
1121098.7.peg.507.site.9, 50, 126, 176
1121098.7.peg.507.site.10, 0, 125, 125
1121098.7.peg.4048.site.1, 12, 126, 138
1121098.7.peg.4048.site.2, 116, 125, 241
1121098.7.peg.4048.site.3, 0, 125, 125
1121098.7.peg.4318.site.1, 1, 125, 126
1121098.7.peg.4318.site.2, 0, 126, 126
1121098.7.peg.4380.site.1, 0, 117, 117
1121098.7.peg.4380.site.2, 2, 118, 120
1121098.7.peg.4380.site.3, 56, 117, 173
1121098.7.peg.4380.site.4, 4, 118, 122
1121098.7.peg.4380.site.5, 0, 118, 118
1121098.7.peg.4380.site.6, 8, 118, 126
1121098.7.peg.4380.site.7, 0, 118, 118
1121098.7.peg.4380.site.8, 2, 118, 120
1121098.7.peg.4380.site.9, 10, 117, 127
1121098.7.peg.4380.site.10, 54, 118, 172
1121098.7.peg.4380.site.11, 26, 118, 144
1121098.7.peg.4380.site.12, 3, 118, 121
1121098.7.peg.4380.site.13, 61, 118, 179
1121098.7.peg.4380.site.14, 61, 118, 179
1121098.7.peg.4380.site.15, 58, 118, 176
1121098.7.peg.4380.site.16, 11, 118, 129
1121098.7.peg.4381.site.1, 16, 118, 134
1121098.7.peg.4381.site.2, 1, 117, 118
1121098.7.peg.4381.site.3, 0, 118, 118
1121098.7.peg.4381.site.4, 59, 118, 177
1121098.7.peg.4381.site.5, 2, 118, 120
1121098.7.peg.2719.site.1, 44, 125, 169
1121098.7.peg.1028.site.1, 61, 126, 187
1121098.7.peg.1028.site.2, 10, 126, 136
1121098.7.peg.1028.site.3, 0, 126, 126
1121098.7.peg.1028.site.4, 0, 126, 126
1121098.7.peg.1028.site.5, 4, 125, 129
1121098.7.peg.1028.site.6, 0, 126, 126
1121098.7.peg.1028.site.7, 52, 126, 178
1121098.7.peg.1029.site.1, 18, 125, 143
1121098.7.peg.1029.site.2, 18, 125, 143
1121098.7.peg.1029.site.3, 1, 126, 127
1121098.7.peg.1029.site.4, 3, 125, 128
1121098.7.peg.1029.site.5, 0, 126, 126
1121098.7.peg.4488.site.1, 77, 117, 194
1121098.7.peg.4488.site.2, 1, 112, 113
1121098.7.peg.4488.site.3, 66, 113, 179
1121098.7.peg.4488.site.4, 77, 117, 194
1121098.7.peg.4488.site.5, 0, 119, 119
1121098.7.peg.4488.site.6, 20, 119, 139
1121098.7.peg.4488.site.7, 19, 119, 138
1121098.7.peg.4488.site.8, 0, 118, 118
1121098.7.peg.4488.site.9, 16, 118, 134
1121098.7.peg.4488.site.10, 77, 118, 195
1121098.7.peg.4488.site.11, 22, 119, 141
1121098.7.peg.4488.site.12, 91, 118, 209
1121098.7.peg.4488.site.13, 91, 118, 209
1121098.7.peg.2713.site.1, 1, 104, 105
1121098.7.peg.2713.site.2, 7, 113, 120
1121098.7.peg.2713.site.3, 0, 126, 126
1121098.7.peg.2713.site.4, 0, 125, 125
1121098.7.peg.2713.site.5, 0, 125, 125
1121098.7.peg.2713.site.6, 22, 125, 147
1121098.7.peg.2713.site.7, 20, 125, 145
1121098.7.peg.2713.site.8, 1, 126, 127
1121098.7.peg.2713.site.9, 3, 126, 129
1121098.7.peg.2713.site.10, 50, 123, 173
1121098.7.peg.2713.site.11, 24, 124, 148
1121098.7.peg.2713.site.12, 3, 126, 129
1121098.7.peg.2713.site.13, 0, 126, 126
1121098.7.peg.2713.site.14, 100, 125, 225
1121098.7.peg.2713.site.15, 1, 126, 127
1121098.7.peg.2713.site.16, 9, 125, 134
1121098.7.peg.2713.site.17, 7, 125, 132
1121098.7.peg.2713.site.18, 32, 124, 156
1121098.7.peg.2713.site.19, 56, 126, 182
1121098.7.peg.2713.site.20, 9, 126, 135
1121098.7.peg.2713.site.21, 17, 126, 143
1121098.7.peg.2713.site.22, 2, 126, 128
1121098.7.peg.2713.site.23, 6, 126, 132
1121098.7.peg.2713.site.24, 2, 126, 128
1121098.7.peg.2713.site.25, 0, 126, 126
1121098.7.peg.2713.site.26, 0, 126, 126
1121098.7.peg.2713.site.27, 10, 126, 136
1121098.7.peg.2713.site.28, 10, 126, 136
1121098.7.peg.2713.site.29, 10, 126, 136
1121098.7.peg.2713.site.30, 6, 126, 132
1121098.7.peg.2713.site.31, 9, 126, 135
1121098.7.peg.2713.site.32, 4, 126, 130
1121098.7.peg.2713.site.33, 9, 125, 134
1121098.7.peg.2713.site.34, 4, 125, 129
1121098.7.peg.2713.site.35, 0, 126, 126
1121098.7.peg.2713.site.36, 27, 125, 152
1121098.7.peg.2713.site.37, 14, 126, 140
1121098.7.peg.2713.site.38, 5, 126, 131
1121098.7.peg.2713.site.39, 1, 126, 127
1121098.7.peg.2713.site.40, 10, 125, 135
1121098.7.peg.2713.site.41, 15, 126, 141
1121098.7.peg.2713.site.42, 2, 126, 128
1121098.7.peg.2713.site.43, 7, 125, 132
1121098.7.peg.2713.site.44, 0, 126, 126
1121098.7.peg.2713.site.45, 1, 126, 127
1121098.7.peg.2713.site.46, 0, 125, 125
1121098.7.peg.2712.site.1, 8, 124, 132
1121098.7.peg.2712.site.2, 6, 123, 129
1121098.7.peg.2712.site.3, 0, 123, 123
1121098.7.peg.2712.site.4, 42, 124, 166
1121098.7.peg.2712.site.5, 11, 125, 136
1121098.7.peg.2712.site.6, 38, 126, 164
1121098.7.peg.2712.site.7, 8, 126, 134
1121098.7.peg.2712.site.8, 44, 126, 170
1121098.7.peg.2712.site.9, 7, 124, 131
1121098.7.peg.2712.site.10, 19, 117, 136
1121098.7.peg.2712.site.11, 3, 53, 56
1121098.7.peg.1026.site.1, 0, 126, 126
1121098.7.peg.1026.site.2, 1, 126, 127
1121098.7.peg.1027.site.1, 116, 126, 242
1121098.7.peg.1027.site.2, 1, 125, 126
1121098.7.peg.1027.site.3, 28, 125, 153
1121098.7.peg.1027.site.4, 4, 126, 130
1121098.7.peg.1027.site.5, 13, 125, 138
1121098.7.peg.1027.site.6, 10, 126, 136
1121098.7.peg.1027.site.7, 119, 126, 245
1121098.7.peg.1027.site.8, 33, 126, 159
1121098.7.peg.1027.site.9, 1, 125, 126
1121098.7.peg.1027.site.10, 3, 126, 129
1121098.7.peg.1027.site.11, 9, 125, 134
1121098.7.peg.1027.site.12, 0, 124, 124
1121098.7.peg.1027.site.13, 1, 126, 127
1121098.7.peg.1027.site.14, 50, 126, 176
1121098.7.peg.1027.site.15, 3, 126, 129
1121098.7.peg.1027.site.16, 106, 125, 231
1121098.7.peg.1027.site.17, 34, 126, 160
1121098.7.peg.1027.site.18, 0, 126, 126
1121098.7.peg.1027.site.19, 1, 126, 127
1121098.7.peg.1027.site.20, 0, 126, 126
1121098.7.peg.1027.site.21, 2, 126, 128
1121098.7.peg.1027.site.22, 64, 126, 190
1121098.7.peg.1020.site.1, 10, 125, 135
1121098.7.peg.1020.site.2, 48, 126, 174
1121098.7.peg.1020.site.3, 12, 126, 138
1121098.7.peg.1020.site.4, 1, 126, 127
1121098.7.peg.1020.site.5, 10, 125, 135
1121098.7.peg.1020.site.6, 104, 125, 229
1121098.7.peg.1020.site.7, 2, 126, 128
1121098.7.peg.1020.site.8, 0, 126, 126
1121098.7.peg.1020.site.9, 24, 124, 148
1121098.7.peg.2716.site.1, 4, 126, 130
1121098.7.peg.2716.site.2, 65, 126, 191
1121098.7.peg.2716.site.3, 0, 126, 126
1121098.7.peg.2716.site.4, 65, 126, 191
1121098.7.peg.2716.site.5, 24, 126, 150
1121098.7.peg.2716.site.6, 2, 125, 127
1121098.7.peg.2716.site.7, 0, 126, 126
1121098.7.peg.2715.site.1, 9, 126, 135
1121098.7.peg.2715.site.2, 0, 126, 126
1121098.7.peg.2715.site.3, 62, 126, 188
1121098.7.peg.2715.site.4, 1, 126, 127
1121098.7.peg.2715.site.5, 61, 126, 187
1121098.7.peg.2715.site.6, 66, 126, 192
1121098.7.peg.2715.site.7, 23, 125, 148
1121098.7.peg.2715.site.8, 2, 125, 127
1121098.7.peg.2715.site.9, 46, 126, 172
1121098.7.peg.2715.site.10, 112, 126, 238
1121098.7.peg.2715.site.11, 1, 126, 127
1121098.7.peg.1023.site.1, 0, 125, 125
1121098.7.peg.1023.site.2, 4, 126, 130
1121098.7.peg.1023.site.3, 111, 123, 234
1121098.7.peg.1023.site.4, 0, 122, 122
1121098.7.peg.2344.site.1, 82, 125, 207
1121098.7.peg.2344.site.2, 0, 126, 126
1121098.7.peg.2344.site.3, 0, 126, 126
1121098.7.peg.2344.site.4, 6, 126, 132
1121098.7.peg.2344.site.5, 0, 125, 125
1121098.7.peg.2344.site.6, 101, 125, 226
1121098.7.peg.2344.site.7, 2, 126, 128
1121098.7.peg.2344.site.8, 0, 126, 126
1121098.7.peg.2344.site.9, 1, 126, 127
1121098.7.peg.2344.site.10, 1, 126, 127
1121098.7.peg.2344.site.11, 62, 126, 188
1121098.7.peg.2344.site.12, 32, 126, 158
1121098.7.peg.2345.site.1, 53, 125, 178
1121098.7.peg.2345.site.2, 64, 126, 190
1121098.7.peg.2345.site.3, 2, 126, 128
1121098.7.peg.2345.site.4, 0, 126, 126
1121098.7.peg.3150.site.1, 52, 126, 178
1121098.7.peg.3150.site.2, 0, 126, 126
1121098.7.peg.3150.site.3, 5, 126, 131
1121098.7.peg.3150.site.4, 4, 102, 106
1121098.7.peg.3150.site.5, 5, 103, 108
1121098.7.peg.3150.site.6, 2, 100, 102
1121098.7.peg.3150.site.7, 75, 109, 184
1121098.7.peg.3150.site.8, 79, 116, 195
1121098.7.peg.3150.site.9, 1, 124, 125
1121098.7.peg.3150.site.10, 0, 123, 123
1121098.7.peg.3151.site.1, 0, 123, 123
1121098.7.peg.3151.site.2, 1, 124, 125
1121098.7.peg.3151.site.3, 0, 123, 123
1121098.7.peg.3151.site.4, 0, 124, 124
1121098.7.peg.3151.site.5, 0, 124, 124
1121098.7.peg.2384.site.1, 7, 126, 133
1121098.7.peg.2384.site.2, 1, 126, 127
1121098.7.peg.2384.site.3, 12, 126, 138
1121098.7.peg.2384.site.4, 3, 126, 129
1121098.7.peg.2384.site.5, 59, 126, 185
1121098.7.peg.2384.site.6, 0, 126, 126
1121098.7.peg.2384.site.7, 0, 126, 126
1121098.7.peg.2384.site.8, 0, 126, 126
1121098.7.peg.2384.site.9, 2, 126, 128
1121098.7.peg.2384.site.10, 0, 125, 125
1121098.7.peg.2384.site.11, 0, 125, 125
1121098.7.peg.2384.site.12, 0, 126, 126
1121098.7.peg.3398.site.1, 0, 126, 126
1121098.7.peg.3398.site.2, 1, 125, 126
1121098.7.peg.3399.site.1, 52, 126, 178
1121098.7.peg.3399.site.2, 4, 126, 130
1121098.7.peg.1848.site.1, 34, 125, 159
1121098.7.peg.1848.site.2, 2, 126, 128
1121098.7.peg.1848.site.3, 116, 125, 241
1121098.7.peg.1848.site.4, 5, 126, 131
1121098.7.peg.1848.site.5, 0, 126, 126
1121098.7.peg.1849.site.1, 0, 126, 126
1121098.7.peg.1849.site.2, 57, 126, 183
1121098.7.peg.1846.site.1, 0, 124, 124
1121098.7.peg.1846.site.2, 31, 125, 156
1121098.7.peg.1846.site.3, 0, 126, 126
1121098.7.peg.1846.site.4, 5, 125, 130
1121098.7.peg.1846.site.5, 0, 126, 126
1121098.7.peg.1846.site.6, 4, 126, 130
1121098.7.peg.1846.site.7, 1, 126, 127
1121098.7.peg.1846.site.8, 1, 126, 127
1121098.7.peg.1847.site.1, 20, 126, 146
1121098.7.peg.1847.site.2, 80, 126, 206
1121098.7.peg.1847.site.3, 80, 126, 206
1121098.7.peg.1847.site.4, 61, 126, 187
1121098.7.peg.1847.site.5, 21, 124, 145
1121098.7.peg.1847.site.6, 6, 125, 131
1121098.7.peg.1847.site.7, 2, 126, 128
1121098.7.peg.1847.site.8, 0, 126, 126
1121098.7.peg.1847.site.9, 16, 126, 142
1121098.7.peg.1847.site.10, 23, 122, 145
1121098.7.peg.1847.site.11, 112, 123, 235
1121098.7.peg.1847.site.12, 40, 125, 165
1121098.7.peg.1847.site.13, 0, 125, 125
1121098.7.peg.1847.site.14, 1, 124, 125
1121098.7.peg.1847.site.15, 0, 125, 125
1121098.7.peg.1847.site.16, 0, 126, 126
1121098.7.peg.1847.site.17, 7, 125, 132
1121098.7.peg.1847.site.18, 5, 125, 130
1121098.7.peg.1847.site.19, 1, 124, 125
1121098.7.peg.1847.site.20, 0, 125, 125
1121098.7.peg.1847.site.21, 0, 126, 126
1121098.7.peg.1847.site.22, 54, 120, 174
1121098.7.peg.1847.site.23, 72, 119, 191
1121098.7.peg.1847.site.24, 27, 123, 150
1121098.7.peg.1847.site.25, 2, 126, 128
1121098.7.peg.1847.site.26, 0, 125, 125
1121098.7.peg.1847.site.27, 4, 126, 130
1121098.7.peg.1844.site.1, 3, 126, 129
1121098.7.peg.1844.site.2, 1, 126, 127
1121098.7.peg.1844.site.3, 27, 126, 153
1121098.7.peg.1844.site.4, 0, 126, 126
1121098.7.peg.1844.site.5, 2, 123, 125
1121098.7.peg.1844.site.6, 0, 121, 121
1121098.7.peg.1844.site.7, 56, 126, 182
1121098.7.peg.1844.site.8, 6, 126, 132
1121098.7.peg.1844.site.9, 1, 126, 127
1121098.7.peg.1845.site.1, 0, 126, 126
1121098.7.peg.1845.site.2, 1, 126, 127
1121098.7.peg.1845.site.3, 5, 126, 131
1121098.7.peg.1845.site.4, 1, 126, 127
1121098.7.peg.1845.site.5, 2, 125, 127
1121098.7.peg.1842.site.1, 0, 126, 126
1121098.7.peg.1842.site.2, 28, 123, 151
1121098.7.peg.1842.site.3, 0, 126, 126
1121098.7.peg.1842.site.4, 5, 126, 131
1121098.7.peg.1842.site.5, 2, 126, 128
1121098.7.peg.1842.site.6, 103, 126, 229
1121098.7.peg.1842.site.7, 0, 126, 126
1121098.7.peg.1842.site.8, 1, 126, 127
1121098.7.peg.1842.site.9, 24, 125, 149
1121098.7.peg.1842.site.10, 3, 126, 129
1121098.7.peg.1842.site.11, 1, 126, 127
1121098.7.peg.1842.site.12, 3, 126, 129
1121098.7.peg.1842.site.13, 2, 125, 127
1121098.7.peg.1842.site.14, 30, 125, 155
1121098.7.peg.1842.site.15, 33, 125, 158
1121098.7.peg.1842.site.16, 6, 99, 105
1121098.7.peg.1842.site.17, 1, 124, 125
1121098.7.peg.1842.site.18, 1, 126, 127
1121098.7.peg.1842.site.19, 1, 126, 127
1121098.7.peg.1843.site.1, 5, 126, 131
1121098.7.peg.1843.site.2, 104, 125, 229
1121098.7.peg.1843.site.3, 1, 67, 68
1121098.7.peg.1843.site.4, 4, 67, 71
1121098.7.peg.1843.site.5, 4, 91, 95
1121098.7.peg.1843.site.6, 0, 126, 126
1121098.7.peg.1843.site.7, 29, 126, 155
1121098.7.peg.1843.site.8, 2, 126, 128
1121098.7.peg.1843.site.9, 0, 125, 125
1121098.7.peg.1843.site.10, 3, 126, 129
1121098.7.peg.1843.site.11, 0, 126, 126
1121098.7.peg.1843.site.12, 2, 124, 126
1121098.7.peg.1843.site.13, 0, 126, 126
1121098.7.peg.1843.site.14, 3, 125, 128
1121098.7.peg.1843.site.15, 0, 122, 122
1121098.7.peg.1843.site.16, 2, 123, 125
1121098.7.peg.1843.site.17, 0, 126, 126
1121098.7.peg.1840.site.1, 2, 112, 114
1121098.7.peg.1840.site.2, 0, 126, 126
1121098.7.peg.1840.site.3, 1, 126, 127
1121098.7.peg.1840.site.4, 65, 126, 191
1121098.7.peg.1841.site.1, 1, 126, 127
1121098.7.peg.1841.site.2, 11, 126, 137
1121098.7.peg.1841.site.3, 1, 126, 127
1121098.7.peg.1841.site.4, 2, 126, 128
1121098.7.peg.1841.site.5, 7, 126, 133
1121098.7.peg.1841.site.6, 51, 126, 177
1121098.7.peg.1841.site.7, 2, 126, 128
1121098.7.peg.1841.site.8, 2, 126, 128
1121098.7.peg.1617.site.1, 4, 126, 130
1121098.7.peg.6.site.1, 0, 126, 126
1121098.7.peg.6.site.2, 14, 126, 140
1121098.7.peg.7.site.1, 1, 126, 127
1121098.7.peg.7.site.2, 2, 126, 128
1121098.7.peg.7.site.3, 52, 126, 178
1121098.7.peg.7.site.4, 1, 126, 127
1121098.7.peg.7.site.5, 0, 126, 126
1121098.7.peg.7.site.6, 4, 126, 130
1121098.7.peg.7.site.7, 65, 126, 191
1121098.7.peg.7.site.8, 0, 126, 126
1121098.7.peg.7.site.9, 3, 126, 129
1121098.7.peg.7.site.10, 62, 126, 188
1121098.7.peg.7.site.11, 122, 126, 248
1121098.7.peg.7.site.12, 4, 126, 130
1121098.7.peg.7.site.13, 18, 125, 143
1121098.7.peg.4.site.1, 0, 126, 126
1121098.7.peg.4.site.2, 116, 126, 242
1121098.7.peg.4.site.3, 58, 126, 184
1121098.7.peg.4.site.4, 0, 126, 126
1121098.7.peg.5.site.1, 46, 126, 172
1121098.7.peg.5.site.2, 21, 126, 147
1121098.7.peg.5.site.3, 65, 126, 191
1121098.7.peg.5.site.4, 118, 126, 244
1121098.7.peg.2.site.1, 5, 126, 131
1121098.7.peg.2.site.2, 0, 126, 126
1121098.7.peg.2.site.3, 27, 126, 153
1121098.7.peg.2.site.4, 8, 126, 134
1121098.7.peg.2.site.5, 14, 125, 139
1121098.7.peg.2.site.6, 2, 126, 128
1121098.7.peg.2.site.7, 0, 126, 126
1121098.7.peg.2.site.8, 40, 125, 165
1121098.7.peg.2.site.9, 15, 126, 141
1121098.7.peg.3.site.1, 0, 126, 126
1121098.7.peg.3.site.2, 8, 126, 134
1121098.7.peg.3.site.3, 0, 124, 124
1121098.7.peg.3.site.4, 6, 126, 132
1121098.7.peg.3.site.5, 4, 126, 130
1121098.7.peg.3.site.6, 64, 125, 189
1121098.7.peg.3.site.7, 31, 125, 156
1121098.7.peg.3.site.8, 1, 125, 126
1121098.7.peg.1.site.1, 47, 126, 173
1121098.7.peg.1.site.2, 0, 126, 126
1121098.7.peg.1.site.3, 0, 126, 126
1121098.7.peg.1.site.4, 2, 126, 128
1121098.7.peg.1.site.5, 46, 125, 171
1121098.7.peg.1.site.6, 3, 125, 128
1121098.7.peg.1.site.7, 0, 124, 124
1121098.7.peg.1.site.8, 0, 124, 124
1121098.7.peg.1.site.9, 66, 126, 192
1121098.7.peg.1.site.10, 20, 126, 146
1121098.7.peg.1.site.11, 0, 126, 126
1121098.7.peg.1.site.12, 2, 126, 128
1121098.7.peg.1.site.13, 0, 126, 126
1121098.7.peg.8.site.1, 0, 125, 125
1121098.7.peg.8.site.2, 1, 126, 127
1121098.7.peg.8.site.3, 1, 122, 123
1121098.7.peg.8.site.4, 2, 124, 126
1121098.7.peg.8.site.5, 0, 126, 126
1121098.7.peg.8.site.6, 60, 126, 186
1121098.7.peg.8.site.7, 59, 126, 185
1121098.7.peg.8.site.8, 5, 126, 131
1121098.7.peg.9.site.1, 50, 125, 175
1121098.7.peg.9.site.2, 74, 125, 199
1121098.7.peg.9.site.3, 34, 124, 158
1121098.7.peg.9.site.4, 0, 125, 125
1121098.7.peg.9.site.5, 8, 126, 134
1121098.7.peg.9.site.6, 8, 126, 134
1121098.7.peg.9.site.7, 5, 126, 131
1121098.7.peg.9.site.8, 54, 126, 180
1121098.7.peg.379.site.1, 4, 126, 130
1121098.7.peg.372.site.1, 0, 126, 126
1121098.7.peg.372.site.2, 118, 125, 243
1121098.7.peg.372.site.3, 0, 126, 126
1121098.7.peg.372.site.4, 1, 125, 126
1121098.7.peg.372.site.5, 0, 124, 124
1121098.7.peg.372.site.6, 93, 120, 213
1121098.7.peg.373.site.1, 2, 126, 128
1121098.7.peg.373.site.2, 6, 126, 132
1121098.7.peg.373.site.3, 6, 126, 132
1121098.7.peg.373.site.4, 59, 125, 184
1121098.7.peg.373.site.5, 6, 126, 132
1121098.7.peg.373.site.6, 13, 126, 139
1121098.7.peg.373.site.7, 15, 126, 141
1121098.7.peg.373.site.8, 2, 126, 128
1121098.7.peg.373.site.9, 0, 126, 126
1121098.7.peg.373.site.10, 0, 126, 126
1121098.7.peg.373.site.11, 2, 126, 128
1121098.7.peg.373.site.12, 0, 126, 126
1121098.7.peg.373.site.13, 2, 126, 128
1121098.7.peg.373.site.14, 1, 126, 127
1121098.7.peg.373.site.15, 53, 126, 179
1121098.7.peg.373.site.16, 10, 126, 136
1121098.7.peg.373.site.17, 6, 126, 132
1121098.7.peg.373.site.18, 122, 126, 248
1121098.7.peg.373.site.19, 6, 126, 132
1121098.7.peg.373.site.20, 0, 126, 126
1121098.7.peg.373.site.21, 1, 125, 126
1121098.7.peg.373.site.22, 122, 126, 248
1121098.7.peg.373.site.23, 0, 126, 126
1121098.7.peg.370.site.1, 2, 126, 128
1121098.7.peg.370.site.2, 12, 126, 138
1121098.7.peg.370.site.3, 0, 126, 126
1121098.7.peg.370.site.4, 56, 126, 182
1121098.7.peg.370.site.5, 13, 126, 139
1121098.7.peg.370.site.6, 0, 126, 126
1121098.7.peg.370.site.7, 14, 126, 140
1121098.7.peg.370.site.8, 55, 126, 181
1121098.7.peg.370.site.9, 2, 126, 128
1121098.7.peg.370.site.10, 55, 126, 181
1121098.7.peg.370.site.11, 65, 126, 191
1121098.7.peg.370.site.12, 4, 126, 130
1121098.7.peg.370.site.13, 0, 126, 126
1121098.7.peg.370.site.14, 65, 126, 191
1121098.7.peg.370.site.15, 0, 126, 126
1121098.7.peg.370.site.16, 0, 126, 126
1121098.7.peg.370.site.17, 0, 126, 126
1121098.7.peg.371.site.1, 4, 126, 130
1121098.7.peg.371.site.2, 79, 125, 204
1121098.7.peg.371.site.3, 4, 126, 130
1121098.7.peg.371.site.4, 6, 126, 132
1121098.7.peg.371.site.5, 0, 125, 125
1121098.7.peg.371.site.6, 1, 126, 127
1121098.7.peg.371.site.7, 61, 125, 186
1121098.7.peg.371.site.8, 11, 125, 136
1121098.7.peg.371.site.9, 0, 126, 126
1121098.7.peg.371.site.10, 19, 126, 145
1121098.7.peg.371.site.11, 4, 126, 130
1121098.7.peg.371.site.12, 1, 126, 127
1121098.7.peg.371.site.13, 79, 125, 204
1121098.7.peg.371.site.14, 12, 125, 137
1121098.7.peg.371.site.15, 4, 126, 130
1121098.7.peg.371.site.16, 55, 126, 181
1121098.7.peg.371.site.17, 0, 126, 126
1121098.7.peg.371.site.18, 30, 125, 155
1121098.7.peg.371.site.19, 14, 126, 140
1121098.7.peg.371.site.20, 0, 126, 126
1121098.7.peg.376.site.1, 0, 124, 124
1121098.7.peg.376.site.2, 61, 125, 186
1121098.7.peg.376.site.3, 4, 125, 129
1121098.7.peg.376.site.4, 31, 125, 156
1121098.7.peg.376.site.5, 65, 125, 190
1121098.7.peg.376.site.6, 4, 125, 129
1121098.7.peg.376.site.7, 0, 125, 125
1121098.7.peg.376.site.8, 61, 125, 186
1121098.7.peg.376.site.9, 11, 124, 135
1121098.7.peg.376.site.10, 61, 125, 186
1121098.7.peg.376.site.11, 0, 126, 126
1121098.7.peg.376.site.12, 61, 126, 187
1121098.7.peg.376.site.13, 1, 126, 127
1121098.7.peg.376.site.14, 7, 125, 132
1121098.7.peg.376.site.15, 21, 124, 145
1121098.7.peg.376.site.16, 61, 123, 184
1121098.7.peg.376.site.17, 45, 109, 154
1121098.7.peg.376.site.18, 61, 125, 186
1121098.7.peg.376.site.19, 60, 123, 183
1121098.7.peg.376.site.20, 3, 124, 127
1121098.7.peg.376.site.21, 60, 124, 184
1121098.7.peg.376.site.22, 59, 123, 182
1121098.7.peg.376.site.23, 58, 123, 181
1121098.7.peg.376.site.24, 59, 124, 183
1121098.7.peg.376.site.25, 2, 124, 126
1121098.7.peg.376.site.26, 60, 125, 185
1121098.7.peg.376.site.27, 0, 125, 125
1121098.7.peg.376.site.28, 60, 125, 185
1121098.7.peg.376.site.29, 10, 125, 135
1121098.7.peg.376.site.30, 60, 125, 185
1121098.7.peg.376.site.31, 59, 124, 183
1121098.7.peg.376.site.32, 48, 122, 170
1121098.7.peg.376.site.33, 119, 125, 244
1121098.7.peg.376.site.34, 1, 124, 125
1121098.7.peg.376.site.35, 10, 125, 135
1121098.7.peg.376.site.36, 3, 125, 128
1121098.7.peg.376.site.37, 3, 124, 127
1121098.7.peg.376.site.38, 60, 125, 185
1121098.7.peg.376.site.39, 60, 125, 185
1121098.7.peg.376.site.40, 0, 125, 125
1121098.7.peg.377.site.1, 1, 126, 127
1121098.7.peg.377.site.2, 1, 126, 127
1121098.7.peg.377.site.3, 1, 124, 125
1121098.7.peg.377.site.4, 26, 124, 150
1121098.7.peg.377.site.5, 10, 126, 136
1121098.7.peg.377.site.6, 18, 125, 143
1121098.7.peg.377.site.7, 10, 126, 136
1121098.7.peg.377.site.8, 96, 125, 221
1121098.7.peg.377.site.9, 0, 126, 126
1121098.7.peg.377.site.10, 4, 126, 130
1121098.7.peg.377.site.11, 0, 126, 126
1121098.7.peg.377.site.12, 0, 126, 126
1121098.7.peg.377.site.13, 0, 126, 126
1121098.7.peg.377.site.14, 0, 126, 126
1121098.7.peg.377.site.15, 3, 126, 129
1121098.7.peg.377.site.16, 0, 126, 126
1121098.7.peg.377.site.17, 2, 126, 128
1121098.7.peg.377.site.18, 0, 124, 124
1121098.7.peg.377.site.19, 40, 126, 166
1121098.7.peg.374.site.1, 0, 124, 124
1121098.7.peg.374.site.2, 80, 126, 206
1121098.7.peg.374.site.3, 3, 126, 129
1121098.7.peg.374.site.4, 0, 126, 126
1121098.7.peg.374.site.5, 0, 126, 126
1121098.7.peg.375.site.1, 116, 126, 242
1121098.7.peg.375.site.2, 12, 126, 138
1121098.7.peg.375.site.3, 2, 126, 128
1121098.7.peg.375.site.4, 0, 126, 126
1121098.7.peg.375.site.5, 52, 123, 175
1121098.7.peg.375.site.6, 0, 123, 123
1121098.7.peg.375.site.7, 2, 118, 120
1121098.7.peg.375.site.8, 1, 120, 121
1121098.7.peg.375.site.9, 2, 121, 123
1121098.7.peg.375.site.10, 39, 119, 158
1121098.7.peg.375.site.11, 0, 126, 126
1121098.7.peg.1301.site.1, 19, 126, 145
1121098.7.peg.1301.site.2, 0, 126, 126
1121098.7.peg.1301.site.3, 0, 125, 125
1121098.7.peg.1301.site.4, 0, 125, 125
1121098.7.peg.1301.site.5, 0, 126, 126
1121098.7.peg.1301.site.6, 105, 125, 230
1121098.7.peg.1301.site.7, 2, 126, 128
1121098.7.peg.1301.site.8, 109, 126, 235
1121098.7.peg.1301.site.9, 1, 125, 126
1121098.7.peg.1301.site.10, 0, 123, 123
1121098.7.peg.1301.site.11, 109, 126, 235
1121098.7.peg.256.site.1, 0, 126, 126
1121098.7.peg.256.site.2, 1, 126, 127
1121098.7.peg.1300.site.1, 25, 125, 150
1121098.7.peg.1300.site.2, 11, 126, 137
1121098.7.peg.1300.site.3, 0, 126, 126
1121098.7.peg.1300.site.4, 19, 126, 145
1121098.7.peg.1300.site.5, 102, 126, 228
1121098.7.peg.1300.site.6, 1, 125, 126
1121098.7.peg.1300.site.7, 15, 126, 141
1121098.7.peg.1300.site.8, 23, 126, 149
1121098.7.peg.1300.site.9, 0, 126, 126
1121098.7.peg.3141.site.1, 11, 118, 129
1121098.7.peg.3141.site.2, 0, 108, 108
1121098.7.peg.3141.site.3, 3, 111, 114
1121098.7.peg.3141.site.4, 3, 111, 114
1121098.7.peg.3141.site.5, 4, 111, 115
1121098.7.peg.3141.site.6, 43, 125, 168
1121098.7.peg.3141.site.7, 3, 126, 129
1121098.7.peg.3141.site.8, 1, 126, 127
1121098.7.peg.774.site.1, 10, 126, 136
1121098.7.peg.774.site.2, 0, 126, 126
1121098.7.peg.774.site.3, 3, 126, 129
1121098.7.peg.774.site.4, 44, 126, 170
1121098.7.peg.775.site.1, 0, 126, 126
1121098.7.peg.775.site.2, 43, 125, 168
1121098.7.peg.775.site.3, 43, 126, 169
1121098.7.peg.775.site.4, 1, 126, 127
1121098.7.peg.775.site.5, 37, 125, 162
1121098.7.peg.775.site.6, 3, 126, 129
1121098.7.peg.775.site.7, 0, 126, 126
1121098.7.peg.775.site.8, 0, 126, 126
1121098.7.peg.772.site.1, 109, 126, 235
1121098.7.peg.772.site.2, 20, 125, 145
1121098.7.peg.772.site.3, 20, 125, 145
1121098.7.peg.772.site.4, 28, 126, 154
1121098.7.peg.772.site.5, 44, 126, 170
1121098.7.peg.772.site.6, 0, 126, 126
1121098.7.peg.772.site.7, 0, 126, 126
1121098.7.peg.772.site.8, 10, 126, 136
1121098.7.peg.772.site.9, 67, 125, 192
1121098.7.peg.772.site.10, 63, 126, 189
1121098.7.peg.772.site.11, 46, 125, 171
1121098.7.peg.772.site.12, 72, 126, 198
1121098.7.peg.772.site.13, 49, 126, 175
1121098.7.peg.772.site.14, 1, 126, 127
1121098.7.peg.772.site.15, 65, 126, 191
1121098.7.peg.772.site.16, 106, 126, 232
1121098.7.peg.772.site.17, 45, 126, 171
1121098.7.peg.773.site.1, 0, 126, 126
1121098.7.peg.773.site.2, 0, 126, 126
1121098.7.peg.773.site.3, 30, 125, 155
1121098.7.peg.773.site.4, 54, 126, 180
1121098.7.peg.773.site.5, 82, 126, 208
1121098.7.peg.771.site.1, 1, 126, 127
1121098.7.peg.771.site.2, 108, 126, 234
1121098.7.peg.771.site.3, 10, 126, 136
1121098.7.peg.771.site.4, 98, 126, 224
1121098.7.peg.771.site.5, 8, 125, 133
1121098.7.peg.771.site.6, 3, 126, 129
1121098.7.peg.771.site.7, 22, 126, 148
1121098.7.peg.905.site.1, 0, 126, 126
1121098.7.peg.905.site.2, 4, 125, 129
1121098.7.peg.905.site.3, 4, 125, 129
1121098.7.peg.905.site.4, 0, 126, 126
1121098.7.peg.905.site.5, 65, 126, 191
1121098.7.peg.905.site.6, 0, 125, 125
1121098.7.peg.905.site.7, 61, 126, 187
1121098.7.peg.905.site.8, 0, 126, 126
1121098.7.peg.905.site.9, 2, 126, 128
1121098.7.peg.905.site.10, 0, 126, 126
1121098.7.peg.646.site.1, 49, 124, 173
1121098.7.peg.646.site.2, 2, 126, 128
1121098.7.peg.646.site.3, 16, 124, 140
1121098.7.peg.646.site.4, 2, 125, 127
1121098.7.peg.646.site.5, 1, 125, 126
1121098.7.peg.646.site.6, 122, 126, 248
1121098.7.peg.646.site.7, 10, 125, 135
1121098.7.peg.646.site.8, 8, 126, 134
1121098.7.peg.646.site.9, 51, 121, 172
1121098.7.peg.646.site.10, 52, 122, 174
1121098.7.peg.646.site.11, 4, 126, 130
1121098.7.peg.646.site.12, 4, 126, 130
1121098.7.peg.646.site.13, 55, 126, 181
1121098.7.peg.646.site.14, 49, 126, 175
1121098.7.peg.646.site.15, 0, 126, 126
1121098.7.peg.646.site.16, 49, 126, 175
1121098.7.peg.646.site.17, 82, 125, 207
1121098.7.peg.646.site.18, 62, 125, 187
1121098.7.peg.646.site.19, 4, 126, 130
1121098.7.peg.646.site.20, 7, 126, 133
1121098.7.peg.646.site.21, 3, 126, 129
1121098.7.peg.646.site.22, 5, 126, 131
1121098.7.peg.646.site.23, 2, 126, 128
1121098.7.peg.778.site.1, 4, 126, 130
1121098.7.peg.778.site.2, 0, 126, 126
1121098.7.peg.778.site.3, 1, 126, 127
1121098.7.peg.778.site.4, 0, 126, 126
1121098.7.peg.778.site.5, 10, 126, 136
1121098.7.peg.778.site.6, 0, 126, 126
1121098.7.peg.778.site.7, 1, 126, 127
1121098.7.peg.778.site.8, 2, 125, 127
1121098.7.peg.778.site.9, 0, 126, 126
1121098.7.peg.778.site.10, 87, 125, 212
1121098.7.peg.778.site.11, 3, 126, 129
1121098.7.peg.778.site.12, 1, 126, 127
1121098.7.peg.778.site.13, 0, 126, 126
1121098.7.peg.778.site.14, 0, 126, 126
1121098.7.peg.778.site.15, 12, 126, 138
1121098.7.peg.778.site.16, 22, 125, 147
1121098.7.peg.778.site.17, 11, 126, 137
1121098.7.peg.779.site.1, 1, 126, 127
1121098.7.peg.779.site.2, 0, 91, 91
1121098.7.peg.779.site.3, 1, 72, 73
1121098.7.peg.779.site.4, 0, 53, 53
1121098.7.peg.779.site.5, 0, 60, 60
1121098.7.peg.779.site.6, 10, 49, 59
1121098.7.peg.779.site.7, 2, 126, 128
1121098.7.peg.779.site.8, 53, 126, 179
1121098.7.peg.779.site.9, 3, 126, 129
1121098.7.peg.779.site.10, 0, 126, 126
1121098.7.peg.779.site.11, 0, 126, 126
1121098.7.peg.779.site.12, 78, 126, 204
1121098.7.peg.779.site.13, 0, 126, 126
1121098.7.peg.779.site.14, 15, 126, 141
1121098.7.peg.779.site.15, 3, 126, 129
1121098.7.peg.3570.site.1, 3, 126, 129
1121098.7.peg.3570.site.2, 5, 126, 131
1121098.7.peg.3570.site.3, 4, 126, 130
1121098.7.peg.3570.site.4, 0, 126, 126
1121098.7.peg.3570.site.5, 6, 125, 131
1121098.7.peg.3570.site.6, 63, 126, 189
1121098.7.peg.3571.site.1, 59, 126, 185
1121098.7.peg.3571.site.2, 4, 126, 130
1121098.7.peg.3571.site.3, 26, 125, 151
1121098.7.peg.3571.site.4, 2, 126, 128
1121098.7.peg.3571.site.5, 1, 125, 126
1121098.7.peg.3142.site.1, 0, 126, 126
1121098.7.peg.3142.site.2, 8, 125, 133
1121098.7.peg.3142.site.3, 10, 126, 136
1121098.7.peg.3142.site.4, 2, 126, 128
1121098.7.peg.3574.site.1, 51, 126, 177
1121098.7.peg.3574.site.2, 1, 126, 127
1121098.7.peg.3574.site.3, 8, 126, 134
1121098.7.peg.3574.site.4, 9, 126, 135
1121098.7.peg.3574.site.5, 4, 124, 128
1121098.7.peg.3574.site.6, 6, 126, 132
1121098.7.peg.3574.site.7, 122, 126, 248
1121098.7.peg.3574.site.8, 7, 125, 132
1121098.7.peg.3576.site.1, 1, 124, 125
1121098.7.peg.3576.site.2, 4, 126, 130
1121098.7.peg.3576.site.3, 11, 125, 136
1121098.7.peg.3576.site.4, 65, 126, 191
1121098.7.peg.3576.site.5, 65, 126, 191
1121098.7.peg.3578.site.1, 84, 125, 209
1121098.7.peg.3578.site.2, 81, 126, 207
1121098.7.peg.3578.site.3, 79, 125, 204
1121098.7.peg.3578.site.4, 0, 126, 126
1121098.7.peg.3578.site.5, 0, 126, 126
1121098.7.peg.3578.site.6, 52, 125, 177
1121098.7.peg.3578.site.7, 63, 126, 189
1121098.7.peg.3578.site.8, 71, 126, 197
1121098.7.peg.3578.site.9, 102, 125, 227
1121098.7.peg.3578.site.10, 0, 126, 126
1121098.7.peg.3578.site.11, 0, 126, 126
1121098.7.peg.3145.site.1, 52, 125, 177
1121098.7.peg.3145.site.2, 112, 125, 237
1121098.7.peg.3145.site.3, 2, 125, 127
1121098.7.peg.3145.site.4, 3, 125, 128
1121098.7.peg.3145.site.5, 4, 126, 130
1121098.7.peg.3145.site.6, 52, 126, 178
1121098.7.peg.3145.site.7, 1, 126, 127
1121098.7.peg.3145.site.8, 4, 126, 130
1121098.7.peg.3144.site.1, 0, 126, 126
1121098.7.peg.1712.site.1, 0, 126, 126
1121098.7.peg.1712.site.2, 2, 126, 128
1121098.7.peg.1712.site.3, 4, 126, 130
1121098.7.peg.1712.site.4, 0, 126, 126
1121098.7.peg.1712.site.5, 111, 126, 237
1121098.7.peg.1712.site.6, 0, 126, 126
1121098.7.peg.1712.site.7, 69, 126, 195
1121098.7.peg.1712.site.8, 0, 126, 126
1121098.7.peg.1712.site.9, 2, 126, 128
1121098.7.peg.1712.site.10, 18, 126, 144
1121098.7.peg.1712.site.11, 16, 126, 142
1121098.7.peg.1712.site.12, 5, 126, 131
1121098.7.peg.1712.site.13, 8, 126, 134
1121098.7.peg.1712.site.14, 122, 126, 248
1121098.7.peg.1712.site.15, 18, 125, 143
1121098.7.peg.1712.site.16, 10, 126, 136
1121098.7.peg.1712.site.17, 0, 126, 126
1121098.7.peg.1712.site.18, 10, 126, 136
1121098.7.peg.1712.site.19, 122, 126, 248
1121098.7.peg.1712.site.20, 0, 126, 126
1121098.7.peg.1712.site.21, 8, 125, 133
1121098.7.peg.1712.site.22, 8, 126, 134
1121098.7.peg.1713.site.1, 0, 126, 126
1121098.7.peg.1713.site.2, 3, 126, 129
1121098.7.peg.1713.site.3, 3, 125, 128
1121098.7.peg.1713.site.4, 12, 126, 138
1121098.7.peg.1713.site.5, 0, 125, 125
1121098.7.peg.1710.site.1, 52, 124, 176
1121098.7.peg.1710.site.2, 114, 125, 239
1121098.7.peg.1710.site.3, 3, 126, 129
1121098.7.peg.1710.site.4, 7, 125, 132
1121098.7.peg.1710.site.5, 117, 126, 243
1121098.7.peg.1710.site.6, 120, 126, 246
1121098.7.peg.1711.site.1, 0, 124, 124
1121098.7.peg.1711.site.2, 0, 125, 125
1121098.7.peg.1711.site.3, 0, 126, 126
1121098.7.peg.1711.site.4, 7, 126, 133
1121098.7.peg.1711.site.5, 50, 126, 176
1121098.7.peg.516.site.1, 4, 126, 130
1121098.7.peg.516.site.2, 0, 126, 126
1121098.7.peg.516.site.3, 4, 126, 130
1121098.7.peg.516.site.4, 4, 124, 128
1121098.7.peg.516.site.5, 0, 126, 126
1121098.7.peg.516.site.6, 3, 126, 129
1121098.7.peg.516.site.7, 14, 126, 140
1121098.7.peg.516.site.8, 64, 125, 189
1121098.7.peg.516.site.9, 0, 126, 126
1121098.7.peg.516.site.10, 0, 126, 126
1121098.7.peg.517.site.1, 3, 126, 129
1121098.7.peg.517.site.2, 12, 126, 138
1121098.7.peg.517.site.3, 12, 126, 138
1121098.7.peg.514.site.1, 2, 126, 128
1121098.7.peg.514.site.2, 13, 125, 138
1121098.7.peg.647.site.1, 3, 126, 129
1121098.7.peg.647.site.2, 34, 125, 159
1121098.7.peg.647.site.3, 1, 125, 126
1121098.7.peg.647.site.4, 1, 125, 126
1121098.7.peg.647.site.5, 0, 126, 126
1121098.7.peg.647.site.6, 0, 124, 124
1121098.7.peg.647.site.7, 49, 126, 175
1121098.7.peg.647.site.8, 7, 126, 133
1121098.7.peg.647.site.9, 109, 125, 234
1121098.7.peg.647.site.10, 4, 126, 130
1121098.7.peg.647.site.11, 13, 126, 139
1121098.7.peg.512.site.1, 0, 126, 126
1121098.7.peg.512.site.2, 12, 126, 138
1121098.7.peg.513.site.1, 4, 125, 129
1121098.7.peg.513.site.2, 0, 126, 126
1121098.7.peg.513.site.3, 56, 125, 181
1121098.7.peg.513.site.4, 3, 125, 128
1121098.7.peg.513.site.5, 60, 126, 186
1121098.7.peg.513.site.6, 12, 126, 138
1121098.7.peg.511.site.1, 4, 126, 130
1121098.7.peg.511.site.2, 0, 126, 126
1121098.7.peg.2362.site.1, 0, 126, 126
1121098.7.peg.2362.site.2, 1, 125, 126
1121098.7.peg.2363.site.1, 0, 125, 125
1121098.7.peg.2360.site.1, 0, 125, 125
1121098.7.peg.2360.site.2, 0, 125, 125
1121098.7.peg.2360.site.3, 1, 124, 125
1121098.7.peg.2361.site.1, 0, 125, 125
1121098.7.peg.2361.site.2, 120, 124, 244
1121098.7.peg.2361.site.3, 9, 125, 134
1121098.7.peg.2361.site.4, 1, 124, 125
1121098.7.peg.2361.site.5, 108, 124, 232
1121098.7.peg.2361.site.6, 0, 125, 125
1121098.7.peg.2361.site.7, 122, 126, 248
1121098.7.peg.2361.site.8, 0, 126, 126
1121098.7.peg.2361.site.9, 29, 126, 155
1121098.7.peg.2361.site.10, 53, 126, 179
1121098.7.peg.2361.site.11, 36, 125, 161
1121098.7.peg.2361.site.12, 0, 125, 125
1121098.7.peg.2361.site.13, 1, 126, 127
1121098.7.peg.2361.site.14, 2, 126, 128
1121098.7.peg.2361.site.15, 3, 126, 129
1121098.7.peg.2361.site.16, 0, 126, 126
1121098.7.peg.2361.site.17, 62, 126, 188
1121098.7.peg.2361.site.18, 0, 126, 126
1121098.7.peg.2361.site.19, 4, 126, 130
1121098.7.peg.2361.site.20, 19, 126, 145
1121098.7.peg.2361.site.21, 0, 126, 126
1121098.7.peg.2361.site.22, 12, 126, 138
1121098.7.peg.2361.site.23, 22, 126, 148
1121098.7.peg.2361.site.24, 69, 125, 194
1121098.7.peg.2361.site.25, 70, 125, 195
1121098.7.peg.2361.site.26, 2, 126, 128
1121098.7.peg.2361.site.27, 121, 125, 246
1121098.7.peg.2361.site.28, 0, 126, 126
1121098.7.peg.2365.site.1, 0, 114, 114
1121098.7.peg.2365.site.2, 0, 119, 119
1121098.7.peg.2365.site.3, 26, 126, 152
1121098.7.peg.2365.site.4, 3, 126, 129
1121098.7.peg.2365.site.5, 0, 125, 125
1121098.7.peg.175.site.1, 4, 126, 130
1121098.7.peg.175.site.2, 15, 125, 140
1121098.7.peg.175.site.3, 0, 126, 126
1121098.7.peg.176.site.1, 8, 125, 133
1121098.7.peg.176.site.2, 1, 126, 127
1121098.7.peg.2369.site.1, 54, 126, 180
1121098.7.peg.170.site.1, 4, 126, 130
1121098.7.peg.170.site.2, 12, 126, 138
1121098.7.peg.170.site.3, 5, 126, 131
1121098.7.peg.170.site.4, 1, 126, 127
1121098.7.peg.170.site.5, 4, 126, 130
1121098.7.peg.170.site.6, 2, 126, 128
1121098.7.peg.170.site.7, 6, 125, 131
1121098.7.peg.3064.site.1, 62, 126, 188
1121098.7.peg.3064.site.2, 5, 126, 131
1121098.7.peg.3064.site.3, 61, 126, 187
1121098.7.peg.3064.site.4, 3, 125, 128
1121098.7.peg.3064.site.5, 0, 126, 126
1121098.7.peg.3064.site.6, 0, 126, 126
1121098.7.peg.3064.site.7, 5, 125, 130
1121098.7.peg.173.site.1, 0, 126, 126
1121098.7.peg.173.site.2, 55, 125, 180
1121098.7.peg.173.site.3, 2, 126, 128
1121098.7.peg.173.site.4, 13, 125, 138
1121098.7.peg.173.site.5, 0, 125, 125
1121098.7.peg.173.site.6, 0, 124, 124
1121098.7.peg.173.site.7, 52, 126, 178
1121098.7.peg.173.site.8, 122, 126, 248
1121098.7.peg.173.site.9, 97, 124, 221
1121098.7.peg.2160.site.1, 30, 34, 64
1121098.7.peg.2160.site.2, 0, 125, 125
1121098.7.peg.2160.site.3, 0, 126, 126
1121098.7.peg.2160.site.4, 3, 125, 128
1121098.7.peg.2160.site.5, 2, 126, 128
1121098.7.peg.2160.site.6, 2, 126, 128
1121098.7.peg.2160.site.7, 8, 126, 134
1121098.7.peg.2160.site.8, 5, 125, 130
1121098.7.peg.2160.site.9, 53, 125, 178
1121098.7.peg.2160.site.10, 0, 125, 125
1121098.7.peg.2160.site.11, 3, 126, 129
1121098.7.peg.2160.site.12, 25, 126, 151
1121098.7.peg.2160.site.13, 0, 126, 126
1121098.7.peg.2160.site.14, 68, 126, 194
1121098.7.peg.2160.site.15, 14, 125, 139
1121098.7.peg.2160.site.16, 0, 126, 126
1121098.7.peg.2160.site.17, 0, 126, 126
1121098.7.peg.2160.site.18, 0, 125, 125
1121098.7.peg.2160.site.19, 0, 126, 126
1121098.7.peg.2160.site.20, 4, 126, 130
1121098.7.peg.2161.site.1, 76, 126, 202
1121098.7.peg.2161.site.2, 0, 126, 126
1121098.7.peg.2161.site.3, 1, 125, 126
1121098.7.peg.2161.site.4, 0, 126, 126
1121098.7.peg.2161.site.5, 3, 126, 129
1121098.7.peg.2161.site.6, 2, 126, 128
1121098.7.peg.2161.site.7, 3, 125, 128
1121098.7.peg.2161.site.8, 0, 126, 126
1121098.7.peg.2161.site.9, 3, 126, 129
1121098.7.peg.2162.site.1, 0, 126, 126
1121098.7.peg.2162.site.2, 0, 126, 126
1121098.7.peg.2163.site.1, 0, 126, 126
1121098.7.peg.2163.site.2, 3, 126, 129
1121098.7.peg.2163.site.3, 4, 126, 130
1121098.7.peg.2163.site.4, 0, 125, 125
1121098.7.peg.2164.site.1, 4, 126, 130
1121098.7.peg.2164.site.2, 4, 126, 130
1121098.7.peg.2164.site.3, 36, 121, 157
1121098.7.peg.2164.site.4, 31, 113, 144
1121098.7.peg.2164.site.5, 86, 112, 198
1121098.7.peg.2164.site.6, 2, 124, 126
1121098.7.peg.2164.site.7, 2, 124, 126
1121098.7.peg.2164.site.8, 0, 122, 122
1121098.7.peg.2164.site.9, 83, 121, 204
1121098.7.peg.2164.site.10, 57, 122, 179
1121098.7.peg.2164.site.11, 0, 122, 122
1121098.7.peg.2164.site.12, 60, 122, 182
1121098.7.peg.2164.site.13, 60, 122, 182
1121098.7.peg.2164.site.14, 4, 122, 126
1121098.7.peg.2164.site.15, 3, 122, 125
1121098.7.peg.2164.site.16, 0, 122, 122
1121098.7.peg.2164.site.17, 10, 124, 134
1121098.7.peg.2164.site.18, 4, 126, 130
1121098.7.peg.2164.site.19, 4, 126, 130
1121098.7.peg.2164.site.20, 72, 125, 197
1121098.7.peg.2164.site.21, 4, 126, 130
1121098.7.peg.2164.site.22, 0, 126, 126
1121098.7.peg.2164.site.23, 0, 126, 126
1121098.7.peg.2164.site.24, 0, 126, 126
1121098.7.peg.2164.site.25, 56, 126, 182
1121098.7.peg.2164.site.26, 4, 126, 130
1121098.7.peg.2164.site.27, 10, 126, 136
1121098.7.peg.2164.site.28, 5, 126, 131
1121098.7.peg.2164.site.29, 17, 125, 142
1121098.7.peg.2165.site.1, 3, 126, 129
1121098.7.peg.2165.site.2, 0, 126, 126
1121098.7.peg.2165.site.3, 0, 125, 125
1121098.7.peg.2165.site.4, 4, 126, 130
1121098.7.peg.2165.site.5, 0, 126, 126
1121098.7.peg.2165.site.6, 30, 125, 155
1121098.7.peg.2165.site.7, 97, 125, 222
1121098.7.peg.2165.site.8, 3, 126, 129
1121098.7.peg.2165.site.9, 55, 126, 181
1121098.7.peg.2165.site.10, 75, 125, 200
1121098.7.peg.2165.site.11, 0, 125, 125
1121098.7.peg.2165.site.12, 10, 125, 135
1121098.7.peg.2165.site.13, 0, 126, 126
1121098.7.peg.2165.site.14, 117, 126, 243
1121098.7.peg.2165.site.15, 0, 125, 125
1121098.7.peg.2165.site.16, 85, 125, 210
1121098.7.peg.2165.site.17, 6, 126, 132
1121098.7.peg.2165.site.18, 76, 125, 201
1121098.7.peg.2165.site.19, 0, 126, 126
1121098.7.peg.2165.site.20, 0, 126, 126
1121098.7.peg.2165.site.21, 0, 126, 126
1121098.7.peg.2165.site.22, 5, 126, 131
1121098.7.peg.3374.site.1, 3, 126, 129
1121098.7.peg.3374.site.2, 12, 126, 138
1121098.7.peg.3374.site.3, 33, 125, 158
1121098.7.peg.3374.site.4, 118, 126, 244
1121098.7.peg.3374.site.5, 0, 126, 126
1121098.7.peg.3374.site.6, 12, 126, 138
1121098.7.peg.3374.site.7, 2, 126, 128
1121098.7.peg.3374.site.8, 0, 126, 126
1121098.7.peg.3374.site.9, 26, 125, 151
1121098.7.peg.3374.site.10, 0, 126, 126
1121098.7.peg.3374.site.11, 0, 126, 126
1121098.7.peg.2167.site.1, 0, 126, 126
1121098.7.peg.2167.site.2, 1, 126, 127
1121098.7.peg.2167.site.3, 7, 126, 133
1121098.7.peg.2167.site.4, 3, 125, 128
1121098.7.peg.2167.site.5, 1, 125, 126
1121098.7.peg.2167.site.6, 6, 126, 132
1121098.7.peg.2167.site.7, 120, 126, 246
1121098.7.peg.2167.site.8, 120, 126, 246
1121098.7.peg.2167.site.9, 7, 126, 133
1121098.7.peg.2167.site.10, 1, 126, 127
1121098.7.peg.2167.site.11, 2, 126, 128
1121098.7.peg.2167.site.12, 1, 126, 127
1121098.7.peg.2167.site.13, 1, 126, 127
1121098.7.peg.2167.site.14, 1, 126, 127
1121098.7.peg.2167.site.15, 8, 125, 133
1121098.7.peg.2167.site.16, 4, 125, 129
1121098.7.peg.2167.site.17, 8, 124, 132
1121098.7.peg.2167.site.18, 1, 126, 127
1121098.7.peg.2167.site.19, 1, 126, 127
1121098.7.peg.2167.site.20, 1, 125, 126
1121098.7.peg.2167.site.21, 2, 126, 128
1121098.7.peg.2167.site.22, 1, 126, 127
1121098.7.peg.2167.site.23, 18, 126, 144
1121098.7.peg.2167.site.24, 0, 126, 126
1121098.7.peg.2167.site.25, 59, 126, 185
1121098.7.peg.2167.site.26, 92, 126, 218
1121098.7.peg.2167.site.27, 1, 124, 125
1121098.7.peg.2167.site.28, 118, 125, 243
1121098.7.peg.2167.site.29, 59, 125, 184
1121098.7.peg.2167.site.30, 1, 126, 127
1121098.7.peg.2167.site.31, 0, 126, 126
1121098.7.peg.2167.site.32, 73, 126, 199
1121098.7.peg.2167.site.33, 0, 126, 126
1121098.7.peg.2167.site.34, 5, 126, 131
1121098.7.peg.2169.site.1, 1, 126, 127
1121098.7.peg.2169.site.2, 30, 125, 155
1121098.7.peg.2169.site.3, 14, 126, 140
1121098.7.peg.2169.site.4, 5, 126, 131
1121098.7.peg.2169.site.5, 3, 126, 129
1121098.7.peg.2169.site.6, 12, 125, 137
1121098.7.peg.2169.site.7, 75, 126, 201
1121098.7.peg.2169.site.8, 72, 126, 198
1121098.7.peg.2169.site.9, 101, 126, 227
1121098.7.peg.3378.site.1, 18, 126, 144
1121098.7.peg.3378.site.2, 56, 126, 182
1121098.7.peg.3378.site.3, 56, 126, 182
1121098.7.peg.3378.site.4, 1, 126, 127
1121098.7.peg.3378.site.5, 54, 126, 180
1121098.7.peg.3378.site.6, 6, 126, 132
1121098.7.peg.3378.site.7, 6, 126, 132
1121098.7.peg.3378.site.8, 99, 126, 225
1121098.7.peg.3378.site.9, 19, 126, 145
1121098.7.peg.3379.site.1, 2, 125, 127
1121098.7.peg.3379.site.2, 69, 125, 194
1121098.7.peg.3379.site.3, 59, 126, 185
1121098.7.peg.3379.site.4, 2, 126, 128
1121098.7.peg.3379.site.5, 2, 126, 128
1121098.7.peg.3379.site.6, 0, 126, 126
1121098.7.peg.3379.site.7, 2, 126, 128
1121098.7.peg.3379.site.8, 4, 125, 129
1121098.7.peg.3379.site.9, 0, 125, 125
1121098.7.peg.3379.site.10, 6, 125, 131
1121098.7.peg.3379.site.11, 1, 125, 126
1121098.7.peg.3063.site.1, 4, 126, 130
1121098.7.peg.3063.site.2, 5, 126, 131
1121098.7.peg.192.site.1, 21, 125, 146
1121098.7.peg.192.site.2, 121, 126, 247
1121098.7.peg.192.site.3, 1, 126, 127
1121098.7.peg.193.site.1, 57, 126, 183
1121098.7.peg.193.site.2, 2, 126, 128
1121098.7.peg.193.site.3, 2, 126, 128
1121098.7.peg.193.site.4, 122, 126, 248
1121098.7.peg.193.site.5, 111, 126, 237
1121098.7.peg.193.site.6, 2, 126, 128
1121098.7.peg.193.site.7, 0, 126, 126
1121098.7.peg.193.site.8, 0, 126, 126
1121098.7.peg.193.site.9, 53, 126, 179
1121098.7.peg.193.site.10, 2, 126, 128
1121098.7.peg.190.site.1, 3, 126, 129
1121098.7.peg.190.site.2, 31, 126, 157
1121098.7.peg.190.site.3, 0, 126, 126
1121098.7.peg.190.site.4, 0, 126, 126
1121098.7.peg.1629.site.1, 0, 126, 126
1121098.7.peg.196.site.1, 2, 126, 128
1121098.7.peg.196.site.2, 0, 126, 126
1121098.7.peg.196.site.3, 0, 126, 126
1121098.7.peg.3060.site.1, 46, 126, 172
1121098.7.peg.3060.site.2, 0, 125, 125
1121098.7.peg.3060.site.3, 54, 125, 179
1121098.7.peg.194.site.1, 13, 125, 138
1121098.7.peg.194.site.2, 0, 126, 126
1121098.7.peg.194.site.3, 0, 126, 126
1121098.7.peg.194.site.4, 9, 125, 134
1121098.7.peg.194.site.5, 0, 126, 126
1121098.7.peg.194.site.6, 1, 126, 127
1121098.7.peg.3418.site.1, 10, 126, 136
1121098.7.peg.3418.site.2, 53, 126, 179
1121098.7.peg.3418.site.3, 1, 125, 126
1121098.7.peg.3418.site.4, 91, 126, 217
1121098.7.peg.3418.site.5, 4, 126, 130
1121098.7.peg.3418.site.6, 2, 126, 128
1121098.7.peg.3418.site.7, 40, 126, 166
1121098.7.peg.3418.site.8, 1, 126, 127
1121098.7.peg.1622.site.1, 0, 126, 126
1121098.7.peg.1622.site.2, 0, 126, 126
1121098.7.peg.1622.site.3, 0, 123, 123
1121098.7.peg.1622.site.4, 99, 125, 224
1121098.7.peg.1622.site.5, 64, 126, 190
1121098.7.peg.1622.site.6, 5, 123, 128
1121098.7.peg.1622.site.7, 55, 123, 178
1121098.7.peg.1622.site.8, 2, 125, 127
1121098.7.peg.1622.site.9, 113, 126, 239
1121098.7.peg.1622.site.10, 78, 126, 204
1121098.7.peg.1622.site.11, 1, 126, 127
1121098.7.peg.1622.site.12, 1, 125, 126
1121098.7.peg.1622.site.13, 1, 125, 126
1121098.7.peg.1622.site.14, 5, 125, 130
1121098.7.peg.1622.site.15, 10, 126, 136
1121098.7.peg.1622.site.16, 38, 122, 160
1121098.7.peg.1622.site.17, 2, 125, 127
1121098.7.peg.1622.site.18, 1, 126, 127
1121098.7.peg.1622.site.19, 3, 126, 129
1121098.7.peg.1622.site.20, 67, 125, 192
1121098.7.peg.1622.site.21, 15, 124, 139
1121098.7.peg.1622.site.22, 1, 125, 126
1121098.7.peg.1622.site.23, 1, 126, 127
1121098.7.peg.1622.site.24, 1, 126, 127
1121098.7.peg.1622.site.25, 1, 126, 127
1121098.7.peg.1622.site.26, 122, 126, 248
1121098.7.peg.1622.site.27, 5, 125, 130
1121098.7.peg.1622.site.28, 3, 125, 128
1121098.7.peg.1622.site.29, 110, 126, 236
1121098.7.peg.1622.site.30, 63, 126, 189
1121098.7.peg.1622.site.31, 4, 126, 130
1121098.7.peg.1622.site.32, 1, 126, 127
1121098.7.peg.1622.site.33, 4, 126, 130
1121098.7.peg.1622.site.34, 4, 126, 130
1121098.7.peg.1622.site.35, 1, 126, 127
1121098.7.peg.1622.site.36, 0, 126, 126
1121098.7.peg.1622.site.37, 0, 125, 125
1121098.7.peg.1622.site.38, 0, 126, 126
1121098.7.peg.1622.site.39, 5, 126, 131
1121098.7.peg.1623.site.1, 1, 125, 126
1121098.7.peg.1623.site.2, 4, 125, 129
1121098.7.peg.1623.site.3, 0, 125, 125
1121098.7.peg.1623.site.4, 3, 125, 128
1121098.7.peg.1623.site.5, 2, 123, 125
1121098.7.peg.1623.site.6, 3, 123, 126
1121098.7.peg.1623.site.7, 61, 123, 184
1121098.7.peg.1623.site.8, 13, 120, 133
1121098.7.peg.1623.site.9, 5, 123, 128
1121098.7.peg.1623.site.10, 53, 120, 173
1121098.7.peg.1623.site.11, 14, 120, 134
1121098.7.peg.1623.site.12, 57, 120, 177
1121098.7.peg.1623.site.13, 62, 122, 184
1121098.7.peg.1623.site.14, 56, 123, 179
1121098.7.peg.1623.site.15, 56, 123, 179
1121098.7.peg.1623.site.16, 2, 123, 125
1121098.7.peg.1623.site.17, 4, 123, 127
1121098.7.peg.1623.site.18, 4, 123, 127
1121098.7.peg.1623.site.19, 2, 124, 126
1121098.7.peg.1623.site.20, 3, 123, 126
1121098.7.peg.1623.site.21, 12, 123, 135
1121098.7.peg.1623.site.22, 0, 126, 126
1121098.7.peg.1623.site.23, 52, 126, 178
1121098.7.peg.1623.site.24, 4, 126, 130
1121098.7.peg.1623.site.25, 6, 126, 132
1121098.7.peg.1623.site.26, 2, 126, 128
1121098.7.peg.1623.site.27, 58, 126, 184
1121098.7.peg.1623.site.28, 57, 126, 183
1121098.7.peg.1623.site.29, 52, 123, 175
1121098.7.peg.1623.site.30, 2, 121, 123
1121098.7.peg.1623.site.31, 2, 121, 123
1121098.7.peg.1623.site.32, 55, 122, 177
1121098.7.peg.1623.site.33, 0, 124, 124
1121098.7.peg.1623.site.34, 5, 123, 128
1121098.7.peg.1623.site.35, 2, 123, 125
1121098.7.peg.1623.site.36, 52, 126, 178
1121098.7.peg.1623.site.37, 4, 126, 130
1121098.7.peg.1623.site.38, 0, 126, 126
1121098.7.peg.1623.site.39, 3, 126, 129
1121098.7.peg.1623.site.40, 54, 124, 178
1121098.7.peg.1623.site.41, 0, 125, 125
1121098.7.peg.1623.site.42, 0, 126, 126
1121098.7.peg.1623.site.43, 2, 126, 128
1121098.7.peg.1623.site.44, 0, 126, 126
1121098.7.peg.1620.site.1, 0, 126, 126
1121098.7.peg.1620.site.2, 0, 126, 126
1121098.7.peg.1620.site.3, 1, 124, 125
1121098.7.peg.1620.site.4, 56, 126, 182
1121098.7.peg.1620.site.5, 98, 125, 223
1121098.7.peg.1620.site.6, 0, 126, 126
1121098.7.peg.1620.site.7, 4, 126, 130
1121098.7.peg.1620.site.8, 0, 125, 125
1121098.7.peg.1620.site.9, 11, 125, 136
1121098.7.peg.1620.site.10, 0, 125, 125
1121098.7.peg.1620.site.11, 2, 126, 128
1121098.7.peg.1620.site.12, 0, 126, 126
1121098.7.peg.1620.site.13, 0, 126, 126
1121098.7.peg.1620.site.14, 1, 126, 127
1121098.7.peg.1620.site.15, 0, 126, 126
1121098.7.peg.1620.site.16, 0, 126, 126
1121098.7.peg.1620.site.17, 12, 126, 138
1121098.7.peg.1620.site.18, 59, 126, 185
1121098.7.peg.1620.site.19, 97, 126, 223
1121098.7.peg.1620.site.20, 0, 126, 126
1121098.7.peg.1620.site.21, 122, 126, 248
1121098.7.peg.1620.site.22, 2, 125, 127
1121098.7.peg.1620.site.23, 3, 124, 127
1121098.7.peg.1620.site.24, 2, 126, 128
1121098.7.peg.1620.site.25, 0, 126, 126
1121098.7.peg.1620.site.26, 0, 126, 126
1121098.7.peg.1620.site.27, 0, 126, 126
1121098.7.peg.1620.site.28, 5, 126, 131
1121098.7.peg.1620.site.29, 0, 126, 126
1121098.7.peg.1620.site.30, 2, 126, 128
1121098.7.peg.1621.site.1, 104, 126, 230
1121098.7.peg.1621.site.2, 6, 126, 132
1121098.7.peg.1621.site.3, 61, 126, 187
1121098.7.peg.1621.site.4, 0, 126, 126
1121098.7.peg.1621.site.5, 6, 126, 132
1121098.7.peg.1621.site.6, 2, 125, 127
1121098.7.peg.1621.site.7, 2, 125, 127
1121098.7.peg.1621.site.8, 54, 126, 180
1121098.7.peg.1621.site.9, 67, 126, 193
1121098.7.peg.1621.site.10, 108, 126, 234
1121098.7.peg.1621.site.11, 0, 126, 126
1121098.7.peg.1621.site.12, 0, 126, 126
1121098.7.peg.1626.site.1, 3, 126, 129
1121098.7.peg.1626.site.2, 0, 126, 126
1121098.7.peg.1626.site.3, 25, 125, 150
1121098.7.peg.1626.site.4, 3, 126, 129
1121098.7.peg.1626.site.5, 0, 125, 125
1121098.7.peg.1626.site.6, 61, 126, 187
1121098.7.peg.1626.site.7, 0, 124, 124
1121098.7.peg.1627.site.1, 0, 126, 126
1121098.7.peg.1627.site.2, 1, 125, 126
1121098.7.peg.1627.site.3, 7, 126, 133
1121098.7.peg.1627.site.4, 0, 126, 126
1121098.7.peg.1627.site.5, 0, 126, 126
1121098.7.peg.1627.site.6, 2, 126, 128
1121098.7.peg.1627.site.7, 18, 126, 144
1121098.7.peg.1627.site.8, 11, 126, 137
1121098.7.peg.1627.site.9, 1, 126, 127
1121098.7.peg.1627.site.10, 0, 126, 126
1121098.7.peg.1627.site.11, 4, 126, 130
1121098.7.peg.1627.site.12, 16, 124, 140
1121098.7.peg.1627.site.13, 12, 124, 136
1121098.7.peg.1627.site.14, 14, 125, 139
1121098.7.peg.1627.site.15, 0, 126, 126
1121098.7.peg.1627.site.16, 87, 125, 212
1121098.7.peg.1624.site.1, 57, 126, 183
1121098.7.peg.1624.site.2, 0, 126, 126
1121098.7.peg.1625.site.1, 0, 126, 126
1121098.7.peg.1625.site.2, 56, 126, 182
1121098.7.peg.1625.site.3, 31, 124, 155
1121098.7.peg.1625.site.4, 78, 125, 203
1121098.7.peg.1625.site.5, 0, 126, 126
1121098.7.peg.1625.site.6, 2, 126, 128
1121098.7.peg.1625.site.7, 0, 126, 126
1121098.7.peg.1625.site.8, 2, 126, 128
1121098.7.peg.1625.site.9, 12, 126, 138
1121098.7.peg.1625.site.10, 0, 126, 126
1121098.7.peg.1625.site.11, 2, 126, 128
1121098.7.peg.1625.site.12, 1, 126, 127
1121098.7.peg.1625.site.13, 0, 126, 126
1121098.7.peg.1625.site.14, 1, 125, 126
1121098.7.peg.1625.site.15, 122, 126, 248
1121098.7.peg.202.site.1, 0, 125, 125
1121098.7.peg.203.site.1, 0, 126, 126
1121098.7.peg.203.site.2, 4, 126, 130
1121098.7.peg.203.site.3, 4, 125, 129
1121098.7.peg.203.site.4, 6, 124, 130
1121098.7.peg.203.site.5, 2, 126, 128
1121098.7.peg.203.site.6, 0, 125, 125
1121098.7.peg.200.site.1, 1, 122, 123
1121098.7.peg.200.site.2, 7, 125, 132
1121098.7.peg.200.site.3, 0, 126, 126
1121098.7.peg.200.site.4, 2, 126, 128
1121098.7.peg.200.site.5, 0, 126, 126
1121098.7.peg.200.site.6, 1, 126, 127
1121098.7.peg.200.site.7, 0, 126, 126
1121098.7.peg.200.site.8, 0, 126, 126
1121098.7.peg.201.site.1, 24, 125, 149
1121098.7.peg.201.site.2, 1, 126, 127
1121098.7.peg.201.site.3, 122, 126, 248
1121098.7.peg.201.site.4, 16, 125, 141
1121098.7.peg.201.site.5, 118, 126, 244
1121098.7.peg.206.site.1, 13, 124, 137
1121098.7.peg.206.site.2, 3, 126, 129
1121098.7.peg.206.site.3, 22, 126, 148
1121098.7.peg.206.site.4, 0, 126, 126
1121098.7.peg.206.site.5, 4, 126, 130
1121098.7.peg.206.site.6, 4, 126, 130
1121098.7.peg.206.site.7, 4, 126, 130
1121098.7.peg.206.site.8, 4, 126, 130
1121098.7.peg.206.site.9, 6, 125, 131
1121098.7.peg.206.site.10, 17, 125, 142
1121098.7.peg.206.site.11, 1, 125, 126
1121098.7.peg.206.site.12, 100, 118, 218
1121098.7.peg.206.site.13, 14, 38, 52
1121098.7.peg.206.site.14, 9, 38, 47
1121098.7.peg.206.site.15, 61, 117, 178
1121098.7.peg.206.site.16, 90, 115, 205
1121098.7.peg.206.site.17, 97, 122, 219
1121098.7.peg.206.site.18, 0, 126, 126
1121098.7.peg.206.site.19, 12, 126, 138
1121098.7.peg.206.site.20, 12, 126, 138
1121098.7.peg.206.site.21, 12, 126, 138
1121098.7.peg.207.site.1, 1, 124, 125
1121098.7.peg.207.site.2, 8, 125, 133
1121098.7.peg.207.site.3, 33, 126, 159
1121098.7.peg.207.site.4, 0, 125, 125
1121098.7.peg.207.site.5, 3, 126, 129
1121098.7.peg.207.site.6, 1, 126, 127
1121098.7.peg.207.site.7, 50, 126, 176
1121098.7.peg.207.site.8, 7, 125, 132
1121098.7.peg.207.site.9, 0, 126, 126
1121098.7.peg.207.site.10, 63, 125, 188
1121098.7.peg.207.site.11, 16, 72, 88
1121098.7.peg.207.site.12, 4, 91, 95
1121098.7.peg.207.site.13, 3, 104, 107
1121098.7.peg.207.site.14, 2, 115, 117
1121098.7.peg.207.site.15, 0, 124, 124
1121098.7.peg.207.site.16, 6, 126, 132
1121098.7.peg.207.site.17, 0, 126, 126
1121098.7.peg.207.site.18, 4, 125, 129
1121098.7.peg.207.site.19, 2, 126, 128
1121098.7.peg.207.site.20, 1, 126, 127
1121098.7.peg.207.site.21, 1, 126, 127
1121098.7.peg.204.site.1, 0, 126, 126
1121098.7.peg.204.site.2, 4, 126, 130
1121098.7.peg.204.site.3, 119, 124, 243
1121098.7.peg.204.site.4, 59, 126, 185
1121098.7.peg.204.site.5, 3, 126, 129
1121098.7.peg.205.site.1, 5, 126, 131
1121098.7.peg.205.site.2, 43, 125, 168
1121098.7.peg.205.site.3, 55, 126, 181
1121098.7.peg.205.site.4, 0, 126, 126
1121098.7.peg.205.site.5, 108, 126, 234
1121098.7.peg.205.site.6, 1, 123, 124
1121098.7.peg.205.site.7, 0, 123, 123
1121098.7.peg.205.site.8, 0, 122, 122
1121098.7.peg.209.site.1, 0, 126, 126
1121098.7.peg.209.site.2, 0, 126, 126
1121098.7.peg.209.site.3, 0, 126, 126
1121098.7.peg.209.site.4, 52, 126, 178
1121098.7.peg.209.site.5, 56, 126, 182
1121098.7.peg.209.site.6, 56, 126, 182
1121098.7.peg.209.site.7, 1, 126, 127
1121098.7.peg.3385.site.1, 0, 126, 126
1121098.7.peg.3385.site.2, 36, 125, 161
1121098.7.peg.3381.site.1, 53, 125, 178
1121098.7.peg.3381.site.2, 10, 124, 134
1121098.7.peg.3381.site.3, 14, 126, 140
1121098.7.peg.3381.site.4, 14, 126, 140
1121098.7.peg.3381.site.5, 16, 126, 142
1121098.7.peg.3381.site.6, 2, 126, 128
1121098.7.peg.3381.site.7, 6, 126, 132
1121098.7.peg.3381.site.8, 0, 125, 125
1121098.7.peg.3381.site.9, 50, 126, 176
1121098.7.peg.3381.site.10, 2, 126, 128
1121098.7.peg.3381.site.11, 0, 126, 126
1121098.7.peg.3381.site.12, 0, 126, 126
1121098.7.peg.3381.site.13, 21, 125, 146
1121098.7.peg.3381.site.14, 3, 126, 129
1121098.7.peg.3380.site.1, 14, 125, 139
1121098.7.peg.3380.site.2, 1, 126, 127
1121098.7.peg.3380.site.3, 0, 126, 126
1121098.7.peg.3380.site.4, 2, 126, 128
1121098.7.peg.3380.site.5, 1, 126, 127
1121098.7.peg.3380.site.6, 24, 126, 150
1121098.7.peg.3380.site.7, 0, 126, 126
1121098.7.peg.3380.site.8, 11, 125, 136
1121098.7.peg.3380.site.9, 11, 125, 136
1121098.7.peg.3380.site.10, 19, 125, 144
1121098.7.peg.3380.site.11, 2, 126, 128
1121098.7.peg.3380.site.12, 11, 125, 136
1121098.7.peg.3531.site.1, 0, 126, 126
1121098.7.peg.3531.site.2, 14, 126, 140
1121098.7.peg.21.site.1, 52, 126, 178
1121098.7.peg.21.site.2, 110, 126, 236
1121098.7.peg.21.site.3, 5, 126, 131
1121098.7.peg.21.site.4, 80, 126, 206
1121098.7.peg.21.site.5, 1, 125, 126
1121098.7.peg.21.site.6, 18, 126, 144
1121098.7.peg.21.site.7, 1, 126, 127
1121098.7.peg.21.site.8, 10, 126, 136
1121098.7.peg.21.site.9, 0, 126, 126
1121098.7.peg.21.site.10, 23, 125, 148
1121098.7.peg.21.site.11, 122, 126, 248
1121098.7.peg.21.site.12, 0, 125, 125
1121098.7.peg.21.site.13, 0, 126, 126
1121098.7.peg.21.site.14, 0, 125, 125
1121098.7.peg.21.site.15, 0, 126, 126
1121098.7.peg.21.site.16, 0, 126, 126
1121098.7.peg.21.site.17, 55, 124, 179
1121098.7.peg.21.site.18, 110, 126, 236
1121098.7.peg.21.site.19, 55, 125, 180
1121098.7.peg.21.site.20, 50, 126, 176
1121098.7.peg.21.site.21, 55, 126, 181
1121098.7.peg.21.site.22, 14, 125, 139
1121098.7.peg.21.site.23, 34, 125, 159
1121098.7.peg.21.site.24, 0, 126, 126
1121098.7.peg.21.site.25, 9, 125, 134
1121098.7.peg.20.site.1, 121, 126, 247
1121098.7.peg.20.site.2, 1, 126, 127
1121098.7.peg.20.site.3, 1, 126, 127
1121098.7.peg.20.site.4, 3, 126, 129
1121098.7.peg.20.site.5, 52, 125, 177
1121098.7.peg.20.site.6, 3, 126, 129
1121098.7.peg.20.site.7, 1, 126, 127
1121098.7.peg.20.site.8, 14, 126, 140
1121098.7.peg.20.site.9, 22, 125, 147
1121098.7.peg.20.site.10, 0, 126, 126
1121098.7.peg.20.site.11, 0, 125, 125
1121098.7.peg.20.site.12, 0, 126, 126
1121098.7.peg.998.site.1, 21, 115, 136
1121098.7.peg.998.site.2, 57, 117, 174
1121098.7.peg.999.site.1, 122, 126, 248
1121098.7.peg.999.site.2, 0, 125, 125
1121098.7.peg.999.site.3, 5, 125, 130
1121098.7.peg.999.site.4, 2, 126, 128
1121098.7.peg.999.site.5, 1, 126, 127
1121098.7.peg.999.site.6, 0, 126, 126
1121098.7.peg.999.site.7, 2, 126, 128
1121098.7.peg.999.site.8, 12, 125, 137
1121098.7.peg.999.site.9, 2, 126, 128
1121098.7.peg.999.site.10, 98, 126, 224
1121098.7.peg.999.site.11, 2, 126, 128
1121098.7.peg.999.site.12, 1, 126, 127
1121098.7.peg.999.site.13, 0, 126, 126
1121098.7.peg.999.site.14, 2, 125, 127
1121098.7.peg.999.site.15, 18, 125, 143
1121098.7.peg.999.site.16, 0, 126, 126
1121098.7.peg.999.site.17, 14, 125, 139
1121098.7.peg.999.site.18, 56, 125, 181
1121098.7.peg.25.site.1, 0, 126, 126
1121098.7.peg.25.site.2, 6, 124, 130
1121098.7.peg.25.site.3, 1, 126, 127
1121098.7.peg.25.site.4, 103, 125, 228
1121098.7.peg.25.site.5, 0, 126, 126
1121098.7.peg.25.site.6, 0, 126, 126
1121098.7.peg.25.site.7, 0, 126, 126
1121098.7.peg.25.site.8, 7, 126, 133
1121098.7.peg.25.site.9, 14, 125, 139
1121098.7.peg.25.site.10, 57, 126, 183
1121098.7.peg.25.site.11, 69, 126, 195
1121098.7.peg.25.site.12, 5, 126, 131
1121098.7.peg.25.site.13, 76, 126, 202
1121098.7.peg.25.site.14, 85, 126, 211
1121098.7.peg.25.site.15, 0, 126, 126
1121098.7.peg.25.site.16, 109, 126, 235
1121098.7.peg.25.site.17, 109, 126, 235
1121098.7.peg.25.site.18, 28, 126, 154
1121098.7.peg.25.site.19, 2, 126, 128
1121098.7.peg.25.site.20, 7, 126, 133
1121098.7.peg.25.site.21, 110, 126, 236
1121098.7.peg.25.site.22, 0, 126, 126
1121098.7.peg.25.site.23, 14, 125, 139
1121098.7.peg.25.site.24, 86, 126, 212
1121098.7.peg.25.site.25, 4, 126, 130
1121098.7.peg.25.site.26, 0, 126, 126
1121098.7.peg.25.site.27, 13, 126, 139
1121098.7.peg.24.site.1, 3, 126, 129
1121098.7.peg.24.site.2, 17, 122, 139
1121098.7.peg.24.site.3, 0, 125, 125
1121098.7.peg.24.site.4, 0, 126, 126
1121098.7.peg.24.site.5, 0, 123, 123
1121098.7.peg.24.site.6, 1, 125, 126
1121098.7.peg.24.site.7, 1, 125, 126
1121098.7.peg.24.site.8, 16, 122, 138
1121098.7.peg.24.site.9, 17, 124, 141
1121098.7.peg.24.site.10, 99, 126, 225
1121098.7.peg.24.site.11, 122, 126, 248
1121098.7.peg.27.site.1, 2, 126, 128
1121098.7.peg.27.site.2, 1, 125, 126
1121098.7.peg.27.site.3, 6, 126, 132
1121098.7.peg.27.site.4, 103, 126, 229
1121098.7.peg.27.site.5, 7, 126, 133
1121098.7.peg.27.site.6, 0, 126, 126
1121098.7.peg.27.site.7, 2, 126, 128
1121098.7.peg.27.site.8, 100, 125, 225
1121098.7.peg.27.site.9, 0, 126, 126
1121098.7.peg.27.site.10, 0, 126, 126
1121098.7.peg.27.site.11, 12, 126, 138
1121098.7.peg.27.site.12, 68, 126, 194
1121098.7.peg.27.site.13, 17, 126, 143
1121098.7.peg.27.site.14, 0, 126, 126
1121098.7.peg.27.site.15, 64, 125, 189
1121098.7.peg.27.site.16, 15, 125, 140
1121098.7.peg.27.site.17, 112, 126, 238
1121098.7.peg.27.site.18, 65, 126, 191
1121098.7.peg.27.site.19, 0, 126, 126
1121098.7.peg.27.site.20, 0, 126, 126
1121098.7.peg.26.site.1, 1, 126, 127
1121098.7.peg.26.site.2, 0, 126, 126
1121098.7.peg.26.site.3, 8, 126, 134
1121098.7.peg.26.site.4, 5, 126, 131
1121098.7.peg.26.site.5, 0, 126, 126
1121098.7.peg.26.site.6, 2, 126, 128
1121098.7.peg.26.site.7, 0, 126, 126
1121098.7.peg.26.site.8, 107, 126, 233
1121098.7.peg.26.site.9, 53, 126, 179
1121098.7.peg.26.site.10, 95, 126, 221
1121098.7.peg.26.site.11, 81, 125, 206
1121098.7.peg.26.site.12, 0, 126, 126
1121098.7.peg.26.site.13, 56, 126, 182
1121098.7.peg.26.site.14, 61, 126, 187
1121098.7.peg.26.site.15, 29, 125, 154
1121098.7.peg.26.site.16, 3, 126, 129
1121098.7.peg.26.site.17, 60, 126, 186
1121098.7.peg.26.site.18, 8, 126, 134
1121098.7.peg.26.site.19, 4, 126, 130
1121098.7.peg.26.site.20, 0, 126, 126
1121098.7.peg.26.site.21, 0, 126, 126
1121098.7.peg.26.site.22, 0, 124, 124
1121098.7.peg.26.site.23, 88, 126, 214
1121098.7.peg.993.site.1, 0, 125, 125
1121098.7.peg.993.site.2, 0, 125, 125
1121098.7.peg.993.site.3, 0, 126, 126
1121098.7.peg.993.site.4, 3, 125, 128
1121098.7.peg.993.site.5, 44, 126, 170
1121098.7.peg.993.site.6, 3, 126, 129
1121098.7.peg.993.site.7, 3, 126, 129
1121098.7.peg.993.site.8, 0, 124, 124
1121098.7.peg.993.site.9, 22, 124, 146
1121098.7.peg.993.site.10, 25, 126, 151
1121098.7.peg.993.site.11, 0, 125, 125
1121098.7.peg.993.site.12, 0, 125, 125
1121098.7.peg.993.site.13, 1, 126, 127
1121098.7.peg.993.site.14, 1, 125, 126
1121098.7.peg.993.site.15, 3, 118, 121
1121098.7.peg.993.site.16, 0, 124, 124
1121098.7.peg.993.site.17, 1, 125, 126
1121098.7.peg.993.site.18, 6, 126, 132
1121098.7.peg.996.site.1, 17, 117, 134
1121098.7.peg.997.site.1, 111, 115, 226
1121098.7.peg.994.site.1, 4, 126, 130
1121098.7.peg.994.site.2, 0, 126, 126
1121098.7.peg.994.site.3, 0, 126, 126
1121098.7.peg.994.site.4, 7, 125, 132
1121098.7.peg.4369.site.1, 22, 121, 143
1121098.7.peg.4369.site.2, 0, 122, 122
1121098.7.peg.4369.site.3, 59, 110, 169
1121098.7.peg.1538.site.1, 3, 126, 129
1121098.7.peg.1538.site.2, 0, 126, 126
1121098.7.peg.1538.site.3, 36, 126, 162
1121098.7.peg.1539.site.1, 0, 126, 126
1121098.7.peg.1539.site.2, 3, 126, 129
1121098.7.peg.1539.site.3, 0, 125, 125
1121098.7.peg.1539.site.4, 11, 126, 137
1121098.7.peg.1539.site.5, 12, 126, 138
1121098.7.peg.1539.site.6, 12, 126, 138
1121098.7.peg.1539.site.7, 70, 126, 196
1121098.7.peg.1539.site.8, 117, 126, 243
1121098.7.peg.1539.site.9, 53, 126, 179
1121098.7.peg.1539.site.10, 4, 126, 130
1121098.7.peg.1539.site.11, 86, 126, 212
1121098.7.peg.1539.site.12, 77, 126, 203
1121098.7.peg.1539.site.13, 53, 126, 179
1121098.7.peg.1539.site.14, 122, 126, 248
1121098.7.peg.1539.site.15, 3, 126, 129
1121098.7.peg.1539.site.16, 0, 126, 126
1121098.7.peg.1539.site.17, 2, 126, 128
1121098.7.peg.1539.site.18, 3, 126, 129
1121098.7.peg.1539.site.19, 5, 126, 131
1121098.7.peg.1536.site.1, 12, 126, 138
1121098.7.peg.1536.site.2, 122, 126, 248
1121098.7.peg.1537.site.1, 9, 126, 135
1121098.7.peg.1537.site.2, 0, 126, 126
1121098.7.peg.1537.site.3, 0, 126, 126
1121098.7.peg.1537.site.4, 0, 126, 126
1121098.7.peg.1537.site.5, 0, 125, 125
1121098.7.peg.1537.site.6, 77, 126, 203
1121098.7.peg.1537.site.7, 0, 126, 126
1121098.7.peg.1537.site.8, 1, 126, 127
1121098.7.peg.1535.site.1, 52, 125, 177
1121098.7.peg.1535.site.2, 0, 125, 125
1121098.7.peg.1535.site.3, 0, 125, 125
1121098.7.peg.1535.site.4, 0, 125, 125
1121098.7.peg.4012.site.1, 2, 125, 127
1121098.7.peg.4012.site.2, 55, 126, 181
1121098.7.peg.4012.site.3, 50, 122, 172
1121098.7.peg.4012.site.4, 58, 125, 183
1121098.7.peg.4012.site.5, 0, 126, 126
1121098.7.peg.4012.site.6, 88, 126, 214
1121098.7.peg.4012.site.7, 0, 126, 126
1121098.7.peg.4012.site.8, 52, 126, 178
1121098.7.peg.4012.site.9, 0, 125, 125
1121098.7.peg.4012.site.10, 54, 126, 180
1121098.7.peg.4012.site.11, 0, 126, 126
1121098.7.peg.4012.site.12, 55, 126, 181
1121098.7.peg.4012.site.13, 2, 126, 128
1121098.7.peg.4012.site.14, 8, 126, 134
1121098.7.peg.4012.site.15, 0, 126, 126
1121098.7.peg.4012.site.16, 3, 126, 129
1121098.7.peg.4012.site.17, 0, 126, 126
1121098.7.peg.4012.site.18, 3, 126, 129
1121098.7.peg.4012.site.19, 2, 126, 128
1121098.7.peg.4012.site.20, 12, 125, 137
1121098.7.peg.4012.site.21, 1, 126, 127
1121098.7.peg.4013.site.1, 0, 126, 126
1121098.7.peg.4013.site.2, 0, 125, 125
1121098.7.peg.4013.site.3, 2, 126, 128
1121098.7.peg.4013.site.4, 0, 126, 126
1121098.7.peg.4013.site.5, 0, 126, 126
1121098.7.peg.4013.site.6, 4, 126, 130
1121098.7.peg.1530.site.1, 0, 125, 125
1121098.7.peg.1530.site.2, 4, 126, 130
1121098.7.peg.1530.site.3, 2, 126, 128
1121098.7.peg.1530.site.4, 63, 125, 188
1121098.7.peg.1530.site.5, 0, 125, 125
1121098.7.peg.4011.site.1, 36, 125, 161
1121098.7.peg.4011.site.2, 36, 125, 161
1121098.7.peg.4011.site.3, 56, 126, 182
1121098.7.peg.4011.site.4, 0, 126, 126
1121098.7.peg.4011.site.5, 0, 126, 126
1121098.7.peg.4027.site.1, 0, 126, 126
1121098.7.peg.4027.site.2, 2, 126, 128
1121098.7.peg.4027.site.3, 4, 125, 129
1121098.7.peg.4027.site.4, 0, 126, 126
1121098.7.peg.4027.site.5, 0, 125, 125
1121098.7.peg.3452.site.1, 11, 125, 136
1121098.7.peg.3452.site.2, 0, 126, 126
1121098.7.peg.3452.site.3, 0, 126, 126
1121098.7.peg.3452.site.4, 0, 126, 126
1121098.7.peg.3452.site.5, 0, 125, 125
1121098.7.peg.3452.site.6, 16, 120, 136
1121098.7.peg.3452.site.7, 0, 126, 126
1121098.7.peg.3452.site.8, 119, 125, 244
1121098.7.peg.3452.site.9, 1, 126, 127
1121098.7.peg.3452.site.10, 8, 126, 134
1121098.7.peg.3452.site.11, 6, 126, 132
1121098.7.peg.3452.site.12, 0, 126, 126
1121098.7.peg.3452.site.13, 116, 126, 242
1121098.7.peg.3452.site.14, 1, 125, 126
1121098.7.peg.3452.site.15, 9, 124, 133
1121098.7.peg.3452.site.16, 4, 125, 129
1121098.7.peg.3485.site.1, 0, 126, 126
1121098.7.peg.3485.site.2, 72, 124, 196
1121098.7.peg.3485.site.3, 0, 126, 126
1121098.7.peg.3485.site.4, 107, 125, 232
1121098.7.peg.1505.site.1, 107, 125, 232
1121098.7.peg.1505.site.2, 2, 126, 128
1121098.7.peg.2946.site.1, 3, 126, 129
1121098.7.peg.2946.site.2, 31, 125, 156
1121098.7.peg.2946.site.3, 0, 126, 126
1121098.7.peg.2946.site.4, 1, 126, 127
1121098.7.peg.2946.site.5, 20, 125, 145
1121098.7.peg.2946.site.6, 0, 126, 126
1121098.7.peg.2946.site.7, 3, 126, 129
1121098.7.peg.2944.site.1, 4, 125, 129
1121098.7.peg.2944.site.2, 12, 126, 138
1121098.7.peg.2944.site.3, 1, 125, 126
1121098.7.peg.2944.site.4, 9, 126, 135
1121098.7.peg.2944.site.5, 1, 125, 126
1121098.7.peg.2944.site.6, 45, 126, 171
1121098.7.peg.2944.site.7, 51, 126, 177
1121098.7.peg.2944.site.8, 15, 126, 141
1121098.7.peg.2944.site.9, 1, 126, 127
1121098.7.peg.2944.site.10, 115, 126, 241
1121098.7.peg.2944.site.11, 3, 126, 129
1121098.7.peg.2944.site.12, 98, 125, 223
1121098.7.peg.2944.site.13, 3, 126, 129
1121098.7.peg.2944.site.14, 0, 126, 126
1121098.7.peg.2944.site.15, 49, 126, 175
1121098.7.peg.2944.site.16, 3, 126, 129
1121098.7.peg.2944.site.17, 3, 126, 129
1121098.7.peg.2944.site.18, 0, 126, 126
1121098.7.peg.2944.site.19, 1, 126, 127
1121098.7.peg.2944.site.20, 4, 126, 130
1121098.7.peg.2944.site.21, 0, 126, 126
1121098.7.peg.2944.site.22, 0, 126, 126
1121098.7.peg.2944.site.23, 0, 126, 126
1121098.7.peg.1504.site.1, 2, 126, 128
1121098.7.peg.1504.site.2, 0, 125, 125
1121098.7.peg.2943.site.1, 0, 112, 112
1121098.7.peg.2943.site.2, 13, 125, 138
1121098.7.peg.2943.site.3, 3, 126, 129
1121098.7.peg.2940.site.1, 115, 126, 241
1121098.7.peg.2940.site.2, 2, 126, 128
1121098.7.peg.2940.site.3, 114, 125, 239
1121098.7.peg.2940.site.4, 0, 126, 126
1121098.7.peg.2941.site.1, 4, 126, 130
1121098.7.peg.2941.site.2, 2, 126, 128
1121098.7.peg.2941.site.3, 1, 126, 127
1121098.7.peg.2941.site.4, 3, 126, 129
1121098.7.peg.2941.site.5, 0, 126, 126
1121098.7.peg.2941.site.6, 4, 126, 130
1121098.7.peg.2941.site.7, 2, 125, 127
1121098.7.peg.2941.site.8, 4, 126, 130
1121098.7.peg.2941.site.9, 3, 125, 128
1121098.7.peg.2941.site.10, 55, 125, 180
1121098.7.peg.2941.site.11, 1, 125, 126
1121098.7.peg.2941.site.12, 4, 126, 130
1121098.7.peg.2941.site.13, 16, 125, 141
1121098.7.peg.2941.site.14, 55, 126, 181
1121098.7.peg.2941.site.15, 0, 126, 126
1121098.7.peg.2941.site.16, 12, 126, 138
1121098.7.peg.2941.site.17, 2, 126, 128
1121098.7.peg.2941.site.18, 0, 126, 126
1121098.7.peg.2941.site.19, 119, 126, 245
1121098.7.peg.2941.site.20, 45, 126, 171
1121098.7.peg.2941.site.21, 56, 126, 182
1121098.7.peg.4023.site.1, 0, 126, 126
1121098.7.peg.4023.site.2, 2, 126, 128
1121098.7.peg.4023.site.3, 58, 126, 184
1121098.7.peg.4023.site.4, 3, 125, 128
1121098.7.peg.4023.site.5, 1, 126, 127
1121098.7.peg.4023.site.6, 0, 126, 126
1121098.7.peg.4023.site.7, 4, 126, 130
1121098.7.peg.4023.site.8, 4, 126, 130
1121098.7.peg.4023.site.9, 4, 126, 130
1121098.7.peg.4023.site.10, 16, 126, 142
1121098.7.peg.4023.site.11, 60, 126, 186
1121098.7.peg.2948.site.1, 0, 126, 126
1121098.7.peg.2948.site.2, 0, 126, 126
1121098.7.peg.2948.site.3, 4, 124, 128
1121098.7.peg.2949.site.1, 0, 126, 126
1121098.7.peg.2949.site.2, 51, 126, 177
1121098.7.peg.2949.site.3, 0, 126, 126
1121098.7.peg.2949.site.4, 0, 126, 126
1121098.7.peg.2949.site.5, 0, 126, 126
1121098.7.peg.2949.site.6, 0, 126, 126
1121098.7.peg.2949.site.7, 4, 126, 130
1121098.7.peg.2949.site.8, 0, 126, 126
1121098.7.peg.2949.site.9, 0, 126, 126
1121098.7.peg.4021.site.1, 0, 126, 126
1121098.7.peg.4122.site.1, 5, 126, 131
1121098.7.peg.4122.site.2, 23, 125, 148
1121098.7.peg.4122.site.3, 119, 125, 244
1121098.7.peg.4122.site.4, 0, 125, 125
1121098.7.peg.4122.site.5, 0, 125, 125
1121098.7.peg.4122.site.6, 0, 126, 126
1121098.7.peg.4122.site.7, 0, 123, 123
1121098.7.peg.4122.site.8, 12, 126, 138
1121098.7.peg.3750.site.1, 7, 126, 133
1121098.7.peg.3750.site.2, 14, 125, 139
1121098.7.peg.3750.site.3, 103, 126, 229
1121098.7.peg.4120.site.1, 6, 126, 132
1121098.7.peg.4120.site.2, 61, 126, 187
1121098.7.peg.4120.site.3, 5, 126, 131
1121098.7.peg.4120.site.4, 52, 126, 178
1121098.7.peg.4120.site.5, 0, 126, 126
1121098.7.peg.4120.site.6, 0, 126, 126
1121098.7.peg.4120.site.7, 0, 126, 126
1121098.7.peg.4126.site.1, 1, 126, 127
1121098.7.peg.4126.site.2, 2, 125, 127
1121098.7.peg.4127.site.1, 21, 125, 146
1121098.7.peg.4127.site.2, 23, 125, 148
1121098.7.peg.4127.site.3, 0, 126, 126
1121098.7.peg.4127.site.4, 0, 126, 126
1121098.7.peg.4127.site.5, 0, 126, 126
1121098.7.peg.4127.site.6, 0, 126, 126
1121098.7.peg.4124.site.1, 2, 125, 127
1121098.7.peg.4124.site.2, 1, 126, 127
1121098.7.peg.3751.site.1, 4, 126, 130
1121098.7.peg.3751.site.2, 4, 126, 130
1121098.7.peg.3751.site.3, 0, 126, 126
1121098.7.peg.3751.site.4, 0, 125, 125
1121098.7.peg.3751.site.5, 0, 126, 126
1121098.7.peg.3752.site.1, 5, 125, 130
1121098.7.peg.3752.site.2, 4, 126, 130
1121098.7.peg.3752.site.3, 0, 126, 126
1121098.7.peg.3752.site.4, 0, 126, 126
1121098.7.peg.3752.site.5, 0, 126, 126
1121098.7.peg.3752.site.6, 2, 126, 128
1121098.7.peg.3752.site.7, 0, 126, 126
1121098.7.peg.3753.site.1, 65, 126, 191
1121098.7.peg.3753.site.2, 64, 126, 190
1121098.7.peg.3753.site.3, 64, 126, 190
1121098.7.peg.3753.site.4, 2, 126, 128
1121098.7.peg.3753.site.5, 0, 126, 126
1121098.7.peg.3753.site.6, 0, 126, 126
1121098.7.peg.3753.site.7, 2, 126, 128
1121098.7.peg.3754.site.1, 118, 125, 243
1121098.7.peg.3754.site.2, 0, 125, 125
1121098.7.peg.3754.site.3, 4, 126, 130
1121098.7.peg.3754.site.4, 1, 126, 127
1121098.7.peg.3754.site.5, 60, 126, 186
1121098.7.peg.3754.site.6, 60, 126, 186
1121098.7.peg.3754.site.7, 0, 126, 126
1121098.7.peg.3754.site.8, 3, 126, 129
1121098.7.peg.3754.site.9, 1, 125, 126
1121098.7.peg.3754.site.10, 2, 126, 128
1121098.7.peg.3754.site.11, 61, 126, 187
1121098.7.peg.3754.site.12, 2, 125, 127
1121098.7.peg.3754.site.13, 1, 125, 126
1121098.7.peg.4464.site.1, 0, 115, 115
1121098.7.peg.4464.site.2, 0, 115, 115
1121098.7.peg.4464.site.3, 0, 118, 118
1121098.7.peg.4464.site.4, 0, 113, 113
1121098.7.peg.4464.site.5, 8, 114, 122
1121098.7.peg.4464.site.6, 58, 114, 172
1121098.7.peg.4464.site.7, 0, 118, 118
1121098.7.peg.4464.site.8, 77, 113, 190
1121098.7.peg.1142.site.1, 1, 125, 126
1121098.7.peg.1142.site.2, 79, 125, 204
1121098.7.peg.1142.site.3, 22, 126, 148
1121098.7.peg.1142.site.4, 9, 126, 135
1121098.7.peg.1142.site.5, 14, 126, 140
1121098.7.peg.1142.site.6, 0, 126, 126
1121098.7.peg.1142.site.7, 0, 126, 126
1121098.7.peg.1142.site.8, 0, 126, 126
1121098.7.peg.1142.site.9, 0, 126, 126
1121098.7.peg.1142.site.10, 65, 126, 191
1121098.7.peg.1142.site.11, 19, 126, 145
1121098.7.peg.1142.site.12, 0, 126, 126
1121098.7.peg.1142.site.13, 3, 123, 126
1121098.7.peg.1142.site.14, 0, 126, 126
1121098.7.peg.1142.site.15, 55, 126, 181
1121098.7.peg.1142.site.16, 7, 126, 133
1121098.7.peg.1142.site.17, 1, 126, 127
1121098.7.peg.1142.site.18, 86, 125, 211
1121098.7.peg.1142.site.19, 0, 126, 126
1121098.7.peg.1142.site.20, 0, 125, 125
1121098.7.peg.1142.site.21, 65, 126, 191
1121098.7.peg.1142.site.22, 102, 125, 227
1121098.7.peg.1142.site.23, 4, 126, 130
1121098.7.peg.1142.site.24, 1, 126, 127
1121098.7.peg.1142.site.25, 0, 125, 125
1121098.7.peg.1142.site.26, 0, 74, 74
1121098.7.peg.1142.site.27, 1, 46, 47
1121098.7.peg.1142.site.28, 1, 33, 34
1121098.7.peg.1142.site.29, 3, 15, 18
1121098.7.peg.1142.site.30, 3, 9, 12
1121098.7.peg.1142.site.31, 4, 5, 9
1121098.7.peg.1142.site.32, 4, 7, 11
1121098.7.peg.1141.site.1, 0, 126, 126
1121098.7.peg.1141.site.2, 0, 126, 126
1121098.7.peg.1141.site.3, 0, 126, 126
1121098.7.peg.1141.site.4, 10, 125, 135
1121098.7.peg.1141.site.5, 0, 125, 125
1121098.7.peg.1141.site.6, 3, 125, 128
1121098.7.peg.1141.site.7, 5, 126, 131
1121098.7.peg.1140.site.1, 66, 126, 192
1121098.7.peg.1140.site.2, 20, 125, 145
1121098.7.peg.1140.site.3, 1, 125, 126
1121098.7.peg.1140.site.4, 2, 126, 128
1121098.7.peg.1140.site.5, 57, 126, 183
1121098.7.peg.1140.site.6, 0, 126, 126
1121098.7.peg.4029.site.1, 13, 126, 139
1121098.7.peg.4029.site.2, 0, 126, 126
1121098.7.peg.4029.site.3, 0, 126, 126
1121098.7.peg.3757.site.1, 0, 126, 126
1121098.7.peg.3757.site.2, 88, 125, 213
1121098.7.peg.3757.site.3, 2, 126, 128
1121098.7.peg.3757.site.4, 3, 126, 129
1121098.7.peg.3968.site.1, 122, 126, 248
1121098.7.peg.3968.site.2, 39, 126, 165
1121098.7.peg.3968.site.3, 122, 126, 248
1121098.7.peg.3968.site.4, 9, 126, 135
1121098.7.peg.3968.site.5, 1, 126, 127
1121098.7.peg.3968.site.6, 68, 126, 194
1121098.7.peg.3962.site.1, 3, 125, 128
1121098.7.peg.3962.site.2, 0, 126, 126
1121098.7.peg.3962.site.3, 1, 126, 127
1121098.7.peg.3962.site.4, 0, 126, 126
1121098.7.peg.3962.site.5, 3, 126, 129
1121098.7.peg.3962.site.6, 70, 126, 196
1121098.7.peg.3962.site.7, 16, 126, 142
1121098.7.peg.3962.site.8, 16, 126, 142
1121098.7.peg.3962.site.9, 2, 126, 128
1121098.7.peg.3962.site.10, 114, 126, 240
1121098.7.peg.3962.site.11, 4, 126, 130
1121098.7.peg.3962.site.12, 122, 126, 248
1121098.7.peg.3962.site.13, 8, 126, 134
1121098.7.peg.3962.site.14, 2, 126, 128
1121098.7.peg.3962.site.15, 0, 126, 126
1121098.7.peg.3962.site.16, 2, 126, 128
1121098.7.peg.3962.site.17, 2, 126, 128
1121098.7.peg.3961.site.1, 1, 126, 127
1121098.7.peg.3961.site.2, 0, 126, 126
1121098.7.peg.3961.site.3, 12, 126, 138
1121098.7.peg.3961.site.4, 34, 126, 160
1121098.7.peg.3961.site.5, 12, 125, 137
1121098.7.peg.3961.site.6, 3, 126, 129
1121098.7.peg.3961.site.7, 8, 125, 133
1121098.7.peg.3961.site.8, 108, 126, 234
1121098.7.peg.3961.site.9, 31, 124, 155
1121098.7.peg.3961.site.10, 5, 119, 124
1121098.7.peg.3961.site.11, 23, 125, 148
1121098.7.peg.3961.site.12, 121, 125, 246
1121098.7.peg.3869.site.1, 33, 126, 159
1121098.7.peg.3869.site.2, 12, 126, 138
1121098.7.peg.3869.site.3, 11, 126, 137
1121098.7.peg.3869.site.4, 3, 126, 129
1121098.7.peg.3869.site.5, 5, 126, 131
1121098.7.peg.3869.site.6, 1, 126, 127
1121098.7.peg.3869.site.7, 10, 126, 136
1121098.7.peg.3869.site.8, 2, 126, 128
1121098.7.peg.3869.site.9, 6, 126, 132
1121098.7.peg.3869.site.10, 10, 126, 136
1121098.7.peg.3869.site.11, 12, 126, 138
1121098.7.peg.3869.site.12, 0, 126, 126
1121098.7.peg.3869.site.13, 2, 125, 127
1121098.7.peg.3967.site.1, 2, 125, 127
1121098.7.peg.3967.site.2, 0, 125, 125
1121098.7.peg.3967.site.3, 5, 126, 131
1121098.7.peg.3967.site.4, 5, 126, 131
1121098.7.peg.3967.site.5, 5, 126, 131
1121098.7.peg.3967.site.6, 1, 126, 127
1121098.7.peg.3967.site.7, 7, 126, 133
1121098.7.peg.3967.site.8, 0, 126, 126
1121098.7.peg.3967.site.9, 1, 126, 127
1121098.7.peg.3967.site.10, 1, 126, 127
1121098.7.peg.3966.site.1, 121, 125, 246
1121098.7.peg.3966.site.2, 92, 125, 217
1121098.7.peg.3966.site.3, 122, 126, 248
1121098.7.peg.3966.site.4, 6, 125, 131
1121098.7.peg.3966.site.5, 0, 126, 126
1121098.7.peg.3966.site.6, 0, 126, 126
1121098.7.peg.3966.site.7, 1, 126, 127
1121098.7.peg.3966.site.8, 0, 126, 126
1121098.7.peg.3966.site.9, 5, 126, 131
1121098.7.peg.3966.site.10, 0, 126, 126
1121098.7.peg.3966.site.11, 10, 126, 136
1121098.7.peg.3966.site.12, 0, 126, 126
1121098.7.peg.3965.site.1, 8, 124, 132
1121098.7.peg.3965.site.2, 1, 124, 125
1121098.7.peg.3965.site.3, 75, 124, 199
1121098.7.peg.3965.site.4, 45, 124, 169
1121098.7.peg.3965.site.5, 61, 124, 185
1121098.7.peg.3965.site.6, 0, 124, 124
1121098.7.peg.3965.site.7, 20, 122, 142
1121098.7.peg.3965.site.8, 4, 123, 127
1121098.7.peg.3965.site.9, 5, 124, 129
1121098.7.peg.3965.site.10, 2, 124, 126
1121098.7.peg.3965.site.11, 59, 126, 185
1121098.7.peg.3965.site.12, 1, 126, 127
1121098.7.peg.3965.site.13, 27, 125, 152
1121098.7.peg.3965.site.14, 4, 126, 130
1121098.7.peg.3965.site.15, 0, 126, 126
1121098.7.peg.3965.site.16, 16, 125, 141
1121098.7.peg.3964.site.1, 1, 123, 124
1121098.7.peg.3964.site.2, 10, 124, 134
1121098.7.peg.3964.site.3, 27, 122, 149
1121098.7.peg.3964.site.4, 2, 124, 126
1121098.7.peg.3964.site.5, 1, 124, 125
1121098.7.peg.3964.site.6, 0, 124, 124
1121098.7.peg.2894.site.1, 0, 126, 126
1121098.7.peg.2894.site.2, 24, 126, 150
1121098.7.peg.2894.site.3, 5, 125, 130
1121098.7.peg.2894.site.4, 10, 126, 136
1121098.7.peg.2894.site.5, 58, 125, 183
1121098.7.peg.2894.site.6, 14, 125, 139
1121098.7.peg.2894.site.7, 0, 126, 126
1121098.7.peg.2895.site.1, 1, 126, 127
1121098.7.peg.2895.site.2, 2, 126, 128
1121098.7.peg.2896.site.1, 28, 125, 153
1121098.7.peg.2896.site.2, 0, 126, 126
1121098.7.peg.2896.site.3, 14, 126, 140
1121098.7.peg.2896.site.4, 3, 126, 129
1121098.7.peg.2896.site.5, 4, 126, 130
1121098.7.peg.2897.site.1, 11, 126, 137
1121098.7.peg.2897.site.2, 0, 126, 126
1121098.7.peg.2897.site.3, 64, 126, 190
1121098.7.peg.2897.site.4, 10, 126, 136
1121098.7.peg.2891.site.1, 0, 126, 126
1121098.7.peg.2891.site.2, 0, 126, 126
1121098.7.peg.2891.site.3, 9, 126, 135
1121098.7.peg.2892.site.1, 0, 126, 126
1121098.7.peg.2892.site.2, 0, 126, 126
1121098.7.peg.2892.site.3, 4, 126, 130
1121098.7.peg.2892.site.4, 0, 126, 126
1121098.7.peg.2892.site.5, 1, 124, 125
1121098.7.peg.2892.site.6, 122, 126, 248
1121098.7.peg.2892.site.7, 38, 126, 164
1121098.7.peg.2892.site.8, 0, 126, 126
1121098.7.peg.2892.site.9, 8, 126, 134
1121098.7.peg.2892.site.10, 0, 126, 126
1121098.7.peg.2892.site.11, 34, 125, 159
1121098.7.peg.2892.site.12, 11, 126, 137
1121098.7.peg.2892.site.13, 0, 126, 126
1121098.7.peg.2892.site.14, 9, 126, 135
1121098.7.peg.2892.site.15, 2, 126, 128
1121098.7.peg.2892.site.16, 26, 125, 151
1121098.7.peg.2892.site.17, 0, 126, 126
1121098.7.peg.2892.site.18, 8, 126, 134
1121098.7.peg.2892.site.19, 3, 126, 129
1121098.7.peg.2893.site.1, 12, 126, 138
1121098.7.peg.2893.site.2, 115, 125, 240
1121098.7.peg.4261.site.1, 0, 118, 118
1121098.7.peg.4261.site.2, 34, 118, 152
1121098.7.peg.4261.site.3, 3, 118, 121
1121098.7.peg.4261.site.4, 74, 117, 191
1121098.7.peg.4261.site.5, 75, 112, 187
1121098.7.peg.4261.site.6, 38, 117, 155
1121098.7.peg.4261.site.7, 39, 117, 156
1121098.7.peg.4261.site.8, 20, 116, 136
1121098.7.peg.4261.site.9, 0, 90, 90
1121098.7.peg.4261.site.10, 105, 116, 221
1121098.7.peg.4261.site.11, 4, 115, 119
1121098.7.peg.4261.site.12, 68, 116, 184
1121098.7.peg.4261.site.13, 56, 116, 172
1121098.7.peg.4261.site.14, 48, 118, 166
1121098.7.peg.4261.site.15, 4, 117, 121
1121098.7.peg.4261.site.16, 8, 116, 124
1121098.7.peg.4261.site.17, 13, 116, 129
1121098.7.peg.4261.site.18, 0, 117, 117
1121098.7.peg.4261.site.19, 0, 118, 118
1121098.7.peg.4260.site.1, 5, 115, 120
1121098.7.peg.4260.site.2, 1, 115, 116
1121098.7.peg.2898.site.1, 0, 126, 126
1121098.7.peg.2899.site.1, 0, 126, 126
1121098.7.peg.1030.site.1, 21, 126, 147
1121098.7.peg.1030.site.2, 5, 126, 131
1121098.7.peg.1030.site.3, 14, 125, 139
1121098.7.peg.4394.site.1, 23, 120, 143
1121098.7.peg.4394.site.2, 6, 114, 120
1121098.7.peg.4394.site.3, 4, 122, 126
1121098.7.peg.4394.site.4, 7, 124, 131
1121098.7.peg.4394.site.5, 0, 124, 124
1121098.7.peg.4394.site.6, 1, 125, 126
1121098.7.peg.4394.site.7, 3, 124, 127
1121098.7.peg.4394.site.8, 3, 124, 127
1121098.7.peg.4394.site.9, 121, 125, 246
1121098.7.peg.4394.site.10, 4, 125, 129
1121098.7.peg.4394.site.11, 4, 125, 129
1121098.7.peg.4394.site.12, 8, 125, 133
1121098.7.peg.4394.site.13, 48, 124, 172
1121098.7.peg.4396.site.1, 20, 105, 125
1121098.7.peg.2766.site.1, 0, 107, 107
1121098.7.peg.2766.site.2, 0, 106, 106
1121098.7.peg.2766.site.3, 11, 59, 70
1121098.7.peg.2766.site.4, 7, 117, 124
1121098.7.peg.2766.site.5, 9, 119, 128
1121098.7.peg.2766.site.6, 2, 113, 115
1121098.7.peg.2766.site.7, 2, 114, 116
1121098.7.peg.2766.site.8, 1, 91, 92
1121098.7.peg.2766.site.9, 0, 115, 115
1121098.7.peg.2766.site.10, 0, 110, 110
1121098.7.peg.2766.site.11, 1, 113, 114
1121098.7.peg.2766.site.12, 6, 115, 121
1121098.7.peg.2766.site.13, 0, 116, 116
1121098.7.peg.2766.site.14, 0, 118, 118
1121098.7.peg.2766.site.15, 0, 121, 121
1121098.7.peg.2766.site.16, 0, 119, 119
1121098.7.peg.2766.site.17, 1, 114, 115
1121098.7.peg.2766.site.18, 0, 114, 114
1121098.7.peg.2766.site.19, 5, 91, 96
1121098.7.peg.2766.site.20, 2, 66, 68
1121098.7.peg.2766.site.21, 33, 65, 98
1121098.7.peg.2766.site.22, 5, 78, 83
1121098.7.peg.2766.site.23, 3, 91, 94
1121098.7.peg.2766.site.24, 1, 124, 125
1121098.7.peg.2766.site.25, 1, 123, 124
1121098.7.peg.2766.site.26, 0, 102, 102
1121098.7.peg.2766.site.27, 0, 101, 101
1121098.7.peg.2766.site.28, 1, 63, 64
1121098.7.peg.2766.site.29, 0, 72, 72
1121098.7.peg.2766.site.30, 8, 69, 77
1121098.7.peg.2766.site.31, 0, 124, 124
1121098.7.peg.2766.site.32, 56, 113, 169
1121098.7.peg.2766.site.33, 0, 72, 72
1121098.7.peg.2766.site.34, 0, 73, 73
1121098.7.peg.2766.site.35, 3, 123, 126
1121098.7.peg.2766.site.36, 3, 63, 66
1121098.7.peg.2766.site.37, 0, 122, 122
1121098.7.peg.2766.site.38, 30, 124, 154
1121098.7.peg.2766.site.39, 1, 73, 74
1121098.7.peg.2766.site.40, 8, 58, 66
1121098.7.peg.2766.site.41, 1, 29, 30
1121098.7.peg.2766.site.42, 0, 63, 63
1121098.7.peg.2766.site.43, 32, 81, 113
1121098.7.peg.2766.site.44, 10, 82, 92
1121098.7.peg.2766.site.45, 3, 75, 78
1121098.7.peg.2766.site.46, 35, 71, 106
1121098.7.peg.2766.site.47, 0, 73, 73
1121098.7.peg.2766.site.48, 0, 70, 70
1121098.7.peg.2766.site.49, 2, 102, 104
1121098.7.peg.2766.site.50, 0, 101, 101
1121098.7.peg.2766.site.51, 27, 116, 143
1121098.7.peg.2766.site.52, 0, 124, 124
1121098.7.peg.2766.site.53, 112, 124, 236
1121098.7.peg.2766.site.54, 0, 122, 122
1121098.7.peg.2766.site.55, 25, 65, 90
1121098.7.peg.2766.site.56, 1, 74, 75
1121098.7.peg.2766.site.57, 32, 101, 133
1121098.7.peg.2766.site.58, 0, 112, 112
1121098.7.peg.2766.site.59, 8, 95, 103
1121098.7.peg.4368.site.1, 0, 113, 113
1121098.7.peg.4368.site.2, 0, 117, 117
1121098.7.peg.2762.site.1, 1, 126, 127
1121098.7.peg.2762.site.2, 0, 126, 126
1121098.7.peg.2762.site.3, 57, 126, 183
1121098.7.peg.2762.site.4, 54, 126, 180
1121098.7.peg.2762.site.5, 54, 126, 180
1121098.7.peg.2762.site.6, 24, 126, 150
1121098.7.peg.2762.site.7, 23, 126, 149
1121098.7.peg.2762.site.8, 57, 126, 183
1121098.7.peg.2762.site.9, 0, 126, 126
1121098.7.peg.2762.site.10, 2, 126, 128
1121098.7.peg.2762.site.11, 18, 126, 144
1121098.7.peg.2762.site.12, 1, 125, 126
1121098.7.peg.2762.site.13, 0, 126, 126
1121098.7.peg.2762.site.14, 54, 125, 179
1121098.7.peg.2762.site.15, 53, 125, 178
1121098.7.peg.2762.site.16, 0, 125, 125
1121098.7.peg.2762.site.17, 0, 125, 125
1121098.7.peg.2762.site.18, 29, 126, 155
1121098.7.peg.2762.site.19, 54, 126, 180
1121098.7.peg.2762.site.20, 54, 126, 180
1121098.7.peg.2762.site.21, 1, 126, 127
1121098.7.peg.2762.site.22, 1, 126, 127
1121098.7.peg.2762.site.23, 69, 126, 195
1121098.7.peg.2762.site.24, 1, 126, 127
1121098.7.peg.2762.site.25, 54, 125, 179
1121098.7.peg.2762.site.26, 54, 125, 179
1121098.7.peg.2762.site.27, 54, 125, 179
1121098.7.peg.2760.site.1, 2, 126, 128
1121098.7.peg.2760.site.2, 14, 126, 140
1121098.7.peg.2760.site.3, 7, 126, 133
1121098.7.peg.2761.site.1, 0, 126, 126
1121098.7.peg.2761.site.2, 0, 126, 126
1121098.7.peg.2761.site.3, 0, 126, 126
1121098.7.peg.2424.site.1, 2, 123, 125
1121098.7.peg.2424.site.2, 13, 81, 94
1121098.7.peg.2424.site.3, 1, 26, 27
1121098.7.peg.2427.site.1, 16, 124, 140
1121098.7.peg.2426.site.1, 55, 119, 174
1121098.7.peg.2426.site.2, 0, 119, 119
1121098.7.peg.2426.site.3, 13, 119, 132
1121098.7.peg.2426.site.4, 12, 119, 131
1121098.7.peg.2426.site.5, 0, 119, 119
1121098.7.peg.2426.site.6, 1, 120, 121
1121098.7.peg.2426.site.7, 60, 124, 184
1121098.7.peg.2426.site.8, 103, 124, 227
1121098.7.peg.2426.site.9, 0, 124, 124
1121098.7.peg.2426.site.10, 61, 124, 185
1121098.7.peg.2426.site.11, 0, 124, 124
1121098.7.peg.2426.site.12, 57, 124, 181
1121098.7.peg.2426.site.13, 0, 124, 124
1121098.7.peg.2426.site.14, 0, 124, 124
1121098.7.peg.2421.site.1, 3, 124, 127
1121098.7.peg.2421.site.2, 60, 123, 183
1121098.7.peg.2421.site.3, 2, 123, 125
1121098.7.peg.2421.site.4, 0, 124, 124
1121098.7.peg.2421.site.5, 0, 124, 124
1121098.7.peg.2421.site.6, 3, 124, 127
1121098.7.peg.2421.site.7, 3, 123, 126
1121098.7.peg.2421.site.8, 0, 123, 123
1121098.7.peg.2421.site.9, 3, 124, 127
1121098.7.peg.2421.site.10, 4, 124, 128
1121098.7.peg.2423.site.1, 1, 124, 125
1121098.7.peg.2423.site.2, 1, 124, 125
1121098.7.peg.2423.site.3, 4, 122, 126
1121098.7.peg.2423.site.4, 4, 122, 126
1121098.7.peg.2423.site.5, 0, 124, 124
1121098.7.peg.2423.site.6, 0, 124, 124
1121098.7.peg.2423.site.7, 0, 124, 124
1121098.7.peg.2423.site.8, 1, 124, 125
1121098.7.peg.2423.site.9, 0, 124, 124
1121098.7.peg.2423.site.10, 3, 123, 126
1121098.7.peg.2423.site.11, 2, 123, 125
1121098.7.peg.2423.site.12, 0, 124, 124
1121098.7.peg.2423.site.13, 0, 124, 124
1121098.7.peg.2423.site.14, 36, 123, 159
1121098.7.peg.2423.site.15, 60, 124, 184
1121098.7.peg.2422.site.1, 5, 124, 129
1121098.7.peg.2422.site.2, 0, 124, 124
1121098.7.peg.2422.site.3, 5, 124, 129
1121098.7.peg.2422.site.4, 3, 125, 128
1121098.7.peg.2422.site.5, 0, 125, 125
1121098.7.peg.2422.site.6, 1, 123, 124
1121098.7.peg.2422.site.7, 19, 123, 142
1121098.7.peg.2422.site.8, 34, 124, 158
1121098.7.peg.2422.site.9, 5, 119, 124
1121098.7.peg.2422.site.10, 34, 117, 151
1121098.7.peg.2422.site.11, 29, 119, 148
1121098.7.peg.2422.site.12, 29, 119, 148
1121098.7.peg.2422.site.13, 84, 119, 203
1121098.7.peg.2422.site.14, 36, 120, 156
1121098.7.peg.2422.site.15, 36, 75, 111
1121098.7.peg.2422.site.16, 2, 66, 68
1121098.7.peg.2422.site.17, 3, 64, 67
1121098.7.peg.2422.site.18, 14, 63, 77
1121098.7.peg.2422.site.19, 2, 63, 65
1121098.7.peg.2422.site.20, 3, 64, 67
1121098.7.peg.2422.site.21, 12, 64, 76
1121098.7.peg.2422.site.22, 12, 64, 76
1121098.7.peg.2422.site.23, 4, 63, 67
1121098.7.peg.2422.site.24, 0, 80, 80
1121098.7.peg.2422.site.25, 29, 93, 122
1121098.7.peg.2422.site.26, 34, 118, 152
1121098.7.peg.2422.site.27, 36, 100, 136
1121098.7.peg.2422.site.28, 32, 62, 94
1121098.7.peg.2422.site.29, 45, 75, 120
1121098.7.peg.2422.site.30, 6, 121, 127
1121098.7.peg.2422.site.31, 4, 116, 120
1121098.7.peg.2422.site.32, 3, 116, 119
1121098.7.peg.2422.site.33, 1, 116, 117
1121098.7.peg.2422.site.34, 2, 117, 119
1121098.7.peg.2422.site.35, 7, 121, 128
1121098.7.peg.2422.site.36, 0, 124, 124
1121098.7.peg.2422.site.37, 21, 123, 144
1121098.7.peg.2422.site.38, 1, 124, 125
1121098.7.peg.2422.site.39, 57, 124, 181
1121098.7.peg.2422.site.40, 100, 124, 224
1121098.7.peg.2422.site.41, 0, 122, 122
1121098.7.peg.4489.site.1, 0, 126, 126
1121098.7.peg.4489.site.2, 54, 125, 179
1121098.7.peg.4360.site.1, 2, 126, 128
1121098.7.peg.4360.site.2, 5, 126, 131
1121098.7.peg.4360.site.3, 0, 126, 126
1121098.7.peg.4360.site.4, 0, 126, 126
1121098.7.peg.4360.site.5, 114, 114, 228
1121098.7.peg.4360.site.6, 87, 124, 211
1121098.7.peg.4360.site.7, 0, 126, 126
1121098.7.peg.4360.site.8, 1, 126, 127
1121098.7.peg.4360.site.9, 9, 125, 134
1121098.7.peg.4360.site.10, 3, 125, 128
1121098.7.peg.4360.site.11, 0, 125, 125
1121098.7.peg.4360.site.12, 0, 125, 125
1121098.7.peg.4360.site.13, 13, 126, 139
1121098.7.peg.4360.site.14, 3, 126, 129
1121098.7.peg.4360.site.15, 1, 125, 126
1121098.7.peg.4360.site.16, 0, 117, 117
1121098.7.peg.4360.site.17, 38, 120, 158
1121098.7.peg.4361.site.1, 0, 126, 126
1121098.7.peg.4361.site.2, 109, 126, 235
1121098.7.peg.4361.site.3, 20, 126, 146
1121098.7.peg.4361.site.4, 0, 126, 126
1121098.7.peg.4361.site.5, 4, 126, 130
1121098.7.peg.4361.site.6, 0, 126, 126
1121098.7.peg.4361.site.7, 0, 126, 126
1121098.7.peg.4361.site.8, 17, 126, 143
1121098.7.peg.4361.site.9, 1, 126, 127
1121098.7.peg.4361.site.10, 81, 126, 207
1121098.7.peg.4361.site.11, 58, 126, 184
1121098.7.peg.4362.site.1, 7, 122, 129
1121098.7.peg.4362.site.2, 56, 122, 178
1121098.7.peg.4362.site.3, 62, 126, 188
1121098.7.peg.4362.site.4, 0, 126, 126
1121098.7.peg.4362.site.5, 0, 124, 124
1121098.7.peg.4362.site.6, 2, 125, 127
1121098.7.peg.4362.site.7, 0, 126, 126
1121098.7.peg.4362.site.8, 1, 126, 127
1121098.7.peg.4362.site.9, 59, 126, 185
1121098.7.peg.4362.site.10, 8, 125, 133
1121098.7.peg.4362.site.11, 5, 126, 131
1121098.7.peg.4362.site.12, 90, 124, 214
1121098.7.peg.4362.site.13, 0, 126, 126
1121098.7.peg.4362.site.14, 28, 125, 153
1121098.7.peg.4362.site.15, 6, 125, 131
1121098.7.peg.4362.site.16, 3, 126, 129
1121098.7.peg.4362.site.17, 4, 126, 130
1121098.7.peg.4362.site.18, 0, 125, 125
1121098.7.peg.3149.site.1, 0, 125, 125
1121098.7.peg.3149.site.2, 0, 126, 126
1121098.7.peg.3149.site.3, 10, 126, 136
1121098.7.peg.3149.site.4, 13, 126, 139
1121098.7.peg.3149.site.5, 5, 126, 131
1121098.7.peg.3149.site.6, 0, 126, 126
1121098.7.peg.3149.site.7, 9, 126, 135
1121098.7.peg.3149.site.8, 0, 126, 126
1121098.7.peg.3149.site.9, 0, 126, 126
1121098.7.peg.3149.site.10, 0, 126, 126
1121098.7.peg.3148.site.1, 117, 126, 243
1121098.7.peg.3148.site.2, 7, 126, 133
1121098.7.peg.3148.site.3, 1, 126, 127
1121098.7.peg.3148.site.4, 4, 125, 129
1121098.7.peg.3148.site.5, 0, 126, 126
1121098.7.peg.3148.site.6, 7, 126, 133
1121098.7.peg.3148.site.7, 0, 126, 126
1121098.7.peg.3148.site.8, 0, 126, 126
1121098.7.peg.2399.site.1, 17, 117, 134
1121098.7.peg.2399.site.2, 37, 125, 162
1121098.7.peg.2399.site.3, 94, 124, 218
1121098.7.peg.2399.site.4, 0, 125, 125
1121098.7.peg.2399.site.5, 0, 126, 126
1121098.7.peg.2399.site.6, 4, 126, 130
1121098.7.peg.2399.site.7, 82, 126, 208
1121098.7.peg.2399.site.8, 52, 126, 178
1121098.7.peg.2399.site.9, 2, 126, 128
1121098.7.peg.2399.site.10, 0, 124, 124
1121098.7.peg.2399.site.11, 101, 125, 226
1121098.7.peg.2399.site.12, 12, 125, 137
1121098.7.peg.2399.site.13, 0, 126, 126
1121098.7.peg.2399.site.14, 0, 126, 126
1121098.7.peg.2399.site.15, 2, 126, 128
1121098.7.peg.2399.site.16, 88, 126, 214
1121098.7.peg.2399.site.17, 1, 126, 127
1121098.7.peg.2399.site.18, 0, 126, 126
1121098.7.peg.2399.site.19, 101, 124, 225
1121098.7.peg.2399.site.20, 85, 126, 211
1121098.7.peg.2399.site.21, 1, 125, 126
1121098.7.peg.2398.site.1, 95, 126, 221
1121098.7.peg.2398.site.2, 2, 125, 127
1121098.7.peg.2398.site.3, 3, 126, 129
1121098.7.peg.2398.site.4, 0, 126, 126
1121098.7.peg.2398.site.5, 0, 126, 126
1121098.7.peg.2398.site.6, 58, 125, 183
1121098.7.peg.2398.site.7, 0, 125, 125
1121098.7.peg.2396.site.1, 11, 126, 137
1121098.7.peg.2396.site.2, 121, 125, 246
1121098.7.peg.2396.site.3, 22, 125, 147
1121098.7.peg.2396.site.4, 0, 126, 126
1121098.7.peg.2396.site.5, 96, 125, 221
1121098.7.peg.2396.site.6, 53, 126, 179
1121098.7.peg.2396.site.7, 5, 126, 131
1121098.7.peg.2396.site.8, 17, 126, 143
1121098.7.peg.3143.site.1, 1, 126, 127
1121098.7.peg.3143.site.2, 0, 126, 126
1121098.7.peg.2394.site.1, 53, 126, 179
1121098.7.peg.2394.site.2, 3, 126, 129
1121098.7.peg.2394.site.3, 50, 126, 176
1121098.7.peg.2394.site.4, 14, 126, 140
1121098.7.peg.2394.site.5, 0, 126, 126
1121098.7.peg.2394.site.6, 112, 126, 238
1121098.7.peg.2394.site.7, 0, 124, 124
1121098.7.peg.2393.site.1, 0, 125, 125
1121098.7.peg.2393.site.2, 4, 126, 130
1121098.7.peg.2393.site.3, 110, 126, 236
1121098.7.peg.2393.site.4, 110, 126, 236
1121098.7.peg.2393.site.5, 0, 126, 126
1121098.7.peg.2393.site.6, 4, 125, 129
1121098.7.peg.2393.site.7, 4, 126, 130
1121098.7.peg.2393.site.8, 0, 126, 126
1121098.7.peg.2393.site.9, 0, 125, 125
1121098.7.peg.2393.site.10, 13, 126, 139
1121098.7.peg.2393.site.11, 0, 126, 126
1121098.7.peg.2393.site.12, 81, 125, 206
1121098.7.peg.2393.site.13, 0, 126, 126
1121098.7.peg.2392.site.1, 23, 125, 148
1121098.7.peg.2392.site.2, 15, 126, 141
1121098.7.peg.2392.site.3, 4, 126, 130
1121098.7.peg.2392.site.4, 4, 125, 129
1121098.7.peg.2392.site.5, 122, 126, 248
1121098.7.peg.2392.site.6, 0, 126, 126
1121098.7.peg.2392.site.7, 13, 125, 138
1121098.7.peg.2392.site.8, 0, 124, 124
1121098.7.peg.2392.site.9, 0, 125, 125
1121098.7.peg.2392.site.10, 2, 126, 128
1121098.7.peg.2392.site.11, 3, 126, 129
1121098.7.peg.2392.site.12, 58, 122, 180
1121098.7.peg.2391.site.1, 29, 125, 154
1121098.7.peg.2391.site.2, 58, 126, 184
1121098.7.peg.2391.site.3, 29, 125, 154
1121098.7.peg.2391.site.4, 0, 126, 126
1121098.7.peg.2391.site.5, 120, 125, 245
1121098.7.peg.2391.site.6, 2, 126, 128
1121098.7.peg.2391.site.7, 0, 126, 126
1121098.7.peg.2391.site.8, 40, 124, 164
1121098.7.peg.2391.site.9, 71, 126, 197
1121098.7.peg.3146.site.1, 1, 126, 127
1121098.7.peg.3146.site.2, 106, 125, 231
1121098.7.peg.3146.site.3, 1, 125, 126
1121098.7.peg.1859.site.1, 0, 126, 126
1121098.7.peg.1859.site.2, 0, 125, 125
1121098.7.peg.1859.site.3, 0, 125, 125
1121098.7.peg.1859.site.4, 2, 125, 127
1121098.7.peg.1859.site.5, 14, 124, 138
1121098.7.peg.1858.site.1, 49, 124, 173
1121098.7.peg.1858.site.2, 1, 125, 126
1121098.7.peg.1858.site.3, 1, 126, 127
1121098.7.peg.1858.site.4, 10, 126, 136
1121098.7.peg.1858.site.5, 60, 126, 186
1121098.7.peg.1858.site.6, 1, 126, 127
1121098.7.peg.1858.site.7, 1, 126, 127
1121098.7.peg.1858.site.8, 0, 126, 126
1121098.7.peg.1858.site.9, 0, 125, 125
1121098.7.peg.3389.site.1, 0, 126, 126
1121098.7.peg.3389.site.2, 33, 107, 140
1121098.7.peg.346.site.1, 0, 126, 126
1121098.7.peg.346.site.2, 1, 126, 127
1121098.7.peg.346.site.3, 32, 126, 158
1121098.7.peg.346.site.4, 40, 126, 166
1121098.7.peg.1855.site.1, 2, 125, 127
1121098.7.peg.1855.site.2, 1, 126, 127
1121098.7.peg.1855.site.3, 21, 126, 147
1121098.7.peg.1855.site.4, 5, 126, 131
1121098.7.peg.1855.site.5, 1, 125, 126
1121098.7.peg.1855.site.6, 4, 126, 130
1121098.7.peg.1855.site.7, 0, 126, 126
1121098.7.peg.1855.site.8, 70, 125, 195
1121098.7.peg.1855.site.9, 0, 101, 101
1121098.7.peg.1855.site.10, 0, 124, 124
1121098.7.peg.1855.site.11, 41, 124, 165
1121098.7.peg.1855.site.12, 3, 126, 129
1121098.7.peg.1855.site.13, 63, 126, 189
1121098.7.peg.1855.site.14, 36, 125, 161
1121098.7.peg.1855.site.15, 22, 125, 147
1121098.7.peg.1855.site.16, 7, 125, 132
1121098.7.peg.1855.site.17, 12, 125, 137
1121098.7.peg.1855.site.18, 6, 126, 132
1121098.7.peg.1855.site.19, 27, 125, 152
1121098.7.peg.1854.site.1, 53, 126, 179
1121098.7.peg.1854.site.2, 0, 126, 126
1121098.7.peg.1857.site.1, 0, 124, 124
1121098.7.peg.1857.site.2, 0, 126, 126
1121098.7.peg.1857.site.3, 56, 125, 181
1121098.7.peg.1857.site.4, 2, 124, 126
1121098.7.peg.1857.site.5, 0, 125, 125
1121098.7.peg.1857.site.6, 0, 126, 126
1121098.7.peg.1857.site.7, 1, 126, 127
1121098.7.peg.1857.site.8, 0, 126, 126
1121098.7.peg.1857.site.9, 3, 126, 129
1121098.7.peg.1857.site.10, 2, 125, 127
1121098.7.peg.1857.site.11, 11, 126, 137
1121098.7.peg.1857.site.12, 7, 125, 132
1121098.7.peg.3383.site.1, 1, 125, 126
1121098.7.peg.3383.site.2, 3, 126, 129
1121098.7.peg.3383.site.3, 4, 126, 130
1121098.7.peg.3383.site.4, 58, 125, 183
1121098.7.peg.3383.site.5, 12, 126, 138
1121098.7.peg.3383.site.6, 7, 126, 133
1121098.7.peg.3383.site.7, 91, 126, 217
1121098.7.peg.3383.site.8, 50, 126, 176
1121098.7.peg.3383.site.9, 20, 126, 146
1121098.7.peg.345.site.1, 62, 126, 188
1121098.7.peg.1853.site.1, 1, 125, 126
1121098.7.peg.1853.site.2, 61, 125, 186
1121098.7.peg.1853.site.3, 62, 125, 187
1121098.7.peg.1853.site.4, 0, 126, 126
1121098.7.peg.1852.site.1, 0, 121, 121
1121098.7.peg.1852.site.2, 5, 125, 130
1121098.7.peg.1852.site.3, 104, 126, 230
1121098.7.peg.1852.site.4, 5, 126, 131
1121098.7.peg.1852.site.5, 64, 126, 190
1121098.7.peg.1852.site.6, 1, 126, 127
1121098.7.peg.1852.site.7, 69, 126, 195
1121098.7.peg.1852.site.8, 10, 125, 135
1121098.7.peg.1852.site.9, 0, 126, 126
1121098.7.peg.1852.site.10, 1, 126, 127
1121098.7.peg.344.site.1, 31, 126, 157
1121098.7.peg.344.site.2, 0, 125, 125
1121098.7.peg.344.site.3, 12, 126, 138
1121098.7.peg.344.site.4, 22, 125, 147
1121098.7.peg.344.site.5, 55, 126, 181
1121098.7.peg.343.site.1, 0, 126, 126
1121098.7.peg.343.site.2, 0, 126, 126
1121098.7.peg.343.site.3, 10, 125, 135
1121098.7.peg.343.site.4, 96, 126, 222
1121098.7.peg.343.site.5, 0, 126, 126
1121098.7.peg.343.site.6, 10, 125, 135
1121098.7.peg.343.site.7, 56, 126, 182
1121098.7.peg.343.site.8, 0, 126, 126
1121098.7.peg.343.site.9, 58, 126, 184
1121098.7.peg.343.site.10, 10, 126, 136
1121098.7.peg.343.site.11, 0, 126, 126
1121098.7.peg.343.site.12, 118, 126, 244
1121098.7.peg.343.site.13, 69, 125, 194
1121098.7.peg.343.site.14, 122, 126, 248
1121098.7.peg.343.site.15, 18, 125, 143
1121098.7.peg.343.site.16, 55, 126, 181
1121098.7.peg.343.site.17, 10, 125, 135
1121098.7.peg.2792.site.1, 79, 125, 204
1121098.7.peg.2792.site.2, 0, 126, 126
1121098.7.peg.2792.site.3, 15, 125, 140
1121098.7.peg.2792.site.4, 8, 126, 134
1121098.7.peg.2792.site.5, 6, 126, 132
1121098.7.peg.2792.site.6, 96, 125, 221
1121098.7.peg.2792.site.7, 13, 126, 139
1121098.7.peg.2792.site.8, 7, 126, 133
1121098.7.peg.2792.site.9, 3, 126, 129
1121098.7.peg.2792.site.10, 102, 126, 228
1121098.7.peg.2792.site.11, 3, 126, 129
1121098.7.peg.2792.site.12, 0, 126, 126
1121098.7.peg.341.site.1, 0, 125, 125
1121098.7.peg.341.site.2, 10, 125, 135
1121098.7.peg.341.site.3, 0, 126, 126
1121098.7.peg.341.site.4, 81, 126, 207
1121098.7.peg.341.site.5, 0, 126, 126
1121098.7.peg.341.site.6, 3, 126, 129
1121098.7.peg.341.site.7, 2, 126, 128
1121098.7.peg.341.site.8, 0, 125, 125
1121098.7.peg.341.site.9, 0, 126, 126
1121098.7.peg.341.site.10, 52, 126, 178
1121098.7.peg.341.site.11, 0, 126, 126
1121098.7.peg.341.site.12, 63, 126, 189
1121098.7.peg.341.site.13, 10, 125, 135
1121098.7.peg.341.site.14, 0, 126, 126
1121098.7.peg.341.site.15, 54, 126, 180
1121098.7.peg.341.site.16, 10, 125, 135
1121098.7.peg.3140.site.1, 0, 126, 126
1121098.7.peg.3140.site.2, 8, 126, 134
1121098.7.peg.698.site.1, 54, 125, 179
1121098.7.peg.698.site.2, 0, 126, 126
1121098.7.peg.349.site.1, 0, 123, 123
1121098.7.peg.349.site.2, 1, 125, 126
1121098.7.peg.348.site.1, 0, 125, 125
1121098.7.peg.348.site.2, 10, 125, 135
1121098.7.peg.348.site.3, 3, 126, 129
1121098.7.peg.348.site.4, 122, 126, 248
1121098.7.peg.348.site.5, 64, 126, 190
1121098.7.peg.348.site.6, 0, 126, 126
1121098.7.peg.348.site.7, 0, 125, 125
1121098.7.peg.347.site.1, 0, 123, 123
1121098.7.peg.694.site.1, 17, 126, 143
1121098.7.peg.694.site.2, 1, 126, 127
1121098.7.peg.697.site.1, 0, 126, 126
1121098.7.peg.697.site.2, 0, 126, 126
1121098.7.peg.697.site.3, 116, 126, 242
1121098.7.peg.697.site.4, 59, 126, 185
1121098.7.peg.697.site.5, 66, 126, 192
1121098.7.peg.697.site.6, 121, 126, 247
1121098.7.peg.697.site.7, 7, 126, 133
1121098.7.peg.697.site.8, 37, 124, 161
1121098.7.peg.697.site.9, 0, 126, 126
1121098.7.peg.697.site.10, 0, 125, 125
1121098.7.peg.696.site.1, 0, 125, 125
1121098.7.peg.696.site.2, 0, 126, 126
1121098.7.peg.691.site.1, 1, 123, 124
1121098.7.peg.691.site.2, 8, 124, 132
1121098.7.peg.691.site.3, 0, 125, 125
1121098.7.peg.691.site.4, 0, 126, 126
1121098.7.peg.691.site.5, 0, 126, 126
1121098.7.peg.691.site.6, 1, 125, 126
1121098.7.peg.691.site.7, 0, 126, 126
1121098.7.peg.691.site.8, 0, 122, 122
1121098.7.peg.691.site.9, 0, 126, 126
1121098.7.peg.691.site.10, 0, 126, 126
1121098.7.peg.691.site.11, 1, 126, 127
1121098.7.peg.691.site.12, 109, 125, 234
1121098.7.peg.691.site.13, 19, 126, 145
1121098.7.peg.691.site.14, 1, 126, 127
1121098.7.peg.691.site.15, 0, 126, 126
1121098.7.peg.691.site.16, 0, 126, 126
1121098.7.peg.691.site.17, 114, 123, 237
1121098.7.peg.691.site.18, 0, 126, 126
1121098.7.peg.691.site.19, 4, 126, 130
1121098.7.peg.691.site.20, 0, 126, 126
1121098.7.peg.691.site.21, 4, 126, 130
1121098.7.peg.691.site.22, 0, 126, 126
1121098.7.peg.691.site.23, 0, 126, 126
1121098.7.peg.691.site.24, 0, 126, 126
1121098.7.peg.691.site.25, 65, 126, 191
1121098.7.peg.691.site.26, 4, 126, 130
1121098.7.peg.691.site.27, 14, 126, 140
1121098.7.peg.691.site.28, 10, 126, 136
1121098.7.peg.691.site.29, 0, 126, 126
1121098.7.peg.691.site.30, 22, 125, 147
1121098.7.peg.691.site.31, 8, 126, 134
1121098.7.peg.691.site.32, 0, 126, 126
1121098.7.peg.691.site.33, 12, 125, 137
1121098.7.peg.691.site.34, 0, 126, 126
1121098.7.peg.691.site.35, 1, 126, 127
1121098.7.peg.691.site.36, 2, 126, 128
1121098.7.peg.691.site.37, 3, 126, 129
1121098.7.peg.690.site.1, 3, 125, 128
1121098.7.peg.690.site.2, 2, 126, 128
1121098.7.peg.693.site.1, 69, 125, 194
1121098.7.peg.693.site.2, 1, 126, 127
1121098.7.peg.693.site.3, 21, 125, 146
1121098.7.peg.693.site.4, 54, 125, 179
1121098.7.peg.693.site.5, 121, 125, 246
1121098.7.peg.693.site.6, 0, 125, 125
1121098.7.peg.693.site.7, 24, 126, 150
1121098.7.peg.693.site.8, 11, 125, 136
1121098.7.peg.693.site.9, 0, 126, 126
1121098.7.peg.693.site.10, 103, 126, 229
1121098.7.peg.340.site.1, 61, 126, 187
1121098.7.peg.340.site.2, 1, 126, 127
1121098.7.peg.340.site.3, 3, 126, 129
1121098.7.peg.340.site.4, 10, 125, 135
1121098.7.peg.749.site.1, 0, 115, 115
1121098.7.peg.749.site.2, 0, 125, 125
1121098.7.peg.749.site.3, 52, 125, 177
1121098.7.peg.749.site.4, 1, 126, 127
1121098.7.peg.748.site.1, 2, 52, 54
1121098.7.peg.748.site.2, 0, 74, 74
1121098.7.peg.748.site.3, 0, 87, 87
1121098.7.peg.748.site.4, 0, 118, 118
1121098.7.peg.748.site.5, 0, 123, 123
1121098.7.peg.748.site.6, 0, 126, 126
1121098.7.peg.748.site.7, 0, 125, 125
1121098.7.peg.3567.site.1, 0, 124, 124
1121098.7.peg.3567.site.2, 2, 126, 128
1121098.7.peg.3567.site.3, 3, 126, 129
1121098.7.peg.3567.site.4, 0, 126, 126
1121098.7.peg.3567.site.5, 45, 125, 170
1121098.7.peg.3567.site.6, 36, 126, 162
1121098.7.peg.3567.site.7, 6, 125, 131
1121098.7.peg.3567.site.8, 9, 126, 135
1121098.7.peg.3567.site.9, 4, 124, 128
1121098.7.peg.3567.site.10, 0, 126, 126
1121098.7.peg.3567.site.11, 44, 124, 168
1121098.7.peg.3567.site.12, 1, 126, 127
1121098.7.peg.3567.site.13, 1, 126, 127
1121098.7.peg.3567.site.14, 54, 125, 179
1121098.7.peg.3566.site.1, 8, 126, 134
1121098.7.peg.3566.site.2, 16, 126, 142
1121098.7.peg.3566.site.3, 31, 125, 156
1121098.7.peg.3566.site.4, 1, 126, 127
1121098.7.peg.3565.site.1, 1, 126, 127
1121098.7.peg.3565.site.2, 0, 126, 126
1121098.7.peg.3565.site.3, 112, 125, 237
1121098.7.peg.3565.site.4, 6, 126, 132
1121098.7.peg.3564.site.1, 0, 126, 126
1121098.7.peg.3564.site.2, 57, 124, 181
1121098.7.peg.3564.site.3, 11, 124, 135
1121098.7.peg.3564.site.4, 67, 126, 193
1121098.7.peg.3564.site.5, 0, 126, 126
1121098.7.peg.3564.site.6, 4, 126, 130
1121098.7.peg.3564.site.7, 0, 126, 126
1121098.7.peg.3564.site.8, 0, 126, 126
1121098.7.peg.3564.site.9, 5, 126, 131
1121098.7.peg.3564.site.10, 0, 126, 126
1121098.7.peg.3564.site.11, 12, 126, 138
1121098.7.peg.3564.site.12, 4, 126, 130
1121098.7.peg.3563.site.1, 0, 126, 126
1121098.7.peg.3563.site.2, 3, 126, 129
1121098.7.peg.3563.site.3, 0, 126, 126
1121098.7.peg.3561.site.1, 7, 125, 132
1121098.7.peg.3561.site.2, 1, 124, 125
1121098.7.peg.3561.site.3, 61, 126, 187
1121098.7.peg.3561.site.4, 0, 126, 126
1121098.7.peg.3561.site.5, 0, 125, 125
1121098.7.peg.3561.site.6, 0, 125, 125
1121098.7.peg.3561.site.7, 0, 126, 126
1121098.7.peg.3561.site.8, 1, 126, 127
1121098.7.peg.3561.site.9, 0, 126, 126
1121098.7.peg.3561.site.10, 2, 126, 128
1121098.7.peg.3561.site.11, 4, 126, 130
1121098.7.peg.3561.site.12, 8, 126, 134
1121098.7.peg.3561.site.13, 2, 126, 128
1121098.7.peg.3561.site.14, 8, 126, 134
1121098.7.peg.3561.site.15, 0, 126, 126
1121098.7.peg.3560.site.1, 1, 126, 127
1121098.7.peg.3560.site.2, 5, 126, 131
1121098.7.peg.3569.site.1, 50, 126, 176
1121098.7.peg.3569.site.2, 0, 125, 125
1121098.7.peg.1707.site.1, 0, 126, 126
1121098.7.peg.1707.site.2, 0, 126, 126
1121098.7.peg.1707.site.3, 60, 126, 186
1121098.7.peg.1707.site.4, 0, 126, 126
1121098.7.peg.1707.site.5, 9, 126, 135
1121098.7.peg.1707.site.6, 0, 126, 126
1121098.7.peg.1707.site.7, 59, 126, 185
1121098.7.peg.1707.site.8, 67, 126, 193
1121098.7.peg.1707.site.9, 3, 126, 129
1121098.7.peg.1707.site.10, 6, 125, 131
1121098.7.peg.1707.site.11, 2, 125, 127
1121098.7.peg.1707.site.12, 22, 126, 148
1121098.7.peg.1707.site.13, 0, 126, 126
1121098.7.peg.1707.site.14, 14, 125, 139
1121098.7.peg.1707.site.15, 2, 126, 128
1121098.7.peg.1707.site.16, 8, 125, 133
1121098.7.peg.1707.site.17, 1, 126, 127
1121098.7.peg.1707.site.18, 122, 126, 248
1121098.7.peg.1706.site.1, 62, 126, 188
1121098.7.peg.1706.site.2, 3, 126, 129
1121098.7.peg.1706.site.3, 17, 126, 143
1121098.7.peg.1706.site.4, 0, 126, 126
1121098.7.peg.1706.site.5, 0, 126, 126
1121098.7.peg.1706.site.6, 1, 125, 126
1121098.7.peg.1706.site.7, 60, 126, 186
1121098.7.peg.1706.site.8, 2, 126, 128
1121098.7.peg.1706.site.9, 15, 126, 141
1121098.7.peg.1706.site.10, 0, 126, 126
1121098.7.peg.1706.site.11, 7, 126, 133
1121098.7.peg.1232.site.1, 2, 125, 127
1121098.7.peg.1232.site.2, 10, 126, 136
1121098.7.peg.1232.site.3, 13, 126, 139
1121098.7.peg.1232.site.4, 65, 126, 191
1121098.7.peg.1232.site.5, 65, 126, 191
1121098.7.peg.1232.site.6, 12, 126, 138
1121098.7.peg.1232.site.7, 48, 112, 160
1121098.7.peg.1232.site.8, 22, 83, 105
1121098.7.peg.1232.site.9, 18, 75, 93
1121098.7.peg.1232.site.10, 14, 75, 89
1121098.7.peg.1232.site.11, 49, 112, 161
1121098.7.peg.1232.site.12, 12, 126, 138
1121098.7.peg.4025.site.1, 5, 126, 131
1121098.7.peg.4025.site.2, 0, 126, 126
1121098.7.peg.4025.site.3, 0, 126, 126
1121098.7.peg.4025.site.4, 2, 125, 127
1121098.7.peg.4025.site.5, 10, 126, 136
1121098.7.peg.4025.site.6, 0, 126, 126
1121098.7.peg.4025.site.7, 4, 126, 130
1121098.7.peg.4025.site.8, 11, 126, 137
1121098.7.peg.4025.site.9, 10, 126, 136
1121098.7.peg.4025.site.10, 0, 126, 126
1121098.7.peg.4025.site.11, 28, 125, 153
1121098.7.peg.4025.site.12, 4, 126, 130
1121098.7.peg.4025.site.13, 0, 126, 126
1121098.7.peg.1708.site.1, 0, 126, 126
1121098.7.peg.1708.site.2, 0, 126, 126
1121098.7.peg.1708.site.3, 0, 126, 126
1121098.7.peg.1708.site.4, 53, 126, 179
1121098.7.peg.1708.site.5, 1, 126, 127
1121098.7.peg.1708.site.6, 2, 126, 128
1121098.7.peg.1708.site.7, 10, 125, 135
1121098.7.peg.1708.site.8, 17, 125, 142
1121098.7.peg.1708.site.9, 0, 124, 124
1121098.7.peg.1708.site.10, 0, 126, 126
1121098.7.peg.1708.site.11, 17, 125, 142
1121098.7.peg.1708.site.12, 12, 126, 138
1121098.7.peg.1708.site.13, 6, 126, 132
1121098.7.peg.2371.site.1, 0, 126, 126
1121098.7.peg.2371.site.2, 1, 126, 127
1121098.7.peg.2371.site.3, 115, 125, 240
1121098.7.peg.2371.site.4, 2, 126, 128
1121098.7.peg.2371.site.5, 1, 125, 126
1121098.7.peg.2371.site.6, 1, 126, 127
1121098.7.peg.2371.site.7, 0, 126, 126
1121098.7.peg.2371.site.8, 1, 126, 127
1121098.7.peg.2371.site.9, 3, 126, 129
1121098.7.peg.2371.site.10, 1, 126, 127
1121098.7.peg.2371.site.11, 62, 125, 187
1121098.7.peg.2371.site.12, 22, 126, 148
1121098.7.peg.2371.site.13, 0, 126, 126
1121098.7.peg.2371.site.14, 1, 126, 127
1121098.7.peg.2371.site.15, 0, 126, 126
1121098.7.peg.2371.site.16, 57, 126, 183
1121098.7.peg.2371.site.17, 61, 126, 187
1121098.7.peg.2371.site.18, 112, 125, 237
1121098.7.peg.2371.site.19, 1, 126, 127
1121098.7.peg.2371.site.20, 0, 126, 126
1121098.7.peg.2371.site.21, 69, 125, 194
1121098.7.peg.2371.site.22, 0, 126, 126
1121098.7.peg.2370.site.1, 3, 126, 129
1121098.7.peg.2370.site.2, 24, 125, 149
1121098.7.peg.2370.site.3, 60, 125, 185
1121098.7.peg.2370.site.4, 1, 126, 127
1121098.7.peg.2370.site.5, 4, 126, 130
1121098.7.peg.2370.site.6, 4, 126, 130
1121098.7.peg.2370.site.7, 4, 125, 129
1121098.7.peg.2370.site.8, 95, 126, 221
1121098.7.peg.2370.site.9, 54, 126, 180
1121098.7.peg.2370.site.10, 0, 126, 126
1121098.7.peg.2370.site.11, 8, 126, 134
1121098.7.peg.2370.site.12, 4, 125, 129
1121098.7.peg.2370.site.13, 4, 125, 129
1121098.7.peg.2370.site.14, 8, 126, 134
1121098.7.peg.2370.site.15, 10, 125, 135
1121098.7.peg.2370.site.16, 1, 126, 127
1121098.7.peg.2370.site.17, 0, 125, 125
1121098.7.peg.2370.site.18, 0, 125, 125
1121098.7.peg.2370.site.19, 0, 126, 126
1121098.7.peg.2375.site.1, 0, 120, 120
1121098.7.peg.2375.site.2, 0, 126, 126
1121098.7.peg.2375.site.3, 27, 126, 153
1121098.7.peg.2375.site.4, 3, 126, 129
1121098.7.peg.2375.site.5, 0, 126, 126
1121098.7.peg.2375.site.6, 0, 126, 126
1121098.7.peg.2375.site.7, 1, 126, 127
1121098.7.peg.2376.site.1, 116, 125, 241
1121098.7.peg.2376.site.2, 11, 126, 137
1121098.7.peg.2376.site.3, 0, 124, 124
1121098.7.peg.2376.site.4, 0, 125, 125
1121098.7.peg.2376.site.5, 4, 126, 130
1121098.7.peg.2376.site.6, 0, 126, 126
1121098.7.peg.2376.site.7, 60, 126, 186
1121098.7.peg.2376.site.8, 3, 126, 129
1121098.7.peg.2376.site.9, 97, 126, 223
1121098.7.peg.2376.site.10, 5, 126, 131
1121098.7.peg.2376.site.11, 1, 126, 127
1121098.7.peg.2376.site.12, 0, 126, 126
1121098.7.peg.2376.site.13, 2, 126, 128
1121098.7.peg.2376.site.14, 1, 125, 126
1121098.7.peg.2376.site.15, 29, 126, 155
1121098.7.peg.2376.site.16, 1, 126, 127
1121098.7.peg.2376.site.17, 107, 126, 233
1121098.7.peg.2177.site.1, 0, 126, 126
1121098.7.peg.2177.site.2, 2, 126, 128
1121098.7.peg.2177.site.3, 0, 126, 126
1121098.7.peg.2177.site.4, 12, 126, 138
1121098.7.peg.2177.site.5, 1, 126, 127
1121098.7.peg.2177.site.6, 0, 126, 126
1121098.7.peg.2177.site.7, 7, 126, 133
1121098.7.peg.2177.site.8, 2, 126, 128
1121098.7.peg.2177.site.9, 3, 126, 129
1121098.7.peg.2177.site.10, 9, 126, 135
1121098.7.peg.2177.site.11, 1, 126, 127
1121098.7.peg.2177.site.12, 56, 126, 182
1121098.7.peg.2177.site.13, 7, 126, 133
1121098.7.peg.2177.site.14, 103, 125, 228
1121098.7.peg.3360.site.1, 0, 126, 126
1121098.7.peg.3360.site.2, 52, 126, 178
1121098.7.peg.3360.site.3, 1, 126, 127
1121098.7.peg.3360.site.4, 1, 124, 125
1121098.7.peg.3360.site.5, 3, 125, 128
1121098.7.peg.3360.site.6, 2, 126, 128
1121098.7.peg.3360.site.7, 4, 126, 130
1121098.7.peg.3363.site.1, 4, 126, 130
1121098.7.peg.3363.site.2, 0, 126, 126
1121098.7.peg.3363.site.3, 4, 126, 130
1121098.7.peg.3363.site.4, 4, 126, 130
1121098.7.peg.3363.site.5, 1, 126, 127
1121098.7.peg.3363.site.6, 7, 126, 133
1121098.7.peg.3363.site.7, 60, 125, 185
1121098.7.peg.3363.site.8, 0, 126, 126
1121098.7.peg.3363.site.9, 0, 125, 125
1121098.7.peg.3363.site.10, 53, 126, 179
1121098.7.peg.3363.site.11, 0, 126, 126
1121098.7.peg.3363.site.12, 2, 126, 128
1121098.7.peg.3363.site.13, 5, 126, 131
1121098.7.peg.3363.site.14, 1, 126, 127
1121098.7.peg.3363.site.15, 0, 125, 125
1121098.7.peg.3363.site.16, 105, 125, 230
1121098.7.peg.2174.site.1, 0, 126, 126
1121098.7.peg.2174.site.2, 2, 126, 128
1121098.7.peg.2174.site.3, 56, 126, 182
1121098.7.peg.2174.site.4, 56, 126, 182
1121098.7.peg.2174.site.5, 2, 126, 128
1121098.7.peg.2174.site.6, 19, 126, 145
1121098.7.peg.2174.site.7, 52, 126, 178
1121098.7.peg.2174.site.8, 0, 126, 126
1121098.7.peg.2173.site.1, 4, 126, 130
1121098.7.peg.2173.site.2, 13, 126, 139
1121098.7.peg.2173.site.3, 3, 126, 129
1121098.7.peg.2173.site.4, 1, 126, 127
1121098.7.peg.2173.site.5, 97, 125, 222
1121098.7.peg.2173.site.6, 1, 125, 126
1121098.7.peg.3364.site.1, 0, 126, 126
1121098.7.peg.3364.site.2, 3, 126, 129
1121098.7.peg.3364.site.3, 0, 126, 126
1121098.7.peg.3364.site.4, 7, 126, 133
1121098.7.peg.3364.site.5, 0, 126, 126
1121098.7.peg.3364.site.6, 2, 125, 127
1121098.7.peg.3364.site.7, 13, 126, 139
1121098.7.peg.3364.site.8, 0, 126, 126
1121098.7.peg.3364.site.9, 4, 126, 130
1121098.7.peg.3364.site.10, 1, 126, 127
1121098.7.peg.3364.site.11, 2, 126, 128
1121098.7.peg.3364.site.12, 0, 126, 126
1121098.7.peg.3364.site.13, 0, 126, 126
1121098.7.peg.3364.site.14, 5, 126, 131
1121098.7.peg.3364.site.15, 4, 126, 130
1121098.7.peg.2171.site.1, 1, 126, 127
1121098.7.peg.2171.site.2, 12, 126, 138
1121098.7.peg.2171.site.3, 3, 126, 129
1121098.7.peg.2171.site.4, 0, 126, 126
1121098.7.peg.2171.site.5, 1, 126, 127
1121098.7.peg.2171.site.6, 0, 126, 126
1121098.7.peg.2171.site.7, 1, 126, 127
1121098.7.peg.2171.site.8, 0, 126, 126
1121098.7.peg.2171.site.9, 1, 125, 126
1121098.7.peg.2171.site.10, 5, 125, 130
1121098.7.peg.2171.site.11, 1, 126, 127
1121098.7.peg.3366.site.1, 8, 126, 134
1121098.7.peg.3366.site.2, 4, 126, 130
1121098.7.peg.3366.site.3, 0, 126, 126
1121098.7.peg.3369.site.1, 62, 125, 187
1121098.7.peg.3369.site.2, 0, 126, 126
1121098.7.peg.3369.site.3, 0, 126, 126
1121098.7.peg.3369.site.4, 5, 126, 131
1121098.7.peg.3369.site.5, 4, 126, 130
1121098.7.peg.3369.site.6, 7, 125, 132
1121098.7.peg.3369.site.7, 1, 125, 126
1121098.7.peg.3369.site.8, 1, 126, 127
1121098.7.peg.3369.site.9, 0, 126, 126
1121098.7.peg.3369.site.10, 61, 126, 187
1121098.7.peg.3369.site.11, 1, 126, 127
1121098.7.peg.3369.site.12, 13, 126, 139
1121098.7.peg.3369.site.13, 0, 126, 126
1121098.7.peg.3369.site.14, 1, 126, 127
1121098.7.peg.3369.site.15, 96, 126, 222
1121098.7.peg.3369.site.16, 5, 126, 131
1121098.7.peg.3369.site.17, 1, 126, 127
1121098.7.peg.3369.site.18, 45, 126, 171
1121098.7.peg.3369.site.19, 5, 126, 131
1121098.7.peg.3369.site.20, 1, 126, 127
1121098.7.peg.3368.site.1, 0, 125, 125
1121098.7.peg.3368.site.2, 1, 125, 126
1121098.7.peg.3368.site.3, 114, 126, 240
1121098.7.peg.2179.site.1, 13, 125, 138
1121098.7.peg.2179.site.2, 60, 126, 186
1121098.7.peg.1631.site.1, 0, 125, 125
1121098.7.peg.1631.site.2, 11, 125, 136
1121098.7.peg.1631.site.3, 3, 126, 129
1121098.7.peg.1631.site.4, 50, 126, 176
1121098.7.peg.1630.site.1, 0, 126, 126
1121098.7.peg.1630.site.2, 6, 125, 131
1121098.7.peg.1630.site.3, 8, 126, 134
1121098.7.peg.1630.site.4, 0, 126, 126
1121098.7.peg.1630.site.5, 12, 126, 138
1121098.7.peg.1630.site.6, 4, 126, 130
1121098.7.peg.1630.site.7, 72, 124, 196
1121098.7.peg.1630.site.8, 0, 126, 126
1121098.7.peg.1630.site.9, 1, 126, 127
1121098.7.peg.1630.site.10, 55, 126, 181
1121098.7.peg.1630.site.11, 97, 125, 222
1121098.7.peg.1630.site.12, 64, 126, 190
1121098.7.peg.1630.site.13, 0, 126, 126
1121098.7.peg.1630.site.14, 57, 126, 183
1121098.7.peg.1630.site.15, 0, 126, 126
1121098.7.peg.1630.site.16, 0, 126, 126
1121098.7.peg.1630.site.17, 0, 126, 126
1121098.7.peg.1630.site.18, 3, 126, 129
1121098.7.peg.1633.site.1, 0, 126, 126
1121098.7.peg.1633.site.2, 9, 126, 135
1121098.7.peg.1633.site.3, 1, 125, 126
1121098.7.peg.1633.site.4, 0, 125, 125
1121098.7.peg.1633.site.5, 0, 125, 125
1121098.7.peg.1633.site.6, 90, 125, 215
1121098.7.peg.1633.site.7, 0, 126, 126
1121098.7.peg.1633.site.8, 1, 125, 126
1121098.7.peg.1632.site.1, 0, 126, 126
1121098.7.peg.1632.site.2, 1, 126, 127
1121098.7.peg.1632.site.3, 121, 125, 246
1121098.7.peg.1632.site.4, 6, 126, 132
1121098.7.peg.1632.site.5, 1, 126, 127
1121098.7.peg.1632.site.6, 1, 126, 127
1121098.7.peg.1632.site.7, 0, 126, 126
1121098.7.peg.1632.site.8, 72, 126, 198
1121098.7.peg.1632.site.9, 43, 126, 169
1121098.7.peg.1632.site.10, 24, 126, 150
1121098.7.peg.1632.site.11, 12, 126, 138
1121098.7.peg.1632.site.12, 0, 126, 126
1121098.7.peg.1632.site.13, 0, 126, 126
1121098.7.peg.1632.site.14, 8, 126, 134
1121098.7.peg.1632.site.15, 59, 123, 182
1121098.7.peg.1632.site.16, 0, 126, 126
1121098.7.peg.236.site.1, 0, 126, 126
1121098.7.peg.236.site.2, 63, 126, 189
1121098.7.peg.236.site.3, 3, 126, 129
1121098.7.peg.236.site.4, 1, 126, 127
1121098.7.peg.236.site.5, 0, 126, 126
1121098.7.peg.236.site.6, 52, 126, 178
1121098.7.peg.236.site.7, 96, 126, 222
1121098.7.peg.236.site.8, 0, 126, 126
1121098.7.peg.236.site.9, 52, 126, 178
1121098.7.peg.236.site.10, 0, 126, 126
1121098.7.peg.235.site.1, 80, 125, 205
1121098.7.peg.235.site.2, 1, 125, 126
1121098.7.peg.234.site.1, 1, 126, 127
1121098.7.peg.234.site.2, 0, 122, 122
1121098.7.peg.234.site.3, 39, 124, 163
1121098.7.peg.234.site.4, 1, 125, 126
1121098.7.peg.233.site.1, 5, 125, 130
1121098.7.peg.233.site.2, 1, 125, 126
1121098.7.peg.233.site.3, 0, 126, 126
1121098.7.peg.233.site.4, 53, 126, 179
1121098.7.peg.233.site.5, 0, 126, 126
1121098.7.peg.233.site.6, 4, 126, 130
1121098.7.peg.232.site.1, 0, 126, 126
1121098.7.peg.232.site.2, 1, 126, 127
1121098.7.peg.232.site.3, 0, 126, 126
1121098.7.peg.232.site.4, 17, 126, 143
1121098.7.peg.232.site.5, 3, 126, 129
1121098.7.peg.232.site.6, 0, 126, 126
1121098.7.peg.231.site.1, 7, 126, 133
1121098.7.peg.231.site.2, 65, 126, 191
1121098.7.peg.231.site.3, 0, 126, 126
1121098.7.peg.231.site.4, 4, 126, 130
1121098.7.peg.231.site.5, 0, 126, 126
1121098.7.peg.231.site.6, 4, 126, 130
1121098.7.peg.231.site.7, 7, 125, 132
1121098.7.peg.231.site.8, 3, 126, 129
1121098.7.peg.231.site.9, 0, 126, 126
1121098.7.peg.231.site.10, 65, 126, 191
1121098.7.peg.231.site.11, 0, 125, 125
1121098.7.peg.231.site.12, 64, 125, 189
1121098.7.peg.231.site.13, 64, 126, 190
1121098.7.peg.231.site.14, 1, 126, 127
1121098.7.peg.231.site.15, 0, 126, 126
1121098.7.peg.231.site.16, 0, 126, 126
1121098.7.peg.231.site.17, 1, 126, 127
1121098.7.peg.231.site.18, 0, 126, 126
1121098.7.peg.231.site.19, 0, 126, 126
1121098.7.peg.231.site.20, 0, 126, 126
1121098.7.peg.522.site.1, 9, 126, 135
1121098.7.peg.522.site.2, 92, 126, 218
1121098.7.peg.522.site.3, 1, 126, 127
1121098.7.peg.522.site.4, 0, 126, 126
1121098.7.peg.522.site.5, 0, 126, 126
1121098.7.peg.522.site.6, 9, 126, 135
1121098.7.peg.522.site.7, 0, 126, 126
1121098.7.peg.522.site.8, 31, 126, 157
1121098.7.peg.522.site.9, 0, 125, 125
1121098.7.peg.522.site.10, 0, 126, 126
1121098.7.peg.522.site.11, 4, 126, 130
1121098.7.peg.522.site.12, 0, 126, 126
1121098.7.peg.522.site.13, 2, 126, 128
1121098.7.peg.522.site.14, 19, 125, 144
1121098.7.peg.522.site.15, 3, 126, 129
1121098.7.peg.522.site.16, 52, 126, 178
1121098.7.peg.522.site.17, 6, 126, 132
1121098.7.peg.522.site.18, 0, 126, 126
1121098.7.peg.521.site.1, 4, 125, 129
1121098.7.peg.521.site.2, 2, 126, 128
1121098.7.peg.521.site.3, 53, 126, 179
1121098.7.peg.521.site.4, 2, 126, 128
1121098.7.peg.521.site.5, 8, 126, 134
1121098.7.peg.521.site.6, 26, 125, 151
1121098.7.peg.521.site.7, 0, 125, 125
1121098.7.peg.524.site.1, 0, 126, 126
1121098.7.peg.524.site.2, 2, 126, 128
1121098.7.peg.524.site.3, 30, 125, 155
1121098.7.peg.524.site.4, 0, 126, 126
1121098.7.peg.3776.site.1, 0, 126, 126
1121098.7.peg.3776.site.2, 87, 125, 212
1121098.7.peg.3776.site.3, 55, 126, 181
1121098.7.peg.3776.site.4, 0, 126, 126
1121098.7.peg.3776.site.5, 60, 126, 186
1121098.7.peg.3776.site.6, 64, 126, 190
1121098.7.peg.3776.site.7, 60, 125, 185
1121098.7.peg.3776.site.8, 67, 125, 192
1121098.7.peg.3776.site.9, 54, 126, 180
1121098.7.peg.3776.site.10, 8, 126, 134
1121098.7.peg.3776.site.11, 4, 126, 130
1121098.7.peg.3776.site.12, 3, 125, 128
1121098.7.peg.3776.site.13, 1, 126, 127
1121098.7.peg.3776.site.14, 1, 126, 127
1121098.7.peg.3776.site.15, 51, 126, 177
1121098.7.peg.3776.site.16, 2, 126, 128
1121098.7.peg.3776.site.17, 3, 126, 129
1121098.7.peg.3776.site.18, 12, 126, 138
1121098.7.peg.3776.site.19, 0, 126, 126
1121098.7.peg.3776.site.20, 0, 126, 126
1121098.7.peg.3776.site.21, 4, 123, 127
1121098.7.peg.3776.site.22, 0, 120, 120
1121098.7.peg.3777.site.1, 66, 125, 191
1121098.7.peg.56.site.1, 108, 126, 234
1121098.7.peg.57.site.1, 1, 126, 127
1121098.7.peg.57.site.2, 0, 126, 126
1121098.7.peg.57.site.3, 87, 124, 211
1121098.7.peg.57.site.4, 0, 126, 126
1121098.7.peg.57.site.5, 4, 126, 130
1121098.7.peg.57.site.6, 0, 126, 126
1121098.7.peg.57.site.7, 0, 126, 126
1121098.7.peg.3772.site.1, 92, 125, 217
1121098.7.peg.3772.site.2, 0, 126, 126
1121098.7.peg.3772.site.3, 33, 125, 158
1121098.7.peg.51.site.1, 3, 124, 127
1121098.7.peg.51.site.2, 1, 125, 126
1121098.7.peg.51.site.3, 2, 126, 128
1121098.7.peg.51.site.4, 2, 125, 127
1121098.7.peg.51.site.5, 4, 123, 127
1121098.7.peg.51.site.6, 4, 123, 127
1121098.7.peg.51.site.7, 18, 122, 140
1121098.7.peg.51.site.8, 0, 123, 123
1121098.7.peg.51.site.9, 119, 123, 242
1121098.7.peg.51.site.10, 0, 123, 123
1121098.7.peg.51.site.11, 3, 126, 129
1121098.7.peg.51.site.12, 3, 126, 129
1121098.7.peg.51.site.13, 103, 125, 228
1121098.7.peg.51.site.14, 61, 126, 187
1121098.7.peg.51.site.15, 0, 126, 126
1121098.7.peg.51.site.16, 0, 126, 126
1121098.7.peg.51.site.17, 0, 126, 126
1121098.7.peg.3770.site.1, 0, 125, 125
1121098.7.peg.3770.site.2, 2, 126, 128
1121098.7.peg.3770.site.3, 61, 126, 187
1121098.7.peg.3770.site.4, 0, 126, 126
1121098.7.peg.3770.site.5, 3, 126, 129
1121098.7.peg.3770.site.6, 118, 126, 244
1121098.7.peg.3770.site.7, 4, 126, 130
1121098.7.peg.3770.site.8, 0, 125, 125
1121098.7.peg.53.site.1, 0, 126, 126
1121098.7.peg.53.site.2, 0, 126, 126
1121098.7.peg.53.site.3, 0, 126, 126
1121098.7.peg.53.site.4, 9, 126, 135
1121098.7.peg.53.site.5, 0, 125, 125
1121098.7.peg.53.site.6, 0, 126, 126
1121098.7.peg.53.site.7, 1, 126, 127
1121098.7.peg.3778.site.1, 0, 125, 125
1121098.7.peg.3778.site.2, 3, 125, 128
1121098.7.peg.3778.site.3, 66, 126, 192
1121098.7.peg.3778.site.4, 0, 126, 126
1121098.7.peg.3778.site.5, 0, 125, 125
1121098.7.peg.3778.site.6, 3, 126, 129
1121098.7.peg.3778.site.7, 3, 126, 129
1121098.7.peg.3778.site.8, 3, 126, 129
1121098.7.peg.3778.site.9, 7, 126, 133
1121098.7.peg.3778.site.10, 4, 126, 130
1121098.7.peg.3778.site.11, 16, 124, 140
1121098.7.peg.3778.site.12, 0, 125, 125
1121098.7.peg.3778.site.13, 113, 125, 238
1121098.7.peg.3778.site.14, 3, 126, 129
1121098.7.peg.3778.site.15, 0, 126, 126
1121098.7.peg.3778.site.16, 0, 126, 126
1121098.7.peg.3778.site.17, 32, 126, 158
1121098.7.peg.3779.site.1, 2, 126, 128
1121098.7.peg.3779.site.2, 0, 126, 126
1121098.7.peg.3779.site.3, 52, 126, 178
1121098.7.peg.3779.site.4, 3, 126, 129
1121098.7.peg.3779.site.5, 56, 126, 182
1121098.7.peg.3779.site.6, 94, 126, 220
1121098.7.peg.3779.site.7, 83, 126, 209
1121098.7.peg.3779.site.8, 7, 126, 133
1121098.7.peg.3779.site.9, 13, 126, 139
1121098.7.peg.3779.site.10, 17, 125, 142
1121098.7.peg.3779.site.11, 1, 126, 127
1121098.7.peg.3779.site.12, 0, 126, 126
1121098.7.peg.3779.site.13, 22, 126, 148
1121098.7.peg.3779.site.14, 55, 126, 181
1121098.7.peg.3779.site.15, 7, 126, 133
1121098.7.peg.3779.site.16, 1, 126, 127
1121098.7.peg.2788.site.1, 17, 126, 143
1121098.7.peg.2788.site.2, 0, 126, 126
1121098.7.peg.2788.site.3, 3, 126, 129
1121098.7.peg.2788.site.4, 4, 125, 129
1121098.7.peg.2788.site.5, 19, 125, 144
1121098.7.peg.2788.site.6, 8, 126, 134
1121098.7.peg.2788.site.7, 1, 126, 127
1121098.7.peg.2788.site.8, 4, 126, 130
1121098.7.peg.2788.site.9, 0, 126, 126
1121098.7.peg.2788.site.10, 1, 126, 127
1121098.7.peg.2788.site.11, 0, 126, 126
1121098.7.peg.2788.site.12, 1, 126, 127
1121098.7.peg.2788.site.13, 1, 126, 127
1121098.7.peg.2788.site.14, 0, 126, 126
1121098.7.peg.2788.site.15, 97, 126, 223
1121098.7.peg.2788.site.16, 0, 126, 126
1121098.7.peg.2788.site.17, 21, 125, 146
1121098.7.peg.2788.site.18, 0, 125, 125
1121098.7.peg.2788.site.19, 0, 125, 125
1121098.7.peg.2788.site.20, 20, 126, 146
1121098.7.peg.2788.site.21, 80, 126, 206
1121098.7.peg.2788.site.22, 0, 126, 126
1121098.7.peg.2788.site.23, 0, 126, 126
1121098.7.peg.2788.site.24, 4, 126, 130
1121098.7.peg.2788.site.25, 14, 126, 140
1121098.7.peg.2788.site.26, 0, 126, 126
1121098.7.peg.2788.site.27, 0, 126, 126
1121098.7.peg.2788.site.28, 11, 125, 136
1121098.7.peg.2788.site.29, 4, 126, 130
1121098.7.peg.2788.site.30, 81, 126, 207
1121098.7.peg.2788.site.31, 0, 126, 126
1121098.7.peg.2788.site.32, 0, 125, 125
1121098.7.peg.199.site.1, 0, 126, 126
1121098.7.peg.199.site.2, 0, 126, 126
1121098.7.peg.199.site.3, 108, 126, 234
1121098.7.peg.199.site.4, 59, 126, 185
1121098.7.peg.199.site.5, 122, 126, 248
1121098.7.peg.199.site.6, 58, 126, 184
1121098.7.peg.2705.site.1, 1, 83, 84
1121098.7.peg.2705.site.2, 6, 92, 98
1121098.7.peg.2705.site.3, 0, 108, 108
1121098.7.peg.2705.site.4, 9, 109, 118
1121098.7.peg.2705.site.5, 15, 126, 141
1121098.7.peg.2705.site.6, 7, 124, 131
1121098.7.peg.2705.site.7, 107, 124, 231
1121098.7.peg.2705.site.8, 14, 125, 139
1121098.7.peg.2705.site.9, 13, 124, 137
1121098.7.peg.2705.site.10, 13, 126, 139
1121098.7.peg.2705.site.11, 0, 124, 124
1121098.7.peg.2705.site.12, 1, 125, 126
1121098.7.peg.2705.site.13, 13, 125, 138
1121098.7.peg.2705.site.14, 12, 124, 136
1121098.7.peg.2705.site.15, 10, 122, 132
1121098.7.peg.2705.site.16, 7, 123, 130
1121098.7.peg.2705.site.17, 84, 125, 209
1121098.7.peg.2705.site.18, 71, 125, 196
1121098.7.peg.2705.site.19, 13, 125, 138
1121098.7.peg.2705.site.20, 9, 123, 132
1121098.7.peg.4024.site.1, 0, 125, 125
1121098.7.peg.4024.site.2, 4, 126, 130
1121098.7.peg.4024.site.3, 0, 126, 126
1121098.7.peg.4024.site.4, 2, 126, 128
1121098.7.peg.4024.site.5, 8, 126, 134
1121098.7.peg.4024.site.6, 18, 125, 143
1121098.7.peg.4024.site.7, 0, 126, 126
1121098.7.peg.4024.site.8, 1, 125, 126
1121098.7.peg.4024.site.9, 0, 126, 126
1121098.7.peg.4024.site.10, 0, 126, 126
1121098.7.peg.4024.site.11, 0, 125, 125
1121098.7.peg.4024.site.12, 10, 126, 136
1121098.7.peg.4024.site.13, 27, 125, 152
1121098.7.peg.4024.site.14, 1, 126, 127
1121098.7.peg.4024.site.15, 1, 126, 127
1121098.7.peg.4024.site.16, 113, 124, 237
1121098.7.peg.4024.site.17, 8, 126, 134
1121098.7.peg.4024.site.18, 0, 126, 126
1121098.7.peg.4024.site.19, 0, 126, 126
1121098.7.peg.1529.site.1, 2, 125, 127
1121098.7.peg.1529.site.2, 0, 125, 125
1121098.7.peg.1529.site.3, 0, 125, 125
1121098.7.peg.1529.site.4, 11, 126, 137
1121098.7.peg.1528.site.1, 5, 126, 131
1121098.7.peg.1528.site.2, 0, 126, 126
1121098.7.peg.4005.site.1, 0, 126, 126
1121098.7.peg.4005.site.2, 1, 126, 127
1121098.7.peg.4005.site.3, 5, 126, 131
1121098.7.peg.4005.site.4, 14, 123, 137
1121098.7.peg.4005.site.5, 0, 126, 126
1121098.7.peg.4006.site.1, 28, 126, 154
1121098.7.peg.4006.site.2, 3, 126, 129
1121098.7.peg.4006.site.3, 35, 124, 159
1121098.7.peg.4006.site.4, 0, 126, 126
1121098.7.peg.4006.site.5, 7, 126, 133
1121098.7.peg.4006.site.6, 6, 126, 132
1121098.7.peg.4006.site.7, 2, 126, 128
1121098.7.peg.4006.site.8, 108, 125, 233
1121098.7.peg.4006.site.9, 1, 126, 127
1121098.7.peg.4006.site.10, 3, 126, 129
1121098.7.peg.4006.site.11, 15, 124, 139
1121098.7.peg.4006.site.12, 61, 126, 187
1121098.7.peg.4006.site.13, 1, 126, 127
1121098.7.peg.4006.site.14, 5, 126, 131
1121098.7.peg.4006.site.15, 3, 126, 129
1121098.7.peg.4006.site.16, 0, 126, 126
1121098.7.peg.4006.site.17, 0, 125, 125
1121098.7.peg.4006.site.18, 1, 125, 126
1121098.7.peg.4006.site.19, 61, 125, 186
1121098.7.peg.4006.site.20, 0, 126, 126
1121098.7.peg.4006.site.21, 15, 125, 140
1121098.7.peg.4006.site.22, 0, 126, 126
1121098.7.peg.4006.site.23, 1, 125, 126
1121098.7.peg.4006.site.24, 4, 126, 130
1121098.7.peg.4006.site.25, 0, 126, 126
1121098.7.peg.1521.site.1, 99, 125, 224
1121098.7.peg.1719.site.1, 12, 126, 138
1121098.7.peg.1719.site.2, 2, 126, 128
1121098.7.peg.2955.site.1, 0, 126, 126
1121098.7.peg.2955.site.2, 0, 126, 126
1121098.7.peg.2955.site.3, 8, 126, 134
1121098.7.peg.2955.site.4, 5, 126, 131
1121098.7.peg.2955.site.5, 5, 126, 131
1121098.7.peg.2955.site.6, 1, 126, 127
1121098.7.peg.2955.site.7, 3, 126, 129
1121098.7.peg.2955.site.8, 35, 126, 161
1121098.7.peg.2954.site.1, 0, 126, 126
1121098.7.peg.2954.site.2, 0, 126, 126
1121098.7.peg.2954.site.3, 117, 126, 243
1121098.7.peg.2954.site.4, 122, 126, 248
1121098.7.peg.2954.site.5, 12, 126, 138
1121098.7.peg.2954.site.6, 5, 126, 131
1121098.7.peg.2954.site.7, 74, 125, 199
1121098.7.peg.2954.site.8, 16, 126, 142
1121098.7.peg.2954.site.9, 98, 126, 224
1121098.7.peg.2954.site.10, 16, 126, 142
1121098.7.peg.2954.site.11, 4, 126, 130
1121098.7.peg.2954.site.12, 3, 126, 129
1121098.7.peg.2954.site.13, 12, 126, 138
1121098.7.peg.2954.site.14, 54, 126, 180
1121098.7.peg.2954.site.15, 2, 125, 127
1121098.7.peg.2954.site.16, 0, 126, 126
1121098.7.peg.2954.site.17, 3, 126, 129
1121098.7.peg.2954.site.18, 9, 125, 134
1121098.7.peg.2954.site.19, 114, 125, 239
1121098.7.peg.2957.site.1, 0, 125, 125
1121098.7.peg.2957.site.2, 1, 126, 127
1121098.7.peg.2957.site.3, 11, 126, 137
1121098.7.peg.2957.site.4, 12, 125, 137
1121098.7.peg.2957.site.5, 1, 126, 127
1121098.7.peg.2957.site.6, 0, 126, 126
1121098.7.peg.2957.site.7, 0, 126, 126
1121098.7.peg.2957.site.8, 0, 119, 119
1121098.7.peg.2957.site.9, 49, 114, 163
1121098.7.peg.2957.site.10, 37, 125, 162
1121098.7.peg.2956.site.1, 1, 126, 127
1121098.7.peg.2956.site.2, 57, 126, 183
1121098.7.peg.2956.site.3, 7, 126, 133
1121098.7.peg.2956.site.4, 59, 126, 185
1121098.7.peg.2956.site.5, 70, 126, 196
1121098.7.peg.2956.site.6, 33, 126, 159
1121098.7.peg.2956.site.7, 53, 126, 179
1121098.7.peg.2956.site.8, 0, 126, 126
1121098.7.peg.2956.site.9, 98, 126, 224
1121098.7.peg.2956.site.10, 98, 126, 224
1121098.7.peg.2956.site.11, 14, 126, 140
1121098.7.peg.2956.site.12, 0, 126, 126
1121098.7.peg.2956.site.13, 0, 126, 126
1121098.7.peg.2953.site.1, 51, 125, 176
1121098.7.peg.2953.site.2, 3, 126, 129
1121098.7.peg.2953.site.3, 3, 126, 129
1121098.7.peg.2953.site.4, 17, 125, 142
1121098.7.peg.2953.site.5, 12, 126, 138
1121098.7.peg.2953.site.6, 4, 126, 130
1121098.7.peg.2953.site.7, 18, 126, 144
1121098.7.peg.2953.site.8, 1, 126, 127
1121098.7.peg.2953.site.9, 4, 126, 130
1121098.7.peg.2953.site.10, 1, 126, 127
1121098.7.peg.2953.site.11, 4, 126, 130
1121098.7.peg.2952.site.1, 23, 122, 145
1121098.7.peg.2952.site.2, 24, 124, 148
1121098.7.peg.2952.site.3, 0, 126, 126
1121098.7.peg.2952.site.4, 3, 126, 129
1121098.7.peg.2952.site.5, 53, 126, 179
1121098.7.peg.2952.site.6, 53, 126, 179
1121098.7.peg.2952.site.7, 0, 125, 125
1121098.7.peg.2952.site.8, 22, 124, 146
1121098.7.peg.2952.site.9, 52, 126, 178
1121098.7.peg.2952.site.10, 7, 125, 132
1121098.7.peg.2952.site.11, 1, 126, 127
1121098.7.peg.2952.site.12, 122, 126, 248
1121098.7.peg.2952.site.13, 4, 125, 129
1121098.7.peg.2952.site.14, 76, 125, 201
1121098.7.peg.2952.site.15, 29, 125, 154
1121098.7.peg.2952.site.16, 2, 125, 127
1121098.7.peg.1382.site.1, 126, 126, 252
1121098.7.peg.1382.site.2, 0, 126, 126
1121098.7.peg.1382.site.3, 19, 126, 145
1121098.7.peg.1382.site.4, 0, 126, 126
1121098.7.peg.3743.site.1, 0, 121, 121
1121098.7.peg.3743.site.2, 74, 126, 200
1121098.7.peg.3743.site.3, 0, 126, 126
1121098.7.peg.3743.site.4, 0, 126, 126
1121098.7.peg.3743.site.5, 1, 126, 127
1121098.7.peg.3743.site.6, 2, 126, 128
1121098.7.peg.3743.site.7, 2, 126, 128
1121098.7.peg.3743.site.8, 18, 126, 144
1121098.7.peg.3743.site.9, 0, 124, 124
1121098.7.peg.3743.site.10, 7, 125, 132
1121098.7.peg.3743.site.11, 0, 126, 126
1121098.7.peg.2708.site.1, 43, 125, 168
1121098.7.peg.2708.site.2, 38, 125, 163
1121098.7.peg.2708.site.3, 0, 126, 126
1121098.7.peg.2708.site.4, 7, 125, 132
1121098.7.peg.2708.site.5, 0, 126, 126
1121098.7.peg.2708.site.6, 12, 126, 138
1121098.7.peg.2708.site.7, 98, 125, 223
1121098.7.peg.2708.site.8, 41, 126, 167
1121098.7.peg.2708.site.9, 0, 125, 125
1121098.7.peg.2708.site.10, 50, 126, 176
1121098.7.peg.2708.site.11, 50, 126, 176
1121098.7.peg.2708.site.12, 15, 125, 140
1121098.7.peg.2708.site.13, 15, 126, 141
1121098.7.peg.2708.site.14, 0, 125, 125
1121098.7.peg.2708.site.15, 114, 125, 239
1121098.7.peg.2986.site.1, 2, 125, 127
1121098.7.peg.2986.site.2, 2, 125, 127
1121098.7.peg.2986.site.3, 1, 124, 125
1121098.7.peg.2986.site.4, 1, 124, 125
1121098.7.peg.2986.site.5, 4, 123, 127
1121098.7.peg.2986.site.6, 53, 123, 176
1121098.7.peg.2986.site.7, 7, 123, 130
1121098.7.peg.2986.site.8, 1, 123, 124
1121098.7.peg.2986.site.9, 21, 123, 144
1121098.7.peg.2986.site.10, 0, 123, 123
1121098.7.peg.2986.site.11, 0, 123, 123
1121098.7.peg.2986.site.12, 1, 123, 124
1121098.7.peg.2986.site.13, 1, 124, 125
1121098.7.peg.2986.site.14, 3, 126, 129
1121098.7.peg.2986.site.15, 0, 126, 126
1121098.7.peg.2986.site.16, 3, 126, 129
1121098.7.peg.2986.site.17, 3, 126, 129
1121098.7.peg.2986.site.18, 0, 126, 126
1121098.7.peg.2986.site.19, 0, 126, 126
1121098.7.peg.1451.site.1, 0, 126, 126
1121098.7.peg.1451.site.2, 0, 126, 126
1121098.7.peg.1451.site.3, 51, 126, 177
1121098.7.peg.1451.site.4, 1, 126, 127
1121098.7.peg.1451.site.5, 0, 126, 126
1121098.7.peg.1451.site.6, 51, 126, 177
1121098.7.peg.1451.site.7, 0, 126, 126
1121098.7.peg.1451.site.8, 34, 126, 160
1121098.7.peg.1451.site.9, 60, 126, 186
1121098.7.peg.1451.site.10, 0, 126, 126
1121098.7.peg.1451.site.11, 122, 126, 248
1121098.7.peg.1451.site.12, 0, 126, 126
1121098.7.peg.1453.site.1, 122, 126, 248
1121098.7.peg.1453.site.2, 10, 126, 136
1121098.7.peg.1453.site.3, 1, 126, 127
1121098.7.peg.1453.site.4, 9, 125, 134
1121098.7.peg.1453.site.5, 4, 125, 129
1121098.7.peg.1453.site.6, 0, 126, 126
1121098.7.peg.1453.site.7, 10, 124, 134
1121098.7.peg.1453.site.8, 1, 122, 123
1121098.7.peg.1452.site.1, 91, 125, 216
1121098.7.peg.1452.site.2, 0, 126, 126
1121098.7.peg.1452.site.3, 10, 126, 136
1121098.7.peg.1452.site.4, 0, 126, 126
1121098.7.peg.4136.site.1, 60, 126, 186
1121098.7.peg.4136.site.2, 49, 125, 174
1121098.7.peg.4136.site.3, 44, 126, 170
1121098.7.peg.4136.site.4, 0, 125, 125
1121098.7.peg.4136.site.5, 3, 125, 128
1121098.7.peg.4136.site.6, 3, 126, 129
1121098.7.peg.1459.site.1, 63, 126, 189
1121098.7.peg.1459.site.2, 55, 125, 180
1121098.7.peg.1459.site.3, 55, 126, 181
1121098.7.peg.1459.site.4, 6, 125, 131
1121098.7.peg.1459.site.5, 110, 125, 235
1121098.7.peg.3603.site.1, 1, 121, 122
1121098.7.peg.3603.site.2, 1, 122, 123
1121098.7.peg.3603.site.3, 12, 122, 134
1121098.7.peg.3603.site.4, 2, 122, 124
1121098.7.peg.3603.site.5, 1, 122, 123
1121098.7.peg.3603.site.6, 93, 120, 213
1121098.7.peg.3603.site.7, 16, 122, 138
1121098.7.peg.3603.site.8, 12, 122, 134
1121098.7.peg.3603.site.9, 1, 122, 123
1121098.7.peg.3603.site.10, 1, 122, 123
1121098.7.peg.3603.site.11, 118, 122, 240
1121098.7.peg.3603.site.12, 5, 122, 127
1121098.7.peg.3603.site.13, 1, 122, 123
1121098.7.peg.3600.site.1, 3, 126, 129
1121098.7.peg.3600.site.2, 0, 126, 126
1121098.7.peg.3601.site.1, 0, 125, 125
1121098.7.peg.3601.site.2, 52, 125, 177
1121098.7.peg.3601.site.3, 0, 126, 126
1121098.7.peg.3601.site.4, 6, 126, 132
1121098.7.peg.3601.site.5, 4, 126, 130
1121098.7.peg.3601.site.6, 1, 126, 127
1121098.7.peg.3601.site.7, 64, 126, 190
1121098.7.peg.3601.site.8, 25, 125, 150
1121098.7.peg.3601.site.9, 2, 126, 128
1121098.7.peg.3601.site.10, 7, 125, 132
1121098.7.peg.3601.site.11, 63, 125, 188
1121098.7.peg.3601.site.12, 0, 125, 125
1121098.7.peg.3601.site.13, 53, 124, 177
1121098.7.peg.3601.site.14, 0, 123, 123
1121098.7.peg.3601.site.15, 1, 126, 127
1121098.7.peg.3601.site.16, 8, 126, 134
1121098.7.peg.3601.site.17, 0, 126, 126
1121098.7.peg.3601.site.18, 9, 126, 135
1121098.7.peg.3601.site.19, 9, 126, 135
1121098.7.peg.3601.site.20, 3, 126, 129
1121098.7.peg.3601.site.21, 0, 126, 126
1121098.7.peg.3601.site.22, 8, 126, 134
1121098.7.peg.3601.site.23, 8, 126, 134
1121098.7.peg.3601.site.24, 8, 126, 134
1121098.7.peg.3601.site.25, 122, 126, 248
1121098.7.peg.3606.site.1, 60, 126, 186
1121098.7.peg.3606.site.2, 82, 126, 208
1121098.7.peg.3606.site.3, 5, 126, 131
1121098.7.peg.3606.site.4, 70, 126, 196
1121098.7.peg.3606.site.5, 7, 126, 133
1121098.7.peg.3606.site.6, 53, 126, 179
1121098.7.peg.3606.site.7, 22, 126, 148
1121098.7.peg.3606.site.8, 4, 126, 130
1121098.7.peg.3604.site.1, 2, 122, 124
1121098.7.peg.3604.site.2, 8, 122, 130
1121098.7.peg.3604.site.3, 52, 122, 174
1121098.7.peg.3604.site.4, 1, 122, 123
1121098.7.peg.3604.site.5, 11, 122, 133
1121098.7.peg.3604.site.6, 0, 122, 122
1121098.7.peg.3604.site.7, 9, 122, 131
1121098.7.peg.3604.site.8, 9, 122, 131
1121098.7.peg.3604.site.9, 108, 122, 230
1121098.7.peg.3604.site.10, 32, 121, 153
1121098.7.peg.3604.site.11, 118, 122, 240
1121098.7.peg.3604.site.12, 3, 121, 124
1121098.7.peg.3604.site.13, 22, 121, 143
1121098.7.peg.3604.site.14, 0, 122, 122
1121098.7.peg.3604.site.15, 2, 122, 124
1121098.7.peg.3604.site.16, 3, 122, 125
1121098.7.peg.3604.site.17, 2, 122, 124
1121098.7.peg.3604.site.18, 0, 122, 122
1121098.7.peg.3604.site.19, 2, 122, 124
1121098.7.peg.3604.site.20, 3, 122, 125
1121098.7.peg.3604.site.21, 17, 121, 138
1121098.7.peg.3604.site.22, 1, 121, 122
1121098.7.peg.3604.site.23, 58, 122, 180
1121098.7.peg.3604.site.24, 3, 122, 125
1121098.7.peg.3604.site.25, 15, 121, 136
1121098.7.peg.3604.site.26, 0, 120, 120
1121098.7.peg.3604.site.27, 1, 120, 121
1121098.7.peg.3604.site.28, 2, 120, 122
1121098.7.peg.3604.site.29, 75, 117, 192
1121098.7.peg.3604.site.30, 8, 113, 121
1121098.7.peg.4052.site.1, 24, 126, 150
1121098.7.peg.4052.site.2, 0, 126, 126
1121098.7.peg.4052.site.3, 68, 126, 194
1121098.7.peg.4052.site.4, 0, 126, 126
1121098.7.peg.4052.site.5, 4, 126, 130
1121098.7.peg.4052.site.6, 6, 126, 132
1121098.7.peg.4052.site.7, 4, 126, 130
1121098.7.peg.4052.site.8, 0, 126, 126
1121098.7.peg.4052.site.9, 0, 126, 126
1121098.7.peg.4052.site.10, 105, 126, 231
1121098.7.peg.4052.site.11, 0, 126, 126
1121098.7.peg.4052.site.12, 1, 125, 126
1121098.7.peg.4052.site.13, 64, 125, 189
1121098.7.peg.4052.site.14, 22, 125, 147
1121098.7.peg.4052.site.15, 10, 126, 136
1121098.7.peg.4052.site.16, 60, 126, 186
1121098.7.peg.4052.site.17, 2, 126, 128
1121098.7.peg.4052.site.18, 7, 126, 133
1121098.7.peg.4052.site.19, 0, 126, 126
1121098.7.peg.3918.site.1, 1, 126, 127
1121098.7.peg.3918.site.2, 59, 126, 185
1121098.7.peg.3918.site.3, 1, 126, 127
1121098.7.peg.3918.site.4, 16, 122, 138
1121098.7.peg.3918.site.5, 22, 126, 148
1121098.7.peg.3918.site.6, 0, 126, 126
1121098.7.peg.3918.site.7, 1, 126, 127
1121098.7.peg.3918.site.8, 28, 126, 154
1121098.7.peg.3918.site.9, 2, 126, 128
1121098.7.peg.3918.site.10, 0, 126, 126
1121098.7.peg.3918.site.11, 5, 125, 130
1121098.7.peg.3918.site.12, 11, 126, 137
1121098.7.peg.3918.site.13, 0, 126, 126
1121098.7.peg.3918.site.14, 1, 126, 127
1121098.7.peg.3918.site.15, 22, 126, 148
1121098.7.peg.3918.site.16, 12, 125, 137
1121098.7.peg.3918.site.17, 61, 124, 185
1121098.7.peg.3918.site.18, 61, 125, 186
1121098.7.peg.3918.site.19, 10, 126, 136
1121098.7.peg.3918.site.20, 4, 126, 130
1121098.7.peg.3918.site.21, 4, 126, 130
1121098.7.peg.3918.site.22, 3, 126, 129
1121098.7.peg.3919.site.1, 2, 126, 128
1121098.7.peg.3919.site.2, 126, 126, 252
1121098.7.peg.3919.site.3, 6, 126, 132
1121098.7.peg.3919.site.4, 2, 126, 128
1121098.7.peg.3919.site.5, 101, 125, 226
1121098.7.peg.3919.site.6, 0, 126, 126
1121098.7.peg.3919.site.7, 103, 126, 229
1121098.7.peg.3916.site.1, 19, 125, 144
1121098.7.peg.3916.site.2, 14, 126, 140
1121098.7.peg.3916.site.3, 12, 126, 138
1121098.7.peg.3916.site.4, 12, 126, 138
1121098.7.peg.3916.site.5, 1, 126, 127
1121098.7.peg.3916.site.6, 2, 126, 128
1121098.7.peg.3916.site.7, 0, 126, 126
1121098.7.peg.3916.site.8, 1, 125, 126
1121098.7.peg.3916.site.9, 4, 123, 127
1121098.7.peg.3916.site.10, 64, 126, 190
1121098.7.peg.3916.site.11, 4, 126, 130
1121098.7.peg.3916.site.12, 14, 126, 140
1121098.7.peg.3916.site.13, 0, 126, 126
1121098.7.peg.3916.site.14, 0, 126, 126
1121098.7.peg.3916.site.15, 6, 126, 132
1121098.7.peg.3916.site.16, 12, 126, 138
1121098.7.peg.3916.site.17, 64, 125, 189
1121098.7.peg.3917.site.1, 7, 125, 132
1121098.7.peg.3917.site.2, 4, 126, 130
1121098.7.peg.3917.site.3, 90, 126, 216
1121098.7.peg.3917.site.4, 3, 126, 129
1121098.7.peg.3917.site.5, 4, 126, 130
1121098.7.peg.3917.site.6, 0, 126, 126
1121098.7.peg.3915.site.1, 1, 125, 126
1121098.7.peg.3915.site.2, 4, 126, 130
1121098.7.peg.3915.site.3, 7, 125, 132
1121098.7.peg.3915.site.4, 15, 126, 141
1121098.7.peg.3915.site.5, 57, 126, 183
1121098.7.peg.3915.site.6, 38, 126, 164
1121098.7.peg.3915.site.7, 4, 126, 130
1121098.7.peg.3915.site.8, 0, 125, 125
1121098.7.peg.3915.site.9, 1, 126, 127
1121098.7.peg.3915.site.10, 89, 126, 215
1121098.7.peg.3915.site.11, 0, 126, 126
1121098.7.peg.3915.site.12, 0, 126, 126
1121098.7.peg.3915.site.13, 0, 118, 118
1121098.7.peg.3915.site.14, 0, 118, 118
1121098.7.peg.3915.site.15, 0, 126, 126
1121098.7.peg.3915.site.16, 0, 122, 122
1121098.7.peg.4050.site.1, 49, 126, 175
1121098.7.peg.4050.site.2, 8, 125, 133
1121098.7.peg.4050.site.3, 39, 125, 164
1121098.7.peg.4050.site.4, 1, 125, 126
1121098.7.peg.4050.site.5, 61, 126, 187
1121098.7.peg.4050.site.6, 0, 126, 126
1121098.7.peg.4050.site.7, 0, 126, 126
1121098.7.peg.4050.site.8, 17, 126, 143
1121098.7.peg.2889.site.1, 3, 126, 129
1121098.7.peg.2889.site.2, 14, 124, 138
1121098.7.peg.2889.site.3, 3, 126, 129
1121098.7.peg.2889.site.4, 8, 126, 134
1121098.7.peg.2889.site.5, 42, 126, 168
1121098.7.peg.2889.site.6, 57, 125, 182
1121098.7.peg.2888.site.1, 0, 126, 126
1121098.7.peg.2888.site.2, 0, 126, 126
1121098.7.peg.2888.site.3, 53, 126, 179
1121098.7.peg.2888.site.4, 1, 124, 125
1121098.7.peg.2888.site.5, 1, 124, 125
1121098.7.peg.2888.site.6, 1, 125, 126
1121098.7.peg.2888.site.7, 2, 124, 126
1121098.7.peg.2888.site.8, 0, 124, 124
1121098.7.peg.2888.site.9, 6, 125, 131
1121098.7.peg.2888.site.10, 14, 124, 138
1121098.7.peg.2888.site.11, 1, 123, 124
1121098.7.peg.2888.site.12, 1, 114, 115
1121098.7.peg.2888.site.13, 11, 125, 136
1121098.7.peg.2888.site.14, 91, 124, 215
1121098.7.peg.2888.site.15, 91, 124, 215
1121098.7.peg.2883.site.1, 103, 125, 228
1121098.7.peg.2883.site.2, 1, 126, 127
1121098.7.peg.2883.site.3, 3, 126, 129
1121098.7.peg.2883.site.4, 2, 125, 127
1121098.7.peg.2883.site.5, 60, 126, 186
1121098.7.peg.2883.site.6, 31, 125, 156
1121098.7.peg.2883.site.7, 1, 126, 127
1121098.7.peg.2883.site.8, 53, 125, 178
1121098.7.peg.2883.site.9, 0, 126, 126
1121098.7.peg.2883.site.10, 122, 126, 248
1121098.7.peg.2882.site.1, 81, 124, 205
1121098.7.peg.2882.site.2, 0, 125, 125
1121098.7.peg.2882.site.3, 0, 126, 126
1121098.7.peg.2882.site.4, 0, 126, 126
1121098.7.peg.2882.site.5, 0, 126, 126
1121098.7.peg.2882.site.6, 12, 126, 138
1121098.7.peg.2882.site.7, 1, 126, 127
1121098.7.peg.2881.site.1, 2, 126, 128
1121098.7.peg.2881.site.2, 66, 126, 192
1121098.7.peg.2881.site.3, 0, 126, 126
1121098.7.peg.2881.site.4, 2, 126, 128
1121098.7.peg.2881.site.5, 13, 125, 138
1121098.7.peg.2881.site.6, 2, 126, 128
1121098.7.peg.2881.site.7, 13, 126, 139
1121098.7.peg.2881.site.8, 21, 126, 147
1121098.7.peg.2881.site.9, 100, 125, 225
1121098.7.peg.2881.site.10, 1, 126, 127
1121098.7.peg.2881.site.11, 0, 126, 126
1121098.7.peg.2881.site.12, 122, 126, 248
1121098.7.peg.2881.site.13, 0, 126, 126
1121098.7.peg.2881.site.14, 16, 126, 142
1121098.7.peg.2881.site.15, 0, 125, 125
1121098.7.peg.2881.site.16, 5, 126, 131
1121098.7.peg.2881.site.17, 1, 126, 127
1121098.7.peg.2881.site.18, 0, 126, 126
1121098.7.peg.2881.site.19, 0, 126, 126
1121098.7.peg.2881.site.20, 0, 126, 126
1121098.7.peg.2881.site.21, 0, 126, 126
1121098.7.peg.2881.site.22, 0, 126, 126
1121098.7.peg.2881.site.23, 0, 126, 126
1121098.7.peg.2881.site.24, 14, 125, 139
1121098.7.peg.2881.site.25, 14, 126, 140
1121098.7.peg.2881.site.26, 5, 126, 131
1121098.7.peg.2881.site.27, 20, 125, 145
1121098.7.peg.2881.site.28, 1, 126, 127
1121098.7.peg.2881.site.29, 27, 126, 153
1121098.7.peg.2881.site.30, 2, 126, 128
1121098.7.peg.2881.site.31, 4, 126, 130
1121098.7.peg.2881.site.32, 4, 126, 130
1121098.7.peg.2881.site.33, 71, 126, 197
1121098.7.peg.2881.site.34, 2, 126, 128
1121098.7.peg.2881.site.35, 19, 123, 142
1121098.7.peg.2881.site.36, 4, 121, 125
1121098.7.peg.2881.site.37, 4, 121, 125
1121098.7.peg.2881.site.38, 22, 125, 147
1121098.7.peg.2880.site.1, 0, 125, 125
1121098.7.peg.2880.site.2, 6, 126, 132
1121098.7.peg.2880.site.3, 15, 125, 140
1121098.7.peg.2880.site.4, 0, 126, 126
1121098.7.peg.2880.site.5, 59, 125, 184
1121098.7.peg.2880.site.6, 11, 126, 137
1121098.7.peg.2887.site.1, 122, 126, 248
1121098.7.peg.2887.site.2, 7, 125, 132
1121098.7.peg.2887.site.3, 0, 126, 126
1121098.7.peg.2887.site.4, 0, 126, 126
1121098.7.peg.2885.site.1, 0, 126, 126
1121098.7.peg.2885.site.2, 0, 126, 126
1121098.7.peg.2885.site.3, 11, 125, 136
1121098.7.peg.2885.site.4, 0, 125, 125
1121098.7.peg.2885.site.5, 0, 125, 125
1121098.7.peg.2884.site.1, 0, 126, 126
1121098.7.peg.2884.site.2, 15, 126, 141
1121098.7.peg.2884.site.3, 1, 126, 127
1121098.7.peg.2884.site.4, 57, 126, 183
1121098.7.peg.2884.site.5, 0, 126, 126
1121098.7.peg.2884.site.6, 0, 124, 124
1121098.7.peg.2884.site.7, 0, 123, 123
1121098.7.peg.2884.site.8, 0, 126, 126
1121098.7.peg.2884.site.9, 0, 126, 126
1121098.7.peg.2884.site.10, 1, 125, 126
1121098.7.peg.4054.site.1, 0, 126, 126
1121098.7.peg.4054.site.2, 0, 126, 126
1121098.7.peg.4054.site.3, 57, 126, 183
1121098.7.peg.4054.site.4, 57, 126, 183
1121098.7.peg.4054.site.5, 58, 126, 184
1121098.7.peg.4054.site.6, 4, 126, 130
1121098.7.peg.4054.site.7, 12, 126, 138
1121098.7.peg.4054.site.8, 10, 125, 135
1121098.7.peg.4054.site.9, 57, 126, 183
1121098.7.peg.4054.site.10, 1, 126, 127
1121098.7.peg.4054.site.11, 52, 126, 178
1121098.7.peg.4054.site.12, 2, 126, 128
1121098.7.peg.4054.site.13, 0, 126, 126
1121098.7.peg.4054.site.14, 2, 126, 128
1121098.7.peg.4054.site.15, 52, 126, 178
1121098.7.peg.4054.site.16, 0, 126, 126
1121098.7.peg.4054.site.17, 52, 126, 178
1121098.7.peg.4055.site.1, 10, 126, 136
1121098.7.peg.4058.site.1, 4, 126, 130
1121098.7.peg.4058.site.2, 21, 125, 146
1121098.7.peg.4058.site.3, 0, 126, 126
1121098.7.peg.4058.site.4, 2, 126, 128
1121098.7.peg.4058.site.5, 1, 126, 127
1121098.7.peg.4058.site.6, 21, 125, 146
1121098.7.peg.3823.site.1, 0, 126, 126
1121098.7.peg.3823.site.2, 0, 126, 126
1121098.7.peg.3823.site.3, 1, 126, 127
1121098.7.peg.3823.site.4, 1, 126, 127
1121098.7.peg.3823.site.5, 0, 126, 126
1121098.7.peg.3823.site.6, 4, 126, 130
1121098.7.peg.3823.site.7, 2, 126, 128
1121098.7.peg.3823.site.8, 0, 126, 126
1121098.7.peg.3823.site.9, 4, 126, 130
1121098.7.peg.3823.site.10, 25, 125, 150
1121098.7.peg.3823.site.11, 28, 126, 154
1121098.7.peg.3823.site.12, 0, 126, 126
1121098.7.peg.3823.site.13, 121, 125, 246
1121098.7.peg.3823.site.14, 0, 126, 126
1121098.7.peg.3823.site.15, 59, 126, 185
1121098.7.peg.3823.site.16, 61, 126, 187
1121098.7.peg.3823.site.17, 1, 126, 127
1121098.7.peg.3823.site.18, 12, 126, 138
1121098.7.peg.3820.site.1, 101, 125, 226
1121098.7.peg.3820.site.2, 103, 125, 228
1121098.7.peg.3820.site.3, 24, 126, 150
1121098.7.peg.1579.site.1, 0, 124, 124
1121098.7.peg.3826.site.1, 0, 126, 126
1121098.7.peg.3826.site.2, 0, 126, 126
1121098.7.peg.3826.site.3, 15, 125, 140
1121098.7.peg.3826.site.4, 19, 125, 144
1121098.7.peg.3826.site.5, 2, 125, 127
1121098.7.peg.3826.site.6, 0, 126, 126
1121098.7.peg.3826.site.7, 7, 126, 133
1121098.7.peg.3826.site.8, 0, 126, 126
1121098.7.peg.3826.site.9, 11, 126, 137
1121098.7.peg.3826.site.10, 122, 126, 248
1121098.7.peg.3826.site.11, 6, 126, 132
1121098.7.peg.3826.site.12, 6, 126, 132
1121098.7.peg.3827.site.1, 5, 126, 131
1121098.7.peg.3827.site.2, 0, 126, 126
1121098.7.peg.3827.site.3, 4, 126, 130
1121098.7.peg.3827.site.4, 1, 126, 127
1121098.7.peg.3827.site.5, 8, 126, 134
1121098.7.peg.3827.site.6, 13, 126, 139
1121098.7.peg.3827.site.7, 4, 126, 130
1121098.7.peg.3827.site.8, 1, 126, 127
1121098.7.peg.3827.site.9, 12, 125, 137
1121098.7.peg.3827.site.10, 64, 126, 190
1121098.7.peg.3827.site.11, 0, 126, 126
1121098.7.peg.3827.site.12, 12, 126, 138
1121098.7.peg.3825.site.1, 6, 126, 132
1121098.7.peg.3825.site.2, 0, 126, 126
1121098.7.peg.3825.site.3, 24, 126, 150
1121098.7.peg.3620.site.1, 1, 126, 127
1121098.7.peg.3620.site.2, 0, 126, 126
1121098.7.peg.3620.site.3, 19, 125, 144
1121098.7.peg.3620.site.4, 1, 126, 127
1121098.7.peg.3620.site.5, 0, 126, 126
1121098.7.peg.3620.site.6, 0, 126, 126
1121098.7.peg.3620.site.7, 2, 126, 128
1121098.7.peg.3620.site.8, 0, 126, 126
1121098.7.peg.3620.site.9, 9, 125, 134
1121098.7.peg.3829.site.1, 56, 126, 182
1121098.7.peg.3829.site.2, 107, 125, 232
1121098.7.peg.3829.site.3, 2, 124, 126
1121098.7.peg.3829.site.4, 0, 126, 126
1121098.7.peg.3829.site.5, 1, 125, 126
1121098.7.peg.3829.site.6, 0, 126, 126
1121098.7.peg.3829.site.7, 122, 126, 248
1121098.7.peg.3829.site.8, 2, 125, 127
1121098.7.peg.3829.site.9, 2, 125, 127
1121098.7.peg.3829.site.10, 0, 126, 126
1121098.7.peg.3829.site.11, 2, 126, 128
1121098.7.peg.3621.site.1, 1, 126, 127
1121098.7.peg.3621.site.2, 6, 126, 132
1121098.7.peg.3621.site.3, 0, 126, 126
1121098.7.peg.3621.site.4, 4, 126, 130
1121098.7.peg.3621.site.5, 70, 125, 195
1121098.7.peg.3621.site.6, 0, 126, 126
1121098.7.peg.3621.site.7, 1, 126, 127
1121098.7.peg.3621.site.8, 13, 125, 138
1121098.7.peg.3621.site.9, 0, 126, 126
1121098.7.peg.3621.site.10, 0, 125, 125
1121098.7.peg.1280.site.1, 1, 126, 127
1121098.7.peg.1280.site.2, 0, 126, 126
1121098.7.peg.1280.site.3, 3, 125, 128
1121098.7.peg.1280.site.4, 0, 126, 126
1121098.7.peg.1280.site.5, 64, 126, 190
1121098.7.peg.1280.site.6, 0, 126, 126
1121098.7.peg.1280.site.7, 0, 126, 126
1121098.7.peg.1280.site.8, 15, 126, 141
1121098.7.peg.1280.site.9, 0, 126, 126
1121098.7.peg.1281.site.1, 0, 125, 125
1121098.7.peg.1281.site.2, 54, 125, 179
1121098.7.peg.1281.site.3, 0, 125, 125
1121098.7.peg.1281.site.4, 107, 125, 232
1121098.7.peg.1281.site.5, 9, 126, 135
1121098.7.peg.1281.site.6, 1, 126, 127
1121098.7.peg.1281.site.7, 5, 126, 131
1121098.7.peg.1281.site.8, 4, 126, 130
1121098.7.peg.1282.site.1, 2, 126, 128
1121098.7.peg.1282.site.2, 2, 126, 128
1121098.7.peg.1282.site.3, 3, 126, 129
1121098.7.peg.1282.site.4, 0, 126, 126
1121098.7.peg.1283.site.1, 0, 126, 126
1121098.7.peg.1283.site.2, 22, 125, 147
1121098.7.peg.1283.site.3, 53, 126, 179
1121098.7.peg.1283.site.4, 0, 126, 126
1121098.7.peg.1283.site.5, 14, 124, 138
1121098.7.peg.1283.site.6, 0, 126, 126
1121098.7.peg.1283.site.7, 65, 126, 191
1121098.7.peg.1283.site.8, 0, 126, 126
1121098.7.peg.1283.site.9, 1, 126, 127
1121098.7.peg.1283.site.10, 0, 125, 125
1121098.7.peg.1283.site.11, 45, 125, 170
1121098.7.peg.2779.site.1, 0, 126, 126
1121098.7.peg.1287.site.1, 0, 126, 126
1121098.7.peg.1287.site.2, 0, 126, 126
1121098.7.peg.1287.site.3, 0, 126, 126
1121098.7.peg.1287.site.4, 65, 126, 191
1121098.7.peg.1287.site.5, 99, 126, 225
1121098.7.peg.1287.site.6, 21, 126, 147
1121098.7.peg.1287.site.7, 4, 126, 130
1121098.7.peg.1287.site.8, 24, 126, 150
1121098.7.peg.1287.site.9, 122, 126, 248
1121098.7.peg.1287.site.10, 101, 126, 227
1121098.7.peg.1287.site.11, 1, 126, 127
1121098.7.peg.2776.site.1, 42, 75, 117
1121098.7.peg.2776.site.2, 39, 75, 114
1121098.7.peg.2776.site.3, 30, 67, 97
1121098.7.peg.2776.site.4, 35, 71, 106
1121098.7.peg.2776.site.5, 1, 71, 72
1121098.7.peg.2776.site.6, 40, 75, 115
1121098.7.peg.2776.site.7, 12, 75, 87
1121098.7.peg.2776.site.8, 14, 88, 102
1121098.7.peg.2776.site.9, 22, 96, 118
1121098.7.peg.2776.site.10, 1, 126, 127
1121098.7.peg.2776.site.11, 2, 126, 128
1121098.7.peg.2776.site.12, 58, 126, 184
1121098.7.peg.2776.site.13, 2, 126, 128
1121098.7.peg.2776.site.14, 2, 126, 128
1121098.7.peg.2776.site.15, 114, 124, 238
1121098.7.peg.2776.site.16, 0, 126, 126
1121098.7.peg.2776.site.17, 53, 126, 179
1121098.7.peg.2776.site.18, 40, 113, 153
1121098.7.peg.2776.site.19, 15, 88, 103
1121098.7.peg.2776.site.20, 1, 78, 79
1121098.7.peg.2776.site.21, 2, 74, 76
1121098.7.peg.2776.site.22, 0, 84, 84
1121098.7.peg.2776.site.23, 22, 92, 114
1121098.7.peg.2776.site.24, 27, 98, 125
1121098.7.peg.2776.site.25, 32, 105, 137
1121098.7.peg.2776.site.26, 57, 116, 173
1121098.7.peg.2776.site.27, 0, 126, 126
1121098.7.peg.2419.site.1, 3, 126, 129
1121098.7.peg.2419.site.2, 3, 126, 129
1121098.7.peg.2419.site.3, 8, 125, 133
1121098.7.peg.2419.site.4, 0, 126, 126
1121098.7.peg.2419.site.5, 59, 126, 185
1121098.7.peg.2419.site.6, 3, 126, 129
1121098.7.peg.2419.site.7, 42, 125, 167
1121098.7.peg.2419.site.8, 4, 125, 129
1121098.7.peg.2419.site.9, 0, 126, 126
1121098.7.peg.2419.site.10, 55, 125, 180
1121098.7.peg.2419.site.11, 3, 125, 128
1121098.7.peg.2419.site.12, 3, 126, 129
1121098.7.peg.2419.site.13, 14, 126, 140
1121098.7.peg.2419.site.14, 0, 125, 125
1121098.7.peg.2419.site.15, 55, 124, 179
1121098.7.peg.2419.site.16, 15, 123, 138
1121098.7.peg.3573.site.1, 0, 126, 126
1121098.7.peg.3573.site.2, 0, 126, 126
1121098.7.peg.2410.site.1, 0, 125, 125
1121098.7.peg.2410.site.2, 14, 125, 139
1121098.7.peg.2410.site.3, 51, 125, 176
1121098.7.peg.2410.site.4, 1, 126, 127
1121098.7.peg.2410.site.5, 5, 125, 130
1121098.7.peg.2412.site.1, 0, 126, 126
1121098.7.peg.2412.site.2, 0, 126, 126
1121098.7.peg.2412.site.3, 0, 126, 126
1121098.7.peg.2412.site.4, 0, 126, 126
1121098.7.peg.2412.site.5, 0, 126, 126
1121098.7.peg.2412.site.6, 52, 126, 178
1121098.7.peg.2412.site.7, 0, 126, 126
1121098.7.peg.2412.site.8, 3, 126, 129
1121098.7.peg.2412.site.9, 0, 126, 126
1121098.7.peg.2412.site.10, 3, 126, 129
1121098.7.peg.2412.site.11, 0, 126, 126
1121098.7.peg.2412.site.12, 0, 126, 126
1121098.7.peg.2412.site.13, 12, 126, 138
1121098.7.peg.2412.site.14, 4, 126, 130
1121098.7.peg.2412.site.15, 7, 126, 133
1121098.7.peg.2412.site.16, 5, 126, 131
1121098.7.peg.2412.site.17, 11, 126, 137
1121098.7.peg.2412.site.18, 3, 126, 129
1121098.7.peg.2412.site.19, 1, 126, 127
1121098.7.peg.2412.site.20, 0, 126, 126
1121098.7.peg.2412.site.21, 49, 126, 175
1121098.7.peg.2412.site.22, 4, 126, 130
1121098.7.peg.2412.site.23, 0, 126, 126
1121098.7.peg.2412.site.24, 0, 125, 125
1121098.7.peg.2412.site.25, 0, 126, 126
1121098.7.peg.2413.site.1, 9, 125, 134
1121098.7.peg.2413.site.2, 27, 125, 152
1121098.7.peg.2413.site.3, 52, 126, 178
1121098.7.peg.2413.site.4, 19, 126, 145
1121098.7.peg.2413.site.5, 3, 126, 129
1121098.7.peg.2413.site.6, 0, 126, 126
1121098.7.peg.2413.site.7, 94, 126, 220
1121098.7.peg.2414.site.1, 0, 125, 125
1121098.7.peg.2414.site.2, 3, 126, 129
1121098.7.peg.2414.site.3, 5, 126, 131
1121098.7.peg.2414.site.4, 55, 125, 180
1121098.7.peg.2414.site.5, 55, 125, 180
1121098.7.peg.2414.site.6, 4, 124, 128
1121098.7.peg.2414.site.7, 17, 123, 140
1121098.7.peg.2414.site.8, 12, 125, 137
1121098.7.peg.2414.site.9, 86, 125, 211
1121098.7.peg.2414.site.10, 78, 125, 203
1121098.7.peg.2414.site.11, 1, 125, 126
1121098.7.peg.2414.site.12, 118, 125, 243
1121098.7.peg.2414.site.13, 0, 125, 125
1121098.7.peg.2414.site.14, 50, 126, 176
1121098.7.peg.2414.site.15, 3, 126, 129
1121098.7.peg.2414.site.16, 63, 126, 189
1121098.7.peg.2414.site.17, 3, 125, 128
1121098.7.peg.2414.site.18, 3, 125, 128
1121098.7.peg.2414.site.19, 47, 126, 173
1121098.7.peg.2416.site.1, 111, 125, 236
1121098.7.peg.2416.site.2, 3, 126, 129
1121098.7.peg.2416.site.3, 25, 125, 150
1121098.7.peg.2416.site.4, 112, 123, 235
1121098.7.peg.2416.site.5, 0, 124, 124
1121098.7.peg.2416.site.6, 49, 124, 173
1121098.7.peg.2416.site.7, 0, 126, 126
1121098.7.peg.2416.site.8, 0, 126, 126
1121098.7.peg.2416.site.9, 7, 126, 133
1121098.7.peg.2416.site.10, 9, 126, 135
1121098.7.peg.2416.site.11, 3, 126, 129
1121098.7.peg.2416.site.12, 3, 126, 129
1121098.7.peg.2416.site.13, 10, 125, 135
1121098.7.peg.2416.site.14, 109, 124, 233
1121098.7.peg.2417.site.1, 4, 126, 130
1121098.7.peg.2417.site.2, 12, 125, 137
1121098.7.peg.2417.site.3, 121, 125, 246
1121098.7.peg.2417.site.4, 3, 126, 129
1121098.7.peg.2417.site.5, 0, 124, 124
1121098.7.peg.2417.site.6, 7, 125, 132
1121098.7.peg.3361.site.1, 51, 125, 176
1121098.7.peg.2902.site.1, 56, 126, 182
1121098.7.peg.2902.site.2, 3, 126, 129
1121098.7.peg.3362.site.1, 86, 126, 212
1121098.7.peg.3362.site.2, 0, 125, 125
1121098.7.peg.3362.site.3, 0, 126, 126
1121098.7.peg.3362.site.4, 0, 126, 126
1121098.7.peg.3365.site.1, 106, 126, 232
1121098.7.peg.3365.site.2, 4, 126, 130
1121098.7.peg.3365.site.3, 60, 126, 186
1121098.7.peg.3365.site.4, 15, 126, 141
1121098.7.peg.3365.site.5, 0, 126, 126
1121098.7.peg.3365.site.6, 0, 125, 125
1121098.7.peg.3365.site.7, 0, 126, 126
1121098.7.peg.3365.site.8, 0, 126, 126
1121098.7.peg.2335.site.1, 4, 126, 130
1121098.7.peg.2335.site.2, 0, 126, 126
1121098.7.peg.2335.site.3, 2, 125, 127
1121098.7.peg.2335.site.4, 1, 125, 126
1121098.7.peg.2335.site.5, 58, 125, 183
1121098.7.peg.2900.site.1, 4, 126, 130
1121098.7.peg.2900.site.2, 5, 126, 131
1121098.7.peg.2900.site.3, 51, 125, 176
1121098.7.peg.2900.site.4, 3, 126, 129
1121098.7.peg.2900.site.5, 2, 126, 128
1121098.7.peg.2900.site.6, 4, 126, 130
1121098.7.peg.2900.site.7, 18, 125, 143
1121098.7.peg.2900.site.8, 0, 125, 125
1121098.7.peg.2900.site.9, 8, 126, 134
1121098.7.peg.2900.site.10, 10, 126, 136
1121098.7.peg.2900.site.11, 61, 126, 187
1121098.7.peg.2900.site.12, 0, 125, 125
1121098.7.peg.2900.site.13, 21, 125, 146
1121098.7.peg.2900.site.14, 10, 126, 136
1121098.7.peg.2900.site.15, 0, 126, 126
1121098.7.peg.2900.site.16, 0, 126, 126
1121098.7.peg.2901.site.1, 52, 126, 178
1121098.7.peg.2901.site.2, 121, 125, 246
1121098.7.peg.2901.site.3, 4, 126, 130
1121098.7.peg.2901.site.4, 59, 126, 185
1121098.7.peg.3178.site.1, 0, 126, 126
1121098.7.peg.3178.site.2, 18, 126, 144
1121098.7.peg.3178.site.3, 0, 126, 126
1121098.7.peg.3178.site.4, 0, 124, 124
1121098.7.peg.3178.site.5, 46, 126, 172
1121098.7.peg.3178.site.6, 2, 126, 128
1121098.7.peg.3178.site.7, 3, 126, 129
1121098.7.peg.3178.site.8, 1, 126, 127
1121098.7.peg.3178.site.9, 84, 126, 210
1121098.7.peg.3178.site.10, 67, 126, 193
1121098.7.peg.3178.site.11, 2, 126, 128
1121098.7.peg.3178.site.12, 0, 126, 126
1121098.7.peg.3178.site.13, 0, 126, 126
1121098.7.peg.3178.site.14, 0, 126, 126
1121098.7.peg.3178.site.15, 60, 126, 186
1121098.7.peg.3178.site.16, 0, 126, 126
1121098.7.peg.3179.site.1, 22, 126, 148
1121098.7.peg.3179.site.2, 2, 125, 127
1121098.7.peg.3179.site.3, 0, 124, 124
1121098.7.peg.3174.site.1, 55, 126, 181
1121098.7.peg.3174.site.2, 52, 126, 178
1121098.7.peg.3174.site.3, 1, 125, 126
1121098.7.peg.3174.site.4, 1, 126, 127
1121098.7.peg.3176.site.1, 4, 126, 130
1121098.7.peg.3176.site.2, 4, 126, 130
1121098.7.peg.3209.site.1, 3, 126, 129
1121098.7.peg.3209.site.2, 0, 126, 126
1121098.7.peg.3209.site.3, 1, 126, 127
1121098.7.peg.3209.site.4, 0, 126, 126
1121098.7.peg.3209.site.5, 3, 126, 129
1121098.7.peg.3171.site.1, 59, 121, 180
1121098.7.peg.3171.site.2, 0, 122, 122
1121098.7.peg.3171.site.3, 58, 122, 180
1121098.7.peg.3171.site.4, 1, 119, 120
1121098.7.peg.3171.site.5, 2, 122, 124
1121098.7.peg.3172.site.1, 55, 125, 180
1121098.7.peg.3172.site.2, 28, 125, 153
1121098.7.peg.3172.site.3, 3, 124, 127
1121098.7.peg.2907.site.1, 1, 126, 127
1121098.7.peg.2907.site.2, 1, 126, 127
1121098.7.peg.2907.site.3, 1, 126, 127
1121098.7.peg.2907.site.4, 60, 126, 186
1121098.7.peg.2907.site.5, 1, 125, 126
1121098.7.peg.2907.site.6, 0, 126, 126
1121098.7.peg.2907.site.7, 1, 126, 127
1121098.7.peg.2907.site.8, 4, 126, 130
1121098.7.peg.2904.site.1, 56, 126, 182
1121098.7.peg.2904.site.2, 0, 126, 126
1121098.7.peg.2904.site.3, 4, 126, 130
1121098.7.peg.2904.site.4, 0, 126, 126
1121098.7.peg.2904.site.5, 8, 126, 134
1121098.7.peg.1998.site.1, 15, 125, 140
1121098.7.peg.1998.site.2, 0, 126, 126
1121098.7.peg.1998.site.3, 3, 125, 128
1121098.7.peg.1999.site.1, 76, 126, 202
1121098.7.peg.1999.site.2, 0, 126, 126
1121098.7.peg.1999.site.3, 59, 126, 185
1121098.7.peg.1999.site.4, 55, 126, 181
1121098.7.peg.1999.site.5, 2, 125, 127
1121098.7.peg.1999.site.6, 0, 126, 126
1121098.7.peg.1999.site.7, 0, 126, 126
1121098.7.peg.1999.site.8, 4, 126, 130
1121098.7.peg.1999.site.9, 6, 126, 132
1121098.7.peg.1999.site.10, 2, 126, 128
1121098.7.peg.1999.site.11, 3, 126, 129
1121098.7.peg.1999.site.12, 0, 126, 126
1121098.7.peg.1999.site.13, 0, 126, 126
1121098.7.peg.1999.site.14, 3, 126, 129
1121098.7.peg.1999.site.15, 9, 126, 135
1121098.7.peg.1999.site.16, 53, 126, 179
1121098.7.peg.1999.site.17, 25, 125, 150
1121098.7.peg.1999.site.18, 1, 126, 127
1121098.7.peg.1999.site.19, 3, 126, 129
1121098.7.peg.1999.site.20, 20, 126, 146
1121098.7.peg.1999.site.21, 12, 126, 138
1121098.7.peg.1999.site.22, 0, 126, 126
1121098.7.peg.415.site.1, 61, 125, 186
1121098.7.peg.415.site.2, 4, 126, 130
1121098.7.peg.415.site.3, 4, 119, 123
1121098.7.peg.415.site.4, 3, 124, 127
1121098.7.peg.415.site.5, 0, 126, 126
1121098.7.peg.415.site.6, 15, 125, 140
1121098.7.peg.415.site.7, 0, 126, 126
1121098.7.peg.415.site.8, 2, 119, 121
1121098.7.peg.415.site.9, 13, 126, 139
1121098.7.peg.415.site.10, 0, 126, 126
1121098.7.peg.415.site.11, 50, 124, 174
1121098.7.peg.415.site.12, 8, 126, 134
1121098.7.peg.415.site.13, 25, 125, 150
1121098.7.peg.415.site.14, 74, 126, 200
1121098.7.peg.415.site.15, 0, 125, 125
1121098.7.peg.415.site.16, 0, 126, 126
1121098.7.peg.415.site.17, 2, 125, 127
1121098.7.peg.415.site.18, 0, 126, 126
1121098.7.peg.415.site.19, 59, 125, 184
1121098.7.peg.415.site.20, 1, 125, 126
1121098.7.peg.415.site.21, 0, 126, 126
1121098.7.peg.415.site.22, 24, 124, 148
1121098.7.peg.415.site.23, 43, 126, 169
1121098.7.peg.415.site.24, 7, 125, 132
1121098.7.peg.415.site.25, 15, 126, 141
1121098.7.peg.415.site.26, 4, 125, 129
1121098.7.peg.415.site.27, 0, 126, 126
1121098.7.peg.415.site.28, 32, 126, 158
1121098.7.peg.415.site.29, 22, 126, 148
1121098.7.peg.415.site.30, 55, 126, 181
1121098.7.peg.415.site.31, 8, 108, 116
1121098.7.peg.415.site.32, 3, 125, 128
1121098.7.peg.1994.site.1, 1, 126, 127
1121098.7.peg.1994.site.2, 0, 126, 126
1121098.7.peg.1994.site.3, 5, 126, 131
1121098.7.peg.1994.site.4, 0, 126, 126
1121098.7.peg.1994.site.5, 0, 125, 125
1121098.7.peg.1994.site.6, 56, 126, 182
1121098.7.peg.1994.site.7, 0, 126, 126
1121098.7.peg.1994.site.8, 0, 126, 126
1121098.7.peg.1994.site.9, 6, 125, 131
1121098.7.peg.1994.site.10, 0, 126, 126
1121098.7.peg.1997.site.1, 36, 126, 162
1121098.7.peg.1997.site.2, 5, 126, 131
1121098.7.peg.1997.site.3, 4, 126, 130
1121098.7.peg.1997.site.4, 4, 126, 130
1121098.7.peg.1990.site.1, 3, 126, 129
1121098.7.peg.1990.site.2, 0, 126, 126
1121098.7.peg.1990.site.3, 0, 126, 126
1121098.7.peg.1991.site.1, 62, 126, 188
1121098.7.peg.1991.site.2, 0, 126, 126
1121098.7.peg.1991.site.3, 0, 126, 126
1121098.7.peg.1991.site.4, 0, 125, 125
1121098.7.peg.1991.site.5, 6, 124, 130
1121098.7.peg.1991.site.6, 2, 126, 128
1121098.7.peg.1991.site.7, 51, 125, 176
1121098.7.peg.1991.site.8, 122, 126, 248
1121098.7.peg.1991.site.9, 4, 126, 130
1121098.7.peg.1991.site.10, 0, 126, 126
1121098.7.peg.1991.site.11, 122, 126, 248
1121098.7.peg.1991.site.12, 54, 126, 180
1121098.7.peg.1991.site.13, 51, 126, 177
1121098.7.peg.1991.site.14, 1, 126, 127
1121098.7.peg.1991.site.15, 11, 126, 137
1121098.7.peg.1991.site.16, 0, 126, 126
1121098.7.peg.1991.site.17, 5, 126, 131
1121098.7.peg.1991.site.18, 0, 126, 126
1121098.7.peg.1992.site.1, 0, 126, 126
1121098.7.peg.1992.site.2, 3, 126, 129
1121098.7.peg.1993.site.1, 0, 126, 126
1121098.7.peg.1993.site.2, 120, 126, 246
1121098.7.peg.1993.site.3, 38, 126, 164
1121098.7.peg.2569.site.1, 1, 124, 125
1121098.7.peg.2569.site.2, 0, 126, 126
1121098.7.peg.2569.site.3, 1, 126, 127
1121098.7.peg.2564.site.1, 15, 126, 141
1121098.7.peg.2564.site.2, 0, 126, 126
1121098.7.peg.2564.site.3, 104, 125, 229
1121098.7.peg.2564.site.4, 1, 126, 127
1121098.7.peg.2564.site.5, 14, 125, 139
1121098.7.peg.2564.site.6, 4, 126, 130
1121098.7.peg.2564.site.7, 32, 124, 156
1121098.7.peg.2565.site.1, 16, 126, 142
1121098.7.peg.2565.site.2, 0, 126, 126
1121098.7.peg.2565.site.3, 31, 125, 156
1121098.7.peg.2565.site.4, 56, 125, 181
1121098.7.peg.2565.site.5, 33, 126, 159
1121098.7.peg.2566.site.1, 26, 125, 151
1121098.7.peg.2566.site.2, 121, 126, 247
1121098.7.peg.2566.site.3, 0, 125, 125
1121098.7.peg.2566.site.4, 3, 126, 129
1121098.7.peg.2566.site.5, 1, 126, 127
1121098.7.peg.2566.site.6, 0, 124, 124
1121098.7.peg.2567.site.1, 0, 126, 126
1121098.7.peg.2567.site.2, 52, 123, 175
1121098.7.peg.2562.site.1, 22, 125, 147
1121098.7.peg.2562.site.2, 0, 126, 126
1121098.7.peg.2562.site.3, 0, 125, 125
1121098.7.peg.2563.site.1, 0, 125, 125
1121098.7.peg.2563.site.2, 5, 125, 130
1121098.7.peg.2563.site.3, 0, 126, 126
1121098.7.peg.2563.site.4, 22, 125, 147
1121098.7.peg.2563.site.5, 30, 125, 155
1121098.7.peg.2563.site.6, 91, 125, 216
1121098.7.peg.2563.site.7, 1, 126, 127
1121098.7.peg.2563.site.8, 52, 126, 178
1121098.7.peg.2563.site.9, 0, 126, 126
1121098.7.peg.2563.site.10, 0, 125, 125
1121098.7.peg.2563.site.11, 1, 125, 126
1121098.7.peg.2563.site.12, 9, 126, 135
1121098.7.peg.2563.site.13, 4, 126, 130
1121098.7.peg.2563.site.14, 23, 126, 149
1121098.7.peg.2563.site.15, 9, 126, 135
1121098.7.peg.2563.site.16, 1, 126, 127
1121098.7.peg.2563.site.17, 122, 126, 248
1121098.7.peg.2563.site.18, 0, 126, 126
1121098.7.peg.2563.site.19, 52, 126, 178
1121098.7.peg.2563.site.20, 7, 126, 133
1121098.7.peg.2563.site.21, 1, 126, 127
1121098.7.peg.2563.site.22, 4, 124, 128
1121098.7.peg.414.site.1, 0, 125, 125
1121098.7.peg.414.site.2, 0, 125, 125
1121098.7.peg.414.site.3, 1, 126, 127
1121098.7.peg.414.site.4, 4, 125, 129
1121098.7.peg.414.site.5, 3, 125, 128
1121098.7.peg.414.site.6, 2, 125, 127
1121098.7.peg.414.site.7, 99, 126, 225
1121098.7.peg.414.site.8, 0, 125, 125
1121098.7.peg.3287.site.1, 4, 126, 130
1121098.7.peg.3287.site.2, 0, 126, 126
1121098.7.peg.3284.site.1, 66, 126, 192
1121098.7.peg.3284.site.2, 0, 126, 126
1121098.7.peg.3284.site.3, 52, 126, 178
1121098.7.peg.3284.site.4, 24, 125, 149
1121098.7.peg.3284.site.5, 113, 126, 239
1121098.7.peg.3284.site.6, 5, 126, 131
1121098.7.peg.3284.site.7, 5, 126, 131
1121098.7.peg.3284.site.8, 11, 126, 137
1121098.7.peg.3284.site.9, 107, 126, 233
1121098.7.peg.3284.site.10, 110, 125, 235
1121098.7.peg.3284.site.11, 111, 126, 237
1121098.7.peg.3284.site.12, 3, 126, 129
1121098.7.peg.3284.site.13, 3, 126, 129
1121098.7.peg.3284.site.14, 12, 126, 138
1121098.7.peg.3284.site.15, 21, 124, 145
1121098.7.peg.3284.site.16, 122, 126, 248
1121098.7.peg.3284.site.17, 122, 126, 248
1121098.7.peg.3284.site.18, 5, 126, 131
1121098.7.peg.3284.site.19, 1, 126, 127
1121098.7.peg.3284.site.20, 4, 126, 130
1121098.7.peg.3284.site.21, 5, 126, 131
1121098.7.peg.3285.site.1, 10, 126, 136
1121098.7.peg.3285.site.2, 13, 126, 139
1121098.7.peg.3285.site.3, 3, 126, 129
1121098.7.peg.3285.site.4, 18, 126, 144
1121098.7.peg.3285.site.5, 0, 126, 126
1121098.7.peg.3285.site.6, 18, 125, 143
1121098.7.peg.3285.site.7, 109, 126, 235
1121098.7.peg.3282.site.1, 94, 126, 220
1121098.7.peg.3282.site.2, 0, 126, 126
1121098.7.peg.3282.site.3, 122, 126, 248
1121098.7.peg.3282.site.4, 0, 126, 126
1121098.7.peg.3282.site.5, 0, 126, 126
1121098.7.peg.3282.site.6, 13, 126, 139
1121098.7.peg.3282.site.7, 2, 126, 128
1121098.7.peg.3282.site.8, 0, 126, 126
1121098.7.peg.3282.site.9, 51, 124, 175
1121098.7.peg.3282.site.10, 12, 125, 137
1121098.7.peg.3283.site.1, 14, 125, 139
1121098.7.peg.688.site.1, 57, 126, 183
1121098.7.peg.688.site.2, 9, 126, 135
1121098.7.peg.688.site.3, 61, 126, 187
1121098.7.peg.688.site.4, 61, 126, 187
1121098.7.peg.688.site.5, 69, 126, 195
1121098.7.peg.689.site.1, 15, 126, 141
1121098.7.peg.689.site.2, 0, 126, 126
1121098.7.peg.689.site.3, 5, 126, 131
1121098.7.peg.689.site.4, 1, 124, 125
1121098.7.peg.689.site.5, 104, 126, 230
1121098.7.peg.689.site.6, 2, 125, 127
1121098.7.peg.689.site.7, 102, 126, 228
1121098.7.peg.689.site.8, 0, 126, 126
1121098.7.peg.689.site.9, 1, 126, 127
1121098.7.peg.689.site.10, 0, 126, 126
1121098.7.peg.689.site.11, 1, 125, 126
1121098.7.peg.689.site.12, 12, 126, 138
1121098.7.peg.689.site.13, 16, 126, 142
1121098.7.peg.689.site.14, 0, 125, 125
1121098.7.peg.689.site.15, 107, 125, 232
1121098.7.peg.689.site.16, 84, 125, 209
1121098.7.peg.689.site.17, 3, 126, 129
1121098.7.peg.686.site.1, 0, 118, 118
1121098.7.peg.686.site.2, 0, 120, 120
1121098.7.peg.687.site.1, 0, 126, 126
1121098.7.peg.687.site.2, 1, 125, 126
1121098.7.peg.687.site.3, 0, 124, 124
1121098.7.peg.687.site.4, 3, 126, 129
1121098.7.peg.687.site.5, 1, 126, 127
1121098.7.peg.687.site.6, 1, 126, 127
1121098.7.peg.687.site.7, 0, 126, 126
1121098.7.peg.687.site.8, 0, 126, 126
1121098.7.peg.687.site.9, 1, 126, 127
1121098.7.peg.687.site.10, 0, 126, 126
1121098.7.peg.687.site.11, 0, 126, 126
1121098.7.peg.685.site.1, 3, 126, 129
1121098.7.peg.685.site.2, 12, 125, 137
1121098.7.peg.685.site.3, 0, 125, 125
1121098.7.peg.685.site.4, 1, 125, 126
1121098.7.peg.685.site.5, 90, 125, 215
1121098.7.peg.685.site.6, 56, 125, 181
1121098.7.peg.685.site.7, 2, 126, 128
1121098.7.peg.685.site.8, 1, 126, 127
1121098.7.peg.685.site.9, 3, 126, 129
1121098.7.peg.685.site.10, 0, 125, 125
1121098.7.peg.685.site.11, 0, 126, 126
1121098.7.peg.682.site.1, 2, 125, 127
1121098.7.peg.682.site.2, 97, 126, 223
1121098.7.peg.682.site.3, 1, 126, 127
1121098.7.peg.682.site.4, 1, 124, 125
1121098.7.peg.682.site.5, 1, 126, 127
1121098.7.peg.682.site.6, 1, 125, 126
1121098.7.peg.682.site.7, 4, 126, 130
1121098.7.peg.682.site.8, 0, 126, 126
1121098.7.peg.682.site.9, 1, 125, 126
1121098.7.peg.682.site.10, 4, 125, 129
1121098.7.peg.682.site.11, 10, 126, 136
1121098.7.peg.682.site.12, 0, 125, 125
1121098.7.peg.682.site.13, 1, 126, 127
1121098.7.peg.682.site.14, 2, 126, 128
1121098.7.peg.682.site.15, 42, 115, 157
1121098.7.peg.682.site.16, 34, 107, 141
1121098.7.peg.682.site.17, 3, 101, 104
1121098.7.peg.682.site.18, 16, 90, 106
1121098.7.peg.682.site.19, 18, 92, 110
1121098.7.peg.682.site.20, 5, 79, 84
1121098.7.peg.682.site.21, 0, 77, 77
1121098.7.peg.682.site.22, 2, 76, 78
1121098.7.peg.682.site.23, 2, 75, 77
1121098.7.peg.682.site.24, 5, 79, 84
1121098.7.peg.682.site.25, 18, 92, 110
1121098.7.peg.682.site.26, 47, 121, 168
1121098.7.peg.682.site.27, 1, 126, 127
1121098.7.peg.682.site.28, 1, 126, 127
1121098.7.peg.682.site.29, 2, 126, 128
1121098.7.peg.682.site.30, 106, 126, 232
1121098.7.peg.682.site.31, 106, 126, 232
1121098.7.peg.682.site.32, 106, 126, 232
1121098.7.peg.682.site.33, 101, 124, 225
1121098.7.peg.682.site.34, 0, 126, 126
1121098.7.peg.682.site.35, 2, 126, 128
1121098.7.peg.682.site.36, 0, 125, 125
1121098.7.peg.682.site.37, 1, 126, 127
1121098.7.peg.682.site.38, 12, 126, 138
1121098.7.peg.682.site.39, 1, 126, 127
1121098.7.peg.682.site.40, 0, 124, 124
1121098.7.peg.683.site.1, 22, 125, 147
1121098.7.peg.683.site.2, 115, 125, 240
1121098.7.peg.681.site.1, 1, 125, 126
1121098.7.peg.681.site.2, 53, 126, 179
1121098.7.peg.681.site.3, 2, 126, 128
1121098.7.peg.681.site.4, 5, 126, 131
1121098.7.peg.681.site.5, 0, 126, 126
1121098.7.peg.681.site.6, 0, 125, 125
1121098.7.peg.681.site.7, 8, 126, 134
1121098.7.peg.681.site.8, 7, 125, 132
1121098.7.peg.1860.site.1, 1, 126, 127
1121098.7.peg.1860.site.2, 71, 126, 197
1121098.7.peg.1860.site.3, 1, 126, 127
1121098.7.peg.1860.site.4, 12, 126, 138
1121098.7.peg.1860.site.5, 4, 125, 129
1121098.7.peg.1860.site.6, 4, 126, 130
1121098.7.peg.1860.site.7, 0, 119, 119
1121098.7.peg.1860.site.8, 0, 126, 126
1121098.7.peg.1861.site.1, 75, 124, 199
1121098.7.peg.1861.site.2, 1, 126, 127
1121098.7.peg.1861.site.3, 0, 125, 125
1121098.7.peg.1862.site.1, 0, 126, 126
1121098.7.peg.1862.site.2, 115, 126, 241
1121098.7.peg.1862.site.3, 105, 126, 231
1121098.7.peg.1862.site.4, 0, 125, 125
1121098.7.peg.1863.site.1, 0, 120, 120
1121098.7.peg.1863.site.2, 0, 126, 126
1121098.7.peg.1863.site.3, 1, 125, 126
1121098.7.peg.1864.site.1, 4, 125, 129
1121098.7.peg.1864.site.2, 1, 126, 127
1121098.7.peg.1864.site.3, 53, 126, 179
1121098.7.peg.1864.site.4, 52, 126, 178
1121098.7.peg.1864.site.5, 3, 126, 129
1121098.7.peg.1864.site.6, 1, 126, 127
1121098.7.peg.1864.site.7, 0, 126, 126
1121098.7.peg.1864.site.8, 52, 126, 178
1121098.7.peg.1864.site.9, 0, 126, 126
1121098.7.peg.1864.site.10, 60, 126, 186
1121098.7.peg.1864.site.11, 65, 126, 191
1121098.7.peg.1864.site.12, 3, 126, 129
1121098.7.peg.1864.site.13, 3, 125, 128
1121098.7.peg.1864.site.14, 14, 124, 138
1121098.7.peg.1864.site.15, 125, 125, 250
1121098.7.peg.1864.site.16, 1, 126, 127
1121098.7.peg.1864.site.17, 0, 126, 126
1121098.7.peg.1864.site.18, 2, 126, 128
1121098.7.peg.1864.site.19, 3, 124, 127
1121098.7.peg.1865.site.1, 4, 126, 130
1121098.7.peg.1865.site.2, 18, 124, 142
1121098.7.peg.1865.site.3, 1, 126, 127
1121098.7.peg.1865.site.4, 0, 126, 126
1121098.7.peg.1865.site.5, 97, 125, 222
1121098.7.peg.1866.site.1, 27, 126, 153
1121098.7.peg.1866.site.2, 0, 126, 126
1121098.7.peg.1867.site.1, 117, 126, 243
1121098.7.peg.1867.site.2, 0, 126, 126
1121098.7.peg.1867.site.3, 0, 126, 126
1121098.7.peg.1867.site.4, 1, 126, 127
1121098.7.peg.1867.site.5, 0, 126, 126
1121098.7.peg.1868.site.1, 0, 125, 125
1121098.7.peg.1868.site.2, 24, 126, 150
1121098.7.peg.755.site.1, 12, 126, 138
1121098.7.peg.755.site.2, 121, 126, 247
1121098.7.peg.756.site.1, 0, 126, 126
1121098.7.peg.756.site.2, 53, 126, 179
1121098.7.peg.757.site.1, 53, 126, 179
1121098.7.peg.757.site.2, 52, 126, 178
1121098.7.peg.757.site.3, 62, 126, 188
1121098.7.peg.757.site.4, 6, 126, 132
1121098.7.peg.757.site.5, 0, 126, 126
1121098.7.peg.757.site.6, 62, 126, 188
1121098.7.peg.757.site.7, 0, 126, 126
1121098.7.peg.757.site.8, 0, 125, 125
1121098.7.peg.757.site.9, 0, 125, 125
1121098.7.peg.757.site.10, 1, 126, 127
1121098.7.peg.757.site.11, 0, 10, 10
1121098.7.peg.750.site.1, 4, 126, 130
1121098.7.peg.750.site.2, 0, 126, 126
1121098.7.peg.751.site.1, 0, 126, 126
1121098.7.peg.751.site.2, 0, 126, 126
1121098.7.peg.751.site.3, 0, 126, 126
1121098.7.peg.753.site.1, 16, 126, 142
1121098.7.peg.753.site.2, 2, 125, 127
1121098.7.peg.753.site.3, 16, 124, 140
1121098.7.peg.753.site.4, 0, 125, 125
1121098.7.peg.753.site.5, 0, 126, 126
1121098.7.peg.753.site.6, 4, 126, 130
1121098.7.peg.753.site.7, 62, 126, 188
1121098.7.peg.753.site.8, 13, 125, 138
1121098.7.peg.3598.site.1, 12, 126, 138
1121098.7.peg.3598.site.2, 1, 126, 127
1121098.7.peg.3598.site.3, 14, 126, 140
1121098.7.peg.3598.site.4, 21, 126, 147
1121098.7.peg.3598.site.5, 0, 125, 125
1121098.7.peg.3598.site.6, 0, 126, 126
1121098.7.peg.3598.site.7, 4, 126, 130
1121098.7.peg.3598.site.8, 0, 126, 126
1121098.7.peg.3598.site.9, 59, 125, 184
1121098.7.peg.3598.site.10, 0, 125, 125
1121098.7.peg.3598.site.11, 11, 126, 137
1121098.7.peg.3598.site.12, 104, 125, 229
1121098.7.peg.3598.site.13, 2, 126, 128
1121098.7.peg.3598.site.14, 3, 126, 129
1121098.7.peg.3598.site.15, 0, 125, 125
1121098.7.peg.3598.site.16, 0, 125, 125
1121098.7.peg.3598.site.17, 0, 126, 126
1121098.7.peg.3598.site.18, 2, 126, 128
1121098.7.peg.3598.site.19, 19, 126, 145
1121098.7.peg.3598.site.20, 1, 126, 127
1121098.7.peg.3598.site.21, 0, 126, 126
1121098.7.peg.3598.site.22, 57, 126, 183
1121098.7.peg.3598.site.23, 12, 126, 138
1121098.7.peg.3598.site.24, 0, 125, 125
1121098.7.peg.3598.site.25, 0, 126, 126
1121098.7.peg.3599.site.1, 60, 126, 186
1121098.7.peg.3599.site.2, 0, 125, 125
1121098.7.peg.3599.site.3, 58, 126, 184
1121098.7.peg.3599.site.4, 0, 125, 125
1121098.7.peg.3599.site.5, 1, 126, 127
1121098.7.peg.3599.site.6, 63, 126, 189
1121098.7.peg.3599.site.7, 0, 126, 126
1121098.7.peg.3599.site.8, 1, 125, 126
1121098.7.peg.3599.site.9, 4, 126, 130
1121098.7.peg.3599.site.10, 52, 126, 178
1121098.7.peg.3599.site.11, 0, 126, 126
1121098.7.peg.3599.site.12, 10, 125, 135
1121098.7.peg.3599.site.13, 16, 126, 142
1121098.7.peg.3592.site.1, 3, 126, 129
1121098.7.peg.3592.site.2, 1, 126, 127
1121098.7.peg.3592.site.3, 59, 126, 185
1121098.7.peg.3592.site.4, 7, 125, 132
1121098.7.peg.3592.site.5, 0, 126, 126
1121098.7.peg.3592.site.6, 51, 126, 177
1121098.7.peg.3592.site.7, 12, 126, 138
1121098.7.peg.3592.site.8, 51, 126, 177
1121098.7.peg.3592.site.9, 68, 126, 194
1121098.7.peg.3593.site.1, 7, 125, 132
1121098.7.peg.3593.site.2, 0, 126, 126
1121098.7.peg.3593.site.3, 0, 125, 125
1121098.7.peg.3593.site.4, 2, 126, 128
1121098.7.peg.3593.site.5, 61, 126, 187
1121098.7.peg.3593.site.6, 1, 126, 127
1121098.7.peg.3593.site.7, 1, 126, 127
1121098.7.peg.3593.site.8, 0, 126, 126
1121098.7.peg.3593.site.9, 0, 126, 126
1121098.7.peg.3593.site.10, 4, 126, 130
1121098.7.peg.3591.site.1, 0, 126, 126
1121098.7.peg.3591.site.2, 18, 126, 144
1121098.7.peg.3591.site.3, 26, 126, 152
1121098.7.peg.3591.site.4, 1, 126, 127
1121098.7.peg.3591.site.5, 1, 126, 127
1121098.7.peg.3591.site.6, 7, 126, 133
1121098.7.peg.3597.site.1, 1, 125, 126
1121098.7.peg.3597.site.2, 2, 126, 128
1121098.7.peg.3597.site.3, 55, 124, 179
1121098.7.peg.3597.site.4, 31, 126, 157
1121098.7.peg.3597.site.5, 1, 126, 127
1121098.7.peg.3597.site.6, 0, 126, 126
1121098.7.peg.3597.site.7, 1, 126, 127
1121098.7.peg.3597.site.8, 0, 126, 126
1121098.7.peg.3597.site.9, 115, 126, 241
1121098.7.peg.3597.site.10, 1, 125, 126
1121098.7.peg.3594.site.1, 4, 126, 130
1121098.7.peg.3594.site.2, 0, 125, 125
1121098.7.peg.3594.site.3, 16, 126, 142
1121098.7.peg.3595.site.1, 56, 126, 182
1121098.7.peg.3595.site.2, 49, 125, 174
1121098.7.peg.3595.site.3, 0, 126, 126
1121098.7.peg.2334.site.1, 13, 126, 139
1121098.7.peg.2334.site.2, 2, 126, 128
1121098.7.peg.1730.site.1, 1, 126, 127
1121098.7.peg.1730.site.2, 86, 125, 211
1121098.7.peg.1730.site.3, 0, 126, 126
1121098.7.peg.1730.site.4, 6, 126, 132
1121098.7.peg.1730.site.5, 1, 126, 127
1121098.7.peg.1730.site.6, 0, 126, 126
1121098.7.peg.1730.site.7, 12, 125, 137
1121098.7.peg.1730.site.8, 0, 125, 125
1121098.7.peg.1730.site.9, 15, 125, 140
1121098.7.peg.1730.site.10, 1, 124, 125
1121098.7.peg.1730.site.11, 16, 124, 140
1121098.7.peg.1730.site.12, 5, 126, 131
1121098.7.peg.1730.site.13, 2, 126, 128
1121098.7.peg.1730.site.14, 12, 125, 137
1121098.7.peg.1730.site.15, 5, 126, 131
1121098.7.peg.1730.site.16, 0, 126, 126
1121098.7.peg.1732.site.1, 28, 125, 153
1121098.7.peg.1732.site.2, 0, 125, 125
1121098.7.peg.1732.site.3, 0, 126, 126
1121098.7.peg.1732.site.4, 0, 126, 126
1121098.7.peg.1732.site.5, 3, 125, 128
1121098.7.peg.1732.site.6, 0, 125, 125
1121098.7.peg.1732.site.7, 57, 126, 183
1121098.7.peg.1732.site.8, 82, 124, 206
1121098.7.peg.1732.site.9, 0, 126, 126
1121098.7.peg.1733.site.1, 1, 126, 127
1121098.7.peg.1733.site.2, 0, 125, 125
1121098.7.peg.1733.site.3, 0, 126, 126
1121098.7.peg.1733.site.4, 0, 126, 126
1121098.7.peg.1733.site.5, 4, 126, 130
1121098.7.peg.1733.site.6, 0, 126, 126
1121098.7.peg.1733.site.7, 3, 125, 128
1121098.7.peg.1733.site.8, 55, 126, 181
1121098.7.peg.1733.site.9, 3, 126, 129
1121098.7.peg.1733.site.10, 3, 126, 129
1121098.7.peg.1733.site.11, 3, 126, 129
1121098.7.peg.1733.site.12, 0, 125, 125
1121098.7.peg.1733.site.13, 3, 126, 129
1121098.7.peg.1733.site.14, 0, 126, 126
1121098.7.peg.1733.site.15, 0, 126, 126
1121098.7.peg.1733.site.16, 122, 126, 248
1121098.7.peg.1733.site.17, 0, 126, 126
1121098.7.peg.1733.site.18, 14, 125, 139
1121098.7.peg.1733.site.19, 0, 126, 126
1121098.7.peg.1733.site.20, 0, 125, 125
1121098.7.peg.1733.site.21, 1, 126, 127
1121098.7.peg.1733.site.22, 90, 126, 216
1121098.7.peg.1733.site.23, 4, 126, 130
1121098.7.peg.1733.site.24, 12, 126, 138
1121098.7.peg.1733.site.25, 3, 126, 129
1121098.7.peg.1733.site.26, 11, 126, 137
1121098.7.peg.1733.site.27, 71, 126, 197
1121098.7.peg.1733.site.28, 7, 125, 132
1121098.7.peg.1733.site.29, 4, 126, 130
1121098.7.peg.1733.site.30, 5, 126, 131
1121098.7.peg.1733.site.31, 50, 126, 176
1121098.7.peg.1733.site.32, 15, 126, 141
1121098.7.peg.1733.site.33, 4, 126, 130
1121098.7.peg.1734.site.1, 55, 126, 181
1121098.7.peg.1734.site.2, 0, 126, 126
1121098.7.peg.1734.site.3, 1, 126, 127
1121098.7.peg.1734.site.4, 0, 126, 126
1121098.7.peg.1734.site.5, 0, 126, 126
1121098.7.peg.1734.site.6, 2, 126, 128
1121098.7.peg.1734.site.7, 1, 126, 127
1121098.7.peg.1734.site.8, 55, 126, 181
1121098.7.peg.1734.site.9, 1, 126, 127
1121098.7.peg.1734.site.10, 1, 126, 127
1121098.7.peg.1734.site.11, 4, 126, 130
1121098.7.peg.350.site.1, 0, 125, 125
1121098.7.peg.350.site.2, 12, 126, 138
1121098.7.peg.350.site.3, 4, 126, 130
1121098.7.peg.350.site.4, 60, 126, 186
1121098.7.peg.350.site.5, 0, 126, 126
1121098.7.peg.350.site.6, 0, 126, 126
1121098.7.peg.351.site.1, 3, 126, 129
1121098.7.peg.351.site.2, 4, 126, 130
1121098.7.peg.351.site.3, 1, 126, 127
1121098.7.peg.351.site.4, 4, 126, 130
1121098.7.peg.351.site.5, 0, 126, 126
1121098.7.peg.352.site.1, 0, 126, 126
1121098.7.peg.352.site.2, 0, 126, 126
1121098.7.peg.352.site.3, 65, 126, 191
1121098.7.peg.353.site.1, 40, 114, 154
1121098.7.peg.353.site.2, 29, 123, 152
1121098.7.peg.353.site.3, 1, 126, 127
1121098.7.peg.353.site.4, 8, 80, 88
1121098.7.peg.353.site.5, 5, 77, 82
1121098.7.peg.353.site.6, 5, 77, 82
1121098.7.peg.353.site.7, 0, 97, 97
1121098.7.peg.353.site.8, 19, 91, 110
1121098.7.peg.353.site.9, 10, 82, 92
1121098.7.peg.353.site.10, 1, 73, 74
1121098.7.peg.353.site.11, 1, 73, 74
1121098.7.peg.353.site.12, 3, 72, 75
1121098.7.peg.353.site.13, 11, 71, 82
1121098.7.peg.353.site.14, 7, 77, 84
1121098.7.peg.353.site.15, 8, 77, 85
1121098.7.peg.353.site.16, 37, 109, 146
1121098.7.peg.353.site.17, 55, 123, 178
1121098.7.peg.353.site.18, 1, 125, 126
1121098.7.peg.353.site.19, 25, 122, 147
1121098.7.peg.353.site.20, 59, 123, 182
1121098.7.peg.353.site.21, 1, 123, 124
1121098.7.peg.353.site.22, 99, 123, 222
1121098.7.peg.353.site.23, 12, 124, 136
1121098.7.peg.353.site.24, 1, 125, 126
1121098.7.peg.353.site.25, 14, 125, 139
1121098.7.peg.353.site.26, 101, 125, 226
1121098.7.peg.353.site.27, 91, 126, 217
1121098.7.peg.353.site.28, 0, 124, 124
1121098.7.peg.353.site.29, 45, 123, 168
1121098.7.peg.353.site.30, 11, 124, 135
1121098.7.peg.353.site.31, 2, 126, 128
1121098.7.peg.353.site.32, 0, 126, 126
1121098.7.peg.353.site.33, 2, 126, 128
1121098.7.peg.353.site.34, 4, 126, 130
1121098.7.peg.353.site.35, 60, 126, 186
1121098.7.peg.353.site.36, 1, 126, 127
1121098.7.peg.353.site.37, 36, 126, 162
1121098.7.peg.353.site.38, 4, 125, 129
1121098.7.peg.353.site.39, 2, 126, 128
1121098.7.peg.354.site.1, 4, 126, 130
1121098.7.peg.355.site.1, 24, 126, 150
1121098.7.peg.355.site.2, 50, 125, 175
1121098.7.peg.355.site.3, 0, 124, 124
1121098.7.peg.355.site.4, 0, 126, 126
1121098.7.peg.355.site.5, 12, 126, 138
1121098.7.peg.356.site.1, 1, 125, 126
1121098.7.peg.356.site.2, 2, 126, 128
1121098.7.peg.356.site.3, 0, 126, 126
1121098.7.peg.356.site.4, 4, 126, 130
1121098.7.peg.356.site.5, 83, 124, 207
1121098.7.peg.357.site.1, 1, 125, 126
1121098.7.peg.357.site.2, 89, 125, 214
1121098.7.peg.357.site.3, 5, 126, 131
1121098.7.peg.357.site.4, 3, 126, 129
1121098.7.peg.357.site.5, 2, 126, 128
1121098.7.peg.357.site.6, 6, 126, 132
1121098.7.peg.357.site.7, 0, 125, 125
1121098.7.peg.357.site.8, 58, 126, 184
1121098.7.peg.357.site.9, 1, 126, 127
1121098.7.peg.357.site.10, 0, 126, 126
1121098.7.peg.358.site.1, 0, 126, 126
1121098.7.peg.358.site.2, 3, 126, 129
1121098.7.peg.358.site.3, 4, 126, 130
1121098.7.peg.358.site.4, 3, 126, 129
1121098.7.peg.2348.site.1, 0, 126, 126
1121098.7.peg.2348.site.2, 39, 123, 162
1121098.7.peg.2348.site.3, 36, 123, 159
1121098.7.peg.2348.site.4, 64, 126, 190
1121098.7.peg.2348.site.5, 32, 125, 157
1121098.7.peg.2349.site.1, 1, 126, 127
1121098.7.peg.2349.site.2, 0, 126, 126
1121098.7.peg.2349.site.3, 63, 126, 189
1121098.7.peg.2349.site.4, 63, 126, 189
1121098.7.peg.2349.site.5, 62, 125, 187
1121098.7.peg.2349.site.6, 63, 126, 189
1121098.7.peg.2349.site.7, 55, 126, 181
1121098.7.peg.2349.site.8, 63, 126, 189
1121098.7.peg.2349.site.9, 61, 125, 186
1121098.7.peg.2188.site.1, 74, 126, 200
1121098.7.peg.2188.site.2, 1, 126, 127
1121098.7.peg.2188.site.3, 7, 125, 132
1121098.7.peg.2188.site.4, 115, 126, 241
1121098.7.peg.2188.site.5, 71, 126, 197
1121098.7.peg.2188.site.6, 57, 126, 183
1121098.7.peg.2188.site.7, 1, 126, 127
1121098.7.peg.2189.site.1, 2, 126, 128
1121098.7.peg.2189.site.2, 0, 126, 126
1121098.7.peg.2182.site.1, 3, 126, 129
1121098.7.peg.2182.site.2, 3, 126, 129
1121098.7.peg.2182.site.3, 0, 126, 126
1121098.7.peg.2182.site.4, 25, 109, 134
1121098.7.peg.2182.site.5, 56, 109, 165
1121098.7.peg.2182.site.6, 8, 117, 125
1121098.7.peg.2182.site.7, 10, 120, 130
1121098.7.peg.2182.site.8, 12, 115, 127
1121098.7.peg.2182.site.9, 1, 111, 112
1121098.7.peg.2182.site.10, 0, 110, 110
1121098.7.peg.2182.site.11, 8, 109, 117
1121098.7.peg.2182.site.12, 8, 97, 105
1121098.7.peg.2182.site.13, 3, 109, 112
1121098.7.peg.2182.site.14, 1, 125, 126
1121098.7.peg.2182.site.15, 1, 125, 126
1121098.7.peg.2182.site.16, 3, 111, 114
1121098.7.peg.2182.site.17, 1, 105, 106
1121098.7.peg.2182.site.18, 4, 106, 110
1121098.7.peg.2182.site.19, 57, 72, 129
1121098.7.peg.2182.site.20, 15, 87, 102
1121098.7.peg.2182.site.21, 16, 88, 104
1121098.7.peg.2182.site.22, 17, 89, 106
1121098.7.peg.2182.site.23, 0, 89, 89
1121098.7.peg.2182.site.24, 0, 89, 89
1121098.7.peg.2180.site.1, 6, 126, 132
1121098.7.peg.2180.site.2, 107, 125, 232
1121098.7.peg.2180.site.3, 19, 126, 145
1121098.7.peg.2181.site.1, 0, 126, 126
1121098.7.peg.2181.site.2, 0, 126, 126
1121098.7.peg.2181.site.3, 0, 125, 125
1121098.7.peg.2186.site.1, 0, 126, 126
1121098.7.peg.2186.site.2, 1, 126, 127
1121098.7.peg.2187.site.1, 0, 126, 126
1121098.7.peg.2187.site.2, 11, 126, 137
1121098.7.peg.2187.site.3, 118, 125, 243
1121098.7.peg.2187.site.4, 94, 125, 219
1121098.7.peg.2187.site.5, 0, 126, 126
1121098.7.peg.2187.site.6, 122, 126, 248
1121098.7.peg.2187.site.7, 49, 126, 175
1121098.7.peg.2187.site.8, 106, 126, 232
1121098.7.peg.2187.site.9, 4, 126, 130
1121098.7.peg.2185.site.1, 0, 124, 124
1121098.7.peg.2185.site.2, 18, 125, 143
1121098.7.peg.2185.site.3, 0, 126, 126
1121098.7.peg.2185.site.4, 2, 126, 128
1121098.7.peg.2185.site.5, 86, 126, 212
1121098.7.peg.2185.site.6, 2, 126, 128
1121098.7.peg.2185.site.7, 0, 125, 125
1121098.7.peg.2185.site.8, 121, 126, 247
1121098.7.peg.2185.site.9, 0, 126, 126
1121098.7.peg.2185.site.10, 25, 125, 150
1121098.7.peg.2185.site.11, 1, 125, 126
1121098.7.peg.2185.site.12, 0, 126, 126
1121098.7.peg.228.site.1, 5, 126, 131
1121098.7.peg.228.site.2, 0, 125, 125
1121098.7.peg.228.site.3, 0, 126, 126
1121098.7.peg.228.site.4, 0, 126, 126
1121098.7.peg.228.site.5, 0, 125, 125
1121098.7.peg.228.site.6, 0, 125, 125
1121098.7.peg.228.site.7, 3, 126, 129
1121098.7.peg.228.site.8, 0, 126, 126
1121098.7.peg.228.site.9, 0, 126, 126
1121098.7.peg.228.site.10, 0, 126, 126
1121098.7.peg.229.site.1, 5, 126, 131
1121098.7.peg.229.site.2, 5, 125, 130
1121098.7.peg.229.site.3, 1, 120, 121
1121098.7.peg.229.site.4, 18, 126, 144
1121098.7.peg.229.site.5, 0, 126, 126
1121098.7.peg.229.site.6, 5, 126, 131
1121098.7.peg.229.site.7, 0, 126, 126
1121098.7.peg.220.site.1, 7, 125, 132
1121098.7.peg.220.site.2, 0, 126, 126
1121098.7.peg.220.site.3, 1, 126, 127
1121098.7.peg.220.site.4, 0, 126, 126
1121098.7.peg.220.site.5, 0, 126, 126
1121098.7.peg.220.site.6, 0, 126, 126
1121098.7.peg.221.site.1, 51, 126, 177
1121098.7.peg.221.site.2, 2, 125, 127
1121098.7.peg.221.site.3, 61, 126, 187
1121098.7.peg.47.site.1, 0, 126, 126
1121098.7.peg.47.site.2, 0, 126, 126
1121098.7.peg.47.site.3, 0, 126, 126
1121098.7.peg.47.site.4, 10, 126, 136
1121098.7.peg.47.site.5, 0, 126, 126
1121098.7.peg.47.site.6, 0, 126, 126
1121098.7.peg.47.site.7, 1, 126, 127
1121098.7.peg.47.site.8, 56, 126, 182
1121098.7.peg.47.site.9, 0, 126, 126
1121098.7.peg.47.site.10, 0, 126, 126
1121098.7.peg.47.site.11, 7, 125, 132
1121098.7.peg.47.site.12, 53, 125, 178
1121098.7.peg.47.site.13, 0, 126, 126
1121098.7.peg.47.site.14, 4, 126, 130
1121098.7.peg.47.site.15, 0, 126, 126
1121098.7.peg.47.site.16, 122, 126, 248
1121098.7.peg.47.site.17, 2, 126, 128
1121098.7.peg.47.site.18, 7, 126, 133
1121098.7.peg.47.site.19, 3, 126, 129
1121098.7.peg.47.site.20, 0, 126, 126
1121098.7.peg.47.site.21, 22, 125, 147
1121098.7.peg.47.site.22, 0, 126, 126
1121098.7.peg.47.site.23, 55, 125, 180
1121098.7.peg.46.site.1, 22, 126, 148
1121098.7.peg.46.site.2, 0, 126, 126
1121098.7.peg.46.site.3, 17, 124, 141
1121098.7.peg.46.site.4, 51, 126, 177
1121098.7.peg.46.site.5, 0, 126, 126
1121098.7.peg.1512.site.1, 122, 126, 248
1121098.7.peg.44.site.1, 0, 123, 123
1121098.7.peg.44.site.2, 0, 123, 123
1121098.7.peg.44.site.3, 4, 123, 127
1121098.7.peg.44.site.4, 0, 123, 123
1121098.7.peg.44.site.5, 63, 123, 186
1121098.7.peg.44.site.6, 111, 123, 234
1121098.7.peg.44.site.7, 0, 122, 122
1121098.7.peg.44.site.8, 1, 122, 123
1121098.7.peg.44.site.9, 0, 122, 122
1121098.7.peg.44.site.10, 4, 123, 127
1121098.7.peg.44.site.11, 0, 123, 123
1121098.7.peg.44.site.12, 0, 123, 123
1121098.7.peg.44.site.13, 1, 121, 122
1121098.7.peg.43.site.1, 3, 120, 123
1121098.7.peg.43.site.2, 57, 123, 180
1121098.7.peg.43.site.3, 3, 123, 126
1121098.7.peg.43.site.4, 3, 122, 125
1121098.7.peg.43.site.5, 3, 123, 126
1121098.7.peg.43.site.6, 1, 121, 122
1121098.7.peg.43.site.7, 2, 122, 124
1121098.7.peg.43.site.8, 3, 123, 126
1121098.7.peg.43.site.9, 0, 123, 123
1121098.7.peg.43.site.10, 119, 123, 242
1121098.7.peg.43.site.11, 6, 123, 129
1121098.7.peg.43.site.12, 6, 123, 129
1121098.7.peg.43.site.13, 0, 121, 121
1121098.7.peg.43.site.14, 3, 122, 125
1121098.7.peg.43.site.15, 3, 123, 126
1121098.7.peg.43.site.16, 62, 123, 185
1121098.7.peg.43.site.17, 51, 123, 174
1121098.7.peg.43.site.18, 0, 122, 122
1121098.7.peg.43.site.19, 0, 123, 123
1121098.7.peg.43.site.20, 1, 123, 124
1121098.7.peg.43.site.21, 1, 123, 124
1121098.7.peg.43.site.22, 0, 123, 123
1121098.7.peg.43.site.23, 42, 123, 165
1121098.7.peg.43.site.24, 4, 123, 127
1121098.7.peg.43.site.25, 4, 123, 127
1121098.7.peg.43.site.26, 0, 123, 123
1121098.7.peg.43.site.27, 63, 122, 185
1121098.7.peg.43.site.28, 5, 121, 126
1121098.7.peg.43.site.29, 70, 118, 188
1121098.7.peg.43.site.30, 111, 123, 234
1121098.7.peg.43.site.31, 0, 123, 123
1121098.7.peg.43.site.32, 4, 123, 127
1121098.7.peg.43.site.33, 0, 123, 123
1121098.7.peg.43.site.34, 0, 123, 123
1121098.7.peg.43.site.35, 0, 121, 121
1121098.7.peg.42.site.1, 0, 126, 126
1121098.7.peg.42.site.2, 0, 126, 126
1121098.7.peg.42.site.3, 120, 125, 245
1121098.7.peg.42.site.4, 1, 126, 127
1121098.7.peg.42.site.5, 0, 126, 126
1121098.7.peg.42.site.6, 3, 123, 126
1121098.7.peg.42.site.7, 53, 123, 176
1121098.7.peg.42.site.8, 0, 122, 122
1121098.7.peg.42.site.9, 3, 123, 126
1121098.7.peg.42.site.10, 4, 122, 126
1121098.7.peg.3763.site.1, 24, 126, 150
1121098.7.peg.3763.site.2, 2, 126, 128
1121098.7.peg.3763.site.3, 0, 126, 126
1121098.7.peg.3763.site.4, 2, 126, 128
1121098.7.peg.3763.site.5, 1, 126, 127
1121098.7.peg.3763.site.6, 0, 126, 126
1121098.7.peg.3763.site.7, 1, 125, 126
1121098.7.peg.3763.site.8, 12, 125, 137
1121098.7.peg.3763.site.9, 101, 125, 226
1121098.7.peg.3762.site.1, 2, 125, 127
1121098.7.peg.3762.site.2, 1, 124, 125
1121098.7.peg.3768.site.1, 12, 126, 138
1121098.7.peg.3768.site.2, 0, 126, 126
1121098.7.peg.3768.site.3, 110, 126, 236
1121098.7.peg.3768.site.4, 0, 126, 126
1121098.7.peg.3768.site.5, 9, 125, 134
1121098.7.peg.3768.site.6, 54, 126, 180
1121098.7.peg.3768.site.7, 0, 126, 126
1121098.7.peg.3768.site.8, 0, 126, 126
1121098.7.peg.3768.site.9, 122, 126, 248
1121098.7.peg.48.site.1, 87, 125, 212
1121098.7.peg.48.site.2, 0, 126, 126
1121098.7.peg.48.site.3, 34, 125, 159
1121098.7.peg.48.site.4, 1, 126, 127
1121098.7.peg.48.site.5, 53, 126, 179
1121098.7.peg.48.site.6, 0, 126, 126
1121098.7.peg.48.site.7, 58, 126, 184
1121098.7.peg.48.site.8, 0, 126, 126
1121098.7.peg.48.site.9, 0, 126, 126
1121098.7.peg.4060.site.1, 18, 126, 144
1121098.7.peg.4060.site.2, 0, 126, 126
1121098.7.peg.4060.site.3, 55, 126, 181
1121098.7.peg.4060.site.4, 0, 126, 126
1121098.7.peg.4060.site.5, 12, 126, 138
1121098.7.peg.4060.site.6, 2, 126, 128
1121098.7.peg.4060.site.7, 0, 125, 125
1121098.7.peg.4060.site.8, 7, 126, 133
1121098.7.peg.4060.site.9, 2, 126, 128
1121098.7.peg.4060.site.10, 16, 126, 142
1121098.7.peg.4060.site.11, 0, 126, 126
1121098.7.peg.4060.site.12, 32, 125, 157
1121098.7.peg.4060.site.13, 3, 126, 129
1121098.7.peg.4060.site.14, 4, 126, 130
1121098.7.peg.4060.site.15, 54, 126, 180
1121098.7.peg.4060.site.16, 0, 126, 126
1121098.7.peg.4060.site.17, 1, 126, 127
1121098.7.peg.4060.site.18, 55, 126, 181
1121098.7.peg.4060.site.19, 0, 126, 126
1121098.7.peg.4060.site.20, 0, 126, 126
1121098.7.peg.4060.site.21, 10, 126, 136
1121098.7.peg.4060.site.22, 0, 126, 126
1121098.7.peg.4060.site.23, 0, 126, 126
1121098.7.peg.4060.site.24, 3, 125, 128
1121098.7.peg.4060.site.25, 4, 125, 129
1121098.7.peg.2337.site.1, 3, 126, 129
1121098.7.peg.2337.site.2, 0, 125, 125
1121098.7.peg.2337.site.3, 4, 126, 130
1121098.7.peg.2337.site.4, 29, 125, 154
1121098.7.peg.2337.site.5, 2, 126, 128
1121098.7.peg.2337.site.6, 0, 126, 126
1121098.7.peg.2757.site.1, 0, 126, 126
1121098.7.peg.2757.site.2, 51, 126, 177
1121098.7.peg.2757.site.3, 5, 126, 131
1121098.7.peg.2757.site.4, 1, 126, 127
1121098.7.peg.2757.site.5, 14, 125, 139
1121098.7.peg.2757.site.6, 69, 126, 195
1121098.7.peg.2757.site.7, 69, 126, 195
1121098.7.peg.2757.site.8, 14, 126, 140
1121098.7.peg.2757.site.9, 14, 126, 140
1121098.7.peg.2757.site.10, 14, 126, 140
1121098.7.peg.2757.site.11, 14, 126, 140
1121098.7.peg.2757.site.12, 0, 126, 126
1121098.7.peg.2757.site.13, 22, 125, 147
1121098.7.peg.2757.site.14, 63, 125, 188
1121098.7.peg.2757.site.15, 0, 126, 126
1121098.7.peg.2757.site.16, 110, 126, 236
1121098.7.peg.2757.site.17, 4, 125, 129
1121098.7.peg.2757.site.18, 3, 126, 129
1121098.7.peg.2757.site.19, 0, 126, 126
1121098.7.peg.2757.site.20, 53, 126, 179
1121098.7.peg.2757.site.21, 54, 123, 177
1121098.7.peg.2757.site.22, 6, 120, 126
1121098.7.peg.2757.site.23, 2, 122, 124
1121098.7.peg.2757.site.24, 1, 123, 124
1121098.7.peg.2757.site.25, 23, 123, 146
1121098.7.peg.2757.site.26, 2, 126, 128
1121098.7.peg.2757.site.27, 12, 126, 138
1121098.7.peg.2757.site.28, 3, 126, 129
1121098.7.peg.2757.site.29, 5, 126, 131
1121098.7.peg.2757.site.30, 2, 124, 126
1121098.7.peg.2757.site.31, 0, 123, 123
1121098.7.peg.2757.site.32, 18, 125, 143
1121098.7.peg.2757.site.33, 17, 124, 141
1121098.7.peg.2757.site.34, 1, 109, 110
1121098.7.peg.2757.site.35, 4, 108, 112
1121098.7.peg.2757.site.36, 13, 112, 125
1121098.7.peg.2757.site.37, 3, 113, 116
1121098.7.peg.2961.site.1, 122, 126, 248
1121098.7.peg.2961.site.2, 55, 126, 181
1121098.7.peg.2961.site.3, 0, 126, 126
1121098.7.peg.2961.site.4, 55, 126, 181
1121098.7.peg.2961.site.5, 122, 126, 248
1121098.7.peg.2961.site.6, 0, 126, 126
1121098.7.peg.2964.site.1, 2, 125, 127
1121098.7.peg.2964.site.2, 3, 126, 129
1121098.7.peg.2964.site.3, 9, 126, 135
1121098.7.peg.2964.site.4, 0, 126, 126
1121098.7.peg.2964.site.5, 0, 126, 126
1121098.7.peg.2964.site.6, 68, 125, 193
1121098.7.peg.2964.site.7, 1, 126, 127
1121098.7.peg.2964.site.8, 30, 126, 156
1121098.7.peg.2964.site.9, 3, 126, 129
1121098.7.peg.2964.site.10, 0, 126, 126
1121098.7.peg.2964.site.11, 46, 125, 171
1121098.7.peg.2964.site.12, 46, 125, 171
1121098.7.peg.2964.site.13, 84, 125, 209
1121098.7.peg.2964.site.14, 3, 126, 129
1121098.7.peg.2964.site.15, 2, 125, 127
1121098.7.peg.2964.site.16, 2, 126, 128
1121098.7.peg.2965.site.1, 0, 126, 126
1121098.7.peg.2965.site.2, 61, 125, 186
1121098.7.peg.2965.site.3, 0, 126, 126
1121098.7.peg.1464.site.1, 4, 126, 130
1121098.7.peg.1464.site.2, 0, 124, 124
1121098.7.peg.1464.site.3, 40, 125, 165
1121098.7.peg.1464.site.4, 26, 126, 152
1121098.7.peg.1464.site.5, 0, 125, 125
1121098.7.peg.3180.site.1, 117, 126, 243
1121098.7.peg.3180.site.2, 1, 126, 127
1121098.7.peg.3180.site.3, 0, 126, 126
1121098.7.peg.3180.site.4, 2, 126, 128
1121098.7.peg.3180.site.5, 57, 126, 183
1121098.7.peg.1466.site.1, 0, 126, 126
1121098.7.peg.1466.site.2, 2, 125, 127
1121098.7.peg.1467.site.1, 52, 126, 178
1121098.7.peg.1467.site.2, 51, 126, 177
1121098.7.peg.1467.site.3, 21, 125, 146
1121098.7.peg.1467.site.4, 0, 126, 126
1121098.7.peg.1467.site.5, 8, 126, 134
1121098.7.peg.1467.site.6, 6, 126, 132
1121098.7.peg.1467.site.7, 0, 126, 126
1121098.7.peg.1467.site.8, 113, 126, 239
1121098.7.peg.1467.site.9, 91, 125, 216
1121098.7.peg.1467.site.10, 0, 126, 126
1121098.7.peg.1467.site.11, 3, 126, 129
1121098.7.peg.1461.site.1, 2, 126, 128
1121098.7.peg.1461.site.2, 38, 125, 163
1121098.7.peg.1461.site.3, 27, 126, 153
1121098.7.peg.1461.site.4, 5, 123, 128
1121098.7.peg.1461.site.5, 1, 126, 127
1121098.7.peg.1461.site.6, 2, 126, 128
1121098.7.peg.1461.site.7, 4, 126, 130
1121098.7.peg.1463.site.1, 43, 126, 169
1121098.7.peg.1463.site.2, 2, 125, 127
1121098.7.peg.1463.site.3, 0, 126, 126
1121098.7.peg.3610.site.1, 0, 126, 126
1121098.7.peg.3610.site.2, 3, 126, 129
1121098.7.peg.3610.site.3, 2, 126, 128
1121098.7.peg.3610.site.4, 3, 126, 129
1121098.7.peg.3610.site.5, 25, 126, 151
1121098.7.peg.3610.site.6, 2, 126, 128
1121098.7.peg.3610.site.7, 0, 126, 126
1121098.7.peg.3610.site.8, 28, 126, 154
1121098.7.peg.3610.site.9, 0, 126, 126
1121098.7.peg.3613.site.1, 10, 126, 136
1121098.7.peg.3613.site.2, 4, 126, 130
1121098.7.peg.3613.site.3, 122, 126, 248
1121098.7.peg.3613.site.4, 1, 125, 126
1121098.7.peg.3613.site.5, 25, 125, 150
1121098.7.peg.3613.site.6, 2, 126, 128
1121098.7.peg.3613.site.7, 57, 126, 183
1121098.7.peg.3613.site.8, 91, 125, 216
1121098.7.peg.3613.site.9, 27, 126, 153
1121098.7.peg.3613.site.10, 0, 125, 125
1121098.7.peg.3612.site.1, 0, 125, 125
1121098.7.peg.3612.site.2, 0, 126, 126
1121098.7.peg.3612.site.3, 4, 126, 130
1121098.7.peg.3612.site.4, 6, 126, 132
1121098.7.peg.3612.site.5, 23, 126, 149
1121098.7.peg.3612.site.6, 1, 126, 127
1121098.7.peg.3612.site.7, 1, 126, 127
1121098.7.peg.3615.site.1, 117, 125, 242
1121098.7.peg.1469.site.1, 19, 125, 144
1121098.7.peg.1469.site.2, 56, 126, 182
1121098.7.peg.1469.site.3, 4, 126, 130
1121098.7.peg.1469.site.4, 3, 126, 129
1121098.7.peg.1469.site.5, 2, 126, 128
1121098.7.peg.1469.site.6, 60, 126, 186
1121098.7.peg.1469.site.7, 26, 126, 152
1121098.7.peg.1469.site.8, 0, 126, 126
1121098.7.peg.1469.site.9, 0, 124, 124
1121098.7.peg.1469.site.10, 0, 125, 125
1121098.7.peg.3616.site.1, 9, 126, 135
1121098.7.peg.3616.site.2, 0, 126, 126
1121098.7.peg.3616.site.3, 3, 126, 129
1121098.7.peg.3616.site.4, 0, 126, 126
1121098.7.peg.3616.site.5, 11, 126, 137
1121098.7.peg.3616.site.6, 5, 126, 131
1121098.7.peg.3616.site.7, 2, 126, 128
1121098.7.peg.3616.site.8, 0, 126, 126
1121098.7.peg.3616.site.9, 0, 126, 126
1121098.7.peg.3616.site.10, 0, 126, 126
1121098.7.peg.3616.site.11, 56, 126, 182
1121098.7.peg.3616.site.12, 0, 126, 126
1121098.7.peg.3616.site.13, 5, 126, 131
1121098.7.peg.3616.site.14, 0, 126, 126
1121098.7.peg.3616.site.15, 1, 126, 127
1121098.7.peg.3616.site.16, 4, 126, 130
1121098.7.peg.4022.site.1, 1, 126, 127
1121098.7.peg.4022.site.2, 59, 126, 185
1121098.7.peg.4022.site.3, 3, 126, 129
1121098.7.peg.2741.site.1, 3, 126, 129
1121098.7.peg.2741.site.2, 7, 126, 133
1121098.7.peg.2741.site.3, 2, 126, 128
1121098.7.peg.2741.site.4, 5, 126, 131
1121098.7.peg.2741.site.5, 65, 126, 191
1121098.7.peg.2741.site.6, 3, 126, 129
1121098.7.peg.2741.site.7, 62, 126, 188
1121098.7.peg.2741.site.8, 98, 126, 224
1121098.7.peg.2741.site.9, 122, 126, 248
1121098.7.peg.2741.site.10, 42, 125, 167
1121098.7.peg.2741.site.11, 52, 125, 177
1121098.7.peg.2741.site.12, 12, 126, 138
1121098.7.peg.2741.site.13, 12, 126, 138
1121098.7.peg.2741.site.14, 1, 125, 126
1121098.7.peg.2741.site.15, 69, 125, 194
1121098.7.peg.2742.site.1, 1, 125, 126
1121098.7.peg.2742.site.2, 57, 125, 182
1121098.7.peg.2742.site.3, 122, 126, 248
1121098.7.peg.2742.site.4, 10, 126, 136
1121098.7.peg.2742.site.5, 0, 125, 125
1121098.7.peg.2742.site.6, 4, 126, 130
1121098.7.peg.2742.site.7, 15, 126, 141
1121098.7.peg.2742.site.8, 0, 126, 126
1121098.7.peg.2742.site.9, 115, 125, 240
1121098.7.peg.2742.site.10, 4, 126, 130
1121098.7.peg.2743.site.1, 1, 126, 127
1121098.7.peg.2743.site.2, 67, 126, 193
1121098.7.peg.2743.site.3, 0, 125, 125
1121098.7.peg.2743.site.4, 0, 125, 125
1121098.7.peg.2743.site.5, 4, 126, 130
1121098.7.peg.2743.site.6, 0, 125, 125
1121098.7.peg.2743.site.7, 1, 126, 127
1121098.7.peg.2743.site.8, 23, 125, 148
1121098.7.peg.2743.site.9, 0, 126, 126
1121098.7.peg.2743.site.10, 0, 126, 126
1121098.7.peg.2744.site.1, 4, 124, 128
1121098.7.peg.2744.site.2, 17, 124, 141
1121098.7.peg.2744.site.3, 121, 125, 246
1121098.7.peg.2744.site.4, 0, 125, 125
1121098.7.peg.2744.site.5, 50, 122, 172
1121098.7.peg.2744.site.6, 0, 124, 124
1121098.7.peg.2744.site.7, 122, 126, 248
1121098.7.peg.2744.site.8, 23, 125, 148
1121098.7.peg.2744.site.9, 120, 125, 245
1121098.7.peg.2744.site.10, 1, 125, 126
1121098.7.peg.2745.site.1, 63, 125, 188
1121098.7.peg.2745.site.2, 4, 126, 130
1121098.7.peg.2745.site.3, 0, 126, 126
1121098.7.peg.2745.site.4, 0, 126, 126
1121098.7.peg.2745.site.5, 100, 124, 224
1121098.7.peg.2745.site.6, 0, 126, 126
1121098.7.peg.2746.site.1, 0, 125, 125
1121098.7.peg.2746.site.2, 0, 126, 126
1121098.7.peg.2746.site.3, 36, 125, 161
1121098.7.peg.2746.site.4, 60, 126, 186
1121098.7.peg.2746.site.5, 0, 124, 124
1121098.7.peg.2746.site.6, 1, 126, 127
1121098.7.peg.2746.site.7, 60, 125, 185
1121098.7.peg.2746.site.8, 5, 125, 130
1121098.7.peg.2746.site.9, 2, 126, 128
1121098.7.peg.2747.site.1, 0, 125, 125
1121098.7.peg.2747.site.2, 98, 124, 222
1121098.7.peg.2747.site.3, 0, 125, 125
1121098.7.peg.2747.site.4, 0, 125, 125
1121098.7.peg.2747.site.5, 0, 125, 125
1121098.7.peg.2747.site.6, 0, 124, 124
1121098.7.peg.2747.site.7, 1, 125, 126
1121098.7.peg.2747.site.8, 14, 124, 138
1121098.7.peg.2747.site.9, 0, 124, 124
1121098.7.peg.2748.site.1, 0, 124, 124
1121098.7.peg.2748.site.2, 112, 123, 235
1121098.7.peg.2748.site.3, 0, 124, 124
1121098.7.peg.2748.site.4, 0, 124, 124
1121098.7.peg.2748.site.5, 4, 123, 127
1121098.7.peg.2749.site.1, 5, 125, 130
1121098.7.peg.2749.site.2, 22, 125, 147
1121098.7.peg.2749.site.3, 63, 126, 189
1121098.7.peg.2749.site.4, 14, 125, 139
1121098.7.peg.2749.site.5, 54, 126, 180
1121098.7.peg.2749.site.6, 4, 125, 129
1121098.7.peg.2749.site.7, 62, 125, 187
1121098.7.peg.2749.site.8, 33, 125, 158
1121098.7.peg.2749.site.9, 58, 126, 184
1121098.7.peg.2749.site.10, 1, 126, 127
1121098.7.peg.2749.site.11, 10, 126, 136
1121098.7.peg.2749.site.12, 15, 126, 141
1121098.7.peg.2749.site.13, 21, 126, 147
1121098.7.peg.2749.site.14, 0, 125, 125
1121098.7.peg.2749.site.15, 1, 126, 127
1121098.7.peg.2749.site.16, 14, 125, 139
1121098.7.peg.2749.site.17, 107, 126, 233
1121098.7.peg.2749.site.18, 3, 125, 128
1121098.7.peg.2749.site.19, 54, 126, 180
1121098.7.peg.3774.site.1, 65, 126, 191
1121098.7.peg.3774.site.2, 1, 126, 127
1121098.7.peg.3774.site.3, 1, 125, 126
1121098.7.peg.3774.site.4, 46, 126, 172
1121098.7.peg.3774.site.5, 8, 125, 133
1121098.7.peg.3774.site.6, 69, 125, 194
1121098.7.peg.3774.site.7, 3, 126, 129
1121098.7.peg.3775.site.1, 54, 126, 180
1121098.7.peg.3775.site.2, 4, 126, 130
1121098.7.peg.3775.site.3, 1, 126, 127
1121098.7.peg.3775.site.4, 0, 126, 126
1121098.7.peg.3775.site.5, 59, 125, 184
1121098.7.peg.3775.site.6, 3, 126, 129
1121098.7.peg.3775.site.7, 8, 125, 133
1121098.7.peg.3775.site.8, 4, 126, 130
1121098.7.peg.3775.site.9, 3, 125, 128
1121098.7.peg.3775.site.10, 22, 126, 148
1121098.7.peg.3775.site.11, 4, 126, 130
1121098.7.peg.3775.site.12, 21, 126, 147
1121098.7.peg.3775.site.13, 63, 126, 189
1121098.7.peg.3775.site.14, 7, 124, 131
1121098.7.peg.3775.site.15, 0, 125, 125
1121098.7.peg.3775.site.16, 2, 126, 128
1121098.7.peg.3775.site.17, 2, 126, 128
1121098.7.peg.3773.site.1, 39, 76, 115
1121098.7.peg.3773.site.2, 63, 123, 186
1121098.7.peg.3773.site.3, 14, 125, 139
1121098.7.peg.3773.site.4, 59, 125, 184
1121098.7.peg.3773.site.5, 3, 126, 129
1121098.7.peg.3773.site.6, 9, 125, 134
1121098.7.peg.3773.site.7, 9, 125, 134
1121098.7.peg.3773.site.8, 15, 124, 139
1121098.7.peg.3773.site.9, 0, 124, 124
1121098.7.peg.3773.site.10, 109, 126, 235
1121098.7.peg.3773.site.11, 2, 125, 127
1121098.7.peg.3773.site.12, 52, 126, 178
1121098.7.peg.3773.site.13, 109, 126, 235
1121098.7.peg.3773.site.14, 58, 126, 184
1121098.7.peg.3773.site.15, 7, 126, 133
1121098.7.peg.3773.site.16, 71, 126, 197
1121098.7.peg.3773.site.17, 4, 126, 130
1121098.7.peg.3773.site.18, 3, 126, 129
1121098.7.peg.3773.site.19, 18, 125, 143
1121098.7.peg.3773.site.20, 13, 126, 139
1121098.7.peg.3773.site.21, 9, 126, 135
1121098.7.peg.3773.site.22, 8, 126, 134
1121098.7.peg.3773.site.23, 54, 125, 179
1121098.7.peg.3831.site.1, 4, 126, 130
1121098.7.peg.3831.site.2, 52, 123, 175
1121098.7.peg.3831.site.3, 1, 120, 121
1121098.7.peg.3831.site.4, 55, 114, 169
1121098.7.peg.3831.site.5, 12, 115, 127
1121098.7.peg.3831.site.6, 0, 115, 115
1121098.7.peg.3831.site.7, 0, 114, 114
1121098.7.peg.3831.site.8, 0, 115, 115
1121098.7.peg.3831.site.9, 54, 115, 169
1121098.7.peg.3831.site.10, 12, 73, 85
1121098.7.peg.3831.site.11, 1, 62, 63
1121098.7.peg.3831.site.12, 1, 59, 60
1121098.7.peg.3831.site.13, 1, 61, 62
1121098.7.peg.3831.site.14, 0, 61, 61
1121098.7.peg.3831.site.15, 0, 61, 61
1121098.7.peg.3831.site.16, 45, 61, 106
1121098.7.peg.3831.site.17, 12, 61, 73
1121098.7.peg.3831.site.18, 0, 61, 61
1121098.7.peg.3831.site.19, 0, 61, 61
1121098.7.peg.3831.site.20, 2, 60, 62
1121098.7.peg.3831.site.21, 0, 61, 61
1121098.7.peg.3831.site.22, 2, 63, 65
1121098.7.peg.3831.site.23, 1, 125, 126
1121098.7.peg.3831.site.24, 1, 126, 127
1121098.7.peg.3831.site.25, 0, 126, 126
1121098.7.peg.3831.site.26, 1, 126, 127
1121098.7.peg.3831.site.27, 52, 126, 178
1121098.7.peg.3831.site.28, 55, 126, 181
1121098.7.peg.3831.site.29, 54, 126, 180
1121098.7.peg.3831.site.30, 54, 126, 180
1121098.7.peg.3831.site.31, 54, 126, 180
1121098.7.peg.1297.site.1, 2, 126, 128
1121098.7.peg.1296.site.1, 56, 125, 181
1121098.7.peg.1296.site.2, 54, 125, 179
1121098.7.peg.1296.site.3, 122, 126, 248
1121098.7.peg.1296.site.4, 0, 126, 126
1121098.7.peg.1295.site.1, 0, 123, 123
1121098.7.peg.1294.site.1, 61, 126, 187
1121098.7.peg.1294.site.2, 14, 125, 139
1121098.7.peg.1294.site.3, 22, 125, 147
1121098.7.peg.1294.site.4, 65, 126, 191
1121098.7.peg.1294.site.5, 17, 123, 140
1121098.7.peg.1294.site.6, 17, 125, 142
1121098.7.peg.1294.site.7, 64, 112, 176
1121098.7.peg.1294.site.8, 1, 86, 87
1121098.7.peg.1294.site.9, 27, 83, 110
1121098.7.peg.1294.site.10, 0, 75, 75
1121098.7.peg.1294.site.11, 3, 124, 127
1121098.7.peg.1294.site.12, 0, 125, 125
1121098.7.peg.1294.site.13, 3, 126, 129
1121098.7.peg.1294.site.14, 3, 125, 128
1121098.7.peg.1294.site.15, 0, 126, 126
1121098.7.peg.1294.site.16, 17, 125, 142
1121098.7.peg.1294.site.17, 0, 126, 126
1121098.7.peg.1294.site.18, 10, 126, 136
1121098.7.peg.1294.site.19, 17, 126, 143
1121098.7.peg.1294.site.20, 3, 126, 129
1121098.7.peg.1294.site.21, 60, 126, 186
1121098.7.peg.1294.site.22, 3, 126, 129
1121098.7.peg.1294.site.23, 0, 123, 123
1121098.7.peg.1294.site.24, 0, 126, 126
1121098.7.peg.1294.site.25, 65, 126, 191
1121098.7.peg.1294.site.26, 4, 126, 130
1121098.7.peg.1294.site.27, 1, 126, 127
1121098.7.peg.1294.site.28, 0, 126, 126
1121098.7.peg.1294.site.29, 0, 125, 125
1121098.7.peg.1293.site.1, 3, 126, 129
1121098.7.peg.1293.site.2, 52, 125, 177
1121098.7.peg.1293.site.3, 63, 126, 189
1121098.7.peg.1293.site.4, 0, 126, 126
1121098.7.peg.1293.site.5, 3, 126, 129
1121098.7.peg.1293.site.6, 20, 126, 146
1121098.7.peg.1293.site.7, 1, 126, 127
1121098.7.peg.1293.site.8, 65, 126, 191
1121098.7.peg.1292.site.1, 1, 124, 125
1121098.7.peg.1292.site.2, 0, 123, 123
1121098.7.peg.1292.site.3, 2, 126, 128
1121098.7.peg.1292.site.4, 105, 126, 231
1121098.7.peg.1292.site.5, 2, 126, 128
1121098.7.peg.1292.site.6, 0, 126, 126
1121098.7.peg.1292.site.7, 0, 126, 126
1121098.7.peg.1291.site.1, 67, 126, 193
1121098.7.peg.1291.site.2, 55, 126, 181
1121098.7.peg.1290.site.1, 121, 125, 246
1121098.7.peg.1290.site.2, 0, 126, 126
1121098.7.peg.1290.site.3, 0, 124, 124
1121098.7.peg.1290.site.4, 35, 124, 159
1121098.7.peg.1290.site.5, 58, 125, 183
1121098.7.peg.1290.site.6, 3, 126, 129
1121098.7.peg.1290.site.7, 2, 125, 127
1121098.7.peg.1290.site.8, 0, 126, 126
1121098.7.peg.1290.site.9, 0, 126, 126
1121098.7.peg.1290.site.10, 3, 126, 129
1121098.7.peg.1290.site.11, 0, 126, 126
1121098.7.peg.1290.site.12, 0, 126, 126
1121098.7.peg.1290.site.13, 3, 125, 128
1121098.7.peg.2988.site.1, 37, 125, 162
1121098.7.peg.2988.site.2, 1, 126, 127
1121098.7.peg.2988.site.3, 19, 126, 145
1121098.7.peg.2988.site.4, 0, 126, 126
1121098.7.peg.2989.site.1, 12, 126, 138
1121098.7.peg.2989.site.2, 52, 126, 178
1121098.7.peg.2989.site.3, 5, 126, 131
1121098.7.peg.2989.site.4, 3, 126, 129
1121098.7.peg.2989.site.5, 21, 125, 146
1121098.7.peg.2989.site.6, 1, 125, 126
1121098.7.peg.2989.site.7, 3, 125, 128
1121098.7.peg.2989.site.8, 0, 126, 126
1121098.7.peg.2989.site.9, 28, 126, 154
1121098.7.peg.2989.site.10, 32, 125, 157
1121098.7.peg.2989.site.11, 11, 126, 137
1121098.7.peg.2989.site.12, 87, 126, 213
1121098.7.peg.2989.site.13, 86, 125, 211
1121098.7.peg.2989.site.14, 92, 125, 217
1121098.7.peg.2989.site.15, 5, 126, 131
1121098.7.peg.2989.site.16, 0, 126, 126
1121098.7.peg.2989.site.17, 52, 126, 178
1121098.7.peg.2989.site.18, 11, 125, 136
1121098.7.peg.1299.site.1, 0, 126, 126
1121098.7.peg.1299.site.2, 0, 126, 126
1121098.7.peg.1299.site.3, 1, 126, 127
1121098.7.peg.1299.site.4, 3, 126, 129
1121098.7.peg.1299.site.5, 2, 126, 128
1121098.7.peg.1299.site.6, 55, 126, 181
1121098.7.peg.1299.site.7, 0, 126, 126
1121098.7.peg.1299.site.8, 19, 125, 144
1121098.7.peg.1299.site.9, 0, 126, 126
1121098.7.peg.1299.site.10, 2, 125, 127
1121098.7.peg.1299.site.11, 1, 126, 127
1121098.7.peg.1299.site.12, 21, 125, 146
1121098.7.peg.1299.site.13, 9, 126, 135
1121098.7.peg.1299.site.14, 3, 126, 129
1121098.7.peg.1299.site.15, 58, 126, 184
1121098.7.peg.1299.site.16, 0, 126, 126
1121098.7.peg.1299.site.17, 4, 126, 130
1121098.7.peg.1299.site.18, 10, 126, 136
1121098.7.peg.1299.site.19, 17, 125, 142
1121098.7.peg.1299.site.20, 5, 126, 131
1121098.7.peg.1299.site.21, 3, 126, 129
1121098.7.peg.1299.site.22, 1, 126, 127
1121098.7.peg.1299.site.23, 0, 126, 126
1121098.7.peg.1298.site.1, 0, 126, 126
1121098.7.peg.1298.site.2, 59, 126, 185
1121098.7.peg.1298.site.3, 14, 125, 139
1121098.7.peg.1298.site.4, 2, 117, 119
1121098.7.peg.2408.site.1, 25, 125, 150
1121098.7.peg.2407.site.1, 2, 126, 128
1121098.7.peg.2407.site.2, 65, 126, 191
1121098.7.peg.2407.site.3, 2, 126, 128
1121098.7.peg.2407.site.4, 122, 126, 248
1121098.7.peg.2404.site.1, 0, 125, 125
1121098.7.peg.2404.site.2, 72, 126, 198
1121098.7.peg.2404.site.3, 0, 126, 126
1121098.7.peg.2404.site.4, 1, 126, 127
1121098.7.peg.2404.site.5, 85, 126, 211
1121098.7.peg.2404.site.6, 1, 126, 127
1121098.7.peg.2404.site.7, 2, 125, 127
1121098.7.peg.2404.site.8, 0, 125, 125
1121098.7.peg.2403.site.1, 0, 126, 126
1121098.7.peg.2403.site.2, 54, 126, 180
1121098.7.peg.2403.site.3, 67, 126, 193
1121098.7.peg.2403.site.4, 12, 126, 138
1121098.7.peg.2403.site.5, 0, 126, 126
1121098.7.peg.2403.site.6, 0, 126, 126
1121098.7.peg.2403.site.7, 13, 126, 139
1121098.7.peg.2403.site.8, 0, 126, 126
1121098.7.peg.2401.site.1, 3, 126, 129
1121098.7.peg.2400.site.1, 1, 125, 126
1121098.7.peg.2400.site.2, 56, 125, 181
1121098.7.peg.2573.site.1, 89, 125, 214
1121098.7.peg.2573.site.2, 1, 124, 125
1121098.7.peg.2573.site.3, 1, 125, 126
1121098.7.peg.2573.site.4, 8, 125, 133
1121098.7.peg.2573.site.5, 3, 126, 129
1121098.7.peg.2573.site.6, 5, 126, 131
1121098.7.peg.2573.site.7, 0, 126, 126
1121098.7.peg.2573.site.8, 4, 126, 130
1121098.7.peg.2573.site.9, 0, 126, 126
1121098.7.peg.2573.site.10, 3, 125, 128
1121098.7.peg.2573.site.11, 5, 125, 130
1121098.7.peg.2573.site.12, 122, 126, 248
1121098.7.peg.2572.site.1, 35, 126, 161
1121098.7.peg.2572.site.2, 6, 126, 132
1121098.7.peg.2572.site.3, 0, 125, 125
1121098.7.peg.2572.site.4, 0, 125, 125
1121098.7.peg.2571.site.1, 4, 126, 130
1121098.7.peg.2570.site.1, 61, 126, 187
1121098.7.peg.2570.site.2, 26, 124, 150
1121098.7.peg.2570.site.3, 8, 125, 133
1121098.7.peg.2570.site.4, 8, 125, 133
1121098.7.peg.2570.site.5, 8, 125, 133
1121098.7.peg.2570.site.6, 8, 125, 133
1121098.7.peg.2570.site.7, 26, 125, 151
1121098.7.peg.2570.site.8, 81, 125, 206
1121098.7.peg.2570.site.9, 3, 125, 128
1121098.7.peg.2570.site.10, 9, 126, 135
1121098.7.peg.2570.site.11, 1, 126, 127
1121098.7.peg.2570.site.12, 52, 126, 178
1121098.7.peg.2576.site.1, 0, 126, 126
1121098.7.peg.2576.site.2, 6, 126, 132
1121098.7.peg.2576.site.3, 1, 125, 126
1121098.7.peg.2576.site.4, 0, 126, 126
1121098.7.peg.2575.site.1, 0, 125, 125
1121098.7.peg.2575.site.2, 0, 126, 126
1121098.7.peg.2575.site.3, 3, 125, 128
1121098.7.peg.2575.site.4, 3, 125, 128
1121098.7.peg.2575.site.5, 0, 125, 125
1121098.7.peg.2575.site.6, 2, 125, 127
1121098.7.peg.2578.site.1, 0, 126, 126
1121098.7.peg.2578.site.2, 57, 125, 182
1121098.7.peg.2578.site.3, 0, 126, 126
1121098.7.peg.2578.site.4, 1, 126, 127
1121098.7.peg.2578.site.5, 2, 126, 128
1121098.7.peg.2578.site.6, 2, 126, 128
1121098.7.peg.2578.site.7, 0, 126, 126
1121098.7.peg.2578.site.8, 0, 126, 126
1121098.7.peg.3317.site.1, 91, 126, 217
1121098.7.peg.3317.site.2, 1, 126, 127
1121098.7.peg.3317.site.3, 57, 126, 183
1121098.7.peg.3317.site.4, 122, 126, 248
1121098.7.peg.3317.site.5, 22, 125, 147
1121098.7.peg.2992.site.1, 1, 126, 127
1121098.7.peg.2992.site.2, 60, 125, 185
1121098.7.peg.2992.site.3, 1, 126, 127
1121098.7.peg.2992.site.4, 60, 125, 185
1121098.7.peg.2992.site.5, 5, 122, 127
1121098.7.peg.2992.site.6, 2, 126, 128
1121098.7.peg.2992.site.7, 117, 126, 243
1121098.7.peg.1987.site.1, 106, 126, 232
1121098.7.peg.1987.site.2, 3, 126, 129
1121098.7.peg.1987.site.3, 59, 126, 185
1121098.7.peg.1987.site.4, 5, 126, 131
1121098.7.peg.1987.site.5, 0, 126, 126
1121098.7.peg.1987.site.6, 0, 126, 126
1121098.7.peg.1986.site.1, 0, 126, 126
1121098.7.peg.1986.site.2, 3, 126, 129
1121098.7.peg.1986.site.3, 58, 126, 184
1121098.7.peg.1985.site.1, 0, 125, 125
1121098.7.peg.1985.site.2, 90, 126, 216
1121098.7.peg.1985.site.3, 63, 126, 189
1121098.7.peg.1985.site.4, 0, 126, 126
1121098.7.peg.1989.site.1, 2, 125, 127
1121098.7.peg.1989.site.2, 0, 126, 126
1121098.7.peg.1989.site.3, 0, 126, 126
1121098.7.peg.1989.site.4, 56, 126, 182
1121098.7.peg.1988.site.1, 15, 126, 141
1121098.7.peg.1988.site.2, 16, 126, 142
1121098.7.peg.1988.site.3, 2, 126, 128
1121098.7.peg.3760.site.1, 13, 122, 135
1121098.7.peg.3760.site.2, 11, 125, 136
1121098.7.peg.3760.site.3, 122, 126, 248
1121098.7.peg.3760.site.4, 8, 126, 134
1121098.7.peg.3760.site.5, 1, 126, 127
1121098.7.peg.3760.site.6, 4, 126, 130
1121098.7.peg.3760.site.7, 10, 126, 136
1121098.7.peg.3760.site.8, 0, 126, 126
1121098.7.peg.3760.site.9, 14, 125, 139
1121098.7.peg.3760.site.10, 65, 126, 191
1121098.7.peg.3760.site.11, 122, 126, 248
1121098.7.peg.3760.site.12, 5, 126, 131
1121098.7.peg.3295.site.1, 3, 125, 128
1121098.7.peg.3295.site.2, 59, 126, 185
1121098.7.peg.3295.site.3, 60, 126, 186
1121098.7.peg.3295.site.4, 97, 126, 223
1121098.7.peg.3295.site.5, 26, 125, 151
1121098.7.peg.3295.site.6, 3, 126, 129
1121098.7.peg.3295.site.7, 117, 124, 241
1121098.7.peg.3295.site.8, 0, 125, 125
1121098.7.peg.3295.site.9, 0, 125, 125
1121098.7.peg.2999.site.1, 0, 125, 125
1121098.7.peg.2999.site.2, 2, 125, 127
1121098.7.peg.2999.site.3, 2, 125, 127
1121098.7.peg.2999.site.4, 2, 125, 127
1121098.7.peg.2999.site.5, 2, 125, 127
1121098.7.peg.2999.site.6, 2, 125, 127
1121098.7.peg.2999.site.7, 8, 125, 133
1121098.7.peg.2999.site.8, 1, 124, 125
1121098.7.peg.2999.site.9, 55, 124, 179
1121098.7.peg.2999.site.10, 2, 125, 127
1121098.7.peg.2999.site.11, 9, 125, 134
1121098.7.peg.2999.site.12, 12, 125, 137
1121098.7.peg.2999.site.13, 53, 125, 178
1121098.7.peg.2999.site.14, 2, 124, 126
1121098.7.peg.2999.site.15, 10, 125, 135
1121098.7.peg.2999.site.16, 2, 125, 127
1121098.7.peg.2999.site.17, 5, 125, 130
1121098.7.peg.2999.site.18, 7, 125, 132
1121098.7.peg.2999.site.19, 0, 125, 125
1121098.7.peg.2999.site.20, 0, 125, 125
1121098.7.peg.2999.site.21, 4, 125, 129
1121098.7.peg.2999.site.22, 19, 125, 144
1121098.7.peg.2999.site.23, 29, 125, 154
1121098.7.peg.2999.site.24, 7, 125, 132
1121098.7.peg.2999.site.25, 2, 125, 127
1121098.7.peg.2999.site.26, 12, 125, 137
1121098.7.peg.3297.site.1, 0, 101, 101
1121098.7.peg.3297.site.2, 0, 119, 119
1121098.7.peg.3297.site.3, 0, 124, 124
1121098.7.peg.3297.site.4, 0, 126, 126
1121098.7.peg.3297.site.5, 0, 126, 126
1121098.7.peg.3297.site.6, 0, 126, 126
1121098.7.peg.3297.site.7, 0, 126, 126
1121098.7.peg.3297.site.8, 0, 126, 126
1121098.7.peg.3297.site.9, 0, 126, 126
1121098.7.peg.3297.site.10, 26, 125, 151
1121098.7.peg.3297.site.11, 76, 126, 202
1121098.7.peg.3297.site.12, 63, 126, 189
1121098.7.peg.3297.site.13, 4, 126, 130
1121098.7.peg.3297.site.14, 1, 125, 126
1121098.7.peg.3297.site.15, 52, 126, 178
1121098.7.peg.3297.site.16, 29, 125, 154
1121098.7.peg.3297.site.17, 99, 125, 224
1121098.7.peg.3297.site.18, 58, 126, 184
1121098.7.peg.3297.site.19, 5, 125, 130
1121098.7.peg.3297.site.20, 5, 126, 131
1121098.7.peg.3297.site.21, 5, 126, 131
1121098.7.peg.3297.site.22, 0, 126, 126
1121098.7.peg.3297.site.23, 4, 126, 130
1121098.7.peg.3297.site.24, 4, 126, 130
1121098.7.peg.3297.site.25, 9, 126, 135
1121098.7.peg.3297.site.26, 6, 126, 132
1121098.7.peg.3297.site.27, 0, 126, 126
1121098.7.peg.3297.site.28, 98, 125, 223
1121098.7.peg.3297.site.29, 7, 126, 133
1121098.7.peg.3297.site.30, 6, 126, 132
1121098.7.peg.3291.site.1, 3, 126, 129
1121098.7.peg.3291.site.2, 2, 126, 128
1121098.7.peg.3291.site.3, 0, 126, 126
1121098.7.peg.3291.site.4, 67, 125, 192
1121098.7.peg.3291.site.5, 67, 125, 192
1121098.7.peg.3291.site.6, 4, 126, 130
1121098.7.peg.3291.site.7, 4, 126, 130
1121098.7.peg.3291.site.8, 3, 121, 124
1121098.7.peg.3291.site.9, 10, 121, 131
1121098.7.peg.3291.site.10, 7, 121, 128
1121098.7.peg.3291.site.11, 7, 126, 133
1121098.7.peg.3291.site.12, 7, 126, 133
1121098.7.peg.3291.site.13, 1, 126, 127
1121098.7.peg.3291.site.14, 21, 125, 146
1121098.7.peg.3291.site.15, 4, 126, 130
1121098.7.peg.3290.site.1, 0, 126, 126
1121098.7.peg.3290.site.2, 1, 126, 127
1121098.7.peg.3290.site.3, 29, 125, 154
1121098.7.peg.3290.site.4, 7, 125, 132
1121098.7.peg.3290.site.5, 0, 126, 126
1121098.7.peg.3290.site.6, 56, 125, 181
1121098.7.peg.3290.site.7, 12, 126, 138
1121098.7.peg.3290.site.8, 120, 125, 245
1121098.7.peg.3290.site.9, 52, 125, 177
1121098.7.peg.3290.site.10, 0, 126, 126
1121098.7.peg.3290.site.11, 108, 125, 233
1121098.7.peg.3290.site.12, 0, 124, 124
1121098.7.peg.3290.site.13, 0, 126, 126
1121098.7.peg.3293.site.1, 13, 124, 137
1121098.7.peg.3293.site.2, 49, 124, 173
1121098.7.peg.3293.site.3, 49, 123, 172
1121098.7.peg.3293.site.4, 2, 126, 128
1121098.7.peg.3293.site.5, 2, 125, 127
1121098.7.peg.3293.site.6, 57, 126, 183
1121098.7.peg.3293.site.7, 1, 125, 126
1121098.7.peg.3293.site.8, 1, 126, 127
1121098.7.peg.3293.site.9, 61, 126, 187
1121098.7.peg.3293.site.10, 23, 123, 146
1121098.7.peg.3293.site.11, 4, 126, 130
1121098.7.peg.3293.site.12, 55, 126, 181
1121098.7.peg.3293.site.13, 2, 126, 128
1121098.7.peg.3293.site.14, 0, 126, 126
1121098.7.peg.3293.site.15, 3, 126, 129
1121098.7.peg.3293.site.16, 54, 126, 180
1121098.7.peg.3293.site.17, 0, 126, 126
1121098.7.peg.3293.site.18, 2, 126, 128
1121098.7.peg.3293.site.19, 3, 123, 126
1121098.7.peg.3293.site.20, 1, 124, 125
1121098.7.peg.3293.site.21, 13, 123, 136
1121098.7.peg.3293.site.22, 98, 123, 221
1121098.7.peg.3293.site.23, 4, 126, 130
1121098.7.peg.3293.site.24, 4, 126, 130
1121098.7.peg.3293.site.25, 4, 126, 130
1121098.7.peg.3293.site.26, 4, 126, 130
1121098.7.peg.3293.site.27, 3, 126, 129
1121098.7.peg.3293.site.28, 2, 126, 128
1121098.7.peg.3293.site.29, 0, 126, 126
1121098.7.peg.3293.site.30, 3, 125, 128
1121098.7.peg.3293.site.31, 27, 126, 153
1121098.7.peg.3293.site.32, 26, 120, 146
1121098.7.peg.3293.site.33, 23, 117, 140
1121098.7.peg.3293.site.34, 2, 124, 126
1121098.7.peg.3293.site.35, 0, 126, 126
1121098.7.peg.3293.site.36, 3, 126, 129
1121098.7.peg.3293.site.37, 2, 124, 126
1121098.7.peg.3293.site.38, 6, 124, 130
1121098.7.peg.3293.site.39, 5, 125, 130
1121098.7.peg.3293.site.40, 114, 126, 240
1121098.7.peg.3293.site.41, 2, 126, 128
1121098.7.peg.3293.site.42, 0, 126, 126
1121098.7.peg.2998.site.1, 121, 125, 246
1121098.7.peg.2998.site.2, 4, 125, 129
1121098.7.peg.2998.site.3, 0, 125, 125
1121098.7.peg.2998.site.4, 1, 125, 126
1121098.7.peg.2998.site.5, 3, 124, 127
1121098.7.peg.2998.site.6, 4, 125, 129
1121098.7.peg.2998.site.7, 48, 125, 173
1121098.7.peg.2998.site.8, 48, 125, 173
1121098.7.peg.2998.site.9, 2, 125, 127
1121098.7.peg.2998.site.10, 48, 125, 173
1121098.7.peg.2998.site.11, 6, 125, 131
1121098.7.peg.2998.site.12, 99, 125, 224
1121098.7.peg.2998.site.13, 3, 125, 128
1121098.7.peg.2998.site.14, 4, 125, 129
1121098.7.peg.2998.site.15, 121, 125, 246
1121098.7.peg.2998.site.16, 0, 125, 125
1121098.7.peg.2998.site.17, 4, 125, 129
1121098.7.peg.2998.site.18, 48, 124, 172
1121098.7.peg.2998.site.19, 13, 123, 136
1121098.7.peg.2998.site.20, 3, 124, 127
1121098.7.peg.2998.site.21, 48, 125, 173
1121098.7.peg.2998.site.22, 4, 124, 128
1121098.7.peg.2998.site.23, 44, 121, 165
1121098.7.peg.2998.site.24, 39, 115, 154
1121098.7.peg.2998.site.25, 14, 91, 105
1121098.7.peg.2998.site.26, 48, 107, 155
1121098.7.peg.2998.site.27, 107, 111, 218
1121098.7.peg.2998.site.28, 8, 112, 120
1121098.7.peg.2998.site.29, 68, 124, 192
1121098.7.peg.2998.site.30, 48, 125, 173
1121098.7.peg.2998.site.31, 0, 125, 125
1121098.7.peg.2998.site.32, 0, 124, 124
1121098.7.peg.2998.site.33, 2, 125, 127
1121098.7.peg.2998.site.34, 0, 125, 125
1121098.7.peg.2998.site.35, 58, 122, 180
1121098.7.peg.2998.site.36, 19, 122, 141
1121098.7.peg.2998.site.37, 26, 121, 147
1121098.7.peg.2998.site.38, 6, 121, 127
1121098.7.peg.2998.site.39, 4, 125, 129
1121098.7.peg.2998.site.40, 6, 125, 131
1121098.7.peg.2998.site.41, 2, 125, 127
1121098.7.peg.2998.site.42, 2, 125, 127
1121098.7.peg.3298.site.1, 0, 126, 126
1121098.7.peg.3298.site.2, 92, 125, 217
1121098.7.peg.3298.site.3, 4, 126, 130
1121098.7.peg.3298.site.4, 1, 126, 127
1121098.7.peg.3298.site.5, 5, 126, 131
1121098.7.peg.3298.site.6, 4, 126, 130
1121098.7.peg.3298.site.7, 64, 126, 190
1121098.7.peg.3298.site.8, 1, 126, 127
1121098.7.peg.3298.site.9, 13, 126, 139
1121098.7.peg.3298.site.10, 0, 126, 126
1121098.7.peg.1877.site.1, 6, 126, 132
1121098.7.peg.1877.site.2, 83, 126, 209
1121098.7.peg.1876.site.1, 0, 126, 126
1121098.7.peg.1876.site.2, 0, 126, 126
1121098.7.peg.1876.site.3, 0, 126, 126
1121098.7.peg.1876.site.4, 66, 124, 190
1121098.7.peg.1876.site.5, 4, 124, 128
1121098.7.peg.1876.site.6, 98, 124, 222
1121098.7.peg.1876.site.7, 65, 125, 190
1121098.7.peg.1876.site.8, 0, 125, 125
1121098.7.peg.1876.site.9, 4, 126, 130
1121098.7.peg.1876.site.10, 52, 125, 177
1121098.7.peg.1876.site.11, 5, 126, 131
1121098.7.peg.1876.site.12, 13, 126, 139
1121098.7.peg.1876.site.13, 0, 125, 125
1121098.7.peg.1876.site.14, 17, 126, 143
1121098.7.peg.1876.site.15, 112, 126, 238
1121098.7.peg.1876.site.16, 3, 126, 129
1121098.7.peg.1875.site.1, 3, 125, 128
1121098.7.peg.1875.site.2, 1, 125, 126
1121098.7.peg.1875.site.3, 114, 125, 239
1121098.7.peg.1875.site.4, 1, 126, 127
1121098.7.peg.1875.site.5, 12, 126, 138
1121098.7.peg.1875.site.6, 0, 126, 126
1121098.7.peg.1873.site.1, 1, 126, 127
1121098.7.peg.1873.site.2, 96, 126, 222
1121098.7.peg.1873.site.3, 34, 126, 160
1121098.7.peg.1873.site.4, 4, 126, 130
1121098.7.peg.1873.site.5, 3, 126, 129
1121098.7.peg.1873.site.6, 61, 126, 187
1121098.7.peg.1873.site.7, 51, 126, 177
1121098.7.peg.1873.site.8, 7, 126, 133
1121098.7.peg.1873.site.9, 0, 126, 126
1121098.7.peg.1873.site.10, 1, 126, 127
1121098.7.peg.1872.site.1, 0, 126, 126
1121098.7.peg.1872.site.2, 1, 126, 127
1121098.7.peg.1872.site.3, 2, 126, 128
1121098.7.peg.1872.site.4, 4, 126, 130
1121098.7.peg.1872.site.5, 8, 126, 134
1121098.7.peg.1872.site.6, 50, 126, 176
1121098.7.peg.1872.site.7, 0, 126, 126
1121098.7.peg.1872.site.8, 10, 126, 136
1121098.7.peg.1872.site.9, 4, 126, 130
1121098.7.peg.1872.site.10, 0, 126, 126
1121098.7.peg.1872.site.11, 9, 126, 135
1121098.7.peg.1872.site.12, 1, 126, 127
1121098.7.peg.1872.site.13, 5, 125, 130
1121098.7.peg.1871.site.1, 5, 125, 130
1121098.7.peg.1871.site.2, 0, 125, 125
1121098.7.peg.1871.site.3, 0, 126, 126
1121098.7.peg.1871.site.4, 116, 125, 241
1121098.7.peg.1871.site.5, 1, 126, 127
1121098.7.peg.1871.site.6, 0, 126, 126
1121098.7.peg.1871.site.7, 1, 126, 127
1121098.7.peg.1871.site.8, 1, 126, 127
1121098.7.peg.1871.site.9, 0, 123, 123
1121098.7.peg.1871.site.10, 8, 122, 130
1121098.7.peg.1871.site.11, 0, 126, 126
1121098.7.peg.4346.site.1, 0, 126, 126
1121098.7.peg.4346.site.2, 0, 126, 126
1121098.7.peg.4346.site.3, 0, 124, 124
1121098.7.peg.4346.site.4, 12, 125, 137
1121098.7.peg.4346.site.5, 0, 126, 126
1121098.7.peg.4346.site.6, 6, 126, 132
1121098.7.peg.4346.site.7, 42, 124, 166
1121098.7.peg.4346.site.8, 0, 125, 125
1121098.7.peg.4346.site.9, 6, 126, 132
1121098.7.peg.4346.site.10, 111, 126, 237
1121098.7.peg.1879.site.1, 1, 126, 127
1121098.7.peg.1879.site.2, 7, 126, 133
1121098.7.peg.1879.site.3, 0, 126, 126
1121098.7.peg.1879.site.4, 0, 126, 126
1121098.7.peg.1879.site.5, 8, 126, 134
1121098.7.peg.1879.site.6, 30, 125, 155
1121098.7.peg.1879.site.7, 13, 126, 139
1121098.7.peg.1879.site.8, 0, 125, 125
1121098.7.peg.1878.site.1, 3, 126, 129
1121098.7.peg.1878.site.2, 22, 125, 147
1121098.7.peg.1878.site.3, 96, 126, 222
1121098.7.peg.1878.site.4, 1, 125, 126
1121098.7.peg.1878.site.5, 2, 124, 126
1121098.7.peg.1878.site.6, 3, 126, 129
1121098.7.peg.4345.site.1, 55, 126, 181
1121098.7.peg.4345.site.2, 0, 126, 126
1121098.7.peg.4345.site.3, 4, 126, 130
1121098.7.peg.4345.site.4, 0, 125, 125
1121098.7.peg.4345.site.5, 6, 126, 132
1121098.7.peg.4345.site.6, 0, 125, 125
1121098.7.peg.3589.site.1, 11, 126, 137
1121098.7.peg.3589.site.2, 11, 126, 137
1121098.7.peg.3589.site.3, 7, 126, 133
1121098.7.peg.3589.site.4, 0, 126, 126
1121098.7.peg.3589.site.5, 0, 126, 126
1121098.7.peg.3589.site.6, 52, 126, 178
1121098.7.peg.3589.site.7, 1, 125, 126
1121098.7.peg.3589.site.8, 35, 125, 160
1121098.7.peg.3588.site.1, 59, 126, 185
1121098.7.peg.3588.site.2, 0, 126, 126
1121098.7.peg.3588.site.3, 63, 126, 189
1121098.7.peg.3588.site.4, 57, 126, 183
1121098.7.peg.3588.site.5, 87, 126, 213
1121098.7.peg.3588.site.6, 56, 126, 182
1121098.7.peg.3588.site.7, 0, 126, 126
1121098.7.peg.3588.site.8, 22, 125, 147
1121098.7.peg.3588.site.9, 0, 126, 126
1121098.7.peg.3588.site.10, 0, 126, 126
1121098.7.peg.3588.site.11, 59, 126, 185
1121098.7.peg.3588.site.12, 8, 126, 134
1121098.7.peg.3588.site.13, 0, 126, 126
1121098.7.peg.3588.site.14, 4, 126, 130
1121098.7.peg.3588.site.15, 0, 126, 126
1121098.7.peg.3580.site.1, 0, 125, 125
1121098.7.peg.3580.site.2, 2, 125, 127
1121098.7.peg.3580.site.3, 0, 126, 126
1121098.7.peg.3580.site.4, 62, 125, 187
1121098.7.peg.3580.site.5, 50, 126, 176
1121098.7.peg.3580.site.6, 65, 126, 191
1121098.7.peg.3584.site.1, 21, 126, 147
1121098.7.peg.3584.site.2, 112, 126, 238
1121098.7.peg.3584.site.3, 1, 126, 127
1121098.7.peg.3584.site.4, 71, 126, 197
1121098.7.peg.3584.site.5, 62, 125, 187
1121098.7.peg.3584.site.6, 6, 126, 132
1121098.7.peg.3584.site.7, 13, 126, 139
1121098.7.peg.3584.site.8, 102, 125, 227
1121098.7.peg.3584.site.9, 0, 125, 125
1121098.7.peg.3584.site.10, 58, 125, 183
1121098.7.peg.3584.site.11, 4, 126, 130
1121098.7.peg.3584.site.12, 35, 125, 160
1121098.7.peg.3584.site.13, 6, 126, 132
1121098.7.peg.3584.site.14, 3, 126, 129
1121098.7.peg.3584.site.15, 3, 126, 129
1121098.7.peg.3584.site.16, 3, 126, 129
1121098.7.peg.3584.site.17, 83, 126, 209
1121098.7.peg.3584.site.18, 99, 126, 225
1121098.7.peg.3584.site.19, 4, 126, 130
1121098.7.peg.3584.site.20, 0, 126, 126
1121098.7.peg.3584.site.21, 0, 122, 122
1121098.7.peg.3584.site.22, 44, 125, 169
1121098.7.peg.3584.site.23, 0, 126, 126
1121098.7.peg.3584.site.24, 0, 126, 126
1121098.7.peg.3584.site.25, 1, 126, 127
1121098.7.peg.3584.site.26, 3, 126, 129
1121098.7.peg.3584.site.27, 48, 124, 172
1121098.7.peg.3584.site.28, 12, 125, 137
1121098.7.peg.3587.site.1, 0, 126, 126
1121098.7.peg.3587.site.2, 0, 126, 126
1121098.7.peg.787.site.1, 1, 126, 127
1121098.7.peg.785.site.1, 0, 126, 126
1121098.7.peg.785.site.2, 5, 126, 131
1121098.7.peg.785.site.3, 0, 125, 125
1121098.7.peg.785.site.4, 1, 126, 127
1121098.7.peg.784.site.1, 0, 126, 126
1121098.7.peg.784.site.2, 0, 126, 126
1121098.7.peg.783.site.1, 2, 126, 128
1121098.7.peg.783.site.2, 59, 126, 185
1121098.7.peg.783.site.3, 0, 126, 126
1121098.7.peg.783.site.4, 0, 126, 126
1121098.7.peg.1729.site.1, 0, 122, 122
1121098.7.peg.1729.site.2, 5, 117, 122
1121098.7.peg.1729.site.3, 16, 117, 133
1121098.7.peg.1729.site.4, 2, 116, 118
1121098.7.peg.1729.site.5, 3, 125, 128
1121098.7.peg.1729.site.6, 30, 125, 155
1121098.7.peg.1729.site.7, 1, 125, 126
1121098.7.peg.1729.site.8, 0, 126, 126
1121098.7.peg.1729.site.9, 0, 126, 126
1121098.7.peg.1729.site.10, 1, 122, 123
1121098.7.peg.1729.site.11, 10, 126, 136
1121098.7.peg.1729.site.12, 0, 126, 126
1121098.7.peg.1729.site.13, 0, 126, 126
1121098.7.peg.1729.site.14, 0, 124, 124
1121098.7.peg.780.site.1, 4, 126, 130
1121098.7.peg.780.site.2, 0, 125, 125
1121098.7.peg.780.site.3, 72, 125, 197
1121098.7.peg.780.site.4, 7, 75, 82
1121098.7.peg.780.site.5, 1, 70, 71
1121098.7.peg.780.site.6, 10, 78, 88
1121098.7.peg.780.site.7, 106, 122, 228
1121098.7.peg.780.site.8, 2, 111, 113
1121098.7.peg.780.site.9, 12, 126, 138
1121098.7.peg.780.site.10, 0, 126, 126
1121098.7.peg.780.site.11, 4, 126, 130
1121098.7.peg.780.site.12, 4, 126, 130
1121098.7.peg.1725.site.1, 2, 73, 75
1121098.7.peg.1725.site.2, 3, 74, 77
1121098.7.peg.1725.site.3, 10, 121, 131
1121098.7.peg.1725.site.4, 5, 111, 116
1121098.7.peg.1724.site.1, 64, 115, 179
1121098.7.peg.1724.site.2, 2, 124, 126
1121098.7.peg.1724.site.3, 2, 124, 126
1121098.7.peg.4065.site.1, 3, 120, 123
1121098.7.peg.4065.site.2, 24, 77, 101
1121098.7.peg.4065.site.3, 3, 56, 59
1121098.7.peg.1722.site.1, 0, 125, 125
1121098.7.peg.1722.site.2, 1, 125, 126
1121098.7.peg.1722.site.3, 0, 126, 126
1121098.7.peg.1722.site.4, 4, 126, 130
1121098.7.peg.1721.site.1, 6, 125, 131
1121098.7.peg.1721.site.2, 6, 125, 131
1121098.7.peg.1721.site.3, 12, 126, 138
1121098.7.peg.1721.site.4, 15, 125, 140
1121098.7.peg.1721.site.5, 22, 125, 147
1121098.7.peg.1721.site.6, 0, 126, 126
1121098.7.peg.1721.site.7, 2, 126, 128
1121098.7.peg.1720.site.1, 122, 126, 248
1121098.7.peg.1720.site.2, 12, 126, 138
1121098.7.peg.1720.site.3, 0, 126, 126
1121098.7.peg.1720.site.4, 0, 126, 126
1121098.7.peg.325.site.1, 100, 125, 225
1121098.7.peg.325.site.2, 0, 126, 126
1121098.7.peg.325.site.3, 1, 126, 127
1121098.7.peg.325.site.4, 0, 126, 126
1121098.7.peg.325.site.5, 0, 126, 126
1121098.7.peg.325.site.6, 83, 126, 209
1121098.7.peg.325.site.7, 2, 126, 128
1121098.7.peg.325.site.8, 2, 126, 128
1121098.7.peg.325.site.9, 1, 126, 127
1121098.7.peg.325.site.10, 0, 126, 126
1121098.7.peg.325.site.11, 122, 126, 248
1121098.7.peg.325.site.12, 2, 126, 128
1121098.7.peg.325.site.13, 5, 125, 130
1121098.7.peg.325.site.14, 1, 126, 127
1121098.7.peg.325.site.15, 2, 126, 128
1121098.7.peg.325.site.16, 1, 126, 127
1121098.7.peg.325.site.17, 6, 126, 132
1121098.7.peg.325.site.18, 0, 126, 126
1121098.7.peg.325.site.19, 2, 126, 128
1121098.7.peg.325.site.20, 4, 126, 130
1121098.7.peg.324.site.1, 1, 126, 127
1121098.7.peg.327.site.1, 22, 125, 147
1121098.7.peg.327.site.2, 6, 126, 132
1121098.7.peg.327.site.3, 53, 126, 179
1121098.7.peg.327.site.4, 2, 126, 128
1121098.7.peg.327.site.5, 13, 126, 139
1121098.7.peg.327.site.6, 3, 125, 128
1121098.7.peg.326.site.1, 106, 126, 232
1121098.7.peg.326.site.2, 0, 125, 125
1121098.7.peg.326.site.3, 29, 126, 155
1121098.7.peg.326.site.4, 0, 125, 125
1121098.7.peg.4028.site.1, 0, 126, 126
1121098.7.peg.4028.site.2, 27, 125, 152
1121098.7.peg.4028.site.3, 0, 125, 125
1121098.7.peg.4028.site.4, 10, 126, 136
1121098.7.peg.4028.site.5, 43, 125, 168
1121098.7.peg.4028.site.6, 12, 126, 138
1121098.7.peg.320.site.1, 0, 126, 126
1121098.7.peg.320.site.2, 2, 123, 125
1121098.7.peg.323.site.1, 0, 126, 126
1121098.7.peg.322.site.1, 0, 126, 126
1121098.7.peg.322.site.2, 0, 126, 126
1121098.7.peg.322.site.3, 6, 125, 131
1121098.7.peg.322.site.4, 0, 126, 126
1121098.7.peg.322.site.5, 0, 126, 126
1121098.7.peg.322.site.6, 36, 125, 161
1121098.7.peg.322.site.7, 91, 125, 216
1121098.7.peg.322.site.8, 0, 125, 125
1121098.7.peg.322.site.9, 71, 125, 196
1121098.7.peg.322.site.10, 28, 126, 154
1121098.7.peg.322.site.11, 115, 125, 240
1121098.7.peg.322.site.12, 77, 125, 202
1121098.7.peg.322.site.13, 0, 126, 126
1121098.7.peg.2330.site.1, 22, 124, 146
1121098.7.peg.2330.site.2, 54, 126, 180
1121098.7.peg.2330.site.3, 0, 124, 124
1121098.7.peg.2351.site.1, 0, 126, 126
1121098.7.peg.2351.site.2, 0, 125, 125
1121098.7.peg.329.site.1, 75, 126, 201
1121098.7.peg.329.site.2, 51, 126, 177
1121098.7.peg.329.site.3, 23, 125, 148
1121098.7.peg.329.site.4, 111, 126, 237
1121098.7.peg.329.site.5, 71, 125, 196
1121098.7.peg.329.site.6, 0, 124, 124
1121098.7.peg.328.site.1, 2, 126, 128
1121098.7.peg.328.site.2, 61, 126, 187
1121098.7.peg.328.site.3, 0, 126, 126
1121098.7.peg.328.site.4, 0, 126, 126
1121098.7.peg.328.site.5, 2, 126, 128
1121098.7.peg.328.site.6, 4, 126, 130
1121098.7.peg.2355.site.1, 0, 126, 126
1121098.7.peg.2355.site.2, 9, 125, 134
1121098.7.peg.2355.site.3, 34, 125, 159
1121098.7.peg.2355.site.4, 62, 125, 187
1121098.7.peg.2355.site.5, 7, 126, 133
1121098.7.peg.2355.site.6, 0, 126, 126
1121098.7.peg.2355.site.7, 0, 126, 126
1121098.7.peg.2355.site.8, 5, 125, 130
1121098.7.peg.2355.site.9, 122, 126, 248
1121098.7.peg.2354.site.1, 5, 124, 129
1121098.7.peg.2354.site.2, 0, 126, 126
1121098.7.peg.2354.site.3, 0, 126, 126
1121098.7.peg.2354.site.4, 8, 126, 134
1121098.7.peg.2354.site.5, 0, 126, 126
1121098.7.peg.2354.site.6, 0, 126, 126
1121098.7.peg.2354.site.7, 1, 126, 127
1121098.7.peg.2354.site.8, 55, 126, 181
1121098.7.peg.2354.site.9, 2, 126, 128
1121098.7.peg.2354.site.10, 2, 126, 128
1121098.7.peg.2354.site.11, 1, 125, 126
1121098.7.peg.2354.site.12, 65, 126, 191
1121098.7.peg.2354.site.13, 1, 125, 126
1121098.7.peg.2354.site.14, 2, 126, 128
1121098.7.peg.2354.site.15, 32, 125, 157
1121098.7.peg.2354.site.16, 32, 125, 157
1121098.7.peg.2354.site.17, 40, 123, 163
1121098.7.peg.2354.site.18, 71, 125, 196
1121098.7.peg.2354.site.19, 0, 126, 126
1121098.7.peg.2354.site.20, 107, 126, 233
1121098.7.peg.2354.site.21, 5, 125, 130
1121098.7.peg.2354.site.22, 0, 126, 126
1121098.7.peg.2354.site.23, 32, 124, 156
1121098.7.peg.2354.site.24, 57, 125, 182
1121098.7.peg.2354.site.25, 4, 126, 130
1121098.7.peg.2354.site.26, 0, 124, 124
1121098.7.peg.2198.site.1, 1, 126, 127
1121098.7.peg.2198.site.2, 58, 126, 184
1121098.7.peg.2198.site.3, 2, 126, 128
1121098.7.peg.2198.site.4, 0, 126, 126
1121098.7.peg.2190.site.1, 12, 126, 138
1121098.7.peg.2190.site.2, 0, 126, 126
1121098.7.peg.2190.site.3, 4, 126, 130
1121098.7.peg.2190.site.4, 3, 125, 128
1121098.7.peg.2190.site.5, 13, 126, 139
1121098.7.peg.2190.site.6, 10, 126, 136
1121098.7.peg.2190.site.7, 0, 126, 126
1121098.7.peg.2190.site.8, 1, 126, 127
1121098.7.peg.2190.site.9, 87, 126, 213
1121098.7.peg.2190.site.10, 2, 126, 128
1121098.7.peg.2190.site.11, 3, 110, 113
1121098.7.peg.2197.site.1, 1, 126, 127
1121098.7.peg.2197.site.2, 10, 126, 136
1121098.7.peg.2197.site.3, 0, 126, 126
1121098.7.peg.2197.site.4, 1, 126, 127
1121098.7.peg.2196.site.1, 92, 99, 191
1121098.7.peg.2196.site.2, 93, 125, 218
1121098.7.peg.2196.site.3, 0, 126, 126
1121098.7.peg.2196.site.4, 57, 126, 183
1121098.7.peg.2196.site.5, 4, 126, 130
1121098.7.peg.2196.site.6, 0, 126, 126
1121098.7.peg.2196.site.7, 0, 126, 126
1121098.7.peg.259.site.1, 0, 126, 126
1121098.7.peg.259.site.2, 0, 122, 122
1121098.7.peg.259.site.3, 0, 122, 122
1121098.7.peg.259.site.4, 2, 125, 127
1121098.7.peg.259.site.5, 4, 126, 130
1121098.7.peg.259.site.6, 61, 126, 187
1121098.7.peg.259.site.7, 12, 125, 137
1121098.7.peg.259.site.8, 0, 126, 126
1121098.7.peg.259.site.9, 3, 126, 129
1121098.7.peg.259.site.10, 23, 125, 148
1121098.7.peg.259.site.11, 62, 126, 188
1121098.7.peg.259.site.12, 11, 125, 136
1121098.7.peg.259.site.13, 1, 124, 125
1121098.7.peg.259.site.14, 117, 125, 242
1121098.7.peg.258.site.1, 2, 126, 128
1121098.7.peg.258.site.2, 4, 126, 130
1121098.7.peg.255.site.1, 0, 126, 126
1121098.7.peg.255.site.2, 0, 126, 126
1121098.7.peg.255.site.3, 101, 125, 226
1121098.7.peg.255.site.4, 0, 126, 126
1121098.7.peg.254.site.1, 2, 126, 128
1121098.7.peg.1619.site.1, 0, 126, 126
1121098.7.peg.1619.site.2, 13, 126, 139
1121098.7.peg.1619.site.3, 0, 125, 125
1121098.7.peg.1619.site.4, 108, 126, 234
1121098.7.peg.1619.site.5, 4, 126, 130
1121098.7.peg.1619.site.6, 7, 125, 132
1121098.7.peg.1619.site.7, 1, 126, 127
1121098.7.peg.1619.site.8, 52, 126, 178
1121098.7.peg.1619.site.9, 9, 126, 135
1121098.7.peg.1619.site.10, 1, 126, 127
1121098.7.peg.1619.site.11, 122, 126, 248
1121098.7.peg.1619.site.12, 1, 126, 127
1121098.7.peg.1619.site.13, 1, 126, 127
1121098.7.peg.1619.site.14, 96, 126, 222
1121098.7.peg.1619.site.15, 83, 126, 209
1121098.7.peg.1619.site.16, 0, 126, 126
1121098.7.peg.1619.site.17, 4, 126, 130
1121098.7.peg.1618.site.1, 0, 126, 126
1121098.7.peg.1618.site.2, 16, 126, 142
1121098.7.peg.1618.site.3, 2, 126, 128
1121098.7.peg.1618.site.4, 65, 126, 191
1121098.7.peg.1618.site.5, 60, 125, 185
1121098.7.peg.1618.site.6, 5, 126, 131
1121098.7.peg.1618.site.7, 15, 126, 141
1121098.7.peg.1618.site.8, 13, 126, 139
1121098.7.peg.1618.site.9, 1, 126, 127
1121098.7.peg.1618.site.10, 6, 126, 132
1121098.7.peg.1618.site.11, 15, 126, 141
1121098.7.peg.1618.site.12, 1, 125, 126
1121098.7.peg.1618.site.13, 0, 126, 126
1121098.7.peg.1618.site.14, 0, 126, 126
1121098.7.peg.251.site.1, 1, 126, 127
1121098.7.peg.251.site.2, 66, 125, 191
1121098.7.peg.251.site.3, 10, 125, 135
1121098.7.peg.251.site.4, 92, 125, 217
1121098.7.peg.4007.site.1, 0, 126, 126
1121098.7.peg.4007.site.2, 3, 126, 129
1121098.7.peg.253.site.1, 1, 126, 127
1121098.7.peg.253.site.2, 7, 126, 133
1121098.7.peg.252.site.1, 28, 125, 153
1121098.7.peg.642.site.1, 0, 126, 126
1121098.7.peg.642.site.2, 0, 125, 125
1121098.7.peg.642.site.3, 6, 125, 131
1121098.7.peg.642.site.4, 41, 125, 166
1121098.7.peg.642.site.5, 6, 126, 132
1121098.7.peg.642.site.6, 3, 126, 129
1121098.7.peg.642.site.7, 6, 124, 130
1121098.7.peg.642.site.8, 1, 125, 126
1121098.7.peg.642.site.9, 6, 126, 132
1121098.7.peg.643.site.1, 80, 122, 202
1121098.7.peg.643.site.2, 17, 126, 143
1121098.7.peg.643.site.3, 24, 126, 150
1121098.7.peg.643.site.4, 3, 126, 129
1121098.7.peg.643.site.5, 2, 126, 128
1121098.7.peg.643.site.6, 13, 126, 139
1121098.7.peg.643.site.7, 0, 123, 123
1121098.7.peg.643.site.8, 71, 125, 196
1121098.7.peg.643.site.9, 2, 125, 127
1121098.7.peg.643.site.10, 0, 126, 126
1121098.7.peg.643.site.11, 10, 125, 135
1121098.7.peg.643.site.12, 5, 124, 129
1121098.7.peg.643.site.13, 5, 126, 131
1121098.7.peg.640.site.1, 1, 126, 127
1121098.7.peg.640.site.2, 0, 126, 126
1121098.7.peg.640.site.3, 14, 126, 140
1121098.7.peg.640.site.4, 14, 126, 140
1121098.7.peg.640.site.5, 0, 126, 126
1121098.7.peg.640.site.6, 91, 126, 217
1121098.7.peg.640.site.7, 12, 126, 138
1121098.7.peg.640.site.8, 0, 126, 126
1121098.7.peg.640.site.9, 0, 126, 126
1121098.7.peg.640.site.10, 4, 126, 130
1121098.7.peg.3758.site.1, 7, 124, 131
1121098.7.peg.3758.site.2, 15, 122, 137
1121098.7.peg.3758.site.3, 3, 125, 128
1121098.7.peg.3758.site.4, 17, 125, 142
1121098.7.peg.3758.site.5, 0, 126, 126
1121098.7.peg.3758.site.6, 62, 126, 188
1121098.7.peg.3758.site.7, 82, 125, 207
1121098.7.peg.3758.site.8, 2, 126, 128
1121098.7.peg.3758.site.9, 0, 126, 126
1121098.7.peg.3758.site.10, 25, 125, 150
1121098.7.peg.3758.site.11, 1, 126, 127
1121098.7.peg.3758.site.12, 16, 126, 142
1121098.7.peg.3758.site.13, 61, 126, 187
1121098.7.peg.3758.site.14, 0, 126, 126
1121098.7.peg.3758.site.15, 0, 126, 126
1121098.7.peg.3758.site.16, 58, 126, 184
1121098.7.peg.3758.site.17, 1, 126, 127
1121098.7.peg.1506.site.1, 2, 126, 128
1121098.7.peg.1506.site.2, 4, 125, 129
1121098.7.peg.1506.site.3, 1, 126, 127
1121098.7.peg.1506.site.4, 59, 126, 185
1121098.7.peg.1506.site.5, 58, 125, 183
1121098.7.peg.1506.site.6, 3, 126, 129
1121098.7.peg.1506.site.7, 6, 126, 132
1121098.7.peg.1506.site.8, 108, 125, 233
1121098.7.peg.1506.site.9, 1, 126, 127
1121098.7.peg.78.site.1, 0, 125, 125
1121098.7.peg.78.site.2, 51, 126, 177
1121098.7.peg.79.site.1, 1, 126, 127
1121098.7.peg.79.site.2, 0, 126, 126
1121098.7.peg.79.site.3, 1, 126, 127
1121098.7.peg.79.site.4, 10, 125, 135
1121098.7.peg.79.site.5, 0, 125, 125
1121098.7.peg.79.site.6, 3, 125, 128
1121098.7.peg.79.site.7, 11, 125, 136
1121098.7.peg.79.site.8, 1, 125, 126
1121098.7.peg.79.site.9, 31, 125, 156
1121098.7.peg.1503.site.1, 1, 126, 127
1121098.7.peg.1502.site.1, 0, 126, 126
1121098.7.peg.1502.site.2, 1, 125, 126
1121098.7.peg.1501.site.1, 52, 126, 178
1121098.7.peg.4020.site.1, 13, 126, 139
1121098.7.peg.4020.site.2, 8, 126, 134
1121098.7.peg.4020.site.3, 20, 125, 145
1121098.7.peg.4020.site.4, 119, 125, 244
1121098.7.peg.4020.site.5, 0, 125, 125
1121098.7.peg.4020.site.6, 0, 125, 125
1121098.7.peg.4020.site.7, 0, 126, 126
1121098.7.peg.4020.site.8, 13, 126, 139
1121098.7.peg.4020.site.9, 2, 125, 127
1121098.7.peg.72.site.1, 17, 126, 143
1121098.7.peg.72.site.2, 0, 125, 125
1121098.7.peg.72.site.3, 2, 126, 128
1121098.7.peg.72.site.4, 25, 126, 151
1121098.7.peg.72.site.5, 0, 125, 125
1121098.7.peg.72.site.6, 1, 126, 127
1121098.7.peg.72.site.7, 36, 125, 161
1121098.7.peg.72.site.8, 118, 125, 243
1121098.7.peg.72.site.9, 121, 125, 246
1121098.7.peg.72.site.10, 14, 125, 139
1121098.7.peg.72.site.11, 3, 125, 128
1121098.7.peg.72.site.12, 98, 126, 224
1121098.7.peg.72.site.13, 0, 126, 126
1121098.7.peg.72.site.14, 0, 125, 125
1121098.7.peg.72.site.15, 7, 125, 132
1121098.7.peg.72.site.16, 0, 125, 125
1121098.7.peg.72.site.17, 4, 125, 129
1121098.7.peg.72.site.18, 3, 126, 129
1121098.7.peg.72.site.19, 1, 126, 127
1121098.7.peg.72.site.20, 1, 126, 127
1121098.7.peg.72.site.21, 1, 126, 127
1121098.7.peg.73.site.1, 0, 126, 126
1121098.7.peg.73.site.2, 0, 126, 126
1121098.7.peg.73.site.3, 103, 125, 228
1121098.7.peg.73.site.4, 102, 125, 227
1121098.7.peg.73.site.5, 1, 125, 126
1121098.7.peg.73.site.6, 0, 126, 126
1121098.7.peg.73.site.7, 0, 125, 125
1121098.7.peg.73.site.8, 1, 126, 127
1121098.7.peg.73.site.9, 0, 126, 126
1121098.7.peg.73.site.10, 1, 126, 127
1121098.7.peg.73.site.11, 23, 125, 148
1121098.7.peg.73.site.12, 23, 125, 148
1121098.7.peg.73.site.13, 0, 126, 126
1121098.7.peg.73.site.14, 0, 126, 126
1121098.7.peg.73.site.15, 2, 126, 128
1121098.7.peg.70.site.1, 52, 126, 178
1121098.7.peg.70.site.2, 61, 126, 187
1121098.7.peg.70.site.3, 0, 124, 124
1121098.7.peg.70.site.4, 74, 125, 199
1121098.7.peg.71.site.1, 9, 125, 134
1121098.7.peg.71.site.2, 0, 126, 126
1121098.7.peg.71.site.3, 0, 126, 126
1121098.7.peg.71.site.4, 4, 126, 130
1121098.7.peg.71.site.5, 1, 126, 127
1121098.7.peg.71.site.6, 0, 125, 125
1121098.7.peg.71.site.7, 7, 126, 133
1121098.7.peg.71.site.8, 5, 125, 130
1121098.7.peg.71.site.9, 0, 126, 126
1121098.7.peg.76.site.1, 49, 125, 174
1121098.7.peg.76.site.2, 9, 125, 134
1121098.7.peg.76.site.3, 0, 125, 125
1121098.7.peg.76.site.4, 18, 126, 144
1121098.7.peg.1508.site.1, 36, 108, 144
1121098.7.peg.1508.site.2, 12, 125, 137
1121098.7.peg.644.site.1, 0, 126, 126
1121098.7.peg.644.site.2, 11, 126, 137
1121098.7.peg.644.site.3, 0, 126, 126
1121098.7.peg.644.site.4, 4, 126, 130
1121098.7.peg.644.site.5, 8, 124, 132
1121098.7.peg.644.site.6, 0, 125, 125
1121098.7.peg.644.site.7, 0, 126, 126
1121098.7.peg.644.site.8, 0, 126, 126
1121098.7.peg.645.site.1, 1, 126, 127
1121098.7.peg.645.site.2, 1, 123, 124
1121098.7.peg.645.site.3, 2, 125, 127
1121098.7.peg.645.site.4, 13, 124, 137
1121098.7.peg.645.site.5, 5, 125, 130
1121098.7.peg.645.site.6, 77, 123, 200
1121098.7.peg.645.site.7, 3, 125, 128
1121098.7.peg.645.site.8, 1, 126, 127
1121098.7.peg.645.site.9, 49, 126, 175
1121098.7.peg.645.site.10, 0, 126, 126
1121098.7.peg.645.site.11, 113, 126, 239
1121098.7.peg.645.site.12, 91, 126, 217
1121098.7.peg.645.site.13, 121, 125, 246
1121098.7.peg.645.site.14, 1, 125, 126
1121098.7.peg.645.site.15, 9, 122, 131
1121098.7.peg.645.site.16, 3, 123, 126
1121098.7.peg.645.site.17, 0, 126, 126
1121098.7.peg.645.site.18, 15, 126, 141
1121098.7.peg.645.site.19, 1, 123, 124
1121098.7.peg.2979.site.1, 0, 126, 126
1121098.7.peg.2978.site.1, 0, 126, 126
1121098.7.peg.2978.site.2, 3, 125, 128
1121098.7.peg.2978.site.3, 61, 126, 187
1121098.7.peg.2978.site.4, 0, 126, 126
1121098.7.peg.2978.site.5, 0, 126, 126
1121098.7.peg.2978.site.6, 5, 126, 131
1121098.7.peg.2978.site.7, 24, 126, 150
1121098.7.peg.2978.site.8, 56, 126, 182
1121098.7.peg.2978.site.9, 19, 126, 145
1121098.7.peg.2978.site.10, 6, 125, 131
1121098.7.peg.2978.site.11, 4, 126, 130
1121098.7.peg.2978.site.12, 0, 126, 126
1121098.7.peg.2977.site.1, 78, 125, 203
1121098.7.peg.2977.site.2, 60, 126, 186
1121098.7.peg.2977.site.3, 1, 126, 127
1121098.7.peg.2977.site.4, 2, 125, 127
1121098.7.peg.2977.site.5, 0, 126, 126
1121098.7.peg.2977.site.6, 1, 126, 127
1121098.7.peg.2977.site.7, 2, 124, 126
1121098.7.peg.2977.site.8, 28, 126, 154
1121098.7.peg.2976.site.1, 52, 126, 178
1121098.7.peg.2976.site.2, 0, 126, 126
1121098.7.peg.2976.site.3, 12, 126, 138
1121098.7.peg.2976.site.4, 1, 126, 127
1121098.7.peg.2976.site.5, 85, 125, 210
1121098.7.peg.2976.site.6, 62, 125, 187
1121098.7.peg.2976.site.7, 2, 125, 127
1121098.7.peg.2976.site.8, 18, 126, 144
1121098.7.peg.2976.site.9, 18, 126, 144
1121098.7.peg.2976.site.10, 0, 126, 126
1121098.7.peg.2976.site.11, 14, 125, 139
1121098.7.peg.2976.site.12, 57, 126, 183
1121098.7.peg.2976.site.13, 0, 126, 126
1121098.7.peg.2976.site.14, 0, 126, 126
1121098.7.peg.2976.site.15, 1, 126, 127
1121098.7.peg.2975.site.1, 10, 126, 136
1121098.7.peg.2975.site.2, 0, 126, 126
1121098.7.peg.2975.site.3, 21, 126, 147
1121098.7.peg.2975.site.4, 2, 126, 128
1121098.7.peg.2975.site.5, 1, 126, 127
1121098.7.peg.2975.site.6, 12, 126, 138
1121098.7.peg.2975.site.7, 0, 126, 126
1121098.7.peg.2975.site.8, 0, 126, 126
1121098.7.peg.2973.site.1, 5, 126, 131
1121098.7.peg.2973.site.2, 0, 126, 126
1121098.7.peg.2973.site.3, 122, 126, 248
1121098.7.peg.2973.site.4, 0, 126, 126
1121098.7.peg.2973.site.5, 1, 126, 127
1121098.7.peg.2973.site.6, 0, 125, 125
1121098.7.peg.2972.site.1, 0, 126, 126
1121098.7.peg.2972.site.2, 53, 126, 179
1121098.7.peg.2972.site.3, 5, 126, 131
1121098.7.peg.2972.site.4, 0, 126, 126
1121098.7.peg.2971.site.1, 0, 125, 125
1121098.7.peg.2971.site.2, 1, 126, 127
1121098.7.peg.2971.site.3, 54, 126, 180
1121098.7.peg.2971.site.4, 2, 123, 125
1121098.7.peg.2971.site.5, 65, 126, 191
1121098.7.peg.2971.site.6, 1, 126, 127
1121098.7.peg.2971.site.7, 26, 125, 151
1121098.7.peg.2971.site.8, 0, 126, 126
1121098.7.peg.2971.site.9, 0, 126, 126
1121098.7.peg.2970.site.1, 2, 126, 128
1121098.7.peg.2970.site.2, 0, 126, 126
1121098.7.peg.2970.site.3, 0, 125, 125
1121098.7.peg.2970.site.4, 62, 126, 188
1121098.7.peg.2970.site.5, 1, 126, 127
1121098.7.peg.2970.site.6, 3, 126, 129
1121098.7.peg.2970.site.7, 1, 126, 127
1121098.7.peg.2970.site.8, 1, 126, 127
1121098.7.peg.2970.site.9, 23, 125, 148
1121098.7.peg.2970.site.10, 26, 125, 151
1121098.7.peg.2970.site.11, 1, 126, 127
1121098.7.peg.2970.site.12, 1, 126, 127
1121098.7.peg.2970.site.13, 54, 126, 180
1121098.7.peg.2970.site.14, 3, 126, 129
1121098.7.peg.2970.site.15, 62, 126, 188
1121098.7.peg.2970.site.16, 63, 126, 189
1121098.7.peg.2970.site.17, 96, 125, 221
1121098.7.peg.4031.site.1, 122, 126, 248
1121098.7.peg.4031.site.2, 0, 126, 126
1121098.7.peg.4031.site.3, 24, 125, 149
1121098.7.peg.4031.site.4, 121, 125, 246
1121098.7.peg.1479.site.1, 3, 126, 129
1121098.7.peg.1479.site.2, 3, 126, 129
1121098.7.peg.1479.site.3, 0, 123, 123
1121098.7.peg.1479.site.4, 3, 126, 129
1121098.7.peg.1479.site.5, 0, 126, 126
1121098.7.peg.1479.site.6, 0, 126, 126
1121098.7.peg.1479.site.7, 0, 126, 126
1121098.7.peg.1479.site.8, 0, 126, 126
1121098.7.peg.1479.site.9, 0, 126, 126
1121098.7.peg.1479.site.10, 2, 125, 127
1121098.7.peg.1479.site.11, 121, 125, 246
1121098.7.peg.1479.site.12, 50, 126, 176
1121098.7.peg.1479.site.13, 0, 126, 126
1121098.7.peg.1479.site.14, 13, 126, 139
1121098.7.peg.1479.site.15, 0, 126, 126
1121098.7.peg.1479.site.16, 0, 126, 126
1121098.7.peg.1479.site.17, 3, 126, 129
1121098.7.peg.1479.site.18, 60, 125, 185
1121098.7.peg.1479.site.19, 3, 126, 129
1121098.7.peg.1479.site.20, 0, 126, 126
1121098.7.peg.1479.site.21, 0, 126, 126
1121098.7.peg.1479.site.22, 55, 126, 181
1121098.7.peg.1479.site.23, 1, 126, 127
1121098.7.peg.1479.site.24, 54, 126, 180
1121098.7.peg.1479.site.25, 0, 126, 126
1121098.7.peg.1479.site.26, 2, 126, 128
1121098.7.peg.1479.site.27, 9, 126, 135
1121098.7.peg.1478.site.1, 60, 126, 186
1121098.7.peg.1478.site.2, 60, 125, 185
1121098.7.peg.1478.site.3, 2, 125, 127
1121098.7.peg.1478.site.4, 83, 126, 209
1121098.7.peg.1478.site.5, 0, 125, 125
1121098.7.peg.1478.site.6, 1, 125, 126
1121098.7.peg.1478.site.7, 29, 125, 154
1121098.7.peg.1478.site.8, 121, 125, 246
1121098.7.peg.1478.site.9, 117, 125, 242
1121098.7.peg.1478.site.10, 54, 126, 180
1121098.7.peg.1478.site.11, 62, 126, 188
1121098.7.peg.1478.site.12, 62, 126, 188
1121098.7.peg.1478.site.13, 8, 124, 132
1121098.7.peg.1478.site.14, 25, 124, 149
1121098.7.peg.1478.site.15, 121, 125, 246
1121098.7.peg.1478.site.16, 0, 125, 125
1121098.7.peg.1478.site.17, 60, 125, 185
1121098.7.peg.1478.site.18, 1, 125, 126
1121098.7.peg.1478.site.19, 118, 123, 241
1121098.7.peg.1478.site.20, 7, 104, 111
1121098.7.peg.1478.site.21, 0, 105, 105
1121098.7.peg.1478.site.22, 0, 125, 125
1121098.7.peg.1478.site.23, 8, 125, 133
1121098.7.peg.1478.site.24, 38, 123, 161
1121098.7.peg.1478.site.25, 18, 125, 143
1121098.7.peg.3628.site.1, 55, 126, 181
1121098.7.peg.3628.site.2, 55, 126, 181
1121098.7.peg.3628.site.3, 90, 126, 216
1121098.7.peg.3628.site.4, 68, 126, 194
1121098.7.peg.3629.site.1, 5, 125, 130
1121098.7.peg.3629.site.2, 4, 126, 130
1121098.7.peg.3629.site.3, 11, 126, 137
1121098.7.peg.3629.site.4, 30, 125, 155
1121098.7.peg.3629.site.5, 4, 126, 130
1121098.7.peg.3629.site.6, 1, 126, 127
1121098.7.peg.3629.site.7, 62, 126, 188
1121098.7.peg.3629.site.8, 13, 125, 138
1121098.7.peg.3629.site.9, 0, 126, 126
1121098.7.peg.3629.site.10, 4, 126, 130
1121098.7.peg.3629.site.11, 0, 126, 126
1121098.7.peg.3629.site.12, 4, 126, 130
1121098.7.peg.3629.site.13, 30, 125, 155
1121098.7.peg.3629.site.14, 108, 126, 234
1121098.7.peg.3629.site.15, 2, 126, 128
1121098.7.peg.3629.site.16, 0, 126, 126
1121098.7.peg.3629.site.17, 42, 126, 168
1121098.7.peg.3629.site.18, 11, 126, 137
1121098.7.peg.3629.site.19, 10, 126, 136
1121098.7.peg.3629.site.20, 42, 126, 168
1121098.7.peg.3629.site.21, 4, 124, 128
1121098.7.peg.3629.site.22, 0, 125, 125
1121098.7.peg.3629.site.23, 12, 126, 138
1121098.7.peg.3629.site.24, 0, 126, 126
1121098.7.peg.3629.site.25, 7, 125, 132
1121098.7.peg.3629.site.26, 55, 126, 181
1121098.7.peg.3629.site.27, 65, 126, 191
1121098.7.peg.3629.site.28, 0, 126, 126
1121098.7.peg.3629.site.29, 1, 126, 127
1121098.7.peg.3629.site.30, 0, 126, 126
1121098.7.peg.3629.site.31, 0, 125, 125
1121098.7.peg.3629.site.32, 5, 126, 131
1121098.7.peg.811.site.1, 5, 126, 131
1121098.7.peg.811.site.2, 8, 126, 134
1121098.7.peg.811.site.3, 0, 126, 126
1121098.7.peg.811.site.4, 12, 126, 138
1121098.7.peg.811.site.5, 4, 126, 130
1121098.7.peg.811.site.6, 0, 124, 124
1121098.7.peg.811.site.7, 4, 124, 128
1121098.7.peg.811.site.8, 0, 124, 124
1121098.7.peg.811.site.9, 63, 123, 186
1121098.7.peg.811.site.10, 3, 124, 127
1121098.7.peg.811.site.11, 0, 123, 123
1121098.7.peg.811.site.12, 3, 124, 127
1121098.7.peg.811.site.13, 2, 124, 126
1121098.7.peg.811.site.14, 1, 124, 125
1121098.7.peg.810.site.1, 0, 123, 123
1121098.7.peg.810.site.2, 0, 126, 126
1121098.7.peg.810.site.3, 4, 126, 130
1121098.7.peg.810.site.4, 39, 126, 165
1121098.7.peg.810.site.5, 39, 126, 165
1121098.7.peg.810.site.6, 0, 126, 126
1121098.7.peg.810.site.7, 4, 126, 130
1121098.7.peg.810.site.8, 3, 126, 129
1121098.7.peg.810.site.9, 4, 126, 130
1121098.7.peg.810.site.10, 36, 126, 162
1121098.7.peg.810.site.11, 2, 126, 128
1121098.7.peg.810.site.12, 0, 126, 126
1121098.7.peg.810.site.13, 0, 126, 126
1121098.7.peg.810.site.14, 0, 126, 126
1121098.7.peg.810.site.15, 3, 126, 129
1121098.7.peg.810.site.16, 4, 126, 130
1121098.7.peg.810.site.17, 71, 126, 197
1121098.7.peg.810.site.18, 12, 126, 138
1121098.7.peg.810.site.19, 1, 126, 127
1121098.7.peg.810.site.20, 2, 126, 128
1121098.7.peg.810.site.21, 0, 126, 126
1121098.7.peg.810.site.22, 122, 126, 248
1121098.7.peg.810.site.23, 55, 126, 181
1121098.7.peg.3626.site.1, 12, 126, 138
1121098.7.peg.3626.site.2, 3, 126, 129
1121098.7.peg.3626.site.3, 1, 126, 127
1121098.7.peg.3626.site.4, 4, 126, 130
1121098.7.peg.3626.site.5, 12, 126, 138
1121098.7.peg.3626.site.6, 1, 126, 127
1121098.7.peg.1470.site.1, 0, 125, 125
1121098.7.peg.1470.site.2, 54, 126, 180
1121098.7.peg.1470.site.3, 1, 126, 127
1121098.7.peg.1477.site.1, 54, 124, 178
1121098.7.peg.1477.site.2, 6, 124, 130
1121098.7.peg.1477.site.3, 122, 126, 248
1121098.7.peg.1477.site.4, 0, 125, 125
1121098.7.peg.1477.site.5, 0, 126, 126
1121098.7.peg.1477.site.6, 3, 126, 129
1121098.7.peg.1477.site.7, 0, 124, 124
1121098.7.peg.1477.site.8, 0, 124, 124
1121098.7.peg.1477.site.9, 3, 126, 129
1121098.7.peg.1477.site.10, 7, 126, 133
1121098.7.peg.1477.site.11, 7, 105, 112
1121098.7.peg.1477.site.12, 0, 126, 126
1121098.7.peg.1477.site.13, 29, 108, 137
1121098.7.peg.1477.site.14, 49, 125, 174
1121098.7.peg.1477.site.15, 95, 125, 220
1121098.7.peg.1476.site.1, 0, 122, 122
1121098.7.peg.1476.site.2, 0, 125, 125
1121098.7.peg.3622.site.1, 0, 126, 126
1121098.7.peg.3622.site.2, 0, 126, 126
1121098.7.peg.3622.site.3, 4, 126, 130
1121098.7.peg.3622.site.4, 0, 126, 126
1121098.7.peg.3622.site.5, 2, 126, 128
1121098.7.peg.3622.site.6, 9, 126, 135
1121098.7.peg.3622.site.7, 1, 126, 127
1121098.7.peg.3622.site.8, 68, 126, 194
1121098.7.peg.3622.site.9, 2, 126, 128
1121098.7.peg.3622.site.10, 11, 126, 137
1121098.7.peg.3622.site.11, 98, 126, 224
1121098.7.peg.3622.site.12, 94, 126, 220
1121098.7.peg.3622.site.13, 0, 126, 126
1121098.7.peg.91.site.1, 1, 125, 126
1121098.7.peg.91.site.2, 16, 126, 142
1121098.7.peg.91.site.3, 0, 126, 126
1121098.7.peg.91.site.4, 1, 126, 127
1121098.7.peg.91.site.5, 61, 126, 187
1121098.7.peg.91.site.6, 79, 126, 205
1121098.7.peg.91.site.7, 0, 126, 126
1121098.7.peg.91.site.8, 1, 126, 127
1121098.7.peg.91.site.9, 1, 125, 126
1121098.7.peg.91.site.10, 0, 126, 126
1121098.7.peg.91.site.11, 2, 125, 127
1121098.7.peg.91.site.12, 1, 126, 127
1121098.7.peg.91.site.13, 1, 125, 126
1121098.7.peg.92.site.1, 38, 125, 163
1121098.7.peg.92.site.2, 101, 125, 226
1121098.7.peg.92.site.3, 2, 126, 128
1121098.7.peg.92.site.4, 16, 126, 142
1121098.7.peg.92.site.5, 16, 126, 142
1121098.7.peg.92.site.6, 20, 124, 144
1121098.7.peg.92.site.7, 7, 122, 129
1121098.7.peg.92.site.8, 56, 123, 179
1121098.7.peg.92.site.9, 4, 122, 126
1121098.7.peg.92.site.10, 1, 125, 126
1121098.7.peg.92.site.11, 0, 125, 125
1121098.7.peg.92.site.12, 3, 125, 128
1121098.7.peg.92.site.13, 28, 126, 154
1121098.7.peg.92.site.14, 5, 125, 130
1121098.7.peg.92.site.15, 2, 122, 124
1121098.7.peg.92.site.16, 3, 124, 127
1121098.7.peg.94.site.1, 60, 126, 186
1121098.7.peg.94.site.2, 0, 126, 126
1121098.7.peg.94.site.3, 91, 125, 216
1121098.7.peg.94.site.4, 0, 126, 126
1121098.7.peg.94.site.5, 4, 126, 130
1121098.7.peg.94.site.6, 4, 126, 130
1121098.7.peg.94.site.7, 64, 126, 190
1121098.7.peg.94.site.8, 5, 126, 131
1121098.7.peg.94.site.9, 0, 126, 126
1121098.7.peg.94.site.10, 16, 125, 141
1121098.7.peg.94.site.11, 4, 126, 130
1121098.7.peg.94.site.12, 2, 126, 128
1121098.7.peg.95.site.1, 31, 125, 156
1121098.7.peg.95.site.2, 64, 126, 190
1121098.7.peg.95.site.3, 2, 126, 128
1121098.7.peg.95.site.4, 0, 126, 126
1121098.7.peg.95.site.5, 2, 125, 127
1121098.7.peg.95.site.6, 1, 126, 127
1121098.7.peg.95.site.7, 0, 126, 126
1121098.7.peg.95.site.8, 2, 126, 128
1121098.7.peg.95.site.9, 121, 125, 246
1121098.7.peg.95.site.10, 0, 126, 126
1121098.7.peg.95.site.11, 0, 126, 126
1121098.7.peg.95.site.12, 3, 126, 129
1121098.7.peg.95.site.13, 2, 126, 128
1121098.7.peg.95.site.14, 69, 126, 195
1121098.7.peg.95.site.15, 0, 126, 126
1121098.7.peg.95.site.16, 2, 126, 128
1121098.7.peg.95.site.17, 4, 126, 130
1121098.7.peg.95.site.18, 2, 126, 128
1121098.7.peg.95.site.19, 50, 126, 176
1121098.7.peg.95.site.20, 38, 114, 152
1121098.7.peg.95.site.21, 27, 103, 130
1121098.7.peg.95.site.22, 5, 120, 125
1121098.7.peg.95.site.23, 0, 125, 125
1121098.7.peg.95.site.24, 52, 126, 178
1121098.7.peg.95.site.25, 5, 126, 131
1121098.7.peg.95.site.26, 28, 125, 153
1121098.7.peg.95.site.27, 112, 126, 238
1121098.7.peg.95.site.28, 0, 126, 126
1121098.7.peg.95.site.29, 11, 126, 137
1121098.7.peg.95.site.30, 3, 126, 129
1121098.7.peg.95.site.31, 63, 126, 189
1121098.7.peg.95.site.32, 8, 126, 134
1121098.7.peg.95.site.33, 18, 125, 143
1121098.7.peg.95.site.34, 60, 126, 186
1121098.7.peg.95.site.35, 2, 126, 128
1121098.7.peg.95.site.36, 22, 125, 147
1121098.7.peg.1068.site.1, 0, 126, 126
1121098.7.peg.1068.site.2, 4, 125, 129
1121098.7.peg.1068.site.3, 32, 125, 157
1121098.7.peg.1069.site.1, 0, 125, 125
1121098.7.peg.1069.site.2, 12, 126, 138
1121098.7.peg.1069.site.3, 11, 126, 137
1121098.7.peg.2755.site.1, 14, 119, 133
1121098.7.peg.2755.site.2, 116, 120, 236
1121098.7.peg.2755.site.3, 2, 119, 121
1121098.7.peg.2755.site.4, 116, 120, 236
1121098.7.peg.2755.site.5, 0, 120, 120
1121098.7.peg.2755.site.6, 18, 119, 137
1121098.7.peg.2755.site.7, 21, 120, 141
1121098.7.peg.2754.site.1, 3, 120, 123
1121098.7.peg.2754.site.2, 116, 120, 236
1121098.7.peg.2754.site.3, 31, 119, 150
1121098.7.peg.2754.site.4, 0, 120, 120
1121098.7.peg.2753.site.1, 116, 120, 236
1121098.7.peg.2753.site.2, 1, 120, 121
1121098.7.peg.2753.site.3, 0, 120, 120
1121098.7.peg.2753.site.4, 1, 120, 121
1121098.7.peg.2753.site.5, 0, 119, 119
1121098.7.peg.2753.site.6, 1, 120, 121
1121098.7.peg.2753.site.7, 3, 120, 123
1121098.7.peg.2753.site.8, 2, 120, 122
1121098.7.peg.2753.site.9, 0, 120, 120
1121098.7.peg.2753.site.10, 116, 120, 236
1121098.7.peg.2753.site.11, 0, 120, 120
1121098.7.peg.2752.site.1, 0, 120, 120
1121098.7.peg.2752.site.2, 0, 120, 120
1121098.7.peg.2752.site.3, 9, 120, 129
1121098.7.peg.2752.site.4, 7, 120, 127
1121098.7.peg.2752.site.5, 0, 120, 120
1121098.7.peg.2752.site.6, 3, 119, 122
1121098.7.peg.2752.site.7, 15, 119, 134
1121098.7.peg.2752.site.8, 1, 120, 121
1121098.7.peg.2752.site.9, 0, 120, 120
1121098.7.peg.2752.site.10, 3, 120, 123
1121098.7.peg.2752.site.11, 0, 120, 120
1121098.7.peg.2752.site.12, 35, 120, 155
1121098.7.peg.2752.site.13, 0, 120, 120
1121098.7.peg.2752.site.14, 6, 119, 125
1121098.7.peg.2752.site.15, 12, 120, 132
1121098.7.peg.2752.site.16, 0, 119, 119
1121098.7.peg.2751.site.1, 2, 125, 127
1121098.7.peg.2751.site.2, 82, 125, 207
1121098.7.peg.2751.site.3, 1, 126, 127
1121098.7.peg.2751.site.4, 1, 126, 127
1121098.7.peg.2750.site.1, 0, 125, 125
1121098.7.peg.2750.site.2, 53, 126, 179
1121098.7.peg.2750.site.3, 56, 126, 182
1121098.7.peg.2750.site.4, 56, 126, 182
1121098.7.peg.2750.site.5, 3, 125, 128
1121098.7.peg.2750.site.6, 55, 125, 180
1121098.7.peg.2750.site.7, 59, 126, 185
1121098.7.peg.2750.site.8, 69, 126, 195
1121098.7.peg.2750.site.9, 17, 126, 143
1121098.7.peg.2750.site.10, 53, 124, 177
1121098.7.peg.2750.site.11, 0, 123, 123
1121098.7.peg.2750.site.12, 98, 123, 221
1121098.7.peg.2750.site.13, 1, 126, 127
1121098.7.peg.2750.site.14, 1, 126, 127
1121098.7.peg.2750.site.15, 0, 126, 126
1121098.7.peg.2750.site.16, 5, 126, 131
1121098.7.peg.2750.site.17, 72, 126, 198
1121098.7.peg.2750.site.18, 1, 125, 126
1121098.7.peg.2758.site.1, 7, 119, 126
1121098.7.peg.2758.site.2, 53, 126, 179
1121098.7.peg.2758.site.3, 53, 126, 179
1121098.7.peg.2758.site.4, 51, 126, 177
1121098.7.peg.2758.site.5, 51, 126, 177
1121098.7.peg.2758.site.6, 38, 125, 163
1121098.7.peg.2758.site.7, 56, 126, 182
1121098.7.peg.2758.site.8, 3, 125, 128
1121098.7.peg.2758.site.9, 51, 126, 177
1121098.7.peg.2758.site.10, 3, 126, 129
1121098.7.peg.2758.site.11, 3, 126, 129
1121098.7.peg.2758.site.12, 0, 126, 126
1121098.7.peg.2758.site.13, 0, 126, 126
1121098.7.peg.2758.site.14, 12, 126, 138
1121098.7.peg.2758.site.15, 56, 126, 182
1121098.7.peg.2758.site.16, 5, 126, 131
1121098.7.peg.2758.site.17, 0, 126, 126
1121098.7.peg.2758.site.18, 110, 126, 236
1121098.7.peg.2758.site.19, 1, 126, 127
1121098.7.peg.2758.site.20, 62, 126, 188
1121098.7.peg.2332.site.1, 0, 126, 126
1121098.7.peg.2332.site.2, 5, 126, 131
1121098.7.peg.2991.site.1, 3, 126, 129
1121098.7.peg.2991.site.2, 1, 126, 127
1121098.7.peg.2991.site.3, 5, 126, 131
1121098.7.peg.2991.site.4, 0, 126, 126
1121098.7.peg.2991.site.5, 12, 126, 138
1121098.7.peg.2991.site.6, 17, 124, 141
1121098.7.peg.2990.site.1, 0, 126, 126
1121098.7.peg.2990.site.2, 69, 125, 194
1121098.7.peg.2990.site.3, 0, 126, 126
1121098.7.peg.2990.site.4, 1, 126, 127
1121098.7.peg.2990.site.5, 3, 126, 129
1121098.7.peg.2990.site.6, 3, 126, 129
1121098.7.peg.2990.site.7, 1, 126, 127
1121098.7.peg.2990.site.8, 0, 126, 126
1121098.7.peg.2990.site.9, 0, 126, 126
1121098.7.peg.2990.site.10, 3, 126, 129
1121098.7.peg.2990.site.11, 22, 125, 147
1121098.7.peg.2990.site.12, 1, 126, 127
1121098.7.peg.2990.site.13, 4, 126, 130
1121098.7.peg.2990.site.14, 0, 126, 126
1121098.7.peg.2990.site.15, 7, 126, 133
1121098.7.peg.2990.site.16, 4, 126, 130
1121098.7.peg.2990.site.17, 5, 126, 131
1121098.7.peg.2990.site.18, 0, 126, 126
1121098.7.peg.2990.site.19, 0, 125, 125
1121098.7.peg.2990.site.20, 4, 126, 130
1121098.7.peg.2990.site.21, 0, 126, 126
1121098.7.peg.2990.site.22, 0, 126, 126
1121098.7.peg.2990.site.23, 122, 126, 248
1121098.7.peg.2990.site.24, 21, 125, 146
1121098.7.peg.2990.site.25, 1, 126, 127
1121098.7.peg.2990.site.26, 1, 126, 127
1121098.7.peg.2990.site.27, 16, 126, 142
1121098.7.peg.2990.site.28, 0, 126, 126
1121098.7.peg.2990.site.29, 1, 126, 127
1121098.7.peg.2990.site.30, 0, 126, 126
1121098.7.peg.2990.site.31, 0, 126, 126
1121098.7.peg.2990.site.32, 3, 126, 129
1121098.7.peg.2990.site.33, 0, 126, 126
1121098.7.peg.1268.site.1, 3, 126, 129
1121098.7.peg.1268.site.2, 4, 126, 130
1121098.7.peg.1268.site.3, 3, 126, 129
1121098.7.peg.1268.site.4, 10, 126, 136
1121098.7.peg.1268.site.5, 2, 126, 128
1121098.7.peg.1268.site.6, 0, 123, 123
1121098.7.peg.1268.site.7, 3, 120, 123
1121098.7.peg.1268.site.8, 0, 125, 125
1121098.7.peg.1268.site.9, 0, 126, 126
1121098.7.peg.1268.site.10, 3, 126, 129
1121098.7.peg.1268.site.11, 0, 121, 121
1121098.7.peg.1269.site.1, 30, 125, 155
1121098.7.peg.1269.site.2, 4, 126, 130
1121098.7.peg.1269.site.3, 0, 126, 126
1121098.7.peg.1269.site.4, 63, 126, 189
1121098.7.peg.1269.site.5, 2, 126, 128
1121098.7.peg.1269.site.6, 55, 126, 181
1121098.7.peg.1269.site.7, 28, 125, 153
1121098.7.peg.1269.site.8, 122, 126, 248
1121098.7.peg.1269.site.9, 5, 125, 130
1121098.7.peg.1269.site.10, 68, 125, 193
1121098.7.peg.1269.site.11, 26, 126, 152
1121098.7.peg.1269.site.12, 2, 126, 128
1121098.7.peg.2994.site.1, 9, 126, 135
1121098.7.peg.2994.site.2, 6, 126, 132
1121098.7.peg.2994.site.3, 2, 126, 128
1121098.7.peg.2994.site.4, 65, 122, 187
1121098.7.peg.2994.site.5, 0, 120, 120
1121098.7.peg.2994.site.6, 65, 122, 187
1121098.7.peg.2994.site.7, 2, 122, 124
1121098.7.peg.2997.site.1, 0, 125, 125
1121098.7.peg.2997.site.2, 48, 125, 173
1121098.7.peg.2997.site.3, 0, 124, 124
1121098.7.peg.2997.site.4, 63, 125, 188
1121098.7.peg.2997.site.5, 2, 125, 127
1121098.7.peg.2997.site.6, 4, 125, 129
1121098.7.peg.2997.site.7, 1, 125, 126
1121098.7.peg.2996.site.1, 4, 125, 129
1121098.7.peg.2996.site.2, 107, 124, 231
1121098.7.peg.1262.site.1, 0, 126, 126
1121098.7.peg.1262.site.2, 0, 125, 125
1121098.7.peg.1262.site.3, 12, 126, 138
1121098.7.peg.1262.site.4, 110, 126, 236
1121098.7.peg.1262.site.5, 59, 126, 185
1121098.7.peg.1262.site.6, 0, 126, 126
1121098.7.peg.1263.site.1, 121, 126, 247
1121098.7.peg.1263.site.2, 0, 126, 126
1121098.7.peg.1263.site.3, 53, 126, 179
1121098.7.peg.1263.site.4, 0, 126, 126
1121098.7.peg.1263.site.5, 15, 125, 140
1121098.7.peg.1263.site.6, 2, 126, 128
1121098.7.peg.1260.site.1, 0, 126, 126
1121098.7.peg.1260.site.2, 10, 126, 136
1121098.7.peg.1260.site.3, 36, 126, 162
1121098.7.peg.1260.site.4, 0, 126, 126
1121098.7.peg.1260.site.5, 2, 126, 128
1121098.7.peg.1260.site.6, 0, 126, 126
1121098.7.peg.1260.site.7, 54, 126, 180
1121098.7.peg.1260.site.8, 0, 126, 126
1121098.7.peg.1260.site.9, 0, 125, 125
1121098.7.peg.1260.site.10, 2, 126, 128
1121098.7.peg.1260.site.11, 0, 125, 125
1121098.7.peg.1260.site.12, 3, 126, 129
1121098.7.peg.1260.site.13, 0, 125, 125
1121098.7.peg.1266.site.1, 1, 126, 127
1121098.7.peg.1266.site.2, 0, 126, 126
1121098.7.peg.1266.site.3, 11, 126, 137
1121098.7.peg.1266.site.4, 0, 126, 126
1121098.7.peg.1266.site.5, 0, 125, 125
1121098.7.peg.1266.site.6, 4, 126, 130
1121098.7.peg.1266.site.7, 12, 126, 138
1121098.7.peg.1266.site.8, 9, 126, 135
1121098.7.peg.1266.site.9, 9, 126, 135
1121098.7.peg.1267.site.1, 12, 124, 136
1121098.7.peg.4344.site.1, 13, 125, 138
1121098.7.peg.4344.site.2, 8, 126, 134
1121098.7.peg.4344.site.3, 24, 125, 149
1121098.7.peg.4344.site.4, 97, 126, 223
1121098.7.peg.4344.site.5, 97, 126, 223
1121098.7.peg.1265.site.1, 0, 123, 123
1121098.7.peg.1265.site.2, 2, 126, 128
1121098.7.peg.1265.site.3, 53, 123, 176
1121098.7.peg.1265.site.4, 56, 125, 181
1121098.7.peg.1265.site.5, 62, 126, 188
1121098.7.peg.1265.site.6, 6, 126, 132
1121098.7.peg.468.site.1, 4, 126, 130
1121098.7.peg.468.site.2, 4, 126, 130
1121098.7.peg.468.site.3, 0, 126, 126
1121098.7.peg.468.site.4, 4, 126, 130
1121098.7.peg.468.site.5, 4, 126, 130
1121098.7.peg.468.site.6, 56, 126, 182
1121098.7.peg.3608.site.1, 0, 125, 125
1121098.7.peg.3608.site.2, 4, 126, 130
1121098.7.peg.3608.site.3, 60, 125, 185
1121098.7.peg.3608.site.4, 3, 126, 129
1121098.7.peg.3608.site.5, 2, 126, 128
1121098.7.peg.3608.site.6, 7, 126, 133
1121098.7.peg.3608.site.7, 3, 126, 129
1121098.7.peg.3608.site.8, 3, 126, 129
1121098.7.peg.3608.site.9, 3, 126, 129
1121098.7.peg.3608.site.10, 63, 126, 189
1121098.7.peg.3609.site.1, 0, 126, 126
1121098.7.peg.3609.site.2, 0, 126, 126
1121098.7.peg.3609.site.3, 122, 126, 248
1121098.7.peg.3609.site.4, 0, 126, 126
1121098.7.peg.3609.site.5, 0, 125, 125
1121098.7.peg.3609.site.6, 0, 126, 126
1121098.7.peg.3609.site.7, 0, 126, 126
1121098.7.peg.3609.site.8, 4, 126, 130
1121098.7.peg.3116.site.1, 0, 126, 126
1121098.7.peg.3116.site.2, 13, 126, 139
1121098.7.peg.3116.site.3, 1, 126, 127
1121098.7.peg.3116.site.4, 21, 76, 97
1121098.7.peg.3116.site.5, 45, 67, 112
1121098.7.peg.3116.site.6, 21, 67, 88
1121098.7.peg.3116.site.7, 0, 72, 72
1121098.7.peg.3116.site.8, 0, 126, 126
1121098.7.peg.3116.site.9, 0, 126, 126
1121098.7.peg.3116.site.10, 33, 126, 159
1121098.7.peg.3116.site.11, 1, 126, 127
1121098.7.peg.3116.site.12, 13, 126, 139
1121098.7.peg.3117.site.1, 53, 126, 179
1121098.7.peg.3117.site.2, 65, 126, 191
1121098.7.peg.3117.site.3, 1, 126, 127
1121098.7.peg.3117.site.4, 110, 126, 236
1121098.7.peg.3117.site.5, 0, 126, 126
1121098.7.peg.3117.site.6, 2, 126, 128
1121098.7.peg.3117.site.7, 2, 126, 128
1121098.7.peg.3117.site.8, 0, 126, 126
1121098.7.peg.3117.site.9, 89, 126, 215
1121098.7.peg.3117.site.10, 0, 126, 126
1121098.7.peg.3117.site.11, 0, 126, 126
1121098.7.peg.3117.site.12, 50, 126, 176
1121098.7.peg.3117.site.13, 122, 126, 248
1121098.7.peg.3114.site.1, 0, 126, 126
1121098.7.peg.3114.site.2, 13, 126, 139
1121098.7.peg.3114.site.3, 8, 126, 134
1121098.7.peg.3114.site.4, 0, 126, 126
1121098.7.peg.3114.site.5, 8, 126, 134
1121098.7.peg.3115.site.1, 0, 126, 126
1121098.7.peg.3115.site.2, 29, 125, 154
1121098.7.peg.3115.site.3, 0, 126, 126
1121098.7.peg.3115.site.4, 8, 125, 133
1121098.7.peg.3115.site.5, 13, 126, 139
1121098.7.peg.3115.site.6, 22, 125, 147
1121098.7.peg.3115.site.7, 1, 126, 127
1121098.7.peg.3115.site.8, 54, 125, 179
1121098.7.peg.3115.site.9, 2, 125, 127
1121098.7.peg.3115.site.10, 3, 126, 129
1121098.7.peg.3115.site.11, 0, 126, 126
1121098.7.peg.3115.site.12, 0, 126, 126
1121098.7.peg.3115.site.13, 0, 126, 126
1121098.7.peg.3115.site.14, 0, 126, 126
1121098.7.peg.3115.site.15, 1, 126, 127
1121098.7.peg.3115.site.16, 3, 126, 129
1121098.7.peg.3112.site.1, 0, 126, 126
1121098.7.peg.3112.site.2, 4, 126, 130
1121098.7.peg.3112.site.3, 3, 126, 129
1121098.7.peg.3112.site.4, 0, 126, 126
1121098.7.peg.3112.site.5, 110, 126, 236
1121098.7.peg.3112.site.6, 0, 126, 126
1121098.7.peg.3112.site.7, 56, 126, 182
1121098.7.peg.3112.site.8, 59, 126, 185
1121098.7.peg.3112.site.9, 0, 126, 126
1121098.7.peg.3113.site.1, 2, 125, 127
1121098.7.peg.3113.site.2, 105, 125, 230
1121098.7.peg.3113.site.3, 2, 124, 126
1121098.7.peg.3113.site.4, 4, 126, 130
1121098.7.peg.3113.site.5, 0, 126, 126
1121098.7.peg.3113.site.6, 1, 126, 127
1121098.7.peg.3113.site.7, 4, 126, 130
1121098.7.peg.3110.site.1, 88, 125, 213
1121098.7.peg.3110.site.2, 0, 125, 125
1121098.7.peg.3110.site.3, 4, 126, 130
1121098.7.peg.3110.site.4, 105, 125, 230
1121098.7.peg.3110.site.5, 5, 126, 131
1121098.7.peg.3110.site.6, 6, 126, 132
1121098.7.peg.3110.site.7, 9, 126, 135
1121098.7.peg.3110.site.8, 0, 126, 126
1121098.7.peg.3110.site.9, 3, 126, 129
1121098.7.peg.3110.site.10, 2, 126, 128
1121098.7.peg.3110.site.11, 2, 126, 128
1121098.7.peg.3110.site.12, 0, 126, 126
1121098.7.peg.3110.site.13, 2, 126, 128
1121098.7.peg.3110.site.14, 2, 126, 128
1121098.7.peg.3110.site.15, 2, 126, 128
1121098.7.peg.3110.site.16, 3, 126, 129
1121098.7.peg.3110.site.17, 0, 126, 126
1121098.7.peg.3111.site.1, 61, 126, 187
1121098.7.peg.3111.site.2, 3, 126, 129
1121098.7.peg.3111.site.3, 9, 125, 134
1121098.7.peg.3111.site.4, 80, 125, 205
1121098.7.peg.3111.site.5, 54, 126, 180
1121098.7.peg.3111.site.6, 122, 126, 248
1121098.7.peg.3111.site.7, 0, 126, 126
1121098.7.peg.3111.site.8, 66, 126, 192
1121098.7.peg.3111.site.9, 38, 125, 163
1121098.7.peg.3111.site.10, 75, 126, 201
1121098.7.peg.3111.site.11, 16, 125, 141
1121098.7.peg.3111.site.12, 53, 126, 179
1121098.7.peg.3111.site.13, 0, 126, 126
1121098.7.peg.3111.site.14, 27, 125, 152
1121098.7.peg.3111.site.15, 7, 126, 133
1121098.7.peg.3111.site.16, 0, 126, 126
1121098.7.peg.3111.site.17, 0, 124, 124
1121098.7.peg.3119.site.1, 16, 126, 142
1121098.7.peg.3119.site.2, 19, 126, 145
1121098.7.peg.3119.site.3, 97, 126, 223
1121098.7.peg.3119.site.4, 67, 125, 192
1121098.7.peg.3119.site.5, 8, 126, 134
1121098.7.peg.3119.site.6, 22, 126, 148
1121098.7.peg.3119.site.7, 10, 118, 128
1121098.7.peg.3119.site.8, 33, 109, 142
1121098.7.peg.3119.site.9, 11, 87, 98
1121098.7.peg.3119.site.10, 10, 86, 96
1121098.7.peg.3119.site.11, 23, 84, 107
1121098.7.peg.3119.site.12, 5, 81, 86
1121098.7.peg.3119.site.13, 24, 125, 149
1121098.7.peg.3119.site.14, 122, 126, 248
1121098.7.peg.3119.site.15, 54, 126, 180
1121098.7.peg.3119.site.16, 63, 126, 189
1121098.7.peg.3119.site.17, 29, 125, 154
1121098.7.peg.3119.site.18, 61, 126, 187
1121098.7.peg.3119.site.19, 0, 126, 126
1121098.7.peg.3119.site.20, 51, 126, 177
1121098.7.peg.3119.site.21, 50, 126, 176
1121098.7.peg.3119.site.22, 1, 126, 127
1121098.7.peg.3119.site.23, 2, 126, 128
1121098.7.peg.3119.site.24, 3, 124, 127
1121098.7.peg.3119.site.25, 16, 125, 141
1121098.7.peg.3119.site.26, 101, 125, 226
1121098.7.peg.1082.site.1, 121, 126, 247
1121098.7.peg.1082.site.2, 0, 125, 125
1121098.7.peg.1082.site.3, 100, 126, 226
1121098.7.peg.1082.site.4, 0, 126, 126
1121098.7.peg.1082.site.5, 86, 126, 212
1121098.7.peg.1082.site.6, 13, 125, 138
1121098.7.peg.1082.site.7, 64, 126, 190
1121098.7.peg.1082.site.8, 29, 126, 155
1121098.7.peg.1082.site.9, 20, 126, 146
1121098.7.peg.1082.site.10, 1, 125, 126
1121098.7.peg.1082.site.11, 12, 126, 138
1121098.7.peg.1082.site.12, 12, 126, 138
1121098.7.peg.1082.site.13, 63, 126, 189
1121098.7.peg.1082.site.14, 13, 125, 138
1121098.7.peg.1082.site.15, 4, 126, 130
1121098.7.peg.1082.site.16, 13, 125, 138
1121098.7.peg.1082.site.17, 64, 126, 190
1121098.7.peg.1082.site.18, 0, 126, 126
1121098.7.peg.1082.site.19, 1, 126, 127
1121098.7.peg.1082.site.20, 2, 125, 127
1121098.7.peg.1082.site.21, 61, 125, 186
1121098.7.peg.1082.site.22, 65, 125, 190
1121098.7.peg.1083.site.1, 3, 123, 126
1121098.7.peg.1083.site.2, 2, 126, 128
1121098.7.peg.1083.site.3, 11, 125, 136
1121098.7.peg.1083.site.4, 11, 125, 136
1121098.7.peg.1080.site.1, 24, 125, 149
1121098.7.peg.1080.site.2, 4, 126, 130
1121098.7.peg.1080.site.3, 11, 125, 136
1121098.7.peg.1080.site.4, 13, 126, 139
1121098.7.peg.1080.site.5, 52, 125, 177
1121098.7.peg.1080.site.6, 0, 126, 126
1121098.7.peg.1080.site.7, 29, 125, 154
1121098.7.peg.1080.site.8, 0, 124, 124
1121098.7.peg.1080.site.9, 0, 125, 125
1121098.7.peg.1080.site.10, 12, 126, 138
1121098.7.peg.1080.site.11, 4, 126, 130
1121098.7.peg.1080.site.12, 2, 125, 127
1121098.7.peg.1080.site.13, 3, 126, 129
1121098.7.peg.1080.site.14, 27, 125, 152
1121098.7.peg.1080.site.15, 52, 126, 178
1121098.7.peg.1080.site.16, 8, 126, 134
1121098.7.peg.1080.site.17, 0, 126, 126
1121098.7.peg.1081.site.1, 4, 125, 129
1121098.7.peg.1081.site.2, 0, 126, 126
1121098.7.peg.1081.site.3, 1, 126, 127
1121098.7.peg.1081.site.4, 8, 126, 134
1121098.7.peg.1081.site.5, 54, 126, 180
1121098.7.peg.1081.site.6, 0, 125, 125
1121098.7.peg.1081.site.7, 0, 125, 125
1121098.7.peg.1081.site.8, 10, 125, 135
1121098.7.peg.1081.site.9, 4, 124, 128
1121098.7.peg.1086.site.1, 0, 125, 125
1121098.7.peg.1087.site.1, 67, 126, 193
1121098.7.peg.1087.site.2, 122, 126, 248
1121098.7.peg.1087.site.3, 0, 126, 126
1121098.7.peg.1087.site.4, 12, 126, 138
1121098.7.peg.1087.site.5, 0, 126, 126
1121098.7.peg.1087.site.6, 0, 126, 126
1121098.7.peg.1084.site.1, 35, 125, 160
1121098.7.peg.1084.site.2, 0, 126, 126
1121098.7.peg.1085.site.1, 59, 125, 184
1121098.7.peg.1085.site.2, 1, 126, 127
1121098.7.peg.1085.site.3, 20, 126, 146
1121098.7.peg.1085.site.4, 1, 125, 126
1121098.7.peg.1085.site.5, 0, 126, 126
1121098.7.peg.1085.site.6, 62, 126, 188
1121098.7.peg.1085.site.7, 0, 126, 126
1121098.7.peg.1085.site.8, 70, 125, 195
1121098.7.peg.1085.site.9, 14, 126, 140
1121098.7.peg.1085.site.10, 23, 125, 148
1121098.7.peg.1085.site.11, 0, 125, 125
1121098.7.peg.1085.site.12, 63, 126, 189
1121098.7.peg.1085.site.13, 0, 126, 126
1121098.7.peg.1085.site.14, 3, 126, 129
1121098.7.peg.1085.site.15, 12, 126, 138
1121098.7.peg.1085.site.16, 62, 126, 188
1121098.7.peg.1085.site.17, 2, 126, 128
1121098.7.peg.1085.site.18, 14, 125, 139
1121098.7.peg.1085.site.19, 0, 126, 126
1121098.7.peg.1085.site.20, 55, 126, 181
1121098.7.peg.1085.site.21, 52, 126, 178
1121098.7.peg.1085.site.22, 1, 126, 127
1121098.7.peg.1085.site.23, 1, 125, 126
1121098.7.peg.1085.site.24, 0, 125, 125
1121098.7.peg.1088.site.1, 1, 126, 127
1121098.7.peg.1088.site.2, 52, 126, 178
1121098.7.peg.1088.site.3, 52, 126, 178
1121098.7.peg.1088.site.4, 0, 126, 126
1121098.7.peg.1088.site.5, 0, 126, 126
1121098.7.peg.1088.site.6, 4, 126, 130
1121098.7.peg.1088.site.7, 10, 126, 136
1121098.7.peg.1088.site.8, 0, 126, 126
1121098.7.peg.1088.site.9, 64, 126, 190
1121098.7.peg.1088.site.10, 99, 125, 224
1121098.7.peg.1088.site.11, 12, 124, 136
1121098.7.peg.1088.site.12, 2, 126, 128
1121098.7.peg.1088.site.13, 47, 125, 172
1121098.7.peg.1088.site.14, 8, 126, 134
1121098.7.peg.1088.site.15, 4, 126, 130
1121098.7.peg.1088.site.16, 16, 126, 142
1121098.7.peg.1088.site.17, 0, 126, 126
1121098.7.peg.1088.site.18, 0, 126, 126
1121098.7.peg.1088.site.19, 9, 126, 135
1121098.7.peg.1088.site.20, 0, 126, 126
1121098.7.peg.1088.site.21, 3, 126, 129
1121098.7.peg.1088.site.22, 20, 126, 146
1121098.7.peg.1088.site.23, 3, 124, 127
1121098.7.peg.1089.site.1, 3, 125, 128
1121098.7.peg.1089.site.2, 0, 126, 126
1121098.7.peg.1089.site.3, 62, 126, 188
1121098.7.peg.1089.site.4, 2, 126, 128
1121098.7.peg.1089.site.5, 36, 125, 161
1121098.7.peg.1089.site.6, 4, 126, 130
1121098.7.peg.1089.site.7, 19, 126, 145
1121098.7.peg.1089.site.8, 97, 125, 222
1121098.7.peg.1089.site.9, 1, 125, 126
1121098.7.peg.1089.site.10, 3, 126, 129
1121098.7.peg.1089.site.11, 0, 124, 124
1121098.7.peg.1089.site.12, 12, 126, 138
1121098.7.peg.1089.site.13, 12, 126, 138
1121098.7.peg.1089.site.14, 4, 126, 130
1121098.7.peg.1089.site.15, 3, 125, 128
1121098.7.peg.1089.site.16, 0, 126, 126
1121098.7.peg.1089.site.17, 52, 126, 178
1121098.7.peg.935.site.1, 0, 122, 122
1121098.7.peg.935.site.2, 1, 122, 123
1121098.7.peg.935.site.3, 1, 119, 120
1121098.7.peg.935.site.4, 114, 118, 232
1121098.7.peg.4315.site.1, 0, 126, 126
1121098.7.peg.4315.site.2, 2, 26, 28
1121098.7.peg.4315.site.3, 0, 126, 126
1121098.7.peg.4315.site.4, 0, 126, 126
1121098.7.peg.4315.site.5, 6, 126, 132
1121098.7.peg.1234.site.1, 53, 114, 167
1121098.7.peg.1234.site.2, 61, 122, 183
1121098.7.peg.1234.site.3, 0, 126, 126
1121098.7.peg.1234.site.4, 60, 126, 186
1121098.7.peg.1234.site.5, 58, 126, 184
1121098.7.peg.1234.site.6, 62, 126, 188
1121098.7.peg.1234.site.7, 2, 126, 128
1121098.7.peg.1234.site.8, 2, 126, 128
1121098.7.peg.1234.site.9, 0, 126, 126
1121098.7.peg.1234.site.10, 1, 126, 127
1121098.7.peg.1234.site.11, 0, 126, 126
1121098.7.peg.1234.site.12, 52, 126, 178
1121098.7.peg.1234.site.13, 63, 124, 187
1121098.7.peg.1234.site.14, 65, 126, 191
1121098.7.peg.1234.site.15, 65, 125, 190
1121098.7.peg.3022.site.1, 0, 113, 113
1121098.7.peg.3022.site.2, 0, 113, 113
1121098.7.peg.3022.site.3, 0, 110, 110
1121098.7.peg.3022.site.4, 0, 112, 112
1121098.7.peg.3022.site.5, 0, 112, 112
1121098.7.peg.3022.site.6, 23, 113, 136
1121098.7.peg.3022.site.7, 49, 112, 161
1121098.7.peg.3022.site.8, 0, 113, 113
1121098.7.peg.3022.site.9, 0, 110, 110
1121098.7.peg.3022.site.10, 0, 111, 111
1121098.7.peg.3022.site.11, 23, 113, 136
1121098.7.peg.3022.site.12, 0, 111, 111
1121098.7.peg.3022.site.13, 10, 113, 123
1121098.7.peg.3022.site.14, 0, 114, 114
1121098.7.peg.3022.site.15, 0, 112, 112
1121098.7.peg.3022.site.16, 0, 113, 113
1121098.7.peg.3022.site.17, 48, 119, 167
1121098.7.peg.3022.site.18, 4, 119, 123
1121098.7.peg.3022.site.19, 48, 118, 166
1121098.7.peg.3022.site.20, 0, 119, 119
1121098.7.peg.3023.site.1, 4, 119, 123
1121098.7.peg.3023.site.2, 3, 118, 121
1121098.7.peg.3023.site.3, 4, 116, 120
1121098.7.peg.3020.site.1, 16, 115, 131
1121098.7.peg.3020.site.2, 56, 116, 172
1121098.7.peg.3020.site.3, 27, 117, 144
1121098.7.peg.3020.site.4, 2, 117, 119
1121098.7.peg.3020.site.5, 20, 115, 135
1121098.7.peg.3020.site.6, 0, 117, 117
1121098.7.peg.3020.site.7, 3, 116, 119
1121098.7.peg.4317.site.1, 0, 126, 126
1121098.7.peg.4317.site.2, 7, 126, 133
1121098.7.peg.4317.site.3, 1, 126, 127
1121098.7.peg.4316.site.1, 1, 68, 69
1121098.7.peg.4316.site.2, 7, 126, 133
1121098.7.peg.3056.site.1, 8, 126, 134
1121098.7.peg.3056.site.2, 122, 126, 248
1121098.7.peg.3056.site.3, 0, 126, 126
1121098.7.peg.3056.site.4, 63, 126, 189
1121098.7.peg.3056.site.5, 0, 126, 126
1121098.7.peg.3056.site.6, 0, 126, 126
1121098.7.peg.3056.site.7, 6, 126, 132
1121098.7.peg.3056.site.8, 0, 126, 126
1121098.7.peg.3056.site.9, 0, 126, 126
1121098.7.peg.3056.site.10, 105, 125, 230
1121098.7.peg.3056.site.11, 0, 126, 126
1121098.7.peg.3055.site.1, 0, 110, 110
1121098.7.peg.3055.site.2, 0, 79, 79
1121098.7.peg.3055.site.3, 0, 79, 79
1121098.7.peg.3055.site.4, 0, 80, 80
1121098.7.peg.1888.site.1, 23, 126, 149
1121098.7.peg.1888.site.2, 0, 126, 126
1121098.7.peg.1888.site.3, 0, 125, 125
1121098.7.peg.1888.site.4, 56, 126, 182
1121098.7.peg.1888.site.5, 8, 126, 134
1121098.7.peg.1888.site.6, 0, 126, 126
1121098.7.peg.1889.site.1, 28, 126, 154
1121098.7.peg.1889.site.2, 45, 125, 170
1121098.7.peg.1889.site.3, 0, 126, 126
1121098.7.peg.1889.site.4, 1, 126, 127
1121098.7.peg.1889.site.5, 18, 125, 143
1121098.7.peg.1889.site.6, 28, 125, 153
1121098.7.peg.1889.site.7, 4, 126, 130
1121098.7.peg.1889.site.8, 1, 126, 127
1121098.7.peg.1889.site.9, 0, 126, 126
1121098.7.peg.1889.site.10, 1, 125, 126
1121098.7.peg.1889.site.11, 29, 126, 155
1121098.7.peg.4313.site.1, 0, 124, 124
1121098.7.peg.1882.site.1, 0, 126, 126
1121098.7.peg.1882.site.2, 2, 126, 128
1121098.7.peg.1882.site.3, 0, 126, 126
1121098.7.peg.1882.site.4, 0, 124, 124
1121098.7.peg.1882.site.5, 117, 126, 243
1121098.7.peg.1882.site.6, 0, 126, 126
1121098.7.peg.1882.site.7, 0, 123, 123
1121098.7.peg.1881.site.1, 1, 126, 127
1121098.7.peg.1881.site.2, 18, 125, 143
1121098.7.peg.1881.site.3, 27, 126, 153
1121098.7.peg.1884.site.1, 0, 126, 126
1121098.7.peg.1884.site.2, 0, 126, 126
1121098.7.peg.1884.site.3, 0, 126, 126
1121098.7.peg.1884.site.4, 0, 126, 126
1121098.7.peg.1884.site.5, 46, 126, 172
1121098.7.peg.1884.site.6, 2, 125, 127
1121098.7.peg.1884.site.7, 0, 126, 126
1121098.7.peg.1884.site.8, 0, 126, 126
1121098.7.peg.1884.site.9, 0, 125, 125
1121098.7.peg.1884.site.10, 51, 125, 176
1121098.7.peg.1884.site.11, 37, 126, 163
1121098.7.peg.1884.site.12, 122, 126, 248
1121098.7.peg.1884.site.13, 2, 126, 128
1121098.7.peg.1884.site.14, 0, 125, 125
1121098.7.peg.1885.site.1, 3, 125, 128
1121098.7.peg.1885.site.2, 0, 126, 126
1121098.7.peg.1885.site.3, 1, 125, 126
1121098.7.peg.1885.site.4, 3, 126, 129
1121098.7.peg.1885.site.5, 4, 126, 130
1121098.7.peg.1885.site.6, 68, 125, 193
1121098.7.peg.1885.site.7, 4, 126, 130
1121098.7.peg.1885.site.8, 3, 126, 129
1121098.7.peg.1885.site.9, 6, 126, 132
1121098.7.peg.1885.site.10, 6, 126, 132
1121098.7.peg.1885.site.11, 32, 126, 158
1121098.7.peg.1885.site.12, 118, 125, 243
1121098.7.peg.1885.site.13, 1, 126, 127
1121098.7.peg.1885.site.14, 13, 126, 139
1121098.7.peg.1885.site.15, 53, 125, 178
1121098.7.peg.1885.site.16, 28, 126, 154
1121098.7.peg.1885.site.17, 3, 126, 129
1121098.7.peg.1885.site.18, 1, 126, 127
1121098.7.peg.1885.site.19, 0, 126, 126
1121098.7.peg.1885.site.20, 2, 126, 128
1121098.7.peg.2218.site.1, 29, 125, 154
1121098.7.peg.2218.site.2, 2, 126, 128
1121098.7.peg.2218.site.3, 7, 125, 132
1121098.7.peg.2218.site.4, 3, 126, 129
1121098.7.peg.2218.site.5, 115, 125, 240
1121098.7.peg.2218.site.6, 16, 125, 141
1121098.7.peg.2218.site.7, 4, 126, 130
1121098.7.peg.2218.site.8, 0, 126, 126
1121098.7.peg.2218.site.9, 2, 126, 128
1121098.7.peg.2218.site.10, 71, 125, 196
1121098.7.peg.2218.site.11, 20, 125, 145
1121098.7.peg.2218.site.12, 9, 126, 135
1121098.7.peg.2218.site.13, 4, 126, 130
1121098.7.peg.2218.site.14, 20, 126, 146
1121098.7.peg.2218.site.15, 0, 126, 126
1121098.7.peg.2218.site.16, 4, 126, 130
1121098.7.peg.2218.site.17, 0, 126, 126
1121098.7.peg.2218.site.18, 2, 126, 128
1121098.7.peg.2218.site.19, 62, 126, 188
1121098.7.peg.2218.site.20, 62, 126, 188
1121098.7.peg.3051.site.1, 12, 126, 138
1121098.7.peg.3051.site.2, 12, 126, 138
1121098.7.peg.3051.site.3, 0, 126, 126
1121098.7.peg.3051.site.4, 9, 126, 135
1121098.7.peg.3051.site.5, 8, 126, 134
1121098.7.peg.3051.site.6, 5, 126, 131
1121098.7.peg.3051.site.7, 103, 126, 229
1121098.7.peg.2212.site.1, 4, 126, 130
1121098.7.peg.2212.site.2, 57, 126, 183
1121098.7.peg.2212.site.3, 35, 126, 161
1121098.7.peg.2212.site.4, 0, 125, 125
1121098.7.peg.2212.site.5, 22, 126, 148
1121098.7.peg.2212.site.6, 4, 126, 130
1121098.7.peg.2212.site.7, 8, 126, 134
1121098.7.peg.2212.site.8, 98, 125, 223
1121098.7.peg.2212.site.9, 118, 126, 244
1121098.7.peg.2212.site.10, 0, 126, 126
1121098.7.peg.2213.site.1, 52, 126, 178
1121098.7.peg.2213.site.2, 3, 126, 129
1121098.7.peg.2213.site.3, 4, 126, 130
1121098.7.peg.2213.site.4, 9, 126, 135
1121098.7.peg.2213.site.5, 14, 125, 139
1121098.7.peg.2213.site.6, 3, 126, 129
1121098.7.peg.2213.site.7, 0, 126, 126
1121098.7.peg.2213.site.8, 0, 126, 126
1121098.7.peg.2213.site.9, 0, 126, 126
1121098.7.peg.2213.site.10, 2, 126, 128
1121098.7.peg.2213.site.11, 101, 126, 227
1121098.7.peg.2210.site.1, 0, 126, 126
1121098.7.peg.2210.site.2, 2, 126, 128
1121098.7.peg.2210.site.3, 4, 126, 130
1121098.7.peg.2210.site.4, 5, 126, 131
1121098.7.peg.2210.site.5, 112, 126, 238
1121098.7.peg.2210.site.6, 4, 126, 130
1121098.7.peg.2210.site.7, 3, 126, 129
1121098.7.peg.2210.site.8, 2, 126, 128
1121098.7.peg.2211.site.1, 0, 126, 126
1121098.7.peg.2211.site.2, 0, 125, 125
1121098.7.peg.2211.site.3, 85, 122, 207
1121098.7.peg.2211.site.4, 2, 125, 127
1121098.7.peg.2211.site.5, 0, 126, 126
1121098.7.peg.2211.site.6, 0, 126, 126
1121098.7.peg.2211.site.7, 18, 125, 143
1121098.7.peg.2211.site.8, 5, 126, 131
1121098.7.peg.2211.site.9, 25, 126, 151
1121098.7.peg.2211.site.10, 0, 126, 126
1121098.7.peg.2216.site.1, 2, 126, 128
1121098.7.peg.2216.site.2, 2, 126, 128
1121098.7.peg.2216.site.3, 0, 126, 126
1121098.7.peg.2216.site.4, 1, 126, 127
1121098.7.peg.2216.site.5, 0, 126, 126
1121098.7.peg.2216.site.6, 6, 126, 132
1121098.7.peg.2216.site.7, 0, 126, 126
1121098.7.peg.2216.site.8, 0, 126, 126
1121098.7.peg.2216.site.9, 119, 126, 245
1121098.7.peg.2216.site.10, 116, 126, 242
1121098.7.peg.2216.site.11, 9, 126, 135
1121098.7.peg.2216.site.12, 18, 125, 143
1121098.7.peg.2216.site.13, 8, 126, 134
1121098.7.peg.2216.site.14, 0, 124, 124
1121098.7.peg.2216.site.15, 119, 126, 245
1121098.7.peg.2216.site.16, 106, 126, 232
1121098.7.peg.2216.site.17, 1, 126, 127
1121098.7.peg.2216.site.18, 0, 125, 125
1121098.7.peg.2216.site.19, 0, 125, 125
1121098.7.peg.2216.site.20, 4, 126, 130
1121098.7.peg.2217.site.1, 52, 126, 178
1121098.7.peg.2217.site.2, 51, 125, 176
1121098.7.peg.2217.site.3, 21, 125, 146
1121098.7.peg.2217.site.4, 3, 126, 129
1121098.7.peg.2217.site.5, 63, 126, 189
1121098.7.peg.2217.site.6, 65, 126, 191
1121098.7.peg.2217.site.7, 5, 126, 131
1121098.7.peg.2217.site.8, 0, 126, 126
1121098.7.peg.2214.site.1, 0, 126, 126
1121098.7.peg.2214.site.2, 20, 125, 145
1121098.7.peg.2214.site.3, 14, 125, 139
1121098.7.peg.2214.site.4, 1, 125, 126
1121098.7.peg.2214.site.5, 3, 126, 129
1121098.7.peg.2214.site.6, 3, 126, 129
1121098.7.peg.2215.site.1, 0, 126, 126
1121098.7.peg.2215.site.2, 0, 126, 126
1121098.7.peg.4319.site.1, 4, 126, 130
1121098.7.peg.4319.site.2, 0, 126, 126
1121098.7.peg.4319.site.3, 0, 126, 126
1121098.7.peg.4319.site.4, 0, 126, 126
1121098.7.peg.4319.site.5, 3, 126, 129
1121098.7.peg.4319.site.6, 0, 126, 126
1121098.7.peg.4319.site.7, 2, 126, 128
1121098.7.peg.4319.site.8, 3, 126, 129
1121098.7.peg.4319.site.9, 3, 125, 128
1121098.7.peg.4319.site.10, 81, 125, 206
1121098.7.peg.4319.site.11, 7, 125, 132
1121098.7.peg.4319.site.12, 8, 125, 133
1121098.7.peg.4319.site.13, 1, 126, 127
1121098.7.peg.4319.site.14, 0, 126, 126
1121098.7.peg.4319.site.15, 1, 122, 123
1121098.7.peg.4319.site.16, 35, 126, 161
1121098.7.peg.1238.site.1, 16, 126, 142
1121098.7.peg.1238.site.2, 0, 126, 126
1121098.7.peg.1238.site.3, 3, 126, 129
1121098.7.peg.1238.site.4, 3, 125, 128
1121098.7.peg.1238.site.5, 4, 126, 130
1121098.7.peg.1238.site.6, 12, 126, 138
1121098.7.peg.1238.site.7, 0, 126, 126
1121098.7.peg.1238.site.8, 31, 124, 155
1121098.7.peg.798.site.1, 0, 126, 126
1121098.7.peg.799.site.1, 0, 126, 126
1121098.7.peg.799.site.2, 14, 126, 140
1121098.7.peg.799.site.3, 4, 126, 130
1121098.7.peg.799.site.4, 1, 126, 127
1121098.7.peg.799.site.5, 1, 126, 127
1121098.7.peg.799.site.6, 0, 126, 126
1121098.7.peg.799.site.7, 3, 126, 129
1121098.7.peg.799.site.8, 1, 126, 127
1121098.7.peg.799.site.9, 1, 126, 127
1121098.7.peg.799.site.10, 15, 126, 141
1121098.7.peg.791.site.1, 122, 126, 248
1121098.7.peg.791.site.2, 0, 126, 126
1121098.7.peg.791.site.3, 3, 126, 129
1121098.7.peg.791.site.4, 122, 126, 248
1121098.7.peg.791.site.5, 4, 126, 130
1121098.7.peg.791.site.6, 1, 126, 127
1121098.7.peg.791.site.7, 74, 125, 199
1121098.7.peg.791.site.8, 14, 126, 140
1121098.7.peg.791.site.9, 0, 126, 126
1121098.7.peg.791.site.10, 7, 126, 133
1121098.7.peg.791.site.11, 0, 126, 126
1121098.7.peg.791.site.12, 122, 126, 248
1121098.7.peg.792.site.1, 3, 126, 129
1121098.7.peg.792.site.2, 0, 126, 126
1121098.7.peg.792.site.3, 1, 126, 127
1121098.7.peg.792.site.4, 0, 108, 108
1121098.7.peg.792.site.5, 0, 109, 109
1121098.7.peg.792.site.6, 0, 126, 126
1121098.7.peg.792.site.7, 1, 126, 127
1121098.7.peg.792.site.8, 72, 124, 196
1121098.7.peg.792.site.9, 0, 126, 126
1121098.7.peg.792.site.10, 0, 126, 126
1121098.7.peg.792.site.11, 0, 125, 125
1121098.7.peg.792.site.12, 0, 126, 126
1121098.7.peg.792.site.13, 56, 126, 182
1121098.7.peg.792.site.14, 65, 126, 191
1121098.7.peg.792.site.15, 1, 126, 127
1121098.7.peg.792.site.16, 50, 126, 176
1121098.7.peg.793.site.1, 12, 123, 135
1121098.7.peg.793.site.2, 3, 126, 129
1121098.7.peg.793.site.3, 0, 125, 125
1121098.7.peg.793.site.4, 2, 126, 128
1121098.7.peg.793.site.5, 122, 126, 248
1121098.7.peg.793.site.6, 18, 126, 144
1121098.7.peg.793.site.7, 120, 126, 246
1121098.7.peg.793.site.8, 0, 126, 126
1121098.7.peg.793.site.9, 23, 124, 147
1121098.7.peg.793.site.10, 3, 126, 129
1121098.7.peg.793.site.11, 54, 124, 178
1121098.7.peg.793.site.12, 72, 125, 197
1121098.7.peg.793.site.13, 1, 126, 127
1121098.7.peg.793.site.14, 1, 126, 127
1121098.7.peg.794.site.1, 2, 125, 127
1121098.7.peg.794.site.2, 1, 126, 127
1121098.7.peg.794.site.3, 63, 126, 189
1121098.7.peg.795.site.1, 0, 126, 126
1121098.7.peg.795.site.2, 12, 126, 138
1121098.7.peg.795.site.3, 0, 126, 126
1121098.7.peg.795.site.4, 3, 126, 129
1121098.7.peg.795.site.5, 80, 125, 205
1121098.7.peg.795.site.6, 2, 126, 128
1121098.7.peg.795.site.7, 12, 126, 138
1121098.7.peg.795.site.8, 0, 126, 126
1121098.7.peg.795.site.9, 0, 126, 126
1121098.7.peg.795.site.10, 3, 126, 129
1121098.7.peg.797.site.1, 3, 126, 129
1121098.7.peg.797.site.2, 0, 126, 126
1121098.7.peg.797.site.3, 16, 125, 141
1121098.7.peg.797.site.4, 12, 126, 138
1121098.7.peg.797.site.5, 1, 126, 127
1121098.7.peg.797.site.6, 2, 126, 128
1121098.7.peg.336.site.1, 0, 126, 126
1121098.7.peg.336.site.2, 0, 126, 126
1121098.7.peg.336.site.3, 1, 125, 126
1121098.7.peg.337.site.1, 0, 91, 91
1121098.7.peg.337.site.2, 4, 95, 99
1121098.7.peg.337.site.3, 2, 99, 101
1121098.7.peg.337.site.4, 0, 118, 118
1121098.7.peg.337.site.5, 37, 125, 162
1121098.7.peg.334.site.1, 1, 126, 127
1121098.7.peg.334.site.2, 0, 126, 126
1121098.7.peg.334.site.3, 104, 126, 230
1121098.7.peg.334.site.4, 6, 126, 132
1121098.7.peg.334.site.5, 3, 126, 129
1121098.7.peg.334.site.6, 97, 126, 223
1121098.7.peg.334.site.7, 5, 126, 131
1121098.7.peg.334.site.8, 56, 126, 182
1121098.7.peg.334.site.9, 30, 126, 156
1121098.7.peg.334.site.10, 62, 126, 188
1121098.7.peg.334.site.11, 4, 125, 129
1121098.7.peg.334.site.12, 1, 126, 127
1121098.7.peg.334.site.13, 0, 126, 126
1121098.7.peg.334.site.14, 0, 125, 125
1121098.7.peg.334.site.15, 10, 126, 136
1121098.7.peg.334.site.16, 0, 126, 126
1121098.7.peg.334.site.17, 0, 126, 126
1121098.7.peg.334.site.18, 0, 126, 126
1121098.7.peg.334.site.19, 14, 126, 140
1121098.7.peg.334.site.20, 0, 126, 126
1121098.7.peg.334.site.21, 1, 126, 127
1121098.7.peg.335.site.1, 92, 126, 218
1121098.7.peg.335.site.2, 19, 125, 144
1121098.7.peg.335.site.3, 0, 126, 126
1121098.7.peg.335.site.4, 51, 126, 177
1121098.7.peg.335.site.5, 11, 126, 137
1121098.7.peg.335.site.6, 0, 126, 126
1121098.7.peg.335.site.7, 3, 126, 129
1121098.7.peg.335.site.8, 2, 126, 128
1121098.7.peg.335.site.9, 1, 126, 127
1121098.7.peg.335.site.10, 2, 125, 127
1121098.7.peg.332.site.1, 2, 125, 127
1121098.7.peg.332.site.2, 2, 126, 128
1121098.7.peg.332.site.3, 0, 126, 126
1121098.7.peg.332.site.4, 1, 126, 127
1121098.7.peg.332.site.5, 0, 126, 126
1121098.7.peg.332.site.6, 12, 125, 137
1121098.7.peg.332.site.7, 0, 125, 125
1121098.7.peg.332.site.8, 6, 126, 132
1121098.7.peg.332.site.9, 1, 126, 127
1121098.7.peg.333.site.1, 3, 126, 129
1121098.7.peg.333.site.2, 0, 126, 126
1121098.7.peg.333.site.3, 0, 126, 126
1121098.7.peg.330.site.1, 12, 126, 138
1121098.7.peg.330.site.2, 3, 126, 129
1121098.7.peg.330.site.3, 4, 126, 130
1121098.7.peg.330.site.4, 2, 126, 128
1121098.7.peg.330.site.5, 43, 126, 169
1121098.7.peg.330.site.6, 52, 126, 178
1121098.7.peg.330.site.7, 5, 126, 131
1121098.7.peg.331.site.1, 50, 126, 176
1121098.7.peg.331.site.2, 0, 126, 126
1121098.7.peg.331.site.3, 2, 126, 128
1121098.7.peg.331.site.4, 1, 126, 127
1121098.7.peg.2326.site.1, 8, 123, 131
1121098.7.peg.2327.site.1, 10, 126, 136
1121098.7.peg.2327.site.2, 1, 126, 127
1121098.7.peg.2327.site.3, 5, 126, 131
1121098.7.peg.2327.site.4, 52, 124, 176
1121098.7.peg.2327.site.5, 1, 126, 127
1121098.7.peg.2324.site.1, 4, 125, 129
1121098.7.peg.2324.site.2, 4, 125, 129
1121098.7.peg.2324.site.3, 54, 123, 177
1121098.7.peg.2324.site.4, 0, 126, 126
1121098.7.peg.2324.site.5, 51, 126, 177
1121098.7.peg.2324.site.6, 5, 126, 131
1121098.7.peg.2324.site.7, 12, 125, 137
1121098.7.peg.2324.site.8, 12, 126, 138
1121098.7.peg.2324.site.9, 2, 126, 128
1121098.7.peg.2324.site.10, 2, 125, 127
1121098.7.peg.2324.site.11, 121, 125, 246
1121098.7.peg.2324.site.12, 12, 126, 138
1121098.7.peg.2324.site.13, 7, 126, 133
1121098.7.peg.2324.site.14, 54, 126, 180
1121098.7.peg.2324.site.15, 0, 126, 126
1121098.7.peg.2324.site.16, 0, 126, 126
1121098.7.peg.2325.site.1, 0, 126, 126
1121098.7.peg.2325.site.2, 0, 126, 126
1121098.7.peg.2325.site.3, 0, 126, 126
1121098.7.peg.2325.site.4, 0, 126, 126
1121098.7.peg.2325.site.5, 0, 126, 126
1121098.7.peg.2325.site.6, 0, 126, 126
1121098.7.peg.2325.site.7, 12, 126, 138
1121098.7.peg.2325.site.8, 2, 126, 128
1121098.7.peg.2325.site.9, 17, 121, 138
1121098.7.peg.2325.site.10, 17, 126, 143
1121098.7.peg.2325.site.11, 0, 126, 126
1121098.7.peg.2325.site.12, 0, 126, 126
1121098.7.peg.2325.site.13, 0, 125, 125
1121098.7.peg.2322.site.1, 0, 126, 126
1121098.7.peg.2322.site.2, 12, 126, 138
1121098.7.peg.2322.site.3, 15, 126, 141
1121098.7.peg.2322.site.4, 0, 126, 126
1121098.7.peg.2322.site.5, 0, 126, 126
1121098.7.peg.2322.site.6, 1, 126, 127
1121098.7.peg.2322.site.7, 0, 126, 126
1121098.7.peg.2322.site.8, 68, 126, 194
1121098.7.peg.2322.site.9, 0, 126, 126
1121098.7.peg.2322.site.10, 0, 126, 126
1121098.7.peg.2322.site.11, 52, 124, 176
1121098.7.peg.2322.site.12, 43, 125, 168
1121098.7.peg.2322.site.13, 17, 125, 142
1121098.7.peg.2322.site.14, 12, 125, 137
1121098.7.peg.2322.site.15, 9, 124, 133
1121098.7.peg.2322.site.16, 0, 126, 126
1121098.7.peg.2322.site.17, 55, 126, 181
1121098.7.peg.2322.site.18, 1, 126, 127
1121098.7.peg.2322.site.19, 0, 126, 126
1121098.7.peg.2322.site.20, 108, 125, 233
1121098.7.peg.2322.site.21, 1, 126, 127
1121098.7.peg.2322.site.22, 38, 126, 164
1121098.7.peg.2322.site.23, 42, 126, 168
1121098.7.peg.2322.site.24, 26, 125, 151
1121098.7.peg.2322.site.25, 0, 125, 125
1121098.7.peg.2322.site.26, 12, 126, 138
1121098.7.peg.2322.site.27, 7, 125, 132
1121098.7.peg.2322.site.28, 12, 126, 138
1121098.7.peg.2323.site.1, 0, 126, 126
1121098.7.peg.2323.site.2, 30, 125, 155
1121098.7.peg.2323.site.3, 0, 126, 126
1121098.7.peg.2323.site.4, 0, 126, 126
1121098.7.peg.2323.site.5, 0, 126, 126
1121098.7.peg.2320.site.1, 4, 126, 130
1121098.7.peg.2320.site.2, 0, 126, 126
1121098.7.peg.2321.site.1, 0, 126, 126
1121098.7.peg.2321.site.2, 7, 126, 133
1121098.7.peg.2321.site.3, 98, 126, 224
1121098.7.peg.3337.site.1, 63, 125, 188
1121098.7.peg.3337.site.2, 18, 125, 143
1121098.7.peg.3337.site.3, 1, 115, 116
1121098.7.peg.3337.site.4, 4, 91, 95
1121098.7.peg.3337.site.5, 11, 36, 47
1121098.7.peg.3337.site.6, 0, 121, 121
1121098.7.peg.3337.site.7, 0, 125, 125
1121098.7.peg.3337.site.8, 63, 102, 165
1121098.7.peg.3337.site.9, 15, 82, 97
1121098.7.peg.3337.site.10, 0, 121, 121
1121098.7.peg.3337.site.11, 0, 95, 95
1121098.7.peg.3337.site.12, 0, 126, 126
1121098.7.peg.3337.site.13, 3, 126, 129
1121098.7.peg.3337.site.14, 7, 126, 133
1121098.7.peg.3337.site.15, 11, 126, 137
1121098.7.peg.3337.site.16, 112, 126, 238
1121098.7.peg.3337.site.17, 20, 126, 146
1121098.7.peg.3337.site.18, 14, 125, 139
1121098.7.peg.3337.site.19, 0, 113, 113
1121098.7.peg.3337.site.20, 1, 92, 93
1121098.7.peg.3337.site.21, 5, 126, 131
1121098.7.peg.3337.site.22, 5, 126, 131
1121098.7.peg.3337.site.23, 18, 126, 144
1121098.7.peg.3337.site.24, 63, 97, 160
1121098.7.peg.3337.site.25, 116, 120, 236
1121098.7.peg.3337.site.26, 2, 119, 121
1121098.7.peg.3337.site.27, 18, 114, 132
1121098.7.peg.3337.site.28, 0, 114, 114
1121098.7.peg.3337.site.29, 0, 123, 123
1121098.7.peg.3337.site.30, 0, 123, 123
1121098.7.peg.3337.site.31, 0, 124, 124
1121098.7.peg.474.site.1, 0, 126, 126
1121098.7.peg.474.site.2, 0, 125, 125
1121098.7.peg.474.site.3, 104, 126, 230
1121098.7.peg.474.site.4, 63, 126, 189
1121098.7.peg.474.site.5, 0, 126, 126
1121098.7.peg.474.site.6, 0, 125, 125
1121098.7.peg.474.site.7, 10, 124, 134
1121098.7.peg.474.site.8, 107, 124, 231
1121098.7.peg.474.site.9, 113, 124, 237
1121098.7.peg.3335.site.1, 0, 126, 126
1121098.7.peg.3335.site.2, 0, 126, 126
1121098.7.peg.3335.site.3, 4, 124, 128
1121098.7.peg.3335.site.4, 1, 126, 127
1121098.7.peg.3335.site.5, 5, 125, 130
1121098.7.peg.3335.site.6, 10, 126, 136
1121098.7.peg.3335.site.7, 51, 126, 177
1121098.7.peg.3335.site.8, 2, 126, 128
1121098.7.peg.3332.site.1, 0, 125, 125
1121098.7.peg.3332.site.2, 0, 125, 125
1121098.7.peg.3332.site.3, 3, 126, 129
1121098.7.peg.3332.site.4, 50, 126, 176
1121098.7.peg.3332.site.5, 50, 126, 176
1121098.7.peg.3332.site.6, 52, 126, 178
1121098.7.peg.3332.site.7, 113, 125, 238
1121098.7.peg.3332.site.8, 0, 126, 126
1121098.7.peg.3332.site.9, 20, 125, 145
1121098.7.peg.3332.site.10, 21, 125, 146
1121098.7.peg.3332.site.11, 50, 126, 176
1121098.7.peg.3332.site.12, 7, 126, 133
1121098.7.peg.3332.site.13, 4, 126, 130
1121098.7.peg.3332.site.14, 7, 125, 132
1121098.7.peg.3332.site.15, 65, 126, 191
1121098.7.peg.3332.site.16, 1, 126, 127
1121098.7.peg.3332.site.17, 105, 125, 230
1121098.7.peg.3332.site.18, 101, 126, 227
1121098.7.peg.3713.site.1, 0, 126, 126
1121098.7.peg.3713.site.2, 1, 126, 127
1121098.7.peg.3713.site.3, 3, 126, 129
1121098.7.peg.3713.site.4, 10, 125, 135
1121098.7.peg.3713.site.5, 15, 126, 141
1121098.7.peg.3713.site.6, 0, 126, 126
1121098.7.peg.3713.site.7, 4, 126, 130
1121098.7.peg.3713.site.8, 22, 126, 148
1121098.7.peg.3713.site.9, 9, 126, 135
1121098.7.peg.3713.site.10, 0, 125, 125
1121098.7.peg.3713.site.11, 1, 126, 127
1121098.7.peg.3713.site.12, 17, 126, 143
1121098.7.peg.3713.site.13, 117, 126, 243
1121098.7.peg.3713.site.14, 0, 126, 126
1121098.7.peg.3713.site.15, 9, 126, 135
1121098.7.peg.3713.site.16, 5, 126, 131
1121098.7.peg.3713.site.17, 0, 126, 126
1121098.7.peg.3713.site.18, 0, 126, 126
1121098.7.peg.3330.site.1, 69, 125, 194
1121098.7.peg.3330.site.2, 105, 125, 230
1121098.7.peg.3330.site.3, 111, 125, 236
1121098.7.peg.3330.site.4, 0, 126, 126
1121098.7.peg.3330.site.5, 82, 125, 207
1121098.7.peg.3330.site.6, 3, 126, 129
1121098.7.peg.3330.site.7, 55, 125, 180
1121098.7.peg.3330.site.8, 3, 125, 128
1121098.7.peg.3330.site.9, 51, 125, 176
1121098.7.peg.3330.site.10, 66, 125, 191
1121098.7.peg.3330.site.11, 2, 121, 123
1121098.7.peg.3330.site.12, 1, 120, 121
1121098.7.peg.3330.site.13, 112, 121, 233
1121098.7.peg.3330.site.14, 75, 126, 201
1121098.7.peg.3330.site.15, 61, 126, 187
1121098.7.peg.3330.site.16, 0, 126, 126
1121098.7.peg.3409.site.1, 11, 125, 136
1121098.7.peg.3409.site.2, 0, 126, 126
1121098.7.peg.3409.site.3, 108, 125, 233
1121098.7.peg.3409.site.4, 76, 125, 201
1121098.7.peg.3409.site.5, 0, 126, 126
1121098.7.peg.3409.site.6, 19, 126, 145
1121098.7.peg.3409.site.7, 0, 126, 126
1121098.7.peg.1667.site.1, 5, 126, 131
1121098.7.peg.1667.site.2, 9, 126, 135
1121098.7.peg.1667.site.3, 1, 126, 127
1121098.7.peg.1667.site.4, 0, 126, 126
1121098.7.peg.1667.site.5, 2, 126, 128
1121098.7.peg.1667.site.6, 0, 126, 126
1121098.7.peg.1667.site.7, 4, 126, 130
1121098.7.peg.1667.site.8, 12, 125, 137
1121098.7.peg.1667.site.9, 15, 125, 140
1121098.7.peg.1667.site.10, 55, 125, 180
1121098.7.peg.1667.site.11, 0, 126, 126
1121098.7.peg.1667.site.12, 0, 126, 126
1121098.7.peg.1662.site.1, 102, 124, 226
1121098.7.peg.1662.site.2, 21, 126, 147
1121098.7.peg.1662.site.3, 12, 126, 138
1121098.7.peg.1662.site.4, 89, 126, 215
1121098.7.peg.1662.site.5, 0, 126, 126
1121098.7.peg.1662.site.6, 0, 126, 126
1121098.7.peg.1662.site.7, 57, 126, 183
1121098.7.peg.1662.site.8, 0, 126, 126
1121098.7.peg.1662.site.9, 15, 125, 140
1121098.7.peg.1662.site.10, 0, 125, 125
1121098.7.peg.1662.site.11, 82, 125, 207
1121098.7.peg.1661.site.1, 1, 125, 126
1121098.7.peg.1661.site.2, 31, 124, 155
1121098.7.peg.1661.site.3, 96, 125, 221
1121098.7.peg.1661.site.4, 14, 125, 139
1121098.7.peg.1661.site.5, 0, 125, 125
1121098.7.peg.1661.site.6, 2, 126, 128
1121098.7.peg.1661.site.7, 0, 126, 126
1121098.7.peg.1661.site.8, 0, 126, 126
1121098.7.peg.1661.site.9, 0, 126, 126
1121098.7.peg.1661.site.10, 52, 126, 178
1121098.7.peg.1661.site.11, 93, 126, 219
1121098.7.peg.1661.site.12, 2, 126, 128
1121098.7.peg.1661.site.13, 0, 125, 125
1121098.7.peg.1661.site.14, 0, 125, 125
1121098.7.peg.240.site.1, 10, 126, 136
1121098.7.peg.240.site.2, 3, 126, 129
1121098.7.peg.1669.site.1, 0, 126, 126
1121098.7.peg.1669.site.2, 9, 126, 135
1121098.7.peg.1669.site.3, 6, 126, 132
1121098.7.peg.1669.site.4, 0, 126, 126
1121098.7.peg.1669.site.5, 1, 126, 127
1121098.7.peg.1669.site.6, 52, 126, 178
1121098.7.peg.1669.site.7, 11, 125, 136
1121098.7.peg.1669.site.8, 2, 126, 128
1121098.7.peg.1669.site.9, 114, 126, 240
1121098.7.peg.2032.site.1, 0, 125, 125
1121098.7.peg.2032.site.2, 0, 126, 126
1121098.7.peg.2032.site.3, 65, 126, 191
1121098.7.peg.2032.site.4, 57, 119, 176
1121098.7.peg.2032.site.5, 52, 114, 166
1121098.7.peg.2032.site.6, 63, 125, 188
1121098.7.peg.2032.site.7, 0, 126, 126
1121098.7.peg.2032.site.8, 12, 126, 138
1121098.7.peg.2032.site.9, 0, 125, 125
1121098.7.peg.2033.site.1, 17, 125, 142
1121098.7.peg.2033.site.2, 29, 126, 155
1121098.7.peg.2033.site.3, 17, 126, 143
1121098.7.peg.2033.site.4, 13, 126, 139
1121098.7.peg.2033.site.5, 97, 124, 221
1121098.7.peg.2033.site.6, 105, 126, 231
1121098.7.peg.2033.site.7, 8, 126, 134
1121098.7.peg.2033.site.8, 4, 126, 130
1121098.7.peg.2033.site.9, 12, 126, 138
1121098.7.peg.2033.site.10, 0, 126, 126
1121098.7.peg.2030.site.1, 65, 125, 190
1121098.7.peg.2030.site.2, 4, 124, 128
1121098.7.peg.2030.site.3, 1, 123, 124
1121098.7.peg.2030.site.4, 2, 126, 128
1121098.7.peg.2030.site.5, 65, 126, 191
1121098.7.peg.2030.site.6, 3, 126, 129
1121098.7.peg.2030.site.7, 48, 126, 174
1121098.7.peg.2030.site.8, 61, 126, 187
1121098.7.peg.2030.site.9, 0, 126, 126
1121098.7.peg.2030.site.10, 0, 126, 126
1121098.7.peg.2030.site.11, 2, 126, 128
1121098.7.peg.2030.site.12, 75, 126, 201
1121098.7.peg.2030.site.13, 0, 126, 126
1121098.7.peg.2030.site.14, 8, 126, 134
1121098.7.peg.2030.site.15, 0, 126, 126
1121098.7.peg.2030.site.16, 0, 126, 126
1121098.7.peg.2030.site.17, 0, 126, 126
1121098.7.peg.2031.site.1, 13, 126, 139
1121098.7.peg.2031.site.2, 0, 126, 126
1121098.7.peg.2031.site.3, 1, 126, 127
1121098.7.peg.2031.site.4, 110, 126, 236
1121098.7.peg.2031.site.5, 2, 126, 128
1121098.7.peg.2031.site.6, 0, 126, 126
1121098.7.peg.2031.site.7, 0, 126, 126
1121098.7.peg.2031.site.8, 0, 126, 126
1121098.7.peg.2031.site.9, 8, 126, 134
1121098.7.peg.2031.site.10, 8, 126, 134
1121098.7.peg.2031.site.11, 3, 126, 129
1121098.7.peg.2031.site.12, 0, 126, 126
1121098.7.peg.2031.site.13, 5, 126, 131
1121098.7.peg.2031.site.14, 3, 126, 129
1121098.7.peg.2035.site.1, 13, 125, 138
1121098.7.peg.2035.site.2, 69, 126, 195
1121098.7.peg.2035.site.3, 0, 126, 126
1121098.7.peg.2035.site.4, 4, 126, 130
1121098.7.peg.2035.site.5, 52, 126, 178
1121098.7.peg.2035.site.6, 49, 126, 175
1121098.7.peg.2035.site.7, 58, 126, 184
1121098.7.peg.2035.site.8, 0, 126, 126
1121098.7.peg.2035.site.9, 21, 125, 146
1121098.7.peg.2035.site.10, 4, 125, 129
1121098.7.peg.2035.site.11, 3, 126, 129
1121098.7.peg.2035.site.12, 0, 125, 125
1121098.7.peg.2035.site.13, 0, 126, 126
1121098.7.peg.2038.site.1, 0, 126, 126
1121098.7.peg.2038.site.2, 13, 126, 139
1121098.7.peg.2038.site.3, 61, 123, 184
1121098.7.peg.2038.site.4, 63, 124, 187
1121098.7.peg.2038.site.5, 62, 123, 185
1121098.7.peg.2038.site.6, 10, 122, 132
1121098.7.peg.2038.site.7, 0, 126, 126
1121098.7.peg.2038.site.8, 4, 126, 130
1121098.7.peg.2038.site.9, 8, 126, 134
1121098.7.peg.2038.site.10, 8, 126, 134
1121098.7.peg.2038.site.11, 0, 126, 126
1121098.7.peg.2039.site.1, 15, 126, 141
1121098.7.peg.2039.site.2, 63, 126, 189
1121098.7.peg.2039.site.3, 0, 126, 126
1121098.7.peg.2039.site.4, 1, 125, 126
1121098.7.peg.2039.site.5, 0, 126, 126
1121098.7.peg.2039.site.6, 62, 126, 188
1121098.7.peg.2039.site.7, 0, 126, 126
1121098.7.peg.2039.site.8, 3, 126, 129
1121098.7.peg.2039.site.9, 0, 126, 126
1121098.7.peg.2039.site.10, 0, 126, 126
1121098.7.peg.2039.site.11, 1, 125, 126
1121098.7.peg.2039.site.12, 4, 126, 130
1121098.7.peg.2039.site.13, 44, 126, 170
1121098.7.peg.3242.site.1, 59, 125, 184
1121098.7.peg.3243.site.1, 117, 126, 243
1121098.7.peg.3243.site.2, 0, 126, 126
1121098.7.peg.3243.site.3, 2, 126, 128
1121098.7.peg.3243.site.4, 89, 126, 215
1121098.7.peg.3243.site.5, 13, 126, 139
1121098.7.peg.3243.site.6, 7, 126, 133
1121098.7.peg.3243.site.7, 4, 126, 130
1121098.7.peg.3243.site.8, 3, 126, 129
1121098.7.peg.3240.site.1, 62, 126, 188
1121098.7.peg.3240.site.2, 0, 126, 126
1121098.7.peg.3240.site.3, 0, 126, 126
1121098.7.peg.3240.site.4, 38, 125, 163
1121098.7.peg.3240.site.5, 1, 126, 127
1121098.7.peg.3240.site.6, 61, 126, 187
1121098.7.peg.3240.site.7, 61, 126, 187
1121098.7.peg.3240.site.8, 7, 125, 132
1121098.7.peg.3240.site.9, 10, 125, 135
1121098.7.peg.3241.site.1, 77, 122, 199
1121098.7.peg.3241.site.2, 28, 126, 154
1121098.7.peg.3241.site.3, 37, 125, 162
1121098.7.peg.3241.site.4, 0, 125, 125
1121098.7.peg.3241.site.5, 3, 126, 129
1121098.7.peg.3247.site.1, 0, 111, 111
1121098.7.peg.3247.site.2, 0, 119, 119
1121098.7.peg.3247.site.3, 57, 125, 182
1121098.7.peg.3247.site.4, 1, 125, 126
1121098.7.peg.3247.site.5, 0, 126, 126
1121098.7.peg.3247.site.6, 1, 126, 127
1121098.7.peg.3244.site.1, 63, 125, 188
1121098.7.peg.3244.site.2, 34, 125, 159
1121098.7.peg.3244.site.3, 76, 125, 201
1121098.7.peg.3244.site.4, 0, 126, 126
1121098.7.peg.3244.site.5, 1, 126, 127
1121098.7.peg.3244.site.6, 0, 126, 126
1121098.7.peg.3244.site.7, 5, 126, 131
1121098.7.peg.3244.site.8, 19, 126, 145
1121098.7.peg.3244.site.9, 49, 126, 175
1121098.7.peg.3244.site.10, 8, 125, 133
1121098.7.peg.3245.site.1, 37, 124, 161
1121098.7.peg.3245.site.2, 0, 122, 122
1121098.7.peg.3245.site.3, 0, 124, 124
1121098.7.peg.3245.site.4, 0, 103, 103
1121098.7.peg.3245.site.5, 0, 107, 107
1121098.7.peg.3245.site.6, 0, 124, 124
1121098.7.peg.3248.site.1, 58, 126, 184
1121098.7.peg.3248.site.2, 49, 126, 175
1121098.7.peg.3248.site.3, 0, 126, 126
1121098.7.peg.3248.site.4, 60, 126, 186
1121098.7.peg.3248.site.5, 2, 126, 128
1121098.7.peg.3248.site.6, 21, 126, 147
1121098.7.peg.3248.site.7, 0, 126, 126
1121098.7.peg.3248.site.8, 1, 126, 127
1121098.7.peg.3248.site.9, 0, 125, 125
1121098.7.peg.3248.site.10, 55, 126, 181
1121098.7.peg.3248.site.11, 3, 126, 129
1121098.7.peg.3248.site.12, 0, 125, 125
1121098.7.peg.3248.site.13, 0, 125, 125
1121098.7.peg.3248.site.14, 58, 125, 183
1121098.7.peg.3249.site.1, 4, 126, 130
1121098.7.peg.3249.site.2, 0, 126, 126
1121098.7.peg.3249.site.3, 82, 126, 208
1121098.7.peg.3249.site.4, 0, 126, 126
1121098.7.peg.3249.site.5, 57, 126, 183
1121098.7.peg.3249.site.6, 4, 126, 130
1121098.7.peg.3249.site.7, 3, 126, 129
1121098.7.peg.3249.site.8, 2, 126, 128
1121098.7.peg.69.site.1, 18, 125, 143
1121098.7.peg.69.site.2, 0, 126, 126
1121098.7.peg.69.site.3, 0, 126, 126
1121098.7.peg.69.site.4, 62, 125, 187
1121098.7.peg.69.site.5, 10, 125, 135
1121098.7.peg.69.site.6, 61, 126, 187
1121098.7.peg.3749.site.1, 3, 125, 128
1121098.7.peg.3749.site.2, 14, 124, 138
1121098.7.peg.65.site.1, 0, 126, 126
1121098.7.peg.65.site.2, 115, 126, 241
1121098.7.peg.65.site.3, 60, 126, 186
1121098.7.peg.65.site.4, 1, 124, 125
1121098.7.peg.65.site.5, 0, 124, 124
1121098.7.peg.64.site.1, 1, 125, 126
1121098.7.peg.64.site.2, 0, 126, 126
1121098.7.peg.64.site.3, 2, 126, 128
1121098.7.peg.64.site.4, 0, 125, 125
1121098.7.peg.67.site.1, 3, 126, 129
1121098.7.peg.3744.site.1, 106, 125, 231
1121098.7.peg.3744.site.2, 106, 125, 231
1121098.7.peg.3744.site.3, 0, 126, 126
1121098.7.peg.3744.site.4, 3, 126, 129
1121098.7.peg.3744.site.5, 1, 126, 127
1121098.7.peg.61.site.1, 73, 126, 199
1121098.7.peg.61.site.2, 3, 126, 129
1121098.7.peg.61.site.3, 50, 126, 176
1121098.7.peg.61.site.4, 0, 126, 126
1121098.7.peg.61.site.5, 0, 126, 126
1121098.7.peg.61.site.6, 15, 126, 141
1121098.7.peg.61.site.7, 1, 125, 126
1121098.7.peg.61.site.8, 0, 126, 126
1121098.7.peg.61.site.9, 2, 126, 128
1121098.7.peg.60.site.1, 0, 125, 125
1121098.7.peg.60.site.2, 53, 126, 179
1121098.7.peg.60.site.3, 119, 126, 245
1121098.7.peg.60.site.4, 121, 125, 246
1121098.7.peg.60.site.5, 0, 126, 126
1121098.7.peg.60.site.6, 0, 126, 126
1121098.7.peg.63.site.1, 90, 125, 215
1121098.7.peg.63.site.2, 2, 125, 127
1121098.7.peg.63.site.3, 0, 126, 126
1121098.7.peg.63.site.4, 0, 125, 125
1121098.7.peg.62.site.1, 1, 126, 127
1121098.7.peg.62.site.2, 15, 126, 141
1121098.7.peg.62.site.3, 2, 125, 127
1121098.7.peg.1494.site.1, 4, 126, 130
1121098.7.peg.1494.site.2, 0, 126, 126
1121098.7.peg.1494.site.3, 0, 91, 91
1121098.7.peg.4108.site.1, 1, 126, 127
1121098.7.peg.4108.site.2, 0, 126, 126
1121098.7.peg.4108.site.3, 0, 124, 124
1121098.7.peg.4108.site.4, 2, 123, 125
1121098.7.peg.4108.site.5, 11, 125, 136
1121098.7.peg.4108.site.6, 52, 126, 178
1121098.7.peg.4108.site.7, 48, 126, 174
1121098.7.peg.4108.site.8, 10, 124, 134
1121098.7.peg.4108.site.9, 0, 124, 124
1121098.7.peg.4108.site.10, 15, 125, 140
1121098.7.peg.4108.site.11, 0, 123, 123
1121098.7.peg.4108.site.12, 10, 126, 136
1121098.7.peg.4108.site.13, 0, 126, 126
1121098.7.peg.4108.site.14, 109, 125, 234
1121098.7.peg.4108.site.15, 1, 126, 127
1121098.7.peg.4108.site.16, 82, 126, 208
1121098.7.peg.4108.site.17, 11, 126, 137
1121098.7.peg.4108.site.18, 0, 126, 126
1121098.7.peg.4108.site.19, 1, 126, 127
1121098.7.peg.4108.site.20, 27, 126, 153
1121098.7.peg.4108.site.21, 91, 126, 217
1121098.7.peg.4108.site.22, 2, 126, 128
1121098.7.peg.4108.site.23, 56, 126, 182
1121098.7.peg.4108.site.24, 0, 126, 126
1121098.7.peg.4108.site.25, 0, 126, 126
1121098.7.peg.1496.site.1, 3, 126, 129
1121098.7.peg.1496.site.2, 1, 125, 126
1121098.7.peg.1496.site.3, 0, 126, 126
1121098.7.peg.1496.site.4, 3, 126, 129
1121098.7.peg.1496.site.5, 52, 126, 178
1121098.7.peg.1496.site.6, 53, 126, 179
1121098.7.peg.1496.site.7, 4, 126, 130
1121098.7.peg.1496.site.8, 12, 126, 138
1121098.7.peg.1496.site.9, 10, 126, 136
1121098.7.peg.1496.site.10, 4, 126, 130
1121098.7.peg.1496.site.11, 68, 126, 194
1121098.7.peg.1496.site.12, 0, 126, 126
1121098.7.peg.1496.site.13, 0, 126, 126
1121098.7.peg.1496.site.14, 0, 126, 126
1121098.7.peg.1496.site.15, 0, 126, 126
1121098.7.peg.1496.site.16, 2, 126, 128
1121098.7.peg.1496.site.17, 0, 126, 126
1121098.7.peg.1496.site.18, 1, 126, 127
1121098.7.peg.1496.site.19, 4, 126, 130
1121098.7.peg.1496.site.20, 82, 125, 207
1121098.7.peg.1496.site.21, 58, 126, 184
1121098.7.peg.1491.site.1, 122, 126, 248
1121098.7.peg.1491.site.2, 61, 126, 187
1121098.7.peg.1491.site.3, 2, 126, 128
1121098.7.peg.1491.site.4, 1, 126, 127
1121098.7.peg.1490.site.1, 63, 125, 188
1121098.7.peg.3631.site.1, 0, 126, 126
1121098.7.peg.3631.site.2, 10, 126, 136
1121098.7.peg.3630.site.1, 15, 126, 141
1121098.7.peg.3630.site.2, 1, 126, 127
1121098.7.peg.3630.site.3, 3, 123, 126
1121098.7.peg.3636.site.1, 3, 124, 127
1121098.7.peg.3636.site.2, 0, 126, 126
1121098.7.peg.3636.site.3, 61, 126, 187
1121098.7.peg.3635.site.1, 36, 126, 162
1121098.7.peg.3635.site.2, 116, 125, 241
1121098.7.peg.3635.site.3, 0, 126, 126
1121098.7.peg.3635.site.4, 14, 125, 139
1121098.7.peg.3635.site.5, 6, 126, 132
1121098.7.peg.3635.site.6, 4, 126, 130
1121098.7.peg.3635.site.7, 61, 126, 187
1121098.7.peg.3635.site.8, 0, 126, 126
1121098.7.peg.3635.site.9, 3, 126, 129
1121098.7.peg.3635.site.10, 13, 125, 138
1121098.7.peg.3635.site.11, 0, 126, 126
1121098.7.peg.3635.site.12, 4, 126, 130
1121098.7.peg.3634.site.1, 65, 126, 191
1121098.7.peg.3634.site.2, 65, 126, 191
1121098.7.peg.3634.site.3, 0, 126, 126
1121098.7.peg.3634.site.4, 64, 125, 189
1121098.7.peg.3634.site.5, 13, 125, 138
1121098.7.peg.3634.site.6, 64, 125, 189
1121098.7.peg.3634.site.7, 69, 125, 194
1121098.7.peg.3634.site.8, 63, 124, 187
1121098.7.peg.3634.site.9, 77, 123, 200
1121098.7.peg.3634.site.10, 63, 124, 187
1121098.7.peg.3634.site.11, 54, 124, 178
1121098.7.peg.3634.site.12, 5, 125, 130
1121098.7.peg.3634.site.13, 64, 124, 188
1121098.7.peg.3634.site.14, 91, 125, 216
1121098.7.peg.3634.site.15, 64, 125, 189
1121098.7.peg.3634.site.16, 18, 125, 143
1121098.7.peg.3634.site.17, 1, 125, 126
1121098.7.peg.3634.site.18, 3, 125, 128
1121098.7.peg.3634.site.19, 64, 125, 189
1121098.7.peg.3634.site.20, 86, 125, 211
1121098.7.peg.3634.site.21, 37, 125, 162
1121098.7.peg.3634.site.22, 1, 125, 126
1121098.7.peg.3634.site.23, 64, 125, 189
1121098.7.peg.3634.site.24, 2, 125, 127
1121098.7.peg.3634.site.25, 125, 125, 250
1121098.7.peg.3634.site.26, 0, 123, 123
1121098.7.peg.3634.site.27, 15, 126, 141
1121098.7.peg.3634.site.28, 65, 126, 191
1121098.7.peg.3634.site.29, 17, 126, 143
1121098.7.peg.3634.site.30, 17, 126, 143
1121098.7.peg.3639.site.1, 3, 126, 129
1121098.7.peg.3639.site.2, 1, 125, 126
1121098.7.peg.3639.site.3, 4, 124, 128
1121098.7.peg.3639.site.4, 116, 123, 239
1121098.7.peg.3639.site.5, 57, 126, 183
1121098.7.peg.3638.site.1, 7, 126, 133
1121098.7.peg.3638.site.2, 1, 126, 127
1121098.7.peg.3638.site.3, 12, 126, 138
1121098.7.peg.3638.site.4, 53, 126, 179
1121098.7.peg.3638.site.5, 30, 126, 156
1121098.7.peg.809.site.1, 0, 106, 106
1121098.7.peg.809.site.2, 11, 79, 90
1121098.7.peg.809.site.3, 0, 106, 106
1121098.7.peg.809.site.4, 0, 75, 75
1121098.7.peg.809.site.5, 0, 111, 111
1121098.7.peg.809.site.6, 16, 101, 117
1121098.7.peg.809.site.7, 4, 110, 114
1121098.7.peg.809.site.8, 0, 108, 108
1121098.7.peg.809.site.9, 31, 85, 116
1121098.7.peg.809.site.10, 4, 109, 113
1121098.7.peg.809.site.11, 0, 76, 76
1121098.7.peg.809.site.12, 19, 100, 119
1121098.7.peg.809.site.13, 3, 107, 110
1121098.7.peg.809.site.14, 5, 76, 81
1121098.7.peg.809.site.15, 0, 75, 75
1121098.7.peg.809.site.16, 0, 106, 106
1121098.7.peg.809.site.17, 0, 77, 77
1121098.7.peg.809.site.18, 0, 78, 78
1121098.7.peg.809.site.19, 2, 111, 113
1121098.7.peg.809.site.20, 0, 86, 86
1121098.7.peg.809.site.21, 0, 125, 125
1121098.7.peg.809.site.22, 58, 109, 167
1121098.7.peg.809.site.23, 0, 88, 88
1121098.7.peg.809.site.24, 23, 120, 143
1121098.7.peg.809.site.25, 0, 118, 118
1121098.7.peg.809.site.26, 0, 118, 118
1121098.7.peg.1408.site.1, 0, 126, 126
1121098.7.peg.1408.site.2, 112, 126, 238
1121098.7.peg.1408.site.3, 0, 116, 116
1121098.7.peg.1408.site.4, 12, 123, 135
1121098.7.peg.1409.site.1, 2, 126, 128
1121098.7.peg.1409.site.2, 0, 126, 126
1121098.7.peg.1409.site.3, 61, 126, 187
1121098.7.peg.1409.site.4, 0, 126, 126
1121098.7.peg.1409.site.5, 4, 125, 129
1121098.7.peg.1409.site.6, 0, 125, 125
1121098.7.peg.1409.site.7, 117, 125, 242
1121098.7.peg.1409.site.8, 2, 125, 127
1121098.7.peg.1409.site.9, 6, 126, 132
1121098.7.peg.1406.site.1, 6, 126, 132
1121098.7.peg.1406.site.2, 3, 125, 128
1121098.7.peg.1406.site.3, 6, 125, 131
1121098.7.peg.1406.site.4, 3, 125, 128
1121098.7.peg.1406.site.5, 4, 126, 130
1121098.7.peg.1406.site.6, 1, 126, 127
1121098.7.peg.1406.site.7, 0, 126, 126
1121098.7.peg.1406.site.8, 50, 126, 176
1121098.7.peg.1406.site.9, 0, 126, 126
1121098.7.peg.1406.site.10, 0, 126, 126
1121098.7.peg.801.site.1, 22, 126, 148
1121098.7.peg.801.site.2, 18, 125, 143
1121098.7.peg.801.site.3, 122, 126, 248
1121098.7.peg.801.site.4, 5, 125, 130
1121098.7.peg.801.site.5, 12, 125, 137
1121098.7.peg.801.site.6, 11, 126, 137
1121098.7.peg.801.site.7, 0, 126, 126
1121098.7.peg.802.site.1, 0, 122, 122
1121098.7.peg.802.site.2, 11, 126, 137
1121098.7.peg.802.site.3, 1, 126, 127
1121098.7.peg.802.site.4, 4, 126, 130
1121098.7.peg.802.site.5, 4, 126, 130
1121098.7.peg.802.site.6, 12, 116, 128
1121098.7.peg.802.site.7, 6, 84, 90
1121098.7.peg.802.site.8, 6, 84, 90
1121098.7.peg.802.site.9, 11, 89, 100
1121098.7.peg.802.site.10, 11, 126, 137
1121098.7.peg.802.site.11, 29, 118, 147
1121098.7.peg.1405.site.1, 2, 74, 76
1121098.7.peg.1405.site.2, 0, 99, 99
1121098.7.peg.1405.site.3, 1, 121, 122
1121098.7.peg.804.site.1, 0, 126, 126
1121098.7.peg.804.site.2, 0, 125, 125
1121098.7.peg.1400.site.1, 4, 125, 129
1121098.7.peg.1400.site.2, 92, 123, 215
1121098.7.peg.1400.site.3, 31, 125, 156
1121098.7.peg.1400.site.4, 5, 126, 131
1121098.7.peg.4220.site.1, 5, 125, 130
1121098.7.peg.4220.site.2, 6, 126, 132
1121098.7.peg.4220.site.3, 1, 126, 127
1121098.7.peg.4220.site.4, 0, 126, 126
1121098.7.peg.4220.site.5, 122, 126, 248
1121098.7.peg.4220.site.6, 18, 126, 144
1121098.7.peg.4220.site.7, 1, 125, 126
1121098.7.peg.4220.site.8, 1, 126, 127
1121098.7.peg.4220.site.9, 1, 126, 127
1121098.7.peg.4220.site.10, 4, 125, 129
1121098.7.peg.4220.site.11, 1, 126, 127
1121098.7.peg.4220.site.12, 0, 126, 126
1121098.7.peg.4220.site.13, 0, 126, 126
1121098.7.peg.4220.site.14, 121, 125, 246
1121098.7.peg.4220.site.15, 0, 114, 114
1121098.7.peg.83.site.1, 7, 126, 133
1121098.7.peg.83.site.2, 1, 125, 126
1121098.7.peg.83.site.3, 1, 126, 127
1121098.7.peg.83.site.4, 4, 126, 130
1121098.7.peg.83.site.5, 0, 126, 126
1121098.7.peg.83.site.6, 0, 126, 126
1121098.7.peg.82.site.1, 4, 126, 130
1121098.7.peg.82.site.2, 0, 126, 126
1121098.7.peg.82.site.3, 3, 126, 129
1121098.7.peg.82.site.4, 0, 126, 126
1121098.7.peg.82.site.5, 0, 126, 126
1121098.7.peg.82.site.6, 0, 126, 126
1121098.7.peg.82.site.7, 9, 126, 135
1121098.7.peg.82.site.8, 0, 124, 124
1121098.7.peg.82.site.9, 1, 126, 127
1121098.7.peg.82.site.10, 0, 126, 126
1121098.7.peg.82.site.11, 9, 126, 135
1121098.7.peg.82.site.12, 0, 126, 126
1121098.7.peg.82.site.13, 1, 126, 127
1121098.7.peg.81.site.1, 0, 125, 125
1121098.7.peg.87.site.1, 14, 126, 140
1121098.7.peg.87.site.2, 15, 124, 139
1121098.7.peg.87.site.3, 0, 125, 125
1121098.7.peg.87.site.4, 0, 117, 117
1121098.7.peg.85.site.1, 3, 126, 129
1121098.7.peg.85.site.2, 0, 126, 126
1121098.7.peg.85.site.3, 0, 126, 126
1121098.7.peg.85.site.4, 4, 126, 130
1121098.7.peg.89.site.1, 0, 123, 123
1121098.7.peg.89.site.2, 0, 126, 126
1121098.7.peg.89.site.3, 3, 126, 129
1121098.7.peg.89.site.4, 3, 126, 129
1121098.7.peg.89.site.5, 1, 126, 127
1121098.7.peg.89.site.6, 2, 126, 128
1121098.7.peg.89.site.7, 1, 126, 127
1121098.7.peg.89.site.8, 0, 126, 126
1121098.7.peg.1312.site.1, 0, 126, 126
1121098.7.peg.1312.site.2, 3, 124, 127
1121098.7.peg.1312.site.3, 0, 126, 126
1121098.7.peg.1312.site.4, 48, 126, 174
1121098.7.peg.1312.site.5, 1, 126, 127
1121098.7.peg.1312.site.6, 0, 126, 126
1121098.7.peg.1312.site.7, 1, 126, 127
1121098.7.peg.1312.site.8, 1, 126, 127
1121098.7.peg.1312.site.9, 0, 126, 126
1121098.7.peg.1312.site.10, 0, 126, 126
1121098.7.peg.1313.site.1, 3, 125, 128
1121098.7.peg.1313.site.2, 0, 126, 126
1121098.7.peg.1313.site.3, 57, 126, 183
1121098.7.peg.1313.site.4, 54, 126, 180
1121098.7.peg.1313.site.5, 9, 126, 135
1121098.7.peg.1313.site.6, 2, 126, 128
1121098.7.peg.1310.site.1, 48, 126, 174
1121098.7.peg.1310.site.2, 0, 126, 126
1121098.7.peg.1310.site.3, 1, 126, 127
1121098.7.peg.1310.site.4, 68, 126, 194
1121098.7.peg.1311.site.1, 3, 126, 129
1121098.7.peg.1311.site.2, 0, 125, 125
1121098.7.peg.1311.site.3, 3, 125, 128
1121098.7.peg.1311.site.4, 48, 126, 174
1121098.7.peg.1311.site.5, 3, 126, 129
1121098.7.peg.1311.site.6, 0, 126, 126
1121098.7.peg.1311.site.7, 10, 126, 136
1121098.7.peg.1311.site.8, 3, 126, 129
1121098.7.peg.1311.site.9, 18, 125, 143
1121098.7.peg.1311.site.10, 0, 125, 125
1121098.7.peg.1311.site.11, 11, 126, 137
1121098.7.peg.1311.site.12, 38, 124, 162
1121098.7.peg.1311.site.13, 46, 124, 170
1121098.7.peg.1311.site.14, 2, 125, 127
1121098.7.peg.1311.site.15, 59, 124, 183
1121098.7.peg.1311.site.16, 86, 123, 209
1121098.7.peg.1311.site.17, 67, 125, 192
1121098.7.peg.1311.site.18, 2, 126, 128
1121098.7.peg.3923.site.1, 0, 126, 126
1121098.7.peg.3923.site.2, 3, 126, 129
1121098.7.peg.3923.site.3, 11, 119, 130
1121098.7.peg.3923.site.4, 4, 125, 129
1121098.7.peg.3923.site.5, 87, 125, 212
1121098.7.peg.3923.site.6, 49, 125, 174
1121098.7.peg.3923.site.7, 18, 126, 144
1121098.7.peg.3923.site.8, 0, 126, 126
1121098.7.peg.3923.site.9, 4, 126, 130
1121098.7.peg.3923.site.10, 1, 126, 127
1121098.7.peg.3923.site.11, 1, 126, 127
1121098.7.peg.3923.site.12, 8, 126, 134
1121098.7.peg.3923.site.13, 120, 124, 244
1121098.7.peg.3923.site.14, 2, 126, 128
1121098.7.peg.3923.site.15, 0, 126, 126
1121098.7.peg.3923.site.16, 4, 126, 130
1121098.7.peg.3923.site.17, 2, 126, 128
1121098.7.peg.1317.site.1, 58, 126, 184
1121098.7.peg.1317.site.2, 63, 125, 188
1121098.7.peg.1317.site.3, 72, 126, 198
1121098.7.peg.1317.site.4, 5, 125, 130
1121098.7.peg.1317.site.5, 51, 123, 174
1121098.7.peg.1317.site.6, 53, 126, 179
1121098.7.peg.1317.site.7, 1, 126, 127
1121098.7.peg.1317.site.8, 0, 126, 126
1121098.7.peg.1317.site.9, 6, 125, 131
1121098.7.peg.1317.site.10, 1, 125, 126
1121098.7.peg.1317.site.11, 0, 125, 125
1121098.7.peg.1314.site.1, 2, 126, 128
1121098.7.peg.1314.site.2, 0, 126, 126
1121098.7.peg.1314.site.3, 0, 126, 126
1121098.7.peg.1314.site.4, 0, 126, 126
1121098.7.peg.1314.site.5, 48, 126, 174
1121098.7.peg.1314.site.6, 58, 126, 184
1121098.7.peg.1314.site.7, 5, 126, 131
1121098.7.peg.1314.site.8, 2, 126, 128
1121098.7.peg.1314.site.9, 101, 125, 226
1121098.7.peg.1314.site.10, 57, 126, 183
1121098.7.peg.1314.site.11, 2, 126, 128
1121098.7.peg.1314.site.12, 3, 126, 129
1121098.7.peg.1314.site.13, 38, 125, 163
1121098.7.peg.1314.site.14, 59, 126, 185
1121098.7.peg.1315.site.1, 4, 126, 130
1121098.7.peg.1315.site.2, 6, 126, 132
1121098.7.peg.1315.site.3, 52, 125, 177
1121098.7.peg.1315.site.4, 55, 126, 181
1121098.7.peg.1315.site.5, 0, 126, 126
1121098.7.peg.1315.site.6, 7, 126, 133
1121098.7.peg.1318.site.1, 1, 126, 127
1121098.7.peg.1318.site.2, 12, 126, 138
1121098.7.peg.1318.site.3, 4, 126, 130
1121098.7.peg.1318.site.4, 59, 125, 184
1121098.7.peg.1318.site.5, 14, 126, 140
1121098.7.peg.1318.site.6, 3, 126, 129
1121098.7.peg.1318.site.7, 90, 125, 215
1121098.7.peg.1318.site.8, 5, 125, 130
1121098.7.peg.1318.site.9, 25, 92, 117
1121098.7.peg.1318.site.10, 9, 76, 85
1121098.7.peg.1318.site.11, 8, 75, 83
1121098.7.peg.1318.site.12, 7, 112, 119
1121098.7.peg.1318.site.13, 3, 115, 118
1121098.7.peg.1318.site.14, 4, 126, 130
1121098.7.peg.1318.site.15, 56, 126, 182
1121098.7.peg.1318.site.16, 4, 126, 130
1121098.7.peg.1318.site.17, 6, 126, 132
1121098.7.peg.1318.site.18, 6, 126, 132
1121098.7.peg.1318.site.19, 6, 125, 131
1121098.7.peg.1318.site.20, 2, 126, 128
1121098.7.peg.1318.site.21, 0, 125, 125
1121098.7.peg.1318.site.22, 1, 126, 127
1121098.7.peg.1318.site.23, 0, 126, 126
1121098.7.peg.1318.site.24, 1, 126, 127
1121098.7.peg.1318.site.25, 64, 125, 189
1121098.7.peg.1318.site.26, 60, 126, 186
1121098.7.peg.1318.site.27, 7, 126, 133
1121098.7.peg.1318.site.28, 7, 126, 133
1121098.7.peg.1318.site.29, 60, 126, 186
1121098.7.peg.1318.site.30, 108, 126, 234
1121098.7.peg.1319.site.1, 1, 126, 127
1121098.7.peg.1319.site.2, 40, 123, 163
1121098.7.peg.1319.site.3, 0, 126, 126
1121098.7.peg.1319.site.4, 52, 125, 177
1121098.7.peg.1319.site.5, 4, 124, 128
1121098.7.peg.3928.site.1, 1, 124, 125
1121098.7.peg.1079.site.1, 0, 125, 125
1121098.7.peg.1079.site.2, 102, 125, 227
1121098.7.peg.1079.site.3, 73, 126, 199
1121098.7.peg.1079.site.4, 1, 126, 127
1121098.7.peg.1079.site.5, 6, 125, 131
1121098.7.peg.1079.site.6, 0, 125, 125
1121098.7.peg.1079.site.7, 61, 126, 187
1121098.7.peg.1079.site.8, 1, 126, 127
1121098.7.peg.1079.site.9, 10, 126, 136
1121098.7.peg.1079.site.10, 18, 126, 144
1121098.7.peg.1079.site.11, 64, 126, 190
1121098.7.peg.1079.site.12, 18, 123, 141
1121098.7.peg.1079.site.13, 0, 126, 126
1121098.7.peg.1079.site.14, 77, 125, 202
1121098.7.peg.1079.site.15, 63, 126, 189
1121098.7.peg.1079.site.16, 0, 126, 126
1121098.7.peg.1079.site.17, 26, 124, 150
1121098.7.peg.1079.site.18, 0, 126, 126
1121098.7.peg.1079.site.19, 0, 125, 125
1121098.7.peg.1079.site.20, 24, 125, 149
1121098.7.peg.1078.site.1, 0, 126, 126
1121098.7.peg.1078.site.2, 0, 126, 126
1121098.7.peg.1078.site.3, 0, 126, 126
1121098.7.peg.1077.site.1, 2, 125, 127
1121098.7.peg.1077.site.2, 60, 125, 185
1121098.7.peg.1077.site.3, 15, 125, 140
1121098.7.peg.1077.site.4, 1, 124, 125
1121098.7.peg.1077.site.5, 0, 124, 124
1121098.7.peg.1076.site.1, 3, 126, 129
1121098.7.peg.1076.site.2, 85, 125, 210
1121098.7.peg.1076.site.3, 10, 126, 136
1121098.7.peg.1076.site.4, 64, 126, 190
1121098.7.peg.1076.site.5, 8, 125, 133
1121098.7.peg.1076.site.6, 1, 126, 127
1121098.7.peg.1076.site.7, 14, 126, 140
1121098.7.peg.1076.site.8, 61, 126, 187
1121098.7.peg.1076.site.9, 1, 126, 127
1121098.7.peg.1076.site.10, 0, 125, 125
1121098.7.peg.1076.site.11, 0, 125, 125
1121098.7.peg.1075.site.1, 68, 126, 194
1121098.7.peg.1075.site.2, 10, 123, 133
1121098.7.peg.1074.site.1, 120, 123, 243
1121098.7.peg.1074.site.2, 52, 125, 177
1121098.7.peg.1074.site.3, 73, 125, 198
1121098.7.peg.1074.site.4, 118, 126, 244
1121098.7.peg.1074.site.5, 4, 125, 129
1121098.7.peg.1073.site.1, 10, 126, 136
1121098.7.peg.1073.site.2, 0, 126, 126
1121098.7.peg.1073.site.3, 47, 126, 173
1121098.7.peg.1073.site.4, 122, 126, 248
1121098.7.peg.1073.site.5, 1, 126, 127
1121098.7.peg.1073.site.6, 13, 125, 138
1121098.7.peg.1073.site.7, 56, 126, 182
1121098.7.peg.1073.site.8, 16, 125, 141
1121098.7.peg.1073.site.9, 0, 126, 126
1121098.7.peg.1073.site.10, 5, 126, 131
1121098.7.peg.1073.site.11, 1, 126, 127
1121098.7.peg.1073.site.12, 1, 126, 127
1121098.7.peg.1073.site.13, 1, 126, 127
1121098.7.peg.1073.site.14, 35, 125, 160
1121098.7.peg.1073.site.15, 0, 125, 125
1121098.7.peg.1073.site.16, 0, 125, 125
1121098.7.peg.1073.site.17, 0, 124, 124
1121098.7.peg.1073.site.18, 0, 125, 125
1121098.7.peg.1073.site.19, 0, 125, 125
1121098.7.peg.1073.site.20, 0, 124, 124
1121098.7.peg.1072.site.1, 13, 120, 133
1121098.7.peg.1071.site.1, 0, 125, 125
1121098.7.peg.1071.site.2, 115, 125, 240
1121098.7.peg.1071.site.3, 0, 124, 124
1121098.7.peg.1070.site.1, 0, 125, 125
1121098.7.peg.1070.site.2, 0, 124, 124
1121098.7.peg.1070.site.3, 0, 126, 126
1121098.7.peg.1070.site.4, 1, 125, 126
1121098.7.peg.1070.site.5, 1, 126, 127
1121098.7.peg.3819.site.1, 1, 126, 127
1121098.7.peg.3819.site.2, 0, 126, 126
1121098.7.peg.3819.site.3, 0, 126, 126
1121098.7.peg.3819.site.4, 13, 126, 139
1121098.7.peg.3818.site.1, 2, 126, 128
1121098.7.peg.3818.site.2, 0, 126, 126
1121098.7.peg.3813.site.1, 29, 125, 154
1121098.7.peg.3813.site.2, 0, 126, 126
1121098.7.peg.3813.site.3, 0, 126, 126
1121098.7.peg.3813.site.4, 0, 126, 126
1121098.7.peg.3813.site.5, 6, 126, 132
1121098.7.peg.3813.site.6, 58, 126, 184
1121098.7.peg.3813.site.7, 116, 126, 242
1121098.7.peg.3813.site.8, 3, 126, 129
1121098.7.peg.3813.site.9, 64, 126, 190
1121098.7.peg.3813.site.10, 1, 126, 127
1121098.7.peg.3815.site.1, 0, 126, 126
1121098.7.peg.3815.site.2, 0, 126, 126
1121098.7.peg.3815.site.3, 0, 126, 126
1121098.7.peg.1279.site.1, 0, 126, 126
1121098.7.peg.1279.site.2, 0, 125, 125
1121098.7.peg.1279.site.3, 4, 126, 130
1121098.7.peg.1279.site.4, 2, 126, 128
1121098.7.peg.1278.site.1, 0, 124, 124
1121098.7.peg.1278.site.2, 0, 125, 125
1121098.7.peg.1271.site.1, 0, 125, 125
1121098.7.peg.1273.site.1, 12, 126, 138
1121098.7.peg.1273.site.2, 0, 126, 126
1121098.7.peg.1273.site.3, 4, 126, 130
1121098.7.peg.1273.site.4, 65, 126, 191
1121098.7.peg.1273.site.5, 0, 126, 126
1121098.7.peg.1272.site.1, 67, 126, 193
1121098.7.peg.1272.site.2, 0, 126, 126
1121098.7.peg.1272.site.3, 0, 126, 126
1121098.7.peg.1272.site.4, 0, 126, 126
1121098.7.peg.1272.site.5, 0, 126, 126
1121098.7.peg.1272.site.6, 0, 126, 126
1121098.7.peg.1272.site.7, 50, 125, 175
1121098.7.peg.1272.site.8, 0, 125, 125
1121098.7.peg.1272.site.9, 66, 100, 166
1121098.7.peg.1272.site.10, 47, 117, 164
1121098.7.peg.1275.site.1, 4, 126, 130
1121098.7.peg.1275.site.2, 2, 126, 128
1121098.7.peg.1275.site.3, 0, 126, 126
1121098.7.peg.1275.site.4, 6, 125, 131
1121098.7.peg.1275.site.5, 2, 126, 128
1121098.7.peg.1275.site.6, 3, 126, 129
1121098.7.peg.1275.site.7, 68, 126, 194
1121098.7.peg.1275.site.8, 0, 126, 126
1121098.7.peg.1275.site.9, 0, 126, 126
1121098.7.peg.1275.site.10, 0, 126, 126
1121098.7.peg.1275.site.11, 0, 126, 126
1121098.7.peg.1275.site.12, 3, 126, 129
1121098.7.peg.1275.site.13, 4, 126, 130
1121098.7.peg.1275.site.14, 0, 125, 125
1121098.7.peg.1274.site.1, 0, 126, 126
1121098.7.peg.1277.site.1, 5, 125, 130
1121098.7.peg.1277.site.2, 14, 126, 140
1121098.7.peg.1277.site.3, 3, 126, 129
1121098.7.peg.1276.site.1, 122, 126, 248
1121098.7.peg.1276.site.2, 0, 126, 126
1121098.7.peg.1276.site.3, 81, 125, 206
1121098.7.peg.1276.site.4, 0, 126, 126
1121098.7.peg.1276.site.5, 0, 126, 126
1121098.7.peg.1276.site.6, 122, 126, 248
1121098.7.peg.1276.site.7, 15, 126, 141
1121098.7.peg.1276.site.8, 1, 126, 127
1121098.7.peg.1276.site.9, 1, 126, 127
1121098.7.peg.1276.site.10, 122, 126, 248
1121098.7.peg.1276.site.11, 5, 126, 131
1121098.7.peg.1276.site.12, 0, 126, 126
1121098.7.peg.1276.site.13, 18, 126, 144
1121098.7.peg.1276.site.14, 0, 126, 126
1121098.7.peg.1276.site.15, 14, 126, 140
1121098.7.peg.1276.site.16, 0, 126, 126
1121098.7.peg.1276.site.17, 0, 126, 126
1121098.7.peg.988.site.1, 84, 126, 210
1121098.7.peg.988.site.2, 105, 125, 230
1121098.7.peg.988.site.3, 13, 126, 139
1121098.7.peg.988.site.4, 7, 126, 133
1121098.7.peg.988.site.5, 6, 126, 132
1121098.7.peg.988.site.6, 5, 126, 131
1121098.7.peg.988.site.7, 3, 126, 129
1121098.7.peg.988.site.8, 3, 126, 129
1121098.7.peg.988.site.9, 104, 125, 229
1121098.7.peg.988.site.10, 72, 126, 198
1121098.7.peg.988.site.11, 5, 125, 130
1121098.7.peg.988.site.12, 16, 126, 142
1121098.7.peg.3657.site.1, 53, 126, 179
1121098.7.peg.3657.site.2, 0, 126, 126
1121098.7.peg.3657.site.3, 0, 126, 126
1121098.7.peg.3657.site.4, 0, 113, 113
1121098.7.peg.3657.site.5, 34, 95, 129
1121098.7.peg.3657.site.6, 0, 88, 88
1121098.7.peg.3657.site.7, 0, 76, 76
1121098.7.peg.3657.site.8, 0, 52, 52
1121098.7.peg.3657.site.9, 3, 37, 40
1121098.7.peg.3657.site.10, 0, 39, 39
1121098.7.peg.3657.site.11, 0, 40, 40
1121098.7.peg.3657.site.12, 0, 42, 42
1121098.7.peg.3657.site.13, 0, 44, 44
1121098.7.peg.3657.site.14, 18, 55, 73
1121098.7.peg.3657.site.15, 2, 68, 70
1121098.7.peg.3657.site.16, 16, 125, 141
1121098.7.peg.3657.site.17, 0, 126, 126
1121098.7.peg.3657.site.18, 0, 126, 126
1121098.7.peg.3657.site.19, 80, 126, 206
1121098.7.peg.3657.site.20, 4, 126, 130
1121098.7.peg.3651.site.1, 1, 126, 127
1121098.7.peg.3651.site.2, 0, 126, 126
1121098.7.peg.3651.site.3, 25, 126, 151
1121098.7.peg.3651.site.4, 25, 126, 151
1121098.7.peg.3651.site.5, 54, 126, 180
1121098.7.peg.3651.site.6, 58, 125, 183
1121098.7.peg.3651.site.7, 0, 126, 126
1121098.7.peg.3651.site.8, 0, 126, 126
1121098.7.peg.3651.site.9, 100, 126, 226
1121098.7.peg.3109.site.1, 13, 126, 139
1121098.7.peg.3109.site.2, 0, 125, 125
1121098.7.peg.3109.site.3, 0, 125, 125
1121098.7.peg.3109.site.4, 0, 126, 126
1121098.7.peg.3109.site.5, 4, 126, 130
1121098.7.peg.3109.site.6, 0, 126, 126
1121098.7.peg.3109.site.7, 3, 125, 128
1121098.7.peg.3109.site.8, 3, 126, 129
1121098.7.peg.3109.site.9, 4, 126, 130
1121098.7.peg.3109.site.10, 0, 126, 126
1121098.7.peg.3109.site.11, 1, 126, 127
1121098.7.peg.3109.site.12, 63, 125, 188
1121098.7.peg.3109.site.13, 0, 124, 124
1121098.7.peg.1090.site.1, 1, 125, 126
1121098.7.peg.1090.site.2, 2, 126, 128
1121098.7.peg.1090.site.3, 8, 126, 134
1121098.7.peg.1090.site.4, 6, 126, 132
1121098.7.peg.1090.site.5, 0, 125, 125
1121098.7.peg.1090.site.6, 3, 126, 129
1121098.7.peg.1090.site.7, 6, 126, 132
1121098.7.peg.1090.site.8, 2, 125, 127
1121098.7.peg.1090.site.9, 58, 126, 184
1121098.7.peg.1090.site.10, 7, 126, 133
1121098.7.peg.1090.site.11, 1, 126, 127
1121098.7.peg.1090.site.12, 0, 126, 126
1121098.7.peg.1090.site.13, 0, 126, 126
1121098.7.peg.1090.site.14, 122, 126, 248
1121098.7.peg.1090.site.15, 1, 126, 127
1121098.7.peg.1090.site.16, 92, 126, 218
1121098.7.peg.1090.site.17, 0, 125, 125
1121098.7.peg.1090.site.18, 3, 124, 127
1121098.7.peg.1090.site.19, 52, 125, 177
1121098.7.peg.1090.site.20, 4, 125, 129
1121098.7.peg.1090.site.21, 0, 125, 125
1121098.7.peg.1092.site.1, 108, 126, 234
1121098.7.peg.1092.site.2, 0, 126, 126
1121098.7.peg.1092.site.3, 0, 125, 125
1121098.7.peg.1092.site.4, 0, 122, 122
1121098.7.peg.1095.site.1, 0, 125, 125
1121098.7.peg.1095.site.2, 69, 125, 194
1121098.7.peg.1095.site.3, 0, 125, 125
1121098.7.peg.1097.site.1, 3, 119, 122
1121098.7.peg.1097.site.2, 1, 120, 121
1121098.7.peg.1097.site.3, 0, 115, 115
1121098.7.peg.1097.site.4, 3, 122, 125
1121098.7.peg.1096.site.1, 0, 121, 121
1121098.7.peg.1099.site.1, 6, 123, 129
1121098.7.peg.1099.site.2, 49, 123, 172
1121098.7.peg.1099.site.3, 20, 122, 142
1121098.7.peg.1099.site.4, 57, 123, 180
1121098.7.peg.1099.site.5, 0, 122, 122
1121098.7.peg.1099.site.6, 60, 122, 182
1121098.7.peg.1099.site.7, 0, 122, 122
1121098.7.peg.1098.site.1, 0, 123, 123
1121098.7.peg.1098.site.2, 8, 123, 131
1121098.7.peg.1098.site.3, 19, 122, 141
1121098.7.peg.1098.site.4, 0, 123, 123
1121098.7.peg.3652.site.1, 109, 126, 235
1121098.7.peg.3652.site.2, 26, 126, 152
1121098.7.peg.3652.site.3, 4, 120, 124
1121098.7.peg.3652.site.4, 6, 125, 131
1121098.7.peg.3652.site.5, 8, 126, 134
1121098.7.peg.3652.site.6, 60, 126, 186
1121098.7.peg.4117.site.1, 2, 125, 127
1121098.7.peg.4117.site.2, 14, 126, 140
1121098.7.peg.4117.site.3, 59, 126, 185
1121098.7.peg.4117.site.4, 95, 125, 220
1121098.7.peg.4117.site.5, 61, 125, 186
1121098.7.peg.4117.site.6, 63, 125, 188
1121098.7.peg.4117.site.7, 12, 126, 138
1121098.7.peg.4117.site.8, 59, 125, 184
1121098.7.peg.4117.site.9, 2, 126, 128
1121098.7.peg.4117.site.10, 4, 126, 130
1121098.7.peg.4117.site.11, 1, 126, 127
1121098.7.peg.4117.site.12, 0, 126, 126
1121098.7.peg.4117.site.13, 102, 126, 228
1121098.7.peg.4117.site.14, 4, 126, 130
1121098.7.peg.4117.site.15, 0, 126, 126
1121098.7.peg.4117.site.16, 0, 126, 126
1121098.7.peg.4117.site.17, 64, 126, 190
1121098.7.peg.4117.site.18, 10, 126, 136
1121098.7.peg.4117.site.19, 19, 126, 145
1121098.7.peg.4117.site.20, 61, 123, 184
1121098.7.peg.4117.site.21, 50, 112, 162
1121098.7.peg.1381.site.1, 3, 126, 129
1121098.7.peg.1381.site.2, 0, 124, 124
1121098.7.peg.1381.site.3, 0, 125, 125
1121098.7.peg.1381.site.4, 2, 125, 127
1121098.7.peg.1381.site.5, 16, 125, 141
1121098.7.peg.1381.site.6, 10, 126, 136
1121098.7.peg.1381.site.7, 1, 125, 126
1121098.7.peg.1381.site.8, 4, 126, 130
1121098.7.peg.1381.site.9, 0, 125, 125
1121098.7.peg.1381.site.10, 0, 126, 126
1121098.7.peg.1381.site.11, 0, 126, 126
1121098.7.peg.1380.site.1, 1, 126, 127
1121098.7.peg.1380.site.2, 88, 125, 213
1121098.7.peg.1380.site.3, 3, 125, 128
1121098.7.peg.1380.site.4, 0, 126, 126
1121098.7.peg.1380.site.5, 5, 126, 131
1121098.7.peg.1383.site.1, 1, 126, 127
1121098.7.peg.1383.site.2, 0, 126, 126
1121098.7.peg.1383.site.3, 23, 126, 149
1121098.7.peg.1383.site.4, 37, 126, 163
1121098.7.peg.1383.site.5, 31, 126, 157
1121098.7.peg.1383.site.6, 6, 126, 132
1121098.7.peg.2981.site.1, 6, 126, 132
1121098.7.peg.2981.site.2, 0, 126, 126
1121098.7.peg.2981.site.3, 2, 126, 128
1121098.7.peg.2981.site.4, 2, 125, 127
1121098.7.peg.2981.site.5, 0, 125, 125
1121098.7.peg.982.site.1, 8, 125, 133
1121098.7.peg.982.site.2, 0, 125, 125
1121098.7.peg.982.site.3, 0, 126, 126
1121098.7.peg.982.site.4, 60, 126, 186
1121098.7.peg.982.site.5, 120, 126, 246
1121098.7.peg.982.site.6, 67, 126, 193
1121098.7.peg.982.site.7, 3, 126, 129
1121098.7.peg.982.site.8, 0, 125, 125
1121098.7.peg.985.site.1, 0, 126, 126
1121098.7.peg.1384.site.1, 105, 125, 230
1121098.7.peg.1384.site.2, 0, 126, 126
1121098.7.peg.3821.site.1, 0, 126, 126
1121098.7.peg.3821.site.2, 0, 126, 126
1121098.7.peg.3821.site.3, 0, 126, 126
1121098.7.peg.3821.site.4, 0, 126, 126
1121098.7.peg.3821.site.5, 2, 126, 128
1121098.7.peg.3821.site.6, 5, 126, 131
1121098.7.peg.3821.site.7, 85, 125, 210
1121098.7.peg.3821.site.8, 78, 125, 203
1121098.7.peg.3821.site.9, 0, 126, 126
1121098.7.peg.3821.site.10, 0, 126, 126
1121098.7.peg.3821.site.11, 0, 125, 125
1121098.7.peg.3821.site.12, 0, 126, 126
1121098.7.peg.3821.site.13, 29, 125, 154
1121098.7.peg.3821.site.14, 2, 126, 128
1121098.7.peg.1387.site.1, 0, 126, 126
1121098.7.peg.1387.site.2, 4, 126, 130
1121098.7.peg.1387.site.3, 0, 126, 126
1121098.7.peg.1387.site.4, 1, 125, 126
1121098.7.peg.1387.site.5, 1, 125, 126
1121098.7.peg.1387.site.6, 0, 126, 126
1121098.7.peg.3184.site.1, 0, 126, 126
1121098.7.peg.3184.site.2, 4, 126, 130
1121098.7.peg.3184.site.3, 64, 125, 189
1121098.7.peg.3187.site.1, 2, 126, 128
1121098.7.peg.3187.site.2, 0, 126, 126
1121098.7.peg.3187.site.3, 4, 126, 130
1121098.7.peg.3187.site.4, 4, 126, 130
1121098.7.peg.3187.site.5, 1, 125, 126
1121098.7.peg.3187.site.6, 3, 126, 129
1121098.7.peg.3187.site.7, 72, 126, 198
1121098.7.peg.3479.site.1, 23, 126, 149
1121098.7.peg.3479.site.2, 12, 126, 138
1121098.7.peg.3479.site.3, 3, 126, 129
1121098.7.peg.3479.site.4, 1, 126, 127
1121098.7.peg.3479.site.5, 0, 126, 126
1121098.7.peg.3479.site.6, 1, 126, 127
1121098.7.peg.3479.site.7, 3, 126, 129
1121098.7.peg.3479.site.8, 4, 126, 130
1121098.7.peg.3479.site.9, 5, 126, 131
1121098.7.peg.3479.site.10, 12, 126, 138
1121098.7.peg.1899.site.1, 0, 125, 125
1121098.7.peg.1899.site.2, 0, 126, 126
1121098.7.peg.1899.site.3, 32, 126, 158
1121098.7.peg.1899.site.4, 2, 126, 128
1121098.7.peg.1899.site.5, 28, 126, 154
1121098.7.peg.1899.site.6, 11, 125, 136
1121098.7.peg.1899.site.7, 0, 126, 126
1121098.7.peg.1899.site.8, 1, 126, 127
1121098.7.peg.1899.site.9, 35, 126, 161
1121098.7.peg.1899.site.10, 4, 126, 130
1121098.7.peg.1898.site.1, 43, 126, 169
1121098.7.peg.1898.site.2, 27, 126, 153
1121098.7.peg.1898.site.3, 80, 125, 205
1121098.7.peg.1898.site.4, 3, 124, 127
1121098.7.peg.1898.site.5, 112, 125, 237
1121098.7.peg.1898.site.6, 17, 125, 142
1121098.7.peg.1898.site.7, 0, 126, 126
1121098.7.peg.1898.site.8, 0, 126, 126
1121098.7.peg.3186.site.1, 0, 126, 126
1121098.7.peg.2328.site.1, 11, 125, 136
1121098.7.peg.1891.site.1, 0, 126, 126
1121098.7.peg.1891.site.2, 0, 126, 126
1121098.7.peg.1891.site.3, 1, 126, 127
1121098.7.peg.1891.site.4, 33, 126, 159
1121098.7.peg.1891.site.5, 1, 125, 126
1121098.7.peg.1891.site.6, 22, 126, 148
1121098.7.peg.1891.site.7, 0, 126, 126
1121098.7.peg.1891.site.8, 6, 126, 132
1121098.7.peg.1891.site.9, 0, 126, 126
1121098.7.peg.1891.site.10, 0, 126, 126
1121098.7.peg.1890.site.1, 0, 126, 126
1121098.7.peg.1890.site.2, 2, 126, 128
1121098.7.peg.1890.site.3, 4, 126, 130
1121098.7.peg.1890.site.4, 4, 126, 130
1121098.7.peg.1890.site.5, 3, 126, 129
1121098.7.peg.1893.site.1, 119, 126, 245
1121098.7.peg.1893.site.2, 29, 126, 155
1121098.7.peg.1893.site.3, 64, 125, 189
1121098.7.peg.1893.site.4, 0, 126, 126
1121098.7.peg.1893.site.5, 4, 126, 130
1121098.7.peg.1893.site.6, 4, 126, 130
1121098.7.peg.1893.site.7, 0, 125, 125
1121098.7.peg.1893.site.8, 0, 126, 126
1121098.7.peg.1893.site.9, 3, 126, 129
1121098.7.peg.1893.site.10, 12, 125, 137
1121098.7.peg.1892.site.1, 4, 126, 130
1121098.7.peg.1892.site.2, 5, 126, 131
1121098.7.peg.1892.site.3, 97, 125, 222
1121098.7.peg.1892.site.4, 3, 126, 129
1121098.7.peg.1892.site.5, 0, 126, 126
1121098.7.peg.1892.site.6, 0, 126, 126
1121098.7.peg.1895.site.1, 1, 126, 127
1121098.7.peg.1895.site.2, 0, 126, 126
1121098.7.peg.1895.site.3, 12, 126, 138
1121098.7.peg.1894.site.1, 0, 124, 124
1121098.7.peg.1897.site.1, 5, 124, 129
1121098.7.peg.1897.site.2, 111, 125, 236
1121098.7.peg.1896.site.1, 0, 126, 126
1121098.7.peg.1896.site.2, 0, 126, 126
1121098.7.peg.2209.site.1, 0, 126, 126
1121098.7.peg.2209.site.2, 0, 125, 125
1121098.7.peg.2209.site.3, 1, 126, 127
1121098.7.peg.2209.site.4, 12, 126, 138
1121098.7.peg.2209.site.5, 6, 125, 131
1121098.7.peg.2209.site.6, 3, 126, 129
1121098.7.peg.2209.site.7, 0, 126, 126
1121098.7.peg.2209.site.8, 0, 126, 126
1121098.7.peg.2209.site.9, 117, 126, 243
1121098.7.peg.2209.site.10, 0, 126, 126
1121098.7.peg.2209.site.11, 12, 126, 138
1121098.7.peg.2209.site.12, 117, 126, 243
1121098.7.peg.2209.site.13, 3, 126, 129
1121098.7.peg.2209.site.14, 117, 126, 243
1121098.7.peg.2209.site.15, 64, 126, 190
1121098.7.peg.2209.site.16, 0, 121, 121
1121098.7.peg.3183.site.1, 68, 126, 194
1121098.7.peg.3183.site.2, 4, 126, 130
1121098.7.peg.2201.site.1, 120, 126, 246
1121098.7.peg.2201.site.2, 4, 126, 130
1121098.7.peg.2201.site.3, 1, 126, 127
1121098.7.peg.2201.site.4, 11, 125, 136
1121098.7.peg.2201.site.5, 4, 126, 130
1121098.7.peg.2201.site.6, 0, 126, 126
1121098.7.peg.2201.site.7, 5, 126, 131
1121098.7.peg.2201.site.8, 8, 126, 134
1121098.7.peg.2201.site.9, 122, 126, 248
1121098.7.peg.2200.site.1, 23, 126, 149
1121098.7.peg.2200.site.2, 1, 126, 127
1121098.7.peg.2200.site.3, 1, 126, 127
1121098.7.peg.2200.site.4, 0, 126, 126
1121098.7.peg.2200.site.5, 62, 126, 188
1121098.7.peg.2203.site.1, 34, 126, 160
1121098.7.peg.2203.site.2, 113, 125, 238
1121098.7.peg.2203.site.3, 0, 126, 126
1121098.7.peg.2203.site.4, 6, 126, 132
1121098.7.peg.2203.site.5, 8, 126, 134
1121098.7.peg.2203.site.6, 0, 126, 126
1121098.7.peg.2203.site.7, 12, 126, 138
1121098.7.peg.2203.site.8, 5, 126, 131
1121098.7.peg.2203.site.9, 11, 126, 137
1121098.7.peg.2202.site.1, 8, 126, 134
1121098.7.peg.2202.site.2, 4, 126, 130
1121098.7.peg.2202.site.3, 16, 126, 142
1121098.7.peg.2202.site.4, 1, 126, 127
1121098.7.peg.2202.site.5, 1, 126, 127
1121098.7.peg.2202.site.6, 2, 126, 128
1121098.7.peg.2202.site.7, 7, 125, 132
1121098.7.peg.2202.site.8, 2, 125, 127
1121098.7.peg.2205.site.1, 0, 126, 126
1121098.7.peg.2204.site.1, 4, 126, 130
1121098.7.peg.2204.site.2, 3, 126, 129
1121098.7.peg.2204.site.3, 41, 126, 167
1121098.7.peg.2204.site.4, 3, 126, 129
1121098.7.peg.2204.site.5, 12, 126, 138
1121098.7.peg.2204.site.6, 11, 126, 137
1121098.7.peg.2204.site.7, 0, 126, 126
1121098.7.peg.2204.site.8, 79, 125, 204
1121098.7.peg.2204.site.9, 6, 126, 132
1121098.7.peg.2204.site.10, 0, 126, 126
1121098.7.peg.2204.site.11, 15, 126, 141
1121098.7.peg.2204.site.12, 26, 125, 151
1121098.7.peg.2204.site.13, 2, 126, 128
1121098.7.peg.2204.site.14, 6, 126, 132
1121098.7.peg.2204.site.15, 26, 126, 152
1121098.7.peg.2204.site.16, 52, 126, 178
1121098.7.peg.2204.site.17, 0, 126, 126
1121098.7.peg.2204.site.18, 116, 126, 242
1121098.7.peg.2204.site.19, 75, 126, 201
1121098.7.peg.2204.site.20, 6, 126, 132
1121098.7.peg.2207.site.1, 5, 125, 130
1121098.7.peg.2207.site.2, 1, 125, 126
1121098.7.peg.2207.site.3, 11, 126, 137
1121098.7.peg.2207.site.4, 58, 126, 184
1121098.7.peg.3725.site.1, 1, 126, 127
1121098.7.peg.3725.site.2, 1, 126, 127
1121098.7.peg.3725.site.3, 0, 125, 125
1121098.7.peg.3725.site.4, 0, 126, 126
1121098.7.peg.3725.site.5, 1, 126, 127
1121098.7.peg.3725.site.6, 20, 125, 145
1121098.7.peg.3725.site.7, 0, 126, 126
1121098.7.peg.659.site.1, 0, 125, 125
1121098.7.peg.659.site.2, 1, 126, 127
1121098.7.peg.659.site.3, 1, 126, 127
1121098.7.peg.659.site.4, 0, 125, 125
1121098.7.peg.659.site.5, 13, 125, 138
1121098.7.peg.659.site.6, 0, 126, 126
1121098.7.peg.659.site.7, 57, 126, 183
1121098.7.peg.659.site.8, 3, 125, 128
1121098.7.peg.659.site.9, 1, 124, 125
1121098.7.peg.659.site.10, 0, 125, 125
1121098.7.peg.659.site.11, 24, 125, 149
1121098.7.peg.659.site.12, 4, 125, 129
1121098.7.peg.659.site.13, 1, 124, 125
1121098.7.peg.659.site.14, 5, 125, 130
1121098.7.peg.308.site.1, 122, 126, 248
1121098.7.peg.308.site.2, 12, 126, 138
1121098.7.peg.2339.site.1, 0, 123, 123
1121098.7.peg.2339.site.2, 0, 122, 122
1121098.7.peg.2339.site.3, 77, 117, 194
1121098.7.peg.2339.site.4, 96, 124, 220
1121098.7.peg.2339.site.5, 0, 124, 124
1121098.7.peg.651.site.1, 12, 126, 138
1121098.7.peg.651.site.2, 4, 126, 130
1121098.7.peg.651.site.3, 5, 126, 131
1121098.7.peg.651.site.4, 0, 126, 126
1121098.7.peg.651.site.5, 25, 125, 150
1121098.7.peg.651.site.6, 0, 126, 126
1121098.7.peg.651.site.7, 1, 125, 126
1121098.7.peg.651.site.8, 0, 126, 126
1121098.7.peg.650.site.1, 14, 126, 140
1121098.7.peg.650.site.2, 53, 126, 179
1121098.7.peg.650.site.3, 122, 126, 248
1121098.7.peg.650.site.4, 23, 125, 148
1121098.7.peg.650.site.5, 95, 125, 220
1121098.7.peg.650.site.6, 96, 125, 221
1121098.7.peg.650.site.7, 57, 126, 183
1121098.7.peg.653.site.1, 10, 126, 136
1121098.7.peg.653.site.2, 3, 126, 129
1121098.7.peg.653.site.3, 97, 126, 223
1121098.7.peg.653.site.4, 8, 126, 134
1121098.7.peg.653.site.5, 1, 126, 127
1121098.7.peg.653.site.6, 12, 126, 138
1121098.7.peg.653.site.7, 1, 126, 127
1121098.7.peg.652.site.1, 63, 125, 188
1121098.7.peg.652.site.2, 12, 126, 138
1121098.7.peg.652.site.3, 0, 126, 126
1121098.7.peg.652.site.4, 1, 126, 127
1121098.7.peg.652.site.5, 1, 126, 127
1121098.7.peg.652.site.6, 13, 126, 139
1121098.7.peg.652.site.7, 57, 126, 183
1121098.7.peg.652.site.8, 121, 126, 247
1121098.7.peg.652.site.9, 0, 126, 126
1121098.7.peg.652.site.10, 92, 125, 217
1121098.7.peg.652.site.11, 0, 126, 126
1121098.7.peg.652.site.12, 100, 125, 225
1121098.7.peg.652.site.13, 13, 125, 138
1121098.7.peg.652.site.14, 57, 126, 183
1121098.7.peg.652.site.15, 1, 126, 127
1121098.7.peg.652.site.16, 52, 126, 178
1121098.7.peg.652.site.17, 6, 126, 132
1121098.7.peg.652.site.18, 0, 126, 126
1121098.7.peg.652.site.19, 0, 126, 126
1121098.7.peg.652.site.20, 1, 126, 127
1121098.7.peg.655.site.1, 12, 125, 137
1121098.7.peg.655.site.2, 12, 126, 138
1121098.7.peg.655.site.3, 7, 126, 133
1121098.7.peg.655.site.4, 3, 126, 129
1121098.7.peg.655.site.5, 120, 125, 245
1121098.7.peg.655.site.6, 3, 125, 128
1121098.7.peg.655.site.7, 0, 126, 126
1121098.7.peg.655.site.8, 1, 126, 127
1121098.7.peg.655.site.9, 0, 125, 125
1121098.7.peg.306.site.1, 2, 126, 128
1121098.7.peg.306.site.2, 11, 125, 136
1121098.7.peg.306.site.3, 4, 125, 129
1121098.7.peg.306.site.4, 0, 126, 126
1121098.7.peg.306.site.5, 14, 124, 138
1121098.7.peg.306.site.6, 0, 126, 126
1121098.7.peg.657.site.1, 112, 125, 237
1121098.7.peg.657.site.2, 4, 126, 130
1121098.7.peg.657.site.3, 14, 125, 139
1121098.7.peg.657.site.4, 0, 125, 125
1121098.7.peg.657.site.5, 0, 126, 126
1121098.7.peg.657.site.6, 58, 126, 184
1121098.7.peg.657.site.7, 101, 125, 226
1121098.7.peg.657.site.8, 55, 126, 181
1121098.7.peg.657.site.9, 9, 125, 134
1121098.7.peg.657.site.10, 32, 125, 157
1121098.7.peg.657.site.11, 65, 126, 191
1121098.7.peg.656.site.1, 0, 126, 126
1121098.7.peg.656.site.2, 36, 126, 162
1121098.7.peg.656.site.3, 0, 126, 126
1121098.7.peg.656.site.4, 7, 126, 133
1121098.7.peg.656.site.5, 0, 126, 126
1121098.7.peg.656.site.6, 0, 126, 126
1121098.7.peg.656.site.7, 49, 126, 175
1121098.7.peg.656.site.8, 0, 126, 126
1121098.7.peg.656.site.9, 43, 125, 168
1121098.7.peg.656.site.10, 1, 126, 127
1121098.7.peg.499.site.1, 13, 125, 138
1121098.7.peg.499.site.2, 4, 126, 130
1121098.7.peg.499.site.3, 0, 126, 126
1121098.7.peg.499.site.4, 8, 126, 134
1121098.7.peg.499.site.5, 62, 126, 188
1121098.7.peg.499.site.6, 62, 126, 188
1121098.7.peg.499.site.7, 62, 126, 188
1121098.7.peg.499.site.8, 118, 124, 242
1121098.7.peg.499.site.9, 1, 125, 126
1121098.7.peg.499.site.10, 1, 126, 127
1121098.7.peg.499.site.11, 3, 126, 129
1121098.7.peg.499.site.12, 0, 126, 126
1121098.7.peg.3329.site.1, 0, 111, 111
1121098.7.peg.3329.site.2, 0, 124, 124
1121098.7.peg.3329.site.3, 11, 126, 137
1121098.7.peg.3329.site.4, 1, 126, 127
1121098.7.peg.3328.site.1, 1, 126, 127
1121098.7.peg.3328.site.2, 1, 125, 126
1121098.7.peg.3328.site.3, 0, 126, 126
1121098.7.peg.3328.site.4, 10, 126, 136
1121098.7.peg.3328.site.5, 13, 126, 139
1121098.7.peg.3328.site.6, 25, 125, 150
1121098.7.peg.3328.site.7, 14, 126, 140
1121098.7.peg.3328.site.8, 4, 126, 130
1121098.7.peg.3328.site.9, 29, 125, 154
1121098.7.peg.3328.site.10, 16, 126, 142
1121098.7.peg.3328.site.11, 2, 124, 126
1121098.7.peg.3328.site.12, 0, 126, 126
1121098.7.peg.3328.site.13, 101, 126, 227
1121098.7.peg.3328.site.14, 5, 125, 130
1121098.7.peg.3328.site.15, 0, 126, 126
1121098.7.peg.3328.site.16, 64, 126, 190
1121098.7.peg.3328.site.17, 55, 126, 181
1121098.7.peg.3328.site.18, 3, 126, 129
1121098.7.peg.3328.site.19, 3, 126, 129
1121098.7.peg.3328.site.20, 18, 125, 143
1121098.7.peg.3328.site.21, 13, 126, 139
1121098.7.peg.3328.site.22, 64, 126, 190
1121098.7.peg.3328.site.23, 64, 126, 190
1121098.7.peg.3328.site.24, 4, 126, 130
1121098.7.peg.3328.site.25, 0, 126, 126
1121098.7.peg.3328.site.26, 4, 126, 130
1121098.7.peg.3328.site.27, 24, 126, 150
1121098.7.peg.3328.site.28, 15, 126, 141
1121098.7.peg.3328.site.29, 1, 126, 127
1121098.7.peg.3328.site.30, 64, 126, 190
1121098.7.peg.3325.site.1, 0, 125, 125
1121098.7.peg.3325.site.2, 1, 125, 126
1121098.7.peg.3324.site.1, 51, 126, 177
1121098.7.peg.3324.site.2, 57, 126, 183
1121098.7.peg.3324.site.3, 1, 126, 127
1121098.7.peg.3324.site.4, 1, 125, 126
1121098.7.peg.3324.site.5, 6, 126, 132
1121098.7.peg.491.site.1, 0, 126, 126
1121098.7.peg.491.site.2, 0, 126, 126
1121098.7.peg.491.site.3, 6, 126, 132
1121098.7.peg.491.site.4, 93, 124, 217
1121098.7.peg.491.site.5, 60, 126, 186
1121098.7.peg.491.site.6, 60, 126, 186
1121098.7.peg.491.site.7, 4, 126, 130
1121098.7.peg.491.site.8, 61, 126, 187
1121098.7.peg.491.site.9, 23, 125, 148
1121098.7.peg.491.site.10, 117, 125, 242
1121098.7.peg.491.site.11, 14, 126, 140
1121098.7.peg.491.site.12, 0, 126, 126
1121098.7.peg.491.site.13, 31, 125, 156
1121098.7.peg.491.site.14, 5, 126, 131
1121098.7.peg.491.site.15, 0, 126, 126
1121098.7.peg.491.site.16, 11, 126, 137
1121098.7.peg.491.site.17, 54, 126, 180
1121098.7.peg.491.site.18, 0, 124, 124
1121098.7.peg.491.site.19, 2, 126, 128
1121098.7.peg.491.site.20, 4, 126, 130
1121098.7.peg.491.site.21, 1, 126, 127
1121098.7.peg.491.site.22, 0, 126, 126
1121098.7.peg.490.site.1, 65, 126, 191
1121098.7.peg.497.site.1, 3, 126, 129
1121098.7.peg.497.site.2, 4, 124, 128
1121098.7.peg.497.site.3, 1, 125, 126
1121098.7.peg.497.site.4, 1, 126, 127
1121098.7.peg.497.site.5, 107, 126, 233
1121098.7.peg.497.site.6, 0, 126, 126
1121098.7.peg.497.site.7, 122, 126, 248
1121098.7.peg.497.site.8, 122, 126, 248
1121098.7.peg.497.site.9, 2, 126, 128
1121098.7.peg.497.site.10, 9, 126, 135
1121098.7.peg.497.site.11, 75, 126, 201
1121098.7.peg.497.site.12, 121, 126, 247
1121098.7.peg.497.site.13, 0, 126, 126
1121098.7.peg.497.site.14, 0, 126, 126
1121098.7.peg.496.site.1, 53, 126, 179
1121098.7.peg.496.site.2, 13, 126, 139
1121098.7.peg.496.site.3, 2, 126, 128
1121098.7.peg.496.site.4, 2, 126, 128
1121098.7.peg.496.site.5, 61, 126, 187
1121098.7.peg.496.site.6, 0, 126, 126
1121098.7.peg.496.site.7, 2, 126, 128
1121098.7.peg.496.site.8, 14, 125, 139
1121098.7.peg.495.site.1, 0, 126, 126
1121098.7.peg.495.site.2, 0, 126, 126
1121098.7.peg.495.site.3, 0, 126, 126
1121098.7.peg.495.site.4, 4, 126, 130
1121098.7.peg.495.site.5, 0, 126, 126
1121098.7.peg.495.site.6, 1, 125, 126
1121098.7.peg.495.site.7, 13, 126, 139
1121098.7.peg.495.site.8, 5, 126, 131
1121098.7.peg.495.site.9, 2, 126, 128
1121098.7.peg.495.site.10, 0, 126, 126
1121098.7.peg.495.site.11, 0, 126, 126
1121098.7.peg.494.site.1, 0, 124, 124
1121098.7.peg.494.site.2, 0, 126, 126
1121098.7.peg.494.site.3, 24, 126, 150
1121098.7.peg.494.site.4, 18, 126, 144
1121098.7.peg.494.site.5, 2, 126, 128
1121098.7.peg.494.site.6, 0, 125, 125
1121098.7.peg.494.site.7, 1, 126, 127
1121098.7.peg.494.site.8, 94, 126, 220
1121098.7.peg.494.site.9, 3, 126, 129
1121098.7.peg.494.site.10, 61, 126, 187
1121098.7.peg.494.site.11, 56, 125, 181
1121098.7.peg.494.site.12, 3, 126, 129
1121098.7.peg.494.site.13, 121, 126, 247
1121098.7.peg.494.site.14, 0, 126, 126
1121098.7.peg.471.site.1, 0, 126, 126
1121098.7.peg.471.site.2, 0, 126, 126
1121098.7.peg.471.site.3, 35, 126, 161
1121098.7.peg.471.site.4, 4, 123, 127
1121098.7.peg.471.site.5, 1, 126, 127
1121098.7.peg.471.site.6, 4, 126, 130
1121098.7.peg.471.site.7, 1, 126, 127
1121098.7.peg.471.site.8, 4, 126, 130
1121098.7.peg.471.site.9, 0, 126, 126
1121098.7.peg.471.site.10, 1, 125, 126
1121098.7.peg.471.site.11, 1, 126, 127
1121098.7.peg.471.site.12, 0, 126, 126
1121098.7.peg.471.site.13, 1, 125, 126
1121098.7.peg.471.site.14, 61, 125, 186
1121098.7.peg.471.site.15, 1, 125, 126
1121098.7.peg.471.site.16, 12, 125, 137
1121098.7.peg.471.site.17, 51, 125, 176
1121098.7.peg.471.site.18, 39, 125, 164
1121098.7.peg.471.site.19, 0, 126, 126
1121098.7.peg.471.site.20, 5, 125, 130
1121098.7.peg.471.site.21, 12, 126, 138
1121098.7.peg.471.site.22, 16, 125, 141
1121098.7.peg.471.site.23, 56, 126, 182
1121098.7.peg.471.site.24, 56, 126, 182
1121098.7.peg.471.site.25, 4, 126, 130
1121098.7.peg.471.site.26, 4, 126, 130
1121098.7.peg.1674.site.1, 3, 126, 129
1121098.7.peg.1674.site.2, 1, 126, 127
1121098.7.peg.1674.site.3, 3, 126, 129
1121098.7.peg.1674.site.4, 12, 126, 138
1121098.7.peg.1674.site.5, 0, 126, 126
1121098.7.peg.1674.site.6, 0, 126, 126
1121098.7.peg.1674.site.7, 4, 126, 130
1121098.7.peg.1674.site.8, 1, 126, 127
1121098.7.peg.1674.site.9, 38, 125, 163
1121098.7.peg.1674.site.10, 24, 125, 149
1121098.7.peg.1674.site.11, 0, 126, 126
1121098.7.peg.1674.site.12, 6, 126, 132
1121098.7.peg.1674.site.13, 0, 126, 126
1121098.7.peg.1674.site.14, 38, 125, 163
1121098.7.peg.1674.site.15, 38, 125, 163
1121098.7.peg.1677.site.1, 1, 124, 125
1121098.7.peg.1677.site.2, 14, 126, 140
1121098.7.peg.1677.site.3, 4, 126, 130
1121098.7.peg.1676.site.1, 0, 126, 126
1121098.7.peg.1676.site.2, 92, 124, 216
1121098.7.peg.1676.site.3, 0, 124, 124
1121098.7.peg.475.site.1, 0, 126, 126
1121098.7.peg.475.site.2, 118, 126, 244
1121098.7.peg.475.site.3, 122, 126, 248
1121098.7.peg.475.site.4, 62, 126, 188
1121098.7.peg.1670.site.1, 4, 125, 129
1121098.7.peg.1670.site.2, 16, 125, 141
1121098.7.peg.1670.site.3, 2, 126, 128
1121098.7.peg.1670.site.4, 4, 126, 130
1121098.7.peg.1670.site.5, 11, 125, 136
1121098.7.peg.1670.site.6, 0, 126, 126
1121098.7.peg.1670.site.7, 0, 126, 126
1121098.7.peg.1670.site.8, 0, 126, 126
1121098.7.peg.1673.site.1, 1, 126, 127
1121098.7.peg.1673.site.2, 12, 126, 138
1121098.7.peg.1673.site.3, 98, 125, 223
1121098.7.peg.1673.site.4, 0, 126, 126
1121098.7.peg.1673.site.5, 13, 125, 138
1121098.7.peg.1673.site.6, 1, 126, 127
1121098.7.peg.1673.site.7, 4, 126, 130
1121098.7.peg.1672.site.1, 0, 124, 124
1121098.7.peg.1672.site.2, 0, 126, 126
1121098.7.peg.1672.site.3, 0, 126, 126
1121098.7.peg.1672.site.4, 52, 126, 178
1121098.7.peg.1672.site.5, 12, 126, 138
1121098.7.peg.478.site.1, 20, 125, 145
1121098.7.peg.478.site.2, 0, 71, 71
1121098.7.peg.1678.site.1, 0, 126, 126
1121098.7.peg.1678.site.2, 71, 125, 196
1121098.7.peg.1678.site.3, 0, 126, 126
1121098.7.peg.1678.site.4, 57, 126, 183
1121098.7.peg.1678.site.5, 15, 126, 141
1121098.7.peg.1678.site.6, 0, 126, 126
1121098.7.peg.1678.site.7, 0, 126, 126
1121098.7.peg.1678.site.8, 55, 126, 181
1121098.7.peg.1678.site.9, 0, 125, 125
1121098.7.peg.1678.site.10, 0, 126, 126
1121098.7.peg.1678.site.11, 1, 126, 127
1121098.7.peg.2021.site.1, 57, 126, 183
1121098.7.peg.2021.site.2, 26, 126, 152
1121098.7.peg.2021.site.3, 51, 126, 177
1121098.7.peg.2021.site.4, 0, 126, 126
1121098.7.peg.2021.site.5, 5, 125, 130
1121098.7.peg.2020.site.1, 1, 126, 127
1121098.7.peg.2020.site.2, 0, 126, 126
1121098.7.peg.2020.site.3, 111, 125, 236
1121098.7.peg.2020.site.4, 2, 126, 128
1121098.7.peg.2020.site.5, 3, 126, 129
1121098.7.peg.2020.site.6, 4, 126, 130
1121098.7.peg.2020.site.7, 0, 126, 126
1121098.7.peg.2020.site.8, 58, 126, 184
1121098.7.peg.2020.site.9, 1, 126, 127
1121098.7.peg.2020.site.10, 55, 126, 181
1121098.7.peg.2020.site.11, 3, 126, 129
1121098.7.peg.2020.site.12, 18, 125, 143
1121098.7.peg.2020.site.13, 1, 126, 127
1121098.7.peg.2020.site.14, 5, 126, 131
1121098.7.peg.2020.site.15, 57, 126, 183
1121098.7.peg.2020.site.16, 0, 126, 126
1121098.7.peg.2020.site.17, 78, 125, 203
1121098.7.peg.2020.site.18, 0, 126, 126
1121098.7.peg.2020.site.19, 2, 125, 127
1121098.7.peg.2020.site.20, 3, 125, 128
1121098.7.peg.2020.site.21, 0, 126, 126
1121098.7.peg.2020.site.22, 0, 126, 126
1121098.7.peg.2020.site.23, 0, 126, 126
1121098.7.peg.2020.site.24, 5, 126, 131
1121098.7.peg.2020.site.25, 55, 126, 181
1121098.7.peg.2023.site.1, 3, 125, 128
1121098.7.peg.2023.site.2, 2, 126, 128
1121098.7.peg.2023.site.3, 0, 126, 126
1121098.7.peg.2023.site.4, 2, 124, 126
1121098.7.peg.2023.site.5, 62, 126, 188
1121098.7.peg.2023.site.6, 2, 125, 127
1121098.7.peg.2023.site.7, 104, 126, 230
1121098.7.peg.2022.site.1, 1, 126, 127
1121098.7.peg.2022.site.2, 51, 126, 177
1121098.7.peg.2022.site.3, 6, 126, 132
1121098.7.peg.2022.site.4, 2, 125, 127
1121098.7.peg.2022.site.5, 1, 126, 127
1121098.7.peg.2022.site.6, 52, 124, 176
1121098.7.peg.2022.site.7, 52, 126, 178
1121098.7.peg.2022.site.8, 0, 125, 125
1121098.7.peg.2022.site.9, 5, 126, 131
1121098.7.peg.2022.site.10, 116, 126, 242
1121098.7.peg.2022.site.11, 68, 126, 194
1121098.7.peg.2022.site.12, 3, 126, 129
1121098.7.peg.2022.site.13, 0, 126, 126
1121098.7.peg.2022.site.14, 0, 126, 126
1121098.7.peg.2024.site.1, 0, 126, 126
1121098.7.peg.2024.site.2, 4, 126, 130
1121098.7.peg.2024.site.3, 0, 125, 125
1121098.7.peg.2027.site.1, 13, 125, 138
1121098.7.peg.2027.site.2, 0, 126, 126
1121098.7.peg.2027.site.3, 4, 124, 128
1121098.7.peg.2027.site.4, 2, 124, 126
1121098.7.peg.2027.site.5, 75, 125, 200
1121098.7.peg.2027.site.6, 0, 126, 126
1121098.7.peg.2029.site.1, 8, 94, 102
1121098.7.peg.2029.site.2, 0, 126, 126
1121098.7.peg.2029.site.3, 3, 123, 126
1121098.7.peg.2029.site.4, 58, 126, 184
1121098.7.peg.2029.site.5, 54, 126, 180
1121098.7.peg.2029.site.6, 4, 126, 130
1121098.7.peg.2029.site.7, 0, 126, 126
1121098.7.peg.2029.site.8, 111, 126, 237
1121098.7.peg.2029.site.9, 10, 126, 136
1121098.7.peg.2029.site.10, 0, 126, 126
1121098.7.peg.2029.site.11, 63, 126, 189
1121098.7.peg.2029.site.12, 38, 125, 163
1121098.7.peg.2029.site.13, 111, 126, 237
1121098.7.peg.2029.site.14, 0, 126, 126
1121098.7.peg.2029.site.15, 95, 125, 220
1121098.7.peg.2029.site.16, 8, 125, 133
1121098.7.peg.2029.site.17, 8, 125, 133
1121098.7.peg.2029.site.18, 48, 126, 174
1121098.7.peg.2029.site.19, 0, 126, 126
1121098.7.peg.2029.site.20, 4, 126, 130
1121098.7.peg.2029.site.21, 115, 125, 240
1121098.7.peg.2029.site.22, 0, 126, 126
1121098.7.peg.2029.site.23, 4, 126, 130
1121098.7.peg.2029.site.24, 0, 126, 126
1121098.7.peg.2029.site.25, 3, 126, 129
1121098.7.peg.2029.site.26, 0, 126, 126
1121098.7.peg.2029.site.27, 0, 125, 125
1121098.7.peg.2029.site.28, 48, 126, 174
1121098.7.peg.2029.site.29, 0, 126, 126
1121098.7.peg.2029.site.30, 0, 126, 126
1121098.7.peg.2029.site.31, 65, 126, 191
1121098.7.peg.2029.site.32, 65, 126, 191
1121098.7.peg.2029.site.33, 1, 126, 127
1121098.7.peg.2028.site.1, 13, 126, 139
1121098.7.peg.2028.site.2, 13, 125, 138
1121098.7.peg.2028.site.3, 10, 126, 136
1121098.7.peg.2028.site.4, 8, 126, 134
1121098.7.peg.2028.site.5, 0, 125, 125
1121098.7.peg.2028.site.6, 44, 104, 148
1121098.7.peg.2028.site.7, 54, 115, 169
1121098.7.peg.2028.site.8, 0, 122, 122
1121098.7.peg.2028.site.9, 1, 123, 124
1121098.7.peg.2028.site.10, 0, 125, 125
1121098.7.peg.2028.site.11, 42, 123, 165
1121098.7.peg.2028.site.12, 0, 125, 125
1121098.7.peg.2028.site.13, 0, 125, 125
1121098.7.peg.2028.site.14, 8, 126, 134
1121098.7.peg.2028.site.15, 8, 126, 134
1121098.7.peg.2028.site.16, 4, 126, 130
1121098.7.peg.2028.site.17, 77, 126, 203
1121098.7.peg.2028.site.18, 0, 126, 126
1121098.7.peg.2028.site.19, 1, 126, 127
1121098.7.peg.2028.site.20, 4, 126, 130
1121098.7.peg.3251.site.1, 0, 125, 125
1121098.7.peg.3251.site.2, 62, 126, 188
1121098.7.peg.3251.site.3, 34, 126, 160
1121098.7.peg.3251.site.4, 119, 126, 245
1121098.7.peg.3251.site.5, 3, 125, 128
1121098.7.peg.3251.site.6, 2, 124, 126
1121098.7.peg.3251.site.7, 10, 124, 134
1121098.7.peg.3251.site.8, 0, 125, 125
1121098.7.peg.3251.site.9, 13, 125, 138
1121098.7.peg.3251.site.10, 3, 125, 128
1121098.7.peg.3251.site.11, 32, 125, 157
1121098.7.peg.3251.site.12, 12, 123, 135
1121098.7.peg.3250.site.1, 0, 126, 126
1121098.7.peg.3250.site.2, 0, 126, 126
1121098.7.peg.3253.site.1, 2, 126, 128
1121098.7.peg.3253.site.2, 0, 126, 126
1121098.7.peg.3253.site.3, 25, 124, 149
1121098.7.peg.3253.site.4, 18, 125, 143
1121098.7.peg.3252.site.1, 0, 126, 126
1121098.7.peg.3252.site.2, 0, 126, 126
1121098.7.peg.3255.site.1, 17, 126, 143
1121098.7.peg.3255.site.2, 0, 126, 126
1121098.7.peg.3254.site.1, 24, 126, 150
1121098.7.peg.3254.site.2, 12, 126, 138
1121098.7.peg.3254.site.3, 76, 126, 202
1121098.7.peg.3254.site.4, 97, 125, 222
1121098.7.peg.3254.site.5, 76, 123, 199
1121098.7.peg.3254.site.6, 17, 126, 143
1121098.7.peg.3254.site.7, 49, 124, 173
1121098.7.peg.3254.site.8, 73, 123, 196
1121098.7.peg.3254.site.9, 4, 124, 128
1121098.7.peg.3254.site.10, 52, 124, 176
1121098.7.peg.3254.site.11, 27, 124, 151
1121098.7.peg.3254.site.12, 101, 124, 225
1121098.7.peg.3254.site.13, 1, 126, 127
1121098.7.peg.3254.site.14, 0, 126, 126
1121098.7.peg.3254.site.15, 11, 126, 137
1121098.7.peg.3254.site.16, 2, 124, 126
1121098.7.peg.3254.site.17, 12, 126, 138
1121098.7.peg.3254.site.18, 7, 126, 133
1121098.7.peg.3254.site.19, 0, 126, 126
1121098.7.peg.3254.site.20, 0, 126, 126
1121098.7.peg.3254.site.21, 0, 126, 126
1121098.7.peg.3254.site.22, 0, 126, 126
1121098.7.peg.3254.site.23, 60, 126, 186
1121098.7.peg.3254.site.24, 4, 125, 129
1121098.7.peg.3254.site.25, 5, 126, 131
1121098.7.peg.3254.site.26, 20, 126, 146
1121098.7.peg.3254.site.27, 4, 126, 130
1121098.7.peg.3254.site.28, 0, 125, 125
1121098.7.peg.3254.site.29, 0, 126, 126
1121098.7.peg.3254.site.30, 0, 126, 126
1121098.7.peg.3254.site.31, 1, 126, 127
1121098.7.peg.3254.site.32, 12, 125, 137
1121098.7.peg.3254.site.33, 2, 126, 128
1121098.7.peg.3257.site.1, 0, 125, 125
1121098.7.peg.3257.site.2, 0, 126, 126
1121098.7.peg.3257.site.3, 0, 124, 124
1121098.7.peg.3256.site.1, 0, 123, 123
1121098.7.peg.3256.site.2, 1, 125, 126
1121098.7.peg.3259.site.1, 0, 126, 126
1121098.7.peg.277.site.1, 98, 126, 224
1121098.7.peg.277.site.2, 0, 126, 126
1121098.7.peg.277.site.3, 0, 126, 126
1121098.7.peg.277.site.4, 0, 126, 126
1121098.7.peg.277.site.5, 4, 126, 130
1121098.7.peg.277.site.6, 0, 126, 126
1121098.7.peg.277.site.7, 0, 126, 126
1121098.7.peg.278.site.1, 0, 126, 126
1121098.7.peg.278.site.2, 115, 126, 241
1121098.7.peg.278.site.3, 0, 126, 126
1121098.7.peg.278.site.4, 0, 125, 125
1121098.7.peg.278.site.5, 2, 125, 127
1121098.7.peg.278.site.6, 0, 125, 125
1121098.7.peg.278.site.7, 79, 124, 203
1121098.7.peg.278.site.8, 79, 123, 202
1121098.7.peg.278.site.9, 2, 120, 122
1121098.7.peg.278.site.10, 57, 121, 178
1121098.7.peg.278.site.11, 1, 125, 126
1121098.7.peg.278.site.12, 11, 124, 135
1121098.7.peg.278.site.13, 10, 123, 133
1121098.7.peg.278.site.14, 10, 123, 133
1121098.7.peg.278.site.15, 29, 124, 153
1121098.7.peg.278.site.16, 12, 124, 136
1121098.7.peg.278.site.17, 108, 125, 233
1121098.7.peg.278.site.18, 78, 125, 203
1121098.7.peg.278.site.19, 0, 126, 126
1121098.7.peg.278.site.20, 14, 125, 139
1121098.7.peg.278.site.21, 24, 126, 150
1121098.7.peg.278.site.22, 0, 126, 126
1121098.7.peg.278.site.23, 0, 126, 126
1121098.7.peg.4069.site.1, 105, 122, 227
1121098.7.peg.4069.site.2, 22, 123, 145
1121098.7.peg.4069.site.3, 67, 123, 190
1121098.7.peg.4069.site.4, 1, 123, 124
1121098.7.peg.4069.site.5, 19, 123, 142
1121098.7.peg.4069.site.6, 1, 123, 124
1121098.7.peg.4069.site.7, 0, 123, 123
1121098.7.peg.4069.site.8, 10, 123, 133
1121098.7.peg.4069.site.9, 0, 123, 123
1121098.7.peg.4069.site.10, 119, 123, 242
1121098.7.peg.4069.site.11, 75, 123, 198
1121098.7.peg.4069.site.12, 34, 122, 156
1121098.7.peg.4069.site.13, 0, 123, 123
1121098.7.peg.4069.site.14, 103, 123, 226
1121098.7.peg.4068.site.1, 58, 123, 181
1121098.7.peg.4068.site.2, 44, 122, 166
1121098.7.peg.4068.site.3, 0, 123, 123
1121098.7.peg.4068.site.4, 1, 123, 124
1121098.7.peg.4068.site.5, 25, 123, 148
1121098.7.peg.4068.site.6, 74, 122, 196
1121098.7.peg.4068.site.7, 5, 123, 128
1121098.7.peg.4068.site.8, 60, 123, 183
1121098.7.peg.4068.site.9, 0, 123, 123
1121098.7.peg.4068.site.10, 47, 122, 169
1121098.7.peg.4068.site.11, 0, 123, 123
1121098.7.peg.4068.site.12, 0, 123, 123
1121098.7.peg.4068.site.13, 4, 121, 125
1121098.7.peg.4068.site.14, 0, 123, 123
1121098.7.peg.4068.site.15, 10, 123, 133
1121098.7.peg.4068.site.16, 5, 123, 128
1121098.7.peg.4068.site.17, 119, 123, 242
1121098.7.peg.4068.site.18, 0, 122, 122
1121098.7.peg.4068.site.19, 0, 123, 123
1121098.7.peg.4068.site.20, 12, 123, 135
1121098.7.peg.4068.site.21, 23, 122, 145
1121098.7.peg.4068.site.22, 0, 123, 123
1121098.7.peg.4068.site.23, 83, 122, 205
1121098.7.peg.4068.site.24, 2, 123, 125
1121098.7.peg.3719.site.1, 0, 126, 126
1121098.7.peg.3719.site.2, 3, 123, 126
1121098.7.peg.3719.site.3, 2, 92, 94
1121098.7.peg.3719.site.4, 6, 70, 76
1121098.7.peg.3719.site.5, 8, 69, 77
1121098.7.peg.3719.site.6, 6, 67, 73
1121098.7.peg.3719.site.7, 38, 102, 140
1121098.7.peg.3719.site.8, 1, 66, 67
1121098.7.peg.3719.site.9, 3, 69, 72
1121098.7.peg.3719.site.10, 0, 125, 125
1121098.7.peg.3719.site.11, 110, 126, 236
1121098.7.peg.3719.site.12, 2, 126, 128
1121098.7.peg.3719.site.13, 12, 126, 138
1121098.7.peg.3719.site.14, 1, 126, 127
1121098.7.peg.3719.site.15, 3, 125, 128
1121098.7.peg.3719.site.16, 1, 125, 126
1121098.7.peg.3719.site.17, 0, 125, 125
1121098.7.peg.3719.site.18, 31, 126, 157
1121098.7.peg.3646.site.1, 121, 125, 246
1121098.7.peg.3646.site.2, 0, 126, 126
1121098.7.peg.3646.site.3, 11, 126, 137
1121098.7.peg.3646.site.4, 1, 126, 127
1121098.7.peg.3646.site.5, 29, 125, 154
1121098.7.peg.3646.site.6, 5, 126, 131
1121098.7.peg.3646.site.7, 0, 126, 126
1121098.7.peg.3646.site.8, 25, 125, 150
1121098.7.peg.3646.site.9, 41, 125, 166
1121098.7.peg.3646.site.10, 2, 126, 128
1121098.7.peg.3646.site.11, 4, 126, 130
1121098.7.peg.3646.site.12, 55, 126, 181
1121098.7.peg.3646.site.13, 0, 126, 126
1121098.7.peg.3646.site.14, 5, 126, 131
1121098.7.peg.3646.site.15, 1, 126, 127
1121098.7.peg.3646.site.16, 0, 126, 126
1121098.7.peg.3646.site.17, 0, 126, 126
1121098.7.peg.3646.site.18, 0, 126, 126
1121098.7.peg.3647.site.1, 12, 126, 138
1121098.7.peg.3647.site.2, 5, 126, 131
1121098.7.peg.3647.site.3, 60, 126, 186
1121098.7.peg.3647.site.4, 2, 126, 128
1121098.7.peg.3647.site.5, 2, 126, 128
1121098.7.peg.3647.site.6, 16, 125, 141
1121098.7.peg.3647.site.7, 8, 126, 134
1121098.7.peg.3644.site.1, 0, 125, 125
1121098.7.peg.3644.site.2, 15, 126, 141
1121098.7.peg.3644.site.3, 1, 126, 127
1121098.7.peg.3644.site.4, 26, 124, 150
1121098.7.peg.3644.site.5, 63, 125, 188
1121098.7.peg.3644.site.6, 114, 124, 238
1121098.7.peg.3644.site.7, 73, 123, 196
1121098.7.peg.3644.site.8, 3, 125, 128
1121098.7.peg.3644.site.9, 1, 125, 126
1121098.7.peg.3644.site.10, 4, 125, 129
1121098.7.peg.3644.site.11, 2, 126, 128
1121098.7.peg.3644.site.12, 4, 126, 130
1121098.7.peg.3644.site.13, 0, 126, 126
1121098.7.peg.3644.site.14, 58, 126, 184
1121098.7.peg.3645.site.1, 0, 126, 126
1121098.7.peg.3645.site.2, 1, 126, 127
1121098.7.peg.3645.site.3, 81, 125, 206
1121098.7.peg.3645.site.4, 0, 125, 125
1121098.7.peg.3645.site.5, 0, 125, 125
1121098.7.peg.3645.site.6, 0, 125, 125
1121098.7.peg.3642.site.1, 3, 126, 129
1121098.7.peg.3642.site.2, 0, 126, 126
1121098.7.peg.3491.site.1, 85, 125, 210
1121098.7.peg.3491.site.2, 0, 126, 126
1121098.7.peg.3491.site.3, 3, 126, 129
1121098.7.peg.3641.site.1, 0, 126, 126
1121098.7.peg.3490.site.1, 0, 125, 125
1121098.7.peg.3490.site.2, 0, 124, 124
1121098.7.peg.3490.site.3, 0, 124, 124
1121098.7.peg.3490.site.4, 52, 126, 178
1121098.7.peg.3648.site.1, 100, 125, 225
1121098.7.peg.3648.site.2, 2, 126, 128
1121098.7.peg.3648.site.3, 69, 126, 195
1121098.7.peg.3648.site.4, 3, 126, 129
1121098.7.peg.3648.site.5, 0, 125, 125
1121098.7.peg.3648.site.6, 0, 126, 126
1121098.7.peg.3648.site.7, 10, 126, 136
1121098.7.peg.3648.site.8, 8, 125, 133
1121098.7.peg.3648.site.9, 46, 126, 172
1121098.7.peg.3648.site.10, 2, 126, 128
1121098.7.peg.3648.site.11, 5, 126, 131
1121098.7.peg.3648.site.12, 62, 126, 188
1121098.7.peg.3649.site.1, 9, 126, 135
1121098.7.peg.3649.site.2, 0, 126, 126
1121098.7.peg.3649.site.3, 0, 125, 125
1121098.7.peg.3602.site.1, 0, 126, 126
1121098.7.peg.3602.site.2, 121, 125, 246
1121098.7.peg.3602.site.3, 1, 125, 126
1121098.7.peg.3602.site.4, 120, 124, 244
1121098.7.peg.3602.site.5, 0, 122, 122
1121098.7.peg.3602.site.6, 2, 114, 116
1121098.7.peg.3602.site.7, 20, 115, 135
1121098.7.peg.3602.site.8, 67, 126, 193
1121098.7.peg.3602.site.9, 0, 125, 125
1121098.7.peg.3602.site.10, 121, 126, 247
1121098.7.peg.3602.site.11, 20, 126, 146
1121098.7.peg.3602.site.12, 0, 126, 126
1121098.7.peg.3602.site.13, 31, 126, 157
1121098.7.peg.3602.site.14, 0, 126, 126
1121098.7.peg.3602.site.15, 0, 126, 126
1121098.7.peg.3602.site.16, 82, 124, 206
1121098.7.peg.3602.site.17, 4, 126, 130
1121098.7.peg.3602.site.18, 122, 126, 248
1121098.7.peg.3602.site.19, 1, 126, 127
1121098.7.peg.3602.site.20, 1, 126, 127
1121098.7.peg.3602.site.21, 0, 126, 126
1121098.7.peg.3602.site.22, 1, 126, 127
1121098.7.peg.4061.site.1, 12, 126, 138
1121098.7.peg.4061.site.2, 25, 126, 151
1121098.7.peg.35.site.1, 1, 126, 127
1121098.7.peg.35.site.2, 0, 126, 126
1121098.7.peg.35.site.3, 0, 125, 125
1121098.7.peg.35.site.4, 3, 125, 128
1121098.7.peg.35.site.5, 2, 126, 128
1121098.7.peg.35.site.6, 49, 123, 172
1121098.7.peg.35.site.7, 0, 117, 117
1121098.7.peg.35.site.8, 0, 97, 97
1121098.7.peg.35.site.9, 82, 91, 173
1121098.7.peg.35.site.10, 1, 126, 127
1121098.7.peg.2287.site.1, 1, 121, 122
1121098.7.peg.2287.site.2, 0, 123, 123
1121098.7.peg.2287.site.3, 5, 125, 130
1121098.7.peg.2287.site.4, 16, 126, 142
1121098.7.peg.2287.site.5, 121, 126, 247
1121098.7.peg.2287.site.6, 3, 125, 128
1121098.7.peg.2287.site.7, 0, 126, 126
1121098.7.peg.2287.site.8, 1, 126, 127
1121098.7.peg.2287.site.9, 94, 125, 219
1121098.7.peg.2287.site.10, 0, 125, 125
1121098.7.peg.2287.site.11, 1, 125, 126
1121098.7.peg.2287.site.12, 0, 126, 126
1121098.7.peg.708.site.1, 0, 125, 125
1121098.7.peg.3480.site.1, 38, 126, 164
1121098.7.peg.3480.site.2, 2, 125, 127
1121098.7.peg.3480.site.3, 0, 126, 126
1121098.7.peg.3480.site.4, 3, 125, 128
1121098.7.peg.3480.site.5, 23, 125, 148
1121098.7.peg.3480.site.6, 12, 126, 138
1121098.7.peg.3480.site.7, 48, 126, 174
1121098.7.peg.3481.site.1, 0, 126, 126
1121098.7.peg.3481.site.2, 4, 125, 129
1121098.7.peg.3481.site.3, 54, 126, 180
1121098.7.peg.3481.site.4, 1, 126, 127
1121098.7.peg.3481.site.5, 11, 126, 137
1121098.7.peg.3481.site.6, 93, 124, 217
1121098.7.peg.3481.site.7, 122, 126, 248
1121098.7.peg.3481.site.8, 4, 126, 130
1121098.7.peg.3481.site.9, 1, 126, 127
1121098.7.peg.3481.site.10, 1, 126, 127
1121098.7.peg.3481.site.11, 60, 126, 186
1121098.7.peg.3481.site.12, 13, 125, 138
1121098.7.peg.3481.site.13, 0, 126, 126
1121098.7.peg.3481.site.14, 0, 126, 126
1121098.7.peg.3481.site.15, 1, 126, 127
1121098.7.peg.3481.site.16, 1, 126, 127
1121098.7.peg.3481.site.17, 88, 125, 213
1121098.7.peg.3482.site.1, 1, 125, 126
1121098.7.peg.3482.site.2, 6, 126, 132
1121098.7.peg.3482.site.3, 0, 126, 126
1121098.7.peg.3482.site.4, 0, 126, 126
1121098.7.peg.3482.site.5, 0, 126, 126
1121098.7.peg.3482.site.6, 6, 126, 132
1121098.7.peg.3482.site.7, 76, 125, 201
1121098.7.peg.3482.site.8, 4, 126, 130
1121098.7.peg.3482.site.9, 13, 126, 139
1121098.7.peg.3482.site.10, 3, 126, 129
1121098.7.peg.3482.site.11, 1, 126, 127
1121098.7.peg.3482.site.12, 0, 126, 126
1121098.7.peg.3482.site.13, 0, 125, 125
1121098.7.peg.3482.site.14, 40, 126, 166
1121098.7.peg.3483.site.1, 90, 124, 214
1121098.7.peg.3483.site.2, 17, 126, 143
1121098.7.peg.3483.site.3, 13, 126, 139
1121098.7.peg.3483.site.4, 11, 126, 137
1121098.7.peg.3483.site.5, 108, 125, 233
1121098.7.peg.3483.site.6, 12, 126, 138
1121098.7.peg.3483.site.7, 9, 126, 135
1121098.7.peg.3483.site.8, 2, 126, 128
1121098.7.peg.3483.site.9, 53, 125, 178
1121098.7.peg.3483.site.10, 1, 126, 127
1121098.7.peg.3483.site.11, 56, 126, 182
1121098.7.peg.3483.site.12, 0, 125, 125
1121098.7.peg.3483.site.13, 1, 126, 127
1121098.7.peg.3483.site.14, 3, 126, 129
1121098.7.peg.3483.site.15, 15, 126, 141
1121098.7.peg.3483.site.16, 0, 126, 126
1121098.7.peg.879.site.1, 1, 124, 125
1121098.7.peg.879.site.2, 106, 124, 230
1121098.7.peg.879.site.3, 4, 124, 128
1121098.7.peg.879.site.4, 0, 124, 124
1121098.7.peg.879.site.5, 0, 124, 124
1121098.7.peg.879.site.6, 48, 124, 172
1121098.7.peg.879.site.7, 3, 123, 126
1121098.7.peg.879.site.8, 5, 124, 129
1121098.7.peg.879.site.9, 41, 124, 165
1121098.7.peg.3486.site.1, 0, 126, 126
1121098.7.peg.3486.site.2, 0, 126, 126
1121098.7.peg.3486.site.3, 0, 125, 125
1121098.7.peg.3486.site.4, 4, 126, 130
1121098.7.peg.3486.site.5, 7, 126, 133
1121098.7.peg.3486.site.6, 4, 125, 129
1121098.7.peg.3486.site.7, 0, 126, 126
1121098.7.peg.3486.site.8, 1, 125, 126
1121098.7.peg.3486.site.9, 0, 126, 126
1121098.7.peg.3486.site.10, 0, 126, 126
1121098.7.peg.3486.site.11, 17, 125, 142
1121098.7.peg.3487.site.1, 0, 125, 125
1121098.7.peg.3487.site.2, 2, 126, 128
1121098.7.peg.3487.site.3, 0, 126, 126
1121098.7.peg.3487.site.4, 3, 126, 129
1121098.7.peg.3487.site.5, 54, 126, 180
1121098.7.peg.3487.site.6, 3, 126, 129
1121098.7.peg.3487.site.7, 11, 126, 137
1121098.7.peg.3487.site.8, 0, 126, 126
1121098.7.peg.3487.site.9, 4, 126, 130
1121098.7.peg.3487.site.10, 0, 126, 126
1121098.7.peg.3487.site.11, 1, 124, 125
1121098.7.peg.3487.site.12, 49, 126, 175
1121098.7.peg.3487.site.13, 0, 126, 126
1121098.7.peg.3487.site.14, 12, 126, 138
1121098.7.peg.3487.site.15, 63, 125, 188
1121098.7.peg.3487.site.16, 0, 126, 126
1121098.7.peg.875.site.1, 82, 98, 180
1121098.7.peg.875.site.2, 22, 28, 50
1121098.7.peg.875.site.3, 2, 17, 19
1121098.7.peg.875.site.4, 4, 18, 22
1121098.7.peg.875.site.5, 59, 121, 180
1121098.7.peg.875.site.6, 1, 123, 124
1121098.7.peg.875.site.7, 27, 124, 151
1121098.7.peg.875.site.8, 9, 124, 133
1121098.7.peg.875.site.9, 47, 124, 171
1121098.7.peg.875.site.10, 16, 123, 139
1121098.7.peg.875.site.11, 10, 122, 132
1121098.7.peg.875.site.12, 9, 117, 126
1121098.7.peg.875.site.13, 0, 112, 112
1121098.7.peg.875.site.14, 0, 45, 45
1121098.7.peg.875.site.15, 16, 83, 99
1121098.7.peg.875.site.16, 1, 117, 118
1121098.7.peg.875.site.17, 4, 123, 127
1121098.7.peg.875.site.18, 49, 124, 173
1121098.7.peg.875.site.19, 90, 124, 214
1121098.7.peg.875.site.20, 18, 123, 141
1121098.7.peg.875.site.21, 80, 117, 197
1121098.7.peg.875.site.22, 37, 91, 128
1121098.7.peg.875.site.23, 4, 47, 51
1121098.7.peg.875.site.24, 1, 18, 19
1121098.7.peg.875.site.25, 12, 40, 52
1121098.7.peg.875.site.26, 32, 89, 121
1121098.7.peg.875.site.27, 88, 115, 203
1121098.7.peg.875.site.28, 1, 119, 120
1121098.7.peg.875.site.29, 1, 119, 120
1121098.7.peg.875.site.30, 1, 119, 120
1121098.7.peg.874.site.1, 11, 124, 135
1121098.7.peg.874.site.2, 4, 124, 128
1121098.7.peg.874.site.3, 10, 124, 134
1121098.7.peg.874.site.4, 0, 124, 124
1121098.7.peg.874.site.5, 2, 123, 125
1121098.7.peg.874.site.6, 53, 123, 176
1121098.7.peg.874.site.7, 2, 123, 125
1121098.7.peg.874.site.8, 53, 124, 177
1121098.7.peg.874.site.9, 2, 124, 126
1121098.7.peg.874.site.10, 0, 123, 123
1121098.7.peg.874.site.11, 3, 79, 82
1121098.7.peg.874.site.12, 1, 77, 78
1121098.7.peg.874.site.13, 5, 77, 82
1121098.7.peg.874.site.14, 47, 78, 125
1121098.7.peg.874.site.15, 37, 110, 147
1121098.7.peg.874.site.16, 0, 123, 123
1121098.7.peg.874.site.17, 47, 124, 171
1121098.7.peg.874.site.18, 14, 124, 138
1121098.7.peg.874.site.19, 18, 124, 142
1121098.7.peg.874.site.20, 10, 124, 134
1121098.7.peg.874.site.21, 31, 120, 151
1121098.7.peg.874.site.22, 2, 124, 126
1121098.7.peg.874.site.23, 51, 124, 175
1121098.7.peg.874.site.24, 55, 124, 179
1121098.7.peg.874.site.25, 8, 124, 132
1121098.7.peg.874.site.26, 10, 124, 134
1121098.7.peg.874.site.27, 1, 124, 125
1121098.7.peg.874.site.28, 33, 123, 156
1121098.7.peg.874.site.29, 4, 124, 128
1121098.7.peg.877.site.1, 0, 124, 124
1121098.7.peg.877.site.2, 15, 124, 139
1121098.7.peg.877.site.3, 4, 124, 128
1121098.7.peg.1416.site.1, 12, 124, 136
1121098.7.peg.1416.site.2, 0, 126, 126
1121098.7.peg.871.site.1, 0, 124, 124
1121098.7.peg.871.site.2, 92, 124, 216
1121098.7.peg.871.site.3, 13, 123, 136
1121098.7.peg.871.site.4, 2, 124, 126
1121098.7.peg.871.site.5, 0, 124, 124
1121098.7.peg.871.site.6, 4, 124, 128
1121098.7.peg.871.site.7, 4, 123, 127
1121098.7.peg.871.site.8, 0, 123, 123
1121098.7.peg.871.site.9, 51, 123, 174
1121098.7.peg.871.site.10, 2, 124, 126
1121098.7.peg.871.site.11, 16, 123, 139
1121098.7.peg.871.site.12, 19, 124, 143
1121098.7.peg.871.site.13, 5, 124, 129
1121098.7.peg.871.site.14, 116, 124, 240
1121098.7.peg.871.site.15, 0, 124, 124
1121098.7.peg.871.site.16, 0, 124, 124
1121098.7.peg.1410.site.1, 61, 126, 187
1121098.7.peg.1410.site.2, 0, 126, 126
1121098.7.peg.872.site.1, 2, 124, 126
1121098.7.peg.872.site.2, 1, 124, 125
1121098.7.peg.872.site.3, 33, 123, 156
1121098.7.peg.872.site.4, 0, 66, 66
1121098.7.peg.872.site.5, 1, 67, 68
1121098.7.peg.872.site.6, 0, 84, 84
1121098.7.peg.872.site.7, 27, 93, 120
1121098.7.peg.872.site.8, 46, 111, 157
1121098.7.peg.872.site.9, 0, 112, 112
1121098.7.peg.872.site.10, 0, 103, 103
1121098.7.peg.872.site.11, 1, 104, 105
1121098.7.peg.872.site.12, 25, 104, 129
1121098.7.peg.872.site.13, 0, 110, 110
1121098.7.peg.872.site.14, 5, 119, 124
1121098.7.peg.4218.site.1, 7, 126, 133
1121098.7.peg.4218.site.2, 55, 126, 181
1121098.7.peg.4218.site.3, 0, 126, 126
1121098.7.peg.4218.site.4, 1, 125, 126
1121098.7.peg.4219.site.1, 0, 123, 123
1121098.7.peg.4219.site.2, 16, 126, 142
1121098.7.peg.4219.site.3, 0, 126, 126
1121098.7.peg.4219.site.4, 6, 125, 131
1121098.7.peg.4219.site.5, 0, 126, 126
1121098.7.peg.4219.site.6, 68, 126, 194
1121098.7.peg.4219.site.7, 1, 126, 127
1121098.7.peg.4219.site.8, 0, 126, 126
1121098.7.peg.4219.site.9, 19, 126, 145
1121098.7.peg.4219.site.10, 0, 126, 126
1121098.7.peg.4219.site.11, 0, 125, 125
1121098.7.peg.4219.site.12, 0, 125, 125
1121098.7.peg.4219.site.13, 0, 126, 126
1121098.7.peg.4219.site.14, 0, 126, 126
1121098.7.peg.4219.site.15, 0, 126, 126
1121098.7.peg.4219.site.16, 0, 126, 126
1121098.7.peg.4219.site.17, 2, 126, 128
1121098.7.peg.4219.site.18, 12, 126, 138
1121098.7.peg.4217.site.1, 18, 126, 144
1121098.7.peg.4217.site.2, 0, 126, 126
1121098.7.peg.4217.site.3, 118, 126, 244
1121098.7.peg.4217.site.4, 10, 126, 136
1121098.7.peg.4217.site.5, 4, 126, 130
1121098.7.peg.4217.site.6, 0, 126, 126
1121098.7.peg.4217.site.7, 27, 125, 152
1121098.7.peg.4217.site.8, 0, 126, 126
1121098.7.peg.4217.site.9, 0, 126, 126
1121098.7.peg.4217.site.10, 0, 126, 126
1121098.7.peg.4217.site.11, 13, 125, 138
1121098.7.peg.339.site.1, 0, 126, 126
1121098.7.peg.339.site.2, 12, 126, 138
1121098.7.peg.339.site.3, 61, 126, 187
1121098.7.peg.339.site.4, 1, 126, 127
1121098.7.peg.339.site.5, 1, 126, 127
1121098.7.peg.339.site.6, 3, 126, 129
1121098.7.peg.339.site.7, 0, 126, 126
1121098.7.peg.339.site.8, 0, 126, 126
1121098.7.peg.339.site.9, 1, 126, 127
1121098.7.peg.339.site.10, 5, 126, 131
1121098.7.peg.3790.site.1, 5, 126, 131
1121098.7.peg.3790.site.2, 122, 126, 248
1121098.7.peg.3790.site.3, 0, 126, 126
1121098.7.peg.3790.site.4, 0, 126, 126
1121098.7.peg.3790.site.5, 8, 125, 133
1121098.7.peg.3790.site.6, 1, 126, 127
1121098.7.peg.3790.site.7, 4, 126, 130
1121098.7.peg.3790.site.8, 3, 126, 129
1121098.7.peg.3790.site.9, 0, 123, 123
1121098.7.peg.3790.site.10, 1, 126, 127
1121098.7.peg.3790.site.11, 0, 126, 126
1121098.7.peg.3790.site.12, 107, 126, 233
1121098.7.peg.3790.site.13, 0, 125, 125
1121098.7.peg.3790.site.14, 43, 125, 168
1121098.7.peg.3790.site.15, 46, 126, 172
1121098.7.peg.3790.site.16, 0, 126, 126
1121098.7.peg.3790.site.17, 2, 126, 128
1121098.7.peg.3790.site.18, 0, 126, 126
1121098.7.peg.3790.site.19, 2, 126, 128
1121098.7.peg.3791.site.1, 114, 126, 240
1121098.7.peg.3791.site.2, 0, 126, 126
1121098.7.peg.3791.site.3, 0, 125, 125
1121098.7.peg.3791.site.4, 0, 126, 126
1121098.7.peg.3792.site.1, 105, 125, 230
1121098.7.peg.3792.site.2, 20, 126, 146
1121098.7.peg.3792.site.3, 3, 126, 129
1121098.7.peg.3792.site.4, 85, 125, 210
1121098.7.peg.3792.site.5, 122, 126, 248
1121098.7.peg.3792.site.6, 1, 126, 127
1121098.7.peg.3792.site.7, 0, 126, 126
1121098.7.peg.3792.site.8, 2, 126, 128
1121098.7.peg.3792.site.9, 0, 126, 126
1121098.7.peg.3792.site.10, 0, 126, 126
1121098.7.peg.3792.site.11, 1, 126, 127
1121098.7.peg.3792.site.12, 0, 124, 124
1121098.7.peg.901.site.1, 58, 126, 184
1121098.7.peg.901.site.2, 12, 126, 138
1121098.7.peg.901.site.3, 53, 126, 179
1121098.7.peg.900.site.1, 5, 126, 131
1121098.7.peg.900.site.2, 88, 126, 214
1121098.7.peg.900.site.3, 1, 126, 127
1121098.7.peg.900.site.4, 65, 126, 191
1121098.7.peg.900.site.5, 4, 126, 130
1121098.7.peg.900.site.6, 1, 126, 127
1121098.7.peg.900.site.7, 3, 125, 128
1121098.7.peg.900.site.8, 0, 126, 126
1121098.7.peg.903.site.1, 0, 125, 125
1121098.7.peg.903.site.2, 0, 126, 126
1121098.7.peg.903.site.3, 3, 126, 129
1121098.7.peg.903.site.4, 5, 126, 131
1121098.7.peg.903.site.5, 6, 126, 132
1121098.7.peg.903.site.6, 0, 125, 125
1121098.7.peg.903.site.7, 0, 126, 126
1121098.7.peg.903.site.8, 0, 126, 126
1121098.7.peg.903.site.9, 0, 126, 126
1121098.7.peg.903.site.10, 32, 125, 157
1121098.7.peg.903.site.11, 0, 126, 126
1121098.7.peg.903.site.12, 39, 125, 164
1121098.7.peg.902.site.1, 1, 125, 126
1121098.7.peg.902.site.2, 2, 126, 128
1121098.7.peg.902.site.3, 0, 126, 126
1121098.7.peg.902.site.4, 50, 126, 176
1121098.7.peg.902.site.5, 48, 126, 174
1121098.7.peg.1305.site.1, 17, 126, 143
1121098.7.peg.1305.site.2, 92, 124, 216
1121098.7.peg.1305.site.3, 3, 126, 129
1121098.7.peg.1304.site.1, 1, 126, 127
1121098.7.peg.1304.site.2, 0, 126, 126
1121098.7.peg.1304.site.3, 3, 126, 129
1121098.7.peg.1304.site.4, 3, 126, 129
1121098.7.peg.1304.site.5, 12, 126, 138
1121098.7.peg.1307.site.1, 18, 125, 143
1121098.7.peg.1307.site.2, 0, 126, 126
1121098.7.peg.1307.site.3, 0, 105, 105
1121098.7.peg.1307.site.4, 16, 89, 105
1121098.7.peg.1307.site.5, 2, 75, 77
1121098.7.peg.1307.site.6, 0, 75, 75
1121098.7.peg.1307.site.7, 8, 88, 96
1121098.7.peg.1307.site.8, 55, 126, 181
1121098.7.peg.1307.site.9, 35, 106, 141
1121098.7.peg.1307.site.10, 38, 109, 147
1121098.7.peg.1307.site.11, 6, 77, 83
1121098.7.peg.1307.site.12, 10, 80, 90
1121098.7.peg.1307.site.13, 11, 80, 91
1121098.7.peg.1307.site.14, 53, 126, 179
1121098.7.peg.1307.site.15, 58, 123, 181
1121098.7.peg.1307.site.16, 4, 121, 125
1121098.7.peg.1307.site.17, 50, 121, 171
1121098.7.peg.1307.site.18, 0, 123, 123
1121098.7.peg.1307.site.19, 19, 126, 145
1121098.7.peg.1306.site.1, 0, 126, 126
1121098.7.peg.1306.site.2, 0, 126, 126
1121098.7.peg.1306.site.3, 5, 125, 130
1121098.7.peg.1306.site.4, 111, 126, 237
1121098.7.peg.1306.site.5, 3, 126, 129
1121098.7.peg.1309.site.1, 2, 126, 128
1121098.7.peg.1309.site.2, 58, 125, 183
1121098.7.peg.1309.site.3, 5, 126, 131
1121098.7.peg.1309.site.4, 5, 126, 131
1121098.7.peg.1309.site.5, 122, 126, 248
1121098.7.peg.1309.site.6, 54, 126, 180
1121098.7.peg.1309.site.7, 51, 126, 177
1121098.7.peg.1308.site.1, 0, 125, 125
1121098.7.peg.1308.site.2, 80, 126, 206
1121098.7.peg.1308.site.3, 5, 126, 131
1121098.7.peg.1308.site.4, 12, 126, 138
1121098.7.peg.1308.site.5, 0, 126, 126
1121098.7.peg.1308.site.6, 1, 125, 126
1121098.7.peg.1308.site.7, 83, 126, 209
1121098.7.peg.1308.site.8, 0, 126, 126
1121098.7.peg.1308.site.9, 3, 126, 129
1121098.7.peg.1308.site.10, 2, 126, 128
1121098.7.peg.1308.site.11, 1, 126, 127
1121098.7.peg.4204.site.1, 72, 122, 194
1121098.7.peg.4204.site.2, 4, 123, 127
1121098.7.peg.4204.site.3, 4, 123, 127
1121098.7.peg.4204.site.4, 0, 123, 123
1121098.7.peg.4204.site.5, 58, 123, 181
1121098.7.peg.4204.site.6, 53, 123, 176
1121098.7.peg.4204.site.7, 28, 123, 151
1121098.7.peg.4204.site.8, 2, 123, 125
1121098.7.peg.4204.site.9, 29, 123, 152
1121098.7.peg.4202.site.1, 2, 123, 125
1121098.7.peg.4202.site.2, 0, 123, 123
1121098.7.peg.4202.site.3, 8, 123, 131
1121098.7.peg.4202.site.4, 1, 123, 124
1121098.7.peg.4202.site.5, 49, 123, 172
1121098.7.peg.4202.site.6, 8, 122, 130
1121098.7.peg.4202.site.7, 77, 123, 200
1121098.7.peg.4202.site.8, 2, 123, 125
1121098.7.peg.4202.site.9, 49, 123, 172
1121098.7.peg.4202.site.10, 27, 123, 150
1121098.7.peg.4202.site.11, 100, 122, 222
1121098.7.peg.4202.site.12, 100, 122, 222
1121098.7.peg.4202.site.13, 5, 122, 127
1121098.7.peg.4202.site.14, 1, 121, 122
1121098.7.peg.4202.site.15, 4, 120, 124
1121098.7.peg.4202.site.16, 7, 121, 128
1121098.7.peg.4202.site.17, 1, 122, 123
1121098.7.peg.4202.site.18, 1, 122, 123
1121098.7.peg.4200.site.1, 0, 125, 125
1121098.7.peg.4200.site.2, 4, 125, 129
1121098.7.peg.4200.site.3, 9, 125, 134
1121098.7.peg.4200.site.4, 67, 125, 192
1121098.7.peg.4200.site.5, 0, 125, 125
1121098.7.peg.4200.site.6, 0, 125, 125
1121098.7.peg.4200.site.7, 0, 125, 125
1121098.7.peg.4200.site.8, 3, 125, 128
1121098.7.peg.4200.site.9, 1, 125, 126
1121098.7.peg.4200.site.10, 0, 125, 125
1121098.7.peg.4200.site.11, 14, 125, 139
1121098.7.peg.4200.site.12, 12, 125, 137
1121098.7.peg.4200.site.13, 7, 125, 132
1121098.7.peg.4200.site.14, 7, 125, 132
1121098.7.peg.4200.site.15, 108, 121, 229
1121098.7.peg.3334.site.1, 7, 126, 133
1121098.7.peg.3334.site.2, 4, 125, 129
1121098.7.peg.3334.site.3, 4, 124, 128
1121098.7.peg.3334.site.4, 3, 126, 129
1121098.7.peg.2932.site.1, 122, 126, 248
1121098.7.peg.2932.site.2, 5, 126, 131
1121098.7.peg.2932.site.3, 0, 126, 126
1121098.7.peg.2932.site.4, 5, 126, 131
1121098.7.peg.2932.site.5, 5, 69, 74
1121098.7.peg.2932.site.6, 2, 66, 68
1121098.7.peg.2932.site.7, 3, 67, 70
1121098.7.peg.2932.site.8, 3, 67, 70
1121098.7.peg.2932.site.9, 0, 70, 70
1121098.7.peg.2932.site.10, 22, 85, 107
1121098.7.peg.2932.site.11, 4, 116, 120
1121098.7.peg.2932.site.12, 4, 126, 130
1121098.7.peg.2932.site.13, 6, 126, 132
1121098.7.peg.2932.site.14, 0, 126, 126
1121098.7.peg.2932.site.15, 0, 126, 126
1121098.7.peg.2932.site.16, 90, 126, 216
1121098.7.peg.2932.site.17, 0, 126, 126
1121098.7.peg.2932.site.18, 5, 126, 131
1121098.7.peg.2932.site.19, 9, 126, 135
1121098.7.peg.2932.site.20, 2, 126, 128
1121098.7.peg.1248.site.1, 4, 125, 129
1121098.7.peg.1248.site.2, 0, 125, 125
1121098.7.peg.1248.site.3, 19, 126, 145
1121098.7.peg.1248.site.4, 4, 126, 130
1121098.7.peg.1248.site.5, 0, 124, 124
1121098.7.peg.1248.site.6, 0, 125, 125
1121098.7.peg.1249.site.1, 109, 125, 234
1121098.7.peg.1249.site.2, 105, 123, 228
1121098.7.peg.1249.site.3, 4, 123, 127
1121098.7.peg.1249.site.4, 0, 123, 123
1121098.7.peg.1244.site.1, 0, 123, 123
1121098.7.peg.1244.site.2, 0, 122, 122
1121098.7.peg.1244.site.3, 3, 126, 129
1121098.7.peg.1244.site.4, 52, 126, 178
1121098.7.peg.1244.site.5, 4, 126, 130
1121098.7.peg.1244.site.6, 119, 125, 244
1121098.7.peg.1244.site.7, 29, 125, 154
1121098.7.peg.1244.site.8, 0, 126, 126
1121098.7.peg.1244.site.9, 62, 126, 188
1121098.7.peg.1244.site.10, 1, 14, 15
1121098.7.peg.1244.site.11, 1, 9, 10
1121098.7.peg.1244.site.12, 1, 9, 10
1121098.7.peg.1244.site.13, 2, 11, 13
1121098.7.peg.1244.site.14, 6, 34, 40
1121098.7.peg.1244.site.15, 115, 119, 234
1121098.7.peg.1245.site.1, 0, 125, 125
1121098.7.peg.1245.site.2, 0, 125, 125
1121098.7.peg.1245.site.3, 15, 125, 140
1121098.7.peg.1245.site.4, 0, 123, 123
1121098.7.peg.1245.site.5, 0, 123, 123
1121098.7.peg.1245.site.6, 0, 75, 75
1121098.7.peg.1245.site.7, 0, 75, 75
1121098.7.peg.1245.site.8, 0, 76, 76
1121098.7.peg.1245.site.9, 0, 56, 56
1121098.7.peg.1245.site.10, 18, 18, 36
1121098.7.peg.1245.site.11, 0, 38, 38
1121098.7.peg.1245.site.12, 0, 58, 58
1121098.7.peg.1245.site.13, 0, 65, 65
1121098.7.peg.1245.site.14, 0, 69, 69
1121098.7.peg.1245.site.15, 1, 64, 65
1121098.7.peg.1245.site.16, 6, 61, 67
1121098.7.peg.1245.site.17, 2, 65, 67
1121098.7.peg.1245.site.18, 15, 67, 82
1121098.7.peg.1245.site.19, 32, 97, 129
1121098.7.peg.1245.site.20, 16, 122, 138
1121098.7.peg.1245.site.21, 30, 117, 147
1121098.7.peg.1246.site.1, 0, 126, 126
1121098.7.peg.1246.site.2, 4, 126, 130
1121098.7.peg.1246.site.3, 5, 125, 130
1121098.7.peg.1246.site.4, 2, 125, 127
1121098.7.peg.1246.site.5, 113, 120, 233
1121098.7.peg.1246.site.6, 59, 112, 171
1121098.7.peg.1246.site.7, 5, 90, 95
1121098.7.peg.1247.site.1, 2, 114, 116
1121098.7.peg.1247.site.2, 9, 118, 127
1121098.7.peg.1247.site.3, 6, 126, 132
1121098.7.peg.1247.site.4, 49, 123, 172
1121098.7.peg.1247.site.5, 0, 122, 122
1121098.7.peg.1240.site.1, 2, 123, 125
1121098.7.peg.1240.site.2, 2, 123, 125
1121098.7.peg.1240.site.3, 27, 59, 86
1121098.7.peg.1240.site.4, 2, 59, 61
1121098.7.peg.1240.site.5, 36, 89, 125
1121098.7.peg.1240.site.6, 11, 109, 120
1121098.7.peg.1240.site.7, 86, 95, 181
1121098.7.peg.1240.site.8, 2, 79, 81
1121098.7.peg.1240.site.9, 8, 59, 67
1121098.7.peg.1240.site.10, 2, 59, 61
1121098.7.peg.1240.site.11, 11, 56, 67
1121098.7.peg.1240.site.12, 1, 29, 30
1121098.7.peg.1240.site.13, 1, 45, 46
1121098.7.peg.1240.site.14, 0, 123, 123
1121098.7.peg.1241.site.1, 4, 124, 128
1121098.7.peg.1241.site.2, 4, 125, 129
1121098.7.peg.1241.site.3, 4, 125, 129
1121098.7.peg.1241.site.4, 2, 125, 127
1121098.7.peg.1241.site.5, 1, 126, 127
1121098.7.peg.1241.site.6, 95, 124, 219
1121098.7.peg.1241.site.7, 0, 125, 125
1121098.7.peg.1241.site.8, 5, 126, 131
1121098.7.peg.1241.site.9, 19, 124, 143
1121098.7.peg.1241.site.10, 97, 123, 220
1121098.7.peg.1241.site.11, 95, 122, 217
1121098.7.peg.1241.site.12, 72, 111, 183
1121098.7.peg.1241.site.13, 57, 77, 134
1121098.7.peg.1241.site.14, 76, 96, 172
1121098.7.peg.1241.site.15, 46, 113, 159
1121098.7.peg.1241.site.16, 78, 124, 202
1121098.7.peg.1241.site.17, 12, 125, 137
1121098.7.peg.1241.site.18, 12, 125, 137
1121098.7.peg.1241.site.19, 90, 124, 214
1121098.7.peg.1241.site.20, 12, 126, 138
1121098.7.peg.1241.site.21, 4, 116, 120
1121098.7.peg.1241.site.22, 7, 112, 119
1121098.7.peg.1241.site.23, 3, 113, 116
1121098.7.peg.1241.site.24, 3, 113, 116
1121098.7.peg.1241.site.25, 7, 117, 124
1121098.7.peg.1241.site.26, 3, 124, 127
1121098.7.peg.1241.site.27, 1, 123, 124
1121098.7.peg.1241.site.28, 5, 125, 130
1121098.7.peg.1241.site.29, 0, 126, 126
1121098.7.peg.1241.site.30, 71, 125, 196
1121098.7.peg.1241.site.31, 2, 126, 128
1121098.7.peg.1241.site.32, 0, 126, 126
1121098.7.peg.1241.site.33, 0, 126, 126
1121098.7.peg.1241.site.34, 0, 126, 126
1121098.7.peg.1241.site.35, 1, 126, 127
1121098.7.peg.1242.site.1, 0, 125, 125
1121098.7.peg.1242.site.2, 0, 126, 126
1121098.7.peg.1242.site.3, 1, 126, 127
1121098.7.peg.1242.site.4, 62, 126, 188
1121098.7.peg.1242.site.5, 1, 126, 127
1121098.7.peg.1242.site.6, 3, 126, 129
1121098.7.peg.1242.site.7, 0, 126, 126
1121098.7.peg.1242.site.8, 10, 126, 136
1121098.7.peg.1242.site.9, 0, 126, 126
1121098.7.peg.1242.site.10, 52, 125, 177
1121098.7.peg.1242.site.11, 3, 126, 129
1121098.7.peg.1243.site.1, 0, 125, 125
1121098.7.peg.1243.site.2, 0, 126, 126
1121098.7.peg.1243.site.3, 0, 125, 125
1121098.7.peg.1243.site.4, 14, 125, 139
1121098.7.peg.2934.site.1, 0, 125, 125
1121098.7.peg.2934.site.2, 0, 125, 125
1121098.7.peg.2934.site.3, 0, 125, 125
1121098.7.peg.2934.site.4, 0, 125, 125
1121098.7.peg.2934.site.5, 1, 125, 126
1121098.7.peg.2934.site.6, 4, 126, 130
1121098.7.peg.2934.site.7, 74, 126, 200
1121098.7.peg.3922.site.1, 56, 126, 182
1121098.7.peg.3922.site.2, 2, 126, 128
1121098.7.peg.3922.site.3, 7, 125, 132
1121098.7.peg.3138.site.1, 0, 124, 124
1121098.7.peg.3139.site.1, 0, 125, 125
1121098.7.peg.3130.site.1, 3, 112, 115
1121098.7.peg.3130.site.2, 6, 117, 123
1121098.7.peg.3130.site.3, 6, 117, 123
1121098.7.peg.3130.site.4, 2, 118, 120
1121098.7.peg.3130.site.5, 2, 118, 120
1121098.7.peg.3130.site.6, 0, 118, 118
1121098.7.peg.3130.site.7, 2, 118, 120
1121098.7.peg.3130.site.8, 5, 118, 123
1121098.7.peg.3130.site.9, 0, 119, 119
1121098.7.peg.3130.site.10, 6, 118, 124
1121098.7.peg.3130.site.11, 2, 119, 121
1121098.7.peg.3130.site.12, 2, 119, 121
1121098.7.peg.3130.site.13, 6, 118, 124
1121098.7.peg.3131.site.1, 4, 126, 130
1121098.7.peg.3131.site.2, 0, 126, 126
1121098.7.peg.3131.site.3, 4, 126, 130
1121098.7.peg.3131.site.4, 0, 126, 126
1121098.7.peg.3131.site.5, 113, 126, 239
1121098.7.peg.3131.site.6, 0, 126, 126
1121098.7.peg.3131.site.7, 65, 125, 190
1121098.7.peg.3131.site.8, 1, 126, 127
1121098.7.peg.3131.site.9, 57, 126, 183
1121098.7.peg.3131.site.10, 0, 123, 123
1121098.7.peg.3131.site.11, 1, 125, 126
1121098.7.peg.3131.site.12, 60, 126, 186
1121098.7.peg.3132.site.1, 91, 119, 210
1121098.7.peg.3132.site.2, 0, 125, 125
1121098.7.peg.3132.site.3, 21, 126, 147
1121098.7.peg.3132.site.4, 21, 125, 146
1121098.7.peg.3132.site.5, 1, 126, 127
1121098.7.peg.3132.site.6, 0, 126, 126
1121098.7.peg.3132.site.7, 117, 122, 239
1121098.7.peg.3132.site.8, 7, 124, 131
1121098.7.peg.3132.site.9, 12, 124, 136
1121098.7.peg.3132.site.10, 29, 126, 155
1121098.7.peg.3132.site.11, 8, 126, 134
1121098.7.peg.3134.site.1, 0, 126, 126
1121098.7.peg.3134.site.2, 0, 126, 126
1121098.7.peg.3134.site.3, 52, 126, 178
1121098.7.peg.3134.site.4, 4, 126, 130
1121098.7.peg.3135.site.1, 0, 126, 126
1121098.7.peg.3135.site.2, 0, 126, 126
1121098.7.peg.3135.site.3, 0, 126, 126
1121098.7.peg.3136.site.1, 1, 126, 127
1121098.7.peg.3136.site.2, 16, 126, 142
1121098.7.peg.3136.site.3, 3, 124, 127
1121098.7.peg.3136.site.4, 12, 126, 138
1121098.7.peg.3136.site.5, 1, 126, 127
1121098.7.peg.3136.site.6, 1, 126, 127
1121098.7.peg.3136.site.7, 1, 126, 127
1121098.7.peg.3136.site.8, 8, 126, 134
1121098.7.peg.3136.site.9, 8, 126, 134
1121098.7.peg.3137.site.1, 86, 125, 211
1121098.7.peg.3137.site.2, 4, 125, 129
1121098.7.peg.3137.site.3, 0, 126, 126
1121098.7.peg.3137.site.4, 0, 126, 126
1121098.7.peg.3137.site.5, 4, 126, 130
1121098.7.peg.3137.site.6, 0, 126, 126
1121098.7.peg.3137.site.7, 0, 126, 126
1121098.7.peg.3137.site.8, 67, 124, 191
1121098.7.peg.3137.site.9, 1, 126, 127
1121098.7.peg.3137.site.10, 1, 125, 126
1121098.7.peg.3724.site.1, 0, 126, 126
1121098.7.peg.3724.site.2, 0, 126, 126
1121098.7.peg.3724.site.3, 4, 126, 130
1121098.7.peg.3724.site.4, 0, 126, 126
1121098.7.peg.3724.site.5, 22, 126, 148
1121098.7.peg.3724.site.6, 35, 125, 160
1121098.7.peg.3724.site.7, 4, 125, 129
1121098.7.peg.3724.site.8, 0, 126, 126
1121098.7.peg.3724.site.9, 116, 126, 242
1121098.7.peg.3724.site.10, 22, 125, 147
1121098.7.peg.3724.site.11, 47, 125, 172
1121098.7.peg.3724.site.12, 2, 126, 128
1121098.7.peg.3724.site.13, 120, 126, 246
1121098.7.peg.3724.site.14, 68, 125, 193
1121098.7.peg.3724.site.15, 3, 126, 129
1121098.7.peg.3724.site.16, 3, 126, 129
1121098.7.peg.3724.site.17, 1, 125, 126
1121098.7.peg.3724.site.18, 51, 126, 177
1121098.7.peg.3004.site.1, 7, 120, 127
1121098.7.peg.3004.site.2, 0, 124, 124
1121098.7.peg.3004.site.3, 0, 121, 121
1121098.7.peg.3004.site.4, 48, 124, 172
1121098.7.peg.3004.site.5, 2, 125, 127
1121098.7.peg.3004.site.6, 9, 125, 134
1121098.7.peg.3004.site.7, 17, 125, 142
1121098.7.peg.3004.site.8, 3, 125, 128
1121098.7.peg.3006.site.1, 0, 125, 125
1121098.7.peg.3006.site.2, 5, 124, 129
1121098.7.peg.3006.site.3, 5, 124, 129
1121098.7.peg.3006.site.4, 4, 124, 128
1121098.7.peg.3006.site.5, 1, 124, 125
1121098.7.peg.3006.site.6, 64, 124, 188
1121098.7.peg.3001.site.1, 1, 125, 126
1121098.7.peg.3001.site.2, 10, 124, 134
1121098.7.peg.3001.site.3, 6, 125, 131
1121098.7.peg.3001.site.4, 8, 125, 133
1121098.7.peg.3001.site.5, 0, 125, 125
1121098.7.peg.3001.site.6, 6, 125, 131
1121098.7.peg.3001.site.7, 83, 124, 207
1121098.7.peg.3001.site.8, 48, 125, 173
1121098.7.peg.3001.site.9, 3, 125, 128
1121098.7.peg.3001.site.10, 0, 125, 125
1121098.7.peg.3001.site.11, 1, 125, 126
1121098.7.peg.3001.site.12, 0, 125, 125
1121098.7.peg.3001.site.13, 1, 125, 126
1121098.7.peg.3001.site.14, 1, 125, 126
1121098.7.peg.3001.site.15, 0, 125, 125
1121098.7.peg.3001.site.16, 6, 122, 128
1121098.7.peg.3001.site.17, 9, 124, 133
1121098.7.peg.3001.site.18, 1, 124, 125
1121098.7.peg.3001.site.19, 38, 125, 163
1121098.7.peg.3001.site.20, 2, 125, 127
1121098.7.peg.3001.site.21, 71, 122, 193
1121098.7.peg.3001.site.22, 119, 123, 242
1121098.7.peg.3003.site.1, 4, 125, 129
1121098.7.peg.3003.site.2, 15, 125, 140
1121098.7.peg.3003.site.3, 10, 125, 135
1121098.7.peg.3003.site.4, 53, 125, 178
1121098.7.peg.3003.site.5, 117, 125, 242
1121098.7.peg.3003.site.6, 77, 125, 202
1121098.7.peg.3003.site.7, 7, 110, 117
1121098.7.peg.1933.site.1, 0, 113, 113
1121098.7.peg.1933.site.2, 0, 126, 126
1121098.7.peg.1933.site.3, 109, 125, 234
1121098.7.peg.1933.site.4, 0, 126, 126
1121098.7.peg.1933.site.5, 31, 126, 157
1121098.7.peg.1933.site.6, 55, 126, 181
1121098.7.peg.1933.site.7, 0, 126, 126
1121098.7.peg.1933.site.8, 10, 126, 136
1121098.7.peg.1933.site.9, 0, 124, 124
1121098.7.peg.1933.site.10, 0, 125, 125
1121098.7.peg.1933.site.11, 64, 125, 189
1121098.7.peg.1933.site.12, 11, 125, 136
1121098.7.peg.1933.site.13, 0, 126, 126
1121098.7.peg.1933.site.14, 52, 126, 178
1121098.7.peg.1933.site.15, 122, 126, 248
1121098.7.peg.1930.site.1, 0, 126, 126
1121098.7.peg.1930.site.2, 0, 126, 126
1121098.7.peg.1930.site.3, 0, 126, 126
1121098.7.peg.1930.site.4, 113, 126, 239
1121098.7.peg.1930.site.5, 0, 126, 126
1121098.7.peg.1930.site.6, 21, 125, 146
1121098.7.peg.1930.site.7, 98, 126, 224
1121098.7.peg.1936.site.1, 0, 126, 126
1121098.7.peg.1936.site.2, 4, 126, 130
1121098.7.peg.1936.site.3, 9, 126, 135
1121098.7.peg.1936.site.4, 11, 125, 136
1121098.7.peg.1936.site.5, 4, 126, 130
1121098.7.peg.1936.site.6, 2, 126, 128
1121098.7.peg.1936.site.7, 11, 126, 137
1121098.7.peg.1936.site.8, 60, 126, 186
1121098.7.peg.1936.site.9, 5, 125, 130
1121098.7.peg.1936.site.10, 0, 126, 126
1121098.7.peg.1936.site.11, 9, 125, 134
1121098.7.peg.1936.site.12, 122, 126, 248
1121098.7.peg.1936.site.13, 14, 125, 139
1121098.7.peg.1936.site.14, 1, 126, 127
1121098.7.peg.1936.site.15, 6, 126, 132
1121098.7.peg.1936.site.16, 122, 126, 248
1121098.7.peg.1936.site.17, 60, 126, 186
1121098.7.peg.1936.site.18, 0, 125, 125
1121098.7.peg.1937.site.1, 1, 126, 127
1121098.7.peg.1937.site.2, 7, 125, 132
1121098.7.peg.1937.site.3, 1, 126, 127
1121098.7.peg.1937.site.4, 0, 126, 126
1121098.7.peg.1937.site.5, 2, 126, 128
1121098.7.peg.1934.site.1, 0, 126, 126
1121098.7.peg.1935.site.1, 1, 126, 127
1121098.7.peg.1935.site.2, 0, 126, 126
1121098.7.peg.1935.site.3, 8, 125, 133
1121098.7.peg.1935.site.4, 56, 125, 181
1121098.7.peg.1935.site.5, 1, 126, 127
1121098.7.peg.1938.site.1, 6, 126, 132
1121098.7.peg.1938.site.2, 25, 124, 149
1121098.7.peg.1938.site.3, 14, 125, 139
1121098.7.peg.1938.site.4, 3, 126, 129
1121098.7.peg.1938.site.5, 10, 126, 136
1121098.7.peg.1938.site.6, 56, 126, 182
1121098.7.peg.1938.site.7, 0, 126, 126
1121098.7.peg.1938.site.8, 2, 126, 128
1121098.7.peg.1938.site.9, 0, 125, 125
1121098.7.peg.1938.site.10, 49, 125, 174
1121098.7.peg.1938.site.11, 3, 125, 128
1121098.7.peg.1938.site.12, 1, 123, 124
1121098.7.peg.1938.site.13, 0, 126, 126
1121098.7.peg.1938.site.14, 2, 126, 128
1121098.7.peg.1939.site.1, 66, 126, 192
1121098.7.peg.1939.site.2, 65, 126, 191
1121098.7.peg.1939.site.3, 0, 126, 126
1121098.7.peg.1939.site.4, 53, 126, 179
1121098.7.peg.1939.site.5, 4, 126, 130
1121098.7.peg.1939.site.6, 6, 126, 132
1121098.7.peg.1939.site.7, 6, 125, 131
1121098.7.peg.1939.site.8, 1, 125, 126
1121098.7.peg.1939.site.9, 4, 125, 129
1121098.7.peg.1939.site.10, 0, 126, 126
1121098.7.peg.1939.site.11, 0, 126, 126
1121098.7.peg.1939.site.12, 0, 126, 126
1121098.7.peg.1939.site.13, 20, 125, 145
1121098.7.peg.1939.site.14, 92, 125, 217
1121098.7.peg.1939.site.15, 116, 125, 241
1121098.7.peg.1939.site.16, 0, 126, 126
1121098.7.peg.1939.site.17, 52, 126, 178
1121098.7.peg.1939.site.18, 85, 125, 210
1121098.7.peg.1939.site.19, 4, 126, 130
1121098.7.peg.1334.site.1, 0, 114, 114
1121098.7.peg.1334.site.2, 3, 118, 121
1121098.7.peg.1334.site.3, 32, 118, 150
1121098.7.peg.1334.site.4, 0, 119, 119
1121098.7.peg.2238.site.1, 12, 126, 138
1121098.7.peg.2238.site.2, 0, 126, 126
1121098.7.peg.2238.site.3, 0, 126, 126
1121098.7.peg.2238.site.4, 12, 126, 138
1121098.7.peg.2238.site.5, 0, 126, 126
1121098.7.peg.2238.site.6, 1, 126, 127
1121098.7.peg.2238.site.7, 0, 126, 126
1121098.7.peg.1668.site.1, 0, 126, 126
1121098.7.peg.1668.site.2, 0, 126, 126
1121098.7.peg.1668.site.3, 122, 126, 248
1121098.7.peg.1668.site.4, 0, 125, 125
1121098.7.peg.1668.site.5, 6, 126, 132
1121098.7.peg.1668.site.6, 33, 126, 159
1121098.7.peg.1668.site.7, 3, 126, 129
1121098.7.peg.1668.site.8, 0, 126, 126
1121098.7.peg.1668.site.9, 27, 126, 153
1121098.7.peg.1668.site.10, 11, 125, 136
1121098.7.peg.1668.site.11, 12, 125, 137
1121098.7.peg.2235.site.1, 0, 126, 126
1121098.7.peg.2235.site.2, 0, 126, 126
1121098.7.peg.2235.site.3, 0, 126, 126
1121098.7.peg.2235.site.4, 14, 125, 139
1121098.7.peg.2235.site.5, 52, 126, 178
1121098.7.peg.2235.site.6, 55, 126, 181
1121098.7.peg.2235.site.7, 0, 126, 126
1121098.7.peg.2235.site.8, 12, 126, 138
1121098.7.peg.2235.site.9, 52, 125, 177
1121098.7.peg.2235.site.10, 7, 124, 131
1121098.7.peg.2235.site.11, 7, 126, 133
1121098.7.peg.2235.site.12, 0, 126, 126
1121098.7.peg.2235.site.13, 5, 126, 131
1121098.7.peg.2235.site.14, 0, 126, 126
1121098.7.peg.2235.site.15, 107, 125, 232
1121098.7.peg.2235.site.16, 0, 125, 125
1121098.7.peg.2235.site.17, 53, 126, 179
1121098.7.peg.2235.site.18, 1, 126, 127
1121098.7.peg.2235.site.19, 0, 126, 126
1121098.7.peg.2236.site.1, 1, 126, 127
1121098.7.peg.2236.site.2, 1, 126, 127
1121098.7.peg.2237.site.1, 2, 126, 128
1121098.7.peg.2237.site.2, 1, 126, 127
1121098.7.peg.2237.site.3, 3, 125, 128
1121098.7.peg.2237.site.4, 13, 80, 93
1121098.7.peg.2237.site.5, 0, 63, 63
1121098.7.peg.2237.site.6, 1, 64, 65
1121098.7.peg.2237.site.7, 7, 67, 74
1121098.7.peg.2237.site.8, 27, 59, 86
1121098.7.peg.2237.site.9, 11, 57, 68
1121098.7.peg.2237.site.10, 34, 57, 91
1121098.7.peg.2237.site.11, 72, 125, 197
1121098.7.peg.2237.site.12, 12, 126, 138
1121098.7.peg.2237.site.13, 0, 126, 126
1121098.7.peg.2237.site.14, 10, 126, 136
1121098.7.peg.2237.site.15, 0, 126, 126
1121098.7.peg.2237.site.16, 0, 126, 126
1121098.7.peg.2232.site.1, 11, 125, 136
1121098.7.peg.2232.site.2, 4, 126, 130
1121098.7.peg.2232.site.3, 0, 126, 126
1121098.7.peg.2233.site.1, 16, 126, 142
1121098.7.peg.2233.site.2, 21, 125, 146
1121098.7.peg.2233.site.3, 1, 126, 127
1121098.7.peg.2233.site.4, 0, 126, 126
1121098.7.peg.2233.site.5, 121, 126, 247
1121098.7.peg.2233.site.6, 2, 125, 127
1121098.7.peg.2233.site.7, 4, 126, 130
1121098.7.peg.2233.site.8, 1, 126, 127
1121098.7.peg.2233.site.9, 1, 126, 127
1121098.7.peg.2233.site.10, 1, 126, 127
1121098.7.peg.2233.site.11, 0, 125, 125
1121098.7.peg.2233.site.12, 1, 126, 127
1121098.7.peg.2233.site.13, 104, 125, 229
1121098.7.peg.145.site.1, 96, 123, 219
1121098.7.peg.145.site.2, 64, 125, 189
1121098.7.peg.145.site.3, 1, 125, 126
1121098.7.peg.145.site.4, 3, 124, 127
1121098.7.peg.145.site.5, 2, 125, 127
1121098.7.peg.145.site.6, 7, 125, 132
1121098.7.peg.145.site.7, 3, 125, 128
1121098.7.peg.145.site.8, 8, 125, 133
1121098.7.peg.145.site.9, 60, 125, 185
1121098.7.peg.145.site.10, 58, 125, 183
1121098.7.peg.145.site.11, 2, 125, 127
1121098.7.peg.145.site.12, 58, 125, 183
1121098.7.peg.145.site.13, 4, 124, 128
1121098.7.peg.145.site.14, 0, 124, 124
1121098.7.peg.145.site.15, 0, 123, 123
1121098.7.peg.145.site.16, 6, 123, 129
1121098.7.peg.145.site.17, 9, 125, 134
1121098.7.peg.145.site.18, 1, 122, 123
1121098.7.peg.145.site.19, 9, 125, 134
1121098.7.peg.145.site.20, 9, 125, 134
1121098.7.peg.145.site.21, 3, 124, 127
1121098.7.peg.145.site.22, 3, 124, 127
1121098.7.peg.145.site.23, 12, 121, 133
1121098.7.peg.145.site.24, 2, 125, 127
1121098.7.peg.145.site.25, 3, 125, 128
1121098.7.peg.145.site.26, 4, 125, 129
1121098.7.peg.145.site.27, 1, 123, 124
1121098.7.peg.145.site.28, 2, 125, 127
1121098.7.peg.145.site.29, 9, 124, 133
1121098.7.peg.145.site.30, 3, 124, 127
1121098.7.peg.3730.site.1, 1, 121, 122
1121098.7.peg.3730.site.2, 59, 119, 178
1121098.7.peg.3730.site.3, 0, 125, 125
1121098.7.peg.3730.site.4, 2, 122, 124
1121098.7.peg.3730.site.5, 46, 100, 146
1121098.7.peg.3730.site.6, 22, 39, 61
1121098.7.peg.3314.site.1, 0, 126, 126
1121098.7.peg.3314.site.2, 0, 126, 126
1121098.7.peg.3314.site.3, 2, 126, 128
1121098.7.peg.3314.site.4, 0, 124, 124
1121098.7.peg.3314.site.5, 122, 126, 248
1121098.7.peg.3314.site.6, 3, 126, 129
1121098.7.peg.3314.site.7, 2, 126, 128
1121098.7.peg.3314.site.8, 0, 126, 126
1121098.7.peg.3314.site.9, 0, 126, 126
1121098.7.peg.3314.site.10, 55, 126, 181
1121098.7.peg.3314.site.11, 4, 126, 130
1121098.7.peg.3314.site.12, 10, 126, 136
1121098.7.peg.3315.site.1, 3, 126, 129
1121098.7.peg.3315.site.2, 8, 126, 134
1121098.7.peg.3315.site.3, 12, 126, 138
1121098.7.peg.3315.site.4, 12, 126, 138
1121098.7.peg.3315.site.5, 0, 125, 125
1121098.7.peg.3315.site.6, 3, 126, 129
1121098.7.peg.3315.site.7, 12, 126, 138
1121098.7.peg.3315.site.8, 0, 126, 126
1121098.7.peg.3315.site.9, 4, 126, 130
1121098.7.peg.3315.site.10, 3, 126, 129
1121098.7.peg.3315.site.11, 4, 125, 129
1121098.7.peg.3316.site.1, 0, 126, 126
1121098.7.peg.3316.site.2, 9, 126, 135
1121098.7.peg.3316.site.3, 2, 124, 126
1121098.7.peg.3316.site.4, 0, 122, 122
1121098.7.peg.3316.site.5, 5, 123, 128
1121098.7.peg.3316.site.6, 103, 126, 229
1121098.7.peg.3316.site.7, 62, 126, 188
1121098.7.peg.3316.site.8, 77, 125, 202
1121098.7.peg.3316.site.9, 47, 126, 173
1121098.7.peg.3316.site.10, 12, 126, 138
1121098.7.peg.144.site.1, 3, 125, 128
1121098.7.peg.144.site.2, 0, 125, 125
1121098.7.peg.144.site.3, 13, 125, 138
1121098.7.peg.144.site.4, 0, 125, 125
1121098.7.peg.144.site.5, 108, 124, 232
1121098.7.peg.144.site.6, 1, 124, 125
1121098.7.peg.144.site.7, 64, 125, 189
1121098.7.peg.3318.site.1, 0, 126, 126
1121098.7.peg.3318.site.2, 61, 126, 187
1121098.7.peg.3318.site.3, 61, 126, 187
1121098.7.peg.3319.site.1, 1, 114, 115
1121098.7.peg.3319.site.2, 18, 125, 143
1121098.7.peg.3319.site.3, 25, 125, 150
1121098.7.peg.3319.site.4, 5, 126, 131
1121098.7.peg.3319.site.5, 0, 126, 126
1121098.7.peg.3319.site.6, 0, 126, 126
1121098.7.peg.3319.site.7, 2, 126, 128
1121098.7.peg.3319.site.8, 0, 126, 126
1121098.7.peg.3319.site.9, 2, 126, 128
1121098.7.peg.3319.site.10, 1, 126, 127
1121098.7.peg.3319.site.11, 45, 125, 170
1121098.7.peg.3319.site.12, 1, 126, 127
1121098.7.peg.3319.site.13, 0, 126, 126
1121098.7.peg.3319.site.14, 122, 126, 248
1121098.7.peg.411.site.1, 42, 126, 168
1121098.7.peg.411.site.2, 74, 107, 181
1121098.7.peg.411.site.3, 7, 76, 83
1121098.7.peg.411.site.4, 27, 48, 75
1121098.7.peg.411.site.5, 1, 30, 31
1121098.7.peg.411.site.6, 3, 23, 26
1121098.7.peg.411.site.7, 7, 30, 37
1121098.7.peg.411.site.8, 3, 40, 43
1121098.7.peg.411.site.9, 1, 95, 96
1121098.7.peg.411.site.10, 6, 126, 132
1121098.7.peg.411.site.11, 0, 124, 124
1121098.7.peg.411.site.12, 0, 126, 126
1121098.7.peg.411.site.13, 26, 126, 152
1121098.7.peg.411.site.14, 1, 126, 127
1121098.7.peg.416.site.1, 0, 126, 126
1121098.7.peg.416.site.2, 0, 126, 126
1121098.7.peg.416.site.3, 26, 125, 151
1121098.7.peg.416.site.4, 21, 121, 142
1121098.7.peg.416.site.5, 21, 122, 143
1121098.7.peg.416.site.6, 2, 126, 128
1121098.7.peg.416.site.7, 29, 122, 151
1121098.7.peg.416.site.8, 24, 124, 148
1121098.7.peg.416.site.9, 21, 119, 140
1121098.7.peg.416.site.10, 20, 120, 140
1121098.7.peg.416.site.11, 9, 117, 126
1121098.7.peg.416.site.12, 0, 102, 102
1121098.7.peg.416.site.13, 0, 108, 108
1121098.7.peg.416.site.14, 24, 124, 148
1121098.7.peg.416.site.15, 0, 126, 126
1121098.7.peg.416.site.16, 3, 126, 129
1121098.7.peg.648.site.1, 0, 123, 123
1121098.7.peg.318.site.1, 12, 125, 137
1121098.7.peg.318.site.2, 3, 126, 129
1121098.7.peg.318.site.3, 5, 126, 131
1121098.7.peg.318.site.4, 0, 126, 126
1121098.7.peg.318.site.5, 4, 126, 130
1121098.7.peg.318.site.6, 119, 126, 245
1121098.7.peg.318.site.7, 26, 126, 152
1121098.7.peg.318.site.8, 11, 125, 136
1121098.7.peg.319.site.1, 4, 126, 130
1121098.7.peg.319.site.2, 3, 125, 128
1121098.7.peg.319.site.3, 40, 125, 165
1121098.7.peg.314.site.1, 56, 126, 182
1121098.7.peg.314.site.2, 0, 126, 126
1121098.7.peg.314.site.3, 0, 126, 126
1121098.7.peg.314.site.4, 0, 126, 126
1121098.7.peg.314.site.5, 10, 126, 136
1121098.7.peg.314.site.6, 1, 125, 126
1121098.7.peg.314.site.7, 4, 124, 128
1121098.7.peg.314.site.8, 59, 126, 185
1121098.7.peg.314.site.9, 2, 126, 128
1121098.7.peg.314.site.10, 61, 126, 187
1121098.7.peg.314.site.11, 3, 126, 129
1121098.7.peg.314.site.12, 1, 126, 127
1121098.7.peg.314.site.13, 3, 126, 129
1121098.7.peg.314.site.14, 14, 125, 139
1121098.7.peg.314.site.15, 121, 126, 247
1121098.7.peg.314.site.16, 48, 125, 173
1121098.7.peg.314.site.17, 0, 125, 125
1121098.7.peg.314.site.18, 10, 125, 135
1121098.7.peg.314.site.19, 2, 126, 128
1121098.7.peg.314.site.20, 19, 125, 144
1121098.7.peg.314.site.21, 5, 125, 130
1121098.7.peg.314.site.22, 0, 126, 126
1121098.7.peg.314.site.23, 0, 126, 126
1121098.7.peg.314.site.24, 0, 126, 126
1121098.7.peg.314.site.25, 0, 126, 126
1121098.7.peg.315.site.1, 19, 126, 145
1121098.7.peg.315.site.2, 0, 126, 126
1121098.7.peg.315.site.3, 4, 126, 130
1121098.7.peg.315.site.4, 4, 126, 130
1121098.7.peg.316.site.1, 0, 126, 126
1121098.7.peg.316.site.2, 0, 126, 126
1121098.7.peg.316.site.3, 77, 125, 202
1121098.7.peg.316.site.4, 103, 125, 228
1121098.7.peg.316.site.5, 0, 126, 126
1121098.7.peg.317.site.1, 0, 125, 125
1121098.7.peg.317.site.2, 38, 125, 163
1121098.7.peg.317.site.3, 0, 126, 126
1121098.7.peg.310.site.1, 1, 126, 127
1121098.7.peg.310.site.2, 81, 124, 205
1121098.7.peg.310.site.3, 0, 126, 126
1121098.7.peg.311.site.1, 0, 126, 126
1121098.7.peg.311.site.2, 10, 126, 136
1121098.7.peg.311.site.3, 52, 126, 178
1121098.7.peg.312.site.1, 0, 125, 125
1121098.7.peg.312.site.2, 1, 126, 127
1121098.7.peg.312.site.3, 12, 126, 138
1121098.7.peg.312.site.4, 10, 126, 136
1121098.7.peg.312.site.5, 1, 126, 127
1121098.7.peg.312.site.6, 0, 126, 126
1121098.7.peg.312.site.7, 0, 126, 126
1121098.7.peg.312.site.8, 0, 125, 125
1121098.7.peg.313.site.1, 1, 126, 127
1121098.7.peg.313.site.2, 33, 125, 158
1121098.7.peg.313.site.3, 5, 126, 131
1121098.7.peg.313.site.4, 8, 125, 133
1121098.7.peg.313.site.5, 1, 125, 126
1121098.7.peg.313.site.6, 8, 125, 133
1121098.7.peg.313.site.7, 8, 125, 133
1121098.7.peg.313.site.8, 3, 126, 129
1121098.7.peg.313.site.9, 0, 125, 125
1121098.7.peg.313.site.10, 1, 125, 126
1121098.7.peg.313.site.11, 0, 126, 126
1121098.7.peg.313.site.12, 1, 125, 126
1121098.7.peg.313.site.13, 121, 126, 247
1121098.7.peg.3076.site.1, 0, 124, 124
1121098.7.peg.3076.site.2, 3, 126, 129
1121098.7.peg.3076.site.3, 2, 126, 128
1121098.7.peg.3076.site.4, 3, 126, 129
1121098.7.peg.3076.site.5, 1, 126, 127
1121098.7.peg.3076.site.6, 0, 126, 126
1121098.7.peg.3076.site.7, 1, 126, 127
1121098.7.peg.3076.site.8, 70, 126, 196
1121098.7.peg.3076.site.9, 0, 126, 126
1121098.7.peg.3076.site.10, 13, 126, 139
1121098.7.peg.3076.site.11, 0, 126, 126
1121098.7.peg.3076.site.12, 1, 125, 126
1121098.7.peg.3076.site.13, 65, 126, 191
1121098.7.peg.3076.site.14, 63, 126, 189
1121098.7.peg.3076.site.15, 5, 126, 131
1121098.7.peg.3076.site.16, 62, 126, 188
1121098.7.peg.3076.site.17, 65, 126, 191
1121098.7.peg.488.site.1, 1, 126, 127
1121098.7.peg.488.site.2, 17, 125, 142
1121098.7.peg.488.site.3, 53, 126, 179
1121098.7.peg.488.site.4, 92, 126, 218
1121098.7.peg.488.site.5, 4, 126, 130
1121098.7.peg.488.site.6, 0, 126, 126
1121098.7.peg.488.site.7, 122, 126, 248
1121098.7.peg.484.site.1, 14, 125, 139
1121098.7.peg.484.site.2, 7, 126, 133
1121098.7.peg.484.site.3, 107, 125, 232
1121098.7.peg.485.site.1, 0, 126, 126
1121098.7.peg.485.site.2, 83, 124, 207
1121098.7.peg.485.site.3, 12, 126, 138
1121098.7.peg.485.site.4, 122, 126, 248
1121098.7.peg.485.site.5, 0, 126, 126
1121098.7.peg.485.site.6, 0, 126, 126
1121098.7.peg.485.site.7, 4, 126, 130
1121098.7.peg.485.site.8, 1, 126, 127
1121098.7.peg.485.site.9, 4, 121, 125
1121098.7.peg.485.site.10, 0, 122, 122
1121098.7.peg.485.site.11, 122, 126, 248
1121098.7.peg.485.site.12, 15, 126, 141
1121098.7.peg.486.site.1, 0, 126, 126
1121098.7.peg.486.site.2, 79, 125, 204
1121098.7.peg.486.site.3, 0, 124, 124
1121098.7.peg.486.site.4, 9, 126, 135
1121098.7.peg.486.site.5, 121, 126, 247
1121098.7.peg.486.site.6, 1, 126, 127
1121098.7.peg.487.site.1, 13, 126, 139
1121098.7.peg.487.site.2, 13, 126, 139
1121098.7.peg.487.site.3, 80, 126, 206
1121098.7.peg.487.site.4, 32, 126, 158
1121098.7.peg.487.site.5, 62, 126, 188
1121098.7.peg.487.site.6, 0, 126, 126
1121098.7.peg.487.site.7, 1, 126, 127
1121098.7.peg.487.site.8, 11, 125, 136
1121098.7.peg.487.site.9, 4, 124, 128
1121098.7.peg.487.site.10, 4, 123, 127
1121098.7.peg.487.site.11, 0, 126, 126
1121098.7.peg.487.site.12, 0, 125, 125
1121098.7.peg.487.site.13, 13, 125, 138
1121098.7.peg.481.site.1, 27, 125, 152
1121098.7.peg.481.site.2, 0, 125, 125
1121098.7.peg.481.site.3, 4, 126, 130
1121098.7.peg.481.site.4, 0, 125, 125
1121098.7.peg.481.site.5, 0, 126, 126
1121098.7.peg.481.site.6, 4, 126, 130
1121098.7.peg.481.site.7, 65, 126, 191
1121098.7.peg.481.site.8, 0, 126, 126
1121098.7.peg.481.site.9, 0, 126, 126
1121098.7.peg.481.site.10, 0, 126, 126
1121098.7.peg.481.site.11, 0, 126, 126
1121098.7.peg.481.site.12, 60, 126, 186
1121098.7.peg.481.site.13, 0, 126, 126
1121098.7.peg.482.site.1, 64, 125, 189
1121098.7.peg.482.site.2, 96, 125, 221
1121098.7.peg.482.site.3, 75, 125, 200
1121098.7.peg.482.site.4, 2, 126, 128
1121098.7.peg.482.site.5, 65, 126, 191
1121098.7.peg.482.site.6, 65, 126, 191
1121098.7.peg.482.site.7, 65, 126, 191
1121098.7.peg.483.site.1, 56, 126, 182
1121098.7.peg.483.site.2, 64, 125, 189
1121098.7.peg.483.site.3, 9, 126, 135
1121098.7.peg.483.site.4, 5, 126, 131
1121098.7.peg.483.site.5, 57, 126, 183
1121098.7.peg.483.site.6, 10, 126, 136
1121098.7.peg.483.site.7, 1, 126, 127
1121098.7.peg.483.site.8, 4, 126, 130
1121098.7.peg.483.site.9, 92, 126, 218
1121098.7.peg.4373.site.1, 0, 120, 120
1121098.7.peg.4373.site.2, 0, 120, 120
1121098.7.peg.4372.site.1, 0, 121, 121
1121098.7.peg.4372.site.2, 12, 120, 132
1121098.7.peg.4372.site.3, 2, 120, 122
1121098.7.peg.4372.site.4, 0, 118, 118
1121098.7.peg.4372.site.5, 0, 119, 119
1121098.7.peg.4372.site.6, 0, 120, 120
1121098.7.peg.4372.site.7, 5, 120, 125
1121098.7.peg.4372.site.8, 21, 120, 141
1121098.7.peg.4371.site.1, 12, 119, 131
1121098.7.peg.4371.site.2, 0, 118, 118
1121098.7.peg.4371.site.3, 0, 117, 117
1121098.7.peg.462.site.1, 0, 126, 126
1121098.7.peg.462.site.2, 5, 124, 129
1121098.7.peg.462.site.3, 0, 124, 124
1121098.7.peg.462.site.4, 58, 126, 184
1121098.7.peg.462.site.5, 0, 126, 126
1121098.7.peg.462.site.6, 54, 126, 180
1121098.7.peg.463.site.1, 4, 125, 129
1121098.7.peg.463.site.2, 9, 125, 134
1121098.7.peg.460.site.1, 16, 126, 142
1121098.7.peg.460.site.2, 0, 126, 126
1121098.7.peg.460.site.3, 0, 126, 126
1121098.7.peg.460.site.4, 1, 126, 127
1121098.7.peg.460.site.5, 0, 125, 125
1121098.7.peg.461.site.1, 30, 126, 156
1121098.7.peg.461.site.2, 0, 124, 124
1121098.7.peg.461.site.3, 122, 126, 248
1121098.7.peg.461.site.4, 0, 125, 125
1121098.7.peg.461.site.5, 1, 125, 126
1121098.7.peg.461.site.6, 69, 125, 194
1121098.7.peg.461.site.7, 4, 126, 130
1121098.7.peg.461.site.8, 12, 126, 138
1121098.7.peg.461.site.9, 2, 125, 127
1121098.7.peg.461.site.10, 119, 126, 245
1121098.7.peg.461.site.11, 0, 126, 126
1121098.7.peg.461.site.12, 0, 126, 126
1121098.7.peg.461.site.13, 47, 126, 173
1121098.7.peg.466.site.1, 1, 126, 127
1121098.7.peg.466.site.2, 0, 126, 126
1121098.7.peg.466.site.3, 65, 126, 191
1121098.7.peg.466.site.4, 110, 125, 235
1121098.7.peg.466.site.5, 0, 126, 126
1121098.7.peg.466.site.6, 0, 126, 126
1121098.7.peg.467.site.1, 0, 125, 125
1121098.7.peg.464.site.1, 1, 124, 125
1121098.7.peg.464.site.2, 4, 125, 129
1121098.7.peg.464.site.3, 95, 125, 220
1121098.7.peg.464.site.4, 10, 126, 136
1121098.7.peg.464.site.5, 2, 125, 127
1121098.7.peg.464.site.6, 0, 125, 125
1121098.7.peg.464.site.7, 0, 126, 126
1121098.7.peg.464.site.8, 11, 126, 137
1121098.7.peg.464.site.9, 11, 126, 137
1121098.7.peg.464.site.10, 0, 125, 125
1121098.7.peg.464.site.11, 88, 125, 213
1121098.7.peg.464.site.12, 1, 126, 127
1121098.7.peg.464.site.13, 4, 126, 130
1121098.7.peg.464.site.14, 2, 125, 127
1121098.7.peg.464.site.15, 121, 125, 246
1121098.7.peg.464.site.16, 5, 125, 130
1121098.7.peg.464.site.17, 7, 126, 133
1121098.7.peg.464.site.18, 0, 126, 126
1121098.7.peg.464.site.19, 0, 123, 123
1121098.7.peg.464.site.20, 12, 125, 137
1121098.7.peg.464.site.21, 39, 124, 163
1121098.7.peg.464.site.22, 0, 126, 126
1121098.7.peg.464.site.23, 118, 124, 242
1121098.7.peg.464.site.24, 3, 125, 128
1121098.7.peg.464.site.25, 4, 125, 129
1121098.7.peg.464.site.26, 1, 126, 127
1121098.7.peg.464.site.27, 0, 126, 126
1121098.7.peg.464.site.28, 5, 125, 130
1121098.7.peg.464.site.29, 2, 125, 127
1121098.7.peg.464.site.30, 0, 126, 126
1121098.7.peg.464.site.31, 0, 126, 126
1121098.7.peg.464.site.32, 0, 126, 126
1121098.7.peg.465.site.1, 1, 126, 127
1121098.7.peg.465.site.2, 57, 126, 183
1121098.7.peg.465.site.3, 4, 126, 130
1121098.7.peg.465.site.4, 12, 126, 138
1121098.7.peg.465.site.5, 1, 126, 127
1121098.7.peg.465.site.6, 3, 126, 129
1121098.7.peg.465.site.7, 0, 126, 126
1121098.7.peg.465.site.8, 2, 126, 128
1121098.7.peg.465.site.9, 3, 126, 129
1121098.7.peg.465.site.10, 2, 126, 128
1121098.7.peg.465.site.11, 1, 126, 127
1121098.7.peg.465.site.12, 25, 126, 151
1121098.7.peg.465.site.13, 1, 126, 127
1121098.7.peg.465.site.14, 2, 126, 128
1121098.7.peg.465.site.15, 2, 126, 128
1121098.7.peg.465.site.16, 0, 126, 126
1121098.7.peg.465.site.17, 5, 126, 131
1121098.7.peg.465.site.18, 2, 125, 127
1121098.7.peg.465.site.19, 15, 125, 140
1121098.7.peg.465.site.20, 6, 126, 132
1121098.7.peg.465.site.21, 7, 126, 133
1121098.7.peg.465.site.22, 38, 126, 164
1121098.7.peg.465.site.23, 7, 126, 133
1121098.7.peg.465.site.24, 1, 126, 127
1121098.7.peg.465.site.25, 54, 126, 180
1121098.7.peg.465.site.26, 6, 125, 131
1121098.7.peg.465.site.27, 0, 126, 126
1121098.7.peg.465.site.28, 0, 126, 126
1121098.7.peg.465.site.29, 1, 126, 127
1121098.7.peg.465.site.30, 28, 125, 153
1121098.7.peg.465.site.31, 2, 126, 128
1121098.7.peg.465.site.32, 4, 126, 130
1121098.7.peg.465.site.33, 3, 126, 129
1121098.7.peg.465.site.34, 0, 126, 126
1121098.7.peg.1640.site.1, 1, 126, 127
1121098.7.peg.1640.site.2, 8, 126, 134
1121098.7.peg.1641.site.1, 0, 126, 126
1121098.7.peg.1642.site.1, 53, 126, 179
1121098.7.peg.1642.site.2, 90, 125, 215
1121098.7.peg.1642.site.3, 0, 126, 126
1121098.7.peg.1642.site.4, 1, 126, 127
1121098.7.peg.1642.site.5, 0, 126, 126
1121098.7.peg.1642.site.6, 122, 126, 248
1121098.7.peg.1642.site.7, 61, 126, 187
1121098.7.peg.1642.site.8, 0, 125, 125
1121098.7.peg.1642.site.9, 0, 126, 126
1121098.7.peg.1642.site.10, 1, 126, 127
1121098.7.peg.1642.site.11, 3, 126, 129
1121098.7.peg.1642.site.12, 13, 125, 138
1121098.7.peg.1643.site.1, 1, 126, 127
1121098.7.peg.1643.site.2, 5, 126, 131
1121098.7.peg.1643.site.3, 13, 125, 138
1121098.7.peg.1643.site.4, 89, 125, 214
1121098.7.peg.1643.site.5, 3, 126, 129
1121098.7.peg.1643.site.6, 2, 126, 128
1121098.7.peg.1643.site.7, 12, 126, 138
1121098.7.peg.1643.site.8, 3, 126, 129
1121098.7.peg.1643.site.9, 2, 126, 128
1121098.7.peg.1643.site.10, 0, 126, 126
1121098.7.peg.1645.site.1, 0, 126, 126
1121098.7.peg.1645.site.2, 4, 126, 130
1121098.7.peg.1645.site.3, 1, 125, 126
1121098.7.peg.1645.site.4, 0, 124, 124
1121098.7.peg.1645.site.5, 0, 126, 126
1121098.7.peg.1645.site.6, 5, 126, 131
1121098.7.peg.1645.site.7, 0, 126, 126
1121098.7.peg.1646.site.1, 1, 126, 127
1121098.7.peg.1646.site.2, 1, 125, 126
1121098.7.peg.1646.site.3, 0, 126, 126
1121098.7.peg.1646.site.4, 3, 126, 129
1121098.7.peg.1646.site.5, 0, 126, 126
1121098.7.peg.1646.site.6, 3, 126, 129
1121098.7.peg.1647.site.1, 49, 125, 174
1121098.7.peg.2014.site.1, 3, 126, 129
1121098.7.peg.2014.site.2, 2, 126, 128
1121098.7.peg.2014.site.3, 52, 126, 178
1121098.7.peg.2014.site.4, 51, 126, 177
1121098.7.peg.2014.site.5, 51, 126, 177
1121098.7.peg.2014.site.6, 39, 126, 165
1121098.7.peg.2014.site.7, 2, 126, 128
1121098.7.peg.2014.site.8, 51, 126, 177
1121098.7.peg.2014.site.9, 2, 125, 127
1121098.7.peg.2014.site.10, 0, 126, 126
1121098.7.peg.2014.site.11, 0, 126, 126
1121098.7.peg.2014.site.12, 0, 125, 125
1121098.7.peg.2014.site.13, 4, 125, 129
1121098.7.peg.2014.site.14, 0, 126, 126
1121098.7.peg.2014.site.15, 0, 126, 126
1121098.7.peg.2014.site.16, 0, 126, 126
1121098.7.peg.2014.site.17, 53, 126, 179
1121098.7.peg.2014.site.18, 112, 125, 237
1121098.7.peg.2015.site.1, 3, 126, 129
1121098.7.peg.2015.site.2, 51, 126, 177
1121098.7.peg.2015.site.3, 57, 126, 183
1121098.7.peg.2015.site.4, 6, 126, 132
1121098.7.peg.2015.site.5, 102, 126, 228
1121098.7.peg.2015.site.6, 2, 126, 128
1121098.7.peg.2015.site.7, 4, 126, 130
1121098.7.peg.2015.site.8, 58, 126, 184
1121098.7.peg.2015.site.9, 103, 126, 229
1121098.7.peg.2015.site.10, 1, 126, 127
1121098.7.peg.2015.site.11, 0, 126, 126
1121098.7.peg.2015.site.12, 12, 126, 138
1121098.7.peg.2015.site.13, 63, 126, 189
1121098.7.peg.2015.site.14, 0, 126, 126
1121098.7.peg.2015.site.15, 122, 126, 248
1121098.7.peg.2015.site.16, 10, 126, 136
1121098.7.peg.2017.site.1, 0, 126, 126
1121098.7.peg.2017.site.2, 2, 126, 128
1121098.7.peg.2017.site.3, 1, 126, 127
1121098.7.peg.2017.site.4, 3, 126, 129
1121098.7.peg.2017.site.5, 14, 125, 139
1121098.7.peg.2017.site.6, 29, 125, 154
1121098.7.peg.2017.site.7, 0, 126, 126
1121098.7.peg.2017.site.8, 6, 126, 132
1121098.7.peg.2017.site.9, 7, 125, 132
1121098.7.peg.2017.site.10, 34, 125, 159
1121098.7.peg.2010.site.1, 14, 126, 140
1121098.7.peg.2010.site.2, 6, 126, 132
1121098.7.peg.2010.site.3, 2, 125, 127
1121098.7.peg.2010.site.4, 3, 126, 129
1121098.7.peg.2010.site.5, 2, 125, 127
1121098.7.peg.2010.site.6, 0, 125, 125
1121098.7.peg.2010.site.7, 3, 126, 129
1121098.7.peg.2010.site.8, 77, 126, 203
1121098.7.peg.2010.site.9, 10, 126, 136
1121098.7.peg.2010.site.10, 0, 125, 125
1121098.7.peg.2010.site.11, 13, 126, 139
1121098.7.peg.2010.site.12, 0, 126, 126
1121098.7.peg.2010.site.13, 4, 126, 130
1121098.7.peg.2010.site.14, 80, 125, 205
1121098.7.peg.2010.site.15, 0, 126, 126
1121098.7.peg.2010.site.16, 0, 126, 126
1121098.7.peg.2010.site.17, 108, 125, 233
1121098.7.peg.2010.site.18, 10, 126, 136
1121098.7.peg.2010.site.19, 12, 126, 138
1121098.7.peg.2010.site.20, 0, 126, 126
1121098.7.peg.2010.site.21, 0, 126, 126
1121098.7.peg.2010.site.22, 1, 126, 127
1121098.7.peg.2011.site.1, 2, 126, 128
1121098.7.peg.2011.site.2, 60, 124, 184
1121098.7.peg.2011.site.3, 2, 84, 86
1121098.7.peg.2011.site.4, 7, 114, 121
1121098.7.peg.2011.site.5, 74, 122, 196
1121098.7.peg.2011.site.6, 28, 125, 153
1121098.7.peg.2011.site.7, 10, 125, 135
1121098.7.peg.2011.site.8, 1, 125, 126
1121098.7.peg.2011.site.9, 4, 126, 130
1121098.7.peg.2011.site.10, 10, 124, 134
1121098.7.peg.2011.site.11, 1, 110, 111
1121098.7.peg.2011.site.12, 18, 126, 144
1121098.7.peg.2011.site.13, 0, 124, 124
1121098.7.peg.2011.site.14, 13, 125, 138
1121098.7.peg.2011.site.15, 121, 126, 247
1121098.7.peg.2011.site.16, 0, 125, 125
1121098.7.peg.2011.site.17, 0, 126, 126
1121098.7.peg.2011.site.18, 17, 126, 143
1121098.7.peg.2011.site.19, 0, 126, 126
1121098.7.peg.2011.site.20, 1, 126, 127
1121098.7.peg.2011.site.21, 1, 126, 127
1121098.7.peg.2011.site.22, 64, 126, 190
1121098.7.peg.2012.site.1, 1, 126, 127
1121098.7.peg.2012.site.2, 0, 126, 126
1121098.7.peg.2012.site.3, 96, 121, 217
1121098.7.peg.2012.site.4, 3, 120, 123
1121098.7.peg.2012.site.5, 81, 125, 206
1121098.7.peg.2012.site.6, 0, 126, 126
1121098.7.peg.2012.site.7, 16, 126, 142
1121098.7.peg.2018.site.1, 0, 126, 126
1121098.7.peg.2018.site.2, 0, 126, 126
1121098.7.peg.2018.site.3, 0, 125, 125
1121098.7.peg.2018.site.4, 61, 126, 187
1121098.7.peg.2018.site.5, 12, 126, 138
1121098.7.peg.2018.site.6, 1, 126, 127
1121098.7.peg.2018.site.7, 122, 126, 248
1121098.7.peg.2018.site.8, 56, 126, 182
1121098.7.peg.2018.site.9, 7, 125, 132
1121098.7.peg.2018.site.10, 1, 125, 126
1121098.7.peg.2018.site.11, 1, 126, 127
1121098.7.peg.2018.site.12, 1, 126, 127
1121098.7.peg.3264.site.1, 1, 126, 127
1121098.7.peg.3264.site.2, 17, 126, 143
1121098.7.peg.3264.site.3, 1, 126, 127
1121098.7.peg.3264.site.4, 1, 124, 125
1121098.7.peg.3266.site.1, 0, 126, 126
1121098.7.peg.3266.site.2, 0, 125, 125
1121098.7.peg.3266.site.3, 55, 126, 181
1121098.7.peg.3266.site.4, 15, 126, 141
1121098.7.peg.3266.site.5, 1, 126, 127
1121098.7.peg.3266.site.6, 1, 126, 127
1121098.7.peg.3266.site.7, 4, 126, 130
1121098.7.peg.3267.site.1, 0, 126, 126
1121098.7.peg.3267.site.2, 0, 126, 126
1121098.7.peg.3267.site.3, 1, 126, 127
1121098.7.peg.3267.site.4, 52, 126, 178
1121098.7.peg.3267.site.5, 0, 126, 126
1121098.7.peg.3267.site.6, 4, 126, 130
1121098.7.peg.3267.site.7, 0, 126, 126
1121098.7.peg.3260.site.1, 52, 126, 178
1121098.7.peg.3260.site.2, 15, 125, 140
1121098.7.peg.3260.site.3, 0, 126, 126
1121098.7.peg.3260.site.4, 0, 126, 126
1121098.7.peg.3260.site.5, 52, 126, 178
1121098.7.peg.3260.site.6, 0, 125, 125
1121098.7.peg.3261.site.1, 0, 126, 126
1121098.7.peg.3261.site.2, 2, 126, 128
1121098.7.peg.3261.site.3, 59, 126, 185
1121098.7.peg.3261.site.4, 1, 126, 127
1121098.7.peg.3261.site.5, 1, 126, 127
1121098.7.peg.3261.site.6, 1, 125, 126
1121098.7.peg.3261.site.7, 4, 125, 129
1121098.7.peg.3261.site.8, 1, 126, 127
1121098.7.peg.3261.site.9, 1, 126, 127
1121098.7.peg.3261.site.10, 1, 126, 127
1121098.7.peg.3261.site.11, 1, 125, 126
1121098.7.peg.3261.site.12, 1, 124, 125
1121098.7.peg.3262.site.1, 0, 126, 126
1121098.7.peg.3262.site.2, 2, 126, 128
1121098.7.peg.3262.site.3, 4, 126, 130
1121098.7.peg.3262.site.4, 17, 125, 142
1121098.7.peg.3262.site.5, 0, 125, 125
1121098.7.peg.3262.site.6, 121, 125, 246
1121098.7.peg.3262.site.7, 1, 126, 127
1121098.7.peg.3263.site.1, 4, 126, 130
1121098.7.peg.3263.site.2, 0, 126, 126
1121098.7.peg.3263.site.3, 5, 126, 131
1121098.7.peg.3263.site.4, 4, 126, 130
1121098.7.peg.3268.site.1, 12, 126, 138
1121098.7.peg.3268.site.2, 4, 126, 130
1121098.7.peg.3268.site.3, 3, 126, 129
1121098.7.peg.2787.site.1, 0, 126, 126
1121098.7.peg.2787.site.2, 59, 126, 185
1121098.7.peg.2787.site.3, 1, 126, 127
1121098.7.peg.2787.site.4, 84, 125, 209
1121098.7.peg.2787.site.5, 5, 126, 131
1121098.7.peg.2787.site.6, 0, 126, 126
1121098.7.peg.2787.site.7, 13, 126, 139
1121098.7.peg.2787.site.8, 0, 126, 126
1121098.7.peg.2787.site.9, 7, 126, 133
1121098.7.peg.2787.site.10, 15, 126, 141
1121098.7.peg.2787.site.11, 1, 126, 127
1121098.7.peg.2787.site.12, 2, 126, 128
1121098.7.peg.2787.site.13, 1, 126, 127
1121098.7.peg.2787.site.14, 3, 126, 129
1121098.7.peg.2787.site.15, 3, 126, 129
1121098.7.peg.2787.site.16, 0, 126, 126
1121098.7.peg.4476.site.1, 1, 117, 118
1121098.7.peg.2628.site.1, 63, 124, 187
1121098.7.peg.2628.site.2, 63, 125, 188
1121098.7.peg.2628.site.3, 0, 126, 126
1121098.7.peg.2628.site.4, 3, 126, 129
1121098.7.peg.2628.site.5, 0, 126, 126
1121098.7.peg.2628.site.6, 64, 126, 190
1121098.7.peg.2628.site.7, 4, 126, 130
1121098.7.peg.2628.site.8, 0, 126, 126
1121098.7.peg.2628.site.9, 18, 125, 143
1121098.7.peg.2628.site.10, 61, 126, 187
1121098.7.peg.261.site.1, 0, 126, 126
1121098.7.peg.261.site.2, 0, 126, 126
1121098.7.peg.261.site.3, 12, 126, 138
1121098.7.peg.261.site.4, 16, 125, 141
1121098.7.peg.261.site.5, 16, 124, 140
1121098.7.peg.261.site.6, 0, 125, 125
1121098.7.peg.262.site.1, 0, 126, 126
1121098.7.peg.262.site.2, 0, 125, 125
1121098.7.peg.262.site.3, 2, 126, 128
1121098.7.peg.262.site.4, 70, 126, 196
1121098.7.peg.262.site.5, 1, 126, 127
1121098.7.peg.262.site.6, 0, 126, 126
1121098.7.peg.262.site.7, 0, 125, 125
1121098.7.peg.262.site.8, 66, 125, 191
1121098.7.peg.262.site.9, 2, 125, 127
1121098.7.peg.262.site.10, 13, 125, 138
1121098.7.peg.262.site.11, 10, 126, 136
1121098.7.peg.263.site.1, 0, 126, 126
1121098.7.peg.263.site.2, 5, 126, 131
1121098.7.peg.263.site.3, 2, 125, 127
1121098.7.peg.263.site.4, 52, 126, 178
1121098.7.peg.263.site.5, 3, 126, 129
1121098.7.peg.263.site.6, 79, 126, 205
1121098.7.peg.263.site.7, 0, 126, 126
1121098.7.peg.263.site.8, 2, 126, 128
1121098.7.peg.263.site.9, 1, 126, 127
1121098.7.peg.1798.site.1, 1, 126, 127
1121098.7.peg.1798.site.2, 0, 126, 126
1121098.7.peg.1798.site.3, 0, 126, 126
1121098.7.peg.1798.site.4, 1, 126, 127
1121098.7.peg.1798.site.5, 6, 126, 132
1121098.7.peg.1798.site.6, 6, 126, 132
1121098.7.peg.1796.site.1, 1, 126, 127
1121098.7.peg.1796.site.2, 0, 126, 126
1121098.7.peg.1796.site.3, 0, 126, 126
1121098.7.peg.1796.site.4, 0, 126, 126
1121098.7.peg.1796.site.5, 0, 126, 126
1121098.7.peg.1796.site.6, 5, 125, 130
1121098.7.peg.1796.site.7, 2, 126, 128
1121098.7.peg.1796.site.8, 103, 124, 227
1121098.7.peg.1796.site.9, 2, 126, 128
1121098.7.peg.1796.site.10, 2, 126, 128
1121098.7.peg.1797.site.1, 1, 126, 127
1121098.7.peg.1797.site.2, 2, 126, 128
1121098.7.peg.1797.site.3, 12, 126, 138
1121098.7.peg.1797.site.4, 0, 126, 126
1121098.7.peg.1797.site.5, 0, 126, 126
1121098.7.peg.1794.site.1, 3, 126, 129
1121098.7.peg.1794.site.2, 56, 126, 182
1121098.7.peg.1794.site.3, 7, 126, 133
1121098.7.peg.1794.site.4, 0, 126, 126
1121098.7.peg.1794.site.5, 35, 126, 161
1121098.7.peg.1794.site.6, 57, 126, 183
1121098.7.peg.1794.site.7, 0, 126, 126
1121098.7.peg.1794.site.8, 0, 126, 126
1121098.7.peg.1795.site.1, 11, 126, 137
1121098.7.peg.1795.site.2, 15, 125, 140
1121098.7.peg.1795.site.3, 4, 126, 130
1121098.7.peg.1795.site.4, 4, 126, 130
1121098.7.peg.1795.site.5, 0, 126, 126
1121098.7.peg.1795.site.6, 0, 125, 125
1121098.7.peg.1795.site.7, 24, 126, 150
1121098.7.peg.1795.site.8, 16, 126, 142
1121098.7.peg.1795.site.9, 0, 126, 126
1121098.7.peg.1795.site.10, 3, 126, 129
1121098.7.peg.1795.site.11, 1, 126, 127
1121098.7.peg.1795.site.12, 2, 126, 128
1121098.7.peg.1795.site.13, 2, 126, 128
1121098.7.peg.1795.site.14, 2, 126, 128
1121098.7.peg.1795.site.15, 0, 126, 126
1121098.7.peg.1795.site.16, 2, 126, 128
1121098.7.peg.1792.site.1, 2, 126, 128
1121098.7.peg.1792.site.2, 12, 126, 138
1121098.7.peg.1792.site.3, 7, 126, 133
1121098.7.peg.1792.site.4, 3, 125, 128
1121098.7.peg.1792.site.5, 9, 125, 134
1121098.7.peg.1792.site.6, 0, 126, 126
1121098.7.peg.1792.site.7, 0, 126, 126
1121098.7.peg.1792.site.8, 9, 126, 135
1121098.7.peg.1792.site.9, 4, 126, 130
1121098.7.peg.1792.site.10, 64, 126, 190
1121098.7.peg.1792.site.11, 1, 126, 127
1121098.7.peg.1792.site.12, 5, 126, 131
1121098.7.peg.1792.site.13, 52, 126, 178
1121098.7.peg.1792.site.14, 1, 126, 127
1121098.7.peg.1790.site.1, 59, 126, 185
1121098.7.peg.1791.site.1, 1, 125, 126
1121098.7.peg.1791.site.2, 63, 125, 188
1121098.7.peg.1791.site.3, 0, 126, 126
1121098.7.peg.1791.site.4, 14, 126, 140
1121098.7.peg.1791.site.5, 63, 126, 189
1121098.7.peg.1791.site.6, 3, 125, 128
1121098.7.peg.1791.site.7, 38, 123, 161
1121098.7.peg.1791.site.8, 8, 126, 134
1121098.7.peg.1791.site.9, 0, 122, 122
1121098.7.peg.1420.site.1, 1, 126, 127
1121098.7.peg.1420.site.2, 1, 126, 127
1121098.7.peg.1420.site.3, 0, 126, 126
1121098.7.peg.1420.site.4, 11, 126, 137
1121098.7.peg.1420.site.5, 88, 125, 213
1121098.7.peg.1420.site.6, 1, 126, 127
1121098.7.peg.1420.site.7, 1, 126, 127
1121098.7.peg.1420.site.8, 112, 126, 238
1121098.7.peg.1420.site.9, 12, 126, 138
1121098.7.peg.1420.site.10, 0, 126, 126
1121098.7.peg.1420.site.11, 122, 126, 248
1121098.7.peg.1420.site.12, 14, 125, 139
1121098.7.peg.1420.site.13, 50, 126, 176
1121098.7.peg.1420.site.14, 21, 126, 147
1121098.7.peg.1420.site.15, 1, 126, 127
1121098.7.peg.1420.site.16, 0, 126, 126
1121098.7.peg.1420.site.17, 0, 126, 126
1121098.7.peg.1420.site.18, 3, 125, 128
1121098.7.peg.1421.site.1, 0, 126, 126
1121098.7.peg.1421.site.2, 0, 126, 126
1121098.7.peg.1422.site.1, 0, 126, 126
1121098.7.peg.1422.site.2, 122, 126, 248
1121098.7.peg.1422.site.3, 48, 126, 174
1121098.7.peg.1422.site.4, 0, 126, 126
1121098.7.peg.3656.site.1, 0, 125, 125
1121098.7.peg.3656.site.2, 7, 126, 133
1121098.7.peg.3656.site.3, 6, 126, 132
1121098.7.peg.1424.site.1, 0, 125, 125
1121098.7.peg.1424.site.2, 10, 126, 136
1121098.7.peg.1424.site.3, 0, 126, 126
1121098.7.peg.1424.site.4, 1, 126, 127
1121098.7.peg.1424.site.5, 20, 126, 146
1121098.7.peg.1424.site.6, 1, 126, 127
1121098.7.peg.1424.site.7, 3, 126, 129
1121098.7.peg.1424.site.8, 48, 126, 174
1121098.7.peg.1424.site.9, 14, 126, 140
1121098.7.peg.1424.site.10, 114, 126, 240
1121098.7.peg.1424.site.11, 1, 126, 127
1121098.7.peg.1424.site.12, 13, 125, 138
1121098.7.peg.1424.site.13, 6, 126, 132
1121098.7.peg.1424.site.14, 15, 126, 141
1121098.7.peg.3650.site.1, 15, 125, 140
1121098.7.peg.3650.site.2, 122, 126, 248
1121098.7.peg.3650.site.3, 0, 126, 126
1121098.7.peg.3650.site.4, 2, 126, 128
1121098.7.peg.3650.site.5, 102, 126, 228
1121098.7.peg.3650.site.6, 3, 126, 129
1121098.7.peg.3650.site.7, 1, 126, 127
1121098.7.peg.3650.site.8, 59, 126, 185
1121098.7.peg.3650.site.9, 5, 126, 131
1121098.7.peg.3650.site.10, 2, 126, 128
1121098.7.peg.3650.site.11, 0, 126, 126
1121098.7.peg.3650.site.12, 57, 122, 179
1121098.7.peg.3650.site.13, 59, 125, 184
1121098.7.peg.1426.site.1, 84, 126, 210
1121098.7.peg.1426.site.2, 0, 125, 125
1121098.7.peg.1426.site.3, 2, 126, 128
1121098.7.peg.1426.site.4, 1, 126, 127
1121098.7.peg.1426.site.5, 59, 125, 184
1121098.7.peg.1426.site.6, 2, 125, 127
1121098.7.peg.1426.site.7, 0, 126, 126
1121098.7.peg.1426.site.8, 52, 126, 178
1121098.7.peg.1426.site.9, 53, 126, 179
1121098.7.peg.1426.site.10, 54, 126, 180
1121098.7.peg.1426.site.11, 0, 126, 126
1121098.7.peg.1426.site.12, 0, 125, 125
1121098.7.peg.1427.site.1, 4, 126, 130
1121098.7.peg.1427.site.2, 102, 125, 227
1121098.7.peg.1427.site.3, 52, 126, 178
1121098.7.peg.1427.site.4, 106, 126, 232
1121098.7.peg.1427.site.5, 12, 126, 138
1121098.7.peg.1427.site.6, 8, 126, 134
1121098.7.peg.1427.site.7, 4, 126, 130
1121098.7.peg.1427.site.8, 0, 126, 126
1121098.7.peg.1427.site.9, 2, 126, 128
1121098.7.peg.1427.site.10, 6, 126, 132
1121098.7.peg.1427.site.11, 0, 126, 126
1121098.7.peg.1427.site.12, 7, 125, 132
1121098.7.peg.1427.site.13, 15, 125, 140
1121098.7.peg.1427.site.14, 2, 126, 128
1121098.7.peg.1427.site.15, 0, 126, 126
1121098.7.peg.1427.site.16, 6, 126, 132
1121098.7.peg.1427.site.17, 0, 126, 126
1121098.7.peg.1428.site.1, 0, 122, 122
1121098.7.peg.1428.site.2, 0, 122, 122
1121098.7.peg.1428.site.3, 20, 122, 142
1121098.7.peg.1428.site.4, 6, 121, 127
1121098.7.peg.1428.site.5, 0, 121, 121
1121098.7.peg.1428.site.6, 51, 122, 173
1121098.7.peg.1428.site.7, 0, 122, 122
1121098.7.peg.1428.site.8, 7, 121, 128
1121098.7.peg.1428.site.9, 12, 122, 134
1121098.7.peg.1428.site.10, 0, 121, 121
1121098.7.peg.1428.site.11, 12, 122, 134
1121098.7.peg.1428.site.12, 0, 122, 122
1121098.7.peg.1428.site.13, 0, 122, 122
1121098.7.peg.1428.site.14, 0, 122, 122
1121098.7.peg.1428.site.15, 12, 122, 134
1121098.7.peg.3659.site.1, 5, 126, 131
1121098.7.peg.3659.site.2, 32, 126, 158
1121098.7.peg.3659.site.3, 1, 126, 127
1121098.7.peg.3659.site.4, 61, 126, 187
1121098.7.peg.3659.site.5, 60, 126, 186
1121098.7.peg.3659.site.6, 66, 126, 192
1121098.7.peg.3659.site.7, 0, 126, 126
1121098.7.peg.3659.site.8, 60, 126, 186
1121098.7.peg.3659.site.9, 0, 126, 126
1121098.7.peg.3659.site.10, 65, 126, 191
1121098.7.peg.3659.site.11, 63, 126, 189
1121098.7.peg.3659.site.12, 0, 126, 126
1121098.7.peg.3659.site.13, 1, 126, 127
1121098.7.peg.3659.site.14, 6, 125, 131
1121098.7.peg.3659.site.15, 0, 126, 126
1121098.7.peg.3659.site.16, 3, 126, 129
1121098.7.peg.3659.site.17, 54, 126, 180
1121098.7.peg.3659.site.18, 5, 126, 131
1121098.7.peg.3659.site.19, 53, 126, 179
1121098.7.peg.3659.site.20, 4, 126, 130
1121098.7.peg.3659.site.21, 0, 125, 125
1121098.7.peg.3659.site.22, 10, 126, 136
1121098.7.peg.300.site.1, 0, 125, 125
1121098.7.peg.300.site.2, 0, 126, 126
1121098.7.peg.300.site.3, 0, 125, 125
1121098.7.peg.300.site.4, 0, 125, 125
1121098.7.peg.300.site.5, 4, 126, 130
1121098.7.peg.300.site.6, 0, 126, 126
1121098.7.peg.300.site.7, 97, 126, 223
1121098.7.peg.300.site.8, 2, 125, 127
1121098.7.peg.300.site.9, 14, 126, 140
1121098.7.peg.300.site.10, 36, 125, 161
1121098.7.peg.300.site.11, 0, 126, 126
1121098.7.peg.300.site.12, 1, 126, 127
1121098.7.peg.300.site.13, 12, 125, 137
1121098.7.peg.300.site.14, 18, 125, 143
1121098.7.peg.300.site.15, 3, 124, 127
1121098.7.peg.300.site.16, 2, 126, 128
1121098.7.peg.300.site.17, 7, 125, 132
1121098.7.peg.3420.site.1, 16, 126, 142
1121098.7.peg.3420.site.2, 16, 125, 141
1121098.7.peg.3420.site.3, 2, 126, 128
1121098.7.peg.3421.site.1, 2, 126, 128
1121098.7.peg.3421.site.2, 1, 126, 127
1121098.7.peg.3421.site.3, 10, 125, 135
1121098.7.peg.3421.site.4, 2, 126, 128
1121098.7.peg.3421.site.5, 0, 126, 126
1121098.7.peg.3421.site.6, 0, 126, 126
1121098.7.peg.3421.site.7, 5, 125, 130
1121098.7.peg.3421.site.8, 53, 126, 179
1121098.7.peg.3747.site.1, 0, 126, 126
1121098.7.peg.3747.site.2, 1, 125, 126
1121098.7.peg.3495.site.1, 1, 126, 127
1121098.7.peg.3495.site.2, 3, 126, 129
1121098.7.peg.3495.site.3, 0, 126, 126
1121098.7.peg.3495.site.4, 0, 126, 126
1121098.7.peg.3495.site.5, 65, 126, 191
1121098.7.peg.3495.site.6, 65, 126, 191
1121098.7.peg.3495.site.7, 90, 125, 215
1121098.7.peg.3495.site.8, 27, 125, 152
1121098.7.peg.3495.site.9, 4, 126, 130
1121098.7.peg.3495.site.10, 1, 126, 127
1121098.7.peg.3495.site.11, 1, 126, 127
1121098.7.peg.3495.site.12, 30, 126, 156
1121098.7.peg.3495.site.13, 0, 126, 126
1121098.7.peg.3495.site.14, 16, 126, 142
1121098.7.peg.3495.site.15, 0, 126, 126
1121098.7.peg.3495.site.16, 24, 125, 149
1121098.7.peg.3495.site.17, 3, 126, 129
1121098.7.peg.3495.site.18, 1, 126, 127
1121098.7.peg.3495.site.19, 48, 125, 173
1121098.7.peg.3495.site.20, 113, 125, 238
1121098.7.peg.3494.site.1, 0, 125, 125
1121098.7.peg.3494.site.2, 1, 126, 127
1121098.7.peg.3494.site.3, 83, 126, 209
1121098.7.peg.3494.site.4, 12, 125, 137
1121098.7.peg.3494.site.5, 4, 126, 130
1121098.7.peg.3494.site.6, 0, 126, 126
1121098.7.peg.3494.site.7, 12, 126, 138
1121098.7.peg.3494.site.8, 12, 126, 138
1121098.7.peg.3494.site.9, 10, 126, 136
1121098.7.peg.3494.site.10, 3, 126, 129
1121098.7.peg.3494.site.11, 1, 126, 127
1121098.7.peg.3494.site.12, 4, 126, 130
1121098.7.peg.3494.site.13, 1, 125, 126
1121098.7.peg.3494.site.14, 44, 126, 170
1121098.7.peg.3494.site.15, 0, 126, 126
1121098.7.peg.3494.site.16, 3, 126, 129
1121098.7.peg.3494.site.17, 0, 126, 126
1121098.7.peg.3494.site.18, 0, 126, 126
1121098.7.peg.3494.site.19, 4, 126, 130
1121098.7.peg.3494.site.20, 1, 126, 127
1121098.7.peg.3493.site.1, 0, 126, 126
1121098.7.peg.3493.site.2, 90, 125, 215
1121098.7.peg.3493.site.3, 17, 126, 143
1121098.7.peg.3493.site.4, 1, 125, 126
1121098.7.peg.3493.site.5, 0, 126, 126
1121098.7.peg.3493.site.6, 4, 125, 129
1121098.7.peg.3493.site.7, 0, 126, 126
1121098.7.peg.3493.site.8, 7, 126, 133
1121098.7.peg.3493.site.9, 60, 125, 185
1121098.7.peg.3493.site.10, 0, 126, 126
1121098.7.peg.3493.site.11, 0, 126, 126
1121098.7.peg.3493.site.12, 83, 125, 208
1121098.7.peg.868.site.1, 1, 16, 17
1121098.7.peg.868.site.2, 1, 43, 44
1121098.7.peg.868.site.3, 0, 124, 124
1121098.7.peg.868.site.4, 40, 123, 163
1121098.7.peg.868.site.5, 2, 122, 124
1121098.7.peg.868.site.6, 7, 124, 131
1121098.7.peg.868.site.7, 67, 123, 190
1121098.7.peg.868.site.8, 46, 124, 170
1121098.7.peg.868.site.9, 1, 124, 125
1121098.7.peg.868.site.10, 0, 124, 124
1121098.7.peg.868.site.11, 1, 124, 125
1121098.7.peg.868.site.12, 4, 123, 127
1121098.7.peg.868.site.13, 61, 124, 185
1121098.7.peg.868.site.14, 6, 123, 129
1121098.7.peg.868.site.15, 49, 124, 173
1121098.7.peg.868.site.16, 73, 124, 197
1121098.7.peg.868.site.17, 3, 124, 127
1121098.7.peg.868.site.18, 4, 124, 128
1121098.7.peg.868.site.19, 0, 124, 124
1121098.7.peg.868.site.20, 17, 124, 141
1121098.7.peg.868.site.21, 17, 124, 141
1121098.7.peg.869.site.1, 0, 124, 124
1121098.7.peg.869.site.2, 0, 124, 124
1121098.7.peg.869.site.3, 3, 124, 127
1121098.7.peg.869.site.4, 5, 124, 129
1121098.7.peg.3745.site.1, 52, 126, 178
1121098.7.peg.3745.site.2, 7, 126, 133
1121098.7.peg.3745.site.3, 59, 126, 185
1121098.7.peg.3745.site.4, 17, 126, 143
1121098.7.peg.3745.site.5, 0, 126, 126
1121098.7.peg.3745.site.6, 25, 125, 150
1121098.7.peg.3745.site.7, 5, 125, 130
1121098.7.peg.3745.site.8, 3, 125, 128
1121098.7.peg.3745.site.9, 34, 126, 160
1121098.7.peg.3745.site.10, 0, 126, 126
1121098.7.peg.3745.site.11, 0, 125, 125
1121098.7.peg.3745.site.12, 60, 126, 186
1121098.7.peg.3745.site.13, 0, 126, 126
1121098.7.peg.3745.site.14, 41, 126, 167
1121098.7.peg.3745.site.15, 0, 126, 126
1121098.7.peg.3745.site.16, 25, 126, 151
1121098.7.peg.3745.site.17, 0, 126, 126
1121098.7.peg.3745.site.18, 0, 126, 126
1121098.7.peg.3745.site.19, 2, 126, 128
1121098.7.peg.3499.site.1, 95, 126, 221
1121098.7.peg.3498.site.1, 0, 90, 90
1121098.7.peg.3498.site.2, 2, 90, 92
1121098.7.peg.3498.site.3, 55, 90, 145
1121098.7.peg.3498.site.4, 11, 89, 100
1121098.7.peg.3498.site.5, 11, 89, 100
1121098.7.peg.3498.site.6, 0, 90, 90
1121098.7.peg.3498.site.7, 0, 89, 89
1121098.7.peg.3498.site.8, 0, 90, 90
1121098.7.peg.3498.site.9, 56, 90, 146
1121098.7.peg.3498.site.10, 5, 90, 95
1121098.7.peg.3498.site.11, 5, 90, 95
1121098.7.peg.3498.site.12, 1, 89, 90
1121098.7.peg.3498.site.13, 9, 89, 98
1121098.7.peg.3498.site.14, 1, 126, 127
1121098.7.peg.3498.site.15, 0, 124, 124
1121098.7.peg.3498.site.16, 0, 126, 126
1121098.7.peg.3498.site.17, 0, 126, 126
1121098.7.peg.3498.site.18, 1, 125, 126
1121098.7.peg.2838.site.1, 0, 126, 126
1121098.7.peg.2839.site.1, 1, 126, 127
1121098.7.peg.4208.site.1, 2, 66, 68
1121098.7.peg.4208.site.2, 0, 64, 64
1121098.7.peg.4208.site.3, 2, 67, 69
1121098.7.peg.4208.site.4, 22, 86, 108
1121098.7.peg.4208.site.5, 45, 121, 166
1121098.7.peg.4208.site.6, 0, 123, 123
1121098.7.peg.4208.site.7, 0, 123, 123
1121098.7.peg.4208.site.8, 1, 121, 122
1121098.7.peg.4208.site.9, 1, 123, 124
1121098.7.peg.4208.site.10, 0, 121, 121
1121098.7.peg.4208.site.11, 74, 122, 196
1121098.7.peg.4208.site.12, 63, 112, 175
1121098.7.peg.4208.site.13, 0, 96, 96
1121098.7.peg.4208.site.14, 5, 68, 73
1121098.7.peg.4208.site.15, 26, 75, 101
1121098.7.peg.4208.site.16, 16, 65, 81
1121098.7.peg.4208.site.17, 45, 65, 110
1121098.7.peg.4208.site.18, 1, 66, 67
1121098.7.peg.4208.site.19, 6, 71, 77
1121098.7.peg.4208.site.20, 0, 123, 123
1121098.7.peg.4208.site.21, 7, 123, 130
1121098.7.peg.4208.site.22, 0, 121, 121
1121098.7.peg.4208.site.23, 0, 121, 121
1121098.7.peg.4208.site.24, 0, 121, 121
1121098.7.peg.4208.site.25, 0, 121, 121
1121098.7.peg.4208.site.26, 5, 120, 125
1121098.7.peg.4208.site.27, 38, 123, 161
1121098.7.peg.4208.site.28, 0, 123, 123
1121098.7.peg.4208.site.29, 0, 123, 123
1121098.7.peg.4208.site.30, 0, 121, 121
1121098.7.peg.4208.site.31, 69, 120, 189
1121098.7.peg.4208.site.32, 13, 122, 135
1121098.7.peg.4208.site.33, 13, 123, 136
1121098.7.peg.4208.site.34, 0, 123, 123
1121098.7.peg.2832.site.1, 32, 125, 157
1121098.7.peg.2832.site.2, 2, 126, 128
1121098.7.peg.2833.site.1, 1, 125, 126
1121098.7.peg.2833.site.2, 52, 126, 178
1121098.7.peg.2830.site.1, 0, 126, 126
1121098.7.peg.2830.site.2, 1, 126, 127
1121098.7.peg.2830.site.3, 2, 125, 127
1121098.7.peg.2831.site.1, 0, 125, 125
1121098.7.peg.2831.site.2, 5, 126, 131
1121098.7.peg.2831.site.3, 16, 125, 141
1121098.7.peg.2831.site.4, 1, 126, 127
1121098.7.peg.4203.site.1, 0, 123, 123
1121098.7.peg.4203.site.2, 118, 123, 241
1121098.7.peg.4203.site.3, 8, 123, 131
1121098.7.peg.4203.site.4, 12, 123, 135
1121098.7.peg.4203.site.5, 48, 122, 170
1121098.7.peg.4203.site.6, 0, 123, 123
1121098.7.peg.4203.site.7, 3, 123, 126
1121098.7.peg.4203.site.8, 3, 123, 126
1121098.7.peg.4203.site.9, 52, 123, 175
1121098.7.peg.4203.site.10, 3, 123, 126
1121098.7.peg.2837.site.1, 0, 126, 126
1121098.7.peg.2837.site.2, 58, 126, 184
1121098.7.peg.2837.site.3, 116, 125, 241
1121098.7.peg.2837.site.4, 0, 126, 126
1121098.7.peg.2837.site.5, 0, 126, 126
1121098.7.peg.2837.site.6, 0, 126, 126
1121098.7.peg.2837.site.7, 60, 126, 186
1121098.7.peg.2837.site.8, 63, 126, 189
1121098.7.peg.2837.site.9, 0, 126, 126
1121098.7.peg.2837.site.10, 0, 126, 126
1121098.7.peg.2837.site.11, 32, 125, 157
1121098.7.peg.2837.site.12, 55, 125, 180
1121098.7.peg.2837.site.13, 60, 125, 185
1121098.7.peg.2837.site.14, 0, 126, 126
1121098.7.peg.2837.site.15, 51, 126, 177
1121098.7.peg.2837.site.16, 0, 126, 126
1121098.7.peg.2837.site.17, 2, 126, 128
1121098.7.peg.2837.site.18, 0, 126, 126
1121098.7.peg.2837.site.19, 26, 126, 152
1121098.7.peg.2837.site.20, 0, 126, 126
1121098.7.peg.2837.site.21, 26, 126, 152
1121098.7.peg.2837.site.22, 3, 126, 129
1121098.7.peg.2837.site.23, 61, 126, 187
1121098.7.peg.2837.site.24, 54, 126, 180
1121098.7.peg.2837.site.25, 1, 126, 127
1121098.7.peg.2837.site.26, 19, 126, 145
1121098.7.peg.2834.site.1, 4, 126, 130
1121098.7.peg.2834.site.2, 117, 125, 242
1121098.7.peg.2834.site.3, 20, 125, 145
1121098.7.peg.2834.site.4, 0, 126, 126
1121098.7.peg.2834.site.5, 0, 126, 126
1121098.7.peg.2834.site.6, 2, 126, 128
1121098.7.peg.2834.site.7, 4, 126, 130
1121098.7.peg.2834.site.8, 12, 126, 138
1121098.7.peg.2834.site.9, 0, 126, 126
1121098.7.peg.2834.site.10, 6, 125, 131
1121098.7.peg.2835.site.1, 0, 126, 126
1121098.7.peg.2835.site.2, 0, 126, 126
1121098.7.peg.2835.site.3, 0, 126, 126
1121098.7.peg.2835.site.4, 103, 126, 229
1121098.7.peg.2835.site.5, 0, 121, 121
1121098.7.peg.2835.site.6, 4, 126, 130
1121098.7.peg.3741.site.1, 0, 124, 124
1121098.7.peg.3741.site.2, 0, 126, 126
1121098.7.peg.3741.site.3, 4, 126, 130
1121098.7.peg.3741.site.4, 3, 126, 129
1121098.7.peg.3741.site.5, 0, 126, 126
1121098.7.peg.3741.site.6, 0, 126, 126
1121098.7.peg.3741.site.7, 0, 125, 125
1121098.7.peg.3740.site.1, 0, 125, 125
1121098.7.peg.3740.site.2, 0, 126, 126
1121098.7.peg.3740.site.3, 8, 126, 134
1121098.7.peg.3740.site.4, 65, 126, 191
1121098.7.peg.3740.site.5, 2, 126, 128
1121098.7.peg.3740.site.6, 1, 124, 125
1121098.7.peg.3740.site.7, 1, 126, 127
1121098.7.peg.3740.site.8, 18, 126, 144
1121098.7.peg.3740.site.9, 4, 126, 130
1121098.7.peg.3740.site.10, 1, 126, 127
1121098.7.peg.3740.site.11, 1, 126, 127
1121098.7.peg.3740.site.12, 0, 125, 125
1121098.7.peg.3740.site.13, 1, 125, 126
1121098.7.peg.3740.site.14, 0, 126, 126
1121098.7.peg.3740.site.15, 0, 126, 126
1121098.7.peg.3740.site.16, 0, 126, 126
1121098.7.peg.3740.site.17, 1, 126, 127
1121098.7.peg.3740.site.18, 0, 126, 126
1121098.7.peg.3740.site.19, 0, 126, 126
1121098.7.peg.3740.site.20, 0, 126, 126
1121098.7.peg.3740.site.21, 122, 126, 248
1121098.7.peg.3740.site.22, 1, 126, 127
1121098.7.peg.3740.site.23, 63, 126, 189
1121098.7.peg.3740.site.24, 90, 125, 215
1121098.7.peg.3789.site.1, 4, 126, 130
1121098.7.peg.3789.site.2, 7, 126, 133
1121098.7.peg.3789.site.3, 1, 126, 127
1121098.7.peg.3789.site.4, 2, 125, 127
1121098.7.peg.3789.site.5, 46, 126, 172
1121098.7.peg.3789.site.6, 1, 126, 127
1121098.7.peg.3789.site.7, 0, 126, 126
1121098.7.peg.3789.site.8, 8, 125, 133
1121098.7.peg.3789.site.9, 3, 126, 129
1121098.7.peg.3788.site.1, 4, 123, 127
1121098.7.peg.3788.site.2, 0, 126, 126
1121098.7.peg.3788.site.3, 113, 125, 238
1121098.7.peg.3788.site.4, 2, 125, 127
1121098.7.peg.3788.site.5, 0, 126, 126
1121098.7.peg.3788.site.6, 3, 126, 129
1121098.7.peg.3788.site.7, 4, 126, 130
1121098.7.peg.3788.site.8, 5, 125, 130
1121098.7.peg.3788.site.9, 3, 126, 129
1121098.7.peg.3788.site.10, 0, 126, 126
1121098.7.peg.3788.site.11, 94, 123, 217
1121098.7.peg.3788.site.12, 0, 124, 124
1121098.7.peg.3783.site.1, 82, 126, 208
1121098.7.peg.3783.site.2, 3, 125, 128
1121098.7.peg.3783.site.3, 92, 125, 217
1121098.7.peg.3783.site.4, 0, 125, 125
1121098.7.peg.3783.site.5, 0, 125, 125
1121098.7.peg.3783.site.6, 0, 126, 126
1121098.7.peg.3783.site.7, 6, 125, 131
1121098.7.peg.3783.site.8, 1, 126, 127
1121098.7.peg.3783.site.9, 8, 125, 133
1121098.7.peg.3783.site.10, 3, 125, 128
1121098.7.peg.3783.site.11, 5, 125, 130
1121098.7.peg.3783.site.12, 6, 125, 131
1121098.7.peg.3783.site.13, 0, 126, 126
1121098.7.peg.3783.site.14, 0, 126, 126
1121098.7.peg.3783.site.15, 1, 126, 127
1121098.7.peg.3783.site.16, 4, 126, 130
1121098.7.peg.3783.site.17, 0, 126, 126
1121098.7.peg.3782.site.1, 64, 126, 190
1121098.7.peg.3782.site.2, 53, 126, 179
1121098.7.peg.3782.site.3, 64, 126, 190
1121098.7.peg.3782.site.4, 64, 126, 190
1121098.7.peg.3782.site.5, 2, 125, 127
1121098.7.peg.3780.site.1, 2, 126, 128
1121098.7.peg.3780.site.2, 1, 126, 127
1121098.7.peg.3780.site.3, 0, 126, 126
1121098.7.peg.3780.site.4, 4, 126, 130
1121098.7.peg.3780.site.5, 92, 125, 217
1121098.7.peg.3780.site.6, 2, 126, 128
1121098.7.peg.3780.site.7, 61, 126, 187
1121098.7.peg.3780.site.8, 0, 126, 126
1121098.7.peg.3780.site.9, 64, 126, 190
1121098.7.peg.3780.site.10, 0, 126, 126
1121098.7.peg.3780.site.11, 9, 125, 134
1121098.7.peg.3780.site.12, 71, 126, 197
1121098.7.peg.3787.site.1, 0, 126, 126
1121098.7.peg.3787.site.2, 0, 126, 126
1121098.7.peg.3787.site.3, 0, 126, 126
1121098.7.peg.3786.site.1, 0, 125, 125
1121098.7.peg.3786.site.2, 3, 126, 129
1121098.7.peg.3786.site.3, 2, 126, 128
1121098.7.peg.3786.site.4, 9, 126, 135
1121098.7.peg.3786.site.5, 36, 126, 162
1121098.7.peg.3786.site.6, 0, 125, 125
1121098.7.peg.3786.site.7, 3, 126, 129
1121098.7.peg.3786.site.8, 2, 126, 128
1121098.7.peg.3786.site.9, 4, 126, 130
1121098.7.peg.3786.site.10, 0, 125, 125
1121098.7.peg.3786.site.11, 0, 126, 126
1121098.7.peg.3785.site.1, 23, 126, 149
1121098.7.peg.3785.site.2, 5, 126, 131
1121098.7.peg.3785.site.3, 27, 125, 152
1121098.7.peg.3785.site.4, 1, 126, 127
1121098.7.peg.3785.site.5, 3, 126, 129
1121098.7.peg.3785.site.6, 60, 126, 186
1121098.7.peg.3784.site.1, 40, 125, 165
1121098.7.peg.3784.site.2, 4, 125, 129
1121098.7.peg.3784.site.3, 13, 126, 139
1121098.7.peg.3784.site.4, 6, 126, 132
1121098.7.peg.3784.site.5, 3, 126, 129
1121098.7.peg.3784.site.6, 7, 125, 132
1121098.7.peg.3784.site.7, 1, 126, 127
1121098.7.peg.3784.site.8, 0, 126, 126
1121098.7.peg.3784.site.9, 91, 125, 216
1121098.7.peg.3784.site.10, 26, 126, 152
1121098.7.peg.3784.site.11, 2, 126, 128
1121098.7.peg.3784.site.12, 1, 126, 127
1121098.7.peg.3784.site.13, 2, 126, 128
1121098.7.peg.3784.site.14, 3, 126, 129
1121098.7.peg.3784.site.15, 1, 126, 127
1121098.7.peg.3784.site.16, 3, 126, 129
1121098.7.peg.3784.site.17, 63, 126, 189
1121098.7.peg.3784.site.18, 12, 125, 137
1121098.7.peg.3784.site.19, 12, 122, 134
1121098.7.peg.3784.site.20, 14, 126, 140
1121098.7.peg.3784.site.21, 0, 125, 125
1121098.7.peg.3784.site.22, 0, 126, 126
1121098.7.peg.3784.site.23, 2, 126, 128
1121098.7.peg.3784.site.24, 43, 125, 168
1121098.7.peg.3784.site.25, 122, 126, 248
1121098.7.peg.3784.site.26, 0, 126, 126
1121098.7.peg.3784.site.27, 0, 126, 126
1121098.7.peg.3784.site.28, 58, 126, 184
1121098.7.peg.3784.site.29, 62, 126, 188
1121098.7.peg.3784.site.30, 0, 126, 126
1121098.7.peg.912.site.1, 0, 123, 123
1121098.7.peg.912.site.2, 65, 125, 190
1121098.7.peg.912.site.3, 1, 125, 126
1121098.7.peg.912.site.4, 5, 126, 131
1121098.7.peg.912.site.5, 14, 121, 135
1121098.7.peg.912.site.6, 17, 118, 135
1121098.7.peg.912.site.7, 4, 122, 126
1121098.7.peg.912.site.8, 4, 122, 126
1121098.7.peg.912.site.9, 2, 112, 114
1121098.7.peg.912.site.10, 1, 110, 111
1121098.7.peg.912.site.11, 2, 109, 111
1121098.7.peg.912.site.12, 10, 108, 118
1121098.7.peg.913.site.1, 10, 126, 136
1121098.7.peg.913.site.2, 68, 126, 194
1121098.7.peg.913.site.3, 2, 126, 128
1121098.7.peg.913.site.4, 1, 126, 127
1121098.7.peg.913.site.5, 6, 126, 132
1121098.7.peg.913.site.6, 1, 126, 127
1121098.7.peg.913.site.7, 18, 87, 105
1121098.7.peg.913.site.8, 0, 70, 70
1121098.7.peg.913.site.9, 4, 47, 51
1121098.7.peg.913.site.10, 1, 42, 43
1121098.7.peg.913.site.11, 5, 36, 41
1121098.7.peg.913.site.12, 1, 33, 34
1121098.7.peg.913.site.13, 0, 33, 33
1121098.7.peg.913.site.14, 5, 37, 42
1121098.7.peg.913.site.15, 0, 37, 37
1121098.7.peg.913.site.16, 9, 45, 54
1121098.7.peg.913.site.17, 22, 60, 82
1121098.7.peg.913.site.18, 40, 72, 112
1121098.7.peg.913.site.19, 3, 124, 127
1121098.7.peg.913.site.20, 5, 126, 131
1121098.7.peg.913.site.21, 18, 125, 143
1121098.7.peg.913.site.22, 4, 126, 130
1121098.7.peg.913.site.23, 78, 125, 203
1121098.7.peg.913.site.24, 61, 125, 186
1121098.7.peg.913.site.25, 1, 126, 127
1121098.7.peg.913.site.26, 4, 126, 130
1121098.7.peg.913.site.27, 96, 125, 221
1121098.7.peg.913.site.28, 7, 126, 133
1121098.7.peg.913.site.29, 15, 126, 141
1121098.7.peg.913.site.30, 105, 125, 230
1121098.7.peg.913.site.31, 63, 125, 188
1121098.7.peg.913.site.32, 3, 126, 129
1121098.7.peg.913.site.33, 2, 126, 128
1121098.7.peg.913.site.34, 7, 126, 133
1121098.7.peg.913.site.35, 23, 126, 149
1121098.7.peg.913.site.36, 18, 126, 144
1121098.7.peg.913.site.37, 0, 126, 126
1121098.7.peg.913.site.38, 2, 125, 127
1121098.7.peg.913.site.39, 53, 119, 172
1121098.7.peg.913.site.40, 50, 98, 148
1121098.7.peg.913.site.41, 7, 89, 96
1121098.7.peg.1336.site.1, 3, 126, 129
1121098.7.peg.1336.site.2, 4, 126, 130
1121098.7.peg.1336.site.3, 0, 126, 126
1121098.7.peg.1336.site.4, 4, 126, 130
1121098.7.peg.1336.site.5, 4, 126, 130
1121098.7.peg.1337.site.1, 0, 125, 125
1121098.7.peg.1337.site.2, 84, 125, 209
1121098.7.peg.1337.site.3, 88, 125, 213
1121098.7.peg.1337.site.4, 31, 125, 156
1121098.7.peg.1337.site.5, 17, 124, 141
1121098.7.peg.1337.site.6, 0, 126, 126
1121098.7.peg.1337.site.7, 0, 126, 126
1121098.7.peg.1337.site.8, 2, 125, 127
1121098.7.peg.1337.site.9, 3, 124, 127
1121098.7.peg.1337.site.10, 3, 121, 124
1121098.7.peg.1337.site.11, 5, 125, 130
1121098.7.peg.1331.site.1, 0, 117, 117
1121098.7.peg.1331.site.2, 0, 116, 116
1121098.7.peg.914.site.1, 0, 72, 72
1121098.7.peg.914.site.2, 76, 98, 174
1121098.7.peg.914.site.3, 29, 83, 112
1121098.7.peg.914.site.4, 29, 73, 102
1121098.7.peg.914.site.5, 5, 68, 73
1121098.7.peg.914.site.6, 47, 74, 121
1121098.7.peg.914.site.7, 2, 110, 112
1121098.7.peg.914.site.8, 2, 110, 112
1121098.7.peg.914.site.9, 0, 116, 116
1121098.7.peg.914.site.10, 5, 125, 130
1121098.7.peg.914.site.11, 14, 126, 140
1121098.7.peg.914.site.12, 1, 126, 127
1121098.7.peg.914.site.13, 1, 126, 127
1121098.7.peg.914.site.14, 4, 126, 130
1121098.7.peg.914.site.15, 2, 125, 127
1121098.7.peg.914.site.16, 14, 125, 139
1121098.7.peg.914.site.17, 19, 125, 144
1121098.7.peg.914.site.18, 2, 122, 124
1121098.7.peg.914.site.19, 12, 121, 133
1121098.7.peg.914.site.20, 34, 123, 157
1121098.7.peg.914.site.21, 0, 126, 126
1121098.7.peg.914.site.22, 26, 125, 151
1121098.7.peg.914.site.23, 13, 124, 137
1121098.7.peg.914.site.24, 6, 126, 132
1121098.7.peg.914.site.25, 3, 124, 127
1121098.7.peg.914.site.26, 105, 125, 230
1121098.7.peg.914.site.27, 4, 126, 130
1121098.7.peg.914.site.28, 28, 125, 153
1121098.7.peg.914.site.29, 53, 126, 179
1121098.7.peg.914.site.30, 19, 125, 144
1121098.7.peg.914.site.31, 6, 126, 132
1121098.7.peg.914.site.32, 10, 126, 136
1121098.7.peg.914.site.33, 23, 125, 148
1121098.7.peg.914.site.34, 4, 126, 130
1121098.7.peg.914.site.35, 73, 126, 199
1121098.7.peg.914.site.36, 4, 99, 103
1121098.7.peg.914.site.37, 56, 91, 147
1121098.7.peg.914.site.38, 65, 94, 159
1121098.7.peg.914.site.39, 53, 124, 177
1121098.7.peg.914.site.40, 3, 125, 128
1121098.7.peg.914.site.41, 13, 126, 139
1121098.7.peg.914.site.42, 2, 126, 128
1121098.7.peg.914.site.43, 92, 126, 218
1121098.7.peg.914.site.44, 1, 124, 125
1121098.7.peg.914.site.45, 7, 120, 127
1121098.7.peg.914.site.46, 16, 116, 132
1121098.7.peg.914.site.47, 2, 126, 128
1121098.7.peg.914.site.48, 7, 126, 133
1121098.7.peg.914.site.49, 2, 126, 128
1121098.7.peg.914.site.50, 3, 126, 129
1121098.7.peg.914.site.51, 1, 126, 127
1121098.7.peg.914.site.52, 10, 119, 129
1121098.7.peg.914.site.53, 13, 103, 116
1121098.7.peg.914.site.54, 52, 101, 153
1121098.7.peg.914.site.55, 1, 101, 102
1121098.7.peg.914.site.56, 25, 101, 126
1121098.7.peg.914.site.57, 7, 101, 108
1121098.7.peg.914.site.58, 1, 101, 102
1121098.7.peg.914.site.59, 5, 100, 105
1121098.7.peg.914.site.60, 79, 99, 178
1121098.7.peg.914.site.61, 21, 110, 131
1121098.7.peg.914.site.62, 3, 119, 122
1121098.7.peg.914.site.63, 4, 120, 124
1121098.7.peg.914.site.64, 0, 120, 120
1121098.7.peg.914.site.65, 13, 120, 133
1121098.7.peg.914.site.66, 7, 121, 128
1121098.7.peg.914.site.67, 37, 121, 158
1121098.7.peg.914.site.68, 16, 122, 138
1121098.7.peg.914.site.69, 0, 122, 122
1121098.7.peg.914.site.70, 3, 124, 127
1121098.7.peg.914.site.71, 56, 126, 182
1121098.7.peg.914.site.72, 104, 126, 230
1121098.7.peg.914.site.73, 3, 126, 129
1121098.7.peg.914.site.74, 77, 126, 203
1121098.7.peg.914.site.75, 2, 126, 128
1121098.7.peg.914.site.76, 0, 126, 126
1121098.7.peg.914.site.77, 0, 126, 126
1121098.7.peg.914.site.78, 4, 126, 130
1121098.7.peg.914.site.79, 60, 126, 186
1121098.7.peg.914.site.80, 6, 126, 132
1121098.7.peg.914.site.81, 8, 126, 134
1121098.7.peg.914.site.82, 4, 126, 130
1121098.7.peg.914.site.83, 4, 126, 130
1121098.7.peg.914.site.84, 7, 126, 133
1121098.7.peg.914.site.85, 0, 126, 126
1121098.7.peg.914.site.86, 9, 126, 135
1121098.7.peg.914.site.87, 93, 126, 219
1121098.7.peg.914.site.88, 5, 126, 131
1121098.7.peg.914.site.89, 2, 126, 128
1121098.7.peg.914.site.90, 6, 126, 132
1121098.7.peg.914.site.91, 68, 125, 193
1121098.7.peg.914.site.92, 26, 126, 152
1121098.7.peg.915.site.1, 5, 126, 131
1121098.7.peg.915.site.2, 7, 126, 133
1121098.7.peg.915.site.3, 2, 126, 128
1121098.7.peg.915.site.4, 1, 126, 127
1121098.7.peg.915.site.5, 5, 126, 131
1121098.7.peg.915.site.6, 58, 126, 184
1121098.7.peg.915.site.7, 82, 126, 208
1121098.7.peg.915.site.8, 7, 126, 133
1121098.7.peg.915.site.9, 9, 126, 135
1121098.7.peg.915.site.10, 26, 126, 152
1121098.7.peg.915.site.11, 1, 126, 127
1121098.7.peg.915.site.12, 39, 125, 164
1121098.7.peg.915.site.13, 52, 125, 177
1121098.7.peg.915.site.14, 2, 126, 128
1121098.7.peg.915.site.15, 32, 126, 158
1121098.7.peg.915.site.16, 2, 126, 128
1121098.7.peg.915.site.17, 1, 124, 125
1121098.7.peg.915.site.18, 33, 121, 154
1121098.7.peg.915.site.19, 110, 116, 226
1121098.7.peg.915.site.20, 5, 97, 102
1121098.7.peg.915.site.21, 1, 95, 96
1121098.7.peg.915.site.22, 64, 87, 151
1121098.7.peg.915.site.23, 64, 86, 150
1121098.7.peg.915.site.24, 14, 89, 103
1121098.7.peg.1338.site.1, 1, 125, 126
1121098.7.peg.1338.site.2, 7, 126, 133
1121098.7.peg.1338.site.3, 3, 125, 128
1121098.7.peg.1338.site.4, 34, 125, 159
1121098.7.peg.1338.site.5, 3, 126, 129
1121098.7.peg.1338.site.6, 1, 124, 125
1121098.7.peg.1338.site.7, 3, 126, 129
1121098.7.peg.1338.site.8, 0, 126, 126
1121098.7.peg.1339.site.1, 16, 125, 141
1121098.7.peg.1339.site.2, 1, 126, 127
1121098.7.peg.1339.site.3, 29, 125, 154
1121098.7.peg.1339.site.4, 0, 126, 126
1121098.7.peg.1339.site.5, 9, 125, 134
1121098.7.peg.1339.site.6, 52, 125, 177
1121098.7.peg.1339.site.7, 88, 125, 213
1121098.7.peg.1339.site.8, 38, 124, 162
1121098.7.peg.1339.site.9, 4, 125, 129
1121098.7.peg.1339.site.10, 3, 126, 129
1121098.7.peg.1339.site.11, 0, 126, 126
1121098.7.peg.1339.site.12, 1, 125, 126
1121098.7.peg.1253.site.1, 55, 126, 181
1121098.7.peg.1253.site.2, 0, 126, 126
1121098.7.peg.1253.site.3, 0, 126, 126
1121098.7.peg.1253.site.4, 4, 126, 130
1121098.7.peg.1253.site.5, 1, 126, 127
1121098.7.peg.1253.site.6, 1, 125, 126
1121098.7.peg.1253.site.7, 62, 126, 188
1121098.7.peg.1253.site.8, 4, 126, 130
1121098.7.peg.1253.site.9, 0, 126, 126
1121098.7.peg.1253.site.10, 3, 126, 129
1121098.7.peg.1253.site.11, 24, 125, 149
1121098.7.peg.1252.site.1, 0, 125, 125
1121098.7.peg.1252.site.2, 26, 125, 151
1121098.7.peg.1252.site.3, 4, 125, 129
1121098.7.peg.1252.site.4, 60, 126, 186
1121098.7.peg.1252.site.5, 52, 126, 178
1121098.7.peg.1252.site.6, 52, 126, 178
1121098.7.peg.1252.site.7, 52, 126, 178
1121098.7.peg.1251.site.1, 0, 126, 126
1121098.7.peg.1251.site.2, 23, 126, 149
1121098.7.peg.1251.site.3, 0, 125, 125
1121098.7.peg.1251.site.4, 4, 126, 130
1121098.7.peg.1251.site.5, 1, 126, 127
1121098.7.peg.1251.site.6, 22, 125, 147
1121098.7.peg.1250.site.1, 2, 126, 128
1121098.7.peg.1250.site.2, 15, 126, 141
1121098.7.peg.1250.site.3, 52, 126, 178
1121098.7.peg.1257.site.1, 1, 126, 127
1121098.7.peg.1257.site.2, 3, 126, 129
1121098.7.peg.1257.site.3, 52, 126, 178
1121098.7.peg.1257.site.4, 0, 126, 126
1121098.7.peg.1257.site.5, 1, 126, 127
1121098.7.peg.1255.site.1, 1, 126, 127
1121098.7.peg.1255.site.2, 104, 126, 230
1121098.7.peg.1255.site.3, 4, 126, 130
1121098.7.peg.1255.site.4, 4, 126, 130
1121098.7.peg.1255.site.5, 74, 126, 200
1121098.7.peg.1255.site.6, 1, 125, 126
1121098.7.peg.1255.site.7, 19, 126, 145
1121098.7.peg.1255.site.8, 2, 124, 126
1121098.7.peg.1255.site.9, 10, 124, 134
1121098.7.peg.1255.site.10, 67, 125, 192
1121098.7.peg.1255.site.11, 0, 126, 126
1121098.7.peg.1255.site.12, 0, 126, 126
1121098.7.peg.1255.site.13, 38, 125, 163
1121098.7.peg.1255.site.14, 1, 126, 127
1121098.7.peg.1255.site.15, 56, 126, 182
1121098.7.peg.1255.site.16, 0, 126, 126
1121098.7.peg.1255.site.17, 56, 126, 182
1121098.7.peg.1255.site.18, 2, 126, 128
1121098.7.peg.1254.site.1, 1, 126, 127
1121098.7.peg.1254.site.2, 12, 125, 137
1121098.7.peg.1254.site.3, 83, 125, 208
1121098.7.peg.1254.site.4, 0, 126, 126
1121098.7.peg.1254.site.5, 0, 124, 124
1121098.7.peg.1254.site.6, 1, 125, 126
1121098.7.peg.1254.site.7, 0, 126, 126
1121098.7.peg.1254.site.8, 11, 126, 137
1121098.7.peg.1254.site.9, 0, 126, 126
1121098.7.peg.1254.site.10, 0, 126, 126
1121098.7.peg.1254.site.11, 2, 126, 128
1121098.7.peg.1254.site.12, 6, 126, 132
1121098.7.peg.1254.site.13, 0, 101, 101
1121098.7.peg.1254.site.14, 4, 123, 127
1121098.7.peg.2785.site.1, 0, 125, 125
1121098.7.peg.1259.site.1, 0, 126, 126
1121098.7.peg.1259.site.2, 65, 126, 191
1121098.7.peg.1259.site.3, 1, 126, 127
1121098.7.peg.1259.site.4, 1, 126, 127
1121098.7.peg.1259.site.5, 1, 126, 127
1121098.7.peg.2780.site.1, 114, 125, 239
1121098.7.peg.2780.site.2, 0, 126, 126
1121098.7.peg.2780.site.3, 1, 126, 127
1121098.7.peg.2781.site.1, 2, 126, 128
1121098.7.peg.2781.site.2, 10, 126, 136
1121098.7.peg.2781.site.3, 0, 126, 126
1121098.7.peg.2781.site.4, 3, 125, 128
1121098.7.peg.2781.site.5, 3, 125, 128
1121098.7.peg.2781.site.6, 4, 126, 130
1121098.7.peg.2781.site.7, 3, 125, 128
1121098.7.peg.2781.site.8, 4, 126, 130
1121098.7.peg.2781.site.9, 4, 126, 130
1121098.7.peg.2781.site.10, 3, 126, 129
1121098.7.peg.2781.site.11, 27, 125, 152
1121098.7.peg.2781.site.12, 2, 126, 128
1121098.7.peg.2781.site.13, 0, 126, 126
1121098.7.peg.2781.site.14, 10, 126, 136
1121098.7.peg.2781.site.15, 0, 126, 126
1121098.7.peg.2782.site.1, 0, 126, 126
1121098.7.peg.2782.site.2, 0, 126, 126
1121098.7.peg.2782.site.3, 53, 126, 179
1121098.7.peg.2782.site.4, 122, 126, 248
1121098.7.peg.2782.site.5, 1, 126, 127
1121098.7.peg.2782.site.6, 0, 126, 126
1121098.7.peg.2782.site.7, 0, 126, 126
1121098.7.peg.2782.site.8, 0, 125, 125
1121098.7.peg.2782.site.9, 2, 126, 128
1121098.7.peg.2783.site.1, 83, 126, 209
1121098.7.peg.2783.site.2, 0, 125, 125
1121098.7.peg.2783.site.3, 52, 126, 178
1121098.7.peg.2783.site.4, 0, 126, 126
1121098.7.peg.2783.site.5, 1, 126, 127
1121098.7.peg.2783.site.6, 0, 125, 125
1121098.7.peg.2783.site.7, 0, 126, 126
1121098.7.peg.2783.site.8, 122, 126, 248
1121098.7.peg.2783.site.9, 16, 126, 142
1121098.7.peg.2783.site.10, 0, 126, 126
1121098.7.peg.2783.site.11, 19, 125, 144
1121098.7.peg.2783.site.12, 10, 126, 136
1121098.7.peg.2783.site.13, 57, 126, 183
1121098.7.peg.3871.site.1, 0, 126, 126
1121098.7.peg.3871.site.2, 0, 126, 126
1121098.7.peg.3870.site.1, 0, 126, 126
1121098.7.peg.3870.site.2, 8, 126, 134
1121098.7.peg.3870.site.3, 2, 125, 127
1121098.7.peg.3870.site.4, 4, 126, 130
1121098.7.peg.3870.site.5, 5, 125, 130
1121098.7.peg.3870.site.6, 122, 126, 248
1121098.7.peg.3870.site.7, 0, 126, 126
1121098.7.peg.3870.site.8, 0, 126, 126
1121098.7.peg.3870.site.9, 0, 125, 125
1121098.7.peg.3872.site.1, 52, 126, 178
1121098.7.peg.3280.site.1, 0, 126, 126
1121098.7.peg.3280.site.2, 0, 126, 126
1121098.7.peg.3280.site.3, 0, 125, 125
1121098.7.peg.3281.site.1, 1, 126, 127
1121098.7.peg.3281.site.2, 64, 126, 190
1121098.7.peg.3281.site.3, 1, 125, 126
1121098.7.peg.3281.site.4, 1, 124, 125
1121098.7.peg.3281.site.5, 0, 126, 126
1121098.7.peg.3281.site.6, 61, 126, 187
1121098.7.peg.3281.site.7, 83, 125, 208
1121098.7.peg.3281.site.8, 90, 126, 216
1121098.7.peg.3129.site.1, 4, 117, 121
1121098.7.peg.3129.site.2, 4, 117, 121
1121098.7.peg.3129.site.3, 3, 119, 122
1121098.7.peg.3129.site.4, 3, 119, 122
1121098.7.peg.3129.site.5, 2, 118, 120
1121098.7.peg.3129.site.6, 0, 118, 118
1121098.7.peg.3129.site.7, 1, 117, 118
1121098.7.peg.3129.site.8, 1, 117, 118
1121098.7.peg.3129.site.9, 3, 119, 122
1121098.7.peg.3129.site.10, 3, 119, 122
1121098.7.peg.3129.site.11, 3, 119, 122
1121098.7.peg.3129.site.12, 3, 119, 122
1121098.7.peg.3129.site.13, 0, 119, 119
1121098.7.peg.3126.site.1, 2, 91, 93
1121098.7.peg.3126.site.2, 11, 103, 114
1121098.7.peg.3126.site.3, 24, 110, 134
1121098.7.peg.3126.site.4, 1, 79, 80
1121098.7.peg.3126.site.5, 52, 81, 133
1121098.7.peg.3126.site.6, 12, 73, 85
1121098.7.peg.3126.site.7, 1, 75, 76
1121098.7.peg.3126.site.8, 1, 86, 87
1121098.7.peg.3126.site.9, 48, 122, 170
1121098.7.peg.3126.site.10, 50, 124, 174
1121098.7.peg.3126.site.11, 68, 95, 163
1121098.7.peg.3126.site.12, 27, 46, 73
1121098.7.peg.3126.site.13, 14, 50, 64
1121098.7.peg.3126.site.14, 0, 111, 111
1121098.7.peg.3126.site.15, 77, 126, 203
1121098.7.peg.3126.site.16, 0, 126, 126
1121098.7.peg.3126.site.17, 10, 126, 136
1121098.7.peg.3126.site.18, 1, 125, 126
1121098.7.peg.3126.site.19, 9, 126, 135
1121098.7.peg.3126.site.20, 0, 44, 44
1121098.7.peg.3126.site.21, 37, 75, 112
1121098.7.peg.3126.site.22, 0, 82, 82
1121098.7.peg.3126.site.23, 16, 79, 95
1121098.7.peg.3126.site.24, 17, 79, 96
1121098.7.peg.3126.site.25, 14, 118, 132
1121098.7.peg.3126.site.26, 0, 126, 126
1121098.7.peg.3126.site.27, 95, 126, 221
1121098.7.peg.3126.site.28, 4, 119, 123
1121098.7.peg.3126.site.29, 25, 125, 150
1121098.7.peg.3126.site.30, 98, 125, 223
1121098.7.peg.3126.site.31, 4, 76, 80
1121098.7.peg.3126.site.32, 16, 92, 108
1121098.7.peg.3126.site.33, 1, 126, 127
1121098.7.peg.3126.site.34, 21, 126, 147
1121098.7.peg.3126.site.35, 0, 126, 126
1121098.7.peg.3126.site.36, 22, 125, 147
1121098.7.peg.3126.site.37, 3, 126, 129
1121098.7.peg.3126.site.38, 0, 126, 126
1121098.7.peg.3126.site.39, 0, 126, 126
1121098.7.peg.3126.site.40, 1, 125, 126
1121098.7.peg.3126.site.41, 1, 124, 125
1121098.7.peg.3126.site.42, 1, 62, 63
1121098.7.peg.3126.site.43, 0, 112, 112
1121098.7.peg.3125.site.1, 0, 125, 125
1121098.7.peg.3125.site.2, 4, 126, 130
1121098.7.peg.3125.site.3, 0, 126, 126
1121098.7.peg.3125.site.4, 12, 125, 137
1121098.7.peg.3125.site.5, 48, 125, 173
1121098.7.peg.3125.site.6, 3, 126, 129
1121098.7.peg.3125.site.7, 1, 126, 127
1121098.7.peg.3125.site.8, 4, 126, 130
1121098.7.peg.3125.site.9, 15, 126, 141
1121098.7.peg.3125.site.10, 15, 125, 140
1121098.7.peg.3125.site.11, 50, 126, 176
1121098.7.peg.3125.site.12, 2, 126, 128
1121098.7.peg.3125.site.13, 3, 126, 129
1121098.7.peg.3125.site.14, 50, 126, 176
1121098.7.peg.3125.site.15, 3, 126, 129
1121098.7.peg.3125.site.16, 12, 126, 138
1121098.7.peg.3125.site.17, 3, 126, 129
1121098.7.peg.3125.site.18, 12, 126, 138
1121098.7.peg.3125.site.19, 61, 126, 187
1121098.7.peg.3124.site.1, 105, 125, 230
1121098.7.peg.3124.site.2, 2, 126, 128
1121098.7.peg.3124.site.3, 0, 126, 126
1121098.7.peg.3124.site.4, 0, 125, 125
1121098.7.peg.3124.site.5, 4, 126, 130
1121098.7.peg.3124.site.6, 4, 126, 130
1121098.7.peg.3124.site.7, 11, 125, 136
1121098.7.peg.3124.site.8, 0, 122, 122
1121098.7.peg.3123.site.1, 2, 126, 128
1121098.7.peg.3123.site.2, 4, 126, 130
1121098.7.peg.3123.site.3, 8, 126, 134
1121098.7.peg.3123.site.4, 3, 126, 129
1121098.7.peg.3123.site.5, 12, 126, 138
1121098.7.peg.3123.site.6, 13, 126, 139
1121098.7.peg.3123.site.7, 1, 126, 127
1121098.7.peg.3123.site.8, 1, 126, 127
1121098.7.peg.3123.site.9, 0, 125, 125
1121098.7.peg.3122.site.1, 0, 126, 126
1121098.7.peg.3122.site.2, 0, 126, 126
1121098.7.peg.3120.site.1, 9, 126, 135
1121098.7.peg.3120.site.2, 12, 126, 138
1121098.7.peg.3120.site.3, 0, 125, 125
1121098.7.peg.3288.site.1, 122, 126, 248
1121098.7.peg.3288.site.2, 111, 125, 236
1121098.7.peg.3288.site.3, 13, 126, 139
1121098.7.peg.3288.site.4, 4, 126, 130
1121098.7.peg.3288.site.5, 0, 126, 126
1121098.7.peg.3288.site.6, 2, 126, 128
1121098.7.peg.3288.site.7, 1, 125, 126
1121098.7.peg.3289.site.1, 20, 126, 146
1121098.7.peg.3289.site.2, 3, 126, 129
1121098.7.peg.3289.site.3, 0, 126, 126
1121098.7.peg.3289.site.4, 0, 126, 126
1121098.7.peg.3289.site.5, 54, 125, 179
1121098.7.peg.3289.site.6, 3, 126, 129
1121098.7.peg.2229.site.1, 4, 125, 129
1121098.7.peg.2229.site.2, 29, 125, 154
1121098.7.peg.2229.site.3, 13, 126, 139
1121098.7.peg.1921.site.1, 6, 126, 132
1121098.7.peg.1921.site.2, 3, 126, 129
1121098.7.peg.1921.site.3, 0, 126, 126
1121098.7.peg.1921.site.4, 0, 126, 126
1121098.7.peg.1920.site.1, 7, 126, 133
1121098.7.peg.1920.site.2, 0, 126, 126
1121098.7.peg.1920.site.3, 4, 126, 130
1121098.7.peg.1920.site.4, 4, 126, 130
1121098.7.peg.1920.site.5, 80, 125, 205
1121098.7.peg.1920.site.6, 24, 125, 149
1121098.7.peg.1920.site.7, 49, 126, 175
1121098.7.peg.1920.site.8, 17, 126, 143
1121098.7.peg.1920.site.9, 0, 126, 126
1121098.7.peg.1920.site.10, 16, 126, 142
1121098.7.peg.1920.site.11, 0, 126, 126
1121098.7.peg.1920.site.12, 0, 126, 126
1121098.7.peg.1920.site.13, 1, 125, 126
1121098.7.peg.1920.site.14, 0, 126, 126
1121098.7.peg.1920.site.15, 64, 126, 190
1121098.7.peg.1923.site.1, 0, 126, 126
1121098.7.peg.1923.site.2, 4, 126, 130
1121098.7.peg.1923.site.3, 0, 126, 126
1121098.7.peg.1923.site.4, 0, 126, 126
1121098.7.peg.1923.site.5, 2, 126, 128
1121098.7.peg.1923.site.6, 0, 126, 126
1121098.7.peg.1923.site.7, 7, 126, 133
1121098.7.peg.1923.site.8, 0, 126, 126
1121098.7.peg.1923.site.9, 0, 126, 126
1121098.7.peg.1923.site.10, 24, 125, 149
1121098.7.peg.1923.site.11, 3, 126, 129
1121098.7.peg.1925.site.1, 0, 126, 126
1121098.7.peg.1925.site.2, 0, 126, 126
1121098.7.peg.1925.site.3, 1, 126, 127
1121098.7.peg.1925.site.4, 0, 126, 126
1121098.7.peg.1925.site.5, 21, 125, 146
1121098.7.peg.1925.site.6, 34, 126, 160
1121098.7.peg.1925.site.7, 64, 126, 190
1121098.7.peg.1925.site.8, 61, 125, 186
1121098.7.peg.1925.site.9, 65, 126, 191
1121098.7.peg.1925.site.10, 6, 126, 132
1121098.7.peg.1925.site.11, 60, 126, 186
1121098.7.peg.1925.site.12, 5, 126, 131
1121098.7.peg.1925.site.13, 94, 125, 219
1121098.7.peg.1925.site.14, 10, 125, 135
1121098.7.peg.1924.site.1, 3, 126, 129
1121098.7.peg.1924.site.2, 1, 126, 127
1121098.7.peg.1924.site.3, 4, 125, 129
1121098.7.peg.1924.site.4, 3, 126, 129
1121098.7.peg.1924.site.5, 0, 126, 126
1121098.7.peg.1924.site.6, 3, 126, 129
1121098.7.peg.1924.site.7, 0, 126, 126
1121098.7.peg.1924.site.8, 53, 125, 178
1121098.7.peg.1924.site.9, 49, 126, 175
1121098.7.peg.1924.site.10, 1, 125, 126
1121098.7.peg.1924.site.11, 0, 126, 126
1121098.7.peg.1924.site.12, 65, 126, 191
1121098.7.peg.1924.site.13, 0, 126, 126
1121098.7.peg.1924.site.14, 6, 126, 132
1121098.7.peg.1924.site.15, 10, 126, 136
1121098.7.peg.1924.site.16, 0, 126, 126
1121098.7.peg.1924.site.17, 56, 125, 181
1121098.7.peg.1924.site.18, 58, 126, 184
1121098.7.peg.1924.site.19, 0, 126, 126
1121098.7.peg.1924.site.20, 12, 126, 138
1121098.7.peg.1924.site.21, 2, 126, 128
1121098.7.peg.1924.site.22, 55, 126, 181
1121098.7.peg.1924.site.23, 67, 125, 192
1121098.7.peg.1927.site.1, 21, 125, 146
1121098.7.peg.1927.site.2, 118, 125, 243
1121098.7.peg.1927.site.3, 9, 126, 135
1121098.7.peg.1927.site.4, 91, 125, 216
1121098.7.peg.1927.site.5, 0, 126, 126
1121098.7.peg.1927.site.6, 3, 126, 129
1121098.7.peg.1927.site.7, 0, 126, 126
1121098.7.peg.1927.site.8, 0, 126, 126
1121098.7.peg.1927.site.9, 9, 126, 135
1121098.7.peg.1927.site.10, 0, 126, 126
1121098.7.peg.1926.site.1, 7, 126, 133
1121098.7.peg.1928.site.1, 1, 126, 127
1121098.7.peg.1928.site.2, 5, 126, 131
1121098.7.peg.1928.site.3, 21, 125, 146
1121098.7.peg.1928.site.4, 52, 125, 177
1121098.7.peg.3306.site.1, 49, 126, 175
1121098.7.peg.3306.site.2, 0, 123, 123
1121098.7.peg.3306.site.3, 95, 99, 194
1121098.7.peg.3306.site.4, 1, 99, 100
1121098.7.peg.3306.site.5, 49, 99, 148
1121098.7.peg.3306.site.6, 95, 99, 194
1121098.7.peg.3306.site.7, 2, 101, 103
1121098.7.peg.3306.site.8, 25, 121, 146
1121098.7.peg.3306.site.9, 3, 64, 67
1121098.7.peg.3306.site.10, 4, 105, 109
1121098.7.peg.3306.site.11, 5, 126, 131
1121098.7.peg.3306.site.12, 3, 125, 128
1121098.7.peg.3306.site.13, 0, 120, 120
1121098.7.peg.3306.site.14, 0, 123, 123
1121098.7.peg.3306.site.15, 1, 120, 121
1121098.7.peg.3306.site.16, 87, 120, 207
1121098.7.peg.3306.site.17, 0, 124, 124
1121098.7.peg.3306.site.18, 0, 126, 126
1121098.7.peg.3306.site.19, 1, 126, 127
1121098.7.peg.3306.site.20, 6, 126, 132
1121098.7.peg.3306.site.21, 13, 126, 139
1121098.7.peg.3306.site.22, 12, 126, 138
1121098.7.peg.3306.site.23, 13, 126, 139
1121098.7.peg.3306.site.24, 12, 126, 138
1121098.7.peg.3306.site.25, 49, 126, 175
1121098.7.peg.3306.site.26, 15, 126, 141
1121098.7.peg.3306.site.27, 54, 126, 180
1121098.7.peg.3306.site.28, 54, 126, 180
1121098.7.peg.3306.site.29, 0, 126, 126
1121098.7.peg.3306.site.30, 0, 126, 126
1121098.7.peg.3306.site.31, 12, 124, 136
1121098.7.peg.3306.site.32, 56, 125, 181
1121098.7.peg.3303.site.1, 0, 126, 126
1121098.7.peg.3303.site.2, 0, 126, 126
1121098.7.peg.3303.site.3, 15, 126, 141
1121098.7.peg.3303.site.4, 49, 126, 175
1121098.7.peg.3303.site.5, 0, 126, 126
1121098.7.peg.3302.site.1, 3, 126, 129
1121098.7.peg.3302.site.2, 53, 126, 179
1121098.7.peg.3302.site.3, 1, 126, 127
1121098.7.peg.3302.site.4, 0, 125, 125
1121098.7.peg.3302.site.5, 16, 125, 141
1121098.7.peg.3302.site.6, 2, 126, 128
1121098.7.peg.3302.site.7, 1, 126, 127
1121098.7.peg.3302.site.8, 0, 126, 126
1121098.7.peg.3302.site.9, 5, 126, 131
1121098.7.peg.3302.site.10, 0, 126, 126
1121098.7.peg.3302.site.11, 53, 126, 179
1121098.7.peg.3302.site.12, 8, 125, 133
1121098.7.peg.3302.site.13, 1, 125, 126
1121098.7.peg.3302.site.14, 0, 126, 126
1121098.7.peg.3302.site.15, 0, 120, 120
1121098.7.peg.3302.site.16, 9, 125, 134
1121098.7.peg.3302.site.17, 0, 125, 125
1121098.7.peg.3302.site.18, 0, 125, 125
1121098.7.peg.3302.site.19, 0, 125, 125
1121098.7.peg.3302.site.20, 12, 125, 137
1121098.7.peg.3302.site.21, 58, 126, 184
1121098.7.peg.3302.site.22, 63, 126, 189
1121098.7.peg.3301.site.1, 0, 126, 126
1121098.7.peg.3301.site.2, 62, 125, 187
1121098.7.peg.3301.site.3, 1, 126, 127
1121098.7.peg.3301.site.4, 60, 126, 186
1121098.7.peg.3300.site.1, 53, 126, 179
1121098.7.peg.3300.site.2, 0, 125, 125
1121098.7.peg.3300.site.3, 84, 125, 209
1121098.7.peg.3300.site.4, 53, 125, 178
1121098.7.peg.3300.site.5, 6, 125, 131
1121098.7.peg.3300.site.6, 0, 126, 126
1121098.7.peg.3300.site.7, 3, 126, 129
1121098.7.peg.3300.site.8, 11, 126, 137
1121098.7.peg.3300.site.9, 5, 126, 131
1121098.7.peg.3300.site.10, 6, 125, 131
1121098.7.peg.3300.site.11, 3, 126, 129
1121098.7.peg.3300.site.12, 2, 126, 128
1121098.7.peg.3300.site.13, 0, 125, 125
1121098.7.peg.3208.site.1, 0, 126, 126
1121098.7.peg.3208.site.2, 2, 126, 128
1121098.7.peg.3208.site.3, 0, 126, 126
1121098.7.peg.3208.site.4, 7, 126, 133
1121098.7.peg.3208.site.5, 102, 126, 228
1121098.7.peg.3208.site.6, 0, 126, 126
1121098.7.peg.3208.site.7, 11, 125, 136
1121098.7.peg.3208.site.8, 0, 126, 126
1121098.7.peg.966.site.1, 63, 126, 189
1121098.7.peg.966.site.2, 2, 126, 128
1121098.7.peg.966.site.3, 0, 126, 126
1121098.7.peg.965.site.1, 5, 125, 130
1121098.7.peg.965.site.2, 0, 126, 126
1121098.7.peg.679.site.1, 23, 126, 149
1121098.7.peg.679.site.2, 0, 126, 126
1121098.7.peg.679.site.3, 0, 126, 126
1121098.7.peg.679.site.4, 0, 126, 126
1121098.7.peg.679.site.5, 2, 125, 127
1121098.7.peg.679.site.6, 56, 126, 182
1121098.7.peg.679.site.7, 0, 126, 126
1121098.7.peg.679.site.8, 114, 125, 239
1121098.7.peg.678.site.1, 0, 125, 125
1121098.7.peg.678.site.2, 13, 126, 139
1121098.7.peg.678.site.3, 3, 126, 129
1121098.7.peg.678.site.4, 1, 124, 125
1121098.7.peg.678.site.5, 0, 126, 126
1121098.7.peg.678.site.6, 67, 126, 193
1121098.7.peg.678.site.7, 1, 126, 127
1121098.7.peg.678.site.8, 109, 125, 234
1121098.7.peg.678.site.9, 45, 124, 169
1121098.7.peg.678.site.10, 112, 125, 237
1121098.7.peg.678.site.11, 112, 125, 237
1121098.7.peg.678.site.12, 2, 126, 128
1121098.7.peg.677.site.1, 0, 126, 126
1121098.7.peg.677.site.2, 4, 126, 130
1121098.7.peg.677.site.3, 65, 126, 191
1121098.7.peg.677.site.4, 6, 125, 131
1121098.7.peg.675.site.1, 51, 125, 176
1121098.7.peg.674.site.1, 0, 126, 126
1121098.7.peg.674.site.2, 49, 126, 175
1121098.7.peg.674.site.3, 0, 126, 126
1121098.7.peg.673.site.1, 0, 126, 126
1121098.7.peg.673.site.2, 120, 125, 245
1121098.7.peg.673.site.3, 25, 126, 151
1121098.7.peg.673.site.4, 2, 126, 128
1121098.7.peg.672.site.1, 0, 126, 126
1121098.7.peg.672.site.2, 11, 125, 136
1121098.7.peg.672.site.3, 11, 125, 136
1121098.7.peg.672.site.4, 59, 126, 185
1121098.7.peg.672.site.5, 17, 125, 142
1121098.7.peg.672.site.6, 2, 126, 128
1121098.7.peg.671.site.1, 0, 126, 126
1121098.7.peg.671.site.2, 54, 126, 180
1121098.7.peg.671.site.3, 8, 124, 132
1121098.7.peg.671.site.4, 0, 126, 126
1121098.7.peg.671.site.5, 20, 125, 145
1121098.7.peg.671.site.6, 3, 126, 129
1121098.7.peg.670.site.1, 20, 126, 146
1121098.7.peg.670.site.2, 0, 126, 126
1121098.7.peg.670.site.3, 0, 126, 126
1121098.7.peg.670.site.4, 22, 125, 147
1121098.7.peg.2318.site.1, 0, 126, 126
1121098.7.peg.2318.site.2, 4, 126, 130
1121098.7.peg.2318.site.3, 50, 124, 174
1121098.7.peg.2318.site.4, 119, 125, 244
1121098.7.peg.2318.site.5, 0, 91, 91
1121098.7.peg.457.site.1, 60, 126, 186
1121098.7.peg.455.site.1, 0, 126, 126
1121098.7.peg.455.site.2, 0, 126, 126
1121098.7.peg.455.site.3, 3, 126, 129
1121098.7.peg.455.site.4, 6, 126, 132
1121098.7.peg.455.site.5, 3, 126, 129
1121098.7.peg.455.site.6, 3, 126, 129
1121098.7.peg.455.site.7, 3, 126, 129
1121098.7.peg.455.site.8, 0, 126, 126
1121098.7.peg.455.site.9, 0, 126, 126
1121098.7.peg.455.site.10, 98, 125, 223
1121098.7.peg.454.site.1, 0, 126, 126
1121098.7.peg.454.site.2, 0, 126, 126
1121098.7.peg.454.site.3, 0, 126, 126
1121098.7.peg.454.site.4, 25, 125, 150
1121098.7.peg.454.site.5, 12, 126, 138
1121098.7.peg.454.site.6, 67, 124, 191
1121098.7.peg.454.site.7, 15, 124, 139
1121098.7.peg.454.site.8, 16, 124, 140
1121098.7.peg.454.site.9, 12, 125, 137
1121098.7.peg.454.site.10, 50, 126, 176
1121098.7.peg.454.site.11, 0, 125, 125
1121098.7.peg.454.site.12, 1, 125, 126
1121098.7.peg.454.site.13, 0, 125, 125
1121098.7.peg.452.site.1, 0, 126, 126
1121098.7.peg.452.site.2, 2, 126, 128
1121098.7.peg.452.site.3, 4, 126, 130
1121098.7.peg.452.site.4, 18, 126, 144
1121098.7.peg.452.site.5, 20, 126, 146
1121098.7.peg.452.site.6, 30, 125, 155
1121098.7.peg.452.site.7, 6, 89, 95
1121098.7.peg.1659.site.1, 0, 124, 124
1121098.7.peg.450.site.1, 52, 126, 178
1121098.7.peg.450.site.2, 122, 126, 248
1121098.7.peg.450.site.3, 4, 126, 130
1121098.7.peg.450.site.4, 4, 126, 130
1121098.7.peg.450.site.5, 0, 126, 126
1121098.7.peg.450.site.6, 29, 125, 154
1121098.7.peg.450.site.7, 0, 126, 126
1121098.7.peg.450.site.8, 0, 126, 126
1121098.7.peg.450.site.9, 43, 125, 168
1121098.7.peg.450.site.10, 0, 126, 126
1121098.7.peg.450.site.11, 56, 126, 182
1121098.7.peg.450.site.12, 24, 125, 149
1121098.7.peg.450.site.13, 5, 126, 131
1121098.7.peg.1657.site.1, 0, 126, 126
1121098.7.peg.1657.site.2, 0, 126, 126
1121098.7.peg.1657.site.3, 0, 126, 126
1121098.7.peg.1657.site.4, 0, 126, 126
1121098.7.peg.1657.site.5, 31, 124, 155
1121098.7.peg.1657.site.6, 0, 126, 126
1121098.7.peg.1657.site.7, 0, 126, 126
1121098.7.peg.1657.site.8, 0, 125, 125
1121098.7.peg.1657.site.9, 3, 126, 129
1121098.7.peg.1657.site.10, 0, 126, 126
1121098.7.peg.1657.site.11, 54, 126, 180
1121098.7.peg.1657.site.12, 1, 126, 127
1121098.7.peg.1657.site.13, 16, 125, 141
1121098.7.peg.1657.site.14, 44, 126, 170
1121098.7.peg.1657.site.15, 0, 126, 126
1121098.7.peg.1657.site.16, 0, 125, 125
1121098.7.peg.1657.site.17, 0, 126, 126
1121098.7.peg.1656.site.1, 0, 126, 126
1121098.7.peg.1656.site.2, 5, 126, 131
1121098.7.peg.1656.site.3, 0, 126, 126
1121098.7.peg.1656.site.4, 25, 124, 149
1121098.7.peg.1656.site.5, 4, 126, 130
1121098.7.peg.1656.site.6, 1, 125, 126
1121098.7.peg.1656.site.7, 0, 126, 126
1121098.7.peg.1656.site.8, 1, 126, 127
1121098.7.peg.1656.site.9, 0, 125, 125
1121098.7.peg.1656.site.10, 4, 126, 130
1121098.7.peg.1655.site.1, 0, 126, 126
1121098.7.peg.1655.site.2, 106, 126, 232
1121098.7.peg.1655.site.3, 0, 126, 126
1121098.7.peg.1655.site.4, 56, 126, 182
1121098.7.peg.1655.site.5, 4, 126, 130
1121098.7.peg.1655.site.6, 1, 126, 127
1121098.7.peg.1655.site.7, 51, 125, 176
1121098.7.peg.1654.site.1, 53, 126, 179
1121098.7.peg.1654.site.2, 0, 125, 125
1121098.7.peg.1654.site.3, 2, 125, 127
1121098.7.peg.459.site.1, 5, 126, 131
1121098.7.peg.459.site.2, 35, 125, 160
1121098.7.peg.459.site.3, 0, 126, 126
1121098.7.peg.459.site.4, 24, 126, 150
1121098.7.peg.459.site.5, 4, 126, 130
1121098.7.peg.459.site.6, 107, 126, 233
1121098.7.peg.459.site.7, 15, 125, 140
1121098.7.peg.459.site.8, 17, 126, 143
1121098.7.peg.459.site.9, 2, 126, 128
1121098.7.peg.459.site.10, 0, 126, 126
1121098.7.peg.459.site.11, 1, 126, 127
1121098.7.peg.1650.site.1, 1, 125, 126
1121098.7.peg.1650.site.2, 1, 125, 126
1121098.7.peg.1650.site.3, 1, 125, 126
1121098.7.peg.1650.site.4, 66, 125, 191
1121098.7.peg.1650.site.5, 4, 126, 130
1121098.7.peg.1650.site.6, 4, 126, 130
1121098.7.peg.1650.site.7, 0, 126, 126
1121098.7.peg.2009.site.1, 0, 126, 126
1121098.7.peg.2009.site.2, 6, 126, 132
1121098.7.peg.2009.site.3, 0, 126, 126
1121098.7.peg.2009.site.4, 13, 124, 137
1121098.7.peg.2009.site.5, 64, 126, 190
1121098.7.peg.2009.site.6, 0, 126, 126
1121098.7.peg.2009.site.7, 0, 126, 126
1121098.7.peg.2009.site.8, 0, 126, 126
1121098.7.peg.2009.site.9, 64, 126, 190
1121098.7.peg.2008.site.1, 59, 126, 185
1121098.7.peg.2008.site.2, 4, 126, 130
1121098.7.peg.2008.site.3, 65, 126, 191
1121098.7.peg.2008.site.4, 3, 126, 129
1121098.7.peg.2008.site.5, 0, 126, 126
1121098.7.peg.2008.site.6, 4, 126, 130
1121098.7.peg.2008.site.7, 0, 126, 126
1121098.7.peg.2008.site.8, 4, 126, 130
1121098.7.peg.2008.site.9, 3, 126, 129
1121098.7.peg.2008.site.10, 12, 126, 138
1121098.7.peg.2008.site.11, 3, 126, 129
1121098.7.peg.2008.site.12, 0, 126, 126
1121098.7.peg.2008.site.13, 7, 126, 133
1121098.7.peg.2002.site.1, 15, 125, 140
1121098.7.peg.2002.site.2, 71, 126, 197
1121098.7.peg.2002.site.3, 0, 126, 126
1121098.7.peg.2002.site.4, 2, 125, 127
1121098.7.peg.2002.site.5, 25, 125, 150
1121098.7.peg.2002.site.6, 59, 126, 185
1121098.7.peg.2002.site.7, 4, 124, 128
1121098.7.peg.2002.site.8, 0, 119, 119
1121098.7.peg.2002.site.9, 2, 126, 128
1121098.7.peg.2002.site.10, 2, 125, 127
1121098.7.peg.2002.site.11, 0, 126, 126
1121098.7.peg.2002.site.12, 60, 126, 186
1121098.7.peg.2001.site.1, 33, 125, 158
1121098.7.peg.2001.site.2, 2, 126, 128
1121098.7.peg.2001.site.3, 3, 126, 129
1121098.7.peg.2001.site.4, 2, 126, 128
1121098.7.peg.2001.site.5, 2, 126, 128
1121098.7.peg.2001.site.6, 2, 126, 128
1121098.7.peg.2001.site.7, 0, 126, 126
1121098.7.peg.2007.site.1, 0, 126, 126
1121098.7.peg.2007.site.2, 0, 126, 126
1121098.7.peg.2007.site.3, 19, 125, 144
1121098.7.peg.2007.site.4, 58, 125, 183
1121098.7.peg.2007.site.5, 109, 125, 234
1121098.7.peg.2005.site.1, 122, 126, 248
1121098.7.peg.2005.site.2, 90, 125, 215
1121098.7.peg.585.site.1, 0, 126, 126
1121098.7.peg.585.site.2, 2, 126, 128
1121098.7.peg.584.site.1, 0, 126, 126
1121098.7.peg.584.site.2, 4, 126, 130
1121098.7.peg.584.site.3, 3, 125, 128
1121098.7.peg.584.site.4, 58, 124, 182
1121098.7.peg.584.site.5, 1, 126, 127
1121098.7.peg.584.site.6, 122, 126, 248
1121098.7.peg.584.site.7, 32, 126, 158
1121098.7.peg.584.site.8, 25, 126, 151
1121098.7.peg.584.site.9, 2, 126, 128
1121098.7.peg.584.site.10, 3, 126, 129
1121098.7.peg.584.site.11, 2, 126, 128
1121098.7.peg.584.site.12, 0, 126, 126
1121098.7.peg.586.site.1, 0, 126, 126
1121098.7.peg.586.site.2, 19, 126, 145
1121098.7.peg.586.site.3, 53, 126, 179
1121098.7.peg.586.site.4, 4, 125, 129
1121098.7.peg.586.site.5, 4, 126, 130
1121098.7.peg.586.site.6, 2, 126, 128
1121098.7.peg.586.site.7, 4, 126, 130
1121098.7.peg.581.site.1, 1, 126, 127
1121098.7.peg.581.site.2, 6, 126, 132
1121098.7.peg.581.site.3, 0, 126, 126
1121098.7.peg.581.site.4, 0, 126, 126
1121098.7.peg.581.site.5, 0, 126, 126
1121098.7.peg.581.site.6, 1, 124, 125
1121098.7.peg.581.site.7, 5, 126, 131
1121098.7.peg.581.site.8, 3, 126, 129
1121098.7.peg.581.site.9, 4, 126, 130
1121098.7.peg.581.site.10, 3, 125, 128
1121098.7.peg.581.site.11, 1, 123, 124
1121098.7.peg.581.site.12, 1, 123, 124
1121098.7.peg.581.site.13, 0, 123, 123
1121098.7.peg.581.site.14, 2, 121, 123
1121098.7.peg.581.site.15, 2, 121, 123
1121098.7.peg.581.site.16, 2, 122, 124
1121098.7.peg.581.site.17, 1, 121, 122
1121098.7.peg.581.site.18, 3, 122, 125
1121098.7.peg.581.site.19, 3, 122, 125
1121098.7.peg.581.site.20, 4, 123, 127
1121098.7.peg.581.site.21, 2, 123, 125
1121098.7.peg.581.site.22, 57, 122, 179
1121098.7.peg.581.site.23, 105, 119, 224
1121098.7.peg.581.site.24, 119, 119, 238
1121098.7.peg.581.site.25, 2, 123, 125
1121098.7.peg.581.site.26, 3, 124, 127
1121098.7.peg.581.site.27, 3, 125, 128
1121098.7.peg.581.site.28, 8, 126, 134
1121098.7.peg.581.site.29, 2, 126, 128
1121098.7.peg.580.site.1, 122, 126, 248
1121098.7.peg.580.site.2, 12, 125, 137
1121098.7.peg.580.site.3, 0, 126, 126
1121098.7.peg.580.site.4, 25, 125, 150
1121098.7.peg.580.site.5, 11, 125, 136
1121098.7.peg.580.site.6, 7, 126, 133
1121098.7.peg.580.site.7, 0, 126, 126
1121098.7.peg.583.site.1, 0, 126, 126
1121098.7.peg.583.site.2, 121, 125, 246
1121098.7.peg.583.site.3, 3, 126, 129
1121098.7.peg.583.site.4, 1, 125, 126
1121098.7.peg.583.site.5, 112, 126, 238
1121098.7.peg.583.site.6, 3, 126, 129
1121098.7.peg.583.site.7, 72, 126, 198
1121098.7.peg.583.site.8, 116, 126, 242
1121098.7.peg.583.site.9, 0, 126, 126
1121098.7.peg.583.site.10, 3, 126, 129
1121098.7.peg.582.site.1, 2, 126, 128
1121098.7.peg.582.site.2, 9, 126, 135
1121098.7.peg.582.site.3, 0, 126, 126
1121098.7.peg.3273.site.1, 1, 125, 126
1121098.7.peg.3273.site.2, 0, 126, 126
1121098.7.peg.3273.site.3, 55, 126, 181
1121098.7.peg.3273.site.4, 60, 126, 186
1121098.7.peg.3273.site.5, 0, 126, 126
1121098.7.peg.3273.site.6, 0, 126, 126
1121098.7.peg.3273.site.7, 1, 126, 127
1121098.7.peg.3273.site.8, 0, 126, 126
1121098.7.peg.3273.site.9, 64, 126, 190
1121098.7.peg.3273.site.10, 4, 126, 130
1121098.7.peg.3273.site.11, 3, 126, 129
1121098.7.peg.3273.site.12, 4, 126, 130
1121098.7.peg.3273.site.13, 0, 126, 126
1121098.7.peg.3273.site.14, 1, 125, 126
1121098.7.peg.3272.site.1, 1, 126, 127
1121098.7.peg.3272.site.2, 0, 126, 126
1121098.7.peg.3272.site.3, 74, 126, 200
1121098.7.peg.3272.site.4, 2, 126, 128
1121098.7.peg.3272.site.5, 80, 125, 205
1121098.7.peg.3272.site.6, 0, 126, 126
1121098.7.peg.3272.site.7, 0, 126, 126
1121098.7.peg.3272.site.8, 3, 126, 129
1121098.7.peg.3272.site.9, 1, 126, 127
1121098.7.peg.3272.site.10, 4, 126, 130
1121098.7.peg.3272.site.11, 2, 126, 128
1121098.7.peg.3272.site.12, 93, 125, 218
1121098.7.peg.3272.site.13, 3, 126, 129
1121098.7.peg.3272.site.14, 24, 125, 149
1121098.7.peg.3272.site.15, 24, 125, 149
1121098.7.peg.3272.site.16, 0, 126, 126
1121098.7.peg.3272.site.17, 4, 126, 130
1121098.7.peg.3271.site.1, 3, 125, 128
1121098.7.peg.3271.site.2, 4, 126, 130
1121098.7.peg.3270.site.1, 59, 126, 185
1121098.7.peg.3270.site.2, 19, 125, 144
1121098.7.peg.3270.site.3, 0, 126, 126
1121098.7.peg.3270.site.4, 1, 125, 126
1121098.7.peg.3270.site.5, 1, 125, 126
1121098.7.peg.3270.site.6, 55, 126, 181
1121098.7.peg.3270.site.7, 0, 126, 126
1121098.7.peg.3270.site.8, 52, 126, 178
1121098.7.peg.3270.site.9, 0, 125, 125
1121098.7.peg.589.site.1, 54, 126, 180
1121098.7.peg.588.site.1, 0, 124, 124
1121098.7.peg.588.site.2, 0, 126, 126
1121098.7.peg.588.site.3, 20, 124, 144
1121098.7.peg.588.site.4, 2, 123, 125
1121098.7.peg.588.site.5, 13, 125, 138
1121098.7.peg.588.site.6, 8, 124, 132
1121098.7.peg.588.site.7, 0, 126, 126
1121098.7.peg.588.site.8, 6, 126, 132
1121098.7.peg.588.site.9, 25, 125, 150
1121098.7.peg.588.site.10, 0, 126, 126
1121098.7.peg.588.site.11, 107, 123, 230
1121098.7.peg.588.site.12, 2, 125, 127
1121098.7.peg.588.site.13, 52, 126, 178
1121098.7.peg.2860.site.1, 0, 126, 126
1121098.7.peg.2860.site.2, 70, 126, 196
1121098.7.peg.2860.site.3, 3, 126, 129
1121098.7.peg.4009.site.1, 16, 126, 142
1121098.7.peg.4009.site.2, 17, 125, 142
1121098.7.peg.4009.site.3, 1, 126, 127
1121098.7.peg.4009.site.4, 0, 126, 126
1121098.7.peg.4009.site.5, 1, 126, 127
1121098.7.peg.4009.site.6, 0, 126, 126
1121098.7.peg.4009.site.7, 0, 126, 126
1121098.7.peg.4009.site.8, 34, 125, 159
1121098.7.peg.4009.site.9, 0, 126, 126
1121098.7.peg.4009.site.10, 55, 126, 181
1121098.7.peg.4009.site.11, 0, 126, 126
1121098.7.peg.4009.site.12, 60, 126, 186
1121098.7.peg.4009.site.13, 0, 125, 125
1121098.7.peg.4009.site.14, 0, 126, 126
1121098.7.peg.4009.site.15, 0, 126, 126
1121098.7.peg.4009.site.16, 3, 126, 129
1121098.7.peg.4009.site.17, 0, 125, 125
1121098.7.peg.4009.site.18, 0, 126, 126
1121098.7.peg.4009.site.19, 4, 126, 130
1121098.7.peg.4009.site.20, 122, 126, 248
1121098.7.peg.4009.site.21, 82, 125, 207
1121098.7.peg.299.site.1, 4, 125, 129
1121098.7.peg.299.site.2, 3, 125, 128
1121098.7.peg.298.site.1, 0, 126, 126
1121098.7.peg.298.site.2, 15, 125, 140
1121098.7.peg.298.site.3, 86, 125, 211
1121098.7.peg.298.site.4, 0, 125, 125
1121098.7.peg.298.site.5, 2, 126, 128
1121098.7.peg.298.site.6, 2, 123, 125
1121098.7.peg.290.site.1, 24, 123, 147
1121098.7.peg.290.site.2, 37, 123, 160
1121098.7.peg.290.site.3, 0, 126, 126
1121098.7.peg.290.site.4, 0, 126, 126
1121098.7.peg.290.site.5, 0, 126, 126
1121098.7.peg.290.site.6, 119, 125, 244
1121098.7.peg.290.site.7, 3, 126, 129
1121098.7.peg.293.site.1, 2, 125, 127
1121098.7.peg.293.site.2, 7, 125, 132
1121098.7.peg.293.site.3, 1, 125, 126
1121098.7.peg.293.site.4, 11, 124, 135
1121098.7.peg.293.site.5, 0, 125, 125
1121098.7.peg.293.site.6, 3, 125, 128
1121098.7.peg.294.site.1, 0, 125, 125
1121098.7.peg.294.site.2, 72, 124, 196
1121098.7.peg.294.site.3, 1, 125, 126
1121098.7.peg.294.site.4, 3, 125, 128
1121098.7.peg.294.site.5, 2, 125, 127
1121098.7.peg.294.site.6, 0, 125, 125
1121098.7.peg.294.site.7, 52, 125, 177
1121098.7.peg.294.site.8, 0, 125, 125
1121098.7.peg.294.site.9, 1, 125, 126
1121098.7.peg.294.site.10, 0, 125, 125
1121098.7.peg.297.site.1, 14, 126, 140
1121098.7.peg.297.site.2, 117, 126, 243
1121098.7.peg.297.site.3, 6, 124, 130
1121098.7.peg.297.site.4, 10, 126, 136
1121098.7.peg.297.site.5, 7, 125, 132
1121098.7.peg.297.site.6, 0, 125, 125
1121098.7.peg.296.site.1, 0, 126, 126
1121098.7.peg.296.site.2, 1, 125, 126
1121098.7.peg.296.site.3, 0, 126, 126
1121098.7.peg.296.site.4, 0, 126, 126
1121098.7.peg.296.site.5, 68, 126, 194
1121098.7.peg.296.site.6, 4, 125, 129
1121098.7.peg.296.site.7, 0, 124, 124
1121098.7.peg.296.site.8, 0, 125, 125
1121098.7.peg.296.site.9, 0, 125, 125
1121098.7.peg.296.site.10, 0, 126, 126
1121098.7.peg.296.site.11, 6, 124, 130
1121098.7.peg.296.site.12, 56, 126, 182
1121098.7.peg.296.site.13, 122, 126, 248
1121098.7.peg.1789.site.1, 0, 126, 126
1121098.7.peg.1789.site.2, 0, 124, 124
1121098.7.peg.1789.site.3, 0, 125, 125
1121098.7.peg.1789.site.4, 0, 126, 126
1121098.7.peg.1785.site.1, 13, 125, 138
1121098.7.peg.1785.site.2, 0, 126, 126
1121098.7.peg.1785.site.3, 2, 126, 128
1121098.7.peg.1785.site.4, 0, 126, 126
1121098.7.peg.1785.site.5, 0, 126, 126
1121098.7.peg.1785.site.6, 5, 126, 131
1121098.7.peg.1785.site.7, 1, 126, 127
1121098.7.peg.1785.site.8, 17, 125, 142
1121098.7.peg.1785.site.9, 0, 126, 126
1121098.7.peg.1785.site.10, 4, 126, 130
1121098.7.peg.1785.site.11, 3, 126, 129
1121098.7.peg.1784.site.1, 4, 126, 130
1121098.7.peg.1784.site.2, 1, 125, 126
1121098.7.peg.1784.site.3, 2, 125, 127
1121098.7.peg.1784.site.4, 24, 126, 150
1121098.7.peg.1784.site.5, 51, 126, 177
1121098.7.peg.1784.site.6, 6, 126, 132
1121098.7.peg.1784.site.7, 2, 125, 127
1121098.7.peg.1784.site.8, 0, 126, 126
1121098.7.peg.1787.site.1, 104, 125, 229
1121098.7.peg.1787.site.2, 0, 122, 122
1121098.7.peg.1787.site.3, 1, 123, 124
1121098.7.peg.1787.site.4, 1, 126, 127
1121098.7.peg.1787.site.5, 1, 125, 126
1121098.7.peg.1787.site.6, 2, 126, 128
1121098.7.peg.1787.site.7, 2, 126, 128
1121098.7.peg.1787.site.8, 5, 125, 130
1121098.7.peg.1787.site.9, 79, 126, 205
1121098.7.peg.1787.site.10, 0, 126, 126
1121098.7.peg.1786.site.1, 11, 126, 137
1121098.7.peg.1786.site.2, 0, 126, 126
1121098.7.peg.1786.site.3, 17, 126, 143
1121098.7.peg.1786.site.4, 6, 126, 132
1121098.7.peg.1786.site.5, 3, 126, 129
1121098.7.peg.1786.site.6, 11, 126, 137
1121098.7.peg.1786.site.7, 0, 126, 126
1121098.7.peg.1781.site.1, 1, 124, 125
1121098.7.peg.1783.site.1, 10, 126, 136
1121098.7.peg.1783.site.2, 1, 125, 126
1121098.7.peg.1783.site.3, 19, 124, 143
1121098.7.peg.1783.site.4, 10, 120, 130
1121098.7.peg.1783.site.5, 56, 126, 182
1121098.7.peg.1433.site.1, 11, 126, 137
1121098.7.peg.1433.site.2, 92, 125, 217
1121098.7.peg.1433.site.3, 63, 126, 189
1121098.7.peg.1433.site.4, 6, 126, 132
1121098.7.peg.1433.site.5, 92, 125, 217
1121098.7.peg.1433.site.6, 5, 85, 90
1121098.7.peg.1431.site.1, 0, 126, 126
1121098.7.peg.1431.site.2, 56, 126, 182
1121098.7.peg.1431.site.3, 92, 125, 217
1121098.7.peg.1431.site.4, 8, 126, 134
1121098.7.peg.1431.site.5, 1, 126, 127
1121098.7.peg.1431.site.6, 2, 126, 128
1121098.7.peg.1431.site.7, 18, 126, 144
1121098.7.peg.1431.site.8, 71, 125, 196
1121098.7.peg.1431.site.9, 1, 126, 127
1121098.7.peg.1431.site.10, 18, 126, 144
1121098.7.peg.1431.site.11, 21, 126, 147
1121098.7.peg.1431.site.12, 0, 125, 125
1121098.7.peg.1430.site.1, 90, 122, 212
1121098.7.peg.1430.site.2, 0, 122, 122
1121098.7.peg.1430.site.3, 0, 122, 122
1121098.7.peg.1430.site.4, 5, 122, 127
1121098.7.peg.1430.site.5, 6, 122, 128
1121098.7.peg.1430.site.6, 0, 122, 122
1121098.7.peg.3661.site.1, 0, 126, 126
1121098.7.peg.3661.site.2, 8, 125, 133
1121098.7.peg.3661.site.3, 1, 126, 127
1121098.7.peg.3661.site.4, 6, 126, 132
1121098.7.peg.3661.site.5, 8, 125, 133
1121098.7.peg.3661.site.6, 0, 126, 126
1121098.7.peg.2711.site.1, 7, 124, 131
1121098.7.peg.2711.site.2, 7, 124, 131
1121098.7.peg.2711.site.3, 7, 125, 132
1121098.7.peg.2711.site.4, 5, 125, 130
1121098.7.peg.2711.site.5, 5, 125, 130
1121098.7.peg.2711.site.6, 7, 125, 132
1121098.7.peg.2711.site.7, 56, 126, 182
1121098.7.peg.2711.site.8, 0, 126, 126
1121098.7.peg.2711.site.9, 7, 125, 132
1121098.7.peg.2711.site.10, 15, 125, 140
1121098.7.peg.2711.site.11, 0, 125, 125
1121098.7.peg.2711.site.12, 77, 125, 202
1121098.7.peg.2711.site.13, 4, 126, 130
1121098.7.peg.2711.site.14, 10, 126, 136
1121098.7.peg.2710.site.1, 0, 126, 126
1121098.7.peg.2710.site.2, 0, 126, 126
1121098.7.peg.2710.site.3, 5, 126, 131
1121098.7.peg.2710.site.4, 6, 126, 132
1121098.7.peg.2710.site.5, 64, 125, 189
1121098.7.peg.2710.site.6, 0, 126, 126
1121098.7.peg.2710.site.7, 0, 126, 126
1121098.7.peg.2710.site.8, 4, 125, 129
1121098.7.peg.2710.site.9, 62, 123, 185
1121098.7.peg.2710.site.10, 6, 125, 131
1121098.7.peg.2710.site.11, 57, 126, 183
1121098.7.peg.2710.site.12, 98, 126, 224
1121098.7.peg.2710.site.13, 96, 124, 220
1121098.7.peg.2710.site.14, 108, 125, 233
1121098.7.peg.2710.site.15, 6, 125, 131
1121098.7.peg.2710.site.16, 4, 125, 129
1121098.7.peg.2710.site.17, 5, 116, 121
1121098.7.peg.3468.site.1, 0, 125, 125
1121098.7.peg.3468.site.2, 29, 126, 155
1121098.7.peg.3468.site.3, 114, 126, 240
1121098.7.peg.3468.site.4, 71, 123, 194
1121098.7.peg.3468.site.5, 0, 125, 125
1121098.7.peg.3468.site.6, 3, 124, 127
1121098.7.peg.3460.site.1, 2, 126, 128
1121098.7.peg.3460.site.2, 0, 126, 126
1121098.7.peg.3460.site.3, 0, 126, 126
1121098.7.peg.3460.site.4, 67, 124, 191
1121098.7.peg.3460.site.5, 1, 125, 126
1121098.7.peg.3460.site.6, 110, 125, 235
1121098.7.peg.3460.site.7, 67, 126, 193
1121098.7.peg.3460.site.8, 0, 126, 126
1121098.7.peg.3460.site.9, 23, 126, 149
1121098.7.peg.3460.site.10, 6, 126, 132
1121098.7.peg.3460.site.11, 0, 126, 126
1121098.7.peg.3460.site.12, 5, 126, 131
1121098.7.peg.3460.site.13, 1, 126, 127
1121098.7.peg.2714.site.1, 56, 126, 182
1121098.7.peg.2714.site.2, 1, 125, 126
1121098.7.peg.2714.site.3, 1, 125, 126
1121098.7.peg.3467.site.1, 4, 126, 130
1121098.7.peg.3467.site.2, 71, 124, 195
1121098.7.peg.3467.site.3, 0, 126, 126
1121098.7.peg.3200.site.1, 4, 126, 130
1121098.7.peg.3200.site.2, 16, 125, 141
1121098.7.peg.3200.site.3, 1, 126, 127
1121098.7.peg.3200.site.4, 3, 126, 129
1121098.7.peg.3200.site.5, 1, 126, 127
1121098.7.peg.3200.site.6, 0, 126, 126
1121098.7.peg.3200.site.7, 65, 126, 191
1121098.7.peg.3200.site.8, 62, 126, 188
1121098.7.peg.3200.site.9, 14, 125, 139
1121098.7.peg.3200.site.10, 6, 126, 132
1121098.7.peg.2829.site.1, 64, 126, 190
1121098.7.peg.2829.site.2, 52, 126, 178
1121098.7.peg.2829.site.3, 0, 126, 126
1121098.7.peg.2828.site.1, 97, 125, 222
1121098.7.peg.2828.site.2, 0, 125, 125
1121098.7.peg.2828.site.3, 1, 126, 127
1121098.7.peg.2828.site.4, 12, 126, 138
1121098.7.peg.2821.site.1, 0, 126, 126
1121098.7.peg.2821.site.2, 3, 126, 129
1121098.7.peg.2821.site.3, 0, 126, 126
1121098.7.peg.2823.site.1, 1, 126, 127
1121098.7.peg.2823.site.2, 59, 126, 185
1121098.7.peg.2823.site.3, 0, 126, 126
1121098.7.peg.2823.site.4, 2, 126, 128
1121098.7.peg.2823.site.5, 72, 126, 198
1121098.7.peg.2823.site.6, 4, 126, 130
1121098.7.peg.2823.site.7, 59, 126, 185
1121098.7.peg.2823.site.8, 50, 126, 176
1121098.7.peg.2825.site.1, 21, 126, 147
1121098.7.peg.2825.site.2, 4, 126, 130
1121098.7.peg.2825.site.3, 33, 125, 158
1121098.7.peg.2825.site.4, 6, 126, 132
1121098.7.peg.2825.site.5, 0, 126, 126
1121098.7.peg.2825.site.6, 74, 126, 200
1121098.7.peg.2825.site.7, 7, 126, 133
1121098.7.peg.2825.site.8, 7, 126, 133
1121098.7.peg.2824.site.1, 3, 125, 128
1121098.7.peg.2824.site.2, 52, 126, 178
1121098.7.peg.2824.site.3, 0, 126, 126
1121098.7.peg.2824.site.4, 0, 126, 126
1121098.7.peg.2824.site.5, 1, 126, 127
1121098.7.peg.2824.site.6, 0, 126, 126
1121098.7.peg.2824.site.7, 0, 126, 126
1121098.7.peg.2824.site.8, 0, 126, 126
1121098.7.peg.2827.site.1, 4, 126, 130
1121098.7.peg.435.site.1, 8, 126, 134
1121098.7.peg.435.site.2, 46, 126, 172
1121098.7.peg.126.site.1, 3, 126, 129
1121098.7.peg.126.site.2, 4, 125, 129
1121098.7.peg.18.site.1, 4, 124, 128
1121098.7.peg.18.site.2, 52, 125, 177
1121098.7.peg.18.site.3, 0, 126, 126
1121098.7.peg.18.site.4, 0, 125, 125
1121098.7.peg.18.site.5, 22, 124, 146
1121098.7.peg.18.site.6, 25, 124, 149
1121098.7.peg.18.site.7, 64, 126, 190
1121098.7.peg.18.site.8, 63, 125, 188
1121098.7.peg.18.site.9, 12, 126, 138
1121098.7.peg.18.site.10, 1, 125, 126
1121098.7.peg.18.site.11, 2, 126, 128
1121098.7.peg.18.site.12, 64, 126, 190
1121098.7.peg.18.site.13, 27, 125, 152
1121098.7.peg.18.site.14, 3, 126, 129
1121098.7.peg.18.site.15, 60, 126, 186
1121098.7.peg.4040.site.1, 1, 126, 127
1121098.7.peg.4040.site.2, 122, 126, 248
1121098.7.peg.4040.site.3, 0, 126, 126
1121098.7.peg.4040.site.4, 1, 126, 127
1121098.7.peg.4040.site.5, 1, 126, 127
1121098.7.peg.4040.site.6, 1, 126, 127
1121098.7.peg.4040.site.7, 2, 126, 128
1121098.7.peg.4040.site.8, 6, 126, 132
1121098.7.peg.4040.site.9, 0, 125, 125
1121098.7.peg.4040.site.10, 3, 126, 129
1121098.7.peg.4040.site.11, 121, 126, 247
1121098.7.peg.4040.site.12, 122, 126, 248
1121098.7.peg.4040.site.13, 2, 126, 128
1121098.7.peg.4008.site.1, 0, 126, 126
1121098.7.peg.4008.site.2, 0, 126, 126
1121098.7.peg.4008.site.3, 0, 126, 126
1121098.7.peg.4008.site.4, 1, 126, 127
1121098.7.peg.4008.site.5, 5, 126, 131
1121098.7.peg.4008.site.6, 8, 125, 133
1121098.7.peg.4008.site.7, 4, 126, 130
1121098.7.peg.4008.site.8, 4, 126, 130
1121098.7.peg.4043.site.1, 64, 126, 190
1121098.7.peg.4043.site.2, 0, 126, 126
1121098.7.peg.4042.site.1, 0, 126, 126
1121098.7.peg.4042.site.2, 65, 126, 191
1121098.7.peg.4042.site.3, 0, 126, 126
1121098.7.peg.1323.site.1, 122, 126, 248
1121098.7.peg.1323.site.2, 1, 126, 127
1121098.7.peg.1323.site.3, 62, 125, 187
1121098.7.peg.1323.site.4, 54, 126, 180
1121098.7.peg.1323.site.5, 61, 126, 187
1121098.7.peg.1323.site.6, 24, 125, 149
1121098.7.peg.1323.site.7, 0, 126, 126
1121098.7.peg.1323.site.8, 60, 126, 186
1121098.7.peg.1323.site.9, 37, 126, 163
1121098.7.peg.1323.site.10, 0, 126, 126
1121098.7.peg.1323.site.11, 0, 126, 126
1121098.7.peg.1323.site.12, 1, 126, 127
1121098.7.peg.1323.site.13, 0, 126, 126
1121098.7.peg.1323.site.14, 55, 126, 181
1121098.7.peg.1323.site.15, 12, 125, 137
1121098.7.peg.1323.site.16, 0, 125, 125
1121098.7.peg.1323.site.17, 2, 124, 126
1121098.7.peg.1323.site.18, 60, 125, 185
1121098.7.peg.1323.site.19, 0, 125, 125
1121098.7.peg.1323.site.20, 0, 125, 125
1121098.7.peg.1323.site.21, 2, 126, 128
1121098.7.peg.1323.site.22, 4, 126, 130
1121098.7.peg.1323.site.23, 0, 126, 126
1121098.7.peg.1323.site.24, 0, 126, 126
1121098.7.peg.1322.site.1, 55, 126, 181
1121098.7.peg.1322.site.2, 55, 126, 181
1121098.7.peg.1322.site.3, 1, 126, 127
1121098.7.peg.1322.site.4, 81, 126, 207
1121098.7.peg.1322.site.5, 2, 126, 128
1121098.7.peg.1322.site.6, 0, 125, 125
1121098.7.peg.1322.site.7, 24, 125, 149
1121098.7.peg.1322.site.8, 12, 125, 137
1121098.7.peg.1322.site.9, 0, 125, 125
1121098.7.peg.1322.site.10, 10, 125, 135
1121098.7.peg.1320.site.1, 1, 126, 127
1121098.7.peg.1320.site.2, 3, 126, 129
1121098.7.peg.1320.site.3, 0, 125, 125
1121098.7.peg.1320.site.4, 0, 126, 126
1121098.7.peg.1320.site.5, 1, 126, 127
1121098.7.peg.1320.site.6, 0, 126, 126
1121098.7.peg.1320.site.7, 8, 126, 134
1121098.7.peg.1320.site.8, 63, 126, 189
1121098.7.peg.1320.site.9, 8, 126, 134
1121098.7.peg.1327.site.1, 1, 122, 123
1121098.7.peg.1327.site.2, 49, 121, 170
1121098.7.peg.1327.site.3, 0, 122, 122
1121098.7.peg.1327.site.4, 1, 121, 122
1121098.7.peg.1327.site.5, 0, 118, 118
1121098.7.peg.1327.site.6, 0, 118, 118
1121098.7.peg.1327.site.7, 1, 122, 123
1121098.7.peg.1327.site.8, 51, 122, 173
1121098.7.peg.1327.site.9, 0, 122, 122
1121098.7.peg.1327.site.10, 0, 118, 118
1121098.7.peg.1327.site.11, 0, 116, 116
1121098.7.peg.1327.site.12, 0, 119, 119
1121098.7.peg.1326.site.1, 1, 116, 117
1121098.7.peg.1326.site.2, 1, 114, 115
1121098.7.peg.1326.site.3, 1, 113, 114
1121098.7.peg.1326.site.4, 1, 112, 113
1121098.7.peg.1326.site.5, 1, 120, 121
1121098.7.peg.1326.site.6, 1, 114, 115
1121098.7.peg.1326.site.7, 0, 115, 115
1121098.7.peg.1326.site.8, 0, 123, 123
1121098.7.peg.1326.site.9, 0, 120, 120
1121098.7.peg.1326.site.10, 0, 120, 120
1121098.7.peg.1326.site.11, 0, 122, 122
1121098.7.peg.1326.site.12, 0, 120, 120
1121098.7.peg.1326.site.13, 0, 120, 120
1121098.7.peg.1326.site.14, 0, 119, 119
1121098.7.peg.1326.site.15, 0, 58, 58
1121098.7.peg.1326.site.16, 35, 69, 104
1121098.7.peg.1326.site.17, 0, 117, 117
1121098.7.peg.1326.site.18, 0, 116, 116
1121098.7.peg.1326.site.19, 0, 115, 115
1121098.7.peg.1326.site.20, 1, 115, 116
1121098.7.peg.1326.site.21, 0, 115, 115
1121098.7.peg.1326.site.22, 0, 119, 119
1121098.7.peg.1326.site.23, 1, 120, 121
1121098.7.peg.1326.site.24, 0, 121, 121
1121098.7.peg.1326.site.25, 0, 121, 121
1121098.7.peg.1326.site.26, 1, 120, 121
1121098.7.peg.1326.site.27, 0, 122, 122
1121098.7.peg.1326.site.28, 1, 120, 121
1121098.7.peg.1326.site.29, 1, 121, 122
1121098.7.peg.1326.site.30, 1, 114, 115
1121098.7.peg.1326.site.31, 1, 110, 111
1121098.7.peg.1326.site.32, 0, 116, 116
1121098.7.peg.1326.site.33, 45, 110, 155
1121098.7.peg.1326.site.34, 1, 112, 113
1121098.7.peg.1326.site.35, 1, 119, 120
1121098.7.peg.1326.site.36, 1, 119, 120
1121098.7.peg.1326.site.37, 1, 118, 119
1121098.7.peg.1326.site.38, 1, 117, 118
1121098.7.peg.1326.site.39, 1, 113, 114
1121098.7.peg.1326.site.40, 3, 120, 123
1121098.7.peg.1326.site.41, 1, 113, 114
1121098.7.peg.1326.site.42, 0, 121, 121
1121098.7.peg.1326.site.43, 0, 119, 119
1121098.7.peg.1326.site.44, 0, 118, 118
1121098.7.peg.1326.site.45, 0, 118, 118
1121098.7.peg.1326.site.46, 0, 117, 117
1121098.7.peg.1326.site.47, 1, 110, 111
1121098.7.peg.1326.site.48, 1, 111, 112
1121098.7.peg.1326.site.49, 1, 114, 115
1121098.7.peg.1326.site.50, 0, 116, 116
1121098.7.peg.1326.site.51, 0, 116, 116
1121098.7.peg.1326.site.52, 1, 116, 117
1121098.7.peg.1326.site.53, 0, 119, 119
1121098.7.peg.1326.site.54, 1, 109, 110
1121098.7.peg.1326.site.55, 2, 115, 117
1121098.7.peg.1326.site.56, 4, 114, 118
1121098.7.peg.1326.site.57, 0, 115, 115
1121098.7.peg.1326.site.58, 0, 116, 116
1121098.7.peg.1326.site.59, 0, 119, 119
1121098.7.peg.1326.site.60, 0, 120, 120
1121098.7.peg.1326.site.61, 0, 121, 121
1121098.7.peg.1326.site.62, 0, 120, 120
1121098.7.peg.1326.site.63, 1, 119, 120
1121098.7.peg.1326.site.64, 4, 121, 125
1121098.7.peg.1326.site.65, 4, 121, 125
1121098.7.peg.1326.site.66, 0, 119, 119
1121098.7.peg.1324.site.1, 28, 125, 153
1121098.7.peg.1324.site.2, 17, 125, 142
1121098.7.peg.1324.site.3, 51, 126, 177
1121098.7.peg.1324.site.4, 2, 126, 128
1121098.7.peg.1324.site.5, 0, 126, 126
1121098.7.peg.1324.site.6, 0, 126, 126
1121098.7.peg.1324.site.7, 29, 125, 154
1121098.7.peg.1324.site.8, 122, 126, 248
1121098.7.peg.1324.site.9, 10, 126, 136
1121098.7.peg.1324.site.10, 1, 126, 127
1121098.7.peg.1324.site.11, 12, 126, 138
1121098.7.peg.1324.site.12, 0, 126, 126
1121098.7.peg.1324.site.13, 0, 126, 126
1121098.7.peg.1226.site.1, 2, 126, 128
1121098.7.peg.1226.site.2, 80, 124, 204
1121098.7.peg.1226.site.3, 0, 126, 126
1121098.7.peg.1226.site.4, 65, 126, 191
1121098.7.peg.1226.site.5, 65, 126, 191
1121098.7.peg.1226.site.6, 0, 125, 125
1121098.7.peg.1226.site.7, 0, 126, 126
1121098.7.peg.1226.site.8, 4, 126, 130
1121098.7.peg.1226.site.9, 4, 126, 130
1121098.7.peg.1226.site.10, 62, 126, 188
1121098.7.peg.1226.site.11, 0, 125, 125
1121098.7.peg.1226.site.12, 119, 125, 244
1121098.7.peg.1226.site.13, 4, 126, 130
1121098.7.peg.1226.site.14, 3, 126, 129
1121098.7.peg.1226.site.15, 19, 126, 145
1121098.7.peg.1226.site.16, 1, 125, 126
1121098.7.peg.1226.site.17, 4, 126, 130
1121098.7.peg.1227.site.1, 0, 125, 125
1121098.7.peg.1227.site.2, 7, 124, 131
1121098.7.peg.1227.site.3, 5, 126, 131
1121098.7.peg.1227.site.4, 0, 126, 126
1121098.7.peg.1224.site.1, 0, 126, 126
1121098.7.peg.1224.site.2, 0, 126, 126
1121098.7.peg.1224.site.3, 0, 125, 125
1121098.7.peg.1224.site.4, 0, 125, 125
1121098.7.peg.1224.site.5, 0, 125, 125
1121098.7.peg.1224.site.6, 3, 123, 126
1121098.7.peg.1224.site.7, 0, 123, 123
1121098.7.peg.1224.site.8, 0, 126, 126
1121098.7.peg.1224.site.9, 2, 126, 128
1121098.7.peg.1224.site.10, 3, 126, 129
1121098.7.peg.1224.site.11, 0, 126, 126
1121098.7.peg.1224.site.12, 0, 126, 126
1121098.7.peg.1224.site.13, 0, 126, 126
1121098.7.peg.4302.site.1, 2, 125, 127
1121098.7.peg.4302.site.2, 7, 126, 133
1121098.7.peg.4302.site.3, 5, 124, 129
1121098.7.peg.4302.site.4, 5, 125, 130
1121098.7.peg.4302.site.5, 1, 126, 127
1121098.7.peg.4302.site.6, 0, 125, 125
1121098.7.peg.4302.site.7, 1, 126, 127
1121098.7.peg.4302.site.8, 1, 126, 127
1121098.7.peg.4302.site.9, 0, 126, 126
1121098.7.peg.4302.site.10, 0, 126, 126
1121098.7.peg.1223.site.1, 12, 125, 137
1121098.7.peg.1223.site.2, 85, 125, 210
1121098.7.peg.1223.site.3, 115, 126, 241
1121098.7.peg.1223.site.4, 3, 125, 128
1121098.7.peg.1223.site.5, 3, 126, 129
1121098.7.peg.1223.site.6, 64, 126, 190
1121098.7.peg.1223.site.7, 23, 125, 148
1121098.7.peg.1223.site.8, 12, 126, 138
1121098.7.peg.1223.site.9, 6, 126, 132
1121098.7.peg.1220.site.1, 6, 126, 132
1121098.7.peg.1220.site.2, 22, 126, 148
1121098.7.peg.1220.site.3, 2, 125, 127
1121098.7.peg.1220.site.4, 24, 125, 149
1121098.7.peg.1220.site.5, 26, 124, 150
1121098.7.peg.1220.site.6, 10, 126, 136
1121098.7.peg.1220.site.7, 0, 126, 126
1121098.7.peg.1220.site.8, 0, 126, 126
1121098.7.peg.1220.site.9, 122, 126, 248
1121098.7.peg.1220.site.10, 2, 125, 127
1121098.7.peg.1221.site.1, 3, 126, 129
1121098.7.peg.1221.site.2, 24, 126, 150
1121098.7.peg.1221.site.3, 54, 126, 180
1121098.7.peg.1221.site.4, 87, 125, 212
1121098.7.peg.1221.site.5, 22, 125, 147
1121098.7.peg.1221.site.6, 0, 126, 126
1121098.7.peg.1221.site.7, 9, 126, 135
1121098.7.peg.1221.site.8, 9, 126, 135
1121098.7.peg.2346.site.1, 1, 126, 127
1121098.7.peg.1228.site.1, 0, 124, 124
1121098.7.peg.1229.site.1, 0, 125, 125
1121098.7.peg.1229.site.2, 0, 126, 126
1121098.7.peg.1229.site.3, 1, 126, 127
1121098.7.peg.1229.site.4, 122, 126, 248
1121098.7.peg.1229.site.5, 8, 126, 134
1121098.7.peg.1229.site.6, 0, 126, 126
1121098.7.peg.1229.site.7, 13, 126, 139
1121098.7.peg.1229.site.8, 7, 126, 133
1121098.7.peg.1229.site.9, 4, 125, 129
1121098.7.peg.1229.site.10, 2, 126, 128
1121098.7.peg.1229.site.11, 2, 126, 128
1121098.7.peg.1229.site.12, 57, 126, 183
1121098.7.peg.1229.site.13, 3, 125, 128
1121098.7.peg.1229.site.14, 20, 126, 146
1121098.7.peg.1229.site.15, 0, 126, 126
1121098.7.peg.1229.site.16, 78, 126, 204
1121098.7.peg.1229.site.17, 110, 125, 235
1121098.7.peg.1229.site.18, 2, 124, 126
1121098.7.peg.1229.site.19, 0, 126, 126
1121098.7.peg.2793.site.1, 1, 126, 127
1121098.7.peg.2793.site.2, 0, 126, 126
1121098.7.peg.800.site.1, 3, 126, 129
1121098.7.peg.800.site.2, 1, 126, 127
1121098.7.peg.800.site.3, 1, 125, 126
1121098.7.peg.800.site.4, 1, 125, 126
1121098.7.peg.800.site.5, 0, 126, 126
1121098.7.peg.800.site.6, 47, 125, 172
1121098.7.peg.800.site.7, 0, 126, 126
1121098.7.peg.800.site.8, 5, 126, 131
1121098.7.peg.800.site.9, 3, 126, 129
1121098.7.peg.2791.site.1, 98, 126, 224
1121098.7.peg.2791.site.2, 0, 126, 126
1121098.7.peg.2791.site.3, 3, 126, 129
1121098.7.peg.2791.site.4, 93, 125, 218
1121098.7.peg.2347.site.1, 0, 124, 124
1121098.7.peg.2347.site.2, 0, 126, 126
1121098.7.peg.2347.site.3, 0, 126, 126
1121098.7.peg.2347.site.4, 0, 125, 125
1121098.7.peg.2347.site.5, 2, 126, 128
1121098.7.peg.2347.site.6, 0, 125, 125
1121098.7.peg.2347.site.7, 1, 125, 126
1121098.7.peg.2347.site.8, 122, 126, 248
1121098.7.peg.2797.site.1, 3, 126, 129
1121098.7.peg.2797.site.2, 0, 126, 126
1121098.7.peg.2797.site.3, 1, 126, 127
1121098.7.peg.2797.site.4, 2, 126, 128
1121098.7.peg.2797.site.5, 12, 125, 137
1121098.7.peg.2797.site.6, 4, 125, 129
1121098.7.peg.2797.site.7, 22, 125, 147
1121098.7.peg.2797.site.8, 1, 126, 127
1121098.7.peg.2797.site.9, 0, 126, 126
1121098.7.peg.2796.site.1, 6, 126, 132
1121098.7.peg.2796.site.2, 4, 126, 130
1121098.7.peg.2796.site.3, 0, 126, 126
1121098.7.peg.2796.site.4, 0, 126, 126
1121098.7.peg.2796.site.5, 0, 126, 126
1121098.7.peg.2796.site.6, 1, 126, 127
1121098.7.peg.2796.site.7, 14, 125, 139
1121098.7.peg.2796.site.8, 3, 126, 129
1121098.7.peg.2796.site.9, 1, 126, 127
1121098.7.peg.2796.site.10, 0, 126, 126
1121098.7.peg.2796.site.11, 63, 126, 189
1121098.7.peg.2796.site.12, 0, 126, 126
1121098.7.peg.2796.site.13, 0, 126, 126
1121098.7.peg.2796.site.14, 122, 126, 248
1121098.7.peg.2796.site.15, 3, 126, 129
1121098.7.peg.2796.site.16, 12, 126, 138
1121098.7.peg.2796.site.17, 0, 126, 126
1121098.7.peg.2796.site.18, 14, 125, 139
1121098.7.peg.2796.site.19, 0, 126, 126
1121098.7.peg.2796.site.20, 8, 126, 134
1121098.7.peg.2796.site.21, 5, 126, 131
1121098.7.peg.2795.site.1, 4, 126, 130
1121098.7.peg.2795.site.2, 0, 126, 126
1121098.7.peg.2795.site.3, 0, 126, 126
1121098.7.peg.2795.site.4, 22, 125, 147
1121098.7.peg.2795.site.5, 3, 126, 129
1121098.7.peg.2795.site.6, 22, 126, 148
1121098.7.peg.2795.site.7, 4, 125, 129
1121098.7.peg.2795.site.8, 12, 126, 138
1121098.7.peg.2795.site.9, 99, 126, 225
1121098.7.peg.2795.site.10, 90, 125, 215
1121098.7.peg.2794.site.1, 0, 126, 126
1121098.7.peg.2794.site.2, 0, 126, 126
1121098.7.peg.2794.site.3, 25, 126, 151
1121098.7.peg.2794.site.4, 35, 126, 161
1121098.7.peg.2794.site.5, 0, 126, 126
1121098.7.peg.2794.site.6, 16, 126, 142
1121098.7.peg.2794.site.7, 0, 126, 126
1121098.7.peg.2340.site.1, 2, 126, 128
1121098.7.peg.2340.site.2, 0, 126, 126
1121098.7.peg.2340.site.3, 111, 124, 235
1121098.7.peg.2340.site.4, 2, 125, 127
1121098.7.peg.2340.site.5, 2, 126, 128
1121098.7.peg.2340.site.6, 2, 126, 128
1121098.7.peg.2340.site.7, 52, 126, 178
1121098.7.peg.2340.site.8, 8, 124, 132
1121098.7.peg.2340.site.9, 0, 124, 124
1121098.7.peg.2340.site.10, 0, 124, 124
1121098.7.peg.2340.site.11, 1, 124, 125
1121098.7.peg.2340.site.12, 93, 123, 216
1121098.7.peg.2340.site.13, 119, 123, 242
1121098.7.peg.2340.site.14, 0, 124, 124
1121098.7.peg.2340.site.15, 0, 124, 124
1121098.7.peg.1404.site.1, 0, 41, 41
1121098.7.peg.1404.site.2, 9, 71, 80
1121098.7.peg.1404.site.3, 9, 67, 76
1121098.7.peg.1404.site.4, 16, 67, 83
1121098.7.peg.1404.site.5, 33, 65, 98
1121098.7.peg.1404.site.6, 36, 63, 99
1121098.7.peg.1404.site.7, 5, 65, 70
1121098.7.peg.1404.site.8, 13, 74, 87
1121098.7.peg.1404.site.9, 45, 73, 118
1121098.7.peg.1404.site.10, 1, 76, 77
1121098.7.peg.1404.site.11, 19, 76, 95
1121098.7.peg.1404.site.12, 16, 78, 94
1121098.7.peg.2341.site.1, 0, 124, 124
1121098.7.peg.2341.site.2, 57, 124, 181
1121098.7.peg.2341.site.3, 0, 124, 124
1121098.7.peg.2341.site.4, 0, 122, 122
1121098.7.peg.2341.site.5, 21, 124, 145
1121098.7.peg.2341.site.6, 96, 124, 220
1121098.7.peg.2341.site.7, 1, 124, 125
1121098.7.peg.3736.site.1, 14, 124, 138
1121098.7.peg.3736.site.2, 1, 126, 127
1121098.7.peg.3736.site.3, 0, 126, 126
1121098.7.peg.3736.site.4, 9, 126, 135
1121098.7.peg.3736.site.5, 9, 126, 135
1121098.7.peg.3736.site.6, 0, 126, 126
1121098.7.peg.3736.site.7, 1, 126, 127
1121098.7.peg.3736.site.8, 8, 125, 133
1121098.7.peg.3736.site.9, 97, 124, 221
1121098.7.peg.3736.site.10, 0, 125, 125
1121098.7.peg.3736.site.11, 1, 126, 127
1121098.7.peg.2343.site.1, 0, 121, 121
1121098.7.peg.2343.site.2, 6, 123, 129
1121098.7.peg.2343.site.3, 0, 124, 124
1121098.7.peg.2343.site.4, 0, 124, 124
1121098.7.peg.2343.site.5, 15, 121, 136
1121098.7.peg.2343.site.6, 0, 124, 124
1121098.7.peg.2343.site.7, 1, 124, 125
1121098.7.peg.2343.site.8, 0, 124, 124
1121098.7.peg.2343.site.9, 1, 125, 126
1121098.7.peg.2343.site.10, 1, 124, 125
1121098.7.peg.2343.site.11, 1, 125, 126
1121098.7.peg.2343.site.12, 22, 126, 148
1121098.7.peg.2343.site.13, 118, 126, 244
1121098.7.peg.3737.site.1, 0, 126, 126
1121098.7.peg.3737.site.2, 0, 126, 126
1121098.7.peg.3737.site.3, 51, 124, 175
1121098.7.peg.1138.site.1, 0, 125, 125
1121098.7.peg.1138.site.2, 1, 125, 126
1121098.7.peg.1138.site.3, 19, 125, 144
1121098.7.peg.1138.site.4, 5, 125, 130
1121098.7.peg.1138.site.5, 1, 126, 127
1121098.7.peg.1138.site.6, 61, 126, 187
1121098.7.peg.1138.site.7, 0, 126, 126
1121098.7.peg.1139.site.1, 0, 124, 124
1121098.7.peg.1139.site.2, 0, 123, 123
1121098.7.peg.1139.site.3, 2, 124, 126
1121098.7.peg.1133.site.1, 57, 126, 183
1121098.7.peg.1133.site.2, 55, 126, 181
1121098.7.peg.1133.site.3, 68, 125, 193
1121098.7.peg.1133.site.4, 3, 125, 128
1121098.7.peg.1133.site.5, 58, 125, 183
1121098.7.peg.1133.site.6, 3, 125, 128
1121098.7.peg.1130.site.1, 1, 122, 123
1121098.7.peg.1136.site.1, 79, 125, 204
1121098.7.peg.1136.site.2, 6, 124, 130
1121098.7.peg.1136.site.3, 3, 125, 128
1121098.7.peg.1136.site.4, 0, 125, 125
1121098.7.peg.1136.site.5, 6, 125, 131
1121098.7.peg.1136.site.6, 4, 125, 129
1121098.7.peg.1136.site.7, 2, 124, 126
1121098.7.peg.1136.site.8, 1, 124, 125
1121098.7.peg.1136.site.9, 1, 126, 127
1121098.7.peg.1136.site.10, 52, 126, 178
1121098.7.peg.1136.site.11, 115, 125, 240
1121098.7.peg.1136.site.12, 0, 122, 122
1121098.7.peg.1136.site.13, 0, 123, 123
1121098.7.peg.1137.site.1, 90, 123, 213
1121098.7.peg.1137.site.2, 0, 125, 125
1121098.7.peg.1137.site.3, 34, 124, 158
1121098.7.peg.1137.site.4, 0, 126, 126
1121098.7.peg.1137.site.5, 1, 126, 127
1121098.7.peg.1135.site.1, 63, 126, 189
1121098.7.peg.1135.site.2, 3, 126, 129
1121098.7.peg.3359.site.1, 0, 124, 124
1121098.7.peg.3359.site.2, 7, 125, 132
1121098.7.peg.3359.site.3, 4, 125, 129
1121098.7.peg.3359.site.4, 12, 124, 136
1121098.7.peg.3359.site.5, 52, 126, 178
1121098.7.peg.3359.site.6, 0, 126, 126
1121098.7.peg.2257.site.1, 0, 126, 126
1121098.7.peg.2257.site.2, 3, 126, 129
1121098.7.peg.2254.site.1, 1, 126, 127
1121098.7.peg.2254.site.2, 3, 123, 126
1121098.7.peg.2254.site.3, 63, 125, 188
1121098.7.peg.2254.site.4, 0, 125, 125
1121098.7.peg.2254.site.5, 0, 125, 125
1121098.7.peg.2254.site.6, 0, 126, 126
1121098.7.peg.2254.site.7, 57, 126, 183
1121098.7.peg.2254.site.8, 2, 126, 128
1121098.7.peg.2254.site.9, 0, 126, 126
1121098.7.peg.2254.site.10, 0, 126, 126
1121098.7.peg.2254.site.11, 9, 126, 135
1121098.7.peg.2255.site.1, 0, 125, 125
1121098.7.peg.2255.site.2, 0, 124, 124
1121098.7.peg.2253.site.1, 0, 126, 126
1121098.7.peg.2253.site.2, 0, 126, 126
1121098.7.peg.2253.site.3, 0, 126, 126
1121098.7.peg.2253.site.4, 3, 124, 127
1121098.7.peg.2253.site.5, 86, 124, 210
1121098.7.peg.2253.site.6, 0, 126, 126
1121098.7.peg.2253.site.7, 4, 126, 130
1121098.7.peg.2251.site.1, 0, 126, 126
1121098.7.peg.2251.site.2, 0, 125, 125
1121098.7.peg.2258.site.1, 10, 126, 136
1121098.7.peg.2258.site.2, 4, 125, 129
1121098.7.peg.2258.site.3, 15, 126, 141
1121098.7.peg.2258.site.4, 15, 126, 141
1121098.7.peg.2258.site.5, 2, 126, 128
1121098.7.peg.2258.site.6, 62, 126, 188
1121098.7.peg.2258.site.7, 69, 126, 195
1121098.7.peg.2258.site.8, 35, 109, 144
1121098.7.peg.2258.site.9, 10, 81, 91
1121098.7.peg.2258.site.10, 16, 87, 103
1121098.7.peg.2258.site.11, 14, 85, 99
1121098.7.peg.2258.site.12, 1, 81, 82
1121098.7.peg.2258.site.13, 8, 79, 87
1121098.7.peg.2258.site.14, 8, 79, 87
1121098.7.peg.2258.site.15, 25, 95, 120
1121098.7.peg.2258.site.16, 47, 117, 164
1121098.7.peg.2258.site.17, 1, 124, 125
1121098.7.peg.2258.site.18, 2, 125, 127
1121098.7.peg.2258.site.19, 2, 125, 127
1121098.7.peg.2259.site.1, 52, 123, 175
1121098.7.peg.2259.site.2, 2, 122, 124
1121098.7.peg.2259.site.3, 65, 122, 187
1121098.7.peg.2259.site.4, 1, 96, 97
1121098.7.peg.2259.site.5, 0, 96, 96
1121098.7.peg.2259.site.6, 0, 90, 90
1121098.7.peg.2259.site.7, 0, 71, 71
1121098.7.peg.2259.site.8, 12, 71, 83
1121098.7.peg.2259.site.9, 1, 71, 72
1121098.7.peg.2259.site.10, 4, 71, 75
1121098.7.peg.2259.site.11, 0, 72, 72
1121098.7.peg.2259.site.12, 29, 99, 128
1121098.7.peg.2259.site.13, 4, 125, 129
1121098.7.peg.1914.site.1, 66, 126, 192
1121098.7.peg.1914.site.2, 78, 125, 203
1121098.7.peg.1914.site.3, 0, 125, 125
1121098.7.peg.1914.site.4, 63, 126, 189
1121098.7.peg.1914.site.5, 12, 126, 138
1121098.7.peg.1914.site.6, 0, 126, 126
1121098.7.peg.1914.site.7, 0, 122, 122
1121098.7.peg.1914.site.8, 0, 126, 126
1121098.7.peg.1914.site.9, 13, 126, 139
1121098.7.peg.1914.site.10, 2, 125, 127
1121098.7.peg.1914.site.11, 0, 126, 126
1121098.7.peg.1914.site.12, 12, 126, 138
1121098.7.peg.1914.site.13, 0, 126, 126
1121098.7.peg.1914.site.14, 3, 126, 129
1121098.7.peg.3067.site.1, 0, 126, 126
1121098.7.peg.1916.site.1, 7, 126, 133
1121098.7.peg.1916.site.2, 3, 126, 129
1121098.7.peg.1916.site.3, 3, 126, 129
1121098.7.peg.1916.site.4, 18, 125, 143
1121098.7.peg.1916.site.5, 5, 125, 130
1121098.7.peg.1916.site.6, 5, 125, 130
1121098.7.peg.1916.site.7, 6, 126, 132
1121098.7.peg.1916.site.8, 6, 126, 132
1121098.7.peg.1917.site.1, 1, 126, 127
1121098.7.peg.1917.site.2, 0, 125, 125
1121098.7.peg.1917.site.3, 11, 125, 136
1121098.7.peg.1917.site.4, 4, 126, 130
1121098.7.peg.1917.site.5, 5, 126, 131
1121098.7.peg.1917.site.6, 0, 126, 126
1121098.7.peg.1917.site.7, 1, 126, 127
1121098.7.peg.1917.site.8, 2, 122, 124
1121098.7.peg.1917.site.9, 5, 125, 130
1121098.7.peg.1917.site.10, 120, 125, 245
1121098.7.peg.1917.site.11, 6, 126, 132
1121098.7.peg.1917.site.12, 8, 126, 134
1121098.7.peg.1917.site.13, 57, 126, 183
1121098.7.peg.1917.site.14, 2, 126, 128
1121098.7.peg.1917.site.15, 1, 125, 126
1121098.7.peg.1917.site.16, 67, 126, 193
1121098.7.peg.1917.site.17, 65, 126, 191
1121098.7.peg.1917.site.18, 1, 126, 127
1121098.7.peg.1917.site.19, 1, 126, 127
1121098.7.peg.1910.site.1, 119, 126, 245
1121098.7.peg.1910.site.2, 73, 123, 196
1121098.7.peg.1910.site.3, 0, 100, 100
1121098.7.peg.1910.site.4, 0, 126, 126
1121098.7.peg.1910.site.5, 9, 126, 135
1121098.7.peg.1910.site.6, 0, 126, 126
1121098.7.peg.1910.site.7, 3, 126, 129
1121098.7.peg.1910.site.8, 0, 126, 126
1121098.7.peg.1910.site.9, 0, 125, 125
1121098.7.peg.1910.site.10, 3, 125, 128
1121098.7.peg.1910.site.11, 60, 124, 184
1121098.7.peg.1910.site.12, 38, 126, 164
1121098.7.peg.1910.site.13, 114, 126, 240
1121098.7.peg.1910.site.14, 4, 126, 130
1121098.7.peg.1910.site.15, 31, 125, 156
1121098.7.peg.1910.site.16, 0, 126, 126
1121098.7.peg.1910.site.17, 0, 126, 126
1121098.7.peg.1910.site.18, 5, 126, 131
1121098.7.peg.1910.site.19, 0, 126, 126
1121098.7.peg.1910.site.20, 0, 125, 125
1121098.7.peg.1910.site.21, 98, 124, 222
1121098.7.peg.1910.site.22, 6, 126, 132
1121098.7.peg.1910.site.23, 2, 125, 127
1121098.7.peg.1910.site.24, 5, 126, 131
1121098.7.peg.1910.site.25, 0, 126, 126
1121098.7.peg.1910.site.26, 2, 126, 128
1121098.7.peg.1910.site.27, 0, 125, 125
1121098.7.peg.1910.site.28, 0, 126, 126
1121098.7.peg.1910.site.29, 52, 126, 178
1121098.7.peg.1911.site.1, 2, 125, 127
1121098.7.peg.1911.site.2, 3, 126, 129
1121098.7.peg.1911.site.3, 2, 126, 128
1121098.7.peg.1911.site.4, 2, 126, 128
1121098.7.peg.1911.site.5, 4, 126, 130
1121098.7.peg.1911.site.6, 4, 126, 130
1121098.7.peg.1911.site.7, 29, 126, 155
1121098.7.peg.1912.site.1, 22, 126, 148
1121098.7.peg.1912.site.2, 3, 126, 129
1121098.7.peg.1912.site.3, 0, 125, 125
1121098.7.peg.1912.site.4, 4, 126, 130
1121098.7.peg.1912.site.5, 1, 126, 127
1121098.7.peg.1912.site.6, 2, 125, 127
1121098.7.peg.1912.site.7, 2, 125, 127
1121098.7.peg.1912.site.8, 29, 126, 155
1121098.7.peg.1912.site.9, 1, 61, 62
1121098.7.peg.1912.site.10, 0, 61, 61
1121098.7.peg.1912.site.11, 1, 61, 62
1121098.7.peg.1912.site.12, 9, 70, 79
1121098.7.peg.1912.site.13, 3, 122, 125
1121098.7.peg.1912.site.14, 12, 125, 137
1121098.7.peg.1912.site.15, 4, 126, 130
1121098.7.peg.1912.site.16, 0, 126, 126
1121098.7.peg.1913.site.1, 9, 126, 135
1121098.7.peg.1913.site.2, 23, 125, 148
1121098.7.peg.1913.site.3, 0, 126, 126
1121098.7.peg.1913.site.4, 0, 126, 126
1121098.7.peg.1913.site.5, 2, 126, 128
1121098.7.peg.1913.site.6, 1, 126, 127
1121098.7.peg.1913.site.7, 20, 125, 145
1121098.7.peg.1913.site.8, 17, 125, 142
1121098.7.peg.1913.site.9, 13, 126, 139
1121098.7.peg.1913.site.10, 12, 126, 138
1121098.7.peg.1913.site.11, 0, 126, 126
1121098.7.peg.1913.site.12, 88, 126, 214
1121098.7.peg.1913.site.13, 0, 126, 126
1121098.7.peg.1913.site.14, 120, 125, 245
1121098.7.peg.1913.site.15, 4, 126, 130
1121098.7.peg.1913.site.16, 0, 125, 125
1121098.7.peg.1913.site.17, 3, 126, 129
1121098.7.peg.1913.site.18, 0, 126, 126
1121098.7.peg.1913.site.19, 118, 126, 244
1121098.7.peg.1913.site.20, 0, 125, 125
1121098.7.peg.1913.site.21, 0, 126, 126
1121098.7.peg.1913.site.22, 10, 126, 136
1121098.7.peg.1918.site.1, 17, 126, 143
1121098.7.peg.1918.site.2, 4, 126, 130
1121098.7.peg.1918.site.3, 5, 126, 131
1121098.7.peg.1918.site.4, 4, 126, 130
1121098.7.peg.1918.site.5, 120, 125, 245
1121098.7.peg.1918.site.6, 82, 125, 207
1121098.7.peg.1919.site.1, 0, 119, 119
1121098.7.peg.3068.site.1, 4, 126, 130
1121098.7.peg.3068.site.2, 1, 125, 126
1121098.7.peg.3068.site.3, 0, 126, 126
1121098.7.peg.3068.site.4, 3, 126, 129
1121098.7.peg.3068.site.5, 59, 126, 185
1121098.7.peg.3068.site.6, 3, 126, 129
1121098.7.peg.3068.site.7, 70, 126, 196
1121098.7.peg.3068.site.8, 35, 125, 160
1121098.7.peg.3068.site.9, 0, 125, 125
1121098.7.peg.3068.site.10, 1, 125, 126
1121098.7.peg.3068.site.11, 56, 126, 182
1121098.7.peg.3068.site.12, 3, 125, 128
1121098.7.peg.3068.site.13, 0, 126, 126
1121098.7.peg.3278.site.1, 1, 126, 127
1121098.7.peg.3278.site.2, 8, 126, 134
1121098.7.peg.3182.site.1, 3, 126, 129
1121098.7.peg.3182.site.2, 3, 124, 127
1121098.7.peg.3182.site.3, 122, 125, 247
1121098.7.peg.3182.site.4, 3, 125, 128
1121098.7.peg.3182.site.5, 0, 125, 125
1121098.7.peg.3182.site.6, 25, 125, 150
1121098.7.peg.3182.site.7, 2, 125, 127
1121098.7.peg.3182.site.8, 0, 125, 125
1121098.7.peg.3182.site.9, 3, 125, 128
1121098.7.peg.3182.site.10, 0, 125, 125
1121098.7.peg.3182.site.11, 5, 125, 130
1121098.7.peg.3182.site.12, 3, 125, 128
1121098.7.peg.3182.site.13, 0, 125, 125
1121098.7.peg.3182.site.14, 64, 124, 188
1121098.7.peg.3182.site.15, 0, 125, 125
1121098.7.peg.661.site.1, 0, 126, 126
1121098.7.peg.661.site.2, 3, 125, 128
1121098.7.peg.661.site.3, 0, 125, 125
1121098.7.peg.661.site.4, 0, 125, 125
1121098.7.peg.661.site.5, 45, 125, 170
1121098.7.peg.661.site.6, 0, 126, 126
1121098.7.peg.661.site.7, 3, 125, 128
1121098.7.peg.661.site.8, 4, 126, 130
1121098.7.peg.661.site.9, 1, 125, 126
1121098.7.peg.661.site.10, 0, 125, 125
1121098.7.peg.661.site.11, 11, 125, 136
1121098.7.peg.661.site.12, 1, 125, 126
1121098.7.peg.661.site.13, 6, 126, 132
1121098.7.peg.661.site.14, 0, 126, 126
1121098.7.peg.661.site.15, 2, 126, 128
1121098.7.peg.662.site.1, 0, 126, 126
1121098.7.peg.663.site.1, 0, 126, 126
1121098.7.peg.663.site.2, 8, 126, 134
1121098.7.peg.663.site.3, 0, 126, 126
1121098.7.peg.663.site.4, 64, 124, 188
1121098.7.peg.663.site.5, 0, 125, 125
1121098.7.peg.663.site.6, 22, 125, 147
1121098.7.peg.663.site.7, 0, 126, 126
1121098.7.peg.663.site.8, 0, 126, 126
1121098.7.peg.663.site.9, 1, 125, 126
1121098.7.peg.663.site.10, 59, 126, 185
1121098.7.peg.663.site.11, 0, 126, 126
1121098.7.peg.663.site.12, 15, 125, 140
1121098.7.peg.667.site.1, 1, 126, 127
1121098.7.peg.667.site.2, 0, 126, 126
1121098.7.peg.669.site.1, 57, 123, 180
1121098.7.peg.669.site.2, 59, 124, 183
1121098.7.peg.669.site.3, 56, 126, 182
1121098.7.peg.669.site.4, 9, 126, 135
1121098.7.peg.669.site.5, 67, 126, 193
1121098.7.peg.669.site.6, 30, 125, 155
1121098.7.peg.669.site.7, 63, 126, 189
1121098.7.peg.669.site.8, 0, 125, 125
1121098.7.peg.669.site.9, 54, 126, 180
1121098.7.peg.669.site.10, 0, 126, 126
1121098.7.peg.669.site.11, 29, 125, 154
1121098.7.peg.669.site.12, 1, 126, 127
1121098.7.peg.669.site.13, 10, 126, 136
1121098.7.peg.448.site.1, 0, 124, 124
1121098.7.peg.448.site.2, 3, 124, 127
1121098.7.peg.448.site.3, 1, 124, 125
1121098.7.peg.449.site.1, 1, 125, 126
1121098.7.peg.449.site.2, 0, 126, 126
1121098.7.peg.449.site.3, 42, 125, 167
1121098.7.peg.449.site.4, 116, 126, 242
1121098.7.peg.449.site.5, 5, 126, 131
1121098.7.peg.449.site.6, 20, 126, 146
1121098.7.peg.449.site.7, 0, 126, 126
1121098.7.peg.449.site.8, 26, 125, 151
1121098.7.peg.449.site.9, 12, 126, 138
1121098.7.peg.449.site.10, 4, 126, 130
1121098.7.peg.449.site.11, 0, 126, 126
1121098.7.peg.449.site.12, 4, 126, 130
1121098.7.peg.449.site.13, 58, 126, 184
1121098.7.peg.449.site.14, 0, 124, 124
1121098.7.peg.449.site.15, 62, 113, 175
1121098.7.peg.440.site.1, 0, 126, 126
1121098.7.peg.440.site.2, 9, 125, 134
1121098.7.peg.440.site.3, 69, 126, 195
1121098.7.peg.440.site.4, 18, 125, 143
1121098.7.peg.440.site.5, 52, 126, 178
1121098.7.peg.440.site.6, 68, 126, 194
1121098.7.peg.440.site.7, 114, 126, 240
1121098.7.peg.440.site.8, 10, 125, 135
1121098.7.peg.440.site.9, 2, 125, 127
1121098.7.peg.440.site.10, 108, 122, 230
1121098.7.peg.441.site.1, 111, 125, 236
1121098.7.peg.441.site.2, 0, 125, 125
1121098.7.peg.441.site.3, 52, 126, 178
1121098.7.peg.441.site.4, 82, 126, 208
1121098.7.peg.441.site.5, 122, 126, 248
1121098.7.peg.441.site.6, 67, 125, 192
1121098.7.peg.441.site.7, 52, 126, 178
1121098.7.peg.441.site.8, 117, 126, 243
1121098.7.peg.441.site.9, 18, 126, 144
1121098.7.peg.441.site.10, 4, 125, 129
1121098.7.peg.441.site.11, 61, 126, 187
1121098.7.peg.441.site.12, 112, 126, 238
1121098.7.peg.441.site.13, 15, 126, 141
1121098.7.peg.441.site.14, 15, 126, 141
1121098.7.peg.441.site.15, 0, 126, 126
1121098.7.peg.441.site.16, 74, 126, 200
1121098.7.peg.441.site.17, 1, 126, 127
1121098.7.peg.441.site.18, 0, 126, 126
1121098.7.peg.441.site.19, 16, 126, 142
1121098.7.peg.441.site.20, 2, 126, 128
1121098.7.peg.441.site.21, 0, 125, 125
1121098.7.peg.441.site.22, 20, 126, 146
1121098.7.peg.441.site.23, 4, 125, 129
1121098.7.peg.441.site.24, 35, 126, 161
1121098.7.peg.441.site.25, 9, 125, 134
1121098.7.peg.441.site.26, 0, 126, 126
1121098.7.peg.441.site.27, 1, 126, 127
1121098.7.peg.441.site.28, 8, 125, 133
1121098.7.peg.443.site.1, 51, 125, 176
1121098.7.peg.443.site.2, 1, 124, 125
1121098.7.peg.443.site.3, 11, 126, 137
1121098.7.peg.444.site.1, 0, 125, 125
1121098.7.peg.444.site.2, 9, 124, 133
1121098.7.peg.444.site.3, 66, 124, 190
1121098.7.peg.444.site.4, 0, 125, 125
1121098.7.peg.444.site.5, 0, 126, 126
1121098.7.peg.444.site.6, 1, 126, 127
1121098.7.peg.444.site.7, 4, 126, 130
1121098.7.peg.444.site.8, 0, 126, 126
1121098.7.peg.444.site.9, 22, 126, 148
1121098.7.peg.444.site.10, 31, 125, 156
1121098.7.peg.444.site.11, 4, 126, 130
1121098.7.peg.444.site.12, 0, 126, 126
1121098.7.peg.444.site.13, 0, 125, 125
1121098.7.peg.444.site.14, 59, 126, 185
1121098.7.peg.444.site.15, 0, 125, 125
1121098.7.peg.444.site.16, 0, 126, 126
1121098.7.peg.444.site.17, 2, 125, 127
1121098.7.peg.444.site.18, 60, 126, 186
1121098.7.peg.446.site.1, 5, 126, 131
1121098.7.peg.446.site.2, 0, 126, 126
1121098.7.peg.446.site.3, 6, 125, 131
1121098.7.peg.446.site.4, 17, 126, 143
1121098.7.peg.446.site.5, 0, 126, 126
1121098.7.peg.446.site.6, 0, 126, 126
1121098.7.peg.446.site.7, 0, 126, 126
1121098.7.peg.446.site.8, 53, 126, 179
1121098.7.peg.446.site.9, 0, 122, 122
1121098.7.peg.446.site.10, 0, 126, 126
1121098.7.peg.447.site.1, 4, 126, 130
1121098.7.peg.447.site.2, 38, 124, 162
1121098.7.peg.447.site.3, 2, 125, 127
1121098.7.peg.447.site.4, 12, 126, 138
1121098.7.peg.447.site.5, 0, 125, 125
1121098.7.peg.447.site.6, 91, 126, 217
1121098.7.peg.447.site.7, 37, 125, 162
1121098.7.peg.447.site.8, 2, 126, 128
1121098.7.peg.447.site.9, 0, 125, 125
1121098.7.peg.447.site.10, 33, 126, 159
1121098.7.peg.447.site.11, 4, 125, 129
1121098.7.peg.447.site.12, 16, 126, 142
1121098.7.peg.447.site.13, 7, 126, 133
1121098.7.peg.447.site.14, 0, 126, 126
1121098.7.peg.3926.site.1, 1, 126, 127
1121098.7.peg.3926.site.2, 9, 126, 135
1121098.7.peg.3926.site.3, 120, 125, 245
1121098.7.peg.3926.site.4, 108, 126, 234
1121098.7.peg.3926.site.5, 16, 126, 142
1121098.7.peg.3926.site.6, 2, 126, 128
1121098.7.peg.3926.site.7, 54, 126, 180
1121098.7.peg.3926.site.8, 52, 126, 178
1121098.7.peg.3926.site.9, 54, 126, 180
1121098.7.peg.3926.site.10, 0, 125, 125
1121098.7.peg.3926.site.11, 0, 126, 126
1121098.7.peg.3926.site.12, 55, 126, 181
1121098.7.peg.3926.site.13, 1, 126, 127
1121098.7.peg.3926.site.14, 12, 124, 136
1121098.7.peg.3926.site.15, 0, 125, 125
1121098.7.peg.3926.site.16, 0, 126, 126
1121098.7.peg.3926.site.17, 0, 126, 126
1121098.7.peg.3926.site.18, 0, 125, 125
1121098.7.peg.3926.site.19, 22, 126, 148
1121098.7.peg.3926.site.20, 0, 126, 126
1121098.7.peg.3926.site.21, 61, 125, 186
1121098.7.peg.3926.site.22, 0, 126, 126
1121098.7.peg.3926.site.23, 67, 124, 191
1121098.7.peg.3926.site.24, 54, 126, 180
1121098.7.peg.3926.site.25, 0, 126, 126
1121098.7.peg.3926.site.26, 0, 123, 123
1121098.7.peg.3925.site.1, 37, 125, 162
1121098.7.peg.3925.site.2, 0, 126, 126
1121098.7.peg.3925.site.3, 0, 126, 126
1121098.7.peg.3925.site.4, 0, 126, 126
1121098.7.peg.3925.site.5, 0, 126, 126
1121098.7.peg.596.site.1, 0, 125, 125
1121098.7.peg.596.site.2, 88, 124, 212
1121098.7.peg.596.site.3, 3, 126, 129
1121098.7.peg.596.site.4, 3, 126, 129
1121098.7.peg.596.site.5, 38, 126, 164
1121098.7.peg.596.site.6, 3, 126, 129
1121098.7.peg.596.site.7, 4, 126, 130
1121098.7.peg.596.site.8, 3, 126, 129
1121098.7.peg.596.site.9, 0, 126, 126
1121098.7.peg.596.site.10, 2, 126, 128
1121098.7.peg.596.site.11, 3, 126, 129
1121098.7.peg.596.site.12, 122, 126, 248
1121098.7.peg.596.site.13, 1, 126, 127
1121098.7.peg.596.site.14, 3, 126, 129
1121098.7.peg.596.site.15, 3, 126, 129
1121098.7.peg.596.site.16, 0, 126, 126
1121098.7.peg.596.site.17, 2, 126, 128
1121098.7.peg.596.site.18, 0, 126, 126
1121098.7.peg.597.site.1, 2, 125, 127
1121098.7.peg.597.site.2, 18, 125, 143
1121098.7.peg.597.site.3, 0, 125, 125
1121098.7.peg.597.site.4, 1, 126, 127
1121098.7.peg.597.site.5, 18, 125, 143
1121098.7.peg.594.site.1, 0, 126, 126
1121098.7.peg.594.site.2, 0, 126, 126
1121098.7.peg.594.site.3, 6, 126, 132
1121098.7.peg.594.site.4, 0, 126, 126
1121098.7.peg.594.site.5, 0, 126, 126
1121098.7.peg.594.site.6, 0, 126, 126
1121098.7.peg.594.site.7, 3, 126, 129
1121098.7.peg.594.site.8, 0, 122, 122
1121098.7.peg.594.site.9, 1, 124, 125
1121098.7.peg.592.site.1, 0, 126, 126
1121098.7.peg.592.site.2, 0, 125, 125
1121098.7.peg.592.site.3, 0, 125, 125
1121098.7.peg.592.site.4, 12, 125, 137
1121098.7.peg.592.site.5, 0, 126, 126
1121098.7.peg.592.site.6, 0, 125, 125
1121098.7.peg.592.site.7, 0, 126, 126
1121098.7.peg.592.site.8, 8, 125, 133
1121098.7.peg.592.site.9, 2, 126, 128
1121098.7.peg.592.site.10, 13, 126, 139
1121098.7.peg.592.site.11, 5, 126, 131
1121098.7.peg.592.site.12, 1, 126, 127
1121098.7.peg.592.site.13, 0, 125, 125
1121098.7.peg.592.site.14, 0, 126, 126
1121098.7.peg.592.site.15, 0, 126, 126
1121098.7.peg.592.site.16, 0, 126, 126
1121098.7.peg.592.site.17, 3, 126, 129
1121098.7.peg.592.site.18, 2, 125, 127
1121098.7.peg.592.site.19, 16, 126, 142
1121098.7.peg.592.site.20, 3, 125, 128
1121098.7.peg.592.site.21, 65, 126, 191
1121098.7.peg.593.site.1, 55, 126, 181
1121098.7.peg.593.site.2, 1, 126, 127
1121098.7.peg.593.site.3, 0, 126, 126
1121098.7.peg.593.site.4, 122, 126, 248
1121098.7.peg.593.site.5, 121, 126, 247
1121098.7.peg.593.site.6, 1, 125, 126
1121098.7.peg.593.site.7, 0, 124, 124
1121098.7.peg.593.site.8, 4, 126, 130
1121098.7.peg.590.site.1, 0, 126, 126
1121098.7.peg.590.site.2, 5, 125, 130
1121098.7.peg.590.site.3, 0, 126, 126
1121098.7.peg.590.site.4, 6, 126, 132
1121098.7.peg.590.site.5, 0, 126, 126
1121098.7.peg.590.site.6, 122, 126, 248
1121098.7.peg.590.site.7, 0, 126, 126
1121098.7.peg.590.site.8, 19, 126, 145
1121098.7.peg.590.site.9, 1, 126, 127
1121098.7.peg.590.site.10, 49, 126, 175
1121098.7.peg.590.site.11, 0, 126, 126
1121098.7.peg.590.site.12, 4, 126, 130
1121098.7.peg.590.site.13, 8, 126, 134
1121098.7.peg.590.site.14, 3, 126, 129
1121098.7.peg.590.site.15, 9, 126, 135
1121098.7.peg.590.site.16, 0, 126, 126
1121098.7.peg.591.site.1, 1, 126, 127
1121098.7.peg.591.site.2, 3, 126, 129
1121098.7.peg.3206.site.1, 1, 126, 127
1121098.7.peg.3206.site.2, 15, 125, 140
1121098.7.peg.3206.site.3, 68, 126, 194
1121098.7.peg.3206.site.4, 0, 126, 126
1121098.7.peg.3206.site.5, 7, 125, 132
1121098.7.peg.3206.site.6, 50, 126, 176
1121098.7.peg.3206.site.7, 2, 126, 128
1121098.7.peg.3206.site.8, 0, 126, 126
1121098.7.peg.3206.site.9, 40, 126, 166
1121098.7.peg.3206.site.10, 70, 126, 196
1121098.7.peg.3206.site.11, 0, 126, 126
1121098.7.peg.3206.site.12, 4, 126, 130
1121098.7.peg.3206.site.13, 52, 126, 178
1121098.7.peg.3206.site.14, 0, 126, 126
1121098.7.peg.3206.site.15, 1, 126, 127
1121098.7.peg.3206.site.16, 111, 126, 237
1121098.7.peg.3206.site.17, 1, 126, 127
1121098.7.peg.3207.site.1, 4, 126, 130
1121098.7.peg.3207.site.2, 8, 125, 133
1121098.7.peg.3207.site.3, 4, 126, 130
1121098.7.peg.3207.site.4, 0, 125, 125
1121098.7.peg.3207.site.5, 12, 126, 138
1121098.7.peg.3207.site.6, 59, 126, 185
1121098.7.peg.3207.site.7, 76, 126, 202
1121098.7.peg.3207.site.8, 57, 124, 181
1121098.7.peg.3207.site.9, 102, 126, 228
1121098.7.peg.3207.site.10, 5, 125, 130
1121098.7.peg.3207.site.11, 49, 126, 175
1121098.7.peg.3207.site.12, 12, 126, 138
1121098.7.peg.3207.site.13, 0, 126, 126
1121098.7.peg.3207.site.14, 52, 126, 178
1121098.7.peg.3207.site.15, 9, 126, 135
1121098.7.peg.3207.site.16, 39, 126, 165
1121098.7.peg.3204.site.1, 60, 126, 186
1121098.7.peg.3204.site.2, 4, 126, 130
1121098.7.peg.3204.site.3, 3, 125, 128
1121098.7.peg.3204.site.4, 25, 125, 150
1121098.7.peg.3204.site.5, 4, 126, 130
1121098.7.peg.3204.site.6, 0, 126, 126
1121098.7.peg.3204.site.7, 61, 126, 187
1121098.7.peg.3205.site.1, 97, 126, 223
1121098.7.peg.3205.site.2, 5, 126, 131
1121098.7.peg.3205.site.3, 0, 126, 126
1121098.7.peg.3205.site.4, 3, 125, 128
1121098.7.peg.3205.site.5, 34, 125, 159
1121098.7.peg.3205.site.6, 0, 126, 126
1121098.7.peg.3202.site.1, 65, 126, 191
1121098.7.peg.3202.site.2, 0, 126, 126
1121098.7.peg.3202.site.3, 0, 126, 126
1121098.7.peg.3202.site.4, 0, 126, 126
1121098.7.peg.3202.site.5, 0, 126, 126
1121098.7.peg.3202.site.6, 0, 126, 126
1121098.7.peg.3202.site.7, 4, 126, 130
1121098.7.peg.3202.site.8, 59, 126, 185
1121098.7.peg.3202.site.9, 0, 126, 126
1121098.7.peg.3202.site.10, 0, 126, 126
1121098.7.peg.3202.site.11, 3, 126, 129
1121098.7.peg.3202.site.12, 0, 124, 124
1121098.7.peg.3202.site.13, 1, 126, 127
1121098.7.peg.3203.site.1, 122, 126, 248
1121098.7.peg.3203.site.2, 30, 125, 155
1121098.7.peg.3203.site.3, 52, 126, 178
1121098.7.peg.3203.site.4, 15, 125, 140
1121098.7.peg.3203.site.5, 10, 126, 136
1121098.7.peg.3203.site.6, 0, 126, 126
1121098.7.peg.3203.site.7, 2, 126, 128
1121098.7.peg.3203.site.8, 65, 126, 191
1121098.7.peg.3203.site.9, 122, 126, 248
1121098.7.peg.3203.site.10, 16, 125, 141
1121098.7.peg.3203.site.11, 93, 125, 218
1121098.7.peg.3203.site.12, 14, 125, 139
1121098.7.peg.3203.site.13, 122, 126, 248
1121098.7.peg.3203.site.14, 2, 126, 128
1121098.7.peg.3203.site.15, 64, 126, 190
1121098.7.peg.3203.site.16, 1, 126, 127
1121098.7.peg.3203.site.17, 1, 126, 127
1121098.7.peg.3203.site.18, 0, 126, 126
1121098.7.peg.3203.site.19, 0, 126, 126
1121098.7.peg.3203.site.20, 1, 125, 126
1121098.7.peg.598.site.1, 2, 126, 128
1121098.7.peg.598.site.2, 63, 126, 189
1121098.7.peg.598.site.3, 4, 125, 129
1121098.7.peg.598.site.4, 53, 126, 179
1121098.7.peg.3201.site.1, 98, 124, 222
1121098.7.peg.3921.site.1, 0, 126, 126
1121098.7.peg.3921.site.2, 55, 126, 181
1121098.7.peg.288.site.1, 0, 126, 126
1121098.7.peg.288.site.2, 0, 126, 126
1121098.7.peg.288.site.3, 60, 126, 186
1121098.7.peg.288.site.4, 4, 126, 130
1121098.7.peg.288.site.5, 94, 126, 220
1121098.7.peg.288.site.6, 10, 126, 136
1121098.7.peg.288.site.7, 23, 125, 148
1121098.7.peg.289.site.1, 57, 126, 183
1121098.7.peg.289.site.2, 1, 126, 127
1121098.7.peg.289.site.3, 20, 125, 145
1121098.7.peg.289.site.4, 45, 125, 170
1121098.7.peg.289.site.5, 48, 126, 174
1121098.7.peg.289.site.6, 10, 126, 136
1121098.7.peg.289.site.7, 0, 126, 126
1121098.7.peg.289.site.8, 55, 125, 180
1121098.7.peg.283.site.1, 4, 126, 130
1121098.7.peg.283.site.2, 0, 126, 126
1121098.7.peg.283.site.3, 0, 126, 126
1121098.7.peg.283.site.4, 0, 126, 126
1121098.7.peg.283.site.5, 2, 126, 128
1121098.7.peg.283.site.6, 0, 126, 126
1121098.7.peg.283.site.7, 56, 126, 182
1121098.7.peg.283.site.8, 96, 126, 222
1121098.7.peg.283.site.9, 17, 126, 143
1121098.7.peg.280.site.1, 0, 126, 126
1121098.7.peg.280.site.2, 4, 126, 130
1121098.7.peg.286.site.1, 5, 126, 131
1121098.7.peg.286.site.2, 1, 126, 127
1121098.7.peg.286.site.3, 0, 126, 126
1121098.7.peg.286.site.4, 0, 126, 126
1121098.7.peg.287.site.1, 53, 126, 179
1121098.7.peg.287.site.2, 1, 124, 125
1121098.7.peg.287.site.3, 8, 123, 131
1121098.7.peg.287.site.4, 2, 125, 127
1121098.7.peg.287.site.5, 18, 125, 143
1121098.7.peg.287.site.6, 64, 126, 190
1121098.7.peg.287.site.7, 2, 126, 128
1121098.7.peg.287.site.8, 0, 126, 126
1121098.7.peg.284.site.1, 60, 126, 186
1121098.7.peg.284.site.2, 7, 126, 133
1121098.7.peg.284.site.3, 1, 126, 127
1121098.7.peg.284.site.4, 0, 126, 126
1121098.7.peg.284.site.5, 1, 125, 126
1121098.7.peg.284.site.6, 0, 126, 126
1121098.7.peg.284.site.7, 1, 126, 127
1121098.7.peg.284.site.8, 112, 126, 238
1121098.7.peg.284.site.9, 0, 126, 126
1121098.7.peg.285.site.1, 0, 126, 126
1121098.7.peg.285.site.2, 8, 125, 133
1121098.7.peg.285.site.3, 57, 126, 183
1121098.7.peg.285.site.4, 0, 126, 126
1121098.7.peg.285.site.5, 0, 126, 126
1121098.7.peg.285.site.6, 91, 125, 216
1121098.7.peg.285.site.7, 12, 126, 138
1121098.7.peg.285.site.8, 1, 126, 127
1121098.7.peg.285.site.9, 7, 125, 132
1121098.7.peg.285.site.10, 0, 125, 125
1121098.7.peg.285.site.11, 4, 126, 130
1121098.7.peg.285.site.12, 24, 126, 150
1121098.7.peg.3512.site.1, 61, 126, 187
1121098.7.peg.3512.site.2, 56, 126, 182
1121098.7.peg.3512.site.3, 0, 125, 125
1121098.7.peg.3513.site.1, 0, 126, 126
1121098.7.peg.3513.site.2, 1, 125, 126
1121098.7.peg.3513.site.3, 0, 125, 125
1121098.7.peg.3513.site.4, 42, 125, 167
1121098.7.peg.3513.site.5, 99, 126, 225
1121098.7.peg.3513.site.6, 41, 126, 167
1121098.7.peg.3513.site.7, 96, 126, 222
1121098.7.peg.3513.site.8, 12, 125, 137
1121098.7.peg.3513.site.9, 5, 126, 131
1121098.7.peg.3513.site.10, 0, 125, 125
1121098.7.peg.3513.site.11, 2, 126, 128
1121098.7.peg.3513.site.12, 107, 126, 233
1121098.7.peg.3513.site.13, 62, 125, 187
1121098.7.peg.3510.site.1, 0, 126, 126
1121098.7.peg.3510.site.2, 122, 126, 248
1121098.7.peg.3516.site.1, 1, 126, 127
1121098.7.peg.3517.site.1, 0, 125, 125
1121098.7.peg.3517.site.2, 0, 126, 126
1121098.7.peg.3517.site.3, 27, 125, 152
1121098.7.peg.3517.site.4, 0, 126, 126
1121098.7.peg.3517.site.5, 0, 126, 126
1121098.7.peg.3514.site.1, 2, 126, 128
1121098.7.peg.3514.site.2, 4, 126, 130
1121098.7.peg.3514.site.3, 4, 126, 130
1121098.7.peg.3514.site.4, 12, 126, 138
1121098.7.peg.3514.site.5, 24, 126, 150
1121098.7.peg.3518.site.1, 0, 126, 126
1121098.7.peg.3518.site.2, 112, 126, 238
1121098.7.peg.3518.site.3, 0, 126, 126
1121098.7.peg.3518.site.4, 0, 124, 124
1121098.7.peg.3518.site.5, 16, 125, 141
1121098.7.peg.3518.site.6, 78, 125, 203
1121098.7.peg.3518.site.7, 98, 126, 224
1121098.7.peg.3519.site.1, 2, 45, 47
1121098.7.peg.3519.site.2, 2, 45, 47
1121098.7.peg.3519.site.3, 1, 45, 46
1121098.7.peg.3519.site.4, 4, 48, 52
1121098.7.peg.3519.site.5, 5, 51, 56
1121098.7.peg.3519.site.6, 30, 125, 155
1121098.7.peg.3519.site.7, 1, 126, 127
1121098.7.peg.3519.site.8, 17, 125, 142
1121098.7.peg.3519.site.9, 6, 125, 131
1121098.7.peg.3519.site.10, 2, 125, 127
1121098.7.peg.3519.site.11, 0, 125, 125
1121098.7.peg.3519.site.12, 2, 125, 127
1121098.7.peg.3519.site.13, 13, 124, 137
1121098.7.peg.3519.site.14, 56, 125, 181
1121098.7.peg.3519.site.15, 0, 125, 125
1121098.7.peg.4018.site.1, 4, 126, 130
1121098.7.peg.4018.site.2, 1, 125, 126
1121098.7.peg.4018.site.3, 52, 126, 178
1121098.7.peg.4018.site.4, 53, 126, 179
1121098.7.peg.4018.site.5, 1, 126, 127
1121098.7.peg.4018.site.6, 0, 126, 126
1121098.7.peg.3387.site.1, 41, 126, 167
1121098.7.peg.3484.site.1, 0, 125, 125
1121098.7.peg.3484.site.2, 1, 126, 127
1121098.7.peg.3393.site.1, 0, 126, 126
1121098.7.peg.3393.site.2, 27, 126, 153
1121098.7.peg.3393.site.3, 2, 123, 125
1121098.7.peg.3393.site.4, 13, 125, 138
1121098.7.peg.3393.site.5, 13, 125, 138
1121098.7.peg.3393.site.6, 1, 126, 127
1121098.7.peg.3393.site.7, 26, 126, 152
1121098.7.peg.3393.site.8, 2, 126, 128
1121098.7.peg.3393.site.9, 3, 126, 129
1121098.7.peg.3393.site.10, 0, 126, 126
1121098.7.peg.3393.site.11, 103, 125, 228
1121098.7.peg.3393.site.12, 4, 125, 129
1121098.7.peg.3393.site.13, 122, 126, 248
1121098.7.peg.3393.site.14, 4, 126, 130
1121098.7.peg.3393.site.15, 12, 126, 138
1121098.7.peg.3393.site.16, 4, 126, 130
1121098.7.peg.3393.site.17, 0, 125, 125
1121098.7.peg.3393.site.18, 8, 126, 134
1121098.7.peg.3393.site.19, 0, 126, 126
1121098.7.peg.3386.site.1, 50, 126, 176
1121098.7.peg.3386.site.2, 2, 126, 128
1121098.7.peg.3386.site.3, 0, 126, 126
1121098.7.peg.3386.site.4, 0, 126, 126
1121098.7.peg.3386.site.5, 3, 126, 129
1121098.7.peg.3394.site.1, 0, 126, 126
1121098.7.peg.3395.site.1, 3, 126, 129
1121098.7.peg.3395.site.2, 1, 126, 127
1121098.7.peg.3395.site.3, 122, 126, 248
1121098.7.peg.3395.site.4, 8, 126, 134
1121098.7.peg.3395.site.5, 0, 126, 126
1121098.7.peg.3395.site.6, 4, 125, 129
1121098.7.peg.3395.site.7, 0, 126, 126
1121098.7.peg.3395.site.8, 122, 126, 248
1121098.7.peg.3395.site.9, 79, 125, 204
1121098.7.peg.3395.site.10, 0, 126, 126
1121098.7.peg.3395.site.11, 119, 124, 243
1121098.7.peg.3395.site.12, 12, 126, 138
1121098.7.peg.3395.site.13, 1, 126, 127
1121098.7.peg.3395.site.14, 57, 125, 182
1121098.7.peg.3395.site.15, 64, 126, 190
1121098.7.peg.3395.site.16, 0, 125, 125
1121098.7.peg.3395.site.17, 0, 125, 125
1121098.7.peg.3395.site.18, 0, 124, 124
1121098.7.peg.1684.site.1, 0, 125, 125
1121098.7.peg.1684.site.2, 0, 125, 125
1121098.7.peg.1684.site.3, 0, 126, 126
1121098.7.peg.1684.site.4, 4, 126, 130
1121098.7.peg.1684.site.5, 0, 126, 126
1121098.7.peg.1684.site.6, 0, 126, 126
1121098.7.peg.1684.site.7, 0, 126, 126
1121098.7.peg.1685.site.1, 2, 125, 127
1121098.7.peg.1685.site.2, 10, 126, 136
1121098.7.peg.1685.site.3, 0, 125, 125
1121098.7.peg.1685.site.4, 8, 126, 134
1121098.7.peg.1685.site.5, 0, 126, 126
1121098.7.peg.1685.site.6, 4, 126, 130
1121098.7.peg.1685.site.7, 1, 126, 127
1121098.7.peg.1685.site.8, 4, 126, 130
1121098.7.peg.1685.site.9, 0, 126, 126
1121098.7.peg.1685.site.10, 66, 125, 191
1121098.7.peg.1685.site.11, 7, 126, 133
1121098.7.peg.1685.site.12, 66, 126, 192
1121098.7.peg.1685.site.13, 12, 126, 138
1121098.7.peg.1685.site.14, 75, 125, 200
1121098.7.peg.1685.site.15, 1, 126, 127
1121098.7.peg.1685.site.16, 0, 126, 126
1121098.7.peg.1685.site.17, 3, 123, 126
1121098.7.peg.1686.site.1, 4, 125, 129
1121098.7.peg.1686.site.2, 0, 125, 125
1121098.7.peg.1686.site.3, 16, 126, 142
1121098.7.peg.1686.site.4, 0, 126, 126
1121098.7.peg.1686.site.5, 0, 126, 126
1121098.7.peg.1686.site.6, 0, 122, 122
1121098.7.peg.1687.site.1, 0, 126, 126
1121098.7.peg.1687.site.2, 5, 126, 131
1121098.7.peg.1680.site.1, 51, 125, 176
1121098.7.peg.1680.site.2, 0, 125, 125
1121098.7.peg.1680.site.3, 0, 123, 123
1121098.7.peg.1680.site.4, 0, 123, 123
1121098.7.peg.1680.site.5, 34, 97, 131
1121098.7.peg.1680.site.6, 21, 84, 105
1121098.7.peg.3396.site.1, 59, 125, 184
1121098.7.peg.3396.site.2, 61, 125, 186
1121098.7.peg.3396.site.3, 63, 125, 188
1121098.7.peg.3396.site.4, 52, 126, 178
1121098.7.peg.3396.site.5, 110, 126, 236
1121098.7.peg.3396.site.6, 68, 126, 194
1121098.7.peg.3396.site.7, 121, 125, 246
1121098.7.peg.3396.site.8, 52, 126, 178
1121098.7.peg.3396.site.9, 12, 126, 138
1121098.7.peg.3396.site.10, 0, 126, 126
1121098.7.peg.3396.site.11, 0, 126, 126
1121098.7.peg.3396.site.12, 9, 125, 134
1121098.7.peg.3396.site.13, 12, 126, 138
1121098.7.peg.3396.site.14, 5, 125, 130
1121098.7.peg.3396.site.15, 16, 126, 142
1121098.7.peg.3396.site.16, 2, 126, 128
1121098.7.peg.1683.site.1, 1, 126, 127
1121098.7.peg.1683.site.2, 4, 126, 130
1121098.7.peg.1683.site.3, 36, 124, 160
1121098.7.peg.1683.site.4, 55, 118, 173
1121098.7.peg.1683.site.5, 4, 118, 122
1121098.7.peg.1683.site.6, 1, 119, 120
1121098.7.peg.1683.site.7, 1, 119, 120
1121098.7.peg.1683.site.8, 2, 120, 122
1121098.7.peg.1683.site.9, 1, 122, 123
1121098.7.peg.1683.site.10, 21, 126, 147
1121098.7.peg.1683.site.11, 0, 125, 125
1121098.7.peg.1683.site.12, 7, 122, 129
1121098.7.peg.1683.site.13, 3, 124, 127
1121098.7.peg.1683.site.14, 3, 125, 128
1121098.7.peg.1683.site.15, 0, 126, 126
1121098.7.peg.1683.site.16, 0, 126, 126
1121098.7.peg.1683.site.17, 38, 123, 161
1121098.7.peg.1683.site.18, 37, 123, 160
1121098.7.peg.1683.site.19, 52, 125, 177
1121098.7.peg.1683.site.20, 1, 125, 126
1121098.7.peg.1683.site.21, 26, 125, 151
1121098.7.peg.1683.site.22, 3, 125, 128
1121098.7.peg.1683.site.23, 2, 119, 121
1121098.7.peg.1683.site.24, 86, 101, 187
1121098.7.peg.1683.site.25, 0, 122, 122
1121098.7.peg.1683.site.26, 0, 125, 125
1121098.7.peg.1683.site.27, 117, 122, 239
1121098.7.peg.1683.site.28, 0, 126, 126
1121098.7.peg.1683.site.29, 0, 126, 126
1121098.7.peg.1683.site.30, 40, 125, 165
1121098.7.peg.1683.site.31, 0, 126, 126
1121098.7.peg.1683.site.32, 21, 126, 147
1121098.7.peg.1683.site.33, 0, 126, 126
1121098.7.peg.3470.site.1, 73, 123, 196
1121098.7.peg.3470.site.2, 117, 123, 240
1121098.7.peg.3470.site.3, 7, 122, 129
1121098.7.peg.3470.site.4, 59, 120, 179
1121098.7.peg.3470.site.5, 51, 123, 174
1121098.7.peg.3470.site.6, 0, 112, 112
1121098.7.peg.3470.site.7, 0, 119, 119
1121098.7.peg.3470.site.8, 121, 126, 247
1121098.7.peg.3470.site.9, 2, 126, 128
1121098.7.peg.3470.site.10, 0, 126, 126
1121098.7.peg.3473.site.1, 13, 126, 139
1121098.7.peg.3473.site.2, 12, 126, 138
1121098.7.peg.3473.site.3, 4, 126, 130
1121098.7.peg.3473.site.4, 1, 126, 127
1121098.7.peg.3473.site.5, 42, 126, 168
1121098.7.peg.3473.site.6, 0, 126, 126
1121098.7.peg.3473.site.7, 42, 126, 168
1121098.7.peg.3473.site.8, 13, 125, 138
1121098.7.peg.3473.site.9, 66, 126, 192
1121098.7.peg.3473.site.10, 0, 126, 126
1121098.7.peg.3473.site.11, 60, 126, 186
1121098.7.peg.3473.site.12, 0, 126, 126
1121098.7.peg.3472.site.1, 115, 126, 241
1121098.7.peg.3472.site.2, 0, 126, 126
1121098.7.peg.3472.site.3, 0, 125, 125
1121098.7.peg.3472.site.4, 0, 124, 124
1121098.7.peg.3472.site.5, 47, 124, 171
1121098.7.peg.3472.site.6, 20, 126, 146
1121098.7.peg.3472.site.7, 3, 126, 129
1121098.7.peg.3472.site.8, 1, 126, 127
1121098.7.peg.3472.site.9, 97, 124, 221
1121098.7.peg.3472.site.10, 1, 125, 126
1121098.7.peg.3472.site.11, 36, 125, 161
1121098.7.peg.3472.site.12, 1, 125, 126
1121098.7.peg.3472.site.13, 0, 126, 126
1121098.7.peg.3475.site.1, 15, 126, 141
1121098.7.peg.3475.site.2, 2, 126, 128
1121098.7.peg.3475.site.3, 0, 126, 126
1121098.7.peg.3475.site.4, 0, 126, 126
1121098.7.peg.3475.site.5, 1, 126, 127
1121098.7.peg.3475.site.6, 0, 126, 126
1121098.7.peg.3475.site.7, 1, 126, 127
1121098.7.peg.3475.site.8, 0, 126, 126
1121098.7.peg.3475.site.9, 12, 126, 138
1121098.7.peg.3475.site.10, 122, 126, 248
1121098.7.peg.3475.site.11, 56, 126, 182
1121098.7.peg.3475.site.12, 53, 126, 179
1121098.7.peg.3475.site.13, 20, 126, 146
1121098.7.peg.3475.site.14, 0, 126, 126
1121098.7.peg.3475.site.15, 1, 126, 127
1121098.7.peg.3474.site.1, 97, 126, 223
1121098.7.peg.3474.site.2, 2, 126, 128
1121098.7.peg.3474.site.3, 93, 126, 219
1121098.7.peg.3474.site.4, 87, 126, 213
1121098.7.peg.3474.site.5, 0, 125, 125
1121098.7.peg.3474.site.6, 45, 126, 171
1121098.7.peg.3474.site.7, 5, 126, 131
1121098.7.peg.3477.site.1, 12, 126, 138
1121098.7.peg.3476.site.1, 0, 125, 125
1121098.7.peg.3476.site.2, 0, 126, 126
1121098.7.peg.3476.site.3, 0, 126, 126
1121098.7.peg.3476.site.4, 60, 126, 186
1121098.7.peg.3476.site.5, 0, 126, 126
1121098.7.peg.3476.site.6, 12, 126, 138
1121098.7.peg.3476.site.7, 0, 126, 126
1121098.7.peg.3476.site.8, 0, 126, 126
1121098.7.peg.3476.site.9, 0, 126, 126
1121098.7.peg.3476.site.10, 4, 126, 130
1121098.7.peg.3476.site.11, 0, 126, 126
1121098.7.peg.3476.site.12, 0, 126, 126
1121098.7.peg.3476.site.13, 26, 126, 152
1121098.7.peg.3476.site.14, 61, 126, 187
1121098.7.peg.3476.site.15, 4, 126, 130
1121098.7.peg.3476.site.16, 102, 126, 228
1121098.7.peg.3476.site.17, 1, 126, 127
1121098.7.peg.3476.site.18, 0, 125, 125
1121098.7.peg.3476.site.19, 0, 126, 126
1121098.7.peg.3476.site.20, 1, 126, 127
1121098.7.peg.3476.site.21, 99, 126, 225
1121098.7.peg.3476.site.22, 26, 126, 152
1121098.7.peg.3476.site.23, 12, 126, 138
1121098.7.peg.3476.site.24, 0, 126, 126
1121098.7.peg.3476.site.25, 11, 126, 137
1121098.7.peg.3476.site.26, 7, 126, 133
1121098.7.peg.3476.site.27, 12, 126, 138
1121098.7.peg.3476.site.28, 1, 126, 127
1121098.7.peg.3476.site.29, 19, 126, 145
1121098.7.peg.3476.site.30, 82, 126, 208
1121098.7.peg.3476.site.31, 0, 126, 126
1121098.7.peg.3476.site.32, 39, 126, 165
1121098.7.peg.3476.site.33, 0, 126, 126
1121098.7.peg.3476.site.34, 0, 125, 125
1121098.7.peg.3476.site.35, 0, 126, 126
1121098.7.peg.3476.site.36, 1, 126, 127
1121098.7.peg.2818.site.1, 0, 125, 125
1121098.7.peg.2818.site.2, 0, 126, 126
1121098.7.peg.2818.site.3, 102, 126, 228
1121098.7.peg.2818.site.4, 0, 126, 126
1121098.7.peg.2818.site.5, 0, 126, 126
1121098.7.peg.2818.site.6, 1, 126, 127
1121098.7.peg.2818.site.7, 0, 126, 126
1121098.7.peg.2819.site.1, 65, 126, 191
1121098.7.peg.2819.site.2, 64, 126, 190
1121098.7.peg.2819.site.3, 106, 125, 231
1121098.7.peg.2819.site.4, 1, 126, 127
1121098.7.peg.2819.site.5, 52, 125, 177
1121098.7.peg.2819.site.6, 3, 125, 128
1121098.7.peg.2819.site.7, 2, 126, 128
1121098.7.peg.2819.site.8, 55, 126, 181
1121098.7.peg.2814.site.1, 1, 126, 127
1121098.7.peg.2814.site.2, 0, 126, 126
1121098.7.peg.2814.site.3, 2, 126, 128
1121098.7.peg.2814.site.4, 13, 126, 139
1121098.7.peg.2814.site.5, 0, 126, 126
1121098.7.peg.2814.site.6, 6, 126, 132
1121098.7.peg.2814.site.7, 5, 125, 130
1121098.7.peg.2814.site.8, 3, 126, 129
1121098.7.peg.2814.site.9, 3, 126, 129
1121098.7.peg.2814.site.10, 116, 126, 242
1121098.7.peg.2814.site.11, 0, 126, 126
1121098.7.peg.2814.site.12, 1, 126, 127
1121098.7.peg.2814.site.13, 52, 126, 178
1121098.7.peg.2814.site.14, 3, 126, 129
1121098.7.peg.2816.site.1, 0, 126, 126
1121098.7.peg.2816.site.2, 68, 126, 194
1121098.7.peg.2816.site.3, 0, 126, 126
1121098.7.peg.2816.site.4, 62, 126, 188
1121098.7.peg.2816.site.5, 0, 126, 126
1121098.7.peg.2816.site.6, 18, 124, 142
1121098.7.peg.2816.site.7, 21, 125, 146
1121098.7.peg.2816.site.8, 104, 126, 230
1121098.7.peg.2816.site.9, 1, 126, 127
1121098.7.peg.2816.site.10, 0, 125, 125
1121098.7.peg.2816.site.11, 6, 126, 132
1121098.7.peg.2816.site.12, 1, 125, 126
1121098.7.peg.2817.site.1, 60, 126, 186
1121098.7.peg.2817.site.2, 0, 126, 126
1121098.7.peg.2817.site.3, 8, 126, 134
1121098.7.peg.2817.site.4, 15, 125, 140
1121098.7.peg.2817.site.5, 15, 125, 140
1121098.7.peg.2817.site.6, 28, 126, 154
1121098.7.peg.2817.site.7, 0, 125, 125
1121098.7.peg.2817.site.8, 0, 126, 126
1121098.7.peg.2817.site.9, 117, 126, 243
1121098.7.peg.2817.site.10, 0, 126, 126
1121098.7.peg.2817.site.11, 0, 126, 126
1121098.7.peg.2817.site.12, 62, 125, 187
1121098.7.peg.2817.site.13, 2, 126, 128
1121098.7.peg.2817.site.14, 0, 125, 125
1121098.7.peg.2817.site.15, 3, 126, 129
1121098.7.peg.2810.site.1, 0, 126, 126
1121098.7.peg.2810.site.2, 2, 126, 128
1121098.7.peg.2813.site.1, 0, 26, 26
1121098.7.peg.2813.site.2, 0, 23, 23
1121098.7.peg.2813.site.3, 0, 37, 37
1121098.7.peg.2813.site.4, 26, 45, 71
1121098.7.peg.938.site.1, 6, 118, 124
1121098.7.peg.938.site.2, 0, 117, 117
1121098.7.peg.938.site.3, 3, 117, 120
1121098.7.peg.938.site.4, 2, 120, 122
1121098.7.peg.938.site.5, 76, 119, 195
1121098.7.peg.938.site.6, 2, 119, 121
1121098.7.peg.938.site.7, 6, 119, 125
1121098.7.peg.938.site.8, 4, 119, 123
1121098.7.peg.938.site.9, 6, 119, 125
1121098.7.peg.938.site.10, 12, 118, 130
1121098.7.peg.938.site.11, 2, 118, 120
1121098.7.peg.938.site.12, 79, 104, 183
1121098.7.peg.938.site.13, 1, 101, 102
1121098.7.peg.938.site.14, 4, 110, 114
1121098.7.peg.938.site.15, 11, 116, 127
1121098.7.peg.938.site.16, 4, 118, 122
1121098.7.peg.938.site.17, 1, 119, 120
1121098.7.peg.938.site.18, 1, 118, 119
1121098.7.peg.938.site.19, 68, 107, 175
1121098.7.peg.938.site.20, 3, 106, 109
1121098.7.peg.938.site.21, 4, 114, 118
1121098.7.peg.938.site.22, 18, 118, 136
1121098.7.peg.938.site.23, 9, 117, 126
1121098.7.peg.938.site.24, 12, 117, 129
1121098.7.peg.938.site.25, 5, 119, 124
1121098.7.peg.938.site.26, 6, 120, 126
1121098.7.peg.938.site.27, 0, 120, 120
1121098.7.peg.938.site.28, 3, 118, 121
1121098.7.peg.938.site.29, 67, 118, 185
1121098.7.peg.938.site.30, 5, 118, 123
1121098.7.peg.938.site.31, 111, 115, 226
1121098.7.peg.938.site.32, 9, 115, 124
1121098.7.peg.938.site.33, 0, 114, 114
1121098.7.peg.938.site.34, 1, 113, 114
1121098.7.peg.938.site.35, 0, 118, 118
1121098.7.peg.938.site.36, 2, 120, 122
1121098.7.peg.1358.site.1, 14, 114, 128
1121098.7.peg.1358.site.2, 0, 115, 115
1121098.7.peg.1358.site.3, 1, 115, 116
1121098.7.peg.1358.site.4, 15, 114, 129
1121098.7.peg.1358.site.5, 20, 115, 135
1121098.7.peg.1358.site.6, 0, 115, 115
1121098.7.peg.1358.site.7, 57, 115, 172
1121098.7.peg.1358.site.8, 20, 115, 135
1121098.7.peg.1358.site.9, 10, 115, 125
1121098.7.peg.1358.site.10, 45, 115, 160
1121098.7.peg.1358.site.11, 0, 115, 115
1121098.7.peg.1359.site.1, 0, 125, 125
1121098.7.peg.1359.site.2, 3, 125, 128
1121098.7.peg.1359.site.3, 20, 126, 146
1121098.7.peg.1359.site.4, 0, 126, 126
1121098.7.peg.1356.site.1, 1, 126, 127
1121098.7.peg.1356.site.2, 2, 125, 127
1121098.7.peg.1356.site.3, 4, 126, 130
1121098.7.peg.1356.site.4, 88, 124, 212
1121098.7.peg.1356.site.5, 0, 126, 126
1121098.7.peg.1356.site.6, 7, 125, 132
1121098.7.peg.1356.site.7, 13, 125, 138
1121098.7.peg.1356.site.8, 2, 126, 128
1121098.7.peg.1356.site.9, 1, 126, 127
1121098.7.peg.1356.site.10, 122, 126, 248
1121098.7.peg.1356.site.11, 0, 125, 125
1121098.7.peg.1356.site.12, 1, 126, 127
1121098.7.peg.1356.site.13, 107, 126, 233
1121098.7.peg.1356.site.14, 90, 126, 216
1121098.7.peg.1356.site.15, 0, 126, 126
1121098.7.peg.1356.site.16, 0, 126, 126
1121098.7.peg.1356.site.17, 0, 126, 126
1121098.7.peg.1356.site.18, 0, 126, 126
1121098.7.peg.1356.site.19, 0, 126, 126
1121098.7.peg.1356.site.20, 3, 126, 129
1121098.7.peg.1356.site.21, 12, 126, 138
1121098.7.peg.1356.site.22, 0, 126, 126
1121098.7.peg.1356.site.23, 0, 126, 126
1121098.7.peg.1356.site.24, 53, 126, 179
1121098.7.peg.1356.site.25, 9, 125, 134
1121098.7.peg.1356.site.26, 51, 126, 177
1121098.7.peg.1356.site.27, 4, 126, 130
1121098.7.peg.1356.site.28, 0, 126, 126
1121098.7.peg.1356.site.29, 0, 126, 126
1121098.7.peg.1356.site.30, 42, 126, 168
1121098.7.peg.1356.site.31, 1, 126, 127
1121098.7.peg.1357.site.1, 25, 126, 151
1121098.7.peg.1357.site.2, 0, 126, 126
1121098.7.peg.1357.site.3, 4, 126, 130
1121098.7.peg.1357.site.4, 61, 126, 187
1121098.7.peg.1357.site.5, 75, 126, 201
1121098.7.peg.1357.site.6, 1, 126, 127
1121098.7.peg.1357.site.7, 3, 126, 129
1121098.7.peg.1354.site.1, 63, 125, 188
1121098.7.peg.1353.site.1, 0, 117, 117
1121098.7.peg.1353.site.2, 11, 120, 131
1121098.7.peg.1353.site.3, 49, 126, 175
1121098.7.peg.1353.site.4, 5, 126, 131
1121098.7.peg.1353.site.5, 0, 126, 126
1121098.7.peg.1353.site.6, 0, 126, 126
1121098.7.peg.1353.site.7, 0, 126, 126
1121098.7.peg.1353.site.8, 10, 126, 136
1121098.7.peg.1353.site.9, 0, 126, 126
1121098.7.peg.1353.site.10, 1, 126, 127
1121098.7.peg.1353.site.11, 1, 104, 105
1121098.7.peg.1353.site.12, 2, 105, 107
1121098.7.peg.1353.site.13, 1, 104, 105
1121098.7.peg.1353.site.14, 2, 105, 107
1121098.7.peg.1353.site.15, 16, 102, 118
1121098.7.peg.1353.site.16, 3, 103, 106
1121098.7.peg.1353.site.17, 0, 103, 103
1121098.7.peg.1353.site.18, 2, 102, 104
1121098.7.peg.1353.site.19, 2, 102, 104
1121098.7.peg.1353.site.20, 2, 105, 107
1121098.7.peg.1353.site.21, 5, 108, 113
1121098.7.peg.1353.site.22, 8, 108, 116
1121098.7.peg.1353.site.23, 1, 108, 109
1121098.7.peg.1353.site.24, 5, 113, 118
1121098.7.peg.1353.site.25, 6, 117, 123
1121098.7.peg.1353.site.26, 52, 121, 173
1121098.7.peg.1353.site.27, 1, 126, 127
1121098.7.peg.1353.site.28, 76, 126, 202
1121098.7.peg.1353.site.29, 1, 126, 127
1121098.7.peg.1353.site.30, 107, 126, 233
1121098.7.peg.1353.site.31, 5, 125, 130
1121098.7.peg.1353.site.32, 63, 126, 189
1121098.7.peg.1353.site.33, 2, 126, 128
1121098.7.peg.1353.site.34, 2, 125, 127
1121098.7.peg.1353.site.35, 0, 126, 126
1121098.7.peg.1353.site.36, 1, 126, 127
1121098.7.peg.1353.site.37, 3, 126, 129
1121098.7.peg.1353.site.38, 2, 126, 128
1121098.7.peg.1353.site.39, 0, 126, 126
1121098.7.peg.936.site.1, 0, 116, 116
1121098.7.peg.936.site.2, 3, 120, 123
1121098.7.peg.936.site.3, 1, 117, 118
1121098.7.peg.936.site.4, 113, 119, 232
1121098.7.peg.936.site.5, 2, 118, 120
1121098.7.peg.937.site.1, 4, 120, 124
1121098.7.peg.937.site.2, 65, 119, 184
1121098.7.peg.1235.site.1, 63, 124, 187
1121098.7.peg.1235.site.2, 29, 126, 155
1121098.7.peg.1235.site.3, 1, 126, 127
1121098.7.peg.1235.site.4, 65, 126, 191
1121098.7.peg.1235.site.5, 0, 125, 125
1121098.7.peg.1235.site.6, 9, 126, 135
1121098.7.peg.1510.site.1, 6, 126, 132
1121098.7.peg.1237.site.1, 0, 126, 126
1121098.7.peg.1237.site.2, 29, 125, 154
1121098.7.peg.1237.site.3, 61, 125, 186
1121098.7.peg.1237.site.4, 101, 126, 227
1121098.7.peg.1237.site.5, 13, 125, 138
1121098.7.peg.1237.site.6, 5, 126, 131
1121098.7.peg.1237.site.7, 30, 126, 156
1121098.7.peg.1236.site.1, 0, 126, 126
1121098.7.peg.1236.site.2, 9, 126, 135
1121098.7.peg.1236.site.3, 122, 126, 248
1121098.7.peg.1236.site.4, 66, 125, 191
1121098.7.peg.1236.site.5, 65, 125, 190
1121098.7.peg.1236.site.6, 13, 126, 139
1121098.7.peg.1236.site.7, 4, 125, 129
1121098.7.peg.1236.site.8, 3, 123, 126
1121098.7.peg.1236.site.9, 1, 123, 124
1121098.7.peg.1236.site.10, 47, 122, 169
1121098.7.peg.1236.site.11, 84, 125, 209
1121098.7.peg.1236.site.12, 42, 125, 167
1121098.7.peg.1236.site.13, 0, 126, 126
1121098.7.peg.1236.site.14, 12, 126, 138
1121098.7.peg.1236.site.15, 12, 126, 138
1121098.7.peg.1236.site.16, 14, 126, 140
1121098.7.peg.1236.site.17, 0, 126, 126
1121098.7.peg.1236.site.18, 5, 126, 131
1121098.7.peg.1236.site.19, 0, 125, 125
1121098.7.peg.1236.site.20, 11, 125, 136
1121098.7.peg.1236.site.21, 0, 126, 126
1121098.7.peg.1236.site.22, 12, 125, 137
1121098.7.peg.1236.site.23, 11, 124, 135
1121098.7.peg.1236.site.24, 11, 124, 135
1121098.7.peg.1236.site.25, 12, 125, 137
1121098.7.peg.1236.site.26, 11, 124, 135
1121098.7.peg.1236.site.27, 13, 126, 139
1121098.7.peg.1236.site.28, 3, 126, 129
1121098.7.peg.1236.site.29, 13, 126, 139
1121098.7.peg.1236.site.30, 111, 126, 237
1121098.7.peg.1236.site.31, 4, 126, 130
1121098.7.peg.1236.site.32, 0, 126, 126
1121098.7.peg.1236.site.33, 10, 126, 136
1121098.7.peg.1236.site.34, 5, 126, 131
1121098.7.peg.1236.site.35, 46, 126, 172
1121098.7.peg.1236.site.36, 11, 126, 137
1121098.7.peg.1236.site.37, 68, 125, 193
1121098.7.peg.1236.site.38, 6, 126, 132
1121098.7.peg.1236.site.39, 3, 125, 128
1121098.7.peg.1236.site.40, 1, 126, 127
1121098.7.peg.1230.site.1, 0, 126, 126
1121098.7.peg.1230.site.2, 98, 126, 224
1121098.7.peg.1230.site.3, 58, 126, 184
1121098.7.peg.1230.site.4, 65, 126, 191
1121098.7.peg.1230.site.5, 10, 126, 136
1121098.7.peg.1230.site.6, 55, 124, 179
1121098.7.peg.1230.site.7, 3, 126, 129
1121098.7.peg.1230.site.8, 0, 126, 126
1121098.7.peg.1230.site.9, 7, 126, 133
1121098.7.peg.1230.site.10, 0, 126, 126
1121098.7.peg.1230.site.11, 6, 125, 131
1121098.7.peg.1230.site.12, 64, 125, 189
1121098.7.peg.1230.site.13, 6, 67, 73
1121098.7.peg.1230.site.14, 4, 65, 69
1121098.7.peg.1230.site.15, 65, 126, 191
1121098.7.peg.1230.site.16, 54, 126, 180
1121098.7.peg.1230.site.17, 0, 125, 125
1121098.7.peg.1233.site.1, 0, 126, 126
1121098.7.peg.1233.site.2, 0, 124, 124
1121098.7.peg.1233.site.3, 9, 126, 135
1121098.7.peg.1233.site.4, 9, 126, 135
1121098.7.peg.1233.site.5, 2, 126, 128
1121098.7.peg.1233.site.6, 0, 124, 124
1121098.7.peg.1233.site.7, 4, 68, 72
1121098.7.peg.1233.site.8, 60, 124, 184
1121098.7.peg.1233.site.9, 99, 124, 223
1121098.7.peg.1233.site.10, 70, 126, 196
1121098.7.peg.1233.site.11, 3, 126, 129
1121098.7.peg.1233.site.12, 59, 122, 181
1121098.7.peg.1233.site.13, 54, 116, 170
1121098.7.peg.1233.site.14, 0, 126, 126
1121098.7.peg.1233.site.15, 61, 125, 186
1121098.7.peg.1233.site.16, 62, 126, 188
1121098.7.peg.1233.site.17, 62, 126, 188
1121098.7.peg.1233.site.18, 62, 126, 188
1121098.7.peg.1233.site.19, 2, 126, 128
1121098.7.peg.1233.site.20, 0, 126, 126
1121098.7.peg.1233.site.21, 2, 126, 128
1121098.7.peg.1233.site.22, 62, 126, 188
1121098.7.peg.1233.site.23, 73, 125, 198
1121098.7.peg.1233.site.24, 61, 125, 186
1121098.7.peg.1233.site.25, 0, 125, 125
1121098.7.peg.1233.site.26, 2, 66, 68
1121098.7.peg.1233.site.27, 14, 65, 79
1121098.7.peg.1233.site.28, 0, 64, 64
1121098.7.peg.1233.site.29, 0, 64, 64
1121098.7.peg.1233.site.30, 12, 64, 76
1121098.7.peg.1233.site.31, 0, 64, 64
1121098.7.peg.1233.site.32, 0, 62, 62
1121098.7.peg.1233.site.33, 0, 64, 64
1121098.7.peg.1233.site.34, 0, 66, 66
1121098.7.peg.1233.site.35, 10, 87, 97
1121098.7.peg.1233.site.36, 9, 107, 116
1121098.7.peg.1233.site.37, 12, 113, 125
1121098.7.peg.1511.site.1, 95, 124, 219
1121098.7.peg.1239.site.1, 2, 125, 127
1121098.7.peg.1239.site.2, 0, 125, 125
1121098.7.peg.1239.site.3, 1, 126, 127
1121098.7.peg.1239.site.4, 0, 125, 125
1121098.7.peg.1239.site.5, 0, 125, 125
1121098.7.peg.1239.site.6, 28, 126, 154
1121098.7.peg.1239.site.7, 10, 126, 136
1121098.7.peg.45.site.1, 17, 122, 139
1121098.7.peg.45.site.2, 4, 123, 127
1121098.7.peg.45.site.3, 29, 122, 151
1121098.7.peg.45.site.4, 2, 123, 125
1121098.7.peg.45.site.5, 0, 122, 122
1121098.7.peg.45.site.6, 29, 124, 153
1121098.7.peg.3766.site.1, 0, 126, 126
1121098.7.peg.3766.site.2, 4, 126, 130
1121098.7.peg.3488.site.1, 1, 126, 127
1121098.7.peg.3488.site.2, 0, 126, 126
1121098.7.peg.3488.site.3, 11, 126, 137
1121098.7.peg.3488.site.4, 83, 126, 209
1121098.7.peg.3488.site.5, 1, 126, 127
1121098.7.peg.3488.site.6, 13, 125, 138
1121098.7.peg.3488.site.7, 29, 125, 154
1121098.7.peg.3488.site.8, 22, 126, 148
1121098.7.peg.3488.site.9, 1, 125, 126
1121098.7.peg.3488.site.10, 1, 126, 127
1121098.7.peg.3488.site.11, 0, 126, 126
1121098.7.peg.3488.site.12, 105, 125, 230
1121098.7.peg.3488.site.13, 2, 126, 128
1121098.7.peg.3488.site.14, 1, 125, 126
1121098.7.peg.3488.site.15, 1, 126, 127
1121098.7.peg.3382.site.1, 1, 124, 125
1121098.7.peg.3382.site.2, 0, 125, 125
1121098.7.peg.3382.site.3, 11, 125, 136
1121098.7.peg.3382.site.4, 14, 126, 140
1121098.7.peg.3382.site.5, 6, 126, 132
1121098.7.peg.3382.site.6, 0, 126, 126
1121098.7.peg.3382.site.7, 112, 125, 237
1121098.7.peg.3382.site.8, 4, 126, 130
1121098.7.peg.1515.site.1, 2, 125, 127
1121098.7.peg.3489.site.1, 0, 122, 122
1121098.7.peg.3489.site.2, 5, 126, 131
1121098.7.peg.3489.site.3, 2, 126, 128
1121098.7.peg.3489.site.4, 12, 126, 138
1121098.7.peg.3489.site.5, 12, 126, 138
1121098.7.peg.4119.site.1, 34, 125, 159
1121098.7.peg.4119.site.2, 0, 125, 125
1121098.7.peg.4119.site.3, 65, 126, 191
1121098.7.peg.4119.site.4, 0, 126, 126
1121098.7.peg.4119.site.5, 76, 126, 202
1121098.7.peg.4119.site.6, 0, 125, 125
1121098.7.peg.4119.site.7, 0, 126, 126
1121098.7.peg.4119.site.8, 0, 126, 126
1121098.7.peg.4119.site.9, 118, 126, 244
1121098.7.peg.4119.site.10, 0, 125, 125
1121098.7.peg.4119.site.11, 65, 126, 191
1121098.7.peg.4119.site.12, 11, 125, 136
1121098.7.peg.4119.site.13, 41, 125, 166
1121098.7.peg.4119.site.14, 3, 126, 129
1121098.7.peg.4119.site.15, 1, 126, 127
1121098.7.peg.4119.site.16, 5, 126, 131
1121098.7.peg.4118.site.1, 7, 126, 133
1121098.7.peg.4118.site.2, 1, 126, 127
1121098.7.peg.641.site.1, 108, 125, 233
1121098.7.peg.641.site.2, 6, 126, 132
1121098.7.peg.641.site.3, 9, 126, 135
1121098.7.peg.641.site.4, 3, 126, 129
1121098.7.peg.641.site.5, 5, 126, 131
1121098.7.peg.641.site.6, 3, 125, 128
1121098.7.peg.641.site.7, 22, 125, 147
1121098.7.peg.641.site.8, 0, 126, 126
1121098.7.peg.1128.site.1, 120, 124, 244
1121098.7.peg.1128.site.2, 22, 123, 145
1121098.7.peg.1125.site.1, 0, 123, 123
1121098.7.peg.1125.site.2, 3, 124, 127
1121098.7.peg.1125.site.3, 13, 125, 138
1121098.7.peg.1125.site.4, 0, 125, 125
1121098.7.peg.1125.site.5, 3, 125, 128
1121098.7.peg.1125.site.6, 0, 125, 125
1121098.7.peg.1125.site.7, 4, 125, 129
1121098.7.peg.1125.site.8, 49, 125, 174
1121098.7.peg.1125.site.9, 2, 125, 127
1121098.7.peg.1125.site.10, 13, 125, 138
1121098.7.peg.1125.site.11, 0, 125, 125
1121098.7.peg.1125.site.12, 0, 124, 124
1121098.7.peg.1125.site.13, 0, 125, 125
1121098.7.peg.1125.site.14, 0, 125, 125
1121098.7.peg.1125.site.15, 2, 125, 127
1121098.7.peg.1125.site.16, 1, 125, 126
1121098.7.peg.1125.site.17, 15, 124, 139
1121098.7.peg.1125.site.18, 1, 125, 126
1121098.7.peg.1125.site.19, 4, 124, 128
1121098.7.peg.1125.site.20, 7, 125, 132
1121098.7.peg.1125.site.21, 1, 124, 125
1121098.7.peg.1125.site.22, 2, 124, 126
1121098.7.peg.1125.site.23, 49, 124, 173
1121098.7.peg.1127.site.1, 4, 123, 127
1121098.7.peg.1127.site.2, 74, 122, 196
1121098.7.peg.1127.site.3, 0, 123, 123
1121098.7.peg.1127.site.4, 0, 123, 123
1121098.7.peg.1126.site.1, 1, 125, 126
1121098.7.peg.1126.site.2, 0, 124, 124
1121098.7.peg.1126.site.3, 0, 125, 125
1121098.7.peg.1126.site.4, 0, 125, 125
1121098.7.peg.1126.site.5, 1, 125, 126
1121098.7.peg.1126.site.6, 1, 125, 126
1121098.7.peg.1126.site.7, 5, 125, 130
1121098.7.peg.1126.site.8, 49, 125, 174
1121098.7.peg.1126.site.9, 3, 123, 126
1121098.7.peg.4295.site.1, 12, 126, 138
1121098.7.peg.4295.site.2, 23, 125, 148
1121098.7.peg.4295.site.3, 3, 126, 129
1121098.7.peg.4295.site.4, 17, 126, 143
1121098.7.peg.2245.site.1, 0, 125, 125
1121098.7.peg.2245.site.2, 2, 126, 128
1121098.7.peg.2245.site.3, 5, 126, 131
1121098.7.peg.2245.site.4, 1, 126, 127
1121098.7.peg.2245.site.5, 1, 126, 127
1121098.7.peg.2245.site.6, 61, 126, 187
1121098.7.peg.2245.site.7, 20, 126, 146
1121098.7.peg.2245.site.8, 11, 126, 137
1121098.7.peg.2245.site.9, 7, 125, 132
1121098.7.peg.2245.site.10, 0, 126, 126
1121098.7.peg.2245.site.11, 12, 126, 138
1121098.7.peg.2245.site.12, 2, 126, 128
1121098.7.peg.2244.site.1, 0, 126, 126
1121098.7.peg.2244.site.2, 0, 126, 126
1121098.7.peg.2244.site.3, 55, 126, 181
1121098.7.peg.2244.site.4, 18, 124, 142
1121098.7.peg.2244.site.5, 5, 125, 130
1121098.7.peg.2244.site.6, 54, 126, 180
1121098.7.peg.2244.site.7, 121, 126, 247
1121098.7.peg.2244.site.8, 3, 126, 129
1121098.7.peg.2244.site.9, 4, 125, 129
1121098.7.peg.2247.site.1, 0, 126, 126
1121098.7.peg.2247.site.2, 2, 125, 127
1121098.7.peg.2247.site.3, 0, 126, 126
1121098.7.peg.2247.site.4, 0, 124, 124
1121098.7.peg.2247.site.5, 0, 126, 126
1121098.7.peg.2246.site.1, 7, 126, 133
1121098.7.peg.2246.site.2, 106, 125, 231
1121098.7.peg.2246.site.3, 6, 126, 132
1121098.7.peg.2246.site.4, 22, 126, 148
1121098.7.peg.2246.site.5, 0, 126, 126
1121098.7.peg.2246.site.6, 6, 126, 132
1121098.7.peg.2246.site.7, 109, 126, 235
1121098.7.peg.2246.site.8, 1, 125, 126
1121098.7.peg.2246.site.9, 0, 125, 125
1121098.7.peg.2241.site.1, 0, 126, 126
1121098.7.peg.2241.site.2, 0, 126, 126
1121098.7.peg.2241.site.3, 0, 126, 126
1121098.7.peg.2241.site.4, 17, 125, 142
1121098.7.peg.2241.site.5, 0, 126, 126
1121098.7.peg.2241.site.6, 63, 126, 189
1121098.7.peg.2241.site.7, 9, 126, 135
1121098.7.peg.2241.site.8, 0, 126, 126
1121098.7.peg.2241.site.9, 50, 126, 176
1121098.7.peg.2241.site.10, 50, 125, 175
1121098.7.peg.2241.site.11, 0, 126, 126
1121098.7.peg.2241.site.12, 120, 125, 245
1121098.7.peg.2241.site.13, 12, 125, 137
1121098.7.peg.2241.site.14, 21, 125, 146
1121098.7.peg.2241.site.15, 58, 124, 182
1121098.7.peg.2241.site.16, 0, 125, 125
1121098.7.peg.2240.site.1, 3, 126, 129
1121098.7.peg.2240.site.2, 0, 126, 126
1121098.7.peg.2240.site.3, 4, 126, 130
1121098.7.peg.2240.site.4, 0, 125, 125
1121098.7.peg.2240.site.5, 64, 124, 188
1121098.7.peg.2240.site.6, 0, 126, 126
1121098.7.peg.2240.site.7, 0, 126, 126
1121098.7.peg.2240.site.8, 0, 125, 125
1121098.7.peg.2240.site.9, 0, 126, 126
1121098.7.peg.2240.site.10, 0, 126, 126
1121098.7.peg.2242.site.1, 4, 125, 129
1121098.7.peg.2242.site.2, 1, 125, 126
1121098.7.peg.2242.site.3, 57, 125, 182
1121098.7.peg.2242.site.4, 9, 126, 135
1121098.7.peg.2242.site.5, 4, 126, 130
1121098.7.peg.2242.site.6, 3, 126, 129
1121098.7.peg.2242.site.7, 6, 126, 132
1121098.7.peg.2242.site.8, 0, 126, 126
1121098.7.peg.2242.site.9, 5, 126, 131
1121098.7.peg.2249.site.1, 6, 126, 132
1121098.7.peg.2249.site.2, 0, 125, 125
1121098.7.peg.2249.site.3, 0, 126, 126
1121098.7.peg.2249.site.4, 5, 125, 130
1121098.7.peg.2249.site.5, 0, 125, 125
1121098.7.peg.2249.site.6, 12, 125, 137
1121098.7.peg.2249.site.7, 2, 126, 128
1121098.7.peg.2249.site.8, 0, 124, 124
1121098.7.peg.2249.site.9, 0, 126, 126
1121098.7.peg.2248.site.1, 0, 126, 126
1121098.7.peg.2248.site.2, 1, 126, 127
1121098.7.peg.2248.site.3, 2, 126, 128
1121098.7.peg.2248.site.4, 0, 126, 126
1121098.7.peg.2248.site.5, 0, 126, 126
1121098.7.peg.2248.site.6, 55, 126, 181
1121098.7.peg.2248.site.7, 0, 126, 126
1121098.7.peg.2248.site.8, 4, 126, 130
1121098.7.peg.2248.site.9, 12, 126, 138
1121098.7.peg.2248.site.10, 2, 123, 125
1121098.7.peg.3075.site.1, 0, 125, 125
1121098.7.peg.3075.site.2, 1, 126, 127
1121098.7.peg.3075.site.3, 2, 125, 127
1121098.7.peg.3075.site.4, 0, 126, 126
1121098.7.peg.3075.site.5, 3, 126, 129
1121098.7.peg.3075.site.6, 0, 126, 126
1121098.7.peg.3075.site.7, 27, 126, 153
1121098.7.peg.3075.site.8, 4, 126, 130
1121098.7.peg.3075.site.9, 3, 126, 129
1121098.7.peg.3075.site.10, 5, 126, 131
1121098.7.peg.3075.site.11, 6, 125, 131
1121098.7.peg.3075.site.12, 1, 126, 127
1121098.7.peg.3075.site.13, 7, 126, 133
1121098.7.peg.3075.site.14, 4, 126, 130
1121098.7.peg.3075.site.15, 26, 126, 152
1121098.7.peg.3075.site.16, 0, 126, 126
1121098.7.peg.3075.site.17, 0, 125, 125
1121098.7.peg.3075.site.18, 60, 125, 185
1121098.7.peg.3075.site.19, 53, 126, 179
1121098.7.peg.3075.site.20, 13, 126, 139
1121098.7.peg.3075.site.21, 3, 126, 129
1121098.7.peg.3075.site.22, 4, 126, 130
1121098.7.peg.3075.site.23, 1, 126, 127
1121098.7.peg.3075.site.24, 62, 126, 188
1121098.7.peg.3075.site.25, 2, 125, 127
1121098.7.peg.3075.site.26, 0, 126, 126
1121098.7.peg.3075.site.27, 58, 126, 184
1121098.7.peg.3075.site.28, 1, 126, 127
1121098.7.peg.3075.site.29, 24, 126, 150
1121098.7.peg.3075.site.30, 62, 126, 188
1121098.7.peg.3075.site.31, 104, 125, 229
1121098.7.peg.3074.site.1, 0, 126, 126
1121098.7.peg.3074.site.2, 4, 126, 130
1121098.7.peg.3074.site.3, 15, 126, 141
1121098.7.peg.3074.site.4, 2, 126, 128
1121098.7.peg.3074.site.5, 1, 126, 127
1121098.7.peg.3074.site.6, 1, 126, 127
1121098.7.peg.3074.site.7, 3, 126, 129
1121098.7.peg.1909.site.1, 0, 126, 126
1121098.7.peg.1909.site.2, 0, 126, 126
1121098.7.peg.1909.site.3, 53, 126, 179
1121098.7.peg.1909.site.4, 15, 125, 140
1121098.7.peg.1909.site.5, 0, 126, 126
1121098.7.peg.1909.site.6, 4, 126, 130
1121098.7.peg.1909.site.7, 5, 126, 131
1121098.7.peg.1908.site.1, 3, 126, 129
1121098.7.peg.1908.site.2, 13, 126, 139
1121098.7.peg.1908.site.3, 46, 126, 172
1121098.7.peg.1908.site.4, 1, 126, 127
1121098.7.peg.1908.site.5, 43, 125, 168
1121098.7.peg.1908.site.6, 0, 126, 126
1121098.7.peg.1908.site.7, 1, 126, 127
1121098.7.peg.1908.site.8, 1, 125, 126
1121098.7.peg.1908.site.9, 0, 126, 126
1121098.7.peg.1908.site.10, 63, 126, 189
1121098.7.peg.1908.site.11, 0, 125, 125
1121098.7.peg.1908.site.12, 0, 126, 126
1121098.7.peg.1908.site.13, 1, 125, 126
1121098.7.peg.1908.site.14, 3, 126, 129
1121098.7.peg.1908.site.15, 1, 126, 127
1121098.7.peg.1908.site.16, 3, 126, 129
1121098.7.peg.1908.site.17, 0, 126, 126
1121098.7.peg.1908.site.18, 50, 126, 176
1121098.7.peg.1908.site.19, 2, 126, 128
1121098.7.peg.1908.site.20, 110, 125, 235
1121098.7.peg.1908.site.21, 22, 126, 148
1121098.7.peg.1908.site.22, 1, 126, 127
1121098.7.peg.1908.site.23, 49, 126, 175
1121098.7.peg.1908.site.24, 3, 126, 129
1121098.7.peg.3071.site.1, 4, 126, 130
1121098.7.peg.3071.site.2, 0, 126, 126
1121098.7.peg.3071.site.3, 6, 97, 103
1121098.7.peg.3071.site.4, 2, 93, 95
1121098.7.peg.3071.site.5, 4, 118, 122
1121098.7.peg.3071.site.6, 2, 125, 127
1121098.7.peg.3071.site.7, 120, 125, 245
1121098.7.peg.3071.site.8, 62, 126, 188
1121098.7.peg.3071.site.9, 1, 126, 127
1121098.7.peg.3071.site.10, 0, 126, 126
1121098.7.peg.3071.site.11, 2, 126, 128
1121098.7.peg.3071.site.12, 2, 125, 127
1121098.7.peg.3071.site.13, 2, 125, 127
1121098.7.peg.3071.site.14, 2, 126, 128
1121098.7.peg.3071.site.15, 3, 126, 129
1121098.7.peg.3071.site.16, 0, 125, 125
1121098.7.peg.3071.site.17, 2, 125, 127
1121098.7.peg.3071.site.18, 113, 124, 237
1121098.7.peg.3071.site.19, 0, 126, 126
1121098.7.peg.3071.site.20, 8, 125, 133
1121098.7.peg.3071.site.21, 3, 126, 129
1121098.7.peg.3071.site.22, 14, 126, 140
1121098.7.peg.3071.site.23, 3, 125, 128
1121098.7.peg.3071.site.24, 1, 126, 127
1121098.7.peg.3071.site.25, 6, 125, 131
1121098.7.peg.3071.site.26, 7, 74, 81
1121098.7.peg.3071.site.27, 7, 71, 78
1121098.7.peg.3071.site.28, 40, 105, 145
1121098.7.peg.3071.site.29, 0, 109, 109
1121098.7.peg.3071.site.30, 2, 119, 121
1121098.7.peg.3071.site.31, 57, 124, 181
1121098.7.peg.3071.site.32, 7, 126, 133
1121098.7.peg.3071.site.33, 2, 126, 128
1121098.7.peg.3071.site.34, 51, 126, 177
1121098.7.peg.3071.site.35, 51, 126, 177
1121098.7.peg.3071.site.36, 12, 83, 95
1121098.7.peg.3071.site.37, 8, 79, 87
1121098.7.peg.3071.site.38, 7, 78, 85
1121098.7.peg.3071.site.39, 9, 85, 94
1121098.7.peg.3071.site.40, 45, 123, 168
1121098.7.peg.3071.site.41, 3, 126, 129
1121098.7.peg.3071.site.42, 122, 126, 248
1121098.7.peg.3071.site.43, 2, 126, 128
1121098.7.peg.3071.site.44, 12, 126, 138
1121098.7.peg.3071.site.45, 0, 126, 126
1121098.7.peg.3070.site.1, 2, 125, 127
1121098.7.peg.3070.site.2, 1, 126, 127
1121098.7.peg.3070.site.3, 32, 126, 158
1121098.7.peg.3073.site.1, 0, 126, 126
1121098.7.peg.3073.site.2, 0, 126, 126
1121098.7.peg.3073.site.3, 0, 126, 126
1121098.7.peg.3072.site.1, 60, 126, 186
1121098.7.peg.3072.site.2, 12, 126, 138
1121098.7.peg.3072.site.3, 5, 125, 130
1121098.7.peg.3072.site.4, 48, 126, 174
1121098.7.peg.3072.site.5, 53, 126, 179
1121098.7.peg.3072.site.6, 5, 126, 131
1121098.7.peg.3072.site.7, 78, 126, 204
1121098.7.peg.3072.site.8, 62, 126, 188
1121098.7.peg.3072.site.9, 1, 124, 125
1121098.7.peg.3072.site.10, 0, 126, 126
1121098.7.peg.3072.site.11, 0, 126, 126
1121098.7.peg.1903.site.1, 122, 126, 248
1121098.7.peg.1903.site.2, 0, 126, 126
1121098.7.peg.1903.site.3, 0, 126, 126
1121098.7.peg.1903.site.4, 4, 126, 130
1121098.7.peg.1902.site.1, 0, 124, 124
1121098.7.peg.1902.site.2, 0, 122, 122
1121098.7.peg.1902.site.3, 0, 126, 126
1121098.7.peg.1902.site.4, 4, 126, 130
1121098.7.peg.1902.site.5, 22, 126, 148
1121098.7.peg.1902.site.6, 0, 126, 126
1121098.7.peg.1902.site.7, 4, 126, 130
1121098.7.peg.1902.site.8, 2, 126, 128
1121098.7.peg.1902.site.9, 0, 126, 126
1121098.7.peg.1902.site.10, 0, 126, 126
1121098.7.peg.1902.site.11, 0, 126, 126
1121098.7.peg.1901.site.1, 0, 126, 126
1121098.7.peg.1901.site.2, 30, 124, 154
1121098.7.peg.1901.site.3, 24, 126, 150
1121098.7.peg.1901.site.4, 0, 126, 126
1121098.7.peg.3308.site.1, 122, 126, 248
1121098.7.peg.3308.site.2, 1, 126, 127
1121098.7.peg.3308.site.3, 0, 126, 126
1121098.7.peg.3308.site.4, 2, 126, 128
1121098.7.peg.3308.site.5, 0, 126, 126
1121098.7.peg.3308.site.6, 22, 126, 148
1121098.7.peg.3308.site.7, 3, 126, 129
1121098.7.peg.3308.site.8, 34, 97, 131
1121098.7.peg.3308.site.9, 10, 63, 73
1121098.7.peg.3308.site.10, 57, 63, 120
1121098.7.peg.3078.site.1, 3, 125, 128
1121098.7.peg.3078.site.2, 3, 126, 129
1121098.7.peg.3078.site.3, 0, 126, 126
1121098.7.peg.3078.site.4, 5, 125, 130
1121098.7.peg.3078.site.5, 0, 126, 126
1121098.7.peg.3078.site.6, 0, 126, 126
1121098.7.peg.3078.site.7, 1, 126, 127
1121098.7.peg.3078.site.8, 53, 126, 179
1121098.7.peg.3078.site.9, 1, 125, 126
1121098.7.peg.3078.site.10, 6, 126, 132
1121098.7.peg.1905.site.1, 9, 126, 135
1121098.7.peg.1905.site.2, 0, 125, 125
1121098.7.peg.1905.site.3, 0, 126, 126
1121098.7.peg.1905.site.4, 69, 125, 194
1121098.7.peg.1905.site.5, 0, 125, 125
1121098.7.peg.1905.site.6, 76, 125, 201
1121098.7.peg.1905.site.7, 0, 126, 126
1121098.7.peg.1904.site.1, 7, 125, 132
1121098.7.peg.1904.site.2, 33, 125, 158
1121098.7.peg.1904.site.3, 98, 126, 224
1121098.7.peg.1904.site.4, 8, 123, 131
1121098.7.peg.1904.site.5, 0, 126, 126
1121098.7.peg.2484.site.1, 1, 126, 127
1121098.7.peg.2484.site.2, 0, 126, 126
1121098.7.peg.2484.site.3, 16, 126, 142
1121098.7.peg.2484.site.4, 0, 126, 126
1121098.7.peg.2484.site.5, 0, 126, 126
1121098.7.peg.2484.site.6, 3, 125, 128
1121098.7.peg.2482.site.1, 3, 126, 129
1121098.7.peg.2482.site.2, 64, 126, 190
1121098.7.peg.2482.site.3, 0, 125, 125
1121098.7.peg.2482.site.4, 33, 125, 158
1121098.7.peg.2482.site.5, 0, 125, 125
1121098.7.peg.2482.site.6, 1, 126, 127
1121098.7.peg.2482.site.7, 9, 125, 134
1121098.7.peg.2482.site.8, 55, 126, 181
1121098.7.peg.2482.site.9, 0, 126, 126
1121098.7.peg.2481.site.1, 2, 126, 128
1121098.7.peg.2481.site.2, 12, 126, 138
1121098.7.peg.2481.site.3, 0, 126, 126
1121098.7.peg.2481.site.4, 95, 126, 221
1121098.7.peg.2481.site.5, 57, 126, 183
1121098.7.peg.2481.site.6, 12, 126, 138
1121098.7.peg.2480.site.1, 0, 124, 124
1121098.7.peg.2480.site.2, 2, 126, 128
1121098.7.peg.2480.site.3, 2, 126, 128
1121098.7.peg.2480.site.4, 24, 125, 149
1121098.7.peg.2480.site.5, 3, 126, 129
1121098.7.peg.2480.site.6, 0, 126, 126
1121098.7.peg.2480.site.7, 6, 126, 132
1121098.7.peg.2480.site.8, 2, 125, 127
1121098.7.peg.2480.site.9, 0, 126, 126
1121098.7.peg.2480.site.10, 81, 126, 207
1121098.7.peg.2480.site.11, 2, 125, 127
1121098.7.peg.2480.site.12, 11, 126, 137
1121098.7.peg.2480.site.13, 40, 126, 166
1121098.7.peg.2480.site.14, 0, 126, 126
1121098.7.peg.2480.site.15, 103, 125, 228
1121098.7.peg.2480.site.16, 0, 126, 126
1121098.7.peg.2480.site.17, 0, 126, 126
1121098.7.peg.2480.site.18, 2, 124, 126
1121098.7.peg.3054.site.1, 1, 123, 124
1121098.7.peg.3054.site.2, 0, 121, 121
1121098.7.peg.3054.site.3, 48, 122, 170
1121098.7.peg.3054.site.4, 3, 122, 125
1121098.7.peg.4111.site.1, 0, 126, 126
1121098.7.peg.4111.site.2, 0, 126, 126
1121098.7.peg.4111.site.3, 14, 126, 140
1121098.7.peg.4111.site.4, 1, 125, 126
1121098.7.peg.4111.site.5, 7, 126, 133
1121098.7.peg.4111.site.6, 7, 126, 133
1121098.7.peg.4111.site.7, 68, 126, 194
1121098.7.peg.4111.site.8, 4, 126, 130
1121098.7.peg.4111.site.9, 4, 126, 130
1121098.7.peg.4111.site.10, 0, 126, 126
1121098.7.peg.4111.site.11, 0, 126, 126
1121098.7.peg.4111.site.12, 4, 126, 130
1121098.7.peg.4111.site.13, 6, 126, 132
1121098.7.peg.4111.site.14, 6, 125, 131
1121098.7.peg.4111.site.15, 0, 126, 126
1121098.7.peg.4111.site.16, 2, 125, 127
1121098.7.peg.4111.site.17, 18, 126, 144
1121098.7.peg.4111.site.18, 0, 126, 126
1121098.7.peg.4111.site.19, 1, 126, 127
1121098.7.peg.4111.site.20, 2, 126, 128
1121098.7.peg.4111.site.21, 1, 125, 126
1121098.7.peg.4111.site.22, 65, 126, 191
1121098.7.peg.4111.site.23, 24, 126, 150
1121098.7.peg.4111.site.24, 66, 125, 191
1121098.7.peg.611.site.1, 0, 126, 126
1121098.7.peg.611.site.2, 1, 125, 126
1121098.7.peg.611.site.3, 16, 116, 132
1121098.7.peg.611.site.4, 1, 125, 126
1121098.7.peg.611.site.5, 5, 125, 130
1121098.7.peg.611.site.6, 27, 125, 152
1121098.7.peg.611.site.7, 3, 126, 129
1121098.7.peg.611.site.8, 22, 123, 145
1121098.7.peg.611.site.9, 24, 123, 147
1121098.7.peg.611.site.10, 105, 123, 228
1121098.7.peg.611.site.11, 113, 125, 238
1121098.7.peg.611.site.12, 2, 125, 127
1121098.7.peg.611.site.13, 2, 125, 127
1121098.7.peg.611.site.14, 88, 123, 211
1121098.7.peg.611.site.15, 25, 101, 126
1121098.7.peg.611.site.16, 24, 100, 124
1121098.7.peg.611.site.17, 26, 102, 128
1121098.7.peg.611.site.18, 2, 116, 118
1121098.7.peg.610.site.1, 2, 125, 127
1121098.7.peg.610.site.2, 75, 125, 200
1121098.7.peg.4110.site.1, 0, 64, 64
1121098.7.peg.4110.site.2, 2, 66, 68
1121098.7.peg.4110.site.3, 36, 101, 137
1121098.7.peg.4110.site.4, 1, 124, 125
1121098.7.peg.4110.site.5, 0, 125, 125
1121098.7.peg.4110.site.6, 4, 125, 129
1121098.7.peg.4110.site.7, 3, 125, 128
1121098.7.peg.3444.site.1, 0, 126, 126
1121098.7.peg.3444.site.2, 0, 124, 124
1121098.7.peg.3444.site.3, 108, 124, 232
1121098.7.peg.3444.site.4, 118, 125, 243
1121098.7.peg.3444.site.5, 11, 124, 135
1121098.7.peg.3444.site.6, 0, 124, 124
1121098.7.peg.3444.site.7, 1, 122, 123
1121098.7.peg.3444.site.8, 0, 125, 125
1121098.7.peg.3444.site.9, 0, 125, 125
1121098.7.peg.4074.site.1, 0, 123, 123
1121098.7.peg.4074.site.2, 7, 121, 128
1121098.7.peg.4074.site.3, 5, 123, 128
1121098.7.peg.4074.site.4, 119, 123, 242
1121098.7.peg.4074.site.5, 1, 123, 124
1121098.7.peg.4074.site.6, 18, 121, 139
1121098.7.peg.4074.site.7, 2, 123, 125
1121098.7.peg.4074.site.8, 7, 123, 130
1121098.7.peg.438.site.1, 0, 126, 126
1121098.7.peg.438.site.2, 0, 125, 125
1121098.7.peg.438.site.3, 0, 126, 126
1121098.7.peg.438.site.4, 0, 126, 126
1121098.7.peg.129.site.1, 0, 126, 126
1121098.7.peg.129.site.2, 6, 126, 132
1121098.7.peg.129.site.3, 4, 126, 130
1121098.7.peg.129.site.4, 1, 126, 127
1121098.7.peg.129.site.5, 1, 126, 127
1121098.7.peg.129.site.6, 1, 126, 127
1121098.7.peg.129.site.7, 4, 126, 130
1121098.7.peg.129.site.8, 3, 126, 129
1121098.7.peg.129.site.9, 52, 126, 178
1121098.7.peg.129.site.10, 1, 126, 127
1121098.7.peg.129.site.11, 15, 125, 140
1121098.7.peg.129.site.12, 6, 126, 132
1121098.7.peg.129.site.13, 0, 125, 125
1121098.7.peg.128.site.1, 19, 125, 144
1121098.7.peg.128.site.2, 12, 126, 138
1121098.7.peg.128.site.3, 52, 126, 178
1121098.7.peg.128.site.4, 32, 125, 157
1121098.7.peg.128.site.5, 0, 125, 125
1121098.7.peg.128.site.6, 2, 126, 128
1121098.7.peg.128.site.7, 3, 126, 129
1121098.7.peg.128.site.8, 0, 124, 124
1121098.7.peg.128.site.9, 0, 126, 126
1121098.7.peg.128.site.10, 0, 125, 125
1121098.7.peg.127.site.1, 19, 122, 141
1121098.7.peg.434.site.1, 0, 126, 126
1121098.7.peg.436.site.1, 2, 125, 127
1121098.7.peg.436.site.2, 48, 126, 174
1121098.7.peg.436.site.3, 48, 126, 174
1121098.7.peg.436.site.4, 55, 126, 181
1121098.7.peg.436.site.5, 5, 126, 131
1121098.7.peg.436.site.6, 0, 126, 126
1121098.7.peg.431.site.1, 54, 126, 180
1121098.7.peg.433.site.1, 0, 126, 126
1121098.7.peg.433.site.2, 122, 126, 248
1121098.7.peg.728.site.1, 0, 125, 125
1121098.7.peg.728.site.2, 63, 126, 189
1121098.7.peg.728.site.3, 3, 125, 128
1121098.7.peg.728.site.4, 0, 126, 126
1121098.7.peg.728.site.5, 0, 126, 126
1121098.7.peg.728.site.6, 1, 126, 127
1121098.7.peg.721.site.1, 0, 126, 126
1121098.7.peg.721.site.2, 65, 125, 190
1121098.7.peg.721.site.3, 2, 126, 128
1121098.7.peg.721.site.4, 1, 126, 127
1121098.7.peg.723.site.1, 0, 125, 125
1121098.7.peg.723.site.2, 12, 126, 138
1121098.7.peg.723.site.3, 0, 126, 126
1121098.7.peg.723.site.4, 8, 122, 130
1121098.7.peg.723.site.5, 9, 124, 133
1121098.7.peg.723.site.6, 10, 123, 133
1121098.7.peg.723.site.7, 0, 126, 126
1121098.7.peg.723.site.8, 9, 126, 135
1121098.7.peg.723.site.9, 62, 126, 188
1121098.7.peg.723.site.10, 1, 125, 126
1121098.7.peg.723.site.11, 0, 126, 126
1121098.7.peg.723.site.12, 2, 125, 127
1121098.7.peg.723.site.13, 12, 126, 138
1121098.7.peg.723.site.14, 7, 125, 132
1121098.7.peg.723.site.15, 0, 126, 126
1121098.7.peg.723.site.16, 11, 124, 135
1121098.7.peg.722.site.1, 3, 126, 129
1121098.7.peg.722.site.2, 0, 126, 126
1121098.7.peg.722.site.3, 5, 126, 131
1121098.7.peg.722.site.4, 4, 126, 130
1121098.7.peg.722.site.5, 0, 126, 126
1121098.7.peg.725.site.1, 79, 125, 204
1121098.7.peg.724.site.1, 0, 125, 125
1121098.7.peg.727.site.1, 49, 124, 173
1121098.7.peg.727.site.2, 2, 126, 128
1121098.7.peg.726.site.1, 1, 126, 127
1121098.7.peg.726.site.2, 0, 125, 125
1121098.7.peg.726.site.3, 0, 122, 122
1121098.7.peg.3442.site.1, 0, 126, 126
1121098.7.peg.3442.site.2, 55, 126, 181
1121098.7.peg.3442.site.3, 0, 126, 126
1121098.7.peg.3442.site.4, 0, 126, 126
1121098.7.peg.3442.site.5, 4, 126, 130
1121098.7.peg.3442.site.6, 11, 126, 137
1121098.7.peg.3442.site.7, 0, 125, 125
1121098.7.peg.3442.site.8, 0, 126, 126
1121098.7.peg.3442.site.9, 62, 126, 188
1121098.7.peg.3442.site.10, 0, 124, 124
1121098.7.peg.3442.site.11, 0, 125, 125
1121098.7.peg.3442.site.12, 5, 126, 131
1121098.7.peg.3442.site.13, 30, 125, 155
1121098.7.peg.3442.site.14, 0, 126, 126
1121098.7.peg.3442.site.15, 18, 126, 144
1121098.7.peg.3442.site.16, 0, 123, 123
1121098.7.peg.3442.site.17, 0, 123, 123
1121098.7.peg.3211.site.1, 3, 126, 129
1121098.7.peg.3211.site.2, 10, 126, 136
1121098.7.peg.3211.site.3, 2, 126, 128
1121098.7.peg.3211.site.4, 0, 126, 126
1121098.7.peg.3211.site.5, 102, 126, 228
1121098.7.peg.3211.site.6, 1, 126, 127
1121098.7.peg.3211.site.7, 5, 126, 131
1121098.7.peg.3211.site.8, 55, 125, 180
1121098.7.peg.3211.site.9, 65, 125, 190
1121098.7.peg.3211.site.10, 1, 125, 126
1121098.7.peg.3211.site.11, 11, 125, 136
1121098.7.peg.3211.site.12, 10, 125, 135
1121098.7.peg.3210.site.1, 4, 126, 130
1121098.7.peg.3210.site.2, 4, 126, 130
1121098.7.peg.3210.site.3, 101, 126, 227
1121098.7.peg.3210.site.4, 1, 126, 127
1121098.7.peg.3213.site.1, 12, 126, 138
1121098.7.peg.3213.site.2, 115, 126, 241
1121098.7.peg.3213.site.3, 13, 125, 138
1121098.7.peg.3213.site.4, 0, 126, 126
1121098.7.peg.3213.site.5, 2, 126, 128
1121098.7.peg.3213.site.6, 50, 126, 176
1121098.7.peg.3212.site.1, 49, 126, 175
1121098.7.peg.3212.site.2, 0, 126, 126
1121098.7.peg.3212.site.3, 114, 126, 240
1121098.7.peg.4116.site.1, 6, 126, 132
1121098.7.peg.4116.site.2, 0, 126, 126
1121098.7.peg.4116.site.3, 0, 126, 126
1121098.7.peg.4116.site.4, 0, 125, 125
1121098.7.peg.4116.site.5, 4, 126, 130
1121098.7.peg.4116.site.6, 4, 126, 130
1121098.7.peg.4116.site.7, 12, 126, 138
1121098.7.peg.4116.site.8, 122, 126, 248
1121098.7.peg.4116.site.9, 9, 126, 135
1121098.7.peg.4116.site.10, 100, 125, 225
1121098.7.peg.4116.site.11, 17, 126, 143
1121098.7.peg.4116.site.12, 80, 124, 204
1121098.7.peg.4116.site.13, 48, 89, 137
1121098.7.peg.4116.site.14, 48, 92, 140
1121098.7.peg.4116.site.15, 65, 107, 172
1121098.7.peg.4116.site.16, 72, 126, 198
1121098.7.peg.4116.site.17, 64, 126, 190
1121098.7.peg.4116.site.18, 5, 126, 131
1121098.7.peg.4116.site.19, 31, 126, 157
1121098.7.peg.4116.site.20, 0, 126, 126
1121098.7.peg.4116.site.21, 6, 125, 131
1121098.7.peg.4116.site.22, 53, 125, 178
1121098.7.peg.4116.site.23, 0, 126, 126
1121098.7.peg.4116.site.24, 50, 126, 176
1121098.7.peg.4116.site.25, 16, 71, 87
1121098.7.peg.4116.site.26, 14, 65, 79
1121098.7.peg.4116.site.27, 67, 76, 143
1121098.7.peg.4116.site.28, 55, 106, 161
1121098.7.peg.4116.site.29, 58, 126, 184
1121098.7.peg.4116.site.30, 7, 126, 133
1121098.7.peg.4116.site.31, 1, 126, 127
1121098.7.peg.4116.site.32, 56, 126, 182
1121098.7.peg.4116.site.33, 82, 124, 206
1121098.7.peg.4116.site.34, 82, 124, 206
1121098.7.peg.3050.site.1, 0, 126, 126
1121098.7.peg.3050.site.2, 0, 126, 126
1121098.7.peg.3501.site.1, 0, 126, 126
1121098.7.peg.3501.site.2, 5, 126, 131
1121098.7.peg.3501.site.3, 0, 126, 126
1121098.7.peg.3501.site.4, 41, 126, 167
1121098.7.peg.3501.site.5, 22, 126, 148
1121098.7.peg.3501.site.6, 2, 126, 128
1121098.7.peg.3501.site.7, 1, 126, 127
1121098.7.peg.3501.site.8, 2, 126, 128
1121098.7.peg.3501.site.9, 0, 126, 126
1121098.7.peg.3501.site.10, 5, 126, 131
1121098.7.peg.3501.site.11, 0, 126, 126
1121098.7.peg.3501.site.12, 0, 126, 126
1121098.7.peg.3501.site.13, 5, 126, 131
1121098.7.peg.3501.site.14, 0, 126, 126
1121098.7.peg.3501.site.15, 81, 125, 206
1121098.7.peg.3501.site.16, 1, 126, 127
1121098.7.peg.3501.site.17, 0, 126, 126
1121098.7.peg.3501.site.18, 12, 126, 138
1121098.7.peg.3501.site.19, 4, 126, 130
1121098.7.peg.3501.site.20, 0, 123, 123
1121098.7.peg.3501.site.21, 0, 126, 126
1121098.7.peg.3501.site.22, 0, 126, 126
1121098.7.peg.3501.site.23, 0, 126, 126
1121098.7.peg.3501.site.24, 50, 126, 176
1121098.7.peg.3501.site.25, 40, 125, 165
1121098.7.peg.3501.site.26, 0, 126, 126
1121098.7.peg.3501.site.27, 6, 126, 132
1121098.7.peg.3501.site.28, 1, 126, 127
1121098.7.peg.3503.site.1, 0, 126, 126
1121098.7.peg.3503.site.2, 0, 126, 126
1121098.7.peg.3503.site.3, 0, 126, 126
1121098.7.peg.3503.site.4, 1, 126, 127
1121098.7.peg.3503.site.5, 50, 126, 176
1121098.7.peg.3502.site.1, 5, 126, 131
1121098.7.peg.3502.site.2, 14, 126, 140
1121098.7.peg.3502.site.3, 0, 126, 126
1121098.7.peg.3502.site.4, 5, 126, 131
1121098.7.peg.3502.site.5, 0, 126, 126
1121098.7.peg.3502.site.6, 5, 126, 131
1121098.7.peg.3505.site.1, 0, 126, 126
1121098.7.peg.3505.site.2, 3, 126, 129
1121098.7.peg.3505.site.3, 1, 125, 126
1121098.7.peg.3505.site.4, 0, 126, 126
1121098.7.peg.3505.site.5, 4, 126, 130
1121098.7.peg.3505.site.6, 7, 126, 133
1121098.7.peg.3505.site.7, 0, 126, 126
1121098.7.peg.3505.site.8, 0, 126, 126
1121098.7.peg.3505.site.9, 10, 126, 136
1121098.7.peg.3505.site.10, 0, 125, 125
1121098.7.peg.3504.site.1, 49, 125, 174
1121098.7.peg.3504.site.2, 22, 125, 147
1121098.7.peg.3504.site.3, 0, 126, 126
1121098.7.peg.3507.site.1, 6, 125, 131
1121098.7.peg.3507.site.2, 53, 125, 178
1121098.7.peg.3507.site.3, 55, 125, 180
1121098.7.peg.3507.site.4, 0, 125, 125
1121098.7.peg.3507.site.5, 1, 125, 126
1121098.7.peg.3507.site.6, 5, 125, 130
1121098.7.peg.3507.site.7, 0, 126, 126
1121098.7.peg.3507.site.8, 0, 126, 126
1121098.7.peg.3507.site.9, 5, 125, 130
1121098.7.peg.3507.site.10, 5, 125, 130
1121098.7.peg.3507.site.11, 0, 126, 126
1121098.7.peg.3507.site.12, 88, 125, 213
1121098.7.peg.3507.site.13, 14, 125, 139
1121098.7.peg.3507.site.14, 3, 126, 129
1121098.7.peg.3507.site.15, 78, 125, 203
1121098.7.peg.3507.site.16, 4, 126, 130
1121098.7.peg.3507.site.17, 3, 126, 129
1121098.7.peg.3507.site.18, 6, 126, 132
1121098.7.peg.3507.site.19, 1, 125, 126
1121098.7.peg.3507.site.20, 1, 126, 127
1121098.7.peg.3507.site.21, 119, 125, 244
1121098.7.peg.3507.site.22, 8, 124, 132
1121098.7.peg.3507.site.23, 0, 126, 126
1121098.7.peg.3507.site.24, 4, 126, 130
1121098.7.peg.3506.site.1, 0, 126, 126
1121098.7.peg.3506.site.2, 12, 125, 137
1121098.7.peg.3506.site.3, 122, 126, 248
1121098.7.peg.3509.site.1, 12, 126, 138
1121098.7.peg.3509.site.2, 0, 126, 126
1121098.7.peg.3509.site.3, 15, 126, 141
1121098.7.peg.3509.site.4, 1, 126, 127
1121098.7.peg.3509.site.5, 18, 124, 142
1121098.7.peg.3509.site.6, 1, 122, 123
1121098.7.peg.3509.site.7, 2, 126, 128
1121098.7.peg.3509.site.8, 14, 125, 139
1121098.7.peg.3509.site.9, 0, 126, 126
1121098.7.peg.3509.site.10, 2, 126, 128
1121098.7.peg.3509.site.11, 34, 126, 160
1121098.7.peg.3509.site.12, 0, 125, 125
1121098.7.peg.3509.site.13, 2, 126, 128
1121098.7.peg.3509.site.14, 4, 126, 130
1121098.7.peg.3509.site.15, 15, 126, 141
1121098.7.peg.3509.site.16, 3, 126, 129
1121098.7.peg.3509.site.17, 0, 126, 126
1121098.7.peg.3508.site.1, 1, 126, 127
1121098.7.peg.3508.site.2, 12, 125, 137
1121098.7.peg.3508.site.3, 0, 125, 125
1121098.7.peg.3508.site.4, 0, 125, 125
1121098.7.peg.1698.site.1, 0, 126, 126
1121098.7.peg.1698.site.2, 2, 126, 128
1121098.7.peg.1698.site.3, 94, 125, 219
1121098.7.peg.1698.site.4, 13, 126, 139
1121098.7.peg.1698.site.5, 79, 126, 205
1121098.7.peg.1698.site.6, 93, 124, 217
1121098.7.peg.1698.site.7, 0, 126, 126
1121098.7.peg.1698.site.8, 0, 126, 126
1121098.7.peg.1698.site.9, 55, 126, 181
1121098.7.peg.1698.site.10, 3, 125, 128
1121098.7.peg.1698.site.11, 12, 126, 138
1121098.7.peg.1698.site.12, 60, 126, 186
1121098.7.peg.1698.site.13, 2, 125, 127
1121098.7.peg.1698.site.14, 64, 126, 190
1121098.7.peg.1698.site.15, 0, 126, 126
1121098.7.peg.3449.site.1, 0, 124, 124
1121098.7.peg.3449.site.2, 51, 125, 176
1121098.7.peg.1693.site.1, 1, 126, 127
1121098.7.peg.1693.site.2, 60, 126, 186
1121098.7.peg.1693.site.3, 0, 126, 126
1121098.7.peg.1693.site.4, 21, 124, 145
1121098.7.peg.1693.site.5, 58, 126, 184
1121098.7.peg.1692.site.1, 0, 125, 125
1121098.7.peg.1692.site.2, 0, 126, 126
1121098.7.peg.1692.site.3, 58, 126, 184
1121098.7.peg.1692.site.4, 61, 126, 187
1121098.7.peg.1692.site.5, 38, 126, 164
1121098.7.peg.1692.site.6, 22, 124, 146
1121098.7.peg.1692.site.7, 22, 125, 147
1121098.7.peg.3446.site.1, 0, 126, 126
1121098.7.peg.3447.site.1, 0, 125, 125
1121098.7.peg.3447.site.2, 4, 125, 129
1121098.7.peg.3447.site.3, 67, 124, 191
1121098.7.peg.3447.site.4, 92, 126, 218
1121098.7.peg.3447.site.5, 3, 125, 128
1121098.7.peg.3447.site.6, 0, 123, 123
1121098.7.peg.3447.site.7, 0, 125, 125
1121098.7.peg.3440.site.1, 26, 125, 151
1121098.7.peg.3440.site.2, 1, 126, 127
1121098.7.peg.1696.site.1, 0, 126, 126
1121098.7.peg.1696.site.2, 0, 125, 125
1121098.7.peg.1696.site.3, 25, 126, 151
1121098.7.peg.1696.site.4, 82, 126, 208
1121098.7.peg.1696.site.5, 1, 126, 127
1121098.7.peg.1696.site.6, 0, 126, 126
1121098.7.peg.1696.site.7, 3, 126, 129
1121098.7.peg.1695.site.1, 0, 125, 125
1121098.7.peg.1695.site.2, 1, 125, 126
1121098.7.peg.1695.site.3, 4, 126, 130
1121098.7.peg.1695.site.4, 61, 126, 187
1121098.7.peg.1695.site.5, 0, 126, 126
1121098.7.peg.3443.site.1, 0, 125, 125
1121098.7.peg.3443.site.2, 1, 126, 127
1121098.7.peg.3443.site.3, 20, 124, 144
1121098.7.peg.3443.site.4, 33, 125, 158
1121098.7.peg.3443.site.5, 5, 125, 130
1121098.7.peg.3443.site.6, 77, 125, 202
1121098.7.peg.3443.site.7, 0, 125, 125
1121098.7.peg.3443.site.8, 64, 125, 189
1121098.7.peg.3443.site.9, 22, 126, 148
1121098.7.peg.3443.site.10, 4, 126, 130
1121098.7.peg.3443.site.11, 6, 125, 131
1121098.7.peg.3443.site.12, 0, 125, 125
1121098.7.peg.3443.site.13, 109, 125, 234
1121098.7.peg.3443.site.14, 1, 125, 126
1121098.7.peg.2800.site.1, 2, 79, 81
1121098.7.peg.2800.site.2, 1, 78, 79
1121098.7.peg.2800.site.3, 1, 78, 79
1121098.7.peg.2800.site.4, 1, 77, 78
1121098.7.peg.2800.site.5, 2, 7, 9
1121098.7.peg.2800.site.6, 1, 65, 66
1121098.7.peg.2800.site.7, 60, 64, 124
1121098.7.peg.2800.site.8, 61, 65, 126
1121098.7.peg.2800.site.9, 5, 69, 74
1121098.7.peg.2800.site.10, 5, 122, 127
1121098.7.peg.2800.site.11, 64, 124, 188
1121098.7.peg.2800.site.12, 13, 125, 138
1121098.7.peg.2800.site.13, 2, 126, 128
1121098.7.peg.2800.site.14, 6, 125, 131
1121098.7.peg.2800.site.15, 6, 124, 130
1121098.7.peg.2800.site.16, 0, 123, 123
1121098.7.peg.2800.site.17, 102, 125, 227
1121098.7.peg.2800.site.18, 1, 126, 127
1121098.7.peg.2800.site.19, 1, 126, 127
1121098.7.peg.2800.site.20, 72, 126, 198
1121098.7.peg.2800.site.21, 104, 126, 230
1121098.7.peg.2800.site.22, 0, 126, 126
1121098.7.peg.2800.site.23, 3, 126, 129
1121098.7.peg.2800.site.24, 21, 125, 146
1121098.7.peg.2800.site.25, 12, 126, 138
1121098.7.peg.2800.site.26, 1, 126, 127
1121098.7.peg.2800.site.27, 1, 126, 127
1121098.7.peg.2800.site.28, 2, 126, 128
1121098.7.peg.2800.site.29, 54, 126, 180
1121098.7.peg.2800.site.30, 1, 126, 127
1121098.7.peg.2800.site.31, 0, 125, 125
1121098.7.peg.2800.site.32, 0, 125, 125
1121098.7.peg.2800.site.33, 0, 125, 125
1121098.7.peg.2800.site.34, 0, 125, 125
1121098.7.peg.2800.site.35, 1, 125, 126
1121098.7.peg.2800.site.36, 12, 100, 112
1121098.7.peg.2800.site.37, 4, 121, 125
1121098.7.peg.2807.site.1, 117, 126, 243
1121098.7.peg.2807.site.2, 3, 126, 129
1121098.7.peg.2805.site.1, 5, 126, 131
1121098.7.peg.2805.site.2, 25, 125, 150
1121098.7.peg.2805.site.3, 26, 126, 152
1121098.7.peg.2805.site.4, 122, 126, 248
1121098.7.peg.2805.site.5, 60, 125, 185
1121098.7.peg.2805.site.6, 4, 126, 130
1121098.7.peg.2805.site.7, 0, 126, 126
1121098.7.peg.2804.site.1, 5, 126, 131
1121098.7.peg.2804.site.2, 11, 126, 137
1121098.7.peg.2804.site.3, 26, 126, 152
1121098.7.peg.2804.site.4, 1, 126, 127
1121098.7.peg.2804.site.5, 3, 126, 129
1121098.7.peg.2804.site.6, 7, 126, 133
1121098.7.peg.2804.site.7, 4, 126, 130
1121098.7.peg.2804.site.8, 4, 126, 130
1121098.7.peg.2804.site.9, 6, 126, 132
1121098.7.peg.2804.site.10, 0, 126, 126
1121098.7.peg.2804.site.11, 52, 126, 178
1121098.7.peg.2804.site.12, 3, 126, 129
1121098.7.peg.2804.site.13, 1, 126, 127
1121098.7.peg.2804.site.14, 12, 126, 138
1121098.7.peg.2804.site.15, 4, 126, 130
1121098.7.peg.2804.site.16, 2, 125, 127
1121098.7.peg.2804.site.17, 4, 125, 129
1121098.7.peg.2808.site.1, 3, 126, 129
1121098.7.peg.2808.site.2, 4, 126, 130
1121098.7.peg.2808.site.3, 4, 126, 130
1121098.7.peg.2808.site.4, 0, 126, 126
1121098.7.peg.2808.site.5, 3, 126, 129
1121098.7.peg.2808.site.6, 0, 125, 125
1121098.7.peg.2808.site.7, 0, 126, 126
1121098.7.peg.2808.site.8, 3, 125, 128
1121098.7.peg.2808.site.9, 0, 126, 126
1121098.7.peg.2808.site.10, 4, 126, 130
1121098.7.peg.2808.site.11, 17, 126, 143
1121098.7.peg.2808.site.12, 12, 126, 138
1121098.7.peg.2808.site.13, 8, 126, 134
1121098.7.peg.2808.site.14, 3, 126, 129
1121098.7.peg.2808.site.15, 14, 126, 140
1121098.7.peg.2808.site.16, 14, 126, 140
1121098.7.peg.2808.site.17, 6, 126, 132
1121098.7.peg.2732.site.1, 1, 126, 127
1121098.7.peg.2732.site.2, 105, 125, 230
1121098.7.peg.2732.site.3, 5, 126, 131
1121098.7.peg.2732.site.4, 7, 125, 132
1121098.7.peg.2732.site.5, 0, 126, 126
1121098.7.peg.1349.site.1, 8, 126, 134
1121098.7.peg.1349.site.2, 0, 121, 121
1121098.7.peg.1348.site.1, 1, 124, 125
1121098.7.peg.1348.site.2, 0, 119, 119
1121098.7.peg.1348.site.3, 0, 67, 67
1121098.7.peg.1348.site.4, 2, 123, 125
1121098.7.peg.1348.site.5, 61, 125, 186
1121098.7.peg.1348.site.6, 0, 126, 126
1121098.7.peg.1348.site.7, 0, 126, 126
1121098.7.peg.1348.site.8, 0, 126, 126
1121098.7.peg.1348.site.9, 0, 124, 124
1121098.7.peg.3579.site.1, 1, 125, 126
1121098.7.peg.3579.site.2, 12, 126, 138
1121098.7.peg.3579.site.3, 1, 126, 127
1121098.7.peg.3579.site.4, 0, 126, 126
1121098.7.peg.3579.site.5, 2, 126, 128
1121098.7.peg.3579.site.6, 0, 126, 126
1121098.7.peg.3579.site.7, 0, 125, 125
1121098.7.peg.3579.site.8, 1, 125, 126
1121098.7.peg.3579.site.9, 101, 124, 225
1121098.7.peg.3579.site.10, 56, 125, 181
1121098.7.peg.3579.site.11, 101, 124, 225
1121098.7.peg.3579.site.12, 12, 125, 137
1121098.7.peg.3579.site.13, 2, 126, 128
1121098.7.peg.3579.site.14, 119, 126, 245
1121098.7.peg.3579.site.15, 2, 125, 127
1121098.7.peg.3579.site.16, 65, 126, 191
1121098.7.peg.3579.site.17, 17, 125, 142
1121098.7.peg.3579.site.18, 62, 126, 188
1121098.7.peg.3579.site.19, 3, 126, 129
1121098.7.peg.3579.site.20, 7, 126, 133
1121098.7.peg.3579.site.21, 8, 126, 134
1121098.7.peg.3579.site.22, 25, 126, 151
1121098.7.peg.3579.site.23, 1, 125, 126
1121098.7.peg.1345.site.1, 1, 59, 60
1121098.7.peg.1345.site.2, 1, 59, 60
1121098.7.peg.1345.site.3, 33, 95, 128
1121098.7.peg.1347.site.1, 16, 125, 141
1121098.7.peg.1347.site.2, 122, 126, 248
1121098.7.peg.1347.site.3, 0, 123, 123
1121098.7.peg.1347.site.4, 1, 125, 126
1121098.7.peg.1347.site.5, 10, 126, 136
1121098.7.peg.1347.site.6, 0, 126, 126
1121098.7.peg.1347.site.7, 1, 126, 127
1121098.7.peg.1347.site.8, 0, 126, 126
1121098.7.peg.1347.site.9, 0, 126, 126
1121098.7.peg.1346.site.1, 1, 126, 127
1121098.7.peg.941.site.1, 2, 123, 125
1121098.7.peg.1340.site.1, 53, 126, 179
1121098.7.peg.1340.site.2, 1, 126, 127
1121098.7.peg.1340.site.3, 1, 126, 127
1121098.7.peg.1340.site.4, 1, 126, 127
1121098.7.peg.942.site.1, 17, 122, 139
1121098.7.peg.942.site.2, 0, 120, 120
1121098.7.peg.942.site.3, 1, 113, 114
1121098.7.peg.1208.site.1, 4, 125, 129
1121098.7.peg.1208.site.2, 63, 125, 188
1121098.7.peg.1208.site.3, 0, 126, 126
1121098.7.peg.1208.site.4, 1, 126, 127
1121098.7.peg.1208.site.5, 37, 125, 162
1121098.7.peg.1209.site.1, 0, 124, 124
1121098.7.peg.1209.site.2, 5, 124, 129
1121098.7.peg.1209.site.3, 1, 124, 125
1121098.7.peg.1209.site.4, 4, 123, 127
1121098.7.peg.1209.site.5, 3, 124, 127
1121098.7.peg.1209.site.6, 3, 126, 129
1121098.7.peg.1209.site.7, 3, 123, 126
1121098.7.peg.1209.site.8, 20, 126, 146
1121098.7.peg.1209.site.9, 0, 124, 124
1121098.7.peg.1209.site.10, 0, 124, 124
1121098.7.peg.1209.site.11, 2, 125, 127
1121098.7.peg.1209.site.12, 38, 123, 161
1121098.7.peg.1209.site.13, 30, 125, 155
1121098.7.peg.1209.site.14, 87, 124, 211
1121098.7.peg.1209.site.15, 5, 126, 131
1121098.7.peg.1209.site.16, 2, 126, 128
1121098.7.peg.1209.site.17, 2, 126, 128
1121098.7.peg.1209.site.18, 4, 125, 129
1121098.7.peg.4320.site.1, 4, 126, 130
1121098.7.peg.4320.site.2, 0, 125, 125
1121098.7.peg.4320.site.3, 0, 126, 126
1121098.7.peg.4320.site.4, 16, 125, 141
1121098.7.peg.4320.site.5, 52, 126, 178
1121098.7.peg.4320.site.6, 0, 125, 125
1121098.7.peg.4321.site.1, 22, 125, 147
1121098.7.peg.4321.site.2, 0, 126, 126
1121098.7.peg.4321.site.3, 58, 126, 184
1121098.7.peg.4321.site.4, 4, 126, 130
1121098.7.peg.4321.site.5, 1, 126, 127
1121098.7.peg.4321.site.6, 14, 125, 139
1121098.7.peg.4321.site.7, 18, 125, 143
1121098.7.peg.4321.site.8, 0, 126, 126
1121098.7.peg.4321.site.9, 0, 126, 126
1121098.7.peg.4321.site.10, 0, 126, 126
1121098.7.peg.4321.site.11, 0, 126, 126
1121098.7.peg.472.site.1, 0, 125, 125
1121098.7.peg.2739.site.1, 10, 125, 135
1121098.7.peg.2739.site.2, 67, 125, 192
1121098.7.peg.2739.site.3, 68, 126, 194
1121098.7.peg.2739.site.4, 2, 126, 128
1121098.7.peg.2739.site.5, 3, 124, 127
1121098.7.peg.2739.site.6, 1, 126, 127
1121098.7.peg.2739.site.7, 4, 126, 130
1121098.7.peg.2739.site.8, 1, 125, 126
1121098.7.peg.2739.site.9, 1, 126, 127
1121098.7.peg.2738.site.1, 110, 126, 236
1121098.7.peg.2738.site.2, 0, 126, 126
1121098.7.peg.2738.site.3, 0, 125, 125
1121098.7.peg.2738.site.4, 0, 125, 125
1121098.7.peg.2738.site.5, 0, 126, 126
1121098.7.peg.2738.site.6, 4, 126, 130
1121098.7.peg.2738.site.7, 4, 126, 130
1121098.7.peg.2738.site.8, 0, 126, 126
1121098.7.peg.2738.site.9, 28, 126, 154
1121098.7.peg.2738.site.10, 0, 125, 125
1121098.7.peg.4104.site.1, 14, 125, 139
1121098.7.peg.3419.site.1, 53, 126, 179
1121098.7.peg.3419.site.2, 0, 126, 126
1121098.7.peg.3419.site.3, 4, 126, 130
1121098.7.peg.451.site.1, 2, 126, 128
1121098.7.peg.451.site.2, 0, 126, 126
1121098.7.peg.451.site.3, 3, 126, 129
1121098.7.peg.3619.site.1, 0, 126, 126
1121098.7.peg.515.site.1, 8, 126, 134
1121098.7.peg.515.site.2, 7, 126, 133
1121098.7.peg.515.site.3, 0, 126, 126
1121098.7.peg.3618.site.1, 13, 125, 138
1121098.7.peg.3618.site.2, 3, 126, 129
1121098.7.peg.4107.site.1, 1, 125, 126
1121098.7.peg.4107.site.2, 121, 125, 246
1121098.7.peg.4107.site.3, 52, 126, 178
1121098.7.peg.4107.site.4, 0, 126, 126
1121098.7.peg.1651.site.1, 0, 124, 124
1121098.7.peg.458.site.1, 0, 126, 126
1121098.7.peg.458.site.2, 4, 125, 129
1121098.7.peg.458.site.3, 122, 126, 248
1121098.7.peg.458.site.4, 0, 126, 126
1121098.7.peg.458.site.5, 4, 126, 130
1121098.7.peg.458.site.6, 1, 125, 126
1121098.7.peg.458.site.7, 1, 126, 127
1121098.7.peg.458.site.8, 36, 125, 161
1121098.7.peg.458.site.9, 0, 126, 126
1121098.7.peg.458.site.10, 49, 126, 175
1121098.7.peg.458.site.11, 5, 126, 131
1121098.7.peg.2367.site.1, 7, 125, 132
1121098.7.peg.2367.site.2, 24, 125, 149
1121098.7.peg.2367.site.3, 64, 126, 190
1121098.7.peg.2367.site.4, 64, 126, 190
1121098.7.peg.2367.site.5, 63, 126, 189
1121098.7.peg.2367.site.6, 1, 126, 127
1121098.7.peg.2367.site.7, 64, 126, 190
1121098.7.peg.2367.site.8, 5, 126, 131
1121098.7.peg.2367.site.9, 58, 126, 184
1121098.7.peg.3614.site.1, 0, 126, 126
1121098.7.peg.3614.site.2, 64, 126, 190
1121098.7.peg.3614.site.3, 3, 126, 129
1121098.7.peg.3614.site.4, 1, 125, 126
1121098.7.peg.3614.site.5, 78, 125, 203
1121098.7.peg.3614.site.6, 0, 126, 126
1121098.7.peg.3614.site.7, 0, 126, 126
1121098.7.peg.3614.site.8, 0, 126, 126
1121098.7.peg.3614.site.9, 37, 124, 161
1121098.7.peg.3614.site.10, 0, 125, 125
1121098.7.peg.3614.site.11, 0, 125, 125
1121098.7.peg.3614.site.12, 22, 115, 137
1121098.7.peg.3614.site.13, 0, 117, 117
1121098.7.peg.3614.site.14, 106, 115, 221
1121098.7.peg.3614.site.15, 0, 120, 120
1121098.7.peg.3614.site.16, 0, 122, 122
1121098.7.peg.3614.site.17, 116, 122, 238
1121098.7.peg.3614.site.18, 1, 124, 125
1121098.7.peg.3614.site.19, 0, 126, 126
1121098.7.peg.3614.site.20, 4, 126, 130
1121098.7.peg.1342.site.1, 0, 126, 126
1121098.7.peg.1342.site.2, 70, 126, 196
1121098.7.peg.1342.site.3, 111, 126, 237
1121098.7.peg.1342.site.4, 1, 126, 127
1121098.7.peg.1342.site.5, 5, 126, 131
1121098.7.peg.1342.site.6, 2, 126, 128
1121098.7.peg.1342.site.7, 22, 126, 148
1121098.7.peg.1342.site.8, 5, 126, 131
1121098.7.peg.1342.site.9, 5, 126, 131
1121098.7.peg.1342.site.10, 22, 126, 148
1121098.7.peg.1342.site.11, 0, 126, 126
1121098.7.peg.1342.site.12, 66, 119, 185
1121098.7.peg.1342.site.13, 2, 59, 61
1121098.7.peg.2368.site.1, 0, 125, 125
1121098.7.peg.2368.site.2, 0, 125, 125
1121098.7.peg.2368.site.3, 0, 124, 124
1121098.7.peg.2368.site.4, 22, 125, 147
1121098.7.peg.2368.site.5, 47, 125, 172
1121098.7.peg.2368.site.6, 0, 126, 126
1121098.7.peg.2278.site.1, 90, 125, 215
1121098.7.peg.2278.site.2, 0, 126, 126
1121098.7.peg.2278.site.3, 1, 126, 127
1121098.7.peg.2278.site.4, 2, 126, 128
1121098.7.peg.2278.site.5, 0, 125, 125
1121098.7.peg.2278.site.6, 0, 126, 126
1121098.7.peg.4298.site.1, 1, 125, 126
1121098.7.peg.4298.site.2, 3, 121, 124
1121098.7.peg.4298.site.3, 32, 125, 157
1121098.7.peg.4298.site.4, 0, 125, 125
1121098.7.peg.4298.site.5, 3, 126, 129
1121098.7.peg.4298.site.6, 121, 125, 246
1121098.7.peg.4298.site.7, 12, 125, 137
1121098.7.peg.4298.site.8, 0, 126, 126
1121098.7.peg.4298.site.9, 2, 126, 128
1121098.7.peg.2275.site.1, 3, 61, 64
1121098.7.peg.2275.site.2, 0, 125, 125
1121098.7.peg.2275.site.3, 0, 126, 126
1121098.7.peg.2275.site.4, 0, 126, 126
1121098.7.peg.2275.site.5, 4, 126, 130
1121098.7.peg.2275.site.6, 94, 125, 219
1121098.7.peg.2275.site.7, 4, 125, 129
1121098.7.peg.2275.site.8, 0, 124, 124
1121098.7.peg.2275.site.9, 13, 125, 138
1121098.7.peg.2276.site.1, 35, 125, 160
1121098.7.peg.2276.site.2, 0, 125, 125
1121098.7.peg.2276.site.3, 0, 126, 126
1121098.7.peg.2276.site.4, 3, 126, 129
1121098.7.peg.2276.site.5, 126, 126, 252
1121098.7.peg.2276.site.6, 74, 125, 199
1121098.7.peg.2276.site.7, 0, 126, 126
1121098.7.peg.2276.site.8, 0, 126, 126
1121098.7.peg.2276.site.9, 2, 126, 128
1121098.7.peg.2276.site.10, 25, 125, 150
1121098.7.peg.2276.site.11, 0, 126, 126
1121098.7.peg.2276.site.12, 0, 126, 126
1121098.7.peg.2276.site.13, 78, 125, 203
1121098.7.peg.2276.site.14, 25, 125, 150
1121098.7.peg.2276.site.15, 18, 123, 141
1121098.7.peg.2276.site.16, 55, 126, 181
1121098.7.peg.2276.site.17, 21, 125, 146
1121098.7.peg.2276.site.18, 12, 125, 137
1121098.7.peg.2276.site.19, 3, 126, 129
1121098.7.peg.2276.site.20, 106, 126, 232
1121098.7.peg.2276.site.21, 1, 125, 126
1121098.7.peg.2277.site.1, 0, 126, 126
1121098.7.peg.2277.site.2, 0, 126, 126
1121098.7.peg.2277.site.3, 76, 124, 200
1121098.7.peg.2277.site.4, 2, 126, 128
1121098.7.peg.2277.site.5, 5, 126, 131
1121098.7.peg.2277.site.6, 2, 126, 128
1121098.7.peg.2277.site.7, 3, 126, 129
1121098.7.peg.3048.site.1, 0, 126, 126
1121098.7.peg.3048.site.2, 1, 126, 127
1121098.7.peg.3048.site.3, 1, 125, 126
1121098.7.peg.3048.site.4, 70, 125, 195
1121098.7.peg.3048.site.5, 1, 126, 127
1121098.7.peg.3048.site.6, 20, 126, 146
1121098.7.peg.3049.site.1, 2, 126, 128
1121098.7.peg.3049.site.2, 12, 126, 138
1121098.7.peg.3049.site.3, 8, 126, 134
1121098.7.peg.3049.site.4, 0, 126, 126
1121098.7.peg.3040.site.1, 0, 126, 126
1121098.7.peg.3040.site.2, 0, 126, 126
1121098.7.peg.3040.site.3, 2, 126, 128
1121098.7.peg.3040.site.4, 126, 126, 252
1121098.7.peg.3040.site.5, 0, 126, 126
1121098.7.peg.3040.site.6, 0, 126, 126
1121098.7.peg.1977.site.1, 2, 108, 110
1121098.7.peg.1977.site.2, 5, 76, 81
1121098.7.peg.1977.site.3, 3, 76, 79
1121098.7.peg.1977.site.4, 12, 126, 138
1121098.7.peg.1977.site.5, 1, 126, 127
1121098.7.peg.1977.site.6, 1, 126, 127
1121098.7.peg.1977.site.7, 10, 126, 136
1121098.7.peg.1977.site.8, 11, 126, 137
1121098.7.peg.1977.site.9, 25, 126, 151
1121098.7.peg.1977.site.10, 37, 126, 163
1121098.7.peg.1977.site.11, 106, 126, 232
1121098.7.peg.1977.site.12, 0, 126, 126
1121098.7.peg.1977.site.13, 11, 126, 137
1121098.7.peg.1977.site.14, 12, 126, 138
1121098.7.peg.1977.site.15, 0, 126, 126
1121098.7.peg.1977.site.16, 74, 126, 200
1121098.7.peg.1977.site.17, 4, 126, 130
1121098.7.peg.1977.site.18, 61, 122, 183
1121098.7.peg.1977.site.19, 62, 123, 185
1121098.7.peg.1974.site.1, 61, 125, 186
1121098.7.peg.1974.site.2, 0, 126, 126
1121098.7.peg.1974.site.3, 0, 124, 124
1121098.7.peg.1974.site.4, 53, 125, 178
1121098.7.peg.1974.site.5, 52, 119, 171
1121098.7.peg.1974.site.6, 51, 117, 168
1121098.7.peg.1974.site.7, 1, 120, 121
1121098.7.peg.1974.site.8, 111, 119, 230
1121098.7.peg.1974.site.9, 52, 125, 177
1121098.7.peg.1974.site.10, 53, 126, 179
1121098.7.peg.1974.site.11, 0, 125, 125
1121098.7.peg.1974.site.12, 6, 126, 132
1121098.7.peg.1974.site.13, 18, 126, 144
1121098.7.peg.1975.site.1, 10, 126, 136
1121098.7.peg.1975.site.2, 2, 125, 127
1121098.7.peg.1975.site.3, 24, 126, 150
1121098.7.peg.1975.site.4, 53, 125, 178
1121098.7.peg.1975.site.5, 53, 125, 178
1121098.7.peg.1975.site.6, 53, 125, 178
1121098.7.peg.1975.site.7, 6, 125, 131
1121098.7.peg.1975.site.8, 56, 126, 182
1121098.7.peg.1975.site.9, 0, 126, 126
1121098.7.peg.1975.site.10, 107, 126, 233
1121098.7.peg.1975.site.11, 0, 126, 126
1121098.7.peg.1972.site.1, 2, 126, 128
1121098.7.peg.1972.site.2, 31, 125, 156
1121098.7.peg.1972.site.3, 30, 126, 156
1121098.7.peg.1972.site.4, 30, 126, 156
1121098.7.peg.1972.site.5, 4, 126, 130
1121098.7.peg.1973.site.1, 7, 126, 133
1121098.7.peg.1973.site.2, 33, 125, 158
1121098.7.peg.1973.site.3, 60, 126, 186
1121098.7.peg.1973.site.4, 12, 126, 138
1121098.7.peg.1970.site.1, 0, 126, 126
1121098.7.peg.1970.site.2, 4, 126, 130
1121098.7.peg.1970.site.3, 0, 126, 126
1121098.7.peg.1970.site.4, 106, 126, 232
1121098.7.peg.1970.site.5, 2, 125, 127
1121098.7.peg.1970.site.6, 3, 126, 129
1121098.7.peg.1971.site.1, 1, 126, 127
1121098.7.peg.1971.site.2, 3, 126, 129
1121098.7.peg.1971.site.3, 14, 126, 140
1121098.7.peg.3372.site.1, 2, 126, 128
1121098.7.peg.3372.site.2, 3, 126, 129
1121098.7.peg.3372.site.3, 12, 126, 138
1121098.7.peg.3372.site.4, 3, 126, 129
1121098.7.peg.3372.site.5, 2, 126, 128
1121098.7.peg.3373.site.1, 1, 126, 127
1121098.7.peg.3370.site.1, 8, 126, 134
1121098.7.peg.3370.site.2, 6, 126, 132
1121098.7.peg.3370.site.3, 4, 126, 130
1121098.7.peg.3370.site.4, 50, 125, 175
1121098.7.peg.3370.site.5, 4, 126, 130
1121098.7.peg.3370.site.6, 0, 126, 126
1121098.7.peg.3370.site.7, 2, 126, 128
1121098.7.peg.2478.site.1, 94, 125, 219
1121098.7.peg.2478.site.2, 54, 126, 180
1121098.7.peg.2478.site.3, 1, 126, 127
1121098.7.peg.2478.site.4, 2, 126, 128
1121098.7.peg.2478.site.5, 1, 126, 127
1121098.7.peg.2478.site.6, 3, 126, 129
1121098.7.peg.2478.site.7, 6, 126, 132
1121098.7.peg.2478.site.8, 3, 126, 129
1121098.7.peg.2478.site.9, 0, 126, 126
1121098.7.peg.2478.site.10, 4, 126, 130
1121098.7.peg.2478.site.11, 0, 126, 126
1121098.7.peg.2478.site.12, 0, 126, 126
1121098.7.peg.2478.site.13, 0, 126, 126
1121098.7.peg.2478.site.14, 16, 126, 142
1121098.7.peg.2478.site.15, 1, 126, 127
1121098.7.peg.2478.site.16, 22, 125, 147
1121098.7.peg.2479.site.1, 8, 126, 134
1121098.7.peg.2479.site.2, 55, 126, 181
1121098.7.peg.3376.site.1, 0, 126, 126
1121098.7.peg.3376.site.2, 9, 126, 135
1121098.7.peg.3376.site.3, 4, 126, 130
1121098.7.peg.3376.site.4, 119, 125, 244
1121098.7.peg.3376.site.5, 0, 126, 126
1121098.7.peg.3376.site.6, 2, 124, 126
1121098.7.peg.3376.site.7, 3, 121, 124
1121098.7.peg.2475.site.1, 1, 126, 127
1121098.7.peg.3375.site.1, 3, 126, 129
1121098.7.peg.3375.site.2, 3, 125, 128
1121098.7.peg.3375.site.3, 12, 125, 137
1121098.7.peg.3375.site.4, 0, 126, 126
1121098.7.peg.3375.site.5, 61, 126, 187
1121098.7.peg.3375.site.6, 4, 126, 130
1121098.7.peg.3375.site.7, 56, 126, 182
1121098.7.peg.1802.site.1, 4, 126, 130
1121098.7.peg.1802.site.2, 12, 126, 138
1121098.7.peg.1802.site.3, 70, 126, 196
1121098.7.peg.1802.site.4, 4, 126, 130
1121098.7.peg.1802.site.5, 0, 126, 126
1121098.7.peg.1802.site.6, 15, 126, 141
1121098.7.peg.1802.site.7, 4, 126, 130
1121098.7.peg.1802.site.8, 0, 125, 125
1121098.7.peg.1802.site.9, 4, 125, 129
1121098.7.peg.1802.site.10, 0, 126, 126
1121098.7.peg.1802.site.11, 0, 125, 125
1121098.7.peg.1802.site.12, 71, 125, 196
1121098.7.peg.1803.site.1, 8, 126, 134
1121098.7.peg.1803.site.2, 3, 126, 129
1121098.7.peg.1803.site.3, 0, 124, 124
1121098.7.peg.1803.site.4, 7, 124, 131
1121098.7.peg.1803.site.5, 1, 126, 127
1121098.7.peg.1803.site.6, 2, 126, 128
1121098.7.peg.1803.site.7, 0, 126, 126
1121098.7.peg.1803.site.8, 14, 126, 140
1121098.7.peg.1803.site.9, 12, 126, 138
1121098.7.peg.1803.site.10, 0, 126, 126
1121098.7.peg.1803.site.11, 67, 124, 191
1121098.7.peg.1803.site.12, 126, 126, 252
1121098.7.peg.1803.site.13, 8, 126, 134
1121098.7.peg.1803.site.14, 1, 126, 127
1121098.7.peg.1803.site.15, 74, 126, 200
1121098.7.peg.1803.site.16, 6, 126, 132
1121098.7.peg.1800.site.1, 4, 126, 130
1121098.7.peg.1800.site.2, 3, 126, 129
1121098.7.peg.1800.site.3, 9, 125, 134
1121098.7.peg.1800.site.4, 9, 125, 134
1121098.7.peg.1800.site.5, 0, 126, 126
1121098.7.peg.1800.site.6, 0, 125, 125
1121098.7.peg.1801.site.1, 0, 126, 126
1121098.7.peg.1801.site.2, 0, 125, 125
1121098.7.peg.1801.site.3, 0, 125, 125
1121098.7.peg.1801.site.4, 0, 126, 126
1121098.7.peg.1801.site.5, 0, 125, 125
1121098.7.peg.1801.site.6, 120, 125, 245
1121098.7.peg.1801.site.7, 2, 121, 123
1121098.7.peg.1806.site.1, 2, 123, 125
1121098.7.peg.1806.site.2, 62, 125, 187
1121098.7.peg.1806.site.3, 12, 126, 138
1121098.7.peg.1806.site.4, 29, 126, 155
1121098.7.peg.1806.site.5, 3, 125, 128
1121098.7.peg.1806.site.6, 0, 125, 125
1121098.7.peg.1806.site.7, 3, 126, 129
1121098.7.peg.1806.site.8, 61, 126, 187
1121098.7.peg.1806.site.9, 15, 126, 141
1121098.7.peg.1806.site.10, 5, 126, 131
1121098.7.peg.1806.site.11, 3, 126, 129
1121098.7.peg.1806.site.12, 1, 124, 125
1121098.7.peg.1806.site.13, 0, 123, 123
1121098.7.peg.1804.site.1, 6, 125, 131
1121098.7.peg.1804.site.2, 4, 126, 130
1121098.7.peg.1804.site.3, 62, 126, 188
1121098.7.peg.1804.site.4, 66, 126, 192
1121098.7.peg.1804.site.5, 0, 126, 126
1121098.7.peg.1804.site.6, 0, 126, 126
1121098.7.peg.1804.site.7, 3, 126, 129
1121098.7.peg.1804.site.8, 0, 126, 126
1121098.7.peg.1804.site.9, 41, 126, 167
1121098.7.peg.1805.site.1, 0, 126, 126
1121098.7.peg.1805.site.2, 120, 125, 245
1121098.7.peg.1805.site.3, 44, 125, 169
1121098.7.peg.1805.site.4, 4, 126, 130
1121098.7.peg.1805.site.5, 4, 126, 130
1121098.7.peg.1805.site.6, 0, 126, 126
1121098.7.peg.1805.site.7, 0, 126, 126
1121098.7.peg.1805.site.8, 1, 126, 127
1121098.7.peg.1805.site.9, 29, 125, 154
1121098.7.peg.1805.site.10, 52, 126, 178
1121098.7.peg.1805.site.11, 4, 126, 130
1121098.7.peg.1805.site.12, 0, 126, 126
1121098.7.peg.1805.site.13, 121, 126, 247
1121098.7.peg.1805.site.14, 0, 126, 126
1121098.7.peg.1805.site.15, 4, 126, 130
1121098.7.peg.1805.site.16, 2, 125, 127
1121098.7.peg.1808.site.1, 22, 124, 146
1121098.7.peg.1808.site.2, 1, 126, 127
1121098.7.peg.1808.site.3, 0, 125, 125
1121098.7.peg.1808.site.4, 0, 126, 126
1121098.7.peg.1808.site.5, 1, 126, 127
1121098.7.peg.1808.site.6, 6, 125, 131
1121098.7.peg.1808.site.7, 0, 124, 124
1121098.7.peg.1808.site.8, 0, 126, 126
1121098.7.peg.1808.site.9, 0, 126, 126
1121098.7.peg.1808.site.10, 12, 126, 138
1121098.7.peg.1808.site.11, 39, 125, 164
1121098.7.peg.1808.site.12, 3, 125, 128
1121098.7.peg.1808.site.13, 16, 126, 142
1121098.7.peg.1808.site.14, 0, 126, 126
1121098.7.peg.1808.site.15, 34, 126, 160
1121098.7.peg.1808.site.16, 117, 126, 243
1121098.7.peg.1808.site.17, 29, 125, 154
1121098.7.peg.1808.site.18, 42, 124, 166
1121098.7.peg.1809.site.1, 0, 125, 125
1121098.7.peg.1809.site.2, 4, 125, 129
1121098.7.peg.1809.site.3, 0, 126, 126
1121098.7.peg.1809.site.4, 65, 126, 191
1121098.7.peg.1809.site.5, 0, 126, 126
1121098.7.peg.1809.site.6, 96, 125, 221
1121098.7.peg.1809.site.7, 1, 126, 127
1121098.7.peg.1809.site.8, 11, 126, 137
1121098.7.peg.1809.site.9, 1, 126, 127
1121098.7.peg.1809.site.10, 1, 126, 127
1121098.7.peg.1809.site.11, 59, 126, 185
1121098.7.peg.1809.site.12, 3, 126, 129
1121098.7.peg.1809.site.13, 3, 125, 128
1121098.7.peg.1809.site.14, 3, 126, 129
1121098.7.peg.1809.site.15, 0, 125, 125
1121098.7.peg.1809.site.16, 3, 126, 129
1121098.7.peg.1809.site.17, 1, 126, 127
1121098.7.peg.1809.site.18, 0, 126, 126
1121098.7.peg.1809.site.19, 4, 126, 130
1121098.7.peg.1809.site.20, 0, 126, 126
1121098.7.peg.1809.site.21, 65, 126, 191
1121098.7.peg.1809.site.22, 12, 125, 137
1121098.7.peg.2588.site.1, 1, 125, 126
1121098.7.peg.2588.site.2, 0, 126, 126
1121098.7.peg.2588.site.3, 122, 126, 248
1121098.7.peg.2588.site.4, 6, 126, 132
1121098.7.peg.2589.site.1, 1, 126, 127
1121098.7.peg.2589.site.2, 19, 125, 144
1121098.7.peg.2589.site.3, 1, 124, 125
1121098.7.peg.2589.site.4, 57, 123, 180
1121098.7.peg.2589.site.5, 1, 123, 124
1121098.7.peg.2589.site.6, 0, 123, 123
1121098.7.peg.2589.site.7, 0, 123, 123
1121098.7.peg.2586.site.1, 61, 124, 185
1121098.7.peg.2586.site.2, 0, 125, 125
1121098.7.peg.2586.site.3, 2, 125, 127
1121098.7.peg.2586.site.4, 7, 125, 132
1121098.7.peg.2586.site.5, 65, 126, 191
1121098.7.peg.2586.site.6, 65, 126, 191
1121098.7.peg.2586.site.7, 65, 125, 190
1121098.7.peg.2586.site.8, 1, 126, 127
1121098.7.peg.2586.site.9, 96, 125, 221
1121098.7.peg.2586.site.10, 2, 125, 127
1121098.7.peg.2586.site.11, 2, 126, 128
1121098.7.peg.2586.site.12, 0, 125, 125
1121098.7.peg.2587.site.1, 0, 126, 126
1121098.7.peg.2587.site.2, 4, 126, 130
1121098.7.peg.2587.site.3, 12, 126, 138
1121098.7.peg.2587.site.4, 5, 126, 131
1121098.7.peg.2587.site.5, 4, 126, 130
1121098.7.peg.2587.site.6, 94, 126, 220
1121098.7.peg.2587.site.7, 0, 126, 126
1121098.7.peg.2587.site.8, 53, 126, 179
1121098.7.peg.2587.site.9, 0, 126, 126
1121098.7.peg.2587.site.10, 0, 125, 125
1121098.7.peg.2587.site.11, 0, 126, 126
1121098.7.peg.2587.site.12, 1, 125, 126
1121098.7.peg.2587.site.13, 3, 125, 128
1121098.7.peg.2584.site.1, 10, 125, 135
1121098.7.peg.2584.site.2, 2, 126, 128
1121098.7.peg.2584.site.3, 0, 126, 126
1121098.7.peg.2584.site.4, 0, 124, 124
1121098.7.peg.2584.site.5, 26, 124, 150
1121098.7.peg.2584.site.6, 4, 125, 129
1121098.7.peg.2584.site.7, 0, 125, 125
1121098.7.peg.2584.site.8, 0, 125, 125
1121098.7.peg.2584.site.9, 33, 125, 158
1121098.7.peg.2584.site.10, 0, 126, 126
1121098.7.peg.2584.site.11, 0, 124, 124
1121098.7.peg.2584.site.12, 0, 124, 124
1121098.7.peg.2585.site.1, 0, 124, 124
1121098.7.peg.2585.site.2, 5, 126, 131
1121098.7.peg.2585.site.3, 122, 126, 248
1121098.7.peg.2585.site.4, 0, 125, 125
1121098.7.peg.2585.site.5, 4, 126, 130
1121098.7.peg.2585.site.6, 5, 126, 131
1121098.7.peg.2582.site.1, 0, 126, 126
1121098.7.peg.2583.site.1, 8, 125, 133
1121098.7.peg.2583.site.2, 2, 124, 126
1121098.7.peg.2583.site.3, 3, 124, 127
1121098.7.peg.2583.site.4, 1, 125, 126
1121098.7.peg.2580.site.1, 0, 126, 126
1121098.7.peg.2580.site.2, 2, 126, 128
1121098.7.peg.2580.site.3, 1, 126, 127
1121098.7.peg.2580.site.4, 0, 126, 126
1121098.7.peg.2580.site.5, 57, 125, 182
1121098.7.peg.3276.site.1, 31, 125, 156
1121098.7.peg.3276.site.2, 1, 125, 126
1121098.7.peg.606.site.1, 71, 125, 196
1121098.7.peg.606.site.2, 4, 126, 130
1121098.7.peg.606.site.3, 122, 126, 248
1121098.7.peg.606.site.4, 50, 126, 176
1121098.7.peg.607.site.1, 22, 126, 148
1121098.7.peg.607.site.2, 2, 126, 128
1121098.7.peg.607.site.3, 6, 126, 132
1121098.7.peg.607.site.4, 1, 126, 127
1121098.7.peg.607.site.5, 3, 126, 129
1121098.7.peg.605.site.1, 0, 126, 126
1121098.7.peg.605.site.2, 0, 125, 125
1121098.7.peg.605.site.3, 76, 124, 200
1121098.7.peg.605.site.4, 4, 126, 130
1121098.7.peg.605.site.5, 3, 118, 121
1121098.7.peg.603.site.1, 41, 125, 166
1121098.7.peg.603.site.2, 2, 126, 128
1121098.7.peg.603.site.3, 21, 125, 146
1121098.7.peg.600.site.1, 0, 126, 126
1121098.7.peg.600.site.2, 0, 126, 126
1121098.7.peg.601.site.1, 14, 125, 139
1121098.7.peg.601.site.2, 14, 125, 139
1121098.7.peg.601.site.3, 0, 126, 126
1121098.7.peg.601.site.4, 2, 126, 128
1121098.7.peg.3196.site.1, 13, 125, 138
1121098.7.peg.3197.site.1, 13, 125, 138
1121098.7.peg.3197.site.2, 39, 125, 164
1121098.7.peg.3197.site.3, 64, 126, 190
1121098.7.peg.3197.site.4, 3, 126, 129
1121098.7.peg.3197.site.5, 0, 126, 126
1121098.7.peg.3197.site.6, 1, 126, 127
1121098.7.peg.3194.site.1, 1, 126, 127
1121098.7.peg.3194.site.2, 2, 125, 127
1121098.7.peg.3195.site.1, 52, 126, 178
1121098.7.peg.3195.site.2, 2, 126, 128
1121098.7.peg.3195.site.3, 1, 126, 127
1121098.7.peg.3195.site.4, 19, 125, 144
1121098.7.peg.3195.site.5, 0, 126, 126
1121098.7.peg.3195.site.6, 13, 125, 138
1121098.7.peg.3195.site.7, 1, 126, 127
1121098.7.peg.3195.site.8, 0, 122, 122
1121098.7.peg.3195.site.9, 59, 123, 182
1121098.7.peg.3195.site.10, 1, 126, 127
1121098.7.peg.3195.site.11, 0, 126, 126
1121098.7.peg.3195.site.12, 0, 126, 126
1121098.7.peg.3195.site.13, 0, 125, 125
1121098.7.peg.3195.site.14, 1, 126, 127
1121098.7.peg.3195.site.15, 13, 125, 138
1121098.7.peg.3195.site.16, 67, 125, 192
1121098.7.peg.3195.site.17, 1, 125, 126
1121098.7.peg.3192.site.1, 3, 126, 129
1121098.7.peg.3192.site.2, 3, 126, 129
1121098.7.peg.3192.site.3, 52, 126, 178
1121098.7.peg.3192.site.4, 93, 126, 219
1121098.7.peg.3192.site.5, 1, 126, 127
1121098.7.peg.3193.site.1, 78, 126, 204
1121098.7.peg.3193.site.2, 2, 126, 128
1121098.7.peg.3193.site.3, 0, 126, 126
1121098.7.peg.3193.site.4, 17, 126, 143
1121098.7.peg.3193.site.5, 34, 125, 159
1121098.7.peg.3193.site.6, 3, 126, 129
1121098.7.peg.3193.site.7, 10, 126, 136
1121098.7.peg.3193.site.8, 1, 124, 125
1121098.7.peg.3193.site.9, 0, 126, 126
1121098.7.peg.3193.site.10, 3, 125, 128
1121098.7.peg.3193.site.11, 1, 126, 127
1121098.7.peg.3193.site.12, 13, 125, 138
1121098.7.peg.3193.site.13, 12, 126, 138
1121098.7.peg.3193.site.14, 14, 126, 140
1121098.7.peg.3193.site.15, 14, 126, 140
1121098.7.peg.3193.site.16, 3, 125, 128
1121098.7.peg.3193.site.17, 0, 126, 126
1121098.7.peg.608.site.1, 0, 126, 126
1121098.7.peg.608.site.2, 100, 121, 221
1121098.7.peg.608.site.3, 43, 111, 154
1121098.7.peg.608.site.4, 50, 115, 165
1121098.7.peg.608.site.5, 57, 125, 182
1121098.7.peg.608.site.6, 71, 125, 196
1121098.7.peg.608.site.7, 62, 126, 188
1121098.7.peg.609.site.1, 0, 126, 126
1121098.7.peg.609.site.2, 38, 124, 162
1121098.7.peg.609.site.3, 12, 125, 137
1121098.7.peg.609.site.4, 0, 126, 126
1121098.7.peg.609.site.5, 6, 126, 132
1121098.7.peg.609.site.6, 117, 125, 242
1121098.7.peg.609.site.7, 0, 126, 126
1121098.7.peg.609.site.8, 0, 126, 126
1121098.7.peg.609.site.9, 4, 126, 130
1121098.7.peg.609.site.10, 0, 126, 126
1121098.7.peg.609.site.11, 5, 126, 131
1121098.7.peg.609.site.12, 52, 126, 178
1121098.7.peg.609.site.13, 4, 126, 130
1121098.7.peg.609.site.14, 12, 125, 137
1121098.7.peg.3746.site.1, 0, 126, 126
1121098.7.peg.3746.site.2, 8, 126, 134
1121098.7.peg.3746.site.3, 0, 126, 126
1121098.7.peg.3746.site.4, 14, 125, 139
1121098.7.peg.3746.site.5, 17, 126, 143
1121098.7.peg.3746.site.6, 82, 125, 207
1121098.7.peg.3746.site.7, 105, 125, 230
1121098.7.peg.3746.site.8, 55, 126, 181
1121098.7.peg.3224.site.1, 0, 126, 126
1121098.7.peg.3224.site.2, 1, 126, 127
1121098.7.peg.3224.site.3, 0, 126, 126
1121098.7.peg.3224.site.4, 0, 126, 126
1121098.7.peg.3224.site.5, 0, 126, 126
1121098.7.peg.3225.site.1, 0, 125, 125
1121098.7.peg.3226.site.1, 0, 126, 126
1121098.7.peg.3226.site.2, 0, 125, 125
1121098.7.peg.3226.site.3, 37, 126, 163
1121098.7.peg.3226.site.4, 4, 125, 129
1121098.7.peg.3226.site.5, 56, 126, 182
1121098.7.peg.3226.site.6, 120, 126, 246
1121098.7.peg.3226.site.7, 2, 126, 128
1121098.7.peg.3226.site.8, 53, 126, 179
1121098.7.peg.3226.site.9, 8, 126, 134
1121098.7.peg.3226.site.10, 4, 126, 130
1121098.7.peg.3226.site.11, 17, 126, 143
1121098.7.peg.3226.site.12, 1, 126, 127
1121098.7.peg.3228.site.1, 3, 126, 129
1121098.7.peg.3228.site.2, 122, 126, 248
1121098.7.peg.3228.site.3, 6, 126, 132
1121098.7.peg.3228.site.4, 31, 126, 157
1121098.7.peg.191.site.1, 33, 124, 157
1121098.7.peg.191.site.2, 12, 126, 138
1121098.7.peg.191.site.3, 19, 125, 144
1121098.7.peg.191.site.4, 70, 126, 196
1121098.7.peg.191.site.5, 12, 126, 138
1121098.7.peg.191.site.6, 0, 126, 126
1121098.7.peg.428.site.1, 6, 126, 132
1121098.7.peg.428.site.2, 51, 126, 177
1121098.7.peg.428.site.3, 39, 125, 164
1121098.7.peg.429.site.1, 0, 126, 126
1121098.7.peg.429.site.2, 0, 126, 126
1121098.7.peg.429.site.3, 65, 126, 191
1121098.7.peg.429.site.4, 1, 126, 127
1121098.7.peg.429.site.5, 0, 126, 126
1121098.7.peg.429.site.6, 109, 125, 234
1121098.7.peg.429.site.7, 56, 125, 181
1121098.7.peg.429.site.8, 16, 126, 142
1121098.7.peg.429.site.9, 1, 126, 127
1121098.7.peg.429.site.10, 56, 125, 181
1121098.7.peg.429.site.11, 12, 125, 137
1121098.7.peg.429.site.12, 45, 125, 170
1121098.7.peg.429.site.13, 2, 126, 128
1121098.7.peg.429.site.14, 3, 126, 129
1121098.7.peg.429.site.15, 16, 125, 141
1121098.7.peg.429.site.16, 122, 126, 248
1121098.7.peg.429.site.17, 2, 126, 128
1121098.7.peg.429.site.18, 3, 124, 127
1121098.7.peg.427.site.1, 1, 126, 127
1121098.7.peg.427.site.2, 48, 126, 174
1121098.7.peg.427.site.3, 66, 126, 192
1121098.7.peg.427.site.4, 17, 125, 142
1121098.7.peg.427.site.5, 1, 126, 127
1121098.7.peg.427.site.6, 41, 126, 167
1121098.7.peg.427.site.7, 2, 126, 128
1121098.7.peg.427.site.8, 17, 125, 142
1121098.7.peg.427.site.9, 0, 126, 126
1121098.7.peg.427.site.10, 0, 126, 126
1121098.7.peg.427.site.11, 0, 126, 126
1121098.7.peg.427.site.12, 23, 125, 148
1121098.7.peg.427.site.13, 4, 126, 130
1121098.7.peg.425.site.1, 0, 126, 126
1121098.7.peg.425.site.2, 6, 125, 131
1121098.7.peg.425.site.3, 5, 125, 130
1121098.7.peg.425.site.4, 1, 126, 127
1121098.7.peg.425.site.5, 60, 125, 185
1121098.7.peg.425.site.6, 43, 126, 169
1121098.7.peg.425.site.7, 12, 126, 138
1121098.7.peg.425.site.8, 17, 126, 143
1121098.7.peg.425.site.9, 46, 124, 170
1121098.7.peg.425.site.10, 0, 126, 126
1121098.7.peg.425.site.11, 1, 126, 127
1121098.7.peg.425.site.12, 27, 124, 151
1121098.7.peg.425.site.13, 21, 125, 146
1121098.7.peg.425.site.14, 70, 123, 193
1121098.7.peg.425.site.15, 117, 125, 242
1121098.7.peg.425.site.16, 0, 121, 121
1121098.7.peg.425.site.17, 45, 126, 171
1121098.7.peg.425.site.18, 2, 122, 124
1121098.7.peg.425.site.19, 44, 125, 169
1121098.7.peg.425.site.20, 3, 125, 128
1121098.7.peg.425.site.21, 4, 125, 129
1121098.7.peg.420.site.1, 79, 123, 202
1121098.7.peg.420.site.2, 63, 125, 188
1121098.7.peg.420.site.3, 0, 126, 126
1121098.7.peg.420.site.4, 15, 125, 140
1121098.7.peg.420.site.5, 5, 125, 130
1121098.7.peg.420.site.6, 2, 126, 128
1121098.7.peg.420.site.7, 102, 123, 225
1121098.7.peg.420.site.8, 0, 123, 123
1121098.7.peg.420.site.9, 57, 124, 181
1121098.7.peg.420.site.10, 2, 122, 124
1121098.7.peg.420.site.11, 1, 123, 124
1121098.7.peg.420.site.12, 4, 120, 124
1121098.7.peg.420.site.13, 2, 118, 120
1121098.7.peg.420.site.14, 35, 118, 153
1121098.7.peg.420.site.15, 37, 106, 143
1121098.7.peg.420.site.16, 5, 116, 121
1121098.7.peg.420.site.17, 1, 123, 124
1121098.7.peg.420.site.18, 0, 125, 125
1121098.7.peg.420.site.19, 30, 126, 156
1121098.7.peg.420.site.20, 0, 126, 126
1121098.7.peg.420.site.21, 1, 126, 127
1121098.7.peg.420.site.22, 1, 125, 126
1121098.7.peg.420.site.23, 14, 124, 138
1121098.7.peg.420.site.24, 1, 123, 124
1121098.7.peg.420.site.25, 1, 122, 123
1121098.7.peg.420.site.26, 17, 125, 142
1121098.7.peg.420.site.27, 39, 126, 165
1121098.7.peg.420.site.28, 0, 126, 126
1121098.7.peg.420.site.29, 32, 126, 158
1121098.7.peg.420.site.30, 33, 124, 157
1121098.7.peg.420.site.31, 38, 126, 164
1121098.7.peg.420.site.32, 30, 126, 156
1121098.7.peg.420.site.33, 1, 125, 126
1121098.7.peg.420.site.34, 7, 126, 133
1121098.7.peg.420.site.35, 1, 126, 127
1121098.7.peg.420.site.36, 2, 126, 128
1121098.7.peg.420.site.37, 37, 126, 163
1121098.7.peg.420.site.38, 0, 126, 126
1121098.7.peg.420.site.39, 38, 126, 164
1121098.7.peg.420.site.40, 0, 126, 126
1121098.7.peg.420.site.41, 3, 126, 129
1121098.7.peg.420.site.42, 4, 126, 130
1121098.7.peg.420.site.43, 68, 125, 193
1121098.7.peg.420.site.44, 117, 125, 242
1121098.7.peg.420.site.45, 13, 126, 139
1121098.7.peg.421.site.1, 4, 126, 130
1121098.7.peg.421.site.2, 0, 125, 125
1121098.7.peg.421.site.3, 55, 126, 181
1121098.7.peg.421.site.4, 0, 126, 126
1121098.7.peg.421.site.5, 0, 126, 126
1121098.7.peg.421.site.6, 1, 126, 127
1121098.7.peg.421.site.7, 16, 124, 140
1121098.7.peg.421.site.8, 0, 126, 126
1121098.7.peg.421.site.9, 24, 125, 149
1121098.7.peg.421.site.10, 2, 126, 128
1121098.7.peg.421.site.11, 25, 126, 151
1121098.7.peg.421.site.12, 88, 126, 214
1121098.7.peg.421.site.13, 11, 126, 137
1121098.7.peg.421.site.14, 12, 126, 138
1121098.7.peg.421.site.15, 2, 126, 128
1121098.7.peg.421.site.16, 7, 126, 133
1121098.7.peg.421.site.17, 0, 126, 126
1121098.7.peg.2292.site.1, 1, 126, 127
1121098.7.peg.2292.site.2, 58, 125, 183
1121098.7.peg.2290.site.1, 2, 126, 128
1121098.7.peg.2290.site.2, 0, 126, 126
1121098.7.peg.2290.site.3, 0, 125, 125
1121098.7.peg.2290.site.4, 0, 126, 126
1121098.7.peg.2290.site.5, 58, 126, 184
1121098.7.peg.2297.site.1, 0, 125, 125
1121098.7.peg.2297.site.2, 10, 126, 136
1121098.7.peg.2297.site.3, 0, 126, 126
1121098.7.peg.2297.site.4, 0, 126, 126
1121098.7.peg.2297.site.5, 66, 125, 191
1121098.7.peg.2297.site.6, 64, 126, 190
1121098.7.peg.2297.site.7, 64, 126, 190
1121098.7.peg.2297.site.8, 1, 126, 127
1121098.7.peg.2297.site.9, 64, 126, 190
1121098.7.peg.2297.site.10, 0, 126, 126
1121098.7.peg.2297.site.11, 0, 126, 126
1121098.7.peg.2297.site.12, 0, 126, 126
1121098.7.peg.2297.site.13, 56, 126, 182
1121098.7.peg.2297.site.14, 3, 126, 129
1121098.7.peg.2297.site.15, 0, 126, 126
1121098.7.peg.2297.site.16, 2, 126, 128
1121098.7.peg.2297.site.17, 54, 126, 180
1121098.7.peg.2297.site.18, 0, 126, 126
1121098.7.peg.2297.site.19, 0, 126, 126
1121098.7.peg.2297.site.20, 60, 126, 186
1121098.7.peg.2297.site.21, 65, 126, 191
1121098.7.peg.2297.site.22, 60, 126, 186
1121098.7.peg.2297.site.23, 0, 126, 126
1121098.7.peg.2297.site.24, 1, 126, 127
1121098.7.peg.2295.site.1, 121, 125, 246
1121098.7.peg.2295.site.2, 13, 124, 137
1121098.7.peg.2295.site.3, 5, 124, 129
1121098.7.peg.2295.site.4, 120, 125, 245
1121098.7.peg.2295.site.5, 0, 126, 126
1121098.7.peg.2295.site.6, 0, 126, 126
1121098.7.peg.2295.site.7, 85, 125, 210
1121098.7.peg.2295.site.8, 20, 125, 145
1121098.7.peg.2295.site.9, 0, 126, 126
1121098.7.peg.2295.site.10, 0, 126, 126
1121098.7.peg.2295.site.11, 5, 125, 130
1121098.7.peg.2295.site.12, 3, 125, 128
1121098.7.peg.2295.site.13, 1, 124, 125
1121098.7.peg.2295.site.14, 61, 125, 186
1121098.7.peg.2295.site.15, 65, 126, 191
1121098.7.peg.2295.site.16, 0, 126, 126
1121098.7.peg.2295.site.17, 12, 126, 138
1121098.7.peg.2295.site.18, 61, 126, 187
1121098.7.peg.2295.site.19, 4, 125, 129
1121098.7.peg.2295.site.20, 2, 125, 127
1121098.7.peg.2295.site.21, 2, 125, 127
1121098.7.peg.732.site.1, 2, 125, 127
1121098.7.peg.733.site.1, 0, 126, 126
1121098.7.peg.733.site.2, 3, 126, 129
1121098.7.peg.733.site.3, 3, 125, 128
1121098.7.peg.733.site.4, 23, 126, 149
1121098.7.peg.733.site.5, 24, 126, 150
1121098.7.peg.730.site.1, 56, 125, 181
1121098.7.peg.730.site.2, 10, 123, 133
1121098.7.peg.730.site.3, 0, 126, 126
1121098.7.peg.730.site.4, 0, 126, 126
1121098.7.peg.730.site.5, 0, 124, 124
1121098.7.peg.730.site.6, 0, 124, 124
1121098.7.peg.730.site.7, 1, 124, 125
1121098.7.peg.730.site.8, 62, 125, 187
1121098.7.peg.730.site.9, 0, 126, 126
1121098.7.peg.730.site.10, 1, 126, 127
1121098.7.peg.2299.site.1, 0, 126, 126
1121098.7.peg.2299.site.2, 2, 126, 128
1121098.7.peg.2299.site.3, 0, 124, 124
1121098.7.peg.2299.site.4, 0, 126, 126
1121098.7.peg.2299.site.5, 6, 126, 132
1121098.7.peg.2299.site.6, 15, 126, 141
1121098.7.peg.2299.site.7, 8, 126, 134
1121098.7.peg.2299.site.8, 7, 126, 133
1121098.7.peg.2299.site.9, 2, 125, 127
1121098.7.peg.2299.site.10, 4, 126, 130
1121098.7.peg.2299.site.11, 119, 125, 244
1121098.7.peg.2299.site.12, 11, 126, 137
1121098.7.peg.2299.site.13, 0, 126, 126
1121098.7.peg.2299.site.14, 0, 126, 126
1121098.7.peg.2051.site.1, 0, 125, 125
1121098.7.peg.2051.site.2, 0, 126, 126
1121098.7.peg.2051.site.3, 0, 126, 126
1121098.7.peg.2051.site.4, 0, 124, 124
1121098.7.peg.2051.site.5, 0, 125, 125
1121098.7.peg.2052.site.1, 0, 126, 126
1121098.7.peg.2052.site.2, 1, 126, 127
1121098.7.peg.2052.site.3, 66, 126, 192
1121098.7.peg.2052.site.4, 3, 126, 129
1121098.7.peg.2052.site.5, 0, 126, 126
1121098.7.peg.2052.site.6, 0, 125, 125
1121098.7.peg.2053.site.1, 3, 126, 129
1121098.7.peg.2053.site.2, 3, 124, 127
1121098.7.peg.2053.site.3, 1, 119, 120
1121098.7.peg.2053.site.4, 31, 118, 149
1121098.7.peg.2053.site.5, 5, 125, 130
1121098.7.peg.2053.site.6, 30, 124, 154
1121098.7.peg.2053.site.7, 4, 27, 31
1121098.7.peg.2053.site.8, 7, 65, 72
1121098.7.peg.2053.site.9, 2, 66, 68
1121098.7.peg.2053.site.10, 0, 59, 59
1121098.7.peg.2053.site.11, 5, 62, 67
1121098.7.peg.2053.site.12, 77, 115, 192
1121098.7.peg.2053.site.13, 55, 113, 168
1121098.7.peg.2053.site.14, 1, 116, 117
1121098.7.peg.2053.site.15, 0, 111, 111
1121098.7.peg.2053.site.16, 62, 119, 181
1121098.7.peg.2053.site.17, 33, 121, 154
1121098.7.peg.2053.site.18, 6, 126, 132
1121098.7.peg.2053.site.19, 3, 125, 128
1121098.7.peg.2053.site.20, 1, 25, 26
1121098.7.peg.3081.site.1, 0, 126, 126
1121098.7.peg.3081.site.2, 1, 126, 127
1121098.7.peg.3081.site.3, 1, 126, 127
1121098.7.peg.3081.site.4, 0, 125, 125
1121098.7.peg.3081.site.5, 27, 126, 153
1121098.7.peg.3081.site.6, 1, 126, 127
1121098.7.peg.3081.site.7, 24, 126, 150
1121098.7.peg.3081.site.8, 1, 126, 127
1121098.7.peg.3081.site.9, 78, 126, 204
1121098.7.peg.3081.site.10, 3, 126, 129
1121098.7.peg.3081.site.11, 25, 126, 151
1121098.7.peg.3081.site.12, 2, 126, 128
1121098.7.peg.3081.site.13, 13, 126, 139
1121098.7.peg.3081.site.14, 14, 126, 140
1121098.7.peg.3081.site.15, 0, 126, 126
1121098.7.peg.3081.site.16, 56, 126, 182
1121098.7.peg.3081.site.17, 46, 126, 172
1121098.7.peg.198.site.1, 7, 126, 133
1121098.7.peg.198.site.2, 0, 125, 125
1121098.7.peg.198.site.3, 93, 125, 218
1121098.7.peg.198.site.4, 0, 126, 126
1121098.7.peg.1758.site.1, 0, 126, 126
1121098.7.peg.1759.site.1, 0, 126, 126
1121098.7.peg.1759.site.2, 57, 126, 183
1121098.7.peg.1759.site.3, 0, 126, 126
1121098.7.peg.1759.site.4, 106, 125, 231
1121098.7.peg.1759.site.5, 0, 126, 126
1121098.7.peg.1759.site.6, 3, 126, 129
1121098.7.peg.1759.site.7, 0, 126, 126
1121098.7.peg.1752.site.1, 0, 126, 126
1121098.7.peg.1752.site.2, 95, 125, 220
1121098.7.peg.1752.site.3, 36, 125, 161
1121098.7.peg.1752.site.4, 5, 126, 131
1121098.7.peg.1752.site.5, 5, 126, 131
1121098.7.peg.1752.site.6, 0, 126, 126
1121098.7.peg.1752.site.7, 3, 126, 129
1121098.7.peg.1752.site.8, 0, 126, 126
1121098.7.peg.1752.site.9, 109, 126, 235
1121098.7.peg.1752.site.10, 63, 126, 189
1121098.7.peg.1752.site.11, 1, 126, 127
1121098.7.peg.1752.site.12, 4, 126, 130
1121098.7.peg.1753.site.1, 11, 125, 136
1121098.7.peg.1753.site.2, 7, 126, 133
1121098.7.peg.1753.site.3, 0, 125, 125
1121098.7.peg.1753.site.4, 0, 124, 124
1121098.7.peg.1753.site.5, 52, 126, 178
1121098.7.peg.1753.site.6, 6, 126, 132
1121098.7.peg.1753.site.7, 6, 117, 123
1121098.7.peg.1753.site.8, 122, 126, 248
1121098.7.peg.1753.site.9, 17, 126, 143
1121098.7.peg.1753.site.10, 1, 126, 127
1121098.7.peg.1753.site.11, 0, 126, 126
1121098.7.peg.1753.site.12, 52, 125, 177
1121098.7.peg.1753.site.13, 16, 125, 141
1121098.7.peg.1753.site.14, 1, 126, 127
1121098.7.peg.1753.site.15, 1, 126, 127
1121098.7.peg.1753.site.16, 2, 126, 128
1121098.7.peg.1753.site.17, 7, 126, 133
1121098.7.peg.1753.site.18, 53, 126, 179
1121098.7.peg.1750.site.1, 121, 126, 247
1121098.7.peg.1750.site.2, 0, 126, 126
1121098.7.peg.1750.site.3, 16, 126, 142
1121098.7.peg.1750.site.4, 99, 125, 224
1121098.7.peg.1750.site.5, 52, 126, 178
1121098.7.peg.1750.site.6, 10, 123, 133
1121098.7.peg.1751.site.1, 30, 51, 81
1121098.7.peg.1751.site.2, 1, 110, 111
1121098.7.peg.1756.site.1, 1, 126, 127
1121098.7.peg.1756.site.2, 122, 126, 248
1121098.7.peg.1756.site.3, 0, 126, 126
1121098.7.peg.1756.site.4, 36, 126, 162
1121098.7.peg.1756.site.5, 60, 126, 186
1121098.7.peg.1756.site.6, 0, 125, 125
1121098.7.peg.1756.site.7, 7, 126, 133
1121098.7.peg.1756.site.8, 12, 126, 138
1121098.7.peg.1756.site.9, 1, 126, 127
1121098.7.peg.1756.site.10, 24, 125, 149
1121098.7.peg.1756.site.11, 0, 126, 126
1121098.7.peg.1756.site.12, 14, 126, 140
1121098.7.peg.1756.site.13, 104, 126, 230
1121098.7.peg.1756.site.14, 39, 125, 164
1121098.7.peg.1756.site.15, 54, 126, 180
1121098.7.peg.1757.site.1, 0, 126, 126
1121098.7.peg.1757.site.2, 65, 126, 191
1121098.7.peg.1757.site.3, 0, 126, 126
1121098.7.peg.1757.site.4, 0, 126, 126
1121098.7.peg.1757.site.5, 120, 126, 246
1121098.7.peg.1757.site.6, 60, 125, 185
1121098.7.peg.1757.site.7, 0, 125, 125
1121098.7.peg.1757.site.8, 1, 126, 127
1121098.7.peg.1757.site.9, 0, 126, 126
1121098.7.peg.1757.site.10, 0, 126, 126
1121098.7.peg.1757.site.11, 0, 126, 126
1121098.7.peg.1757.site.12, 22, 125, 147
1121098.7.peg.1757.site.13, 61, 126, 187
1121098.7.peg.1757.site.14, 0, 126, 126
1121098.7.peg.1757.site.15, 0, 126, 126
1121098.7.peg.1757.site.16, 4, 126, 130
1121098.7.peg.1754.site.1, 17, 126, 143
1121098.7.peg.1754.site.2, 62, 126, 188
1121098.7.peg.1754.site.3, 0, 126, 126
1121098.7.peg.1754.site.4, 59, 126, 185
1121098.7.peg.1754.site.5, 62, 126, 188
1121098.7.peg.1754.site.6, 0, 126, 126
1121098.7.peg.1754.site.7, 2, 126, 128
1121098.7.peg.1754.site.8, 0, 126, 126
1121098.7.peg.1754.site.9, 1, 126, 127
1121098.7.peg.3412.site.1, 2, 126, 128
1121098.7.peg.3412.site.2, 1, 126, 127
1121098.7.peg.3412.site.3, 9, 126, 135
1121098.7.peg.3412.site.4, 2, 126, 128
1121098.7.peg.3411.site.1, 0, 126, 126
1121098.7.peg.3411.site.2, 1, 126, 127
1121098.7.peg.3411.site.3, 64, 126, 190
1121098.7.peg.3411.site.4, 20, 126, 146
1121098.7.peg.1590.site.1, 63, 126, 189
1121098.7.peg.1590.site.2, 63, 126, 189
1121098.7.peg.1590.site.3, 62, 125, 187
1121098.7.peg.1590.site.4, 2, 125, 127
1121098.7.peg.1590.site.5, 10, 126, 136
1121098.7.peg.1590.site.6, 0, 126, 126
1121098.7.peg.1590.site.7, 4, 126, 130
1121098.7.peg.1590.site.8, 0, 126, 126
1121098.7.peg.1590.site.9, 7, 126, 133
1121098.7.peg.1590.site.10, 20, 126, 146
1121098.7.peg.1590.site.11, 62, 126, 188
1121098.7.peg.1590.site.12, 0, 122, 122
1121098.7.peg.1590.site.13, 0, 126, 126
1121098.7.peg.1590.site.14, 55, 126, 181
1121098.7.peg.1590.site.15, 113, 126, 239
1121098.7.peg.1590.site.16, 4, 126, 130
1121098.7.peg.1590.site.17, 54, 125, 179
1121098.7.peg.1591.site.1, 60, 126, 186
1121098.7.peg.1591.site.2, 3, 126, 129
1121098.7.peg.1591.site.3, 0, 125, 125
1121098.7.peg.1591.site.4, 53, 125, 178
1121098.7.peg.1591.site.5, 56, 126, 182
1121098.7.peg.1591.site.6, 95, 125, 220
1121098.7.peg.1591.site.7, 2, 126, 128
1121098.7.peg.1591.site.8, 104, 126, 230
1121098.7.peg.1591.site.9, 0, 126, 126
1121098.7.peg.1592.site.1, 12, 126, 138
1121098.7.peg.1592.site.2, 3, 126, 129
1121098.7.peg.1592.site.3, 24, 125, 149
1121098.7.peg.1592.site.4, 81, 125, 206
1121098.7.peg.1592.site.5, 81, 125, 206
1121098.7.peg.1592.site.6, 0, 126, 126
1121098.7.peg.1592.site.7, 119, 124, 243
1121098.7.peg.1592.site.8, 4, 126, 130
1121098.7.peg.1592.site.9, 0, 126, 126
1121098.7.peg.1592.site.10, 0, 125, 125
1121098.7.peg.1592.site.11, 1, 126, 127
1121098.7.peg.1593.site.1, 10, 126, 136
1121098.7.peg.1593.site.2, 40, 125, 165
1121098.7.peg.1593.site.3, 0, 126, 126
1121098.7.peg.1593.site.4, 92, 125, 217
1121098.7.peg.1593.site.5, 0, 126, 126
1121098.7.peg.1593.site.6, 10, 126, 136
1121098.7.peg.1593.site.7, 0, 126, 126
1121098.7.peg.1594.site.1, 3, 126, 129
1121098.7.peg.1594.site.2, 0, 126, 126
1121098.7.peg.1594.site.3, 2, 125, 127
1121098.7.peg.1595.site.1, 5, 126, 131
1121098.7.peg.1595.site.2, 0, 126, 126
1121098.7.peg.1595.site.3, 10, 125, 135
1121098.7.peg.1595.site.4, 22, 125, 147
1121098.7.peg.3046.site.1, 3, 126, 129
1121098.7.peg.3046.site.2, 0, 126, 126
1121098.7.peg.130.site.1, 0, 126, 126
1121098.7.peg.130.site.2, 0, 126, 126
1121098.7.peg.130.site.3, 0, 126, 126
1121098.7.peg.130.site.4, 0, 126, 126
1121098.7.peg.130.site.5, 1, 126, 127
1121098.7.peg.130.site.6, 3, 126, 129
1121098.7.peg.131.site.1, 58, 126, 184
1121098.7.peg.131.site.2, 10, 126, 136
1121098.7.peg.131.site.3, 30, 125, 155
1121098.7.peg.132.site.1, 0, 126, 126
1121098.7.peg.132.site.2, 10, 126, 136
1121098.7.peg.132.site.3, 6, 126, 132
1121098.7.peg.132.site.4, 10, 126, 136
1121098.7.peg.132.site.5, 0, 126, 126
1121098.7.peg.132.site.6, 122, 126, 248
1121098.7.peg.132.site.7, 0, 126, 126
1121098.7.peg.133.site.1, 1, 126, 127
1121098.7.peg.133.site.2, 4, 126, 130
1121098.7.peg.133.site.3, 0, 125, 125
1121098.7.peg.133.site.4, 65, 126, 191
1121098.7.peg.133.site.5, 10, 126, 136
1121098.7.peg.133.site.6, 117, 125, 242
1121098.7.peg.133.site.7, 1, 125, 126
1121098.7.peg.134.site.1, 0, 126, 126
1121098.7.peg.134.site.2, 5, 126, 131
1121098.7.peg.134.site.3, 3, 126, 129
1121098.7.peg.134.site.4, 7, 126, 133
1121098.7.peg.134.site.5, 52, 126, 178
1121098.7.peg.134.site.6, 62, 126, 188
1121098.7.peg.134.site.7, 96, 126, 222
1121098.7.peg.134.site.8, 12, 126, 138
1121098.7.peg.134.site.9, 0, 126, 126
1121098.7.peg.134.site.10, 0, 125, 125
1121098.7.peg.134.site.11, 0, 125, 125
1121098.7.peg.134.site.12, 21, 124, 145
1121098.7.peg.134.site.13, 82, 125, 207
1121098.7.peg.134.site.14, 52, 125, 177
1121098.7.peg.135.site.1, 3, 125, 128
1121098.7.peg.135.site.2, 2, 123, 125
1121098.7.peg.135.site.3, 1, 123, 124
1121098.7.peg.137.site.1, 0, 125, 125
1121098.7.peg.137.site.2, 1, 125, 126
1121098.7.peg.139.site.1, 121, 124, 245
1121098.7.peg.139.site.2, 0, 125, 125
1121098.7.peg.139.site.3, 0, 125, 125
1121098.7.peg.139.site.4, 53, 125, 178
1121098.7.peg.139.site.5, 0, 124, 124
1121098.7.peg.139.site.6, 56, 124, 180
1121098.7.peg.139.site.7, 52, 125, 177
1121098.7.peg.139.site.8, 4, 125, 129
1121098.7.peg.139.site.9, 64, 123, 187
1121098.7.peg.139.site.10, 9, 124, 133
1121098.7.peg.3534.site.1, 3, 126, 129
1121098.7.peg.3534.site.2, 0, 126, 126
1121098.7.peg.3534.site.3, 0, 126, 126
1121098.7.peg.3534.site.4, 0, 126, 126
1121098.7.peg.3534.site.5, 16, 125, 141
1121098.7.peg.3534.site.6, 1, 124, 125
1121098.7.peg.3534.site.7, 1, 125, 126
1121098.7.peg.3534.site.8, 61, 126, 187
1121098.7.peg.3534.site.9, 6, 126, 132
1121098.7.peg.3534.site.10, 0, 126, 126
1121098.7.peg.3534.site.11, 1, 126, 127
1121098.7.peg.3534.site.12, 4, 126, 130
1121098.7.peg.3534.site.13, 57, 125, 182
1121098.7.peg.3534.site.14, 78, 126, 204
1121098.7.peg.3534.site.15, 2, 126, 128
1121098.7.peg.3534.site.16, 60, 126, 186
1121098.7.peg.3534.site.17, 0, 126, 126
1121098.7.peg.3534.site.18, 0, 126, 126
1121098.7.peg.3534.site.19, 5, 125, 130
1121098.7.peg.3534.site.20, 0, 126, 126
1121098.7.peg.3534.site.21, 0, 126, 126
1121098.7.peg.3534.site.22, 0, 126, 126
1121098.7.peg.3535.site.1, 0, 126, 126
1121098.7.peg.3535.site.2, 22, 125, 147
1121098.7.peg.3536.site.1, 22, 125, 147
1121098.7.peg.3536.site.2, 1, 124, 125
1121098.7.peg.3536.site.3, 4, 126, 130
1121098.7.peg.3536.site.4, 4, 126, 130
1121098.7.peg.3536.site.5, 0, 126, 126
1121098.7.peg.3536.site.6, 2, 126, 128
1121098.7.peg.3536.site.7, 0, 126, 126
1121098.7.peg.3536.site.8, 1, 125, 126
1121098.7.peg.3536.site.9, 14, 126, 140
1121098.7.peg.3536.site.10, 118, 126, 244
1121098.7.peg.3083.site.1, 4, 126, 130
1121098.7.peg.3083.site.2, 0, 126, 126
1121098.7.peg.3083.site.3, 117, 125, 242
1121098.7.peg.3083.site.4, 5, 126, 131
1121098.7.peg.3083.site.5, 57, 126, 183
1121098.7.peg.3083.site.6, 3, 125, 128
1121098.7.peg.3083.site.7, 0, 125, 125
1121098.7.peg.3083.site.8, 1, 126, 127
1121098.7.peg.3083.site.9, 71, 126, 197
1121098.7.peg.3083.site.10, 0, 126, 126
1121098.7.peg.3532.site.1, 0, 126, 126
1121098.7.peg.3532.site.2, 122, 126, 248
1121098.7.peg.3532.site.3, 4, 126, 130
1121098.7.peg.3532.site.4, 70, 126, 196
1121098.7.peg.3532.site.5, 0, 126, 126
1121098.7.peg.3532.site.6, 1, 126, 127
1121098.7.peg.3532.site.7, 2, 126, 128
1121098.7.peg.3532.site.8, 2, 126, 128
1121098.7.peg.3532.site.9, 2, 126, 128
1121098.7.peg.3532.site.10, 0, 126, 126
1121098.7.peg.3532.site.11, 0, 126, 126
1121098.7.peg.3532.site.12, 0, 126, 126
1121098.7.peg.3533.site.1, 1, 126, 127
1121098.7.peg.4109.site.1, 10, 126, 136
1121098.7.peg.4109.site.2, 10, 126, 136
1121098.7.peg.4109.site.3, 1, 126, 127
1121098.7.peg.4109.site.4, 0, 126, 126
1121098.7.peg.4109.site.5, 0, 125, 125
1121098.7.peg.4109.site.6, 103, 124, 227
1121098.7.peg.4109.site.7, 0, 126, 126
1121098.7.peg.4109.site.8, 6, 126, 132
1121098.7.peg.4109.site.9, 0, 121, 121
1121098.7.peg.4109.site.10, 53, 118, 171
1121098.7.peg.4109.site.11, 2, 78, 80
1121098.7.peg.4109.site.12, 4, 66, 70
1121098.7.peg.4109.site.13, 7, 43, 50
1121098.7.peg.4109.site.14, 3, 48, 51
1121098.7.peg.3742.site.1, 0, 126, 126
1121098.7.peg.3742.site.2, 0, 125, 125
1121098.7.peg.3742.site.3, 4, 126, 130
1121098.7.peg.3742.site.4, 1, 126, 127
1121098.7.peg.3742.site.5, 0, 126, 126
1121098.7.peg.3742.site.6, 80, 126, 206
1121098.7.peg.3742.site.7, 1, 126, 127
1121098.7.peg.3742.site.8, 13, 125, 138
1121098.7.peg.3742.site.9, 13, 125, 138
1121098.7.peg.3742.site.10, 0, 126, 126
1121098.7.peg.3742.site.11, 1, 126, 127
1121098.7.peg.3538.site.1, 1, 126, 127
1121098.7.peg.3539.site.1, 1, 125, 126
1121098.7.peg.3453.site.1, 0, 126, 126
1121098.7.peg.3453.site.2, 0, 126, 126
1121098.7.peg.3453.site.3, 3, 126, 129
1121098.7.peg.3453.site.4, 0, 126, 126
1121098.7.peg.3453.site.5, 0, 125, 125
1121098.7.peg.3453.site.6, 116, 125, 241
1121098.7.peg.3453.site.7, 1, 126, 127
1121098.7.peg.3450.site.1, 0, 125, 125
1121098.7.peg.3450.site.2, 0, 125, 125
1121098.7.peg.3450.site.3, 0, 126, 126
1121098.7.peg.3450.site.4, 2, 126, 128
1121098.7.peg.3450.site.5, 2, 126, 128
1121098.7.peg.3450.site.6, 4, 126, 130
1121098.7.peg.3450.site.7, 0, 126, 126
1121098.7.peg.3450.site.8, 85, 124, 209
1121098.7.peg.3450.site.9, 58, 126, 184
1121098.7.peg.3450.site.10, 10, 126, 136
1121098.7.peg.3450.site.11, 5, 126, 131
1121098.7.peg.3450.site.12, 16, 125, 141
1121098.7.peg.3450.site.13, 4, 126, 130
1121098.7.peg.3457.site.1, 0, 126, 126
1121098.7.peg.3457.site.2, 3, 125, 128
1121098.7.peg.3457.site.3, 56, 125, 181
1121098.7.peg.3457.site.4, 1, 126, 127
1121098.7.peg.3457.site.5, 0, 126, 126
1121098.7.peg.3457.site.6, 1, 126, 127
1121098.7.peg.3457.site.7, 88, 126, 214
1121098.7.peg.3457.site.8, 52, 126, 178
1121098.7.peg.3457.site.9, 0, 126, 126
1121098.7.peg.3456.site.1, 0, 126, 126
1121098.7.peg.3456.site.2, 4, 125, 129
1121098.7.peg.3456.site.3, 63, 124, 187
1121098.7.peg.3456.site.4, 2, 126, 128
1121098.7.peg.3456.site.5, 59, 125, 184
1121098.7.peg.3456.site.6, 0, 125, 125
1121098.7.peg.3456.site.7, 0, 126, 126
1121098.7.peg.3456.site.8, 4, 126, 130
1121098.7.peg.3456.site.9, 3, 126, 129
1121098.7.peg.3456.site.10, 4, 126, 130
1121098.7.peg.3456.site.11, 0, 126, 126
1121098.7.peg.3454.site.1, 0, 125, 125
1121098.7.peg.3454.site.2, 57, 126, 183
1121098.7.peg.3454.site.3, 2, 125, 127
1121098.7.peg.3454.site.4, 3, 126, 129
1121098.7.peg.3454.site.5, 0, 125, 125
1121098.7.peg.3454.site.6, 59, 124, 183
1121098.7.peg.3454.site.7, 2, 122, 124
1121098.7.peg.3454.site.8, 0, 125, 125
1121098.7.peg.3454.site.9, 3, 126, 129
1121098.7.peg.3454.site.10, 0, 126, 126
1121098.7.peg.3454.site.11, 0, 126, 126
1121098.7.peg.3454.site.12, 1, 126, 127
1121098.7.peg.3458.site.1, 7, 126, 133
1121098.7.peg.3458.site.2, 3, 126, 129
1121098.7.peg.3458.site.3, 5, 125, 130
1121098.7.peg.3458.site.4, 1, 125, 126
1121098.7.peg.3458.site.5, 0, 125, 125
1121098.7.peg.3458.site.6, 3, 126, 129
1121098.7.peg.3458.site.7, 2, 126, 128
1121098.7.peg.3458.site.8, 1, 126, 127
1121098.7.peg.3458.site.9, 78, 125, 203
1121098.7.peg.3458.site.10, 0, 126, 126
1121098.7.peg.3458.site.11, 104, 125, 229
1121098.7.peg.3458.site.12, 2, 126, 128
1121098.7.peg.3458.site.13, 55, 126, 181
1121098.7.peg.3458.site.14, 2, 126, 128
1121098.7.peg.4207.site.1, 0, 121, 121
1121098.7.peg.4207.site.2, 27, 123, 150
1121098.7.peg.4207.site.3, 2, 123, 125
1121098.7.peg.4207.site.4, 2, 123, 125
1121098.7.peg.4207.site.5, 0, 123, 123
1121098.7.peg.4207.site.6, 119, 123, 242
1121098.7.peg.4207.site.7, 4, 122, 126
1121098.7.peg.4207.site.8, 10, 123, 133
1121098.7.peg.4207.site.9, 30, 121, 151
1121098.7.peg.4207.site.10, 4, 123, 127
1121098.7.peg.4207.site.11, 2, 67, 69
1121098.7.peg.4207.site.12, 46, 64, 110
1121098.7.peg.4207.site.13, 12, 65, 77
1121098.7.peg.4207.site.14, 35, 65, 100
1121098.7.peg.4207.site.15, 13, 64, 77
1121098.7.peg.4207.site.16, 1, 66, 67
1121098.7.peg.1371.site.1, 52, 126, 178
1121098.7.peg.1371.site.2, 59, 125, 184
1121098.7.peg.1371.site.3, 1, 126, 127
1121098.7.peg.1371.site.4, 17, 125, 142
1121098.7.peg.1371.site.5, 0, 125, 125
1121098.7.peg.1371.site.6, 3, 126, 129
1121098.7.peg.1371.site.7, 1, 126, 127
1121098.7.peg.1372.site.1, 3, 126, 129
1121098.7.peg.1372.site.2, 0, 126, 126
1121098.7.peg.1372.site.3, 10, 126, 136
1121098.7.peg.1372.site.4, 30, 126, 156
1121098.7.peg.1372.site.5, 59, 126, 185
1121098.7.peg.1373.site.1, 1, 125, 126
1121098.7.peg.1373.site.2, 9, 126, 135
1121098.7.peg.1373.site.3, 85, 126, 211
1121098.7.peg.1373.site.4, 0, 125, 125
1121098.7.peg.1373.site.5, 9, 126, 135
1121098.7.peg.1373.site.6, 13, 126, 139
1121098.7.peg.1373.site.7, 0, 125, 125
1121098.7.peg.1373.site.8, 63, 126, 189
1121098.7.peg.1374.site.1, 1, 123, 124
1121098.7.peg.1374.site.2, 4, 126, 130
1121098.7.peg.1375.site.1, 0, 126, 126
1121098.7.peg.1375.site.2, 20, 126, 146
1121098.7.peg.1375.site.3, 4, 126, 130
1121098.7.peg.1376.site.1, 0, 126, 126
1121098.7.peg.1376.site.2, 16, 125, 141
1121098.7.peg.1376.site.3, 2, 126, 128
1121098.7.peg.1376.site.4, 11, 126, 137
1121098.7.peg.1376.site.5, 100, 126, 226
1121098.7.peg.1376.site.6, 1, 125, 126
1121098.7.peg.1376.site.7, 2, 126, 128
1121098.7.peg.1376.site.8, 0, 126, 126
1121098.7.peg.1376.site.9, 110, 126, 236
1121098.7.peg.1376.site.10, 72, 125, 197
1121098.7.peg.1376.site.11, 1, 126, 127
1121098.7.peg.1376.site.12, 35, 125, 160
1121098.7.peg.1376.site.13, 2, 126, 128
1121098.7.peg.1376.site.14, 60, 126, 186
1121098.7.peg.1376.site.15, 5, 126, 131
1121098.7.peg.1378.site.1, 0, 126, 126
1121098.7.peg.1378.site.2, 0, 126, 126
1121098.7.peg.1378.site.3, 0, 126, 126
1121098.7.peg.1378.site.4, 4, 126, 130
1121098.7.peg.1378.site.5, 95, 125, 220
1121098.7.peg.1378.site.6, 52, 125, 177
1121098.7.peg.1378.site.7, 2, 123, 125
1121098.7.peg.1378.site.8, 16, 124, 140
1121098.7.peg.1378.site.9, 72, 125, 197
1121098.7.peg.1378.site.10, 65, 125, 190
1121098.7.peg.1378.site.11, 62, 126, 188
1121098.7.peg.1378.site.12, 0, 125, 125
1121098.7.peg.1378.site.13, 62, 126, 188
1121098.7.peg.1379.site.1, 61, 126, 187
1121098.7.peg.1379.site.2, 17, 125, 142
1121098.7.peg.1379.site.3, 62, 126, 188
1121098.7.peg.1379.site.4, 0, 126, 126
1121098.7.peg.1379.site.5, 3, 126, 129
1121098.7.peg.1379.site.6, 52, 126, 178
1121098.7.peg.1379.site.7, 0, 126, 126
1121098.7.peg.2876.site.1, 2, 126, 128
1121098.7.peg.2876.site.2, 3, 126, 129
1121098.7.peg.2876.site.3, 119, 126, 245
1121098.7.peg.2876.site.4, 0, 126, 126
1121098.7.peg.2876.site.5, 2, 126, 128
1121098.7.peg.2876.site.6, 0, 126, 126
1121098.7.peg.2876.site.7, 50, 126, 176
1121098.7.peg.2876.site.8, 12, 126, 138
1121098.7.peg.2876.site.9, 0, 126, 126
1121098.7.peg.2876.site.10, 23, 126, 149
1121098.7.peg.2876.site.11, 28, 125, 153
1121098.7.peg.2876.site.12, 5, 126, 131
1121098.7.peg.2876.site.13, 122, 126, 248
1121098.7.peg.2877.site.1, 0, 126, 126
1121098.7.peg.2877.site.2, 2, 126, 128
1121098.7.peg.2877.site.3, 92, 125, 217
1121098.7.peg.2877.site.4, 4, 126, 130
1121098.7.peg.2877.site.5, 14, 125, 139
1121098.7.peg.2877.site.6, 7, 126, 133
1121098.7.peg.2877.site.7, 21, 126, 147
1121098.7.peg.2877.site.8, 6, 124, 130
1121098.7.peg.2877.site.9, 4, 125, 129
1121098.7.peg.2877.site.10, 20, 126, 146
1121098.7.peg.2877.site.11, 14, 125, 139
1121098.7.peg.2877.site.12, 4, 124, 128
1121098.7.peg.2877.site.13, 0, 126, 126
1121098.7.peg.2874.site.1, 122, 126, 248
1121098.7.peg.2874.site.2, 0, 126, 126
1121098.7.peg.2874.site.3, 0, 126, 126
1121098.7.peg.2874.site.4, 20, 126, 146
1121098.7.peg.2874.site.5, 122, 126, 248
1121098.7.peg.2874.site.6, 4, 126, 130
1121098.7.peg.2874.site.7, 112, 126, 238
1121098.7.peg.2874.site.8, 0, 126, 126
1121098.7.peg.2874.site.9, 119, 126, 245
1121098.7.peg.2874.site.10, 4, 126, 130
1121098.7.peg.2874.site.11, 20, 125, 145
1121098.7.peg.2874.site.12, 20, 125, 145
1121098.7.peg.2874.site.13, 30, 125, 155
1121098.7.peg.2875.site.1, 7, 126, 133
1121098.7.peg.2873.site.1, 0, 126, 126
1121098.7.peg.2873.site.2, 17, 125, 142
1121098.7.peg.2870.site.1, 3, 126, 129
1121098.7.peg.2870.site.2, 59, 126, 185
1121098.7.peg.2870.site.3, 0, 126, 126
1121098.7.peg.2870.site.4, 0, 126, 126
1121098.7.peg.2870.site.5, 53, 126, 179
1121098.7.peg.2871.site.1, 3, 126, 129
1121098.7.peg.2871.site.2, 4, 125, 129
1121098.7.peg.2871.site.3, 1, 126, 127
1121098.7.peg.2871.site.4, 0, 126, 126
1121098.7.peg.2871.site.5, 75, 126, 201
1121098.7.peg.2871.site.6, 53, 126, 179
1121098.7.peg.2871.site.7, 16, 126, 142
1121098.7.peg.2878.site.1, 0, 126, 126
1121098.7.peg.2878.site.2, 4, 126, 130
1121098.7.peg.2878.site.3, 43, 126, 169
1121098.7.peg.2878.site.4, 61, 126, 187
1121098.7.peg.2878.site.5, 15, 126, 141
1121098.7.peg.2878.site.6, 85, 126, 211
1121098.7.peg.2878.site.7, 12, 126, 138
1121098.7.peg.2878.site.8, 0, 126, 126
1121098.7.peg.2878.site.9, 122, 126, 248
1121098.7.peg.2878.site.10, 9, 125, 134
1121098.7.peg.2878.site.11, 0, 126, 126
1121098.7.peg.2878.site.12, 4, 126, 130
1121098.7.peg.2878.site.13, 7, 126, 133
1121098.7.peg.2878.site.14, 45, 126, 171
1121098.7.peg.2878.site.15, 0, 126, 126
1121098.7.peg.2878.site.16, 8, 126, 134
1121098.7.peg.2878.site.17, 22, 126, 148
1121098.7.peg.2878.site.18, 9, 125, 134
1121098.7.peg.2878.site.19, 2, 126, 128
1121098.7.peg.2878.site.20, 23, 125, 148
1121098.7.peg.2878.site.21, 0, 125, 125
1121098.7.peg.2878.site.22, 9, 126, 135
1121098.7.peg.2878.site.23, 14, 125, 139
1121098.7.peg.1572.site.1, 68, 126, 194
1121098.7.peg.1572.site.2, 53, 125, 178
1121098.7.peg.1572.site.3, 10, 126, 136
1121098.7.peg.1572.site.4, 0, 126, 126
1121098.7.peg.1572.site.5, 3, 126, 129
1121098.7.peg.1572.site.6, 0, 126, 126
1121098.7.peg.1572.site.7, 5, 126, 131
1121098.7.peg.1572.site.8, 0, 125, 125
1121098.7.peg.1572.site.9, 3, 126, 129
1121098.7.peg.1573.site.1, 52, 126, 178
1121098.7.peg.1573.site.2, 0, 126, 126
1121098.7.peg.1573.site.3, 0, 126, 126
1121098.7.peg.1573.site.4, 0, 126, 126
1121098.7.peg.1573.site.5, 0, 126, 126
1121098.7.peg.1573.site.6, 0, 125, 125
1121098.7.peg.1573.site.7, 1, 126, 127
1121098.7.peg.1573.site.8, 1, 125, 126
1121098.7.peg.1573.site.9, 48, 126, 174
1121098.7.peg.1573.site.10, 1, 125, 126
1121098.7.peg.1573.site.11, 4, 126, 130
1121098.7.peg.1573.site.12, 75, 126, 201
1121098.7.peg.1573.site.13, 3, 126, 129
1121098.7.peg.1573.site.14, 6, 125, 131
1121098.7.peg.1573.site.15, 3, 126, 129
1121098.7.peg.1570.site.1, 31, 126, 157
1121098.7.peg.1570.site.2, 0, 126, 126
1121098.7.peg.1570.site.3, 4, 126, 130
1121098.7.peg.1570.site.4, 0, 126, 126
1121098.7.peg.1570.site.5, 4, 126, 130
1121098.7.peg.1570.site.6, 47, 126, 173
1121098.7.peg.1570.site.7, 15, 126, 141
1121098.7.peg.1571.site.1, 89, 125, 214
1121098.7.peg.1571.site.2, 7, 126, 133
1121098.7.peg.1571.site.3, 114, 126, 240
1121098.7.peg.1571.site.4, 2, 126, 128
1121098.7.peg.1571.site.5, 3, 126, 129
1121098.7.peg.1571.site.6, 0, 119, 119
1121098.7.peg.1571.site.7, 0, 121, 121
1121098.7.peg.1571.site.8, 0, 123, 123
1121098.7.peg.1571.site.9, 0, 121, 121
1121098.7.peg.4056.site.1, 0, 126, 126
1121098.7.peg.4056.site.2, 1, 125, 126
1121098.7.peg.1577.site.1, 1, 126, 127
1121098.7.peg.1574.site.1, 0, 126, 126
1121098.7.peg.1574.site.2, 55, 125, 180
1121098.7.peg.1574.site.3, 0, 126, 126
1121098.7.peg.1574.site.4, 5, 125, 130
1121098.7.peg.1574.site.5, 106, 126, 232
1121098.7.peg.1574.site.6, 8, 124, 132
1121098.7.peg.1574.site.7, 1, 126, 127
1121098.7.peg.1574.site.8, 13, 126, 139
1121098.7.peg.1574.site.9, 2, 126, 128
1121098.7.peg.1574.site.10, 0, 126, 126
1121098.7.peg.1574.site.11, 5, 126, 131
1121098.7.peg.1574.site.12, 70, 124, 194
1121098.7.peg.1574.site.13, 0, 125, 125
1121098.7.peg.1574.site.14, 1, 126, 127
1121098.7.peg.1574.site.15, 2, 126, 128
1121098.7.peg.1574.site.16, 4, 126, 130
1121098.7.peg.1575.site.1, 0, 126, 126
1121098.7.peg.1575.site.2, 7, 126, 133
1121098.7.peg.1575.site.3, 0, 126, 126
1121098.7.peg.1575.site.4, 0, 125, 125
1121098.7.peg.1575.site.5, 44, 125, 169
1121098.7.peg.1575.site.6, 6, 126, 132
1121098.7.peg.1575.site.7, 6, 126, 132
1121098.7.peg.1575.site.8, 3, 126, 129
1121098.7.peg.1575.site.9, 1, 126, 127
1121098.7.peg.1575.site.10, 118, 126, 244
1121098.7.peg.1575.site.11, 0, 126, 126
1121098.7.peg.1575.site.12, 9, 126, 135
1121098.7.peg.956.site.1, 68, 123, 191
1121098.7.peg.956.site.2, 0, 122, 122
1121098.7.peg.956.site.3, 1, 122, 123
1121098.7.peg.956.site.4, 11, 117, 128
1121098.7.peg.956.site.5, 35, 94, 129
1121098.7.peg.956.site.6, 27, 100, 127
1121098.7.peg.956.site.7, 1, 115, 116
1121098.7.peg.956.site.8, 0, 117, 117
1121098.7.peg.956.site.9, 1, 122, 123
1121098.7.peg.956.site.10, 11, 123, 134
1121098.7.peg.956.site.11, 11, 123, 134
1121098.7.peg.956.site.12, 11, 123, 134
1121098.7.peg.956.site.13, 11, 123, 134
1121098.7.peg.956.site.14, 6, 122, 128
1121098.7.peg.956.site.15, 8, 119, 127
1121098.7.peg.956.site.16, 21, 116, 137
1121098.7.peg.956.site.17, 1, 114, 115
1121098.7.peg.956.site.18, 0, 103, 103
1121098.7.peg.956.site.19, 88, 99, 187
1121098.7.peg.956.site.20, 14, 111, 125
1121098.7.peg.956.site.21, 49, 109, 158
1121098.7.peg.956.site.22, 12, 103, 115
1121098.7.peg.956.site.23, 2, 103, 105
1121098.7.peg.956.site.24, 4, 103, 107
1121098.7.peg.956.site.25, 62, 103, 165
1121098.7.peg.956.site.26, 5, 103, 108
1121098.7.peg.956.site.27, 13, 103, 116
1121098.7.peg.956.site.28, 25, 101, 126
1121098.7.peg.956.site.29, 11, 101, 112
1121098.7.peg.956.site.30, 0, 103, 103
1121098.7.peg.956.site.31, 57, 105, 162
1121098.7.peg.956.site.32, 1, 104, 105
1121098.7.peg.956.site.33, 13, 116, 129
1121098.7.peg.956.site.34, 13, 116, 129
1121098.7.peg.956.site.35, 33, 111, 144
1121098.7.peg.954.site.1, 0, 24, 24
1121098.7.peg.954.site.2, 3, 25, 28
1121098.7.peg.954.site.3, 16, 76, 92
1121098.7.peg.954.site.4, 1, 123, 124
1121098.7.peg.954.site.5, 16, 123, 139
1121098.7.peg.954.site.6, 19, 123, 142
1121098.7.peg.954.site.7, 1, 123, 124
1121098.7.peg.954.site.8, 2, 120, 122
1121098.7.peg.954.site.9, 8, 121, 129
1121098.7.peg.954.site.10, 5, 121, 126
1121098.7.peg.954.site.11, 63, 123, 186
1121098.7.peg.954.site.12, 2, 122, 124
1121098.7.peg.954.site.13, 97, 122, 219
1121098.7.peg.954.site.14, 5, 122, 127
1121098.7.peg.954.site.15, 0, 122, 122
1121098.7.peg.954.site.16, 15, 122, 137
1121098.7.peg.954.site.17, 64, 123, 187
1121098.7.peg.954.site.18, 8, 122, 130
1121098.7.peg.954.site.19, 41, 123, 164
1121098.7.peg.955.site.1, 3, 123, 126
1121098.7.peg.955.site.2, 6, 123, 129
1121098.7.peg.955.site.3, 3, 123, 126
1121098.7.peg.955.site.4, 12, 123, 135
1121098.7.peg.955.site.5, 12, 123, 135
1121098.7.peg.955.site.6, 1, 123, 124
1121098.7.peg.955.site.7, 56, 121, 177
1121098.7.peg.955.site.8, 0, 122, 122
1121098.7.peg.952.site.1, 57, 123, 180
1121098.7.peg.952.site.2, 1, 123, 124
1121098.7.peg.952.site.3, 5, 123, 128
1121098.7.peg.952.site.4, 0, 123, 123
1121098.7.peg.952.site.5, 62, 123, 185
1121098.7.peg.952.site.6, 2, 123, 125
1121098.7.peg.952.site.7, 0, 123, 123
1121098.7.peg.952.site.8, 3, 122, 125
1121098.7.peg.952.site.9, 3, 121, 124
1121098.7.peg.952.site.10, 1, 123, 124
1121098.7.peg.952.site.11, 4, 123, 127
1121098.7.peg.952.site.12, 16, 123, 139
1121098.7.peg.952.site.13, 4, 123, 127
1121098.7.peg.952.site.14, 4, 123, 127
1121098.7.peg.952.site.15, 104, 122, 226
1121098.7.peg.952.site.16, 57, 121, 178
1121098.7.peg.952.site.17, 58, 122, 180
1121098.7.peg.952.site.18, 3, 123, 126
1121098.7.peg.952.site.19, 5, 123, 128
1121098.7.peg.952.site.20, 6, 123, 129
1121098.7.peg.953.site.1, 3, 122, 125
1121098.7.peg.953.site.2, 19, 120, 139
1121098.7.peg.953.site.3, 14, 122, 136
1121098.7.peg.953.site.4, 15, 123, 138
1121098.7.peg.953.site.5, 15, 123, 138
1121098.7.peg.953.site.6, 15, 123, 138
1121098.7.peg.953.site.7, 80, 122, 202
1121098.7.peg.953.site.8, 67, 122, 189
1121098.7.peg.953.site.9, 10, 122, 132
1121098.7.peg.953.site.10, 59, 121, 180
1121098.7.peg.953.site.11, 7, 122, 129
1121098.7.peg.953.site.12, 58, 123, 181
1121098.7.peg.953.site.13, 74, 122, 196
1121098.7.peg.953.site.14, 35, 122, 157
1121098.7.peg.953.site.15, 92, 122, 214
1121098.7.peg.953.site.16, 8, 123, 131
1121098.7.peg.953.site.17, 82, 123, 205
1121098.7.peg.953.site.18, 1, 121, 122
1121098.7.peg.953.site.19, 1, 120, 121
1121098.7.peg.953.site.20, 0, 121, 121
1121098.7.peg.953.site.21, 1, 123, 124
1121098.7.peg.953.site.22, 111, 123, 234
1121098.7.peg.953.site.23, 50, 123, 173
1121098.7.peg.953.site.24, 0, 123, 123
1121098.7.peg.953.site.25, 3, 31, 34
1121098.7.peg.2908.site.1, 21, 125, 146
1121098.7.peg.2908.site.2, 0, 126, 126
1121098.7.peg.2908.site.3, 0, 126, 126
1121098.7.peg.2908.site.4, 5, 126, 131
1121098.7.peg.1219.site.1, 2, 126, 128
1121098.7.peg.1219.site.2, 1, 125, 126
1121098.7.peg.1219.site.3, 1, 126, 127
1121098.7.peg.1219.site.4, 3, 125, 128
1121098.7.peg.1219.site.5, 0, 126, 126
1121098.7.peg.1219.site.6, 14, 126, 140
1121098.7.peg.1219.site.7, 24, 125, 149
1121098.7.peg.1219.site.8, 4, 126, 130
1121098.7.peg.1217.site.1, 0, 124, 124
1121098.7.peg.1217.site.2, 120, 124, 244
1121098.7.peg.1217.site.3, 38, 126, 164
1121098.7.peg.1217.site.4, 32, 126, 158
1121098.7.peg.1217.site.5, 38, 126, 164
1121098.7.peg.1217.site.6, 0, 125, 125
1121098.7.peg.2903.site.1, 0, 126, 126
1121098.7.peg.1215.site.1, 1, 126, 127
1121098.7.peg.1215.site.2, 122, 126, 248
1121098.7.peg.1215.site.3, 21, 125, 146
1121098.7.peg.1215.site.4, 35, 123, 158
1121098.7.peg.1215.site.5, 4, 123, 127
1121098.7.peg.1215.site.6, 0, 125, 125
1121098.7.peg.1215.site.7, 84, 126, 210
1121098.7.peg.1215.site.8, 0, 126, 126
1121098.7.peg.1215.site.9, 8, 125, 133
1121098.7.peg.1214.site.1, 12, 126, 138
1121098.7.peg.1214.site.2, 6, 126, 132
1121098.7.peg.1214.site.3, 0, 126, 126
1121098.7.peg.1214.site.4, 0, 126, 126
1121098.7.peg.1214.site.5, 1, 122, 123
1121098.7.peg.1214.site.6, 93, 126, 219
1121098.7.peg.1214.site.7, 38, 125, 163
1121098.7.peg.1214.site.8, 1, 126, 127
1121098.7.peg.1214.site.9, 38, 126, 164
1121098.7.peg.1214.site.10, 0, 125, 125
1121098.7.peg.1214.site.11, 17, 126, 143
1121098.7.peg.1214.site.12, 3, 126, 129
1121098.7.peg.1213.site.1, 6, 125, 131
1121098.7.peg.1213.site.2, 0, 126, 126
1121098.7.peg.1213.site.3, 2, 125, 127
1121098.7.peg.1213.site.4, 4, 126, 130
1121098.7.peg.1213.site.5, 0, 120, 120
1121098.7.peg.1213.site.6, 9, 126, 135
1121098.7.peg.1213.site.7, 4, 125, 129
1121098.7.peg.1213.site.8, 0, 126, 126
1121098.7.peg.1213.site.9, 20, 126, 146
1121098.7.peg.1213.site.10, 1, 126, 127
1121098.7.peg.1213.site.11, 17, 126, 143
1121098.7.peg.1213.site.12, 1, 126, 127
1121098.7.peg.1212.site.1, 41, 126, 167
1121098.7.peg.1212.site.2, 97, 124, 221
1121098.7.peg.1212.site.3, 1, 126, 127
1121098.7.peg.1212.site.4, 6, 126, 132
1121098.7.peg.1212.site.5, 12, 126, 138
1121098.7.peg.1212.site.6, 4, 126, 130
1121098.7.peg.1212.site.7, 0, 125, 125
1121098.7.peg.1212.site.8, 3, 126, 129
1121098.7.peg.1212.site.9, 3, 126, 129
1121098.7.peg.1212.site.10, 5, 125, 130
1121098.7.peg.1211.site.1, 12, 126, 138
1121098.7.peg.1211.site.2, 0, 126, 126
1121098.7.peg.1211.site.3, 4, 125, 129
1121098.7.peg.1211.site.4, 4, 126, 130
1121098.7.peg.1211.site.5, 19, 125, 144
1121098.7.peg.1211.site.6, 3, 125, 128
1121098.7.peg.1210.site.1, 42, 126, 168
1121098.7.peg.1210.site.2, 42, 126, 168
1121098.7.peg.3417.site.1, 0, 126, 126
1121098.7.peg.1103.site.1, 21, 123, 144
1121098.7.peg.1103.site.2, 0, 124, 124
1121098.7.peg.1103.site.3, 26, 124, 150
1121098.7.peg.1103.site.4, 1, 108, 109
1121098.7.peg.4422.site.1, 4, 123, 127
1121098.7.peg.4422.site.2, 4, 124, 128
1121098.7.peg.4422.site.3, 89, 125, 214
1121098.7.peg.4422.site.4, 4, 122, 126
1121098.7.peg.4422.site.5, 14, 125, 139
1121098.7.peg.4422.site.6, 0, 126, 126
1121098.7.peg.4422.site.7, 0, 126, 126
1121098.7.peg.4422.site.8, 5, 126, 131
1121098.7.peg.4422.site.9, 0, 126, 126
1121098.7.peg.4422.site.10, 59, 121, 180
1121098.7.peg.1101.site.1, 0, 124, 124
1121098.7.peg.1101.site.2, 24, 123, 147
1121098.7.peg.1101.site.3, 18, 124, 142
1121098.7.peg.1101.site.4, 0, 124, 124
1121098.7.peg.1101.site.5, 93, 123, 216
1121098.7.peg.1101.site.6, 109, 124, 233
1121098.7.peg.1101.site.7, 0, 122, 122
1121098.7.peg.1100.site.1, 3, 123, 126
1121098.7.peg.1100.site.2, 34, 123, 157
1121098.7.peg.1100.site.3, 2, 124, 126
1121098.7.peg.1100.site.4, 0, 124, 124
1121098.7.peg.1100.site.5, 0, 124, 124
1121098.7.peg.1100.site.6, 0, 124, 124
1121098.7.peg.1100.site.7, 7, 124, 131
1121098.7.peg.1100.site.8, 37, 122, 159
1121098.7.peg.1100.site.9, 65, 124, 189
1121098.7.peg.1100.site.10, 15, 124, 139
1121098.7.peg.1100.site.11, 0, 124, 124
1121098.7.peg.1100.site.12, 0, 124, 124
1121098.7.peg.1105.site.1, 0, 123, 123
1121098.7.peg.1105.site.2, 19, 123, 142
1121098.7.peg.1105.site.3, 1, 124, 125
1121098.7.peg.1105.site.4, 0, 124, 124
1121098.7.peg.1105.site.5, 104, 123, 227
1121098.7.peg.1105.site.6, 0, 124, 124
1121098.7.peg.1105.site.7, 0, 124, 124
1121098.7.peg.1105.site.8, 0, 124, 124
1121098.7.peg.1105.site.9, 0, 124, 124
1121098.7.peg.1105.site.10, 0, 123, 123
1121098.7.peg.1104.site.1, 1, 123, 124
1121098.7.peg.1104.site.2, 0, 123, 123
1121098.7.peg.1104.site.3, 0, 124, 124
1121098.7.peg.1104.site.4, 14, 123, 137
1121098.7.peg.1104.site.5, 61, 123, 184
1121098.7.peg.1104.site.6, 111, 124, 235
1121098.7.peg.1104.site.7, 17, 123, 140
1121098.7.peg.1104.site.8, 3, 124, 127
1121098.7.peg.1104.site.9, 53, 124, 177
1121098.7.peg.1104.site.10, 14, 124, 138
1121098.7.peg.1104.site.11, 53, 124, 177
1121098.7.peg.3415.site.1, 1, 126, 127
1121098.7.peg.3415.site.2, 8, 126, 134
1121098.7.peg.3415.site.3, 6, 126, 132
1121098.7.peg.3415.site.4, 4, 126, 130
1121098.7.peg.3415.site.5, 12, 125, 137
1121098.7.peg.3415.site.6, 2, 124, 126
1121098.7.peg.3415.site.7, 0, 125, 125
1121098.7.peg.3415.site.8, 0, 126, 126
1121098.7.peg.3415.site.9, 1, 125, 126
1121098.7.peg.3415.site.10, 1, 126, 127
1121098.7.peg.3415.site.11, 28, 125, 153
1121098.7.peg.3077.site.1, 82, 126, 208
1121098.7.peg.3077.site.2, 4, 126, 130
1121098.7.peg.3077.site.3, 2, 126, 128
1121098.7.peg.3077.site.4, 83, 125, 208
1121098.7.peg.3077.site.5, 20, 125, 145
1121098.7.peg.3077.site.6, 0, 126, 126
1121098.7.peg.3077.site.7, 21, 125, 146
1121098.7.peg.3077.site.8, 6, 126, 132
1121098.7.peg.3077.site.9, 0, 126, 126
1121098.7.peg.3077.site.10, 88, 126, 214
1121098.7.peg.3077.site.11, 8, 126, 134
1121098.7.peg.3077.site.12, 18, 125, 143
1121098.7.peg.3077.site.13, 106, 125, 231
1121098.7.peg.3077.site.14, 0, 126, 126
1121098.7.peg.3077.site.15, 24, 125, 149
1121098.7.peg.3077.site.16, 0, 126, 126
1121098.7.peg.3077.site.17, 24, 125, 149
1121098.7.peg.3077.site.18, 4, 126, 130
1121098.7.peg.3077.site.19, 0, 126, 126
1121098.7.peg.3077.site.20, 0, 126, 126
1121098.7.peg.3077.site.21, 0, 126, 126
1121098.7.peg.3414.site.1, 10, 126, 136
1121098.7.peg.3414.site.2, 9, 126, 135
1121098.7.peg.2618.site.1, 4, 126, 130
1121098.7.peg.2618.site.2, 4, 126, 130
1121098.7.peg.2618.site.3, 1, 126, 127
1121098.7.peg.2618.site.4, 62, 126, 188
1121098.7.peg.2618.site.5, 0, 124, 124
1121098.7.peg.2618.site.6, 69, 126, 195
1121098.7.peg.2619.site.1, 6, 126, 132
1121098.7.peg.2619.site.2, 114, 125, 239
1121098.7.peg.2619.site.3, 55, 125, 180
1121098.7.peg.2619.site.4, 1, 121, 122
1121098.7.peg.2616.site.1, 4, 126, 130
1121098.7.peg.2616.site.2, 81, 125, 206
1121098.7.peg.2616.site.3, 0, 126, 126
1121098.7.peg.2616.site.4, 0, 126, 126
1121098.7.peg.2616.site.5, 0, 126, 126
1121098.7.peg.2616.site.6, 0, 125, 125
1121098.7.peg.2616.site.7, 1, 125, 126
1121098.7.peg.2616.site.8, 0, 126, 126
1121098.7.peg.2616.site.9, 4, 126, 130
1121098.7.peg.2616.site.10, 0, 125, 125
1121098.7.peg.2616.site.11, 94, 116, 210
1121098.7.peg.2616.site.12, 0, 126, 126
1121098.7.peg.2616.site.13, 0, 125, 125
1121098.7.peg.2616.site.14, 0, 126, 126
1121098.7.peg.2616.site.15, 115, 126, 241
1121098.7.peg.2616.site.16, 0, 126, 126
1121098.7.peg.2616.site.17, 4, 125, 129
1121098.7.peg.2616.site.18, 0, 126, 126
1121098.7.peg.2616.site.19, 4, 126, 130
1121098.7.peg.2616.site.20, 3, 126, 129
1121098.7.peg.2616.site.21, 30, 125, 155
1121098.7.peg.2617.site.1, 1, 126, 127
1121098.7.peg.2617.site.2, 12, 126, 138
1121098.7.peg.2617.site.3, 3, 126, 129
1121098.7.peg.2617.site.4, 0, 126, 126
1121098.7.peg.2617.site.5, 44, 126, 170
1121098.7.peg.2617.site.6, 0, 126, 126
1121098.7.peg.2614.site.1, 8, 126, 134
1121098.7.peg.2615.site.1, 0, 126, 126
1121098.7.peg.2615.site.2, 0, 126, 126
1121098.7.peg.2615.site.3, 6, 125, 131
1121098.7.peg.2615.site.4, 49, 124, 173
1121098.7.peg.2615.site.5, 0, 126, 126
1121098.7.peg.2613.site.1, 1, 126, 127
1121098.7.peg.2613.site.2, 0, 126, 126
1121098.7.peg.2613.site.3, 0, 126, 126
1121098.7.peg.2611.site.1, 1, 125, 126
1121098.7.peg.2611.site.2, 3, 126, 129
1121098.7.peg.2611.site.3, 2, 126, 128
1121098.7.peg.2611.site.4, 120, 126, 246
1121098.7.peg.2611.site.5, 0, 126, 126
1121098.7.peg.2611.site.6, 0, 126, 126
1121098.7.peg.2611.site.7, 4, 126, 130
1121098.7.peg.2611.site.8, 1, 126, 127
1121098.7.peg.2611.site.9, 1, 126, 127
1121098.7.peg.2611.site.10, 95, 126, 221
1121098.7.peg.2611.site.11, 3, 126, 129
1121098.7.peg.2611.site.12, 2, 126, 128
1121098.7.peg.2611.site.13, 4, 126, 130
1121098.7.peg.2611.site.14, 5, 126, 131
1121098.7.peg.3759.site.1, 3, 126, 129
1121098.7.peg.3759.site.2, 0, 126, 126
1121098.7.peg.3759.site.3, 12, 126, 138
1121098.7.peg.3759.site.4, 4, 126, 130
1121098.7.peg.3759.site.5, 10, 126, 136
1121098.7.peg.3759.site.6, 64, 126, 190
1121098.7.peg.3759.site.7, 12, 126, 138
1121098.7.peg.3759.site.8, 1, 124, 125
1121098.7.peg.3759.site.9, 16, 42, 58
1121098.7.peg.3759.site.10, 10, 54, 64
1121098.7.peg.3759.site.11, 11, 72, 83
1121098.7.peg.3759.site.12, 3, 126, 129
1121098.7.peg.3759.site.13, 60, 126, 186
1121098.7.peg.3759.site.14, 0, 126, 126
1121098.7.peg.3759.site.15, 39, 125, 164
1121098.7.peg.3759.site.16, 59, 126, 185
1121098.7.peg.3759.site.17, 4, 103, 107
1121098.7.peg.3759.site.18, 2, 94, 96
1121098.7.peg.3759.site.19, 1, 94, 95
1121098.7.peg.3759.site.20, 5, 94, 99
1121098.7.peg.3759.site.21, 0, 94, 94
1121098.7.peg.3759.site.22, 1, 93, 94
1121098.7.peg.3759.site.23, 0, 41, 41
1121098.7.peg.3759.site.24, 15, 45, 60
1121098.7.peg.3759.site.25, 1, 77, 78
1121098.7.peg.3759.site.26, 2, 112, 114
1121098.7.peg.3759.site.27, 4, 126, 130
1121098.7.peg.3759.site.28, 0, 126, 126
1121098.7.peg.3759.site.29, 63, 124, 187
1121098.7.peg.3759.site.30, 0, 124, 124
1121098.7.peg.3759.site.31, 8, 125, 133
1121098.7.peg.3759.site.32, 16, 125, 141
1121098.7.peg.3759.site.33, 2, 126, 128
1121098.7.peg.3759.site.34, 53, 126, 179
1121098.7.peg.3759.site.35, 0, 126, 126
1121098.7.peg.3759.site.36, 97, 125, 222
1121098.7.peg.3759.site.37, 0, 125, 125
1121098.7.peg.23.site.1, 7, 126, 133
1121098.7.peg.23.site.2, 30, 126, 156
1121098.7.peg.23.site.3, 3, 126, 129
1121098.7.peg.23.site.4, 1, 125, 126
1121098.7.peg.23.site.5, 2, 125, 127
1121098.7.peg.23.site.6, 0, 125, 125
1121098.7.peg.23.site.7, 0, 125, 125
1121098.7.peg.23.site.8, 0, 126, 126
1121098.7.peg.23.site.9, 2, 126, 128
1121098.7.peg.23.site.10, 1, 125, 126
1121098.7.peg.23.site.11, 1, 126, 127
1121098.7.peg.23.site.12, 1, 126, 127
1121098.7.peg.23.site.13, 55, 126, 181
1121098.7.peg.3413.site.1, 0, 125, 125
1121098.7.peg.3413.site.2, 0, 125, 125
1121098.7.peg.3413.site.3, 12, 126, 138
1121098.7.peg.3413.site.4, 0, 126, 126
1121098.7.peg.2722.site.1, 15, 126, 141
1121098.7.peg.2722.site.2, 2, 126, 128
1121098.7.peg.2723.site.1, 6, 126, 132
1121098.7.peg.2723.site.2, 13, 125, 138
1121098.7.peg.2720.site.1, 0, 126, 126
1121098.7.peg.2720.site.2, 18, 124, 142
1121098.7.peg.2720.site.3, 18, 125, 143
1121098.7.peg.2720.site.4, 0, 125, 125
1121098.7.peg.2720.site.5, 4, 125, 129
1121098.7.peg.2720.site.6, 0, 124, 124
1121098.7.peg.2720.site.7, 0, 125, 125
1121098.7.peg.2720.site.8, 52, 125, 177
1121098.7.peg.2720.site.9, 5, 126, 131
1121098.7.peg.2720.site.10, 3, 126, 129
1121098.7.peg.2720.site.11, 119, 126, 245
1121098.7.peg.2720.site.12, 0, 126, 126
1121098.7.peg.2720.site.13, 0, 126, 126
1121098.7.peg.2720.site.14, 0, 125, 125
1121098.7.peg.2720.site.15, 3, 126, 129
1121098.7.peg.2720.site.16, 14, 126, 140
1121098.7.peg.2720.site.17, 15, 126, 141
1121098.7.peg.2720.site.18, 6, 125, 131
1121098.7.peg.2721.site.1, 2, 126, 128
1121098.7.peg.2721.site.2, 1, 126, 127
1121098.7.peg.2721.site.3, 6, 126, 132
1121098.7.peg.2721.site.4, 5, 126, 131
1121098.7.peg.2721.site.5, 19, 126, 145
1121098.7.peg.2721.site.6, 8, 126, 134
1121098.7.peg.2721.site.7, 43, 126, 169
1121098.7.peg.2721.site.8, 0, 126, 126
1121098.7.peg.2721.site.9, 1, 126, 127
1121098.7.peg.2721.site.10, 1, 126, 127
1121098.7.peg.2726.site.1, 6, 126, 132
1121098.7.peg.2726.site.2, 18, 126, 144
1121098.7.peg.2726.site.3, 0, 126, 126
1121098.7.peg.2726.site.4, 11, 125, 136
1121098.7.peg.2726.site.5, 0, 126, 126
1121098.7.peg.2727.site.1, 3, 126, 129
1121098.7.peg.2727.site.2, 2, 126, 128
1121098.7.peg.2727.site.3, 122, 126, 248
1121098.7.peg.2727.site.4, 3, 126, 129
1121098.7.peg.2724.site.1, 93, 126, 219
1121098.7.peg.2724.site.2, 1, 125, 126
1121098.7.peg.2724.site.3, 0, 126, 126
1121098.7.peg.2724.site.4, 103, 126, 229
1121098.7.peg.2724.site.5, 4, 126, 130
1121098.7.peg.2724.site.6, 1, 123, 124
1121098.7.peg.2724.site.7, 20, 125, 145
1121098.7.peg.2724.site.8, 2, 126, 128
1121098.7.peg.2724.site.9, 0, 126, 126
1121098.7.peg.2724.site.10, 0, 125, 125
1121098.7.peg.2725.site.1, 1, 126, 127
1121098.7.peg.2725.site.2, 10, 125, 135
1121098.7.peg.2725.site.3, 0, 126, 126
1121098.7.peg.2725.site.4, 0, 126, 126
1121098.7.peg.2725.site.5, 7, 126, 133
1121098.7.peg.2725.site.6, 7, 125, 132
1121098.7.peg.2725.site.7, 120, 126, 246
1121098.7.peg.2725.site.8, 0, 126, 126
1121098.7.peg.2725.site.9, 0, 126, 126
1121098.7.peg.2725.site.10, 4, 126, 130
1121098.7.peg.2725.site.11, 27, 126, 153
1121098.7.peg.2725.site.12, 8, 126, 134
1121098.7.peg.2729.site.1, 97, 126, 223
1121098.7.peg.2729.site.2, 103, 126, 229
1121098.7.peg.2729.site.3, 0, 126, 126
1121098.7.peg.2729.site.4, 1, 126, 127
1121098.7.peg.2729.site.5, 1, 126, 127
1121098.7.peg.2729.site.6, 66, 125, 191
1121098.7.peg.4466.site.1, 4, 35, 39
1121098.7.peg.4466.site.2, 0, 25, 25
1121098.7.peg.4466.site.3, 2, 23, 25
1121098.7.peg.4466.site.4, 2, 19, 21
1121098.7.peg.4466.site.5, 1, 41, 42
1121098.7.peg.4466.site.6, 42, 85, 127
1121098.7.peg.4466.site.7, 0, 113, 113
1121098.7.peg.4466.site.8, 0, 112, 112
1121098.7.peg.2261.site.1, 60, 125, 185
1121098.7.peg.2261.site.2, 56, 121, 177
1121098.7.peg.2260.site.1, 77, 126, 203
1121098.7.peg.2260.site.2, 6, 125, 131
1121098.7.peg.2260.site.3, 2, 120, 122
1121098.7.peg.2260.site.4, 55, 119, 174
1121098.7.peg.2260.site.5, 0, 70, 70
1121098.7.peg.1969.site.1, 0, 126, 126
1121098.7.peg.1969.site.2, 0, 126, 126
1121098.7.peg.1968.site.1, 0, 126, 126
1121098.7.peg.1968.site.2, 12, 125, 137
1121098.7.peg.3059.site.1, 49, 126, 175
1121098.7.peg.3059.site.2, 69, 126, 195
1121098.7.peg.3059.site.3, 0, 125, 125
1121098.7.peg.3059.site.4, 12, 126, 138
1121098.7.peg.3059.site.5, 33, 125, 158
1121098.7.peg.3059.site.6, 0, 126, 126
1121098.7.peg.3059.site.7, 0, 126, 126
1121098.7.peg.3059.site.8, 52, 126, 178
1121098.7.peg.3059.site.9, 0, 126, 126
1121098.7.peg.3059.site.10, 1, 125, 126
1121098.7.peg.3059.site.11, 0, 126, 126
1121098.7.peg.3059.site.12, 49, 126, 175
1121098.7.peg.3059.site.13, 0, 126, 126
1121098.7.peg.3059.site.14, 10, 124, 134
1121098.7.peg.1965.site.1, 0, 126, 126
1121098.7.peg.1965.site.2, 8, 126, 134
1121098.7.peg.1965.site.3, 12, 126, 138
1121098.7.peg.1964.site.1, 0, 126, 126
1121098.7.peg.1964.site.2, 29, 124, 153
1121098.7.peg.1967.site.1, 0, 122, 122
1121098.7.peg.1967.site.2, 0, 126, 126
1121098.7.peg.1967.site.3, 4, 126, 130
1121098.7.peg.1967.site.4, 0, 125, 125
1121098.7.peg.1966.site.1, 0, 125, 125
1121098.7.peg.1966.site.2, 0, 125, 125
1121098.7.peg.1966.site.3, 58, 125, 183
1121098.7.peg.1966.site.4, 5, 126, 131
1121098.7.peg.1961.site.1, 0, 126, 126
1121098.7.peg.1961.site.2, 13, 126, 139
1121098.7.peg.1961.site.3, 0, 126, 126
1121098.7.peg.1961.site.4, 1, 126, 127
1121098.7.peg.1961.site.5, 0, 126, 126
1121098.7.peg.1961.site.6, 61, 126, 187
1121098.7.peg.1961.site.7, 0, 126, 126
1121098.7.peg.1961.site.8, 0, 126, 126
1121098.7.peg.1961.site.9, 62, 126, 188
1121098.7.peg.1961.site.10, 7, 125, 132
1121098.7.peg.1961.site.11, 10, 126, 136
1121098.7.peg.1960.site.1, 1, 126, 127
1121098.7.peg.1960.site.2, 12, 126, 138
1121098.7.peg.1960.site.3, 65, 126, 191
1121098.7.peg.1960.site.4, 0, 126, 126
1121098.7.peg.1960.site.5, 2, 126, 128
1121098.7.peg.1960.site.6, 43, 125, 168
1121098.7.peg.1960.site.7, 1, 126, 127
1121098.7.peg.1960.site.8, 0, 126, 126
1121098.7.peg.1960.site.9, 52, 126, 178
1121098.7.peg.1960.site.10, 15, 125, 140
1121098.7.peg.1963.site.1, 0, 126, 126
1121098.7.peg.1963.site.2, 1, 126, 127
1121098.7.peg.1963.site.3, 18, 125, 143
1121098.7.peg.1963.site.4, 12, 126, 138
1121098.7.peg.1963.site.5, 119, 125, 244
1121098.7.peg.1963.site.6, 12, 126, 138
1121098.7.peg.1963.site.7, 18, 126, 144
1121098.7.peg.1963.site.8, 12, 126, 138
1121098.7.peg.1963.site.9, 0, 126, 126
1121098.7.peg.1963.site.10, 0, 126, 126
1121098.7.peg.1963.site.11, 52, 126, 178
1121098.7.peg.1963.site.12, 7, 126, 133
1121098.7.peg.1963.site.13, 0, 126, 126
1121098.7.peg.1962.site.1, 0, 126, 126
1121098.7.peg.1962.site.2, 122, 126, 248
1121098.7.peg.1962.site.3, 7, 125, 132
1121098.7.peg.1962.site.4, 0, 126, 126
1121098.7.peg.1962.site.5, 0, 126, 126
1121098.7.peg.1962.site.6, 59, 125, 184
1121098.7.peg.1962.site.7, 7, 125, 132
1121098.7.peg.1962.site.8, 0, 126, 126
1121098.7.peg.1962.site.9, 0, 126, 126
1121098.7.peg.1962.site.10, 2, 126, 128
1121098.7.peg.1962.site.11, 0, 126, 126
1121098.7.peg.1962.site.12, 0, 126, 126
1121098.7.peg.1962.site.13, 2, 126, 128
1121098.7.peg.1962.site.14, 7, 125, 132
1121098.7.peg.3410.site.1, 3, 125, 128
1121098.7.peg.3410.site.2, 114, 125, 239
1121098.7.peg.3410.site.3, 52, 126, 178
1121098.7.peg.3410.site.4, 99, 126, 225
1121098.7.peg.3410.site.5, 4, 126, 130
1121098.7.peg.3410.site.6, 4, 126, 130
1121098.7.peg.1811.site.1, 108, 126, 234
1121098.7.peg.1811.site.2, 5, 126, 131
1121098.7.peg.1811.site.3, 0, 126, 126
1121098.7.peg.1813.site.1, 0, 126, 126
1121098.7.peg.1813.site.2, 0, 126, 126
1121098.7.peg.1813.site.3, 0, 126, 126
1121098.7.peg.1812.site.1, 0, 125, 125
1121098.7.peg.1812.site.2, 1, 126, 127
1121098.7.peg.1812.site.3, 46, 126, 172
1121098.7.peg.1812.site.4, 122, 126, 248
1121098.7.peg.1812.site.5, 17, 125, 142
1121098.7.peg.1812.site.6, 104, 126, 230
1121098.7.peg.1812.site.7, 12, 126, 138
1121098.7.peg.1812.site.8, 8, 126, 134
1121098.7.peg.1812.site.9, 6, 126, 132
1121098.7.peg.1812.site.10, 1, 126, 127
1121098.7.peg.1812.site.11, 1, 126, 127
1121098.7.peg.1812.site.12, 7, 126, 133
1121098.7.peg.1812.site.13, 112, 126, 238
1121098.7.peg.1812.site.14, 1, 126, 127
1121098.7.peg.1812.site.15, 99, 124, 223
1121098.7.peg.1812.site.16, 113, 126, 239
1121098.7.peg.1812.site.17, 0, 123, 123
1121098.7.peg.1812.site.18, 3, 124, 127
1121098.7.peg.1812.site.19, 0, 125, 125
1121098.7.peg.1814.site.1, 0, 126, 126
1121098.7.peg.1814.site.2, 6, 126, 132
1121098.7.peg.1814.site.3, 5, 126, 131
1121098.7.peg.1814.site.4, 3, 125, 128
1121098.7.peg.1814.site.5, 85, 125, 210
1121098.7.peg.1814.site.6, 7, 125, 132
1121098.7.peg.1814.site.7, 5, 126, 131
1121098.7.peg.1814.site.8, 2, 126, 128
1121098.7.peg.1814.site.9, 56, 126, 182
1121098.7.peg.1814.site.10, 59, 126, 185
1121098.7.peg.1814.site.11, 2, 126, 128
1121098.7.peg.1814.site.12, 4, 126, 130
1121098.7.peg.1814.site.13, 0, 126, 126
1121098.7.peg.1814.site.14, 18, 125, 143
1121098.7.peg.1814.site.15, 63, 124, 187
1121098.7.peg.1817.site.1, 55, 126, 181
1121098.7.peg.1817.site.2, 0, 126, 126
1121098.7.peg.1817.site.3, 1, 125, 126
1121098.7.peg.1817.site.4, 25, 125, 150
1121098.7.peg.1817.site.5, 2, 125, 127
1121098.7.peg.1817.site.6, 51, 126, 177
1121098.7.peg.1817.site.7, 13, 126, 139
1121098.7.peg.1817.site.8, 4, 126, 130
1121098.7.peg.1817.site.9, 12, 126, 138
1121098.7.peg.1817.site.10, 59, 122, 181
1121098.7.peg.1817.site.11, 31, 125, 156
1121098.7.peg.1817.site.12, 13, 126, 139
1121098.7.peg.1817.site.13, 7, 126, 133
1121098.7.peg.1817.site.14, 90, 125, 215
1121098.7.peg.1816.site.1, 2, 126, 128
1121098.7.peg.1816.site.2, 0, 126, 126
1121098.7.peg.1816.site.3, 5, 125, 130
1121098.7.peg.1816.site.4, 0, 126, 126
1121098.7.peg.1819.site.1, 0, 124, 124
1121098.7.peg.1819.site.2, 3, 126, 129
1121098.7.peg.1819.site.3, 27, 126, 153
1121098.7.peg.1819.site.4, 0, 126, 126
1121098.7.peg.1819.site.5, 0, 125, 125
1121098.7.peg.1819.site.6, 4, 125, 129
1121098.7.peg.1819.site.7, 3, 125, 128
1121098.7.peg.1819.site.8, 56, 126, 182
1121098.7.peg.1819.site.9, 105, 126, 231
1121098.7.peg.1819.site.10, 35, 125, 160
1121098.7.peg.1819.site.11, 3, 126, 129
1121098.7.peg.1819.site.12, 50, 126, 176
1121098.7.peg.1819.site.13, 8, 125, 133
1121098.7.peg.1819.site.14, 60, 125, 185
1121098.7.peg.1819.site.15, 8, 125, 133
1121098.7.peg.1819.site.16, 2, 125, 127
1121098.7.peg.1819.site.17, 2, 124, 126
1121098.7.peg.1819.site.18, 2, 124, 126
1121098.7.peg.1819.site.19, 3, 124, 127
1121098.7.peg.1819.site.20, 3, 126, 129
1121098.7.peg.1819.site.21, 2, 126, 128
1121098.7.peg.1819.site.22, 70, 126, 196
1121098.7.peg.1819.site.23, 53, 126, 179
1121098.7.peg.1818.site.1, 3, 126, 129
1121098.7.peg.1818.site.2, 3, 126, 129
1121098.7.peg.1818.site.3, 0, 126, 126
1121098.7.peg.1818.site.4, 4, 126, 130
1121098.7.peg.1818.site.5, 16, 87, 103
1121098.7.peg.1818.site.6, 4, 75, 79
1121098.7.peg.1818.site.7, 6, 70, 76
1121098.7.peg.1818.site.8, 6, 70, 76
1121098.7.peg.1818.site.9, 1, 69, 70
1121098.7.peg.1818.site.10, 2, 71, 73
1121098.7.peg.1818.site.11, 8, 77, 85
1121098.7.peg.1818.site.12, 19, 85, 104
1121098.7.peg.1818.site.13, 11, 119, 130
1121098.7.peg.1818.site.14, 1, 126, 127
1121098.7.peg.2982.site.1, 1, 126, 127
1121098.7.peg.2982.site.2, 1, 126, 127
1121098.7.peg.2982.site.3, 0, 126, 126
1121098.7.peg.2982.site.4, 6, 126, 132
1121098.7.peg.2982.site.5, 0, 126, 126
1121098.7.peg.2982.site.6, 1, 126, 127
1121098.7.peg.2982.site.7, 16, 125, 141
1121098.7.peg.2982.site.8, 4, 126, 130
1121098.7.peg.2982.site.9, 1, 126, 127
1121098.7.peg.2599.site.1, 0, 125, 125
1121098.7.peg.2599.site.2, 12, 126, 138
1121098.7.peg.2599.site.3, 0, 126, 126
1121098.7.peg.2599.site.4, 0, 126, 126
1121098.7.peg.2599.site.5, 1, 125, 126
1121098.7.peg.2599.site.6, 50, 126, 176
1121098.7.peg.2599.site.7, 1, 125, 126
1121098.7.peg.2599.site.8, 9, 126, 135
1121098.7.peg.2599.site.9, 53, 126, 179
1121098.7.peg.2599.site.10, 9, 126, 135
1121098.7.peg.2599.site.11, 0, 126, 126
1121098.7.peg.2599.site.12, 0, 125, 125
1121098.7.peg.2599.site.13, 0, 126, 126
1121098.7.peg.2599.site.14, 113, 126, 239
1121098.7.peg.2599.site.15, 111, 124, 235
1121098.7.peg.2598.site.1, 1, 125, 126
1121098.7.peg.2598.site.2, 54, 125, 179
1121098.7.peg.2598.site.3, 0, 126, 126
1121098.7.peg.2598.site.4, 1, 126, 127
1121098.7.peg.2598.site.5, 0, 126, 126
1121098.7.peg.2983.site.1, 0, 126, 126
1121098.7.peg.2983.site.2, 0, 126, 126
1121098.7.peg.2983.site.3, 59, 126, 185
1121098.7.peg.2983.site.4, 1, 126, 127
1121098.7.peg.2983.site.5, 52, 126, 178
1121098.7.peg.2983.site.6, 40, 125, 165
1121098.7.peg.2983.site.7, 62, 126, 188
1121098.7.peg.2983.site.8, 62, 125, 187
1121098.7.peg.2983.site.9, 16, 126, 142
1121098.7.peg.2983.site.10, 2, 126, 128
1121098.7.peg.2983.site.11, 19, 125, 144
1121098.7.peg.2983.site.12, 0, 126, 126
1121098.7.peg.2983.site.13, 4, 126, 130
1121098.7.peg.2983.site.14, 1, 126, 127
1121098.7.peg.2983.site.15, 51, 123, 174
1121098.7.peg.2595.site.1, 0, 126, 126
1121098.7.peg.2595.site.2, 91, 126, 217
1121098.7.peg.2595.site.3, 16, 125, 141
1121098.7.peg.2595.site.4, 64, 125, 189
1121098.7.peg.2595.site.5, 121, 125, 246
1121098.7.peg.2595.site.6, 0, 125, 125
1121098.7.peg.2597.site.1, 12, 126, 138
1121098.7.peg.2597.site.2, 0, 126, 126
1121098.7.peg.2597.site.3, 3, 125, 128
1121098.7.peg.2597.site.4, 16, 126, 142
1121098.7.peg.2597.site.5, 16, 126, 142
1121098.7.peg.2597.site.6, 49, 126, 175
1121098.7.peg.2596.site.1, 11, 126, 137
1121098.7.peg.2596.site.2, 0, 125, 125
1121098.7.peg.2596.site.3, 2, 125, 127
1121098.7.peg.2596.site.4, 13, 126, 139
1121098.7.peg.2591.site.1, 119, 123, 242
1121098.7.peg.2980.site.1, 67, 125, 192
1121098.7.peg.2980.site.2, 14, 125, 139
1121098.7.peg.2593.site.1, 12, 122, 134
1121098.7.peg.2593.site.2, 0, 119, 119
1121098.7.peg.2593.site.3, 0, 126, 126
1121098.7.peg.2593.site.4, 1, 126, 127
1121098.7.peg.2593.site.5, 122, 126, 248
1121098.7.peg.2593.site.6, 64, 126, 190
1121098.7.peg.2593.site.7, 2, 126, 128
1121098.7.peg.2593.site.8, 0, 126, 126
1121098.7.peg.2593.site.9, 1, 125, 126
1121098.7.peg.2593.site.10, 1, 125, 126
1121098.7.peg.2593.site.11, 1, 125, 126
1121098.7.peg.2593.site.12, 1, 126, 127
1121098.7.peg.2593.site.13, 0, 125, 125
1121098.7.peg.2593.site.14, 8, 124, 132
1121098.7.peg.2593.site.15, 52, 125, 177
1121098.7.peg.2593.site.16, 2, 125, 127
1121098.7.peg.2593.site.17, 1, 126, 127
1121098.7.peg.2593.site.18, 0, 126, 126
1121098.7.peg.2593.site.19, 59, 126, 185
1121098.7.peg.2593.site.20, 26, 126, 152
1121098.7.peg.2593.site.21, 0, 126, 126
1121098.7.peg.2593.site.22, 0, 126, 126
1121098.7.peg.2593.site.23, 28, 126, 154
1121098.7.peg.2592.site.1, 2, 123, 125
1121098.7.peg.2592.site.2, 0, 123, 123
1121098.7.peg.2592.site.3, 1, 123, 124
1121098.7.peg.2592.site.4, 1, 123, 124
1121098.7.peg.2592.site.5, 5, 121, 126
1121098.7.peg.2592.site.6, 1, 122, 123
1121098.7.peg.639.site.1, 81, 126, 207
1121098.7.peg.639.site.2, 0, 126, 126
1121098.7.peg.639.site.3, 4, 126, 130
1121098.7.peg.639.site.4, 122, 126, 248
1121098.7.peg.639.site.5, 0, 126, 126
1121098.7.peg.639.site.6, 1, 125, 126
1121098.7.peg.639.site.7, 78, 125, 203
1121098.7.peg.639.site.8, 12, 126, 138
1121098.7.peg.639.site.9, 0, 126, 126
1121098.7.peg.639.site.10, 3, 126, 129
1121098.7.peg.639.site.11, 0, 126, 126
1121098.7.peg.639.site.12, 56, 126, 182
1121098.7.peg.639.site.13, 24, 126, 150
1121098.7.peg.639.site.14, 55, 126, 181
1121098.7.peg.639.site.15, 40, 124, 164
1121098.7.peg.638.site.1, 0, 126, 126
1121098.7.peg.638.site.2, 14, 126, 140
1121098.7.peg.638.site.3, 79, 126, 205
1121098.7.peg.3189.site.1, 65, 116, 181
1121098.7.peg.3189.site.2, 0, 121, 121
1121098.7.peg.3188.site.1, 0, 126, 126
1121098.7.peg.3188.site.2, 63, 126, 189
1121098.7.peg.3188.site.3, 63, 126, 189
1121098.7.peg.3188.site.4, 0, 126, 126
1121098.7.peg.3188.site.5, 2, 126, 128
1121098.7.peg.3188.site.6, 61, 126, 187
1121098.7.peg.3188.site.7, 1, 126, 127
1121098.7.peg.3188.site.8, 64, 126, 190
1121098.7.peg.3188.site.9, 1, 126, 127
1121098.7.peg.3188.site.10, 0, 126, 126
1121098.7.peg.3188.site.11, 54, 126, 180
1121098.7.peg.3188.site.12, 4, 126, 130
1121098.7.peg.3188.site.13, 3, 126, 129
1121098.7.peg.3188.site.14, 63, 124, 187
1121098.7.peg.633.site.1, 4, 126, 130
1121098.7.peg.633.site.2, 0, 125, 125
1121098.7.peg.633.site.3, 0, 126, 126
1121098.7.peg.633.site.4, 0, 126, 126
1121098.7.peg.633.site.5, 0, 126, 126
1121098.7.peg.632.site.1, 4, 126, 130
1121098.7.peg.632.site.2, 55, 126, 181
1121098.7.peg.632.site.3, 59, 126, 185
1121098.7.peg.632.site.4, 0, 126, 126
1121098.7.peg.632.site.5, 3, 126, 129
1121098.7.peg.632.site.6, 11, 126, 137
1121098.7.peg.632.site.7, 4, 126, 130
1121098.7.peg.632.site.8, 33, 126, 159
1121098.7.peg.632.site.9, 119, 126, 245
1121098.7.peg.632.site.10, 1, 126, 127
1121098.7.peg.632.site.11, 0, 126, 126
1121098.7.peg.631.site.1, 55, 126, 181
1121098.7.peg.631.site.2, 0, 126, 126
1121098.7.peg.631.site.3, 0, 126, 126
1121098.7.peg.631.site.4, 61, 126, 187
1121098.7.peg.631.site.5, 0, 126, 126
1121098.7.peg.630.site.1, 0, 125, 125
1121098.7.peg.630.site.2, 0, 126, 126
1121098.7.peg.637.site.1, 0, 126, 126
1121098.7.peg.637.site.2, 0, 126, 126
1121098.7.peg.637.site.3, 59, 125, 184
1121098.7.peg.637.site.4, 0, 126, 126
1121098.7.peg.637.site.5, 0, 126, 126
1121098.7.peg.637.site.6, 12, 124, 136
1121098.7.peg.637.site.7, 1, 125, 126
1121098.7.peg.637.site.8, 8, 126, 134
1121098.7.peg.637.site.9, 10, 126, 136
1121098.7.peg.637.site.10, 1, 125, 126
1121098.7.peg.637.site.11, 56, 126, 182
1121098.7.peg.637.site.12, 0, 126, 126
1121098.7.peg.637.site.13, 9, 125, 134
1121098.7.peg.637.site.14, 12, 124, 136
1121098.7.peg.637.site.15, 52, 126, 178
1121098.7.peg.637.site.16, 0, 126, 126
1121098.7.peg.637.site.17, 0, 126, 126
1121098.7.peg.636.site.1, 0, 126, 126
1121098.7.peg.636.site.2, 12, 125, 137
1121098.7.peg.636.site.3, 0, 125, 125
1121098.7.peg.636.site.4, 0, 126, 126
1121098.7.peg.635.site.1, 0, 125, 125
1121098.7.peg.635.site.2, 1, 125, 126
1121098.7.peg.635.site.3, 9, 125, 134
1121098.7.peg.635.site.4, 117, 126, 243
1121098.7.peg.2987.site.1, 0, 126, 126
1121098.7.peg.2987.site.2, 0, 126, 126
1121098.7.peg.2987.site.3, 4, 126, 130
1121098.7.peg.2987.site.4, 2, 125, 127
1121098.7.peg.2987.site.5, 75, 126, 201
1121098.7.peg.3237.site.1, 65, 126, 191
1121098.7.peg.3237.site.2, 29, 126, 155
1121098.7.peg.3237.site.3, 65, 126, 191
1121098.7.peg.3237.site.4, 0, 126, 126
1121098.7.peg.3237.site.5, 54, 126, 180
1121098.7.peg.3237.site.6, 64, 125, 189
1121098.7.peg.3237.site.7, 62, 125, 187
1121098.7.peg.3237.site.8, 102, 125, 227
1121098.7.peg.3237.site.9, 63, 126, 189
1121098.7.peg.3237.site.10, 18, 123, 141
1121098.7.peg.3237.site.11, 1, 126, 127
1121098.7.peg.3237.site.12, 64, 126, 190
1121098.7.peg.3237.site.13, 65, 126, 191
1121098.7.peg.3237.site.14, 65, 126, 191
1121098.7.peg.3237.site.15, 65, 126, 191
1121098.7.peg.3237.site.16, 42, 124, 166
1121098.7.peg.3237.site.17, 0, 126, 126
1121098.7.peg.3237.site.18, 56, 126, 182
1121098.7.peg.3237.site.19, 0, 126, 126
1121098.7.peg.3237.site.20, 0, 125, 125
1121098.7.peg.3237.site.21, 24, 126, 150
1121098.7.peg.3237.site.22, 0, 125, 125
1121098.7.peg.3237.site.23, 0, 126, 126
1121098.7.peg.3237.site.24, 0, 126, 126
1121098.7.peg.3235.site.1, 56, 126, 182
1121098.7.peg.3235.site.2, 0, 126, 126
1121098.7.peg.3235.site.3, 2, 126, 128
1121098.7.peg.3235.site.4, 2, 126, 128
1121098.7.peg.3235.site.5, 12, 126, 138
1121098.7.peg.3235.site.6, 6, 126, 132
1121098.7.peg.3235.site.7, 4, 124, 128
1121098.7.peg.3235.site.8, 1, 125, 126
1121098.7.peg.3235.site.9, 1, 121, 122
1121098.7.peg.3235.site.10, 1, 121, 122
1121098.7.peg.3235.site.11, 3, 123, 126
1121098.7.peg.3235.site.12, 3, 123, 126
1121098.7.peg.3235.site.13, 3, 126, 129
1121098.7.peg.3235.site.14, 2, 126, 128
1121098.7.peg.3235.site.15, 65, 126, 191
1121098.7.peg.3235.site.16, 65, 126, 191
1121098.7.peg.3235.site.17, 65, 125, 190
1121098.7.peg.3235.site.18, 14, 125, 139
1121098.7.peg.3235.site.19, 0, 126, 126
1121098.7.peg.3235.site.20, 0, 125, 125
1121098.7.peg.3235.site.21, 1, 126, 127
1121098.7.peg.3235.site.22, 6, 126, 132
1121098.7.peg.3235.site.23, 5, 125, 130
1121098.7.peg.3235.site.24, 10, 126, 136
1121098.7.peg.3235.site.25, 64, 126, 190
1121098.7.peg.3235.site.26, 15, 126, 141
1121098.7.peg.3235.site.27, 21, 126, 147
1121098.7.peg.3235.site.28, 0, 126, 126
1121098.7.peg.3235.site.29, 64, 126, 190
1121098.7.peg.3235.site.30, 1, 125, 126
1121098.7.peg.3235.site.31, 0, 126, 126
1121098.7.peg.3235.site.32, 52, 126, 178
1121098.7.peg.3234.site.1, 1, 126, 127
1121098.7.peg.3234.site.2, 4, 125, 129
1121098.7.peg.3234.site.3, 6, 124, 130
1121098.7.peg.3234.site.4, 81, 126, 207
1121098.7.peg.3234.site.5, 4, 126, 130
1121098.7.peg.3234.site.6, 3, 126, 129
1121098.7.peg.3234.site.7, 52, 126, 178
1121098.7.peg.3234.site.8, 2, 126, 128
1121098.7.peg.3234.site.9, 63, 126, 189
1121098.7.peg.3234.site.10, 0, 125, 125
1121098.7.peg.3234.site.11, 14, 125, 139
1121098.7.peg.3234.site.12, 117, 126, 243
1121098.7.peg.3234.site.13, 8, 125, 133
1121098.7.peg.3234.site.14, 5, 126, 131
1121098.7.peg.3234.site.15, 3, 126, 129
1121098.7.peg.3234.site.16, 7, 126, 133
1121098.7.peg.3234.site.17, 0, 126, 126
1121098.7.peg.3234.site.18, 11, 126, 137
1121098.7.peg.3234.site.19, 65, 126, 191
1121098.7.peg.3234.site.20, 0, 126, 126
1121098.7.peg.3234.site.21, 59, 123, 182
1121098.7.peg.3234.site.22, 83, 121, 204
1121098.7.peg.3234.site.23, 57, 125, 182
1121098.7.peg.3234.site.24, 12, 126, 138
1121098.7.peg.3234.site.25, 1, 126, 127
1121098.7.peg.3234.site.26, 1, 126, 127
1121098.7.peg.3234.site.27, 0, 126, 126
1121098.7.peg.3233.site.1, 4, 126, 130
1121098.7.peg.3233.site.2, 64, 125, 189
1121098.7.peg.3233.site.3, 2, 126, 128
1121098.7.peg.3233.site.4, 0, 126, 126
1121098.7.peg.3233.site.5, 12, 126, 138
1121098.7.peg.3233.site.6, 14, 125, 139
1121098.7.peg.3233.site.7, 10, 125, 135
1121098.7.peg.3233.site.8, 1, 125, 126
1121098.7.peg.3233.site.9, 3, 126, 129
1121098.7.peg.3233.site.10, 4, 124, 128
1121098.7.peg.3233.site.11, 1, 118, 119
1121098.7.peg.3233.site.12, 5, 114, 119
1121098.7.peg.3233.site.13, 10, 111, 121
1121098.7.peg.3233.site.14, 5, 121, 126
1121098.7.peg.3233.site.15, 53, 125, 178
1121098.7.peg.3233.site.16, 1, 126, 127
1121098.7.peg.3233.site.17, 16, 126, 142
1121098.7.peg.3233.site.18, 1, 126, 127
1121098.7.peg.3233.site.19, 0, 126, 126
1121098.7.peg.3233.site.20, 1, 126, 127
1121098.7.peg.3233.site.21, 0, 126, 126
1121098.7.peg.3233.site.22, 1, 126, 127
1121098.7.peg.3233.site.23, 2, 126, 128
1121098.7.peg.3233.site.24, 2, 125, 127
1121098.7.peg.3233.site.25, 4, 126, 130
1121098.7.peg.3233.site.26, 2, 126, 128
1121098.7.peg.3233.site.27, 0, 126, 126
1121098.7.peg.3233.site.28, 65, 126, 191
1121098.7.peg.3233.site.29, 0, 125, 125
1121098.7.peg.3233.site.30, 12, 126, 138
1121098.7.peg.3233.site.31, 2, 125, 127
1121098.7.peg.3233.site.32, 56, 125, 181
1121098.7.peg.3233.site.33, 4, 124, 128
1121098.7.peg.3233.site.34, 88, 119, 207
1121098.7.peg.3233.site.35, 27, 118, 145
1121098.7.peg.3233.site.36, 64, 125, 189
1121098.7.peg.3232.site.1, 0, 125, 125
1121098.7.peg.3232.site.2, 0, 126, 126
1121098.7.peg.3232.site.3, 1, 126, 127
1121098.7.peg.3232.site.4, 1, 126, 127
1121098.7.peg.3232.site.5, 118, 126, 244
1121098.7.peg.3232.site.6, 0, 126, 126
1121098.7.peg.3232.site.7, 1, 126, 127
1121098.7.peg.3232.site.8, 1, 125, 126
1121098.7.peg.3232.site.9, 62, 126, 188
1121098.7.peg.3232.site.10, 9, 125, 134
1121098.7.peg.3232.site.11, 7, 122, 129
1121098.7.peg.3232.site.12, 1, 124, 125
1121098.7.peg.3232.site.13, 8, 125, 133
1121098.7.peg.3232.site.14, 1, 121, 122
1121098.7.peg.3232.site.15, 56, 121, 177
1121098.7.peg.3232.site.16, 3, 124, 127
1121098.7.peg.3232.site.17, 3, 125, 128
1121098.7.peg.3232.site.18, 5, 125, 130
1121098.7.peg.3232.site.19, 54, 125, 179
1121098.7.peg.3232.site.20, 0, 125, 125
1121098.7.peg.3232.site.21, 4, 125, 129
1121098.7.peg.3232.site.22, 3, 126, 129
1121098.7.peg.3232.site.23, 7, 126, 133
1121098.7.peg.3232.site.24, 0, 125, 125
1121098.7.peg.3232.site.25, 7, 125, 132
1121098.7.peg.3232.site.26, 32, 122, 154
1121098.7.peg.3232.site.27, 8, 126, 134
1121098.7.peg.3232.site.28, 69, 125, 194
1121098.7.peg.3232.site.29, 122, 126, 248
1121098.7.peg.3232.site.30, 5, 126, 131
1121098.7.peg.3232.site.31, 1, 125, 126
1121098.7.peg.3232.site.32, 15, 125, 140
1121098.7.peg.3232.site.33, 7, 126, 133
1121098.7.peg.3232.site.34, 1, 125, 126
1121098.7.peg.3232.site.35, 6, 124, 130
1121098.7.peg.3232.site.36, 1, 125, 126
1121098.7.peg.3232.site.37, 4, 124, 128
1121098.7.peg.3232.site.38, 62, 126, 188
1121098.7.peg.3232.site.39, 4, 124, 128
1121098.7.peg.3232.site.40, 0, 125, 125
1121098.7.peg.3232.site.41, 2, 125, 127
1121098.7.peg.3232.site.42, 2, 124, 126
1121098.7.peg.3231.site.1, 7, 126, 133
1121098.7.peg.3231.site.2, 0, 126, 126
1121098.7.peg.3231.site.3, 0, 124, 124
1121098.7.peg.3231.site.4, 49, 126, 175
1121098.7.peg.3231.site.5, 0, 126, 126
1121098.7.peg.3231.site.6, 8, 125, 133
1121098.7.peg.3230.site.1, 0, 123, 123
1121098.7.peg.3230.site.2, 8, 126, 134
1121098.7.peg.3230.site.3, 0, 125, 125
1121098.7.peg.3230.site.4, 8, 126, 134
1121098.7.peg.3230.site.5, 0, 126, 126
1121098.7.peg.3230.site.6, 84, 126, 210
1121098.7.peg.3230.site.7, 0, 126, 126
1121098.7.peg.3230.site.8, 44, 126, 170
1121098.7.peg.3230.site.9, 47, 126, 173
1121098.7.peg.3230.site.10, 6, 125, 131
1121098.7.peg.3230.site.11, 4, 126, 130
1121098.7.peg.3230.site.12, 122, 126, 248
1121098.7.peg.3230.site.13, 0, 126, 126
1121098.7.peg.3230.site.14, 48, 126, 174
1121098.7.peg.3230.site.15, 121, 126, 247
1121098.7.peg.3230.site.16, 1, 125, 126
1121098.7.peg.3230.site.17, 36, 124, 160
1121098.7.peg.3230.site.18, 12, 125, 137
1121098.7.peg.3230.site.19, 0, 124, 124
1121098.7.peg.3230.site.20, 0, 123, 123
1121098.7.peg.3230.site.21, 2, 126, 128
1121098.7.peg.3230.site.22, 50, 126, 176
1121098.7.peg.3230.site.23, 62, 126, 188
1121098.7.peg.3230.site.24, 0, 126, 126
1121098.7.peg.3230.site.25, 9, 125, 134
1121098.7.peg.3230.site.26, 7, 125, 132
1121098.7.peg.3230.site.27, 1, 126, 127
1121098.7.peg.2985.site.1, 0, 126, 126
1121098.7.peg.2985.site.2, 2, 126, 128
1121098.7.peg.2985.site.3, 0, 125, 125
1121098.7.peg.2985.site.4, 3, 126, 129
1121098.7.peg.2985.site.5, 5, 123, 128
1121098.7.peg.2985.site.6, 77, 123, 200
1121098.7.peg.2985.site.7, 0, 123, 123
1121098.7.peg.2985.site.8, 52, 123, 175
1121098.7.peg.3239.site.1, 11, 123, 134
1121098.7.peg.3239.site.2, 4, 124, 128
1121098.7.peg.3239.site.3, 0, 126, 126
1121098.7.peg.3238.site.1, 0, 126, 126
1121098.7.peg.3238.site.2, 6, 126, 132
1121098.7.peg.3238.site.3, 65, 126, 191
1121098.7.peg.383.site.1, 33, 118, 151
1121098.7.peg.383.site.2, 10, 122, 132
1121098.7.peg.383.site.3, 0, 123, 123
1121098.7.peg.383.site.4, 1, 123, 124
1121098.7.peg.383.site.5, 16, 124, 140
1121098.7.peg.383.site.6, 0, 123, 123
1121098.7.peg.382.site.1, 5, 124, 129
1121098.7.peg.382.site.2, 23, 124, 147
1121098.7.peg.382.site.3, 24, 124, 148
1121098.7.peg.382.site.4, 0, 124, 124
1121098.7.peg.382.site.5, 34, 124, 158
1121098.7.peg.382.site.6, 0, 123, 123
1121098.7.peg.382.site.7, 35, 123, 158
1121098.7.peg.382.site.8, 1, 123, 124
1121098.7.peg.382.site.9, 36, 124, 160
1121098.7.peg.382.site.10, 4, 124, 128
1121098.7.peg.382.site.11, 0, 124, 124
1121098.7.peg.382.site.12, 0, 124, 124
1121098.7.peg.382.site.13, 41, 124, 165
1121098.7.peg.382.site.14, 106, 124, 230
1121098.7.peg.382.site.15, 93, 124, 217
1121098.7.peg.382.site.16, 41, 124, 165
1121098.7.peg.382.site.17, 42, 124, 166
1121098.7.peg.382.site.18, 2, 124, 126
1121098.7.peg.382.site.19, 67, 123, 190
1121098.7.peg.382.site.20, 1, 124, 125
1121098.7.peg.382.site.21, 6, 124, 130
1121098.7.peg.382.site.22, 41, 124, 165
1121098.7.peg.382.site.23, 4, 124, 128
1121098.7.peg.382.site.24, 1, 124, 125
1121098.7.peg.382.site.25, 12, 123, 135
1121098.7.peg.382.site.26, 0, 123, 123
1121098.7.peg.382.site.27, 9, 123, 132
1121098.7.peg.381.site.1, 4, 124, 128
1121098.7.peg.381.site.2, 8, 123, 131
1121098.7.peg.381.site.3, 2, 124, 126
1121098.7.peg.381.site.4, 2, 124, 126
1121098.7.peg.381.site.5, 0, 124, 124
1121098.7.peg.381.site.6, 115, 124, 239
1121098.7.peg.381.site.7, 0, 124, 124
1121098.7.peg.381.site.8, 45, 124, 169
1121098.7.peg.381.site.9, 59, 123, 182
1121098.7.peg.381.site.10, 58, 124, 182
1121098.7.peg.381.site.11, 5, 124, 129
1121098.7.peg.381.site.12, 120, 124, 244
1121098.7.peg.381.site.13, 70, 123, 193
1121098.7.peg.381.site.14, 3, 122, 125
1121098.7.peg.381.site.15, 17, 124, 141
1121098.7.peg.381.site.16, 23, 123, 146
1121098.7.peg.381.site.17, 4, 124, 128
1121098.7.peg.381.site.18, 12, 124, 136
1121098.7.peg.381.site.19, 0, 124, 124
1121098.7.peg.381.site.20, 4, 124, 128
1121098.7.peg.381.site.21, 0, 123, 123
1121098.7.peg.380.site.1, 0, 126, 126
1121098.7.peg.380.site.2, 1, 125, 126
1121098.7.peg.380.site.3, 53, 126, 179
1121098.7.peg.380.site.4, 0, 125, 125
1121098.7.peg.380.site.5, 0, 126, 126
1121098.7.peg.380.site.6, 23, 125, 148
1121098.7.peg.380.site.7, 5, 122, 127
1121098.7.peg.380.site.8, 5, 124, 129
1121098.7.peg.380.site.9, 5, 126, 131
1121098.7.peg.380.site.10, 56, 126, 182
1121098.7.peg.380.site.11, 12, 126, 138
1121098.7.peg.380.site.12, 108, 124, 232
1121098.7.peg.380.site.13, 74, 125, 199
1121098.7.peg.380.site.14, 49, 126, 175
1121098.7.peg.380.site.15, 0, 126, 126
1121098.7.peg.380.site.16, 2, 126, 128
1121098.7.peg.380.site.17, 10, 126, 136
1121098.7.peg.380.site.18, 0, 126, 126
1121098.7.peg.380.site.19, 0, 126, 126
1121098.7.peg.380.site.20, 122, 126, 248
1121098.7.peg.380.site.21, 0, 126, 126
1121098.7.peg.380.site.22, 0, 126, 126
1121098.7.peg.380.site.23, 1, 126, 127
1121098.7.peg.380.site.24, 0, 126, 126
1121098.7.peg.380.site.25, 1, 126, 127
1121098.7.peg.380.site.26, 47, 126, 173
1121098.7.peg.380.site.27, 2, 126, 128
1121098.7.peg.380.site.28, 7, 125, 132
1121098.7.peg.380.site.29, 5, 125, 130
1121098.7.peg.380.site.30, 0, 126, 126
1121098.7.peg.380.site.31, 52, 126, 178
1121098.7.peg.380.site.32, 0, 126, 126
1121098.7.peg.387.site.1, 25, 58, 83
1121098.7.peg.387.site.2, 0, 59, 59
1121098.7.peg.387.site.3, 57, 116, 173
1121098.7.peg.387.site.4, 0, 121, 121
1121098.7.peg.387.site.5, 8, 119, 127
1121098.7.peg.387.site.6, 1, 121, 122
1121098.7.peg.387.site.7, 49, 124, 173
1121098.7.peg.387.site.8, 16, 123, 139
1121098.7.peg.387.site.9, 1, 124, 125
1121098.7.peg.385.site.1, 0, 124, 124
1121098.7.peg.385.site.2, 1, 124, 125
1121098.7.peg.385.site.3, 8, 124, 132
1121098.7.peg.385.site.4, 3, 123, 126
1121098.7.peg.385.site.5, 23, 102, 125
1121098.7.peg.385.site.6, 33, 109, 142
1121098.7.peg.385.site.7, 25, 101, 126
1121098.7.peg.385.site.8, 30, 103, 133
1121098.7.peg.385.site.9, 38, 111, 149
1121098.7.peg.384.site.1, 0, 123, 123
1121098.7.peg.384.site.2, 6, 123, 129
1121098.7.peg.384.site.3, 11, 124, 135
1121098.7.peg.384.site.4, 86, 123, 209
1121098.7.peg.384.site.5, 12, 124, 136
1121098.7.peg.384.site.6, 6, 124, 130
1121098.7.peg.384.site.7, 0, 124, 124
1121098.7.peg.389.site.1, 90, 125, 215
1121098.7.peg.389.site.2, 94, 126, 220
1121098.7.peg.389.site.3, 12, 124, 136
1121098.7.peg.389.site.4, 3, 126, 129
1121098.7.peg.389.site.5, 0, 125, 125
1121098.7.peg.389.site.6, 99, 126, 225
1121098.7.peg.389.site.7, 17, 124, 141
1121098.7.peg.389.site.8, 67, 123, 190
1121098.7.peg.389.site.9, 3, 126, 129
1121098.7.peg.389.site.10, 3, 126, 129
1121098.7.peg.389.site.11, 0, 125, 125
1121098.7.peg.389.site.12, 1, 126, 127
1121098.7.peg.389.site.13, 37, 125, 162
1121098.7.peg.389.site.14, 43, 126, 169
1121098.7.peg.389.site.15, 19, 125, 144
1121098.7.peg.389.site.16, 14, 124, 138
1121098.7.peg.389.site.17, 9, 124, 133
1121098.7.peg.389.site.18, 3, 126, 129
1121098.7.peg.389.site.19, 12, 126, 138
1121098.7.peg.389.site.20, 85, 126, 211
1121098.7.peg.389.site.21, 71, 126, 197
1121098.7.peg.389.site.22, 18, 126, 144
1121098.7.peg.389.site.23, 5, 125, 130
1121098.7.peg.389.site.24, 9, 125, 134
1121098.7.peg.389.site.25, 4, 126, 130
1121098.7.peg.389.site.26, 22, 126, 148
1121098.7.peg.389.site.27, 15, 126, 141
1121098.7.peg.389.site.28, 2, 124, 126
1121098.7.peg.389.site.29, 2, 125, 127
1121098.7.peg.389.site.30, 5, 121, 126
1121098.7.peg.389.site.31, 9, 126, 135
1121098.7.peg.388.site.1, 53, 126, 179
1121098.7.peg.388.site.2, 45, 119, 164
1121098.7.peg.388.site.3, 48, 121, 169
1121098.7.peg.388.site.4, 37, 122, 159
1121098.7.peg.388.site.5, 14, 125, 139
1121098.7.peg.388.site.6, 99, 124, 223
1121098.7.peg.2281.site.1, 3, 125, 128
1121098.7.peg.2281.site.2, 69, 125, 194
1121098.7.peg.2281.site.3, 0, 124, 124
1121098.7.peg.2281.site.4, 1, 123, 124
1121098.7.peg.2281.site.5, 0, 124, 124
1121098.7.peg.2281.site.6, 0, 124, 124
1121098.7.peg.2281.site.7, 2, 126, 128
1121098.7.peg.2281.site.8, 0, 123, 123
1121098.7.peg.2281.site.9, 0, 126, 126
1121098.7.peg.2281.site.10, 2, 126, 128
1121098.7.peg.2281.site.11, 0, 126, 126
1121098.7.peg.2281.site.12, 0, 124, 124
1121098.7.peg.2281.site.13, 0, 125, 125
1121098.7.peg.2281.site.14, 16, 126, 142
1121098.7.peg.2281.site.15, 0, 126, 126
1121098.7.peg.2281.site.16, 0, 126, 126
1121098.7.peg.2281.site.17, 4, 126, 130
1121098.7.peg.2281.site.18, 61, 126, 187
1121098.7.peg.2281.site.19, 0, 126, 126
1121098.7.peg.2280.site.1, 1, 126, 127
1121098.7.peg.2280.site.2, 0, 126, 126
1121098.7.peg.2280.site.3, 3, 125, 128
1121098.7.peg.2283.site.1, 0, 126, 126
1121098.7.peg.2285.site.1, 0, 125, 125
1121098.7.peg.2285.site.2, 0, 125, 125
1121098.7.peg.2285.site.3, 39, 125, 164
1121098.7.peg.2285.site.4, 13, 126, 139
1121098.7.peg.2285.site.5, 55, 126, 181
1121098.7.peg.2285.site.6, 0, 126, 126
1121098.7.peg.2285.site.7, 0, 125, 125
1121098.7.peg.2285.site.8, 3, 126, 129
1121098.7.peg.2285.site.9, 0, 126, 126
1121098.7.peg.2285.site.10, 0, 125, 125
1121098.7.peg.2285.site.11, 2, 125, 127
1121098.7.peg.2285.site.12, 75, 126, 201
1121098.7.peg.2284.site.1, 0, 126, 126
1121098.7.peg.2284.site.2, 0, 126, 126
1121098.7.peg.2284.site.3, 10, 126, 136
1121098.7.peg.2284.site.4, 3, 126, 129
1121098.7.peg.2284.site.5, 1, 125, 126
1121098.7.peg.2284.site.6, 59, 126, 185
1121098.7.peg.2284.site.7, 58, 126, 184
1121098.7.peg.2284.site.8, 58, 126, 184
1121098.7.peg.2284.site.9, 1, 126, 127
1121098.7.peg.2284.site.10, 0, 126, 126
1121098.7.peg.2284.site.11, 1, 126, 127
1121098.7.peg.2284.site.12, 0, 126, 126
1121098.7.peg.2284.site.13, 0, 126, 126
1121098.7.peg.709.site.1, 2, 126, 128
1121098.7.peg.709.site.2, 0, 126, 126
1121098.7.peg.2286.site.1, 0, 126, 126
1121098.7.peg.2286.site.2, 31, 124, 155
1121098.7.peg.2286.site.3, 0, 126, 126
1121098.7.peg.2286.site.4, 1, 126, 127
1121098.7.peg.2286.site.5, 0, 126, 126
1121098.7.peg.2286.site.6, 5, 126, 131
1121098.7.peg.2286.site.7, 37, 125, 162
1121098.7.peg.2286.site.8, 122, 126, 248
1121098.7.peg.2286.site.9, 0, 126, 126
1121098.7.peg.2286.site.10, 4, 126, 130
1121098.7.peg.2289.site.1, 0, 126, 126
1121098.7.peg.2289.site.2, 1, 125, 126
1121098.7.peg.2289.site.3, 62, 126, 188
1121098.7.peg.706.site.1, 1, 125, 126
1121098.7.peg.706.site.2, 0, 125, 125
1121098.7.peg.706.site.3, 13, 125, 138
1121098.7.peg.706.site.4, 2, 126, 128
1121098.7.peg.706.site.5, 76, 126, 202
1121098.7.peg.706.site.6, 37, 125, 162
1121098.7.peg.706.site.7, 7, 125, 132
1121098.7.peg.706.site.8, 0, 124, 124
1121098.7.peg.706.site.9, 0, 124, 124
1121098.7.peg.706.site.10, 2, 126, 128
1121098.7.peg.706.site.11, 0, 126, 126
1121098.7.peg.706.site.12, 0, 126, 126
1121098.7.peg.706.site.13, 0, 126, 126
1121098.7.peg.706.site.14, 13, 126, 139
1121098.7.peg.706.site.15, 6, 125, 131
1121098.7.peg.706.site.16, 0, 125, 125
1121098.7.peg.706.site.17, 12, 126, 138
1121098.7.peg.706.site.18, 51, 126, 177
1121098.7.peg.705.site.1, 0, 125, 125
1121098.7.peg.705.site.2, 11, 126, 137
1121098.7.peg.705.site.3, 0, 126, 126
1121098.7.peg.705.site.4, 119, 125, 244
1121098.7.peg.705.site.5, 0, 126, 126
1121098.7.peg.705.site.6, 63, 126, 189
1121098.7.peg.705.site.7, 45, 126, 171
1121098.7.peg.705.site.8, 94, 126, 220
1121098.7.peg.705.site.9, 5, 126, 131
1121098.7.peg.705.site.10, 0, 126, 126
1121098.7.peg.705.site.11, 0, 126, 126
1121098.7.peg.705.site.12, 95, 126, 221
1121098.7.peg.705.site.13, 6, 124, 130
1121098.7.peg.705.site.14, 10, 125, 135
1121098.7.peg.705.site.15, 22, 125, 147
1121098.7.peg.705.site.16, 0, 126, 126
1121098.7.peg.705.site.17, 100, 126, 226
1121098.7.peg.705.site.18, 10, 123, 133
1121098.7.peg.703.site.1, 8, 126, 134
1121098.7.peg.703.site.2, 0, 125, 125
1121098.7.peg.703.site.3, 20, 125, 145
1121098.7.peg.703.site.4, 122, 126, 248
1121098.7.peg.703.site.5, 65, 126, 191
1121098.7.peg.702.site.1, 0, 126, 126
1121098.7.peg.702.site.2, 4, 126, 130
1121098.7.peg.702.site.3, 2, 126, 128
1121098.7.peg.702.site.4, 17, 124, 141
1121098.7.peg.701.site.1, 1, 125, 126
1121098.7.peg.701.site.2, 0, 125, 125
1121098.7.peg.700.site.1, 0, 126, 126
1121098.7.peg.700.site.2, 5, 126, 131
1121098.7.peg.2047.site.1, 4, 126, 130
1121098.7.peg.2047.site.2, 1, 126, 127
1121098.7.peg.2047.site.3, 7, 126, 133
1121098.7.peg.2047.site.4, 88, 126, 214
1121098.7.peg.2047.site.5, 21, 125, 146
1121098.7.peg.2046.site.1, 1, 126, 127
1121098.7.peg.2046.site.2, 3, 126, 129
1121098.7.peg.2046.site.3, 0, 126, 126
1121098.7.peg.2046.site.4, 0, 125, 125
1121098.7.peg.2046.site.5, 1, 126, 127
1121098.7.peg.2046.site.6, 0, 126, 126
1121098.7.peg.2046.site.7, 43, 125, 168
1121098.7.peg.2046.site.8, 1, 126, 127
1121098.7.peg.2046.site.9, 1, 126, 127
1121098.7.peg.2046.site.10, 0, 126, 126
1121098.7.peg.2046.site.11, 0, 126, 126
1121098.7.peg.2046.site.12, 1, 126, 127
1121098.7.peg.2046.site.13, 0, 126, 126
1121098.7.peg.2044.site.1, 1, 125, 126
1121098.7.peg.2044.site.2, 21, 125, 146
1121098.7.peg.2043.site.1, 0, 126, 126
1121098.7.peg.2043.site.2, 0, 126, 126
1121098.7.peg.2043.site.3, 117, 126, 243
1121098.7.peg.2043.site.4, 1, 126, 127
1121098.7.peg.2042.site.1, 0, 125, 125
1121098.7.peg.2042.site.2, 61, 126, 187
1121098.7.peg.2042.site.3, 2, 126, 128
1121098.7.peg.2042.site.4, 25, 124, 149
1121098.7.peg.2041.site.1, 0, 126, 126
1121098.7.peg.2041.site.2, 0, 126, 126
1121098.7.peg.2041.site.3, 1, 125, 126
1121098.7.peg.2041.site.4, 8, 126, 134
1121098.7.peg.2041.site.5, 3, 126, 129
1121098.7.peg.2041.site.6, 1, 126, 127
1121098.7.peg.2041.site.7, 48, 126, 174
1121098.7.peg.2041.site.8, 0, 125, 125
1121098.7.peg.2040.site.1, 0, 126, 126
1121098.7.peg.2040.site.2, 1, 126, 127
1121098.7.peg.2040.site.3, 1, 125, 126
1121098.7.peg.2040.site.4, 57, 124, 181
1121098.7.peg.2040.site.5, 54, 126, 180
1121098.7.peg.2040.site.6, 9, 126, 135
1121098.7.peg.2040.site.7, 0, 126, 126
1121098.7.peg.2040.site.8, 69, 126, 195
1121098.7.peg.2040.site.9, 122, 126, 248
1121098.7.peg.2049.site.1, 0, 126, 126
1121098.7.peg.2049.site.2, 0, 126, 126
1121098.7.peg.2048.site.1, 2, 125, 127
1121098.7.peg.2048.site.2, 65, 125, 190
1121098.7.peg.2048.site.3, 1, 125, 126
1121098.7.peg.2048.site.4, 4, 126, 130
1121098.7.peg.2048.site.5, 15, 126, 141
1121098.7.peg.2048.site.6, 15, 126, 141
1121098.7.peg.2048.site.7, 3, 125, 128
1121098.7.peg.2048.site.8, 0, 126, 126
1121098.7.peg.1749.site.1, 14, 125, 139
1121098.7.peg.1749.site.2, 4, 126, 130
1121098.7.peg.1749.site.3, 4, 126, 130
1121098.7.peg.1749.site.4, 15, 125, 140
1121098.7.peg.1749.site.5, 122, 126, 248
1121098.7.peg.1749.site.6, 3, 125, 128
1121098.7.peg.1749.site.7, 0, 126, 126
1121098.7.peg.1749.site.8, 0, 126, 126
1121098.7.peg.1749.site.9, 0, 126, 126
1121098.7.peg.1749.site.10, 12, 126, 138
1121098.7.peg.1749.site.11, 65, 125, 190
1121098.7.peg.1749.site.12, 4, 126, 130
1121098.7.peg.1749.site.13, 12, 126, 138
1121098.7.peg.1749.site.14, 0, 126, 126
1121098.7.peg.1749.site.15, 0, 126, 126
1121098.7.peg.1749.site.16, 8, 126, 134
1121098.7.peg.1749.site.17, 0, 126, 126
1121098.7.peg.1749.site.18, 6, 126, 132
1121098.7.peg.1749.site.19, 0, 126, 126
1121098.7.peg.1749.site.20, 63, 126, 189
1121098.7.peg.1749.site.21, 5, 126, 131
1121098.7.peg.1749.site.22, 90, 126, 216
1121098.7.peg.1749.site.23, 85, 124, 209
1121098.7.peg.1749.site.24, 0, 123, 123
1121098.7.peg.1745.site.1, 50, 126, 176
1121098.7.peg.1745.site.2, 54, 126, 180
1121098.7.peg.1745.site.3, 2, 126, 128
1121098.7.peg.1745.site.4, 0, 126, 126
1121098.7.peg.2336.site.1, 67, 125, 192
1121098.7.peg.2336.site.2, 1, 126, 127
1121098.7.peg.2336.site.3, 9, 126, 135
1121098.7.peg.2336.site.4, 3, 126, 129
1121098.7.peg.2336.site.5, 66, 126, 192
1121098.7.peg.2336.site.6, 0, 124, 124
1121098.7.peg.2336.site.7, 17, 125, 142
1121098.7.peg.1747.site.1, 59, 126, 185
1121098.7.peg.1747.site.2, 59, 126, 185
1121098.7.peg.1747.site.3, 9, 126, 135
1121098.7.peg.1747.site.4, 0, 126, 126
1121098.7.peg.1747.site.5, 50, 126, 176
1121098.7.peg.1747.site.6, 1, 126, 127
1121098.7.peg.1747.site.7, 50, 126, 176
1121098.7.peg.1747.site.8, 50, 126, 176
1121098.7.peg.1747.site.9, 5, 126, 131
1121098.7.peg.1747.site.10, 50, 126, 176
1121098.7.peg.1747.site.11, 0, 126, 126
1121098.7.peg.1747.site.12, 2, 126, 128
1121098.7.peg.1747.site.13, 0, 126, 126
1121098.7.peg.1747.site.14, 10, 126, 136
1121098.7.peg.1747.site.15, 3, 125, 128
1121098.7.peg.1747.site.16, 0, 125, 125
1121098.7.peg.1747.site.17, 0, 126, 126
1121098.7.peg.1747.site.18, 0, 125, 125
1121098.7.peg.1747.site.19, 3, 126, 129
1121098.7.peg.1747.site.20, 0, 125, 125
1121098.7.peg.1747.site.21, 0, 126, 126
1121098.7.peg.1747.site.22, 2, 126, 128
1121098.7.peg.1747.site.23, 50, 126, 176
1121098.7.peg.1747.site.24, 18, 126, 144
1121098.7.peg.1747.site.25, 2, 126, 128
1121098.7.peg.1747.site.26, 4, 126, 130
1121098.7.peg.1747.site.27, 22, 125, 147
1121098.7.peg.1747.site.28, 3, 126, 129
1121098.7.peg.1747.site.29, 0, 126, 126
1121098.7.peg.1747.site.30, 0, 126, 126
1121098.7.peg.1747.site.31, 22, 125, 147
1121098.7.peg.1747.site.32, 4, 126, 130
1121098.7.peg.1747.site.33, 0, 126, 126
1121098.7.peg.1747.site.34, 109, 125, 234
1121098.7.peg.1746.site.1, 54, 126, 180
1121098.7.peg.1746.site.2, 2, 126, 128
1121098.7.peg.1746.site.3, 61, 126, 187
1121098.7.peg.1746.site.4, 5, 126, 131
1121098.7.peg.1746.site.5, 14, 125, 139
1121098.7.peg.1746.site.6, 5, 126, 131
1121098.7.peg.1746.site.7, 2, 125, 127
1121098.7.peg.1589.site.1, 0, 125, 125
1121098.7.peg.1589.site.2, 5, 126, 131
1121098.7.peg.4041.site.1, 0, 126, 126
1121098.7.peg.4041.site.2, 5, 126, 131
1121098.7.peg.4041.site.3, 19, 125, 144
1121098.7.peg.4041.site.4, 65, 126, 191
1121098.7.peg.4041.site.5, 65, 126, 191
1121098.7.peg.1587.site.1, 81, 123, 204
1121098.7.peg.1587.site.2, 17, 125, 142
1121098.7.peg.1587.site.3, 0, 125, 125
1121098.7.peg.1587.site.4, 0, 126, 126
1121098.7.peg.1587.site.5, 0, 126, 126
1121098.7.peg.1587.site.6, 0, 126, 126
1121098.7.peg.1587.site.7, 0, 126, 126
1121098.7.peg.1587.site.8, 0, 126, 126
1121098.7.peg.1586.site.1, 1, 126, 127
1121098.7.peg.1586.site.2, 2, 126, 128
1121098.7.peg.1586.site.3, 2, 126, 128
1121098.7.peg.1586.site.4, 58, 126, 184
1121098.7.peg.1585.site.1, 2, 126, 128
1121098.7.peg.1585.site.2, 4, 126, 130
1121098.7.peg.1585.site.3, 3, 126, 129
1121098.7.peg.1583.site.1, 0, 125, 125
1121098.7.peg.1583.site.2, 0, 126, 126
1121098.7.peg.1583.site.3, 117, 126, 243
1121098.7.peg.1583.site.4, 0, 126, 126
1121098.7.peg.1583.site.5, 0, 126, 126
1121098.7.peg.1583.site.6, 2, 126, 128
1121098.7.peg.1583.site.7, 0, 126, 126
1121098.7.peg.1583.site.8, 0, 125, 125
1121098.7.peg.1583.site.9, 52, 125, 177
1121098.7.peg.1583.site.10, 26, 125, 151
1121098.7.peg.1583.site.11, 1, 124, 125
1121098.7.peg.1582.site.1, 0, 126, 126
1121098.7.peg.1582.site.2, 5, 126, 131
1121098.7.peg.1582.site.3, 65, 126, 191
1121098.7.peg.1582.site.4, 7, 126, 133
1121098.7.peg.1582.site.5, 7, 126, 133
1121098.7.peg.1582.site.6, 1, 126, 127
1121098.7.peg.1582.site.7, 2, 126, 128
1121098.7.peg.1582.site.8, 82, 125, 207
1121098.7.peg.1581.site.1, 15, 126, 141
1121098.7.peg.1581.site.2, 2, 126, 128
1121098.7.peg.1581.site.3, 2, 125, 127
1121098.7.peg.1581.site.4, 1, 126, 127
1121098.7.peg.1581.site.5, 121, 126, 247
1121098.7.peg.1581.site.6, 51, 126, 177
1121098.7.peg.1581.site.7, 0, 126, 126
1121098.7.peg.1581.site.8, 8, 126, 134
1121098.7.peg.1581.site.9, 2, 126, 128
1121098.7.peg.1581.site.10, 2, 126, 128
1121098.7.peg.1580.site.1, 54, 126, 180
1121098.7.peg.1580.site.2, 20, 125, 145
1121098.7.peg.1580.site.3, 29, 125, 154
1121098.7.peg.1580.site.4, 19, 125, 144
1121098.7.peg.1580.site.5, 3, 126, 129
1121098.7.peg.1580.site.6, 0, 126, 126
1121098.7.peg.1580.site.7, 1, 126, 127
1121098.7.peg.1580.site.8, 0, 126, 126
1121098.7.peg.1580.site.9, 0, 126, 126
1121098.7.peg.1580.site.10, 16, 125, 141
1121098.7.peg.1580.site.11, 3, 126, 129
1121098.7.peg.1580.site.12, 0, 126, 126
1121098.7.peg.1580.site.13, 3, 126, 129
1121098.7.peg.1580.site.14, 1, 126, 127
1121098.7.peg.1580.site.15, 97, 125, 222
1121098.7.peg.1580.site.16, 14, 126, 140
1121098.7.peg.1580.site.17, 113, 125, 238
1121098.7.peg.1580.site.18, 0, 126, 126
1121098.7.peg.1580.site.19, 0, 126, 126
1121098.7.peg.1580.site.20, 2, 126, 128
1121098.7.peg.1580.site.21, 10, 126, 136
1121098.7.peg.1580.site.22, 2, 126, 128
1121098.7.peg.1580.site.23, 14, 126, 140
1121098.7.peg.1580.site.24, 0, 126, 126
1121098.7.peg.1580.site.25, 0, 126, 126
1121098.7.peg.1580.site.26, 33, 126, 159
1121098.7.peg.1580.site.27, 104, 126, 230
1121098.7.peg.1580.site.28, 0, 125, 125
1121098.7.peg.1580.site.29, 12, 126, 138
1121098.7.peg.1580.site.30, 0, 126, 126
1121098.7.peg.1580.site.31, 12, 126, 138
1121098.7.peg.1580.site.32, 12, 126, 138
1121098.7.peg.1580.site.33, 116, 126, 242
1121098.7.peg.1580.site.34, 0, 125, 125
1121098.7.peg.1580.site.35, 0, 126, 126
1121098.7.peg.413.site.1, 7, 125, 132
1121098.7.peg.413.site.2, 1, 126, 127
1121098.7.peg.413.site.3, 42, 124, 166
1121098.7.peg.413.site.4, 3, 124, 127
1121098.7.peg.413.site.5, 17, 126, 143
1121098.7.peg.412.site.1, 118, 125, 243
1121098.7.peg.412.site.2, 0, 124, 124
1121098.7.peg.147.site.1, 0, 125, 125
1121098.7.peg.147.site.2, 0, 125, 125
1121098.7.peg.147.site.3, 13, 124, 137
1121098.7.peg.147.site.4, 0, 125, 125
1121098.7.peg.147.site.5, 0, 125, 125
1121098.7.peg.147.site.6, 8, 125, 133
1121098.7.peg.147.site.7, 65, 125, 190
1121098.7.peg.147.site.8, 0, 125, 125
1121098.7.peg.147.site.9, 9, 125, 134
1121098.7.peg.147.site.10, 0, 125, 125
1121098.7.peg.147.site.11, 0, 125, 125
1121098.7.peg.147.site.12, 89, 124, 213
1121098.7.peg.147.site.13, 52, 125, 177
1121098.7.peg.147.site.14, 1, 124, 125
1121098.7.peg.410.site.1, 42, 124, 166
1121098.7.peg.410.site.2, 118, 125, 243
1121098.7.peg.410.site.3, 13, 122, 135
1121098.7.peg.410.site.4, 12, 122, 134
1121098.7.peg.410.site.5, 16, 123, 139
1121098.7.peg.417.site.1, 21, 121, 142
1121098.7.peg.417.site.2, 6, 119, 125
1121098.7.peg.417.site.3, 11, 111, 122
1121098.7.peg.417.site.4, 26, 119, 145
1121098.7.peg.417.site.5, 24, 117, 141
1121098.7.peg.417.site.6, 93, 121, 214
1121098.7.peg.417.site.7, 27, 123, 150
1121098.7.peg.417.site.8, 61, 123, 184
1121098.7.peg.417.site.9, 3, 124, 127
1121098.7.peg.417.site.10, 3, 125, 128
1121098.7.peg.417.site.11, 53, 125, 178
1121098.7.peg.417.site.12, 1, 125, 126
1121098.7.peg.417.site.13, 0, 126, 126
1121098.7.peg.417.site.14, 16, 126, 142
1121098.7.peg.417.site.15, 32, 126, 158
1121098.7.peg.417.site.16, 0, 125, 125
1121098.7.peg.417.site.17, 1, 126, 127
1121098.7.peg.417.site.18, 19, 118, 137
1121098.7.peg.417.site.19, 15, 115, 130
1121098.7.peg.417.site.20, 37, 118, 155
1121098.7.peg.417.site.21, 26, 125, 151
1121098.7.peg.417.site.22, 14, 126, 140
1121098.7.peg.417.site.23, 18, 125, 143
1121098.7.peg.417.site.24, 1, 100, 101
1121098.7.peg.417.site.25, 17, 98, 115
1121098.7.peg.140.site.1, 65, 125, 190
1121098.7.peg.140.site.2, 77, 123, 200
1121098.7.peg.140.site.3, 16, 122, 138
1121098.7.peg.140.site.4, 3, 123, 126
1121098.7.peg.140.site.5, 0, 125, 125
1121098.7.peg.140.site.6, 10, 124, 134
1121098.7.peg.140.site.7, 1, 124, 125
1121098.7.peg.140.site.8, 0, 125, 125
1121098.7.peg.140.site.9, 37, 125, 162
1121098.7.peg.143.site.1, 5, 125, 130
1121098.7.peg.143.site.2, 115, 125, 240
1121098.7.peg.143.site.3, 5, 125, 130
1121098.7.peg.143.site.4, 1, 124, 125
1121098.7.peg.143.site.5, 37, 124, 161
1121098.7.peg.143.site.6, 4, 125, 129
1121098.7.peg.142.site.1, 0, 125, 125
1121098.7.peg.142.site.2, 0, 124, 124
1121098.7.peg.142.site.3, 63, 124, 187
1121098.7.peg.142.site.4, 0, 125, 125
1121098.7.peg.142.site.5, 12, 124, 136
1121098.7.peg.142.site.6, 61, 125, 186
1121098.7.peg.142.site.7, 0, 124, 124
1121098.7.peg.142.site.8, 0, 124, 124
1121098.7.peg.142.site.9, 0, 125, 125
1121098.7.peg.142.site.10, 5, 125, 130
1121098.7.peg.142.site.11, 13, 124, 137
1121098.7.peg.419.site.1, 4, 126, 130
1121098.7.peg.419.site.2, 59, 126, 185
1121098.7.peg.419.site.3, 17, 125, 142
1121098.7.peg.419.site.4, 4, 126, 130
1121098.7.peg.419.site.5, 9, 126, 135
1121098.7.peg.419.site.6, 0, 126, 126
1121098.7.peg.419.site.7, 1, 126, 127
1121098.7.peg.419.site.8, 20, 125, 145
1121098.7.peg.419.site.9, 80, 124, 204
1121098.7.peg.419.site.10, 46, 125, 171
1121098.7.peg.419.site.11, 0, 126, 126
1121098.7.peg.419.site.12, 120, 124, 244
1121098.7.peg.419.site.13, 15, 126, 141
1121098.7.peg.419.site.14, 12, 126, 138
1121098.7.peg.419.site.15, 10, 126, 136
1121098.7.peg.419.site.16, 12, 126, 138
1121098.7.peg.419.site.17, 85, 125, 210
1121098.7.peg.419.site.18, 71, 126, 197
1121098.7.peg.419.site.19, 14, 125, 139
1121098.7.peg.419.site.20, 119, 126, 245
1121098.7.peg.419.site.21, 11, 126, 137
1121098.7.peg.419.site.22, 1, 125, 126
1121098.7.peg.419.site.23, 25, 126, 151
1121098.7.peg.419.site.24, 1, 126, 127
1121098.7.peg.419.site.25, 21, 125, 146
1121098.7.peg.419.site.26, 12, 126, 138
1121098.7.peg.419.site.27, 14, 126, 140
1121098.7.peg.419.site.28, 4, 125, 129
1121098.7.peg.149.site.1, 0, 125, 125
1121098.7.peg.149.site.2, 0, 124, 124
1121098.7.peg.149.site.3, 0, 125, 125
1121098.7.peg.149.site.4, 61, 125, 186
1121098.7.peg.149.site.5, 98, 124, 222
1121098.7.peg.149.site.6, 121, 125, 246
1121098.7.peg.149.site.7, 0, 125, 125
1121098.7.peg.149.site.8, 8, 124, 132
1121098.7.peg.149.site.9, 1, 125, 126
1121098.7.peg.149.site.10, 25, 125, 150
1121098.7.peg.149.site.11, 88, 124, 212
1121098.7.peg.149.site.12, 60, 125, 185
1121098.7.peg.149.site.13, 0, 125, 125
1121098.7.peg.3529.site.1, 0, 126, 126
1121098.7.peg.3529.site.2, 0, 126, 126
1121098.7.peg.3529.site.3, 1, 126, 127
1121098.7.peg.3529.site.4, 8, 123, 131
1121098.7.peg.3529.site.5, 0, 123, 123
1121098.7.peg.3529.site.6, 0, 122, 122
1121098.7.peg.3529.site.7, 79, 121, 200
1121098.7.peg.3529.site.8, 0, 123, 123
1121098.7.peg.3529.site.9, 0, 124, 124
1121098.7.peg.3529.site.10, 0, 124, 124
1121098.7.peg.3529.site.11, 4, 126, 130
1121098.7.peg.3529.site.12, 12, 126, 138
1121098.7.peg.3529.site.13, 71, 126, 197
1121098.7.peg.3529.site.14, 2, 126, 128
1121098.7.peg.3529.site.15, 0, 125, 125
1121098.7.peg.3528.site.1, 95, 125, 220
1121098.7.peg.3528.site.2, 32, 125, 157
1121098.7.peg.3528.site.3, 63, 126, 189
1121098.7.peg.3528.site.4, 0, 125, 125
1121098.7.peg.3528.site.5, 1, 126, 127
1121098.7.peg.3528.site.6, 98, 124, 222
1121098.7.peg.3528.site.7, 2, 124, 126
1121098.7.peg.3528.site.8, 0, 126, 126
1121098.7.peg.3528.site.9, 0, 124, 124
1121098.7.peg.3528.site.10, 92, 125, 217
1121098.7.peg.3528.site.11, 0, 125, 125
1121098.7.peg.3528.site.12, 121, 125, 246
1121098.7.peg.3528.site.13, 3, 126, 129
1121098.7.peg.3528.site.14, 0, 126, 126
1121098.7.peg.3528.site.15, 3, 126, 129
1121098.7.peg.3528.site.16, 0, 123, 123
1121098.7.peg.3528.site.17, 1, 124, 125
1121098.7.peg.3528.site.18, 3, 126, 129
1121098.7.peg.3528.site.19, 3, 126, 129
1121098.7.peg.3528.site.20, 2, 125, 127
1121098.7.peg.3654.site.1, 0, 126, 126
1121098.7.peg.3654.site.2, 1, 125, 126
1121098.7.peg.3654.site.3, 4, 126, 130
1121098.7.peg.3654.site.4, 12, 126, 138
1121098.7.peg.3654.site.5, 7, 124, 131
1121098.7.peg.3654.site.6, 0, 126, 126
1121098.7.peg.3654.site.7, 0, 126, 126
1121098.7.peg.3654.site.8, 0, 126, 126
1121098.7.peg.3522.site.1, 57, 97, 154
1121098.7.peg.3522.site.2, 3, 113, 116
1121098.7.peg.3522.site.3, 1, 118, 119
1121098.7.peg.3522.site.4, 1, 114, 115
1121098.7.peg.3522.site.5, 1, 114, 115
1121098.7.peg.3522.site.6, 3, 116, 119
1121098.7.peg.3522.site.7, 3, 124, 127
1121098.7.peg.3520.site.1, 0, 114, 114
1121098.7.peg.3520.site.2, 0, 121, 121
1121098.7.peg.3520.site.3, 10, 125, 135
1121098.7.peg.3520.site.4, 38, 118, 156
1121098.7.peg.3520.site.5, 115, 119, 234
1121098.7.peg.3520.site.6, 36, 111, 147
1121098.7.peg.3527.site.1, 1, 125, 126
1121098.7.peg.3527.site.2, 1, 126, 127
1121098.7.peg.3527.site.3, 122, 126, 248
1121098.7.peg.3527.site.4, 0, 125, 125
1121098.7.peg.3527.site.5, 1, 126, 127
1121098.7.peg.3526.site.1, 1, 126, 127
1121098.7.peg.3526.site.2, 0, 126, 126
1121098.7.peg.3526.site.3, 0, 125, 125
1121098.7.peg.3526.site.4, 42, 126, 168
1121098.7.peg.3526.site.5, 2, 126, 128
1121098.7.peg.3526.site.6, 0, 126, 126
1121098.7.peg.3524.site.1, 0, 114, 114
1121098.7.peg.3524.site.2, 0, 116, 116
1121098.7.peg.3524.site.3, 2, 122, 124
1121098.7.peg.3524.site.4, 0, 125, 125
1121098.7.peg.3524.site.5, 3, 121, 124
1121098.7.peg.3426.site.1, 8, 126, 134
1121098.7.peg.3426.site.2, 81, 125, 206
1121098.7.peg.3426.site.3, 74, 125, 199
1121098.7.peg.3426.site.4, 73, 124, 197
1121098.7.peg.3426.site.5, 20, 124, 144
1121098.7.peg.3427.site.1, 87, 125, 212
1121098.7.peg.3427.site.2, 11, 126, 137
1121098.7.peg.3427.site.3, 85, 125, 210
1121098.7.peg.3427.site.4, 7, 126, 133
1121098.7.peg.3427.site.5, 19, 125, 144
1121098.7.peg.3424.site.1, 1, 126, 127
1121098.7.peg.3424.site.2, 8, 126, 134
1121098.7.peg.3424.site.3, 11, 125, 136
1121098.7.peg.3424.site.4, 18, 126, 144
1121098.7.peg.3424.site.5, 0, 126, 126
1121098.7.peg.3424.site.6, 0, 126, 126
1121098.7.peg.3424.site.7, 4, 126, 130
1121098.7.peg.3424.site.8, 0, 126, 126
1121098.7.peg.3424.site.9, 3, 126, 129
1121098.7.peg.3424.site.10, 0, 126, 126
1121098.7.peg.3424.site.11, 1, 126, 127
1121098.7.peg.3425.site.1, 1, 126, 127
1121098.7.peg.3425.site.2, 0, 126, 126
1121098.7.peg.3425.site.3, 0, 125, 125
1121098.7.peg.3425.site.4, 12, 125, 137
1121098.7.peg.3425.site.5, 0, 126, 126
1121098.7.peg.3422.site.1, 4, 126, 130
1121098.7.peg.3422.site.2, 0, 125, 125
1121098.7.peg.3422.site.3, 122, 126, 248
1121098.7.peg.3422.site.4, 5, 126, 131
1121098.7.peg.3422.site.5, 63, 126, 189
1121098.7.peg.3422.site.6, 63, 126, 189
1121098.7.peg.3423.site.1, 119, 126, 245
1121098.7.peg.3423.site.2, 0, 126, 126
1121098.7.peg.3423.site.3, 3, 126, 129
1121098.7.peg.3423.site.4, 2, 126, 128
1121098.7.peg.3423.site.5, 4, 126, 130
1121098.7.peg.3423.site.6, 122, 126, 248
1121098.7.peg.3423.site.7, 61, 126, 187
1121098.7.peg.3423.site.8, 0, 126, 126
1121098.7.peg.3423.site.9, 0, 126, 126
1121098.7.peg.3423.site.10, 12, 126, 138
1121098.7.peg.3423.site.11, 0, 126, 126
1121098.7.peg.3423.site.12, 0, 126, 126
1121098.7.peg.3423.site.13, 0, 126, 126
1121098.7.peg.899.site.1, 0, 126, 126
1121098.7.peg.899.site.2, 3, 126, 129
1121098.7.peg.899.site.3, 2, 126, 128
1121098.7.peg.899.site.4, 3, 126, 129
1121098.7.peg.899.site.5, 0, 126, 126
1121098.7.peg.899.site.6, 16, 126, 142
1121098.7.peg.899.site.7, 3, 126, 129
1121098.7.peg.899.site.8, 0, 126, 126
1121098.7.peg.898.site.1, 66, 126, 192
1121098.7.peg.898.site.2, 10, 126, 136
1121098.7.peg.898.site.3, 119, 126, 245
1121098.7.peg.897.site.1, 11, 126, 137
1121098.7.peg.897.site.2, 12, 126, 138
1121098.7.peg.897.site.3, 38, 125, 163
1121098.7.peg.897.site.4, 12, 126, 138
1121098.7.peg.897.site.5, 6, 126, 132
1121098.7.peg.897.site.6, 2, 126, 128
1121098.7.peg.897.site.7, 11, 126, 137
1121098.7.peg.897.site.8, 2, 125, 127
1121098.7.peg.897.site.9, 14, 126, 140
1121098.7.peg.897.site.10, 2, 126, 128
1121098.7.peg.897.site.11, 16, 125, 141
1121098.7.peg.897.site.12, 3, 126, 129
1121098.7.peg.897.site.13, 7, 126, 133
1121098.7.peg.897.site.14, 0, 126, 126
1121098.7.peg.897.site.15, 0, 126, 126
1121098.7.peg.897.site.16, 2, 126, 128
1121098.7.peg.897.site.17, 1, 126, 127
1121098.7.peg.896.site.1, 0, 126, 126
1121098.7.peg.896.site.2, 3, 126, 129
1121098.7.peg.896.site.3, 0, 126, 126
1121098.7.peg.896.site.4, 0, 125, 125
1121098.7.peg.896.site.5, 3, 126, 129
1121098.7.peg.896.site.6, 0, 126, 126
1121098.7.peg.896.site.7, 12, 126, 138
1121098.7.peg.895.site.1, 0, 126, 126
1121098.7.peg.895.site.2, 1, 126, 127
1121098.7.peg.895.site.3, 33, 126, 159
1121098.7.peg.895.site.4, 4, 126, 130
1121098.7.peg.895.site.5, 107, 125, 232
1121098.7.peg.895.site.6, 1, 126, 127
1121098.7.peg.895.site.7, 55, 126, 181
1121098.7.peg.895.site.8, 16, 125, 141
1121098.7.peg.4019.site.1, 0, 126, 126
1121098.7.peg.4019.site.2, 1, 126, 127
1121098.7.peg.4019.site.3, 0, 126, 126
1121098.7.peg.4019.site.4, 14, 125, 139
1121098.7.peg.4019.site.5, 17, 125, 142
1121098.7.peg.4019.site.6, 121, 125, 246
1121098.7.peg.4019.site.7, 14, 125, 139
1121098.7.peg.4019.site.8, 1, 126, 127
1121098.7.peg.4019.site.9, 0, 126, 126
1121098.7.peg.4019.site.10, 5, 126, 131
1121098.7.peg.4019.site.11, 3, 126, 129
1121098.7.peg.4019.site.12, 2, 126, 128
1121098.7.peg.4019.site.13, 1, 125, 126
1121098.7.peg.4019.site.14, 2, 126, 128
1121098.7.peg.4019.site.15, 10, 126, 136
1121098.7.peg.4019.site.16, 10, 126, 136
1121098.7.peg.4019.site.17, 4, 126, 130
1121098.7.peg.4019.site.18, 3, 126, 129
1121098.7.peg.4019.site.19, 58, 126, 184
1121098.7.peg.893.site.1, 17, 126, 143
1121098.7.peg.893.site.2, 0, 126, 126
1121098.7.peg.893.site.3, 3, 126, 129
1121098.7.peg.893.site.4, 0, 126, 126
1121098.7.peg.893.site.5, 101, 125, 226
1121098.7.peg.893.site.6, 57, 126, 183
1121098.7.peg.892.site.1, 5, 62, 67
1121098.7.peg.892.site.2, 3, 79, 82
1121098.7.peg.892.site.3, 5, 125, 130
1121098.7.peg.892.site.4, 0, 124, 124
1121098.7.peg.892.site.5, 84, 125, 209
1121098.7.peg.892.site.6, 1, 126, 127
1121098.7.peg.892.site.7, 1, 126, 127
1121098.7.peg.3428.site.1, 2, 126, 128
1121098.7.peg.3428.site.2, 6, 125, 131
1121098.7.peg.3428.site.3, 0, 125, 125
1121098.7.peg.3429.site.1, 66, 126, 192
1121098.7.peg.4197.site.1, 0, 125, 125
1121098.7.peg.4197.site.2, 0, 126, 126
1121098.7.peg.4197.site.3, 1, 125, 126
1121098.7.peg.4197.site.4, 1, 125, 126
1121098.7.peg.4197.site.5, 0, 123, 123
1121098.7.peg.4197.site.6, 0, 123, 123
1121098.7.peg.4197.site.7, 1, 123, 124
1121098.7.peg.4197.site.8, 0, 123, 123
1121098.7.peg.4197.site.9, 0, 124, 124
1121098.7.peg.4197.site.10, 99, 125, 224
1121098.7.peg.4197.site.11, 15, 124, 139
1121098.7.peg.4197.site.12, 5, 125, 130
1121098.7.peg.4197.site.13, 4, 125, 129
1121098.7.peg.4197.site.14, 49, 124, 173
1121098.7.peg.4197.site.15, 14, 123, 137
1121098.7.peg.4197.site.16, 37, 124, 161
1121098.7.peg.4197.site.17, 14, 124, 138
1121098.7.peg.4195.site.1, 1, 125, 126
1121098.7.peg.4195.site.2, 11, 126, 137
1121098.7.peg.4195.site.3, 1, 126, 127
1121098.7.peg.4195.site.4, 15, 126, 141
1121098.7.peg.4195.site.5, 61, 125, 186
1121098.7.peg.4195.site.6, 0, 126, 126
1121098.7.peg.4195.site.7, 0, 126, 126
1121098.7.peg.4195.site.8, 0, 126, 126
1121098.7.peg.4195.site.9, 1, 126, 127
1121098.7.peg.4195.site.10, 1, 125, 126
1121098.7.peg.4195.site.11, 4, 126, 130
1121098.7.peg.4195.site.12, 0, 126, 126
1121098.7.peg.4195.site.13, 0, 126, 126
1121098.7.peg.4195.site.14, 4, 126, 130
1121098.7.peg.4195.site.15, 20, 125, 145
1121098.7.peg.4195.site.16, 0, 126, 126
1121098.7.peg.4199.site.1, 0, 125, 125
1121098.7.peg.4014.site.1, 116, 125, 241
1121098.7.peg.4014.site.2, 0, 126, 126
1121098.7.peg.4014.site.3, 28, 126, 154
1121098.7.peg.4014.site.4, 9, 126, 135
1121098.7.peg.4014.site.5, 1, 126, 127
1121098.7.peg.4014.site.6, 6, 126, 132
1121098.7.peg.4014.site.7, 0, 125, 125
1121098.7.peg.4014.site.8, 0, 126, 126
1121098.7.peg.4014.site.9, 26, 125, 151
1121098.7.peg.4014.site.10, 4, 125, 129
1121098.7.peg.4014.site.11, 0, 126, 126
1121098.7.peg.4014.site.12, 0, 126, 126
1121098.7.peg.4014.site.13, 5, 126, 131
1121098.7.peg.4014.site.14, 62, 126, 188
1121098.7.peg.4014.site.15, 4, 126, 130
1121098.7.peg.4014.site.16, 0, 126, 126
1121098.7.peg.4014.site.17, 3, 126, 129
1121098.7.peg.4014.site.18, 107, 125, 232
1121098.7.peg.4014.site.19, 112, 125, 237
1121098.7.peg.4014.site.20, 2, 126, 128
1121098.7.peg.4014.site.21, 5, 126, 131
1121098.7.peg.4014.site.22, 16, 126, 142
1121098.7.peg.4014.site.23, 115, 126, 241
1121098.7.peg.3461.site.1, 55, 126, 181
1121098.7.peg.3461.site.2, 56, 126, 182
1121098.7.peg.3461.site.3, 4, 126, 130
1121098.7.peg.3461.site.4, 0, 126, 126
1121098.7.peg.3461.site.5, 0, 126, 126
1121098.7.peg.3461.site.6, 30, 126, 156
1121098.7.peg.3461.site.7, 66, 126, 192
1121098.7.peg.3461.site.8, 0, 126, 126
1121098.7.peg.3461.site.9, 2, 124, 126
1121098.7.peg.2333.site.1, 0, 125, 125
1121098.7.peg.2333.site.2, 0, 125, 125
1121098.7.peg.2333.site.3, 1, 126, 127
1121098.7.peg.2333.site.4, 1, 126, 127
1121098.7.peg.2333.site.5, 1, 126, 127
1121098.7.peg.2333.site.6, 0, 125, 125
1121098.7.peg.2333.site.7, 2, 126, 128
1121098.7.peg.2333.site.8, 0, 126, 126
1121098.7.peg.2333.site.9, 0, 126, 126
1121098.7.peg.2333.site.10, 30, 126, 156
1121098.7.peg.2333.site.11, 3, 126, 129
1121098.7.peg.2333.site.12, 0, 126, 126
1121098.7.peg.2333.site.13, 0, 126, 126
1121098.7.peg.2333.site.14, 58, 125, 183
1121098.7.peg.2333.site.15, 0, 125, 125
1121098.7.peg.2333.site.16, 0, 126, 126
1121098.7.peg.2333.site.17, 4, 126, 130
1121098.7.peg.303.site.1, 0, 124, 124
1121098.7.peg.303.site.2, 21, 125, 146
1121098.7.peg.4010.site.1, 6, 126, 132
1121098.7.peg.4010.site.2, 0, 126, 126
1121098.7.peg.4010.site.3, 104, 125, 229
1121098.7.peg.302.site.1, 60, 126, 186
1121098.7.peg.302.site.2, 0, 125, 125
1121098.7.peg.302.site.3, 6, 126, 132
1121098.7.peg.302.site.4, 9, 125, 134
1121098.7.peg.302.site.5, 1, 125, 126
1121098.7.peg.302.site.6, 26, 126, 152
1121098.7.peg.302.site.7, 13, 126, 139
1121098.7.peg.302.site.8, 94, 126, 220
1121098.7.peg.302.site.9, 104, 111, 215
1121098.7.peg.302.site.10, 3, 125, 128
1121098.7.peg.302.site.11, 99, 126, 225
1121098.7.peg.302.site.12, 1, 126, 127
1121098.7.peg.302.site.13, 30, 126, 156
1121098.7.peg.302.site.14, 3, 126, 129
1121098.7.peg.302.site.15, 51, 125, 176
1121098.7.peg.302.site.16, 72, 105, 177
1121098.7.peg.302.site.17, 69, 106, 175
1121098.7.peg.302.site.18, 6, 57, 63
1121098.7.peg.302.site.19, 16, 66, 82
1121098.7.peg.302.site.20, 81, 99, 180
1121098.7.peg.302.site.21, 0, 126, 126
1121098.7.peg.302.site.22, 0, 125, 125
1121098.7.peg.302.site.23, 81, 125, 206
1121098.7.peg.302.site.24, 23, 125, 148
1121098.7.peg.302.site.25, 78, 117, 195
1121098.7.peg.302.site.26, 43, 117, 160
1121098.7.peg.302.site.27, 85, 124, 209
1121098.7.peg.302.site.28, 0, 126, 126
1121098.7.peg.302.site.29, 55, 126, 181
1121098.7.peg.302.site.30, 54, 125, 179
1121098.7.peg.302.site.31, 0, 120, 120
1121098.7.peg.302.site.32, 0, 118, 118
1121098.7.peg.302.site.33, 22, 122, 144
1121098.7.peg.302.site.34, 24, 125, 149
1121098.7.peg.302.site.35, 15, 126, 141
1121098.7.peg.302.site.36, 53, 126, 179
1121098.7.peg.302.site.37, 14, 125, 139
1121098.7.peg.302.site.38, 1, 118, 119
1121098.7.peg.302.site.39, 3, 116, 119
1121098.7.peg.302.site.40, 0, 116, 116
1121098.7.peg.302.site.41, 55, 117, 172
1121098.7.peg.302.site.42, 66, 120, 186
1121098.7.peg.302.site.43, 97, 123, 220
1121098.7.peg.302.site.44, 1, 126, 127
1121098.7.peg.302.site.45, 98, 103, 201
1121098.7.peg.302.site.46, 6, 96, 102
1121098.7.peg.302.site.47, 0, 89, 89
1121098.7.peg.302.site.48, 0, 93, 93
1121098.7.peg.302.site.49, 48, 89, 137
1121098.7.peg.302.site.50, 0, 68, 68
1121098.7.peg.3465.site.1, 4, 121, 125
1121098.7.peg.3465.site.2, 0, 125, 125
1121098.7.peg.3465.site.3, 14, 122, 136
1121098.7.peg.3465.site.4, 0, 123, 123
1121098.7.peg.3465.site.5, 0, 125, 125
1121098.7.peg.3465.site.6, 1, 126, 127
1121098.7.peg.3465.site.7, 4, 125, 129
1121098.7.peg.1367.site.1, 0, 126, 126
1121098.7.peg.1366.site.1, 80, 125, 205
1121098.7.peg.1366.site.2, 4, 126, 130
1121098.7.peg.1366.site.3, 0, 126, 126
1121098.7.peg.1366.site.4, 72, 126, 198
1121098.7.peg.1366.site.5, 0, 124, 124
1121098.7.peg.1366.site.6, 0, 124, 124
1121098.7.peg.1365.site.1, 66, 126, 192
1121098.7.peg.1365.site.2, 5, 125, 130
1121098.7.peg.1365.site.3, 26, 126, 152
1121098.7.peg.1365.site.4, 0, 126, 126
1121098.7.peg.1365.site.5, 23, 126, 149
1121098.7.peg.1365.site.6, 119, 125, 244
1121098.7.peg.1365.site.7, 2, 126, 128
1121098.7.peg.1365.site.8, 122, 126, 248
1121098.7.peg.1365.site.9, 6, 126, 132
1121098.7.peg.1365.site.10, 3, 126, 129
1121098.7.peg.1364.site.1, 79, 126, 205
1121098.7.peg.1364.site.2, 63, 126, 189
1121098.7.peg.1364.site.3, 16, 126, 142
1121098.7.peg.1363.site.1, 13, 126, 139
1121098.7.peg.1363.site.2, 10, 126, 136
1121098.7.peg.1363.site.3, 36, 125, 161
1121098.7.peg.1363.site.4, 15, 126, 141
1121098.7.peg.1363.site.5, 0, 126, 126
1121098.7.peg.1363.site.6, 62, 126, 188
1121098.7.peg.1363.site.7, 83, 125, 208
1121098.7.peg.1363.site.8, 15, 126, 141
1121098.7.peg.1363.site.9, 8, 126, 134
1121098.7.peg.1363.site.10, 120, 126, 246
1121098.7.peg.1363.site.11, 59, 126, 185
1121098.7.peg.1363.site.12, 64, 126, 190
1121098.7.peg.1362.site.1, 4, 126, 130
1121098.7.peg.1362.site.2, 0, 126, 126
1121098.7.peg.1362.site.3, 0, 126, 126
1121098.7.peg.1362.site.4, 12, 125, 137
1121098.7.peg.1362.site.5, 0, 125, 125
1121098.7.peg.1362.site.6, 1, 126, 127
1121098.7.peg.1361.site.1, 1, 79, 80
1121098.7.peg.1360.site.1, 4, 126, 130
1121098.7.peg.1360.site.2, 0, 126, 126
1121098.7.peg.1360.site.3, 2, 126, 128
1121098.7.peg.1360.site.4, 1, 126, 127
1121098.7.peg.1360.site.5, 0, 126, 126
1121098.7.peg.1360.site.6, 61, 125, 186
1121098.7.peg.1360.site.7, 3, 125, 128
1121098.7.peg.1360.site.8, 10, 126, 136
1121098.7.peg.1360.site.9, 0, 126, 126
1121098.7.peg.1360.site.10, 102, 126, 228
1121098.7.peg.1360.site.11, 0, 126, 126
1121098.7.peg.1360.site.12, 0, 126, 126
1121098.7.peg.1360.site.13, 1, 126, 127
1121098.7.peg.1360.site.14, 122, 126, 248
1121098.7.peg.307.site.1, 1, 126, 127
1121098.7.peg.307.site.2, 2, 126, 128
1121098.7.peg.307.site.3, 4, 126, 130
1121098.7.peg.307.site.4, 12, 126, 138
1121098.7.peg.307.site.5, 0, 125, 125
1121098.7.peg.307.site.6, 0, 126, 126
1121098.7.peg.307.site.7, 7, 126, 133
1121098.7.peg.969.site.1, 65, 126, 191
1121098.7.peg.969.site.2, 62, 126, 188
1121098.7.peg.1369.site.1, 2, 126, 128
1121098.7.peg.1369.site.2, 0, 126, 126
1121098.7.peg.1369.site.3, 0, 125, 125
1121098.7.peg.1369.site.4, 13, 126, 139
1121098.7.peg.1369.site.5, 0, 126, 126
1121098.7.peg.1369.site.6, 4, 125, 129
1121098.7.peg.1369.site.7, 4, 126, 130
1121098.7.peg.1368.site.1, 2, 126, 128
1121098.7.peg.1368.site.2, 18, 125, 143
1121098.7.peg.1368.site.3, 3, 126, 129
1121098.7.peg.2865.site.1, 4, 126, 130
1121098.7.peg.2864.site.1, 52, 126, 178
1121098.7.peg.2864.site.2, 88, 126, 214
1121098.7.peg.2864.site.3, 8, 125, 133
1121098.7.peg.2864.site.4, 0, 126, 126
1121098.7.peg.2864.site.5, 0, 125, 125
1121098.7.peg.2866.site.1, 4, 126, 130
1121098.7.peg.2866.site.2, 87, 126, 213
1121098.7.peg.2866.site.3, 55, 126, 181
1121098.7.peg.2866.site.4, 74, 126, 200
1121098.7.peg.2866.site.5, 0, 126, 126
1121098.7.peg.2866.site.6, 53, 126, 179
1121098.7.peg.2866.site.7, 20, 126, 146
1121098.7.peg.2866.site.8, 93, 126, 219
1121098.7.peg.2861.site.1, 23, 125, 148
1121098.7.peg.2861.site.2, 53, 125, 178
1121098.7.peg.2861.site.3, 94, 126, 220
1121098.7.peg.2861.site.4, 2, 126, 128
1121098.7.peg.2861.site.5, 64, 126, 190
1121098.7.peg.2861.site.6, 0, 126, 126
1121098.7.peg.2861.site.7, 0, 126, 126
1121098.7.peg.2861.site.8, 4, 126, 130
1121098.7.peg.2861.site.9, 19, 126, 145
1121098.7.peg.2861.site.10, 0, 126, 126
1121098.7.peg.2861.site.11, 116, 126, 242
1121098.7.peg.2861.site.12, 3, 125, 128
1121098.7.peg.2861.site.13, 122, 126, 248
1121098.7.peg.2861.site.14, 3, 126, 129
1121098.7.peg.2861.site.15, 3, 126, 129
1121098.7.peg.305.site.1, 62, 126, 188
1121098.7.peg.305.site.2, 56, 126, 182
1121098.7.peg.305.site.3, 0, 125, 125
1121098.7.peg.305.site.4, 12, 126, 138
1121098.7.peg.305.site.5, 3, 126, 129
1121098.7.peg.305.site.6, 20, 125, 145
1121098.7.peg.305.site.7, 11, 125, 136
1121098.7.peg.305.site.8, 87, 126, 213
1121098.7.peg.305.site.9, 11, 125, 136
1121098.7.peg.305.site.10, 2, 126, 128
1121098.7.peg.305.site.11, 1, 126, 127
1121098.7.peg.305.site.12, 4, 126, 130
1121098.7.peg.305.site.13, 0, 126, 126
1121098.7.peg.305.site.14, 1, 126, 127
1121098.7.peg.305.site.15, 8, 125, 133
1121098.7.peg.305.site.16, 0, 126, 126
1121098.7.peg.305.site.17, 14, 125, 139
1121098.7.peg.2862.site.1, 64, 126, 190
1121098.7.peg.2862.site.2, 6, 126, 132
1121098.7.peg.2862.site.3, 57, 126, 183
1121098.7.peg.2862.site.4, 57, 126, 183
1121098.7.peg.2862.site.5, 76, 126, 202
1121098.7.peg.2862.site.6, 0, 126, 126
1121098.7.peg.2862.site.7, 2, 126, 128
1121098.7.peg.304.site.1, 0, 126, 126
1121098.7.peg.304.site.2, 0, 126, 126
1121098.7.peg.304.site.3, 4, 126, 130
1121098.7.peg.304.site.4, 11, 124, 135
1121098.7.peg.304.site.5, 0, 125, 125
1121098.7.peg.304.site.6, 14, 126, 140
1121098.7.peg.304.site.7, 0, 126, 126
1121098.7.peg.304.site.8, 1, 125, 126
1121098.7.peg.304.site.9, 1, 126, 127
1121098.7.peg.304.site.10, 59, 126, 185
1121098.7.peg.304.site.11, 7, 126, 133
1121098.7.peg.2868.site.1, 59, 126, 185
1121098.7.peg.2868.site.2, 8, 125, 133
1121098.7.peg.3084.site.1, 3, 126, 129
1121098.7.peg.3084.site.2, 0, 126, 126
1121098.7.peg.3084.site.3, 11, 126, 137
1121098.7.peg.3085.site.1, 0, 126, 126
1121098.7.peg.3085.site.2, 30, 125, 155
1121098.7.peg.3085.site.3, 2, 126, 128
1121098.7.peg.3085.site.4, 2, 126, 128
1121098.7.peg.3085.site.5, 2, 126, 128
1121098.7.peg.3085.site.6, 2, 126, 128
1121098.7.peg.3085.site.7, 9, 126, 135
1121098.7.peg.3085.site.8, 0, 126, 126
1121098.7.peg.3085.site.9, 0, 126, 126
1121098.7.peg.3085.site.10, 2, 124, 126
1121098.7.peg.3085.site.11, 2, 124, 126
1121098.7.peg.3085.site.12, 10, 126, 136
1121098.7.peg.3085.site.13, 12, 126, 138
1121098.7.peg.3085.site.14, 4, 126, 130
1121098.7.peg.3085.site.15, 65, 126, 191
1121098.7.peg.3085.site.16, 14, 125, 139
1121098.7.peg.3085.site.17, 121, 125, 246
1121098.7.peg.3085.site.18, 0, 125, 125
1121098.7.peg.3085.site.19, 2, 126, 128
1121098.7.peg.3085.site.20, 11, 126, 137
1121098.7.peg.3085.site.21, 16, 126, 142
1121098.7.peg.3085.site.22, 87, 126, 213
1121098.7.peg.3085.site.23, 72, 126, 198
1121098.7.peg.3085.site.24, 19, 126, 145
1121098.7.peg.3085.site.25, 4, 126, 130
1121098.7.peg.3085.site.26, 0, 126, 126
1121098.7.peg.3085.site.27, 2, 126, 128
1121098.7.peg.3085.site.28, 63, 126, 189
1121098.7.peg.3085.site.29, 2, 126, 128
1121098.7.peg.3085.site.30, 13, 124, 137
1121098.7.peg.3085.site.31, 4, 126, 130
1121098.7.peg.3085.site.32, 1, 126, 127
1121098.7.peg.3085.site.33, 4, 126, 130
1121098.7.peg.4044.site.1, 90, 93, 183
1121098.7.peg.4044.site.2, 0, 125, 125
1121098.7.peg.4044.site.3, 0, 125, 125
1121098.7.peg.4044.site.4, 10, 126, 136
1121098.7.peg.4044.site.5, 4, 126, 130
1121098.7.peg.4044.site.6, 0, 126, 126
1121098.7.peg.4044.site.7, 0, 126, 126
1121098.7.peg.4044.site.8, 103, 126, 229
1121098.7.peg.1561.site.1, 103, 126, 229
1121098.7.peg.1561.site.2, 88, 126, 214
1121098.7.peg.1561.site.3, 4, 126, 130
1121098.7.peg.1561.site.4, 1, 126, 127
1121098.7.peg.1561.site.5, 15, 126, 141
1121098.7.peg.1561.site.6, 0, 126, 126
1121098.7.peg.1561.site.7, 3, 125, 128
1121098.7.peg.1561.site.8, 0, 126, 126
1121098.7.peg.1561.site.9, 1, 126, 127
1121098.7.peg.1561.site.10, 1, 125, 126
1121098.7.peg.19.site.1, 28, 125, 153
1121098.7.peg.19.site.2, 78, 126, 204
1121098.7.peg.19.site.3, 83, 126, 209
1121098.7.peg.1563.site.1, 0, 126, 126
1121098.7.peg.1563.site.2, 8, 123, 131
1121098.7.peg.1563.site.3, 6, 121, 127
1121098.7.peg.1563.site.4, 6, 121, 127
1121098.7.peg.1563.site.5, 2, 121, 123
1121098.7.peg.1563.site.6, 7, 126, 133
1121098.7.peg.1563.site.7, 6, 125, 131
1121098.7.peg.1563.site.8, 1, 126, 127
1121098.7.peg.1563.site.9, 54, 126, 180
1121098.7.peg.1563.site.10, 6, 126, 132
1121098.7.peg.1563.site.11, 6, 126, 132
1121098.7.peg.1563.site.12, 51, 126, 177
1121098.7.peg.3739.site.1, 12, 126, 138
1121098.7.peg.3739.site.2, 4, 126, 130
1121098.7.peg.3739.site.3, 0, 126, 126
1121098.7.peg.3739.site.4, 4, 124, 128
1121098.7.peg.3739.site.5, 118, 123, 241
1121098.7.peg.3739.site.6, 2, 126, 128
1121098.7.peg.3739.site.7, 0, 126, 126
1121098.7.peg.4045.site.1, 4, 126, 130
1121098.7.peg.4045.site.2, 35, 126, 161
1121098.7.peg.4045.site.3, 2, 126, 128
1121098.7.peg.4045.site.4, 0, 126, 126
1121098.7.peg.4045.site.5, 17, 126, 143
1121098.7.peg.4045.site.6, 62, 126, 188
1121098.7.peg.4045.site.7, 0, 126, 126
1121098.7.peg.4045.site.8, 29, 126, 155
1121098.7.peg.4045.site.9, 9, 126, 135
1121098.7.peg.4045.site.10, 2, 126, 128
1121098.7.peg.4045.site.11, 0, 126, 126
1121098.7.peg.4045.site.12, 0, 126, 126
1121098.7.peg.4045.site.13, 0, 113, 113
1121098.7.peg.1564.site.1, 51, 125, 176
1121098.7.peg.1564.site.2, 51, 125, 176
1121098.7.peg.1564.site.3, 0, 112, 112
1121098.7.peg.1564.site.4, 13, 87, 100
1121098.7.peg.1564.site.5, 16, 90, 106
1121098.7.peg.1564.site.6, 32, 106, 138
1121098.7.peg.1564.site.7, 48, 122, 170
1121098.7.peg.1564.site.8, 51, 125, 176
1121098.7.peg.1564.site.9, 49, 125, 174
1121098.7.peg.1564.site.10, 46, 124, 170
1121098.7.peg.1564.site.11, 46, 124, 170
1121098.7.peg.1564.site.12, 0, 124, 124
1121098.7.peg.1564.site.13, 39, 117, 156
1121098.7.peg.1564.site.14, 32, 110, 142
1121098.7.peg.1564.site.15, 28, 106, 134
1121098.7.peg.1564.site.16, 19, 97, 116
1121098.7.peg.1564.site.17, 19, 97, 116
1121098.7.peg.1564.site.18, 3, 81, 84
1121098.7.peg.1564.site.19, 3, 81, 84
1121098.7.peg.1564.site.20, 13, 91, 104
1121098.7.peg.1564.site.21, 47, 125, 172
1121098.7.peg.1564.site.22, 48, 126, 174
1121098.7.peg.1564.site.23, 48, 126, 174
1121098.7.peg.1564.site.24, 49, 124, 173
1121098.7.peg.1564.site.25, 2, 76, 78
1121098.7.peg.1564.site.26, 14, 87, 101
1121098.7.peg.1564.site.27, 23, 97, 120
1121098.7.peg.1564.site.28, 52, 126, 178
1121098.7.peg.1564.site.29, 52, 125, 177
1121098.7.peg.1564.site.30, 8, 82, 90
1121098.7.peg.1564.site.31, 1, 73, 74
1121098.7.peg.1564.site.32, 1, 74, 75
1121098.7.peg.1564.site.33, 16, 89, 105
1121098.7.peg.1564.site.34, 51, 124, 175
1121098.7.peg.1564.site.35, 51, 125, 176
1121098.7.peg.1564.site.36, 0, 125, 125
1121098.7.peg.1567.site.1, 4, 126, 130
1121098.7.peg.4046.site.1, 1, 126, 127
1121098.7.peg.4046.site.2, 1, 124, 125
1121098.7.peg.4046.site.3, 8, 126, 134
1121098.7.peg.4046.site.4, 0, 126, 126
1121098.7.peg.4046.site.5, 0, 126, 126
1121098.7.peg.4046.site.6, 1, 126, 127
1121098.7.peg.4046.site.7, 4, 126, 130
1121098.7.peg.4046.site.8, 0, 126, 126
1121098.7.peg.4046.site.9, 87, 126, 213
1121098.7.peg.4046.site.10, 4, 126, 130
1121098.7.peg.4046.site.11, 3, 126, 129
1121098.7.peg.4046.site.12, 4, 126, 130
1121098.7.peg.4046.site.13, 3, 126, 129
1121098.7.peg.4046.site.14, 0, 118, 118
1121098.7.peg.1569.site.1, 0, 126, 126
1121098.7.peg.1569.site.2, 54, 126, 180
1121098.7.peg.1569.site.3, 90, 125, 215
1121098.7.peg.1569.site.4, 4, 126, 130
1121098.7.peg.1569.site.5, 0, 115, 115
1121098.7.peg.1569.site.6, 6, 126, 132
1121098.7.peg.1569.site.7, 0, 125, 125
1121098.7.peg.1569.site.8, 1, 126, 127
1121098.7.peg.1569.site.9, 56, 126, 182
1121098.7.peg.1569.site.10, 0, 126, 126
1121098.7.peg.1569.site.11, 58, 126, 184
1121098.7.peg.1569.site.12, 120, 125, 245
1121098.7.peg.1568.site.1, 0, 126, 126
1121098.7.peg.1568.site.2, 0, 126, 126
1121098.7.peg.1568.site.3, 12, 126, 138
1121098.7.peg.1568.site.4, 94, 126, 220
1121098.7.peg.1568.site.5, 53, 126, 179
1121098.7.peg.1568.site.6, 0, 126, 126
1121098.7.peg.1568.site.7, 107, 126, 233
1121098.7.peg.1568.site.8, 0, 126, 126
1121098.7.peg.1568.site.9, 15, 125, 140
1121098.7.peg.1568.site.10, 0, 125, 125
1121098.7.peg.1568.site.11, 48, 126, 174
1121098.7.peg.12.site.1, 20, 125, 145
1121098.7.peg.13.site.1, 56, 125, 181
1121098.7.peg.13.site.2, 2, 126, 128
1121098.7.peg.13.site.3, 0, 124, 124
1121098.7.peg.13.site.4, 0, 125, 125
1121098.7.peg.14.site.1, 0, 126, 126
1121098.7.peg.14.site.2, 15, 125, 140
1121098.7.peg.14.site.3, 0, 126, 126
1121098.7.peg.14.site.4, 0, 126, 126
1121098.7.peg.14.site.5, 31, 125, 156
1121098.7.peg.14.site.6, 0, 126, 126
1121098.7.peg.14.site.7, 4, 126, 130
1121098.7.peg.15.site.1, 0, 126, 126
1121098.7.peg.15.site.2, 0, 125, 125
1121098.7.peg.15.site.3, 104, 126, 230
1121098.7.peg.15.site.4, 58, 126, 184
1121098.7.peg.15.site.5, 0, 126, 126
1121098.7.peg.15.site.6, 9, 126, 135
1121098.7.peg.15.site.7, 0, 125, 125
1121098.7.peg.15.site.8, 1, 126, 127
1121098.7.peg.15.site.9, 0, 126, 126
1121098.7.peg.15.site.10, 52, 126, 178
1121098.7.peg.15.site.11, 64, 126, 190
1121098.7.peg.15.site.12, 3, 126, 129
1121098.7.peg.15.site.13, 0, 125, 125
1121098.7.peg.15.site.14, 52, 126, 178
1121098.7.peg.15.site.15, 65, 126, 191
1121098.7.peg.15.site.16, 64, 125, 189
1121098.7.peg.15.site.17, 64, 125, 189
1121098.7.peg.15.site.18, 54, 126, 180
1121098.7.peg.15.site.19, 3, 126, 129
1121098.7.peg.15.site.20, 0, 125, 125
1121098.7.peg.15.site.21, 32, 124, 156
1121098.7.peg.15.site.22, 57, 125, 182
1121098.7.peg.15.site.23, 2, 126, 128
1121098.7.peg.15.site.24, 2, 125, 127
1121098.7.peg.15.site.25, 12, 126, 138
1121098.7.peg.15.site.26, 1, 126, 127
1121098.7.peg.15.site.27, 0, 126, 126
1121098.7.peg.15.site.28, 0, 126, 126
1121098.7.peg.15.site.29, 20, 125, 145
1121098.7.peg.15.site.30, 1, 126, 127
1121098.7.peg.15.site.31, 103, 124, 227
1121098.7.peg.16.site.1, 115, 126, 241
1121098.7.peg.16.site.2, 11, 125, 136
1121098.7.peg.16.site.3, 6, 124, 130
1121098.7.peg.16.site.4, 58, 123, 181
1121098.7.peg.16.site.5, 3, 126, 129
1121098.7.peg.16.site.6, 3, 126, 129
1121098.7.peg.16.site.7, 10, 126, 136
1121098.7.peg.16.site.8, 51, 125, 176
1121098.7.peg.16.site.9, 3, 126, 129
1121098.7.peg.16.site.10, 68, 126, 194
1121098.7.peg.16.site.11, 0, 126, 126
1121098.7.peg.16.site.12, 0, 123, 123
1121098.7.peg.16.site.13, 4, 126, 130
1121098.7.peg.16.site.14, 1, 125, 126
1121098.7.peg.16.site.15, 1, 124, 125
1121098.7.peg.16.site.16, 1, 125, 126
1121098.7.peg.17.site.1, 88, 125, 213
1121098.7.peg.17.site.2, 3, 126, 129
1121098.7.peg.17.site.3, 1, 126, 127
1121098.7.peg.17.site.4, 57, 126, 183
1121098.7.peg.17.site.5, 1, 126, 127
1121098.7.peg.17.site.6, 0, 126, 126
1121098.7.peg.17.site.7, 58, 125, 183
1121098.7.peg.17.site.8, 12, 126, 138
1121098.7.peg.17.site.9, 20, 125, 145
1121098.7.peg.17.site.10, 22, 126, 148
1121098.7.peg.17.site.11, 0, 126, 126
1121098.7.peg.2918.site.1, 0, 126, 126
1121098.7.peg.2918.site.2, 82, 125, 207
1121098.7.peg.2918.site.3, 2, 126, 128
1121098.7.peg.2918.site.4, 0, 126, 126
1121098.7.peg.2918.site.5, 0, 126, 126
1121098.7.peg.2918.site.6, 4, 126, 130
1121098.7.peg.2918.site.7, 0, 126, 126
1121098.7.peg.2918.site.8, 1, 126, 127
1121098.7.peg.2918.site.9, 0, 126, 126
1121098.7.peg.2918.site.10, 0, 126, 126
1121098.7.peg.2918.site.11, 0, 126, 126
1121098.7.peg.3082.site.1, 1, 126, 127
1121098.7.peg.3082.site.2, 1, 126, 127
1121098.7.peg.3082.site.3, 97, 126, 223
1121098.7.peg.3082.site.4, 1, 126, 127
1121098.7.peg.3082.site.5, 1, 126, 127
1121098.7.peg.3082.site.6, 64, 126, 190
1121098.7.peg.3082.site.7, 5, 125, 130
1121098.7.peg.3082.site.8, 5, 126, 131
1121098.7.peg.3082.site.9, 44, 125, 169
1121098.7.peg.3082.site.10, 4, 126, 130
1121098.7.peg.3082.site.11, 0, 126, 126
1121098.7.peg.3082.site.12, 0, 126, 126
1121098.7.peg.3082.site.13, 2, 125, 127
1121098.7.peg.3082.site.14, 51, 125, 176
1121098.7.peg.3082.site.15, 104, 125, 229
1121098.7.peg.3082.site.16, 6, 126, 132
1121098.7.peg.3082.site.17, 0, 126, 126
1121098.7.peg.3082.site.18, 104, 125, 229
1121098.7.peg.3082.site.19, 15, 126, 141
1121098.7.peg.3082.site.20, 0, 126, 126
1121098.7.peg.3082.site.21, 22, 125, 147
1121098.7.peg.3082.site.22, 2, 126, 128
1121098.7.peg.3082.site.23, 0, 126, 126
1121098.7.peg.3082.site.24, 0, 126, 126
1121098.7.peg.3082.site.25, 1, 126, 127
1121098.7.peg.3082.site.26, 0, 126, 126
1121098.7.peg.3082.site.27, 46, 126, 172
1121098.7.peg.2911.site.1, 58, 125, 183
1121098.7.peg.2911.site.2, 4, 126, 130
1121098.7.peg.2911.site.3, 0, 126, 126
1121098.7.peg.2911.site.4, 0, 126, 126
1121098.7.peg.2911.site.5, 52, 126, 178
1121098.7.peg.2911.site.6, 1, 126, 127
1121098.7.peg.2911.site.7, 0, 126, 126
1121098.7.peg.2911.site.8, 2, 126, 128
1121098.7.peg.2911.site.9, 24, 125, 149
1121098.7.peg.2911.site.10, 0, 126, 126
1121098.7.peg.2910.site.1, 0, 123, 123
1121098.7.peg.2910.site.2, 0, 126, 126
1121098.7.peg.2913.site.1, 0, 126, 126
1121098.7.peg.2913.site.2, 7, 126, 133
1121098.7.peg.2913.site.3, 63, 125, 188
1121098.7.peg.2913.site.4, 55, 125, 180
1121098.7.peg.2912.site.1, 65, 126, 191
1121098.7.peg.2912.site.2, 10, 126, 136
1121098.7.peg.2912.site.3, 1, 126, 127
1121098.7.peg.2912.site.4, 0, 126, 126
1121098.7.peg.2912.site.5, 0, 126, 126
1121098.7.peg.2912.site.6, 19, 110, 129
1121098.7.peg.2912.site.7, 2, 126, 128
1121098.7.peg.2915.site.1, 0, 113, 113
1121098.7.peg.2915.site.2, 4, 125, 129
1121098.7.peg.2915.site.3, 0, 126, 126
1121098.7.peg.2915.site.4, 68, 125, 193
1121098.7.peg.2915.site.5, 0, 125, 125
1121098.7.peg.2915.site.6, 4, 126, 130
1121098.7.peg.2914.site.1, 0, 126, 126
1121098.7.peg.2914.site.2, 55, 126, 181
1121098.7.peg.2914.site.3, 0, 125, 125
1121098.7.peg.2914.site.4, 7, 126, 133
1121098.7.peg.2914.site.5, 14, 126, 140
1121098.7.peg.2914.site.6, 3, 126, 129
1121098.7.peg.2914.site.7, 3, 126, 129
1121098.7.peg.2914.site.8, 29, 126, 155
1121098.7.peg.2914.site.9, 12, 126, 138
1121098.7.peg.2914.site.10, 55, 126, 181
1121098.7.peg.2917.site.1, 116, 123, 239
1121098.7.peg.2917.site.2, 57, 126, 183
1121098.7.peg.2917.site.3, 1, 126, 127
1121098.7.peg.3327.site.1, 0, 126, 126
1121098.7.peg.3327.site.2, 44, 126, 170
1121098.7.peg.3327.site.3, 113, 126, 239
1121098.7.peg.3327.site.4, 60, 126, 186
1121098.7.peg.3327.site.5, 1, 126, 127
1121098.7.peg.3327.site.6, 0, 126, 126
1121098.7.peg.3327.site.7, 112, 126, 238
1121098.7.peg.3327.site.8, 27, 125, 152
1121098.7.peg.3327.site.9, 5, 126, 131
1121098.7.peg.3327.site.10, 50, 126, 176
1121098.7.peg.3327.site.11, 0, 126, 126
1121098.7.peg.3327.site.12, 9, 126, 135
1121098.7.peg.3327.site.13, 15, 126, 141
1121098.7.peg.3327.site.14, 65, 126, 191
1121098.7.peg.3326.site.1, 12, 124, 136
1121098.7.peg.3326.site.2, 79, 124, 203
1121098.7.peg.3326.site.3, 115, 126, 241
1121098.7.peg.3326.site.4, 0, 126, 126
1121098.7.peg.3326.site.5, 8, 126, 134
1121098.7.peg.3326.site.6, 4, 125, 129
1121098.7.peg.3326.site.7, 65, 126, 191
1121098.7.peg.3326.site.8, 51, 126, 177
1121098.7.peg.3326.site.9, 7, 126, 133
1121098.7.peg.3326.site.10, 64, 126, 190
1121098.7.peg.3320.site.1, 0, 126, 126
1121098.7.peg.3320.site.2, 0, 125, 125
1121098.7.peg.3320.site.3, 0, 126, 126
1121098.7.peg.3320.site.4, 20, 126, 146
1121098.7.peg.3320.site.5, 5, 125, 130
1121098.7.peg.3320.site.6, 5, 126, 131
1121098.7.peg.3320.site.7, 8, 126, 134
1121098.7.peg.3320.site.8, 3, 126, 129
1121098.7.peg.3320.site.9, 0, 126, 126
1121098.7.peg.3320.site.10, 1, 126, 127
1121098.7.peg.3320.site.11, 0, 126, 126
1121098.7.peg.2945.site.1, 0, 126, 126
1121098.7.peg.2945.site.2, 0, 126, 126
1121098.7.peg.2945.site.3, 1, 124, 125
1121098.7.peg.2945.site.4, 0, 126, 126
1121098.7.peg.2945.site.5, 0, 126, 126
1121098.7.peg.2945.site.6, 2, 125, 127
1121098.7.peg.2945.site.7, 1, 126, 127
1121098.7.peg.2945.site.8, 2, 125, 127
1121098.7.peg.2945.site.9, 0, 126, 126
1121098.7.peg.2945.site.10, 3, 126, 129
1121098.7.peg.2945.site.11, 62, 126, 188
1121098.7.peg.2945.site.12, 15, 125, 140
1121098.7.peg.2945.site.13, 4, 126, 130
1121098.7.peg.2945.site.14, 0, 126, 126
1121098.7.peg.3323.site.1, 1, 126, 127
1121098.7.peg.3323.site.2, 1, 126, 127
1121098.7.peg.3323.site.3, 4, 126, 130
1121098.7.peg.3323.site.4, 0, 126, 126
1121098.7.peg.3323.site.5, 0, 126, 126
1121098.7.peg.3323.site.6, 12, 126, 138
1121098.7.peg.3322.site.1, 12, 125, 137
1121098.7.peg.3322.site.2, 26, 126, 152
1121098.7.peg.3322.site.3, 1, 126, 127
1121098.7.peg.3322.site.4, 2, 126, 128
1121098.7.peg.3322.site.5, 12, 126, 138
1121098.7.peg.3322.site.6, 1, 125, 126
1121098.7.peg.3322.site.7, 4, 126, 130
1121098.7.peg.3322.site.8, 8, 126, 134
1121098.7.peg.3322.site.9, 4, 125, 129
1121098.7.peg.3322.site.10, 1, 126, 127
1121098.7.peg.3322.site.11, 13, 124, 137
1121098.7.peg.3322.site.12, 3, 126, 129
1121098.7.peg.3322.site.13, 3, 126, 129
1121098.7.peg.3322.site.14, 0, 126, 126
1121098.7.peg.3322.site.15, 0, 126, 126
1121098.7.peg.4331.site.1, 23, 125, 148
1121098.7.peg.3066.site.1, 0, 126, 126
1121098.7.peg.3066.site.2, 0, 125, 125
1121098.7.peg.3066.site.3, 5, 125, 130
1121098.7.peg.3066.site.4, 3, 126, 129
1121098.7.peg.3066.site.5, 7, 125, 132
1121098.7.peg.3066.site.6, 2, 125, 127
1121098.7.peg.3066.site.7, 0, 126, 126
1121098.7.peg.3371.site.1, 0, 126, 126
1121098.7.peg.3371.site.2, 59, 122, 181
1121098.7.peg.3371.site.3, 0, 126, 126
1121098.7.peg.3957.site.1, 8, 126, 134
1121098.7.peg.3957.site.2, 0, 126, 126
1121098.7.peg.3957.site.3, 1, 125, 126
1121098.7.peg.3957.site.4, 1, 125, 126
1121098.7.peg.3955.site.1, 0, 124, 124
1121098.7.peg.3955.site.2, 0, 125, 125
1121098.7.peg.3955.site.3, 98, 125, 223
1121098.7.peg.3955.site.4, 0, 125, 125
1121098.7.peg.3955.site.5, 0, 125, 125
1121098.7.peg.3955.site.6, 4, 124, 128
1121098.7.peg.3955.site.7, 24, 124, 148
1121098.7.peg.3955.site.8, 2, 124, 126
1121098.7.peg.3955.site.9, 7, 123, 130
1121098.7.peg.3959.site.1, 0, 126, 126
1121098.7.peg.3959.site.2, 4, 126, 130
1121098.7.peg.3959.site.3, 51, 125, 176
1121098.7.peg.3959.site.4, 20, 126, 146
1121098.7.peg.3959.site.5, 64, 126, 190
1121098.7.peg.4290.site.1, 51, 126, 177
1121098.7.peg.4290.site.2, 0, 126, 126
1121098.7.peg.4290.site.3, 4, 126, 130
1121098.7.peg.4290.site.4, 5, 126, 131
1121098.7.peg.4290.site.5, 102, 126, 228
1121098.7.peg.4290.site.6, 0, 126, 126
1121098.7.peg.4290.site.7, 14, 126, 140
1121098.7.peg.4290.site.8, 64, 125, 189
1121098.7.peg.4290.site.9, 12, 126, 138
1121098.7.peg.4290.site.10, 0, 126, 126
1121098.7.peg.4290.site.11, 48, 126, 174
1121098.7.peg.4290.site.12, 53, 125, 178
1121098.7.peg.4290.site.13, 10, 126, 136
1121098.7.peg.4290.site.14, 56, 126, 182
1121098.7.peg.4290.site.15, 0, 126, 126
1121098.7.peg.4291.site.1, 10, 126, 136
1121098.7.peg.4294.site.1, 0, 126, 126
1121098.7.peg.4294.site.2, 7, 126, 133
1121098.7.peg.4294.site.3, 1, 126, 127
1121098.7.peg.4294.site.4, 4, 126, 130
1121098.7.peg.4294.site.5, 13, 126, 139
1121098.7.peg.4294.site.6, 12, 126, 138
1121098.7.peg.4294.site.7, 17, 126, 143
1121098.7.peg.4294.site.8, 18, 125, 143
1121098.7.peg.4294.site.9, 121, 126, 247
1121098.7.peg.4294.site.10, 1, 126, 127
1121098.7.peg.4294.site.11, 20, 125, 145
1121098.7.peg.2608.site.1, 3, 126, 129
1121098.7.peg.2608.site.2, 3, 126, 129
1121098.7.peg.2608.site.3, 4, 126, 130
1121098.7.peg.2608.site.4, 3, 126, 129
1121098.7.peg.2608.site.5, 0, 126, 126
1121098.7.peg.2608.site.6, 53, 126, 179
1121098.7.peg.2608.site.7, 119, 125, 244
1121098.7.peg.2608.site.8, 0, 126, 126
1121098.7.peg.2608.site.9, 2, 126, 128
1121098.7.peg.2608.site.10, 114, 125, 239
1121098.7.peg.2608.site.11, 13, 126, 139
1121098.7.peg.4297.site.1, 13, 125, 138
1121098.7.peg.4297.site.2, 1, 126, 127
1121098.7.peg.4297.site.3, 1, 126, 127
1121098.7.peg.4297.site.4, 19, 126, 145
1121098.7.peg.4297.site.5, 2, 126, 128
1121098.7.peg.4297.site.6, 4, 126, 130
1121098.7.peg.4297.site.7, 47, 125, 172
1121098.7.peg.4297.site.8, 1, 124, 125
1121098.7.peg.4297.site.9, 1, 126, 127
1121098.7.peg.4297.site.10, 31, 126, 157
1121098.7.peg.4297.site.11, 15, 126, 141
1121098.7.peg.4297.site.12, 1, 124, 125
1121098.7.peg.4297.site.13, 7, 125, 132
1121098.7.peg.4297.site.14, 7, 124, 131
1121098.7.peg.4297.site.15, 54, 126, 180
1121098.7.peg.4297.site.16, 0, 126, 126
1121098.7.peg.4297.site.17, 12, 126, 138
1121098.7.peg.4297.site.18, 5, 126, 131
1121098.7.peg.2605.site.1, 0, 126, 126
1121098.7.peg.2605.site.2, 0, 126, 126
1121098.7.peg.2605.site.3, 12, 126, 138
1121098.7.peg.2605.site.4, 0, 126, 126
1121098.7.peg.2605.site.5, 4, 126, 130
1121098.7.peg.2605.site.6, 3, 126, 129
1121098.7.peg.2605.site.7, 65, 126, 191
1121098.7.peg.2605.site.8, 0, 126, 126
1121098.7.peg.2605.site.9, 41, 126, 167
1121098.7.peg.2605.site.10, 90, 125, 215
1121098.7.peg.2605.site.11, 0, 124, 124
1121098.7.peg.2605.site.12, 43, 126, 169
1121098.7.peg.2605.site.13, 60, 125, 185
1121098.7.peg.2605.site.14, 7, 124, 131
1121098.7.peg.2605.site.15, 0, 126, 126
1121098.7.peg.2605.site.16, 0, 126, 126
1121098.7.peg.2605.site.17, 49, 126, 175
1121098.7.peg.2604.site.1, 12, 126, 138
1121098.7.peg.2604.site.2, 121, 126, 247
1121098.7.peg.2604.site.3, 7, 126, 133
1121098.7.peg.2604.site.4, 2, 125, 127
1121098.7.peg.2604.site.5, 1, 126, 127
1121098.7.peg.2604.site.6, 3, 126, 129
1121098.7.peg.2604.site.7, 3, 126, 129
1121098.7.peg.2604.site.8, 2, 126, 128
1121098.7.peg.2604.site.9, 5, 125, 130
1121098.7.peg.2604.site.10, 4, 126, 130
1121098.7.peg.2604.site.11, 0, 126, 126
1121098.7.peg.2607.site.1, 84, 125, 209
1121098.7.peg.2607.site.2, 4, 125, 129
1121098.7.peg.2607.site.3, 14, 126, 140
1121098.7.peg.2607.site.4, 5, 126, 131
1121098.7.peg.2607.site.5, 107, 124, 231
1121098.7.peg.2606.site.1, 0, 126, 126
1121098.7.peg.2606.site.2, 2, 126, 128
1121098.7.peg.2606.site.3, 41, 126, 167
1121098.7.peg.2601.site.1, 0, 126, 126
1121098.7.peg.2601.site.2, 3, 125, 128
1121098.7.peg.2601.site.3, 1, 126, 127
1121098.7.peg.2601.site.4, 49, 126, 175
1121098.7.peg.2601.site.5, 120, 125, 245
1121098.7.peg.2601.site.6, 1, 125, 126
1121098.7.peg.2601.site.7, 0, 126, 126
1121098.7.peg.2601.site.8, 103, 125, 228
1121098.7.peg.2601.site.9, 6, 126, 132
1121098.7.peg.2600.site.1, 0, 124, 124
1121098.7.peg.2600.site.2, 1, 121, 122
1121098.7.peg.2600.site.3, 8, 124, 132
1121098.7.peg.2603.site.1, 3, 126, 129
1121098.7.peg.2603.site.2, 1, 125, 126
1121098.7.peg.2603.site.3, 0, 124, 124
1121098.7.peg.2603.site.4, 52, 124, 176
1121098.7.peg.2603.site.5, 9, 125, 134
1121098.7.peg.2603.site.6, 4, 124, 128
1121098.7.peg.2603.site.7, 1, 124, 125
1121098.7.peg.2603.site.8, 1, 126, 127
1121098.7.peg.2602.site.1, 2, 122, 124
1121098.7.peg.2602.site.2, 0, 121, 121
1121098.7.peg.2602.site.3, 38, 125, 163
1121098.7.peg.2602.site.4, 25, 124, 149
1121098.7.peg.2602.site.5, 0, 126, 126
1121098.7.peg.3765.site.1, 12, 125, 137
1121098.7.peg.3765.site.2, 0, 124, 124
1121098.7.peg.3765.site.3, 0, 126, 126
1121098.7.peg.3765.site.4, 15, 126, 141
1121098.7.peg.3765.site.5, 12, 126, 138
1121098.7.peg.3765.site.6, 0, 126, 126
1121098.7.peg.3765.site.7, 2, 126, 128
1121098.7.peg.3765.site.8, 2, 126, 128
1121098.7.peg.3765.site.9, 65, 125, 190
1121098.7.peg.3765.site.10, 51, 126, 177
1121098.7.peg.3765.site.11, 21, 126, 147
1121098.7.peg.3765.site.12, 0, 126, 126
1121098.7.peg.3765.site.13, 1, 125, 126
1121098.7.peg.3765.site.14, 0, 126, 126
1121098.7.peg.3765.site.15, 0, 125, 125
1121098.7.peg.3765.site.16, 122, 126, 248
1121098.7.peg.3765.site.17, 0, 126, 126
1121098.7.peg.3765.site.18, 1, 126, 127
1121098.7.peg.3765.site.19, 0, 126, 126
1121098.7.peg.3765.site.20, 5, 126, 131
1121098.7.peg.3765.site.21, 16, 126, 142
1121098.7.peg.3765.site.22, 6, 126, 132
1121098.7.peg.3765.site.23, 3, 126, 129
1121098.7.peg.3765.site.24, 3, 126, 129
1121098.7.peg.508.site.1, 3, 126, 129
1121098.7.peg.508.site.2, 0, 126, 126
1121098.7.peg.508.site.3, 0, 126, 126
1121098.7.peg.508.site.4, 2, 126, 128
1121098.7.peg.508.site.5, 2, 126, 128
1121098.7.peg.508.site.6, 0, 126, 126
1121098.7.peg.508.site.7, 3, 126, 129
1121098.7.peg.508.site.8, 49, 126, 175
1121098.7.peg.508.site.9, 32, 125, 157
1121098.7.peg.508.site.10, 0, 126, 126
1121098.7.peg.508.site.11, 52, 125, 177
1121098.7.peg.508.site.12, 0, 126, 126
1121098.7.peg.3377.site.1, 5, 126, 131
1121098.7.peg.3377.site.2, 0, 126, 126
1121098.7.peg.3377.site.3, 4, 126, 130
1121098.7.peg.3377.site.4, 3, 126, 129
1121098.7.peg.3377.site.5, 0, 126, 126
1121098.7.peg.3377.site.6, 32, 126, 158
1121098.7.peg.3377.site.7, 4, 126, 130
1121098.7.peg.470.site.1, 2, 126, 128
1121098.7.peg.470.site.2, 6, 126, 132
1121098.7.peg.470.site.3, 95, 126, 221
1121098.7.peg.470.site.4, 65, 126, 191
1121098.7.peg.470.site.5, 0, 126, 126
1121098.7.peg.470.site.6, 0, 126, 126
1121098.7.peg.470.site.7, 52, 126, 178
1121098.7.peg.470.site.8, 12, 126, 138
1121098.7.peg.470.site.9, 0, 126, 126
1121098.7.peg.470.site.10, 0, 126, 126
1121098.7.peg.470.site.11, 7, 126, 133
1121098.7.peg.470.site.12, 0, 126, 126
1121098.7.peg.470.site.13, 0, 96, 96
1121098.7.peg.473.site.1, 0, 125, 125
1121098.7.peg.473.site.2, 52, 126, 178
1121098.7.peg.473.site.3, 0, 126, 126
1121098.7.peg.473.site.4, 1, 126, 127
1121098.7.peg.473.site.5, 0, 126, 126
1121098.7.peg.473.site.6, 12, 126, 138
1121098.7.peg.473.site.7, 4, 126, 130
1121098.7.peg.473.site.8, 0, 126, 126
1121098.7.peg.473.site.9, 2, 126, 128
1121098.7.peg.473.site.10, 14, 125, 139
1121098.7.peg.473.site.11, 4, 126, 130
1121098.7.peg.473.site.12, 4, 126, 130
1121098.7.peg.473.site.13, 62, 126, 188
1121098.7.peg.473.site.14, 63, 126, 189
1121098.7.peg.473.site.15, 122, 126, 248
1121098.7.peg.473.site.16, 1, 126, 127
1121098.7.peg.3764.site.1, 0, 126, 126
1121098.7.peg.3764.site.2, 0, 126, 126
1121098.7.peg.3764.site.3, 0, 126, 126
1121098.7.peg.3764.site.4, 58, 126, 184
1121098.7.peg.3764.site.5, 0, 126, 126
1121098.7.peg.3764.site.6, 15, 126, 141
1121098.7.peg.3764.site.7, 0, 126, 126
1121098.7.peg.3764.site.8, 0, 126, 126
1121098.7.peg.3764.site.9, 3, 126, 129
1121098.7.peg.3764.site.10, 0, 126, 126
1121098.7.peg.3764.site.11, 0, 126, 126
1121098.7.peg.2731.site.1, 12, 124, 136
1121098.7.peg.2731.site.2, 1, 126, 127
1121098.7.peg.2731.site.3, 0, 126, 126
1121098.7.peg.2731.site.4, 1, 126, 127
1121098.7.peg.2731.site.5, 86, 125, 211
1121098.7.peg.2731.site.6, 0, 126, 126
1121098.7.peg.2731.site.7, 3, 126, 129
1121098.7.peg.2731.site.8, 0, 126, 126
1121098.7.peg.2731.site.9, 4, 126, 130
1121098.7.peg.2731.site.10, 101, 125, 226
1121098.7.peg.2731.site.11, 0, 126, 126
1121098.7.peg.2731.site.12, 0, 126, 126
1121098.7.peg.2730.site.1, 0, 124, 124
1121098.7.peg.2730.site.2, 110, 126, 236
1121098.7.peg.2730.site.3, 3, 126, 129
1121098.7.peg.2730.site.4, 0, 126, 126
1121098.7.peg.2730.site.5, 0, 126, 126
1121098.7.peg.2730.site.6, 54, 126, 180
1121098.7.peg.2733.site.1, 2, 126, 128
1121098.7.peg.2733.site.2, 11, 126, 137
1121098.7.peg.2733.site.3, 2, 126, 128
1121098.7.peg.2733.site.4, 3, 126, 129
1121098.7.peg.2733.site.5, 0, 126, 126
1121098.7.peg.2733.site.6, 1, 126, 127
1121098.7.peg.2733.site.7, 3, 126, 129
1121098.7.peg.2733.site.8, 0, 124, 124
1121098.7.peg.2733.site.9, 0, 123, 123
1121098.7.peg.2733.site.10, 0, 124, 124
1121098.7.peg.1009.site.1, 0, 126, 126
1121098.7.peg.1009.site.2, 1, 126, 127
1121098.7.peg.1009.site.3, 62, 125, 187
1121098.7.peg.1009.site.4, 2, 126, 128
1121098.7.peg.1009.site.5, 0, 126, 126
1121098.7.peg.1009.site.6, 75, 126, 201
1121098.7.peg.1009.site.7, 0, 125, 125
1121098.7.peg.1009.site.8, 121, 125, 246
1121098.7.peg.1009.site.9, 4, 126, 130
1121098.7.peg.1009.site.10, 46, 126, 172
1121098.7.peg.1009.site.11, 46, 126, 172
1121098.7.peg.1009.site.12, 0, 126, 126
1121098.7.peg.2735.site.1, 3, 123, 126
1121098.7.peg.2735.site.2, 3, 126, 129
1121098.7.peg.2735.site.3, 1, 125, 126
1121098.7.peg.2735.site.4, 44, 125, 169
1121098.7.peg.2735.site.5, 9, 126, 135
1121098.7.peg.2735.site.6, 0, 126, 126
1121098.7.peg.2735.site.7, 51, 125, 176
1121098.7.peg.2735.site.8, 15, 125, 140
1121098.7.peg.2735.site.9, 0, 126, 126
1121098.7.peg.2735.site.10, 12, 126, 138
1121098.7.peg.2735.site.11, 0, 125, 125
1121098.7.peg.2735.site.12, 5, 125, 130
1121098.7.peg.2735.site.13, 2, 125, 127
1121098.7.peg.2734.site.1, 0, 124, 124
1121098.7.peg.2734.site.2, 16, 123, 139
1121098.7.peg.2734.site.3, 0, 124, 124
1121098.7.peg.2734.site.4, 72, 123, 195
1121098.7.peg.2736.site.1, 10, 126, 136
1121098.7.peg.2736.site.2, 1, 126, 127
1121098.7.peg.2736.site.3, 0, 126, 126
1121098.7.peg.1002.site.1, 0, 126, 126
1121098.7.peg.1002.site.2, 8, 126, 134
1121098.7.peg.1002.site.3, 1, 125, 126
1121098.7.peg.1002.site.4, 58, 125, 183
1121098.7.peg.1002.site.5, 53, 126, 179
1121098.7.peg.1002.site.6, 14, 126, 140
1121098.7.peg.1002.site.7, 112, 125, 237
1121098.7.peg.1002.site.8, 7, 126, 133
1121098.7.peg.1002.site.9, 1, 126, 127
1121098.7.peg.1002.site.10, 55, 126, 181
1121098.7.peg.1002.site.11, 0, 126, 126
1121098.7.peg.1003.site.1, 3, 126, 129
1121098.7.peg.1003.site.2, 0, 126, 126
1121098.7.peg.1003.site.3, 24, 126, 150
1121098.7.peg.1003.site.4, 49, 126, 175
1121098.7.peg.1003.site.5, 3, 126, 129
1121098.7.peg.1000.site.1, 0, 125, 125
1121098.7.peg.1000.site.2, 62, 126, 188
1121098.7.peg.1000.site.3, 4, 126, 130
1121098.7.peg.1000.site.4, 0, 126, 126
1121098.7.peg.1000.site.5, 45, 126, 171
1121098.7.peg.1000.site.6, 6, 126, 132
1121098.7.peg.1000.site.7, 16, 125, 141
1121098.7.peg.1000.site.8, 2, 126, 128
1121098.7.peg.1001.site.1, 1, 126, 127
1121098.7.peg.1001.site.2, 1, 126, 127
1121098.7.peg.1001.site.3, 35, 125, 160
1121098.7.peg.1001.site.4, 5, 126, 131
1121098.7.peg.1001.site.5, 2, 125, 127
1121098.7.peg.1001.site.6, 0, 125, 125
1121098.7.peg.1001.site.7, 0, 126, 126
1121098.7.peg.1001.site.8, 20, 125, 145
1121098.7.peg.1006.site.1, 0, 125, 125
1121098.7.peg.1006.site.2, 7, 126, 133
1121098.7.peg.1006.site.3, 0, 125, 125
1121098.7.peg.1006.site.4, 2, 125, 127
1121098.7.peg.1006.site.5, 49, 126, 175
1121098.7.peg.1006.site.6, 77, 125, 202
1121098.7.peg.1006.site.7, 1, 126, 127
1121098.7.peg.1006.site.8, 121, 126, 247
1121098.7.peg.1006.site.9, 3, 126, 129
1121098.7.peg.1006.site.10, 1, 126, 127
1121098.7.peg.1006.site.11, 0, 125, 125
1121098.7.peg.1006.site.12, 69, 125, 194
1121098.7.peg.1006.site.13, 0, 126, 126
1121098.7.peg.1006.site.14, 49, 126, 175
1121098.7.peg.1007.site.1, 0, 126, 126
1121098.7.peg.1007.site.2, 7, 126, 133
1121098.7.peg.1007.site.3, 0, 126, 126
1121098.7.peg.1007.site.4, 23, 126, 149
1121098.7.peg.1004.site.1, 3, 126, 129
1121098.7.peg.1004.site.2, 36, 126, 162
1121098.7.peg.1004.site.3, 2, 125, 127
1121098.7.peg.1004.site.4, 0, 126, 126
1121098.7.peg.1004.site.5, 2, 126, 128
1121098.7.peg.1004.site.6, 10, 126, 136
1121098.7.peg.1004.site.7, 0, 126, 126
1121098.7.peg.1004.site.8, 0, 125, 125
1121098.7.peg.1004.site.9, 81, 126, 207
1121098.7.peg.1004.site.10, 0, 126, 126
1121098.7.peg.1004.site.11, 91, 126, 217
1121098.7.peg.1004.site.12, 15, 126, 141
1121098.7.peg.1004.site.13, 3, 126, 129
1121098.7.peg.1004.site.14, 0, 126, 126
1121098.7.peg.1004.site.15, 0, 126, 126
1121098.7.peg.1005.site.1, 4, 126, 130
1121098.7.peg.1005.site.2, 122, 126, 248
1121098.7.peg.1005.site.3, 6, 125, 131
1121098.7.peg.1005.site.4, 0, 123, 123
1121098.7.peg.1005.site.5, 0, 125, 125
1121098.7.peg.1005.site.6, 25, 125, 150
1121098.7.peg.1005.site.7, 5, 126, 131
1121098.7.peg.1005.site.8, 0, 126, 126
1121098.7.peg.1005.site.9, 35, 126, 161
1121098.7.peg.1005.site.10, 17, 126, 143
1121098.7.peg.477.site.1, 20, 126, 146
1121098.7.peg.477.site.2, 8, 126, 134
1121098.7.peg.477.site.3, 73, 126, 199
1121098.7.peg.477.site.4, 56, 125, 181
1121098.7.peg.476.site.1, 12, 126, 138
1121098.7.peg.476.site.2, 4, 126, 130
1121098.7.peg.476.site.3, 16, 126, 142
1121098.7.peg.476.site.4, 0, 126, 126
1121098.7.peg.476.site.5, 0, 125, 125
1121098.7.peg.476.site.6, 53, 126, 179
1121098.7.peg.476.site.7, 4, 126, 130
1121098.7.peg.476.site.8, 16, 126, 142
1121098.7.peg.476.site.9, 4, 126, 130
1121098.7.peg.476.site.10, 16, 125, 141
1121098.7.peg.476.site.11, 13, 126, 139
1121098.7.peg.476.site.12, 3, 126, 129
1121098.7.peg.476.site.13, 58, 126, 184
1121098.7.peg.476.site.14, 1, 125, 126
1121098.7.peg.476.site.15, 84, 124, 208
1121098.7.peg.3062.site.1, 8, 126, 134
1121098.7.peg.3658.site.1, 0, 125, 125
1121098.7.peg.3658.site.2, 1, 125, 126
1121098.7.peg.4206.site.1, 0, 123, 123
1121098.7.peg.4206.site.2, 0, 123, 123
1121098.7.peg.4206.site.3, 4, 123, 127
1121098.7.peg.4206.site.4, 1, 123, 124
1121098.7.peg.4206.site.5, 15, 123, 138
1121098.7.peg.4206.site.6, 22, 122, 144
1121098.7.peg.4206.site.7, 57, 123, 180
1121098.7.peg.4206.site.8, 5, 123, 128
1121098.7.peg.4206.site.9, 10, 123, 133
1121098.7.peg.4206.site.10, 5, 122, 127
1121098.7.peg.4206.site.11, 13, 123, 136
1121098.7.peg.3761.site.1, 64, 126, 190
1121098.7.peg.3761.site.2, 0, 126, 126
1121098.7.peg.3761.site.3, 1, 126, 127
1121098.7.peg.3761.site.4, 64, 126, 190
1121098.7.peg.3761.site.5, 0, 126, 126
1121098.7.peg.3761.site.6, 3, 126, 129
1121098.7.peg.3761.site.7, 2, 126, 128
1121098.7.peg.3761.site.8, 0, 126, 126
1121098.7.peg.4125.site.1, 1, 125, 126
1121098.7.peg.1824.site.1, 4, 126, 130
1121098.7.peg.1824.site.2, 0, 125, 125
1121098.7.peg.1824.site.3, 58, 126, 184
1121098.7.peg.1824.site.4, 8, 125, 133
1121098.7.peg.1824.site.5, 1, 125, 126
1121098.7.peg.1824.site.6, 47, 125, 172
1121098.7.peg.1824.site.7, 1, 126, 127
1121098.7.peg.1824.site.8, 2, 126, 128
1121098.7.peg.1824.site.9, 89, 126, 215
1121098.7.peg.1824.site.10, 89, 126, 215
1121098.7.peg.1824.site.11, 121, 126, 247
1121098.7.peg.1824.site.12, 2, 125, 127
1121098.7.peg.1824.site.13, 31, 126, 157
1121098.7.peg.1824.site.14, 0, 126, 126
1121098.7.peg.1824.site.15, 0, 125, 125
1121098.7.peg.1824.site.16, 5, 124, 129
1121098.7.peg.1824.site.17, 61, 122, 183
1121098.7.peg.1824.site.18, 60, 121, 181
1121098.7.peg.1824.site.19, 64, 126, 190
1121098.7.peg.1825.site.1, 3, 123, 126
1121098.7.peg.1825.site.2, 0, 110, 110
1121098.7.peg.1825.site.3, 0, 124, 124
1121098.7.peg.1825.site.4, 0, 125, 125
1121098.7.peg.1825.site.5, 2, 125, 127
1121098.7.peg.1825.site.6, 0, 125, 125
1121098.7.peg.1825.site.7, 0, 125, 125
1121098.7.peg.1825.site.8, 0, 125, 125
1121098.7.peg.1826.site.1, 0, 126, 126
1121098.7.peg.1826.site.2, 3, 126, 129
1121098.7.peg.1826.site.3, 0, 126, 126
1121098.7.peg.1826.site.4, 0, 126, 126
1121098.7.peg.1826.site.5, 6, 126, 132
1121098.7.peg.1826.site.6, 0, 126, 126
1121098.7.peg.1826.site.7, 2, 125, 127
1121098.7.peg.1826.site.8, 49, 126, 175
1121098.7.peg.1826.site.9, 0, 125, 125
1121098.7.peg.1826.site.10, 0, 126, 126
1121098.7.peg.1826.site.11, 0, 125, 125
1121098.7.peg.1826.site.12, 2, 126, 128
1121098.7.peg.1826.site.13, 0, 126, 126
1121098.7.peg.1826.site.14, 6, 124, 130
1121098.7.peg.1826.site.15, 0, 126, 126
1121098.7.peg.1827.site.1, 5, 126, 131
1121098.7.peg.1827.site.2, 0, 123, 123
1121098.7.peg.1827.site.3, 21, 124, 145
1121098.7.peg.1827.site.4, 4, 126, 130
1121098.7.peg.1827.site.5, 17, 126, 143
1121098.7.peg.1827.site.6, 17, 125, 142
1121098.7.peg.1827.site.7, 3, 126, 129
1121098.7.peg.1827.site.8, 42, 126, 168
1121098.7.peg.1820.site.1, 0, 125, 125
1121098.7.peg.1820.site.2, 0, 126, 126
1121098.7.peg.1820.site.3, 0, 126, 126
1121098.7.peg.1820.site.4, 4, 126, 130
1121098.7.peg.1820.site.5, 2, 126, 128
1121098.7.peg.1820.site.6, 3, 126, 129
1121098.7.peg.1820.site.7, 0, 126, 126
1121098.7.peg.1820.site.8, 0, 126, 126
1121098.7.peg.1820.site.9, 4, 125, 129
1121098.7.peg.1820.site.10, 4, 125, 129
1121098.7.peg.1820.site.11, 91, 123, 214
1121098.7.peg.1820.site.12, 0, 125, 125
1121098.7.peg.1820.site.13, 0, 126, 126
1121098.7.peg.1820.site.14, 12, 126, 138
1121098.7.peg.1820.site.15, 0, 126, 126
1121098.7.peg.1820.site.16, 40, 125, 165
1121098.7.peg.1820.site.17, 0, 126, 126
1121098.7.peg.1820.site.18, 66, 126, 192
1121098.7.peg.1820.site.19, 3, 126, 129
1121098.7.peg.1820.site.20, 6, 126, 132
1121098.7.peg.1820.site.21, 12, 126, 138
1121098.7.peg.1821.site.1, 31, 126, 157
1121098.7.peg.1821.site.2, 10, 125, 135
1121098.7.peg.1821.site.3, 4, 126, 130
1121098.7.peg.1821.site.4, 12, 126, 138
1121098.7.peg.1821.site.5, 1, 126, 127
1121098.7.peg.1821.site.6, 0, 126, 126
1121098.7.peg.1821.site.7, 81, 125, 206
1121098.7.peg.1821.site.8, 1, 126, 127
1121098.7.peg.1821.site.9, 0, 126, 126
1121098.7.peg.1821.site.10, 1, 126, 127
1121098.7.peg.1821.site.11, 0, 126, 126
1121098.7.peg.1821.site.12, 0, 126, 126
1121098.7.peg.1821.site.13, 65, 126, 191
1121098.7.peg.1821.site.14, 69, 125, 194
1121098.7.peg.1822.site.1, 0, 126, 126
1121098.7.peg.1822.site.2, 2, 126, 128
1121098.7.peg.1822.site.3, 34, 126, 160
1121098.7.peg.1822.site.4, 1, 125, 126
1121098.7.peg.1822.site.5, 0, 126, 126
1121098.7.peg.1822.site.6, 5, 126, 131
1121098.7.peg.1822.site.7, 0, 126, 126
1121098.7.peg.1822.site.8, 1, 126, 127
1121098.7.peg.1823.site.1, 7, 126, 133
1121098.7.peg.1823.site.2, 89, 126, 215
1121098.7.peg.1823.site.3, 0, 126, 126
1121098.7.peg.1823.site.4, 59, 125, 184
1121098.7.peg.1823.site.5, 2, 126, 128
1121098.7.peg.1823.site.6, 6, 126, 132
1121098.7.peg.1823.site.7, 15, 125, 140
1121098.7.peg.1823.site.8, 3, 126, 129
1121098.7.peg.1823.site.9, 10, 126, 136
1121098.7.peg.1823.site.10, 0, 126, 126
1121098.7.peg.1823.site.11, 0, 126, 126
1121098.7.peg.1823.site.12, 4, 126, 130
1121098.7.peg.1823.site.13, 0, 126, 126
1121098.7.peg.1823.site.14, 5, 126, 131
1121098.7.peg.1823.site.15, 8, 126, 134
1121098.7.peg.1828.site.1, 0, 124, 124
1121098.7.peg.1828.site.2, 0, 124, 124
1121098.7.peg.1829.site.1, 1, 123, 124
1121098.7.peg.1829.site.2, 10, 124, 134
1121098.7.peg.1829.site.3, 5, 124, 129
1121098.7.peg.1829.site.4, 0, 124, 124
1121098.7.peg.1829.site.5, 1, 124, 125
1121098.7.peg.1829.site.6, 1, 124, 125
1121098.7.peg.1829.site.7, 2, 124, 126
1121098.7.peg.1829.site.8, 4, 124, 128
1121098.7.peg.1829.site.9, 9, 126, 135
1121098.7.peg.1829.site.10, 0, 126, 126
1121098.7.peg.1829.site.11, 42, 124, 166
1121098.7.peg.1829.site.12, 1, 126, 127
1121098.7.peg.1829.site.13, 14, 126, 140
1121098.7.peg.1829.site.14, 0, 125, 125
1121098.7.peg.1829.site.15, 0, 123, 123
1121098.7.peg.1829.site.16, 4, 126, 130
1121098.7.peg.1829.site.17, 16, 125, 141
1121098.7.peg.1829.site.18, 3, 126, 129
1121098.7.peg.1829.site.19, 8, 126, 134
1121098.7.peg.1829.site.20, 3, 126, 129
1121098.7.peg.1829.site.21, 0, 126, 126
1121098.7.peg.1829.site.22, 4, 126, 130
1121098.7.peg.1829.site.23, 4, 126, 130
1121098.7.peg.1829.site.24, 1, 126, 127
1121098.7.peg.1829.site.25, 0, 126, 126
1121098.7.peg.1829.site.26, 0, 126, 126
1121098.7.peg.1829.site.27, 2, 126, 128
1121098.7.peg.1950.site.1, 5, 126, 131
1121098.7.peg.1950.site.2, 10, 125, 135
1121098.7.peg.1951.site.1, 2, 126, 128
1121098.7.peg.1951.site.2, 6, 126, 132
1121098.7.peg.1951.site.3, 0, 126, 126
1121098.7.peg.1951.site.4, 14, 126, 140
1121098.7.peg.1951.site.5, 0, 126, 126
1121098.7.peg.1951.site.6, 0, 125, 125
1121098.7.peg.1951.site.7, 0, 126, 126
1121098.7.peg.1951.site.8, 9, 126, 135
1121098.7.peg.1952.site.1, 1, 126, 127
1121098.7.peg.1952.site.2, 0, 126, 126
1121098.7.peg.1952.site.3, 0, 126, 126
1121098.7.peg.1952.site.4, 0, 124, 124
1121098.7.peg.1952.site.5, 2, 125, 127
1121098.7.peg.1952.site.6, 52, 125, 177
1121098.7.peg.1952.site.7, 3, 125, 128
1121098.7.peg.1952.site.8, 17, 126, 143
1121098.7.peg.1952.site.9, 0, 126, 126
1121098.7.peg.1952.site.10, 4, 126, 130
1121098.7.peg.1952.site.11, 0, 125, 125
1121098.7.peg.1952.site.12, 54, 125, 179
1121098.7.peg.1952.site.13, 7, 126, 133
1121098.7.peg.1952.site.14, 11, 125, 136
1121098.7.peg.1952.site.15, 22, 124, 146
1121098.7.peg.1952.site.16, 12, 125, 137
1121098.7.peg.1952.site.17, 5, 126, 131
1121098.7.peg.1952.site.18, 1, 126, 127
1121098.7.peg.1952.site.19, 57, 126, 183
1121098.7.peg.1952.site.20, 0, 126, 126
1121098.7.peg.1952.site.21, 59, 126, 185
1121098.7.peg.1952.site.22, 31, 124, 155
1121098.7.peg.1952.site.23, 0, 125, 125
1121098.7.peg.1952.site.24, 12, 125, 137
1121098.7.peg.1952.site.25, 4, 126, 130
1121098.7.peg.1952.site.26, 0, 126, 126
1121098.7.peg.1952.site.27, 2, 126, 128
1121098.7.peg.1952.site.28, 2, 126, 128
1121098.7.peg.1953.site.1, 0, 123, 123
1121098.7.peg.1953.site.2, 0, 124, 124
1121098.7.peg.1953.site.3, 1, 121, 122
1121098.7.peg.1953.site.4, 0, 120, 120
1121098.7.peg.1953.site.5, 0, 120, 120
1121098.7.peg.1953.site.6, 2, 121, 123
1121098.7.peg.1953.site.7, 0, 120, 120
1121098.7.peg.1953.site.8, 0, 121, 121
1121098.7.peg.1953.site.9, 95, 120, 215
1121098.7.peg.1953.site.10, 31, 120, 151
1121098.7.peg.1953.site.11, 0, 117, 117
1121098.7.peg.1953.site.12, 0, 120, 120
1121098.7.peg.1954.site.1, 0, 121, 121
1121098.7.peg.1954.site.2, 38, 125, 163
1121098.7.peg.1954.site.3, 0, 126, 126
1121098.7.peg.1954.site.4, 3, 125, 128
1121098.7.peg.1954.site.5, 0, 126, 126
1121098.7.peg.1954.site.6, 0, 125, 125
1121098.7.peg.1954.site.7, 1, 125, 126
1121098.7.peg.1955.site.1, 0, 126, 126
1121098.7.peg.1955.site.2, 50, 122, 172
1121098.7.peg.1955.site.3, 87, 101, 188
1121098.7.peg.1955.site.4, 4, 112, 116
1121098.7.peg.1956.site.1, 0, 126, 126
1121098.7.peg.1956.site.2, 0, 126, 126
1121098.7.peg.1956.site.3, 8, 126, 134
1121098.7.peg.1956.site.4, 16, 126, 142
1121098.7.peg.1956.site.5, 0, 126, 126
1121098.7.peg.1956.site.6, 3, 126, 129
1121098.7.peg.1956.site.7, 34, 125, 159
1121098.7.peg.1956.site.8, 4, 125, 129
1121098.7.peg.1956.site.9, 13, 126, 139
1121098.7.peg.1956.site.10, 0, 126, 126
1121098.7.peg.1956.site.11, 17, 125, 142
1121098.7.peg.1956.site.12, 49, 125, 174
1121098.7.peg.1956.site.13, 3, 126, 129
1121098.7.peg.1957.site.1, 9, 126, 135
1121098.7.peg.1957.site.2, 1, 126, 127
1121098.7.peg.1957.site.3, 0, 125, 125
1121098.7.peg.1957.site.4, 2, 126, 128
1121098.7.peg.1957.site.5, 1, 126, 127
1121098.7.peg.1957.site.6, 57, 126, 183
1121098.7.peg.1957.site.7, 18, 126, 144
1121098.7.peg.1958.site.1, 0, 126, 126
1121098.7.peg.1958.site.2, 37, 125, 162
1121098.7.peg.1958.site.3, 3, 126, 129
1121098.7.peg.1958.site.4, 57, 126, 183
1121098.7.peg.628.site.1, 120, 124, 244
1121098.7.peg.628.site.2, 0, 124, 124
1121098.7.peg.628.site.3, 44, 124, 168
1121098.7.peg.628.site.4, 5, 126, 131
1121098.7.peg.628.site.5, 0, 126, 126
1121098.7.peg.628.site.6, 3, 126, 129
1121098.7.peg.625.site.1, 1, 126, 127
1121098.7.peg.626.site.1, 13, 125, 138
1121098.7.peg.626.site.2, 48, 125, 173
1121098.7.peg.626.site.3, 57, 126, 183
1121098.7.peg.626.site.4, 122, 126, 248
1121098.7.peg.626.site.5, 0, 126, 126
1121098.7.peg.626.site.6, 0, 126, 126
1121098.7.peg.626.site.7, 112, 126, 238
1121098.7.peg.626.site.8, 3, 126, 129
1121098.7.peg.626.site.9, 3, 126, 129
1121098.7.peg.626.site.10, 55, 126, 181
1121098.7.peg.627.site.1, 1, 126, 127
1121098.7.peg.627.site.2, 2, 126, 128
1121098.7.peg.627.site.3, 69, 126, 195
1121098.7.peg.627.site.4, 53, 125, 178
1121098.7.peg.627.site.5, 0, 124, 124
1121098.7.peg.627.site.6, 14, 124, 138
1121098.7.peg.621.site.1, 0, 126, 126
1121098.7.peg.621.site.2, 1, 126, 127
1121098.7.peg.622.site.1, 1, 124, 125
1121098.7.peg.622.site.2, 106, 126, 232
1121098.7.peg.622.site.3, 2, 126, 128
1121098.7.peg.622.site.4, 1, 126, 127
1121098.7.peg.622.site.5, 0, 125, 125
1121098.7.peg.622.site.6, 0, 126, 126
1121098.7.peg.622.site.7, 106, 126, 232
1121098.7.peg.622.site.8, 108, 126, 234
1121098.7.peg.623.site.1, 0, 126, 126
1121098.7.peg.623.site.2, 16, 125, 141
1121098.7.peg.623.site.3, 0, 126, 126
1121098.7.peg.623.site.4, 3, 126, 129
1121098.7.peg.623.site.5, 3, 126, 129
1121098.7.peg.623.site.6, 56, 125, 181
1121098.7.peg.623.site.7, 1, 126, 127
1121098.7.peg.623.site.8, 0, 126, 126
1121098.7.peg.623.site.9, 0, 126, 126
1121098.7.peg.623.site.10, 0, 126, 126
1121098.7.peg.623.site.11, 24, 125, 149
1121098.7.peg.623.site.12, 0, 126, 126
1121098.7.peg.623.site.13, 0, 125, 125
1121098.7.peg.2329.site.1, 0, 126, 126
1121098.7.peg.2329.site.2, 0, 126, 126
1121098.7.peg.2329.site.3, 4, 126, 130
1121098.7.peg.2329.site.4, 2, 126, 128
1121098.7.peg.2329.site.5, 55, 125, 180
1121098.7.peg.2329.site.6, 26, 124, 150
1121098.7.peg.2329.site.7, 0, 125, 125
1121098.7.peg.2329.site.8, 1, 125, 126
1121098.7.peg.2329.site.9, 3, 126, 129
1121098.7.peg.2329.site.10, 52, 124, 176
1121098.7.peg.2329.site.11, 8, 125, 133
1121098.7.peg.2329.site.12, 0, 126, 126
1121098.7.peg.1302.site.1, 9, 126, 135
1121098.7.peg.1302.site.2, 2, 126, 128
1121098.7.peg.1302.site.3, 17, 126, 143
1121098.7.peg.4304.site.1, 0, 126, 126
1121098.7.peg.4304.site.2, 55, 126, 181
1121098.7.peg.4304.site.3, 7, 126, 133
1121098.7.peg.4304.site.4, 0, 126, 126
1121098.7.peg.4304.site.5, 4, 126, 130
1121098.7.peg.3041.site.1, 0, 126, 126
1121098.7.peg.3041.site.2, 3, 126, 129
1121098.7.peg.3041.site.3, 0, 126, 126
1121098.7.peg.3041.site.4, 0, 125, 125
1121098.7.peg.3041.site.5, 0, 126, 126
1121098.7.peg.3041.site.6, 1, 126, 127
1121098.7.peg.3041.site.7, 10, 126, 136
1121098.7.peg.3041.site.8, 0, 126, 126
1121098.7.peg.3041.site.9, 3, 126, 129
1121098.7.peg.3041.site.10, 0, 126, 126
1121098.7.peg.3041.site.11, 0, 126, 126
1121098.7.peg.3041.site.12, 17, 125, 142
1121098.7.peg.3041.site.13, 14, 126, 140
1121098.7.peg.3041.site.14, 0, 126, 126
1121098.7.peg.3042.site.1, 0, 126, 126
1121098.7.peg.3042.site.2, 3, 126, 129
1121098.7.peg.3042.site.3, 10, 126, 136
1121098.7.peg.3042.site.4, 118, 126, 244
1121098.7.peg.3042.site.5, 10, 126, 136
1121098.7.peg.4303.site.1, 4, 126, 130
1121098.7.peg.4303.site.2, 23, 126, 149
1121098.7.peg.4303.site.3, 3, 126, 129
1121098.7.peg.4303.site.4, 118, 126, 244
1121098.7.peg.4303.site.5, 7, 126, 133
1121098.7.peg.4303.site.6, 0, 126, 126
1121098.7.peg.4303.site.7, 1, 126, 127
1121098.7.peg.4303.site.8, 28, 125, 153
1121098.7.peg.4303.site.9, 1, 126, 127
1121098.7.peg.4303.site.10, 10, 126, 136
1121098.7.peg.4300.site.1, 0, 126, 126
1121098.7.peg.4300.site.2, 0, 126, 126
1121098.7.peg.4300.site.3, 1, 126, 127
1121098.7.peg.4300.site.4, 0, 126, 126
1121098.7.peg.4300.site.5, 67, 126, 193
1121098.7.peg.4300.site.6, 89, 125, 214
1121098.7.peg.4300.site.7, 126, 126, 252
1121098.7.peg.4300.site.8, 41, 124, 165
1121098.7.peg.4300.site.9, 56, 126, 182
1121098.7.peg.4300.site.10, 3, 125, 128
1121098.7.peg.3044.site.1, 0, 126, 126
1121098.7.peg.4301.site.1, 0, 126, 126
1121098.7.peg.4301.site.2, 0, 124, 124
1121098.7.peg.4301.site.3, 21, 126, 147
1121098.7.peg.4301.site.4, 0, 126, 126
1121098.7.peg.4301.site.5, 0, 126, 126
1121098.7.peg.4301.site.6, 58, 126, 184
1121098.7.peg.4301.site.7, 46, 125, 171
1121098.7.peg.4301.site.8, 10, 125, 135
1121098.7.peg.4301.site.9, 0, 126, 126
1121098.7.peg.4301.site.10, 82, 126, 208
1121098.7.peg.4301.site.11, 4, 126, 130
1121098.7.peg.710.site.1, 0, 123, 123
1121098.7.peg.710.site.2, 1, 126, 127
1121098.7.peg.710.site.3, 22, 125, 147
1121098.7.peg.710.site.4, 122, 126, 248
1121098.7.peg.710.site.5, 1, 126, 127
1121098.7.peg.710.site.6, 0, 125, 125
1121098.7.peg.710.site.7, 5, 126, 131
1121098.7.peg.710.site.8, 115, 125, 240
1121098.7.peg.710.site.9, 4, 126, 130
1121098.7.peg.711.site.1, 65, 126, 191
1121098.7.peg.711.site.2, 0, 125, 125
1121098.7.peg.711.site.3, 0, 126, 126
1121098.7.peg.712.site.1, 0, 125, 125
1121098.7.peg.714.site.1, 0, 126, 126
1121098.7.peg.714.site.2, 0, 126, 126
1121098.7.peg.714.site.3, 3, 125, 128
1121098.7.peg.714.site.4, 2, 125, 127
1121098.7.peg.714.site.5, 13, 126, 139
1121098.7.peg.714.site.6, 12, 126, 138
1121098.7.peg.714.site.7, 53, 126, 179
1121098.7.peg.714.site.8, 0, 125, 125
1121098.7.peg.714.site.9, 0, 126, 126
1121098.7.peg.714.site.10, 4, 126, 130
1121098.7.peg.714.site.11, 6, 125, 131
1121098.7.peg.714.site.12, 0, 126, 126
1121098.7.peg.715.site.1, 2, 126, 128
1121098.7.peg.715.site.2, 3, 124, 127
1121098.7.peg.715.site.3, 57, 126, 183
1121098.7.peg.715.site.4, 2, 126, 128
1121098.7.peg.715.site.5, 0, 126, 126
1121098.7.peg.715.site.6, 0, 126, 126
1121098.7.peg.716.site.1, 0, 126, 126
1121098.7.peg.716.site.2, 1, 126, 127
1121098.7.peg.716.site.3, 0, 126, 126
1121098.7.peg.716.site.4, 3, 126, 129
1121098.7.peg.716.site.5, 7, 126, 133
1121098.7.peg.716.site.6, 53, 126, 179
1121098.7.peg.716.site.7, 103, 126, 229
1121098.7.peg.716.site.8, 0, 126, 126
1121098.7.peg.716.site.9, 122, 126, 248
1121098.7.peg.716.site.10, 0, 126, 126
1121098.7.peg.717.site.1, 0, 124, 124
1121098.7.peg.717.site.2, 35, 126, 161
1121098.7.peg.717.site.3, 4, 125, 129
1121098.7.peg.717.site.4, 122, 126, 248
1121098.7.peg.717.site.5, 0, 126, 126
1121098.7.peg.717.site.6, 0, 126, 126
1121098.7.peg.717.site.7, 0, 126, 126
1121098.7.peg.717.site.8, 0, 126, 126
1121098.7.peg.717.site.9, 0, 126, 126
1121098.7.peg.717.site.10, 1, 126, 127
1121098.7.peg.717.site.11, 0, 126, 126
1121098.7.peg.717.site.12, 0, 126, 126
1121098.7.peg.717.site.13, 0, 125, 125
1121098.7.peg.717.site.14, 1, 126, 127
1121098.7.peg.717.site.15, 0, 126, 126
1121098.7.peg.717.site.16, 9, 126, 135
1121098.7.peg.717.site.17, 0, 126, 126
1121098.7.peg.717.site.18, 0, 126, 126
1121098.7.peg.717.site.19, 47, 125, 172
1121098.7.peg.717.site.20, 0, 126, 126
1121098.7.peg.717.site.21, 0, 126, 126
1121098.7.peg.717.site.22, 0, 126, 126
1121098.7.peg.718.site.1, 53, 126, 179
1121098.7.peg.718.site.2, 1, 126, 127
1121098.7.peg.718.site.3, 0, 126, 126
1121098.7.peg.718.site.4, 0, 126, 126
1121098.7.peg.718.site.5, 0, 126, 126
1121098.7.peg.718.site.6, 122, 126, 248
1121098.7.peg.3047.site.1, 10, 126, 136
1121098.7.peg.3047.site.2, 45, 126, 171
1121098.7.peg.3047.site.3, 73, 126, 199
1121098.7.peg.3047.site.4, 0, 126, 126
1121098.7.peg.3047.site.5, 0, 125, 125
1121098.7.peg.3047.site.6, 3, 126, 129
1121098.7.peg.3047.site.7, 4, 126, 130
1121098.7.peg.3047.site.8, 0, 126, 126
1121098.7.peg.3047.site.9, 3, 126, 129
1121098.7.peg.1778.site.1, 15, 125, 140
1121098.7.peg.1778.site.2, 3, 126, 129
1121098.7.peg.1778.site.3, 109, 126, 235
1121098.7.peg.1778.site.4, 34, 125, 159
1121098.7.peg.1778.site.5, 22, 125, 147
1121098.7.peg.1778.site.6, 4, 126, 130
1121098.7.peg.1779.site.1, 109, 121, 230
1121098.7.peg.1779.site.2, 2, 126, 128
1121098.7.peg.1779.site.3, 58, 126, 184
1121098.7.peg.1779.site.4, 1, 124, 125
1121098.7.peg.1779.site.5, 0, 126, 126
1121098.7.peg.1779.site.6, 103, 126, 229
1121098.7.peg.1779.site.7, 2, 126, 128
1121098.7.peg.1779.site.8, 13, 126, 139
1121098.7.peg.1779.site.9, 2, 126, 128
1121098.7.peg.1776.site.1, 57, 126, 183
1121098.7.peg.1776.site.2, 1, 126, 127
1121098.7.peg.1776.site.3, 0, 125, 125
1121098.7.peg.1776.site.4, 0, 125, 125
1121098.7.peg.1776.site.5, 0, 126, 126
1121098.7.peg.1776.site.6, 0, 125, 125
1121098.7.peg.1776.site.7, 0, 125, 125
1121098.7.peg.1776.site.8, 7, 126, 133
1121098.7.peg.1776.site.9, 14, 124, 138
1121098.7.peg.1776.site.10, 78, 126, 204
1121098.7.peg.1776.site.11, 3, 126, 129
1121098.7.peg.1777.site.1, 0, 125, 125
1121098.7.peg.1777.site.2, 0, 126, 126
1121098.7.peg.1777.site.3, 3, 125, 128
1121098.7.peg.1777.site.4, 111, 125, 236
1121098.7.peg.1777.site.5, 0, 126, 126
1121098.7.peg.1777.site.6, 0, 126, 126
1121098.7.peg.1777.site.7, 2, 126, 128
1121098.7.peg.1777.site.8, 0, 126, 126
1121098.7.peg.1777.site.9, 2, 126, 128
1121098.7.peg.1777.site.10, 0, 126, 126
1121098.7.peg.1777.site.11, 50, 118, 168
1121098.7.peg.1770.site.1, 58, 126, 184
1121098.7.peg.1770.site.2, 3, 125, 128
1121098.7.peg.1770.site.3, 55, 126, 181
1121098.7.peg.1770.site.4, 0, 125, 125
1121098.7.peg.1770.site.5, 104, 125, 229
1121098.7.peg.1770.site.6, 0, 125, 125
1121098.7.peg.1770.site.7, 54, 126, 180
1121098.7.peg.1770.site.8, 0, 126, 126
1121098.7.peg.1770.site.9, 1, 124, 125
1121098.7.peg.1770.site.10, 50, 124, 174
1121098.7.peg.1770.site.11, 14, 126, 140
1121098.7.peg.1770.site.12, 1, 126, 127
1121098.7.peg.1770.site.13, 1, 124, 125
1121098.7.peg.1770.site.14, 0, 125, 125
1121098.7.peg.1770.site.15, 0, 126, 126
1121098.7.peg.1770.site.16, 1, 126, 127
1121098.7.peg.1770.site.17, 0, 124, 124
1121098.7.peg.1770.site.18, 0, 125, 125
1121098.7.peg.1770.site.19, 0, 125, 125
1121098.7.peg.1770.site.20, 0, 124, 124
1121098.7.peg.1770.site.21, 0, 124, 124
1121098.7.peg.1770.site.22, 92, 126, 218
1121098.7.peg.1770.site.23, 0, 126, 126
1121098.7.peg.1770.site.24, 1, 126, 127
1121098.7.peg.1770.site.25, 0, 126, 126
1121098.7.peg.1770.site.26, 5, 126, 131
1121098.7.peg.1770.site.27, 66, 125, 191
1121098.7.peg.1770.site.28, 12, 126, 138
1121098.7.peg.1770.site.29, 0, 126, 126
1121098.7.peg.1770.site.30, 3, 126, 129
1121098.7.peg.1770.site.31, 14, 124, 138
1121098.7.peg.1771.site.1, 0, 125, 125
1121098.7.peg.1771.site.2, 0, 126, 126
1121098.7.peg.1771.site.3, 0, 126, 126
1121098.7.peg.1771.site.4, 52, 126, 178
1121098.7.peg.1771.site.5, 0, 126, 126
1121098.7.peg.1771.site.6, 4, 126, 130
1121098.7.peg.1771.site.7, 56, 126, 182
1121098.7.peg.1771.site.8, 62, 126, 188
1121098.7.peg.1771.site.9, 8, 126, 134
1121098.7.peg.1771.site.10, 105, 125, 230
1121098.7.peg.1771.site.11, 8, 125, 133
1121098.7.peg.1771.site.12, 0, 126, 126
1121098.7.peg.1771.site.13, 4, 126, 130
1121098.7.peg.1771.site.14, 0, 126, 126
1121098.7.peg.1771.site.15, 27, 125, 152
1121098.7.peg.1771.site.16, 3, 126, 129
1121098.7.peg.1771.site.17, 51, 126, 177
1121098.7.peg.1771.site.18, 12, 126, 138
1121098.7.peg.1771.site.19, 0, 126, 126
1121098.7.peg.1771.site.20, 0, 125, 125
1121098.7.peg.1771.site.21, 20, 125, 145
1121098.7.peg.1772.site.1, 118, 125, 243
1121098.7.peg.1772.site.2, 0, 126, 126
1121098.7.peg.1772.site.3, 0, 125, 125
1121098.7.peg.1772.site.4, 6, 125, 131
1121098.7.peg.1772.site.5, 13, 126, 139
1121098.7.peg.1772.site.6, 91, 126, 217
1121098.7.peg.1772.site.7, 26, 124, 150
1121098.7.peg.1772.site.8, 55, 125, 180
1121098.7.peg.1772.site.9, 3, 125, 128
1121098.7.peg.1772.site.10, 0, 125, 125
1121098.7.peg.1772.site.11, 0, 126, 126
1121098.7.peg.1772.site.12, 0, 126, 126
1121098.7.peg.1772.site.13, 5, 126, 131
1121098.7.peg.1772.site.14, 0, 126, 126
1121098.7.peg.1772.site.15, 58, 126, 184
1121098.7.peg.1772.site.16, 0, 126, 126
1121098.7.peg.1772.site.17, 1, 126, 127
1121098.7.peg.1772.site.18, 1, 126, 127
1121098.7.peg.1772.site.19, 1, 126, 127
1121098.7.peg.1772.site.20, 1, 126, 127
1121098.7.peg.1772.site.21, 0, 126, 126
1121098.7.peg.1772.site.22, 1, 126, 127
1121098.7.peg.1772.site.23, 1, 126, 127
1121098.7.peg.1772.site.24, 5, 126, 131
1121098.7.peg.1772.site.25, 99, 125, 224
1121098.7.peg.1772.site.26, 1, 126, 127
1121098.7.peg.1772.site.27, 62, 126, 188
1121098.7.peg.1772.site.28, 0, 126, 126
1121098.7.peg.1772.site.29, 64, 126, 190
1121098.7.peg.1772.site.30, 0, 125, 125
1121098.7.peg.1772.site.31, 13, 126, 139
1121098.7.peg.1772.site.32, 54, 126, 180
1121098.7.peg.1772.site.33, 0, 126, 126
1121098.7.peg.1773.site.1, 1, 126, 127
1121098.7.peg.1773.site.2, 0, 126, 126
1121098.7.peg.1773.site.3, 12, 126, 138
1121098.7.peg.1773.site.4, 55, 125, 180
1121098.7.peg.1773.site.5, 0, 126, 126
1121098.7.peg.1773.site.6, 0, 126, 126
1121098.7.peg.1773.site.7, 0, 126, 126
1121098.7.peg.1773.site.8, 1, 126, 127
1121098.7.peg.578.site.1, 64, 125, 189
1121098.7.peg.578.site.2, 1, 125, 126
1121098.7.peg.578.site.3, 0, 126, 126
1121098.7.peg.578.site.4, 85, 126, 211
1121098.7.peg.578.site.5, 0, 126, 126
1121098.7.peg.578.site.6, 0, 126, 126
1121098.7.peg.578.site.7, 4, 126, 130
1121098.7.peg.578.site.8, 57, 126, 183
1121098.7.peg.578.site.9, 0, 126, 126
1121098.7.peg.578.site.10, 0, 126, 126
1121098.7.peg.578.site.11, 7, 126, 133
1121098.7.peg.579.site.1, 84, 125, 209
1121098.7.peg.579.site.2, 0, 126, 126
1121098.7.peg.579.site.3, 0, 126, 126
1121098.7.peg.579.site.4, 57, 126, 183
1121098.7.peg.579.site.5, 49, 125, 174
1121098.7.peg.579.site.6, 0, 125, 125
1121098.7.peg.579.site.7, 5, 126, 131
1121098.7.peg.579.site.8, 4, 126, 130
1121098.7.peg.579.site.9, 1, 126, 127
1121098.7.peg.579.site.10, 10, 126, 136
1121098.7.peg.579.site.11, 0, 125, 125
1121098.7.peg.579.site.12, 7, 126, 133
1121098.7.peg.579.site.13, 24, 125, 149
1121098.7.peg.579.site.14, 83, 125, 208
1121098.7.peg.579.site.15, 6, 126, 132
1121098.7.peg.579.site.16, 110, 126, 236
1121098.7.peg.579.site.17, 2, 126, 128
1121098.7.peg.579.site.18, 0, 126, 126
1121098.7.peg.579.site.19, 2, 126, 128
1121098.7.peg.579.site.20, 0, 126, 126
1121098.7.peg.577.site.1, 1, 125, 126
1121098.7.peg.406.site.1, 23, 102, 125
1121098.7.peg.406.site.2, 112, 123, 235
1121098.7.peg.406.site.3, 8, 123, 131
1121098.7.peg.406.site.4, 5, 125, 130
1121098.7.peg.406.site.5, 8, 125, 133
1121098.7.peg.406.site.6, 6, 125, 131
1121098.7.peg.406.site.7, 3, 125, 128
1121098.7.peg.406.site.8, 3, 118, 121
1121098.7.peg.406.site.9, 1, 126, 127
1121098.7.peg.406.site.10, 18, 126, 144
1121098.7.peg.406.site.11, 9, 124, 133
1121098.7.peg.406.site.12, 2, 125, 127
1121098.7.peg.406.site.13, 16, 125, 141
1121098.7.peg.406.site.14, 3, 126, 129
1121098.7.peg.155.site.1, 12, 126, 138
1121098.7.peg.155.site.2, 48, 126, 174
1121098.7.peg.155.site.3, 0, 126, 126
1121098.7.peg.155.site.4, 0, 126, 126
1121098.7.peg.152.site.1, 4, 120, 124
1121098.7.peg.152.site.2, 14, 119, 133
1121098.7.peg.153.site.1, 1, 81, 82
1121098.7.peg.153.site.2, 5, 120, 125
1121098.7.peg.153.site.3, 56, 120, 176
1121098.7.peg.153.site.4, 12, 120, 132
1121098.7.peg.153.site.5, 0, 120, 120
1121098.7.peg.153.site.6, 22, 119, 141
1121098.7.peg.153.site.7, 0, 106, 106
1121098.7.peg.153.site.8, 0, 106, 106
1121098.7.peg.153.site.9, 1, 106, 107
1121098.7.peg.153.site.10, 0, 108, 108
1121098.7.peg.153.site.11, 1, 107, 108
1121098.7.peg.153.site.12, 26, 107, 133
1121098.7.peg.153.site.13, 0, 108, 108
1121098.7.peg.153.site.14, 15, 107, 122
1121098.7.peg.153.site.15, 0, 107, 107
1121098.7.peg.151.site.1, 0, 126, 126
1121098.7.peg.409.site.1, 13, 126, 139
1121098.7.peg.158.site.1, 1, 126, 127
1121098.7.peg.158.site.2, 1, 126, 127
1121098.7.peg.158.site.3, 6, 126, 132
1121098.7.peg.158.site.4, 40, 125, 165
1121098.7.peg.158.site.5, 0, 126, 126
1121098.7.peg.158.site.6, 1, 125, 126
1121098.7.peg.158.site.7, 0, 126, 126
1121098.7.peg.158.site.8, 3, 126, 129
1121098.7.peg.158.site.9, 7, 126, 133
1121098.7.peg.158.site.10, 6, 126, 132
1121098.7.peg.158.site.11, 10, 125, 135
1121098.7.peg.158.site.12, 111, 126, 237
1121098.7.peg.158.site.13, 9, 125, 134
1121098.7.peg.158.site.14, 95, 126, 221
1121098.7.peg.158.site.15, 2, 126, 128
1121098.7.peg.158.site.16, 1, 124, 125
1121098.7.peg.158.site.17, 0, 126, 126
1121098.7.peg.158.site.18, 4, 126, 130
1121098.7.peg.158.site.19, 61, 126, 187
1121098.7.peg.158.site.20, 1, 125, 126
1121098.7.peg.158.site.21, 40, 126, 166
1121098.7.peg.159.site.1, 26, 126, 152
1121098.7.peg.159.site.2, 48, 125, 173
1121098.7.peg.159.site.3, 1, 126, 127
1121098.7.peg.159.site.4, 0, 126, 126
1121098.7.peg.159.site.5, 0, 126, 126
1121098.7.peg.159.site.6, 53, 126, 179
1121098.7.peg.159.site.7, 3, 126, 129
1121098.7.peg.159.site.8, 0, 126, 126
1121098.7.peg.159.site.9, 21, 126, 147
1121098.7.peg.159.site.10, 7, 126, 133
1121098.7.peg.159.site.11, 0, 126, 126
1121098.7.peg.159.site.12, 0, 126, 126
1121098.7.peg.159.site.13, 92, 126, 218
1121098.7.peg.159.site.14, 51, 126, 177
1121098.7.peg.159.site.15, 51, 126, 177
1121098.7.peg.159.site.16, 27, 125, 152
1121098.7.peg.159.site.17, 6, 126, 132
1121098.7.peg.159.site.18, 1, 124, 125
1121098.7.peg.2790.site.1, 0, 125, 125
1121098.7.peg.2790.site.2, 4, 126, 130
1121098.7.peg.3558.site.1, 5, 126, 131
1121098.7.peg.3558.site.2, 0, 126, 126
1121098.7.peg.3559.site.1, 0, 125, 125
1121098.7.peg.3559.site.2, 0, 126, 126
1121098.7.peg.3559.site.3, 65, 126, 191
1121098.7.peg.3559.site.4, 0, 126, 126
1121098.7.peg.3559.site.5, 0, 125, 125
1121098.7.peg.3559.site.6, 4, 126, 130
1121098.7.peg.3559.site.7, 0, 126, 126
1121098.7.peg.3559.site.8, 2, 126, 128
1121098.7.peg.3556.site.1, 3, 125, 128
1121098.7.peg.3556.site.2, 21, 126, 147
1121098.7.peg.3556.site.3, 0, 126, 126
1121098.7.peg.3556.site.4, 3, 126, 129
1121098.7.peg.3556.site.5, 5, 126, 131
1121098.7.peg.3556.site.6, 115, 126, 241
1121098.7.peg.3556.site.7, 3, 126, 129
1121098.7.peg.3556.site.8, 0, 126, 126
1121098.7.peg.3556.site.9, 0, 126, 126
1121098.7.peg.3556.site.10, 7, 125, 132
1121098.7.peg.3556.site.11, 5, 126, 131
1121098.7.peg.3556.site.12, 0, 126, 126
1121098.7.peg.3556.site.13, 2, 126, 128
1121098.7.peg.3556.site.14, 7, 125, 132
1121098.7.peg.3556.site.15, 3, 126, 129
1121098.7.peg.3557.site.1, 0, 126, 126
1121098.7.peg.3557.site.2, 0, 126, 126
1121098.7.peg.3557.site.3, 4, 126, 130
1121098.7.peg.3557.site.4, 0, 126, 126
1121098.7.peg.3557.site.5, 109, 126, 235
1121098.7.peg.3557.site.6, 0, 126, 126
1121098.7.peg.3557.site.7, 0, 126, 126
1121098.7.peg.3557.site.8, 55, 126, 181
1121098.7.peg.3557.site.9, 0, 126, 126
1121098.7.peg.3557.site.10, 0, 126, 126
1121098.7.peg.3557.site.11, 65, 125, 190
1121098.7.peg.3557.site.12, 2, 126, 128
1121098.7.peg.3557.site.13, 80, 126, 206
1121098.7.peg.3557.site.14, 25, 125, 150
1121098.7.peg.3557.site.15, 5, 126, 131
1121098.7.peg.3557.site.16, 4, 126, 130
1121098.7.peg.3557.site.17, 0, 126, 126
1121098.7.peg.3557.site.18, 1, 126, 127
1121098.7.peg.3557.site.19, 0, 126, 126
1121098.7.peg.3557.site.20, 0, 126, 126
1121098.7.peg.3554.site.1, 0, 126, 126
1121098.7.peg.3554.site.2, 18, 125, 143
1121098.7.peg.3553.site.1, 10, 126, 136
1121098.7.peg.3553.site.2, 65, 126, 191
1121098.7.peg.3553.site.3, 0, 126, 126
1121098.7.peg.3553.site.4, 6, 126, 132
1121098.7.peg.3553.site.5, 2, 126, 128
1121098.7.peg.3553.site.6, 94, 126, 220
1121098.7.peg.3553.site.7, 2, 126, 128
1121098.7.peg.3553.site.8, 10, 126, 136
1121098.7.peg.3553.site.9, 1, 126, 127
1121098.7.peg.3553.site.10, 7, 126, 133
1121098.7.peg.3553.site.11, 10, 126, 136
1121098.7.peg.3553.site.12, 13, 126, 139
1121098.7.peg.3553.site.13, 2, 126, 128
