site, alts, refs, total
1339327.3.peg.1004.site.1, 3, 137, 140
1339327.3.peg.1004.site.2, 4, 136, 140
1339327.3.peg.1004.site.3, 5, 135, 140
1339327.3.peg.1004.site.4, 0, 137, 137
1339327.3.peg.1004.site.5, 6, 137, 143
1339327.3.peg.1004.site.6, 5, 137, 142
1339327.3.peg.1004.site.7, 62, 136, 198
1339327.3.peg.1004.site.8, 102, 137, 239
1339327.3.peg.1004.site.9, 0, 137, 137
1339327.3.peg.1004.site.10, 113, 130, 243
1339327.3.peg.1004.site.11, 3, 135, 138
1339327.3.peg.1004.site.12, 3, 133, 136
1339327.3.peg.1004.site.13, 29, 125, 154
1339327.3.peg.1004.site.14, 55, 119, 174
1339327.3.peg.1004.site.15, 0, 137, 137
1339327.3.peg.1004.site.16, 11, 137, 148
1339327.3.peg.1004.site.17, 62, 136, 198
1339327.3.peg.1004.site.18, 12, 136, 148
1339327.3.peg.1005.site.1, 3, 135, 138
1339327.3.peg.1005.site.2, 1, 136, 137
1339327.3.peg.1005.site.3, 37, 137, 174
1339327.3.peg.1005.site.4, 2, 136, 138
1339327.3.peg.1005.site.5, 3, 136, 139
1339327.3.peg.1005.site.6, 3, 137, 140
1339327.3.peg.1005.site.7, 35, 137, 172
1339327.3.peg.1005.site.8, 1, 136, 137
1339327.3.peg.1005.site.9, 15, 136, 151
1339327.3.peg.1005.site.10, 131, 137, 268
1339327.3.peg.1005.site.11, 0, 137, 137
1339327.3.peg.1005.site.12, 4, 137, 141
1339327.3.peg.1005.site.13, 3, 137, 140
1339327.3.peg.1005.site.14, 0, 136, 136
1339327.3.peg.1005.site.15, 1, 137, 138
1339327.3.peg.1005.site.16, 6, 137, 143
1339327.3.peg.1005.site.17, 0, 137, 137
1339327.3.peg.1005.site.18, 5, 135, 140
1339327.3.peg.1005.site.19, 50, 136, 186
1339327.3.peg.1005.site.20, 6, 137, 143
1339327.3.peg.1005.site.21, 7, 136, 143
1339327.3.peg.1005.site.22, 0, 137, 137
1339327.3.peg.1005.site.23, 5, 137, 142
1339327.3.peg.1005.site.24, 5, 137, 142
1339327.3.peg.1005.site.25, 64, 133, 197
1339327.3.peg.1005.site.26, 30, 136, 166
1339327.3.peg.1006.site.1, 7, 136, 143
1339327.3.peg.1006.site.2, 1, 135, 136
1339327.3.peg.1006.site.3, 86, 135, 221
1339327.3.peg.1006.site.4, 62, 132, 194
1339327.3.peg.1006.site.5, 129, 129, 258
1339327.3.peg.1006.site.6, 0, 135, 135
1339327.3.peg.1006.site.7, 73, 137, 210
1339327.3.peg.1006.site.8, 4, 135, 139
1339327.3.peg.1006.site.9, 109, 135, 244
1339327.3.peg.1006.site.10, 3, 137, 140
1339327.3.peg.1006.site.11, 0, 136, 136
1339327.3.peg.1006.site.12, 13, 137, 150
1339327.3.peg.1006.site.13, 11, 137, 148
1339327.3.peg.1006.site.14, 8, 137, 145
1339327.3.peg.1006.site.15, 2, 135, 137
1339327.3.peg.1006.site.16, 15, 133, 148
1339327.3.peg.1006.site.17, 100, 135, 235
1339327.3.peg.1006.site.18, 3, 135, 138
1339327.3.peg.1006.site.19, 12, 135, 147
1339327.3.peg.1006.site.20, 1, 134, 135
1339327.3.peg.1006.site.21, 6, 132, 138
1339327.3.peg.1006.site.22, 15, 133, 148
1339327.3.peg.1007.site.1, 0, 132, 132
1339327.3.peg.1007.site.2, 0, 136, 136
1339327.3.peg.1007.site.3, 2, 136, 138
1339327.3.peg.1007.site.4, 30, 135, 165
1339327.3.peg.1007.site.5, 1, 136, 137
1339327.3.peg.1007.site.6, 0, 135, 135
1339327.3.peg.1007.site.7, 1, 137, 138
1339327.3.peg.1007.site.8, 21, 137, 158
1339327.3.peg.1007.site.9, 1, 136, 137
1339327.3.peg.1007.site.10, 5, 137, 142
1339327.3.peg.1007.site.11, 3, 137, 140
1339327.3.peg.1007.site.12, 2, 137, 139
1339327.3.peg.1007.site.13, 5, 136, 141
1339327.3.peg.1007.site.14, 5, 137, 142
1339327.3.peg.1007.site.15, 9, 136, 145
1339327.3.peg.1007.site.16, 0, 136, 136
1339327.3.peg.1007.site.17, 11, 137, 148
1339327.3.peg.1007.site.18, 23, 136, 159
1339327.3.peg.1007.site.19, 3, 137, 140
1339327.3.peg.1007.site.20, 3, 136, 139
1339327.3.peg.1007.site.21, 11, 137, 148
1339327.3.peg.1007.site.22, 0, 135, 135
1339327.3.peg.1007.site.23, 6, 136, 142
1339327.3.peg.1007.site.24, 3, 135, 138
1339327.3.peg.1007.site.25, 0, 133, 133
1339327.3.peg.1000.site.1, 4, 136, 140
1339327.3.peg.1000.site.2, 3, 136, 139
1339327.3.peg.1000.site.3, 15, 136, 151
1339327.3.peg.1000.site.4, 3, 137, 140
1339327.3.peg.1000.site.5, 71, 137, 208
1339327.3.peg.1000.site.6, 62, 137, 199
1339327.3.peg.1000.site.7, 3, 136, 139
1339327.3.peg.1000.site.8, 58, 137, 195
1339327.3.peg.1000.site.9, 5, 137, 142
1339327.3.peg.1000.site.10, 54, 137, 191
1339327.3.peg.1000.site.11, 6, 136, 142
1339327.3.peg.1000.site.12, 2, 137, 139
1339327.3.peg.1000.site.13, 12, 137, 149
1339327.3.peg.1000.site.14, 0, 136, 136
1339327.3.peg.1001.site.1, 3, 136, 139
1339327.3.peg.1002.site.1, 1, 136, 137
1339327.3.peg.1002.site.2, 7, 135, 142
1339327.3.peg.1002.site.3, 109, 137, 246
1339327.3.peg.1002.site.4, 108, 137, 245
1339327.3.peg.1002.site.5, 120, 133, 253
1339327.3.peg.1002.site.6, 35, 134, 169
1339327.3.peg.1002.site.7, 3, 136, 139
1339327.3.peg.1002.site.8, 83, 134, 217
1339327.3.peg.1002.site.9, 12, 134, 146
1339327.3.peg.1002.site.10, 28, 136, 164
1339327.3.peg.1002.site.11, 10, 136, 146
1339327.3.peg.1002.site.12, 2, 136, 138
1339327.3.peg.1002.site.13, 20, 137, 157
1339327.3.peg.1002.site.14, 6, 134, 140
1339327.3.peg.1002.site.15, 3, 136, 139
1339327.3.peg.1002.site.16, 57, 135, 192
1339327.3.peg.1002.site.17, 4, 137, 141
1339327.3.peg.1002.site.18, 3, 135, 138
1339327.3.peg.1003.site.1, 34, 136, 170
1339327.3.peg.1003.site.2, 7, 137, 144
1339327.3.peg.1003.site.3, 78, 135, 213
1339327.3.peg.1003.site.4, 50, 136, 186
1339327.3.peg.1003.site.5, 0, 136, 136
1339327.3.peg.1003.site.6, 31, 135, 166
1339327.3.peg.1003.site.7, 3, 135, 138
1339327.3.peg.1003.site.8, 10, 137, 147
1339327.3.peg.5053.site.1, 0, 136, 136
1339327.3.peg.5053.site.2, 0, 137, 137
1339327.3.peg.5053.site.3, 127, 136, 263
1339327.3.peg.5053.site.4, 3, 137, 140
1339327.3.peg.5053.site.5, 8, 137, 145
1339327.3.peg.5053.site.6, 0, 137, 137
1339327.3.peg.5052.site.1, 14, 137, 151
1339327.3.peg.5052.site.2, 1, 137, 138
1339327.3.peg.5052.site.3, 7, 137, 144
1339327.3.peg.5052.site.4, 22, 134, 156
1339327.3.peg.5052.site.5, 5, 136, 141
1339327.3.peg.5052.site.6, 41, 135, 176
1339327.3.peg.5052.site.7, 1, 136, 137
1339327.3.peg.5052.site.8, 3, 137, 140
1339327.3.peg.5052.site.9, 0, 136, 136
1339327.3.peg.5052.site.10, 4, 136, 140
1339327.3.peg.5052.site.11, 2, 126, 128
1339327.3.peg.5052.site.12, 0, 135, 135
1339327.3.peg.5052.site.13, 12, 132, 144
1339327.3.peg.4508.site.1, 0, 135, 135
1339327.3.peg.4508.site.2, 0, 136, 136
1339327.3.peg.4508.site.3, 25, 136, 161
1339327.3.peg.4508.site.4, 3, 137, 140
1339327.3.peg.4508.site.5, 1, 137, 138
1339327.3.peg.4508.site.6, 25, 136, 161
1339327.3.peg.4508.site.7, 7, 137, 144
1339327.3.peg.4508.site.8, 54, 137, 191
1339327.3.peg.4508.site.9, 3, 136, 139
1339327.3.peg.4508.site.10, 54, 136, 190
1339327.3.peg.5050.site.1, 0, 137, 137
1339327.3.peg.5050.site.2, 10, 137, 147
1339327.3.peg.5050.site.3, 3, 137, 140
1339327.3.peg.5050.site.4, 3, 136, 139
1339327.3.peg.5050.site.5, 2, 136, 138
1339327.3.peg.5050.site.6, 5, 137, 142
1339327.3.peg.5050.site.7, 5, 137, 142
1339327.3.peg.5050.site.8, 5, 137, 142
1339327.3.peg.5050.site.9, 9, 136, 145
1339327.3.peg.5050.site.10, 6, 136, 142
1339327.3.peg.5050.site.11, 92, 136, 228
1339327.3.peg.5050.site.12, 6, 136, 142
1339327.3.peg.5050.site.13, 8, 136, 144
1339327.3.peg.5050.site.14, 13, 137, 150
1339327.3.peg.5050.site.15, 23, 136, 159
1339327.3.peg.5050.site.16, 9, 137, 146
1339327.3.peg.5050.site.17, 9, 136, 145
1339327.3.peg.5050.site.18, 15, 135, 150
1339327.3.peg.1008.site.1, 1, 134, 135
1339327.3.peg.1008.site.2, 8, 135, 143
1339327.3.peg.1008.site.3, 4, 135, 139
1339327.3.peg.1008.site.4, 0, 136, 136
1339327.3.peg.1008.site.5, 6, 136, 142
1339327.3.peg.1008.site.6, 30, 135, 165
1339327.3.peg.1008.site.7, 2, 136, 138
1339327.3.peg.1008.site.8, 0, 135, 135
1339327.3.peg.1008.site.9, 13, 136, 149
1339327.3.peg.1008.site.10, 22, 136, 158
1339327.3.peg.1008.site.11, 3, 137, 140
1339327.3.peg.1008.site.12, 0, 136, 136
1339327.3.peg.1008.site.13, 2, 135, 137
1339327.3.peg.1008.site.14, 78, 134, 212
1339327.3.peg.1008.site.15, 21, 131, 152
1339327.3.peg.1008.site.16, 3, 131, 134
1339327.3.peg.1008.site.17, 44, 131, 175
1339327.3.peg.1008.site.18, 5, 131, 136
1339327.3.peg.1008.site.19, 0, 131, 131
1339327.3.peg.1009.site.1, 29, 123, 152
1339327.3.peg.1009.site.2, 0, 129, 129
1339327.3.peg.1009.site.3, 124, 131, 255
1339327.3.peg.1009.site.4, 12, 131, 143
1339327.3.peg.1009.site.5, 11, 131, 142
1339327.3.peg.1009.site.6, 15, 124, 139
1339327.3.peg.1009.site.7, 0, 127, 127
1339327.3.peg.1009.site.8, 22, 128, 150
1339327.3.peg.1009.site.9, 9, 108, 117
1339327.3.peg.1009.site.10, 5, 106, 111
1339327.3.peg.1009.site.11, 5, 105, 110
1339327.3.peg.1009.site.12, 86, 118, 204
1339327.3.peg.1009.site.13, 27, 128, 155
1339327.3.peg.1009.site.14, 2, 131, 133
1339327.3.peg.1009.site.15, 5, 129, 134
1339327.3.peg.1009.site.16, 17, 120, 137
1339327.3.peg.1009.site.17, 10, 113, 123
1339327.3.peg.1009.site.18, 6, 109, 115
1339327.3.peg.1009.site.19, 5, 111, 116
1339327.3.peg.1009.site.20, 5, 112, 117
1339327.3.peg.5055.site.1, 52, 136, 188
1339327.3.peg.5055.site.2, 75, 136, 211
1339327.3.peg.5055.site.3, 130, 137, 267
1339327.3.peg.5055.site.4, 45, 137, 182
1339327.3.peg.5055.site.5, 3, 137, 140
1339327.3.peg.5055.site.6, 0, 135, 135
1339327.3.peg.5055.site.7, 1, 136, 137
1339327.3.peg.5055.site.8, 1, 137, 138
1339327.3.peg.5055.site.9, 3, 136, 139
1339327.3.peg.5055.site.10, 77, 134, 211
1339327.3.peg.5055.site.11, 43, 136, 179
1339327.3.peg.5055.site.12, 6, 133, 139
1339327.3.peg.5055.site.13, 0, 132, 132
1339327.3.peg.5055.site.14, 0, 131, 131
1339327.3.peg.5055.site.15, 0, 132, 132
1339327.3.peg.5055.site.16, 29, 135, 164
1339327.3.peg.5055.site.17, 6, 137, 143
1339327.3.peg.5055.site.18, 1, 137, 138
1339327.3.peg.5055.site.19, 3, 136, 139
1339327.3.peg.5055.site.20, 3, 137, 140
1339327.3.peg.5054.site.1, 1, 136, 137
1339327.3.peg.5054.site.2, 1, 137, 138
1339327.3.peg.5054.site.3, 45, 136, 181
1339327.3.peg.5054.site.4, 0, 136, 136
1339327.3.peg.5054.site.5, 0, 136, 136
1339327.3.peg.5054.site.6, 79, 136, 215
1339327.3.peg.5054.site.7, 1, 135, 136
1339327.3.peg.2023.site.1, 2, 136, 138
1339327.3.peg.2023.site.2, 0, 134, 134
1339327.3.peg.2023.site.3, 98, 135, 233
1339327.3.peg.2023.site.4, 3, 134, 137
1339327.3.peg.2023.site.5, 3, 135, 138
1339327.3.peg.2023.site.6, 5, 137, 142
1339327.3.peg.2023.site.7, 1, 137, 138
1339327.3.peg.2023.site.8, 0, 135, 135
1339327.3.peg.2022.site.1, 8, 134, 142
1339327.3.peg.2022.site.2, 2, 136, 138
1339327.3.peg.2022.site.3, 1, 136, 137
1339327.3.peg.2022.site.4, 131, 137, 268
1339327.3.peg.2022.site.5, 16, 137, 153
1339327.3.peg.2022.site.6, 7, 137, 144
1339327.3.peg.2022.site.7, 24, 137, 161
1339327.3.peg.2021.site.1, 3, 137, 140
1339327.3.peg.2021.site.2, 0, 137, 137
1339327.3.peg.2021.site.3, 10, 136, 146
1339327.3.peg.2021.site.4, 0, 136, 136
1339327.3.peg.2021.site.5, 49, 136, 185
1339327.3.peg.2021.site.6, 10, 137, 147
1339327.3.peg.2021.site.7, 3, 136, 139
1339327.3.peg.2021.site.8, 118, 135, 253
1339327.3.peg.2021.site.9, 79, 132, 211
1339327.3.peg.2021.site.10, 30, 128, 158
1339327.3.peg.2021.site.11, 50, 135, 185
1339327.3.peg.2021.site.12, 106, 135, 241
1339327.3.peg.2021.site.13, 18, 136, 154
1339327.3.peg.2021.site.14, 5, 136, 141
1339327.3.peg.2021.site.15, 1, 135, 136
1339327.3.peg.2021.site.16, 2, 134, 136
1339327.3.peg.2021.site.17, 25, 133, 158
1339327.3.peg.2021.site.18, 37, 133, 170
1339327.3.peg.2021.site.19, 0, 134, 134
1339327.3.peg.2020.site.1, 3, 137, 140
1339327.3.peg.2020.site.2, 1, 137, 138
1339327.3.peg.2020.site.3, 3, 137, 140
1339327.3.peg.2027.site.1, 2, 135, 137
1339327.3.peg.2027.site.2, 14, 136, 150
1339327.3.peg.2027.site.3, 9, 136, 145
1339327.3.peg.2027.site.4, 117, 136, 253
1339327.3.peg.2027.site.5, 13, 135, 148
1339327.3.peg.2027.site.6, 8, 136, 144
1339327.3.peg.2027.site.7, 62, 136, 198
1339327.3.peg.2027.site.8, 2, 137, 139
1339327.3.peg.2027.site.9, 2, 137, 139
1339327.3.peg.2027.site.10, 77, 132, 209
1339327.3.peg.2027.site.11, 3, 131, 134
1339327.3.peg.2027.site.12, 29, 134, 163
1339327.3.peg.2027.site.13, 2, 135, 137
1339327.3.peg.2027.site.14, 94, 133, 227
1339327.3.peg.2027.site.15, 5, 136, 141
1339327.3.peg.2026.site.1, 3, 137, 140
1339327.3.peg.2026.site.2, 28, 132, 160
1339327.3.peg.2026.site.3, 0, 134, 134
1339327.3.peg.2026.site.4, 2, 137, 139
1339327.3.peg.2026.site.5, 16, 137, 153
1339327.3.peg.2026.site.6, 0, 137, 137
1339327.3.peg.2025.site.1, 96, 134, 230
1339327.3.peg.2025.site.2, 12, 137, 149
1339327.3.peg.2025.site.3, 4, 137, 141
1339327.3.peg.2025.site.4, 0, 136, 136
1339327.3.peg.2025.site.5, 118, 137, 255
1339327.3.peg.2025.site.6, 2, 137, 139
1339327.3.peg.2025.site.7, 2, 137, 139
1339327.3.peg.2025.site.8, 8, 137, 145
1339327.3.peg.2025.site.9, 0, 135, 135
1339327.3.peg.2025.site.10, 2, 135, 137
1339327.3.peg.2025.site.11, 12, 134, 146
1339327.3.peg.2025.site.12, 0, 133, 133
1339327.3.peg.2025.site.13, 0, 136, 136
1339327.3.peg.2025.site.14, 3, 137, 140
1339327.3.peg.2025.site.15, 0, 137, 137
1339327.3.peg.2025.site.16, 5, 137, 142
1339327.3.peg.2025.site.17, 3, 137, 140
1339327.3.peg.2025.site.18, 5, 135, 140
1339327.3.peg.2025.site.19, 53, 136, 189
1339327.3.peg.2025.site.20, 6, 133, 139
1339327.3.peg.2025.site.21, 5, 134, 139
1339327.3.peg.2025.site.22, 0, 135, 135
1339327.3.peg.2025.site.23, 10, 135, 145
1339327.3.peg.2025.site.24, 1, 135, 136
1339327.3.peg.2024.site.1, 0, 133, 133
1339327.3.peg.2024.site.2, 5, 135, 140
1339327.3.peg.2024.site.3, 86, 134, 220
1339327.3.peg.2024.site.4, 83, 137, 220
1339327.3.peg.2024.site.5, 5, 137, 142
1339327.3.peg.2024.site.6, 47, 136, 183
1339327.3.peg.2024.site.7, 1, 137, 138
1339327.3.peg.2845.site.1, 19, 135, 154
1339327.3.peg.2845.site.2, 27, 136, 163
1339327.3.peg.2845.site.3, 5, 136, 141
1339327.3.peg.2845.site.4, 1, 137, 138
1339327.3.peg.2845.site.5, 13, 136, 149
1339327.3.peg.2845.site.6, 3, 135, 138
1339327.3.peg.2845.site.7, 1, 133, 134
1339327.3.peg.2845.site.8, 1, 135, 136
1339327.3.peg.2845.site.9, 11, 136, 147
1339327.3.peg.2845.site.10, 4, 136, 140
1339327.3.peg.2845.site.11, 7, 136, 143
1339327.3.peg.2845.site.12, 3, 137, 140
1339327.3.peg.2845.site.13, 14, 136, 150
1339327.3.peg.2845.site.14, 23, 134, 157
1339327.3.peg.2845.site.15, 25, 135, 160
1339327.3.peg.2845.site.16, 24, 136, 160
1339327.3.peg.2845.site.17, 99, 136, 235
1339327.3.peg.2845.site.18, 2, 135, 137
1339327.3.peg.2845.site.19, 3, 135, 138
1339327.3.peg.2845.site.20, 0, 134, 134
1339327.3.peg.2844.site.1, 1, 134, 135
1339327.3.peg.2844.site.2, 39, 134, 173
1339327.3.peg.2844.site.3, 2, 137, 139
1339327.3.peg.2844.site.4, 1, 134, 135
1339327.3.peg.2844.site.5, 1, 130, 131
1339327.3.peg.2844.site.6, 99, 130, 229
1339327.3.peg.2844.site.7, 131, 137, 268
1339327.3.peg.2844.site.8, 0, 136, 136
1339327.3.peg.2844.site.9, 1, 136, 137
1339327.3.peg.2029.site.1, 1, 134, 135
1339327.3.peg.2029.site.2, 22, 137, 159
1339327.3.peg.2029.site.3, 14, 137, 151
1339327.3.peg.2029.site.4, 16, 133, 149
1339327.3.peg.2029.site.5, 2, 136, 138
1339327.3.peg.2029.site.6, 1, 136, 137
1339327.3.peg.2029.site.7, 1, 135, 136
1339327.3.peg.2029.site.8, 1, 136, 137
1339327.3.peg.2029.site.9, 25, 136, 161
1339327.3.peg.2029.site.10, 3, 136, 139
1339327.3.peg.2029.site.11, 2, 136, 138
1339327.3.peg.2029.site.12, 4, 137, 141
1339327.3.peg.2029.site.13, 7, 137, 144
1339327.3.peg.2029.site.14, 10, 137, 147
1339327.3.peg.2029.site.15, 0, 135, 135
1339327.3.peg.2029.site.16, 0, 135, 135
1339327.3.peg.2029.site.17, 87, 134, 221
1339327.3.peg.2029.site.18, 6, 136, 142
1339327.3.peg.2029.site.19, 51, 137, 188
1339327.3.peg.2028.site.1, 54, 136, 190
1339327.3.peg.2028.site.2, 11, 137, 148
1339327.3.peg.2028.site.3, 2, 135, 137
1339327.3.peg.2028.site.4, 5, 136, 141
1339327.3.peg.2028.site.5, 0, 133, 133
1339327.3.peg.2028.site.6, 8, 136, 144
1339327.3.peg.2028.site.7, 18, 135, 153
1339327.3.peg.2028.site.8, 110, 135, 245
1339327.3.peg.2028.site.9, 1, 136, 137
1339327.3.peg.2028.site.10, 25, 136, 161
1339327.3.peg.2028.site.11, 11, 137, 148
1339327.3.peg.2028.site.12, 2, 135, 137
1339327.3.peg.2028.site.13, 0, 137, 137
1339327.3.peg.2028.site.14, 0, 135, 135
1339327.3.peg.2841.site.1, 1, 131, 132
1339327.3.peg.2841.site.2, 0, 133, 133
1339327.3.peg.2841.site.3, 48, 133, 181
1339327.3.peg.2841.site.4, 0, 136, 136
1339327.3.peg.2841.site.5, 58, 135, 193
1339327.3.peg.2841.site.6, 2, 133, 135
1339327.3.peg.2841.site.7, 2, 133, 135
1339327.3.peg.2841.site.8, 3, 134, 137
1339327.3.peg.2841.site.9, 0, 114, 114
1339327.3.peg.2841.site.10, 17, 129, 146
1339327.3.peg.2841.site.11, 2, 129, 131
1339327.3.peg.2841.site.12, 63, 130, 193
1339327.3.peg.2841.site.13, 15, 130, 145
1339327.3.peg.2841.site.14, 5, 130, 135
1339327.3.peg.2841.site.15, 2, 136, 138
1339327.3.peg.2841.site.16, 0, 131, 131
1339327.3.peg.2841.site.17, 16, 137, 153
1339327.3.peg.2840.site.1, 5, 135, 140
1339327.3.peg.2840.site.2, 38, 133, 171
1339327.3.peg.2840.site.3, 2, 134, 136
1339327.3.peg.2840.site.4, 4, 133, 137
1339327.3.peg.2843.site.1, 2, 137, 139
1339327.3.peg.2843.site.2, 0, 136, 136
1339327.3.peg.2843.site.3, 2, 137, 139
1339327.3.peg.2843.site.4, 29, 135, 164
1339327.3.peg.2843.site.5, 3, 136, 139
1339327.3.peg.2843.site.6, 1, 134, 135
1339327.3.peg.2843.site.7, 33, 136, 169
1339327.3.peg.2843.site.8, 3, 136, 139
1339327.3.peg.2843.site.9, 0, 130, 130
1339327.3.peg.2843.site.10, 2, 134, 136
1339327.3.peg.2843.site.11, 3, 135, 138
1339327.3.peg.2843.site.12, 6, 135, 141
1339327.3.peg.2843.site.13, 2, 133, 135
1339327.3.peg.2843.site.14, 3, 136, 139
1339327.3.peg.2843.site.15, 1, 135, 136
1339327.3.peg.2843.site.16, 31, 133, 164
1339327.3.peg.2843.site.17, 29, 134, 163
1339327.3.peg.2843.site.18, 9, 135, 144
1339327.3.peg.2843.site.19, 9, 135, 144
1339327.3.peg.2843.site.20, 0, 135, 135
1339327.3.peg.2843.site.21, 4, 136, 140
1339327.3.peg.2843.site.22, 9, 132, 141
1339327.3.peg.2843.site.23, 0, 134, 134
1339327.3.peg.2843.site.24, 19, 135, 154
1339327.3.peg.2843.site.25, 15, 135, 150
1339327.3.peg.2843.site.26, 1, 136, 137
1339327.3.peg.2843.site.27, 2, 135, 137
1339327.3.peg.2843.site.28, 11, 135, 146
1339327.3.peg.2843.site.29, 4, 135, 139
1339327.3.peg.2843.site.30, 53, 135, 188
1339327.3.peg.2843.site.31, 43, 134, 177
1339327.3.peg.2843.site.32, 4, 136, 140
1339327.3.peg.2843.site.33, 25, 136, 161
1339327.3.peg.2843.site.34, 0, 137, 137
1339327.3.peg.2843.site.35, 0, 129, 129
1339327.3.peg.2843.site.36, 2, 134, 136
1339327.3.peg.2843.site.37, 8, 137, 145
1339327.3.peg.2843.site.38, 0, 136, 136
1339327.3.peg.2843.site.39, 25, 133, 158
1339327.3.peg.2843.site.40, 22, 132, 154
1339327.3.peg.2843.site.41, 15, 127, 142
1339327.3.peg.2843.site.42, 1, 115, 116
1339327.3.peg.2843.site.43, 10, 113, 123
1339327.3.peg.2843.site.44, 4, 124, 128
1339327.3.peg.2843.site.45, 5, 136, 141
1339327.3.peg.2842.site.1, 0, 134, 134
1339327.3.peg.2842.site.2, 28, 137, 165
1339327.3.peg.2842.site.3, 0, 136, 136
1339327.3.peg.2842.site.4, 0, 133, 133
1339327.3.peg.2842.site.5, 47, 134, 181
1339327.3.peg.2842.site.6, 12, 137, 149
1339327.3.peg.2842.site.7, 11, 136, 147
1339327.3.peg.2842.site.8, 0, 134, 134
1339327.3.peg.2842.site.9, 4, 135, 139
1339327.3.peg.2842.site.10, 1, 134, 135
1339327.3.peg.2842.site.11, 3, 136, 139
1339327.3.peg.2842.site.12, 1, 136, 137
1339327.3.peg.2842.site.13, 61, 131, 192
1339327.3.peg.2842.site.14, 7, 132, 139
1339327.3.peg.2842.site.15, 6, 134, 140
1339327.3.peg.2842.site.16, 2, 135, 137
1339327.3.peg.2842.site.17, 3, 137, 140
1339327.3.peg.2842.site.18, 53, 137, 190
1339327.3.peg.2842.site.19, 3, 136, 139
1339327.3.peg.4710.site.1, 0, 134, 134
1339327.3.peg.4710.site.2, 0, 134, 134
1339327.3.peg.4504.site.1, 3, 133, 136
1339327.3.peg.4504.site.2, 0, 137, 137
1339327.3.peg.4504.site.3, 6, 137, 143
1339327.3.peg.4504.site.4, 8, 136, 144
1339327.3.peg.4504.site.5, 16, 137, 153
1339327.3.peg.4504.site.6, 42, 136, 178
1339327.3.peg.4504.site.7, 8, 137, 145
1339327.3.peg.4504.site.8, 3, 137, 140
1339327.3.peg.4504.site.9, 42, 137, 179
1339327.3.peg.4504.site.10, 2, 137, 139
1339327.3.peg.4504.site.11, 2, 136, 138
1339327.3.peg.4504.site.12, 1, 136, 137
1339327.3.peg.4504.site.13, 62, 136, 198
1339327.3.peg.4504.site.14, 32, 136, 168
1339327.3.peg.4504.site.15, 5, 136, 141
1339327.3.peg.4504.site.16, 3, 137, 140
1339327.3.peg.4504.site.17, 0, 136, 136
1339327.3.peg.4504.site.18, 11, 136, 147
1339327.3.peg.4504.site.19, 1, 137, 138
1339327.3.peg.4504.site.20, 25, 136, 161
1339327.3.peg.4504.site.21, 10, 136, 146
1339327.3.peg.4504.site.22, 0, 137, 137
1339327.3.peg.4504.site.23, 0, 135, 135
1339327.3.peg.3462.site.1, 4, 117, 121
1339327.3.peg.3462.site.2, 74, 74, 148
1339327.3.peg.3462.site.3, 99, 102, 201
1339327.3.peg.3462.site.4, 0, 102, 102
1339327.3.peg.3462.site.5, 3, 115, 118
1339327.3.peg.3462.site.6, 0, 135, 135
1339327.3.peg.3462.site.7, 3, 135, 138
1339327.3.peg.3462.site.8, 2, 134, 136
1339327.3.peg.3462.site.9, 5, 135, 140
1339327.3.peg.3462.site.10, 11, 135, 146
1339327.3.peg.3462.site.11, 1, 134, 135
1339327.3.peg.758.site.1, 11, 135, 146
1339327.3.peg.758.site.2, 0, 136, 136
1339327.3.peg.758.site.3, 3, 137, 140
1339327.3.peg.758.site.4, 1, 136, 137
1339327.3.peg.758.site.5, 1, 136, 137
1339327.3.peg.758.site.6, 0, 135, 135
1339327.3.peg.758.site.7, 1, 136, 137
1339327.3.peg.758.site.8, 5, 137, 142
1339327.3.peg.758.site.9, 2, 137, 139
1339327.3.peg.758.site.10, 125, 131, 256
1339327.3.peg.758.site.11, 0, 132, 132
1339327.3.peg.758.site.12, 2, 127, 129
1339327.3.peg.758.site.13, 1, 132, 133
1339327.3.peg.758.site.14, 2, 130, 132
1339327.3.peg.758.site.15, 9, 130, 139
1339327.3.peg.758.site.16, 5, 136, 141
1339327.3.peg.758.site.17, 1, 137, 138
1339327.3.peg.758.site.18, 3, 136, 139
1339327.3.peg.758.site.19, 54, 136, 190
1339327.3.peg.758.site.20, 3, 137, 140
1339327.3.peg.758.site.21, 3, 137, 140
1339327.3.peg.758.site.22, 5, 137, 142
1339327.3.peg.758.site.23, 2, 136, 138
1339327.3.peg.758.site.24, 2, 136, 138
1339327.3.peg.758.site.25, 4, 137, 141
1339327.3.peg.758.site.26, 1, 136, 137
1339327.3.peg.758.site.27, 1, 136, 137
1339327.3.peg.758.site.28, 20, 135, 155
1339327.3.peg.758.site.29, 0, 135, 135
1339327.3.peg.758.site.30, 0, 134, 134
1339327.3.peg.758.site.31, 7, 135, 142
1339327.3.peg.758.site.32, 4, 135, 139
1339327.3.peg.758.site.33, 9, 137, 146
1339327.3.peg.758.site.34, 6, 136, 142
1339327.3.peg.758.site.35, 38, 134, 172
1339327.3.peg.758.site.36, 2, 135, 137
1339327.3.peg.758.site.37, 5, 137, 142
1339327.3.peg.758.site.38, 16, 135, 151
1339327.3.peg.758.site.39, 9, 136, 145
1339327.3.peg.758.site.40, 13, 137, 150
1339327.3.peg.758.site.41, 2, 136, 138
1339327.3.peg.758.site.42, 0, 136, 136
1339327.3.peg.759.site.1, 2, 10, 12
1339327.3.peg.759.site.2, 1, 18, 19
1339327.3.peg.759.site.3, 0, 29, 29
1339327.3.peg.759.site.4, 0, 37, 37
1339327.3.peg.759.site.5, 0, 41, 41
1339327.3.peg.759.site.6, 11, 33, 44
1339327.3.peg.759.site.7, 0, 41, 41
1339327.3.peg.759.site.8, 0, 41, 41
1339327.3.peg.759.site.9, 0, 43, 43
1339327.3.peg.759.site.10, 6, 30, 36
1339327.3.peg.759.site.11, 32, 84, 116
1339327.3.peg.759.site.12, 20, 108, 128
1339327.3.peg.759.site.13, 0, 119, 119
1339327.3.peg.759.site.14, 13, 124, 137
1339327.3.peg.759.site.15, 5, 119, 124
1339327.3.peg.759.site.16, 5, 115, 120
1339327.3.peg.759.site.17, 5, 106, 111
1339327.3.peg.759.site.18, 0, 104, 104
1339327.3.peg.759.site.19, 6, 58, 64
1339327.3.peg.759.site.20, 38, 44, 82
1339327.3.peg.759.site.21, 41, 47, 88
1339327.3.peg.759.site.22, 9, 60, 69
1339327.3.peg.759.site.23, 0, 63, 63
1339327.3.peg.759.site.24, 4, 75, 79
1339327.3.peg.759.site.25, 2, 82, 84
1339327.3.peg.759.site.26, 20, 80, 100
1339327.3.peg.759.site.27, 2, 88, 90
1339327.3.peg.759.site.28, 0, 108, 108
1339327.3.peg.759.site.29, 0, 120, 120
1339327.3.peg.759.site.30, 50, 121, 171
1339327.3.peg.759.site.31, 0, 125, 125
1339327.3.peg.759.site.32, 1, 127, 128
1339327.3.peg.759.site.33, 0, 126, 126
1339327.3.peg.759.site.34, 0, 125, 125
1339327.3.peg.759.site.35, 0, 126, 126
1339327.3.peg.759.site.36, 5, 127, 132
1339327.3.peg.759.site.37, 0, 125, 125
1339327.3.peg.759.site.38, 45, 118, 163
1339327.3.peg.759.site.39, 3, 116, 119
1339327.3.peg.759.site.40, 2, 116, 118
1339327.3.peg.759.site.41, 2, 125, 127
1339327.3.peg.759.site.42, 3, 123, 126
1339327.3.peg.759.site.43, 0, 123, 123
1339327.3.peg.759.site.44, 0, 124, 124
1339327.3.peg.759.site.45, 4, 123, 127
1339327.3.peg.759.site.46, 0, 124, 124
1339327.3.peg.752.site.1, 0, 134, 134
1339327.3.peg.752.site.2, 18, 137, 155
1339327.3.peg.752.site.3, 3, 137, 140
1339327.3.peg.752.site.4, 0, 132, 132
1339327.3.peg.752.site.5, 9, 136, 145
1339327.3.peg.752.site.6, 3, 137, 140
1339327.3.peg.752.site.7, 27, 137, 164
1339327.3.peg.752.site.8, 117, 136, 253
1339327.3.peg.752.site.9, 5, 136, 141
1339327.3.peg.752.site.10, 35, 136, 171
1339327.3.peg.752.site.11, 5, 137, 142
1339327.3.peg.752.site.12, 2, 136, 138
1339327.3.peg.752.site.13, 4, 137, 141
1339327.3.peg.752.site.14, 104, 133, 237
1339327.3.peg.752.site.15, 0, 137, 137
1339327.3.peg.752.site.16, 35, 135, 170
1339327.3.peg.752.site.17, 1, 136, 137
1339327.3.peg.752.site.18, 1, 135, 136
1339327.3.peg.753.site.1, 13, 133, 146
1339327.3.peg.753.site.2, 24, 132, 156
1339327.3.peg.753.site.3, 5, 134, 139
1339327.3.peg.753.site.4, 32, 135, 167
1339327.3.peg.753.site.5, 4, 134, 138
1339327.3.peg.753.site.6, 3, 136, 139
1339327.3.peg.753.site.7, 0, 136, 136
1339327.3.peg.753.site.8, 0, 135, 135
1339327.3.peg.753.site.9, 26, 137, 163
1339327.3.peg.753.site.10, 2, 137, 139
1339327.3.peg.753.site.11, 36, 136, 172
1339327.3.peg.753.site.12, 0, 136, 136
1339327.3.peg.753.site.13, 1, 137, 138
1339327.3.peg.750.site.1, 1, 137, 138
1339327.3.peg.750.site.2, 125, 136, 261
1339327.3.peg.750.site.3, 21, 134, 155
1339327.3.peg.750.site.4, 4, 137, 141
1339327.3.peg.750.site.5, 106, 136, 242
1339327.3.peg.750.site.6, 76, 136, 212
1339327.3.peg.750.site.7, 102, 136, 238
1339327.3.peg.750.site.8, 2, 137, 139
1339327.3.peg.750.site.9, 2, 135, 137
1339327.3.peg.751.site.1, 8, 136, 144
1339327.3.peg.751.site.2, 2, 136, 138
1339327.3.peg.751.site.3, 14, 136, 150
1339327.3.peg.751.site.4, 5, 137, 142
1339327.3.peg.751.site.5, 39, 137, 176
1339327.3.peg.751.site.6, 1, 137, 138
1339327.3.peg.751.site.7, 1, 137, 138
1339327.3.peg.751.site.8, 42, 137, 179
1339327.3.peg.751.site.9, 1, 135, 136
1339327.3.peg.751.site.10, 3, 135, 138
1339327.3.peg.751.site.11, 5, 136, 141
1339327.3.peg.751.site.12, 2, 137, 139
1339327.3.peg.751.site.13, 2, 137, 139
1339327.3.peg.751.site.14, 33, 137, 170
1339327.3.peg.751.site.15, 30, 137, 167
1339327.3.peg.751.site.16, 20, 137, 157
1339327.3.peg.751.site.17, 6, 137, 143
1339327.3.peg.751.site.18, 23, 137, 160
1339327.3.peg.751.site.19, 1, 137, 138
1339327.3.peg.751.site.20, 1, 136, 137
1339327.3.peg.751.site.21, 101, 136, 237
1339327.3.peg.751.site.22, 4, 137, 141
1339327.3.peg.751.site.23, 1, 137, 138
1339327.3.peg.751.site.24, 1, 136, 137
1339327.3.peg.751.site.25, 4, 137, 141
1339327.3.peg.751.site.26, 5, 136, 141
1339327.3.peg.751.site.27, 4, 134, 138
1339327.3.peg.751.site.28, 3, 136, 139
1339327.3.peg.751.site.29, 51, 137, 188
1339327.3.peg.751.site.30, 12, 137, 149
1339327.3.peg.751.site.31, 2, 137, 139
1339327.3.peg.756.site.1, 0, 136, 136
1339327.3.peg.756.site.2, 9, 135, 144
1339327.3.peg.756.site.3, 8, 135, 143
1339327.3.peg.756.site.4, 0, 134, 134
1339327.3.peg.756.site.5, 0, 134, 134
1339327.3.peg.756.site.6, 4, 130, 134
1339327.3.peg.756.site.7, 3, 131, 134
1339327.3.peg.756.site.8, 1, 135, 136
1339327.3.peg.756.site.9, 7, 136, 143
1339327.3.peg.756.site.10, 68, 136, 204
1339327.3.peg.756.site.11, 49, 133, 182
1339327.3.peg.756.site.12, 2, 137, 139
1339327.3.peg.756.site.13, 0, 136, 136
1339327.3.peg.756.site.14, 1, 129, 130
1339327.3.peg.756.site.15, 9, 135, 144
1339327.3.peg.757.site.1, 8, 136, 144
1339327.3.peg.757.site.2, 14, 136, 150
1339327.3.peg.757.site.3, 4, 136, 140
1339327.3.peg.757.site.4, 3, 135, 138
1339327.3.peg.757.site.5, 47, 136, 183
1339327.3.peg.757.site.6, 3, 137, 140
1339327.3.peg.757.site.7, 1, 137, 138
1339327.3.peg.757.site.8, 59, 137, 196
1339327.3.peg.757.site.9, 4, 134, 138
1339327.3.peg.757.site.10, 126, 136, 262
1339327.3.peg.754.site.1, 1, 136, 137
1339327.3.peg.754.site.2, 48, 137, 185
1339327.3.peg.754.site.3, 23, 136, 159
1339327.3.peg.754.site.4, 6, 136, 142
1339327.3.peg.754.site.5, 14, 137, 151
1339327.3.peg.754.site.6, 9, 137, 146
1339327.3.peg.754.site.7, 5, 137, 142
1339327.3.peg.754.site.8, 5, 137, 142
1339327.3.peg.754.site.9, 0, 137, 137
1339327.3.peg.754.site.10, 4, 137, 141
1339327.3.peg.754.site.11, 128, 134, 262
1339327.3.peg.754.site.12, 1, 134, 135
1339327.3.peg.755.site.1, 3, 135, 138
1339327.3.peg.755.site.2, 23, 135, 158
1339327.3.peg.755.site.3, 2, 136, 138
1339327.3.peg.755.site.4, 7, 137, 144
1339327.3.peg.755.site.5, 1, 137, 138
1339327.3.peg.755.site.6, 9, 137, 146
1339327.3.peg.755.site.7, 2, 137, 139
1339327.3.peg.755.site.8, 16, 137, 153
1339327.3.peg.755.site.9, 0, 136, 136
1339327.3.peg.755.site.10, 2, 136, 138
1339327.3.peg.755.site.11, 22, 135, 157
1339327.3.peg.755.site.12, 61, 136, 197
1339327.3.peg.755.site.13, 8, 135, 143
1339327.3.peg.755.site.14, 15, 137, 152
1339327.3.peg.755.site.15, 70, 136, 206
1339327.3.peg.755.site.16, 0, 137, 137
1339327.3.peg.755.site.17, 55, 136, 191
1339327.3.peg.755.site.18, 51, 136, 187
1339327.3.peg.755.site.19, 11, 137, 148
1339327.3.peg.755.site.20, 3, 136, 139
1339327.3.peg.755.site.21, 17, 135, 152
1339327.3.peg.755.site.22, 26, 134, 160
1339327.3.peg.755.site.23, 5, 137, 142
1339327.3.peg.755.site.24, 2, 136, 138
1339327.3.peg.755.site.25, 43, 134, 177
1339327.3.peg.755.site.26, 8, 136, 144
1339327.3.peg.755.site.27, 1, 136, 137
1339327.3.peg.755.site.28, 1, 137, 138
1339327.3.peg.4919.site.1, 1, 136, 137
1339327.3.peg.4568.site.1, 3, 137, 140
1339327.3.peg.4568.site.2, 56, 137, 193
1339327.3.peg.4568.site.3, 5, 137, 142
1339327.3.peg.4568.site.4, 0, 136, 136
1339327.3.peg.4568.site.5, 107, 137, 244
1339327.3.peg.4568.site.6, 47, 137, 184
1339327.3.peg.4568.site.7, 3, 137, 140
1339327.3.peg.4568.site.8, 13, 137, 150
1339327.3.peg.4568.site.9, 56, 136, 192
1339327.3.peg.4568.site.10, 4, 135, 139
1339327.3.peg.4568.site.11, 3, 134, 137
1339327.3.peg.4568.site.12, 1, 132, 133
1339327.3.peg.4568.site.13, 104, 130, 234
1339327.3.peg.4568.site.14, 0, 130, 130
1339327.3.peg.4568.site.15, 4, 130, 134
1339327.3.peg.4568.site.16, 3, 131, 134
1339327.3.peg.4568.site.17, 3, 134, 137
1339327.3.peg.4568.site.18, 3, 137, 140
1339327.3.peg.4568.site.19, 5, 137, 142
1339327.3.peg.4568.site.20, 6, 136, 142
1339327.3.peg.4568.site.21, 5, 136, 141
1339327.3.peg.4568.site.22, 2, 133, 135
1339327.3.peg.4568.site.23, 1, 132, 133
1339327.3.peg.4568.site.24, 5, 131, 136
1339327.3.peg.4568.site.25, 3, 131, 134
1339327.3.peg.4568.site.26, 1, 131, 132
1339327.3.peg.4568.site.27, 2, 131, 133
1339327.3.peg.4568.site.28, 3, 130, 133
1339327.3.peg.4568.site.29, 2, 130, 132
1339327.3.peg.4568.site.30, 0, 131, 131
1339327.3.peg.4568.site.31, 8, 131, 139
1339327.3.peg.4568.site.32, 4, 126, 130
1339327.3.peg.4568.site.33, 13, 130, 143
1339327.3.peg.4568.site.34, 30, 129, 159
1339327.3.peg.4568.site.35, 109, 128, 237
1339327.3.peg.4568.site.36, 35, 128, 163
1339327.3.peg.4568.site.37, 1, 129, 130
1339327.3.peg.4568.site.38, 3, 133, 136
1339327.3.peg.4568.site.39, 5, 135, 140
1339327.3.peg.2113.site.1, 95, 100, 195
1339327.3.peg.2113.site.2, 42, 47, 89
1339327.3.peg.2113.site.3, 8, 13, 21
1339327.3.peg.2113.site.4, 12, 17, 29
1339327.3.peg.2113.site.5, 3, 108, 111
1339327.3.peg.2113.site.6, 125, 130, 255
1339327.3.peg.2113.site.7, 2, 130, 132
1339327.3.peg.2113.site.8, 128, 133, 261
1339327.3.peg.2113.site.9, 129, 134, 263
1339327.3.peg.2113.site.10, 129, 134, 263
1339327.3.peg.2113.site.11, 128, 133, 261
1339327.3.peg.2113.site.12, 8, 132, 140
1339327.3.peg.2113.site.13, 0, 132, 132
1339327.3.peg.2113.site.14, 6, 133, 139
1339327.3.peg.2113.site.15, 126, 131, 257
1339327.3.peg.2113.site.16, 127, 132, 259
1339327.3.peg.2113.site.17, 125, 130, 255
1339327.3.peg.2113.site.18, 44, 49, 93
1339327.3.peg.5057.site.1, 19, 137, 156
1339327.3.peg.5057.site.2, 0, 136, 136
1339327.3.peg.5057.site.3, 11, 136, 147
1339327.3.peg.5057.site.4, 2, 136, 138
1339327.3.peg.5057.site.5, 17, 133, 150
1339327.3.peg.5057.site.6, 3, 136, 139
1339327.3.peg.5057.site.7, 0, 135, 135
1339327.3.peg.5057.site.8, 104, 136, 240
1339327.3.peg.5057.site.9, 10, 136, 146
1339327.3.peg.5057.site.10, 1, 136, 137
1339327.3.peg.5057.site.11, 0, 135, 135
1339327.3.peg.5057.site.12, 9, 137, 146
1339327.3.peg.3460.site.1, 6, 134, 140
1339327.3.peg.3460.site.2, 18, 136, 154
1339327.3.peg.2119.site.1, 129, 134, 263
1339327.3.peg.2119.site.2, 1, 137, 138
1339327.3.peg.2119.site.3, 15, 137, 152
1339327.3.peg.2119.site.4, 97, 135, 232
1339327.3.peg.2119.site.5, 40, 130, 170
1339327.3.peg.2119.site.6, 0, 134, 134
1339327.3.peg.2119.site.7, 0, 134, 134
1339327.3.peg.2119.site.8, 3, 134, 137
1339327.3.peg.2119.site.9, 95, 131, 226
1339327.3.peg.2119.site.10, 4, 134, 138
1339327.3.peg.2119.site.11, 10, 135, 145
1339327.3.peg.2119.site.12, 28, 136, 164
1339327.3.peg.2119.site.13, 0, 124, 124
1339327.3.peg.2119.site.14, 3, 129, 132
1339327.3.peg.2119.site.15, 3, 129, 132
1339327.3.peg.2119.site.16, 5, 128, 133
1339327.3.peg.2119.site.17, 1, 130, 131
1339327.3.peg.2119.site.18, 6, 126, 132
1339327.3.peg.2119.site.19, 2, 134, 136
1339327.3.peg.2119.site.20, 1, 134, 135
1339327.3.peg.2119.site.21, 2, 135, 137
1339327.3.peg.2119.site.22, 1, 135, 136
1339327.3.peg.2119.site.23, 0, 133, 133
1339327.3.peg.2119.site.24, 4, 129, 133
1339327.3.peg.2119.site.25, 12, 136, 148
1339327.3.peg.2119.site.26, 1, 136, 137
1339327.3.peg.2119.site.27, 0, 136, 136
1339327.3.peg.2119.site.28, 8, 136, 144
1339327.3.peg.2119.site.29, 0, 135, 135
1339327.3.peg.2119.site.30, 75, 130, 205
1339327.3.peg.2119.site.31, 3, 132, 135
1339327.3.peg.2119.site.32, 1, 131, 132
1339327.3.peg.2119.site.33, 1, 135, 136
1339327.3.peg.2119.site.34, 2, 136, 138
1339327.3.peg.2119.site.35, 2, 135, 137
1339327.3.peg.2119.site.36, 40, 132, 172
1339327.3.peg.2119.site.37, 0, 135, 135
1339327.3.peg.2119.site.38, 13, 129, 142
1339327.3.peg.2119.site.39, 115, 128, 243
1339327.3.peg.3463.site.1, 4, 112, 116
1339327.3.peg.3463.site.2, 0, 132, 132
1339327.3.peg.3463.site.3, 4, 134, 138
1339327.3.peg.3463.site.4, 6, 137, 143
1339327.3.peg.3463.site.5, 1, 136, 137
1339327.3.peg.3463.site.6, 30, 135, 165
1339327.3.peg.3463.site.7, 3, 134, 137
1339327.3.peg.3463.site.8, 0, 136, 136
1339327.3.peg.3463.site.9, 2, 133, 135
1339327.3.peg.3463.site.10, 20, 130, 150
1339327.3.peg.3463.site.11, 3, 133, 136
1339327.3.peg.2593.site.1, 1, 134, 135
1339327.3.peg.2593.site.2, 3, 133, 136
1339327.3.peg.2593.site.3, 16, 135, 151
1339327.3.peg.2593.site.4, 79, 134, 213
1339327.3.peg.2593.site.5, 1, 135, 136
1339327.3.peg.2593.site.6, 1, 132, 133
1339327.3.peg.2593.site.7, 37, 133, 170
1339327.3.peg.2593.site.8, 3, 134, 137
1339327.3.peg.2593.site.9, 2, 135, 137
1339327.3.peg.2593.site.10, 2, 135, 137
1339327.3.peg.2593.site.11, 6, 133, 139
1339327.3.peg.2593.site.12, 52, 133, 185
1339327.3.peg.2593.site.13, 3, 131, 134
1339327.3.peg.2593.site.14, 2, 133, 135
1339327.3.peg.2593.site.15, 2, 133, 135
1339327.3.peg.2593.site.16, 49, 120, 169
1339327.3.peg.2593.site.17, 109, 130, 239
1339327.3.peg.2593.site.18, 3, 136, 139
1339327.3.peg.2593.site.19, 69, 133, 202
1339327.3.peg.2593.site.20, 114, 134, 248
1339327.3.peg.2593.site.21, 2, 135, 137
1339327.3.peg.2593.site.22, 13, 134, 147
1339327.3.peg.2593.site.23, 3, 135, 138
1339327.3.peg.2592.site.1, 12, 133, 145
1339327.3.peg.2592.site.2, 6, 133, 139
1339327.3.peg.2592.site.3, 30, 135, 165
1339327.3.peg.2592.site.4, 0, 131, 131
1339327.3.peg.2592.site.5, 10, 135, 145
1339327.3.peg.2592.site.6, 3, 135, 138
1339327.3.peg.2592.site.7, 15, 133, 148
1339327.3.peg.2592.site.8, 0, 134, 134
1339327.3.peg.2592.site.9, 4, 134, 138
1339327.3.peg.2592.site.10, 12, 134, 146
1339327.3.peg.2592.site.11, 0, 134, 134
1339327.3.peg.2592.site.12, 0, 132, 132
1339327.3.peg.2592.site.13, 5, 134, 139
1339327.3.peg.2592.site.14, 13, 133, 146
1339327.3.peg.2592.site.15, 2, 135, 137
1339327.3.peg.2592.site.16, 3, 136, 139
1339327.3.peg.2592.site.17, 3, 135, 138
1339327.3.peg.2591.site.1, 2, 136, 138
1339327.3.peg.2591.site.2, 79, 136, 215
1339327.3.peg.2591.site.3, 7, 133, 140
1339327.3.peg.2591.site.4, 41, 132, 173
1339327.3.peg.2597.site.1, 0, 132, 132
1339327.3.peg.2597.site.2, 23, 131, 154
1339327.3.peg.2597.site.3, 3, 132, 135
1339327.3.peg.2597.site.4, 6, 131, 137
1339327.3.peg.2597.site.5, 0, 131, 131
1339327.3.peg.2597.site.6, 0, 131, 131
1339327.3.peg.2597.site.7, 0, 129, 129
1339327.3.peg.2597.site.8, 0, 129, 129
1339327.3.peg.2597.site.9, 1, 132, 133
1339327.3.peg.2597.site.10, 0, 131, 131
1339327.3.peg.2597.site.11, 0, 129, 129
1339327.3.peg.2597.site.12, 8, 131, 139
1339327.3.peg.2597.site.13, 4, 132, 136
1339327.3.peg.2597.site.14, 0, 133, 133
1339327.3.peg.2597.site.15, 0, 132, 132
1339327.3.peg.2597.site.16, 0, 130, 130
1339327.3.peg.2597.site.17, 37, 131, 168
1339327.3.peg.2597.site.18, 11, 128, 139
1339327.3.peg.2597.site.19, 0, 129, 129
1339327.3.peg.2596.site.1, 127, 133, 260
1339327.3.peg.2596.site.2, 0, 131, 131
1339327.3.peg.2596.site.3, 11, 133, 144
1339327.3.peg.2596.site.4, 1, 129, 130
1339327.3.peg.2596.site.5, 13, 132, 145
1339327.3.peg.2596.site.6, 48, 130, 178
1339327.3.peg.2596.site.7, 0, 132, 132
1339327.3.peg.2596.site.8, 4, 128, 132
1339327.3.peg.2596.site.9, 0, 92, 92
1339327.3.peg.2596.site.10, 0, 98, 98
1339327.3.peg.2596.site.11, 5, 57, 62
1339327.3.peg.2596.site.12, 2, 56, 58
1339327.3.peg.2596.site.13, 7, 75, 82
1339327.3.peg.2596.site.14, 0, 81, 81
1339327.3.peg.2596.site.15, 41, 83, 124
1339327.3.peg.2596.site.16, 0, 111, 111
1339327.3.peg.2596.site.17, 0, 118, 118
1339327.3.peg.2596.site.18, 3, 122, 125
1339327.3.peg.2596.site.19, 3, 121, 124
1339327.3.peg.2596.site.20, 1, 121, 122
1339327.3.peg.2596.site.21, 0, 125, 125
1339327.3.peg.2596.site.22, 0, 124, 124
1339327.3.peg.2596.site.23, 43, 125, 168
1339327.3.peg.2596.site.24, 0, 125, 125
1339327.3.peg.2596.site.25, 0, 126, 126
1339327.3.peg.2596.site.26, 0, 126, 126
1339327.3.peg.2596.site.27, 0, 127, 127
1339327.3.peg.2596.site.28, 0, 126, 126
1339327.3.peg.2596.site.29, 0, 127, 127
1339327.3.peg.2596.site.30, 0, 128, 128
1339327.3.peg.2596.site.31, 0, 127, 127
1339327.3.peg.2596.site.32, 0, 126, 126
1339327.3.peg.2596.site.33, 0, 126, 126
1339327.3.peg.2596.site.34, 2, 126, 128
1339327.3.peg.2596.site.35, 0, 125, 125
1339327.3.peg.2596.site.36, 102, 122, 224
1339327.3.peg.2596.site.37, 9, 81, 90
1339327.3.peg.2596.site.38, 57, 71, 128
1339327.3.peg.2596.site.39, 13, 28, 41
1339327.3.peg.2596.site.40, 10, 24, 34
1339327.3.peg.2596.site.41, 9, 23, 32
1339327.3.peg.2596.site.42, 28, 42, 70
1339327.3.peg.2596.site.43, 52, 70, 122
1339327.3.peg.2596.site.44, 75, 93, 168
1339327.3.peg.2596.site.45, 0, 122, 122
1339327.3.peg.2596.site.46, 5, 127, 132
1339327.3.peg.2596.site.47, 2, 128, 130
1339327.3.peg.2596.site.48, 97, 127, 224
1339327.3.peg.2596.site.49, 3, 127, 130
1339327.3.peg.2596.site.50, 41, 126, 167
1339327.3.peg.2596.site.51, 105, 127, 232
1339327.3.peg.2596.site.52, 7, 83, 90
1339327.3.peg.2596.site.53, 9, 76, 85
1339327.3.peg.2596.site.54, 24, 73, 97
1339327.3.peg.2596.site.55, 2, 76, 78
1339327.3.peg.2596.site.56, 1, 78, 79
1339327.3.peg.2596.site.57, 0, 82, 82
1339327.3.peg.2595.site.1, 30, 134, 164
1339327.3.peg.2595.site.2, 5, 135, 140
1339327.3.peg.2595.site.3, 61, 135, 196
1339327.3.peg.2595.site.4, 97, 135, 232
1339327.3.peg.2595.site.5, 3, 135, 138
1339327.3.peg.2595.site.6, 0, 134, 134
1339327.3.peg.2595.site.7, 7, 134, 141
1339327.3.peg.2595.site.8, 119, 134, 253
1339327.3.peg.2595.site.9, 28, 136, 164
1339327.3.peg.2595.site.10, 119, 134, 253
1339327.3.peg.2595.site.11, 4, 133, 137
1339327.3.peg.2595.site.12, 3, 134, 137
1339327.3.peg.2595.site.13, 24, 133, 157
1339327.3.peg.2595.site.14, 5, 131, 136
1339327.3.peg.2595.site.15, 90, 132, 222
1339327.3.peg.2595.site.16, 4, 133, 137
1339327.3.peg.2595.site.17, 0, 130, 130
1339327.3.peg.2594.site.1, 0, 133, 133
1339327.3.peg.2594.site.2, 3, 135, 138
1339327.3.peg.2594.site.3, 5, 133, 138
1339327.3.peg.2594.site.4, 2, 135, 137
1339327.3.peg.2594.site.5, 3, 135, 138
1339327.3.peg.2594.site.6, 6, 135, 141
1339327.3.peg.2594.site.7, 54, 135, 189
1339327.3.peg.2594.site.8, 2, 133, 135
1339327.3.peg.2594.site.9, 0, 133, 133
1339327.3.peg.2594.site.10, 28, 135, 163
1339327.3.peg.2594.site.11, 119, 135, 254
1339327.3.peg.2594.site.12, 11, 135, 146
1339327.3.peg.2594.site.13, 54, 134, 188
1339327.3.peg.2594.site.14, 26, 136, 162
1339327.3.peg.2594.site.15, 25, 135, 160
1339327.3.peg.2594.site.16, 39, 136, 175
1339327.3.peg.3860.site.1, 0, 136, 136
1339327.3.peg.3860.site.2, 0, 137, 137
1339327.3.peg.3860.site.3, 0, 137, 137
1339327.3.peg.3861.site.1, 12, 137, 149
1339327.3.peg.3861.site.2, 10, 136, 146
1339327.3.peg.3861.site.3, 14, 137, 151
1339327.3.peg.3861.site.4, 1, 137, 138
1339327.3.peg.3861.site.5, 0, 137, 137
1339327.3.peg.3861.site.6, 3, 133, 136
1339327.3.peg.3861.site.7, 0, 134, 134
1339327.3.peg.2599.site.1, 0, 129, 129
1339327.3.peg.2599.site.2, 12, 126, 138
1339327.3.peg.2599.site.3, 0, 124, 124
1339327.3.peg.2599.site.4, 35, 122, 157
1339327.3.peg.2599.site.5, 0, 127, 127
1339327.3.peg.2599.site.6, 0, 126, 126
1339327.3.peg.2599.site.7, 12, 127, 139
1339327.3.peg.2599.site.8, 18, 128, 146
1339327.3.peg.3864.site.1, 1, 87, 88
1339327.3.peg.3864.site.2, 14, 79, 93
1339327.3.peg.3864.site.3, 2, 93, 95
1339327.3.peg.3864.site.4, 0, 116, 116
1339327.3.peg.3864.site.5, 33, 130, 163
1339327.3.peg.3865.site.1, 38, 137, 175
1339327.3.peg.3866.site.1, 3, 131, 134
1339327.3.peg.3866.site.2, 118, 123, 241
1339327.3.peg.3866.site.3, 13, 136, 149
1339327.3.peg.3866.site.4, 17, 136, 153
1339327.3.peg.3866.site.5, 49, 136, 185
1339327.3.peg.3866.site.6, 0, 134, 134
1339327.3.peg.3866.site.7, 0, 135, 135
1339327.3.peg.3866.site.8, 1, 135, 136
1339327.3.peg.3866.site.9, 35, 135, 170
1339327.3.peg.3866.site.10, 0, 135, 135
1339327.3.peg.3866.site.11, 0, 136, 136
1339327.3.peg.3866.site.12, 1, 136, 137
1339327.3.peg.3866.site.13, 8, 137, 145
1339327.3.peg.3866.site.14, 0, 136, 136
1339327.3.peg.3866.site.15, 27, 136, 163
1339327.3.peg.3866.site.16, 0, 137, 137
1339327.3.peg.3866.site.17, 11, 137, 148
1339327.3.peg.3866.site.18, 3, 137, 140
1339327.3.peg.3866.site.19, 47, 137, 184
1339327.3.peg.3866.site.20, 8, 135, 143
1339327.3.peg.3867.site.1, 5, 137, 142
1339327.3.peg.3867.site.2, 28, 137, 165
1339327.3.peg.3867.site.3, 3, 137, 140
1339327.3.peg.3867.site.4, 36, 135, 171
1339327.3.peg.3867.site.5, 92, 134, 226
1339327.3.peg.3867.site.6, 62, 137, 199
1339327.3.peg.3867.site.7, 86, 137, 223
1339327.3.peg.3867.site.8, 5, 137, 142
1339327.3.peg.3867.site.9, 4, 137, 141
1339327.3.peg.3867.site.10, 6, 137, 143
1339327.3.peg.3867.site.11, 41, 137, 178
1339327.3.peg.3867.site.12, 0, 137, 137
1339327.3.peg.3867.site.13, 2, 137, 139
1339327.3.peg.3867.site.14, 0, 137, 137
1339327.3.peg.3867.site.15, 6, 136, 142
1339327.3.peg.3867.site.16, 2, 135, 137
1339327.3.peg.3867.site.17, 2, 134, 136
1339327.3.peg.3867.site.18, 8, 135, 143
1339327.3.peg.1648.site.1, 5, 129, 134
1339327.3.peg.1648.site.2, 25, 136, 161
1339327.3.peg.1648.site.3, 0, 136, 136
1339327.3.peg.1648.site.4, 1, 136, 137
1339327.3.peg.1648.site.5, 76, 136, 212
1339327.3.peg.1648.site.6, 76, 136, 212
1339327.3.peg.1648.site.7, 6, 137, 143
1339327.3.peg.1648.site.8, 2, 137, 139
1339327.3.peg.1649.site.1, 126, 137, 263
1339327.3.peg.1649.site.2, 43, 135, 178
1339327.3.peg.1649.site.3, 2, 136, 138
1339327.3.peg.1649.site.4, 2, 137, 139
1339327.3.peg.1649.site.5, 117, 136, 253
1339327.3.peg.1649.site.6, 13, 136, 149
1339327.3.peg.1649.site.7, 53, 136, 189
1339327.3.peg.1649.site.8, 108, 134, 242
1339327.3.peg.1649.site.9, 116, 135, 251
1339327.3.peg.1649.site.10, 21, 136, 157
1339327.3.peg.1649.site.11, 20, 133, 153
1339327.3.peg.1649.site.12, 11, 133, 144
1339327.3.peg.1649.site.13, 37, 131, 168
1339327.3.peg.1646.site.1, 8, 135, 143
1339327.3.peg.1646.site.2, 0, 135, 135
1339327.3.peg.1646.site.3, 3, 133, 136
1339327.3.peg.1646.site.4, 0, 135, 135
1339327.3.peg.1646.site.5, 7, 135, 142
1339327.3.peg.1646.site.6, 117, 136, 253
1339327.3.peg.1646.site.7, 102, 135, 237
1339327.3.peg.1646.site.8, 36, 134, 170
1339327.3.peg.1646.site.9, 9, 133, 142
1339327.3.peg.1646.site.10, 34, 133, 167
1339327.3.peg.1646.site.11, 9, 136, 145
1339327.3.peg.1646.site.12, 1, 137, 138
1339327.3.peg.1646.site.13, 21, 135, 156
1339327.3.peg.1647.site.1, 1, 137, 138
1339327.3.peg.1647.site.2, 0, 137, 137
1339327.3.peg.1647.site.3, 0, 137, 137
1339327.3.peg.1647.site.4, 2, 135, 137
1339327.3.peg.1647.site.5, 16, 137, 153
1339327.3.peg.1647.site.6, 5, 136, 141
1339327.3.peg.1647.site.7, 6, 136, 142
1339327.3.peg.1647.site.8, 44, 135, 179
1339327.3.peg.1647.site.9, 5, 137, 142
1339327.3.peg.1647.site.10, 12, 137, 149
1339327.3.peg.1647.site.11, 25, 135, 160
1339327.3.peg.1647.site.12, 3, 136, 139
1339327.3.peg.1647.site.13, 5, 136, 141
1339327.3.peg.1644.site.1, 4, 135, 139
1339327.3.peg.1644.site.2, 50, 134, 184
1339327.3.peg.1644.site.3, 1, 132, 133
1339327.3.peg.1645.site.1, 108, 135, 243
1339327.3.peg.1645.site.2, 120, 132, 252
1339327.3.peg.1645.site.3, 3, 131, 134
1339327.3.peg.1645.site.4, 2, 131, 133
1339327.3.peg.1645.site.5, 3, 132, 135
1339327.3.peg.1645.site.6, 4, 136, 140
1339327.3.peg.1645.site.7, 3, 137, 140
1339327.3.peg.1642.site.1, 1, 134, 135
1339327.3.peg.1642.site.2, 0, 131, 131
1339327.3.peg.1642.site.3, 2, 134, 136
1339327.3.peg.1642.site.4, 8, 131, 139
1339327.3.peg.1642.site.5, 18, 134, 152
1339327.3.peg.1642.site.6, 50, 132, 182
1339327.3.peg.1642.site.7, 7, 134, 141
1339327.3.peg.1642.site.8, 6, 134, 140
1339327.3.peg.1642.site.9, 3, 134, 137
1339327.3.peg.1642.site.10, 43, 135, 178
1339327.3.peg.1642.site.11, 18, 136, 154
1339327.3.peg.1642.site.12, 0, 135, 135
1339327.3.peg.1642.site.13, 14, 136, 150
1339327.3.peg.1642.site.14, 7, 137, 144
1339327.3.peg.1642.site.15, 78, 135, 213
1339327.3.peg.1642.site.16, 6, 137, 143
1339327.3.peg.1642.site.17, 70, 136, 206
1339327.3.peg.1642.site.18, 2, 136, 138
1339327.3.peg.1642.site.19, 8, 136, 144
1339327.3.peg.1642.site.20, 7, 136, 143
1339327.3.peg.1642.site.21, 11, 137, 148
1339327.3.peg.1642.site.22, 105, 137, 242
1339327.3.peg.1642.site.23, 2, 137, 139
1339327.3.peg.1642.site.24, 20, 136, 156
1339327.3.peg.1642.site.25, 20, 136, 156
1339327.3.peg.1642.site.26, 20, 135, 155
1339327.3.peg.1640.site.1, 5, 135, 140
1339327.3.peg.1640.site.2, 6, 137, 143
1339327.3.peg.1640.site.3, 56, 136, 192
1339327.3.peg.1640.site.4, 31, 136, 167
1339327.3.peg.1640.site.5, 40, 134, 174
1339327.3.peg.1640.site.6, 1, 136, 137
1339327.3.peg.1640.site.7, 2, 136, 138
1339327.3.peg.1640.site.8, 7, 135, 142
1339327.3.peg.1640.site.9, 1, 135, 136
1339327.3.peg.1640.site.10, 1, 137, 138
1339327.3.peg.1640.site.11, 0, 136, 136
1339327.3.peg.1641.site.1, 53, 134, 187
1339327.3.peg.1641.site.2, 0, 134, 134
1339327.3.peg.1641.site.3, 9, 131, 140
1339327.3.peg.1641.site.4, 63, 133, 196
1339327.3.peg.1641.site.5, 5, 135, 140
1339327.3.peg.1641.site.6, 2, 136, 138
1339327.3.peg.1641.site.7, 4, 135, 139
1339327.3.peg.1641.site.8, 1, 136, 137
1339327.3.peg.1641.site.9, 6, 136, 142
1339327.3.peg.1641.site.10, 5, 137, 142
1339327.3.peg.1641.site.11, 18, 137, 155
1339327.3.peg.1641.site.12, 79, 137, 216
1339327.3.peg.1641.site.13, 1, 137, 138
1339327.3.peg.1641.site.14, 9, 136, 145
1339327.3.peg.1641.site.15, 26, 137, 163
1339327.3.peg.1641.site.16, 2, 135, 137
1339327.3.peg.1641.site.17, 30, 130, 160
1339327.3.peg.1641.site.18, 9, 129, 138
1339327.3.peg.1641.site.19, 101, 120, 221
1339327.3.peg.1641.site.20, 42, 119, 161
1339327.3.peg.1641.site.21, 115, 115, 230
1339327.3.peg.1641.site.22, 27, 136, 163
1339327.3.peg.1641.site.23, 38, 134, 172
1339327.3.peg.1641.site.24, 27, 135, 162
1339327.3.peg.1641.site.25, 63, 135, 198
1339327.3.peg.1641.site.26, 0, 134, 134
1339327.3.peg.1641.site.27, 5, 134, 139
1339327.3.peg.1641.site.28, 4, 137, 141
1339327.3.peg.1641.site.29, 8, 136, 144
1339327.3.peg.1641.site.30, 1, 136, 137
1339327.3.peg.1641.site.31, 42, 132, 174
1339327.3.peg.1641.site.32, 5, 130, 135
1339327.3.peg.1641.site.33, 1, 114, 115
1339327.3.peg.1641.site.34, 2, 120, 122
1339327.3.peg.1641.site.35, 41, 137, 178
1339327.3.peg.1641.site.36, 28, 136, 164
1339327.3.peg.1641.site.37, 12, 137, 149
1339327.3.peg.1641.site.38, 47, 137, 184
1339327.3.peg.1641.site.39, 7, 137, 144
1339327.3.peg.1641.site.40, 9, 137, 146
1339327.3.peg.1641.site.41, 3, 137, 140
1339327.3.peg.1641.site.42, 0, 137, 137
1339327.3.peg.1641.site.43, 9, 137, 146
1339327.3.peg.1641.site.44, 45, 137, 182
1339327.3.peg.1641.site.45, 8, 136, 144
1339327.3.peg.1641.site.46, 8, 136, 144
1339327.3.peg.1641.site.47, 45, 136, 181
1339327.3.peg.1641.site.48, 9, 137, 146
1339327.3.peg.1641.site.49, 5, 137, 142
1339327.3.peg.1641.site.50, 25, 135, 160
1339327.3.peg.1641.site.51, 1, 136, 137
1339327.3.peg.1641.site.52, 41, 136, 177
1339327.3.peg.1641.site.53, 14, 135, 149
1339327.3.peg.1641.site.54, 10, 135, 145
1339327.3.peg.1641.site.55, 48, 136, 184
1339327.3.peg.3882.site.1, 2, 134, 136
1339327.3.peg.3882.site.2, 5, 136, 141
1339327.3.peg.3882.site.3, 64, 137, 201
1339327.3.peg.3882.site.4, 102, 136, 238
1339327.3.peg.3882.site.5, 1, 137, 138
1339327.3.peg.3882.site.6, 58, 137, 195
1339327.3.peg.3882.site.7, 2, 137, 139
1339327.3.peg.3882.site.8, 5, 136, 141
1339327.3.peg.3882.site.9, 133, 137, 270
1339327.3.peg.3882.site.10, 8, 137, 145
1339327.3.peg.3882.site.11, 0, 137, 137
1339327.3.peg.3882.site.12, 8, 137, 145
1339327.3.peg.3882.site.13, 16, 136, 152
1339327.3.peg.3882.site.14, 31, 137, 168
1339327.3.peg.3882.site.15, 81, 137, 218
1339327.3.peg.3882.site.16, 14, 135, 149
1339327.3.peg.3882.site.17, 6, 136, 142
1339327.3.peg.3882.site.18, 0, 136, 136
1339327.3.peg.3882.site.19, 15, 135, 150
1339327.3.peg.3882.site.20, 12, 135, 147
1339327.3.peg.3882.site.21, 48, 135, 183
1339327.3.peg.3882.site.22, 20, 136, 156
1339327.3.peg.3882.site.23, 8, 135, 143
1339327.3.peg.3882.site.24, 5, 136, 141
1339327.3.peg.3882.site.25, 15, 136, 151
1339327.3.peg.3882.site.26, 12, 137, 149
1339327.3.peg.3882.site.27, 23, 137, 160
1339327.3.peg.3880.site.1, 0, 134, 134
1339327.3.peg.3880.site.2, 32, 136, 168
1339327.3.peg.3880.site.3, 1, 136, 137
1339327.3.peg.3880.site.4, 3, 134, 137
1339327.3.peg.3880.site.5, 0, 137, 137
1339327.3.peg.3880.site.6, 2, 136, 138
1339327.3.peg.3880.site.7, 1, 136, 137
1339327.3.peg.3880.site.8, 6, 135, 141
1339327.3.peg.3880.site.9, 19, 135, 154
1339327.3.peg.3880.site.10, 3, 137, 140
1339327.3.peg.3880.site.11, 128, 136, 264
1339327.3.peg.3880.site.12, 3, 135, 138
1339327.3.peg.3880.site.13, 3, 133, 136
1339327.3.peg.3880.site.14, 1, 133, 134
1339327.3.peg.3880.site.15, 34, 135, 169
1339327.3.peg.3880.site.16, 20, 136, 156
1339327.3.peg.3880.site.17, 16, 133, 149
1339327.3.peg.3880.site.18, 0, 130, 130
1339327.3.peg.3880.site.19, 10, 135, 145
1339327.3.peg.3880.site.20, 3, 136, 139
1339327.3.peg.3886.site.1, 3, 137, 140
1339327.3.peg.3886.site.2, 2, 136, 138
1339327.3.peg.3886.site.3, 13, 135, 148
1339327.3.peg.3886.site.4, 58, 134, 192
1339327.3.peg.3886.site.5, 1, 135, 136
1339327.3.peg.3886.site.6, 6, 136, 142
1339327.3.peg.3886.site.7, 2, 136, 138
1339327.3.peg.3886.site.8, 4, 137, 141
1339327.3.peg.3886.site.9, 0, 136, 136
1339327.3.peg.3886.site.10, 2, 137, 139
1339327.3.peg.3886.site.11, 58, 136, 194
1339327.3.peg.3886.site.12, 3, 137, 140
1339327.3.peg.3886.site.13, 62, 135, 197
1339327.3.peg.3886.site.14, 4, 136, 140
1339327.3.peg.3886.site.15, 5, 136, 141
1339327.3.peg.3886.site.16, 3, 133, 136
1339327.3.peg.3886.site.17, 0, 133, 133
1339327.3.peg.3886.site.18, 24, 136, 160
1339327.3.peg.3886.site.19, 118, 136, 254
1339327.3.peg.3886.site.20, 12, 136, 148
1339327.3.peg.3886.site.21, 3, 136, 139
1339327.3.peg.3886.site.22, 9, 137, 146
1339327.3.peg.3886.site.23, 124, 136, 260
1339327.3.peg.3886.site.24, 5, 136, 141
1339327.3.peg.3887.site.1, 0, 135, 135
1339327.3.peg.3887.site.2, 8, 137, 145
1339327.3.peg.3887.site.3, 0, 136, 136
1339327.3.peg.3887.site.4, 15, 137, 152
1339327.3.peg.3887.site.5, 1, 134, 135
1339327.3.peg.3887.site.6, 2, 134, 136
1339327.3.peg.3887.site.7, 0, 136, 136
1339327.3.peg.3887.site.8, 0, 137, 137
1339327.3.peg.3887.site.9, 3, 136, 139
1339327.3.peg.3887.site.10, 9, 136, 145
1339327.3.peg.3887.site.11, 4, 136, 140
1339327.3.peg.3887.site.12, 65, 136, 201
1339327.3.peg.3887.site.13, 45, 136, 181
1339327.3.peg.3887.site.14, 0, 137, 137
1339327.3.peg.3887.site.15, 2, 136, 138
1339327.3.peg.3887.site.16, 5, 136, 141
1339327.3.peg.3887.site.17, 0, 136, 136
1339327.3.peg.3884.site.1, 7, 132, 139
1339327.3.peg.3884.site.2, 0, 135, 135
1339327.3.peg.3884.site.3, 5, 134, 139
1339327.3.peg.3884.site.4, 19, 135, 154
1339327.3.peg.3884.site.5, 1, 136, 137
1339327.3.peg.3884.site.6, 13, 137, 150
1339327.3.peg.3884.site.7, 11, 137, 148
1339327.3.peg.3884.site.8, 19, 137, 156
1339327.3.peg.3884.site.9, 4, 136, 140
1339327.3.peg.3884.site.10, 56, 136, 192
1339327.3.peg.3885.site.1, 47, 134, 181
1339327.3.peg.3885.site.2, 3, 134, 137
1339327.3.peg.3885.site.3, 1, 131, 132
1339327.3.peg.3885.site.4, 11, 129, 140
1339327.3.peg.3885.site.5, 5, 134, 139
1339327.3.peg.3885.site.6, 129, 129, 258
1339327.3.peg.3885.site.7, 0, 134, 134
1339327.3.peg.3885.site.8, 15, 136, 151
1339327.3.peg.3885.site.9, 61, 137, 198
1339327.3.peg.3885.site.10, 26, 137, 163
1339327.3.peg.3885.site.11, 20, 136, 156
1339327.3.peg.3885.site.12, 5, 137, 142
1339327.3.peg.3885.site.13, 1, 137, 138
1339327.3.peg.3885.site.14, 0, 136, 136
1339327.3.peg.3885.site.15, 4, 135, 139
1339327.3.peg.3640.site.1, 0, 136, 136
1339327.3.peg.3640.site.2, 9, 133, 142
1339327.3.peg.3640.site.3, 1, 136, 137
1339327.3.peg.3640.site.4, 0, 136, 136
1339327.3.peg.3640.site.5, 8, 134, 142
1339327.3.peg.3640.site.6, 24, 135, 159
1339327.3.peg.3640.site.7, 5, 136, 141
1339327.3.peg.3640.site.8, 3, 137, 140
1339327.3.peg.3641.site.1, 62, 136, 198
1339327.3.peg.3641.site.2, 2, 135, 137
1339327.3.peg.3641.site.3, 0, 136, 136
1339327.3.peg.3641.site.4, 1, 136, 137
1339327.3.peg.3641.site.5, 0, 135, 135
1339327.3.peg.3641.site.6, 129, 136, 265
1339327.3.peg.3641.site.7, 24, 133, 157
1339327.3.peg.3641.site.8, 38, 134, 172
1339327.3.peg.3641.site.9, 0, 134, 134
1339327.3.peg.3641.site.10, 0, 136, 136
1339327.3.peg.3641.site.11, 23, 135, 158
1339327.3.peg.3641.site.12, 0, 136, 136
1339327.3.peg.3641.site.13, 4, 134, 138
1339327.3.peg.3641.site.14, 6, 135, 141
1339327.3.peg.3641.site.15, 118, 136, 254
1339327.3.peg.3641.site.16, 0, 135, 135
1339327.3.peg.3641.site.17, 0, 135, 135
1339327.3.peg.3641.site.18, 127, 133, 260
1339327.3.peg.3641.site.19, 0, 136, 136
1339327.3.peg.3642.site.1, 5, 130, 135
1339327.3.peg.3642.site.2, 9, 136, 145
1339327.3.peg.3642.site.3, 12, 135, 147
1339327.3.peg.3642.site.4, 122, 135, 257
1339327.3.peg.3643.site.1, 0, 134, 134
1339327.3.peg.3643.site.2, 2, 136, 138
1339327.3.peg.3643.site.3, 99, 136, 235
1339327.3.peg.3643.site.4, 61, 137, 198
1339327.3.peg.3643.site.5, 96, 137, 233
1339327.3.peg.3643.site.6, 12, 136, 148
1339327.3.peg.3643.site.7, 3, 136, 139
1339327.3.peg.3643.site.8, 5, 136, 141
1339327.3.peg.3643.site.9, 21, 136, 157
1339327.3.peg.3643.site.10, 2, 136, 138
1339327.3.peg.3643.site.11, 3, 136, 139
1339327.3.peg.3643.site.12, 3, 137, 140
1339327.3.peg.3643.site.13, 13, 136, 149
1339327.3.peg.3644.site.1, 0, 137, 137
1339327.3.peg.3644.site.2, 2, 136, 138
1339327.3.peg.3644.site.3, 3, 133, 136
1339327.3.peg.3644.site.4, 5, 137, 142
1339327.3.peg.3644.site.5, 3, 135, 138
1339327.3.peg.3644.site.6, 53, 134, 187
1339327.3.peg.3644.site.7, 5, 135, 140
1339327.3.peg.3644.site.8, 3, 134, 137
1339327.3.peg.3644.site.9, 11, 135, 146
1339327.3.peg.3644.site.10, 0, 136, 136
1339327.3.peg.3644.site.11, 11, 136, 147
1339327.3.peg.3644.site.12, 56, 136, 192
1339327.3.peg.3644.site.13, 50, 136, 186
1339327.3.peg.3644.site.14, 36, 135, 171
1339327.3.peg.3644.site.15, 0, 136, 136
1339327.3.peg.3644.site.16, 0, 137, 137
1339327.3.peg.3644.site.17, 119, 135, 254
1339327.3.peg.3644.site.18, 2, 137, 139
1339327.3.peg.3644.site.19, 2, 136, 138
1339327.3.peg.3644.site.20, 38, 135, 173
1339327.3.peg.3644.site.21, 2, 134, 136
1339327.3.peg.3644.site.22, 82, 136, 218
1339327.3.peg.3645.site.1, 2, 136, 138
1339327.3.peg.3645.site.2, 2, 137, 139
1339327.3.peg.3645.site.3, 0, 136, 136
1339327.3.peg.3645.site.4, 0, 133, 133
1339327.3.peg.3645.site.5, 24, 137, 161
1339327.3.peg.3645.site.6, 74, 135, 209
1339327.3.peg.3645.site.7, 5, 136, 141
1339327.3.peg.3645.site.8, 2, 137, 139
1339327.3.peg.3645.site.9, 2, 136, 138
1339327.3.peg.3645.site.10, 10, 135, 145
1339327.3.peg.3645.site.11, 29, 136, 165
1339327.3.peg.3645.site.12, 2, 137, 139
1339327.3.peg.3645.site.13, 2, 137, 139
1339327.3.peg.3645.site.14, 2, 137, 139
1339327.3.peg.3645.site.15, 10, 136, 146
1339327.3.peg.3645.site.16, 2, 137, 139
1339327.3.peg.3645.site.17, 127, 136, 263
1339327.3.peg.3645.site.18, 1, 137, 138
1339327.3.peg.3645.site.19, 40, 136, 176
1339327.3.peg.3645.site.20, 1, 137, 138
1339327.3.peg.3645.site.21, 3, 134, 137
1339327.3.peg.3645.site.22, 2, 136, 138
1339327.3.peg.3647.site.1, 4, 133, 137
1339327.3.peg.3648.site.1, 2, 133, 135
1339327.3.peg.3648.site.2, 2, 134, 136
1339327.3.peg.3648.site.3, 0, 137, 137
1339327.3.peg.3648.site.4, 3, 137, 140
1339327.3.peg.3648.site.5, 1, 136, 137
1339327.3.peg.3648.site.6, 1, 132, 133
1339327.3.peg.3648.site.7, 77, 132, 209
1339327.3.peg.3648.site.8, 3, 134, 137
1339327.3.peg.3648.site.9, 3, 135, 138
1339327.3.peg.3648.site.10, 1, 135, 136
1339327.3.peg.3649.site.1, 0, 135, 135
1339327.3.peg.3649.site.2, 79, 133, 212
1339327.3.peg.3649.site.3, 8, 136, 144
1339327.3.peg.3649.site.4, 0, 135, 135
1339327.3.peg.3649.site.5, 3, 137, 140
1339327.3.peg.3649.site.6, 87, 136, 223
1339327.3.peg.3649.site.7, 79, 137, 216
1339327.3.peg.3649.site.8, 5, 137, 142
1339327.3.peg.3649.site.9, 3, 136, 139
1339327.3.peg.3649.site.10, 14, 136, 150
1339327.3.peg.3649.site.11, 11, 135, 146
1339327.3.peg.3649.site.12, 67, 137, 204
1339327.3.peg.3649.site.13, 4, 137, 141
1339327.3.peg.3649.site.14, 5, 136, 141
1339327.3.peg.3649.site.15, 4, 135, 139
1339327.3.peg.3649.site.16, 0, 134, 134
1339327.3.peg.3649.site.17, 0, 136, 136
1339327.3.peg.3649.site.18, 5, 137, 142
1339327.3.peg.3649.site.19, 77, 137, 214
1339327.3.peg.3649.site.20, 23, 136, 159
1339327.3.peg.3649.site.21, 2, 135, 137
1339327.3.peg.3649.site.22, 3, 135, 138
1339327.3.peg.3649.site.23, 10, 136, 146
1339327.3.peg.3649.site.24, 5, 135, 140
1339327.3.peg.3649.site.25, 8, 135, 143
1339327.3.peg.3649.site.26, 9, 136, 145
1339327.3.peg.3649.site.27, 8, 137, 145
1339327.3.peg.3649.site.28, 87, 137, 224
1339327.3.peg.3649.site.29, 6, 136, 142
1339327.3.peg.3649.site.30, 45, 137, 182
1339327.3.peg.3649.site.31, 1, 135, 136
1339327.3.peg.3649.site.32, 43, 137, 180
1339327.3.peg.3649.site.33, 1, 136, 137
1339327.3.peg.3649.site.34, 92, 137, 229
1339327.3.peg.2847.site.1, 1, 111, 112
1339327.3.peg.2846.site.1, 2, 130, 132
1339327.3.peg.2846.site.2, 6, 134, 140
1339327.3.peg.2846.site.3, 66, 135, 201
1339327.3.peg.2846.site.4, 1, 135, 136
1339327.3.peg.2846.site.5, 0, 135, 135
1339327.3.peg.2846.site.6, 125, 131, 256
1339327.3.peg.2846.site.7, 43, 132, 175
1339327.3.peg.2846.site.8, 3, 132, 135
1339327.3.peg.2846.site.9, 0, 133, 133
1339327.3.peg.2846.site.10, 16, 132, 148
1339327.3.peg.2209.site.1, 11, 125, 136
1339327.3.peg.2209.site.2, 49, 137, 186
1339327.3.peg.2209.site.3, 1, 137, 138
1339327.3.peg.2209.site.4, 21, 134, 155
1339327.3.peg.2209.site.5, 37, 136, 173
1339327.3.peg.2209.site.6, 2, 136, 138
1339327.3.peg.2209.site.7, 3, 137, 140
1339327.3.peg.2209.site.8, 10, 136, 146
1339327.3.peg.2208.site.1, 9, 131, 140
1339327.3.peg.2208.site.2, 2, 136, 138
1339327.3.peg.2208.site.3, 113, 135, 248
1339327.3.peg.2208.site.4, 3, 134, 137
1339327.3.peg.2208.site.5, 6, 134, 140
1339327.3.peg.2208.site.6, 7, 134, 141
1339327.3.peg.2208.site.7, 9, 134, 143
1339327.3.peg.2208.site.8, 0, 136, 136
1339327.3.peg.2208.site.9, 1, 137, 138
1339327.3.peg.2208.site.10, 5, 136, 141
1339327.3.peg.3516.site.1, 38, 118, 156
1339327.3.peg.3516.site.2, 2, 123, 125
1339327.3.peg.3516.site.3, 5, 123, 128
1339327.3.peg.3516.site.4, 18, 123, 141
1339327.3.peg.3516.site.5, 6, 123, 129
1339327.3.peg.3516.site.6, 42, 124, 166
1339327.3.peg.3516.site.7, 23, 124, 147
1339327.3.peg.3516.site.8, 2, 124, 126
1339327.3.peg.3516.site.9, 89, 123, 212
1339327.3.peg.3516.site.10, 10, 134, 144
1339327.3.peg.3516.site.11, 1, 133, 134
1339327.3.peg.3516.site.12, 11, 135, 146
1339327.3.peg.3516.site.13, 27, 133, 160
1339327.3.peg.2203.site.1, 0, 128, 128
1339327.3.peg.2203.site.2, 17, 125, 142
1339327.3.peg.2203.site.3, 16, 121, 137
1339327.3.peg.2203.site.4, 1, 133, 134
1339327.3.peg.2203.site.5, 1, 134, 135
1339327.3.peg.2203.site.6, 3, 136, 139
1339327.3.peg.2203.site.7, 2, 134, 136
1339327.3.peg.2203.site.8, 0, 136, 136
1339327.3.peg.2203.site.9, 9, 135, 144
1339327.3.peg.2203.site.10, 4, 137, 141
1339327.3.peg.2203.site.11, 8, 136, 144
1339327.3.peg.2200.site.1, 0, 133, 133
1339327.3.peg.2200.site.2, 7, 136, 143
1339327.3.peg.2200.site.3, 90, 137, 227
1339327.3.peg.2200.site.4, 26, 135, 161
1339327.3.peg.2200.site.5, 0, 137, 137
1339327.3.peg.2200.site.6, 36, 137, 173
1339327.3.peg.2200.site.7, 3, 135, 138
1339327.3.peg.2200.site.8, 0, 136, 136
1339327.3.peg.2200.site.9, 11, 135, 146
1339327.3.peg.2200.site.10, 2, 136, 138
1339327.3.peg.2200.site.11, 6, 136, 142
1339327.3.peg.2207.site.1, 4, 135, 139
1339327.3.peg.2207.site.2, 3, 135, 138
1339327.3.peg.2207.site.3, 2, 135, 137
1339327.3.peg.2207.site.4, 2, 137, 139
1339327.3.peg.2207.site.5, 4, 136, 140
1339327.3.peg.2207.site.6, 32, 131, 163
1339327.3.peg.2207.site.7, 5, 135, 140
1339327.3.peg.2207.site.8, 3, 136, 139
1339327.3.peg.2206.site.1, 1, 132, 133
1339327.3.peg.2206.site.2, 0, 135, 135
1339327.3.peg.2206.site.3, 0, 133, 133
1339327.3.peg.2206.site.4, 2, 131, 133
1339327.3.peg.2206.site.5, 121, 130, 251
1339327.3.peg.2206.site.6, 0, 131, 131
1339327.3.peg.2206.site.7, 89, 134, 223
1339327.3.peg.2206.site.8, 0, 132, 132
1339327.3.peg.2206.site.9, 29, 136, 165
1339327.3.peg.2206.site.10, 3, 135, 138
1339327.3.peg.2206.site.11, 2, 134, 136
1339327.3.peg.2206.site.12, 27, 136, 163
1339327.3.peg.2206.site.13, 2, 134, 136
1339327.3.peg.2206.site.14, 2, 136, 138
1339327.3.peg.2206.site.15, 9, 135, 144
1339327.3.peg.2206.site.16, 16, 134, 150
1339327.3.peg.2206.site.17, 1, 135, 136
1339327.3.peg.2206.site.18, 0, 133, 133
1339327.3.peg.2206.site.19, 14, 133, 147
1339327.3.peg.2205.site.1, 5, 137, 142
1339327.3.peg.2205.site.2, 8, 134, 142
1339327.3.peg.2205.site.3, 2, 132, 134
1339327.3.peg.2205.site.4, 4, 130, 134
1339327.3.peg.2205.site.5, 109, 132, 241
1339327.3.peg.2205.site.6, 14, 134, 148
1339327.3.peg.2205.site.7, 0, 135, 135
1339327.3.peg.2204.site.1, 63, 131, 194
1339327.3.peg.2204.site.2, 3, 133, 136
1339327.3.peg.2204.site.3, 0, 135, 135
1339327.3.peg.2204.site.4, 3, 137, 140
1339327.3.peg.2204.site.5, 49, 135, 184
1339327.3.peg.2204.site.6, 0, 135, 135
1339327.3.peg.2204.site.7, 1, 137, 138
1339327.3.peg.2204.site.8, 45, 136, 181
1339327.3.peg.2204.site.9, 2, 136, 138
1339327.3.peg.2204.site.10, 39, 137, 176
1339327.3.peg.2204.site.11, 49, 137, 186
1339327.3.peg.2204.site.12, 1, 135, 136
1339327.3.peg.2204.site.13, 20, 136, 156
1339327.3.peg.2204.site.14, 5, 136, 141
1339327.3.peg.2204.site.15, 1, 135, 136
1339327.3.peg.2204.site.16, 0, 136, 136
1339327.3.peg.2204.site.17, 121, 135, 256
1339327.3.peg.2204.site.18, 1, 135, 136
1339327.3.peg.2204.site.19, 40, 137, 177
1339327.3.peg.2204.site.20, 25, 135, 160
1339327.3.peg.2204.site.21, 95, 133, 228
1339327.3.peg.2204.site.22, 0, 136, 136
1339327.3.peg.2204.site.23, 1, 136, 137
1339327.3.peg.2204.site.24, 2, 134, 136
1339327.3.peg.2204.site.25, 1, 134, 135
1339327.3.peg.2204.site.26, 36, 134, 170
1339327.3.peg.2204.site.27, 8, 135, 143
1339327.3.peg.2204.site.28, 0, 132, 132
1339327.3.peg.2204.site.29, 1, 134, 135
1339327.3.peg.3088.site.1, 4, 136, 140
1339327.3.peg.3088.site.2, 3, 136, 139
1339327.3.peg.3088.site.3, 4, 136, 140
1339327.3.peg.3088.site.4, 52, 134, 186
1339327.3.peg.3088.site.5, 13, 135, 148
1339327.3.peg.3088.site.6, 6, 136, 142
1339327.3.peg.3088.site.7, 4, 136, 140
1339327.3.peg.3088.site.8, 3, 136, 139
1339327.3.peg.3088.site.9, 27, 137, 164
1339327.3.peg.3088.site.10, 6, 135, 141
1339327.3.peg.3088.site.11, 51, 131, 182
1339327.3.peg.3088.site.12, 3, 133, 136
1339327.3.peg.3088.site.13, 106, 133, 239
1339327.3.peg.3088.site.14, 3, 126, 129
1339327.3.peg.3088.site.15, 46, 115, 161
1339327.3.peg.3088.site.16, 6, 113, 119
1339327.3.peg.3088.site.17, 3, 93, 96
1339327.3.peg.3088.site.18, 0, 107, 107
1339327.3.peg.3088.site.19, 0, 129, 129
1339327.3.peg.3088.site.20, 0, 132, 132
1339327.3.peg.3089.site.1, 34, 136, 170
1339327.3.peg.3089.site.2, 0, 131, 131
1339327.3.peg.3089.site.3, 18, 136, 154
1339327.3.peg.3089.site.4, 4, 126, 130
1339327.3.peg.3089.site.5, 0, 123, 123
1339327.3.peg.3089.site.6, 2, 129, 131
1339327.3.peg.3089.site.7, 3, 127, 130
1339327.3.peg.3089.site.8, 0, 123, 123
1339327.3.peg.3089.site.9, 16, 120, 136
1339327.3.peg.3089.site.10, 6, 128, 134
1339327.3.peg.3089.site.11, 9, 133, 142
1339327.3.peg.3089.site.12, 3, 133, 136
1339327.3.peg.3089.site.13, 1, 135, 136
1339327.3.peg.3089.site.14, 3, 135, 138
1339327.3.peg.3089.site.15, 1, 132, 133
1339327.3.peg.3089.site.16, 0, 134, 134
1339327.3.peg.3089.site.17, 1, 136, 137
1339327.3.peg.3089.site.18, 22, 133, 155
1339327.3.peg.3089.site.19, 0, 134, 134
1339327.3.peg.3089.site.20, 1, 129, 130
1339327.3.peg.3089.site.21, 1, 124, 125
1339327.3.peg.3089.site.22, 1, 126, 127
1339327.3.peg.3089.site.23, 90, 129, 219
1339327.3.peg.3089.site.24, 99, 118, 217
1339327.3.peg.3089.site.25, 82, 116, 198
1339327.3.peg.3089.site.26, 94, 114, 208
1339327.3.peg.3089.site.27, 1, 116, 117
1339327.3.peg.3089.site.28, 23, 126, 149
1339327.3.peg.3089.site.29, 0, 129, 129
1339327.3.peg.3089.site.30, 1, 134, 135
1339327.3.peg.3089.site.31, 0, 128, 128
1339327.3.peg.3089.site.32, 22, 132, 154
1339327.3.peg.3089.site.33, 22, 133, 155
1339327.3.peg.3228.site.1, 3, 135, 138
1339327.3.peg.3228.site.2, 132, 136, 268
1339327.3.peg.3228.site.3, 12, 135, 147
1339327.3.peg.3228.site.4, 0, 132, 132
1339327.3.peg.3228.site.5, 0, 134, 134
1339327.3.peg.3228.site.6, 0, 132, 132
1339327.3.peg.3228.site.7, 12, 136, 148
1339327.3.peg.3228.site.8, 3, 136, 139
1339327.3.peg.3228.site.9, 14, 136, 150
1339327.3.peg.3228.site.10, 24, 136, 160
1339327.3.peg.3228.site.11, 3, 137, 140
1339327.3.peg.3228.site.12, 2, 137, 139
1339327.3.peg.3228.site.13, 15, 136, 151
1339327.3.peg.3228.site.14, 10, 137, 147
1339327.3.peg.3082.site.1, 14, 134, 148
1339327.3.peg.3082.site.2, 2, 137, 139
1339327.3.peg.3082.site.3, 11, 137, 148
1339327.3.peg.3082.site.4, 1, 136, 137
1339327.3.peg.3082.site.5, 15, 136, 151
1339327.3.peg.3082.site.6, 0, 137, 137
1339327.3.peg.3082.site.7, 10, 135, 145
1339327.3.peg.3082.site.8, 32, 133, 165
1339327.3.peg.3082.site.9, 0, 128, 128
1339327.3.peg.3082.site.10, 124, 135, 259
1339327.3.peg.3082.site.11, 16, 134, 150
1339327.3.peg.3082.site.12, 0, 134, 134
1339327.3.peg.3082.site.13, 93, 134, 227
1339327.3.peg.3082.site.14, 59, 135, 194
1339327.3.peg.3082.site.15, 2, 133, 135
1339327.3.peg.3082.site.16, 0, 133, 133
1339327.3.peg.3082.site.17, 2, 135, 137
1339327.3.peg.3082.site.18, 0, 137, 137
1339327.3.peg.3082.site.19, 6, 137, 143
1339327.3.peg.3082.site.20, 3, 136, 139
1339327.3.peg.3082.site.21, 7, 134, 141
1339327.3.peg.3082.site.22, 2, 137, 139
1339327.3.peg.3082.site.23, 101, 135, 236
1339327.3.peg.3082.site.24, 3, 136, 139
1339327.3.peg.3082.site.25, 6, 135, 141
1339327.3.peg.3082.site.26, 0, 130, 130
1339327.3.peg.3082.site.27, 0, 135, 135
1339327.3.peg.3082.site.28, 1, 132, 133
1339327.3.peg.3082.site.29, 1, 133, 134
1339327.3.peg.3082.site.30, 2, 137, 139
1339327.3.peg.3082.site.31, 128, 137, 265
1339327.3.peg.3082.site.32, 64, 137, 201
1339327.3.peg.3082.site.33, 0, 137, 137
1339327.3.peg.3082.site.34, 20, 133, 153
1339327.3.peg.3082.site.35, 5, 133, 138
1339327.3.peg.3082.site.36, 3, 133, 136
1339327.3.peg.3082.site.37, 1, 133, 134
1339327.3.peg.3082.site.38, 1, 136, 137
1339327.3.peg.3083.site.1, 41, 133, 174
1339327.3.peg.3083.site.2, 1, 134, 135
1339327.3.peg.3083.site.3, 0, 135, 135
1339327.3.peg.3083.site.4, 97, 137, 234
1339327.3.peg.3080.site.1, 2, 133, 135
1339327.3.peg.3080.site.2, 9, 136, 145
1339327.3.peg.3080.site.3, 21, 136, 157
1339327.3.peg.3080.site.4, 69, 136, 205
1339327.3.peg.3080.site.5, 5, 136, 141
1339327.3.peg.3080.site.6, 47, 137, 184
1339327.3.peg.3080.site.7, 20, 136, 156
1339327.3.peg.3080.site.8, 2, 136, 138
1339327.3.peg.3080.site.9, 17, 137, 154
1339327.3.peg.3080.site.10, 5, 136, 141
1339327.3.peg.3080.site.11, 121, 121, 242
1339327.3.peg.3080.site.12, 0, 137, 137
1339327.3.peg.3080.site.13, 0, 134, 134
1339327.3.peg.3081.site.1, 10, 134, 144
1339327.3.peg.3081.site.2, 22, 136, 158
1339327.3.peg.3081.site.3, 0, 136, 136
1339327.3.peg.3081.site.4, 41, 137, 178
1339327.3.peg.3081.site.5, 3, 136, 139
1339327.3.peg.3081.site.6, 17, 135, 152
1339327.3.peg.3086.site.1, 17, 135, 152
1339327.3.peg.3086.site.2, 4, 136, 140
1339327.3.peg.3086.site.3, 5, 133, 138
1339327.3.peg.3086.site.4, 14, 131, 145
1339327.3.peg.3086.site.5, 28, 134, 162
1339327.3.peg.3086.site.6, 12, 133, 145
1339327.3.peg.3086.site.7, 34, 135, 169
1339327.3.peg.3086.site.8, 3, 134, 137
1339327.3.peg.3086.site.9, 1, 131, 132
1339327.3.peg.3087.site.1, 2, 131, 133
1339327.3.peg.3087.site.2, 18, 124, 142
1339327.3.peg.3087.site.3, 3, 115, 118
1339327.3.peg.3087.site.4, 2, 119, 121
1339327.3.peg.3087.site.5, 6, 101, 107
1339327.3.peg.3087.site.6, 3, 132, 135
1339327.3.peg.3087.site.7, 3, 133, 136
1339327.3.peg.3087.site.8, 3, 134, 137
1339327.3.peg.3087.site.9, 59, 135, 194
1339327.3.peg.3087.site.10, 13, 135, 148
1339327.3.peg.3087.site.11, 4, 132, 136
1339327.3.peg.3087.site.12, 105, 133, 238
1339327.3.peg.3087.site.13, 1, 131, 132
1339327.3.peg.3087.site.14, 3, 134, 137
1339327.3.peg.3087.site.15, 92, 135, 227
1339327.3.peg.3084.site.1, 1, 136, 137
1339327.3.peg.3084.site.2, 0, 136, 136
1339327.3.peg.3084.site.3, 5, 137, 142
1339327.3.peg.3084.site.4, 7, 135, 142
1339327.3.peg.3084.site.5, 59, 133, 192
1339327.3.peg.3084.site.6, 108, 108, 216
1339327.3.peg.3084.site.7, 89, 135, 224
1339327.3.peg.3084.site.8, 21, 135, 156
1339327.3.peg.3084.site.9, 3, 133, 136
1339327.3.peg.3084.site.10, 1, 137, 138
1339327.3.peg.3084.site.11, 78, 131, 209
1339327.3.peg.3084.site.12, 11, 136, 147
1339327.3.peg.3085.site.1, 3, 133, 136
1339327.3.peg.3085.site.2, 2, 134, 136
1339327.3.peg.3085.site.3, 3, 134, 137
1339327.3.peg.3085.site.4, 14, 122, 136
1339327.3.peg.3085.site.5, 22, 129, 151
1339327.3.peg.3085.site.6, 56, 133, 189
1339327.3.peg.3085.site.7, 2, 134, 136
1339327.3.peg.3085.site.8, 2, 135, 137
1339327.3.peg.3085.site.9, 2, 135, 137
1339327.3.peg.3085.site.10, 4, 136, 140
1339327.3.peg.3085.site.11, 3, 137, 140
1339327.3.peg.3085.site.12, 47, 136, 183
1339327.3.peg.3085.site.13, 2, 134, 136
1339327.3.peg.3085.site.14, 3, 137, 140
1339327.3.peg.3085.site.15, 47, 137, 184
1339327.3.peg.4918.site.1, 8, 136, 144
1339327.3.peg.4918.site.2, 0, 135, 135
1339327.3.peg.4918.site.3, 0, 134, 134
1339327.3.peg.4918.site.4, 1, 137, 138
1339327.3.peg.4918.site.5, 52, 136, 188
1339327.3.peg.4918.site.6, 2, 137, 139
1339327.3.peg.4918.site.7, 30, 136, 166
1339327.3.peg.4918.site.8, 2, 137, 139
1339327.3.peg.4918.site.9, 48, 135, 183
1339327.3.peg.4918.site.10, 6, 136, 142
1339327.3.peg.4918.site.11, 2, 137, 139
1339327.3.peg.4832.site.1, 0, 137, 137
1339327.3.peg.4832.site.2, 1, 134, 135
1339327.3.peg.4832.site.3, 27, 137, 164
1339327.3.peg.4832.site.4, 17, 137, 154
1339327.3.peg.4832.site.5, 15, 136, 151
1339327.3.peg.4832.site.6, 19, 135, 154
1339327.3.peg.4832.site.7, 0, 137, 137
1339327.3.peg.3244.site.1, 3, 137, 140
1339327.3.peg.3244.site.2, 1, 137, 138
1339327.3.peg.3244.site.3, 2, 137, 139
1339327.3.peg.3244.site.4, 11, 136, 147
1339327.3.peg.3244.site.5, 20, 137, 157
1339327.3.peg.3244.site.6, 0, 134, 134
1339327.3.peg.3244.site.7, 107, 134, 241
1339327.3.peg.3244.site.8, 1, 125, 126
1339327.3.peg.3244.site.9, 102, 129, 231
1339327.3.peg.3244.site.10, 3, 129, 132
1339327.3.peg.3244.site.11, 9, 132, 141
1339327.3.peg.3244.site.12, 4, 131, 135
1339327.3.peg.3244.site.13, 78, 137, 215
1339327.3.peg.3244.site.14, 6, 136, 142
1339327.3.peg.3244.site.15, 0, 134, 134
1339327.3.peg.3244.site.16, 8, 134, 142
1339327.3.peg.3244.site.17, 3, 137, 140
1339327.3.peg.3244.site.18, 9, 134, 143
1339327.3.peg.3244.site.19, 123, 134, 257
1339327.3.peg.3244.site.20, 2, 135, 137
1339327.3.peg.3244.site.21, 10, 135, 145
1339327.3.peg.3244.site.22, 18, 136, 154
1339327.3.peg.3244.site.23, 6, 135, 141
1339327.3.peg.3244.site.24, 8, 134, 142
1339327.3.peg.3244.site.25, 56, 134, 190
1339327.3.peg.3244.site.26, 10, 135, 145
1339327.3.peg.3245.site.1, 2, 126, 128
1339327.3.peg.3245.site.2, 3, 131, 134
1339327.3.peg.3245.site.3, 2, 134, 136
1339327.3.peg.3245.site.4, 65, 130, 195
1339327.3.peg.3245.site.5, 61, 136, 197
1339327.3.peg.3245.site.6, 1, 132, 133
1339327.3.peg.3245.site.7, 3, 134, 137
1339327.3.peg.3245.site.8, 8, 133, 141
1339327.3.peg.3245.site.9, 1, 134, 135
1339327.3.peg.3245.site.10, 20, 135, 155
1339327.3.peg.3245.site.11, 0, 137, 137
1339327.3.peg.3245.site.12, 1, 136, 137
1339327.3.peg.3245.site.13, 6, 131, 137
1339327.3.peg.3245.site.14, 1, 134, 135
1339327.3.peg.3246.site.1, 1, 136, 137
1339327.3.peg.3246.site.2, 1, 136, 137
1339327.3.peg.3246.site.3, 29, 137, 166
1339327.3.peg.3246.site.4, 2, 136, 138
1339327.3.peg.3246.site.5, 2, 135, 137
1339327.3.peg.3246.site.6, 0, 131, 131
1339327.3.peg.3246.site.7, 0, 131, 131
1339327.3.peg.3246.site.8, 50, 133, 183
1339327.3.peg.3246.site.9, 3, 136, 139
1339327.3.peg.3246.site.10, 3, 134, 137
1339327.3.peg.3246.site.11, 10, 135, 145
1339327.3.peg.3246.site.12, 5, 136, 141
1339327.3.peg.3246.site.13, 13, 136, 149
1339327.3.peg.3246.site.14, 125, 130, 255
1339327.3.peg.3246.site.15, 3, 130, 133
1339327.3.peg.3246.site.16, 2, 134, 136
1339327.3.peg.3246.site.17, 1, 136, 137
1339327.3.peg.3246.site.18, 19, 136, 155
1339327.3.peg.3246.site.19, 2, 136, 138
1339327.3.peg.3246.site.20, 18, 136, 154
1339327.3.peg.3246.site.21, 2, 136, 138
1339327.3.peg.3240.site.1, 5, 125, 130
1339327.3.peg.3240.site.2, 2, 125, 127
1339327.3.peg.3240.site.3, 7, 124, 131
1339327.3.peg.3240.site.4, 24, 125, 149
1339327.3.peg.3240.site.5, 65, 124, 189
1339327.3.peg.3240.site.6, 1, 127, 128
1339327.3.peg.3240.site.7, 9, 123, 132
1339327.3.peg.3240.site.8, 22, 123, 145
1339327.3.peg.3240.site.9, 1, 125, 126
1339327.3.peg.3240.site.10, 24, 125, 149
1339327.3.peg.3240.site.11, 112, 124, 236
1339327.3.peg.3240.site.12, 67, 126, 193
1339327.3.peg.3240.site.13, 60, 126, 186
1339327.3.peg.3241.site.1, 43, 122, 165
1339327.3.peg.3241.site.2, 21, 124, 145
1339327.3.peg.3241.site.3, 5, 124, 129
1339327.3.peg.3241.site.4, 7, 123, 130
1339327.3.peg.3241.site.5, 5, 124, 129
1339327.3.peg.3241.site.6, 1, 125, 126
1339327.3.peg.3241.site.7, 10, 125, 135
1339327.3.peg.3241.site.8, 64, 124, 188
1339327.3.peg.3241.site.9, 0, 122, 122
1339327.3.peg.3241.site.10, 10, 124, 134
1339327.3.peg.3241.site.11, 0, 124, 124
1339327.3.peg.3241.site.12, 11, 116, 127
1339327.3.peg.3241.site.13, 6, 119, 125
1339327.3.peg.3241.site.14, 87, 120, 207
1339327.3.peg.3241.site.15, 2, 120, 122
1339327.3.peg.3241.site.16, 7, 123, 130
1339327.3.peg.3241.site.17, 1, 123, 124
1339327.3.peg.3242.site.1, 32, 123, 155
1339327.3.peg.3242.site.2, 12, 123, 135
1339327.3.peg.3242.site.3, 0, 122, 122
1339327.3.peg.3242.site.4, 18, 124, 142
1339327.3.peg.3242.site.5, 0, 125, 125
1339327.3.peg.3242.site.6, 13, 124, 137
1339327.3.peg.3242.site.7, 5, 129, 134
1339327.3.peg.3242.site.8, 2, 131, 133
1339327.3.peg.3242.site.9, 0, 132, 132
1339327.3.peg.3242.site.10, 1, 128, 129
1339327.3.peg.3242.site.11, 7, 127, 134
1339327.3.peg.3242.site.12, 1, 129, 130
1339327.3.peg.3242.site.13, 1, 127, 128
1339327.3.peg.3242.site.14, 1, 123, 124
1339327.3.peg.3242.site.15, 11, 121, 132
1339327.3.peg.3242.site.16, 3, 121, 124
1339327.3.peg.3242.site.17, 19, 121, 140
1339327.3.peg.3242.site.18, 2, 123, 125
1339327.3.peg.3242.site.19, 1, 122, 123
1339327.3.peg.3242.site.20, 11, 121, 132
1339327.3.peg.3243.site.1, 0, 133, 133
1339327.3.peg.3243.site.2, 0, 134, 134
1339327.3.peg.3243.site.3, 0, 135, 135
1339327.3.peg.3243.site.4, 130, 136, 266
1339327.3.peg.3243.site.5, 9, 134, 143
1339327.3.peg.3243.site.6, 1, 136, 137
1339327.3.peg.3243.site.7, 3, 135, 138
1339327.3.peg.3243.site.8, 1, 135, 136
1339327.3.peg.3243.site.9, 2, 127, 129
1339327.3.peg.3243.site.10, 0, 136, 136
1339327.3.peg.3243.site.11, 3, 137, 140
1339327.3.peg.3243.site.12, 0, 134, 134
1339327.3.peg.3248.site.1, 38, 132, 170
1339327.3.peg.3248.site.2, 50, 134, 184
1339327.3.peg.3248.site.3, 1, 137, 138
1339327.3.peg.3248.site.4, 76, 135, 211
1339327.3.peg.3248.site.5, 107, 135, 242
1339327.3.peg.3248.site.6, 1, 135, 136
1339327.3.peg.3248.site.7, 1, 136, 137
1339327.3.peg.3248.site.8, 2, 131, 133
1339327.3.peg.3248.site.9, 2, 133, 135
1339327.3.peg.3248.site.10, 0, 136, 136
1339327.3.peg.3248.site.11, 1, 132, 133
1339327.3.peg.3248.site.12, 2, 135, 137
1339327.3.peg.3248.site.13, 23, 132, 155
1339327.3.peg.3248.site.14, 2, 130, 132
1339327.3.peg.3248.site.15, 2, 133, 135
1339327.3.peg.3248.site.16, 2, 133, 135
1339327.3.peg.3249.site.1, 3, 132, 135
1339327.3.peg.3249.site.2, 1, 132, 133
1339327.3.peg.3249.site.3, 1, 131, 132
1339327.3.peg.3249.site.4, 9, 133, 142
1339327.3.peg.3249.site.5, 2, 135, 137
1339327.3.peg.3249.site.6, 1, 136, 137
1339327.3.peg.3249.site.7, 2, 120, 122
1339327.3.peg.3249.site.8, 1, 123, 124
1339327.3.peg.3249.site.9, 3, 130, 133
1339327.3.peg.3249.site.10, 33, 131, 164
1339327.3.peg.3249.site.11, 6, 134, 140
1339327.3.peg.3249.site.12, 29, 122, 151
1339327.3.peg.3249.site.13, 8, 134, 142
1339327.3.peg.4718.site.1, 1, 136, 137
1339327.3.peg.4718.site.2, 0, 135, 135
1339327.3.peg.1060.site.1, 132, 136, 268
1339327.3.peg.1060.site.2, 1, 135, 136
1339327.3.peg.1060.site.3, 25, 137, 162
1339327.3.peg.1060.site.4, 1, 137, 138
1339327.3.peg.1060.site.5, 2, 137, 139
1339327.3.peg.1060.site.6, 1, 137, 138
1339327.3.peg.1060.site.7, 1, 137, 138
1339327.3.peg.1060.site.8, 2, 137, 139
1339327.3.peg.1060.site.9, 0, 137, 137
1339327.3.peg.1060.site.10, 3, 135, 138
1339327.3.peg.1060.site.11, 2, 137, 139
1339327.3.peg.1060.site.12, 3, 137, 140
1339327.3.peg.1060.site.13, 2, 137, 139
1339327.3.peg.1060.site.14, 35, 137, 172
1339327.3.peg.1060.site.15, 3, 137, 140
1339327.3.peg.1060.site.16, 4, 137, 141
1339327.3.peg.1060.site.17, 0, 136, 136
1339327.3.peg.1060.site.18, 0, 137, 137
1339327.3.peg.1060.site.19, 0, 136, 136
1339327.3.peg.1060.site.20, 31, 137, 168
1339327.3.peg.1060.site.21, 26, 136, 162
1339327.3.peg.1060.site.22, 2, 137, 139
1339327.3.peg.1060.site.23, 0, 137, 137
1339327.3.peg.1060.site.24, 22, 135, 157
1339327.3.peg.1060.site.25, 2, 136, 138
1339327.3.peg.1060.site.26, 3, 137, 140
1339327.3.peg.1060.site.27, 0, 136, 136
1339327.3.peg.1060.site.28, 2, 136, 138
1339327.3.peg.1060.site.29, 105, 135, 240
1339327.3.peg.1060.site.30, 0, 135, 135
1339327.3.peg.1060.site.31, 110, 137, 247
1339327.3.peg.1060.site.32, 18, 137, 155
1339327.3.peg.1060.site.33, 50, 136, 186
1339327.3.peg.1060.site.34, 45, 137, 182
1339327.3.peg.1060.site.35, 2, 137, 139
1339327.3.peg.1060.site.36, 52, 137, 189
1339327.3.peg.1060.site.37, 5, 136, 141
1339327.3.peg.1060.site.38, 5, 137, 142
1339327.3.peg.1060.site.39, 1, 137, 138
1339327.3.peg.1060.site.40, 79, 137, 216
1339327.3.peg.1060.site.41, 3, 137, 140
1339327.3.peg.1060.site.42, 46, 136, 182
1339327.3.peg.1060.site.43, 3, 137, 140
1339327.3.peg.1060.site.44, 1, 137, 138
1339327.3.peg.1060.site.45, 3, 135, 138
1339327.3.peg.1060.site.46, 0, 135, 135
1339327.3.peg.1060.site.47, 56, 137, 193
1339327.3.peg.1060.site.48, 92, 137, 229
1339327.3.peg.1060.site.49, 7, 135, 142
1339327.3.peg.1060.site.50, 21, 136, 157
1339327.3.peg.1060.site.51, 2, 135, 137
1339327.3.peg.4892.site.1, 2, 137, 139
1339327.3.peg.4892.site.2, 3, 137, 140
1339327.3.peg.4892.site.3, 32, 137, 169
1339327.3.peg.4892.site.4, 2, 136, 138
1339327.3.peg.4892.site.5, 0, 137, 137
1339327.3.peg.4892.site.6, 12, 137, 149
1339327.3.peg.4892.site.7, 44, 135, 179
1339327.3.peg.4892.site.8, 0, 137, 137
1339327.3.peg.4892.site.9, 92, 131, 223
1339327.3.peg.1438.site.1, 2, 137, 139
1339327.3.peg.1438.site.2, 7, 136, 143
1339327.3.peg.1438.site.3, 1, 136, 137
1339327.3.peg.1438.site.4, 8, 136, 144
1339327.3.peg.1438.site.5, 0, 137, 137
1339327.3.peg.1438.site.6, 3, 137, 140
1339327.3.peg.1438.site.7, 2, 136, 138
1339327.3.peg.1438.site.8, 9, 137, 146
1339327.3.peg.1438.site.9, 14, 137, 151
1339327.3.peg.1438.site.10, 0, 135, 135
1339327.3.peg.1438.site.11, 3, 137, 140
1339327.3.peg.1438.site.12, 3, 136, 139
1339327.3.peg.1438.site.13, 9, 136, 145
1339327.3.peg.1438.site.14, 3, 137, 140
1339327.3.peg.1438.site.15, 79, 137, 216
1339327.3.peg.1438.site.16, 9, 137, 146
1339327.3.peg.1438.site.17, 130, 136, 266
1339327.3.peg.1438.site.18, 3, 135, 138
1339327.3.peg.1438.site.19, 27, 136, 163
1339327.3.peg.1438.site.20, 1, 136, 137
1339327.3.peg.994.site.1, 5, 137, 142
1339327.3.peg.994.site.2, 19, 137, 156
1339327.3.peg.994.site.3, 2, 137, 139
1339327.3.peg.994.site.4, 0, 137, 137
1339327.3.peg.994.site.5, 11, 135, 146
1339327.3.peg.994.site.6, 32, 137, 169
1339327.3.peg.994.site.7, 3, 137, 140
1339327.3.peg.994.site.8, 4, 137, 141
1339327.3.peg.995.site.1, 37, 136, 173
1339327.3.peg.995.site.2, 7, 135, 142
1339327.3.peg.995.site.3, 1, 137, 138
1339327.3.peg.995.site.4, 38, 137, 175
1339327.3.peg.995.site.5, 4, 137, 141
1339327.3.peg.995.site.6, 0, 137, 137
1339327.3.peg.995.site.7, 3, 137, 140
1339327.3.peg.995.site.8, 14, 137, 151
1339327.3.peg.995.site.9, 1, 137, 138
1339327.3.peg.995.site.10, 78, 137, 215
1339327.3.peg.995.site.11, 0, 134, 134
1339327.3.peg.995.site.12, 17, 137, 154
1339327.3.peg.995.site.13, 3, 136, 139
1339327.3.peg.995.site.14, 12, 136, 148
1339327.3.peg.995.site.15, 27, 136, 163
1339327.3.peg.995.site.16, 1, 137, 138
1339327.3.peg.995.site.17, 3, 137, 140
1339327.3.peg.995.site.18, 12, 136, 148
1339327.3.peg.995.site.19, 5, 137, 142
1339327.3.peg.995.site.20, 92, 137, 229
1339327.3.peg.995.site.21, 7, 136, 143
1339327.3.peg.995.site.22, 3, 136, 139
1339327.3.peg.995.site.23, 2, 136, 138
1339327.3.peg.995.site.24, 4, 137, 141
1339327.3.peg.996.site.1, 4, 136, 140
1339327.3.peg.996.site.2, 2, 137, 139
1339327.3.peg.996.site.3, 7, 137, 144
1339327.3.peg.996.site.4, 1, 137, 138
1339327.3.peg.996.site.5, 9, 137, 146
1339327.3.peg.996.site.6, 0, 136, 136
1339327.3.peg.996.site.7, 0, 137, 137
1339327.3.peg.996.site.8, 3, 137, 140
1339327.3.peg.996.site.9, 4, 137, 141
1339327.3.peg.996.site.10, 7, 137, 144
1339327.3.peg.996.site.11, 41, 137, 178
1339327.3.peg.996.site.12, 2, 136, 138
1339327.3.peg.996.site.13, 0, 132, 132
1339327.3.peg.996.site.14, 20, 137, 157
1339327.3.peg.996.site.15, 127, 136, 263
1339327.3.peg.996.site.16, 112, 137, 249
1339327.3.peg.996.site.17, 27, 137, 164
1339327.3.peg.996.site.18, 0, 136, 136
1339327.3.peg.996.site.19, 80, 137, 217
1339327.3.peg.996.site.20, 10, 137, 147
1339327.3.peg.996.site.21, 82, 136, 218
1339327.3.peg.996.site.22, 35, 137, 172
1339327.3.peg.996.site.23, 18, 135, 153
1339327.3.peg.996.site.24, 94, 137, 231
1339327.3.peg.996.site.25, 3, 137, 140
1339327.3.peg.996.site.26, 19, 137, 156
1339327.3.peg.996.site.27, 2, 137, 139
1339327.3.peg.996.site.28, 40, 137, 177
1339327.3.peg.996.site.29, 2, 135, 137
1339327.3.peg.996.site.30, 0, 136, 136
1339327.3.peg.996.site.31, 0, 137, 137
1339327.3.peg.996.site.32, 1, 137, 138
1339327.3.peg.996.site.33, 39, 137, 176
1339327.3.peg.997.site.1, 20, 137, 157
1339327.3.peg.997.site.2, 91, 137, 228
1339327.3.peg.997.site.3, 13, 137, 150
1339327.3.peg.997.site.4, 23, 136, 159
1339327.3.peg.997.site.5, 9, 137, 146
1339327.3.peg.997.site.6, 0, 137, 137
1339327.3.peg.997.site.7, 17, 136, 153
1339327.3.peg.997.site.8, 130, 136, 266
1339327.3.peg.997.site.9, 1, 137, 138
1339327.3.peg.997.site.10, 0, 136, 136
1339327.3.peg.997.site.11, 1, 135, 136
1339327.3.peg.997.site.12, 0, 135, 135
1339327.3.peg.997.site.13, 17, 135, 152
1339327.3.peg.997.site.14, 3, 137, 140
1339327.3.peg.997.site.15, 14, 137, 151
1339327.3.peg.997.site.16, 0, 137, 137
1339327.3.peg.997.site.17, 3, 137, 140
1339327.3.peg.997.site.18, 5, 137, 142
1339327.3.peg.997.site.19, 8, 137, 145
1339327.3.peg.997.site.20, 2, 136, 138
1339327.3.peg.997.site.21, 4, 136, 140
1339327.3.peg.997.site.22, 5, 134, 139
1339327.3.peg.997.site.23, 61, 137, 198
1339327.3.peg.997.site.24, 6, 137, 143
1339327.3.peg.997.site.25, 0, 137, 137
1339327.3.peg.997.site.26, 56, 137, 193
1339327.3.peg.997.site.27, 15, 137, 152
1339327.3.peg.997.site.28, 3, 137, 140
1339327.3.peg.997.site.29, 7, 137, 144
1339327.3.peg.997.site.30, 0, 136, 136
1339327.3.peg.997.site.31, 6, 137, 143
1339327.3.peg.997.site.32, 30, 135, 165
1339327.3.peg.997.site.33, 15, 137, 152
1339327.3.peg.997.site.34, 2, 137, 139
1339327.3.peg.997.site.35, 40, 135, 175
1339327.3.peg.997.site.36, 0, 137, 137
1339327.3.peg.997.site.37, 7, 135, 142
1339327.3.peg.997.site.38, 0, 135, 135
1339327.3.peg.997.site.39, 5, 134, 139
1339327.3.peg.997.site.40, 14, 133, 147
1339327.3.peg.997.site.41, 64, 127, 191
1339327.3.peg.997.site.42, 2, 135, 137
1339327.3.peg.997.site.43, 1, 137, 138
1339327.3.peg.997.site.44, 0, 135, 135
1339327.3.peg.997.site.45, 8, 136, 144
1339327.3.peg.997.site.46, 42, 135, 177
1339327.3.peg.997.site.47, 14, 135, 149
1339327.3.peg.997.site.48, 9, 136, 145
1339327.3.peg.997.site.49, 43, 130, 173
1339327.3.peg.997.site.50, 0, 130, 130
1339327.3.peg.997.site.51, 43, 135, 178
1339327.3.peg.997.site.52, 4, 136, 140
1339327.3.peg.997.site.53, 8, 136, 144
1339327.3.peg.997.site.54, 45, 136, 181
1339327.3.peg.997.site.55, 20, 135, 155
1339327.3.peg.997.site.56, 4, 134, 138
1339327.3.peg.990.site.1, 72, 136, 208
1339327.3.peg.990.site.2, 0, 137, 137
1339327.3.peg.990.site.3, 3, 137, 140
1339327.3.peg.990.site.4, 2, 137, 139
1339327.3.peg.990.site.5, 12, 137, 149
1339327.3.peg.990.site.6, 1, 136, 137
1339327.3.peg.990.site.7, 117, 136, 253
1339327.3.peg.990.site.8, 0, 137, 137
1339327.3.peg.990.site.9, 4, 136, 140
1339327.3.peg.990.site.10, 1, 137, 138
1339327.3.peg.990.site.11, 4, 137, 141
1339327.3.peg.990.site.12, 7, 137, 144
1339327.3.peg.990.site.13, 4, 136, 140
1339327.3.peg.990.site.14, 4, 137, 141
1339327.3.peg.990.site.15, 2, 135, 137
1339327.3.peg.991.site.1, 2, 137, 139
1339327.3.peg.991.site.2, 11, 136, 147
1339327.3.peg.991.site.3, 2, 137, 139
1339327.3.peg.992.site.1, 2, 136, 138
1339327.3.peg.992.site.2, 2, 137, 139
1339327.3.peg.992.site.3, 107, 137, 244
1339327.3.peg.992.site.4, 28, 136, 164
1339327.3.peg.992.site.5, 12, 137, 149
1339327.3.peg.992.site.6, 13, 136, 149
1339327.3.peg.992.site.7, 1, 137, 138
1339327.3.peg.992.site.8, 99, 135, 234
1339327.3.peg.992.site.9, 12, 135, 147
1339327.3.peg.992.site.10, 12, 137, 149
1339327.3.peg.992.site.11, 2, 137, 139
1339327.3.peg.992.site.12, 0, 137, 137
1339327.3.peg.992.site.13, 2, 136, 138
1339327.3.peg.992.site.14, 2, 137, 139
1339327.3.peg.992.site.15, 19, 135, 154
1339327.3.peg.992.site.16, 48, 85, 133
1339327.3.peg.4888.site.1, 7, 136, 143
1339327.3.peg.4888.site.2, 6, 137, 143
1339327.3.peg.4888.site.3, 14, 131, 145
1339327.3.peg.4888.site.4, 11, 137, 148
1339327.3.peg.4888.site.5, 36, 136, 172
1339327.3.peg.4888.site.6, 27, 137, 164
1339327.3.peg.4888.site.7, 35, 136, 171
1339327.3.peg.4888.site.8, 94, 136, 230
1339327.3.peg.4888.site.9, 1, 136, 137
1339327.3.peg.4886.site.1, 2, 131, 133
1339327.3.peg.4886.site.2, 3, 132, 135
1339327.3.peg.4886.site.3, 3, 136, 139
1339327.3.peg.4886.site.4, 7, 136, 143
1339327.3.peg.4886.site.5, 39, 135, 174
1339327.3.peg.998.site.1, 12, 137, 149
1339327.3.peg.998.site.2, 1, 136, 137
1339327.3.peg.998.site.3, 0, 135, 135
1339327.3.peg.998.site.4, 0, 135, 135
1339327.3.peg.998.site.5, 3, 137, 140
1339327.3.peg.998.site.6, 4, 137, 141
1339327.3.peg.998.site.7, 0, 135, 135
1339327.3.peg.998.site.8, 4, 137, 141
1339327.3.peg.998.site.9, 5, 137, 142
1339327.3.peg.998.site.10, 3, 136, 139
1339327.3.peg.998.site.11, 0, 135, 135
1339327.3.peg.998.site.12, 14, 136, 150
1339327.3.peg.998.site.13, 1, 137, 138
1339327.3.peg.998.site.14, 3, 137, 140
1339327.3.peg.998.site.15, 3, 136, 139
1339327.3.peg.999.site.1, 3, 136, 139
1339327.3.peg.999.site.2, 13, 136, 149
1339327.3.peg.999.site.3, 0, 136, 136
1339327.3.peg.999.site.4, 4, 137, 141
1339327.3.peg.999.site.5, 4, 136, 140
1339327.3.peg.999.site.6, 130, 136, 266
1339327.3.peg.999.site.7, 7, 137, 144
1339327.3.peg.999.site.8, 99, 136, 235
1339327.3.peg.999.site.9, 117, 137, 254
1339327.3.peg.999.site.10, 1, 137, 138
1339327.3.peg.999.site.11, 0, 136, 136
1339327.3.peg.999.site.12, 0, 137, 137
1339327.3.peg.999.site.13, 1, 137, 138
1339327.3.peg.999.site.14, 1, 136, 137
1339327.3.peg.999.site.15, 1, 137, 138
1339327.3.peg.999.site.16, 3, 137, 140
1339327.3.peg.999.site.17, 14, 137, 151
1339327.3.peg.999.site.18, 7, 136, 143
1339327.3.peg.999.site.19, 7, 135, 142
1339327.3.peg.999.site.20, 0, 136, 136
1339327.3.peg.999.site.21, 2, 135, 137
1339327.3.peg.999.site.22, 1, 135, 136
1339327.3.peg.999.site.23, 0, 135, 135
1339327.3.peg.999.site.24, 11, 136, 147
1339327.3.peg.999.site.25, 8, 137, 145
1339327.3.peg.999.site.26, 3, 137, 140
1339327.3.peg.999.site.27, 102, 137, 239
1339327.3.peg.999.site.28, 1, 137, 138
1339327.3.peg.4829.site.1, 0, 129, 129
1339327.3.peg.4829.site.2, 9, 137, 146
1339327.3.peg.4829.site.3, 1, 137, 138
1339327.3.peg.4829.site.4, 9, 136, 145
1339327.3.peg.4829.site.5, 9, 136, 145
1339327.3.peg.4829.site.6, 0, 137, 137
1339327.3.peg.4829.site.7, 15, 137, 152
1339327.3.peg.4829.site.8, 2, 135, 137
1339327.3.peg.699.site.1, 12, 136, 148
1339327.3.peg.699.site.2, 11, 136, 147
1339327.3.peg.699.site.3, 0, 134, 134
1339327.3.peg.4828.site.1, 64, 136, 200
1339327.3.peg.4828.site.2, 3, 135, 138
1339327.3.peg.4828.site.3, 4, 134, 138
1339327.3.peg.4828.site.4, 0, 129, 129
1339327.3.peg.4828.site.5, 10, 136, 146
1339327.3.peg.4828.site.6, 1, 133, 134
1339327.3.peg.4828.site.7, 3, 137, 140
1339327.3.peg.4828.site.8, 2, 134, 136
1339327.3.peg.1436.site.1, 25, 136, 161
1339327.3.peg.1436.site.2, 28, 136, 164
1339327.3.peg.1436.site.3, 87, 135, 222
1339327.3.peg.1436.site.4, 31, 134, 165
1339327.3.peg.1436.site.5, 35, 134, 169
1339327.3.peg.1436.site.6, 0, 136, 136
1339327.3.peg.1436.site.7, 6, 136, 142
1339327.3.peg.1436.site.8, 0, 135, 135
1339327.3.peg.1436.site.9, 65, 137, 202
1339327.3.peg.1436.site.10, 12, 135, 147
1339327.3.peg.1436.site.11, 6, 135, 141
1339327.3.peg.1436.site.12, 3, 136, 139
1339327.3.peg.1436.site.13, 8, 135, 143
1339327.3.peg.1436.site.14, 0, 135, 135
1339327.3.peg.1436.site.15, 47, 133, 180
1339327.3.peg.1436.site.16, 23, 136, 159
1339327.3.peg.1436.site.17, 11, 137, 148
1339327.3.peg.1436.site.18, 1, 137, 138
1339327.3.peg.1436.site.19, 27, 136, 163
1339327.3.peg.1436.site.20, 4, 136, 140
1339327.3.peg.1436.site.21, 1, 137, 138
1339327.3.peg.1436.site.22, 16, 135, 151
1339327.3.peg.1436.site.23, 26, 134, 160
1339327.3.peg.1436.site.24, 2, 137, 139
1339327.3.peg.1436.site.25, 3, 137, 140
1339327.3.peg.1436.site.26, 4, 137, 141
1339327.3.peg.1436.site.27, 3, 137, 140
1339327.3.peg.1436.site.28, 45, 137, 182
1339327.3.peg.1436.site.29, 10, 137, 147
1339327.3.peg.1436.site.30, 10, 137, 147
1339327.3.peg.1436.site.31, 1, 137, 138
1339327.3.peg.1436.site.32, 30, 136, 166
1339327.3.peg.1436.site.33, 0, 130, 130
1339327.3.peg.1436.site.34, 31, 137, 168
1339327.3.peg.1436.site.35, 1, 136, 137
1339327.3.peg.1436.site.36, 13, 136, 149
1339327.3.peg.1436.site.37, 33, 136, 169
1339327.3.peg.1436.site.38, 2, 137, 139
1339327.3.peg.1436.site.39, 47, 137, 184
1339327.3.peg.1436.site.40, 9, 136, 145
1339327.3.peg.1436.site.41, 2, 134, 136
1339327.3.peg.1436.site.42, 1, 136, 137
1339327.3.peg.4550.site.1, 5, 134, 139
1339327.3.peg.4550.site.2, 12, 133, 145
1339327.3.peg.4550.site.3, 2, 136, 138
1339327.3.peg.4550.site.4, 8, 136, 144
1339327.3.peg.4550.site.5, 9, 136, 145
1339327.3.peg.4550.site.6, 15, 133, 148
1339327.3.peg.4550.site.7, 2, 137, 139
1339327.3.peg.4550.site.8, 21, 135, 156
1339327.3.peg.4550.site.9, 0, 137, 137
1339327.3.peg.5033.site.1, 20, 136, 156
1339327.3.peg.5033.site.2, 0, 135, 135
1339327.3.peg.5033.site.3, 0, 137, 137
1339327.3.peg.5033.site.4, 0, 137, 137
1339327.3.peg.5033.site.5, 4, 137, 141
1339327.3.peg.5033.site.6, 0, 137, 137
1339327.3.peg.5033.site.7, 1, 136, 137
1339327.3.peg.5033.site.8, 2, 137, 139
1339327.3.peg.5033.site.9, 0, 137, 137
1339327.3.peg.5033.site.10, 0, 137, 137
1339327.3.peg.5033.site.11, 4, 137, 141
1339327.3.peg.5033.site.12, 4, 137, 141
1339327.3.peg.5033.site.13, 0, 137, 137
1339327.3.peg.5033.site.14, 12, 136, 148
1339327.3.peg.5033.site.15, 1, 137, 138
1339327.3.peg.5033.site.16, 4, 137, 141
1339327.3.peg.5033.site.17, 31, 136, 167
1339327.3.peg.5033.site.18, 7, 137, 144
1339327.3.peg.5033.site.19, 22, 135, 157
1339327.3.peg.5033.site.20, 0, 136, 136
1339327.3.peg.4120.site.1, 2, 136, 138
1339327.3.peg.4120.site.2, 8, 134, 142
1339327.3.peg.4120.site.3, 11, 136, 147
1339327.3.peg.4120.site.4, 16, 136, 152
1339327.3.peg.4120.site.5, 59, 136, 195
1339327.3.peg.4120.site.6, 6, 134, 140
1339327.3.peg.4120.site.7, 37, 135, 172
1339327.3.peg.4120.site.8, 1, 135, 136
1339327.3.peg.4120.site.9, 0, 136, 136
1339327.3.peg.4120.site.10, 0, 136, 136
1339327.3.peg.4120.site.11, 5, 135, 140
1339327.3.peg.4120.site.12, 22, 137, 159
1339327.3.peg.4121.site.1, 2, 129, 131
1339327.3.peg.4121.site.2, 0, 134, 134
1339327.3.peg.4121.site.3, 2, 137, 139
1339327.3.peg.4121.site.4, 3, 135, 138
1339327.3.peg.4121.site.5, 3, 137, 140
1339327.3.peg.4121.site.6, 1, 137, 138
1339327.3.peg.4121.site.7, 3, 135, 138
1339327.3.peg.4121.site.8, 4, 135, 139
1339327.3.peg.4121.site.9, 1, 134, 135
1339327.3.peg.4121.site.10, 3, 137, 140
1339327.3.peg.4121.site.11, 7, 137, 144
1339327.3.peg.4121.site.12, 3, 136, 139
1339327.3.peg.4121.site.13, 11, 137, 148
1339327.3.peg.4121.site.14, 0, 135, 135
1339327.3.peg.4121.site.15, 1, 136, 137
1339327.3.peg.4121.site.16, 5, 136, 141
1339327.3.peg.4121.site.17, 15, 136, 151
1339327.3.peg.4121.site.18, 3, 136, 139
1339327.3.peg.4121.site.19, 0, 136, 136
1339327.3.peg.4121.site.20, 31, 137, 168
1339327.3.peg.4121.site.21, 2, 137, 139
1339327.3.peg.4121.site.22, 50, 137, 187
1339327.3.peg.4121.site.23, 3, 135, 138
1339327.3.peg.4121.site.24, 5, 137, 142
1339327.3.peg.4121.site.25, 1, 137, 138
1339327.3.peg.4121.site.26, 28, 137, 165
1339327.3.peg.4121.site.27, 31, 137, 168
1339327.3.peg.4121.site.28, 1, 137, 138
1339327.3.peg.4121.site.29, 0, 137, 137
1339327.3.peg.4121.site.30, 130, 137, 267
1339327.3.peg.4121.site.31, 68, 137, 205
1339327.3.peg.4121.site.32, 5, 137, 142
1339327.3.peg.4121.site.33, 12, 137, 149
1339327.3.peg.4121.site.34, 1, 136, 137
1339327.3.peg.4121.site.35, 0, 136, 136
1339327.3.peg.4121.site.36, 5, 136, 141
1339327.3.peg.4121.site.37, 4, 136, 140
1339327.3.peg.4121.site.38, 15, 135, 150
1339327.3.peg.4121.site.39, 3, 137, 140
1339327.3.peg.4121.site.40, 3, 137, 140
1339327.3.peg.4121.site.41, 96, 137, 233
1339327.3.peg.4121.site.42, 66, 135, 201
1339327.3.peg.4121.site.43, 3, 136, 139
1339327.3.peg.4827.site.1, 58, 137, 195
1339327.3.peg.4827.site.2, 25, 135, 160
1339327.3.peg.4827.site.3, 8, 134, 142
1339327.3.peg.4827.site.4, 124, 136, 260
1339327.3.peg.4827.site.5, 125, 132, 257
1339327.3.peg.4827.site.6, 9, 136, 145
1339327.3.peg.4827.site.7, 11, 136, 147
1339327.3.peg.4827.site.8, 2, 135, 137
1339327.3.peg.4827.site.9, 3, 137, 140
1339327.3.peg.4048.site.1, 2, 135, 137
1339327.3.peg.4048.site.2, 76, 135, 211
1339327.3.peg.4048.site.3, 4, 137, 141
1339327.3.peg.4048.site.4, 16, 136, 152
1339327.3.peg.4048.site.5, 30, 136, 166
1339327.3.peg.4048.site.6, 31, 137, 168
1339327.3.peg.4048.site.7, 3, 136, 139
1339327.3.peg.4048.site.8, 72, 132, 204
1339327.3.peg.4048.site.9, 0, 137, 137
1339327.3.peg.4048.site.10, 105, 137, 242
1339327.3.peg.4048.site.11, 6, 136, 142
1339327.3.peg.4048.site.12, 50, 135, 185
1339327.3.peg.4048.site.13, 3, 137, 140
1339327.3.peg.4048.site.14, 5, 137, 142
1339327.3.peg.4124.site.1, 0, 135, 135
1339327.3.peg.4124.site.2, 0, 136, 136
1339327.3.peg.4124.site.3, 54, 135, 189
1339327.3.peg.4124.site.4, 2, 134, 136
1339327.3.peg.4124.site.5, 11, 136, 147
1339327.3.peg.4124.site.6, 2, 137, 139
1339327.3.peg.4124.site.7, 2, 137, 139
1339327.3.peg.4124.site.8, 3, 137, 140
1339327.3.peg.4124.site.9, 4, 137, 141
1339327.3.peg.4124.site.10, 1, 136, 137
1339327.3.peg.4124.site.11, 9, 135, 144
1339327.3.peg.4124.site.12, 6, 137, 143
1339327.3.peg.4124.site.13, 5, 137, 142
1339327.3.peg.4124.site.14, 1, 137, 138
1339327.3.peg.4125.site.1, 22, 135, 157
1339327.3.peg.4125.site.2, 1, 135, 136
1339327.3.peg.4125.site.3, 1, 135, 136
1339327.3.peg.4125.site.4, 3, 133, 136
1339327.3.peg.4125.site.5, 1, 132, 133
1339327.3.peg.4125.site.6, 1, 132, 133
1339327.3.peg.4125.site.7, 2, 133, 135
1339327.3.peg.4125.site.8, 6, 132, 138
1339327.3.peg.4125.site.9, 2, 134, 136
1339327.3.peg.4125.site.10, 2, 134, 136
1339327.3.peg.4125.site.11, 3, 136, 139
1339327.3.peg.4125.site.12, 3, 136, 139
1339327.3.peg.4125.site.13, 2, 135, 137
1339327.3.peg.4125.site.14, 13, 135, 148
1339327.3.peg.4125.site.15, 6, 135, 141
1339327.3.peg.4125.site.16, 61, 135, 196
1339327.3.peg.4125.site.17, 0, 135, 135
1339327.3.peg.4125.site.18, 0, 134, 134
1339327.3.peg.4087.site.1, 5, 137, 142
1339327.3.peg.4087.site.2, 2, 135, 137
1339327.3.peg.4087.site.3, 2, 135, 137
1339327.3.peg.4085.site.1, 4, 134, 138
1339327.3.peg.4085.site.2, 132, 137, 269
1339327.3.peg.4085.site.3, 3, 137, 140
1339327.3.peg.4085.site.4, 1, 136, 137
1339327.3.peg.4085.site.5, 3, 132, 135
1339327.3.peg.4085.site.6, 4, 130, 134
1339327.3.peg.4085.site.7, 7, 124, 131
1339327.3.peg.4085.site.8, 5, 135, 140
1339327.3.peg.4085.site.9, 0, 135, 135
1339327.3.peg.4085.site.10, 5, 136, 141
1339327.3.peg.4085.site.11, 5, 137, 142
1339327.3.peg.4084.site.1, 12, 136, 148
1339327.3.peg.4084.site.2, 3, 135, 138
1339327.3.peg.4084.site.3, 2, 136, 138
1339327.3.peg.4084.site.4, 3, 137, 140
1339327.3.peg.4084.site.5, 3, 137, 140
1339327.3.peg.4084.site.6, 6, 137, 143
1339327.3.peg.4084.site.7, 9, 132, 141
1339327.3.peg.4082.site.1, 1, 134, 135
1339327.3.peg.4082.site.2, 19, 137, 156
1339327.3.peg.4081.site.1, 1, 136, 137
1339327.3.peg.4081.site.2, 11, 134, 145
1339327.3.peg.4080.site.1, 1, 137, 138
1339327.3.peg.4080.site.2, 83, 134, 217
1339327.3.peg.4080.site.3, 2, 135, 137
1339327.3.peg.4080.site.4, 0, 137, 137
1339327.3.peg.4842.site.1, 0, 136, 136
1339327.3.peg.4842.site.2, 0, 137, 137
1339327.3.peg.4842.site.3, 51, 136, 187
1339327.3.peg.4842.site.4, 128, 135, 263
1339327.3.peg.4842.site.5, 5, 136, 141
1339327.3.peg.4842.site.6, 18, 135, 153
1339327.3.peg.4842.site.7, 111, 137, 248
1339327.3.peg.4842.site.8, 0, 135, 135
1339327.3.peg.4842.site.9, 57, 135, 192
1339327.3.peg.4842.site.10, 8, 137, 145
1339327.3.peg.4842.site.11, 5, 136, 141
1339327.3.peg.4842.site.12, 77, 137, 214
1339327.3.peg.4842.site.13, 0, 137, 137
1339327.3.peg.4842.site.14, 14, 137, 151
1339327.3.peg.4842.site.15, 2, 137, 139
1339327.3.peg.4842.site.16, 0, 137, 137
1339327.3.peg.4842.site.17, 11, 136, 147
1339327.3.peg.4842.site.18, 1, 135, 136
1339327.3.peg.4842.site.19, 11, 135, 146
1339327.3.peg.4842.site.20, 7, 137, 144
1339327.3.peg.4842.site.21, 5, 137, 142
1339327.3.peg.4842.site.22, 12, 136, 148
1339327.3.peg.4842.site.23, 48, 137, 185
1339327.3.peg.4089.site.1, 0, 135, 135
1339327.3.peg.4089.site.2, 1, 137, 138
1339327.3.peg.4089.site.3, 10, 137, 147
1339327.3.peg.4089.site.4, 12, 135, 147
1339327.3.peg.4089.site.5, 38, 137, 175
1339327.3.peg.4089.site.6, 5, 135, 140
1339327.3.peg.4089.site.7, 13, 133, 146
1339327.3.peg.4089.site.8, 5, 135, 140
1339327.3.peg.4089.site.9, 49, 130, 179
1339327.3.peg.4089.site.10, 12, 137, 149
1339327.3.peg.4089.site.11, 2, 137, 139
1339327.3.peg.4089.site.12, 1, 137, 138
1339327.3.peg.4089.site.13, 10, 137, 147
1339327.3.peg.4089.site.14, 3, 131, 134
1339327.3.peg.4089.site.15, 20, 131, 151
1339327.3.peg.4089.site.16, 0, 131, 131
1339327.3.peg.4089.site.17, 14, 137, 151
1339327.3.peg.4089.site.18, 2, 136, 138
1339327.3.peg.4089.site.19, 68, 137, 205
1339327.3.peg.4089.site.20, 1, 137, 138
1339327.3.peg.4089.site.21, 6, 137, 143
1339327.3.peg.4089.site.22, 4, 136, 140
1339327.3.peg.4089.site.23, 5, 135, 140
1339327.3.peg.4089.site.24, 1, 136, 137
1339327.3.peg.4089.site.25, 3, 136, 139
1339327.3.peg.4089.site.26, 10, 134, 144
1339327.3.peg.4089.site.27, 0, 134, 134
1339327.3.peg.4089.site.28, 1, 125, 126
1339327.3.peg.2562.site.1, 30, 137, 167
1339327.3.peg.2562.site.2, 3, 135, 138
1339327.3.peg.2562.site.3, 3, 123, 126
1339327.3.peg.2562.site.4, 3, 124, 127
1339327.3.peg.2562.site.5, 121, 121, 242
1339327.3.peg.2562.site.6, 42, 124, 166
1339327.3.peg.2562.site.7, 2, 134, 136
1339327.3.peg.2562.site.8, 14, 132, 146
1339327.3.peg.2562.site.9, 1, 133, 134
1339327.3.peg.2562.site.10, 1, 133, 134
1339327.3.peg.2562.site.11, 28, 131, 159
1339327.3.peg.2562.site.12, 3, 134, 137
1339327.3.peg.2562.site.13, 35, 134, 169
1339327.3.peg.2562.site.14, 4, 135, 139
1339327.3.peg.2562.site.15, 130, 137, 267
1339327.3.peg.2562.site.16, 2, 134, 136
1339327.3.peg.2562.site.17, 109, 130, 239
1339327.3.peg.2562.site.18, 124, 137, 261
1339327.3.peg.2562.site.19, 0, 135, 135
1339327.3.peg.2562.site.20, 13, 135, 148
1339327.3.peg.2562.site.21, 15, 132, 147
1339327.3.peg.2562.site.22, 3, 131, 134
1339327.3.peg.2562.site.23, 0, 136, 136
1339327.3.peg.2562.site.24, 12, 136, 148
1339327.3.peg.2562.site.25, 2, 134, 136
1339327.3.peg.2562.site.26, 0, 136, 136
1339327.3.peg.2562.site.27, 0, 136, 136
1339327.3.peg.1343.site.1, 20, 126, 146
1339327.3.peg.1343.site.2, 0, 136, 136
1339327.3.peg.1342.site.1, 17, 137, 154
1339327.3.peg.1342.site.2, 0, 136, 136
1339327.3.peg.1342.site.3, 68, 137, 205
1339327.3.peg.1342.site.4, 1, 135, 136
1339327.3.peg.1342.site.5, 118, 135, 253
1339327.3.peg.1342.site.6, 3, 136, 139
1339327.3.peg.1341.site.1, 0, 137, 137
1339327.3.peg.1341.site.2, 2, 137, 139
1339327.3.peg.1341.site.3, 1, 137, 138
1339327.3.peg.1341.site.4, 2, 136, 138
1339327.3.peg.1341.site.5, 6, 135, 141
1339327.3.peg.1341.site.6, 14, 131, 145
1339327.3.peg.1340.site.1, 3, 137, 140
1339327.3.peg.1340.site.2, 4, 136, 140
1339327.3.peg.1340.site.3, 3, 136, 139
1339327.3.peg.1340.site.4, 18, 136, 154
1339327.3.peg.1340.site.5, 75, 135, 210
1339327.3.peg.1340.site.6, 5, 136, 141
1339327.3.peg.1340.site.7, 2, 135, 137
1339327.3.peg.1340.site.8, 3, 135, 138
1339327.3.peg.1340.site.9, 93, 135, 228
1339327.3.peg.1340.site.10, 62, 128, 190
1339327.3.peg.1340.site.11, 0, 135, 135
1339327.3.peg.1340.site.12, 2, 137, 139
1339327.3.peg.1347.site.1, 16, 136, 152
1339327.3.peg.1347.site.2, 1, 137, 138
1339327.3.peg.1347.site.3, 55, 136, 191
1339327.3.peg.1347.site.4, 97, 137, 234
1339327.3.peg.1347.site.5, 1, 137, 138
1339327.3.peg.1347.site.6, 13, 136, 149
1339327.3.peg.1347.site.7, 1, 137, 138
1339327.3.peg.1347.site.8, 43, 137, 180
1339327.3.peg.1346.site.1, 0, 133, 133
1339327.3.peg.1346.site.2, 5, 134, 139
1339327.3.peg.1346.site.3, 4, 136, 140
1339327.3.peg.1346.site.4, 4, 136, 140
1339327.3.peg.1346.site.5, 3, 136, 139
1339327.3.peg.1346.site.6, 13, 137, 150
1339327.3.peg.1346.site.7, 114, 137, 251
1339327.3.peg.1346.site.8, 126, 137, 263
1339327.3.peg.1346.site.9, 93, 135, 228
1339327.3.peg.1346.site.10, 23, 134, 157
1339327.3.peg.1345.site.1, 3, 137, 140
1339327.3.peg.1345.site.2, 115, 136, 251
1339327.3.peg.1345.site.3, 0, 135, 135
1339327.3.peg.1345.site.4, 5, 135, 140
1339327.3.peg.1345.site.5, 4, 137, 141
1339327.3.peg.1345.site.6, 0, 136, 136
1339327.3.peg.1345.site.7, 3, 136, 139
1339327.3.peg.1345.site.8, 121, 137, 258
1339327.3.peg.1345.site.9, 2, 136, 138
1339327.3.peg.1345.site.10, 0, 135, 135
1339327.3.peg.1345.site.11, 3, 134, 137
1339327.3.peg.1345.site.12, 1, 132, 133
1339327.3.peg.1345.site.13, 3, 133, 136
1339327.3.peg.1345.site.14, 10, 132, 142
1339327.3.peg.1345.site.15, 2, 133, 135
1339327.3.peg.1345.site.16, 3, 133, 136
1339327.3.peg.1344.site.1, 2, 136, 138
1339327.3.peg.1344.site.2, 134, 134, 268
1339327.3.peg.1344.site.3, 15, 136, 151
1339327.3.peg.1344.site.4, 0, 134, 134
1339327.3.peg.1344.site.5, 0, 136, 136
1339327.3.peg.1344.site.6, 1, 137, 138
1339327.3.peg.1344.site.7, 1, 137, 138
1339327.3.peg.1344.site.8, 4, 137, 141
1339327.3.peg.1344.site.9, 14, 136, 150
1339327.3.peg.1344.site.10, 1, 136, 137
1339327.3.peg.1344.site.11, 0, 136, 136
1339327.3.peg.1344.site.12, 128, 137, 265
1339327.3.peg.1344.site.13, 4, 137, 141
1339327.3.peg.1344.site.14, 2, 136, 138
1339327.3.peg.1344.site.15, 0, 136, 136
1339327.3.peg.1344.site.16, 1, 136, 137
1339327.3.peg.4263.site.1, 33, 131, 164
1339327.3.peg.4263.site.2, 16, 136, 152
1339327.3.peg.4263.site.3, 3, 134, 137
1339327.3.peg.4263.site.4, 0, 136, 136
1339327.3.peg.4263.site.5, 6, 137, 143
1339327.3.peg.4263.site.6, 113, 135, 248
1339327.3.peg.4263.site.7, 26, 137, 163
1339327.3.peg.4263.site.8, 2, 137, 139
1339327.3.peg.4263.site.9, 3, 137, 140
1339327.3.peg.4263.site.10, 3, 136, 139
1339327.3.peg.4263.site.11, 7, 136, 143
1339327.3.peg.4263.site.12, 1, 137, 138
1339327.3.peg.4263.site.13, 5, 136, 141
1339327.3.peg.4263.site.14, 3, 137, 140
1339327.3.peg.4263.site.15, 12, 137, 149
1339327.3.peg.4263.site.16, 2, 136, 138
1339327.3.peg.4263.site.17, 4, 137, 141
1339327.3.peg.4263.site.18, 13, 136, 149
1339327.3.peg.4263.site.19, 1, 136, 137
1339327.3.peg.4263.site.20, 57, 137, 194
1339327.3.peg.4263.site.21, 14, 137, 151
1339327.3.peg.4263.site.22, 15, 137, 152
1339327.3.peg.4263.site.23, 23, 135, 158
1339327.3.peg.4263.site.24, 38, 137, 175
1339327.3.peg.4263.site.25, 4, 137, 141
1339327.3.peg.4263.site.26, 25, 137, 162
1339327.3.peg.4263.site.27, 4, 137, 141
1339327.3.peg.4263.site.28, 108, 136, 244
1339327.3.peg.4263.site.29, 2, 137, 139
1339327.3.peg.4263.site.30, 0, 137, 137
1339327.3.peg.4262.site.1, 1, 136, 137
1339327.3.peg.1349.site.1, 4, 136, 140
1339327.3.peg.1349.site.2, 4, 136, 140
1339327.3.peg.1349.site.3, 5, 136, 141
1339327.3.peg.1349.site.4, 17, 136, 153
1339327.3.peg.1349.site.5, 2, 137, 139
1339327.3.peg.1348.site.1, 82, 136, 218
1339327.3.peg.1348.site.2, 99, 137, 236
1339327.3.peg.1348.site.3, 117, 136, 253
1339327.3.peg.1348.site.4, 9, 134, 143
1339327.3.peg.1348.site.5, 3, 133, 136
1339327.3.peg.1348.site.6, 15, 133, 148
1339327.3.peg.1348.site.7, 6, 131, 137
1339327.3.peg.1348.site.8, 55, 131, 186
1339327.3.peg.1348.site.9, 2, 136, 138
1339327.3.peg.1348.site.10, 1, 136, 137
1339327.3.peg.1348.site.11, 110, 136, 246
1339327.3.peg.1348.site.12, 9, 136, 145
1339327.3.peg.1348.site.13, 7, 137, 144
1339327.3.peg.1348.site.14, 0, 136, 136
1339327.3.peg.1348.site.15, 0, 136, 136
1339327.3.peg.1348.site.16, 3, 136, 139
1339327.3.peg.1348.site.17, 2, 136, 138
1339327.3.peg.1348.site.18, 12, 135, 147
1339327.3.peg.1348.site.19, 1, 135, 136
1339327.3.peg.1348.site.20, 10, 123, 133
1339327.3.peg.1348.site.21, 5, 128, 133
1339327.3.peg.1348.site.22, 1, 134, 135
1339327.3.peg.1348.site.23, 2, 136, 138
1339327.3.peg.1348.site.24, 59, 134, 193
1339327.3.peg.1348.site.25, 2, 136, 138
1339327.3.peg.1348.site.26, 1, 135, 136
1339327.3.peg.1348.site.27, 5, 136, 141
1339327.3.peg.1348.site.28, 24, 136, 160
1339327.3.peg.1348.site.29, 12, 136, 148
1339327.3.peg.1348.site.30, 1, 135, 136
1339327.3.peg.1348.site.31, 6, 135, 141
1339327.3.peg.1348.site.32, 3, 137, 140
1339327.3.peg.4265.site.1, 24, 135, 159
1339327.3.peg.4265.site.2, 12, 137, 149
1339327.3.peg.4265.site.3, 4, 137, 141
1339327.3.peg.4265.site.4, 57, 133, 190
1339327.3.peg.4265.site.5, 10, 136, 146
1339327.3.peg.4265.site.6, 5, 127, 132
1339327.3.peg.4265.site.7, 5, 135, 140
1339327.3.peg.4265.site.8, 20, 136, 156
1339327.3.peg.4265.site.9, 8, 136, 144
1339327.3.peg.4265.site.10, 0, 135, 135
1339327.3.peg.4265.site.11, 0, 135, 135
1339327.3.peg.4265.site.12, 3, 134, 137
1339327.3.peg.4264.site.1, 0, 134, 134
1339327.3.peg.4264.site.2, 0, 137, 137
1339327.3.peg.1839.site.1, 2, 134, 136
1339327.3.peg.1839.site.2, 42, 136, 178
1339327.3.peg.1839.site.3, 8, 135, 143
1339327.3.peg.1839.site.4, 0, 134, 134
1339327.3.peg.1839.site.5, 2, 136, 138
1339327.3.peg.1839.site.6, 1, 135, 136
1339327.3.peg.1839.site.7, 1, 135, 136
1339327.3.peg.1838.site.1, 2, 135, 137
1339327.3.peg.1838.site.2, 0, 135, 135
1339327.3.peg.1838.site.3, 1, 136, 137
1339327.3.peg.1838.site.4, 0, 133, 133
1339327.3.peg.1838.site.5, 5, 135, 140
1339327.3.peg.1838.site.6, 3, 136, 139
1339327.3.peg.1838.site.7, 0, 134, 134
1339327.3.peg.1838.site.8, 0, 136, 136
1339327.3.peg.4647.site.1, 41, 137, 178
1339327.3.peg.4646.site.1, 5, 136, 141
1339327.3.peg.4646.site.2, 0, 136, 136
1339327.3.peg.4646.site.3, 0, 133, 133
1339327.3.peg.4646.site.4, 11, 134, 145
1339327.3.peg.4646.site.5, 2, 137, 139
1339327.3.peg.4646.site.6, 0, 136, 136
1339327.3.peg.4641.site.1, 8, 136, 144
1339327.3.peg.4641.site.2, 0, 135, 135
1339327.3.peg.4641.site.3, 0, 131, 131
1339327.3.peg.4641.site.4, 0, 136, 136
1339327.3.peg.4641.site.5, 5, 136, 141
1339327.3.peg.4641.site.6, 1, 136, 137
1339327.3.peg.4641.site.7, 111, 135, 246
1339327.3.peg.4641.site.8, 100, 136, 236
1339327.3.peg.4641.site.9, 114, 136, 250
1339327.3.peg.4641.site.10, 1, 136, 137
1339327.3.peg.4641.site.11, 114, 136, 250
1339327.3.peg.4641.site.12, 0, 137, 137
1339327.3.peg.4641.site.13, 3, 136, 139
1339327.3.peg.4641.site.14, 5, 136, 141
1339327.3.peg.4640.site.1, 2, 134, 136
1339327.3.peg.4640.site.2, 1, 135, 136
1339327.3.peg.4640.site.3, 1, 135, 136
1339327.3.peg.4640.site.4, 10, 136, 146
1339327.3.peg.4640.site.5, 3, 137, 140
1339327.3.peg.4640.site.6, 2, 137, 139
1339327.3.peg.4640.site.7, 1, 136, 137
1339327.3.peg.4640.site.8, 0, 137, 137
1339327.3.peg.4640.site.9, 4, 137, 141
1339327.3.peg.4640.site.10, 2, 136, 138
1339327.3.peg.4640.site.11, 120, 137, 257
1339327.3.peg.4640.site.12, 3, 137, 140
1339327.3.peg.4640.site.13, 21, 136, 157
1339327.3.peg.4640.site.14, 2, 137, 139
1339327.3.peg.4640.site.15, 35, 136, 171
1339327.3.peg.4643.site.1, 2, 136, 138
1339327.3.peg.4643.site.2, 72, 135, 207
1339327.3.peg.4643.site.3, 3, 136, 139
1339327.3.peg.4643.site.4, 2, 136, 138
1339327.3.peg.4643.site.5, 5, 135, 140
1339327.3.peg.4643.site.6, 0, 137, 137
1339327.3.peg.4643.site.7, 2, 137, 139
1339327.3.peg.4643.site.8, 13, 136, 149
1339327.3.peg.4643.site.9, 48, 137, 185
1339327.3.peg.4643.site.10, 2, 135, 137
1339327.3.peg.4643.site.11, 21, 137, 158
1339327.3.peg.4643.site.12, 11, 137, 148
1339327.3.peg.4642.site.1, 20, 136, 156
1339327.3.peg.4642.site.2, 17, 136, 153
1339327.3.peg.4642.site.3, 1, 137, 138
1339327.3.peg.4642.site.4, 122, 136, 258
1339327.3.peg.4642.site.5, 3, 137, 140
1339327.3.peg.4642.site.6, 3, 136, 139
1339327.3.peg.4642.site.7, 12, 135, 147
1339327.3.peg.4642.site.8, 13, 134, 147
1339327.3.peg.4642.site.9, 0, 136, 136
1339327.3.peg.4642.site.10, 21, 134, 155
1339327.3.peg.4642.site.11, 99, 136, 235
1339327.3.peg.4642.site.12, 1, 137, 138
1339327.3.peg.1831.site.1, 25, 128, 153
1339327.3.peg.1831.site.2, 0, 131, 131
1339327.3.peg.1830.site.1, 13, 133, 146
1339327.3.peg.1830.site.2, 8, 133, 141
1339327.3.peg.1830.site.3, 13, 133, 146
1339327.3.peg.1830.site.4, 3, 131, 134
1339327.3.peg.1830.site.5, 16, 133, 149
1339327.3.peg.1830.site.6, 5, 133, 138
1339327.3.peg.1830.site.7, 15, 133, 148
1339327.3.peg.1830.site.8, 4, 133, 137
1339327.3.peg.1830.site.9, 18, 130, 148
1339327.3.peg.1830.site.10, 3, 131, 134
1339327.3.peg.1830.site.11, 46, 133, 179
1339327.3.peg.1830.site.12, 31, 133, 164
1339327.3.peg.1830.site.13, 3, 134, 137
1339327.3.peg.1830.site.14, 3, 130, 133
1339327.3.peg.1830.site.15, 47, 132, 179
1339327.3.peg.1830.site.16, 5, 132, 137
1339327.3.peg.1830.site.17, 5, 132, 137
1339327.3.peg.1830.site.18, 11, 132, 143
1339327.3.peg.1830.site.19, 2, 133, 135
1339327.3.peg.1830.site.20, 91, 133, 224
1339327.3.peg.1830.site.21, 0, 134, 134
1339327.3.peg.1830.site.22, 2, 133, 135
1339327.3.peg.1830.site.23, 0, 133, 133
1339327.3.peg.1830.site.24, 1, 133, 134
1339327.3.peg.1830.site.25, 8, 133, 141
1339327.3.peg.1830.site.26, 6, 133, 139
1339327.3.peg.1830.site.27, 2, 134, 136
1339327.3.peg.1830.site.28, 0, 133, 133
1339327.3.peg.1830.site.29, 1, 132, 133
1339327.3.peg.1830.site.30, 19, 132, 151
1339327.3.peg.1833.site.1, 0, 132, 132
1339327.3.peg.1833.site.2, 19, 133, 152
1339327.3.peg.1833.site.3, 0, 133, 133
1339327.3.peg.1833.site.4, 3, 134, 137
1339327.3.peg.1833.site.5, 2, 134, 136
1339327.3.peg.1833.site.6, 34, 134, 168
1339327.3.peg.1833.site.7, 2, 134, 136
1339327.3.peg.1833.site.8, 8, 133, 141
1339327.3.peg.1833.site.9, 0, 132, 132
1339327.3.peg.1833.site.10, 29, 132, 161
1339327.3.peg.1833.site.11, 89, 132, 221
1339327.3.peg.1833.site.12, 2, 131, 133
1339327.3.peg.1833.site.13, 2, 131, 133
1339327.3.peg.1832.site.1, 2, 134, 136
1339327.3.peg.1832.site.2, 5, 132, 137
1339327.3.peg.1832.site.3, 1, 131, 132
1339327.3.peg.1832.site.4, 2, 131, 133
1339327.3.peg.1832.site.5, 1, 133, 134
1339327.3.peg.1832.site.6, 0, 132, 132
1339327.3.peg.1832.site.7, 8, 132, 140
1339327.3.peg.1832.site.8, 0, 132, 132
1339327.3.peg.1832.site.9, 3, 132, 135
1339327.3.peg.1832.site.10, 3, 132, 135
1339327.3.peg.1832.site.11, 3, 133, 136
1339327.3.peg.1835.site.1, 3, 126, 129
1339327.3.peg.1835.site.2, 2, 126, 128
1339327.3.peg.1835.site.3, 1, 124, 125
1339327.3.peg.1835.site.4, 2, 127, 129
1339327.3.peg.1835.site.5, 1, 132, 133
1339327.3.peg.1835.site.6, 3, 130, 133
1339327.3.peg.1835.site.7, 0, 131, 131
1339327.3.peg.1835.site.8, 8, 134, 142
1339327.3.peg.4648.site.1, 8, 136, 144
1339327.3.peg.4648.site.2, 8, 137, 145
1339327.3.peg.4648.site.3, 15, 137, 152
1339327.3.peg.4648.site.4, 20, 137, 157
1339327.3.peg.4648.site.5, 4, 136, 140
1339327.3.peg.4648.site.6, 19, 134, 153
1339327.3.peg.4648.site.7, 16, 134, 150
1339327.3.peg.4648.site.8, 22, 129, 151
1339327.3.peg.4648.site.9, 5, 135, 140
1339327.3.peg.4648.site.10, 4, 135, 139
1339327.3.peg.4648.site.11, 5, 133, 138
1339327.3.peg.4648.site.12, 0, 135, 135
1339327.3.peg.4648.site.13, 11, 136, 147
1339327.3.peg.4648.site.14, 5, 136, 141
1339327.3.peg.4648.site.15, 1, 136, 137
1339327.3.peg.4648.site.16, 127, 137, 264
1339327.3.peg.4648.site.17, 52, 137, 189
1339327.3.peg.4648.site.18, 18, 136, 154
1339327.3.peg.4648.site.19, 7, 136, 143
1339327.3.peg.4648.site.20, 32, 137, 169
1339327.3.peg.4648.site.21, 6, 136, 142
1339327.3.peg.4648.site.22, 0, 136, 136
1339327.3.peg.1837.site.1, 22, 134, 156
1339327.3.peg.1837.site.2, 1, 136, 137
1339327.3.peg.1837.site.3, 22, 135, 157
1339327.3.peg.1837.site.4, 112, 135, 247
1339327.3.peg.1837.site.5, 101, 135, 236
1339327.3.peg.1837.site.6, 3, 134, 137
1339327.3.peg.1837.site.7, 0, 135, 135
1339327.3.peg.1837.site.8, 2, 136, 138
1339327.3.peg.1837.site.9, 0, 136, 136
1339327.3.peg.1837.site.10, 3, 136, 139
1339327.3.peg.1837.site.11, 20, 136, 156
1339327.3.peg.1837.site.12, 3, 136, 139
1339327.3.peg.1837.site.13, 2, 136, 138
1339327.3.peg.1836.site.1, 76, 132, 208
1339327.3.peg.1836.site.2, 0, 132, 132
1339327.3.peg.1836.site.3, 62, 134, 196
1339327.3.peg.1836.site.4, 0, 134, 134
1339327.3.peg.1836.site.5, 2, 132, 134
1339327.3.peg.1836.site.6, 2, 133, 135
1339327.3.peg.1836.site.7, 92, 135, 227
1339327.3.peg.1836.site.8, 1, 134, 135
1339327.3.peg.1836.site.9, 3, 136, 139
1339327.3.peg.1836.site.10, 5, 136, 141
1339327.3.peg.1836.site.11, 2, 135, 137
1339327.3.peg.1836.site.12, 7, 134, 141
1339327.3.peg.1836.site.13, 5, 131, 136
1339327.3.peg.1836.site.14, 0, 132, 132
1339327.3.peg.1836.site.15, 8, 135, 143
1339327.3.peg.1836.site.16, 7, 134, 141
1339327.3.peg.1836.site.17, 1, 135, 136
1339327.3.peg.1836.site.18, 5, 136, 141
1339327.3.peg.1836.site.19, 5, 136, 141
1339327.3.peg.1836.site.20, 7, 133, 140
1339327.3.peg.1836.site.21, 20, 135, 155
1339327.3.peg.1836.site.22, 2, 136, 138
1339327.3.peg.1836.site.23, 5, 135, 140
1339327.3.peg.1836.site.24, 0, 136, 136
1339327.3.peg.1836.site.25, 5, 135, 140
1339327.3.peg.1836.site.26, 1, 136, 137
1339327.3.peg.1836.site.27, 8, 135, 143
1339327.3.peg.1836.site.28, 77, 135, 212
1339327.3.peg.1836.site.29, 27, 135, 162
1339327.3.peg.1836.site.30, 0, 135, 135
1339327.3.peg.1836.site.31, 123, 133, 256
1339327.3.peg.1836.site.32, 0, 135, 135
1339327.3.peg.1836.site.33, 0, 136, 136
1339327.3.peg.1127.site.1, 1, 137, 138
1339327.3.peg.1127.site.2, 7, 135, 142
1339327.3.peg.1127.site.3, 9, 136, 145
1339327.3.peg.1127.site.4, 6, 135, 141
1339327.3.peg.1127.site.5, 2, 136, 138
1339327.3.peg.1127.site.6, 21, 136, 157
1339327.3.peg.1126.site.1, 8, 136, 144
1339327.3.peg.1126.site.2, 0, 137, 137
1339327.3.peg.1125.site.1, 1, 136, 137
1339327.3.peg.1125.site.2, 11, 136, 147
1339327.3.peg.1125.site.3, 1, 137, 138
1339327.3.peg.1125.site.4, 120, 136, 256
1339327.3.peg.1125.site.5, 0, 137, 137
1339327.3.peg.1125.site.6, 12, 136, 148
1339327.3.peg.1125.site.7, 107, 136, 243
1339327.3.peg.1125.site.8, 129, 137, 266
1339327.3.peg.1125.site.9, 45, 137, 182
1339327.3.peg.1125.site.10, 5, 137, 142
1339327.3.peg.1125.site.11, 2, 136, 138
1339327.3.peg.1125.site.12, 32, 136, 168
1339327.3.peg.1125.site.13, 125, 136, 261
1339327.3.peg.1125.site.14, 3, 137, 140
1339327.3.peg.1124.site.1, 0, 136, 136
1339327.3.peg.1124.site.2, 24, 134, 158
1339327.3.peg.1124.site.3, 0, 137, 137
1339327.3.peg.1123.site.1, 6, 137, 143
1339327.3.peg.1123.site.2, 0, 136, 136
1339327.3.peg.1123.site.3, 18, 137, 155
1339327.3.peg.1123.site.4, 3, 137, 140
1339327.3.peg.1123.site.5, 55, 136, 191
1339327.3.peg.1123.site.6, 0, 135, 135
1339327.3.peg.1123.site.7, 12, 136, 148
1339327.3.peg.1123.site.8, 18, 137, 155
1339327.3.peg.1123.site.9, 2, 134, 136
1339327.3.peg.1123.site.10, 104, 137, 241
1339327.3.peg.1123.site.11, 6, 137, 143
1339327.3.peg.1123.site.12, 27, 137, 164
1339327.3.peg.1123.site.13, 0, 136, 136
1339327.3.peg.1122.site.1, 9, 137, 146
1339327.3.peg.1122.site.2, 1, 134, 135
1339327.3.peg.1122.site.3, 2, 136, 138
1339327.3.peg.1122.site.4, 7, 137, 144
1339327.3.peg.1122.site.5, 6, 135, 141
1339327.3.peg.1122.site.6, 6, 136, 142
1339327.3.peg.1122.site.7, 130, 136, 266
1339327.3.peg.1122.site.8, 1, 134, 135
1339327.3.peg.1122.site.9, 3, 136, 139
1339327.3.peg.1122.site.10, 23, 136, 159
1339327.3.peg.1122.site.11, 13, 137, 150
1339327.3.peg.1122.site.12, 0, 137, 137
1339327.3.peg.1122.site.13, 5, 137, 142
1339327.3.peg.1122.site.14, 3, 136, 139
1339327.3.peg.1122.site.15, 46, 137, 183
1339327.3.peg.1122.site.16, 1, 136, 137
1339327.3.peg.1122.site.17, 44, 135, 179
1339327.3.peg.1122.site.18, 116, 134, 250
1339327.3.peg.1122.site.19, 90, 133, 223
1339327.3.peg.1122.site.20, 5, 135, 140
1339327.3.peg.1121.site.1, 6, 137, 143
1339327.3.peg.1121.site.2, 21, 137, 158
1339327.3.peg.1121.site.3, 11, 133, 144
1339327.3.peg.1121.site.4, 5, 136, 141
1339327.3.peg.1121.site.5, 109, 136, 245
1339327.3.peg.1121.site.6, 36, 136, 172
1339327.3.peg.1121.site.7, 8, 135, 143
1339327.3.peg.1121.site.8, 7, 136, 143
1339327.3.peg.1121.site.9, 22, 136, 158
1339327.3.peg.1121.site.10, 37, 137, 174
1339327.3.peg.1121.site.11, 7, 137, 144
1339327.3.peg.1121.site.12, 40, 136, 176
1339327.3.peg.1121.site.13, 4, 137, 141
1339327.3.peg.1121.site.14, 12, 136, 148
1339327.3.peg.1121.site.15, 3, 135, 138
1339327.3.peg.1121.site.16, 12, 136, 148
1339327.3.peg.1121.site.17, 4, 136, 140
1339327.3.peg.1120.site.1, 3, 137, 140
1339327.3.peg.1120.site.2, 0, 134, 134
1339327.3.peg.1120.site.3, 4, 135, 139
1339327.3.peg.1120.site.4, 16, 135, 151
1339327.3.peg.1120.site.5, 3, 133, 136
1339327.3.peg.1120.site.6, 5, 135, 140
1339327.3.peg.1120.site.7, 5, 136, 141
1339327.3.peg.1120.site.8, 25, 136, 161
1339327.3.peg.1120.site.9, 95, 137, 232
1339327.3.peg.1120.site.10, 9, 137, 146
1339327.3.peg.1120.site.11, 0, 136, 136
1339327.3.peg.1120.site.12, 0, 135, 135
1339327.3.peg.1120.site.13, 3, 137, 140
1339327.3.peg.1120.site.14, 31, 136, 167
1339327.3.peg.5112.site.1, 2, 137, 139
1339327.3.peg.5112.site.2, 13, 137, 150
1339327.3.peg.5112.site.3, 4, 134, 138
1339327.3.peg.5112.site.4, 21, 135, 156
1339327.3.peg.5112.site.5, 2, 115, 117
1339327.3.peg.5112.site.6, 1, 114, 115
1339327.3.peg.5112.site.7, 4, 117, 121
1339327.3.peg.5112.site.8, 7, 120, 127
1339327.3.peg.5112.site.9, 33, 133, 166
1339327.3.peg.5112.site.10, 1, 137, 138
1339327.3.peg.5112.site.11, 4, 136, 140
1339327.3.peg.5112.site.12, 3, 135, 138
1339327.3.peg.5112.site.13, 19, 136, 155
1339327.3.peg.5112.site.14, 3, 135, 138
1339327.3.peg.5112.site.15, 3, 135, 138
1339327.3.peg.5112.site.16, 16, 137, 153
1339327.3.peg.5112.site.17, 12, 136, 148
1339327.3.peg.5112.site.18, 3, 136, 139
1339327.3.peg.5112.site.19, 8, 137, 145
1339327.3.peg.5112.site.20, 2, 136, 138
1339327.3.peg.5112.site.21, 2, 137, 139
1339327.3.peg.5112.site.22, 2, 137, 139
1339327.3.peg.5112.site.23, 7, 137, 144
1339327.3.peg.5112.site.24, 2, 136, 138
1339327.3.peg.5112.site.25, 0, 136, 136
1339327.3.peg.5112.site.26, 1, 137, 138
1339327.3.peg.5112.site.27, 41, 136, 177
1339327.3.peg.5112.site.28, 2, 137, 139
1339327.3.peg.5113.site.1, 2, 136, 138
1339327.3.peg.5113.site.2, 2, 136, 138
1339327.3.peg.5113.site.3, 3, 135, 138
1339327.3.peg.5113.site.4, 0, 136, 136
1339327.3.peg.5113.site.5, 0, 135, 135
1339327.3.peg.5113.site.6, 3, 137, 140
1339327.3.peg.5113.site.7, 2, 137, 139
1339327.3.peg.5113.site.8, 0, 137, 137
1339327.3.peg.5113.site.9, 3, 136, 139
1339327.3.peg.5113.site.10, 6, 136, 142
1339327.3.peg.5113.site.11, 4, 136, 140
1339327.3.peg.5113.site.12, 0, 137, 137
1339327.3.peg.5110.site.1, 1, 136, 137
1339327.3.peg.5110.site.2, 1, 135, 136
1339327.3.peg.5110.site.3, 18, 136, 154
1339327.3.peg.5110.site.4, 53, 135, 188
1339327.3.peg.5110.site.5, 0, 132, 132
1339327.3.peg.5110.site.6, 0, 135, 135
1339327.3.peg.5110.site.7, 0, 133, 133
1339327.3.peg.5110.site.8, 18, 127, 145
1339327.3.peg.5110.site.9, 3, 134, 137
1339327.3.peg.5110.site.10, 6, 135, 141
1339327.3.peg.5110.site.11, 6, 135, 141
1339327.3.peg.5110.site.12, 2, 136, 138
1339327.3.peg.5110.site.13, 2, 136, 138
1339327.3.peg.5110.site.14, 5, 135, 140
1339327.3.peg.5110.site.15, 5, 136, 141
1339327.3.peg.5110.site.16, 5, 137, 142
1339327.3.peg.5110.site.17, 4, 137, 141
1339327.3.peg.5110.site.18, 8, 137, 145
1339327.3.peg.5110.site.19, 1, 137, 138
1339327.3.peg.5110.site.20, 22, 137, 159
1339327.3.peg.5110.site.21, 4, 135, 139
1339327.3.peg.5111.site.1, 4, 135, 139
1339327.3.peg.5111.site.2, 3, 134, 137
1339327.3.peg.5111.site.3, 1, 135, 136
1339327.3.peg.5111.site.4, 4, 136, 140
1339327.3.peg.5111.site.5, 1, 136, 137
1339327.3.peg.5111.site.6, 3, 137, 140
1339327.3.peg.5111.site.7, 2, 136, 138
1339327.3.peg.5111.site.8, 33, 137, 170
1339327.3.peg.5111.site.9, 3, 135, 138
1339327.3.peg.5116.site.1, 17, 135, 152
1339327.3.peg.5116.site.2, 2, 137, 139
1339327.3.peg.5117.site.1, 0, 136, 136
1339327.3.peg.5117.site.2, 65, 135, 200
1339327.3.peg.5117.site.3, 1, 135, 136
1339327.3.peg.5117.site.4, 19, 134, 153
1339327.3.peg.5117.site.5, 2, 134, 136
1339327.3.peg.5117.site.6, 2, 134, 136
1339327.3.peg.5117.site.7, 0, 135, 135
1339327.3.peg.5117.site.8, 6, 137, 143
1339327.3.peg.5117.site.9, 104, 137, 241
1339327.3.peg.5117.site.10, 83, 137, 220
1339327.3.peg.5117.site.11, 9, 137, 146
1339327.3.peg.5117.site.12, 2, 137, 139
1339327.3.peg.5117.site.13, 49, 137, 186
1339327.3.peg.5117.site.14, 10, 137, 147
1339327.3.peg.5117.site.15, 0, 135, 135
1339327.3.peg.5117.site.16, 12, 137, 149
1339327.3.peg.5117.site.17, 15, 137, 152
1339327.3.peg.5117.site.18, 4, 137, 141
1339327.3.peg.5117.site.19, 38, 137, 175
1339327.3.peg.5117.site.20, 5, 136, 141
1339327.3.peg.5117.site.21, 28, 136, 164
1339327.3.peg.5117.site.22, 5, 137, 142
1339327.3.peg.5117.site.23, 72, 136, 208
1339327.3.peg.5117.site.24, 0, 137, 137
1339327.3.peg.1129.site.1, 2, 135, 137
1339327.3.peg.1129.site.2, 17, 135, 152
1339327.3.peg.1129.site.3, 11, 137, 148
1339327.3.peg.1129.site.4, 12, 134, 146
1339327.3.peg.1129.site.5, 8, 134, 142
1339327.3.peg.1129.site.6, 9, 137, 146
1339327.3.peg.1128.site.1, 0, 135, 135
1339327.3.peg.1128.site.2, 3, 136, 139
1339327.3.peg.1128.site.3, 1, 137, 138
1339327.3.peg.1128.site.4, 36, 137, 173
1339327.3.peg.1128.site.5, 3, 136, 139
1339327.3.peg.1128.site.6, 4, 137, 141
1339327.3.peg.1128.site.7, 2, 137, 139
1339327.3.peg.1128.site.8, 3, 136, 139
1339327.3.peg.1128.site.9, 0, 137, 137
1339327.3.peg.1128.site.10, 59, 137, 196
1339327.3.peg.1128.site.11, 2, 137, 139
1339327.3.peg.1128.site.12, 1, 137, 138
1339327.3.peg.1128.site.13, 26, 137, 163
1339327.3.peg.1128.site.14, 58, 136, 194
1339327.3.peg.1128.site.15, 86, 135, 221
1339327.3.peg.1128.site.16, 3, 136, 139
1339327.3.peg.1128.site.17, 41, 137, 178
1339327.3.peg.1128.site.18, 69, 135, 204
1339327.3.peg.1128.site.19, 11, 137, 148
1339327.3.peg.1128.site.20, 3, 137, 140
1339327.3.peg.1128.site.21, 2, 135, 137
1339327.3.peg.1128.site.22, 0, 135, 135
1339327.3.peg.1128.site.23, 2, 136, 138
1339327.3.peg.1128.site.24, 2, 136, 138
1339327.3.peg.1128.site.25, 8, 135, 143
1339327.3.peg.1128.site.26, 0, 137, 137
1339327.3.peg.2908.site.1, 2, 134, 136
1339327.3.peg.2908.site.2, 3, 133, 136
1339327.3.peg.2908.site.3, 16, 133, 149
1339327.3.peg.2908.site.4, 4, 117, 121
1339327.3.peg.2908.site.5, 0, 118, 118
1339327.3.peg.2908.site.6, 3, 133, 136
1339327.3.peg.2900.site.1, 71, 129, 200
1339327.3.peg.2900.site.2, 2, 132, 134
1339327.3.peg.2900.site.3, 33, 134, 167
1339327.3.peg.2900.site.4, 2, 135, 137
1339327.3.peg.2900.site.5, 29, 134, 163
1339327.3.peg.2900.site.6, 36, 136, 172
1339327.3.peg.2900.site.7, 35, 136, 171
1339327.3.peg.2900.site.8, 36, 134, 170
1339327.3.peg.2900.site.9, 3, 135, 138
1339327.3.peg.2900.site.10, 39, 130, 169
1339327.3.peg.2900.site.11, 3, 132, 135
1339327.3.peg.2900.site.12, 4, 135, 139
1339327.3.peg.2900.site.13, 3, 132, 135
1339327.3.peg.2900.site.14, 10, 130, 140
1339327.3.peg.2900.site.15, 47, 131, 178
1339327.3.peg.2900.site.16, 35, 133, 168
1339327.3.peg.2900.site.17, 2, 134, 136
1339327.3.peg.2901.site.1, 3, 133, 136
1339327.3.peg.2901.site.2, 24, 133, 157
1339327.3.peg.2901.site.3, 5, 133, 138
1339327.3.peg.2901.site.4, 0, 136, 136
1339327.3.peg.2901.site.5, 27, 134, 161
1339327.3.peg.2901.site.6, 3, 137, 140
1339327.3.peg.2901.site.7, 48, 135, 183
1339327.3.peg.2901.site.8, 8, 136, 144
1339327.3.peg.2901.site.9, 20, 133, 153
1339327.3.peg.2901.site.10, 126, 134, 260
1339327.3.peg.2901.site.11, 130, 136, 266
1339327.3.peg.2901.site.12, 24, 136, 160
1339327.3.peg.2901.site.13, 11, 137, 148
1339327.3.peg.2901.site.14, 2, 137, 139
1339327.3.peg.2901.site.15, 2, 135, 137
1339327.3.peg.2901.site.16, 0, 134, 134
1339327.3.peg.2901.site.17, 6, 136, 142
1339327.3.peg.2901.site.18, 56, 134, 190
1339327.3.peg.2901.site.19, 27, 134, 161
1339327.3.peg.2901.site.20, 72, 136, 208
1339327.3.peg.2902.site.1, 23, 131, 154
1339327.3.peg.2902.site.2, 2, 134, 136
1339327.3.peg.2902.site.3, 4, 133, 137
1339327.3.peg.2902.site.4, 59, 135, 194
1339327.3.peg.2902.site.5, 20, 136, 156
1339327.3.peg.2902.site.6, 3, 135, 138
1339327.3.peg.2902.site.7, 3, 132, 135
1339327.3.peg.2903.site.1, 9, 135, 144
1339327.3.peg.2903.site.2, 35, 137, 172
1339327.3.peg.2903.site.3, 3, 137, 140
1339327.3.peg.2903.site.4, 0, 137, 137
1339327.3.peg.2903.site.5, 83, 132, 215
1339327.3.peg.2903.site.6, 6, 132, 138
1339327.3.peg.2903.site.7, 9, 134, 143
1339327.3.peg.2903.site.8, 6, 133, 139
1339327.3.peg.2904.site.1, 2, 133, 135
1339327.3.peg.2904.site.2, 3, 134, 137
1339327.3.peg.2904.site.3, 5, 134, 139
1339327.3.peg.2904.site.4, 28, 134, 162
1339327.3.peg.2904.site.5, 3, 135, 138
1339327.3.peg.2904.site.6, 0, 130, 130
1339327.3.peg.2904.site.7, 2, 129, 131
1339327.3.peg.2904.site.8, 0, 132, 132
1339327.3.peg.2904.site.9, 16, 134, 150
1339327.3.peg.2904.site.10, 5, 134, 139
1339327.3.peg.2904.site.11, 26, 134, 160
1339327.3.peg.2904.site.12, 2, 134, 136
1339327.3.peg.2904.site.13, 4, 131, 135
1339327.3.peg.2904.site.14, 2, 135, 137
1339327.3.peg.2904.site.15, 0, 134, 134
1339327.3.peg.2904.site.16, 6, 135, 141
1339327.3.peg.2904.site.17, 0, 135, 135
1339327.3.peg.2905.site.1, 0, 135, 135
1339327.3.peg.2905.site.2, 28, 137, 165
1339327.3.peg.2905.site.3, 5, 133, 138
1339327.3.peg.2905.site.4, 64, 134, 198
1339327.3.peg.2905.site.5, 0, 135, 135
1339327.3.peg.2905.site.6, 43, 135, 178
1339327.3.peg.2905.site.7, 29, 134, 163
1339327.3.peg.2905.site.8, 0, 137, 137
1339327.3.peg.2905.site.9, 5, 134, 139
1339327.3.peg.2905.site.10, 3, 135, 138
1339327.3.peg.2905.site.11, 126, 135, 261
1339327.3.peg.2905.site.12, 3, 136, 139
1339327.3.peg.2905.site.13, 34, 137, 171
1339327.3.peg.2905.site.14, 3, 137, 140
1339327.3.peg.2905.site.15, 0, 135, 135
1339327.3.peg.2905.site.16, 1, 136, 137
1339327.3.peg.2905.site.17, 0, 135, 135
1339327.3.peg.2905.site.18, 3, 133, 136
1339327.3.peg.2905.site.19, 2, 133, 135
1339327.3.peg.2905.site.20, 1, 137, 138
1339327.3.peg.2905.site.21, 0, 136, 136
1339327.3.peg.2905.site.22, 125, 131, 256
1339327.3.peg.2905.site.23, 3, 135, 138
1339327.3.peg.2906.site.1, 1, 135, 136
1339327.3.peg.2906.site.2, 37, 136, 173
1339327.3.peg.2906.site.3, 0, 135, 135
1339327.3.peg.2906.site.4, 5, 136, 141
1339327.3.peg.2906.site.5, 6, 135, 141
1339327.3.peg.2906.site.6, 17, 134, 151
1339327.3.peg.2906.site.7, 6, 135, 141
1339327.3.peg.2907.site.1, 13, 129, 142
1339327.3.peg.2907.site.2, 1, 129, 130
1339327.3.peg.2907.site.3, 1, 133, 134
1339327.3.peg.2907.site.4, 0, 136, 136
1339327.3.peg.2907.site.5, 12, 136, 148
1339327.3.peg.2907.site.6, 4, 136, 140
1339327.3.peg.2907.site.7, 0, 134, 134
1339327.3.peg.2907.site.8, 4, 132, 136
1339327.3.peg.2907.site.9, 33, 134, 167
1339327.3.peg.2907.site.10, 0, 132, 132
1339327.3.peg.2690.site.1, 3, 136, 139
1339327.3.peg.2690.site.2, 2, 136, 138
1339327.3.peg.2690.site.3, 1, 136, 137
1339327.3.peg.2690.site.4, 1, 134, 135
1339327.3.peg.2690.site.5, 0, 135, 135
1339327.3.peg.2690.site.6, 25, 136, 161
1339327.3.peg.2690.site.7, 35, 135, 170
1339327.3.peg.2690.site.8, 65, 136, 201
1339327.3.peg.2690.site.9, 8, 137, 145
1339327.3.peg.2690.site.10, 1, 134, 135
1339327.3.peg.2690.site.11, 3, 136, 139
1339327.3.peg.2690.site.12, 118, 134, 252
1339327.3.peg.2690.site.13, 0, 134, 134
1339327.3.peg.2690.site.14, 28, 131, 159
1339327.3.peg.2690.site.15, 0, 136, 136
1339327.3.peg.2690.site.16, 22, 135, 157
1339327.3.peg.2690.site.17, 17, 133, 150
1339327.3.peg.2690.site.18, 5, 136, 141
1339327.3.peg.2690.site.19, 2, 136, 138
1339327.3.peg.2690.site.20, 0, 137, 137
1339327.3.peg.2690.site.21, 53, 135, 188
1339327.3.peg.2690.site.22, 5, 132, 137
1339327.3.peg.2690.site.23, 20, 134, 154
1339327.3.peg.2690.site.24, 9, 132, 141
1339327.3.peg.2690.site.25, 31, 132, 163
1339327.3.peg.2690.site.26, 1, 132, 133
1339327.3.peg.2691.site.1, 1, 135, 136
1339327.3.peg.2691.site.2, 0, 134, 134
1339327.3.peg.2691.site.3, 3, 135, 138
1339327.3.peg.2691.site.4, 0, 134, 134
1339327.3.peg.2691.site.5, 0, 133, 133
1339327.3.peg.2691.site.6, 0, 135, 135
1339327.3.peg.1019.site.1, 87, 108, 195
1339327.3.peg.1019.site.2, 3, 136, 139
1339327.3.peg.1019.site.3, 4, 134, 138
1339327.3.peg.1019.site.4, 7, 136, 143
1339327.3.peg.1019.site.5, 56, 136, 192
1339327.3.peg.1019.site.6, 8, 134, 142
1339327.3.peg.1019.site.7, 1, 134, 135
1339327.3.peg.1019.site.8, 19, 136, 155
1339327.3.peg.1019.site.9, 12, 136, 148
1339327.3.peg.1019.site.10, 7, 137, 144
1339327.3.peg.1019.site.11, 3, 136, 139
1339327.3.peg.1019.site.12, 0, 137, 137
1339327.3.peg.1019.site.13, 0, 135, 135
1339327.3.peg.1019.site.14, 40, 134, 174
1339327.3.peg.1019.site.15, 9, 135, 144
1339327.3.peg.1019.site.16, 2, 136, 138
1339327.3.peg.1019.site.17, 0, 136, 136
1339327.3.peg.1019.site.18, 11, 136, 147
1339327.3.peg.1019.site.19, 32, 137, 169
1339327.3.peg.1019.site.20, 10, 137, 147
1339327.3.peg.1019.site.21, 0, 135, 135
1339327.3.peg.2693.site.1, 3, 137, 140
1339327.3.peg.2693.site.2, 35, 134, 169
1339327.3.peg.2693.site.3, 58, 134, 192
1339327.3.peg.2693.site.4, 7, 136, 143
1339327.3.peg.2693.site.5, 3, 135, 138
1339327.3.peg.2693.site.6, 24, 137, 161
1339327.3.peg.2693.site.7, 1, 136, 137
1339327.3.peg.2693.site.8, 0, 135, 135
1339327.3.peg.2693.site.9, 0, 136, 136
1339327.3.peg.2693.site.10, 2, 137, 139
1339327.3.peg.2693.site.11, 3, 137, 140
1339327.3.peg.4515.site.1, 0, 137, 137
1339327.3.peg.4515.site.2, 2, 136, 138
1339327.3.peg.4515.site.3, 13, 137, 150
1339327.3.peg.4515.site.4, 3, 137, 140
1339327.3.peg.4515.site.5, 3, 137, 140
1339327.3.peg.4515.site.6, 1, 135, 136
1339327.3.peg.4515.site.7, 63, 135, 198
1339327.3.peg.4515.site.8, 83, 137, 220
1339327.3.peg.4515.site.9, 57, 137, 194
1339327.3.peg.4515.site.10, 0, 136, 136
1339327.3.peg.4515.site.11, 21, 135, 156
1339327.3.peg.4515.site.12, 4, 134, 138
1339327.3.peg.4515.site.13, 1, 136, 137
1339327.3.peg.4515.site.14, 13, 137, 150
1339327.3.peg.4515.site.15, 11, 136, 147
1339327.3.peg.4515.site.16, 124, 137, 261
1339327.3.peg.4515.site.17, 38, 137, 175
1339327.3.peg.4515.site.18, 3, 136, 139
1339327.3.peg.2695.site.1, 10, 136, 146
1339327.3.peg.2695.site.2, 1, 136, 137
1339327.3.peg.2695.site.3, 16, 118, 134
1339327.3.peg.4517.site.1, 0, 136, 136
1339327.3.peg.4517.site.2, 2, 137, 139
1339327.3.peg.4517.site.3, 0, 136, 136
1339327.3.peg.4517.site.4, 0, 136, 136
1339327.3.peg.4517.site.5, 2, 137, 139
1339327.3.peg.4517.site.6, 0, 135, 135
1339327.3.peg.4517.site.7, 4, 133, 137
1339327.3.peg.4517.site.8, 13, 136, 149
1339327.3.peg.4517.site.9, 22, 137, 159
1339327.3.peg.2697.site.1, 12, 137, 149
1339327.3.peg.2697.site.2, 8, 137, 145
1339327.3.peg.2697.site.3, 13, 137, 150
1339327.3.peg.2697.site.4, 20, 136, 156
1339327.3.peg.2697.site.5, 39, 136, 175
1339327.3.peg.2697.site.6, 4, 133, 137
1339327.3.peg.2697.site.7, 0, 135, 135
1339327.3.peg.2697.site.8, 3, 135, 138
1339327.3.peg.2697.site.9, 15, 135, 150
1339327.3.peg.2697.site.10, 3, 134, 137
1339327.3.peg.2697.site.11, 23, 136, 159
1339327.3.peg.2698.site.1, 5, 136, 141
1339327.3.peg.2698.site.2, 7, 132, 139
1339327.3.peg.2698.site.3, 1, 124, 125
1339327.3.peg.2698.site.4, 32, 135, 167
1339327.3.peg.2698.site.5, 5, 134, 139
1339327.3.peg.2698.site.6, 6, 117, 123
1339327.3.peg.2698.site.7, 1, 137, 138
1339327.3.peg.2698.site.8, 2, 137, 139
1339327.3.peg.2698.site.9, 2, 133, 135
1339327.3.peg.2698.site.10, 1, 133, 134
1339327.3.peg.2698.site.11, 3, 134, 137
1339327.3.peg.2698.site.12, 2, 125, 127
1339327.3.peg.2698.site.13, 10, 123, 133
1339327.3.peg.2699.site.1, 3, 134, 137
1339327.3.peg.2699.site.2, 4, 135, 139
1339327.3.peg.2699.site.3, 4, 137, 141
1339327.3.peg.2699.site.4, 4, 134, 138
1339327.3.peg.2699.site.5, 0, 132, 132
1339327.3.peg.2699.site.6, 3, 132, 135
1339327.3.peg.2699.site.7, 2, 133, 135
1339327.3.peg.2699.site.8, 1, 133, 134
1339327.3.peg.2699.site.9, 12, 129, 141
1339327.3.peg.2699.site.10, 8, 126, 134
1339327.3.peg.2699.site.11, 24, 99, 123
1339327.3.peg.2699.site.12, 76, 110, 186
1339327.3.peg.2699.site.13, 20, 135, 155
1339327.3.peg.2699.site.14, 54, 135, 189
1339327.3.peg.2699.site.15, 1, 136, 137
1339327.3.peg.2699.site.16, 30, 133, 163
1339327.3.peg.2699.site.17, 111, 111, 222
1339327.3.peg.2699.site.18, 114, 117, 231
1339327.3.peg.2699.site.19, 8, 124, 132
1339327.3.peg.2699.site.20, 0, 132, 132
1339327.3.peg.2699.site.21, 3, 134, 137
1339327.3.peg.2699.site.22, 1, 125, 126
1339327.3.peg.2699.site.23, 114, 136, 250
1339327.3.peg.2699.site.24, 1, 134, 135
1339327.3.peg.2699.site.25, 0, 135, 135
1339327.3.peg.2699.site.26, 0, 134, 134
1339327.3.peg.5024.site.1, 6, 136, 142
1339327.3.peg.5024.site.2, 1, 137, 138
1339327.3.peg.5024.site.3, 0, 136, 136
1339327.3.peg.5024.site.4, 11, 137, 148
1339327.3.peg.5024.site.5, 7, 137, 144
1339327.3.peg.5024.site.6, 2, 137, 139
1339327.3.peg.5024.site.7, 3, 137, 140
1339327.3.peg.5024.site.8, 7, 136, 143
1339327.3.peg.5024.site.9, 3, 137, 140
1339327.3.peg.5024.site.10, 11, 136, 147
1339327.3.peg.5024.site.11, 1, 135, 136
1339327.3.peg.5024.site.12, 129, 135, 264
1339327.3.peg.5024.site.13, 7, 135, 142
1339327.3.peg.5024.site.14, 2, 136, 138
1339327.3.peg.5024.site.15, 130, 136, 266
1339327.3.peg.5024.site.16, 0, 136, 136
1339327.3.peg.5024.site.17, 13, 136, 149
1339327.3.peg.5024.site.18, 1, 137, 138
1339327.3.peg.5024.site.19, 1, 137, 138
1339327.3.peg.5024.site.20, 16, 137, 153
1339327.3.peg.5024.site.21, 45, 137, 182
1339327.3.peg.5024.site.22, 11, 134, 145
1339327.3.peg.5024.site.23, 1, 135, 136
1339327.3.peg.5024.site.24, 6, 132, 138
1339327.3.peg.5024.site.25, 2, 137, 139
1339327.3.peg.5024.site.26, 2, 137, 139
1339327.3.peg.5024.site.27, 0, 136, 136
1339327.3.peg.5024.site.28, 0, 137, 137
1339327.3.peg.5024.site.29, 3, 136, 139
1339327.3.peg.5025.site.1, 0, 132, 132
1339327.3.peg.5025.site.2, 0, 134, 134
1339327.3.peg.5025.site.3, 8, 135, 143
1339327.3.peg.5025.site.4, 44, 134, 178
1339327.3.peg.5025.site.5, 1, 134, 135
1339327.3.peg.5025.site.6, 20, 135, 155
1339327.3.peg.5016.site.1, 123, 137, 260
1339327.3.peg.5016.site.2, 8, 137, 145
1339327.3.peg.5016.site.3, 4, 137, 141
1339327.3.peg.5016.site.4, 9, 137, 146
1339327.3.peg.5016.site.5, 1, 136, 137
1339327.3.peg.5016.site.6, 2, 136, 138
1339327.3.peg.5016.site.7, 0, 135, 135
1339327.3.peg.5016.site.8, 3, 135, 138
1339327.3.peg.5016.site.9, 26, 136, 162
1339327.3.peg.5016.site.10, 130, 137, 267
1339327.3.peg.5016.site.11, 5, 133, 138
1339327.3.peg.5023.site.1, 0, 136, 136
1339327.3.peg.5023.site.2, 3, 132, 135
1339327.3.peg.5023.site.3, 5, 130, 135
1339327.3.peg.5023.site.4, 12, 135, 147
1339327.3.peg.5023.site.5, 21, 134, 155
1339327.3.peg.5023.site.6, 0, 135, 135
1339327.3.peg.5023.site.7, 0, 135, 135
1339327.3.peg.5023.site.8, 5, 135, 140
1339327.3.peg.5023.site.9, 5, 135, 140
1339327.3.peg.5023.site.10, 0, 134, 134
1339327.3.peg.5023.site.11, 2, 135, 137
1339327.3.peg.5023.site.12, 59, 136, 195
1339327.3.peg.5023.site.13, 1, 137, 138
1339327.3.peg.5023.site.14, 0, 137, 137
1339327.3.peg.5023.site.15, 10, 136, 146
1339327.3.peg.5023.site.16, 3, 136, 139
1339327.3.peg.5023.site.17, 128, 137, 265
1339327.3.peg.5023.site.18, 1, 137, 138
1339327.3.peg.5023.site.19, 82, 136, 218
1339327.3.peg.5023.site.20, 11, 137, 148
1339327.3.peg.5023.site.21, 4, 137, 141
1339327.3.peg.5023.site.22, 74, 136, 210
1339327.3.peg.5023.site.23, 10, 137, 147
1339327.3.peg.5023.site.24, 16, 137, 153
1339327.3.peg.5023.site.25, 0, 136, 136
1339327.3.peg.5023.site.26, 8, 137, 145
1339327.3.peg.5023.site.27, 3, 137, 140
1339327.3.peg.5023.site.28, 14, 137, 151
1339327.3.peg.5023.site.29, 5, 137, 142
1339327.3.peg.5023.site.30, 25, 137, 162
1339327.3.peg.5023.site.31, 1, 137, 138
1339327.3.peg.5023.site.32, 9, 137, 146
1339327.3.peg.5023.site.33, 55, 137, 192
1339327.3.peg.5023.site.34, 2, 137, 139
1339327.3.peg.5023.site.35, 2, 137, 139
1339327.3.peg.5023.site.36, 82, 137, 219
1339327.3.peg.5023.site.37, 3, 135, 138
1339327.3.peg.5023.site.38, 3, 136, 139
1339327.3.peg.5023.site.39, 6, 134, 140
1339327.3.peg.5023.site.40, 4, 137, 141
1339327.3.peg.4858.site.1, 0, 135, 135
1339327.3.peg.4858.site.2, 2, 134, 136
1339327.3.peg.4858.site.3, 71, 135, 206
1339327.3.peg.4858.site.4, 26, 135, 161
1339327.3.peg.4858.site.5, 3, 134, 137
1339327.3.peg.4858.site.6, 3, 134, 137
1339327.3.peg.4858.site.7, 4, 132, 136
1339327.3.peg.4858.site.8, 0, 136, 136
1339327.3.peg.4858.site.9, 2, 133, 135
1339327.3.peg.4858.site.10, 2, 135, 137
1339327.3.peg.4858.site.11, 0, 134, 134
1339327.3.peg.4858.site.12, 3, 134, 137
1339327.3.peg.4858.site.13, 0, 129, 129
1339327.3.peg.4858.site.14, 30, 132, 162
1339327.3.peg.4858.site.15, 21, 137, 158
1339327.3.peg.4858.site.16, 0, 136, 136
1339327.3.peg.4858.site.17, 0, 136, 136
1339327.3.peg.4858.site.18, 5, 137, 142
1339327.3.peg.4858.site.19, 3, 137, 140
1339327.3.peg.4858.site.20, 0, 137, 137
1339327.3.peg.4858.site.21, 91, 137, 228
1339327.3.peg.4858.site.22, 1, 136, 137
1339327.3.peg.4858.site.23, 7, 135, 142
1339327.3.peg.4858.site.24, 27, 136, 163
1339327.3.peg.4858.site.25, 23, 134, 157
1339327.3.peg.4858.site.26, 2, 135, 137
1339327.3.peg.4858.site.27, 5, 124, 129
1339327.3.peg.4858.site.28, 6, 125, 131
1339327.3.peg.4858.site.29, 108, 125, 233
1339327.3.peg.4858.site.30, 0, 124, 124
1339327.3.peg.4858.site.31, 3, 131, 134
1339327.3.peg.4858.site.32, 32, 131, 163
1339327.3.peg.4858.site.33, 0, 128, 128
1339327.3.peg.4858.site.34, 0, 131, 131
1339327.3.peg.4858.site.35, 15, 134, 149
1339327.3.peg.2056.site.1, 0, 124, 124
1339327.3.peg.2056.site.2, 5, 124, 129
1339327.3.peg.2056.site.3, 1, 125, 126
1339327.3.peg.2056.site.4, 3, 125, 128
1339327.3.peg.2057.site.1, 2, 135, 137
1339327.3.peg.2057.site.2, 7, 133, 140
1339327.3.peg.2057.site.3, 1, 136, 137
1339327.3.peg.2057.site.4, 6, 137, 143
1339327.3.peg.2057.site.5, 11, 136, 147
1339327.3.peg.2057.site.6, 60, 134, 194
1339327.3.peg.2057.site.7, 42, 137, 179
1339327.3.peg.2057.site.8, 3, 136, 139
1339327.3.peg.2057.site.9, 0, 135, 135
1339327.3.peg.2057.site.10, 53, 134, 187
1339327.3.peg.2057.site.11, 16, 134, 150
1339327.3.peg.2057.site.12, 30, 135, 165
1339327.3.peg.2057.site.13, 30, 134, 164
1339327.3.peg.2057.site.14, 32, 134, 166
1339327.3.peg.2054.site.1, 0, 119, 119
1339327.3.peg.2054.site.2, 20, 121, 141
1339327.3.peg.2054.site.3, 35, 122, 157
1339327.3.peg.2054.site.4, 0, 122, 122
1339327.3.peg.2054.site.5, 0, 122, 122
1339327.3.peg.2054.site.6, 51, 122, 173
1339327.3.peg.2054.site.7, 13, 122, 135
1339327.3.peg.2054.site.8, 0, 121, 121
1339327.3.peg.2054.site.9, 64, 122, 186
1339327.3.peg.2054.site.10, 64, 122, 186
1339327.3.peg.2054.site.11, 90, 120, 210
1339327.3.peg.2054.site.12, 0, 124, 124
1339327.3.peg.2054.site.13, 5, 123, 128
1339327.3.peg.2054.site.14, 91, 121, 212
1339327.3.peg.2054.site.15, 1, 120, 121
1339327.3.peg.2054.site.16, 85, 124, 209
1339327.3.peg.2054.site.17, 0, 122, 122
1339327.3.peg.2054.site.18, 1, 123, 124
1339327.3.peg.2054.site.19, 10, 123, 133
1339327.3.peg.2054.site.20, 5, 124, 129
1339327.3.peg.2054.site.21, 41, 124, 165
1339327.3.peg.2052.site.1, 7, 120, 127
1339327.3.peg.2052.site.2, 0, 120, 120
1339327.3.peg.2052.site.3, 14, 118, 132
1339327.3.peg.2052.site.4, 3, 117, 120
1339327.3.peg.2052.site.5, 0, 118, 118
1339327.3.peg.2052.site.6, 3, 118, 121
1339327.3.peg.2052.site.7, 6, 123, 129
1339327.3.peg.2052.site.8, 9, 123, 132
1339327.3.peg.2052.site.9, 7, 123, 130
1339327.3.peg.2052.site.10, 3, 122, 125
1339327.3.peg.2052.site.11, 8, 122, 130
1339327.3.peg.2052.site.12, 8, 122, 130
1339327.3.peg.2052.site.13, 10, 124, 134
1339327.3.peg.2052.site.14, 0, 123, 123
1339327.3.peg.2052.site.15, 0, 119, 119
1339327.3.peg.2052.site.16, 2, 117, 119
1339327.3.peg.2052.site.17, 12, 119, 131
1339327.3.peg.2052.site.18, 7, 121, 128
1339327.3.peg.2052.site.19, 14, 122, 136
1339327.3.peg.2052.site.20, 11, 118, 129
1339327.3.peg.2052.site.21, 7, 113, 120
1339327.3.peg.2052.site.22, 9, 108, 117
1339327.3.peg.2052.site.23, 9, 109, 118
1339327.3.peg.2052.site.24, 8, 123, 131
1339327.3.peg.2052.site.25, 29, 124, 153
1339327.3.peg.2052.site.26, 5, 124, 129
1339327.3.peg.2052.site.27, 10, 124, 134
1339327.3.peg.2052.site.28, 21, 122, 143
1339327.3.peg.2052.site.29, 19, 122, 141
1339327.3.peg.2052.site.30, 0, 123, 123
1339327.3.peg.2052.site.31, 13, 124, 137
1339327.3.peg.2052.site.32, 14, 122, 136
1339327.3.peg.2052.site.33, 14, 121, 135
1339327.3.peg.2052.site.34, 54, 119, 173
1339327.3.peg.2052.site.35, 5, 118, 123
1339327.3.peg.2052.site.36, 4, 123, 127
1339327.3.peg.2052.site.37, 26, 110, 136
1339327.3.peg.2052.site.38, 46, 107, 153
1339327.3.peg.2052.site.39, 21, 99, 120
1339327.3.peg.2053.site.1, 96, 121, 217
1339327.3.peg.2053.site.2, 39, 119, 158
1339327.3.peg.2053.site.3, 5, 111, 116
1339327.3.peg.2053.site.4, 38, 110, 148
1339327.3.peg.2053.site.5, 33, 117, 150
1339327.3.peg.2053.site.6, 30, 115, 145
1339327.3.peg.2053.site.7, 2, 119, 121
1339327.3.peg.2051.site.1, 4, 118, 122
1339327.3.peg.2051.site.2, 0, 118, 118
1339327.3.peg.2051.site.3, 10, 118, 128
1339327.3.peg.2051.site.4, 74, 115, 189
1339327.3.peg.2051.site.5, 1, 119, 120
1339327.3.peg.2051.site.6, 62, 119, 181
1339327.3.peg.2051.site.7, 17, 122, 139
1339327.3.peg.2051.site.8, 7, 123, 130
1339327.3.peg.2051.site.9, 22, 124, 146
1339327.3.peg.2051.site.10, 3, 122, 125
1339327.3.peg.2051.site.11, 3, 123, 126
1339327.3.peg.2051.site.12, 7, 120, 127
1339327.3.peg.2051.site.13, 7, 123, 130
1339327.3.peg.2051.site.14, 22, 123, 145
1339327.3.peg.2051.site.15, 15, 121, 136
1339327.3.peg.2051.site.16, 4, 124, 128
1339327.3.peg.2051.site.17, 5, 124, 129
1339327.3.peg.2051.site.18, 2, 124, 126
1339327.3.peg.2051.site.19, 13, 124, 137
1339327.3.peg.2051.site.20, 0, 123, 123
1339327.3.peg.2051.site.21, 96, 124, 220
1339327.3.peg.2051.site.22, 3, 123, 126
1339327.3.peg.2051.site.23, 27, 123, 150
1339327.3.peg.2051.site.24, 2, 123, 125
1339327.3.peg.2051.site.25, 2, 123, 125
1339327.3.peg.2051.site.26, 5, 123, 128
1339327.3.peg.2051.site.27, 29, 119, 148
1339327.3.peg.2051.site.28, 51, 120, 171
1339327.3.peg.2051.site.29, 57, 121, 178
1339327.3.peg.2051.site.30, 4, 122, 126
1339327.3.peg.2051.site.31, 4, 121, 125
1339327.3.peg.2051.site.32, 5, 122, 127
1339327.3.peg.2051.site.33, 5, 122, 127
1339327.3.peg.2051.site.34, 9, 124, 133
1339327.3.peg.2051.site.35, 104, 124, 228
1339327.3.peg.2051.site.36, 5, 123, 128
1339327.3.peg.2051.site.37, 16, 120, 136
1339327.3.peg.2051.site.38, 22, 121, 143
1339327.3.peg.2051.site.39, 5, 123, 128
1339327.3.peg.2051.site.40, 5, 124, 129
1339327.3.peg.2051.site.41, 22, 124, 146
1339327.3.peg.2051.site.42, 5, 123, 128
1339327.3.peg.2051.site.43, 3, 123, 126
1339327.3.peg.2051.site.44, 4, 123, 127
1339327.3.peg.2051.site.45, 4, 124, 128
1339327.3.peg.2051.site.46, 5, 123, 128
1339327.3.peg.2051.site.47, 2, 123, 125
1339327.3.peg.2051.site.48, 2, 122, 124
1339327.3.peg.2051.site.49, 1, 120, 121
1339327.3.peg.2051.site.50, 1, 121, 122
1339327.3.peg.2051.site.51, 1, 120, 121
1339327.3.peg.2051.site.52, 6, 123, 129
1339327.3.peg.2051.site.53, 3, 123, 126
1339327.3.peg.2051.site.54, 3, 123, 126
1339327.3.peg.2051.site.55, 9, 123, 132
1339327.3.peg.2051.site.56, 0, 123, 123
1339327.3.peg.2051.site.57, 8, 124, 132
1339327.3.peg.2051.site.58, 9, 122, 131
1339327.3.peg.3501.site.1, 9, 131, 140
1339327.3.peg.3501.site.2, 18, 131, 149
1339327.3.peg.3501.site.3, 1, 129, 130
1339327.3.peg.3501.site.4, 0, 126, 126
1339327.3.peg.3501.site.5, 8, 128, 136
1339327.3.peg.3501.site.6, 7, 128, 135
1339327.3.peg.3501.site.7, 9, 133, 142
1339327.3.peg.3501.site.8, 0, 127, 127
1339327.3.peg.3501.site.9, 10, 126, 136
1339327.3.peg.3501.site.10, 7, 127, 134
1339327.3.peg.3501.site.11, 1, 131, 132
1339327.3.peg.3501.site.12, 6, 130, 136
1339327.3.peg.3501.site.13, 16, 128, 144
1339327.3.peg.2059.site.1, 1, 135, 136
1339327.3.peg.2059.site.2, 2, 137, 139
1339327.3.peg.2059.site.3, 16, 136, 152
1339327.3.peg.2059.site.4, 7, 136, 143
1339327.3.peg.2059.site.5, 1, 134, 135
1339327.3.peg.2059.site.6, 78, 137, 215
1339327.3.peg.2059.site.7, 3, 136, 139
1339327.3.peg.2059.site.8, 2, 137, 139
1339327.3.peg.2059.site.9, 28, 136, 164
1339327.3.peg.2059.site.10, 5, 137, 142
1339327.3.peg.2059.site.11, 10, 135, 145
1339327.3.peg.4252.site.1, 6, 135, 141
1339327.3.peg.4252.site.2, 1, 135, 136
1339327.3.peg.4252.site.3, 10, 134, 144
1339327.3.peg.4252.site.4, 1, 136, 137
1339327.3.peg.4252.site.5, 11, 137, 148
1339327.3.peg.4252.site.6, 11, 137, 148
1339327.3.peg.4252.site.7, 2, 137, 139
1339327.3.peg.4252.site.8, 71, 137, 208
1339327.3.peg.4252.site.9, 1, 136, 137
1339327.3.peg.4252.site.10, 3, 136, 139
1339327.3.peg.4252.site.11, 1, 137, 138
1339327.3.peg.4252.site.12, 8, 136, 144
1339327.3.peg.4252.site.13, 1, 135, 136
1339327.3.peg.4252.site.14, 70, 137, 207
1339327.3.peg.4252.site.15, 1, 137, 138
1339327.3.peg.4252.site.16, 15, 136, 151
1339327.3.peg.4252.site.17, 2, 134, 136
1339327.3.peg.4252.site.18, 9, 137, 146
1339327.3.peg.4252.site.19, 2, 136, 138
1339327.3.peg.4252.site.20, 97, 134, 231
1339327.3.peg.4252.site.21, 0, 135, 135
1339327.3.peg.4252.site.22, 45, 136, 181
1339327.3.peg.4252.site.23, 2, 136, 138
1339327.3.peg.4252.site.24, 87, 136, 223
1339327.3.peg.4252.site.25, 3, 137, 140
1339327.3.peg.4252.site.26, 0, 134, 134
1339327.3.peg.5015.site.1, 1, 137, 138
1339327.3.peg.5015.site.2, 128, 134, 262
1339327.3.peg.5015.site.3, 4, 117, 121
1339327.3.peg.5015.site.4, 23, 131, 154
1339327.3.peg.5015.site.5, 0, 134, 134
1339327.3.peg.5015.site.6, 4, 131, 135
1339327.3.peg.5015.site.7, 15, 137, 152
1339327.3.peg.5015.site.8, 12, 137, 149
1339327.3.peg.5015.site.9, 76, 137, 213
1339327.3.peg.5015.site.10, 81, 135, 216
1339327.3.peg.5015.site.11, 84, 137, 221
1339327.3.peg.5015.site.12, 5, 132, 137
1339327.3.peg.5015.site.13, 6, 132, 138
1339327.3.peg.5015.site.14, 113, 134, 247
1339327.3.peg.5015.site.15, 1, 134, 135
1339327.3.peg.5015.site.16, 92, 135, 227
1339327.3.peg.5015.site.17, 12, 137, 149
1339327.3.peg.4319.site.1, 101, 136, 237
1339327.3.peg.4319.site.2, 5, 137, 142
1339327.3.peg.4319.site.3, 14, 135, 149
1339327.3.peg.4319.site.4, 22, 135, 157
1339327.3.peg.4319.site.5, 75, 136, 211
1339327.3.peg.4319.site.6, 113, 133, 246
1339327.3.peg.4319.site.7, 1, 132, 133
1339327.3.peg.4319.site.8, 42, 133, 175
1339327.3.peg.4319.site.9, 33, 133, 166
1339327.3.peg.4319.site.10, 0, 133, 133
1339327.3.peg.4319.site.11, 27, 134, 161
1339327.3.peg.4251.site.1, 0, 133, 133
1339327.3.peg.4251.site.2, 1, 137, 138
1339327.3.peg.769.site.1, 8, 135, 143
1339327.3.peg.769.site.2, 65, 135, 200
1339327.3.peg.769.site.3, 12, 136, 148
1339327.3.peg.769.site.4, 81, 135, 216
1339327.3.peg.769.site.5, 3, 136, 139
1339327.3.peg.769.site.6, 3, 135, 138
1339327.3.peg.769.site.7, 1, 134, 135
1339327.3.peg.769.site.8, 3, 133, 136
1339327.3.peg.769.site.9, 0, 137, 137
1339327.3.peg.768.site.1, 2, 136, 138
1339327.3.peg.768.site.2, 2, 137, 139
1339327.3.peg.768.site.3, 16, 137, 153
1339327.3.peg.768.site.4, 66, 137, 203
1339327.3.peg.768.site.5, 131, 137, 268
1339327.3.peg.768.site.6, 7, 136, 143
1339327.3.peg.768.site.7, 11, 137, 148
1339327.3.peg.768.site.8, 1, 136, 137
1339327.3.peg.768.site.9, 13, 137, 150
1339327.3.peg.768.site.10, 5, 136, 141
1339327.3.peg.768.site.11, 4, 136, 140
1339327.3.peg.768.site.12, 15, 137, 152
1339327.3.peg.768.site.13, 2, 136, 138
1339327.3.peg.768.site.14, 5, 136, 141
1339327.3.peg.768.site.15, 3, 136, 139
1339327.3.peg.768.site.16, 35, 136, 171
1339327.3.peg.768.site.17, 1, 135, 136
1339327.3.peg.768.site.18, 128, 137, 265
1339327.3.peg.768.site.19, 3, 137, 140
1339327.3.peg.767.site.1, 68, 134, 202
1339327.3.peg.767.site.2, 2, 136, 138
1339327.3.peg.767.site.3, 1, 137, 138
1339327.3.peg.767.site.4, 9, 137, 146
1339327.3.peg.767.site.5, 2, 134, 136
1339327.3.peg.767.site.6, 0, 135, 135
1339327.3.peg.767.site.7, 6, 137, 143
1339327.3.peg.767.site.8, 6, 136, 142
1339327.3.peg.767.site.9, 1, 137, 138
1339327.3.peg.767.site.10, 2, 136, 138
1339327.3.peg.767.site.11, 43, 137, 180
1339327.3.peg.767.site.12, 1, 137, 138
1339327.3.peg.767.site.13, 13, 135, 148
1339327.3.peg.767.site.14, 3, 136, 139
1339327.3.peg.767.site.15, 0, 137, 137
1339327.3.peg.767.site.16, 51, 136, 187
1339327.3.peg.767.site.17, 2, 131, 133
1339327.3.peg.767.site.18, 5, 135, 140
1339327.3.peg.767.site.19, 3, 136, 139
1339327.3.peg.767.site.20, 8, 136, 144
1339327.3.peg.767.site.21, 0, 137, 137
1339327.3.peg.767.site.22, 1, 136, 137
1339327.3.peg.767.site.23, 9, 135, 144
1339327.3.peg.767.site.24, 4, 136, 140
1339327.3.peg.767.site.25, 10, 137, 147
1339327.3.peg.767.site.26, 0, 135, 135
1339327.3.peg.767.site.27, 4, 137, 141
1339327.3.peg.767.site.28, 13, 137, 150
1339327.3.peg.766.site.1, 3, 135, 138
1339327.3.peg.766.site.2, 4, 136, 140
1339327.3.peg.766.site.3, 1, 136, 137
1339327.3.peg.766.site.4, 3, 137, 140
1339327.3.peg.766.site.5, 9, 135, 144
1339327.3.peg.766.site.6, 2, 135, 137
1339327.3.peg.766.site.7, 4, 135, 139
1339327.3.peg.766.site.8, 29, 136, 165
1339327.3.peg.766.site.9, 1, 136, 137
1339327.3.peg.766.site.10, 4, 137, 141
1339327.3.peg.766.site.11, 2, 137, 139
1339327.3.peg.766.site.12, 89, 137, 226
1339327.3.peg.766.site.13, 131, 137, 268
1339327.3.peg.766.site.14, 3, 137, 140
1339327.3.peg.766.site.15, 1, 136, 137
1339327.3.peg.765.site.1, 11, 136, 147
1339327.3.peg.765.site.2, 1, 137, 138
1339327.3.peg.765.site.3, 7, 135, 142
1339327.3.peg.765.site.4, 19, 131, 150
1339327.3.peg.765.site.5, 3, 137, 140
1339327.3.peg.765.site.6, 2, 136, 138
1339327.3.peg.765.site.7, 0, 135, 135
1339327.3.peg.765.site.8, 3, 136, 139
1339327.3.peg.765.site.9, 5, 136, 141
1339327.3.peg.765.site.10, 9, 135, 144
1339327.3.peg.765.site.11, 128, 136, 264
1339327.3.peg.765.site.12, 1, 136, 137
1339327.3.peg.765.site.13, 29, 135, 164
1339327.3.peg.764.site.1, 91, 135, 226
1339327.3.peg.764.site.2, 12, 137, 149
1339327.3.peg.764.site.3, 34, 137, 171
1339327.3.peg.764.site.4, 5, 136, 141
1339327.3.peg.764.site.5, 4, 136, 140
1339327.3.peg.764.site.6, 6, 136, 142
1339327.3.peg.763.site.1, 6, 136, 142
1339327.3.peg.763.site.2, 1, 137, 138
1339327.3.peg.763.site.3, 1, 137, 138
1339327.3.peg.763.site.4, 2, 137, 139
1339327.3.peg.763.site.5, 18, 136, 154
1339327.3.peg.763.site.6, 3, 137, 140
1339327.3.peg.763.site.7, 2, 137, 139
1339327.3.peg.763.site.8, 5, 137, 142
1339327.3.peg.763.site.9, 0, 135, 135
1339327.3.peg.763.site.10, 4, 137, 141
1339327.3.peg.763.site.11, 0, 136, 136
1339327.3.peg.762.site.1, 14, 136, 150
1339327.3.peg.762.site.2, 1, 135, 136
1339327.3.peg.762.site.3, 3, 135, 138
1339327.3.peg.762.site.4, 10, 124, 134
1339327.3.peg.762.site.5, 113, 113, 226
1339327.3.peg.762.site.6, 5, 118, 123
1339327.3.peg.762.site.7, 4, 127, 131
1339327.3.peg.762.site.8, 2, 134, 136
1339327.3.peg.762.site.9, 2, 135, 137
1339327.3.peg.762.site.10, 18, 137, 155
1339327.3.peg.762.site.11, 2, 136, 138
1339327.3.peg.762.site.12, 57, 136, 193
1339327.3.peg.762.site.13, 0, 136, 136
1339327.3.peg.762.site.14, 0, 134, 134
1339327.3.peg.762.site.15, 1, 135, 136
1339327.3.peg.762.site.16, 1, 134, 135
1339327.3.peg.761.site.1, 1, 130, 131
1339327.3.peg.761.site.2, 2, 135, 137
1339327.3.peg.761.site.3, 2, 132, 134
1339327.3.peg.761.site.4, 2, 134, 136
1339327.3.peg.761.site.5, 7, 132, 139
1339327.3.peg.761.site.6, 4, 135, 139
1339327.3.peg.761.site.7, 2, 117, 119
1339327.3.peg.761.site.8, 3, 117, 120
1339327.3.peg.761.site.9, 4, 120, 124
1339327.3.peg.761.site.10, 5, 124, 129
1339327.3.peg.761.site.11, 29, 115, 144
1339327.3.peg.761.site.12, 29, 133, 162
1339327.3.peg.761.site.13, 4, 135, 139
1339327.3.peg.761.site.14, 23, 136, 159
1339327.3.peg.761.site.15, 1, 137, 138
1339327.3.peg.761.site.16, 9, 136, 145
1339327.3.peg.761.site.17, 0, 136, 136
1339327.3.peg.761.site.18, 1, 133, 134
1339327.3.peg.761.site.19, 8, 130, 138
1339327.3.peg.4705.site.1, 33, 137, 170
1339327.3.peg.4705.site.2, 2, 136, 138
1339327.3.peg.4705.site.3, 2, 137, 139
1339327.3.peg.2474.site.1, 11, 134, 145
1339327.3.peg.2474.site.2, 115, 134, 249
1339327.3.peg.2474.site.3, 1, 130, 131
1339327.3.peg.2474.site.4, 1, 132, 133
1339327.3.peg.2474.site.5, 49, 132, 181
1339327.3.peg.2474.site.6, 64, 130, 194
1339327.3.peg.2474.site.7, 6, 131, 137
1339327.3.peg.2474.site.8, 2, 133, 135
1339327.3.peg.2474.site.9, 5, 131, 136
1339327.3.peg.2474.site.10, 1, 129, 130
1339327.3.peg.2474.site.11, 12, 128, 140
1339327.3.peg.2474.site.12, 6, 128, 134
1339327.3.peg.2474.site.13, 42, 129, 171
1339327.3.peg.2474.site.14, 86, 128, 214
1339327.3.peg.2474.site.15, 5, 130, 135
1339327.3.peg.2474.site.16, 1, 135, 136
1339327.3.peg.2474.site.17, 2, 135, 137
1339327.3.peg.2474.site.18, 0, 132, 132
1339327.3.peg.2474.site.19, 3, 126, 129
1339327.3.peg.2474.site.20, 3, 127, 130
1339327.3.peg.2474.site.21, 1, 132, 133
1339327.3.peg.2474.site.22, 0, 132, 132
1339327.3.peg.2474.site.23, 0, 134, 134
1339327.3.peg.2474.site.24, 0, 135, 135
1339327.3.peg.2474.site.25, 125, 133, 258
1339327.3.peg.2474.site.26, 4, 132, 136
1339327.3.peg.2474.site.27, 40, 87, 127
1339327.3.peg.2474.site.28, 25, 80, 105
1339327.3.peg.2474.site.29, 3, 137, 140
1339327.3.peg.2474.site.30, 2, 137, 139
1339327.3.peg.2474.site.31, 0, 131, 131
1339327.3.peg.2474.site.32, 3, 80, 83
1339327.3.peg.2474.site.33, 6, 59, 65
1339327.3.peg.2474.site.34, 2, 126, 128
1339327.3.peg.2474.site.35, 55, 79, 134
1339327.3.peg.2474.site.36, 93, 107, 200
1339327.3.peg.2474.site.37, 1, 129, 130
1339327.3.peg.2474.site.38, 2, 110, 112
1339327.3.peg.2474.site.39, 6, 121, 127
1339327.3.peg.2474.site.40, 92, 132, 224
1339327.3.peg.2474.site.41, 22, 126, 148
1339327.3.peg.2474.site.42, 10, 134, 144
1339327.3.peg.2474.site.43, 100, 127, 227
1339327.3.peg.2474.site.44, 1, 120, 121
1339327.3.peg.2474.site.45, 60, 116, 176
1339327.3.peg.2474.site.46, 5, 119, 124
1339327.3.peg.2474.site.47, 72, 124, 196
1339327.3.peg.2474.site.48, 105, 134, 239
1339327.3.peg.2474.site.49, 122, 127, 249
1339327.3.peg.2474.site.50, 102, 128, 230
1339327.3.peg.2475.site.1, 3, 132, 135
1339327.3.peg.2475.site.2, 2, 134, 136
1339327.3.peg.2475.site.3, 25, 134, 159
1339327.3.peg.2475.site.4, 1, 133, 134
1339327.3.peg.2475.site.5, 11, 135, 146
1339327.3.peg.2475.site.6, 5, 135, 140
1339327.3.peg.2475.site.7, 64, 135, 199
1339327.3.peg.2475.site.8, 1, 134, 135
1339327.3.peg.2475.site.9, 1, 137, 138
1339327.3.peg.2475.site.10, 10, 134, 144
1339327.3.peg.2475.site.11, 1, 135, 136
1339327.3.peg.2475.site.12, 7, 137, 144
1339327.3.peg.2475.site.13, 9, 126, 135
1339327.3.peg.2475.site.14, 123, 129, 252
1339327.3.peg.2475.site.15, 3, 129, 132
1339327.3.peg.2475.site.16, 3, 131, 134
1339327.3.peg.2475.site.17, 16, 131, 147
1339327.3.peg.2475.site.18, 6, 133, 139
1339327.3.peg.2475.site.19, 31, 136, 167
1339327.3.peg.2475.site.20, 41, 135, 176
1339327.3.peg.2475.site.21, 31, 135, 166
1339327.3.peg.2475.site.22, 22, 134, 156
1339327.3.peg.2475.site.23, 3, 136, 139
1339327.3.peg.2475.site.24, 2, 135, 137
1339327.3.peg.2475.site.25, 0, 135, 135
1339327.3.peg.2475.site.26, 6, 136, 142
1339327.3.peg.2475.site.27, 2, 136, 138
1339327.3.peg.2475.site.28, 81, 136, 217
1339327.3.peg.2475.site.29, 102, 136, 238
1339327.3.peg.2475.site.30, 0, 136, 136
1339327.3.peg.2475.site.31, 1, 135, 136
1339327.3.peg.2475.site.32, 99, 136, 235
1339327.3.peg.2475.site.33, 130, 136, 266
1339327.3.peg.2475.site.34, 5, 136, 141
1339327.3.peg.2475.site.35, 14, 134, 148
1339327.3.peg.2476.site.1, 0, 136, 136
1339327.3.peg.2476.site.2, 3, 137, 140
1339327.3.peg.2476.site.3, 94, 134, 228
1339327.3.peg.2476.site.4, 19, 135, 154
1339327.3.peg.2476.site.5, 18, 135, 153
1339327.3.peg.2476.site.6, 5, 134, 139
1339327.3.peg.2476.site.7, 58, 132, 190
1339327.3.peg.2476.site.8, 1, 130, 131
1339327.3.peg.2476.site.9, 68, 134, 202
1339327.3.peg.2476.site.10, 0, 131, 131
1339327.3.peg.2476.site.11, 46, 126, 172
1339327.3.peg.2476.site.12, 2, 133, 135
1339327.3.peg.2476.site.13, 17, 136, 153
1339327.3.peg.2476.site.14, 35, 134, 169
1339327.3.peg.2476.site.15, 2, 131, 133
1339327.3.peg.2476.site.16, 1, 130, 131
1339327.3.peg.2476.site.17, 5, 136, 141
1339327.3.peg.2476.site.18, 42, 136, 178
1339327.3.peg.2476.site.19, 0, 135, 135
1339327.3.peg.2476.site.20, 31, 130, 161
1339327.3.peg.2476.site.21, 4, 128, 132
1339327.3.peg.2476.site.22, 1, 132, 133
1339327.3.peg.2476.site.23, 3, 132, 135
1339327.3.peg.2476.site.24, 12, 135, 147
1339327.3.peg.2476.site.25, 85, 134, 219
1339327.3.peg.2477.site.1, 0, 135, 135
1339327.3.peg.2477.site.2, 4, 128, 132
1339327.3.peg.2477.site.3, 2, 131, 133
1339327.3.peg.2477.site.4, 59, 132, 191
1339327.3.peg.2477.site.5, 40, 135, 175
1339327.3.peg.2477.site.6, 10, 135, 145
1339327.3.peg.2477.site.7, 0, 136, 136
1339327.3.peg.2477.site.8, 0, 135, 135
1339327.3.peg.2471.site.1, 9, 117, 126
1339327.3.peg.2472.site.1, 8, 131, 139
1339327.3.peg.2472.site.2, 3, 131, 134
1339327.3.peg.2472.site.3, 4, 131, 135
1339327.3.peg.2472.site.4, 75, 128, 203
1339327.3.peg.2472.site.5, 3, 130, 133
1339327.3.peg.2472.site.6, 10, 131, 141
1339327.3.peg.2473.site.1, 9, 129, 138
1339327.3.peg.2473.site.2, 7, 130, 137
1339327.3.peg.2473.site.3, 0, 130, 130
1339327.3.peg.2473.site.4, 0, 130, 130
1339327.3.peg.2473.site.5, 9, 131, 140
1339327.3.peg.2473.site.6, 2, 131, 133
1339327.3.peg.2473.site.7, 2, 129, 131
1339327.3.peg.2473.site.8, 2, 129, 131
1339327.3.peg.2473.site.9, 0, 130, 130
1339327.3.peg.2473.site.10, 87, 124, 211
1339327.3.peg.2473.site.11, 1, 129, 130
1339327.3.peg.2473.site.12, 3, 129, 132
1339327.3.peg.2473.site.13, 6, 131, 137
1339327.3.peg.2473.site.14, 8, 131, 139
1339327.3.peg.2473.site.15, 9, 128, 137
1339327.3.peg.2473.site.16, 2, 130, 132
1339327.3.peg.2473.site.17, 33, 130, 163
1339327.3.peg.2473.site.18, 1, 130, 131
1339327.3.peg.2473.site.19, 27, 130, 157
1339327.3.peg.5014.site.1, 4, 137, 141
1339327.3.peg.5014.site.2, 4, 136, 140
1339327.3.peg.5014.site.3, 4, 136, 140
1339327.3.peg.5014.site.4, 11, 137, 148
1339327.3.peg.5014.site.5, 19, 136, 155
1339327.3.peg.5014.site.6, 8, 136, 144
1339327.3.peg.5014.site.7, 3, 137, 140
1339327.3.peg.5014.site.8, 48, 137, 185
1339327.3.peg.5014.site.9, 14, 135, 149
1339327.3.peg.5014.site.10, 2, 137, 139
1339327.3.peg.5014.site.11, 7, 136, 143
1339327.3.peg.5014.site.12, 4, 135, 139
1339327.3.peg.5014.site.13, 9, 136, 145
1339327.3.peg.5014.site.14, 51, 135, 186
1339327.3.peg.5014.site.15, 2, 136, 138
1339327.3.peg.5014.site.16, 128, 137, 265
1339327.3.peg.5014.site.17, 130, 136, 266
1339327.3.peg.5014.site.18, 10, 137, 147
1339327.3.peg.5014.site.19, 1, 136, 137
1339327.3.peg.5014.site.20, 96, 136, 232
1339327.3.peg.5014.site.21, 1, 137, 138
1339327.3.peg.5014.site.22, 128, 136, 264
1339327.3.peg.5014.site.23, 31, 135, 166
1339327.3.peg.5014.site.24, 2, 137, 139
1339327.3.peg.5014.site.25, 0, 136, 136
1339327.3.peg.5014.site.26, 50, 137, 187
1339327.3.peg.5014.site.27, 1, 136, 137
1339327.3.peg.5014.site.28, 3, 137, 140
1339327.3.peg.5014.site.29, 1, 136, 137
1339327.3.peg.2478.site.1, 116, 134, 250
1339327.3.peg.2478.site.2, 2, 133, 135
1339327.3.peg.2478.site.3, 6, 134, 140
1339327.3.peg.2479.site.1, 2, 137, 139
1339327.3.peg.2479.site.2, 1, 136, 137
1339327.3.peg.2479.site.3, 23, 136, 159
1339327.3.peg.2479.site.4, 1, 132, 133
1339327.3.peg.2479.site.5, 3, 133, 136
1339327.3.peg.2479.site.6, 5, 134, 139
1339327.3.peg.2479.site.7, 49, 137, 186
1339327.3.peg.2479.site.8, 0, 136, 136
1339327.3.peg.2479.site.9, 2, 136, 138
1339327.3.peg.2479.site.10, 72, 134, 206
1339327.3.peg.2479.site.11, 77, 135, 212
1339327.3.peg.2479.site.12, 12, 137, 149
1339327.3.peg.2479.site.13, 0, 131, 131
1339327.3.peg.2479.site.14, 91, 134, 225
1339327.3.peg.2479.site.15, 0, 136, 136
1339327.3.peg.2479.site.16, 59, 135, 194
1339327.3.peg.2479.site.17, 0, 137, 137
1339327.3.peg.2479.site.18, 54, 136, 190
1339327.3.peg.2479.site.19, 20, 137, 157
1339327.3.peg.2479.site.20, 1, 133, 134
1339327.3.peg.2479.site.21, 54, 128, 182
1339327.3.peg.2479.site.22, 1, 134, 135
1339327.3.peg.2479.site.23, 0, 131, 131
1339327.3.peg.2479.site.24, 9, 136, 145
1339327.3.peg.2479.site.25, 21, 136, 157
1339327.3.peg.2479.site.26, 10, 136, 146
1339327.3.peg.2479.site.27, 0, 135, 135
1339327.3.peg.4708.site.1, 2, 135, 137
1339327.3.peg.4708.site.2, 15, 132, 147
1339327.3.peg.4708.site.3, 0, 133, 133
1339327.3.peg.5114.site.1, 13, 137, 150
1339327.3.peg.5114.site.2, 9, 137, 146
1339327.3.peg.5114.site.3, 106, 137, 243
1339327.3.peg.5114.site.4, 1, 137, 138
1339327.3.peg.5114.site.5, 5, 137, 142
1339327.3.peg.5114.site.6, 87, 136, 223
1339327.3.peg.5114.site.7, 1, 137, 138
1339327.3.peg.5114.site.8, 6, 137, 143
1339327.3.peg.5114.site.9, 7, 137, 144
1339327.3.peg.5114.site.10, 0, 134, 134
1339327.3.peg.4258.site.1, 10, 81, 91
1339327.3.peg.4258.site.2, 2, 135, 137
1339327.3.peg.4258.site.3, 2, 136, 138
1339327.3.peg.4258.site.4, 16, 137, 153
1339327.3.peg.4258.site.5, 0, 137, 137
1339327.3.peg.4258.site.6, 25, 137, 162
1339327.3.peg.4258.site.7, 2, 137, 139
1339327.3.peg.4258.site.8, 3, 137, 140
1339327.3.peg.4258.site.9, 0, 135, 135
1339327.3.peg.4258.site.10, 2, 132, 134
1339327.3.peg.4258.site.11, 2, 127, 129
1339327.3.peg.4258.site.12, 2, 136, 138
1339327.3.peg.4258.site.13, 23, 135, 158
1339327.3.peg.4258.site.14, 12, 131, 143
1339327.3.peg.4258.site.15, 12, 132, 144
1339327.3.peg.4258.site.16, 30, 135, 165
1339327.3.peg.4258.site.17, 8, 136, 144
1339327.3.peg.4258.site.18, 100, 135, 235
1339327.3.peg.4258.site.19, 12, 134, 146
1339327.3.peg.4258.site.20, 22, 136, 158
1339327.3.peg.4258.site.21, 2, 135, 137
1339327.3.peg.4258.site.22, 1, 136, 137
1339327.3.peg.4258.site.23, 2, 135, 137
1339327.3.peg.4258.site.24, 2, 137, 139
1339327.3.peg.4259.site.1, 6, 134, 140
1339327.3.peg.4259.site.2, 3, 136, 139
1339327.3.peg.4259.site.3, 3, 136, 139
1339327.3.peg.4259.site.4, 26, 137, 163
1339327.3.peg.4259.site.5, 34, 136, 170
1339327.3.peg.4259.site.6, 128, 134, 262
1339327.3.peg.4259.site.7, 71, 136, 207
1339327.3.peg.4259.site.8, 6, 137, 143
1339327.3.peg.2875.site.1, 2, 137, 139
1339327.3.peg.2875.site.2, 11, 136, 147
1339327.3.peg.2875.site.3, 36, 134, 170
1339327.3.peg.2875.site.4, 12, 135, 147
1339327.3.peg.2875.site.5, 16, 132, 148
1339327.3.peg.2875.site.6, 5, 134, 139
1339327.3.peg.2875.site.7, 28, 134, 162
1339327.3.peg.2875.site.8, 30, 137, 167
1339327.3.peg.2875.site.9, 24, 137, 161
1339327.3.peg.2875.site.10, 2, 137, 139
1339327.3.peg.2875.site.11, 3, 136, 139
1339327.3.peg.3879.site.1, 17, 136, 153
1339327.3.peg.3879.site.2, 3, 136, 139
1339327.3.peg.3879.site.3, 4, 137, 141
1339327.3.peg.2877.site.1, 0, 132, 132
1339327.3.peg.2877.site.2, 0, 134, 134
1339327.3.peg.2877.site.3, 6, 136, 142
1339327.3.peg.2877.site.4, 11, 136, 147
1339327.3.peg.2877.site.5, 1, 134, 135
1339327.3.peg.2877.site.6, 7, 134, 141
1339327.3.peg.2877.site.7, 5, 134, 139
1339327.3.peg.2877.site.8, 4, 134, 138
1339327.3.peg.2877.site.9, 21, 136, 157
1339327.3.peg.2877.site.10, 21, 130, 151
1339327.3.peg.2877.site.11, 1, 134, 135
1339327.3.peg.2877.site.12, 1, 131, 132
1339327.3.peg.2877.site.13, 3, 131, 134
1339327.3.peg.2877.site.14, 0, 136, 136
1339327.3.peg.2877.site.15, 11, 135, 146
1339327.3.peg.2877.site.16, 10, 136, 146
1339327.3.peg.2877.site.17, 41, 134, 175
1339327.3.peg.2878.site.1, 1, 135, 136
1339327.3.peg.2878.site.2, 2, 136, 138
1339327.3.peg.2878.site.3, 0, 136, 136
1339327.3.peg.2878.site.4, 71, 136, 207
1339327.3.peg.2878.site.5, 38, 135, 173
1339327.3.peg.2878.site.6, 13, 134, 147
1339327.3.peg.2878.site.7, 7, 133, 140
1339327.3.peg.2878.site.8, 19, 131, 150
1339327.3.peg.2878.site.9, 10, 135, 145
1339327.3.peg.2878.site.10, 1, 135, 136
1339327.3.peg.2878.site.11, 5, 134, 139
1339327.3.peg.2878.site.12, 72, 135, 207
1339327.3.peg.2878.site.13, 26, 136, 162
1339327.3.peg.2878.site.14, 3, 134, 137
1339327.3.peg.2878.site.15, 7, 136, 143
1339327.3.peg.2878.site.16, 11, 136, 147
1339327.3.peg.2878.site.17, 4, 134, 138
1339327.3.peg.2878.site.18, 6, 135, 141
1339327.3.peg.2878.site.19, 37, 135, 172
1339327.3.peg.2878.site.20, 0, 134, 134
1339327.3.peg.2878.site.21, 4, 134, 138
1339327.3.peg.2878.site.22, 2, 134, 136
1339327.3.peg.2878.site.23, 6, 136, 142
1339327.3.peg.2878.site.24, 2, 136, 138
1339327.3.peg.2878.site.25, 11, 135, 146
1339327.3.peg.2878.site.26, 16, 134, 150
1339327.3.peg.2878.site.27, 3, 134, 137
1339327.3.peg.2878.site.28, 2, 135, 137
1339327.3.peg.2878.site.29, 5, 134, 139
1339327.3.peg.2878.site.30, 0, 135, 135
1339327.3.peg.2878.site.31, 37, 136, 173
1339327.3.peg.2878.site.32, 0, 134, 134
1339327.3.peg.2878.site.33, 11, 135, 146
1339327.3.peg.2878.site.34, 0, 136, 136
1339327.3.peg.2878.site.35, 43, 137, 180
1339327.3.peg.2878.site.36, 4, 137, 141
1339327.3.peg.2878.site.37, 3, 136, 139
1339327.3.peg.2878.site.38, 5, 136, 141
1339327.3.peg.2878.site.39, 1, 136, 137
1339327.3.peg.2878.site.40, 123, 136, 259
1339327.3.peg.2878.site.41, 1, 136, 137
1339327.3.peg.2878.site.42, 113, 136, 249
1339327.3.peg.2878.site.43, 5, 136, 141
1339327.3.peg.2878.site.44, 77, 136, 213
1339327.3.peg.2878.site.45, 66, 136, 202
1339327.3.peg.2878.site.46, 66, 136, 202
1339327.3.peg.2878.site.47, 5, 137, 142
1339327.3.peg.2878.site.48, 5, 137, 142
1339327.3.peg.2878.site.49, 5, 136, 141
1339327.3.peg.2878.site.50, 67, 135, 202
1339327.3.peg.2878.site.51, 3, 134, 137
1339327.3.peg.2879.site.1, 0, 130, 130
1339327.3.peg.2879.site.2, 107, 131, 238
1339327.3.peg.2879.site.3, 8, 132, 140
1339327.3.peg.2879.site.4, 1, 132, 133
1339327.3.peg.2879.site.5, 10, 134, 144
1339327.3.peg.2879.site.6, 4, 132, 136
1339327.3.peg.2879.site.7, 125, 135, 260
1339327.3.peg.2879.site.8, 1, 135, 136
1339327.3.peg.2879.site.9, 125, 135, 260
1339327.3.peg.2879.site.10, 3, 136, 139
1339327.3.peg.2879.site.11, 8, 136, 144
1339327.3.peg.3875.site.1, 37, 136, 173
1339327.3.peg.3875.site.2, 0, 134, 134
1339327.3.peg.3875.site.3, 8, 135, 143
1339327.3.peg.3875.site.4, 0, 133, 133
1339327.3.peg.3875.site.5, 1, 136, 137
1339327.3.peg.3875.site.6, 9, 136, 145
1339327.3.peg.3875.site.7, 0, 136, 136
1339327.3.peg.3875.site.8, 82, 133, 215
1339327.3.peg.3875.site.9, 0, 134, 134
1339327.3.peg.3875.site.10, 113, 135, 248
1339327.3.peg.3875.site.11, 0, 134, 134
1339327.3.peg.3875.site.12, 1, 133, 134
1339327.3.peg.3875.site.13, 97, 135, 232
1339327.3.peg.3875.site.14, 5, 137, 142
1339327.3.peg.3875.site.15, 20, 136, 156
1339327.3.peg.3875.site.16, 0, 136, 136
1339327.3.peg.3875.site.17, 2, 136, 138
1339327.3.peg.3875.site.18, 2, 135, 137
1339327.3.peg.3875.site.19, 0, 136, 136
1339327.3.peg.3874.site.1, 3, 136, 139
1339327.3.peg.3874.site.2, 3, 135, 138
1339327.3.peg.3874.site.3, 2, 135, 137
1339327.3.peg.3874.site.4, 0, 136, 136
1339327.3.peg.3874.site.5, 2, 136, 138
1339327.3.peg.3874.site.6, 2, 136, 138
1339327.3.peg.3874.site.7, 2, 135, 137
1339327.3.peg.3874.site.8, 3, 137, 140
1339327.3.peg.3874.site.9, 33, 135, 168
1339327.3.peg.3874.site.10, 42, 134, 176
1339327.3.peg.3874.site.11, 2, 135, 137
1339327.3.peg.3874.site.12, 8, 135, 143
1339327.3.peg.3874.site.13, 1, 134, 135
1339327.3.peg.3874.site.14, 38, 133, 171
1339327.3.peg.3874.site.15, 41, 133, 174
1339327.3.peg.3874.site.16, 1, 134, 135
1339327.3.peg.3874.site.17, 8, 134, 142
1339327.3.peg.3874.site.18, 0, 134, 134
1339327.3.peg.3871.site.1, 28, 133, 161
1339327.3.peg.3871.site.2, 12, 135, 147
1339327.3.peg.3871.site.3, 0, 131, 131
1339327.3.peg.3871.site.4, 46, 129, 175
1339327.3.peg.3871.site.5, 5, 135, 140
1339327.3.peg.3871.site.6, 2, 135, 137
1339327.3.peg.3871.site.7, 2, 136, 138
1339327.3.peg.3871.site.8, 2, 135, 137
1339327.3.peg.3871.site.9, 1, 135, 136
1339327.3.peg.3871.site.10, 19, 137, 156
1339327.3.peg.3871.site.11, 9, 137, 146
1339327.3.peg.3871.site.12, 5, 135, 140
1339327.3.peg.3871.site.13, 27, 133, 160
1339327.3.peg.3871.site.14, 30, 136, 166
1339327.3.peg.3871.site.15, 0, 136, 136
1339327.3.peg.3870.site.1, 0, 135, 135
1339327.3.peg.3870.site.2, 1, 134, 135
1339327.3.peg.3870.site.3, 5, 137, 142
1339327.3.peg.3870.site.4, 3, 134, 137
1339327.3.peg.3870.site.5, 5, 135, 140
1339327.3.peg.3870.site.6, 23, 136, 159
1339327.3.peg.3870.site.7, 46, 135, 181
1339327.3.peg.3870.site.8, 18, 136, 154
1339327.3.peg.3870.site.9, 18, 137, 155
1339327.3.peg.3870.site.10, 29, 137, 166
1339327.3.peg.3870.site.11, 24, 137, 161
1339327.3.peg.3870.site.12, 14, 136, 150
1339327.3.peg.3870.site.13, 0, 137, 137
1339327.3.peg.3870.site.14, 4, 137, 141
1339327.3.peg.3870.site.15, 0, 137, 137
1339327.3.peg.3870.site.16, 8, 135, 143
1339327.3.peg.3870.site.17, 6, 136, 142
1339327.3.peg.3870.site.18, 0, 135, 135
1339327.3.peg.3870.site.19, 57, 135, 192
1339327.3.peg.3870.site.20, 32, 137, 169
1339327.3.peg.3870.site.21, 0, 136, 136
1339327.3.peg.3870.site.22, 0, 136, 136
1339327.3.peg.3870.site.23, 13, 135, 148
1339327.3.peg.3870.site.24, 10, 135, 145
1339327.3.peg.3870.site.25, 3, 136, 139
1339327.3.peg.3870.site.26, 10, 137, 147
1339327.3.peg.3870.site.27, 10, 136, 146
1339327.3.peg.3870.site.28, 10, 134, 144
1339327.3.peg.3870.site.29, 60, 136, 196
1339327.3.peg.3870.site.30, 0, 136, 136
1339327.3.peg.3870.site.31, 71, 132, 203
1339327.3.peg.3870.site.32, 71, 131, 202
1339327.3.peg.3870.site.33, 63, 130, 193
1339327.3.peg.3870.site.34, 11, 122, 133
1339327.3.peg.3870.site.35, 3, 70, 73
1339327.3.peg.3870.site.36, 0, 134, 134
1339327.3.peg.3870.site.37, 0, 135, 135
1339327.3.peg.1659.site.1, 2, 136, 138
1339327.3.peg.1659.site.2, 6, 135, 141
1339327.3.peg.1659.site.3, 1, 134, 135
1339327.3.peg.1658.site.1, 1, 135, 136
1339327.3.peg.1658.site.2, 11, 136, 147
1339327.3.peg.1658.site.3, 93, 136, 229
1339327.3.peg.1658.site.4, 2, 136, 138
1339327.3.peg.1658.site.5, 17, 137, 154
1339327.3.peg.1658.site.6, 31, 135, 166
1339327.3.peg.1658.site.7, 95, 137, 232
1339327.3.peg.1658.site.8, 18, 137, 155
1339327.3.peg.1658.site.9, 22, 136, 158
1339327.3.peg.1658.site.10, 12, 136, 148
1339327.3.peg.1658.site.11, 4, 132, 136
1339327.3.peg.1658.site.12, 0, 128, 128
1339327.3.peg.1658.site.13, 0, 129, 129
1339327.3.peg.1658.site.14, 2, 129, 131
1339327.3.peg.1658.site.15, 4, 129, 133
1339327.3.peg.1658.site.16, 1, 136, 137
1339327.3.peg.1658.site.17, 5, 137, 142
1339327.3.peg.1658.site.18, 3, 137, 140
1339327.3.peg.1658.site.19, 7, 136, 143
1339327.3.peg.1658.site.20, 3, 136, 139
1339327.3.peg.1658.site.21, 8, 137, 145
1339327.3.peg.1658.site.22, 8, 137, 145
1339327.3.peg.1655.site.1, 5, 137, 142
1339327.3.peg.1655.site.2, 3, 136, 139
1339327.3.peg.1655.site.3, 2, 136, 138
1339327.3.peg.1655.site.4, 8, 137, 145
1339327.3.peg.1655.site.5, 2, 137, 139
1339327.3.peg.1655.site.6, 15, 137, 152
1339327.3.peg.1655.site.7, 4, 137, 141
1339327.3.peg.1655.site.8, 11, 137, 148
1339327.3.peg.1655.site.9, 45, 137, 182
1339327.3.peg.1655.site.10, 59, 136, 195
1339327.3.peg.1655.site.11, 14, 135, 149
1339327.3.peg.1655.site.12, 70, 137, 207
1339327.3.peg.1655.site.13, 22, 136, 158
1339327.3.peg.1654.site.1, 2, 136, 138
1339327.3.peg.1654.site.2, 75, 137, 212
1339327.3.peg.1654.site.3, 3, 134, 137
1339327.3.peg.1654.site.4, 2, 136, 138
1339327.3.peg.1654.site.5, 1, 134, 135
1339327.3.peg.1654.site.6, 18, 134, 152
1339327.3.peg.1654.site.7, 12, 135, 147
1339327.3.peg.1654.site.8, 21, 133, 154
1339327.3.peg.1654.site.9, 2, 135, 137
1339327.3.peg.1654.site.10, 109, 134, 243
1339327.3.peg.1654.site.11, 28, 137, 165
1339327.3.peg.1654.site.12, 2, 137, 139
1339327.3.peg.1654.site.13, 5, 136, 141
1339327.3.peg.1654.site.14, 46, 134, 180
1339327.3.peg.1654.site.15, 7, 137, 144
1339327.3.peg.1654.site.16, 1, 136, 137
1339327.3.peg.1654.site.17, 25, 136, 161
1339327.3.peg.1656.site.1, 9, 136, 145
1339327.3.peg.1656.site.2, 18, 136, 154
1339327.3.peg.1656.site.3, 1, 135, 136
1339327.3.peg.1656.site.4, 11, 137, 148
1339327.3.peg.1656.site.5, 1, 136, 137
1339327.3.peg.1656.site.6, 105, 136, 241
1339327.3.peg.1656.site.7, 0, 136, 136
1339327.3.peg.1656.site.8, 12, 137, 149
1339327.3.peg.1656.site.9, 3, 136, 139
1339327.3.peg.1656.site.10, 21, 136, 157
1339327.3.peg.1656.site.11, 8, 136, 144
1339327.3.peg.1656.site.12, 0, 136, 136
1339327.3.peg.1656.site.13, 3, 136, 139
1339327.3.peg.1656.site.14, 2, 131, 133
1339327.3.peg.1651.site.1, 0, 135, 135
1339327.3.peg.1651.site.2, 5, 136, 141
1339327.3.peg.1651.site.3, 2, 136, 138
1339327.3.peg.1651.site.4, 22, 137, 159
1339327.3.peg.1651.site.5, 18, 136, 154
1339327.3.peg.1651.site.6, 62, 134, 196
1339327.3.peg.1651.site.7, 24, 136, 160
1339327.3.peg.1651.site.8, 65, 136, 201
1339327.3.peg.1651.site.9, 27, 137, 164
1339327.3.peg.1651.site.10, 53, 135, 188
1339327.3.peg.1651.site.11, 60, 135, 195
1339327.3.peg.1651.site.12, 61, 135, 196
1339327.3.peg.1651.site.13, 59, 136, 195
1339327.3.peg.1651.site.14, 3, 136, 139
1339327.3.peg.1651.site.15, 30, 136, 166
1339327.3.peg.1650.site.1, 20, 137, 157
1339327.3.peg.1650.site.2, 8, 136, 144
1339327.3.peg.1650.site.3, 31, 136, 167
1339327.3.peg.1650.site.4, 10, 137, 147
1339327.3.peg.1650.site.5, 2, 137, 139
1339327.3.peg.1650.site.6, 1, 137, 138
1339327.3.peg.1650.site.7, 1, 137, 138
1339327.3.peg.1650.site.8, 10, 136, 146
1339327.3.peg.1650.site.9, 2, 137, 139
1339327.3.peg.1650.site.10, 8, 137, 145
1339327.3.peg.1650.site.11, 3, 137, 140
1339327.3.peg.1650.site.12, 0, 137, 137
1339327.3.peg.1650.site.13, 2, 136, 138
1339327.3.peg.1650.site.14, 5, 136, 141
1339327.3.peg.1650.site.15, 22, 135, 157
1339327.3.peg.1650.site.16, 0, 136, 136
1339327.3.peg.1650.site.17, 70, 137, 207
1339327.3.peg.1650.site.18, 8, 137, 145
1339327.3.peg.1650.site.19, 4, 137, 141
1339327.3.peg.1650.site.20, 5, 137, 142
1339327.3.peg.1650.site.21, 16, 137, 153
1339327.3.peg.1650.site.22, 0, 137, 137
1339327.3.peg.1650.site.23, 121, 136, 257
1339327.3.peg.1650.site.24, 1, 137, 138
1339327.3.peg.1650.site.25, 0, 136, 136
1339327.3.peg.1650.site.26, 1, 136, 137
1339327.3.peg.1650.site.27, 14, 136, 150
1339327.3.peg.1650.site.28, 59, 134, 193
1339327.3.peg.1650.site.29, 0, 136, 136
1339327.3.peg.1650.site.30, 1, 137, 138
1339327.3.peg.1650.site.31, 5, 134, 139
1339327.3.peg.1650.site.32, 38, 134, 172
1339327.3.peg.1653.site.1, 16, 134, 150
1339327.3.peg.1653.site.2, 0, 135, 135
1339327.3.peg.1653.site.3, 0, 136, 136
1339327.3.peg.1653.site.4, 76, 135, 211
1339327.3.peg.1653.site.5, 14, 134, 148
1339327.3.peg.1653.site.6, 0, 135, 135
1339327.3.peg.1653.site.7, 3, 136, 139
1339327.3.peg.1653.site.8, 0, 135, 135
1339327.3.peg.1653.site.9, 5, 136, 141
1339327.3.peg.1653.site.10, 0, 134, 134
1339327.3.peg.1653.site.11, 34, 137, 171
1339327.3.peg.1653.site.12, 36, 137, 173
1339327.3.peg.1653.site.13, 59, 137, 196
1339327.3.peg.1653.site.14, 0, 136, 136
1339327.3.peg.1653.site.15, 88, 136, 224
1339327.3.peg.1653.site.16, 10, 135, 145
1339327.3.peg.1653.site.17, 1, 137, 138
1339327.3.peg.1653.site.18, 103, 137, 240
1339327.3.peg.1653.site.19, 3, 137, 140
1339327.3.peg.1653.site.20, 0, 136, 136
1339327.3.peg.1653.site.21, 3, 136, 139
1339327.3.peg.1653.site.22, 10, 137, 147
1339327.3.peg.1653.site.23, 19, 136, 155
1339327.3.peg.1653.site.24, 1, 137, 138
1339327.3.peg.1653.site.25, 3, 136, 139
1339327.3.peg.1653.site.26, 57, 136, 193
1339327.3.peg.1652.site.1, 91, 136, 227
1339327.3.peg.1652.site.2, 37, 137, 174
1339327.3.peg.1652.site.3, 9, 137, 146
1339327.3.peg.1652.site.4, 0, 137, 137
1339327.3.peg.1652.site.5, 114, 136, 250
1339327.3.peg.1652.site.6, 7, 137, 144
1339327.3.peg.1652.site.7, 3, 137, 140
1339327.3.peg.1652.site.8, 71, 137, 208
1339327.3.peg.1652.site.9, 15, 137, 152
1339327.3.peg.1652.site.10, 6, 137, 143
1339327.3.peg.1652.site.11, 23, 137, 160
1339327.3.peg.1652.site.12, 6, 136, 142
1339327.3.peg.1652.site.13, 1, 135, 136
1339327.3.peg.3891.site.1, 0, 137, 137
1339327.3.peg.3891.site.2, 0, 137, 137
1339327.3.peg.3891.site.3, 3, 136, 139
1339327.3.peg.3891.site.4, 21, 136, 157
1339327.3.peg.3891.site.5, 0, 136, 136
1339327.3.peg.3891.site.6, 2, 137, 139
1339327.3.peg.3891.site.7, 27, 137, 164
1339327.3.peg.3891.site.8, 0, 137, 137
1339327.3.peg.3891.site.9, 2, 137, 139
1339327.3.peg.3891.site.10, 2, 137, 139
1339327.3.peg.3891.site.11, 9, 135, 144
1339327.3.peg.3891.site.12, 34, 137, 171
1339327.3.peg.3891.site.13, 24, 137, 161
1339327.3.peg.3891.site.14, 5, 136, 141
1339327.3.peg.3891.site.15, 0, 136, 136
1339327.3.peg.3891.site.16, 2, 137, 139
1339327.3.peg.3892.site.1, 66, 136, 202
1339327.3.peg.3892.site.2, 2, 137, 139
1339327.3.peg.3892.site.3, 5, 136, 141
1339327.3.peg.3892.site.4, 0, 134, 134
1339327.3.peg.3892.site.5, 2, 137, 139
1339327.3.peg.3892.site.6, 77, 135, 212
1339327.3.peg.3892.site.7, 3, 135, 138
1339327.3.peg.3892.site.8, 11, 136, 147
1339327.3.peg.3892.site.9, 3, 136, 139
1339327.3.peg.3892.site.10, 9, 133, 142
1339327.3.peg.3892.site.11, 0, 134, 134
1339327.3.peg.3892.site.12, 5, 136, 141
1339327.3.peg.3892.site.13, 4, 135, 139
1339327.3.peg.3892.site.14, 24, 136, 160
1339327.3.peg.3892.site.15, 2, 137, 139
1339327.3.peg.3892.site.16, 0, 137, 137
1339327.3.peg.3892.site.17, 3, 135, 138
1339327.3.peg.3892.site.18, 0, 137, 137
1339327.3.peg.3892.site.19, 131, 137, 268
1339327.3.peg.3892.site.20, 26, 133, 159
1339327.3.peg.3892.site.21, 3, 135, 138
1339327.3.peg.3892.site.22, 22, 133, 155
1339327.3.peg.3892.site.23, 56, 136, 192
1339327.3.peg.3892.site.24, 3, 137, 140
1339327.3.peg.3892.site.25, 2, 135, 137
1339327.3.peg.3892.site.26, 26, 135, 161
1339327.3.peg.3892.site.27, 107, 137, 244
1339327.3.peg.3892.site.28, 62, 133, 195
1339327.3.peg.3895.site.1, 5, 136, 141
1339327.3.peg.3895.site.2, 0, 135, 135
1339327.3.peg.3895.site.3, 11, 133, 144
1339327.3.peg.3895.site.4, 1, 135, 136
1339327.3.peg.3895.site.5, 21, 133, 154
1339327.3.peg.3895.site.6, 12, 137, 149
1339327.3.peg.3895.site.7, 19, 137, 156
1339327.3.peg.3895.site.8, 0, 137, 137
1339327.3.peg.3895.site.9, 0, 137, 137
1339327.3.peg.3895.site.10, 4, 136, 140
1339327.3.peg.3895.site.11, 28, 137, 165
1339327.3.peg.3897.site.1, 8, 136, 144
1339327.3.peg.3897.site.2, 2, 137, 139
1339327.3.peg.3897.site.3, 0, 136, 136
1339327.3.peg.3897.site.4, 11, 136, 147
1339327.3.peg.3897.site.5, 0, 136, 136
1339327.3.peg.3896.site.1, 1, 137, 138
1339327.3.peg.3896.site.2, 43, 137, 180
1339327.3.peg.3896.site.3, 8, 137, 145
1339327.3.peg.3896.site.4, 6, 134, 140
1339327.3.peg.3896.site.5, 68, 137, 205
1339327.3.peg.3896.site.6, 23, 133, 156
1339327.3.peg.3896.site.7, 40, 136, 176
1339327.3.peg.3896.site.8, 3, 136, 139
1339327.3.peg.3896.site.9, 1, 135, 136
1339327.3.peg.3896.site.10, 3, 135, 138
1339327.3.peg.3896.site.11, 3, 136, 139
1339327.3.peg.3896.site.12, 0, 136, 136
1339327.3.peg.3896.site.13, 3, 135, 138
1339327.3.peg.3896.site.14, 4, 137, 141
1339327.3.peg.3896.site.15, 3, 137, 140
1339327.3.peg.3896.site.16, 0, 136, 136
1339327.3.peg.3899.site.1, 14, 135, 149
1339327.3.peg.3899.site.2, 8, 137, 145
1339327.3.peg.3899.site.3, 112, 137, 249
1339327.3.peg.3899.site.4, 77, 134, 211
1339327.3.peg.3899.site.5, 10, 136, 146
1339327.3.peg.3899.site.6, 34, 137, 171
1339327.3.peg.3899.site.7, 75, 134, 209
1339327.3.peg.3899.site.8, 1, 134, 135
1339327.3.peg.3899.site.9, 18, 134, 152
1339327.3.peg.3898.site.1, 8, 135, 143
1339327.3.peg.3898.site.2, 69, 136, 205
1339327.3.peg.3898.site.3, 0, 136, 136
1339327.3.peg.3898.site.4, 22, 136, 158
1339327.3.peg.3898.site.5, 7, 135, 142
1339327.3.peg.3898.site.6, 58, 136, 194
1339327.3.peg.3898.site.7, 4, 137, 141
1339327.3.peg.3898.site.8, 8, 136, 144
1339327.3.peg.3657.site.1, 2, 136, 138
1339327.3.peg.3657.site.2, 86, 134, 220
1339327.3.peg.3657.site.3, 8, 135, 143
1339327.3.peg.3656.site.1, 3, 137, 140
1339327.3.peg.3656.site.2, 27, 136, 163
1339327.3.peg.3656.site.3, 0, 136, 136
1339327.3.peg.3656.site.4, 3, 136, 139
1339327.3.peg.3656.site.5, 61, 136, 197
1339327.3.peg.3655.site.1, 59, 137, 196
1339327.3.peg.3652.site.1, 21, 135, 156
1339327.3.peg.3652.site.2, 0, 134, 134
1339327.3.peg.3652.site.3, 80, 135, 215
1339327.3.peg.3652.site.4, 95, 136, 231
1339327.3.peg.3652.site.5, 2, 136, 138
1339327.3.peg.3652.site.6, 8, 136, 144
1339327.3.peg.3652.site.7, 0, 133, 133
1339327.3.peg.3652.site.8, 0, 135, 135
1339327.3.peg.3652.site.9, 56, 136, 192
1339327.3.peg.3652.site.10, 1, 137, 138
1339327.3.peg.3652.site.11, 72, 136, 208
1339327.3.peg.3652.site.12, 1, 136, 137
1339327.3.peg.3652.site.13, 6, 136, 142
1339327.3.peg.3651.site.1, 16, 122, 138
1339327.3.peg.3651.site.2, 26, 133, 159
1339327.3.peg.3651.site.3, 26, 133, 159
1339327.3.peg.3651.site.4, 54, 133, 187
1339327.3.peg.3651.site.5, 3, 135, 138
1339327.3.peg.3650.site.1, 2, 136, 138
1339327.3.peg.3650.site.2, 3, 135, 138
1339327.3.peg.3659.site.1, 0, 135, 135
1339327.3.peg.3659.site.2, 2, 137, 139
1339327.3.peg.3659.site.3, 3, 137, 140
1339327.3.peg.3659.site.4, 7, 136, 143
1339327.3.peg.3659.site.5, 124, 137, 261
1339327.3.peg.3659.site.6, 2, 137, 139
1339327.3.peg.3659.site.7, 15, 136, 151
1339327.3.peg.3659.site.8, 2, 137, 139
1339327.3.peg.3659.site.9, 3, 137, 140
1339327.3.peg.4389.site.1, 0, 136, 136
1339327.3.peg.4389.site.2, 0, 136, 136
1339327.3.peg.4389.site.3, 1, 136, 137
1339327.3.peg.4389.site.4, 7, 137, 144
1339327.3.peg.4389.site.5, 0, 136, 136
1339327.3.peg.4389.site.6, 0, 134, 134
1339327.3.peg.4389.site.7, 3, 133, 136
1339327.3.peg.4389.site.8, 11, 128, 139
1339327.3.peg.149.site.1, 80, 129, 209
1339327.3.peg.149.site.2, 0, 137, 137
1339327.3.peg.149.site.3, 5, 136, 141
1339327.3.peg.149.site.4, 3, 137, 140
1339327.3.peg.149.site.5, 0, 137, 137
1339327.3.peg.149.site.6, 103, 137, 240
1339327.3.peg.149.site.7, 11, 137, 148
1339327.3.peg.149.site.8, 9, 136, 145
1339327.3.peg.149.site.9, 6, 136, 142
1339327.3.peg.149.site.10, 1, 137, 138
1339327.3.peg.149.site.11, 3, 136, 139
1339327.3.peg.149.site.12, 3, 136, 139
1339327.3.peg.149.site.13, 3, 135, 138
1339327.3.peg.149.site.14, 18, 135, 153
1339327.3.peg.149.site.15, 107, 135, 242
1339327.3.peg.149.site.16, 3, 135, 138
1339327.3.peg.149.site.17, 0, 136, 136
1339327.3.peg.149.site.18, 0, 136, 136
1339327.3.peg.149.site.19, 68, 136, 204
1339327.3.peg.149.site.20, 0, 136, 136
1339327.3.peg.148.site.1, 49, 131, 180
1339327.3.peg.148.site.2, 2, 137, 139
1339327.3.peg.3099.site.1, 9, 129, 138
1339327.3.peg.3099.site.2, 2, 128, 130
1339327.3.peg.3099.site.3, 3, 126, 129
1339327.3.peg.3099.site.4, 94, 125, 219
1339327.3.peg.3099.site.5, 54, 130, 184
1339327.3.peg.3099.site.6, 0, 136, 136
1339327.3.peg.3099.site.7, 3, 136, 139
1339327.3.peg.4387.site.1, 81, 137, 218
1339327.3.peg.4387.site.2, 30, 137, 167
1339327.3.peg.4387.site.3, 0, 136, 136
1339327.3.peg.4387.site.4, 5, 137, 142
1339327.3.peg.4387.site.5, 3, 137, 140
1339327.3.peg.4387.site.6, 19, 137, 156
1339327.3.peg.4387.site.7, 0, 136, 136
1339327.3.peg.4387.site.8, 8, 136, 144
1339327.3.peg.4387.site.9, 12, 136, 148
1339327.3.peg.4387.site.10, 72, 137, 209
1339327.3.peg.4387.site.11, 2, 137, 139
1339327.3.peg.4387.site.12, 29, 136, 165
1339327.3.peg.4387.site.13, 3, 137, 140
1339327.3.peg.4387.site.14, 8, 136, 144
1339327.3.peg.4387.site.15, 4, 137, 141
1339327.3.peg.4387.site.16, 1, 137, 138
1339327.3.peg.4387.site.17, 16, 137, 153
1339327.3.peg.4387.site.18, 108, 136, 244
1339327.3.peg.4387.site.19, 108, 135, 243
1339327.3.peg.4387.site.20, 2, 137, 139
1339327.3.peg.4387.site.21, 8, 135, 143
1339327.3.peg.4387.site.22, 125, 136, 261
1339327.3.peg.4387.site.23, 21, 137, 158
1339327.3.peg.4387.site.24, 9, 136, 145
1339327.3.peg.4387.site.25, 1, 137, 138
1339327.3.peg.4387.site.26, 0, 137, 137
1339327.3.peg.4387.site.27, 21, 137, 158
1339327.3.peg.4387.site.28, 8, 132, 140
1339327.3.peg.4387.site.29, 0, 124, 124
1339327.3.peg.4387.site.30, 51, 134, 185
1339327.3.peg.4387.site.31, 122, 122, 244
1339327.3.peg.4387.site.32, 2, 134, 136
1339327.3.peg.4387.site.33, 1, 136, 137
1339327.3.peg.4387.site.34, 3, 136, 139
1339327.3.peg.4387.site.35, 80, 136, 216
1339327.3.peg.4387.site.36, 3, 136, 139
1339327.3.peg.4387.site.37, 24, 137, 161
1339327.3.peg.3090.site.1, 0, 136, 136
1339327.3.peg.3090.site.2, 2, 136, 138
1339327.3.peg.3090.site.3, 5, 135, 140
1339327.3.peg.3090.site.4, 4, 135, 139
1339327.3.peg.3090.site.5, 1, 130, 131
1339327.3.peg.3090.site.6, 5, 130, 135
1339327.3.peg.3090.site.7, 14, 130, 144
1339327.3.peg.3090.site.8, 2, 123, 125
1339327.3.peg.3090.site.9, 7, 99, 106
1339327.3.peg.3090.site.10, 0, 90, 90
1339327.3.peg.3090.site.11, 4, 97, 101
1339327.3.peg.3095.site.1, 44, 131, 175
1339327.3.peg.3095.site.2, 11, 131, 142
1339327.3.peg.3095.site.3, 2, 132, 134
1339327.3.peg.3095.site.4, 3, 133, 136
1339327.3.peg.3095.site.5, 4, 134, 138
1339327.3.peg.3095.site.6, 1, 134, 135
1339327.3.peg.3095.site.7, 7, 133, 140
1339327.3.peg.3095.site.8, 128, 134, 262
1339327.3.peg.3095.site.9, 1, 136, 137
1339327.3.peg.3095.site.10, 33, 134, 167
1339327.3.peg.3095.site.11, 1, 135, 136
1339327.3.peg.3095.site.12, 102, 135, 237
1339327.3.peg.3095.site.13, 4, 134, 138
1339327.3.peg.3095.site.14, 5, 137, 142
1339327.3.peg.3095.site.15, 1, 137, 138
1339327.3.peg.3095.site.16, 89, 137, 226
1339327.3.peg.3095.site.17, 5, 136, 141
1339327.3.peg.3095.site.18, 25, 136, 161
1339327.3.peg.3095.site.19, 14, 136, 150
1339327.3.peg.3095.site.20, 89, 135, 224
1339327.3.peg.3095.site.21, 3, 136, 139
1339327.3.peg.3095.site.22, 0, 134, 134
1339327.3.peg.3095.site.23, 0, 135, 135
1339327.3.peg.3095.site.24, 31, 135, 166
1339327.3.peg.3095.site.25, 2, 137, 139
1339327.3.peg.3095.site.26, 10, 136, 146
1339327.3.peg.3094.site.1, 1, 124, 125
1339327.3.peg.3094.site.2, 63, 127, 190
1339327.3.peg.3094.site.3, 8, 134, 142
1339327.3.peg.3094.site.4, 1, 131, 132
1339327.3.peg.3094.site.5, 5, 134, 139
1339327.3.peg.3094.site.6, 12, 136, 148
1339327.3.peg.3094.site.7, 11, 134, 145
1339327.3.peg.3094.site.8, 0, 135, 135
1339327.3.peg.3094.site.9, 16, 134, 150
1339327.3.peg.3094.site.10, 2, 134, 136
1339327.3.peg.3094.site.11, 3, 133, 136
1339327.3.peg.3094.site.12, 3, 135, 138
1339327.3.peg.3094.site.13, 3, 135, 138
1339327.3.peg.3094.site.14, 1, 135, 136
1339327.3.peg.3094.site.15, 61, 133, 194
1339327.3.peg.3094.site.16, 11, 135, 146
1339327.3.peg.3094.site.17, 18, 131, 149
1339327.3.peg.3094.site.18, 3, 137, 140
1339327.3.peg.3094.site.19, 76, 134, 210
1339327.3.peg.3094.site.20, 11, 136, 147
1339327.3.peg.3094.site.21, 2, 135, 137
1339327.3.peg.3094.site.22, 27, 135, 162
1339327.3.peg.3094.site.23, 31, 134, 165
1339327.3.peg.3094.site.24, 123, 130, 253
1339327.3.peg.3094.site.25, 0, 130, 130
1339327.3.peg.3094.site.26, 48, 133, 181
1339327.3.peg.3094.site.27, 1, 135, 136
1339327.3.peg.3094.site.28, 1, 135, 136
1339327.3.peg.3097.site.1, 7, 135, 142
1339327.3.peg.3097.site.2, 6, 127, 133
1339327.3.peg.3097.site.3, 2, 117, 119
1339327.3.peg.3097.site.4, 6, 126, 132
1339327.3.peg.3097.site.5, 7, 131, 138
1339327.3.peg.3097.site.6, 5, 134, 139
1339327.3.peg.3097.site.7, 10, 132, 142
1339327.3.peg.3097.site.8, 3, 133, 136
1339327.3.peg.3097.site.9, 3, 130, 133
1339327.3.peg.3097.site.10, 83, 132, 215
1339327.3.peg.3097.site.11, 5, 136, 141
1339327.3.peg.3097.site.12, 10, 136, 146
1339327.3.peg.3097.site.13, 23, 130, 153
1339327.3.peg.3097.site.14, 1, 130, 131
1339327.3.peg.3097.site.15, 4, 124, 128
1339327.3.peg.3097.site.16, 102, 125, 227
1339327.3.peg.3097.site.17, 20, 126, 146
1339327.3.peg.3097.site.18, 59, 129, 188
1339327.3.peg.3097.site.19, 5, 135, 140
1339327.3.peg.3097.site.20, 5, 132, 137
1339327.3.peg.3097.site.21, 2, 125, 127
1339327.3.peg.3097.site.22, 93, 93, 186
1339327.3.peg.3097.site.23, 3, 125, 128
1339327.3.peg.3097.site.24, 17, 131, 148
1339327.3.peg.3096.site.1, 3, 134, 137
1339327.3.peg.3096.site.2, 1, 136, 137
1339327.3.peg.3096.site.3, 89, 89, 178
1339327.3.peg.3096.site.4, 4, 97, 101
1339327.3.peg.3096.site.5, 1, 133, 134
1339327.3.peg.3096.site.6, 0, 134, 134
1339327.3.peg.3096.site.7, 0, 133, 133
1339327.3.peg.3096.site.8, 14, 134, 148
1339327.3.peg.3096.site.9, 15, 132, 147
1339327.3.peg.3096.site.10, 29, 135, 164
1339327.3.peg.3096.site.11, 27, 135, 162
1339327.3.peg.3096.site.12, 0, 130, 130
1339327.3.peg.3096.site.13, 20, 129, 149
1339327.3.peg.3096.site.14, 3, 135, 138
1339327.3.peg.3096.site.15, 3, 135, 138
1339327.3.peg.3096.site.16, 5, 135, 140
1339327.3.peg.3096.site.17, 4, 136, 140
1339327.3.peg.3096.site.18, 0, 136, 136
1339327.3.peg.3096.site.19, 10, 137, 147
1339327.3.peg.3096.site.20, 67, 136, 203
1339327.3.peg.3096.site.21, 2, 136, 138
1339327.3.peg.3096.site.22, 6, 121, 127
1339327.3.peg.3259.site.1, 1, 135, 136
1339327.3.peg.3259.site.2, 23, 136, 159
1339327.3.peg.3259.site.3, 0, 137, 137
1339327.3.peg.3259.site.4, 23, 137, 160
1339327.3.peg.3259.site.5, 7, 135, 142
1339327.3.peg.3259.site.6, 107, 126, 233
1339327.3.peg.3259.site.7, 1, 131, 132
1339327.3.peg.3259.site.8, 3, 135, 138
1339327.3.peg.3258.site.1, 0, 133, 133
1339327.3.peg.3258.site.2, 45, 136, 181
1339327.3.peg.3258.site.3, 38, 136, 174
1339327.3.peg.3253.site.1, 6, 136, 142
1339327.3.peg.3253.site.2, 1, 136, 137
1339327.3.peg.3253.site.3, 3, 135, 138
1339327.3.peg.3253.site.4, 13, 136, 149
1339327.3.peg.3253.site.5, 1, 136, 137
1339327.3.peg.3253.site.6, 7, 136, 143
1339327.3.peg.3253.site.7, 57, 136, 193
1339327.3.peg.3253.site.8, 1, 127, 128
1339327.3.peg.3253.site.9, 3, 136, 139
1339327.3.peg.3253.site.10, 12, 136, 148
1339327.3.peg.3252.site.1, 0, 133, 133
1339327.3.peg.3252.site.2, 8, 135, 143
1339327.3.peg.3252.site.3, 0, 134, 134
1339327.3.peg.3252.site.4, 11, 134, 145
1339327.3.peg.3252.site.5, 0, 135, 135
1339327.3.peg.3252.site.6, 1, 132, 133
1339327.3.peg.3252.site.7, 13, 134, 147
1339327.3.peg.3252.site.8, 2, 136, 138
1339327.3.peg.3252.site.9, 91, 135, 226
1339327.3.peg.3252.site.10, 3, 135, 138
1339327.3.peg.3252.site.11, 0, 136, 136
1339327.3.peg.3252.site.12, 3, 135, 138
1339327.3.peg.3252.site.13, 5, 134, 139
1339327.3.peg.3252.site.14, 5, 129, 134
1339327.3.peg.3252.site.15, 6, 100, 106
1339327.3.peg.3252.site.16, 1, 98, 99
1339327.3.peg.2308.site.1, 2, 134, 136
1339327.3.peg.2308.site.2, 1, 134, 135
1339327.3.peg.2308.site.3, 1, 136, 137
1339327.3.peg.2308.site.4, 27, 134, 161
1339327.3.peg.2308.site.5, 1, 135, 136
1339327.3.peg.2308.site.6, 31, 135, 166
1339327.3.peg.2308.site.7, 5, 136, 141
1339327.3.peg.2308.site.8, 1, 137, 138
1339327.3.peg.2308.site.9, 0, 135, 135
1339327.3.peg.2308.site.10, 0, 134, 134
1339327.3.peg.2308.site.11, 0, 132, 132
1339327.3.peg.2308.site.12, 10, 134, 144
1339327.3.peg.2308.site.13, 22, 136, 158
1339327.3.peg.2308.site.14, 3, 136, 139
1339327.3.peg.2308.site.15, 52, 135, 187
1339327.3.peg.2308.site.16, 0, 133, 133
1339327.3.peg.2308.site.17, 46, 136, 182
1339327.3.peg.2308.site.18, 3, 137, 140
1339327.3.peg.2308.site.19, 1, 135, 136
1339327.3.peg.2308.site.20, 8, 137, 145
1339327.3.peg.2308.site.21, 2, 136, 138
1339327.3.peg.2309.site.1, 0, 127, 127
1339327.3.peg.2309.site.2, 6, 131, 137
1339327.3.peg.2309.site.3, 10, 130, 140
1339327.3.peg.2309.site.4, 3, 136, 139
1339327.3.peg.2309.site.5, 3, 133, 136
1339327.3.peg.2309.site.6, 14, 134, 148
1339327.3.peg.2309.site.7, 26, 133, 159
1339327.3.peg.2309.site.8, 3, 136, 139
1339327.3.peg.2309.site.9, 0, 135, 135
1339327.3.peg.2309.site.10, 1, 135, 136
1339327.3.peg.2309.site.11, 16, 135, 151
1339327.3.peg.2309.site.12, 1, 135, 136
1339327.3.peg.2309.site.13, 8, 132, 140
1339327.3.peg.2309.site.14, 22, 135, 157
1339327.3.peg.2309.site.15, 0, 134, 134
1339327.3.peg.2309.site.16, 4, 134, 138
1339327.3.peg.2309.site.17, 5, 136, 141
1339327.3.peg.2309.site.18, 6, 134, 140
1339327.3.peg.2309.site.19, 11, 135, 146
1339327.3.peg.2309.site.20, 68, 134, 202
1339327.3.peg.2309.site.21, 5, 132, 137
1339327.3.peg.2309.site.22, 6, 132, 138
1339327.3.peg.2309.site.23, 71, 133, 204
1339327.3.peg.2309.site.24, 7, 136, 143
1339327.3.peg.2309.site.25, 3, 136, 139
1339327.3.peg.3257.site.1, 7, 135, 142
1339327.3.peg.3257.site.2, 0, 134, 134
1339327.3.peg.3257.site.3, 2, 135, 137
1339327.3.peg.3257.site.4, 3, 135, 138
1339327.3.peg.3257.site.5, 1, 135, 136
1339327.3.peg.3257.site.6, 15, 134, 149
1339327.3.peg.3257.site.7, 3, 133, 136
1339327.3.peg.3257.site.8, 3, 132, 135
1339327.3.peg.3257.site.9, 0, 133, 133
1339327.3.peg.3257.site.10, 6, 134, 140
1339327.3.peg.3257.site.11, 0, 133, 133
1339327.3.peg.3257.site.12, 75, 135, 210
1339327.3.peg.3257.site.13, 0, 134, 134
1339327.3.peg.3257.site.14, 8, 134, 142
1339327.3.peg.3257.site.15, 13, 135, 148
1339327.3.peg.3257.site.16, 1, 133, 134
1339327.3.peg.3257.site.17, 1, 133, 134
1339327.3.peg.3257.site.18, 73, 132, 205
1339327.3.peg.3257.site.19, 1, 133, 134
1339327.3.peg.3257.site.20, 8, 134, 142
1339327.3.peg.3257.site.21, 1, 135, 136
1339327.3.peg.3257.site.22, 29, 133, 162
1339327.3.peg.3257.site.23, 40, 132, 172
1339327.3.peg.3257.site.24, 123, 135, 258
1339327.3.peg.3257.site.25, 1, 137, 138
1339327.3.peg.3257.site.26, 1, 135, 136
1339327.3.peg.3257.site.27, 1, 136, 137
1339327.3.peg.3257.site.28, 50, 136, 186
1339327.3.peg.3257.site.29, 2, 136, 138
1339327.3.peg.3256.site.1, 0, 134, 134
1339327.3.peg.3256.site.2, 2, 133, 135
1339327.3.peg.3256.site.3, 3, 134, 137
1339327.3.peg.3256.site.4, 16, 132, 148
1339327.3.peg.3256.site.5, 89, 137, 226
1339327.3.peg.3256.site.6, 0, 133, 133
1339327.3.peg.3256.site.7, 2, 135, 137
1339327.3.peg.3256.site.8, 4, 135, 139
1339327.3.peg.3256.site.9, 2, 136, 138
1339327.3.peg.3256.site.10, 4, 137, 141
1339327.3.peg.3256.site.11, 3, 136, 139
1339327.3.peg.3256.site.12, 6, 134, 140
1339327.3.peg.3256.site.13, 0, 135, 135
1339327.3.peg.3256.site.14, 45, 136, 181
1339327.3.peg.3256.site.15, 2, 134, 136
1339327.3.peg.3256.site.16, 4, 132, 136
1339327.3.peg.3255.site.1, 0, 135, 135
1339327.3.peg.3255.site.2, 9, 135, 144
1339327.3.peg.3254.site.1, 2, 134, 136
1339327.3.peg.3254.site.2, 1, 137, 138
1339327.3.peg.3254.site.3, 2, 136, 138
1339327.3.peg.3254.site.4, 0, 136, 136
1339327.3.peg.3254.site.5, 13, 135, 148
1339327.3.peg.3254.site.6, 2, 133, 135
1339327.3.peg.3254.site.7, 24, 137, 161
1339327.3.peg.500.site.1, 5, 130, 135
1339327.3.peg.500.site.2, 1, 131, 132
1339327.3.peg.500.site.3, 7, 131, 138
1339327.3.peg.500.site.4, 5, 132, 137
1339327.3.peg.500.site.5, 12, 132, 144
1339327.3.peg.500.site.6, 0, 132, 132
1339327.3.peg.500.site.7, 11, 132, 143
1339327.3.peg.500.site.8, 14, 132, 146
1339327.3.peg.500.site.9, 48, 132, 180
1339327.3.peg.500.site.10, 113, 130, 243
1339327.3.peg.500.site.11, 4, 131, 135
1339327.3.peg.500.site.12, 0, 132, 132
1339327.3.peg.500.site.13, 56, 130, 186
1339327.3.peg.500.site.14, 57, 132, 189
1339327.3.peg.500.site.15, 7, 132, 139
1339327.3.peg.500.site.16, 2, 132, 134
1339327.3.peg.500.site.17, 66, 130, 196
1339327.3.peg.500.site.18, 41, 131, 172
1339327.3.peg.500.site.19, 60, 131, 191
1339327.3.peg.500.site.20, 0, 132, 132
1339327.3.peg.500.site.21, 0, 132, 132
1339327.3.peg.500.site.22, 11, 132, 143
1339327.3.peg.500.site.23, 3, 132, 135
1339327.3.peg.500.site.24, 3, 132, 135
1339327.3.peg.500.site.25, 0, 131, 131
1339327.3.peg.500.site.26, 1, 131, 132
1339327.3.peg.500.site.27, 0, 131, 131
1339327.3.peg.500.site.28, 0, 131, 131
1339327.3.peg.500.site.29, 0, 132, 132
1339327.3.peg.500.site.30, 46, 132, 178
1339327.3.peg.500.site.31, 39, 131, 170
1339327.3.peg.500.site.32, 25, 131, 156
1339327.3.peg.500.site.33, 25, 129, 154
1339327.3.peg.500.site.34, 25, 131, 156
1339327.3.peg.500.site.35, 25, 132, 157
1339327.3.peg.500.site.36, 7, 113, 120
1339327.3.peg.500.site.37, 5, 116, 121
1339327.3.peg.500.site.38, 14, 125, 139
1339327.3.peg.500.site.39, 3, 131, 134
1339327.3.peg.500.site.40, 3, 132, 135
1339327.3.peg.500.site.41, 5, 132, 137
1339327.3.peg.500.site.42, 16, 132, 148
1339327.3.peg.500.site.43, 0, 131, 131
1339327.3.peg.4861.site.1, 95, 132, 227
1339327.3.peg.4861.site.2, 5, 131, 136
1339327.3.peg.4861.site.3, 2, 131, 133
1339327.3.peg.4861.site.4, 1, 137, 138
1339327.3.peg.4861.site.5, 4, 137, 141
1339327.3.peg.4861.site.6, 2, 135, 137
1339327.3.peg.4861.site.7, 13, 131, 144
1339327.3.peg.4861.site.8, 1, 132, 133
1339327.3.peg.4861.site.9, 2, 134, 136
1339327.3.peg.4861.site.10, 0, 133, 133
1339327.3.peg.4861.site.11, 5, 135, 140
1339327.3.peg.4861.site.12, 2, 135, 137
1339327.3.peg.4861.site.13, 0, 135, 135
1339327.3.peg.4861.site.14, 2, 135, 137
1339327.3.peg.4861.site.15, 0, 131, 131
1339327.3.peg.4861.site.16, 3, 133, 136
1339327.3.peg.4861.site.17, 2, 131, 133
1339327.3.peg.4861.site.18, 21, 131, 152
1339327.3.peg.4861.site.19, 20, 125, 145
1339327.3.peg.4861.site.20, 4, 121, 125
1339327.3.peg.4861.site.21, 0, 125, 125
1339327.3.peg.4861.site.22, 0, 132, 132
1339327.3.peg.4861.site.23, 18, 134, 152
1339327.3.peg.4861.site.24, 10, 134, 144
1339327.3.peg.4861.site.25, 11, 135, 146
1339327.3.peg.4861.site.26, 1, 136, 137
1339327.3.peg.4861.site.27, 1, 136, 137
1339327.3.peg.4861.site.28, 21, 136, 157
1339327.3.peg.4861.site.29, 1, 135, 136
1339327.3.peg.4861.site.30, 26, 137, 163
1339327.3.peg.4861.site.31, 0, 133, 133
1339327.3.peg.4861.site.32, 0, 119, 119
1339327.3.peg.4861.site.33, 0, 125, 125
1339327.3.peg.4861.site.34, 3, 121, 124
1339327.3.peg.4861.site.35, 11, 135, 146
1339327.3.peg.4861.site.36, 66, 129, 195
1339327.3.peg.4861.site.37, 6, 132, 138
1339327.3.peg.4861.site.38, 0, 131, 131
1339327.3.peg.4861.site.39, 0, 128, 128
1339327.3.peg.4861.site.40, 3, 120, 123
1339327.3.peg.4861.site.41, 10, 122, 132
1339327.3.peg.4861.site.42, 11, 131, 142
1339327.3.peg.4861.site.43, 6, 134, 140
1339327.3.peg.4861.site.44, 3, 128, 131
1339327.3.peg.4861.site.45, 4, 126, 130
1339327.3.peg.4861.site.46, 4, 127, 131
1339327.3.peg.4861.site.47, 1, 127, 128
1339327.3.peg.4861.site.48, 24, 133, 157
1339327.3.peg.4861.site.49, 3, 133, 136
1339327.3.peg.4861.site.50, 30, 135, 165
1339327.3.peg.4861.site.51, 2, 136, 138
1339327.3.peg.4861.site.52, 14, 135, 149
1339327.3.peg.5027.site.1, 68, 134, 202
1339327.3.peg.5027.site.2, 0, 137, 137
1339327.3.peg.5027.site.3, 6, 137, 143
1339327.3.peg.5027.site.4, 2, 137, 139
1339327.3.peg.5027.site.5, 4, 136, 140
1339327.3.peg.5027.site.6, 0, 137, 137
1339327.3.peg.5027.site.7, 2, 137, 139
1339327.3.peg.5027.site.8, 14, 136, 150
1339327.3.peg.5027.site.9, 3, 137, 140
1339327.3.peg.5027.site.10, 8, 135, 143
1339327.3.peg.5027.site.11, 3, 136, 139
1339327.3.peg.5027.site.12, 11, 136, 147
1339327.3.peg.5027.site.13, 1, 136, 137
1339327.3.peg.5027.site.14, 8, 136, 144
1339327.3.peg.5027.site.15, 7, 137, 144
1339327.3.peg.5027.site.16, 1, 137, 138
1339327.3.peg.5027.site.17, 10, 136, 146
1339327.3.peg.5027.site.18, 2, 136, 138
1339327.3.peg.5027.site.19, 14, 136, 150
1339327.3.peg.5027.site.20, 8, 137, 145
1339327.3.peg.5027.site.21, 0, 137, 137
1339327.3.peg.4860.site.1, 3, 132, 135
1339327.3.peg.4860.site.2, 1, 136, 137
1339327.3.peg.4860.site.3, 3, 134, 137
1339327.3.peg.969.site.1, 2, 137, 139
1339327.3.peg.969.site.2, 1, 136, 137
1339327.3.peg.969.site.3, 86, 135, 221
1339327.3.peg.969.site.4, 1, 134, 135
1339327.3.peg.969.site.5, 7, 136, 143
1339327.3.peg.969.site.6, 1, 137, 138
1339327.3.peg.969.site.7, 36, 127, 163
1339327.3.peg.969.site.8, 4, 121, 125
1339327.3.peg.969.site.9, 4, 121, 125
1339327.3.peg.969.site.10, 4, 121, 125
1339327.3.peg.969.site.11, 2, 122, 124
1339327.3.peg.969.site.12, 4, 122, 126
1339327.3.peg.969.site.13, 3, 127, 130
1339327.3.peg.969.site.14, 44, 136, 180
1339327.3.peg.969.site.15, 0, 136, 136
1339327.3.peg.969.site.16, 2, 137, 139
1339327.3.peg.969.site.17, 1, 137, 138
1339327.3.peg.969.site.18, 62, 135, 197
1339327.3.peg.969.site.19, 2, 137, 139
1339327.3.peg.969.site.20, 1, 136, 137
1339327.3.peg.961.site.1, 28, 137, 165
1339327.3.peg.961.site.2, 11, 137, 148
1339327.3.peg.961.site.3, 0, 137, 137
1339327.3.peg.961.site.4, 11, 137, 148
1339327.3.peg.961.site.5, 5, 135, 140
1339327.3.peg.961.site.6, 4, 136, 140
1339327.3.peg.961.site.7, 6, 137, 143
1339327.3.peg.961.site.8, 0, 135, 135
1339327.3.peg.961.site.9, 2, 137, 139
1339327.3.peg.961.site.10, 1, 136, 137
1339327.3.peg.961.site.11, 121, 137, 258
1339327.3.peg.961.site.12, 5, 134, 139
1339327.3.peg.961.site.13, 18, 133, 151
1339327.3.peg.961.site.14, 0, 133, 133
1339327.3.peg.960.site.1, 0, 136, 136
1339327.3.peg.960.site.2, 3, 137, 140
1339327.3.peg.960.site.3, 0, 132, 132
1339327.3.peg.960.site.4, 6, 130, 136
1339327.3.peg.960.site.5, 0, 136, 136
1339327.3.peg.960.site.6, 3, 137, 140
1339327.3.peg.960.site.7, 2, 136, 138
1339327.3.peg.960.site.8, 3, 135, 138
1339327.3.peg.960.site.9, 24, 135, 159
1339327.3.peg.960.site.10, 10, 134, 144
1339327.3.peg.960.site.11, 10, 135, 145
1339327.3.peg.960.site.12, 6, 136, 142
1339327.3.peg.960.site.13, 6, 135, 141
1339327.3.peg.960.site.14, 1, 136, 137
1339327.3.peg.960.site.15, 131, 137, 268
1339327.3.peg.960.site.16, 1, 137, 138
1339327.3.peg.960.site.17, 19, 137, 156
1339327.3.peg.960.site.18, 2, 137, 139
1339327.3.peg.960.site.19, 0, 136, 136
1339327.3.peg.960.site.20, 8, 135, 143
1339327.3.peg.960.site.21, 0, 135, 135
1339327.3.peg.960.site.22, 0, 134, 134
1339327.3.peg.960.site.23, 14, 135, 149
1339327.3.peg.960.site.24, 0, 135, 135
1339327.3.peg.960.site.25, 11, 135, 146
1339327.3.peg.960.site.26, 0, 135, 135
1339327.3.peg.960.site.27, 1, 136, 137
1339327.3.peg.960.site.28, 130, 136, 266
1339327.3.peg.960.site.29, 3, 133, 136
1339327.3.peg.960.site.30, 25, 135, 160
1339327.3.peg.960.site.31, 0, 137, 137
1339327.3.peg.960.site.32, 9, 136, 145
1339327.3.peg.960.site.33, 4, 135, 139
1339327.3.peg.960.site.34, 5, 137, 142
1339327.3.peg.960.site.35, 13, 136, 149
1339327.3.peg.960.site.36, 0, 137, 137
1339327.3.peg.960.site.37, 0, 135, 135
1339327.3.peg.960.site.38, 11, 137, 148
1339327.3.peg.962.site.1, 8, 133, 141
1339327.3.peg.962.site.2, 0, 133, 133
1339327.3.peg.962.site.3, 49, 135, 184
1339327.3.peg.962.site.4, 3, 135, 138
1339327.3.peg.962.site.5, 11, 135, 146
1339327.3.peg.962.site.6, 14, 136, 150
1339327.3.peg.962.site.7, 7, 137, 144
1339327.3.peg.962.site.8, 23, 137, 160
1339327.3.peg.962.site.9, 92, 137, 229
1339327.3.peg.962.site.10, 0, 137, 137
1339327.3.peg.962.site.11, 3, 137, 140
1339327.3.peg.962.site.12, 41, 137, 178
1339327.3.peg.962.site.13, 82, 137, 219
1339327.3.peg.962.site.14, 0, 137, 137
1339327.3.peg.962.site.15, 12, 137, 149
1339327.3.peg.962.site.16, 12, 136, 148
1339327.3.peg.962.site.17, 3, 136, 139
1339327.3.peg.962.site.18, 6, 136, 142
1339327.3.peg.962.site.19, 4, 137, 141
1339327.3.peg.962.site.20, 16, 135, 151
1339327.3.peg.962.site.21, 3, 136, 139
1339327.3.peg.962.site.22, 3, 133, 136
1339327.3.peg.962.site.23, 80, 137, 217
1339327.3.peg.962.site.24, 116, 137, 253
1339327.3.peg.962.site.25, 0, 136, 136
1339327.3.peg.962.site.26, 0, 136, 136
1339327.3.peg.4863.site.1, 2, 136, 138
1339327.3.peg.4863.site.2, 31, 136, 167
1339327.3.peg.4863.site.3, 0, 136, 136
1339327.3.peg.4863.site.4, 3, 137, 140
1339327.3.peg.4863.site.5, 3, 136, 139
1339327.3.peg.4863.site.6, 15, 137, 152
1339327.3.peg.4863.site.7, 1, 137, 138
1339327.3.peg.4863.site.8, 80, 135, 215
1339327.3.peg.4863.site.9, 44, 136, 180
1339327.3.peg.4863.site.10, 131, 137, 268
1339327.3.peg.4863.site.11, 66, 135, 201
1339327.3.peg.4863.site.12, 12, 134, 146
1339327.3.peg.4863.site.13, 4, 136, 140
1339327.3.peg.4863.site.14, 37, 137, 174
1339327.3.peg.4863.site.15, 7, 137, 144
1339327.3.peg.4863.site.16, 5, 135, 140
1339327.3.peg.4863.site.17, 2, 136, 138
1339327.3.peg.4863.site.18, 12, 135, 147
1339327.3.peg.4863.site.19, 111, 131, 242
1339327.3.peg.4863.site.20, 3, 131, 134
1339327.3.peg.4863.site.21, 4, 133, 137
1339327.3.peg.4863.site.22, 5, 137, 142
1339327.3.peg.4863.site.23, 32, 137, 169
1339327.3.peg.4863.site.24, 25, 135, 160
1339327.3.peg.4863.site.25, 5, 137, 142
1339327.3.peg.4863.site.26, 2, 136, 138
1339327.3.peg.4863.site.27, 4, 134, 138
1339327.3.peg.4863.site.28, 2, 137, 139
1339327.3.peg.4863.site.29, 71, 137, 208
1339327.3.peg.4863.site.30, 46, 137, 183
1339327.3.peg.4863.site.31, 1, 136, 137
1339327.3.peg.4863.site.32, 19, 137, 156
1339327.3.peg.4863.site.33, 52, 135, 187
1339327.3.peg.4863.site.34, 28, 137, 165
1339327.3.peg.4863.site.35, 0, 137, 137
1339327.3.peg.4863.site.36, 1, 136, 137
1339327.3.peg.4863.site.37, 2, 137, 139
1339327.3.peg.4863.site.38, 4, 136, 140
1339327.3.peg.4863.site.39, 7, 137, 144
1339327.3.peg.4863.site.40, 6, 137, 143
1339327.3.peg.4863.site.41, 8, 136, 144
1339327.3.peg.4863.site.42, 36, 136, 172
1339327.3.peg.4863.site.43, 129, 137, 266
1339327.3.peg.4863.site.44, 3, 135, 138
1339327.3.peg.4863.site.45, 0, 136, 136
1339327.3.peg.4863.site.46, 2, 134, 136
1339327.3.peg.4863.site.47, 5, 134, 139
1339327.3.peg.4863.site.48, 2, 135, 137
1339327.3.peg.4863.site.49, 84, 135, 219
1339327.3.peg.4863.site.50, 0, 135, 135
1339327.3.peg.4863.site.51, 75, 134, 209
1339327.3.peg.4863.site.52, 16, 136, 152
1339327.3.peg.4863.site.53, 72, 137, 209
1339327.3.peg.4863.site.54, 5, 137, 142
1339327.3.peg.4863.site.55, 15, 137, 152
1339327.3.peg.4863.site.56, 1, 136, 137
1339327.3.peg.4863.site.57, 4, 137, 141
1339327.3.peg.4863.site.58, 60, 136, 196
1339327.3.peg.4863.site.59, 3, 137, 140
1339327.3.peg.4863.site.60, 3, 137, 140
1339327.3.peg.4863.site.61, 114, 136, 250
1339327.3.peg.4863.site.62, 8, 136, 144
1339327.3.peg.4863.site.63, 2, 137, 139
1339327.3.peg.4863.site.64, 7, 137, 144
1339327.3.peg.4863.site.65, 6, 137, 143
1339327.3.peg.4863.site.66, 3, 135, 138
1339327.3.peg.4863.site.67, 0, 135, 135
1339327.3.peg.4863.site.68, 0, 136, 136
1339327.3.peg.4417.site.1, 1, 137, 138
1339327.3.peg.4417.site.2, 10, 137, 147
1339327.3.peg.4417.site.3, 17, 135, 152
1339327.3.peg.4417.site.4, 0, 134, 134
1339327.3.peg.4417.site.5, 0, 137, 137
1339327.3.peg.4417.site.6, 1, 137, 138
1339327.3.peg.4417.site.7, 107, 136, 243
1339327.3.peg.4417.site.8, 1, 136, 137
1339327.3.peg.4417.site.9, 1, 136, 137
1339327.3.peg.4417.site.10, 11, 137, 148
1339327.3.peg.4417.site.11, 1, 137, 138
1339327.3.peg.4417.site.12, 2, 136, 138
1339327.3.peg.4417.site.13, 1, 137, 138
1339327.3.peg.4417.site.14, 1, 136, 137
1339327.3.peg.4417.site.15, 4, 136, 140
1339327.3.peg.4417.site.16, 44, 137, 181
1339327.3.peg.4417.site.17, 2, 133, 135
1339327.3.peg.4417.site.18, 7, 132, 139
1339327.3.peg.4417.site.19, 4, 131, 135
1339327.3.peg.4417.site.20, 1, 137, 138
1339327.3.peg.4417.site.21, 0, 136, 136
1339327.3.peg.4417.site.22, 10, 136, 146
1339327.3.peg.4417.site.23, 91, 137, 228
1339327.3.peg.4417.site.24, 55, 137, 192
1339327.3.peg.4417.site.25, 3, 137, 140
1339327.3.peg.4417.site.26, 7, 137, 144
1339327.3.peg.4412.site.1, 0, 134, 134
1339327.3.peg.4412.site.2, 0, 120, 120
1339327.3.peg.4412.site.3, 64, 76, 140
1339327.3.peg.4412.site.4, 47, 62, 109
1339327.3.peg.4412.site.5, 0, 103, 103
1339327.3.peg.4862.site.1, 2, 137, 139
1339327.3.peg.4555.site.1, 37, 137, 174
1339327.3.peg.4555.site.2, 29, 136, 165
1339327.3.peg.4555.site.3, 0, 137, 137
1339327.3.peg.4555.site.4, 2, 136, 138
1339327.3.peg.4555.site.5, 0, 137, 137
1339327.3.peg.4555.site.6, 11, 137, 148
1339327.3.peg.4555.site.7, 59, 136, 195
1339327.3.peg.4555.site.8, 4, 137, 141
1339327.3.peg.4555.site.9, 0, 122, 122
1339327.3.peg.4555.site.10, 79, 135, 214
1339327.3.peg.4555.site.11, 0, 136, 136
1339327.3.peg.4555.site.12, 5, 135, 140
1339327.3.peg.4555.site.13, 1, 136, 137
1339327.3.peg.4555.site.14, 127, 136, 263
1339327.3.peg.4555.site.15, 1, 136, 137
1339327.3.peg.4555.site.16, 0, 135, 135
1339327.3.peg.4555.site.17, 1, 136, 137
1339327.3.peg.4555.site.18, 59, 137, 196
1339327.3.peg.4555.site.19, 55, 136, 191
1339327.3.peg.4555.site.20, 57, 137, 194
1339327.3.peg.4556.site.1, 2, 134, 136
1339327.3.peg.4556.site.2, 2, 136, 138
1339327.3.peg.4556.site.3, 3, 137, 140
1339327.3.peg.4556.site.4, 0, 136, 136
1339327.3.peg.4556.site.5, 2, 136, 138
1339327.3.peg.4556.site.6, 1, 137, 138
1339327.3.peg.4556.site.7, 1, 137, 138
1339327.3.peg.4556.site.8, 2, 137, 139
1339327.3.peg.4556.site.9, 3, 136, 139
1339327.3.peg.4556.site.10, 20, 137, 157
1339327.3.peg.4556.site.11, 7, 137, 144
1339327.3.peg.4556.site.12, 1, 137, 138
1339327.3.peg.4556.site.13, 11, 137, 148
1339327.3.peg.4556.site.14, 0, 136, 136
1339327.3.peg.4556.site.15, 127, 136, 263
1339327.3.peg.4556.site.16, 0, 134, 134
1339327.3.peg.4418.site.1, 8, 136, 144
1339327.3.peg.4418.site.2, 12, 135, 147
1339327.3.peg.4418.site.3, 8, 137, 145
1339327.3.peg.4418.site.4, 1, 137, 138
1339327.3.peg.4418.site.5, 1, 137, 138
1339327.3.peg.4418.site.6, 18, 137, 155
1339327.3.peg.4418.site.7, 3, 137, 140
1339327.3.peg.4418.site.8, 100, 134, 234
1339327.3.peg.4418.site.9, 11, 133, 144
1339327.3.peg.4418.site.10, 16, 136, 152
1339327.3.peg.4418.site.11, 3, 136, 139
1339327.3.peg.4418.site.12, 13, 137, 150
1339327.3.peg.4418.site.13, 5, 135, 140
1339327.3.peg.4418.site.14, 23, 135, 158
1339327.3.peg.4418.site.15, 2, 133, 135
1339327.3.peg.4418.site.16, 2, 134, 136
1339327.3.peg.4418.site.17, 1, 135, 136
1339327.3.peg.4418.site.18, 1, 137, 138
1339327.3.peg.4418.site.19, 2, 137, 139
1339327.3.peg.4418.site.20, 11, 136, 147
1339327.3.peg.4418.site.21, 92, 136, 228
1339327.3.peg.4418.site.22, 26, 133, 159
1339327.3.peg.4418.site.23, 1, 136, 137
1339327.3.peg.4418.site.24, 1, 136, 137
1339327.3.peg.4418.site.25, 19, 137, 156
1339327.3.peg.4418.site.26, 3, 136, 139
1339327.3.peg.4418.site.27, 0, 137, 137
1339327.3.peg.4418.site.28, 28, 136, 164
1339327.3.peg.4418.site.29, 2, 136, 138
1339327.3.peg.4418.site.30, 1, 136, 137
1339327.3.peg.4418.site.31, 2, 136, 138
1339327.3.peg.4418.site.32, 3, 136, 139
1339327.3.peg.4418.site.33, 1, 136, 137
1339327.3.peg.4418.site.34, 1, 137, 138
1339327.3.peg.4418.site.35, 1, 136, 137
1339327.3.peg.4418.site.36, 1, 135, 136
1339327.3.peg.4418.site.37, 7, 135, 142
1339327.3.peg.4418.site.38, 16, 136, 152
1339327.3.peg.4419.site.1, 11, 136, 147
1339327.3.peg.4419.site.2, 1, 136, 137
1339327.3.peg.4419.site.3, 5, 137, 142
1339327.3.peg.4419.site.4, 24, 137, 161
1339327.3.peg.4419.site.5, 3, 135, 138
1339327.3.peg.4419.site.6, 3, 137, 140
1339327.3.peg.4419.site.7, 111, 134, 245
1339327.3.peg.4419.site.8, 2, 136, 138
1339327.3.peg.4419.site.9, 3, 136, 139
1339327.3.peg.4419.site.10, 2, 136, 138
1339327.3.peg.4419.site.11, 3, 136, 139
1339327.3.peg.4419.site.12, 3, 136, 139
1339327.3.peg.4419.site.13, 2, 136, 138
1339327.3.peg.4419.site.14, 3, 135, 138
1339327.3.peg.4078.site.1, 4, 136, 140
1339327.3.peg.4078.site.2, 1, 137, 138
1339327.3.peg.4078.site.3, 13, 137, 150
1339327.3.peg.4078.site.4, 122, 137, 259
1339327.3.peg.4078.site.5, 2, 137, 139
1339327.3.peg.4078.site.6, 0, 135, 135
1339327.3.peg.4079.site.1, 8, 135, 143
1339327.3.peg.4079.site.2, 3, 136, 139
1339327.3.peg.4079.site.3, 1, 137, 138
1339327.3.peg.4079.site.4, 1, 137, 138
1339327.3.peg.4079.site.5, 0, 136, 136
1339327.3.peg.4553.site.1, 13, 130, 143
1339327.3.peg.4553.site.2, 1, 127, 128
1339327.3.peg.4553.site.3, 40, 110, 150
1339327.3.peg.4553.site.4, 2, 129, 131
1339327.3.peg.4553.site.5, 0, 135, 135
1339327.3.peg.4553.site.6, 62, 135, 197
1339327.3.peg.4553.site.7, 0, 136, 136
1339327.3.peg.4553.site.8, 2, 137, 139
1339327.3.peg.4553.site.9, 0, 136, 136
1339327.3.peg.4553.site.10, 7, 135, 142
1339327.3.peg.4553.site.11, 2, 136, 138
1339327.3.peg.4553.site.12, 1, 137, 138
1339327.3.peg.4553.site.13, 84, 137, 221
1339327.3.peg.4553.site.14, 1, 136, 137
1339327.3.peg.4553.site.15, 0, 135, 135
1339327.3.peg.4553.site.16, 0, 136, 136
1339327.3.peg.4553.site.17, 1, 137, 138
1339327.3.peg.4553.site.18, 0, 136, 136
1339327.3.peg.4553.site.19, 1, 135, 136
1339327.3.peg.4553.site.20, 125, 135, 260
1339327.3.peg.4553.site.21, 1, 135, 136
1339327.3.peg.4553.site.22, 26, 135, 161
1339327.3.peg.4553.site.23, 4, 134, 138
1339327.3.peg.4553.site.24, 22, 137, 159
1339327.3.peg.4553.site.25, 1, 137, 138
1339327.3.peg.4553.site.26, 65, 137, 202
1339327.3.peg.4553.site.27, 3, 137, 140
1339327.3.peg.4553.site.28, 21, 136, 157
1339327.3.peg.4553.site.29, 25, 134, 159
1339327.3.peg.4553.site.30, 8, 134, 142
1339327.3.peg.4553.site.31, 48, 135, 183
1339327.3.peg.4553.site.32, 47, 134, 181
1339327.3.peg.4553.site.33, 48, 135, 183
1339327.3.peg.4553.site.34, 66, 136, 202
1339327.3.peg.4553.site.35, 21, 135, 156
1339327.3.peg.4553.site.36, 3, 137, 140
1339327.3.peg.4553.site.37, 4, 136, 140
1339327.3.peg.4553.site.38, 77, 137, 214
1339327.3.peg.4076.site.1, 17, 135, 152
1339327.3.peg.4076.site.2, 6, 135, 141
1339327.3.peg.4076.site.3, 7, 135, 142
1339327.3.peg.4076.site.4, 7, 134, 141
1339327.3.peg.4076.site.5, 34, 137, 171
1339327.3.peg.4076.site.6, 51, 137, 188
1339327.3.peg.4076.site.7, 0, 137, 137
1339327.3.peg.4076.site.8, 8, 136, 144
1339327.3.peg.4076.site.9, 4, 135, 139
1339327.3.peg.4077.site.1, 2, 137, 139
1339327.3.peg.4077.site.2, 9, 136, 145
1339327.3.peg.4077.site.3, 3, 137, 140
1339327.3.peg.4077.site.4, 2, 137, 139
1339327.3.peg.4077.site.5, 4, 137, 141
1339327.3.peg.4077.site.6, 3, 137, 140
1339327.3.peg.4077.site.7, 113, 134, 247
1339327.3.peg.4077.site.8, 2, 136, 138
1339327.3.peg.4077.site.9, 0, 136, 136
1339327.3.peg.4077.site.10, 31, 136, 167
1339327.3.peg.4077.site.11, 2, 134, 136
1339327.3.peg.4077.site.12, 18, 137, 155
1339327.3.peg.4077.site.13, 5, 136, 141
1339327.3.peg.4077.site.14, 39, 135, 174
1339327.3.peg.4077.site.15, 36, 134, 170
1339327.3.peg.4077.site.16, 2, 136, 138
1339327.3.peg.4074.site.1, 76, 136, 212
1339327.3.peg.4075.site.1, 22, 136, 158
1339327.3.peg.4075.site.2, 1, 137, 138
1339327.3.peg.4075.site.3, 2, 136, 138
1339327.3.peg.4075.site.4, 12, 136, 148
1339327.3.peg.4075.site.5, 30, 135, 165
1339327.3.peg.4075.site.6, 0, 136, 136
1339327.3.peg.4075.site.7, 0, 136, 136
1339327.3.peg.4075.site.8, 104, 136, 240
1339327.3.peg.4075.site.9, 0, 137, 137
1339327.3.peg.4075.site.10, 2, 135, 137
1339327.3.peg.4075.site.11, 0, 135, 135
1339327.3.peg.4075.site.12, 11, 136, 147
1339327.3.peg.4864.site.1, 104, 137, 241
1339327.3.peg.4864.site.2, 16, 136, 152
1339327.3.peg.4864.site.3, 0, 136, 136
1339327.3.peg.4864.site.4, 0, 136, 136
1339327.3.peg.4864.site.5, 29, 137, 166
1339327.3.peg.4864.site.6, 81, 137, 218
1339327.3.peg.4864.site.7, 118, 137, 255
1339327.3.peg.4864.site.8, 1, 135, 136
1339327.3.peg.4864.site.9, 8, 137, 145
1339327.3.peg.4864.site.10, 11, 136, 147
1339327.3.peg.4864.site.11, 1, 137, 138
1339327.3.peg.4864.site.12, 2, 137, 139
1339327.3.peg.4864.site.13, 2, 137, 139
1339327.3.peg.4864.site.14, 6, 136, 142
1339327.3.peg.4864.site.15, 12, 137, 149
1339327.3.peg.4864.site.16, 14, 137, 151
1339327.3.peg.4864.site.17, 29, 137, 166
1339327.3.peg.4864.site.18, 29, 137, 166
1339327.3.peg.4864.site.19, 7, 135, 142
1339327.3.peg.4864.site.20, 7, 136, 143
1339327.3.peg.4864.site.21, 1, 136, 137
1339327.3.peg.4864.site.22, 3, 136, 139
1339327.3.peg.4864.site.23, 24, 137, 161
1339327.3.peg.4864.site.24, 23, 137, 160
1339327.3.peg.1938.site.1, 8, 136, 144
1339327.3.peg.1938.site.2, 89, 135, 224
1339327.3.peg.1938.site.3, 5, 136, 141
1339327.3.peg.1938.site.4, 0, 133, 133
1339327.3.peg.1938.site.5, 5, 134, 139
1339327.3.peg.1938.site.6, 5, 136, 141
1339327.3.peg.1938.site.7, 28, 136, 164
1339327.3.peg.1938.site.8, 8, 137, 145
1339327.3.peg.1938.site.9, 1, 137, 138
1339327.3.peg.1938.site.10, 0, 136, 136
1339327.3.peg.1938.site.11, 19, 137, 156
1339327.3.peg.1938.site.12, 53, 137, 190
1339327.3.peg.1938.site.13, 19, 137, 156
1339327.3.peg.1938.site.14, 8, 136, 144
1339327.3.peg.1938.site.15, 59, 135, 194
1339327.3.peg.1938.site.16, 5, 135, 140
1339327.3.peg.1938.site.17, 0, 133, 133
1339327.3.peg.1938.site.18, 9, 136, 145
1339327.3.peg.1938.site.19, 0, 136, 136
1339327.3.peg.1938.site.20, 13, 134, 147
1339327.3.peg.1938.site.21, 79, 135, 214
1339327.3.peg.1938.site.22, 48, 136, 184
1339327.3.peg.1938.site.23, 32, 136, 168
1339327.3.peg.1938.site.24, 8, 136, 144
1339327.3.peg.1938.site.25, 2, 137, 139
1339327.3.peg.1938.site.26, 1, 136, 137
1339327.3.peg.1938.site.27, 29, 136, 165
1339327.3.peg.1938.site.28, 5, 137, 142
1339327.3.peg.1938.site.29, 5, 136, 141
1339327.3.peg.1938.site.30, 42, 136, 178
1339327.3.peg.1938.site.31, 1, 137, 138
1339327.3.peg.1938.site.32, 37, 136, 173
1339327.3.peg.1939.site.1, 22, 127, 149
1339327.3.peg.1939.site.2, 24, 130, 154
1339327.3.peg.1939.site.3, 11, 119, 130
1339327.3.peg.1939.site.4, 1, 83, 84
1339327.3.peg.1939.site.5, 85, 114, 199
1339327.3.peg.1939.site.6, 28, 133, 161
1339327.3.peg.1939.site.7, 28, 134, 162
1339327.3.peg.1939.site.8, 8, 134, 142
1339327.3.peg.1939.site.9, 5, 136, 141
1339327.3.peg.1939.site.10, 5, 133, 138
1339327.3.peg.1939.site.11, 46, 134, 180
1339327.3.peg.1939.site.12, 17, 134, 151
1339327.3.peg.1939.site.13, 76, 136, 212
1339327.3.peg.1939.site.14, 49, 137, 186
1339327.3.peg.1939.site.15, 48, 135, 183
1339327.3.peg.1939.site.16, 60, 135, 195
1339327.3.peg.1939.site.17, 62, 137, 199
1339327.3.peg.1939.site.18, 20, 136, 156
1339327.3.peg.1939.site.19, 5, 136, 141
1339327.3.peg.1939.site.20, 33, 133, 166
1339327.3.peg.1939.site.21, 25, 135, 160
1339327.3.peg.1939.site.22, 9, 136, 145
1339327.3.peg.1939.site.23, 4, 137, 141
1339327.3.peg.1939.site.24, 0, 136, 136
1339327.3.peg.1939.site.25, 0, 136, 136
1339327.3.peg.1931.site.1, 6, 132, 138
1339327.3.peg.1931.site.2, 6, 130, 136
1339327.3.peg.1931.site.3, 12, 132, 144
1339327.3.peg.1931.site.4, 1, 134, 135
1339327.3.peg.1931.site.5, 63, 133, 196
1339327.3.peg.1931.site.6, 6, 135, 141
1339327.3.peg.1931.site.7, 1, 135, 136
1339327.3.peg.1931.site.8, 0, 134, 134
1339327.3.peg.1931.site.9, 0, 134, 134
1339327.3.peg.1933.site.1, 0, 133, 133
1339327.3.peg.1933.site.2, 25, 134, 159
1339327.3.peg.1933.site.3, 1, 135, 136
1339327.3.peg.1933.site.4, 0, 132, 132
1339327.3.peg.1933.site.5, 3, 134, 137
1339327.3.peg.1933.site.6, 0, 130, 130
1339327.3.peg.1933.site.7, 0, 132, 132
1339327.3.peg.1933.site.8, 0, 131, 131
1339327.3.peg.1933.site.9, 2, 133, 135
1339327.3.peg.1934.site.1, 1, 134, 135
1339327.3.peg.1934.site.2, 0, 133, 133
1339327.3.peg.1935.site.1, 0, 137, 137
1339327.3.peg.1935.site.2, 4, 135, 139
1339327.3.peg.1935.site.3, 6, 133, 139
1339327.3.peg.1935.site.4, 0, 133, 133
1339327.3.peg.1935.site.5, 2, 136, 138
1339327.3.peg.1935.site.6, 21, 135, 156
1339327.3.peg.1935.site.7, 21, 135, 156
1339327.3.peg.1935.site.8, 16, 136, 152
1339327.3.peg.1935.site.9, 111, 111, 222
1339327.3.peg.1935.site.10, 1, 135, 136
1339327.3.peg.1935.site.11, 2, 136, 138
1339327.3.peg.1935.site.12, 3, 137, 140
1339327.3.peg.1935.site.13, 52, 137, 189
1339327.3.peg.1935.site.14, 0, 137, 137
1339327.3.peg.1935.site.15, 0, 135, 135
1339327.3.peg.1935.site.16, 5, 136, 141
1339327.3.peg.1935.site.17, 4, 137, 141
1339327.3.peg.1936.site.1, 33, 134, 167
1339327.3.peg.1936.site.2, 0, 134, 134
1339327.3.peg.1936.site.3, 3, 137, 140
1339327.3.peg.1936.site.4, 0, 134, 134
1339327.3.peg.1936.site.5, 34, 134, 168
1339327.3.peg.1936.site.6, 0, 134, 134
1339327.3.peg.1936.site.7, 2, 134, 136
1339327.3.peg.1936.site.8, 0, 134, 134
1339327.3.peg.1936.site.9, 14, 132, 146
1339327.3.peg.1937.site.1, 20, 136, 156
1339327.3.peg.1937.site.2, 2, 135, 137
1339327.3.peg.811.site.1, 9, 137, 146
1339327.3.peg.811.site.2, 1, 137, 138
1339327.3.peg.811.site.3, 0, 135, 135
1339327.3.peg.811.site.4, 7, 136, 143
1339327.3.peg.811.site.5, 0, 137, 137
1339327.3.peg.810.site.1, 19, 136, 155
1339327.3.peg.810.site.2, 5, 137, 142
1339327.3.peg.810.site.3, 6, 137, 143
1339327.3.peg.810.site.4, 2, 137, 139
1339327.3.peg.810.site.5, 66, 135, 201
1339327.3.peg.810.site.6, 3, 137, 140
1339327.3.peg.810.site.7, 3, 137, 140
1339327.3.peg.810.site.8, 131, 137, 268
1339327.3.peg.810.site.9, 2, 137, 139
1339327.3.peg.810.site.10, 3, 137, 140
1339327.3.peg.810.site.11, 48, 136, 184
1339327.3.peg.810.site.12, 38, 136, 174
1339327.3.peg.810.site.13, 8, 135, 143
1339327.3.peg.810.site.14, 4, 136, 140
1339327.3.peg.810.site.15, 77, 135, 212
1339327.3.peg.810.site.16, 48, 136, 184
1339327.3.peg.810.site.17, 2, 136, 138
1339327.3.peg.810.site.18, 80, 136, 216
1339327.3.peg.810.site.19, 78, 136, 214
1339327.3.peg.813.site.1, 0, 137, 137
1339327.3.peg.813.site.2, 40, 136, 176
1339327.3.peg.813.site.3, 15, 137, 152
1339327.3.peg.813.site.4, 107, 136, 243
1339327.3.peg.813.site.5, 2, 136, 138
1339327.3.peg.813.site.6, 0, 136, 136
1339327.3.peg.813.site.7, 0, 135, 135
1339327.3.peg.813.site.8, 2, 136, 138
1339327.3.peg.813.site.9, 20, 134, 154
1339327.3.peg.813.site.10, 20, 136, 156
1339327.3.peg.813.site.11, 15, 135, 150
1339327.3.peg.813.site.12, 16, 137, 153
1339327.3.peg.813.site.13, 19, 137, 156
1339327.3.peg.813.site.14, 125, 136, 261
1339327.3.peg.812.site.1, 1, 137, 138
1339327.3.peg.812.site.2, 107, 137, 244
1339327.3.peg.815.site.1, 3, 135, 138
1339327.3.peg.815.site.2, 1, 137, 138
1339327.3.peg.815.site.3, 3, 137, 140
1339327.3.peg.815.site.4, 4, 137, 141
1339327.3.peg.814.site.1, 3, 136, 139
1339327.3.peg.814.site.2, 40, 135, 175
1339327.3.peg.814.site.3, 1, 135, 136
1339327.3.peg.814.site.4, 0, 135, 135
1339327.3.peg.814.site.5, 0, 135, 135
1339327.3.peg.814.site.6, 18, 136, 154
1339327.3.peg.814.site.7, 3, 136, 139
1339327.3.peg.814.site.8, 27, 137, 164
1339327.3.peg.814.site.9, 12, 137, 149
1339327.3.peg.814.site.10, 24, 137, 161
1339327.3.peg.814.site.11, 0, 136, 136
1339327.3.peg.814.site.12, 0, 137, 137
1339327.3.peg.814.site.13, 8, 135, 143
1339327.3.peg.814.site.14, 3, 136, 139
1339327.3.peg.817.site.1, 28, 135, 163
1339327.3.peg.817.site.2, 0, 137, 137
1339327.3.peg.817.site.3, 20, 137, 157
1339327.3.peg.817.site.4, 0, 136, 136
1339327.3.peg.817.site.5, 8, 137, 145
1339327.3.peg.817.site.6, 21, 137, 158
1339327.3.peg.817.site.7, 1, 137, 138
1339327.3.peg.817.site.8, 1, 137, 138
1339327.3.peg.817.site.9, 5, 137, 142
1339327.3.peg.817.site.10, 1, 137, 138
1339327.3.peg.817.site.11, 3, 137, 140
1339327.3.peg.817.site.12, 0, 137, 137
1339327.3.peg.816.site.1, 39, 136, 175
1339327.3.peg.816.site.2, 17, 137, 154
1339327.3.peg.816.site.3, 1, 136, 137
1339327.3.peg.816.site.4, 50, 136, 186
1339327.3.peg.816.site.5, 2, 137, 139
1339327.3.peg.816.site.6, 6, 137, 143
1339327.3.peg.816.site.7, 2, 136, 138
1339327.3.peg.816.site.8, 0, 137, 137
1339327.3.peg.819.site.1, 1, 137, 138
1339327.3.peg.819.site.2, 5, 136, 141
1339327.3.peg.819.site.3, 2, 133, 135
1339327.3.peg.819.site.4, 24, 137, 161
1339327.3.peg.819.site.5, 0, 137, 137
1339327.3.peg.819.site.6, 3, 135, 138
1339327.3.peg.819.site.7, 1, 136, 137
1339327.3.peg.819.site.8, 0, 137, 137
1339327.3.peg.819.site.9, 11, 136, 147
1339327.3.peg.819.site.10, 7, 134, 141
1339327.3.peg.819.site.11, 1, 135, 136
1339327.3.peg.819.site.12, 2, 135, 137
1339327.3.peg.819.site.13, 131, 137, 268
1339327.3.peg.819.site.14, 3, 137, 140
1339327.3.peg.819.site.15, 75, 135, 210
1339327.3.peg.818.site.1, 45, 136, 181
1339327.3.peg.818.site.2, 2, 134, 136
1339327.3.peg.818.site.3, 0, 137, 137
1339327.3.peg.818.site.4, 4, 136, 140
1339327.3.peg.4184.site.1, 28, 137, 165
1339327.3.peg.4184.site.2, 0, 137, 137
1339327.3.peg.4184.site.3, 1, 136, 137
1339327.3.peg.4184.site.4, 1, 137, 138
1339327.3.peg.4184.site.5, 4, 136, 140
1339327.3.peg.4184.site.6, 0, 135, 135
1339327.3.peg.4185.site.1, 6, 137, 143
1339327.3.peg.4185.site.2, 0, 136, 136
1339327.3.peg.4185.site.3, 7, 133, 140
1339327.3.peg.4185.site.4, 1, 137, 138
1339327.3.peg.4185.site.5, 27, 135, 162
1339327.3.peg.4185.site.6, 1, 137, 138
1339327.3.peg.4185.site.7, 2, 137, 139
1339327.3.peg.4185.site.8, 67, 137, 204
1339327.3.peg.4185.site.9, 3, 137, 140
1339327.3.peg.4185.site.10, 8, 137, 145
1339327.3.peg.4185.site.11, 8, 137, 145
1339327.3.peg.4185.site.12, 1, 137, 138
1339327.3.peg.4185.site.13, 3, 136, 139
1339327.3.peg.4185.site.14, 11, 136, 147
1339327.3.peg.4185.site.15, 3, 137, 140
1339327.3.peg.4185.site.16, 0, 137, 137
1339327.3.peg.4185.site.17, 52, 136, 188
1339327.3.peg.4185.site.18, 0, 137, 137
1339327.3.peg.4185.site.19, 6, 136, 142
1339327.3.peg.4185.site.20, 1, 136, 137
1339327.3.peg.4185.site.21, 1, 134, 135
1339327.3.peg.4185.site.22, 1, 134, 135
1339327.3.peg.4185.site.23, 0, 131, 131
1339327.3.peg.4185.site.24, 0, 137, 137
1339327.3.peg.4185.site.25, 0, 135, 135
1339327.3.peg.4182.site.1, 3, 136, 139
1339327.3.peg.4182.site.2, 2, 136, 138
1339327.3.peg.4182.site.3, 1, 136, 137
1339327.3.peg.4182.site.4, 0, 136, 136
1339327.3.peg.4182.site.5, 14, 136, 150
1339327.3.peg.4182.site.6, 37, 136, 173
1339327.3.peg.4182.site.7, 1, 136, 137
1339327.3.peg.4182.site.8, 3, 135, 138
1339327.3.peg.4182.site.9, 127, 134, 261
1339327.3.peg.4182.site.10, 2, 137, 139
1339327.3.peg.4182.site.11, 5, 137, 142
1339327.3.peg.4182.site.12, 1, 135, 136
1339327.3.peg.4182.site.13, 0, 136, 136
1339327.3.peg.4182.site.14, 1, 136, 137
1339327.3.peg.4182.site.15, 2, 137, 139
1339327.3.peg.4182.site.16, 5, 136, 141
1339327.3.peg.4182.site.17, 59, 136, 195
1339327.3.peg.4182.site.18, 3, 137, 140
1339327.3.peg.4182.site.19, 2, 137, 139
1339327.3.peg.4182.site.20, 2, 134, 136
1339327.3.peg.4182.site.21, 1, 135, 136
1339327.3.peg.4182.site.22, 18, 137, 155
1339327.3.peg.4182.site.23, 1, 137, 138
1339327.3.peg.4183.site.1, 32, 137, 169
1339327.3.peg.4183.site.2, 4, 137, 141
1339327.3.peg.4183.site.3, 12, 136, 148
1339327.3.peg.4183.site.4, 12, 136, 148
1339327.3.peg.4183.site.5, 12, 137, 149
1339327.3.peg.4183.site.6, 24, 136, 160
1339327.3.peg.4183.site.7, 51, 136, 187
1339327.3.peg.4183.site.8, 7, 137, 144
1339327.3.peg.4183.site.9, 7, 135, 142
1339327.3.peg.4183.site.10, 4, 132, 136
1339327.3.peg.4183.site.11, 3, 132, 135
1339327.3.peg.4183.site.12, 0, 131, 131
1339327.3.peg.4183.site.13, 4, 133, 137
1339327.3.peg.4183.site.14, 5, 137, 142
1339327.3.peg.4183.site.15, 5, 137, 142
1339327.3.peg.4183.site.16, 2, 133, 135
1339327.3.peg.4183.site.17, 3, 132, 135
1339327.3.peg.4183.site.18, 1, 136, 137
1339327.3.peg.4183.site.19, 12, 137, 149
1339327.3.peg.4183.site.20, 7, 136, 143
1339327.3.peg.4183.site.21, 7, 135, 142
1339327.3.peg.4183.site.22, 0, 134, 134
1339327.3.peg.4183.site.23, 8, 135, 143
1339327.3.peg.4183.site.24, 9, 136, 145
1339327.3.peg.4183.site.25, 30, 137, 167
1339327.3.peg.4183.site.26, 4, 137, 141
1339327.3.peg.4183.site.27, 0, 135, 135
1339327.3.peg.4183.site.28, 4, 136, 140
1339327.3.peg.4183.site.29, 93, 135, 228
1339327.3.peg.4183.site.30, 32, 136, 168
1339327.3.peg.4183.site.31, 2, 133, 135
1339327.3.peg.4183.site.32, 32, 137, 169
1339327.3.peg.4183.site.33, 2, 137, 139
1339327.3.peg.4183.site.34, 9, 134, 143
1339327.3.peg.4183.site.35, 1, 136, 137
1339327.3.peg.4183.site.36, 9, 134, 143
1339327.3.peg.4183.site.37, 3, 135, 138
1339327.3.peg.4183.site.38, 5, 135, 140
1339327.3.peg.4183.site.39, 36, 135, 171
1339327.3.peg.4183.site.40, 2, 137, 139
1339327.3.peg.4183.site.41, 3, 136, 139
1339327.3.peg.4183.site.42, 5, 136, 141
1339327.3.peg.4180.site.1, 128, 136, 264
1339327.3.peg.4180.site.2, 1, 135, 136
1339327.3.peg.4180.site.3, 4, 137, 141
1339327.3.peg.4180.site.4, 4, 137, 141
1339327.3.peg.4180.site.5, 1, 136, 137
1339327.3.peg.4180.site.6, 4, 137, 141
1339327.3.peg.4180.site.7, 1, 137, 138
1339327.3.peg.4180.site.8, 2, 128, 130
1339327.3.peg.4180.site.9, 0, 131, 131
1339327.3.peg.4181.site.1, 2, 137, 139
1339327.3.peg.4181.site.2, 65, 135, 200
1339327.3.peg.4181.site.3, 5, 137, 142
1339327.3.peg.4181.site.4, 10, 137, 147
1339327.3.peg.3740.site.1, 3, 137, 140
1339327.3.peg.3740.site.2, 31, 136, 167
1339327.3.peg.3740.site.3, 25, 137, 162
1339327.3.peg.3740.site.4, 16, 135, 151
1339327.3.peg.3740.site.5, 6, 134, 140
1339327.3.peg.1337.site.1, 3, 134, 137
1339327.3.peg.1337.site.2, 1, 135, 136
1339327.3.peg.1337.site.3, 1, 118, 119
1339327.3.peg.1334.site.1, 121, 127, 248
1339327.3.peg.1334.site.2, 87, 126, 213
1339327.3.peg.1334.site.3, 15, 126, 141
1339327.3.peg.1334.site.4, 0, 126, 126
1339327.3.peg.1334.site.5, 0, 126, 126
1339327.3.peg.1334.site.6, 25, 124, 149
1339327.3.peg.1334.site.7, 86, 125, 211
1339327.3.peg.1335.site.1, 2, 129, 131
1339327.3.peg.1335.site.2, 2, 137, 139
1339327.3.peg.1335.site.3, 5, 133, 138
1339327.3.peg.1335.site.4, 1, 136, 137
1339327.3.peg.1335.site.5, 2, 137, 139
1339327.3.peg.1335.site.6, 0, 136, 136
1339327.3.peg.1335.site.7, 4, 136, 140
1339327.3.peg.1335.site.8, 2, 136, 138
1339327.3.peg.1335.site.9, 50, 135, 185
1339327.3.peg.1335.site.10, 46, 136, 182
1339327.3.peg.1335.site.11, 28, 135, 163
1339327.3.peg.1335.site.12, 5, 136, 141
1339327.3.peg.1335.site.13, 53, 135, 188
1339327.3.peg.1335.site.14, 0, 134, 134
1339327.3.peg.1335.site.15, 4, 136, 140
1339327.3.peg.1335.site.16, 34, 135, 169
1339327.3.peg.1335.site.17, 2, 135, 137
1339327.3.peg.1335.site.18, 4, 135, 139
1339327.3.peg.1335.site.19, 105, 136, 241
1339327.3.peg.1335.site.20, 65, 136, 201
1339327.3.peg.1335.site.21, 0, 137, 137
1339327.3.peg.1335.site.22, 0, 136, 136
1339327.3.peg.1335.site.23, 1, 137, 138
1339327.3.peg.1335.site.24, 5, 135, 140
1339327.3.peg.1335.site.25, 3, 135, 138
1339327.3.peg.1333.site.1, 2, 127, 129
1339327.3.peg.1333.site.2, 0, 127, 127
1339327.3.peg.1333.site.3, 0, 127, 127
1339327.3.peg.1333.site.4, 0, 127, 127
1339327.3.peg.1333.site.5, 1, 126, 127
1339327.3.peg.1333.site.6, 2, 126, 128
1339327.3.peg.1333.site.7, 57, 126, 183
1339327.3.peg.1333.site.8, 0, 126, 126
1339327.3.peg.1333.site.9, 18, 126, 144
1339327.3.peg.1330.site.1, 26, 134, 160
1339327.3.peg.1330.site.2, 19, 136, 155
1339327.3.peg.1330.site.3, 5, 137, 142
1339327.3.peg.1330.site.4, 2, 137, 139
1339327.3.peg.1330.site.5, 21, 137, 158
1339327.3.peg.1330.site.6, 3, 136, 139
1339327.3.peg.1331.site.1, 0, 137, 137
1339327.3.peg.1331.site.2, 3, 136, 139
1339327.3.peg.1331.site.3, 8, 136, 144
1339327.3.peg.1331.site.4, 27, 136, 163
1339327.3.peg.1331.site.5, 5, 136, 141
1339327.3.peg.1331.site.6, 0, 135, 135
1339327.3.peg.1331.site.7, 4, 137, 141
1339327.3.peg.1331.site.8, 2, 137, 139
1339327.3.peg.1331.site.9, 26, 136, 162
1339327.3.peg.1331.site.10, 0, 136, 136
1339327.3.peg.1331.site.11, 7, 137, 144
1339327.3.peg.1331.site.12, 3, 137, 140
1339327.3.peg.1331.site.13, 7, 137, 144
1339327.3.peg.1331.site.14, 3, 135, 138
1339327.3.peg.1331.site.15, 3, 136, 139
1339327.3.peg.1331.site.16, 4, 136, 140
1339327.3.peg.1331.site.17, 2, 134, 136
1339327.3.peg.1331.site.18, 34, 137, 171
1339327.3.peg.1331.site.19, 4, 137, 141
1339327.3.peg.1331.site.20, 44, 136, 180
1339327.3.peg.1331.site.21, 2, 136, 138
1339327.3.peg.1331.site.22, 19, 136, 155
1339327.3.peg.1331.site.23, 1, 136, 137
1339327.3.peg.1331.site.24, 3, 135, 138
1339327.3.peg.4216.site.1, 2, 137, 139
1339327.3.peg.4216.site.2, 2, 137, 139
1339327.3.peg.4216.site.3, 3, 137, 140
1339327.3.peg.4216.site.4, 17, 137, 154
1339327.3.peg.4216.site.5, 0, 134, 134
1339327.3.peg.4216.site.6, 0, 135, 135
1339327.3.peg.4216.site.7, 1, 136, 137
1339327.3.peg.4216.site.8, 10, 136, 146
1339327.3.peg.4216.site.9, 67, 137, 204
1339327.3.peg.4216.site.10, 10, 137, 147
1339327.3.peg.4216.site.11, 37, 137, 174
1339327.3.peg.4216.site.12, 0, 135, 135
1339327.3.peg.4216.site.13, 13, 135, 148
1339327.3.peg.4216.site.14, 24, 136, 160
1339327.3.peg.4216.site.15, 3, 136, 139
1339327.3.peg.4216.site.16, 15, 134, 149
1339327.3.peg.4216.site.17, 11, 132, 143
1339327.3.peg.4216.site.18, 6, 135, 141
1339327.3.peg.4217.site.1, 5, 135, 140
1339327.3.peg.4217.site.2, 1, 136, 137
1339327.3.peg.4217.site.3, 46, 136, 182
1339327.3.peg.4217.site.4, 0, 136, 136
1339327.3.peg.4217.site.5, 125, 136, 261
1339327.3.peg.4217.site.6, 8, 137, 145
1339327.3.peg.4217.site.7, 112, 135, 247
1339327.3.peg.4217.site.8, 5, 136, 141
1339327.3.peg.4217.site.9, 19, 136, 155
1339327.3.peg.4217.site.10, 1, 132, 133
1339327.3.peg.4217.site.11, 2, 136, 138
1339327.3.peg.4217.site.12, 26, 135, 161
1339327.3.peg.4217.site.13, 10, 134, 144
1339327.3.peg.4217.site.14, 2, 132, 134
1339327.3.peg.4217.site.15, 3, 133, 136
1339327.3.peg.4217.site.16, 6, 135, 141
1339327.3.peg.4217.site.17, 2, 136, 138
1339327.3.peg.4217.site.18, 32, 136, 168
1339327.3.peg.4217.site.19, 5, 136, 141
1339327.3.peg.4217.site.20, 1, 135, 136
1339327.3.peg.4217.site.21, 2, 135, 137
1339327.3.peg.4217.site.22, 0, 137, 137
1339327.3.peg.4214.site.1, 6, 135, 141
1339327.3.peg.4214.site.2, 1, 137, 138
1339327.3.peg.4214.site.3, 1, 137, 138
1339327.3.peg.4214.site.4, 76, 136, 212
1339327.3.peg.4214.site.5, 2, 134, 136
1339327.3.peg.4214.site.6, 41, 135, 176
1339327.3.peg.4214.site.7, 0, 134, 134
1339327.3.peg.4214.site.8, 12, 134, 146
1339327.3.peg.4214.site.9, 2, 135, 137
1339327.3.peg.4214.site.10, 23, 137, 160
1339327.3.peg.4215.site.1, 5, 137, 142
1339327.3.peg.4215.site.2, 117, 134, 251
1339327.3.peg.4215.site.3, 39, 134, 173
1339327.3.peg.4215.site.4, 3, 135, 138
1339327.3.peg.4215.site.5, 3, 137, 140
1339327.3.peg.4215.site.6, 11, 136, 147
1339327.3.peg.4215.site.7, 6, 136, 142
1339327.3.peg.4215.site.8, 7, 137, 144
1339327.3.peg.4212.site.1, 2, 134, 136
1339327.3.peg.4212.site.2, 3, 136, 139
1339327.3.peg.4212.site.3, 3, 137, 140
1339327.3.peg.4212.site.4, 2, 133, 135
1339327.3.peg.4212.site.5, 1, 136, 137
1339327.3.peg.4212.site.6, 3, 132, 135
1339327.3.peg.4213.site.1, 1, 134, 135
1339327.3.peg.4213.site.2, 7, 137, 144
1339327.3.peg.4213.site.3, 0, 137, 137
1339327.3.peg.4213.site.4, 5, 131, 136
1339327.3.peg.4213.site.5, 65, 131, 196
1339327.3.peg.4213.site.6, 2, 135, 137
1339327.3.peg.4213.site.7, 2, 135, 137
1339327.3.peg.1338.site.1, 0, 135, 135
1339327.3.peg.1338.site.2, 5, 137, 142
1339327.3.peg.1338.site.3, 3, 136, 139
1339327.3.peg.1338.site.4, 0, 136, 136
1339327.3.peg.1338.site.5, 12, 136, 148
1339327.3.peg.1338.site.6, 6, 134, 140
1339327.3.peg.1338.site.7, 0, 133, 133
1339327.3.peg.1338.site.8, 1, 136, 137
1339327.3.peg.1338.site.9, 7, 137, 144
1339327.3.peg.1338.site.10, 66, 137, 203
1339327.3.peg.1338.site.11, 17, 137, 154
1339327.3.peg.1338.site.12, 33, 135, 168
1339327.3.peg.1338.site.13, 1, 137, 138
1339327.3.peg.1338.site.14, 9, 136, 145
1339327.3.peg.1338.site.15, 29, 135, 164
1339327.3.peg.1338.site.16, 7, 137, 144
1339327.3.peg.1338.site.17, 0, 135, 135
1339327.3.peg.1338.site.18, 8, 137, 145
1339327.3.peg.1338.site.19, 31, 137, 168
1339327.3.peg.1338.site.20, 4, 136, 140
1339327.3.peg.1338.site.21, 5, 136, 141
1339327.3.peg.1338.site.22, 0, 136, 136
1339327.3.peg.1338.site.23, 23, 137, 160
1339327.3.peg.1338.site.24, 0, 136, 136
1339327.3.peg.1338.site.25, 3, 137, 140
1339327.3.peg.1338.site.26, 5, 136, 141
1339327.3.peg.1338.site.27, 4, 135, 139
1339327.3.peg.1338.site.28, 38, 136, 174
1339327.3.peg.1338.site.29, 2, 136, 138
1339327.3.peg.1338.site.30, 1, 136, 137
1339327.3.peg.1338.site.31, 2, 136, 138
1339327.3.peg.1338.site.32, 0, 136, 136
1339327.3.peg.1338.site.33, 3, 136, 139
1339327.3.peg.1339.site.1, 11, 137, 148
1339327.3.peg.1339.site.2, 4, 136, 140
1339327.3.peg.1339.site.3, 2, 136, 138
1339327.3.peg.1339.site.4, 46, 134, 180
1339327.3.peg.1339.site.5, 2, 136, 138
1339327.3.peg.1339.site.6, 31, 133, 164
1339327.3.peg.1339.site.7, 5, 137, 142
1339327.3.peg.1339.site.8, 0, 132, 132
1339327.3.peg.1339.site.9, 2, 133, 135
1339327.3.peg.1339.site.10, 106, 135, 241
1339327.3.peg.1339.site.11, 1, 134, 135
1339327.3.peg.1339.site.12, 122, 137, 259
1339327.3.peg.1339.site.13, 14, 135, 149
1339327.3.peg.1339.site.14, 124, 135, 259
1339327.3.peg.1339.site.15, 33, 137, 170
1339327.3.peg.1339.site.16, 26, 137, 163
1339327.3.peg.1339.site.17, 2, 137, 139
1339327.3.peg.4678.site.1, 2, 137, 139
1339327.3.peg.4678.site.2, 57, 133, 190
1339327.3.peg.4678.site.3, 2, 135, 137
1339327.3.peg.4678.site.4, 2, 134, 136
1339327.3.peg.4678.site.5, 14, 135, 149
1339327.3.peg.4678.site.6, 9, 136, 145
1339327.3.peg.4678.site.7, 8, 137, 145
1339327.3.peg.4678.site.8, 43, 137, 180
1339327.3.peg.4678.site.9, 6, 137, 143
1339327.3.peg.4678.site.10, 28, 137, 165
1339327.3.peg.4678.site.11, 5, 136, 141
1339327.3.peg.4678.site.12, 1, 137, 138
1339327.3.peg.4678.site.13, 2, 137, 139
1339327.3.peg.4678.site.14, 6, 137, 143
1339327.3.peg.4678.site.15, 0, 137, 137
1339327.3.peg.4678.site.16, 1, 137, 138
1339327.3.peg.4678.site.17, 9, 136, 145
1339327.3.peg.4678.site.18, 2, 135, 137
1339327.3.peg.4678.site.19, 3, 137, 140
1339327.3.peg.4678.site.20, 2, 137, 139
1339327.3.peg.4678.site.21, 84, 136, 220
1339327.3.peg.4678.site.22, 6, 135, 141
1339327.3.peg.4678.site.23, 16, 135, 151
1339327.3.peg.4678.site.24, 4, 136, 140
1339327.3.peg.4678.site.25, 3, 136, 139
1339327.3.peg.4678.site.26, 35, 136, 171
1339327.3.peg.4678.site.27, 4, 135, 139
1339327.3.peg.4678.site.28, 0, 135, 135
1339327.3.peg.4678.site.29, 9, 134, 143
1339327.3.peg.4678.site.30, 3, 136, 139
1339327.3.peg.4678.site.31, 10, 136, 146
1339327.3.peg.4678.site.32, 10, 135, 145
1339327.3.peg.4678.site.33, 2, 135, 137
1339327.3.peg.4678.site.34, 46, 136, 182
1339327.3.peg.4678.site.35, 2, 136, 138
1339327.3.peg.4679.site.1, 101, 131, 232
1339327.3.peg.4679.site.2, 3, 131, 134
1339327.3.peg.4679.site.3, 1, 133, 134
1339327.3.peg.4679.site.4, 26, 133, 159
1339327.3.peg.4679.site.5, 3, 134, 137
1339327.3.peg.4679.site.6, 3, 136, 139
1339327.3.peg.4679.site.7, 4, 137, 141
1339327.3.peg.4679.site.8, 31, 137, 168
1339327.3.peg.4679.site.9, 12, 136, 148
1339327.3.peg.4679.site.10, 1, 137, 138
1339327.3.peg.4679.site.11, 104, 136, 240
1339327.3.peg.4679.site.12, 17, 137, 154
1339327.3.peg.4679.site.13, 2, 137, 139
1339327.3.peg.4679.site.14, 0, 136, 136
1339327.3.peg.4679.site.15, 21, 135, 156
1339327.3.peg.4679.site.16, 0, 134, 134
1339327.3.peg.4679.site.17, 106, 137, 243
1339327.3.peg.4679.site.18, 30, 136, 166
1339327.3.peg.4679.site.19, 43, 137, 180
1339327.3.peg.4679.site.20, 2, 136, 138
1339327.3.peg.4856.site.1, 2, 136, 138
1339327.3.peg.4856.site.2, 58, 135, 193
1339327.3.peg.4856.site.3, 87, 135, 222
1339327.3.peg.4856.site.4, 0, 136, 136
1339327.3.peg.4856.site.5, 5, 136, 141
1339327.3.peg.4856.site.6, 28, 136, 164
1339327.3.peg.4856.site.7, 9, 137, 146
1339327.3.peg.4856.site.8, 31, 136, 167
1339327.3.peg.4856.site.9, 3, 136, 139
1339327.3.peg.4856.site.10, 2, 135, 137
1339327.3.peg.4856.site.11, 15, 135, 150
1339327.3.peg.4856.site.12, 1, 134, 135
1339327.3.peg.4856.site.13, 3, 133, 136
1339327.3.peg.4856.site.14, 3, 133, 136
1339327.3.peg.4856.site.15, 5, 132, 137
1339327.3.peg.4856.site.16, 0, 134, 134
1339327.3.peg.4856.site.17, 26, 133, 159
1339327.3.peg.4856.site.18, 66, 136, 202
1339327.3.peg.4856.site.19, 0, 134, 134
1339327.3.peg.4856.site.20, 2, 136, 138
1339327.3.peg.4856.site.21, 0, 136, 136
1339327.3.peg.4856.site.22, 6, 137, 143
1339327.3.peg.4856.site.23, 21, 136, 157
1339327.3.peg.4856.site.24, 3, 137, 140
1339327.3.peg.4856.site.25, 0, 136, 136
1339327.3.peg.4856.site.26, 2, 136, 138
1339327.3.peg.4856.site.27, 83, 135, 218
1339327.3.peg.4856.site.28, 1, 137, 138
1339327.3.peg.4856.site.29, 51, 137, 188
1339327.3.peg.4856.site.30, 4, 136, 140
1339327.3.peg.4856.site.31, 76, 137, 213
1339327.3.peg.4856.site.32, 4, 137, 141
1339327.3.peg.4856.site.33, 3, 136, 139
1339327.3.peg.4856.site.34, 22, 136, 158
1339327.3.peg.4856.site.35, 0, 136, 136
1339327.3.peg.4856.site.36, 124, 136, 260
1339327.3.peg.4856.site.37, 5, 136, 141
1339327.3.peg.4857.site.1, 0, 137, 137
1339327.3.peg.4857.site.2, 0, 137, 137
1339327.3.peg.4857.site.3, 1, 137, 138
1339327.3.peg.4857.site.4, 5, 137, 142
1339327.3.peg.4857.site.5, 23, 137, 160
1339327.3.peg.4857.site.6, 0, 137, 137
1339327.3.peg.4857.site.7, 7, 136, 143
1339327.3.peg.4857.site.8, 1, 137, 138
1339327.3.peg.4857.site.9, 19, 135, 154
1339327.3.peg.4857.site.10, 5, 134, 139
1339327.3.peg.4857.site.11, 43, 137, 180
1339327.3.peg.4857.site.12, 1, 136, 137
1339327.3.peg.4857.site.13, 5, 136, 141
1339327.3.peg.4857.site.14, 3, 137, 140
1339327.3.peg.4857.site.15, 0, 137, 137
1339327.3.peg.4857.site.16, 1, 137, 138
1339327.3.peg.4857.site.17, 128, 136, 264
1339327.3.peg.4857.site.18, 12, 136, 148
1339327.3.peg.4857.site.19, 67, 135, 202
1339327.3.peg.4857.site.20, 32, 136, 168
1339327.3.peg.4857.site.21, 0, 135, 135
1339327.3.peg.4857.site.22, 28, 136, 164
1339327.3.peg.4857.site.23, 131, 137, 268
1339327.3.peg.4857.site.24, 2, 137, 139
1339327.3.peg.4857.site.25, 0, 135, 135
1339327.3.peg.4857.site.26, 2, 133, 135
1339327.3.peg.4857.site.27, 35, 136, 171
1339327.3.peg.4857.site.28, 8, 137, 145
1339327.3.peg.4857.site.29, 25, 137, 162
1339327.3.peg.4857.site.30, 2, 137, 139
1339327.3.peg.1808.site.1, 96, 133, 229
1339327.3.peg.1808.site.2, 3, 137, 140
1339327.3.peg.1808.site.3, 2, 137, 139
1339327.3.peg.1808.site.4, 20, 135, 155
1339327.3.peg.1808.site.5, 125, 135, 260
1339327.3.peg.1808.site.6, 3, 135, 138
1339327.3.peg.1808.site.7, 34, 134, 168
1339327.3.peg.1808.site.8, 1, 135, 136
1339327.3.peg.1808.site.9, 0, 136, 136
1339327.3.peg.1808.site.10, 33, 135, 168
1339327.3.peg.1808.site.11, 69, 135, 204
1339327.3.peg.4851.site.1, 10, 137, 147
1339327.3.peg.4851.site.2, 4, 137, 141
1339327.3.peg.4851.site.3, 83, 137, 220
1339327.3.peg.4851.site.4, 9, 136, 145
1339327.3.peg.4851.site.5, 1, 137, 138
1339327.3.peg.4851.site.6, 4, 137, 141
1339327.3.peg.4851.site.7, 1, 137, 138
1339327.3.peg.4851.site.8, 85, 137, 222
1339327.3.peg.4851.site.9, 4, 137, 141
1339327.3.peg.4851.site.10, 5, 135, 140
1339327.3.peg.4851.site.11, 2, 134, 136
1339327.3.peg.4851.site.12, 9, 135, 144
1339327.3.peg.4851.site.13, 12, 133, 145
1339327.3.peg.4853.site.1, 61, 132, 193
1339327.3.peg.4853.site.2, 2, 132, 134
1339327.3.peg.4853.site.3, 4, 137, 141
1339327.3.peg.4853.site.4, 31, 136, 167
1339327.3.peg.4853.site.5, 31, 136, 167
1339327.3.peg.1804.site.1, 0, 137, 137
1339327.3.peg.1804.site.2, 42, 136, 178
1339327.3.peg.1804.site.3, 1, 136, 137
1339327.3.peg.1804.site.4, 8, 137, 145
1339327.3.peg.1804.site.5, 1, 133, 134
1339327.3.peg.1804.site.6, 4, 136, 140
1339327.3.peg.1804.site.7, 0, 137, 137
1339327.3.peg.1804.site.8, 19, 135, 154
1339327.3.peg.1804.site.9, 31, 137, 168
1339327.3.peg.1804.site.10, 4, 137, 141
1339327.3.peg.1804.site.11, 0, 134, 134
1339327.3.peg.1805.site.1, 85, 134, 219
1339327.3.peg.1805.site.2, 3, 136, 139
1339327.3.peg.1805.site.3, 9, 133, 142
1339327.3.peg.1805.site.4, 8, 135, 143
1339327.3.peg.1805.site.5, 2, 137, 139
1339327.3.peg.1805.site.6, 106, 135, 241
1339327.3.peg.1805.site.7, 6, 136, 142
1339327.3.peg.1805.site.8, 2, 135, 137
1339327.3.peg.1805.site.9, 0, 135, 135
1339327.3.peg.1806.site.1, 3, 135, 138
1339327.3.peg.1806.site.2, 5, 136, 141
1339327.3.peg.1806.site.3, 67, 137, 204
1339327.3.peg.1806.site.4, 0, 135, 135
1339327.3.peg.1806.site.5, 1, 134, 135
1339327.3.peg.1806.site.6, 25, 134, 159
1339327.3.peg.1806.site.7, 9, 137, 146
1339327.3.peg.1806.site.8, 8, 137, 145
1339327.3.peg.1806.site.9, 0, 136, 136
1339327.3.peg.1806.site.10, 29, 135, 164
1339327.3.peg.1807.site.1, 24, 135, 159
1339327.3.peg.1807.site.2, 4, 136, 140
1339327.3.peg.1807.site.3, 0, 137, 137
1339327.3.peg.1807.site.4, 0, 136, 136
1339327.3.peg.1807.site.5, 12, 133, 145
1339327.3.peg.1807.site.6, 86, 136, 222
1339327.3.peg.1807.site.7, 12, 136, 148
1339327.3.peg.1807.site.8, 88, 136, 224
1339327.3.peg.1807.site.9, 4, 137, 141
1339327.3.peg.1807.site.10, 3, 136, 139
1339327.3.peg.1807.site.11, 1, 137, 138
1339327.3.peg.1807.site.12, 3, 137, 140
1339327.3.peg.1800.site.1, 3, 135, 138
1339327.3.peg.1800.site.2, 35, 135, 170
1339327.3.peg.1801.site.1, 0, 135, 135
1339327.3.peg.1801.site.2, 0, 135, 135
1339327.3.peg.1802.site.1, 4, 135, 139
1339327.3.peg.1802.site.2, 80, 136, 216
1339327.3.peg.1802.site.3, 86, 136, 222
1339327.3.peg.1802.site.4, 78, 136, 214
1339327.3.peg.1802.site.5, 2, 136, 138
1339327.3.peg.1802.site.6, 23, 137, 160
1339327.3.peg.1802.site.7, 9, 137, 146
1339327.3.peg.1802.site.8, 28, 137, 165
1339327.3.peg.1802.site.9, 23, 135, 158
1339327.3.peg.1802.site.10, 12, 137, 149
1339327.3.peg.1802.site.11, 3, 136, 139
1339327.3.peg.1802.site.12, 3, 132, 135
1339327.3.peg.1802.site.13, 0, 134, 134
1339327.3.peg.1803.site.1, 3, 134, 137
1339327.3.peg.1803.site.2, 77, 134, 211
1339327.3.peg.1803.site.3, 8, 137, 145
1339327.3.peg.1803.site.4, 91, 137, 228
1339327.3.peg.1803.site.5, 46, 136, 182
1339327.3.peg.1803.site.6, 0, 136, 136
1339327.3.peg.1248.site.1, 56, 134, 190
1339327.3.peg.1248.site.2, 20, 133, 153
1339327.3.peg.1248.site.3, 23, 131, 154
1339327.3.peg.1248.site.4, 1, 134, 135
1339327.3.peg.1248.site.5, 0, 133, 133
1339327.3.peg.1248.site.6, 0, 133, 133
1339327.3.peg.1248.site.7, 3, 132, 135
1339327.3.peg.1248.site.8, 0, 134, 134
1339327.3.peg.1248.site.9, 3, 134, 137
1339327.3.peg.1248.site.10, 1, 132, 133
1339327.3.peg.1248.site.11, 0, 132, 132
1339327.3.peg.1248.site.12, 2, 132, 134
1339327.3.peg.1249.site.1, 2, 5, 7
1339327.3.peg.1249.site.2, 1, 67, 68
1339327.3.peg.1249.site.3, 10, 129, 139
1339327.3.peg.1249.site.4, 1, 128, 129
1339327.3.peg.1249.site.5, 9, 129, 138
1339327.3.peg.1249.site.6, 3, 129, 132
1339327.3.peg.1249.site.7, 3, 128, 131
1339327.3.peg.1249.site.8, 74, 128, 202
1339327.3.peg.1249.site.9, 11, 129, 140
1339327.3.peg.1249.site.10, 5, 128, 133
1339327.3.peg.1249.site.11, 0, 126, 126
1339327.3.peg.1249.site.12, 84, 128, 212
1339327.3.peg.1249.site.13, 3, 129, 132
1339327.3.peg.1249.site.14, 18, 129, 147
1339327.3.peg.1249.site.15, 11, 129, 140
1339327.3.peg.4696.site.1, 0, 132, 132
1339327.3.peg.4694.site.1, 7, 136, 143
1339327.3.peg.4694.site.2, 0, 135, 135
1339327.3.peg.4694.site.3, 0, 134, 134
1339327.3.peg.4695.site.1, 0, 135, 135
1339327.3.peg.1243.site.1, 13, 136, 149
1339327.3.peg.1243.site.2, 1, 135, 136
1339327.3.peg.1243.site.3, 53, 135, 188
1339327.3.peg.1243.site.4, 10, 136, 146
1339327.3.peg.1243.site.5, 2, 136, 138
1339327.3.peg.1240.site.1, 4, 136, 140
1339327.3.peg.1240.site.2, 6, 135, 141
1339327.3.peg.1240.site.3, 5, 136, 141
1339327.3.peg.1240.site.4, 29, 137, 166
1339327.3.peg.1240.site.5, 8, 135, 143
1339327.3.peg.1240.site.6, 3, 136, 139
1339327.3.peg.1240.site.7, 2, 137, 139
1339327.3.peg.1240.site.8, 1, 137, 138
1339327.3.peg.1241.site.1, 63, 135, 198
1339327.3.peg.1241.site.2, 3, 134, 137
1339327.3.peg.1241.site.3, 3, 136, 139
1339327.3.peg.1241.site.4, 0, 136, 136
1339327.3.peg.1241.site.5, 25, 137, 162
1339327.3.peg.1241.site.6, 0, 135, 135
1339327.3.peg.1241.site.7, 0, 137, 137
1339327.3.peg.1241.site.8, 3, 136, 139
1339327.3.peg.1241.site.9, 93, 136, 229
1339327.3.peg.1241.site.10, 35, 137, 172
1339327.3.peg.1247.site.1, 0, 126, 126
1339327.3.peg.1247.site.2, 110, 134, 244
1339327.3.peg.1247.site.3, 75, 134, 209
1339327.3.peg.1247.site.4, 87, 134, 221
1339327.3.peg.1247.site.5, 5, 134, 139
1339327.3.peg.1247.site.6, 0, 132, 132
1339327.3.peg.1247.site.7, 1, 133, 134
1339327.3.peg.1247.site.8, 100, 133, 233
1339327.3.peg.1247.site.9, 16, 134, 150
1339327.3.peg.1247.site.10, 0, 133, 133
1339327.3.peg.1247.site.11, 3, 134, 137
1339327.3.peg.1247.site.12, 0, 132, 132
1339327.3.peg.1247.site.13, 3, 132, 135
1339327.3.peg.1247.site.14, 57, 133, 190
1339327.3.peg.1247.site.15, 1, 134, 135
1339327.3.peg.1247.site.16, 7, 133, 140
1339327.3.peg.1247.site.17, 15, 133, 148
1339327.3.peg.1247.site.18, 63, 132, 195
1339327.3.peg.1247.site.19, 106, 134, 240
1339327.3.peg.1247.site.20, 40, 132, 172
1339327.3.peg.1247.site.21, 16, 132, 148
1339327.3.peg.1247.site.22, 42, 134, 176
1339327.3.peg.1247.site.23, 36, 134, 170
1339327.3.peg.1247.site.24, 2, 134, 136
1339327.3.peg.1247.site.25, 7, 133, 140
1339327.3.peg.1247.site.26, 3, 134, 137
1339327.3.peg.1247.site.27, 0, 133, 133
1339327.3.peg.1247.site.28, 0, 134, 134
1339327.3.peg.1247.site.29, 19, 133, 152
1339327.3.peg.1247.site.30, 3, 134, 137
1339327.3.peg.1247.site.31, 24, 134, 158
1339327.3.peg.1247.site.32, 50, 133, 183
1339327.3.peg.1244.site.1, 1, 134, 135
1339327.3.peg.1244.site.2, 6, 137, 143
1339327.3.peg.1244.site.3, 87, 136, 223
1339327.3.peg.1244.site.4, 0, 135, 135
1339327.3.peg.1244.site.5, 3, 136, 139
1339327.3.peg.1244.site.6, 16, 137, 153
1339327.3.peg.1244.site.7, 3, 133, 136
1339327.3.peg.1244.site.8, 5, 131, 136
1339327.3.peg.1244.site.9, 5, 134, 139
1339327.3.peg.1244.site.10, 54, 129, 183
1339327.3.peg.1244.site.11, 0, 128, 128
1339327.3.peg.1244.site.12, 0, 130, 130
1339327.3.peg.1244.site.13, 10, 130, 140
1339327.3.peg.1244.site.14, 1, 132, 133
1339327.3.peg.1244.site.15, 2, 133, 135
1339327.3.peg.1244.site.16, 2, 133, 135
1339327.3.peg.1244.site.17, 2, 137, 139
1339327.3.peg.1244.site.18, 74, 137, 211
1339327.3.peg.1244.site.19, 1, 132, 133
1339327.3.peg.1244.site.20, 3, 133, 136
1339327.3.peg.1244.site.21, 6, 134, 140
1339327.3.peg.1244.site.22, 7, 133, 140
1339327.3.peg.1244.site.23, 1, 136, 137
1339327.3.peg.1244.site.24, 9, 134, 143
1339327.3.peg.1244.site.25, 92, 136, 228
1339327.3.peg.1245.site.1, 4, 134, 138
1339327.3.peg.1245.site.2, 0, 135, 135
1339327.3.peg.1245.site.3, 46, 135, 181
1339327.3.peg.1245.site.4, 27, 136, 163
1339327.3.peg.1245.site.5, 6, 137, 143
1339327.3.peg.1245.site.6, 68, 135, 203
1339327.3.peg.1245.site.7, 12, 136, 148
1339327.3.peg.1245.site.8, 44, 137, 181
1339327.3.peg.1245.site.9, 82, 137, 219
1339327.3.peg.1245.site.10, 33, 137, 170
1339327.3.peg.1245.site.11, 2, 137, 139
1339327.3.peg.1245.site.12, 0, 137, 137
1339327.3.peg.1245.site.13, 5, 135, 140
1339327.3.peg.1245.site.14, 9, 136, 145
1339327.3.peg.1245.site.15, 130, 136, 266
1339327.3.peg.1245.site.16, 24, 137, 161
1339327.3.peg.1245.site.17, 0, 137, 137
1339327.3.peg.1245.site.18, 1, 120, 121
1339327.3.peg.1245.site.19, 6, 119, 125
1339327.3.peg.1245.site.20, 0, 118, 118
1339327.3.peg.1245.site.21, 63, 137, 200
1339327.3.peg.1245.site.22, 11, 136, 147
1339327.3.peg.1245.site.23, 6, 136, 142
1339327.3.peg.1245.site.24, 6, 137, 143
1339327.3.peg.1245.site.25, 4, 135, 139
1339327.3.peg.1245.site.26, 0, 131, 131
1339327.3.peg.1245.site.27, 6, 136, 142
1339327.3.peg.1245.site.28, 0, 136, 136
1339327.3.peg.1245.site.29, 37, 136, 173
1339327.3.peg.1245.site.30, 98, 136, 234
1339327.3.peg.1245.site.31, 4, 137, 141
1339327.3.peg.1245.site.32, 0, 136, 136
1339327.3.peg.1245.site.33, 0, 135, 135
1339327.3.peg.1245.site.34, 27, 137, 164
1339327.3.peg.1245.site.35, 10, 137, 147
1339327.3.peg.1245.site.36, 9, 136, 145
1339327.3.peg.1245.site.37, 0, 129, 129
1339327.3.peg.1488.site.1, 4, 136, 140
1339327.3.peg.1488.site.2, 8, 135, 143
1339327.3.peg.1488.site.3, 9, 136, 145
1339327.3.peg.1488.site.4, 19, 134, 153
1339327.3.peg.1488.site.5, 106, 135, 241
1339327.3.peg.1488.site.6, 5, 135, 140
1339327.3.peg.1488.site.7, 5, 136, 141
1339327.3.peg.1488.site.8, 2, 134, 136
1339327.3.peg.1488.site.9, 5, 132, 137
1339327.3.peg.1488.site.10, 8, 136, 144
1339327.3.peg.1488.site.11, 15, 137, 152
1339327.3.peg.1488.site.12, 7, 134, 141
1339327.3.peg.1488.site.13, 41, 137, 178
1339327.3.peg.1488.site.14, 82, 136, 218
1339327.3.peg.1488.site.15, 79, 136, 215
1339327.3.peg.1488.site.16, 104, 137, 241
1339327.3.peg.1489.site.1, 122, 135, 257
1339327.3.peg.1489.site.2, 3, 136, 139
1339327.3.peg.1489.site.3, 1, 137, 138
1339327.3.peg.1489.site.4, 1, 137, 138
1339327.3.peg.1489.site.5, 5, 137, 142
1339327.3.peg.1489.site.6, 86, 137, 223
1339327.3.peg.1489.site.7, 4, 137, 141
1339327.3.peg.1489.site.8, 7, 137, 144
1339327.3.peg.1489.site.9, 3, 136, 139
1339327.3.peg.1489.site.10, 0, 136, 136
1339327.3.peg.1489.site.11, 3, 136, 139
1339327.3.peg.1489.site.12, 92, 134, 226
1339327.3.peg.1489.site.13, 0, 137, 137
1339327.3.peg.1489.site.14, 4, 137, 141
1339327.3.peg.1489.site.15, 1, 135, 136
1339327.3.peg.1489.site.16, 2, 137, 139
1339327.3.peg.1489.site.17, 37, 137, 174
1339327.3.peg.1489.site.18, 4, 135, 139
1339327.3.peg.1489.site.19, 5, 135, 140
1339327.3.peg.4320.site.1, 65, 137, 202
1339327.3.peg.4320.site.2, 10, 137, 147
1339327.3.peg.4320.site.3, 0, 137, 137
1339327.3.peg.4320.site.4, 26, 136, 162
1339327.3.peg.4320.site.5, 114, 136, 250
1339327.3.peg.4320.site.6, 0, 137, 137
1339327.3.peg.4320.site.7, 2, 136, 138
1339327.3.peg.4320.site.8, 17, 137, 154
1339327.3.peg.4320.site.9, 16, 137, 153
1339327.3.peg.4320.site.10, 3, 136, 139
1339327.3.peg.4320.site.11, 26, 137, 163
1339327.3.peg.4320.site.12, 3, 137, 140
1339327.3.peg.4320.site.13, 1, 137, 138
1339327.3.peg.4320.site.14, 0, 134, 134
1339327.3.peg.4320.site.15, 53, 136, 189
1339327.3.peg.4320.site.16, 3, 137, 140
1339327.3.peg.4320.site.17, 0, 137, 137
1339327.3.peg.4320.site.18, 85, 137, 222
1339327.3.peg.4320.site.19, 75, 137, 212
1339327.3.peg.4320.site.20, 18, 137, 155
1339327.3.peg.4320.site.21, 38, 137, 175
1339327.3.peg.4320.site.22, 2, 136, 138
1339327.3.peg.4320.site.23, 72, 137, 209
1339327.3.peg.4320.site.24, 46, 132, 178
1339327.3.peg.4320.site.25, 9, 135, 144
1339327.3.peg.4320.site.26, 2, 136, 138
1339327.3.peg.4320.site.27, 3, 137, 140
1339327.3.peg.4320.site.28, 1, 136, 137
1339327.3.peg.4320.site.29, 13, 137, 150
1339327.3.peg.4320.site.30, 105, 135, 240
1339327.3.peg.4320.site.31, 14, 136, 150
1339327.3.peg.4320.site.32, 22, 137, 159
1339327.3.peg.4320.site.33, 3, 136, 139
1339327.3.peg.4321.site.1, 3, 134, 137
1339327.3.peg.4321.site.2, 0, 134, 134
1339327.3.peg.4321.site.3, 95, 135, 230
1339327.3.peg.4321.site.4, 32, 135, 167
1339327.3.peg.4321.site.5, 61, 137, 198
1339327.3.peg.4321.site.6, 0, 136, 136
1339327.3.peg.4321.site.7, 0, 137, 137
1339327.3.peg.4321.site.8, 4, 137, 141
1339327.3.peg.4326.site.1, 0, 132, 132
1339327.3.peg.4326.site.2, 0, 135, 135
1339327.3.peg.4326.site.3, 3, 134, 137
1339327.3.peg.4326.site.4, 38, 136, 174
1339327.3.peg.4326.site.5, 70, 136, 206
1339327.3.peg.4326.site.6, 59, 136, 195
1339327.3.peg.4326.site.7, 13, 136, 149
1339327.3.peg.4326.site.8, 2, 136, 138
1339327.3.peg.4326.site.9, 9, 136, 145
1339327.3.peg.4326.site.10, 13, 135, 148
1339327.3.peg.4326.site.11, 31, 114, 145
1339327.3.peg.4326.site.12, 3, 97, 100
1339327.3.peg.4326.site.13, 34, 137, 171
1339327.3.peg.4326.site.14, 0, 137, 137
1339327.3.peg.4326.site.15, 33, 136, 169
1339327.3.peg.4327.site.1, 0, 133, 133
1339327.3.peg.4327.site.2, 0, 137, 137
1339327.3.peg.4327.site.3, 2, 137, 139
1339327.3.peg.4327.site.4, 2, 137, 139
1339327.3.peg.4327.site.5, 60, 137, 197
1339327.3.peg.4327.site.6, 55, 136, 191
1339327.3.peg.4327.site.7, 0, 137, 137
1339327.3.peg.4327.site.8, 73, 137, 210
1339327.3.peg.4327.site.9, 9, 137, 146
1339327.3.peg.4327.site.10, 58, 135, 193
1339327.3.peg.4327.site.11, 2, 136, 138
1339327.3.peg.4327.site.12, 11, 135, 146
1339327.3.peg.4327.site.13, 0, 136, 136
1339327.3.peg.4327.site.14, 6, 136, 142
1339327.3.peg.4327.site.15, 2, 137, 139
1339327.3.peg.4327.site.16, 12, 137, 149
1339327.3.peg.4327.site.17, 0, 137, 137
1339327.3.peg.4327.site.18, 1, 137, 138
1339327.3.peg.4327.site.19, 21, 136, 157
1339327.3.peg.4327.site.20, 15, 134, 149
1339327.3.peg.4327.site.21, 3, 136, 139
1339327.3.peg.4325.site.1, 12, 137, 149
1339327.3.peg.4325.site.2, 122, 137, 259
1339327.3.peg.4325.site.3, 53, 134, 187
1339327.3.peg.1480.site.1, 6, 131, 137
1339327.3.peg.1481.site.1, 5, 135, 140
1339327.3.peg.1481.site.2, 1, 134, 135
1339327.3.peg.1481.site.3, 0, 137, 137
1339327.3.peg.1481.site.4, 1, 136, 137
1339327.3.peg.1481.site.5, 2, 134, 136
1339327.3.peg.1481.site.6, 0, 135, 135
1339327.3.peg.1481.site.7, 17, 135, 152
1339327.3.peg.1481.site.8, 0, 136, 136
1339327.3.peg.1481.site.9, 7, 136, 143
1339327.3.peg.1482.site.1, 1, 137, 138
1339327.3.peg.1482.site.2, 1, 137, 138
1339327.3.peg.1482.site.3, 51, 137, 188
1339327.3.peg.1482.site.4, 12, 136, 148
1339327.3.peg.1483.site.1, 6, 135, 141
1339327.3.peg.1483.site.2, 0, 136, 136
1339327.3.peg.1483.site.3, 58, 132, 190
1339327.3.peg.1483.site.4, 4, 134, 138
1339327.3.peg.1483.site.5, 10, 137, 147
1339327.3.peg.1483.site.6, 1, 137, 138
1339327.3.peg.1483.site.7, 5, 136, 141
1339327.3.peg.1483.site.8, 11, 137, 148
1339327.3.peg.1484.site.1, 2, 137, 139
1339327.3.peg.1484.site.2, 125, 136, 261
1339327.3.peg.1484.site.3, 47, 136, 183
1339327.3.peg.1484.site.4, 0, 133, 133
1339327.3.peg.1484.site.5, 1, 131, 132
1339327.3.peg.1484.site.6, 2, 135, 137
1339327.3.peg.1484.site.7, 1, 136, 137
1339327.3.peg.1484.site.8, 84, 133, 217
1339327.3.peg.1484.site.9, 3, 137, 140
1339327.3.peg.1485.site.1, 0, 135, 135
1339327.3.peg.1485.site.2, 125, 134, 259
1339327.3.peg.1485.site.3, 0, 133, 133
1339327.3.peg.1485.site.4, 0, 135, 135
1339327.3.peg.1485.site.5, 0, 136, 136
1339327.3.peg.1485.site.6, 1, 136, 137
1339327.3.peg.1485.site.7, 0, 136, 136
1339327.3.peg.1485.site.8, 2, 137, 139
1339327.3.peg.1485.site.9, 2, 136, 138
1339327.3.peg.1486.site.1, 116, 136, 252
1339327.3.peg.1486.site.2, 6, 137, 143
1339327.3.peg.1486.site.3, 88, 137, 225
1339327.3.peg.1486.site.4, 4, 137, 141
1339327.3.peg.1486.site.5, 125, 137, 262
1339327.3.peg.1486.site.6, 22, 136, 158
1339327.3.peg.1486.site.7, 0, 136, 136
1339327.3.peg.1486.site.8, 10, 137, 147
1339327.3.peg.1486.site.9, 59, 137, 196
1339327.3.peg.1486.site.10, 3, 137, 140
1339327.3.peg.1486.site.11, 1, 137, 138
1339327.3.peg.1486.site.12, 12, 136, 148
1339327.3.peg.1486.site.13, 3, 137, 140
1339327.3.peg.1486.site.14, 52, 136, 188
1339327.3.peg.1486.site.15, 3, 136, 139
1339327.3.peg.1487.site.1, 2, 136, 138
1339327.3.peg.1487.site.2, 2, 137, 139
1339327.3.peg.1487.site.3, 3, 137, 140
1339327.3.peg.1487.site.4, 2, 135, 137
1339327.3.peg.1487.site.5, 29, 137, 166
1339327.3.peg.1487.site.6, 8, 137, 145
1339327.3.peg.1487.site.7, 1, 136, 137
1339327.3.peg.1487.site.8, 20, 137, 157
1339327.3.peg.1487.site.9, 0, 136, 136
1339327.3.peg.1487.site.10, 7, 137, 144
1339327.3.peg.1487.site.11, 3, 137, 140
1339327.3.peg.5099.site.1, 2, 137, 139
1339327.3.peg.5099.site.2, 3, 137, 140
1339327.3.peg.5099.site.3, 2, 136, 138
1339327.3.peg.5099.site.4, 2, 137, 139
1339327.3.peg.5099.site.5, 28, 135, 163
1339327.3.peg.5099.site.6, 1, 136, 137
1339327.3.peg.5099.site.7, 1, 136, 137
1339327.3.peg.5099.site.8, 1, 136, 137
1339327.3.peg.5099.site.9, 3, 137, 140
1339327.3.peg.5099.site.10, 2, 137, 139
1339327.3.peg.5099.site.11, 2, 137, 139
1339327.3.peg.5099.site.12, 5, 137, 142
1339327.3.peg.5099.site.13, 1, 135, 136
1339327.3.peg.5099.site.14, 3, 134, 137
1339327.3.peg.5099.site.15, 1, 135, 136
1339327.3.peg.5099.site.16, 1, 135, 136
1339327.3.peg.5099.site.17, 2, 137, 139
1339327.3.peg.5099.site.18, 104, 137, 241
1339327.3.peg.5099.site.19, 8, 137, 145
1339327.3.peg.5099.site.20, 2, 137, 139
1339327.3.peg.5099.site.21, 6, 136, 142
1339327.3.peg.5099.site.22, 11, 137, 148
1339327.3.peg.5099.site.23, 2, 136, 138
1339327.3.peg.5099.site.24, 1, 136, 137
1339327.3.peg.5099.site.25, 1, 134, 135
1339327.3.peg.5099.site.26, 1, 135, 136
1339327.3.peg.5099.site.27, 10, 136, 146
1339327.3.peg.5099.site.28, 1, 136, 137
1339327.3.peg.5099.site.29, 3, 137, 140
1339327.3.peg.5099.site.30, 2, 137, 139
1339327.3.peg.5099.site.31, 10, 135, 145
1339327.3.peg.5099.site.32, 10, 133, 143
1339327.3.peg.5099.site.33, 12, 134, 146
1339327.3.peg.5099.site.34, 7, 135, 142
1339327.3.peg.5099.site.35, 1, 136, 137
1339327.3.peg.5099.site.36, 9, 134, 143
1339327.3.peg.5099.site.37, 41, 134, 175
1339327.3.peg.5099.site.38, 20, 134, 154
1339327.3.peg.5099.site.39, 2, 135, 137
1339327.3.peg.5099.site.40, 2, 133, 135
1339327.3.peg.5099.site.41, 4, 135, 139
1339327.3.peg.5099.site.42, 1, 135, 136
1339327.3.peg.5099.site.43, 5, 135, 140
1339327.3.peg.5099.site.44, 11, 134, 145
1339327.3.peg.5099.site.45, 1, 134, 135
1339327.3.peg.5099.site.46, 3, 134, 137
1339327.3.peg.5099.site.47, 2, 134, 136
1339327.3.peg.5099.site.48, 26, 135, 161
1339327.3.peg.5099.site.49, 0, 135, 135
1339327.3.peg.5099.site.50, 2, 135, 137
1339327.3.peg.2685.site.1, 3, 135, 138
1339327.3.peg.2685.site.2, 2, 135, 137
1339327.3.peg.2685.site.3, 9, 132, 141
1339327.3.peg.2685.site.4, 117, 135, 252
1339327.3.peg.2685.site.5, 114, 136, 250
1339327.3.peg.2685.site.6, 12, 132, 144
1339327.3.peg.2685.site.7, 8, 134, 142
1339327.3.peg.2685.site.8, 1, 135, 136
1339327.3.peg.2685.site.9, 7, 134, 141
1339327.3.peg.2685.site.10, 0, 136, 136
1339327.3.peg.2685.site.11, 7, 134, 141
1339327.3.peg.2685.site.12, 5, 136, 141
1339327.3.peg.2685.site.13, 1, 136, 137
1339327.3.peg.2685.site.14, 3, 132, 135
1339327.3.peg.2685.site.15, 54, 132, 186
1339327.3.peg.2685.site.16, 1, 132, 133
1339327.3.peg.2685.site.17, 10, 132, 142
1339327.3.peg.2685.site.18, 38, 134, 172
1339327.3.peg.2685.site.19, 6, 135, 141
1339327.3.peg.2685.site.20, 67, 134, 201
1339327.3.peg.2685.site.21, 121, 134, 255
1339327.3.peg.2685.site.22, 27, 135, 162
1339327.3.peg.2685.site.23, 5, 134, 139
1339327.3.peg.2685.site.24, 17, 135, 152
1339327.3.peg.2685.site.25, 6, 137, 143
1339327.3.peg.2685.site.26, 35, 137, 172
1339327.3.peg.2685.site.27, 105, 137, 242
1339327.3.peg.2685.site.28, 3, 135, 138
1339327.3.peg.2685.site.29, 24, 135, 159
1339327.3.peg.2685.site.30, 108, 134, 242
1339327.3.peg.2685.site.31, 9, 135, 144
1339327.3.peg.2685.site.32, 5, 135, 140
1339327.3.peg.2685.site.33, 99, 132, 231
1339327.3.peg.2685.site.34, 3, 127, 130
1339327.3.peg.2685.site.35, 5, 128, 133
1339327.3.peg.2685.site.36, 66, 132, 198
1339327.3.peg.2685.site.37, 65, 133, 198
1339327.3.peg.2685.site.38, 99, 132, 231
1339327.3.peg.2685.site.39, 96, 133, 229
1339327.3.peg.2685.site.40, 23, 130, 153
1339327.3.peg.2685.site.41, 124, 131, 255
1339327.3.peg.2685.site.42, 21, 133, 154
1339327.3.peg.2685.site.43, 6, 136, 142
1339327.3.peg.2685.site.44, 61, 134, 195
1339327.3.peg.2685.site.45, 0, 126, 126
1339327.3.peg.2685.site.46, 118, 118, 236
1339327.3.peg.2685.site.47, 116, 116, 232
1339327.3.peg.2685.site.48, 3, 134, 137
1339327.3.peg.2918.site.1, 1, 136, 137
1339327.3.peg.2918.site.2, 6, 135, 141
1339327.3.peg.2918.site.3, 2, 99, 101
1339327.3.peg.2918.site.4, 16, 76, 92
1339327.3.peg.2918.site.5, 2, 136, 138
1339327.3.peg.2918.site.6, 6, 134, 140
1339327.3.peg.2918.site.7, 14, 134, 148
1339327.3.peg.2918.site.8, 46, 132, 178
1339327.3.peg.2918.site.9, 3, 134, 137
1339327.3.peg.2918.site.10, 4, 135, 139
1339327.3.peg.2918.site.11, 49, 131, 180
1339327.3.peg.2918.site.12, 63, 136, 199
1339327.3.peg.2918.site.13, 0, 132, 132
1339327.3.peg.2918.site.14, 1, 134, 135
1339327.3.peg.2918.site.15, 48, 127, 175
1339327.3.peg.2918.site.16, 1, 129, 130
1339327.3.peg.2918.site.17, 35, 129, 164
1339327.3.peg.2918.site.18, 7, 133, 140
1339327.3.peg.2918.site.19, 11, 133, 144
1339327.3.peg.2918.site.20, 10, 133, 143
1339327.3.peg.2918.site.21, 3, 134, 137
1339327.3.peg.2917.site.1, 3, 134, 137
1339327.3.peg.2917.site.2, 37, 135, 172
1339327.3.peg.2917.site.3, 18, 134, 152
1339327.3.peg.2917.site.4, 14, 136, 150
1339327.3.peg.2917.site.5, 53, 136, 189
1339327.3.peg.2917.site.6, 1, 133, 134
1339327.3.peg.2917.site.7, 69, 130, 199
1339327.3.peg.2917.site.8, 4, 132, 136
1339327.3.peg.2917.site.9, 2, 133, 135
1339327.3.peg.2917.site.10, 114, 135, 249
1339327.3.peg.2917.site.11, 3, 136, 139
1339327.3.peg.2917.site.12, 1, 136, 137
1339327.3.peg.2917.site.13, 5, 130, 135
1339327.3.peg.2917.site.14, 16, 132, 148
1339327.3.peg.2917.site.15, 7, 135, 142
1339327.3.peg.2917.site.16, 8, 137, 145
1339327.3.peg.2917.site.17, 64, 133, 197
1339327.3.peg.2917.site.18, 22, 134, 156
1339327.3.peg.2916.site.1, 44, 130, 174
1339327.3.peg.2916.site.2, 34, 135, 169
1339327.3.peg.2916.site.3, 1, 136, 137
1339327.3.peg.2916.site.4, 2, 135, 137
1339327.3.peg.2916.site.5, 6, 134, 140
1339327.3.peg.2916.site.6, 23, 135, 158
1339327.3.peg.2916.site.7, 9, 133, 142
1339327.3.peg.2916.site.8, 0, 133, 133
1339327.3.peg.2916.site.9, 0, 124, 124
1339327.3.peg.2916.site.10, 1, 127, 128
1339327.3.peg.2916.site.11, 127, 133, 260
1339327.3.peg.2916.site.12, 13, 135, 148
1339327.3.peg.2916.site.13, 0, 136, 136
1339327.3.peg.2916.site.14, 3, 131, 134
1339327.3.peg.2916.site.15, 9, 133, 142
1339327.3.peg.2916.site.16, 9, 133, 142
1339327.3.peg.2916.site.17, 0, 133, 133
1339327.3.peg.2916.site.18, 5, 130, 135
1339327.3.peg.2916.site.19, 126, 132, 258
1339327.3.peg.2916.site.20, 8, 132, 140
1339327.3.peg.2916.site.21, 0, 127, 127
1339327.3.peg.2916.site.22, 9, 129, 138
1339327.3.peg.2916.site.23, 1, 129, 130
1339327.3.peg.2916.site.24, 51, 136, 187
1339327.3.peg.2915.site.1, 12, 135, 147
1339327.3.peg.2915.site.2, 1, 134, 135
1339327.3.peg.2915.site.3, 3, 137, 140
1339327.3.peg.2915.site.4, 0, 137, 137
1339327.3.peg.2915.site.5, 0, 133, 133
1339327.3.peg.2915.site.6, 42, 137, 179
1339327.3.peg.2915.site.7, 123, 135, 258
1339327.3.peg.2915.site.8, 3, 135, 138
1339327.3.peg.2915.site.9, 0, 135, 135
1339327.3.peg.2915.site.10, 4, 129, 133
1339327.3.peg.2913.site.1, 38, 133, 171
1339327.3.peg.2913.site.2, 121, 137, 258
1339327.3.peg.2913.site.3, 6, 137, 143
1339327.3.peg.2913.site.4, 14, 137, 151
1339327.3.peg.2913.site.5, 4, 132, 136
1339327.3.peg.2913.site.6, 2, 136, 138
1339327.3.peg.2913.site.7, 12, 136, 148
1339327.3.peg.2913.site.8, 61, 133, 194
1339327.3.peg.2913.site.9, 1, 136, 137
1339327.3.peg.2913.site.10, 118, 136, 254
1339327.3.peg.2913.site.11, 30, 135, 165
1339327.3.peg.2913.site.12, 5, 137, 142
1339327.3.peg.2913.site.13, 100, 136, 236
1339327.3.peg.2913.site.14, 13, 137, 150
1339327.3.peg.2910.site.1, 1, 134, 135
1339327.3.peg.770.site.1, 3, 137, 140
1339327.3.peg.770.site.2, 2, 137, 139
1339327.3.peg.770.site.3, 2, 137, 139
1339327.3.peg.770.site.4, 59, 137, 196
1339327.3.peg.770.site.5, 98, 136, 234
1339327.3.peg.770.site.6, 0, 136, 136
1339327.3.peg.770.site.7, 49, 135, 184
1339327.3.peg.770.site.8, 93, 137, 230
1339327.3.peg.770.site.9, 2, 136, 138
1339327.3.peg.770.site.10, 0, 136, 136
1339327.3.peg.770.site.11, 29, 136, 165
1339327.3.peg.770.site.12, 1, 137, 138
1339327.3.peg.770.site.13, 17, 137, 154
1339327.3.peg.770.site.14, 0, 137, 137
1339327.3.peg.770.site.15, 17, 136, 153
1339327.3.peg.770.site.16, 12, 136, 148
1339327.3.peg.770.site.17, 78, 136, 214
1339327.3.peg.770.site.18, 1, 136, 137
1339327.3.peg.770.site.19, 23, 136, 159
1339327.3.peg.2686.site.1, 118, 133, 251
1339327.3.peg.2686.site.2, 123, 133, 256
1339327.3.peg.2686.site.3, 1, 128, 129
1339327.3.peg.2686.site.4, 1, 136, 137
1339327.3.peg.2686.site.5, 2, 135, 137
1339327.3.peg.2686.site.6, 1, 135, 136
1339327.3.peg.772.site.1, 7, 137, 144
1339327.3.peg.772.site.2, 51, 134, 185
1339327.3.peg.772.site.3, 1, 136, 137
1339327.3.peg.773.site.1, 2, 137, 139
1339327.3.peg.773.site.2, 0, 135, 135
1339327.3.peg.773.site.3, 2, 136, 138
1339327.3.peg.773.site.4, 2, 136, 138
1339327.3.peg.773.site.5, 20, 134, 154
1339327.3.peg.773.site.6, 0, 136, 136
1339327.3.peg.773.site.7, 129, 135, 264
1339327.3.peg.773.site.8, 38, 136, 174
1339327.3.peg.773.site.9, 132, 137, 269
1339327.3.peg.773.site.10, 11, 137, 148
1339327.3.peg.773.site.11, 0, 135, 135
1339327.3.peg.773.site.12, 10, 137, 147
1339327.3.peg.773.site.13, 0, 137, 137
1339327.3.peg.773.site.14, 9, 135, 144
1339327.3.peg.773.site.15, 2, 135, 137
1339327.3.peg.773.site.16, 18, 133, 151
1339327.3.peg.773.site.17, 0, 136, 136
1339327.3.peg.773.site.18, 8, 136, 144
1339327.3.peg.773.site.19, 5, 137, 142
1339327.3.peg.773.site.20, 2, 137, 139
1339327.3.peg.773.site.21, 2, 137, 139
1339327.3.peg.773.site.22, 12, 137, 149
1339327.3.peg.773.site.23, 1, 137, 138
1339327.3.peg.773.site.24, 4, 137, 141
1339327.3.peg.773.site.25, 0, 136, 136
1339327.3.peg.1798.site.1, 8, 135, 143
1339327.3.peg.1798.site.2, 4, 135, 139
1339327.3.peg.1798.site.3, 5, 136, 141
1339327.3.peg.1798.site.4, 4, 136, 140
1339327.3.peg.1798.site.5, 5, 137, 142
1339327.3.peg.1798.site.6, 7, 134, 141
1339327.3.peg.2682.site.1, 0, 135, 135
1339327.3.peg.2682.site.2, 2, 137, 139
1339327.3.peg.2682.site.3, 1, 135, 136
1339327.3.peg.2682.site.4, 1, 135, 136
1339327.3.peg.2682.site.5, 63, 136, 199
1339327.3.peg.2682.site.6, 2, 131, 133
1339327.3.peg.2682.site.7, 0, 129, 129
1339327.3.peg.2682.site.8, 1, 128, 129
1339327.3.peg.2682.site.9, 2, 131, 133
1339327.3.peg.2682.site.10, 6, 133, 139
1339327.3.peg.2682.site.11, 4, 132, 136
1339327.3.peg.2681.site.1, 107, 133, 240
1339327.3.peg.2681.site.2, 15, 124, 139
1339327.3.peg.2681.site.3, 12, 121, 133
1339327.3.peg.2681.site.4, 3, 136, 139
1339327.3.peg.2681.site.5, 2, 136, 138
1339327.3.peg.2681.site.6, 2, 136, 138
1339327.3.peg.2681.site.7, 0, 135, 135
1339327.3.peg.1069.site.1, 6, 134, 140
1339327.3.peg.1069.site.2, 0, 134, 134
1339327.3.peg.1069.site.3, 2, 137, 139
1339327.3.peg.1069.site.4, 16, 137, 153
1339327.3.peg.1069.site.5, 35, 136, 171
1339327.3.peg.1069.site.6, 0, 136, 136
1339327.3.peg.1069.site.7, 9, 136, 145
1339327.3.peg.1069.site.8, 12, 136, 148
1339327.3.peg.1069.site.9, 37, 131, 168
1339327.3.peg.1069.site.10, 18, 116, 134
1339327.3.peg.1069.site.11, 11, 110, 121
1339327.3.peg.1069.site.12, 6, 101, 107
1339327.3.peg.1069.site.13, 2, 101, 103
1339327.3.peg.1069.site.14, 92, 134, 226
1339327.3.peg.1069.site.15, 1, 133, 134
1339327.3.peg.1069.site.16, 3, 135, 138
1339327.3.peg.1069.site.17, 35, 134, 169
1339327.3.peg.1069.site.18, 4, 136, 140
1339327.3.peg.1069.site.19, 4, 136, 140
1339327.3.peg.1069.site.20, 47, 136, 183
1339327.3.peg.1069.site.21, 4, 136, 140
1339327.3.peg.1069.site.22, 4, 136, 140
1339327.3.peg.1069.site.23, 17, 137, 154
1339327.3.peg.1069.site.24, 34, 136, 170
1339327.3.peg.1069.site.25, 1, 136, 137
1339327.3.peg.1069.site.26, 9, 136, 145
1339327.3.peg.1069.site.27, 33, 133, 166
1339327.3.peg.1069.site.28, 2, 137, 139
1339327.3.peg.1069.site.29, 3, 135, 138
1339327.3.peg.1066.site.1, 99, 137, 236
1339327.3.peg.1066.site.2, 0, 137, 137
1339327.3.peg.1066.site.3, 0, 135, 135
1339327.3.peg.1066.site.4, 2, 133, 135
1339327.3.peg.1066.site.5, 4, 122, 126
1339327.3.peg.1066.site.6, 67, 128, 195
1339327.3.peg.1795.site.1, 3, 136, 139
1339327.3.peg.1795.site.2, 1, 137, 138
1339327.3.peg.1796.site.1, 11, 134, 145
1339327.3.peg.1796.site.2, 7, 136, 143
1339327.3.peg.1796.site.3, 8, 136, 144
1339327.3.peg.1796.site.4, 3, 134, 137
1339327.3.peg.1796.site.5, 5, 5, 10
1339327.3.peg.1065.site.1, 3, 137, 140
1339327.3.peg.1065.site.2, 48, 137, 185
1339327.3.peg.1065.site.3, 17, 136, 153
1339327.3.peg.1065.site.4, 40, 137, 177
1339327.3.peg.1065.site.5, 3, 137, 140
1339327.3.peg.1065.site.6, 126, 136, 262
1339327.3.peg.1065.site.7, 9, 136, 145
1339327.3.peg.1065.site.8, 15, 136, 151
1339327.3.peg.1065.site.9, 1, 137, 138
1339327.3.peg.1065.site.10, 3, 135, 138
1339327.3.peg.1065.site.11, 46, 137, 183
1339327.3.peg.1065.site.12, 62, 137, 199
1339327.3.peg.1065.site.13, 48, 137, 185
1339327.3.peg.1065.site.14, 1, 136, 137
1339327.3.peg.1065.site.15, 21, 137, 158
1339327.3.peg.1065.site.16, 21, 137, 158
1339327.3.peg.1065.site.17, 21, 137, 158
1339327.3.peg.1065.site.18, 21, 137, 158
1339327.3.peg.1065.site.19, 55, 136, 191
1339327.3.peg.1065.site.20, 2, 137, 139
1339327.3.peg.1065.site.21, 22, 137, 159
1339327.3.peg.1065.site.22, 0, 137, 137
1339327.3.peg.1065.site.23, 99, 136, 235
1339327.3.peg.1065.site.24, 5, 137, 142
1339327.3.peg.1065.site.25, 29, 137, 166
1339327.3.peg.1065.site.26, 98, 137, 235
1339327.3.peg.1065.site.27, 3, 137, 140
1339327.3.peg.1065.site.28, 81, 137, 218
1339327.3.peg.1065.site.29, 78, 136, 214
1339327.3.peg.1065.site.30, 86, 137, 223
1339327.3.peg.1065.site.31, 6, 137, 143
1339327.3.peg.1790.site.1, 58, 128, 186
1339327.3.peg.1790.site.2, 13, 136, 149
1339327.3.peg.1790.site.3, 99, 135, 234
1339327.3.peg.1790.site.4, 3, 136, 139
1339327.3.peg.1790.site.5, 4, 136, 140
1339327.3.peg.1790.site.6, 7, 135, 142
1339327.3.peg.1790.site.7, 8, 133, 141
1339327.3.peg.1790.site.8, 5, 133, 138
1339327.3.peg.1790.site.9, 107, 133, 240
1339327.3.peg.1790.site.10, 2, 135, 137
1339327.3.peg.1790.site.11, 10, 136, 146
1339327.3.peg.1790.site.12, 1, 128, 129
1339327.3.peg.1790.site.13, 0, 135, 135
1339327.3.peg.1063.site.1, 60, 135, 195
1339327.3.peg.2689.site.1, 123, 134, 257
1339327.3.peg.2689.site.2, 17, 134, 151
1339327.3.peg.1061.site.1, 79, 134, 213
1339327.3.peg.1061.site.2, 73, 133, 206
1339327.3.peg.1061.site.3, 2, 133, 135
1339327.3.peg.1061.site.4, 3, 133, 136
1339327.3.peg.1061.site.5, 2, 134, 136
1339327.3.peg.2045.site.1, 112, 136, 248
1339327.3.peg.2045.site.2, 3, 135, 138
1339327.3.peg.2045.site.3, 0, 136, 136
1339327.3.peg.2045.site.4, 0, 134, 134
1339327.3.peg.2045.site.5, 35, 135, 170
1339327.3.peg.2045.site.6, 3, 135, 138
1339327.3.peg.2045.site.7, 23, 137, 160
1339327.3.peg.2045.site.8, 113, 137, 250
1339327.3.peg.2045.site.9, 17, 136, 153
1339327.3.peg.2045.site.10, 21, 136, 157
1339327.3.peg.2045.site.11, 1, 128, 129
1339327.3.peg.2045.site.12, 3, 134, 137
1339327.3.peg.2045.site.13, 2, 135, 137
1339327.3.peg.2045.site.14, 0, 137, 137
1339327.3.peg.2045.site.15, 3, 135, 138
1339327.3.peg.2045.site.16, 62, 133, 195
1339327.3.peg.2045.site.17, 4, 136, 140
1339327.3.peg.2045.site.18, 43, 131, 174
1339327.3.peg.2045.site.19, 4, 135, 139
1339327.3.peg.2045.site.20, 24, 134, 158
1339327.3.peg.2045.site.21, 5, 136, 141
1339327.3.peg.2045.site.22, 74, 135, 209
1339327.3.peg.2046.site.1, 9, 131, 140
1339327.3.peg.2046.site.2, 119, 133, 252
1339327.3.peg.2046.site.3, 18, 132, 150
1339327.3.peg.2046.site.4, 2, 133, 135
1339327.3.peg.2046.site.5, 82, 133, 215
1339327.3.peg.2046.site.6, 3, 136, 139
1339327.3.peg.2046.site.7, 0, 136, 136
1339327.3.peg.2046.site.8, 2, 135, 137
1339327.3.peg.2046.site.9, 2, 134, 136
1339327.3.peg.2046.site.10, 13, 133, 146
1339327.3.peg.2046.site.11, 0, 134, 134
1339327.3.peg.2046.site.12, 0, 134, 134
1339327.3.peg.2046.site.13, 3, 132, 135
1339327.3.peg.2046.site.14, 1, 129, 130
1339327.3.peg.2046.site.15, 1, 135, 136
1339327.3.peg.2046.site.16, 130, 130, 260
1339327.3.peg.2046.site.17, 4, 133, 137
1339327.3.peg.2046.site.18, 4, 136, 140
1339327.3.peg.2046.site.19, 41, 136, 177
1339327.3.peg.2046.site.20, 1, 137, 138
1339327.3.peg.2046.site.21, 53, 136, 189
1339327.3.peg.2046.site.22, 48, 135, 183
1339327.3.peg.2046.site.23, 1, 136, 137
1339327.3.peg.2046.site.24, 5, 136, 141
1339327.3.peg.2046.site.25, 2, 136, 138
1339327.3.peg.2046.site.26, 76, 136, 212
1339327.3.peg.2046.site.27, 2, 137, 139
1339327.3.peg.2046.site.28, 117, 134, 251
1339327.3.peg.2046.site.29, 24, 136, 160
1339327.3.peg.2046.site.30, 109, 135, 244
1339327.3.peg.2046.site.31, 8, 137, 145
1339327.3.peg.2046.site.32, 119, 136, 255
1339327.3.peg.2046.site.33, 0, 136, 136
1339327.3.peg.2046.site.34, 8, 137, 145
1339327.3.peg.2046.site.35, 43, 137, 180
1339327.3.peg.2046.site.36, 34, 137, 171
1339327.3.peg.2041.site.1, 28, 137, 165
1339327.3.peg.2041.site.2, 8, 136, 144
1339327.3.peg.2041.site.3, 1, 137, 138
1339327.3.peg.2041.site.4, 5, 136, 141
1339327.3.peg.2041.site.5, 21, 135, 156
1339327.3.peg.2041.site.6, 125, 135, 260
1339327.3.peg.2041.site.7, 54, 135, 189
1339327.3.peg.2041.site.8, 4, 137, 141
1339327.3.peg.2040.site.1, 1, 136, 137
1339327.3.peg.2040.site.2, 4, 135, 139
1339327.3.peg.2040.site.3, 5, 136, 141
1339327.3.peg.2040.site.4, 89, 135, 224
1339327.3.peg.2040.site.5, 1, 135, 136
1339327.3.peg.2040.site.6, 47, 133, 180
1339327.3.peg.2040.site.7, 22, 135, 157
1339327.3.peg.2040.site.8, 32, 137, 169
1339327.3.peg.2040.site.9, 5, 136, 141
1339327.3.peg.2040.site.10, 0, 135, 135
1339327.3.peg.2043.site.1, 1, 137, 138
1339327.3.peg.2043.site.2, 118, 137, 255
1339327.3.peg.2043.site.3, 3, 137, 140
1339327.3.peg.2043.site.4, 105, 135, 240
1339327.3.peg.2043.site.5, 25, 136, 161
1339327.3.peg.2043.site.6, 2, 137, 139
1339327.3.peg.2043.site.7, 3, 134, 137
1339327.3.peg.2043.site.8, 4, 136, 140
1339327.3.peg.2043.site.9, 0, 131, 131
1339327.3.peg.2043.site.10, 4, 135, 139
1339327.3.peg.2043.site.11, 2, 136, 138
1339327.3.peg.2043.site.12, 1, 135, 136
1339327.3.peg.2043.site.13, 1, 137, 138
1339327.3.peg.2043.site.14, 14, 134, 148
1339327.3.peg.2043.site.15, 6, 134, 140
1339327.3.peg.2043.site.16, 3, 137, 140
1339327.3.peg.2043.site.17, 0, 136, 136
1339327.3.peg.2043.site.18, 27, 136, 163
1339327.3.peg.2043.site.19, 27, 137, 164
1339327.3.peg.2043.site.20, 14, 137, 151
1339327.3.peg.2042.site.1, 2, 137, 139
1339327.3.peg.2042.site.2, 1, 137, 138
1339327.3.peg.2042.site.3, 2, 135, 137
1339327.3.peg.2042.site.4, 15, 136, 151
1339327.3.peg.2042.site.5, 6, 132, 138
1339327.3.peg.2042.site.6, 2, 118, 120
1339327.3.peg.2042.site.7, 33, 128, 161
1339327.3.peg.2042.site.8, 11, 136, 147
1339327.3.peg.2042.site.9, 9, 135, 144
1339327.3.peg.2042.site.10, 4, 135, 139
1339327.3.peg.2042.site.11, 11, 137, 148
1339327.3.peg.2042.site.12, 2, 132, 134
1339327.3.peg.2042.site.13, 1, 127, 128
1339327.3.peg.2042.site.14, 13, 135, 148
1339327.3.peg.2042.site.15, 4, 135, 139
1339327.3.peg.2042.site.16, 3, 135, 138
1339327.3.peg.2042.site.17, 19, 136, 155
1339327.3.peg.2042.site.18, 2, 135, 137
1339327.3.peg.893.site.1, 4, 137, 141
1339327.3.peg.893.site.2, 9, 136, 145
1339327.3.peg.893.site.3, 0, 137, 137
1339327.3.peg.893.site.4, 2, 136, 138
1339327.3.peg.893.site.5, 3, 137, 140
1339327.3.peg.893.site.6, 15, 135, 150
1339327.3.peg.893.site.7, 5, 136, 141
1339327.3.peg.893.site.8, 15, 136, 151
1339327.3.peg.893.site.9, 0, 134, 134
1339327.3.peg.2683.site.1, 6, 135, 141
1339327.3.peg.2683.site.2, 3, 137, 140
1339327.3.peg.2683.site.3, 1, 132, 133
1339327.3.peg.2683.site.4, 5, 126, 131
1339327.3.peg.2683.site.5, 22, 111, 133
1339327.3.peg.2683.site.6, 95, 133, 228
1339327.3.peg.2683.site.7, 3, 133, 136
1339327.3.peg.2683.site.8, 19, 137, 156
1339327.3.peg.2683.site.9, 1, 136, 137
1339327.3.peg.2683.site.10, 11, 136, 147
1339327.3.peg.2683.site.11, 11, 136, 147
1339327.3.peg.2683.site.12, 21, 137, 158
1339327.3.peg.2683.site.13, 3, 136, 139
1339327.3.peg.2683.site.14, 28, 136, 164
1339327.3.peg.1660.site.1, 40, 136, 176
1339327.3.peg.1660.site.2, 1, 136, 137
1339327.3.peg.1660.site.3, 2, 137, 139
1339327.3.peg.1660.site.4, 3, 137, 140
1339327.3.peg.1660.site.5, 58, 134, 192
1339327.3.peg.1660.site.6, 37, 135, 172
1339327.3.peg.1660.site.7, 74, 135, 209
1339327.3.peg.1660.site.8, 67, 135, 202
1339327.3.peg.1660.site.9, 2, 133, 135
1339327.3.peg.1660.site.10, 2, 132, 134
1339327.3.peg.1660.site.11, 12, 131, 143
1339327.3.peg.1660.site.12, 42, 135, 177
1339327.3.peg.1660.site.13, 2, 135, 137
1339327.3.peg.1660.site.14, 2, 135, 137
1339327.3.peg.1660.site.15, 47, 137, 184
1339327.3.peg.1661.site.1, 16, 134, 150
1339327.3.peg.1661.site.2, 3, 133, 136
1339327.3.peg.1661.site.3, 81, 134, 215
1339327.3.peg.1661.site.4, 3, 136, 139
1339327.3.peg.1661.site.5, 4, 135, 139
1339327.3.peg.1661.site.6, 27, 135, 162
1339327.3.peg.1661.site.7, 9, 136, 145
1339327.3.peg.1661.site.8, 8, 136, 144
1339327.3.peg.1661.site.9, 8, 135, 143
1339327.3.peg.1661.site.10, 20, 134, 154
1339327.3.peg.1661.site.11, 18, 132, 150
1339327.3.peg.1661.site.12, 3, 133, 136
1339327.3.peg.1661.site.13, 2, 136, 138
1339327.3.peg.1661.site.14, 0, 135, 135
1339327.3.peg.1661.site.15, 30, 137, 167
1339327.3.peg.1661.site.16, 20, 136, 156
1339327.3.peg.1661.site.17, 2, 134, 136
1339327.3.peg.1661.site.18, 22, 132, 154
1339327.3.peg.1661.site.19, 13, 131, 144
1339327.3.peg.1661.site.20, 3, 136, 139
1339327.3.peg.1661.site.21, 4, 136, 140
1339327.3.peg.1661.site.22, 78, 137, 215
1339327.3.peg.1661.site.23, 5, 137, 142
1339327.3.peg.1661.site.24, 18, 137, 155
1339327.3.peg.1661.site.25, 5, 137, 142
1339327.3.peg.1661.site.26, 58, 136, 194
1339327.3.peg.1661.site.27, 2, 135, 137
1339327.3.peg.1661.site.28, 2, 135, 137
1339327.3.peg.1661.site.29, 0, 134, 134
1339327.3.peg.1662.site.1, 0, 136, 136
1339327.3.peg.1662.site.2, 5, 136, 141
1339327.3.peg.1662.site.3, 1, 136, 137
1339327.3.peg.1662.site.4, 2, 137, 139
1339327.3.peg.1662.site.5, 4, 135, 139
1339327.3.peg.1662.site.6, 4, 135, 139
1339327.3.peg.1662.site.7, 3, 134, 137
1339327.3.peg.1662.site.8, 2, 134, 136
1339327.3.peg.1662.site.9, 2, 136, 138
1339327.3.peg.1662.site.10, 38, 136, 174
1339327.3.peg.1662.site.11, 0, 134, 134
1339327.3.peg.1662.site.12, 11, 132, 143
1339327.3.peg.1662.site.13, 19, 134, 153
1339327.3.peg.1662.site.14, 3, 136, 139
1339327.3.peg.1662.site.15, 8, 136, 144
1339327.3.peg.1662.site.16, 32, 136, 168
1339327.3.peg.1662.site.17, 32, 137, 169
1339327.3.peg.1662.site.18, 8, 136, 144
1339327.3.peg.1662.site.19, 1, 137, 138
1339327.3.peg.1662.site.20, 7, 135, 142
1339327.3.peg.1662.site.21, 0, 135, 135
1339327.3.peg.1662.site.22, 5, 134, 139
1339327.3.peg.1663.site.1, 93, 132, 225
1339327.3.peg.1663.site.2, 40, 132, 172
1339327.3.peg.1663.site.3, 1, 134, 135
1339327.3.peg.1663.site.4, 10, 135, 145
1339327.3.peg.1664.site.1, 12, 135, 147
1339327.3.peg.1664.site.2, 10, 137, 147
1339327.3.peg.1664.site.3, 20, 130, 150
1339327.3.peg.1664.site.4, 5, 134, 139
1339327.3.peg.1665.site.1, 13, 136, 149
1339327.3.peg.1665.site.2, 9, 136, 145
1339327.3.peg.1665.site.3, 3, 132, 135
1339327.3.peg.1665.site.4, 1, 133, 134
1339327.3.peg.1666.site.1, 5, 132, 137
1339327.3.peg.1667.site.1, 78, 132, 210
1339327.3.peg.1667.site.2, 24, 134, 158
1339327.3.peg.1667.site.3, 40, 136, 176
1339327.3.peg.1667.site.4, 0, 134, 134
1339327.3.peg.1667.site.5, 5, 134, 139
1339327.3.peg.1667.site.6, 0, 134, 134
1339327.3.peg.1667.site.7, 24, 136, 160
1339327.3.peg.3404.site.1, 9, 135, 144
1339327.3.peg.3404.site.2, 5, 131, 136
1339327.3.peg.3404.site.3, 3, 128, 131
1339327.3.peg.3404.site.4, 3, 129, 132
1339327.3.peg.3404.site.5, 3, 128, 131
1339327.3.peg.3404.site.6, 47, 126, 173
1339327.3.peg.3404.site.7, 2, 125, 127
1339327.3.peg.3404.site.8, 5, 130, 135
1339327.3.peg.3404.site.9, 0, 135, 135
1339327.3.peg.3404.site.10, 0, 131, 131
1339327.3.peg.3404.site.11, 5, 129, 134
1339327.3.peg.3404.site.12, 3, 127, 130
1339327.3.peg.3404.site.13, 1, 132, 133
1339327.3.peg.3404.site.14, 8, 134, 142
1339327.3.peg.3404.site.15, 8, 134, 142
1339327.3.peg.3404.site.16, 2, 128, 130
1339327.3.peg.3404.site.17, 1, 126, 127
1339327.3.peg.3404.site.18, 1, 126, 127
1339327.3.peg.3405.site.1, 6, 130, 136
1339327.3.peg.3405.site.2, 8, 130, 138
1339327.3.peg.3405.site.3, 111, 137, 248
1339327.3.peg.3405.site.4, 23, 132, 155
1339327.3.peg.3405.site.5, 10, 133, 143
1339327.3.peg.3405.site.6, 10, 133, 143
1339327.3.peg.3405.site.7, 24, 133, 157
1339327.3.peg.3405.site.8, 36, 134, 170
1339327.3.peg.3405.site.9, 129, 136, 265
1339327.3.peg.3405.site.10, 8, 136, 144
1339327.3.peg.3405.site.11, 6, 136, 142
1339327.3.peg.3405.site.12, 16, 137, 153
1339327.3.peg.3405.site.13, 2, 122, 124
1339327.3.peg.3405.site.14, 28, 123, 151
1339327.3.peg.3405.site.15, 3, 130, 133
1339327.3.peg.3405.site.16, 0, 131, 131
1339327.3.peg.3405.site.17, 13, 130, 143
1339327.3.peg.3405.site.18, 11, 131, 142
1339327.3.peg.3402.site.1, 4, 130, 134
1339327.3.peg.3403.site.1, 9, 129, 138
1339327.3.peg.3403.site.2, 10, 126, 136
1339327.3.peg.3403.site.3, 1, 125, 126
1339327.3.peg.3403.site.4, 2, 122, 124
1339327.3.peg.3403.site.5, 1, 123, 124
1339327.3.peg.3403.site.6, 0, 122, 122
1339327.3.peg.3403.site.7, 0, 124, 124
1339327.3.peg.3403.site.8, 1, 123, 124
1339327.3.peg.3403.site.9, 57, 124, 181
1339327.3.peg.3403.site.10, 30, 126, 156
1339327.3.peg.3403.site.11, 70, 127, 197
1339327.3.peg.3403.site.12, 3, 128, 131
1339327.3.peg.3400.site.1, 9, 123, 132
1339327.3.peg.3400.site.2, 37, 128, 165
1339327.3.peg.3400.site.3, 100, 125, 225
1339327.3.peg.3401.site.1, 2, 121, 123
1339327.3.peg.3401.site.2, 112, 126, 238
1339327.3.peg.3401.site.3, 16, 128, 144
1339327.3.peg.3401.site.4, 2, 126, 128
1339327.3.peg.2867.site.1, 0, 137, 137
1339327.3.peg.2867.site.2, 3, 137, 140
1339327.3.peg.2867.site.3, 92, 137, 229
1339327.3.peg.2867.site.4, 11, 137, 148
1339327.3.peg.2867.site.5, 3, 135, 138
1339327.3.peg.2867.site.6, 12, 136, 148
1339327.3.peg.2867.site.7, 0, 135, 135
1339327.3.peg.2867.site.8, 99, 136, 235
1339327.3.peg.2867.site.9, 2, 135, 137
1339327.3.peg.2867.site.10, 6, 132, 138
1339327.3.peg.2867.site.11, 0, 129, 129
1339327.3.peg.2867.site.12, 6, 132, 138
1339327.3.peg.2867.site.13, 0, 131, 131
1339327.3.peg.2867.site.14, 2, 132, 134
1339327.3.peg.2866.site.1, 3, 135, 138
1339327.3.peg.2866.site.2, 92, 133, 225
1339327.3.peg.2866.site.3, 120, 130, 250
1339327.3.peg.2865.site.1, 0, 134, 134
1339327.3.peg.2865.site.2, 28, 135, 163
1339327.3.peg.2865.site.3, 2, 135, 137
1339327.3.peg.2865.site.4, 4, 136, 140
1339327.3.peg.2865.site.5, 76, 133, 209
1339327.3.peg.2865.site.6, 2, 130, 132
1339327.3.peg.2865.site.7, 2, 132, 134
1339327.3.peg.2865.site.8, 3, 133, 136
1339327.3.peg.2865.site.9, 3, 133, 136
1339327.3.peg.2864.site.1, 5, 132, 137
1339327.3.peg.2864.site.2, 111, 134, 245
1339327.3.peg.2864.site.3, 11, 136, 147
1339327.3.peg.2864.site.4, 12, 137, 149
1339327.3.peg.2864.site.5, 4, 127, 131
1339327.3.peg.2864.site.6, 3, 134, 137
1339327.3.peg.2864.site.7, 5, 134, 139
1339327.3.peg.2864.site.8, 3, 134, 137
1339327.3.peg.2863.site.1, 44, 134, 178
1339327.3.peg.2863.site.2, 13, 137, 150
1339327.3.peg.2863.site.3, 3, 137, 140
1339327.3.peg.2863.site.4, 9, 135, 144
1339327.3.peg.2863.site.5, 17, 134, 151
1339327.3.peg.2863.site.6, 40, 133, 173
1339327.3.peg.2863.site.7, 67, 135, 202
1339327.3.peg.2863.site.8, 10, 134, 144
1339327.3.peg.2863.site.9, 38, 133, 171
1339327.3.peg.2863.site.10, 58, 136, 194
1339327.3.peg.2863.site.11, 52, 136, 188
1339327.3.peg.2863.site.12, 5, 134, 139
1339327.3.peg.2863.site.13, 2, 135, 137
1339327.3.peg.2863.site.14, 4, 133, 137
1339327.3.peg.2863.site.15, 5, 135, 140
1339327.3.peg.2863.site.16, 3, 129, 132
1339327.3.peg.2862.site.1, 2, 131, 133
1339327.3.peg.2862.site.2, 41, 135, 176
1339327.3.peg.2862.site.3, 24, 136, 160
1339327.3.peg.2862.site.4, 85, 135, 220
1339327.3.peg.2862.site.5, 3, 136, 139
1339327.3.peg.2861.site.1, 89, 133, 222
1339327.3.peg.2861.site.2, 2, 133, 135
1339327.3.peg.2861.site.3, 31, 135, 166
1339327.3.peg.2861.site.4, 16, 132, 148
1339327.3.peg.2861.site.5, 0, 137, 137
1339327.3.peg.2861.site.6, 10, 137, 147
1339327.3.peg.2861.site.7, 9, 135, 144
1339327.3.peg.2861.site.8, 2, 136, 138
1339327.3.peg.2861.site.9, 1, 136, 137
1339327.3.peg.2861.site.10, 11, 131, 142
1339327.3.peg.2861.site.11, 3, 132, 135
1339327.3.peg.2861.site.12, 0, 135, 135
1339327.3.peg.2861.site.13, 28, 133, 161
1339327.3.peg.2861.site.14, 1, 135, 136
1339327.3.peg.2861.site.15, 9, 133, 142
1339327.3.peg.2861.site.16, 37, 135, 172
1339327.3.peg.2861.site.17, 0, 136, 136
1339327.3.peg.2861.site.18, 0, 135, 135
1339327.3.peg.2861.site.19, 0, 135, 135
1339327.3.peg.2861.site.20, 36, 136, 172
1339327.3.peg.2861.site.21, 17, 137, 154
1339327.3.peg.2861.site.22, 20, 131, 151
1339327.3.peg.2861.site.23, 11, 137, 148
1339327.3.peg.2861.site.24, 40, 137, 177
1339327.3.peg.2861.site.25, 16, 136, 152
1339327.3.peg.2861.site.26, 22, 137, 159
1339327.3.peg.2861.site.27, 7, 137, 144
1339327.3.peg.2861.site.28, 53, 136, 189
1339327.3.peg.2861.site.29, 2, 134, 136
1339327.3.peg.2861.site.30, 1, 136, 137
1339327.3.peg.2861.site.31, 37, 135, 172
1339327.3.peg.2860.site.1, 3, 136, 139
1339327.3.peg.2860.site.2, 0, 132, 132
1339327.3.peg.2860.site.3, 5, 135, 140
1339327.3.peg.2860.site.4, 28, 135, 163
1339327.3.peg.2860.site.5, 3, 135, 138
1339327.3.peg.2860.site.6, 21, 135, 156
1339327.3.peg.2860.site.7, 0, 134, 134
1339327.3.peg.2860.site.8, 28, 136, 164
1339327.3.peg.2860.site.9, 3, 134, 137
1339327.3.peg.2860.site.10, 23, 134, 157
1339327.3.peg.2860.site.11, 1, 134, 135
1339327.3.peg.2860.site.12, 54, 134, 188
1339327.3.peg.2860.site.13, 2, 137, 139
1339327.3.peg.2860.site.14, 9, 136, 145
1339327.3.peg.2860.site.15, 3, 136, 139
1339327.3.peg.2860.site.16, 3, 137, 140
1339327.3.peg.2860.site.17, 1, 136, 137
1339327.3.peg.2860.site.18, 2, 134, 136
1339327.3.peg.1462.site.1, 3, 136, 139
1339327.3.peg.1462.site.2, 11, 134, 145
1339327.3.peg.1462.site.3, 3, 137, 140
1339327.3.peg.1462.site.4, 19, 136, 155
1339327.3.peg.1462.site.5, 1, 136, 137
1339327.3.peg.1462.site.6, 0, 137, 137
1339327.3.peg.1462.site.7, 3, 137, 140
1339327.3.peg.1462.site.8, 4, 137, 141
1339327.3.peg.1462.site.9, 17, 136, 153
1339327.3.peg.1462.site.10, 5, 136, 141
1339327.3.peg.1462.site.11, 14, 135, 149
1339327.3.peg.1462.site.12, 13, 136, 149
1339327.3.peg.1462.site.13, 129, 135, 264
1339327.3.peg.1462.site.14, 2, 136, 138
1339327.3.peg.1462.site.15, 9, 137, 146
1339327.3.peg.1462.site.16, 3, 137, 140
1339327.3.peg.1462.site.17, 10, 137, 147
1339327.3.peg.1462.site.18, 15, 137, 152
1339327.3.peg.1462.site.19, 5, 137, 142
1339327.3.peg.1462.site.20, 23, 137, 160
1339327.3.peg.1462.site.21, 10, 133, 143
1339327.3.peg.1462.site.22, 62, 136, 198
1339327.3.peg.1462.site.23, 73, 137, 210
1339327.3.peg.1463.site.1, 5, 136, 141
1339327.3.peg.1463.site.2, 0, 135, 135
1339327.3.peg.1463.site.3, 0, 136, 136
1339327.3.peg.1463.site.4, 5, 136, 141
1339327.3.peg.1463.site.5, 36, 136, 172
1339327.3.peg.1463.site.6, 0, 136, 136
1339327.3.peg.1463.site.7, 4, 137, 141
1339327.3.peg.1463.site.8, 77, 137, 214
1339327.3.peg.1463.site.9, 2, 137, 139
1339327.3.peg.1463.site.10, 35, 137, 172
1339327.3.peg.1463.site.11, 116, 137, 253
1339327.3.peg.1463.site.12, 20, 137, 157
1339327.3.peg.1463.site.13, 0, 136, 136
1339327.3.peg.1463.site.14, 5, 137, 142
1339327.3.peg.1463.site.15, 4, 136, 140
1339327.3.peg.1463.site.16, 4, 136, 140
1339327.3.peg.3819.site.1, 3, 136, 139
1339327.3.peg.3819.site.2, 0, 136, 136
1339327.3.peg.3819.site.3, 2, 137, 139
1339327.3.peg.3819.site.4, 3, 137, 140
1339327.3.peg.3819.site.5, 0, 135, 135
1339327.3.peg.3819.site.6, 6, 137, 143
1339327.3.peg.3819.site.7, 5, 136, 141
1339327.3.peg.1466.site.1, 7, 135, 142
1339327.3.peg.1466.site.2, 1, 135, 136
1339327.3.peg.1466.site.3, 1, 134, 135
1339327.3.peg.1466.site.4, 7, 137, 144
1339327.3.peg.1466.site.5, 7, 136, 143
1339327.3.peg.1466.site.6, 2, 137, 139
1339327.3.peg.1466.site.7, 28, 137, 165
1339327.3.peg.1466.site.8, 41, 136, 177
1339327.3.peg.1466.site.9, 12, 137, 149
1339327.3.peg.1466.site.10, 22, 135, 157
1339327.3.peg.1466.site.11, 17, 136, 153
1339327.3.peg.1466.site.12, 2, 136, 138
1339327.3.peg.1466.site.13, 3, 135, 138
1339327.3.peg.1466.site.14, 22, 134, 156
1339327.3.peg.1466.site.15, 1, 134, 135
1339327.3.peg.1466.site.16, 1, 136, 137
1339327.3.peg.1466.site.17, 22, 134, 156
1339327.3.peg.1466.site.18, 2, 133, 135
1339327.3.peg.1466.site.19, 0, 135, 135
1339327.3.peg.1466.site.20, 19, 136, 155
1339327.3.peg.1466.site.21, 6, 135, 141
1339327.3.peg.1466.site.22, 2, 136, 138
1339327.3.peg.1466.site.23, 2, 134, 136
1339327.3.peg.1466.site.24, 82, 131, 213
1339327.3.peg.1466.site.25, 5, 136, 141
1339327.3.peg.1466.site.26, 8, 135, 143
1339327.3.peg.1466.site.27, 25, 134, 159
1339327.3.peg.1466.site.28, 4, 136, 140
1339327.3.peg.1466.site.29, 7, 135, 142
1339327.3.peg.1466.site.30, 1, 136, 137
1339327.3.peg.1466.site.31, 1, 137, 138
1339327.3.peg.1466.site.32, 1, 137, 138
1339327.3.peg.1466.site.33, 0, 137, 137
1339327.3.peg.1466.site.34, 3, 136, 139
1339327.3.peg.1466.site.35, 8, 137, 145
1339327.3.peg.1466.site.36, 4, 135, 139
1339327.3.peg.1466.site.37, 10, 136, 146
1339327.3.peg.1466.site.38, 0, 136, 136
1339327.3.peg.1466.site.39, 1, 135, 136
1339327.3.peg.1466.site.40, 1, 137, 138
1339327.3.peg.1466.site.41, 50, 137, 187
1339327.3.peg.1466.site.42, 2, 135, 137
1339327.3.peg.1466.site.43, 2, 137, 139
1339327.3.peg.1466.site.44, 3, 135, 138
1339327.3.peg.1466.site.45, 4, 136, 140
1339327.3.peg.1466.site.46, 29, 136, 165
1339327.3.peg.1466.site.47, 15, 137, 152
1339327.3.peg.1466.site.48, 7, 137, 144
1339327.3.peg.1466.site.49, 21, 137, 158
1339327.3.peg.1466.site.50, 129, 136, 265
1339327.3.peg.1466.site.51, 2, 137, 139
1339327.3.peg.1466.site.52, 55, 137, 192
1339327.3.peg.1466.site.53, 61, 134, 195
1339327.3.peg.1466.site.54, 14, 134, 148
1339327.3.peg.1467.site.1, 5, 135, 140
1339327.3.peg.1467.site.2, 40, 136, 176
1339327.3.peg.1467.site.3, 5, 136, 141
1339327.3.peg.1467.site.4, 2, 135, 137
1339327.3.peg.1467.site.5, 3, 134, 137
1339327.3.peg.1467.site.6, 0, 136, 136
1339327.3.peg.1467.site.7, 11, 134, 145
1339327.3.peg.1467.site.8, 51, 134, 185
1339327.3.peg.1467.site.9, 1, 134, 135
1339327.3.peg.1467.site.10, 41, 134, 175
1339327.3.peg.1467.site.11, 12, 134, 146
1339327.3.peg.1465.site.1, 10, 136, 146
1339327.3.peg.1465.site.2, 50, 136, 186
1339327.3.peg.1465.site.3, 28, 134, 162
1339327.3.peg.1465.site.4, 45, 136, 181
1339327.3.peg.1465.site.5, 35, 137, 172
1339327.3.peg.1465.site.6, 12, 137, 149
1339327.3.peg.1465.site.7, 7, 137, 144
1339327.3.peg.1465.site.8, 10, 135, 145
1339327.3.peg.1465.site.9, 9, 136, 145
1339327.3.peg.1465.site.10, 7, 134, 141
1339327.3.peg.1465.site.11, 12, 137, 149
1339327.3.peg.1465.site.12, 13, 137, 150
1339327.3.peg.1465.site.13, 0, 136, 136
1339327.3.peg.1465.site.14, 5, 134, 139
1339327.3.peg.1465.site.15, 31, 135, 166
1339327.3.peg.1465.site.16, 2, 136, 138
1339327.3.peg.1465.site.17, 15, 137, 152
1339327.3.peg.1465.site.18, 0, 136, 136
1339327.3.peg.1465.site.19, 6, 135, 141
1339327.3.peg.1465.site.20, 2, 134, 136
1339327.3.peg.4539.site.1, 15, 135, 150
1339327.3.peg.4539.site.2, 5, 137, 142
1339327.3.peg.4539.site.3, 93, 137, 230
1339327.3.peg.4539.site.4, 9, 136, 145
1339327.3.peg.4539.site.5, 0, 136, 136
1339327.3.peg.1468.site.1, 0, 136, 136
1339327.3.peg.1469.site.1, 0, 133, 133
1339327.3.peg.1469.site.2, 22, 136, 158
1339327.3.peg.1469.site.3, 22, 136, 158
1339327.3.peg.1469.site.4, 4, 136, 140
1339327.3.peg.1469.site.5, 0, 136, 136
1339327.3.peg.1469.site.6, 12, 136, 148
1339327.3.peg.1469.site.7, 2, 136, 138
1339327.3.peg.1469.site.8, 0, 135, 135
1339327.3.peg.1469.site.9, 0, 135, 135
1339327.3.peg.1469.site.10, 0, 135, 135
1339327.3.peg.1469.site.11, 0, 136, 136
1339327.3.peg.1469.site.12, 0, 136, 136
1339327.3.peg.1469.site.13, 0, 134, 134
1339327.3.peg.1469.site.14, 1, 134, 135
1339327.3.peg.2680.site.1, 0, 136, 136
1339327.3.peg.2680.site.2, 122, 134, 256
1339327.3.peg.2680.site.3, 0, 136, 136
1339327.3.peg.2680.site.4, 12, 135, 147
1339327.3.peg.2680.site.5, 2, 136, 138
1339327.3.peg.2680.site.6, 32, 137, 169
1339327.3.peg.2680.site.7, 10, 136, 146
1339327.3.peg.2680.site.8, 30, 134, 164
1339327.3.peg.2680.site.9, 5, 136, 141
1339327.3.peg.2680.site.10, 1, 136, 137
1339327.3.peg.2680.site.11, 2, 135, 137
1339327.3.peg.2680.site.12, 0, 136, 136
1339327.3.peg.2680.site.13, 0, 135, 135
1339327.3.peg.2680.site.14, 8, 134, 142
1339327.3.peg.2680.site.15, 0, 134, 134
1339327.3.peg.2680.site.16, 5, 128, 133
1339327.3.peg.2680.site.17, 1, 126, 127
1339327.3.peg.2680.site.18, 0, 131, 131
1339327.3.peg.2680.site.19, 14, 130, 144
1339327.3.peg.2680.site.20, 0, 129, 129
1339327.3.peg.2680.site.21, 2, 134, 136
1339327.3.peg.2680.site.22, 11, 134, 145
1339327.3.peg.2680.site.23, 0, 134, 134
1339327.3.peg.2680.site.24, 3, 134, 137
1339327.3.peg.2680.site.25, 56, 133, 189
1339327.3.peg.2680.site.26, 46, 135, 181
1339327.3.peg.2680.site.27, 24, 136, 160
1339327.3.peg.2680.site.28, 30, 135, 165
1339327.3.peg.3318.site.1, 3, 132, 135
1339327.3.peg.3318.site.2, 6, 137, 143
1339327.3.peg.3318.site.3, 2, 136, 138
1339327.3.peg.3318.site.4, 0, 135, 135
1339327.3.peg.3318.site.5, 129, 134, 263
1339327.3.peg.3318.site.6, 4, 135, 139
1339327.3.peg.3318.site.7, 57, 135, 192
1339327.3.peg.3318.site.8, 2, 132, 134
1339327.3.peg.3318.site.9, 1, 135, 136
1339327.3.peg.3318.site.10, 2, 135, 137
1339327.3.peg.3318.site.11, 1, 137, 138
1339327.3.peg.3312.site.1, 6, 135, 141
1339327.3.peg.3312.site.2, 2, 136, 138
1339327.3.peg.3312.site.3, 1, 136, 137
1339327.3.peg.3312.site.4, 1, 135, 136
1339327.3.peg.3312.site.5, 31, 134, 165
1339327.3.peg.3313.site.1, 14, 134, 148
1339327.3.peg.3313.site.2, 0, 135, 135
1339327.3.peg.3313.site.3, 3, 136, 139
1339327.3.peg.3313.site.4, 43, 136, 179
1339327.3.peg.3313.site.5, 1, 137, 138
1339327.3.peg.3313.site.6, 1, 137, 138
1339327.3.peg.3313.site.7, 3, 136, 139
1339327.3.peg.3313.site.8, 1, 136, 137
1339327.3.peg.3313.site.9, 3, 137, 140
1339327.3.peg.3313.site.10, 69, 135, 204
1339327.3.peg.3313.site.11, 1, 136, 137
1339327.3.peg.3313.site.12, 4, 136, 140
1339327.3.peg.3313.site.13, 3, 134, 137
1339327.3.peg.3313.site.14, 5, 136, 141
1339327.3.peg.3313.site.15, 1, 135, 136
1339327.3.peg.3313.site.16, 3, 135, 138
1339327.3.peg.3313.site.17, 2, 136, 138
1339327.3.peg.3313.site.18, 7, 135, 142
1339327.3.peg.3316.site.1, 5, 136, 141
1339327.3.peg.3316.site.2, 12, 136, 148
1339327.3.peg.3316.site.3, 22, 134, 156
1339327.3.peg.3316.site.4, 0, 134, 134
1339327.3.peg.3316.site.5, 13, 136, 149
1339327.3.peg.3316.site.6, 18, 137, 155
1339327.3.peg.3316.site.7, 0, 136, 136
1339327.3.peg.3316.site.8, 2, 134, 136
1339327.3.peg.3316.site.9, 62, 135, 197
1339327.3.peg.3316.site.10, 3, 135, 138
1339327.3.peg.3316.site.11, 3, 136, 139
1339327.3.peg.3316.site.12, 88, 136, 224
1339327.3.peg.3316.site.13, 2, 136, 138
1339327.3.peg.3316.site.14, 13, 137, 150
1339327.3.peg.3317.site.1, 2, 134, 136
1339327.3.peg.3317.site.2, 2, 136, 138
1339327.3.peg.3317.site.3, 9, 135, 144
1339327.3.peg.3317.site.4, 1, 137, 138
1339327.3.peg.3317.site.5, 1, 137, 138
1339327.3.peg.3317.site.6, 2, 135, 137
1339327.3.peg.3317.site.7, 2, 136, 138
1339327.3.peg.3317.site.8, 70, 135, 205
1339327.3.peg.3317.site.9, 8, 135, 143
1339327.3.peg.3317.site.10, 2, 137, 139
1339327.3.peg.3317.site.11, 59, 136, 195
1339327.3.peg.3314.site.1, 2, 99, 101
1339327.3.peg.3314.site.2, 4, 132, 136
1339327.3.peg.3314.site.3, 0, 126, 126
1339327.3.peg.3315.site.1, 2, 131, 133
1339327.3.peg.3315.site.2, 99, 136, 235
1339327.3.peg.3315.site.3, 4, 137, 141
1339327.3.peg.3315.site.4, 21, 135, 156
1339327.3.peg.3315.site.5, 16, 135, 151
1339327.3.peg.3315.site.6, 19, 135, 154
1339327.3.peg.3315.site.7, 3, 137, 140
1339327.3.peg.3315.site.8, 0, 136, 136
1339327.3.peg.3315.site.9, 9, 137, 146
1339327.3.peg.3315.site.10, 63, 136, 199
1339327.3.peg.3315.site.11, 43, 135, 178
1339327.3.peg.3315.site.12, 1, 136, 137
1339327.3.peg.3315.site.13, 11, 136, 147
1339327.3.peg.3315.site.14, 7, 133, 140
1339327.3.peg.3315.site.15, 1, 136, 137
1339327.3.peg.3315.site.16, 5, 135, 140
1339327.3.peg.3315.site.17, 96, 136, 232
1339327.3.peg.3315.site.18, 37, 131, 168
1339327.3.peg.3315.site.19, 0, 133, 133
1339327.3.peg.3315.site.20, 2, 134, 136
1339327.3.peg.3828.site.1, 22, 134, 156
1339327.3.peg.3828.site.2, 0, 137, 137
1339327.3.peg.3828.site.3, 1, 137, 138
1339327.3.peg.3828.site.4, 5, 137, 142
1339327.3.peg.3828.site.5, 9, 136, 145
1339327.3.peg.3828.site.6, 2, 135, 137
1339327.3.peg.3828.site.7, 1, 134, 135
1339327.3.peg.3828.site.8, 14, 137, 151
1339327.3.peg.3828.site.9, 11, 136, 147
1339327.3.peg.3828.site.10, 44, 134, 178
1339327.3.peg.3828.site.11, 6, 133, 139
1339327.3.peg.3828.site.12, 8, 134, 142
1339327.3.peg.3828.site.13, 1, 135, 136
1339327.3.peg.3828.site.14, 0, 137, 137
1339327.3.peg.3828.site.15, 1, 137, 138
1339327.3.peg.3828.site.16, 2, 135, 137
1339327.3.peg.3828.site.17, 18, 133, 151
1339327.3.peg.3828.site.18, 2, 135, 137
1339327.3.peg.3828.site.19, 7, 135, 142
1339327.3.peg.3828.site.20, 13, 135, 148
1339327.3.peg.3828.site.21, 0, 136, 136
1339327.3.peg.3828.site.22, 0, 137, 137
1339327.3.peg.3828.site.23, 47, 136, 183
1339327.3.peg.3828.site.24, 2, 135, 137
1339327.3.peg.3828.site.25, 5, 136, 141
1339327.3.peg.3828.site.26, 0, 134, 134
1339327.3.peg.3828.site.27, 13, 137, 150
1339327.3.peg.3828.site.28, 88, 135, 223
1339327.3.peg.3828.site.29, 0, 135, 135
1339327.3.peg.3828.site.30, 1, 135, 136
1339327.3.peg.3828.site.31, 13, 136, 149
1339327.3.peg.5075.site.1, 4, 134, 138
1339327.3.peg.5075.site.2, 1, 136, 137
1339327.3.peg.5075.site.3, 136, 136, 272
1339327.3.peg.5075.site.4, 3, 136, 139
1339327.3.peg.5075.site.5, 2, 136, 138
1339327.3.peg.5075.site.6, 3, 136, 139
1339327.3.peg.5075.site.7, 133, 137, 270
1339327.3.peg.5075.site.8, 44, 137, 181
1339327.3.peg.5075.site.9, 7, 137, 144
1339327.3.peg.5075.site.10, 11, 137, 148
1339327.3.peg.5075.site.11, 7, 137, 144
1339327.3.peg.5075.site.12, 7, 137, 144
1339327.3.peg.5075.site.13, 114, 137, 251
1339327.3.peg.5075.site.14, 4, 135, 139
1339327.3.peg.5075.site.15, 7, 135, 142
1339327.3.peg.5075.site.16, 3, 137, 140
1339327.3.peg.5075.site.17, 23, 136, 159
1339327.3.peg.5075.site.18, 2, 135, 137
1339327.3.peg.5075.site.19, 10, 135, 145
1339327.3.peg.5075.site.20, 11, 137, 148
1339327.3.peg.5075.site.21, 0, 137, 137
1339327.3.peg.5075.site.22, 2, 137, 139
1339327.3.peg.5074.site.1, 3, 137, 140
1339327.3.peg.5074.site.2, 3, 137, 140
1339327.3.peg.5074.site.3, 3, 137, 140
1339327.3.peg.5074.site.4, 0, 127, 127
1339327.3.peg.5074.site.5, 3, 134, 137
1339327.3.peg.5074.site.6, 54, 133, 187
1339327.3.peg.5074.site.7, 2, 137, 139
1339327.3.peg.5074.site.8, 7, 136, 143
1339327.3.peg.5074.site.9, 7, 137, 144
1339327.3.peg.5074.site.10, 4, 137, 141
1339327.3.peg.5074.site.11, 11, 136, 147
1339327.3.peg.5074.site.12, 4, 136, 140
1339327.3.peg.5074.site.13, 26, 137, 163
1339327.3.peg.5074.site.14, 2, 137, 139
1339327.3.peg.5074.site.15, 2, 137, 139
1339327.3.peg.5074.site.16, 3, 135, 138
1339327.3.peg.5074.site.17, 3, 137, 140
1339327.3.peg.5074.site.18, 1, 136, 137
1339327.3.peg.5074.site.19, 3, 137, 140
1339327.3.peg.5074.site.20, 0, 135, 135
1339327.3.peg.3796.site.1, 4, 137, 141
1339327.3.peg.3796.site.2, 1, 137, 138
1339327.3.peg.3796.site.3, 42, 136, 178
1339327.3.peg.3796.site.4, 9, 136, 145
1339327.3.peg.3796.site.5, 0, 135, 135
1339327.3.peg.3796.site.6, 0, 136, 136
1339327.3.peg.3796.site.7, 0, 135, 135
1339327.3.peg.3796.site.8, 2, 135, 137
1339327.3.peg.3796.site.9, 6, 135, 141
1339327.3.peg.3796.site.10, 7, 136, 143
1339327.3.peg.3796.site.11, 1, 136, 137
1339327.3.peg.3796.site.12, 9, 137, 146
1339327.3.peg.3796.site.13, 10, 135, 145
1339327.3.peg.3796.site.14, 18, 137, 155
1339327.3.peg.3796.site.15, 18, 136, 154
1339327.3.peg.3796.site.16, 4, 137, 141
1339327.3.peg.3796.site.17, 2, 136, 138
1339327.3.peg.3796.site.18, 41, 135, 176
1339327.3.peg.3796.site.19, 4, 136, 140
1339327.3.peg.3796.site.20, 0, 135, 135
1339327.3.peg.3796.site.21, 0, 136, 136
1339327.3.peg.3796.site.22, 1, 135, 136
1339327.3.peg.3796.site.23, 2, 135, 137
1339327.3.peg.3796.site.24, 5, 136, 141
1339327.3.peg.3796.site.25, 5, 135, 140
1339327.3.peg.3796.site.26, 1, 134, 135
1339327.3.peg.3796.site.27, 3, 135, 138
1339327.3.peg.3796.site.28, 130, 135, 265
1339327.3.peg.3796.site.29, 2, 137, 139
1339327.3.peg.3796.site.30, 3, 137, 140
1339327.3.peg.3796.site.31, 1, 136, 137
1339327.3.peg.3796.site.32, 0, 133, 133
1339327.3.peg.3796.site.33, 19, 136, 155
1339327.3.peg.3796.site.34, 6, 137, 143
1339327.3.peg.3796.site.35, 18, 136, 154
1339327.3.peg.3796.site.36, 2, 137, 139
1339327.3.peg.3796.site.37, 5, 133, 138
1339327.3.peg.3796.site.38, 1, 136, 137
1339327.3.peg.3796.site.39, 128, 134, 262
1339327.3.peg.3796.site.40, 16, 131, 147
1339327.3.peg.3796.site.41, 0, 133, 133
1339327.3.peg.3796.site.42, 123, 133, 256
1339327.3.peg.3796.site.43, 5, 136, 141
1339327.3.peg.3796.site.44, 28, 136, 164
1339327.3.peg.3796.site.45, 40, 133, 173
1339327.3.peg.3796.site.46, 2, 134, 136
1339327.3.peg.3796.site.47, 0, 133, 133
1339327.3.peg.3796.site.48, 43, 133, 176
1339327.3.peg.3796.site.49, 4, 136, 140
1339327.3.peg.3797.site.1, 3, 136, 139
1339327.3.peg.3797.site.2, 0, 135, 135
1339327.3.peg.3797.site.3, 3, 137, 140
1339327.3.peg.3797.site.4, 0, 137, 137
1339327.3.peg.3797.site.5, 3, 137, 140
1339327.3.peg.3797.site.6, 0, 137, 137
1339327.3.peg.3797.site.7, 2, 136, 138
1339327.3.peg.3797.site.8, 5, 136, 141
1339327.3.peg.3797.site.9, 14, 133, 147
1339327.3.peg.3797.site.10, 36, 133, 169
1339327.3.peg.3797.site.11, 32, 136, 168
1339327.3.peg.3797.site.12, 2, 136, 138
1339327.3.peg.3797.site.13, 2, 135, 137
1339327.3.peg.3797.site.14, 15, 135, 150
1339327.3.peg.3797.site.15, 67, 130, 197
1339327.3.peg.3794.site.1, 110, 132, 242
1339327.3.peg.3794.site.2, 7, 133, 140
1339327.3.peg.3794.site.3, 0, 136, 136
1339327.3.peg.3795.site.1, 63, 132, 195
1339327.3.peg.3795.site.2, 1, 123, 124
1339327.3.peg.3795.site.3, 15, 125, 140
1339327.3.peg.3795.site.4, 4, 128, 132
1339327.3.peg.3795.site.5, 2, 127, 129
1339327.3.peg.3795.site.6, 2, 130, 132
1339327.3.peg.3795.site.7, 2, 136, 138
1339327.3.peg.3795.site.8, 1, 137, 138
1339327.3.peg.3795.site.9, 5, 136, 141
1339327.3.peg.3792.site.1, 9, 135, 144
1339327.3.peg.3792.site.2, 0, 136, 136
1339327.3.peg.3792.site.3, 5, 134, 139
1339327.3.peg.3792.site.4, 0, 135, 135
1339327.3.peg.3792.site.5, 3, 136, 139
1339327.3.peg.3792.site.6, 14, 137, 151
1339327.3.peg.3792.site.7, 38, 137, 175
1339327.3.peg.3792.site.8, 0, 136, 136
1339327.3.peg.3792.site.9, 7, 137, 144
1339327.3.peg.3793.site.1, 38, 135, 173
1339327.3.peg.3793.site.2, 7, 136, 143
1339327.3.peg.3793.site.3, 14, 136, 150
1339327.3.peg.3793.site.4, 2, 136, 138
1339327.3.peg.3793.site.5, 8, 137, 145
1339327.3.peg.3793.site.6, 5, 137, 142
1339327.3.peg.3793.site.7, 85, 137, 222
1339327.3.peg.3793.site.8, 1, 136, 137
1339327.3.peg.3793.site.9, 73, 137, 210
1339327.3.peg.3793.site.10, 2, 137, 139
1339327.3.peg.3793.site.11, 13, 137, 150
1339327.3.peg.3793.site.12, 5, 137, 142
1339327.3.peg.3793.site.13, 0, 137, 137
1339327.3.peg.3793.site.14, 5, 136, 141
1339327.3.peg.3793.site.15, 3, 135, 138
1339327.3.peg.3793.site.16, 87, 135, 222
1339327.3.peg.3793.site.17, 1, 136, 137
1339327.3.peg.3793.site.18, 0, 137, 137
1339327.3.peg.3790.site.1, 0, 133, 133
1339327.3.peg.3790.site.2, 3, 132, 135
1339327.3.peg.3790.site.3, 7, 134, 141
1339327.3.peg.3790.site.4, 23, 136, 159
1339327.3.peg.3790.site.5, 127, 135, 262
1339327.3.peg.3791.site.1, 104, 136, 240
1339327.3.peg.3791.site.2, 4, 137, 141
1339327.3.peg.3791.site.3, 129, 134, 263
1339327.3.peg.3791.site.4, 19, 137, 156
1339327.3.peg.3791.site.5, 1, 135, 136
1339327.3.peg.3791.site.6, 79, 136, 215
1339327.3.peg.3791.site.7, 0, 136, 136
1339327.3.peg.3791.site.8, 131, 136, 267
1339327.3.peg.3791.site.9, 6, 136, 142
1339327.3.peg.3791.site.10, 87, 137, 224
1339327.3.peg.3791.site.11, 86, 136, 222
1339327.3.peg.3791.site.12, 3, 135, 138
1339327.3.peg.3791.site.13, 0, 137, 137
1339327.3.peg.150.site.1, 33, 136, 169
1339327.3.peg.150.site.2, 0, 137, 137
1339327.3.peg.150.site.3, 47, 137, 184
1339327.3.peg.150.site.4, 17, 137, 154
1339327.3.peg.150.site.5, 117, 137, 254
1339327.3.peg.150.site.6, 0, 136, 136
1339327.3.peg.150.site.7, 3, 136, 139
1339327.3.peg.150.site.8, 17, 135, 152
1339327.3.peg.150.site.9, 0, 137, 137
1339327.3.peg.150.site.10, 17, 136, 153
1339327.3.peg.150.site.11, 19, 137, 156
1339327.3.peg.150.site.12, 10, 135, 145
1339327.3.peg.150.site.13, 0, 135, 135
1339327.3.peg.150.site.14, 6, 136, 142
1339327.3.peg.150.site.15, 39, 137, 176
1339327.3.peg.150.site.16, 0, 136, 136
1339327.3.peg.150.site.17, 2, 135, 137
1339327.3.peg.150.site.18, 2, 136, 138
1339327.3.peg.150.site.19, 0, 136, 136
1339327.3.peg.150.site.20, 2, 137, 139
1339327.3.peg.150.site.21, 4, 136, 140
1339327.3.peg.150.site.22, 7, 136, 143
1339327.3.peg.150.site.23, 3, 136, 139
1339327.3.peg.150.site.24, 0, 136, 136
1339327.3.peg.150.site.25, 0, 136, 136
1339327.3.peg.150.site.26, 0, 136, 136
1339327.3.peg.150.site.27, 19, 137, 156
1339327.3.peg.150.site.28, 28, 137, 165
1339327.3.peg.3798.site.1, 113, 130, 243
1339327.3.peg.3798.site.2, 2, 132, 134
1339327.3.peg.3798.site.3, 4, 134, 138
1339327.3.peg.3798.site.4, 5, 136, 141
1339327.3.peg.3798.site.5, 62, 137, 199
1339327.3.peg.3798.site.6, 9, 137, 146
1339327.3.peg.3798.site.7, 3, 137, 140
1339327.3.peg.3798.site.8, 2, 137, 139
1339327.3.peg.3798.site.9, 2, 137, 139
1339327.3.peg.3798.site.10, 13, 137, 150
1339327.3.peg.3798.site.11, 113, 137, 250
1339327.3.peg.3798.site.12, 14, 136, 150
1339327.3.peg.3798.site.13, 4, 137, 141
1339327.3.peg.3798.site.14, 0, 136, 136
1339327.3.peg.3798.site.15, 41, 137, 178
1339327.3.peg.3798.site.16, 57, 137, 194
1339327.3.peg.3798.site.17, 2, 137, 139
1339327.3.peg.3798.site.18, 130, 137, 267
1339327.3.peg.3798.site.19, 13, 137, 150
1339327.3.peg.3798.site.20, 2, 137, 139
1339327.3.peg.3798.site.21, 1, 137, 138
1339327.3.peg.3798.site.22, 11, 137, 148
1339327.3.peg.3798.site.23, 3, 137, 140
1339327.3.peg.3799.site.1, 1, 137, 138
1339327.3.peg.3799.site.2, 1, 137, 138
1339327.3.peg.3799.site.3, 3, 133, 136
1339327.3.peg.3799.site.4, 4, 136, 140
1339327.3.peg.3799.site.5, 2, 133, 135
1339327.3.peg.3799.site.6, 1, 134, 135
1339327.3.peg.3799.site.7, 2, 135, 137
1339327.3.peg.3799.site.8, 3, 135, 138
1339327.3.peg.3799.site.9, 96, 135, 231
1339327.3.peg.3799.site.10, 1, 135, 136
1339327.3.peg.3799.site.11, 1, 133, 134
1339327.3.peg.3799.site.12, 10, 135, 145
1339327.3.peg.3799.site.13, 9, 135, 144
1339327.3.peg.3799.site.14, 1, 135, 136
1339327.3.peg.3799.site.15, 132, 137, 269
1339327.3.peg.3799.site.16, 29, 137, 166
1339327.3.peg.3799.site.17, 5, 136, 141
1339327.3.peg.3799.site.18, 103, 131, 234
1339327.3.peg.3799.site.19, 2, 137, 139
1339327.3.peg.3799.site.20, 54, 137, 191
1339327.3.peg.3799.site.21, 26, 134, 160
1339327.3.peg.3799.site.22, 4, 136, 140
1339327.3.peg.3799.site.23, 2, 137, 139
1339327.3.peg.3799.site.24, 1, 135, 136
1339327.3.peg.3799.site.25, 3, 137, 140
1339327.3.peg.3799.site.26, 1, 136, 137
1339327.3.peg.3799.site.27, 0, 136, 136
1339327.3.peg.3799.site.28, 0, 136, 136
1339327.3.peg.3799.site.29, 13, 135, 148
1339327.3.peg.2001.site.1, 0, 135, 135
1339327.3.peg.2001.site.2, 1, 134, 135
1339327.3.peg.2001.site.3, 13, 102, 115
1339327.3.peg.2001.site.4, 0, 101, 101
1339327.3.peg.2001.site.5, 1, 121, 122
1339327.3.peg.3829.site.1, 1, 136, 137
1339327.3.peg.3829.site.2, 2, 136, 138
1339327.3.peg.3829.site.3, 8, 135, 143
1339327.3.peg.3829.site.4, 0, 135, 135
1339327.3.peg.3829.site.5, 6, 136, 142
1339327.3.peg.3829.site.6, 71, 137, 208
1339327.3.peg.3829.site.7, 5, 133, 138
1339327.3.peg.3829.site.8, 2, 134, 136
1339327.3.peg.3829.site.9, 0, 135, 135
1339327.3.peg.3829.site.10, 0, 135, 135
1339327.3.peg.5078.site.1, 73, 137, 210
1339327.3.peg.5078.site.2, 2, 137, 139
1339327.3.peg.5078.site.3, 2, 137, 139
1339327.3.peg.2003.site.1, 3, 135, 138
1339327.3.peg.2003.site.2, 5, 135, 140
1339327.3.peg.2003.site.3, 57, 135, 192
1339327.3.peg.2003.site.4, 0, 133, 133
1339327.3.peg.2003.site.5, 2, 137, 139
1339327.3.peg.2003.site.6, 2, 136, 138
1339327.3.peg.2003.site.7, 1, 135, 136
1339327.3.peg.2003.site.8, 2, 129, 131
1339327.3.peg.2003.site.9, 11, 135, 146
1339327.3.peg.2003.site.10, 20, 135, 155
1339327.3.peg.2003.site.11, 3, 135, 138
1339327.3.peg.2003.site.12, 14, 136, 150
1339327.3.peg.2003.site.13, 1, 136, 137
1339327.3.peg.2003.site.14, 37, 136, 173
1339327.3.peg.2003.site.15, 63, 134, 197
1339327.3.peg.2003.site.16, 2, 135, 137
1339327.3.peg.2003.site.17, 1, 135, 136
1339327.3.peg.2003.site.18, 130, 136, 266
1339327.3.peg.2003.site.19, 5, 137, 142
1339327.3.peg.2003.site.20, 1, 137, 138
1339327.3.peg.2003.site.21, 2, 136, 138
1339327.3.peg.2003.site.22, 6, 134, 140
1339327.3.peg.2003.site.23, 0, 135, 135
1339327.3.peg.2003.site.24, 25, 134, 159
1339327.3.peg.2003.site.25, 11, 134, 145
1339327.3.peg.2003.site.26, 16, 135, 151
1339327.3.peg.2003.site.27, 112, 112, 224
1339327.3.peg.2003.site.28, 0, 108, 108
1339327.3.peg.2003.site.29, 2, 137, 139
1339327.3.peg.2003.site.30, 48, 136, 184
1339327.3.peg.2003.site.31, 1, 134, 135
1339327.3.peg.2003.site.32, 0, 133, 133
1339327.3.peg.2003.site.33, 122, 136, 258
1339327.3.peg.2003.site.34, 2, 133, 135
1339327.3.peg.2002.site.1, 10, 133, 143
1339327.3.peg.2002.site.2, 3, 133, 136
1339327.3.peg.2002.site.3, 10, 133, 143
1339327.3.peg.2002.site.4, 3, 137, 140
1339327.3.peg.2002.site.5, 1, 135, 136
1339327.3.peg.2002.site.6, 0, 136, 136
1339327.3.peg.2002.site.7, 5, 137, 142
1339327.3.peg.2002.site.8, 1, 136, 137
1339327.3.peg.2002.site.9, 11, 134, 145
1339327.3.peg.2002.site.10, 44, 135, 179
1339327.3.peg.2002.site.11, 42, 135, 177
1339327.3.peg.2002.site.12, 1, 135, 136
1339327.3.peg.2002.site.13, 5, 136, 141
1339327.3.peg.2002.site.14, 3, 136, 139
1339327.3.peg.2002.site.15, 1, 135, 136
1339327.3.peg.2002.site.16, 120, 137, 257
1339327.3.peg.2002.site.17, 3, 136, 139
1339327.3.peg.2002.site.18, 0, 132, 132
1339327.3.peg.2002.site.19, 1, 134, 135
1339327.3.peg.2311.site.1, 0, 134, 134
1339327.3.peg.2311.site.2, 2, 136, 138
1339327.3.peg.2311.site.3, 1, 136, 137
1339327.3.peg.2311.site.4, 11, 137, 148
1339327.3.peg.2311.site.5, 27, 136, 163
1339327.3.peg.2311.site.6, 51, 134, 185
1339327.3.peg.2311.site.7, 87, 136, 223
1339327.3.peg.2311.site.8, 12, 133, 145
1339327.3.peg.2311.site.9, 22, 135, 157
1339327.3.peg.2311.site.10, 0, 135, 135
1339327.3.peg.2311.site.11, 56, 136, 192
1339327.3.peg.2311.site.12, 5, 137, 142
1339327.3.peg.2311.site.13, 118, 136, 254
1339327.3.peg.2311.site.14, 125, 136, 261
1339327.3.peg.2311.site.15, 102, 136, 238
1339327.3.peg.2311.site.16, 23, 136, 159
1339327.3.peg.2311.site.17, 52, 123, 175
1339327.3.peg.2311.site.18, 2, 129, 131
1339327.3.peg.2311.site.19, 0, 135, 135
1339327.3.peg.2311.site.20, 5, 135, 140
1339327.3.peg.2311.site.21, 19, 132, 151
1339327.3.peg.2311.site.22, 0, 135, 135
1339327.3.peg.2311.site.23, 37, 136, 173
1339327.3.peg.2311.site.24, 0, 136, 136
1339327.3.peg.2310.site.1, 7, 128, 135
1339327.3.peg.2310.site.2, 3, 134, 137
1339327.3.peg.2310.site.3, 18, 136, 154
1339327.3.peg.2310.site.4, 2, 133, 135
1339327.3.peg.2310.site.5, 1, 135, 136
1339327.3.peg.2310.site.6, 2, 136, 138
1339327.3.peg.2310.site.7, 73, 135, 208
1339327.3.peg.2310.site.8, 10, 137, 147
1339327.3.peg.2310.site.9, 5, 135, 140
1339327.3.peg.2310.site.10, 2, 134, 136
1339327.3.peg.2310.site.11, 18, 135, 153
1339327.3.peg.2313.site.1, 2, 136, 138
1339327.3.peg.2313.site.2, 3, 137, 140
1339327.3.peg.2313.site.3, 107, 135, 242
1339327.3.peg.2313.site.4, 3, 136, 139
1339327.3.peg.2313.site.5, 110, 134, 244
1339327.3.peg.2313.site.6, 127, 135, 262
1339327.3.peg.2313.site.7, 1, 136, 137
1339327.3.peg.2313.site.8, 0, 135, 135
1339327.3.peg.2313.site.9, 2, 135, 137
1339327.3.peg.2313.site.10, 4, 135, 139
1339327.3.peg.2313.site.11, 49, 135, 184
1339327.3.peg.2313.site.12, 3, 135, 138
1339327.3.peg.2313.site.13, 90, 135, 225
1339327.3.peg.2313.site.14, 3, 137, 140
1339327.3.peg.2313.site.15, 8, 137, 145
1339327.3.peg.2313.site.16, 21, 136, 157
1339327.3.peg.2313.site.17, 90, 134, 224
1339327.3.peg.2313.site.18, 34, 137, 171
1339327.3.peg.2313.site.19, 2, 130, 132
1339327.3.peg.2313.site.20, 16, 123, 139
1339327.3.peg.2313.site.21, 11, 95, 106
1339327.3.peg.2313.site.22, 9, 93, 102
1339327.3.peg.2313.site.23, 17, 99, 116
1339327.3.peg.2313.site.24, 37, 121, 158
1339327.3.peg.2313.site.25, 15, 137, 152
1339327.3.peg.2313.site.26, 32, 137, 169
1339327.3.peg.2313.site.27, 0, 137, 137
1339327.3.peg.2313.site.28, 36, 137, 173
1339327.3.peg.2313.site.29, 32, 136, 168
1339327.3.peg.2313.site.30, 32, 135, 167
1339327.3.peg.2313.site.31, 5, 136, 141
1339327.3.peg.2313.site.32, 4, 136, 140
1339327.3.peg.2313.site.33, 0, 136, 136
1339327.3.peg.2313.site.34, 8, 136, 144
1339327.3.peg.2313.site.35, 0, 137, 137
1339327.3.peg.2313.site.36, 0, 137, 137
1339327.3.peg.2313.site.37, 3, 135, 138
1339327.3.peg.2313.site.38, 0, 135, 135
1339327.3.peg.2313.site.39, 6, 135, 141
1339327.3.peg.2313.site.40, 5, 135, 140
1339327.3.peg.2313.site.41, 35, 134, 169
1339327.3.peg.2313.site.42, 35, 135, 170
1339327.3.peg.2313.site.43, 1, 135, 136
1339327.3.peg.2313.site.44, 60, 133, 193
1339327.3.peg.2312.site.1, 4, 137, 141
1339327.3.peg.2312.site.2, 1, 137, 138
1339327.3.peg.2312.site.3, 2, 137, 139
1339327.3.peg.2312.site.4, 1, 137, 138
1339327.3.peg.2312.site.5, 34, 135, 169
1339327.3.peg.2312.site.6, 12, 134, 146
1339327.3.peg.2312.site.7, 2, 134, 136
1339327.3.peg.2312.site.8, 3, 134, 137
1339327.3.peg.2312.site.9, 1, 135, 136
1339327.3.peg.2312.site.10, 8, 136, 144
1339327.3.peg.2312.site.11, 67, 134, 201
1339327.3.peg.2312.site.12, 2, 133, 135
1339327.3.peg.2312.site.13, 89, 137, 226
1339327.3.peg.2312.site.14, 10, 137, 147
1339327.3.peg.2312.site.15, 106, 137, 243
1339327.3.peg.2312.site.16, 5, 137, 142
1339327.3.peg.2312.site.17, 26, 136, 162
1339327.3.peg.2312.site.18, 4, 136, 140
1339327.3.peg.2312.site.19, 1, 134, 135
1339327.3.peg.2312.site.20, 45, 136, 181
1339327.3.peg.2312.site.21, 49, 135, 184
1339327.3.peg.2312.site.22, 0, 136, 136
1339327.3.peg.2312.site.23, 3, 134, 137
1339327.3.peg.2312.site.24, 1, 136, 137
1339327.3.peg.2312.site.25, 39, 135, 174
1339327.3.peg.2312.site.26, 2, 135, 137
1339327.3.peg.2312.site.27, 14, 133, 147
1339327.3.peg.2312.site.28, 3, 132, 135
1339327.3.peg.2312.site.29, 12, 133, 145
1339327.3.peg.2315.site.1, 1, 137, 138
1339327.3.peg.2315.site.2, 2, 136, 138
1339327.3.peg.2315.site.3, 57, 135, 192
1339327.3.peg.2315.site.4, 1, 136, 137
1339327.3.peg.2315.site.5, 22, 135, 157
1339327.3.peg.2315.site.6, 15, 136, 151
1339327.3.peg.2315.site.7, 2, 132, 134
1339327.3.peg.2315.site.8, 5, 133, 138
1339327.3.peg.2315.site.9, 102, 136, 238
1339327.3.peg.2315.site.10, 79, 137, 216
1339327.3.peg.2315.site.11, 3, 137, 140
1339327.3.peg.2315.site.12, 3, 137, 140
1339327.3.peg.2315.site.13, 4, 136, 140
1339327.3.peg.2315.site.14, 5, 137, 142
1339327.3.peg.2315.site.15, 2, 137, 139
1339327.3.peg.2315.site.16, 29, 136, 165
1339327.3.peg.2315.site.17, 41, 137, 178
1339327.3.peg.2315.site.18, 12, 136, 148
1339327.3.peg.2315.site.19, 41, 137, 178
1339327.3.peg.2315.site.20, 1, 137, 138
1339327.3.peg.2315.site.21, 122, 135, 257
1339327.3.peg.2315.site.22, 1, 134, 135
1339327.3.peg.2315.site.23, 4, 134, 138
1339327.3.peg.2315.site.24, 0, 135, 135
1339327.3.peg.2315.site.25, 6, 135, 141
1339327.3.peg.2315.site.26, 5, 134, 139
1339327.3.peg.2315.site.27, 2, 135, 137
1339327.3.peg.2315.site.28, 18, 133, 151
1339327.3.peg.2315.site.29, 37, 133, 170
1339327.3.peg.2315.site.30, 49, 133, 182
1339327.3.peg.2314.site.1, 3, 112, 115
1339327.3.peg.2314.site.2, 0, 127, 127
1339327.3.peg.2314.site.3, 27, 134, 161
1339327.3.peg.2314.site.4, 16, 134, 150
1339327.3.peg.2314.site.5, 21, 135, 156
1339327.3.peg.2314.site.6, 14, 132, 146
1339327.3.peg.2314.site.7, 1, 135, 136
1339327.3.peg.2314.site.8, 2, 137, 139
1339327.3.peg.2314.site.9, 19, 133, 152
1339327.3.peg.2314.site.10, 5, 134, 139
1339327.3.peg.2314.site.11, 23, 136, 159
1339327.3.peg.2314.site.12, 2, 137, 139
1339327.3.peg.2314.site.13, 1, 136, 137
1339327.3.peg.2314.site.14, 3, 134, 137
1339327.3.peg.2317.site.1, 1, 134, 135
1339327.3.peg.2317.site.2, 0, 134, 134
1339327.3.peg.2317.site.3, 10, 137, 147
1339327.3.peg.2317.site.4, 14, 137, 151
1339327.3.peg.2317.site.5, 71, 134, 205
1339327.3.peg.2317.site.6, 101, 136, 237
1339327.3.peg.2317.site.7, 2, 136, 138
1339327.3.peg.2317.site.8, 67, 137, 204
1339327.3.peg.2317.site.9, 2, 132, 134
1339327.3.peg.2317.site.10, 7, 135, 142
1339327.3.peg.2317.site.11, 7, 134, 141
1339327.3.peg.2317.site.12, 8, 136, 144
1339327.3.peg.2317.site.13, 1, 134, 135
1339327.3.peg.2317.site.14, 27, 135, 162
1339327.3.peg.2317.site.15, 12, 133, 145
1339327.3.peg.2317.site.16, 128, 128, 256
1339327.3.peg.2317.site.17, 0, 134, 134
1339327.3.peg.2317.site.18, 1, 137, 138
1339327.3.peg.2317.site.19, 0, 134, 134
1339327.3.peg.2317.site.20, 109, 135, 244
1339327.3.peg.2317.site.21, 34, 134, 168
1339327.3.peg.2317.site.22, 12, 135, 147
1339327.3.peg.2317.site.23, 2, 136, 138
1339327.3.peg.2317.site.24, 4, 136, 140
1339327.3.peg.2317.site.25, 2, 137, 139
1339327.3.peg.2317.site.26, 28, 135, 163
1339327.3.peg.2317.site.27, 2, 136, 138
1339327.3.peg.2317.site.28, 3, 137, 140
1339327.3.peg.2317.site.29, 9, 136, 145
1339327.3.peg.2317.site.30, 84, 132, 216
1339327.3.peg.2316.site.1, 1, 136, 137
1339327.3.peg.2316.site.2, 0, 136, 136
1339327.3.peg.2316.site.3, 0, 134, 134
1339327.3.peg.2316.site.4, 94, 135, 229
1339327.3.peg.2316.site.5, 22, 136, 158
1339327.3.peg.2316.site.6, 1, 134, 135
1339327.3.peg.2316.site.7, 62, 134, 196
1339327.3.peg.2316.site.8, 6, 134, 140
1339327.3.peg.2316.site.9, 16, 135, 151
1339327.3.peg.2316.site.10, 45, 135, 180
1339327.3.peg.2316.site.11, 0, 136, 136
1339327.3.peg.2316.site.12, 3, 137, 140
1339327.3.peg.2316.site.13, 21, 134, 155
1339327.3.peg.2316.site.14, 8, 131, 139
1339327.3.peg.2316.site.15, 130, 136, 266
1339327.3.peg.2316.site.16, 1, 134, 135
1339327.3.peg.2316.site.17, 1, 136, 137
1339327.3.peg.2316.site.18, 2, 135, 137
1339327.3.peg.2316.site.19, 2, 137, 139
1339327.3.peg.2316.site.20, 0, 137, 137
1339327.3.peg.2316.site.21, 1, 135, 136
1339327.3.peg.2316.site.22, 2, 135, 137
1339327.3.peg.2316.site.23, 0, 137, 137
1339327.3.peg.2316.site.24, 4, 137, 141
1339327.3.peg.3226.site.1, 0, 135, 135
1339327.3.peg.3226.site.2, 1, 134, 135
1339327.3.peg.3226.site.3, 4, 136, 140
1339327.3.peg.3226.site.4, 3, 137, 140
1339327.3.peg.3226.site.5, 2, 137, 139
1339327.3.peg.3226.site.6, 11, 136, 147
1339327.3.peg.3226.site.7, 3, 134, 137
1339327.3.peg.3226.site.8, 3, 134, 137
1339327.3.peg.3226.site.9, 23, 136, 159
1339327.3.peg.3226.site.10, 4, 137, 141
1339327.3.peg.3226.site.11, 90, 136, 226
1339327.3.peg.3226.site.12, 3, 135, 138
1339327.3.peg.3226.site.13, 11, 136, 147
1339327.3.peg.3226.site.14, 1, 136, 137
1339327.3.peg.3226.site.15, 3, 137, 140
1339327.3.peg.3226.site.16, 3, 136, 139
1339327.3.peg.3226.site.17, 0, 135, 135
1339327.3.peg.3226.site.18, 130, 134, 264
1339327.3.peg.3224.site.1, 2, 121, 123
1339327.3.peg.3224.site.2, 1, 132, 133
1339327.3.peg.3224.site.3, 46, 132, 178
1339327.3.peg.3224.site.4, 1, 133, 134
1339327.3.peg.3224.site.5, 39, 131, 170
1339327.3.peg.3224.site.6, 3, 133, 136
1339327.3.peg.3224.site.7, 3, 132, 135
1339327.3.peg.3224.site.8, 5, 134, 139
1339327.3.peg.3224.site.9, 2, 133, 135
1339327.3.peg.3224.site.10, 14, 133, 147
1339327.3.peg.3224.site.11, 0, 133, 133
1339327.3.peg.3224.site.12, 36, 132, 168
1339327.3.peg.3224.site.13, 2, 131, 133
1339327.3.peg.3224.site.14, 4, 131, 135
1339327.3.peg.3224.site.15, 2, 134, 136
1339327.3.peg.3224.site.16, 8, 133, 141
1339327.3.peg.3224.site.17, 43, 130, 173
1339327.3.peg.3224.site.18, 31, 133, 164
1339327.3.peg.3224.site.19, 7, 134, 141
1339327.3.peg.3224.site.20, 2, 134, 136
1339327.3.peg.3224.site.21, 0, 133, 133
1339327.3.peg.3224.site.22, 5, 133, 138
1339327.3.peg.3224.site.23, 3, 133, 136
1339327.3.peg.3224.site.24, 7, 132, 139
1339327.3.peg.3224.site.25, 5, 132, 137
1339327.3.peg.3224.site.26, 2, 133, 135
1339327.3.peg.3224.site.27, 2, 133, 135
1339327.3.peg.3224.site.28, 2, 132, 134
1339327.3.peg.3224.site.29, 2, 133, 135
1339327.3.peg.3225.site.1, 1, 133, 134
1339327.3.peg.3225.site.2, 1, 134, 135
1339327.3.peg.3225.site.3, 1, 133, 134
1339327.3.peg.3225.site.4, 18, 133, 151
1339327.3.peg.3225.site.5, 0, 133, 133
1339327.3.peg.3225.site.6, 16, 136, 152
1339327.3.peg.3225.site.7, 2, 132, 134
1339327.3.peg.3225.site.8, 58, 120, 178
1339327.3.peg.3225.site.9, 30, 119, 149
1339327.3.peg.3225.site.10, 3, 124, 127
1339327.3.peg.3225.site.11, 5, 133, 138
1339327.3.peg.3225.site.12, 50, 131, 181
1339327.3.peg.3225.site.13, 3, 131, 134
1339327.3.peg.3225.site.14, 7, 134, 141
1339327.3.peg.3225.site.15, 18, 136, 154
1339327.3.peg.3222.site.1, 1, 134, 135
1339327.3.peg.3222.site.2, 7, 135, 142
1339327.3.peg.3222.site.3, 0, 136, 136
1339327.3.peg.3222.site.4, 17, 133, 150
1339327.3.peg.3222.site.5, 3, 133, 136
1339327.3.peg.3222.site.6, 7, 136, 143
1339327.3.peg.3222.site.7, 1, 133, 134
1339327.3.peg.3222.site.8, 1, 130, 131
1339327.3.peg.3222.site.9, 4, 133, 137
1339327.3.peg.3222.site.10, 0, 133, 133
1339327.3.peg.3223.site.1, 35, 133, 168
1339327.3.peg.3223.site.2, 2, 133, 135
1339327.3.peg.3223.site.3, 5, 128, 133
1339327.3.peg.3223.site.4, 6, 120, 126
1339327.3.peg.3223.site.5, 0, 126, 126
1339327.3.peg.3223.site.6, 71, 127, 198
1339327.3.peg.3223.site.7, 59, 133, 192
1339327.3.peg.3223.site.8, 63, 134, 197
1339327.3.peg.3223.site.9, 2, 135, 137
1339327.3.peg.3223.site.10, 127, 133, 260
1339327.3.peg.3223.site.11, 8, 129, 137
1339327.3.peg.3223.site.12, 3, 132, 135
1339327.3.peg.3223.site.13, 96, 134, 230
1339327.3.peg.3223.site.14, 16, 132, 148
1339327.3.peg.3223.site.15, 8, 132, 140
1339327.3.peg.3220.site.1, 113, 131, 244
1339327.3.peg.3220.site.2, 2, 133, 135
1339327.3.peg.3220.site.3, 37, 134, 171
1339327.3.peg.3220.site.4, 19, 135, 154
1339327.3.peg.3220.site.5, 1, 133, 134
1339327.3.peg.3221.site.1, 12, 135, 147
1339327.3.peg.3221.site.2, 7, 133, 140
1339327.3.peg.3221.site.3, 32, 133, 165
1339327.3.peg.3221.site.4, 5, 129, 134
1339327.3.peg.3221.site.5, 1, 130, 131
1339327.3.peg.3221.site.6, 0, 128, 128
1339327.3.peg.3221.site.7, 4, 132, 136
1339327.3.peg.3221.site.8, 0, 133, 133
1339327.3.peg.3221.site.9, 16, 133, 149
1339327.3.peg.3221.site.10, 0, 129, 129
1339327.3.peg.3221.site.11, 27, 132, 159
1339327.3.peg.3221.site.12, 1, 134, 135
1339327.3.peg.3221.site.13, 4, 133, 137
1339327.3.peg.3221.site.14, 9, 134, 143
1339327.3.peg.3221.site.15, 4, 134, 138
1339327.3.peg.3221.site.16, 3, 134, 137
1339327.3.peg.3221.site.17, 2, 134, 136
1339327.3.peg.3221.site.18, 1, 131, 132
1339327.3.peg.3221.site.19, 0, 132, 132
1339327.3.peg.3221.site.20, 98, 134, 232
1339327.3.peg.3221.site.21, 0, 135, 135
1339327.3.peg.3221.site.22, 8, 136, 144
1339327.3.peg.3221.site.23, 1, 135, 136
1339327.3.peg.3221.site.24, 2, 134, 136
1339327.3.peg.3221.site.25, 102, 135, 237
1339327.3.peg.3221.site.26, 113, 135, 248
1339327.3.peg.3221.site.27, 25, 134, 159
1339327.3.peg.3221.site.28, 2, 136, 138
1339327.3.peg.3221.site.29, 81, 130, 211
1339327.3.peg.3221.site.30, 2, 134, 136
1339327.3.peg.3221.site.31, 4, 134, 138
1339327.3.peg.3221.site.32, 111, 136, 247
1339327.3.peg.3221.site.33, 12, 133, 145
1339327.3.peg.3221.site.34, 23, 133, 156
1339327.3.peg.3221.site.35, 21, 132, 153
1339327.3.peg.3221.site.36, 19, 132, 151
1339327.3.peg.3221.site.37, 6, 132, 138
1339327.3.peg.3221.site.38, 63, 135, 198
1339327.3.peg.3221.site.39, 5, 134, 139
1339327.3.peg.3221.site.40, 1, 134, 135
1339327.3.peg.3221.site.41, 2, 135, 137
1339327.3.peg.3221.site.42, 19, 133, 152
1339327.3.peg.3221.site.43, 1, 136, 137
1339327.3.peg.3818.site.1, 0, 137, 137
1339327.3.peg.3818.site.2, 2, 137, 139
1339327.3.peg.3818.site.3, 7, 137, 144
1339327.3.peg.3818.site.4, 0, 137, 137
1339327.3.peg.3818.site.5, 2, 136, 138
1339327.3.peg.3818.site.6, 0, 135, 135
1339327.3.peg.3818.site.7, 1, 134, 135
1339327.3.peg.4199.site.1, 8, 137, 145
1339327.3.peg.4199.site.2, 36, 136, 172
1339327.3.peg.4199.site.3, 11, 136, 147
1339327.3.peg.4199.site.4, 4, 137, 141
1339327.3.peg.4199.site.5, 0, 135, 135
1339327.3.peg.4199.site.6, 69, 135, 204
1339327.3.peg.4199.site.7, 2, 136, 138
1339327.3.peg.4199.site.8, 1, 136, 137
1339327.3.peg.4199.site.9, 11, 137, 148
1339327.3.peg.4199.site.10, 3, 137, 140
1339327.3.peg.4199.site.11, 5, 137, 142
1339327.3.peg.4199.site.12, 1, 136, 137
1339327.3.peg.4199.site.13, 9, 136, 145
1339327.3.peg.4198.site.1, 15, 124, 139
1339327.3.peg.4198.site.2, 2, 134, 136
1339327.3.peg.4198.site.3, 5, 135, 140
1339327.3.peg.4198.site.4, 88, 136, 224
1339327.3.peg.4198.site.5, 7, 135, 142
1339327.3.peg.4198.site.6, 39, 136, 175
1339327.3.peg.5039.site.1, 1, 137, 138
1339327.3.peg.5039.site.2, 0, 137, 137
1339327.3.peg.5039.site.3, 28, 135, 163
1339327.3.peg.5039.site.4, 18, 137, 155
1339327.3.peg.5039.site.5, 5, 135, 140
1339327.3.peg.5039.site.6, 3, 137, 140
1339327.3.peg.5039.site.7, 8, 136, 144
1339327.3.peg.5039.site.8, 1, 135, 136
1339327.3.peg.5039.site.9, 113, 135, 248
1339327.3.peg.5039.site.10, 61, 135, 196
1339327.3.peg.5039.site.11, 52, 137, 189
1339327.3.peg.5039.site.12, 52, 137, 189
1339327.3.peg.5039.site.13, 46, 137, 183
1339327.3.peg.5039.site.14, 0, 137, 137
1339327.3.peg.5039.site.15, 5, 137, 142
1339327.3.peg.5039.site.16, 5, 137, 142
1339327.3.peg.5039.site.17, 57, 137, 194
1339327.3.peg.5039.site.18, 86, 137, 223
1339327.3.peg.5039.site.19, 4, 137, 141
1339327.3.peg.3538.site.1, 40, 134, 174
1339327.3.peg.3538.site.2, 12, 136, 148
1339327.3.peg.3538.site.3, 41, 134, 175
1339327.3.peg.3538.site.4, 1, 135, 136
1339327.3.peg.3538.site.5, 4, 132, 136
1339327.3.peg.3538.site.6, 12, 134, 146
1339327.3.peg.3538.site.7, 117, 132, 249
1339327.3.peg.3538.site.8, 39, 131, 170
1339327.3.peg.3538.site.9, 20, 136, 156
1339327.3.peg.3538.site.10, 5, 136, 141
1339327.3.peg.3538.site.11, 3, 136, 139
1339327.3.peg.3538.site.12, 3, 135, 138
1339327.3.peg.3538.site.13, 84, 137, 221
1339327.3.peg.3538.site.14, 2, 137, 139
1339327.3.peg.3538.site.15, 3, 136, 139
1339327.3.peg.3538.site.16, 69, 137, 206
1339327.3.peg.3538.site.17, 107, 135, 242
1339327.3.peg.3538.site.18, 6, 136, 142
1339327.3.peg.3539.site.1, 10, 133, 143
1339327.3.peg.5038.site.1, 3, 137, 140
1339327.3.peg.5038.site.2, 52, 136, 188
1339327.3.peg.5038.site.3, 16, 137, 153
1339327.3.peg.5038.site.4, 16, 137, 153
1339327.3.peg.5038.site.5, 6, 136, 142
1339327.3.peg.5038.site.6, 21, 136, 157
1339327.3.peg.5038.site.7, 15, 137, 152
1339327.3.peg.5038.site.8, 8, 137, 145
1339327.3.peg.5038.site.9, 7, 137, 144
1339327.3.peg.5038.site.10, 24, 136, 160
1339327.3.peg.5038.site.11, 2, 137, 139
1339327.3.peg.5038.site.12, 15, 137, 152
1339327.3.peg.5038.site.13, 0, 137, 137
1339327.3.peg.5038.site.14, 1, 137, 138
1339327.3.peg.5038.site.15, 1, 136, 137
1339327.3.peg.5038.site.16, 0, 137, 137
1339327.3.peg.5038.site.17, 18, 137, 155
1339327.3.peg.5038.site.18, 15, 136, 151
1339327.3.peg.978.site.1, 0, 135, 135
1339327.3.peg.978.site.2, 1, 137, 138
1339327.3.peg.978.site.3, 14, 136, 150
1339327.3.peg.978.site.4, 28, 135, 163
1339327.3.peg.978.site.5, 0, 137, 137
1339327.3.peg.978.site.6, 4, 137, 141
1339327.3.peg.978.site.7, 0, 137, 137
1339327.3.peg.978.site.8, 1, 137, 138
1339327.3.peg.978.site.9, 7, 137, 144
1339327.3.peg.978.site.10, 5, 137, 142
1339327.3.peg.978.site.11, 8, 136, 144
1339327.3.peg.978.site.12, 13, 135, 148
1339327.3.peg.978.site.13, 3, 136, 139
1339327.3.peg.979.site.1, 0, 137, 137
1339327.3.peg.979.site.2, 18, 136, 154
1339327.3.peg.979.site.3, 4, 137, 141
1339327.3.peg.979.site.4, 2, 137, 139
1339327.3.peg.979.site.5, 12, 137, 149
1339327.3.peg.979.site.6, 111, 132, 243
1339327.3.peg.979.site.7, 1, 137, 138
1339327.3.peg.979.site.8, 1, 137, 138
1339327.3.peg.979.site.9, 122, 136, 258
1339327.3.peg.979.site.10, 1, 137, 138
1339327.3.peg.979.site.11, 4, 137, 141
1339327.3.peg.979.site.12, 56, 136, 192
1339327.3.peg.979.site.13, 41, 135, 176
1339327.3.peg.973.site.1, 38, 136, 174
1339327.3.peg.973.site.2, 0, 137, 137
1339327.3.peg.973.site.3, 0, 137, 137
1339327.3.peg.973.site.4, 2, 137, 139
1339327.3.peg.973.site.5, 0, 135, 135
1339327.3.peg.973.site.6, 55, 137, 192
1339327.3.peg.973.site.7, 1, 136, 137
1339327.3.peg.973.site.8, 91, 135, 226
1339327.3.peg.973.site.9, 103, 132, 235
1339327.3.peg.973.site.10, 77, 134, 211
1339327.3.peg.973.site.11, 88, 135, 223
1339327.3.peg.973.site.12, 20, 136, 156
1339327.3.peg.973.site.13, 65, 136, 201
1339327.3.peg.973.site.14, 1, 136, 137
1339327.3.peg.973.site.15, 1, 136, 137
1339327.3.peg.973.site.16, 1, 134, 135
1339327.3.peg.973.site.17, 2, 136, 138
1339327.3.peg.973.site.18, 16, 136, 152
1339327.3.peg.973.site.19, 71, 136, 207
1339327.3.peg.973.site.20, 42, 135, 177
1339327.3.peg.973.site.21, 1, 136, 137
1339327.3.peg.973.site.22, 7, 137, 144
1339327.3.peg.973.site.23, 1, 137, 138
1339327.3.peg.4532.site.1, 3, 135, 138
1339327.3.peg.4532.site.2, 5, 135, 140
1339327.3.peg.4532.site.3, 89, 137, 226
1339327.3.peg.4532.site.4, 6, 137, 143
1339327.3.peg.4532.site.5, 0, 137, 137
1339327.3.peg.4532.site.6, 0, 135, 135
1339327.3.peg.4532.site.7, 0, 134, 134
1339327.3.peg.4532.site.8, 3, 135, 138
1339327.3.peg.4532.site.9, 10, 134, 144
1339327.3.peg.4532.site.10, 19, 126, 145
1339327.3.peg.976.site.1, 1, 136, 137
1339327.3.peg.976.site.2, 0, 137, 137
1339327.3.peg.976.site.3, 35, 137, 172
1339327.3.peg.976.site.4, 90, 137, 227
1339327.3.peg.976.site.5, 0, 133, 133
1339327.3.peg.976.site.6, 2, 137, 139
1339327.3.peg.976.site.7, 23, 137, 160
1339327.3.peg.976.site.8, 2, 137, 139
1339327.3.peg.976.site.9, 59, 137, 196
1339327.3.peg.976.site.10, 1, 136, 137
1339327.3.peg.976.site.11, 16, 136, 152
1339327.3.peg.976.site.12, 46, 137, 183
1339327.3.peg.976.site.13, 4, 137, 141
1339327.3.peg.976.site.14, 1, 137, 138
1339327.3.peg.976.site.15, 2, 137, 139
1339327.3.peg.976.site.16, 55, 137, 192
1339327.3.peg.976.site.17, 8, 137, 145
1339327.3.peg.976.site.18, 8, 137, 145
1339327.3.peg.976.site.19, 1, 137, 138
1339327.3.peg.976.site.20, 4, 137, 141
1339327.3.peg.976.site.21, 38, 136, 174
1339327.3.peg.976.site.22, 39, 136, 175
1339327.3.peg.976.site.23, 0, 137, 137
1339327.3.peg.976.site.24, 23, 137, 160
1339327.3.peg.976.site.25, 118, 137, 255
1339327.3.peg.976.site.26, 4, 137, 141
1339327.3.peg.976.site.27, 2, 137, 139
1339327.3.peg.976.site.28, 118, 137, 255
1339327.3.peg.976.site.29, 7, 137, 144
1339327.3.peg.976.site.30, 0, 136, 136
1339327.3.peg.977.site.1, 0, 137, 137
1339327.3.peg.977.site.2, 106, 137, 243
1339327.3.peg.977.site.3, 2, 136, 138
1339327.3.peg.977.site.4, 1, 136, 137
1339327.3.peg.977.site.5, 18, 136, 154
1339327.3.peg.977.site.6, 56, 136, 192
1339327.3.peg.977.site.7, 0, 134, 134
1339327.3.peg.977.site.8, 121, 136, 257
1339327.3.peg.977.site.9, 3, 137, 140
1339327.3.peg.977.site.10, 92, 134, 226
1339327.3.peg.977.site.11, 0, 136, 136
1339327.3.peg.977.site.12, 4, 136, 140
1339327.3.peg.977.site.13, 2, 133, 135
1339327.3.peg.977.site.14, 3, 136, 139
1339327.3.peg.977.site.15, 2, 136, 138
1339327.3.peg.977.site.16, 17, 136, 153
1339327.3.peg.977.site.17, 2, 136, 138
1339327.3.peg.977.site.18, 3, 137, 140
1339327.3.peg.977.site.19, 7, 135, 142
1339327.3.peg.977.site.20, 0, 136, 136
1339327.3.peg.977.site.21, 0, 137, 137
1339327.3.peg.977.site.22, 0, 136, 136
1339327.3.peg.977.site.23, 7, 137, 144
1339327.3.peg.974.site.1, 24, 135, 159
1339327.3.peg.974.site.2, 3, 137, 140
1339327.3.peg.974.site.3, 1, 137, 138
1339327.3.peg.974.site.4, 5, 137, 142
1339327.3.peg.974.site.5, 2, 134, 136
1339327.3.peg.974.site.6, 6, 135, 141
1339327.3.peg.974.site.7, 2, 135, 137
1339327.3.peg.974.site.8, 0, 134, 134
1339327.3.peg.974.site.9, 40, 135, 175
1339327.3.peg.974.site.10, 1, 136, 137
1339327.3.peg.974.site.11, 1, 136, 137
1339327.3.peg.974.site.12, 1, 136, 137
1339327.3.peg.974.site.13, 7, 136, 143
1339327.3.peg.974.site.14, 0, 136, 136
1339327.3.peg.974.site.15, 28, 136, 164
1339327.3.peg.974.site.16, 0, 134, 134
1339327.3.peg.974.site.17, 6, 135, 141
1339327.3.peg.974.site.18, 2, 135, 137
1339327.3.peg.974.site.19, 81, 135, 216
1339327.3.peg.974.site.20, 4, 136, 140
1339327.3.peg.974.site.21, 10, 136, 146
1339327.3.peg.974.site.22, 4, 136, 140
1339327.3.peg.974.site.23, 3, 135, 138
1339327.3.peg.974.site.24, 3, 136, 139
1339327.3.peg.974.site.25, 21, 136, 157
1339327.3.peg.974.site.26, 99, 136, 235
1339327.3.peg.974.site.27, 43, 133, 176
1339327.3.peg.974.site.28, 2, 135, 137
1339327.3.peg.974.site.29, 2, 136, 138
1339327.3.peg.974.site.30, 1, 136, 137
1339327.3.peg.974.site.31, 9, 133, 142
1339327.3.peg.974.site.32, 52, 133, 185
1339327.3.peg.974.site.33, 2, 136, 138
1339327.3.peg.974.site.34, 8, 135, 143
1339327.3.peg.974.site.35, 42, 132, 174
1339327.3.peg.974.site.36, 22, 132, 154
1339327.3.peg.974.site.37, 1, 136, 137
1339327.3.peg.975.site.1, 0, 135, 135
1339327.3.peg.975.site.2, 1, 137, 138
1339327.3.peg.975.site.3, 43, 134, 177
1339327.3.peg.975.site.4, 1, 136, 137
1339327.3.peg.975.site.5, 31, 136, 167
1339327.3.peg.975.site.6, 7, 135, 142
1339327.3.peg.975.site.7, 11, 136, 147
1339327.3.peg.975.site.8, 0, 135, 135
1339327.3.peg.975.site.9, 3, 135, 138
1339327.3.peg.975.site.10, 1, 116, 117
1339327.3.peg.975.site.11, 51, 136, 187
1339327.3.peg.975.site.12, 3, 137, 140
1339327.3.peg.975.site.13, 1, 136, 137
1339327.3.peg.975.site.14, 7, 136, 143
1339327.3.peg.975.site.15, 3, 135, 138
1339327.3.peg.975.site.16, 1, 137, 138
1339327.3.peg.975.site.17, 1, 137, 138
1339327.3.peg.975.site.18, 1, 137, 138
1339327.3.peg.975.site.19, 1, 136, 137
1339327.3.peg.975.site.20, 1, 136, 137
1339327.3.peg.975.site.21, 24, 135, 159
1339327.3.peg.975.site.22, 1, 136, 137
1339327.3.peg.4531.site.1, 0, 126, 126
1339327.3.peg.4531.site.2, 11, 124, 135
1339327.3.peg.4531.site.3, 1, 131, 132
1339327.3.peg.4531.site.4, 2, 131, 133
1339327.3.peg.4531.site.5, 76, 131, 207
1339327.3.peg.4209.site.1, 5, 136, 141
1339327.3.peg.4209.site.2, 1, 137, 138
1339327.3.peg.4209.site.3, 2, 137, 139
1339327.3.peg.4209.site.4, 7, 135, 142
1339327.3.peg.4209.site.5, 2, 136, 138
1339327.3.peg.4209.site.6, 2, 137, 139
1339327.3.peg.4209.site.7, 9, 137, 146
1339327.3.peg.4209.site.8, 8, 136, 144
1339327.3.peg.3576.site.1, 1, 134, 135
1339327.3.peg.3576.site.2, 5, 131, 136
1339327.3.peg.3576.site.3, 0, 136, 136
1339327.3.peg.3576.site.4, 78, 133, 211
1339327.3.peg.3576.site.5, 0, 135, 135
1339327.3.peg.3576.site.6, 61, 136, 197
1339327.3.peg.3576.site.7, 0, 136, 136
1339327.3.peg.3576.site.8, 3, 135, 138
1339327.3.peg.3576.site.9, 11, 135, 146
1339327.3.peg.3576.site.10, 88, 136, 224
1339327.3.peg.741.site.1, 2, 136, 138
1339327.3.peg.741.site.2, 0, 136, 136
1339327.3.peg.741.site.3, 35, 137, 172
1339327.3.peg.741.site.4, 29, 137, 166
1339327.3.peg.741.site.5, 8, 137, 145
1339327.3.peg.741.site.6, 14, 137, 151
1339327.3.peg.741.site.7, 1, 137, 138
1339327.3.peg.741.site.8, 4, 137, 141
1339327.3.peg.741.site.9, 2, 136, 138
1339327.3.peg.4061.site.1, 0, 135, 135
1339327.3.peg.4061.site.2, 0, 133, 133
1339327.3.peg.4061.site.3, 5, 135, 140
1339327.3.peg.4061.site.4, 1, 137, 138
1339327.3.peg.4061.site.5, 2, 136, 138
1339327.3.peg.4061.site.6, 52, 137, 189
1339327.3.peg.4061.site.7, 47, 137, 184
1339327.3.peg.4061.site.8, 3, 136, 139
1339327.3.peg.4061.site.9, 16, 136, 152
1339327.3.peg.4061.site.10, 0, 136, 136
1339327.3.peg.4061.site.11, 2, 136, 138
1339327.3.peg.4061.site.12, 0, 132, 132
1339327.3.peg.4061.site.13, 45, 136, 181
1339327.3.peg.4061.site.14, 7, 135, 142
1339327.3.peg.4061.site.15, 2, 135, 137
1339327.3.peg.4061.site.16, 6, 137, 143
1339327.3.peg.4061.site.17, 1, 137, 138
1339327.3.peg.4061.site.18, 0, 136, 136
1339327.3.peg.4060.site.1, 37, 134, 171
1339327.3.peg.4060.site.2, 12, 134, 146
1339327.3.peg.4060.site.3, 6, 137, 143
1339327.3.peg.4060.site.4, 9, 137, 146
1339327.3.peg.4060.site.5, 9, 137, 146
1339327.3.peg.4060.site.6, 0, 137, 137
1339327.3.peg.4060.site.7, 0, 136, 136
1339327.3.peg.4060.site.8, 2, 134, 136
1339327.3.peg.4060.site.9, 0, 135, 135
1339327.3.peg.4060.site.10, 0, 135, 135
1339327.3.peg.4063.site.1, 0, 136, 136
1339327.3.peg.4063.site.2, 5, 136, 141
1339327.3.peg.4063.site.3, 1, 137, 138
1339327.3.peg.4063.site.4, 0, 135, 135
1339327.3.peg.4063.site.5, 86, 136, 222
1339327.3.peg.4063.site.6, 55, 135, 190
1339327.3.peg.4062.site.1, 2, 136, 138
1339327.3.peg.4062.site.2, 3, 136, 139
1339327.3.peg.4062.site.3, 14, 136, 150
1339327.3.peg.4062.site.4, 15, 137, 152
1339327.3.peg.4062.site.5, 4, 136, 140
1339327.3.peg.4062.site.6, 2, 136, 138
1339327.3.peg.4062.site.7, 56, 136, 192
1339327.3.peg.4062.site.8, 5, 137, 142
1339327.3.peg.4062.site.9, 9, 135, 144
1339327.3.peg.4062.site.10, 2, 135, 137
1339327.3.peg.4062.site.11, 3, 135, 138
1339327.3.peg.4062.site.12, 67, 134, 201
1339327.3.peg.4062.site.13, 2, 136, 138
1339327.3.peg.4062.site.14, 0, 135, 135
1339327.3.peg.4062.site.15, 8, 136, 144
1339327.3.peg.4065.site.1, 1, 137, 138
1339327.3.peg.4065.site.2, 16, 135, 151
1339327.3.peg.4065.site.3, 12, 135, 147
1339327.3.peg.4065.site.4, 0, 135, 135
1339327.3.peg.4065.site.5, 3, 135, 138
1339327.3.peg.4065.site.6, 1, 134, 135
1339327.3.peg.4065.site.7, 5, 137, 142
1339327.3.peg.4067.site.1, 0, 137, 137
1339327.3.peg.4067.site.2, 0, 137, 137
1339327.3.peg.4067.site.3, 3, 136, 139
1339327.3.peg.4067.site.4, 43, 137, 180
1339327.3.peg.4067.site.5, 1, 137, 138
1339327.3.peg.4067.site.6, 12, 137, 149
1339327.3.peg.4067.site.7, 33, 137, 170
1339327.3.peg.4067.site.8, 2, 136, 138
1339327.3.peg.4067.site.9, 0, 136, 136
1339327.3.peg.4067.site.10, 5, 136, 141
1339327.3.peg.4067.site.11, 6, 135, 141
1339327.3.peg.4067.site.12, 15, 134, 149
1339327.3.peg.4067.site.13, 15, 130, 145
1339327.3.peg.4067.site.14, 15, 132, 147
1339327.3.peg.4067.site.15, 2, 137, 139
1339327.3.peg.4067.site.16, 4, 135, 139
1339327.3.peg.4067.site.17, 2, 136, 138
1339327.3.peg.4067.site.18, 2, 137, 139
1339327.3.peg.4067.site.19, 1, 136, 137
1339327.3.peg.4067.site.20, 83, 136, 219
1339327.3.peg.4067.site.21, 10, 137, 147
1339327.3.peg.4067.site.22, 35, 136, 171
1339327.3.peg.4067.site.23, 11, 136, 147
1339327.3.peg.4067.site.24, 12, 134, 146
1339327.3.peg.4067.site.25, 11, 136, 147
1339327.3.peg.4066.site.1, 5, 136, 141
1339327.3.peg.4066.site.2, 2, 137, 139
1339327.3.peg.4066.site.3, 2, 136, 138
1339327.3.peg.740.site.1, 18, 137, 155
1339327.3.peg.740.site.2, 3, 137, 140
1339327.3.peg.740.site.3, 16, 137, 153
1339327.3.peg.740.site.4, 3, 137, 140
1339327.3.peg.740.site.5, 30, 136, 166
1339327.3.peg.740.site.6, 8, 136, 144
1339327.3.peg.740.site.7, 90, 136, 226
1339327.3.peg.740.site.8, 30, 136, 166
1339327.3.peg.4537.site.1, 13, 137, 150
1339327.3.peg.4537.site.2, 5, 136, 141
1339327.3.peg.4537.site.3, 14, 136, 150
1339327.3.peg.4537.site.4, 0, 136, 136
1339327.3.peg.4537.site.5, 1, 137, 138
1339327.3.peg.4537.site.6, 0, 136, 136
1339327.3.peg.4537.site.7, 1, 137, 138
1339327.3.peg.4537.site.8, 1, 137, 138
1339327.3.peg.4537.site.9, 1, 137, 138
1339327.3.peg.4537.site.10, 3, 136, 139
1339327.3.peg.4537.site.11, 0, 136, 136
1339327.3.peg.4201.site.1, 3, 136, 139
1339327.3.peg.4201.site.2, 5, 137, 142
1339327.3.peg.4201.site.3, 1, 137, 138
1339327.3.peg.4201.site.4, 9, 137, 146
1339327.3.peg.4201.site.5, 37, 136, 173
1339327.3.peg.4201.site.6, 8, 137, 145
1339327.3.peg.4201.site.7, 9, 137, 146
1339327.3.peg.4201.site.8, 33, 135, 168
1339327.3.peg.4201.site.9, 1, 136, 137
1339327.3.peg.4201.site.10, 5, 137, 142
1339327.3.peg.4201.site.11, 2, 136, 138
1339327.3.peg.4201.site.12, 65, 136, 201
1339327.3.peg.4201.site.13, 3, 136, 139
1339327.3.peg.4201.site.14, 4, 137, 141
1339327.3.peg.4201.site.15, 54, 133, 187
1339327.3.peg.5034.site.1, 3, 135, 138
1339327.3.peg.5034.site.2, 0, 136, 136
1339327.3.peg.5034.site.3, 0, 136, 136
1339327.3.peg.5034.site.4, 27, 135, 162
1339327.3.peg.5034.site.5, 3, 137, 140
1339327.3.peg.5034.site.6, 74, 137, 211
1339327.3.peg.5034.site.7, 20, 136, 156
1339327.3.peg.5034.site.8, 83, 136, 219
1339327.3.peg.5034.site.9, 70, 137, 207
1339327.3.peg.5034.site.10, 5, 137, 142
1339327.3.peg.5034.site.11, 3, 136, 139
1339327.3.peg.5034.site.12, 19, 136, 155
1339327.3.peg.5034.site.13, 2, 134, 136
1339327.3.peg.5034.site.14, 11, 134, 145
1339327.3.peg.3574.site.1, 10, 131, 141
1339327.3.peg.802.site.1, 12, 136, 148
1339327.3.peg.802.site.2, 23, 135, 158
1339327.3.peg.802.site.3, 0, 127, 127
1339327.3.peg.802.site.4, 29, 136, 165
1339327.3.peg.802.site.5, 43, 135, 178
1339327.3.peg.802.site.6, 88, 136, 224
1339327.3.peg.802.site.7, 2, 137, 139
1339327.3.peg.802.site.8, 5, 136, 141
1339327.3.peg.802.site.9, 3, 136, 139
1339327.3.peg.802.site.10, 3, 134, 137
1339327.3.peg.802.site.11, 12, 136, 148
1339327.3.peg.802.site.12, 3, 136, 139
1339327.3.peg.802.site.13, 4, 137, 141
1339327.3.peg.802.site.14, 28, 136, 164
1339327.3.peg.802.site.15, 5, 137, 142
1339327.3.peg.802.site.16, 2, 136, 138
1339327.3.peg.802.site.17, 3, 136, 139
1339327.3.peg.800.site.1, 0, 135, 135
1339327.3.peg.800.site.2, 3, 137, 140
1339327.3.peg.800.site.3, 91, 137, 228
1339327.3.peg.800.site.4, 0, 136, 136
1339327.3.peg.800.site.5, 2, 137, 139
1339327.3.peg.800.site.6, 4, 137, 141
1339327.3.peg.800.site.7, 3, 136, 139
1339327.3.peg.800.site.8, 1, 136, 137
1339327.3.peg.800.site.9, 5, 137, 142
1339327.3.peg.800.site.10, 55, 136, 191
1339327.3.peg.800.site.11, 3, 136, 139
1339327.3.peg.800.site.12, 10, 136, 146
1339327.3.peg.800.site.13, 0, 137, 137
1339327.3.peg.800.site.14, 12, 137, 149
1339327.3.peg.800.site.15, 76, 137, 213
1339327.3.peg.800.site.16, 5, 135, 140
1339327.3.peg.800.site.17, 5, 137, 142
1339327.3.peg.800.site.18, 30, 137, 167
1339327.3.peg.800.site.19, 1, 136, 137
1339327.3.peg.800.site.20, 26, 136, 162
1339327.3.peg.800.site.21, 13, 136, 149
1339327.3.peg.800.site.22, 0, 134, 134
1339327.3.peg.801.site.1, 9, 128, 137
1339327.3.peg.801.site.2, 0, 135, 135
1339327.3.peg.801.site.3, 0, 137, 137
1339327.3.peg.801.site.4, 11, 136, 147
1339327.3.peg.801.site.5, 2, 136, 138
1339327.3.peg.801.site.6, 12, 137, 149
1339327.3.peg.801.site.7, 6, 133, 139
1339327.3.peg.801.site.8, 4, 137, 141
1339327.3.peg.801.site.9, 8, 137, 145
1339327.3.peg.801.site.10, 3, 137, 140
1339327.3.peg.801.site.11, 0, 137, 137
1339327.3.peg.801.site.12, 77, 137, 214
1339327.3.peg.801.site.13, 1, 137, 138
1339327.3.peg.801.site.14, 0, 136, 136
1339327.3.peg.801.site.15, 11, 132, 143
1339327.3.peg.801.site.16, 16, 137, 153
1339327.3.peg.801.site.17, 63, 137, 200
1339327.3.peg.801.site.18, 22, 137, 159
1339327.3.peg.801.site.19, 2, 137, 139
1339327.3.peg.801.site.20, 1, 137, 138
1339327.3.peg.801.site.21, 3, 137, 140
1339327.3.peg.801.site.22, 5, 135, 140
1339327.3.peg.801.site.23, 9, 137, 146
1339327.3.peg.801.site.24, 2, 137, 139
1339327.3.peg.801.site.25, 71, 137, 208
1339327.3.peg.801.site.26, 17, 137, 154
1339327.3.peg.801.site.27, 15, 137, 152
1339327.3.peg.801.site.28, 2, 136, 138
1339327.3.peg.801.site.29, 3, 137, 140
1339327.3.peg.801.site.30, 18, 136, 154
1339327.3.peg.801.site.31, 110, 137, 247
1339327.3.peg.801.site.32, 2, 137, 139
1339327.3.peg.806.site.1, 7, 137, 144
1339327.3.peg.806.site.2, 66, 137, 203
1339327.3.peg.806.site.3, 4, 136, 140
1339327.3.peg.806.site.4, 10, 136, 146
1339327.3.peg.806.site.5, 23, 136, 159
1339327.3.peg.806.site.6, 1, 137, 138
1339327.3.peg.806.site.7, 20, 136, 156
1339327.3.peg.806.site.8, 1, 137, 138
1339327.3.peg.806.site.9, 0, 135, 135
1339327.3.peg.806.site.10, 15, 137, 152
1339327.3.peg.807.site.1, 26, 136, 162
1339327.3.peg.807.site.2, 26, 136, 162
1339327.3.peg.807.site.3, 25, 136, 161
1339327.3.peg.807.site.4, 23, 137, 160
1339327.3.peg.807.site.5, 2, 137, 139
1339327.3.peg.807.site.6, 119, 137, 256
1339327.3.peg.807.site.7, 3, 136, 139
1339327.3.peg.807.site.8, 28, 137, 165
1339327.3.peg.807.site.9, 1, 137, 138
1339327.3.peg.807.site.10, 1, 137, 138
1339327.3.peg.807.site.11, 22, 137, 159
1339327.3.peg.807.site.12, 0, 136, 136
1339327.3.peg.807.site.13, 97, 137, 234
1339327.3.peg.807.site.14, 2, 136, 138
1339327.3.peg.807.site.15, 28, 133, 161
1339327.3.peg.805.site.1, 4, 137, 141
1339327.3.peg.805.site.2, 10, 136, 146
1339327.3.peg.805.site.3, 1, 135, 136
1339327.3.peg.805.site.4, 3, 137, 140
1339327.3.peg.805.site.5, 3, 130, 133
1339327.3.peg.805.site.6, 7, 131, 138
1339327.3.peg.805.site.7, 36, 134, 170
1339327.3.peg.805.site.8, 3, 137, 140
1339327.3.peg.805.site.9, 0, 136, 136
1339327.3.peg.805.site.10, 0, 136, 136
1339327.3.peg.805.site.11, 0, 136, 136
1339327.3.peg.805.site.12, 3, 135, 138
1339327.3.peg.805.site.13, 50, 137, 187
1339327.3.peg.805.site.14, 36, 137, 173
1339327.3.peg.805.site.15, 5, 137, 142
1339327.3.peg.805.site.16, 52, 137, 189
1339327.3.peg.805.site.17, 0, 136, 136
1339327.3.peg.805.site.18, 59, 137, 196
1339327.3.peg.805.site.19, 12, 136, 148
1339327.3.peg.805.site.20, 3, 136, 139
1339327.3.peg.805.site.21, 1, 137, 138
1339327.3.peg.805.site.22, 1, 137, 138
1339327.3.peg.805.site.23, 9, 136, 145
1339327.3.peg.805.site.24, 16, 137, 153
1339327.3.peg.805.site.25, 0, 135, 135
1339327.3.peg.4195.site.1, 1, 136, 137
1339327.3.peg.4195.site.2, 7, 136, 143
1339327.3.peg.4195.site.3, 37, 137, 174
1339327.3.peg.4195.site.4, 2, 134, 136
1339327.3.peg.4195.site.5, 92, 134, 226
1339327.3.peg.4195.site.6, 94, 137, 231
1339327.3.peg.808.site.1, 40, 136, 176
1339327.3.peg.808.site.2, 6, 137, 143
1339327.3.peg.808.site.3, 2, 137, 139
1339327.3.peg.808.site.4, 3, 137, 140
1339327.3.peg.808.site.5, 1, 137, 138
1339327.3.peg.808.site.6, 64, 137, 201
1339327.3.peg.808.site.7, 1, 135, 136
1339327.3.peg.808.site.8, 1, 136, 137
1339327.3.peg.808.site.9, 1, 136, 137
1339327.3.peg.808.site.10, 3, 137, 140
1339327.3.peg.808.site.11, 1, 135, 136
1339327.3.peg.809.site.1, 1, 136, 137
1339327.3.peg.809.site.2, 0, 128, 128
1339327.3.peg.809.site.3, 2, 137, 139
1339327.3.peg.809.site.4, 62, 137, 199
1339327.3.peg.809.site.5, 2, 137, 139
1339327.3.peg.809.site.6, 0, 137, 137
1339327.3.peg.4191.site.1, 81, 134, 215
1339327.3.peg.4191.site.2, 2, 137, 139
1339327.3.peg.4191.site.3, 2, 137, 139
1339327.3.peg.4191.site.4, 110, 135, 245
1339327.3.peg.4191.site.5, 1, 136, 137
1339327.3.peg.4191.site.6, 14, 137, 151
1339327.3.peg.4191.site.7, 8, 135, 143
1339327.3.peg.4191.site.8, 5, 135, 140
1339327.3.peg.4191.site.9, 3, 136, 139
1339327.3.peg.4191.site.10, 1, 136, 137
1339327.3.peg.4191.site.11, 3, 136, 139
1339327.3.peg.4191.site.12, 1, 136, 137
1339327.3.peg.4191.site.13, 11, 134, 145
1339327.3.peg.4191.site.14, 0, 135, 135
1339327.3.peg.4190.site.1, 2, 136, 138
1339327.3.peg.4190.site.2, 0, 133, 133
1339327.3.peg.4190.site.3, 11, 135, 146
1339327.3.peg.4190.site.4, 0, 135, 135
1339327.3.peg.4190.site.5, 19, 136, 155
1339327.3.peg.4190.site.6, 1, 137, 138
1339327.3.peg.4190.site.7, 0, 136, 136
1339327.3.peg.4190.site.8, 2, 136, 138
1339327.3.peg.4190.site.9, 21, 133, 154
1339327.3.peg.4190.site.10, 0, 136, 136
1339327.3.peg.4190.site.11, 0, 135, 135
1339327.3.peg.4190.site.12, 73, 125, 198
1339327.3.peg.4190.site.13, 20, 126, 146
1339327.3.peg.4190.site.14, 0, 137, 137
1339327.3.peg.4190.site.15, 25, 136, 161
1339327.3.peg.4190.site.16, 8, 137, 145
1339327.3.peg.4190.site.17, 1, 137, 138
1339327.3.peg.4190.site.18, 1, 137, 138
1339327.3.peg.4190.site.19, 65, 137, 202
1339327.3.peg.4190.site.20, 31, 137, 168
1339327.3.peg.4193.site.1, 15, 137, 152
1339327.3.peg.4193.site.2, 3, 136, 139
1339327.3.peg.4193.site.3, 6, 137, 143
1339327.3.peg.4193.site.4, 3, 137, 140
1339327.3.peg.4193.site.5, 130, 137, 267
1339327.3.peg.4193.site.6, 7, 136, 143
1339327.3.peg.4193.site.7, 2, 137, 139
1339327.3.peg.4193.site.8, 0, 135, 135
1339327.3.peg.4193.site.9, 0, 134, 134
1339327.3.peg.4193.site.10, 38, 137, 175
1339327.3.peg.4193.site.11, 1, 136, 137
1339327.3.peg.4193.site.12, 0, 136, 136
1339327.3.peg.4193.site.13, 16, 137, 153
1339327.3.peg.4193.site.14, 24, 137, 161
1339327.3.peg.4193.site.15, 5, 136, 141
1339327.3.peg.4193.site.16, 1, 135, 136
1339327.3.peg.4193.site.17, 31, 135, 166
1339327.3.peg.4193.site.18, 42, 137, 179
1339327.3.peg.4193.site.19, 128, 137, 265
1339327.3.peg.4193.site.20, 3, 136, 139
1339327.3.peg.4192.site.1, 0, 135, 135
1339327.3.peg.4192.site.2, 3, 135, 138
1339327.3.peg.4192.site.3, 10, 137, 147
1339327.3.peg.4192.site.4, 23, 136, 159
1339327.3.peg.4192.site.5, 1, 137, 138
1339327.3.peg.4192.site.6, 12, 137, 149
1339327.3.peg.4192.site.7, 3, 137, 140
1339327.3.peg.4192.site.8, 2, 136, 138
1339327.3.peg.4192.site.9, 3, 135, 138
1339327.3.peg.1325.site.1, 0, 136, 136
1339327.3.peg.1325.site.2, 2, 137, 139
1339327.3.peg.1325.site.3, 0, 137, 137
1339327.3.peg.1325.site.4, 7, 136, 143
1339327.3.peg.1325.site.5, 5, 136, 141
1339327.3.peg.1325.site.6, 18, 137, 155
1339327.3.peg.1325.site.7, 1, 134, 135
1339327.3.peg.1325.site.8, 4, 137, 141
1339327.3.peg.1325.site.9, 1, 136, 137
1339327.3.peg.1325.site.10, 13, 136, 149
1339327.3.peg.1325.site.11, 28, 137, 165
1339327.3.peg.1325.site.12, 1, 137, 138
1339327.3.peg.1325.site.13, 1, 136, 137
1339327.3.peg.1325.site.14, 44, 136, 180
1339327.3.peg.1325.site.15, 13, 136, 149
1339327.3.peg.1325.site.16, 5, 135, 140
1339327.3.peg.1325.site.17, 1, 137, 138
1339327.3.peg.1325.site.18, 14, 137, 151
1339327.3.peg.1325.site.19, 0, 136, 136
1339327.3.peg.1325.site.20, 1, 134, 135
1339327.3.peg.1325.site.21, 28, 136, 164
1339327.3.peg.1325.site.22, 38, 135, 173
1339327.3.peg.1325.site.23, 74, 136, 210
1339327.3.peg.1325.site.24, 2, 136, 138
1339327.3.peg.1325.site.25, 0, 137, 137
1339327.3.peg.1325.site.26, 4, 136, 140
1339327.3.peg.1325.site.27, 11, 136, 147
1339327.3.peg.1325.site.28, 12, 136, 148
1339327.3.peg.1325.site.29, 3, 135, 138
1339327.3.peg.1325.site.30, 0, 134, 134
1339327.3.peg.1325.site.31, 4, 136, 140
1339327.3.peg.1325.site.32, 5, 137, 142
1339327.3.peg.1325.site.33, 26, 136, 162
1339327.3.peg.1325.site.34, 5, 137, 142
1339327.3.peg.1325.site.35, 0, 136, 136
1339327.3.peg.1325.site.36, 0, 137, 137
1339327.3.peg.1325.site.37, 8, 137, 145
1339327.3.peg.1325.site.38, 1, 137, 138
1339327.3.peg.1325.site.39, 2, 137, 139
1339327.3.peg.1325.site.40, 3, 135, 138
1339327.3.peg.1325.site.41, 6, 136, 142
1339327.3.peg.1325.site.42, 20, 134, 154
1339327.3.peg.1325.site.43, 1, 131, 132
1339327.3.peg.1325.site.44, 3, 137, 140
1339327.3.peg.1325.site.45, 72, 137, 209
1339327.3.peg.1325.site.46, 0, 135, 135
1339327.3.peg.1325.site.47, 10, 134, 144
1339327.3.peg.1325.site.48, 3, 136, 139
1339327.3.peg.1325.site.49, 13, 136, 149
1339327.3.peg.1325.site.50, 2, 137, 139
1339327.3.peg.1325.site.51, 31, 136, 167
1339327.3.peg.1325.site.52, 15, 137, 152
1339327.3.peg.1325.site.53, 1, 137, 138
1339327.3.peg.1325.site.54, 5, 137, 142
1339327.3.peg.1325.site.55, 1, 136, 137
1339327.3.peg.1325.site.56, 16, 135, 151
1339327.3.peg.1325.site.57, 2, 135, 137
1339327.3.peg.1325.site.58, 25, 134, 159
1339327.3.peg.1325.site.59, 6, 137, 143
1339327.3.peg.1325.site.60, 30, 137, 167
1339327.3.peg.1325.site.61, 23, 137, 160
1339327.3.peg.1325.site.62, 4, 135, 139
1339327.3.peg.1324.site.1, 2, 135, 137
1339327.3.peg.1324.site.2, 2, 137, 139
1339327.3.peg.1324.site.3, 2, 136, 138
1339327.3.peg.1324.site.4, 2, 136, 138
1339327.3.peg.1324.site.5, 2, 135, 137
1339327.3.peg.1324.site.6, 4, 136, 140
1339327.3.peg.1324.site.7, 29, 136, 165
1339327.3.peg.1324.site.8, 1, 135, 136
1339327.3.peg.1324.site.9, 2, 130, 132
1339327.3.peg.1324.site.10, 112, 123, 235
1339327.3.peg.1324.site.11, 16, 124, 140
1339327.3.peg.1324.site.12, 0, 115, 115
1339327.3.peg.1324.site.13, 5, 132, 137
1339327.3.peg.1324.site.14, 4, 133, 137
1339327.3.peg.1324.site.15, 3, 133, 136
1339327.3.peg.1324.site.16, 57, 134, 191
1339327.3.peg.1324.site.17, 8, 135, 143
1339327.3.peg.1324.site.18, 2, 133, 135
1339327.3.peg.1324.site.19, 0, 134, 134
1339327.3.peg.1324.site.20, 1, 136, 137
1339327.3.peg.1324.site.21, 2, 134, 136
1339327.3.peg.1324.site.22, 1, 135, 136
1339327.3.peg.1324.site.23, 0, 135, 135
1339327.3.peg.1324.site.24, 3, 135, 138
1339327.3.peg.1324.site.25, 15, 135, 150
1339327.3.peg.1324.site.26, 5, 135, 140
1339327.3.peg.1324.site.27, 35, 135, 170
1339327.3.peg.1324.site.28, 9, 134, 143
1339327.3.peg.1324.site.29, 2, 136, 138
1339327.3.peg.1324.site.30, 1, 137, 138
1339327.3.peg.1327.site.1, 11, 135, 146
1339327.3.peg.1327.site.2, 12, 135, 147
1339327.3.peg.1327.site.3, 1, 135, 136
1339327.3.peg.1327.site.4, 3, 134, 137
1339327.3.peg.1327.site.5, 3, 135, 138
1339327.3.peg.1327.site.6, 38, 136, 174
1339327.3.peg.1327.site.7, 72, 136, 208
1339327.3.peg.1327.site.8, 0, 136, 136
1339327.3.peg.1327.site.9, 60, 136, 196
1339327.3.peg.1327.site.10, 21, 137, 158
1339327.3.peg.1327.site.11, 3, 137, 140
1339327.3.peg.1327.site.12, 9, 137, 146
1339327.3.peg.1327.site.13, 28, 136, 164
1339327.3.peg.1327.site.14, 0, 136, 136
1339327.3.peg.1327.site.15, 15, 135, 150
1339327.3.peg.1327.site.16, 3, 137, 140
1339327.3.peg.1327.site.17, 1, 133, 134
1339327.3.peg.1327.site.18, 10, 137, 147
1339327.3.peg.1327.site.19, 3, 136, 139
1339327.3.peg.1327.site.20, 5, 137, 142
1339327.3.peg.1327.site.21, 2, 137, 139
1339327.3.peg.1327.site.22, 12, 136, 148
1339327.3.peg.1327.site.23, 2, 136, 138
1339327.3.peg.1327.site.24, 3, 136, 139
1339327.3.peg.1327.site.25, 105, 137, 242
1339327.3.peg.1327.site.26, 10, 137, 147
1339327.3.peg.1327.site.27, 2, 137, 139
1339327.3.peg.1327.site.28, 2, 135, 137
1339327.3.peg.1327.site.29, 18, 133, 151
1339327.3.peg.1327.site.30, 3, 136, 139
1339327.3.peg.1327.site.31, 0, 136, 136
1339327.3.peg.1327.site.32, 2, 135, 137
1339327.3.peg.1327.site.33, 2, 137, 139
1339327.3.peg.1327.site.34, 2, 136, 138
1339327.3.peg.1327.site.35, 13, 137, 150
1339327.3.peg.1327.site.36, 13, 137, 150
1339327.3.peg.1327.site.37, 0, 135, 135
1339327.3.peg.1327.site.38, 25, 134, 159
1339327.3.peg.1327.site.39, 0, 136, 136
1339327.3.peg.1327.site.40, 1, 137, 138
1339327.3.peg.1326.site.1, 4, 136, 140
1339327.3.peg.1321.site.1, 0, 134, 134
1339327.3.peg.1321.site.2, 58, 133, 191
1339327.3.peg.1321.site.3, 24, 133, 157
1339327.3.peg.1321.site.4, 40, 135, 175
1339327.3.peg.1321.site.5, 24, 135, 159
1339327.3.peg.1321.site.6, 76, 132, 208
1339327.3.peg.1321.site.7, 33, 134, 167
1339327.3.peg.1321.site.8, 0, 132, 132
1339327.3.peg.1321.site.9, 0, 135, 135
1339327.3.peg.1321.site.10, 1, 135, 136
1339327.3.peg.1321.site.11, 0, 136, 136
1339327.3.peg.1321.site.12, 1, 136, 137
1339327.3.peg.1320.site.1, 2, 134, 136
1339327.3.peg.1320.site.2, 113, 135, 248
1339327.3.peg.1320.site.3, 1, 135, 136
1339327.3.peg.1320.site.4, 9, 134, 143
1339327.3.peg.1320.site.5, 0, 134, 134
1339327.3.peg.1320.site.6, 16, 135, 151
1339327.3.peg.1320.site.7, 3, 134, 137
1339327.3.peg.1320.site.8, 0, 133, 133
1339327.3.peg.1320.site.9, 1, 136, 137
1339327.3.peg.1323.site.1, 2, 135, 137
1339327.3.peg.1323.site.2, 2, 135, 137
1339327.3.peg.1323.site.3, 2, 135, 137
1339327.3.peg.1323.site.4, 0, 134, 134
1339327.3.peg.1323.site.5, 1, 134, 135
1339327.3.peg.1323.site.6, 3, 133, 136
1339327.3.peg.1323.site.7, 3, 132, 135
1339327.3.peg.1323.site.8, 2, 134, 136
1339327.3.peg.1323.site.9, 1, 133, 134
1339327.3.peg.1323.site.10, 2, 135, 137
1339327.3.peg.1323.site.11, 2, 132, 134
1339327.3.peg.1323.site.12, 1, 133, 134
1339327.3.peg.1323.site.13, 1, 133, 134
1339327.3.peg.1323.site.14, 3, 135, 138
1339327.3.peg.1323.site.15, 0, 135, 135
1339327.3.peg.1323.site.16, 0, 135, 135
1339327.3.peg.1323.site.17, 0, 134, 134
1339327.3.peg.1323.site.18, 4, 135, 139
1339327.3.peg.1322.site.1, 23, 133, 156
1339327.3.peg.1322.site.2, 1, 132, 133
1339327.3.peg.1322.site.3, 9, 101, 110
1339327.3.peg.1322.site.4, 9, 101, 110
1339327.3.peg.1322.site.5, 0, 134, 134
1339327.3.peg.1322.site.6, 0, 133, 133
1339327.3.peg.1322.site.7, 4, 133, 137
1339327.3.peg.1322.site.8, 6, 134, 140
1339327.3.peg.1322.site.9, 16, 134, 150
1339327.3.peg.1322.site.10, 1, 136, 137
1339327.3.peg.1322.site.11, 10, 137, 147
1339327.3.peg.1322.site.12, 2, 135, 137
1339327.3.peg.1322.site.13, 2, 136, 138
1339327.3.peg.4205.site.1, 0, 137, 137
1339327.3.peg.4205.site.2, 0, 137, 137
1339327.3.peg.4205.site.3, 0, 137, 137
1339327.3.peg.4205.site.4, 12, 136, 148
1339327.3.peg.4204.site.1, 0, 133, 133
1339327.3.peg.4204.site.2, 11, 135, 146
1339327.3.peg.4204.site.3, 0, 135, 135
1339327.3.peg.4204.site.4, 3, 135, 138
1339327.3.peg.4204.site.5, 3, 134, 137
1339327.3.peg.4204.site.6, 6, 136, 142
1339327.3.peg.4204.site.7, 45, 136, 181
1339327.3.peg.4204.site.8, 8, 136, 144
1339327.3.peg.4204.site.9, 0, 136, 136
1339327.3.peg.4204.site.10, 2, 134, 136
1339327.3.peg.4204.site.11, 8, 134, 142
1339327.3.peg.4204.site.12, 23, 136, 159
1339327.3.peg.4204.site.13, 29, 137, 166
1339327.3.peg.4204.site.14, 2, 137, 139
1339327.3.peg.4204.site.15, 55, 134, 189
1339327.3.peg.4204.site.16, 3, 136, 139
1339327.3.peg.4204.site.17, 3, 136, 139
1339327.3.peg.4204.site.18, 55, 136, 191
1339327.3.peg.4204.site.19, 3, 136, 139
1339327.3.peg.4207.site.1, 90, 136, 226
1339327.3.peg.4207.site.2, 92, 134, 226
1339327.3.peg.4207.site.3, 3, 137, 140
1339327.3.peg.4206.site.1, 0, 132, 132
1339327.3.peg.4206.site.2, 20, 136, 156
1339327.3.peg.1329.site.1, 7, 135, 142
1339327.3.peg.1329.site.2, 0, 136, 136
1339327.3.peg.1329.site.3, 1, 131, 132
1339327.3.peg.1329.site.4, 79, 134, 213
1339327.3.peg.1329.site.5, 3, 137, 140
1339327.3.peg.1329.site.6, 8, 136, 144
1339327.3.peg.1329.site.7, 2, 137, 139
1339327.3.peg.1329.site.8, 1, 137, 138
1339327.3.peg.1328.site.1, 2, 137, 139
1339327.3.peg.1328.site.2, 3, 137, 140
1339327.3.peg.1328.site.3, 3, 137, 140
1339327.3.peg.1328.site.4, 8, 136, 144
1339327.3.peg.1328.site.5, 0, 135, 135
1339327.3.peg.1328.site.6, 14, 136, 150
1339327.3.peg.1328.site.7, 26, 137, 163
1339327.3.peg.1328.site.8, 13, 137, 150
1339327.3.peg.1328.site.9, 0, 137, 137
1339327.3.peg.1328.site.10, 2, 136, 138
1339327.3.peg.1328.site.11, 108, 137, 245
1339327.3.peg.1328.site.12, 3, 136, 139
1339327.3.peg.1328.site.13, 6, 137, 143
1339327.3.peg.1328.site.14, 5, 137, 142
1339327.3.peg.1328.site.15, 5, 137, 142
1339327.3.peg.1328.site.16, 2, 137, 139
1339327.3.peg.1328.site.17, 1, 136, 137
1339327.3.peg.1328.site.18, 0, 137, 137
1339327.3.peg.1328.site.19, 2, 136, 138
1339327.3.peg.1328.site.20, 0, 135, 135
1339327.3.peg.1328.site.21, 1, 135, 136
1339327.3.peg.1328.site.22, 31, 137, 168
1339327.3.peg.1328.site.23, 20, 137, 157
1339327.3.peg.1328.site.24, 4, 134, 138
1339327.3.peg.1328.site.25, 62, 137, 199
1339327.3.peg.1328.site.26, 2, 137, 139
1339327.3.peg.1328.site.27, 76, 137, 213
1339327.3.peg.1328.site.28, 4, 137, 141
1339327.3.peg.4203.site.1, 1, 134, 135
1339327.3.peg.4203.site.2, 0, 131, 131
1339327.3.peg.4203.site.3, 14, 131, 145
1339327.3.peg.4202.site.1, 3, 136, 139
1339327.3.peg.4202.site.2, 4, 135, 139
1339327.3.peg.4202.site.3, 11, 137, 148
1339327.3.peg.4202.site.4, 8, 134, 142
1339327.3.peg.4202.site.5, 0, 134, 134
1339327.3.peg.4202.site.6, 64, 133, 197
1339327.3.peg.4202.site.7, 5, 131, 136
1339327.3.peg.4202.site.8, 3, 132, 135
1339327.3.peg.4202.site.9, 105, 129, 234
1339327.3.peg.4202.site.10, 0, 135, 135
1339327.3.peg.4202.site.11, 49, 135, 184
1339327.3.peg.4535.site.1, 28, 128, 156
1339327.3.peg.4535.site.2, 2, 132, 134
1339327.3.peg.4535.site.3, 2, 137, 139
1339327.3.peg.4535.site.4, 20, 136, 156
1339327.3.peg.4535.site.5, 5, 136, 141
1339327.3.peg.4535.site.6, 24, 137, 161
1339327.3.peg.4849.site.1, 0, 133, 133
1339327.3.peg.4849.site.2, 3, 134, 137
1339327.3.peg.4849.site.3, 4, 137, 141
1339327.3.peg.4848.site.1, 1, 128, 129
1339327.3.peg.4848.site.2, 94, 127, 221
1339327.3.peg.4848.site.3, 35, 127, 162
1339327.3.peg.4848.site.4, 0, 129, 129
1339327.3.peg.4848.site.5, 4, 131, 135
1339327.3.peg.4848.site.6, 126, 135, 261
1339327.3.peg.4848.site.7, 1, 133, 134
1339327.3.peg.4848.site.8, 12, 135, 147
1339327.3.peg.4848.site.9, 5, 137, 142
1339327.3.peg.4848.site.10, 54, 136, 190
1339327.3.peg.4848.site.11, 3, 136, 139
1339327.3.peg.4848.site.12, 2, 135, 137
1339327.3.peg.4848.site.13, 3, 135, 138
1339327.3.peg.4848.site.14, 16, 136, 152
1339327.3.peg.4848.site.15, 3, 137, 140
1339327.3.peg.4848.site.16, 2, 134, 136
1339327.3.peg.4848.site.17, 23, 131, 154
1339327.3.peg.4848.site.18, 46, 122, 168
1339327.3.peg.4848.site.19, 3, 111, 114
1339327.3.peg.4848.site.20, 1, 114, 115
1339327.3.peg.4848.site.21, 0, 134, 134
1339327.3.peg.4848.site.22, 8, 134, 142
1339327.3.peg.4848.site.23, 12, 132, 144
1339327.3.peg.4848.site.24, 1, 131, 132
1339327.3.peg.4848.site.25, 2, 135, 137
1339327.3.peg.4848.site.26, 1, 135, 136
1339327.3.peg.4669.site.1, 119, 135, 254
1339327.3.peg.4669.site.2, 0, 136, 136
1339327.3.peg.4669.site.3, 14, 137, 151
1339327.3.peg.4669.site.4, 4, 135, 139
1339327.3.peg.4669.site.5, 7, 136, 143
1339327.3.peg.4669.site.6, 3, 136, 139
1339327.3.peg.4669.site.7, 10, 137, 147
1339327.3.peg.4669.site.8, 1, 136, 137
1339327.3.peg.4669.site.9, 52, 137, 189
1339327.3.peg.4669.site.10, 1, 137, 138
1339327.3.peg.4669.site.11, 65, 136, 201
1339327.3.peg.4669.site.12, 1, 137, 138
1339327.3.peg.4669.site.13, 4, 137, 141
1339327.3.peg.4669.site.14, 4, 137, 141
1339327.3.peg.4669.site.15, 10, 136, 146
1339327.3.peg.4669.site.16, 8, 136, 144
1339327.3.peg.4669.site.17, 3, 137, 140
1339327.3.peg.4669.site.18, 7, 136, 143
1339327.3.peg.4669.site.19, 51, 135, 186
1339327.3.peg.4669.site.20, 50, 137, 187
1339327.3.peg.4669.site.21, 0, 136, 136
1339327.3.peg.4669.site.22, 3, 135, 138
1339327.3.peg.4669.site.23, 19, 137, 156
1339327.3.peg.4669.site.24, 53, 137, 190
1339327.3.peg.4669.site.25, 25, 137, 162
1339327.3.peg.4669.site.26, 84, 137, 221
1339327.3.peg.4669.site.27, 5, 137, 142
1339327.3.peg.4669.site.28, 7, 137, 144
1339327.3.peg.4669.site.29, 1, 137, 138
1339327.3.peg.4669.site.30, 110, 137, 247
1339327.3.peg.4669.site.31, 1, 137, 138
1339327.3.peg.4669.site.32, 7, 137, 144
1339327.3.peg.4669.site.33, 61, 135, 196
1339327.3.peg.4669.site.34, 1, 137, 138
1339327.3.peg.4669.site.35, 11, 137, 148
1339327.3.peg.4669.site.36, 0, 136, 136
1339327.3.peg.4669.site.37, 19, 137, 156
1339327.3.peg.4669.site.38, 41, 135, 176
1339327.3.peg.4669.site.39, 0, 135, 135
1339327.3.peg.4669.site.40, 4, 134, 138
1339327.3.peg.4669.site.41, 66, 135, 201
1339327.3.peg.4669.site.42, 26, 136, 162
1339327.3.peg.4669.site.43, 20, 136, 156
1339327.3.peg.4669.site.44, 1, 137, 138
1339327.3.peg.4669.site.45, 49, 137, 186
1339327.3.peg.4669.site.46, 8, 135, 143
1339327.3.peg.4669.site.47, 17, 135, 152
1339327.3.peg.4669.site.48, 18, 135, 153
1339327.3.peg.4669.site.49, 2, 134, 136
1339327.3.peg.4669.site.50, 27, 134, 161
1339327.3.peg.4669.site.51, 3, 135, 138
1339327.3.peg.4669.site.52, 0, 135, 135
1339327.3.peg.4669.site.53, 17, 137, 154
1339327.3.peg.4669.site.54, 0, 136, 136
1339327.3.peg.4668.site.1, 12, 137, 149
1339327.3.peg.4668.site.2, 1, 135, 136
1339327.3.peg.4668.site.3, 72, 135, 207
1339327.3.peg.4668.site.4, 78, 137, 215
1339327.3.peg.4667.site.1, 3, 136, 139
1339327.3.peg.4667.site.2, 0, 137, 137
1339327.3.peg.4667.site.3, 1, 137, 138
1339327.3.peg.4667.site.4, 1, 137, 138
1339327.3.peg.4667.site.5, 1, 136, 137
1339327.3.peg.4667.site.6, 3, 136, 139
1339327.3.peg.4667.site.7, 4, 137, 141
1339327.3.peg.4667.site.8, 17, 137, 154
1339327.3.peg.4667.site.9, 1, 133, 134
1339327.3.peg.4667.site.10, 3, 137, 140
1339327.3.peg.4667.site.11, 1, 133, 134
1339327.3.peg.4667.site.12, 18, 135, 153
1339327.3.peg.4667.site.13, 75, 136, 211
1339327.3.peg.4667.site.14, 61, 133, 194
1339327.3.peg.4667.site.15, 57, 133, 190
1339327.3.peg.4667.site.16, 2, 133, 135
1339327.3.peg.4666.site.1, 0, 132, 132
1339327.3.peg.4666.site.2, 2, 135, 137
1339327.3.peg.4666.site.3, 2, 134, 136
1339327.3.peg.4666.site.4, 2, 136, 138
1339327.3.peg.4666.site.5, 0, 135, 135
1339327.3.peg.4666.site.6, 53, 136, 189
1339327.3.peg.4666.site.7, 19, 137, 156
1339327.3.peg.4666.site.8, 3, 136, 139
1339327.3.peg.4666.site.9, 18, 135, 153
1339327.3.peg.4666.site.10, 11, 135, 146
1339327.3.peg.4666.site.11, 5, 135, 140
1339327.3.peg.4666.site.12, 112, 135, 247
1339327.3.peg.4666.site.13, 96, 135, 231
1339327.3.peg.4666.site.14, 95, 135, 230
1339327.3.peg.4666.site.15, 2, 133, 135
1339327.3.peg.4666.site.16, 1, 133, 134
1339327.3.peg.4666.site.17, 3, 135, 138
1339327.3.peg.4665.site.1, 95, 134, 229
1339327.3.peg.4665.site.2, 2, 135, 137
1339327.3.peg.4665.site.3, 7, 136, 143
1339327.3.peg.4665.site.4, 3, 136, 139
1339327.3.peg.4665.site.5, 1, 135, 136
1339327.3.peg.4665.site.6, 2, 135, 137
1339327.3.peg.4665.site.7, 58, 137, 195
1339327.3.peg.4665.site.8, 6, 137, 143
1339327.3.peg.4665.site.9, 1, 137, 138
1339327.3.peg.4665.site.10, 1, 137, 138
1339327.3.peg.4665.site.11, 1, 136, 137
1339327.3.peg.4665.site.12, 130, 130, 260
1339327.3.peg.4665.site.13, 41, 135, 176
1339327.3.peg.4665.site.14, 3, 135, 138
1339327.3.peg.4665.site.15, 42, 136, 178
1339327.3.peg.4665.site.16, 1, 136, 137
1339327.3.peg.4840.site.1, 6, 137, 143
1339327.3.peg.4840.site.2, 91, 135, 226
1339327.3.peg.4840.site.3, 22, 137, 159
1339327.3.peg.4840.site.4, 81, 136, 217
1339327.3.peg.4840.site.5, 21, 136, 157
1339327.3.peg.4840.site.6, 115, 137, 252
1339327.3.peg.4840.site.7, 0, 137, 137
1339327.3.peg.4840.site.8, 1, 137, 138
1339327.3.peg.4840.site.9, 2, 137, 139
1339327.3.peg.4840.site.10, 1, 136, 137
1339327.3.peg.4840.site.11, 0, 137, 137
1339327.3.peg.4840.site.12, 19, 137, 156
1339327.3.peg.4840.site.13, 1, 137, 138
1339327.3.peg.4840.site.14, 30, 137, 167
1339327.3.peg.4840.site.15, 0, 135, 135
1339327.3.peg.4840.site.16, 5, 136, 141
1339327.3.peg.4840.site.17, 1, 134, 135
1339327.3.peg.4662.site.1, 2, 137, 139
1339327.3.peg.4662.site.2, 123, 137, 260
1339327.3.peg.4662.site.3, 2, 137, 139
1339327.3.peg.4661.site.1, 2, 137, 139
1339327.3.peg.4661.site.2, 0, 137, 137
1339327.3.peg.4661.site.3, 7, 136, 143
1339327.3.peg.4661.site.4, 0, 136, 136
1339327.3.peg.4661.site.5, 0, 135, 135
1339327.3.peg.4661.site.6, 0, 136, 136
1339327.3.peg.4661.site.7, 5, 137, 142
1339327.3.peg.4661.site.8, 1, 137, 138
1339327.3.peg.4661.site.9, 0, 133, 133
1339327.3.peg.4660.site.1, 1, 137, 138
1339327.3.peg.4660.site.2, 6, 137, 143
1339327.3.peg.4660.site.3, 3, 136, 139
1339327.3.peg.4660.site.4, 2, 135, 137
1339327.3.peg.1815.site.1, 59, 136, 195
1339327.3.peg.1815.site.2, 2, 137, 139
1339327.3.peg.1815.site.3, 5, 136, 141
1339327.3.peg.1815.site.4, 2, 136, 138
1339327.3.peg.1815.site.5, 5, 136, 141
1339327.3.peg.1815.site.6, 48, 137, 185
1339327.3.peg.1815.site.7, 28, 137, 165
1339327.3.peg.1815.site.8, 0, 136, 136
1339327.3.peg.1815.site.9, 7, 134, 141
1339327.3.peg.1815.site.10, 3, 136, 139
1339327.3.peg.1815.site.11, 0, 137, 137
1339327.3.peg.1815.site.12, 2, 137, 139
1339327.3.peg.1815.site.13, 2, 135, 137
1339327.3.peg.1815.site.14, 2, 136, 138
1339327.3.peg.1815.site.15, 24, 136, 160
1339327.3.peg.1815.site.16, 89, 135, 224
1339327.3.peg.1815.site.17, 3, 135, 138
1339327.3.peg.1815.site.18, 23, 135, 158
1339327.3.peg.1815.site.19, 1, 137, 138
1339327.3.peg.1815.site.20, 3, 136, 139
1339327.3.peg.1815.site.21, 5, 137, 142
1339327.3.peg.1815.site.22, 1, 136, 137
1339327.3.peg.1815.site.23, 18, 134, 152
1339327.3.peg.1815.site.24, 0, 135, 135
1339327.3.peg.1815.site.25, 0, 137, 137
1339327.3.peg.1815.site.26, 0, 136, 136
1339327.3.peg.1815.site.27, 7, 137, 144
1339327.3.peg.1815.site.28, 0, 136, 136
1339327.3.peg.1815.site.29, 2, 131, 133
1339327.3.peg.1815.site.30, 6, 54, 60
1339327.3.peg.1814.site.1, 18, 136, 154
1339327.3.peg.1814.site.2, 2, 136, 138
1339327.3.peg.1814.site.3, 0, 135, 135
1339327.3.peg.1814.site.4, 0, 133, 133
1339327.3.peg.1814.site.5, 18, 133, 151
1339327.3.peg.1814.site.6, 50, 133, 183
1339327.3.peg.1814.site.7, 21, 134, 155
1339327.3.peg.1814.site.8, 18, 137, 155
1339327.3.peg.1814.site.9, 10, 136, 146
1339327.3.peg.4841.site.1, 3, 137, 140
1339327.3.peg.4841.site.2, 6, 137, 143
1339327.3.peg.4841.site.3, 5, 137, 142
1339327.3.peg.4841.site.4, 113, 137, 250
1339327.3.peg.4841.site.5, 2, 136, 138
1339327.3.peg.4841.site.6, 2, 136, 138
1339327.3.peg.4841.site.7, 2, 136, 138
1339327.3.peg.4841.site.8, 7, 137, 144
1339327.3.peg.4841.site.9, 14, 137, 151
1339327.3.peg.4841.site.10, 4, 137, 141
1339327.3.peg.4841.site.11, 83, 137, 220
1339327.3.peg.4841.site.12, 6, 137, 143
1339327.3.peg.4841.site.13, 60, 137, 197
1339327.3.peg.4841.site.14, 5, 137, 142
1339327.3.peg.4841.site.15, 2, 136, 138
1339327.3.peg.4841.site.16, 21, 137, 158
1339327.3.peg.4841.site.17, 85, 136, 221
1339327.3.peg.4841.site.18, 48, 137, 185
1339327.3.peg.4841.site.19, 2, 137, 139
1339327.3.peg.4841.site.20, 6, 137, 143
1339327.3.peg.4841.site.21, 2, 136, 138
1339327.3.peg.4841.site.22, 24, 137, 161
1339327.3.peg.4841.site.23, 0, 137, 137
1339327.3.peg.4841.site.24, 0, 137, 137
1339327.3.peg.4841.site.25, 4, 137, 141
1339327.3.peg.4841.site.26, 5, 136, 141
1339327.3.peg.4841.site.27, 2, 136, 138
1339327.3.peg.4841.site.28, 5, 137, 142
1339327.3.peg.4841.site.29, 6, 137, 143
1339327.3.peg.4841.site.30, 1, 137, 138
1339327.3.peg.4841.site.31, 1, 137, 138
1339327.3.peg.4841.site.32, 25, 136, 161
1339327.3.peg.4841.site.33, 40, 137, 177
1339327.3.peg.4841.site.34, 10, 137, 147
1339327.3.peg.4841.site.35, 0, 137, 137
1339327.3.peg.1259.site.1, 33, 137, 170
1339327.3.peg.1259.site.2, 84, 137, 221
1339327.3.peg.1259.site.3, 113, 136, 249
1339327.3.peg.1259.site.4, 103, 137, 240
1339327.3.peg.1259.site.5, 40, 135, 175
1339327.3.peg.1259.site.6, 6, 135, 141
1339327.3.peg.1259.site.7, 19, 137, 156
1339327.3.peg.1259.site.8, 2, 137, 139
1339327.3.peg.1259.site.9, 5, 137, 142
1339327.3.peg.1259.site.10, 5, 136, 141
1339327.3.peg.1259.site.11, 41, 136, 177
1339327.3.peg.1259.site.12, 8, 136, 144
1339327.3.peg.1259.site.13, 20, 135, 155
1339327.3.peg.1259.site.14, 31, 131, 162
1339327.3.peg.1259.site.15, 0, 131, 131
1339327.3.peg.1259.site.16, 1, 132, 133
1339327.3.peg.1259.site.17, 23, 132, 155
1339327.3.peg.1259.site.18, 0, 136, 136
1339327.3.peg.1258.site.1, 23, 133, 156
1339327.3.peg.1258.site.2, 4, 133, 137
1339327.3.peg.1258.site.3, 13, 133, 146
1339327.3.peg.1258.site.4, 9, 132, 141
1339327.3.peg.1258.site.5, 2, 133, 135
1339327.3.peg.4683.site.1, 5, 137, 142
1339327.3.peg.4683.site.2, 33, 137, 170
1339327.3.peg.4683.site.3, 68, 136, 204
1339327.3.peg.4683.site.4, 1, 137, 138
1339327.3.peg.4683.site.5, 12, 137, 149
1339327.3.peg.4683.site.6, 12, 136, 148
1339327.3.peg.4683.site.7, 3, 135, 138
1339327.3.peg.4682.site.1, 0, 134, 134
1339327.3.peg.4682.site.2, 9, 137, 146
1339327.3.peg.4682.site.3, 10, 134, 144
1339327.3.peg.4682.site.4, 69, 135, 204
1339327.3.peg.4682.site.5, 6, 136, 142
1339327.3.peg.4682.site.6, 5, 135, 140
1339327.3.peg.4682.site.7, 5, 137, 142
1339327.3.peg.4682.site.8, 1, 136, 137
1339327.3.peg.4682.site.9, 3, 136, 139
1339327.3.peg.4682.site.10, 0, 137, 137
1339327.3.peg.4682.site.11, 8, 137, 145
1339327.3.peg.4682.site.12, 1, 137, 138
1339327.3.peg.4682.site.13, 1, 137, 138
1339327.3.peg.4682.site.14, 19, 137, 156
1339327.3.peg.4682.site.15, 42, 136, 178
1339327.3.peg.4682.site.16, 3, 133, 136
1339327.3.peg.4682.site.17, 3, 135, 138
1339327.3.peg.4682.site.18, 3, 135, 138
1339327.3.peg.4682.site.19, 29, 134, 163
1339327.3.peg.4682.site.20, 18, 137, 155
1339327.3.peg.4682.site.21, 23, 131, 154
1339327.3.peg.4682.site.22, 2, 137, 139
1339327.3.peg.4682.site.23, 1, 136, 137
1339327.3.peg.4682.site.24, 0, 137, 137
1339327.3.peg.4682.site.25, 110, 137, 247
1339327.3.peg.4682.site.26, 13, 135, 148
1339327.3.peg.4682.site.27, 4, 136, 140
1339327.3.peg.4682.site.28, 95, 137, 232
1339327.3.peg.4684.site.1, 85, 134, 219
1339327.3.peg.4684.site.2, 7, 137, 144
1339327.3.peg.4684.site.3, 3, 135, 138
1339327.3.peg.4684.site.4, 11, 136, 147
1339327.3.peg.4684.site.5, 3, 136, 139
1339327.3.peg.4684.site.6, 30, 135, 165
1339327.3.peg.4684.site.7, 115, 136, 251
1339327.3.peg.4687.site.1, 0, 136, 136
1339327.3.peg.4687.site.2, 5, 136, 141
1339327.3.peg.4687.site.3, 20, 137, 157
1339327.3.peg.4687.site.4, 2, 136, 138
1339327.3.peg.1251.site.1, 4, 136, 140
1339327.3.peg.1251.site.2, 3, 137, 140
1339327.3.peg.1251.site.3, 19, 136, 155
1339327.3.peg.1251.site.4, 11, 135, 146
1339327.3.peg.1251.site.5, 2, 127, 129
1339327.3.peg.1251.site.6, 2, 121, 123
1339327.3.peg.1251.site.7, 71, 132, 203
1339327.3.peg.1251.site.8, 1, 133, 134
1339327.3.peg.1251.site.9, 63, 134, 197
1339327.3.peg.1251.site.10, 59, 136, 195
1339327.3.peg.1251.site.11, 11, 136, 147
1339327.3.peg.1251.site.12, 0, 137, 137
1339327.3.peg.1251.site.13, 3, 137, 140
1339327.3.peg.1251.site.14, 4, 136, 140
1339327.3.peg.1251.site.15, 1, 136, 137
1339327.3.peg.1251.site.16, 2, 137, 139
1339327.3.peg.1251.site.17, 12, 137, 149
1339327.3.peg.1251.site.18, 4, 137, 141
1339327.3.peg.1250.site.1, 33, 128, 161
1339327.3.peg.1250.site.2, 101, 127, 228
1339327.3.peg.1250.site.3, 100, 126, 226
1339327.3.peg.1250.site.4, 4, 127, 131
1339327.3.peg.1250.site.5, 20, 126, 146
1339327.3.peg.1250.site.6, 20, 127, 147
1339327.3.peg.1250.site.7, 0, 127, 127
1339327.3.peg.1250.site.8, 28, 128, 156
1339327.3.peg.1250.site.9, 2, 128, 130
1339327.3.peg.1250.site.10, 17, 129, 146
1339327.3.peg.1250.site.11, 0, 133, 133
1339327.3.peg.1250.site.12, 15, 137, 152
1339327.3.peg.1250.site.13, 18, 135, 153
1339327.3.peg.1250.site.14, 0, 135, 135
1339327.3.peg.1250.site.15, 5, 137, 142
1339327.3.peg.1250.site.16, 3, 137, 140
1339327.3.peg.1250.site.17, 100, 134, 234
1339327.3.peg.1250.site.18, 5, 136, 141
1339327.3.peg.1253.site.1, 2, 128, 130
1339327.3.peg.1253.site.2, 30, 133, 163
1339327.3.peg.1253.site.3, 6, 134, 140
1339327.3.peg.1253.site.4, 4, 133, 137
1339327.3.peg.1253.site.5, 3, 135, 138
1339327.3.peg.1253.site.6, 1, 136, 137
1339327.3.peg.1253.site.7, 1, 137, 138
1339327.3.peg.1253.site.8, 5, 137, 142
1339327.3.peg.1253.site.9, 2, 136, 138
1339327.3.peg.1253.site.10, 128, 137, 265
1339327.3.peg.1253.site.11, 6, 137, 143
1339327.3.peg.1253.site.12, 0, 137, 137
1339327.3.peg.1253.site.13, 2, 137, 139
1339327.3.peg.1253.site.14, 21, 136, 157
1339327.3.peg.1253.site.15, 19, 136, 155
1339327.3.peg.1253.site.16, 3, 137, 140
1339327.3.peg.1253.site.17, 33, 137, 170
1339327.3.peg.1253.site.18, 1, 137, 138
1339327.3.peg.1253.site.19, 19, 136, 155
1339327.3.peg.1253.site.20, 17, 137, 154
1339327.3.peg.1253.site.21, 18, 136, 154
1339327.3.peg.1253.site.22, 1, 136, 137
1339327.3.peg.1253.site.23, 9, 136, 145
1339327.3.peg.1253.site.24, 2, 134, 136
1339327.3.peg.1253.site.25, 33, 136, 169
1339327.3.peg.1253.site.26, 42, 135, 177
1339327.3.peg.1253.site.27, 11, 137, 148
1339327.3.peg.1253.site.28, 15, 136, 151
1339327.3.peg.1253.site.29, 0, 136, 136
1339327.3.peg.1253.site.30, 2, 136, 138
1339327.3.peg.1253.site.31, 117, 136, 253
1339327.3.peg.1253.site.32, 23, 137, 160
1339327.3.peg.1253.site.33, 4, 137, 141
1339327.3.peg.1253.site.34, 58, 136, 194
1339327.3.peg.1253.site.35, 5, 136, 141
1339327.3.peg.1253.site.36, 4, 135, 139
1339327.3.peg.1253.site.37, 1, 136, 137
1339327.3.peg.1253.site.38, 112, 135, 247
1339327.3.peg.1253.site.39, 3, 135, 138
1339327.3.peg.1253.site.40, 7, 132, 139
1339327.3.peg.1253.site.41, 90, 125, 215
1339327.3.peg.1253.site.42, 5, 133, 138
1339327.3.peg.1253.site.43, 11, 131, 142
1339327.3.peg.1253.site.44, 0, 136, 136
1339327.3.peg.1253.site.45, 4, 135, 139
1339327.3.peg.1253.site.46, 46, 136, 182
1339327.3.peg.1253.site.47, 16, 134, 150
1339327.3.peg.1253.site.48, 3, 133, 136
1339327.3.peg.1253.site.49, 0, 127, 127
1339327.3.peg.1253.site.50, 3, 136, 139
1339327.3.peg.1253.site.51, 21, 136, 157
1339327.3.peg.1253.site.52, 11, 135, 146
1339327.3.peg.1252.site.1, 34, 137, 171
1339327.3.peg.1252.site.2, 16, 136, 152
1339327.3.peg.1252.site.3, 3, 136, 139
1339327.3.peg.1252.site.4, 2, 136, 138
1339327.3.peg.1252.site.5, 66, 135, 201
1339327.3.peg.1252.site.6, 2, 136, 138
1339327.3.peg.1252.site.7, 4, 134, 138
1339327.3.peg.1252.site.8, 1, 137, 138
1339327.3.peg.1252.site.9, 5, 137, 142
1339327.3.peg.1252.site.10, 118, 137, 255
1339327.3.peg.1252.site.11, 4, 135, 139
1339327.3.peg.1252.site.12, 48, 137, 185
1339327.3.peg.1252.site.13, 70, 137, 207
1339327.3.peg.1252.site.14, 0, 136, 136
1339327.3.peg.1252.site.15, 0, 135, 135
1339327.3.peg.1252.site.16, 8, 137, 145
1339327.3.peg.1252.site.17, 0, 137, 137
1339327.3.peg.1252.site.18, 57, 137, 194
1339327.3.peg.1252.site.19, 2, 137, 139
1339327.3.peg.1252.site.20, 53, 137, 190
1339327.3.peg.1252.site.21, 0, 137, 137
1339327.3.peg.1252.site.22, 22, 136, 158
1339327.3.peg.1252.site.23, 46, 137, 183
1339327.3.peg.1252.site.24, 47, 137, 184
1339327.3.peg.1252.site.25, 51, 135, 186
1339327.3.peg.1252.site.26, 36, 136, 172
1339327.3.peg.1252.site.27, 1, 136, 137
1339327.3.peg.1252.site.28, 0, 136, 136
1339327.3.peg.1252.site.29, 10, 137, 147
1339327.3.peg.1252.site.30, 0, 136, 136
1339327.3.peg.1252.site.31, 3, 134, 137
1339327.3.peg.1255.site.1, 9, 137, 146
1339327.3.peg.1255.site.2, 3, 136, 139
1339327.3.peg.1255.site.3, 0, 137, 137
1339327.3.peg.1255.site.4, 45, 133, 178
1339327.3.peg.1255.site.5, 129, 135, 264
1339327.3.peg.1255.site.6, 4, 135, 139
1339327.3.peg.1255.site.7, 17, 137, 154
1339327.3.peg.1255.site.8, 41, 137, 178
1339327.3.peg.1255.site.9, 10, 137, 147
1339327.3.peg.1255.site.10, 59, 136, 195
1339327.3.peg.1255.site.11, 0, 137, 137
1339327.3.peg.1255.site.12, 4, 137, 141
1339327.3.peg.1255.site.13, 2, 136, 138
1339327.3.peg.1255.site.14, 4, 137, 141
1339327.3.peg.1255.site.15, 0, 135, 135
1339327.3.peg.1255.site.16, 4, 136, 140
1339327.3.peg.1255.site.17, 3, 137, 140
1339327.3.peg.1255.site.18, 11, 135, 146
1339327.3.peg.1255.site.19, 1, 136, 137
1339327.3.peg.1255.site.20, 0, 136, 136
1339327.3.peg.1255.site.21, 20, 137, 157
1339327.3.peg.1255.site.22, 1, 134, 135
1339327.3.peg.1255.site.23, 12, 135, 147
1339327.3.peg.1255.site.24, 11, 134, 145
1339327.3.peg.1255.site.25, 9, 134, 143
1339327.3.peg.1255.site.26, 84, 134, 218
1339327.3.peg.1255.site.27, 38, 133, 171
1339327.3.peg.1255.site.28, 28, 133, 161
1339327.3.peg.1255.site.29, 25, 130, 155
1339327.3.peg.1255.site.30, 125, 131, 256
1339327.3.peg.1255.site.31, 0, 133, 133
1339327.3.peg.1255.site.32, 2, 136, 138
1339327.3.peg.1254.site.1, 0, 137, 137
1339327.3.peg.1254.site.2, 0, 137, 137
1339327.3.peg.1254.site.3, 2, 135, 137
1339327.3.peg.1254.site.4, 1, 136, 137
1339327.3.peg.1254.site.5, 31, 135, 166
1339327.3.peg.1254.site.6, 5, 137, 142
1339327.3.peg.1254.site.7, 2, 137, 139
1339327.3.peg.1254.site.8, 24, 137, 161
1339327.3.peg.1254.site.9, 50, 136, 186
1339327.3.peg.1254.site.10, 3, 134, 137
1339327.3.peg.1254.site.11, 3, 136, 139
1339327.3.peg.1254.site.12, 8, 136, 144
1339327.3.peg.1254.site.13, 0, 135, 135
1339327.3.peg.1254.site.14, 8, 135, 143
1339327.3.peg.1254.site.15, 0, 135, 135
1339327.3.peg.1254.site.16, 1, 130, 131
1339327.3.peg.1254.site.17, 2, 134, 136
1339327.3.peg.1254.site.18, 5, 135, 140
1339327.3.peg.1254.site.19, 92, 135, 227
1339327.3.peg.1254.site.20, 44, 134, 178
1339327.3.peg.1257.site.1, 3, 135, 138
1339327.3.peg.1257.site.2, 24, 135, 159
1339327.3.peg.1257.site.3, 13, 134, 147
1339327.3.peg.1257.site.4, 12, 136, 148
1339327.3.peg.1257.site.5, 16, 137, 153
1339327.3.peg.1257.site.6, 18, 136, 154
1339327.3.peg.1257.site.7, 0, 137, 137
1339327.3.peg.1257.site.8, 109, 136, 245
1339327.3.peg.1257.site.9, 20, 137, 157
1339327.3.peg.1257.site.10, 129, 137, 266
1339327.3.peg.1257.site.11, 25, 137, 162
1339327.3.peg.1257.site.12, 1, 135, 136
1339327.3.peg.1257.site.13, 12, 135, 147
1339327.3.peg.1257.site.14, 14, 135, 149
1339327.3.peg.1257.site.15, 1, 136, 137
1339327.3.peg.1257.site.16, 1, 136, 137
1339327.3.peg.1257.site.17, 68, 135, 203
1339327.3.peg.1257.site.18, 19, 134, 153
1339327.3.peg.1257.site.19, 3, 133, 136
1339327.3.peg.1257.site.20, 1, 137, 138
1339327.3.peg.1257.site.21, 3, 137, 140
1339327.3.peg.1257.site.22, 12, 136, 148
1339327.3.peg.1257.site.23, 2, 136, 138
1339327.3.peg.1257.site.24, 23, 136, 159
1339327.3.peg.1257.site.25, 23, 136, 159
1339327.3.peg.1257.site.26, 26, 134, 160
1339327.3.peg.1257.site.27, 0, 136, 136
1339327.3.peg.1257.site.28, 15, 133, 148
1339327.3.peg.1257.site.29, 1, 136, 137
1339327.3.peg.1257.site.30, 4, 135, 139
1339327.3.peg.1257.site.31, 4, 134, 138
1339327.3.peg.1257.site.32, 4, 135, 139
1339327.3.peg.1257.site.33, 3, 130, 133
1339327.3.peg.1257.site.34, 0, 136, 136
1339327.3.peg.1257.site.35, 9, 137, 146
1339327.3.peg.1257.site.36, 2, 137, 139
1339327.3.peg.1257.site.37, 8, 137, 145
1339327.3.peg.1257.site.38, 0, 137, 137
1339327.3.peg.1257.site.39, 4, 136, 140
1339327.3.peg.1257.site.40, 4, 136, 140
1339327.3.peg.1256.site.1, 6, 135, 141
1339327.3.peg.1256.site.2, 2, 135, 137
1339327.3.peg.1256.site.3, 2, 135, 137
1339327.3.peg.1256.site.4, 12, 135, 147
1339327.3.peg.1256.site.5, 0, 137, 137
1339327.3.peg.1256.site.6, 31, 135, 166
1339327.3.peg.1256.site.7, 105, 135, 240
1339327.3.peg.1256.site.8, 2, 135, 137
1339327.3.peg.1256.site.9, 3, 137, 140
1339327.3.peg.1256.site.10, 0, 136, 136
1339327.3.peg.1256.site.11, 17, 137, 154
1339327.3.peg.1256.site.12, 2, 137, 139
1339327.3.peg.1256.site.13, 8, 136, 144
1339327.3.peg.1256.site.14, 7, 135, 142
1339327.3.peg.1256.site.15, 9, 137, 146
1339327.3.peg.1256.site.16, 100, 135, 235
1339327.3.peg.1256.site.17, 82, 135, 217
1339327.3.peg.1256.site.18, 1, 136, 137
1339327.3.peg.1256.site.19, 1, 131, 132
1339327.3.peg.1256.site.20, 7, 134, 141
1339327.3.peg.1256.site.21, 0, 125, 125
1339327.3.peg.1256.site.22, 99, 136, 235
1339327.3.peg.1256.site.23, 1, 135, 136
1339327.3.peg.1256.site.24, 8, 135, 143
1339327.3.peg.1256.site.25, 1, 135, 136
1339327.3.peg.1256.site.26, 2, 136, 138
1339327.3.peg.1256.site.27, 46, 136, 182
1339327.3.peg.1256.site.28, 1, 136, 137
1339327.3.peg.1256.site.29, 5, 136, 141
1339327.3.peg.1256.site.30, 63, 137, 200
1339327.3.peg.1256.site.31, 0, 137, 137
1339327.3.peg.4331.site.1, 5, 137, 142
1339327.3.peg.4331.site.2, 18, 137, 155
1339327.3.peg.4331.site.3, 0, 137, 137
1339327.3.peg.4331.site.4, 9, 136, 145
1339327.3.peg.4331.site.5, 2, 136, 138
1339327.3.peg.4331.site.6, 123, 136, 259
1339327.3.peg.4331.site.7, 0, 136, 136
1339327.3.peg.4331.site.8, 13, 135, 148
1339327.3.peg.4331.site.9, 0, 136, 136
1339327.3.peg.4331.site.10, 13, 136, 149
1339327.3.peg.4331.site.11, 5, 137, 142
1339327.3.peg.4331.site.12, 3, 137, 140
1339327.3.peg.4331.site.13, 6, 137, 143
1339327.3.peg.4331.site.14, 4, 134, 138
1339327.3.peg.4331.site.15, 2, 137, 139
1339327.3.peg.4331.site.16, 0, 136, 136
1339327.3.peg.4331.site.17, 18, 136, 154
1339327.3.peg.4331.site.18, 0, 137, 137
1339327.3.peg.4331.site.19, 0, 137, 137
1339327.3.peg.4331.site.20, 1, 137, 138
1339327.3.peg.4331.site.21, 37, 136, 173
1339327.3.peg.4331.site.22, 2, 137, 139
1339327.3.peg.4331.site.23, 32, 136, 168
1339327.3.peg.4331.site.24, 10, 137, 147
1339327.3.peg.4331.site.25, 1, 136, 137
1339327.3.peg.4331.site.26, 7, 137, 144
1339327.3.peg.4331.site.27, 36, 137, 173
1339327.3.peg.4331.site.28, 2, 137, 139
1339327.3.peg.4331.site.29, 2, 137, 139
1339327.3.peg.4331.site.30, 3, 137, 140
1339327.3.peg.4331.site.31, 1, 137, 138
1339327.3.peg.4331.site.32, 3, 136, 139
1339327.3.peg.4331.site.33, 3, 136, 139
1339327.3.peg.4331.site.34, 3, 137, 140
1339327.3.peg.4331.site.35, 0, 136, 136
1339327.3.peg.4331.site.36, 2, 136, 138
1339327.3.peg.4331.site.37, 4, 137, 141
1339327.3.peg.4331.site.38, 35, 137, 172
1339327.3.peg.4331.site.39, 2, 136, 138
1339327.3.peg.4331.site.40, 26, 136, 162
1339327.3.peg.4331.site.41, 0, 137, 137
1339327.3.peg.4331.site.42, 4, 136, 140
1339327.3.peg.4330.site.1, 127, 133, 260
1339327.3.peg.4330.site.2, 2, 134, 136
1339327.3.peg.4330.site.3, 0, 135, 135
1339327.3.peg.4330.site.4, 7, 134, 141
1339327.3.peg.4330.site.5, 2, 137, 139
1339327.3.peg.4330.site.6, 5, 137, 142
1339327.3.peg.4330.site.7, 13, 137, 150
1339327.3.peg.4330.site.8, 10, 133, 143
1339327.3.peg.4330.site.9, 0, 134, 134
1339327.3.peg.4330.site.10, 0, 135, 135
1339327.3.peg.4330.site.11, 1, 136, 137
1339327.3.peg.4330.site.12, 3, 136, 139
1339327.3.peg.4333.site.1, 12, 135, 147
1339327.3.peg.4333.site.2, 18, 137, 155
1339327.3.peg.4333.site.3, 5, 137, 142
1339327.3.peg.4333.site.4, 3, 135, 138
1339327.3.peg.4333.site.5, 3, 136, 139
1339327.3.peg.4333.site.6, 5, 135, 140
1339327.3.peg.4333.site.7, 2, 136, 138
1339327.3.peg.4333.site.8, 1, 137, 138
1339327.3.peg.4333.site.9, 13, 136, 149
1339327.3.peg.4333.site.10, 4, 136, 140
1339327.3.peg.4333.site.11, 2, 135, 137
1339327.3.peg.4333.site.12, 2, 136, 138
1339327.3.peg.4333.site.13, 28, 136, 164
1339327.3.peg.4333.site.14, 104, 136, 240
1339327.3.peg.4333.site.15, 7, 134, 141
1339327.3.peg.4333.site.16, 1, 134, 135
1339327.3.peg.4333.site.17, 33, 136, 169
1339327.3.peg.4333.site.18, 0, 135, 135
1339327.3.peg.4333.site.19, 100, 134, 234
1339327.3.peg.4333.site.20, 7, 134, 141
1339327.3.peg.4333.site.21, 5, 134, 139
1339327.3.peg.4333.site.22, 2, 134, 136
1339327.3.peg.4333.site.23, 4, 137, 141
1339327.3.peg.4333.site.24, 9, 136, 145
1339327.3.peg.4333.site.25, 4, 136, 140
1339327.3.peg.4333.site.26, 3, 136, 139
1339327.3.peg.4332.site.1, 0, 135, 135
1339327.3.peg.4332.site.2, 0, 134, 134
1339327.3.peg.4332.site.3, 91, 136, 227
1339327.3.peg.4332.site.4, 4, 135, 139
1339327.3.peg.4332.site.5, 20, 134, 154
1339327.3.peg.4332.site.6, 0, 135, 135
1339327.3.peg.4332.site.7, 8, 137, 145
1339327.3.peg.4332.site.8, 5, 136, 141
1339327.3.peg.4332.site.9, 73, 135, 208
1339327.3.peg.4332.site.10, 31, 136, 167
1339327.3.peg.4332.site.11, 1, 136, 137
1339327.3.peg.4332.site.12, 0, 136, 136
1339327.3.peg.4332.site.13, 3, 137, 140
1339327.3.peg.4332.site.14, 3, 134, 137
1339327.3.peg.4332.site.15, 55, 134, 189
1339327.3.peg.4332.site.16, 55, 134, 189
1339327.3.peg.4332.site.17, 0, 134, 134
1339327.3.peg.4332.site.18, 56, 134, 190
1339327.3.peg.4332.site.19, 6, 134, 140
1339327.3.peg.4332.site.20, 2, 136, 138
1339327.3.peg.4332.site.21, 11, 137, 148
1339327.3.peg.4332.site.22, 1, 136, 137
1339327.3.peg.4332.site.23, 4, 135, 139
1339327.3.peg.4332.site.24, 3, 135, 138
1339327.3.peg.4332.site.25, 13, 137, 150
1339327.3.peg.4332.site.26, 16, 137, 153
1339327.3.peg.4332.site.27, 1, 137, 138
1339327.3.peg.4332.site.28, 2, 137, 139
1339327.3.peg.4332.site.29, 3, 135, 138
1339327.3.peg.4332.site.30, 63, 136, 199
1339327.3.peg.4332.site.31, 0, 136, 136
1339327.3.peg.4332.site.32, 1, 136, 137
1339327.3.peg.4332.site.33, 114, 136, 250
1339327.3.peg.4332.site.34, 0, 136, 136
1339327.3.peg.4332.site.35, 127, 136, 263
1339327.3.peg.4332.site.36, 99, 136, 235
1339327.3.peg.4332.site.37, 5, 136, 141
1339327.3.peg.4332.site.38, 0, 135, 135
1339327.3.peg.4332.site.39, 112, 135, 247
1339327.3.peg.4332.site.40, 5, 133, 138
1339327.3.peg.4332.site.41, 2, 129, 131
1339327.3.peg.4332.site.42, 4, 131, 135
1339327.3.peg.4332.site.43, 17, 131, 148
1339327.3.peg.4332.site.44, 14, 135, 149
1339327.3.peg.4332.site.45, 4, 135, 139
1339327.3.peg.4332.site.46, 5, 135, 140
1339327.3.peg.4335.site.1, 20, 137, 157
1339327.3.peg.4335.site.2, 3, 137, 140
1339327.3.peg.4335.site.3, 2, 136, 138
1339327.3.peg.4335.site.4, 3, 136, 139
1339327.3.peg.4335.site.5, 1, 137, 138
1339327.3.peg.4335.site.6, 3, 136, 139
1339327.3.peg.4335.site.7, 118, 136, 254
1339327.3.peg.4335.site.8, 8, 136, 144
1339327.3.peg.4335.site.9, 0, 137, 137
1339327.3.peg.4335.site.10, 94, 137, 231
1339327.3.peg.4335.site.11, 3, 136, 139
1339327.3.peg.4335.site.12, 5, 136, 141
1339327.3.peg.4335.site.13, 6, 137, 143
1339327.3.peg.4335.site.14, 6, 137, 143
1339327.3.peg.4335.site.15, 0, 135, 135
1339327.3.peg.4335.site.16, 3, 137, 140
1339327.3.peg.4335.site.17, 2, 136, 138
1339327.3.peg.4335.site.18, 2, 137, 139
1339327.3.peg.4335.site.19, 0, 136, 136
1339327.3.peg.4335.site.20, 5, 136, 141
1339327.3.peg.4335.site.21, 1, 136, 137
1339327.3.peg.4335.site.22, 12, 134, 146
1339327.3.peg.4334.site.1, 5, 136, 141
1339327.3.peg.4334.site.2, 0, 136, 136
1339327.3.peg.4334.site.3, 3, 136, 139
1339327.3.peg.4334.site.4, 6, 136, 142
1339327.3.peg.4334.site.5, 2, 136, 138
1339327.3.peg.4334.site.6, 5, 136, 141
1339327.3.peg.1499.site.1, 1, 137, 138
1339327.3.peg.1499.site.2, 46, 137, 183
1339327.3.peg.1499.site.3, 5, 137, 142
1339327.3.peg.1499.site.4, 39, 137, 176
1339327.3.peg.1498.site.1, 4, 137, 141
1339327.3.peg.1498.site.2, 5, 136, 141
1339327.3.peg.1498.site.3, 11, 135, 146
1339327.3.peg.1498.site.4, 0, 135, 135
1339327.3.peg.1498.site.5, 47, 130, 177
1339327.3.peg.1498.site.6, 47, 136, 183
1339327.3.peg.1498.site.7, 33, 137, 170
1339327.3.peg.1498.site.8, 0, 135, 135
1339327.3.peg.1498.site.9, 0, 137, 137
1339327.3.peg.1498.site.10, 22, 136, 158
1339327.3.peg.1498.site.11, 5, 136, 141
1339327.3.peg.1498.site.12, 39, 136, 175
1339327.3.peg.1498.site.13, 3, 136, 139
1339327.3.peg.1498.site.14, 0, 136, 136
1339327.3.peg.1498.site.15, 3, 136, 139
1339327.3.peg.1498.site.16, 12, 137, 149
1339327.3.peg.1498.site.17, 31, 137, 168
1339327.3.peg.1498.site.18, 2, 137, 139
1339327.3.peg.1497.site.1, 1, 137, 138
1339327.3.peg.1497.site.2, 0, 136, 136
1339327.3.peg.1496.site.1, 0, 135, 135
1339327.3.peg.1496.site.2, 3, 137, 140
1339327.3.peg.1496.site.3, 8, 137, 145
1339327.3.peg.1496.site.4, 1, 137, 138
1339327.3.peg.1496.site.5, 3, 137, 140
1339327.3.peg.1496.site.6, 8, 136, 144
1339327.3.peg.1496.site.7, 3, 136, 139
1339327.3.peg.1496.site.8, 10, 136, 146
1339327.3.peg.1496.site.9, 3, 134, 137
1339327.3.peg.1496.site.10, 2, 136, 138
1339327.3.peg.1496.site.11, 6, 136, 142
1339327.3.peg.1496.site.12, 1, 135, 136
1339327.3.peg.1496.site.13, 0, 137, 137
1339327.3.peg.1496.site.14, 3, 137, 140
1339327.3.peg.1496.site.15, 7, 134, 141
1339327.3.peg.1495.site.1, 28, 136, 164
1339327.3.peg.1495.site.2, 0, 137, 137
1339327.3.peg.1495.site.3, 24, 136, 160
1339327.3.peg.1495.site.4, 1, 136, 137
1339327.3.peg.1495.site.5, 24, 137, 161
1339327.3.peg.1495.site.6, 0, 135, 135
1339327.3.peg.1495.site.7, 0, 135, 135
1339327.3.peg.1495.site.8, 5, 135, 140
1339327.3.peg.1495.site.9, 6, 137, 143
1339327.3.peg.1495.site.10, 0, 137, 137
1339327.3.peg.1495.site.11, 0, 137, 137
1339327.3.peg.1495.site.12, 0, 136, 136
1339327.3.peg.1494.site.1, 0, 136, 136
1339327.3.peg.1494.site.2, 0, 135, 135
1339327.3.peg.1494.site.3, 2, 137, 139
1339327.3.peg.1494.site.4, 1, 137, 138
1339327.3.peg.1494.site.5, 15, 136, 151
1339327.3.peg.1494.site.6, 32, 136, 168
1339327.3.peg.1494.site.7, 30, 136, 166
1339327.3.peg.1494.site.8, 28, 135, 163
1339327.3.peg.1494.site.9, 3, 137, 140
1339327.3.peg.1494.site.10, 3, 137, 140
1339327.3.peg.1493.site.1, 0, 136, 136
1339327.3.peg.1493.site.2, 6, 135, 141
1339327.3.peg.1493.site.3, 6, 133, 139
1339327.3.peg.1493.site.4, 2, 134, 136
1339327.3.peg.1493.site.5, 13, 135, 148
1339327.3.peg.1493.site.6, 1, 135, 136
1339327.3.peg.1493.site.7, 24, 135, 159
1339327.3.peg.1493.site.8, 5, 136, 141
1339327.3.peg.1492.site.1, 35, 136, 171
1339327.3.peg.1492.site.2, 21, 136, 157
1339327.3.peg.1492.site.3, 51, 137, 188
1339327.3.peg.1492.site.4, 37, 136, 173
1339327.3.peg.1492.site.5, 5, 137, 142
1339327.3.peg.1492.site.6, 1, 137, 138
1339327.3.peg.1492.site.7, 5, 136, 141
1339327.3.peg.1492.site.8, 21, 136, 157
1339327.3.peg.1492.site.9, 3, 136, 139
1339327.3.peg.1491.site.1, 12, 112, 124
1339327.3.peg.1491.site.2, 4, 115, 119
1339327.3.peg.1491.site.3, 9, 125, 134
1339327.3.peg.1491.site.4, 0, 124, 124
1339327.3.peg.1491.site.5, 34, 131, 165
1339327.3.peg.1491.site.6, 15, 137, 152
1339327.3.peg.1491.site.7, 55, 137, 192
1339327.3.peg.1491.site.8, 3, 136, 139
1339327.3.peg.1491.site.9, 16, 136, 152
1339327.3.peg.1491.site.10, 0, 137, 137
1339327.3.peg.1491.site.11, 130, 136, 266
1339327.3.peg.1491.site.12, 3, 135, 138
1339327.3.peg.1491.site.13, 49, 137, 186
1339327.3.peg.1491.site.14, 3, 137, 140
1339327.3.peg.1491.site.15, 0, 136, 136
1339327.3.peg.1490.site.1, 2, 136, 138
1339327.3.peg.1490.site.2, 48, 135, 183
1339327.3.peg.1490.site.3, 5, 135, 140
1339327.3.peg.1490.site.4, 23, 137, 160
1339327.3.peg.1490.site.5, 0, 136, 136
1339327.3.peg.1490.site.6, 1, 134, 135
1339327.3.peg.705.site.1, 39, 133, 172
1339327.3.peg.705.site.2, 40, 135, 175
1339327.3.peg.705.site.3, 0, 136, 136
1339327.3.peg.704.site.1, 0, 135, 135
1339327.3.peg.704.site.2, 3, 137, 140
1339327.3.peg.704.site.3, 0, 137, 137
1339327.3.peg.704.site.4, 4, 137, 141
1339327.3.peg.704.site.5, 6, 136, 142
1339327.3.peg.704.site.6, 2, 136, 138
1339327.3.peg.704.site.7, 0, 136, 136
1339327.3.peg.704.site.8, 3, 136, 139
1339327.3.peg.704.site.9, 0, 135, 135
1339327.3.peg.704.site.10, 21, 136, 157
1339327.3.peg.704.site.11, 2, 137, 139
1339327.3.peg.704.site.12, 1, 137, 138
1339327.3.peg.704.site.13, 29, 134, 163
1339327.3.peg.704.site.14, 0, 137, 137
1339327.3.peg.704.site.15, 0, 131, 131
1339327.3.peg.704.site.16, 32, 137, 169
1339327.3.peg.704.site.17, 1, 133, 134
1339327.3.peg.707.site.1, 9, 136, 145
1339327.3.peg.707.site.2, 4, 137, 141
1339327.3.peg.707.site.3, 14, 136, 150
1339327.3.peg.707.site.4, 0, 137, 137
1339327.3.peg.707.site.5, 70, 137, 207
1339327.3.peg.707.site.6, 3, 137, 140
1339327.3.peg.707.site.7, 4, 137, 141
1339327.3.peg.707.site.8, 1, 136, 137
1339327.3.peg.707.site.9, 54, 135, 189
1339327.3.peg.707.site.10, 3, 135, 138
1339327.3.peg.707.site.11, 11, 137, 148
1339327.3.peg.707.site.12, 1, 137, 138
1339327.3.peg.2679.site.1, 81, 136, 217
1339327.3.peg.2679.site.2, 0, 137, 137
1339327.3.peg.2679.site.3, 83, 137, 220
1339327.3.peg.2679.site.4, 3, 135, 138
1339327.3.peg.2679.site.5, 103, 134, 237
1339327.3.peg.2679.site.6, 1, 134, 135
1339327.3.peg.2679.site.7, 0, 135, 135
1339327.3.peg.2679.site.8, 0, 132, 132
1339327.3.peg.2679.site.9, 10, 135, 145
1339327.3.peg.2679.site.10, 3, 136, 139
1339327.3.peg.2679.site.11, 14, 135, 149
1339327.3.peg.2679.site.12, 110, 137, 247
1339327.3.peg.2679.site.13, 5, 137, 142
1339327.3.peg.2679.site.14, 4, 136, 140
1339327.3.peg.2679.site.15, 4, 136, 140
1339327.3.peg.2679.site.16, 1, 137, 138
1339327.3.peg.2679.site.17, 24, 135, 159
1339327.3.peg.2679.site.18, 1, 131, 132
1339327.3.peg.2679.site.19, 0, 135, 135
1339327.3.peg.2679.site.20, 2, 135, 137
1339327.3.peg.701.site.1, 1, 137, 138
1339327.3.peg.701.site.2, 25, 134, 159
1339327.3.peg.701.site.3, 2, 134, 136
1339327.3.peg.701.site.4, 117, 135, 252
1339327.3.peg.700.site.1, 3, 136, 139
1339327.3.peg.700.site.2, 7, 134, 141
1339327.3.peg.700.site.3, 11, 136, 147
1339327.3.peg.700.site.4, 4, 135, 139
1339327.3.peg.700.site.5, 4, 136, 140
1339327.3.peg.700.site.6, 24, 136, 160
1339327.3.peg.700.site.7, 56, 137, 193
1339327.3.peg.700.site.8, 0, 136, 136
1339327.3.peg.700.site.9, 4, 136, 140
1339327.3.peg.700.site.10, 6, 137, 143
1339327.3.peg.700.site.11, 13, 136, 149
1339327.3.peg.700.site.12, 4, 137, 141
1339327.3.peg.700.site.13, 129, 137, 266
1339327.3.peg.700.site.14, 0, 137, 137
1339327.3.peg.700.site.15, 6, 136, 142
1339327.3.peg.700.site.16, 0, 136, 136
1339327.3.peg.700.site.17, 3, 135, 138
1339327.3.peg.703.site.1, 35, 137, 172
1339327.3.peg.703.site.2, 3, 136, 139
1339327.3.peg.703.site.3, 6, 137, 143
1339327.3.peg.703.site.4, 5, 137, 142
1339327.3.peg.703.site.5, 2, 136, 138
1339327.3.peg.703.site.6, 6, 137, 143
1339327.3.peg.703.site.7, 122, 137, 259
1339327.3.peg.703.site.8, 1, 136, 137
1339327.3.peg.703.site.9, 21, 136, 157
1339327.3.peg.703.site.10, 33, 137, 170
1339327.3.peg.703.site.11, 6, 137, 143
1339327.3.peg.703.site.12, 8, 136, 144
1339327.3.peg.703.site.13, 2, 135, 137
1339327.3.peg.703.site.14, 0, 136, 136
1339327.3.peg.703.site.15, 4, 136, 140
1339327.3.peg.703.site.16, 2, 136, 138
1339327.3.peg.703.site.17, 6, 135, 141
1339327.3.peg.703.site.18, 0, 136, 136
1339327.3.peg.703.site.19, 36, 137, 173
1339327.3.peg.702.site.1, 48, 136, 184
1339327.3.peg.702.site.2, 1, 136, 137
1339327.3.peg.702.site.3, 2, 136, 138
1339327.3.peg.702.site.4, 2, 137, 139
1339327.3.peg.702.site.5, 2, 137, 139
1339327.3.peg.702.site.6, 0, 137, 137
1339327.3.peg.702.site.7, 3, 137, 140
1339327.3.peg.702.site.8, 22, 137, 159
1339327.3.peg.702.site.9, 0, 137, 137
1339327.3.peg.702.site.10, 49, 136, 185
1339327.3.peg.702.site.11, 2, 136, 138
1339327.3.peg.702.site.12, 2, 137, 139
1339327.3.peg.702.site.13, 4, 137, 141
1339327.3.peg.702.site.14, 15, 134, 149
1339327.3.peg.702.site.15, 0, 136, 136
1339327.3.peg.702.site.16, 2, 136, 138
1339327.3.peg.702.site.17, 4, 136, 140
1339327.3.peg.702.site.18, 1, 135, 136
1339327.3.peg.702.site.19, 4, 136, 140
1339327.3.peg.702.site.20, 10, 137, 147
1339327.3.peg.702.site.21, 0, 137, 137
1339327.3.peg.702.site.22, 51, 136, 187
1339327.3.peg.702.site.23, 4, 137, 141
1339327.3.peg.2672.site.1, 8, 135, 143
1339327.3.peg.2672.site.2, 35, 88, 123
1339327.3.peg.2672.site.3, 52, 79, 131
1339327.3.peg.2673.site.1, 11, 131, 142
1339327.3.peg.2673.site.2, 0, 133, 133
1339327.3.peg.2673.site.3, 0, 135, 135
1339327.3.peg.2673.site.4, 4, 133, 137
1339327.3.peg.2673.site.5, 12, 137, 149
1339327.3.peg.2673.site.6, 16, 130, 146
1339327.3.peg.2673.site.7, 129, 135, 264
1339327.3.peg.2673.site.8, 4, 132, 136
1339327.3.peg.2670.site.1, 0, 134, 134
1339327.3.peg.2670.site.2, 0, 133, 133
1339327.3.peg.2670.site.3, 12, 126, 138
1339327.3.peg.2670.site.4, 50, 124, 174
1339327.3.peg.2670.site.5, 37, 134, 171
1339327.3.peg.2670.site.6, 84, 137, 221
1339327.3.peg.2670.site.7, 26, 135, 161
1339327.3.peg.2670.site.8, 3, 137, 140
1339327.3.peg.2670.site.9, 0, 132, 132
1339327.3.peg.2670.site.10, 1, 131, 132
1339327.3.peg.2670.site.11, 20, 132, 152
1339327.3.peg.2670.site.12, 2, 129, 131
1339327.3.peg.2671.site.1, 9, 132, 141
1339327.3.peg.2671.site.2, 4, 133, 137
1339327.3.peg.2671.site.3, 9, 134, 143
1339327.3.peg.2671.site.4, 2, 135, 137
1339327.3.peg.2671.site.5, 2, 136, 138
1339327.3.peg.2671.site.6, 18, 135, 153
1339327.3.peg.2671.site.7, 1, 137, 138
1339327.3.peg.2671.site.8, 7, 134, 141
1339327.3.peg.2671.site.9, 8, 135, 143
1339327.3.peg.2671.site.10, 1, 128, 129
1339327.3.peg.2671.site.11, 1, 122, 123
1339327.3.peg.2671.site.12, 16, 133, 149
1339327.3.peg.2671.site.13, 29, 129, 158
1339327.3.peg.2671.site.14, 1, 131, 132
1339327.3.peg.2671.site.15, 1, 123, 124
1339327.3.peg.2671.site.16, 0, 131, 131
1339327.3.peg.2671.site.17, 1, 135, 136
1339327.3.peg.2671.site.18, 0, 135, 135
1339327.3.peg.709.site.1, 14, 136, 150
1339327.3.peg.709.site.2, 34, 136, 170
1339327.3.peg.709.site.3, 102, 136, 238
1339327.3.peg.709.site.4, 11, 136, 147
1339327.3.peg.709.site.5, 10, 135, 145
1339327.3.peg.709.site.6, 3, 137, 140
1339327.3.peg.709.site.7, 10, 132, 142
1339327.3.peg.708.site.1, 43, 135, 178
1339327.3.peg.708.site.2, 3, 137, 140
1339327.3.peg.708.site.3, 3, 137, 140
1339327.3.peg.708.site.4, 50, 137, 187
1339327.3.peg.708.site.5, 3, 137, 140
1339327.3.peg.708.site.6, 0, 132, 132
1339327.3.peg.708.site.7, 13, 136, 149
1339327.3.peg.708.site.8, 3, 134, 137
1339327.3.peg.708.site.9, 63, 134, 197
1339327.3.peg.708.site.10, 58, 134, 192
1339327.3.peg.708.site.11, 30, 133, 163
1339327.3.peg.708.site.12, 68, 133, 201
1339327.3.peg.708.site.13, 102, 135, 237
1339327.3.peg.708.site.14, 0, 135, 135
1339327.3.peg.708.site.15, 17, 134, 151
1339327.3.peg.708.site.16, 3, 135, 138
1339327.3.peg.708.site.17, 42, 136, 178
1339327.3.peg.708.site.18, 14, 135, 149
1339327.3.peg.708.site.19, 6, 136, 142
1339327.3.peg.708.site.20, 1, 137, 138
1339327.3.peg.708.site.21, 24, 137, 161
1339327.3.peg.708.site.22, 0, 136, 136
1339327.3.peg.708.site.23, 0, 137, 137
1339327.3.peg.708.site.24, 0, 137, 137
1339327.3.peg.708.site.25, 9, 137, 146
1339327.3.peg.708.site.26, 64, 136, 200
1339327.3.peg.708.site.27, 6, 135, 141
1339327.3.peg.708.site.28, 68, 134, 202
1339327.3.peg.708.site.29, 45, 135, 180
1339327.3.peg.708.site.30, 13, 136, 149
1339327.3.peg.708.site.31, 28, 134, 162
1339327.3.peg.2674.site.1, 3, 134, 137
1339327.3.peg.2674.site.2, 0, 134, 134
1339327.3.peg.2674.site.3, 0, 135, 135
1339327.3.peg.2674.site.4, 0, 136, 136
1339327.3.peg.2674.site.5, 6, 137, 143
1339327.3.peg.2674.site.6, 1, 137, 138
1339327.3.peg.2674.site.7, 5, 135, 140
1339327.3.peg.2674.site.8, 0, 134, 134
1339327.3.peg.2674.site.9, 106, 130, 236
1339327.3.peg.2674.site.10, 87, 112, 199
1339327.3.peg.2674.site.11, 0, 136, 136
1339327.3.peg.2674.site.12, 0, 135, 135
1339327.3.peg.1072.site.1, 3, 136, 139
1339327.3.peg.1072.site.2, 7, 136, 143
1339327.3.peg.1072.site.3, 2, 137, 139
1339327.3.peg.1072.site.4, 3, 136, 139
1339327.3.peg.1072.site.5, 0, 136, 136
1339327.3.peg.1072.site.6, 25, 135, 160
1339327.3.peg.1072.site.7, 6, 137, 143
1339327.3.peg.1072.site.8, 3, 137, 140
1339327.3.peg.1072.site.9, 76, 137, 213
1339327.3.peg.1072.site.10, 7, 137, 144
1339327.3.peg.1072.site.11, 10, 137, 147
1339327.3.peg.1072.site.12, 5, 137, 142
1339327.3.peg.1072.site.13, 5, 137, 142
1339327.3.peg.1072.site.14, 2, 137, 139
1339327.3.peg.1072.site.15, 1, 136, 137
1339327.3.peg.1072.site.16, 0, 137, 137
1339327.3.peg.1072.site.17, 84, 136, 220
1339327.3.peg.1072.site.18, 3, 136, 139
1339327.3.peg.1072.site.19, 2, 137, 139
1339327.3.peg.1072.site.20, 7, 137, 144
1339327.3.peg.1072.site.21, 0, 135, 135
1339327.3.peg.1072.site.22, 7, 137, 144
1339327.3.peg.1783.site.1, 57, 132, 189
1339327.3.peg.1783.site.2, 12, 134, 146
1339327.3.peg.1783.site.3, 1, 134, 135
1339327.3.peg.1783.site.4, 23, 135, 158
1339327.3.peg.1783.site.5, 27, 134, 161
1339327.3.peg.1783.site.6, 104, 133, 237
1339327.3.peg.1783.site.7, 2, 131, 133
1339327.3.peg.2079.site.1, 19, 137, 156
1339327.3.peg.2079.site.2, 108, 135, 243
1339327.3.peg.2079.site.3, 5, 137, 142
1339327.3.peg.2079.site.4, 5, 135, 140
1339327.3.peg.2079.site.5, 121, 132, 253
1339327.3.peg.2079.site.6, 4, 134, 138
1339327.3.peg.2079.site.7, 5, 135, 140
1339327.3.peg.2079.site.8, 2, 136, 138
1339327.3.peg.2079.site.9, 3, 135, 138
1339327.3.peg.2079.site.10, 2, 135, 137
1339327.3.peg.2079.site.11, 7, 136, 143
1339327.3.peg.2079.site.12, 13, 134, 147
1339327.3.peg.2079.site.13, 1, 133, 134
1339327.3.peg.1787.site.1, 0, 136, 136
1339327.3.peg.1786.site.1, 4, 136, 140
1339327.3.peg.1786.site.2, 2, 137, 139
1339327.3.peg.1786.site.3, 3, 136, 139
1339327.3.peg.1786.site.4, 27, 136, 163
1339327.3.peg.1784.site.1, 3, 134, 137
1339327.3.peg.1784.site.2, 6, 137, 143
1339327.3.peg.1784.site.3, 1, 137, 138
1339327.3.peg.1784.site.4, 5, 137, 142
1339327.3.peg.1784.site.5, 3, 136, 139
1339327.3.peg.2070.site.1, 1, 136, 137
1339327.3.peg.2070.site.2, 3, 135, 138
1339327.3.peg.2070.site.3, 0, 137, 137
1339327.3.peg.2070.site.4, 3, 135, 138
1339327.3.peg.2070.site.5, 0, 135, 135
1339327.3.peg.2070.site.6, 2, 135, 137
1339327.3.peg.2070.site.7, 12, 136, 148
1339327.3.peg.2070.site.8, 22, 132, 154
1339327.3.peg.2070.site.9, 2, 134, 136
1339327.3.peg.2070.site.10, 7, 137, 144
1339327.3.peg.2070.site.11, 17, 137, 154
1339327.3.peg.2070.site.12, 27, 134, 161
1339327.3.peg.2070.site.13, 1, 137, 138
1339327.3.peg.2070.site.14, 11, 137, 148
1339327.3.peg.2070.site.15, 1, 137, 138
1339327.3.peg.2070.site.16, 24, 137, 161
1339327.3.peg.2070.site.17, 24, 135, 159
1339327.3.peg.2070.site.18, 19, 137, 156
1339327.3.peg.2070.site.19, 3, 136, 139
1339327.3.peg.2070.site.20, 43, 136, 179
1339327.3.peg.2070.site.21, 3, 136, 139
1339327.3.peg.2070.site.22, 0, 137, 137
1339327.3.peg.2071.site.1, 9, 134, 143
1339327.3.peg.2071.site.2, 6, 137, 143
1339327.3.peg.2071.site.3, 19, 137, 156
1339327.3.peg.2071.site.4, 1, 137, 138
1339327.3.peg.2071.site.5, 0, 134, 134
1339327.3.peg.2071.site.6, 8, 133, 141
1339327.3.peg.2071.site.7, 22, 129, 151
1339327.3.peg.2071.site.8, 18, 123, 141
1339327.3.peg.2071.site.9, 5, 128, 133
1339327.3.peg.2071.site.10, 28, 132, 160
1339327.3.peg.2071.site.11, 17, 131, 148
1339327.3.peg.2071.site.12, 8, 136, 144
1339327.3.peg.2071.site.13, 1, 135, 136
1339327.3.peg.2071.site.14, 16, 137, 153
1339327.3.peg.2071.site.15, 2, 136, 138
1339327.3.peg.2071.site.16, 94, 136, 230
1339327.3.peg.2072.site.1, 5, 136, 141
1339327.3.peg.2072.site.2, 25, 134, 159
1339327.3.peg.2072.site.3, 6, 137, 143
1339327.3.peg.2072.site.4, 2, 136, 138
1339327.3.peg.2072.site.5, 8, 137, 145
1339327.3.peg.2072.site.6, 1, 136, 137
1339327.3.peg.2072.site.7, 13, 135, 148
1339327.3.peg.2072.site.8, 2, 135, 137
1339327.3.peg.2072.site.9, 4, 135, 139
1339327.3.peg.2072.site.10, 2, 135, 137
1339327.3.peg.2072.site.11, 76, 132, 208
1339327.3.peg.2072.site.12, 91, 136, 227
1339327.3.peg.2072.site.13, 1, 136, 137
1339327.3.peg.2073.site.1, 69, 136, 205
1339327.3.peg.2073.site.2, 2, 136, 138
1339327.3.peg.2073.site.3, 1, 134, 135
1339327.3.peg.2073.site.4, 67, 136, 203
1339327.3.peg.2073.site.5, 8, 136, 144
1339327.3.peg.2073.site.6, 1, 135, 136
1339327.3.peg.2073.site.7, 11, 136, 147
1339327.3.peg.2073.site.8, 3, 134, 137
1339327.3.peg.2073.site.9, 29, 137, 166
1339327.3.peg.2073.site.10, 1, 135, 136
1339327.3.peg.2073.site.11, 0, 136, 136
1339327.3.peg.2073.site.12, 0, 135, 135
1339327.3.peg.2073.site.13, 0, 135, 135
1339327.3.peg.2073.site.14, 15, 135, 150
1339327.3.peg.2073.site.15, 19, 134, 153
1339327.3.peg.2073.site.16, 46, 135, 181
1339327.3.peg.2073.site.17, 3, 137, 140
1339327.3.peg.2073.site.18, 12, 134, 146
1339327.3.peg.2073.site.19, 11, 131, 142
1339327.3.peg.2073.site.20, 3, 125, 128
1339327.3.peg.2074.site.1, 12, 127, 139
1339327.3.peg.2074.site.2, 7, 135, 142
1339327.3.peg.2074.site.3, 0, 134, 134
1339327.3.peg.2074.site.4, 9, 136, 145
1339327.3.peg.2074.site.5, 9, 136, 145
1339327.3.peg.2074.site.6, 2, 137, 139
1339327.3.peg.2074.site.7, 7, 136, 143
1339327.3.peg.2074.site.8, 9, 136, 145
1339327.3.peg.2074.site.9, 10, 136, 146
1339327.3.peg.2074.site.10, 13, 136, 149
1339327.3.peg.2074.site.11, 33, 136, 169
1339327.3.peg.2074.site.12, 16, 136, 152
1339327.3.peg.2075.site.1, 0, 136, 136
1339327.3.peg.2075.site.2, 7, 137, 144
1339327.3.peg.2075.site.3, 1, 137, 138
1339327.3.peg.2075.site.4, 17, 136, 153
1339327.3.peg.2075.site.5, 1, 135, 136
1339327.3.peg.2075.site.6, 1, 136, 137
1339327.3.peg.2075.site.7, 6, 134, 140
1339327.3.peg.2075.site.8, 2, 131, 133
1339327.3.peg.2075.site.9, 2, 133, 135
1339327.3.peg.2075.site.10, 2, 132, 134
1339327.3.peg.2075.site.11, 89, 134, 223
1339327.3.peg.2075.site.12, 0, 137, 137
1339327.3.peg.2076.site.1, 0, 137, 137
1339327.3.peg.2076.site.2, 12, 136, 148
1339327.3.peg.2076.site.3, 0, 136, 136
1339327.3.peg.2076.site.4, 3, 137, 140
1339327.3.peg.2076.site.5, 0, 135, 135
1339327.3.peg.2076.site.6, 2, 136, 138
1339327.3.peg.2076.site.7, 4, 134, 138
1339327.3.peg.2076.site.8, 2, 133, 135
1339327.3.peg.2076.site.9, 3, 131, 134
1339327.3.peg.2076.site.10, 1, 131, 132
1339327.3.peg.2076.site.11, 55, 131, 186
1339327.3.peg.2076.site.12, 6, 131, 137
1339327.3.peg.2076.site.13, 1, 137, 138
1339327.3.peg.2076.site.14, 2, 134, 136
1339327.3.peg.2076.site.15, 7, 135, 142
1339327.3.peg.2076.site.16, 5, 137, 142
1339327.3.peg.2076.site.17, 34, 137, 171
1339327.3.peg.2076.site.18, 0, 135, 135
1339327.3.peg.2076.site.19, 100, 137, 237
1339327.3.peg.2076.site.20, 2, 136, 138
1339327.3.peg.2076.site.21, 0, 135, 135
1339327.3.peg.2077.site.1, 14, 136, 150
1339327.3.peg.2077.site.2, 5, 136, 141
1339327.3.peg.2077.site.3, 3, 136, 139
1339327.3.peg.2077.site.4, 5, 133, 138
1339327.3.peg.2077.site.5, 12, 135, 147
1339327.3.peg.2077.site.6, 65, 136, 201
1339327.3.peg.2077.site.7, 25, 133, 158
1339327.3.peg.2077.site.8, 3, 136, 139
1339327.3.peg.2077.site.9, 5, 136, 141
1339327.3.peg.2077.site.10, 1, 136, 137
1339327.3.peg.2077.site.11, 2, 135, 137
1339327.3.peg.2077.site.12, 31, 135, 166
1339327.3.peg.2077.site.13, 5, 136, 141
1339327.3.peg.2077.site.14, 132, 137, 269
1339327.3.peg.2077.site.15, 20, 135, 155
1339327.3.peg.2077.site.16, 2, 137, 139
1339327.3.peg.5032.site.1, 2, 135, 137
1339327.3.peg.5032.site.2, 0, 133, 133
1339327.3.peg.5032.site.3, 39, 136, 175
1339327.3.peg.5032.site.4, 2, 137, 139
1339327.3.peg.5032.site.5, 3, 137, 140
1339327.3.peg.5032.site.6, 4, 137, 141
1339327.3.peg.5032.site.7, 7, 134, 141
1339327.3.peg.5032.site.8, 3, 137, 140
1339327.3.peg.5032.site.9, 1, 137, 138
1339327.3.peg.5032.site.10, 0, 135, 135
1339327.3.peg.5032.site.11, 5, 137, 142
1339327.3.peg.5032.site.12, 88, 136, 224
1339327.3.peg.5032.site.13, 110, 133, 243
1339327.3.peg.5032.site.14, 82, 133, 215
1339327.3.peg.5032.site.15, 0, 136, 136
1339327.3.peg.5032.site.16, 1, 136, 137
1339327.3.peg.5032.site.17, 3, 137, 140
1339327.3.peg.5032.site.18, 1, 137, 138
1339327.3.peg.5032.site.19, 1, 137, 138
1339327.3.peg.5032.site.20, 2, 136, 138
1339327.3.peg.5032.site.21, 18, 136, 154
1339327.3.peg.5032.site.22, 3, 135, 138
1339327.3.peg.5032.site.23, 64, 133, 197
1339327.3.peg.5032.site.24, 20, 132, 152
1339327.3.peg.5032.site.25, 0, 133, 133
1339327.3.peg.5032.site.26, 2, 132, 134
1339327.3.peg.5032.site.27, 3, 132, 135
1339327.3.peg.5032.site.28, 4, 135, 139
1339327.3.peg.5032.site.29, 4, 135, 139
1339327.3.peg.5032.site.30, 2, 136, 138
1339327.3.peg.5032.site.31, 2, 136, 138
1339327.3.peg.5032.site.32, 3, 136, 139
1339327.3.peg.5032.site.33, 0, 134, 134
1339327.3.peg.5032.site.34, 0, 134, 134
1339327.3.peg.5032.site.35, 56, 135, 191
1339327.3.peg.5032.site.36, 7, 135, 142
1339327.3.peg.5032.site.37, 2, 136, 138
1339327.3.peg.5032.site.38, 3, 136, 139
1339327.3.peg.5032.site.39, 9, 134, 143
1339327.3.peg.5032.site.40, 11, 136, 147
1339327.3.peg.5032.site.41, 8, 133, 141
1339327.3.peg.5032.site.42, 5, 137, 142
1339327.3.peg.2419.site.1, 0, 126, 126
1339327.3.peg.2419.site.2, 8, 126, 134
1339327.3.peg.2419.site.3, 2, 126, 128
1339327.3.peg.2419.site.4, 17, 127, 144
1339327.3.peg.2419.site.5, 1, 124, 125
1339327.3.peg.2419.site.6, 8, 123, 131
1339327.3.peg.2419.site.7, 1, 121, 122
1339327.3.peg.2419.site.8, 1, 116, 117
1339327.3.peg.2419.site.9, 104, 104, 208
1339327.3.peg.2419.site.10, 0, 111, 111
1339327.3.peg.2419.site.11, 2, 124, 126
1339327.3.peg.2419.site.12, 0, 124, 124
1339327.3.peg.2419.site.13, 0, 126, 126
1339327.3.peg.2419.site.14, 6, 123, 129
1339327.3.peg.2419.site.15, 3, 125, 128
1339327.3.peg.2419.site.16, 5, 125, 130
1339327.3.peg.2419.site.17, 1, 129, 130
1339327.3.peg.2419.site.18, 3, 129, 132
1339327.3.peg.2419.site.19, 8, 124, 132
1339327.3.peg.2419.site.20, 2, 124, 126
1339327.3.peg.2416.site.1, 1, 130, 131
1339327.3.peg.2416.site.2, 7, 129, 136
1339327.3.peg.2416.site.3, 8, 126, 134
1339327.3.peg.2416.site.4, 0, 116, 116
1339327.3.peg.2416.site.5, 15, 115, 130
1339327.3.peg.2416.site.6, 2, 117, 119
1339327.3.peg.2416.site.7, 42, 115, 157
1339327.3.peg.2416.site.8, 2, 116, 118
1339327.3.peg.2416.site.9, 8, 121, 129
1339327.3.peg.2416.site.10, 60, 127, 187
1339327.3.peg.2416.site.11, 0, 124, 124
1339327.3.peg.2416.site.12, 28, 121, 149
1339327.3.peg.2416.site.13, 5, 120, 125
1339327.3.peg.2416.site.14, 8, 119, 127
1339327.3.peg.2416.site.15, 0, 122, 122
1339327.3.peg.2416.site.16, 72, 124, 196
1339327.3.peg.2416.site.17, 3, 125, 128
1339327.3.peg.2417.site.1, 2, 127, 129
1339327.3.peg.2417.site.2, 45, 130, 175
1339327.3.peg.2417.site.3, 4, 129, 133
1339327.3.peg.2417.site.4, 16, 130, 146
1339327.3.peg.2417.site.5, 3, 130, 133
1339327.3.peg.2417.site.6, 5, 129, 134
1339327.3.peg.2417.site.7, 6, 127, 133
1339327.3.peg.2417.site.8, 6, 130, 136
1339327.3.peg.2417.site.9, 1, 127, 128
1339327.3.peg.2417.site.10, 21, 129, 150
1339327.3.peg.2417.site.11, 12, 114, 126
1339327.3.peg.2417.site.12, 103, 127, 230
1339327.3.peg.2417.site.13, 39, 127, 166
1339327.3.peg.2417.site.14, 6, 127, 133
1339327.3.peg.2417.site.15, 2, 126, 128
1339327.3.peg.2417.site.16, 2, 127, 129
1339327.3.peg.2414.site.1, 0, 129, 129
1339327.3.peg.2414.site.2, 73, 130, 203
1339327.3.peg.2414.site.3, 11, 127, 138
1339327.3.peg.2414.site.4, 2, 128, 130
1339327.3.peg.2414.site.5, 5, 127, 132
1339327.3.peg.2414.site.6, 2, 127, 129
1339327.3.peg.2414.site.7, 1, 130, 131
1339327.3.peg.2414.site.8, 39, 129, 168
1339327.3.peg.2414.site.9, 17, 128, 145
1339327.3.peg.2414.site.10, 0, 129, 129
1339327.3.peg.2414.site.11, 0, 128, 128
1339327.3.peg.2414.site.12, 4, 128, 132
1339327.3.peg.2415.site.1, 0, 129, 129
1339327.3.peg.2415.site.2, 13, 126, 139
1339327.3.peg.2415.site.3, 3, 127, 130
1339327.3.peg.2415.site.4, 0, 130, 130
1339327.3.peg.2415.site.5, 3, 130, 133
1339327.3.peg.2415.site.6, 3, 130, 133
1339327.3.peg.2415.site.7, 31, 130, 161
1339327.3.peg.2415.site.8, 3, 130, 133
1339327.3.peg.2415.site.9, 3, 129, 132
1339327.3.peg.2415.site.10, 1, 128, 129
1339327.3.peg.2415.site.11, 1, 130, 131
1339327.3.peg.2415.site.12, 1, 130, 131
1339327.3.peg.2415.site.13, 12, 129, 141
1339327.3.peg.2415.site.14, 0, 129, 129
1339327.3.peg.2415.site.15, 0, 129, 129
1339327.3.peg.2415.site.16, 2, 129, 131
1339327.3.peg.2415.site.17, 3, 127, 130
1339327.3.peg.2415.site.18, 44, 128, 172
1339327.3.peg.2415.site.19, 0, 127, 127
1339327.3.peg.2415.site.20, 13, 128, 141
1339327.3.peg.2415.site.21, 6, 127, 133
1339327.3.peg.2412.site.1, 5, 131, 136
1339327.3.peg.2412.site.2, 7, 131, 138
1339327.3.peg.2412.site.3, 4, 131, 135
1339327.3.peg.2412.site.4, 5, 130, 135
1339327.3.peg.2412.site.5, 4, 129, 133
1339327.3.peg.2412.site.6, 1, 130, 131
1339327.3.peg.2412.site.7, 123, 130, 253
1339327.3.peg.2412.site.8, 3, 131, 134
1339327.3.peg.2412.site.9, 3, 131, 134
1339327.3.peg.2412.site.10, 1, 129, 130
1339327.3.peg.2412.site.11, 5, 127, 132
1339327.3.peg.2412.site.12, 51, 112, 163
1339327.3.peg.2412.site.13, 1, 123, 124
1339327.3.peg.2412.site.14, 43, 130, 173
1339327.3.peg.2412.site.15, 6, 130, 136
1339327.3.peg.2412.site.16, 0, 129, 129
1339327.3.peg.2412.site.17, 10, 129, 139
1339327.3.peg.2412.site.18, 0, 130, 130
1339327.3.peg.2412.site.19, 1, 130, 131
1339327.3.peg.2413.site.1, 5, 117, 122
1339327.3.peg.2413.site.2, 1, 130, 131
1339327.3.peg.2413.site.3, 8, 128, 136
1339327.3.peg.2413.site.4, 1, 128, 129
1339327.3.peg.2413.site.5, 3, 128, 131
1339327.3.peg.2413.site.6, 21, 127, 148
1339327.3.peg.2413.site.7, 0, 129, 129
1339327.3.peg.2413.site.8, 10, 130, 140
1339327.3.peg.2413.site.9, 54, 131, 185
1339327.3.peg.2413.site.10, 4, 129, 133
1339327.3.peg.2413.site.11, 4, 130, 134
1339327.3.peg.2413.site.12, 26, 129, 155
1339327.3.peg.2413.site.13, 2, 128, 130
1339327.3.peg.2410.site.1, 5, 130, 135
1339327.3.peg.2410.site.2, 2, 129, 131
1339327.3.peg.2410.site.3, 12, 129, 141
1339327.3.peg.2410.site.4, 103, 129, 232
1339327.3.peg.2410.site.5, 5, 128, 133
1339327.3.peg.2410.site.6, 1, 129, 130
1339327.3.peg.2410.site.7, 6, 129, 135
1339327.3.peg.2410.site.8, 1, 126, 127
1339327.3.peg.2410.site.9, 5, 127, 132
1339327.3.peg.2410.site.10, 2, 127, 129
1339327.3.peg.2410.site.11, 7, 128, 135
1339327.3.peg.2410.site.12, 37, 131, 168
1339327.3.peg.2410.site.13, 0, 125, 125
1339327.3.peg.2410.site.14, 5, 130, 135
1339327.3.peg.2410.site.15, 0, 130, 130
1339327.3.peg.2410.site.16, 2, 131, 133
1339327.3.peg.2410.site.17, 8, 129, 137
1339327.3.peg.2410.site.18, 79, 129, 208
1339327.3.peg.2410.site.19, 6, 129, 135
1339327.3.peg.2410.site.20, 0, 129, 129
1339327.3.peg.2410.site.21, 4, 128, 132
1339327.3.peg.2411.site.1, 7, 130, 137
1339327.3.peg.2411.site.2, 5, 128, 133
1339327.3.peg.2411.site.3, 4, 130, 134
1339327.3.peg.2411.site.4, 0, 129, 129
1339327.3.peg.2411.site.5, 0, 131, 131
1339327.3.peg.2411.site.6, 40, 130, 170
1339327.3.peg.2411.site.7, 1, 129, 130
1339327.3.peg.2411.site.8, 117, 130, 247
1339327.3.peg.2411.site.9, 3, 129, 132
1339327.3.peg.2411.site.10, 4, 129, 133
1339327.3.peg.2411.site.11, 3, 130, 133
1339327.3.peg.2411.site.12, 6, 131, 137
1339327.3.peg.2411.site.13, 18, 131, 149
1339327.3.peg.2411.site.14, 5, 126, 131
1339327.3.peg.2411.site.15, 5, 129, 134
1339327.3.peg.2411.site.16, 3, 131, 134
1339327.3.peg.2411.site.17, 3, 131, 134
1339327.3.peg.2898.site.1, 4, 137, 141
1339327.3.peg.2898.site.2, 19, 136, 155
1339327.3.peg.2898.site.3, 0, 137, 137
1339327.3.peg.2898.site.4, 55, 132, 187
1339327.3.peg.2899.site.1, 3, 132, 135
1339327.3.peg.2899.site.2, 3, 136, 139
1339327.3.peg.2899.site.3, 5, 135, 140
1339327.3.peg.2899.site.4, 82, 134, 216
1339327.3.peg.2899.site.5, 23, 135, 158
1339327.3.peg.2899.site.6, 2, 132, 134
1339327.3.peg.2899.site.7, 19, 134, 153
1339327.3.peg.2899.site.8, 5, 132, 137
1339327.3.peg.2899.site.9, 17, 133, 150
1339327.3.peg.2899.site.10, 2, 133, 135
1339327.3.peg.2892.site.1, 7, 132, 139
1339327.3.peg.2892.site.2, 14, 134, 148
1339327.3.peg.2892.site.3, 20, 132, 152
1339327.3.peg.2892.site.4, 3, 133, 136
1339327.3.peg.2892.site.5, 37, 131, 168
1339327.3.peg.2892.site.6, 0, 134, 134
1339327.3.peg.2892.site.7, 0, 133, 133
1339327.3.peg.2893.site.1, 4, 136, 140
1339327.3.peg.2893.site.2, 45, 137, 182
1339327.3.peg.2893.site.3, 56, 137, 193
1339327.3.peg.2893.site.4, 67, 137, 204
1339327.3.peg.2893.site.5, 1, 135, 136
1339327.3.peg.2893.site.6, 1, 134, 135
1339327.3.peg.2893.site.7, 3, 134, 137
1339327.3.peg.2893.site.8, 19, 131, 150
1339327.3.peg.2893.site.9, 22, 136, 158
1339327.3.peg.2893.site.10, 12, 134, 146
1339327.3.peg.2893.site.11, 20, 135, 155
1339327.3.peg.2893.site.12, 1, 136, 137
1339327.3.peg.2893.site.13, 1, 136, 137
1339327.3.peg.2893.site.14, 94, 136, 230
1339327.3.peg.2893.site.15, 7, 136, 143
1339327.3.peg.2893.site.16, 68, 137, 205
1339327.3.peg.2893.site.17, 61, 137, 198
1339327.3.peg.2893.site.18, 1, 136, 137
1339327.3.peg.2893.site.19, 15, 136, 151
1339327.3.peg.2893.site.20, 0, 135, 135
1339327.3.peg.2893.site.21, 0, 136, 136
1339327.3.peg.2890.site.1, 0, 129, 129
1339327.3.peg.2890.site.2, 14, 135, 149
1339327.3.peg.2890.site.3, 1, 136, 137
1339327.3.peg.2890.site.4, 60, 134, 194
1339327.3.peg.2890.site.5, 62, 136, 198
1339327.3.peg.2890.site.6, 65, 135, 200
1339327.3.peg.2890.site.7, 5, 135, 140
1339327.3.peg.2890.site.8, 66, 135, 201
1339327.3.peg.2890.site.9, 57, 132, 189
1339327.3.peg.2890.site.10, 60, 136, 196
1339327.3.peg.2891.site.1, 0, 135, 135
1339327.3.peg.2891.site.2, 1, 134, 135
1339327.3.peg.2891.site.3, 0, 135, 135
1339327.3.peg.2891.site.4, 11, 137, 148
1339327.3.peg.2891.site.5, 2, 137, 139
1339327.3.peg.2891.site.6, 27, 136, 163
1339327.3.peg.2891.site.7, 24, 135, 159
1339327.3.peg.2891.site.8, 3, 135, 138
1339327.3.peg.2891.site.9, 23, 136, 159
1339327.3.peg.2891.site.10, 25, 136, 161
1339327.3.peg.2891.site.11, 0, 136, 136
1339327.3.peg.2891.site.12, 74, 136, 210
1339327.3.peg.2891.site.13, 97, 136, 233
1339327.3.peg.2891.site.14, 0, 133, 133
1339327.3.peg.2891.site.15, 13, 132, 145
1339327.3.peg.2891.site.16, 14, 134, 148
1339327.3.peg.2891.site.17, 95, 135, 230
1339327.3.peg.2891.site.18, 15, 134, 149
1339327.3.peg.2891.site.19, 12, 137, 149
1339327.3.peg.2891.site.20, 65, 134, 199
1339327.3.peg.2891.site.21, 11, 135, 146
1339327.3.peg.2891.site.22, 110, 135, 245
1339327.3.peg.2891.site.23, 2, 137, 139
1339327.3.peg.2891.site.24, 3, 132, 135
1339327.3.peg.2891.site.25, 21, 134, 155
1339327.3.peg.2891.site.26, 0, 134, 134
1339327.3.peg.2891.site.27, 1, 133, 134
1339327.3.peg.2891.site.28, 3, 131, 134
1339327.3.peg.2891.site.29, 4, 133, 137
1339327.3.peg.2891.site.30, 2, 133, 135
1339327.3.peg.2891.site.31, 30, 131, 161
1339327.3.peg.2891.site.32, 18, 133, 151
1339327.3.peg.2891.site.33, 106, 131, 237
1339327.3.peg.2891.site.34, 2, 134, 136
1339327.3.peg.2891.site.35, 1, 136, 137
1339327.3.peg.2891.site.36, 51, 133, 184
1339327.3.peg.2891.site.37, 41, 135, 176
1339327.3.peg.2891.site.38, 79, 136, 215
1339327.3.peg.2891.site.39, 78, 135, 213
1339327.3.peg.2891.site.40, 3, 134, 137
1339327.3.peg.2891.site.41, 67, 133, 200
1339327.3.peg.2891.site.42, 19, 133, 152
1339327.3.peg.2891.site.43, 25, 135, 160
1339327.3.peg.2891.site.44, 2, 133, 135
1339327.3.peg.2891.site.45, 0, 135, 135
1339327.3.peg.2891.site.46, 117, 135, 252
1339327.3.peg.2891.site.47, 8, 137, 145
1339327.3.peg.2891.site.48, 2, 137, 139
1339327.3.peg.2891.site.49, 1, 135, 136
1339327.3.peg.2891.site.50, 0, 135, 135
1339327.3.peg.2891.site.51, 0, 132, 132
1339327.3.peg.2896.site.1, 31, 132, 163
1339327.3.peg.2896.site.2, 2, 134, 136
1339327.3.peg.2896.site.3, 4, 134, 138
1339327.3.peg.2896.site.4, 3, 135, 138
1339327.3.peg.2896.site.5, 0, 130, 130
1339327.3.peg.2896.site.6, 16, 133, 149
1339327.3.peg.2896.site.7, 79, 135, 214
1339327.3.peg.2896.site.8, 2, 135, 137
1339327.3.peg.2896.site.9, 16, 132, 148
1339327.3.peg.2896.site.10, 3, 135, 138
1339327.3.peg.2897.site.1, 4, 126, 130
1339327.3.peg.2897.site.2, 24, 129, 153
1339327.3.peg.2897.site.3, 17, 132, 149
1339327.3.peg.2897.site.4, 0, 131, 131
1339327.3.peg.2897.site.5, 0, 133, 133
1339327.3.peg.2897.site.6, 14, 135, 149
1339327.3.peg.2897.site.7, 88, 134, 222
1339327.3.peg.2897.site.8, 76, 135, 211
1339327.3.peg.2897.site.9, 0, 135, 135
1339327.3.peg.2897.site.10, 2, 134, 136
1339327.3.peg.2897.site.11, 3, 137, 140
1339327.3.peg.2897.site.12, 75, 135, 210
1339327.3.peg.2897.site.13, 7, 135, 142
1339327.3.peg.2894.site.1, 8, 123, 131
1339327.3.peg.1471.site.1, 90, 136, 226
1339327.3.peg.1471.site.2, 131, 137, 268
1339327.3.peg.1471.site.3, 17, 137, 154
1339327.3.peg.1471.site.4, 22, 136, 158
1339327.3.peg.1471.site.5, 3, 135, 138
1339327.3.peg.1471.site.6, 6, 136, 142
1339327.3.peg.1471.site.7, 85, 133, 218
1339327.3.peg.1471.site.8, 13, 137, 150
1339327.3.peg.1471.site.9, 1, 137, 138
1339327.3.peg.1471.site.10, 1, 136, 137
1339327.3.peg.1471.site.11, 3, 137, 140
1339327.3.peg.1471.site.12, 5, 137, 142
1339327.3.peg.1471.site.13, 8, 137, 145
1339327.3.peg.1471.site.14, 1, 137, 138
1339327.3.peg.1471.site.15, 31, 135, 166
1339327.3.peg.1471.site.16, 1, 136, 137
1339327.3.peg.1471.site.17, 3, 136, 139
1339327.3.peg.1471.site.18, 0, 135, 135
1339327.3.peg.1471.site.19, 4, 136, 140
1339327.3.peg.1471.site.20, 0, 136, 136
1339327.3.peg.1471.site.21, 1, 136, 137
1339327.3.peg.1471.site.22, 0, 135, 135
1339327.3.peg.1471.site.23, 5, 135, 140
1339327.3.peg.1471.site.24, 6, 133, 139
1339327.3.peg.1471.site.25, 0, 135, 135
1339327.3.peg.1471.site.26, 8, 137, 145
1339327.3.peg.1471.site.27, 4, 136, 140
1339327.3.peg.1471.site.28, 40, 136, 176
1339327.3.peg.1471.site.29, 3, 136, 139
1339327.3.peg.1471.site.30, 3, 137, 140
1339327.3.peg.1471.site.31, 11, 136, 147
1339327.3.peg.1471.site.32, 2, 136, 138
1339327.3.peg.1471.site.33, 2, 137, 139
1339327.3.peg.1471.site.34, 2, 136, 138
1339327.3.peg.1471.site.35, 8, 136, 144
1339327.3.peg.1471.site.36, 5, 136, 141
1339327.3.peg.1471.site.37, 1, 136, 137
1339327.3.peg.1471.site.38, 3, 135, 138
1339327.3.peg.1471.site.39, 83, 135, 218
1339327.3.peg.1471.site.40, 85, 135, 220
1339327.3.peg.1471.site.41, 130, 136, 266
1339327.3.peg.1471.site.42, 0, 136, 136
1339327.3.peg.4689.site.1, 0, 118, 118
1339327.3.peg.1472.site.1, 115, 136, 251
1339327.3.peg.1472.site.2, 1, 135, 136
1339327.3.peg.1472.site.3, 1, 136, 137
1339327.3.peg.1472.site.4, 23, 136, 159
1339327.3.peg.1472.site.5, 2, 137, 139
1339327.3.peg.1472.site.6, 0, 137, 137
1339327.3.peg.1472.site.7, 9, 137, 146
1339327.3.peg.1472.site.8, 0, 136, 136
1339327.3.peg.1472.site.9, 0, 136, 136
1339327.3.peg.1475.site.1, 1, 137, 138
1339327.3.peg.1475.site.2, 2, 137, 139
1339327.3.peg.1475.site.3, 2, 137, 139
1339327.3.peg.1475.site.4, 9, 137, 146
1339327.3.peg.1474.site.1, 0, 15, 15
1339327.3.peg.1474.site.2, 5, 22, 27
1339327.3.peg.1474.site.3, 49, 68, 117
1339327.3.peg.1474.site.4, 5, 131, 136
1339327.3.peg.1474.site.5, 13, 132, 145
1339327.3.peg.1474.site.6, 6, 134, 140
1339327.3.peg.2788.site.1, 2, 137, 139
1339327.3.peg.2788.site.2, 1, 136, 137
1339327.3.peg.2788.site.3, 8, 132, 140
1339327.3.peg.2788.site.4, 9, 129, 138
1339327.3.peg.2788.site.5, 8, 135, 143
1339327.3.peg.2788.site.6, 0, 136, 136
1339327.3.peg.2788.site.7, 16, 129, 145
1339327.3.peg.2788.site.8, 21, 132, 153
1339327.3.peg.2788.site.9, 17, 136, 153
1339327.3.peg.2788.site.10, 35, 135, 170
1339327.3.peg.2788.site.11, 12, 135, 147
1339327.3.peg.2788.site.12, 40, 135, 175
1339327.3.peg.2788.site.13, 3, 135, 138
1339327.3.peg.2788.site.14, 1, 134, 135
1339327.3.peg.2788.site.15, 13, 135, 148
1339327.3.peg.2788.site.16, 38, 134, 172
1339327.3.peg.2788.site.17, 15, 136, 151
1339327.3.peg.2788.site.18, 3, 136, 139
1339327.3.peg.2788.site.19, 3, 137, 140
1339327.3.peg.2789.site.1, 6, 134, 140
1339327.3.peg.2789.site.2, 0, 109, 109
1339327.3.peg.2789.site.3, 2, 133, 135
1339327.3.peg.2789.site.4, 0, 134, 134
1339327.3.peg.2789.site.5, 11, 136, 147
1339327.3.peg.2789.site.6, 34, 137, 171
1339327.3.peg.2786.site.1, 3, 134, 137
1339327.3.peg.2786.site.2, 1, 136, 137
1339327.3.peg.2786.site.3, 3, 136, 139
1339327.3.peg.2786.site.4, 0, 134, 134
1339327.3.peg.2786.site.5, 7, 124, 131
1339327.3.peg.2786.site.6, 3, 133, 136
1339327.3.peg.2786.site.7, 2, 129, 131
1339327.3.peg.2786.site.8, 16, 135, 151
1339327.3.peg.2786.site.9, 56, 132, 188
1339327.3.peg.2786.site.10, 91, 136, 227
1339327.3.peg.2786.site.11, 124, 136, 260
1339327.3.peg.2786.site.12, 0, 133, 133
1339327.3.peg.2786.site.13, 3, 133, 136
1339327.3.peg.1478.site.1, 0, 136, 136
1339327.3.peg.1478.site.2, 3, 134, 137
1339327.3.peg.1478.site.3, 3, 136, 139
1339327.3.peg.1478.site.4, 1, 136, 137
1339327.3.peg.1478.site.5, 0, 137, 137
1339327.3.peg.1478.site.6, 130, 136, 266
1339327.3.peg.1478.site.7, 1, 136, 137
1339327.3.peg.1478.site.8, 35, 136, 171
1339327.3.peg.1478.site.9, 112, 137, 249
1339327.3.peg.1478.site.10, 53, 137, 190
1339327.3.peg.1478.site.11, 0, 137, 137
1339327.3.peg.1478.site.12, 4, 137, 141
1339327.3.peg.1478.site.13, 1, 137, 138
1339327.3.peg.1478.site.14, 3, 136, 139
1339327.3.peg.1478.site.15, 1, 137, 138
1339327.3.peg.1478.site.16, 4, 135, 139
1339327.3.peg.1478.site.17, 5, 136, 141
1339327.3.peg.1478.site.18, 2, 137, 139
1339327.3.peg.1478.site.19, 3, 136, 139
1339327.3.peg.1478.site.20, 0, 135, 135
1339327.3.peg.1478.site.21, 1, 135, 136
1339327.3.peg.1478.site.22, 3, 137, 140
1339327.3.peg.1478.site.23, 83, 137, 220
1339327.3.peg.1478.site.24, 2, 136, 138
1339327.3.peg.1478.site.25, 1, 135, 136
1339327.3.peg.1478.site.26, 3, 136, 139
1339327.3.peg.2784.site.1, 25, 135, 160
1339327.3.peg.2784.site.2, 9, 136, 145
1339327.3.peg.2784.site.3, 2, 136, 138
1339327.3.peg.2784.site.4, 7, 134, 141
1339327.3.peg.2784.site.5, 3, 137, 140
1339327.3.peg.2785.site.1, 2, 132, 134
1339327.3.peg.2782.site.1, 5, 135, 140
1339327.3.peg.2783.site.1, 3, 136, 139
1339327.3.peg.2783.site.2, 5, 136, 141
1339327.3.peg.2783.site.3, 0, 136, 136
1339327.3.peg.2783.site.4, 2, 136, 138
1339327.3.peg.2783.site.5, 3, 136, 139
1339327.3.peg.2783.site.6, 69, 134, 203
1339327.3.peg.2783.site.7, 0, 135, 135
1339327.3.peg.2783.site.8, 1, 135, 136
1339327.3.peg.2783.site.9, 3, 137, 140
1339327.3.peg.2783.site.10, 8, 137, 145
1339327.3.peg.2783.site.11, 4, 137, 141
1339327.3.peg.2783.site.12, 7, 137, 144
1339327.3.peg.2783.site.13, 10, 137, 147
1339327.3.peg.2783.site.14, 0, 137, 137
1339327.3.peg.2783.site.15, 1, 132, 133
1339327.3.peg.2783.site.16, 14, 132, 146
1339327.3.peg.2783.site.17, 11, 134, 145
1339327.3.peg.2780.site.1, 6, 136, 142
1339327.3.peg.2780.site.2, 2, 133, 135
1339327.3.peg.2780.site.3, 1, 133, 134
1339327.3.peg.2780.site.4, 6, 129, 135
1339327.3.peg.2780.site.5, 0, 135, 135
1339327.3.peg.2781.site.1, 3, 136, 139
1339327.3.peg.2781.site.2, 0, 135, 135
1339327.3.peg.2781.site.3, 10, 135, 145
1339327.3.peg.2781.site.4, 1, 137, 138
1339327.3.peg.2781.site.5, 2, 136, 138
1339327.3.peg.3301.site.1, 24, 136, 160
1339327.3.peg.3301.site.2, 8, 137, 145
1339327.3.peg.3301.site.3, 0, 136, 136
1339327.3.peg.3301.site.4, 22, 135, 157
1339327.3.peg.3301.site.5, 6, 136, 142
1339327.3.peg.3301.site.6, 6, 134, 140
1339327.3.peg.3301.site.7, 3, 134, 137
1339327.3.peg.3301.site.8, 3, 136, 139
1339327.3.peg.3301.site.9, 1, 133, 134
1339327.3.peg.3301.site.10, 32, 135, 167
1339327.3.peg.3301.site.11, 49, 136, 185
1339327.3.peg.3301.site.12, 7, 137, 144
1339327.3.peg.3301.site.13, 14, 137, 151
1339327.3.peg.3301.site.14, 3, 135, 138
1339327.3.peg.3301.site.15, 60, 135, 195
1339327.3.peg.3301.site.16, 2, 135, 137
1339327.3.peg.3301.site.17, 6, 132, 138
1339327.3.peg.3301.site.18, 3, 130, 133
1339327.3.peg.3301.site.19, 83, 135, 218
1339327.3.peg.3301.site.20, 26, 136, 162
1339327.3.peg.3301.site.21, 88, 135, 223
1339327.3.peg.3301.site.22, 30, 135, 165
1339327.3.peg.3301.site.23, 5, 136, 141
1339327.3.peg.3301.site.24, 34, 136, 170
1339327.3.peg.3301.site.25, 9, 136, 145
1339327.3.peg.3301.site.26, 8, 135, 143
1339327.3.peg.3301.site.27, 8, 134, 142
1339327.3.peg.3301.site.28, 3, 134, 137
1339327.3.peg.3301.site.29, 3, 136, 139
1339327.3.peg.3301.site.30, 56, 137, 193
1339327.3.peg.3301.site.31, 1, 135, 136
1339327.3.peg.3301.site.32, 130, 136, 266
1339327.3.peg.3301.site.33, 0, 135, 135
1339327.3.peg.3301.site.34, 4, 137, 141
1339327.3.peg.3300.site.1, 37, 135, 172
1339327.3.peg.3300.site.2, 1, 136, 137
1339327.3.peg.3300.site.3, 6, 134, 140
1339327.3.peg.3300.site.4, 2, 135, 137
1339327.3.peg.3300.site.5, 57, 135, 192
1339327.3.peg.3300.site.6, 10, 135, 145
1339327.3.peg.3300.site.7, 7, 135, 142
1339327.3.peg.3300.site.8, 0, 135, 135
1339327.3.peg.3300.site.9, 0, 135, 135
1339327.3.peg.3300.site.10, 8, 136, 144
1339327.3.peg.3303.site.1, 0, 135, 135
1339327.3.peg.3303.site.2, 2, 135, 137
1339327.3.peg.3303.site.3, 5, 136, 141
1339327.3.peg.3303.site.4, 11, 137, 148
1339327.3.peg.3303.site.5, 86, 135, 221
1339327.3.peg.3303.site.6, 2, 134, 136
1339327.3.peg.3303.site.7, 0, 136, 136
1339327.3.peg.3303.site.8, 3, 137, 140
1339327.3.peg.3303.site.9, 9, 135, 144
1339327.3.peg.3303.site.10, 0, 135, 135
1339327.3.peg.3303.site.11, 22, 136, 158
1339327.3.peg.3303.site.12, 84, 136, 220
1339327.3.peg.3303.site.13, 1, 132, 133
1339327.3.peg.3303.site.14, 53, 134, 187
1339327.3.peg.3302.site.1, 19, 136, 155
1339327.3.peg.3302.site.2, 0, 136, 136
1339327.3.peg.3305.site.1, 4, 135, 139
1339327.3.peg.3305.site.2, 1, 135, 136
1339327.3.peg.3305.site.3, 88, 134, 222
1339327.3.peg.3305.site.4, 6, 135, 141
1339327.3.peg.3305.site.5, 20, 136, 156
1339327.3.peg.3305.site.6, 0, 136, 136
1339327.3.peg.3305.site.7, 2, 136, 138
1339327.3.peg.3305.site.8, 35, 136, 171
1339327.3.peg.3304.site.1, 12, 137, 149
1339327.3.peg.3304.site.2, 19, 137, 156
1339327.3.peg.3304.site.3, 1, 136, 137
1339327.3.peg.3304.site.4, 1, 134, 135
1339327.3.peg.3304.site.5, 25, 137, 162
1339327.3.peg.3304.site.6, 8, 137, 145
1339327.3.peg.3304.site.7, 84, 133, 217
1339327.3.peg.3304.site.8, 10, 135, 145
1339327.3.peg.3304.site.9, 16, 137, 153
1339327.3.peg.3304.site.10, 3, 136, 139
1339327.3.peg.3304.site.11, 2, 137, 139
1339327.3.peg.3304.site.12, 0, 136, 136
1339327.3.peg.3304.site.13, 3, 134, 137
1339327.3.peg.3307.site.1, 0, 135, 135
1339327.3.peg.3307.site.2, 2, 135, 137
1339327.3.peg.3307.site.3, 1, 134, 135
1339327.3.peg.3307.site.4, 15, 136, 151
1339327.3.peg.3307.site.5, 44, 135, 179
1339327.3.peg.3307.site.6, 0, 136, 136
1339327.3.peg.3307.site.7, 14, 131, 145
1339327.3.peg.3307.site.8, 0, 133, 133
1339327.3.peg.3307.site.9, 0, 135, 135
1339327.3.peg.3307.site.10, 1, 131, 132
1339327.3.peg.3307.site.11, 6, 132, 138
1339327.3.peg.3307.site.12, 8, 133, 141
1339327.3.peg.3307.site.13, 2, 118, 120
1339327.3.peg.3307.site.14, 1, 123, 124
1339327.3.peg.3307.site.15, 2, 137, 139
1339327.3.peg.3307.site.16, 19, 135, 154
1339327.3.peg.3307.site.17, 5, 134, 139
1339327.3.peg.3306.site.1, 1, 136, 137
1339327.3.peg.3306.site.2, 6, 135, 141
1339327.3.peg.3306.site.3, 0, 136, 136
1339327.3.peg.3306.site.4, 5, 137, 142
1339327.3.peg.3306.site.5, 5, 134, 139
1339327.3.peg.3306.site.6, 64, 130, 194
1339327.3.peg.3306.site.7, 2, 133, 135
1339327.3.peg.3306.site.8, 109, 136, 245
1339327.3.peg.3306.site.9, 5, 135, 140
1339327.3.peg.3306.site.10, 1, 136, 137
1339327.3.peg.3306.site.11, 73, 137, 210
1339327.3.peg.3306.site.12, 4, 135, 139
1339327.3.peg.3306.site.13, 11, 136, 147
1339327.3.peg.3306.site.14, 4, 136, 140
1339327.3.peg.3306.site.15, 8, 134, 142
1339327.3.peg.3306.site.16, 26, 135, 161
1339327.3.peg.3306.site.17, 44, 135, 179
1339327.3.peg.3306.site.18, 0, 134, 134
1339327.3.peg.3306.site.19, 0, 135, 135
1339327.3.peg.3785.site.1, 31, 131, 162
1339327.3.peg.3785.site.2, 3, 132, 135
1339327.3.peg.3785.site.3, 0, 133, 133
1339327.3.peg.3785.site.4, 1, 133, 134
1339327.3.peg.3785.site.5, 0, 132, 132
1339327.3.peg.3785.site.6, 3, 135, 138
1339327.3.peg.3785.site.7, 35, 132, 167
1339327.3.peg.3785.site.8, 3, 132, 135
1339327.3.peg.3785.site.9, 1, 131, 132
1339327.3.peg.3784.site.1, 14, 131, 145
1339327.3.peg.3784.site.2, 3, 123, 126
1339327.3.peg.3784.site.3, 5, 132, 137
1339327.3.peg.3784.site.4, 15, 134, 149
1339327.3.peg.3784.site.5, 55, 136, 191
1339327.3.peg.3784.site.6, 10, 135, 145
1339327.3.peg.3784.site.7, 11, 135, 146
1339327.3.peg.3784.site.8, 17, 136, 153
1339327.3.peg.3784.site.9, 0, 130, 130
1339327.3.peg.3784.site.10, 0, 135, 135
1339327.3.peg.3784.site.11, 0, 137, 137
1339327.3.peg.3784.site.12, 34, 134, 168
1339327.3.peg.3784.site.13, 7, 136, 143
1339327.3.peg.3784.site.14, 47, 134, 181
1339327.3.peg.3784.site.15, 4, 137, 141
1339327.3.peg.3784.site.16, 23, 136, 159
1339327.3.peg.3784.site.17, 0, 134, 134
1339327.3.peg.3784.site.18, 2, 136, 138
1339327.3.peg.3784.site.19, 1, 132, 133
1339327.3.peg.3784.site.20, 0, 132, 132
1339327.3.peg.3784.site.21, 5, 134, 139
1339327.3.peg.3784.site.22, 4, 133, 137
1339327.3.peg.3784.site.23, 65, 133, 198
1339327.3.peg.3784.site.24, 2, 136, 138
1339327.3.peg.3784.site.25, 1, 136, 137
1339327.3.peg.3784.site.26, 1, 136, 137
1339327.3.peg.3784.site.27, 0, 134, 134
1339327.3.peg.3784.site.28, 15, 135, 150
1339327.3.peg.3784.site.29, 7, 133, 140
1339327.3.peg.3787.site.1, 10, 134, 144
1339327.3.peg.3787.site.2, 22, 135, 157
1339327.3.peg.3787.site.3, 53, 136, 189
1339327.3.peg.3787.site.4, 0, 136, 136
1339327.3.peg.3787.site.5, 2, 136, 138
1339327.3.peg.3787.site.6, 0, 136, 136
1339327.3.peg.3787.site.7, 0, 135, 135
1339327.3.peg.3787.site.8, 4, 115, 119
1339327.3.peg.3787.site.9, 4, 115, 119
1339327.3.peg.3787.site.10, 67, 122, 189
1339327.3.peg.3787.site.11, 23, 134, 157
1339327.3.peg.3787.site.12, 27, 136, 163
1339327.3.peg.3787.site.13, 2, 136, 138
1339327.3.peg.129.site.1, 0, 137, 137
1339327.3.peg.129.site.2, 7, 136, 143
1339327.3.peg.129.site.3, 5, 137, 142
1339327.3.peg.129.site.4, 2, 136, 138
1339327.3.peg.129.site.5, 0, 137, 137
1339327.3.peg.129.site.6, 2, 137, 139
1339327.3.peg.129.site.7, 1, 135, 136
1339327.3.peg.129.site.8, 27, 133, 160
1339327.3.peg.129.site.9, 76, 134, 210
1339327.3.peg.129.site.10, 3, 137, 140
1339327.3.peg.129.site.11, 57, 137, 194
1339327.3.peg.129.site.12, 1, 136, 137
1339327.3.peg.129.site.13, 2, 137, 139
1339327.3.peg.128.site.1, 5, 134, 139
1339327.3.peg.128.site.2, 3, 136, 139
1339327.3.peg.128.site.3, 1, 134, 135
1339327.3.peg.128.site.4, 3, 134, 137
1339327.3.peg.128.site.5, 43, 131, 174
1339327.3.peg.128.site.6, 52, 135, 187
1339327.3.peg.128.site.7, 54, 135, 189
1339327.3.peg.128.site.8, 19, 135, 154
1339327.3.peg.128.site.9, 7, 132, 139
1339327.3.peg.128.site.10, 25, 134, 159
1339327.3.peg.128.site.11, 13, 137, 150
1339327.3.peg.128.site.12, 1, 136, 137
1339327.3.peg.128.site.13, 10, 137, 147
1339327.3.peg.128.site.14, 5, 137, 142
1339327.3.peg.128.site.15, 7, 137, 144
1339327.3.peg.128.site.16, 1, 137, 138
1339327.3.peg.128.site.17, 2, 137, 139
1339327.3.peg.128.site.18, 5, 137, 142
1339327.3.peg.128.site.19, 20, 135, 155
1339327.3.peg.128.site.20, 20, 135, 155
1339327.3.peg.128.site.21, 11, 132, 143
1339327.3.peg.128.site.22, 6, 130, 136
1339327.3.peg.128.site.23, 126, 131, 257
1339327.3.peg.128.site.24, 62, 135, 197
1339327.3.peg.128.site.25, 11, 136, 147
1339327.3.peg.128.site.26, 10, 135, 145
1339327.3.peg.128.site.27, 1, 136, 137
1339327.3.peg.128.site.28, 2, 135, 137
1339327.3.peg.128.site.29, 1, 135, 136
1339327.3.peg.128.site.30, 6, 137, 143
1339327.3.peg.128.site.31, 25, 136, 161
1339327.3.peg.128.site.32, 1, 137, 138
1339327.3.peg.128.site.33, 20, 136, 156
1339327.3.peg.128.site.34, 2, 132, 134
1339327.3.peg.128.site.35, 10, 134, 144
1339327.3.peg.128.site.36, 37, 134, 171
1339327.3.peg.128.site.37, 12, 135, 147
1339327.3.peg.128.site.38, 2, 137, 139
1339327.3.peg.128.site.39, 0, 135, 135
1339327.3.peg.128.site.40, 3, 122, 125
1339327.3.peg.128.site.41, 70, 132, 202
1339327.3.peg.128.site.42, 3, 133, 136
1339327.3.peg.3783.site.1, 0, 133, 133
1339327.3.peg.3783.site.2, 2, 133, 135
1339327.3.peg.3783.site.3, 2, 136, 138
1339327.3.peg.3783.site.4, 7, 114, 121
1339327.3.peg.3783.site.5, 16, 121, 137
1339327.3.peg.3783.site.6, 2, 125, 127
1339327.3.peg.3783.site.7, 20, 134, 154
1339327.3.peg.3783.site.8, 1, 133, 134
1339327.3.peg.3783.site.9, 0, 132, 132
1339327.3.peg.3783.site.10, 7, 131, 138
1339327.3.peg.3783.site.11, 3, 132, 135
1339327.3.peg.3783.site.12, 3, 132, 135
1339327.3.peg.3783.site.13, 16, 130, 146
1339327.3.peg.3783.site.14, 1, 131, 132
1339327.3.peg.3783.site.15, 22, 132, 154
1339327.3.peg.3783.site.16, 3, 131, 134
1339327.3.peg.3783.site.17, 16, 132, 148
1339327.3.peg.3783.site.18, 2, 134, 136
1339327.3.peg.3783.site.19, 44, 132, 176
1339327.3.peg.3783.site.20, 6, 133, 139
1339327.3.peg.3783.site.21, 17, 131, 148
1339327.3.peg.3783.site.22, 4, 134, 138
1339327.3.peg.3783.site.23, 6, 134, 140
1339327.3.peg.3783.site.24, 2, 134, 136
1339327.3.peg.3783.site.25, 21, 136, 157
1339327.3.peg.3783.site.26, 2, 135, 137
1339327.3.peg.3783.site.27, 19, 136, 155
1339327.3.peg.3783.site.28, 3, 137, 140
1339327.3.peg.3783.site.29, 10, 133, 143
1339327.3.peg.3783.site.30, 10, 135, 145
1339327.3.peg.3783.site.31, 3, 137, 140
1339327.3.peg.3783.site.32, 5, 136, 141
1339327.3.peg.3783.site.33, 6, 135, 141
1339327.3.peg.3783.site.34, 36, 134, 170
1339327.3.peg.3783.site.35, 10, 136, 146
1339327.3.peg.3783.site.36, 38, 135, 173
1339327.3.peg.3783.site.37, 2, 134, 136
1339327.3.peg.3783.site.38, 37, 133, 170
1339327.3.peg.1557.site.1, 4, 137, 141
1339327.3.peg.1557.site.2, 0, 135, 135
1339327.3.peg.1557.site.3, 43, 137, 180
1339327.3.peg.1557.site.4, 5, 137, 142
1339327.3.peg.1557.site.5, 3, 137, 140
1339327.3.peg.1557.site.6, 38, 136, 174
1339327.3.peg.1557.site.7, 56, 137, 193
1339327.3.peg.125.site.1, 2, 133, 135
1339327.3.peg.125.site.2, 9, 132, 141
1339327.3.peg.125.site.3, 0, 134, 134
1339327.3.peg.125.site.4, 6, 133, 139
1339327.3.peg.125.site.5, 6, 133, 139
1339327.3.peg.125.site.6, 9, 134, 143
1339327.3.peg.125.site.7, 0, 132, 132
1339327.3.peg.125.site.8, 1, 133, 134
1339327.3.peg.125.site.9, 101, 133, 234
1339327.3.peg.125.site.10, 103, 134, 237
1339327.3.peg.125.site.11, 1, 133, 134
1339327.3.peg.125.site.12, 20, 130, 150
1339327.3.peg.125.site.13, 40, 131, 171
1339327.3.peg.125.site.14, 0, 132, 132
1339327.3.peg.124.site.1, 1, 136, 137
1339327.3.peg.124.site.2, 1, 135, 136
1339327.3.peg.124.site.3, 1, 136, 137
1339327.3.peg.124.site.4, 66, 135, 201
1339327.3.peg.124.site.5, 2, 136, 138
1339327.3.peg.124.site.6, 0, 136, 136
1339327.3.peg.124.site.7, 0, 136, 136
1339327.3.peg.124.site.8, 53, 135, 188
1339327.3.peg.124.site.9, 72, 136, 208
1339327.3.peg.124.site.10, 27, 136, 163
1339327.3.peg.124.site.11, 18, 136, 154
1339327.3.peg.124.site.12, 29, 135, 164
1339327.3.peg.124.site.13, 63, 137, 200
1339327.3.peg.124.site.14, 0, 135, 135
1339327.3.peg.124.site.15, 2, 136, 138
1339327.3.peg.124.site.16, 3, 137, 140
1339327.3.peg.124.site.17, 3, 137, 140
1339327.3.peg.124.site.18, 16, 136, 152
1339327.3.peg.124.site.19, 3, 136, 139
1339327.3.peg.124.site.20, 2, 135, 137
1339327.3.peg.124.site.21, 53, 136, 189
1339327.3.peg.124.site.22, 2, 136, 138
1339327.3.peg.124.site.23, 14, 136, 150
1339327.3.peg.124.site.24, 3, 137, 140
1339327.3.peg.124.site.25, 3, 136, 139
1339327.3.peg.124.site.26, 85, 134, 219
1339327.3.peg.124.site.27, 2, 131, 133
1339327.3.peg.124.site.28, 0, 131, 131
1339327.3.peg.124.site.29, 2, 132, 134
1339327.3.peg.124.site.30, 5, 137, 142
1339327.3.peg.124.site.31, 53, 136, 189
1339327.3.peg.124.site.32, 25, 136, 161
1339327.3.peg.124.site.33, 1, 135, 136
1339327.3.peg.126.site.1, 42, 135, 177
1339327.3.peg.126.site.2, 19, 136, 155
1339327.3.peg.126.site.3, 93, 137, 230
1339327.3.peg.126.site.4, 6, 136, 142
1339327.3.peg.126.site.5, 124, 137, 261
1339327.3.peg.126.site.6, 44, 131, 175
1339327.3.peg.126.site.7, 8, 132, 140
1339327.3.peg.126.site.8, 1, 133, 134
1339327.3.peg.126.site.9, 48, 137, 185
1339327.3.peg.126.site.10, 36, 137, 173
1339327.3.peg.126.site.11, 29, 136, 165
1339327.3.peg.126.site.12, 1, 137, 138
1339327.3.peg.126.site.13, 2, 136, 138
1339327.3.peg.126.site.14, 4, 136, 140
1339327.3.peg.126.site.15, 18, 136, 154
1339327.3.peg.126.site.16, 132, 136, 268
1339327.3.peg.126.site.17, 11, 137, 148
1339327.3.peg.126.site.18, 2, 136, 138
1339327.3.peg.126.site.19, 2, 135, 137
1339327.3.peg.126.site.20, 2, 135, 137
1339327.3.peg.126.site.21, 3, 136, 139
1339327.3.peg.126.site.22, 11, 137, 148
1339327.3.peg.126.site.23, 45, 137, 182
1339327.3.peg.3789.site.1, 0, 136, 136
1339327.3.peg.3789.site.2, 8, 137, 145
1339327.3.peg.3789.site.3, 7, 135, 142
1339327.3.peg.3789.site.4, 1, 132, 133
1339327.3.peg.3789.site.5, 49, 129, 178
1339327.3.peg.3789.site.6, 22, 132, 154
1339327.3.peg.3789.site.7, 84, 135, 219
1339327.3.peg.3789.site.8, 13, 135, 148
1339327.3.peg.3789.site.9, 2, 136, 138
1339327.3.peg.3789.site.10, 37, 136, 173
1339327.3.peg.3789.site.11, 5, 136, 141
1339327.3.peg.3789.site.12, 130, 135, 265
1339327.3.peg.3789.site.13, 3, 136, 139
1339327.3.peg.3789.site.14, 37, 132, 169
1339327.3.peg.3789.site.15, 1, 135, 136
1339327.3.peg.3789.site.16, 1, 134, 135
1339327.3.peg.3789.site.17, 3, 137, 140
1339327.3.peg.3789.site.18, 5, 132, 137
1339327.3.peg.3789.site.19, 30, 136, 166
1339327.3.peg.3789.site.20, 0, 135, 135
1339327.3.peg.3789.site.21, 0, 136, 136
1339327.3.peg.3789.site.22, 4, 136, 140
1339327.3.peg.3789.site.23, 0, 136, 136
1339327.3.peg.3789.site.24, 130, 135, 265
1339327.3.peg.3789.site.25, 31, 137, 168
1339327.3.peg.3789.site.26, 1, 137, 138
1339327.3.peg.3789.site.27, 0, 136, 136
1339327.3.peg.3789.site.28, 77, 136, 213
1339327.3.peg.3789.site.29, 1, 136, 137
1339327.3.peg.3789.site.30, 2, 136, 138
1339327.3.peg.3789.site.31, 2, 137, 139
1339327.3.peg.3789.site.32, 19, 137, 156
1339327.3.peg.3789.site.33, 0, 136, 136
1339327.3.peg.3789.site.34, 0, 135, 135
1339327.3.peg.3789.site.35, 2, 136, 138
1339327.3.peg.3789.site.36, 0, 136, 136
1339327.3.peg.3789.site.37, 0, 136, 136
1339327.3.peg.3789.site.38, 3, 136, 139
1339327.3.peg.3789.site.39, 121, 135, 256
1339327.3.peg.3789.site.40, 4, 135, 139
1339327.3.peg.3789.site.41, 13, 135, 148
1339327.3.peg.3789.site.42, 21, 133, 154
1339327.3.peg.3789.site.43, 23, 132, 155
1339327.3.peg.3789.site.44, 3, 133, 136
1339327.3.peg.3789.site.45, 0, 135, 135
1339327.3.peg.3789.site.46, 2, 135, 137
1339327.3.peg.3789.site.47, 15, 137, 152
1339327.3.peg.3789.site.48, 17, 136, 153
1339327.3.peg.3789.site.49, 3, 135, 138
1339327.3.peg.3788.site.1, 4, 136, 140
1339327.3.peg.3788.site.2, 9, 137, 146
1339327.3.peg.3788.site.3, 32, 131, 163
1339327.3.peg.3788.site.4, 38, 131, 169
1339327.3.peg.3788.site.5, 0, 132, 132
1339327.3.peg.3788.site.6, 1, 131, 132
1339327.3.peg.3788.site.7, 4, 131, 135
1339327.3.peg.3788.site.8, 2, 132, 134
1339327.3.peg.3788.site.9, 71, 132, 203
1339327.3.peg.3788.site.10, 18, 135, 153
1339327.3.peg.123.site.1, 4, 133, 137
1339327.3.peg.123.site.2, 0, 135, 135
1339327.3.peg.123.site.3, 7, 134, 141
1339327.3.peg.123.site.4, 0, 134, 134
1339327.3.peg.123.site.5, 0, 134, 134
1339327.3.peg.123.site.6, 88, 135, 223
1339327.3.peg.123.site.7, 3, 135, 138
1339327.3.peg.123.site.8, 79, 134, 213
1339327.3.peg.123.site.9, 90, 136, 226
1339327.3.peg.123.site.10, 0, 137, 137
1339327.3.peg.123.site.11, 4, 137, 141
1339327.3.peg.123.site.12, 11, 134, 145
1339327.3.peg.123.site.13, 95, 137, 232
1339327.3.peg.123.site.14, 71, 124, 195
1339327.3.peg.123.site.15, 1, 127, 128
1339327.3.peg.123.site.16, 0, 125, 125
1339327.3.peg.123.site.17, 2, 133, 135
1339327.3.peg.123.site.18, 0, 135, 135
1339327.3.peg.122.site.1, 42, 45, 87
1339327.3.peg.122.site.2, 4, 116, 120
1339327.3.peg.122.site.3, 3, 134, 137
1339327.3.peg.122.site.4, 2, 134, 136
1339327.3.peg.122.site.5, 3, 133, 136
1339327.3.peg.122.site.6, 26, 136, 162
1339327.3.peg.122.site.7, 6, 137, 143
1339327.3.peg.122.site.8, 0, 134, 134
1339327.3.peg.122.site.9, 0, 135, 135
1339327.3.peg.122.site.10, 93, 136, 229
1339327.3.peg.122.site.11, 23, 136, 159
1339327.3.peg.122.site.12, 24, 137, 161
1339327.3.peg.122.site.13, 32, 136, 168
1339327.3.peg.122.site.14, 3, 136, 139
1339327.3.peg.122.site.15, 4, 137, 141
1339327.3.peg.5138.site.1, 13, 135, 148
1339327.3.peg.5138.site.2, 11, 136, 147
1339327.3.peg.5138.site.3, 5, 136, 141
1339327.3.peg.5138.site.4, 2, 136, 138
1339327.3.peg.5138.site.5, 19, 135, 154
1339327.3.peg.5138.site.6, 2, 136, 138
1339327.3.peg.5138.site.7, 10, 134, 144
1339327.3.peg.5138.site.8, 0, 136, 136
1339327.3.peg.5138.site.9, 2, 136, 138
1339327.3.peg.5138.site.10, 1, 137, 138
1339327.3.peg.5138.site.11, 9, 137, 146
1339327.3.peg.5138.site.12, 2, 136, 138
1339327.3.peg.5138.site.13, 17, 134, 151
1339327.3.peg.5138.site.14, 1, 135, 136
1339327.3.peg.5138.site.15, 3, 134, 137
1339327.3.peg.5138.site.16, 2, 128, 130
1339327.3.peg.5138.site.17, 3, 134, 137
1339327.3.peg.5138.site.18, 5, 135, 140
1339327.3.peg.5138.site.19, 13, 137, 150
1339327.3.peg.5139.site.1, 5, 137, 142
1339327.3.peg.4527.site.1, 2, 137, 139
1339327.3.peg.4527.site.2, 2, 137, 139
1339327.3.peg.4527.site.3, 2, 136, 138
1339327.3.peg.4527.site.4, 3, 127, 130
1339327.3.peg.4527.site.5, 34, 122, 156
1339327.3.peg.4527.site.6, 0, 129, 129
1339327.3.peg.4527.site.7, 3, 118, 121
1339327.3.peg.4527.site.8, 2, 131, 133
1339327.3.peg.4527.site.9, 2, 133, 135
1339327.3.peg.4527.site.10, 4, 134, 138
1339327.3.peg.4527.site.11, 2, 130, 132
1339327.3.peg.4527.site.12, 1, 131, 132
1339327.3.peg.4527.site.13, 2, 137, 139
1339327.3.peg.4527.site.14, 0, 136, 136
1339327.3.peg.4527.site.15, 2, 137, 139
1339327.3.peg.4337.site.1, 0, 135, 135
1339327.3.peg.4337.site.2, 4, 136, 140
1339327.3.peg.4337.site.3, 7, 137, 144
1339327.3.peg.4337.site.4, 1, 137, 138
1339327.3.peg.4337.site.5, 33, 135, 168
1339327.3.peg.1551.site.1, 22, 136, 158
1339327.3.peg.1551.site.2, 66, 136, 202
1339327.3.peg.1551.site.3, 0, 136, 136
1339327.3.peg.4339.site.1, 2, 136, 138
1339327.3.peg.4339.site.2, 0, 134, 134
1339327.3.peg.4339.site.3, 16, 135, 151
1339327.3.peg.4339.site.4, 12, 134, 146
1339327.3.peg.4339.site.5, 12, 135, 147
1339327.3.peg.4339.site.6, 3, 137, 140
1339327.3.peg.4339.site.7, 2, 137, 139
1339327.3.peg.4339.site.8, 1, 136, 137
1339327.3.peg.4339.site.9, 2, 137, 139
1339327.3.peg.4339.site.10, 0, 136, 136
1339327.3.peg.4339.site.11, 2, 137, 139
1339327.3.peg.4339.site.12, 5, 137, 142
1339327.3.peg.4339.site.13, 95, 137, 232
1339327.3.peg.4338.site.1, 1, 136, 137
1339327.3.peg.4338.site.2, 1, 135, 136
1339327.3.peg.4338.site.3, 2, 135, 137
1339327.3.peg.4338.site.4, 8, 136, 144
1339327.3.peg.4338.site.5, 44, 136, 180
1339327.3.peg.4338.site.6, 5, 135, 140
1339327.3.peg.4338.site.7, 8, 130, 138
1339327.3.peg.4338.site.8, 15, 127, 142
1339327.3.peg.4338.site.9, 53, 131, 184
1339327.3.peg.4338.site.10, 2, 129, 131
1339327.3.peg.4338.site.11, 49, 136, 185
1339327.3.peg.4338.site.12, 9, 136, 145
1339327.3.peg.4338.site.13, 2, 135, 137
1339327.3.peg.4338.site.14, 0, 134, 134
1339327.3.peg.4338.site.15, 15, 133, 148
1339327.3.peg.4520.site.1, 2, 137, 139
1339327.3.peg.4520.site.2, 42, 136, 178
1339327.3.peg.4520.site.3, 19, 137, 156
1339327.3.peg.4520.site.4, 65, 137, 202
1339327.3.peg.4520.site.5, 12, 137, 149
1339327.3.peg.4520.site.6, 35, 137, 172
1339327.3.peg.4520.site.7, 0, 137, 137
1339327.3.peg.4520.site.8, 2, 136, 138
1339327.3.peg.4520.site.9, 3, 136, 139
1339327.3.peg.4520.site.10, 1, 136, 137
1339327.3.peg.4520.site.11, 11, 135, 146
1339327.3.peg.4520.site.12, 12, 135, 147
1339327.3.peg.4520.site.13, 7, 136, 143
1339327.3.peg.4520.site.14, 2, 136, 138
1339327.3.peg.4520.site.15, 2, 137, 139
1339327.3.peg.4520.site.16, 4, 137, 141
1339327.3.peg.4520.site.17, 3, 136, 139
1339327.3.peg.4520.site.18, 53, 134, 187
1339327.3.peg.4520.site.19, 44, 133, 177
1339327.3.peg.4520.site.20, 4, 135, 139
1339327.3.peg.4520.site.21, 1, 135, 136
1339327.3.peg.4520.site.22, 31, 134, 165
1339327.3.peg.4520.site.23, 6, 135, 141
1339327.3.peg.4520.site.24, 77, 134, 211
1339327.3.peg.4520.site.25, 1, 132, 133
1339327.3.peg.5137.site.1, 112, 136, 248
1339327.3.peg.5137.site.2, 10, 136, 146
1339327.3.peg.5137.site.3, 14, 137, 151
1339327.3.peg.5137.site.4, 118, 137, 255
1339327.3.peg.5137.site.5, 9, 136, 145
1339327.3.peg.5137.site.6, 77, 136, 213
1339327.3.peg.5137.site.7, 0, 137, 137
1339327.3.peg.5137.site.8, 2, 135, 137
1339327.3.peg.5137.site.9, 109, 137, 246
1339327.3.peg.5137.site.10, 1, 137, 138
1339327.3.peg.5137.site.11, 19, 136, 155
1339327.3.peg.5137.site.12, 7, 137, 144
1339327.3.peg.5137.site.13, 22, 137, 159
1339327.3.peg.5137.site.14, 5, 137, 142
1339327.3.peg.5130.site.1, 58, 123, 181
1339327.3.peg.5130.site.2, 27, 123, 150
1339327.3.peg.5130.site.3, 0, 122, 122
1339327.3.peg.5130.site.4, 14, 123, 137
1339327.3.peg.5130.site.5, 3, 123, 126
1339327.3.peg.5130.site.6, 3, 124, 127
1339327.3.peg.5130.site.7, 1, 123, 124
1339327.3.peg.5130.site.8, 0, 122, 122
1339327.3.peg.5130.site.9, 8, 123, 131
1339327.3.peg.5130.site.10, 6, 123, 129
1339327.3.peg.5130.site.11, 120, 120, 240
1339327.3.peg.5131.site.1, 3, 122, 125
1339327.3.peg.5131.site.2, 0, 123, 123
1339327.3.peg.5131.site.3, 3, 123, 126
1339327.3.peg.5131.site.4, 0, 124, 124
1339327.3.peg.5131.site.5, 0, 125, 125
1339327.3.peg.5131.site.6, 68, 125, 193
1339327.3.peg.5131.site.7, 10, 124, 134
1339327.3.peg.5131.site.8, 0, 123, 123
1339327.3.peg.5131.site.9, 1, 124, 125
1339327.3.peg.5131.site.10, 0, 123, 123
1339327.3.peg.5131.site.11, 4, 122, 126
1339327.3.peg.5131.site.12, 0, 123, 123
1339327.3.peg.5131.site.13, 14, 124, 138
1339327.3.peg.1558.site.1, 0, 132, 132
1339327.3.peg.1558.site.2, 0, 132, 132
1339327.3.peg.1558.site.3, 0, 122, 122
1339327.3.peg.1558.site.4, 18, 112, 130
1339327.3.peg.1558.site.5, 4, 135, 139
1339327.3.peg.1558.site.6, 17, 135, 152
1339327.3.peg.3235.site.1, 3, 135, 138
1339327.3.peg.3235.site.2, 9, 135, 144
1339327.3.peg.1620.site.1, 30, 136, 166
1339327.3.peg.1620.site.2, 3, 137, 140
1339327.3.peg.1620.site.3, 10, 136, 146
1339327.3.peg.1620.site.4, 11, 136, 147
1339327.3.peg.1620.site.5, 0, 134, 134
1339327.3.peg.1620.site.6, 6, 135, 141
1339327.3.peg.1620.site.7, 83, 134, 217
1339327.3.peg.1620.site.8, 6, 134, 140
1339327.3.peg.1620.site.9, 2, 136, 138
1339327.3.peg.3237.site.1, 16, 135, 151
1339327.3.peg.3237.site.2, 2, 136, 138
1339327.3.peg.3237.site.3, 0, 133, 133
1339327.3.peg.3237.site.4, 4, 133, 137
1339327.3.peg.3237.site.5, 3, 132, 135
1339327.3.peg.3237.site.6, 9, 130, 139
1339327.3.peg.3237.site.7, 0, 133, 133
1339327.3.peg.3237.site.8, 3, 135, 138
1339327.3.peg.3237.site.9, 0, 133, 133
1339327.3.peg.3237.site.10, 0, 134, 134
1339327.3.peg.3237.site.11, 0, 132, 132
1339327.3.peg.3237.site.12, 1, 133, 134
1339327.3.peg.3237.site.13, 3, 134, 137
1339327.3.peg.3237.site.14, 0, 133, 133
1339327.3.peg.3237.site.15, 15, 136, 151
1339327.3.peg.3237.site.16, 1, 137, 138
1339327.3.peg.1559.site.1, 3, 134, 137
1339327.3.peg.1559.site.2, 8, 136, 144
1339327.3.peg.1559.site.3, 52, 134, 186
1339327.3.peg.1559.site.4, 1, 136, 137
1339327.3.peg.1559.site.5, 5, 137, 142
1339327.3.peg.1559.site.6, 13, 134, 147
1339327.3.peg.1559.site.7, 9, 135, 144
1339327.3.peg.1559.site.8, 17, 135, 152
1339327.3.peg.1559.site.9, 32, 136, 168
1339327.3.peg.3231.site.1, 0, 136, 136
1339327.3.peg.3231.site.2, 3, 136, 139
1339327.3.peg.3231.site.3, 3, 136, 139
1339327.3.peg.3231.site.4, 1, 136, 137
1339327.3.peg.3231.site.5, 0, 136, 136
1339327.3.peg.3231.site.6, 3, 137, 140
1339327.3.peg.3231.site.7, 2, 135, 137
1339327.3.peg.3230.site.1, 2, 135, 137
1339327.3.peg.3230.site.2, 5, 135, 140
1339327.3.peg.3230.site.3, 84, 136, 220
1339327.3.peg.3230.site.4, 69, 134, 203
1339327.3.peg.3230.site.5, 0, 135, 135
1339327.3.peg.3230.site.6, 5, 135, 140
1339327.3.peg.3230.site.7, 3, 137, 140
1339327.3.peg.3230.site.8, 26, 135, 161
1339327.3.peg.3230.site.9, 8, 135, 143
1339327.3.peg.3230.site.10, 88, 135, 223
1339327.3.peg.3230.site.11, 11, 136, 147
1339327.3.peg.3230.site.12, 3, 135, 138
1339327.3.peg.3230.site.13, 5, 137, 142
1339327.3.peg.3230.site.14, 18, 137, 155
1339327.3.peg.3230.site.15, 15, 137, 152
1339327.3.peg.3230.site.16, 8, 137, 145
1339327.3.peg.3230.site.17, 0, 137, 137
1339327.3.peg.3230.site.18, 9, 137, 146
1339327.3.peg.3230.site.19, 0, 136, 136
1339327.3.peg.3230.site.20, 3, 136, 139
1339327.3.peg.3233.site.1, 12, 136, 148
1339327.3.peg.3233.site.2, 5, 133, 138
1339327.3.peg.3233.site.3, 1, 135, 136
1339327.3.peg.3233.site.4, 0, 134, 134
1339327.3.peg.3233.site.5, 0, 133, 133
1339327.3.peg.3233.site.6, 4, 131, 135
1339327.3.peg.3233.site.7, 2, 132, 134
1339327.3.peg.3233.site.8, 0, 136, 136
1339327.3.peg.3233.site.9, 1, 137, 138
1339327.3.peg.3233.site.10, 41, 136, 177
1339327.3.peg.3233.site.11, 3, 135, 138
1339327.3.peg.3233.site.12, 31, 136, 167
1339327.3.peg.3233.site.13, 3, 132, 135
1339327.3.peg.3233.site.14, 4, 132, 136
1339327.3.peg.1621.site.1, 3, 131, 134
1339327.3.peg.1621.site.2, 7, 137, 144
1339327.3.peg.1621.site.3, 32, 137, 169
1339327.3.peg.1621.site.4, 10, 137, 147
1339327.3.peg.1621.site.5, 73, 137, 210
1339327.3.peg.1621.site.6, 1, 135, 136
1339327.3.peg.1621.site.7, 33, 137, 170
1339327.3.peg.1621.site.8, 1, 136, 137
1339327.3.peg.1621.site.9, 0, 133, 133
1339327.3.peg.4521.site.1, 1, 137, 138
1339327.3.peg.4521.site.2, 33, 136, 169
1339327.3.peg.4521.site.3, 75, 135, 210
1339327.3.peg.4521.site.4, 1, 135, 136
1339327.3.peg.4521.site.5, 13, 134, 147
1339327.3.peg.4521.site.6, 1, 135, 136
1339327.3.peg.4521.site.7, 9, 136, 145
1339327.3.peg.4521.site.8, 57, 132, 189
1339327.3.peg.4521.site.9, 56, 134, 190
1339327.3.peg.4521.site.10, 1, 136, 137
1339327.3.peg.4521.site.11, 124, 136, 260
1339327.3.peg.4521.site.12, 4, 137, 141
1339327.3.peg.4521.site.13, 113, 137, 250
1339327.3.peg.4521.site.14, 4, 137, 141
1339327.3.peg.4521.site.15, 3, 136, 139
1339327.3.peg.4521.site.16, 5, 136, 141
1339327.3.peg.4521.site.17, 2, 136, 138
1339327.3.peg.4521.site.18, 2, 136, 138
1339327.3.peg.4521.site.19, 0, 135, 135
1339327.3.peg.4521.site.20, 0, 136, 136
1339327.3.peg.4521.site.21, 3, 137, 140
1339327.3.peg.4521.site.22, 1, 137, 138
1339327.3.peg.4521.site.23, 0, 137, 137
1339327.3.peg.4521.site.24, 4, 137, 141
1339327.3.peg.4521.site.25, 21, 135, 156
1339327.3.peg.4522.site.1, 119, 135, 254
1339327.3.peg.4522.site.2, 0, 137, 137
1339327.3.peg.4522.site.3, 2, 137, 139
1339327.3.peg.4522.site.4, 8, 135, 143
1339327.3.peg.4522.site.5, 11, 136, 147
1339327.3.peg.4522.site.6, 106, 134, 240
1339327.3.peg.4522.site.7, 3, 134, 137
1339327.3.peg.4522.site.8, 3, 136, 139
1339327.3.peg.4522.site.9, 0, 137, 137
1339327.3.peg.4522.site.10, 3, 136, 139
1339327.3.peg.4522.site.11, 3, 136, 139
1339327.3.peg.4522.site.12, 25, 136, 161
1339327.3.peg.4522.site.13, 5, 136, 141
1339327.3.peg.4522.site.14, 2, 135, 137
1339327.3.peg.4522.site.15, 2, 135, 137
1339327.3.peg.4522.site.16, 103, 134, 237
1339327.3.peg.4522.site.17, 1, 137, 138
1339327.3.peg.4522.site.18, 5, 137, 142
1339327.3.peg.4522.site.19, 1, 136, 137
1339327.3.peg.4522.site.20, 1, 137, 138
1339327.3.peg.4522.site.21, 3, 136, 139
1339327.3.peg.4522.site.22, 1, 135, 136
1339327.3.peg.2130.site.1, 125, 125, 250
1339327.3.peg.2130.site.2, 49, 135, 184
1339327.3.peg.2130.site.3, 6, 135, 141
1339327.3.peg.2130.site.4, 21, 137, 158
1339327.3.peg.2130.site.5, 1, 135, 136
1339327.3.peg.2130.site.6, 1, 136, 137
1339327.3.peg.2130.site.7, 15, 137, 152
1339327.3.peg.2130.site.8, 78, 137, 215
1339327.3.peg.2130.site.9, 6, 137, 143
1339327.3.peg.2130.site.10, 16, 135, 151
1339327.3.peg.2130.site.11, 5, 133, 138
1339327.3.peg.2130.site.12, 0, 136, 136
1339327.3.peg.2130.site.13, 0, 137, 137
1339327.3.peg.2130.site.14, 0, 136, 136
1339327.3.peg.2130.site.15, 4, 137, 141
1339327.3.peg.2130.site.16, 102, 136, 238
1339327.3.peg.2130.site.17, 0, 135, 135
1339327.3.peg.2130.site.18, 2, 136, 138
1339327.3.peg.2130.site.19, 7, 136, 143
1339327.3.peg.2130.site.20, 6, 136, 142
1339327.3.peg.2130.site.21, 6, 136, 142
1339327.3.peg.2130.site.22, 2, 134, 136
1339327.3.peg.2130.site.23, 1, 135, 136
1339327.3.peg.2130.site.24, 49, 137, 186
1339327.3.peg.2130.site.25, 2, 132, 134
1339327.3.peg.3120.site.1, 5, 136, 141
1339327.3.peg.3120.site.2, 93, 136, 229
1339327.3.peg.3120.site.3, 7, 134, 141
1339327.3.peg.3120.site.4, 0, 136, 136
1339327.3.peg.3120.site.5, 18, 136, 154
1339327.3.peg.3120.site.6, 8, 137, 145
1339327.3.peg.3120.site.7, 9, 136, 145
1339327.3.peg.3120.site.8, 38, 135, 173
1339327.3.peg.3120.site.9, 14, 135, 149
1339327.3.peg.3120.site.10, 7, 135, 142
1339327.3.peg.3120.site.11, 17, 136, 153
1339327.3.peg.3811.site.1, 5, 135, 140
1339327.3.peg.3811.site.2, 7, 134, 141
1339327.3.peg.3811.site.3, 18, 136, 154
1339327.3.peg.3811.site.4, 1, 135, 136
1339327.3.peg.3811.site.5, 18, 125, 143
1339327.3.peg.3811.site.6, 2, 124, 126
1339327.3.peg.3741.site.1, 5, 136, 141
1339327.3.peg.3741.site.2, 7, 132, 139
1339327.3.peg.3741.site.3, 8, 137, 145
1339327.3.peg.3741.site.4, 35, 135, 170
1339327.3.peg.3741.site.5, 45, 136, 181
1339327.3.peg.3741.site.6, 75, 134, 209
1339327.3.peg.3741.site.7, 10, 136, 146
1339327.3.peg.3741.site.8, 15, 136, 151
1339327.3.peg.948.site.1, 0, 137, 137
1339327.3.peg.948.site.2, 2, 136, 138
1339327.3.peg.948.site.3, 33, 136, 169
1339327.3.peg.948.site.4, 7, 137, 144
1339327.3.peg.948.site.5, 90, 136, 226
1339327.3.peg.948.site.6, 0, 136, 136
1339327.3.peg.948.site.7, 11, 135, 146
1339327.3.peg.948.site.8, 3, 135, 138
1339327.3.peg.948.site.9, 2, 136, 138
1339327.3.peg.948.site.10, 1, 137, 138
1339327.3.peg.948.site.11, 20, 137, 157
1339327.3.peg.948.site.12, 2, 136, 138
1339327.3.peg.948.site.13, 40, 136, 176
1339327.3.peg.948.site.14, 62, 137, 199
1339327.3.peg.948.site.15, 3, 136, 139
1339327.3.peg.948.site.16, 49, 137, 186
1339327.3.peg.948.site.17, 1, 137, 138
1339327.3.peg.948.site.18, 62, 136, 198
1339327.3.peg.947.site.1, 35, 137, 172
1339327.3.peg.947.site.2, 52, 136, 188
1339327.3.peg.947.site.3, 21, 136, 157
1339327.3.peg.947.site.4, 2, 137, 139
1339327.3.peg.947.site.5, 10, 137, 147
1339327.3.peg.947.site.6, 1, 137, 138
1339327.3.peg.947.site.7, 2, 137, 139
1339327.3.peg.947.site.8, 1, 135, 136
1339327.3.peg.946.site.1, 0, 136, 136
1339327.3.peg.946.site.2, 1, 136, 137
1339327.3.peg.946.site.3, 2, 137, 139
1339327.3.peg.946.site.4, 0, 137, 137
1339327.3.peg.946.site.5, 42, 136, 178
1339327.3.peg.946.site.6, 28, 136, 164
1339327.3.peg.946.site.7, 2, 137, 139
1339327.3.peg.945.site.1, 4, 133, 137
1339327.3.peg.945.site.2, 31, 135, 166
1339327.3.peg.945.site.3, 10, 135, 145
1339327.3.peg.945.site.4, 3, 135, 138
1339327.3.peg.945.site.5, 104, 136, 240
1339327.3.peg.945.site.6, 1, 137, 138
1339327.3.peg.945.site.7, 20, 135, 155
1339327.3.peg.945.site.8, 0, 133, 133
1339327.3.peg.945.site.9, 0, 130, 130
1339327.3.peg.944.site.1, 0, 136, 136
1339327.3.peg.944.site.2, 0, 136, 136
1339327.3.peg.944.site.3, 76, 137, 213
1339327.3.peg.944.site.4, 0, 136, 136
1339327.3.peg.944.site.5, 3, 137, 140
1339327.3.peg.944.site.6, 3, 136, 139
1339327.3.peg.944.site.7, 17, 137, 154
1339327.3.peg.944.site.8, 8, 136, 144
1339327.3.peg.944.site.9, 15, 135, 150
1339327.3.peg.944.site.10, 1, 135, 136
1339327.3.peg.944.site.11, 0, 136, 136
1339327.3.peg.944.site.12, 2, 137, 139
1339327.3.peg.944.site.13, 43, 137, 180
1339327.3.peg.944.site.14, 87, 137, 224
1339327.3.peg.944.site.15, 33, 137, 170
1339327.3.peg.944.site.16, 7, 137, 144
1339327.3.peg.944.site.17, 6, 136, 142
1339327.3.peg.944.site.18, 79, 134, 213
1339327.3.peg.944.site.19, 124, 135, 259
1339327.3.peg.944.site.20, 2, 135, 137
1339327.3.peg.944.site.21, 3, 136, 139
1339327.3.peg.944.site.22, 0, 137, 137
1339327.3.peg.944.site.23, 4, 137, 141
1339327.3.peg.944.site.24, 2, 137, 139
1339327.3.peg.944.site.25, 0, 135, 135
1339327.3.peg.944.site.26, 65, 136, 201
1339327.3.peg.944.site.27, 0, 136, 136
1339327.3.peg.944.site.28, 2, 136, 138
1339327.3.peg.943.site.1, 13, 137, 150
1339327.3.peg.943.site.2, 14, 137, 151
1339327.3.peg.942.site.1, 4, 136, 140
1339327.3.peg.940.site.1, 1, 136, 137
1339327.3.peg.940.site.2, 93, 137, 230
1339327.3.peg.940.site.3, 2, 136, 138
1339327.3.peg.940.site.4, 6, 137, 143
1339327.3.peg.940.site.5, 5, 137, 142
1339327.3.peg.3742.site.1, 18, 133, 151
1339327.3.peg.3742.site.2, 9, 135, 144
1339327.3.peg.3742.site.3, 1, 137, 138
1339327.3.peg.3742.site.4, 60, 136, 196
1339327.3.peg.3742.site.5, 63, 136, 199
1339327.3.peg.3742.site.6, 63, 134, 197
1339327.3.peg.3742.site.7, 125, 133, 258
1339327.3.peg.3742.site.8, 52, 135, 187
1339327.3.peg.3742.site.9, 1, 136, 137
1339327.3.peg.3742.site.10, 1, 135, 136
1339327.3.peg.3742.site.11, 3, 137, 140
1339327.3.peg.3742.site.12, 0, 134, 134
1339327.3.peg.3742.site.13, 103, 118, 221
1339327.3.peg.3742.site.14, 8, 132, 140
1339327.3.peg.3742.site.15, 9, 135, 144
1339327.3.peg.3742.site.16, 46, 135, 181
1339327.3.peg.3742.site.17, 10, 136, 146
1339327.3.peg.3742.site.18, 12, 135, 147
1339327.3.peg.3742.site.19, 17, 135, 152
1339327.3.peg.3742.site.20, 3, 132, 135
1339327.3.peg.3742.site.21, 0, 132, 132
1339327.3.peg.3742.site.22, 1, 132, 133
1339327.3.peg.1136.site.1, 5, 135, 140
1339327.3.peg.1136.site.2, 1, 135, 136
1339327.3.peg.1136.site.3, 2, 137, 139
1339327.3.peg.1136.site.4, 0, 137, 137
1339327.3.peg.1136.site.5, 3, 137, 140
1339327.3.peg.1136.site.6, 1, 137, 138
1339327.3.peg.1136.site.7, 3, 136, 139
1339327.3.peg.1136.site.8, 9, 137, 146
1339327.3.peg.1136.site.9, 17, 137, 154
1339327.3.peg.1136.site.10, 36, 136, 172
1339327.3.peg.1136.site.11, 15, 137, 152
1339327.3.peg.1136.site.12, 10, 137, 147
1339327.3.peg.1136.site.13, 22, 137, 159
1339327.3.peg.1136.site.14, 2, 136, 138
1339327.3.peg.1136.site.15, 2, 136, 138
1339327.3.peg.3745.site.1, 0, 136, 136
1339327.3.peg.3745.site.2, 14, 132, 146
1339327.3.peg.3745.site.3, 6, 131, 137
1339327.3.peg.3745.site.4, 3, 131, 134
1339327.3.peg.3745.site.5, 0, 135, 135
1339327.3.peg.3745.site.6, 4, 137, 141
1339327.3.peg.3745.site.7, 83, 134, 217
1339327.3.peg.3745.site.8, 15, 136, 151
1339327.3.peg.3745.site.9, 3, 131, 134
1339327.3.peg.3745.site.10, 60, 132, 192
1339327.3.peg.3745.site.11, 55, 133, 188
1339327.3.peg.3745.site.12, 34, 130, 164
1339327.3.peg.3744.site.1, 0, 136, 136
1339327.3.peg.3744.site.2, 0, 133, 133
1339327.3.peg.3744.site.3, 0, 137, 137
1339327.3.peg.3744.site.4, 3, 137, 140
1339327.3.peg.3744.site.5, 16, 137, 153
1339327.3.peg.3744.site.6, 3, 136, 139
1339327.3.peg.3744.site.7, 2, 131, 133
1339327.3.peg.3744.site.8, 28, 135, 163
1339327.3.peg.3744.site.9, 1, 132, 133
1339327.3.peg.3744.site.10, 0, 133, 133
1339327.3.peg.3744.site.11, 5, 135, 140
1339327.3.peg.3744.site.12, 2, 135, 137
1339327.3.peg.3744.site.13, 3, 134, 137
1339327.3.peg.3744.site.14, 8, 137, 145
1339327.3.peg.3744.site.15, 4, 137, 141
1339327.3.peg.3744.site.16, 4, 135, 139
1339327.3.peg.3744.site.17, 78, 137, 215
1339327.3.peg.3744.site.18, 35, 137, 172
1339327.3.peg.3744.site.19, 10, 134, 144
1339327.3.peg.3744.site.20, 6, 132, 138
1339327.3.peg.3744.site.21, 11, 127, 138
1339327.3.peg.3744.site.22, 0, 133, 133
1339327.3.peg.3744.site.23, 7, 133, 140
1339327.3.peg.3744.site.24, 29, 137, 166
1339327.3.peg.3744.site.25, 0, 137, 137
1339327.3.peg.3747.site.1, 1, 134, 135
1339327.3.peg.3747.site.2, 0, 136, 136
1339327.3.peg.3747.site.3, 109, 131, 240
1339327.3.peg.3747.site.4, 3, 134, 137
1339327.3.peg.3747.site.5, 85, 134, 219
1339327.3.peg.3747.site.6, 8, 133, 141
1339327.3.peg.3747.site.7, 1, 132, 133
1339327.3.peg.3747.site.8, 38, 126, 164
1339327.3.peg.3747.site.9, 25, 135, 160
1339327.3.peg.3747.site.10, 2, 136, 138
1339327.3.peg.3747.site.11, 1, 135, 136
1339327.3.peg.3747.site.12, 111, 135, 246
1339327.3.peg.3747.site.13, 0, 137, 137
1339327.3.peg.3747.site.14, 1, 135, 136
1339327.3.peg.3747.site.15, 9, 135, 144
1339327.3.peg.3747.site.16, 2, 135, 137
1339327.3.peg.3747.site.17, 3, 136, 139
1339327.3.peg.3747.site.18, 2, 135, 137
1339327.3.peg.3747.site.19, 0, 128, 128
1339327.3.peg.3746.site.1, 6, 127, 133
1339327.3.peg.3746.site.2, 4, 127, 131
1339327.3.peg.3746.site.3, 1, 126, 127
1339327.3.peg.3746.site.4, 10, 108, 118
1339327.3.peg.3746.site.5, 7, 118, 125
1339327.3.peg.3746.site.6, 7, 135, 142
1339327.3.peg.3746.site.7, 0, 135, 135
1339327.3.peg.3746.site.8, 5, 136, 141
1339327.3.peg.3666.site.1, 11, 136, 147
1339327.3.peg.3666.site.2, 66, 136, 202
1339327.3.peg.3666.site.3, 2, 137, 139
1339327.3.peg.3666.site.4, 0, 133, 133
1339327.3.peg.3666.site.5, 0, 135, 135
1339327.3.peg.3666.site.6, 52, 137, 189
1339327.3.peg.3666.site.7, 3, 137, 140
1339327.3.peg.3666.site.8, 9, 137, 146
1339327.3.peg.3666.site.9, 32, 135, 167
1339327.3.peg.3666.site.10, 0, 137, 137
1339327.3.peg.3666.site.11, 66, 137, 203
1339327.3.peg.3666.site.12, 44, 136, 180
1339327.3.peg.3666.site.13, 1, 137, 138
1339327.3.peg.3666.site.14, 2, 137, 139
1339327.3.peg.3666.site.15, 3, 137, 140
1339327.3.peg.3666.site.16, 17, 136, 153
1339327.3.peg.3666.site.17, 1, 136, 137
1339327.3.peg.3666.site.18, 53, 135, 188
1339327.3.peg.3666.site.19, 3, 137, 140
1339327.3.peg.3666.site.20, 3, 137, 140
1339327.3.peg.3666.site.21, 2, 135, 137
1339327.3.peg.3666.site.22, 16, 136, 152
1339327.3.peg.3667.site.1, 16, 137, 153
1339327.3.peg.3667.site.2, 6, 137, 143
1339327.3.peg.3667.site.3, 5, 137, 142
1339327.3.peg.3667.site.4, 5, 137, 142
1339327.3.peg.3667.site.5, 1, 136, 137
1339327.3.peg.3667.site.6, 118, 137, 255
1339327.3.peg.3667.site.7, 0, 137, 137
1339327.3.peg.3667.site.8, 19, 137, 156
1339327.3.peg.3667.site.9, 26, 136, 162
1339327.3.peg.3667.site.10, 117, 136, 253
1339327.3.peg.3667.site.11, 5, 137, 142
1339327.3.peg.3667.site.12, 16, 136, 152
1339327.3.peg.3667.site.13, 71, 136, 207
1339327.3.peg.3667.site.14, 78, 134, 212
1339327.3.peg.3667.site.15, 92, 135, 227
1339327.3.peg.3667.site.16, 0, 135, 135
1339327.3.peg.3667.site.17, 7, 135, 142
1339327.3.peg.3667.site.18, 16, 135, 151
1339327.3.peg.3667.site.19, 21, 134, 155
1339327.3.peg.3667.site.20, 2, 134, 136
1339327.3.peg.3667.site.21, 88, 134, 222
1339327.3.peg.3667.site.22, 5, 137, 142
1339327.3.peg.3667.site.23, 5, 137, 142
1339327.3.peg.3667.site.24, 1, 134, 135
1339327.3.peg.3667.site.25, 91, 133, 224
1339327.3.peg.3667.site.26, 8, 133, 141
1339327.3.peg.3667.site.27, 30, 136, 166
1339327.3.peg.3667.site.28, 38, 137, 175
1339327.3.peg.3667.site.29, 18, 137, 155
1339327.3.peg.3667.site.30, 7, 135, 142
1339327.3.peg.3667.site.31, 39, 134, 173
1339327.3.peg.3667.site.32, 24, 134, 158
1339327.3.peg.3667.site.33, 3, 134, 137
1339327.3.peg.3667.site.34, 30, 137, 167
1339327.3.peg.3813.site.1, 4, 133, 137
1339327.3.peg.3813.site.2, 51, 129, 180
1339327.3.peg.3813.site.3, 111, 132, 243
1339327.3.peg.3813.site.4, 1, 133, 134
1339327.3.peg.3813.site.5, 8, 134, 142
1339327.3.peg.3813.site.6, 7, 135, 142
1339327.3.peg.3813.site.7, 3, 135, 138
1339327.3.peg.3813.site.8, 3, 134, 137
1339327.3.peg.3813.site.9, 0, 133, 133
1339327.3.peg.3813.site.10, 49, 134, 183
1339327.3.peg.3813.site.11, 1, 133, 134
1339327.3.peg.3813.site.12, 49, 135, 184
1339327.3.peg.3813.site.13, 2, 135, 137
1339327.3.peg.3813.site.14, 30, 135, 165
1339327.3.peg.3813.site.15, 2, 134, 136
1339327.3.peg.3813.site.16, 4, 134, 138
1339327.3.peg.3813.site.17, 8, 132, 140
1339327.3.peg.3813.site.18, 2, 135, 137
1339327.3.peg.3813.site.19, 85, 135, 220
1339327.3.peg.3813.site.20, 74, 133, 207
1339327.3.peg.3813.site.21, 129, 134, 263
1339327.3.peg.3664.site.1, 7, 134, 141
1339327.3.peg.3664.site.2, 1, 134, 135
1339327.3.peg.3664.site.3, 100, 135, 235
1339327.3.peg.3664.site.4, 11, 132, 143
1339327.3.peg.3664.site.5, 86, 131, 217
1339327.3.peg.3664.site.6, 0, 134, 134
1339327.3.peg.3664.site.7, 7, 132, 139
1339327.3.peg.3664.site.8, 7, 114, 121
1339327.3.peg.3664.site.9, 24, 85, 109
1339327.3.peg.3664.site.10, 0, 95, 95
1339327.3.peg.3664.site.11, 0, 136, 136
1339327.3.peg.3664.site.12, 11, 137, 148
1339327.3.peg.3664.site.13, 0, 136, 136
1339327.3.peg.3664.site.14, 64, 135, 199
1339327.3.peg.3664.site.15, 76, 134, 210
1339327.3.peg.3664.site.16, 34, 137, 171
1339327.3.peg.3664.site.17, 93, 137, 230
1339327.3.peg.3664.site.18, 9, 137, 146
1339327.3.peg.3664.site.19, 1, 136, 137
1339327.3.peg.3664.site.20, 2, 136, 138
1339327.3.peg.3664.site.21, 1, 135, 136
1339327.3.peg.3664.site.22, 3, 136, 139
1339327.3.peg.3664.site.23, 0, 137, 137
1339327.3.peg.3664.site.24, 5, 135, 140
1339327.3.peg.3664.site.25, 4, 134, 138
1339327.3.peg.1070.site.1, 4, 136, 140
1339327.3.peg.3662.site.1, 0, 136, 136
1339327.3.peg.3662.site.2, 19, 136, 155
1339327.3.peg.3663.site.1, 9, 137, 146
1339327.3.peg.3663.site.2, 3, 137, 140
1339327.3.peg.3663.site.3, 97, 137, 234
1339327.3.peg.3663.site.4, 5, 135, 140
1339327.3.peg.3663.site.5, 14, 135, 149
1339327.3.peg.3663.site.6, 0, 136, 136
1339327.3.peg.3663.site.7, 71, 136, 207
1339327.3.peg.3663.site.8, 110, 135, 245
1339327.3.peg.3663.site.9, 1, 131, 132
1339327.3.peg.3663.site.10, 2, 134, 136
1339327.3.peg.3663.site.11, 98, 134, 232
1339327.3.peg.3663.site.12, 1, 136, 137
1339327.3.peg.3663.site.13, 0, 136, 136
1339327.3.peg.3663.site.14, 5, 135, 140
1339327.3.peg.3663.site.15, 104, 135, 239
1339327.3.peg.495.site.1, 0, 132, 132
1339327.3.peg.495.site.2, 11, 132, 143
1339327.3.peg.495.site.3, 3, 132, 135
1339327.3.peg.495.site.4, 72, 131, 203
1339327.3.peg.495.site.5, 1, 76, 77
1339327.3.peg.495.site.6, 1, 75, 76
1339327.3.peg.495.site.7, 27, 129, 156
1339327.3.peg.495.site.8, 10, 132, 142
1339327.3.peg.495.site.9, 2, 132, 134
1339327.3.peg.495.site.10, 61, 131, 192
1339327.3.peg.495.site.11, 130, 130, 260
1339327.3.peg.495.site.12, 40, 131, 171
1339327.3.peg.495.site.13, 43, 131, 174
1339327.3.peg.495.site.14, 79, 130, 209
1339327.3.peg.495.site.15, 0, 132, 132
1339327.3.peg.495.site.16, 3, 131, 134
1339327.3.peg.495.site.17, 2, 132, 134
1339327.3.peg.495.site.18, 0, 131, 131
1339327.3.peg.497.site.1, 4, 132, 136
1339327.3.peg.497.site.2, 1, 132, 133
1339327.3.peg.497.site.3, 1, 130, 131
1339327.3.peg.497.site.4, 3, 131, 134
1339327.3.peg.496.site.1, 19, 131, 150
1339327.3.peg.496.site.2, 17, 132, 149
1339327.3.peg.496.site.3, 0, 128, 128
1339327.3.peg.496.site.4, 0, 131, 131
1339327.3.peg.496.site.5, 0, 130, 130
1339327.3.peg.496.site.6, 75, 131, 206
1339327.3.peg.496.site.7, 6, 132, 138
1339327.3.peg.496.site.8, 18, 131, 149
1339327.3.peg.496.site.9, 0, 132, 132
1339327.3.peg.496.site.10, 1, 132, 133
1339327.3.peg.496.site.11, 31, 131, 162
1339327.3.peg.496.site.12, 2, 132, 134
1339327.3.peg.496.site.13, 0, 132, 132
1339327.3.peg.496.site.14, 16, 132, 148
1339327.3.peg.4058.site.1, 22, 134, 156
1339327.3.peg.4058.site.2, 0, 133, 133
1339327.3.peg.4058.site.3, 3, 134, 137
1339327.3.peg.3660.site.1, 27, 135, 162
1339327.3.peg.3660.site.2, 0, 133, 133
1339327.3.peg.3660.site.3, 0, 135, 135
1339327.3.peg.3660.site.4, 3, 132, 135
1339327.3.peg.3660.site.5, 25, 133, 158
1339327.3.peg.3660.site.6, 16, 135, 151
1339327.3.peg.3660.site.7, 102, 135, 237
1339327.3.peg.3812.site.1, 0, 134, 134
1339327.3.peg.3812.site.2, 5, 135, 140
1339327.3.peg.3812.site.3, 3, 135, 138
1339327.3.peg.3812.site.4, 1, 136, 137
1339327.3.peg.3812.site.5, 2, 133, 135
1339327.3.peg.3812.site.6, 3, 134, 137
1339327.3.peg.3812.site.7, 3, 132, 135
1339327.3.peg.3812.site.8, 3, 134, 137
1339327.3.peg.3812.site.9, 11, 123, 134
1339327.3.peg.3812.site.10, 12, 121, 133
1339327.3.peg.3812.site.11, 9, 123, 132
1339327.3.peg.3812.site.12, 5, 132, 137
1339327.3.peg.3812.site.13, 103, 131, 234
1339327.3.peg.3812.site.14, 11, 130, 141
1339327.3.peg.3812.site.15, 20, 129, 149
1339327.3.peg.3812.site.16, 16, 133, 149
1339327.3.peg.3812.site.17, 41, 131, 172
1339327.3.peg.4054.site.1, 28, 136, 164
1339327.3.peg.4054.site.2, 2, 136, 138
1339327.3.peg.4054.site.3, 3, 136, 139
1339327.3.peg.4054.site.4, 0, 137, 137
1339327.3.peg.4054.site.5, 73, 137, 210
1339327.3.peg.4054.site.6, 0, 137, 137
1339327.3.peg.4054.site.7, 7, 136, 143
1339327.3.peg.4054.site.8, 7, 135, 142
1339327.3.peg.4054.site.9, 3, 137, 140
1339327.3.peg.4055.site.1, 1, 136, 137
1339327.3.peg.4055.site.2, 120, 137, 257
1339327.3.peg.4055.site.3, 0, 137, 137
1339327.3.peg.4055.site.4, 108, 136, 244
1339327.3.peg.4055.site.5, 3, 136, 139
1339327.3.peg.4055.site.6, 0, 135, 135
1339327.3.peg.4055.site.7, 0, 133, 133
1339327.3.peg.4055.site.8, 21, 136, 157
1339327.3.peg.4055.site.9, 5, 136, 141
1339327.3.peg.4055.site.10, 5, 134, 139
1339327.3.peg.4055.site.11, 1, 134, 135
1339327.3.peg.4055.site.12, 0, 134, 134
1339327.3.peg.4055.site.13, 9, 134, 143
1339327.3.peg.4056.site.1, 21, 137, 158
1339327.3.peg.4056.site.2, 3, 137, 140
1339327.3.peg.4056.site.3, 47, 135, 182
1339327.3.peg.4056.site.4, 7, 137, 144
1339327.3.peg.4056.site.5, 3, 137, 140
1339327.3.peg.4056.site.6, 1, 135, 136
1339327.3.peg.4056.site.7, 0, 137, 137
1339327.3.peg.4056.site.8, 17, 136, 153
1339327.3.peg.4056.site.9, 9, 136, 145
1339327.3.peg.3661.site.1, 12, 136, 148
1339327.3.peg.3661.site.2, 2, 133, 135
1339327.3.peg.3661.site.3, 98, 133, 231
1339327.3.peg.3661.site.4, 38, 135, 173
1339327.3.peg.3661.site.5, 20, 133, 153
1339327.3.peg.3661.site.6, 47, 131, 178
1339327.3.peg.3661.site.7, 17, 136, 153
1339327.3.peg.3661.site.8, 81, 137, 218
1339327.3.peg.3661.site.9, 0, 136, 136
1339327.3.peg.3661.site.10, 1, 137, 138
1339327.3.peg.499.site.1, 0, 132, 132
1339327.3.peg.499.site.2, 61, 132, 193
1339327.3.peg.499.site.3, 60, 132, 192
1339327.3.peg.499.site.4, 5, 132, 137
1339327.3.peg.499.site.5, 0, 131, 131
1339327.3.peg.498.site.1, 3, 132, 135
1339327.3.peg.498.site.2, 0, 132, 132
1339327.3.peg.498.site.3, 3, 131, 134
1339327.3.peg.498.site.4, 34, 131, 165
1339327.3.peg.498.site.5, 13, 132, 145
1339327.3.peg.498.site.6, 1, 131, 132
1339327.3.peg.498.site.7, 3, 131, 134
1339327.3.peg.498.site.8, 31, 131, 162
1339327.3.peg.498.site.9, 88, 130, 218
1339327.3.peg.498.site.10, 88, 131, 219
1339327.3.peg.498.site.11, 52, 130, 182
1339327.3.peg.498.site.12, 1, 132, 133
1339327.3.peg.498.site.13, 4, 131, 135
1339327.3.peg.498.site.14, 16, 132, 148
1339327.3.peg.498.site.15, 113, 132, 245
1339327.3.peg.498.site.16, 113, 132, 245
1339327.3.peg.498.site.17, 1, 131, 132
1339327.3.peg.498.site.18, 0, 131, 131
1339327.3.peg.498.site.19, 11, 132, 143
1339327.3.peg.498.site.20, 39, 132, 171
1339327.3.peg.498.site.21, 3, 132, 135
1339327.3.peg.498.site.22, 52, 132, 184
1339327.3.peg.498.site.23, 59, 132, 191
1339327.3.peg.498.site.24, 122, 132, 254
1339327.3.peg.498.site.25, 3, 130, 133
1339327.3.peg.498.site.26, 35, 131, 166
1339327.3.peg.4052.site.1, 7, 134, 141
1339327.3.peg.4052.site.2, 5, 136, 141
1339327.3.peg.4052.site.3, 3, 136, 139
1339327.3.peg.4052.site.4, 40, 135, 175
1339327.3.peg.4052.site.5, 6, 136, 142
1339327.3.peg.4052.site.6, 27, 132, 159
1339327.3.peg.4052.site.7, 2, 132, 134
1339327.3.peg.4052.site.8, 12, 132, 144
1339327.3.peg.4052.site.9, 3, 135, 138
1339327.3.peg.4052.site.10, 0, 135, 135
1339327.3.peg.4052.site.11, 25, 134, 159
1339327.3.peg.4052.site.12, 90, 136, 226
1339327.3.peg.4052.site.13, 0, 135, 135
1339327.3.peg.4053.site.1, 1, 134, 135
1339327.3.peg.4053.site.2, 2, 137, 139
1339327.3.peg.4053.site.3, 10, 136, 146
1339327.3.peg.4053.site.4, 0, 136, 136
1339327.3.peg.4053.site.5, 0, 136, 136
1339327.3.peg.4053.site.6, 2, 136, 138
1339327.3.peg.4053.site.7, 5, 135, 140
1339327.3.peg.4053.site.8, 24, 136, 160
1339327.3.peg.4053.site.9, 84, 135, 219
1339327.3.peg.4523.site.1, 73, 136, 209
1339327.3.peg.4523.site.2, 0, 137, 137
1339327.3.peg.4523.site.3, 3, 137, 140
1339327.3.peg.4523.site.4, 10, 137, 147
1339327.3.peg.4523.site.5, 112, 134, 246
1339327.3.peg.4523.site.6, 2, 136, 138
1339327.3.peg.832.site.1, 5, 134, 139
1339327.3.peg.832.site.2, 0, 137, 137
1339327.3.peg.832.site.3, 1, 136, 137
1339327.3.peg.832.site.4, 109, 136, 245
1339327.3.peg.832.site.5, 9, 137, 146
1339327.3.peg.832.site.6, 48, 137, 185
1339327.3.peg.832.site.7, 2, 137, 139
1339327.3.peg.832.site.8, 3, 137, 140
1339327.3.peg.832.site.9, 1, 137, 138
1339327.3.peg.832.site.10, 3, 137, 140
1339327.3.peg.832.site.11, 0, 135, 135
1339327.3.peg.831.site.1, 37, 135, 172
1339327.3.peg.831.site.2, 3, 136, 139
1339327.3.peg.831.site.3, 11, 137, 148
1339327.3.peg.831.site.4, 0, 137, 137
1339327.3.peg.831.site.5, 123, 137, 260
1339327.3.peg.831.site.6, 13, 137, 150
1339327.3.peg.831.site.7, 0, 136, 136
1339327.3.peg.831.site.8, 19, 136, 155
1339327.3.peg.830.site.1, 129, 129, 258
1339327.3.peg.830.site.2, 2, 135, 137
1339327.3.peg.830.site.3, 10, 137, 147
1339327.3.peg.830.site.4, 0, 136, 136
1339327.3.peg.830.site.5, 0, 136, 136
1339327.3.peg.830.site.6, 0, 136, 136
1339327.3.peg.830.site.7, 4, 136, 140
1339327.3.peg.830.site.8, 1, 136, 137
1339327.3.peg.830.site.9, 2, 135, 137
1339327.3.peg.830.site.10, 2, 136, 138
1339327.3.peg.830.site.11, 4, 135, 139
1339327.3.peg.830.site.12, 8, 136, 144
1339327.3.peg.830.site.13, 11, 136, 147
1339327.3.peg.830.site.14, 3, 136, 139
1339327.3.peg.830.site.15, 7, 137, 144
1339327.3.peg.830.site.16, 1, 136, 137
1339327.3.peg.830.site.17, 2, 135, 137
1339327.3.peg.830.site.18, 126, 136, 262
1339327.3.peg.830.site.19, 50, 136, 186
1339327.3.peg.830.site.20, 0, 137, 137
1339327.3.peg.5026.site.1, 0, 136, 136
1339327.3.peg.5026.site.2, 13, 136, 149
1339327.3.peg.5026.site.3, 0, 137, 137
1339327.3.peg.5026.site.4, 4, 136, 140
1339327.3.peg.5026.site.5, 45, 136, 181
1339327.3.peg.5026.site.6, 2, 137, 139
1339327.3.peg.5026.site.7, 124, 137, 261
1339327.3.peg.5026.site.8, 2, 137, 139
1339327.3.peg.5026.site.9, 126, 136, 262
1339327.3.peg.5026.site.10, 8, 136, 144
1339327.3.peg.5026.site.11, 4, 135, 139
1339327.3.peg.5026.site.12, 6, 134, 140
1339327.3.peg.5026.site.13, 4, 136, 140
1339327.3.peg.5026.site.14, 0, 131, 131
1339327.3.peg.5026.site.15, 2, 133, 135
1339327.3.peg.5026.site.16, 5, 137, 142
1339327.3.peg.5026.site.17, 2, 137, 139
1339327.3.peg.5026.site.18, 14, 136, 150
1339327.3.peg.5026.site.19, 4, 136, 140
1339327.3.peg.5026.site.20, 4, 137, 141
1339327.3.peg.5026.site.21, 3, 134, 137
1339327.3.peg.5026.site.22, 2, 137, 139
1339327.3.peg.5026.site.23, 1, 137, 138
1339327.3.peg.5026.site.24, 0, 137, 137
1339327.3.peg.5026.site.25, 8, 137, 145
1339327.3.peg.5026.site.26, 2, 137, 139
1339327.3.peg.5026.site.27, 56, 136, 192
1339327.3.peg.5026.site.28, 2, 125, 127
1339327.3.peg.5026.site.29, 0, 137, 137
1339327.3.peg.5026.site.30, 11, 137, 148
1339327.3.peg.5026.site.31, 2, 136, 138
1339327.3.peg.4430.site.1, 1, 136, 137
1339327.3.peg.4430.site.2, 30, 137, 167
1339327.3.peg.4430.site.3, 42, 136, 178
1339327.3.peg.4430.site.4, 2, 135, 137
1339327.3.peg.4430.site.5, 2, 136, 138
1339327.3.peg.4430.site.6, 1, 137, 138
1339327.3.peg.4430.site.7, 0, 136, 136
1339327.3.peg.1319.site.1, 2, 137, 139
1339327.3.peg.1319.site.2, 2, 136, 138
1339327.3.peg.1319.site.3, 90, 134, 224
1339327.3.peg.1319.site.4, 2, 133, 135
1339327.3.peg.1319.site.5, 1, 135, 136
1339327.3.peg.1319.site.6, 1, 134, 135
1339327.3.peg.1319.site.7, 1, 135, 136
1339327.3.peg.1319.site.8, 0, 135, 135
1339327.3.peg.1319.site.9, 3, 135, 138
1339327.3.peg.1319.site.10, 24, 134, 158
1339327.3.peg.1319.site.11, 3, 134, 137
1339327.3.peg.1319.site.12, 5, 135, 140
1339327.3.peg.1319.site.13, 1, 135, 136
1339327.3.peg.1319.site.14, 1, 135, 136
1339327.3.peg.1319.site.15, 1, 132, 133
1339327.3.peg.1319.site.16, 115, 135, 250
1339327.3.peg.1319.site.17, 2, 132, 134
1339327.3.peg.1319.site.18, 17, 133, 150
1339327.3.peg.1319.site.19, 15, 134, 149
1339327.3.peg.4528.site.1, 69, 135, 204
1339327.3.peg.4528.site.2, 81, 134, 215
1339327.3.peg.4528.site.3, 2, 130, 132
1339327.3.peg.4528.site.4, 7, 135, 142
1339327.3.peg.4528.site.5, 3, 134, 137
1339327.3.peg.4528.site.6, 36, 136, 172
1339327.3.peg.4528.site.7, 1, 137, 138
1339327.3.peg.4528.site.8, 0, 136, 136
1339327.3.peg.4528.site.9, 5, 135, 140
1339327.3.peg.4528.site.10, 35, 135, 170
1339327.3.peg.4528.site.11, 0, 135, 135
1339327.3.peg.4528.site.12, 62, 137, 199
1339327.3.peg.4528.site.13, 0, 137, 137
1339327.3.peg.4528.site.14, 2, 137, 139
1339327.3.peg.4528.site.15, 3, 137, 140
1339327.3.peg.4528.site.16, 4, 137, 141
1339327.3.peg.4528.site.17, 4, 137, 141
1339327.3.peg.4528.site.18, 113, 135, 248
1339327.3.peg.4528.site.19, 9, 136, 145
1339327.3.peg.4528.site.20, 56, 135, 191
1339327.3.peg.4528.site.21, 0, 136, 136
1339327.3.peg.4528.site.22, 12, 132, 144
1339327.3.peg.4528.site.23, 6, 132, 138
1339327.3.peg.4528.site.24, 0, 128, 128
1339327.3.peg.4528.site.25, 0, 136, 136
1339327.3.peg.706.site.1, 1, 135, 136
1339327.3.peg.706.site.2, 8, 136, 144
1339327.3.peg.706.site.3, 0, 136, 136
1339327.3.peg.706.site.4, 0, 137, 137
1339327.3.peg.706.site.5, 2, 136, 138
1339327.3.peg.706.site.6, 1, 137, 138
1339327.3.peg.706.site.7, 4, 137, 141
1339327.3.peg.706.site.8, 12, 137, 149
1339327.3.peg.706.site.9, 1, 137, 138
1339327.3.peg.706.site.10, 7, 137, 144
1339327.3.peg.706.site.11, 2, 136, 138
1339327.3.peg.1310.site.1, 0, 134, 134
1339327.3.peg.1310.site.2, 11, 134, 145
1339327.3.peg.1310.site.3, 8, 134, 142
1339327.3.peg.1310.site.4, 28, 134, 162
1339327.3.peg.1310.site.5, 52, 131, 183
1339327.3.peg.1310.site.6, 5, 133, 138
1339327.3.peg.1310.site.7, 36, 129, 165
1339327.3.peg.1310.site.8, 15, 133, 148
1339327.3.peg.1310.site.9, 22, 134, 156
1339327.3.peg.1310.site.10, 13, 134, 147
1339327.3.peg.1310.site.11, 63, 132, 195
1339327.3.peg.1311.site.1, 8, 134, 142
1339327.3.peg.1311.site.2, 22, 135, 157
1339327.3.peg.1311.site.3, 62, 134, 196
1339327.3.peg.1311.site.4, 100, 134, 234
1339327.3.peg.1311.site.5, 9, 135, 144
1339327.3.peg.1311.site.6, 2, 135, 137
1339327.3.peg.1311.site.7, 1, 135, 136
1339327.3.peg.1311.site.8, 14, 135, 149
1339327.3.peg.1311.site.9, 24, 132, 156
1339327.3.peg.1311.site.10, 2, 135, 137
1339327.3.peg.1311.site.11, 3, 133, 136
1339327.3.peg.1312.site.1, 2, 135, 137
1339327.3.peg.1312.site.2, 2, 136, 138
1339327.3.peg.1312.site.3, 2, 134, 136
1339327.3.peg.1312.site.4, 4, 134, 138
1339327.3.peg.1312.site.5, 76, 133, 209
1339327.3.peg.1312.site.6, 4, 133, 137
1339327.3.peg.1312.site.7, 23, 132, 155
1339327.3.peg.1312.site.8, 102, 135, 237
1339327.3.peg.1312.site.9, 1, 135, 136
1339327.3.peg.1312.site.10, 0, 135, 135
1339327.3.peg.1312.site.11, 1, 135, 136
1339327.3.peg.1312.site.12, 0, 133, 133
1339327.3.peg.1312.site.13, 73, 132, 205
1339327.3.peg.1312.site.14, 2, 134, 136
1339327.3.peg.1312.site.15, 68, 135, 203
1339327.3.peg.1312.site.16, 1, 135, 136
1339327.3.peg.1312.site.17, 6, 134, 140
1339327.3.peg.1312.site.18, 7, 135, 142
1339327.3.peg.1312.site.19, 0, 133, 133
1339327.3.peg.1312.site.20, 46, 133, 179
1339327.3.peg.1312.site.21, 2, 134, 136
1339327.3.peg.1312.site.22, 4, 133, 137
1339327.3.peg.1312.site.23, 50, 135, 185
1339327.3.peg.1312.site.24, 0, 135, 135
1339327.3.peg.1312.site.25, 0, 135, 135
1339327.3.peg.1312.site.26, 108, 134, 242
1339327.3.peg.1312.site.27, 0, 135, 135
1339327.3.peg.1312.site.28, 3, 132, 135
1339327.3.peg.1312.site.29, 2, 130, 132
1339327.3.peg.1312.site.30, 2, 132, 134
1339327.3.peg.1312.site.31, 48, 132, 180
1339327.3.peg.1312.site.32, 2, 133, 135
1339327.3.peg.1312.site.33, 18, 137, 155
1339327.3.peg.1312.site.34, 3, 135, 138
1339327.3.peg.1313.site.1, 1, 135, 136
1339327.3.peg.1313.site.2, 21, 135, 156
1339327.3.peg.1313.site.3, 30, 135, 165
1339327.3.peg.1313.site.4, 51, 135, 186
1339327.3.peg.1313.site.5, 129, 135, 264
1339327.3.peg.1313.site.6, 6, 135, 141
1339327.3.peg.1313.site.7, 24, 135, 159
1339327.3.peg.1313.site.8, 3, 135, 138
1339327.3.peg.1313.site.9, 19, 134, 153
1339327.3.peg.1313.site.10, 3, 135, 138
1339327.3.peg.1313.site.11, 0, 134, 134
1339327.3.peg.1313.site.12, 1, 135, 136
1339327.3.peg.1313.site.13, 0, 133, 133
1339327.3.peg.1314.site.1, 5, 135, 140
1339327.3.peg.1314.site.2, 0, 135, 135
1339327.3.peg.1314.site.3, 4, 133, 137
1339327.3.peg.1314.site.4, 57, 129, 186
1339327.3.peg.1315.site.1, 5, 135, 140
1339327.3.peg.1315.site.2, 3, 132, 135
1339327.3.peg.1315.site.3, 52, 132, 184
1339327.3.peg.1315.site.4, 17, 134, 151
1339327.3.peg.1315.site.5, 2, 134, 136
1339327.3.peg.1315.site.6, 16, 133, 149
1339327.3.peg.1315.site.7, 7, 134, 141
1339327.3.peg.1315.site.8, 2, 134, 136
1339327.3.peg.1315.site.9, 3, 133, 136
1339327.3.peg.1316.site.1, 46, 132, 178
1339327.3.peg.1316.site.2, 19, 135, 154
1339327.3.peg.1317.site.1, 1, 137, 138
1339327.3.peg.1317.site.2, 2, 137, 139
1339327.3.peg.1317.site.3, 3, 136, 139
1339327.3.peg.1317.site.4, 0, 135, 135
1339327.3.peg.1317.site.5, 2, 136, 138
1339327.3.peg.1317.site.6, 2, 136, 138
1339327.3.peg.1317.site.7, 0, 134, 134
1339327.3.peg.1317.site.8, 1, 135, 136
1339327.3.peg.1317.site.9, 8, 135, 143
1339327.3.peg.1317.site.10, 41, 134, 175
1339327.3.peg.1317.site.11, 0, 133, 133
1339327.3.peg.1317.site.12, 21, 131, 152
1339327.3.peg.1317.site.13, 9, 133, 142
1339327.3.peg.1317.site.14, 1, 134, 135
1339327.3.peg.1317.site.15, 5, 133, 138
1339327.3.peg.1317.site.16, 11, 133, 144
1339327.3.peg.1317.site.17, 17, 130, 147
1339327.3.peg.1317.site.18, 24, 127, 151
1339327.3.peg.1317.site.19, 1, 131, 132
1339327.3.peg.1317.site.20, 6, 133, 139
1339327.3.peg.1317.site.21, 10, 132, 142
1339327.3.peg.1317.site.22, 5, 133, 138
1339327.3.peg.1317.site.23, 18, 132, 150
1339327.3.peg.1317.site.24, 9, 134, 143
1339327.3.peg.1317.site.25, 2, 134, 136
1339327.3.peg.1317.site.26, 7, 134, 141
1339327.3.peg.1317.site.27, 2, 135, 137
1339327.3.peg.1317.site.28, 3, 134, 137
1339327.3.peg.1317.site.29, 0, 135, 135
1339327.3.peg.1317.site.30, 0, 135, 135
1339327.3.peg.1317.site.31, 1, 135, 136
1339327.3.peg.1317.site.32, 2, 135, 137
1339327.3.peg.1317.site.33, 75, 134, 209
1339327.3.peg.1317.site.34, 25, 134, 159
1339327.3.peg.1317.site.35, 6, 135, 141
1339327.3.peg.1317.site.36, 2, 134, 136
1339327.3.peg.1317.site.37, 2, 132, 134
1339327.3.peg.1317.site.38, 2, 129, 131
1339327.3.peg.4434.site.1, 6, 133, 139
1339327.3.peg.4434.site.2, 15, 134, 149
1339327.3.peg.4434.site.3, 2, 132, 134
1339327.3.peg.4434.site.4, 1, 134, 135
1339327.3.peg.4434.site.5, 1, 127, 128
1339327.3.peg.4434.site.6, 15, 132, 147
1339327.3.peg.4434.site.7, 14, 133, 147
1339327.3.peg.4434.site.8, 3, 134, 137
1339327.3.peg.4434.site.9, 1, 134, 135
1339327.3.peg.4434.site.10, 11, 133, 144
1339327.3.peg.4434.site.11, 0, 134, 134
1339327.3.peg.4434.site.12, 115, 132, 247
1339327.3.peg.4434.site.13, 0, 133, 133
1339327.3.peg.4434.site.14, 10, 134, 144
1339327.3.peg.4434.site.15, 2, 132, 134
1339327.3.peg.4434.site.16, 3, 134, 137
1339327.3.peg.4434.site.17, 4, 134, 138
1339327.3.peg.4434.site.18, 4, 134, 138
1339327.3.peg.4434.site.19, 3, 134, 137
1339327.3.peg.4434.site.20, 1, 134, 135
1339327.3.peg.4434.site.21, 0, 134, 134
1339327.3.peg.4434.site.22, 3, 134, 137
1339327.3.peg.4434.site.23, 2, 133, 135
1339327.3.peg.4838.site.1, 67, 137, 204
1339327.3.peg.4838.site.2, 69, 137, 206
1339327.3.peg.4838.site.3, 20, 137, 157
1339327.3.peg.4838.site.4, 129, 136, 265
1339327.3.peg.4838.site.5, 3, 137, 140
1339327.3.peg.4838.site.6, 3, 136, 139
1339327.3.peg.4838.site.7, 1, 136, 137
1339327.3.peg.4838.site.8, 28, 136, 164
1339327.3.peg.4838.site.9, 45, 135, 180
1339327.3.peg.4838.site.10, 3, 137, 140
1339327.3.peg.4838.site.11, 24, 136, 160
1339327.3.peg.4838.site.12, 13, 135, 148
1339327.3.peg.4838.site.13, 66, 135, 201
1339327.3.peg.4838.site.14, 0, 137, 137
1339327.3.peg.4838.site.15, 2, 137, 139
1339327.3.peg.4838.site.16, 0, 137, 137
1339327.3.peg.4838.site.17, 23, 136, 159
1339327.3.peg.4838.site.18, 3, 136, 139
1339327.3.peg.4838.site.19, 30, 136, 166
1339327.3.peg.4838.site.20, 2, 136, 138
1339327.3.peg.4838.site.21, 0, 136, 136
1339327.3.peg.4838.site.22, 87, 136, 223
1339327.3.peg.4838.site.23, 28, 136, 164
1339327.3.peg.4838.site.24, 0, 137, 137
1339327.3.peg.4838.site.25, 3, 136, 139
1339327.3.peg.4838.site.26, 14, 137, 151
1339327.3.peg.4838.site.27, 22, 136, 158
1339327.3.peg.4838.site.28, 0, 135, 135
1339327.3.peg.4839.site.1, 2, 137, 139
1339327.3.peg.4839.site.2, 0, 135, 135
1339327.3.peg.4836.site.1, 21, 137, 158
1339327.3.peg.4837.site.1, 48, 136, 184
1339327.3.peg.4837.site.2, 0, 137, 137
1339327.3.peg.4837.site.3, 12, 137, 149
1339327.3.peg.4837.site.4, 95, 136, 231
1339327.3.peg.4837.site.5, 3, 135, 138
1339327.3.peg.4837.site.6, 0, 135, 135
1339327.3.peg.4837.site.7, 0, 135, 135
1339327.3.peg.4837.site.8, 2, 136, 138
1339327.3.peg.4837.site.9, 2, 137, 139
1339327.3.peg.4837.site.10, 16, 136, 152
1339327.3.peg.4837.site.11, 2, 137, 139
1339327.3.peg.4837.site.12, 2, 135, 137
1339327.3.peg.4837.site.13, 95, 136, 231
1339327.3.peg.4837.site.14, 0, 137, 137
1339327.3.peg.4837.site.15, 2, 136, 138
1339327.3.peg.4837.site.16, 6, 136, 142
1339327.3.peg.4837.site.17, 2, 137, 139
1339327.3.peg.4837.site.18, 124, 134, 258
1339327.3.peg.4837.site.19, 7, 136, 143
1339327.3.peg.4837.site.20, 3, 137, 140
1339327.3.peg.4837.site.21, 27, 136, 163
1339327.3.peg.4837.site.22, 27, 136, 163
1339327.3.peg.4837.site.23, 42, 136, 178
1339327.3.peg.4837.site.24, 1, 135, 136
1339327.3.peg.4837.site.25, 3, 136, 139
1339327.3.peg.4837.site.26, 2, 137, 139
1339327.3.peg.4837.site.27, 0, 137, 137
1339327.3.peg.4837.site.28, 2, 137, 139
1339327.3.peg.4837.site.29, 28, 137, 165
1339327.3.peg.4837.site.30, 29, 137, 166
1339327.3.peg.4837.site.31, 2, 137, 139
1339327.3.peg.4837.site.32, 1, 136, 137
1339327.3.peg.4837.site.33, 2, 137, 139
1339327.3.peg.4837.site.34, 2, 137, 139
1339327.3.peg.4837.site.35, 21, 137, 158
1339327.3.peg.4837.site.36, 3, 137, 140
1339327.3.peg.4837.site.37, 7, 135, 142
1339327.3.peg.4837.site.38, 8, 136, 144
1339327.3.peg.4837.site.39, 1, 136, 137
1339327.3.peg.4834.site.1, 1, 132, 133
1339327.3.peg.4834.site.2, 82, 135, 217
1339327.3.peg.4834.site.3, 18, 137, 155
1339327.3.peg.4834.site.4, 111, 137, 248
1339327.3.peg.4834.site.5, 1, 137, 138
1339327.3.peg.4834.site.6, 10, 137, 147
1339327.3.peg.4834.site.7, 0, 137, 137
1339327.3.peg.4834.site.8, 13, 137, 150
1339327.3.peg.4834.site.9, 22, 136, 158
1339327.3.peg.4834.site.10, 29, 137, 166
1339327.3.peg.4834.site.11, 10, 137, 147
1339327.3.peg.4834.site.12, 2, 137, 139
1339327.3.peg.4834.site.13, 14, 135, 149
1339327.3.peg.4435.site.1, 3, 133, 136
1339327.3.peg.4435.site.2, 121, 134, 255
1339327.3.peg.4435.site.3, 2, 133, 135
1339327.3.peg.4435.site.4, 2, 133, 135
1339327.3.peg.4435.site.5, 1, 132, 133
1339327.3.peg.4435.site.6, 93, 132, 225
1339327.3.peg.4435.site.7, 0, 132, 132
1339327.3.peg.4435.site.8, 6, 133, 139
1339327.3.peg.4435.site.9, 0, 134, 134
1339327.3.peg.4435.site.10, 3, 134, 137
1339327.3.peg.4435.site.11, 21, 133, 154
1339327.3.peg.4435.site.12, 2, 133, 135
1339327.3.peg.4435.site.13, 3, 133, 136
1339327.3.peg.4435.site.14, 59, 133, 192
1339327.3.peg.4435.site.15, 2, 132, 134
1339327.3.peg.4435.site.16, 51, 134, 185
1339327.3.peg.4435.site.17, 5, 134, 139
1339327.3.peg.4435.site.18, 81, 133, 214
1339327.3.peg.4435.site.19, 14, 133, 147
1339327.3.peg.3589.site.1, 0, 136, 136
1339327.3.peg.3589.site.2, 34, 135, 169
1339327.3.peg.3589.site.3, 14, 136, 150
1339327.3.peg.4833.site.1, 1, 136, 137
1339327.3.peg.4833.site.2, 0, 137, 137
1339327.3.peg.4833.site.3, 15, 136, 151
1339327.3.peg.4833.site.4, 3, 137, 140
1339327.3.peg.4833.site.5, 10, 135, 145
1339327.3.peg.4833.site.6, 1, 137, 138
1339327.3.peg.4833.site.7, 32, 135, 167
1339327.3.peg.4833.site.8, 12, 136, 148
1339327.3.peg.4833.site.9, 2, 137, 139
1339327.3.peg.4833.site.10, 2, 137, 139
1339327.3.peg.4833.site.11, 1, 134, 135
1339327.3.peg.4830.site.1, 0, 136, 136
1339327.3.peg.4830.site.2, 7, 135, 142
1339327.3.peg.4830.site.3, 15, 136, 151
1339327.3.peg.4830.site.4, 6, 137, 143
1339327.3.peg.4830.site.5, 49, 137, 186
1339327.3.peg.4830.site.6, 18, 137, 155
1339327.3.peg.4830.site.7, 2, 137, 139
1339327.3.peg.4831.site.1, 3, 137, 140
1339327.3.peg.4831.site.2, 1, 136, 137
1339327.3.peg.4831.site.3, 4, 136, 140
1339327.3.peg.3817.site.1, 7, 136, 143
1339327.3.peg.3817.site.2, 3, 137, 140
1339327.3.peg.3817.site.3, 1, 137, 138
1339327.3.peg.3817.site.4, 2, 137, 139
1339327.3.peg.3817.site.5, 74, 137, 211
1339327.3.peg.3817.site.6, 5, 134, 139
1339327.3.peg.3817.site.7, 3, 135, 138
1339327.3.peg.3817.site.8, 0, 136, 136
1339327.3.peg.3817.site.9, 6, 135, 141
1339327.3.peg.3817.site.10, 3, 137, 140
1339327.3.peg.3817.site.11, 2, 136, 138
1339327.3.peg.3817.site.12, 0, 136, 136
1339327.3.peg.3817.site.13, 40, 137, 177
1339327.3.peg.3817.site.14, 35, 137, 172
1339327.3.peg.3817.site.15, 131, 136, 267
1339327.3.peg.3817.site.16, 3, 137, 140
1339327.3.peg.3817.site.17, 0, 137, 137
1339327.3.peg.3817.site.18, 0, 127, 127
1339327.3.peg.3817.site.19, 3, 132, 135
1339327.3.peg.3817.site.20, 69, 131, 200
1339327.3.peg.3817.site.21, 3, 133, 136
1339327.3.peg.3817.site.22, 8, 133, 141
1339327.3.peg.3817.site.23, 4, 133, 137
1339327.3.peg.3817.site.24, 1, 137, 138
1339327.3.peg.3817.site.25, 3, 137, 140
1339327.3.peg.3817.site.26, 76, 137, 213
1339327.3.peg.3817.site.27, 102, 137, 239
1339327.3.peg.3817.site.28, 0, 137, 137
1339327.3.peg.3817.site.29, 110, 134, 244
1339327.3.peg.3817.site.30, 50, 136, 186
1339327.3.peg.3817.site.31, 113, 137, 250
1339327.3.peg.3817.site.32, 10, 135, 145
1339327.3.peg.3817.site.33, 4, 136, 140
1339327.3.peg.3817.site.34, 10, 135, 145
1339327.3.peg.3817.site.35, 7, 137, 144
1339327.3.peg.3817.site.36, 3, 137, 140
1339327.3.peg.3817.site.37, 5, 135, 140
1339327.3.peg.3817.site.38, 70, 136, 206
1339327.3.peg.3817.site.39, 7, 135, 142
1339327.3.peg.3817.site.40, 6, 133, 139
1339327.3.peg.3817.site.41, 0, 133, 133
1339327.3.peg.3817.site.42, 21, 133, 154
1339327.3.peg.3817.site.43, 2, 136, 138
1339327.3.peg.1075.site.1, 42, 136, 178
1339327.3.peg.1075.site.2, 42, 137, 179
1339327.3.peg.1075.site.3, 0, 137, 137
1339327.3.peg.1075.site.4, 1, 137, 138
1339327.3.peg.1075.site.5, 5, 137, 142
1339327.3.peg.1075.site.6, 3, 137, 140
1339327.3.peg.1075.site.7, 26, 136, 162
1339327.3.peg.1075.site.8, 4, 136, 140
1339327.3.peg.1075.site.9, 2, 136, 138
1339327.3.peg.1075.site.10, 6, 136, 142
1339327.3.peg.1075.site.11, 4, 137, 141
1339327.3.peg.1075.site.12, 12, 137, 149
1339327.3.peg.1075.site.13, 4, 137, 141
1339327.3.peg.1075.site.14, 26, 137, 163
1339327.3.peg.1075.site.15, 0, 135, 135
1339327.3.peg.1075.site.16, 7, 135, 142
1339327.3.peg.1075.site.17, 0, 136, 136
1339327.3.peg.1075.site.18, 8, 135, 143
1339327.3.peg.1075.site.19, 3, 133, 136
1339327.3.peg.1075.site.20, 0, 137, 137
1339327.3.peg.1075.site.21, 2, 137, 139
1339327.3.peg.1075.site.22, 4, 137, 141
1339327.3.peg.1075.site.23, 1, 136, 137
1339327.3.peg.1075.site.24, 9, 137, 146
1339327.3.peg.1074.site.1, 1, 135, 136
1339327.3.peg.1074.site.2, 3, 136, 139
1339327.3.peg.1074.site.3, 0, 137, 137
1339327.3.peg.1074.site.4, 35, 137, 172
1339327.3.peg.1074.site.5, 92, 137, 229
1339327.3.peg.1074.site.6, 1, 137, 138
1339327.3.peg.1074.site.7, 10, 137, 147
1339327.3.peg.1074.site.8, 5, 137, 142
1339327.3.peg.1074.site.9, 2, 135, 137
1339327.3.peg.1074.site.10, 16, 134, 150
1339327.3.peg.1074.site.11, 3, 136, 139
1339327.3.peg.1074.site.12, 88, 136, 224
1339327.3.peg.1074.site.13, 2, 137, 139
1339327.3.peg.1074.site.14, 3, 137, 140
1339327.3.peg.1077.site.1, 2, 137, 139
1339327.3.peg.1077.site.2, 51, 136, 187
1339327.3.peg.1077.site.3, 9, 137, 146
1339327.3.peg.1077.site.4, 33, 134, 167
1339327.3.peg.1077.site.5, 80, 136, 216
1339327.3.peg.1077.site.6, 8, 137, 145
1339327.3.peg.1077.site.7, 49, 128, 177
1339327.3.peg.1077.site.8, 58, 128, 186
1339327.3.peg.1077.site.9, 2, 126, 128
1339327.3.peg.1077.site.10, 3, 126, 129
1339327.3.peg.1077.site.11, 3, 127, 130
1339327.3.peg.1077.site.12, 1, 125, 126
1339327.3.peg.1077.site.13, 1, 124, 125
1339327.3.peg.1077.site.14, 22, 125, 147
1339327.3.peg.1077.site.15, 2, 124, 126
1339327.3.peg.1076.site.1, 0, 136, 136
1339327.3.peg.1076.site.2, 4, 136, 140
1339327.3.peg.1076.site.3, 21, 137, 158
1339327.3.peg.1076.site.4, 12, 137, 149
1339327.3.peg.1076.site.5, 0, 136, 136
1339327.3.peg.1076.site.6, 17, 135, 152
1339327.3.peg.1076.site.7, 16, 134, 150
1339327.3.peg.1076.site.8, 22, 133, 155
1339327.3.peg.1076.site.9, 13, 137, 150
1339327.3.peg.1076.site.10, 13, 137, 150
1339327.3.peg.1076.site.11, 88, 136, 224
1339327.3.peg.1076.site.12, 1, 135, 136
1339327.3.peg.1076.site.13, 8, 137, 145
1339327.3.peg.1076.site.14, 13, 137, 150
1339327.3.peg.1076.site.15, 9, 136, 145
1339327.3.peg.1076.site.16, 3, 136, 139
1339327.3.peg.1076.site.17, 2, 137, 139
1339327.3.peg.1076.site.18, 2, 136, 138
1339327.3.peg.1076.site.19, 20, 137, 157
1339327.3.peg.1076.site.20, 13, 137, 150
1339327.3.peg.1076.site.21, 0, 136, 136
1339327.3.peg.1076.site.22, 113, 137, 250
1339327.3.peg.1269.site.1, 39, 137, 176
1339327.3.peg.1269.site.2, 10, 135, 145
1339327.3.peg.1269.site.3, 5, 137, 142
1339327.3.peg.1269.site.4, 96, 137, 233
1339327.3.peg.1269.site.5, 0, 136, 136
1339327.3.peg.1269.site.6, 5, 136, 141
1339327.3.peg.1269.site.7, 7, 137, 144
1339327.3.peg.1269.site.8, 22, 137, 159
1339327.3.peg.1269.site.9, 93, 136, 229
1339327.3.peg.1269.site.10, 2, 137, 139
1339327.3.peg.1269.site.11, 2, 136, 138
1339327.3.peg.1269.site.12, 5, 129, 134
1339327.3.peg.1269.site.13, 11, 136, 147
1339327.3.peg.1269.site.14, 82, 135, 217
1339327.3.peg.1071.site.1, 3, 136, 139
1339327.3.peg.1071.site.2, 0, 137, 137
1339327.3.peg.1071.site.3, 1, 137, 138
1339327.3.peg.1071.site.4, 0, 137, 137
1339327.3.peg.1071.site.5, 25, 134, 159
1339327.3.peg.1071.site.6, 30, 135, 165
1339327.3.peg.1071.site.7, 30, 134, 164
1339327.3.peg.1071.site.8, 31, 135, 166
1339327.3.peg.1071.site.9, 30, 135, 165
1339327.3.peg.1071.site.10, 36, 134, 170
1339327.3.peg.1071.site.11, 12, 130, 142
1339327.3.peg.1071.site.12, 31, 122, 153
1339327.3.peg.1071.site.13, 1, 136, 137
1339327.3.peg.1071.site.14, 2, 136, 138
1339327.3.peg.1071.site.15, 39, 136, 175
1339327.3.peg.1071.site.16, 5, 135, 140
1339327.3.peg.1071.site.17, 36, 137, 173
1339327.3.peg.1071.site.18, 4, 137, 141
1339327.3.peg.1071.site.19, 7, 137, 144
1339327.3.peg.1071.site.20, 8, 136, 144
1339327.3.peg.1071.site.21, 118, 136, 254
1339327.3.peg.1071.site.22, 5, 137, 142
1339327.3.peg.1260.site.1, 0, 137, 137
1339327.3.peg.1260.site.2, 59, 137, 196
1339327.3.peg.1260.site.3, 13, 136, 149
1339327.3.peg.1260.site.4, 81, 135, 216
1339327.3.peg.1260.site.5, 45, 136, 181
1339327.3.peg.1260.site.6, 0, 135, 135
1339327.3.peg.1260.site.7, 1, 136, 137
1339327.3.peg.1260.site.8, 28, 134, 162
1339327.3.peg.1260.site.9, 9, 135, 144
1339327.3.peg.1260.site.10, 1, 137, 138
1339327.3.peg.1260.site.11, 4, 137, 141
1339327.3.peg.1260.site.12, 24, 136, 160
1339327.3.peg.1260.site.13, 110, 137, 247
1339327.3.peg.1260.site.14, 0, 134, 134
1339327.3.peg.1260.site.15, 6, 137, 143
1339327.3.peg.1260.site.16, 2, 137, 139
1339327.3.peg.1260.site.17, 16, 135, 151
1339327.3.peg.1260.site.18, 16, 135, 151
1339327.3.peg.1260.site.19, 10, 132, 142
1339327.3.peg.1260.site.20, 12, 134, 146
1339327.3.peg.1260.site.21, 2, 136, 138
1339327.3.peg.1260.site.22, 15, 137, 152
1339327.3.peg.1260.site.23, 22, 136, 158
1339327.3.peg.1260.site.24, 34, 135, 169
1339327.3.peg.1260.site.25, 22, 135, 157
1339327.3.peg.1260.site.26, 23, 136, 159
1339327.3.peg.1260.site.27, 23, 137, 160
1339327.3.peg.1260.site.28, 113, 137, 250
1339327.3.peg.1260.site.29, 1, 136, 137
1339327.3.peg.1260.site.30, 37, 136, 173
1339327.3.peg.1260.site.31, 1, 137, 138
1339327.3.peg.1260.site.32, 1, 137, 138
1339327.3.peg.1260.site.33, 3, 137, 140
1339327.3.peg.1260.site.34, 9, 137, 146
1339327.3.peg.1260.site.35, 0, 137, 137
1339327.3.peg.1260.site.36, 16, 136, 152
1339327.3.peg.1260.site.37, 6, 137, 143
1339327.3.peg.1260.site.38, 1, 137, 138
1339327.3.peg.1260.site.39, 6, 135, 141
1339327.3.peg.1260.site.40, 7, 134, 141
1339327.3.peg.1260.site.41, 7, 136, 143
1339327.3.peg.1260.site.42, 14, 133, 147
1339327.3.peg.1260.site.43, 6, 136, 142
1339327.3.peg.1260.site.44, 7, 136, 143
1339327.3.peg.1260.site.45, 82, 136, 218
1339327.3.peg.1260.site.46, 56, 136, 192
1339327.3.peg.1260.site.47, 18, 136, 154
1339327.3.peg.1261.site.1, 50, 136, 186
1339327.3.peg.1261.site.2, 49, 135, 184
1339327.3.peg.1261.site.3, 50, 135, 185
1339327.3.peg.1261.site.4, 57, 136, 193
1339327.3.peg.1261.site.5, 9, 136, 145
1339327.3.peg.1261.site.6, 14, 136, 150
1339327.3.peg.1261.site.7, 5, 137, 142
1339327.3.peg.1261.site.8, 2, 137, 139
1339327.3.peg.1261.site.9, 6, 136, 142
1339327.3.peg.1261.site.10, 14, 136, 150
1339327.3.peg.1261.site.11, 0, 137, 137
1339327.3.peg.1261.site.12, 73, 137, 210
1339327.3.peg.1261.site.13, 1, 136, 137
1339327.3.peg.1261.site.14, 0, 133, 133
1339327.3.peg.1261.site.15, 0, 132, 132
1339327.3.peg.1261.site.16, 12, 133, 145
1339327.3.peg.1261.site.17, 1, 130, 131
1339327.3.peg.1261.site.18, 19, 131, 150
1339327.3.peg.1261.site.19, 1, 131, 132
1339327.3.peg.1261.site.20, 1, 133, 134
1339327.3.peg.1261.site.21, 122, 133, 255
1339327.3.peg.1261.site.22, 6, 137, 143
1339327.3.peg.3816.site.1, 0, 107, 107
1339327.3.peg.3816.site.2, 23, 132, 155
1339327.3.peg.3816.site.3, 3, 131, 134
1339327.3.peg.3816.site.4, 0, 132, 132
1339327.3.peg.3816.site.5, 7, 135, 142
1339327.3.peg.3816.site.6, 3, 135, 138
1339327.3.peg.3816.site.7, 17, 126, 143
1339327.3.peg.3816.site.8, 21, 127, 148
1339327.3.peg.3816.site.9, 36, 129, 165
1339327.3.peg.3816.site.10, 22, 135, 157
1339327.3.peg.3816.site.11, 131, 136, 267
1339327.3.peg.3816.site.12, 6, 136, 142
1339327.3.peg.3816.site.13, 3, 136, 139
1339327.3.peg.3816.site.14, 5, 137, 142
1339327.3.peg.3816.site.15, 9, 136, 145
1339327.3.peg.3816.site.16, 4, 136, 140
1339327.3.peg.3816.site.17, 3, 137, 140
1339327.3.peg.3816.site.18, 54, 135, 189
1339327.3.peg.3816.site.19, 3, 134, 137
1339327.3.peg.3816.site.20, 2, 135, 137
1339327.3.peg.3816.site.21, 38, 135, 173
1339327.3.peg.3816.site.22, 130, 135, 265
1339327.3.peg.3816.site.23, 55, 136, 191
1339327.3.peg.3816.site.24, 4, 137, 141
1339327.3.peg.2677.site.1, 3, 137, 140
1339327.3.peg.2677.site.2, 7, 133, 140
1339327.3.peg.1073.site.1, 133, 137, 270
1339327.3.peg.1073.site.2, 0, 137, 137
1339327.3.peg.1073.site.3, 13, 137, 150
1339327.3.peg.1073.site.4, 0, 134, 134
1339327.3.peg.1073.site.5, 0, 136, 136
1339327.3.peg.1073.site.6, 3, 136, 139
1339327.3.peg.1073.site.7, 3, 137, 140
1339327.3.peg.1073.site.8, 11, 137, 148
1339327.3.peg.1073.site.9, 2, 137, 139
1339327.3.peg.4230.site.1, 3, 130, 133
1339327.3.peg.4230.site.2, 3, 130, 133
1339327.3.peg.4230.site.3, 1, 129, 130
1339327.3.peg.4230.site.4, 8, 128, 136
1339327.3.peg.4230.site.5, 1, 130, 131
1339327.3.peg.4230.site.6, 7, 130, 137
1339327.3.peg.4230.site.7, 0, 130, 130
1339327.3.peg.4230.site.8, 27, 130, 157
1339327.3.peg.4230.site.9, 0, 129, 129
1339327.3.peg.4230.site.10, 7, 130, 137
1339327.3.peg.2078.site.1, 0, 136, 136
1339327.3.peg.2078.site.2, 42, 137, 179
1339327.3.peg.2078.site.3, 9, 135, 144
1339327.3.peg.2078.site.4, 1, 136, 137
1339327.3.peg.2078.site.5, 0, 133, 133
1339327.3.peg.2078.site.6, 0, 135, 135
1339327.3.peg.2078.site.7, 109, 130, 239
1339327.3.peg.2078.site.8, 36, 133, 169
1339327.3.peg.2078.site.9, 2, 134, 136
1339327.3.peg.2078.site.10, 3, 135, 138
1339327.3.peg.2078.site.11, 1, 135, 136
1339327.3.peg.4232.site.1, 16, 135, 151
1339327.3.peg.4232.site.2, 7, 136, 143
1339327.3.peg.4232.site.3, 0, 137, 137
1339327.3.peg.4232.site.4, 8, 136, 144
1339327.3.peg.4232.site.5, 2, 134, 136
1339327.3.peg.4232.site.6, 115, 134, 249
1339327.3.peg.4232.site.7, 1, 135, 136
1339327.3.peg.4232.site.8, 13, 137, 150
1339327.3.peg.4232.site.9, 14, 136, 150
1339327.3.peg.4232.site.10, 130, 136, 266
1339327.3.peg.4232.site.11, 3, 135, 138
1339327.3.peg.4232.site.12, 11, 135, 146
1339327.3.peg.4232.site.13, 3, 135, 138
1339327.3.peg.4232.site.14, 1, 136, 137
1339327.3.peg.4232.site.15, 2, 135, 137
1339327.3.peg.4232.site.16, 2, 136, 138
1339327.3.peg.4232.site.17, 0, 136, 136
1339327.3.peg.4232.site.18, 1, 137, 138
1339327.3.peg.4232.site.19, 0, 137, 137
1339327.3.peg.4232.site.20, 0, 135, 135
1339327.3.peg.4232.site.21, 9, 135, 144
1339327.3.peg.4232.site.22, 3, 136, 139
1339327.3.peg.4232.site.23, 1, 136, 137
1339327.3.peg.4232.site.24, 70, 137, 207
1339327.3.peg.4232.site.25, 3, 137, 140
1339327.3.peg.4232.site.26, 17, 136, 153
1339327.3.peg.4232.site.27, 3, 135, 138
1339327.3.peg.4232.site.28, 5, 135, 140
1339327.3.peg.4232.site.29, 17, 137, 154
1339327.3.peg.4232.site.30, 5, 136, 141
1339327.3.peg.4232.site.31, 50, 135, 185
1339327.3.peg.4232.site.32, 4, 137, 141
1339327.3.peg.4232.site.33, 1, 133, 134
1339327.3.peg.4232.site.34, 0, 134, 134
1339327.3.peg.4233.site.1, 4, 134, 138
1339327.3.peg.4233.site.2, 24, 137, 161
1339327.3.peg.4233.site.3, 0, 135, 135
1339327.3.peg.4233.site.4, 0, 136, 136
1339327.3.peg.4233.site.5, 91, 136, 227
1339327.3.peg.4233.site.6, 1, 137, 138
1339327.3.peg.4233.site.7, 3, 137, 140
1339327.3.peg.4233.site.8, 0, 137, 137
1339327.3.peg.4233.site.9, 0, 137, 137
1339327.3.peg.4233.site.10, 0, 137, 137
1339327.3.peg.4233.site.11, 2, 137, 139
1339327.3.peg.4233.site.12, 23, 137, 160
1339327.3.peg.4233.site.13, 30, 124, 154
1339327.3.peg.4233.site.14, 5, 130, 135
1339327.3.peg.4233.site.15, 92, 134, 226
1339327.3.peg.4233.site.16, 2, 135, 137
1339327.3.peg.4233.site.17, 0, 137, 137
1339327.3.peg.4233.site.18, 1, 137, 138
1339327.3.peg.4233.site.19, 90, 137, 227
1339327.3.peg.4233.site.20, 2, 137, 139
1339327.3.peg.4233.site.21, 113, 136, 249
1339327.3.peg.4233.site.22, 2, 137, 139
1339327.3.peg.4233.site.23, 2, 136, 138
1339327.3.peg.4233.site.24, 18, 137, 155
1339327.3.peg.4233.site.25, 7, 136, 143
1339327.3.peg.4233.site.26, 131, 131, 262
1339327.3.peg.4233.site.27, 3, 135, 138
1339327.3.peg.4233.site.28, 5, 137, 142
1339327.3.peg.4233.site.29, 118, 136, 254
1339327.3.peg.4233.site.30, 3, 136, 139
1339327.3.peg.4233.site.31, 66, 136, 202
1339327.3.peg.4233.site.32, 4, 137, 141
1339327.3.peg.4233.site.33, 58, 137, 195
1339327.3.peg.4233.site.34, 2, 137, 139
1339327.3.peg.4233.site.35, 1, 135, 136
1339327.3.peg.4233.site.36, 14, 136, 150
1339327.3.peg.4234.site.1, 24, 136, 160
1339327.3.peg.4234.site.2, 14, 137, 151
1339327.3.peg.4234.site.3, 3, 135, 138
1339327.3.peg.4234.site.4, 2, 137, 139
1339327.3.peg.4234.site.5, 14, 136, 150
1339327.3.peg.4234.site.6, 1, 136, 137
1339327.3.peg.4234.site.7, 7, 135, 142
1339327.3.peg.4234.site.8, 57, 135, 192
1339327.3.peg.4234.site.9, 15, 123, 138
1339327.3.peg.4234.site.10, 26, 136, 162
1339327.3.peg.4234.site.11, 25, 136, 161
1339327.3.peg.4234.site.12, 1, 134, 135
1339327.3.peg.4234.site.13, 38, 135, 173
1339327.3.peg.4234.site.14, 0, 135, 135
1339327.3.peg.4234.site.15, 3, 135, 138
1339327.3.peg.4234.site.16, 1, 133, 134
1339327.3.peg.4234.site.17, 39, 133, 172
1339327.3.peg.4234.site.18, 3, 135, 138
1339327.3.peg.4234.site.19, 13, 135, 148
1339327.3.peg.4234.site.20, 2, 136, 138
1339327.3.peg.4234.site.21, 8, 136, 144
1339327.3.peg.4234.site.22, 101, 136, 237
1339327.3.peg.4234.site.23, 0, 133, 133
1339327.3.peg.4234.site.24, 0, 134, 134
1339327.3.peg.4234.site.25, 1, 137, 138
1339327.3.peg.4234.site.26, 2, 137, 139
1339327.3.peg.4234.site.27, 2, 135, 137
1339327.3.peg.4234.site.28, 2, 137, 139
1339327.3.peg.4234.site.29, 6, 137, 143
1339327.3.peg.4234.site.30, 5, 136, 141
1339327.3.peg.4234.site.31, 5, 135, 140
1339327.3.peg.4234.site.32, 3, 134, 137
1339327.3.peg.4234.site.33, 118, 136, 254
1339327.3.peg.4234.site.34, 4, 136, 140
1339327.3.peg.4234.site.35, 30, 136, 166
1339327.3.peg.4235.site.1, 125, 137, 262
1339327.3.peg.4235.site.2, 2, 137, 139
1339327.3.peg.4235.site.3, 0, 136, 136
1339327.3.peg.4235.site.4, 13, 135, 148
1339327.3.peg.4235.site.5, 1, 137, 138
1339327.3.peg.4235.site.6, 67, 136, 203
1339327.3.peg.4235.site.7, 2, 137, 139
1339327.3.peg.4235.site.8, 1, 136, 137
1339327.3.peg.4235.site.9, 1, 136, 137
1339327.3.peg.4235.site.10, 21, 137, 158
1339327.3.peg.4235.site.11, 39, 137, 176
1339327.3.peg.4235.site.12, 21, 137, 158
1339327.3.peg.4235.site.13, 65, 137, 202
1339327.3.peg.4235.site.14, 14, 133, 147
1339327.3.peg.4235.site.15, 110, 136, 246
1339327.3.peg.4235.site.16, 1, 137, 138
1339327.3.peg.4235.site.17, 21, 136, 157
1339327.3.peg.4235.site.18, 8, 136, 144
1339327.3.peg.4236.site.1, 4, 137, 141
1339327.3.peg.4236.site.2, 2, 137, 139
1339327.3.peg.4236.site.3, 71, 135, 206
1339327.3.peg.4236.site.4, 27, 136, 163
1339327.3.peg.4236.site.5, 7, 137, 144
1339327.3.peg.4236.site.6, 3, 137, 140
1339327.3.peg.4236.site.7, 25, 137, 162
1339327.3.peg.4236.site.8, 88, 136, 224
1339327.3.peg.4236.site.9, 103, 137, 240
1339327.3.peg.4236.site.10, 96, 137, 233
1339327.3.peg.4236.site.11, 23, 137, 160
1339327.3.peg.4236.site.12, 2, 137, 139
1339327.3.peg.4236.site.13, 65, 137, 202
1339327.3.peg.4236.site.14, 0, 131, 131
1339327.3.peg.4236.site.15, 7, 131, 138
1339327.3.peg.4238.site.1, 30, 137, 167
1339327.3.peg.4238.site.2, 2, 136, 138
1339327.3.peg.4238.site.3, 4, 133, 137
1339327.3.peg.4239.site.1, 131, 137, 268
1339327.3.peg.4239.site.2, 4, 136, 140
1339327.3.peg.4239.site.3, 0, 135, 135
1339327.3.peg.4239.site.4, 38, 134, 172
1339327.3.peg.4239.site.5, 15, 134, 149
1339327.3.peg.2669.site.1, 2, 132, 134
1339327.3.peg.2668.site.1, 28, 137, 165
1339327.3.peg.2668.site.2, 12, 135, 147
1339327.3.peg.2668.site.3, 130, 135, 265
1339327.3.peg.2668.site.4, 0, 130, 130
1339327.3.peg.2668.site.5, 50, 136, 186
1339327.3.peg.2668.site.6, 13, 132, 145
1339327.3.peg.2668.site.7, 8, 132, 140
1339327.3.peg.2668.site.8, 28, 137, 165
1339327.3.peg.2668.site.9, 111, 136, 247
1339327.3.peg.2668.site.10, 0, 135, 135
1339327.3.peg.2668.site.11, 4, 136, 140
1339327.3.peg.2668.site.12, 3, 137, 140
1339327.3.peg.2668.site.13, 2, 137, 139
1339327.3.peg.2668.site.14, 5, 136, 141
1339327.3.peg.2668.site.15, 1, 136, 137
1339327.3.peg.2668.site.16, 3, 137, 140
1339327.3.peg.2668.site.17, 7, 135, 142
1339327.3.peg.2668.site.18, 7, 135, 142
1339327.3.peg.2668.site.19, 44, 133, 177
1339327.3.peg.2668.site.20, 80, 135, 215
1339327.3.peg.2668.site.21, 70, 135, 205
1339327.3.peg.2668.site.22, 1, 135, 136
1339327.3.peg.2668.site.23, 1, 135, 136
1339327.3.peg.2668.site.24, 3, 133, 136
1339327.3.peg.4549.site.1, 28, 135, 163
1339327.3.peg.4549.site.2, 13, 136, 149
1339327.3.peg.4549.site.3, 1, 132, 133
1339327.3.peg.4549.site.4, 1, 133, 134
1339327.3.peg.4549.site.5, 13, 137, 150
1339327.3.peg.4546.site.1, 1, 135, 136
1339327.3.peg.4546.site.2, 1, 137, 138
1339327.3.peg.4546.site.3, 8, 136, 144
1339327.3.peg.4546.site.4, 2, 136, 138
1339327.3.peg.4546.site.5, 17, 136, 153
1339327.3.peg.4546.site.6, 3, 137, 140
1339327.3.peg.4546.site.7, 23, 135, 158
1339327.3.peg.4546.site.8, 2, 136, 138
1339327.3.peg.4546.site.9, 2, 136, 138
1339327.3.peg.4546.site.10, 3, 136, 139
1339327.3.peg.4546.site.11, 128, 137, 265
1339327.3.peg.4546.site.12, 19, 137, 156
1339327.3.peg.4546.site.13, 0, 137, 137
1339327.3.peg.4546.site.14, 12, 137, 149
1339327.3.peg.4546.site.15, 0, 137, 137
1339327.3.peg.4546.site.16, 0, 136, 136
1339327.3.peg.4546.site.17, 100, 137, 237
1339327.3.peg.4546.site.18, 13, 136, 149
1339327.3.peg.4546.site.19, 10, 136, 146
1339327.3.peg.4546.site.20, 1, 137, 138
1339327.3.peg.4547.site.1, 12, 137, 149
1339327.3.peg.4547.site.2, 2, 136, 138
1339327.3.peg.4547.site.3, 2, 136, 138
1339327.3.peg.4547.site.4, 106, 137, 243
1339327.3.peg.4547.site.5, 0, 137, 137
1339327.3.peg.4547.site.6, 21, 136, 157
1339327.3.peg.4547.site.7, 2, 136, 138
1339327.3.peg.4547.site.8, 3, 137, 140
1339327.3.peg.4547.site.9, 0, 137, 137
1339327.3.peg.4547.site.10, 0, 136, 136
1339327.3.peg.4547.site.11, 94, 137, 231
1339327.3.peg.4547.site.12, 2, 135, 137
1339327.3.peg.4547.site.13, 13, 136, 149
1339327.3.peg.4547.site.14, 4, 135, 139
1339327.3.peg.4547.site.15, 19, 137, 156
1339327.3.peg.4547.site.16, 4, 137, 141
1339327.3.peg.4547.site.17, 27, 137, 164
1339327.3.peg.4547.site.18, 18, 136, 154
1339327.3.peg.4547.site.19, 2, 137, 139
1339327.3.peg.4547.site.20, 2, 136, 138
1339327.3.peg.4547.site.21, 11, 134, 145
1339327.3.peg.4547.site.22, 11, 136, 147
1339327.3.peg.4547.site.23, 47, 137, 184
1339327.3.peg.4547.site.24, 59, 135, 194
1339327.3.peg.4547.site.25, 10, 136, 146
1339327.3.peg.4547.site.26, 13, 137, 150
1339327.3.peg.4547.site.27, 0, 136, 136
1339327.3.peg.4547.site.28, 0, 137, 137
1339327.3.peg.4547.site.29, 11, 137, 148
1339327.3.peg.4547.site.30, 0, 137, 137
1339327.3.peg.2663.site.1, 2, 133, 135
1339327.3.peg.2663.site.2, 125, 135, 260
1339327.3.peg.2663.site.3, 88, 135, 223
1339327.3.peg.2663.site.4, 11, 131, 142
1339327.3.peg.2663.site.5, 7, 127, 134
1339327.3.peg.2663.site.6, 21, 132, 153
1339327.3.peg.2663.site.7, 1, 130, 131
1339327.3.peg.2663.site.8, 36, 130, 166
1339327.3.peg.2663.site.9, 5, 131, 136
1339327.3.peg.2663.site.10, 26, 131, 157
1339327.3.peg.2663.site.11, 0, 134, 134
1339327.3.peg.2663.site.12, 9, 133, 142
1339327.3.peg.2663.site.13, 6, 136, 142
1339327.3.peg.2663.site.14, 27, 134, 161
1339327.3.peg.2663.site.15, 43, 134, 177
1339327.3.peg.2663.site.16, 0, 135, 135
1339327.3.peg.2662.site.1, 5, 113, 118
1339327.3.peg.2662.site.2, 20, 128, 148
1339327.3.peg.2662.site.3, 14, 129, 143
1339327.3.peg.2662.site.4, 12, 130, 142
1339327.3.peg.2662.site.5, 0, 111, 111
1339327.3.peg.2662.site.6, 18, 119, 137
1339327.3.peg.2662.site.7, 2, 112, 114
1339327.3.peg.2662.site.8, 2, 109, 111
1339327.3.peg.2662.site.9, 54, 121, 175
1339327.3.peg.2662.site.10, 13, 122, 135
1339327.3.peg.2662.site.11, 71, 120, 191
1339327.3.peg.2662.site.12, 4, 123, 127
1339327.3.peg.2662.site.13, 21, 123, 144
1339327.3.peg.2662.site.14, 5, 123, 128
1339327.3.peg.2662.site.15, 2, 115, 117
1339327.3.peg.2662.site.16, 13, 124, 137
1339327.3.peg.2662.site.17, 5, 123, 128
1339327.3.peg.2662.site.18, 2, 123, 125
1339327.3.peg.2662.site.19, 65, 124, 189
1339327.3.peg.2662.site.20, 44, 125, 169
1339327.3.peg.2662.site.21, 16, 125, 141
1339327.3.peg.2662.site.22, 4, 124, 128
1339327.3.peg.2662.site.23, 3, 123, 126
1339327.3.peg.2662.site.24, 4, 119, 123
1339327.3.peg.2662.site.25, 28, 116, 144
1339327.3.peg.2662.site.26, 30, 119, 149
1339327.3.peg.2662.site.27, 54, 120, 174
1339327.3.peg.2662.site.28, 11, 123, 134
1339327.3.peg.2662.site.29, 3, 114, 117
1339327.3.peg.2662.site.30, 1, 121, 122
1339327.3.peg.2662.site.31, 9, 124, 133
1339327.3.peg.2687.site.1, 5, 137, 142
1339327.3.peg.2687.site.2, 2, 136, 138
1339327.3.peg.2687.site.3, 3, 128, 131
1339327.3.peg.2687.site.4, 69, 129, 198
1339327.3.peg.2687.site.5, 67, 128, 195
1339327.3.peg.2687.site.6, 1, 132, 133
1339327.3.peg.2687.site.7, 91, 132, 223
1339327.3.peg.2687.site.8, 3, 134, 137
1339327.3.peg.2687.site.9, 0, 133, 133
1339327.3.peg.2687.site.10, 3, 129, 132
1339327.3.peg.4543.site.1, 7, 134, 141
1339327.3.peg.4543.site.2, 0, 135, 135
1339327.3.peg.4543.site.3, 32, 137, 169
1339327.3.peg.4543.site.4, 5, 137, 142
1339327.3.peg.4543.site.5, 4, 136, 140
1339327.3.peg.2667.site.1, 1, 123, 124
1339327.3.peg.2667.site.2, 3, 134, 137
1339327.3.peg.2667.site.3, 52, 133, 185
1339327.3.peg.2667.site.4, 5, 135, 140
1339327.3.peg.2667.site.5, 5, 133, 138
1339327.3.peg.2667.site.6, 3, 136, 139
1339327.3.peg.2667.site.7, 1, 134, 135
1339327.3.peg.2667.site.8, 115, 135, 250
1339327.3.peg.2667.site.9, 32, 124, 156
1339327.3.peg.2667.site.10, 19, 125, 144
1339327.3.peg.2667.site.11, 90, 125, 215
1339327.3.peg.2667.site.12, 5, 128, 133
1339327.3.peg.2667.site.13, 4, 120, 124
1339327.3.peg.2667.site.14, 6, 125, 131
1339327.3.peg.2667.site.15, 1, 132, 133
1339327.3.peg.2667.site.16, 5, 135, 140
1339327.3.peg.2667.site.17, 3, 136, 139
1339327.3.peg.2667.site.18, 1, 135, 136
1339327.3.peg.2667.site.19, 114, 132, 246
1339327.3.peg.2667.site.20, 0, 128, 128
1339327.3.peg.2667.site.21, 16, 132, 148
1339327.3.peg.2667.site.22, 4, 130, 134
1339327.3.peg.2667.site.23, 20, 130, 150
1339327.3.peg.2667.site.24, 0, 131, 131
1339327.3.peg.2667.site.25, 28, 132, 160
1339327.3.peg.2667.site.26, 15, 128, 143
1339327.3.peg.2667.site.27, 13, 126, 139
1339327.3.peg.2667.site.28, 1, 132, 133
1339327.3.peg.2667.site.29, 17, 132, 149
1339327.3.peg.1040.site.1, 3, 135, 138
1339327.3.peg.1040.site.2, 2, 134, 136
1339327.3.peg.1040.site.3, 2, 133, 135
1339327.3.peg.1040.site.4, 3, 133, 136
1339327.3.peg.1040.site.5, 0, 131, 131
1339327.3.peg.1040.site.6, 5, 132, 137
1339327.3.peg.1040.site.7, 15, 133, 148
1339327.3.peg.1040.site.8, 4, 137, 141
1339327.3.peg.1040.site.9, 4, 137, 141
1339327.3.peg.1040.site.10, 1, 136, 137
1339327.3.peg.1040.site.11, 5, 136, 141
1339327.3.peg.1040.site.12, 85, 136, 221
1339327.3.peg.1040.site.13, 2, 135, 137
1339327.3.peg.1040.site.14, 17, 135, 152
1339327.3.peg.1040.site.15, 2, 135, 137
1339327.3.peg.1040.site.16, 0, 137, 137
1339327.3.peg.1040.site.17, 0, 137, 137
1339327.3.peg.1040.site.18, 4, 136, 140
1339327.3.peg.1040.site.19, 1, 137, 138
1339327.3.peg.1040.site.20, 75, 137, 212
1339327.3.peg.1040.site.21, 1, 136, 137
1339327.3.peg.1040.site.22, 50, 136, 186
1339327.3.peg.1040.site.23, 34, 136, 170
1339327.3.peg.1040.site.24, 0, 133, 133
1339327.3.peg.1040.site.25, 0, 136, 136
1339327.3.peg.1040.site.26, 108, 137, 245
1339327.3.peg.1041.site.1, 7, 136, 143
1339327.3.peg.1041.site.2, 16, 136, 152
1339327.3.peg.1041.site.3, 1, 137, 138
1339327.3.peg.1041.site.4, 0, 137, 137
1339327.3.peg.1041.site.5, 53, 137, 190
1339327.3.peg.1041.site.6, 2, 137, 139
1339327.3.peg.1041.site.7, 25, 137, 162
1339327.3.peg.1041.site.8, 22, 137, 159
1339327.3.peg.1041.site.9, 3, 137, 140
1339327.3.peg.1041.site.10, 2, 137, 139
1339327.3.peg.1041.site.11, 0, 136, 136
1339327.3.peg.1041.site.12, 20, 136, 156
1339327.3.peg.1042.site.1, 9, 136, 145
1339327.3.peg.1042.site.2, 2, 137, 139
1339327.3.peg.1042.site.3, 18, 135, 153
1339327.3.peg.1042.site.4, 3, 133, 136
1339327.3.peg.1042.site.5, 12, 136, 148
1339327.3.peg.1042.site.6, 0, 134, 134
1339327.3.peg.1042.site.7, 9, 136, 145
1339327.3.peg.1042.site.8, 11, 137, 148
1339327.3.peg.1042.site.9, 108, 135, 243
1339327.3.peg.1042.site.10, 1, 137, 138
1339327.3.peg.1043.site.1, 0, 137, 137
1339327.3.peg.1043.site.2, 8, 136, 144
1339327.3.peg.1043.site.3, 10, 135, 145
1339327.3.peg.1043.site.4, 5, 135, 140
1339327.3.peg.1043.site.5, 2, 137, 139
1339327.3.peg.1043.site.6, 89, 136, 225
1339327.3.peg.1043.site.7, 117, 137, 254
1339327.3.peg.1043.site.8, 5, 137, 142
1339327.3.peg.1043.site.9, 1, 137, 138
1339327.3.peg.1043.site.10, 0, 137, 137
1339327.3.peg.1043.site.11, 14, 137, 151
1339327.3.peg.1043.site.12, 51, 137, 188
1339327.3.peg.1043.site.13, 92, 137, 229
1339327.3.peg.1043.site.14, 5, 137, 142
1339327.3.peg.1043.site.15, 2, 136, 138
1339327.3.peg.1044.site.1, 40, 132, 172
1339327.3.peg.1044.site.2, 2, 137, 139
1339327.3.peg.1044.site.3, 13, 137, 150
1339327.3.peg.1044.site.4, 67, 136, 203
1339327.3.peg.1044.site.5, 3, 136, 139
1339327.3.peg.1044.site.6, 3, 134, 137
1339327.3.peg.1045.site.1, 5, 137, 142
1339327.3.peg.1045.site.2, 104, 136, 240
1339327.3.peg.1045.site.3, 2, 136, 138
1339327.3.peg.1045.site.4, 1, 136, 137
1339327.3.peg.1045.site.5, 12, 137, 149
1339327.3.peg.1045.site.6, 42, 134, 176
1339327.3.peg.1045.site.7, 2, 136, 138
1339327.3.peg.1045.site.8, 41, 133, 174
1339327.3.peg.1045.site.9, 7, 135, 142
1339327.3.peg.1045.site.10, 41, 137, 178
1339327.3.peg.1045.site.11, 9, 137, 146
1339327.3.peg.1045.site.12, 9, 137, 146
1339327.3.peg.1045.site.13, 0, 137, 137
1339327.3.peg.1045.site.14, 32, 136, 168
1339327.3.peg.1045.site.15, 29, 137, 166
1339327.3.peg.1045.site.16, 4, 136, 140
1339327.3.peg.1045.site.17, 17, 136, 153
1339327.3.peg.1045.site.18, 1, 135, 136
1339327.3.peg.1045.site.19, 3, 135, 138
1339327.3.peg.1045.site.20, 27, 136, 163
1339327.3.peg.1045.site.21, 0, 136, 136
1339327.3.peg.1045.site.22, 130, 137, 267
1339327.3.peg.1045.site.23, 1, 136, 137
1339327.3.peg.1046.site.1, 61, 137, 198
1339327.3.peg.1046.site.2, 60, 136, 196
1339327.3.peg.1046.site.3, 11, 135, 146
1339327.3.peg.2068.site.1, 0, 135, 135
1339327.3.peg.2068.site.2, 0, 130, 130
1339327.3.peg.2068.site.3, 0, 136, 136
1339327.3.peg.2068.site.4, 0, 135, 135
1339327.3.peg.2068.site.5, 0, 134, 134
1339327.3.peg.2068.site.6, 2, 135, 137
1339327.3.peg.2068.site.7, 3, 135, 138
1339327.3.peg.2068.site.8, 3, 136, 139
1339327.3.peg.2068.site.9, 6, 137, 143
1339327.3.peg.2068.site.10, 11, 135, 146
1339327.3.peg.2068.site.11, 1, 137, 138
1339327.3.peg.2068.site.12, 1, 137, 138
1339327.3.peg.2068.site.13, 0, 135, 135
1339327.3.peg.2068.site.14, 7, 137, 144
1339327.3.peg.2068.site.15, 0, 137, 137
1339327.3.peg.2068.site.16, 0, 137, 137
1339327.3.peg.2068.site.17, 3, 137, 140
1339327.3.peg.2068.site.18, 1, 137, 138
1339327.3.peg.2068.site.19, 13, 137, 150
1339327.3.peg.2068.site.20, 0, 136, 136
1339327.3.peg.2068.site.21, 11, 135, 146
1339327.3.peg.2068.site.22, 3, 132, 135
1339327.3.peg.2068.site.23, 1, 136, 137
1339327.3.peg.2067.site.1, 1, 137, 138
1339327.3.peg.2067.site.2, 14, 135, 149
1339327.3.peg.2067.site.3, 53, 136, 189
1339327.3.peg.2067.site.4, 3, 137, 140
1339327.3.peg.2067.site.5, 2, 136, 138
1339327.3.peg.2067.site.6, 18, 136, 154
1339327.3.peg.2067.site.7, 0, 136, 136
1339327.3.peg.2067.site.8, 16, 137, 153
1339327.3.peg.2067.site.9, 10, 137, 147
1339327.3.peg.2067.site.10, 3, 135, 138
1339327.3.peg.2067.site.11, 24, 137, 161
1339327.3.peg.2067.site.12, 0, 137, 137
1339327.3.peg.2067.site.13, 2, 137, 139
1339327.3.peg.2067.site.14, 66, 137, 203
1339327.3.peg.2067.site.15, 107, 136, 243
1339327.3.peg.2067.site.16, 38, 135, 173
1339327.3.peg.1049.site.1, 2, 136, 138
1339327.3.peg.1049.site.2, 10, 134, 144
1339327.3.peg.1049.site.3, 0, 136, 136
1339327.3.peg.1049.site.4, 105, 135, 240
1339327.3.peg.1049.site.5, 117, 135, 252
1339327.3.peg.1049.site.6, 0, 134, 134
1339327.3.peg.1049.site.7, 32, 136, 168
1339327.3.peg.1049.site.8, 52, 137, 189
1339327.3.peg.1049.site.9, 8, 136, 144
1339327.3.peg.1049.site.10, 49, 137, 186
1339327.3.peg.1049.site.11, 5, 137, 142
1339327.3.peg.1049.site.12, 8, 137, 145
1339327.3.peg.1049.site.13, 1, 135, 136
1339327.3.peg.1049.site.14, 2, 137, 139
1339327.3.peg.1049.site.15, 5, 135, 140
1339327.3.peg.1049.site.16, 42, 136, 178
1339327.3.peg.1049.site.17, 0, 136, 136
1339327.3.peg.1049.site.18, 2, 136, 138
1339327.3.peg.1049.site.19, 34, 136, 170
1339327.3.peg.1049.site.20, 3, 136, 139
1339327.3.peg.1049.site.21, 5, 136, 141
1339327.3.peg.1049.site.22, 1, 137, 138
1339327.3.peg.1049.site.23, 3, 136, 139
1339327.3.peg.1049.site.24, 6, 136, 142
1339327.3.peg.1049.site.25, 0, 136, 136
1339327.3.peg.1049.site.26, 61, 137, 198
1339327.3.peg.1049.site.27, 6, 136, 142
1339327.3.peg.1049.site.28, 11, 137, 148
1339327.3.peg.1049.site.29, 1, 137, 138
1339327.3.peg.1049.site.30, 81, 135, 216
1339327.3.peg.1049.site.31, 0, 135, 135
1339327.3.peg.1049.site.32, 42, 137, 179
1339327.3.peg.1049.site.33, 11, 137, 148
1339327.3.peg.1049.site.34, 14, 137, 151
1339327.3.peg.1049.site.35, 46, 130, 176
1339327.3.peg.1049.site.36, 0, 136, 136
1339327.3.peg.2065.site.1, 2, 134, 136
1339327.3.peg.2065.site.2, 1, 134, 135
1339327.3.peg.2065.site.3, 0, 134, 134
1339327.3.peg.2065.site.4, 0, 133, 133
1339327.3.peg.2065.site.5, 0, 134, 134
1339327.3.peg.2065.site.6, 125, 134, 259
1339327.3.peg.2065.site.7, 0, 134, 134
1339327.3.peg.2065.site.8, 16, 135, 151
1339327.3.peg.2065.site.9, 5, 136, 141
1339327.3.peg.2065.site.10, 2, 137, 139
1339327.3.peg.2065.site.11, 8, 137, 145
1339327.3.peg.2065.site.12, 0, 136, 136
1339327.3.peg.2065.site.13, 17, 135, 152
1339327.3.peg.2064.site.1, 0, 136, 136
1339327.3.peg.2064.site.2, 6, 137, 143
1339327.3.peg.2064.site.3, 3, 135, 138
1339327.3.peg.2063.site.1, 2, 135, 137
1339327.3.peg.2063.site.2, 3, 135, 138
1339327.3.peg.2063.site.3, 1, 137, 138
1339327.3.peg.2063.site.4, 3, 136, 139
1339327.3.peg.2063.site.5, 3, 136, 139
1339327.3.peg.2063.site.6, 3, 136, 139
1339327.3.peg.2063.site.7, 11, 136, 147
1339327.3.peg.2063.site.8, 3, 137, 140
1339327.3.peg.2063.site.9, 26, 137, 163
1339327.3.peg.2063.site.10, 0, 137, 137
1339327.3.peg.2063.site.11, 0, 135, 135
1339327.3.peg.2063.site.12, 1, 135, 136
1339327.3.peg.2063.site.13, 3, 136, 139
1339327.3.peg.2062.site.1, 64, 134, 198
1339327.3.peg.2062.site.2, 4, 135, 139
1339327.3.peg.2062.site.3, 2, 136, 138
1339327.3.peg.2062.site.4, 1, 137, 138
1339327.3.peg.2062.site.5, 95, 134, 229
1339327.3.peg.2062.site.6, 8, 136, 144
1339327.3.peg.2062.site.7, 12, 133, 145
1339327.3.peg.2062.site.8, 2, 134, 136
1339327.3.peg.2062.site.9, 1, 135, 136
1339327.3.peg.2061.site.1, 2, 135, 137
1339327.3.peg.2061.site.2, 25, 134, 159
1339327.3.peg.2061.site.3, 0, 135, 135
1339327.3.peg.2061.site.4, 19, 136, 155
1339327.3.peg.2061.site.5, 47, 135, 182
1339327.3.peg.2061.site.6, 94, 94, 188
1339327.3.peg.2061.site.7, 91, 121, 212
1339327.3.peg.2061.site.8, 2, 123, 125
1339327.3.peg.2061.site.9, 24, 127, 151
1339327.3.peg.2061.site.10, 20, 129, 149
1339327.3.peg.2061.site.11, 4, 128, 132
1339327.3.peg.2061.site.12, 1, 133, 134
1339327.3.peg.2061.site.13, 24, 134, 158
1339327.3.peg.2061.site.14, 0, 136, 136
1339327.3.peg.2061.site.15, 3, 136, 139
1339327.3.peg.2061.site.16, 5, 136, 141
1339327.3.peg.2061.site.17, 0, 135, 135
1339327.3.peg.2061.site.18, 1, 134, 135
1339327.3.peg.2061.site.19, 3, 132, 135
1339327.3.peg.2061.site.20, 44, 135, 179
1339327.3.peg.2061.site.21, 116, 137, 253
1339327.3.peg.2061.site.22, 4, 137, 141
1339327.3.peg.2060.site.1, 2, 134, 136
1339327.3.peg.2060.site.2, 13, 137, 150
1339327.3.peg.2060.site.3, 110, 136, 246
1339327.3.peg.2060.site.4, 6, 133, 139
1339327.3.peg.2060.site.5, 10, 134, 144
1339327.3.peg.2060.site.6, 0, 136, 136
1339327.3.peg.2060.site.7, 9, 133, 142
1339327.3.peg.2060.site.8, 2, 133, 135
1339327.3.peg.2060.site.9, 3, 135, 138
1339327.3.peg.2060.site.10, 3, 134, 137
1339327.3.peg.2060.site.11, 16, 136, 152
1339327.3.peg.2060.site.12, 3, 136, 139
1339327.3.peg.2060.site.13, 43, 137, 180
1339327.3.peg.2060.site.14, 3, 136, 139
1339327.3.peg.2060.site.15, 2, 137, 139
1339327.3.peg.2060.site.16, 105, 134, 239
1339327.3.peg.2060.site.17, 1, 136, 137
1339327.3.peg.2060.site.18, 0, 135, 135
1339327.3.peg.2060.site.19, 10, 136, 146
1339327.3.peg.2060.site.20, 42, 123, 165
1339327.3.peg.2060.site.21, 5, 129, 134
1339327.3.peg.2060.site.22, 57, 136, 193
1339327.3.peg.2060.site.23, 0, 136, 136
1339327.3.peg.2060.site.24, 0, 134, 134
1339327.3.peg.2060.site.25, 10, 134, 144
1339327.3.peg.2060.site.26, 93, 136, 229
1339327.3.peg.2060.site.27, 3, 137, 140
1339327.3.peg.1788.site.1, 2, 137, 139
1339327.3.peg.1788.site.2, 3, 136, 139
1339327.3.peg.5126.site.1, 37, 135, 172
1339327.3.peg.5126.site.2, 3, 137, 140
1339327.3.peg.5126.site.3, 3, 137, 140
1339327.3.peg.5126.site.4, 11, 137, 148
1339327.3.peg.5126.site.5, 101, 137, 238
1339327.3.peg.5126.site.6, 9, 137, 146
1339327.3.peg.5126.site.7, 0, 137, 137
1339327.3.peg.5126.site.8, 0, 137, 137
1339327.3.peg.5129.site.1, 12, 136, 148
1339327.3.peg.5129.site.2, 3, 136, 139
1339327.3.peg.5129.site.3, 0, 133, 133
1339327.3.peg.5129.site.4, 1, 136, 137
1339327.3.peg.5128.site.1, 45, 134, 179
1339327.3.peg.5128.site.2, 1, 135, 136
1339327.3.peg.5128.site.3, 3, 136, 139
1339327.3.peg.5128.site.4, 0, 136, 136
1339327.3.peg.5128.site.5, 0, 136, 136
1339327.3.peg.5128.site.6, 0, 136, 136
1339327.3.peg.5128.site.7, 2, 135, 137
1339327.3.peg.5128.site.8, 122, 134, 256
1339327.3.peg.5128.site.9, 0, 135, 135
1339327.3.peg.5128.site.10, 23, 136, 159
1339327.3.peg.5128.site.11, 0, 135, 135
1339327.3.peg.5128.site.12, 64, 137, 201
1339327.3.peg.5128.site.13, 11, 137, 148
1339327.3.peg.5128.site.14, 11, 137, 148
1339327.3.peg.5128.site.15, 3, 136, 139
1339327.3.peg.5128.site.16, 11, 136, 147
1339327.3.peg.5128.site.17, 11, 137, 148
1339327.3.peg.5128.site.18, 11, 136, 147
1339327.3.peg.5128.site.19, 8, 133, 141
1339327.3.peg.5128.site.20, 6, 131, 137
1339327.3.peg.5128.site.21, 1, 126, 127
1339327.3.peg.5128.site.22, 2, 126, 128
1339327.3.peg.5128.site.23, 3, 126, 129
1339327.3.peg.5128.site.24, 7, 131, 138
1339327.3.peg.5128.site.25, 9, 134, 143
1339327.3.peg.5128.site.26, 1, 135, 136
1339327.3.peg.5128.site.27, 1, 135, 136
1339327.3.peg.5128.site.28, 3, 134, 137
1339327.3.peg.5128.site.29, 2, 128, 130
1339327.3.peg.5128.site.30, 4, 125, 129
1339327.3.peg.5128.site.31, 16, 121, 137
1339327.3.peg.5128.site.32, 108, 121, 229
1339327.3.peg.5128.site.33, 10, 128, 138
1339327.3.peg.5128.site.34, 17, 134, 151
1339327.3.peg.5128.site.35, 16, 134, 150
1339327.3.peg.5128.site.36, 25, 137, 162
1339327.3.peg.5128.site.37, 44, 136, 180
1339327.3.peg.1688.site.1, 2, 137, 139
1339327.3.peg.1688.site.2, 3, 137, 140
1339327.3.peg.1688.site.3, 3, 137, 140
1339327.3.peg.1688.site.4, 14, 137, 151
1339327.3.peg.1688.site.5, 19, 137, 156
1339327.3.peg.1688.site.6, 63, 137, 200
1339327.3.peg.1688.site.7, 127, 136, 263
1339327.3.peg.1688.site.8, 3, 137, 140
1339327.3.peg.1688.site.9, 26, 137, 163
1339327.3.peg.1688.site.10, 3, 136, 139
1339327.3.peg.1688.site.11, 1, 137, 138
1339327.3.peg.1688.site.12, 2, 137, 139
1339327.3.peg.1688.site.13, 3, 137, 140
1339327.3.peg.1688.site.14, 1, 136, 137
1339327.3.peg.1688.site.15, 15, 136, 151
1339327.3.peg.1688.site.16, 12, 135, 147
1339327.3.peg.1688.site.17, 8, 136, 144
1339327.3.peg.1688.site.18, 0, 134, 134
1339327.3.peg.1688.site.19, 0, 135, 135
1339327.3.peg.1688.site.20, 2, 135, 137
1339327.3.peg.1688.site.21, 0, 134, 134
1339327.3.peg.1688.site.22, 1, 136, 137
1339327.3.peg.1688.site.23, 14, 137, 151
1339327.3.peg.1688.site.24, 1, 137, 138
1339327.3.peg.1688.site.25, 0, 135, 135
1339327.3.peg.1689.site.1, 2, 137, 139
1339327.3.peg.1689.site.2, 25, 137, 162
1339327.3.peg.2409.site.1, 3, 130, 133
1339327.3.peg.2409.site.2, 26, 129, 155
1339327.3.peg.2409.site.3, 2, 128, 130
1339327.3.peg.2409.site.4, 3, 129, 132
1339327.3.peg.2409.site.5, 15, 130, 145
1339327.3.peg.2409.site.6, 1, 130, 131
1339327.3.peg.2409.site.7, 0, 129, 129
1339327.3.peg.2405.site.1, 22, 127, 149
1339327.3.peg.2405.site.2, 21, 127, 148
1339327.3.peg.2405.site.3, 1, 129, 130
1339327.3.peg.2405.site.4, 3, 127, 130
1339327.3.peg.2405.site.5, 56, 128, 184
1339327.3.peg.2405.site.6, 3, 128, 131
1339327.3.peg.2405.site.7, 1, 127, 128
1339327.3.peg.2405.site.8, 0, 125, 125
1339327.3.peg.2405.site.9, 40, 126, 166
1339327.3.peg.2405.site.10, 7, 126, 133
1339327.3.peg.2405.site.11, 57, 125, 182
1339327.3.peg.2405.site.12, 2, 128, 130
1339327.3.peg.2405.site.13, 1, 128, 129
1339327.3.peg.2405.site.14, 3, 129, 132
1339327.3.peg.2405.site.15, 3, 130, 133
1339327.3.peg.2405.site.16, 1, 129, 130
1339327.3.peg.2405.site.17, 2, 130, 132
1339327.3.peg.2405.site.18, 3, 130, 133
1339327.3.peg.2405.site.19, 3, 130, 133
1339327.3.peg.2405.site.20, 1, 130, 131
1339327.3.peg.2405.site.21, 1, 130, 131
1339327.3.peg.2404.site.1, 48, 128, 176
1339327.3.peg.2404.site.2, 2, 128, 130
1339327.3.peg.2404.site.3, 4, 130, 134
1339327.3.peg.2404.site.4, 24, 128, 152
1339327.3.peg.2404.site.5, 27, 130, 157
1339327.3.peg.2404.site.6, 0, 128, 128
1339327.3.peg.2404.site.7, 2, 130, 132
1339327.3.peg.2404.site.8, 103, 128, 231
1339327.3.peg.2406.site.1, 97, 127, 224
1339327.3.peg.2406.site.2, 1, 129, 130
1339327.3.peg.2406.site.3, 7, 128, 135
1339327.3.peg.2406.site.4, 1, 129, 130
1339327.3.peg.2406.site.5, 0, 130, 130
1339327.3.peg.2406.site.6, 3, 129, 132
1339327.3.peg.2406.site.7, 0, 129, 129
1339327.3.peg.2406.site.8, 1, 129, 130
1339327.3.peg.2406.site.9, 12, 128, 140
1339327.3.peg.2406.site.10, 12, 128, 140
1339327.3.peg.2406.site.11, 1, 127, 128
1339327.3.peg.2406.site.12, 10, 126, 136
1339327.3.peg.2406.site.13, 1, 128, 129
1339327.3.peg.2406.site.14, 0, 129, 129
1339327.3.peg.2406.site.15, 46, 129, 175
1339327.3.peg.2406.site.16, 4, 127, 131
1339327.3.peg.2406.site.17, 37, 130, 167
1339327.3.peg.2406.site.18, 34, 125, 159
1339327.3.peg.2406.site.19, 5, 125, 130
1339327.3.peg.2406.site.20, 3, 126, 129
1339327.3.peg.2406.site.21, 10, 127, 137
1339327.3.peg.2406.site.22, 5, 126, 131
1339327.3.peg.2406.site.23, 88, 128, 216
1339327.3.peg.2406.site.24, 2, 127, 129
1339327.3.peg.1686.site.1, 2, 125, 127
1339327.3.peg.1686.site.2, 7, 136, 143
1339327.3.peg.1686.site.3, 78, 135, 213
1339327.3.peg.1686.site.4, 64, 135, 199
1339327.3.peg.1686.site.5, 7, 135, 142
1339327.3.peg.1686.site.6, 1, 133, 134
1339327.3.peg.1686.site.7, 2, 135, 137
1339327.3.peg.1686.site.8, 12, 132, 144
1339327.3.peg.1686.site.9, 3, 134, 137
1339327.3.peg.1686.site.10, 1, 134, 135
1339327.3.peg.1686.site.11, 0, 135, 135
1339327.3.peg.1686.site.12, 14, 137, 151
1339327.3.peg.1686.site.13, 36, 134, 170
1339327.3.peg.1686.site.14, 7, 134, 141
1339327.3.peg.1686.site.15, 127, 137, 264
1339327.3.peg.1686.site.16, 1, 136, 137
1339327.3.peg.1686.site.17, 3, 136, 139
1339327.3.peg.1686.site.18, 126, 136, 262
1339327.3.peg.1686.site.19, 17, 136, 153
1339327.3.peg.1686.site.20, 33, 135, 168
1339327.3.peg.1686.site.21, 32, 134, 166
1339327.3.peg.1686.site.22, 10, 135, 145
1339327.3.peg.1686.site.23, 101, 137, 238
1339327.3.peg.1686.site.24, 3, 135, 138
1339327.3.peg.1686.site.25, 5, 135, 140
1339327.3.peg.1686.site.26, 1, 135, 136
1339327.3.peg.1686.site.27, 0, 134, 134
1339327.3.peg.1687.site.1, 13, 134, 147
1339327.3.peg.1687.site.2, 23, 136, 159
1339327.3.peg.1687.site.3, 125, 135, 260
1339327.3.peg.1687.site.4, 5, 136, 141
1339327.3.peg.1687.site.5, 3, 135, 138
1339327.3.peg.2403.site.1, 20, 128, 148
1339327.3.peg.2403.site.2, 1, 126, 127
1339327.3.peg.2403.site.3, 8, 126, 134
1339327.3.peg.2403.site.4, 45, 129, 174
1339327.3.peg.2403.site.5, 4, 129, 133
1339327.3.peg.2403.site.6, 6, 120, 126
1339327.3.peg.2403.site.7, 5, 124, 129
1339327.3.peg.2403.site.8, 1, 126, 127
1339327.3.peg.2403.site.9, 105, 126, 231
1339327.3.peg.2403.site.10, 0, 123, 123
1339327.3.peg.2403.site.11, 3, 129, 132
1339327.3.peg.2403.site.12, 0, 128, 128
1339327.3.peg.2403.site.13, 5, 129, 134
1339327.3.peg.2403.site.14, 14, 126, 140
1339327.3.peg.2403.site.15, 17, 127, 144
1339327.3.peg.2403.site.16, 0, 123, 123
1339327.3.peg.2403.site.17, 3, 120, 123
1339327.3.peg.2403.site.18, 2, 126, 128
1339327.3.peg.2403.site.19, 12, 128, 140
1339327.3.peg.2403.site.20, 9, 128, 137
1339327.3.peg.2403.site.21, 2, 127, 129
1339327.3.peg.2403.site.22, 30, 127, 157
1339327.3.peg.2403.site.23, 0, 127, 127
1339327.3.peg.3428.site.1, 1, 137, 138
1339327.3.peg.3428.site.2, 2, 136, 138
1339327.3.peg.3428.site.3, 15, 137, 152
1339327.3.peg.3428.site.4, 0, 137, 137
1339327.3.peg.3428.site.5, 0, 137, 137
1339327.3.peg.3428.site.6, 3, 136, 139
1339327.3.peg.3428.site.7, 3, 137, 140
1339327.3.peg.3428.site.8, 16, 136, 152
1339327.3.peg.3428.site.9, 106, 136, 242
1339327.3.peg.3428.site.10, 0, 134, 134
1339327.3.peg.3428.site.11, 115, 137, 252
1339327.3.peg.3429.site.1, 0, 129, 129
1339327.3.peg.3429.site.2, 3, 131, 134
1339327.3.peg.3429.site.3, 0, 137, 137
1339327.3.peg.3429.site.4, 1, 134, 135
1339327.3.peg.3429.site.5, 11, 135, 146
1339327.3.peg.3429.site.6, 17, 136, 153
1339327.3.peg.3429.site.7, 3, 135, 138
1339327.3.peg.3429.site.8, 0, 136, 136
1339327.3.peg.3429.site.9, 71, 132, 203
1339327.3.peg.3429.site.10, 3, 137, 140
1339327.3.peg.3429.site.11, 44, 136, 180
1339327.3.peg.3429.site.12, 21, 136, 157
1339327.3.peg.3429.site.13, 4, 135, 139
1339327.3.peg.3429.site.14, 3, 135, 138
1339327.3.peg.3429.site.15, 0, 137, 137
1339327.3.peg.3969.site.1, 40, 130, 170
1339327.3.peg.3969.site.2, 31, 128, 159
1339327.3.peg.3969.site.3, 6, 129, 135
1339327.3.peg.3969.site.4, 67, 126, 193
1339327.3.peg.3969.site.5, 8, 129, 137
1339327.3.peg.3969.site.6, 3, 126, 129
1339327.3.peg.3969.site.7, 3, 128, 131
1339327.3.peg.3969.site.8, 9, 126, 135
1339327.3.peg.3969.site.9, 2, 128, 130
1339327.3.peg.3969.site.10, 5, 129, 134
1339327.3.peg.3969.site.11, 4, 129, 133
1339327.3.peg.3969.site.12, 9, 128, 137
1339327.3.peg.3969.site.13, 0, 126, 126
1339327.3.peg.3969.site.14, 3, 127, 130
1339327.3.peg.3969.site.15, 3, 127, 130
1339327.3.peg.3969.site.16, 71, 128, 199
1339327.3.peg.3969.site.17, 2, 128, 130
1339327.3.peg.3420.site.1, 3, 111, 114
1339327.3.peg.3420.site.2, 33, 128, 161
1339327.3.peg.3420.site.3, 18, 134, 152
1339327.3.peg.3420.site.4, 5, 135, 140
1339327.3.peg.3420.site.5, 2, 137, 139
1339327.3.peg.3420.site.6, 15, 137, 152
1339327.3.peg.3420.site.7, 11, 137, 148
1339327.3.peg.3420.site.8, 0, 136, 136
1339327.3.peg.3420.site.9, 5, 135, 140
1339327.3.peg.3420.site.10, 0, 135, 135
1339327.3.peg.3420.site.11, 7, 135, 142
1339327.3.peg.3420.site.12, 3, 136, 139
1339327.3.peg.3420.site.13, 4, 135, 139
1339327.3.peg.3420.site.14, 103, 135, 238
1339327.3.peg.3420.site.15, 11, 134, 145
1339327.3.peg.3420.site.16, 5, 134, 139
1339327.3.peg.3420.site.17, 3, 135, 138
1339327.3.peg.3420.site.18, 6, 135, 141
1339327.3.peg.3420.site.19, 3, 136, 139
1339327.3.peg.3420.site.20, 10, 137, 147
1339327.3.peg.3420.site.21, 2, 137, 139
1339327.3.peg.3420.site.22, 0, 135, 135
1339327.3.peg.3420.site.23, 16, 136, 152
1339327.3.peg.3421.site.1, 3, 137, 140
1339327.3.peg.3421.site.2, 0, 137, 137
1339327.3.peg.3421.site.3, 0, 136, 136
1339327.3.peg.3421.site.4, 5, 135, 140
1339327.3.peg.3421.site.5, 9, 136, 145
1339327.3.peg.3421.site.6, 2, 137, 139
1339327.3.peg.3421.site.7, 10, 135, 145
1339327.3.peg.3421.site.8, 3, 136, 139
1339327.3.peg.3421.site.9, 0, 134, 134
1339327.3.peg.3421.site.10, 0, 134, 134
1339327.3.peg.3421.site.11, 4, 136, 140
1339327.3.peg.3421.site.12, 0, 137, 137
1339327.3.peg.3421.site.13, 3, 136, 139
1339327.3.peg.3421.site.14, 0, 136, 136
1339327.3.peg.3421.site.15, 14, 136, 150
1339327.3.peg.3421.site.16, 0, 136, 136
1339327.3.peg.3422.site.1, 3, 136, 139
1339327.3.peg.3422.site.2, 0, 135, 135
1339327.3.peg.3422.site.3, 74, 134, 208
1339327.3.peg.3422.site.4, 24, 137, 161
1339327.3.peg.3422.site.5, 12, 136, 148
1339327.3.peg.3422.site.6, 7, 135, 142
1339327.3.peg.3422.site.7, 0, 133, 133
1339327.3.peg.3422.site.8, 58, 136, 194
1339327.3.peg.3422.site.9, 87, 135, 222
1339327.3.peg.3422.site.10, 66, 135, 201
1339327.3.peg.3422.site.11, 88, 135, 223
1339327.3.peg.3422.site.12, 3, 136, 139
1339327.3.peg.3422.site.13, 0, 133, 133
1339327.3.peg.3422.site.14, 4, 134, 138
1339327.3.peg.3423.site.1, 3, 137, 140
1339327.3.peg.3423.site.2, 0, 133, 133
1339327.3.peg.3423.site.3, 4, 134, 138
1339327.3.peg.3423.site.4, 11, 134, 145
1339327.3.peg.3423.site.5, 4, 131, 135
1339327.3.peg.3424.site.1, 0, 137, 137
1339327.3.peg.3424.site.2, 58, 136, 194
1339327.3.peg.3424.site.3, 100, 137, 237
1339327.3.peg.3424.site.4, 85, 134, 219
1339327.3.peg.3424.site.5, 2, 134, 136
1339327.3.peg.3424.site.6, 4, 135, 139
1339327.3.peg.3424.site.7, 34, 135, 169
1339327.3.peg.3424.site.8, 0, 135, 135
1339327.3.peg.3424.site.9, 2, 136, 138
1339327.3.peg.3425.site.1, 5, 136, 141
1339327.3.peg.3425.site.2, 2, 136, 138
1339327.3.peg.3425.site.3, 37, 136, 173
1339327.3.peg.3425.site.4, 41, 136, 177
1339327.3.peg.3425.site.5, 5, 135, 140
1339327.3.peg.3425.site.6, 3, 136, 139
1339327.3.peg.3425.site.7, 0, 132, 132
1339327.3.peg.3425.site.8, 1, 136, 137
1339327.3.peg.3425.site.9, 121, 136, 257
1339327.3.peg.3425.site.10, 56, 134, 190
1339327.3.peg.3425.site.11, 4, 137, 141
1339327.3.peg.3425.site.12, 7, 137, 144
1339327.3.peg.3425.site.13, 6, 137, 143
1339327.3.peg.3425.site.14, 5, 137, 142
1339327.3.peg.3425.site.15, 41, 137, 178
1339327.3.peg.3426.site.1, 117, 135, 252
1339327.3.peg.3426.site.2, 20, 134, 154
1339327.3.peg.3426.site.3, 2, 136, 138
1339327.3.peg.3426.site.4, 5, 132, 137
1339327.3.peg.3426.site.5, 6, 137, 143
1339327.3.peg.3426.site.6, 1, 137, 138
1339327.3.peg.3426.site.7, 1, 137, 138
1339327.3.peg.3426.site.8, 118, 136, 254
1339327.3.peg.3426.site.9, 1, 136, 137
1339327.3.peg.3426.site.10, 31, 135, 166
1339327.3.peg.3426.site.11, 7, 134, 141
1339327.3.peg.3426.site.12, 2, 136, 138
1339327.3.peg.3426.site.13, 3, 135, 138
1339327.3.peg.3426.site.14, 3, 134, 137
1339327.3.peg.3426.site.15, 9, 137, 146
1339327.3.peg.3426.site.16, 0, 137, 137
1339327.3.peg.3426.site.17, 7, 136, 143
1339327.3.peg.3426.site.18, 17, 136, 153
1339327.3.peg.3426.site.19, 95, 134, 229
1339327.3.peg.3426.site.20, 4, 134, 138
1339327.3.peg.3426.site.21, 60, 131, 191
1339327.3.peg.3426.site.22, 0, 135, 135
1339327.3.peg.3427.site.1, 49, 137, 186
1339327.3.peg.3427.site.2, 49, 137, 186
1339327.3.peg.3427.site.3, 13, 134, 147
1339327.3.peg.3427.site.4, 3, 135, 138
1339327.3.peg.3427.site.5, 17, 137, 154
1339327.3.peg.3427.site.6, 3, 133, 136
1339327.3.peg.3427.site.7, 3, 134, 137
1339327.3.peg.3427.site.8, 11, 135, 146
1339327.3.peg.3427.site.9, 1, 135, 136
1339327.3.peg.3427.site.10, 4, 135, 139
1339327.3.peg.3427.site.11, 5, 132, 137
1339327.3.peg.3427.site.12, 5, 130, 135
1339327.3.peg.3427.site.13, 0, 133, 133
1339327.3.peg.3427.site.14, 4, 124, 128
1339327.3.peg.3427.site.15, 22, 135, 157
1339327.3.peg.3427.site.16, 8, 135, 143
1339327.3.peg.3427.site.17, 4, 137, 141
1339327.3.peg.3427.site.18, 1, 135, 136
1339327.3.peg.3427.site.19, 3, 131, 134
1339327.3.peg.2889.site.1, 19, 136, 155
1339327.3.peg.2889.site.2, 7, 137, 144
1339327.3.peg.2889.site.3, 1, 134, 135
1339327.3.peg.2889.site.4, 8, 137, 145
1339327.3.peg.2889.site.5, 106, 137, 243
1339327.3.peg.2889.site.6, 86, 136, 222
1339327.3.peg.2889.site.7, 5, 135, 140
1339327.3.peg.2889.site.8, 0, 135, 135
1339327.3.peg.2889.site.9, 65, 133, 198
1339327.3.peg.2889.site.10, 3, 132, 135
1339327.3.peg.2889.site.11, 14, 135, 149
1339327.3.peg.2889.site.12, 67, 136, 203
1339327.3.peg.2889.site.13, 3, 134, 137
1339327.3.peg.2889.site.14, 14, 136, 150
1339327.3.peg.2889.site.15, 1, 131, 132
1339327.3.peg.2889.site.16, 18, 108, 126
1339327.3.peg.2889.site.17, 40, 90, 130
1339327.3.peg.2888.site.1, 94, 130, 224
1339327.3.peg.2888.site.2, 95, 131, 226
1339327.3.peg.2888.site.3, 95, 131, 226
1339327.3.peg.2888.site.4, 13, 132, 145
1339327.3.peg.2888.site.5, 20, 133, 153
1339327.3.peg.2888.site.6, 35, 135, 170
1339327.3.peg.2888.site.7, 8, 134, 142
1339327.3.peg.2888.site.8, 0, 135, 135
1339327.3.peg.2888.site.9, 68, 136, 204
1339327.3.peg.2888.site.10, 14, 136, 150
1339327.3.peg.2888.site.11, 5, 137, 142
1339327.3.peg.2888.site.12, 3, 136, 139
1339327.3.peg.2888.site.13, 51, 136, 187
1339327.3.peg.2888.site.14, 1, 135, 136
1339327.3.peg.2888.site.15, 62, 136, 198
1339327.3.peg.2888.site.16, 4, 137, 141
1339327.3.peg.2888.site.17, 113, 137, 250
1339327.3.peg.2888.site.18, 3, 135, 138
1339327.3.peg.2888.site.19, 2, 135, 137
1339327.3.peg.2888.site.20, 3, 135, 138
1339327.3.peg.2888.site.21, 0, 135, 135
1339327.3.peg.2888.site.22, 3, 137, 140
1339327.3.peg.2888.site.23, 3, 136, 139
1339327.3.peg.2888.site.24, 111, 135, 246
1339327.3.peg.2881.site.1, 4, 137, 141
1339327.3.peg.2881.site.2, 5, 135, 140
1339327.3.peg.2881.site.3, 61, 136, 197
1339327.3.peg.2881.site.4, 0, 134, 134
1339327.3.peg.2881.site.5, 5, 135, 140
1339327.3.peg.2881.site.6, 8, 133, 141
1339327.3.peg.2881.site.7, 0, 134, 134
1339327.3.peg.2881.site.8, 10, 136, 146
1339327.3.peg.2881.site.9, 5, 136, 141
1339327.3.peg.2881.site.10, 29, 128, 157
1339327.3.peg.2881.site.11, 9, 134, 143
1339327.3.peg.2881.site.12, 0, 134, 134
1339327.3.peg.2881.site.13, 3, 133, 136
1339327.3.peg.2881.site.14, 11, 131, 142
1339327.3.peg.2881.site.15, 2, 133, 135
1339327.3.peg.2881.site.16, 75, 132, 207
1339327.3.peg.2881.site.17, 8, 132, 140
1339327.3.peg.2881.site.18, 7, 135, 142
1339327.3.peg.2881.site.19, 8, 136, 144
1339327.3.peg.2880.site.1, 5, 137, 142
1339327.3.peg.2880.site.2, 2, 136, 138
1339327.3.peg.2880.site.3, 2, 136, 138
1339327.3.peg.2880.site.4, 62, 134, 196
1339327.3.peg.2880.site.5, 63, 136, 199
1339327.3.peg.2880.site.6, 20, 135, 155
1339327.3.peg.2880.site.7, 30, 134, 164
1339327.3.peg.2880.site.8, 48, 135, 183
1339327.3.peg.2880.site.9, 22, 134, 156
1339327.3.peg.2880.site.10, 3, 137, 140
1339327.3.peg.2880.site.11, 1, 136, 137
1339327.3.peg.2880.site.12, 5, 136, 141
1339327.3.peg.2880.site.13, 3, 137, 140
1339327.3.peg.2880.site.14, 7, 137, 144
1339327.3.peg.2880.site.15, 10, 136, 146
1339327.3.peg.2882.site.1, 28, 137, 165
1339327.3.peg.2882.site.2, 0, 136, 136
1339327.3.peg.2882.site.3, 0, 136, 136
1339327.3.peg.2882.site.4, 14, 136, 150
1339327.3.peg.2882.site.5, 2, 132, 134
1339327.3.peg.2882.site.6, 1, 137, 138
1339327.3.peg.2882.site.7, 3, 134, 137
1339327.3.peg.2882.site.8, 2, 136, 138
1339327.3.peg.2882.site.9, 3, 135, 138
1339327.3.peg.2882.site.10, 66, 134, 200
1339327.3.peg.2882.site.11, 42, 134, 176
1339327.3.peg.2882.site.12, 2, 136, 138
1339327.3.peg.2882.site.13, 42, 131, 173
1339327.3.peg.2884.site.1, 0, 132, 132
1339327.3.peg.2884.site.2, 0, 133, 133
1339327.3.peg.2887.site.1, 12, 134, 146
1339327.3.peg.2886.site.1, 3, 135, 138
1339327.3.peg.2886.site.2, 0, 133, 133
1339327.3.peg.2886.site.3, 28, 134, 162
1339327.3.peg.2886.site.4, 55, 133, 188
1339327.3.peg.2886.site.5, 4, 136, 140
1339327.3.peg.2886.site.6, 1, 136, 137
1339327.3.peg.2886.site.7, 1, 136, 137
1339327.3.peg.2886.site.8, 26, 132, 158
1339327.3.peg.2886.site.9, 32, 132, 164
1339327.3.peg.2886.site.10, 15, 133, 148
1339327.3.peg.2886.site.11, 1, 132, 133
1339327.3.peg.2886.site.12, 17, 132, 149
1339327.3.peg.2886.site.13, 128, 134, 262
1339327.3.peg.2886.site.14, 5, 136, 141
1339327.3.peg.2886.site.15, 1, 134, 135
1339327.3.peg.2886.site.16, 7, 137, 144
1339327.3.peg.2886.site.17, 5, 137, 142
1339327.3.peg.2886.site.18, 1, 136, 137
1339327.3.peg.2886.site.19, 0, 137, 137
1339327.3.peg.2886.site.20, 0, 135, 135
1339327.3.peg.2886.site.21, 5, 137, 142
1339327.3.peg.2886.site.22, 44, 133, 177
1339327.3.peg.2886.site.23, 8, 134, 142
1339327.3.peg.2886.site.24, 3, 133, 136
1339327.3.peg.2886.site.25, 3, 137, 140
1339327.3.peg.2886.site.26, 2, 136, 138
1339327.3.peg.2886.site.27, 2, 134, 136
1339327.3.peg.2886.site.28, 54, 132, 186
1339327.3.peg.2886.site.29, 2, 131, 133
1339327.3.peg.2886.site.30, 2, 130, 132
1339327.3.peg.2886.site.31, 2, 130, 132
1339327.3.peg.2886.site.32, 2, 131, 133
1339327.3.peg.2886.site.33, 5, 131, 136
1339327.3.peg.2886.site.34, 1, 136, 137
1339327.3.peg.2886.site.35, 3, 135, 138
1339327.3.peg.2886.site.36, 10, 134, 144
1339327.3.peg.2886.site.37, 1, 135, 136
1339327.3.peg.2886.site.38, 1, 136, 137
1339327.3.peg.2886.site.39, 9, 133, 142
1339327.3.peg.2886.site.40, 2, 134, 136
1339327.3.peg.2886.site.41, 10, 136, 146
1339327.3.peg.2886.site.42, 10, 136, 146
1339327.3.peg.2886.site.43, 5, 134, 139
1339327.3.peg.2886.site.44, 0, 134, 134
1339327.3.peg.2886.site.45, 3, 136, 139
1339327.3.peg.2886.site.46, 63, 135, 198
1339327.3.peg.1444.site.1, 120, 136, 256
1339327.3.peg.1444.site.2, 127, 135, 262
1339327.3.peg.1444.site.3, 7, 137, 144
1339327.3.peg.1444.site.4, 2, 136, 138
1339327.3.peg.1444.site.5, 1, 137, 138
1339327.3.peg.1444.site.6, 0, 131, 131
1339327.3.peg.1444.site.7, 1, 135, 136
1339327.3.peg.1444.site.8, 1, 136, 137
1339327.3.peg.1444.site.9, 4, 136, 140
1339327.3.peg.1444.site.10, 16, 136, 152
1339327.3.peg.1444.site.11, 8, 137, 145
1339327.3.peg.1444.site.12, 77, 137, 214
1339327.3.peg.1444.site.13, 1, 137, 138
1339327.3.peg.1444.site.14, 1, 137, 138
1339327.3.peg.1444.site.15, 1, 137, 138
1339327.3.peg.1444.site.16, 33, 135, 168
1339327.3.peg.1444.site.17, 35, 135, 170
1339327.3.peg.1444.site.18, 12, 135, 147
1339327.3.peg.1444.site.19, 12, 134, 146
1339327.3.peg.1444.site.20, 116, 137, 253
1339327.3.peg.1444.site.21, 126, 135, 261
1339327.3.peg.1444.site.22, 13, 137, 150
1339327.3.peg.1444.site.23, 31, 137, 168
1339327.3.peg.1444.site.24, 13, 137, 150
1339327.3.peg.1444.site.25, 1, 136, 137
1339327.3.peg.1444.site.26, 6, 136, 142
1339327.3.peg.1444.site.27, 13, 134, 147
1339327.3.peg.1444.site.28, 0, 132, 132
1339327.3.peg.1444.site.29, 5, 136, 141
1339327.3.peg.1445.site.1, 15, 136, 151
1339327.3.peg.1445.site.2, 3, 135, 138
1339327.3.peg.1445.site.3, 6, 134, 140
1339327.3.peg.1445.site.4, 5, 131, 136
1339327.3.peg.1445.site.5, 0, 135, 135
1339327.3.peg.1446.site.1, 1, 137, 138
1339327.3.peg.1446.site.2, 5, 136, 141
1339327.3.peg.1446.site.3, 3, 137, 140
1339327.3.peg.1446.site.4, 38, 137, 175
1339327.3.peg.1446.site.5, 3, 137, 140
1339327.3.peg.1447.site.1, 0, 136, 136
1339327.3.peg.1447.site.2, 99, 133, 232
1339327.3.peg.1440.site.1, 4, 135, 139
1339327.3.peg.1440.site.2, 12, 136, 148
1339327.3.peg.1440.site.3, 0, 134, 134
1339327.3.peg.1441.site.1, 2, 137, 139
1339327.3.peg.1441.site.2, 5, 137, 142
1339327.3.peg.1441.site.3, 105, 137, 242
1339327.3.peg.1441.site.4, 32, 136, 168
1339327.3.peg.1441.site.5, 8, 137, 145
1339327.3.peg.1442.site.1, 3, 137, 140
1339327.3.peg.1442.site.2, 3, 136, 139
1339327.3.peg.1443.site.1, 3, 137, 140
1339327.3.peg.1443.site.2, 0, 137, 137
1339327.3.peg.1443.site.3, 62, 135, 197
1339327.3.peg.1443.site.4, 2, 136, 138
1339327.3.peg.1443.site.5, 2, 137, 139
1339327.3.peg.1443.site.6, 29, 136, 165
1339327.3.peg.1443.site.7, 66, 130, 196
1339327.3.peg.1443.site.8, 14, 132, 146
1339327.3.peg.1443.site.9, 52, 137, 189
1339327.3.peg.1443.site.10, 5, 136, 141
1339327.3.peg.1443.site.11, 3, 135, 138
1339327.3.peg.1443.site.12, 1, 136, 137
1339327.3.peg.1443.site.13, 3, 136, 139
1339327.3.peg.1443.site.14, 2, 137, 139
1339327.3.peg.1443.site.15, 2, 136, 138
1339327.3.peg.1443.site.16, 0, 136, 136
1339327.3.peg.1443.site.17, 20, 136, 156
1339327.3.peg.1443.site.18, 0, 136, 136
1339327.3.peg.1443.site.19, 3, 136, 139
1339327.3.peg.1443.site.20, 15, 136, 151
1339327.3.peg.1443.site.21, 1, 135, 136
1339327.3.peg.1443.site.22, 3, 137, 140
1339327.3.peg.2795.site.1, 88, 135, 223
1339327.3.peg.2795.site.2, 0, 134, 134
1339327.3.peg.2795.site.3, 3, 136, 139
1339327.3.peg.2795.site.4, 6, 136, 142
1339327.3.peg.2795.site.5, 2, 136, 138
1339327.3.peg.2795.site.6, 23, 136, 159
1339327.3.peg.2795.site.7, 0, 137, 137
1339327.3.peg.2795.site.8, 31, 135, 166
1339327.3.peg.2795.site.9, 3, 136, 139
1339327.3.peg.2795.site.10, 5, 135, 140
1339327.3.peg.2795.site.11, 34, 135, 169
1339327.3.peg.2795.site.12, 6, 134, 140
1339327.3.peg.2795.site.13, 7, 134, 141
1339327.3.peg.2795.site.14, 17, 136, 153
1339327.3.peg.2795.site.15, 2, 136, 138
1339327.3.peg.2795.site.16, 2, 136, 138
1339327.3.peg.2795.site.17, 11, 133, 144
1339327.3.peg.2795.site.18, 11, 136, 147
1339327.3.peg.2795.site.19, 2, 136, 138
1339327.3.peg.2795.site.20, 3, 136, 139
1339327.3.peg.2795.site.21, 0, 136, 136
1339327.3.peg.2795.site.22, 6, 137, 143
1339327.3.peg.2795.site.23, 12, 131, 143
1339327.3.peg.2795.site.24, 120, 135, 255
1339327.3.peg.2795.site.25, 3, 135, 138
1339327.3.peg.2795.site.26, 121, 136, 257
1339327.3.peg.2795.site.27, 122, 136, 258
1339327.3.peg.2795.site.28, 0, 136, 136
1339327.3.peg.2795.site.29, 109, 136, 245
1339327.3.peg.2795.site.30, 2, 133, 135
1339327.3.peg.2795.site.31, 0, 135, 135
1339327.3.peg.2795.site.32, 3, 135, 138
1339327.3.peg.2795.site.33, 11, 131, 142
1339327.3.peg.2794.site.1, 0, 130, 130
1339327.3.peg.2794.site.2, 1, 134, 135
1339327.3.peg.2794.site.3, 11, 134, 145
1339327.3.peg.2794.site.4, 2, 132, 134
1339327.3.peg.2794.site.5, 17, 133, 150
1339327.3.peg.2794.site.6, 21, 134, 155
1339327.3.peg.2794.site.7, 60, 136, 196
1339327.3.peg.2794.site.8, 3, 137, 140
1339327.3.peg.2794.site.9, 9, 134, 143
1339327.3.peg.2794.site.10, 3, 137, 140
1339327.3.peg.2794.site.11, 1, 130, 131
1339327.3.peg.2794.site.12, 3, 134, 137
1339327.3.peg.2797.site.1, 2, 135, 137
1339327.3.peg.2797.site.2, 5, 134, 139
1339327.3.peg.2797.site.3, 2, 137, 139
1339327.3.peg.2797.site.4, 35, 134, 169
1339327.3.peg.2797.site.5, 6, 135, 141
1339327.3.peg.2797.site.6, 5, 136, 141
1339327.3.peg.2797.site.7, 8, 135, 143
1339327.3.peg.2797.site.8, 8, 135, 143
1339327.3.peg.2797.site.9, 1, 135, 136
1339327.3.peg.2797.site.10, 5, 137, 142
1339327.3.peg.2797.site.11, 10, 135, 145
1339327.3.peg.2797.site.12, 22, 136, 158
1339327.3.peg.2797.site.13, 7, 132, 139
1339327.3.peg.2797.site.14, 3, 135, 138
1339327.3.peg.2797.site.15, 4, 136, 140
1339327.3.peg.2797.site.16, 10, 135, 145
1339327.3.peg.2797.site.17, 3, 137, 140
1339327.3.peg.2797.site.18, 1, 134, 135
1339327.3.peg.2797.site.19, 8, 135, 143
1339327.3.peg.2796.site.1, 52, 137, 189
1339327.3.peg.2796.site.2, 1, 136, 137
1339327.3.peg.2796.site.3, 32, 137, 169
1339327.3.peg.2796.site.4, 3, 135, 138
1339327.3.peg.2796.site.5, 20, 135, 155
1339327.3.peg.2796.site.6, 36, 137, 173
1339327.3.peg.2796.site.7, 2, 134, 136
1339327.3.peg.2796.site.8, 21, 135, 156
1339327.3.peg.2796.site.9, 2, 136, 138
1339327.3.peg.2796.site.10, 0, 133, 133
1339327.3.peg.2796.site.11, 0, 137, 137
1339327.3.peg.2796.site.12, 5, 137, 142
1339327.3.peg.2796.site.13, 3, 137, 140
1339327.3.peg.2796.site.14, 0, 136, 136
1339327.3.peg.2796.site.15, 11, 137, 148
1339327.3.peg.2796.site.16, 58, 136, 194
1339327.3.peg.2796.site.17, 128, 137, 265
1339327.3.peg.2796.site.18, 5, 137, 142
1339327.3.peg.2796.site.19, 18, 136, 154
1339327.3.peg.2796.site.20, 23, 136, 159
1339327.3.peg.2796.site.21, 36, 135, 171
1339327.3.peg.2796.site.22, 81, 134, 215
1339327.3.peg.2796.site.23, 0, 137, 137
1339327.3.peg.2796.site.24, 4, 130, 134
1339327.3.peg.2796.site.25, 2, 132, 134
1339327.3.peg.2796.site.26, 82, 132, 214
1339327.3.peg.2796.site.27, 34, 134, 168
1339327.3.peg.2796.site.28, 13, 132, 145
1339327.3.peg.2796.site.29, 0, 135, 135
1339327.3.peg.2796.site.30, 19, 136, 155
1339327.3.peg.2796.site.31, 29, 134, 163
1339327.3.peg.2796.site.32, 12, 129, 141
1339327.3.peg.2796.site.33, 85, 132, 217
1339327.3.peg.2796.site.34, 34, 136, 170
1339327.3.peg.2796.site.35, 13, 136, 149
1339327.3.peg.2796.site.36, 0, 134, 134
1339327.3.peg.1448.site.1, 2, 136, 138
1339327.3.peg.1448.site.2, 3, 136, 139
1339327.3.peg.1448.site.3, 0, 137, 137
1339327.3.peg.1448.site.4, 3, 137, 140
1339327.3.peg.1448.site.5, 118, 137, 255
1339327.3.peg.1448.site.6, 5, 137, 142
1339327.3.peg.1448.site.7, 3, 137, 140
1339327.3.peg.1448.site.8, 4, 136, 140
1339327.3.peg.1448.site.9, 0, 136, 136
1339327.3.peg.1448.site.10, 0, 136, 136
1339327.3.peg.1448.site.11, 0, 136, 136
1339327.3.peg.1448.site.12, 80, 136, 216
1339327.3.peg.1448.site.13, 6, 134, 140
1339327.3.peg.1448.site.14, 59, 136, 195
1339327.3.peg.1448.site.15, 27, 137, 164
1339327.3.peg.1448.site.16, 6, 137, 143
1339327.3.peg.1448.site.17, 1, 137, 138
1339327.3.peg.1448.site.18, 3, 136, 139
1339327.3.peg.1448.site.19, 2, 135, 137
1339327.3.peg.1448.site.20, 2, 135, 137
1339327.3.peg.1448.site.21, 3, 137, 140
1339327.3.peg.1448.site.22, 0, 132, 132
1339327.3.peg.1448.site.23, 2, 137, 139
1339327.3.peg.1449.site.1, 6, 136, 142
1339327.3.peg.1449.site.2, 3, 137, 140
1339327.3.peg.1449.site.3, 2, 135, 137
1339327.3.peg.1449.site.4, 23, 128, 151
1339327.3.peg.1449.site.5, 1, 131, 132
1339327.3.peg.1449.site.6, 98, 134, 232
1339327.3.peg.1449.site.7, 5, 134, 139
1339327.3.peg.1449.site.8, 4, 135, 139
1339327.3.peg.1449.site.9, 18, 135, 153
1339327.3.peg.1449.site.10, 16, 135, 151
1339327.3.peg.1449.site.11, 74, 132, 206
1339327.3.peg.1449.site.12, 1, 135, 136
1339327.3.peg.1449.site.13, 44, 136, 180
1339327.3.peg.1449.site.14, 1, 136, 137
1339327.3.peg.1449.site.15, 4, 136, 140
1339327.3.peg.1449.site.16, 26, 137, 163
1339327.3.peg.1449.site.17, 2, 137, 139
1339327.3.peg.2793.site.1, 2, 129, 131
1339327.3.peg.2793.site.2, 123, 130, 253
1339327.3.peg.2793.site.3, 31, 135, 166
1339327.3.peg.2793.site.4, 2, 132, 134
1339327.3.peg.2793.site.5, 10, 136, 146
1339327.3.peg.2793.site.6, 1, 136, 137
1339327.3.peg.2793.site.7, 10, 136, 146
1339327.3.peg.2793.site.8, 0, 136, 136
1339327.3.peg.2793.site.9, 3, 136, 139
1339327.3.peg.2793.site.10, 0, 136, 136
1339327.3.peg.2793.site.11, 28, 136, 164
1339327.3.peg.2793.site.12, 28, 135, 163
1339327.3.peg.2793.site.13, 3, 134, 137
1339327.3.peg.2793.site.14, 92, 130, 222
1339327.3.peg.2793.site.15, 0, 132, 132
1339327.3.peg.2793.site.16, 3, 134, 137
1339327.3.peg.2792.site.1, 15, 135, 150
1339327.3.peg.2792.site.2, 23, 125, 148
1339327.3.peg.3060.site.1, 24, 135, 159
1339327.3.peg.2533.site.1, 129, 135, 264
1339327.3.peg.2533.site.2, 130, 136, 266
1339327.3.peg.2533.site.3, 5, 136, 141
1339327.3.peg.2533.site.4, 130, 136, 266
1339327.3.peg.2533.site.5, 129, 135, 264
1339327.3.peg.2533.site.6, 129, 135, 264
1339327.3.peg.2533.site.7, 1, 132, 133
1339327.3.peg.2533.site.8, 1, 131, 132
1339327.3.peg.2533.site.9, 119, 125, 244
1339327.3.peg.2533.site.10, 115, 121, 236
1339327.3.peg.2533.site.11, 114, 120, 234
1339327.3.peg.2533.site.12, 74, 80, 154
1339327.3.peg.2533.site.13, 34, 40, 74
1339327.3.peg.2533.site.14, 26, 26, 52
1339327.3.peg.2533.site.15, 16, 21, 37
1339327.3.peg.2533.site.16, 7, 13, 20
1339327.3.peg.2533.site.17, 13, 19, 32
1339327.3.peg.2533.site.18, 14, 20, 34
1339327.3.peg.2533.site.19, 38, 44, 82
1339327.3.peg.2533.site.20, 2, 136, 138
1339327.3.peg.2533.site.21, 0, 136, 136
1339327.3.peg.2533.site.22, 3, 136, 139
1339327.3.peg.2533.site.23, 44, 136, 180
1339327.3.peg.2533.site.24, 23, 135, 158
1339327.3.peg.2533.site.25, 130, 136, 266
1339327.3.peg.2533.site.26, 15, 134, 149
1339327.3.peg.2533.site.27, 20, 132, 152
1339327.3.peg.2533.site.28, 20, 133, 153
1339327.3.peg.2533.site.29, 3, 136, 139
1339327.3.peg.2533.site.30, 2, 131, 133
1339327.3.peg.2533.site.31, 6, 134, 140
1339327.3.peg.2533.site.32, 59, 133, 192
1339327.3.peg.2533.site.33, 0, 136, 136
1339327.3.peg.2533.site.34, 0, 132, 132
1339327.3.peg.2532.site.1, 7, 128, 135
1339327.3.peg.2532.site.2, 19, 120, 139
1339327.3.peg.2532.site.3, 0, 89, 89
1339327.3.peg.2532.site.4, 40, 61, 101
1339327.3.peg.2532.site.5, 45, 51, 96
1339327.3.peg.2532.site.6, 28, 34, 62
1339327.3.peg.2532.site.7, 28, 34, 62
1339327.3.peg.2532.site.8, 49, 54, 103
1339327.3.peg.2532.site.9, 2, 115, 117
1339327.3.peg.2532.site.10, 4, 119, 123
1339327.3.peg.2532.site.11, 3, 123, 126
1339327.3.peg.2532.site.12, 118, 124, 242
1339327.3.peg.2532.site.13, 124, 130, 254
1339327.3.peg.2532.site.14, 1, 126, 127
1339327.3.peg.2532.site.15, 4, 122, 126
1339327.3.peg.2532.site.16, 32, 112, 144
1339327.3.peg.2532.site.17, 105, 111, 216
1339327.3.peg.2532.site.18, 82, 109, 191
1339327.3.peg.2532.site.19, 9, 110, 119
1339327.3.peg.2532.site.20, 103, 109, 212
1339327.3.peg.2532.site.21, 3, 98, 101
1339327.3.peg.2532.site.22, 15, 21, 36
1339327.3.peg.2532.site.23, 6, 12, 18
1339327.3.peg.2532.site.24, 1, 9, 10
1339327.3.peg.2532.site.25, 4, 10, 14
1339327.3.peg.2532.site.26, 78, 84, 162
1339327.3.peg.2532.site.27, 84, 90, 174
1339327.3.peg.2532.site.28, 6, 113, 119
1339327.3.peg.2532.site.29, 23, 129, 152
1339327.3.peg.2532.site.30, 2, 127, 129
1339327.3.peg.2532.site.31, 3, 129, 132
1339327.3.peg.2532.site.32, 2, 127, 129
1339327.3.peg.2532.site.33, 36, 42, 78
1339327.3.peg.2532.site.34, 19, 25, 44
1339327.3.peg.2532.site.35, 21, 27, 48
1339327.3.peg.2532.site.36, 28, 34, 62
1339327.3.peg.2532.site.37, 71, 77, 148
1339327.3.peg.2532.site.38, 74, 80, 154
1339327.3.peg.2532.site.39, 54, 71, 125
1339327.3.peg.2532.site.40, 48, 54, 102
1339327.3.peg.2532.site.41, 15, 21, 36
1339327.3.peg.2532.site.42, 8, 14, 22
1339327.3.peg.2532.site.43, 31, 37, 68
1339327.3.peg.2532.site.44, 41, 47, 88
1339327.3.peg.2535.site.1, 1, 137, 138
1339327.3.peg.2535.site.2, 13, 135, 148
1339327.3.peg.2535.site.3, 5, 135, 140
1339327.3.peg.2535.site.4, 54, 136, 190
1339327.3.peg.2535.site.5, 1, 135, 136
1339327.3.peg.2535.site.6, 20, 136, 156
1339327.3.peg.2535.site.7, 0, 135, 135
1339327.3.peg.2535.site.8, 31, 136, 167
1339327.3.peg.2535.site.9, 43, 136, 179
1339327.3.peg.2535.site.10, 11, 130, 141
1339327.3.peg.2535.site.11, 14, 131, 145
1339327.3.peg.2535.site.12, 11, 131, 142
1339327.3.peg.2534.site.1, 29, 134, 163
1339327.3.peg.2534.site.2, 1, 134, 135
1339327.3.peg.2534.site.3, 42, 133, 175
1339327.3.peg.2534.site.4, 0, 134, 134
1339327.3.peg.2534.site.5, 4, 135, 139
1339327.3.peg.2534.site.6, 5, 136, 141
1339327.3.peg.2534.site.7, 5, 129, 134
1339327.3.peg.2534.site.8, 5, 137, 142
1339327.3.peg.2534.site.9, 89, 134, 223
1339327.3.peg.2534.site.10, 4, 132, 136
1339327.3.peg.2534.site.11, 75, 135, 210
1339327.3.peg.2534.site.12, 11, 134, 145
1339327.3.peg.2537.site.1, 4, 135, 139
1339327.3.peg.2536.site.1, 106, 134, 240
1339327.3.peg.2539.site.1, 1, 121, 122
1339327.3.peg.2539.site.2, 2, 122, 124
1339327.3.peg.2539.site.3, 12, 133, 145
1339327.3.peg.2539.site.4, 1, 134, 135
1339327.3.peg.2539.site.5, 23, 134, 157
1339327.3.peg.2539.site.6, 1, 136, 137
1339327.3.peg.2539.site.7, 55, 134, 189
1339327.3.peg.2539.site.8, 9, 136, 145
1339327.3.peg.2539.site.9, 0, 136, 136
1339327.3.peg.2539.site.10, 129, 135, 264
1339327.3.peg.2539.site.11, 3, 135, 138
1339327.3.peg.2539.site.12, 7, 136, 143
1339327.3.peg.2539.site.13, 134, 134, 268
1339327.3.peg.2539.site.14, 3, 135, 138
1339327.3.peg.2539.site.15, 0, 132, 132
1339327.3.peg.2539.site.16, 8, 132, 140
1339327.3.peg.2539.site.17, 7, 137, 144
1339327.3.peg.2539.site.18, 0, 136, 136
1339327.3.peg.2539.site.19, 2, 136, 138
1339327.3.peg.2539.site.20, 32, 135, 167
1339327.3.peg.2539.site.21, 2, 135, 137
1339327.3.peg.2539.site.22, 11, 135, 146
1339327.3.peg.2539.site.23, 0, 134, 134
1339327.3.peg.2539.site.24, 6, 133, 139
1339327.3.peg.2539.site.25, 3, 136, 139
1339327.3.peg.2539.site.26, 24, 135, 159
1339327.3.peg.2539.site.27, 3, 135, 138
1339327.3.peg.2539.site.28, 1, 135, 136
1339327.3.peg.2539.site.29, 75, 135, 210
1339327.3.peg.2539.site.30, 1, 134, 135
1339327.3.peg.2539.site.31, 3, 135, 138
1339327.3.peg.3335.site.1, 5, 132, 137
1339327.3.peg.3335.site.2, 110, 137, 247
1339327.3.peg.3335.site.3, 19, 133, 152
1339327.3.peg.3335.site.4, 4, 134, 138
1339327.3.peg.3335.site.5, 23, 136, 159
1339327.3.peg.3335.site.6, 2, 132, 134
1339327.3.peg.3335.site.7, 7, 133, 140
1339327.3.peg.3335.site.8, 2, 134, 136
1339327.3.peg.3335.site.9, 2, 134, 136
1339327.3.peg.3335.site.10, 0, 135, 135
1339327.3.peg.3335.site.11, 2, 137, 139
1339327.3.peg.3335.site.12, 0, 134, 134
1339327.3.peg.3335.site.13, 12, 135, 147
1339327.3.peg.3335.site.14, 6, 135, 141
1339327.3.peg.3335.site.15, 12, 135, 147
1339327.3.peg.3335.site.16, 5, 135, 140
1339327.3.peg.3335.site.17, 0, 132, 132
1339327.3.peg.3330.site.1, 1, 137, 138
1339327.3.peg.3330.site.2, 2, 136, 138
1339327.3.peg.3330.site.3, 32, 130, 162
1339327.3.peg.3331.site.1, 4, 133, 137
1339327.3.peg.3688.site.1, 27, 136, 163
1339327.3.peg.3688.site.2, 5, 135, 140
1339327.3.peg.3688.site.3, 0, 136, 136
1339327.3.peg.3688.site.4, 3, 133, 136
1339327.3.peg.3688.site.5, 2, 135, 137
1339327.3.peg.3689.site.1, 97, 135, 232
1339327.3.peg.3689.site.2, 5, 136, 141
1339327.3.peg.3689.site.3, 3, 135, 138
1339327.3.peg.3689.site.4, 6, 136, 142
1339327.3.peg.3689.site.5, 3, 135, 138
1339327.3.peg.3689.site.6, 1, 135, 136
1339327.3.peg.3689.site.7, 8, 136, 144
1339327.3.peg.3689.site.8, 0, 136, 136
1339327.3.peg.3689.site.9, 65, 136, 201
1339327.3.peg.3689.site.10, 2, 136, 138
1339327.3.peg.3689.site.11, 64, 135, 199
1339327.3.peg.3689.site.12, 8, 135, 143
1339327.3.peg.3689.site.13, 0, 135, 135
1339327.3.peg.3689.site.14, 1, 137, 138
1339327.3.peg.3689.site.15, 0, 137, 137
1339327.3.peg.3689.site.16, 4, 136, 140
1339327.3.peg.3689.site.17, 77, 134, 211
1339327.3.peg.3689.site.18, 4, 137, 141
1339327.3.peg.3689.site.19, 60, 137, 197
1339327.3.peg.3689.site.20, 1, 135, 136
1339327.3.peg.3689.site.21, 4, 137, 141
1339327.3.peg.3689.site.22, 68, 136, 204
1339327.3.peg.3689.site.23, 55, 137, 192
1339327.3.peg.3689.site.24, 14, 137, 151
1339327.3.peg.3689.site.25, 0, 137, 137
1339327.3.peg.3689.site.26, 70, 136, 206
1339327.3.peg.3689.site.27, 3, 136, 139
1339327.3.peg.3689.site.28, 14, 136, 150
1339327.3.peg.3689.site.29, 14, 136, 150
1339327.3.peg.3689.site.30, 5, 137, 142
1339327.3.peg.3689.site.31, 22, 137, 159
1339327.3.peg.3689.site.32, 4, 137, 141
1339327.3.peg.3689.site.33, 3, 136, 139
1339327.3.peg.3689.site.34, 5, 136, 141
1339327.3.peg.3689.site.35, 72, 137, 209
1339327.3.peg.3689.site.36, 17, 137, 154
1339327.3.peg.3689.site.37, 3, 136, 139
1339327.3.peg.3689.site.38, 0, 132, 132
1339327.3.peg.3684.site.1, 5, 135, 140
1339327.3.peg.3684.site.2, 1, 136, 137
1339327.3.peg.3684.site.3, 3, 137, 140
1339327.3.peg.3684.site.4, 113, 137, 250
1339327.3.peg.3684.site.5, 119, 137, 256
1339327.3.peg.3684.site.6, 1, 136, 137
1339327.3.peg.3684.site.7, 122, 131, 253
1339327.3.peg.3684.site.8, 116, 133, 249
1339327.3.peg.3684.site.9, 2, 136, 138
1339327.3.peg.3684.site.10, 127, 136, 263
1339327.3.peg.3684.site.11, 0, 136, 136
1339327.3.peg.3684.site.12, 1, 135, 136
1339327.3.peg.3684.site.13, 3, 136, 139
1339327.3.peg.3684.site.14, 4, 136, 140
1339327.3.peg.3684.site.15, 1, 136, 137
1339327.3.peg.3685.site.1, 4, 135, 139
1339327.3.peg.3685.site.2, 54, 137, 191
1339327.3.peg.3685.site.3, 0, 136, 136
1339327.3.peg.3685.site.4, 0, 136, 136
1339327.3.peg.3685.site.5, 2, 136, 138
1339327.3.peg.3685.site.6, 23, 136, 159
1339327.3.peg.3685.site.7, 0, 135, 135
1339327.3.peg.3685.site.8, 25, 133, 158
1339327.3.peg.3685.site.9, 5, 133, 138
1339327.3.peg.3685.site.10, 70, 128, 198
1339327.3.peg.3685.site.11, 0, 136, 136
1339327.3.peg.3685.site.12, 22, 135, 157
1339327.3.peg.3685.site.13, 0, 134, 134
1339327.3.peg.3685.site.14, 25, 136, 161
1339327.3.peg.3685.site.15, 0, 134, 134
1339327.3.peg.3685.site.16, 125, 137, 262
1339327.3.peg.3685.site.17, 0, 137, 137
1339327.3.peg.3685.site.18, 43, 137, 180
1339327.3.peg.3685.site.19, 78, 137, 215
1339327.3.peg.3685.site.20, 44, 135, 179
1339327.3.peg.3685.site.21, 39, 136, 175
1339327.3.peg.3685.site.22, 3, 137, 140
1339327.3.peg.3685.site.23, 4, 136, 140
1339327.3.peg.3685.site.24, 5, 132, 137
1339327.3.peg.3685.site.25, 5, 135, 140
1339327.3.peg.3686.site.1, 31, 136, 167
1339327.3.peg.3686.site.2, 3, 135, 138
1339327.3.peg.3686.site.3, 4, 134, 138
1339327.3.peg.3686.site.4, 1, 136, 137
1339327.3.peg.3687.site.1, 3, 136, 139
1339327.3.peg.3687.site.2, 4, 135, 139
1339327.3.peg.3687.site.3, 5, 135, 140
1339327.3.peg.3687.site.4, 0, 133, 133
1339327.3.peg.3687.site.5, 27, 136, 163
1339327.3.peg.3687.site.6, 23, 135, 158
1339327.3.peg.3687.site.7, 2, 136, 138
1339327.3.peg.3687.site.8, 1, 137, 138
1339327.3.peg.3687.site.9, 8, 137, 145
1339327.3.peg.3687.site.10, 7, 137, 144
1339327.3.peg.3687.site.11, 3, 137, 140
1339327.3.peg.3681.site.1, 2, 128, 130
1339327.3.peg.3681.site.2, 1, 135, 136
1339327.3.peg.3681.site.3, 5, 136, 141
1339327.3.peg.3681.site.4, 34, 137, 171
1339327.3.peg.3681.site.5, 2, 137, 139
1339327.3.peg.3681.site.6, 0, 137, 137
1339327.3.peg.3681.site.7, 39, 135, 174
1339327.3.peg.3681.site.8, 0, 135, 135
1339327.3.peg.3681.site.9, 35, 136, 171
1339327.3.peg.3681.site.10, 91, 136, 227
1339327.3.peg.3681.site.11, 7, 136, 143
1339327.3.peg.3681.site.12, 2, 136, 138
1339327.3.peg.3681.site.13, 6, 135, 141
1339327.3.peg.3681.site.14, 0, 137, 137
1339327.3.peg.3681.site.15, 0, 135, 135
1339327.3.peg.3681.site.16, 2, 135, 137
1339327.3.peg.3681.site.17, 11, 134, 145
1339327.3.peg.3682.site.1, 1, 137, 138
1339327.3.peg.3682.site.2, 3, 136, 139
1339327.3.peg.3682.site.3, 7, 135, 142
1339327.3.peg.3682.site.4, 5, 136, 141
1339327.3.peg.3682.site.5, 5, 137, 142
1339327.3.peg.3682.site.6, 4, 136, 140
1339327.3.peg.3682.site.7, 3, 136, 139
1339327.3.peg.3682.site.8, 80, 137, 217
1339327.3.peg.3682.site.9, 5, 136, 141
1339327.3.peg.3682.site.10, 20, 135, 155
1339327.3.peg.3682.site.11, 2, 135, 137
1339327.3.peg.3682.site.12, 7, 136, 143
1339327.3.peg.3682.site.13, 4, 132, 136
1339327.3.peg.3682.site.14, 36, 134, 170
1339327.3.peg.3682.site.15, 36, 135, 171
1339327.3.peg.3682.site.16, 1, 135, 136
1339327.3.peg.3682.site.17, 38, 134, 172
1339327.3.peg.3682.site.18, 5, 136, 141
1339327.3.peg.3682.site.19, 3, 136, 139
1339327.3.peg.3682.site.20, 50, 137, 187
1339327.3.peg.3682.site.21, 42, 137, 179
1339327.3.peg.3682.site.22, 39, 136, 175
1339327.3.peg.3682.site.23, 14, 136, 150
1339327.3.peg.3682.site.24, 14, 134, 148
1339327.3.peg.3682.site.25, 17, 135, 152
1339327.3.peg.3682.site.26, 79, 136, 215
1339327.3.peg.3682.site.27, 0, 137, 137
1339327.3.peg.3682.site.28, 0, 137, 137
1339327.3.peg.3682.site.29, 16, 137, 153
1339327.3.peg.3682.site.30, 1, 137, 138
1339327.3.peg.3682.site.31, 37, 135, 172
1339327.3.peg.3682.site.32, 9, 135, 144
1339327.3.peg.3682.site.33, 16, 135, 151
1339327.3.peg.3682.site.34, 0, 136, 136
1339327.3.peg.3682.site.35, 100, 136, 236
1339327.3.peg.3683.site.1, 0, 134, 134
1339327.3.peg.4167.site.1, 3, 137, 140
1339327.3.peg.4167.site.2, 2, 137, 139
1339327.3.peg.4167.site.3, 0, 136, 136
1339327.3.peg.4167.site.4, 3, 136, 139
1339327.3.peg.4167.site.5, 105, 135, 240
1339327.3.peg.4167.site.6, 1, 137, 138
1339327.3.peg.4167.site.7, 2, 137, 139
1339327.3.peg.132.site.1, 57, 137, 194
1339327.3.peg.132.site.2, 23, 137, 160
1339327.3.peg.132.site.3, 0, 137, 137
1339327.3.peg.132.site.4, 3, 137, 140
1339327.3.peg.132.site.5, 68, 134, 202
1339327.3.peg.132.site.6, 57, 131, 188
1339327.3.peg.132.site.7, 19, 133, 152
1339327.3.peg.132.site.8, 3, 115, 118
1339327.3.peg.132.site.9, 15, 115, 130
1339327.3.peg.132.site.10, 6, 131, 137
1339327.3.peg.132.site.11, 8, 131, 139
1339327.3.peg.132.site.12, 3, 133, 136
1339327.3.peg.132.site.13, 44, 136, 180
1339327.3.peg.132.site.14, 4, 136, 140
1339327.3.peg.132.site.15, 21, 136, 157
1339327.3.peg.132.site.16, 42, 133, 175
1339327.3.peg.132.site.17, 5, 132, 137
1339327.3.peg.132.site.18, 1, 134, 135
1339327.3.peg.132.site.19, 1, 134, 135
1339327.3.peg.132.site.20, 12, 133, 145
1339327.3.peg.132.site.21, 3, 136, 139
1339327.3.peg.132.site.22, 47, 136, 183
1339327.3.peg.132.site.23, 3, 136, 139
1339327.3.peg.132.site.24, 2, 127, 129
1339327.3.peg.132.site.25, 4, 130, 134
1339327.3.peg.132.site.26, 23, 135, 158
1339327.3.peg.132.site.27, 61, 137, 198
1339327.3.peg.132.site.28, 34, 137, 171
1339327.3.peg.132.site.29, 2, 135, 137
1339327.3.peg.132.site.30, 0, 136, 136
1339327.3.peg.132.site.31, 19, 136, 155
1339327.3.peg.132.site.32, 0, 137, 137
1339327.3.peg.132.site.33, 3, 137, 140
1339327.3.peg.133.site.1, 0, 137, 137
1339327.3.peg.133.site.2, 1, 136, 137
1339327.3.peg.133.site.3, 1, 136, 137
1339327.3.peg.133.site.4, 1, 133, 134
1339327.3.peg.133.site.5, 43, 129, 172
1339327.3.peg.133.site.6, 3, 137, 140
1339327.3.peg.133.site.7, 5, 136, 141
1339327.3.peg.133.site.8, 45, 137, 182
1339327.3.peg.133.site.9, 2, 137, 139
1339327.3.peg.133.site.10, 5, 137, 142
1339327.3.peg.130.site.1, 0, 137, 137
1339327.3.peg.130.site.2, 36, 137, 173
1339327.3.peg.130.site.3, 8, 137, 145
1339327.3.peg.130.site.4, 8, 137, 145
1339327.3.peg.130.site.5, 5, 136, 141
1339327.3.peg.130.site.6, 7, 136, 143
1339327.3.peg.130.site.7, 65, 136, 201
1339327.3.peg.130.site.8, 132, 137, 269
1339327.3.peg.130.site.9, 87, 137, 224
1339327.3.peg.130.site.10, 0, 137, 137
1339327.3.peg.130.site.11, 40, 136, 176
1339327.3.peg.130.site.12, 2, 137, 139
1339327.3.peg.130.site.13, 18, 137, 155
1339327.3.peg.130.site.14, 0, 137, 137
1339327.3.peg.130.site.15, 3, 135, 138
1339327.3.peg.130.site.16, 48, 136, 184
1339327.3.peg.130.site.17, 48, 136, 184
1339327.3.peg.130.site.18, 18, 137, 155
1339327.3.peg.130.site.19, 0, 136, 136
1339327.3.peg.130.site.20, 2, 137, 139
1339327.3.peg.130.site.21, 62, 134, 196
1339327.3.peg.130.site.22, 126, 135, 261
1339327.3.peg.130.site.23, 60, 136, 196
1339327.3.peg.130.site.24, 29, 135, 164
1339327.3.peg.130.site.25, 0, 136, 136
1339327.3.peg.130.site.26, 24, 137, 161
1339327.3.peg.130.site.27, 2, 137, 139
1339327.3.peg.130.site.28, 3, 137, 140
1339327.3.peg.130.site.29, 31, 137, 168
1339327.3.peg.130.site.30, 78, 137, 215
1339327.3.peg.130.site.31, 2, 137, 139
1339327.3.peg.130.site.32, 4, 137, 141
1339327.3.peg.130.site.33, 3, 137, 140
1339327.3.peg.130.site.34, 3, 137, 140
1339327.3.peg.130.site.35, 9, 137, 146
1339327.3.peg.130.site.36, 67, 137, 204
1339327.3.peg.130.site.37, 30, 136, 166
1339327.3.peg.130.site.38, 11, 137, 148
1339327.3.peg.130.site.39, 18, 135, 153
1339327.3.peg.130.site.40, 0, 135, 135
1339327.3.peg.130.site.41, 2, 137, 139
1339327.3.peg.130.site.42, 3, 136, 139
1339327.3.peg.130.site.43, 3, 137, 140
1339327.3.peg.130.site.44, 70, 137, 207
1339327.3.peg.130.site.45, 62, 137, 199
1339327.3.peg.130.site.46, 9, 136, 145
1339327.3.peg.130.site.47, 0, 129, 129
1339327.3.peg.130.site.48, 1, 134, 135
1339327.3.peg.130.site.49, 3, 137, 140
1339327.3.peg.130.site.50, 97, 137, 234
1339327.3.peg.130.site.51, 66, 137, 203
1339327.3.peg.130.site.52, 10, 137, 147
1339327.3.peg.130.site.53, 1, 137, 138
1339327.3.peg.130.site.54, 18, 136, 154
1339327.3.peg.131.site.1, 49, 136, 185
1339327.3.peg.131.site.2, 2, 135, 137
1339327.3.peg.131.site.3, 44, 136, 180
1339327.3.peg.131.site.4, 33, 137, 170
1339327.3.peg.131.site.5, 32, 137, 169
1339327.3.peg.131.site.6, 41, 137, 178
1339327.3.peg.131.site.7, 107, 136, 243
1339327.3.peg.131.site.8, 9, 137, 146
1339327.3.peg.131.site.9, 1, 136, 137
1339327.3.peg.131.site.10, 3, 137, 140
1339327.3.peg.131.site.11, 39, 136, 175
1339327.3.peg.131.site.12, 33, 135, 168
1339327.3.peg.131.site.13, 0, 137, 137
1339327.3.peg.131.site.14, 17, 137, 154
1339327.3.peg.131.site.15, 87, 137, 224
1339327.3.peg.131.site.16, 0, 136, 136
1339327.3.peg.131.site.17, 3, 136, 139
1339327.3.peg.131.site.18, 6, 135, 141
1339327.3.peg.2081.site.1, 1, 135, 136
1339327.3.peg.2081.site.2, 2, 133, 135
1339327.3.peg.2081.site.3, 18, 133, 151
1339327.3.peg.2081.site.4, 106, 132, 238
1339327.3.peg.2081.site.5, 1, 131, 132
1339327.3.peg.2081.site.6, 21, 134, 155
1339327.3.peg.2081.site.7, 10, 135, 145
1339327.3.peg.2081.site.8, 23, 135, 158
1339327.3.peg.2081.site.9, 112, 136, 248
1339327.3.peg.2081.site.10, 11, 136, 147
1339327.3.peg.2081.site.11, 5, 135, 140
1339327.3.peg.2081.site.12, 4, 135, 139
1339327.3.peg.2081.site.13, 1, 134, 135
1339327.3.peg.2081.site.14, 2, 135, 137
1339327.3.peg.2081.site.15, 45, 136, 181
1339327.3.peg.2081.site.16, 61, 135, 196
1339327.3.peg.2081.site.17, 64, 134, 198
1339327.3.peg.2081.site.18, 12, 136, 148
1339327.3.peg.2081.site.19, 32, 136, 168
1339327.3.peg.2081.site.20, 22, 136, 158
1339327.3.peg.2081.site.21, 16, 134, 150
1339327.3.peg.2081.site.22, 2, 134, 136
1339327.3.peg.2081.site.23, 32, 136, 168
1339327.3.peg.2081.site.24, 1, 133, 134
1339327.3.peg.2081.site.25, 101, 133, 234
1339327.3.peg.2080.site.1, 3, 134, 137
1339327.3.peg.2080.site.2, 34, 133, 167
1339327.3.peg.2080.site.3, 60, 133, 193
1339327.3.peg.2080.site.4, 0, 134, 134
1339327.3.peg.2080.site.5, 2, 134, 136
1339327.3.peg.2080.site.6, 1, 134, 135
1339327.3.peg.2080.site.7, 4, 134, 138
1339327.3.peg.2080.site.8, 2, 134, 136
1339327.3.peg.2080.site.9, 113, 134, 247
1339327.3.peg.2080.site.10, 81, 134, 215
1339327.3.peg.2080.site.11, 12, 135, 147
1339327.3.peg.2080.site.12, 13, 135, 148
1339327.3.peg.2080.site.13, 104, 133, 237
1339327.3.peg.2080.site.14, 53, 135, 188
1339327.3.peg.2080.site.15, 1, 132, 133
1339327.3.peg.2080.site.16, 1, 131, 132
1339327.3.peg.2080.site.17, 1, 134, 135
1339327.3.peg.2080.site.18, 3, 132, 135
1339327.3.peg.2083.site.1, 0, 135, 135
1339327.3.peg.2083.site.2, 0, 136, 136
1339327.3.peg.2083.site.3, 8, 135, 143
1339327.3.peg.2083.site.4, 126, 134, 260
1339327.3.peg.2083.site.5, 0, 135, 135
1339327.3.peg.2083.site.6, 121, 129, 250
1339327.3.peg.2083.site.7, 30, 133, 163
1339327.3.peg.2083.site.8, 2, 133, 135
1339327.3.peg.2083.site.9, 3, 135, 138
1339327.3.peg.2083.site.10, 4, 136, 140
1339327.3.peg.2083.site.11, 18, 134, 152
1339327.3.peg.2083.site.12, 2, 130, 132
1339327.3.peg.2083.site.13, 94, 133, 227
1339327.3.peg.2083.site.14, 4, 135, 139
1339327.3.peg.2083.site.15, 18, 134, 152
1339327.3.peg.2083.site.16, 4, 136, 140
1339327.3.peg.2083.site.17, 14, 136, 150
1339327.3.peg.2083.site.18, 3, 135, 138
1339327.3.peg.2083.site.19, 14, 135, 149
1339327.3.peg.2083.site.20, 4, 135, 139
1339327.3.peg.2083.site.21, 3, 135, 138
1339327.3.peg.2083.site.22, 108, 134, 242
1339327.3.peg.2083.site.23, 4, 136, 140
1339327.3.peg.2083.site.24, 2, 135, 137
1339327.3.peg.2083.site.25, 2, 134, 136
1339327.3.peg.2083.site.26, 1, 135, 136
1339327.3.peg.2083.site.27, 54, 136, 190
1339327.3.peg.2083.site.28, 3, 135, 138
1339327.3.peg.2082.site.1, 0, 133, 133
1339327.3.peg.2082.site.2, 32, 132, 164
1339327.3.peg.2082.site.3, 52, 136, 188
1339327.3.peg.2082.site.4, 131, 136, 267
1339327.3.peg.2082.site.5, 0, 133, 133
1339327.3.peg.2082.site.6, 0, 134, 134
1339327.3.peg.2082.site.7, 5, 134, 139
1339327.3.peg.2082.site.8, 50, 133, 183
1339327.3.peg.2082.site.9, 2, 131, 133
1339327.3.peg.2082.site.10, 2, 132, 134
1339327.3.peg.2082.site.11, 5, 131, 136
1339327.3.peg.2082.site.12, 10, 130, 140
1339327.3.peg.2082.site.13, 1, 132, 133
1339327.3.peg.2082.site.14, 4, 117, 121
1339327.3.peg.2082.site.15, 6, 126, 132
1339327.3.peg.2082.site.16, 5, 128, 133
1339327.3.peg.2082.site.17, 5, 134, 139
1339327.3.peg.2082.site.18, 4, 136, 140
1339327.3.peg.2082.site.19, 4, 136, 140
1339327.3.peg.2082.site.20, 84, 134, 218
1339327.3.peg.2082.site.21, 30, 136, 166
1339327.3.peg.2082.site.22, 18, 136, 154
1339327.3.peg.2082.site.23, 1, 136, 137
1339327.3.peg.2082.site.24, 33, 136, 169
1339327.3.peg.2082.site.25, 61, 134, 195
1339327.3.peg.2082.site.26, 21, 136, 157
1339327.3.peg.2082.site.27, 63, 136, 199
1339327.3.peg.2082.site.28, 4, 132, 136
1339327.3.peg.2082.site.29, 113, 133, 246
1339327.3.peg.2082.site.30, 10, 135, 145
1339327.3.peg.2082.site.31, 11, 135, 146
1339327.3.peg.2082.site.32, 36, 136, 172
1339327.3.peg.2082.site.33, 1, 136, 137
1339327.3.peg.2082.site.34, 84, 134, 218
1339327.3.peg.2082.site.35, 3, 133, 136
1339327.3.peg.2082.site.36, 0, 134, 134
1339327.3.peg.2082.site.37, 49, 134, 183
1339327.3.peg.2082.site.38, 8, 136, 144
1339327.3.peg.2082.site.39, 51, 135, 186
1339327.3.peg.2082.site.40, 9, 135, 144
1339327.3.peg.2082.site.41, 13, 133, 146
1339327.3.peg.2082.site.42, 0, 134, 134
1339327.3.peg.2085.site.1, 2, 136, 138
1339327.3.peg.2085.site.2, 11, 136, 147
1339327.3.peg.2085.site.3, 10, 134, 144
1339327.3.peg.2085.site.4, 2, 137, 139
1339327.3.peg.2085.site.5, 17, 136, 153
1339327.3.peg.2085.site.6, 0, 136, 136
1339327.3.peg.2085.site.7, 41, 136, 177
1339327.3.peg.2085.site.8, 9, 135, 144
1339327.3.peg.2085.site.9, 3, 133, 136
1339327.3.peg.2085.site.10, 38, 133, 171
1339327.3.peg.2085.site.11, 0, 134, 134
1339327.3.peg.2085.site.12, 2, 134, 136
1339327.3.peg.2085.site.13, 4, 134, 138
1339327.3.peg.2085.site.14, 60, 134, 194
1339327.3.peg.2085.site.15, 55, 136, 191
1339327.3.peg.2085.site.16, 41, 136, 177
1339327.3.peg.2085.site.17, 3, 137, 140
1339327.3.peg.2085.site.18, 18, 136, 154
1339327.3.peg.2085.site.19, 2, 136, 138
1339327.3.peg.2085.site.20, 27, 135, 162
1339327.3.peg.2085.site.21, 0, 134, 134
1339327.3.peg.2085.site.22, 1, 135, 136
1339327.3.peg.2085.site.23, 15, 134, 149
1339327.3.peg.2084.site.1, 119, 129, 248
1339327.3.peg.2084.site.2, 10, 133, 143
1339327.3.peg.2084.site.3, 1, 135, 136
1339327.3.peg.2084.site.4, 1, 135, 136
1339327.3.peg.2084.site.5, 6, 136, 142
1339327.3.peg.2084.site.6, 7, 135, 142
1339327.3.peg.2084.site.7, 59, 136, 195
1339327.3.peg.2084.site.8, 3, 135, 138
1339327.3.peg.2084.site.9, 1, 136, 137
1339327.3.peg.2084.site.10, 19, 135, 154
1339327.3.peg.2084.site.11, 12, 132, 144
1339327.3.peg.2084.site.12, 13, 135, 148
1339327.3.peg.2084.site.13, 68, 134, 202
1339327.3.peg.2084.site.14, 120, 135, 255
1339327.3.peg.2084.site.15, 68, 136, 204
1339327.3.peg.2084.site.16, 41, 136, 177
1339327.3.peg.2084.site.17, 0, 135, 135
1339327.3.peg.2084.site.18, 13, 136, 149
1339327.3.peg.2084.site.19, 75, 136, 211
1339327.3.peg.2084.site.20, 3, 136, 139
1339327.3.peg.2087.site.1, 1, 137, 138
1339327.3.peg.2087.site.2, 23, 134, 157
1339327.3.peg.2087.site.3, 0, 134, 134
1339327.3.peg.2087.site.4, 0, 136, 136
1339327.3.peg.2087.site.5, 12, 137, 149
1339327.3.peg.2087.site.6, 5, 137, 142
1339327.3.peg.2087.site.7, 76, 136, 212
1339327.3.peg.2087.site.8, 98, 135, 233
1339327.3.peg.2087.site.9, 3, 136, 139
1339327.3.peg.2087.site.10, 127, 134, 261
1339327.3.peg.2087.site.11, 66, 133, 199
1339327.3.peg.2087.site.12, 28, 131, 159
1339327.3.peg.2087.site.13, 4, 134, 138
1339327.3.peg.2087.site.14, 2, 136, 138
1339327.3.peg.2087.site.15, 2, 135, 137
1339327.3.peg.2087.site.16, 2, 134, 136
1339327.3.peg.2087.site.17, 69, 127, 196
1339327.3.peg.2087.site.18, 83, 133, 216
1339327.3.peg.2087.site.19, 32, 134, 166
1339327.3.peg.2087.site.20, 3, 129, 132
1339327.3.peg.2087.site.21, 32, 125, 157
1339327.3.peg.2087.site.22, 68, 101, 169
1339327.3.peg.2087.site.23, 2, 122, 124
1339327.3.peg.2087.site.24, 0, 118, 118
1339327.3.peg.2087.site.25, 4, 117, 121
1339327.3.peg.2087.site.26, 9, 117, 126
1339327.3.peg.2087.site.27, 39, 118, 157
1339327.3.peg.2087.site.28, 9, 122, 131
1339327.3.peg.2087.site.29, 8, 120, 128
1339327.3.peg.2087.site.30, 64, 125, 189
1339327.3.peg.2087.site.31, 2, 126, 128
1339327.3.peg.2086.site.1, 1, 136, 137
1339327.3.peg.2086.site.2, 2, 135, 137
1339327.3.peg.2086.site.3, 6, 133, 139
1339327.3.peg.2086.site.4, 9, 134, 143
1339327.3.peg.2086.site.5, 0, 135, 135
1339327.3.peg.2086.site.6, 3, 137, 140
1339327.3.peg.2086.site.7, 7, 137, 144
1339327.3.peg.2086.site.8, 8, 137, 145
1339327.3.peg.2086.site.9, 46, 127, 173
1339327.3.peg.2086.site.10, 29, 134, 163
1339327.3.peg.2086.site.11, 2, 136, 138
1339327.3.peg.2086.site.12, 5, 136, 141
1339327.3.peg.2086.site.13, 2, 137, 139
1339327.3.peg.2086.site.14, 2, 135, 137
1339327.3.peg.2086.site.15, 2, 136, 138
1339327.3.peg.2086.site.16, 1, 136, 137
1339327.3.peg.2086.site.17, 5, 135, 140
1339327.3.peg.2086.site.18, 3, 134, 137
1339327.3.peg.2086.site.19, 3, 135, 138
1339327.3.peg.2086.site.20, 96, 136, 232
1339327.3.peg.2086.site.21, 4, 131, 135
1339327.3.peg.2086.site.22, 7, 134, 141
1339327.3.peg.4719.site.1, 67, 136, 203
1339327.3.peg.4719.site.2, 2, 136, 138
1339327.3.peg.4719.site.3, 88, 134, 222
1339327.3.peg.4719.site.4, 0, 133, 133
1339327.3.peg.4719.site.5, 0, 135, 135
1339327.3.peg.3200.site.1, 22, 130, 152
1339327.3.peg.3200.site.2, 122, 131, 253
1339327.3.peg.3200.site.3, 0, 136, 136
1339327.3.peg.3200.site.4, 2, 137, 139
1339327.3.peg.3200.site.5, 5, 135, 140
1339327.3.peg.3200.site.6, 0, 136, 136
1339327.3.peg.3200.site.7, 2, 132, 134
1339327.3.peg.3200.site.8, 21, 134, 155
1339327.3.peg.3200.site.9, 2, 135, 137
1339327.3.peg.3200.site.10, 2, 136, 138
1339327.3.peg.3200.site.11, 7, 136, 143
1339327.3.peg.3200.site.12, 33, 135, 168
1339327.3.peg.3200.site.13, 2, 136, 138
1339327.3.peg.3201.site.1, 2, 133, 135
1339327.3.peg.3201.site.2, 105, 130, 235
1339327.3.peg.3201.site.3, 5, 135, 140
1339327.3.peg.3201.site.4, 2, 137, 139
1339327.3.peg.3201.site.5, 2, 134, 136
1339327.3.peg.3201.site.6, 0, 135, 135
1339327.3.peg.3201.site.7, 0, 136, 136
1339327.3.peg.3201.site.8, 0, 132, 132
1339327.3.peg.3201.site.9, 0, 136, 136
1339327.3.peg.3201.site.10, 2, 131, 133
1339327.3.peg.3201.site.11, 0, 136, 136
1339327.3.peg.3201.site.12, 17, 132, 149
1339327.3.peg.3201.site.13, 10, 134, 144
1339327.3.peg.3201.site.14, 3, 134, 137
1339327.3.peg.3201.site.15, 1, 135, 136
1339327.3.peg.3201.site.16, 18, 134, 152
1339327.3.peg.3201.site.17, 75, 134, 209
1339327.3.peg.3201.site.18, 5, 135, 140
1339327.3.peg.3201.site.19, 2, 134, 136
1339327.3.peg.3201.site.20, 87, 136, 223
1339327.3.peg.3201.site.21, 2, 137, 139
1339327.3.peg.3202.site.1, 11, 136, 147
1339327.3.peg.3202.site.2, 2, 135, 137
1339327.3.peg.3202.site.3, 20, 136, 156
1339327.3.peg.3202.site.4, 83, 136, 219
1339327.3.peg.3202.site.5, 30, 135, 165
1339327.3.peg.3202.site.6, 26, 134, 160
1339327.3.peg.3202.site.7, 33, 136, 169
1339327.3.peg.3202.site.8, 58, 135, 193
1339327.3.peg.3202.site.9, 114, 133, 247
1339327.3.peg.3202.site.10, 3, 134, 137
1339327.3.peg.3202.site.11, 62, 136, 198
1339327.3.peg.3202.site.12, 0, 136, 136
1339327.3.peg.3202.site.13, 3, 132, 135
1339327.3.peg.3202.site.14, 1, 134, 135
1339327.3.peg.3202.site.15, 6, 134, 140
1339327.3.peg.3203.site.1, 1, 136, 137
1339327.3.peg.3203.site.2, 9, 136, 145
1339327.3.peg.3203.site.3, 14, 130, 144
1339327.3.peg.3203.site.4, 3, 134, 137
1339327.3.peg.3203.site.5, 2, 133, 135
1339327.3.peg.3203.site.6, 7, 130, 137
1339327.3.peg.3203.site.7, 19, 135, 154
1339327.3.peg.3203.site.8, 55, 134, 189
1339327.3.peg.3203.site.9, 2, 135, 137
1339327.3.peg.3203.site.10, 86, 136, 222
1339327.3.peg.3203.site.11, 22, 135, 157
1339327.3.peg.3203.site.12, 3, 135, 138
1339327.3.peg.3203.site.13, 0, 134, 134
1339327.3.peg.3203.site.14, 114, 134, 248
1339327.3.peg.3203.site.15, 66, 134, 200
1339327.3.peg.3203.site.16, 0, 136, 136
1339327.3.peg.3203.site.17, 3, 133, 136
1339327.3.peg.3204.site.1, 5, 136, 141
1339327.3.peg.3204.site.2, 24, 136, 160
1339327.3.peg.3204.site.3, 1, 137, 138
1339327.3.peg.3205.site.1, 19, 134, 153
1339327.3.peg.3205.site.2, 2, 132, 134
1339327.3.peg.3205.site.3, 3, 133, 136
1339327.3.peg.3206.site.1, 37, 134, 171
1339327.3.peg.3206.site.2, 1, 133, 134
1339327.3.peg.3206.site.3, 4, 135, 139
1339327.3.peg.3206.site.4, 2, 130, 132
1339327.3.peg.3206.site.5, 7, 137, 144
1339327.3.peg.3206.site.6, 77, 133, 210
1339327.3.peg.3206.site.7, 129, 135, 264
1339327.3.peg.3206.site.8, 9, 135, 144
1339327.3.peg.3206.site.9, 6, 135, 141
1339327.3.peg.3206.site.10, 32, 136, 168
1339327.3.peg.3206.site.11, 5, 135, 140
1339327.3.peg.3206.site.12, 3, 136, 139
1339327.3.peg.3206.site.13, 68, 135, 203
1339327.3.peg.3206.site.14, 7, 135, 142
1339327.3.peg.3206.site.15, 2, 134, 136
1339327.3.peg.3206.site.16, 2, 135, 137
1339327.3.peg.3206.site.17, 20, 130, 150
1339327.3.peg.3206.site.18, 12, 130, 142
1339327.3.peg.3206.site.19, 0, 135, 135
1339327.3.peg.3207.site.1, 0, 133, 133
1339327.3.peg.3207.site.2, 1, 131, 132
1339327.3.peg.3207.site.3, 13, 136, 149
1339327.3.peg.3208.site.1, 25, 135, 160
1339327.3.peg.3208.site.2, 83, 136, 219
1339327.3.peg.3208.site.3, 0, 135, 135
1339327.3.peg.3208.site.4, 130, 136, 266
1339327.3.peg.3208.site.5, 0, 135, 135
1339327.3.peg.3208.site.6, 19, 135, 154
1339327.3.peg.3208.site.7, 3, 137, 140
1339327.3.peg.3208.site.8, 53, 136, 189
1339327.3.peg.3208.site.9, 59, 137, 196
1339327.3.peg.3208.site.10, 2, 136, 138
1339327.3.peg.3208.site.11, 9, 135, 144
1339327.3.peg.3208.site.12, 0, 130, 130
1339327.3.peg.3208.site.13, 9, 131, 140
1339327.3.peg.3208.site.14, 4, 131, 135
1339327.3.peg.3208.site.15, 93, 129, 222
1339327.3.peg.3208.site.16, 5, 135, 140
1339327.3.peg.3208.site.17, 78, 133, 211
1339327.3.peg.3208.site.18, 11, 133, 144
1339327.3.peg.3208.site.19, 35, 131, 166
1339327.3.peg.3208.site.20, 6, 135, 141
1339327.3.peg.3208.site.21, 3, 133, 136
1339327.3.peg.3208.site.22, 44, 135, 179
1339327.3.peg.3208.site.23, 3, 134, 137
1339327.3.peg.3208.site.24, 3, 134, 137
1339327.3.peg.3208.site.25, 2, 136, 138
1339327.3.peg.3208.site.26, 1, 135, 136
1339327.3.peg.3208.site.27, 11, 136, 147
1339327.3.peg.3208.site.28, 5, 136, 141
1339327.3.peg.3208.site.29, 33, 135, 168
1339327.3.peg.3208.site.30, 50, 135, 185
1339327.3.peg.3208.site.31, 1, 135, 136
1339327.3.peg.3208.site.32, 10, 136, 146
1339327.3.peg.3208.site.33, 5, 135, 140
1339327.3.peg.3208.site.34, 52, 134, 186
1339327.3.peg.3208.site.35, 2, 135, 137
1339327.3.peg.3208.site.36, 13, 136, 149
1339327.3.peg.3208.site.37, 0, 136, 136
1339327.3.peg.3209.site.1, 0, 132, 132
1339327.3.peg.3209.site.2, 6, 137, 143
1339327.3.peg.3209.site.3, 2, 118, 120
1339327.3.peg.3209.site.4, 79, 113, 192
1339327.3.peg.3209.site.5, 2, 132, 134
1339327.3.peg.3209.site.6, 0, 136, 136
1339327.3.peg.3209.site.7, 0, 135, 135
1339327.3.peg.3209.site.8, 0, 137, 137
1339327.3.peg.3209.site.9, 0, 137, 137
1339327.3.peg.3209.site.10, 4, 137, 141
1339327.3.peg.3209.site.11, 0, 137, 137
1339327.3.peg.3209.site.12, 1, 134, 135
1339327.3.peg.3209.site.13, 8, 135, 143
1339327.3.peg.3209.site.14, 28, 137, 165
1339327.3.peg.3209.site.15, 0, 135, 135
1339327.3.peg.3209.site.16, 0, 135, 135
1339327.3.peg.3209.site.17, 2, 136, 138
1339327.3.peg.3209.site.18, 10, 133, 143
1339327.3.peg.3209.site.19, 0, 131, 131
1339327.3.peg.4513.site.1, 0, 135, 135
1339327.3.peg.4513.site.2, 98, 136, 234
1339327.3.peg.4513.site.3, 108, 137, 245
1339327.3.peg.4513.site.4, 115, 133, 248
1339327.3.peg.4513.site.5, 0, 122, 122
1339327.3.peg.4513.site.6, 2, 137, 139
1339327.3.peg.4513.site.7, 80, 137, 217
1339327.3.peg.4513.site.8, 15, 136, 151
1339327.3.peg.4513.site.9, 80, 136, 216
1339327.3.peg.4513.site.10, 2, 136, 138
1339327.3.peg.4513.site.11, 18, 136, 154
1339327.3.peg.3633.site.1, 14, 137, 151
1339327.3.peg.3633.site.2, 1, 135, 136
1339327.3.peg.3633.site.3, 2, 135, 137
1339327.3.peg.3633.site.4, 114, 136, 250
1339327.3.peg.3633.site.5, 15, 136, 151
1339327.3.peg.3633.site.6, 15, 135, 150
1339327.3.peg.3633.site.7, 15, 137, 152
1339327.3.peg.3633.site.8, 4, 137, 141
1339327.3.peg.3633.site.9, 4, 136, 140
1339327.3.peg.3633.site.10, 0, 136, 136
1339327.3.peg.3633.site.11, 2, 137, 139
1339327.3.peg.3633.site.12, 2, 136, 138
1339327.3.peg.3633.site.13, 15, 135, 150
1339327.3.peg.3633.site.14, 0, 136, 136
1339327.3.peg.3633.site.15, 1, 137, 138
1339327.3.peg.3633.site.16, 32, 135, 167
1339327.3.peg.3633.site.17, 10, 137, 147
1339327.3.peg.3633.site.18, 1, 134, 135
1339327.3.peg.3633.site.19, 14, 135, 149
1339327.3.peg.228.site.1, 18, 136, 154
1339327.3.peg.228.site.2, 77, 136, 213
1339327.3.peg.229.site.1, 68, 135, 203
1339327.3.peg.229.site.2, 63, 135, 198
1339327.3.peg.229.site.3, 0, 134, 134
1339327.3.peg.229.site.4, 114, 136, 250
1339327.3.peg.229.site.5, 0, 136, 136
1339327.3.peg.229.site.6, 0, 136, 136
1339327.3.peg.229.site.7, 49, 135, 184
1339327.3.peg.229.site.8, 39, 136, 175
1339327.3.peg.229.site.9, 49, 134, 183
1339327.3.peg.229.site.10, 12, 136, 148
1339327.3.peg.229.site.11, 4, 136, 140
1339327.3.peg.229.site.12, 4, 134, 138
1339327.3.peg.3115.site.1, 1, 132, 133
1339327.3.peg.3115.site.2, 3, 132, 135
1339327.3.peg.3115.site.3, 30, 133, 163
1339327.3.peg.3115.site.4, 18, 134, 152
1339327.3.peg.3115.site.5, 3, 136, 139
1339327.3.peg.3115.site.6, 11, 136, 147
1339327.3.peg.3115.site.7, 8, 134, 142
1339327.3.peg.3115.site.8, 37, 134, 171
1339327.3.peg.3115.site.9, 5, 135, 140
1339327.3.peg.3115.site.10, 0, 135, 135
1339327.3.peg.3115.site.11, 2, 136, 138
1339327.3.peg.3115.site.12, 0, 135, 135
1339327.3.peg.3115.site.13, 24, 133, 157
1339327.3.peg.3115.site.14, 13, 134, 147
1339327.3.peg.3115.site.15, 0, 135, 135
1339327.3.peg.3115.site.16, 4, 134, 138
1339327.3.peg.3115.site.17, 2, 135, 137
1339327.3.peg.3115.site.18, 0, 135, 135
1339327.3.peg.3115.site.19, 5, 135, 140
1339327.3.peg.3115.site.20, 2, 136, 138
1339327.3.peg.3115.site.21, 0, 136, 136
1339327.3.peg.3115.site.22, 47, 135, 182
1339327.3.peg.3115.site.23, 4, 131, 135
1339327.3.peg.3115.site.24, 9, 135, 144
1339327.3.peg.3116.site.1, 0, 131, 131
1339327.3.peg.3116.site.2, 40, 133, 173
1339327.3.peg.3116.site.3, 3, 133, 136
1339327.3.peg.3116.site.4, 130, 136, 266
1339327.3.peg.3116.site.5, 0, 137, 137
1339327.3.peg.3116.site.6, 0, 133, 133
1339327.3.peg.3116.site.7, 68, 135, 203
1339327.3.peg.3116.site.8, 5, 135, 140
1339327.3.peg.3116.site.9, 6, 135, 141
1339327.3.peg.3116.site.10, 49, 135, 184
1339327.3.peg.3116.site.11, 10, 132, 142
1339327.3.peg.3116.site.12, 128, 134, 262
1339327.3.peg.3116.site.13, 2, 134, 136
1339327.3.peg.3116.site.14, 6, 132, 138
1339327.3.peg.3116.site.15, 0, 127, 127
1339327.3.peg.3116.site.16, 3, 129, 132
1339327.3.peg.3116.site.17, 5, 130, 135
1339327.3.peg.3116.site.18, 2, 134, 136
1339327.3.peg.3116.site.19, 34, 133, 167
1339327.3.peg.3116.site.20, 58, 134, 192
1339327.3.peg.3116.site.21, 5, 131, 136
1339327.3.peg.3117.site.1, 0, 133, 133
1339327.3.peg.3117.site.2, 0, 134, 134
1339327.3.peg.3117.site.3, 1, 134, 135
1339327.3.peg.3117.site.4, 0, 132, 132
1339327.3.peg.3117.site.5, 3, 134, 137
1339327.3.peg.3117.site.6, 3, 134, 137
1339327.3.peg.3117.site.7, 3, 132, 135
1339327.3.peg.3117.site.8, 3, 137, 140
1339327.3.peg.3117.site.9, 0, 136, 136
1339327.3.peg.3117.site.10, 11, 134, 145
1339327.3.peg.3117.site.11, 6, 136, 142
1339327.3.peg.3117.site.12, 13, 137, 150
1339327.3.peg.3117.site.13, 0, 134, 134
1339327.3.peg.3117.site.14, 15, 134, 149
1339327.3.peg.3117.site.15, 78, 134, 212
1339327.3.peg.3117.site.16, 8, 136, 144
1339327.3.peg.3117.site.17, 16, 136, 152
1339327.3.peg.3117.site.18, 17, 130, 147
1339327.3.peg.3117.site.19, 0, 134, 134
1339327.3.peg.3117.site.20, 10, 126, 136
1339327.3.peg.3117.site.21, 0, 129, 129
1339327.3.peg.3117.site.22, 25, 128, 153
1339327.3.peg.3117.site.23, 13, 125, 138
1339327.3.peg.3117.site.24, 2, 118, 120
1339327.3.peg.3117.site.25, 2, 134, 136
1339327.3.peg.3117.site.26, 9, 134, 143
1339327.3.peg.3117.site.27, 9, 136, 145
1339327.3.peg.3117.site.28, 3, 135, 138
1339327.3.peg.3117.site.29, 1, 135, 136
1339327.3.peg.3117.site.30, 3, 135, 138
1339327.3.peg.3117.site.31, 0, 135, 135
1339327.3.peg.3110.site.1, 1, 123, 124
1339327.3.peg.3110.site.2, 103, 105, 208
1339327.3.peg.3110.site.3, 14, 108, 122
1339327.3.peg.3110.site.4, 4, 124, 128
1339327.3.peg.3110.site.5, 121, 127, 248
1339327.3.peg.3110.site.6, 0, 125, 125
1339327.3.peg.3110.site.7, 12, 128, 140
1339327.3.peg.3110.site.8, 3, 129, 132
1339327.3.peg.3110.site.9, 4, 127, 131
1339327.3.peg.3110.site.10, 62, 127, 189
1339327.3.peg.3110.site.11, 5, 126, 131
1339327.3.peg.3110.site.12, 10, 126, 136
1339327.3.peg.3110.site.13, 2, 127, 129
1339327.3.peg.3110.site.14, 0, 128, 128
1339327.3.peg.3110.site.15, 15, 129, 144
1339327.3.peg.3110.site.16, 24, 127, 151
1339327.3.peg.3110.site.17, 24, 127, 151
1339327.3.peg.3110.site.18, 6, 128, 134
1339327.3.peg.3110.site.19, 2, 127, 129
1339327.3.peg.3110.site.20, 6, 128, 134
1339327.3.peg.3110.site.21, 6, 128, 134
1339327.3.peg.3110.site.22, 6, 126, 132
1339327.3.peg.3110.site.23, 21, 128, 149
1339327.3.peg.3110.site.24, 1, 126, 127
1339327.3.peg.3110.site.25, 2, 128, 130
1339327.3.peg.3110.site.26, 33, 129, 162
1339327.3.peg.3110.site.27, 2, 129, 131
1339327.3.peg.3110.site.28, 77, 127, 204
1339327.3.peg.3110.site.29, 23, 129, 152
1339327.3.peg.3110.site.30, 16, 129, 145
1339327.3.peg.3110.site.31, 8, 129, 137
1339327.3.peg.3110.site.32, 8, 129, 137
1339327.3.peg.3110.site.33, 3, 125, 128
1339327.3.peg.3110.site.34, 1, 127, 128
1339327.3.peg.3110.site.35, 3, 127, 130
1339327.3.peg.3110.site.36, 2, 126, 128
1339327.3.peg.3110.site.37, 4, 128, 132
1339327.3.peg.3110.site.38, 67, 128, 195
1339327.3.peg.3110.site.39, 5, 126, 131
1339327.3.peg.3110.site.40, 0, 126, 126
1339327.3.peg.3110.site.41, 8, 127, 135
1339327.3.peg.3110.site.42, 75, 126, 201
1339327.3.peg.3110.site.43, 102, 124, 226
1339327.3.peg.3110.site.44, 0, 122, 122
1339327.3.peg.3110.site.45, 12, 126, 138
1339327.3.peg.3110.site.46, 60, 127, 187
1339327.3.peg.3110.site.47, 23, 123, 146
1339327.3.peg.3110.site.48, 3, 126, 129
1339327.3.peg.3110.site.49, 8, 127, 135
1339327.3.peg.3110.site.50, 28, 127, 155
1339327.3.peg.3110.site.51, 3, 124, 127
1339327.3.peg.3110.site.52, 14, 124, 138
1339327.3.peg.3110.site.53, 2, 127, 129
1339327.3.peg.3110.site.54, 18, 127, 145
1339327.3.peg.3110.site.55, 96, 128, 224
1339327.3.peg.3111.site.1, 25, 128, 153
1339327.3.peg.3112.site.1, 0, 128, 128
1339327.3.peg.3112.site.2, 40, 128, 168
1339327.3.peg.3112.site.3, 64, 128, 192
1339327.3.peg.3112.site.4, 116, 127, 243
1339327.3.peg.3112.site.5, 2, 129, 131
1339327.3.peg.3112.site.6, 19, 128, 147
1339327.3.peg.3112.site.7, 44, 128, 172
1339327.3.peg.3112.site.8, 20, 129, 149
1339327.3.peg.3112.site.9, 90, 126, 216
1339327.3.peg.3112.site.10, 21, 127, 148
1339327.3.peg.3113.site.1, 8, 128, 136
1339327.3.peg.3113.site.2, 23, 129, 152
1339327.3.peg.3118.site.1, 6, 134, 140
1339327.3.peg.3118.site.2, 0, 136, 136
1339327.3.peg.3118.site.3, 127, 135, 262
1339327.3.peg.3118.site.4, 2, 136, 138
1339327.3.peg.3118.site.5, 0, 136, 136
1339327.3.peg.3118.site.6, 3, 137, 140
1339327.3.peg.3118.site.7, 91, 132, 223
1339327.3.peg.3118.site.8, 1, 132, 133
1339327.3.peg.3118.site.9, 33, 135, 168
1339327.3.peg.3118.site.10, 3, 135, 138
1339327.3.peg.3118.site.11, 12, 135, 147
1339327.3.peg.3118.site.12, 16, 136, 152
1339327.3.peg.3118.site.13, 24, 134, 158
1339327.3.peg.3118.site.14, 87, 132, 219
1339327.3.peg.3118.site.15, 16, 133, 149
1339327.3.peg.3118.site.16, 42, 133, 175
1339327.3.peg.3118.site.17, 1, 133, 134
1339327.3.peg.3118.site.18, 1, 135, 136
1339327.3.peg.3118.site.19, 27, 133, 160
1339327.3.peg.3118.site.20, 4, 134, 138
1339327.3.peg.3118.site.21, 4, 133, 137
1339327.3.peg.3118.site.22, 38, 136, 174
1339327.3.peg.3118.site.23, 0, 133, 133
1339327.3.peg.3118.site.24, 3, 135, 138
1339327.3.peg.3118.site.25, 7, 135, 142
1339327.3.peg.3118.site.26, 3, 135, 138
1339327.3.peg.3118.site.27, 53, 135, 188
1339327.3.peg.3118.site.28, 73, 136, 209
1339327.3.peg.3118.site.29, 18, 136, 154
1339327.3.peg.3118.site.30, 15, 135, 150
1339327.3.peg.3118.site.31, 2, 137, 139
1339327.3.peg.3118.site.32, 13, 134, 147
1339327.3.peg.3118.site.33, 1, 137, 138
1339327.3.peg.3118.site.34, 0, 134, 134
1339327.3.peg.3118.site.35, 7, 134, 141
1339327.3.peg.3118.site.36, 5, 136, 141
1339327.3.peg.3118.site.37, 4, 136, 140
1339327.3.peg.3118.site.38, 6, 135, 141
1339327.3.peg.2692.site.1, 2, 132, 134
1339327.3.peg.2692.site.2, 2, 133, 135
1339327.3.peg.2692.site.3, 33, 135, 168
1339327.3.peg.2692.site.4, 2, 135, 137
1339327.3.peg.2692.site.5, 101, 136, 237
1339327.3.peg.2692.site.6, 0, 133, 133
1339327.3.peg.2692.site.7, 13, 135, 148
1339327.3.peg.2692.site.8, 95, 133, 228
1339327.3.peg.2692.site.9, 1, 135, 136
1339327.3.peg.2692.site.10, 0, 131, 131
1339327.3.peg.2692.site.11, 13, 123, 136
1339327.3.peg.2692.site.12, 10, 132, 142
1339327.3.peg.2692.site.13, 2, 132, 134
1339327.3.peg.2692.site.14, 0, 131, 131
1339327.3.peg.2692.site.15, 4, 133, 137
1339327.3.peg.2692.site.16, 34, 133, 167
1339327.3.peg.2692.site.17, 6, 133, 139
1339327.3.peg.2692.site.18, 0, 133, 133
1339327.3.peg.2692.site.19, 36, 135, 171
1339327.3.peg.2692.site.20, 2, 135, 137
1339327.3.peg.2692.site.21, 43, 125, 168
1339327.3.peg.2692.site.22, 113, 136, 249
1339327.3.peg.2692.site.23, 3, 136, 139
1339327.3.peg.2692.site.24, 27, 135, 162
1339327.3.peg.2692.site.25, 1, 137, 138
1339327.3.peg.2692.site.26, 0, 135, 135
1339327.3.peg.2692.site.27, 1, 130, 131
1339327.3.peg.2692.site.28, 4, 131, 135
1339327.3.peg.2692.site.29, 4, 133, 137
1339327.3.peg.2692.site.30, 3, 134, 137
1339327.3.peg.2692.site.31, 127, 134, 261
1339327.3.peg.2692.site.32, 0, 134, 134
1339327.3.peg.2692.site.33, 0, 137, 137
1339327.3.peg.5059.site.1, 0, 137, 137
1339327.3.peg.5059.site.2, 19, 136, 155
1339327.3.peg.5059.site.3, 4, 136, 140
1339327.3.peg.5059.site.4, 1, 136, 137
1339327.3.peg.5059.site.5, 34, 137, 171
1339327.3.peg.5059.site.6, 5, 137, 142
1339327.3.peg.5059.site.7, 7, 136, 143
1339327.3.peg.950.site.1, 2, 137, 139
1339327.3.peg.950.site.2, 7, 137, 144
1339327.3.peg.950.site.3, 3, 137, 140
1339327.3.peg.950.site.4, 4, 137, 141
1339327.3.peg.950.site.5, 51, 137, 188
1339327.3.peg.950.site.6, 39, 136, 175
1339327.3.peg.950.site.7, 0, 137, 137
1339327.3.peg.950.site.8, 2, 136, 138
1339327.3.peg.952.site.1, 3, 137, 140
1339327.3.peg.952.site.2, 67, 136, 203
1339327.3.peg.952.site.3, 12, 137, 149
1339327.3.peg.952.site.4, 29, 136, 165
1339327.3.peg.952.site.5, 0, 137, 137
1339327.3.peg.952.site.6, 97, 135, 232
1339327.3.peg.952.site.7, 2, 137, 139
1339327.3.peg.952.site.8, 18, 137, 155
1339327.3.peg.953.site.1, 16, 137, 153
1339327.3.peg.953.site.2, 2, 135, 137
1339327.3.peg.953.site.3, 8, 136, 144
1339327.3.peg.953.site.4, 46, 137, 183
1339327.3.peg.953.site.5, 17, 136, 153
1339327.3.peg.953.site.6, 4, 136, 140
1339327.3.peg.953.site.7, 8, 136, 144
1339327.3.peg.953.site.8, 4, 136, 140
1339327.3.peg.953.site.9, 65, 127, 192
1339327.3.peg.953.site.10, 4, 128, 132
1339327.3.peg.953.site.11, 6, 134, 140
1339327.3.peg.953.site.12, 3, 137, 140
1339327.3.peg.953.site.13, 7, 135, 142
1339327.3.peg.953.site.14, 3, 136, 139
1339327.3.peg.953.site.15, 0, 135, 135
1339327.3.peg.953.site.16, 54, 135, 189
1339327.3.peg.953.site.17, 23, 136, 159
1339327.3.peg.953.site.18, 0, 136, 136
1339327.3.peg.954.site.1, 18, 136, 154
1339327.3.peg.954.site.2, 94, 136, 230
1339327.3.peg.954.site.3, 30, 137, 167
1339327.3.peg.954.site.4, 30, 137, 167
1339327.3.peg.954.site.5, 2, 137, 139
1339327.3.peg.954.site.6, 2, 137, 139
1339327.3.peg.954.site.7, 5, 137, 142
1339327.3.peg.954.site.8, 12, 137, 149
1339327.3.peg.954.site.9, 0, 137, 137
1339327.3.peg.954.site.10, 3, 136, 139
1339327.3.peg.954.site.11, 2, 137, 139
1339327.3.peg.954.site.12, 1, 137, 138
1339327.3.peg.954.site.13, 2, 137, 139
1339327.3.peg.954.site.14, 89, 137, 226
1339327.3.peg.954.site.15, 2, 134, 136
1339327.3.peg.954.site.16, 12, 134, 146
1339327.3.peg.954.site.17, 31, 134, 165
1339327.3.peg.954.site.18, 7, 137, 144
1339327.3.peg.954.site.19, 2, 136, 138
1339327.3.peg.954.site.20, 1, 135, 136
1339327.3.peg.954.site.21, 7, 136, 143
1339327.3.peg.954.site.22, 24, 134, 158
1339327.3.peg.954.site.23, 2, 135, 137
1339327.3.peg.954.site.24, 2, 136, 138
1339327.3.peg.954.site.25, 10, 137, 147
1339327.3.peg.954.site.26, 3, 137, 140
1339327.3.peg.954.site.27, 23, 135, 158
1339327.3.peg.954.site.28, 5, 137, 142
1339327.3.peg.954.site.29, 1, 137, 138
1339327.3.peg.954.site.30, 6, 136, 142
1339327.3.peg.954.site.31, 115, 136, 251
1339327.3.peg.954.site.32, 110, 136, 246
1339327.3.peg.954.site.33, 5, 137, 142
1339327.3.peg.954.site.34, 1, 136, 137
1339327.3.peg.954.site.35, 0, 137, 137
1339327.3.peg.954.site.36, 0, 137, 137
1339327.3.peg.954.site.37, 4, 137, 141
1339327.3.peg.954.site.38, 127, 137, 264
1339327.3.peg.954.site.39, 7, 137, 144
1339327.3.peg.954.site.40, 52, 136, 188
1339327.3.peg.954.site.41, 2, 136, 138
1339327.3.peg.954.site.42, 1, 137, 138
1339327.3.peg.954.site.43, 7, 137, 144
1339327.3.peg.954.site.44, 22, 135, 157
1339327.3.peg.954.site.45, 69, 135, 204
1339327.3.peg.954.site.46, 75, 135, 210
1339327.3.peg.954.site.47, 3, 136, 139
1339327.3.peg.954.site.48, 71, 137, 208
1339327.3.peg.954.site.49, 0, 137, 137
1339327.3.peg.954.site.50, 4, 137, 141
1339327.3.peg.954.site.51, 2, 137, 139
1339327.3.peg.954.site.52, 0, 137, 137
1339327.3.peg.954.site.53, 131, 131, 262
1339327.3.peg.954.site.54, 82, 136, 218
1339327.3.peg.954.site.55, 2, 137, 139
1339327.3.peg.954.site.56, 2, 137, 139
1339327.3.peg.954.site.57, 1, 135, 136
1339327.3.peg.954.site.58, 3, 135, 138
1339327.3.peg.954.site.59, 5, 137, 142
1339327.3.peg.954.site.60, 5, 136, 141
1339327.3.peg.954.site.61, 7, 137, 144
1339327.3.peg.954.site.62, 2, 136, 138
1339327.3.peg.954.site.63, 54, 134, 188
1339327.3.peg.954.site.64, 23, 136, 159
1339327.3.peg.954.site.65, 3, 137, 140
1339327.3.peg.955.site.1, 2, 137, 139
1339327.3.peg.955.site.2, 1, 137, 138
1339327.3.peg.955.site.3, 2, 137, 139
1339327.3.peg.955.site.4, 45, 137, 182
1339327.3.peg.955.site.5, 0, 137, 137
1339327.3.peg.955.site.6, 11, 136, 147
1339327.3.peg.955.site.7, 7, 136, 143
1339327.3.peg.955.site.8, 74, 135, 209
1339327.3.peg.955.site.9, 3, 136, 139
1339327.3.peg.955.site.10, 8, 136, 144
1339327.3.peg.955.site.11, 4, 137, 141
1339327.3.peg.956.site.1, 0, 136, 136
1339327.3.peg.956.site.2, 1, 137, 138
1339327.3.peg.956.site.3, 7, 137, 144
1339327.3.peg.956.site.4, 33, 136, 169
1339327.3.peg.956.site.5, 1, 137, 138
1339327.3.peg.956.site.6, 2, 137, 139
1339327.3.peg.956.site.7, 2, 135, 137
1339327.3.peg.956.site.8, 126, 136, 262
1339327.3.peg.956.site.9, 3, 137, 140
1339327.3.peg.956.site.10, 3, 137, 140
1339327.3.peg.956.site.11, 0, 136, 136
1339327.3.peg.956.site.12, 3, 135, 138
1339327.3.peg.956.site.13, 78, 137, 215
1339327.3.peg.956.site.14, 36, 137, 173
1339327.3.peg.956.site.15, 0, 137, 137
1339327.3.peg.956.site.16, 31, 137, 168
1339327.3.peg.956.site.17, 28, 137, 165
1339327.3.peg.956.site.18, 4, 137, 141
1339327.3.peg.956.site.19, 1, 135, 136
1339327.3.peg.956.site.20, 3, 135, 138
1339327.3.peg.956.site.21, 4, 135, 139
1339327.3.peg.956.site.22, 34, 136, 170
1339327.3.peg.956.site.23, 100, 137, 237
1339327.3.peg.956.site.24, 89, 137, 226
1339327.3.peg.956.site.25, 92, 134, 226
1339327.3.peg.956.site.26, 1, 137, 138
1339327.3.peg.956.site.27, 1, 137, 138
1339327.3.peg.956.site.28, 38, 135, 173
1339327.3.peg.956.site.29, 5, 136, 141
1339327.3.peg.956.site.30, 0, 136, 136
1339327.3.peg.956.site.31, 41, 137, 178
1339327.3.peg.956.site.32, 3, 136, 139
1339327.3.peg.956.site.33, 21, 136, 157
1339327.3.peg.956.site.34, 15, 137, 152
1339327.3.peg.956.site.35, 9, 136, 145
1339327.3.peg.956.site.36, 2, 136, 138
1339327.3.peg.957.site.1, 1, 136, 137
1339327.3.peg.957.site.2, 22, 136, 158
1339327.3.peg.957.site.3, 0, 136, 136
1339327.3.peg.957.site.4, 6, 137, 143
1339327.3.peg.957.site.5, 4, 136, 140
1339327.3.peg.957.site.6, 9, 136, 145
1339327.3.peg.957.site.7, 0, 135, 135
1339327.3.peg.957.site.8, 24, 136, 160
1339327.3.peg.957.site.9, 3, 135, 138
1339327.3.peg.957.site.10, 14, 137, 151
1339327.3.peg.957.site.11, 4, 137, 141
1339327.3.peg.957.site.12, 4, 137, 141
1339327.3.peg.957.site.13, 2, 136, 138
1339327.3.peg.957.site.14, 2, 127, 129
1339327.3.peg.957.site.15, 7, 137, 144
1339327.3.peg.957.site.16, 21, 137, 158
1339327.3.peg.957.site.17, 118, 135, 253
1339327.3.peg.957.site.18, 0, 137, 137
1339327.3.peg.957.site.19, 131, 137, 268
1339327.3.peg.957.site.20, 41, 136, 177
1339327.3.peg.957.site.21, 6, 133, 139
1339327.3.peg.957.site.22, 0, 134, 134
1339327.3.peg.958.site.1, 25, 134, 159
1339327.3.peg.958.site.2, 3, 137, 140
1339327.3.peg.958.site.3, 7, 137, 144
1339327.3.peg.958.site.4, 0, 137, 137
1339327.3.peg.958.site.5, 11, 137, 148
1339327.3.peg.958.site.6, 122, 137, 259
1339327.3.peg.958.site.7, 18, 137, 155
1339327.3.peg.958.site.8, 43, 136, 179
1339327.3.peg.958.site.9, 36, 136, 172
1339327.3.peg.958.site.10, 21, 136, 157
1339327.3.peg.958.site.11, 3, 136, 139
1339327.3.peg.958.site.12, 4, 137, 141
1339327.3.peg.958.site.13, 2, 137, 139
1339327.3.peg.958.site.14, 2, 137, 139
1339327.3.peg.958.site.15, 2, 137, 139
1339327.3.peg.958.site.16, 1, 137, 138
1339327.3.peg.958.site.17, 1, 137, 138
1339327.3.peg.958.site.18, 36, 137, 173
1339327.3.peg.958.site.19, 3, 137, 140
1339327.3.peg.958.site.20, 35, 137, 172
1339327.3.peg.958.site.21, 131, 137, 268
1339327.3.peg.958.site.22, 13, 137, 150
1339327.3.peg.958.site.23, 0, 136, 136
1339327.3.peg.958.site.24, 9, 136, 145
1339327.3.peg.958.site.25, 11, 137, 148
1339327.3.peg.958.site.26, 20, 137, 157
1339327.3.peg.958.site.27, 10, 137, 147
1339327.3.peg.958.site.28, 10, 136, 146
1339327.3.peg.958.site.29, 0, 135, 135
1339327.3.peg.958.site.30, 3, 136, 139
1339327.3.peg.958.site.31, 4, 137, 141
1339327.3.peg.958.site.32, 6, 137, 143
1339327.3.peg.958.site.33, 91, 137, 228
1339327.3.peg.958.site.34, 39, 137, 176
1339327.3.peg.958.site.35, 3, 137, 140
1339327.3.peg.958.site.36, 11, 137, 148
1339327.3.peg.958.site.37, 3, 135, 138
1339327.3.peg.959.site.1, 3, 136, 139
1339327.3.peg.959.site.2, 11, 136, 147
1339327.3.peg.959.site.3, 7, 137, 144
1339327.3.peg.959.site.4, 14, 137, 151
1339327.3.peg.959.site.5, 11, 135, 146
1339327.3.peg.959.site.6, 20, 136, 156
1339327.3.peg.959.site.7, 68, 133, 201
1339327.3.peg.959.site.8, 3, 136, 139
1339327.3.peg.959.site.9, 17, 137, 154
1339327.3.peg.959.site.10, 5, 137, 142
1339327.3.peg.959.site.11, 3, 136, 139
1339327.3.peg.959.site.12, 5, 137, 142
1339327.3.peg.959.site.13, 1, 137, 138
1339327.3.peg.959.site.14, 2, 137, 139
1339327.3.peg.959.site.15, 1, 136, 137
1339327.3.peg.959.site.16, 0, 135, 135
1339327.3.peg.959.site.17, 132, 132, 264
1339327.3.peg.959.site.18, 24, 131, 155
1339327.3.peg.959.site.19, 1, 134, 135
1339327.3.peg.959.site.20, 19, 134, 153
1339327.3.peg.959.site.21, 5, 134, 139
1339327.3.peg.959.site.22, 12, 137, 149
1339327.3.peg.959.site.23, 9, 137, 146
1339327.3.peg.959.site.24, 2, 135, 137
1339327.3.peg.959.site.25, 11, 135, 146
1339327.3.peg.959.site.26, 1, 136, 137
1339327.3.peg.959.site.27, 6, 137, 143
1339327.3.peg.2557.site.1, 63, 137, 200
1339327.3.peg.2557.site.2, 7, 137, 144
1339327.3.peg.2557.site.3, 2, 131, 133
1339327.3.peg.2557.site.4, 2, 135, 137
1339327.3.peg.2557.site.5, 5, 134, 139
1339327.3.peg.2557.site.6, 101, 136, 237
1339327.3.peg.2557.site.7, 5, 135, 140
1339327.3.peg.2557.site.8, 42, 135, 177
1339327.3.peg.2557.site.9, 3, 132, 135
1339327.3.peg.2557.site.10, 92, 135, 227
1339327.3.peg.2557.site.11, 4, 135, 139
1339327.3.peg.2557.site.12, 1, 135, 136
1339327.3.peg.2557.site.13, 5, 135, 140
1339327.3.peg.2557.site.14, 1, 136, 137
1339327.3.peg.2556.site.1, 118, 135, 253
1339327.3.peg.2556.site.2, 3, 134, 137
1339327.3.peg.2556.site.3, 5, 135, 140
1339327.3.peg.2556.site.4, 30, 135, 165
1339327.3.peg.2556.site.5, 20, 135, 155
1339327.3.peg.2556.site.6, 0, 136, 136
1339327.3.peg.2556.site.7, 60, 136, 196
1339327.3.peg.2556.site.8, 2, 134, 136
1339327.3.peg.2556.site.9, 110, 135, 245
1339327.3.peg.2556.site.10, 2, 136, 138
1339327.3.peg.2556.site.11, 2, 132, 134
1339327.3.peg.2556.site.12, 2, 132, 134
1339327.3.peg.2556.site.13, 44, 131, 175
1339327.3.peg.2556.site.14, 4, 135, 139
1339327.3.peg.2556.site.15, 19, 134, 153
1339327.3.peg.2556.site.16, 94, 136, 230
1339327.3.peg.2556.site.17, 4, 137, 141
1339327.3.peg.2556.site.18, 2, 134, 136
1339327.3.peg.2556.site.19, 2, 135, 137
1339327.3.peg.4743.site.1, 2, 134, 136
1339327.3.peg.4743.site.2, 3, 137, 140
1339327.3.peg.4743.site.3, 14, 137, 151
1339327.3.peg.4743.site.4, 121, 134, 255
1339327.3.peg.4743.site.5, 0, 134, 134
1339327.3.peg.4743.site.6, 5, 136, 141
1339327.3.peg.4743.site.7, 1, 133, 134
1339327.3.peg.4743.site.8, 22, 134, 156
1339327.3.peg.4743.site.9, 0, 136, 136
1339327.3.peg.4743.site.10, 2, 136, 138
1339327.3.peg.4743.site.11, 2, 137, 139
1339327.3.peg.4743.site.12, 3, 136, 139
1339327.3.peg.4743.site.13, 117, 135, 252
1339327.3.peg.4743.site.14, 0, 134, 134
1339327.3.peg.4743.site.15, 2, 135, 137
1339327.3.peg.4743.site.16, 0, 136, 136
1339327.3.peg.4743.site.17, 29, 137, 166
1339327.3.peg.4743.site.18, 2, 137, 139
1339327.3.peg.4743.site.19, 19, 136, 155
1339327.3.peg.4743.site.20, 3, 136, 139
1339327.3.peg.4743.site.21, 4, 137, 141
1339327.3.peg.4743.site.22, 3, 137, 140
1339327.3.peg.4743.site.23, 2, 137, 139
1339327.3.peg.4743.site.24, 3, 136, 139
1339327.3.peg.4743.site.25, 0, 134, 134
1339327.3.peg.4743.site.26, 6, 125, 131
1339327.3.peg.4743.site.27, 2, 121, 123
1339327.3.peg.4743.site.28, 3, 131, 134
1339327.3.peg.4743.site.29, 3, 137, 140
1339327.3.peg.4743.site.30, 98, 136, 234
1339327.3.peg.4743.site.31, 80, 136, 216
1339327.3.peg.4743.site.32, 14, 134, 148
1339327.3.peg.4743.site.33, 3, 137, 140
1339327.3.peg.4743.site.34, 1, 137, 138
1339327.3.peg.4743.site.35, 0, 137, 137
1339327.3.peg.4743.site.36, 2, 137, 139
1339327.3.peg.4743.site.37, 87, 137, 224
1339327.3.peg.2553.site.1, 1, 136, 137
1339327.3.peg.2553.site.2, 0, 130, 130
1339327.3.peg.2553.site.3, 46, 133, 179
1339327.3.peg.2553.site.4, 68, 132, 200
1339327.3.peg.2553.site.5, 4, 133, 137
1339327.3.peg.2553.site.6, 3, 134, 137
1339327.3.peg.2553.site.7, 119, 135, 254
1339327.3.peg.2553.site.8, 5, 136, 141
1339327.3.peg.2553.site.9, 5, 134, 139
1339327.3.peg.2553.site.10, 4, 133, 137
1339327.3.peg.2553.site.11, 1, 129, 130
1339327.3.peg.2553.site.12, 39, 133, 172
1339327.3.peg.2553.site.13, 34, 134, 168
1339327.3.peg.2553.site.14, 8, 133, 141
1339327.3.peg.2553.site.15, 1, 134, 135
1339327.3.peg.2553.site.16, 8, 132, 140
1339327.3.peg.2553.site.17, 5, 131, 136
1339327.3.peg.2552.site.1, 13, 132, 145
1339327.3.peg.2552.site.2, 5, 134, 139
1339327.3.peg.2552.site.3, 85, 134, 219
1339327.3.peg.2552.site.4, 2, 132, 134
1339327.3.peg.2552.site.5, 2, 121, 123
1339327.3.peg.2552.site.6, 30, 135, 165
1339327.3.peg.2552.site.7, 1, 136, 137
1339327.3.peg.2552.site.8, 0, 135, 135
1339327.3.peg.2552.site.9, 8, 134, 142
1339327.3.peg.2552.site.10, 7, 135, 142
1339327.3.peg.2552.site.11, 23, 136, 159
1339327.3.peg.2552.site.12, 8, 136, 144
1339327.3.peg.2552.site.13, 2, 132, 134
1339327.3.peg.2552.site.14, 1, 113, 114
1339327.3.peg.2552.site.15, 33, 114, 147
1339327.3.peg.2552.site.16, 79, 79, 158
1339327.3.peg.2551.site.1, 2, 132, 134
1339327.3.peg.2551.site.2, 3, 133, 136
1339327.3.peg.2551.site.3, 4, 129, 133
1339327.3.peg.2551.site.4, 0, 128, 128
1339327.3.peg.2551.site.5, 1, 90, 91
1339327.3.peg.2551.site.6, 19, 57, 76
1339327.3.peg.2551.site.7, 1, 83, 84
1339327.3.peg.2551.site.8, 5, 134, 139
1339327.3.peg.2551.site.9, 19, 133, 152
1339327.3.peg.2550.site.1, 2, 113, 115
1339327.3.peg.2550.site.2, 2, 134, 136
1339327.3.peg.2550.site.3, 2, 131, 133
1339327.3.peg.2550.site.4, 0, 135, 135
1339327.3.peg.2550.site.5, 9, 135, 144
1339327.3.peg.2550.site.6, 0, 133, 133
1339327.3.peg.2550.site.7, 1, 133, 134
1339327.3.peg.2550.site.8, 0, 135, 135
1339327.3.peg.2550.site.9, 0, 135, 135
1339327.3.peg.2550.site.10, 3, 136, 139
1339327.3.peg.2550.site.11, 1, 136, 137
1339327.3.peg.2550.site.12, 44, 136, 180
1339327.3.peg.2550.site.13, 3, 136, 139
1339327.3.peg.2550.site.14, 1, 137, 138
1339327.3.peg.3800.site.1, 0, 130, 130
1339327.3.peg.3800.site.2, 8, 135, 143
1339327.3.peg.3800.site.3, 17, 136, 153
1339327.3.peg.3800.site.4, 1, 135, 136
1339327.3.peg.3800.site.5, 0, 136, 136
1339327.3.peg.3800.site.6, 0, 135, 135
1339327.3.peg.3800.site.7, 1, 134, 135
1339327.3.peg.3800.site.8, 1, 134, 135
1339327.3.peg.3800.site.9, 10, 136, 146
1339327.3.peg.3800.site.10, 6, 137, 143
1339327.3.peg.3800.site.11, 2, 136, 138
1339327.3.peg.3800.site.12, 40, 137, 177
1339327.3.peg.3800.site.13, 102, 137, 239
1339327.3.peg.3800.site.14, 0, 137, 137
1339327.3.peg.3800.site.15, 0, 135, 135
1339327.3.peg.3800.site.16, 1, 134, 135
1339327.3.peg.3800.site.17, 3, 137, 140
1339327.3.peg.3800.site.18, 19, 137, 156
1339327.3.peg.3800.site.19, 41, 137, 178
1339327.3.peg.3800.site.20, 28, 136, 164
1339327.3.peg.3800.site.21, 4, 137, 141
1339327.3.peg.3800.site.22, 0, 136, 136
1339327.3.peg.3800.site.23, 0, 136, 136
1339327.3.peg.3800.site.24, 1, 135, 136
1339327.3.peg.3800.site.25, 8, 136, 144
1339327.3.peg.3800.site.26, 2, 135, 137
1339327.3.peg.3800.site.27, 127, 127, 254
1339327.3.peg.3800.site.28, 6, 133, 139
1339327.3.peg.3800.site.29, 0, 137, 137
1339327.3.peg.3800.site.30, 9, 135, 144
1339327.3.peg.3800.site.31, 1, 136, 137
1339327.3.peg.3822.site.1, 5, 136, 141
1339327.3.peg.3822.site.2, 2, 133, 135
1339327.3.peg.3822.site.3, 2, 133, 135
1339327.3.peg.3822.site.4, 13, 135, 148
1339327.3.peg.3822.site.5, 125, 136, 261
1339327.3.peg.3822.site.6, 1, 137, 138
1339327.3.peg.3822.site.7, 0, 137, 137
1339327.3.peg.3822.site.8, 7, 134, 141
1339327.3.peg.3822.site.9, 66, 133, 199
1339327.3.peg.3822.site.10, 4, 133, 137
1339327.3.peg.3822.site.11, 5, 130, 135
1339327.3.peg.3822.site.12, 0, 136, 136
1339327.3.peg.3822.site.13, 0, 136, 136
1339327.3.peg.3822.site.14, 1, 131, 132
1339327.3.peg.3822.site.15, 18, 136, 154
1339327.3.peg.3822.site.16, 11, 137, 148
1339327.3.peg.3823.site.1, 1, 136, 137
1339327.3.peg.3823.site.2, 4, 136, 140
1339327.3.peg.3823.site.3, 21, 136, 157
1339327.3.peg.3823.site.4, 8, 137, 145
1339327.3.peg.3823.site.5, 11, 137, 148
1339327.3.peg.3823.site.6, 5, 137, 142
1339327.3.peg.3823.site.7, 4, 134, 138
1339327.3.peg.3823.site.8, 62, 136, 198
1339327.3.peg.3823.site.9, 67, 135, 202
1339327.3.peg.3823.site.10, 0, 134, 134
1339327.3.peg.3823.site.11, 3, 135, 138
1339327.3.peg.828.site.1, 1, 137, 138
1339327.3.peg.828.site.2, 16, 137, 153
1339327.3.peg.828.site.3, 3, 137, 140
1339327.3.peg.828.site.4, 7, 136, 143
1339327.3.peg.828.site.5, 22, 137, 159
1339327.3.peg.828.site.6, 5, 136, 141
1339327.3.peg.828.site.7, 0, 135, 135
1339327.3.peg.828.site.8, 0, 135, 135
1339327.3.peg.828.site.9, 0, 133, 133
1339327.3.peg.828.site.10, 0, 132, 132
1339327.3.peg.829.site.1, 1, 135, 136
1339327.3.peg.829.site.2, 1, 135, 136
1339327.3.peg.829.site.3, 1, 135, 136
1339327.3.peg.829.site.4, 23, 137, 160
1339327.3.peg.829.site.5, 2, 137, 139
1339327.3.peg.829.site.6, 1, 137, 138
1339327.3.peg.829.site.7, 0, 137, 137
1339327.3.peg.829.site.8, 22, 136, 158
1339327.3.peg.829.site.9, 11, 137, 148
1339327.3.peg.829.site.10, 3, 136, 139
1339327.3.peg.829.site.11, 10, 135, 145
1339327.3.peg.829.site.12, 3, 136, 139
1339327.3.peg.829.site.13, 8, 137, 145
1339327.3.peg.829.site.14, 15, 135, 150
1339327.3.peg.829.site.15, 3, 136, 139
1339327.3.peg.829.site.16, 15, 136, 151
1339327.3.peg.829.site.17, 94, 137, 231
1339327.3.peg.829.site.18, 28, 134, 162
1339327.3.peg.829.site.19, 0, 134, 134
1339327.3.peg.829.site.20, 3, 134, 137
1339327.3.peg.829.site.21, 88, 136, 224
1339327.3.peg.829.site.22, 0, 136, 136
1339327.3.peg.829.site.23, 1, 137, 138
1339327.3.peg.829.site.24, 3, 137, 140
1339327.3.peg.829.site.25, 4, 137, 141
1339327.3.peg.829.site.26, 10, 134, 144
1339327.3.peg.829.site.27, 8, 134, 142
1339327.3.peg.829.site.28, 0, 137, 137
1339327.3.peg.829.site.29, 6, 137, 143
1339327.3.peg.829.site.30, 0, 136, 136
1339327.3.peg.829.site.31, 5, 136, 141
1339327.3.peg.829.site.32, 10, 136, 146
1339327.3.peg.829.site.33, 1, 137, 138
1339327.3.peg.829.site.34, 15, 137, 152
1339327.3.peg.829.site.35, 0, 137, 137
1339327.3.peg.829.site.36, 15, 137, 152
1339327.3.peg.829.site.37, 3, 135, 138
1339327.3.peg.829.site.38, 0, 135, 135
1339327.3.peg.829.site.39, 0, 136, 136
1339327.3.peg.820.site.1, 3, 136, 139
1339327.3.peg.820.site.2, 3, 137, 140
1339327.3.peg.820.site.3, 98, 136, 234
1339327.3.peg.820.site.4, 3, 136, 139
1339327.3.peg.821.site.1, 4, 137, 141
1339327.3.peg.821.site.2, 3, 135, 138
1339327.3.peg.821.site.3, 5, 136, 141
1339327.3.peg.821.site.4, 2, 136, 138
1339327.3.peg.821.site.5, 0, 134, 134
1339327.3.peg.821.site.6, 19, 134, 153
1339327.3.peg.822.site.1, 24, 137, 161
1339327.3.peg.822.site.2, 2, 137, 139
1339327.3.peg.822.site.3, 129, 136, 265
1339327.3.peg.822.site.4, 2, 137, 139
1339327.3.peg.822.site.5, 1, 137, 138
1339327.3.peg.822.site.6, 28, 136, 164
1339327.3.peg.822.site.7, 22, 136, 158
1339327.3.peg.822.site.8, 80, 137, 217
1339327.3.peg.822.site.9, 6, 137, 143
1339327.3.peg.822.site.10, 0, 136, 136
1339327.3.peg.822.site.11, 0, 136, 136
1339327.3.peg.822.site.12, 0, 136, 136
1339327.3.peg.822.site.13, 19, 137, 156
1339327.3.peg.822.site.14, 0, 137, 137
1339327.3.peg.822.site.15, 1, 137, 138
1339327.3.peg.823.site.1, 3, 134, 137
1339327.3.peg.824.site.1, 3, 136, 139
1339327.3.peg.824.site.2, 121, 136, 257
1339327.3.peg.824.site.3, 24, 135, 159
1339327.3.peg.824.site.4, 0, 134, 134
1339327.3.peg.824.site.5, 57, 135, 192
1339327.3.peg.824.site.6, 3, 136, 139
1339327.3.peg.824.site.7, 124, 136, 260
1339327.3.peg.824.site.8, 0, 135, 135
1339327.3.peg.824.site.9, 13, 137, 150
1339327.3.peg.825.site.1, 126, 136, 262
1339327.3.peg.825.site.2, 0, 137, 137
1339327.3.peg.825.site.3, 3, 137, 140
1339327.3.peg.825.site.4, 1, 137, 138
1339327.3.peg.825.site.5, 0, 137, 137
1339327.3.peg.825.site.6, 4, 137, 141
1339327.3.peg.825.site.7, 16, 136, 152
1339327.3.peg.826.site.1, 10, 137, 147
1339327.3.peg.826.site.2, 11, 137, 148
1339327.3.peg.826.site.3, 2, 137, 139
1339327.3.peg.826.site.4, 13, 137, 150
1339327.3.peg.826.site.5, 110, 121, 231
1339327.3.peg.826.site.6, 5, 137, 142
1339327.3.peg.826.site.7, 32, 137, 169
1339327.3.peg.826.site.8, 10, 137, 147
1339327.3.peg.826.site.9, 60, 136, 196
1339327.3.peg.826.site.10, 1, 137, 138
1339327.3.peg.826.site.11, 25, 136, 161
1339327.3.peg.826.site.12, 27, 136, 163
1339327.3.peg.826.site.13, 25, 136, 161
1339327.3.peg.826.site.14, 8, 137, 145
1339327.3.peg.826.site.15, 14, 137, 151
1339327.3.peg.826.site.16, 0, 137, 137
1339327.3.peg.826.site.17, 0, 137, 137
1339327.3.peg.826.site.18, 4, 137, 141
1339327.3.peg.826.site.19, 2, 137, 139
1339327.3.peg.826.site.20, 128, 137, 265
1339327.3.peg.826.site.21, 1, 135, 136
1339327.3.peg.827.site.1, 3, 137, 140
1339327.3.peg.827.site.2, 1, 137, 138
1339327.3.peg.827.site.3, 15, 137, 152
1339327.3.peg.827.site.4, 3, 137, 140
1339327.3.peg.827.site.5, 2, 137, 139
1339327.3.peg.827.site.6, 73, 137, 210
1339327.3.peg.827.site.7, 5, 137, 142
1339327.3.peg.827.site.8, 94, 135, 229
1339327.3.peg.827.site.9, 2, 137, 139
1339327.3.peg.827.site.10, 80, 136, 216
1339327.3.peg.827.site.11, 131, 137, 268
1339327.3.peg.827.site.12, 9, 137, 146
1339327.3.peg.827.site.13, 0, 135, 135
1339327.3.peg.827.site.14, 3, 136, 139
1339327.3.peg.827.site.15, 0, 133, 133
1339327.3.peg.827.site.16, 45, 136, 181
1339327.3.peg.827.site.17, 0, 135, 135
1339327.3.peg.827.site.18, 18, 136, 154
1339327.3.peg.827.site.19, 11, 135, 146
1339327.3.peg.827.site.20, 4, 137, 141
1339327.3.peg.827.site.21, 4, 137, 141
1339327.3.peg.827.site.22, 15, 137, 152
1339327.3.peg.827.site.23, 3, 137, 140
1339327.3.peg.827.site.24, 0, 137, 137
1339327.3.peg.827.site.25, 3, 135, 138
1339327.3.peg.827.site.26, 2, 136, 138
1339327.3.peg.827.site.27, 112, 135, 247
1339327.3.peg.827.site.28, 81, 137, 218
1339327.3.peg.827.site.29, 1, 137, 138
1339327.3.peg.827.site.30, 0, 137, 137
1339327.3.peg.827.site.31, 112, 136, 248
1339327.3.peg.827.site.32, 77, 137, 214
1339327.3.peg.827.site.33, 11, 136, 147
1339327.3.peg.827.site.34, 3, 137, 140
1339327.3.peg.827.site.35, 0, 136, 136
1339327.3.peg.827.site.36, 99, 136, 235
1339327.3.peg.827.site.37, 88, 136, 224
1339327.3.peg.827.site.38, 0, 137, 137
1339327.3.peg.827.site.39, 4, 135, 139
1339327.3.peg.827.site.40, 0, 134, 134
1339327.3.peg.827.site.41, 2, 135, 137
1339327.3.peg.827.site.42, 0, 132, 132
1339327.3.peg.827.site.43, 0, 119, 119
1339327.3.peg.827.site.44, 0, 123, 123
1339327.3.peg.827.site.45, 7, 123, 130
1339327.3.peg.827.site.46, 5, 128, 133
1339327.3.peg.827.site.47, 0, 137, 137
1339327.3.peg.827.site.48, 1, 137, 138
1339327.3.peg.1308.site.1, 1, 136, 137
1339327.3.peg.1308.site.2, 2, 135, 137
1339327.3.peg.1308.site.3, 7, 136, 143
1339327.3.peg.1308.site.4, 2, 137, 139
1339327.3.peg.1308.site.5, 2, 137, 139
1339327.3.peg.1308.site.6, 2, 135, 137
1339327.3.peg.1308.site.7, 40, 136, 176
1339327.3.peg.1308.site.8, 48, 137, 185
1339327.3.peg.1308.site.9, 1, 133, 134
1339327.3.peg.1308.site.10, 18, 135, 153
1339327.3.peg.1308.site.11, 1, 135, 136
1339327.3.peg.1308.site.12, 23, 136, 159
1339327.3.peg.1308.site.13, 2, 136, 138
1339327.3.peg.1308.site.14, 2, 136, 138
1339327.3.peg.1308.site.15, 2, 137, 139
1339327.3.peg.1308.site.16, 2, 136, 138
1339327.3.peg.1308.site.17, 2, 137, 139
1339327.3.peg.1308.site.18, 2, 137, 139
1339327.3.peg.1308.site.19, 9, 137, 146
1339327.3.peg.1308.site.20, 26, 136, 162
1339327.3.peg.1308.site.21, 2, 136, 138
1339327.3.peg.1308.site.22, 2, 133, 135
1339327.3.peg.1308.site.23, 2, 136, 138
1339327.3.peg.1308.site.24, 85, 136, 221
1339327.3.peg.1308.site.25, 2, 134, 136
1339327.3.peg.1308.site.26, 1, 136, 137
1339327.3.peg.1308.site.27, 2, 133, 135
1339327.3.peg.1308.site.28, 2, 132, 134
1339327.3.peg.1308.site.29, 2, 132, 134
1339327.3.peg.1308.site.30, 2, 134, 136
1339327.3.peg.1308.site.31, 58, 135, 193
1339327.3.peg.1308.site.32, 7, 135, 142
1339327.3.peg.1308.site.33, 9, 134, 143
1339327.3.peg.1308.site.34, 1, 136, 137
1339327.3.peg.1308.site.35, 42, 135, 177
1339327.3.peg.1308.site.36, 1, 133, 134
1339327.3.peg.1308.site.37, 3, 134, 137
1339327.3.peg.1308.site.38, 2, 136, 138
1339327.3.peg.1308.site.39, 16, 136, 152
1339327.3.peg.1308.site.40, 1, 136, 137
1339327.3.peg.1308.site.41, 1, 136, 137
1339327.3.peg.1308.site.42, 2, 136, 138
1339327.3.peg.1308.site.43, 2, 137, 139
1339327.3.peg.1308.site.44, 29, 137, 166
1339327.3.peg.1308.site.45, 34, 137, 171
1339327.3.peg.1308.site.46, 2, 137, 139
1339327.3.peg.1308.site.47, 1, 137, 138
1339327.3.peg.1308.site.48, 10, 137, 147
1339327.3.peg.1308.site.49, 3, 135, 138
1339327.3.peg.1308.site.50, 5, 135, 140
1339327.3.peg.1308.site.51, 4, 135, 139
1339327.3.peg.1308.site.52, 2, 137, 139
1339327.3.peg.1308.site.53, 2, 137, 139
1339327.3.peg.1308.site.54, 0, 135, 135
1339327.3.peg.1308.site.55, 0, 132, 132
1339327.3.peg.1308.site.56, 33, 134, 167
1339327.3.peg.1308.site.57, 3, 135, 138
1339327.3.peg.1308.site.58, 86, 134, 220
1339327.3.peg.1308.site.59, 102, 134, 236
1339327.3.peg.1308.site.60, 5, 135, 140
1339327.3.peg.1308.site.61, 2, 135, 137
1339327.3.peg.1308.site.62, 7, 135, 142
1339327.3.peg.1308.site.63, 5, 134, 139
1339327.3.peg.1308.site.64, 10, 133, 143
1339327.3.peg.1308.site.65, 0, 134, 134
1339327.3.peg.1308.site.66, 119, 133, 252
1339327.3.peg.1308.site.67, 21, 130, 151
1339327.3.peg.1308.site.68, 6, 128, 134
1339327.3.peg.1308.site.69, 29, 130, 159
1339327.3.peg.1308.site.70, 17, 135, 152
1339327.3.peg.1308.site.71, 1, 134, 135
1339327.3.peg.1308.site.72, 17, 133, 150
1339327.3.peg.1308.site.73, 17, 134, 151
1339327.3.peg.1308.site.74, 112, 133, 245
1339327.3.peg.1308.site.75, 3, 134, 137
1339327.3.peg.1308.site.76, 21, 133, 154
1339327.3.peg.1308.site.77, 5, 133, 138
1339327.3.peg.1307.site.1, 4, 106, 110
1339327.3.peg.1307.site.2, 11, 126, 137
1339327.3.peg.1307.site.3, 59, 134, 193
1339327.3.peg.1307.site.4, 3, 131, 134
1339327.3.peg.1307.site.5, 111, 132, 243
1339327.3.peg.1307.site.6, 5, 131, 136
1339327.3.peg.1307.site.7, 0, 132, 132
1339327.3.peg.1307.site.8, 75, 135, 210
1339327.3.peg.1307.site.9, 21, 133, 154
1339327.3.peg.1307.site.10, 3, 133, 136
1339327.3.peg.1307.site.11, 2, 136, 138
1339327.3.peg.1307.site.12, 1, 134, 135
1339327.3.peg.1307.site.13, 47, 136, 183
1339327.3.peg.1307.site.14, 1, 135, 136
1339327.3.peg.1307.site.15, 26, 136, 162
1339327.3.peg.1307.site.16, 0, 135, 135
1339327.3.peg.1307.site.17, 32, 136, 168
1339327.3.peg.1307.site.18, 2, 136, 138
1339327.3.peg.1307.site.19, 38, 136, 174
1339327.3.peg.1307.site.20, 2, 133, 135
1339327.3.peg.1307.site.21, 3, 135, 138
1339327.3.peg.1307.site.22, 1, 135, 136
1339327.3.peg.1307.site.23, 2, 136, 138
1339327.3.peg.1307.site.24, 1, 134, 135
1339327.3.peg.1306.site.1, 2, 134, 136
1339327.3.peg.1306.site.2, 14, 135, 149
1339327.3.peg.1306.site.3, 3, 135, 138
1339327.3.peg.1306.site.4, 1, 133, 134
1339327.3.peg.1306.site.5, 4, 135, 139
1339327.3.peg.1306.site.6, 4, 135, 139
1339327.3.peg.1306.site.7, 5, 134, 139
1339327.3.peg.1306.site.8, 0, 134, 134
1339327.3.peg.1306.site.9, 55, 134, 189
1339327.3.peg.1306.site.10, 1, 132, 133
1339327.3.peg.1306.site.11, 8, 134, 142
1339327.3.peg.1306.site.12, 2, 133, 135
1339327.3.peg.1306.site.13, 11, 134, 145
1339327.3.peg.1306.site.14, 33, 134, 167
1339327.3.peg.1306.site.15, 121, 132, 253
1339327.3.peg.1306.site.16, 21, 132, 153
1339327.3.peg.1306.site.17, 5, 133, 138
1339327.3.peg.1306.site.18, 112, 134, 246
1339327.3.peg.1305.site.1, 0, 135, 135
1339327.3.peg.1305.site.2, 3, 136, 139
1339327.3.peg.1305.site.3, 6, 137, 143
1339327.3.peg.1305.site.4, 3, 137, 140
1339327.3.peg.1305.site.5, 16, 136, 152
1339327.3.peg.1305.site.6, 12, 136, 148
1339327.3.peg.1305.site.7, 2, 137, 139
1339327.3.peg.1305.site.8, 4, 136, 140
1339327.3.peg.1305.site.9, 3, 137, 140
1339327.3.peg.1305.site.10, 0, 135, 135
1339327.3.peg.1305.site.11, 3, 137, 140
1339327.3.peg.1305.site.12, 1, 136, 137
1339327.3.peg.1305.site.13, 6, 137, 143
1339327.3.peg.1305.site.14, 20, 137, 157
1339327.3.peg.1305.site.15, 12, 137, 149
1339327.3.peg.1305.site.16, 72, 137, 209
1339327.3.peg.1305.site.17, 4, 136, 140
1339327.3.peg.1305.site.18, 5, 135, 140
1339327.3.peg.1305.site.19, 27, 137, 164
1339327.3.peg.1305.site.20, 27, 136, 163
1339327.3.peg.1305.site.21, 1, 135, 136
1339327.3.peg.1305.site.22, 115, 136, 251
1339327.3.peg.1305.site.23, 17, 135, 152
1339327.3.peg.1305.site.24, 1, 137, 138
1339327.3.peg.1305.site.25, 0, 137, 137
1339327.3.peg.1305.site.26, 0, 136, 136
1339327.3.peg.1305.site.27, 5, 136, 141
1339327.3.peg.1304.site.1, 0, 136, 136
1339327.3.peg.1304.site.2, 62, 136, 198
1339327.3.peg.1304.site.3, 40, 135, 175
1339327.3.peg.1304.site.4, 0, 133, 133
1339327.3.peg.1304.site.5, 0, 136, 136
1339327.3.peg.1304.site.6, 5, 136, 141
1339327.3.peg.1304.site.7, 1, 133, 134
1339327.3.peg.1304.site.8, 81, 135, 216
1339327.3.peg.1304.site.9, 1, 136, 137
1339327.3.peg.1304.site.10, 77, 135, 212
1339327.3.peg.1304.site.11, 36, 136, 172
1339327.3.peg.1304.site.12, 19, 137, 156
1339327.3.peg.1304.site.13, 18, 137, 155
1339327.3.peg.1304.site.14, 3, 137, 140
1339327.3.peg.1304.site.15, 2, 137, 139
1339327.3.peg.1304.site.16, 4, 136, 140
1339327.3.peg.1304.site.17, 1, 137, 138
1339327.3.peg.1304.site.18, 13, 137, 150
1339327.3.peg.1304.site.19, 34, 135, 169
1339327.3.peg.1304.site.20, 90, 136, 226
1339327.3.peg.1304.site.21, 47, 137, 184
1339327.3.peg.1304.site.22, 1, 137, 138
1339327.3.peg.1304.site.23, 2, 136, 138
1339327.3.peg.1304.site.24, 2, 136, 138
1339327.3.peg.1304.site.25, 44, 135, 179
1339327.3.peg.1304.site.26, 3, 137, 140
1339327.3.peg.1304.site.27, 0, 135, 135
1339327.3.peg.1304.site.28, 3, 135, 138
1339327.3.peg.1304.site.29, 3, 134, 137
1339327.3.peg.1304.site.30, 2, 134, 136
1339327.3.peg.1304.site.31, 1, 133, 134
1339327.3.peg.1304.site.32, 1, 130, 131
1339327.3.peg.1304.site.33, 1, 133, 134
1339327.3.peg.1304.site.34, 1, 131, 132
1339327.3.peg.1304.site.35, 18, 131, 149
1339327.3.peg.1304.site.36, 1, 129, 130
1339327.3.peg.1304.site.37, 1, 132, 133
1339327.3.peg.1304.site.38, 17, 137, 154
1339327.3.peg.1304.site.39, 1, 137, 138
1339327.3.peg.1304.site.40, 3, 136, 139
1339327.3.peg.1304.site.41, 0, 136, 136
1339327.3.peg.1304.site.42, 131, 137, 268
1339327.3.peg.1304.site.43, 2, 136, 138
1339327.3.peg.1304.site.44, 1, 137, 138
1339327.3.peg.1304.site.45, 10, 137, 147
1339327.3.peg.1304.site.46, 3, 136, 139
1339327.3.peg.1304.site.47, 37, 135, 172
1339327.3.peg.1304.site.48, 35, 137, 172
1339327.3.peg.1302.site.1, 3, 136, 139
1339327.3.peg.1302.site.2, 7, 137, 144
1339327.3.peg.1302.site.3, 40, 136, 176
1339327.3.peg.1302.site.4, 2, 136, 138
1339327.3.peg.1302.site.5, 24, 137, 161
1339327.3.peg.1302.site.6, 1, 136, 137
1339327.3.peg.1302.site.7, 126, 136, 262
1339327.3.peg.1302.site.8, 6, 136, 142
1339327.3.peg.1302.site.9, 2, 137, 139
1339327.3.peg.1302.site.10, 4, 136, 140
1339327.3.peg.1302.site.11, 6, 135, 141
1339327.3.peg.1302.site.12, 0, 136, 136
1339327.3.peg.1302.site.13, 28, 137, 165
1339327.3.peg.1302.site.14, 5, 137, 142
1339327.3.peg.1302.site.15, 3, 137, 140
1339327.3.peg.1302.site.16, 1, 135, 136
1339327.3.peg.1302.site.17, 3, 136, 139
1339327.3.peg.1302.site.18, 0, 136, 136
1339327.3.peg.1302.site.19, 9, 136, 145
1339327.3.peg.1302.site.20, 9, 135, 144
1339327.3.peg.1302.site.21, 4, 137, 141
1339327.3.peg.1302.site.22, 4, 137, 141
1339327.3.peg.1302.site.23, 0, 135, 135
1339327.3.peg.1302.site.24, 4, 135, 139
1339327.3.peg.1302.site.25, 31, 136, 167
1339327.3.peg.1302.site.26, 7, 136, 143
1339327.3.peg.1302.site.27, 4, 137, 141
1339327.3.peg.1302.site.28, 5, 135, 140
1339327.3.peg.1302.site.29, 1, 132, 133
1339327.3.peg.1302.site.30, 1, 134, 135
1339327.3.peg.1302.site.31, 28, 135, 163
1339327.3.peg.1302.site.32, 63, 137, 200
1339327.3.peg.1302.site.33, 2, 136, 138
1339327.3.peg.1302.site.34, 2, 137, 139
1339327.3.peg.1302.site.35, 3, 136, 139
1339327.3.peg.1302.site.36, 0, 135, 135
1339327.3.peg.1302.site.37, 17, 134, 151
1339327.3.peg.1302.site.38, 72, 133, 205
1339327.3.peg.1302.site.39, 5, 134, 139
1339327.3.peg.1302.site.40, 4, 136, 140
1339327.3.peg.1302.site.41, 75, 126, 201
1339327.3.peg.1302.site.42, 5, 123, 128
1339327.3.peg.1302.site.43, 72, 122, 194
1339327.3.peg.1302.site.44, 86, 135, 221
1339327.3.peg.1302.site.45, 1, 135, 136
1339327.3.peg.1302.site.46, 4, 136, 140
1339327.3.peg.1302.site.47, 3, 136, 139
1339327.3.peg.1302.site.48, 1, 135, 136
1339327.3.peg.1302.site.49, 33, 136, 169
1339327.3.peg.1301.site.1, 1, 134, 135
1339327.3.peg.1301.site.2, 3, 134, 137
1339327.3.peg.1301.site.3, 7, 137, 144
1339327.3.peg.1301.site.4, 4, 136, 140
1339327.3.peg.1301.site.5, 16, 135, 151
1339327.3.peg.1301.site.6, 3, 135, 138
1339327.3.peg.1301.site.7, 1, 134, 135
1339327.3.peg.1301.site.8, 67, 134, 201
1339327.3.peg.1301.site.9, 14, 137, 151
1339327.3.peg.1301.site.10, 3, 136, 139
1339327.3.peg.1301.site.11, 43, 137, 180
1339327.3.peg.1301.site.12, 5, 136, 141
1339327.3.peg.1301.site.13, 5, 136, 141
1339327.3.peg.1301.site.14, 3, 135, 138
1339327.3.peg.1301.site.15, 0, 135, 135
1339327.3.peg.1301.site.16, 10, 136, 146
1339327.3.peg.1301.site.17, 12, 137, 149
1339327.3.peg.1301.site.18, 9, 134, 143
1339327.3.peg.1301.site.19, 5, 136, 141
1339327.3.peg.1301.site.20, 0, 136, 136
1339327.3.peg.1301.site.21, 2, 135, 137
1339327.3.peg.1301.site.22, 10, 135, 145
1339327.3.peg.1301.site.23, 15, 135, 150
1339327.3.peg.1301.site.24, 3, 136, 139
1339327.3.peg.1301.site.25, 61, 135, 196
1339327.3.peg.1301.site.26, 3, 137, 140
1339327.3.peg.1301.site.27, 56, 136, 192
1339327.3.peg.1301.site.28, 17, 137, 154
1339327.3.peg.1301.site.29, 1, 134, 135
1339327.3.peg.1301.site.30, 31, 134, 165
1339327.3.peg.1301.site.31, 0, 135, 135
1339327.3.peg.1301.site.32, 3, 134, 137
1339327.3.peg.1301.site.33, 79, 137, 216
1339327.3.peg.1301.site.34, 60, 136, 196
1339327.3.peg.1301.site.35, 3, 137, 140
1339327.3.peg.1301.site.36, 8, 136, 144
1339327.3.peg.1301.site.37, 2, 136, 138
1339327.3.peg.1301.site.38, 3, 135, 138
1339327.3.peg.1301.site.39, 2, 135, 137
1339327.3.peg.1301.site.40, 5, 136, 141
1339327.3.peg.1301.site.41, 83, 137, 220
1339327.3.peg.1301.site.42, 16, 137, 153
1339327.3.peg.1301.site.43, 5, 135, 140
1339327.3.peg.1301.site.44, 26, 135, 161
1339327.3.peg.1300.site.1, 8, 134, 142
1339327.3.peg.1300.site.2, 4, 137, 141
1339327.3.peg.1300.site.3, 4, 137, 141
1339327.3.peg.1300.site.4, 0, 137, 137
1339327.3.peg.1300.site.5, 3, 137, 140
1339327.3.peg.1300.site.6, 9, 136, 145
1339327.3.peg.1300.site.7, 36, 137, 173
1339327.3.peg.1300.site.8, 32, 137, 169
1339327.3.peg.1300.site.9, 11, 137, 148
1339327.3.peg.1300.site.10, 4, 136, 140
1339327.3.peg.1300.site.11, 6, 131, 137
1339327.3.peg.1300.site.12, 1, 137, 138
1339327.3.peg.1300.site.13, 8, 136, 144
1339327.3.peg.1300.site.14, 5, 135, 140
1339327.3.peg.1300.site.15, 57, 134, 191
1339327.3.peg.1300.site.16, 111, 133, 244
1339327.3.peg.1300.site.17, 30, 137, 167
1339327.3.peg.4043.site.1, 0, 129, 129
1339327.3.peg.4043.site.2, 48, 130, 178
1339327.3.peg.4043.site.3, 45, 128, 173
1339327.3.peg.4043.site.4, 59, 128, 187
1339327.3.peg.4043.site.5, 1, 128, 129
1339327.3.peg.4043.site.6, 122, 127, 249
1339327.3.peg.4043.site.7, 19, 124, 143
1339327.3.peg.4043.site.8, 3, 122, 125
1339327.3.peg.4043.site.9, 24, 126, 150
1339327.3.peg.4043.site.10, 7, 127, 134
1339327.3.peg.4043.site.11, 7, 127, 134
1339327.3.peg.4043.site.12, 86, 130, 216
1339327.3.peg.4043.site.13, 8, 128, 136
1339327.3.peg.4043.site.14, 6, 130, 136
1339327.3.peg.4043.site.15, 2, 130, 132
1339327.3.peg.4043.site.16, 26, 128, 154
1339327.3.peg.4043.site.17, 111, 128, 239
1339327.3.peg.4043.site.18, 6, 128, 134
1339327.3.peg.4043.site.19, 2, 128, 130
1339327.3.peg.4043.site.20, 5, 126, 131
1339327.3.peg.4043.site.21, 3, 127, 130
1339327.3.peg.4043.site.22, 54, 128, 182
1339327.3.peg.4043.site.23, 3, 130, 133
1339327.3.peg.4043.site.24, 7, 129, 136
1339327.3.peg.4043.site.25, 0, 127, 127
1339327.3.peg.4043.site.26, 13, 126, 139
1339327.3.peg.4043.site.27, 1, 128, 129
1339327.3.peg.4043.site.28, 125, 130, 255
1339327.3.peg.4043.site.29, 9, 127, 136
1339327.3.peg.4043.site.30, 2, 125, 127
1339327.3.peg.4043.site.31, 5, 128, 133
1339327.3.peg.4043.site.32, 2, 128, 130
1339327.3.peg.4043.site.33, 4, 130, 134
1339327.3.peg.4043.site.34, 0, 130, 130
1339327.3.peg.4043.site.35, 90, 129, 219
1339327.3.peg.4042.site.1, 1, 136, 137
1339327.3.peg.4042.site.2, 4, 137, 141
1339327.3.peg.4042.site.3, 119, 135, 254
1339327.3.peg.4042.site.4, 68, 135, 203
1339327.3.peg.4042.site.5, 0, 134, 134
1339327.3.peg.4042.site.6, 4, 135, 139
1339327.3.peg.4042.site.7, 5, 135, 140
1339327.3.peg.4042.site.8, 1, 133, 134
1339327.3.peg.4042.site.9, 2, 136, 138
1339327.3.peg.4042.site.10, 6, 135, 141
1339327.3.peg.4042.site.11, 1, 137, 138
1339327.3.peg.4042.site.12, 64, 137, 201
1339327.3.peg.4042.site.13, 12, 137, 149
1339327.3.peg.4042.site.14, 5, 136, 141
1339327.3.peg.4042.site.15, 3, 137, 140
1339327.3.peg.4047.site.1, 19, 129, 148
1339327.3.peg.4047.site.2, 0, 127, 127
1339327.3.peg.4047.site.3, 18, 128, 146
1339327.3.peg.4047.site.4, 3, 127, 130
1339327.3.peg.4046.site.1, 0, 129, 129
1339327.3.peg.4046.site.2, 1, 130, 131
1339327.3.peg.4046.site.3, 110, 129, 239
1339327.3.peg.4046.site.4, 88, 128, 216
1339327.3.peg.4046.site.5, 1, 129, 130
1339327.3.peg.4046.site.6, 0, 129, 129
1339327.3.peg.4046.site.7, 96, 130, 226
1339327.3.peg.4046.site.8, 4, 129, 133
1339327.3.peg.4046.site.9, 3, 130, 133
1339327.3.peg.4046.site.10, 116, 130, 246
1339327.3.peg.4046.site.11, 6, 130, 136
1339327.3.peg.4046.site.12, 8, 130, 138
1339327.3.peg.4046.site.13, 1, 129, 130
1339327.3.peg.4046.site.14, 100, 129, 229
1339327.3.peg.4046.site.15, 16, 130, 146
1339327.3.peg.4046.site.16, 50, 128, 178
1339327.3.peg.4046.site.17, 0, 127, 127
1339327.3.peg.4046.site.18, 4, 129, 133
1339327.3.peg.4046.site.19, 0, 129, 129
1339327.3.peg.4046.site.20, 84, 128, 212
1339327.3.peg.4046.site.21, 124, 130, 254
1339327.3.peg.4046.site.22, 12, 130, 142
1339327.3.peg.4046.site.23, 1, 126, 127
1339327.3.peg.4046.site.24, 0, 128, 128
1339327.3.peg.4046.site.25, 2, 126, 128
1339327.3.peg.4046.site.26, 15, 128, 143
1339327.3.peg.4046.site.27, 6, 126, 132
1339327.3.peg.4046.site.28, 5, 119, 124
1339327.3.peg.4046.site.29, 1, 129, 130
1339327.3.peg.4046.site.30, 1, 130, 131
1339327.3.peg.4046.site.31, 23, 128, 151
1339327.3.peg.4046.site.32, 3, 129, 132
1339327.3.peg.4046.site.33, 33, 124, 157
1339327.3.peg.4046.site.34, 59, 122, 181
1339327.3.peg.4046.site.35, 20, 129, 149
1339327.3.peg.4046.site.36, 104, 130, 234
1339327.3.peg.4046.site.37, 4, 130, 134
1339327.3.peg.4046.site.38, 1, 129, 130
1339327.3.peg.4046.site.39, 1, 130, 131
1339327.3.peg.4046.site.40, 20, 129, 149
1339327.3.peg.4046.site.41, 23, 130, 153
1339327.3.peg.4046.site.42, 0, 129, 129
1339327.3.peg.4046.site.43, 0, 129, 129
1339327.3.peg.4045.site.1, 5, 128, 133
1339327.3.peg.4044.site.1, 64, 127, 191
1339327.3.peg.4044.site.2, 30, 126, 156
1339327.3.peg.4044.site.3, 2, 130, 132
1339327.3.peg.4044.site.4, 55, 129, 184
1339327.3.peg.4044.site.5, 66, 127, 193
1339327.3.peg.4044.site.6, 45, 128, 173
1339327.3.peg.4044.site.7, 10, 129, 139
1339327.3.peg.4044.site.8, 1, 130, 131
1339327.3.peg.4044.site.9, 2, 130, 132
1339327.3.peg.4044.site.10, 1, 130, 131
1339327.3.peg.4044.site.11, 0, 125, 125
1339327.3.peg.4044.site.12, 4, 123, 127
1339327.3.peg.4044.site.13, 71, 113, 184
1339327.3.peg.4044.site.14, 51, 111, 162
1339327.3.peg.4044.site.15, 5, 112, 117
1339327.3.peg.4044.site.16, 60, 122, 182
1339327.3.peg.4044.site.17, 34, 123, 157
1339327.3.peg.4044.site.18, 5, 129, 134
1339327.3.peg.4044.site.19, 5, 130, 135
1339327.3.peg.4044.site.20, 5, 129, 134
1339327.3.peg.4044.site.21, 7, 128, 135
1339327.3.peg.4044.site.22, 0, 130, 130
1339327.3.peg.4044.site.23, 5, 128, 133
1339327.3.peg.4044.site.24, 1, 127, 128
1339327.3.peg.4044.site.25, 0, 130, 130
1339327.3.peg.4824.site.1, 24, 125, 149
1339327.3.peg.4824.site.2, 3, 136, 139
1339327.3.peg.4824.site.3, 129, 136, 265
1339327.3.peg.4824.site.4, 3, 135, 138
1339327.3.peg.4824.site.5, 1, 136, 137
1339327.3.peg.4824.site.6, 0, 131, 131
1339327.3.peg.4824.site.7, 21, 132, 153
1339327.3.peg.4824.site.8, 44, 133, 177
1339327.3.peg.4824.site.9, 0, 124, 124
1339327.3.peg.4824.site.10, 5, 136, 141
1339327.3.peg.4824.site.11, 50, 136, 186
1339327.3.peg.4824.site.12, 36, 135, 171
1339327.3.peg.4824.site.13, 3, 136, 139
1339327.3.peg.4824.site.14, 22, 135, 157
1339327.3.peg.4824.site.15, 3, 135, 138
1339327.3.peg.4824.site.16, 2, 136, 138
1339327.3.peg.4824.site.17, 10, 135, 145
1339327.3.peg.4824.site.18, 10, 135, 145
1339327.3.peg.4824.site.19, 10, 132, 142
1339327.3.peg.4824.site.20, 2, 135, 137
1339327.3.peg.4824.site.21, 0, 136, 136
1339327.3.peg.4824.site.22, 3, 136, 139
1339327.3.peg.4824.site.23, 2, 136, 138
1339327.3.peg.4824.site.24, 3, 135, 138
1339327.3.peg.4824.site.25, 8, 135, 143
1339327.3.peg.4049.site.1, 42, 137, 179
1339327.3.peg.4049.site.2, 1, 137, 138
1339327.3.peg.4049.site.3, 3, 137, 140
1339327.3.peg.4049.site.4, 3, 136, 139
1339327.3.peg.4049.site.5, 22, 136, 158
1339327.3.peg.4049.site.6, 5, 137, 142
1339327.3.peg.4049.site.7, 1, 137, 138
1339327.3.peg.4049.site.8, 5, 137, 142
1339327.3.peg.4049.site.9, 13, 137, 150
1339327.3.peg.4049.site.10, 12, 136, 148
1339327.3.peg.4049.site.11, 2, 135, 137
1339327.3.peg.799.site.1, 2, 137, 139
1339327.3.peg.799.site.2, 4, 137, 141
1339327.3.peg.799.site.3, 2, 137, 139
1339327.3.peg.799.site.4, 64, 136, 200
1339327.3.peg.799.site.5, 1, 137, 138
1339327.3.peg.799.site.6, 58, 135, 193
1339327.3.peg.799.site.7, 10, 136, 146
1339327.3.peg.799.site.8, 10, 137, 147
1339327.3.peg.799.site.9, 33, 137, 170
1339327.3.peg.799.site.10, 0, 136, 136
1339327.3.peg.799.site.11, 17, 136, 153
1339327.3.peg.799.site.12, 87, 129, 216
1339327.3.peg.799.site.13, 15, 137, 152
1339327.3.peg.799.site.14, 2, 137, 139
1339327.3.peg.799.site.15, 6, 137, 143
1339327.3.peg.799.site.16, 24, 137, 161
1339327.3.peg.799.site.17, 0, 137, 137
1339327.3.peg.799.site.18, 2, 137, 139
1339327.3.peg.4269.site.1, 2, 137, 139
1339327.3.peg.4269.site.2, 18, 137, 155
1339327.3.peg.4269.site.3, 21, 137, 158
1339327.3.peg.4269.site.4, 88, 135, 223
1339327.3.peg.4269.site.5, 131, 137, 268
1339327.3.peg.4269.site.6, 12, 137, 149
1339327.3.peg.4269.site.7, 11, 137, 148
1339327.3.peg.4823.site.1, 8, 18, 26
1339327.3.peg.4823.site.2, 3, 14, 17
1339327.3.peg.4823.site.3, 2, 33, 35
1339327.3.peg.4823.site.4, 3, 33, 36
1339327.3.peg.4823.site.5, 33, 42, 75
1339327.3.peg.4823.site.6, 36, 45, 81
1339327.3.peg.4823.site.7, 1, 37, 38
1339327.3.peg.4823.site.8, 4, 50, 54
1339327.3.peg.4823.site.9, 2, 66, 68
1339327.3.peg.4823.site.10, 2, 71, 73
1339327.3.peg.4823.site.11, 7, 93, 100
1339327.3.peg.4823.site.12, 3, 95, 98
1339327.3.peg.4823.site.13, 22, 93, 115
1339327.3.peg.4823.site.14, 50, 109, 159
1339327.3.peg.4823.site.15, 34, 116, 150
1339327.3.peg.4823.site.16, 100, 109, 209
1339327.3.peg.4823.site.17, 99, 108, 207
1339327.3.peg.4823.site.18, 1, 114, 115
1339327.3.peg.4823.site.19, 2, 115, 117
1339327.3.peg.4823.site.20, 1, 131, 132
1339327.3.peg.4823.site.21, 44, 133, 177
1339327.3.peg.4823.site.22, 45, 134, 179
1339327.3.peg.4823.site.23, 1, 135, 136
1339327.3.peg.1273.site.1, 18, 135, 153
1339327.3.peg.1273.site.2, 10, 135, 145
1339327.3.peg.1273.site.3, 34, 135, 169
1339327.3.peg.1273.site.4, 12, 136, 148
1339327.3.peg.1273.site.5, 12, 135, 147
1339327.3.peg.1273.site.6, 0, 135, 135
1339327.3.peg.1273.site.7, 0, 136, 136
1339327.3.peg.1273.site.8, 9, 137, 146
1339327.3.peg.1273.site.9, 1, 136, 137
1339327.3.peg.1273.site.10, 0, 137, 137
1339327.3.peg.1273.site.11, 0, 135, 135
1339327.3.peg.1273.site.12, 0, 134, 134
1339327.3.peg.1272.site.1, 0, 131, 131
1339327.3.peg.1272.site.2, 0, 135, 135
1339327.3.peg.1271.site.1, 0, 136, 136
1339327.3.peg.1271.site.2, 124, 135, 259
1339327.3.peg.1271.site.3, 7, 136, 143
1339327.3.peg.1271.site.4, 31, 137, 168
1339327.3.peg.1271.site.5, 2, 136, 138
1339327.3.peg.1271.site.6, 2, 136, 138
1339327.3.peg.1271.site.7, 1, 135, 136
1339327.3.peg.1271.site.8, 5, 136, 141
1339327.3.peg.1271.site.9, 2, 136, 138
1339327.3.peg.1271.site.10, 0, 136, 136
1339327.3.peg.1271.site.11, 1, 137, 138
1339327.3.peg.1271.site.12, 88, 137, 225
1339327.3.peg.1271.site.13, 22, 135, 157
1339327.3.peg.1271.site.14, 2, 137, 139
1339327.3.peg.1271.site.15, 130, 137, 267
1339327.3.peg.1271.site.16, 2, 137, 139
1339327.3.peg.1271.site.17, 2, 136, 138
1339327.3.peg.1271.site.18, 1, 137, 138
1339327.3.peg.1270.site.1, 6, 135, 141
1339327.3.peg.1270.site.2, 3, 135, 138
1339327.3.peg.1270.site.3, 6, 136, 142
1339327.3.peg.1270.site.4, 2, 137, 139
1339327.3.peg.1270.site.5, 2, 137, 139
1339327.3.peg.1270.site.6, 3, 136, 139
1339327.3.peg.1270.site.7, 10, 137, 147
1339327.3.peg.1270.site.8, 2, 137, 139
1339327.3.peg.1270.site.9, 5, 137, 142
1339327.3.peg.1270.site.10, 0, 136, 136
1339327.3.peg.1277.site.1, 2, 136, 138
1339327.3.peg.1277.site.2, 3, 137, 140
1339327.3.peg.1277.site.3, 1, 136, 137
1339327.3.peg.1276.site.1, 8, 137, 145
1339327.3.peg.1276.site.2, 0, 134, 134
1339327.3.peg.1276.site.3, 3, 136, 139
1339327.3.peg.1276.site.4, 3, 137, 140
1339327.3.peg.1276.site.5, 41, 137, 178
1339327.3.peg.1276.site.6, 1, 137, 138
1339327.3.peg.1276.site.7, 32, 137, 169
1339327.3.peg.1276.site.8, 1, 137, 138
1339327.3.peg.1276.site.9, 6, 137, 143
1339327.3.peg.1275.site.1, 97, 133, 230
1339327.3.peg.1275.site.2, 7, 135, 142
1339327.3.peg.1275.site.3, 50, 135, 185
1339327.3.peg.1275.site.4, 55, 135, 190
1339327.3.peg.1275.site.5, 1, 136, 137
1339327.3.peg.1275.site.6, 0, 134, 134
1339327.3.peg.1275.site.7, 3, 134, 137
1339327.3.peg.1275.site.8, 0, 137, 137
1339327.3.peg.1275.site.9, 49, 134, 183
1339327.3.peg.1275.site.10, 0, 123, 123
1339327.3.peg.1275.site.11, 2, 123, 125
1339327.3.peg.1275.site.12, 0, 122, 122
1339327.3.peg.1275.site.13, 79, 133, 212
1339327.3.peg.1275.site.14, 2, 128, 130
1339327.3.peg.1275.site.15, 4, 124, 128
1339327.3.peg.1275.site.16, 3, 123, 126
1339327.3.peg.1275.site.17, 3, 122, 125
1339327.3.peg.1275.site.18, 29, 135, 164
1339327.3.peg.1275.site.19, 2, 137, 139
1339327.3.peg.1275.site.20, 12, 136, 148
1339327.3.peg.1275.site.21, 11, 135, 146
1339327.3.peg.1275.site.22, 12, 137, 149
1339327.3.peg.1275.site.23, 35, 135, 170
1339327.3.peg.1274.site.1, 4, 136, 140
1339327.3.peg.1274.site.2, 12, 136, 148
1339327.3.peg.1274.site.3, 3, 136, 139
1339327.3.peg.1274.site.4, 3, 137, 140
1339327.3.peg.1274.site.5, 66, 134, 200
1339327.3.peg.1274.site.6, 5, 137, 142
1339327.3.peg.1274.site.7, 0, 136, 136
1339327.3.peg.1279.site.1, 14, 137, 151
1339327.3.peg.1279.site.2, 23, 135, 158
1339327.3.peg.1279.site.3, 1, 137, 138
1339327.3.peg.1278.site.1, 40, 134, 174
1339327.3.peg.1278.site.2, 3, 136, 139
1339327.3.peg.1278.site.3, 5, 135, 140
1339327.3.peg.4261.site.1, 23, 136, 159
1339327.3.peg.4261.site.2, 3, 136, 139
1339327.3.peg.4261.site.3, 90, 136, 226
1339327.3.peg.4261.site.4, 5, 137, 142
1339327.3.peg.4261.site.5, 2, 134, 136
1339327.3.peg.4261.site.6, 2, 134, 136
1339327.3.peg.4227.site.1, 9, 135, 144
1339327.3.peg.4227.site.2, 2, 137, 139
1339327.3.peg.4227.site.3, 0, 134, 134
1339327.3.peg.4227.site.4, 16, 136, 152
1339327.3.peg.4227.site.5, 5, 137, 142
1339327.3.peg.4227.site.6, 3, 137, 140
1339327.3.peg.4226.site.1, 0, 136, 136
1339327.3.peg.4226.site.2, 3, 136, 139
1339327.3.peg.4226.site.3, 3, 137, 140
1339327.3.peg.4226.site.4, 5, 136, 141
1339327.3.peg.4226.site.5, 0, 135, 135
1339327.3.peg.4226.site.6, 2, 136, 138
1339327.3.peg.4226.site.7, 2, 137, 139
1339327.3.peg.4226.site.8, 0, 136, 136
1339327.3.peg.4226.site.9, 1, 137, 138
1339327.3.peg.4226.site.10, 12, 137, 149
1339327.3.peg.4226.site.11, 1, 137, 138
1339327.3.peg.4225.site.1, 0, 137, 137
1339327.3.peg.4225.site.2, 1, 137, 138
1339327.3.peg.4225.site.3, 2, 135, 137
1339327.3.peg.4225.site.4, 12, 136, 148
1339327.3.peg.4225.site.5, 11, 136, 147
1339327.3.peg.4225.site.6, 4, 136, 140
1339327.3.peg.4225.site.7, 19, 136, 155
1339327.3.peg.4225.site.8, 72, 137, 209
1339327.3.peg.4225.site.9, 7, 136, 143
1339327.3.peg.4225.site.10, 40, 137, 177
1339327.3.peg.4225.site.11, 0, 136, 136
1339327.3.peg.4224.site.1, 75, 135, 210
1339327.3.peg.4224.site.2, 61, 134, 195
1339327.3.peg.4224.site.3, 0, 137, 137
1339327.3.peg.4224.site.4, 74, 134, 208
1339327.3.peg.4224.site.5, 3, 137, 140
1339327.3.peg.4224.site.6, 0, 136, 136
1339327.3.peg.4224.site.7, 4, 137, 141
1339327.3.peg.4224.site.8, 1, 136, 137
1339327.3.peg.4224.site.9, 3, 137, 140
1339327.3.peg.4224.site.10, 6, 137, 143
1339327.3.peg.4224.site.11, 15, 134, 149
1339327.3.peg.4224.site.12, 0, 133, 133
1339327.3.peg.4224.site.13, 1, 137, 138
1339327.3.peg.4223.site.1, 6, 137, 143
1339327.3.peg.4223.site.2, 27, 137, 164
1339327.3.peg.4223.site.3, 81, 136, 217
1339327.3.peg.4223.site.4, 44, 137, 181
1339327.3.peg.4223.site.5, 10, 137, 147
1339327.3.peg.4223.site.6, 3, 136, 139
1339327.3.peg.4223.site.7, 10, 136, 146
1339327.3.peg.4223.site.8, 17, 135, 152
1339327.3.peg.4223.site.9, 102, 137, 239
1339327.3.peg.4223.site.10, 3, 137, 140
1339327.3.peg.4223.site.11, 0, 136, 136
1339327.3.peg.4223.site.12, 5, 137, 142
1339327.3.peg.4223.site.13, 42, 137, 179
1339327.3.peg.4223.site.14, 22, 134, 156
1339327.3.peg.4223.site.15, 0, 135, 135
1339327.3.peg.4223.site.16, 55, 137, 192
1339327.3.peg.4223.site.17, 41, 137, 178
1339327.3.peg.4223.site.18, 30, 136, 166
1339327.3.peg.4223.site.19, 19, 137, 156
1339327.3.peg.4223.site.20, 70, 136, 206
1339327.3.peg.4223.site.21, 74, 135, 209
1339327.3.peg.4223.site.22, 33, 135, 168
1339327.3.peg.4223.site.23, 31, 133, 164
1339327.3.peg.4223.site.24, 15, 131, 146
1339327.3.peg.4223.site.25, 97, 133, 230
1339327.3.peg.4223.site.26, 50, 137, 187
1339327.3.peg.4223.site.27, 0, 137, 137
1339327.3.peg.4223.site.28, 42, 137, 179
1339327.3.peg.4223.site.29, 43, 137, 180
1339327.3.peg.4223.site.30, 2, 136, 138
1339327.3.peg.4223.site.31, 3, 136, 139
1339327.3.peg.4223.site.32, 20, 130, 150
1339327.3.peg.4223.site.33, 3, 129, 132
1339327.3.peg.4223.site.34, 4, 133, 137
1339327.3.peg.4222.site.1, 3, 137, 140
1339327.3.peg.4222.site.2, 2, 135, 137
1339327.3.peg.4222.site.3, 3, 136, 139
1339327.3.peg.4222.site.4, 27, 137, 164
1339327.3.peg.4222.site.5, 7, 133, 140
1339327.3.peg.4222.site.6, 2, 134, 136
1339327.3.peg.4222.site.7, 3, 135, 138
1339327.3.peg.4222.site.8, 5, 119, 124
1339327.3.peg.4222.site.9, 1, 113, 114
1339327.3.peg.4222.site.10, 36, 106, 142
1339327.3.peg.4222.site.11, 10, 123, 133
1339327.3.peg.4222.site.12, 4, 132, 136
1339327.3.peg.4222.site.13, 129, 135, 264
1339327.3.peg.4222.site.14, 6, 136, 142
1339327.3.peg.4222.site.15, 107, 137, 244
1339327.3.peg.4222.site.16, 3, 136, 139
1339327.3.peg.4222.site.17, 20, 136, 156
1339327.3.peg.4222.site.18, 12, 135, 147
1339327.3.peg.4222.site.19, 3, 135, 138
1339327.3.peg.4222.site.20, 6, 136, 142
1339327.3.peg.4222.site.21, 6, 137, 143
1339327.3.peg.4222.site.22, 22, 137, 159
1339327.3.peg.4222.site.23, 100, 137, 237
1339327.3.peg.4222.site.24, 6, 137, 143
1339327.3.peg.4222.site.25, 46, 136, 182
1339327.3.peg.4222.site.26, 19, 137, 156
1339327.3.peg.4222.site.27, 0, 134, 134
1339327.3.peg.4222.site.28, 8, 135, 143
1339327.3.peg.4222.site.29, 6, 136, 142
1339327.3.peg.4222.site.30, 3, 136, 139
1339327.3.peg.4222.site.31, 1, 136, 137
1339327.3.peg.4221.site.1, 62, 136, 198
1339327.3.peg.4221.site.2, 3, 136, 139
1339327.3.peg.4221.site.3, 2, 135, 137
1339327.3.peg.4221.site.4, 5, 136, 141
1339327.3.peg.4221.site.5, 35, 137, 172
1339327.3.peg.4221.site.6, 0, 137, 137
1339327.3.peg.4221.site.7, 16, 137, 153
1339327.3.peg.4221.site.8, 5, 137, 142
1339327.3.peg.4221.site.9, 71, 132, 203
1339327.3.peg.4221.site.10, 0, 133, 133
1339327.3.peg.4221.site.11, 4, 136, 140
1339327.3.peg.4221.site.12, 23, 133, 156
1339327.3.peg.4221.site.13, 17, 136, 153
1339327.3.peg.4221.site.14, 3, 136, 139
1339327.3.peg.4221.site.15, 15, 129, 144
1339327.3.peg.4221.site.16, 110, 135, 245
1339327.3.peg.4221.site.17, 7, 133, 140
1339327.3.peg.4221.site.18, 6, 135, 141
1339327.3.peg.4221.site.19, 30, 135, 165
1339327.3.peg.4221.site.20, 12, 134, 146
1339327.3.peg.4221.site.21, 6, 132, 138
1339327.3.peg.4221.site.22, 2, 133, 135
1339327.3.peg.4221.site.23, 0, 132, 132
1339327.3.peg.4221.site.24, 16, 137, 153
1339327.3.peg.4221.site.25, 4, 135, 139
1339327.3.peg.4221.site.26, 114, 136, 250
1339327.3.peg.4221.site.27, 25, 136, 161
1339327.3.peg.4221.site.28, 0, 136, 136
1339327.3.peg.4221.site.29, 19, 135, 154
1339327.3.peg.4220.site.1, 4, 134, 138
1339327.3.peg.4220.site.2, 1, 129, 130
1339327.3.peg.4220.site.3, 6, 136, 142
1339327.3.peg.4220.site.4, 4, 136, 140
1339327.3.peg.4220.site.5, 4, 137, 141
1339327.3.peg.4220.site.6, 2, 126, 128
1339327.3.peg.4220.site.7, 4, 129, 133
1339327.3.peg.4220.site.8, 1, 133, 134
1339327.3.peg.4220.site.9, 1, 135, 136
1339327.3.peg.4220.site.10, 14, 136, 150
1339327.3.peg.4220.site.11, 4, 135, 139
1339327.3.peg.4220.site.12, 0, 130, 130
1339327.3.peg.4220.site.13, 33, 129, 162
1339327.3.peg.4220.site.14, 1, 128, 129
1339327.3.peg.4220.site.15, 0, 136, 136
1339327.3.peg.4220.site.16, 35, 135, 170
1339327.3.peg.4229.site.1, 3, 136, 139
1339327.3.peg.4229.site.2, 5, 137, 142
1339327.3.peg.4229.site.3, 0, 137, 137
1339327.3.peg.4229.site.4, 4, 137, 141
1339327.3.peg.4229.site.5, 2, 137, 139
1339327.3.peg.4229.site.6, 2, 134, 136
1339327.3.peg.4229.site.7, 4, 136, 140
1339327.3.peg.4229.site.8, 3, 135, 138
1339327.3.peg.4229.site.9, 129, 135, 264
1339327.3.peg.4229.site.10, 3, 137, 140
1339327.3.peg.4229.site.11, 13, 137, 150
1339327.3.peg.4229.site.12, 7, 136, 143
1339327.3.peg.4229.site.13, 0, 134, 134
1339327.3.peg.4229.site.14, 2, 136, 138
1339327.3.peg.4229.site.15, 7, 137, 144
1339327.3.peg.4229.site.16, 3, 137, 140
1339327.3.peg.4229.site.17, 82, 137, 219
1339327.3.peg.4229.site.18, 25, 136, 161
1339327.3.peg.4229.site.19, 2, 136, 138
1339327.3.peg.4229.site.20, 8, 136, 144
1339327.3.peg.4229.site.21, 5, 136, 141
1339327.3.peg.4229.site.22, 7, 133, 140
1339327.3.peg.4229.site.23, 1, 137, 138
1339327.3.peg.4229.site.24, 5, 137, 142
1339327.3.peg.4229.site.25, 59, 137, 196
1339327.3.peg.4229.site.26, 2, 137, 139
1339327.3.peg.4229.site.27, 3, 136, 139
1339327.3.peg.4229.site.28, 43, 136, 179
1339327.3.peg.4229.site.29, 1, 135, 136
1339327.3.peg.4229.site.30, 2, 135, 137
1339327.3.peg.4228.site.1, 14, 137, 151
1339327.3.peg.4228.site.2, 44, 136, 180
1339327.3.peg.4228.site.3, 10, 136, 146
1339327.3.peg.4228.site.4, 10, 134, 144
1339327.3.peg.4228.site.5, 11, 135, 146
1339327.3.peg.4228.site.6, 0, 136, 136
1339327.3.peg.4228.site.7, 4, 137, 141
1339327.3.peg.4228.site.8, 7, 136, 143
1339327.3.peg.4228.site.9, 4, 136, 140
1339327.3.peg.4228.site.10, 11, 136, 147
1339327.3.peg.4228.site.11, 0, 137, 137
1339327.3.peg.4228.site.12, 12, 136, 148
1339327.3.peg.4228.site.13, 64, 136, 200
1339327.3.peg.4228.site.14, 1, 135, 136
1339327.3.peg.4228.site.15, 40, 134, 174
1339327.3.peg.4228.site.16, 16, 130, 146
1339327.3.peg.4228.site.17, 16, 132, 148
1339327.3.peg.4228.site.18, 127, 133, 260
1339327.3.peg.4228.site.19, 31, 135, 166
1339327.3.peg.4228.site.20, 11, 137, 148
1339327.3.peg.4228.site.21, 3, 134, 137
1339327.3.peg.4228.site.22, 0, 131, 131
1339327.3.peg.4228.site.23, 0, 137, 137
1339327.3.peg.4228.site.24, 20, 137, 157
1339327.3.peg.5051.site.1, 11, 137, 148
1339327.3.peg.5051.site.2, 11, 137, 148
1339327.3.peg.5051.site.3, 1, 137, 138
1339327.3.peg.5051.site.4, 88, 137, 225
1339327.3.peg.4645.site.1, 0, 137, 137
1339327.3.peg.4645.site.2, 3, 130, 133
1339327.3.peg.728.site.1, 23, 104, 127
1339327.3.peg.728.site.2, 1, 111, 112
1339327.3.peg.728.site.3, 3, 132, 135
1339327.3.peg.728.site.4, 11, 132, 143
1339327.3.peg.728.site.5, 68, 131, 199
1339327.3.peg.728.site.6, 7, 132, 139
1339327.3.peg.728.site.7, 6, 132, 138
1339327.3.peg.728.site.8, 10, 132, 142
1339327.3.peg.728.site.9, 0, 130, 130
1339327.3.peg.728.site.10, 0, 119, 119
1339327.3.peg.728.site.11, 0, 119, 119
1339327.3.peg.728.site.12, 0, 124, 124
1339327.3.peg.728.site.13, 8, 120, 128
1339327.3.peg.728.site.14, 4, 129, 133
1339327.3.peg.728.site.15, 30, 122, 152
1339327.3.peg.728.site.16, 0, 123, 123
1339327.3.peg.728.site.17, 0, 121, 121
1339327.3.peg.728.site.18, 38, 119, 157
1339327.3.peg.728.site.19, 0, 132, 132
1339327.3.peg.728.site.20, 9, 131, 140
1339327.3.peg.728.site.21, 9, 132, 141
1339327.3.peg.728.site.22, 126, 132, 258
1339327.3.peg.728.site.23, 10, 124, 134
1339327.3.peg.728.site.24, 0, 126, 126
1339327.3.peg.728.site.25, 0, 131, 131
1339327.3.peg.728.site.26, 7, 133, 140
1339327.3.peg.728.site.27, 7, 132, 139
1339327.3.peg.723.site.1, 16, 58, 74
1339327.3.peg.4557.site.1, 15, 136, 151
1339327.3.peg.4557.site.2, 0, 136, 136
1339327.3.peg.4557.site.3, 30, 137, 167
1339327.3.peg.1476.site.1, 13, 137, 150
1339327.3.peg.1476.site.2, 15, 137, 152
1339327.3.peg.1476.site.3, 1, 137, 138
1339327.3.peg.1476.site.4, 9, 136, 145
1339327.3.peg.1476.site.5, 13, 136, 149
1339327.3.peg.1476.site.6, 11, 137, 148
1339327.3.peg.1476.site.7, 0, 136, 136
1339327.3.peg.1476.site.8, 0, 134, 134
1339327.3.peg.1476.site.9, 0, 134, 134
1339327.3.peg.1476.site.10, 2, 137, 139
1339327.3.peg.1476.site.11, 0, 136, 136
1339327.3.peg.1476.site.12, 0, 135, 135
1339327.3.peg.1476.site.13, 0, 137, 137
1339327.3.peg.1476.site.14, 0, 135, 135
1339327.3.peg.1476.site.15, 4, 135, 139
1339327.3.peg.1476.site.16, 5, 136, 141
1339327.3.peg.1476.site.17, 13, 135, 148
1339327.3.peg.1476.site.18, 0, 136, 136
1339327.3.peg.1476.site.19, 3, 96, 99
1339327.3.peg.1476.site.20, 4, 100, 104
1339327.3.peg.1476.site.21, 4, 106, 110
1339327.3.peg.1476.site.22, 29, 137, 166
1339327.3.peg.1476.site.23, 11, 136, 147
1339327.3.peg.4551.site.1, 1, 136, 137
1339327.3.peg.4551.site.2, 3, 135, 138
1339327.3.peg.4551.site.3, 43, 136, 179
1339327.3.peg.4551.site.4, 13, 135, 148
1339327.3.peg.4551.site.5, 1, 136, 137
1339327.3.peg.4551.site.6, 0, 137, 137
1339327.3.peg.4551.site.7, 3, 132, 135
1339327.3.peg.4551.site.8, 7, 135, 142
1339327.3.peg.4551.site.9, 34, 133, 167
1339327.3.peg.4551.site.10, 5, 135, 140
1339327.3.peg.4551.site.11, 60, 136, 196
1339327.3.peg.4551.site.12, 0, 136, 136
1339327.3.peg.4551.site.13, 5, 135, 140
1339327.3.peg.4551.site.14, 106, 137, 243
1339327.3.peg.4551.site.15, 131, 137, 268
1339327.3.peg.4551.site.16, 42, 137, 179
1339327.3.peg.4551.site.17, 0, 137, 137
1339327.3.peg.4551.site.18, 4, 135, 139
1339327.3.peg.4551.site.19, 126, 135, 261
1339327.3.peg.4551.site.20, 2, 136, 138
1339327.3.peg.4551.site.21, 5, 136, 141
1339327.3.peg.4551.site.22, 0, 137, 137
1339327.3.peg.4551.site.23, 9, 136, 145
1339327.3.peg.4551.site.24, 26, 136, 162
1339327.3.peg.4551.site.25, 7, 137, 144
1339327.3.peg.4551.site.26, 0, 137, 137
1339327.3.peg.4551.site.27, 49, 136, 185
1339327.3.peg.4551.site.28, 69, 137, 206
1339327.3.peg.4551.site.29, 61, 136, 197
1339327.3.peg.4551.site.30, 0, 135, 135
1339327.3.peg.4551.site.31, 2, 135, 137
1339327.3.peg.4551.site.32, 2, 136, 138
1339327.3.peg.4551.site.33, 0, 135, 135
1339327.3.peg.2651.site.1, 2, 131, 133
1339327.3.peg.2651.site.2, 7, 135, 142
1339327.3.peg.2651.site.3, 22, 133, 155
1339327.3.peg.2651.site.4, 4, 135, 139
1339327.3.peg.2651.site.5, 3, 135, 138
1339327.3.peg.2651.site.6, 2, 135, 137
1339327.3.peg.2651.site.7, 13, 132, 145
1339327.3.peg.2651.site.8, 4, 131, 135
1339327.3.peg.2651.site.9, 25, 121, 146
1339327.3.peg.2651.site.10, 0, 54, 54
1339327.3.peg.2651.site.11, 2, 51, 53
1339327.3.peg.2651.site.12, 2, 100, 102
1339327.3.peg.2651.site.13, 0, 111, 111
1339327.3.peg.2651.site.14, 4, 123, 127
1339327.3.peg.2651.site.15, 5, 135, 140
1339327.3.peg.2651.site.16, 29, 135, 164
1339327.3.peg.2651.site.17, 2, 135, 137
1339327.3.peg.2651.site.18, 59, 136, 195
1339327.3.peg.2651.site.19, 58, 134, 192
1339327.3.peg.2651.site.20, 2, 135, 137
1339327.3.peg.2651.site.21, 20, 131, 151
1339327.3.peg.2651.site.22, 11, 131, 142
1339327.3.peg.2651.site.23, 4, 132, 136
1339327.3.peg.2651.site.24, 1, 134, 135
1339327.3.peg.2651.site.25, 1, 135, 136
1339327.3.peg.2651.site.26, 3, 136, 139
1339327.3.peg.2651.site.27, 14, 136, 150
1339327.3.peg.2651.site.28, 0, 135, 135
1339327.3.peg.2651.site.29, 15, 134, 149
1339327.3.peg.2651.site.30, 111, 136, 247
1339327.3.peg.2651.site.31, 19, 134, 153
1339327.3.peg.2651.site.32, 0, 134, 134
1339327.3.peg.2651.site.33, 15, 135, 150
1339327.3.peg.2651.site.34, 53, 136, 189
1339327.3.peg.2651.site.35, 46, 136, 182
1339327.3.peg.2651.site.36, 7, 135, 142
1339327.3.peg.2651.site.37, 44, 136, 180
1339327.3.peg.2651.site.38, 8, 135, 143
1339327.3.peg.2651.site.39, 5, 134, 139
1339327.3.peg.2651.site.40, 11, 134, 145
1339327.3.peg.2651.site.41, 47, 136, 183
1339327.3.peg.2651.site.42, 1, 135, 136
1339327.3.peg.2651.site.43, 71, 119, 190
1339327.3.peg.2651.site.44, 12, 125, 137
1339327.3.peg.2651.site.45, 13, 134, 147
1339327.3.peg.2651.site.46, 18, 137, 155
1339327.3.peg.2651.site.47, 22, 137, 159
1339327.3.peg.2651.site.48, 3, 134, 137
1339327.3.peg.2651.site.49, 5, 136, 141
1339327.3.peg.2651.site.50, 2, 121, 123
1339327.3.peg.2651.site.51, 4, 119, 123
1339327.3.peg.2651.site.52, 9, 122, 131
1339327.3.peg.2651.site.53, 73, 124, 197
1339327.3.peg.2651.site.54, 7, 130, 137
1339327.3.peg.2651.site.55, 1, 132, 133
1339327.3.peg.2652.site.1, 3, 137, 140
1339327.3.peg.2652.site.2, 31, 133, 164
1339327.3.peg.2652.site.3, 3, 111, 114
1339327.3.peg.2652.site.4, 3, 123, 126
1339327.3.peg.2652.site.5, 32, 129, 161
1339327.3.peg.2652.site.6, 9, 129, 138
1339327.3.peg.2652.site.7, 110, 129, 239
1339327.3.peg.2652.site.8, 0, 129, 129
1339327.3.peg.2652.site.9, 108, 125, 233
1339327.3.peg.2652.site.10, 3, 124, 127
1339327.3.peg.2652.site.11, 32, 124, 156
1339327.3.peg.2652.site.12, 8, 94, 102
1339327.3.peg.2652.site.13, 14, 94, 108
1339327.3.peg.2652.site.14, 1, 97, 98
1339327.3.peg.2652.site.15, 17, 118, 135
1339327.3.peg.2652.site.16, 0, 120, 120
1339327.3.peg.2652.site.17, 6, 117, 123
1339327.3.peg.2652.site.18, 32, 129, 161
1339327.3.peg.2652.site.19, 7, 130, 137
1339327.3.peg.2652.site.20, 16, 129, 145
1339327.3.peg.2652.site.21, 7, 121, 128
1339327.3.peg.2652.site.22, 3, 123, 126
1339327.3.peg.2652.site.23, 3, 120, 123
1339327.3.peg.2652.site.24, 7, 94, 101
1339327.3.peg.2652.site.25, 2, 125, 127
1339327.3.peg.2652.site.26, 71, 123, 194
1339327.3.peg.2652.site.27, 4, 131, 135
1339327.3.peg.2652.site.28, 3, 133, 136
1339327.3.peg.2652.site.29, 4, 132, 136
1339327.3.peg.2652.site.30, 3, 125, 128
1339327.3.peg.2652.site.31, 104, 110, 214
1339327.3.peg.4552.site.1, 4, 136, 140
1339327.3.peg.4552.site.2, 0, 137, 137
1339327.3.peg.4552.site.3, 0, 136, 136
1339327.3.peg.4552.site.4, 66, 136, 202
1339327.3.peg.4552.site.5, 12, 135, 147
1339327.3.peg.4552.site.6, 2, 137, 139
1339327.3.peg.1057.site.1, 2, 137, 139
1339327.3.peg.1057.site.2, 65, 137, 202
1339327.3.peg.1057.site.3, 17, 137, 154
1339327.3.peg.1057.site.4, 106, 137, 243
1339327.3.peg.1057.site.5, 59, 136, 195
1339327.3.peg.1057.site.6, 1, 136, 137
1339327.3.peg.1057.site.7, 2, 136, 138
1339327.3.peg.1057.site.8, 0, 137, 137
1339327.3.peg.1057.site.9, 42, 137, 179
1339327.3.peg.1057.site.10, 10, 137, 147
1339327.3.peg.1057.site.11, 0, 137, 137
1339327.3.peg.1056.site.1, 0, 136, 136
1339327.3.peg.1056.site.2, 2, 137, 139
1339327.3.peg.1056.site.3, 48, 137, 185
1339327.3.peg.1056.site.4, 29, 135, 164
1339327.3.peg.1056.site.5, 0, 135, 135
1339327.3.peg.1056.site.6, 0, 137, 137
1339327.3.peg.1056.site.7, 112, 137, 249
1339327.3.peg.1056.site.8, 15, 137, 152
1339327.3.peg.1056.site.9, 30, 137, 167
1339327.3.peg.1056.site.10, 3, 137, 140
1339327.3.peg.1056.site.11, 5, 136, 141
1339327.3.peg.1056.site.12, 95, 136, 231
1339327.3.peg.1056.site.13, 101, 136, 237
1339327.3.peg.1056.site.14, 37, 136, 173
1339327.3.peg.1056.site.15, 2, 137, 139
1339327.3.peg.1056.site.16, 1, 137, 138
1339327.3.peg.1056.site.17, 42, 137, 179
1339327.3.peg.1056.site.18, 0, 137, 137
1339327.3.peg.1056.site.19, 48, 137, 185
1339327.3.peg.1056.site.20, 105, 136, 241
1339327.3.peg.1056.site.21, 2, 137, 139
1339327.3.peg.1056.site.22, 34, 137, 171
1339327.3.peg.1056.site.23, 77, 137, 214
1339327.3.peg.1056.site.24, 20, 135, 155
1339327.3.peg.1056.site.25, 45, 136, 181
1339327.3.peg.1056.site.26, 15, 137, 152
1339327.3.peg.1056.site.27, 3, 135, 138
1339327.3.peg.1056.site.28, 0, 136, 136
1339327.3.peg.1056.site.29, 113, 137, 250
1339327.3.peg.1056.site.30, 17, 137, 154
1339327.3.peg.1056.site.31, 16, 136, 152
1339327.3.peg.1056.site.32, 21, 137, 158
1339327.3.peg.1056.site.33, 2, 136, 138
1339327.3.peg.1056.site.34, 116, 137, 253
1339327.3.peg.1056.site.35, 13, 137, 150
1339327.3.peg.1055.site.1, 25, 137, 162
1339327.3.peg.1055.site.2, 3, 137, 140
1339327.3.peg.1055.site.3, 5, 137, 142
1339327.3.peg.1055.site.4, 8, 137, 145
1339327.3.peg.1055.site.5, 1, 137, 138
1339327.3.peg.1055.site.6, 24, 137, 161
1339327.3.peg.1055.site.7, 24, 137, 161
1339327.3.peg.1055.site.8, 131, 131, 262
1339327.3.peg.1055.site.9, 48, 136, 184
1339327.3.peg.1055.site.10, 6, 134, 140
1339327.3.peg.1055.site.11, 5, 136, 141
1339327.3.peg.1055.site.12, 0, 137, 137
1339327.3.peg.1055.site.13, 3, 135, 138
1339327.3.peg.1055.site.14, 38, 134, 172
1339327.3.peg.1055.site.15, 29, 136, 165
1339327.3.peg.1055.site.16, 4, 136, 140
1339327.3.peg.1055.site.17, 0, 137, 137
1339327.3.peg.1055.site.18, 7, 134, 141
1339327.3.peg.1055.site.19, 3, 137, 140
1339327.3.peg.1055.site.20, 10, 136, 146
1339327.3.peg.1055.site.21, 27, 136, 163
1339327.3.peg.1054.site.1, 5, 135, 140
1339327.3.peg.1054.site.2, 3, 135, 138
1339327.3.peg.1054.site.3, 3, 136, 139
1339327.3.peg.1054.site.4, 0, 137, 137
1339327.3.peg.1054.site.5, 8, 137, 145
1339327.3.peg.1054.site.6, 5, 137, 142
1339327.3.peg.1054.site.7, 22, 137, 159
1339327.3.peg.1054.site.8, 10, 136, 146
1339327.3.peg.1054.site.9, 22, 136, 158
1339327.3.peg.1054.site.10, 2, 137, 139
1339327.3.peg.1054.site.11, 0, 137, 137
1339327.3.peg.1054.site.12, 4, 136, 140
1339327.3.peg.1054.site.13, 5, 137, 142
1339327.3.peg.1054.site.14, 2, 137, 139
1339327.3.peg.1053.site.1, 1, 137, 138
1339327.3.peg.1053.site.2, 0, 137, 137
1339327.3.peg.1053.site.3, 2, 136, 138
1339327.3.peg.1053.site.4, 12, 137, 149
1339327.3.peg.1053.site.5, 3, 136, 139
1339327.3.peg.1053.site.6, 2, 136, 138
1339327.3.peg.1053.site.7, 2, 136, 138
1339327.3.peg.1053.site.8, 3, 137, 140
1339327.3.peg.1053.site.9, 2, 137, 139
1339327.3.peg.1053.site.10, 8, 137, 145
1339327.3.peg.1053.site.11, 0, 137, 137
1339327.3.peg.1052.site.1, 4, 137, 141
1339327.3.peg.1052.site.2, 2, 137, 139
1339327.3.peg.1052.site.3, 5, 136, 141
1339327.3.peg.1052.site.4, 3, 137, 140
1339327.3.peg.1052.site.5, 34, 137, 171
1339327.3.peg.1052.site.6, 2, 137, 139
1339327.3.peg.1052.site.7, 32, 137, 169
1339327.3.peg.1052.site.8, 110, 136, 246
1339327.3.peg.1052.site.9, 0, 135, 135
1339327.3.peg.1052.site.10, 0, 137, 137
1339327.3.peg.1052.site.11, 2, 137, 139
1339327.3.peg.1051.site.1, 1, 135, 136
1339327.3.peg.1051.site.2, 7, 134, 141
1339327.3.peg.1051.site.3, 32, 134, 166
1339327.3.peg.1051.site.4, 1, 135, 136
1339327.3.peg.1051.site.5, 18, 137, 155
1339327.3.peg.1051.site.6, 2, 137, 139
1339327.3.peg.1051.site.7, 6, 137, 143
1339327.3.peg.1051.site.8, 102, 137, 239
1339327.3.peg.1051.site.9, 60, 136, 196
1339327.3.peg.1051.site.10, 2, 135, 137
1339327.3.peg.1051.site.11, 60, 137, 197
1339327.3.peg.1051.site.12, 3, 137, 140
1339327.3.peg.1051.site.13, 20, 137, 157
1339327.3.peg.1051.site.14, 20, 135, 155
1339327.3.peg.1051.site.15, 1, 136, 137
1339327.3.peg.1050.site.1, 2, 135, 137
1339327.3.peg.1050.site.2, 0, 137, 137
1339327.3.peg.1050.site.3, 6, 135, 141
1339327.3.peg.1050.site.4, 3, 135, 138
1339327.3.peg.1050.site.5, 11, 137, 148
1339327.3.peg.1050.site.6, 2, 137, 139
1339327.3.peg.1050.site.7, 131, 137, 268
1339327.3.peg.1050.site.8, 40, 136, 176
1339327.3.peg.1050.site.9, 3, 137, 140
1339327.3.peg.1050.site.10, 29, 137, 166
1339327.3.peg.1050.site.11, 36, 137, 173
1339327.3.peg.1050.site.12, 3, 136, 139
1339327.3.peg.1050.site.13, 1, 137, 138
1339327.3.peg.1050.site.14, 5, 135, 140
1339327.3.peg.1050.site.15, 14, 133, 147
1339327.3.peg.1050.site.16, 52, 132, 184
1339327.3.peg.1050.site.17, 4, 133, 137
1339327.3.peg.4865.site.1, 0, 136, 136
1339327.3.peg.4865.site.2, 13, 137, 150
1339327.3.peg.4865.site.3, 2, 136, 138
1339327.3.peg.4865.site.4, 2, 136, 138
1339327.3.peg.4865.site.5, 3, 136, 139
1339327.3.peg.4865.site.6, 19, 136, 155
1339327.3.peg.4865.site.7, 110, 135, 245
1339327.3.peg.4865.site.8, 128, 134, 262
1339327.3.peg.4865.site.9, 8, 136, 144
1339327.3.peg.4865.site.10, 44, 136, 180
1339327.3.peg.4865.site.11, 0, 136, 136
1339327.3.peg.1059.site.1, 2, 134, 136
1339327.3.peg.1059.site.2, 4, 133, 137
1339327.3.peg.1059.site.3, 89, 133, 222
1339327.3.peg.1059.site.4, 2, 136, 138
1339327.3.peg.1059.site.5, 0, 136, 136
1339327.3.peg.1059.site.6, 6, 136, 142
1339327.3.peg.1059.site.7, 79, 137, 216
1339327.3.peg.1059.site.8, 99, 135, 234
1339327.3.peg.1059.site.9, 9, 137, 146
1339327.3.peg.1059.site.10, 1, 136, 137
1339327.3.peg.1059.site.11, 4, 137, 141
1339327.3.peg.1059.site.12, 20, 136, 156
1339327.3.peg.1059.site.13, 6, 136, 142
1339327.3.peg.1059.site.14, 0, 135, 135
1339327.3.peg.1059.site.15, 8, 137, 145
1339327.3.peg.1059.site.16, 94, 137, 231
1339327.3.peg.1059.site.17, 19, 136, 155
1339327.3.peg.1058.site.1, 3, 137, 140
1339327.3.peg.1058.site.2, 47, 137, 184
1339327.3.peg.1058.site.3, 89, 137, 226
1339327.3.peg.1058.site.4, 58, 137, 195
1339327.3.peg.1058.site.5, 15, 135, 150
1339327.3.peg.1058.site.6, 46, 135, 181
1339327.3.peg.1058.site.7, 3, 136, 139
1339327.3.peg.1058.site.8, 0, 137, 137
1339327.3.peg.1058.site.9, 1, 136, 137
1339327.3.peg.1058.site.10, 3, 137, 140
1339327.3.peg.1058.site.11, 4, 137, 141
1339327.3.peg.5156.site.1, 0, 135, 135
1339327.3.peg.5156.site.2, 0, 135, 135
1339327.3.peg.5156.site.3, 2, 136, 138
1339327.3.peg.5156.site.4, 121, 136, 257
1339327.3.peg.5156.site.5, 3, 135, 138
1339327.3.peg.5156.site.6, 3, 137, 140
1339327.3.peg.5156.site.7, 3, 137, 140
1339327.3.peg.5156.site.8, 0, 137, 137
1339327.3.peg.5156.site.9, 35, 136, 171
1339327.3.peg.5156.site.10, 3, 136, 139
1339327.3.peg.5156.site.11, 5, 136, 141
1339327.3.peg.5156.site.12, 0, 136, 136
1339327.3.peg.5156.site.13, 4, 135, 139
1339327.3.peg.5156.site.14, 107, 137, 244
1339327.3.peg.5156.site.15, 12, 137, 149
1339327.3.peg.5156.site.16, 1, 137, 138
1339327.3.peg.5156.site.17, 1, 136, 137
1339327.3.peg.5156.site.18, 0, 134, 134
1339327.3.peg.5156.site.19, 1, 136, 137
1339327.3.peg.5156.site.20, 118, 134, 252
1339327.3.peg.5157.site.1, 1, 137, 138
1339327.3.peg.5157.site.2, 126, 137, 263
1339327.3.peg.5157.site.3, 1, 137, 138
1339327.3.peg.5157.site.4, 6, 137, 143
1339327.3.peg.5157.site.5, 13, 137, 150
1339327.3.peg.5157.site.6, 0, 135, 135
1339327.3.peg.5157.site.7, 0, 136, 136
1339327.3.peg.5157.site.8, 8, 137, 145
1339327.3.peg.5157.site.9, 1, 137, 138
1339327.3.peg.5154.site.1, 7, 136, 143
1339327.3.peg.5154.site.2, 88, 136, 224
1339327.3.peg.5154.site.3, 1, 136, 137
1339327.3.peg.5154.site.4, 0, 136, 136
1339327.3.peg.5154.site.5, 16, 137, 153
1339327.3.peg.5154.site.6, 18, 137, 155
1339327.3.peg.5154.site.7, 2, 136, 138
1339327.3.peg.5154.site.8, 109, 137, 246
1339327.3.peg.5154.site.9, 11, 135, 146
1339327.3.peg.5154.site.10, 0, 136, 136
1339327.3.peg.5154.site.11, 7, 135, 142
1339327.3.peg.5155.site.1, 0, 136, 136
1339327.3.peg.5155.site.2, 2, 137, 139
1339327.3.peg.5155.site.3, 9, 137, 146
1339327.3.peg.5155.site.4, 33, 137, 170
1339327.3.peg.5155.site.5, 1, 137, 138
1339327.3.peg.5155.site.6, 1, 137, 138
1339327.3.peg.5155.site.7, 2, 137, 139
1339327.3.peg.5155.site.8, 7, 137, 144
1339327.3.peg.5155.site.9, 14, 136, 150
1339327.3.peg.5155.site.10, 65, 136, 201
1339327.3.peg.5155.site.11, 0, 136, 136
1339327.3.peg.5155.site.12, 110, 135, 245
1339327.3.peg.5155.site.13, 6, 135, 141
1339327.3.peg.5155.site.14, 0, 136, 136
1339327.3.peg.5155.site.15, 5, 135, 140
1339327.3.peg.5155.site.16, 8, 135, 143
1339327.3.peg.5155.site.17, 3, 136, 139
1339327.3.peg.5155.site.18, 3, 137, 140
1339327.3.peg.5155.site.19, 12, 137, 149
1339327.3.peg.5155.site.20, 0, 135, 135
1339327.3.peg.5155.site.21, 0, 137, 137
1339327.3.peg.5155.site.22, 0, 136, 136
1339327.3.peg.5155.site.23, 2, 135, 137
1339327.3.peg.5152.site.1, 3, 137, 140
1339327.3.peg.5152.site.2, 19, 137, 156
1339327.3.peg.5152.site.3, 24, 137, 161
1339327.3.peg.5152.site.4, 2, 137, 139
1339327.3.peg.5153.site.1, 5, 137, 142
1339327.3.peg.5153.site.2, 20, 134, 154
1339327.3.peg.5153.site.3, 3, 135, 138
1339327.3.peg.5153.site.4, 2, 136, 138
1339327.3.peg.5153.site.5, 3, 137, 140
1339327.3.peg.5153.site.6, 1, 135, 136
1339327.3.peg.5153.site.7, 3, 136, 139
1339327.3.peg.5153.site.8, 2, 136, 138
1339327.3.peg.5153.site.9, 3, 136, 139
1339327.3.peg.5153.site.10, 14, 136, 150
1339327.3.peg.5153.site.11, 8, 136, 144
1339327.3.peg.5153.site.12, 0, 136, 136
1339327.3.peg.5153.site.13, 72, 137, 209
1339327.3.peg.5153.site.14, 56, 136, 192
1339327.3.peg.5153.site.15, 17, 136, 153
1339327.3.peg.5150.site.1, 5, 134, 139
1339327.3.peg.5150.site.2, 12, 134, 146
1339327.3.peg.5150.site.3, 3, 133, 136
1339327.3.peg.5150.site.4, 5, 133, 138
1339327.3.peg.5150.site.5, 1, 133, 134
1339327.3.peg.5150.site.6, 6, 132, 138
1339327.3.peg.5150.site.7, 3, 134, 137
1339327.3.peg.5150.site.8, 0, 134, 134
1339327.3.peg.5150.site.9, 1, 134, 135
1339327.3.peg.5150.site.10, 0, 133, 133
1339327.3.peg.5151.site.1, 7, 135, 142
1339327.3.peg.5151.site.2, 82, 135, 217
1339327.3.peg.5151.site.3, 1, 135, 136
1339327.3.peg.5151.site.4, 5, 135, 140
1339327.3.peg.5151.site.5, 19, 134, 153
1339327.3.peg.5151.site.6, 5, 135, 140
1339327.3.peg.5151.site.7, 1, 135, 136
1339327.3.peg.5158.site.1, 0, 137, 137
1339327.3.peg.5158.site.2, 19, 137, 156
1339327.3.peg.5158.site.3, 4, 137, 141
1339327.3.peg.5158.site.4, 5, 137, 142
1339327.3.peg.5158.site.5, 11, 136, 147
1339327.3.peg.5158.site.6, 63, 136, 199
1339327.3.peg.5158.site.7, 0, 134, 134
1339327.3.peg.5158.site.8, 1, 134, 135
1339327.3.peg.5158.site.9, 14, 137, 151
1339327.3.peg.5158.site.10, 1, 137, 138
1339327.3.peg.5158.site.11, 20, 136, 156
1339327.3.peg.5158.site.12, 3, 135, 138
1339327.3.peg.5158.site.13, 2, 136, 138
1339327.3.peg.5159.site.1, 106, 137, 243
1339327.3.peg.5159.site.2, 23, 137, 160
1339327.3.peg.5159.site.3, 68, 137, 205
1339327.3.peg.5159.site.4, 10, 136, 146
1339327.3.peg.1691.site.1, 0, 134, 134
1339327.3.peg.1691.site.2, 5, 136, 141
1339327.3.peg.1691.site.3, 4, 137, 141
1339327.3.peg.1691.site.4, 3, 137, 140
1339327.3.peg.1691.site.5, 3, 137, 140
1339327.3.peg.1691.site.6, 12, 137, 149
1339327.3.peg.1691.site.7, 8, 136, 144
1339327.3.peg.1691.site.8, 6, 136, 142
1339327.3.peg.1691.site.9, 11, 135, 146
1339327.3.peg.1691.site.10, 4, 136, 140
1339327.3.peg.1691.site.11, 61, 137, 198
1339327.3.peg.1691.site.12, 1, 137, 138
1339327.3.peg.1691.site.13, 0, 137, 137
1339327.3.peg.1691.site.14, 0, 135, 135
1339327.3.peg.1690.site.1, 0, 137, 137
1339327.3.peg.1690.site.2, 37, 136, 173
1339327.3.peg.1690.site.3, 3, 135, 138
1339327.3.peg.1690.site.4, 36, 134, 170
1339327.3.peg.1690.site.5, 3, 135, 138
1339327.3.peg.1690.site.6, 11, 136, 147
1339327.3.peg.1690.site.7, 1, 136, 137
1339327.3.peg.1690.site.8, 5, 137, 142
1339327.3.peg.1690.site.9, 0, 135, 135
1339327.3.peg.1690.site.10, 16, 136, 152
1339327.3.peg.1693.site.1, 2, 137, 139
1339327.3.peg.1693.site.2, 44, 134, 178
1339327.3.peg.1693.site.3, 1, 136, 137
1339327.3.peg.1693.site.4, 53, 136, 189
1339327.3.peg.1693.site.5, 70, 136, 206
1339327.3.peg.1693.site.6, 2, 135, 137
1339327.3.peg.1693.site.7, 119, 132, 251
1339327.3.peg.1693.site.8, 2, 137, 139
1339327.3.peg.1693.site.9, 6, 136, 142
1339327.3.peg.1692.site.1, 1, 136, 137
1339327.3.peg.1692.site.2, 1, 137, 138
1339327.3.peg.1692.site.3, 11, 137, 148
1339327.3.peg.1692.site.4, 4, 137, 141
1339327.3.peg.1692.site.5, 95, 137, 232
1339327.3.peg.1692.site.6, 6, 137, 143
1339327.3.peg.1692.site.7, 12, 137, 149
1339327.3.peg.1692.site.8, 0, 137, 137
1339327.3.peg.1692.site.9, 1, 135, 136
1339327.3.peg.1695.site.1, 2, 135, 137
1339327.3.peg.1695.site.2, 36, 136, 172
1339327.3.peg.1695.site.3, 0, 137, 137
1339327.3.peg.1695.site.4, 2, 136, 138
1339327.3.peg.1695.site.5, 9, 136, 145
1339327.3.peg.1695.site.6, 5, 137, 142
1339327.3.peg.1695.site.7, 9, 135, 144
1339327.3.peg.1695.site.8, 10, 137, 147
1339327.3.peg.1695.site.9, 49, 137, 186
1339327.3.peg.1695.site.10, 0, 137, 137
1339327.3.peg.1695.site.11, 19, 135, 154
1339327.3.peg.1695.site.12, 2, 134, 136
1339327.3.peg.1695.site.13, 132, 137, 269
1339327.3.peg.1697.site.1, 59, 137, 196
1339327.3.peg.1697.site.2, 30, 136, 166
1339327.3.peg.1696.site.1, 35, 134, 169
1339327.3.peg.1696.site.2, 3, 135, 138
1339327.3.peg.1696.site.3, 0, 134, 134
1339327.3.peg.1696.site.4, 2, 135, 137
1339327.3.peg.1696.site.5, 2, 136, 138
1339327.3.peg.1696.site.6, 2, 134, 136
1339327.3.peg.1696.site.7, 0, 135, 135
1339327.3.peg.1696.site.8, 0, 134, 134
1339327.3.peg.1696.site.9, 10, 135, 145
1339327.3.peg.1696.site.10, 3, 134, 137
1339327.3.peg.3439.site.1, 127, 133, 260
1339327.3.peg.3439.site.2, 1, 137, 138
1339327.3.peg.3439.site.3, 1, 136, 137
1339327.3.peg.3439.site.4, 1, 136, 137
1339327.3.peg.3439.site.5, 3, 136, 139
1339327.3.peg.3439.site.6, 3, 135, 138
1339327.3.peg.3439.site.7, 3, 136, 139
1339327.3.peg.3439.site.8, 2, 135, 137
1339327.3.peg.3439.site.9, 5, 136, 141
1339327.3.peg.3439.site.10, 28, 135, 163
1339327.3.peg.3438.site.1, 0, 133, 133
1339327.3.peg.3438.site.2, 13, 134, 147
1339327.3.peg.3438.site.3, 3, 135, 138
1339327.3.peg.3438.site.4, 0, 135, 135
1339327.3.peg.3438.site.5, 11, 137, 148
1339327.3.peg.3436.site.1, 1, 133, 134
1339327.3.peg.3436.site.2, 14, 134, 148
1339327.3.peg.3436.site.3, 2, 135, 137
1339327.3.peg.3436.site.4, 0, 135, 135
1339327.3.peg.3436.site.5, 0, 136, 136
1339327.3.peg.3436.site.6, 9, 136, 145
1339327.3.peg.3436.site.7, 23, 136, 159
1339327.3.peg.3436.site.8, 17, 133, 150
1339327.3.peg.3436.site.9, 0, 137, 137
1339327.3.peg.3436.site.10, 108, 137, 245
1339327.3.peg.3436.site.11, 2, 135, 137
1339327.3.peg.3435.site.1, 0, 133, 133
1339327.3.peg.3435.site.2, 0, 129, 129
1339327.3.peg.3435.site.3, 0, 134, 134
1339327.3.peg.3435.site.4, 0, 136, 136
1339327.3.peg.3435.site.5, 78, 133, 211
1339327.3.peg.3435.site.6, 62, 129, 191
1339327.3.peg.3434.site.1, 8, 134, 142
1339327.3.peg.3434.site.2, 5, 136, 141
1339327.3.peg.3434.site.3, 2, 133, 135
1339327.3.peg.3434.site.4, 107, 126, 233
1339327.3.peg.3434.site.5, 4, 128, 132
1339327.3.peg.3434.site.6, 12, 137, 149
1339327.3.peg.3434.site.7, 10, 136, 146
1339327.3.peg.3434.site.8, 4, 134, 138
1339327.3.peg.3434.site.9, 27, 136, 163
1339327.3.peg.3433.site.1, 130, 137, 267
1339327.3.peg.3433.site.2, 44, 136, 180
1339327.3.peg.3433.site.3, 8, 137, 145
1339327.3.peg.3433.site.4, 11, 135, 146
1339327.3.peg.3433.site.5, 7, 137, 144
1339327.3.peg.3433.site.6, 7, 136, 143
1339327.3.peg.3431.site.1, 1, 133, 134
1339327.3.peg.3431.site.2, 0, 136, 136
1339327.3.peg.3431.site.3, 8, 136, 144
1339327.3.peg.3431.site.4, 39, 137, 176
1339327.3.peg.3431.site.5, 3, 137, 140
1339327.3.peg.3431.site.6, 5, 137, 142
1339327.3.peg.3431.site.7, 57, 133, 190
1339327.3.peg.3431.site.8, 112, 135, 247
1339327.3.peg.3431.site.9, 2, 135, 137
1339327.3.peg.3431.site.10, 0, 136, 136
1339327.3.peg.3431.site.11, 2, 135, 137
1339327.3.peg.3431.site.12, 4, 135, 139
1339327.3.peg.3431.site.13, 2, 136, 138
1339327.3.peg.3431.site.14, 1, 136, 137
1339327.3.peg.3431.site.15, 2, 137, 139
1339327.3.peg.3431.site.16, 2, 136, 138
1339327.3.peg.3431.site.17, 0, 137, 137
1339327.3.peg.3430.site.1, 1, 133, 134
1339327.3.peg.3430.site.2, 15, 132, 147
1339327.3.peg.3430.site.3, 3, 135, 138
1339327.3.peg.3430.site.4, 4, 137, 141
1339327.3.peg.3430.site.5, 14, 131, 145
1339327.3.peg.1458.site.1, 25, 137, 162
1339327.3.peg.1458.site.2, 11, 137, 148
1339327.3.peg.1458.site.3, 4, 137, 141
1339327.3.peg.1458.site.4, 0, 137, 137
1339327.3.peg.1458.site.5, 0, 136, 136
1339327.3.peg.1458.site.6, 0, 137, 137
1339327.3.peg.1458.site.7, 3, 137, 140
1339327.3.peg.1458.site.8, 0, 132, 132
1339327.3.peg.1458.site.9, 15, 134, 149
1339327.3.peg.1458.site.10, 39, 137, 176
1339327.3.peg.1458.site.11, 7, 137, 144
1339327.3.peg.1458.site.12, 76, 137, 213
1339327.3.peg.1458.site.13, 15, 135, 150
1339327.3.peg.1458.site.14, 5, 137, 142
1339327.3.peg.1458.site.15, 0, 136, 136
1339327.3.peg.1458.site.16, 3, 136, 139
1339327.3.peg.1458.site.17, 11, 137, 148
1339327.3.peg.1453.site.1, 2, 136, 138
1339327.3.peg.1453.site.2, 4, 136, 140
1339327.3.peg.1453.site.3, 98, 135, 233
1339327.3.peg.1453.site.4, 72, 134, 206
1339327.3.peg.1453.site.5, 45, 135, 180
1339327.3.peg.1453.site.6, 1, 135, 136
1339327.3.peg.1453.site.7, 4, 136, 140
1339327.3.peg.1452.site.1, 1, 136, 137
1339327.3.peg.1452.site.2, 2, 136, 138
1339327.3.peg.1452.site.3, 1, 135, 136
1339327.3.peg.1452.site.4, 2, 136, 138
1339327.3.peg.1452.site.5, 117, 134, 251
1339327.3.peg.1452.site.6, 18, 136, 154
1339327.3.peg.1452.site.7, 23, 136, 159
1339327.3.peg.1452.site.8, 19, 134, 153
1339327.3.peg.1452.site.9, 97, 136, 233
1339327.3.peg.1452.site.10, 3, 136, 139
1339327.3.peg.1452.site.11, 0, 137, 137
1339327.3.peg.1452.site.12, 1, 136, 137
1339327.3.peg.1452.site.13, 57, 136, 193
1339327.3.peg.1452.site.14, 91, 136, 227
1339327.3.peg.1451.site.1, 5, 137, 142
1339327.3.peg.1451.site.2, 1, 136, 137
1339327.3.peg.1450.site.1, 1, 137, 138
1339327.3.peg.1450.site.2, 1, 135, 136
1339327.3.peg.1450.site.3, 2, 136, 138
1339327.3.peg.1450.site.4, 5, 136, 141
1339327.3.peg.1450.site.5, 1, 137, 138
1339327.3.peg.1450.site.6, 89, 131, 220
1339327.3.peg.1450.site.7, 1, 136, 137
1339327.3.peg.1450.site.8, 87, 134, 221
1339327.3.peg.1450.site.9, 1, 134, 135
1339327.3.peg.1450.site.10, 4, 134, 138
1339327.3.peg.1450.site.11, 26, 136, 162
1339327.3.peg.1450.site.12, 13, 122, 135
1339327.3.peg.1450.site.13, 71, 122, 193
1339327.3.peg.1450.site.14, 93, 134, 227
1339327.3.peg.1450.site.15, 95, 135, 230
1339327.3.peg.1450.site.16, 1, 134, 135
1339327.3.peg.1450.site.17, 9, 137, 146
1339327.3.peg.1450.site.18, 0, 137, 137
1339327.3.peg.1450.site.19, 96, 136, 232
1339327.3.peg.1450.site.20, 20, 131, 151
1339327.3.peg.1450.site.21, 67, 132, 199
1339327.3.peg.1450.site.22, 13, 136, 149
1339327.3.peg.1450.site.23, 0, 135, 135
1339327.3.peg.1457.site.1, 48, 136, 184
1339327.3.peg.1457.site.2, 11, 136, 147
1339327.3.peg.1457.site.3, 7, 137, 144
1339327.3.peg.1457.site.4, 7, 137, 144
1339327.3.peg.1457.site.5, 5, 136, 141
1339327.3.peg.1457.site.6, 3, 136, 139
1339327.3.peg.1457.site.7, 2, 137, 139
1339327.3.peg.1457.site.8, 5, 136, 141
1339327.3.peg.1457.site.9, 1, 137, 138
1339327.3.peg.1457.site.10, 0, 135, 135
1339327.3.peg.1457.site.11, 16, 137, 153
1339327.3.peg.1457.site.12, 17, 137, 154
1339327.3.peg.1457.site.13, 2, 135, 137
1339327.3.peg.1457.site.14, 1, 135, 136
1339327.3.peg.1457.site.15, 1, 135, 136
1339327.3.peg.1456.site.1, 2, 133, 135
1339327.3.peg.1456.site.2, 51, 135, 186
1339327.3.peg.1456.site.3, 1, 136, 137
1339327.3.peg.1456.site.4, 2, 137, 139
1339327.3.peg.1456.site.5, 3, 135, 138
1339327.3.peg.1456.site.6, 51, 136, 187
1339327.3.peg.1456.site.7, 0, 136, 136
1339327.3.peg.1456.site.8, 10, 134, 144
1339327.3.peg.1456.site.9, 5, 134, 139
1339327.3.peg.1456.site.10, 10, 133, 143
1339327.3.peg.1456.site.11, 83, 134, 217
1339327.3.peg.1456.site.12, 2, 132, 134
1339327.3.peg.1456.site.13, 5, 136, 141
1339327.3.peg.1456.site.14, 3, 137, 140
1339327.3.peg.1456.site.15, 2, 137, 139
1339327.3.peg.1456.site.16, 14, 136, 150
1339327.3.peg.1456.site.17, 6, 137, 143
1339327.3.peg.1456.site.18, 93, 137, 230
1339327.3.peg.1456.site.19, 3, 137, 140
1339327.3.peg.1456.site.20, 1, 137, 138
1339327.3.peg.1456.site.21, 1, 137, 138
1339327.3.peg.1456.site.22, 9, 136, 145
1339327.3.peg.1456.site.23, 21, 137, 158
1339327.3.peg.1456.site.24, 0, 133, 133
1339327.3.peg.1456.site.25, 39, 134, 173
1339327.3.peg.1456.site.26, 5, 136, 141
1339327.3.peg.1456.site.27, 38, 136, 174
1339327.3.peg.1456.site.28, 24, 137, 161
1339327.3.peg.1456.site.29, 51, 136, 187
1339327.3.peg.1456.site.30, 113, 136, 249
1339327.3.peg.1456.site.31, 120, 135, 255
1339327.3.peg.1455.site.1, 0, 136, 136
1339327.3.peg.1455.site.2, 5, 136, 141
1339327.3.peg.1455.site.3, 10, 137, 147
1339327.3.peg.1455.site.4, 11, 136, 147
1339327.3.peg.1455.site.5, 21, 136, 157
1339327.3.peg.1455.site.6, 8, 137, 145
1339327.3.peg.1455.site.7, 4, 123, 127
1339327.3.peg.1455.site.8, 1, 132, 133
1339327.3.peg.1455.site.9, 56, 136, 192
1339327.3.peg.1455.site.10, 2, 136, 138
1339327.3.peg.1455.site.11, 0, 135, 135
1339327.3.peg.1455.site.12, 2, 137, 139
1339327.3.peg.1455.site.13, 16, 137, 153
1339327.3.peg.1455.site.14, 0, 136, 136
1339327.3.peg.1455.site.15, 4, 136, 140
1339327.3.peg.1455.site.16, 0, 136, 136
1339327.3.peg.1455.site.17, 10, 134, 144
1339327.3.peg.1455.site.18, 32, 135, 167
1339327.3.peg.1455.site.19, 1, 136, 137
1339327.3.peg.1454.site.1, 20, 137, 157
1339327.3.peg.1454.site.2, 34, 133, 167
1339327.3.peg.1454.site.3, 1, 133, 134
1339327.3.peg.1454.site.4, 3, 136, 139
1339327.3.peg.1454.site.5, 38, 133, 171
1339327.3.peg.1454.site.6, 1, 134, 135
1339327.3.peg.1454.site.7, 19, 136, 155
1339327.3.peg.1454.site.8, 5, 136, 141
1339327.3.peg.1454.site.9, 12, 135, 147
1339327.3.peg.1454.site.10, 16, 136, 152
1339327.3.peg.1454.site.11, 4, 136, 140
1339327.3.peg.1454.site.12, 18, 135, 153
1339327.3.peg.2504.site.1, 38, 136, 174
1339327.3.peg.2504.site.2, 1, 137, 138
1339327.3.peg.2504.site.3, 3, 136, 139
1339327.3.peg.2504.site.4, 11, 136, 147
1339327.3.peg.2504.site.5, 57, 135, 192
1339327.3.peg.2504.site.6, 23, 135, 158
1339327.3.peg.2504.site.7, 2, 136, 138
1339327.3.peg.2505.site.1, 0, 136, 136
1339327.3.peg.2505.site.2, 115, 136, 251
1339327.3.peg.2505.site.3, 1, 137, 138
1339327.3.peg.2505.site.4, 0, 95, 95
1339327.3.peg.3322.site.1, 4, 136, 140
1339327.3.peg.3322.site.2, 2, 137, 139
1339327.3.peg.3322.site.3, 2, 136, 138
1339327.3.peg.3322.site.4, 0, 137, 137
1339327.3.peg.3322.site.5, 4, 136, 140
1339327.3.peg.3322.site.6, 5, 136, 141
1339327.3.peg.3322.site.7, 1, 137, 138
1339327.3.peg.3322.site.8, 18, 137, 155
1339327.3.peg.3322.site.9, 3, 136, 139
1339327.3.peg.3322.site.10, 3, 136, 139
1339327.3.peg.3322.site.11, 1, 137, 138
1339327.3.peg.3322.site.12, 37, 137, 174
1339327.3.peg.3322.site.13, 131, 137, 268
1339327.3.peg.3322.site.14, 69, 135, 204
1339327.3.peg.3322.site.15, 0, 135, 135
1339327.3.peg.3322.site.16, 25, 137, 162
1339327.3.peg.3322.site.17, 5, 136, 141
1339327.3.peg.3322.site.18, 1, 135, 136
1339327.3.peg.3322.site.19, 5, 130, 135
1339327.3.peg.3322.site.20, 3, 135, 138
1339327.3.peg.3322.site.21, 46, 134, 180
1339327.3.peg.3322.site.22, 3, 132, 135
1339327.3.peg.3322.site.23, 3, 137, 140
1339327.3.peg.3322.site.24, 2, 136, 138
1339327.3.peg.3322.site.25, 2, 135, 137
1339327.3.peg.3322.site.26, 40, 136, 176
1339327.3.peg.3322.site.27, 64, 137, 201
1339327.3.peg.3322.site.28, 7, 137, 144
1339327.3.peg.3322.site.29, 0, 136, 136
1339327.3.peg.3322.site.30, 2, 137, 139
1339327.3.peg.3327.site.1, 6, 137, 143
1339327.3.peg.3327.site.2, 5, 136, 141
1339327.3.peg.3327.site.3, 0, 134, 134
1339327.3.peg.3327.site.4, 0, 135, 135
1339327.3.peg.3327.site.5, 1, 136, 137
1339327.3.peg.3327.site.6, 2, 134, 136
1339327.3.peg.3327.site.7, 0, 136, 136
1339327.3.peg.3327.site.8, 36, 135, 171
1339327.3.peg.3327.site.9, 1, 136, 137
1339327.3.peg.3327.site.10, 0, 135, 135
1339327.3.peg.3327.site.11, 7, 132, 139
1339327.3.peg.3327.site.12, 112, 129, 241
1339327.3.peg.3327.site.13, 2, 131, 133
1339327.3.peg.3327.site.14, 12, 132, 144
1339327.3.peg.3327.site.15, 3, 134, 137
1339327.3.peg.3325.site.1, 0, 129, 129
1339327.3.peg.3325.site.2, 7, 131, 138
1339327.3.peg.3325.site.3, 7, 135, 142
1339327.3.peg.3325.site.4, 4, 132, 136
1339327.3.peg.3325.site.5, 1, 137, 138
1339327.3.peg.3325.site.6, 0, 137, 137
1339327.3.peg.3325.site.7, 31, 136, 167
1339327.3.peg.3325.site.8, 8, 136, 144
1339327.3.peg.3325.site.9, 0, 136, 136
1339327.3.peg.3325.site.10, 0, 135, 135
1339327.3.peg.3325.site.11, 3, 137, 140
1339327.3.peg.3325.site.12, 117, 133, 250
1339327.3.peg.3325.site.13, 7, 136, 143
1339327.3.peg.3325.site.14, 1, 136, 137
1339327.3.peg.3325.site.15, 3, 135, 138
1339327.3.peg.3325.site.16, 0, 133, 133
1339327.3.peg.3325.site.17, 0, 136, 136
1339327.3.peg.3325.site.18, 2, 135, 137
1339327.3.peg.3325.site.19, 5, 136, 141
1339327.3.peg.3325.site.20, 14, 135, 149
1339327.3.peg.3325.site.21, 4, 135, 139
1339327.3.peg.3325.site.22, 4, 135, 139
1339327.3.peg.3325.site.23, 1, 136, 137
1339327.3.peg.3325.site.24, 8, 136, 144
1339327.3.peg.3325.site.25, 0, 136, 136
1339327.3.peg.3325.site.26, 3, 135, 138
1339327.3.peg.3325.site.27, 9, 136, 145
1339327.3.peg.3325.site.28, 92, 137, 229
1339327.3.peg.3325.site.29, 122, 136, 258
1339327.3.peg.3325.site.30, 1, 135, 136
1339327.3.peg.3325.site.31, 115, 137, 252
1339327.3.peg.3325.site.32, 4, 136, 140
1339327.3.peg.3325.site.33, 0, 133, 133
1339327.3.peg.3325.site.34, 8, 132, 140
1339327.3.peg.3325.site.35, 33, 134, 167
1339327.3.peg.3325.site.36, 3, 132, 135
1339327.3.peg.3325.site.37, 6, 137, 143
1339327.3.peg.3324.site.1, 2, 133, 135
1339327.3.peg.3324.site.2, 40, 135, 175
1339327.3.peg.3324.site.3, 24, 136, 160
1339327.3.peg.3324.site.4, 1, 137, 138
1339327.3.peg.3324.site.5, 3, 136, 139
1339327.3.peg.3324.site.6, 2, 135, 137
1339327.3.peg.3324.site.7, 0, 134, 134
1339327.3.peg.3324.site.8, 3, 132, 135
1339327.3.peg.3329.site.1, 1, 136, 137
1339327.3.peg.3329.site.2, 15, 136, 151
1339327.3.peg.3329.site.3, 54, 137, 191
1339327.3.peg.3329.site.4, 3, 135, 138
1339327.3.peg.3329.site.5, 18, 136, 154
1339327.3.peg.3329.site.6, 8, 135, 143
1339327.3.peg.3328.site.1, 2, 137, 139
1339327.3.peg.3328.site.2, 1, 136, 137
1339327.3.peg.3328.site.3, 0, 134, 134
1339327.3.peg.3328.site.4, 131, 137, 268
1339327.3.peg.3328.site.5, 2, 137, 139
1339327.3.peg.3328.site.6, 1, 134, 135
1339327.3.peg.3328.site.7, 122, 135, 257
1339327.3.peg.3328.site.8, 8, 134, 142
1339327.3.peg.3328.site.9, 94, 133, 227
1339327.3.peg.3328.site.10, 39, 134, 173
1339327.3.peg.3328.site.11, 4, 136, 140
1339327.3.peg.3328.site.12, 2, 136, 138
1339327.3.peg.103.site.1, 4, 136, 140
1339327.3.peg.103.site.2, 1, 135, 136
1339327.3.peg.103.site.3, 59, 136, 195
1339327.3.peg.103.site.4, 40, 136, 176
1339327.3.peg.103.site.5, 6, 136, 142
1339327.3.peg.103.site.6, 65, 137, 202
1339327.3.peg.103.site.7, 3, 137, 140
1339327.3.peg.103.site.8, 0, 136, 136
1339327.3.peg.103.site.9, 21, 133, 154
1339327.3.peg.103.site.10, 116, 135, 251
1339327.3.peg.103.site.11, 0, 136, 136
1339327.3.peg.103.site.12, 12, 137, 149
1339327.3.peg.103.site.13, 0, 137, 137
1339327.3.peg.103.site.14, 31, 137, 168
1339327.3.peg.103.site.15, 1, 137, 138
1339327.3.peg.103.site.16, 21, 137, 158
1339327.3.peg.103.site.17, 14, 137, 151
1339327.3.peg.103.site.18, 0, 135, 135
1339327.3.peg.103.site.19, 0, 137, 137
1339327.3.peg.103.site.20, 1, 137, 138
1339327.3.peg.103.site.21, 13, 136, 149
1339327.3.peg.103.site.22, 0, 134, 134
1339327.3.peg.102.site.1, 19, 136, 155
1339327.3.peg.102.site.2, 4, 136, 140
1339327.3.peg.102.site.3, 84, 137, 221
1339327.3.peg.102.site.4, 15, 134, 149
1339327.3.peg.102.site.5, 2, 135, 137
1339327.3.peg.102.site.6, 2, 136, 138
1339327.3.peg.102.site.7, 10, 136, 146
1339327.3.peg.102.site.8, 20, 136, 156
1339327.3.peg.102.site.9, 5, 137, 142
1339327.3.peg.102.site.10, 45, 137, 182
1339327.3.peg.102.site.11, 10, 137, 147
1339327.3.peg.102.site.12, 9, 137, 146
1339327.3.peg.102.site.13, 8, 136, 144
1339327.3.peg.102.site.14, 0, 135, 135
1339327.3.peg.102.site.15, 2, 136, 138
1339327.3.peg.102.site.16, 6, 135, 141
1339327.3.peg.102.site.17, 9, 136, 145
1339327.3.peg.102.site.18, 1, 137, 138
1339327.3.peg.102.site.19, 3, 137, 140
1339327.3.peg.102.site.20, 48, 137, 185
1339327.3.peg.101.site.1, 82, 124, 206
1339327.3.peg.101.site.2, 1, 126, 127
1339327.3.peg.101.site.3, 2, 129, 131
1339327.3.peg.101.site.4, 81, 135, 216
1339327.3.peg.101.site.5, 0, 134, 134
1339327.3.peg.101.site.6, 6, 135, 141
1339327.3.peg.101.site.7, 1, 137, 138
1339327.3.peg.101.site.8, 0, 136, 136
1339327.3.peg.101.site.9, 1, 136, 137
1339327.3.peg.101.site.10, 14, 136, 150
1339327.3.peg.101.site.11, 11, 135, 146
1339327.3.peg.101.site.12, 32, 135, 167
1339327.3.peg.101.site.13, 48, 135, 183
1339327.3.peg.101.site.14, 78, 136, 214
1339327.3.peg.101.site.15, 67, 136, 203
1339327.3.peg.101.site.16, 2, 135, 137
1339327.3.peg.101.site.17, 126, 135, 261
1339327.3.peg.101.site.18, 3, 135, 138
1339327.3.peg.101.site.19, 12, 136, 148
1339327.3.peg.101.site.20, 2, 136, 138
1339327.3.peg.101.site.21, 1, 135, 136
1339327.3.peg.101.site.22, 0, 135, 135
1339327.3.peg.101.site.23, 7, 135, 142
1339327.3.peg.101.site.24, 26, 135, 161
1339327.3.peg.101.site.25, 0, 133, 133
1339327.3.peg.101.site.26, 32, 133, 165
1339327.3.peg.101.site.27, 3, 134, 137
1339327.3.peg.101.site.28, 77, 134, 211
1339327.3.peg.101.site.29, 6, 132, 138
1339327.3.peg.101.site.30, 7, 136, 143
1339327.3.peg.101.site.31, 2, 136, 138
1339327.3.peg.101.site.32, 98, 136, 234
1339327.3.peg.101.site.33, 3, 135, 138
1339327.3.peg.101.site.34, 31, 136, 167
1339327.3.peg.101.site.35, 0, 136, 136
1339327.3.peg.101.site.36, 3, 136, 139
1339327.3.peg.101.site.37, 18, 136, 154
1339327.3.peg.101.site.38, 14, 137, 151
1339327.3.peg.101.site.39, 0, 134, 134
1339327.3.peg.101.site.40, 59, 132, 191
1339327.3.peg.100.site.1, 1, 134, 135
1339327.3.peg.100.site.2, 32, 132, 164
1339327.3.peg.100.site.3, 125, 125, 250
1339327.3.peg.100.site.4, 74, 134, 208
1339327.3.peg.100.site.5, 12, 136, 148
1339327.3.peg.100.site.6, 79, 136, 215
1339327.3.peg.100.site.7, 79, 136, 215
1339327.3.peg.100.site.8, 24, 137, 161
1339327.3.peg.100.site.9, 0, 136, 136
1339327.3.peg.100.site.10, 5, 136, 141
1339327.3.peg.100.site.11, 86, 136, 222
1339327.3.peg.100.site.12, 98, 136, 234
1339327.3.peg.100.site.13, 10, 136, 146
1339327.3.peg.100.site.14, 2, 137, 139
1339327.3.peg.100.site.15, 3, 137, 140
1339327.3.peg.100.site.16, 20, 136, 156
1339327.3.peg.100.site.17, 3, 137, 140
1339327.3.peg.100.site.18, 6, 135, 141
1339327.3.peg.107.site.1, 1, 136, 137
1339327.3.peg.107.site.2, 2, 136, 138
1339327.3.peg.107.site.3, 4, 136, 140
1339327.3.peg.107.site.4, 3, 136, 139
1339327.3.peg.107.site.5, 39, 136, 175
1339327.3.peg.107.site.6, 25, 135, 160
1339327.3.peg.107.site.7, 0, 134, 134
1339327.3.peg.107.site.8, 1, 134, 135
1339327.3.peg.107.site.9, 4, 135, 139
1339327.3.peg.107.site.10, 16, 136, 152
1339327.3.peg.107.site.11, 1, 135, 136
1339327.3.peg.107.site.12, 2, 136, 138
1339327.3.peg.107.site.13, 1, 136, 137
1339327.3.peg.107.site.14, 5, 135, 140
1339327.3.peg.107.site.15, 5, 135, 140
1339327.3.peg.107.site.16, 0, 136, 136
1339327.3.peg.107.site.17, 0, 136, 136
1339327.3.peg.107.site.18, 0, 132, 132
1339327.3.peg.107.site.19, 5, 136, 141
1339327.3.peg.107.site.20, 3, 136, 139
1339327.3.peg.107.site.21, 5, 136, 141
1339327.3.peg.107.site.22, 2, 136, 138
1339327.3.peg.107.site.23, 1, 136, 137
1339327.3.peg.107.site.24, 0, 119, 119
1339327.3.peg.105.site.1, 62, 127, 189
1339327.3.peg.105.site.2, 3, 130, 133
1339327.3.peg.105.site.3, 2, 135, 137
1339327.3.peg.105.site.4, 3, 135, 138
1339327.3.peg.105.site.5, 6, 136, 142
1339327.3.peg.104.site.1, 0, 131, 131
1339327.3.peg.104.site.2, 3, 131, 134
1339327.3.peg.104.site.3, 0, 136, 136
1339327.3.peg.104.site.4, 12, 137, 149
1339327.3.peg.104.site.5, 72, 137, 209
1339327.3.peg.104.site.6, 40, 137, 177
1339327.3.peg.104.site.7, 98, 136, 234
1339327.3.peg.104.site.8, 5, 136, 141
1339327.3.peg.104.site.9, 1, 134, 135
1339327.3.peg.109.site.1, 0, 136, 136
1339327.3.peg.109.site.2, 113, 136, 249
1339327.3.peg.109.site.3, 1, 134, 135
1339327.3.peg.109.site.4, 0, 137, 137
1339327.3.peg.109.site.5, 0, 135, 135
1339327.3.peg.109.site.6, 0, 136, 136
1339327.3.peg.109.site.7, 3, 134, 137
1339327.3.peg.109.site.8, 5, 135, 140
1339327.3.peg.109.site.9, 8, 135, 143
1339327.3.peg.109.site.10, 26, 136, 162
1339327.3.peg.109.site.11, 29, 137, 166
1339327.3.peg.109.site.12, 5, 137, 142
1339327.3.peg.109.site.13, 10, 137, 147
1339327.3.peg.109.site.14, 3, 135, 138
1339327.3.peg.108.site.1, 53, 133, 186
1339327.3.peg.108.site.2, 0, 135, 135
1339327.3.peg.108.site.3, 4, 136, 140
1339327.3.peg.108.site.4, 4, 134, 138
1339327.3.peg.108.site.5, 6, 136, 142
1339327.3.peg.108.site.6, 1, 133, 134
1339327.3.peg.108.site.7, 5, 133, 138
1339327.3.peg.108.site.8, 1, 136, 137
1339327.3.peg.108.site.9, 54, 134, 188
1339327.3.peg.108.site.10, 9, 135, 144
1339327.3.peg.108.site.11, 1, 136, 137
1339327.3.peg.108.site.12, 57, 134, 191
1339327.3.peg.108.site.13, 0, 135, 135
1339327.3.peg.108.site.14, 15, 135, 150
1339327.3.peg.108.site.15, 13, 136, 149
1339327.3.peg.108.site.16, 0, 135, 135
1339327.3.peg.108.site.17, 14, 134, 148
1339327.3.peg.108.site.18, 3, 136, 139
1339327.3.peg.108.site.19, 0, 135, 135
1339327.3.peg.108.site.20, 17, 136, 153
1339327.3.peg.108.site.21, 46, 135, 181
1339327.3.peg.108.site.22, 34, 133, 167
1339327.3.peg.108.site.23, 30, 134, 164
1339327.3.peg.108.site.24, 0, 136, 136
1339327.3.peg.108.site.25, 11, 136, 147
1339327.3.peg.108.site.26, 109, 133, 242
1339327.3.peg.108.site.27, 2, 134, 136
1339327.3.peg.108.site.28, 0, 134, 134
1339327.3.peg.108.site.29, 8, 136, 144
1339327.3.peg.108.site.30, 0, 134, 134
1339327.3.peg.108.site.31, 0, 134, 134
1339327.3.peg.108.site.32, 5, 134, 139
1339327.3.peg.108.site.33, 2, 135, 137
1339327.3.peg.108.site.34, 93, 134, 227
1339327.3.peg.108.site.35, 0, 135, 135
1339327.3.peg.108.site.36, 128, 134, 262
1339327.3.peg.108.site.37, 11, 132, 143
1339327.3.peg.3217.site.1, 2, 135, 137
1339327.3.peg.3217.site.2, 0, 134, 134
1339327.3.peg.3217.site.3, 3, 133, 136
1339327.3.peg.3217.site.4, 7, 135, 142
1339327.3.peg.3217.site.5, 13, 136, 149
1339327.3.peg.3217.site.6, 0, 136, 136
1339327.3.peg.3217.site.7, 2, 136, 138
1339327.3.peg.3217.site.8, 34, 136, 170
1339327.3.peg.3217.site.9, 0, 136, 136
1339327.3.peg.3216.site.1, 26, 131, 157
1339327.3.peg.3216.site.2, 5, 136, 141
1339327.3.peg.3216.site.3, 0, 133, 133
1339327.3.peg.3216.site.4, 74, 132, 206
1339327.3.peg.3216.site.5, 0, 135, 135
1339327.3.peg.3216.site.6, 2, 135, 137
1339327.3.peg.3216.site.7, 31, 135, 166
1339327.3.peg.3216.site.8, 0, 136, 136
1339327.3.peg.3216.site.9, 95, 135, 230
1339327.3.peg.3216.site.10, 0, 137, 137
1339327.3.peg.3216.site.11, 15, 135, 150
1339327.3.peg.3216.site.12, 1, 136, 137
1339327.3.peg.3216.site.13, 6, 136, 142
1339327.3.peg.3216.site.14, 10, 137, 147
1339327.3.peg.3216.site.15, 5, 137, 142
1339327.3.peg.3216.site.16, 1, 133, 134
1339327.3.peg.3216.site.17, 0, 134, 134
1339327.3.peg.3216.site.18, 0, 135, 135
1339327.3.peg.3216.site.19, 3, 135, 138
1339327.3.peg.3216.site.20, 1, 136, 137
1339327.3.peg.3216.site.21, 0, 136, 136
1339327.3.peg.3216.site.22, 0, 135, 135
1339327.3.peg.3215.site.1, 1, 137, 138
1339327.3.peg.3215.site.2, 63, 133, 196
1339327.3.peg.3215.site.3, 4, 134, 138
1339327.3.peg.3215.site.4, 3, 136, 139
1339327.3.peg.3215.site.5, 34, 135, 169
1339327.3.peg.3215.site.6, 0, 135, 135
1339327.3.peg.3215.site.7, 5, 135, 140
1339327.3.peg.3215.site.8, 3, 137, 140
1339327.3.peg.3215.site.9, 31, 135, 166
1339327.3.peg.3215.site.10, 5, 133, 138
1339327.3.peg.3215.site.11, 2, 134, 136
1339327.3.peg.3215.site.12, 0, 135, 135
1339327.3.peg.3215.site.13, 3, 133, 136
1339327.3.peg.3215.site.14, 17, 134, 151
1339327.3.peg.3215.site.15, 6, 135, 141
1339327.3.peg.3215.site.16, 1, 135, 136
1339327.3.peg.3215.site.17, 5, 132, 137
1339327.3.peg.3214.site.1, 2, 137, 139
1339327.3.peg.3214.site.2, 0, 134, 134
1339327.3.peg.3213.site.1, 0, 131, 131
1339327.3.peg.3213.site.2, 6, 134, 140
1339327.3.peg.3213.site.3, 44, 135, 179
1339327.3.peg.3213.site.4, 37, 135, 172
1339327.3.peg.3213.site.5, 4, 135, 139
1339327.3.peg.3213.site.6, 3, 135, 138
1339327.3.peg.3213.site.7, 0, 135, 135
1339327.3.peg.3212.site.1, 3, 132, 135
1339327.3.peg.3211.site.1, 15, 121, 136
1339327.3.peg.3211.site.2, 66, 135, 201
1339327.3.peg.3210.site.1, 0, 136, 136
1339327.3.peg.3210.site.2, 18, 136, 154
1339327.3.peg.3210.site.3, 7, 133, 140
1339327.3.peg.3210.site.4, 66, 132, 198
1339327.3.peg.3210.site.5, 37, 135, 172
1339327.3.peg.3210.site.6, 3, 137, 140
1339327.3.peg.3210.site.7, 10, 132, 142
1339327.3.peg.3210.site.8, 57, 130, 187
1339327.3.peg.3749.site.1, 0, 131, 131
1339327.3.peg.3749.site.2, 57, 131, 188
1339327.3.peg.3749.site.3, 28, 135, 163
1339327.3.peg.3749.site.4, 5, 136, 141
1339327.3.peg.3749.site.5, 5, 137, 142
1339327.3.peg.3749.site.6, 14, 136, 150
1339327.3.peg.3749.site.7, 4, 137, 141
1339327.3.peg.3749.site.8, 1, 136, 137
1339327.3.peg.3749.site.9, 2, 135, 137
1339327.3.peg.3749.site.10, 0, 134, 134
1339327.3.peg.3749.site.11, 2, 137, 139
1339327.3.peg.3749.site.12, 8, 134, 142
1339327.3.peg.3749.site.13, 11, 134, 145
1339327.3.peg.3749.site.14, 99, 134, 233
1339327.3.peg.3749.site.15, 50, 133, 183
1339327.3.peg.3749.site.16, 13, 134, 147
1339327.3.peg.3749.site.17, 1, 135, 136
1339327.3.peg.3748.site.1, 4, 136, 140
1339327.3.peg.3748.site.2, 30, 135, 165
1339327.3.peg.3748.site.3, 15, 137, 152
1339327.3.peg.3748.site.4, 2, 135, 137
1339327.3.peg.3748.site.5, 0, 136, 136
1339327.3.peg.3748.site.6, 12, 136, 148
1339327.3.peg.3748.site.7, 0, 134, 134
1339327.3.peg.3748.site.8, 6, 137, 143
1339327.3.peg.3748.site.9, 3, 137, 140
1339327.3.peg.3748.site.10, 41, 136, 177
1339327.3.peg.3748.site.11, 5, 137, 142
1339327.3.peg.3748.site.12, 78, 136, 214
1339327.3.peg.3748.site.13, 116, 137, 253
1339327.3.peg.3748.site.14, 102, 137, 239
1339327.3.peg.3748.site.15, 2, 133, 135
1339327.3.peg.3748.site.16, 0, 131, 131
1339327.3.peg.3748.site.17, 17, 135, 152
1339327.3.peg.3748.site.18, 3, 135, 138
1339327.3.peg.3219.site.1, 1, 122, 123
1339327.3.peg.3219.site.2, 11, 136, 147
1339327.3.peg.3219.site.3, 11, 137, 148
1339327.3.peg.3219.site.4, 62, 136, 198
1339327.3.peg.3218.site.1, 85, 136, 221
1339327.3.peg.3218.site.2, 88, 134, 222
1339327.3.peg.3218.site.3, 3, 133, 136
1339327.3.peg.3218.site.4, 2, 126, 128
1339327.3.peg.3218.site.5, 2, 126, 128
1339327.3.peg.3218.site.6, 3, 130, 133
1339327.3.peg.4740.site.1, 3, 136, 139
1339327.3.peg.4740.site.2, 26, 130, 156
1339327.3.peg.4740.site.3, 1, 130, 131
1339327.3.peg.4740.site.4, 90, 132, 222
1339327.3.peg.4740.site.5, 17, 130, 147
1339327.3.peg.4740.site.6, 116, 137, 253
1339327.3.peg.4740.site.7, 2, 137, 139
1339327.3.peg.4740.site.8, 2, 136, 138
1339327.3.peg.4740.site.9, 0, 136, 136
1339327.3.peg.4740.site.10, 61, 134, 195
1339327.3.peg.3693.site.1, 0, 134, 134
1339327.3.peg.3693.site.2, 3, 136, 139
1339327.3.peg.3693.site.3, 37, 133, 170
1339327.3.peg.3693.site.4, 27, 136, 163
1339327.3.peg.3693.site.5, 3, 133, 136
1339327.3.peg.3693.site.6, 26, 136, 162
1339327.3.peg.3693.site.7, 0, 137, 137
1339327.3.peg.3693.site.8, 27, 137, 164
1339327.3.peg.3693.site.9, 2, 137, 139
1339327.3.peg.3693.site.10, 0, 135, 135
1339327.3.peg.3693.site.11, 36, 134, 170
1339327.3.peg.3693.site.12, 25, 136, 161
1339327.3.peg.3693.site.13, 7, 136, 143
1339327.3.peg.3693.site.14, 1, 134, 135
1339327.3.peg.3693.site.15, 0, 135, 135
1339327.3.peg.3693.site.16, 39, 136, 175
1339327.3.peg.3693.site.17, 114, 137, 251
1339327.3.peg.3693.site.18, 3, 137, 140
1339327.3.peg.3693.site.19, 94, 137, 231
1339327.3.peg.3693.site.20, 3, 137, 140
1339327.3.peg.3693.site.21, 30, 137, 167
1339327.3.peg.3693.site.22, 0, 134, 134
1339327.3.peg.3693.site.23, 16, 134, 150
1339327.3.peg.3693.site.24, 0, 136, 136
1339327.3.peg.3691.site.1, 10, 137, 147
1339327.3.peg.3691.site.2, 3, 136, 139
1339327.3.peg.3691.site.3, 11, 134, 145
1339327.3.peg.3691.site.4, 29, 135, 164
1339327.3.peg.3690.site.1, 23, 136, 159
1339327.3.peg.3690.site.2, 5, 135, 140
1339327.3.peg.3690.site.3, 3, 135, 138
1339327.3.peg.3690.site.4, 0, 137, 137
1339327.3.peg.3690.site.5, 13, 135, 148
1339327.3.peg.3690.site.6, 3, 137, 140
1339327.3.peg.3690.site.7, 30, 134, 164
1339327.3.peg.3690.site.8, 21, 137, 158
1339327.3.peg.3697.site.1, 3, 135, 138
1339327.3.peg.3697.site.2, 4, 132, 136
1339327.3.peg.3697.site.3, 113, 133, 246
1339327.3.peg.3697.site.4, 3, 136, 139
1339327.3.peg.3697.site.5, 6, 136, 142
1339327.3.peg.3697.site.6, 12, 134, 146
1339327.3.peg.3697.site.7, 0, 133, 133
1339327.3.peg.3697.site.8, 0, 136, 136
1339327.3.peg.3697.site.9, 51, 135, 186
1339327.3.peg.3697.site.10, 2, 137, 139
1339327.3.peg.3697.site.11, 0, 136, 136
1339327.3.peg.3697.site.12, 3, 137, 140
1339327.3.peg.3697.site.13, 122, 135, 257
1339327.3.peg.3697.site.14, 56, 136, 192
1339327.3.peg.3697.site.15, 0, 132, 132
1339327.3.peg.3697.site.16, 3, 135, 138
1339327.3.peg.3697.site.17, 5, 137, 142
1339327.3.peg.3697.site.18, 1, 136, 137
1339327.3.peg.3697.site.19, 3, 136, 139
1339327.3.peg.3697.site.20, 44, 137, 181
1339327.3.peg.3697.site.21, 3, 137, 140
1339327.3.peg.3697.site.22, 1, 137, 138
1339327.3.peg.3697.site.23, 1, 135, 136
1339327.3.peg.3697.site.24, 0, 136, 136
1339327.3.peg.3696.site.1, 3, 135, 138
1339327.3.peg.3696.site.2, 7, 135, 142
1339327.3.peg.3696.site.3, 94, 136, 230
1339327.3.peg.3696.site.4, 26, 136, 162
1339327.3.peg.3696.site.5, 25, 135, 160
1339327.3.peg.3696.site.6, 1, 137, 138
1339327.3.peg.3696.site.7, 101, 136, 237
1339327.3.peg.3696.site.8, 1, 136, 137
1339327.3.peg.3696.site.9, 29, 135, 164
1339327.3.peg.3696.site.10, 2, 137, 139
1339327.3.peg.3695.site.1, 0, 137, 137
1339327.3.peg.3695.site.2, 40, 134, 174
1339327.3.peg.3695.site.3, 1, 135, 136
1339327.3.peg.3695.site.4, 2, 137, 139
1339327.3.peg.3695.site.5, 3, 136, 139
1339327.3.peg.3695.site.6, 40, 135, 175
1339327.3.peg.3695.site.7, 0, 135, 135
1339327.3.peg.3695.site.8, 3, 137, 140
1339327.3.peg.3695.site.9, 3, 137, 140
1339327.3.peg.3695.site.10, 1, 137, 138
1339327.3.peg.3695.site.11, 0, 137, 137
1339327.3.peg.3695.site.12, 10, 137, 147
1339327.3.peg.3695.site.13, 1, 136, 137
1339327.3.peg.3694.site.1, 12, 134, 146
1339327.3.peg.3694.site.2, 42, 133, 175
1339327.3.peg.3694.site.3, 36, 134, 170
1339327.3.peg.3694.site.4, 70, 136, 206
1339327.3.peg.3694.site.5, 2, 135, 137
1339327.3.peg.3694.site.6, 1, 135, 136
1339327.3.peg.3694.site.7, 79, 136, 215
1339327.3.peg.3694.site.8, 2, 136, 138
1339327.3.peg.3694.site.9, 15, 136, 151
1339327.3.peg.3694.site.10, 5, 136, 141
1339327.3.peg.3694.site.11, 58, 135, 193
1339327.3.peg.3694.site.12, 37, 136, 173
1339327.3.peg.3694.site.13, 16, 137, 153
1339327.3.peg.3694.site.14, 3, 137, 140
1339327.3.peg.3694.site.15, 2, 137, 139
1339327.3.peg.3694.site.16, 29, 136, 165
1339327.3.peg.3694.site.17, 62, 135, 197
1339327.3.peg.3694.site.18, 1, 136, 137
1339327.3.peg.3694.site.19, 59, 136, 195
1339327.3.peg.3694.site.20, 109, 137, 246
1339327.3.peg.3694.site.21, 1, 137, 138
1339327.3.peg.3699.site.1, 12, 134, 146
1339327.3.peg.3699.site.2, 3, 134, 137
1339327.3.peg.3699.site.3, 1, 136, 137
1339327.3.peg.3699.site.4, 1, 134, 135
1339327.3.peg.3699.site.5, 5, 136, 141
1339327.3.peg.3699.site.6, 5, 132, 137
1339327.3.peg.3699.site.7, 2, 137, 139
1339327.3.peg.3699.site.8, 13, 136, 149
1339327.3.peg.3699.site.9, 5, 136, 141
1339327.3.peg.3699.site.10, 9, 136, 145
1339327.3.peg.3699.site.11, 0, 136, 136
1339327.3.peg.3699.site.12, 9, 137, 146
1339327.3.peg.3699.site.13, 28, 135, 163
1339327.3.peg.3699.site.14, 9, 136, 145
1339327.3.peg.3699.site.15, 9, 136, 145
1339327.3.peg.3699.site.16, 130, 137, 267
1339327.3.peg.3699.site.17, 14, 137, 151
1339327.3.peg.3699.site.18, 7, 136, 143
1339327.3.peg.3699.site.19, 2, 135, 137
1339327.3.peg.3699.site.20, 20, 134, 154
1339327.3.peg.3699.site.21, 0, 135, 135
1339327.3.peg.3699.site.22, 2, 137, 139
1339327.3.peg.3699.site.23, 11, 136, 147
1339327.3.peg.3699.site.24, 2, 134, 136
1339327.3.peg.3699.site.25, 2, 132, 134
1339327.3.peg.3699.site.26, 2, 135, 137
1339327.3.peg.3699.site.27, 17, 133, 150
1339327.3.peg.3699.site.28, 0, 135, 135
1339327.3.peg.3699.site.29, 2, 135, 137
1339327.3.peg.3699.site.30, 2, 135, 137
1339327.3.peg.3699.site.31, 1, 134, 135
1339327.3.peg.3699.site.32, 6, 135, 141
1339327.3.peg.3699.site.33, 3, 136, 139
1339327.3.peg.3699.site.34, 1, 134, 135
1339327.3.peg.3699.site.35, 2, 133, 135
1339327.3.peg.3699.site.36, 17, 134, 151
1339327.3.peg.3699.site.37, 3, 137, 140
1339327.3.peg.3699.site.38, 6, 130, 136
1339327.3.peg.3699.site.39, 3, 130, 133
1339327.3.peg.3699.site.40, 13, 129, 142
1339327.3.peg.3699.site.41, 35, 130, 165
1339327.3.peg.3699.site.42, 1, 132, 133
1339327.3.peg.3699.site.43, 1, 133, 134
1339327.3.peg.3698.site.1, 7, 131, 138
1339327.3.peg.3698.site.2, 3, 133, 136
1339327.3.peg.3698.site.3, 127, 136, 263
1339327.3.peg.3698.site.4, 16, 137, 153
1339327.3.peg.3698.site.5, 13, 137, 150
1339327.3.peg.3698.site.6, 128, 137, 265
1339327.3.peg.3698.site.7, 10, 137, 147
1339327.3.peg.3698.site.8, 113, 137, 250
1339327.3.peg.3698.site.9, 26, 136, 162
1339327.3.peg.3698.site.10, 12, 137, 149
1339327.3.peg.3698.site.11, 92, 136, 228
1339327.3.peg.3698.site.12, 37, 136, 173
1339327.3.peg.3698.site.13, 10, 137, 147
1339327.3.peg.3698.site.14, 17, 136, 153
1339327.3.peg.3698.site.15, 4, 136, 140
1339327.3.peg.3698.site.16, 48, 135, 183
1339327.3.peg.3698.site.17, 5, 136, 141
1339327.3.peg.3698.site.18, 1, 136, 137
1339327.3.peg.3698.site.19, 0, 134, 134
1339327.3.peg.3698.site.20, 3, 137, 140
1339327.3.peg.3698.site.21, 3, 135, 138
1339327.3.peg.3698.site.22, 3, 136, 139
1339327.3.peg.3698.site.23, 0, 135, 135
1339327.3.peg.3698.site.24, 5, 137, 142
1339327.3.peg.3698.site.25, 16, 135, 151
1339327.3.peg.3698.site.26, 9, 135, 144
1339327.3.peg.3698.site.27, 18, 136, 154
1339327.3.peg.3698.site.28, 0, 137, 137
1339327.3.peg.3698.site.29, 129, 135, 264
1339327.3.peg.3698.site.30, 24, 135, 159
1339327.3.peg.3698.site.31, 8, 134, 142
1339327.3.peg.3698.site.32, 5, 136, 141
1339327.3.peg.3698.site.33, 2, 136, 138
1339327.3.peg.3698.site.34, 1, 136, 137
1339327.3.peg.4500.site.1, 3, 136, 139
1339327.3.peg.4500.site.2, 29, 136, 165
1339327.3.peg.4500.site.3, 54, 134, 188
1339327.3.peg.4500.site.4, 52, 135, 187
1339327.3.peg.4500.site.5, 0, 134, 134
1339327.3.peg.4500.site.6, 4, 135, 139
1339327.3.peg.4500.site.7, 2, 135, 137
1339327.3.peg.4500.site.8, 4, 136, 140
1339327.3.peg.4500.site.9, 0, 135, 135
1339327.3.peg.4500.site.10, 1, 135, 136
1339327.3.peg.4500.site.11, 20, 135, 155
1339327.3.peg.4500.site.12, 2, 132, 134
1339327.3.peg.4500.site.13, 11, 132, 143
1339327.3.peg.4500.site.14, 2, 132, 134
1339327.3.peg.4500.site.15, 31, 136, 167
1339327.3.peg.4500.site.16, 4, 133, 137
1339327.3.peg.4500.site.17, 2, 135, 137
1339327.3.peg.4500.site.18, 2, 135, 137
1339327.3.peg.4500.site.19, 0, 135, 135
1339327.3.peg.4500.site.20, 10, 137, 147
1339327.3.peg.4500.site.21, 21, 133, 154
1339327.3.peg.4500.site.22, 17, 136, 153
1339327.3.peg.4500.site.23, 9, 136, 145
1339327.3.peg.4500.site.24, 3, 135, 138
1339327.3.peg.4500.site.25, 3, 135, 138
1339327.3.peg.4500.site.26, 1, 136, 137
1339327.3.peg.4500.site.27, 14, 136, 150
1339327.3.peg.4500.site.28, 8, 134, 142
1339327.3.peg.4500.site.29, 18, 135, 153
1339327.3.peg.4500.site.30, 2, 137, 139
1339327.3.peg.4500.site.31, 2, 137, 139
1339327.3.peg.4500.site.32, 33, 134, 167
1339327.3.peg.4500.site.33, 2, 134, 136
1339327.3.peg.4500.site.34, 0, 136, 136
1339327.3.peg.4500.site.35, 14, 135, 149
1339327.3.peg.4500.site.36, 2, 132, 134
1339327.3.peg.4500.site.37, 16, 132, 148
1339327.3.peg.4500.site.38, 0, 134, 134
1339327.3.peg.4500.site.39, 43, 136, 179
1339327.3.peg.4500.site.40, 0, 136, 136
1339327.3.peg.4500.site.41, 7, 135, 142
1339327.3.peg.4500.site.42, 0, 137, 137
1339327.3.peg.4500.site.43, 3, 137, 140
1339327.3.peg.4500.site.44, 2, 137, 139
1339327.3.peg.4500.site.45, 17, 135, 152
1339327.3.peg.4500.site.46, 3, 137, 140
1339327.3.peg.4500.site.47, 42, 137, 179
1339327.3.peg.4500.site.48, 14, 136, 150
1339327.3.peg.4500.site.49, 0, 136, 136
1339327.3.peg.4748.site.1, 2, 134, 136
1339327.3.peg.4748.site.2, 25, 135, 160
1339327.3.peg.4748.site.3, 2, 135, 137
1339327.3.peg.4748.site.4, 1, 126, 127
1339327.3.peg.4748.site.5, 1, 133, 134
1339327.3.peg.4748.site.6, 3, 137, 140
1339327.3.peg.4748.site.7, 14, 137, 151
1339327.3.peg.4748.site.8, 17, 137, 154
1339327.3.peg.4748.site.9, 0, 135, 135
1339327.3.peg.4748.site.10, 3, 136, 139
1339327.3.peg.4748.site.11, 5, 137, 142
1339327.3.peg.4748.site.12, 0, 136, 136
1339327.3.peg.4748.site.13, 3, 136, 139
1339327.3.peg.4748.site.14, 0, 137, 137
1339327.3.peg.4748.site.15, 37, 137, 174
1339327.3.peg.4748.site.16, 83, 132, 215
1339327.3.peg.4748.site.17, 3, 137, 140
1339327.3.peg.4748.site.18, 2, 136, 138
1339327.3.peg.4748.site.19, 0, 135, 135
1339327.3.peg.4748.site.20, 3, 135, 138
1339327.3.peg.4748.site.21, 77, 137, 214
1339327.3.peg.4748.site.22, 3, 137, 140
1339327.3.peg.4748.site.23, 110, 136, 246
1339327.3.peg.4748.site.24, 8, 136, 144
1339327.3.peg.4748.site.25, 5, 135, 140
1339327.3.peg.4748.site.26, 47, 137, 184
1339327.3.peg.4748.site.27, 3, 137, 140
1339327.3.peg.4749.site.1, 0, 136, 136
1339327.3.peg.4749.site.2, 6, 134, 140
1339327.3.peg.4749.site.3, 5, 137, 142
1339327.3.peg.4749.site.4, 111, 136, 247
1339327.3.peg.4749.site.5, 4, 137, 141
1339327.3.peg.4749.site.6, 1, 137, 138
1339327.3.peg.4749.site.7, 1, 137, 138
1339327.3.peg.4749.site.8, 3, 137, 140
1339327.3.peg.4749.site.9, 2, 137, 139
1339327.3.peg.4749.site.10, 3, 137, 140
1339327.3.peg.4749.site.11, 1, 135, 136
1339327.3.peg.4749.site.12, 3, 136, 139
1339327.3.peg.4749.site.13, 30, 137, 167
1339327.3.peg.4749.site.14, 3, 136, 139
1339327.3.peg.4749.site.15, 2, 137, 139
1339327.3.peg.4749.site.16, 1, 137, 138
1339327.3.peg.4749.site.17, 4, 136, 140
1339327.3.peg.4749.site.18, 5, 137, 142
1339327.3.peg.3781.site.1, 11, 135, 146
1339327.3.peg.3781.site.2, 87, 137, 224
1339327.3.peg.3781.site.3, 87, 137, 224
1339327.3.peg.3781.site.4, 4, 137, 141
1339327.3.peg.3781.site.5, 1, 136, 137
1339327.3.peg.3781.site.6, 73, 132, 205
1339327.3.peg.3781.site.7, 5, 134, 139
1339327.3.peg.3781.site.8, 1, 137, 138
1339327.3.peg.3781.site.9, 27, 136, 163
1339327.3.peg.3781.site.10, 21, 136, 157
1339327.3.peg.3781.site.11, 95, 135, 230
1339327.3.peg.3781.site.12, 2, 131, 133
1339327.3.peg.3781.site.13, 21, 119, 140
1339327.3.peg.3781.site.14, 2, 135, 137
1339327.3.peg.3781.site.15, 2, 135, 137
1339327.3.peg.3781.site.16, 30, 136, 166
1339327.3.peg.3781.site.17, 4, 137, 141
1339327.3.peg.3781.site.18, 28, 134, 162
1339327.3.peg.3781.site.19, 37, 134, 171
1339327.3.peg.3781.site.20, 5, 135, 140
1339327.3.peg.3781.site.21, 9, 134, 143
1339327.3.peg.3781.site.22, 0, 135, 135
1339327.3.peg.3781.site.23, 0, 135, 135
1339327.3.peg.3780.site.1, 1, 136, 137
1339327.3.peg.3780.site.2, 2, 137, 139
1339327.3.peg.3780.site.3, 7, 137, 144
1339327.3.peg.4501.site.1, 6, 137, 143
1339327.3.peg.4501.site.2, 7, 137, 144
1339327.3.peg.4501.site.3, 2, 137, 139
1339327.3.peg.4501.site.4, 0, 137, 137
1339327.3.peg.4501.site.5, 2, 137, 139
1339327.3.peg.4501.site.6, 14, 137, 151
1339327.3.peg.4501.site.7, 2, 137, 139
1339327.3.peg.4501.site.8, 10, 132, 142
1339327.3.peg.4501.site.9, 71, 137, 208
1339327.3.peg.4501.site.10, 2, 137, 139
1339327.3.peg.4501.site.11, 3, 136, 139
1339327.3.peg.4501.site.12, 15, 135, 150
1339327.3.peg.4501.site.13, 2, 135, 137
1339327.3.peg.4501.site.14, 1, 137, 138
1339327.3.peg.4501.site.15, 1, 136, 137
1339327.3.peg.4501.site.16, 2, 136, 138
1339327.3.peg.4501.site.17, 1, 136, 137
1339327.3.peg.4501.site.18, 1, 136, 137
1339327.3.peg.3782.site.1, 27, 134, 161
1339327.3.peg.3782.site.2, 1, 133, 134
1339327.3.peg.3782.site.3, 5, 133, 138
1339327.3.peg.3782.site.4, 5, 136, 141
1339327.3.peg.3782.site.5, 0, 136, 136
1339327.3.peg.3782.site.6, 27, 136, 163
1339327.3.peg.3782.site.7, 9, 132, 141
1339327.3.peg.3782.site.8, 3, 136, 139
1339327.3.peg.3782.site.9, 5, 136, 141
1339327.3.peg.3782.site.10, 4, 135, 139
1339327.3.peg.3782.site.11, 12, 137, 149
1339327.3.peg.3782.site.12, 12, 134, 146
1339327.3.peg.3782.site.13, 9, 136, 145
1339327.3.peg.3782.site.14, 4, 118, 122
1339327.3.peg.3782.site.15, 111, 119, 230
1339327.3.peg.3782.site.16, 5, 130, 135
1339327.3.peg.3782.site.17, 3, 133, 136
1339327.3.peg.3782.site.18, 6, 116, 122
1339327.3.peg.3782.site.19, 18, 111, 129
1339327.3.peg.3782.site.20, 1, 122, 123
1339327.3.peg.3782.site.21, 35, 127, 162
1339327.3.peg.3782.site.22, 23, 135, 158
1339327.3.peg.3782.site.23, 3, 136, 139
1339327.3.peg.3782.site.24, 3, 136, 139
1339327.3.peg.3782.site.25, 4, 137, 141
1339327.3.peg.5118.site.1, 5, 133, 138
1339327.3.peg.5118.site.2, 24, 136, 160
1339327.3.peg.5118.site.3, 24, 136, 160
1339327.3.peg.5118.site.4, 35, 137, 172
1339327.3.peg.5118.site.5, 0, 137, 137
1339327.3.peg.5118.site.6, 90, 136, 226
1339327.3.peg.5118.site.7, 2, 136, 138
1339327.3.peg.5118.site.8, 2, 137, 139
1339327.3.peg.5118.site.9, 1, 136, 137
1339327.3.peg.5118.site.10, 1, 136, 137
1339327.3.peg.5118.site.11, 2, 136, 138
1339327.3.peg.3109.site.1, 2, 132, 134
1339327.3.peg.3109.site.2, 3, 126, 129
1339327.3.peg.3109.site.3, 2, 135, 137
1339327.3.peg.3109.site.4, 11, 132, 143
1339327.3.peg.3109.site.5, 5, 135, 140
1339327.3.peg.3109.site.6, 2, 134, 136
1339327.3.peg.3109.site.7, 5, 134, 139
1339327.3.peg.3109.site.8, 0, 137, 137
1339327.3.peg.3109.site.9, 13, 136, 149
1339327.3.peg.3109.site.10, 1, 136, 137
1339327.3.peg.3109.site.11, 2, 136, 138
1339327.3.peg.3109.site.12, 13, 135, 148
1339327.3.peg.3109.site.13, 2, 137, 139
1339327.3.peg.3109.site.14, 2, 134, 136
1339327.3.peg.3109.site.15, 3, 137, 140
1339327.3.peg.3109.site.16, 3, 135, 138
1339327.3.peg.3109.site.17, 8, 136, 144
1339327.3.peg.3109.site.18, 5, 137, 142
1339327.3.peg.3109.site.19, 1, 136, 137
1339327.3.peg.3109.site.20, 44, 137, 181
1339327.3.peg.3108.site.1, 10, 136, 146
1339327.3.peg.3108.site.2, 4, 137, 141
1339327.3.peg.3108.site.3, 12, 136, 148
1339327.3.peg.3108.site.4, 112, 135, 247
1339327.3.peg.3108.site.5, 86, 136, 222
1339327.3.peg.3108.site.6, 27, 135, 162
1339327.3.peg.3108.site.7, 110, 137, 247
1339327.3.peg.3108.site.8, 2, 137, 139
1339327.3.peg.3108.site.9, 73, 134, 207
1339327.3.peg.3108.site.10, 3, 137, 140
1339327.3.peg.3108.site.11, 8, 135, 143
1339327.3.peg.3108.site.12, 64, 136, 200
1339327.3.peg.3108.site.13, 3, 134, 137
1339327.3.peg.3108.site.14, 14, 134, 148
1339327.3.peg.3108.site.15, 12, 135, 147
1339327.3.peg.3108.site.16, 39, 135, 174
1339327.3.peg.3108.site.17, 61, 135, 196
1339327.3.peg.3108.site.18, 35, 137, 172
1339327.3.peg.3108.site.19, 3, 137, 140
1339327.3.peg.3108.site.20, 20, 137, 157
1339327.3.peg.3108.site.21, 0, 137, 137
1339327.3.peg.3108.site.22, 0, 136, 136
1339327.3.peg.3108.site.23, 113, 137, 250
1339327.3.peg.3108.site.24, 0, 131, 131
1339327.3.peg.3108.site.25, 0, 132, 132
1339327.3.peg.3108.site.26, 3, 133, 136
1339327.3.peg.3108.site.27, 4, 135, 139
1339327.3.peg.3108.site.28, 2, 136, 138
1339327.3.peg.3108.site.29, 33, 137, 170
1339327.3.peg.3108.site.30, 0, 136, 136
1339327.3.peg.3108.site.31, 5, 136, 141
1339327.3.peg.3108.site.32, 12, 137, 149
1339327.3.peg.3108.site.33, 8, 136, 144
1339327.3.peg.3108.site.34, 2, 135, 137
1339327.3.peg.3108.site.35, 2, 135, 137
1339327.3.peg.3108.site.36, 0, 136, 136
1339327.3.peg.3108.site.37, 1, 135, 136
1339327.3.peg.4360.site.1, 14, 134, 148
1339327.3.peg.4360.site.2, 6, 135, 141
1339327.3.peg.4360.site.3, 57, 135, 192
1339327.3.peg.4360.site.4, 10, 136, 146
1339327.3.peg.4360.site.5, 49, 135, 184
1339327.3.peg.4360.site.6, 20, 136, 156
1339327.3.peg.4360.site.7, 1, 136, 137
1339327.3.peg.4360.site.8, 4, 136, 140
1339327.3.peg.4360.site.9, 0, 134, 134
1339327.3.peg.4360.site.10, 41, 136, 177
1339327.3.peg.4360.site.11, 27, 136, 163
1339327.3.peg.4360.site.12, 10, 136, 146
1339327.3.peg.4360.site.13, 32, 137, 169
1339327.3.peg.3103.site.1, 16, 137, 153
1339327.3.peg.3103.site.2, 51, 131, 182
1339327.3.peg.3103.site.3, 3, 134, 137
1339327.3.peg.3103.site.4, 75, 133, 208
1339327.3.peg.3103.site.5, 85, 133, 218
1339327.3.peg.3103.site.6, 3, 136, 139
1339327.3.peg.3102.site.1, 113, 129, 242
1339327.3.peg.3102.site.2, 8, 131, 139
1339327.3.peg.3102.site.3, 6, 131, 137
1339327.3.peg.3102.site.4, 0, 124, 124
1339327.3.peg.3102.site.5, 37, 133, 170
1339327.3.peg.3101.site.1, 10, 134, 144
1339327.3.peg.3101.site.2, 54, 133, 187
1339327.3.peg.3101.site.3, 0, 134, 134
1339327.3.peg.3101.site.4, 8, 134, 142
1339327.3.peg.3101.site.5, 3, 135, 138
1339327.3.peg.3101.site.6, 98, 136, 234
1339327.3.peg.3101.site.7, 3, 132, 135
1339327.3.peg.3100.site.1, 83, 132, 215
1339327.3.peg.3100.site.2, 10, 136, 146
1339327.3.peg.3100.site.3, 8, 137, 145
1339327.3.peg.3100.site.4, 14, 135, 149
1339327.3.peg.3100.site.5, 7, 135, 142
1339327.3.peg.3100.site.6, 9, 137, 146
1339327.3.peg.3100.site.7, 2, 136, 138
1339327.3.peg.3100.site.8, 3, 137, 140
1339327.3.peg.3100.site.9, 22, 136, 158
1339327.3.peg.3100.site.10, 3, 136, 139
1339327.3.peg.3100.site.11, 6, 135, 141
1339327.3.peg.3100.site.12, 1, 135, 136
1339327.3.peg.3100.site.13, 4, 134, 138
1339327.3.peg.3100.site.14, 89, 135, 224
1339327.3.peg.3100.site.15, 8, 134, 142
1339327.3.peg.3100.site.16, 1, 135, 136
1339327.3.peg.3100.site.17, 13, 135, 148
1339327.3.peg.3100.site.18, 31, 136, 167
1339327.3.peg.3100.site.19, 2, 135, 137
1339327.3.peg.3100.site.20, 0, 135, 135
1339327.3.peg.3100.site.21, 124, 137, 261
1339327.3.peg.3106.site.1, 4, 116, 120
1339327.3.peg.3106.site.2, 4, 115, 119
1339327.3.peg.3106.site.3, 7, 115, 122
1339327.3.peg.3106.site.4, 2, 107, 109
1339327.3.peg.3106.site.5, 4, 109, 113
1339327.3.peg.3106.site.6, 4, 109, 113
1339327.3.peg.3106.site.7, 14, 113, 127
1339327.3.peg.3106.site.8, 13, 119, 132
1339327.3.peg.3106.site.9, 38, 130, 168
1339327.3.peg.3106.site.10, 38, 131, 169
1339327.3.peg.3106.site.11, 2, 133, 135
1339327.3.peg.3106.site.12, 2, 133, 135
1339327.3.peg.3106.site.13, 2, 134, 136
1339327.3.peg.3106.site.14, 5, 134, 139
1339327.3.peg.3106.site.15, 1, 133, 134
1339327.3.peg.3106.site.16, 1, 135, 136
1339327.3.peg.3106.site.17, 37, 133, 170
1339327.3.peg.3106.site.18, 5, 134, 139
1339327.3.peg.3106.site.19, 24, 133, 157
1339327.3.peg.3106.site.20, 2, 133, 135
1339327.3.peg.3106.site.21, 48, 133, 181
1339327.3.peg.3106.site.22, 0, 134, 134
1339327.3.peg.3106.site.23, 9, 134, 143
1339327.3.peg.3106.site.24, 5, 131, 136
1339327.3.peg.3106.site.25, 40, 123, 163
1339327.3.peg.3106.site.26, 85, 118, 203
1339327.3.peg.3106.site.27, 1, 114, 115
1339327.3.peg.3106.site.28, 2, 116, 118
1339327.3.peg.3106.site.29, 22, 117, 139
1339327.3.peg.3106.site.30, 3, 127, 130
1339327.3.peg.3106.site.31, 1, 125, 126
1339327.3.peg.3106.site.32, 6, 129, 135
1339327.3.peg.3106.site.33, 38, 125, 163
1339327.3.peg.3106.site.34, 91, 126, 217
1339327.3.peg.3106.site.35, 11, 98, 109
1339327.3.peg.3106.site.36, 2, 99, 101
1339327.3.peg.3106.site.37, 10, 95, 105
1339327.3.peg.3106.site.38, 5, 89, 94
1339327.3.peg.3106.site.39, 16, 93, 109
1339327.3.peg.3106.site.40, 4, 113, 117
1339327.3.peg.3106.site.41, 2, 113, 115
1339327.3.peg.3106.site.42, 59, 120, 179
1339327.3.peg.3106.site.43, 0, 126, 126
1339327.3.peg.3106.site.44, 1, 134, 135
1339327.3.peg.3106.site.45, 40, 135, 175
1339327.3.peg.3106.site.46, 70, 135, 205
1339327.3.peg.3106.site.47, 31, 135, 166
1339327.3.peg.3106.site.48, 59, 133, 192
1339327.3.peg.3106.site.49, 1, 135, 136
1339327.3.peg.3106.site.50, 52, 134, 186
1339327.3.peg.3106.site.51, 97, 137, 234
1339327.3.peg.3104.site.1, 1, 135, 136
1339327.3.peg.3104.site.2, 9, 135, 144
1339327.3.peg.3104.site.3, 52, 135, 187
1339327.3.peg.3104.site.4, 4, 131, 135
1339327.3.peg.3104.site.5, 51, 132, 183
1339327.3.peg.3104.site.6, 1, 134, 135
1339327.3.peg.3104.site.7, 5, 134, 139
1339327.3.peg.3104.site.8, 9, 128, 137
1339327.3.peg.3104.site.9, 3, 130, 133
1339327.3.peg.3104.site.10, 90, 131, 221
1339327.3.peg.3104.site.11, 48, 132, 180
1339327.3.peg.3104.site.12, 63, 131, 194
1339327.3.peg.3104.site.13, 121, 130, 251
1339327.3.peg.3104.site.14, 3, 129, 132
1339327.3.peg.3104.site.15, 39, 131, 170
1339327.3.peg.3104.site.16, 3, 129, 132
1339327.3.peg.3104.site.17, 2, 132, 134
1339327.3.peg.3104.site.18, 1, 134, 135
1339327.3.peg.3104.site.19, 1, 133, 134
1339327.3.peg.3104.site.20, 30, 134, 164
1339327.3.peg.3104.site.21, 12, 135, 147
1339327.3.peg.3104.site.22, 16, 135, 151
1339327.3.peg.3104.site.23, 2, 135, 137
1339327.3.peg.3104.site.24, 2, 136, 138
1339327.3.peg.3104.site.25, 2, 136, 138
1339327.3.peg.3104.site.26, 12, 134, 146
1339327.3.peg.3104.site.27, 0, 136, 136
1339327.3.peg.3104.site.28, 32, 134, 166
1339327.3.peg.3104.site.29, 0, 136, 136
1339327.3.peg.3104.site.30, 0, 137, 137
1339327.3.peg.3104.site.31, 5, 135, 140
1339327.3.peg.3104.site.32, 0, 136, 136
1339327.3.peg.3104.site.33, 11, 135, 146
1339327.3.peg.3104.site.34, 0, 135, 135
1339327.3.peg.3104.site.35, 20, 135, 155
1339327.3.peg.3104.site.36, 10, 133, 143
1339327.3.peg.3104.site.37, 1, 126, 127
1339327.3.peg.3104.site.38, 2, 123, 125
1339327.3.peg.3104.site.39, 2, 119, 121
1339327.3.peg.925.site.1, 19, 137, 156
1339327.3.peg.925.site.2, 0, 136, 136
1339327.3.peg.925.site.3, 9, 136, 145
1339327.3.peg.925.site.4, 0, 136, 136
1339327.3.peg.925.site.5, 25, 135, 160
1339327.3.peg.925.site.6, 23, 136, 159
1339327.3.peg.925.site.7, 0, 137, 137
1339327.3.peg.925.site.8, 0, 137, 137
1339327.3.peg.925.site.9, 2, 137, 139
1339327.3.peg.925.site.10, 0, 137, 137
1339327.3.peg.925.site.11, 70, 135, 205
1339327.3.peg.925.site.12, 3, 136, 139
1339327.3.peg.925.site.13, 43, 136, 179
1339327.3.peg.925.site.14, 43, 136, 179
1339327.3.peg.927.site.1, 7, 137, 144
1339327.3.peg.927.site.2, 33, 135, 168
1339327.3.peg.927.site.3, 3, 136, 139
1339327.3.peg.927.site.4, 43, 136, 179
1339327.3.peg.927.site.5, 91, 136, 227
1339327.3.peg.927.site.6, 1, 137, 138
1339327.3.peg.927.site.7, 2, 137, 139
1339327.3.peg.927.site.8, 5, 137, 142
1339327.3.peg.927.site.9, 20, 137, 157
1339327.3.peg.927.site.10, 70, 135, 205
1339327.3.peg.927.site.11, 3, 137, 140
1339327.3.peg.927.site.12, 2, 137, 139
1339327.3.peg.926.site.1, 1, 137, 138
1339327.3.peg.926.site.2, 0, 136, 136
1339327.3.peg.926.site.3, 104, 136, 240
1339327.3.peg.926.site.4, 0, 136, 136
1339327.3.peg.920.site.1, 14, 136, 150
1339327.3.peg.920.site.2, 1, 136, 137
1339327.3.peg.920.site.3, 114, 137, 251
1339327.3.peg.920.site.4, 11, 137, 148
1339327.3.peg.920.site.5, 14, 136, 150
1339327.3.peg.920.site.6, 0, 137, 137
1339327.3.peg.920.site.7, 19, 137, 156
1339327.3.peg.920.site.8, 22, 137, 159
1339327.3.peg.920.site.9, 33, 137, 170
1339327.3.peg.920.site.10, 33, 137, 170
1339327.3.peg.920.site.11, 34, 137, 171
1339327.3.peg.920.site.12, 0, 136, 136
1339327.3.peg.920.site.13, 17, 135, 152
1339327.3.peg.920.site.14, 2, 136, 138
1339327.3.peg.920.site.15, 8, 137, 145
1339327.3.peg.920.site.16, 5, 136, 141
1339327.3.peg.920.site.17, 20, 136, 156
1339327.3.peg.920.site.18, 8, 136, 144
1339327.3.peg.920.site.19, 40, 135, 175
1339327.3.peg.920.site.20, 3, 137, 140
1339327.3.peg.920.site.21, 5, 137, 142
1339327.3.peg.920.site.22, 0, 137, 137
1339327.3.peg.920.site.23, 40, 136, 176
1339327.3.peg.923.site.1, 7, 137, 144
1339327.3.peg.923.site.2, 0, 137, 137
1339327.3.peg.923.site.3, 6, 137, 143
1339327.3.peg.923.site.4, 12, 137, 149
1339327.3.peg.923.site.5, 3, 137, 140
1339327.3.peg.923.site.6, 102, 136, 238
1339327.3.peg.923.site.7, 1, 135, 136
1339327.3.peg.923.site.8, 48, 134, 182
1339327.3.peg.923.site.9, 2, 133, 135
1339327.3.peg.923.site.10, 34, 137, 171
1339327.3.peg.923.site.11, 1, 135, 136
1339327.3.peg.923.site.12, 2, 137, 139
1339327.3.peg.923.site.13, 3, 137, 140
1339327.3.peg.923.site.14, 13, 137, 150
1339327.3.peg.923.site.15, 20, 135, 155
1339327.3.peg.923.site.16, 5, 137, 142
1339327.3.peg.923.site.17, 0, 137, 137
1339327.3.peg.923.site.18, 1, 137, 138
1339327.3.peg.923.site.19, 50, 137, 187
1339327.3.peg.923.site.20, 7, 136, 143
1339327.3.peg.923.site.21, 80, 137, 217
1339327.3.peg.923.site.22, 1, 137, 138
1339327.3.peg.923.site.23, 1, 137, 138
1339327.3.peg.922.site.1, 1, 134, 135
1339327.3.peg.922.site.2, 55, 135, 190
1339327.3.peg.922.site.3, 1, 137, 138
1339327.3.peg.922.site.4, 49, 137, 186
1339327.3.peg.922.site.5, 1, 137, 138
1339327.3.peg.922.site.6, 3, 136, 139
1339327.3.peg.922.site.7, 4, 137, 141
1339327.3.peg.922.site.8, 2, 137, 139
1339327.3.peg.922.site.9, 8, 137, 145
1339327.3.peg.922.site.10, 6, 137, 143
1339327.3.peg.922.site.11, 1, 137, 138
1339327.3.peg.922.site.12, 0, 137, 137
1339327.3.peg.922.site.13, 13, 137, 150
1339327.3.peg.922.site.14, 0, 136, 136
1339327.3.peg.922.site.15, 7, 137, 144
1339327.3.peg.922.site.16, 42, 136, 178
1339327.3.peg.922.site.17, 3, 137, 140
1339327.3.peg.922.site.18, 3, 137, 140
1339327.3.peg.922.site.19, 55, 137, 192
1339327.3.peg.922.site.20, 14, 137, 151
1339327.3.peg.922.site.21, 4, 136, 140
1339327.3.peg.922.site.22, 0, 135, 135
1339327.3.peg.922.site.23, 1, 137, 138
1339327.3.peg.922.site.24, 24, 137, 161
1339327.3.peg.922.site.25, 0, 137, 137
1339327.3.peg.922.site.26, 38, 137, 175
1339327.3.peg.922.site.27, 4, 135, 139
1339327.3.peg.922.site.28, 20, 136, 156
1339327.3.peg.922.site.29, 7, 137, 144
1339327.3.peg.922.site.30, 0, 136, 136
1339327.3.peg.922.site.31, 0, 137, 137
1339327.3.peg.922.site.32, 7, 137, 144
1339327.3.peg.922.site.33, 33, 137, 170
1339327.3.peg.922.site.34, 15, 137, 152
1339327.3.peg.922.site.35, 44, 136, 180
1339327.3.peg.922.site.36, 31, 137, 168
1339327.3.peg.922.site.37, 1, 137, 138
1339327.3.peg.922.site.38, 2, 137, 139
1339327.3.peg.929.site.1, 63, 136, 199
1339327.3.peg.929.site.2, 4, 134, 138
1339327.3.peg.929.site.3, 2, 134, 136
1339327.3.peg.929.site.4, 2, 136, 138
1339327.3.peg.929.site.5, 64, 135, 199
1339327.3.peg.929.site.6, 0, 136, 136
1339327.3.peg.928.site.1, 35, 135, 170
1339327.3.peg.928.site.2, 0, 136, 136
1339327.3.peg.928.site.3, 72, 135, 207
1339327.3.peg.928.site.4, 12, 135, 147
1339327.3.peg.928.site.5, 11, 136, 147
1339327.3.peg.928.site.6, 3, 137, 140
1339327.3.peg.928.site.7, 1, 137, 138
1339327.3.peg.928.site.8, 39, 137, 176
1339327.3.peg.928.site.9, 5, 137, 142
1339327.3.peg.928.site.10, 0, 136, 136
1339327.3.peg.928.site.11, 0, 137, 137
1339327.3.peg.928.site.12, 0, 136, 136
1339327.3.peg.928.site.13, 0, 136, 136
1339327.3.peg.928.site.14, 1, 130, 131
1339327.3.peg.928.site.15, 16, 136, 152
1339327.3.peg.928.site.16, 4, 137, 141
1339327.3.peg.928.site.17, 3, 137, 140
1339327.3.peg.928.site.18, 0, 136, 136
1339327.3.peg.928.site.19, 1, 136, 137
1339327.3.peg.928.site.20, 6, 137, 143
1339327.3.peg.1600.site.1, 0, 136, 136
1339327.3.peg.1600.site.2, 1, 135, 136
1339327.3.peg.1600.site.3, 1, 134, 135
1339327.3.peg.1600.site.4, 3, 137, 140
1339327.3.peg.1600.site.5, 4, 137, 141
1339327.3.peg.1600.site.6, 3, 136, 139
1339327.3.peg.1600.site.7, 88, 135, 223
1339327.3.peg.1600.site.8, 76, 135, 211
1339327.3.peg.1600.site.9, 3, 135, 138
1339327.3.peg.1600.site.10, 56, 134, 190
1339327.3.peg.1600.site.11, 92, 136, 228
1339327.3.peg.1600.site.12, 0, 135, 135
1339327.3.peg.1600.site.13, 5, 131, 136
1339327.3.peg.5046.site.1, 1, 136, 137
1339327.3.peg.5046.site.2, 2, 135, 137
1339327.3.peg.5046.site.3, 3, 135, 138
1339327.3.peg.5046.site.4, 1, 136, 137
1339327.3.peg.1601.site.1, 2, 136, 138
1339327.3.peg.1601.site.2, 63, 136, 199
1339327.3.peg.3868.site.1, 2, 133, 135
1339327.3.peg.5115.site.1, 2, 137, 139
1339327.3.peg.5115.site.2, 4, 137, 141
1339327.3.peg.5115.site.3, 0, 137, 137
1339327.3.peg.5115.site.4, 55, 137, 192
1339327.3.peg.5115.site.5, 1, 137, 138
1339327.3.peg.5115.site.6, 2, 137, 139
1339327.3.peg.5115.site.7, 0, 137, 137
1339327.3.peg.5115.site.8, 2, 137, 139
1339327.3.peg.5115.site.9, 0, 135, 135
1339327.3.peg.5115.site.10, 4, 137, 141
1339327.3.peg.5115.site.11, 2, 137, 139
1339327.3.peg.5115.site.12, 14, 137, 151
1339327.3.peg.5115.site.13, 11, 136, 147
1339327.3.peg.5115.site.14, 51, 135, 186
1339327.3.peg.5115.site.15, 3, 136, 139
1339327.3.peg.5115.site.16, 2, 136, 138
1339327.3.peg.5115.site.17, 3, 135, 138
1339327.3.peg.5115.site.18, 101, 137, 238
1339327.3.peg.5115.site.19, 0, 137, 137
1339327.3.peg.5115.site.20, 4, 137, 141
1339327.3.peg.5115.site.21, 0, 136, 136
1339327.3.peg.5115.site.22, 6, 137, 143
1339327.3.peg.5047.site.1, 0, 134, 134
1339327.3.peg.5047.site.2, 1, 137, 138
1339327.3.peg.5047.site.3, 1, 137, 138
1339327.3.peg.5047.site.4, 30, 136, 166
1339327.3.peg.5047.site.5, 0, 137, 137
1339327.3.peg.5047.site.6, 26, 137, 163
1339327.3.peg.5047.site.7, 36, 136, 172
1339327.3.peg.5047.site.8, 5, 137, 142
1339327.3.peg.5047.site.9, 0, 137, 137
1339327.3.peg.5047.site.10, 6, 137, 143
1339327.3.peg.5047.site.11, 7, 135, 142
1339327.3.peg.5047.site.12, 1, 137, 138
1339327.3.peg.5047.site.13, 24, 137, 161
1339327.3.peg.5047.site.14, 3, 137, 140
1339327.3.peg.5047.site.15, 110, 137, 247
1339327.3.peg.5047.site.16, 4, 137, 141
1339327.3.peg.5047.site.17, 2, 137, 139
1339327.3.peg.5047.site.18, 2, 137, 139
1339327.3.peg.5047.site.19, 1, 137, 138
1339327.3.peg.5047.site.20, 1, 137, 138
1339327.3.peg.1609.site.1, 7, 136, 143
1339327.3.peg.1609.site.2, 0, 135, 135
1339327.3.peg.1609.site.3, 36, 136, 172
1339327.3.peg.1609.site.4, 16, 135, 151
1339327.3.peg.1609.site.5, 6, 137, 143
1339327.3.peg.1609.site.6, 15, 136, 151
1339327.3.peg.1609.site.7, 48, 134, 182
1339327.3.peg.1609.site.8, 0, 131, 131
1339327.3.peg.1609.site.9, 2, 136, 138
1339327.3.peg.1609.site.10, 17, 136, 153
1339327.3.peg.1609.site.11, 0, 136, 136
1339327.3.peg.1609.site.12, 0, 136, 136
1339327.3.peg.1609.site.13, 42, 137, 179
1339327.3.peg.1609.site.14, 0, 136, 136
1339327.3.peg.1609.site.15, 25, 136, 161
1339327.3.peg.5040.site.1, 54, 135, 189
1339327.3.peg.5040.site.2, 8, 137, 145
1339327.3.peg.5040.site.3, 1, 136, 137
1339327.3.peg.5040.site.4, 20, 137, 157
1339327.3.peg.5040.site.5, 3, 136, 139
1339327.3.peg.5040.site.6, 9, 137, 146
1339327.3.peg.5040.site.7, 2, 137, 139
1339327.3.peg.5040.site.8, 31, 137, 168
1339327.3.peg.5040.site.9, 2, 135, 137
1339327.3.peg.5040.site.10, 5, 136, 141
1339327.3.peg.5040.site.11, 66, 136, 202
1339327.3.peg.5040.site.12, 2, 136, 138
1339327.3.peg.5040.site.13, 25, 136, 161
1339327.3.peg.5040.site.14, 0, 137, 137
1339327.3.peg.5040.site.15, 0, 136, 136
1339327.3.peg.5040.site.16, 5, 137, 142
1339327.3.peg.5040.site.17, 81, 135, 216
1339327.3.peg.5040.site.18, 0, 136, 136
1339327.3.peg.5040.site.19, 81, 136, 217
1339327.3.peg.5040.site.20, 5, 135, 140
1339327.3.peg.5040.site.21, 0, 136, 136
1339327.3.peg.5040.site.22, 15, 136, 151
1339327.3.peg.5040.site.23, 5, 137, 142
1339327.3.peg.5040.site.24, 4, 136, 140
1339327.3.peg.5040.site.25, 2, 137, 139
1339327.3.peg.5040.site.26, 0, 137, 137
1339327.3.peg.5040.site.27, 2, 136, 138
1339327.3.peg.5040.site.28, 1, 135, 136
1339327.3.peg.5040.site.29, 130, 137, 267
1339327.3.peg.5040.site.30, 5, 137, 142
1339327.3.peg.5040.site.31, 5, 137, 142
1339327.3.peg.5040.site.32, 1, 134, 135
1339327.3.peg.5040.site.33, 2, 137, 139
1339327.3.peg.5166.site.1, 9, 136, 145
1339327.3.peg.5166.site.2, 1, 135, 136
1339327.3.peg.5166.site.3, 0, 134, 134
1339327.3.peg.5166.site.4, 67, 135, 202
1339327.3.peg.5166.site.5, 64, 135, 199
1339327.3.peg.5166.site.6, 79, 133, 212
1339327.3.peg.5166.site.7, 0, 136, 136
1339327.3.peg.5166.site.8, 4, 136, 140
1339327.3.peg.5166.site.9, 3, 136, 139
1339327.3.peg.5166.site.10, 33, 136, 169
1339327.3.peg.5166.site.11, 21, 136, 157
1339327.3.peg.5166.site.12, 4, 135, 139
1339327.3.peg.859.site.1, 38, 135, 173
1339327.3.peg.859.site.2, 29, 135, 164
1339327.3.peg.859.site.3, 0, 136, 136
1339327.3.peg.859.site.4, 12, 135, 147
1339327.3.peg.859.site.5, 58, 137, 195
1339327.3.peg.859.site.6, 0, 132, 132
1339327.3.peg.855.site.1, 3, 137, 140
1339327.3.peg.855.site.2, 2, 136, 138
1339327.3.peg.855.site.3, 10, 135, 145
1339327.3.peg.855.site.4, 109, 135, 244
1339327.3.peg.855.site.5, 8, 136, 144
1339327.3.peg.855.site.6, 5, 137, 142
1339327.3.peg.855.site.7, 0, 133, 133
1339327.3.peg.855.site.8, 16, 136, 152
1339327.3.peg.855.site.9, 1, 137, 138
1339327.3.peg.855.site.10, 16, 137, 153
1339327.3.peg.854.site.1, 136, 136, 272
1339327.3.peg.854.site.2, 0, 137, 137
1339327.3.peg.854.site.3, 3, 136, 139
1339327.3.peg.854.site.4, 7, 136, 143
1339327.3.peg.854.site.5, 13, 137, 150
1339327.3.peg.854.site.6, 5, 137, 142
1339327.3.peg.854.site.7, 4, 137, 141
1339327.3.peg.854.site.8, 1, 135, 136
1339327.3.peg.854.site.9, 6, 137, 143
1339327.3.peg.854.site.10, 2, 135, 137
1339327.3.peg.854.site.11, 1, 137, 138
1339327.3.peg.857.site.1, 1, 136, 137
1339327.3.peg.857.site.2, 1, 137, 138
1339327.3.peg.857.site.3, 21, 136, 157
1339327.3.peg.857.site.4, 0, 137, 137
1339327.3.peg.857.site.5, 1, 137, 138
1339327.3.peg.857.site.6, 1, 137, 138
1339327.3.peg.857.site.7, 3, 135, 138
1339327.3.peg.857.site.8, 6, 135, 141
1339327.3.peg.857.site.9, 1, 136, 137
1339327.3.peg.857.site.10, 1, 125, 126
1339327.3.peg.857.site.11, 1, 136, 137
1339327.3.peg.857.site.12, 0, 136, 136
1339327.3.peg.857.site.13, 1, 136, 137
1339327.3.peg.857.site.14, 1, 136, 137
1339327.3.peg.857.site.15, 1, 135, 136
1339327.3.peg.857.site.16, 97, 135, 232
1339327.3.peg.857.site.17, 0, 134, 134
1339327.3.peg.857.site.18, 0, 136, 136
1339327.3.peg.857.site.19, 0, 136, 136
1339327.3.peg.856.site.1, 20, 137, 157
1339327.3.peg.856.site.2, 0, 136, 136
1339327.3.peg.856.site.3, 4, 137, 141
1339327.3.peg.856.site.4, 12, 136, 148
1339327.3.peg.856.site.5, 16, 136, 152
1339327.3.peg.856.site.6, 0, 137, 137
1339327.3.peg.856.site.7, 1, 136, 137
1339327.3.peg.856.site.8, 3, 136, 139
1339327.3.peg.851.site.1, 0, 134, 134
1339327.3.peg.851.site.2, 12, 135, 147
1339327.3.peg.851.site.3, 3, 135, 138
1339327.3.peg.851.site.4, 4, 137, 141
1339327.3.peg.851.site.5, 3, 136, 139
1339327.3.peg.851.site.6, 57, 136, 193
1339327.3.peg.851.site.7, 0, 136, 136
1339327.3.peg.851.site.8, 2, 134, 136
1339327.3.peg.851.site.9, 3, 137, 140
1339327.3.peg.850.site.1, 2, 137, 139
1339327.3.peg.850.site.2, 17, 136, 153
1339327.3.peg.850.site.3, 75, 137, 212
1339327.3.peg.850.site.4, 0, 133, 133
1339327.3.peg.850.site.5, 1, 135, 136
1339327.3.peg.850.site.6, 43, 132, 175
1339327.3.peg.850.site.7, 6, 135, 141
1339327.3.peg.850.site.8, 46, 137, 183
1339327.3.peg.850.site.9, 14, 135, 149
1339327.3.peg.850.site.10, 8, 137, 145
1339327.3.peg.853.site.1, 2, 134, 136
1339327.3.peg.853.site.2, 9, 133, 142
1339327.3.peg.853.site.3, 3, 136, 139
1339327.3.peg.853.site.4, 15, 136, 151
1339327.3.peg.853.site.5, 3, 136, 139
1339327.3.peg.853.site.6, 70, 136, 206
1339327.3.peg.853.site.7, 4, 136, 140
1339327.3.peg.853.site.8, 5, 136, 141
1339327.3.peg.853.site.9, 1, 134, 135
1339327.3.peg.852.site.1, 0, 137, 137
1339327.3.peg.852.site.2, 1, 136, 137
1339327.3.peg.852.site.3, 45, 137, 182
1339327.3.peg.852.site.4, 1, 137, 138
1339327.3.peg.852.site.5, 115, 136, 251
1339327.3.peg.852.site.6, 25, 136, 161
1339327.3.peg.852.site.7, 16, 137, 153
1339327.3.peg.852.site.8, 9, 137, 146
1339327.3.peg.852.site.9, 0, 135, 135
1339327.3.peg.852.site.10, 1, 135, 136
1339327.3.peg.852.site.11, 7, 135, 142
1339327.3.peg.852.site.12, 19, 136, 155
1339327.3.peg.852.site.13, 24, 136, 160
1339327.3.peg.852.site.14, 7, 135, 142
1339327.3.peg.852.site.15, 0, 136, 136
1339327.3.peg.852.site.16, 2, 137, 139
1339327.3.peg.852.site.17, 1, 137, 138
1339327.3.peg.852.site.18, 3, 133, 136
1339327.3.peg.852.site.19, 0, 137, 137
1339327.3.peg.852.site.20, 1, 136, 137
1339327.3.peg.852.site.21, 100, 137, 237
1339327.3.peg.852.site.22, 2, 136, 138
1339327.3.peg.4148.site.1, 123, 134, 257
1339327.3.peg.4148.site.2, 2, 133, 135
1339327.3.peg.4148.site.3, 5, 134, 139
1339327.3.peg.4148.site.4, 4, 134, 138
1339327.3.peg.4148.site.5, 2, 134, 136
1339327.3.peg.4148.site.6, 0, 134, 134
1339327.3.peg.4148.site.7, 1, 133, 134
1339327.3.peg.4148.site.8, 18, 134, 152
1339327.3.peg.4148.site.9, 1, 132, 133
1339327.3.peg.4148.site.10, 4, 132, 136
1339327.3.peg.4149.site.1, 4, 127, 131
1339327.3.peg.1998.site.1, 3, 137, 140
1339327.3.peg.1998.site.2, 2, 137, 139
1339327.3.peg.1998.site.3, 3, 136, 139
1339327.3.peg.1999.site.1, 2, 136, 138
1339327.3.peg.1999.site.2, 20, 137, 157
1339327.3.peg.1999.site.3, 121, 135, 256
1339327.3.peg.1999.site.4, 16, 137, 153
1339327.3.peg.1999.site.5, 1, 131, 132
1339327.3.peg.1999.site.6, 27, 126, 153
1339327.3.peg.1999.site.7, 3, 124, 127
1339327.3.peg.1999.site.8, 14, 127, 141
1339327.3.peg.1999.site.9, 3, 123, 126
1339327.3.peg.1999.site.10, 10, 128, 138
1339327.3.peg.1999.site.11, 4, 128, 132
1339327.3.peg.1999.site.12, 13, 137, 150
1339327.3.peg.1999.site.13, 33, 135, 168
1339327.3.peg.1999.site.14, 1, 136, 137
1339327.3.peg.1999.site.15, 11, 136, 147
1339327.3.peg.1999.site.16, 112, 137, 249
1339327.3.peg.1999.site.17, 3, 135, 138
1339327.3.peg.1999.site.18, 14, 135, 149
1339327.3.peg.1999.site.19, 3, 136, 139
1339327.3.peg.1999.site.20, 20, 136, 156
1339327.3.peg.1999.site.21, 5, 136, 141
1339327.3.peg.1999.site.22, 13, 136, 149
1339327.3.peg.1999.site.23, 13, 136, 149
1339327.3.peg.1999.site.24, 131, 137, 268
1339327.3.peg.1999.site.25, 35, 137, 172
1339327.3.peg.1999.site.26, 36, 137, 173
1339327.3.peg.1996.site.1, 1, 137, 138
1339327.3.peg.1996.site.2, 4, 137, 141
1339327.3.peg.1996.site.3, 34, 136, 170
1339327.3.peg.1996.site.4, 37, 133, 170
1339327.3.peg.1996.site.5, 0, 134, 134
1339327.3.peg.1996.site.6, 2, 134, 136
1339327.3.peg.1996.site.7, 0, 135, 135
1339327.3.peg.1996.site.8, 2, 136, 138
1339327.3.peg.1996.site.9, 0, 135, 135
1339327.3.peg.1996.site.10, 3, 135, 138
1339327.3.peg.1996.site.11, 115, 136, 251
1339327.3.peg.1997.site.1, 6, 136, 142
1339327.3.peg.1997.site.2, 24, 134, 158
1339327.3.peg.1997.site.3, 2, 136, 138
1339327.3.peg.1997.site.4, 10, 134, 144
1339327.3.peg.1997.site.5, 3, 136, 139
1339327.3.peg.1997.site.6, 1, 137, 138
1339327.3.peg.1994.site.1, 0, 136, 136
1339327.3.peg.1995.site.1, 0, 135, 135
1339327.3.peg.1995.site.2, 7, 134, 141
1339327.3.peg.1995.site.3, 1, 135, 136
1339327.3.peg.1995.site.4, 18, 135, 153
1339327.3.peg.1995.site.5, 10, 134, 144
1339327.3.peg.1995.site.6, 47, 133, 180
1339327.3.peg.1995.site.7, 0, 132, 132
1339327.3.peg.1995.site.8, 4, 124, 128
1339327.3.peg.1995.site.9, 16, 136, 152
1339327.3.peg.1995.site.10, 10, 135, 145
1339327.3.peg.1995.site.11, 120, 132, 252
1339327.3.peg.1995.site.12, 125, 134, 259
1339327.3.peg.1995.site.13, 1, 133, 134
1339327.3.peg.1995.site.14, 3, 137, 140
1339327.3.peg.1995.site.15, 2, 134, 136
1339327.3.peg.1995.site.16, 3, 132, 135
1339327.3.peg.1995.site.17, 2, 133, 135
1339327.3.peg.1995.site.18, 2, 130, 132
1339327.3.peg.1995.site.19, 18, 133, 151
1339327.3.peg.1995.site.20, 1, 136, 137
1339327.3.peg.1995.site.21, 2, 136, 138
1339327.3.peg.1995.site.22, 3, 136, 139
1339327.3.peg.1995.site.23, 2, 137, 139
1339327.3.peg.1995.site.24, 7, 137, 144
1339327.3.peg.1992.site.1, 10, 136, 146
1339327.3.peg.1992.site.2, 0, 136, 136
1339327.3.peg.1992.site.3, 1, 136, 137
1339327.3.peg.1992.site.4, 3, 136, 139
1339327.3.peg.1992.site.5, 21, 136, 157
1339327.3.peg.1992.site.6, 3, 134, 137
1339327.3.peg.1992.site.7, 4, 134, 138
1339327.3.peg.1992.site.8, 0, 136, 136
1339327.3.peg.1992.site.9, 2, 135, 137
1339327.3.peg.1992.site.10, 22, 133, 155
1339327.3.peg.1992.site.11, 3, 136, 139
1339327.3.peg.1992.site.12, 2, 136, 138
1339327.3.peg.1993.site.1, 2, 137, 139
1339327.3.peg.1993.site.2, 2, 135, 137
1339327.3.peg.1993.site.3, 16, 133, 149
1339327.3.peg.1993.site.4, 2, 133, 135
1339327.3.peg.1993.site.5, 0, 137, 137
1339327.3.peg.1993.site.6, 3, 136, 139
1339327.3.peg.1993.site.7, 12, 136, 148
1339327.3.peg.1993.site.8, 4, 135, 139
1339327.3.peg.1993.site.9, 3, 136, 139
1339327.3.peg.1993.site.10, 1, 136, 137
1339327.3.peg.1993.site.11, 5, 135, 140
1339327.3.peg.1993.site.12, 12, 136, 148
1339327.3.peg.1993.site.13, 13, 135, 148
1339327.3.peg.1993.site.14, 2, 134, 136
1339327.3.peg.1990.site.1, 0, 136, 136
1339327.3.peg.1990.site.2, 0, 134, 134
1339327.3.peg.1990.site.3, 1, 135, 136
1339327.3.peg.1990.site.4, 120, 137, 257
1339327.3.peg.1990.site.5, 6, 137, 143
1339327.3.peg.1990.site.6, 3, 136, 139
1339327.3.peg.1990.site.7, 1, 136, 137
1339327.3.peg.1990.site.8, 3, 135, 138
1339327.3.peg.1990.site.9, 3, 135, 138
1339327.3.peg.1990.site.10, 1, 136, 137
1339327.3.peg.1990.site.11, 130, 137, 267
1339327.3.peg.1990.site.12, 3, 137, 140
1339327.3.peg.1990.site.13, 117, 117, 234
1339327.3.peg.1990.site.14, 90, 135, 225
1339327.3.peg.1990.site.15, 11, 136, 147
1339327.3.peg.1990.site.16, 12, 136, 148
1339327.3.peg.1990.site.17, 2, 135, 137
1339327.3.peg.1990.site.18, 107, 135, 242
1339327.3.peg.1990.site.19, 128, 137, 265
1339327.3.peg.1990.site.20, 81, 135, 216
1339327.3.peg.1990.site.21, 4, 137, 141
1339327.3.peg.1990.site.22, 7, 136, 143
1339327.3.peg.1990.site.23, 117, 137, 254
1339327.3.peg.1990.site.24, 1, 137, 138
1339327.3.peg.1990.site.25, 92, 135, 227
1339327.3.peg.1990.site.26, 26, 136, 162
1339327.3.peg.1990.site.27, 7, 136, 143
1339327.3.peg.1990.site.28, 5, 135, 140
1339327.3.peg.1990.site.29, 7, 136, 143
1339327.3.peg.1990.site.30, 102, 136, 238
1339327.3.peg.1990.site.31, 5, 135, 140
1339327.3.peg.1990.site.32, 4, 135, 139
1339327.3.peg.1990.site.33, 0, 134, 134
1339327.3.peg.1990.site.34, 0, 133, 133
1339327.3.peg.1990.site.35, 3, 135, 138
1339327.3.peg.1991.site.1, 2, 135, 137
1339327.3.peg.1991.site.2, 1, 136, 137
1339327.3.peg.1991.site.3, 0, 136, 136
1339327.3.peg.4035.site.1, 0, 128, 128
1339327.3.peg.4035.site.2, 121, 132, 253
1339327.3.peg.4035.site.3, 3, 128, 131
1339327.3.peg.4035.site.4, 2, 133, 135
1339327.3.peg.4035.site.5, 0, 133, 133
1339327.3.peg.4035.site.6, 2, 131, 133
1339327.3.peg.4035.site.7, 0, 127, 127
1339327.3.peg.4035.site.8, 6, 130, 136
1339327.3.peg.4035.site.9, 1, 132, 133
1339327.3.peg.4035.site.10, 1, 132, 133
1339327.3.peg.4035.site.11, 0, 133, 133
1339327.3.peg.4035.site.12, 3, 133, 136
1339327.3.peg.4035.site.13, 0, 133, 133
1339327.3.peg.4035.site.14, 4, 132, 136
1339327.3.peg.4035.site.15, 39, 128, 167
1339327.3.peg.4035.site.16, 0, 132, 132
1339327.3.peg.4035.site.17, 1, 133, 134
1339327.3.peg.4035.site.18, 4, 133, 137
1339327.3.peg.4035.site.19, 1, 132, 133
1339327.3.peg.4035.site.20, 1, 132, 133
1339327.3.peg.4035.site.21, 0, 132, 132
1339327.3.peg.4035.site.22, 4, 132, 136
1339327.3.peg.4035.site.23, 8, 130, 138
1339327.3.peg.4035.site.24, 0, 128, 128
1339327.3.peg.4035.site.25, 0, 125, 125
1339327.3.peg.4035.site.26, 11, 127, 138
1339327.3.peg.4035.site.27, 5, 133, 138
1339327.3.peg.4035.site.28, 86, 128, 214
1339327.3.peg.4035.site.29, 0, 133, 133
1339327.3.peg.4035.site.30, 18, 132, 150
1339327.3.peg.4035.site.31, 1, 133, 134
1339327.3.peg.4035.site.32, 2, 133, 135
1339327.3.peg.4035.site.33, 1, 132, 133
1339327.3.peg.4035.site.34, 12, 132, 144
1339327.3.peg.4035.site.35, 0, 133, 133
1339327.3.peg.4035.site.36, 9, 133, 142
1339327.3.peg.4035.site.37, 7, 133, 140
1339327.3.peg.4035.site.38, 3, 132, 135
1339327.3.peg.4035.site.39, 112, 132, 244
1339327.3.peg.4035.site.40, 0, 126, 126
1339327.3.peg.4035.site.41, 14, 131, 145
1339327.3.peg.4035.site.42, 2, 131, 133
1339327.3.peg.4035.site.43, 6, 133, 139
1339327.3.peg.4035.site.44, 3, 133, 136
1339327.3.peg.4035.site.45, 0, 127, 127
1339327.3.peg.4035.site.46, 11, 131, 142
1339327.3.peg.4035.site.47, 0, 126, 126
1339327.3.peg.4035.site.48, 0, 126, 126
1339327.3.peg.4035.site.49, 4, 127, 131
1339327.3.peg.4035.site.50, 3, 127, 130
1339327.3.peg.4035.site.51, 0, 128, 128
1339327.3.peg.4035.site.52, 0, 128, 128
1339327.3.peg.4035.site.53, 0, 133, 133
1339327.3.peg.4035.site.54, 0, 133, 133
1339327.3.peg.4035.site.55, 4, 133, 137
1339327.3.peg.4035.site.56, 1, 132, 133
1339327.3.peg.4035.site.57, 5, 133, 138
1339327.3.peg.4035.site.58, 3, 133, 136
1339327.3.peg.4035.site.59, 0, 133, 133
1339327.3.peg.4035.site.60, 3, 133, 136
1339327.3.peg.4035.site.61, 0, 131, 131
1339327.3.peg.4035.site.62, 0, 132, 132
1339327.3.peg.4035.site.63, 0, 131, 131
1339327.3.peg.4035.site.64, 5, 133, 138
1339327.3.peg.4035.site.65, 0, 133, 133
1339327.3.peg.4035.site.66, 7, 132, 139
1339327.3.peg.4035.site.67, 5, 133, 138
1339327.3.peg.4035.site.68, 5, 133, 138
1339327.3.peg.4035.site.69, 3, 132, 135
1339327.3.peg.4035.site.70, 3, 133, 136
1339327.3.peg.4035.site.71, 18, 130, 148
1339327.3.peg.4035.site.72, 0, 131, 131
1339327.3.peg.4035.site.73, 0, 132, 132
1339327.3.peg.4033.site.1, 112, 135, 247
1339327.3.peg.5160.site.1, 115, 134, 249
1339327.3.peg.5160.site.2, 3, 137, 140
1339327.3.peg.5160.site.3, 55, 137, 192
1339327.3.peg.5160.site.4, 12, 137, 149
1339327.3.peg.5160.site.5, 4, 136, 140
1339327.3.peg.5160.site.6, 103, 136, 239
1339327.3.peg.5160.site.7, 127, 137, 264
1339327.3.peg.5160.site.8, 3, 137, 140
1339327.3.peg.5160.site.9, 4, 137, 141
1339327.3.peg.5160.site.10, 0, 137, 137
1339327.3.peg.5160.site.11, 31, 137, 168
1339327.3.peg.5160.site.12, 7, 21, 28
1339327.3.peg.5160.site.13, 11, 13, 24
1339327.3.peg.4038.site.1, 21, 134, 155
1339327.3.peg.4038.site.2, 2, 135, 137
1339327.3.peg.4038.site.3, 0, 136, 136
1339327.3.peg.4038.site.4, 2, 137, 139
1339327.3.peg.4038.site.5, 3, 136, 139
1339327.3.peg.4038.site.6, 1, 137, 138
1339327.3.peg.4038.site.7, 3, 136, 139
1339327.3.peg.4038.site.8, 2, 135, 137
1339327.3.peg.4038.site.9, 4, 135, 139
1339327.3.peg.4038.site.10, 1, 136, 137
1339327.3.peg.4038.site.11, 1, 137, 138
1339327.3.peg.4038.site.12, 10, 136, 146
1339327.3.peg.4038.site.13, 3, 137, 140
1339327.3.peg.4038.site.14, 3, 137, 140
1339327.3.peg.1849.site.1, 15, 137, 152
1339327.3.peg.1849.site.2, 7, 137, 144
1339327.3.peg.1849.site.3, 8, 135, 143
1339327.3.peg.1849.site.4, 1, 135, 136
1339327.3.peg.1849.site.5, 17, 136, 153
1339327.3.peg.1849.site.6, 28, 131, 159
1339327.3.peg.1849.site.7, 1, 137, 138
1339327.3.peg.1849.site.8, 10, 135, 145
1339327.3.peg.1849.site.9, 1, 136, 137
1339327.3.peg.1849.site.10, 14, 136, 150
1339327.3.peg.1849.site.11, 0, 136, 136
1339327.3.peg.1849.site.12, 1, 136, 137
1339327.3.peg.1849.site.13, 4, 134, 138
1339327.3.peg.4812.site.1, 0, 137, 137
1339327.3.peg.4812.site.2, 15, 137, 152
1339327.3.peg.4812.site.3, 93, 137, 230
1339327.3.peg.4812.site.4, 35, 137, 172
1339327.3.peg.4812.site.5, 2, 136, 138
1339327.3.peg.4812.site.6, 0, 137, 137
1339327.3.peg.4812.site.7, 2, 134, 136
1339327.3.peg.4812.site.8, 4, 137, 141
1339327.3.peg.4812.site.9, 2, 136, 138
1339327.3.peg.4812.site.10, 43, 136, 179
1339327.3.peg.4812.site.11, 1, 137, 138
1339327.3.peg.4812.site.12, 4, 137, 141
1339327.3.peg.4812.site.13, 1, 137, 138
1339327.3.peg.4812.site.14, 0, 135, 135
1339327.3.peg.4812.site.15, 0, 131, 131
1339327.3.peg.4812.site.16, 0, 134, 134
1339327.3.peg.4813.site.1, 0, 135, 135
1339327.3.peg.4813.site.2, 2, 137, 139
1339327.3.peg.4813.site.3, 0, 135, 135
1339327.3.peg.4813.site.4, 0, 136, 136
1339327.3.peg.4813.site.5, 0, 133, 133
1339327.3.peg.4813.site.6, 0, 137, 137
1339327.3.peg.4813.site.7, 50, 135, 185
1339327.3.peg.4813.site.8, 1, 136, 137
1339327.3.peg.4813.site.9, 2, 137, 139
1339327.3.peg.4813.site.10, 10, 137, 147
1339327.3.peg.4813.site.11, 2, 136, 138
1339327.3.peg.4813.site.12, 33, 135, 168
1339327.3.peg.4813.site.13, 6, 137, 143
1339327.3.peg.4813.site.14, 0, 137, 137
1339327.3.peg.4813.site.15, 74, 137, 211
1339327.3.peg.4813.site.16, 49, 136, 185
1339327.3.peg.4813.site.17, 42, 137, 179
1339327.3.peg.4813.site.18, 27, 137, 164
1339327.3.peg.4813.site.19, 1, 136, 137
1339327.3.peg.4813.site.20, 3, 137, 140
1339327.3.peg.4813.site.21, 0, 132, 132
1339327.3.peg.4813.site.22, 0, 134, 134
1339327.3.peg.4813.site.23, 0, 134, 134
1339327.3.peg.4813.site.24, 0, 135, 135
1339327.3.peg.4813.site.25, 32, 137, 169
1339327.3.peg.4813.site.26, 5, 136, 141
1339327.3.peg.4813.site.27, 12, 135, 147
1339327.3.peg.4813.site.28, 0, 135, 135
1339327.3.peg.4814.site.1, 1, 135, 136
1339327.3.peg.4814.site.2, 14, 137, 151
1339327.3.peg.4814.site.3, 23, 137, 160
1339327.3.peg.4814.site.4, 36, 134, 170
1339327.3.peg.4814.site.5, 1, 136, 137
1339327.3.peg.4814.site.6, 26, 134, 160
1339327.3.peg.4815.site.1, 32, 134, 166
1339327.3.peg.4815.site.2, 33, 136, 169
1339327.3.peg.4815.site.3, 45, 136, 181
1339327.3.peg.4815.site.4, 3, 137, 140
1339327.3.peg.4815.site.5, 12, 137, 149
1339327.3.peg.4816.site.1, 1, 136, 137
1339327.3.peg.4816.site.2, 1, 136, 137
1339327.3.peg.4816.site.3, 7, 134, 141
1339327.3.peg.4816.site.4, 83, 131, 214
1339327.3.peg.4816.site.5, 50, 137, 187
1339327.3.peg.4816.site.6, 89, 137, 226
1339327.3.peg.4816.site.7, 10, 136, 146
1339327.3.peg.4816.site.8, 13, 137, 150
1339327.3.peg.4816.site.9, 13, 136, 149
1339327.3.peg.4816.site.10, 2, 137, 139
1339327.3.peg.4816.site.11, 22, 133, 155
1339327.3.peg.4816.site.12, 4, 134, 138
1339327.3.peg.4816.site.13, 8, 133, 141
1339327.3.peg.4816.site.14, 3, 137, 140
1339327.3.peg.4816.site.15, 1, 137, 138
1339327.3.peg.4816.site.16, 1, 137, 138
1339327.3.peg.4816.site.17, 0, 135, 135
1339327.3.peg.4816.site.18, 2, 136, 138
1339327.3.peg.4816.site.19, 2, 135, 137
1339327.3.peg.4816.site.20, 0, 135, 135
1339327.3.peg.4816.site.21, 22, 135, 157
1339327.3.peg.4816.site.22, 6, 137, 143
1339327.3.peg.4816.site.23, 2, 137, 139
1339327.3.peg.4816.site.24, 32, 137, 169
1339327.3.peg.4816.site.25, 22, 137, 159
1339327.3.peg.4816.site.26, 16, 136, 152
1339327.3.peg.4816.site.27, 16, 137, 153
1339327.3.peg.4816.site.28, 1, 137, 138
1339327.3.peg.4816.site.29, 3, 137, 140
1339327.3.peg.4816.site.30, 6, 136, 142
1339327.3.peg.4816.site.31, 104, 136, 240
1339327.3.peg.4816.site.32, 78, 136, 214
1339327.3.peg.4816.site.33, 9, 136, 145
1339327.3.peg.4816.site.34, 1, 137, 138
1339327.3.peg.4816.site.35, 9, 137, 146
1339327.3.peg.4816.site.36, 104, 135, 239
1339327.3.peg.4816.site.37, 10, 137, 147
1339327.3.peg.4816.site.38, 1, 136, 137
1339327.3.peg.4816.site.39, 46, 135, 181
1339327.3.peg.4816.site.40, 0, 137, 137
1339327.3.peg.4816.site.41, 8, 137, 145
1339327.3.peg.4816.site.42, 93, 136, 229
1339327.3.peg.4816.site.43, 18, 136, 154
1339327.3.peg.4816.site.44, 73, 137, 210
1339327.3.peg.4816.site.45, 20, 137, 157
1339327.3.peg.4816.site.46, 2, 137, 139
1339327.3.peg.4816.site.47, 7, 137, 144
1339327.3.peg.4816.site.48, 30, 137, 167
1339327.3.peg.4816.site.49, 5, 137, 142
1339327.3.peg.4816.site.50, 52, 136, 188
1339327.3.peg.4816.site.51, 3, 136, 139
1339327.3.peg.4816.site.52, 6, 137, 143
1339327.3.peg.4816.site.53, 26, 136, 162
1339327.3.peg.4817.site.1, 0, 137, 137
1339327.3.peg.4817.site.2, 0, 137, 137
1339327.3.peg.4817.site.3, 2, 137, 139
1339327.3.peg.4817.site.4, 0, 136, 136
1339327.3.peg.4817.site.5, 6, 136, 142
1339327.3.peg.4817.site.6, 24, 135, 159
1339327.3.peg.4817.site.7, 128, 136, 264
1339327.3.peg.4817.site.8, 11, 137, 148
1339327.3.peg.4817.site.9, 3, 137, 140
1339327.3.peg.4817.site.10, 5, 136, 141
1339327.3.peg.4817.site.11, 8, 136, 144
1339327.3.peg.4817.site.12, 89, 135, 224
1339327.3.peg.4817.site.13, 0, 136, 136
1339327.3.peg.4817.site.14, 36, 136, 172
1339327.3.peg.4817.site.15, 80, 136, 216
1339327.3.peg.4817.site.16, 0, 137, 137
1339327.3.peg.4817.site.17, 29, 136, 165
1339327.3.peg.4817.site.18, 3, 135, 138
1339327.3.peg.4817.site.19, 17, 135, 152
1339327.3.peg.4817.site.20, 22, 136, 158
1339327.3.peg.4817.site.21, 8, 136, 144
1339327.3.peg.4817.site.22, 0, 136, 136
1339327.3.peg.4817.site.23, 32, 137, 169
1339327.3.peg.4817.site.24, 65, 137, 202
1339327.3.peg.4817.site.25, 1, 137, 138
1339327.3.peg.4817.site.26, 22, 137, 159
1339327.3.peg.4817.site.27, 3, 135, 138
1339327.3.peg.1840.site.1, 12, 136, 148
1339327.3.peg.1840.site.2, 0, 132, 132
1339327.3.peg.1840.site.3, 0, 131, 131
1339327.3.peg.1840.site.4, 41, 132, 173
1339327.3.peg.1840.site.5, 7, 136, 143
1339327.3.peg.1840.site.6, 2, 135, 137
1339327.3.peg.1840.site.7, 0, 136, 136
1339327.3.peg.1840.site.8, 27, 136, 163
1339327.3.peg.1840.site.9, 3, 135, 138
1339327.3.peg.1840.site.10, 13, 136, 149
1339327.3.peg.1840.site.11, 2, 136, 138
1339327.3.peg.1840.site.12, 2, 136, 138
1339327.3.peg.1840.site.13, 2, 136, 138
1339327.3.peg.1840.site.14, 2, 136, 138
1339327.3.peg.1841.site.1, 2, 135, 137
1339327.3.peg.1841.site.2, 51, 135, 186
1339327.3.peg.1841.site.3, 12, 133, 145
1339327.3.peg.1841.site.4, 85, 129, 214
1339327.3.peg.1841.site.5, 14, 127, 141
1339327.3.peg.1841.site.6, 4, 134, 138
1339327.3.peg.1841.site.7, 0, 127, 127
1339327.3.peg.1841.site.8, 67, 126, 193
1339327.3.peg.1841.site.9, 13, 134, 147
1339327.3.peg.1841.site.10, 8, 133, 141
1339327.3.peg.1841.site.11, 1, 132, 133
1339327.3.peg.1841.site.12, 5, 135, 140
1339327.3.peg.1841.site.13, 0, 136, 136
1339327.3.peg.1841.site.14, 4, 134, 138
1339327.3.peg.1841.site.15, 17, 136, 153
1339327.3.peg.1842.site.1, 0, 136, 136
1339327.3.peg.1842.site.2, 1, 133, 134
1339327.3.peg.1842.site.3, 0, 133, 133
1339327.3.peg.1842.site.4, 6, 135, 141
1339327.3.peg.1842.site.5, 2, 136, 138
1339327.3.peg.1842.site.6, 3, 136, 139
1339327.3.peg.1842.site.7, 17, 133, 150
1339327.3.peg.1842.site.8, 6, 134, 140
1339327.3.peg.1842.site.9, 6, 134, 140
1339327.3.peg.1842.site.10, 5, 135, 140
1339327.3.peg.1842.site.11, 0, 134, 134
1339327.3.peg.1845.site.1, 11, 136, 147
1339327.3.peg.1845.site.2, 1, 136, 137
1339327.3.peg.1845.site.3, 3, 136, 139
1339327.3.peg.1846.site.1, 4, 134, 138
1339327.3.peg.1846.site.2, 2, 133, 135
1339327.3.peg.1846.site.3, 1, 136, 137
1339327.3.peg.1847.site.1, 7, 132, 139
1339327.3.peg.1847.site.2, 4, 136, 140
1339327.3.peg.1847.site.3, 0, 136, 136
1339327.3.peg.1847.site.4, 29, 135, 164
1339327.3.peg.1206.site.1, 1, 136, 137
1339327.3.peg.1206.site.2, 5, 136, 141
1339327.3.peg.1206.site.3, 24, 136, 160
1339327.3.peg.1206.site.4, 22, 134, 156
1339327.3.peg.1206.site.5, 22, 133, 155
1339327.3.peg.1206.site.6, 6, 136, 142
1339327.3.peg.1204.site.1, 12, 135, 147
1339327.3.peg.1204.site.2, 105, 136, 241
1339327.3.peg.1204.site.3, 80, 136, 216
1339327.3.peg.1204.site.4, 2, 137, 139
1339327.3.peg.1204.site.5, 26, 137, 163
1339327.3.peg.1204.site.6, 20, 136, 156
1339327.3.peg.1204.site.7, 5, 137, 142
1339327.3.peg.1204.site.8, 2, 136, 138
1339327.3.peg.1205.site.1, 4, 137, 141
1339327.3.peg.1205.site.2, 0, 135, 135
1339327.3.peg.1205.site.3, 9, 135, 144
1339327.3.peg.1205.site.4, 6, 136, 142
1339327.3.peg.1205.site.5, 2, 136, 138
1339327.3.peg.1205.site.6, 6, 137, 143
1339327.3.peg.1205.site.7, 1, 137, 138
1339327.3.peg.1205.site.8, 2, 136, 138
1339327.3.peg.1202.site.1, 7, 128, 135
1339327.3.peg.1202.site.2, 1, 136, 137
1339327.3.peg.1202.site.3, 1, 137, 138
1339327.3.peg.1202.site.4, 0, 135, 135
1339327.3.peg.1202.site.5, 25, 136, 161
1339327.3.peg.1202.site.6, 3, 137, 140
1339327.3.peg.1202.site.7, 2, 137, 139
1339327.3.peg.1202.site.8, 2, 136, 138
1339327.3.peg.1202.site.9, 18, 135, 153
1339327.3.peg.1202.site.10, 8, 137, 145
1339327.3.peg.1202.site.11, 2, 137, 139
1339327.3.peg.1202.site.12, 8, 137, 145
1339327.3.peg.1202.site.13, 0, 136, 136
1339327.3.peg.1202.site.14, 12, 136, 148
1339327.3.peg.1202.site.15, 0, 137, 137
1339327.3.peg.1202.site.16, 0, 137, 137
1339327.3.peg.1202.site.17, 0, 137, 137
1339327.3.peg.1202.site.18, 36, 137, 173
1339327.3.peg.1202.site.19, 7, 136, 143
1339327.3.peg.1202.site.20, 26, 137, 163
1339327.3.peg.1202.site.21, 11, 135, 146
1339327.3.peg.1202.site.22, 8, 136, 144
1339327.3.peg.1202.site.23, 4, 136, 140
1339327.3.peg.1202.site.24, 5, 135, 140
1339327.3.peg.1202.site.25, 0, 136, 136
1339327.3.peg.1203.site.1, 34, 137, 171
1339327.3.peg.1203.site.2, 2, 137, 139
1339327.3.peg.1203.site.3, 15, 135, 150
1339327.3.peg.1203.site.4, 20, 137, 157
1339327.3.peg.1203.site.5, 0, 136, 136
1339327.3.peg.1203.site.6, 1, 137, 138
1339327.3.peg.1203.site.7, 1, 133, 134
1339327.3.peg.1203.site.8, 49, 136, 185
1339327.3.peg.1203.site.9, 0, 135, 135
1339327.3.peg.1203.site.10, 69, 137, 206
1339327.3.peg.1203.site.11, 0, 137, 137
1339327.3.peg.1203.site.12, 13, 137, 150
1339327.3.peg.1203.site.13, 46, 136, 182
1339327.3.peg.1203.site.14, 3, 137, 140
1339327.3.peg.1203.site.15, 5, 137, 142
1339327.3.peg.1203.site.16, 15, 137, 152
1339327.3.peg.1203.site.17, 3, 135, 138
1339327.3.peg.1203.site.18, 0, 135, 135
1339327.3.peg.1203.site.19, 5, 137, 142
1339327.3.peg.1203.site.20, 48, 134, 182
1339327.3.peg.1203.site.21, 64, 135, 199
1339327.3.peg.1203.site.22, 124, 136, 260
1339327.3.peg.1203.site.23, 1, 135, 136
1339327.3.peg.1203.site.24, 8, 135, 143
1339327.3.peg.1203.site.25, 0, 136, 136
1339327.3.peg.1203.site.26, 55, 137, 192
1339327.3.peg.1203.site.27, 1, 137, 138
1339327.3.peg.1203.site.28, 16, 137, 153
1339327.3.peg.1203.site.29, 1, 137, 138
1339327.3.peg.1203.site.30, 3, 136, 139
1339327.3.peg.1203.site.31, 4, 137, 141
1339327.3.peg.4368.site.1, 6, 136, 142
1339327.3.peg.4368.site.2, 3, 136, 139
1339327.3.peg.4368.site.3, 10, 136, 146
1339327.3.peg.4368.site.4, 0, 136, 136
1339327.3.peg.4369.site.1, 5, 136, 141
1339327.3.peg.4369.site.2, 9, 136, 145
1339327.3.peg.4369.site.3, 1, 136, 137
1339327.3.peg.4369.site.4, 9, 137, 146
1339327.3.peg.4369.site.5, 5, 137, 142
1339327.3.peg.4369.site.6, 31, 136, 167
1339327.3.peg.4369.site.7, 2, 136, 138
1339327.3.peg.4369.site.8, 1, 135, 136
1339327.3.peg.4369.site.9, 91, 137, 228
1339327.3.peg.4369.site.10, 4, 137, 141
1339327.3.peg.4369.site.11, 0, 136, 136
1339327.3.peg.4369.site.12, 65, 137, 202
1339327.3.peg.4369.site.13, 0, 136, 136
1339327.3.peg.4369.site.14, 0, 136, 136
1339327.3.peg.4369.site.15, 9, 135, 144
1339327.3.peg.4369.site.16, 81, 136, 217
1339327.3.peg.4369.site.17, 1, 133, 134
1339327.3.peg.4369.site.18, 6, 129, 135
1339327.3.peg.4369.site.19, 3, 135, 138
1339327.3.peg.4369.site.20, 25, 137, 162
1339327.3.peg.4369.site.21, 1, 137, 138
1339327.3.peg.4369.site.22, 6, 137, 143
1339327.3.peg.4369.site.23, 98, 136, 234
1339327.3.peg.4369.site.24, 0, 136, 136
1339327.3.peg.4369.site.25, 79, 136, 215
1339327.3.peg.4369.site.26, 67, 137, 204
1339327.3.peg.4369.site.27, 0, 137, 137
1339327.3.peg.4369.site.28, 8, 136, 144
1339327.3.peg.4369.site.29, 42, 136, 178
1339327.3.peg.4369.site.30, 30, 136, 166
1339327.3.peg.4369.site.31, 3, 133, 136
1339327.3.peg.4369.site.32, 0, 137, 137
1339327.3.peg.4369.site.33, 17, 137, 154
1339327.3.peg.4369.site.34, 1, 137, 138
1339327.3.peg.4366.site.1, 41, 136, 177
1339327.3.peg.4366.site.2, 4, 137, 141
1339327.3.peg.4366.site.3, 58, 135, 193
1339327.3.peg.4366.site.4, 37, 136, 173
1339327.3.peg.4366.site.5, 118, 136, 254
1339327.3.peg.4366.site.6, 3, 136, 139
1339327.3.peg.4366.site.7, 0, 136, 136
1339327.3.peg.4366.site.8, 0, 136, 136
1339327.3.peg.4366.site.9, 6, 134, 140
1339327.3.peg.4366.site.10, 124, 124, 248
1339327.3.peg.4366.site.11, 12, 132, 144
1339327.3.peg.4366.site.12, 0, 130, 130
1339327.3.peg.4366.site.13, 0, 133, 133
1339327.3.peg.4366.site.14, 56, 137, 193
1339327.3.peg.4366.site.15, 5, 136, 141
1339327.3.peg.4366.site.16, 0, 135, 135
1339327.3.peg.4366.site.17, 22, 136, 158
1339327.3.peg.4366.site.18, 12, 137, 149
1339327.3.peg.4367.site.1, 2, 137, 139
1339327.3.peg.4367.site.2, 6, 137, 143
1339327.3.peg.4367.site.3, 3, 137, 140
1339327.3.peg.4367.site.4, 6, 137, 143
1339327.3.peg.4367.site.5, 0, 136, 136
1339327.3.peg.4367.site.6, 53, 136, 189
1339327.3.peg.4433.site.1, 1, 134, 135
1339327.3.peg.4433.site.2, 58, 137, 195
1339327.3.peg.4433.site.3, 46, 137, 183
1339327.3.peg.4433.site.4, 2, 135, 137
1339327.3.peg.4433.site.5, 11, 136, 147
1339327.3.peg.4433.site.6, 42, 136, 178
1339327.3.peg.4433.site.7, 95, 135, 230
1339327.3.peg.4433.site.8, 2, 137, 139
1339327.3.peg.4433.site.9, 8, 137, 145
1339327.3.peg.4433.site.10, 4, 136, 140
1339327.3.peg.4433.site.11, 23, 137, 160
1339327.3.peg.4433.site.12, 16, 136, 152
1339327.3.peg.4433.site.13, 103, 137, 240
1339327.3.peg.4433.site.14, 36, 137, 173
1339327.3.peg.4433.site.15, 7, 137, 144
1339327.3.peg.4433.site.16, 1, 135, 136
1339327.3.peg.4433.site.17, 3, 136, 139
1339327.3.peg.4433.site.18, 5, 136, 141
1339327.3.peg.4433.site.19, 1, 137, 138
1339327.3.peg.4433.site.20, 0, 136, 136
1339327.3.peg.4433.site.21, 8, 134, 142
1339327.3.peg.4433.site.22, 1, 134, 135
1339327.3.peg.4497.site.1, 26, 136, 162
1339327.3.peg.4497.site.2, 4, 136, 140
1339327.3.peg.4497.site.3, 26, 137, 163
1339327.3.peg.4362.site.1, 41, 135, 176
1339327.3.peg.4362.site.2, 1, 137, 138
1339327.3.peg.4362.site.3, 6, 136, 142
1339327.3.peg.4362.site.4, 11, 137, 148
1339327.3.peg.4362.site.5, 3, 137, 140
1339327.3.peg.4362.site.6, 0, 135, 135
1339327.3.peg.4362.site.7, 0, 134, 134
1339327.3.peg.4362.site.8, 0, 133, 133
1339327.3.peg.4362.site.9, 41, 118, 159
1339327.3.peg.4491.site.1, 1, 137, 138
1339327.3.peg.4491.site.2, 6, 136, 142
1339327.3.peg.4491.site.3, 3, 133, 136
1339327.3.peg.4491.site.4, 54, 133, 187
1339327.3.peg.4491.site.5, 0, 134, 134
1339327.3.peg.4491.site.6, 3, 133, 136
1339327.3.peg.4491.site.7, 1, 130, 131
1339327.3.peg.4491.site.8, 0, 129, 129
1339327.3.peg.4491.site.9, 5, 132, 137
1339327.3.peg.4491.site.10, 0, 135, 135
1339327.3.peg.4491.site.11, 2, 132, 134
1339327.3.peg.4491.site.12, 4, 132, 136
1339327.3.peg.1208.site.1, 81, 136, 217
1339327.3.peg.1208.site.2, 2, 136, 138
1339327.3.peg.1208.site.3, 8, 136, 144
1339327.3.peg.1208.site.4, 114, 135, 249
1339327.3.peg.1208.site.5, 2, 137, 139
1339327.3.peg.1208.site.6, 14, 135, 149
1339327.3.peg.1208.site.7, 2, 134, 136
1339327.3.peg.1208.site.8, 0, 133, 133
1339327.3.peg.1208.site.9, 3, 137, 140
1339327.3.peg.1208.site.10, 1, 137, 138
1339327.3.peg.1208.site.11, 3, 135, 138
1339327.3.peg.1208.site.12, 4, 135, 139
1339327.3.peg.1208.site.13, 7, 137, 144
1339327.3.peg.1208.site.14, 1, 136, 137
1339327.3.peg.1208.site.15, 0, 136, 136
1339327.3.peg.1209.site.1, 77, 136, 213
1339327.3.peg.1209.site.2, 2, 137, 139
1339327.3.peg.1209.site.3, 6, 137, 143
1339327.3.peg.1209.site.4, 10, 135, 145
1339327.3.peg.1209.site.5, 8, 137, 145
1339327.3.peg.1209.site.6, 37, 137, 174
1339327.3.peg.1209.site.7, 1, 137, 138
1339327.3.peg.1209.site.8, 1, 136, 137
1339327.3.peg.1209.site.9, 23, 136, 159
1339327.3.peg.1209.site.10, 3, 136, 139
1339327.3.peg.1209.site.11, 31, 136, 167
1339327.3.peg.1209.site.12, 127, 136, 263
1339327.3.peg.1209.site.13, 1, 135, 136
1339327.3.peg.1209.site.14, 2, 136, 138
1339327.3.peg.4788.site.1, 2, 137, 139
1339327.3.peg.4788.site.2, 12, 137, 149
1339327.3.peg.4788.site.3, 96, 135, 231
1339327.3.peg.4788.site.4, 1, 134, 135
1339327.3.peg.4788.site.5, 1, 137, 138
1339327.3.peg.4788.site.6, 121, 137, 258
1339327.3.peg.4788.site.7, 1, 137, 138
1339327.3.peg.4788.site.8, 3, 137, 140
1339327.3.peg.4788.site.9, 60, 137, 197
1339327.3.peg.4788.site.10, 25, 137, 162
1339327.3.peg.4788.site.11, 1, 137, 138
1339327.3.peg.4788.site.12, 8, 134, 142
1339327.3.peg.4788.site.13, 1, 136, 137
1339327.3.peg.4789.site.1, 3, 137, 140
1339327.3.peg.4789.site.2, 1, 137, 138
1339327.3.peg.4789.site.3, 1, 136, 137
1339327.3.peg.4789.site.4, 4, 136, 140
1339327.3.peg.4789.site.5, 3, 136, 139
1339327.3.peg.4780.site.1, 5, 136, 141
1339327.3.peg.4780.site.2, 1, 136, 137
1339327.3.peg.4780.site.3, 1, 136, 137
1339327.3.peg.4780.site.4, 89, 136, 225
1339327.3.peg.4780.site.5, 3, 136, 139
1339327.3.peg.4780.site.6, 4, 136, 140
1339327.3.peg.4780.site.7, 5, 136, 141
1339327.3.peg.4780.site.8, 78, 136, 214
1339327.3.peg.4780.site.9, 50, 135, 185
1339327.3.peg.4781.site.1, 2, 134, 136
1339327.3.peg.4781.site.2, 14, 136, 150
1339327.3.peg.4781.site.3, 15, 135, 150
1339327.3.peg.4781.site.4, 0, 134, 134
1339327.3.peg.4781.site.5, 3, 135, 138
1339327.3.peg.4781.site.6, 19, 135, 154
1339327.3.peg.4781.site.7, 17, 133, 150
1339327.3.peg.4784.site.1, 10, 135, 145
1339327.3.peg.4784.site.2, 4, 136, 140
1339327.3.peg.4784.site.3, 18, 135, 153
1339327.3.peg.4784.site.4, 0, 134, 134
1339327.3.peg.4784.site.5, 13, 134, 147
1339327.3.peg.4784.site.6, 32, 134, 166
1339327.3.peg.4785.site.1, 1, 136, 137
1339327.3.peg.4785.site.2, 85, 134, 219
1339327.3.peg.4785.site.3, 10, 134, 144
1339327.3.peg.4786.site.1, 15, 137, 152
1339327.3.peg.4786.site.2, 6, 136, 142
1339327.3.peg.4762.site.1, 0, 135, 135
1339327.3.peg.4762.site.2, 57, 136, 193
1339327.3.peg.4762.site.3, 120, 136, 256
1339327.3.peg.4762.site.4, 4, 136, 140
1339327.3.peg.4762.site.5, 114, 136, 250
1339327.3.peg.4762.site.6, 2, 136, 138
1339327.3.peg.4762.site.7, 87, 135, 222
1339327.3.peg.4762.site.8, 87, 135, 222
1339327.3.peg.4762.site.9, 10, 136, 146
1339327.3.peg.4762.site.10, 42, 137, 179
1339327.3.peg.4762.site.11, 38, 137, 175
1339327.3.peg.4762.site.12, 4, 137, 141
1339327.3.peg.4762.site.13, 3, 137, 140
1339327.3.peg.4762.site.14, 8, 137, 145
1339327.3.peg.4762.site.15, 3, 135, 138
1339327.3.peg.4762.site.16, 3, 137, 140
1339327.3.peg.4762.site.17, 15, 137, 152
1339327.3.peg.4762.site.18, 9, 136, 145
1339327.3.peg.4762.site.19, 3, 137, 140
1339327.3.peg.4762.site.20, 7, 137, 144
1339327.3.peg.4762.site.21, 100, 135, 235
1339327.3.peg.4762.site.22, 11, 135, 146
1339327.3.peg.4762.site.23, 4, 137, 141
1339327.3.peg.4762.site.24, 0, 136, 136
1339327.3.peg.4762.site.25, 66, 131, 197
1339327.3.peg.4762.site.26, 2, 137, 139
1339327.3.peg.4762.site.27, 3, 136, 139
1339327.3.peg.4762.site.28, 97, 134, 231
1339327.3.peg.4762.site.29, 8, 137, 145
1339327.3.peg.4762.site.30, 58, 125, 183
1339327.3.peg.4762.site.31, 54, 120, 174
1339327.3.peg.4762.site.32, 68, 107, 175
1339327.3.peg.2759.site.1, 2, 134, 136
1339327.3.peg.2759.site.2, 2, 135, 137
1339327.3.peg.4760.site.1, 0, 132, 132
1339327.3.peg.4761.site.1, 111, 134, 245
1339327.3.peg.4761.site.2, 7, 135, 142
1339327.3.peg.4761.site.3, 90, 134, 224
1339327.3.peg.4761.site.4, 2, 135, 137
1339327.3.peg.4761.site.5, 42, 136, 178
1339327.3.peg.4761.site.6, 15, 136, 151
1339327.3.peg.4761.site.7, 0, 136, 136
1339327.3.peg.4761.site.8, 90, 136, 226
1339327.3.peg.4761.site.9, 17, 136, 153
1339327.3.peg.4761.site.10, 0, 136, 136
1339327.3.peg.4761.site.11, 4, 136, 140
1339327.3.peg.4761.site.12, 2, 136, 138
1339327.3.peg.4761.site.13, 1, 136, 137
1339327.3.peg.4761.site.14, 1, 136, 137
1339327.3.peg.4761.site.15, 98, 136, 234
1339327.3.peg.4761.site.16, 10, 136, 146
1339327.3.peg.4761.site.17, 3, 134, 137
1339327.3.peg.4761.site.18, 61, 135, 196
1339327.3.peg.4761.site.19, 3, 134, 137
1339327.3.peg.4761.site.20, 0, 135, 135
1339327.3.peg.4761.site.21, 3, 137, 140
1339327.3.peg.4761.site.22, 8, 137, 145
1339327.3.peg.739.site.1, 0, 137, 137
1339327.3.peg.739.site.2, 29, 136, 165
1339327.3.peg.739.site.3, 9, 137, 146
1339327.3.peg.739.site.4, 36, 137, 173
1339327.3.peg.739.site.5, 2, 137, 139
1339327.3.peg.739.site.6, 24, 137, 161
1339327.3.peg.739.site.7, 18, 135, 153
1339327.3.peg.739.site.8, 5, 135, 140
1339327.3.peg.739.site.9, 28, 135, 163
1339327.3.peg.739.site.10, 13, 137, 150
1339327.3.peg.739.site.11, 31, 137, 168
1339327.3.peg.739.site.12, 0, 137, 137
1339327.3.peg.739.site.13, 8, 137, 145
1339327.3.peg.1512.site.1, 0, 135, 135
1339327.3.peg.1512.site.2, 2, 136, 138
1339327.3.peg.1512.site.3, 5, 136, 141
1339327.3.peg.1512.site.4, 3, 135, 138
1339327.3.peg.1512.site.5, 3, 137, 140
1339327.3.peg.1512.site.6, 1, 137, 138
1339327.3.peg.1512.site.7, 1, 135, 136
1339327.3.peg.1512.site.8, 35, 134, 169
1339327.3.peg.1512.site.9, 5, 136, 141
1339327.3.peg.1512.site.10, 3, 137, 140
1339327.3.peg.1512.site.11, 28, 136, 164
1339327.3.peg.1512.site.12, 2, 136, 138
1339327.3.peg.1512.site.13, 2, 136, 138
1339327.3.peg.1512.site.14, 2, 136, 138
1339327.3.peg.1512.site.15, 9, 136, 145
1339327.3.peg.1512.site.16, 2, 136, 138
1339327.3.peg.1512.site.17, 1, 136, 137
1339327.3.peg.1512.site.18, 16, 137, 153
1339327.3.peg.1512.site.19, 3, 137, 140
1339327.3.peg.1512.site.20, 2, 135, 137
1339327.3.peg.1512.site.21, 3, 136, 139
1339327.3.peg.1512.site.22, 1, 136, 137
1339327.3.peg.1512.site.23, 3, 137, 140
1339327.3.peg.1512.site.24, 65, 137, 202
1339327.3.peg.1512.site.25, 16, 137, 153
1339327.3.peg.1512.site.26, 3, 137, 140
1339327.3.peg.1512.site.27, 93, 137, 230
1339327.3.peg.1512.site.28, 1, 137, 138
1339327.3.peg.1512.site.29, 101, 134, 235
1339327.3.peg.1512.site.30, 1, 136, 137
1339327.3.peg.1512.site.31, 5, 136, 141
1339327.3.peg.1512.site.32, 97, 137, 234
1339327.3.peg.1512.site.33, 0, 136, 136
1339327.3.peg.1512.site.34, 10, 134, 144
1339327.3.peg.1512.site.35, 2, 134, 136
1339327.3.peg.1512.site.36, 10, 134, 144
1339327.3.peg.1512.site.37, 0, 135, 135
1339327.3.peg.1512.site.38, 6, 137, 143
1339327.3.peg.1512.site.39, 19, 135, 154
1339327.3.peg.1512.site.40, 2, 136, 138
1339327.3.peg.1512.site.41, 54, 136, 190
1339327.3.peg.1512.site.42, 15, 137, 152
1339327.3.peg.1512.site.43, 7, 137, 144
1339327.3.peg.1512.site.44, 5, 137, 142
1339327.3.peg.1512.site.45, 1, 137, 138
1339327.3.peg.1512.site.46, 1, 136, 137
1339327.3.peg.1512.site.47, 5, 137, 142
1339327.3.peg.1512.site.48, 8, 134, 142
1339327.3.peg.1512.site.49, 1, 137, 138
1339327.3.peg.1512.site.50, 7, 136, 143
1339327.3.peg.1512.site.51, 0, 135, 135
1339327.3.peg.1512.site.52, 3, 136, 139
1339327.3.peg.1512.site.53, 45, 136, 181
1339327.3.peg.1512.site.54, 1, 137, 138
1339327.3.peg.1512.site.55, 3, 137, 140
1339327.3.peg.1512.site.56, 11, 136, 147
1339327.3.peg.1513.site.1, 0, 137, 137
1339327.3.peg.1513.site.2, 0, 137, 137
1339327.3.peg.1513.site.3, 1, 136, 137
1339327.3.peg.1513.site.4, 2, 137, 139
1339327.3.peg.1513.site.5, 44, 136, 180
1339327.3.peg.1513.site.6, 3, 137, 140
1339327.3.peg.1513.site.7, 2, 136, 138
1339327.3.peg.1513.site.8, 83, 136, 219
1339327.3.peg.1513.site.9, 73, 135, 208
1339327.3.peg.1513.site.10, 1, 137, 138
1339327.3.peg.1513.site.11, 1, 137, 138
1339327.3.peg.1513.site.12, 1, 137, 138
1339327.3.peg.1513.site.13, 2, 137, 139
1339327.3.peg.1513.site.14, 37, 136, 173
1339327.3.peg.1513.site.15, 28, 135, 163
1339327.3.peg.1513.site.16, 0, 136, 136
1339327.3.peg.1513.site.17, 12, 135, 147
1339327.3.peg.1513.site.18, 4, 137, 141
1339327.3.peg.1513.site.19, 2, 137, 139
1339327.3.peg.1513.site.20, 0, 135, 135
1339327.3.peg.1510.site.1, 17, 135, 152
1339327.3.peg.1510.site.2, 16, 137, 153
1339327.3.peg.1510.site.3, 9, 137, 146
1339327.3.peg.1510.site.4, 7, 136, 143
1339327.3.peg.1510.site.5, 8, 136, 144
1339327.3.peg.1510.site.6, 43, 135, 178
1339327.3.peg.1510.site.7, 0, 136, 136
1339327.3.peg.1510.site.8, 13, 135, 148
1339327.3.peg.1510.site.9, 42, 133, 175
1339327.3.peg.1510.site.10, 41, 135, 176
1339327.3.peg.1510.site.11, 3, 137, 140
1339327.3.peg.1510.site.12, 3, 137, 140
1339327.3.peg.1510.site.13, 0, 136, 136
1339327.3.peg.1510.site.14, 21, 136, 157
1339327.3.peg.1510.site.15, 1, 137, 138
1339327.3.peg.1510.site.16, 0, 136, 136
1339327.3.peg.1510.site.17, 12, 134, 146
1339327.3.peg.1510.site.18, 7, 129, 136
1339327.3.peg.1510.site.19, 6, 134, 140
1339327.3.peg.1510.site.20, 2, 135, 137
1339327.3.peg.1510.site.21, 13, 134, 147
1339327.3.peg.1510.site.22, 11, 134, 145
1339327.3.peg.1510.site.23, 7, 134, 141
1339327.3.peg.1510.site.24, 23, 137, 160
1339327.3.peg.1510.site.25, 7, 135, 142
1339327.3.peg.1510.site.26, 118, 137, 255
1339327.3.peg.1510.site.27, 17, 136, 153
1339327.3.peg.1510.site.28, 5, 137, 142
1339327.3.peg.1510.site.29, 2, 137, 139
1339327.3.peg.1510.site.30, 2, 137, 139
1339327.3.peg.1510.site.31, 76, 137, 213
1339327.3.peg.1510.site.32, 24, 137, 161
1339327.3.peg.1510.site.33, 0, 136, 136
1339327.3.peg.1510.site.34, 5, 136, 141
1339327.3.peg.1510.site.35, 7, 134, 141
1339327.3.peg.1510.site.36, 0, 135, 135
1339327.3.peg.1510.site.37, 4, 135, 139
1339327.3.peg.737.site.1, 4, 135, 139
1339327.3.peg.737.site.2, 3, 134, 137
1339327.3.peg.737.site.3, 1, 132, 133
1339327.3.peg.737.site.4, 5, 136, 141
1339327.3.peg.737.site.5, 117, 137, 254
1339327.3.peg.737.site.6, 1, 135, 136
1339327.3.peg.737.site.7, 6, 136, 142
1339327.3.peg.1516.site.1, 0, 136, 136
1339327.3.peg.1516.site.2, 5, 136, 141
1339327.3.peg.1516.site.3, 2, 135, 137
1339327.3.peg.1516.site.4, 114, 131, 245
1339327.3.peg.1516.site.5, 111, 133, 244
1339327.3.peg.1516.site.6, 103, 134, 237
1339327.3.peg.1516.site.7, 88, 126, 214
1339327.3.peg.1516.site.8, 3, 136, 139
1339327.3.peg.1516.site.9, 10, 129, 139
1339327.3.peg.1516.site.10, 11, 135, 146
1339327.3.peg.1516.site.11, 15, 137, 152
1339327.3.peg.1516.site.12, 6, 137, 143
1339327.3.peg.1516.site.13, 1, 135, 136
1339327.3.peg.1516.site.14, 1, 134, 135
1339327.3.peg.1516.site.15, 91, 125, 216
1339327.3.peg.1516.site.16, 6, 136, 142
1339327.3.peg.1516.site.17, 96, 131, 227
1339327.3.peg.1516.site.18, 9, 134, 143
1339327.3.peg.1516.site.19, 3, 136, 139
1339327.3.peg.1516.site.20, 7, 130, 137
1339327.3.peg.1516.site.21, 2, 135, 137
1339327.3.peg.1516.site.22, 5, 134, 139
1339327.3.peg.1516.site.23, 3, 134, 137
1339327.3.peg.1516.site.24, 0, 133, 133
1339327.3.peg.1516.site.25, 7, 135, 142
1339327.3.peg.1516.site.26, 3, 137, 140
1339327.3.peg.1516.site.27, 128, 135, 263
1339327.3.peg.1517.site.1, 12, 137, 149
1339327.3.peg.1517.site.2, 8, 136, 144
1339327.3.peg.1517.site.3, 5, 134, 139
1339327.3.peg.1517.site.4, 0, 130, 130
1339327.3.peg.1517.site.5, 29, 133, 162
1339327.3.peg.1517.site.6, 0, 132, 132
1339327.3.peg.1517.site.7, 74, 127, 201
1339327.3.peg.1517.site.8, 0, 135, 135
1339327.3.peg.1517.site.9, 2, 136, 138
1339327.3.peg.1517.site.10, 0, 133, 133
1339327.3.peg.1517.site.11, 0, 131, 131
1339327.3.peg.1517.site.12, 9, 108, 117
1339327.3.peg.1517.site.13, 2, 99, 101
1339327.3.peg.1517.site.14, 3, 98, 101
1339327.3.peg.1517.site.15, 4, 99, 103
1339327.3.peg.1517.site.16, 4, 99, 103
1339327.3.peg.1517.site.17, 2, 98, 100
1339327.3.peg.1517.site.18, 27, 99, 126
1339327.3.peg.1514.site.1, 0, 136, 136
1339327.3.peg.1514.site.2, 24, 135, 159
1339327.3.peg.1514.site.3, 4, 137, 141
1339327.3.peg.1514.site.4, 0, 136, 136
1339327.3.peg.1514.site.5, 9, 137, 146
1339327.3.peg.1514.site.6, 1, 137, 138
1339327.3.peg.1514.site.7, 0, 135, 135
1339327.3.peg.1514.site.8, 3, 137, 140
1339327.3.peg.1514.site.9, 2, 137, 139
1339327.3.peg.1514.site.10, 121, 137, 258
1339327.3.peg.1514.site.11, 14, 136, 150
1339327.3.peg.1514.site.12, 3, 137, 140
1339327.3.peg.1515.site.1, 3, 137, 140
1339327.3.peg.1515.site.2, 6, 137, 143
1339327.3.peg.1515.site.3, 0, 136, 136
1339327.3.peg.1515.site.4, 7, 135, 142
1339327.3.peg.1515.site.5, 0, 136, 136
1339327.3.peg.1515.site.6, 7, 137, 144
1339327.3.peg.1515.site.7, 75, 136, 211
1339327.3.peg.1515.site.8, 88, 137, 225
1339327.3.peg.1515.site.9, 5, 135, 140
1339327.3.peg.1515.site.10, 0, 135, 135
1339327.3.peg.1515.site.11, 116, 135, 251
1339327.3.peg.1515.site.12, 8, 135, 143
1339327.3.peg.1515.site.13, 1, 135, 136
1339327.3.peg.1515.site.14, 0, 132, 132
1339327.3.peg.1515.site.15, 124, 134, 258
1339327.3.peg.1515.site.16, 1, 136, 137
1339327.3.peg.1515.site.17, 1, 134, 135
1339327.3.peg.1515.site.18, 10, 137, 147
1339327.3.peg.1515.site.19, 0, 137, 137
1339327.3.peg.1515.site.20, 2, 136, 138
1339327.3.peg.1515.site.21, 0, 135, 135
1339327.3.peg.1515.site.22, 83, 131, 214
1339327.3.peg.1515.site.23, 2, 136, 138
1339327.3.peg.1515.site.24, 1, 136, 137
1339327.3.peg.1515.site.25, 0, 137, 137
1339327.3.peg.1515.site.26, 2, 136, 138
1339327.3.peg.1515.site.27, 3, 137, 140
1339327.3.peg.1515.site.28, 5, 134, 139
1339327.3.peg.1515.site.29, 35, 137, 172
1339327.3.peg.1515.site.30, 132, 137, 269
1339327.3.peg.1515.site.31, 4, 136, 140
1339327.3.peg.1515.site.32, 3, 136, 139
1339327.3.peg.1515.site.33, 6, 136, 142
1339327.3.peg.1515.site.34, 3, 137, 140
1339327.3.peg.1515.site.35, 0, 135, 135
1339327.3.peg.1515.site.36, 8, 136, 144
1339327.3.peg.1515.site.37, 2, 135, 137
1339327.3.peg.1515.site.38, 0, 135, 135
1339327.3.peg.1515.site.39, 3, 136, 139
1339327.3.peg.1515.site.40, 4, 135, 139
1339327.3.peg.1515.site.41, 3, 133, 136
1339327.3.peg.1515.site.42, 15, 136, 151
1339327.3.peg.4512.site.1, 13, 137, 150
1339327.3.peg.4512.site.2, 129, 137, 266
1339327.3.peg.4512.site.3, 44, 135, 179
1339327.3.peg.4512.site.4, 7, 134, 141
1339327.3.peg.4512.site.5, 2, 137, 139
1339327.3.peg.4512.site.6, 0, 135, 135
1339327.3.peg.4512.site.7, 0, 135, 135
1339327.3.peg.4512.site.8, 1, 135, 136
1339327.3.peg.4512.site.9, 3, 136, 139
1339327.3.peg.4512.site.10, 2, 135, 137
1339327.3.peg.4512.site.11, 11, 135, 146
1339327.3.peg.4512.site.12, 15, 137, 152
1339327.3.peg.4512.site.13, 1, 135, 136
1339327.3.peg.4512.site.14, 16, 136, 152
1339327.3.peg.4512.site.15, 1, 137, 138
1339327.3.peg.4512.site.16, 6, 135, 141
1339327.3.peg.4512.site.17, 2, 136, 138
1339327.3.peg.4512.site.18, 42, 137, 179
1339327.3.peg.4512.site.19, 8, 136, 144
1339327.3.peg.4512.site.20, 117, 133, 250
1339327.3.peg.4512.site.21, 8, 133, 141
1339327.3.peg.4512.site.22, 64, 133, 197
1339327.3.peg.4512.site.23, 75, 135, 210
1339327.3.peg.4512.site.24, 4, 137, 141
1339327.3.peg.4512.site.25, 21, 136, 157
1339327.3.peg.4512.site.26, 55, 135, 190
1339327.3.peg.4512.site.27, 12, 136, 148
1339327.3.peg.4512.site.28, 8, 137, 145
1339327.3.peg.4512.site.29, 0, 135, 135
1339327.3.peg.4512.site.30, 0, 136, 136
1339327.3.peg.2647.site.1, 2, 134, 136
1339327.3.peg.2647.site.2, 2, 136, 138
1339327.3.peg.2647.site.3, 1, 131, 132
1339327.3.peg.2647.site.4, 4, 133, 137
1339327.3.peg.2647.site.5, 19, 131, 150
1339327.3.peg.2647.site.6, 21, 133, 154
1339327.3.peg.2647.site.7, 14, 134, 148
1339327.3.peg.2647.site.8, 6, 133, 139
1339327.3.peg.2647.site.9, 1, 133, 134
1339327.3.peg.2647.site.10, 21, 134, 155
1339327.3.peg.2647.site.11, 5, 135, 140
1339327.3.peg.2647.site.12, 20, 135, 155
1339327.3.peg.2647.site.13, 0, 131, 131
1339327.3.peg.2647.site.14, 83, 134, 217
1339327.3.peg.2647.site.15, 3, 135, 138
1339327.3.peg.2647.site.16, 3, 134, 137
1339327.3.peg.2647.site.17, 2, 129, 131
1339327.3.peg.2647.site.18, 2, 134, 136
1339327.3.peg.2647.site.19, 2, 135, 137
1339327.3.peg.2647.site.20, 2, 135, 137
1339327.3.peg.2647.site.21, 37, 135, 172
1339327.3.peg.2647.site.22, 3, 133, 136
1339327.3.peg.2647.site.23, 0, 133, 133
1339327.3.peg.2647.site.24, 0, 131, 131
1339327.3.peg.2647.site.25, 105, 126, 231
1339327.3.peg.4565.site.1, 4, 136, 140
1339327.3.peg.4565.site.2, 12, 136, 148
1339327.3.peg.4565.site.3, 2, 136, 138
1339327.3.peg.4565.site.4, 7, 137, 144
1339327.3.peg.4565.site.5, 1, 137, 138
1339327.3.peg.4565.site.6, 0, 136, 136
1339327.3.peg.4565.site.7, 24, 136, 160
1339327.3.peg.4565.site.8, 20, 137, 157
1339327.3.peg.4565.site.9, 13, 136, 149
1339327.3.peg.4565.site.10, 17, 137, 154
1339327.3.peg.4565.site.11, 37, 135, 172
1339327.3.peg.4565.site.12, 6, 136, 142
1339327.3.peg.4431.site.1, 3, 137, 140
1339327.3.peg.4431.site.2, 1, 136, 137
1339327.3.peg.4567.site.1, 0, 137, 137
1339327.3.peg.4567.site.2, 5, 137, 142
1339327.3.peg.4567.site.3, 3, 137, 140
1339327.3.peg.4567.site.4, 10, 137, 147
1339327.3.peg.4567.site.5, 2, 134, 136
1339327.3.peg.4567.site.6, 11, 136, 147
1339327.3.peg.4567.site.7, 3, 137, 140
1339327.3.peg.4567.site.8, 3, 137, 140
1339327.3.peg.4567.site.9, 1, 137, 138
1339327.3.peg.4567.site.10, 3, 136, 139
1339327.3.peg.4567.site.11, 1, 137, 138
1339327.3.peg.4567.site.12, 42, 135, 177
1339327.3.peg.4567.site.13, 8, 135, 143
1339327.3.peg.4567.site.14, 1, 137, 138
1339327.3.peg.4567.site.15, 3, 137, 140
1339327.3.peg.4318.site.1, 3, 136, 139
1339327.3.peg.4318.site.2, 20, 137, 157
1339327.3.peg.4318.site.3, 10, 136, 146
1339327.3.peg.4318.site.4, 5, 137, 142
1339327.3.peg.4318.site.5, 19, 137, 156
1339327.3.peg.4318.site.6, 5, 137, 142
1339327.3.peg.4318.site.7, 2, 137, 139
1339327.3.peg.4318.site.8, 11, 137, 148
1339327.3.peg.4318.site.9, 8, 136, 144
1339327.3.peg.4318.site.10, 3, 134, 137
1339327.3.peg.4318.site.11, 3, 134, 137
1339327.3.peg.4318.site.12, 2, 134, 136
1339327.3.peg.4318.site.13, 87, 137, 224
1339327.3.peg.4318.site.14, 6, 137, 143
1339327.3.peg.4318.site.15, 0, 136, 136
1339327.3.peg.4318.site.16, 89, 136, 225
1339327.3.peg.4318.site.17, 88, 134, 222
1339327.3.peg.4318.site.18, 8, 135, 143
1339327.3.peg.2648.site.1, 1, 128, 129
1339327.3.peg.2648.site.2, 2, 130, 132
1339327.3.peg.2648.site.3, 1, 134, 135
1339327.3.peg.2648.site.4, 3, 131, 134
1339327.3.peg.2648.site.5, 3, 131, 134
1339327.3.peg.2648.site.6, 1, 133, 134
1339327.3.peg.2648.site.7, 2, 132, 134
1339327.3.peg.2648.site.8, 17, 134, 151
1339327.3.peg.2648.site.9, 6, 134, 140
1339327.3.peg.2648.site.10, 1, 135, 136
1339327.3.peg.2648.site.11, 47, 134, 181
1339327.3.peg.2648.site.12, 23, 136, 159
1339327.3.peg.2648.site.13, 3, 136, 139
1339327.3.peg.2648.site.14, 1, 136, 137
1339327.3.peg.2648.site.15, 25, 131, 156
1339327.3.peg.2648.site.16, 22, 133, 155
1339327.3.peg.2648.site.17, 5, 134, 139
1339327.3.peg.2648.site.18, 38, 134, 172
1339327.3.peg.2648.site.19, 1, 134, 135
1339327.3.peg.2648.site.20, 3, 132, 135
1339327.3.peg.2648.site.21, 1, 135, 136
1339327.3.peg.2648.site.22, 1, 135, 136
1339327.3.peg.2648.site.23, 65, 135, 200
1339327.3.peg.2648.site.24, 1, 135, 136
1339327.3.peg.2648.site.25, 0, 134, 134
1339327.3.peg.2648.site.26, 6, 134, 140
1339327.3.peg.2648.site.27, 13, 134, 147
1339327.3.peg.2648.site.28, 3, 133, 136
1339327.3.peg.2648.site.29, 112, 133, 245
1339327.3.peg.2648.site.30, 2, 134, 136
1339327.3.peg.2648.site.31, 1, 135, 136
1339327.3.peg.2648.site.32, 54, 135, 189
1339327.3.peg.2648.site.33, 5, 135, 140
1339327.3.peg.2648.site.34, 3, 133, 136
1339327.3.peg.2648.site.35, 40, 131, 171
1339327.3.peg.2648.site.36, 0, 133, 133
1339327.3.peg.2648.site.37, 0, 134, 134
1339327.3.peg.2648.site.38, 2, 125, 127
1339327.3.peg.2648.site.39, 2, 126, 128
1339327.3.peg.2648.site.40, 4, 127, 131
1339327.3.peg.4514.site.1, 0, 136, 136
1339327.3.peg.4514.site.2, 1, 137, 138
1339327.3.peg.4514.site.3, 2, 137, 139
1339327.3.peg.4514.site.4, 2, 137, 139
1339327.3.peg.4514.site.5, 0, 137, 137
1339327.3.peg.4514.site.6, 23, 137, 160
1339327.3.peg.4514.site.7, 2, 137, 139
1339327.3.peg.4514.site.8, 54, 137, 191
1339327.3.peg.4514.site.9, 75, 137, 212
1339327.3.peg.4514.site.10, 5, 137, 142
1339327.3.peg.4514.site.11, 5, 136, 141
1339327.3.peg.4514.site.12, 38, 136, 174
1339327.3.peg.4514.site.13, 1, 136, 137
1339327.3.peg.4514.site.14, 4, 137, 141
1339327.3.peg.4514.site.15, 0, 135, 135
1339327.3.peg.4514.site.16, 0, 136, 136
1339327.3.peg.4514.site.17, 2, 136, 138
1339327.3.peg.4514.site.18, 46, 137, 183
1339327.3.peg.4514.site.19, 3, 137, 140
1339327.3.peg.1196.site.1, 0, 133, 133
1339327.3.peg.1196.site.2, 7, 135, 142
1339327.3.peg.1196.site.3, 8, 137, 145
1339327.3.peg.1196.site.4, 0, 136, 136
1339327.3.peg.1196.site.5, 3, 137, 140
1339327.3.peg.1196.site.6, 0, 135, 135
1339327.3.peg.1196.site.7, 4, 135, 139
1339327.3.peg.1196.site.8, 2, 136, 138
1339327.3.peg.1196.site.9, 0, 137, 137
1339327.3.peg.1196.site.10, 2, 135, 137
1339327.3.peg.1196.site.11, 4, 135, 139
1339327.3.peg.1196.site.12, 16, 134, 150
1339327.3.peg.1196.site.13, 0, 133, 133
1339327.3.peg.1196.site.14, 25, 135, 160
1339327.3.peg.1196.site.15, 24, 136, 160
1339327.3.peg.1196.site.16, 122, 136, 258
1339327.3.peg.1196.site.17, 0, 136, 136
1339327.3.peg.1197.site.1, 2, 133, 135
1339327.3.peg.1197.site.2, 3, 135, 138
1339327.3.peg.1197.site.3, 0, 133, 133
1339327.3.peg.1197.site.4, 2, 133, 135
1339327.3.peg.1197.site.5, 11, 135, 146
1339327.3.peg.1197.site.6, 36, 136, 172
1339327.3.peg.1197.site.7, 16, 137, 153
1339327.3.peg.1197.site.8, 0, 136, 136
1339327.3.peg.1197.site.9, 0, 135, 135
1339327.3.peg.1197.site.10, 0, 134, 134
1339327.3.peg.1197.site.11, 36, 135, 171
1339327.3.peg.1197.site.12, 24, 135, 159
1339327.3.peg.1197.site.13, 1, 136, 137
1339327.3.peg.1197.site.14, 0, 135, 135
1339327.3.peg.1197.site.15, 32, 136, 168
1339327.3.peg.1197.site.16, 75, 134, 209
1339327.3.peg.1197.site.17, 3, 135, 138
1339327.3.peg.1197.site.18, 62, 136, 198
1339327.3.peg.1197.site.19, 22, 137, 159
1339327.3.peg.1197.site.20, 126, 137, 263
1339327.3.peg.1197.site.21, 0, 137, 137
1339327.3.peg.1197.site.22, 7, 137, 144
1339327.3.peg.1197.site.23, 19, 136, 155
1339327.3.peg.1194.site.1, 3, 133, 136
1339327.3.peg.1194.site.2, 1, 137, 138
1339327.3.peg.1194.site.3, 36, 136, 172
1339327.3.peg.1194.site.4, 7, 135, 142
1339327.3.peg.1194.site.5, 89, 135, 224
1339327.3.peg.1194.site.6, 1, 136, 137
1339327.3.peg.1194.site.7, 0, 136, 136
1339327.3.peg.1194.site.8, 44, 136, 180
1339327.3.peg.1194.site.9, 8, 137, 145
1339327.3.peg.1194.site.10, 1, 136, 137
1339327.3.peg.1195.site.1, 0, 136, 136
1339327.3.peg.1195.site.2, 2, 137, 139
1339327.3.peg.1195.site.3, 2, 136, 138
1339327.3.peg.1195.site.4, 1, 135, 136
1339327.3.peg.1195.site.5, 103, 135, 238
1339327.3.peg.1195.site.6, 24, 134, 158
1339327.3.peg.1195.site.7, 118, 133, 251
1339327.3.peg.1195.site.8, 2, 137, 139
1339327.3.peg.1195.site.9, 0, 136, 136
1339327.3.peg.1195.site.10, 0, 134, 134
1339327.3.peg.1195.site.11, 3, 136, 139
1339327.3.peg.1195.site.12, 2, 137, 139
1339327.3.peg.1195.site.13, 104, 137, 241
1339327.3.peg.1195.site.14, 1, 137, 138
1339327.3.peg.1192.site.1, 0, 137, 137
1339327.3.peg.1192.site.2, 1, 129, 130
1339327.3.peg.1192.site.3, 26, 137, 163
1339327.3.peg.1192.site.4, 0, 136, 136
1339327.3.peg.1192.site.5, 16, 136, 152
1339327.3.peg.1192.site.6, 2, 137, 139
1339327.3.peg.1192.site.7, 1, 137, 138
1339327.3.peg.1192.site.8, 0, 135, 135
1339327.3.peg.1192.site.9, 11, 136, 147
1339327.3.peg.1192.site.10, 3, 137, 140
1339327.3.peg.1192.site.11, 5, 137, 142
1339327.3.peg.1192.site.12, 30, 137, 167
1339327.3.peg.1192.site.13, 48, 137, 185
1339327.3.peg.1192.site.14, 4, 137, 141
1339327.3.peg.1192.site.15, 0, 136, 136
1339327.3.peg.1192.site.16, 3, 137, 140
1339327.3.peg.1192.site.17, 0, 136, 136
1339327.3.peg.1192.site.18, 5, 137, 142
1339327.3.peg.1193.site.1, 1, 137, 138
1339327.3.peg.1193.site.2, 26, 137, 163
1339327.3.peg.1193.site.3, 8, 137, 145
1339327.3.peg.1193.site.4, 15, 137, 152
1339327.3.peg.1193.site.5, 1, 137, 138
1339327.3.peg.1193.site.6, 0, 135, 135
1339327.3.peg.1193.site.7, 129, 135, 264
1339327.3.peg.1193.site.8, 1, 137, 138
1339327.3.peg.1193.site.9, 1, 136, 137
1339327.3.peg.1193.site.10, 131, 131, 262
1339327.3.peg.1193.site.11, 7, 136, 143
1339327.3.peg.1193.site.12, 3, 136, 139
1339327.3.peg.1193.site.13, 11, 135, 146
1339327.3.peg.1193.site.14, 7, 136, 143
1339327.3.peg.1193.site.15, 22, 137, 159
1339327.3.peg.1193.site.16, 28, 136, 164
1339327.3.peg.1193.site.17, 66, 137, 203
1339327.3.peg.1193.site.18, 103, 136, 239
1339327.3.peg.1193.site.19, 70, 136, 206
1339327.3.peg.1193.site.20, 5, 137, 142
1339327.3.peg.1193.site.21, 0, 135, 135
1339327.3.peg.1193.site.22, 1, 136, 137
1339327.3.peg.1193.site.23, 2, 136, 138
1339327.3.peg.1193.site.24, 77, 136, 213
1339327.3.peg.1193.site.25, 5, 137, 142
1339327.3.peg.1193.site.26, 1, 137, 138
1339327.3.peg.1193.site.27, 74, 135, 209
1339327.3.peg.1193.site.28, 31, 136, 167
1339327.3.peg.1193.site.29, 3, 135, 138
1339327.3.peg.1193.site.30, 13, 137, 150
1339327.3.peg.1193.site.31, 3, 137, 140
1339327.3.peg.1193.site.32, 0, 136, 136
1339327.3.peg.1193.site.33, 37, 137, 174
1339327.3.peg.1190.site.1, 17, 136, 153
1339327.3.peg.1191.site.1, 77, 135, 212
1339327.3.peg.1191.site.2, 16, 137, 153
1339327.3.peg.1191.site.3, 5, 135, 140
1339327.3.peg.1191.site.4, 5, 137, 142
1339327.3.peg.1191.site.5, 3, 137, 140
1339327.3.peg.1191.site.6, 7, 137, 144
1339327.3.peg.1191.site.7, 11, 137, 148
1339327.3.peg.1191.site.8, 11, 136, 147
1339327.3.peg.1191.site.9, 1, 136, 137
1339327.3.peg.1191.site.10, 49, 133, 182
1339327.3.peg.1191.site.11, 13, 137, 150
1339327.3.peg.4516.site.1, 3, 136, 139
1339327.3.peg.4516.site.2, 7, 135, 142
1339327.3.peg.4516.site.3, 0, 136, 136
1339327.3.peg.4516.site.4, 0, 137, 137
1339327.3.peg.4516.site.5, 109, 136, 245
1339327.3.peg.4516.site.6, 70, 137, 207
1339327.3.peg.4516.site.7, 3, 137, 140
1339327.3.peg.4516.site.8, 3, 137, 140
1339327.3.peg.4516.site.9, 1, 137, 138
1339327.3.peg.4516.site.10, 2, 137, 139
1339327.3.peg.4516.site.11, 45, 137, 182
1339327.3.peg.4516.site.12, 17, 136, 153
1339327.3.peg.4516.site.13, 6, 135, 141
1339327.3.peg.4516.site.14, 0, 135, 135
1339327.3.peg.4516.site.15, 0, 135, 135
1339327.3.peg.4516.site.16, 6, 135, 141
1339327.3.peg.4516.site.17, 0, 135, 135
1339327.3.peg.4516.site.18, 11, 136, 147
1339327.3.peg.4516.site.19, 2, 136, 138
1339327.3.peg.4516.site.20, 3, 136, 139
1339327.3.peg.4516.site.21, 0, 136, 136
1339327.3.peg.4516.site.22, 3, 135, 138
1339327.3.peg.4516.site.23, 7, 136, 143
1339327.3.peg.5149.site.1, 3, 134, 137
1339327.3.peg.5149.site.2, 34, 130, 164
1339327.3.peg.5149.site.3, 4, 130, 134
1339327.3.peg.4519.site.1, 0, 136, 136
1339327.3.peg.4519.site.2, 0, 135, 135
1339327.3.peg.4519.site.3, 1, 137, 138
1339327.3.peg.4519.site.4, 0, 136, 136
1339327.3.peg.4519.site.5, 24, 136, 160
1339327.3.peg.4519.site.6, 5, 136, 141
1339327.3.peg.4436.site.1, 0, 132, 132
1339327.3.peg.4436.site.2, 1, 134, 135
1339327.3.peg.4436.site.3, 0, 133, 133
1339327.3.peg.4436.site.4, 0, 132, 132
1339327.3.peg.4436.site.5, 1, 134, 135
1339327.3.peg.4436.site.6, 0, 132, 132
1339327.3.peg.4436.site.7, 3, 134, 137
1339327.3.peg.4436.site.8, 1, 134, 135
1339327.3.peg.4436.site.9, 39, 133, 172
1339327.3.peg.4436.site.10, 14, 133, 147
1339327.3.peg.4436.site.11, 1, 133, 134
1339327.3.peg.4436.site.12, 0, 133, 133
1339327.3.peg.4436.site.13, 2, 133, 135
1339327.3.peg.4436.site.14, 11, 132, 143
1339327.3.peg.4436.site.15, 6, 132, 138
1339327.3.peg.4436.site.16, 0, 132, 132
1339327.3.peg.4436.site.17, 111, 133, 244
1339327.3.peg.4436.site.18, 18, 133, 151
1339327.3.peg.4436.site.19, 102, 133, 235
1339327.3.peg.4436.site.20, 33, 133, 166
1339327.3.peg.4436.site.21, 33, 133, 166
1339327.3.peg.4436.site.22, 1, 132, 133
1339327.3.peg.4436.site.23, 25, 132, 157
1339327.3.peg.4436.site.24, 7, 132, 139
1339327.3.peg.4518.site.1, 0, 137, 137
1339327.3.peg.4518.site.2, 1, 137, 138
1339327.3.peg.4518.site.3, 1, 135, 136
1339327.3.peg.4518.site.4, 31, 132, 163
1339327.3.peg.4518.site.5, 2, 135, 137
1339327.3.peg.4518.site.6, 120, 137, 257
1339327.3.peg.4518.site.7, 1, 137, 138
1339327.3.peg.4518.site.8, 14, 137, 151
1339327.3.peg.4518.site.9, 1, 137, 138
1339327.3.peg.4518.site.10, 21, 137, 158
1339327.3.peg.4518.site.11, 4, 136, 140
1339327.3.peg.4518.site.12, 6, 137, 143
1339327.3.peg.4518.site.13, 1, 137, 138
1339327.3.peg.4518.site.14, 5, 137, 142
1339327.3.peg.4437.site.1, 3, 134, 137
1339327.3.peg.4437.site.2, 5, 130, 135
1339327.3.peg.4437.site.3, 0, 134, 134
1339327.3.peg.4437.site.4, 11, 130, 141
1339327.3.peg.4437.site.5, 6, 131, 137
1339327.3.peg.4437.site.6, 1, 133, 134
1339327.3.peg.4437.site.7, 17, 134, 151
1339327.3.peg.4437.site.8, 0, 134, 134
1339327.3.peg.4437.site.9, 2, 134, 136
1339327.3.peg.4437.site.10, 1, 134, 135
1339327.3.peg.4437.site.11, 4, 133, 137
1339327.3.peg.4437.site.12, 4, 134, 138
1339327.3.peg.4437.site.13, 30, 134, 164
1339327.3.peg.4437.site.14, 6, 133, 139
1339327.3.peg.4437.site.15, 1, 133, 134
1339327.3.peg.4437.site.16, 12, 134, 146
1339327.3.peg.4437.site.17, 0, 134, 134
1339327.3.peg.4437.site.18, 8, 134, 142
1339327.3.peg.4437.site.19, 5, 133, 138
1339327.3.peg.4437.site.20, 0, 132, 132
1339327.3.peg.4437.site.21, 0, 133, 133
1339327.3.peg.4437.site.22, 0, 129, 129
1339327.3.peg.4437.site.23, 3, 132, 135
1339327.3.peg.4437.site.24, 107, 132, 239
1339327.3.peg.4437.site.25, 2, 134, 136
1339327.3.peg.4437.site.26, 0, 134, 134
1339327.3.peg.4437.site.27, 0, 133, 133
1339327.3.peg.4437.site.28, 1, 133, 134
1339327.3.peg.4437.site.29, 53, 133, 186
1339327.3.peg.4437.site.30, 5, 133, 138
1339327.3.peg.4437.site.31, 0, 134, 134
1339327.3.peg.4437.site.32, 0, 134, 134
1339327.3.peg.4437.site.33, 18, 134, 152
1339327.3.peg.4437.site.34, 2, 134, 136
1339327.3.peg.4437.site.35, 2, 134, 136
1339327.3.peg.4437.site.36, 2, 133, 135
1339327.3.peg.4437.site.37, 111, 133, 244
1339327.3.peg.4437.site.38, 6, 133, 139
1339327.3.peg.4437.site.39, 1, 132, 133
1339327.3.peg.4437.site.40, 13, 133, 146
1339327.3.peg.4437.site.41, 2, 131, 133
1339327.3.peg.2422.site.1, 8, 128, 136
1339327.3.peg.2422.site.2, 9, 128, 137
1339327.3.peg.2422.site.3, 0, 129, 129
1339327.3.peg.2422.site.4, 2, 129, 131
1339327.3.peg.2422.site.5, 1, 129, 130
1339327.3.peg.2422.site.6, 2, 129, 131
1339327.3.peg.2422.site.7, 3, 129, 132
1339327.3.peg.2422.site.8, 2, 128, 130
1339327.3.peg.2422.site.9, 7, 130, 137
1339327.3.peg.2422.site.10, 2, 130, 132
1339327.3.peg.5048.site.1, 10, 136, 146
1339327.3.peg.1428.site.1, 2, 137, 139
1339327.3.peg.1428.site.2, 67, 137, 204
1339327.3.peg.1428.site.3, 1, 135, 136
1339327.3.peg.1428.site.4, 0, 137, 137
1339327.3.peg.1428.site.5, 2, 137, 139
1339327.3.peg.1428.site.6, 6, 137, 143
1339327.3.peg.1428.site.7, 44, 136, 180
1339327.3.peg.1428.site.8, 4, 137, 141
1339327.3.peg.1428.site.9, 1, 137, 138
1339327.3.peg.1428.site.10, 8, 137, 145
1339327.3.peg.1428.site.11, 6, 136, 142
1339327.3.peg.1428.site.12, 20, 134, 154
1339327.3.peg.1428.site.13, 0, 136, 136
1339327.3.peg.1428.site.14, 76, 136, 212
1339327.3.peg.1428.site.15, 3, 136, 139
1339327.3.peg.1428.site.16, 81, 133, 214
1339327.3.peg.1428.site.17, 1, 136, 137
1339327.3.peg.1428.site.18, 8, 136, 144
1339327.3.peg.1428.site.19, 82, 135, 217
1339327.3.peg.1428.site.20, 79, 137, 216
1339327.3.peg.1429.site.1, 1, 137, 138
1339327.3.peg.1429.site.2, 12, 137, 149
1339327.3.peg.1429.site.3, 7, 134, 141
1339327.3.peg.1429.site.4, 12, 135, 147
1339327.3.peg.1429.site.5, 13, 134, 147
1339327.3.peg.1429.site.6, 2, 133, 135
1339327.3.peg.1429.site.7, 5, 132, 137
1339327.3.peg.1429.site.8, 38, 135, 173
1339327.3.peg.1429.site.9, 0, 135, 135
1339327.3.peg.1429.site.10, 0, 136, 136
1339327.3.peg.1429.site.11, 14, 135, 149
1339327.3.peg.1429.site.12, 1, 137, 138
1339327.3.peg.1429.site.13, 5, 136, 141
1339327.3.peg.1429.site.14, 33, 137, 170
1339327.3.peg.1429.site.15, 21, 137, 158
1339327.3.peg.1429.site.16, 3, 137, 140
1339327.3.peg.1429.site.17, 4, 136, 140
1339327.3.peg.1429.site.18, 10, 136, 146
1339327.3.peg.1429.site.19, 0, 135, 135
1339327.3.peg.1429.site.20, 13, 137, 150
1339327.3.peg.1429.site.21, 1, 137, 138
1339327.3.peg.1429.site.22, 3, 136, 139
1339327.3.peg.1429.site.23, 15, 136, 151
1339327.3.peg.1429.site.24, 0, 136, 136
1339327.3.peg.1426.site.1, 3, 137, 140
1339327.3.peg.1426.site.2, 1, 136, 137
1339327.3.peg.1426.site.3, 0, 133, 133
1339327.3.peg.1426.site.4, 0, 134, 134
1339327.3.peg.1426.site.5, 5, 137, 142
1339327.3.peg.1426.site.6, 6, 137, 143
1339327.3.peg.1426.site.7, 14, 136, 150
1339327.3.peg.1426.site.8, 4, 137, 141
1339327.3.peg.1426.site.9, 0, 135, 135
1339327.3.peg.1426.site.10, 12, 137, 149
1339327.3.peg.1426.site.11, 0, 135, 135
1339327.3.peg.1426.site.12, 4, 134, 138
1339327.3.peg.1426.site.13, 0, 137, 137
1339327.3.peg.1426.site.14, 5, 137, 142
1339327.3.peg.1426.site.15, 8, 137, 145
1339327.3.peg.1426.site.16, 5, 137, 142
1339327.3.peg.1426.site.17, 10, 136, 146
1339327.3.peg.1426.site.18, 1, 137, 138
1339327.3.peg.1426.site.19, 1, 136, 137
1339327.3.peg.1427.site.1, 1, 137, 138
1339327.3.peg.1427.site.2, 71, 135, 206
1339327.3.peg.1427.site.3, 3, 135, 138
1339327.3.peg.1427.site.4, 1, 136, 137
1339327.3.peg.1427.site.5, 0, 136, 136
1339327.3.peg.1427.site.6, 3, 137, 140
1339327.3.peg.1427.site.7, 3, 134, 137
1339327.3.peg.1427.site.8, 5, 134, 139
1339327.3.peg.1427.site.9, 2, 136, 138
1339327.3.peg.1427.site.10, 5, 136, 141
1339327.3.peg.1427.site.11, 2, 137, 139
1339327.3.peg.1427.site.12, 28, 137, 165
1339327.3.peg.1427.site.13, 1, 137, 138
1339327.3.peg.1427.site.14, 0, 135, 135
1339327.3.peg.1427.site.15, 11, 136, 147
1339327.3.peg.1424.site.1, 9, 136, 145
1339327.3.peg.1424.site.2, 6, 137, 143
1339327.3.peg.1424.site.3, 2, 136, 138
1339327.3.peg.1424.site.4, 2, 132, 134
1339327.3.peg.1424.site.5, 0, 127, 127
1339327.3.peg.1424.site.6, 62, 137, 199
1339327.3.peg.1424.site.7, 4, 137, 141
1339327.3.peg.1424.site.8, 0, 135, 135
1339327.3.peg.1424.site.9, 0, 133, 133
1339327.3.peg.1424.site.10, 0, 135, 135
1339327.3.peg.1424.site.11, 12, 135, 147
1339327.3.peg.1424.site.12, 5, 137, 142
1339327.3.peg.1424.site.13, 3, 135, 138
1339327.3.peg.1424.site.14, 37, 137, 174
1339327.3.peg.1424.site.15, 22, 136, 158
1339327.3.peg.1424.site.16, 4, 136, 140
1339327.3.peg.1425.site.1, 1, 135, 136
1339327.3.peg.1425.site.2, 0, 127, 127
1339327.3.peg.1425.site.3, 56, 135, 191
1339327.3.peg.1425.site.4, 3, 137, 140
1339327.3.peg.1425.site.5, 2, 137, 139
1339327.3.peg.1425.site.6, 2, 136, 138
1339327.3.peg.1425.site.7, 1, 136, 137
1339327.3.peg.1425.site.8, 6, 137, 143
1339327.3.peg.1425.site.9, 12, 137, 149
1339327.3.peg.1425.site.10, 5, 134, 139
1339327.3.peg.1425.site.11, 3, 136, 139
1339327.3.peg.1425.site.12, 13, 136, 149
1339327.3.peg.1425.site.13, 2, 137, 139
1339327.3.peg.1425.site.14, 1, 136, 137
1339327.3.peg.1425.site.15, 5, 136, 141
1339327.3.peg.1425.site.16, 0, 135, 135
1339327.3.peg.1425.site.17, 13, 137, 150
1339327.3.peg.1425.site.18, 3, 136, 139
1339327.3.peg.1425.site.19, 2, 135, 137
1339327.3.peg.1425.site.20, 16, 136, 152
1339327.3.peg.1422.site.1, 23, 134, 157
1339327.3.peg.1422.site.2, 2, 137, 139
1339327.3.peg.1422.site.3, 1, 136, 137
1339327.3.peg.1422.site.4, 1, 137, 138
1339327.3.peg.1422.site.5, 7, 135, 142
1339327.3.peg.1422.site.6, 2, 135, 137
1339327.3.peg.1423.site.1, 2, 136, 138
1339327.3.peg.1423.site.2, 2, 135, 137
1339327.3.peg.1423.site.3, 3, 135, 138
1339327.3.peg.1423.site.4, 1, 136, 137
1339327.3.peg.1423.site.5, 5, 135, 140
1339327.3.peg.1423.site.6, 17, 137, 154
1339327.3.peg.1423.site.7, 2, 136, 138
1339327.3.peg.1423.site.8, 2, 137, 139
1339327.3.peg.1420.site.1, 0, 135, 135
1339327.3.peg.1420.site.2, 17, 136, 153
1339327.3.peg.1420.site.3, 0, 137, 137
1339327.3.peg.1420.site.4, 4, 137, 141
1339327.3.peg.1420.site.5, 4, 137, 141
1339327.3.peg.1420.site.6, 3, 137, 140
1339327.3.peg.1420.site.7, 0, 136, 136
1339327.3.peg.1420.site.8, 4, 134, 138
1339327.3.peg.1420.site.9, 0, 135, 135
1339327.3.peg.1420.site.10, 1, 135, 136
1339327.3.peg.1420.site.11, 105, 136, 241
1339327.3.peg.1420.site.12, 0, 136, 136
1339327.3.peg.1420.site.13, 3, 136, 139
1339327.3.peg.1420.site.14, 4, 137, 141
1339327.3.peg.1420.site.15, 58, 135, 193
1339327.3.peg.1420.site.16, 34, 135, 169
1339327.3.peg.1420.site.17, 15, 136, 151
1339327.3.peg.1420.site.18, 2, 137, 139
1339327.3.peg.1420.site.19, 5, 136, 141
1339327.3.peg.1420.site.20, 14, 136, 150
1339327.3.peg.1420.site.21, 21, 136, 157
1339327.3.peg.1420.site.22, 3, 136, 139
1339327.3.peg.1420.site.23, 0, 136, 136
1339327.3.peg.1420.site.24, 4, 137, 141
1339327.3.peg.1420.site.25, 1, 136, 137
1339327.3.peg.1420.site.26, 3, 136, 139
1339327.3.peg.1421.site.1, 4, 136, 140
1339327.3.peg.1421.site.2, 14, 136, 150
1339327.3.peg.1421.site.3, 4, 135, 139
1339327.3.peg.1421.site.4, 22, 137, 159
1339327.3.peg.1421.site.5, 0, 137, 137
1339327.3.peg.1421.site.6, 0, 136, 136
1339327.3.peg.1421.site.7, 0, 136, 136
1339327.3.peg.1421.site.8, 0, 135, 135
1339327.3.peg.1421.site.9, 3, 136, 139
1339327.3.peg.1421.site.10, 3, 136, 139
1339327.3.peg.1421.site.11, 18, 136, 154
1339327.3.peg.3590.site.1, 15, 135, 150
1339327.3.peg.3590.site.2, 6, 137, 143
1339327.3.peg.3590.site.3, 2, 137, 139
1339327.3.peg.3590.site.4, 7, 136, 143
1339327.3.peg.3590.site.5, 4, 135, 139
1339327.3.peg.3590.site.6, 51, 134, 185
1339327.3.peg.3590.site.7, 75, 135, 210
1339327.3.peg.3590.site.8, 6, 135, 141
1339327.3.peg.3590.site.9, 3, 132, 135
1339327.3.peg.3590.site.10, 0, 134, 134
1339327.3.peg.3590.site.11, 4, 134, 138
1339327.3.peg.3590.site.12, 27, 133, 160
1339327.3.peg.3590.site.13, 3, 136, 139
1339327.3.peg.3590.site.14, 3, 135, 138
1339327.3.peg.3590.site.15, 14, 135, 149
1339327.3.peg.3590.site.16, 2, 137, 139
1339327.3.peg.3590.site.17, 22, 137, 159
1339327.3.peg.3590.site.18, 22, 137, 159
1339327.3.peg.3590.site.19, 17, 136, 153
1339327.3.peg.3590.site.20, 24, 136, 160
1339327.3.peg.3590.site.21, 25, 133, 158
1339327.3.peg.3590.site.22, 2, 133, 135
1339327.3.peg.3590.site.23, 11, 136, 147
1339327.3.peg.3590.site.24, 1, 137, 138
1339327.3.peg.3590.site.25, 2, 136, 138
1339327.3.peg.3590.site.26, 2, 136, 138
1339327.3.peg.3590.site.27, 0, 137, 137
1339327.3.peg.3591.site.1, 6, 136, 142
1339327.3.peg.3591.site.2, 8, 136, 144
1339327.3.peg.3591.site.3, 8, 136, 144
1339327.3.peg.3591.site.4, 9, 133, 142
1339327.3.peg.3591.site.5, 101, 135, 236
1339327.3.peg.3591.site.6, 10, 136, 146
1339327.3.peg.3591.site.7, 2, 133, 135
1339327.3.peg.3591.site.8, 132, 132, 264
1339327.3.peg.3591.site.9, 37, 134, 171
1339327.3.peg.3591.site.10, 3, 136, 139
1339327.3.peg.3591.site.11, 16, 134, 150
1339327.3.peg.3591.site.12, 1, 135, 136
1339327.3.peg.3591.site.13, 1, 136, 137
1339327.3.peg.3591.site.14, 2, 136, 138
1339327.3.peg.3591.site.15, 0, 120, 120
1339327.3.peg.3591.site.16, 1, 118, 119
1339327.3.peg.3591.site.17, 11, 134, 145
1339327.3.peg.3591.site.18, 11, 133, 144
1339327.3.peg.3591.site.19, 1, 112, 113
1339327.3.peg.3591.site.20, 2, 133, 135
1339327.3.peg.3591.site.21, 14, 135, 149
1339327.3.peg.3591.site.22, 7, 136, 143
1339327.3.peg.3591.site.23, 1, 137, 138
1339327.3.peg.3591.site.24, 88, 135, 223
1339327.3.peg.3591.site.25, 2, 136, 138
1339327.3.peg.3592.site.1, 3, 136, 139
1339327.3.peg.3592.site.2, 3, 137, 140
1339327.3.peg.3592.site.3, 2, 121, 123
1339327.3.peg.3592.site.4, 20, 127, 147
1339327.3.peg.3592.site.5, 76, 131, 207
1339327.3.peg.3592.site.6, 3, 132, 135
1339327.3.peg.3592.site.7, 31, 131, 162
1339327.3.peg.3592.site.8, 105, 129, 234
1339327.3.peg.3592.site.9, 15, 137, 152
1339327.3.peg.3592.site.10, 73, 137, 210
1339327.3.peg.3592.site.11, 46, 137, 183
1339327.3.peg.3592.site.12, 4, 137, 141
1339327.3.peg.3592.site.13, 8, 135, 143
1339327.3.peg.3592.site.14, 4, 136, 140
1339327.3.peg.3592.site.15, 7, 136, 143
1339327.3.peg.3592.site.16, 0, 137, 137
1339327.3.peg.3592.site.17, 0, 137, 137
1339327.3.peg.3592.site.18, 9, 134, 143
1339327.3.peg.3592.site.19, 2, 132, 134
1339327.3.peg.3592.site.20, 5, 126, 131
1339327.3.peg.3592.site.21, 7, 133, 140
1339327.3.peg.3592.site.22, 58, 135, 193
1339327.3.peg.3592.site.23, 1, 130, 131
1339327.3.peg.3592.site.24, 2, 113, 115
1339327.3.peg.3592.site.25, 94, 121, 215
1339327.3.peg.3592.site.26, 13, 131, 144
1339327.3.peg.3592.site.27, 18, 131, 149
1339327.3.peg.3592.site.28, 3, 112, 115
1339327.3.peg.3592.site.29, 5, 133, 138
1339327.3.peg.3592.site.30, 0, 134, 134
1339327.3.peg.3592.site.31, 1, 135, 136
1339327.3.peg.3592.site.32, 1, 136, 137
1339327.3.peg.3596.site.1, 3, 136, 139
1339327.3.peg.3596.site.2, 0, 134, 134
1339327.3.peg.3596.site.3, 9, 136, 145
1339327.3.peg.3596.site.4, 29, 136, 165
1339327.3.peg.3596.site.5, 30, 135, 165
1339327.3.peg.3596.site.6, 0, 132, 132
1339327.3.peg.3596.site.7, 3, 134, 137
1339327.3.peg.3596.site.8, 5, 134, 139
1339327.3.peg.3596.site.9, 2, 122, 124
1339327.3.peg.3596.site.10, 36, 120, 156
1339327.3.peg.3596.site.11, 0, 134, 134
1339327.3.peg.3596.site.12, 2, 132, 134
1339327.3.peg.3596.site.13, 80, 135, 215
1339327.3.peg.3596.site.14, 0, 134, 134
1339327.3.peg.3596.site.15, 25, 134, 159
1339327.3.peg.3596.site.16, 0, 134, 134
1339327.3.peg.3596.site.17, 41, 136, 177
1339327.3.peg.3597.site.1, 9, 128, 137
1339327.3.peg.3597.site.2, 60, 130, 190
1339327.3.peg.3597.site.3, 31, 136, 167
1339327.3.peg.3597.site.4, 60, 137, 197
1339327.3.peg.3597.site.5, 73, 135, 208
1339327.3.peg.3597.site.6, 3, 135, 138
1339327.3.peg.3597.site.7, 0, 136, 136
1339327.3.peg.3597.site.8, 3, 135, 138
1339327.3.peg.3598.site.1, 16, 135, 151
1339327.3.peg.3598.site.2, 1, 137, 138
1339327.3.peg.3598.site.3, 1, 137, 138
1339327.3.peg.3598.site.4, 61, 137, 198
1339327.3.peg.3598.site.5, 3, 137, 140
1339327.3.peg.3598.site.6, 62, 136, 198
1339327.3.peg.3598.site.7, 94, 136, 230
1339327.3.peg.3598.site.8, 3, 137, 140
1339327.3.peg.3598.site.9, 4, 136, 140
1339327.3.peg.3598.site.10, 2, 136, 138
1339327.3.peg.3598.site.11, 12, 137, 149
1339327.3.peg.3598.site.12, 1, 137, 138
1339327.3.peg.3598.site.13, 44, 135, 179
1339327.3.peg.3598.site.14, 0, 136, 136
1339327.3.peg.3598.site.15, 0, 137, 137
1339327.3.peg.3598.site.16, 1, 137, 138
1339327.3.peg.3598.site.17, 3, 136, 139
1339327.3.peg.3598.site.18, 5, 135, 140
1339327.3.peg.3598.site.19, 3, 133, 136
1339327.3.peg.3598.site.20, 7, 136, 143
1339327.3.peg.3598.site.21, 50, 137, 187
1339327.3.peg.3598.site.22, 3, 136, 139
1339327.3.peg.3598.site.23, 3, 137, 140
1339327.3.peg.3598.site.24, 1, 136, 137
1339327.3.peg.3598.site.25, 5, 136, 141
1339327.3.peg.3598.site.26, 3, 135, 138
1339327.3.peg.3598.site.27, 18, 135, 153
1339327.3.peg.3598.site.28, 2, 136, 138
1339327.3.peg.3598.site.29, 4, 136, 140
1339327.3.peg.3598.site.30, 2, 137, 139
1339327.3.peg.3598.site.31, 2, 136, 138
1339327.3.peg.3598.site.32, 104, 136, 240
1339327.3.peg.3598.site.33, 3, 134, 137
1339327.3.peg.3598.site.34, 30, 137, 167
1339327.3.peg.3598.site.35, 4, 137, 141
1339327.3.peg.3598.site.36, 1, 137, 138
1339327.3.peg.3598.site.37, 11, 134, 145
1339327.3.peg.3598.site.38, 121, 137, 258
1339327.3.peg.3598.site.39, 1, 136, 137
1339327.3.peg.3598.site.40, 4, 135, 139
1339327.3.peg.3598.site.41, 1, 135, 136
1339327.3.peg.3598.site.42, 0, 135, 135
1339327.3.peg.3598.site.43, 0, 136, 136
1339327.3.peg.3599.site.1, 14, 135, 149
1339327.3.peg.3599.site.2, 96, 136, 232
1339327.3.peg.3599.site.3, 20, 136, 156
1339327.3.peg.3599.site.4, 44, 136, 180
1339327.3.peg.3599.site.5, 1, 136, 137
1339327.3.peg.3599.site.6, 7, 136, 143
1339327.3.peg.3599.site.7, 43, 136, 179
1339327.3.peg.3599.site.8, 0, 135, 135
1339327.3.peg.3599.site.9, 23, 136, 159
1339327.3.peg.3599.site.10, 37, 136, 173
1339327.3.peg.3599.site.11, 14, 136, 150
1339327.3.peg.3599.site.12, 3, 136, 139
1339327.3.peg.3599.site.13, 5, 135, 140
1339327.3.peg.3599.site.14, 2, 135, 137
1339327.3.peg.5056.site.1, 104, 136, 240
1339327.3.peg.5056.site.2, 95, 135, 230
1339327.3.peg.5056.site.3, 11, 136, 147
1339327.3.peg.5056.site.4, 29, 137, 166
1339327.3.peg.5056.site.5, 1, 137, 138
1339327.3.peg.5056.site.6, 6, 135, 141
1339327.3.peg.5056.site.7, 3, 136, 139
1339327.3.peg.5056.site.8, 4, 137, 141
1339327.3.peg.5056.site.9, 5, 137, 142
1339327.3.peg.5056.site.10, 3, 136, 139
1339327.3.peg.5056.site.11, 0, 135, 135
1339327.3.peg.5056.site.12, 5, 136, 141
1339327.3.peg.3356.site.1, 3, 134, 137
1339327.3.peg.3356.site.2, 4, 135, 139
1339327.3.peg.3356.site.3, 0, 136, 136
1339327.3.peg.3356.site.4, 2, 137, 139
1339327.3.peg.3356.site.5, 3, 135, 138
1339327.3.peg.3356.site.6, 20, 132, 152
1339327.3.peg.3356.site.7, 3, 136, 139
1339327.3.peg.3356.site.8, 2, 134, 136
1339327.3.peg.3356.site.9, 46, 134, 180
1339327.3.peg.3356.site.10, 5, 137, 142
1339327.3.peg.3356.site.11, 2, 135, 137
1339327.3.peg.3356.site.12, 2, 132, 134
1339327.3.peg.3356.site.13, 3, 133, 136
1339327.3.peg.3356.site.14, 2, 131, 133
1339327.3.peg.3356.site.15, 5, 136, 141
1339327.3.peg.3356.site.16, 35, 133, 168
1339327.3.peg.3356.site.17, 48, 136, 184
1339327.3.peg.3356.site.18, 1, 122, 123
1339327.3.peg.3356.site.19, 2, 126, 128
1339327.3.peg.3356.site.20, 20, 135, 155
1339327.3.peg.3357.site.1, 11, 137, 148
1339327.3.peg.3357.site.2, 2, 136, 138
1339327.3.peg.3357.site.3, 3, 136, 139
1339327.3.peg.3357.site.4, 0, 137, 137
1339327.3.peg.3357.site.5, 1, 136, 137
1339327.3.peg.3357.site.6, 44, 135, 179
1339327.3.peg.3357.site.7, 3, 136, 139
1339327.3.peg.3357.site.8, 1, 135, 136
1339327.3.peg.3357.site.9, 17, 135, 152
1339327.3.peg.3357.site.10, 3, 131, 134
1339327.3.peg.3357.site.11, 3, 135, 138
1339327.3.peg.3357.site.12, 5, 136, 141
1339327.3.peg.3357.site.13, 3, 133, 136
1339327.3.peg.3357.site.14, 5, 136, 141
1339327.3.peg.3357.site.15, 5, 135, 140
1339327.3.peg.3357.site.16, 32, 131, 163
1339327.3.peg.3357.site.17, 3, 129, 132
1339327.3.peg.3357.site.18, 0, 134, 134
1339327.3.peg.3357.site.19, 2, 132, 134
1339327.3.peg.3357.site.20, 4, 136, 140
1339327.3.peg.3357.site.21, 72, 137, 209
1339327.3.peg.3357.site.22, 128, 136, 264
1339327.3.peg.3357.site.23, 0, 134, 134
1339327.3.peg.3357.site.24, 6, 134, 140
1339327.3.peg.3357.site.25, 0, 134, 134
1339327.3.peg.3357.site.26, 2, 135, 137
1339327.3.peg.3354.site.1, 3, 130, 133
1339327.3.peg.3354.site.2, 7, 130, 137
1339327.3.peg.3354.site.3, 3, 131, 134
1339327.3.peg.3354.site.4, 64, 135, 199
1339327.3.peg.3354.site.5, 1, 134, 135
1339327.3.peg.3354.site.6, 17, 134, 151
1339327.3.peg.3354.site.7, 2, 133, 135
1339327.3.peg.3354.site.8, 1, 137, 138
1339327.3.peg.3354.site.9, 19, 137, 156
1339327.3.peg.3354.site.10, 0, 136, 136
1339327.3.peg.3354.site.11, 120, 130, 250
1339327.3.peg.3354.site.12, 128, 136, 264
1339327.3.peg.3355.site.1, 86, 127, 213
1339327.3.peg.3355.site.2, 42, 123, 165
1339327.3.peg.3355.site.3, 1, 126, 127
1339327.3.peg.3355.site.4, 2, 129, 131
1339327.3.peg.3355.site.5, 66, 129, 195
1339327.3.peg.3355.site.6, 46, 130, 176
1339327.3.peg.3355.site.7, 1, 137, 138
1339327.3.peg.3355.site.8, 131, 137, 268
1339327.3.peg.3352.site.1, 15, 134, 149
1339327.3.peg.3352.site.2, 2, 134, 136
1339327.3.peg.3352.site.3, 10, 134, 144
1339327.3.peg.3352.site.4, 6, 135, 141
1339327.3.peg.3352.site.5, 3, 137, 140
1339327.3.peg.3352.site.6, 1, 137, 138
1339327.3.peg.3352.site.7, 30, 137, 167
1339327.3.peg.3352.site.8, 8, 135, 143
1339327.3.peg.3353.site.1, 2, 136, 138
1339327.3.peg.3353.site.2, 17, 137, 154
1339327.3.peg.3353.site.3, 12, 136, 148
1339327.3.peg.3353.site.4, 1, 136, 137
1339327.3.peg.3353.site.5, 2, 136, 138
1339327.3.peg.3353.site.6, 87, 136, 223
1339327.3.peg.3353.site.7, 1, 136, 137
1339327.3.peg.3353.site.8, 2, 137, 139
1339327.3.peg.3353.site.9, 3, 134, 137
1339327.3.peg.3353.site.10, 1, 134, 135
1339327.3.peg.3353.site.11, 23, 137, 160
1339327.3.peg.3353.site.12, 1, 135, 136
1339327.3.peg.3353.site.13, 13, 133, 146
1339327.3.peg.3353.site.14, 13, 135, 148
1339327.3.peg.3350.site.1, 0, 137, 137
1339327.3.peg.3350.site.2, 24, 137, 161
1339327.3.peg.3350.site.3, 8, 137, 145
1339327.3.peg.3350.site.4, 3, 137, 140
1339327.3.peg.3350.site.5, 4, 137, 141
1339327.3.peg.3351.site.1, 3, 132, 135
1339327.3.peg.3351.site.2, 3, 134, 137
1339327.3.peg.3351.site.3, 2, 135, 137
1339327.3.peg.3351.site.4, 2, 135, 137
1339327.3.peg.3351.site.5, 11, 134, 145
1339327.3.peg.3351.site.6, 24, 136, 160
1339327.3.peg.3351.site.7, 0, 134, 134
1339327.3.peg.3358.site.1, 0, 133, 133
1339327.3.peg.3358.site.2, 2, 133, 135
1339327.3.peg.3358.site.3, 9, 133, 142
1339327.3.peg.3358.site.4, 28, 134, 162
1339327.3.peg.3358.site.5, 3, 132, 135
1339327.3.peg.3358.site.6, 10, 133, 143
1339327.3.peg.3358.site.7, 2, 136, 138
1339327.3.peg.3358.site.8, 0, 136, 136
1339327.3.peg.3358.site.9, 1, 133, 134
1339327.3.peg.3358.site.10, 22, 135, 157
1339327.3.peg.3358.site.11, 3, 135, 138
1339327.3.peg.3359.site.1, 1, 125, 126
1339327.3.peg.3359.site.2, 36, 108, 144
1339327.3.peg.3359.site.3, 0, 101, 101
1339327.3.peg.3359.site.4, 0, 124, 124
1339327.3.peg.3359.site.5, 3, 136, 139
1339327.3.peg.3359.site.6, 1, 136, 137
1339327.3.peg.3359.site.7, 1, 136, 137
1339327.3.peg.3359.site.8, 2, 130, 132
1339327.3.peg.3359.site.9, 72, 133, 205
1339327.3.peg.1731.site.1, 12, 131, 143
1339327.3.peg.1731.site.2, 83, 132, 215
1339327.3.peg.1731.site.3, 1, 134, 135
1339327.3.peg.1731.site.4, 118, 136, 254
1339327.3.peg.1731.site.5, 3, 136, 139
1339327.3.peg.1731.site.6, 71, 135, 206
1339327.3.peg.1731.site.7, 9, 136, 145
1339327.3.peg.1731.site.8, 7, 134, 141
1339327.3.peg.1731.site.9, 4, 135, 139
1339327.3.peg.1731.site.10, 13, 136, 149
1339327.3.peg.1731.site.11, 11, 136, 147
1339327.3.peg.110.site.1, 2, 137, 139
1339327.3.peg.110.site.2, 4, 137, 141
1339327.3.peg.110.site.3, 37, 136, 173
1339327.3.peg.110.site.4, 32, 137, 169
1339327.3.peg.110.site.5, 2, 134, 136
1339327.3.peg.110.site.6, 6, 135, 141
1339327.3.peg.110.site.7, 0, 137, 137
1339327.3.peg.110.site.8, 0, 137, 137
1339327.3.peg.110.site.9, 0, 137, 137
1339327.3.peg.110.site.10, 3, 137, 140
1339327.3.peg.110.site.11, 0, 136, 136
1339327.3.peg.110.site.12, 0, 137, 137
1339327.3.peg.110.site.13, 2, 136, 138
1339327.3.peg.110.site.14, 0, 137, 137
1339327.3.peg.110.site.15, 1, 133, 134
1339327.3.peg.110.site.16, 8, 136, 144
1339327.3.peg.111.site.1, 0, 136, 136
1339327.3.peg.111.site.2, 1, 136, 137
1339327.3.peg.111.site.3, 2, 137, 139
1339327.3.peg.111.site.4, 63, 135, 198
1339327.3.peg.111.site.5, 60, 136, 196
1339327.3.peg.111.site.6, 1, 136, 137
1339327.3.peg.111.site.7, 0, 136, 136
1339327.3.peg.111.site.8, 40, 135, 175
1339327.3.peg.111.site.9, 2, 137, 139
1339327.3.peg.111.site.10, 0, 136, 136
1339327.3.peg.111.site.11, 2, 136, 138
1339327.3.peg.111.site.12, 97, 137, 234
1339327.3.peg.111.site.13, 13, 134, 147
1339327.3.peg.111.site.14, 1, 136, 137
1339327.3.peg.111.site.15, 3, 137, 140
1339327.3.peg.111.site.16, 36, 136, 172
1339327.3.peg.111.site.17, 2, 137, 139
1339327.3.peg.111.site.18, 0, 137, 137
1339327.3.peg.111.site.19, 2, 135, 137
1339327.3.peg.111.site.20, 1, 135, 136
1339327.3.peg.111.site.21, 106, 135, 241
1339327.3.peg.111.site.22, 1, 136, 137
1339327.3.peg.111.site.23, 5, 136, 141
1339327.3.peg.111.site.24, 11, 136, 147
1339327.3.peg.111.site.25, 24, 137, 161
1339327.3.peg.111.site.26, 28, 137, 165
1339327.3.peg.111.site.27, 2, 137, 139
1339327.3.peg.111.site.28, 1, 137, 138
1339327.3.peg.111.site.29, 2, 136, 138
1339327.3.peg.111.site.30, 0, 136, 136
1339327.3.peg.111.site.31, 1, 136, 137
1339327.3.peg.3500.site.1, 80, 134, 214
1339327.3.peg.3500.site.2, 2, 135, 137
1339327.3.peg.3500.site.3, 58, 124, 182
1339327.3.peg.3500.site.4, 15, 124, 139
1339327.3.peg.3500.site.5, 8, 124, 132
1339327.3.peg.3500.site.6, 46, 118, 164
1339327.3.peg.3500.site.7, 9, 121, 130
1339327.3.peg.3238.site.1, 2, 133, 135
1339327.3.peg.3238.site.2, 2, 129, 131
1339327.3.peg.3238.site.3, 122, 130, 252
1339327.3.peg.3238.site.4, 53, 136, 189
1339327.3.peg.3238.site.5, 48, 135, 183
1339327.3.peg.3238.site.6, 6, 137, 143
1339327.3.peg.3238.site.7, 4, 134, 138
1339327.3.peg.3238.site.8, 126, 137, 263
1339327.3.peg.3238.site.9, 3, 136, 139
1339327.3.peg.3238.site.10, 3, 131, 134
1339327.3.peg.3238.site.11, 3, 137, 140
1339327.3.peg.3238.site.12, 0, 137, 137
1339327.3.peg.3238.site.13, 5, 135, 140
1339327.3.peg.3238.site.14, 29, 136, 165
1339327.3.peg.3238.site.15, 1, 136, 137
1339327.3.peg.3238.site.16, 11, 135, 146
1339327.3.peg.3238.site.17, 2, 137, 139
1339327.3.peg.3238.site.18, 129, 137, 266
1339327.3.peg.3774.site.1, 0, 134, 134
1339327.3.peg.3774.site.2, 1, 135, 136
1339327.3.peg.3774.site.3, 4, 136, 140
1339327.3.peg.3774.site.4, 80, 136, 216
1339327.3.peg.3774.site.5, 7, 136, 143
1339327.3.peg.3774.site.6, 2, 136, 138
1339327.3.peg.3774.site.7, 2, 137, 139
1339327.3.peg.3774.site.8, 22, 137, 159
1339327.3.peg.3774.site.9, 34, 136, 170
1339327.3.peg.3774.site.10, 29, 136, 165
1339327.3.peg.3774.site.11, 29, 136, 165
1339327.3.peg.3774.site.12, 12, 137, 149
1339327.3.peg.3774.site.13, 0, 137, 137
1339327.3.peg.3774.site.14, 4, 137, 141
1339327.3.peg.3774.site.15, 9, 136, 145
1339327.3.peg.3774.site.16, 12, 136, 148
1339327.3.peg.3774.site.17, 2, 136, 138
1339327.3.peg.3774.site.18, 4, 136, 140
1339327.3.peg.3774.site.19, 2, 135, 137
1339327.3.peg.3774.site.20, 5, 135, 140
1339327.3.peg.3774.site.21, 14, 135, 149
1339327.3.peg.3774.site.22, 74, 134, 208
1339327.3.peg.3774.site.23, 1, 137, 138
1339327.3.peg.3774.site.24, 19, 135, 154
1339327.3.peg.3774.site.25, 5, 133, 138
1339327.3.peg.3774.site.26, 6, 136, 142
1339327.3.peg.3774.site.27, 31, 136, 167
1339327.3.peg.3774.site.28, 1, 134, 135
1339327.3.peg.3774.site.29, 116, 135, 251
1339327.3.peg.3774.site.30, 64, 135, 199
1339327.3.peg.3774.site.31, 1, 136, 137
1339327.3.peg.3774.site.32, 7, 137, 144
1339327.3.peg.3774.site.33, 9, 137, 146
1339327.3.peg.3774.site.34, 0, 137, 137
1339327.3.peg.3774.site.35, 6, 137, 143
1339327.3.peg.3774.site.36, 6, 137, 143
1339327.3.peg.3774.site.37, 5, 135, 140
1339327.3.peg.3774.site.38, 39, 135, 174
1339327.3.peg.3774.site.39, 3, 134, 137
1339327.3.peg.3774.site.40, 0, 135, 135
1339327.3.peg.3774.site.41, 20, 135, 155
1339327.3.peg.3774.site.42, 13, 135, 148
1339327.3.peg.3774.site.43, 6, 135, 141
1339327.3.peg.3774.site.44, 2, 137, 139
1339327.3.peg.3774.site.45, 6, 137, 143
1339327.3.peg.3774.site.46, 2, 137, 139
1339327.3.peg.3774.site.47, 90, 135, 225
1339327.3.peg.3774.site.48, 5, 134, 139
1339327.3.peg.3774.site.49, 6, 135, 141
1339327.3.peg.3774.site.50, 1, 136, 137
1339327.3.peg.3774.site.51, 2, 135, 137
1339327.3.peg.3774.site.52, 47, 134, 181
1339327.3.peg.3774.site.53, 1, 134, 135
1339327.3.peg.3774.site.54, 14, 136, 150
1339327.3.peg.3774.site.55, 3, 134, 137
1339327.3.peg.3774.site.56, 2, 135, 137
1339327.3.peg.3774.site.57, 0, 137, 137
1339327.3.peg.3774.site.58, 24, 136, 160
1339327.3.peg.3774.site.59, 2, 136, 138
1339327.3.peg.3774.site.60, 1, 137, 138
1339327.3.peg.3774.site.61, 3, 137, 140
1339327.3.peg.3774.site.62, 1, 137, 138
1339327.3.peg.3774.site.63, 5, 137, 142
1339327.3.peg.3774.site.64, 29, 136, 165
1339327.3.peg.3774.site.65, 2, 136, 138
1339327.3.peg.3774.site.66, 1, 137, 138
1339327.3.peg.3775.site.1, 3, 136, 139
1339327.3.peg.3775.site.2, 18, 136, 154
1339327.3.peg.3775.site.3, 93, 135, 228
1339327.3.peg.3775.site.4, 5, 136, 141
1339327.3.peg.3775.site.5, 2, 133, 135
1339327.3.peg.3775.site.6, 11, 135, 146
1339327.3.peg.3775.site.7, 15, 134, 149
1339327.3.peg.3775.site.8, 22, 134, 156
1339327.3.peg.3775.site.9, 16, 135, 151
1339327.3.peg.3775.site.10, 36, 133, 169
1339327.3.peg.3775.site.11, 26, 135, 161
1339327.3.peg.3775.site.12, 11, 137, 148
1339327.3.peg.3775.site.13, 0, 137, 137
1339327.3.peg.3775.site.14, 38, 137, 175
1339327.3.peg.3776.site.1, 2, 136, 138
1339327.3.peg.3776.site.2, 8, 137, 145
1339327.3.peg.3776.site.3, 65, 136, 201
1339327.3.peg.3776.site.4, 82, 136, 218
1339327.3.peg.3776.site.5, 23, 136, 159
1339327.3.peg.3776.site.6, 2, 136, 138
1339327.3.peg.3776.site.7, 2, 134, 136
1339327.3.peg.3776.site.8, 53, 136, 189
1339327.3.peg.3776.site.9, 21, 129, 150
1339327.3.peg.3777.site.1, 11, 137, 148
1339327.3.peg.3777.site.2, 5, 137, 142
1339327.3.peg.3777.site.3, 1, 136, 137
1339327.3.peg.3777.site.4, 94, 135, 229
1339327.3.peg.3777.site.5, 72, 137, 209
1339327.3.peg.3777.site.6, 18, 135, 153
1339327.3.peg.3777.site.7, 1, 137, 138
1339327.3.peg.3777.site.8, 109, 136, 245
1339327.3.peg.3777.site.9, 1, 136, 137
1339327.3.peg.3777.site.10, 11, 137, 148
1339327.3.peg.3777.site.11, 89, 136, 225
1339327.3.peg.3777.site.12, 3, 136, 139
1339327.3.peg.3777.site.13, 3, 137, 140
1339327.3.peg.3777.site.14, 73, 136, 209
1339327.3.peg.3777.site.15, 4, 135, 139
1339327.3.peg.3777.site.16, 1, 135, 136
1339327.3.peg.3777.site.17, 13, 136, 149
1339327.3.peg.3771.site.1, 121, 134, 255
1339327.3.peg.3771.site.2, 1, 137, 138
1339327.3.peg.3771.site.3, 1, 135, 136
1339327.3.peg.3771.site.4, 1, 136, 137
1339327.3.peg.3771.site.5, 47, 135, 182
1339327.3.peg.3771.site.6, 127, 133, 260
1339327.3.peg.3771.site.7, 2, 136, 138
1339327.3.peg.3771.site.8, 83, 135, 218
1339327.3.peg.3771.site.9, 10, 130, 140
1339327.3.peg.3771.site.10, 1, 127, 128
1339327.3.peg.3771.site.11, 119, 127, 246
1339327.3.peg.3771.site.12, 2, 128, 130
1339327.3.peg.3771.site.13, 10, 129, 139
1339327.3.peg.3771.site.14, 3, 129, 132
1339327.3.peg.3771.site.15, 117, 131, 248
1339327.3.peg.3771.site.16, 0, 130, 130
1339327.3.peg.3771.site.17, 1, 131, 132
1339327.3.peg.3771.site.18, 118, 132, 250
1339327.3.peg.3771.site.19, 13, 132, 145
1339327.3.peg.3771.site.20, 6, 131, 137
1339327.3.peg.3771.site.21, 2, 129, 131
1339327.3.peg.3772.site.1, 6, 112, 118
1339327.3.peg.3772.site.2, 5, 111, 116
1339327.3.peg.3772.site.3, 2, 110, 112
1339327.3.peg.3772.site.4, 5, 110, 115
1339327.3.peg.3772.site.5, 1, 111, 112
1339327.3.peg.3772.site.6, 4, 111, 115
1339327.3.peg.3772.site.7, 1, 111, 112
1339327.3.peg.3772.site.8, 6, 111, 117
1339327.3.peg.3772.site.9, 36, 132, 168
1339327.3.peg.3772.site.10, 68, 130, 198
1339327.3.peg.3773.site.1, 5, 137, 142
1339327.3.peg.3773.site.2, 5, 136, 141
1339327.3.peg.3773.site.3, 5, 135, 140
1339327.3.peg.3773.site.4, 1, 137, 138
1339327.3.peg.3773.site.5, 2, 137, 139
1339327.3.peg.3773.site.6, 1, 137, 138
1339327.3.peg.3773.site.7, 1, 136, 137
1339327.3.peg.3773.site.8, 79, 136, 215
1339327.3.peg.3773.site.9, 5, 135, 140
1339327.3.peg.3773.site.10, 2, 135, 137
1339327.3.peg.3773.site.11, 4, 137, 141
1339327.3.peg.3773.site.12, 4, 136, 140
1339327.3.peg.3773.site.13, 5, 133, 138
1339327.3.peg.3773.site.14, 7, 136, 143
1339327.3.peg.3773.site.15, 4, 136, 140
1339327.3.peg.3773.site.16, 6, 135, 141
1339327.3.peg.3773.site.17, 1, 136, 137
1339327.3.peg.3773.site.18, 8, 136, 144
1339327.3.peg.3773.site.19, 2, 134, 136
1339327.3.peg.3773.site.20, 14, 135, 149
1339327.3.peg.3773.site.21, 2, 136, 138
1339327.3.peg.3773.site.22, 2, 136, 138
1339327.3.peg.3773.site.23, 2, 136, 138
1339327.3.peg.3773.site.24, 2, 136, 138
1339327.3.peg.3773.site.25, 40, 136, 176
1339327.3.peg.3773.site.26, 2, 137, 139
1339327.3.peg.3773.site.27, 1, 136, 137
1339327.3.peg.3773.site.28, 9, 137, 146
1339327.3.peg.3773.site.29, 0, 135, 135
1339327.3.peg.3773.site.30, 4, 135, 139
1339327.3.peg.3773.site.31, 4, 136, 140
1339327.3.peg.3773.site.32, 71, 135, 206
1339327.3.peg.3773.site.33, 8, 134, 142
1339327.3.peg.3773.site.34, 8, 136, 144
1339327.3.peg.3773.site.35, 0, 135, 135
1339327.3.peg.3773.site.36, 15, 135, 150
1339327.3.peg.3773.site.37, 2, 135, 137
1339327.3.peg.3773.site.38, 1, 135, 136
1339327.3.peg.3773.site.39, 0, 136, 136
1339327.3.peg.3773.site.40, 5, 137, 142
1339327.3.peg.3773.site.41, 60, 135, 195
1339327.3.peg.3773.site.42, 3, 137, 140
1339327.3.peg.3773.site.43, 4, 136, 140
1339327.3.peg.3773.site.44, 30, 136, 166
1339327.3.peg.3773.site.45, 1, 135, 136
1339327.3.peg.3773.site.46, 57, 136, 193
1339327.3.peg.3773.site.47, 83, 134, 217
1339327.3.peg.3773.site.48, 44, 135, 179
1339327.3.peg.3773.site.49, 0, 136, 136
1339327.3.peg.3773.site.50, 0, 137, 137
1339327.3.peg.3773.site.51, 3, 137, 140
1339327.3.peg.3773.site.52, 37, 136, 173
1339327.3.peg.3773.site.53, 101, 137, 238
1339327.3.peg.3773.site.54, 5, 136, 141
1339327.3.peg.3773.site.55, 3, 136, 139
1339327.3.peg.3773.site.56, 2, 136, 138
1339327.3.peg.3773.site.57, 2, 137, 139
1339327.3.peg.4688.site.1, 21, 137, 158
1339327.3.peg.4688.site.2, 23, 134, 157
1339327.3.peg.3778.site.1, 5, 136, 141
1339327.3.peg.3778.site.2, 2, 125, 127
1339327.3.peg.3778.site.3, 1, 133, 134
1339327.3.peg.3778.site.4, 7, 135, 142
1339327.3.peg.3778.site.5, 2, 135, 137
1339327.3.peg.3778.site.6, 17, 136, 153
1339327.3.peg.3778.site.7, 0, 136, 136
1339327.3.peg.3778.site.8, 7, 131, 138
1339327.3.peg.3778.site.9, 2, 131, 133
1339327.3.peg.3778.site.10, 29, 133, 162
1339327.3.peg.3778.site.11, 11, 128, 139
1339327.3.peg.3778.site.12, 2, 133, 135
1339327.3.peg.3778.site.13, 18, 136, 154
1339327.3.peg.3778.site.14, 4, 136, 140
1339327.3.peg.3778.site.15, 1, 134, 135
1339327.3.peg.3778.site.16, 42, 135, 177
1339327.3.peg.3778.site.17, 14, 136, 150
1339327.3.peg.3778.site.18, 7, 135, 142
1339327.3.peg.3778.site.19, 2, 135, 137
1339327.3.peg.3778.site.20, 2, 133, 135
1339327.3.peg.3778.site.21, 75, 132, 207
1339327.3.peg.3778.site.22, 2, 130, 132
1339327.3.peg.3778.site.23, 10, 137, 147
1339327.3.peg.3778.site.24, 63, 131, 194
1339327.3.peg.3778.site.25, 18, 135, 153
1339327.3.peg.3778.site.26, 1, 137, 138
1339327.3.peg.3778.site.27, 7, 136, 143
1339327.3.peg.3778.site.28, 1, 136, 137
1339327.3.peg.3778.site.29, 26, 135, 161
1339327.3.peg.3778.site.30, 0, 135, 135
1339327.3.peg.3778.site.31, 0, 136, 136
1339327.3.peg.3778.site.32, 2, 135, 137
1339327.3.peg.3778.site.33, 12, 136, 148
1339327.3.peg.3779.site.1, 40, 137, 177
1339327.3.peg.3779.site.2, 2, 137, 139
1339327.3.peg.3779.site.3, 2, 135, 137
1339327.3.peg.3779.site.4, 7, 134, 141
1339327.3.peg.3779.site.5, 2, 137, 139
1339327.3.peg.3779.site.6, 7, 137, 144
1339327.3.peg.3779.site.7, 0, 137, 137
1339327.3.peg.3234.site.1, 2, 136, 138
1339327.3.peg.3234.site.2, 0, 133, 133
1339327.3.peg.3234.site.3, 5, 133, 138
1339327.3.peg.3234.site.4, 4, 135, 139
1339327.3.peg.3234.site.5, 1, 137, 138
1339327.3.peg.3234.site.6, 2, 135, 137
1339327.3.peg.3234.site.7, 99, 134, 233
1339327.3.peg.3234.site.8, 1, 134, 135
1339327.3.peg.3234.site.9, 3, 135, 138
1339327.3.peg.3234.site.10, 1, 137, 138
1339327.3.peg.3234.site.11, 2, 136, 138
1339327.3.peg.3234.site.12, 2, 136, 138
1339327.3.peg.3234.site.13, 3, 137, 140
1339327.3.peg.3234.site.14, 3, 136, 139
1339327.3.peg.3234.site.15, 10, 135, 145
1339327.3.peg.3234.site.16, 7, 135, 142
1339327.3.peg.3234.site.17, 3, 134, 137
1339327.3.peg.3234.site.18, 44, 135, 179
1339327.3.peg.3234.site.19, 2, 133, 135
1339327.3.peg.3234.site.20, 5, 132, 137
1339327.3.peg.3234.site.21, 2, 133, 135
1339327.3.peg.3234.site.22, 0, 135, 135
1339327.3.peg.3234.site.23, 2, 132, 134
1339327.3.peg.3234.site.24, 74, 132, 206
1339327.3.peg.3234.site.25, 18, 123, 141
1339327.3.peg.3234.site.26, 31, 124, 155
1339327.3.peg.3234.site.27, 2, 134, 136
1339327.3.peg.3234.site.28, 43, 136, 179
1339327.3.peg.3234.site.29, 4, 137, 141
1339327.3.peg.3234.site.30, 1, 136, 137
1339327.3.peg.3234.site.31, 1, 136, 137
1339327.3.peg.3234.site.32, 20, 136, 156
1339327.3.peg.3234.site.33, 0, 136, 136
1339327.3.peg.3234.site.34, 0, 135, 135
1339327.3.peg.3236.site.1, 8, 111, 119
1339327.3.peg.3236.site.2, 76, 104, 180
1339327.3.peg.3236.site.3, 25, 105, 130
1339327.3.peg.3236.site.4, 1, 102, 103
1339327.3.peg.3236.site.5, 1, 100, 101
1339327.3.peg.3236.site.6, 2, 123, 125
1339327.3.peg.3236.site.7, 2, 125, 127
1339327.3.peg.3236.site.8, 4, 128, 132
1339327.3.peg.3236.site.9, 0, 131, 131
1339327.3.peg.3236.site.10, 15, 129, 144
1339327.3.peg.3236.site.11, 2, 132, 134
1339327.3.peg.3236.site.12, 5, 134, 139
1339327.3.peg.3236.site.13, 2, 134, 136
1339327.3.peg.3236.site.14, 114, 129, 243
1339327.3.peg.3236.site.15, 2, 133, 135
1339327.3.peg.3236.site.16, 0, 131, 131
1339327.3.peg.3236.site.17, 122, 134, 256
1339327.3.peg.3236.site.18, 118, 135, 253
1339327.3.peg.3236.site.19, 10, 135, 145
1339327.3.peg.3236.site.20, 7, 136, 143
1339327.3.peg.3236.site.21, 3, 136, 139
1339327.3.peg.3236.site.22, 106, 136, 242
1339327.3.peg.3236.site.23, 0, 135, 135
1339327.3.peg.3236.site.24, 106, 134, 240
1339327.3.peg.3236.site.25, 105, 134, 239
1339327.3.peg.3236.site.26, 13, 136, 149
1339327.3.peg.3236.site.27, 4, 137, 141
1339327.3.peg.3236.site.28, 0, 134, 134
1339327.3.peg.3236.site.29, 5, 135, 140
1339327.3.peg.3236.site.30, 3, 137, 140
1339327.3.peg.3236.site.31, 0, 135, 135
1339327.3.peg.3236.site.32, 1, 135, 136
1339327.3.peg.3236.site.33, 0, 136, 136
1339327.3.peg.3236.site.34, 43, 136, 179
1339327.3.peg.3236.site.35, 9, 131, 140
1339327.3.peg.3236.site.36, 28, 124, 152
1339327.3.peg.3236.site.37, 9, 130, 139
1339327.3.peg.3236.site.38, 4, 128, 132
1339327.3.peg.3236.site.39, 65, 133, 198
1339327.3.peg.3236.site.40, 1, 132, 133
1339327.3.peg.3232.site.1, 0, 137, 137
1339327.3.peg.3232.site.2, 84, 136, 220
1339327.3.peg.3232.site.3, 0, 136, 136
1339327.3.peg.3232.site.4, 118, 135, 253
1339327.3.peg.3232.site.5, 63, 136, 199
1339327.3.peg.3232.site.6, 39, 135, 174
1339327.3.peg.3232.site.7, 1, 135, 136
1339327.3.peg.3232.site.8, 19, 126, 145
1339327.3.peg.3232.site.9, 1, 125, 126
1339327.3.peg.3232.site.10, 42, 121, 163
1339327.3.peg.3232.site.11, 2, 130, 132
1339327.3.peg.3232.site.12, 13, 137, 150
1339327.3.peg.3232.site.13, 15, 136, 151
1339327.3.peg.3232.site.14, 0, 137, 137
1339327.3.peg.3232.site.15, 0, 136, 136
1339327.3.peg.3232.site.16, 4, 137, 141
1339327.3.peg.3232.site.17, 1, 132, 133
1339327.3.peg.3232.site.18, 6, 132, 138
1339327.3.peg.3232.site.19, 0, 137, 137
1339327.3.peg.3232.site.20, 28, 137, 165
1339327.3.peg.3232.site.21, 0, 137, 137
1339327.3.peg.3232.site.22, 46, 135, 181
1339327.3.peg.3232.site.23, 1, 134, 135
1339327.3.peg.3232.site.24, 3, 136, 139
1339327.3.peg.3232.site.25, 1, 135, 136
1339327.3.peg.3232.site.26, 43, 135, 178
1339327.3.peg.3232.site.27, 5, 134, 139
1339327.3.peg.3232.site.28, 6, 136, 142
1339327.3.peg.3232.site.29, 5, 136, 141
1339327.3.peg.3232.site.30, 37, 131, 168
1339327.3.peg.3232.site.31, 66, 135, 201
1339327.3.peg.3232.site.32, 130, 136, 266
1339327.3.peg.3232.site.33, 1, 130, 131
1339327.3.peg.3232.site.34, 32, 128, 160
1339327.3.peg.3232.site.35, 9, 118, 127
1339327.3.peg.3232.site.36, 2, 133, 135
1339327.3.peg.3232.site.37, 3, 136, 139
1339327.3.peg.3232.site.38, 44, 135, 179
1339327.3.peg.3232.site.39, 3, 134, 137
1339327.3.peg.3232.site.40, 37, 129, 166
1339327.3.peg.3232.site.41, 4, 136, 140
1339327.3.peg.3232.site.42, 0, 135, 135
1339327.3.peg.3232.site.43, 1, 131, 132
1339327.3.peg.3232.site.44, 114, 130, 244
1339327.3.peg.3232.site.45, 15, 135, 150
1339327.3.peg.3232.site.46, 84, 135, 219
1339327.3.peg.3232.site.47, 13, 133, 146
1339327.3.peg.3232.site.48, 3, 135, 138
1339327.3.peg.3232.site.49, 2, 134, 136
1339327.3.peg.3232.site.50, 129, 135, 264
1339327.3.peg.3232.site.51, 3, 135, 138
1339327.3.peg.3232.site.52, 3, 132, 135
1339327.3.peg.3232.site.53, 27, 133, 160
1339327.3.peg.3232.site.54, 3, 132, 135
1339327.3.peg.3232.site.55, 2, 133, 135
1339327.3.peg.3232.site.56, 4, 134, 138
1339327.3.peg.3232.site.57, 8, 135, 143
1339327.3.peg.3232.site.58, 0, 134, 134
1339327.3.peg.4502.site.1, 2, 137, 139
1339327.3.peg.4502.site.2, 4, 136, 140
1339327.3.peg.4502.site.3, 71, 135, 206
1339327.3.peg.4142.site.1, 108, 136, 244
1339327.3.peg.4143.site.1, 6, 136, 142
1339327.3.peg.4143.site.2, 25, 137, 162
1339327.3.peg.4143.site.3, 45, 137, 182
1339327.3.peg.4143.site.4, 4, 136, 140
1339327.3.peg.4143.site.5, 1, 136, 137
1339327.3.peg.4143.site.6, 13, 137, 150
1339327.3.peg.4143.site.7, 1, 135, 136
1339327.3.peg.4143.site.8, 2, 136, 138
1339327.3.peg.4143.site.9, 30, 135, 165
1339327.3.peg.4143.site.10, 1, 137, 138
1339327.3.peg.4143.site.11, 1, 128, 129
1339327.3.peg.4143.site.12, 2, 119, 121
1339327.3.peg.4143.site.13, 1, 135, 136
1339327.3.peg.4143.site.14, 1, 137, 138
1339327.3.peg.4143.site.15, 5, 134, 139
1339327.3.peg.4143.site.16, 1, 132, 133
1339327.3.peg.4143.site.17, 2, 136, 138
1339327.3.peg.4143.site.18, 9, 136, 145
1339327.3.peg.4143.site.19, 131, 137, 268
1339327.3.peg.4143.site.20, 2, 134, 136
1339327.3.peg.4143.site.21, 46, 136, 182
1339327.3.peg.4143.site.22, 11, 137, 148
1339327.3.peg.4143.site.23, 6, 137, 143
1339327.3.peg.4143.site.24, 1, 134, 135
1339327.3.peg.4143.site.25, 0, 134, 134
1339327.3.peg.4143.site.26, 0, 133, 133
1339327.3.peg.4143.site.27, 6, 133, 139
1339327.3.peg.4143.site.28, 2, 136, 138
1339327.3.peg.4140.site.1, 3, 136, 139
1339327.3.peg.4140.site.2, 1, 135, 136
1339327.3.peg.4140.site.3, 1, 137, 138
1339327.3.peg.4140.site.4, 3, 137, 140
1339327.3.peg.4140.site.5, 1, 133, 134
1339327.3.peg.4140.site.6, 30, 132, 162
1339327.3.peg.4140.site.7, 0, 132, 132
1339327.3.peg.4141.site.1, 10, 136, 146
1339327.3.peg.4141.site.2, 3, 131, 134
1339327.3.peg.4141.site.3, 5, 134, 139
1339327.3.peg.4141.site.4, 1, 134, 135
1339327.3.peg.4141.site.5, 7, 133, 140
1339327.3.peg.4141.site.6, 3, 126, 129
1339327.3.peg.4141.site.7, 34, 130, 164
1339327.3.peg.4141.site.8, 35, 132, 167
1339327.3.peg.4141.site.9, 4, 134, 138
1339327.3.peg.4141.site.10, 0, 135, 135
1339327.3.peg.4141.site.11, 129, 137, 266
1339327.3.peg.4141.site.12, 103, 135, 238
1339327.3.peg.4141.site.13, 7, 136, 143
1339327.3.peg.4141.site.14, 3, 135, 138
1339327.3.peg.4141.site.15, 10, 137, 147
1339327.3.peg.4141.site.16, 0, 135, 135
1339327.3.peg.4141.site.17, 1, 136, 137
1339327.3.peg.4147.site.1, 24, 129, 153
1339327.3.peg.4147.site.2, 0, 133, 133
1339327.3.peg.4147.site.3, 28, 132, 160
1339327.3.peg.4147.site.4, 2, 134, 136
1339327.3.peg.4147.site.5, 0, 133, 133
1339327.3.peg.4147.site.6, 0, 134, 134
1339327.3.peg.4147.site.7, 0, 134, 134
1339327.3.peg.4147.site.8, 0, 133, 133
1339327.3.peg.4147.site.9, 1, 132, 133
1339327.3.peg.4147.site.10, 17, 131, 148
1339327.3.peg.4147.site.11, 2, 134, 136
1339327.3.peg.3174.site.1, 3, 134, 137
1339327.3.peg.3174.site.2, 9, 134, 143
1339327.3.peg.3174.site.3, 2, 133, 135
1339327.3.peg.3174.site.4, 0, 136, 136
1339327.3.peg.3174.site.5, 17, 134, 151
1339327.3.peg.3174.site.6, 10, 137, 147
1339327.3.peg.3174.site.7, 3, 137, 140
1339327.3.peg.3174.site.8, 12, 135, 147
1339327.3.peg.3174.site.9, 6, 136, 142
1339327.3.peg.3174.site.10, 38, 135, 173
1339327.3.peg.3174.site.11, 1, 135, 136
1339327.3.peg.3174.site.12, 5, 133, 138
1339327.3.peg.3174.site.13, 3, 130, 133
1339327.3.peg.3174.site.14, 1, 135, 136
1339327.3.peg.3174.site.15, 2, 136, 138
1339327.3.peg.3174.site.16, 7, 136, 143
1339327.3.peg.3174.site.17, 26, 135, 161
1339327.3.peg.3174.site.18, 4, 137, 141
1339327.3.peg.3174.site.19, 11, 137, 148
1339327.3.peg.3174.site.20, 7, 137, 144
1339327.3.peg.3174.site.21, 0, 137, 137
1339327.3.peg.3174.site.22, 1, 137, 138
1339327.3.peg.3174.site.23, 2, 137, 139
1339327.3.peg.3174.site.24, 24, 135, 159
1339327.3.peg.3174.site.25, 1, 136, 137
1339327.3.peg.3174.site.26, 40, 135, 175
1339327.3.peg.3174.site.27, 33, 133, 166
1339327.3.peg.3174.site.28, 18, 135, 153
1339327.3.peg.3174.site.29, 4, 135, 139
1339327.3.peg.3174.site.30, 29, 135, 164
1339327.3.peg.3174.site.31, 31, 132, 163
1339327.3.peg.3174.site.32, 3, 134, 137
1339327.3.peg.3174.site.33, 127, 127, 254
1339327.3.peg.3175.site.1, 112, 133, 245
1339327.3.peg.3175.site.2, 4, 132, 136
1339327.3.peg.3175.site.3, 58, 131, 189
1339327.3.peg.3175.site.4, 1, 133, 134
1339327.3.peg.3175.site.5, 5, 136, 141
1339327.3.peg.3175.site.6, 19, 136, 155
1339327.3.peg.3175.site.7, 0, 135, 135
1339327.3.peg.3175.site.8, 11, 136, 147
1339327.3.peg.3175.site.9, 5, 137, 142
1339327.3.peg.3175.site.10, 5, 135, 140
1339327.3.peg.3175.site.11, 0, 132, 132
1339327.3.peg.3175.site.12, 25, 134, 159
1339327.3.peg.3175.site.13, 0, 134, 134
1339327.3.peg.3175.site.14, 0, 133, 133
1339327.3.peg.3175.site.15, 2, 133, 135
1339327.3.peg.3175.site.16, 101, 126, 227
1339327.3.peg.3175.site.17, 0, 127, 127
1339327.3.peg.3175.site.18, 3, 124, 127
1339327.3.peg.3175.site.19, 4, 110, 114
1339327.3.peg.3172.site.1, 32, 135, 167
1339327.3.peg.3172.site.2, 4, 136, 140
1339327.3.peg.3173.site.1, 0, 135, 135
1339327.3.peg.3173.site.2, 2, 137, 139
1339327.3.peg.3173.site.3, 2, 137, 139
1339327.3.peg.3173.site.4, 3, 134, 137
1339327.3.peg.3173.site.5, 13, 137, 150
1339327.3.peg.3173.site.6, 4, 136, 140
1339327.3.peg.3173.site.7, 1, 133, 134
1339327.3.peg.3173.site.8, 32, 133, 165
1339327.3.peg.3170.site.1, 0, 135, 135
1339327.3.peg.3170.site.2, 7, 137, 144
1339327.3.peg.3170.site.3, 7, 136, 143
1339327.3.peg.3170.site.4, 101, 137, 238
1339327.3.peg.3170.site.5, 93, 136, 229
1339327.3.peg.3170.site.6, 60, 137, 197
1339327.3.peg.3170.site.7, 85, 137, 222
1339327.3.peg.3170.site.8, 16, 121, 137
1339327.3.peg.3170.site.9, 8, 136, 144
1339327.3.peg.3170.site.10, 28, 135, 163
1339327.3.peg.3170.site.11, 22, 137, 159
1339327.3.peg.3170.site.12, 22, 136, 158
1339327.3.peg.3170.site.13, 41, 134, 175
1339327.3.peg.3170.site.14, 19, 136, 155
1339327.3.peg.3170.site.15, 3, 136, 139
1339327.3.peg.3170.site.16, 14, 135, 149
1339327.3.peg.3170.site.17, 60, 134, 194
1339327.3.peg.3170.site.18, 9, 130, 139
1339327.3.peg.3170.site.19, 115, 115, 230
1339327.3.peg.3171.site.1, 11, 135, 146
1339327.3.peg.3171.site.2, 12, 126, 138
1339327.3.peg.4246.site.1, 116, 134, 250
1339327.3.peg.4246.site.2, 51, 136, 187
1339327.3.peg.4246.site.3, 11, 136, 147
1339327.3.peg.4246.site.4, 9, 136, 145
1339327.3.peg.4246.site.5, 0, 134, 134
1339327.3.peg.4246.site.6, 28, 137, 165
1339327.3.peg.4246.site.7, 5, 136, 141
1339327.3.peg.4246.site.8, 3, 136, 139
1339327.3.peg.4246.site.9, 6, 137, 143
1339327.3.peg.4246.site.10, 2, 137, 139
1339327.3.peg.4246.site.11, 2, 137, 139
1339327.3.peg.4246.site.12, 2, 136, 138
1339327.3.peg.4246.site.13, 37, 136, 173
1339327.3.peg.4246.site.14, 0, 137, 137
1339327.3.peg.936.site.1, 0, 136, 136
1339327.3.peg.936.site.2, 5, 137, 142
1339327.3.peg.936.site.3, 43, 136, 179
1339327.3.peg.936.site.4, 14, 136, 150
1339327.3.peg.936.site.5, 65, 133, 198
1339327.3.peg.936.site.6, 126, 126, 252
1339327.3.peg.936.site.7, 2, 132, 134
1339327.3.peg.936.site.8, 17, 132, 149
1339327.3.peg.936.site.9, 22, 135, 157
1339327.3.peg.936.site.10, 23, 135, 158
1339327.3.peg.936.site.11, 23, 136, 159
1339327.3.peg.936.site.12, 64, 134, 198
1339327.3.peg.936.site.13, 25, 136, 161
1339327.3.peg.936.site.14, 87, 137, 224
1339327.3.peg.936.site.15, 9, 137, 146
1339327.3.peg.936.site.16, 8, 136, 144
1339327.3.peg.936.site.17, 14, 129, 143
1339327.3.peg.936.site.18, 12, 127, 139
1339327.3.peg.936.site.19, 11, 124, 135
1339327.3.peg.936.site.20, 12, 126, 138
1339327.3.peg.936.site.21, 16, 129, 145
1339327.3.peg.936.site.22, 23, 134, 157
1339327.3.peg.936.site.23, 2, 136, 138
1339327.3.peg.936.site.24, 27, 135, 162
1339327.3.peg.936.site.25, 24, 137, 161
1339327.3.peg.936.site.26, 27, 137, 164
1339327.3.peg.936.site.27, 3, 136, 139
1339327.3.peg.936.site.28, 23, 137, 160
1339327.3.peg.936.site.29, 1, 137, 138
1339327.3.peg.936.site.30, 25, 137, 162
1339327.3.peg.936.site.31, 9, 137, 146
1339327.3.peg.936.site.32, 1, 137, 138
1339327.3.peg.936.site.33, 5, 135, 140
1339327.3.peg.936.site.34, 4, 136, 140
1339327.3.peg.936.site.35, 41, 136, 177
1339327.3.peg.936.site.36, 2, 136, 138
1339327.3.peg.936.site.37, 0, 136, 136
1339327.3.peg.936.site.38, 14, 137, 151
1339327.3.peg.936.site.39, 5, 137, 142
1339327.3.peg.936.site.40, 0, 135, 135
1339327.3.peg.936.site.41, 11, 136, 147
1339327.3.peg.937.site.1, 0, 136, 136
1339327.3.peg.937.site.2, 18, 136, 154
1339327.3.peg.937.site.3, 0, 137, 137
1339327.3.peg.934.site.1, 44, 136, 180
1339327.3.peg.934.site.2, 88, 135, 223
1339327.3.peg.934.site.3, 1, 135, 136
1339327.3.peg.934.site.4, 2, 136, 138
1339327.3.peg.934.site.5, 66, 136, 202
1339327.3.peg.934.site.6, 19, 137, 156
1339327.3.peg.934.site.7, 0, 136, 136
1339327.3.peg.934.site.8, 0, 136, 136
1339327.3.peg.934.site.9, 13, 137, 150
1339327.3.peg.934.site.10, 0, 137, 137
1339327.3.peg.934.site.11, 46, 134, 180
1339327.3.peg.934.site.12, 14, 135, 149
1339327.3.peg.934.site.13, 38, 135, 173
1339327.3.peg.934.site.14, 4, 137, 141
1339327.3.peg.934.site.15, 3, 137, 140
1339327.3.peg.934.site.16, 4, 136, 140
1339327.3.peg.934.site.17, 0, 137, 137
1339327.3.peg.935.site.1, 36, 136, 172
1339327.3.peg.935.site.2, 3, 136, 139
1339327.3.peg.935.site.3, 34, 136, 170
1339327.3.peg.935.site.4, 35, 135, 170
1339327.3.peg.935.site.5, 5, 136, 141
1339327.3.peg.935.site.6, 88, 136, 224
1339327.3.peg.935.site.7, 77, 135, 212
1339327.3.peg.935.site.8, 2, 136, 138
1339327.3.peg.935.site.9, 45, 135, 180
1339327.3.peg.935.site.10, 2, 136, 138
1339327.3.peg.935.site.11, 54, 136, 190
1339327.3.peg.935.site.12, 5, 137, 142
1339327.3.peg.935.site.13, 5, 137, 142
1339327.3.peg.935.site.14, 52, 137, 189
1339327.3.peg.935.site.15, 92, 137, 229
1339327.3.peg.935.site.16, 0, 134, 134
1339327.3.peg.935.site.17, 1, 137, 138
1339327.3.peg.935.site.18, 24, 135, 159
1339327.3.peg.932.site.1, 2, 135, 137
1339327.3.peg.932.site.2, 3, 135, 138
1339327.3.peg.932.site.3, 1, 135, 136
1339327.3.peg.932.site.4, 70, 136, 206
1339327.3.peg.932.site.5, 0, 136, 136
1339327.3.peg.932.site.6, 4, 136, 140
1339327.3.peg.932.site.7, 3, 137, 140
1339327.3.peg.932.site.8, 3, 137, 140
1339327.3.peg.932.site.9, 59, 136, 195
1339327.3.peg.932.site.10, 0, 136, 136
1339327.3.peg.932.site.11, 3, 136, 139
1339327.3.peg.932.site.12, 0, 136, 136
1339327.3.peg.932.site.13, 5, 137, 142
1339327.3.peg.932.site.14, 3, 137, 140
1339327.3.peg.932.site.15, 2, 137, 139
1339327.3.peg.932.site.16, 18, 136, 154
1339327.3.peg.933.site.1, 7, 137, 144
1339327.3.peg.933.site.2, 64, 135, 199
1339327.3.peg.933.site.3, 5, 136, 141
1339327.3.peg.933.site.4, 44, 136, 180
1339327.3.peg.933.site.5, 0, 136, 136
1339327.3.peg.933.site.6, 0, 135, 135
1339327.3.peg.933.site.7, 5, 135, 140
1339327.3.peg.933.site.8, 105, 137, 242
1339327.3.peg.933.site.9, 4, 134, 138
1339327.3.peg.933.site.10, 13, 135, 148
1339327.3.peg.933.site.11, 22, 135, 157
1339327.3.peg.933.site.12, 1, 136, 137
1339327.3.peg.933.site.13, 4, 137, 141
1339327.3.peg.933.site.14, 3, 137, 140
1339327.3.peg.930.site.1, 3, 132, 135
1339327.3.peg.930.site.2, 35, 137, 172
1339327.3.peg.930.site.3, 35, 137, 172
1339327.3.peg.930.site.4, 15, 136, 151
1339327.3.peg.930.site.5, 54, 136, 190
1339327.3.peg.930.site.6, 5, 136, 141
1339327.3.peg.930.site.7, 3, 136, 139
1339327.3.peg.930.site.8, 1, 136, 137
1339327.3.peg.930.site.9, 5, 136, 141
1339327.3.peg.930.site.10, 0, 136, 136
1339327.3.peg.930.site.11, 34, 137, 171
1339327.3.peg.930.site.12, 11, 137, 148
1339327.3.peg.930.site.13, 18, 137, 155
1339327.3.peg.930.site.14, 28, 137, 165
1339327.3.peg.930.site.15, 5, 137, 142
1339327.3.peg.930.site.16, 0, 137, 137
1339327.3.peg.930.site.17, 9, 137, 146
1339327.3.peg.930.site.18, 0, 135, 135
1339327.3.peg.930.site.19, 2, 136, 138
1339327.3.peg.931.site.1, 16, 137, 153
1339327.3.peg.931.site.2, 11, 137, 148
1339327.3.peg.931.site.3, 2, 137, 139
1339327.3.peg.931.site.4, 5, 137, 142
1339327.3.peg.931.site.5, 58, 136, 194
1339327.3.peg.931.site.6, 16, 137, 153
1339327.3.peg.931.site.7, 17, 137, 154
1339327.3.peg.931.site.8, 13, 136, 149
1339327.3.peg.931.site.9, 130, 136, 266
1339327.3.peg.931.site.10, 3, 137, 140
1339327.3.peg.931.site.11, 2, 135, 137
1339327.3.peg.931.site.12, 11, 136, 147
1339327.3.peg.931.site.13, 28, 135, 163
1339327.3.peg.931.site.14, 0, 136, 136
1339327.3.peg.931.site.15, 18, 135, 153
1339327.3.peg.931.site.16, 57, 133, 190
1339327.3.peg.931.site.17, 0, 132, 132
1339327.3.peg.931.site.18, 45, 135, 180
1339327.3.peg.931.site.19, 1, 136, 137
1339327.3.peg.938.site.1, 0, 135, 135
1339327.3.peg.938.site.2, 47, 137, 184
1339327.3.peg.938.site.3, 5, 137, 142
1339327.3.peg.938.site.4, 5, 137, 142
1339327.3.peg.938.site.5, 2, 137, 139
1339327.3.peg.938.site.6, 4, 137, 141
1339327.3.peg.938.site.7, 3, 137, 140
1339327.3.peg.938.site.8, 64, 136, 200
1339327.3.peg.938.site.9, 3, 136, 139
1339327.3.peg.938.site.10, 6, 136, 142
1339327.3.peg.938.site.11, 1, 134, 135
1339327.3.peg.938.site.12, 0, 133, 133
1339327.3.peg.938.site.13, 23, 137, 160
1339327.3.peg.938.site.14, 0, 137, 137
1339327.3.peg.939.site.1, 2, 137, 139
1339327.3.peg.939.site.2, 1, 136, 137
1339327.3.peg.939.site.3, 15, 137, 152
1339327.3.peg.939.site.4, 4, 137, 141
1339327.3.peg.3007.site.1, 33, 133, 166
1339327.3.peg.4767.site.1, 1, 86, 87
1339327.3.peg.4767.site.2, 22, 129, 151
1339327.3.peg.4767.site.3, 0, 123, 123
1339327.3.peg.4767.site.4, 3, 135, 138
1339327.3.peg.4767.site.5, 60, 135, 195
1339327.3.peg.4767.site.6, 15, 136, 151
1339327.3.peg.4767.site.7, 0, 135, 135
1339327.3.peg.4767.site.8, 1, 136, 137
1339327.3.peg.4767.site.9, 2, 134, 136
1339327.3.peg.4767.site.10, 4, 135, 139
1339327.3.peg.4767.site.11, 66, 135, 201
1339327.3.peg.4767.site.12, 2, 136, 138
1339327.3.peg.4767.site.13, 1, 135, 136
1339327.3.peg.4767.site.14, 1, 135, 136
1339327.3.peg.4767.site.15, 19, 134, 153
1339327.3.peg.4767.site.16, 0, 134, 134
1339327.3.peg.4767.site.17, 83, 133, 216
1339327.3.peg.4767.site.18, 57, 135, 192
1339327.3.peg.4767.site.19, 72, 136, 208
1339327.3.peg.4767.site.20, 4, 135, 139
1339327.3.peg.4767.site.21, 1, 136, 137
1339327.3.peg.4767.site.22, 29, 136, 165
1339327.3.peg.4767.site.23, 2, 136, 138
1339327.3.peg.4767.site.24, 50, 135, 185
1339327.3.peg.4767.site.25, 32, 135, 167
1339327.3.peg.4767.site.26, 104, 136, 240
1339327.3.peg.4767.site.27, 3, 136, 139
1339327.3.peg.4767.site.28, 3, 134, 137
1339327.3.peg.4767.site.29, 32, 135, 167
1339327.3.peg.4767.site.30, 0, 132, 132
1339327.3.peg.4767.site.31, 15, 129, 144
1339327.3.peg.4767.site.32, 6, 133, 139
1339327.3.peg.4767.site.33, 9, 134, 143
1339327.3.peg.4767.site.34, 4, 133, 137
1339327.3.peg.4767.site.35, 1, 135, 136
1339327.3.peg.4767.site.36, 2, 133, 135
1339327.3.peg.4767.site.37, 2, 135, 137
1339327.3.peg.4767.site.38, 2, 136, 138
1339327.3.peg.4767.site.39, 12, 131, 143
1339327.3.peg.4767.site.40, 113, 134, 247
1339327.3.peg.4767.site.41, 110, 134, 244
1339327.3.peg.4767.site.42, 1, 134, 135
1339327.3.peg.4767.site.43, 122, 135, 257
1339327.3.peg.4767.site.44, 35, 136, 171
1339327.3.peg.4767.site.45, 5, 136, 141
1339327.3.peg.4767.site.46, 3, 134, 137
1339327.3.peg.4767.site.47, 7, 135, 142
1339327.3.peg.4767.site.48, 13, 134, 147
1339327.3.peg.4767.site.49, 14, 135, 149
1339327.3.peg.4767.site.50, 1, 136, 137
1339327.3.peg.4767.site.51, 1, 136, 137
1339327.3.peg.4767.site.52, 2, 135, 137
1339327.3.peg.4767.site.53, 5, 135, 140
1339327.3.peg.4767.site.54, 0, 135, 135
1339327.3.peg.4503.site.1, 86, 134, 220
1339327.3.peg.4503.site.2, 1, 101, 102
1339327.3.peg.4503.site.3, 25, 136, 161
1339327.3.peg.4503.site.4, 0, 137, 137
1339327.3.peg.4503.site.5, 108, 136, 244
1339327.3.peg.4503.site.6, 7, 137, 144
1339327.3.peg.4503.site.7, 5, 137, 142
1339327.3.peg.4503.site.8, 5, 134, 139
1339327.3.peg.4503.site.9, 3, 134, 137
1339327.3.peg.4503.site.10, 2, 135, 137
1339327.3.peg.4503.site.11, 1, 135, 136
1339327.3.peg.4503.site.12, 10, 136, 146
1339327.3.peg.4503.site.13, 57, 136, 193
1339327.3.peg.4503.site.14, 3, 137, 140
1339327.3.peg.4503.site.15, 39, 136, 175
1339327.3.peg.4503.site.16, 24, 136, 160
1339327.3.peg.4503.site.17, 8, 137, 145
1339327.3.peg.4503.site.18, 1, 137, 138
1339327.3.peg.4503.site.19, 27, 136, 163
1339327.3.peg.4503.site.20, 2, 136, 138
1339327.3.peg.4503.site.21, 5, 136, 141
1339327.3.peg.3701.site.1, 94, 132, 226
1339327.3.peg.3701.site.2, 0, 130, 130
1339327.3.peg.3701.site.3, 3, 134, 137
1339327.3.peg.3701.site.4, 71, 134, 205
1339327.3.peg.3701.site.5, 14, 135, 149
1339327.3.peg.3701.site.6, 3, 135, 138
1339327.3.peg.3701.site.7, 124, 135, 259
1339327.3.peg.3701.site.8, 12, 135, 147
1339327.3.peg.3701.site.9, 26, 137, 163
1339327.3.peg.3701.site.10, 8, 137, 145
1339327.3.peg.3701.site.11, 55, 136, 191
1339327.3.peg.3701.site.12, 112, 133, 245
1339327.3.peg.3701.site.13, 0, 130, 130
1339327.3.peg.3701.site.14, 43, 135, 178
1339327.3.peg.3701.site.15, 3, 137, 140
1339327.3.peg.5073.site.1, 0, 137, 137
1339327.3.peg.5073.site.2, 28, 137, 165
1339327.3.peg.5073.site.3, 3, 137, 140
1339327.3.peg.5073.site.4, 1, 137, 138
1339327.3.peg.5073.site.5, 1, 137, 138
1339327.3.peg.5073.site.6, 2, 137, 139
1339327.3.peg.5073.site.7, 4, 137, 141
1339327.3.peg.5073.site.8, 74, 136, 210
1339327.3.peg.5073.site.9, 25, 137, 162
1339327.3.peg.5073.site.10, 3, 137, 140
1339327.3.peg.5073.site.11, 5, 137, 142
1339327.3.peg.5073.site.12, 11, 137, 148
1339327.3.peg.3570.site.1, 4, 135, 139
1339327.3.peg.3570.site.2, 8, 134, 142
1339327.3.peg.3570.site.3, 17, 134, 151
1339327.3.peg.3570.site.4, 0, 136, 136
1339327.3.peg.3570.site.5, 69, 137, 206
1339327.3.peg.3570.site.6, 1, 134, 135
1339327.3.peg.3570.site.7, 8, 136, 144
1339327.3.peg.3570.site.8, 4, 134, 138
1339327.3.peg.3570.site.9, 5, 137, 142
1339327.3.peg.3570.site.10, 23, 137, 160
1339327.3.peg.3570.site.11, 3, 137, 140
1339327.3.peg.3570.site.12, 96, 135, 231
1339327.3.peg.3570.site.13, 0, 135, 135
1339327.3.peg.3570.site.14, 2, 136, 138
1339327.3.peg.3570.site.15, 2, 136, 138
1339327.3.peg.3570.site.16, 62, 134, 196
1339327.3.peg.3570.site.17, 11, 137, 148
1339327.3.peg.3570.site.18, 19, 136, 155
1339327.3.peg.3570.site.19, 12, 137, 149
1339327.3.peg.3571.site.1, 1, 136, 137
1339327.3.peg.3571.site.2, 0, 137, 137
1339327.3.peg.3571.site.3, 39, 136, 175
1339327.3.peg.3571.site.4, 49, 137, 186
1339327.3.peg.3571.site.5, 0, 137, 137
1339327.3.peg.3571.site.6, 0, 135, 135
1339327.3.peg.3571.site.7, 3, 137, 140
1339327.3.peg.3571.site.8, 1, 131, 132
1339327.3.peg.3571.site.9, 5, 136, 141
1339327.3.peg.3571.site.10, 6, 137, 143
1339327.3.peg.3571.site.11, 3, 137, 140
1339327.3.peg.3571.site.12, 4, 137, 141
1339327.3.peg.3571.site.13, 0, 137, 137
1339327.3.peg.3571.site.14, 7, 136, 143
1339327.3.peg.3571.site.15, 45, 134, 179
1339327.3.peg.3571.site.16, 1, 133, 134
1339327.3.peg.3571.site.17, 9, 136, 145
1339327.3.peg.3571.site.18, 7, 132, 139
1339327.3.peg.3571.site.19, 0, 134, 134
1339327.3.peg.3571.site.20, 3, 134, 137
1339327.3.peg.3571.site.21, 57, 136, 193
1339327.3.peg.3571.site.22, 0, 136, 136
1339327.3.peg.3571.site.23, 1, 137, 138
1339327.3.peg.3571.site.24, 0, 137, 137
1339327.3.peg.3571.site.25, 37, 136, 173
1339327.3.peg.3571.site.26, 63, 137, 200
1339327.3.peg.3571.site.27, 20, 136, 156
1339327.3.peg.3571.site.28, 1, 135, 136
1339327.3.peg.3571.site.29, 40, 135, 175
1339327.3.peg.3571.site.30, 3, 136, 139
1339327.3.peg.3571.site.31, 13, 135, 148
1339327.3.peg.3571.site.32, 9, 135, 144
1339327.3.peg.3571.site.33, 0, 132, 132
1339327.3.peg.3571.site.34, 2, 135, 137
1339327.3.peg.3571.site.35, 8, 137, 145
1339327.3.peg.3571.site.36, 5, 137, 142
1339327.3.peg.3571.site.37, 1, 136, 137
1339327.3.peg.3571.site.38, 7, 135, 142
1339327.3.peg.3571.site.39, 8, 135, 143
1339327.3.peg.3571.site.40, 120, 137, 257
1339327.3.peg.3571.site.41, 23, 137, 160
1339327.3.peg.3571.site.42, 49, 135, 184
1339327.3.peg.3571.site.43, 51, 135, 186
1339327.3.peg.3571.site.44, 1, 137, 138
1339327.3.peg.3571.site.45, 20, 136, 156
1339327.3.peg.848.site.1, 7, 137, 144
1339327.3.peg.848.site.2, 3, 136, 139
1339327.3.peg.848.site.3, 55, 136, 191
1339327.3.peg.848.site.4, 2, 135, 137
1339327.3.peg.848.site.5, 34, 135, 169
1339327.3.peg.848.site.6, 0, 137, 137
1339327.3.peg.848.site.7, 58, 135, 193
1339327.3.peg.848.site.8, 6, 137, 143
1339327.3.peg.848.site.9, 24, 136, 160
1339327.3.peg.848.site.10, 99, 136, 235
1339327.3.peg.848.site.11, 48, 137, 185
1339327.3.peg.848.site.12, 12, 137, 149
1339327.3.peg.849.site.1, 65, 137, 202
1339327.3.peg.849.site.2, 0, 136, 136
1339327.3.peg.849.site.3, 1, 137, 138
1339327.3.peg.849.site.4, 25, 137, 162
1339327.3.peg.849.site.5, 0, 136, 136
1339327.3.peg.849.site.6, 0, 137, 137
1339327.3.peg.849.site.7, 4, 136, 140
1339327.3.peg.849.site.8, 2, 137, 139
1339327.3.peg.849.site.9, 92, 137, 229
1339327.3.peg.849.site.10, 21, 137, 158
1339327.3.peg.849.site.11, 0, 137, 137
1339327.3.peg.849.site.12, 10, 137, 147
1339327.3.peg.849.site.13, 128, 136, 264
1339327.3.peg.849.site.14, 9, 137, 146
1339327.3.peg.849.site.15, 0, 135, 135
1339327.3.peg.849.site.16, 5, 137, 142
1339327.3.peg.849.site.17, 0, 137, 137
1339327.3.peg.849.site.18, 29, 136, 165
1339327.3.peg.849.site.19, 7, 137, 144
1339327.3.peg.849.site.20, 131, 137, 268
1339327.3.peg.847.site.1, 83, 135, 218
1339327.3.peg.847.site.2, 68, 137, 205
1339327.3.peg.847.site.3, 37, 137, 174
1339327.3.peg.847.site.4, 30, 137, 167
1339327.3.peg.847.site.5, 1, 136, 137
1339327.3.peg.3577.site.1, 4, 129, 133
1339327.3.peg.3577.site.2, 13, 129, 142
1339327.3.peg.3577.site.3, 29, 128, 157
1339327.3.peg.3577.site.4, 7, 128, 135
1339327.3.peg.3577.site.5, 3, 128, 131
1339327.3.peg.3577.site.6, 3, 128, 131
1339327.3.peg.3577.site.7, 18, 129, 147
1339327.3.peg.3577.site.8, 104, 128, 232
1339327.3.peg.3577.site.9, 2, 128, 130
1339327.3.peg.3577.site.10, 3, 127, 130
1339327.3.peg.3577.site.11, 4, 129, 133
1339327.3.peg.3577.site.12, 3, 129, 132
1339327.3.peg.3577.site.13, 40, 130, 170
1339327.3.peg.3577.site.14, 10, 129, 139
1339327.3.peg.3577.site.15, 4, 132, 136
1339327.3.peg.4159.site.1, 0, 135, 135
1339327.3.peg.4159.site.2, 0, 134, 134
1339327.3.peg.4159.site.3, 42, 135, 177
1339327.3.peg.4159.site.4, 15, 135, 150
1339327.3.peg.4159.site.5, 5, 137, 142
1339327.3.peg.4159.site.6, 5, 137, 142
1339327.3.peg.4159.site.7, 2, 137, 139
1339327.3.peg.4159.site.8, 2, 137, 139
1339327.3.peg.4159.site.9, 1, 137, 138
1339327.3.peg.4159.site.10, 1, 136, 137
1339327.3.peg.4159.site.11, 96, 136, 232
1339327.3.peg.4159.site.12, 0, 136, 136
1339327.3.peg.4159.site.13, 0, 135, 135
1339327.3.peg.4159.site.14, 2, 136, 138
1339327.3.peg.4159.site.15, 53, 136, 189
1339327.3.peg.4159.site.16, 0, 135, 135
1339327.3.peg.4159.site.17, 3, 136, 139
1339327.3.peg.4159.site.18, 1, 136, 137
1339327.3.peg.4159.site.19, 7, 136, 143
1339327.3.peg.4159.site.20, 0, 135, 135
1339327.3.peg.4159.site.21, 2, 136, 138
1339327.3.peg.4159.site.22, 126, 135, 261
1339327.3.peg.4159.site.23, 8, 133, 141
1339327.3.peg.4159.site.24, 3, 136, 139
1339327.3.peg.4159.site.25, 0, 134, 134
1339327.3.peg.4159.site.26, 12, 136, 148
1339327.3.peg.4159.site.27, 4, 135, 139
1339327.3.peg.4159.site.28, 5, 134, 139
1339327.3.peg.4159.site.29, 8, 137, 145
1339327.3.peg.4159.site.30, 0, 132, 132
1339327.3.peg.4159.site.31, 1, 126, 127
1339327.3.peg.4159.site.32, 2, 137, 139
1339327.3.peg.4159.site.33, 29, 136, 165
1339327.3.peg.4159.site.34, 0, 134, 134
1339327.3.peg.4159.site.35, 0, 135, 135
1339327.3.peg.4159.site.36, 1, 133, 134
1339327.3.peg.4159.site.37, 0, 136, 136
1339327.3.peg.3703.site.1, 0, 137, 137
1339327.3.peg.3703.site.2, 0, 136, 136
1339327.3.peg.1989.site.1, 0, 136, 136
1339327.3.peg.1989.site.2, 29, 136, 165
1339327.3.peg.1989.site.3, 32, 136, 168
1339327.3.peg.1989.site.4, 3, 136, 139
1339327.3.peg.1989.site.5, 3, 136, 139
1339327.3.peg.1989.site.6, 1, 135, 136
1339327.3.peg.1988.site.1, 3, 137, 140
1339327.3.peg.1988.site.2, 7, 135, 142
1339327.3.peg.1988.site.3, 0, 135, 135
1339327.3.peg.1988.site.4, 22, 137, 159
1339327.3.peg.1988.site.5, 2, 135, 137
1339327.3.peg.1988.site.6, 2, 137, 139
1339327.3.peg.1988.site.7, 19, 136, 155
1339327.3.peg.1988.site.8, 0, 136, 136
1339327.3.peg.1988.site.9, 4, 136, 140
1339327.3.peg.1988.site.10, 7, 134, 141
1339327.3.peg.1988.site.11, 2, 136, 138
1339327.3.peg.1985.site.1, 84, 134, 218
1339327.3.peg.1985.site.2, 7, 137, 144
1339327.3.peg.1985.site.3, 108, 137, 245
1339327.3.peg.1984.site.1, 48, 136, 184
1339327.3.peg.1984.site.2, 11, 136, 147
1339327.3.peg.1984.site.3, 5, 137, 142
1339327.3.peg.1984.site.4, 5, 136, 141
1339327.3.peg.1984.site.5, 64, 134, 198
1339327.3.peg.1984.site.6, 104, 136, 240
1339327.3.peg.1984.site.7, 5, 136, 141
1339327.3.peg.1984.site.8, 50, 137, 187
1339327.3.peg.1984.site.9, 7, 137, 144
1339327.3.peg.1984.site.10, 3, 137, 140
1339327.3.peg.1984.site.11, 14, 134, 148
1339327.3.peg.1984.site.12, 8, 134, 142
1339327.3.peg.1984.site.13, 11, 134, 145
1339327.3.peg.1984.site.14, 122, 136, 258
1339327.3.peg.1984.site.15, 0, 134, 134
1339327.3.peg.1984.site.16, 3, 136, 139
1339327.3.peg.1984.site.17, 52, 135, 187
1339327.3.peg.1984.site.18, 3, 134, 137
1339327.3.peg.1984.site.19, 2, 135, 137
1339327.3.peg.1984.site.20, 2, 133, 135
1339327.3.peg.1984.site.21, 0, 132, 132
1339327.3.peg.1984.site.22, 1, 135, 136
1339327.3.peg.1984.site.23, 1, 133, 134
1339327.3.peg.1984.site.24, 3, 133, 136
1339327.3.peg.1984.site.25, 15, 133, 148
1339327.3.peg.1984.site.26, 17, 136, 153
1339327.3.peg.1987.site.1, 4, 136, 140
1339327.3.peg.1987.site.2, 15, 137, 152
1339327.3.peg.1987.site.3, 4, 133, 137
1339327.3.peg.1987.site.4, 2, 136, 138
1339327.3.peg.1987.site.5, 2, 135, 137
1339327.3.peg.1986.site.1, 4, 134, 138
1339327.3.peg.1986.site.2, 5, 132, 137
1339327.3.peg.1986.site.3, 7, 135, 142
1339327.3.peg.1986.site.4, 94, 135, 229
1339327.3.peg.1986.site.5, 0, 135, 135
1339327.3.peg.1986.site.6, 1, 135, 136
1339327.3.peg.1986.site.7, 3, 133, 136
1339327.3.peg.1986.site.8, 1, 136, 137
1339327.3.peg.1986.site.9, 6, 135, 141
1339327.3.peg.1986.site.10, 1, 133, 134
1339327.3.peg.1986.site.11, 0, 134, 134
1339327.3.peg.1986.site.12, 20, 131, 151
1339327.3.peg.1981.site.1, 1, 136, 137
1339327.3.peg.1981.site.2, 17, 137, 154
1339327.3.peg.1981.site.3, 82, 137, 219
1339327.3.peg.1981.site.4, 1, 137, 138
1339327.3.peg.1981.site.5, 3, 135, 138
1339327.3.peg.1981.site.6, 3, 135, 138
1339327.3.peg.1981.site.7, 71, 134, 205
1339327.3.peg.1981.site.8, 37, 135, 172
1339327.3.peg.1981.site.9, 3, 137, 140
1339327.3.peg.1981.site.10, 23, 137, 160
1339327.3.peg.1981.site.11, 24, 135, 159
1339327.3.peg.1981.site.12, 8, 137, 145
1339327.3.peg.1981.site.13, 3, 137, 140
1339327.3.peg.1981.site.14, 2, 137, 139
1339327.3.peg.1981.site.15, 19, 137, 156
1339327.3.peg.1981.site.16, 41, 137, 178
1339327.3.peg.1981.site.17, 2, 136, 138
1339327.3.peg.1981.site.18, 2, 136, 138
1339327.3.peg.1981.site.19, 3, 135, 138
1339327.3.peg.1981.site.20, 7, 135, 142
1339327.3.peg.1981.site.21, 1, 134, 135
1339327.3.peg.1981.site.22, 3, 135, 138
1339327.3.peg.1981.site.23, 0, 135, 135
1339327.3.peg.1981.site.24, 0, 136, 136
1339327.3.peg.1981.site.25, 3, 135, 138
1339327.3.peg.1981.site.26, 58, 136, 194
1339327.3.peg.1981.site.27, 2, 137, 139
1339327.3.peg.1981.site.28, 4, 136, 140
1339327.3.peg.1981.site.29, 4, 137, 141
1339327.3.peg.1981.site.30, 15, 136, 151
1339327.3.peg.1981.site.31, 15, 137, 152
1339327.3.peg.1981.site.32, 5, 136, 141
1339327.3.peg.1981.site.33, 31, 136, 167
1339327.3.peg.1981.site.34, 4, 136, 140
1339327.3.peg.1981.site.35, 5, 137, 142
1339327.3.peg.1981.site.36, 0, 137, 137
1339327.3.peg.1981.site.37, 1, 137, 138
1339327.3.peg.1980.site.1, 55, 136, 191
1339327.3.peg.1980.site.2, 74, 136, 210
1339327.3.peg.1980.site.3, 9, 136, 145
1339327.3.peg.1980.site.4, 1, 133, 134
1339327.3.peg.1980.site.5, 2, 135, 137
1339327.3.peg.1980.site.6, 4, 136, 140
1339327.3.peg.1980.site.7, 0, 136, 136
1339327.3.peg.1980.site.8, 40, 134, 174
1339327.3.peg.1980.site.9, 19, 135, 154
1339327.3.peg.4157.site.1, 12, 133, 145
1339327.3.peg.4157.site.2, 2, 135, 137
1339327.3.peg.4157.site.3, 3, 134, 137
1339327.3.peg.4157.site.4, 0, 135, 135
1339327.3.peg.4157.site.5, 27, 135, 162
1339327.3.peg.4157.site.6, 116, 136, 252
1339327.3.peg.4157.site.7, 1, 137, 138
1339327.3.peg.4157.site.8, 0, 136, 136
1339327.3.peg.4157.site.9, 1, 135, 136
1339327.3.peg.4157.site.10, 5, 136, 141
1339327.3.peg.4157.site.11, 0, 135, 135
1339327.3.peg.4157.site.12, 5, 136, 141
1339327.3.peg.4157.site.13, 0, 135, 135
1339327.3.peg.4157.site.14, 13, 137, 150
1339327.3.peg.4157.site.15, 103, 134, 237
1339327.3.peg.4157.site.16, 82, 136, 218
1339327.3.peg.4157.site.17, 6, 135, 141
1339327.3.peg.4157.site.18, 0, 134, 134
1339327.3.peg.1982.site.1, 1, 133, 134
1339327.3.peg.1982.site.2, 4, 134, 138
1339327.3.peg.1982.site.3, 4, 136, 140
1339327.3.peg.1982.site.4, 7, 135, 142
1339327.3.peg.1982.site.5, 48, 131, 179
1339327.3.peg.1982.site.6, 16, 134, 150
1339327.3.peg.1982.site.7, 4, 134, 138
1339327.3.peg.4025.site.1, 124, 129, 253
1339327.3.peg.4025.site.2, 3, 128, 131
1339327.3.peg.4025.site.3, 10, 134, 144
1339327.3.peg.4025.site.4, 2, 130, 132
1339327.3.peg.4025.site.5, 0, 129, 129
1339327.3.peg.4025.site.6, 4, 127, 131
1339327.3.peg.4025.site.7, 37, 130, 167
1339327.3.peg.4025.site.8, 1, 130, 131
1339327.3.peg.4025.site.9, 1, 136, 137
1339327.3.peg.4025.site.10, 99, 134, 233
1339327.3.peg.4025.site.11, 16, 134, 150
1339327.3.peg.4025.site.12, 23, 134, 157
1339327.3.peg.4025.site.13, 1, 133, 134
1339327.3.peg.4025.site.14, 0, 131, 131
1339327.3.peg.4025.site.15, 7, 132, 139
1339327.3.peg.4025.site.16, 103, 134, 237
1339327.3.peg.4025.site.17, 2, 131, 133
1339327.3.peg.4025.site.18, 0, 133, 133
1339327.3.peg.4025.site.19, 14, 114, 128
1339327.3.peg.4025.site.20, 5, 126, 131
1339327.3.peg.4025.site.21, 22, 127, 149
1339327.3.peg.4025.site.22, 1, 134, 135
1339327.3.peg.4025.site.23, 74, 134, 208
1339327.3.peg.4025.site.24, 5, 135, 140
1339327.3.peg.4025.site.25, 0, 133, 133
1339327.3.peg.4025.site.26, 6, 134, 140
1339327.3.peg.4025.site.27, 1, 134, 135
1339327.3.peg.4025.site.28, 3, 135, 138
1339327.3.peg.4025.site.29, 0, 137, 137
1339327.3.peg.4025.site.30, 45, 137, 182
1339327.3.peg.4025.site.31, 4, 137, 141
1339327.3.peg.4025.site.32, 13, 133, 146
1339327.3.peg.4025.site.33, 1, 135, 136
1339327.3.peg.4025.site.34, 1, 136, 137
1339327.3.peg.4025.site.35, 109, 134, 243
1339327.3.peg.4024.site.1, 0, 135, 135
1339327.3.peg.4024.site.2, 2, 135, 137
1339327.3.peg.4024.site.3, 5, 133, 138
1339327.3.peg.4024.site.4, 3, 133, 136
1339327.3.peg.4024.site.5, 2, 136, 138
1339327.3.peg.4024.site.6, 0, 134, 134
1339327.3.peg.4024.site.7, 4, 134, 138
1339327.3.peg.4024.site.8, 3, 137, 140
1339327.3.peg.4024.site.9, 0, 134, 134
1339327.3.peg.4024.site.10, 3, 134, 137
1339327.3.peg.4024.site.11, 7, 136, 143
1339327.3.peg.4024.site.12, 0, 136, 136
1339327.3.peg.4024.site.13, 3, 135, 138
1339327.3.peg.4024.site.14, 75, 137, 212
1339327.3.peg.4024.site.15, 3, 137, 140
1339327.3.peg.4024.site.16, 1, 137, 138
1339327.3.peg.4024.site.17, 0, 137, 137
1339327.3.peg.4024.site.18, 2, 136, 138
1339327.3.peg.4024.site.19, 2, 137, 139
1339327.3.peg.4024.site.20, 0, 135, 135
1339327.3.peg.4024.site.21, 0, 137, 137
1339327.3.peg.4024.site.22, 2, 136, 138
1339327.3.peg.4024.site.23, 9, 135, 144
1339327.3.peg.4024.site.24, 4, 136, 140
1339327.3.peg.4024.site.25, 5, 137, 142
1339327.3.peg.4024.site.26, 12, 136, 148
1339327.3.peg.4024.site.27, 3, 137, 140
1339327.3.peg.4024.site.28, 3, 137, 140
1339327.3.peg.4024.site.29, 4, 137, 141
1339327.3.peg.4024.site.30, 13, 137, 150
1339327.3.peg.4024.site.31, 19, 137, 156
1339327.3.peg.4024.site.32, 15, 136, 151
1339327.3.peg.4024.site.33, 8, 136, 144
1339327.3.peg.4024.site.34, 45, 136, 181
1339327.3.peg.4024.site.35, 12, 135, 147
1339327.3.peg.4024.site.36, 10, 137, 147
1339327.3.peg.4024.site.37, 16, 137, 153
1339327.3.peg.4024.site.38, 9, 135, 144
1339327.3.peg.4024.site.39, 2, 135, 137
1339327.3.peg.4024.site.40, 1, 135, 136
1339327.3.peg.4024.site.41, 0, 135, 135
1339327.3.peg.4024.site.42, 0, 133, 133
1339327.3.peg.4024.site.43, 5, 137, 142
1339327.3.peg.4024.site.44, 2, 136, 138
1339327.3.peg.4024.site.45, 4, 137, 141
1339327.3.peg.4024.site.46, 2, 135, 137
1339327.3.peg.4024.site.47, 3, 136, 139
1339327.3.peg.4024.site.48, 1, 135, 136
1339327.3.peg.4024.site.49, 118, 133, 251
1339327.3.peg.4024.site.50, 5, 134, 139
1339327.3.peg.4024.site.51, 1, 135, 136
1339327.3.peg.4024.site.52, 2, 136, 138
1339327.3.peg.4024.site.53, 13, 136, 149
1339327.3.peg.4024.site.54, 4, 136, 140
1339327.3.peg.4024.site.55, 45, 135, 180
1339327.3.peg.4024.site.56, 43, 132, 175
1339327.3.peg.4024.site.57, 2, 132, 134
1339327.3.peg.4024.site.58, 3, 137, 140
1339327.3.peg.4024.site.59, 17, 136, 153
1339327.3.peg.4024.site.60, 13, 137, 150
1339327.3.peg.4024.site.61, 1, 137, 138
1339327.3.peg.4024.site.62, 1, 136, 137
1339327.3.peg.4027.site.1, 1, 136, 137
1339327.3.peg.4027.site.2, 1, 130, 131
1339327.3.peg.4027.site.3, 3, 101, 104
1339327.3.peg.4027.site.4, 2, 131, 133
1339327.3.peg.4027.site.5, 1, 116, 117
1339327.3.peg.4027.site.6, 1, 115, 116
1339327.3.peg.4027.site.7, 2, 133, 135
1339327.3.peg.4027.site.8, 3, 133, 136
1339327.3.peg.4027.site.9, 37, 136, 173
1339327.3.peg.4027.site.10, 25, 136, 161
1339327.3.peg.4027.site.11, 1, 132, 133
1339327.3.peg.4027.site.12, 17, 132, 149
1339327.3.peg.4027.site.13, 2, 134, 136
1339327.3.peg.4027.site.14, 1, 134, 135
1339327.3.peg.4027.site.15, 3, 134, 137
1339327.3.peg.4027.site.16, 4, 132, 136
1339327.3.peg.4027.site.17, 14, 135, 149
1339327.3.peg.4027.site.18, 9, 135, 144
1339327.3.peg.4026.site.1, 5, 136, 141
1339327.3.peg.4026.site.2, 3, 136, 139
1339327.3.peg.4026.site.3, 60, 136, 196
1339327.3.peg.4026.site.4, 3, 134, 137
1339327.3.peg.4026.site.5, 19, 132, 151
1339327.3.peg.4026.site.6, 4, 115, 119
1339327.3.peg.4026.site.7, 4, 133, 137
1339327.3.peg.4026.site.8, 3, 134, 137
1339327.3.peg.4026.site.9, 2, 136, 138
1339327.3.peg.4026.site.10, 3, 136, 139
1339327.3.peg.4026.site.11, 4, 137, 141
1339327.3.peg.4026.site.12, 4, 137, 141
1339327.3.peg.4026.site.13, 13, 135, 148
1339327.3.peg.4026.site.14, 1, 136, 137
1339327.3.peg.4026.site.15, 12, 135, 147
1339327.3.peg.4026.site.16, 5, 134, 139
1339327.3.peg.4026.site.17, 79, 135, 214
1339327.3.peg.4026.site.18, 5, 133, 138
1339327.3.peg.4026.site.19, 7, 131, 138
1339327.3.peg.4026.site.20, 7, 135, 142
1339327.3.peg.4026.site.21, 15, 135, 150
1339327.3.peg.4026.site.22, 9, 136, 145
1339327.3.peg.4026.site.23, 16, 136, 152
1339327.3.peg.4026.site.24, 22, 133, 155
1339327.3.peg.4026.site.25, 3, 136, 139
1339327.3.peg.4026.site.26, 2, 136, 138
1339327.3.peg.4026.site.27, 60, 132, 192
1339327.3.peg.4026.site.28, 1, 134, 135
1339327.3.peg.4021.site.1, 6, 125, 131
1339327.3.peg.4021.site.2, 1, 126, 127
1339327.3.peg.4021.site.3, 4, 126, 130
1339327.3.peg.4020.site.1, 0, 136, 136
1339327.3.peg.4023.site.1, 2, 135, 137
1339327.3.peg.4023.site.2, 24, 134, 158
1339327.3.peg.4023.site.3, 0, 136, 136
1339327.3.peg.4023.site.4, 4, 137, 141
1339327.3.peg.4023.site.5, 6, 136, 142
1339327.3.peg.4023.site.6, 0, 123, 123
1339327.3.peg.4023.site.7, 52, 127, 179
1339327.3.peg.4023.site.8, 3, 129, 132
1339327.3.peg.4023.site.9, 9, 136, 145
1339327.3.peg.4023.site.10, 34, 136, 170
1339327.3.peg.4022.site.1, 0, 126, 126
1339327.3.peg.4022.site.2, 3, 126, 129
1339327.3.peg.4022.site.3, 15, 124, 139
1339327.3.peg.4022.site.4, 3, 125, 128
1339327.3.peg.4022.site.5, 3, 125, 128
1339327.3.peg.4022.site.6, 5, 125, 130
1339327.3.peg.4022.site.7, 6, 126, 132
1339327.3.peg.4022.site.8, 112, 123, 235
1339327.3.peg.4022.site.9, 9, 126, 135
1339327.3.peg.4022.site.10, 2, 125, 127
1339327.3.peg.4022.site.11, 12, 122, 134
1339327.3.peg.4022.site.12, 5, 124, 129
1339327.3.peg.4022.site.13, 1, 124, 125
1339327.3.peg.3808.site.1, 3, 136, 139
1339327.3.peg.3808.site.2, 5, 136, 141
1339327.3.peg.3808.site.3, 10, 136, 146
1339327.3.peg.3808.site.4, 0, 135, 135
1339327.3.peg.3808.site.5, 119, 135, 254
1339327.3.peg.3808.site.6, 0, 134, 134
1339327.3.peg.3808.site.7, 5, 137, 142
1339327.3.peg.3808.site.8, 44, 135, 179
1339327.3.peg.3808.site.9, 3, 136, 139
1339327.3.peg.3808.site.10, 2, 136, 138
1339327.3.peg.3702.site.1, 1, 121, 122
1339327.3.peg.3702.site.2, 47, 134, 181
1339327.3.peg.3702.site.3, 7, 132, 139
1339327.3.peg.3702.site.4, 10, 135, 145
1339327.3.peg.3702.site.5, 0, 134, 134
1339327.3.peg.3702.site.6, 108, 137, 245
1339327.3.peg.3702.site.7, 9, 136, 145
1339327.3.peg.3702.site.8, 3, 136, 139
1339327.3.peg.3702.site.9, 9, 137, 146
1339327.3.peg.3702.site.10, 70, 137, 207
1339327.3.peg.3702.site.11, 2, 135, 137
1339327.3.peg.3702.site.12, 0, 137, 137
1339327.3.peg.3702.site.13, 82, 135, 217
1339327.3.peg.3702.site.14, 5, 134, 139
1339327.3.peg.3702.site.15, 0, 130, 130
1339327.3.peg.3702.site.16, 21, 128, 149
1339327.3.peg.1851.site.1, 3, 135, 138
1339327.3.peg.1851.site.2, 0, 137, 137
1339327.3.peg.1851.site.3, 41, 136, 177
1339327.3.peg.1851.site.4, 3, 137, 140
1339327.3.peg.1851.site.5, 3, 136, 139
1339327.3.peg.1851.site.6, 3, 135, 138
1339327.3.peg.1851.site.7, 63, 137, 200
1339327.3.peg.1851.site.8, 8, 136, 144
1339327.3.peg.1851.site.9, 1, 127, 128
1339327.3.peg.1851.site.10, 5, 132, 137
1339327.3.peg.1851.site.11, 5, 136, 141
1339327.3.peg.1851.site.12, 3, 136, 139
1339327.3.peg.1851.site.13, 53, 137, 190
1339327.3.peg.1851.site.14, 4, 137, 141
1339327.3.peg.1851.site.15, 4, 137, 141
1339327.3.peg.1851.site.16, 2, 137, 139
1339327.3.peg.1851.site.17, 2, 136, 138
1339327.3.peg.1851.site.18, 21, 137, 158
1339327.3.peg.1851.site.19, 9, 137, 146
1339327.3.peg.1851.site.20, 124, 137, 261
1339327.3.peg.1851.site.21, 59, 137, 196
1339327.3.peg.1851.site.22, 2, 136, 138
1339327.3.peg.1851.site.23, 1, 135, 136
1339327.3.peg.1851.site.24, 0, 136, 136
1339327.3.peg.1851.site.25, 5, 136, 141
1339327.3.peg.1851.site.26, 45, 135, 180
1339327.3.peg.1850.site.1, 15, 135, 150
1339327.3.peg.1850.site.2, 2, 135, 137
1339327.3.peg.1850.site.3, 9, 134, 143
1339327.3.peg.1850.site.4, 17, 134, 151
1339327.3.peg.1850.site.5, 25, 136, 161
1339327.3.peg.1850.site.6, 0, 136, 136
1339327.3.peg.1850.site.7, 7, 137, 144
1339327.3.peg.1850.site.8, 0, 137, 137
1339327.3.peg.1850.site.9, 3, 137, 140
1339327.3.peg.1850.site.10, 7, 136, 143
1339327.3.peg.1850.site.11, 0, 137, 137
1339327.3.peg.1215.site.1, 9, 136, 145
1339327.3.peg.1215.site.2, 0, 136, 136
1339327.3.peg.1215.site.3, 4, 136, 140
1339327.3.peg.1215.site.4, 1, 136, 137
1339327.3.peg.1215.site.5, 85, 135, 220
1339327.3.peg.1215.site.6, 1, 134, 135
1339327.3.peg.1215.site.7, 85, 132, 217
1339327.3.peg.1215.site.8, 12, 136, 148
1339327.3.peg.1215.site.9, 1, 137, 138
1339327.3.peg.1215.site.10, 0, 135, 135
1339327.3.peg.1215.site.11, 1, 137, 138
1339327.3.peg.1215.site.12, 1, 137, 138
1339327.3.peg.1215.site.13, 0, 135, 135
1339327.3.peg.1215.site.14, 41, 136, 177
1339327.3.peg.1215.site.15, 84, 135, 219
1339327.3.peg.1215.site.16, 8, 136, 144
1339327.3.peg.3802.site.1, 0, 136, 136
1339327.3.peg.3802.site.2, 86, 136, 222
1339327.3.peg.3802.site.3, 3, 136, 139
1339327.3.peg.1217.site.1, 51, 137, 188
1339327.3.peg.1217.site.2, 13, 136, 149
1339327.3.peg.1217.site.3, 4, 136, 140
1339327.3.peg.1217.site.4, 11, 136, 147
1339327.3.peg.1217.site.5, 10, 135, 145
1339327.3.peg.1217.site.6, 1, 136, 137
1339327.3.peg.1217.site.7, 5, 135, 140
1339327.3.peg.1217.site.8, 1, 135, 136
1339327.3.peg.1217.site.9, 1, 136, 137
1339327.3.peg.1217.site.10, 4, 137, 141
1339327.3.peg.1216.site.1, 8, 135, 143
1339327.3.peg.1216.site.2, 3, 136, 139
1339327.3.peg.1216.site.3, 92, 136, 228
1339327.3.peg.1216.site.4, 2, 135, 137
1339327.3.peg.1216.site.5, 84, 134, 218
1339327.3.peg.1216.site.6, 28, 136, 164
1339327.3.peg.1216.site.7, 22, 136, 158
1339327.3.peg.1216.site.8, 29, 137, 166
1339327.3.peg.1216.site.9, 0, 136, 136
1339327.3.peg.1216.site.10, 71, 135, 206
1339327.3.peg.1216.site.11, 114, 135, 249
1339327.3.peg.1216.site.12, 80, 136, 216
1339327.3.peg.1216.site.13, 45, 136, 181
1339327.3.peg.1216.site.14, 3, 135, 138
1339327.3.peg.1216.site.15, 3, 136, 139
1339327.3.peg.1216.site.16, 122, 135, 257
1339327.3.peg.1216.site.17, 121, 137, 258
1339327.3.peg.1216.site.18, 113, 135, 248
1339327.3.peg.1211.site.1, 10, 136, 146
1339327.3.peg.1211.site.2, 12, 137, 149
1339327.3.peg.1211.site.3, 12, 134, 146
1339327.3.peg.1211.site.4, 2, 137, 139
1339327.3.peg.1211.site.5, 3, 136, 139
1339327.3.peg.1211.site.6, 1, 137, 138
1339327.3.peg.1211.site.7, 85, 136, 221
1339327.3.peg.1211.site.8, 19, 137, 156
1339327.3.peg.1211.site.9, 2, 137, 139
1339327.3.peg.1211.site.10, 2, 137, 139
1339327.3.peg.1211.site.11, 26, 136, 162
1339327.3.peg.1211.site.12, 62, 136, 198
1339327.3.peg.1211.site.13, 2, 135, 137
1339327.3.peg.1211.site.14, 2, 131, 133
1339327.3.peg.1211.site.15, 17, 135, 152
1339327.3.peg.1211.site.16, 20, 137, 157
1339327.3.peg.1211.site.17, 136, 136, 272
1339327.3.peg.1211.site.18, 2, 136, 138
1339327.3.peg.1211.site.19, 0, 136, 136
1339327.3.peg.1211.site.20, 0, 137, 137
1339327.3.peg.1211.site.21, 12, 136, 148
1339327.3.peg.1211.site.22, 44, 135, 179
1339327.3.peg.1211.site.23, 47, 135, 182
1339327.3.peg.1211.site.24, 13, 134, 147
1339327.3.peg.1211.site.25, 1, 134, 135
1339327.3.peg.1211.site.26, 14, 136, 150
1339327.3.peg.1211.site.27, 1, 136, 137
1339327.3.peg.1211.site.28, 1, 136, 137
1339327.3.peg.1211.site.29, 3, 135, 138
1339327.3.peg.1211.site.30, 14, 135, 149
1339327.3.peg.1210.site.1, 0, 134, 134
1339327.3.peg.1210.site.2, 3, 137, 140
1339327.3.peg.1210.site.3, 131, 135, 266
1339327.3.peg.1210.site.4, 0, 137, 137
1339327.3.peg.1210.site.5, 98, 137, 235
1339327.3.peg.1210.site.6, 1, 136, 137
1339327.3.peg.1210.site.7, 1, 135, 136
1339327.3.peg.1210.site.8, 74, 131, 205
1339327.3.peg.1210.site.9, 0, 127, 127
1339327.3.peg.1210.site.10, 2, 136, 138
1339327.3.peg.1210.site.11, 79, 137, 216
1339327.3.peg.1210.site.12, 18, 135, 153
1339327.3.peg.1210.site.13, 0, 137, 137
1339327.3.peg.1210.site.14, 8, 137, 145
1339327.3.peg.1212.site.1, 0, 135, 135
1339327.3.peg.1212.site.2, 0, 135, 135
1339327.3.peg.4375.site.1, 39, 137, 176
1339327.3.peg.4375.site.2, 0, 136, 136
1339327.3.peg.4375.site.3, 5, 136, 141
1339327.3.peg.4375.site.4, 5, 136, 141
1339327.3.peg.4375.site.5, 41, 137, 178
1339327.3.peg.4375.site.6, 3, 137, 140
1339327.3.peg.4375.site.7, 2, 136, 138
1339327.3.peg.4375.site.8, 4, 137, 141
1339327.3.peg.4375.site.9, 48, 136, 184
1339327.3.peg.4375.site.10, 10, 137, 147
1339327.3.peg.4375.site.11, 2, 136, 138
1339327.3.peg.4375.site.12, 1, 137, 138
1339327.3.peg.4375.site.13, 50, 135, 185
1339327.3.peg.4375.site.14, 2, 136, 138
1339327.3.peg.4375.site.15, 5, 136, 141
1339327.3.peg.4375.site.16, 2, 136, 138
1339327.3.peg.4375.site.17, 17, 136, 153
1339327.3.peg.4375.site.18, 37, 136, 173
1339327.3.peg.4375.site.19, 30, 135, 165
1339327.3.peg.4375.site.20, 16, 135, 151
1339327.3.peg.4377.site.1, 14, 135, 149
1339327.3.peg.4377.site.2, 1, 137, 138
1339327.3.peg.4377.site.3, 0, 133, 133
1339327.3.peg.4377.site.4, 5, 133, 138
1339327.3.peg.4377.site.5, 124, 134, 258
1339327.3.peg.4377.site.6, 128, 136, 264
1339327.3.peg.4377.site.7, 1, 137, 138
1339327.3.peg.4377.site.8, 86, 137, 223
1339327.3.peg.4377.site.9, 80, 137, 217
1339327.3.peg.4377.site.10, 20, 137, 157
1339327.3.peg.4377.site.11, 89, 132, 221
1339327.3.peg.4377.site.12, 2, 137, 139
1339327.3.peg.4377.site.13, 1, 136, 137
1339327.3.peg.4377.site.14, 1, 135, 136
1339327.3.peg.4377.site.15, 3, 135, 138
1339327.3.peg.4377.site.16, 2, 135, 137
1339327.3.peg.4376.site.1, 2, 137, 139
1339327.3.peg.4376.site.2, 18, 137, 155
1339327.3.peg.4376.site.3, 3, 136, 139
1339327.3.peg.4376.site.4, 35, 137, 172
1339327.3.peg.4376.site.5, 1, 137, 138
1339327.3.peg.4376.site.6, 6, 137, 143
1339327.3.peg.4376.site.7, 28, 137, 165
1339327.3.peg.4376.site.8, 1, 137, 138
1339327.3.peg.4376.site.9, 1, 134, 135
1339327.3.peg.4376.site.10, 5, 136, 141
1339327.3.peg.4376.site.11, 11, 136, 147
1339327.3.peg.4376.site.12, 0, 134, 134
1339327.3.peg.1219.site.1, 6, 137, 143
1339327.3.peg.1219.site.2, 1, 133, 134
1339327.3.peg.1219.site.3, 5, 134, 139
1339327.3.peg.1219.site.4, 1, 135, 136
1339327.3.peg.1219.site.5, 7, 136, 143
1339327.3.peg.1219.site.6, 3, 137, 140
1339327.3.peg.1219.site.7, 14, 135, 149
1339327.3.peg.1219.site.8, 93, 136, 229
1339327.3.peg.1219.site.9, 10, 136, 146
1339327.3.peg.1219.site.10, 5, 135, 140
1339327.3.peg.1219.site.11, 2, 136, 138
1339327.3.peg.1218.site.1, 28, 136, 164
1339327.3.peg.1218.site.2, 4, 137, 141
1339327.3.peg.1218.site.3, 2, 137, 139
1339327.3.peg.1218.site.4, 10, 137, 147
1339327.3.peg.1218.site.5, 6, 137, 143
1339327.3.peg.1218.site.6, 1, 136, 137
1339327.3.peg.1218.site.7, 0, 136, 136
1339327.3.peg.1218.site.8, 0, 137, 137
1339327.3.peg.1218.site.9, 2, 135, 137
1339327.3.peg.1218.site.10, 2, 135, 137
1339327.3.peg.1218.site.11, 56, 136, 192
1339327.3.peg.1218.site.12, 1, 136, 137
1339327.3.peg.1218.site.13, 3, 135, 138
1339327.3.peg.1218.site.14, 1, 134, 135
1339327.3.peg.1218.site.15, 51, 135, 186
1339327.3.peg.1218.site.16, 12, 137, 149
1339327.3.peg.1218.site.17, 1, 137, 138
1339327.3.peg.1218.site.18, 0, 136, 136
1339327.3.peg.1218.site.19, 1, 135, 136
1339327.3.peg.1218.site.20, 1, 137, 138
1339327.3.peg.1218.site.21, 4, 136, 140
1339327.3.peg.1218.site.22, 28, 137, 165
1339327.3.peg.1218.site.23, 0, 135, 135
1339327.3.peg.1218.site.24, 60, 137, 197
1339327.3.peg.1218.site.25, 55, 137, 192
1339327.3.peg.1218.site.26, 4, 136, 140
1339327.3.peg.1218.site.27, 0, 134, 134
1339327.3.peg.1218.site.28, 15, 135, 150
1339327.3.peg.1218.site.29, 0, 137, 137
1339327.3.peg.1218.site.30, 8, 136, 144
1339327.3.peg.3869.site.1, 1, 133, 134
1339327.3.peg.3869.site.2, 16, 135, 151
1339327.3.peg.3869.site.3, 2, 137, 139
1339327.3.peg.3869.site.4, 47, 137, 184
1339327.3.peg.3869.site.5, 14, 137, 151
1339327.3.peg.3869.site.6, 3, 137, 140
1339327.3.peg.3869.site.7, 39, 137, 176
1339327.3.peg.3869.site.8, 90, 137, 227
1339327.3.peg.3869.site.9, 72, 136, 208
1339327.3.peg.3869.site.10, 3, 136, 139
1339327.3.peg.3869.site.11, 8, 136, 144
1339327.3.peg.3869.site.12, 6, 135, 141
1339327.3.peg.3869.site.13, 26, 137, 163
1339327.3.peg.3869.site.14, 60, 134, 194
1339327.3.peg.3869.site.15, 58, 136, 194
1339327.3.peg.3869.site.16, 5, 136, 141
1339327.3.peg.3869.site.17, 17, 136, 153
1339327.3.peg.3869.site.18, 17, 134, 151
1339327.3.peg.3869.site.19, 82, 132, 214
1339327.3.peg.3869.site.20, 17, 136, 153
1339327.3.peg.3869.site.21, 130, 136, 266
1339327.3.peg.3869.site.22, 35, 137, 172
1339327.3.peg.3869.site.23, 1, 137, 138
1339327.3.peg.3869.site.24, 2, 136, 138
1339327.3.peg.3869.site.25, 1, 136, 137
1339327.3.peg.3869.site.26, 3, 136, 139
1339327.3.peg.3869.site.27, 5, 137, 142
1339327.3.peg.3869.site.28, 2, 137, 139
1339327.3.peg.3869.site.29, 12, 137, 149
1339327.3.peg.4771.site.1, 0, 136, 136
1339327.3.peg.4771.site.2, 24, 134, 158
1339327.3.peg.4771.site.3, 3, 136, 139
1339327.3.peg.4771.site.4, 1, 136, 137
1339327.3.peg.4771.site.5, 12, 135, 147
1339327.3.peg.4771.site.6, 103, 134, 237
1339327.3.peg.4771.site.7, 13, 136, 149
1339327.3.peg.4771.site.8, 4, 136, 140
1339327.3.peg.1508.site.1, 2, 137, 139
1339327.3.peg.1508.site.2, 0, 137, 137
1339327.3.peg.1508.site.3, 33, 137, 170
1339327.3.peg.1508.site.4, 3, 137, 140
1339327.3.peg.1508.site.5, 23, 136, 159
1339327.3.peg.1508.site.6, 16, 136, 152
1339327.3.peg.1508.site.7, 23, 135, 158
1339327.3.peg.1508.site.8, 0, 136, 136
1339327.3.peg.1508.site.9, 2, 136, 138
1339327.3.peg.1508.site.10, 10, 134, 144
1339327.3.peg.1508.site.11, 9, 136, 145
1339327.3.peg.1508.site.12, 3, 136, 139
1339327.3.peg.1508.site.13, 0, 134, 134
1339327.3.peg.1508.site.14, 5, 135, 140
1339327.3.peg.1508.site.15, 7, 136, 143
1339327.3.peg.4773.site.1, 5, 134, 139
1339327.3.peg.4773.site.2, 17, 134, 151
1339327.3.peg.4773.site.3, 4, 135, 139
1339327.3.peg.4773.site.4, 36, 134, 170
1339327.3.peg.4773.site.5, 0, 136, 136
1339327.3.peg.4773.site.6, 70, 135, 205
1339327.3.peg.4773.site.7, 20, 136, 156
1339327.3.peg.4773.site.8, 0, 136, 136
1339327.3.peg.4773.site.9, 101, 136, 237
1339327.3.peg.4773.site.10, 12, 136, 148
1339327.3.peg.4773.site.11, 3, 136, 139
1339327.3.peg.4773.site.12, 1, 136, 137
1339327.3.peg.4773.site.13, 8, 136, 144
1339327.3.peg.4773.site.14, 7, 135, 142
1339327.3.peg.4773.site.15, 0, 136, 136
1339327.3.peg.4773.site.16, 47, 136, 183
1339327.3.peg.4773.site.17, 5, 134, 139
1339327.3.peg.4773.site.18, 3, 135, 138
1339327.3.peg.4773.site.19, 4, 136, 140
1339327.3.peg.4773.site.20, 1, 134, 135
1339327.3.peg.4773.site.21, 5, 135, 140
1339327.3.peg.4773.site.22, 12, 136, 148
1339327.3.peg.4773.site.23, 1, 135, 136
1339327.3.peg.4773.site.24, 1, 136, 137
1339327.3.peg.4772.site.1, 30, 134, 164
1339327.3.peg.4772.site.2, 1, 136, 137
1339327.3.peg.4772.site.3, 0, 135, 135
1339327.3.peg.4772.site.4, 18, 136, 154
1339327.3.peg.4772.site.5, 6, 136, 142
1339327.3.peg.4772.site.6, 95, 136, 231
1339327.3.peg.4772.site.7, 15, 136, 151
1339327.3.peg.4772.site.8, 9, 136, 145
1339327.3.peg.4772.site.9, 12, 136, 148
1339327.3.peg.4772.site.10, 63, 136, 199
1339327.3.peg.4772.site.11, 15, 136, 151
1339327.3.peg.4772.site.12, 2, 136, 138
1339327.3.peg.4772.site.13, 0, 133, 133
1339327.3.peg.4772.site.14, 2, 136, 138
1339327.3.peg.4772.site.15, 3, 135, 138
1339327.3.peg.4772.site.16, 2, 136, 138
1339327.3.peg.4772.site.17, 4, 136, 140
1339327.3.peg.4772.site.18, 1, 135, 136
1339327.3.peg.4777.site.1, 8, 127, 135
1339327.3.peg.4777.site.2, 95, 133, 228
1339327.3.peg.4777.site.3, 1, 133, 134
1339327.3.peg.4777.site.4, 0, 134, 134
1339327.3.peg.4777.site.5, 0, 133, 133
1339327.3.peg.4777.site.6, 14, 131, 145
1339327.3.peg.4777.site.7, 3, 134, 137
1339327.3.peg.4777.site.8, 1, 132, 133
1339327.3.peg.4777.site.9, 0, 131, 131
1339327.3.peg.4777.site.10, 0, 129, 129
1339327.3.peg.4776.site.1, 7, 134, 141
1339327.3.peg.4776.site.2, 16, 133, 149
1339327.3.peg.4776.site.3, 4, 133, 137
1339327.3.peg.4776.site.4, 14, 136, 150
1339327.3.peg.4776.site.5, 9, 136, 145
1339327.3.peg.4776.site.6, 92, 136, 228
1339327.3.peg.4776.site.7, 21, 136, 157
1339327.3.peg.4776.site.8, 1, 136, 137
1339327.3.peg.4776.site.9, 12, 135, 147
1339327.3.peg.4776.site.10, 3, 136, 139
1339327.3.peg.4776.site.11, 18, 136, 154
1339327.3.peg.1501.site.1, 35, 137, 172
1339327.3.peg.1501.site.2, 3, 137, 140
1339327.3.peg.1501.site.3, 12, 137, 149
1339327.3.peg.1501.site.4, 2, 137, 139
1339327.3.peg.1501.site.5, 1, 137, 138
1339327.3.peg.1501.site.6, 24, 135, 159
1339327.3.peg.1501.site.7, 1, 136, 137
1339327.3.peg.1501.site.8, 7, 137, 144
1339327.3.peg.1501.site.9, 80, 136, 216
1339327.3.peg.1501.site.10, 3, 137, 140
1339327.3.peg.1501.site.11, 0, 136, 136
1339327.3.peg.1501.site.12, 0, 137, 137
1339327.3.peg.1501.site.13, 0, 136, 136
1339327.3.peg.1500.site.1, 15, 136, 151
1339327.3.peg.1500.site.2, 17, 137, 154
1339327.3.peg.1500.site.3, 1, 135, 136
1339327.3.peg.1500.site.4, 20, 137, 157
1339327.3.peg.1500.site.5, 18, 137, 155
1339327.3.peg.1500.site.6, 16, 136, 152
1339327.3.peg.1500.site.7, 8, 135, 143
1339327.3.peg.1500.site.8, 10, 135, 145
1339327.3.peg.1500.site.9, 1, 136, 137
1339327.3.peg.1500.site.10, 8, 137, 145
1339327.3.peg.1500.site.11, 12, 136, 148
1339327.3.peg.1500.site.12, 66, 137, 203
1339327.3.peg.1500.site.13, 10, 136, 146
1339327.3.peg.1500.site.14, 2, 137, 139
1339327.3.peg.1500.site.15, 5, 137, 142
1339327.3.peg.1500.site.16, 2, 137, 139
1339327.3.peg.1500.site.17, 15, 136, 151
1339327.3.peg.1500.site.18, 29, 136, 165
1339327.3.peg.1500.site.19, 48, 137, 185
1339327.3.peg.1500.site.20, 39, 136, 175
1339327.3.peg.1500.site.21, 4, 137, 141
1339327.3.peg.1500.site.22, 49, 136, 185
1339327.3.peg.1500.site.23, 8, 137, 145
1339327.3.peg.1500.site.24, 3, 137, 140
1339327.3.peg.1500.site.25, 2, 137, 139
1339327.3.peg.1500.site.26, 24, 134, 158
1339327.3.peg.1503.site.1, 2, 135, 137
1339327.3.peg.1503.site.2, 6, 135, 141
1339327.3.peg.1503.site.3, 3, 134, 137
1339327.3.peg.1503.site.4, 17, 134, 151
1339327.3.peg.1503.site.5, 8, 130, 138
1339327.3.peg.1503.site.6, 7, 129, 136
1339327.3.peg.1503.site.7, 0, 130, 130
1339327.3.peg.1503.site.8, 15, 129, 144
1339327.3.peg.1503.site.9, 2, 134, 136
1339327.3.peg.1503.site.10, 9, 135, 144
1339327.3.peg.1503.site.11, 1, 134, 135
1339327.3.peg.1503.site.12, 108, 135, 243
1339327.3.peg.1503.site.13, 7, 135, 142
1339327.3.peg.1503.site.14, 24, 136, 160
1339327.3.peg.1503.site.15, 0, 136, 136
1339327.3.peg.1503.site.16, 2, 135, 137
1339327.3.peg.1503.site.17, 0, 137, 137
1339327.3.peg.1502.site.1, 13, 137, 150
1339327.3.peg.1502.site.2, 2, 137, 139
1339327.3.peg.1502.site.3, 8, 137, 145
1339327.3.peg.1502.site.4, 4, 137, 141
1339327.3.peg.1502.site.5, 8, 134, 142
1339327.3.peg.1502.site.6, 1, 136, 137
1339327.3.peg.1502.site.7, 3, 135, 138
1339327.3.peg.1502.site.8, 2, 135, 137
1339327.3.peg.1502.site.9, 42, 135, 177
1339327.3.peg.1502.site.10, 3, 136, 139
1339327.3.peg.1502.site.11, 0, 133, 133
1339327.3.peg.1502.site.12, 94, 133, 227
1339327.3.peg.1502.site.13, 0, 135, 135
1339327.3.peg.1502.site.14, 3, 135, 138
1339327.3.peg.1502.site.15, 16, 134, 150
1339327.3.peg.1505.site.1, 9, 137, 146
1339327.3.peg.1505.site.2, 2, 137, 139
1339327.3.peg.1505.site.3, 8, 137, 145
1339327.3.peg.1505.site.4, 20, 136, 156
1339327.3.peg.1505.site.5, 2, 135, 137
1339327.3.peg.1505.site.6, 1, 136, 137
1339327.3.peg.1505.site.7, 1, 133, 134
1339327.3.peg.1505.site.8, 17, 135, 152
1339327.3.peg.1505.site.9, 5, 135, 140
1339327.3.peg.1505.site.10, 4, 137, 141
1339327.3.peg.1505.site.11, 3, 137, 140
1339327.3.peg.1505.site.12, 7, 135, 142
1339327.3.peg.1505.site.13, 1, 136, 137
1339327.3.peg.1504.site.1, 6, 135, 141
1339327.3.peg.1504.site.2, 43, 137, 180
1339327.3.peg.1504.site.3, 31, 134, 165
1339327.3.peg.1504.site.4, 131, 136, 267
1339327.3.peg.1504.site.5, 8, 136, 144
1339327.3.peg.1504.site.6, 2, 136, 138
1339327.3.peg.1504.site.7, 3, 135, 138
1339327.3.peg.1507.site.1, 30, 135, 165
1339327.3.peg.1507.site.2, 19, 136, 155
1339327.3.peg.1507.site.3, 0, 135, 135
1339327.3.peg.1507.site.4, 3, 137, 140
1339327.3.peg.1507.site.5, 0, 134, 134
1339327.3.peg.1507.site.6, 9, 137, 146
1339327.3.peg.1507.site.7, 12, 135, 147
1339327.3.peg.1507.site.8, 0, 137, 137
1339327.3.peg.1507.site.9, 2, 137, 139
1339327.3.peg.1507.site.10, 5, 137, 142
1339327.3.peg.1507.site.11, 3, 137, 140
1339327.3.peg.1507.site.12, 0, 136, 136
1339327.3.peg.1506.site.1, 10, 136, 146
1339327.3.peg.1506.site.2, 21, 135, 156
1339327.3.peg.1506.site.3, 84, 136, 220
1339327.3.peg.1506.site.4, 25, 135, 160
1339327.3.peg.1506.site.5, 11, 136, 147
1339327.3.peg.1506.site.6, 1, 137, 138
1339327.3.peg.1506.site.7, 74, 136, 210
1339327.3.peg.1506.site.8, 38, 135, 173
1339327.3.peg.1506.site.9, 3, 136, 139
1339327.3.peg.1506.site.10, 14, 136, 150
1339327.3.peg.1506.site.11, 5, 136, 141
1339327.3.peg.1506.site.12, 129, 136, 265
1339327.3.peg.1506.site.13, 1, 134, 135
1339327.3.peg.1506.site.14, 24, 136, 160
1339327.3.peg.1506.site.15, 6, 137, 143
1339327.3.peg.1506.site.16, 2, 136, 138
1339327.3.peg.1506.site.17, 2, 137, 139
1339327.3.peg.1506.site.18, 10, 136, 146
1339327.3.peg.1506.site.19, 123, 136, 259
1339327.3.peg.1506.site.20, 6, 134, 140
1339327.3.peg.1506.site.21, 7, 136, 143
1339327.3.peg.1506.site.22, 38, 134, 172
1339327.3.peg.1506.site.23, 24, 134, 158
1339327.3.peg.1506.site.24, 1, 135, 136
1339327.3.peg.1506.site.25, 0, 136, 136
1339327.3.peg.1506.site.26, 0, 135, 135
1339327.3.peg.1506.site.27, 2, 136, 138
1339327.3.peg.1506.site.28, 0, 137, 137
1339327.3.peg.1506.site.29, 10, 135, 145
1339327.3.peg.1506.site.30, 3, 136, 139
1339327.3.peg.1506.site.31, 7, 136, 143
1339327.3.peg.1506.site.32, 0, 134, 134
1339327.3.peg.1506.site.33, 0, 136, 136
1339327.3.peg.1506.site.34, 3, 136, 139
1339327.3.peg.1506.site.35, 4, 137, 141
1339327.3.peg.1506.site.36, 16, 135, 151
1339327.3.peg.1506.site.37, 10, 136, 146
1339327.3.peg.1506.site.38, 2, 136, 138
1339327.3.peg.1506.site.39, 3, 134, 137
1339327.3.peg.1506.site.40, 2, 133, 135
1339327.3.peg.1506.site.41, 0, 136, 136
1339327.3.peg.1506.site.42, 54, 137, 191
1339327.3.peg.1506.site.43, 1, 136, 137
1339327.3.peg.1506.site.44, 3, 135, 138
1339327.3.peg.1506.site.45, 1, 135, 136
1339327.3.peg.5079.site.1, 20, 135, 155
1339327.3.peg.5079.site.2, 2, 74, 76
1339327.3.peg.5079.site.3, 7, 64, 71
1339327.3.peg.5079.site.4, 23, 78, 101
1339327.3.peg.5079.site.5, 2, 111, 113
1339327.3.peg.5079.site.6, 0, 135, 135
1339327.3.peg.5079.site.7, 2, 137, 139
1339327.3.peg.5079.site.8, 0, 131, 131
1339327.3.peg.5079.site.9, 26, 134, 160
1339327.3.peg.4571.site.1, 1, 132, 133
1339327.3.peg.4571.site.2, 32, 134, 166
1339327.3.peg.4571.site.3, 4, 131, 135
1339327.3.peg.4571.site.4, 5, 133, 138
1339327.3.peg.4571.site.5, 5, 136, 141
1339327.3.peg.4571.site.6, 0, 136, 136
1339327.3.peg.4571.site.7, 2, 131, 133
1339327.3.peg.4571.site.8, 10, 131, 141
1339327.3.peg.4571.site.9, 10, 131, 141
1339327.3.peg.4571.site.10, 3, 131, 134
1339327.3.peg.4571.site.11, 7, 131, 138
1339327.3.peg.4571.site.12, 2, 130, 132
1339327.3.peg.4571.site.13, 2, 129, 131
1339327.3.peg.4571.site.14, 1, 132, 133
1339327.3.peg.4571.site.15, 32, 135, 167
1339327.3.peg.4570.site.1, 1, 131, 132
1339327.3.peg.4570.site.2, 1, 132, 133
1339327.3.peg.4570.site.3, 1, 132, 133
1339327.3.peg.4570.site.4, 4, 135, 139
1339327.3.peg.4570.site.5, 3, 133, 136
1339327.3.peg.4570.site.6, 13, 131, 144
1339327.3.peg.4482.site.1, 12, 134, 146
1339327.3.peg.4482.site.2, 0, 121, 121
1339327.3.peg.4482.site.3, 1, 127, 128
1339327.3.peg.4482.site.4, 1, 133, 134
1339327.3.peg.4482.site.5, 25, 132, 157
1339327.3.peg.1186.site.1, 17, 135, 152
1339327.3.peg.1186.site.2, 120, 134, 254
1339327.3.peg.1186.site.3, 1, 137, 138
1339327.3.peg.1186.site.4, 22, 137, 159
1339327.3.peg.1186.site.5, 12, 136, 148
1339327.3.peg.1186.site.6, 5, 137, 142
1339327.3.peg.1186.site.7, 8, 137, 145
1339327.3.peg.1186.site.8, 1, 136, 137
1339327.3.peg.1186.site.9, 3, 137, 140
1339327.3.peg.1186.site.10, 0, 136, 136
1339327.3.peg.1186.site.11, 25, 136, 161
1339327.3.peg.1186.site.12, 5, 136, 141
1339327.3.peg.1186.site.13, 5, 134, 139
1339327.3.peg.1186.site.14, 9, 136, 145
1339327.3.peg.1186.site.15, 2, 136, 138
1339327.3.peg.1186.site.16, 2, 135, 137
1339327.3.peg.1186.site.17, 0, 136, 136
1339327.3.peg.1186.site.18, 0, 137, 137
1339327.3.peg.1186.site.19, 41, 137, 178
1339327.3.peg.1186.site.20, 0, 136, 136
1339327.3.peg.1186.site.21, 3, 136, 139
1339327.3.peg.1186.site.22, 120, 137, 257
1339327.3.peg.1186.site.23, 45, 137, 182
1339327.3.peg.1186.site.24, 4, 137, 141
1339327.3.peg.1186.site.25, 2, 136, 138
1339327.3.peg.1186.site.26, 16, 135, 151
1339327.3.peg.1186.site.27, 3, 135, 138
1339327.3.peg.1186.site.28, 18, 136, 154
1339327.3.peg.1186.site.29, 93, 136, 229
1339327.3.peg.1186.site.30, 3, 136, 139
1339327.3.peg.1186.site.31, 3, 136, 139
1339327.3.peg.1186.site.32, 1, 136, 137
1339327.3.peg.1186.site.33, 3, 137, 140
1339327.3.peg.1186.site.34, 31, 135, 166
1339327.3.peg.1186.site.35, 9, 136, 145
1339327.3.peg.1186.site.36, 121, 135, 256
1339327.3.peg.1186.site.37, 35, 136, 171
1339327.3.peg.1186.site.38, 1, 136, 137
1339327.3.peg.1186.site.39, 3, 136, 139
1339327.3.peg.1186.site.40, 0, 136, 136
1339327.3.peg.1186.site.41, 1, 137, 138
1339327.3.peg.1186.site.42, 1, 137, 138
1339327.3.peg.1181.site.1, 123, 137, 260
1339327.3.peg.1181.site.2, 2, 136, 138
1339327.3.peg.1181.site.3, 10, 137, 147
1339327.3.peg.1181.site.4, 14, 136, 150
1339327.3.peg.1181.site.5, 5, 136, 141
1339327.3.peg.1181.site.6, 0, 136, 136
1339327.3.peg.1181.site.7, 7, 135, 142
1339327.3.peg.1181.site.8, 1, 137, 138
1339327.3.peg.1181.site.9, 13, 136, 149
1339327.3.peg.1181.site.10, 66, 137, 203
1339327.3.peg.1181.site.11, 23, 135, 158
1339327.3.peg.1181.site.12, 31, 136, 167
1339327.3.peg.1181.site.13, 55, 135, 190
1339327.3.peg.1181.site.14, 36, 136, 172
1339327.3.peg.1181.site.15, 8, 136, 144
1339327.3.peg.1181.site.16, 2, 135, 137
1339327.3.peg.1181.site.17, 12, 135, 147
1339327.3.peg.1181.site.18, 0, 136, 136
1339327.3.peg.1181.site.19, 2, 137, 139
1339327.3.peg.1181.site.20, 7, 136, 143
1339327.3.peg.1180.site.1, 20, 137, 157
1339327.3.peg.1180.site.2, 1, 137, 138
1339327.3.peg.1180.site.3, 17, 137, 154
1339327.3.peg.1180.site.4, 0, 137, 137
1339327.3.peg.1180.site.5, 31, 136, 167
1339327.3.peg.1180.site.6, 6, 137, 143
1339327.3.peg.1180.site.7, 3, 137, 140
1339327.3.peg.1180.site.8, 21, 135, 156
1339327.3.peg.1180.site.9, 2, 136, 138
1339327.3.peg.1180.site.10, 17, 136, 153
1339327.3.peg.1180.site.11, 11, 135, 146
1339327.3.peg.1180.site.12, 1, 137, 138
1339327.3.peg.1180.site.13, 0, 136, 136
1339327.3.peg.1180.site.14, 109, 137, 246
1339327.3.peg.1180.site.15, 8, 137, 145
1339327.3.peg.1180.site.16, 22, 137, 159
1339327.3.peg.1180.site.17, 1, 137, 138
1339327.3.peg.1180.site.18, 48, 136, 184
1339327.3.peg.1180.site.19, 2, 137, 139
1339327.3.peg.1180.site.20, 0, 132, 132
1339327.3.peg.1183.site.1, 5, 137, 142
1339327.3.peg.1183.site.2, 0, 137, 137
1339327.3.peg.1183.site.3, 0, 135, 135
1339327.3.peg.1183.site.4, 17, 137, 154
1339327.3.peg.1183.site.5, 1, 137, 138
1339327.3.peg.1183.site.6, 2, 137, 139
1339327.3.peg.1183.site.7, 1, 137, 138
1339327.3.peg.1183.site.8, 0, 135, 135
1339327.3.peg.1183.site.9, 4, 137, 141
1339327.3.peg.1183.site.10, 0, 137, 137
1339327.3.peg.1182.site.1, 9, 137, 146
1339327.3.peg.1182.site.2, 15, 136, 151
1339327.3.peg.1182.site.3, 0, 136, 136
1339327.3.peg.1182.site.4, 15, 135, 150
1339327.3.peg.1182.site.5, 93, 135, 228
1339327.3.peg.1182.site.6, 5, 136, 141
1339327.3.peg.1182.site.7, 5, 135, 140
1339327.3.peg.4489.site.1, 28, 136, 164
1339327.3.peg.4489.site.2, 8, 137, 145
1339327.3.peg.4489.site.3, 2, 135, 137
1339327.3.peg.4489.site.4, 2, 134, 136
1339327.3.peg.4489.site.5, 12, 136, 148
1339327.3.peg.4489.site.6, 3, 135, 138
1339327.3.peg.4489.site.7, 3, 137, 140
1339327.3.peg.4489.site.8, 2, 137, 139
1339327.3.peg.4489.site.9, 0, 137, 137
1339327.3.peg.4489.site.10, 45, 137, 182
1339327.3.peg.4489.site.11, 1, 137, 138
1339327.3.peg.4489.site.12, 3, 135, 138
1339327.3.peg.3878.site.1, 23, 136, 159
1339327.3.peg.3878.site.2, 3, 133, 136
1339327.3.peg.3878.site.3, 18, 134, 152
1339327.3.peg.3878.site.4, 1, 137, 138
1339327.3.peg.3878.site.5, 31, 137, 168
1339327.3.peg.3878.site.6, 3, 137, 140
1339327.3.peg.3878.site.7, 28, 136, 164
1339327.3.peg.3878.site.8, 5, 136, 141
1339327.3.peg.3878.site.9, 1, 135, 136
1339327.3.peg.3878.site.10, 1, 136, 137
1339327.3.peg.3878.site.11, 8, 135, 143
1339327.3.peg.3878.site.12, 16, 136, 152
1339327.3.peg.3878.site.13, 1, 136, 137
1339327.3.peg.3878.site.14, 0, 135, 135
1339327.3.peg.3878.site.15, 106, 135, 241
1339327.3.peg.3878.site.16, 104, 134, 238
1339327.3.peg.3878.site.17, 32, 136, 168
1339327.3.peg.3878.site.18, 0, 137, 137
1339327.3.peg.3878.site.19, 48, 137, 185
1339327.3.peg.1189.site.1, 3, 136, 139
1339327.3.peg.1189.site.2, 5, 137, 142
1339327.3.peg.1189.site.3, 81, 137, 218
1339327.3.peg.1189.site.4, 2, 136, 138
1339327.3.peg.1189.site.5, 2, 137, 139
1339327.3.peg.1189.site.6, 30, 137, 167
1339327.3.peg.1189.site.7, 42, 136, 178
1339327.3.peg.1189.site.8, 3, 137, 140
1339327.3.peg.1189.site.9, 1, 137, 138
1339327.3.peg.1189.site.10, 1, 136, 137
1339327.3.peg.1189.site.11, 0, 135, 135
1339327.3.peg.1189.site.12, 113, 136, 249
1339327.3.peg.1189.site.13, 0, 137, 137
1339327.3.peg.3877.site.1, 47, 135, 182
1339327.3.peg.3877.site.2, 1, 135, 136
1339327.3.peg.3877.site.3, 1, 137, 138
1339327.3.peg.3876.site.1, 92, 136, 228
1339327.3.peg.3876.site.2, 13, 136, 149
1339327.3.peg.3876.site.3, 10, 137, 147
1339327.3.peg.3876.site.4, 0, 137, 137
1339327.3.peg.3876.site.5, 0, 136, 136
1339327.3.peg.3876.site.6, 124, 135, 259
1339327.3.peg.3876.site.7, 3, 137, 140
1339327.3.peg.3876.site.8, 3, 136, 139
1339327.3.peg.3876.site.9, 14, 136, 150
1339327.3.peg.3876.site.10, 6, 137, 143
1339327.3.peg.3876.site.11, 4, 137, 141
1339327.3.peg.3876.site.12, 2, 137, 139
1339327.3.peg.3876.site.13, 5, 137, 142
1339327.3.peg.3876.site.14, 118, 136, 254
1339327.3.peg.3876.site.15, 1, 136, 137
1339327.3.peg.4498.site.1, 17, 136, 153
1339327.3.peg.4498.site.2, 14, 136, 150
1339327.3.peg.4498.site.3, 1, 134, 135
1339327.3.peg.4498.site.4, 1, 134, 135
1339327.3.peg.4498.site.5, 26, 135, 161
1339327.3.peg.4499.site.1, 11, 137, 148
1339327.3.peg.4499.site.2, 3, 137, 140
1339327.3.peg.4499.site.3, 3, 137, 140
1339327.3.peg.4499.site.4, 16, 137, 153
1339327.3.peg.4499.site.5, 1, 135, 136
1339327.3.peg.4499.site.6, 22, 135, 157
1339327.3.peg.4499.site.7, 2, 136, 138
1339327.3.peg.4499.site.8, 0, 136, 136
1339327.3.peg.4499.site.9, 24, 136, 160
1339327.3.peg.4499.site.10, 2, 136, 138
1339327.3.peg.4499.site.11, 2, 136, 138
1339327.3.peg.4499.site.12, 3, 136, 139
1339327.3.peg.4499.site.13, 10, 136, 146
1339327.3.peg.4499.site.14, 0, 136, 136
1339327.3.peg.2748.site.1, 41, 107, 148
1339327.3.peg.2748.site.2, 1, 98, 99
1339327.3.peg.2748.site.3, 3, 111, 114
1339327.3.peg.2748.site.4, 1, 111, 112
1339327.3.peg.2748.site.5, 3, 107, 110
1339327.3.peg.2748.site.6, 8, 101, 109
1339327.3.peg.2748.site.7, 0, 115, 115
1339327.3.peg.2748.site.8, 4, 105, 109
1339327.3.peg.2748.site.9, 0, 106, 106
1339327.3.peg.2748.site.10, 0, 121, 121
1339327.3.peg.2748.site.11, 0, 122, 122
1339327.3.peg.2748.site.12, 1, 110, 111
1339327.3.peg.2748.site.13, 2, 119, 121
1339327.3.peg.2748.site.14, 0, 116, 116
1339327.3.peg.2748.site.15, 1, 122, 123
1339327.3.peg.2748.site.16, 2, 120, 122
1339327.3.peg.2748.site.17, 1, 116, 117
1339327.3.peg.2748.site.18, 1, 123, 124
1339327.3.peg.2748.site.19, 1, 123, 124
1339327.3.peg.2748.site.20, 13, 108, 121
1339327.3.peg.2748.site.21, 1, 108, 109
1339327.3.peg.2748.site.22, 1, 109, 110
1339327.3.peg.2748.site.23, 3, 102, 105
1339327.3.peg.2748.site.24, 6, 102, 108
1339327.3.peg.2748.site.25, 5, 101, 106
1339327.3.peg.2748.site.26, 4, 110, 114
1339327.3.peg.2748.site.27, 7, 96, 103
1339327.3.peg.2748.site.28, 17, 109, 126
1339327.3.peg.2748.site.29, 33, 107, 140
1339327.3.peg.2748.site.30, 4, 107, 111
1339327.3.peg.2748.site.31, 6, 105, 111
1339327.3.peg.2748.site.32, 1, 107, 108
1339327.3.peg.2748.site.33, 85, 101, 186
1339327.3.peg.2748.site.34, 0, 120, 120
1339327.3.peg.2748.site.35, 1, 122, 123
1339327.3.peg.2748.site.36, 1, 121, 122
1339327.3.peg.4247.site.1, 1, 137, 138
1339327.3.peg.4247.site.2, 89, 134, 223
1339327.3.peg.4247.site.3, 10, 136, 146
1339327.3.peg.4247.site.4, 60, 136, 196
1339327.3.peg.4247.site.5, 1, 136, 137
1339327.3.peg.4247.site.6, 15, 136, 151
1339327.3.peg.4247.site.7, 0, 136, 136
1339327.3.peg.4247.site.8, 10, 137, 147
1339327.3.peg.4247.site.9, 21, 136, 157
1339327.3.peg.4247.site.10, 44, 135, 179
1339327.3.peg.4247.site.11, 17, 137, 154
1339327.3.peg.4247.site.12, 1, 136, 137
1339327.3.peg.4247.site.13, 4, 137, 141
1339327.3.peg.4247.site.14, 2, 137, 139
1339327.3.peg.4247.site.15, 72, 136, 208
1339327.3.peg.4247.site.16, 25, 135, 160
1339327.3.peg.4247.site.17, 2, 136, 138
1339327.3.peg.4247.site.18, 2, 136, 138
1339327.3.peg.4247.site.19, 1, 134, 135
1339327.3.peg.4247.site.20, 14, 134, 148
1339327.3.peg.2740.site.1, 1, 135, 136
1339327.3.peg.2740.site.2, 8, 135, 143
1339327.3.peg.2740.site.3, 0, 133, 133
1339327.3.peg.2741.site.1, 13, 126, 139
1339327.3.peg.2741.site.2, 3, 129, 132
1339327.3.peg.2741.site.3, 3, 80, 83
1339327.3.peg.2741.site.4, 96, 127, 223
1339327.3.peg.2741.site.5, 0, 132, 132
1339327.3.peg.2741.site.6, 3, 133, 136
1339327.3.peg.2741.site.7, 2, 130, 132
1339327.3.peg.2741.site.8, 3, 129, 132
1339327.3.peg.2741.site.9, 9, 129, 138
1339327.3.peg.2741.site.10, 5, 132, 137
1339327.3.peg.2741.site.11, 2, 134, 136
1339327.3.peg.2744.site.1, 6, 97, 103
1339327.3.peg.2744.site.2, 2, 100, 102
1339327.3.peg.2744.site.3, 2, 95, 97
1339327.3.peg.2744.site.4, 5, 89, 94
1339327.3.peg.2744.site.5, 1, 92, 93
1339327.3.peg.2744.site.6, 1, 88, 89
1339327.3.peg.2744.site.7, 2, 89, 91
1339327.3.peg.2744.site.8, 3, 79, 82
1339327.3.peg.2744.site.9, 3, 79, 82
1339327.3.peg.2744.site.10, 4, 81, 85
1339327.3.peg.2744.site.11, 18, 83, 101
1339327.3.peg.2744.site.12, 0, 120, 120
1339327.3.peg.2744.site.13, 41, 111, 152
1339327.3.peg.2744.site.14, 0, 120, 120
1339327.3.peg.2744.site.15, 1, 121, 122
1339327.3.peg.2744.site.16, 1, 126, 127
1339327.3.peg.2744.site.17, 1, 129, 130
1339327.3.peg.2744.site.18, 3, 133, 136
1339327.3.peg.2744.site.19, 1, 137, 138
1339327.3.peg.2744.site.20, 0, 136, 136
1339327.3.peg.2744.site.21, 3, 133, 136
1339327.3.peg.2744.site.22, 0, 134, 134
1339327.3.peg.2744.site.23, 0, 131, 131
1339327.3.peg.2744.site.24, 0, 136, 136
1339327.3.peg.2744.site.25, 0, 127, 127
1339327.3.peg.2744.site.26, 0, 109, 109
1339327.3.peg.2744.site.27, 18, 40, 58
1339327.3.peg.2744.site.28, 1, 26, 27
1339327.3.peg.2744.site.29, 2, 25, 27
1339327.3.peg.2744.site.30, 1, 22, 23
1339327.3.peg.2744.site.31, 2, 22, 24
1339327.3.peg.2744.site.32, 1, 22, 23
1339327.3.peg.2744.site.33, 1, 23, 24
1339327.3.peg.2744.site.34, 9, 38, 47
1339327.3.peg.2744.site.35, 0, 37, 37
1339327.3.peg.2744.site.36, 22, 48, 70
1339327.3.peg.2744.site.37, 32, 58, 90
1339327.3.peg.2744.site.38, 1, 55, 56
1339327.3.peg.2744.site.39, 7, 90, 97
1339327.3.peg.2744.site.40, 4, 68, 72
1339327.3.peg.2744.site.41, 2, 79, 81
1339327.3.peg.2744.site.42, 42, 57, 99
1339327.3.peg.2744.site.43, 4, 49, 53
1339327.3.peg.2744.site.44, 46, 62, 108
1339327.3.peg.2744.site.45, 0, 62, 62
1339327.3.peg.2744.site.46, 0, 46, 46
1339327.3.peg.2744.site.47, 13, 30, 43
1339327.3.peg.2744.site.48, 0, 38, 38
1339327.3.peg.2744.site.49, 0, 36, 36
1339327.3.peg.2744.site.50, 17, 39, 56
1339327.3.peg.2744.site.51, 20, 41, 61
1339327.3.peg.2744.site.52, 24, 46, 70
1339327.3.peg.2744.site.53, 67, 81, 148
1339327.3.peg.2744.site.54, 5, 83, 88
1339327.3.peg.2744.site.55, 12, 87, 99
1339327.3.peg.2744.site.56, 5, 86, 91
1339327.3.peg.2744.site.57, 5, 99, 104
1339327.3.peg.2744.site.58, 64, 79, 143
1339327.3.peg.2744.site.59, 61, 79, 140
1339327.3.peg.2744.site.60, 13, 59, 72
1339327.3.peg.2744.site.61, 38, 64, 102
1339327.3.peg.2744.site.62, 0, 82, 82
1339327.3.peg.2744.site.63, 0, 86, 86
1339327.3.peg.2744.site.64, 61, 87, 148
1339327.3.peg.2744.site.65, 9, 92, 101
1339327.3.peg.2744.site.66, 0, 97, 97
1339327.3.peg.2744.site.67, 2, 99, 101
1339327.3.peg.4249.site.1, 0, 134, 134
1339327.3.peg.3862.site.1, 2, 136, 138
1339327.3.peg.3862.site.2, 8, 137, 145
1339327.3.peg.4248.site.1, 46, 137, 183
1339327.3.peg.4248.site.2, 61, 137, 198
1339327.3.peg.4248.site.3, 29, 136, 165
1339327.3.peg.4248.site.4, 8, 137, 145
1339327.3.peg.4248.site.5, 0, 136, 136
1339327.3.peg.4248.site.6, 9, 137, 146
1339327.3.peg.4248.site.7, 5, 136, 141
1339327.3.peg.4248.site.8, 1, 136, 137
1339327.3.peg.4248.site.9, 115, 136, 251
1339327.3.peg.4248.site.10, 2, 135, 137
1339327.3.peg.4248.site.11, 3, 136, 139
1339327.3.peg.4248.site.12, 0, 137, 137
1339327.3.peg.2180.site.1, 39, 137, 176
1339327.3.peg.2180.site.2, 0, 137, 137
1339327.3.peg.2180.site.3, 1, 136, 137
1339327.3.peg.2180.site.4, 6, 134, 140
1339327.3.peg.2180.site.5, 2, 135, 137
1339327.3.peg.2180.site.6, 3, 137, 140
1339327.3.peg.2180.site.7, 4, 136, 140
1339327.3.peg.2180.site.8, 94, 136, 230
1339327.3.peg.2180.site.9, 54, 135, 189
1339327.3.peg.2180.site.10, 6, 137, 143
1339327.3.peg.2180.site.11, 0, 134, 134
1339327.3.peg.2181.site.1, 49, 135, 184
1339327.3.peg.2181.site.2, 3, 136, 139
1339327.3.peg.2181.site.3, 0, 135, 135
1339327.3.peg.2181.site.4, 5, 137, 142
1339327.3.peg.2181.site.5, 1, 136, 137
1339327.3.peg.2181.site.6, 8, 135, 143
1339327.3.peg.2181.site.7, 20, 133, 153
1339327.3.peg.2181.site.8, 8, 135, 143
1339327.3.peg.2181.site.9, 2, 137, 139
1339327.3.peg.2181.site.10, 126, 137, 263
1339327.3.peg.2181.site.11, 93, 137, 230
1339327.3.peg.2181.site.12, 13, 136, 149
1339327.3.peg.2181.site.13, 0, 137, 137
1339327.3.peg.2181.site.14, 4, 136, 140
1339327.3.peg.2181.site.15, 10, 137, 147
1339327.3.peg.2181.site.16, 5, 137, 142
1339327.3.peg.2181.site.17, 1, 137, 138
1339327.3.peg.2182.site.1, 14, 135, 149
1339327.3.peg.2182.site.2, 2, 135, 137
1339327.3.peg.2182.site.3, 2, 136, 138
1339327.3.peg.2182.site.4, 3, 137, 140
1339327.3.peg.2182.site.5, 12, 137, 149
1339327.3.peg.2182.site.6, 1, 137, 138
1339327.3.peg.2182.site.7, 2, 137, 139
1339327.3.peg.2182.site.8, 5, 135, 140
1339327.3.peg.2182.site.9, 6, 136, 142
1339327.3.peg.2182.site.10, 5, 136, 141
1339327.3.peg.2182.site.11, 1, 134, 135
1339327.3.peg.2182.site.12, 4, 136, 140
1339327.3.peg.2182.site.13, 1, 135, 136
1339327.3.peg.2182.site.14, 10, 135, 145
1339327.3.peg.2182.site.15, 40, 135, 175
1339327.3.peg.2182.site.16, 1, 137, 138
1339327.3.peg.2182.site.17, 33, 135, 168
1339327.3.peg.2182.site.18, 1, 136, 137
1339327.3.peg.2182.site.19, 1, 136, 137
1339327.3.peg.2182.site.20, 0, 134, 134
1339327.3.peg.2182.site.21, 0, 135, 135
1339327.3.peg.2182.site.22, 98, 134, 232
1339327.3.peg.2182.site.23, 2, 134, 136
1339327.3.peg.2182.site.24, 26, 137, 163
1339327.3.peg.2182.site.25, 2, 136, 138
1339327.3.peg.2182.site.26, 3, 134, 137
1339327.3.peg.2183.site.1, 3, 135, 138
1339327.3.peg.2183.site.2, 2, 137, 139
1339327.3.peg.2183.site.3, 3, 137, 140
1339327.3.peg.2183.site.4, 5, 137, 142
1339327.3.peg.2184.site.1, 12, 137, 149
1339327.3.peg.2184.site.2, 16, 136, 152
1339327.3.peg.2184.site.3, 1, 135, 136
1339327.3.peg.2184.site.4, 7, 129, 136
1339327.3.peg.2184.site.5, 3, 132, 135
1339327.3.peg.2184.site.6, 1, 134, 135
1339327.3.peg.2184.site.7, 3, 135, 138
1339327.3.peg.2186.site.1, 2, 136, 138
1339327.3.peg.2186.site.2, 1, 135, 136
1339327.3.peg.2186.site.3, 1, 135, 136
1339327.3.peg.2186.site.4, 2, 136, 138
1339327.3.peg.2186.site.5, 5, 134, 139
1339327.3.peg.2186.site.6, 4, 127, 131
1339327.3.peg.2186.site.7, 3, 126, 129
1339327.3.peg.2186.site.8, 0, 132, 132
1339327.3.peg.2186.site.9, 16, 130, 146
1339327.3.peg.2187.site.1, 11, 136, 147
1339327.3.peg.4490.site.1, 16, 136, 152
1339327.3.peg.4490.site.2, 129, 136, 265
1339327.3.peg.4490.site.3, 59, 136, 195
1339327.3.peg.4490.site.4, 2, 135, 137
1339327.3.peg.4490.site.5, 1, 134, 135
1339327.3.peg.692.site.1, 0, 136, 136
1339327.3.peg.692.site.2, 0, 136, 136
1339327.3.peg.692.site.3, 0, 135, 135
1339327.3.peg.692.site.4, 0, 136, 136
1339327.3.peg.692.site.5, 32, 136, 168
1339327.3.peg.692.site.6, 83, 136, 219
1339327.3.peg.692.site.7, 1, 135, 136
1339327.3.peg.692.site.8, 13, 137, 150
1339327.3.peg.692.site.9, 1, 137, 138
1339327.3.peg.692.site.10, 2, 136, 138
1339327.3.peg.692.site.11, 1, 135, 136
1339327.3.peg.692.site.12, 2, 135, 137
1339327.3.peg.692.site.13, 4, 136, 140
1339327.3.peg.692.site.14, 12, 135, 147
1339327.3.peg.692.site.15, 3, 136, 139
1339327.3.peg.692.site.16, 1, 136, 137
1339327.3.peg.692.site.17, 1, 137, 138
1339327.3.peg.692.site.18, 2, 136, 138
1339327.3.peg.692.site.19, 4, 137, 141
1339327.3.peg.692.site.20, 0, 137, 137
1339327.3.peg.692.site.21, 3, 136, 139
1339327.3.peg.692.site.22, 21, 137, 158
1339327.3.peg.692.site.23, 6, 137, 143
1339327.3.peg.692.site.24, 15, 137, 152
1339327.3.peg.692.site.25, 0, 137, 137
1339327.3.peg.692.site.26, 4, 137, 141
1339327.3.peg.692.site.27, 15, 137, 152
1339327.3.peg.692.site.28, 3, 136, 139
1339327.3.peg.692.site.29, 6, 135, 141
1339327.3.peg.692.site.30, 4, 135, 139
1339327.3.peg.692.site.31, 15, 135, 150
1339327.3.peg.692.site.32, 3, 136, 139
1339327.3.peg.692.site.33, 3, 137, 140
1339327.3.peg.692.site.34, 0, 137, 137
1339327.3.peg.691.site.1, 2, 111, 113
1339327.3.peg.691.site.2, 6, 136, 142
1339327.3.peg.691.site.3, 2, 137, 139
1339327.3.peg.691.site.4, 2, 134, 136
1339327.3.peg.691.site.5, 7, 137, 144
1339327.3.peg.691.site.6, 16, 137, 153
1339327.3.peg.690.site.1, 3, 136, 139
1339327.3.peg.690.site.2, 14, 135, 149
1339327.3.peg.690.site.3, 0, 136, 136
1339327.3.peg.690.site.4, 19, 135, 154
1339327.3.peg.1439.site.1, 0, 134, 134
1339327.3.peg.1439.site.2, 2, 136, 138
1339327.3.peg.1439.site.3, 3, 137, 140
1339327.3.peg.1439.site.4, 0, 136, 136
1339327.3.peg.1439.site.5, 0, 136, 136
1339327.3.peg.1439.site.6, 22, 136, 158
1339327.3.peg.1439.site.7, 28, 137, 165
1339327.3.peg.1439.site.8, 2, 137, 139
1339327.3.peg.1439.site.9, 29, 137, 166
1339327.3.peg.1439.site.10, 18, 137, 155
1339327.3.peg.1439.site.11, 10, 137, 147
1339327.3.peg.1439.site.12, 2, 137, 139
1339327.3.peg.1439.site.13, 6, 137, 143
1339327.3.peg.1439.site.14, 0, 136, 136
1339327.3.peg.1439.site.15, 6, 136, 142
1339327.3.peg.1439.site.16, 0, 137, 137
1339327.3.peg.1439.site.17, 98, 136, 234
1339327.3.peg.1439.site.18, 11, 137, 148
1339327.3.peg.1439.site.19, 0, 137, 137
1339327.3.peg.1439.site.20, 5, 137, 142
1339327.3.peg.1439.site.21, 63, 133, 196
1339327.3.peg.1439.site.22, 105, 134, 239
1339327.3.peg.1439.site.23, 119, 133, 252
1339327.3.peg.1439.site.24, 3, 134, 137
1339327.3.peg.1439.site.25, 6, 136, 142
1339327.3.peg.1439.site.26, 2, 137, 139
1339327.3.peg.1439.site.27, 1, 136, 137
1339327.3.peg.1439.site.28, 4, 126, 130
1339327.3.peg.1439.site.29, 120, 133, 253
1339327.3.peg.1439.site.30, 6, 136, 142
1339327.3.peg.1439.site.31, 3, 130, 133
1339327.3.peg.1439.site.32, 0, 131, 131
1339327.3.peg.1439.site.33, 1, 125, 126
1339327.3.peg.1439.site.34, 1, 133, 134
1339327.3.peg.696.site.1, 0, 137, 137
1339327.3.peg.696.site.2, 14, 137, 151
1339327.3.peg.696.site.3, 0, 136, 136
1339327.3.peg.696.site.4, 6, 137, 143
1339327.3.peg.696.site.5, 0, 137, 137
1339327.3.peg.696.site.6, 0, 137, 137
1339327.3.peg.696.site.7, 3, 137, 140
1339327.3.peg.696.site.8, 28, 137, 165
1339327.3.peg.696.site.9, 2, 137, 139
1339327.3.peg.696.site.10, 3, 137, 140
1339327.3.peg.696.site.11, 128, 136, 264
1339327.3.peg.695.site.1, 8, 135, 143
1339327.3.peg.695.site.2, 23, 136, 159
1339327.3.peg.695.site.3, 0, 136, 136
1339327.3.peg.695.site.4, 2, 135, 137
1339327.3.peg.695.site.5, 8, 136, 144
1339327.3.peg.695.site.6, 0, 137, 137
1339327.3.peg.695.site.7, 2, 137, 139
1339327.3.peg.695.site.8, 7, 134, 141
1339327.3.peg.695.site.9, 4, 136, 140
1339327.3.peg.695.site.10, 7, 137, 144
1339327.3.peg.695.site.11, 2, 137, 139
1339327.3.peg.695.site.12, 2, 136, 138
1339327.3.peg.695.site.13, 34, 136, 170
1339327.3.peg.695.site.14, 48, 136, 184
1339327.3.peg.1435.site.1, 115, 137, 252
1339327.3.peg.1435.site.2, 11, 136, 147
1339327.3.peg.1435.site.3, 39, 136, 175
1339327.3.peg.1435.site.4, 47, 136, 183
1339327.3.peg.1435.site.5, 1, 137, 138
1339327.3.peg.1435.site.6, 5, 137, 142
1339327.3.peg.1435.site.7, 2, 135, 137
1339327.3.peg.1435.site.8, 3, 135, 138
1339327.3.peg.1435.site.9, 0, 137, 137
1339327.3.peg.1435.site.10, 3, 137, 140
1339327.3.peg.1435.site.11, 5, 136, 141
1339327.3.peg.1435.site.12, 3, 136, 139
1339327.3.peg.1435.site.13, 0, 137, 137
1339327.3.peg.1435.site.14, 3, 136, 139
1339327.3.peg.1435.site.15, 5, 136, 141
1339327.3.peg.1435.site.16, 58, 136, 194
1339327.3.peg.1435.site.17, 3, 136, 139
1339327.3.peg.1435.site.18, 6, 136, 142
1339327.3.peg.1435.site.19, 3, 137, 140
1339327.3.peg.1435.site.20, 1, 134, 135
1339327.3.peg.1435.site.21, 5, 137, 142
1339327.3.peg.1435.site.22, 2, 136, 138
1339327.3.peg.1435.site.23, 20, 134, 154
1339327.3.peg.1435.site.24, 44, 134, 178
1339327.3.peg.1435.site.25, 12, 134, 146
1339327.3.peg.1435.site.26, 6, 135, 141
1339327.3.peg.1435.site.27, 112, 136, 248
1339327.3.peg.1435.site.28, 0, 136, 136
1339327.3.peg.1435.site.29, 0, 136, 136
1339327.3.peg.1434.site.1, 0, 137, 137
1339327.3.peg.1434.site.2, 5, 136, 141
1339327.3.peg.1434.site.3, 0, 137, 137
1339327.3.peg.1434.site.4, 2, 137, 139
1339327.3.peg.1434.site.5, 126, 134, 260
1339327.3.peg.1434.site.6, 4, 132, 136
1339327.3.peg.1434.site.7, 3, 136, 139
1339327.3.peg.1434.site.8, 71, 135, 206
1339327.3.peg.1434.site.9, 2, 129, 131
1339327.3.peg.1434.site.10, 106, 124, 230
1339327.3.peg.1434.site.11, 84, 123, 207
1339327.3.peg.1434.site.12, 2, 132, 134
1339327.3.peg.1434.site.13, 1, 135, 136
1339327.3.peg.1434.site.14, 37, 135, 172
1339327.3.peg.1434.site.15, 44, 136, 180
1339327.3.peg.1434.site.16, 3, 133, 136
1339327.3.peg.1434.site.17, 24, 134, 158
1339327.3.peg.1434.site.18, 1, 136, 137
1339327.3.peg.1434.site.19, 0, 136, 136
1339327.3.peg.1437.site.1, 0, 137, 137
1339327.3.peg.1437.site.2, 11, 137, 148
1339327.3.peg.1437.site.3, 3, 136, 139
1339327.3.peg.1437.site.4, 14, 137, 151
1339327.3.peg.1437.site.5, 9, 137, 146
1339327.3.peg.1437.site.6, 21, 136, 157
1339327.3.peg.1437.site.7, 11, 137, 148
1339327.3.peg.1437.site.8, 3, 135, 138
1339327.3.peg.1437.site.9, 2, 137, 139
1339327.3.peg.1437.site.10, 8, 134, 142
1339327.3.peg.1437.site.11, 9, 135, 144
1339327.3.peg.1437.site.12, 3, 135, 138
1339327.3.peg.1437.site.13, 18, 137, 155
1339327.3.peg.1437.site.14, 0, 137, 137
1339327.3.peg.1437.site.15, 17, 137, 154
1339327.3.peg.1437.site.16, 2, 136, 138
1339327.3.peg.1437.site.17, 13, 135, 148
1339327.3.peg.1437.site.18, 117, 135, 252
1339327.3.peg.1437.site.19, 2, 137, 139
1339327.3.peg.1437.site.20, 8, 137, 145
1339327.3.peg.1437.site.21, 6, 137, 143
1339327.3.peg.698.site.1, 5, 136, 141
1339327.3.peg.698.site.2, 92, 135, 227
1339327.3.peg.698.site.3, 0, 135, 135
1339327.3.peg.698.site.4, 13, 136, 149
1339327.3.peg.698.site.5, 28, 137, 165
1339327.3.peg.698.site.6, 63, 136, 199
1339327.3.peg.698.site.7, 2, 137, 139
1339327.3.peg.698.site.8, 18, 137, 155
1339327.3.peg.698.site.9, 3, 136, 139
1339327.3.peg.698.site.10, 116, 134, 250
1339327.3.peg.698.site.11, 2, 133, 135
1339327.3.peg.698.site.12, 5, 133, 138
1339327.3.peg.698.site.13, 4, 134, 138
1339327.3.peg.698.site.14, 1, 136, 137
1339327.3.peg.698.site.15, 36, 137, 173
1339327.3.peg.698.site.16, 86, 136, 222
1339327.3.peg.698.site.17, 8, 136, 144
1339327.3.peg.698.site.18, 6, 136, 142
1339327.3.peg.1431.site.1, 14, 136, 150
1339327.3.peg.1431.site.2, 3, 135, 138
1339327.3.peg.1431.site.3, 14, 137, 151
1339327.3.peg.1431.site.4, 11, 137, 148
1339327.3.peg.1431.site.5, 3, 135, 138
1339327.3.peg.1431.site.6, 1, 135, 136
1339327.3.peg.1431.site.7, 3, 134, 137
1339327.3.peg.1431.site.8, 6, 135, 141
1339327.3.peg.1431.site.9, 4, 137, 141
1339327.3.peg.1431.site.10, 3, 136, 139
1339327.3.peg.1431.site.11, 0, 137, 137
1339327.3.peg.1431.site.12, 9, 136, 145
1339327.3.peg.1431.site.13, 4, 136, 140
1339327.3.peg.1431.site.14, 10, 132, 142
1339327.3.peg.1431.site.15, 1, 137, 138
1339327.3.peg.1431.site.16, 0, 136, 136
1339327.3.peg.1431.site.17, 24, 137, 161
1339327.3.peg.1431.site.18, 0, 136, 136
1339327.3.peg.1431.site.19, 14, 133, 147
1339327.3.peg.1431.site.20, 2, 134, 136
1339327.3.peg.1431.site.21, 1, 134, 135
1339327.3.peg.1431.site.22, 3, 136, 139
1339327.3.peg.1431.site.23, 5, 137, 142
1339327.3.peg.1431.site.24, 55, 135, 190
1339327.3.peg.1431.site.25, 3, 137, 140
1339327.3.peg.1430.site.1, 3, 137, 140
1339327.3.peg.1430.site.2, 2, 133, 135
1339327.3.peg.1430.site.3, 0, 134, 134
1339327.3.peg.1430.site.4, 17, 135, 152
1339327.3.peg.1430.site.5, 0, 135, 135
1339327.3.peg.1430.site.6, 2, 137, 139
1339327.3.peg.1430.site.7, 0, 136, 136
1339327.3.peg.1430.site.8, 12, 133, 145
1339327.3.peg.1430.site.9, 12, 137, 149
1339327.3.peg.1430.site.10, 2, 137, 139
1339327.3.peg.1430.site.11, 3, 133, 136
1339327.3.peg.1430.site.12, 81, 136, 217
1339327.3.peg.1430.site.13, 11, 136, 147
1339327.3.peg.1430.site.14, 47, 137, 184
1339327.3.peg.1430.site.15, 1, 136, 137
1339327.3.peg.1430.site.16, 89, 137, 226
1339327.3.peg.1430.site.17, 16, 135, 151
1339327.3.peg.1430.site.18, 3, 136, 139
1339327.3.peg.1430.site.19, 13, 136, 149
1339327.3.peg.1433.site.1, 113, 136, 249
1339327.3.peg.1433.site.2, 2, 136, 138
1339327.3.peg.1433.site.3, 1, 134, 135
1339327.3.peg.1433.site.4, 75, 127, 202
1339327.3.peg.1433.site.5, 5, 118, 123
1339327.3.peg.1433.site.6, 16, 130, 146
1339327.3.peg.1433.site.7, 12, 134, 146
1339327.3.peg.1433.site.8, 11, 133, 144
1339327.3.peg.1433.site.9, 114, 132, 246
1339327.3.peg.1433.site.10, 0, 134, 134
1339327.3.peg.1433.site.11, 0, 133, 133
1339327.3.peg.1433.site.12, 5, 136, 141
1339327.3.peg.1433.site.13, 7, 134, 141
1339327.3.peg.1433.site.14, 0, 135, 135
1339327.3.peg.1433.site.15, 5, 134, 139
1339327.3.peg.1433.site.16, 1, 133, 134
1339327.3.peg.1433.site.17, 12, 130, 142
1339327.3.peg.1433.site.18, 1, 129, 130
1339327.3.peg.1433.site.19, 1, 133, 134
1339327.3.peg.1433.site.20, 3, 135, 138
1339327.3.peg.1433.site.21, 26, 137, 163
1339327.3.peg.3585.site.1, 3, 136, 139
1339327.3.peg.3585.site.2, 4, 135, 139
1339327.3.peg.3585.site.3, 0, 137, 137
1339327.3.peg.3584.site.1, 21, 135, 156
1339327.3.peg.3584.site.2, 15, 135, 150
1339327.3.peg.3584.site.3, 0, 135, 135
1339327.3.peg.3584.site.4, 0, 132, 132
1339327.3.peg.3584.site.5, 10, 131, 141
1339327.3.peg.2568.site.1, 1, 124, 125
1339327.3.peg.2568.site.2, 8, 118, 126
1339327.3.peg.2568.site.3, 54, 136, 190
1339327.3.peg.2568.site.4, 10, 134, 144
1339327.3.peg.2568.site.5, 0, 136, 136
1339327.3.peg.2568.site.6, 3, 135, 138
1339327.3.peg.2568.site.7, 15, 136, 151
1339327.3.peg.2568.site.8, 0, 134, 134
1339327.3.peg.2568.site.9, 8, 137, 145
1339327.3.peg.2568.site.10, 12, 134, 146
1339327.3.peg.2568.site.11, 8, 127, 135
1339327.3.peg.2568.site.12, 3, 129, 132
1339327.3.peg.2568.site.13, 3, 132, 135
1339327.3.peg.2569.site.1, 1, 135, 136
1339327.3.peg.2569.site.2, 1, 135, 136
1339327.3.peg.2569.site.3, 82, 136, 218
1339327.3.peg.2569.site.4, 3, 137, 140
1339327.3.peg.2569.site.5, 1, 131, 132
1339327.3.peg.2566.site.1, 5, 137, 142
1339327.3.peg.2566.site.2, 0, 136, 136
1339327.3.peg.2566.site.3, 5, 136, 141
1339327.3.peg.2566.site.4, 3, 136, 139
1339327.3.peg.2566.site.5, 33, 137, 170
1339327.3.peg.2566.site.6, 6, 136, 142
1339327.3.peg.2566.site.7, 8, 135, 143
1339327.3.peg.2566.site.8, 81, 136, 217
1339327.3.peg.2566.site.9, 4, 136, 140
1339327.3.peg.2566.site.10, 11, 136, 147
1339327.3.peg.2566.site.11, 7, 135, 142
1339327.3.peg.2566.site.12, 120, 133, 253
1339327.3.peg.2566.site.13, 2, 134, 136
1339327.3.peg.2566.site.14, 2, 135, 137
1339327.3.peg.2566.site.15, 44, 137, 181
1339327.3.peg.2566.site.16, 3, 137, 140
1339327.3.peg.2566.site.17, 14, 136, 150
1339327.3.peg.2566.site.18, 14, 136, 150
1339327.3.peg.2566.site.19, 2, 137, 139
1339327.3.peg.2566.site.20, 4, 134, 138
1339327.3.peg.2566.site.21, 1, 135, 136
1339327.3.peg.2566.site.22, 11, 134, 145
1339327.3.peg.2566.site.23, 1, 133, 134
1339327.3.peg.2566.site.24, 4, 137, 141
1339327.3.peg.2566.site.25, 33, 136, 169
1339327.3.peg.2566.site.26, 2, 135, 137
1339327.3.peg.2566.site.27, 14, 135, 149
1339327.3.peg.2566.site.28, 43, 136, 179
1339327.3.peg.2566.site.29, 19, 137, 156
1339327.3.peg.2566.site.30, 8, 135, 143
1339327.3.peg.2566.site.31, 8, 136, 144
1339327.3.peg.2566.site.32, 21, 134, 155
1339327.3.peg.2566.site.33, 26, 135, 161
1339327.3.peg.2566.site.34, 0, 136, 136
1339327.3.peg.2566.site.35, 1, 136, 137
1339327.3.peg.2566.site.36, 53, 135, 188
1339327.3.peg.2566.site.37, 1, 134, 135
1339327.3.peg.2567.site.1, 12, 135, 147
1339327.3.peg.2567.site.2, 3, 131, 134
1339327.3.peg.2567.site.3, 18, 136, 154
1339327.3.peg.2567.site.4, 2, 136, 138
1339327.3.peg.2567.site.5, 6, 137, 143
1339327.3.peg.2567.site.6, 5, 137, 142
1339327.3.peg.2567.site.7, 3, 137, 140
1339327.3.peg.2567.site.8, 5, 137, 142
1339327.3.peg.2567.site.9, 18, 137, 155
1339327.3.peg.2567.site.10, 14, 135, 149
1339327.3.peg.2567.site.11, 2, 134, 136
1339327.3.peg.2567.site.12, 68, 136, 204
1339327.3.peg.2567.site.13, 3, 137, 140
1339327.3.peg.2567.site.14, 60, 136, 196
1339327.3.peg.2567.site.15, 0, 134, 134
1339327.3.peg.2567.site.16, 2, 134, 136
1339327.3.peg.2567.site.17, 19, 137, 156
1339327.3.peg.2567.site.18, 8, 135, 143
1339327.3.peg.2567.site.19, 0, 135, 135
1339327.3.peg.2567.site.20, 4, 137, 141
1339327.3.peg.2567.site.21, 0, 134, 134
1339327.3.peg.2567.site.22, 17, 134, 151
1339327.3.peg.2564.site.1, 22, 137, 159
1339327.3.peg.2564.site.2, 57, 134, 191
1339327.3.peg.2564.site.3, 59, 135, 194
1339327.3.peg.2564.site.4, 19, 137, 156
1339327.3.peg.2564.site.5, 26, 136, 162
1339327.3.peg.2564.site.6, 3, 135, 138
1339327.3.peg.2564.site.7, 2, 127, 129
1339327.3.peg.2564.site.8, 1, 120, 121
1339327.3.peg.2564.site.9, 64, 122, 186
1339327.3.peg.2564.site.10, 6, 128, 134
1339327.3.peg.2564.site.11, 2, 135, 137
1339327.3.peg.2564.site.12, 4, 135, 139
1339327.3.peg.2564.site.13, 1, 135, 136
1339327.3.peg.2564.site.14, 1, 133, 134
1339327.3.peg.2564.site.15, 1, 135, 136
1339327.3.peg.2564.site.16, 1, 136, 137
1339327.3.peg.2564.site.17, 24, 134, 158
1339327.3.peg.2564.site.18, 103, 133, 236
1339327.3.peg.2564.site.19, 68, 134, 202
1339327.3.peg.2565.site.1, 4, 137, 141
1339327.3.peg.2565.site.2, 2, 137, 139
1339327.3.peg.2565.site.3, 18, 135, 153
1339327.3.peg.2565.site.4, 90, 136, 226
1339327.3.peg.2565.site.5, 67, 134, 201
1339327.3.peg.2565.site.6, 2, 135, 137
1339327.3.peg.2565.site.7, 2, 134, 136
1339327.3.peg.2565.site.8, 2, 133, 135
1339327.3.peg.2565.site.9, 0, 132, 132
1339327.3.peg.2565.site.10, 2, 135, 137
1339327.3.peg.2565.site.11, 1, 136, 137
1339327.3.peg.2565.site.12, 14, 132, 146
1339327.3.peg.2565.site.13, 6, 133, 139
1339327.3.peg.2565.site.14, 36, 130, 166
1339327.3.peg.2565.site.15, 1, 133, 134
1339327.3.peg.2565.site.16, 2, 136, 138
1339327.3.peg.2565.site.17, 1, 135, 136
1339327.3.peg.2565.site.18, 9, 137, 146
1339327.3.peg.2565.site.19, 0, 134, 134
1339327.3.peg.2565.site.20, 7, 137, 144
1339327.3.peg.2565.site.21, 20, 136, 156
1339327.3.peg.2565.site.22, 30, 137, 167
1339327.3.peg.2565.site.23, 23, 135, 158
1339327.3.peg.2565.site.24, 29, 136, 165
1339327.3.peg.2565.site.25, 0, 137, 137
1339327.3.peg.2565.site.26, 3, 135, 138
1339327.3.peg.2565.site.27, 11, 135, 146
1339327.3.peg.2565.site.28, 5, 135, 140
1339327.3.peg.2565.site.29, 24, 134, 158
1339327.3.peg.2565.site.30, 2, 135, 137
1339327.3.peg.2565.site.31, 2, 137, 139
1339327.3.peg.2565.site.32, 6, 136, 142
1339327.3.peg.2565.site.33, 3, 136, 139
1339327.3.peg.2565.site.34, 1, 137, 138
1339327.3.peg.2565.site.35, 8, 135, 143
1339327.3.peg.2565.site.36, 3, 136, 139
1339327.3.peg.2290.site.1, 0, 132, 132
1339327.3.peg.2290.site.2, 0, 136, 136
1339327.3.peg.2563.site.1, 2, 127, 129
1339327.3.peg.2563.site.2, 127, 134, 261
1339327.3.peg.2563.site.3, 0, 134, 134
1339327.3.peg.2563.site.4, 0, 134, 134
1339327.3.peg.2563.site.5, 6, 134, 140
1339327.3.peg.2563.site.6, 11, 137, 148
1339327.3.peg.2563.site.7, 6, 137, 143
1339327.3.peg.2563.site.8, 5, 137, 142
1339327.3.peg.2563.site.9, 61, 137, 198
1339327.3.peg.2563.site.10, 5, 137, 142
1339327.3.peg.2563.site.11, 116, 136, 252
1339327.3.peg.2563.site.12, 129, 136, 265
1339327.3.peg.2563.site.13, 11, 135, 146
1339327.3.peg.2563.site.14, 0, 135, 135
1339327.3.peg.2563.site.15, 57, 137, 194
1339327.3.peg.2563.site.16, 12, 136, 148
1339327.3.peg.2560.site.1, 78, 137, 215
1339327.3.peg.2560.site.2, 0, 135, 135
1339327.3.peg.2560.site.3, 108, 108, 216
1339327.3.peg.2560.site.4, 5, 129, 134
1339327.3.peg.2560.site.5, 6, 136, 142
1339327.3.peg.2560.site.6, 1, 132, 133
1339327.3.peg.2560.site.7, 32, 130, 162
1339327.3.peg.2560.site.8, 2, 117, 119
1339327.3.peg.2560.site.9, 26, 115, 141
1339327.3.peg.2560.site.10, 16, 126, 142
1339327.3.peg.2560.site.11, 0, 122, 122
1339327.3.peg.2560.site.12, 0, 133, 133
1339327.3.peg.2560.site.13, 25, 133, 158
1339327.3.peg.2561.site.1, 6, 134, 140
1339327.3.peg.2561.site.2, 3, 136, 139
1339327.3.peg.2561.site.3, 21, 135, 156
1339327.3.peg.2561.site.4, 5, 136, 141
1339327.3.peg.2561.site.5, 80, 136, 216
1339327.3.peg.2561.site.6, 37, 135, 172
1339327.3.peg.2561.site.7, 2, 133, 135
1339327.3.peg.2561.site.8, 1, 135, 136
1339327.3.peg.2561.site.9, 3, 137, 140
1339327.3.peg.2561.site.10, 22, 134, 156
1339327.3.peg.2561.site.11, 0, 122, 122
1339327.3.peg.3345.site.1, 4, 135, 139
1339327.3.peg.3345.site.2, 117, 133, 250
1339327.3.peg.3345.site.3, 28, 134, 162
1339327.3.peg.3345.site.4, 119, 132, 251
1339327.3.peg.3345.site.5, 57, 133, 190
1339327.3.peg.3345.site.6, 5, 134, 139
1339327.3.peg.3345.site.7, 4, 135, 139
1339327.3.peg.3345.site.8, 3, 132, 135
1339327.3.peg.3345.site.9, 2, 133, 135
1339327.3.peg.3345.site.10, 2, 133, 135
1339327.3.peg.3345.site.11, 11, 133, 144
1339327.3.peg.3345.site.12, 10, 133, 143
1339327.3.peg.3345.site.13, 89, 132, 221
1339327.3.peg.3345.site.14, 13, 135, 148
1339327.3.peg.3345.site.15, 1, 135, 136
1339327.3.peg.3345.site.16, 1, 134, 135
1339327.3.peg.3345.site.17, 29, 137, 166
1339327.3.peg.3345.site.18, 16, 132, 148
1339327.3.peg.3345.site.19, 0, 124, 124
1339327.3.peg.3345.site.20, 10, 123, 133
1339327.3.peg.3345.site.21, 11, 133, 144
1339327.3.peg.3345.site.22, 5, 136, 141
1339327.3.peg.3345.site.23, 7, 132, 139
1339327.3.peg.3345.site.24, 2, 131, 133
1339327.3.peg.3345.site.25, 3, 134, 137
1339327.3.peg.3344.site.1, 13, 136, 149
1339327.3.peg.3344.site.2, 1, 131, 132
1339327.3.peg.3344.site.3, 23, 126, 149
1339327.3.peg.3344.site.4, 3, 132, 135
1339327.3.peg.3344.site.5, 8, 136, 144
1339327.3.peg.3344.site.6, 0, 136, 136
1339327.3.peg.3344.site.7, 129, 135, 264
1339327.3.peg.3344.site.8, 1, 134, 135
1339327.3.peg.3344.site.9, 1, 134, 135
1339327.3.peg.3344.site.10, 3, 137, 140
1339327.3.peg.3344.site.11, 1, 135, 136
1339327.3.peg.3344.site.12, 2, 133, 135
1339327.3.peg.3344.site.13, 94, 133, 227
1339327.3.peg.3344.site.14, 2, 119, 121
1339327.3.peg.3344.site.15, 0, 135, 135
1339327.3.peg.3344.site.16, 28, 134, 162
1339327.3.peg.3344.site.17, 0, 133, 133
1339327.3.peg.3344.site.18, 1, 113, 114
1339327.3.peg.3344.site.19, 89, 121, 210
1339327.3.peg.3344.site.20, 2, 133, 135
1339327.3.peg.3344.site.21, 3, 136, 139
1339327.3.peg.3344.site.22, 5, 136, 141
1339327.3.peg.3344.site.23, 2, 133, 135
1339327.3.peg.3344.site.24, 124, 132, 256
1339327.3.peg.3347.site.1, 5, 135, 140
1339327.3.peg.3347.site.2, 6, 136, 142
1339327.3.peg.3347.site.3, 3, 136, 139
1339327.3.peg.3347.site.4, 1, 136, 137
1339327.3.peg.3347.site.5, 0, 137, 137
1339327.3.peg.3347.site.6, 0, 136, 136
1339327.3.peg.3347.site.7, 4, 136, 140
1339327.3.peg.3347.site.8, 6, 133, 139
1339327.3.peg.3347.site.9, 2, 135, 137
1339327.3.peg.3347.site.10, 10, 134, 144
1339327.3.peg.3347.site.11, 12, 134, 146
1339327.3.peg.3347.site.12, 15, 132, 147
1339327.3.peg.3347.site.13, 41, 133, 174
1339327.3.peg.3347.site.14, 18, 135, 153
1339327.3.peg.3347.site.15, 18, 135, 153
1339327.3.peg.3347.site.16, 52, 137, 189
1339327.3.peg.3347.site.17, 7, 128, 135
1339327.3.peg.3347.site.18, 7, 128, 135
1339327.3.peg.3347.site.19, 14, 135, 149
1339327.3.peg.3347.site.20, 78, 135, 213
1339327.3.peg.3347.site.21, 2, 136, 138
1339327.3.peg.3347.site.22, 4, 132, 136
1339327.3.peg.3347.site.23, 4, 134, 138
1339327.3.peg.3347.site.24, 4, 136, 140
1339327.3.peg.3347.site.25, 4, 137, 141
1339327.3.peg.3347.site.26, 1, 135, 136
1339327.3.peg.3347.site.27, 5, 135, 140
1339327.3.peg.3346.site.1, 8, 127, 135
1339327.3.peg.3346.site.2, 18, 134, 152
1339327.3.peg.3346.site.3, 90, 137, 227
1339327.3.peg.3346.site.4, 2, 134, 136
1339327.3.peg.3346.site.5, 3, 136, 139
1339327.3.peg.3346.site.6, 5, 136, 141
1339327.3.peg.3346.site.7, 3, 136, 139
1339327.3.peg.3346.site.8, 4, 131, 135
1339327.3.peg.3346.site.9, 3, 132, 135
1339327.3.peg.3346.site.10, 3, 133, 136
1339327.3.peg.3346.site.11, 0, 135, 135
1339327.3.peg.3346.site.12, 0, 135, 135
1339327.3.peg.3346.site.13, 4, 134, 138
1339327.3.peg.3346.site.14, 2, 135, 137
1339327.3.peg.3341.site.1, 5, 131, 136
1339327.3.peg.3341.site.2, 2, 135, 137
1339327.3.peg.3340.site.1, 2, 136, 138
1339327.3.peg.3340.site.2, 10, 136, 146
1339327.3.peg.3340.site.3, 69, 136, 205
1339327.3.peg.3340.site.4, 2, 134, 136
1339327.3.peg.3340.site.5, 3, 135, 138
1339327.3.peg.3340.site.6, 0, 137, 137
1339327.3.peg.3340.site.7, 83, 137, 220
1339327.3.peg.3340.site.8, 0, 136, 136
1339327.3.peg.3340.site.9, 2, 124, 126
1339327.3.peg.3340.site.10, 34, 137, 171
1339327.3.peg.3340.site.11, 0, 133, 133
1339327.3.peg.3340.site.12, 7, 134, 141
1339327.3.peg.3340.site.13, 37, 136, 173
1339327.3.peg.3340.site.14, 0, 135, 135
1339327.3.peg.3340.site.15, 3, 137, 140
1339327.3.peg.3340.site.16, 8, 134, 142
1339327.3.peg.3340.site.17, 1, 133, 134
1339327.3.peg.3340.site.18, 8, 134, 142
1339327.3.peg.3343.site.1, 6, 134, 140
1339327.3.peg.3343.site.2, 50, 132, 182
1339327.3.peg.3342.site.1, 1, 137, 138
1339327.3.peg.3342.site.2, 1, 125, 126
1339327.3.peg.3342.site.3, 1, 117, 118
1339327.3.peg.3342.site.4, 3, 136, 139
1339327.3.peg.3342.site.5, 13, 137, 150
1339327.3.peg.3349.site.1, 2, 137, 139
1339327.3.peg.3349.site.2, 2, 131, 133
1339327.3.peg.3349.site.3, 17, 136, 153
1339327.3.peg.3349.site.4, 1, 130, 131
1339327.3.peg.3349.site.5, 2, 131, 133
1339327.3.peg.3349.site.6, 29, 135, 164
1339327.3.peg.3349.site.7, 1, 135, 136
1339327.3.peg.3348.site.1, 2, 135, 137
1339327.3.peg.3348.site.2, 0, 136, 136
1339327.3.peg.3348.site.3, 1, 135, 136
1339327.3.peg.3348.site.4, 78, 136, 214
1339327.3.peg.3348.site.5, 0, 135, 135
1339327.3.peg.3348.site.6, 12, 135, 147
1339327.3.peg.3348.site.7, 5, 135, 140
1339327.3.peg.3348.site.8, 3, 135, 138
1339327.3.peg.3348.site.9, 0, 136, 136
1339327.3.peg.3348.site.10, 0, 137, 137
1339327.3.peg.3348.site.11, 2, 137, 139
1339327.3.peg.3348.site.12, 8, 137, 145
1339327.3.peg.3348.site.13, 3, 137, 140
1339327.3.peg.3348.site.14, 3, 136, 139
1339327.3.peg.3348.site.15, 3, 137, 140
1339327.3.peg.3348.site.16, 3, 136, 139
1339327.3.peg.3348.site.17, 3, 137, 140
1339327.3.peg.3348.site.18, 3, 137, 140
1339327.3.peg.3348.site.19, 8, 137, 145
1339327.3.peg.3348.site.20, 0, 134, 134
1339327.3.peg.3348.site.21, 1, 133, 134
1339327.3.peg.3348.site.22, 4, 134, 138
1339327.3.peg.3348.site.23, 6, 134, 140
1339327.3.peg.3348.site.24, 0, 136, 136
1339327.3.peg.3348.site.25, 5, 136, 141
1339327.3.peg.3348.site.26, 0, 135, 135
1339327.3.peg.3348.site.27, 2, 136, 138
1339327.3.peg.3348.site.28, 5, 136, 141
1339327.3.peg.3903.site.1, 1, 136, 137
1339327.3.peg.3903.site.2, 3, 136, 139
1339327.3.peg.3903.site.3, 7, 136, 143
1339327.3.peg.3903.site.4, 1, 135, 136
1339327.3.peg.3903.site.5, 126, 126, 252
1339327.3.peg.3903.site.6, 42, 134, 176
1339327.3.peg.3903.site.7, 0, 134, 134
1339327.3.peg.3903.site.8, 2, 137, 139
1339327.3.peg.3903.site.9, 10, 137, 147
1339327.3.peg.3903.site.10, 2, 137, 139
1339327.3.peg.3903.site.11, 2, 137, 139
1339327.3.peg.3903.site.12, 2, 137, 139
1339327.3.peg.3903.site.13, 0, 136, 136
1339327.3.peg.3903.site.14, 1, 137, 138
1339327.3.peg.3903.site.15, 0, 137, 137
1339327.3.peg.3903.site.16, 0, 136, 136
1339327.3.peg.3903.site.17, 8, 137, 145
1339327.3.peg.3903.site.18, 3, 137, 140
1339327.3.peg.3903.site.19, 0, 137, 137
1339327.3.peg.3903.site.20, 16, 136, 152
1339327.3.peg.3902.site.1, 4, 129, 133
1339327.3.peg.3902.site.2, 7, 133, 140
1339327.3.peg.3902.site.3, 0, 134, 134
1339327.3.peg.3902.site.4, 34, 135, 169
1339327.3.peg.3902.site.5, 2, 134, 136
1339327.3.peg.3902.site.6, 5, 136, 141
1339327.3.peg.3902.site.7, 3, 137, 140
1339327.3.peg.3902.site.8, 26, 137, 163
1339327.3.peg.3902.site.9, 21, 137, 158
1339327.3.peg.3902.site.10, 1, 137, 138
1339327.3.peg.3902.site.11, 2, 137, 139
1339327.3.peg.3902.site.12, 0, 137, 137
1339327.3.peg.3902.site.13, 6, 136, 142
1339327.3.peg.3902.site.14, 131, 137, 268
1339327.3.peg.3902.site.15, 0, 137, 137
1339327.3.peg.3902.site.16, 43, 136, 179
1339327.3.peg.3902.site.17, 3, 136, 139
1339327.3.peg.3902.site.18, 2, 135, 137
1339327.3.peg.3902.site.19, 28, 132, 160
1339327.3.peg.3901.site.1, 11, 137, 148
1339327.3.peg.3901.site.2, 72, 135, 207
1339327.3.peg.3901.site.3, 103, 137, 240
1339327.3.peg.3901.site.4, 0, 136, 136
1339327.3.peg.3900.site.1, 0, 125, 125
1339327.3.peg.3900.site.2, 52, 134, 186
1339327.3.peg.3900.site.3, 0, 136, 136
1339327.3.peg.3900.site.4, 3, 137, 140
1339327.3.peg.3900.site.5, 0, 137, 137
1339327.3.peg.3900.site.6, 1, 136, 137
1339327.3.peg.3900.site.7, 3, 136, 139
1339327.3.peg.3900.site.8, 0, 136, 136
1339327.3.peg.3900.site.9, 39, 135, 174
1339327.3.peg.3900.site.10, 0, 136, 136
1339327.3.peg.3900.site.11, 5, 136, 141
1339327.3.peg.3900.site.12, 12, 136, 148
1339327.3.peg.3900.site.13, 1, 137, 138
1339327.3.peg.3900.site.14, 4, 137, 141
1339327.3.peg.3900.site.15, 8, 137, 145
1339327.3.peg.3900.site.16, 51, 136, 187
1339327.3.peg.3900.site.17, 0, 136, 136
1339327.3.peg.3900.site.18, 42, 135, 177
1339327.3.peg.3900.site.19, 10, 137, 147
1339327.3.peg.3904.site.1, 3, 133, 136
1339327.3.peg.3904.site.2, 12, 132, 144
1339327.3.peg.3904.site.3, 47, 134, 181
1339327.3.peg.3904.site.4, 0, 134, 134
1339327.3.peg.3904.site.5, 16, 132, 148
1339327.3.peg.1721.site.1, 14, 135, 149
1339327.3.peg.1721.site.2, 5, 136, 141
1339327.3.peg.1720.site.1, 4, 134, 138
1339327.3.peg.1720.site.2, 1, 135, 136
1339327.3.peg.1720.site.3, 4, 137, 141
1339327.3.peg.1723.site.1, 9, 135, 144
1339327.3.peg.1723.site.2, 10, 135, 145
1339327.3.peg.1723.site.3, 5, 137, 142
1339327.3.peg.1723.site.4, 109, 137, 246
1339327.3.peg.1723.site.5, 1, 135, 136
1339327.3.peg.1723.site.6, 3, 135, 138
1339327.3.peg.1723.site.7, 2, 135, 137
1339327.3.peg.1723.site.8, 7, 137, 144
1339327.3.peg.1723.site.9, 0, 137, 137
1339327.3.peg.1723.site.10, 11, 137, 148
1339327.3.peg.1723.site.11, 7, 137, 144
1339327.3.peg.1723.site.12, 2, 132, 134
1339327.3.peg.1723.site.13, 5, 130, 135
1339327.3.peg.1723.site.14, 2, 124, 126
1339327.3.peg.1725.site.1, 16, 136, 152
1339327.3.peg.1725.site.2, 3, 137, 140
1339327.3.peg.1725.site.3, 2, 136, 138
1339327.3.peg.1725.site.4, 3, 136, 139
1339327.3.peg.1725.site.5, 1, 136, 137
1339327.3.peg.1725.site.6, 17, 137, 154
1339327.3.peg.1725.site.7, 0, 137, 137
1339327.3.peg.1725.site.8, 5, 137, 142
1339327.3.peg.1725.site.9, 3, 137, 140
1339327.3.peg.1725.site.10, 7, 137, 144
1339327.3.peg.1724.site.1, 9, 135, 144
1339327.3.peg.1724.site.2, 38, 135, 173
1339327.3.peg.1724.site.3, 5, 132, 137
1339327.3.peg.1724.site.4, 3, 134, 137
1339327.3.peg.1724.site.5, 2, 136, 138
1339327.3.peg.1724.site.6, 38, 136, 174
1339327.3.peg.1724.site.7, 9, 137, 146
1339327.3.peg.1724.site.8, 0, 137, 137
1339327.3.peg.1724.site.9, 3, 137, 140
1339327.3.peg.1724.site.10, 2, 136, 138
1339327.3.peg.1724.site.11, 3, 136, 139
1339327.3.peg.1724.site.12, 25, 134, 159
1339327.3.peg.1724.site.13, 3, 135, 138
1339327.3.peg.1724.site.14, 118, 130, 248
1339327.3.peg.1724.site.15, 3, 130, 133
1339327.3.peg.1724.site.16, 1, 132, 133
1339327.3.peg.1724.site.17, 16, 134, 150
1339327.3.peg.1724.site.18, 8, 134, 142
1339327.3.peg.1724.site.19, 11, 131, 142
1339327.3.peg.1724.site.20, 7, 134, 141
1339327.3.peg.1724.site.21, 128, 135, 263
1339327.3.peg.1724.site.22, 7, 133, 140
1339327.3.peg.1724.site.23, 4, 135, 139
1339327.3.peg.1724.site.24, 27, 136, 163
1339327.3.peg.1724.site.25, 4, 137, 141
1339327.3.peg.1724.site.26, 1, 136, 137
1339327.3.peg.1724.site.27, 22, 134, 156
1339327.3.peg.1724.site.28, 5, 136, 141
1339327.3.peg.1724.site.29, 30, 137, 167
1339327.3.peg.1724.site.30, 0, 135, 135
1339327.3.peg.1724.site.31, 5, 137, 142
1339327.3.peg.1724.site.32, 6, 137, 143
1339327.3.peg.1724.site.33, 80, 136, 216
1339327.3.peg.1724.site.34, 17, 135, 152
1339327.3.peg.1724.site.35, 2, 136, 138
1339327.3.peg.1724.site.36, 2, 135, 137
1339327.3.peg.1724.site.37, 3, 134, 137
1339327.3.peg.1724.site.38, 0, 131, 131
1339327.3.peg.1724.site.39, 5, 136, 141
1339327.3.peg.1724.site.40, 2, 136, 138
1339327.3.peg.1727.site.1, 14, 136, 150
1339327.3.peg.1727.site.2, 19, 136, 155
1339327.3.peg.1727.site.3, 3, 137, 140
1339327.3.peg.1727.site.4, 79, 136, 215
1339327.3.peg.1727.site.5, 0, 133, 133
1339327.3.peg.1727.site.6, 1, 135, 136
1339327.3.peg.1727.site.7, 15, 135, 150
1339327.3.peg.1727.site.8, 37, 135, 172
1339327.3.peg.1727.site.9, 11, 137, 148
1339327.3.peg.1727.site.10, 3, 137, 140
1339327.3.peg.1727.site.11, 16, 136, 152
1339327.3.peg.1727.site.12, 3, 136, 139
1339327.3.peg.1727.site.13, 1, 136, 137
1339327.3.peg.1727.site.14, 3, 132, 135
1339327.3.peg.1727.site.15, 4, 137, 141
1339327.3.peg.1727.site.16, 2, 135, 137
1339327.3.peg.1727.site.17, 2, 136, 138
1339327.3.peg.1727.site.18, 0, 137, 137
1339327.3.peg.1727.site.19, 62, 134, 196
1339327.3.peg.1727.site.20, 2, 136, 138
1339327.3.peg.1727.site.21, 11, 134, 145
1339327.3.peg.1727.site.22, 1, 135, 136
1339327.3.peg.1727.site.23, 2, 135, 137
1339327.3.peg.1727.site.24, 3, 135, 138
1339327.3.peg.1727.site.25, 15, 134, 149
1339327.3.peg.1727.site.26, 5, 133, 138
1339327.3.peg.1727.site.27, 0, 136, 136
1339327.3.peg.1727.site.28, 1, 135, 136
1339327.3.peg.1727.site.29, 0, 137, 137
1339327.3.peg.1727.site.30, 4, 136, 140
1339327.3.peg.1727.site.31, 70, 133, 203
1339327.3.peg.1726.site.1, 4, 137, 141
1339327.3.peg.1726.site.2, 2, 137, 139
1339327.3.peg.1726.site.3, 0, 137, 137
1339327.3.peg.1726.site.4, 1, 137, 138
1339327.3.peg.1726.site.5, 36, 137, 173
1339327.3.peg.1726.site.6, 7, 134, 141
1339327.3.peg.1726.site.7, 3, 136, 139
1339327.3.peg.1726.site.8, 6, 137, 143
1339327.3.peg.1726.site.9, 1, 137, 138
1339327.3.peg.1726.site.10, 3, 135, 138
1339327.3.peg.1726.site.11, 8, 137, 145
1339327.3.peg.1726.site.12, 20, 137, 157
1339327.3.peg.1726.site.13, 7, 136, 143
1339327.3.peg.1726.site.14, 5, 134, 139
1339327.3.peg.1726.site.15, 39, 134, 173
1339327.3.peg.1726.site.16, 40, 130, 170
1339327.3.peg.1726.site.17, 49, 134, 183
1339327.3.peg.1726.site.18, 2, 135, 137
1339327.3.peg.1726.site.19, 2, 133, 135
1339327.3.peg.1726.site.20, 16, 135, 151
1339327.3.peg.1726.site.21, 0, 137, 137
1339327.3.peg.1728.site.1, 25, 133, 158
1339327.3.peg.1728.site.2, 40, 133, 173
1339327.3.peg.1728.site.3, 4, 133, 137
1339327.3.peg.1728.site.4, 43, 129, 172
1339327.3.peg.1728.site.5, 2, 137, 139
1339327.3.peg.1728.site.6, 3, 135, 138
1339327.3.peg.1728.site.7, 4, 136, 140
1339327.3.peg.1728.site.8, 34, 136, 170
1339327.3.peg.1728.site.9, 64, 137, 201
1339327.3.peg.1728.site.10, 42, 136, 178
1339327.3.peg.1728.site.11, 56, 135, 191
1339327.3.peg.1728.site.12, 0, 136, 136
1339327.3.peg.1728.site.13, 1, 137, 138
1339327.3.peg.1728.site.14, 1, 137, 138
1339327.3.peg.1728.site.15, 8, 137, 145
1339327.3.peg.1728.site.16, 10, 134, 144
1339327.3.peg.1728.site.17, 0, 135, 135
1339327.3.peg.1728.site.18, 0, 136, 136
1339327.3.peg.1728.site.19, 61, 137, 198
1339327.3.peg.1728.site.20, 1, 137, 138
1339327.3.peg.1728.site.21, 0, 137, 137
1339327.3.peg.1728.site.22, 0, 137, 137
1339327.3.peg.1728.site.23, 8, 137, 145
1339327.3.peg.1728.site.24, 0, 137, 137
1339327.3.peg.1728.site.25, 0, 137, 137
1339327.3.peg.4536.site.1, 29, 137, 166
1339327.3.peg.4536.site.2, 0, 136, 136
1339327.3.peg.4536.site.3, 0, 137, 137
1339327.3.peg.4536.site.4, 5, 136, 141
1339327.3.peg.4536.site.5, 56, 135, 191
1339327.3.peg.4536.site.6, 2, 136, 138
1339327.3.peg.4536.site.7, 35, 136, 171
1339327.3.peg.4536.site.8, 1, 136, 137
1339327.3.peg.4536.site.9, 18, 134, 152
1339327.3.peg.4536.site.10, 7, 136, 143
1339327.3.peg.4536.site.11, 5, 135, 140
1339327.3.peg.4536.site.12, 1, 137, 138
1339327.3.peg.4536.site.13, 5, 136, 141
1339327.3.peg.4536.site.14, 69, 135, 204
1339327.3.peg.4536.site.15, 2, 137, 139
1339327.3.peg.3769.site.1, 0, 135, 135
1339327.3.peg.3769.site.2, 1, 136, 137
1339327.3.peg.3769.site.3, 53, 135, 188
1339327.3.peg.3769.site.4, 2, 136, 138
1339327.3.peg.3769.site.5, 6, 132, 138
1339327.3.peg.3769.site.6, 13, 130, 143
1339327.3.peg.3769.site.7, 0, 135, 135
1339327.3.peg.3769.site.8, 33, 129, 162
1339327.3.peg.3769.site.9, 2, 135, 137
1339327.3.peg.3769.site.10, 48, 135, 183
1339327.3.peg.3769.site.11, 1, 137, 138
1339327.3.peg.3769.site.12, 16, 137, 153
1339327.3.peg.3769.site.13, 4, 135, 139
1339327.3.peg.3769.site.14, 13, 134, 147
1339327.3.peg.3769.site.15, 5, 136, 141
1339327.3.peg.3769.site.16, 4, 137, 141
1339327.3.peg.3769.site.17, 4, 137, 141
1339327.3.peg.3768.site.1, 25, 136, 161
1339327.3.peg.3768.site.2, 110, 134, 244
1339327.3.peg.3768.site.3, 2, 133, 135
1339327.3.peg.3768.site.4, 1, 136, 137
1339327.3.peg.3768.site.5, 100, 133, 233
1339327.3.peg.3768.site.6, 2, 131, 133
1339327.3.peg.3768.site.7, 98, 136, 234
1339327.3.peg.3768.site.8, 17, 136, 153
1339327.3.peg.3768.site.9, 1, 136, 137
1339327.3.peg.3768.site.10, 117, 134, 251
1339327.3.peg.3768.site.11, 108, 133, 241
1339327.3.peg.3768.site.12, 19, 136, 155
1339327.3.peg.3768.site.13, 101, 136, 237
1339327.3.peg.3768.site.14, 95, 135, 230
1339327.3.peg.3768.site.15, 74, 135, 209
1339327.3.peg.3768.site.16, 1, 137, 138
1339327.3.peg.3768.site.17, 78, 133, 211
1339327.3.peg.3768.site.18, 6, 134, 140
1339327.3.peg.3768.site.19, 61, 134, 195
1339327.3.peg.3768.site.20, 15, 134, 149
1339327.3.peg.3768.site.21, 9, 131, 140
1339327.3.peg.3768.site.22, 4, 131, 135
1339327.3.peg.3768.site.23, 1, 135, 136
1339327.3.peg.3768.site.24, 0, 134, 134
1339327.3.peg.3768.site.25, 54, 137, 191
1339327.3.peg.3768.site.26, 11, 137, 148
1339327.3.peg.3768.site.27, 24, 108, 132
1339327.3.peg.3768.site.28, 0, 122, 122
1339327.3.peg.3768.site.29, 7, 137, 144
1339327.3.peg.3768.site.30, 5, 137, 142
1339327.3.peg.3768.site.31, 1, 136, 137
1339327.3.peg.3768.site.32, 8, 135, 143
1339327.3.peg.3768.site.33, 3, 135, 138
1339327.3.peg.3768.site.34, 10, 133, 143
1339327.3.peg.3768.site.35, 16, 133, 149
1339327.3.peg.3768.site.36, 1, 134, 135
1339327.3.peg.3768.site.37, 2, 134, 136
1339327.3.peg.3768.site.38, 39, 137, 176
1339327.3.peg.3768.site.39, 2, 135, 137
1339327.3.peg.3768.site.40, 30, 136, 166
1339327.3.peg.3768.site.41, 33, 135, 168
1339327.3.peg.3768.site.42, 1, 137, 138
1339327.3.peg.3768.site.43, 69, 135, 204
1339327.3.peg.3768.site.44, 3, 136, 139
1339327.3.peg.3768.site.45, 2, 135, 137
1339327.3.peg.3768.site.46, 2, 137, 139
1339327.3.peg.3768.site.47, 47, 137, 184
1339327.3.peg.3768.site.48, 118, 137, 255
1339327.3.peg.3768.site.49, 3, 136, 139
1339327.3.peg.3768.site.50, 70, 137, 207
1339327.3.peg.3768.site.51, 8, 136, 144
1339327.3.peg.3763.site.1, 1, 134, 135
1339327.3.peg.3763.site.2, 14, 137, 151
1339327.3.peg.3763.site.3, 82, 136, 218
1339327.3.peg.3763.site.4, 5, 134, 139
1339327.3.peg.3763.site.5, 3, 135, 138
1339327.3.peg.3763.site.6, 6, 135, 141
1339327.3.peg.3763.site.7, 16, 135, 151
1339327.3.peg.3763.site.8, 49, 137, 186
1339327.3.peg.3763.site.9, 16, 137, 153
1339327.3.peg.3763.site.10, 6, 137, 143
1339327.3.peg.3763.site.11, 102, 132, 234
1339327.3.peg.3763.site.12, 0, 137, 137
1339327.3.peg.3763.site.13, 1, 132, 133
1339327.3.peg.3763.site.14, 11, 136, 147
1339327.3.peg.3763.site.15, 78, 136, 214
1339327.3.peg.3763.site.16, 3, 136, 139
1339327.3.peg.3763.site.17, 0, 133, 133
1339327.3.peg.3763.site.18, 80, 137, 217
1339327.3.peg.3763.site.19, 2, 136, 138
1339327.3.peg.3763.site.20, 18, 135, 153
1339327.3.peg.3763.site.21, 12, 137, 149
1339327.3.peg.3763.site.22, 1, 137, 138
1339327.3.peg.3763.site.23, 7, 136, 143
1339327.3.peg.3763.site.24, 6, 132, 138
1339327.3.peg.3763.site.25, 27, 130, 157
1339327.3.peg.3763.site.26, 81, 132, 213
1339327.3.peg.3763.site.27, 1, 134, 135
1339327.3.peg.3762.site.1, 75, 136, 211
1339327.3.peg.3762.site.2, 23, 137, 160
1339327.3.peg.3762.site.3, 1, 137, 138
1339327.3.peg.3762.site.4, 7, 134, 141
1339327.3.peg.3762.site.5, 0, 136, 136
1339327.3.peg.3762.site.6, 30, 135, 165
1339327.3.peg.3762.site.7, 1, 135, 136
1339327.3.peg.3762.site.8, 57, 136, 193
1339327.3.peg.3762.site.9, 1, 134, 135
1339327.3.peg.3762.site.10, 26, 135, 161
1339327.3.peg.3762.site.11, 3, 136, 139
1339327.3.peg.3762.site.12, 25, 135, 160
1339327.3.peg.3762.site.13, 5, 137, 142
1339327.3.peg.3762.site.14, 12, 137, 149
1339327.3.peg.3762.site.15, 10, 137, 147
1339327.3.peg.3762.site.16, 123, 137, 260
1339327.3.peg.3762.site.17, 3, 136, 139
1339327.3.peg.3762.site.18, 8, 136, 144
1339327.3.peg.3761.site.1, 15, 137, 152
1339327.3.peg.3761.site.2, 57, 135, 192
1339327.3.peg.3761.site.3, 45, 136, 181
1339327.3.peg.3761.site.4, 117, 137, 254
1339327.3.peg.3761.site.5, 8, 137, 145
1339327.3.peg.3761.site.6, 67, 136, 203
1339327.3.peg.3761.site.7, 5, 136, 141
1339327.3.peg.3761.site.8, 1, 137, 138
1339327.3.peg.3761.site.9, 10, 133, 143
1339327.3.peg.3761.site.10, 32, 136, 168
1339327.3.peg.3761.site.11, 3, 137, 140
1339327.3.peg.3761.site.12, 1, 135, 136
1339327.3.peg.3761.site.13, 1, 134, 135
1339327.3.peg.3761.site.14, 1, 134, 135
1339327.3.peg.3761.site.15, 0, 135, 135
1339327.3.peg.3761.site.16, 37, 134, 171
1339327.3.peg.3761.site.17, 56, 136, 192
1339327.3.peg.3761.site.18, 51, 137, 188
1339327.3.peg.3761.site.19, 11, 137, 148
1339327.3.peg.3761.site.20, 8, 137, 145
1339327.3.peg.3761.site.21, 1, 137, 138
1339327.3.peg.3761.site.22, 129, 135, 264
1339327.3.peg.3761.site.23, 0, 136, 136
1339327.3.peg.3761.site.24, 1, 134, 135
1339327.3.peg.3761.site.25, 115, 133, 248
1339327.3.peg.3761.site.26, 2, 136, 138
1339327.3.peg.3761.site.27, 2, 135, 137
1339327.3.peg.3761.site.28, 0, 133, 133
1339327.3.peg.3761.site.29, 2, 135, 137
1339327.3.peg.3761.site.30, 64, 137, 201
1339327.3.peg.3761.site.31, 5, 135, 140
1339327.3.peg.3761.site.32, 2, 136, 138
1339327.3.peg.3761.site.33, 1, 135, 136
1339327.3.peg.3761.site.34, 3, 131, 134
1339327.3.peg.3761.site.35, 1, 130, 131
1339327.3.peg.3761.site.36, 25, 133, 158
1339327.3.peg.3761.site.37, 6, 135, 141
1339327.3.peg.3760.site.1, 0, 137, 137
1339327.3.peg.3760.site.2, 15, 136, 151
1339327.3.peg.3760.site.3, 0, 134, 134
1339327.3.peg.3760.site.4, 0, 136, 136
1339327.3.peg.3760.site.5, 9, 137, 146
1339327.3.peg.3760.site.6, 1, 137, 138
1339327.3.peg.3760.site.7, 20, 136, 156
1339327.3.peg.3760.site.8, 11, 135, 146
1339327.3.peg.3760.site.9, 22, 136, 158
1339327.3.peg.3760.site.10, 1, 136, 137
1339327.3.peg.3760.site.11, 0, 127, 127
1339327.3.peg.3760.site.12, 26, 124, 150
1339327.3.peg.3760.site.13, 8, 136, 144
1339327.3.peg.3760.site.14, 3, 136, 139
1339327.3.peg.3760.site.15, 28, 136, 164
1339327.3.peg.3760.site.16, 25, 120, 145
1339327.3.peg.3760.site.17, 8, 127, 135
1339327.3.peg.3760.site.18, 8, 136, 144
1339327.3.peg.3760.site.19, 1, 135, 136
1339327.3.peg.3760.site.20, 47, 135, 182
1339327.3.peg.3760.site.21, 1, 135, 136
1339327.3.peg.3760.site.22, 12, 135, 147
1339327.3.peg.3760.site.23, 0, 134, 134
1339327.3.peg.3760.site.24, 67, 134, 201
1339327.3.peg.3760.site.25, 0, 135, 135
1339327.3.peg.3760.site.26, 7, 137, 144
1339327.3.peg.3760.site.27, 40, 136, 176
1339327.3.peg.3766.site.1, 1, 128, 129
1339327.3.peg.3766.site.2, 2, 132, 134
1339327.3.peg.3766.site.3, 3, 132, 135
1339327.3.peg.3766.site.4, 3, 124, 127
1339327.3.peg.3766.site.5, 31, 133, 164
1339327.3.peg.3766.site.6, 3, 133, 136
1339327.3.peg.3766.site.7, 69, 136, 205
1339327.3.peg.3766.site.8, 0, 137, 137
1339327.3.peg.3766.site.9, 1, 134, 135
1339327.3.peg.3766.site.10, 130, 136, 266
1339327.3.peg.3766.site.11, 1, 135, 136
1339327.3.peg.3766.site.12, 9, 137, 146
1339327.3.peg.3766.site.13, 93, 135, 228
1339327.3.peg.3766.site.14, 15, 135, 150
1339327.3.peg.3766.site.15, 0, 136, 136
1339327.3.peg.3766.site.16, 3, 137, 140
1339327.3.peg.3766.site.17, 2, 136, 138
1339327.3.peg.3766.site.18, 4, 136, 140
1339327.3.peg.3766.site.19, 84, 137, 221
1339327.3.peg.3766.site.20, 1, 136, 137
1339327.3.peg.3766.site.21, 86, 136, 222
1339327.3.peg.3766.site.22, 84, 137, 221
1339327.3.peg.3766.site.23, 2, 136, 138
1339327.3.peg.3766.site.24, 60, 137, 197
1339327.3.peg.3766.site.25, 1, 137, 138
1339327.3.peg.3766.site.26, 8, 137, 145
1339327.3.peg.3766.site.27, 5, 135, 140
1339327.3.peg.3766.site.28, 2, 135, 137
1339327.3.peg.3766.site.29, 8, 136, 144
1339327.3.peg.3766.site.30, 8, 136, 144
1339327.3.peg.3766.site.31, 5, 137, 142
1339327.3.peg.3766.site.32, 3, 131, 134
1339327.3.peg.3766.site.33, 10, 124, 134
1339327.3.peg.3766.site.34, 2, 124, 126
1339327.3.peg.3766.site.35, 9, 121, 130
1339327.3.peg.3766.site.36, 40, 117, 157
1339327.3.peg.3765.site.1, 2, 133, 135
1339327.3.peg.3765.site.2, 3, 135, 138
1339327.3.peg.3765.site.3, 6, 133, 139
1339327.3.peg.3765.site.4, 0, 131, 131
1339327.3.peg.3765.site.5, 18, 129, 147
1339327.3.peg.3765.site.6, 55, 132, 187
1339327.3.peg.3765.site.7, 4, 133, 137
1339327.3.peg.3765.site.8, 4, 137, 141
1339327.3.peg.3765.site.9, 3, 136, 139
1339327.3.peg.3765.site.10, 3, 135, 138
1339327.3.peg.3765.site.11, 3, 133, 136
1339327.3.peg.3765.site.12, 30, 131, 161
1339327.3.peg.3765.site.13, 2, 130, 132
1339327.3.peg.3765.site.14, 5, 134, 139
1339327.3.peg.3765.site.15, 5, 135, 140
1339327.3.peg.3765.site.16, 48, 136, 184
1339327.3.peg.3765.site.17, 38, 136, 174
1339327.3.peg.3765.site.18, 2, 136, 138
1339327.3.peg.3765.site.19, 1, 135, 136
1339327.3.peg.3765.site.20, 0, 132, 132
1339327.3.peg.3765.site.21, 17, 135, 152
1339327.3.peg.3765.site.22, 11, 134, 145
1339327.3.peg.3765.site.23, 14, 136, 150
1339327.3.peg.3765.site.24, 29, 135, 164
1339327.3.peg.3764.site.1, 97, 136, 233
1339327.3.peg.3764.site.2, 0, 135, 135
1339327.3.peg.3764.site.3, 1, 136, 137
1339327.3.peg.3764.site.4, 17, 136, 153
1339327.3.peg.3764.site.5, 42, 136, 178
1339327.3.peg.3764.site.6, 102, 135, 237
1339327.3.peg.3764.site.7, 45, 135, 180
1339327.3.peg.3764.site.8, 10, 136, 146
1339327.3.peg.3764.site.9, 59, 137, 196
1339327.3.peg.3764.site.10, 2, 136, 138
1339327.3.peg.3764.site.11, 125, 137, 262
1339327.3.peg.3764.site.12, 25, 137, 162
1339327.3.peg.3764.site.13, 37, 135, 172
1339327.3.peg.3764.site.14, 0, 137, 137
1339327.3.peg.3764.site.15, 32, 136, 168
1339327.3.peg.3764.site.16, 56, 137, 193
1339327.3.peg.3764.site.17, 27, 136, 163
1339327.3.peg.3764.site.18, 4, 137, 141
1339327.3.peg.3764.site.19, 3, 136, 139
1339327.3.peg.3764.site.20, 3, 136, 139
1339327.3.peg.3764.site.21, 3, 136, 139
1339327.3.peg.3764.site.22, 22, 136, 158
1339327.3.peg.3764.site.23, 0, 137, 137
1339327.3.peg.3764.site.24, 24, 137, 161
1339327.3.peg.3764.site.25, 7, 136, 143
1339327.3.peg.3764.site.26, 1, 137, 138
1339327.3.peg.3764.site.27, 3, 136, 139
1339327.3.peg.3764.site.28, 4, 136, 140
1339327.3.peg.3764.site.29, 8, 136, 144
1339327.3.peg.3764.site.30, 30, 136, 166
1339327.3.peg.3764.site.31, 10, 137, 147
1339327.3.peg.3764.site.32, 6, 136, 142
1339327.3.peg.3764.site.33, 5, 127, 132
1339327.3.peg.3764.site.34, 3, 128, 131
1339327.3.peg.3764.site.35, 4, 121, 125
1339327.3.peg.3764.site.36, 6, 120, 126
1339327.3.peg.3764.site.37, 0, 122, 122
1339327.3.peg.3764.site.38, 0, 132, 132
1339327.3.peg.3764.site.39, 1, 133, 134
1339327.3.peg.3764.site.40, 0, 134, 134
1339327.3.peg.3764.site.41, 0, 134, 134
1339327.3.peg.3764.site.42, 42, 136, 178
1339327.3.peg.2163.site.1, 1, 135, 136
1339327.3.peg.2163.site.2, 16, 137, 153
1339327.3.peg.2163.site.3, 17, 137, 154
1339327.3.peg.2163.site.4, 1, 135, 136
1339327.3.peg.2163.site.5, 42, 136, 178
1339327.3.peg.2163.site.6, 6, 137, 143
1339327.3.peg.2163.site.7, 2, 137, 139
1339327.3.peg.2163.site.8, 17, 136, 153
1339327.3.peg.2163.site.9, 2, 137, 139
1339327.3.peg.2163.site.10, 2, 134, 136
1339327.3.peg.2163.site.11, 3, 134, 137
1339327.3.peg.2163.site.12, 2, 134, 136
1339327.3.peg.2163.site.13, 2, 134, 136
1339327.3.peg.2163.site.14, 2, 135, 137
1339327.3.peg.2163.site.15, 2, 135, 137
1339327.3.peg.2163.site.16, 27, 136, 163
1339327.3.peg.2163.site.17, 116, 136, 252
1339327.3.peg.2163.site.18, 0, 136, 136
1339327.3.peg.2163.site.19, 2, 137, 139
1339327.3.peg.2163.site.20, 8, 136, 144
1339327.3.peg.2163.site.21, 2, 136, 138
1339327.3.peg.2163.site.22, 2, 136, 138
1339327.3.peg.2163.site.23, 2, 137, 139
1339327.3.peg.2163.site.24, 2, 136, 138
1339327.3.peg.2163.site.25, 2, 137, 139
1339327.3.peg.2163.site.26, 3, 137, 140
1339327.3.peg.2163.site.27, 3, 137, 140
1339327.3.peg.2163.site.28, 99, 137, 236
1339327.3.peg.2163.site.29, 2, 133, 135
1339327.3.peg.2160.site.1, 2, 137, 139
1339327.3.peg.2160.site.2, 105, 136, 241
1339327.3.peg.2160.site.3, 2, 137, 139
1339327.3.peg.2160.site.4, 2, 137, 139
1339327.3.peg.2160.site.5, 4, 136, 140
1339327.3.peg.2160.site.6, 2, 136, 138
1339327.3.peg.2160.site.7, 2, 135, 137
1339327.3.peg.2160.site.8, 2, 135, 137
1339327.3.peg.2160.site.9, 2, 136, 138
1339327.3.peg.2160.site.10, 12, 133, 145
1339327.3.peg.2160.site.11, 2, 135, 137
1339327.3.peg.2160.site.12, 69, 126, 195
1339327.3.peg.2160.site.13, 11, 121, 132
1339327.3.peg.2160.site.14, 57, 129, 186
1339327.3.peg.2160.site.15, 8, 136, 144
1339327.3.peg.2160.site.16, 39, 136, 175
1339327.3.peg.2160.site.17, 1, 136, 137
1339327.3.peg.2160.site.18, 40, 136, 176
1339327.3.peg.2160.site.19, 88, 136, 224
1339327.3.peg.2160.site.20, 2, 134, 136
1339327.3.peg.2160.site.21, 2, 134, 136
1339327.3.peg.2160.site.22, 2, 134, 136
1339327.3.peg.2160.site.23, 2, 135, 137
1339327.3.peg.2160.site.24, 96, 136, 232
1339327.3.peg.2160.site.25, 1, 136, 137
1339327.3.peg.2160.site.26, 71, 136, 207
1339327.3.peg.2160.site.27, 1, 135, 136
1339327.3.peg.2160.site.28, 6, 136, 142
1339327.3.peg.2160.site.29, 2, 137, 139
1339327.3.peg.2160.site.30, 2, 135, 137
1339327.3.peg.2160.site.31, 2, 133, 135
1339327.3.peg.2160.site.32, 2, 133, 135
1339327.3.peg.2160.site.33, 22, 136, 158
1339327.3.peg.2160.site.34, 2, 135, 137
1339327.3.peg.2160.site.35, 2, 137, 139
1339327.3.peg.2160.site.36, 2, 135, 137
1339327.3.peg.2160.site.37, 7, 133, 140
1339327.3.peg.2160.site.38, 21, 129, 150
1339327.3.peg.2160.site.39, 3, 132, 135
1339327.3.peg.2160.site.40, 10, 130, 140
1339327.3.peg.2160.site.41, 124, 135, 259
1339327.3.peg.2160.site.42, 1, 135, 136
1339327.3.peg.2160.site.43, 1, 135, 136
1339327.3.peg.2160.site.44, 1, 135, 136
1339327.3.peg.2161.site.1, 2, 137, 139
1339327.3.peg.2161.site.2, 34, 136, 170
1339327.3.peg.2161.site.3, 2, 136, 138
1339327.3.peg.2161.site.4, 2, 136, 138
1339327.3.peg.2161.site.5, 2, 136, 138
1339327.3.peg.2161.site.6, 21, 137, 158
1339327.3.peg.2161.site.7, 26, 137, 163
1339327.3.peg.2161.site.8, 2, 137, 139
1339327.3.peg.2161.site.9, 0, 135, 135
1339327.3.peg.2161.site.10, 3, 132, 135
1339327.3.peg.2161.site.11, 1, 131, 132
1339327.3.peg.2161.site.12, 2, 132, 134
1339327.3.peg.2161.site.13, 1, 132, 133
1339327.3.peg.2161.site.14, 2, 134, 136
1339327.3.peg.2161.site.15, 2, 134, 136
1339327.3.peg.2161.site.16, 2, 136, 138
1339327.3.peg.2161.site.17, 35, 137, 172
1339327.3.peg.2161.site.18, 19, 137, 156
1339327.3.peg.2161.site.19, 2, 137, 139
1339327.3.peg.2161.site.20, 0, 137, 137
1339327.3.peg.2161.site.21, 2, 136, 138
1339327.3.peg.2161.site.22, 2, 136, 138
1339327.3.peg.2161.site.23, 3, 134, 137
1339327.3.peg.2161.site.24, 3, 136, 139
1339327.3.peg.2161.site.25, 0, 136, 136
1339327.3.peg.2161.site.26, 2, 136, 138
1339327.3.peg.2161.site.27, 80, 136, 216
1339327.3.peg.2161.site.28, 1, 136, 137
1339327.3.peg.2161.site.29, 1, 136, 137
1339327.3.peg.2161.site.30, 1, 136, 137
1339327.3.peg.2161.site.31, 2, 137, 139
1339327.3.peg.2161.site.32, 2, 137, 139
1339327.3.peg.2161.site.33, 0, 137, 137
1339327.3.peg.2161.site.34, 2, 137, 139
1339327.3.peg.2166.site.1, 2, 136, 138
1339327.3.peg.2166.site.2, 2, 137, 139
1339327.3.peg.2166.site.3, 3, 136, 139
1339327.3.peg.2166.site.4, 0, 135, 135
1339327.3.peg.2166.site.5, 2, 137, 139
1339327.3.peg.2166.site.6, 25, 136, 161
1339327.3.peg.2166.site.7, 0, 136, 136
1339327.3.peg.2166.site.8, 103, 137, 240
1339327.3.peg.2166.site.9, 4, 136, 140
1339327.3.peg.2166.site.10, 2, 135, 137
1339327.3.peg.2166.site.11, 2, 137, 139
1339327.3.peg.2166.site.12, 26, 137, 163
1339327.3.peg.2166.site.13, 105, 135, 240
1339327.3.peg.2166.site.14, 107, 135, 242
1339327.3.peg.2166.site.15, 2, 131, 133
1339327.3.peg.2166.site.16, 2, 130, 132
1339327.3.peg.2166.site.17, 4, 117, 121
1339327.3.peg.2166.site.18, 8, 129, 137
1339327.3.peg.2166.site.19, 2, 134, 136
1339327.3.peg.2166.site.20, 2, 136, 138
1339327.3.peg.2166.site.21, 22, 136, 158
1339327.3.peg.2166.site.22, 0, 135, 135
1339327.3.peg.2166.site.23, 22, 134, 156
1339327.3.peg.2166.site.24, 47, 135, 182
1339327.3.peg.2166.site.25, 3, 137, 140
1339327.3.peg.2166.site.26, 2, 136, 138
1339327.3.peg.2166.site.27, 2, 132, 134
1339327.3.peg.2166.site.28, 7, 132, 139
1339327.3.peg.2166.site.29, 28, 132, 160
1339327.3.peg.2166.site.30, 15, 130, 145
1339327.3.peg.2166.site.31, 2, 132, 134
1339327.3.peg.2166.site.32, 12, 131, 143
1339327.3.peg.2166.site.33, 2, 127, 129
1339327.3.peg.2166.site.34, 10, 133, 143
1339327.3.peg.2166.site.35, 5, 135, 140
1339327.3.peg.2166.site.36, 15, 136, 151
1339327.3.peg.2166.site.37, 9, 135, 144
1339327.3.peg.2166.site.38, 2, 135, 137
1339327.3.peg.2166.site.39, 115, 135, 250
1339327.3.peg.2166.site.40, 2, 135, 137
1339327.3.peg.2166.site.41, 0, 134, 134
1339327.3.peg.2166.site.42, 2, 136, 138
1339327.3.peg.2166.site.43, 5, 136, 141
1339327.3.peg.2166.site.44, 11, 136, 147
1339327.3.peg.2166.site.45, 2, 136, 138
1339327.3.peg.2166.site.46, 6, 135, 141
1339327.3.peg.2166.site.47, 2, 135, 137
1339327.3.peg.2166.site.48, 2, 135, 137
1339327.3.peg.2166.site.49, 2, 137, 139
1339327.3.peg.2167.site.1, 5, 136, 141
1339327.3.peg.2167.site.2, 4, 136, 140
1339327.3.peg.2167.site.3, 8, 134, 142
1339327.3.peg.2167.site.4, 3, 136, 139
1339327.3.peg.2167.site.5, 2, 135, 137
1339327.3.peg.2167.site.6, 2, 137, 139
1339327.3.peg.2167.site.7, 18, 136, 154
1339327.3.peg.2167.site.8, 14, 136, 150
1339327.3.peg.2167.site.9, 2, 134, 136
1339327.3.peg.2167.site.10, 0, 135, 135
1339327.3.peg.2167.site.11, 2, 135, 137
1339327.3.peg.2164.site.1, 7, 137, 144
1339327.3.peg.2164.site.2, 5, 135, 140
1339327.3.peg.2164.site.3, 2, 137, 139
1339327.3.peg.2164.site.4, 2, 137, 139
1339327.3.peg.2164.site.5, 2, 135, 137
1339327.3.peg.2164.site.6, 2, 132, 134
1339327.3.peg.2164.site.7, 122, 133, 255
1339327.3.peg.2164.site.8, 5, 136, 141
1339327.3.peg.2164.site.9, 2, 132, 134
1339327.3.peg.2164.site.10, 5, 133, 138
1339327.3.peg.2164.site.11, 9, 137, 146
1339327.3.peg.2164.site.12, 0, 136, 136
1339327.3.peg.2164.site.13, 2, 137, 139
1339327.3.peg.2164.site.14, 10, 135, 145
1339327.3.peg.2164.site.15, 34, 136, 170
1339327.3.peg.2165.site.1, 3, 136, 139
1339327.3.peg.2165.site.2, 1, 136, 137
1339327.3.peg.2165.site.3, 1, 137, 138
1339327.3.peg.2165.site.4, 2, 135, 137
1339327.3.peg.2165.site.5, 2, 134, 136
1339327.3.peg.2165.site.6, 4, 131, 135
1339327.3.peg.2165.site.7, 6, 130, 136
1339327.3.peg.2165.site.8, 125, 131, 256
1339327.3.peg.2165.site.9, 2, 130, 132
1339327.3.peg.2165.site.10, 2, 132, 134
1339327.3.peg.2165.site.11, 2, 133, 135
1339327.3.peg.2165.site.12, 3, 133, 136
1339327.3.peg.2165.site.13, 2, 136, 138
1339327.3.peg.2165.site.14, 13, 133, 146
1339327.3.peg.2165.site.15, 2, 134, 136
1339327.3.peg.2165.site.16, 3, 134, 137
1339327.3.peg.2165.site.17, 35, 128, 163
1339327.3.peg.2165.site.18, 2, 133, 135
1339327.3.peg.2165.site.19, 1, 130, 131
1339327.3.peg.2165.site.20, 12, 137, 149
1339327.3.peg.2165.site.21, 131, 137, 268
1339327.3.peg.2165.site.22, 2, 137, 139
1339327.3.peg.2165.site.23, 5, 136, 141
1339327.3.peg.2165.site.24, 2, 136, 138
1339327.3.peg.2165.site.25, 2, 135, 137
1339327.3.peg.2165.site.26, 8, 135, 143
1339327.3.peg.2165.site.27, 1, 134, 135
1339327.3.peg.2165.site.28, 0, 134, 134
1339327.3.peg.2165.site.29, 2, 134, 136
1339327.3.peg.2165.site.30, 2, 136, 138
1339327.3.peg.2165.site.31, 6, 135, 141
1339327.3.peg.2165.site.32, 23, 136, 159
1339327.3.peg.2165.site.33, 2, 136, 138
1339327.3.peg.2165.site.34, 113, 136, 249
1339327.3.peg.2168.site.1, 2, 135, 137
1339327.3.peg.2168.site.2, 20, 135, 155
1339327.3.peg.2168.site.3, 3, 136, 139
1339327.3.peg.2168.site.4, 0, 135, 135
1339327.3.peg.2168.site.5, 16, 134, 150
1339327.3.peg.2168.site.6, 5, 134, 139
1339327.3.peg.2168.site.7, 2, 136, 138
1339327.3.peg.2168.site.8, 3, 137, 140
1339327.3.peg.2168.site.9, 2, 135, 137
1339327.3.peg.2168.site.10, 0, 137, 137
1339327.3.peg.2168.site.11, 2, 137, 139
1339327.3.peg.2168.site.12, 8, 134, 142
1339327.3.peg.4698.site.1, 0, 134, 134
1339327.3.peg.4698.site.2, 0, 134, 134
1339327.3.peg.3711.site.1, 8, 135, 143
1339327.3.peg.3711.site.2, 10, 134, 144
1339327.3.peg.3711.site.3, 29, 134, 163
1339327.3.peg.3711.site.4, 13, 134, 147
1339327.3.peg.3711.site.5, 27, 137, 164
1339327.3.peg.3711.site.6, 2, 137, 139
1339327.3.peg.3711.site.7, 36, 137, 173
1339327.3.peg.3711.site.8, 0, 136, 136
1339327.3.peg.3711.site.9, 2, 137, 139
1339327.3.peg.3711.site.10, 17, 135, 152
1339327.3.peg.3711.site.11, 59, 135, 194
1339327.3.peg.3711.site.12, 1, 136, 137
1339327.3.peg.3711.site.13, 3, 137, 140
1339327.3.peg.3711.site.14, 78, 137, 215
1339327.3.peg.3711.site.15, 3, 137, 140
1339327.3.peg.3711.site.16, 0, 137, 137
1339327.3.peg.3711.site.17, 0, 137, 137
1339327.3.peg.3711.site.18, 15, 136, 151
1339327.3.peg.3711.site.19, 5, 136, 141
1339327.3.peg.3711.site.20, 38, 136, 174
1339327.3.peg.3711.site.21, 1, 137, 138
1339327.3.peg.3711.site.22, 4, 136, 140
1339327.3.peg.3711.site.23, 3, 137, 140
1339327.3.peg.3711.site.24, 1, 137, 138
1339327.3.peg.2787.site.1, 2, 133, 135
1339327.3.peg.2787.site.2, 4, 131, 135
1339327.3.peg.2787.site.3, 2, 133, 135
1339327.3.peg.2787.site.4, 1, 132, 133
1339327.3.peg.2787.site.5, 0, 133, 133
1339327.3.peg.2787.site.6, 4, 131, 135
1339327.3.peg.2787.site.7, 23, 135, 158
1339327.3.peg.2787.site.8, 33, 133, 166
1339327.3.peg.2787.site.9, 3, 134, 137
1339327.3.peg.2787.site.10, 6, 134, 140
1339327.3.peg.2787.site.11, 3, 136, 139
1339327.3.peg.2787.site.12, 21, 135, 156
1339327.3.peg.2787.site.13, 1, 135, 136
1339327.3.peg.2787.site.14, 7, 136, 143
1339327.3.peg.2787.site.15, 5, 135, 140
1339327.3.peg.2787.site.16, 2, 136, 138
1339327.3.peg.2787.site.17, 6, 133, 139
1339327.3.peg.3169.site.1, 28, 137, 165
1339327.3.peg.3169.site.2, 0, 136, 136
1339327.3.peg.3169.site.3, 0, 132, 132
1339327.3.peg.3169.site.4, 17, 130, 147
1339327.3.peg.3169.site.5, 1, 129, 130
1339327.3.peg.3169.site.6, 20, 134, 154
1339327.3.peg.3169.site.7, 3, 132, 135
1339327.3.peg.3169.site.8, 10, 134, 144
1339327.3.peg.3169.site.9, 1, 136, 137
1339327.3.peg.3169.site.10, 87, 134, 221
1339327.3.peg.3169.site.11, 26, 135, 161
1339327.3.peg.3169.site.12, 14, 137, 151
1339327.3.peg.3169.site.13, 2, 137, 139
1339327.3.peg.3169.site.14, 7, 137, 144
1339327.3.peg.3169.site.15, 0, 134, 134
1339327.3.peg.3168.site.1, 1, 134, 135
1339327.3.peg.3168.site.2, 0, 137, 137
1339327.3.peg.3168.site.3, 1, 132, 133
1339327.3.peg.3168.site.4, 74, 135, 209
1339327.3.peg.3168.site.5, 16, 134, 150
1339327.3.peg.3168.site.6, 0, 137, 137
1339327.3.peg.3168.site.7, 0, 137, 137
1339327.3.peg.3165.site.1, 4, 134, 138
1339327.3.peg.3165.site.2, 1, 136, 137
1339327.3.peg.3165.site.3, 5, 135, 140
1339327.3.peg.3165.site.4, 5, 137, 142
1339327.3.peg.3165.site.5, 1, 137, 138
1339327.3.peg.3165.site.6, 4, 134, 138
1339327.3.peg.3165.site.7, 25, 133, 158
1339327.3.peg.3165.site.8, 9, 133, 142
1339327.3.peg.3165.site.9, 15, 137, 152
1339327.3.peg.3165.site.10, 45, 135, 180
1339327.3.peg.3165.site.11, 0, 137, 137
1339327.3.peg.3165.site.12, 11, 136, 147
1339327.3.peg.3165.site.13, 25, 135, 160
1339327.3.peg.3165.site.14, 0, 135, 135
1339327.3.peg.3165.site.15, 1, 137, 138
1339327.3.peg.3165.site.16, 1, 135, 136
1339327.3.peg.3165.site.17, 24, 137, 161
1339327.3.peg.3165.site.18, 0, 137, 137
1339327.3.peg.3165.site.19, 0, 136, 136
1339327.3.peg.3164.site.1, 0, 134, 134
1339327.3.peg.3164.site.2, 4, 137, 141
1339327.3.peg.3164.site.3, 1, 136, 137
1339327.3.peg.3164.site.4, 0, 137, 137
1339327.3.peg.3164.site.5, 1, 136, 137
1339327.3.peg.3164.site.6, 9, 136, 145
1339327.3.peg.3164.site.7, 2, 137, 139
1339327.3.peg.3164.site.8, 4, 136, 140
1339327.3.peg.3164.site.9, 24, 129, 153
1339327.3.peg.3164.site.10, 1, 136, 137
1339327.3.peg.3164.site.11, 4, 137, 141
1339327.3.peg.3164.site.12, 74, 133, 207
1339327.3.peg.3164.site.13, 23, 134, 157
1339327.3.peg.3164.site.14, 16, 134, 150
1339327.3.peg.3164.site.15, 0, 132, 132
1339327.3.peg.3164.site.16, 13, 132, 145
1339327.3.peg.3164.site.17, 120, 134, 254
1339327.3.peg.3164.site.18, 6, 133, 139
1339327.3.peg.3164.site.19, 0, 132, 132
1339327.3.peg.3164.site.20, 0, 119, 119
1339327.3.peg.3164.site.21, 3, 133, 136
1339327.3.peg.3167.site.1, 8, 129, 137
1339327.3.peg.3167.site.2, 96, 131, 227
1339327.3.peg.3167.site.3, 84, 133, 217
1339327.3.peg.3167.site.4, 56, 121, 177
1339327.3.peg.3167.site.5, 3, 125, 128
1339327.3.peg.3167.site.6, 25, 130, 155
1339327.3.peg.3167.site.7, 1, 134, 135
1339327.3.peg.3167.site.8, 129, 135, 264
1339327.3.peg.3161.site.1, 1, 132, 133
1339327.3.peg.3161.site.2, 56, 132, 188
1339327.3.peg.3161.site.3, 12, 136, 148
1339327.3.peg.3161.site.4, 2, 135, 137
1339327.3.peg.3161.site.5, 10, 136, 146
1339327.3.peg.3161.site.6, 24, 134, 158
1339327.3.peg.3161.site.7, 18, 132, 150
1339327.3.peg.3161.site.8, 25, 132, 157
1339327.3.peg.3161.site.9, 3, 135, 138
1339327.3.peg.3161.site.10, 3, 135, 138
1339327.3.peg.3161.site.11, 3, 132, 135
1339327.3.peg.3161.site.12, 2, 134, 136
1339327.3.peg.3161.site.13, 84, 133, 217
1339327.3.peg.3161.site.14, 50, 134, 184
1339327.3.peg.3161.site.15, 3, 134, 137
1339327.3.peg.3161.site.16, 29, 136, 165
1339327.3.peg.3161.site.17, 3, 136, 139
1339327.3.peg.3161.site.18, 0, 136, 136
1339327.3.peg.3161.site.19, 0, 130, 130
1339327.3.peg.3161.site.20, 5, 134, 139
1339327.3.peg.3161.site.21, 58, 135, 193
1339327.3.peg.3161.site.22, 11, 135, 146
1339327.3.peg.3160.site.1, 2, 137, 139
1339327.3.peg.3160.site.2, 33, 137, 170
1339327.3.peg.3160.site.3, 42, 136, 178
1339327.3.peg.3160.site.4, 14, 135, 149
1339327.3.peg.3160.site.5, 6, 137, 143
1339327.3.peg.3160.site.6, 26, 134, 160
1339327.3.peg.3160.site.7, 5, 136, 141
1339327.3.peg.3160.site.8, 2, 136, 138
1339327.3.peg.3160.site.9, 0, 137, 137
1339327.3.peg.3160.site.10, 1, 137, 138
1339327.3.peg.3160.site.11, 0, 136, 136
1339327.3.peg.3163.site.1, 9, 134, 143
1339327.3.peg.3163.site.2, 5, 135, 140
1339327.3.peg.3163.site.3, 16, 134, 150
1339327.3.peg.3163.site.4, 0, 136, 136
1339327.3.peg.3163.site.5, 55, 136, 191
1339327.3.peg.3163.site.6, 1, 137, 138
1339327.3.peg.3163.site.7, 2, 136, 138
1339327.3.peg.3163.site.8, 0, 136, 136
1339327.3.peg.3163.site.9, 5, 137, 142
1339327.3.peg.3163.site.10, 113, 137, 250
1339327.3.peg.3163.site.11, 3, 136, 139
1339327.3.peg.3163.site.12, 127, 133, 260
1339327.3.peg.3163.site.13, 3, 136, 139
1339327.3.peg.3163.site.14, 3, 135, 138
1339327.3.peg.3163.site.15, 3, 137, 140
1339327.3.peg.3163.site.16, 4, 134, 138
1339327.3.peg.3163.site.17, 18, 136, 154
1339327.3.peg.3163.site.18, 4, 134, 138
1339327.3.peg.3163.site.19, 2, 134, 136
1339327.3.peg.3163.site.20, 55, 133, 188
1339327.3.peg.3163.site.21, 3, 132, 135
1339327.3.peg.3163.site.22, 2, 134, 136
1339327.3.peg.3163.site.23, 3, 133, 136
1339327.3.peg.3162.site.1, 1, 137, 138
1339327.3.peg.3162.site.2, 97, 136, 233
1339327.3.peg.3162.site.3, 2, 135, 137
1339327.3.peg.3162.site.4, 110, 129, 239
1339327.3.peg.3162.site.5, 5, 134, 139
1339327.3.peg.3162.site.6, 2, 137, 139
1339327.3.peg.3162.site.7, 5, 136, 141
1339327.3.peg.3162.site.8, 21, 135, 156
1339327.3.peg.3162.site.9, 13, 135, 148
1339327.3.peg.3162.site.10, 0, 133, 133
1339327.3.peg.3162.site.11, 19, 135, 154
1339327.3.peg.903.site.1, 15, 136, 151
1339327.3.peg.903.site.2, 3, 135, 138
1339327.3.peg.903.site.3, 1, 135, 136
1339327.3.peg.903.site.4, 3, 136, 139
1339327.3.peg.903.site.5, 29, 135, 164
1339327.3.peg.903.site.6, 2, 136, 138
1339327.3.peg.903.site.7, 5, 136, 141
1339327.3.peg.902.site.1, 29, 137, 166
1339327.3.peg.902.site.2, 2, 137, 139
1339327.3.peg.902.site.3, 7, 136, 143
1339327.3.peg.902.site.4, 0, 135, 135
1339327.3.peg.902.site.5, 0, 136, 136
1339327.3.peg.902.site.6, 4, 136, 140
1339327.3.peg.902.site.7, 129, 137, 266
1339327.3.peg.902.site.8, 2, 137, 139
1339327.3.peg.902.site.9, 1, 136, 137
1339327.3.peg.902.site.10, 52, 135, 187
1339327.3.peg.902.site.11, 3, 136, 139
1339327.3.peg.902.site.12, 79, 136, 215
1339327.3.peg.901.site.1, 1, 136, 137
1339327.3.peg.901.site.2, 53, 135, 188
1339327.3.peg.901.site.3, 17, 136, 153
1339327.3.peg.901.site.4, 11, 135, 146
1339327.3.peg.900.site.1, 1, 136, 137
1339327.3.peg.900.site.2, 0, 136, 136
1339327.3.peg.900.site.3, 0, 135, 135
1339327.3.peg.900.site.4, 0, 132, 132
1339327.3.peg.900.site.5, 0, 136, 136
1339327.3.peg.900.site.6, 0, 136, 136
1339327.3.peg.900.site.7, 8, 137, 145
1339327.3.peg.900.site.8, 2, 137, 139
1339327.3.peg.900.site.9, 1, 137, 138
1339327.3.peg.900.site.10, 40, 137, 177
1339327.3.peg.900.site.11, 2, 136, 138
1339327.3.peg.900.site.12, 3, 137, 140
1339327.3.peg.900.site.13, 49, 136, 185
1339327.3.peg.900.site.14, 3, 136, 139
1339327.3.peg.900.site.15, 74, 137, 211
1339327.3.peg.900.site.16, 1, 137, 138
1339327.3.peg.900.site.17, 3, 137, 140
1339327.3.peg.900.site.18, 101, 137, 238
1339327.3.peg.900.site.19, 41, 137, 178
1339327.3.peg.900.site.20, 91, 136, 227
1339327.3.peg.900.site.21, 2, 136, 138
1339327.3.peg.900.site.22, 3, 136, 139
1339327.3.peg.900.site.23, 67, 136, 203
1339327.3.peg.900.site.24, 2, 137, 139
1339327.3.peg.900.site.25, 4, 137, 141
1339327.3.peg.900.site.26, 0, 136, 136
1339327.3.peg.900.site.27, 1, 137, 138
1339327.3.peg.900.site.28, 58, 136, 194
1339327.3.peg.900.site.29, 8, 137, 145
1339327.3.peg.900.site.30, 9, 136, 145
1339327.3.peg.900.site.31, 64, 137, 201
1339327.3.peg.900.site.32, 0, 137, 137
1339327.3.peg.900.site.33, 120, 137, 257
1339327.3.peg.900.site.34, 2, 137, 139
1339327.3.peg.900.site.35, 0, 137, 137
1339327.3.peg.907.site.1, 3, 136, 139
1339327.3.peg.907.site.2, 3, 137, 140
1339327.3.peg.907.site.3, 8, 74, 82
1339327.3.peg.906.site.1, 0, 137, 137
1339327.3.peg.906.site.2, 0, 136, 136
1339327.3.peg.906.site.3, 1, 137, 138
1339327.3.peg.906.site.4, 16, 136, 152
1339327.3.peg.906.site.5, 2, 136, 138
1339327.3.peg.906.site.6, 0, 135, 135
1339327.3.peg.906.site.7, 2, 137, 139
1339327.3.peg.906.site.8, 0, 136, 136
1339327.3.peg.906.site.9, 43, 137, 180
1339327.3.peg.906.site.10, 86, 136, 222
1339327.3.peg.906.site.11, 1, 136, 137
1339327.3.peg.906.site.12, 9, 137, 146
1339327.3.peg.905.site.1, 3, 137, 140
1339327.3.peg.905.site.2, 10, 137, 147
1339327.3.peg.905.site.3, 1, 136, 137
1339327.3.peg.905.site.4, 19, 136, 155
1339327.3.peg.905.site.5, 18, 136, 154
1339327.3.peg.905.site.6, 0, 137, 137
1339327.3.peg.905.site.7, 0, 136, 136
1339327.3.peg.905.site.8, 0, 136, 136
1339327.3.peg.905.site.9, 0, 135, 135
1339327.3.peg.904.site.1, 5, 137, 142
1339327.3.peg.904.site.2, 1, 137, 138
1339327.3.peg.904.site.3, 4, 137, 141
1339327.3.peg.904.site.4, 3, 136, 139
1339327.3.peg.904.site.5, 4, 137, 141
1339327.3.peg.904.site.6, 2, 137, 139
1339327.3.peg.3011.site.1, 3, 132, 135
1339327.3.peg.3011.site.2, 2, 130, 132
1339327.3.peg.3010.site.1, 44, 136, 180
1339327.3.peg.3010.site.2, 4, 132, 136
1339327.3.peg.3010.site.3, 29, 132, 161
1339327.3.peg.3010.site.4, 33, 134, 167
1339327.3.peg.3013.site.1, 58, 136, 194
1339327.3.peg.3013.site.2, 19, 134, 153
1339327.3.peg.3013.site.3, 2, 134, 136
1339327.3.peg.3013.site.4, 3, 134, 137
1339327.3.peg.3013.site.5, 30, 136, 166
1339327.3.peg.3013.site.6, 3, 137, 140
1339327.3.peg.3013.site.7, 1, 136, 137
1339327.3.peg.3013.site.8, 11, 136, 147
1339327.3.peg.3013.site.9, 0, 133, 133
1339327.3.peg.3013.site.10, 0, 134, 134
1339327.3.peg.3013.site.11, 0, 134, 134
1339327.3.peg.3013.site.12, 2, 135, 137
1339327.3.peg.3013.site.13, 1, 135, 136
1339327.3.peg.3013.site.14, 0, 136, 136
1339327.3.peg.3013.site.15, 51, 136, 187
1339327.3.peg.3013.site.16, 2, 137, 139
1339327.3.peg.3012.site.1, 0, 136, 136
1339327.3.peg.3012.site.2, 55, 136, 191
1339327.3.peg.3012.site.3, 8, 135, 143
1339327.3.peg.3012.site.4, 1, 137, 138
1339327.3.peg.3012.site.5, 1, 135, 136
1339327.3.peg.3012.site.6, 20, 135, 155
1339327.3.peg.3012.site.7, 9, 135, 144
1339327.3.peg.3012.site.8, 8, 136, 144
1339327.3.peg.3012.site.9, 0, 129, 129
1339327.3.peg.3012.site.10, 0, 119, 119
1339327.3.peg.3012.site.11, 3, 116, 119
1339327.3.peg.3012.site.12, 0, 120, 120
1339327.3.peg.3012.site.13, 2, 124, 126
1339327.3.peg.3012.site.14, 0, 127, 127
1339327.3.peg.3012.site.15, 20, 130, 150
1339327.3.peg.3012.site.16, 13, 129, 142
1339327.3.peg.3012.site.17, 38, 131, 169
1339327.3.peg.3012.site.18, 21, 132, 153
1339327.3.peg.3012.site.19, 32, 131, 163
1339327.3.peg.3012.site.20, 36, 128, 164
1339327.3.peg.3012.site.21, 103, 131, 234
1339327.3.peg.3012.site.22, 3, 133, 136
1339327.3.peg.3012.site.23, 27, 131, 158
1339327.3.peg.3012.site.24, 39, 130, 169
1339327.3.peg.3012.site.25, 2, 136, 138
1339327.3.peg.3015.site.1, 1, 134, 135
1339327.3.peg.3015.site.2, 10, 137, 147
1339327.3.peg.3015.site.3, 16, 136, 152
1339327.3.peg.3015.site.4, 3, 137, 140
1339327.3.peg.3015.site.5, 39, 137, 176
1339327.3.peg.3015.site.6, 23, 136, 159
1339327.3.peg.3015.site.7, 10, 134, 144
1339327.3.peg.3015.site.8, 5, 137, 142
1339327.3.peg.3015.site.9, 128, 135, 263
1339327.3.peg.3015.site.10, 3, 135, 138
1339327.3.peg.3015.site.11, 5, 134, 139
1339327.3.peg.3015.site.12, 5, 133, 138
1339327.3.peg.3015.site.13, 46, 135, 181
1339327.3.peg.3015.site.14, 56, 136, 192
1339327.3.peg.3015.site.15, 59, 136, 195
1339327.3.peg.3015.site.16, 6, 133, 139
1339327.3.peg.3015.site.17, 2, 135, 137
1339327.3.peg.3015.site.18, 2, 135, 137
1339327.3.peg.3015.site.19, 1, 136, 137
1339327.3.peg.3015.site.20, 5, 135, 140
1339327.3.peg.3015.site.21, 34, 135, 169
1339327.3.peg.3015.site.22, 11, 135, 146
1339327.3.peg.3015.site.23, 5, 131, 136
1339327.3.peg.3014.site.1, 3, 136, 139
1339327.3.peg.3014.site.2, 5, 136, 141
1339327.3.peg.3014.site.3, 8, 135, 143
1339327.3.peg.3014.site.4, 109, 131, 240
1339327.3.peg.3014.site.5, 1, 136, 137
1339327.3.peg.3014.site.6, 0, 137, 137
1339327.3.peg.3014.site.7, 0, 137, 137
1339327.3.peg.3014.site.8, 4, 136, 140
1339327.3.peg.3014.site.9, 83, 135, 218
1339327.3.peg.3014.site.10, 0, 131, 131
1339327.3.peg.3014.site.11, 2, 132, 134
1339327.3.peg.3014.site.12, 26, 127, 153
1339327.3.peg.3014.site.13, 127, 133, 260
1339327.3.peg.3014.site.14, 3, 132, 135
1339327.3.peg.3014.site.15, 11, 133, 144
1339327.3.peg.3014.site.16, 3, 135, 138
1339327.3.peg.3014.site.17, 0, 133, 133
1339327.3.peg.3014.site.18, 113, 134, 247
1339327.3.peg.3014.site.19, 1, 134, 135
1339327.3.peg.3014.site.20, 3, 136, 139
1339327.3.peg.3017.site.1, 3, 137, 140
1339327.3.peg.3017.site.2, 2, 137, 139
1339327.3.peg.3017.site.3, 34, 137, 171
1339327.3.peg.3017.site.4, 0, 135, 135
1339327.3.peg.3017.site.5, 0, 131, 131
1339327.3.peg.3017.site.6, 105, 134, 239
1339327.3.peg.3017.site.7, 114, 136, 250
1339327.3.peg.3017.site.8, 11, 137, 148
1339327.3.peg.3017.site.9, 0, 135, 135
1339327.3.peg.3017.site.10, 0, 133, 133
1339327.3.peg.3017.site.11, 0, 134, 134
1339327.3.peg.3017.site.12, 9, 137, 146
1339327.3.peg.3017.site.13, 5, 136, 141
1339327.3.peg.3017.site.14, 5, 136, 141
1339327.3.peg.3017.site.15, 89, 136, 225
1339327.3.peg.3017.site.16, 9, 135, 144
1339327.3.peg.3017.site.17, 7, 134, 141
1339327.3.peg.3017.site.18, 22, 133, 155
1339327.3.peg.3017.site.19, 19, 136, 155
1339327.3.peg.3017.site.20, 1, 134, 135
1339327.3.peg.3017.site.21, 5, 134, 139
1339327.3.peg.3017.site.22, 3, 134, 137
1339327.3.peg.3017.site.23, 2, 133, 135
1339327.3.peg.3017.site.24, 0, 133, 133
1339327.3.peg.3017.site.25, 2, 134, 136
1339327.3.peg.3016.site.1, 5, 137, 142
1339327.3.peg.3016.site.2, 2, 137, 139
1339327.3.peg.3016.site.3, 4, 136, 140
1339327.3.peg.3016.site.4, 1, 134, 135
1339327.3.peg.3016.site.5, 0, 136, 136
1339327.3.peg.3016.site.6, 106, 137, 243
1339327.3.peg.3016.site.7, 6, 137, 143
1339327.3.peg.3016.site.8, 1, 133, 134
1339327.3.peg.3016.site.9, 25, 136, 161
1339327.3.peg.3016.site.10, 1, 136, 137
1339327.3.peg.3016.site.11, 6, 136, 142
1339327.3.peg.3016.site.12, 4, 137, 141
1339327.3.peg.3016.site.13, 1, 126, 127
1339327.3.peg.3016.site.14, 2, 134, 136
1339327.3.peg.3016.site.15, 107, 133, 240
1339327.3.peg.3016.site.16, 0, 133, 133
1339327.3.peg.3016.site.17, 2, 136, 138
1339327.3.peg.3016.site.18, 3, 135, 138
1339327.3.peg.3016.site.19, 105, 135, 240
1339327.3.peg.3016.site.20, 14, 135, 149
1339327.3.peg.3016.site.21, 4, 132, 136
1339327.3.peg.3016.site.22, 2, 133, 135
1339327.3.peg.3016.site.23, 1, 135, 136
1339327.3.peg.3016.site.24, 24, 136, 160
1339327.3.peg.3016.site.25, 85, 137, 222
1339327.3.peg.3016.site.26, 5, 136, 141
1339327.3.peg.3016.site.27, 3, 134, 137
1339327.3.peg.3019.site.1, 0, 125, 125
1339327.3.peg.3019.site.2, 8, 133, 141
1339327.3.peg.3019.site.3, 123, 133, 256
1339327.3.peg.3019.site.4, 11, 129, 140
1339327.3.peg.3019.site.5, 58, 129, 187
1339327.3.peg.3019.site.6, 3, 136, 139
1339327.3.peg.3019.site.7, 16, 135, 151
1339327.3.peg.3019.site.8, 2, 135, 137
1339327.3.peg.3019.site.9, 10, 132, 142
1339327.3.peg.3019.site.10, 82, 131, 213
1339327.3.peg.3019.site.11, 7, 126, 133
1339327.3.peg.3019.site.12, 0, 122, 122
1339327.3.peg.3019.site.13, 88, 124, 212
1339327.3.peg.3019.site.14, 2, 127, 129
1339327.3.peg.3019.site.15, 6, 133, 139
1339327.3.peg.3019.site.16, 9, 133, 142
1339327.3.peg.3019.site.17, 3, 132, 135
1339327.3.peg.3019.site.18, 0, 132, 132
1339327.3.peg.3019.site.19, 57, 134, 191
1339327.3.peg.3019.site.20, 1, 133, 134
1339327.3.peg.3019.site.21, 17, 135, 152
1339327.3.peg.3019.site.22, 3, 133, 136
1339327.3.peg.3019.site.23, 13, 134, 147
1339327.3.peg.3019.site.24, 1, 133, 134
1339327.3.peg.3019.site.25, 0, 136, 136
1339327.3.peg.3019.site.26, 27, 134, 161
1339327.3.peg.3019.site.27, 15, 135, 150
1339327.3.peg.3019.site.28, 5, 134, 139
1339327.3.peg.3018.site.1, 2, 135, 137
1339327.3.peg.3018.site.2, 1, 134, 135
1339327.3.peg.3018.site.3, 0, 131, 131
1339327.3.peg.3018.site.4, 23, 134, 157
1339327.3.peg.3018.site.5, 16, 135, 151
1339327.3.peg.3018.site.6, 2, 136, 138
1339327.3.peg.3018.site.7, 28, 134, 162
1339327.3.peg.3018.site.8, 22, 133, 155
1339327.3.peg.3018.site.9, 6, 135, 141
1339327.3.peg.3018.site.10, 2, 136, 138
1339327.3.peg.3018.site.11, 47, 136, 183
1339327.3.peg.3018.site.12, 15, 136, 151
1339327.3.peg.3018.site.13, 0, 136, 136
1339327.3.peg.3018.site.14, 2, 134, 136
1339327.3.peg.3018.site.15, 6, 136, 142
1339327.3.peg.3018.site.16, 6, 136, 142
1339327.3.peg.3018.site.17, 56, 136, 192
1339327.3.peg.3018.site.18, 13, 136, 149
1339327.3.peg.3018.site.19, 3, 136, 139
1339327.3.peg.3018.site.20, 3, 136, 139
1339327.3.peg.3018.site.21, 3, 135, 138
1339327.3.peg.3018.site.22, 36, 135, 171
1339327.3.peg.3018.site.23, 7, 136, 143
1339327.3.peg.3018.site.24, 4, 134, 138
1339327.3.peg.3018.site.25, 54, 136, 190
1339327.3.peg.3018.site.26, 9, 135, 144
1339327.3.peg.3018.site.27, 48, 134, 182
1339327.3.peg.3018.site.28, 13, 118, 131
1339327.3.peg.3018.site.29, 5, 107, 112
1339327.3.peg.3018.site.30, 2, 120, 122
1339327.3.peg.2066.site.1, 1, 135, 136
1339327.3.peg.2066.site.2, 2, 136, 138
1339327.3.peg.4768.site.1, 77, 130, 207
1339327.3.peg.4768.site.2, 10, 136, 146
1339327.3.peg.4768.site.3, 7, 136, 143
1339327.3.peg.4768.site.4, 0, 135, 135
1339327.3.peg.4768.site.5, 0, 136, 136
1339327.3.peg.2849.site.1, 3, 133, 136
1339327.3.peg.2849.site.2, 0, 133, 133
1339327.3.peg.2849.site.3, 1, 128, 129
1339327.3.peg.2849.site.4, 3, 132, 135
1339327.3.peg.2849.site.5, 1, 131, 132
1339327.3.peg.2849.site.6, 13, 135, 148
1339327.3.peg.2849.site.7, 3, 136, 139
1339327.3.peg.2849.site.8, 5, 137, 142
1339327.3.peg.2849.site.9, 10, 136, 146
1339327.3.peg.2849.site.10, 4, 136, 140
1339327.3.peg.2849.site.11, 3, 137, 140
1339327.3.peg.2849.site.12, 2, 137, 139
1339327.3.peg.2849.site.13, 3, 133, 136
1339327.3.peg.2849.site.14, 27, 136, 163
1339327.3.peg.1039.site.1, 4, 78, 82
1339327.3.peg.1039.site.2, 5, 71, 76
1339327.3.peg.1039.site.3, 3, 72, 75
1339327.3.peg.1039.site.4, 14, 79, 93
1339327.3.peg.1039.site.5, 39, 90, 129
1339327.3.peg.1039.site.6, 47, 97, 144
1339327.3.peg.1039.site.7, 35, 101, 136
1339327.3.peg.1039.site.8, 42, 108, 150
1339327.3.peg.1039.site.9, 7, 120, 127
1339327.3.peg.1039.site.10, 0, 137, 137
1339327.3.peg.1039.site.11, 2, 137, 139
1339327.3.peg.4563.site.1, 2, 136, 138
1339327.3.peg.4563.site.2, 0, 136, 136
1339327.3.peg.4564.site.1, 5, 135, 140
1339327.3.peg.4564.site.2, 0, 137, 137
1339327.3.peg.4564.site.3, 0, 137, 137
1339327.3.peg.4564.site.4, 5, 137, 142
1339327.3.peg.4564.site.5, 115, 137, 252
1339327.3.peg.4564.site.6, 47, 137, 184
1339327.3.peg.4564.site.7, 33, 136, 169
1339327.3.peg.4564.site.8, 0, 136, 136
1339327.3.peg.4564.site.9, 1, 137, 138
1339327.3.peg.4564.site.10, 4, 136, 140
1339327.3.peg.4564.site.11, 8, 136, 144
1339327.3.peg.4564.site.12, 58, 136, 194
1339327.3.peg.4564.site.13, 5, 137, 142
1339327.3.peg.4564.site.14, 23, 136, 159
1339327.3.peg.4564.site.15, 1, 137, 138
1339327.3.peg.4564.site.16, 0, 137, 137
1339327.3.peg.4564.site.17, 8, 135, 143
1339327.3.peg.4564.site.18, 30, 137, 167
1339327.3.peg.4564.site.19, 44, 137, 181
1339327.3.peg.4564.site.20, 5, 137, 142
1339327.3.peg.4564.site.21, 3, 136, 139
1339327.3.peg.4564.site.22, 2, 135, 137
1339327.3.peg.4564.site.23, 3, 137, 140
1339327.3.peg.4564.site.24, 3, 135, 138
1339327.3.peg.4564.site.25, 80, 136, 216
1339327.3.peg.4564.site.26, 5, 135, 140
1339327.3.peg.4564.site.27, 0, 134, 134
1339327.3.peg.4564.site.28, 0, 137, 137
1339327.3.peg.4564.site.29, 3, 137, 140
1339327.3.peg.4564.site.30, 0, 137, 137
1339327.3.peg.4564.site.31, 9, 137, 146
1339327.3.peg.4564.site.32, 12, 137, 149
1339327.3.peg.4564.site.33, 2, 136, 138
1339327.3.peg.4564.site.34, 2, 137, 139
1339327.3.peg.2848.site.1, 2, 136, 138
1339327.3.peg.2848.site.2, 15, 134, 149
1339327.3.peg.2848.site.3, 1, 133, 134
1339327.3.peg.2848.site.4, 19, 137, 156
1339327.3.peg.2848.site.5, 40, 136, 176
1339327.3.peg.2848.site.6, 3, 134, 137
1339327.3.peg.2848.site.7, 69, 137, 206
1339327.3.peg.2848.site.8, 26, 135, 161
1339327.3.peg.2848.site.9, 11, 132, 143
1339327.3.peg.2848.site.10, 20, 132, 152
1339327.3.peg.2848.site.11, 3, 135, 138
1339327.3.peg.2848.site.12, 77, 135, 212
1339327.3.peg.2848.site.13, 1, 136, 137
1339327.3.peg.2848.site.14, 54, 134, 188
1339327.3.peg.2848.site.15, 4, 136, 140
1339327.3.peg.2848.site.16, 1, 136, 137
1339327.3.peg.2848.site.17, 6, 137, 143
1339327.3.peg.2848.site.18, 9, 136, 145
1339327.3.peg.2848.site.19, 0, 134, 134
1339327.3.peg.2848.site.20, 23, 131, 154
1339327.3.peg.4566.site.1, 0, 137, 137
1339327.3.peg.4566.site.2, 0, 136, 136
1339327.3.peg.4566.site.3, 2, 132, 134
1339327.3.peg.4566.site.4, 7, 133, 140
1339327.3.peg.4566.site.5, 3, 136, 139
1339327.3.peg.4566.site.6, 7, 137, 144
1339327.3.peg.4566.site.7, 28, 133, 161
1339327.3.peg.4566.site.8, 58, 136, 194
1339327.3.peg.873.site.1, 15, 137, 152
1339327.3.peg.873.site.2, 15, 136, 151
1339327.3.peg.873.site.3, 3, 137, 140
1339327.3.peg.873.site.4, 115, 136, 251
1339327.3.peg.873.site.5, 2, 137, 139
1339327.3.peg.873.site.6, 3, 137, 140
1339327.3.peg.873.site.7, 9, 136, 145
1339327.3.peg.873.site.8, 0, 136, 136
1339327.3.peg.873.site.9, 5, 137, 142
1339327.3.peg.873.site.10, 11, 137, 148
1339327.3.peg.873.site.11, 66, 137, 203
1339327.3.peg.873.site.12, 3, 135, 138
1339327.3.peg.873.site.13, 0, 136, 136
1339327.3.peg.873.site.14, 12, 137, 149
1339327.3.peg.873.site.15, 44, 137, 181
1339327.3.peg.873.site.16, 0, 137, 137
1339327.3.peg.873.site.17, 66, 136, 202
1339327.3.peg.872.site.1, 1, 137, 138
1339327.3.peg.872.site.2, 119, 137, 256
1339327.3.peg.872.site.3, 0, 137, 137
1339327.3.peg.872.site.4, 15, 137, 152
1339327.3.peg.872.site.5, 43, 137, 180
1339327.3.peg.872.site.6, 0, 137, 137
1339327.3.peg.872.site.7, 1, 137, 138
1339327.3.peg.870.site.1, 3, 136, 139
1339327.3.peg.870.site.2, 1, 136, 137
1339327.3.peg.870.site.3, 101, 135, 236
1339327.3.peg.870.site.4, 5, 134, 139
1339327.3.peg.870.site.5, 3, 137, 140
1339327.3.peg.870.site.6, 0, 135, 135
1339327.3.peg.877.site.1, 0, 136, 136
1339327.3.peg.877.site.2, 1, 137, 138
1339327.3.peg.877.site.3, 1, 133, 134
1339327.3.peg.877.site.4, 1, 134, 135
1339327.3.peg.877.site.5, 100, 135, 235
1339327.3.peg.877.site.6, 7, 129, 136
1339327.3.peg.877.site.7, 3, 125, 128
1339327.3.peg.877.site.8, 8, 136, 144
1339327.3.peg.877.site.9, 107, 136, 243
1339327.3.peg.877.site.10, 0, 135, 135
1339327.3.peg.877.site.11, 6, 136, 142
1339327.3.peg.877.site.12, 20, 134, 154
1339327.3.peg.877.site.13, 0, 137, 137
1339327.3.peg.877.site.14, 1, 137, 138
1339327.3.peg.877.site.15, 0, 137, 137
1339327.3.peg.876.site.1, 2, 137, 139
1339327.3.peg.876.site.2, 0, 135, 135
1339327.3.peg.876.site.3, 1, 137, 138
1339327.3.peg.876.site.4, 89, 135, 224
1339327.3.peg.876.site.5, 0, 137, 137
1339327.3.peg.876.site.6, 1, 137, 138
1339327.3.peg.876.site.7, 3, 136, 139
1339327.3.peg.876.site.8, 62, 136, 198
1339327.3.peg.876.site.9, 2, 136, 138
1339327.3.peg.876.site.10, 0, 134, 134
1339327.3.peg.876.site.11, 5, 137, 142
1339327.3.peg.876.site.12, 1, 135, 136
1339327.3.peg.876.site.13, 16, 136, 152
1339327.3.peg.876.site.14, 52, 135, 187
1339327.3.peg.876.site.15, 8, 135, 143
1339327.3.peg.876.site.16, 1, 135, 136
1339327.3.peg.876.site.17, 1, 137, 138
1339327.3.peg.876.site.18, 98, 136, 234
1339327.3.peg.876.site.19, 2, 137, 139
1339327.3.peg.875.site.1, 3, 137, 140
1339327.3.peg.875.site.2, 35, 136, 171
1339327.3.peg.875.site.3, 5, 136, 141
1339327.3.peg.875.site.4, 1, 137, 138
1339327.3.peg.875.site.5, 3, 137, 140
1339327.3.peg.875.site.6, 3, 137, 140
1339327.3.peg.875.site.7, 3, 137, 140
1339327.3.peg.875.site.8, 115, 137, 252
1339327.3.peg.875.site.9, 104, 136, 240
1339327.3.peg.874.site.1, 2, 137, 139
1339327.3.peg.874.site.2, 8, 134, 142
1339327.3.peg.874.site.3, 15, 137, 152
1339327.3.peg.874.site.4, 78, 136, 214
1339327.3.peg.874.site.5, 5, 136, 141
1339327.3.peg.874.site.6, 30, 136, 166
1339327.3.peg.874.site.7, 2, 136, 138
1339327.3.peg.874.site.8, 8, 135, 143
1339327.3.peg.874.site.9, 1, 137, 138
1339327.3.peg.874.site.10, 54, 137, 191
1339327.3.peg.874.site.11, 2, 137, 139
1339327.3.peg.874.site.12, 1, 137, 138
1339327.3.peg.874.site.13, 2, 136, 138
1339327.3.peg.874.site.14, 123, 136, 259
1339327.3.peg.874.site.15, 18, 137, 155
1339327.3.peg.874.site.16, 18, 135, 153
1339327.3.peg.874.site.17, 3, 135, 138
1339327.3.peg.874.site.18, 72, 137, 209
1339327.3.peg.4164.site.1, 0, 137, 137
1339327.3.peg.4164.site.2, 5, 137, 142
1339327.3.peg.4164.site.3, 103, 136, 239
1339327.3.peg.4164.site.4, 122, 137, 259
1339327.3.peg.4164.site.5, 8, 136, 144
1339327.3.peg.4164.site.6, 1, 136, 137
1339327.3.peg.4164.site.7, 85, 135, 220
1339327.3.peg.4164.site.8, 3, 136, 139
1339327.3.peg.4164.site.9, 0, 133, 133
1339327.3.peg.4164.site.10, 1, 137, 138
1339327.3.peg.4164.site.11, 41, 135, 176
1339327.3.peg.4165.site.1, 0, 136, 136
1339327.3.peg.4165.site.2, 135, 135, 270
1339327.3.peg.4165.site.3, 2, 135, 137
1339327.3.peg.4165.site.4, 16, 135, 151
1339327.3.peg.4165.site.5, 129, 135, 264
1339327.3.peg.4165.site.6, 1, 136, 137
1339327.3.peg.4165.site.7, 1, 137, 138
1339327.3.peg.4165.site.8, 4, 137, 141
1339327.3.peg.4165.site.9, 9, 136, 145
1339327.3.peg.4165.site.10, 1, 136, 137
1339327.3.peg.4165.site.11, 3, 136, 139
1339327.3.peg.4165.site.12, 7, 135, 142
1339327.3.peg.4165.site.13, 0, 131, 131
1339327.3.peg.4165.site.14, 37, 135, 172
1339327.3.peg.4165.site.15, 5, 134, 139
1339327.3.peg.4165.site.16, 0, 134, 134
1339327.3.peg.4165.site.17, 0, 134, 134
1339327.3.peg.4166.site.1, 5, 135, 140
1339327.3.peg.4166.site.2, 0, 134, 134
1339327.3.peg.4166.site.3, 3, 134, 137
1339327.3.peg.4166.site.4, 0, 136, 136
1339327.3.peg.4166.site.5, 20, 137, 157
1339327.3.peg.4166.site.6, 70, 137, 207
1339327.3.peg.4166.site.7, 1, 137, 138
1339327.3.peg.4166.site.8, 3, 136, 139
1339327.3.peg.4166.site.9, 0, 136, 136
1339327.3.peg.4166.site.10, 2, 137, 139
1339327.3.peg.4166.site.11, 3, 137, 140
1339327.3.peg.4166.site.12, 9, 135, 144
1339327.3.peg.4166.site.13, 3, 136, 139
1339327.3.peg.4166.site.14, 1, 136, 137
1339327.3.peg.4166.site.15, 18, 137, 155
1339327.3.peg.4166.site.16, 0, 137, 137
1339327.3.peg.4166.site.17, 3, 137, 140
1339327.3.peg.4166.site.18, 108, 137, 245
1339327.3.peg.878.site.1, 5, 136, 141
1339327.3.peg.878.site.2, 0, 135, 135
1339327.3.peg.4160.site.1, 17, 91, 108
1339327.3.peg.4160.site.2, 41, 129, 170
1339327.3.peg.4160.site.3, 89, 133, 222
1339327.3.peg.4160.site.4, 97, 136, 233
1339327.3.peg.4160.site.5, 7, 135, 142
1339327.3.peg.4160.site.6, 2, 135, 137
1339327.3.peg.4160.site.7, 1, 136, 137
1339327.3.peg.4160.site.8, 22, 136, 158
1339327.3.peg.4160.site.9, 95, 137, 232
1339327.3.peg.4161.site.1, 2, 136, 138
1339327.3.peg.4161.site.2, 8, 137, 145
1339327.3.peg.4161.site.3, 3, 137, 140
1339327.3.peg.4161.site.4, 11, 136, 147
1339327.3.peg.4161.site.5, 29, 137, 166
1339327.3.peg.4161.site.6, 8, 136, 144
1339327.3.peg.4161.site.7, 7, 133, 140
1339327.3.peg.4161.site.8, 2, 134, 136
1339327.3.peg.4161.site.9, 18, 134, 152
1339327.3.peg.4161.site.10, 5, 135, 140
1339327.3.peg.4161.site.11, 17, 134, 151
1339327.3.peg.4161.site.12, 0, 122, 122
1339327.3.peg.4161.site.13, 10, 115, 125
1339327.3.peg.4161.site.14, 7, 115, 122
1339327.3.peg.4161.site.15, 5, 123, 128
1339327.3.peg.4161.site.16, 2, 128, 130
1339327.3.peg.4161.site.17, 37, 136, 173
1339327.3.peg.4161.site.18, 69, 135, 204
1339327.3.peg.4161.site.19, 13, 135, 148
1339327.3.peg.4161.site.20, 0, 137, 137
1339327.3.peg.4161.site.21, 0, 137, 137
1339327.3.peg.4161.site.22, 12, 136, 148
1339327.3.peg.4161.site.23, 7, 136, 143
1339327.3.peg.4161.site.24, 2, 137, 139
1339327.3.peg.4161.site.25, 7, 136, 143
1339327.3.peg.4161.site.26, 9, 136, 145
1339327.3.peg.4161.site.27, 3, 136, 139
1339327.3.peg.4161.site.28, 1, 133, 134
1339327.3.peg.4161.site.29, 63, 133, 196
1339327.3.peg.4162.site.1, 8, 137, 145
1339327.3.peg.4162.site.2, 2, 136, 138
1339327.3.peg.4162.site.3, 40, 137, 177
1339327.3.peg.4162.site.4, 70, 135, 205
1339327.3.peg.4162.site.5, 2, 137, 139
1339327.3.peg.4162.site.6, 1, 137, 138
1339327.3.peg.4162.site.7, 1, 136, 137
1339327.3.peg.4162.site.8, 13, 136, 149
1339327.3.peg.4162.site.9, 12, 136, 148
1339327.3.peg.4162.site.10, 23, 135, 158
1339327.3.peg.4162.site.11, 57, 135, 192
1339327.3.peg.4162.site.12, 5, 137, 142
1339327.3.peg.4163.site.1, 11, 137, 148
1339327.3.peg.4163.site.2, 0, 137, 137
1339327.3.peg.4163.site.3, 2, 134, 136
1339327.3.peg.4163.site.4, 78, 135, 213
1339327.3.peg.4163.site.5, 0, 130, 130
1339327.3.peg.4163.site.6, 1, 133, 134
1339327.3.peg.4163.site.7, 0, 136, 136
1339327.3.peg.4163.site.8, 78, 136, 214
1339327.3.peg.4163.site.9, 15, 137, 152
1339327.3.peg.4163.site.10, 2, 136, 138
1339327.3.peg.4163.site.11, 0, 135, 135
1339327.3.peg.4019.site.1, 0, 135, 135
1339327.3.peg.4019.site.2, 3, 135, 138
1339327.3.peg.4019.site.3, 3, 137, 140
1339327.3.peg.4019.site.4, 12, 136, 148
1339327.3.peg.4019.site.5, 111, 136, 247
1339327.3.peg.4019.site.6, 108, 137, 245
1339327.3.peg.4019.site.7, 7, 136, 143
1339327.3.peg.4019.site.8, 2, 136, 138
1339327.3.peg.4019.site.9, 101, 136, 237
1339327.3.peg.4019.site.10, 128, 128, 256
1339327.3.peg.4019.site.11, 96, 130, 226
1339327.3.peg.4019.site.12, 6, 121, 127
1339327.3.peg.4019.site.13, 5, 122, 127
1339327.3.peg.4019.site.14, 63, 127, 190
1339327.3.peg.4019.site.15, 3, 130, 133
1339327.3.peg.4019.site.16, 0, 132, 132
1339327.3.peg.4019.site.17, 47, 137, 184
1339327.3.peg.4019.site.18, 5, 137, 142
1339327.3.peg.4019.site.19, 3, 135, 138
1339327.3.peg.4019.site.20, 0, 137, 137
1339327.3.peg.4019.site.21, 14, 136, 150
1339327.3.peg.4019.site.22, 7, 136, 143
1339327.3.peg.4019.site.23, 11, 132, 143
1339327.3.peg.4019.site.24, 2, 136, 138
1339327.3.peg.4019.site.25, 69, 137, 206
1339327.3.peg.4019.site.26, 6, 136, 142
1339327.3.peg.4019.site.27, 2, 135, 137
1339327.3.peg.4019.site.28, 2, 136, 138
1339327.3.peg.4019.site.29, 0, 136, 136
1339327.3.peg.4019.site.30, 10, 136, 146
1339327.3.peg.4019.site.31, 8, 136, 144
1339327.3.peg.4010.site.1, 17, 136, 153
1339327.3.peg.4010.site.2, 10, 137, 147
1339327.3.peg.4010.site.3, 0, 137, 137
1339327.3.peg.4010.site.4, 0, 137, 137
1339327.3.peg.4010.site.5, 2, 137, 139
1339327.3.peg.4011.site.1, 3, 135, 138
1339327.3.peg.4011.site.2, 34, 137, 171
1339327.3.peg.4011.site.3, 1, 137, 138
1339327.3.peg.4011.site.4, 5, 136, 141
1339327.3.peg.4011.site.5, 1, 135, 136
1339327.3.peg.4011.site.6, 11, 135, 146
1339327.3.peg.4011.site.7, 3, 136, 139
1339327.3.peg.4011.site.8, 10, 136, 146
1339327.3.peg.4011.site.9, 0, 137, 137
1339327.3.peg.4011.site.10, 16, 136, 152
1339327.3.peg.4011.site.11, 10, 133, 143
1339327.3.peg.4011.site.12, 3, 136, 139
1339327.3.peg.4011.site.13, 3, 137, 140
1339327.3.peg.4011.site.14, 1, 135, 136
1339327.3.peg.4011.site.15, 17, 137, 154
1339327.3.peg.4011.site.16, 12, 135, 147
1339327.3.peg.4011.site.17, 1, 135, 136
1339327.3.peg.4011.site.18, 0, 133, 133
1339327.3.peg.4011.site.19, 75, 136, 211
1339327.3.peg.4011.site.20, 0, 136, 136
1339327.3.peg.4011.site.21, 5, 136, 141
1339327.3.peg.4011.site.22, 1, 136, 137
1339327.3.peg.4011.site.23, 39, 134, 173
1339327.3.peg.4011.site.24, 0, 134, 134
1339327.3.peg.4011.site.25, 3, 135, 138
1339327.3.peg.4011.site.26, 104, 132, 236
1339327.3.peg.4011.site.27, 3, 133, 136
1339327.3.peg.4011.site.28, 1, 136, 137
1339327.3.peg.4011.site.29, 95, 136, 231
1339327.3.peg.4011.site.30, 3, 137, 140
1339327.3.peg.4011.site.31, 78, 137, 215
1339327.3.peg.4011.site.32, 3, 135, 138
1339327.3.peg.4011.site.33, 49, 135, 184
1339327.3.peg.4012.site.1, 1, 133, 134
1339327.3.peg.4012.site.2, 123, 131, 254
1339327.3.peg.4012.site.3, 1, 133, 134
1339327.3.peg.4012.site.4, 106, 132, 238
1339327.3.peg.4014.site.1, 17, 133, 150
1339327.3.peg.4014.site.2, 107, 132, 239
1339327.3.peg.4014.site.3, 3, 132, 135
1339327.3.peg.4015.site.1, 1, 134, 135
1339327.3.peg.4015.site.2, 38, 133, 171
1339327.3.peg.4015.site.3, 0, 133, 133
1339327.3.peg.4015.site.4, 12, 133, 145
1339327.3.peg.4015.site.5, 7, 131, 138
1339327.3.peg.4015.site.6, 3, 133, 136
1339327.3.peg.4015.site.7, 0, 132, 132
1339327.3.peg.4015.site.8, 1, 131, 132
1339327.3.peg.4015.site.9, 42, 134, 176
1339327.3.peg.4015.site.10, 15, 131, 146
1339327.3.peg.4015.site.11, 3, 131, 134
1339327.3.peg.4015.site.12, 2, 130, 132
1339327.3.peg.4015.site.13, 22, 133, 155
1339327.3.peg.4015.site.14, 3, 130, 133
1339327.3.peg.4015.site.15, 0, 131, 131
1339327.3.peg.4015.site.16, 3, 129, 132
1339327.3.peg.4015.site.17, 0, 131, 131
1339327.3.peg.4015.site.18, 3, 130, 133
1339327.3.peg.4015.site.19, 3, 131, 134
1339327.3.peg.4015.site.20, 5, 133, 138
1339327.3.peg.4015.site.21, 50, 132, 182
1339327.3.peg.4015.site.22, 47, 130, 177
1339327.3.peg.4015.site.23, 3, 131, 134
1339327.3.peg.4015.site.24, 95, 132, 227
1339327.3.peg.5041.site.1, 11, 135, 146
1339327.3.peg.5041.site.2, 3, 134, 137
1339327.3.peg.5041.site.3, 5, 134, 139
1339327.3.peg.5041.site.4, 1, 135, 136
1339327.3.peg.5145.site.1, 4, 137, 141
1339327.3.peg.5145.site.2, 20, 137, 157
1339327.3.peg.5145.site.3, 5, 137, 142
1339327.3.peg.5145.site.4, 1, 137, 138
1339327.3.peg.5145.site.5, 1, 136, 137
1339327.3.peg.5145.site.6, 1, 135, 136
1339327.3.peg.5145.site.7, 5, 128, 133
1339327.3.peg.5145.site.8, 2, 126, 128
1339327.3.peg.5145.site.9, 3, 136, 139
1339327.3.peg.5145.site.10, 4, 135, 139
1339327.3.peg.5145.site.11, 3, 136, 139
1339327.3.peg.5145.site.12, 3, 136, 139
1339327.3.peg.5145.site.13, 2, 137, 139
1339327.3.peg.5145.site.14, 2, 135, 137
1339327.3.peg.5144.site.1, 0, 135, 135
1339327.3.peg.5144.site.2, 0, 135, 135
1339327.3.peg.5144.site.3, 2, 137, 139
1339327.3.peg.5144.site.4, 4, 136, 140
1339327.3.peg.5144.site.5, 1, 137, 138
1339327.3.peg.5144.site.6, 61, 137, 198
1339327.3.peg.5144.site.7, 0, 136, 136
1339327.3.peg.5144.site.8, 7, 136, 143
1339327.3.peg.5147.site.1, 1, 136, 137
1339327.3.peg.5146.site.1, 2, 137, 139
1339327.3.peg.5146.site.2, 8, 137, 145
1339327.3.peg.5146.site.3, 0, 135, 135
1339327.3.peg.5146.site.4, 10, 137, 147
1339327.3.peg.5146.site.5, 15, 135, 150
1339327.3.peg.5146.site.6, 0, 137, 137
1339327.3.peg.5146.site.7, 2, 136, 138
1339327.3.peg.5146.site.8, 0, 135, 135
1339327.3.peg.5146.site.9, 2, 126, 128
1339327.3.peg.5146.site.10, 1, 121, 122
1339327.3.peg.5146.site.11, 0, 127, 127
1339327.3.peg.5146.site.12, 0, 130, 130
1339327.3.peg.5146.site.13, 44, 136, 180
1339327.3.peg.5146.site.14, 1, 137, 138
1339327.3.peg.5146.site.15, 117, 136, 253
1339327.3.peg.5146.site.16, 14, 136, 150
1339327.3.peg.5146.site.17, 1, 137, 138
1339327.3.peg.5146.site.18, 1, 135, 136
1339327.3.peg.5146.site.19, 8, 135, 143
1339327.3.peg.5146.site.20, 127, 136, 263
1339327.3.peg.5146.site.21, 0, 137, 137
1339327.3.peg.5146.site.22, 33, 134, 167
1339327.3.peg.5146.site.23, 3, 136, 139
1339327.3.peg.5146.site.24, 4, 132, 136
1339327.3.peg.5146.site.25, 6, 126, 132
1339327.3.peg.5146.site.26, 3, 133, 136
1339327.3.peg.5146.site.27, 76, 135, 211
1339327.3.peg.5146.site.28, 3, 134, 137
1339327.3.peg.5146.site.29, 4, 137, 141
1339327.3.peg.5146.site.30, 2, 137, 139
1339327.3.peg.5146.site.31, 14, 134, 148
1339327.3.peg.1221.site.1, 14, 137, 151
1339327.3.peg.1221.site.2, 36, 136, 172
1339327.3.peg.1221.site.3, 15, 136, 151
1339327.3.peg.5140.site.1, 4, 135, 139
1339327.3.peg.5140.site.2, 3, 135, 138
1339327.3.peg.5140.site.3, 79, 135, 214
1339327.3.peg.5140.site.4, 110, 137, 247
1339327.3.peg.5140.site.5, 61, 136, 197
1339327.3.peg.5140.site.6, 12, 137, 149
1339327.3.peg.5140.site.7, 0, 136, 136
1339327.3.peg.5140.site.8, 13, 137, 150
1339327.3.peg.5140.site.9, 2, 137, 139
1339327.3.peg.5140.site.10, 4, 137, 141
1339327.3.peg.5140.site.11, 4, 137, 141
1339327.3.peg.5140.site.12, 2, 137, 139
1339327.3.peg.5140.site.13, 6, 135, 141
1339327.3.peg.5140.site.14, 107, 134, 241
1339327.3.peg.5143.site.1, 0, 135, 135
1339327.3.peg.5143.site.2, 5, 134, 139
1339327.3.peg.5143.site.3, 15, 136, 151
1339327.3.peg.5143.site.4, 2, 137, 139
1339327.3.peg.5143.site.5, 48, 137, 185
1339327.3.peg.5143.site.6, 54, 136, 190
1339327.3.peg.5143.site.7, 67, 134, 201
1339327.3.peg.5143.site.8, 27, 135, 162
1339327.3.peg.5143.site.9, 54, 132, 186
1339327.3.peg.5143.site.10, 3, 133, 136
1339327.3.peg.5143.site.11, 2, 136, 138
1339327.3.peg.5143.site.12, 7, 136, 143
1339327.3.peg.5143.site.13, 14, 136, 150
1339327.3.peg.5142.site.1, 1, 134, 135
1339327.3.peg.5142.site.2, 3, 137, 140
1339327.3.peg.5142.site.3, 14, 136, 150
1339327.3.peg.5142.site.4, 30, 136, 166
1339327.3.peg.5142.site.5, 55, 136, 191
1339327.3.peg.5142.site.6, 2, 136, 138
1339327.3.peg.5142.site.7, 7, 137, 144
1339327.3.peg.5142.site.8, 22, 136, 158
1339327.3.peg.5142.site.9, 3, 137, 140
1339327.3.peg.5142.site.10, 5, 137, 142
1339327.3.peg.5142.site.11, 1, 136, 137
1339327.3.peg.4168.site.1, 8, 136, 144
1339327.3.peg.4168.site.2, 5, 135, 140
1339327.3.peg.4168.site.3, 104, 134, 238
1339327.3.peg.4168.site.4, 1, 135, 136
1339327.3.peg.4168.site.5, 31, 136, 167
1339327.3.peg.4168.site.6, 3, 134, 137
1339327.3.peg.4168.site.7, 3, 136, 139
1339327.3.peg.4059.site.1, 4, 136, 140
1339327.3.peg.4059.site.2, 0, 137, 137
1339327.3.peg.4059.site.3, 1, 135, 136
1339327.3.peg.4059.site.4, 3, 129, 132
1339327.3.peg.4059.site.5, 0, 136, 136
1339327.3.peg.4059.site.6, 0, 137, 137
1339327.3.peg.4059.site.7, 24, 137, 161
1339327.3.peg.4059.site.8, 3, 137, 140
1339327.3.peg.4059.site.9, 0, 137, 137
1339327.3.peg.4059.site.10, 32, 136, 168
1339327.3.peg.4059.site.11, 38, 133, 171
1339327.3.peg.3622.site.1, 9, 136, 145
1339327.3.peg.3622.site.2, 5, 136, 141
1339327.3.peg.3622.site.3, 11, 133, 144
1339327.3.peg.3622.site.4, 2, 133, 135
1339327.3.peg.4747.site.1, 27, 136, 163
1339327.3.peg.4747.site.2, 0, 137, 137
1339327.3.peg.4747.site.3, 0, 134, 134
1339327.3.peg.4747.site.4, 1, 134, 135
1339327.3.peg.4747.site.5, 0, 135, 135
1339327.3.peg.4747.site.6, 42, 136, 178
1339327.3.peg.4747.site.7, 2, 136, 138
1339327.3.peg.4747.site.8, 103, 136, 239
1339327.3.peg.4747.site.9, 2, 137, 139
1339327.3.peg.4747.site.10, 2, 136, 138
1339327.3.peg.4747.site.11, 46, 137, 183
1339327.3.peg.4747.site.12, 8, 137, 145
1339327.3.peg.4747.site.13, 3, 135, 138
1339327.3.peg.4747.site.14, 1, 137, 138
1339327.3.peg.4747.site.15, 0, 136, 136
1339327.3.peg.4747.site.16, 1, 137, 138
1339327.3.peg.4747.site.17, 0, 136, 136
1339327.3.peg.4747.site.18, 6, 137, 143
1339327.3.peg.4747.site.19, 98, 134, 232
1339327.3.peg.4747.site.20, 16, 134, 150
1339327.3.peg.4747.site.21, 1, 136, 137
1339327.3.peg.4747.site.22, 1, 136, 137
1339327.3.peg.4747.site.23, 63, 136, 199
1339327.3.peg.1538.site.1, 0, 136, 136
1339327.3.peg.1538.site.2, 4, 137, 141
1339327.3.peg.1538.site.3, 109, 135, 244
1339327.3.peg.1538.site.4, 1, 135, 136
1339327.3.peg.1538.site.5, 5, 136, 141
1339327.3.peg.1538.site.6, 127, 136, 263
1339327.3.peg.1538.site.7, 9, 137, 146
1339327.3.peg.1538.site.8, 61, 137, 198
1339327.3.peg.1538.site.9, 33, 133, 166
1339327.3.peg.1538.site.10, 3, 134, 137
1339327.3.peg.1538.site.11, 10, 133, 143
1339327.3.peg.1538.site.12, 10, 135, 145
1339327.3.peg.1538.site.13, 3, 137, 140
1339327.3.peg.1538.site.14, 35, 137, 172
1339327.3.peg.1538.site.15, 0, 135, 135
1339327.3.peg.1538.site.16, 5, 137, 142
1339327.3.peg.1538.site.17, 0, 135, 135
1339327.3.peg.1538.site.18, 4, 137, 141
1339327.3.peg.1538.site.19, 3, 137, 140
1339327.3.peg.1538.site.20, 7, 137, 144
1339327.3.peg.1538.site.21, 3, 137, 140
1339327.3.peg.1538.site.22, 14, 136, 150
1339327.3.peg.1538.site.23, 75, 136, 211
1339327.3.peg.1538.site.24, 1, 136, 137
1339327.3.peg.1538.site.25, 0, 137, 137
1339327.3.peg.1539.site.1, 5, 134, 139
1339327.3.peg.1539.site.2, 16, 137, 153
1339327.3.peg.1539.site.3, 0, 137, 137
1339327.3.peg.1539.site.4, 9, 135, 144
1339327.3.peg.1539.site.5, 16, 137, 153
1339327.3.peg.1539.site.6, 4, 137, 141
1339327.3.peg.1539.site.7, 3, 137, 140
1339327.3.peg.1539.site.8, 16, 137, 153
1339327.3.peg.1539.site.9, 132, 137, 269
1339327.3.peg.1539.site.10, 4, 137, 141
1339327.3.peg.1539.site.11, 107, 135, 242
1339327.3.peg.1539.site.12, 25, 136, 161
1339327.3.peg.1539.site.13, 2, 134, 136
1339327.3.peg.1539.site.14, 4, 136, 140
1339327.3.peg.1539.site.15, 2, 136, 138
1339327.3.peg.1539.site.16, 1, 136, 137
1339327.3.peg.1539.site.17, 4, 136, 140
1339327.3.peg.1539.site.18, 0, 137, 137
1339327.3.peg.1539.site.19, 33, 137, 170
1339327.3.peg.1539.site.20, 26, 136, 162
1339327.3.peg.1539.site.21, 2, 137, 139
1339327.3.peg.1539.site.22, 67, 135, 202
1339327.3.peg.1539.site.23, 14, 135, 149
1339327.3.peg.1539.site.24, 11, 136, 147
1339327.3.peg.1539.site.25, 5, 137, 142
1339327.3.peg.1539.site.26, 30, 136, 166
1339327.3.peg.1539.site.27, 39, 135, 174
1339327.3.peg.1539.site.28, 2, 135, 137
1339327.3.peg.1539.site.29, 10, 136, 146
1339327.3.peg.1539.site.30, 8, 137, 145
1339327.3.peg.1539.site.31, 29, 137, 166
1339327.3.peg.1539.site.32, 4, 135, 139
1339327.3.peg.1539.site.33, 11, 136, 147
1339327.3.peg.1539.site.34, 5, 136, 141
1339327.3.peg.1539.site.35, 9, 137, 146
1339327.3.peg.1539.site.36, 1, 136, 137
1339327.3.peg.4742.site.1, 8, 135, 143
1339327.3.peg.4742.site.2, 1, 135, 136
1339327.3.peg.4742.site.3, 1, 137, 138
1339327.3.peg.4742.site.4, 2, 137, 139
1339327.3.peg.4742.site.5, 24, 135, 159
1339327.3.peg.4742.site.6, 34, 135, 169
1339327.3.peg.4742.site.7, 1, 136, 137
1339327.3.peg.4742.site.8, 3, 137, 140
1339327.3.peg.4742.site.9, 3, 137, 140
1339327.3.peg.4742.site.10, 4, 137, 141
1339327.3.peg.4742.site.11, 4, 136, 140
1339327.3.peg.4742.site.12, 3, 135, 138
1339327.3.peg.4742.site.13, 15, 136, 151
1339327.3.peg.4742.site.14, 6, 137, 143
1339327.3.peg.4742.site.15, 2, 137, 139
1339327.3.peg.4742.site.16, 0, 137, 137
1339327.3.peg.4742.site.17, 12, 137, 149
1339327.3.peg.4742.site.18, 1, 137, 138
1339327.3.peg.4742.site.19, 56, 136, 192
1339327.3.peg.4742.site.20, 1, 137, 138
1339327.3.peg.4742.site.21, 16, 137, 153
1339327.3.peg.4742.site.22, 3, 137, 140
1339327.3.peg.4742.site.23, 1, 137, 138
1339327.3.peg.4742.site.24, 14, 137, 151
1339327.3.peg.4742.site.25, 0, 137, 137
1339327.3.peg.4742.site.26, 2, 137, 139
1339327.3.peg.4742.site.27, 4, 136, 140
1339327.3.peg.4742.site.28, 95, 136, 231
1339327.3.peg.4742.site.29, 5, 135, 140
1339327.3.peg.4742.site.30, 0, 135, 135
1339327.3.peg.4742.site.31, 33, 137, 170
1339327.3.peg.3623.site.1, 0, 128, 128
1339327.3.peg.3623.site.2, 125, 136, 261
1339327.3.peg.3623.site.3, 1, 136, 137
1339327.3.peg.3623.site.4, 9, 135, 144
1339327.3.peg.1534.site.1, 0, 134, 134
1339327.3.peg.1534.site.2, 0, 135, 135
1339327.3.peg.1534.site.3, 0, 136, 136
1339327.3.peg.1534.site.4, 1, 133, 134
1339327.3.peg.1534.site.5, 4, 135, 139
1339327.3.peg.1534.site.6, 0, 133, 133
1339327.3.peg.1534.site.7, 40, 137, 177
1339327.3.peg.1534.site.8, 13, 137, 150
1339327.3.peg.1534.site.9, 38, 136, 174
1339327.3.peg.1534.site.10, 3, 135, 138
1339327.3.peg.1534.site.11, 4, 137, 141
1339327.3.peg.1534.site.12, 4, 136, 140
1339327.3.peg.1534.site.13, 1, 137, 138
1339327.3.peg.1534.site.14, 3, 137, 140
1339327.3.peg.1534.site.15, 119, 136, 255
1339327.3.peg.1534.site.16, 0, 136, 136
1339327.3.peg.1534.site.17, 8, 136, 144
1339327.3.peg.1534.site.18, 4, 135, 139
1339327.3.peg.1534.site.19, 26, 136, 162
1339327.3.peg.1534.site.20, 0, 135, 135
1339327.3.peg.1534.site.21, 129, 136, 265
1339327.3.peg.1534.site.22, 1, 136, 137
1339327.3.peg.1534.site.23, 0, 130, 130
1339327.3.peg.1536.site.1, 1, 116, 117
1339327.3.peg.1536.site.2, 2, 133, 135
1339327.3.peg.1536.site.3, 10, 133, 143
1339327.3.peg.1536.site.4, 7, 131, 138
1339327.3.peg.1537.site.1, 0, 137, 137
1339327.3.peg.1537.site.2, 108, 134, 242
1339327.3.peg.1537.site.3, 5, 137, 142
1339327.3.peg.1537.site.4, 16, 137, 153
1339327.3.peg.1537.site.5, 4, 135, 139
1339327.3.peg.1537.site.6, 3, 135, 138
1339327.3.peg.1537.site.7, 2, 137, 139
1339327.3.peg.1537.site.8, 3, 134, 137
1339327.3.peg.1537.site.9, 2, 136, 138
1339327.3.peg.1537.site.10, 9, 136, 145
1339327.3.peg.1537.site.11, 12, 137, 149
1339327.3.peg.1537.site.12, 17, 137, 154
1339327.3.peg.1537.site.13, 7, 136, 143
1339327.3.peg.1537.site.14, 106, 135, 241
1339327.3.peg.1537.site.15, 48, 136, 184
1339327.3.peg.1530.site.1, 56, 136, 192
1339327.3.peg.1530.site.2, 1, 137, 138
1339327.3.peg.1530.site.3, 2, 135, 137
1339327.3.peg.1530.site.4, 0, 135, 135
1339327.3.peg.1530.site.5, 1, 135, 136
1339327.3.peg.1530.site.6, 6, 133, 139
1339327.3.peg.1531.site.1, 2, 137, 139
1339327.3.peg.1531.site.2, 58, 137, 195
1339327.3.peg.1531.site.3, 4, 137, 141
1339327.3.peg.1531.site.4, 32, 137, 169
1339327.3.peg.1531.site.5, 98, 137, 235
1339327.3.peg.1531.site.6, 2, 134, 136
1339327.3.peg.1531.site.7, 4, 134, 138
1339327.3.peg.1531.site.8, 0, 134, 134
1339327.3.peg.1531.site.9, 1, 136, 137
1339327.3.peg.1531.site.10, 1, 135, 136
1339327.3.peg.1531.site.11, 1, 135, 136
1339327.3.peg.1531.site.12, 1, 136, 137
1339327.3.peg.1531.site.13, 8, 136, 144
1339327.3.peg.1531.site.14, 10, 136, 146
1339327.3.peg.1531.site.15, 95, 136, 231
1339327.3.peg.1531.site.16, 51, 136, 187
1339327.3.peg.1531.site.17, 27, 137, 164
1339327.3.peg.1531.site.18, 96, 137, 233
1339327.3.peg.1531.site.19, 9, 137, 146
1339327.3.peg.1531.site.20, 1, 137, 138
1339327.3.peg.1531.site.21, 2, 137, 139
1339327.3.peg.1533.site.1, 0, 135, 135
1339327.3.peg.1533.site.2, 1, 137, 138
1339327.3.peg.1533.site.3, 19, 137, 156
1339327.3.peg.1533.site.4, 1, 132, 133
1339327.3.peg.1533.site.5, 3, 117, 120
1339327.3.peg.3621.site.1, 6, 136, 142
1339327.3.peg.3621.site.2, 5, 135, 140
1339327.3.peg.3621.site.3, 5, 137, 142
1339327.3.peg.3621.site.4, 1, 137, 138
1339327.3.peg.3621.site.5, 7, 136, 143
1339327.3.peg.3621.site.6, 36, 134, 170
1339327.3.peg.3621.site.7, 3, 136, 139
1339327.3.peg.3621.site.8, 3, 136, 139
1339327.3.peg.3621.site.9, 63, 136, 199
1339327.3.peg.3621.site.10, 8, 137, 145
1339327.3.peg.3621.site.11, 4, 133, 137
1339327.3.peg.3621.site.12, 6, 131, 137
1339327.3.peg.3621.site.13, 18, 136, 154
1339327.3.peg.3626.site.1, 2, 133, 135
1339327.3.peg.3626.site.2, 2, 136, 138
1339327.3.peg.3627.site.1, 1, 134, 135
1339327.3.peg.3627.site.2, 60, 133, 193
1339327.3.peg.3627.site.3, 2, 136, 138
1339327.3.peg.3627.site.4, 15, 136, 151
1339327.3.peg.3627.site.5, 10, 135, 145
1339327.3.peg.3627.site.6, 0, 136, 136
1339327.3.peg.3627.site.7, 0, 135, 135
1339327.3.peg.3627.site.8, 4, 136, 140
1339327.3.peg.4340.site.1, 11, 135, 146
1339327.3.peg.4340.site.2, 12, 135, 147
1339327.3.peg.4340.site.3, 0, 136, 136
1339327.3.peg.4340.site.4, 3, 135, 138
1339327.3.peg.4340.site.5, 0, 137, 137
1339327.3.peg.4340.site.6, 19, 136, 155
1339327.3.peg.4340.site.7, 11, 136, 147
1339327.3.peg.4340.site.8, 58, 117, 175
1339327.3.peg.4340.site.9, 4, 113, 117
1339327.3.peg.4340.site.10, 6, 125, 131
1339327.3.peg.4340.site.11, 2, 117, 119
1339327.3.peg.4340.site.12, 6, 137, 143
1339327.3.peg.4340.site.13, 46, 136, 182
1339327.3.peg.4340.site.14, 128, 134, 262
1339327.3.peg.4340.site.15, 0, 136, 136
1339327.3.peg.4340.site.16, 1, 135, 136
1339327.3.peg.4341.site.1, 94, 137, 231
1339327.3.peg.4341.site.2, 3, 137, 140
1339327.3.peg.4341.site.3, 7, 137, 144
1339327.3.peg.4341.site.4, 51, 136, 187
1339327.3.peg.4341.site.5, 1, 137, 138
1339327.3.peg.4341.site.6, 114, 137, 251
1339327.3.peg.4341.site.7, 5, 136, 141
1339327.3.peg.4341.site.8, 76, 137, 213
1339327.3.peg.4341.site.9, 12, 136, 148
1339327.3.peg.4341.site.10, 7, 135, 142
1339327.3.peg.4341.site.11, 82, 135, 217
1339327.3.peg.4341.site.12, 0, 136, 136
1339327.3.peg.4341.site.13, 9, 137, 146
1339327.3.peg.4342.site.1, 0, 135, 135
1339327.3.peg.4057.site.1, 5, 134, 139
1339327.3.peg.3624.site.1, 0, 135, 135
1339327.3.peg.4346.site.1, 2, 137, 139
1339327.3.peg.4346.site.2, 0, 137, 137
1339327.3.peg.4346.site.3, 0, 135, 135
1339327.3.peg.4346.site.4, 0, 137, 137
1339327.3.peg.4347.site.1, 0, 136, 136
1339327.3.peg.4348.site.1, 46, 134, 180
1339327.3.peg.4348.site.2, 1, 134, 135
1339327.3.peg.4348.site.3, 29, 135, 164
1339327.3.peg.4348.site.4, 127, 135, 262
1339327.3.peg.4348.site.5, 39, 137, 176
1339327.3.peg.4348.site.6, 3, 135, 138
1339327.3.peg.4050.site.1, 40, 137, 177
1339327.3.peg.4050.site.2, 35, 134, 169
1339327.3.peg.4050.site.3, 4, 136, 140
1339327.3.peg.4050.site.4, 1, 136, 137
1339327.3.peg.4050.site.5, 0, 137, 137
1339327.3.peg.4050.site.6, 96, 136, 232
1339327.3.peg.4050.site.7, 2, 136, 138
1339327.3.peg.4050.site.8, 3, 136, 139
1339327.3.peg.4050.site.9, 3, 137, 140
1339327.3.peg.4050.site.10, 33, 137, 170
1339327.3.peg.4050.site.11, 0, 136, 136
1339327.3.peg.4050.site.12, 8, 134, 142
1339327.3.peg.4050.site.13, 3, 136, 139
1339327.3.peg.4050.site.14, 0, 137, 137
1339327.3.peg.4050.site.15, 1, 137, 138
1339327.3.peg.4050.site.16, 10, 137, 147
1339327.3.peg.4050.site.17, 131, 131, 262
1339327.3.peg.4050.site.18, 3, 135, 138
1339327.3.peg.4050.site.19, 28, 137, 165
1339327.3.peg.4050.site.20, 112, 135, 247
1339327.3.peg.4050.site.21, 5, 136, 141
1339327.3.peg.4050.site.22, 3, 134, 137
1339327.3.peg.4050.site.23, 5, 135, 140
1339327.3.peg.4050.site.24, 0, 134, 134
1339327.3.peg.4050.site.25, 2, 136, 138
1339327.3.peg.4050.site.26, 41, 136, 177
1339327.3.peg.4050.site.27, 0, 133, 133
1339327.3.peg.4050.site.28, 3, 136, 139
1339327.3.peg.4050.site.29, 0, 136, 136
1339327.3.peg.4050.site.30, 32, 135, 167
1339327.3.peg.4050.site.31, 0, 137, 137
1339327.3.peg.4050.site.32, 0, 137, 137
1339327.3.peg.4050.site.33, 2, 136, 138
1339327.3.peg.4050.site.34, 3, 137, 140
1339327.3.peg.4050.site.35, 0, 137, 137
1339327.3.peg.4050.site.36, 0, 135, 135
1339327.3.peg.4050.site.37, 6, 135, 141
1339327.3.peg.4050.site.38, 2, 136, 138
1339327.3.peg.4050.site.39, 16, 137, 153
1339327.3.peg.4050.site.40, 2, 136, 138
1339327.3.peg.4050.site.41, 6, 137, 143
1339327.3.peg.4050.site.42, 2, 137, 139
1339327.3.peg.4050.site.43, 0, 135, 135
1339327.3.peg.4050.site.44, 0, 135, 135
1339327.3.peg.4050.site.45, 10, 136, 146
1339327.3.peg.4050.site.46, 13, 134, 147
1339327.3.peg.4050.site.47, 0, 135, 135
1339327.3.peg.4050.site.48, 2, 136, 138
1339327.3.peg.4050.site.49, 124, 136, 260
1339327.3.peg.4050.site.50, 137, 137, 274
1339327.3.peg.4050.site.51, 0, 136, 136
1339327.3.peg.4050.site.52, 0, 137, 137
1339327.3.peg.4050.site.53, 23, 137, 160
1339327.3.peg.4050.site.54, 0, 137, 137
1339327.3.peg.4050.site.55, 28, 135, 163
1339327.3.peg.4050.site.56, 1, 135, 136
1339327.3.peg.4050.site.57, 24, 136, 160
1339327.3.peg.4050.site.58, 0, 136, 136
1339327.3.peg.4050.site.59, 35, 135, 170
1339327.3.peg.4050.site.60, 26, 136, 162
1339327.3.peg.4050.site.61, 5, 137, 142
1339327.3.peg.4050.site.62, 2, 136, 138
1339327.3.peg.4050.site.63, 3, 136, 139
1339327.3.peg.4050.site.64, 1, 134, 135
1339327.3.peg.3625.site.1, 2, 135, 137
1339327.3.peg.3625.site.2, 10, 134, 144
1339327.3.peg.3625.site.3, 5, 136, 141
1339327.3.peg.3625.site.4, 3, 137, 140
1339327.3.peg.3625.site.5, 97, 137, 234
1339327.3.peg.3625.site.6, 0, 136, 136
1339327.3.peg.3625.site.7, 5, 135, 140
1339327.3.peg.3625.site.8, 5, 134, 139
1339327.3.peg.3625.site.9, 1, 131, 132
1339327.3.peg.3625.site.10, 4, 134, 138
1339327.3.peg.5162.site.1, 2, 136, 138
1339327.3.peg.5162.site.2, 6, 136, 142
1339327.3.peg.5162.site.3, 0, 135, 135
1339327.3.peg.5162.site.4, 0, 135, 135
1339327.3.peg.5162.site.5, 6, 136, 142
1339327.3.peg.5162.site.6, 3, 136, 139
1339327.3.peg.5162.site.7, 0, 136, 136
1339327.3.peg.5162.site.8, 2, 137, 139
1339327.3.peg.5162.site.9, 0, 135, 135
1339327.3.peg.5162.site.10, 0, 136, 136
1339327.3.peg.5162.site.11, 0, 135, 135
1339327.3.peg.5162.site.12, 1, 137, 138
1339327.3.peg.5162.site.13, 12, 137, 149
1339327.3.peg.5162.site.14, 83, 136, 219
1339327.3.peg.5162.site.15, 16, 137, 153
1339327.3.peg.5162.site.16, 2, 137, 139
1339327.3.peg.5162.site.17, 0, 135, 135
1339327.3.peg.5162.site.18, 5, 135, 140
1339327.3.peg.5162.site.19, 43, 134, 177
1339327.3.peg.5162.site.20, 1, 137, 138
1339327.3.peg.5162.site.21, 0, 135, 135
1339327.3.peg.5162.site.22, 0, 135, 135
1339327.3.peg.5162.site.23, 0, 135, 135
1339327.3.peg.5162.site.24, 9, 136, 145
1339327.3.peg.5162.site.25, 48, 134, 182
1339327.3.peg.5162.site.26, 5, 133, 138
1339327.3.peg.5162.site.27, 60, 136, 196
1339327.3.peg.5162.site.28, 2, 135, 137
1339327.3.peg.5162.site.29, 5, 137, 142
1339327.3.peg.5162.site.30, 20, 137, 157
1339327.3.peg.5162.site.31, 20, 137, 157
1339327.3.peg.5162.site.32, 0, 136, 136
1339327.3.peg.5162.site.33, 1, 137, 138
1339327.3.peg.5162.site.34, 1, 137, 138
1339327.3.peg.5162.site.35, 0, 137, 137
1339327.3.peg.5162.site.36, 0, 136, 136
1339327.3.peg.5162.site.37, 16, 137, 153
1339327.3.peg.5162.site.38, 0, 137, 137
1339327.3.peg.5162.site.39, 125, 137, 262
1339327.3.peg.5162.site.40, 12, 137, 149
1339327.3.peg.5162.site.41, 1, 137, 138
1339327.3.peg.5162.site.42, 11, 136, 147
1339327.3.peg.4051.site.1, 37, 136, 173
1339327.3.peg.4051.site.2, 8, 134, 142
1339327.3.peg.3620.site.1, 131, 137, 268
1339327.3.peg.3620.site.2, 131, 137, 268
1339327.3.peg.3620.site.3, 5, 136, 141
1339327.3.peg.5133.site.1, 27, 136, 163
1339327.3.peg.5133.site.2, 21, 137, 158
1339327.3.peg.5133.site.3, 1, 137, 138
1339327.3.peg.5133.site.4, 6, 137, 143
1339327.3.peg.5133.site.5, 0, 135, 135
1339327.3.peg.5133.site.6, 36, 134, 170
1339327.3.peg.1152.site.1, 94, 137, 231
1339327.3.peg.1152.site.2, 82, 136, 218
1339327.3.peg.1152.site.3, 0, 137, 137
1339327.3.peg.1152.site.4, 0, 136, 136
1339327.3.peg.1152.site.5, 3, 137, 140
1339327.3.peg.1152.site.6, 0, 137, 137
1339327.3.peg.1152.site.7, 5, 136, 141
1339327.3.peg.1152.site.8, 11, 137, 148
1339327.3.peg.1152.site.9, 27, 137, 164
1339327.3.peg.1152.site.10, 3, 136, 139
1339327.3.peg.1152.site.11, 45, 137, 182
1339327.3.peg.1152.site.12, 15, 137, 152
1339327.3.peg.1152.site.13, 3, 137, 140
1339327.3.peg.1152.site.14, 5, 137, 142
1339327.3.peg.2758.site.1, 0, 135, 135
1339327.3.peg.2758.site.2, 0, 133, 133
1339327.3.peg.2758.site.3, 12, 135, 147
1339327.3.peg.2758.site.4, 16, 133, 149
1339327.3.peg.2758.site.5, 54, 135, 189
1339327.3.peg.2758.site.6, 41, 134, 175
1339327.3.peg.2758.site.7, 0, 134, 134
1339327.3.peg.2758.site.8, 80, 135, 215
1339327.3.peg.2758.site.9, 126, 135, 261
1339327.3.peg.2758.site.10, 87, 136, 223
1339327.3.peg.2758.site.11, 11, 136, 147
1339327.3.peg.2758.site.12, 13, 137, 150
1339327.3.peg.2758.site.13, 54, 135, 189
1339327.3.peg.2758.site.14, 3, 135, 138
1339327.3.peg.2758.site.15, 2, 135, 137
1339327.3.peg.2758.site.16, 2, 134, 136
1339327.3.peg.2758.site.17, 2, 135, 137
1339327.3.peg.2758.site.18, 3, 137, 140
1339327.3.peg.2758.site.19, 1, 135, 136
1339327.3.peg.2758.site.20, 52, 135, 187
1339327.3.peg.2758.site.21, 1, 134, 135
1339327.3.peg.1150.site.1, 2, 134, 136
1339327.3.peg.1150.site.2, 0, 132, 132
1339327.3.peg.1150.site.3, 3, 131, 134
1339327.3.peg.1150.site.4, 1, 133, 134
1339327.3.peg.1150.site.5, 3, 137, 140
1339327.3.peg.1150.site.6, 66, 134, 200
1339327.3.peg.1150.site.7, 8, 137, 145
1339327.3.peg.1150.site.8, 88, 137, 225
1339327.3.peg.1150.site.9, 6, 137, 143
1339327.3.peg.1150.site.10, 111, 136, 247
1339327.3.peg.1150.site.11, 99, 137, 236
1339327.3.peg.1150.site.12, 12, 135, 147
1339327.3.peg.1150.site.13, 5, 136, 141
1339327.3.peg.1150.site.14, 0, 136, 136
1339327.3.peg.1150.site.15, 2, 137, 139
1339327.3.peg.1150.site.16, 0, 137, 137
1339327.3.peg.1150.site.17, 8, 137, 145
1339327.3.peg.1150.site.18, 15, 136, 151
1339327.3.peg.1150.site.19, 3, 136, 139
1339327.3.peg.1150.site.20, 4, 135, 139
1339327.3.peg.1151.site.1, 0, 137, 137
1339327.3.peg.1151.site.2, 0, 137, 137
1339327.3.peg.1151.site.3, 67, 137, 204
1339327.3.peg.1151.site.4, 36, 136, 172
1339327.3.peg.1151.site.5, 4, 137, 141
1339327.3.peg.1151.site.6, 129, 137, 266
1339327.3.peg.1151.site.7, 5, 136, 141
1339327.3.peg.1151.site.8, 74, 135, 209
1339327.3.peg.1151.site.9, 4, 136, 140
1339327.3.peg.1151.site.10, 7, 136, 143
1339327.3.peg.1156.site.1, 9, 137, 146
1339327.3.peg.1156.site.2, 0, 137, 137
1339327.3.peg.1156.site.3, 23, 136, 159
1339327.3.peg.1156.site.4, 41, 136, 177
1339327.3.peg.1156.site.5, 9, 137, 146
1339327.3.peg.1156.site.6, 14, 136, 150
1339327.3.peg.1156.site.7, 9, 137, 146
1339327.3.peg.1157.site.1, 7, 136, 143
1339327.3.peg.1157.site.2, 0, 135, 135
1339327.3.peg.1157.site.3, 0, 137, 137
1339327.3.peg.1157.site.4, 8, 137, 145
1339327.3.peg.1154.site.1, 0, 133, 133
1339327.3.peg.1154.site.2, 1, 133, 134
1339327.3.peg.1154.site.3, 80, 132, 212
1339327.3.peg.1154.site.4, 0, 133, 133
1339327.3.peg.1154.site.5, 3, 134, 137
1339327.3.peg.1154.site.6, 19, 134, 153
1339327.3.peg.1154.site.7, 3, 134, 137
1339327.3.peg.1154.site.8, 3, 131, 134
1339327.3.peg.1154.site.9, 62, 130, 192
1339327.3.peg.1155.site.1, 14, 136, 150
1339327.3.peg.1155.site.2, 8, 136, 144
1339327.3.peg.1155.site.3, 8, 137, 145
1339327.3.peg.1155.site.4, 0, 137, 137
1339327.3.peg.1155.site.5, 50, 135, 185
1339327.3.peg.2751.site.1, 1, 122, 123
1339327.3.peg.1158.site.1, 3, 136, 139
1339327.3.peg.1158.site.2, 2, 136, 138
1339327.3.peg.1158.site.3, 29, 135, 164
1339327.3.peg.1158.site.4, 5, 137, 142
1339327.3.peg.1158.site.5, 16, 137, 153
1339327.3.peg.1158.site.6, 45, 137, 182
1339327.3.peg.1158.site.7, 3, 137, 140
1339327.3.peg.1158.site.8, 48, 137, 185
1339327.3.peg.1158.site.9, 35, 136, 171
1339327.3.peg.1158.site.10, 5, 137, 142
1339327.3.peg.1158.site.11, 8, 137, 145
1339327.3.peg.1158.site.12, 11, 137, 148
1339327.3.peg.1158.site.13, 3, 135, 138
1339327.3.peg.1158.site.14, 2, 136, 138
1339327.3.peg.1158.site.15, 60, 137, 197
1339327.3.peg.1158.site.16, 8, 135, 143
1339327.3.peg.1158.site.17, 3, 137, 140
1339327.3.peg.1158.site.18, 27, 136, 163
1339327.3.peg.1158.site.19, 15, 136, 151
1339327.3.peg.1158.site.20, 16, 137, 153
1339327.3.peg.1158.site.21, 1, 136, 137
1339327.3.peg.1158.site.22, 7, 136, 143
1339327.3.peg.1158.site.23, 2, 137, 139
1339327.3.peg.1158.site.24, 3, 135, 138
1339327.3.peg.1158.site.25, 30, 135, 165
1339327.3.peg.1158.site.26, 61, 135, 196
1339327.3.peg.1158.site.27, 0, 137, 137
1339327.3.peg.1158.site.28, 0, 137, 137
1339327.3.peg.1158.site.29, 1, 135, 136
1339327.3.peg.1158.site.30, 2, 137, 139
1339327.3.peg.1158.site.31, 12, 136, 148
1339327.3.peg.1158.site.32, 36, 136, 172
1339327.3.peg.1158.site.33, 3, 137, 140
1339327.3.peg.1158.site.34, 10, 135, 145
1339327.3.peg.1158.site.35, 2, 135, 137
1339327.3.peg.1158.site.36, 0, 137, 137
1339327.3.peg.1159.site.1, 2, 136, 138
1339327.3.peg.1159.site.2, 32, 137, 169
1339327.3.peg.1159.site.3, 5, 136, 141
1339327.3.peg.1159.site.4, 15, 137, 152
1339327.3.peg.1159.site.5, 0, 136, 136
1339327.3.peg.1159.site.6, 71, 137, 208
1339327.3.peg.1159.site.7, 36, 137, 173
1339327.3.peg.1159.site.8, 8, 136, 144
1339327.3.peg.1159.site.9, 1, 136, 137
1339327.3.peg.1159.site.10, 7, 135, 142
1339327.3.peg.1159.site.11, 129, 129, 258
1339327.3.peg.1159.site.12, 4, 135, 139
1339327.3.peg.1159.site.13, 15, 137, 152
1339327.3.peg.1159.site.14, 0, 137, 137
1339327.3.peg.1159.site.15, 4, 136, 140
1339327.3.peg.1159.site.16, 2, 136, 138
1339327.3.peg.2755.site.1, 20, 133, 153
1339327.3.peg.2754.site.1, 0, 137, 137
1339327.3.peg.2754.site.2, 0, 136, 136
1339327.3.peg.2754.site.3, 29, 135, 164
1339327.3.peg.2754.site.4, 21, 137, 158
1339327.3.peg.2754.site.5, 0, 136, 136
1339327.3.peg.2757.site.1, 1, 134, 135
1339327.3.peg.2757.site.2, 28, 129, 157
1339327.3.peg.2757.site.3, 3, 134, 137
1339327.3.peg.2757.site.4, 0, 133, 133
1339327.3.peg.2757.site.5, 13, 137, 150
1339327.3.peg.2757.site.6, 0, 131, 131
1339327.3.peg.2757.site.7, 1, 135, 136
1339327.3.peg.2757.site.8, 130, 130, 260
1339327.3.peg.2757.site.9, 67, 135, 202
1339327.3.peg.2757.site.10, 2, 134, 136
1339327.3.peg.2757.site.11, 0, 136, 136
1339327.3.peg.2757.site.12, 130, 136, 266
1339327.3.peg.2757.site.13, 0, 135, 135
1339327.3.peg.2757.site.14, 6, 135, 141
1339327.3.peg.2757.site.15, 75, 135, 210
1339327.3.peg.2757.site.16, 53, 127, 180
1339327.3.peg.2757.site.17, 0, 135, 135
1339327.3.peg.2757.site.18, 1, 135, 136
1339327.3.peg.2757.site.19, 1, 137, 138
1339327.3.peg.2757.site.20, 0, 135, 135
1339327.3.peg.2757.site.21, 1, 136, 137
1339327.3.peg.2757.site.22, 1, 137, 138
1339327.3.peg.2757.site.23, 12, 137, 149
1339327.3.peg.2757.site.24, 37, 135, 172
1339327.3.peg.2757.site.25, 5, 136, 141
1339327.3.peg.2757.site.26, 1, 136, 137
1339327.3.peg.2757.site.27, 16, 136, 152
1339327.3.peg.2757.site.28, 3, 137, 140
1339327.3.peg.2757.site.29, 28, 137, 165
1339327.3.peg.2757.site.30, 5, 136, 141
1339327.3.peg.2757.site.31, 2, 136, 138
1339327.3.peg.2757.site.32, 0, 135, 135
1339327.3.peg.2757.site.33, 1, 134, 135
1339327.3.peg.2757.site.34, 22, 134, 156
1339327.3.peg.2757.site.35, 1, 133, 134
1339327.3.peg.2756.site.1, 4, 131, 135
1339327.3.peg.2756.site.2, 0, 130, 130
1339327.3.peg.2756.site.3, 50, 134, 184
1339327.3.peg.2756.site.4, 5, 135, 140
1339327.3.peg.2756.site.5, 3, 136, 139
1339327.3.peg.2756.site.6, 0, 136, 136
1339327.3.peg.2756.site.7, 7, 135, 142
1339327.3.peg.2756.site.8, 1, 135, 136
1339327.3.peg.2756.site.9, 1, 134, 135
1339327.3.peg.2756.site.10, 1, 136, 137
1339327.3.peg.2199.site.1, 0, 136, 136
1339327.3.peg.2199.site.2, 16, 134, 150
1339327.3.peg.2199.site.3, 2, 133, 135
1339327.3.peg.2199.site.4, 12, 135, 147
1339327.3.peg.2199.site.5, 2, 135, 137
1339327.3.peg.2199.site.6, 22, 136, 158
1339327.3.peg.2199.site.7, 8, 133, 141
1339327.3.peg.2199.site.8, 2, 132, 134
1339327.3.peg.2199.site.9, 3, 134, 137
1339327.3.peg.2199.site.10, 4, 136, 140
1339327.3.peg.2199.site.11, 2, 136, 138
1339327.3.peg.2199.site.12, 28, 135, 163
1339327.3.peg.2199.site.13, 8, 137, 145
1339327.3.peg.2199.site.14, 0, 136, 136
1339327.3.peg.2199.site.15, 0, 136, 136
1339327.3.peg.2197.site.1, 20, 134, 154
1339327.3.peg.2197.site.2, 8, 136, 144
1339327.3.peg.2197.site.3, 12, 135, 147
1339327.3.peg.2197.site.4, 4, 137, 141
1339327.3.peg.2196.site.1, 2, 127, 129
1339327.3.peg.2196.site.2, 2, 137, 139
1339327.3.peg.2195.site.1, 4, 136, 140
1339327.3.peg.2195.site.2, 30, 135, 165
1339327.3.peg.2195.site.3, 13, 136, 149
1339327.3.peg.2195.site.4, 0, 135, 135
1339327.3.peg.2195.site.5, 1, 135, 136
1339327.3.peg.2195.site.6, 1, 134, 135
1339327.3.peg.2195.site.7, 1, 137, 138
1339327.3.peg.2195.site.8, 25, 136, 161
1339327.3.peg.2195.site.9, 3, 137, 140
1339327.3.peg.2195.site.10, 7, 137, 144
1339327.3.peg.2195.site.11, 3, 135, 138
1339327.3.peg.2195.site.12, 0, 137, 137
1339327.3.peg.2195.site.13, 0, 136, 136
1339327.3.peg.2194.site.1, 43, 131, 174
1339327.3.peg.2194.site.2, 96, 131, 227
1339327.3.peg.2194.site.3, 2, 137, 139
1339327.3.peg.2194.site.4, 1, 136, 137
1339327.3.peg.2194.site.5, 1, 135, 136
1339327.3.peg.2194.site.6, 100, 137, 237
1339327.3.peg.2194.site.7, 2, 135, 137
1339327.3.peg.2194.site.8, 3, 135, 138
1339327.3.peg.2194.site.9, 4, 137, 141
1339327.3.peg.2194.site.10, 100, 136, 236
1339327.3.peg.2194.site.11, 0, 135, 135
1339327.3.peg.2194.site.12, 3, 134, 137
1339327.3.peg.2192.site.1, 63, 137, 200
1339327.3.peg.2192.site.2, 12, 135, 147
1339327.3.peg.2192.site.3, 0, 137, 137
1339327.3.peg.2192.site.4, 71, 132, 203
1339327.3.peg.2192.site.5, 10, 134, 144
1339327.3.peg.2192.site.6, 0, 135, 135
1339327.3.peg.2192.site.7, 6, 136, 142
1339327.3.peg.2192.site.8, 2, 136, 138
1339327.3.peg.2192.site.9, 1, 137, 138
1339327.3.peg.2192.site.10, 8, 136, 144
1339327.3.peg.2192.site.11, 7, 135, 142
1339327.3.peg.2192.site.12, 109, 134, 243
1339327.3.peg.2191.site.1, 3, 135, 138
1339327.3.peg.2191.site.2, 7, 135, 142
1339327.3.peg.2191.site.3, 7, 135, 142
1339327.3.peg.2191.site.4, 18, 136, 154
1339327.3.peg.2191.site.5, 3, 136, 139
1339327.3.peg.2191.site.6, 61, 136, 197
1339327.3.peg.2191.site.7, 20, 136, 156
1339327.3.peg.2191.site.8, 2, 135, 137
1339327.3.peg.2191.site.9, 12, 135, 147
1339327.3.peg.2191.site.10, 0, 136, 136
1339327.3.peg.2191.site.11, 2, 135, 137
1339327.3.peg.2191.site.12, 0, 136, 136
1339327.3.peg.2191.site.13, 3, 137, 140
1339327.3.peg.2191.site.14, 3, 137, 140
1339327.3.peg.2191.site.15, 9, 133, 142
1339327.3.peg.2191.site.16, 35, 135, 170
1339327.3.peg.2191.site.17, 0, 137, 137
1339327.3.peg.2191.site.18, 9, 135, 144
1339327.3.peg.2191.site.19, 16, 136, 152
1339327.3.peg.2191.site.20, 8, 135, 143
1339327.3.peg.2191.site.21, 3, 136, 139
1339327.3.peg.2191.site.22, 18, 136, 154
1339327.3.peg.2191.site.23, 6, 136, 142
1339327.3.peg.2191.site.24, 12, 136, 148
1339327.3.peg.2191.site.25, 1, 135, 136
1339327.3.peg.2191.site.26, 2, 133, 135
1339327.3.peg.2191.site.27, 3, 134, 137
1339327.3.peg.2191.site.28, 1, 131, 132
1339327.3.peg.2191.site.29, 0, 130, 130
1339327.3.peg.2191.site.30, 3, 133, 136
1339327.3.peg.2191.site.31, 0, 134, 134
1339327.3.peg.2190.site.1, 3, 135, 138
1339327.3.peg.2190.site.2, 1, 134, 135
1339327.3.peg.2190.site.3, 5, 133, 138
1339327.3.peg.5044.site.1, 0, 136, 136
1339327.3.peg.5044.site.2, 17, 135, 152
1339327.3.peg.5044.site.3, 0, 135, 135
1339327.3.peg.5044.site.4, 17, 134, 151
1339327.3.peg.5044.site.5, 19, 135, 154
1339327.3.peg.5044.site.6, 5, 136, 141
1339327.3.peg.5044.site.7, 1, 136, 137
1339327.3.peg.5044.site.8, 11, 136, 147
1339327.3.peg.5044.site.9, 51, 136, 187
1339327.3.peg.5044.site.10, 67, 135, 202
1339327.3.peg.5044.site.11, 3, 135, 138
1339327.3.peg.5044.site.12, 0, 136, 136
1339327.3.peg.5044.site.13, 65, 137, 202
1339327.3.peg.5044.site.14, 1, 135, 136
1339327.3.peg.5044.site.15, 66, 137, 203
1339327.3.peg.5044.site.16, 2, 136, 138
1339327.3.peg.5044.site.17, 0, 136, 136
1339327.3.peg.5044.site.18, 14, 137, 151
1339327.3.peg.5044.site.19, 33, 136, 169
1339327.3.peg.5044.site.20, 33, 136, 169
1339327.3.peg.5044.site.21, 21, 137, 158
1339327.3.peg.5044.site.22, 1, 137, 138
1339327.3.peg.5044.site.23, 24, 136, 160
1339327.3.peg.5044.site.24, 21, 136, 157
1339327.3.peg.5044.site.25, 0, 135, 135
1339327.3.peg.5044.site.26, 18, 135, 153
1339327.3.peg.5044.site.27, 2, 137, 139
1339327.3.peg.5044.site.28, 1, 136, 137
1339327.3.peg.5044.site.29, 5, 136, 141
1339327.3.peg.5044.site.30, 0, 136, 136
1339327.3.peg.5044.site.31, 8, 136, 144
1339327.3.peg.5044.site.32, 0, 136, 136
1339327.3.peg.5044.site.33, 2, 136, 138
1339327.3.peg.5044.site.34, 19, 137, 156
1339327.3.peg.3578.site.1, 50, 128, 178
1339327.3.peg.3578.site.2, 0, 129, 129
1339327.3.peg.3578.site.3, 22, 127, 149
1339327.3.peg.3578.site.4, 3, 128, 131
1339327.3.peg.3578.site.5, 11, 129, 140
1339327.3.peg.3578.site.6, 3, 129, 132
1339327.3.peg.3578.site.7, 57, 128, 185
1339327.3.peg.3578.site.8, 8, 137, 145
1339327.3.peg.3578.site.9, 2, 136, 138
1339327.3.peg.3578.site.10, 1, 135, 136
1339327.3.peg.3578.site.11, 10, 135, 145
1339327.3.peg.3579.site.1, 1, 126, 127
1339327.3.peg.3579.site.2, 30, 113, 143
1339327.3.peg.3579.site.3, 1, 92, 93
1339327.3.peg.3579.site.4, 0, 82, 82
1339327.3.peg.3579.site.5, 33, 81, 114
1339327.3.peg.3579.site.6, 2, 103, 105
1339327.3.peg.3579.site.7, 0, 127, 127
1339327.3.peg.2579.site.1, 23, 133, 156
1339327.3.peg.2579.site.2, 3, 136, 139
1339327.3.peg.2579.site.3, 0, 131, 131
1339327.3.peg.2579.site.4, 13, 131, 144
1339327.3.peg.2579.site.5, 5, 134, 139
1339327.3.peg.2579.site.6, 1, 136, 137
1339327.3.peg.2579.site.7, 0, 137, 137
1339327.3.peg.2579.site.8, 5, 136, 141
1339327.3.peg.2579.site.9, 81, 136, 217
1339327.3.peg.2579.site.10, 0, 136, 136
1339327.3.peg.2579.site.11, 63, 135, 198
1339327.3.peg.2578.site.1, 0, 136, 136
1339327.3.peg.2578.site.2, 106, 106, 212
1339327.3.peg.2578.site.3, 71, 135, 206
1339327.3.peg.2578.site.4, 0, 135, 135
1339327.3.peg.2578.site.5, 0, 135, 135
1339327.3.peg.2578.site.6, 34, 135, 169
1339327.3.peg.2578.site.7, 0, 135, 135
1339327.3.peg.2578.site.8, 129, 136, 265
1339327.3.peg.2578.site.9, 5, 135, 140
1339327.3.peg.2578.site.10, 1, 136, 137
1339327.3.peg.2578.site.11, 1, 135, 136
1339327.3.peg.2578.site.12, 1, 135, 136
1339327.3.peg.2578.site.13, 3, 134, 137
1339327.3.peg.2578.site.14, 3, 130, 133
1339327.3.peg.2578.site.15, 2, 131, 133
1339327.3.peg.2578.site.16, 0, 130, 130
1339327.3.peg.2578.site.17, 17, 135, 152
1339327.3.peg.5045.site.1, 72, 136, 208
1339327.3.peg.5045.site.2, 107, 137, 244
1339327.3.peg.5045.site.3, 44, 137, 181
1339327.3.peg.5045.site.4, 3, 136, 139
1339327.3.peg.5045.site.5, 41, 136, 177
1339327.3.peg.5045.site.6, 13, 136, 149
1339327.3.peg.5045.site.7, 2, 137, 139
1339327.3.peg.3572.site.1, 123, 136, 259
1339327.3.peg.3572.site.2, 1, 136, 137
1339327.3.peg.3572.site.3, 1, 135, 136
1339327.3.peg.3572.site.4, 1, 136, 137
1339327.3.peg.3572.site.5, 22, 137, 159
1339327.3.peg.3573.site.1, 1, 135, 136
1339327.3.peg.3573.site.2, 3, 135, 138
1339327.3.peg.3573.site.3, 1, 134, 135
1339327.3.peg.3573.site.4, 2, 137, 139
1339327.3.peg.3573.site.5, 2, 137, 139
1339327.3.peg.3573.site.6, 2, 137, 139
1339327.3.peg.3573.site.7, 1, 130, 131
1339327.3.peg.3573.site.8, 8, 130, 138
1339327.3.peg.3573.site.9, 2, 126, 128
1339327.3.peg.3573.site.10, 20, 137, 157
1339327.3.peg.3573.site.11, 3, 136, 139
1339327.3.peg.3573.site.12, 1, 136, 137
1339327.3.peg.3573.site.13, 3, 133, 136
1339327.3.peg.3573.site.14, 7, 136, 143
1339327.3.peg.3573.site.15, 30, 134, 164
1339327.3.peg.3573.site.16, 1, 134, 135
1339327.3.peg.3573.site.17, 113, 134, 247
1339327.3.peg.3573.site.18, 2, 133, 135
1339327.3.peg.3573.site.19, 38, 135, 173
1339327.3.peg.3573.site.20, 17, 133, 150
1339327.3.peg.3573.site.21, 14, 135, 149
1339327.3.peg.3573.site.22, 5, 136, 141
1339327.3.peg.3573.site.23, 3, 134, 137
1339327.3.peg.3573.site.24, 38, 130, 168
1339327.3.peg.3573.site.25, 4, 133, 137
1339327.3.peg.3573.site.26, 5, 134, 139
1339327.3.peg.3573.site.27, 1, 136, 137
1339327.3.peg.3573.site.28, 9, 135, 144
1339327.3.peg.2577.site.1, 82, 135, 217
1339327.3.peg.2577.site.2, 0, 135, 135
1339327.3.peg.2577.site.3, 0, 136, 136
1339327.3.peg.2577.site.4, 3, 131, 134
1339327.3.peg.2577.site.5, 9, 131, 140
1339327.3.peg.2577.site.6, 2, 130, 132
1339327.3.peg.2577.site.7, 0, 123, 123
1339327.3.peg.2576.site.1, 2, 133, 135
1339327.3.peg.2576.site.2, 0, 133, 133
1339327.3.peg.2576.site.3, 0, 134, 134
1339327.3.peg.2576.site.4, 7, 129, 136
1339327.3.peg.2576.site.5, 1, 135, 136
1339327.3.peg.2576.site.6, 0, 135, 135
1339327.3.peg.2571.site.1, 2, 135, 137
1339327.3.peg.2571.site.2, 40, 133, 173
1339327.3.peg.2571.site.3, 1, 136, 137
1339327.3.peg.2571.site.4, 5, 135, 140
1339327.3.peg.2570.site.1, 13, 135, 148
1339327.3.peg.2570.site.2, 0, 136, 136
1339327.3.peg.2570.site.3, 85, 135, 220
1339327.3.peg.2570.site.4, 2, 137, 139
1339327.3.peg.2573.site.1, 1, 136, 137
1339327.3.peg.2573.site.2, 27, 136, 163
1339327.3.peg.2573.site.3, 0, 134, 134
1339327.3.peg.2573.site.4, 116, 116, 232
1339327.3.peg.2573.site.5, 14, 132, 146
1339327.3.peg.2573.site.6, 3, 132, 135
1339327.3.peg.2573.site.7, 8, 135, 143
1339327.3.peg.2573.site.8, 0, 134, 134
1339327.3.peg.2573.site.9, 76, 134, 210
1339327.3.peg.2573.site.10, 1, 134, 135
1339327.3.peg.2573.site.11, 5, 136, 141
1339327.3.peg.2573.site.12, 1, 135, 136
1339327.3.peg.2573.site.13, 46, 136, 182
1339327.3.peg.2573.site.14, 26, 135, 161
1339327.3.peg.2573.site.15, 3, 135, 138
1339327.3.peg.2573.site.16, 0, 135, 135
1339327.3.peg.2573.site.17, 5, 136, 141
1339327.3.peg.2573.site.18, 15, 137, 152
1339327.3.peg.2573.site.19, 63, 137, 200
1339327.3.peg.2573.site.20, 2, 137, 139
1339327.3.peg.2573.site.21, 0, 136, 136
1339327.3.peg.2573.site.22, 25, 137, 162
1339327.3.peg.2573.site.23, 9, 137, 146
1339327.3.peg.2573.site.24, 4, 134, 138
1339327.3.peg.2572.site.1, 2, 133, 135
1339327.3.peg.2572.site.2, 5, 132, 137
1339327.3.peg.2572.site.3, 17, 135, 152
1339327.3.peg.2572.site.4, 1, 134, 135
1339327.3.peg.2572.site.5, 0, 133, 133
1339327.3.peg.2572.site.6, 2, 135, 137
1339327.3.peg.2572.site.7, 2, 130, 132
1339327.3.peg.2283.site.1, 3, 134, 137
1339327.3.peg.2283.site.2, 3, 137, 140
1339327.3.peg.2283.site.3, 3, 136, 139
1339327.3.peg.2283.site.4, 3, 135, 138
1339327.3.peg.2283.site.5, 6, 135, 141
1339327.3.peg.2283.site.6, 0, 136, 136
1339327.3.peg.2283.site.7, 41, 134, 175
1339327.3.peg.2283.site.8, 4, 136, 140
1339327.3.peg.2283.site.9, 26, 133, 159
1339327.3.peg.2283.site.10, 7, 134, 141
1339327.3.peg.2283.site.11, 32, 133, 165
1339327.3.peg.2283.site.12, 6, 136, 142
1339327.3.peg.2283.site.13, 9, 135, 144
1339327.3.peg.2283.site.14, 29, 135, 164
1339327.3.peg.2282.site.1, 0, 135, 135
1339327.3.peg.2282.site.2, 0, 135, 135
1339327.3.peg.2282.site.3, 6, 136, 142
1339327.3.peg.2282.site.4, 43, 133, 176
1339327.3.peg.2282.site.5, 3, 137, 140
1339327.3.peg.2282.site.6, 15, 137, 152
1339327.3.peg.2282.site.7, 5, 137, 142
1339327.3.peg.2282.site.8, 71, 137, 208
1339327.3.peg.2282.site.9, 0, 137, 137
1339327.3.peg.2282.site.10, 29, 136, 165
1339327.3.peg.2282.site.11, 2, 136, 138
1339327.3.peg.2282.site.12, 1, 136, 137
1339327.3.peg.2282.site.13, 0, 136, 136
1339327.3.peg.2282.site.14, 16, 135, 151
1339327.3.peg.2282.site.15, 3, 135, 138
1339327.3.peg.2282.site.16, 21, 135, 156
1339327.3.peg.2282.site.17, 82, 135, 217
1339327.3.peg.2282.site.18, 0, 137, 137
1339327.3.peg.2282.site.19, 3, 135, 138
1339327.3.peg.2282.site.20, 3, 137, 140
1339327.3.peg.2282.site.21, 0, 137, 137
1339327.3.peg.2282.site.22, 5, 135, 140
1339327.3.peg.2282.site.23, 54, 136, 190
1339327.3.peg.2282.site.24, 40, 132, 172
1339327.3.peg.2282.site.25, 50, 137, 187
1339327.3.peg.2282.site.26, 54, 135, 189
1339327.3.peg.2282.site.27, 1, 136, 137
1339327.3.peg.2282.site.28, 1, 134, 135
1339327.3.peg.2282.site.29, 4, 136, 140
1339327.3.peg.2282.site.30, 101, 135, 236
1339327.3.peg.2282.site.31, 115, 135, 250
1339327.3.peg.2282.site.32, 0, 135, 135
1339327.3.peg.2282.site.33, 1, 137, 138
1339327.3.peg.2282.site.34, 96, 137, 233
1339327.3.peg.2282.site.35, 11, 137, 148
1339327.3.peg.2282.site.36, 13, 134, 147
1339327.3.peg.2282.site.37, 4, 136, 140
1339327.3.peg.2282.site.38, 3, 133, 136
1339327.3.peg.2282.site.39, 23, 134, 157
1339327.3.peg.2282.site.40, 121, 136, 257
1339327.3.peg.2282.site.41, 15, 133, 148
1339327.3.peg.2281.site.1, 0, 134, 134
1339327.3.peg.2281.site.2, 2, 135, 137
1339327.3.peg.2281.site.3, 68, 135, 203
1339327.3.peg.2281.site.4, 4, 137, 141
1339327.3.peg.2281.site.5, 11, 134, 145
1339327.3.peg.2281.site.6, 29, 136, 165
1339327.3.peg.2281.site.7, 4, 136, 140
1339327.3.peg.2281.site.8, 2, 136, 138
1339327.3.peg.2281.site.9, 67, 136, 203
1339327.3.peg.2281.site.10, 84, 135, 219
1339327.3.peg.2281.site.11, 75, 136, 211
1339327.3.peg.2281.site.12, 29, 137, 166
1339327.3.peg.2281.site.13, 6, 136, 142
1339327.3.peg.2281.site.14, 5, 135, 140
1339327.3.peg.2281.site.15, 0, 136, 136
1339327.3.peg.2281.site.16, 10, 137, 147
1339327.3.peg.2281.site.17, 3, 134, 137
1339327.3.peg.2281.site.18, 0, 135, 135
1339327.3.peg.2281.site.19, 17, 134, 151
1339327.3.peg.2281.site.20, 47, 135, 182
1339327.3.peg.3809.site.1, 8, 61, 69
1339327.3.peg.3809.site.2, 46, 137, 183
1339327.3.peg.3809.site.3, 14, 137, 151
1339327.3.peg.3809.site.4, 132, 137, 269
1339327.3.peg.3809.site.5, 0, 136, 136
1339327.3.peg.3809.site.6, 43, 137, 180
1339327.3.peg.3809.site.7, 6, 137, 143
1339327.3.peg.3809.site.8, 41, 137, 178
1339327.3.peg.3809.site.9, 2, 136, 138
1339327.3.peg.3809.site.10, 0, 135, 135
1339327.3.peg.3809.site.11, 3, 137, 140
1339327.3.peg.3809.site.12, 4, 136, 140
1339327.3.peg.2287.site.1, 0, 128, 128
1339327.3.peg.2287.site.2, 2, 131, 133
1339327.3.peg.2287.site.3, 5, 136, 141
1339327.3.peg.2287.site.4, 4, 135, 139
1339327.3.peg.2287.site.5, 50, 134, 184
1339327.3.peg.2287.site.6, 22, 135, 157
1339327.3.peg.2287.site.7, 0, 134, 134
1339327.3.peg.2287.site.8, 12, 136, 148
1339327.3.peg.2287.site.9, 76, 134, 210
1339327.3.peg.2286.site.1, 110, 136, 246
1339327.3.peg.2286.site.2, 24, 137, 161
1339327.3.peg.2286.site.3, 4, 136, 140
1339327.3.peg.2286.site.4, 117, 136, 253
1339327.3.peg.2286.site.5, 5, 136, 141
1339327.3.peg.2286.site.6, 4, 136, 140
1339327.3.peg.2286.site.7, 126, 135, 261
1339327.3.peg.2286.site.8, 7, 134, 141
1339327.3.peg.2286.site.9, 2, 134, 136
1339327.3.peg.2286.site.10, 0, 134, 134
1339327.3.peg.2286.site.11, 1, 134, 135
1339327.3.peg.2286.site.12, 0, 130, 130
1339327.3.peg.2286.site.13, 2, 131, 133
1339327.3.peg.2286.site.14, 7, 128, 135
1339327.3.peg.2286.site.15, 19, 131, 150
1339327.3.peg.2286.site.16, 2, 133, 135
1339327.3.peg.2286.site.17, 7, 134, 141
1339327.3.peg.2286.site.18, 2, 129, 131
1339327.3.peg.2286.site.19, 3, 129, 132
1339327.3.peg.2286.site.20, 10, 115, 125
1339327.3.peg.2285.site.1, 1, 136, 137
1339327.3.peg.2285.site.2, 9, 137, 146
1339327.3.peg.2285.site.3, 4, 136, 140
1339327.3.peg.2285.site.4, 37, 132, 169
1339327.3.peg.2285.site.5, 19, 136, 155
1339327.3.peg.2284.site.1, 3, 136, 139
1339327.3.peg.2284.site.2, 19, 134, 153
1339327.3.peg.2284.site.3, 3, 136, 139
1339327.3.peg.3370.site.1, 1, 70, 71
1339327.3.peg.3803.site.1, 6, 29, 35
1339327.3.peg.3803.site.2, 1, 21, 22
1339327.3.peg.2289.site.1, 20, 137, 157
1339327.3.peg.2289.site.2, 50, 134, 184
1339327.3.peg.2289.site.3, 2, 136, 138
1339327.3.peg.2289.site.4, 6, 135, 141
1339327.3.peg.2289.site.5, 0, 136, 136
1339327.3.peg.2289.site.6, 7, 136, 143
1339327.3.peg.2289.site.7, 16, 136, 152
1339327.3.peg.2289.site.8, 0, 135, 135
1339327.3.peg.2289.site.9, 26, 136, 162
1339327.3.peg.2289.site.10, 37, 137, 174
1339327.3.peg.2289.site.11, 7, 137, 144
1339327.3.peg.2289.site.12, 21, 137, 158
1339327.3.peg.2289.site.13, 50, 134, 184
1339327.3.peg.2289.site.14, 0, 135, 135
1339327.3.peg.2289.site.15, 2, 134, 136
1339327.3.peg.2288.site.1, 16, 134, 150
1339327.3.peg.2288.site.2, 0, 135, 135
1339327.3.peg.2288.site.3, 1, 135, 136
1339327.3.peg.2288.site.4, 0, 135, 135
1339327.3.peg.2288.site.5, 0, 136, 136
1339327.3.peg.2288.site.6, 12, 135, 147
1339327.3.peg.2288.site.7, 3, 137, 140
1339327.3.peg.2288.site.8, 2, 137, 139
1339327.3.peg.2288.site.9, 0, 137, 137
1339327.3.peg.2288.site.10, 0, 135, 135
1339327.3.peg.2288.site.11, 5, 133, 138
1339327.3.peg.2288.site.12, 40, 133, 173
1339327.3.peg.2288.site.13, 2, 137, 139
1339327.3.peg.2288.site.14, 35, 137, 172
1339327.3.peg.2288.site.15, 42, 136, 178
1339327.3.peg.2288.site.16, 37, 134, 171
1339327.3.peg.2288.site.17, 8, 136, 144
1339327.3.peg.2288.site.18, 7, 135, 142
1339327.3.peg.2288.site.19, 1, 136, 137
1339327.3.peg.3806.site.1, 1, 137, 138
1339327.3.peg.3806.site.2, 45, 135, 180
1339327.3.peg.3806.site.3, 0, 135, 135
1339327.3.peg.3806.site.4, 7, 136, 143
1339327.3.peg.3806.site.5, 0, 136, 136
1339327.3.peg.3806.site.6, 3, 136, 139
1339327.3.peg.3806.site.7, 0, 136, 136
1339327.3.peg.3806.site.8, 1, 137, 138
1339327.3.peg.3806.site.9, 16, 136, 152
1339327.3.peg.3806.site.10, 0, 135, 135
1339327.3.peg.3806.site.11, 0, 134, 134
1339327.3.peg.3806.site.12, 0, 135, 135
1339327.3.peg.3806.site.13, 0, 133, 133
1339327.3.peg.3806.site.14, 6, 135, 141
1339327.3.peg.3806.site.15, 8, 136, 144
1339327.3.peg.3806.site.16, 5, 134, 139
1339327.3.peg.3806.site.17, 4, 135, 139
1339327.3.peg.3806.site.18, 2, 136, 138
1339327.3.peg.3806.site.19, 0, 136, 136
1339327.3.peg.3806.site.20, 4, 135, 139
1339327.3.peg.3806.site.21, 0, 136, 136
1339327.3.peg.3806.site.22, 1, 134, 135
1339327.3.peg.3806.site.23, 0, 133, 133
1339327.3.peg.3806.site.24, 1, 137, 138
1339327.3.peg.3806.site.25, 0, 134, 134
1339327.3.peg.3806.site.26, 0, 134, 134
1339327.3.peg.3806.site.27, 0, 134, 134
1339327.3.peg.3806.site.28, 0, 135, 135
1339327.3.peg.3806.site.29, 90, 135, 225
1339327.3.peg.3806.site.30, 3, 134, 137
1339327.3.peg.3806.site.31, 0, 134, 134
1339327.3.peg.3806.site.32, 7, 132, 139
1339327.3.peg.3806.site.33, 1, 136, 137
1339327.3.peg.3806.site.34, 74, 131, 205
1339327.3.peg.3806.site.35, 13, 135, 148
1339327.3.peg.3806.site.36, 59, 131, 190
1339327.3.peg.3807.site.1, 30, 137, 167
1339327.3.peg.3807.site.2, 55, 137, 192
1339327.3.peg.3807.site.3, 12, 137, 149
1339327.3.peg.3807.site.4, 12, 136, 148
1339327.3.peg.3807.site.5, 8, 137, 145
1339327.3.peg.3807.site.6, 52, 135, 187
1339327.3.peg.3807.site.7, 0, 137, 137
1339327.3.peg.3807.site.8, 2, 137, 139
1339327.3.peg.3805.site.1, 0, 121, 121
1339327.3.peg.3805.site.2, 48, 115, 163
1339327.3.peg.3805.site.3, 1, 129, 130
1339327.3.peg.3977.site.1, 2, 129, 131
1339327.3.peg.3977.site.2, 24, 130, 154
1339327.3.peg.3977.site.3, 1, 129, 130
1339327.3.peg.3977.site.4, 18, 131, 149
1339327.3.peg.3977.site.5, 2, 131, 133
1339327.3.peg.3974.site.1, 6, 127, 133
1339327.3.peg.3974.site.2, 123, 123, 246
1339327.3.peg.3974.site.3, 2, 127, 129
1339327.3.peg.3974.site.4, 1, 128, 129
1339327.3.peg.3974.site.5, 31, 128, 159
1339327.3.peg.3974.site.6, 20, 127, 147
1339327.3.peg.3974.site.7, 67, 128, 195
1339327.3.peg.3974.site.8, 6, 129, 135
1339327.3.peg.3974.site.9, 0, 129, 129
1339327.3.peg.3974.site.10, 108, 127, 235
1339327.3.peg.3974.site.11, 23, 129, 152
1339327.3.peg.3974.site.12, 0, 127, 127
1339327.3.peg.3974.site.13, 1, 126, 127
1339327.3.peg.3974.site.14, 4, 128, 132
1339327.3.peg.3974.site.15, 2, 126, 128
1339327.3.peg.3974.site.16, 28, 127, 155
1339327.3.peg.3974.site.17, 1, 127, 128
1339327.3.peg.3974.site.18, 109, 128, 237
1339327.3.peg.3974.site.19, 1, 129, 130
1339327.3.peg.3974.site.20, 27, 127, 154
1339327.3.peg.3974.site.21, 0, 128, 128
1339327.3.peg.3974.site.22, 0, 129, 129
1339327.3.peg.3974.site.23, 34, 128, 162
1339327.3.peg.3974.site.24, 2, 129, 131
1339327.3.peg.3974.site.25, 57, 128, 185
1339327.3.peg.3974.site.26, 0, 128, 128
1339327.3.peg.3974.site.27, 3, 128, 131
1339327.3.peg.3974.site.28, 15, 127, 142
1339327.3.peg.3974.site.29, 3, 128, 131
1339327.3.peg.3974.site.30, 70, 128, 198
1339327.3.peg.3974.site.31, 4, 129, 133
1339327.3.peg.3974.site.32, 24, 127, 151
1339327.3.peg.3974.site.33, 8, 128, 136
1339327.3.peg.3974.site.34, 13, 128, 141
1339327.3.peg.3974.site.35, 0, 129, 129
1339327.3.peg.3974.site.36, 102, 127, 229
1339327.3.peg.3974.site.37, 18, 125, 143
1339327.3.peg.3974.site.38, 2, 128, 130
1339327.3.peg.3974.site.39, 1, 128, 129
1339327.3.peg.3974.site.40, 0, 128, 128
1339327.3.peg.3974.site.41, 1, 127, 128
1339327.3.peg.3974.site.42, 0, 127, 127
1339327.3.peg.3974.site.43, 1, 127, 128
1339327.3.peg.3975.site.1, 96, 124, 220
1339327.3.peg.3975.site.2, 24, 126, 150
1339327.3.peg.3975.site.3, 5, 128, 133
1339327.3.peg.3975.site.4, 2, 128, 130
1339327.3.peg.3975.site.5, 124, 129, 253
1339327.3.peg.3975.site.6, 19, 129, 148
1339327.3.peg.3975.site.7, 102, 130, 232
1339327.3.peg.3975.site.8, 20, 129, 149
1339327.3.peg.3975.site.9, 18, 131, 149
1339327.3.peg.3975.site.10, 34, 130, 164
1339327.3.peg.3975.site.11, 41, 131, 172
1339327.3.peg.3972.site.1, 25, 128, 153
1339327.3.peg.3972.site.2, 4, 128, 132
1339327.3.peg.3972.site.3, 0, 127, 127
1339327.3.peg.3972.site.4, 4, 127, 131
1339327.3.peg.3972.site.5, 5, 126, 131
1339327.3.peg.3972.site.6, 0, 126, 126
1339327.3.peg.3972.site.7, 0, 126, 126
1339327.3.peg.3972.site.8, 13, 127, 140
1339327.3.peg.3972.site.9, 3, 126, 129
1339327.3.peg.3973.site.1, 0, 128, 128
1339327.3.peg.3973.site.2, 1, 126, 127
1339327.3.peg.3973.site.3, 23, 125, 148
1339327.3.peg.3973.site.4, 0, 123, 123
1339327.3.peg.3973.site.5, 21, 129, 150
1339327.3.peg.3973.site.6, 1, 129, 130
1339327.3.peg.3973.site.7, 37, 125, 162
1339327.3.peg.3973.site.8, 0, 127, 127
1339327.3.peg.3973.site.9, 4, 127, 131
1339327.3.peg.3973.site.10, 8, 127, 135
1339327.3.peg.3973.site.11, 9, 126, 135
1339327.3.peg.3973.site.12, 4, 127, 131
1339327.3.peg.3973.site.13, 11, 130, 141
1339327.3.peg.3973.site.14, 6, 127, 133
1339327.3.peg.3973.site.15, 17, 127, 144
1339327.3.peg.3973.site.16, 3, 126, 129
1339327.3.peg.3973.site.17, 0, 126, 126
1339327.3.peg.3970.site.1, 27, 127, 154
1339327.3.peg.3970.site.2, 1, 127, 128
1339327.3.peg.3970.site.3, 33, 127, 160
1339327.3.peg.3970.site.4, 3, 126, 129
1339327.3.peg.3970.site.5, 5, 128, 133
1339327.3.peg.3970.site.6, 47, 126, 173
1339327.3.peg.3970.site.7, 5, 128, 133
1339327.3.peg.3970.site.8, 43, 128, 171
1339327.3.peg.3970.site.9, 11, 126, 137
1339327.3.peg.3970.site.10, 3, 129, 132
1339327.3.peg.3970.site.11, 2, 128, 130
1339327.3.peg.3970.site.12, 45, 128, 173
1339327.3.peg.3970.site.13, 4, 128, 132
1339327.3.peg.3970.site.14, 12, 127, 139
1339327.3.peg.3970.site.15, 25, 127, 152
1339327.3.peg.3970.site.16, 3, 127, 130
1339327.3.peg.3970.site.17, 5, 128, 133
1339327.3.peg.3970.site.18, 9, 129, 138
1339327.3.peg.3970.site.19, 9, 128, 137
1339327.3.peg.3970.site.20, 2, 128, 130
1339327.3.peg.3970.site.21, 4, 129, 133
1339327.3.peg.3970.site.22, 22, 127, 149
1339327.3.peg.3970.site.23, 52, 129, 181
1339327.3.peg.3970.site.24, 43, 126, 169
1339327.3.peg.3971.site.1, 97, 128, 225
1339327.3.peg.3971.site.2, 0, 128, 128
1339327.3.peg.3971.site.3, 23, 127, 150
1339327.3.peg.3971.site.4, 3, 128, 131
1339327.3.peg.3971.site.5, 3, 128, 131
1339327.3.peg.3971.site.6, 4, 128, 132
1339327.3.peg.3971.site.7, 4, 128, 132
1339327.3.peg.3971.site.8, 76, 128, 204
1339327.3.peg.3971.site.9, 3, 128, 131
1339327.3.peg.3971.site.10, 3, 129, 132
1339327.3.peg.3971.site.11, 46, 126, 172
1339327.3.peg.3978.site.1, 2, 129, 131
1339327.3.peg.3978.site.2, 15, 128, 143
1339327.3.peg.3978.site.3, 16, 131, 147
1339327.3.peg.3978.site.4, 15, 129, 144
1339327.3.peg.3978.site.5, 13, 129, 142
1339327.3.peg.3978.site.6, 3, 130, 133
1339327.3.peg.3978.site.7, 26, 128, 154
1339327.3.peg.3978.site.8, 12, 126, 138
1339327.3.peg.3978.site.9, 2, 130, 132
1339327.3.peg.3978.site.10, 9, 129, 138
1339327.3.peg.3978.site.11, 24, 127, 151
1339327.3.peg.3978.site.12, 5, 125, 130
1339327.3.peg.3978.site.13, 83, 127, 210
1339327.3.peg.3978.site.14, 17, 128, 145
1339327.3.peg.3978.site.15, 9, 128, 137
1339327.3.peg.3978.site.16, 20, 130, 150
1339327.3.peg.3978.site.17, 7, 130, 137
1339327.3.peg.3978.site.18, 3, 131, 134
1339327.3.peg.3978.site.19, 0, 130, 130
1339327.3.peg.3978.site.20, 49, 128, 177
1339327.3.peg.1714.site.1, 2, 134, 136
1339327.3.peg.1714.site.2, 0, 136, 136
1339327.3.peg.1714.site.3, 12, 137, 149
1339327.3.peg.1714.site.4, 11, 136, 147
1339327.3.peg.1714.site.5, 12, 135, 147
1339327.3.peg.1714.site.6, 23, 135, 158
1339327.3.peg.1714.site.7, 9, 137, 146
1339327.3.peg.1714.site.8, 0, 137, 137
1339327.3.peg.1714.site.9, 11, 136, 147
1339327.3.peg.1714.site.10, 18, 137, 155
1339327.3.peg.1714.site.11, 47, 137, 184
1339327.3.peg.1714.site.12, 31, 137, 168
1339327.3.peg.1714.site.13, 5, 136, 141
1339327.3.peg.1714.site.14, 5, 136, 141
1339327.3.peg.1715.site.1, 78, 134, 212
1339327.3.peg.1715.site.2, 29, 136, 165
1339327.3.peg.1716.site.1, 18, 136, 154
1339327.3.peg.1716.site.2, 2, 137, 139
1339327.3.peg.1716.site.3, 0, 136, 136
1339327.3.peg.1716.site.4, 15, 136, 151
1339327.3.peg.1716.site.5, 3, 136, 139
1339327.3.peg.1716.site.6, 2, 136, 138
1339327.3.peg.1716.site.7, 2, 135, 137
1339327.3.peg.1716.site.8, 36, 136, 172
1339327.3.peg.1716.site.9, 6, 135, 141
1339327.3.peg.1716.site.10, 8, 137, 145
1339327.3.peg.1716.site.11, 35, 136, 171
1339327.3.peg.1716.site.12, 1, 137, 138
1339327.3.peg.1716.site.13, 3, 136, 139
1339327.3.peg.1716.site.14, 6, 136, 142
1339327.3.peg.1716.site.15, 1, 136, 137
1339327.3.peg.1716.site.16, 4, 137, 141
1339327.3.peg.1716.site.17, 5, 137, 142
1339327.3.peg.1716.site.18, 0, 136, 136
1339327.3.peg.1716.site.19, 0, 136, 136
1339327.3.peg.1716.site.20, 80, 136, 216
1339327.3.peg.1716.site.21, 2, 134, 136
1339327.3.peg.1716.site.22, 0, 135, 135
1339327.3.peg.1716.site.23, 0, 136, 136
1339327.3.peg.1716.site.24, 2, 135, 137
1339327.3.peg.1716.site.25, 109, 116, 225
1339327.3.peg.1716.site.26, 40, 114, 154
1339327.3.peg.1716.site.27, 0, 137, 137
1339327.3.peg.1716.site.28, 0, 136, 136
1339327.3.peg.1716.site.29, 0, 136, 136
1339327.3.peg.1716.site.30, 0, 135, 135
1339327.3.peg.1716.site.31, 3, 136, 139
1339327.3.peg.1716.site.32, 41, 136, 177
1339327.3.peg.1716.site.33, 0, 137, 137
1339327.3.peg.1716.site.34, 3, 137, 140
1339327.3.peg.1716.site.35, 7, 137, 144
1339327.3.peg.1716.site.36, 3, 136, 139
1339327.3.peg.1716.site.37, 2, 136, 138
1339327.3.peg.1716.site.38, 104, 136, 240
1339327.3.peg.1717.site.1, 1, 135, 136
1339327.3.peg.1712.site.1, 0, 137, 137
1339327.3.peg.1712.site.2, 3, 136, 139
1339327.3.peg.1712.site.3, 0, 137, 137
1339327.3.peg.1712.site.4, 0, 137, 137
1339327.3.peg.1712.site.5, 84, 137, 221
1339327.3.peg.1712.site.6, 132, 137, 269
1339327.3.peg.1712.site.7, 12, 137, 149
1339327.3.peg.1712.site.8, 15, 137, 152
1339327.3.peg.1712.site.9, 3, 137, 140
1339327.3.peg.1712.site.10, 1, 136, 137
1339327.3.peg.1712.site.11, 1, 136, 137
1339327.3.peg.1712.site.12, 129, 134, 263
1339327.3.peg.1712.site.13, 51, 137, 188
1339327.3.peg.1712.site.14, 3, 137, 140
1339327.3.peg.1712.site.15, 1, 136, 137
1339327.3.peg.1712.site.16, 2, 137, 139
1339327.3.peg.1712.site.17, 65, 136, 201
1339327.3.peg.1712.site.18, 32, 136, 168
1339327.3.peg.1712.site.19, 3, 137, 140
1339327.3.peg.1712.site.20, 2, 136, 138
1339327.3.peg.1712.site.21, 130, 137, 267
1339327.3.peg.1712.site.22, 2, 133, 135
1339327.3.peg.1712.site.23, 2, 133, 135
1339327.3.peg.1712.site.24, 4, 136, 140
1339327.3.peg.1712.site.25, 71, 136, 207
1339327.3.peg.1712.site.26, 3, 137, 140
1339327.3.peg.1712.site.27, 5, 137, 142
1339327.3.peg.1712.site.28, 5, 136, 141
1339327.3.peg.1712.site.29, 16, 135, 151
1339327.3.peg.1712.site.30, 33, 135, 168
1339327.3.peg.1712.site.31, 8, 136, 144
1339327.3.peg.1712.site.32, 15, 136, 151
1339327.3.peg.1712.site.33, 1, 137, 138
1339327.3.peg.1712.site.34, 1, 133, 134
1339327.3.peg.1712.site.35, 3, 135, 138
1339327.3.peg.1713.site.1, 14, 135, 149
1339327.3.peg.1713.site.2, 5, 134, 139
1339327.3.peg.1713.site.3, 2, 136, 138
1339327.3.peg.1713.site.4, 29, 137, 166
1339327.3.peg.1713.site.5, 5, 136, 141
1339327.3.peg.1713.site.6, 3, 137, 140
1339327.3.peg.1713.site.7, 0, 136, 136
1339327.3.peg.1713.site.8, 76, 136, 212
1339327.3.peg.1713.site.9, 43, 135, 178
1339327.3.peg.1713.site.10, 57, 137, 194
1339327.3.peg.1713.site.11, 121, 135, 256
1339327.3.peg.1718.site.1, 5, 137, 142
1339327.3.peg.1718.site.2, 10, 136, 146
1339327.3.peg.1718.site.3, 10, 137, 147
1339327.3.peg.1718.site.4, 2, 136, 138
1339327.3.peg.1718.site.5, 1, 136, 137
1339327.3.peg.1718.site.6, 5, 136, 141
1339327.3.peg.1718.site.7, 13, 135, 148
1339327.3.peg.1718.site.8, 0, 135, 135
1339327.3.peg.1718.site.9, 37, 137, 174
1339327.3.peg.1718.site.10, 2, 137, 139
1339327.3.peg.1718.site.11, 17, 137, 154
1339327.3.peg.1718.site.12, 3, 136, 139
1339327.3.peg.1718.site.13, 2, 136, 138
1339327.3.peg.1718.site.14, 9, 136, 145
1339327.3.peg.1718.site.15, 49, 137, 186
1339327.3.peg.1718.site.16, 0, 137, 137
1339327.3.peg.1718.site.17, 0, 137, 137
1339327.3.peg.1718.site.18, 4, 135, 139
1339327.3.peg.1718.site.19, 71, 136, 207
1339327.3.peg.1718.site.20, 91, 137, 228
1339327.3.peg.1718.site.21, 0, 137, 137
1339327.3.peg.1718.site.22, 3, 136, 139
1339327.3.peg.3718.site.1, 6, 137, 143
1339327.3.peg.3718.site.2, 92, 137, 229
1339327.3.peg.3718.site.3, 79, 136, 215
1339327.3.peg.3718.site.4, 3, 136, 139
1339327.3.peg.3719.site.1, 2, 136, 138
1339327.3.peg.3719.site.2, 2, 136, 138
1339327.3.peg.3719.site.3, 3, 133, 136
1339327.3.peg.3719.site.4, 2, 122, 124
1339327.3.peg.3719.site.5, 4, 137, 141
1339327.3.peg.3719.site.6, 13, 134, 147
1339327.3.peg.3719.site.7, 0, 135, 135
1339327.3.peg.3719.site.8, 14, 135, 149
1339327.3.peg.3719.site.9, 2, 136, 138
1339327.3.peg.3719.site.10, 126, 136, 262
1339327.3.peg.3719.site.11, 4, 131, 135
1339327.3.peg.3719.site.12, 114, 136, 250
1339327.3.peg.3716.site.1, 7, 135, 142
1339327.3.peg.3716.site.2, 2, 136, 138
1339327.3.peg.3716.site.3, 4, 136, 140
1339327.3.peg.3716.site.4, 0, 137, 137
1339327.3.peg.3716.site.5, 2, 135, 137
1339327.3.peg.3716.site.6, 0, 134, 134
1339327.3.peg.3716.site.7, 5, 135, 140
1339327.3.peg.3716.site.8, 2, 134, 136
1339327.3.peg.3716.site.9, 39, 134, 173
1339327.3.peg.3716.site.10, 18, 137, 155
1339327.3.peg.3716.site.11, 0, 135, 135
1339327.3.peg.3716.site.12, 99, 136, 235
1339327.3.peg.3716.site.13, 1, 135, 136
1339327.3.peg.3716.site.14, 54, 137, 191
1339327.3.peg.3716.site.15, 0, 137, 137
1339327.3.peg.3716.site.16, 107, 135, 242
1339327.3.peg.3716.site.17, 5, 137, 142
1339327.3.peg.3716.site.18, 65, 136, 201
1339327.3.peg.3716.site.19, 3, 137, 140
1339327.3.peg.3716.site.20, 9, 137, 146
1339327.3.peg.3716.site.21, 3, 137, 140
1339327.3.peg.3716.site.22, 0, 134, 134
1339327.3.peg.3716.site.23, 52, 137, 189
1339327.3.peg.3716.site.24, 3, 136, 139
1339327.3.peg.3716.site.25, 0, 136, 136
1339327.3.peg.3716.site.26, 3, 132, 135
1339327.3.peg.3716.site.27, 0, 132, 132
1339327.3.peg.3717.site.1, 2, 129, 131
1339327.3.peg.3717.site.2, 3, 132, 135
1339327.3.peg.3717.site.3, 2, 130, 132
1339327.3.peg.3717.site.4, 115, 136, 251
1339327.3.peg.3717.site.5, 70, 133, 203
1339327.3.peg.3717.site.6, 4, 134, 138
1339327.3.peg.3717.site.7, 18, 135, 153
1339327.3.peg.3714.site.1, 0, 136, 136
1339327.3.peg.3714.site.2, 57, 136, 193
1339327.3.peg.3714.site.3, 78, 134, 212
1339327.3.peg.3714.site.4, 3, 135, 138
1339327.3.peg.3714.site.5, 3, 136, 139
1339327.3.peg.3714.site.6, 62, 135, 197
1339327.3.peg.3714.site.7, 58, 134, 192
1339327.3.peg.3714.site.8, 0, 136, 136
1339327.3.peg.3714.site.9, 0, 133, 133
1339327.3.peg.3714.site.10, 2, 134, 136
1339327.3.peg.3714.site.11, 61, 134, 195
1339327.3.peg.3714.site.12, 4, 134, 138
1339327.3.peg.3714.site.13, 0, 136, 136
1339327.3.peg.3715.site.1, 68, 131, 199
1339327.3.peg.3715.site.2, 12, 135, 147
1339327.3.peg.3715.site.3, 111, 135, 246
1339327.3.peg.3715.site.4, 32, 136, 168
1339327.3.peg.3715.site.5, 1, 135, 136
1339327.3.peg.3715.site.6, 16, 136, 152
1339327.3.peg.3715.site.7, 23, 133, 156
1339327.3.peg.3715.site.8, 1, 134, 135
1339327.3.peg.3715.site.9, 4, 136, 140
1339327.3.peg.3712.site.1, 5, 136, 141
1339327.3.peg.3712.site.2, 4, 135, 139
1339327.3.peg.3712.site.3, 7, 137, 144
1339327.3.peg.3712.site.4, 62, 137, 199
1339327.3.peg.3712.site.5, 10, 136, 146
1339327.3.peg.3712.site.6, 0, 134, 134
1339327.3.peg.3712.site.7, 31, 134, 165
1339327.3.peg.3712.site.8, 0, 136, 136
1339327.3.peg.3712.site.9, 3, 137, 140
1339327.3.peg.3712.site.10, 1, 135, 136
1339327.3.peg.3712.site.11, 0, 135, 135
1339327.3.peg.3712.site.12, 2, 135, 137
1339327.3.peg.3712.site.13, 1, 136, 137
1339327.3.peg.3712.site.14, 0, 133, 133
1339327.3.peg.3712.site.15, 38, 135, 173
1339327.3.peg.3712.site.16, 24, 137, 161
1339327.3.peg.3712.site.17, 3, 136, 139
1339327.3.peg.3712.site.18, 2, 136, 138
1339327.3.peg.3712.site.19, 35, 136, 171
1339327.3.peg.3712.site.20, 1, 137, 138
1339327.3.peg.3712.site.21, 5, 137, 142
1339327.3.peg.3712.site.22, 35, 136, 171
1339327.3.peg.3712.site.23, 17, 136, 153
1339327.3.peg.3712.site.24, 39, 136, 175
1339327.3.peg.3712.site.25, 2, 136, 138
1339327.3.peg.3712.site.26, 68, 134, 202
1339327.3.peg.3712.site.27, 131, 137, 268
1339327.3.peg.3712.site.28, 3, 137, 140
1339327.3.peg.3712.site.29, 19, 136, 155
1339327.3.peg.3712.site.30, 0, 137, 137
1339327.3.peg.3712.site.31, 16, 137, 153
1339327.3.peg.3712.site.32, 8, 136, 144
1339327.3.peg.3712.site.33, 2, 136, 138
1339327.3.peg.3712.site.34, 58, 134, 192
1339327.3.peg.3712.site.35, 6, 132, 138
1339327.3.peg.3712.site.36, 2, 133, 135
1339327.3.peg.3712.site.37, 1, 136, 137
1339327.3.peg.3712.site.38, 10, 136, 146
1339327.3.peg.3712.site.39, 4, 136, 140
1339327.3.peg.3712.site.40, 18, 133, 151
1339327.3.peg.3712.site.41, 71, 135, 206
1339327.3.peg.3712.site.42, 3, 135, 138
1339327.3.peg.3712.site.43, 25, 135, 160
1339327.3.peg.3712.site.44, 14, 134, 148
1339327.3.peg.3712.site.45, 3, 135, 138
1339327.3.peg.3712.site.46, 0, 135, 135
1339327.3.peg.3712.site.47, 126, 134, 260
1339327.3.peg.3712.site.48, 36, 133, 169
1339327.3.peg.3712.site.49, 45, 137, 182
1339327.3.peg.3712.site.50, 0, 135, 135
1339327.3.peg.3710.site.1, 15, 135, 150
1339327.3.peg.3710.site.2, 0, 135, 135
1339327.3.peg.3710.site.3, 0, 133, 133
1339327.3.peg.3710.site.4, 3, 135, 138
1339327.3.peg.3710.site.5, 10, 134, 144
1339327.3.peg.3710.site.6, 5, 137, 142
1339327.3.peg.3710.site.7, 9, 136, 145
1339327.3.peg.3710.site.8, 4, 136, 140
1339327.3.peg.3710.site.9, 1, 136, 137
1339327.3.peg.3710.site.10, 73, 134, 207
1339327.3.peg.3710.site.11, 2, 135, 137
1339327.3.peg.3710.site.12, 5, 134, 139
1339327.3.peg.3710.site.13, 19, 136, 155
1339327.3.peg.3710.site.14, 5, 137, 142
1339327.3.peg.3710.site.15, 2, 137, 139
1339327.3.peg.3710.site.16, 16, 135, 151
1339327.3.peg.3710.site.17, 3, 134, 137
1339327.3.peg.3710.site.18, 8, 135, 143
1339327.3.peg.3710.site.19, 43, 136, 179
1339327.3.peg.1479.site.1, 1, 136, 137
1339327.3.peg.1479.site.2, 6, 137, 143
1339327.3.peg.1479.site.3, 9, 137, 146
1339327.3.peg.1479.site.4, 4, 136, 140
1339327.3.peg.1479.site.5, 2, 137, 139
1339327.3.peg.1479.site.6, 2, 136, 138
1339327.3.peg.1479.site.7, 16, 137, 153
1339327.3.peg.1479.site.8, 53, 135, 188
1339327.3.peg.1479.site.9, 3, 125, 128
1339327.3.peg.1479.site.10, 18, 120, 138
1339327.3.peg.1479.site.11, 18, 132, 150
1339327.3.peg.1479.site.12, 2, 136, 138
1339327.3.peg.1479.site.13, 6, 136, 142
1339327.3.peg.1479.site.14, 6, 135, 141
1339327.3.peg.2179.site.1, 0, 136, 136
1339327.3.peg.2179.site.2, 2, 137, 139
1339327.3.peg.2179.site.3, 3, 137, 140
1339327.3.peg.2179.site.4, 32, 134, 166
1339327.3.peg.2179.site.5, 3, 136, 139
1339327.3.peg.2179.site.6, 28, 136, 164
1339327.3.peg.2179.site.7, 1, 137, 138
1339327.3.peg.2179.site.8, 0, 136, 136
1339327.3.peg.2179.site.9, 4, 137, 141
1339327.3.peg.3150.site.1, 2, 136, 138
1339327.3.peg.3150.site.2, 53, 129, 182
1339327.3.peg.3150.site.3, 12, 136, 148
1339327.3.peg.3150.site.4, 35, 137, 172
1339327.3.peg.3150.site.5, 12, 135, 147
1339327.3.peg.3150.site.6, 15, 137, 152
1339327.3.peg.3150.site.7, 1, 136, 137
1339327.3.peg.3150.site.8, 3, 135, 138
1339327.3.peg.3150.site.9, 126, 134, 260
1339327.3.peg.3151.site.1, 0, 134, 134
1339327.3.peg.3151.site.2, 0, 135, 135
1339327.3.peg.3151.site.3, 0, 135, 135
1339327.3.peg.3151.site.4, 1, 135, 136
1339327.3.peg.3151.site.5, 66, 137, 203
1339327.3.peg.3151.site.6, 17, 135, 152
1339327.3.peg.3151.site.7, 3, 136, 139
1339327.3.peg.3152.site.1, 5, 134, 139
1339327.3.peg.3152.site.2, 4, 136, 140
1339327.3.peg.3152.site.3, 6, 134, 140
1339327.3.peg.3152.site.4, 1, 133, 134
1339327.3.peg.3152.site.5, 0, 135, 135
1339327.3.peg.3152.site.6, 1, 137, 138
1339327.3.peg.3152.site.7, 3, 134, 137
1339327.3.peg.3153.site.1, 115, 132, 247
1339327.3.peg.3153.site.2, 0, 134, 134
1339327.3.peg.3153.site.3, 16, 132, 148
1339327.3.peg.3153.site.4, 2, 134, 136
1339327.3.peg.3153.site.5, 14, 132, 146
1339327.3.peg.3153.site.6, 63, 136, 199
1339327.3.peg.3153.site.7, 43, 134, 177
1339327.3.peg.3153.site.8, 5, 134, 139
1339327.3.peg.3153.site.9, 0, 133, 133
1339327.3.peg.3153.site.10, 10, 132, 142
1339327.3.peg.3153.site.11, 4, 130, 134
1339327.3.peg.3154.site.1, 1, 98, 99
1339327.3.peg.3154.site.2, 1, 96, 97
1339327.3.peg.3154.site.3, 68, 103, 171
1339327.3.peg.3154.site.4, 1, 111, 112
1339327.3.peg.3154.site.5, 0, 112, 112
1339327.3.peg.3154.site.6, 0, 115, 115
1339327.3.peg.3154.site.7, 11, 133, 144
1339327.3.peg.3154.site.8, 5, 136, 141
1339327.3.peg.3154.site.9, 21, 134, 155
1339327.3.peg.3154.site.10, 68, 135, 203
1339327.3.peg.3154.site.11, 3, 133, 136
1339327.3.peg.3154.site.12, 99, 129, 228
1339327.3.peg.3154.site.13, 3, 133, 136
1339327.3.peg.3154.site.14, 2, 135, 137
1339327.3.peg.3154.site.15, 8, 134, 142
1339327.3.peg.3154.site.16, 4, 136, 140
1339327.3.peg.3154.site.17, 5, 137, 142
1339327.3.peg.3154.site.18, 13, 135, 148
1339327.3.peg.3154.site.19, 12, 136, 148
1339327.3.peg.3154.site.20, 76, 136, 212
1339327.3.peg.3154.site.21, 27, 134, 161
1339327.3.peg.3154.site.22, 6, 134, 140
1339327.3.peg.3154.site.23, 126, 132, 258
1339327.3.peg.3154.site.24, 1, 129, 130
1339327.3.peg.3154.site.25, 3, 130, 133
1339327.3.peg.3154.site.26, 0, 125, 125
1339327.3.peg.3154.site.27, 21, 133, 154
1339327.3.peg.3154.site.28, 4, 131, 135
1339327.3.peg.3154.site.29, 4, 132, 136
1339327.3.peg.3154.site.30, 6, 134, 140
1339327.3.peg.3154.site.31, 3, 136, 139
1339327.3.peg.3154.site.32, 62, 136, 198
1339327.3.peg.3154.site.33, 35, 135, 170
1339327.3.peg.3154.site.34, 13, 136, 149
1339327.3.peg.3154.site.35, 68, 136, 204
1339327.3.peg.3154.site.36, 1, 136, 137
1339327.3.peg.3154.site.37, 30, 137, 167
1339327.3.peg.3154.site.38, 0, 133, 133
1339327.3.peg.3154.site.39, 3, 136, 139
1339327.3.peg.3523.site.1, 0, 136, 136
1339327.3.peg.3523.site.2, 0, 136, 136
1339327.3.peg.3523.site.3, 1, 134, 135
1339327.3.peg.3523.site.4, 1, 136, 137
1339327.3.peg.3523.site.5, 4, 136, 140
1339327.3.peg.3523.site.6, 1, 137, 138
1339327.3.peg.3523.site.7, 3, 137, 140
1339327.3.peg.3523.site.8, 1, 137, 138
1339327.3.peg.3156.site.1, 3, 129, 132
1339327.3.peg.3156.site.2, 1, 129, 130
1339327.3.peg.3156.site.3, 2, 134, 136
1339327.3.peg.3156.site.4, 76, 137, 213
1339327.3.peg.3156.site.5, 76, 137, 213
1339327.3.peg.3156.site.6, 0, 134, 134
1339327.3.peg.3156.site.7, 16, 137, 153
1339327.3.peg.3156.site.8, 2, 137, 139
1339327.3.peg.3156.site.9, 0, 137, 137
1339327.3.peg.3156.site.10, 5, 136, 141
1339327.3.peg.3157.site.1, 1, 133, 134
1339327.3.peg.3157.site.2, 1, 136, 137
1339327.3.peg.3157.site.3, 1, 135, 136
1339327.3.peg.3157.site.4, 80, 135, 215
1339327.3.peg.3157.site.5, 41, 134, 175
1339327.3.peg.3157.site.6, 17, 133, 150
1339327.3.peg.3157.site.7, 29, 136, 165
1339327.3.peg.3157.site.8, 11, 136, 147
1339327.3.peg.3157.site.9, 5, 136, 141
1339327.3.peg.3157.site.10, 14, 136, 150
1339327.3.peg.3157.site.11, 1, 136, 137
1339327.3.peg.3157.site.12, 31, 132, 163
1339327.3.peg.3157.site.13, 5, 136, 141
1339327.3.peg.3157.site.14, 0, 135, 135
1339327.3.peg.3157.site.15, 2, 136, 138
1339327.3.peg.3157.site.16, 7, 136, 143
1339327.3.peg.3158.site.1, 8, 134, 142
1339327.3.peg.3158.site.2, 2, 134, 136
1339327.3.peg.3158.site.3, 16, 135, 151
1339327.3.peg.3158.site.4, 61, 135, 196
1339327.3.peg.3158.site.5, 116, 135, 251
1339327.3.peg.3158.site.6, 40, 135, 175
1339327.3.peg.3159.site.1, 0, 136, 136
1339327.3.peg.3159.site.2, 33, 136, 169
1339327.3.peg.3159.site.3, 33, 136, 169
1339327.3.peg.3159.site.4, 110, 136, 246
1339327.3.peg.3159.site.5, 1, 137, 138
1339327.3.peg.3628.site.1, 4, 134, 138
1339327.3.peg.3628.site.2, 65, 136, 201
1339327.3.peg.3628.site.3, 62, 134, 196
1339327.3.peg.3628.site.4, 121, 135, 256
1339327.3.peg.3522.site.1, 2, 135, 137
1339327.3.peg.3522.site.2, 21, 133, 154
1339327.3.peg.3522.site.3, 3, 134, 137
1339327.3.peg.3522.site.4, 50, 135, 185
1339327.3.peg.3522.site.5, 2, 137, 139
1339327.3.peg.3522.site.6, 0, 137, 137
1339327.3.peg.3522.site.7, 1, 136, 137
1339327.3.peg.3522.site.8, 1, 137, 138
1339327.3.peg.3522.site.9, 2, 136, 138
1339327.3.peg.3522.site.10, 2, 135, 137
1339327.3.peg.3522.site.11, 0, 134, 134
1339327.3.peg.3522.site.12, 3, 135, 138
1339327.3.peg.3522.site.13, 0, 133, 133
1339327.3.peg.4717.site.1, 3, 132, 135
1339327.3.peg.4717.site.2, 3, 132, 135
1339327.3.peg.2856.site.1, 47, 134, 181
1339327.3.peg.2856.site.2, 41, 137, 178
1339327.3.peg.2856.site.3, 9, 137, 146
1339327.3.peg.2856.site.4, 3, 134, 137
1339327.3.peg.2856.site.5, 23, 134, 157
1339327.3.peg.2856.site.6, 52, 133, 185
1339327.3.peg.2856.site.7, 1, 132, 133
1339327.3.peg.2856.site.8, 26, 134, 160
1339327.3.peg.2856.site.9, 0, 136, 136
1339327.3.peg.2856.site.10, 3, 135, 138
1339327.3.peg.2852.site.1, 2, 136, 138
1339327.3.peg.2852.site.2, 30, 133, 163
1339327.3.peg.2852.site.3, 3, 132, 135
1339327.3.peg.2852.site.4, 3, 128, 131
1339327.3.peg.2852.site.5, 29, 124, 153
1339327.3.peg.2852.site.6, 6, 125, 131
1339327.3.peg.2852.site.7, 28, 123, 151
1339327.3.peg.2852.site.8, 10, 127, 137
1339327.3.peg.2852.site.9, 5, 129, 134
1339327.3.peg.2852.site.10, 83, 131, 214
1339327.3.peg.2852.site.11, 5, 130, 135
1339327.3.peg.2852.site.12, 2, 134, 136
1339327.3.peg.2852.site.13, 23, 133, 156
1339327.3.peg.2852.site.14, 1, 136, 137
1339327.3.peg.2852.site.15, 5, 135, 140
1339327.3.peg.2852.site.16, 108, 135, 243
1339327.3.peg.2852.site.17, 3, 135, 138
1339327.3.peg.2852.site.18, 30, 133, 163
1339327.3.peg.2852.site.19, 22, 130, 152
1339327.3.peg.2852.site.20, 43, 132, 175
1339327.3.peg.2852.site.21, 1, 131, 132
1339327.3.peg.2852.site.22, 3, 133, 136
1339327.3.peg.4844.site.1, 8, 133, 141
1339327.3.peg.4844.site.2, 32, 135, 167
1339327.3.peg.4844.site.3, 2, 136, 138
1339327.3.peg.4844.site.4, 8, 137, 145
1339327.3.peg.4844.site.5, 40, 137, 177
1339327.3.peg.4844.site.6, 1, 137, 138
1339327.3.peg.4844.site.7, 1, 136, 137
1339327.3.peg.4844.site.8, 27, 135, 162
1339327.3.peg.4844.site.9, 106, 136, 242
1339327.3.peg.4844.site.10, 78, 136, 214
1339327.3.peg.4844.site.11, 1, 136, 137
1339327.3.peg.4844.site.12, 4, 135, 139
1339327.3.peg.4844.site.13, 1, 133, 134
1339327.3.peg.4844.site.14, 6, 136, 142
1339327.3.peg.4844.site.15, 16, 135, 151
1339327.3.peg.4844.site.16, 3, 135, 138
1339327.3.peg.4844.site.17, 4, 137, 141
1339327.3.peg.4844.site.18, 3, 134, 137
1339327.3.peg.4844.site.19, 2, 135, 137
1339327.3.peg.4844.site.20, 2, 136, 138
1339327.3.peg.4844.site.21, 3, 136, 139
1339327.3.peg.4844.site.22, 1, 136, 137
1339327.3.peg.4844.site.23, 13, 136, 149
1339327.3.peg.4844.site.24, 24, 135, 159
1339327.3.peg.4844.site.25, 12, 128, 140
1339327.3.peg.4844.site.26, 4, 130, 134
1339327.3.peg.4844.site.27, 3, 132, 135
1339327.3.peg.4844.site.28, 29, 134, 163
1339327.3.peg.4844.site.29, 5, 134, 139
1339327.3.peg.4844.site.30, 3, 135, 138
1339327.3.peg.4844.site.31, 10, 136, 146
1339327.3.peg.4844.site.32, 66, 135, 201
1339327.3.peg.4844.site.33, 4, 135, 139
1339327.3.peg.4844.site.34, 1, 136, 137
1339327.3.peg.4844.site.35, 1, 136, 137
1339327.3.peg.4844.site.36, 90, 132, 222
1339327.3.peg.4844.site.37, 57, 129, 186
1339327.3.peg.4844.site.38, 29, 128, 157
1339327.3.peg.4844.site.39, 3, 129, 132
1339327.3.peg.4844.site.40, 2, 132, 134
1339327.3.peg.4844.site.41, 11, 133, 144
1339327.3.peg.4844.site.42, 11, 134, 145
1339327.3.peg.4844.site.43, 2, 137, 139
1339327.3.peg.4844.site.44, 2, 137, 139
1339327.3.peg.2853.site.1, 1, 134, 135
1339327.3.peg.2853.site.2, 3, 133, 136
1339327.3.peg.2853.site.3, 48, 136, 184
1339327.3.peg.2853.site.4, 17, 135, 152
1339327.3.peg.2853.site.5, 5, 136, 141
1339327.3.peg.2853.site.6, 7, 135, 142
1339327.3.peg.2853.site.7, 12, 134, 146
1339327.3.peg.2853.site.8, 1, 135, 136
1339327.3.peg.2853.site.9, 2, 133, 135
1339327.3.peg.2853.site.10, 0, 134, 134
1339327.3.peg.2853.site.11, 3, 136, 139
1339327.3.peg.2853.site.12, 8, 134, 142
1339327.3.peg.2853.site.13, 130, 136, 266
1339327.3.peg.2853.site.14, 2, 132, 134
1339327.3.peg.2853.site.15, 3, 135, 138
1339327.3.peg.2853.site.16, 95, 135, 230
1339327.3.peg.3393.site.1, 2, 133, 135
1339327.3.peg.3393.site.2, 0, 137, 137
1339327.3.peg.3393.site.3, 3, 134, 137
1339327.3.peg.3393.site.4, 0, 129, 129
1339327.3.peg.3393.site.5, 6, 116, 122
1339327.3.peg.3393.site.6, 1, 100, 101
1339327.3.peg.3393.site.7, 0, 100, 100
1339327.3.peg.3391.site.1, 66, 122, 188
1339327.3.peg.3391.site.2, 19, 128, 147
1339327.3.peg.3391.site.3, 12, 131, 143
1339327.3.peg.3391.site.4, 45, 133, 178
1339327.3.peg.3391.site.5, 3, 133, 136
1339327.3.peg.3391.site.6, 1, 134, 135
1339327.3.peg.3391.site.7, 3, 135, 138
1339327.3.peg.3391.site.8, 3, 134, 137
1339327.3.peg.3391.site.9, 53, 135, 188
1339327.3.peg.3391.site.10, 13, 135, 148
1339327.3.peg.3391.site.11, 43, 134, 177
1339327.3.peg.3391.site.12, 1, 136, 137
1339327.3.peg.3391.site.13, 66, 135, 201
1339327.3.peg.3391.site.14, 17, 135, 152
1339327.3.peg.3391.site.15, 8, 134, 142
1339327.3.peg.3391.site.16, 10, 134, 144
1339327.3.peg.3391.site.17, 1, 135, 136
1339327.3.peg.3391.site.18, 1, 136, 137
1339327.3.peg.3391.site.19, 3, 136, 139
1339327.3.peg.3391.site.20, 2, 134, 136
1339327.3.peg.3396.site.1, 115, 134, 249
1339327.3.peg.3396.site.2, 71, 136, 207
1339327.3.peg.3396.site.3, 5, 136, 141
1339327.3.peg.3396.site.4, 0, 136, 136
1339327.3.peg.3396.site.5, 47, 135, 182
1339327.3.peg.3396.site.6, 0, 135, 135
1339327.3.peg.3397.site.1, 2, 130, 132
1339327.3.peg.3397.site.2, 10, 135, 145
1339327.3.peg.3397.site.3, 133, 133, 266
1339327.3.peg.3397.site.4, 3, 136, 139
1339327.3.peg.3397.site.5, 1, 134, 135
1339327.3.peg.3397.site.6, 3, 134, 137
1339327.3.peg.3398.site.1, 129, 136, 265
1339327.3.peg.3398.site.2, 4, 134, 138
1339327.3.peg.3398.site.3, 1, 136, 137
1339327.3.peg.3398.site.4, 18, 137, 155
1339327.3.peg.3398.site.5, 0, 136, 136
1339327.3.peg.3398.site.6, 11, 137, 148
1339327.3.peg.2851.site.1, 5, 135, 140
1339327.3.peg.2851.site.2, 18, 136, 154
1339327.3.peg.2851.site.3, 6, 136, 142
1339327.3.peg.2851.site.4, 3, 134, 137
1339327.3.peg.2851.site.5, 3, 135, 138
1339327.3.peg.2851.site.6, 1, 137, 138
1339327.3.peg.2851.site.7, 5, 136, 141
1339327.3.peg.2851.site.8, 1, 136, 137
1339327.3.peg.2851.site.9, 8, 137, 145
1339327.3.peg.2851.site.10, 12, 134, 146
1339327.3.peg.2851.site.11, 5, 136, 141
1339327.3.peg.2851.site.12, 120, 135, 255
1339327.3.peg.2851.site.13, 4, 136, 140
1339327.3.peg.2851.site.14, 0, 136, 136
1339327.3.peg.2851.site.15, 1, 133, 134
1339327.3.peg.2851.site.16, 0, 133, 133
1339327.3.peg.2851.site.17, 111, 136, 247
1339327.3.peg.2851.site.18, 35, 135, 170
1339327.3.peg.2851.site.19, 5, 134, 139
1339327.3.peg.2851.site.20, 18, 136, 154
1339327.3.peg.2851.site.21, 3, 135, 138
1339327.3.peg.2851.site.22, 1, 136, 137
1339327.3.peg.918.site.1, 3, 136, 139
1339327.3.peg.918.site.2, 3, 136, 139
1339327.3.peg.918.site.3, 1, 134, 135
1339327.3.peg.918.site.4, 1, 133, 134
1339327.3.peg.918.site.5, 5, 133, 138
1339327.3.peg.918.site.6, 15, 134, 149
1339327.3.peg.918.site.7, 0, 134, 134
1339327.3.peg.918.site.8, 7, 137, 144
1339327.3.peg.918.site.9, 52, 137, 189
1339327.3.peg.918.site.10, 28, 136, 164
1339327.3.peg.918.site.11, 2, 137, 139
1339327.3.peg.918.site.12, 7, 137, 144
1339327.3.peg.918.site.13, 1, 136, 137
1339327.3.peg.918.site.14, 120, 137, 257
1339327.3.peg.918.site.15, 0, 137, 137
1339327.3.peg.918.site.16, 124, 137, 261
1339327.3.peg.918.site.17, 11, 137, 148
1339327.3.peg.918.site.18, 1, 137, 138
1339327.3.peg.919.site.1, 0, 137, 137
1339327.3.peg.919.site.2, 15, 137, 152
1339327.3.peg.919.site.3, 3, 136, 139
1339327.3.peg.919.site.4, 3, 137, 140
1339327.3.peg.919.site.5, 2, 136, 138
1339327.3.peg.919.site.6, 129, 137, 266
1339327.3.peg.919.site.7, 22, 137, 159
1339327.3.peg.919.site.8, 2, 136, 138
1339327.3.peg.919.site.9, 2, 135, 137
1339327.3.peg.919.site.10, 12, 136, 148
1339327.3.peg.919.site.11, 9, 136, 145
1339327.3.peg.919.site.12, 11, 136, 147
1339327.3.peg.919.site.13, 122, 136, 258
1339327.3.peg.919.site.14, 15, 137, 152
1339327.3.peg.919.site.15, 1, 136, 137
1339327.3.peg.919.site.16, 12, 137, 149
1339327.3.peg.914.site.1, 14, 132, 146
1339327.3.peg.914.site.2, 122, 133, 255
1339327.3.peg.914.site.3, 3, 133, 136
1339327.3.peg.914.site.4, 35, 134, 169
1339327.3.peg.914.site.5, 0, 134, 134
1339327.3.peg.914.site.6, 3, 134, 137
1339327.3.peg.914.site.7, 3, 133, 136
1339327.3.peg.914.site.8, 3, 132, 135
1339327.3.peg.915.site.1, 3, 135, 138
1339327.3.peg.915.site.2, 2, 135, 137
1339327.3.peg.915.site.3, 2, 135, 137
1339327.3.peg.915.site.4, 18, 132, 150
1339327.3.peg.915.site.5, 2, 132, 134
1339327.3.peg.915.site.6, 0, 133, 133
1339327.3.peg.915.site.7, 3, 134, 137
1339327.3.peg.915.site.8, 59, 132, 191
1339327.3.peg.915.site.9, 108, 132, 240
1339327.3.peg.915.site.10, 48, 133, 181
1339327.3.peg.915.site.11, 3, 131, 134
1339327.3.peg.915.site.12, 0, 132, 132
1339327.3.peg.915.site.13, 59, 132, 191
1339327.3.peg.915.site.14, 64, 132, 196
1339327.3.peg.915.site.15, 126, 132, 258
1339327.3.peg.915.site.16, 4, 130, 134
1339327.3.peg.915.site.17, 61, 130, 191
1339327.3.peg.915.site.18, 0, 128, 128
1339327.3.peg.915.site.19, 2, 133, 135
1339327.3.peg.915.site.20, 3, 134, 137
1339327.3.peg.915.site.21, 27, 132, 159
1339327.3.peg.915.site.22, 0, 132, 132
1339327.3.peg.915.site.23, 28, 134, 162
1339327.3.peg.915.site.24, 3, 134, 137
1339327.3.peg.915.site.25, 18, 134, 152
1339327.3.peg.915.site.26, 120, 131, 251
1339327.3.peg.915.site.27, 55, 132, 187
1339327.3.peg.915.site.28, 38, 133, 171
1339327.3.peg.915.site.29, 125, 131, 256
1339327.3.peg.915.site.30, 1, 130, 131
1339327.3.peg.915.site.31, 1, 132, 133
1339327.3.peg.915.site.32, 24, 132, 156
1339327.3.peg.915.site.33, 1, 132, 133
1339327.3.peg.915.site.34, 1, 131, 132
1339327.3.peg.915.site.35, 116, 131, 247
1339327.3.peg.915.site.36, 119, 131, 250
1339327.3.peg.915.site.37, 4, 129, 133
1339327.3.peg.915.site.38, 94, 125, 219
1339327.3.peg.915.site.39, 103, 132, 235
1339327.3.peg.915.site.40, 82, 133, 215
1339327.3.peg.915.site.41, 2, 133, 135
1339327.3.peg.915.site.42, 14, 134, 148
1339327.3.peg.915.site.43, 1, 134, 135
1339327.3.peg.915.site.44, 0, 133, 133
1339327.3.peg.915.site.45, 28, 132, 160
1339327.3.peg.915.site.46, 18, 133, 151
1339327.3.peg.915.site.47, 7, 134, 141
1339327.3.peg.915.site.48, 6, 134, 140
1339327.3.peg.915.site.49, 20, 133, 153
1339327.3.peg.915.site.50, 83, 133, 216
1339327.3.peg.915.site.51, 102, 134, 236
1339327.3.peg.915.site.52, 13, 133, 146
1339327.3.peg.915.site.53, 89, 133, 222
1339327.3.peg.915.site.54, 7, 134, 141
1339327.3.peg.915.site.55, 3, 134, 137
1339327.3.peg.915.site.56, 1, 135, 136
1339327.3.peg.915.site.57, 2, 136, 138
1339327.3.peg.915.site.58, 3, 135, 138
1339327.3.peg.916.site.1, 5, 136, 141
1339327.3.peg.916.site.2, 3, 131, 134
1339327.3.peg.916.site.3, 1, 135, 136
1339327.3.peg.916.site.4, 15, 135, 150
1339327.3.peg.916.site.5, 3, 135, 138
1339327.3.peg.916.site.6, 3, 135, 138
1339327.3.peg.916.site.7, 2, 135, 137
1339327.3.peg.916.site.8, 0, 135, 135
1339327.3.peg.916.site.9, 33, 134, 167
1339327.3.peg.916.site.10, 34, 134, 168
1339327.3.peg.917.site.1, 3, 133, 136
1339327.3.peg.917.site.2, 0, 133, 133
1339327.3.peg.917.site.3, 0, 134, 134
1339327.3.peg.917.site.4, 32, 133, 165
1339327.3.peg.917.site.5, 1, 134, 135
1339327.3.peg.917.site.6, 4, 134, 138
1339327.3.peg.917.site.7, 2, 133, 135
1339327.3.peg.917.site.8, 3, 134, 137
1339327.3.peg.917.site.9, 21, 134, 155
1339327.3.peg.917.site.10, 1, 135, 136
1339327.3.peg.917.site.11, 2, 135, 137
1339327.3.peg.917.site.12, 2, 135, 137
1339327.3.peg.917.site.13, 0, 136, 136
1339327.3.peg.917.site.14, 3, 136, 139
1339327.3.peg.3251.site.1, 7, 137, 144
1339327.3.peg.3251.site.2, 10, 127, 137
1339327.3.peg.3251.site.3, 115, 133, 248
1339327.3.peg.3251.site.4, 1, 136, 137
1339327.3.peg.3251.site.5, 2, 136, 138
1339327.3.peg.3251.site.6, 4, 136, 140
1339327.3.peg.3251.site.7, 2, 136, 138
1339327.3.peg.3251.site.8, 3, 132, 135
1339327.3.peg.3251.site.9, 0, 132, 132
1339327.3.peg.3251.site.10, 116, 131, 247
1339327.3.peg.3251.site.11, 17, 128, 145
1339327.3.peg.3251.site.12, 1, 129, 130
1339327.3.peg.3251.site.13, 0, 130, 130
1339327.3.peg.3251.site.14, 3, 136, 139
1339327.3.peg.3251.site.15, 25, 133, 158
1339327.3.peg.913.site.1, 2, 123, 125
1339327.3.peg.913.site.2, 19, 131, 150
1339327.3.peg.913.site.3, 15, 133, 148
1339327.3.peg.913.site.4, 0, 133, 133
1339327.3.peg.913.site.5, 67, 134, 201
1339327.3.peg.913.site.6, 59, 130, 189
1339327.3.peg.913.site.7, 1, 133, 134
1339327.3.peg.913.site.8, 3, 134, 137
1339327.3.peg.913.site.9, 5, 133, 138
1339327.3.peg.913.site.10, 0, 134, 134
1339327.3.peg.913.site.11, 1, 134, 135
1339327.3.peg.913.site.12, 70, 133, 203
1339327.3.peg.913.site.13, 8, 134, 142
1339327.3.peg.913.site.14, 14, 134, 148
1339327.3.peg.913.site.15, 4, 137, 141
1339327.3.peg.913.site.16, 1, 134, 135
1339327.3.peg.913.site.17, 5, 133, 138
1339327.3.peg.913.site.18, 4, 133, 137
1339327.3.peg.913.site.19, 3, 133, 136
1339327.3.peg.913.site.20, 42, 133, 175
1339327.3.peg.913.site.21, 1, 134, 135
1339327.3.peg.913.site.22, 8, 133, 141
1339327.3.peg.913.site.23, 2, 132, 134
1339327.3.peg.913.site.24, 1, 134, 135
1339327.3.peg.913.site.25, 8, 133, 141
1339327.3.peg.913.site.26, 0, 134, 134
1339327.3.peg.913.site.27, 12, 134, 146
1339327.3.peg.913.site.28, 9, 133, 142
1339327.3.peg.913.site.29, 93, 132, 225
1339327.3.peg.913.site.30, 12, 132, 144
1339327.3.peg.913.site.31, 14, 133, 147
1339327.3.peg.913.site.32, 21, 131, 152
1339327.3.peg.913.site.33, 28, 132, 160
1339327.3.peg.3250.site.1, 2, 136, 138
1339327.3.peg.3250.site.2, 5, 134, 139
1339327.3.peg.3250.site.3, 0, 136, 136
1339327.3.peg.3250.site.4, 2, 135, 137
1339327.3.peg.3250.site.5, 0, 133, 133
1339327.3.peg.3250.site.6, 1, 135, 136
1339327.3.peg.3250.site.7, 1, 133, 134
1339327.3.peg.3250.site.8, 54, 135, 189
1339327.3.peg.3250.site.9, 32, 136, 168
1339327.3.peg.3025.site.1, 6, 86, 92
1339327.3.peg.3025.site.2, 2, 133, 135
1339327.3.peg.3025.site.3, 56, 133, 189
1339327.3.peg.3025.site.4, 102, 135, 237
1339327.3.peg.3025.site.5, 5, 129, 134
1339327.3.peg.3025.site.6, 2, 136, 138
1339327.3.peg.3025.site.7, 5, 134, 139
1339327.3.peg.3025.site.8, 2, 136, 138
1339327.3.peg.3025.site.9, 28, 136, 164
1339327.3.peg.3025.site.10, 37, 136, 173
1339327.3.peg.3025.site.11, 9, 135, 144
1339327.3.peg.3025.site.12, 0, 132, 132
1339327.3.peg.3025.site.13, 1, 135, 136
1339327.3.peg.3025.site.14, 1, 137, 138
1339327.3.peg.3025.site.15, 1, 137, 138
1339327.3.peg.3025.site.16, 0, 137, 137
1339327.3.peg.3025.site.17, 0, 135, 135
1339327.3.peg.3026.site.1, 109, 134, 243
1339327.3.peg.3026.site.2, 22, 132, 154
1339327.3.peg.3026.site.3, 3, 131, 134
1339327.3.peg.3026.site.4, 5, 133, 138
1339327.3.peg.3026.site.5, 6, 133, 139
1339327.3.peg.3026.site.6, 5, 135, 140
1339327.3.peg.3026.site.7, 2, 136, 138
1339327.3.peg.3026.site.8, 2, 134, 136
1339327.3.peg.3026.site.9, 83, 136, 219
1339327.3.peg.3026.site.10, 32, 134, 166
1339327.3.peg.3026.site.11, 23, 131, 154
1339327.3.peg.3026.site.12, 1, 134, 135
1339327.3.peg.3026.site.13, 41, 134, 175
1339327.3.peg.3027.site.1, 0, 132, 132
1339327.3.peg.3027.site.2, 16, 137, 153
1339327.3.peg.3027.site.3, 1, 136, 137
1339327.3.peg.3027.site.4, 16, 136, 152
1339327.3.peg.3027.site.5, 11, 135, 146
1339327.3.peg.3027.site.6, 12, 135, 147
1339327.3.peg.3027.site.7, 5, 135, 140
1339327.3.peg.3027.site.8, 2, 135, 137
1339327.3.peg.3027.site.9, 10, 135, 145
1339327.3.peg.3027.site.10, 3, 136, 139
1339327.3.peg.3027.site.11, 8, 135, 143
1339327.3.peg.3027.site.12, 1, 133, 134
1339327.3.peg.3027.site.13, 3, 136, 139
1339327.3.peg.3027.site.14, 0, 137, 137
1339327.3.peg.3027.site.15, 7, 132, 139
1339327.3.peg.3027.site.16, 53, 136, 189
1339327.3.peg.3027.site.17, 10, 135, 145
1339327.3.peg.3027.site.18, 9, 136, 145
1339327.3.peg.3027.site.19, 1, 135, 136
1339327.3.peg.3027.site.20, 5, 135, 140
1339327.3.peg.3027.site.21, 14, 137, 151
1339327.3.peg.3027.site.22, 60, 137, 197
1339327.3.peg.3027.site.23, 4, 135, 139
1339327.3.peg.3027.site.24, 0, 135, 135
1339327.3.peg.3027.site.25, 39, 135, 174
1339327.3.peg.3027.site.26, 20, 133, 153
1339327.3.peg.3027.site.27, 11, 135, 146
1339327.3.peg.3027.site.28, 0, 135, 135
1339327.3.peg.3027.site.29, 11, 136, 147
1339327.3.peg.3027.site.30, 3, 134, 137
1339327.3.peg.3027.site.31, 1, 136, 137
1339327.3.peg.3020.site.1, 6, 133, 139
1339327.3.peg.3020.site.2, 6, 130, 136
1339327.3.peg.3020.site.3, 85, 132, 217
1339327.3.peg.3020.site.4, 2, 133, 135
1339327.3.peg.3020.site.5, 3, 133, 136
1339327.3.peg.3020.site.6, 3, 136, 139
1339327.3.peg.3020.site.7, 2, 135, 137
1339327.3.peg.3020.site.8, 40, 134, 174
1339327.3.peg.3020.site.9, 95, 134, 229
1339327.3.peg.3020.site.10, 6, 135, 141
1339327.3.peg.3020.site.11, 6, 134, 140
1339327.3.peg.3020.site.12, 27, 136, 163
1339327.3.peg.3020.site.13, 4, 137, 141
1339327.3.peg.3020.site.14, 14, 135, 149
1339327.3.peg.3020.site.15, 5, 134, 139
1339327.3.peg.3020.site.16, 0, 130, 130
1339327.3.peg.3020.site.17, 68, 130, 198
1339327.3.peg.3020.site.18, 14, 135, 149
1339327.3.peg.3020.site.19, 23, 136, 159
1339327.3.peg.3020.site.20, 26, 134, 160
1339327.3.peg.3020.site.21, 26, 133, 159
1339327.3.peg.3020.site.22, 0, 136, 136
1339327.3.peg.3020.site.23, 81, 136, 217
1339327.3.peg.3020.site.24, 2, 135, 137
1339327.3.peg.3020.site.25, 10, 135, 145
1339327.3.peg.3020.site.26, 0, 136, 136
1339327.3.peg.3020.site.27, 18, 134, 152
1339327.3.peg.3020.site.28, 5, 134, 139
1339327.3.peg.3021.site.1, 0, 135, 135
1339327.3.peg.3021.site.2, 8, 133, 141
1339327.3.peg.3021.site.3, 51, 115, 166
1339327.3.peg.3021.site.4, 0, 133, 133
1339327.3.peg.3021.site.5, 9, 132, 141
1339327.3.peg.3021.site.6, 30, 133, 163
1339327.3.peg.3021.site.7, 0, 135, 135
1339327.3.peg.3021.site.8, 2, 135, 137
1339327.3.peg.3021.site.9, 31, 133, 164
1339327.3.peg.3021.site.10, 29, 135, 164
1339327.3.peg.3021.site.11, 3, 136, 139
1339327.3.peg.3021.site.12, 6, 135, 141
1339327.3.peg.3021.site.13, 3, 136, 139
1339327.3.peg.3021.site.14, 2, 137, 139
1339327.3.peg.3021.site.15, 60, 136, 196
1339327.3.peg.3021.site.16, 2, 135, 137
1339327.3.peg.3021.site.17, 2, 136, 138
1339327.3.peg.3021.site.18, 28, 137, 165
1339327.3.peg.3021.site.19, 45, 136, 181
1339327.3.peg.3021.site.20, 22, 135, 157
1339327.3.peg.3021.site.21, 5, 136, 141
1339327.3.peg.3021.site.22, 111, 137, 248
1339327.3.peg.3021.site.23, 0, 136, 136
1339327.3.peg.3021.site.24, 2, 136, 138
1339327.3.peg.3021.site.25, 1, 136, 137
1339327.3.peg.3021.site.26, 89, 136, 225
1339327.3.peg.3021.site.27, 2, 134, 136
1339327.3.peg.3022.site.1, 118, 134, 252
1339327.3.peg.3022.site.2, 0, 135, 135
1339327.3.peg.3022.site.3, 5, 134, 139
1339327.3.peg.3022.site.4, 0, 131, 131
1339327.3.peg.3022.site.5, 0, 132, 132
1339327.3.peg.3022.site.6, 4, 134, 138
1339327.3.peg.3022.site.7, 40, 135, 175
1339327.3.peg.3022.site.8, 2, 134, 136
1339327.3.peg.3022.site.9, 25, 137, 162
1339327.3.peg.3022.site.10, 3, 133, 136
1339327.3.peg.3028.site.1, 0, 136, 136
1339327.3.peg.3028.site.2, 25, 136, 161
1339327.3.peg.3028.site.3, 5, 137, 142
1339327.3.peg.3028.site.4, 117, 137, 254
1339327.3.peg.3029.site.1, 0, 133, 133
1339327.3.peg.3029.site.2, 2, 133, 135
1339327.3.peg.3029.site.3, 82, 136, 218
1339327.3.peg.3029.site.4, 2, 135, 137
1339327.3.peg.3029.site.5, 3, 133, 136
1339327.3.peg.3029.site.6, 17, 136, 153
1339327.3.peg.3029.site.7, 68, 135, 203
1339327.3.peg.3029.site.8, 79, 135, 214
1339327.3.peg.3029.site.9, 4, 137, 141
1339327.3.peg.3029.site.10, 6, 136, 142
1339327.3.peg.3029.site.11, 22, 136, 158
1339327.3.peg.3029.site.12, 54, 136, 190
1339327.3.peg.3029.site.13, 32, 132, 164
1339327.3.peg.3029.site.14, 0, 133, 133
1339327.3.peg.3029.site.15, 0, 135, 135
1339327.3.peg.3029.site.16, 0, 130, 130
1339327.3.peg.749.site.1, 41, 135, 176
1339327.3.peg.749.site.2, 32, 136, 168
1339327.3.peg.749.site.3, 44, 137, 181
1339327.3.peg.4117.site.1, 0, 134, 134
1339327.3.peg.4117.site.2, 22, 137, 159
1339327.3.peg.4117.site.3, 101, 137, 238
1339327.3.peg.4117.site.4, 25, 132, 157
1339327.3.peg.4117.site.5, 43, 136, 179
1339327.3.peg.4117.site.6, 5, 134, 139
1339327.3.peg.4117.site.7, 3, 134, 137
1339327.3.peg.4117.site.8, 49, 137, 186
1339327.3.peg.4117.site.9, 5, 136, 141
1339327.3.peg.4117.site.10, 125, 136, 261
1339327.3.peg.4117.site.11, 8, 136, 144
1339327.3.peg.4117.site.12, 5, 136, 141
1339327.3.peg.4117.site.13, 68, 137, 205
1339327.3.peg.4117.site.14, 2, 136, 138
1339327.3.peg.4117.site.15, 5, 135, 140
1339327.3.peg.4117.site.16, 7, 134, 141
1339327.3.peg.4117.site.17, 0, 136, 136
1339327.3.peg.4117.site.18, 31, 135, 166
1339327.3.peg.4117.site.19, 128, 137, 265
1339327.3.peg.4117.site.20, 17, 135, 152
1339327.3.peg.4117.site.21, 0, 137, 137
1339327.3.peg.4117.site.22, 4, 134, 138
1339327.3.peg.4117.site.23, 5, 133, 138
1339327.3.peg.4117.site.24, 5, 132, 137
1339327.3.peg.4117.site.25, 0, 114, 114
1339327.3.peg.4117.site.26, 8, 134, 142
1339327.3.peg.4117.site.27, 5, 135, 140
1339327.3.peg.4117.site.28, 4, 135, 139
1339327.3.peg.4117.site.29, 40, 137, 177
1339327.3.peg.4117.site.30, 3, 134, 137
1339327.3.peg.864.site.1, 0, 130, 130
1339327.3.peg.864.site.2, 3, 129, 132
1339327.3.peg.864.site.3, 35, 128, 163
1339327.3.peg.864.site.4, 2, 130, 132
1339327.3.peg.864.site.5, 74, 130, 204
1339327.3.peg.864.site.6, 0, 129, 129
1339327.3.peg.864.site.7, 6, 130, 136
1339327.3.peg.864.site.8, 48, 129, 177
1339327.3.peg.864.site.9, 4, 129, 133
1339327.3.peg.864.site.10, 2, 130, 132
1339327.3.peg.864.site.11, 3, 129, 132
1339327.3.peg.865.site.1, 48, 130, 178
1339327.3.peg.865.site.2, 0, 130, 130
1339327.3.peg.865.site.3, 0, 130, 130
1339327.3.peg.865.site.4, 98, 130, 228
1339327.3.peg.865.site.5, 3, 129, 132
1339327.3.peg.865.site.6, 2, 129, 131
1339327.3.peg.866.site.1, 5, 128, 133
1339327.3.peg.866.site.2, 1, 127, 128
1339327.3.peg.866.site.3, 2, 128, 130
1339327.3.peg.866.site.4, 1, 126, 127
1339327.3.peg.866.site.5, 3, 129, 132
1339327.3.peg.866.site.6, 44, 129, 173
1339327.3.peg.866.site.7, 1, 129, 130
1339327.3.peg.866.site.8, 13, 130, 143
1339327.3.peg.866.site.9, 48, 129, 177
1339327.3.peg.866.site.10, 1, 130, 131
1339327.3.peg.867.site.1, 0, 129, 129
1339327.3.peg.867.site.2, 3, 130, 133
1339327.3.peg.867.site.3, 27, 130, 157
1339327.3.peg.867.site.4, 3, 129, 132
1339327.3.peg.867.site.5, 1, 129, 130
1339327.3.peg.867.site.6, 67, 130, 197
1339327.3.peg.867.site.7, 1, 130, 131
1339327.3.peg.867.site.8, 2, 137, 139
1339327.3.peg.867.site.9, 47, 135, 182
1339327.3.peg.867.site.10, 9, 136, 145
1339327.3.peg.867.site.11, 9, 137, 146
1339327.3.peg.867.site.12, 3, 137, 140
1339327.3.peg.867.site.13, 0, 137, 137
1339327.3.peg.867.site.14, 1, 135, 136
1339327.3.peg.867.site.15, 8, 137, 145
1339327.3.peg.867.site.16, 0, 137, 137
1339327.3.peg.867.site.17, 1, 135, 136
1339327.3.peg.867.site.18, 2, 135, 137
1339327.3.peg.867.site.19, 3, 135, 138
1339327.3.peg.867.site.20, 2, 133, 135
1339327.3.peg.867.site.21, 10, 137, 147
1339327.3.peg.860.site.1, 24, 135, 159
1339327.3.peg.860.site.2, 60, 137, 197
1339327.3.peg.860.site.3, 1, 137, 138
1339327.3.peg.860.site.4, 2, 136, 138
1339327.3.peg.860.site.5, 57, 137, 194
1339327.3.peg.860.site.6, 0, 136, 136
1339327.3.peg.860.site.7, 22, 136, 158
1339327.3.peg.860.site.8, 16, 137, 153
1339327.3.peg.860.site.9, 3, 136, 139
1339327.3.peg.860.site.10, 27, 137, 164
1339327.3.peg.860.site.11, 2, 137, 139
1339327.3.peg.860.site.12, 5, 137, 142
1339327.3.peg.861.site.1, 3, 136, 139
1339327.3.peg.861.site.2, 3, 137, 140
1339327.3.peg.861.site.3, 6, 136, 142
1339327.3.peg.861.site.4, 9, 135, 144
1339327.3.peg.861.site.5, 1, 136, 137
1339327.3.peg.861.site.6, 5, 137, 142
1339327.3.peg.861.site.7, 2, 137, 139
1339327.3.peg.862.site.1, 1, 130, 131
1339327.3.peg.862.site.2, 45, 130, 175
1339327.3.peg.862.site.3, 19, 128, 147
1339327.3.peg.862.site.4, 3, 129, 132
1339327.3.peg.862.site.5, 3, 129, 132
1339327.3.peg.862.site.6, 12, 129, 141
1339327.3.peg.862.site.7, 9, 129, 138
1339327.3.peg.862.site.8, 0, 128, 128
1339327.3.peg.862.site.9, 3, 130, 133
1339327.3.peg.862.site.10, 18, 129, 147
1339327.3.peg.863.site.1, 42, 129, 171
1339327.3.peg.863.site.2, 5, 130, 135
1339327.3.peg.863.site.3, 2, 130, 132
1339327.3.peg.863.site.4, 10, 130, 140
1339327.3.peg.868.site.1, 32, 136, 168
1339327.3.peg.868.site.2, 0, 136, 136
1339327.3.peg.868.site.3, 2, 137, 139
1339327.3.peg.868.site.4, 10, 136, 146
1339327.3.peg.868.site.5, 1, 137, 138
1339327.3.peg.868.site.6, 10, 136, 146
1339327.3.peg.868.site.7, 128, 128, 256
1339327.3.peg.868.site.8, 5, 135, 140
1339327.3.peg.868.site.9, 2, 136, 138
1339327.3.peg.868.site.10, 30, 136, 166
1339327.3.peg.868.site.11, 41, 137, 178
1339327.3.peg.868.site.12, 41, 136, 177
1339327.3.peg.868.site.13, 0, 137, 137
1339327.3.peg.868.site.14, 1, 136, 137
1339327.3.peg.869.site.1, 1, 137, 138
1339327.3.peg.869.site.2, 5, 136, 141
1339327.3.peg.869.site.3, 8, 137, 145
1339327.3.peg.869.site.4, 2, 135, 137
1339327.3.peg.869.site.5, 0, 137, 137
1339327.3.peg.869.site.6, 0, 137, 137
1339327.3.peg.869.site.7, 5, 133, 138
1339327.3.peg.869.site.8, 4, 132, 136
1339327.3.peg.869.site.9, 0, 134, 134
1339327.3.peg.4009.site.1, 2, 132, 134
1339327.3.peg.4009.site.2, 19, 135, 154
1339327.3.peg.4009.site.3, 65, 134, 199
1339327.3.peg.4009.site.4, 2, 136, 138
1339327.3.peg.4009.site.5, 63, 133, 196
1339327.3.peg.4009.site.6, 14, 121, 135
1339327.3.peg.4009.site.7, 2, 122, 124
1339327.3.peg.4009.site.8, 83, 124, 207
1339327.3.peg.4009.site.9, 0, 135, 135
1339327.3.peg.4009.site.10, 1, 135, 136
1339327.3.peg.4009.site.11, 31, 133, 164
1339327.3.peg.4009.site.12, 0, 134, 134
1339327.3.peg.4009.site.13, 0, 134, 134
1339327.3.peg.4007.site.1, 0, 133, 133
1339327.3.peg.4007.site.2, 5, 137, 142
1339327.3.peg.4007.site.3, 2, 137, 139
1339327.3.peg.4007.site.4, 0, 137, 137
1339327.3.peg.4007.site.5, 75, 136, 211
1339327.3.peg.4007.site.6, 6, 137, 143
1339327.3.peg.4007.site.7, 1, 137, 138
1339327.3.peg.4007.site.8, 97, 137, 234
1339327.3.peg.4007.site.9, 2, 135, 137
1339327.3.peg.4007.site.10, 1, 135, 136
1339327.3.peg.4007.site.11, 3, 134, 137
1339327.3.peg.4007.site.12, 1, 136, 137
1339327.3.peg.4007.site.13, 3, 136, 139
1339327.3.peg.4007.site.14, 6, 136, 142
1339327.3.peg.4007.site.15, 3, 137, 140
1339327.3.peg.4007.site.16, 1, 136, 137
1339327.3.peg.4007.site.17, 2, 137, 139
1339327.3.peg.4007.site.18, 0, 137, 137
1339327.3.peg.4007.site.19, 1, 136, 137
1339327.3.peg.4007.site.20, 1, 137, 138
1339327.3.peg.4007.site.21, 9, 137, 146
1339327.3.peg.4007.site.22, 31, 136, 167
1339327.3.peg.4007.site.23, 0, 136, 136
1339327.3.peg.4007.site.24, 84, 135, 219
1339327.3.peg.4007.site.25, 0, 137, 137
1339327.3.peg.4007.site.26, 3, 133, 136
1339327.3.peg.4007.site.27, 2, 137, 139
1339327.3.peg.4007.site.28, 10, 137, 147
1339327.3.peg.4007.site.29, 5, 136, 141
1339327.3.peg.4007.site.30, 39, 136, 175
1339327.3.peg.4007.site.31, 2, 134, 136
1339327.3.peg.4007.site.32, 4, 133, 137
1339327.3.peg.4007.site.33, 7, 135, 142
1339327.3.peg.4007.site.34, 4, 137, 141
1339327.3.peg.4006.site.1, 113, 131, 244
1339327.3.peg.4006.site.2, 3, 131, 134
1339327.3.peg.4006.site.3, 17, 134, 151
1339327.3.peg.4006.site.4, 0, 131, 131
1339327.3.peg.4006.site.5, 4, 132, 136
1339327.3.peg.4006.site.6, 3, 135, 138
1339327.3.peg.4006.site.7, 12, 135, 147
1339327.3.peg.4006.site.8, 0, 131, 131
1339327.3.peg.4006.site.9, 5, 132, 137
1339327.3.peg.4006.site.10, 3, 133, 136
1339327.3.peg.4006.site.11, 3, 132, 135
1339327.3.peg.4006.site.12, 7, 133, 140
1339327.3.peg.4006.site.13, 0, 131, 131
1339327.3.peg.4005.site.1, 1, 132, 133
1339327.3.peg.4005.site.2, 0, 133, 133
1339327.3.peg.4005.site.3, 3, 134, 137
1339327.3.peg.4005.site.4, 11, 133, 144
1339327.3.peg.4005.site.5, 1, 134, 135
1339327.3.peg.4005.site.6, 1, 135, 136
1339327.3.peg.4005.site.7, 115, 135, 250
1339327.3.peg.4005.site.8, 1, 134, 135
1339327.3.peg.4005.site.9, 82, 135, 217
1339327.3.peg.4005.site.10, 1, 133, 134
1339327.3.peg.4005.site.11, 3, 119, 122
1339327.3.peg.4004.site.1, 11, 126, 137
1339327.3.peg.4004.site.2, 33, 125, 158
1339327.3.peg.4004.site.3, 12, 122, 134
1339327.3.peg.4004.site.4, 12, 120, 132
1339327.3.peg.4004.site.5, 1, 124, 125
1339327.3.peg.4004.site.6, 0, 116, 116
1339327.3.peg.4004.site.7, 3, 117, 120
1339327.3.peg.4004.site.8, 1, 120, 121
1339327.3.peg.4004.site.9, 12, 127, 139
1339327.3.peg.4003.site.1, 3, 124, 127
1339327.3.peg.4003.site.2, 0, 124, 124
1339327.3.peg.4003.site.3, 3, 123, 126
1339327.3.peg.4003.site.4, 0, 124, 124
1339327.3.peg.4003.site.5, 2, 122, 124
1339327.3.peg.4003.site.6, 6, 120, 126
1339327.3.peg.4003.site.7, 0, 121, 121
1339327.3.peg.4001.site.1, 0, 124, 124
1339327.3.peg.4001.site.2, 6, 123, 129
1339327.3.peg.4001.site.3, 6, 124, 130
1339327.3.peg.4001.site.4, 1, 124, 125
1339327.3.peg.4001.site.5, 13, 119, 132
1339327.3.peg.4001.site.6, 12, 125, 137
1339327.3.peg.4745.site.1, 3, 136, 139
1339327.3.peg.4745.site.2, 11, 132, 143
1339327.3.peg.4745.site.3, 3, 137, 140
1339327.3.peg.4745.site.4, 1, 137, 138
1339327.3.peg.4745.site.5, 2, 137, 139
1339327.3.peg.4745.site.6, 12, 137, 149
1339327.3.peg.4745.site.7, 1, 137, 138
1339327.3.peg.4745.site.8, 37, 136, 173
1339327.3.peg.4745.site.9, 2, 137, 139
1339327.3.peg.4745.site.10, 16, 137, 153
1339327.3.peg.4745.site.11, 3, 136, 139
1339327.3.peg.4745.site.12, 1, 137, 138
1339327.3.peg.4745.site.13, 26, 136, 162
1339327.3.peg.4745.site.14, 29, 137, 166
1339327.3.peg.4745.site.15, 37, 137, 174
1339327.3.peg.4745.site.16, 99, 134, 233
1339327.3.peg.4745.site.17, 3, 134, 137
1339327.3.peg.4745.site.18, 25, 133, 158
1339327.3.peg.4745.site.19, 47, 132, 179
1339327.3.peg.4745.site.20, 96, 135, 231
1339327.3.peg.4835.site.1, 13, 137, 150
1339327.3.peg.4835.site.2, 5, 137, 142
1339327.3.peg.4835.site.3, 102, 137, 239
1339327.3.peg.4835.site.4, 43, 137, 180
1339327.3.peg.4835.site.5, 1, 137, 138
1339327.3.peg.4835.site.6, 0, 137, 137
1339327.3.peg.4835.site.7, 40, 136, 176
1339327.3.peg.4835.site.8, 120, 137, 257
1339327.3.peg.4850.site.1, 3, 134, 137
1339327.3.peg.4850.site.2, 3, 134, 137
1339327.3.peg.4850.site.3, 37, 137, 174
1339327.3.peg.4850.site.4, 3, 137, 140
1339327.3.peg.4850.site.5, 3, 135, 138
1339327.3.peg.4850.site.6, 16, 135, 151
1339327.3.peg.4850.site.7, 7, 135, 142
1339327.3.peg.4850.site.8, 58, 135, 193
1339327.3.peg.4850.site.9, 12, 130, 142
1339327.3.peg.4850.site.10, 3, 136, 139
1339327.3.peg.4850.site.11, 3, 136, 139
1339327.3.peg.4850.site.12, 1, 135, 136
1339327.3.peg.4850.site.13, 0, 136, 136
1339327.3.peg.4850.site.14, 21, 136, 157
1339327.3.peg.4850.site.15, 1, 137, 138
1339327.3.peg.4850.site.16, 10, 136, 146
1339327.3.peg.4850.site.17, 4, 136, 140
1339327.3.peg.4850.site.18, 121, 136, 257
1339327.3.peg.4850.site.19, 5, 135, 140
1339327.3.peg.4850.site.20, 53, 136, 189
1339327.3.peg.4850.site.21, 94, 136, 230
1339327.3.peg.4850.site.22, 24, 135, 159
1339327.3.peg.4850.site.23, 119, 137, 256
1339327.3.peg.4850.site.24, 2, 136, 138
1339327.3.peg.4850.site.25, 4, 136, 140
1339327.3.peg.4850.site.26, 6, 135, 141
1339327.3.peg.4850.site.27, 0, 135, 135
1339327.3.peg.4850.site.28, 17, 137, 154
1339327.3.peg.4850.site.29, 79, 136, 215
1339327.3.peg.4119.site.1, 36, 136, 172
1339327.3.peg.4119.site.2, 4, 137, 141
1339327.3.peg.4119.site.3, 3, 136, 139
1339327.3.peg.4119.site.4, 0, 136, 136
1339327.3.peg.4119.site.5, 29, 137, 166
1339327.3.peg.4119.site.6, 5, 135, 140
1339327.3.peg.4119.site.7, 49, 135, 184
1339327.3.peg.4119.site.8, 0, 134, 134
1339327.3.peg.4119.site.9, 0, 134, 134
1339327.3.peg.4119.site.10, 5, 136, 141
1339327.3.peg.4119.site.11, 0, 136, 136
1339327.3.peg.4119.site.12, 8, 136, 144
1339327.3.peg.4118.site.1, 22, 136, 158
1339327.3.peg.4118.site.2, 2, 136, 138
1339327.3.peg.4118.site.3, 2, 134, 136
1339327.3.peg.1239.site.1, 1, 136, 137
1339327.3.peg.1239.site.2, 3, 135, 138
1339327.3.peg.1239.site.3, 9, 136, 145
1339327.3.peg.1239.site.4, 8, 136, 144
1339327.3.peg.1239.site.5, 1, 137, 138
1339327.3.peg.1239.site.6, 1, 136, 137
1339327.3.peg.1239.site.7, 42, 136, 178
1339327.3.peg.1239.site.8, 21, 137, 158
1339327.3.peg.1238.site.1, 5, 137, 142
1339327.3.peg.1238.site.2, 18, 122, 140
1339327.3.peg.1238.site.3, 3, 120, 123
1339327.3.peg.1238.site.4, 0, 123, 123
1339327.3.peg.1238.site.5, 19, 123, 142
1339327.3.peg.1238.site.6, 3, 136, 139
1339327.3.peg.1238.site.7, 6, 137, 143
1339327.3.peg.1238.site.8, 1, 136, 137
1339327.3.peg.1238.site.9, 5, 135, 140
1339327.3.peg.1238.site.10, 0, 136, 136
1339327.3.peg.1237.site.1, 31, 136, 167
1339327.3.peg.1237.site.2, 8, 134, 142
1339327.3.peg.1237.site.3, 0, 137, 137
1339327.3.peg.1237.site.4, 17, 136, 153
1339327.3.peg.1237.site.5, 45, 137, 182
1339327.3.peg.1237.site.6, 3, 136, 139
1339327.3.peg.1237.site.7, 2, 137, 139
1339327.3.peg.1235.site.1, 3, 133, 136
1339327.3.peg.1235.site.2, 29, 136, 165
1339327.3.peg.1235.site.3, 3, 137, 140
1339327.3.peg.1235.site.4, 41, 137, 178
1339327.3.peg.1235.site.5, 2, 136, 138
1339327.3.peg.1235.site.6, 3, 137, 140
1339327.3.peg.1235.site.7, 89, 137, 226
1339327.3.peg.1235.site.8, 5, 135, 140
1339327.3.peg.1235.site.9, 4, 137, 141
1339327.3.peg.1235.site.10, 0, 137, 137
1339327.3.peg.1235.site.11, 12, 137, 149
1339327.3.peg.1235.site.12, 3, 137, 140
1339327.3.peg.1235.site.13, 26, 137, 163
1339327.3.peg.1235.site.14, 2, 136, 138
1339327.3.peg.1235.site.15, 2, 137, 139
1339327.3.peg.1235.site.16, 3, 137, 140
1339327.3.peg.1235.site.17, 32, 135, 167
1339327.3.peg.1234.site.1, 4, 135, 139
1339327.3.peg.1234.site.2, 53, 134, 187
1339327.3.peg.1234.site.3, 37, 135, 172
1339327.3.peg.1234.site.4, 20, 134, 154
1339327.3.peg.1234.site.5, 108, 135, 243
1339327.3.peg.1234.site.6, 92, 134, 226
1339327.3.peg.1234.site.7, 13, 135, 148
1339327.3.peg.1234.site.8, 0, 134, 134
1339327.3.peg.1234.site.9, 1, 133, 134
1339327.3.peg.1234.site.10, 8, 134, 142
1339327.3.peg.1234.site.11, 4, 134, 138
1339327.3.peg.1234.site.12, 3, 135, 138
1339327.3.peg.1234.site.13, 0, 133, 133
1339327.3.peg.1234.site.14, 0, 135, 135
1339327.3.peg.1233.site.1, 5, 133, 138
1339327.3.peg.1233.site.2, 8, 133, 141
1339327.3.peg.1233.site.3, 2, 132, 134
1339327.3.peg.1232.site.1, 26, 133, 159
1339327.3.peg.1232.site.2, 21, 134, 155
1339327.3.peg.1232.site.3, 1, 132, 133
1339327.3.peg.1232.site.4, 4, 131, 135
1339327.3.peg.1232.site.5, 0, 131, 131
1339327.3.peg.1232.site.6, 2, 134, 136
1339327.3.peg.1232.site.7, 3, 135, 138
1339327.3.peg.1232.site.8, 0, 135, 135
1339327.3.peg.1232.site.9, 10, 135, 145
1339327.3.peg.1232.site.10, 36, 134, 170
1339327.3.peg.1232.site.11, 40, 134, 174
1339327.3.peg.1232.site.12, 1, 135, 136
1339327.3.peg.1232.site.13, 2, 135, 137
1339327.3.peg.1232.site.14, 0, 134, 134
1339327.3.peg.1232.site.15, 2, 135, 137
1339327.3.peg.1232.site.16, 0, 135, 135
1339327.3.peg.1232.site.17, 2, 134, 136
1339327.3.peg.1232.site.18, 2, 133, 135
1339327.3.peg.1232.site.19, 29, 133, 162
1339327.3.peg.1232.site.20, 13, 134, 147
1339327.3.peg.1232.site.21, 2, 134, 136
1339327.3.peg.1232.site.22, 28, 135, 163
1339327.3.peg.1232.site.23, 0, 134, 134
1339327.3.peg.1232.site.24, 2, 135, 137
1339327.3.peg.1232.site.25, 1, 134, 135
1339327.3.peg.1232.site.26, 2, 135, 137
1339327.3.peg.1232.site.27, 1, 134, 135
1339327.3.peg.1232.site.28, 6, 134, 140
1339327.3.peg.1232.site.29, 2, 135, 137
1339327.3.peg.1232.site.30, 25, 135, 160
1339327.3.peg.1232.site.31, 60, 135, 195
1339327.3.peg.1232.site.32, 6, 134, 140
1339327.3.peg.1232.site.33, 2, 134, 136
1339327.3.peg.1232.site.34, 97, 134, 231
1339327.3.peg.1232.site.35, 6, 135, 141
1339327.3.peg.1232.site.36, 22, 134, 156
1339327.3.peg.1232.site.37, 1, 135, 136
1339327.3.peg.1232.site.38, 6, 135, 141
1339327.3.peg.1232.site.39, 92, 134, 226
1339327.3.peg.1232.site.40, 29, 134, 163
1339327.3.peg.1232.site.41, 2, 134, 136
1339327.3.peg.1232.site.42, 0, 135, 135
1339327.3.peg.1232.site.43, 22, 135, 157
1339327.3.peg.1231.site.1, 5, 134, 139
1339327.3.peg.1231.site.2, 13, 135, 148
1339327.3.peg.1231.site.3, 3, 135, 138
1339327.3.peg.1231.site.4, 6, 134, 140
1339327.3.peg.1231.site.5, 99, 135, 234
1339327.3.peg.1231.site.6, 1, 134, 135
1339327.3.peg.1231.site.7, 3, 135, 138
1339327.3.peg.1231.site.8, 1, 135, 136
1339327.3.peg.1231.site.9, 12, 135, 147
1339327.3.peg.1231.site.10, 116, 135, 251
1339327.3.peg.1231.site.11, 88, 132, 220
1339327.3.peg.1231.site.12, 0, 132, 132
1339327.3.peg.1231.site.13, 4, 134, 138
1339327.3.peg.1231.site.14, 2, 134, 136
1339327.3.peg.1231.site.15, 0, 133, 133
1339327.3.peg.4173.site.1, 19, 124, 143
1339327.3.peg.4171.site.1, 8, 134, 142
1339327.3.peg.4171.site.2, 2, 136, 138
1339327.3.peg.4171.site.3, 0, 136, 136
1339327.3.peg.4171.site.4, 3, 137, 140
1339327.3.peg.4171.site.5, 1, 136, 137
1339327.3.peg.4171.site.6, 131, 137, 268
1339327.3.peg.4171.site.7, 1, 137, 138
1339327.3.peg.4170.site.1, 73, 136, 209
1339327.3.peg.4170.site.2, 1, 134, 135
1339327.3.peg.4170.site.3, 6, 136, 142
1339327.3.peg.4170.site.4, 1, 133, 134
1339327.3.peg.4177.site.1, 14, 136, 150
1339327.3.peg.4177.site.2, 0, 131, 131
1339327.3.peg.4177.site.3, 5, 136, 141
1339327.3.peg.4177.site.4, 0, 134, 134
1339327.3.peg.4177.site.5, 74, 137, 211
1339327.3.peg.4177.site.6, 1, 137, 138
1339327.3.peg.4177.site.7, 105, 137, 242
1339327.3.peg.4177.site.8, 4, 137, 141
1339327.3.peg.4177.site.9, 7, 136, 143
1339327.3.peg.4177.site.10, 1, 136, 137
1339327.3.peg.4177.site.11, 31, 136, 167
1339327.3.peg.4177.site.12, 11, 135, 146
1339327.3.peg.4177.site.13, 24, 134, 158
1339327.3.peg.4177.site.14, 46, 136, 182
1339327.3.peg.4177.site.15, 7, 135, 142
1339327.3.peg.4177.site.16, 0, 134, 134
1339327.3.peg.4177.site.17, 10, 135, 145
1339327.3.peg.4177.site.18, 0, 135, 135
1339327.3.peg.4177.site.19, 0, 137, 137
1339327.3.peg.4176.site.1, 1, 137, 138
1339327.3.peg.4176.site.2, 1, 137, 138
1339327.3.peg.4176.site.3, 3, 136, 139
1339327.3.peg.4176.site.4, 4, 136, 140
1339327.3.peg.4176.site.5, 51, 137, 188
1339327.3.peg.4176.site.6, 10, 137, 147
1339327.3.peg.4175.site.1, 4, 137, 141
1339327.3.peg.4175.site.2, 56, 136, 192
1339327.3.peg.4175.site.3, 44, 132, 176
1339327.3.peg.4175.site.4, 1, 136, 137
1339327.3.peg.4175.site.5, 34, 136, 170
1339327.3.peg.4174.site.1, 56, 135, 191
1339327.3.peg.4174.site.2, 61, 136, 197
1339327.3.peg.4174.site.3, 67, 136, 203
1339327.3.peg.4174.site.4, 26, 137, 163
1339327.3.peg.4174.site.5, 1, 136, 137
1339327.3.peg.4174.site.6, 1, 136, 137
1339327.3.peg.4174.site.7, 11, 137, 148
1339327.3.peg.4174.site.8, 2, 136, 138
1339327.3.peg.4915.site.1, 0, 137, 137
1339327.3.peg.4915.site.2, 2, 136, 138
1339327.3.peg.4915.site.3, 132, 137, 269
1339327.3.peg.4915.site.4, 0, 134, 134
1339327.3.peg.4915.site.5, 0, 136, 136
1339327.3.peg.4915.site.6, 25, 136, 161
1339327.3.peg.4915.site.7, 0, 137, 137
1339327.3.peg.4915.site.8, 3, 137, 140
1339327.3.peg.4915.site.9, 15, 135, 150
1339327.3.peg.4179.site.1, 1, 137, 138
1339327.3.peg.4179.site.2, 12, 137, 149
1339327.3.peg.4179.site.3, 131, 137, 268
1339327.3.peg.4179.site.4, 20, 137, 157
1339327.3.peg.4179.site.5, 2, 137, 139
1339327.3.peg.4179.site.6, 0, 137, 137
1339327.3.peg.4179.site.7, 1, 137, 138
1339327.3.peg.4179.site.8, 107, 136, 243
1339327.3.peg.4178.site.1, 1, 136, 137
1339327.3.peg.4178.site.2, 1, 137, 138
1339327.3.peg.4178.site.3, 23, 137, 160
1339327.3.peg.4178.site.4, 2, 137, 139
1339327.3.peg.4178.site.5, 3, 137, 140
1339327.3.peg.4178.site.6, 0, 137, 137
1339327.3.peg.4178.site.7, 5, 137, 142
1339327.3.peg.4178.site.8, 63, 135, 198
1339327.3.peg.4178.site.9, 6, 137, 143
1339327.3.peg.4178.site.10, 15, 137, 152
1339327.3.peg.4178.site.11, 7, 137, 144
1339327.3.peg.4178.site.12, 10, 136, 146
1339327.3.peg.4913.site.1, 5, 136, 141
1339327.3.peg.3982.site.1, 4, 129, 133
1339327.3.peg.3982.site.2, 2, 129, 131
1339327.3.peg.3982.site.3, 2, 128, 130
1339327.3.peg.3982.site.4, 4, 128, 132
1339327.3.peg.3982.site.5, 18, 129, 147
1339327.3.peg.3982.site.6, 2, 129, 131
1339327.3.peg.3982.site.7, 5, 130, 135
1339327.3.peg.3982.site.8, 19, 130, 149
1339327.3.peg.3982.site.9, 126, 131, 257
1339327.3.peg.3982.site.10, 4, 130, 134
1339327.3.peg.3982.site.11, 5, 131, 136
1339327.3.peg.4932.site.1, 57, 135, 192
1339327.3.peg.4932.site.2, 5, 135, 140
1339327.3.peg.4932.site.3, 3, 137, 140
1339327.3.peg.4932.site.4, 3, 135, 138
1339327.3.peg.4753.site.1, 0, 136, 136
1339327.3.peg.4753.site.2, 3, 136, 139
1339327.3.peg.4753.site.3, 2, 136, 138
1339327.3.peg.4753.site.4, 10, 136, 146
1339327.3.peg.4753.site.5, 49, 135, 184
1339327.3.peg.4753.site.6, 0, 135, 135
1339327.3.peg.4753.site.7, 1, 135, 136
1339327.3.peg.4752.site.1, 2, 136, 138
1339327.3.peg.4752.site.2, 3, 134, 137
1339327.3.peg.4752.site.3, 2, 134, 136
1339327.3.peg.4752.site.4, 3, 135, 138
1339327.3.peg.4752.site.5, 59, 134, 193
1339327.3.peg.4752.site.6, 15, 136, 151
1339327.3.peg.4752.site.7, 3, 136, 139
1339327.3.peg.4752.site.8, 5, 136, 141
1339327.3.peg.4752.site.9, 28, 135, 163
1339327.3.peg.4752.site.10, 39, 135, 174
1339327.3.peg.4752.site.11, 1, 136, 137
1339327.3.peg.4752.site.12, 2, 136, 138
1339327.3.peg.4752.site.13, 3, 136, 139
1339327.3.peg.4752.site.14, 1, 136, 137
1339327.3.peg.4750.site.1, 1, 137, 138
1339327.3.peg.4750.site.2, 2, 136, 138
1339327.3.peg.4750.site.3, 7, 137, 144
1339327.3.peg.4750.site.4, 16, 135, 151
1339327.3.peg.4750.site.5, 9, 136, 145
1339327.3.peg.4750.site.6, 3, 137, 140
1339327.3.peg.4750.site.7, 40, 137, 177
1339327.3.peg.4750.site.8, 0, 136, 136
1339327.3.peg.4750.site.9, 4, 136, 140
1339327.3.peg.4754.site.1, 5, 135, 140
1339327.3.peg.4754.site.2, 32, 135, 167
1339327.3.peg.4754.site.3, 19, 137, 156
1339327.3.peg.4754.site.4, 112, 135, 247
1339327.3.peg.4754.site.5, 1, 136, 137
1339327.3.peg.4754.site.6, 2, 137, 139
1339327.3.peg.4754.site.7, 24, 137, 161
1339327.3.peg.4754.site.8, 5, 137, 142
1339327.3.peg.4754.site.9, 5, 137, 142
1339327.3.peg.4754.site.10, 2, 137, 139
1339327.3.peg.4754.site.11, 74, 137, 211
1339327.3.peg.4754.site.12, 4, 137, 141
1339327.3.peg.4754.site.13, 4, 137, 141
1339327.3.peg.4754.site.14, 4, 137, 141
1339327.3.peg.4754.site.15, 25, 135, 160
1339327.3.peg.1523.site.1, 2, 131, 133
1339327.3.peg.1523.site.2, 2, 131, 133
1339327.3.peg.1523.site.3, 2, 132, 134
1339327.3.peg.1523.site.4, 128, 133, 261
1339327.3.peg.1523.site.5, 24, 133, 157
1339327.3.peg.1523.site.6, 1, 133, 134
1339327.3.peg.1523.site.7, 20, 133, 153
1339327.3.peg.1523.site.8, 20, 132, 152
1339327.3.peg.1523.site.9, 4, 132, 136
1339327.3.peg.1523.site.10, 5, 133, 138
1339327.3.peg.1523.site.11, 5, 133, 138
1339327.3.peg.1523.site.12, 6, 130, 136
1339327.3.peg.1523.site.13, 1, 132, 133
1339327.3.peg.1523.site.14, 0, 135, 135
1339327.3.peg.1523.site.15, 70, 135, 205
1339327.3.peg.1523.site.16, 86, 135, 221
1339327.3.peg.1523.site.17, 7, 136, 143
1339327.3.peg.1523.site.18, 0, 135, 135
1339327.3.peg.1523.site.19, 72, 135, 207
1339327.3.peg.1523.site.20, 1, 135, 136
1339327.3.peg.1523.site.21, 29, 136, 165
1339327.3.peg.1523.site.22, 19, 136, 155
1339327.3.peg.1523.site.23, 49, 130, 179
1339327.3.peg.1522.site.1, 0, 33, 33
1339327.3.peg.1522.site.2, 0, 98, 98
1339327.3.peg.1522.site.3, 14, 121, 135
1339327.3.peg.1522.site.4, 101, 127, 228
1339327.3.peg.1522.site.5, 9, 125, 134
1339327.3.peg.1522.site.6, 1, 101, 102
1339327.3.peg.1522.site.7, 104, 132, 236
1339327.3.peg.1522.site.8, 0, 134, 134
1339327.3.peg.1522.site.9, 7, 137, 144
1339327.3.peg.1522.site.10, 1, 137, 138
1339327.3.peg.1522.site.11, 94, 137, 231
1339327.3.peg.1522.site.12, 1, 130, 131
1339327.3.peg.1522.site.13, 46, 82, 128
1339327.3.peg.1522.site.14, 45, 83, 128
1339327.3.peg.1522.site.15, 46, 84, 130
1339327.3.peg.1522.site.16, 46, 83, 129
1339327.3.peg.1522.site.17, 42, 79, 121
1339327.3.peg.1522.site.18, 42, 79, 121
1339327.3.peg.1522.site.19, 3, 94, 97
1339327.3.peg.1522.site.20, 95, 133, 228
1339327.3.peg.1522.site.21, 96, 133, 229
1339327.3.peg.1522.site.22, 0, 132, 132
1339327.3.peg.1522.site.23, 32, 133, 165
1339327.3.peg.1522.site.24, 2, 133, 135
1339327.3.peg.1522.site.25, 2, 133, 135
1339327.3.peg.1522.site.26, 25, 132, 157
1339327.3.peg.1522.site.27, 4, 131, 135
1339327.3.peg.1522.site.28, 12, 132, 144
1339327.3.peg.1522.site.29, 2, 132, 134
1339327.3.peg.1522.site.30, 95, 133, 228
1339327.3.peg.1522.site.31, 80, 133, 213
1339327.3.peg.1522.site.32, 3, 133, 136
1339327.3.peg.1522.site.33, 0, 126, 126
1339327.3.peg.1522.site.34, 0, 130, 130
1339327.3.peg.1522.site.35, 91, 129, 220
1339327.3.peg.1522.site.36, 3, 130, 133
1339327.3.peg.1522.site.37, 2, 131, 133
1339327.3.peg.1522.site.38, 13, 132, 145
1339327.3.peg.1522.site.39, 0, 132, 132
1339327.3.peg.1522.site.40, 0, 131, 131
1339327.3.peg.1522.site.41, 0, 131, 131
1339327.3.peg.1522.site.42, 123, 132, 255
1339327.3.peg.1522.site.43, 16, 133, 149
1339327.3.peg.1522.site.44, 4, 131, 135
1339327.3.peg.1522.site.45, 3, 132, 135
1339327.3.peg.1522.site.46, 21, 133, 154
1339327.3.peg.1522.site.47, 3, 133, 136
1339327.3.peg.1522.site.48, 7, 131, 138
1339327.3.peg.1522.site.49, 4, 133, 137
1339327.3.peg.1527.site.1, 4, 133, 137
1339327.3.peg.1527.site.2, 5, 132, 137
1339327.3.peg.1527.site.3, 2, 136, 138
1339327.3.peg.1527.site.4, 8, 135, 143
1339327.3.peg.1527.site.5, 113, 135, 248
1339327.3.peg.1527.site.6, 8, 137, 145
1339327.3.peg.1527.site.7, 41, 134, 175
1339327.3.peg.1527.site.8, 1, 135, 136
1339327.3.peg.1527.site.9, 131, 136, 267
1339327.3.peg.1527.site.10, 9, 135, 144
1339327.3.peg.1527.site.11, 4, 136, 140
1339327.3.peg.1527.site.12, 63, 136, 199
1339327.3.peg.1527.site.13, 8, 136, 144
1339327.3.peg.1527.site.14, 15, 135, 150
1339327.3.peg.1527.site.15, 132, 137, 269
1339327.3.peg.1526.site.1, 73, 134, 207
1339327.3.peg.1526.site.2, 0, 135, 135
1339327.3.peg.1526.site.3, 4, 137, 141
1339327.3.peg.1526.site.4, 3, 137, 140
1339327.3.peg.1526.site.5, 3, 136, 139
1339327.3.peg.1526.site.6, 20, 135, 155
1339327.3.peg.1526.site.7, 3, 136, 139
1339327.3.peg.1526.site.8, 4, 136, 140
1339327.3.peg.1526.site.9, 4, 134, 138
1339327.3.peg.1526.site.10, 3, 135, 138
1339327.3.peg.1524.site.1, 2, 126, 128
1339327.3.peg.1524.site.2, 0, 132, 132
1339327.3.peg.1524.site.3, 11, 136, 147
1339327.3.peg.1524.site.4, 6, 137, 143
1339327.3.peg.1524.site.5, 7, 137, 144
1339327.3.peg.1524.site.6, 39, 135, 174
1339327.3.peg.1524.site.7, 3, 137, 140
1339327.3.peg.1524.site.8, 0, 137, 137
1339327.3.peg.1524.site.9, 0, 137, 137
1339327.3.peg.1524.site.10, 49, 136, 185
1339327.3.peg.1524.site.11, 3, 135, 138
1339327.3.peg.1524.site.12, 4, 137, 141
1339327.3.peg.1524.site.13, 3, 136, 139
1339327.3.peg.1524.site.14, 97, 136, 233
1339327.3.peg.1524.site.15, 6, 136, 142
1339327.3.peg.1524.site.16, 66, 136, 202
1339327.3.peg.1524.site.17, 35, 136, 171
1339327.3.peg.1524.site.18, 102, 136, 238
1339327.3.peg.1529.site.1, 82, 135, 217
1339327.3.peg.1529.site.2, 3, 134, 137
1339327.3.peg.1529.site.3, 4, 131, 135
1339327.3.peg.1529.site.4, 10, 135, 145
1339327.3.peg.1529.site.5, 3, 137, 140
1339327.3.peg.1529.site.6, 10, 136, 146
1339327.3.peg.1529.site.7, 29, 136, 165
1339327.3.peg.1529.site.8, 14, 137, 151
1339327.3.peg.1529.site.9, 0, 137, 137
1339327.3.peg.1529.site.10, 0, 137, 137
1339327.3.peg.1529.site.11, 128, 136, 264
1339327.3.peg.1528.site.1, 0, 135, 135
1339327.3.peg.1528.site.2, 131, 136, 267
1339327.3.peg.1528.site.3, 67, 134, 201
1339327.3.peg.4357.site.1, 114, 134, 248
1339327.3.peg.4357.site.2, 5, 135, 140
1339327.3.peg.4357.site.3, 0, 137, 137
1339327.3.peg.4357.site.4, 1, 136, 137
1339327.3.peg.4357.site.5, 74, 137, 211
1339327.3.peg.4357.site.6, 0, 137, 137
1339327.3.peg.4357.site.7, 3, 134, 137
1339327.3.peg.4357.site.8, 0, 137, 137
1339327.3.peg.4357.site.9, 127, 137, 264
1339327.3.peg.4357.site.10, 0, 136, 136
1339327.3.peg.4357.site.11, 44, 130, 174
1339327.3.peg.4357.site.12, 0, 131, 131
1339327.3.peg.4357.site.13, 93, 134, 227
1339327.3.peg.4357.site.14, 4, 130, 134
1339327.3.peg.4357.site.15, 6, 136, 142
1339327.3.peg.4357.site.16, 50, 137, 187
1339327.3.peg.4357.site.17, 6, 136, 142
1339327.3.peg.4357.site.18, 7, 137, 144
1339327.3.peg.4357.site.19, 8, 137, 145
1339327.3.peg.4357.site.20, 10, 137, 147
1339327.3.peg.4357.site.21, 22, 137, 159
1339327.3.peg.4357.site.22, 2, 136, 138
1339327.3.peg.4357.site.23, 1, 137, 138
1339327.3.peg.4357.site.24, 1, 136, 137
1339327.3.peg.4357.site.25, 20, 136, 156
1339327.3.peg.4357.site.26, 1, 133, 134
1339327.3.peg.4357.site.27, 13, 136, 149
1339327.3.peg.4357.site.28, 3, 135, 138
1339327.3.peg.4357.site.29, 51, 135, 186
1339327.3.peg.4357.site.30, 13, 137, 150
1339327.3.peg.4356.site.1, 2, 133, 135
1339327.3.peg.4356.site.2, 3, 136, 139
1339327.3.peg.4356.site.3, 1, 135, 136
1339327.3.peg.4356.site.4, 2, 135, 137
1339327.3.peg.4356.site.5, 4, 136, 140
1339327.3.peg.4356.site.6, 31, 137, 168
1339327.3.peg.4355.site.1, 0, 136, 136
1339327.3.peg.4355.site.2, 3, 137, 140
1339327.3.peg.4355.site.3, 3, 137, 140
1339327.3.peg.4355.site.4, 14, 133, 147
1339327.3.peg.4355.site.5, 25, 134, 159
1339327.3.peg.4355.site.6, 10, 127, 137
1339327.3.peg.4355.site.7, 6, 130, 136
1339327.3.peg.4355.site.8, 1, 131, 132
1339327.3.peg.4355.site.9, 9, 135, 144
1339327.3.peg.4355.site.10, 84, 135, 219
1339327.3.peg.4355.site.11, 3, 133, 136
1339327.3.peg.4354.site.1, 3, 135, 138
1339327.3.peg.4354.site.2, 2, 136, 138
1339327.3.peg.4354.site.3, 1, 137, 138
1339327.3.peg.4354.site.4, 13, 137, 150
1339327.3.peg.4354.site.5, 5, 137, 142
1339327.3.peg.4354.site.6, 9, 136, 145
1339327.3.peg.4354.site.7, 26, 136, 162
1339327.3.peg.4353.site.1, 3, 137, 140
1339327.3.peg.4353.site.2, 1, 136, 137
1339327.3.peg.4353.site.3, 6, 135, 141
1339327.3.peg.4353.site.4, 41, 136, 177
1339327.3.peg.4353.site.5, 14, 137, 151
1339327.3.peg.4353.site.6, 1, 135, 136
1339327.3.peg.4353.site.7, 6, 134, 140
1339327.3.peg.4353.site.8, 1, 131, 132
1339327.3.peg.4353.site.9, 0, 134, 134
1339327.3.peg.4353.site.10, 4, 135, 139
1339327.3.peg.4353.site.11, 3, 136, 139
1339327.3.peg.4353.site.12, 1, 136, 137
1339327.3.peg.4353.site.13, 8, 133, 141
1339327.3.peg.4353.site.14, 1, 134, 135
1339327.3.peg.4353.site.15, 7, 137, 144
1339327.3.peg.4353.site.16, 0, 136, 136
1339327.3.peg.4352.site.1, 2, 135, 137
1339327.3.peg.4351.site.1, 0, 136, 136
1339327.3.peg.4351.site.2, 2, 136, 138
1339327.3.peg.4351.site.3, 0, 137, 137
1339327.3.peg.4351.site.4, 9, 136, 145
1339327.3.peg.4351.site.5, 5, 136, 141
1339327.3.peg.4351.site.6, 5, 136, 141
1339327.3.peg.4351.site.7, 13, 134, 147
1339327.3.peg.4351.site.8, 13, 136, 149
1339327.3.peg.4351.site.9, 40, 134, 174
1339327.3.peg.4351.site.10, 3, 135, 138
1339327.3.peg.4351.site.11, 9, 136, 145
1339327.3.peg.4351.site.12, 19, 135, 154
1339327.3.peg.4351.site.13, 1, 135, 136
1339327.3.peg.4351.site.14, 12, 137, 149
1339327.3.peg.4351.site.15, 17, 136, 153
1339327.3.peg.4351.site.16, 6, 136, 142
1339327.3.peg.4351.site.17, 5, 134, 139
1339327.3.peg.4351.site.18, 6, 136, 142
1339327.3.peg.4351.site.19, 3, 137, 140
1339327.3.peg.4351.site.20, 10, 134, 144
1339327.3.peg.4351.site.21, 41, 133, 174
1339327.3.peg.4351.site.22, 7, 134, 141
1339327.3.peg.4351.site.23, 19, 134, 153
1339327.3.peg.4351.site.24, 0, 137, 137
1339327.3.peg.4351.site.25, 8, 135, 143
1339327.3.peg.4351.site.26, 126, 137, 263
1339327.3.peg.4351.site.27, 2, 135, 137
1339327.3.peg.4351.site.28, 0, 137, 137
1339327.3.peg.4351.site.29, 1, 137, 138
1339327.3.peg.4351.site.30, 30, 134, 164
1339327.3.peg.4359.site.1, 5, 136, 141
1339327.3.peg.4359.site.2, 1, 136, 137
1339327.3.peg.4359.site.3, 1, 129, 130
1339327.3.peg.4359.site.4, 1, 112, 113
1339327.3.peg.4358.site.1, 8, 136, 144
1339327.3.peg.4358.site.2, 24, 136, 160
1339327.3.peg.4358.site.3, 2, 135, 137
1339327.3.peg.4358.site.4, 1, 137, 138
1339327.3.peg.4358.site.5, 1, 137, 138
1339327.3.peg.4358.site.6, 3, 137, 140
1339327.3.peg.4358.site.7, 3, 137, 140
1339327.3.peg.4358.site.8, 2, 136, 138
1339327.3.peg.4358.site.9, 5, 132, 137
1339327.3.peg.4358.site.10, 5, 137, 142
1339327.3.peg.4358.site.11, 0, 137, 137
1339327.3.peg.4358.site.12, 3, 136, 139
1339327.3.peg.4358.site.13, 22, 137, 159
1339327.3.peg.4358.site.14, 0, 136, 136
1339327.3.peg.4358.site.15, 2, 137, 139
1339327.3.peg.1141.site.1, 21, 135, 156
1339327.3.peg.1141.site.2, 1, 134, 135
1339327.3.peg.1141.site.3, 2, 137, 139
1339327.3.peg.1141.site.4, 18, 137, 155
1339327.3.peg.1141.site.5, 0, 137, 137
1339327.3.peg.1141.site.6, 70, 133, 203
1339327.3.peg.1141.site.7, 0, 134, 134
1339327.3.peg.1141.site.8, 0, 133, 133
1339327.3.peg.1140.site.1, 5, 137, 142
1339327.3.peg.1140.site.2, 4, 135, 139
1339327.3.peg.1140.site.3, 2, 135, 137
1339327.3.peg.1140.site.4, 7, 137, 144
1339327.3.peg.1140.site.5, 22, 136, 158
1339327.3.peg.1140.site.6, 0, 135, 135
1339327.3.peg.1140.site.7, 96, 136, 232
1339327.3.peg.1140.site.8, 19, 137, 156
1339327.3.peg.1140.site.9, 7, 136, 143
1339327.3.peg.1140.site.10, 17, 134, 151
1339327.3.peg.1140.site.11, 20, 136, 156
1339327.3.peg.1140.site.12, 0, 137, 137
1339327.3.peg.1140.site.13, 1, 136, 137
1339327.3.peg.1140.site.14, 1, 137, 138
1339327.3.peg.1140.site.15, 5, 137, 142
1339327.3.peg.1140.site.16, 1, 135, 136
1339327.3.peg.1140.site.17, 19, 135, 154
1339327.3.peg.1140.site.18, 35, 137, 172
1339327.3.peg.1140.site.19, 2, 137, 139
1339327.3.peg.1140.site.20, 22, 136, 158
1339327.3.peg.1140.site.21, 2, 135, 137
1339327.3.peg.1140.site.22, 10, 135, 145
1339327.3.peg.1140.site.23, 1, 134, 135
1339327.3.peg.1143.site.1, 1, 136, 137
1339327.3.peg.1143.site.2, 1, 137, 138
1339327.3.peg.1143.site.3, 3, 137, 140
1339327.3.peg.1143.site.4, 5, 137, 142
1339327.3.peg.1143.site.5, 44, 136, 180
1339327.3.peg.1143.site.6, 2, 137, 139
1339327.3.peg.1143.site.7, 0, 137, 137
1339327.3.peg.1143.site.8, 77, 136, 213
1339327.3.peg.1143.site.9, 2, 137, 139
1339327.3.peg.1142.site.1, 3, 137, 140
1339327.3.peg.1142.site.2, 8, 136, 144
1339327.3.peg.1142.site.3, 25, 137, 162
1339327.3.peg.1142.site.4, 59, 136, 195
1339327.3.peg.1142.site.5, 62, 137, 199
1339327.3.peg.1142.site.6, 24, 135, 159
1339327.3.peg.1142.site.7, 1, 136, 137
1339327.3.peg.1142.site.8, 25, 137, 162
1339327.3.peg.1142.site.9, 80, 136, 216
1339327.3.peg.1142.site.10, 19, 137, 156
1339327.3.peg.1142.site.11, 0, 136, 136
1339327.3.peg.1142.site.12, 0, 136, 136
1339327.3.peg.1142.site.13, 3, 137, 140
1339327.3.peg.1142.site.14, 125, 135, 260
1339327.3.peg.1142.site.15, 18, 135, 153
1339327.3.peg.1145.site.1, 8, 137, 145
1339327.3.peg.1145.site.2, 0, 136, 136
1339327.3.peg.1145.site.3, 64, 137, 201
1339327.3.peg.1145.site.4, 7, 136, 143
1339327.3.peg.1145.site.5, 76, 136, 212
1339327.3.peg.1145.site.6, 131, 137, 268
1339327.3.peg.1145.site.7, 117, 136, 253
1339327.3.peg.1145.site.8, 30, 135, 165
1339327.3.peg.1145.site.9, 110, 136, 246
1339327.3.peg.1145.site.10, 12, 137, 149
1339327.3.peg.1145.site.11, 9, 137, 146
1339327.3.peg.1145.site.12, 48, 135, 183
1339327.3.peg.1144.site.1, 5, 136, 141
1339327.3.peg.1144.site.2, 0, 136, 136
1339327.3.peg.1144.site.3, 5, 136, 141
1339327.3.peg.1144.site.4, 8, 137, 145
1339327.3.peg.1144.site.5, 15, 137, 152
1339327.3.peg.1144.site.6, 6, 137, 143
1339327.3.peg.1144.site.7, 5, 137, 142
1339327.3.peg.1144.site.8, 1, 137, 138
1339327.3.peg.1144.site.9, 38, 134, 172
1339327.3.peg.1147.site.1, 3, 137, 140
1339327.3.peg.1147.site.2, 3, 137, 140
1339327.3.peg.1147.site.3, 2, 137, 139
1339327.3.peg.1147.site.4, 3, 137, 140
1339327.3.peg.1147.site.5, 13, 136, 149
1339327.3.peg.1146.site.1, 2, 136, 138
1339327.3.peg.1146.site.2, 2, 133, 135
1339327.3.peg.1146.site.3, 1, 136, 137
1339327.3.peg.1146.site.4, 36, 137, 173
1339327.3.peg.1146.site.5, 0, 137, 137
1339327.3.peg.1149.site.1, 3, 137, 140
1339327.3.peg.1149.site.2, 4, 133, 137
1339327.3.peg.1149.site.3, 0, 137, 137
1339327.3.peg.1149.site.4, 15, 137, 152
1339327.3.peg.1149.site.5, 1, 137, 138
1339327.3.peg.1149.site.6, 0, 136, 136
1339327.3.peg.2765.site.1, 129, 135, 264
1339327.3.peg.2765.site.2, 0, 132, 132
1339327.3.peg.2765.site.3, 12, 136, 148
1339327.3.peg.2765.site.4, 0, 135, 135
1339327.3.peg.2765.site.5, 3, 134, 137
1339327.3.peg.2766.site.1, 65, 135, 200
1339327.3.peg.2766.site.2, 3, 136, 139
1339327.3.peg.2766.site.3, 1, 136, 137
1339327.3.peg.2766.site.4, 2, 136, 138
1339327.3.peg.2766.site.5, 3, 137, 140
1339327.3.peg.2766.site.6, 47, 137, 184
1339327.3.peg.2767.site.1, 2, 137, 139
1339327.3.peg.2767.site.2, 0, 137, 137
1339327.3.peg.2767.site.3, 38, 135, 173
1339327.3.peg.2767.site.4, 5, 136, 141
1339327.3.peg.2767.site.5, 3, 135, 138
1339327.3.peg.2767.site.6, 1, 136, 137
1339327.3.peg.2767.site.7, 5, 136, 141
1339327.3.peg.2767.site.8, 6, 135, 141
1339327.3.peg.2767.site.9, 37, 135, 172
1339327.3.peg.2767.site.10, 5, 134, 139
1339327.3.peg.2767.site.11, 3, 133, 136
1339327.3.peg.2767.site.12, 46, 136, 182
1339327.3.peg.2767.site.13, 128, 135, 263
1339327.3.peg.2767.site.14, 0, 135, 135
1339327.3.peg.2767.site.15, 7, 137, 144
1339327.3.peg.2767.site.16, 128, 137, 265
1339327.3.peg.2767.site.17, 1, 137, 138
1339327.3.peg.2767.site.18, 1, 137, 138
1339327.3.peg.2767.site.19, 21, 135, 156
1339327.3.peg.2767.site.20, 4, 136, 140
1339327.3.peg.2767.site.21, 1, 135, 136
1339327.3.peg.2767.site.22, 3, 137, 140
1339327.3.peg.2767.site.23, 3, 136, 139
1339327.3.peg.2767.site.24, 6, 135, 141
1339327.3.peg.2767.site.25, 3, 135, 138
1339327.3.peg.2767.site.26, 8, 137, 145
1339327.3.peg.2767.site.27, 1, 137, 138
1339327.3.peg.2767.site.28, 0, 135, 135
1339327.3.peg.2767.site.29, 1, 137, 138
1339327.3.peg.2767.site.30, 3, 136, 139
1339327.3.peg.2767.site.31, 13, 136, 149
1339327.3.peg.2767.site.32, 0, 135, 135
1339327.3.peg.2760.site.1, 5, 135, 140
1339327.3.peg.2760.site.2, 15, 136, 151
1339327.3.peg.2760.site.3, 3, 136, 139
1339327.3.peg.2760.site.4, 58, 133, 191
1339327.3.peg.2760.site.5, 12, 128, 140
1339327.3.peg.2760.site.6, 3, 128, 131
1339327.3.peg.2760.site.7, 71, 130, 201
1339327.3.peg.2760.site.8, 23, 131, 154
1339327.3.peg.2760.site.9, 6, 134, 140
1339327.3.peg.2760.site.10, 7, 130, 137
1339327.3.peg.2761.site.1, 1, 131, 132
1339327.3.peg.2761.site.2, 4, 134, 138
1339327.3.peg.2761.site.3, 1, 130, 131
1339327.3.peg.2761.site.4, 48, 131, 179
1339327.3.peg.2762.site.1, 0, 132, 132
1339327.3.peg.2762.site.2, 0, 133, 133
1339327.3.peg.2763.site.1, 1, 133, 134
1339327.3.peg.2763.site.2, 1, 137, 138
1339327.3.peg.2763.site.3, 2, 136, 138
1339327.3.peg.2763.site.4, 28, 136, 164
1339327.3.peg.2763.site.5, 111, 137, 248
1339327.3.peg.2763.site.6, 20, 137, 157
1339327.3.peg.2763.site.7, 1, 137, 138
1339327.3.peg.2763.site.8, 2, 137, 139
1339327.3.peg.2763.site.9, 11, 136, 147
1339327.3.peg.2763.site.10, 8, 135, 143
1339327.3.peg.2763.site.11, 35, 135, 170
1339327.3.peg.2763.site.12, 21, 137, 158
1339327.3.peg.2763.site.13, 2, 136, 138
1339327.3.peg.2763.site.14, 2, 137, 139
1339327.3.peg.2763.site.15, 31, 134, 165
1339327.3.peg.2763.site.16, 2, 137, 139
1339327.3.peg.2763.site.17, 2, 136, 138
1339327.3.peg.2763.site.18, 14, 136, 150
1339327.3.peg.2763.site.19, 10, 134, 144
1339327.3.peg.2763.site.20, 0, 135, 135
1339327.3.peg.2763.site.21, 0, 134, 134
1339327.3.peg.2763.site.22, 4, 136, 140
1339327.3.peg.2763.site.23, 4, 136, 140
1339327.3.peg.2763.site.24, 41, 135, 176
1339327.3.peg.1097.site.1, 2, 137, 139
1339327.3.peg.1097.site.2, 0, 136, 136
1339327.3.peg.1097.site.3, 1, 137, 138
1339327.3.peg.1096.site.1, 3, 135, 138
1339327.3.peg.1096.site.2, 2, 135, 137
1339327.3.peg.1096.site.3, 0, 136, 136
1339327.3.peg.1096.site.4, 14, 135, 149
1339327.3.peg.1096.site.5, 20, 137, 157
1339327.3.peg.1095.site.1, 13, 137, 150
1339327.3.peg.1095.site.2, 13, 137, 150
1339327.3.peg.1095.site.3, 18, 137, 155
1339327.3.peg.1095.site.4, 109, 137, 246
1339327.3.peg.1095.site.5, 3, 136, 139
1339327.3.peg.1095.site.6, 6, 136, 142
1339327.3.peg.1095.site.7, 7, 135, 142
1339327.3.peg.1095.site.8, 2, 136, 138
1339327.3.peg.1095.site.9, 2, 136, 138
1339327.3.peg.1095.site.10, 48, 135, 183
1339327.3.peg.1095.site.11, 4, 137, 141
1339327.3.peg.1094.site.1, 0, 136, 136
1339327.3.peg.1094.site.2, 3, 137, 140
1339327.3.peg.1094.site.3, 5, 137, 142
1339327.3.peg.1094.site.4, 2, 137, 139
1339327.3.peg.1094.site.5, 5, 137, 142
1339327.3.peg.1099.site.1, 15, 133, 148
1339327.3.peg.1099.site.2, 2, 137, 139
1339327.3.peg.1099.site.3, 3, 137, 140
1339327.3.peg.1099.site.4, 2, 135, 137
1339327.3.peg.1099.site.5, 1, 136, 137
1339327.3.peg.1099.site.6, 14, 135, 149
1339327.3.peg.1099.site.7, 39, 136, 175
1339327.3.peg.3569.site.1, 0, 136, 136
1339327.3.peg.3569.site.2, 118, 137, 255
1339327.3.peg.3569.site.3, 1, 137, 138
1339327.3.peg.3569.site.4, 3, 136, 139
1339327.3.peg.3569.site.5, 6, 136, 142
1339327.3.peg.3569.site.6, 12, 135, 147
1339327.3.peg.3569.site.7, 0, 133, 133
1339327.3.peg.3569.site.8, 3, 136, 139
1339327.3.peg.3569.site.9, 0, 137, 137
1339327.3.peg.3568.site.1, 3, 135, 138
1339327.3.peg.3568.site.2, 4, 136, 140
1339327.3.peg.3568.site.3, 21, 136, 157
1339327.3.peg.3561.site.1, 1, 136, 137
1339327.3.peg.3561.site.2, 5, 135, 140
1339327.3.peg.3561.site.3, 4, 137, 141
1339327.3.peg.3561.site.4, 2, 135, 137
1339327.3.peg.3561.site.5, 115, 135, 250
1339327.3.peg.3561.site.6, 3, 135, 138
1339327.3.peg.3561.site.7, 2, 136, 138
1339327.3.peg.3561.site.8, 7, 136, 143
1339327.3.peg.3561.site.9, 0, 137, 137
1339327.3.peg.3563.site.1, 8, 133, 141
1339327.3.peg.3562.site.1, 0, 134, 134
1339327.3.peg.3562.site.2, 31, 136, 167
1339327.3.peg.3562.site.3, 1, 135, 136
1339327.3.peg.3562.site.4, 58, 134, 192
1339327.3.peg.3562.site.5, 72, 132, 204
1339327.3.peg.3562.site.6, 13, 137, 150
1339327.3.peg.3562.site.7, 15, 133, 148
1339327.3.peg.3562.site.8, 6, 133, 139
1339327.3.peg.3562.site.9, 13, 134, 147
1339327.3.peg.3562.site.10, 133, 137, 270
1339327.3.peg.3562.site.11, 2, 136, 138
1339327.3.peg.3562.site.12, 5, 136, 141
1339327.3.peg.3562.site.13, 32, 136, 168
1339327.3.peg.3562.site.14, 15, 133, 148
1339327.3.peg.3562.site.15, 61, 135, 196
1339327.3.peg.3562.site.16, 2, 135, 137
1339327.3.peg.3562.site.17, 0, 135, 135
1339327.3.peg.3562.site.18, 17, 135, 152
1339327.3.peg.3562.site.19, 3, 137, 140
1339327.3.peg.3562.site.20, 5, 136, 141
1339327.3.peg.3562.site.21, 1, 135, 136
1339327.3.peg.3562.site.22, 1, 135, 136
1339327.3.peg.3562.site.23, 0, 136, 136
1339327.3.peg.3562.site.24, 0, 135, 135
1339327.3.peg.3562.site.25, 6, 135, 141
1339327.3.peg.3562.site.26, 39, 136, 175
1339327.3.peg.3562.site.27, 14, 137, 151
1339327.3.peg.3562.site.28, 48, 135, 183
1339327.3.peg.3562.site.29, 45, 134, 179
1339327.3.peg.3562.site.30, 14, 136, 150
1339327.3.peg.3562.site.31, 6, 137, 143
1339327.3.peg.3562.site.32, 0, 133, 133
1339327.3.peg.3564.site.1, 5, 134, 139
1339327.3.peg.3564.site.2, 3, 137, 140
1339327.3.peg.3564.site.3, 81, 135, 216
1339327.3.peg.3566.site.1, 0, 134, 134
1339327.3.peg.3566.site.2, 3, 136, 139
1339327.3.peg.2540.site.1, 25, 135, 160
1339327.3.peg.2540.site.2, 0, 134, 134
1339327.3.peg.2540.site.3, 0, 136, 136
1339327.3.peg.2540.site.4, 52, 137, 189
1339327.3.peg.2540.site.5, 48, 134, 182
1339327.3.peg.2540.site.6, 14, 133, 147
1339327.3.peg.2540.site.7, 0, 137, 137
1339327.3.peg.2540.site.8, 15, 137, 152
1339327.3.peg.2541.site.1, 2, 133, 135
1339327.3.peg.2541.site.2, 0, 135, 135
1339327.3.peg.2541.site.3, 20, 132, 152
1339327.3.peg.2541.site.4, 3, 133, 136
1339327.3.peg.2541.site.5, 13, 135, 148
1339327.3.peg.2541.site.6, 1, 136, 137
1339327.3.peg.2541.site.7, 4, 134, 138
1339327.3.peg.2541.site.8, 6, 136, 142
1339327.3.peg.2541.site.9, 2, 135, 137
1339327.3.peg.2541.site.10, 84, 135, 219
1339327.3.peg.2541.site.11, 2, 135, 137
1339327.3.peg.2541.site.12, 12, 137, 149
1339327.3.peg.2541.site.13, 129, 135, 264
1339327.3.peg.2541.site.14, 1, 137, 138
1339327.3.peg.2541.site.15, 0, 137, 137
1339327.3.peg.2541.site.16, 21, 135, 156
1339327.3.peg.2542.site.1, 2, 130, 132
1339327.3.peg.2542.site.2, 5, 133, 138
1339327.3.peg.2542.site.3, 0, 129, 129
1339327.3.peg.2542.site.4, 0, 132, 132
1339327.3.peg.2542.site.5, 0, 135, 135
1339327.3.peg.2542.site.6, 116, 136, 252
1339327.3.peg.2542.site.7, 76, 135, 211
1339327.3.peg.2543.site.1, 2, 135, 137
1339327.3.peg.2543.site.2, 21, 135, 156
1339327.3.peg.2543.site.3, 0, 137, 137
1339327.3.peg.2543.site.4, 15, 137, 152
1339327.3.peg.2543.site.5, 84, 137, 221
1339327.3.peg.2543.site.6, 9, 135, 144
1339327.3.peg.2543.site.7, 10, 137, 147
1339327.3.peg.2543.site.8, 105, 136, 241
1339327.3.peg.2543.site.9, 2, 135, 137
1339327.3.peg.2543.site.10, 1, 136, 137
1339327.3.peg.2543.site.11, 3, 134, 137
1339327.3.peg.2543.site.12, 0, 131, 131
1339327.3.peg.2543.site.13, 1, 132, 133
1339327.3.peg.2543.site.14, 125, 131, 256
1339327.3.peg.2543.site.15, 11, 134, 145
1339327.3.peg.2543.site.16, 5, 134, 139
1339327.3.peg.2543.site.17, 1, 136, 137
1339327.3.peg.2543.site.18, 1, 134, 135
1339327.3.peg.2543.site.19, 5, 133, 138
1339327.3.peg.2543.site.20, 3, 135, 138
1339327.3.peg.2543.site.21, 47, 135, 182
1339327.3.peg.2543.site.22, 1, 134, 135
1339327.3.peg.2543.site.23, 71, 135, 206
1339327.3.peg.2543.site.24, 1, 135, 136
1339327.3.peg.2544.site.1, 1, 135, 136
1339327.3.peg.2544.site.2, 1, 136, 137
1339327.3.peg.2544.site.3, 16, 137, 153
1339327.3.peg.2544.site.4, 16, 137, 153
1339327.3.peg.2544.site.5, 21, 137, 158
1339327.3.peg.2544.site.6, 14, 136, 150
1339327.3.peg.2544.site.7, 1, 133, 134
1339327.3.peg.2544.site.8, 1, 133, 134
1339327.3.peg.2544.site.9, 1, 134, 135
1339327.3.peg.2544.site.10, 1, 134, 135
1339327.3.peg.2817.site.1, 4, 136, 140
1339327.3.peg.2817.site.2, 13, 137, 150
1339327.3.peg.2817.site.3, 34, 136, 170
1339327.3.peg.2817.site.4, 15, 134, 149
1339327.3.peg.2817.site.5, 2, 137, 139
1339327.3.peg.2817.site.6, 27, 135, 162
1339327.3.peg.2817.site.7, 2, 133, 135
1339327.3.peg.2817.site.8, 5, 134, 139
1339327.3.peg.2817.site.9, 39, 136, 175
1339327.3.peg.2817.site.10, 1, 136, 137
1339327.3.peg.2817.site.11, 5, 135, 140
1339327.3.peg.2817.site.12, 13, 137, 150
1339327.3.peg.2817.site.13, 5, 136, 141
1339327.3.peg.2817.site.14, 0, 137, 137
1339327.3.peg.2817.site.15, 3, 137, 140
1339327.3.peg.2817.site.16, 34, 135, 169
1339327.3.peg.2817.site.17, 25, 137, 162
1339327.3.peg.2814.site.1, 24, 130, 154
1339327.3.peg.2814.site.2, 3, 131, 134
1339327.3.peg.2814.site.3, 4, 117, 121
1339327.3.peg.2814.site.4, 15, 112, 127
1339327.3.peg.2814.site.5, 1, 88, 89
1339327.3.peg.2814.site.6, 2, 130, 132
1339327.3.peg.2814.site.7, 1, 136, 137
1339327.3.peg.2814.site.8, 2, 133, 135
1339327.3.peg.2814.site.9, 10, 136, 146
1339327.3.peg.2814.site.10, 2, 137, 139
1339327.3.peg.2814.site.11, 6, 134, 140
1339327.3.peg.2814.site.12, 3, 134, 137
1339327.3.peg.2814.site.13, 45, 135, 180
1339327.3.peg.2814.site.14, 3, 135, 138
1339327.3.peg.2814.site.15, 1, 132, 133
1339327.3.peg.2814.site.16, 14, 133, 147
1339327.3.peg.2814.site.17, 75, 137, 212
1339327.3.peg.2814.site.18, 33, 136, 169
1339327.3.peg.2814.site.19, 7, 136, 143
1339327.3.peg.2814.site.20, 61, 135, 196
1339327.3.peg.2814.site.21, 2, 136, 138
1339327.3.peg.2814.site.22, 0, 135, 135
1339327.3.peg.2814.site.23, 60, 136, 196
1339327.3.peg.2814.site.24, 12, 136, 148
1339327.3.peg.2814.site.25, 34, 136, 170
1339327.3.peg.2814.site.26, 1, 133, 134
1339327.3.peg.2814.site.27, 1, 134, 135
1339327.3.peg.2814.site.28, 56, 133, 189
1339327.3.peg.2814.site.29, 103, 133, 236
1339327.3.peg.2814.site.30, 49, 131, 180
1339327.3.peg.2814.site.31, 57, 127, 184
1339327.3.peg.2814.site.32, 7, 132, 139
1339327.3.peg.2814.site.33, 7, 133, 140
1339327.3.peg.2814.site.34, 0, 130, 130
1339327.3.peg.2814.site.35, 0, 128, 128
1339327.3.peg.2814.site.36, 5, 130, 135
1339327.3.peg.2814.site.37, 1, 131, 132
1339327.3.peg.2814.site.38, 5, 126, 131
1339327.3.peg.2814.site.39, 10, 129, 139
1339327.3.peg.2814.site.40, 0, 129, 129
1339327.3.peg.2814.site.41, 4, 121, 125
1339327.3.peg.2814.site.42, 8, 126, 134
1339327.3.peg.2814.site.43, 2, 126, 128
1339327.3.peg.2815.site.1, 2, 136, 138
1339327.3.peg.2815.site.2, 46, 136, 182
1339327.3.peg.2815.site.3, 3, 135, 138
1339327.3.peg.2815.site.4, 18, 134, 152
1339327.3.peg.2815.site.5, 3, 137, 140
1339327.3.peg.2815.site.6, 31, 133, 164
1339327.3.peg.2815.site.7, 13, 136, 149
1339327.3.peg.2815.site.8, 67, 136, 203
1339327.3.peg.2815.site.9, 54, 136, 190
1339327.3.peg.2815.site.10, 74, 135, 209
1339327.3.peg.2548.site.1, 129, 135, 264
1339327.3.peg.2548.site.2, 6, 132, 138
1339327.3.peg.2548.site.3, 0, 132, 132
1339327.3.peg.2548.site.4, 2, 131, 133
1339327.3.peg.2548.site.5, 0, 131, 131
1339327.3.peg.2548.site.6, 1, 131, 132
1339327.3.peg.2549.site.1, 20, 135, 155
1339327.3.peg.2549.site.2, 2, 135, 137
1339327.3.peg.2549.site.3, 5, 136, 141
1339327.3.peg.2549.site.4, 26, 136, 162
1339327.3.peg.2549.site.5, 0, 136, 136
1339327.3.peg.2549.site.6, 0, 135, 135
1339327.3.peg.2549.site.7, 1, 135, 136
1339327.3.peg.2549.site.8, 0, 134, 134
1339327.3.peg.2549.site.9, 0, 133, 133
1339327.3.peg.2549.site.10, 8, 134, 142
1339327.3.peg.2549.site.11, 39, 132, 171
1339327.3.peg.2549.site.12, 0, 134, 134
1339327.3.peg.2549.site.13, 2, 135, 137
1339327.3.peg.2818.site.1, 11, 137, 148
1339327.3.peg.2818.site.2, 3, 134, 137
1339327.3.peg.2818.site.3, 4, 136, 140
1339327.3.peg.2818.site.4, 0, 136, 136
1339327.3.peg.2818.site.5, 2, 136, 138
1339327.3.peg.2818.site.6, 1, 136, 137
1339327.3.peg.2818.site.7, 2, 136, 138
1339327.3.peg.2818.site.8, 49, 136, 185
1339327.3.peg.2818.site.9, 101, 135, 236
1339327.3.peg.2818.site.10, 21, 136, 157
1339327.3.peg.2818.site.11, 21, 136, 157
1339327.3.peg.2818.site.12, 77, 135, 212
1339327.3.peg.2818.site.13, 1, 137, 138
1339327.3.peg.2818.site.14, 33, 136, 169
1339327.3.peg.2818.site.15, 35, 134, 169
1339327.3.peg.2818.site.16, 26, 134, 160
1339327.3.peg.2818.site.17, 29, 133, 162
1339327.3.peg.2818.site.18, 30, 134, 164
1339327.3.peg.2818.site.19, 0, 134, 134
1339327.3.peg.2818.site.20, 8, 135, 143
1339327.3.peg.2818.site.21, 0, 134, 134
1339327.3.peg.2819.site.1, 25, 137, 162
1339327.3.peg.2819.site.2, 25, 137, 162
1339327.3.peg.2819.site.3, 31, 137, 168
1339327.3.peg.2819.site.4, 27, 136, 163
1339327.3.peg.2819.site.5, 7, 134, 141
1339327.3.peg.2819.site.6, 2, 136, 138
1339327.3.peg.2819.site.7, 0, 136, 136
1339327.3.peg.2819.site.8, 0, 134, 134
1339327.3.peg.3363.site.1, 0, 134, 134
1339327.3.peg.3363.site.2, 75, 129, 204
1339327.3.peg.3363.site.3, 12, 136, 148
1339327.3.peg.3363.site.4, 134, 135, 269
1339327.3.peg.3363.site.5, 5, 130, 135
1339327.3.peg.3363.site.6, 7, 135, 142
1339327.3.peg.3363.site.7, 43, 136, 179
1339327.3.peg.3363.site.8, 5, 136, 141
1339327.3.peg.3362.site.1, 13, 134, 147
1339327.3.peg.3362.site.2, 61, 136, 197
1339327.3.peg.3362.site.3, 15, 137, 152
1339327.3.peg.3362.site.4, 0, 137, 137
1339327.3.peg.3361.site.1, 1, 137, 138
1339327.3.peg.3361.site.2, 60, 137, 197
1339327.3.peg.3361.site.3, 3, 137, 140
1339327.3.peg.3361.site.4, 2, 136, 138
1339327.3.peg.3361.site.5, 1, 132, 133
1339327.3.peg.3361.site.6, 3, 132, 135
1339327.3.peg.3361.site.7, 1, 132, 133
1339327.3.peg.3360.site.1, 40, 132, 172
1339327.3.peg.3360.site.2, 10, 131, 141
1339327.3.peg.3360.site.3, 6, 131, 137
1339327.3.peg.3360.site.4, 71, 135, 206
1339327.3.peg.3360.site.5, 1, 134, 135
1339327.3.peg.3965.site.1, 13, 127, 140
1339327.3.peg.3965.site.2, 12, 128, 140
1339327.3.peg.3965.site.3, 25, 126, 151
1339327.3.peg.3965.site.4, 0, 128, 128
1339327.3.peg.3965.site.5, 2, 128, 130
1339327.3.peg.3965.site.6, 58, 129, 187
1339327.3.peg.3965.site.7, 24, 127, 151
1339327.3.peg.3964.site.1, 67, 128, 195
1339327.3.peg.3964.site.2, 2, 127, 129
1339327.3.peg.3964.site.3, 1, 125, 126
1339327.3.peg.3967.site.1, 0, 128, 128
1339327.3.peg.3967.site.2, 6, 129, 135
1339327.3.peg.3966.site.1, 2, 126, 128
1339327.3.peg.3966.site.2, 21, 128, 149
1339327.3.peg.3966.site.3, 30, 128, 158
1339327.3.peg.3966.site.4, 34, 127, 161
1339327.3.peg.3966.site.5, 76, 125, 201
1339327.3.peg.3966.site.6, 2, 129, 131
1339327.3.peg.3966.site.7, 92, 128, 220
1339327.3.peg.3966.site.8, 4, 127, 131
1339327.3.peg.3966.site.9, 1, 126, 127
1339327.3.peg.3966.site.10, 11, 128, 139
1339327.3.peg.3966.site.11, 5, 127, 132
1339327.3.peg.3966.site.12, 7, 128, 135
1339327.3.peg.3966.site.13, 72, 125, 197
1339327.3.peg.3966.site.14, 11, 127, 138
1339327.3.peg.3966.site.15, 3, 127, 130
1339327.3.peg.3966.site.16, 0, 129, 129
1339327.3.peg.3966.site.17, 18, 127, 145
1339327.3.peg.3966.site.18, 13, 128, 141
1339327.3.peg.3966.site.19, 3, 127, 130
1339327.3.peg.3966.site.20, 2, 128, 130
1339327.3.peg.3966.site.21, 10, 127, 137
1339327.3.peg.3966.site.22, 5, 128, 133
1339327.3.peg.3966.site.23, 17, 129, 146
1339327.3.peg.3966.site.24, 2, 127, 129
1339327.3.peg.3966.site.25, 0, 129, 129
1339327.3.peg.3966.site.26, 2, 129, 131
1339327.3.peg.3966.site.27, 4, 128, 132
1339327.3.peg.3966.site.28, 13, 129, 142
1339327.3.peg.3966.site.29, 28, 127, 155
1339327.3.peg.3966.site.30, 4, 126, 130
1339327.3.peg.3966.site.31, 4, 127, 131
1339327.3.peg.3966.site.32, 33, 129, 162
1339327.3.peg.3966.site.33, 0, 129, 129
1339327.3.peg.3966.site.34, 9, 128, 137
1339327.3.peg.3966.site.35, 1, 128, 129
1339327.3.peg.3966.site.36, 2, 127, 129
1339327.3.peg.3963.site.1, 2, 128, 130
1339327.3.peg.3963.site.2, 3, 127, 130
1339327.3.peg.3963.site.3, 43, 129, 172
1339327.3.peg.3963.site.4, 10, 128, 138
1339327.3.peg.3963.site.5, 9, 128, 137
1339327.3.peg.3963.site.6, 6, 129, 135
1339327.3.peg.3963.site.7, 3, 129, 132
1339327.3.peg.3963.site.8, 31, 128, 159
1339327.3.peg.3962.site.1, 1, 127, 128
1339327.3.peg.3962.site.2, 69, 129, 198
1339327.3.peg.3962.site.3, 5, 128, 133
1339327.3.peg.3962.site.4, 17, 128, 145
1339327.3.peg.3962.site.5, 2, 128, 130
1339327.3.peg.3962.site.6, 2, 129, 131
1339327.3.peg.3962.site.7, 41, 128, 169
1339327.3.peg.3962.site.8, 9, 128, 137
1339327.3.peg.3962.site.9, 5, 128, 133
1339327.3.peg.3962.site.10, 5, 129, 134
1339327.3.peg.3962.site.11, 10, 127, 137
1339327.3.peg.3962.site.12, 7, 129, 136
1339327.3.peg.787.site.1, 88, 137, 225
1339327.3.peg.787.site.2, 1, 136, 137
1339327.3.peg.787.site.3, 2, 133, 135
1339327.3.peg.787.site.4, 0, 128, 128
1339327.3.peg.787.site.5, 0, 130, 130
1339327.3.peg.781.site.1, 3, 137, 140
1339327.3.peg.781.site.2, 2, 136, 138
1339327.3.peg.781.site.3, 0, 136, 136
1339327.3.peg.781.site.4, 66, 136, 202
1339327.3.peg.781.site.5, 5, 137, 142
1339327.3.peg.781.site.6, 9, 135, 144
1339327.3.peg.781.site.7, 11, 137, 148
1339327.3.peg.780.site.1, 71, 137, 208
1339327.3.peg.780.site.2, 3, 136, 139
1339327.3.peg.780.site.3, 59, 135, 194
1339327.3.peg.780.site.4, 0, 137, 137
1339327.3.peg.780.site.5, 18, 136, 154
1339327.3.peg.780.site.6, 11, 137, 148
1339327.3.peg.780.site.7, 0, 136, 136
1339327.3.peg.780.site.8, 111, 134, 245
1339327.3.peg.780.site.9, 6, 137, 143
1339327.3.peg.780.site.10, 2, 137, 139
1339327.3.peg.780.site.11, 97, 137, 234
1339327.3.peg.780.site.12, 111, 137, 248
1339327.3.peg.780.site.13, 2, 136, 138
1339327.3.peg.782.site.1, 1, 136, 137
1339327.3.peg.782.site.2, 5, 137, 142
1339327.3.peg.782.site.3, 70, 137, 207
1339327.3.peg.782.site.4, 11, 136, 147
1339327.3.peg.782.site.5, 3, 136, 139
1339327.3.peg.782.site.6, 119, 137, 256
1339327.3.peg.782.site.7, 0, 137, 137
1339327.3.peg.782.site.8, 5, 136, 141
1339327.3.peg.782.site.9, 2, 136, 138
1339327.3.peg.782.site.10, 0, 135, 135
1339327.3.peg.782.site.11, 1, 136, 137
1339327.3.peg.782.site.12, 10, 137, 147
1339327.3.peg.782.site.13, 0, 137, 137
1339327.3.peg.782.site.14, 27, 137, 164
1339327.3.peg.782.site.15, 55, 137, 192
1339327.3.peg.782.site.16, 6, 137, 143
1339327.3.peg.782.site.17, 107, 136, 243
1339327.3.peg.782.site.18, 40, 137, 177
1339327.3.peg.782.site.19, 67, 137, 204
1339327.3.peg.782.site.20, 5, 136, 141
1339327.3.peg.782.site.21, 3, 137, 140
1339327.3.peg.782.site.22, 4, 136, 140
1339327.3.peg.2948.site.1, 23, 133, 156
1339327.3.peg.2948.site.2, 0, 133, 133
1339327.3.peg.2948.site.3, 2, 135, 137
1339327.3.peg.2948.site.4, 1, 134, 135
1339327.3.peg.2948.site.5, 70, 134, 204
1339327.3.peg.2948.site.6, 0, 137, 137
1339327.3.peg.2948.site.7, 2, 133, 135
1339327.3.peg.2948.site.8, 2, 133, 135
1339327.3.peg.2948.site.9, 0, 132, 132
1339327.3.peg.2948.site.10, 34, 134, 168
1339327.3.peg.2948.site.11, 45, 136, 181
1339327.3.peg.2948.site.12, 5, 135, 140
1339327.3.peg.2949.site.1, 3, 136, 139
1339327.3.peg.2949.site.2, 2, 136, 138
1339327.3.peg.2949.site.3, 1, 135, 136
1339327.3.peg.2949.site.4, 19, 134, 153
1339327.3.peg.2949.site.5, 21, 135, 156
1339327.3.peg.2949.site.6, 2, 137, 139
1339327.3.peg.2949.site.7, 0, 137, 137
1339327.3.peg.2949.site.8, 13, 136, 149
1339327.3.peg.2949.site.9, 2, 135, 137
1339327.3.peg.2949.site.10, 1, 135, 136
1339327.3.peg.2949.site.11, 10, 135, 145
1339327.3.peg.5037.site.1, 0, 137, 137
1339327.3.peg.5037.site.2, 10, 137, 147
1339327.3.peg.5037.site.3, 0, 137, 137
1339327.3.peg.5037.site.4, 42, 137, 179
1339327.3.peg.5037.site.5, 2, 137, 139
1339327.3.peg.5037.site.6, 5, 135, 140
1339327.3.peg.5037.site.7, 5, 137, 142
1339327.3.peg.5037.site.8, 0, 136, 136
1339327.3.peg.5037.site.9, 4, 137, 141
1339327.3.peg.5037.site.10, 0, 136, 136
1339327.3.peg.5037.site.11, 0, 136, 136
1339327.3.peg.5037.site.12, 2, 135, 137
1339327.3.peg.5037.site.13, 6, 136, 142
1339327.3.peg.5037.site.14, 2, 136, 138
1339327.3.peg.5037.site.15, 3, 137, 140
1339327.3.peg.5037.site.16, 0, 137, 137
1339327.3.peg.5037.site.17, 0, 136, 136
1339327.3.peg.5037.site.18, 1, 137, 138
1339327.3.peg.5037.site.19, 69, 136, 205
1339327.3.peg.2388.site.1, 16, 135, 151
1339327.3.peg.2388.site.2, 0, 136, 136
1339327.3.peg.2388.site.3, 0, 136, 136
1339327.3.peg.2388.site.4, 2, 136, 138
1339327.3.peg.2388.site.5, 0, 135, 135
1339327.3.peg.2388.site.6, 69, 136, 205
1339327.3.peg.2388.site.7, 11, 137, 148
1339327.3.peg.2388.site.8, 56, 137, 193
1339327.3.peg.2388.site.9, 9, 136, 145
1339327.3.peg.2388.site.10, 1, 137, 138
1339327.3.peg.2388.site.11, 0, 135, 135
1339327.3.peg.2388.site.12, 5, 135, 140
1339327.3.peg.2388.site.13, 2, 135, 137
1339327.3.peg.2388.site.14, 3, 136, 139
1339327.3.peg.2388.site.15, 2, 136, 138
1339327.3.peg.2388.site.16, 30, 135, 165
1339327.3.peg.2388.site.17, 15, 131, 146
1339327.3.peg.2388.site.18, 6, 131, 137
1339327.3.peg.2388.site.19, 26, 136, 162
1339327.3.peg.2388.site.20, 33, 136, 169
1339327.3.peg.2388.site.21, 2, 135, 137
1339327.3.peg.2388.site.22, 0, 134, 134
1339327.3.peg.2389.site.1, 56, 135, 191
1339327.3.peg.2389.site.2, 44, 135, 179
1339327.3.peg.2389.site.3, 3, 133, 136
1339327.3.peg.2389.site.4, 52, 137, 189
1339327.3.peg.2389.site.5, 62, 136, 198
1339327.3.peg.2389.site.6, 2, 135, 137
1339327.3.peg.3709.site.1, 64, 137, 201
1339327.3.peg.3709.site.2, 56, 135, 191
1339327.3.peg.3709.site.3, 48, 137, 185
1339327.3.peg.3709.site.4, 3, 137, 140
1339327.3.peg.3709.site.5, 103, 133, 236
1339327.3.peg.3709.site.6, 69, 133, 202
1339327.3.peg.3709.site.7, 46, 135, 181
1339327.3.peg.3709.site.8, 1, 136, 137
1339327.3.peg.3709.site.9, 2, 136, 138
1339327.3.peg.3709.site.10, 95, 135, 230
1339327.3.peg.3709.site.11, 3, 128, 131
1339327.3.peg.3709.site.12, 2, 135, 137
1339327.3.peg.3709.site.13, 5, 134, 139
1339327.3.peg.3709.site.14, 4, 137, 141
1339327.3.peg.3709.site.15, 0, 136, 136
1339327.3.peg.3709.site.16, 4, 127, 131
1339327.3.peg.3709.site.17, 8, 137, 145
1339327.3.peg.3708.site.1, 41, 134, 175
1339327.3.peg.3708.site.2, 84, 128, 212
1339327.3.peg.3708.site.3, 1, 132, 133
1339327.3.peg.3708.site.4, 123, 129, 252
1339327.3.peg.3708.site.5, 93, 129, 222
1339327.3.peg.3708.site.6, 0, 132, 132
1339327.3.peg.3708.site.7, 43, 135, 178
1339327.3.peg.3708.site.8, 107, 135, 242
1339327.3.peg.3708.site.9, 5, 135, 140
1339327.3.peg.3708.site.10, 3, 132, 135
1339327.3.peg.3708.site.11, 16, 137, 153
1339327.3.peg.3708.site.12, 84, 135, 219
1339327.3.peg.3708.site.13, 1, 136, 137
1339327.3.peg.3708.site.14, 61, 137, 198
1339327.3.peg.3708.site.15, 9, 137, 146
1339327.3.peg.3708.site.16, 2, 137, 139
1339327.3.peg.3708.site.17, 129, 136, 265
1339327.3.peg.3708.site.18, 6, 136, 142
1339327.3.peg.3708.site.19, 92, 135, 227
1339327.3.peg.3708.site.20, 93, 136, 229
1339327.3.peg.3708.site.21, 131, 137, 268
1339327.3.peg.3708.site.22, 21, 135, 156
1339327.3.peg.3708.site.23, 8, 136, 144
1339327.3.peg.3708.site.24, 0, 137, 137
1339327.3.peg.3705.site.1, 6, 137, 143
1339327.3.peg.3705.site.2, 16, 137, 153
1339327.3.peg.3705.site.3, 2, 136, 138
1339327.3.peg.3705.site.4, 13, 136, 149
1339327.3.peg.3705.site.5, 7, 134, 141
1339327.3.peg.3705.site.6, 7, 135, 142
1339327.3.peg.3705.site.7, 3, 136, 139
1339327.3.peg.3705.site.8, 1, 136, 137
1339327.3.peg.3705.site.9, 0, 135, 135
1339327.3.peg.3705.site.10, 5, 135, 140
1339327.3.peg.2383.site.1, 0, 134, 134
1339327.3.peg.2383.site.2, 8, 136, 144
1339327.3.peg.2383.site.3, 43, 136, 179
1339327.3.peg.2383.site.4, 0, 137, 137
1339327.3.peg.2383.site.5, 3, 137, 140
1339327.3.peg.2383.site.6, 5, 137, 142
1339327.3.peg.2383.site.7, 72, 137, 209
1339327.3.peg.2383.site.8, 21, 136, 157
1339327.3.peg.2383.site.9, 32, 137, 169
1339327.3.peg.2383.site.10, 6, 134, 140
1339327.3.peg.2383.site.11, 0, 135, 135
1339327.3.peg.2383.site.12, 26, 136, 162
1339327.3.peg.2383.site.13, 15, 135, 150
1339327.3.peg.2383.site.14, 3, 135, 138
1339327.3.peg.2383.site.15, 7, 135, 142
1339327.3.peg.2383.site.16, 37, 136, 173
1339327.3.peg.2383.site.17, 3, 135, 138
1339327.3.peg.2383.site.18, 2, 136, 138
1339327.3.peg.2383.site.19, 2, 136, 138
1339327.3.peg.2383.site.20, 86, 135, 221
1339327.3.peg.2383.site.21, 63, 136, 199
1339327.3.peg.2383.site.22, 3, 134, 137
1339327.3.peg.2383.site.23, 43, 136, 179
1339327.3.peg.2383.site.24, 21, 135, 156
1339327.3.peg.2383.site.25, 0, 136, 136
1339327.3.peg.2383.site.26, 0, 137, 137
1339327.3.peg.2383.site.27, 9, 137, 146
1339327.3.peg.2383.site.28, 6, 137, 143
1339327.3.peg.2383.site.29, 15, 135, 150
1339327.3.peg.2383.site.30, 32, 134, 166
1339327.3.peg.2383.site.31, 0, 136, 136
1339327.3.peg.2383.site.32, 3, 137, 140
1339327.3.peg.2383.site.33, 8, 137, 145
1339327.3.peg.2383.site.34, 3, 137, 140
1339327.3.peg.2383.site.35, 6, 137, 143
1339327.3.peg.2383.site.36, 5, 136, 141
1339327.3.peg.2383.site.37, 3, 135, 138
1339327.3.peg.2383.site.38, 11, 135, 146
1339327.3.peg.2383.site.39, 6, 137, 143
1339327.3.peg.2383.site.40, 36, 134, 170
1339327.3.peg.2383.site.41, 1, 137, 138
1339327.3.peg.2383.site.42, 1, 136, 137
1339327.3.peg.2383.site.43, 0, 136, 136
1339327.3.peg.2386.site.1, 34, 135, 169
1339327.3.peg.2386.site.2, 34, 135, 169
1339327.3.peg.2386.site.3, 46, 135, 181
1339327.3.peg.2386.site.4, 2, 134, 136
1339327.3.peg.2386.site.5, 2, 137, 139
1339327.3.peg.3700.site.1, 17, 136, 153
1339327.3.peg.3700.site.2, 2, 136, 138
1339327.3.peg.3700.site.3, 71, 136, 207
1339327.3.peg.3700.site.4, 2, 136, 138
1339327.3.peg.3700.site.5, 65, 135, 200
1339327.3.peg.3700.site.6, 14, 137, 151
1339327.3.peg.3700.site.7, 23, 137, 160
1339327.3.peg.3700.site.8, 3, 136, 139
1339327.3.peg.3700.site.9, 0, 137, 137
1339327.3.peg.3700.site.10, 2, 136, 138
1339327.3.peg.3700.site.11, 0, 137, 137
1339327.3.peg.3700.site.12, 65, 136, 201
1339327.3.peg.3700.site.13, 8, 137, 145
1339327.3.peg.3700.site.14, 8, 137, 145
1339327.3.peg.3700.site.15, 1, 137, 138
1339327.3.peg.3700.site.16, 4, 137, 141
1339327.3.peg.3700.site.17, 3, 135, 138
1339327.3.peg.2384.site.1, 1, 132, 133
1339327.3.peg.2384.site.2, 2, 135, 137
1339327.3.peg.2384.site.3, 3, 136, 139
1339327.3.peg.2384.site.4, 1, 135, 136
1339327.3.peg.2384.site.5, 74, 136, 210
1339327.3.peg.2384.site.6, 2, 136, 138
1339327.3.peg.2384.site.7, 5, 137, 142
1339327.3.peg.2384.site.8, 4, 133, 137
1339327.3.peg.2384.site.9, 53, 136, 189
1339327.3.peg.2384.site.10, 1, 137, 138
1339327.3.peg.2384.site.11, 16, 134, 150
1339327.3.peg.2384.site.12, 16, 135, 151
1339327.3.peg.2384.site.13, 6, 136, 142
1339327.3.peg.2384.site.14, 42, 136, 178
1339327.3.peg.2385.site.1, 0, 136, 136
1339327.3.peg.2385.site.2, 1, 136, 137
1339327.3.peg.2385.site.3, 83, 136, 219
1339327.3.peg.2385.site.4, 8, 135, 143
1339327.3.peg.2385.site.5, 2, 136, 138
1339327.3.peg.2385.site.6, 46, 136, 182
1339327.3.peg.2385.site.7, 24, 136, 160
1339327.3.peg.2385.site.8, 9, 135, 144
1339327.3.peg.2385.site.9, 0, 135, 135
1339327.3.peg.2385.site.10, 2, 131, 133
1339327.3.peg.2385.site.11, 2, 132, 134
1339327.3.peg.2385.site.12, 9, 124, 133
1339327.3.peg.2385.site.13, 96, 133, 229
1339327.3.peg.2385.site.14, 80, 136, 216
1339327.3.peg.2940.site.1, 19, 135, 154
1339327.3.peg.2940.site.2, 19, 135, 154
1339327.3.peg.2940.site.3, 2, 133, 135
1339327.3.peg.2940.site.4, 5, 134, 139
1339327.3.peg.2940.site.5, 0, 135, 135
1339327.3.peg.2940.site.6, 67, 136, 203
1339327.3.peg.2940.site.7, 18, 137, 155
1339327.3.peg.2940.site.8, 15, 132, 147
1339327.3.peg.2940.site.9, 70, 125, 195
1339327.3.peg.2144.site.1, 19, 91, 110
1339327.3.peg.2144.site.2, 14, 83, 97
1339327.3.peg.2144.site.3, 2, 70, 72
1339327.3.peg.2144.site.4, 2, 70, 72
1339327.3.peg.2144.site.5, 6, 75, 81
1339327.3.peg.2144.site.6, 10, 80, 90
1339327.3.peg.2144.site.7, 3, 87, 90
1339327.3.peg.2144.site.8, 1, 89, 90
1339327.3.peg.2144.site.9, 1, 90, 91
1339327.3.peg.2144.site.10, 80, 89, 169
1339327.3.peg.2144.site.11, 7, 88, 95
1339327.3.peg.2144.site.12, 5, 87, 92
1339327.3.peg.2144.site.13, 7, 87, 94
1339327.3.peg.2144.site.14, 6, 87, 93
1339327.3.peg.2144.site.15, 3, 91, 94
1339327.3.peg.2144.site.16, 2, 92, 94
1339327.3.peg.2144.site.17, 2, 92, 94
1339327.3.peg.2144.site.18, 3, 96, 99
1339327.3.peg.2144.site.19, 1, 109, 110
1339327.3.peg.2144.site.20, 2, 113, 115
1339327.3.peg.2144.site.21, 4, 112, 116
1339327.3.peg.2144.site.22, 3, 112, 115
1339327.3.peg.2144.site.23, 2, 119, 121
1339327.3.peg.2144.site.24, 13, 123, 136
1339327.3.peg.2144.site.25, 23, 132, 155
1339327.3.peg.2144.site.26, 23, 131, 154
1339327.3.peg.2144.site.27, 65, 136, 201
1339327.3.peg.2144.site.28, 2, 137, 139
1339327.3.peg.2144.site.29, 12, 137, 149
1339327.3.peg.2144.site.30, 2, 137, 139
1339327.3.peg.2144.site.31, 0, 136, 136
1339327.3.peg.2144.site.32, 16, 136, 152
1339327.3.peg.2144.site.33, 2, 136, 138
1339327.3.peg.2144.site.34, 0, 134, 134
1339327.3.peg.2144.site.35, 3, 136, 139
1339327.3.peg.2144.site.36, 115, 137, 252
1339327.3.peg.2144.site.37, 1, 136, 137
1339327.3.peg.2144.site.38, 1, 136, 137
1339327.3.peg.2144.site.39, 26, 135, 161
1339327.3.peg.2144.site.40, 3, 136, 139
1339327.3.peg.2144.site.41, 1, 136, 137
1339327.3.peg.2144.site.42, 3, 133, 136
1339327.3.peg.2144.site.43, 122, 135, 257
1339327.3.peg.2144.site.44, 2, 137, 139
1339327.3.peg.2144.site.45, 5, 137, 142
1339327.3.peg.2144.site.46, 5, 133, 138
1339327.3.peg.2144.site.47, 15, 135, 150
1339327.3.peg.2144.site.48, 3, 135, 138
1339327.3.peg.2144.site.49, 3, 135, 138
1339327.3.peg.2144.site.50, 3, 134, 137
1339327.3.peg.2144.site.51, 5, 136, 141
1339327.3.peg.2144.site.52, 8, 137, 145
1339327.3.peg.2144.site.53, 123, 137, 260
1339327.3.peg.2144.site.54, 5, 136, 141
1339327.3.peg.2144.site.55, 26, 135, 161
1339327.3.peg.2144.site.56, 0, 136, 136
1339327.3.peg.2145.site.1, 54, 135, 189
1339327.3.peg.2145.site.2, 0, 137, 137
1339327.3.peg.2145.site.3, 3, 136, 139
1339327.3.peg.2145.site.4, 20, 135, 155
1339327.3.peg.2145.site.5, 3, 137, 140
1339327.3.peg.2145.site.6, 3, 135, 138
1339327.3.peg.2145.site.7, 5, 132, 137
1339327.3.peg.2145.site.8, 1, 131, 132
1339327.3.peg.2145.site.9, 63, 130, 193
1339327.3.peg.2145.site.10, 1, 131, 132
1339327.3.peg.2145.site.11, 1, 135, 136
1339327.3.peg.2145.site.12, 97, 133, 230
1339327.3.peg.2145.site.13, 6, 136, 142
1339327.3.peg.2145.site.14, 0, 136, 136
1339327.3.peg.2145.site.15, 29, 137, 166
1339327.3.peg.2145.site.16, 116, 136, 252
1339327.3.peg.2145.site.17, 3, 136, 139
1339327.3.peg.2145.site.18, 1, 135, 136
1339327.3.peg.2145.site.19, 84, 109, 193
1339327.3.peg.2145.site.20, 3, 114, 117
1339327.3.peg.2145.site.21, 3, 136, 139
1339327.3.peg.2145.site.22, 26, 135, 161
1339327.3.peg.2145.site.23, 6, 137, 143
1339327.3.peg.2145.site.24, 30, 136, 166
1339327.3.peg.2146.site.1, 2, 137, 139
1339327.3.peg.2146.site.2, 3, 130, 133
1339327.3.peg.2146.site.3, 72, 130, 202
1339327.3.peg.2146.site.4, 1, 136, 137
1339327.3.peg.2146.site.5, 1, 135, 136
1339327.3.peg.2146.site.6, 44, 134, 178
1339327.3.peg.2146.site.7, 3, 131, 134
1339327.3.peg.2146.site.8, 0, 131, 131
1339327.3.peg.2146.site.9, 8, 131, 139
1339327.3.peg.2146.site.10, 2, 132, 134
1339327.3.peg.2146.site.11, 17, 133, 150
1339327.3.peg.2146.site.12, 44, 127, 171
1339327.3.peg.2146.site.13, 1, 132, 133
1339327.3.peg.2146.site.14, 1, 136, 137
1339327.3.peg.2146.site.15, 5, 136, 141
1339327.3.peg.2146.site.16, 89, 136, 225
1339327.3.peg.2147.site.1, 14, 134, 148
1339327.3.peg.2147.site.2, 1, 136, 137
1339327.3.peg.2147.site.3, 4, 137, 141
1339327.3.peg.2147.site.4, 32, 137, 169
1339327.3.peg.2147.site.5, 15, 136, 151
1339327.3.peg.2147.site.6, 19, 136, 155
1339327.3.peg.2147.site.7, 22, 136, 158
1339327.3.peg.2147.site.8, 11, 136, 147
1339327.3.peg.2147.site.9, 2, 135, 137
1339327.3.peg.2147.site.10, 6, 136, 142
1339327.3.peg.2147.site.11, 17, 137, 154
1339327.3.peg.2147.site.12, 1, 135, 136
1339327.3.peg.2147.site.13, 15, 132, 147
1339327.3.peg.2147.site.14, 52, 132, 184
1339327.3.peg.2147.site.15, 4, 134, 138
1339327.3.peg.2147.site.16, 7, 136, 143
1339327.3.peg.2147.site.17, 19, 136, 155
1339327.3.peg.2147.site.18, 55, 136, 191
1339327.3.peg.2147.site.19, 5, 135, 140
1339327.3.peg.2147.site.20, 15, 128, 143
1339327.3.peg.2147.site.21, 4, 136, 140
1339327.3.peg.2147.site.22, 10, 135, 145
1339327.3.peg.2147.site.23, 2, 136, 138
1339327.3.peg.2147.site.24, 0, 136, 136
1339327.3.peg.2147.site.25, 1, 135, 136
1339327.3.peg.2140.site.1, 8, 134, 142
1339327.3.peg.2140.site.2, 12, 135, 147
1339327.3.peg.2140.site.3, 22, 136, 158
1339327.3.peg.2140.site.4, 20, 131, 151
1339327.3.peg.2140.site.5, 3, 127, 130
1339327.3.peg.2140.site.6, 16, 130, 146
1339327.3.peg.2140.site.7, 4, 135, 139
1339327.3.peg.2140.site.8, 11, 134, 145
1339327.3.peg.2140.site.9, 5, 137, 142
1339327.3.peg.2140.site.10, 3, 137, 140
1339327.3.peg.2140.site.11, 39, 133, 172
1339327.3.peg.2140.site.12, 1, 133, 134
1339327.3.peg.2140.site.13, 8, 134, 142
1339327.3.peg.2140.site.14, 1, 134, 135
1339327.3.peg.2140.site.15, 12, 133, 145
1339327.3.peg.2140.site.16, 13, 132, 145
1339327.3.peg.2140.site.17, 29, 135, 164
1339327.3.peg.2140.site.18, 6, 133, 139
1339327.3.peg.2140.site.19, 1, 95, 96
1339327.3.peg.2140.site.20, 0, 117, 117
1339327.3.peg.2140.site.21, 2, 134, 136
1339327.3.peg.2140.site.22, 4, 134, 138
1339327.3.peg.2140.site.23, 4, 134, 138
1339327.3.peg.2140.site.24, 114, 134, 248
1339327.3.peg.2140.site.25, 2, 133, 135
1339327.3.peg.2140.site.26, 20, 131, 151
1339327.3.peg.2140.site.27, 12, 134, 146
1339327.3.peg.2140.site.28, 1, 134, 135
1339327.3.peg.2140.site.29, 13, 135, 148
1339327.3.peg.2140.site.30, 3, 135, 138
1339327.3.peg.2140.site.31, 0, 136, 136
1339327.3.peg.2141.site.1, 10, 136, 146
1339327.3.peg.2141.site.2, 2, 137, 139
1339327.3.peg.2141.site.3, 2, 135, 137
1339327.3.peg.2141.site.4, 17, 137, 154
1339327.3.peg.2141.site.5, 0, 136, 136
1339327.3.peg.2141.site.6, 1, 133, 134
1339327.3.peg.2141.site.7, 1, 134, 135
1339327.3.peg.2141.site.8, 14, 134, 148
1339327.3.peg.2141.site.9, 5, 134, 139
1339327.3.peg.2141.site.10, 83, 132, 215
1339327.3.peg.2141.site.11, 0, 134, 134
1339327.3.peg.2141.site.12, 23, 131, 154
1339327.3.peg.2141.site.13, 11, 134, 145
1339327.3.peg.2141.site.14, 22, 135, 157
1339327.3.peg.2141.site.15, 32, 136, 168
1339327.3.peg.2141.site.16, 5, 132, 137
1339327.3.peg.2141.site.17, 0, 136, 136
1339327.3.peg.2141.site.18, 3, 135, 138
1339327.3.peg.2141.site.19, 2, 136, 138
1339327.3.peg.2142.site.1, 2, 136, 138
1339327.3.peg.2142.site.2, 3, 136, 139
1339327.3.peg.2142.site.3, 88, 134, 222
1339327.3.peg.2142.site.4, 107, 136, 243
1339327.3.peg.2142.site.5, 3, 135, 138
1339327.3.peg.2142.site.6, 31, 134, 165
1339327.3.peg.2142.site.7, 34, 136, 170
1339327.3.peg.2142.site.8, 4, 102, 106
1339327.3.peg.2142.site.9, 11, 97, 108
1339327.3.peg.2142.site.10, 3, 129, 132
1339327.3.peg.2142.site.11, 43, 124, 167
1339327.3.peg.2142.site.12, 18, 83, 101
1339327.3.peg.2142.site.13, 3, 78, 81
1339327.3.peg.2142.site.14, 26, 78, 104
1339327.3.peg.2142.site.15, 2, 77, 79
1339327.3.peg.2142.site.16, 2, 78, 80
1339327.3.peg.2142.site.17, 11, 87, 98
1339327.3.peg.2142.site.18, 26, 88, 114
1339327.3.peg.2142.site.19, 4, 103, 107
1339327.3.peg.2142.site.20, 3, 133, 136
1339327.3.peg.2142.site.21, 2, 134, 136
1339327.3.peg.2142.site.22, 2, 133, 135
1339327.3.peg.2142.site.23, 3, 130, 133
1339327.3.peg.2142.site.24, 37, 127, 164
1339327.3.peg.2142.site.25, 34, 126, 160
1339327.3.peg.2142.site.26, 9, 121, 130
1339327.3.peg.2142.site.27, 30, 114, 144
1339327.3.peg.2142.site.28, 38, 72, 110
1339327.3.peg.2142.site.29, 10, 71, 81
1339327.3.peg.2142.site.30, 6, 67, 73
1339327.3.peg.2142.site.31, 3, 67, 70
1339327.3.peg.2142.site.32, 2, 63, 65
1339327.3.peg.2142.site.33, 4, 71, 75
1339327.3.peg.2142.site.34, 22, 70, 92
1339327.3.peg.3497.site.1, 0, 137, 137
1339327.3.peg.3497.site.2, 4, 136, 140
1339327.3.peg.3497.site.3, 2, 136, 138
1339327.3.peg.3497.site.4, 4, 137, 141
1339327.3.peg.3497.site.5, 2, 137, 139
1339327.3.peg.3496.site.1, 33, 116, 149
1339327.3.peg.3496.site.2, 1, 118, 119
1339327.3.peg.3496.site.3, 0, 118, 118
1339327.3.peg.3496.site.4, 1, 136, 137
1339327.3.peg.2148.site.1, 6, 136, 142
1339327.3.peg.2148.site.2, 2, 136, 138
1339327.3.peg.2148.site.3, 2, 134, 136
1339327.3.peg.2148.site.4, 67, 128, 195
1339327.3.peg.2148.site.5, 1, 128, 129
1339327.3.peg.2148.site.6, 6, 135, 141
1339327.3.peg.2148.site.7, 1, 134, 135
1339327.3.peg.2148.site.8, 14, 136, 150
1339327.3.peg.2148.site.9, 1, 134, 135
1339327.3.peg.2148.site.10, 9, 132, 141
1339327.3.peg.2148.site.11, 5, 130, 135
1339327.3.peg.2148.site.12, 1, 136, 137
1339327.3.peg.2148.site.13, 3, 136, 139
1339327.3.peg.2148.site.14, 8, 135, 143
1339327.3.peg.2148.site.15, 3, 135, 138
1339327.3.peg.2148.site.16, 11, 130, 141
1339327.3.peg.2148.site.17, 0, 137, 137
1339327.3.peg.2148.site.18, 28, 137, 165
1339327.3.peg.2148.site.19, 5, 137, 142
1339327.3.peg.2148.site.20, 5, 137, 142
1339327.3.peg.2148.site.21, 65, 136, 201
1339327.3.peg.2148.site.22, 23, 137, 160
1339327.3.peg.2148.site.23, 95, 136, 231
1339327.3.peg.2149.site.1, 3, 118, 121
1339327.3.peg.2149.site.2, 2, 136, 138
1339327.3.peg.2149.site.3, 3, 135, 138
1339327.3.peg.2149.site.4, 121, 134, 255
1339327.3.peg.2149.site.5, 0, 131, 131
1339327.3.peg.2149.site.6, 57, 133, 190
1339327.3.peg.2149.site.7, 0, 136, 136
1339327.3.peg.2149.site.8, 118, 137, 255
1339327.3.peg.2149.site.9, 0, 136, 136
1339327.3.peg.2149.site.10, 72, 136, 208
1339327.3.peg.2149.site.11, 7, 134, 141
1339327.3.peg.2149.site.12, 0, 134, 134
1339327.3.peg.2149.site.13, 3, 132, 135
1339327.3.peg.2149.site.14, 10, 135, 145
1339327.3.peg.2149.site.15, 113, 136, 249
1339327.3.peg.2149.site.16, 41, 137, 178
1339327.3.peg.2149.site.17, 5, 137, 142
1339327.3.peg.2149.site.18, 44, 137, 181
1339327.3.peg.2149.site.19, 21, 137, 158
1339327.3.peg.2149.site.20, 22, 136, 158
1339327.3.peg.2149.site.21, 1, 136, 137
1339327.3.peg.2149.site.22, 2, 134, 136
1339327.3.peg.2149.site.23, 6, 137, 143
1339327.3.peg.2149.site.24, 0, 136, 136
1339327.3.peg.2149.site.25, 0, 133, 133
1339327.3.peg.2149.site.26, 59, 135, 194
1339327.3.peg.2149.site.27, 7, 134, 141
1339327.3.peg.2149.site.28, 34, 134, 168
1339327.3.peg.2149.site.29, 2, 136, 138
1339327.3.peg.2149.site.30, 3, 137, 140
1339327.3.peg.2149.site.31, 7, 137, 144
1339327.3.peg.2149.site.32, 29, 135, 164
1339327.3.peg.2149.site.33, 3, 137, 140
1339327.3.peg.2149.site.34, 23, 134, 157
1339327.3.peg.2149.site.35, 30, 136, 166
1339327.3.peg.2149.site.36, 6, 132, 138
1339327.3.peg.2149.site.37, 3, 132, 135
1339327.3.peg.2149.site.38, 2, 132, 134
1339327.3.peg.2149.site.39, 16, 136, 152
1339327.3.peg.2149.site.40, 88, 137, 225
1339327.3.peg.2149.site.41, 2, 136, 138
1339327.3.peg.2149.site.42, 37, 135, 172
1339327.3.peg.2149.site.43, 37, 135, 172
1339327.3.peg.2149.site.44, 31, 125, 156
1339327.3.peg.2149.site.45, 1, 134, 135
1339327.3.peg.3147.site.1, 4, 135, 139
1339327.3.peg.3147.site.2, 2, 136, 138
1339327.3.peg.3147.site.3, 6, 133, 139
1339327.3.peg.3147.site.4, 1, 131, 132
1339327.3.peg.3147.site.5, 13, 130, 143
1339327.3.peg.3147.site.6, 1, 130, 131
1339327.3.peg.3147.site.7, 2, 129, 131
1339327.3.peg.3147.site.8, 1, 124, 125
1339327.3.peg.3147.site.9, 1, 134, 135
1339327.3.peg.3147.site.10, 1, 133, 134
1339327.3.peg.3147.site.11, 1, 133, 134
1339327.3.peg.3147.site.12, 1, 136, 137
1339327.3.peg.3147.site.13, 62, 136, 198
1339327.3.peg.3147.site.14, 2, 133, 135
1339327.3.peg.3147.site.15, 54, 133, 187
1339327.3.peg.3147.site.16, 62, 130, 192
1339327.3.peg.3147.site.17, 10, 127, 137
1339327.3.peg.3147.site.18, 3, 123, 126
1339327.3.peg.3147.site.19, 115, 122, 237
1339327.3.peg.3147.site.20, 4, 120, 124
1339327.3.peg.3147.site.21, 14, 130, 144
1339327.3.peg.3147.site.22, 2, 133, 135
1339327.3.peg.3147.site.23, 120, 132, 252
1339327.3.peg.3147.site.24, 9, 133, 142
1339327.3.peg.3147.site.25, 0, 131, 131
1339327.3.peg.3147.site.26, 5, 134, 139
1339327.3.peg.3147.site.27, 76, 133, 209
1339327.3.peg.3147.site.28, 126, 134, 260
1339327.3.peg.3147.site.29, 14, 132, 146
1339327.3.peg.3147.site.30, 1, 134, 135
1339327.3.peg.3146.site.1, 2, 131, 133
1339327.3.peg.3146.site.2, 107, 136, 243
1339327.3.peg.3146.site.3, 18, 134, 152
1339327.3.peg.3146.site.4, 1, 132, 133
1339327.3.peg.3146.site.5, 28, 131, 159
1339327.3.peg.3146.site.6, 0, 132, 132
1339327.3.peg.3146.site.7, 20, 121, 141
1339327.3.peg.3146.site.8, 1, 124, 125
1339327.3.peg.3146.site.9, 3, 128, 131
1339327.3.peg.3146.site.10, 90, 128, 218
1339327.3.peg.3146.site.11, 3, 128, 131
1339327.3.peg.3146.site.12, 40, 126, 166
1339327.3.peg.3146.site.13, 60, 125, 185
1339327.3.peg.3146.site.14, 10, 125, 135
1339327.3.peg.3146.site.15, 3, 117, 120
1339327.3.peg.3146.site.16, 8, 127, 135
1339327.3.peg.3146.site.17, 7, 128, 135
1339327.3.peg.3146.site.18, 25, 127, 152
1339327.3.peg.3145.site.1, 11, 133, 144
1339327.3.peg.3145.site.2, 5, 132, 137
1339327.3.peg.3145.site.3, 5, 133, 138
1339327.3.peg.3145.site.4, 75, 130, 205
1339327.3.peg.3145.site.5, 0, 133, 133
1339327.3.peg.3145.site.6, 10, 132, 142
1339327.3.peg.3145.site.7, 16, 128, 144
1339327.3.peg.3144.site.1, 3, 130, 133
1339327.3.peg.3144.site.2, 0, 132, 132
1339327.3.peg.3143.site.1, 3, 132, 135
1339327.3.peg.3143.site.2, 0, 136, 136
1339327.3.peg.3143.site.3, 9, 133, 142
1339327.3.peg.3143.site.4, 0, 135, 135
1339327.3.peg.3143.site.5, 17, 134, 151
1339327.3.peg.3143.site.6, 0, 135, 135
1339327.3.peg.3143.site.7, 113, 132, 245
1339327.3.peg.3143.site.8, 5, 134, 139
1339327.3.peg.3143.site.9, 16, 133, 149
1339327.3.peg.3143.site.10, 1, 136, 137
1339327.3.peg.3143.site.11, 0, 135, 135
1339327.3.peg.3143.site.12, 2, 136, 138
1339327.3.peg.3142.site.1, 5, 127, 132
1339327.3.peg.3142.site.2, 6, 129, 135
1339327.3.peg.3142.site.3, 2, 120, 122
1339327.3.peg.3142.site.4, 9, 113, 122
1339327.3.peg.3142.site.5, 24, 104, 128
1339327.3.peg.3142.site.6, 2, 90, 92
1339327.3.peg.3142.site.7, 1, 102, 103
1339327.3.peg.3142.site.8, 3, 112, 115
1339327.3.peg.3142.site.9, 15, 135, 150
1339327.3.peg.3142.site.10, 15, 134, 149
1339327.3.peg.3142.site.11, 2, 134, 136
1339327.3.peg.3142.site.12, 14, 135, 149
1339327.3.peg.3142.site.13, 4, 135, 139
1339327.3.peg.3142.site.14, 0, 135, 135
1339327.3.peg.3142.site.15, 5, 134, 139
1339327.3.peg.3142.site.16, 1, 133, 134
1339327.3.peg.3142.site.17, 10, 134, 144
1339327.3.peg.3142.site.18, 11, 134, 145
1339327.3.peg.3142.site.19, 1, 134, 135
1339327.3.peg.3142.site.20, 0, 132, 132
1339327.3.peg.3142.site.21, 0, 132, 132
1339327.3.peg.3142.site.22, 5, 127, 132
1339327.3.peg.3142.site.23, 1, 132, 133
1339327.3.peg.3142.site.24, 25, 135, 160
1339327.3.peg.3142.site.25, 24, 133, 157
1339327.3.peg.3142.site.26, 1, 133, 134
1339327.3.peg.3142.site.27, 5, 135, 140
1339327.3.peg.3142.site.28, 125, 136, 261
1339327.3.peg.3142.site.29, 1, 134, 135
1339327.3.peg.3142.site.30, 0, 136, 136
1339327.3.peg.3142.site.31, 4, 134, 138
1339327.3.peg.3142.site.32, 46, 133, 179
1339327.3.peg.3142.site.33, 0, 128, 128
1339327.3.peg.3142.site.34, 0, 130, 130
1339327.3.peg.3141.site.1, 1, 128, 129
1339327.3.peg.3141.site.2, 0, 130, 130
1339327.3.peg.3141.site.3, 2, 129, 131
1339327.3.peg.3141.site.4, 31, 129, 160
1339327.3.peg.3141.site.5, 3, 120, 123
1339327.3.peg.3141.site.6, 94, 125, 219
1339327.3.peg.3141.site.7, 8, 128, 136
1339327.3.peg.3141.site.8, 1, 131, 132
1339327.3.peg.3141.site.9, 5, 129, 134
1339327.3.peg.3141.site.10, 2, 132, 134
1339327.3.peg.3141.site.11, 106, 134, 240
1339327.3.peg.3141.site.12, 81, 131, 212
1339327.3.peg.3141.site.13, 0, 129, 129
1339327.3.peg.3141.site.14, 4, 126, 130
1339327.3.peg.3141.site.15, 22, 129, 151
1339327.3.peg.3141.site.16, 8, 131, 139
1339327.3.peg.3141.site.17, 12, 133, 145
1339327.3.peg.3141.site.18, 2, 134, 136
1339327.3.peg.3141.site.19, 8, 135, 143
1339327.3.peg.3141.site.20, 0, 135, 135
1339327.3.peg.3639.site.1, 67, 137, 204
1339327.3.peg.3639.site.2, 66, 135, 201
1339327.3.peg.3639.site.3, 29, 135, 164
1339327.3.peg.3638.site.1, 3, 136, 139
1339327.3.peg.3638.site.2, 6, 136, 142
1339327.3.peg.3638.site.3, 49, 135, 184
1339327.3.peg.3638.site.4, 22, 135, 157
1339327.3.peg.3638.site.5, 3, 135, 138
1339327.3.peg.3638.site.6, 6, 136, 142
1339327.3.peg.3638.site.7, 1, 135, 136
1339327.3.peg.3638.site.8, 2, 137, 139
1339327.3.peg.3638.site.9, 8, 137, 145
1339327.3.peg.3638.site.10, 2, 137, 139
1339327.3.peg.3149.site.1, 2, 127, 129
1339327.3.peg.3149.site.2, 2, 135, 137
1339327.3.peg.3149.site.3, 16, 135, 151
1339327.3.peg.3149.site.4, 81, 135, 216
1339327.3.peg.3149.site.5, 130, 136, 266
1339327.3.peg.3149.site.6, 14, 137, 151
1339327.3.peg.3149.site.7, 2, 135, 137
1339327.3.peg.3149.site.8, 3, 136, 139
1339327.3.peg.3149.site.9, 12, 135, 147
1339327.3.peg.3149.site.10, 70, 135, 205
1339327.3.peg.3149.site.11, 2, 134, 136
1339327.3.peg.3149.site.12, 23, 136, 159
1339327.3.peg.3149.site.13, 30, 136, 166
1339327.3.peg.3149.site.14, 77, 136, 213
1339327.3.peg.3149.site.15, 14, 132, 146
1339327.3.peg.3148.site.1, 23, 133, 156
1339327.3.peg.3148.site.2, 1, 132, 133
1339327.3.peg.3148.site.3, 2, 134, 136
1339327.3.peg.3148.site.4, 10, 136, 146
1339327.3.peg.3148.site.5, 1, 137, 138
1339327.3.peg.3148.site.6, 3, 132, 135
1339327.3.peg.3148.site.7, 2, 124, 126
1339327.3.peg.3148.site.8, 29, 134, 163
1339327.3.peg.3148.site.9, 9, 131, 140
1339327.3.peg.3148.site.10, 4, 132, 136
1339327.3.peg.3148.site.11, 1, 131, 132
1339327.3.peg.3148.site.12, 3, 120, 123
1339327.3.peg.3148.site.13, 2, 122, 124
1339327.3.peg.3148.site.14, 12, 124, 136
1339327.3.peg.3381.site.1, 0, 137, 137
1339327.3.peg.3381.site.2, 22, 137, 159
1339327.3.peg.3381.site.3, 4, 137, 141
1339327.3.peg.3381.site.4, 4, 137, 141
1339327.3.peg.3381.site.5, 0, 133, 133
1339327.3.peg.3381.site.6, 3, 136, 139
1339327.3.peg.3381.site.7, 129, 135, 264
1339327.3.peg.3381.site.8, 3, 136, 139
1339327.3.peg.3381.site.9, 2, 136, 138
1339327.3.peg.3381.site.10, 2, 136, 138
1339327.3.peg.3381.site.11, 1, 135, 136
1339327.3.peg.3381.site.12, 3, 134, 137
1339327.3.peg.3380.site.1, 19, 135, 154
1339327.3.peg.3380.site.2, 60, 132, 192
1339327.3.peg.3380.site.3, 7, 132, 139
1339327.3.peg.3380.site.4, 99, 130, 229
1339327.3.peg.3380.site.5, 99, 130, 229
1339327.3.peg.3380.site.6, 5, 132, 137
1339327.3.peg.3380.site.7, 2, 136, 138
1339327.3.peg.3380.site.8, 10, 136, 146
1339327.3.peg.3380.site.9, 1, 135, 136
1339327.3.peg.3380.site.10, 1, 137, 138
1339327.3.peg.3380.site.11, 4, 135, 139
1339327.3.peg.3380.site.12, 25, 136, 161
1339327.3.peg.3380.site.13, 23, 137, 160
1339327.3.peg.3380.site.14, 106, 136, 242
1339327.3.peg.3380.site.15, 2, 134, 136
1339327.3.peg.3380.site.16, 24, 136, 160
1339327.3.peg.3380.site.17, 2, 134, 136
1339327.3.peg.3380.site.18, 3, 134, 137
1339327.3.peg.3383.site.1, 7, 136, 143
1339327.3.peg.3383.site.2, 3, 136, 139
1339327.3.peg.3383.site.3, 3, 136, 139
1339327.3.peg.3383.site.4, 113, 136, 249
1339327.3.peg.3383.site.5, 2, 137, 139
1339327.3.peg.3382.site.1, 99, 134, 233
1339327.3.peg.3382.site.2, 107, 134, 241
1339327.3.peg.3382.site.3, 0, 136, 136
1339327.3.peg.3382.site.4, 2, 135, 137
1339327.3.peg.3382.site.5, 41, 136, 177
1339327.3.peg.3382.site.6, 9, 135, 144
1339327.3.peg.3382.site.7, 10, 136, 146
1339327.3.peg.3382.site.8, 123, 136, 259
1339327.3.peg.3382.site.9, 3, 135, 138
1339327.3.peg.3382.site.10, 99, 130, 229
1339327.3.peg.3382.site.11, 4, 132, 136
1339327.3.peg.3382.site.12, 7, 132, 139
1339327.3.peg.3382.site.13, 3, 60, 63
1339327.3.peg.3382.site.14, 0, 30, 30
1339327.3.peg.3382.site.15, 0, 15, 15
1339327.3.peg.3382.site.16, 0, 116, 116
1339327.3.peg.3385.site.1, 17, 137, 154
1339327.3.peg.3385.site.2, 112, 135, 247
1339327.3.peg.3385.site.3, 6, 135, 141
1339327.3.peg.3384.site.1, 5, 135, 140
1339327.3.peg.3384.site.2, 19, 136, 155
1339327.3.peg.3384.site.3, 0, 135, 135
1339327.3.peg.3384.site.4, 2, 136, 138
1339327.3.peg.3384.site.5, 91, 136, 227
1339327.3.peg.3384.site.6, 21, 134, 155
1339327.3.peg.3384.site.7, 3, 135, 138
1339327.3.peg.3384.site.8, 38, 135, 173
1339327.3.peg.3384.site.9, 128, 134, 262
1339327.3.peg.3384.site.10, 4, 137, 141
1339327.3.peg.3384.site.11, 88, 137, 225
1339327.3.peg.3384.site.12, 5, 137, 142
1339327.3.peg.3384.site.13, 18, 136, 154
1339327.3.peg.3384.site.14, 26, 137, 163
1339327.3.peg.3384.site.15, 1, 137, 138
1339327.3.peg.3384.site.16, 2, 137, 139
1339327.3.peg.3386.site.1, 2, 137, 139
1339327.3.peg.3386.site.2, 5, 136, 141
1339327.3.peg.3386.site.3, 63, 134, 197
1339327.3.peg.3386.site.4, 4, 136, 140
1339327.3.peg.3386.site.5, 103, 136, 239
1339327.3.peg.3386.site.6, 6, 135, 141
1339327.3.peg.3386.site.7, 3, 137, 140
1339327.3.peg.3386.site.8, 28, 137, 165
1339327.3.peg.3386.site.9, 47, 137, 184
1339327.3.peg.3386.site.10, 1, 137, 138
1339327.3.peg.3389.site.1, 2, 133, 135
1339327.3.peg.3389.site.2, 9, 136, 145
1339327.3.peg.3389.site.3, 3, 135, 138
1339327.3.peg.3389.site.4, 128, 136, 264
1339327.3.peg.3389.site.5, 2, 134, 136
1339327.3.peg.3389.site.6, 38, 134, 172
1339327.3.peg.3389.site.7, 7, 134, 141
1339327.3.peg.3389.site.8, 4, 135, 139
1339327.3.peg.3389.site.9, 3, 136, 139
1339327.3.peg.3389.site.10, 53, 137, 190
1339327.3.peg.3389.site.11, 11, 137, 148
1339327.3.peg.3389.site.12, 0, 136, 136
1339327.3.peg.3389.site.13, 30, 135, 165
1339327.3.peg.3389.site.14, 24, 135, 159
1339327.3.peg.3389.site.15, 3, 136, 139
1339327.3.peg.3389.site.16, 120, 134, 254
1339327.3.peg.3389.site.17, 11, 134, 145
1339327.3.peg.3389.site.18, 130, 136, 266
1339327.3.peg.3389.site.19, 128, 134, 262
1339327.3.peg.3389.site.20, 4, 137, 141
1339327.3.peg.3389.site.21, 0, 133, 133
1339327.3.peg.3389.site.22, 24, 134, 158
1339327.3.peg.3389.site.23, 87, 134, 221
1339327.3.peg.3389.site.24, 2, 137, 139
1339327.3.peg.3389.site.25, 0, 134, 134
1339327.3.peg.3389.site.26, 0, 135, 135
1339327.3.peg.3389.site.27, 2, 135, 137
1339327.3.peg.3389.site.28, 0, 134, 134
1339327.3.peg.3389.site.29, 1, 137, 138
1339327.3.peg.3389.site.30, 2, 137, 139
1339327.3.peg.3388.site.1, 2, 132, 134
1339327.3.peg.3388.site.2, 2, 136, 138
1339327.3.peg.3388.site.3, 34, 136, 170
1339327.3.peg.3388.site.4, 1, 137, 138
1339327.3.peg.3388.site.5, 10, 137, 147
1339327.3.peg.3388.site.6, 3, 136, 139
1339327.3.peg.3388.site.7, 0, 136, 136
1339327.3.peg.3388.site.8, 75, 135, 210
1339327.3.peg.3388.site.9, 37, 135, 172
1339327.3.peg.3388.site.10, 0, 135, 135
1339327.3.peg.3388.site.11, 0, 135, 135
1339327.3.peg.3388.site.12, 1, 137, 138
1339327.3.peg.3388.site.13, 62, 136, 198
1339327.3.peg.3388.site.14, 0, 136, 136
1339327.3.peg.3388.site.15, 17, 137, 154
1339327.3.peg.3388.site.16, 76, 132, 208
1339327.3.peg.3388.site.17, 24, 136, 160
1339327.3.peg.3388.site.18, 2, 136, 138
1339327.3.peg.3388.site.19, 1, 136, 137
1339327.3.peg.3388.site.20, 1, 136, 137
1339327.3.peg.3388.site.21, 4, 136, 140
1339327.3.peg.3388.site.22, 1, 136, 137
1339327.3.peg.3388.site.23, 62, 135, 197
1339327.3.peg.3388.site.24, 1, 136, 137
1339327.3.peg.1416.site.1, 1, 134, 135
1339327.3.peg.1416.site.2, 2, 136, 138
1339327.3.peg.1416.site.3, 8, 135, 143
1339327.3.peg.1416.site.4, 95, 135, 230
1339327.3.peg.1416.site.5, 2, 136, 138
1339327.3.peg.1416.site.6, 1, 137, 138
1339327.3.peg.1416.site.7, 109, 137, 246
1339327.3.peg.1416.site.8, 1, 137, 138
1339327.3.peg.1416.site.9, 89, 135, 224
1339327.3.peg.1416.site.10, 0, 136, 136
1339327.3.peg.1416.site.11, 2, 136, 138
1339327.3.peg.1416.site.12, 0, 134, 134
1339327.3.peg.1416.site.13, 0, 137, 137
1339327.3.peg.1416.site.14, 3, 137, 140
1339327.3.peg.1416.site.15, 3, 134, 137
1339327.3.peg.1416.site.16, 1, 136, 137
1339327.3.peg.1416.site.17, 3, 137, 140
1339327.3.peg.1416.site.18, 8, 136, 144
1339327.3.peg.1416.site.19, 4, 135, 139
1339327.3.peg.1416.site.20, 0, 136, 136
1339327.3.peg.1416.site.21, 84, 136, 220
1339327.3.peg.1416.site.22, 23, 137, 160
1339327.3.peg.1416.site.23, 3, 137, 140
1339327.3.peg.1416.site.24, 0, 136, 136
1339327.3.peg.1416.site.25, 0, 137, 137
1339327.3.peg.1416.site.26, 5, 137, 142
1339327.3.peg.1416.site.27, 14, 137, 151
1339327.3.peg.1416.site.28, 2, 134, 136
1339327.3.peg.1416.site.29, 82, 135, 217
1339327.3.peg.1416.site.30, 3, 135, 138
1339327.3.peg.1416.site.31, 0, 135, 135
1339327.3.peg.1416.site.32, 0, 137, 137
1339327.3.peg.3039.site.1, 90, 130, 220
1339327.3.peg.3039.site.2, 5, 130, 135
1339327.3.peg.3039.site.3, 2, 132, 134
1339327.3.peg.3039.site.4, 1, 134, 135
1339327.3.peg.3039.site.5, 3, 133, 136
1339327.3.peg.3039.site.6, 39, 135, 174
1339327.3.peg.3039.site.7, 61, 136, 197
1339327.3.peg.3039.site.8, 20, 137, 157
1339327.3.peg.3039.site.9, 2, 136, 138
1339327.3.peg.3039.site.10, 13, 133, 146
1339327.3.peg.3039.site.11, 3, 131, 134
1339327.3.peg.3039.site.12, 2, 133, 135
1339327.3.peg.3039.site.13, 0, 127, 127
1339327.3.peg.3039.site.14, 6, 135, 141
1339327.3.peg.3039.site.15, 9, 132, 141
1339327.3.peg.3039.site.16, 33, 136, 169
1339327.3.peg.3039.site.17, 2, 137, 139
1339327.3.peg.3039.site.18, 4, 136, 140
1339327.3.peg.3039.site.19, 5, 136, 141
1339327.3.peg.3039.site.20, 12, 137, 149
1339327.3.peg.3039.site.21, 95, 135, 230
1339327.3.peg.3039.site.22, 93, 133, 226
1339327.3.peg.3038.site.1, 0, 134, 134
1339327.3.peg.3038.site.2, 2, 137, 139
1339327.3.peg.3038.site.3, 9, 135, 144
1339327.3.peg.3038.site.4, 107, 133, 240
1339327.3.peg.3038.site.5, 108, 136, 244
1339327.3.peg.3038.site.6, 3, 131, 134
1339327.3.peg.3038.site.7, 8, 132, 140
1339327.3.peg.3033.site.1, 0, 136, 136
1339327.3.peg.3033.site.2, 0, 135, 135
1339327.3.peg.3033.site.3, 5, 136, 141
1339327.3.peg.3033.site.4, 3, 136, 139
1339327.3.peg.3033.site.5, 4, 137, 141
1339327.3.peg.3033.site.6, 9, 136, 145
1339327.3.peg.3033.site.7, 0, 136, 136
1339327.3.peg.3033.site.8, 2, 136, 138
1339327.3.peg.3033.site.9, 26, 136, 162
1339327.3.peg.3033.site.10, 18, 133, 151
1339327.3.peg.3033.site.11, 4, 132, 136
1339327.3.peg.3032.site.1, 3, 133, 136
1339327.3.peg.3032.site.2, 68, 137, 205
1339327.3.peg.3032.site.3, 0, 136, 136
1339327.3.peg.3032.site.4, 12, 137, 149
1339327.3.peg.3032.site.5, 0, 134, 134
1339327.3.peg.3031.site.1, 3, 135, 138
1339327.3.peg.3031.site.2, 6, 135, 141
1339327.3.peg.3031.site.3, 3, 136, 139
1339327.3.peg.3031.site.4, 0, 137, 137
1339327.3.peg.3031.site.5, 5, 135, 140
1339327.3.peg.3031.site.6, 2, 137, 139
1339327.3.peg.3031.site.7, 6, 136, 142
1339327.3.peg.3031.site.8, 3, 136, 139
1339327.3.peg.3031.site.9, 0, 133, 133
1339327.3.peg.3030.site.1, 54, 131, 185
1339327.3.peg.3030.site.2, 89, 134, 223
1339327.3.peg.3030.site.3, 21, 136, 157
1339327.3.peg.3030.site.4, 29, 137, 166
1339327.3.peg.3030.site.5, 94, 137, 231
1339327.3.peg.3030.site.6, 3, 128, 131
1339327.3.peg.3030.site.7, 37, 130, 167
1339327.3.peg.3030.site.8, 0, 134, 134
1339327.3.peg.3030.site.9, 3, 137, 140
1339327.3.peg.3030.site.10, 44, 137, 181
1339327.3.peg.3030.site.11, 5, 132, 137
1339327.3.peg.3030.site.12, 115, 132, 247
1339327.3.peg.3030.site.13, 105, 134, 239
1339327.3.peg.3030.site.14, 6, 135, 141
1339327.3.peg.3030.site.15, 2, 135, 137
1339327.3.peg.3030.site.16, 5, 137, 142
1339327.3.peg.3030.site.17, 130, 136, 266
1339327.3.peg.3030.site.18, 2, 135, 137
1339327.3.peg.3030.site.19, 3, 134, 137
1339327.3.peg.3030.site.20, 5, 136, 141
1339327.3.peg.3037.site.1, 0, 124, 124
1339327.3.peg.3037.site.2, 0, 133, 133
1339327.3.peg.3037.site.3, 2, 135, 137
1339327.3.peg.3037.site.4, 0, 134, 134
1339327.3.peg.3037.site.5, 78, 136, 214
1339327.3.peg.3037.site.6, 7, 136, 143
1339327.3.peg.3037.site.7, 22, 133, 155
1339327.3.peg.3037.site.8, 2, 131, 133
1339327.3.peg.3037.site.9, 7, 134, 141
1339327.3.peg.3037.site.10, 4, 133, 137
1339327.3.peg.3037.site.11, 25, 132, 157
1339327.3.peg.3037.site.12, 53, 134, 187
1339327.3.peg.3037.site.13, 2, 130, 132
1339327.3.peg.3037.site.14, 43, 128, 171
1339327.3.peg.3036.site.1, 8, 133, 141
1339327.3.peg.3035.site.1, 41, 133, 174
1339327.3.peg.3034.site.1, 81, 129, 210
1339327.3.peg.3034.site.2, 4, 131, 135
1339327.3.peg.1799.site.1, 2, 136, 138
1339327.3.peg.1799.site.2, 80, 134, 214
1339327.3.peg.1799.site.3, 0, 133, 133
1339327.3.peg.1799.site.4, 5, 136, 141
1339327.3.peg.1799.site.5, 7, 135, 142
1339327.3.peg.1799.site.6, 3, 136, 139
1339327.3.peg.1799.site.7, 1, 135, 136
1339327.3.peg.1799.site.8, 82, 132, 214
1339327.3.peg.1799.site.9, 11, 135, 146
1339327.3.peg.4423.site.1, 3, 127, 130
1339327.3.peg.4423.site.2, 24, 126, 150
1339327.3.peg.4423.site.3, 2, 127, 129
1339327.3.peg.4423.site.4, 8, 127, 135
1339327.3.peg.4423.site.5, 72, 126, 198
1339327.3.peg.4423.site.6, 3, 126, 129
1339327.3.peg.4423.site.7, 2, 126, 128
1339327.3.peg.4423.site.8, 5, 127, 132
1339327.3.peg.4423.site.9, 0, 126, 126
1339327.3.peg.4423.site.10, 17, 125, 142
1339327.3.peg.4423.site.11, 56, 126, 182
1339327.3.peg.4423.site.12, 1, 127, 128
1339327.3.peg.4423.site.13, 3, 127, 130
1339327.3.peg.4423.site.14, 3, 127, 130
1339327.3.peg.4423.site.15, 3, 128, 131
1339327.3.peg.4423.site.16, 3, 127, 130
1339327.3.peg.4423.site.17, 40, 128, 168
1339327.3.peg.4423.site.18, 5, 126, 131
1339327.3.peg.4423.site.19, 3, 124, 127
1339327.3.peg.4423.site.20, 2, 125, 127
1339327.3.peg.4423.site.21, 2, 126, 128
1339327.3.peg.4423.site.22, 3, 127, 130
1339327.3.peg.4423.site.23, 3, 127, 130
1339327.3.peg.4423.site.24, 12, 125, 137
1339327.3.peg.899.site.1, 1, 135, 136
1339327.3.peg.899.site.2, 0, 135, 135
1339327.3.peg.899.site.3, 1, 136, 137
1339327.3.peg.899.site.4, 0, 135, 135
1339327.3.peg.899.site.5, 0, 135, 135
1339327.3.peg.899.site.6, 3, 135, 138
1339327.3.peg.899.site.7, 6, 136, 142
1339327.3.peg.899.site.8, 3, 136, 139
1339327.3.peg.899.site.9, 1, 137, 138
1339327.3.peg.899.site.10, 2, 137, 139
1339327.3.peg.899.site.11, 2, 136, 138
1339327.3.peg.4422.site.1, 0, 127, 127
1339327.3.peg.4422.site.2, 3, 127, 130
1339327.3.peg.4422.site.3, 2, 127, 129
1339327.3.peg.4422.site.4, 3, 126, 129
1339327.3.peg.4422.site.5, 3, 126, 129
1339327.3.peg.4422.site.6, 4, 127, 131
1339327.3.peg.4422.site.7, 5, 127, 132
1339327.3.peg.4422.site.8, 3, 123, 126
1339327.3.peg.4422.site.9, 13, 124, 137
1339327.3.peg.4422.site.10, 12, 125, 137
1339327.3.peg.4422.site.11, 7, 127, 134
1339327.3.peg.4422.site.12, 2, 127, 129
1339327.3.peg.4422.site.13, 2, 127, 129
1339327.3.peg.4422.site.14, 94, 127, 221
1339327.3.peg.4422.site.15, 8, 127, 135
1339327.3.peg.4422.site.16, 24, 125, 149
1339327.3.peg.4422.site.17, 0, 127, 127
1339327.3.peg.4422.site.18, 22, 126, 148
1339327.3.peg.4422.site.19, 54, 125, 179
1339327.3.peg.891.site.1, 87, 132, 219
1339327.3.peg.891.site.2, 2, 136, 138
1339327.3.peg.891.site.3, 6, 136, 142
1339327.3.peg.891.site.4, 0, 137, 137
1339327.3.peg.891.site.5, 47, 137, 184
1339327.3.peg.891.site.6, 12, 137, 149
1339327.3.peg.891.site.7, 3, 136, 139
1339327.3.peg.891.site.8, 0, 136, 136
1339327.3.peg.891.site.9, 2, 136, 138
1339327.3.peg.891.site.10, 4, 135, 139
1339327.3.peg.891.site.11, 22, 136, 158
1339327.3.peg.891.site.12, 0, 136, 136
1339327.3.peg.1794.site.1, 23, 135, 158
1339327.3.peg.1794.site.2, 19, 136, 155
1339327.3.peg.1794.site.3, 38, 137, 175
1339327.3.peg.1794.site.4, 44, 134, 178
1339327.3.peg.1794.site.5, 0, 134, 134
1339327.3.peg.1794.site.6, 4, 136, 140
1339327.3.peg.1794.site.7, 5, 134, 139
1339327.3.peg.1794.site.8, 6, 136, 142
1339327.3.peg.1794.site.9, 3, 135, 138
1339327.3.peg.1794.site.10, 2, 135, 137
1339327.3.peg.1794.site.11, 0, 136, 136
1339327.3.peg.1794.site.12, 2, 133, 135
1339327.3.peg.1794.site.13, 17, 136, 153
1339327.3.peg.1794.site.14, 13, 137, 150
1339327.3.peg.1794.site.15, 117, 136, 253
1339327.3.peg.1794.site.16, 33, 137, 170
1339327.3.peg.1794.site.17, 26, 137, 163
1339327.3.peg.1794.site.18, 91, 135, 226
1339327.3.peg.1794.site.19, 24, 136, 160
1339327.3.peg.1794.site.20, 6, 135, 141
1339327.3.peg.1794.site.21, 14, 136, 150
1339327.3.peg.1794.site.22, 3, 137, 140
1339327.3.peg.1794.site.23, 66, 137, 203
1339327.3.peg.892.site.1, 5, 136, 141
1339327.3.peg.892.site.2, 86, 137, 223
1339327.3.peg.894.site.1, 0, 137, 137
1339327.3.peg.894.site.2, 9, 136, 145
1339327.3.peg.894.site.3, 84, 134, 218
1339327.3.peg.894.site.4, 17, 136, 153
1339327.3.peg.894.site.5, 83, 135, 218
1339327.3.peg.894.site.6, 5, 137, 142
1339327.3.peg.894.site.7, 17, 136, 153
1339327.3.peg.894.site.8, 3, 134, 137
1339327.3.peg.894.site.9, 39, 136, 175
1339327.3.peg.894.site.10, 2, 137, 139
1339327.3.peg.894.site.11, 0, 135, 135
1339327.3.peg.894.site.12, 1, 137, 138
1339327.3.peg.894.site.13, 4, 134, 138
1339327.3.peg.894.site.14, 6, 122, 128
1339327.3.peg.894.site.15, 3, 116, 119
1339327.3.peg.894.site.16, 1, 124, 125
1339327.3.peg.894.site.17, 1, 120, 121
1339327.3.peg.894.site.18, 6, 115, 121
1339327.3.peg.894.site.19, 2, 111, 113
1339327.3.peg.894.site.20, 5, 114, 119
1339327.3.peg.894.site.21, 0, 118, 118
1339327.3.peg.894.site.22, 1, 119, 120
1339327.3.peg.894.site.23, 2, 120, 122
1339327.3.peg.894.site.24, 11, 125, 136
1339327.3.peg.894.site.25, 15, 134, 149
1339327.3.peg.894.site.26, 16, 89, 105
1339327.3.peg.4429.site.1, 91, 137, 228
1339327.3.peg.4429.site.2, 6, 136, 142
1339327.3.peg.4429.site.3, 1, 137, 138
1339327.3.peg.4429.site.4, 1, 136, 137
1339327.3.peg.4429.site.5, 1, 137, 138
1339327.3.peg.4429.site.6, 22, 135, 157
1339327.3.peg.4429.site.7, 31, 134, 165
1339327.3.peg.4429.site.8, 10, 137, 147
1339327.3.peg.4429.site.9, 5, 135, 140
1339327.3.peg.4429.site.10, 0, 137, 137
1339327.3.peg.4429.site.11, 8, 137, 145
1339327.3.peg.4429.site.12, 69, 137, 206
1339327.3.peg.4429.site.13, 1, 134, 135
1339327.3.peg.4429.site.14, 72, 136, 208
1339327.3.peg.4429.site.15, 105, 127, 232
1339327.3.peg.4429.site.16, 2, 131, 133
1339327.3.peg.4429.site.17, 4, 137, 141
1339327.3.peg.4429.site.18, 0, 136, 136
1339327.3.peg.4429.site.19, 28, 136, 164
1339327.3.peg.4429.site.20, 0, 137, 137
1339327.3.peg.4428.site.1, 11, 136, 147
1339327.3.peg.4428.site.2, 95, 136, 231
1339327.3.peg.4428.site.3, 0, 136, 136
1339327.3.peg.4428.site.4, 50, 136, 186
1339327.3.peg.4428.site.5, 2, 136, 138
1339327.3.peg.4428.site.6, 1, 137, 138
1339327.3.peg.4428.site.7, 1, 136, 137
1339327.3.peg.4428.site.8, 4, 136, 140
1339327.3.peg.4428.site.9, 3, 136, 139
1339327.3.peg.4428.site.10, 2, 131, 133
1339327.3.peg.4428.site.11, 0, 136, 136
1339327.3.peg.4428.site.12, 1, 136, 137
1339327.3.peg.4428.site.13, 20, 137, 157
1339327.3.peg.4428.site.14, 31, 135, 166
1339327.3.peg.4428.site.15, 2, 135, 137
1339327.3.peg.4428.site.16, 10, 134, 144
1339327.3.peg.4428.site.17, 32, 136, 168
1339327.3.peg.4428.site.18, 38, 135, 173
1339327.3.peg.4428.site.19, 11, 133, 144
1339327.3.peg.4428.site.20, 105, 133, 238
1339327.3.peg.4428.site.21, 67, 136, 203
1339327.3.peg.4428.site.22, 0, 136, 136
1339327.3.peg.4428.site.23, 24, 136, 160
1339327.3.peg.4544.site.1, 2, 135, 137
1339327.3.peg.4544.site.2, 4, 136, 140
1339327.3.peg.4544.site.3, 5, 136, 141
1339327.3.peg.4544.site.4, 23, 137, 160
1339327.3.peg.4544.site.5, 42, 137, 179
1339327.3.peg.4544.site.6, 1, 137, 138
1339327.3.peg.4544.site.7, 2, 135, 137
1339327.3.peg.4544.site.8, 3, 135, 138
1339327.3.peg.4544.site.9, 24, 135, 159
1339327.3.peg.4544.site.10, 49, 137, 186
1339327.3.peg.4544.site.11, 115, 137, 252
1339327.3.peg.4544.site.12, 3, 137, 140
1339327.3.peg.4544.site.13, 0, 136, 136
1339327.3.peg.4544.site.14, 9, 136, 145
1339327.3.peg.4544.site.15, 15, 137, 152
1339327.3.peg.4544.site.16, 0, 136, 136
1339327.3.peg.4544.site.17, 2, 136, 138
1339327.3.peg.4544.site.18, 1, 134, 135
1339327.3.peg.4544.site.19, 3, 136, 139
1339327.3.peg.4618.site.1, 2, 137, 139
1339327.3.peg.4618.site.2, 1, 137, 138
1339327.3.peg.4618.site.3, 3, 136, 139
1339327.3.peg.4618.site.4, 0, 137, 137
1339327.3.peg.4618.site.5, 0, 136, 136
1339327.3.peg.4618.site.6, 7, 136, 143
1339327.3.peg.4618.site.7, 38, 137, 175
1339327.3.peg.4618.site.8, 85, 137, 222
1339327.3.peg.4618.site.9, 7, 135, 142
1339327.3.peg.4618.site.10, 1, 136, 137
1339327.3.peg.4618.site.11, 5, 137, 142
1339327.3.peg.4618.site.12, 1, 137, 138
1339327.3.peg.4618.site.13, 96, 135, 231
1339327.3.peg.4618.site.14, 17, 137, 154
1339327.3.peg.4618.site.15, 27, 137, 164
1339327.3.peg.4619.site.1, 1, 136, 137
1339327.3.peg.4619.site.2, 4, 137, 141
1339327.3.peg.4619.site.3, 32, 134, 166
1339327.3.peg.4619.site.4, 1, 136, 137
1339327.3.peg.4196.site.1, 1, 137, 138
1339327.3.peg.4196.site.2, 5, 137, 142
1339327.3.peg.4196.site.3, 1, 137, 138
1339327.3.peg.4196.site.4, 1, 136, 137
1339327.3.peg.4196.site.5, 52, 137, 189
1339327.3.peg.4196.site.6, 2, 137, 139
1339327.3.peg.4196.site.7, 29, 133, 162
1339327.3.peg.4196.site.8, 2, 137, 139
1339327.3.peg.4196.site.9, 1, 136, 137
1339327.3.peg.718.site.1, 2, 13, 15
1339327.3.peg.718.site.2, 59, 126, 185
1339327.3.peg.718.site.3, 0, 131, 131
1339327.3.peg.4612.site.1, 12, 135, 147
1339327.3.peg.4612.site.2, 3, 136, 139
1339327.3.peg.4612.site.3, 1, 137, 138
1339327.3.peg.4612.site.4, 81, 135, 216
1339327.3.peg.4612.site.5, 0, 137, 137
1339327.3.peg.4612.site.6, 34, 136, 170
1339327.3.peg.4612.site.7, 1, 137, 138
1339327.3.peg.4612.site.8, 7, 137, 144
1339327.3.peg.4612.site.9, 131, 137, 268
1339327.3.peg.4612.site.10, 0, 136, 136
1339327.3.peg.4613.site.1, 4, 132, 136
1339327.3.peg.4613.site.2, 3, 133, 136
1339327.3.peg.4613.site.3, 4, 133, 137
1339327.3.peg.4613.site.4, 3, 137, 140
1339327.3.peg.4613.site.5, 14, 137, 151
1339327.3.peg.4613.site.6, 11, 136, 147
1339327.3.peg.4613.site.7, 48, 132, 180
1339327.3.peg.4613.site.8, 83, 133, 216
1339327.3.peg.4613.site.9, 0, 133, 133
1339327.3.peg.4613.site.10, 0, 131, 131
1339327.3.peg.4613.site.11, 0, 137, 137
1339327.3.peg.4613.site.12, 67, 136, 203
1339327.3.peg.4610.site.1, 1, 134, 135
1339327.3.peg.4610.site.2, 2, 135, 137
1339327.3.peg.4610.site.3, 2, 136, 138
1339327.3.peg.4610.site.4, 113, 134, 247
1339327.3.peg.4610.site.5, 1, 137, 138
1339327.3.peg.4610.site.6, 3, 136, 139
1339327.3.peg.4610.site.7, 59, 136, 195
1339327.3.peg.4610.site.8, 29, 135, 164
1339327.3.peg.4610.site.9, 35, 135, 170
1339327.3.peg.4610.site.10, 15, 137, 152
1339327.3.peg.4610.site.11, 2, 135, 137
1339327.3.peg.4610.site.12, 0, 136, 136
1339327.3.peg.4610.site.13, 3, 136, 139
1339327.3.peg.4610.site.14, 50, 134, 184
1339327.3.peg.4611.site.1, 1, 136, 137
1339327.3.peg.4611.site.2, 94, 126, 220
1339327.3.peg.4611.site.3, 102, 134, 236
1339327.3.peg.4611.site.4, 107, 118, 225
1339327.3.peg.4611.site.5, 1, 113, 114
1339327.3.peg.4611.site.6, 1, 137, 138
1339327.3.peg.4611.site.7, 4, 137, 141
1339327.3.peg.4611.site.8, 1, 136, 137
1339327.3.peg.4616.site.1, 38, 136, 174
1339327.3.peg.4616.site.2, 11, 134, 145
1339327.3.peg.4616.site.3, 0, 136, 136
1339327.3.peg.4616.site.4, 49, 136, 185
1339327.3.peg.4616.site.5, 2, 137, 139
1339327.3.peg.4616.site.6, 3, 136, 139
1339327.3.peg.4616.site.7, 0, 136, 136
1339327.3.peg.4616.site.8, 6, 136, 142
1339327.3.peg.4617.site.1, 43, 137, 180
1339327.3.peg.4617.site.2, 2, 137, 139
1339327.3.peg.4617.site.3, 8, 136, 144
1339327.3.peg.4617.site.4, 1, 137, 138
1339327.3.peg.4617.site.5, 43, 137, 180
1339327.3.peg.4617.site.6, 3, 137, 140
1339327.3.peg.4617.site.7, 1, 136, 137
1339327.3.peg.4617.site.8, 23, 136, 159
1339327.3.peg.4617.site.9, 0, 137, 137
1339327.3.peg.4617.site.10, 1, 137, 138
1339327.3.peg.4615.site.1, 0, 134, 134
1339327.3.peg.4615.site.2, 0, 136, 136
1339327.3.peg.4615.site.3, 8, 137, 145
1339327.3.peg.5017.site.1, 3, 137, 140
1339327.3.peg.5017.site.2, 131, 136, 267
1339327.3.peg.5017.site.3, 19, 137, 156
1339327.3.peg.5017.site.4, 6, 137, 143
1339327.3.peg.5017.site.5, 3, 137, 140
1339327.3.peg.5017.site.6, 4, 134, 138
1339327.3.peg.5017.site.7, 71, 133, 204
1339327.3.peg.1958.site.1, 0, 133, 133
1339327.3.peg.1958.site.2, 1, 137, 138
1339327.3.peg.1958.site.3, 1, 134, 135
1339327.3.peg.1958.site.4, 50, 133, 183
1339327.3.peg.1958.site.5, 0, 136, 136
1339327.3.peg.1958.site.6, 0, 135, 135
1339327.3.peg.1958.site.7, 2, 136, 138
1339327.3.peg.1958.site.8, 71, 135, 206
1339327.3.peg.1958.site.9, 0, 132, 132
1339327.3.peg.1958.site.10, 1, 135, 136
1339327.3.peg.1958.site.11, 2, 136, 138
1339327.3.peg.1958.site.12, 2, 136, 138
1339327.3.peg.1958.site.13, 2, 137, 139
1339327.3.peg.1959.site.1, 0, 135, 135
1339327.3.peg.1959.site.2, 13, 136, 149
1339327.3.peg.1959.site.3, 7, 135, 142
1339327.3.peg.1959.site.4, 5, 137, 142
1339327.3.peg.1959.site.5, 9, 135, 144
1339327.3.peg.1959.site.6, 0, 133, 133
1339327.3.peg.1959.site.7, 2, 133, 135
1339327.3.peg.1959.site.8, 130, 136, 266
1339327.3.peg.1959.site.9, 5, 136, 141
1339327.3.peg.1959.site.10, 3, 136, 139
1339327.3.peg.1959.site.11, 5, 134, 139
1339327.3.peg.1959.site.12, 12, 135, 147
1339327.3.peg.1959.site.13, 0, 136, 136
1339327.3.peg.1959.site.14, 1, 134, 135
1339327.3.peg.1959.site.15, 2, 137, 139
1339327.3.peg.1959.site.16, 3, 137, 140
1339327.3.peg.1959.site.17, 8, 136, 144
1339327.3.peg.1959.site.18, 0, 136, 136
1339327.3.peg.1959.site.19, 2, 136, 138
1339327.3.peg.4100.site.1, 0, 135, 135
1339327.3.peg.4100.site.2, 0, 131, 131
1339327.3.peg.4100.site.3, 9, 136, 145
1339327.3.peg.4100.site.4, 9, 137, 146
1339327.3.peg.4100.site.5, 3, 136, 139
1339327.3.peg.4100.site.6, 1, 137, 138
1339327.3.peg.4100.site.7, 3, 137, 140
1339327.3.peg.4100.site.8, 5, 137, 142
1339327.3.peg.4100.site.9, 18, 136, 154
1339327.3.peg.4101.site.1, 1, 135, 136
1339327.3.peg.4101.site.2, 0, 132, 132
1339327.3.peg.4101.site.3, 15, 133, 148
1339327.3.peg.4101.site.4, 0, 134, 134
1339327.3.peg.1952.site.1, 0, 136, 136
1339327.3.peg.1952.site.2, 1, 136, 137
1339327.3.peg.1952.site.3, 11, 134, 145
1339327.3.peg.1952.site.4, 2, 137, 139
1339327.3.peg.1952.site.5, 5, 136, 141
1339327.3.peg.1952.site.6, 62, 134, 196
1339327.3.peg.1952.site.7, 2, 137, 139
1339327.3.peg.1952.site.8, 13, 136, 149
1339327.3.peg.1952.site.9, 20, 135, 155
1339327.3.peg.1952.site.10, 3, 137, 140
1339327.3.peg.1953.site.1, 1, 137, 138
1339327.3.peg.1953.site.2, 30, 136, 166
1339327.3.peg.1953.site.3, 1, 136, 137
1339327.3.peg.1950.site.1, 1, 137, 138
1339327.3.peg.1950.site.2, 11, 136, 147
1339327.3.peg.1950.site.3, 90, 136, 226
1339327.3.peg.1950.site.4, 1, 134, 135
1339327.3.peg.1951.site.1, 10, 136, 146
1339327.3.peg.1951.site.2, 22, 136, 158
1339327.3.peg.1951.site.3, 3, 135, 138
1339327.3.peg.1951.site.4, 9, 136, 145
1339327.3.peg.1951.site.5, 0, 135, 135
1339327.3.peg.1951.site.6, 1, 135, 136
1339327.3.peg.1951.site.7, 86, 136, 222
1339327.3.peg.1951.site.8, 9, 137, 146
1339327.3.peg.1951.site.9, 2, 136, 138
1339327.3.peg.1951.site.10, 65, 136, 201
1339327.3.peg.1951.site.11, 5, 136, 141
1339327.3.peg.1951.site.12, 9, 136, 145
1339327.3.peg.1951.site.13, 0, 136, 136
1339327.3.peg.1951.site.14, 0, 136, 136
1339327.3.peg.1951.site.15, 33, 136, 169
1339327.3.peg.1951.site.16, 0, 134, 134
1339327.3.peg.1951.site.17, 0, 132, 132
1339327.3.peg.1951.site.18, 50, 133, 183
1339327.3.peg.1951.site.19, 1, 109, 110
1339327.3.peg.1951.site.20, 1, 134, 135
1339327.3.peg.1951.site.21, 1, 136, 137
1339327.3.peg.1951.site.22, 3, 137, 140
1339327.3.peg.1951.site.23, 2, 136, 138
1339327.3.peg.1951.site.24, 75, 136, 211
1339327.3.peg.1951.site.25, 13, 136, 149
1339327.3.peg.1951.site.26, 0, 137, 137
1339327.3.peg.1951.site.27, 2, 135, 137
1339327.3.peg.1956.site.1, 0, 134, 134
1339327.3.peg.1957.site.1, 3, 136, 139
1339327.3.peg.1957.site.2, 0, 137, 137
1339327.3.peg.1957.site.3, 1, 135, 136
1339327.3.peg.1957.site.4, 2, 136, 138
1339327.3.peg.1957.site.5, 1, 133, 134
1339327.3.peg.1957.site.6, 3, 134, 137
1339327.3.peg.1957.site.7, 0, 131, 131
1339327.3.peg.1957.site.8, 8, 137, 145
1339327.3.peg.1957.site.9, 23, 137, 160
1339327.3.peg.1954.site.1, 130, 136, 266
1339327.3.peg.1954.site.2, 5, 135, 140
1339327.3.peg.1954.site.3, 6, 137, 143
1339327.3.peg.1954.site.4, 79, 135, 214
1339327.3.peg.1954.site.5, 1, 137, 138
1339327.3.peg.1954.site.6, 1, 136, 137
1339327.3.peg.1954.site.7, 11, 137, 148
1339327.3.peg.1954.site.8, 18, 137, 155
1339327.3.peg.1955.site.1, 2, 136, 138
1339327.3.peg.1955.site.2, 1, 136, 137
1339327.3.peg.1955.site.3, 3, 134, 137
1339327.3.peg.1955.site.4, 2, 135, 137
1339327.3.peg.1955.site.5, 4, 137, 141
1339327.3.peg.1955.site.6, 31, 136, 167
1339327.3.peg.1955.site.7, 52, 133, 185
1339327.3.peg.1955.site.8, 93, 135, 228
1339327.3.peg.1955.site.9, 30, 136, 166
1339327.3.peg.1955.site.10, 5, 135, 140
1339327.3.peg.1955.site.11, 60, 135, 195
1339327.3.peg.1955.site.12, 2, 134, 136
1339327.3.peg.1955.site.13, 30, 137, 167
1339327.3.peg.1955.site.14, 48, 133, 181
1339327.3.peg.1955.site.15, 2, 137, 139
1339327.3.peg.1955.site.16, 1, 136, 137
1339327.3.peg.1955.site.17, 5, 136, 141
1339327.3.peg.1955.site.18, 3, 135, 138
1339327.3.peg.1955.site.19, 2, 136, 138
1339327.3.peg.4920.site.1, 0, 136, 136
1339327.3.peg.4920.site.2, 0, 133, 133
1339327.3.peg.4920.site.3, 0, 133, 133
1339327.3.peg.4920.site.4, 0, 132, 132
1339327.3.peg.4920.site.5, 0, 132, 132
1339327.3.peg.4920.site.6, 11, 137, 148
1339327.3.peg.4920.site.7, 0, 135, 135
1339327.3.peg.4920.site.8, 1, 137, 138
1339327.3.peg.4920.site.9, 34, 135, 169
1339327.3.peg.4921.site.1, 7, 135, 142
1339327.3.peg.4921.site.2, 4, 134, 138
1339327.3.peg.4921.site.3, 34, 136, 170
1339327.3.peg.4921.site.4, 0, 136, 136
1339327.3.peg.4921.site.5, 1, 137, 138
1339327.3.peg.4921.site.6, 5, 137, 142
1339327.3.peg.4921.site.7, 4, 137, 141
1339327.3.peg.4921.site.8, 3, 137, 140
1339327.3.peg.4921.site.9, 89, 134, 223
1339327.3.peg.4921.site.10, 2, 137, 139
1339327.3.peg.4921.site.11, 2, 137, 139
1339327.3.peg.4921.site.12, 2, 137, 139
1339327.3.peg.4921.site.13, 2, 137, 139
1339327.3.peg.4921.site.14, 1, 136, 137
1339327.3.peg.4921.site.15, 120, 135, 255
1339327.3.peg.4921.site.16, 24, 135, 159
1339327.3.peg.4921.site.17, 5, 135, 140
1339327.3.peg.4921.site.18, 5, 135, 140
1339327.3.peg.4921.site.19, 14, 133, 147
1339327.3.peg.4921.site.20, 6, 135, 141
1339327.3.peg.4921.site.21, 0, 135, 135
1339327.3.peg.4921.site.22, 2, 135, 137
1339327.3.peg.4921.site.23, 2, 134, 136
1339327.3.peg.4921.site.24, 18, 135, 153
1339327.3.peg.4921.site.25, 1, 135, 136
1339327.3.peg.4921.site.26, 19, 135, 154
1339327.3.peg.4921.site.27, 0, 134, 134
1339327.3.peg.4921.site.28, 13, 135, 148
1339327.3.peg.4921.site.29, 14, 135, 149
1339327.3.peg.4921.site.30, 47, 134, 181
1339327.3.peg.4921.site.31, 2, 135, 137
1339327.3.peg.4921.site.32, 4, 135, 139
1339327.3.peg.4921.site.33, 3, 134, 137
1339327.3.peg.4921.site.34, 0, 127, 127
1339327.3.peg.4922.site.1, 1, 133, 134
1339327.3.peg.4922.site.2, 1, 133, 134
1339327.3.peg.4922.site.3, 1, 134, 135
1339327.3.peg.4922.site.4, 127, 127, 254
1339327.3.peg.4922.site.5, 3, 135, 138
1339327.3.peg.4922.site.6, 13, 135, 148
1339327.3.peg.4922.site.7, 3, 127, 130
1339327.3.peg.4922.site.8, 2, 124, 126
1339327.3.peg.4922.site.9, 0, 124, 124
1339327.3.peg.4922.site.10, 2, 124, 126
1339327.3.peg.4922.site.11, 4, 133, 137
1339327.3.peg.4922.site.12, 10, 134, 144
1339327.3.peg.4922.site.13, 10, 126, 136
1339327.3.peg.4922.site.14, 2, 126, 128
1339327.3.peg.4922.site.15, 115, 124, 239
1339327.3.peg.4922.site.16, 0, 124, 124
1339327.3.peg.4922.site.17, 102, 124, 226
1339327.3.peg.4922.site.18, 1, 124, 125
1339327.3.peg.4922.site.19, 2, 124, 126
1339327.3.peg.4922.site.20, 3, 123, 126
1339327.3.peg.4922.site.21, 4, 120, 124
1339327.3.peg.4922.site.22, 55, 123, 178
1339327.3.peg.4922.site.23, 6, 129, 135
1339327.3.peg.4922.site.24, 3, 137, 140
1339327.3.peg.4922.site.25, 2, 136, 138
1339327.3.peg.4922.site.26, 9, 136, 145
1339327.3.peg.4922.site.27, 10, 137, 147
1339327.3.peg.4922.site.28, 3, 137, 140
1339327.3.peg.4922.site.29, 36, 136, 172
1339327.3.peg.4923.site.1, 1, 137, 138
1339327.3.peg.4923.site.2, 0, 137, 137
1339327.3.peg.4923.site.3, 4, 136, 140
1339327.3.peg.4923.site.4, 16, 135, 151
1339327.3.peg.4923.site.5, 27, 137, 164
1339327.3.peg.4923.site.6, 0, 135, 135
1339327.3.peg.4923.site.7, 0, 135, 135
1339327.3.peg.4923.site.8, 100, 137, 237
1339327.3.peg.4923.site.9, 13, 137, 150
1339327.3.peg.4923.site.10, 5, 136, 141
1339327.3.peg.4923.site.11, 4, 137, 141
1339327.3.peg.4923.site.12, 6, 136, 142
1339327.3.peg.4923.site.13, 5, 137, 142
1339327.3.peg.4923.site.14, 3, 137, 140
1339327.3.peg.4923.site.15, 3, 137, 140
1339327.3.peg.4923.site.16, 31, 136, 167
1339327.3.peg.4923.site.17, 31, 136, 167
1339327.3.peg.4923.site.18, 9, 137, 146
1339327.3.peg.4923.site.19, 3, 137, 140
1339327.3.peg.4923.site.20, 3, 137, 140
1339327.3.peg.4923.site.21, 0, 136, 136
1339327.3.peg.4923.site.22, 3, 135, 138
1339327.3.peg.4923.site.23, 3, 137, 140
1339327.3.peg.4923.site.24, 1, 136, 137
1339327.3.peg.4923.site.25, 2, 137, 139
1339327.3.peg.4923.site.26, 120, 137, 257
1339327.3.peg.4923.site.27, 68, 136, 204
1339327.3.peg.4923.site.28, 4, 136, 140
1339327.3.peg.4923.site.29, 0, 137, 137
1339327.3.peg.4923.site.30, 3, 137, 140
1339327.3.peg.4924.site.1, 4, 137, 141
1339327.3.peg.4926.site.1, 0, 135, 135
1339327.3.peg.4926.site.2, 3, 137, 140
1339327.3.peg.4926.site.3, 6, 136, 142
1339327.3.peg.4926.site.4, 2, 136, 138
1339327.3.peg.4926.site.5, 1, 137, 138
1339327.3.peg.4926.site.6, 7, 137, 144
1339327.3.peg.4926.site.7, 4, 137, 141
1339327.3.peg.4926.site.8, 12, 137, 149
1339327.3.peg.4926.site.9, 0, 136, 136
1339327.3.peg.4926.site.10, 47, 134, 181
1339327.3.peg.4926.site.11, 130, 136, 266
1339327.3.peg.4926.site.12, 74, 137, 211
1339327.3.peg.4926.site.13, 8, 137, 145
1339327.3.peg.4926.site.14, 0, 137, 137
1339327.3.peg.4926.site.15, 1, 137, 138
1339327.3.peg.4926.site.16, 0, 137, 137
1339327.3.peg.415.site.1, 2, 132, 134
1339327.3.peg.415.site.2, 36, 131, 167
1339327.3.peg.415.site.3, 47, 131, 178
1339327.3.peg.415.site.4, 2, 135, 137
1339327.3.peg.415.site.5, 15, 133, 148
1339327.3.peg.415.site.6, 21, 130, 151
1339327.3.peg.4929.site.1, 2, 136, 138
1339327.3.peg.4929.site.2, 1, 136, 137
1339327.3.peg.4929.site.3, 61, 136, 197
1339327.3.peg.4929.site.4, 52, 137, 189
1339327.3.peg.4929.site.5, 0, 136, 136
1339327.3.peg.4929.site.6, 21, 135, 156
1339327.3.peg.4929.site.7, 1, 137, 138
1339327.3.peg.4929.site.8, 44, 136, 180
1339327.3.peg.4929.site.9, 3, 136, 139
1339327.3.peg.4929.site.10, 15, 137, 152
1339327.3.peg.4929.site.11, 37, 136, 173
1339327.3.peg.4929.site.12, 3, 135, 138
1339327.3.peg.4929.site.13, 3, 134, 137
1339327.3.peg.4929.site.14, 0, 137, 137
1339327.3.peg.4929.site.15, 0, 137, 137
1339327.3.peg.4929.site.16, 2, 136, 138
1339327.3.peg.2069.site.1, 42, 136, 178
1339327.3.peg.2069.site.2, 0, 137, 137
1339327.3.peg.2069.site.3, 6, 135, 141
1339327.3.peg.2069.site.4, 5, 135, 140
1339327.3.peg.2069.site.5, 5, 133, 138
1339327.3.peg.2069.site.6, 65, 133, 198
1339327.3.peg.2069.site.7, 53, 133, 186
1339327.3.peg.2069.site.8, 3, 134, 137
1339327.3.peg.2069.site.9, 8, 134, 142
1339327.3.peg.2069.site.10, 4, 135, 139
1339327.3.peg.2069.site.11, 6, 134, 140
1339327.3.peg.2069.site.12, 15, 136, 151
1339327.3.peg.2069.site.13, 3, 136, 139
1339327.3.peg.2069.site.14, 0, 137, 137
1339327.3.peg.2069.site.15, 2, 137, 139
1339327.3.peg.2069.site.16, 6, 137, 143
1339327.3.peg.2069.site.17, 64, 132, 196
1339327.3.peg.2069.site.18, 62, 137, 199
1339327.3.peg.2069.site.19, 2, 107, 109
1339327.3.peg.2069.site.20, 2, 132, 134
1339327.3.peg.2069.site.21, 9, 133, 142
1339327.3.peg.2069.site.22, 3, 132, 135
1339327.3.peg.2069.site.23, 1, 127, 128
1339327.3.peg.4728.site.1, 0, 136, 136
1339327.3.peg.4728.site.2, 2, 134, 136
1339327.3.peg.4728.site.3, 8, 137, 145
1339327.3.peg.4726.site.1, 2, 134, 136
1339327.3.peg.4726.site.2, 36, 128, 164
1339327.3.peg.4726.site.3, 13, 119, 132
1339327.3.peg.4726.site.4, 7, 136, 143
1339327.3.peg.1047.site.1, 65, 134, 199
1339327.3.peg.1047.site.2, 3, 134, 137
1339327.3.peg.1047.site.3, 3, 136, 139
1339327.3.peg.1047.site.4, 21, 137, 158
1339327.3.peg.1047.site.5, 29, 137, 166
1339327.3.peg.1047.site.6, 0, 137, 137
1339327.3.peg.1047.site.7, 0, 137, 137
1339327.3.peg.1047.site.8, 1, 137, 138
1339327.3.peg.1047.site.9, 61, 137, 198
1339327.3.peg.4722.site.1, 12, 137, 149
1339327.3.peg.4722.site.2, 59, 136, 195
1339327.3.peg.4722.site.3, 0, 137, 137
1339327.3.peg.4722.site.4, 0, 136, 136
1339327.3.peg.4722.site.5, 5, 136, 141
1339327.3.peg.4722.site.6, 92, 136, 228
1339327.3.peg.4722.site.7, 5, 137, 142
1339327.3.peg.4722.site.8, 2, 137, 139
1339327.3.peg.4722.site.9, 24, 136, 160
1339327.3.peg.4722.site.10, 119, 136, 255
1339327.3.peg.4722.site.11, 73, 135, 208
1339327.3.peg.4722.site.12, 88, 137, 225
1339327.3.peg.4722.site.13, 1, 137, 138
1339327.3.peg.4722.site.14, 23, 136, 159
1339327.3.peg.4722.site.15, 23, 136, 159
1339327.3.peg.4722.site.16, 127, 137, 264
1339327.3.peg.4722.site.17, 14, 136, 150
1339327.3.peg.4722.site.18, 0, 134, 134
1339327.3.peg.4722.site.19, 1, 134, 135
1339327.3.peg.4722.site.20, 4, 136, 140
1339327.3.peg.4722.site.21, 10, 137, 147
1339327.3.peg.4722.site.22, 34, 137, 171
1339327.3.peg.4722.site.23, 4, 136, 140
1339327.3.peg.4722.site.24, 16, 135, 151
1339327.3.peg.4722.site.25, 5, 136, 141
1339327.3.peg.4722.site.26, 39, 137, 176
1339327.3.peg.4722.site.27, 19, 137, 156
1339327.3.peg.4722.site.28, 78, 137, 215
1339327.3.peg.4722.site.29, 56, 137, 193
1339327.3.peg.4722.site.30, 54, 137, 191
1339327.3.peg.4722.site.31, 120, 137, 257
1339327.3.peg.4722.site.32, 4, 137, 141
1339327.3.peg.4722.site.33, 98, 137, 235
1339327.3.peg.4722.site.34, 16, 137, 153
1339327.3.peg.4722.site.35, 14, 137, 151
1339327.3.peg.4722.site.36, 10, 137, 147
1339327.3.peg.4722.site.37, 7, 137, 144
1339327.3.peg.4722.site.38, 10, 137, 147
1339327.3.peg.4722.site.39, 9, 136, 145
1339327.3.peg.4722.site.40, 123, 136, 259
1339327.3.peg.4722.site.41, 67, 134, 201
1339327.3.peg.4722.site.42, 73, 136, 209
1339327.3.peg.4722.site.43, 3, 135, 138
1339327.3.peg.4722.site.44, 121, 136, 257
1339327.3.peg.4722.site.45, 84, 136, 220
1339327.3.peg.4722.site.46, 122, 136, 258
1339327.3.peg.4722.site.47, 72, 137, 209
1339327.3.peg.4722.site.48, 71, 135, 206
1339327.3.peg.4722.site.49, 121, 135, 256
1339327.3.peg.4722.site.50, 2, 136, 138
1339327.3.peg.4722.site.51, 118, 135, 253
1339327.3.peg.4722.site.52, 0, 136, 136
1339327.3.peg.4723.site.1, 0, 135, 135
1339327.3.peg.4723.site.2, 118, 136, 254
1339327.3.peg.4723.site.3, 0, 134, 134
1339327.3.peg.4723.site.4, 0, 137, 137
1339327.3.peg.4723.site.5, 0, 137, 137
1339327.3.peg.4723.site.6, 59, 137, 196
1339327.3.peg.4723.site.7, 3, 137, 140
1339327.3.peg.4723.site.8, 0, 135, 135
1339327.3.peg.4723.site.9, 6, 137, 143
1339327.3.peg.4723.site.10, 67, 136, 203
1339327.3.peg.4723.site.11, 1, 136, 137
1339327.3.peg.4723.site.12, 3, 137, 140
1339327.3.peg.4723.site.13, 0, 135, 135
1339327.3.peg.4723.site.14, 0, 135, 135
1339327.3.peg.4723.site.15, 0, 137, 137
1339327.3.peg.4723.site.16, 0, 137, 137
1339327.3.peg.4723.site.17, 0, 137, 137
1339327.3.peg.4723.site.18, 12, 137, 149
1339327.3.peg.4723.site.19, 1, 135, 136
1339327.3.peg.4723.site.20, 0, 136, 136
1339327.3.peg.4723.site.21, 10, 137, 147
1339327.3.peg.4723.site.22, 1, 136, 137
1339327.3.peg.4723.site.23, 86, 137, 223
1339327.3.peg.4723.site.24, 1, 137, 138
1339327.3.peg.4723.site.25, 2, 137, 139
1339327.3.peg.4723.site.26, 2, 137, 139
1339327.3.peg.4723.site.27, 2, 136, 138
1339327.3.peg.4723.site.28, 10, 137, 147
1339327.3.peg.4723.site.29, 5, 137, 142
1339327.3.peg.4723.site.30, 2, 136, 138
1339327.3.peg.4723.site.31, 0, 137, 137
1339327.3.peg.4723.site.32, 5, 136, 141
1339327.3.peg.4723.site.33, 2, 136, 138
1339327.3.peg.4723.site.34, 0, 137, 137
1339327.3.peg.4721.site.1, 3, 137, 140
1339327.3.peg.4721.site.2, 1, 136, 137
1339327.3.peg.4721.site.3, 113, 136, 249
1339327.3.peg.4721.site.4, 14, 136, 150
1339327.3.peg.4721.site.5, 11, 135, 146
1339327.3.peg.4721.site.6, 11, 136, 147
1339327.3.peg.4721.site.7, 80, 137, 217
1339327.3.peg.4721.site.8, 20, 137, 157
1339327.3.peg.4721.site.9, 13, 136, 149
1339327.3.peg.4721.site.10, 7, 137, 144
1339327.3.peg.4721.site.11, 89, 137, 226
1339327.3.peg.4721.site.12, 2, 134, 136
1339327.3.peg.4721.site.13, 70, 135, 205
1339327.3.peg.4721.site.14, 3, 137, 140
1339327.3.peg.4721.site.15, 5, 137, 142
1339327.3.peg.1556.site.1, 0, 135, 135
1339327.3.peg.1556.site.2, 2, 137, 139
1339327.3.peg.1556.site.3, 0, 137, 137
1339327.3.peg.1556.site.4, 4, 133, 137
1339327.3.peg.1556.site.5, 0, 134, 134
1339327.3.peg.1556.site.6, 65, 135, 200
1339327.3.peg.1556.site.7, 0, 135, 135
1339327.3.peg.1556.site.8, 45, 135, 180
1339327.3.peg.1556.site.9, 27, 135, 162
1339327.3.peg.1556.site.10, 4, 133, 137
1339327.3.peg.1556.site.11, 25, 133, 158
1339327.3.peg.1556.site.12, 16, 135, 151
1339327.3.peg.1556.site.13, 18, 135, 153
1339327.3.peg.1556.site.14, 2, 134, 136
1339327.3.peg.1556.site.15, 0, 128, 128
1339327.3.peg.1556.site.16, 7, 133, 140
1339327.3.peg.1556.site.17, 1, 136, 137
1339327.3.peg.1048.site.1, 1, 135, 136
1339327.3.peg.1048.site.2, 5, 136, 141
1339327.3.peg.1048.site.3, 2, 137, 139
1339327.3.peg.1048.site.4, 3, 137, 140
1339327.3.peg.1048.site.5, 4, 137, 141
1339327.3.peg.1048.site.6, 1, 137, 138
1339327.3.peg.1048.site.7, 1, 137, 138
1339327.3.peg.1048.site.8, 5, 135, 140
1339327.3.peg.1048.site.9, 3, 136, 139
1339327.3.peg.1048.site.10, 0, 136, 136
1339327.3.peg.1048.site.11, 3, 135, 138
1339327.3.peg.1554.site.1, 1, 132, 133
1339327.3.peg.1554.site.2, 5, 135, 140
1339327.3.peg.1554.site.3, 18, 135, 153
1339327.3.peg.1554.site.4, 22, 136, 158
1339327.3.peg.1554.site.5, 23, 135, 158
1339327.3.peg.1554.site.6, 3, 136, 139
1339327.3.peg.1554.site.7, 2, 136, 138
1339327.3.peg.1554.site.8, 1, 136, 137
1339327.3.peg.1554.site.9, 12, 135, 147
1339327.3.peg.1554.site.10, 28, 135, 163
1339327.3.peg.1554.site.11, 10, 135, 145
1339327.3.peg.1554.site.12, 8, 135, 143
1339327.3.peg.1554.site.13, 4, 134, 138
1339327.3.peg.1554.site.14, 10, 135, 145
1339327.3.peg.1554.site.15, 14, 135, 149
1339327.3.peg.1555.site.1, 7, 134, 141
1339327.3.peg.1555.site.2, 8, 134, 142
1339327.3.peg.1555.site.3, 15, 135, 150
1339327.3.peg.1555.site.4, 106, 135, 241
1339327.3.peg.1555.site.5, 1, 134, 135
1339327.3.peg.1555.site.6, 0, 133, 133
1339327.3.peg.1555.site.7, 17, 135, 152
1339327.3.peg.1555.site.8, 0, 134, 134
1339327.3.peg.1553.site.1, 0, 115, 115
1339327.3.peg.1553.site.2, 122, 122, 244
1339327.3.peg.1553.site.3, 0, 134, 134
1339327.3.peg.1553.site.4, 1, 132, 133
1339327.3.peg.1553.site.5, 62, 134, 196
1339327.3.peg.1553.site.6, 0, 133, 133
1339327.3.peg.1553.site.7, 18, 135, 153
1339327.3.peg.1553.site.8, 35, 135, 170
1339327.3.peg.1553.site.9, 2, 136, 138
1339327.3.peg.1553.site.10, 2, 136, 138
1339327.3.peg.1550.site.1, 0, 137, 137
1339327.3.peg.1550.site.2, 64, 136, 200
1339327.3.peg.1550.site.3, 28, 134, 162
1339327.3.peg.1550.site.4, 1, 136, 137
1339327.3.peg.1550.site.5, 47, 136, 183
1339327.3.peg.1550.site.6, 1, 136, 137
1339327.3.peg.1550.site.7, 41, 135, 176
1339327.3.peg.1550.site.8, 11, 136, 147
1339327.3.peg.1550.site.9, 0, 136, 136
1339327.3.peg.1550.site.10, 74, 136, 210
1339327.3.peg.1550.site.11, 47, 135, 182
1339327.3.peg.1550.site.12, 46, 135, 181
1339327.3.peg.1550.site.13, 18, 135, 153
1339327.3.peg.1550.site.14, 11, 134, 145
1339327.3.peg.1550.site.15, 30, 135, 165
1339327.3.peg.1550.site.16, 0, 133, 133
1339327.3.peg.1550.site.17, 5, 136, 141
1339327.3.peg.1550.site.18, 0, 137, 137
1339327.3.peg.1550.site.19, 1, 137, 138
1339327.3.peg.1550.site.20, 3, 136, 139
1339327.3.peg.1550.site.21, 3, 137, 140
1339327.3.peg.1550.site.22, 12, 137, 149
1339327.3.peg.1550.site.23, 2, 137, 139
1339327.3.peg.1550.site.24, 92, 137, 229
1339327.3.peg.1550.site.25, 0, 135, 135
1339327.3.peg.1550.site.26, 30, 136, 166
1339327.3.peg.1550.site.27, 8, 135, 143
1339327.3.peg.1550.site.28, 10, 136, 146
1339327.3.peg.1550.site.29, 0, 136, 136
1339327.3.peg.1550.site.30, 1, 135, 136
1339327.3.peg.1550.site.31, 63, 134, 197
1339327.3.peg.1550.site.32, 3, 134, 137
1339327.3.peg.1550.site.33, 8, 136, 144
1339327.3.peg.1550.site.34, 4, 137, 141
1339327.3.peg.2608.site.1, 102, 127, 229
1339327.3.peg.2608.site.2, 4, 124, 128
1339327.3.peg.2608.site.3, 33, 126, 159
1339327.3.peg.2608.site.4, 3, 128, 131
1339327.3.peg.2608.site.5, 101, 127, 228
1339327.3.peg.2608.site.6, 25, 125, 150
1339327.3.peg.2608.site.7, 9, 126, 135
1339327.3.peg.2608.site.8, 0, 122, 122
1339327.3.peg.2608.site.9, 7, 126, 133
1339327.3.peg.2608.site.10, 2, 126, 128
1339327.3.peg.2608.site.11, 2, 127, 129
1339327.3.peg.2608.site.12, 1, 127, 128
1339327.3.peg.2608.site.13, 0, 128, 128
1339327.3.peg.2608.site.14, 57, 127, 184
1339327.3.peg.2608.site.15, 2, 127, 129
1339327.3.peg.2608.site.16, 1, 128, 129
1339327.3.peg.2608.site.17, 23, 128, 151
1339327.3.peg.2608.site.18, 13, 128, 141
1339327.3.peg.2608.site.19, 105, 127, 232
1339327.3.peg.2608.site.20, 18, 124, 142
1339327.3.peg.2608.site.21, 12, 126, 138
1339327.3.peg.2608.site.22, 4, 124, 128
1339327.3.peg.2607.site.1, 10, 128, 138
1339327.3.peg.2607.site.2, 1, 129, 130
1339327.3.peg.2607.site.3, 2, 127, 129
1339327.3.peg.2607.site.4, 0, 127, 127
1339327.3.peg.2607.site.5, 47, 126, 173
1339327.3.peg.2607.site.6, 0, 123, 123
1339327.3.peg.2607.site.7, 2, 125, 127
1339327.3.peg.2606.site.1, 9, 126, 135
1339327.3.peg.2606.site.2, 8, 126, 134
1339327.3.peg.2606.site.3, 3, 127, 130
1339327.3.peg.2606.site.4, 1, 127, 128
1339327.3.peg.2606.site.5, 7, 128, 135
1339327.3.peg.2606.site.6, 5, 126, 131
1339327.3.peg.2606.site.7, 11, 127, 138
1339327.3.peg.2606.site.8, 29, 126, 155
1339327.3.peg.2606.site.9, 1, 125, 126
1339327.3.peg.2605.site.1, 1, 118, 119
1339327.3.peg.2605.site.2, 0, 122, 122
1339327.3.peg.2605.site.3, 42, 126, 168
1339327.3.peg.2605.site.4, 13, 124, 137
1339327.3.peg.2605.site.5, 10, 125, 135
1339327.3.peg.2605.site.6, 2, 127, 129
1339327.3.peg.2605.site.7, 56, 126, 182
1339327.3.peg.2605.site.8, 72, 126, 198
1339327.3.peg.2605.site.9, 31, 127, 158
1339327.3.peg.2605.site.10, 37, 128, 165
1339327.3.peg.2605.site.11, 16, 128, 144
1339327.3.peg.2605.site.12, 12, 124, 136
1339327.3.peg.2605.site.13, 2, 126, 128
1339327.3.peg.2605.site.14, 2, 127, 129
1339327.3.peg.2605.site.15, 0, 127, 127
1339327.3.peg.2603.site.1, 1, 124, 125
1339327.3.peg.2603.site.2, 15, 127, 142
1339327.3.peg.2603.site.3, 65, 125, 190
1339327.3.peg.2603.site.4, 34, 125, 159
1339327.3.peg.2603.site.5, 3, 128, 131
1339327.3.peg.2603.site.6, 9, 128, 137
1339327.3.peg.2603.site.7, 5, 128, 133
1339327.3.peg.2603.site.8, 16, 127, 143
1339327.3.peg.2603.site.9, 5, 126, 131
1339327.3.peg.2603.site.10, 19, 128, 147
1339327.3.peg.2603.site.11, 12, 128, 140
1339327.3.peg.2603.site.12, 96, 127, 223
1339327.3.peg.2603.site.13, 0, 128, 128
1339327.3.peg.2603.site.14, 0, 124, 124
1339327.3.peg.2602.site.1, 1, 126, 127
1339327.3.peg.2602.site.2, 3, 127, 130
1339327.3.peg.2602.site.3, 4, 124, 128
1339327.3.peg.2602.site.4, 4, 128, 132
1339327.3.peg.2602.site.5, 8, 126, 134
1339327.3.peg.2602.site.6, 0, 124, 124
1339327.3.peg.2602.site.7, 3, 125, 128
1339327.3.peg.2602.site.8, 0, 126, 126
1339327.3.peg.2602.site.9, 8, 128, 136
1339327.3.peg.2602.site.10, 17, 127, 144
1339327.3.peg.2602.site.11, 1, 127, 128
1339327.3.peg.2602.site.12, 2, 125, 127
1339327.3.peg.2601.site.1, 0, 127, 127
1339327.3.peg.2601.site.2, 9, 121, 130
1339327.3.peg.2601.site.3, 91, 119, 210
1339327.3.peg.2601.site.4, 1, 114, 115
1339327.3.peg.2601.site.5, 41, 117, 158
1339327.3.peg.2601.site.6, 10, 130, 140
1339327.3.peg.2601.site.7, 24, 130, 154
1339327.3.peg.2601.site.8, 4, 130, 134
1339327.3.peg.2601.site.9, 8, 130, 138
1339327.3.peg.2601.site.10, 15, 128, 143
1339327.3.peg.2601.site.11, 0, 129, 129
1339327.3.peg.2601.site.12, 0, 129, 129
1339327.3.peg.2601.site.13, 3, 129, 132
1339327.3.peg.2601.site.14, 14, 128, 142
1339327.3.peg.2601.site.15, 0, 129, 129
1339327.3.peg.2601.site.16, 6, 129, 135
1339327.3.peg.2601.site.17, 0, 128, 128
1339327.3.peg.2601.site.18, 0, 128, 128
1339327.3.peg.2601.site.19, 0, 127, 127
1339327.3.peg.2601.site.20, 8, 128, 136
1339327.3.peg.2601.site.21, 4, 127, 131
1339327.3.peg.2601.site.22, 0, 128, 128
1339327.3.peg.2601.site.23, 3, 130, 133
1339327.3.peg.2601.site.24, 21, 130, 151
1339327.3.peg.2601.site.25, 10, 128, 138
1339327.3.peg.2601.site.26, 109, 125, 234
1339327.3.peg.2601.site.27, 0, 123, 123
1339327.3.peg.2601.site.28, 39, 124, 163
1339327.3.peg.2601.site.29, 54, 126, 180
1339327.3.peg.2601.site.30, 12, 125, 137
1339327.3.peg.2601.site.31, 0, 124, 124
1339327.3.peg.2600.site.1, 0, 130, 130
1339327.3.peg.2600.site.2, 7, 130, 137
1339327.3.peg.2600.site.3, 8, 130, 138
1339327.3.peg.2600.site.4, 8, 127, 135
1339327.3.peg.2600.site.5, 0, 125, 125
1339327.3.peg.2600.site.6, 1, 125, 126
1339327.3.peg.2600.site.7, 0, 124, 124
1339327.3.peg.2600.site.8, 0, 125, 125
1339327.3.peg.2600.site.9, 0, 115, 115
1339327.3.peg.2600.site.10, 0, 118, 118
1339327.3.peg.2600.site.11, 0, 118, 118
1339327.3.peg.2600.site.12, 21, 128, 149
1339327.3.peg.2600.site.13, 49, 127, 176
1339327.3.peg.2600.site.14, 5, 128, 133
1339327.3.peg.2600.site.15, 7, 129, 136
1339327.3.peg.2600.site.16, 84, 129, 213
1339327.3.peg.2600.site.17, 1, 125, 126
1339327.3.peg.2600.site.18, 1, 129, 130
1339327.3.peg.2600.site.19, 0, 128, 128
1339327.3.peg.2600.site.20, 22, 130, 152
1339327.3.peg.2600.site.21, 13, 129, 142
1339327.3.peg.2600.site.22, 0, 129, 129
1339327.3.peg.2600.site.23, 3, 129, 132
1339327.3.peg.2600.site.24, 4, 124, 128
1339327.3.peg.2600.site.25, 5, 125, 130
1339327.3.peg.2600.site.26, 4, 128, 132
1339327.3.peg.2600.site.27, 6, 126, 132
1339327.3.peg.2600.site.28, 3, 130, 133
1339327.3.peg.2600.site.29, 0, 127, 127
1339327.3.peg.2600.site.30, 7, 129, 136
1339327.3.peg.2600.site.31, 0, 127, 127
1339327.3.peg.2600.site.32, 19, 129, 148
1339327.3.peg.2600.site.33, 0, 128, 128
1339327.3.peg.2600.site.34, 2, 130, 132
1339327.3.peg.2600.site.35, 0, 129, 129
1339327.3.peg.2600.site.36, 1, 130, 131
1339327.3.peg.2600.site.37, 0, 128, 128
1339327.3.peg.1791.site.1, 0, 134, 134
1339327.3.peg.1791.site.2, 1, 136, 137
1339327.3.peg.1791.site.3, 20, 137, 157
1339327.3.peg.1791.site.4, 2, 132, 134
1339327.3.peg.1791.site.5, 39, 137, 176
1339327.3.peg.1791.site.6, 2, 134, 136
1339327.3.peg.5019.site.1, 121, 135, 256
1339327.3.peg.5019.site.2, 12, 134, 146
1339327.3.peg.3984.site.1, 16, 124, 140
1339327.3.peg.3984.site.2, 3, 129, 132
1339327.3.peg.3984.site.3, 116, 130, 246
1339327.3.peg.3984.site.4, 0, 131, 131
1339327.3.peg.3984.site.5, 29, 130, 159
1339327.3.peg.3984.site.6, 9, 130, 139
1339327.3.peg.3984.site.7, 0, 129, 129
1339327.3.peg.3984.site.8, 14, 130, 144
1339327.3.peg.3984.site.9, 18, 127, 145
1339327.3.peg.3984.site.10, 3, 130, 133
1339327.3.peg.3984.site.11, 2, 129, 131
1339327.3.peg.3984.site.12, 2, 129, 131
1339327.3.peg.3984.site.13, 94, 129, 223
1339327.3.peg.3984.site.14, 1, 125, 126
1339327.3.peg.3984.site.15, 11, 117, 128
1339327.3.peg.3984.site.16, 18, 113, 131
1339327.3.peg.3984.site.17, 1, 114, 115
1339327.3.peg.3984.site.18, 1, 114, 115
1339327.3.peg.3984.site.19, 3, 112, 115
1339327.3.peg.3984.site.20, 17, 113, 130
1339327.3.peg.4432.site.1, 0, 135, 135
1339327.3.peg.4432.site.2, 0, 134, 134
1339327.3.peg.4432.site.3, 1, 126, 127
1339327.3.peg.4432.site.4, 1, 124, 125
1339327.3.peg.4432.site.5, 2, 133, 135
1339327.3.peg.1175.site.1, 2, 137, 139
1339327.3.peg.1175.site.2, 14, 136, 150
1339327.3.peg.1175.site.3, 62, 137, 199
1339327.3.peg.1175.site.4, 0, 137, 137
1339327.3.peg.1175.site.5, 2, 136, 138
1339327.3.peg.1175.site.6, 2, 137, 139
1339327.3.peg.1175.site.7, 5, 135, 140
1339327.3.peg.1175.site.8, 128, 134, 262
1339327.3.peg.1176.site.1, 13, 136, 149
1339327.3.peg.1176.site.2, 61, 136, 197
1339327.3.peg.1176.site.3, 0, 135, 135
1339327.3.peg.1176.site.4, 12, 136, 148
1339327.3.peg.1176.site.5, 92, 137, 229
1339327.3.peg.1176.site.6, 0, 136, 136
1339327.3.peg.1176.site.7, 3, 137, 140
1339327.3.peg.1176.site.8, 28, 137, 165
1339327.3.peg.1176.site.9, 2, 137, 139
1339327.3.peg.1176.site.10, 82, 137, 219
1339327.3.peg.1177.site.1, 3, 137, 140
1339327.3.peg.1177.site.2, 119, 137, 256
1339327.3.peg.1177.site.3, 62, 135, 197
1339327.3.peg.1177.site.4, 1, 137, 138
1339327.3.peg.1177.site.5, 7, 137, 144
1339327.3.peg.1177.site.6, 0, 135, 135
1339327.3.peg.1177.site.7, 3, 136, 139
1339327.3.peg.1177.site.8, 21, 137, 158
1339327.3.peg.1177.site.9, 4, 137, 141
1339327.3.peg.1177.site.10, 91, 135, 226
1339327.3.peg.1177.site.11, 14, 136, 150
1339327.3.peg.1177.site.12, 3, 136, 139
1339327.3.peg.1177.site.13, 0, 137, 137
1339327.3.peg.1177.site.14, 21, 137, 158
1339327.3.peg.1177.site.15, 20, 137, 157
1339327.3.peg.1177.site.16, 1, 135, 136
1339327.3.peg.1177.site.17, 2, 134, 136
1339327.3.peg.1177.site.18, 2, 135, 137
1339327.3.peg.1177.site.19, 2, 136, 138
1339327.3.peg.1177.site.20, 2, 136, 138
1339327.3.peg.1177.site.21, 35, 132, 167
1339327.3.peg.1177.site.22, 1, 132, 133
1339327.3.peg.1177.site.23, 0, 133, 133
1339327.3.peg.1177.site.24, 22, 137, 159
1339327.3.peg.1177.site.25, 27, 135, 162
1339327.3.peg.1177.site.26, 1, 136, 137
1339327.3.peg.1177.site.27, 1, 136, 137
1339327.3.peg.1177.site.28, 0, 136, 136
1339327.3.peg.1177.site.29, 1, 137, 138
1339327.3.peg.1177.site.30, 22, 137, 159
1339327.3.peg.1177.site.31, 1, 137, 138
1339327.3.peg.1177.site.32, 59, 136, 195
1339327.3.peg.1177.site.33, 23, 137, 160
1339327.3.peg.1170.site.1, 17, 134, 151
1339327.3.peg.1170.site.2, 0, 135, 135
1339327.3.peg.1170.site.3, 4, 137, 141
1339327.3.peg.1170.site.4, 61, 137, 198
1339327.3.peg.1170.site.5, 1, 137, 138
1339327.3.peg.1170.site.6, 2, 137, 139
1339327.3.peg.1170.site.7, 9, 136, 145
1339327.3.peg.1170.site.8, 10, 137, 147
1339327.3.peg.1170.site.9, 3, 137, 140
1339327.3.peg.1170.site.10, 127, 136, 263
1339327.3.peg.1170.site.11, 0, 136, 136
1339327.3.peg.1170.site.12, 0, 136, 136
1339327.3.peg.1170.site.13, 104, 136, 240
1339327.3.peg.1171.site.1, 3, 137, 140
1339327.3.peg.1171.site.2, 35, 137, 172
1339327.3.peg.1171.site.3, 0, 137, 137
1339327.3.peg.1171.site.4, 2, 136, 138
1339327.3.peg.1171.site.5, 48, 137, 185
1339327.3.peg.1171.site.6, 5, 137, 142
1339327.3.peg.1171.site.7, 43, 136, 179
1339327.3.peg.1171.site.8, 28, 137, 165
1339327.3.peg.1171.site.9, 38, 137, 175
1339327.3.peg.1171.site.10, 3, 137, 140
1339327.3.peg.1171.site.11, 0, 137, 137
1339327.3.peg.1171.site.12, 40, 136, 176
1339327.3.peg.1171.site.13, 4, 137, 141
1339327.3.peg.1171.site.14, 7, 137, 144
1339327.3.peg.1171.site.15, 15, 136, 151
1339327.3.peg.1171.site.16, 5, 137, 142
1339327.3.peg.1172.site.1, 9, 137, 146
1339327.3.peg.1172.site.2, 16, 137, 153
1339327.3.peg.1172.site.3, 24, 135, 159
1339327.3.peg.1173.site.1, 0, 137, 137
1339327.3.peg.1173.site.2, 1, 136, 137
1339327.3.peg.1173.site.3, 1, 137, 138
1339327.3.peg.1173.site.4, 1, 137, 138
1339327.3.peg.1173.site.5, 79, 135, 214
1339327.3.peg.1173.site.6, 16, 136, 152
1339327.3.peg.1173.site.7, 3, 136, 139
1339327.3.peg.1173.site.8, 0, 136, 136
1339327.3.peg.1178.site.1, 0, 133, 133
1339327.3.peg.1178.site.2, 0, 134, 134
1339327.3.peg.1178.site.3, 0, 137, 137
1339327.3.peg.1178.site.4, 5, 135, 140
1339327.3.peg.1178.site.5, 5, 136, 141
1339327.3.peg.1178.site.6, 5, 137, 142
1339327.3.peg.1178.site.7, 29, 137, 166
1339327.3.peg.1178.site.8, 1, 136, 137
1339327.3.peg.1178.site.9, 14, 137, 151
1339327.3.peg.1178.site.10, 0, 137, 137
1339327.3.peg.1178.site.11, 17, 136, 153
1339327.3.peg.1178.site.12, 18, 136, 154
1339327.3.peg.1178.site.13, 26, 136, 162
1339327.3.peg.1178.site.14, 0, 134, 134
1339327.3.peg.1178.site.15, 0, 135, 135
1339327.3.peg.1178.site.16, 0, 134, 134
1339327.3.peg.1178.site.17, 3, 137, 140
1339327.3.peg.1178.site.18, 3, 137, 140
1339327.3.peg.1178.site.19, 32, 136, 168
1339327.3.peg.1178.site.20, 8, 136, 144
1339327.3.peg.1178.site.21, 0, 133, 133
1339327.3.peg.1178.site.22, 42, 137, 179
1339327.3.peg.1178.site.23, 1, 136, 137
1339327.3.peg.1178.site.24, 7, 135, 142
1339327.3.peg.1178.site.25, 16, 134, 150
1339327.3.peg.1178.site.26, 0, 134, 134
1339327.3.peg.1178.site.27, 13, 135, 148
1339327.3.peg.1178.site.28, 18, 137, 155
1339327.3.peg.1178.site.29, 3, 137, 140
1339327.3.peg.1178.site.30, 2, 136, 138
1339327.3.peg.1178.site.31, 35, 137, 172
1339327.3.peg.1178.site.32, 0, 136, 136
1339327.3.peg.1178.site.33, 5, 136, 141
1339327.3.peg.1178.site.34, 1, 136, 137
1339327.3.peg.1178.site.35, 0, 137, 137
1339327.3.peg.1178.site.36, 2, 137, 139
1339327.3.peg.1178.site.37, 0, 136, 136
1339327.3.peg.1178.site.38, 2, 137, 139
1339327.3.peg.1178.site.39, 9, 136, 145
1339327.3.peg.1178.site.40, 26, 137, 163
1339327.3.peg.1178.site.41, 2, 136, 138
1339327.3.peg.1178.site.42, 40, 137, 177
1339327.3.peg.1178.site.43, 0, 137, 137
1339327.3.peg.1179.site.1, 2, 88, 90
1339327.3.peg.1179.site.2, 85, 112, 197
1339327.3.peg.1179.site.3, 2, 134, 136
1339327.3.peg.1179.site.4, 0, 135, 135
1339327.3.peg.1179.site.5, 15, 136, 151
1339327.3.peg.1179.site.6, 62, 137, 199
1339327.3.peg.1179.site.7, 7, 136, 143
1339327.3.peg.1179.site.8, 5, 136, 141
1339327.3.peg.1179.site.9, 1, 137, 138
1339327.3.peg.1179.site.10, 13, 137, 150
1339327.3.peg.1179.site.11, 28, 137, 165
1339327.3.peg.1179.site.12, 23, 137, 160
1339327.3.peg.1179.site.13, 27, 137, 164
1339327.3.peg.1179.site.14, 0, 136, 136
1339327.3.peg.1179.site.15, 32, 136, 168
1339327.3.peg.1179.site.16, 3, 137, 140
1339327.3.peg.1179.site.17, 4, 137, 141
1339327.3.peg.1179.site.18, 115, 137, 252
1339327.3.peg.1179.site.19, 0, 137, 137
1339327.3.peg.1179.site.20, 14, 137, 151
1339327.3.peg.1179.site.21, 1, 136, 137
1339327.3.peg.1179.site.22, 10, 135, 145
1339327.3.peg.1179.site.23, 10, 136, 146
1339327.3.peg.1179.site.24, 1, 132, 133
1339327.3.peg.1179.site.25, 17, 136, 153
1339327.3.peg.1179.site.26, 79, 136, 215
1339327.3.peg.1179.site.27, 0, 136, 136
1339327.3.peg.1179.site.28, 14, 135, 149
1339327.3.peg.1179.site.29, 0, 137, 137
1339327.3.peg.1179.site.30, 94, 137, 231
1339327.3.peg.1179.site.31, 41, 137, 178
1339327.3.peg.1179.site.32, 36, 137, 173
1339327.3.peg.1792.site.1, 81, 136, 217
1339327.3.peg.1792.site.2, 3, 134, 137
1339327.3.peg.1792.site.3, 91, 137, 228
1339327.3.peg.2773.site.1, 4, 137, 141
1339327.3.peg.2773.site.2, 2, 133, 135
1339327.3.peg.2773.site.3, 5, 131, 136
1339327.3.peg.2773.site.4, 18, 134, 152
1339327.3.peg.2773.site.5, 34, 137, 171
1339327.3.peg.2773.site.6, 63, 135, 198
1339327.3.peg.2773.site.7, 1, 137, 138
1339327.3.peg.2773.site.8, 8, 135, 143
1339327.3.peg.2773.site.9, 4, 135, 139
1339327.3.peg.2773.site.10, 5, 134, 139
1339327.3.peg.2773.site.11, 121, 133, 254
1339327.3.peg.2773.site.12, 1, 137, 138
1339327.3.peg.2772.site.1, 0, 136, 136
1339327.3.peg.2772.site.2, 1, 133, 134
1339327.3.peg.2772.site.3, 0, 135, 135
1339327.3.peg.2771.site.1, 2, 131, 133
1339327.3.peg.2771.site.2, 3, 132, 135
1339327.3.peg.2771.site.3, 5, 134, 139
1339327.3.peg.2770.site.1, 97, 97, 194
1339327.3.peg.2770.site.2, 3, 131, 134
1339327.3.peg.2770.site.3, 15, 132, 147
1339327.3.peg.2770.site.4, 16, 136, 152
1339327.3.peg.2770.site.5, 1, 135, 136
1339327.3.peg.2770.site.6, 41, 131, 172
1339327.3.peg.2770.site.7, 1, 131, 132
1339327.3.peg.2770.site.8, 61, 135, 196
1339327.3.peg.2770.site.9, 40, 136, 176
1339327.3.peg.2770.site.10, 2, 136, 138
1339327.3.peg.2770.site.11, 2, 131, 133
1339327.3.peg.2770.site.12, 6, 128, 134
1339327.3.peg.2775.site.1, 3, 137, 140
1339327.3.peg.2775.site.2, 0, 136, 136
1339327.3.peg.2775.site.3, 6, 136, 142
1339327.3.peg.2775.site.4, 49, 133, 182
1339327.3.peg.2775.site.5, 0, 134, 134
1339327.3.peg.2775.site.6, 0, 136, 136
1339327.3.peg.2775.site.7, 0, 136, 136
1339327.3.peg.2775.site.8, 40, 131, 171
1339327.3.peg.2775.site.9, 3, 129, 132
1339327.3.peg.2775.site.10, 2, 124, 126
1339327.3.peg.2775.site.11, 9, 137, 146
1339327.3.peg.2775.site.12, 4, 135, 139
1339327.3.peg.2775.site.13, 83, 133, 216
1339327.3.peg.2775.site.14, 5, 135, 140
1339327.3.peg.2775.site.15, 2, 136, 138
1339327.3.peg.2775.site.16, 3, 133, 136
1339327.3.peg.2775.site.17, 6, 132, 138
1339327.3.peg.2775.site.18, 21, 134, 155
1339327.3.peg.2775.site.19, 1, 133, 134
1339327.3.peg.2775.site.20, 21, 136, 157
1339327.3.peg.2775.site.21, 21, 136, 157
1339327.3.peg.2775.site.22, 4, 137, 141
1339327.3.peg.2775.site.23, 2, 137, 139
1339327.3.peg.2775.site.24, 16, 135, 151
1339327.3.peg.2775.site.25, 16, 136, 152
1339327.3.peg.2775.site.26, 38, 136, 174
1339327.3.peg.2775.site.27, 12, 136, 148
1339327.3.peg.2775.site.28, 2, 124, 126
1339327.3.peg.2774.site.1, 0, 137, 137
1339327.3.peg.2774.site.2, 13, 137, 150
1339327.3.peg.2774.site.3, 0, 134, 134
1339327.3.peg.2774.site.4, 3, 131, 134
1339327.3.peg.2774.site.5, 20, 137, 157
1339327.3.peg.2774.site.6, 1, 132, 133
1339327.3.peg.2774.site.7, 1, 134, 135
1339327.3.peg.2774.site.8, 14, 134, 148
1339327.3.peg.2774.site.9, 0, 137, 137
1339327.3.peg.2774.site.10, 2, 136, 138
1339327.3.peg.2774.site.11, 0, 135, 135
1339327.3.peg.2774.site.12, 3, 136, 139
1339327.3.peg.2774.site.13, 52, 135, 187
1339327.3.peg.2774.site.14, 47, 136, 183
1339327.3.peg.2774.site.15, 5, 136, 141
1339327.3.peg.2774.site.16, 5, 136, 141
1339327.3.peg.2774.site.17, 5, 136, 141
1339327.3.peg.2774.site.18, 3, 137, 140
1339327.3.peg.2774.site.19, 2, 134, 136
1339327.3.peg.2774.site.20, 12, 135, 147
1339327.3.peg.2774.site.21, 0, 135, 135
1339327.3.peg.2774.site.22, 1, 136, 137
1339327.3.peg.2774.site.23, 6, 136, 142
1339327.3.peg.2774.site.24, 2, 137, 139
1339327.3.peg.2774.site.25, 0, 133, 133
1339327.3.peg.2774.site.26, 16, 136, 152
1339327.3.peg.2774.site.27, 11, 133, 144
1339327.3.peg.2774.site.28, 3, 133, 136
1339327.3.peg.2774.site.29, 2, 134, 136
1339327.3.peg.2774.site.30, 0, 134, 134
1339327.3.peg.2774.site.31, 4, 136, 140
1339327.3.peg.2774.site.32, 5, 135, 140
1339327.3.peg.2774.site.33, 1, 137, 138
1339327.3.peg.2774.site.34, 1, 136, 137
1339327.3.peg.4859.site.1, 1, 135, 136
1339327.3.peg.4859.site.2, 15, 133, 148
1339327.3.peg.4859.site.3, 5, 136, 141
1339327.3.peg.4859.site.4, 3, 136, 139
1339327.3.peg.4859.site.5, 6, 136, 142
1339327.3.peg.4859.site.6, 0, 136, 136
1339327.3.peg.4859.site.7, 4, 133, 137
1339327.3.peg.4859.site.8, 3, 135, 138
1339327.3.peg.4859.site.9, 2, 133, 135
1339327.3.peg.4859.site.10, 1, 135, 136
1339327.3.peg.4859.site.11, 110, 136, 246
1339327.3.peg.4859.site.12, 35, 130, 165
1339327.3.peg.4859.site.13, 5, 125, 130
1339327.3.peg.4859.site.14, 11, 120, 131
1339327.3.peg.4859.site.15, 1, 106, 107
1339327.3.peg.4859.site.16, 95, 105, 200
1339327.3.peg.4859.site.17, 90, 101, 191
1339327.3.peg.4859.site.18, 105, 115, 220
1339327.3.peg.4859.site.19, 1, 125, 126
1339327.3.peg.4859.site.20, 2, 132, 134
1339327.3.peg.4859.site.21, 5, 133, 138
1339327.3.peg.4859.site.22, 22, 128, 150
1339327.3.peg.4859.site.23, 20, 126, 146
1339327.3.peg.4859.site.24, 24, 132, 156
1339327.3.peg.4859.site.25, 2, 130, 132
1339327.3.peg.4859.site.26, 7, 124, 131
1339327.3.peg.4859.site.27, 3, 124, 127
1339327.3.peg.4859.site.28, 5, 120, 125
1339327.3.peg.4859.site.29, 3, 117, 120
1339327.3.peg.4859.site.30, 2, 117, 119
1339327.3.peg.4859.site.31, 4, 118, 122
1339327.3.peg.4859.site.32, 4, 117, 121
1339327.3.peg.4859.site.33, 3, 133, 136
1339327.3.peg.4859.site.34, 65, 132, 197
1339327.3.peg.4859.site.35, 2, 134, 136
1339327.3.peg.4859.site.36, 43, 134, 177
1339327.3.peg.4859.site.37, 1, 132, 133
1339327.3.peg.4859.site.38, 7, 134, 141
1339327.3.peg.4859.site.39, 8, 134, 142
1339327.3.peg.4859.site.40, 2, 135, 137
1339327.3.peg.4859.site.41, 16, 134, 150
1339327.3.peg.4859.site.42, 1, 135, 136
1339327.3.peg.4859.site.43, 1, 137, 138
1339327.3.peg.4859.site.44, 2, 137, 139
1339327.3.peg.4859.site.45, 1, 136, 137
1339327.3.peg.4859.site.46, 8, 135, 143
1339327.3.peg.4859.site.47, 2, 136, 138
1339327.3.peg.4859.site.48, 2, 136, 138
1339327.3.peg.4859.site.49, 1, 135, 136
1339327.3.peg.4859.site.50, 4, 132, 136
1339327.3.peg.4859.site.51, 5, 135, 140
1339327.3.peg.4859.site.52, 4, 134, 138
1339327.3.peg.4859.site.53, 0, 135, 135
1339327.3.peg.4859.site.54, 12, 133, 145
1339327.3.peg.4859.site.55, 2, 136, 138
1339327.3.peg.4859.site.56, 1, 135, 136
1339327.3.peg.4859.site.57, 117, 136, 253
1339327.3.peg.4859.site.58, 1, 136, 137
1339327.3.peg.4859.site.59, 122, 136, 258
1339327.3.peg.4859.site.60, 1, 136, 137
1339327.3.peg.4859.site.61, 3, 136, 139
1339327.3.peg.4859.site.62, 5, 136, 141
1339327.3.peg.4859.site.63, 11, 136, 147
1339327.3.peg.4859.site.64, 5, 136, 141
1339327.3.peg.4859.site.65, 5, 136, 141
1339327.3.peg.4859.site.66, 2, 133, 135
1339327.3.peg.4859.site.67, 1, 135, 136
1339327.3.peg.4859.site.68, 0, 133, 133
1339327.3.peg.4859.site.69, 0, 134, 134
1339327.3.peg.4859.site.70, 3, 134, 137
1339327.3.peg.4859.site.71, 81, 130, 211
1339327.3.peg.4859.site.72, 47, 134, 181
1339327.3.peg.4859.site.73, 2, 135, 137
1339327.3.peg.4859.site.74, 3, 133, 136
1339327.3.peg.4859.site.75, 3, 133, 136
1339327.3.peg.4859.site.76, 21, 132, 153
1339327.3.peg.4859.site.77, 2, 135, 137
1339327.3.peg.4859.site.78, 5, 133, 138
1339327.3.peg.4859.site.79, 4, 135, 139
1339327.3.peg.4859.site.80, 0, 133, 133
1339327.3.peg.4859.site.81, 0, 134, 134
1339327.3.peg.4859.site.82, 31, 136, 167
1339327.3.peg.4859.site.83, 18, 136, 154
1339327.3.peg.4859.site.84, 3, 135, 138
1339327.3.peg.4859.site.85, 0, 137, 137
1339327.3.peg.4859.site.86, 0, 136, 136
1339327.3.peg.2218.site.1, 4, 134, 138
1339327.3.peg.2218.site.2, 2, 136, 138
1339327.3.peg.2218.site.3, 0, 134, 134
1339327.3.peg.2218.site.4, 36, 136, 172
1339327.3.peg.2218.site.5, 5, 136, 141
1339327.3.peg.2218.site.6, 5, 137, 142
1339327.3.peg.2218.site.7, 2, 135, 137
1339327.3.peg.2218.site.8, 4, 134, 138
1339327.3.peg.2218.site.9, 3, 137, 140
1339327.3.peg.2218.site.10, 0, 134, 134
1339327.3.peg.2218.site.11, 79, 134, 213
1339327.3.peg.2218.site.12, 9, 131, 140
1339327.3.peg.2218.site.13, 5, 136, 141
1339327.3.peg.2218.site.14, 10, 137, 147
1339327.3.peg.2218.site.15, 1, 136, 137
1339327.3.peg.2218.site.16, 3, 136, 139
1339327.3.peg.2218.site.17, 8, 134, 142
1339327.3.peg.2218.site.18, 88, 134, 222
1339327.3.peg.2218.site.19, 88, 132, 220
1339327.3.peg.1793.site.1, 3, 132, 135
1339327.3.peg.3558.site.1, 0, 135, 135
1339327.3.peg.3558.site.2, 2, 134, 136
1339327.3.peg.3558.site.3, 6, 136, 142
1339327.3.peg.3558.site.4, 3, 136, 139
1339327.3.peg.3558.site.5, 86, 135, 221
1339327.3.peg.3558.site.6, 1, 137, 138
1339327.3.peg.3558.site.7, 1, 136, 137
1339327.3.peg.3558.site.8, 4, 136, 140
1339327.3.peg.3558.site.9, 126, 135, 261
1339327.3.peg.3558.site.10, 9, 137, 146
1339327.3.peg.3558.site.11, 5, 137, 142
1339327.3.peg.3558.site.12, 0, 136, 136
1339327.3.peg.3558.site.13, 39, 136, 175
1339327.3.peg.3559.site.1, 0, 137, 137
1339327.3.peg.3559.site.2, 2, 135, 137
1339327.3.peg.3559.site.3, 3, 136, 139
1339327.3.peg.3559.site.4, 0, 134, 134
1339327.3.peg.3559.site.5, 59, 137, 196
1339327.3.peg.3559.site.6, 58, 136, 194
1339327.3.peg.3559.site.7, 124, 135, 259
1339327.3.peg.3559.site.8, 3, 136, 139
1339327.3.peg.3559.site.9, 53, 133, 186
1339327.3.peg.3559.site.10, 92, 135, 227
1339327.3.peg.3559.site.11, 63, 137, 200
1339327.3.peg.3559.site.12, 131, 136, 267
1339327.3.peg.3559.site.13, 1, 136, 137
1339327.3.peg.3559.site.14, 3, 137, 140
1339327.3.peg.3559.site.15, 63, 136, 199
1339327.3.peg.3559.site.16, 43, 137, 180
1339327.3.peg.3559.site.17, 3, 137, 140
1339327.3.peg.3559.site.18, 0, 135, 135
1339327.3.peg.3559.site.19, 42, 135, 177
1339327.3.peg.3559.site.20, 107, 135, 242
1339327.3.peg.3559.site.21, 18, 136, 154
1339327.3.peg.3559.site.22, 1, 136, 137
1339327.3.peg.3559.site.23, 12, 132, 144
1339327.3.peg.3559.site.24, 1, 135, 136
1339327.3.peg.3554.site.1, 2, 136, 138
1339327.3.peg.3554.site.2, 0, 134, 134
1339327.3.peg.3554.site.3, 7, 135, 142
1339327.3.peg.3554.site.4, 5, 135, 140
1339327.3.peg.3554.site.5, 2, 135, 137
1339327.3.peg.3554.site.6, 1, 136, 137
1339327.3.peg.3554.site.7, 2, 136, 138
1339327.3.peg.3554.site.8, 126, 136, 262
1339327.3.peg.3554.site.9, 0, 136, 136
1339327.3.peg.3554.site.10, 18, 137, 155
1339327.3.peg.3554.site.11, 0, 135, 135
1339327.3.peg.3554.site.12, 16, 133, 149
1339327.3.peg.3554.site.13, 1, 136, 137
1339327.3.peg.3554.site.14, 4, 137, 141
1339327.3.peg.3554.site.15, 1, 136, 137
1339327.3.peg.3554.site.16, 0, 136, 136
1339327.3.peg.3554.site.17, 51, 137, 188
1339327.3.peg.3554.site.18, 1, 137, 138
1339327.3.peg.3554.site.19, 0, 137, 137
1339327.3.peg.3554.site.20, 1, 137, 138
1339327.3.peg.3554.site.21, 132, 137, 269
1339327.3.peg.3554.site.22, 13, 135, 148
1339327.3.peg.3554.site.23, 11, 136, 147
1339327.3.peg.3555.site.1, 46, 134, 180
1339327.3.peg.3555.site.2, 5, 135, 140
1339327.3.peg.3556.site.1, 120, 136, 256
1339327.3.peg.3556.site.2, 126, 136, 262
1339327.3.peg.3556.site.3, 119, 135, 254
1339327.3.peg.3556.site.4, 17, 137, 154
1339327.3.peg.3556.site.5, 1, 136, 137
1339327.3.peg.3556.site.6, 5, 136, 141
1339327.3.peg.3556.site.7, 1, 134, 135
1339327.3.peg.3556.site.8, 107, 132, 239
1339327.3.peg.3556.site.9, 1, 135, 136
1339327.3.peg.3557.site.1, 13, 134, 147
1339327.3.peg.3557.site.2, 3, 137, 140
1339327.3.peg.3557.site.3, 3, 136, 139
1339327.3.peg.3557.site.4, 131, 137, 268
1339327.3.peg.3550.site.1, 5, 134, 139
1339327.3.peg.3550.site.2, 50, 135, 185
1339327.3.peg.3551.site.1, 9, 137, 146
1339327.3.peg.3551.site.2, 0, 137, 137
1339327.3.peg.3551.site.3, 5, 137, 142
1339327.3.peg.3551.site.4, 17, 134, 151
1339327.3.peg.3551.site.5, 0, 136, 136
1339327.3.peg.3551.site.6, 11, 136, 147
1339327.3.peg.3551.site.7, 0, 134, 134
1339327.3.peg.3551.site.8, 17, 136, 153
1339327.3.peg.3551.site.9, 97, 134, 231
1339327.3.peg.3551.site.10, 0, 135, 135
1339327.3.peg.3551.site.11, 101, 136, 237
1339327.3.peg.3551.site.12, 48, 136, 184
1339327.3.peg.3551.site.13, 0, 135, 135
1339327.3.peg.3551.site.14, 112, 134, 246
1339327.3.peg.3551.site.15, 1, 136, 137
1339327.3.peg.3552.site.1, 3, 133, 136
1339327.3.peg.3552.site.2, 14, 135, 149
1339327.3.peg.3552.site.3, 44, 137, 181
1339327.3.peg.3552.site.4, 0, 136, 136
1339327.3.peg.3552.site.5, 40, 136, 176
1339327.3.peg.3552.site.6, 0, 134, 134
1339327.3.peg.3552.site.7, 2, 135, 137
1339327.3.peg.3552.site.8, 118, 136, 254
1339327.3.peg.3552.site.9, 3, 136, 139
1339327.3.peg.3552.site.10, 5, 137, 142
1339327.3.peg.3552.site.11, 4, 135, 139
1339327.3.peg.3552.site.12, 12, 134, 146
1339327.3.peg.3552.site.13, 0, 134, 134
1339327.3.peg.3552.site.14, 0, 135, 135
1339327.3.peg.3552.site.15, 99, 137, 236
1339327.3.peg.3552.site.16, 3, 134, 137
1339327.3.peg.3552.site.17, 5, 136, 141
1339327.3.peg.3552.site.18, 10, 137, 147
1339327.3.peg.3552.site.19, 27, 134, 161
1339327.3.peg.3552.site.20, 1, 135, 136
1339327.3.peg.3552.site.21, 16, 131, 147
1339327.3.peg.3552.site.22, 0, 135, 135
1339327.3.peg.3552.site.23, 11, 134, 145
1339327.3.peg.3552.site.24, 6, 136, 142
1339327.3.peg.3552.site.25, 0, 136, 136
1339327.3.peg.3552.site.26, 0, 134, 134
1339327.3.peg.3552.site.27, 1, 135, 136
1339327.3.peg.3552.site.28, 52, 136, 188
1339327.3.peg.3552.site.29, 29, 136, 165
1339327.3.peg.3552.site.30, 2, 137, 139
1339327.3.peg.3552.site.31, 32, 136, 168
1339327.3.peg.3552.site.32, 2, 133, 135
1339327.3.peg.3552.site.33, 122, 122, 244
1339327.3.peg.3552.site.34, 3, 133, 136
1339327.3.peg.3552.site.35, 27, 135, 162
1339327.3.peg.3552.site.36, 4, 137, 141
1339327.3.peg.3552.site.37, 0, 137, 137
1339327.3.peg.3552.site.38, 25, 135, 160
1339327.3.peg.3552.site.39, 0, 136, 136
1339327.3.peg.3552.site.40, 2, 136, 138
1339327.3.peg.3552.site.41, 43, 135, 178
1339327.3.peg.3552.site.42, 1, 136, 137
1339327.3.peg.3552.site.43, 3, 137, 140
1339327.3.peg.3552.site.44, 0, 119, 119
1339327.3.peg.3552.site.45, 0, 129, 129
1339327.3.peg.3552.site.46, 1, 136, 137
1339327.3.peg.3552.site.47, 5, 137, 142
1339327.3.peg.3552.site.48, 54, 135, 189
1339327.3.peg.3552.site.49, 14, 133, 147
1339327.3.peg.3552.site.50, 3, 135, 138
1339327.3.peg.3552.site.51, 17, 131, 148
1339327.3.peg.3552.site.52, 1, 134, 135
1339327.3.peg.3552.site.53, 11, 132, 143
1339327.3.peg.3553.site.1, 52, 133, 185
1339327.3.peg.3553.site.2, 77, 133, 210
1339327.3.peg.3553.site.3, 2, 133, 135
1339327.3.peg.3553.site.4, 81, 135, 216
1339327.3.peg.3553.site.5, 0, 134, 134
1339327.3.peg.3553.site.6, 0, 135, 135
1339327.3.peg.3553.site.7, 2, 132, 134
1339327.3.peg.3553.site.8, 3, 133, 136
1339327.3.peg.3553.site.9, 21, 132, 153
1339327.3.peg.3553.site.10, 0, 134, 134
1339327.3.peg.3553.site.11, 10, 134, 144
1339327.3.peg.3553.site.12, 49, 134, 183
1339327.3.peg.3553.site.13, 2, 134, 136
1339327.3.peg.3553.site.14, 2, 136, 138
1339327.3.peg.3553.site.15, 81, 135, 216
1339327.3.peg.3553.site.16, 0, 134, 134
1339327.3.peg.3553.site.17, 3, 133, 136
1339327.3.peg.2801.site.1, 2, 135, 137
1339327.3.peg.2801.site.2, 3, 136, 139
1339327.3.peg.2801.site.3, 0, 136, 136
1339327.3.peg.2801.site.4, 45, 134, 179
1339327.3.peg.2801.site.5, 6, 133, 139
1339327.3.peg.2801.site.6, 3, 133, 136
1339327.3.peg.2801.site.7, 1, 135, 136
1339327.3.peg.2801.site.8, 1, 134, 135
1339327.3.peg.2801.site.9, 5, 135, 140
1339327.3.peg.2800.site.1, 17, 132, 149
1339327.3.peg.2800.site.2, 0, 136, 136
1339327.3.peg.2800.site.3, 6, 133, 139
1339327.3.peg.2800.site.4, 2, 136, 138
1339327.3.peg.2800.site.5, 0, 136, 136
1339327.3.peg.2800.site.6, 2, 133, 135
1339327.3.peg.2800.site.7, 1, 134, 135
1339327.3.peg.2800.site.8, 57, 135, 192
1339327.3.peg.2800.site.9, 1, 134, 135
1339327.3.peg.2800.site.10, 52, 135, 187
1339327.3.peg.2800.site.11, 0, 132, 132
1339327.3.peg.2800.site.12, 4, 134, 138
1339327.3.peg.2800.site.13, 1, 135, 136
1339327.3.peg.2803.site.1, 5, 137, 142
1339327.3.peg.2803.site.2, 5, 133, 138
1339327.3.peg.2803.site.3, 96, 134, 230
1339327.3.peg.2803.site.4, 10, 134, 144
1339327.3.peg.2803.site.5, 9, 133, 142
1339327.3.peg.2803.site.6, 3, 135, 138
1339327.3.peg.2803.site.7, 2, 135, 137
1339327.3.peg.2803.site.8, 0, 131, 131
1339327.3.peg.2803.site.9, 12, 136, 148
1339327.3.peg.2802.site.1, 10, 133, 143
1339327.3.peg.2802.site.2, 3, 136, 139
1339327.3.peg.2802.site.3, 51, 132, 183
1339327.3.peg.2802.site.4, 5, 134, 139
1339327.3.peg.2802.site.5, 2, 134, 136
1339327.3.peg.2802.site.6, 1, 133, 134
1339327.3.peg.2802.site.7, 21, 133, 154
1339327.3.peg.2802.site.8, 9, 132, 141
1339327.3.peg.2802.site.9, 2, 131, 133
1339327.3.peg.2802.site.10, 3, 132, 135
1339327.3.peg.2802.site.11, 9, 132, 141
1339327.3.peg.2802.site.12, 1, 133, 134
1339327.3.peg.2802.site.13, 18, 132, 150
1339327.3.peg.2802.site.14, 5, 131, 136
1339327.3.peg.2805.site.1, 77, 136, 213
1339327.3.peg.2805.site.2, 1, 136, 137
1339327.3.peg.2805.site.3, 85, 136, 221
1339327.3.peg.2805.site.4, 77, 137, 214
1339327.3.peg.2805.site.5, 12, 134, 146
1339327.3.peg.2805.site.6, 37, 133, 170
1339327.3.peg.2805.site.7, 2, 136, 138
1339327.3.peg.2805.site.8, 3, 136, 139
1339327.3.peg.2805.site.9, 7, 137, 144
1339327.3.peg.2805.site.10, 2, 135, 137
1339327.3.peg.2805.site.11, 1, 135, 136
1339327.3.peg.2805.site.12, 16, 135, 151
1339327.3.peg.2805.site.13, 27, 137, 164
1339327.3.peg.2805.site.14, 0, 135, 135
1339327.3.peg.2804.site.1, 103, 135, 238
1339327.3.peg.2807.site.1, 20, 135, 155
1339327.3.peg.2807.site.2, 0, 134, 134
1339327.3.peg.2807.site.3, 17, 136, 153
1339327.3.peg.2807.site.4, 3, 136, 139
1339327.3.peg.2807.site.5, 7, 135, 142
1339327.3.peg.2807.site.6, 0, 135, 135
1339327.3.peg.2807.site.7, 12, 137, 149
1339327.3.peg.2807.site.8, 2, 134, 136
1339327.3.peg.2807.site.9, 1, 132, 133
1339327.3.peg.2807.site.10, 4, 131, 135
1339327.3.peg.2807.site.11, 5, 133, 138
1339327.3.peg.2807.site.12, 32, 135, 167
1339327.3.peg.2807.site.13, 12, 135, 147
1339327.3.peg.2807.site.14, 25, 136, 161
1339327.3.peg.2807.site.15, 23, 135, 158
1339327.3.peg.2807.site.16, 7, 137, 144
1339327.3.peg.2806.site.1, 45, 134, 179
1339327.3.peg.2806.site.2, 0, 135, 135
1339327.3.peg.2806.site.3, 0, 136, 136
1339327.3.peg.2806.site.4, 0, 135, 135
1339327.3.peg.2806.site.5, 0, 136, 136
1339327.3.peg.2806.site.6, 2, 136, 138
1339327.3.peg.2806.site.7, 3, 136, 139
1339327.3.peg.2806.site.8, 3, 135, 138
1339327.3.peg.2806.site.9, 2, 137, 139
1339327.3.peg.2806.site.10, 0, 136, 136
1339327.3.peg.2806.site.11, 1, 135, 136
1339327.3.peg.2809.site.1, 15, 135, 150
1339327.3.peg.2809.site.2, 2, 132, 134
1339327.3.peg.2809.site.3, 41, 135, 176
1339327.3.peg.2809.site.4, 2, 134, 136
1339327.3.peg.2809.site.5, 19, 134, 153
1339327.3.peg.2809.site.6, 2, 133, 135
1339327.3.peg.2808.site.1, 5, 134, 139
1339327.3.peg.2808.site.2, 10, 135, 145
1339327.3.peg.2808.site.3, 4, 136, 140
1339327.3.peg.2808.site.4, 11, 132, 143
1339327.3.peg.2808.site.5, 32, 131, 163
1339327.3.peg.2808.site.6, 7, 131, 138
1339327.3.peg.2808.site.7, 37, 134, 171
1339327.3.peg.2808.site.8, 0, 134, 134
1339327.3.peg.2808.site.9, 1, 133, 134
1339327.3.peg.2808.site.10, 3, 136, 139
1339327.3.peg.2808.site.11, 16, 135, 151
1339327.3.peg.2808.site.12, 2, 137, 139
1339327.3.peg.2808.site.13, 41, 136, 177
1339327.3.peg.2808.site.14, 12, 136, 148
1339327.3.peg.2808.site.15, 30, 136, 166
1339327.3.peg.2808.site.16, 62, 135, 197
1339327.3.peg.2808.site.17, 3, 134, 137
1339327.3.peg.2808.site.18, 2, 137, 139
1339327.3.peg.2808.site.19, 5, 136, 141
1339327.3.peg.2808.site.20, 76, 132, 208
1339327.3.peg.2808.site.21, 76, 136, 212
1339327.3.peg.2808.site.22, 4, 134, 138
1339327.3.peg.2808.site.23, 7, 135, 142
1339327.3.peg.2808.site.24, 42, 136, 178
1339327.3.peg.2808.site.25, 15, 134, 149
1339327.3.peg.3826.site.1, 2, 136, 138
1339327.3.peg.3826.site.2, 2, 136, 138
1339327.3.peg.3826.site.3, 42, 136, 178
1339327.3.peg.3826.site.4, 30, 135, 165
1339327.3.peg.3826.site.5, 8, 137, 145
1339327.3.peg.3826.site.6, 1, 136, 137
1339327.3.peg.3826.site.7, 23, 137, 160
1339327.3.peg.3826.site.8, 28, 137, 165
1339327.3.peg.3826.site.9, 58, 136, 194
1339327.3.peg.3826.site.10, 11, 135, 146
1339327.3.peg.3826.site.11, 3, 135, 138
1339327.3.peg.3826.site.12, 0, 136, 136
1339327.3.peg.3826.site.13, 1, 135, 136
1339327.3.peg.3826.site.14, 81, 135, 216
1339327.3.peg.3826.site.15, 55, 136, 191
1339327.3.peg.3826.site.16, 2, 137, 139
1339327.3.peg.3826.site.17, 2, 137, 139
1339327.3.peg.3826.site.18, 9, 136, 145
1339327.3.peg.3826.site.19, 2, 135, 137
1339327.3.peg.3826.site.20, 16, 137, 153
1339327.3.peg.3826.site.21, 8, 131, 139
1339327.3.peg.3826.site.22, 34, 131, 165
1339327.3.peg.3826.site.23, 5, 133, 138
1339327.3.peg.3826.site.24, 5, 132, 137
1339327.3.peg.3826.site.25, 1, 135, 136
1339327.3.peg.3826.site.26, 4, 132, 136
1339327.3.peg.3826.site.27, 61, 133, 194
1339327.3.peg.3826.site.28, 2, 135, 137
1339327.3.peg.3826.site.29, 2, 134, 136
1339327.3.peg.3826.site.30, 11, 135, 146
1339327.3.peg.3826.site.31, 0, 137, 137
1339327.3.peg.3826.site.32, 8, 136, 144
1339327.3.peg.3826.site.33, 119, 137, 256
1339327.3.peg.3826.site.34, 0, 135, 135
1339327.3.peg.3826.site.35, 98, 136, 234
1339327.3.peg.3826.site.36, 5, 135, 140
1339327.3.peg.3826.site.37, 3, 137, 140
1339327.3.peg.3826.site.38, 2, 137, 139
1339327.3.peg.3826.site.39, 38, 137, 175
1339327.3.peg.3826.site.40, 0, 137, 137
1339327.3.peg.3826.site.41, 43, 137, 180
1339327.3.peg.3827.site.1, 2, 136, 138
1339327.3.peg.3827.site.2, 0, 135, 135
1339327.3.peg.3827.site.3, 0, 134, 134
1339327.3.peg.3827.site.4, 0, 135, 135
1339327.3.peg.3827.site.5, 7, 136, 143
1339327.3.peg.3827.site.6, 5, 137, 142
1339327.3.peg.3827.site.7, 8, 136, 144
1339327.3.peg.3827.site.8, 3, 136, 139
1339327.3.peg.3827.site.9, 2, 137, 139
1339327.3.peg.3827.site.10, 1, 137, 138
1339327.3.peg.3827.site.11, 9, 137, 146
1339327.3.peg.3827.site.12, 98, 134, 232
1339327.3.peg.3827.site.13, 2, 137, 139
1339327.3.peg.3827.site.14, 120, 137, 257
1339327.3.peg.3827.site.15, 3, 137, 140
1339327.3.peg.3827.site.16, 7, 137, 144
1339327.3.peg.3827.site.17, 2, 136, 138
1339327.3.peg.3827.site.18, 24, 135, 159
1339327.3.peg.3827.site.19, 5, 136, 141
1339327.3.peg.3827.site.20, 2, 136, 138
1339327.3.peg.3827.site.21, 117, 137, 254
1339327.3.peg.3827.site.22, 7, 137, 144
1339327.3.peg.3827.site.23, 2, 136, 138
1339327.3.peg.3827.site.24, 128, 137, 265
1339327.3.peg.3827.site.25, 0, 137, 137
1339327.3.peg.3827.site.26, 8, 137, 145
1339327.3.peg.3827.site.27, 14, 137, 151
1339327.3.peg.3827.site.28, 14, 137, 151
1339327.3.peg.3827.site.29, 1, 137, 138
1339327.3.peg.3827.site.30, 3, 136, 139
1339327.3.peg.3827.site.31, 1, 136, 137
1339327.3.peg.3827.site.32, 7, 137, 144
1339327.3.peg.3827.site.33, 5, 136, 141
1339327.3.peg.3827.site.34, 5, 137, 142
1339327.3.peg.3820.site.1, 3, 135, 138
1339327.3.peg.3820.site.2, 0, 135, 135
1339327.3.peg.3820.site.3, 0, 135, 135
1339327.3.peg.3820.site.4, 129, 136, 265
1339327.3.peg.3820.site.5, 0, 136, 136
1339327.3.peg.3820.site.6, 3, 136, 139
1339327.3.peg.3820.site.7, 1, 137, 138
1339327.3.peg.3820.site.8, 2, 136, 138
1339327.3.peg.3820.site.9, 21, 137, 158
1339327.3.peg.3820.site.10, 3, 137, 140
1339327.3.peg.3820.site.11, 75, 136, 211
1339327.3.peg.3820.site.12, 24, 136, 160
1339327.3.peg.3820.site.13, 3, 136, 139
1339327.3.peg.3820.site.14, 3, 135, 138
1339327.3.peg.3820.site.15, 0, 132, 132
1339327.3.peg.3821.site.1, 5, 137, 142
1339327.3.peg.3821.site.2, 66, 134, 200
1339327.3.peg.3821.site.3, 4, 135, 139
1339327.3.peg.3821.site.4, 16, 134, 150
1339327.3.peg.3821.site.5, 3, 137, 140
1339327.3.peg.3821.site.6, 3, 134, 137
1339327.3.peg.3821.site.7, 31, 134, 165
1339327.3.peg.3821.site.8, 22, 130, 152
1339327.3.peg.3821.site.9, 9, 134, 143
1339327.3.peg.3821.site.10, 23, 133, 156
1339327.3.peg.3821.site.11, 2, 129, 131
1339327.3.peg.3821.site.12, 5, 128, 133
1339327.3.peg.3821.site.13, 15, 127, 142
1339327.3.peg.3821.site.14, 5, 133, 138
1339327.3.peg.2559.site.1, 2, 135, 137
1339327.3.peg.2559.site.2, 1, 131, 132
1339327.3.peg.2559.site.3, 1, 133, 134
1339327.3.peg.2559.site.4, 97, 132, 229
1339327.3.peg.2559.site.5, 1, 133, 134
1339327.3.peg.2559.site.6, 91, 131, 222
1339327.3.peg.2559.site.7, 68, 127, 195
1339327.3.peg.2559.site.8, 23, 124, 147
1339327.3.peg.2559.site.9, 1, 118, 119
1339327.3.peg.2559.site.10, 14, 120, 134
1339327.3.peg.2559.site.11, 2, 126, 128
1339327.3.peg.2559.site.12, 2, 126, 128
1339327.3.peg.2559.site.13, 1, 127, 128
1339327.3.peg.2559.site.14, 5, 133, 138
1339327.3.peg.2559.site.15, 4, 135, 139
1339327.3.peg.2559.site.16, 5, 136, 141
1339327.3.peg.2559.site.17, 8, 137, 145
1339327.3.peg.2559.site.18, 1, 136, 137
1339327.3.peg.2559.site.19, 3, 136, 139
1339327.3.peg.2558.site.1, 4, 133, 137
1339327.3.peg.2558.site.2, 2, 131, 133
1339327.3.peg.2558.site.3, 15, 129, 144
1339327.3.peg.2558.site.4, 93, 124, 217
1339327.3.peg.2558.site.5, 4, 135, 139
1339327.3.peg.2558.site.6, 110, 133, 243
1339327.3.peg.2558.site.7, 8, 35, 43
1339327.3.peg.2558.site.8, 23, 50, 73
1339327.3.peg.2558.site.9, 2, 129, 131
1339327.3.peg.2558.site.10, 0, 133, 133
1339327.3.peg.2558.site.11, 11, 136, 147
1339327.3.peg.798.site.1, 22, 137, 159
1339327.3.peg.798.site.2, 13, 136, 149
1339327.3.peg.798.site.3, 2, 134, 136
1339327.3.peg.798.site.4, 5, 136, 141
1339327.3.peg.798.site.5, 2, 136, 138
1339327.3.peg.798.site.6, 3, 135, 138
1339327.3.peg.798.site.7, 17, 136, 153
1339327.3.peg.798.site.8, 13, 137, 150
1339327.3.peg.798.site.9, 8, 136, 144
1339327.3.peg.798.site.10, 1, 134, 135
1339327.3.peg.798.site.11, 1, 134, 135
1339327.3.peg.798.site.12, 0, 135, 135
1339327.3.peg.798.site.13, 12, 135, 147
1339327.3.peg.798.site.14, 18, 135, 153
1339327.3.peg.798.site.15, 5, 133, 138
1339327.3.peg.798.site.16, 1, 137, 138
1339327.3.peg.798.site.17, 5, 137, 142
1339327.3.peg.798.site.18, 1, 136, 137
1339327.3.peg.798.site.19, 2, 137, 139
1339327.3.peg.99.site.1, 31, 136, 167
1339327.3.peg.99.site.2, 16, 136, 152
1339327.3.peg.99.site.3, 27, 136, 163
1339327.3.peg.99.site.4, 15, 137, 152
1339327.3.peg.99.site.5, 6, 137, 143
1339327.3.peg.99.site.6, 52, 137, 189
1339327.3.peg.99.site.7, 50, 135, 185
1339327.3.peg.99.site.8, 126, 136, 262
1339327.3.peg.99.site.9, 3, 136, 139
1339327.3.peg.99.site.10, 90, 134, 224
1339327.3.peg.99.site.11, 13, 136, 149
1339327.3.peg.99.site.12, 3, 136, 139
1339327.3.peg.99.site.13, 13, 137, 150
1339327.3.peg.99.site.14, 83, 135, 218
1339327.3.peg.99.site.15, 5, 137, 142
1339327.3.peg.99.site.16, 26, 133, 159
1339327.3.peg.99.site.17, 24, 131, 155
1339327.3.peg.99.site.18, 25, 129, 154
1339327.3.peg.99.site.19, 34, 126, 160
1339327.3.peg.796.site.1, 2, 90, 92
1339327.3.peg.796.site.2, 3, 133, 136
1339327.3.peg.796.site.3, 77, 137, 214
1339327.3.peg.796.site.4, 6, 135, 141
1339327.3.peg.796.site.5, 67, 137, 204
1339327.3.peg.796.site.6, 21, 135, 156
1339327.3.peg.796.site.7, 14, 136, 150
1339327.3.peg.796.site.8, 3, 137, 140
1339327.3.peg.796.site.9, 2, 135, 137
1339327.3.peg.796.site.10, 7, 137, 144
1339327.3.peg.796.site.11, 5, 137, 142
1339327.3.peg.796.site.12, 6, 137, 143
1339327.3.peg.796.site.13, 5, 137, 142
1339327.3.peg.797.site.1, 62, 137, 199
1339327.3.peg.797.site.2, 2, 137, 139
1339327.3.peg.797.site.3, 3, 136, 139
1339327.3.peg.792.site.1, 2, 128, 130
1339327.3.peg.792.site.2, 3, 129, 132
1339327.3.peg.1778.site.1, 3, 137, 140
1339327.3.peg.1778.site.2, 5, 136, 141
1339327.3.peg.1778.site.3, 3, 135, 138
1339327.3.peg.1778.site.4, 0, 134, 134
1339327.3.peg.1778.site.5, 13, 136, 149
1339327.3.peg.1778.site.6, 1, 137, 138
1339327.3.peg.1778.site.7, 14, 134, 148
1339327.3.peg.1778.site.8, 11, 137, 148
1339327.3.peg.1778.site.9, 38, 137, 175
1339327.3.peg.1778.site.10, 2, 136, 138
1339327.3.peg.1778.site.11, 40, 136, 176
1339327.3.peg.1778.site.12, 0, 136, 136
1339327.3.peg.1778.site.13, 1, 136, 137
1339327.3.peg.1778.site.14, 0, 137, 137
1339327.3.peg.1778.site.15, 42, 135, 177
1339327.3.peg.1778.site.16, 25, 136, 161
1339327.3.peg.1778.site.17, 8, 136, 144
1339327.3.peg.1778.site.18, 31, 136, 167
1339327.3.peg.1778.site.19, 26, 136, 162
1339327.3.peg.1778.site.20, 14, 137, 151
1339327.3.peg.1778.site.21, 19, 137, 156
1339327.3.peg.1778.site.22, 9, 133, 142
1339327.3.peg.1778.site.23, 0, 135, 135
1339327.3.peg.1776.site.1, 2, 137, 139
1339327.3.peg.1776.site.2, 1, 135, 136
1339327.3.peg.1776.site.3, 4, 136, 140
1339327.3.peg.1776.site.4, 1, 136, 137
1339327.3.peg.1776.site.5, 3, 134, 137
1339327.3.peg.1776.site.6, 15, 134, 149
1339327.3.peg.1776.site.7, 66, 134, 200
1339327.3.peg.1777.site.1, 4, 135, 139
1339327.3.peg.1777.site.2, 0, 135, 135
1339327.3.peg.1777.site.3, 35, 133, 168
1339327.3.peg.1777.site.4, 0, 127, 127
1339327.3.peg.1777.site.5, 0, 135, 135
1339327.3.peg.1777.site.6, 29, 135, 164
1339327.3.peg.1777.site.7, 2, 134, 136
1339327.3.peg.1774.site.1, 3, 137, 140
1339327.3.peg.1774.site.2, 12, 136, 148
1339327.3.peg.1774.site.3, 26, 136, 162
1339327.3.peg.1774.site.4, 1, 135, 136
1339327.3.peg.1774.site.5, 6, 137, 143
1339327.3.peg.1774.site.6, 2, 136, 138
1339327.3.peg.1775.site.1, 62, 137, 199
1339327.3.peg.1775.site.2, 3, 135, 138
1339327.3.peg.1775.site.3, 3, 136, 139
1339327.3.peg.1775.site.4, 6, 136, 142
1339327.3.peg.1775.site.5, 45, 135, 180
1339327.3.peg.1775.site.6, 0, 136, 136
1339327.3.peg.1775.site.7, 1, 136, 137
1339327.3.peg.1775.site.8, 3, 137, 140
1339327.3.peg.1775.site.9, 23, 136, 159
1339327.3.peg.1775.site.10, 73, 136, 209
1339327.3.peg.1775.site.11, 3, 137, 140
1339327.3.peg.1775.site.12, 2, 137, 139
1339327.3.peg.1775.site.13, 4, 137, 141
1339327.3.peg.1775.site.14, 0, 137, 137
1339327.3.peg.1775.site.15, 2, 135, 137
1339327.3.peg.1775.site.16, 4, 134, 138
1339327.3.peg.1775.site.17, 129, 129, 258
1339327.3.peg.1775.site.18, 4, 136, 140
1339327.3.peg.1775.site.19, 0, 133, 133
1339327.3.peg.1772.site.1, 123, 137, 260
1339327.3.peg.1772.site.2, 1, 137, 138
1339327.3.peg.1772.site.3, 122, 136, 258
1339327.3.peg.1772.site.4, 0, 135, 135
1339327.3.peg.1772.site.5, 115, 133, 248
1339327.3.peg.1772.site.6, 89, 132, 221
1339327.3.peg.1773.site.1, 3, 135, 138
1339327.3.peg.1773.site.2, 2, 135, 137
1339327.3.peg.1773.site.3, 0, 133, 133
1339327.3.peg.1773.site.4, 1, 137, 138
1339327.3.peg.1773.site.5, 1, 136, 137
1339327.3.peg.1773.site.6, 16, 135, 151
1339327.3.peg.1773.site.7, 5, 137, 142
1339327.3.peg.1773.site.8, 15, 135, 150
1339327.3.peg.1773.site.9, 0, 135, 135
1339327.3.peg.1773.site.10, 3, 136, 139
1339327.3.peg.1773.site.11, 1, 137, 138
1339327.3.peg.1770.site.1, 119, 137, 256
1339327.3.peg.1770.site.2, 1, 136, 137
1339327.3.peg.1770.site.3, 51, 137, 188
1339327.3.peg.1770.site.4, 0, 135, 135
1339327.3.peg.1771.site.1, 19, 136, 155
1339327.3.peg.1771.site.2, 21, 136, 157
1339327.3.peg.1771.site.3, 39, 135, 174
1339327.3.peg.1771.site.4, 31, 136, 167
1339327.3.peg.1771.site.5, 47, 135, 182
1339327.3.peg.1771.site.6, 0, 137, 137
1339327.3.peg.1771.site.7, 3, 136, 139
1339327.3.peg.4538.site.1, 6, 134, 140
1339327.3.peg.4538.site.2, 3, 135, 138
1339327.3.peg.4538.site.3, 6, 132, 138
1339327.3.peg.4538.site.4, 12, 134, 146
1339327.3.peg.4538.site.5, 1, 134, 135
1339327.3.peg.4538.site.6, 127, 135, 262
1339327.3.peg.4538.site.7, 8, 134, 142
1339327.3.peg.2391.site.1, 3, 133, 136
1339327.3.peg.2391.site.2, 8, 134, 142
1339327.3.peg.2391.site.3, 57, 136, 193
1339327.3.peg.2391.site.4, 55, 137, 192
1339327.3.peg.2391.site.5, 1, 135, 136
1339327.3.peg.2391.site.6, 2, 134, 136
1339327.3.peg.2391.site.7, 99, 135, 234
1339327.3.peg.2391.site.8, 5, 135, 140
1339327.3.peg.2391.site.9, 7, 136, 143
1339327.3.peg.2391.site.10, 13, 136, 149
1339327.3.peg.2391.site.11, 2, 133, 135
1339327.3.peg.2391.site.12, 2, 135, 137
1339327.3.peg.2391.site.13, 2, 135, 137
1339327.3.peg.2391.site.14, 49, 133, 182
1339327.3.peg.2390.site.1, 5, 134, 139
1339327.3.peg.2390.site.2, 2, 136, 138
1339327.3.peg.2390.site.3, 3, 136, 139
1339327.3.peg.2390.site.4, 4, 135, 139
1339327.3.peg.2393.site.1, 3, 134, 137
1339327.3.peg.2393.site.2, 8, 136, 144
1339327.3.peg.2393.site.3, 1, 136, 137
1339327.3.peg.2393.site.4, 5, 136, 141
1339327.3.peg.2393.site.5, 38, 134, 172
1339327.3.peg.2393.site.6, 0, 134, 134
1339327.3.peg.2393.site.7, 1, 136, 137
1339327.3.peg.2393.site.8, 2, 124, 126
1339327.3.peg.2393.site.9, 51, 109, 160
1339327.3.peg.2393.site.10, 0, 132, 132
1339327.3.peg.2393.site.11, 22, 102, 124
1339327.3.peg.2393.site.12, 0, 117, 117
1339327.3.peg.2393.site.13, 10, 125, 135
1339327.3.peg.2393.site.14, 0, 135, 135
1339327.3.peg.2393.site.15, 107, 124, 231
1339327.3.peg.2393.site.16, 16, 124, 140
1339327.3.peg.2392.site.1, 85, 136, 221
1339327.3.peg.2392.site.2, 1, 137, 138
1339327.3.peg.2392.site.3, 3, 136, 139
1339327.3.peg.2392.site.4, 3, 136, 139
1339327.3.peg.2392.site.5, 8, 135, 143
1339327.3.peg.2392.site.6, 52, 136, 188
1339327.3.peg.2392.site.7, 23, 134, 157
1339327.3.peg.2392.site.8, 1, 135, 136
1339327.3.peg.2392.site.9, 5, 136, 141
1339327.3.peg.2392.site.10, 3, 134, 137
1339327.3.peg.2392.site.11, 3, 137, 140
1339327.3.peg.2397.site.1, 70, 119, 189
1339327.3.peg.2397.site.2, 4, 128, 132
1339327.3.peg.2397.site.3, 3, 127, 130
1339327.3.peg.2397.site.4, 1, 125, 126
1339327.3.peg.2397.site.5, 0, 128, 128
1339327.3.peg.2397.site.6, 1, 130, 131
1339327.3.peg.2397.site.7, 3, 129, 132
1339327.3.peg.2397.site.8, 41, 125, 166
1339327.3.peg.2397.site.9, 55, 129, 184
1339327.3.peg.2397.site.10, 27, 130, 157
1339327.3.peg.2397.site.11, 4, 130, 134
1339327.3.peg.2397.site.12, 1, 130, 131
1339327.3.peg.2397.site.13, 31, 129, 160
1339327.3.peg.2397.site.14, 2, 126, 128
1339327.3.peg.2397.site.15, 31, 121, 152
1339327.3.peg.2397.site.16, 2, 108, 110
1339327.3.peg.2396.site.1, 12, 123, 135
1339327.3.peg.2396.site.2, 4, 123, 127
1339327.3.peg.2396.site.3, 1, 125, 126
1339327.3.peg.2396.site.4, 0, 123, 123
1339327.3.peg.2396.site.5, 22, 126, 148
1339327.3.peg.2396.site.6, 1, 126, 127
1339327.3.peg.2396.site.7, 1, 123, 124
1339327.3.peg.2396.site.8, 1, 125, 126
1339327.3.peg.2396.site.9, 1, 128, 129
1339327.3.peg.2396.site.10, 1, 130, 131
1339327.3.peg.2396.site.11, 1, 131, 132
1339327.3.peg.2396.site.12, 1, 129, 130
1339327.3.peg.2396.site.13, 1, 130, 131
1339327.3.peg.2396.site.14, 0, 127, 127
1339327.3.peg.2396.site.15, 1, 130, 131
1339327.3.peg.2396.site.16, 64, 127, 191
1339327.3.peg.3730.site.1, 0, 135, 135
1339327.3.peg.3730.site.2, 8, 134, 142
1339327.3.peg.3731.site.1, 85, 136, 221
1339327.3.peg.3731.site.2, 77, 135, 212
1339327.3.peg.3731.site.3, 0, 136, 136
1339327.3.peg.3731.site.4, 80, 135, 215
1339327.3.peg.3731.site.5, 12, 136, 148
1339327.3.peg.3731.site.6, 1, 134, 135
1339327.3.peg.3731.site.7, 113, 132, 245
1339327.3.peg.3731.site.8, 104, 136, 240
1339327.3.peg.3731.site.9, 8, 134, 142
1339327.3.peg.3731.site.10, 35, 135, 170
1339327.3.peg.3731.site.11, 70, 135, 205
1339327.3.peg.3731.site.12, 0, 137, 137
1339327.3.peg.3731.site.13, 8, 137, 145
1339327.3.peg.3731.site.14, 4, 136, 140
1339327.3.peg.3731.site.15, 1, 136, 137
1339327.3.peg.3731.site.16, 0, 135, 135
1339327.3.peg.3731.site.17, 4, 137, 141
1339327.3.peg.3731.site.18, 0, 135, 135
1339327.3.peg.3731.site.19, 1, 135, 136
1339327.3.peg.3731.site.20, 7, 136, 143
1339327.3.peg.3731.site.21, 6, 137, 143
1339327.3.peg.3731.site.22, 4, 135, 139
1339327.3.peg.3731.site.23, 3, 135, 138
1339327.3.peg.3731.site.24, 23, 136, 159
1339327.3.peg.3731.site.25, 4, 134, 138
1339327.3.peg.3731.site.26, 49, 133, 182
1339327.3.peg.3732.site.1, 86, 134, 220
1339327.3.peg.3733.site.1, 9, 137, 146
1339327.3.peg.3733.site.2, 93, 137, 230
1339327.3.peg.3733.site.3, 3, 134, 137
1339327.3.peg.3733.site.4, 8, 137, 145
1339327.3.peg.3733.site.5, 1, 136, 137
1339327.3.peg.3733.site.6, 125, 137, 262
1339327.3.peg.3733.site.7, 3, 136, 139
1339327.3.peg.3733.site.8, 3, 135, 138
1339327.3.peg.3733.site.9, 3, 134, 137
1339327.3.peg.3733.site.10, 128, 135, 263
1339327.3.peg.3733.site.11, 76, 134, 210
1339327.3.peg.3733.site.12, 0, 127, 127
1339327.3.peg.3733.site.13, 1, 133, 134
1339327.3.peg.3733.site.14, 1, 136, 137
1339327.3.peg.3733.site.15, 50, 136, 186
1339327.3.peg.3733.site.16, 24, 136, 160
1339327.3.peg.3733.site.17, 1, 137, 138
1339327.3.peg.3733.site.18, 3, 137, 140
1339327.3.peg.3734.site.1, 0, 134, 134
1339327.3.peg.3734.site.2, 8, 135, 143
1339327.3.peg.3734.site.3, 10, 136, 146
1339327.3.peg.3734.site.4, 24, 137, 161
1339327.3.peg.3734.site.5, 29, 135, 164
1339327.3.peg.3734.site.6, 20, 134, 154
1339327.3.peg.3734.site.7, 2, 136, 138
1339327.3.peg.3734.site.8, 6, 137, 143
1339327.3.peg.3734.site.9, 3, 136, 139
1339327.3.peg.3735.site.1, 102, 136, 238
1339327.3.peg.3735.site.2, 11, 135, 146
1339327.3.peg.3735.site.3, 23, 136, 159
1339327.3.peg.3735.site.4, 7, 134, 141
1339327.3.peg.3735.site.5, 1, 135, 136
1339327.3.peg.3736.site.1, 0, 120, 120
1339327.3.peg.3736.site.2, 0, 129, 129
1339327.3.peg.3736.site.3, 1, 130, 131
1339327.3.peg.3736.site.4, 0, 133, 133
1339327.3.peg.3736.site.5, 24, 135, 159
1339327.3.peg.3736.site.6, 13, 135, 148
1339327.3.peg.3736.site.7, 1, 136, 137
1339327.3.peg.3736.site.8, 11, 134, 145
1339327.3.peg.3737.site.1, 17, 135, 152
1339327.3.peg.3737.site.2, 2, 131, 133
1339327.3.peg.3737.site.3, 20, 133, 153
1339327.3.peg.3737.site.4, 3, 136, 139
1339327.3.peg.3737.site.5, 5, 136, 141
1339327.3.peg.3737.site.6, 6, 137, 143
1339327.3.peg.3738.site.1, 0, 136, 136
1339327.3.peg.3738.site.2, 3, 134, 137
1339327.3.peg.3738.site.3, 18, 136, 154
1339327.3.peg.3738.site.4, 3, 125, 128
1339327.3.peg.3738.site.5, 11, 137, 148
1339327.3.peg.3738.site.6, 3, 137, 140
1339327.3.peg.3738.site.7, 2, 134, 136
1339327.3.peg.3738.site.8, 20, 136, 156
1339327.3.peg.3739.site.1, 2, 136, 138
1339327.3.peg.3739.site.2, 21, 136, 157
1339327.3.peg.3739.site.3, 14, 135, 149
1339327.3.peg.3739.site.4, 40, 137, 177
1339327.3.peg.3739.site.5, 0, 136, 136
1339327.3.peg.3739.site.6, 2, 136, 138
1339327.3.peg.1602.site.1, 40, 132, 172
1339327.3.peg.1602.site.2, 8, 135, 143
1339327.3.peg.1603.site.1, 41, 134, 175
1339327.3.peg.1603.site.2, 107, 136, 243
1339327.3.peg.1603.site.3, 0, 135, 135
1339327.3.peg.1603.site.4, 0, 137, 137
1339327.3.peg.1603.site.5, 2, 137, 139
1339327.3.peg.1603.site.6, 0, 136, 136
1339327.3.peg.1603.site.7, 1, 137, 138
1339327.3.peg.1603.site.8, 0, 135, 135
1339327.3.peg.1603.site.9, 1, 137, 138
1339327.3.peg.1603.site.10, 1, 137, 138
1339327.3.peg.1603.site.11, 64, 137, 201
1339327.3.peg.1603.site.12, 131, 137, 268
1339327.3.peg.1603.site.13, 5, 136, 141
1339327.3.peg.1603.site.14, 1, 134, 135
1339327.3.peg.2159.site.1, 2, 110, 112
1339327.3.peg.2159.site.2, 7, 109, 116
1339327.3.peg.2159.site.3, 2, 108, 110
1339327.3.peg.2159.site.4, 2, 107, 109
1339327.3.peg.2159.site.5, 11, 105, 116
1339327.3.peg.2159.site.6, 1, 102, 103
1339327.3.peg.2159.site.7, 9, 115, 124
1339327.3.peg.2159.site.8, 1, 117, 118
1339327.3.peg.2159.site.9, 9, 118, 127
1339327.3.peg.2159.site.10, 35, 122, 157
1339327.3.peg.2159.site.11, 1, 129, 130
1339327.3.peg.2159.site.12, 5, 133, 138
1339327.3.peg.2159.site.13, 7, 135, 142
1339327.3.peg.2159.site.14, 0, 135, 135
1339327.3.peg.2159.site.15, 4, 132, 136
1339327.3.peg.2159.site.16, 101, 130, 231
1339327.3.peg.2159.site.17, 4, 131, 135
1339327.3.peg.2159.site.18, 6, 129, 135
1339327.3.peg.2159.site.19, 10, 130, 140
1339327.3.peg.2159.site.20, 3, 129, 132
1339327.3.peg.2159.site.21, 1, 125, 126
1339327.3.peg.2159.site.22, 1, 132, 133
1339327.3.peg.2159.site.23, 1, 130, 131
1339327.3.peg.2159.site.24, 1, 129, 130
1339327.3.peg.2159.site.25, 20, 126, 146
1339327.3.peg.2159.site.26, 21, 126, 147
1339327.3.peg.2159.site.27, 2, 131, 133
1339327.3.peg.2159.site.28, 74, 130, 204
1339327.3.peg.2159.site.29, 1, 133, 134
1339327.3.peg.2159.site.30, 9, 136, 145
1339327.3.peg.2159.site.31, 10, 136, 146
1339327.3.peg.2159.site.32, 63, 133, 196
1339327.3.peg.2158.site.1, 1, 135, 136
1339327.3.peg.2158.site.2, 1, 134, 135
1339327.3.peg.2158.site.3, 2, 136, 138
1339327.3.peg.2158.site.4, 1, 136, 137
1339327.3.peg.2158.site.5, 16, 136, 152
1339327.3.peg.2158.site.6, 1, 135, 136
1339327.3.peg.2158.site.7, 127, 134, 261
1339327.3.peg.2158.site.8, 9, 132, 141
1339327.3.peg.2158.site.9, 2, 130, 132
1339327.3.peg.2158.site.10, 15, 132, 147
1339327.3.peg.2158.site.11, 7, 132, 139
1339327.3.peg.2158.site.12, 1, 131, 132
1339327.3.peg.2158.site.13, 8, 128, 136
1339327.3.peg.2158.site.14, 3, 116, 119
1339327.3.peg.1606.site.1, 1, 135, 136
1339327.3.peg.1606.site.2, 3, 135, 138
1339327.3.peg.1606.site.3, 2, 136, 138
1339327.3.peg.1606.site.4, 3, 136, 139
1339327.3.peg.1606.site.5, 1, 137, 138
1339327.3.peg.1606.site.6, 1, 136, 137
1339327.3.peg.1606.site.7, 0, 135, 135
1339327.3.peg.1606.site.8, 4, 134, 138
1339327.3.peg.1606.site.9, 4, 136, 140
1339327.3.peg.1607.site.1, 6, 135, 141
1339327.3.peg.1607.site.2, 3, 137, 140
1339327.3.peg.1607.site.3, 5, 136, 141
1339327.3.peg.1607.site.4, 25, 135, 160
1339327.3.peg.1607.site.5, 52, 136, 188
1339327.3.peg.1607.site.6, 25, 136, 161
1339327.3.peg.1607.site.7, 0, 135, 135
1339327.3.peg.1607.site.8, 3, 133, 136
1339327.3.peg.1607.site.9, 29, 134, 163
1339327.3.peg.1607.site.10, 30, 135, 165
1339327.3.peg.1607.site.11, 31, 133, 164
1339327.3.peg.1607.site.12, 3, 137, 140
1339327.3.peg.1607.site.13, 4, 137, 141
1339327.3.peg.1607.site.14, 77, 136, 213
1339327.3.peg.1607.site.15, 76, 137, 213
1339327.3.peg.1607.site.16, 49, 137, 186
1339327.3.peg.1607.site.17, 0, 136, 136
1339327.3.peg.1607.site.18, 3, 136, 139
1339327.3.peg.1607.site.19, 71, 137, 208
1339327.3.peg.1607.site.20, 60, 137, 197
1339327.3.peg.1607.site.21, 136, 136, 272
1339327.3.peg.1607.site.22, 2, 136, 138
1339327.3.peg.1607.site.23, 66, 134, 200
1339327.3.peg.1607.site.24, 2, 136, 138
1339327.3.peg.1607.site.25, 69, 134, 203
1339327.3.peg.1607.site.26, 1, 136, 137
1339327.3.peg.1607.site.27, 48, 135, 183
1339327.3.peg.1607.site.28, 115, 135, 250
1339327.3.peg.1607.site.29, 3, 134, 137
1339327.3.peg.1607.site.30, 3, 136, 139
1339327.3.peg.1607.site.31, 4, 136, 140
1339327.3.peg.1607.site.32, 0, 135, 135
1339327.3.peg.1607.site.33, 2, 136, 138
1339327.3.peg.1607.site.34, 16, 137, 153
1339327.3.peg.1607.site.35, 30, 137, 167
1339327.3.peg.1607.site.36, 70, 136, 206
1339327.3.peg.1607.site.37, 3, 137, 140
1339327.3.peg.1607.site.38, 8, 137, 145
1339327.3.peg.1607.site.39, 78, 136, 214
1339327.3.peg.1607.site.40, 2, 135, 137
1339327.3.peg.1607.site.41, 128, 134, 262
1339327.3.peg.1607.site.42, 3, 135, 138
1339327.3.peg.1604.site.1, 5, 134, 139
1339327.3.peg.1604.site.2, 14, 137, 151
1339327.3.peg.1604.site.3, 1, 134, 135
1339327.3.peg.1604.site.4, 0, 135, 135
1339327.3.peg.1604.site.5, 6, 136, 142
1339327.3.peg.1604.site.6, 44, 137, 181
1339327.3.peg.1604.site.7, 4, 134, 138
1339327.3.peg.1604.site.8, 54, 134, 188
1339327.3.peg.1604.site.9, 2, 135, 137
1339327.3.peg.1604.site.10, 1, 137, 138
1339327.3.peg.1604.site.11, 39, 137, 176
1339327.3.peg.1604.site.12, 14, 136, 150
1339327.3.peg.1604.site.13, 25, 135, 160
1339327.3.peg.1604.site.14, 5, 135, 140
1339327.3.peg.1604.site.15, 1, 136, 137
1339327.3.peg.1605.site.1, 3, 137, 140
1339327.3.peg.1605.site.2, 7, 136, 143
1339327.3.peg.1605.site.3, 0, 136, 136
1339327.3.peg.1605.site.4, 0, 136, 136
1339327.3.peg.1605.site.5, 69, 137, 206
1339327.3.peg.1605.site.6, 67, 137, 204
1339327.3.peg.1605.site.7, 2, 136, 138
1339327.3.peg.1605.site.8, 3, 135, 138
1339327.3.peg.2152.site.1, 1, 135, 136
1339327.3.peg.2152.site.2, 14, 136, 150
1339327.3.peg.2152.site.3, 2, 137, 139
1339327.3.peg.2152.site.4, 2, 137, 139
1339327.3.peg.2152.site.5, 36, 136, 172
1339327.3.peg.2152.site.6, 50, 135, 185
1339327.3.peg.2152.site.7, 1, 134, 135
1339327.3.peg.2152.site.8, 1, 134, 135
1339327.3.peg.2152.site.9, 2, 134, 136
1339327.3.peg.2152.site.10, 2, 136, 138
1339327.3.peg.2152.site.11, 9, 136, 145
1339327.3.peg.2152.site.12, 2, 136, 138
1339327.3.peg.2152.site.13, 20, 136, 156
1339327.3.peg.2152.site.14, 2, 136, 138
1339327.3.peg.2152.site.15, 2, 135, 137
1339327.3.peg.2152.site.16, 2, 137, 139
1339327.3.peg.2152.site.17, 0, 137, 137
1339327.3.peg.2152.site.18, 90, 136, 226
1339327.3.peg.2152.site.19, 2, 135, 137
1339327.3.peg.2152.site.20, 67, 133, 200
1339327.3.peg.2152.site.21, 9, 135, 144
1339327.3.peg.2152.site.22, 1, 136, 137
1339327.3.peg.2152.site.23, 1, 135, 136
1339327.3.peg.2152.site.24, 7, 137, 144
1339327.3.peg.2152.site.25, 3, 137, 140
1339327.3.peg.2152.site.26, 8, 135, 143
1339327.3.peg.2152.site.27, 6, 136, 142
1339327.3.peg.2152.site.28, 2, 136, 138
1339327.3.peg.2152.site.29, 2, 135, 137
1339327.3.peg.2152.site.30, 123, 136, 259
1339327.3.peg.2152.site.31, 4, 134, 138
1339327.3.peg.2152.site.32, 77, 131, 208
1339327.3.peg.1608.site.1, 130, 136, 266
1339327.3.peg.1608.site.2, 0, 136, 136
1339327.3.peg.1608.site.3, 1, 137, 138
1339327.3.peg.1608.site.4, 20, 136, 156
1339327.3.peg.2150.site.1, 0, 117, 117
1339327.3.peg.2150.site.2, 0, 136, 136
1339327.3.peg.2150.site.3, 5, 136, 141
1339327.3.peg.2150.site.4, 38, 136, 174
1339327.3.peg.2150.site.5, 78, 137, 215
1339327.3.peg.2150.site.6, 0, 136, 136
1339327.3.peg.2150.site.7, 21, 136, 157
1339327.3.peg.2150.site.8, 36, 136, 172
1339327.3.peg.2150.site.9, 3, 136, 139
1339327.3.peg.2150.site.10, 5, 136, 141
1339327.3.peg.2157.site.1, 0, 133, 133
1339327.3.peg.2157.site.2, 5, 136, 141
1339327.3.peg.2157.site.3, 2, 131, 133
1339327.3.peg.2157.site.4, 0, 135, 135
1339327.3.peg.2157.site.5, 16, 135, 151
1339327.3.peg.2157.site.6, 37, 134, 171
1339327.3.peg.2157.site.7, 1, 129, 130
1339327.3.peg.2157.site.8, 1, 133, 134
1339327.3.peg.2157.site.9, 35, 132, 167
1339327.3.peg.2157.site.10, 1, 130, 131
1339327.3.peg.2157.site.11, 12, 133, 145
1339327.3.peg.2157.site.12, 20, 130, 150
1339327.3.peg.2157.site.13, 3, 131, 134
1339327.3.peg.2157.site.14, 1, 132, 133
1339327.3.peg.2157.site.15, 21, 131, 152
1339327.3.peg.2157.site.16, 11, 135, 146
1339327.3.peg.2157.site.17, 120, 134, 254
1339327.3.peg.2157.site.18, 2, 136, 138
1339327.3.peg.2157.site.19, 1, 136, 137
1339327.3.peg.2157.site.20, 8, 136, 144
1339327.3.peg.2157.site.21, 43, 133, 176
1339327.3.peg.2157.site.22, 0, 133, 133
1339327.3.peg.2157.site.23, 3, 134, 137
1339327.3.peg.2156.site.1, 27, 136, 163
1339327.3.peg.2156.site.2, 0, 135, 135
1339327.3.peg.2156.site.3, 0, 134, 134
1339327.3.peg.2156.site.4, 1, 137, 138
1339327.3.peg.2156.site.5, 3, 135, 138
1339327.3.peg.2156.site.6, 1, 136, 137
1339327.3.peg.2156.site.7, 13, 136, 149
1339327.3.peg.2156.site.8, 2, 137, 139
1339327.3.peg.2156.site.9, 0, 135, 135
1339327.3.peg.2156.site.10, 42, 135, 177
1339327.3.peg.2156.site.11, 5, 133, 138
1339327.3.peg.2156.site.12, 12, 134, 146
1339327.3.peg.2156.site.13, 4, 135, 139
1339327.3.peg.2156.site.14, 0, 136, 136
1339327.3.peg.2156.site.15, 3, 134, 137
1339327.3.peg.2156.site.16, 2, 129, 131
1339327.3.peg.2156.site.17, 62, 136, 198
1339327.3.peg.2156.site.18, 16, 135, 151
1339327.3.peg.2156.site.19, 45, 134, 179
1339327.3.peg.2156.site.20, 8, 135, 143
1339327.3.peg.2156.site.21, 54, 131, 185
1339327.3.peg.2156.site.22, 87, 133, 220
1339327.3.peg.2156.site.23, 15, 135, 150
1339327.3.peg.2156.site.24, 4, 134, 138
1339327.3.peg.2155.site.1, 2, 126, 128
1339327.3.peg.2155.site.2, 1, 135, 136
1339327.3.peg.2155.site.3, 1, 136, 137
1339327.3.peg.2155.site.4, 0, 137, 137
1339327.3.peg.2154.site.1, 0, 134, 134
1339327.3.peg.2154.site.2, 27, 137, 164
1339327.3.peg.2154.site.3, 0, 135, 135
1339327.3.peg.2154.site.4, 3, 136, 139
1339327.3.peg.2154.site.5, 0, 137, 137
1339327.3.peg.2154.site.6, 110, 136, 246
1339327.3.peg.2154.site.7, 1, 136, 137
1339327.3.peg.2154.site.8, 15, 136, 151
1339327.3.peg.2154.site.9, 3, 137, 140
1339327.3.peg.2154.site.10, 0, 136, 136
1339327.3.peg.2154.site.11, 6, 137, 143
1339327.3.peg.2154.site.12, 91, 134, 225
1339327.3.peg.2154.site.13, 11, 137, 148
1339327.3.peg.2154.site.14, 5, 137, 142
1339327.3.peg.2154.site.15, 3, 137, 140
1339327.3.peg.2154.site.16, 28, 136, 164
1339327.3.peg.2154.site.17, 0, 135, 135
1339327.3.peg.2154.site.18, 10, 135, 145
1339327.3.peg.2154.site.19, 0, 136, 136
1339327.3.peg.2154.site.20, 0, 136, 136
1339327.3.peg.3604.site.1, 2, 132, 134
1339327.3.peg.3604.site.2, 83, 132, 215
1339327.3.peg.3604.site.3, 67, 131, 198
1339327.3.peg.3604.site.4, 1, 134, 135
1339327.3.peg.3604.site.5, 0, 132, 132
1339327.3.peg.3604.site.6, 0, 131, 131
1339327.3.peg.3604.site.7, 2, 130, 132
1339327.3.peg.3604.site.8, 0, 130, 130
1339327.3.peg.3604.site.9, 8, 132, 140
1339327.3.peg.3604.site.10, 3, 134, 137
1339327.3.peg.3604.site.11, 4, 134, 138
1339327.3.peg.3604.site.12, 0, 135, 135
1339327.3.peg.3605.site.1, 0, 134, 134
1339327.3.peg.3605.site.2, 0, 135, 135
1339327.3.peg.3605.site.3, 0, 137, 137
1339327.3.peg.3605.site.4, 5, 135, 140
1339327.3.peg.3606.site.1, 27, 136, 163
1339327.3.peg.3606.site.2, 3, 134, 137
1339327.3.peg.3606.site.3, 40, 130, 170
1339327.3.peg.3606.site.4, 15, 100, 115
1339327.3.peg.3606.site.5, 2, 85, 87
1339327.3.peg.3606.site.6, 4, 101, 105
1339327.3.peg.3606.site.7, 38, 117, 155
1339327.3.peg.3607.site.1, 4, 133, 137
1339327.3.peg.3607.site.2, 49, 135, 184
1339327.3.peg.3607.site.3, 11, 135, 146
1339327.3.peg.3607.site.4, 39, 135, 174
1339327.3.peg.3607.site.5, 1, 134, 135
1339327.3.peg.3607.site.6, 0, 134, 134
1339327.3.peg.3607.site.7, 0, 135, 135
1339327.3.peg.3607.site.8, 3, 135, 138
1339327.3.peg.3607.site.9, 1, 135, 136
1339327.3.peg.3607.site.10, 1, 132, 133
1339327.3.peg.3607.site.11, 87, 133, 220
1339327.3.peg.3607.site.12, 2, 133, 135
1339327.3.peg.3607.site.13, 44, 134, 178
1339327.3.peg.3607.site.14, 61, 133, 194
1339327.3.peg.3607.site.15, 2, 131, 133
1339327.3.peg.3600.site.1, 25, 137, 162
1339327.3.peg.3600.site.2, 2, 137, 139
1339327.3.peg.3600.site.3, 28, 137, 165
1339327.3.peg.3600.site.4, 2, 137, 139
1339327.3.peg.3600.site.5, 29, 136, 165
1339327.3.peg.3600.site.6, 18, 134, 152
1339327.3.peg.3600.site.7, 31, 137, 168
1339327.3.peg.3600.site.8, 26, 133, 159
1339327.3.peg.3600.site.9, 0, 137, 137
1339327.3.peg.3600.site.10, 10, 135, 145
1339327.3.peg.3600.site.11, 0, 135, 135
1339327.3.peg.3600.site.12, 3, 134, 137
1339327.3.peg.3600.site.13, 99, 136, 235
1339327.3.peg.3600.site.14, 4, 134, 138
1339327.3.peg.3600.site.15, 3, 132, 135
1339327.3.peg.3600.site.16, 38, 131, 169
1339327.3.peg.3600.site.17, 99, 135, 234
1339327.3.peg.3600.site.18, 0, 136, 136
1339327.3.peg.3600.site.19, 3, 136, 139
1339327.3.peg.3600.site.20, 41, 135, 176
1339327.3.peg.3600.site.21, 55, 135, 190
1339327.3.peg.3600.site.22, 0, 135, 135
1339327.3.peg.3600.site.23, 5, 134, 139
1339327.3.peg.3600.site.24, 1, 135, 136
1339327.3.peg.3600.site.25, 1, 137, 138
1339327.3.peg.3600.site.26, 5, 136, 141
1339327.3.peg.3600.site.27, 1, 137, 138
1339327.3.peg.3600.site.28, 4, 135, 139
1339327.3.peg.3600.site.29, 3, 136, 139
1339327.3.peg.3600.site.30, 6, 136, 142
1339327.3.peg.3600.site.31, 11, 135, 146
1339327.3.peg.3600.site.32, 31, 137, 168
1339327.3.peg.3600.site.33, 114, 137, 251
1339327.3.peg.3600.site.34, 4, 136, 140
1339327.3.peg.3600.site.35, 0, 136, 136
1339327.3.peg.3600.site.36, 1, 137, 138
1339327.3.peg.3601.site.1, 3, 136, 139
1339327.3.peg.3601.site.2, 9, 136, 145
1339327.3.peg.3601.site.3, 0, 137, 137
1339327.3.peg.3601.site.4, 7, 135, 142
1339327.3.peg.3601.site.5, 26, 135, 161
1339327.3.peg.3601.site.6, 6, 135, 141
1339327.3.peg.3601.site.7, 115, 135, 250
1339327.3.peg.3601.site.8, 5, 137, 142
1339327.3.peg.3601.site.9, 1, 135, 136
1339327.3.peg.3601.site.10, 1, 133, 134
1339327.3.peg.3601.site.11, 0, 131, 131
1339327.3.peg.3601.site.12, 53, 131, 184
1339327.3.peg.3602.site.1, 53, 135, 188
1339327.3.peg.3602.site.2, 84, 135, 219
1339327.3.peg.3602.site.3, 51, 134, 185
1339327.3.peg.3602.site.4, 23, 135, 158
1339327.3.peg.3602.site.5, 1, 136, 137
1339327.3.peg.3602.site.6, 30, 137, 167
1339327.3.peg.3602.site.7, 4, 135, 139
1339327.3.peg.3602.site.8, 29, 134, 163
1339327.3.peg.3602.site.9, 42, 133, 175
1339327.3.peg.3602.site.10, 90, 133, 223
1339327.3.peg.3602.site.11, 2, 137, 139
1339327.3.peg.3602.site.12, 3, 136, 139
1339327.3.peg.3602.site.13, 111, 135, 246
1339327.3.peg.3602.site.14, 33, 137, 170
1339327.3.peg.3602.site.15, 2, 137, 139
1339327.3.peg.3602.site.16, 3, 136, 139
1339327.3.peg.3602.site.17, 36, 136, 172
1339327.3.peg.3602.site.18, 26, 133, 159
1339327.3.peg.3602.site.19, 1, 132, 133
1339327.3.peg.3602.site.20, 1, 136, 137
1339327.3.peg.3602.site.21, 3, 136, 139
1339327.3.peg.3603.site.1, 63, 131, 194
1339327.3.peg.3603.site.2, 79, 134, 213
1339327.3.peg.3603.site.3, 81, 133, 214
1339327.3.peg.3603.site.4, 63, 131, 194
1339327.3.peg.3603.site.5, 26, 136, 162
1339327.3.peg.3603.site.6, 2, 136, 138
1339327.3.peg.3603.site.7, 0, 136, 136
1339327.3.peg.3603.site.8, 1, 137, 138
1339327.3.peg.3603.site.9, 9, 137, 146
1339327.3.peg.3603.site.10, 1, 132, 133
1339327.3.peg.3603.site.11, 88, 132, 220
1339327.3.peg.3608.site.1, 8, 135, 143
1339327.3.peg.3608.site.2, 8, 133, 141
1339327.3.peg.3608.site.3, 36, 135, 171
1339327.3.peg.3608.site.4, 0, 135, 135
1339327.3.peg.3608.site.5, 25, 134, 159
1339327.3.peg.3608.site.6, 8, 132, 140
1339327.3.peg.3608.site.7, 1, 135, 136
1339327.3.peg.3608.site.8, 101, 133, 234
1339327.3.peg.3608.site.9, 35, 133, 168
1339327.3.peg.3608.site.10, 1, 134, 135
1339327.3.peg.3608.site.11, 9, 135, 144
1339327.3.peg.3608.site.12, 0, 134, 134
1339327.3.peg.3608.site.13, 52, 135, 187
1339327.3.peg.3608.site.14, 1, 134, 135
1339327.3.peg.3608.site.15, 0, 135, 135
1339327.3.peg.3608.site.16, 0, 133, 133
1339327.3.peg.3608.site.17, 35, 128, 163
1339327.3.peg.3608.site.18, 0, 134, 134
1339327.3.peg.5060.site.1, 2, 136, 138
1339327.3.peg.5060.site.2, 5, 137, 142
1339327.3.peg.5060.site.3, 94, 137, 231
1339327.3.peg.5060.site.4, 46, 137, 183
1339327.3.peg.5060.site.5, 3, 137, 140
1339327.3.peg.5060.site.6, 0, 136, 136
1339327.3.peg.5060.site.7, 12, 135, 147
1339327.3.peg.5060.site.8, 3, 136, 139
1339327.3.peg.5060.site.9, 14, 135, 149
1339327.3.peg.5060.site.10, 27, 135, 162
1339327.3.peg.5060.site.11, 0, 135, 135
1339327.3.peg.5060.site.12, 29, 137, 166
1339327.3.peg.5060.site.13, 17, 136, 153
1339327.3.peg.5060.site.14, 13, 136, 149
1339327.3.peg.5060.site.15, 6, 137, 143
1339327.3.peg.5060.site.16, 0, 137, 137
1339327.3.peg.5060.site.17, 91, 136, 227
1339327.3.peg.5060.site.18, 49, 137, 186
1339327.3.peg.5060.site.19, 9, 137, 146
1339327.3.peg.5060.site.20, 34, 137, 171
1339327.3.peg.5060.site.21, 17, 137, 154
1339327.3.peg.5060.site.22, 10, 137, 147
1339327.3.peg.5060.site.23, 34, 137, 171
1339327.3.peg.5060.site.24, 0, 136, 136
1339327.3.peg.5060.site.25, 0, 135, 135
1339327.3.peg.5060.site.26, 7, 137, 144
1339327.3.peg.5060.site.27, 1, 137, 138
1339327.3.peg.5060.site.28, 30, 135, 165
1339327.3.peg.5060.site.29, 4, 136, 140
1339327.3.peg.5060.site.30, 4, 136, 140
1339327.3.peg.5060.site.31, 5, 135, 140
1339327.3.peg.5060.site.32, 5, 137, 142
1339327.3.peg.5060.site.33, 40, 137, 177
1339327.3.peg.5061.site.1, 7, 135, 142
1339327.3.peg.5061.site.2, 4, 135, 139
1339327.3.peg.5061.site.3, 3, 134, 137
1339327.3.peg.5061.site.4, 1, 137, 138
1339327.3.peg.5061.site.5, 9, 137, 146
1339327.3.peg.5061.site.6, 44, 136, 180
1339327.3.peg.5061.site.7, 7, 135, 142
1339327.3.peg.5061.site.8, 2, 134, 136
1339327.3.peg.5061.site.9, 0, 137, 137
1339327.3.peg.3743.site.1, 0, 132, 132
1339327.3.peg.3743.site.2, 2, 136, 138
1339327.3.peg.3743.site.3, 0, 136, 136
1339327.3.peg.3743.site.4, 24, 136, 160
1339327.3.peg.3743.site.5, 14, 135, 149
1339327.3.peg.5068.site.1, 3, 136, 139
1339327.3.peg.5068.site.2, 122, 136, 258
1339327.3.peg.5068.site.3, 0, 136, 136
1339327.3.peg.5068.site.4, 22, 135, 157
1339327.3.peg.5068.site.5, 71, 136, 207
1339327.3.peg.5068.site.6, 15, 137, 152
1339327.3.peg.5068.site.7, 13, 137, 150
1339327.3.peg.5068.site.8, 11, 134, 145
1339327.3.peg.5068.site.9, 4, 134, 138
1339327.3.peg.5068.site.10, 27, 134, 161
1339327.3.peg.5068.site.11, 34, 137, 171
1339327.3.peg.5068.site.12, 4, 133, 137
1339327.3.peg.5068.site.13, 9, 136, 145
1339327.3.peg.5068.site.14, 0, 136, 136
1339327.3.peg.5068.site.15, 7, 137, 144
1339327.3.peg.5068.site.16, 7, 136, 143
1339327.3.peg.5068.site.17, 126, 135, 261
1339327.3.peg.5068.site.18, 2, 136, 138
1339327.3.peg.5068.site.19, 108, 136, 244
1339327.3.peg.5068.site.20, 0, 136, 136
1339327.3.peg.5068.site.21, 0, 137, 137
1339327.3.peg.5068.site.22, 3, 135, 138
1339327.3.peg.5068.site.23, 0, 136, 136
1339327.3.peg.5068.site.24, 71, 134, 205
1339327.3.peg.5068.site.25, 13, 135, 148
1339327.3.peg.5068.site.26, 0, 137, 137
1339327.3.peg.5068.site.27, 1, 136, 137
1339327.3.peg.4494.site.1, 1, 136, 137
1339327.3.peg.4494.site.2, 3, 137, 140
1339327.3.peg.4494.site.3, 37, 137, 174
1339327.3.peg.4494.site.4, 25, 137, 162
1339327.3.peg.4494.site.5, 1, 136, 137
1339327.3.peg.4494.site.6, 8, 135, 143
1339327.3.peg.4494.site.7, 8, 136, 144
1339327.3.peg.4494.site.8, 78, 136, 214
1339327.3.peg.4494.site.9, 75, 136, 211
1339327.3.peg.4494.site.10, 0, 137, 137
1339327.3.peg.5069.site.1, 0, 137, 137
1339327.3.peg.5069.site.2, 4, 137, 141
1339327.3.peg.5069.site.3, 1, 136, 137
1339327.3.peg.5069.site.4, 1, 137, 138
1339327.3.peg.5069.site.5, 7, 135, 142
1339327.3.peg.5069.site.6, 2, 137, 139
1339327.3.peg.5069.site.7, 6, 137, 143
1339327.3.peg.5069.site.8, 0, 137, 137
1339327.3.peg.5069.site.9, 0, 137, 137
1339327.3.peg.5069.site.10, 37, 137, 174
1339327.3.peg.5069.site.11, 3, 137, 140
1339327.3.peg.5069.site.12, 0, 136, 136
1339327.3.peg.5069.site.13, 1, 137, 138
1339327.3.peg.5069.site.14, 31, 137, 168
1339327.3.peg.5069.site.15, 3, 137, 140
1339327.3.peg.5069.site.16, 4, 136, 140
1339327.3.peg.5069.site.17, 1, 136, 137
1339327.3.peg.5069.site.18, 10, 137, 147
1339327.3.peg.5069.site.19, 30, 137, 167
1339327.3.peg.5069.site.20, 5, 136, 141
1339327.3.peg.5069.site.21, 4, 137, 141
1339327.3.peg.5069.site.22, 4, 137, 141
1339327.3.peg.5069.site.23, 9, 137, 146
1339327.3.peg.4495.site.1, 109, 136, 245
1339327.3.peg.4495.site.2, 1, 136, 137
1339327.3.peg.4495.site.3, 2, 137, 139
1339327.3.peg.4495.site.4, 0, 136, 136
1339327.3.peg.4495.site.5, 27, 137, 164
1339327.3.peg.4495.site.6, 3, 137, 140
1339327.3.peg.4495.site.7, 2, 137, 139
1339327.3.peg.4495.site.8, 13, 135, 148
1339327.3.peg.4495.site.9, 42, 134, 176
1339327.3.peg.4495.site.10, 0, 136, 136
1339327.3.peg.4495.site.11, 18, 136, 154
1339327.3.peg.4495.site.12, 1, 137, 138
1339327.3.peg.4495.site.13, 3, 137, 140
1339327.3.peg.4495.site.14, 0, 137, 137
1339327.3.peg.4495.site.15, 3, 136, 139
1339327.3.peg.4495.site.16, 3, 137, 140
1339327.3.peg.4495.site.17, 1, 137, 138
1339327.3.peg.3543.site.1, 19, 135, 154
1339327.3.peg.3543.site.2, 3, 137, 140
1339327.3.peg.3543.site.3, 39, 137, 176
1339327.3.peg.3543.site.4, 1, 137, 138
1339327.3.peg.3543.site.5, 2, 135, 137
1339327.3.peg.3543.site.6, 2, 137, 139
1339327.3.peg.3543.site.7, 0, 135, 135
1339327.3.peg.3543.site.8, 22, 129, 151
1339327.3.peg.3543.site.9, 0, 123, 123
1339327.3.peg.3543.site.10, 3, 134, 137
1339327.3.peg.3543.site.11, 0, 135, 135
1339327.3.peg.3543.site.12, 5, 136, 141
1339327.3.peg.3543.site.13, 23, 136, 159
1339327.3.peg.3543.site.14, 117, 136, 253
1339327.3.peg.3543.site.15, 0, 137, 137
1339327.3.peg.3543.site.16, 46, 136, 182
1339327.3.peg.3543.site.17, 0, 137, 137
1339327.3.peg.3543.site.18, 8, 137, 145
1339327.3.peg.3543.site.19, 8, 136, 144
1339327.3.peg.3543.site.20, 15, 133, 148
1339327.3.peg.3543.site.21, 5, 135, 140
1339327.3.peg.3543.site.22, 0, 134, 134
1339327.3.peg.3543.site.23, 2, 135, 137
1339327.3.peg.3543.site.24, 43, 136, 179
1339327.3.peg.3543.site.25, 12, 136, 148
1339327.3.peg.3543.site.26, 5, 136, 141
1339327.3.peg.3543.site.27, 0, 134, 134
1339327.3.peg.3543.site.28, 3, 135, 138
1339327.3.peg.3543.site.29, 3, 136, 139
1339327.3.peg.3543.site.30, 3, 135, 138
1339327.3.peg.3543.site.31, 7, 137, 144
1339327.3.peg.3543.site.32, 0, 136, 136
1339327.3.peg.3543.site.33, 5, 137, 142
1339327.3.peg.3543.site.34, 0, 136, 136
1339327.3.peg.3543.site.35, 1, 136, 137
1339327.3.peg.3543.site.36, 41, 134, 175
1339327.3.peg.3518.site.1, 0, 124, 124
1339327.3.peg.3518.site.2, 0, 126, 126
1339327.3.peg.3518.site.3, 1, 123, 124
1339327.3.peg.3541.site.1, 0, 135, 135
1339327.3.peg.3541.site.2, 3, 136, 139
1339327.3.peg.3541.site.3, 2, 137, 139
1339327.3.peg.3541.site.4, 101, 134, 235
1339327.3.peg.3541.site.5, 18, 136, 154
1339327.3.peg.3541.site.6, 47, 137, 184
1339327.3.peg.3541.site.7, 22, 137, 159
1339327.3.peg.3541.site.8, 2, 136, 138
1339327.3.peg.3541.site.9, 127, 137, 264
1339327.3.peg.3541.site.10, 101, 136, 237
1339327.3.peg.3541.site.11, 2, 136, 138
1339327.3.peg.3541.site.12, 1, 136, 137
1339327.3.peg.3541.site.13, 3, 136, 139
1339327.3.peg.3541.site.14, 18, 136, 154
1339327.3.peg.3541.site.15, 15, 134, 149
1339327.3.peg.3541.site.16, 65, 135, 200
1339327.3.peg.3541.site.17, 0, 135, 135
1339327.3.peg.3540.site.1, 10, 135, 145
1339327.3.peg.3540.site.2, 11, 135, 146
1339327.3.peg.3540.site.3, 40, 135, 175
1339327.3.peg.3540.site.4, 0, 137, 137
1339327.3.peg.3540.site.5, 85, 136, 221
1339327.3.peg.3540.site.6, 2, 135, 137
1339327.3.peg.3540.site.7, 53, 133, 186
1339327.3.peg.3540.site.8, 40, 134, 174
1339327.3.peg.3540.site.9, 14, 135, 149
1339327.3.peg.3540.site.10, 14, 134, 148
1339327.3.peg.3540.site.11, 31, 135, 166
1339327.3.peg.3540.site.12, 6, 135, 141
1339327.3.peg.3540.site.13, 2, 134, 136
1339327.3.peg.3540.site.14, 2, 135, 137
1339327.3.peg.3540.site.15, 6, 135, 141
1339327.3.peg.3540.site.16, 4, 134, 138
1339327.3.peg.3540.site.17, 6, 135, 141
1339327.3.peg.3540.site.18, 7, 136, 143
1339327.3.peg.3540.site.19, 14, 136, 150
1339327.3.peg.3540.site.20, 11, 137, 148
1339327.3.peg.3540.site.21, 129, 137, 266
1339327.3.peg.3540.site.22, 118, 129, 247
1339327.3.peg.3540.site.23, 1, 136, 137
1339327.3.peg.3540.site.24, 2, 133, 135
1339327.3.peg.3540.site.25, 1, 120, 121
1339327.3.peg.3540.site.26, 0, 130, 130
1339327.3.peg.3048.site.1, 2, 135, 137
1339327.3.peg.3048.site.2, 19, 133, 152
1339327.3.peg.3048.site.3, 24, 130, 154
1339327.3.peg.3048.site.4, 0, 132, 132
1339327.3.peg.3048.site.5, 12, 134, 146
1339327.3.peg.3048.site.6, 2, 134, 136
1339327.3.peg.3048.site.7, 3, 134, 137
1339327.3.peg.3048.site.8, 4, 136, 140
1339327.3.peg.3048.site.9, 18, 135, 153
1339327.3.peg.3048.site.10, 25, 134, 159
1339327.3.peg.3048.site.11, 3, 137, 140
1339327.3.peg.3048.site.12, 2, 137, 139
1339327.3.peg.3048.site.13, 82, 137, 219
1339327.3.peg.3048.site.14, 16, 136, 152
1339327.3.peg.3049.site.1, 11, 128, 139
1339327.3.peg.3049.site.2, 0, 130, 130
1339327.3.peg.3049.site.3, 80, 127, 207
1339327.3.peg.3049.site.4, 9, 125, 134
1339327.3.peg.3049.site.5, 2, 99, 101
1339327.3.peg.3049.site.6, 0, 101, 101
1339327.3.peg.3049.site.7, 4, 135, 139
1339327.3.peg.3049.site.8, 2, 136, 138
1339327.3.peg.3049.site.9, 7, 137, 144
1339327.3.peg.3049.site.10, 6, 133, 139
1339327.3.peg.3047.site.1, 4, 134, 138
1339327.3.peg.3047.site.2, 102, 135, 237
1339327.3.peg.3047.site.3, 5, 134, 139
1339327.3.peg.3047.site.4, 1, 134, 135
1339327.3.peg.3047.site.5, 2, 136, 138
1339327.3.peg.3047.site.6, 0, 136, 136
1339327.3.peg.3047.site.7, 7, 137, 144
1339327.3.peg.3044.site.1, 4, 133, 137
1339327.3.peg.3044.site.2, 25, 136, 161
1339327.3.peg.3044.site.3, 1, 136, 137
1339327.3.peg.3044.site.4, 2, 132, 134
1339327.3.peg.3044.site.5, 0, 133, 133
1339327.3.peg.3044.site.6, 4, 129, 133
1339327.3.peg.3044.site.7, 2, 135, 137
1339327.3.peg.3042.site.1, 37, 134, 171
1339327.3.peg.3042.site.2, 13, 135, 148
1339327.3.peg.3043.site.1, 0, 132, 132
1339327.3.peg.3043.site.2, 2, 132, 134
1339327.3.peg.3043.site.3, 4, 135, 139
1339327.3.peg.3043.site.4, 8, 123, 131
1339327.3.peg.3043.site.5, 1, 120, 121
1339327.3.peg.3043.site.6, 4, 128, 132
1339327.3.peg.3043.site.7, 0, 135, 135
1339327.3.peg.3043.site.8, 2, 137, 139
1339327.3.peg.3040.site.1, 0, 133, 133
1339327.3.peg.3040.site.2, 20, 134, 154
1339327.3.peg.3040.site.3, 1, 133, 134
1339327.3.peg.3040.site.4, 0, 135, 135
1339327.3.peg.3040.site.5, 0, 134, 134
1339327.3.peg.3040.site.6, 0, 135, 135
1339327.3.peg.3040.site.7, 0, 134, 134
1339327.3.peg.3040.site.8, 50, 137, 187
1339327.3.peg.3040.site.9, 0, 133, 133
1339327.3.peg.3040.site.10, 121, 134, 255
1339327.3.peg.3040.site.11, 4, 131, 135
1339327.3.peg.3040.site.12, 2, 135, 137
1339327.3.peg.3040.site.13, 1, 132, 133
1339327.3.peg.3040.site.14, 11, 136, 147
1339327.3.peg.3040.site.15, 8, 137, 145
1339327.3.peg.3040.site.16, 56, 136, 192
1339327.3.peg.3040.site.17, 0, 136, 136
1339327.3.peg.3041.site.1, 1, 135, 136
1339327.3.peg.3041.site.2, 1, 136, 137
1339327.3.peg.3041.site.3, 0, 135, 135
1339327.3.peg.3041.site.4, 0, 135, 135
1339327.3.peg.3041.site.5, 0, 137, 137
1339327.3.peg.3041.site.6, 4, 137, 141
1339327.3.peg.3041.site.7, 2, 136, 138
1339327.3.peg.3041.site.8, 0, 134, 134
1339327.3.peg.3041.site.9, 12, 136, 148
1339327.3.peg.3041.site.10, 4, 136, 140
1339327.3.peg.3041.site.11, 0, 136, 136
1339327.3.peg.3041.site.12, 0, 136, 136
1339327.3.peg.3041.site.13, 7, 134, 141
1339327.3.peg.3041.site.14, 0, 137, 137
1339327.3.peg.3041.site.15, 1, 135, 136
1339327.3.peg.3041.site.16, 5, 136, 141
1339327.3.peg.3041.site.17, 14, 135, 149
1339327.3.peg.3041.site.18, 11, 135, 146
1339327.3.peg.3041.site.19, 10, 134, 144
1339327.3.peg.3041.site.20, 12, 135, 147
1339327.3.peg.3041.site.21, 1, 133, 134
1339327.3.peg.3041.site.22, 39, 136, 175
1339327.3.peg.3041.site.23, 0, 137, 137
1339327.3.peg.3041.site.24, 1, 136, 137
1339327.3.peg.3041.site.25, 4, 136, 140
1339327.3.peg.3041.site.26, 6, 135, 141
1339327.3.peg.3041.site.27, 100, 136, 236
1339327.3.peg.3041.site.28, 2, 135, 137
1339327.3.peg.3041.site.29, 14, 136, 150
1339327.3.peg.3041.site.30, 2, 135, 137
1339327.3.peg.3041.site.31, 20, 134, 154
1339327.3.peg.3041.site.32, 2, 133, 135
1339327.3.peg.3041.site.33, 8, 136, 144
1339327.3.peg.3041.site.34, 3, 136, 139
1339327.3.peg.3041.site.35, 2, 137, 139
1339327.3.peg.3041.site.36, 7, 136, 143
1339327.3.peg.3041.site.37, 3, 137, 140
1339327.3.peg.3041.site.38, 13, 134, 147
1339327.3.peg.3041.site.39, 8, 136, 144
1339327.3.peg.3041.site.40, 2, 134, 136
1339327.3.peg.3041.site.41, 3, 136, 139
1339327.3.peg.3041.site.42, 38, 133, 171
1339327.3.peg.3041.site.43, 47, 134, 181
1339327.3.peg.3041.site.44, 68, 137, 205
1339327.3.peg.3041.site.45, 43, 132, 175
1339327.3.peg.3041.site.46, 0, 130, 130
1339327.3.peg.3041.site.47, 2, 134, 136
1339327.3.peg.3041.site.48, 6, 130, 136
1339327.3.peg.3041.site.49, 54, 131, 185
1339327.3.peg.3041.site.50, 0, 134, 134
1339327.3.peg.3041.site.51, 0, 134, 134
1339327.3.peg.3041.site.52, 9, 136, 145
1339327.3.peg.3544.site.1, 0, 133, 133
1339327.3.peg.3544.site.2, 2, 134, 136
1339327.3.peg.4188.site.1, 12, 136, 148
1339327.3.peg.4188.site.2, 98, 133, 231
1339327.3.peg.4188.site.3, 0, 120, 120
1339327.3.peg.4188.site.4, 16, 120, 136
1339327.3.peg.4188.site.5, 0, 125, 125
1339327.3.peg.4188.site.6, 2, 136, 138
1339327.3.peg.4188.site.7, 1, 137, 138
1339327.3.peg.4188.site.8, 2, 135, 137
1339327.3.peg.4188.site.9, 0, 137, 137
1339327.3.peg.4188.site.10, 16, 137, 153
1339327.3.peg.4188.site.11, 3, 136, 139
1339327.3.peg.4188.site.12, 12, 137, 149
1339327.3.peg.4188.site.13, 8, 136, 144
1339327.3.peg.4188.site.14, 5, 135, 140
1339327.3.peg.4188.site.15, 1, 137, 138
1339327.3.peg.4188.site.16, 1, 136, 137
1339327.3.peg.4188.site.17, 91, 134, 225
1339327.3.peg.4188.site.18, 2, 135, 137
1339327.3.peg.4189.site.1, 28, 136, 164
1339327.3.peg.4189.site.2, 0, 136, 136
1339327.3.peg.4189.site.3, 7, 135, 142
1339327.3.peg.4189.site.4, 1, 136, 137
1339327.3.peg.4189.site.5, 0, 131, 131
1339327.3.peg.4189.site.6, 4, 135, 139
1339327.3.peg.4189.site.7, 87, 136, 223
1339327.3.peg.4189.site.8, 23, 134, 157
1339327.3.peg.4189.site.9, 68, 125, 193
1339327.3.peg.4189.site.10, 2, 134, 136
1339327.3.peg.4189.site.11, 44, 137, 181
1339327.3.peg.4189.site.12, 4, 137, 141
1339327.3.peg.4189.site.13, 7, 135, 142
1339327.3.peg.4189.site.14, 2, 136, 138
1339327.3.peg.4189.site.15, 0, 136, 136
1339327.3.peg.4189.site.16, 61, 135, 196
1339327.3.peg.4189.site.17, 3, 136, 139
1339327.3.peg.4189.site.18, 2, 137, 139
1339327.3.peg.4189.site.19, 3, 137, 140
1339327.3.peg.4189.site.20, 1, 137, 138
1339327.3.peg.4189.site.21, 8, 136, 144
1339327.3.peg.4189.site.22, 1, 136, 137
1339327.3.peg.4189.site.23, 1, 136, 137
1339327.3.peg.4189.site.24, 23, 136, 159
1339327.3.peg.4189.site.25, 0, 135, 135
1339327.3.peg.4189.site.26, 10, 136, 146
1339327.3.peg.4189.site.27, 3, 137, 140
1339327.3.peg.4189.site.28, 12, 137, 149
1339327.3.peg.4189.site.29, 111, 135, 246
1339327.3.peg.4189.site.30, 0, 135, 135
1339327.3.peg.4189.site.31, 9, 135, 144
1339327.3.peg.4189.site.32, 1, 136, 137
1339327.3.peg.4189.site.33, 8, 137, 145
1339327.3.peg.4189.site.34, 84, 136, 220
1339327.3.peg.4189.site.35, 1, 135, 136
1339327.3.peg.4189.site.36, 1, 136, 137
1339327.3.peg.4189.site.37, 1, 136, 137
1339327.3.peg.4189.site.38, 10, 135, 145
1339327.3.peg.4189.site.39, 12, 136, 148
1339327.3.peg.4189.site.40, 1, 136, 137
1339327.3.peg.4189.site.41, 2, 136, 138
1339327.3.peg.4189.site.42, 0, 135, 135
1339327.3.peg.4189.site.43, 5, 137, 142
1339327.3.peg.4189.site.44, 5, 137, 142
1339327.3.peg.4189.site.45, 5, 137, 142
1339327.3.peg.4189.site.46, 1, 134, 135
1339327.3.peg.4189.site.47, 2, 137, 139
1339327.3.peg.4189.site.48, 0, 135, 135
1339327.3.peg.4189.site.49, 3, 134, 137
1339327.3.peg.4189.site.50, 11, 134, 145
1339327.3.peg.4189.site.51, 53, 135, 188
1339327.3.peg.4189.site.52, 3, 137, 140
1339327.3.peg.4189.site.53, 2, 135, 137
1339327.3.peg.4189.site.54, 14, 126, 140
1339327.3.peg.4189.site.55, 92, 129, 221
1339327.3.peg.4189.site.56, 2, 133, 135
1339327.3.peg.4189.site.57, 3, 136, 139
1339327.3.peg.4189.site.58, 0, 135, 135
1339327.3.peg.4189.site.59, 1, 134, 135
1339327.3.peg.4186.site.1, 1, 136, 137
1339327.3.peg.4186.site.2, 2, 136, 138
1339327.3.peg.889.site.1, 0, 136, 136
1339327.3.peg.889.site.2, 3, 137, 140
1339327.3.peg.889.site.3, 4, 135, 139
1339327.3.peg.889.site.4, 14, 136, 150
1339327.3.peg.889.site.5, 68, 135, 203
1339327.3.peg.889.site.6, 1, 136, 137
1339327.3.peg.889.site.7, 4, 135, 139
1339327.3.peg.889.site.8, 2, 137, 139
1339327.3.peg.882.site.1, 36, 134, 170
1339327.3.peg.882.site.2, 0, 137, 137
1339327.3.peg.882.site.3, 3, 137, 140
1339327.3.peg.882.site.4, 0, 137, 137
1339327.3.peg.882.site.5, 75, 137, 212
1339327.3.peg.883.site.1, 22, 137, 159
1339327.3.peg.883.site.2, 6, 136, 142
1339327.3.peg.883.site.3, 1, 137, 138
1339327.3.peg.880.site.1, 3, 136, 139
1339327.3.peg.880.site.2, 1, 136, 137
1339327.3.peg.880.site.3, 2, 136, 138
1339327.3.peg.880.site.4, 76, 134, 210
1339327.3.peg.881.site.1, 3, 136, 139
1339327.3.peg.881.site.2, 0, 137, 137
1339327.3.peg.881.site.3, 49, 135, 184
1339327.3.peg.881.site.4, 39, 137, 176
1339327.3.peg.4492.site.1, 49, 136, 185
1339327.3.peg.4492.site.2, 3, 136, 139
1339327.3.peg.4218.site.1, 1, 136, 137
1339327.3.peg.4218.site.2, 3, 136, 139
1339327.3.peg.4218.site.3, 2, 136, 138
1339327.3.peg.4218.site.4, 1, 137, 138
1339327.3.peg.4218.site.5, 43, 137, 180
1339327.3.peg.4218.site.6, 0, 137, 137
1339327.3.peg.4218.site.7, 67, 137, 204
1339327.3.peg.4218.site.8, 56, 137, 193
1339327.3.peg.4218.site.9, 3, 137, 140
1339327.3.peg.4218.site.10, 2, 137, 139
1339327.3.peg.4218.site.11, 0, 137, 137
1339327.3.peg.4218.site.12, 3, 137, 140
1339327.3.peg.4218.site.13, 0, 137, 137
1339327.3.peg.4218.site.14, 3, 136, 139
1339327.3.peg.4218.site.15, 3, 136, 139
1339327.3.peg.4218.site.16, 7, 135, 142
1339327.3.peg.4218.site.17, 29, 137, 166
1339327.3.peg.4218.site.18, 3, 136, 139
1339327.3.peg.4219.site.1, 0, 136, 136
1339327.3.peg.4219.site.2, 3, 135, 138
1339327.3.peg.4219.site.3, 30, 137, 167
1339327.3.peg.4219.site.4, 1, 136, 137
1339327.3.peg.4219.site.5, 27, 136, 163
1339327.3.peg.4219.site.6, 3, 137, 140
1339327.3.peg.4219.site.7, 0, 133, 133
1339327.3.peg.4219.site.8, 0, 121, 121
1339327.3.peg.4219.site.9, 1, 130, 131
1339327.3.peg.4219.site.10, 12, 132, 144
1339327.3.peg.4219.site.11, 3, 137, 140
1339327.3.peg.4219.site.12, 0, 136, 136
1339327.3.peg.4219.site.13, 1, 136, 137
1339327.3.peg.4219.site.14, 28, 137, 165
1339327.3.peg.4219.site.15, 82, 136, 218
1339327.3.peg.4219.site.16, 17, 135, 152
1339327.3.peg.4219.site.17, 1, 135, 136
1339327.3.peg.4219.site.18, 5, 134, 139
1339327.3.peg.4219.site.19, 3, 136, 139
1339327.3.peg.4219.site.20, 2, 136, 138
1339327.3.peg.4219.site.21, 21, 136, 157
1339327.3.peg.4219.site.22, 19, 136, 155
1339327.3.peg.4219.site.23, 127, 137, 264
1339327.3.peg.4608.site.1, 57, 137, 194
1339327.3.peg.4608.site.2, 11, 137, 148
1339327.3.peg.4608.site.3, 0, 136, 136
1339327.3.peg.4608.site.4, 5, 136, 141
1339327.3.peg.4608.site.5, 6, 135, 141
1339327.3.peg.4608.site.6, 2, 137, 139
1339327.3.peg.4608.site.7, 3, 137, 140
1339327.3.peg.4608.site.8, 1, 137, 138
1339327.3.peg.4608.site.9, 5, 137, 142
1339327.3.peg.4608.site.10, 2, 135, 137
1339327.3.peg.4608.site.11, 108, 137, 245
1339327.3.peg.4608.site.12, 3, 137, 140
1339327.3.peg.4608.site.13, 11, 133, 144
1339327.3.peg.4608.site.14, 4, 130, 134
1339327.3.peg.4608.site.15, 17, 137, 154
1339327.3.peg.4608.site.16, 8, 137, 145
1339327.3.peg.4608.site.17, 4, 137, 141
1339327.3.peg.4493.site.1, 11, 136, 147
1339327.3.peg.4493.site.2, 23, 137, 160
1339327.3.peg.4493.site.3, 15, 137, 152
1339327.3.peg.4493.site.4, 0, 137, 137
1339327.3.peg.4493.site.5, 3, 136, 139
1339327.3.peg.4493.site.6, 0, 137, 137
1339327.3.peg.4493.site.7, 1, 137, 138
1339327.3.peg.4493.site.8, 1, 136, 137
1339327.3.peg.4493.site.9, 3, 137, 140
1339327.3.peg.4493.site.10, 3, 136, 139
1339327.3.peg.4493.site.11, 1, 137, 138
1339327.3.peg.4493.site.12, 1, 137, 138
1339327.3.peg.4601.site.1, 1, 137, 138
1339327.3.peg.4600.site.1, 1, 135, 136
1339327.3.peg.4600.site.2, 0, 135, 135
1339327.3.peg.4600.site.3, 0, 135, 135
1339327.3.peg.4600.site.4, 0, 135, 135
1339327.3.peg.4600.site.5, 0, 134, 134
1339327.3.peg.4600.site.6, 1, 136, 137
1339327.3.peg.4600.site.7, 5, 135, 140
1339327.3.peg.4600.site.8, 3, 136, 139
1339327.3.peg.4600.site.9, 5, 136, 141
1339327.3.peg.4600.site.10, 2, 135, 137
1339327.3.peg.4600.site.11, 4, 137, 141
1339327.3.peg.4600.site.12, 0, 136, 136
1339327.3.peg.4600.site.13, 67, 136, 203
1339327.3.peg.4600.site.14, 78, 136, 214
1339327.3.peg.4600.site.15, 1, 136, 137
1339327.3.peg.4600.site.16, 12, 135, 147
1339327.3.peg.4600.site.17, 11, 137, 148
1339327.3.peg.4600.site.18, 94, 137, 231
1339327.3.peg.4600.site.19, 0, 137, 137
1339327.3.peg.4600.site.20, 3, 132, 135
1339327.3.peg.4600.site.21, 40, 135, 175
1339327.3.peg.4600.site.22, 3, 136, 139
1339327.3.peg.4600.site.23, 0, 136, 136
1339327.3.peg.4600.site.24, 129, 137, 266
1339327.3.peg.4600.site.25, 1, 137, 138
1339327.3.peg.4600.site.26, 12, 135, 147
1339327.3.peg.4603.site.1, 1, 136, 137
1339327.3.peg.4603.site.2, 39, 136, 175
1339327.3.peg.4603.site.3, 48, 137, 185
1339327.3.peg.4603.site.4, 1, 137, 138
1339327.3.peg.4603.site.5, 43, 137, 180
1339327.3.peg.4603.site.6, 2, 137, 139
1339327.3.peg.4603.site.7, 3, 137, 140
1339327.3.peg.4603.site.8, 3, 136, 139
1339327.3.peg.4603.site.9, 6, 137, 143
1339327.3.peg.4603.site.10, 127, 136, 263
1339327.3.peg.4603.site.11, 27, 136, 163
1339327.3.peg.4603.site.12, 3, 137, 140
1339327.3.peg.4603.site.13, 6, 58, 64
1339327.3.peg.4603.site.14, 123, 135, 258
1339327.3.peg.4603.site.15, 2, 137, 139
1339327.3.peg.4602.site.1, 5, 137, 142
1339327.3.peg.4602.site.2, 5, 134, 139
1339327.3.peg.4602.site.3, 0, 73, 73
1339327.3.peg.4602.site.4, 48, 134, 182
1339327.3.peg.4602.site.5, 5, 137, 142
1339327.3.peg.4602.site.6, 3, 136, 139
1339327.3.peg.4602.site.7, 2, 136, 138
1339327.3.peg.4602.site.8, 1, 135, 136
1339327.3.peg.4602.site.9, 1, 137, 138
1339327.3.peg.4602.site.10, 71, 137, 208
1339327.3.peg.4602.site.11, 15, 137, 152
1339327.3.peg.4602.site.12, 30, 137, 167
1339327.3.peg.4602.site.13, 0, 136, 136
1339327.3.peg.4602.site.14, 0, 137, 137
1339327.3.peg.4602.site.15, 3, 137, 140
1339327.3.peg.4602.site.16, 4, 137, 141
1339327.3.peg.4602.site.17, 26, 137, 163
1339327.3.peg.4602.site.18, 9, 137, 146
1339327.3.peg.4602.site.19, 3, 135, 138
1339327.3.peg.4602.site.20, 4, 134, 138
1339327.3.peg.4602.site.21, 3, 136, 139
1339327.3.peg.4605.site.1, 39, 136, 175
1339327.3.peg.4605.site.2, 38, 128, 166
1339327.3.peg.4605.site.3, 119, 120, 239
1339327.3.peg.4605.site.4, 117, 133, 250
1339327.3.peg.4605.site.5, 5, 136, 141
1339327.3.peg.4605.site.6, 0, 136, 136
1339327.3.peg.4605.site.7, 1, 136, 137
1339327.3.peg.4605.site.8, 3, 136, 139
1339327.3.peg.4605.site.9, 72, 134, 206
1339327.3.peg.4605.site.10, 1, 135, 136
1339327.3.peg.4605.site.11, 118, 135, 253
1339327.3.peg.4605.site.12, 4, 136, 140
1339327.3.peg.4605.site.13, 57, 135, 192
1339327.3.peg.4605.site.14, 19, 135, 154
1339327.3.peg.4605.site.15, 0, 136, 136
1339327.3.peg.4605.site.16, 47, 131, 178
1339327.3.peg.4605.site.17, 29, 132, 161
1339327.3.peg.4605.site.18, 5, 137, 142
1339327.3.peg.4605.site.19, 2, 137, 139
1339327.3.peg.4605.site.20, 1, 135, 136
1339327.3.peg.4604.site.1, 23, 133, 156
1339327.3.peg.4604.site.2, 58, 134, 192
1339327.3.peg.4604.site.3, 0, 134, 134
1339327.3.peg.4604.site.4, 1, 137, 138
1339327.3.peg.4604.site.5, 44, 137, 181
1339327.3.peg.4604.site.6, 1, 137, 138
1339327.3.peg.4604.site.7, 0, 137, 137
1339327.3.peg.4604.site.8, 0, 136, 136
1339327.3.peg.4604.site.9, 61, 136, 197
1339327.3.peg.4604.site.10, 5, 136, 141
1339327.3.peg.4607.site.1, 13, 136, 149
1339327.3.peg.4607.site.2, 2, 136, 138
1339327.3.peg.4607.site.3, 0, 137, 137
1339327.3.peg.4607.site.4, 5, 136, 141
1339327.3.peg.4607.site.5, 6, 134, 140
1339327.3.peg.4607.site.6, 128, 136, 264
1339327.3.peg.4607.site.7, 6, 135, 141
1339327.3.peg.4607.site.8, 2, 130, 132
1339327.3.peg.4607.site.9, 0, 136, 136
1339327.3.peg.4607.site.10, 127, 137, 264
1339327.3.peg.4607.site.11, 2, 136, 138
1339327.3.peg.4607.site.12, 4, 133, 137
1339327.3.peg.4607.site.13, 2, 135, 137
1339327.3.peg.4607.site.14, 6, 133, 139
1339327.3.peg.4607.site.15, 8, 136, 144
1339327.3.peg.4607.site.16, 1, 136, 137
1339327.3.peg.4607.site.17, 3, 135, 138
1339327.3.peg.4607.site.18, 28, 137, 165
1339327.3.peg.4607.site.19, 3, 137, 140
1339327.3.peg.4606.site.1, 0, 137, 137
1339327.3.peg.1949.site.1, 0, 132, 132
1339327.3.peg.1949.site.2, 2, 134, 136
1339327.3.peg.1949.site.3, 7, 134, 141
1339327.3.peg.1949.site.4, 10, 132, 142
1339327.3.peg.1949.site.5, 53, 133, 186
1339327.3.peg.1949.site.6, 6, 134, 140
1339327.3.peg.1949.site.7, 0, 135, 135
1339327.3.peg.1949.site.8, 4, 136, 140
1339327.3.peg.1949.site.9, 0, 134, 134
1339327.3.peg.1949.site.10, 3, 136, 139
1339327.3.peg.1949.site.11, 11, 136, 147
1339327.3.peg.1949.site.12, 7, 134, 141
1339327.3.peg.1949.site.13, 7, 132, 139
1339327.3.peg.4114.site.1, 7, 124, 131
1339327.3.peg.4114.site.2, 2, 125, 127
1339327.3.peg.4114.site.3, 10, 127, 137
1339327.3.peg.4114.site.4, 12, 127, 139
1339327.3.peg.4114.site.5, 12, 128, 140
1339327.3.peg.4114.site.6, 1, 128, 129
1339327.3.peg.4114.site.7, 2, 130, 132
1339327.3.peg.4114.site.8, 98, 131, 229
1339327.3.peg.4114.site.9, 12, 131, 143
1339327.3.peg.4114.site.10, 2, 131, 133
1339327.3.peg.4114.site.11, 14, 130, 144
1339327.3.peg.4114.site.12, 2, 131, 133
1339327.3.peg.4114.site.13, 2, 131, 133
1339327.3.peg.4114.site.14, 86, 130, 216
1339327.3.peg.4114.site.15, 2, 131, 133
1339327.3.peg.4114.site.16, 15, 131, 146
1339327.3.peg.4114.site.17, 1, 131, 132
1339327.3.peg.4114.site.18, 1, 130, 131
1339327.3.peg.4114.site.19, 13, 130, 143
1339327.3.peg.4114.site.20, 44, 130, 174
1339327.3.peg.4114.site.21, 4, 129, 133
1339327.3.peg.4114.site.22, 0, 130, 130
1339327.3.peg.4114.site.23, 2, 130, 132
1339327.3.peg.4114.site.24, 5, 131, 136
1339327.3.peg.4114.site.25, 4, 131, 135
1339327.3.peg.4114.site.26, 22, 131, 153
1339327.3.peg.4114.site.27, 9, 127, 136
1339327.3.peg.4114.site.28, 11, 130, 141
1339327.3.peg.4114.site.29, 10, 129, 139
1339327.3.peg.4114.site.30, 13, 132, 145
1339327.3.peg.4114.site.31, 13, 132, 145
1339327.3.peg.4114.site.32, 10, 129, 139
1339327.3.peg.4114.site.33, 0, 127, 127
1339327.3.peg.4114.site.34, 10, 129, 139
1339327.3.peg.4114.site.35, 13, 131, 144
1339327.3.peg.4114.site.36, 13, 131, 144
1339327.3.peg.4114.site.37, 2, 126, 128
1339327.3.peg.4114.site.38, 5, 123, 128
1339327.3.peg.4114.site.39, 3, 121, 124
1339327.3.peg.4114.site.40, 2, 121, 123
1339327.3.peg.4114.site.41, 3, 118, 121
1339327.3.peg.4114.site.42, 3, 118, 121
1339327.3.peg.4114.site.43, 1, 120, 121
1339327.3.peg.4114.site.44, 5, 124, 129
1339327.3.peg.4114.site.45, 12, 131, 143
1339327.3.peg.4114.site.46, 1, 131, 132
1339327.3.peg.4114.site.47, 0, 132, 132
1339327.3.peg.774.site.1, 2, 136, 138
1339327.3.peg.774.site.2, 2, 136, 138
1339327.3.peg.774.site.3, 0, 135, 135
1339327.3.peg.774.site.4, 1, 136, 137
1339327.3.peg.774.site.5, 64, 137, 201
1339327.3.peg.774.site.6, 0, 136, 136
1339327.3.peg.774.site.7, 1, 137, 138
1339327.3.peg.774.site.8, 15, 137, 152
1339327.3.peg.4116.site.1, 0, 119, 119
1339327.3.peg.4116.site.2, 14, 120, 134
1339327.3.peg.4116.site.3, 4, 117, 121
1339327.3.peg.4116.site.4, 51, 114, 165
1339327.3.peg.4116.site.5, 11, 113, 124
1339327.3.peg.4116.site.6, 4, 107, 111
1339327.3.peg.4116.site.7, 6, 108, 114
1339327.3.peg.4116.site.8, 21, 115, 136
1339327.3.peg.4116.site.9, 47, 132, 179
1339327.3.peg.4116.site.10, 0, 136, 136
1339327.3.peg.4116.site.11, 62, 136, 198
1339327.3.peg.4116.site.12, 72, 135, 207
1339327.3.peg.4116.site.13, 30, 137, 167
1339327.3.peg.4116.site.14, 68, 135, 203
1339327.3.peg.4116.site.15, 0, 134, 134
1339327.3.peg.4116.site.16, 0, 136, 136
1339327.3.peg.4111.site.1, 9, 103, 112
1339327.3.peg.4111.site.2, 9, 104, 113
1339327.3.peg.4111.site.3, 9, 105, 114
1339327.3.peg.4111.site.4, 6, 102, 108
1339327.3.peg.4111.site.5, 52, 100, 152
1339327.3.peg.4111.site.6, 2, 98, 100
1339327.3.peg.4111.site.7, 1, 97, 98
1339327.3.peg.4111.site.8, 96, 122, 218
1339327.3.peg.4111.site.9, 2, 136, 138
1339327.3.peg.4111.site.10, 11, 135, 146
1339327.3.peg.4111.site.11, 2, 135, 137
1339327.3.peg.4111.site.12, 2, 137, 139
1339327.3.peg.4111.site.13, 107, 137, 244
1339327.3.peg.4111.site.14, 1, 136, 137
1339327.3.peg.4111.site.15, 10, 137, 147
1339327.3.peg.4111.site.16, 30, 136, 166
1339327.3.peg.4111.site.17, 2, 134, 136
1339327.3.peg.4111.site.18, 1, 133, 134
1339327.3.peg.4111.site.19, 2, 134, 136
1339327.3.peg.4111.site.20, 2, 136, 138
1339327.3.peg.4111.site.21, 2, 136, 138
1339327.3.peg.4111.site.22, 2, 134, 136
1339327.3.peg.4111.site.23, 2, 134, 136
1339327.3.peg.4111.site.24, 0, 135, 135
1339327.3.peg.4111.site.25, 3, 137, 140
1339327.3.peg.4111.site.26, 0, 135, 135
1339327.3.peg.4111.site.27, 28, 133, 161
1339327.3.peg.4111.site.28, 21, 133, 154
1339327.3.peg.4111.site.29, 1, 132, 133
1339327.3.peg.4111.site.30, 8, 134, 142
1339327.3.peg.4111.site.31, 1, 135, 136
1339327.3.peg.4111.site.32, 1, 135, 136
1339327.3.peg.4111.site.33, 1, 135, 136
1339327.3.peg.4111.site.34, 1, 135, 136
1339327.3.peg.4111.site.35, 50, 133, 183
1339327.3.peg.4111.site.36, 2, 134, 136
1339327.3.peg.4111.site.37, 8, 133, 141
1339327.3.peg.4111.site.38, 3, 134, 137
1339327.3.peg.4111.site.39, 1, 135, 136
1339327.3.peg.4111.site.40, 1, 135, 136
1339327.3.peg.4111.site.41, 5, 136, 141
1339327.3.peg.4111.site.42, 15, 125, 140
1339327.3.peg.4112.site.1, 3, 135, 138
1339327.3.peg.4112.site.2, 1, 133, 134
1339327.3.peg.4112.site.3, 1, 133, 134
1339327.3.peg.4112.site.4, 83, 132, 215
1339327.3.peg.4112.site.5, 1, 128, 129
1339327.3.peg.4112.site.6, 53, 127, 180
1339327.3.peg.4112.site.7, 5, 131, 136
1339327.3.peg.4112.site.8, 8, 134, 142
1339327.3.peg.4112.site.9, 6, 134, 140
1339327.3.peg.4112.site.10, 4, 133, 137
1339327.3.peg.4112.site.11, 1, 130, 131
1339327.3.peg.4112.site.12, 2, 130, 132
1339327.3.peg.4112.site.13, 20, 134, 154
1339327.3.peg.4112.site.14, 20, 133, 153
1339327.3.peg.4112.site.15, 8, 118, 126
1339327.3.peg.4112.site.16, 0, 118, 118
1339327.3.peg.4112.site.17, 0, 118, 118
1339327.3.peg.4112.site.18, 107, 120, 227
1339327.3.peg.4112.site.19, 3, 118, 121
1339327.3.peg.4112.site.20, 1, 109, 110
1339327.3.peg.4112.site.21, 1, 109, 110
1339327.3.peg.4112.site.22, 25, 97, 122
1339327.3.peg.4112.site.23, 2, 120, 122
1339327.3.peg.4112.site.24, 15, 121, 136
1339327.3.peg.4112.site.25, 2, 120, 122
1339327.3.peg.4112.site.26, 2, 121, 123
1339327.3.peg.4112.site.27, 99, 120, 219
1339327.3.peg.4112.site.28, 2, 120, 122
1339327.3.peg.4112.site.29, 0, 121, 121
1339327.3.peg.4112.site.30, 5, 121, 126
1339327.3.peg.4112.site.31, 2, 121, 123
1339327.3.peg.4112.site.32, 2, 121, 123
1339327.3.peg.1941.site.1, 7, 137, 144
1339327.3.peg.1941.site.2, 13, 136, 149
1339327.3.peg.1941.site.3, 0, 136, 136
1339327.3.peg.1941.site.4, 13, 134, 147
1339327.3.peg.1941.site.5, 6, 137, 143
1339327.3.peg.1941.site.6, 96, 134, 230
1339327.3.peg.1941.site.7, 101, 132, 233
1339327.3.peg.1941.site.8, 100, 132, 232
1339327.3.peg.1941.site.9, 2, 134, 136
1339327.3.peg.1941.site.10, 5, 137, 142
1339327.3.peg.1941.site.11, 8, 136, 144
1339327.3.peg.1941.site.12, 50, 137, 187
1339327.3.peg.1941.site.13, 3, 136, 139
1339327.3.peg.1941.site.14, 0, 136, 136
1339327.3.peg.1941.site.15, 1, 136, 137
1339327.3.peg.1941.site.16, 9, 137, 146
1339327.3.peg.1941.site.17, 2, 137, 139
1339327.3.peg.1941.site.18, 5, 137, 142
1339327.3.peg.1941.site.19, 9, 137, 146
1339327.3.peg.1941.site.20, 9, 132, 141
1339327.3.peg.1941.site.21, 1, 136, 137
1339327.3.peg.1941.site.22, 22, 136, 158
1339327.3.peg.1941.site.23, 5, 136, 141
1339327.3.peg.1940.site.1, 0, 137, 137
1339327.3.peg.1940.site.2, 116, 136, 252
1339327.3.peg.1940.site.3, 0, 136, 136
1339327.3.peg.1940.site.4, 109, 135, 244
1339327.3.peg.1940.site.5, 33, 132, 165
1339327.3.peg.1940.site.6, 0, 133, 133
1339327.3.peg.1940.site.7, 27, 137, 164
1339327.3.peg.1940.site.8, 3, 136, 139
1339327.3.peg.1940.site.9, 6, 135, 141
1339327.3.peg.1940.site.10, 0, 134, 134
1339327.3.peg.1943.site.1, 21, 137, 158
1339327.3.peg.1943.site.2, 28, 134, 162
1339327.3.peg.1943.site.3, 2, 135, 137
1339327.3.peg.1943.site.4, 3, 135, 138
1339327.3.peg.1943.site.5, 1, 134, 135
1339327.3.peg.1943.site.6, 4, 135, 139
1339327.3.peg.1943.site.7, 3, 136, 139
1339327.3.peg.1943.site.8, 32, 136, 168
1339327.3.peg.1943.site.9, 25, 136, 161
1339327.3.peg.1943.site.10, 25, 135, 160
1339327.3.peg.1943.site.11, 0, 134, 134
1339327.3.peg.1942.site.1, 3, 136, 139
1339327.3.peg.1942.site.2, 23, 136, 159
1339327.3.peg.1942.site.3, 34, 135, 169
1339327.3.peg.1945.site.1, 1, 137, 138
1339327.3.peg.1945.site.2, 1, 136, 137
1339327.3.peg.1945.site.3, 1, 136, 137
1339327.3.peg.1945.site.4, 2, 136, 138
1339327.3.peg.1945.site.5, 2, 137, 139
1339327.3.peg.1945.site.6, 3, 137, 140
1339327.3.peg.1945.site.7, 15, 136, 151
1339327.3.peg.1945.site.8, 0, 136, 136
1339327.3.peg.1945.site.9, 17, 136, 153
1339327.3.peg.1945.site.10, 23, 137, 160
1339327.3.peg.1945.site.11, 7, 136, 143
1339327.3.peg.1945.site.12, 0, 136, 136
1339327.3.peg.1945.site.13, 55, 137, 192
1339327.3.peg.1945.site.14, 4, 137, 141
1339327.3.peg.1945.site.15, 9, 135, 144
1339327.3.peg.1945.site.16, 9, 135, 144
1339327.3.peg.1945.site.17, 47, 136, 183
1339327.3.peg.1945.site.18, 13, 134, 147
1339327.3.peg.1945.site.19, 25, 134, 159
1339327.3.peg.1945.site.20, 8, 136, 144
1339327.3.peg.1944.site.1, 26, 136, 162
1339327.3.peg.1944.site.2, 27, 136, 163
1339327.3.peg.1944.site.3, 0, 135, 135
1339327.3.peg.1944.site.4, 0, 135, 135
1339327.3.peg.1944.site.5, 11, 135, 146
1339327.3.peg.1944.site.6, 11, 136, 147
1339327.3.peg.1947.site.1, 22, 137, 159
1339327.3.peg.1947.site.2, 36, 137, 173
1339327.3.peg.1947.site.3, 20, 136, 156
1339327.3.peg.1947.site.4, 0, 135, 135
1339327.3.peg.1947.site.5, 9, 137, 146
1339327.3.peg.1947.site.6, 50, 137, 187
1339327.3.peg.1947.site.7, 2, 136, 138
1339327.3.peg.1947.site.8, 2, 135, 137
1339327.3.peg.1947.site.9, 2, 137, 139
1339327.3.peg.1947.site.10, 16, 137, 153
1339327.3.peg.1947.site.11, 7, 137, 144
1339327.3.peg.1947.site.12, 11, 137, 148
1339327.3.peg.1947.site.13, 2, 135, 137
1339327.3.peg.1947.site.14, 15, 135, 150
1339327.3.peg.1947.site.15, 0, 137, 137
1339327.3.peg.1946.site.1, 1, 133, 134
1339327.3.peg.1946.site.2, 9, 137, 146
1339327.3.peg.1946.site.3, 2, 136, 138
1339327.3.peg.1946.site.4, 7, 137, 144
1339327.3.peg.1946.site.5, 6, 137, 143
1339327.3.peg.1946.site.6, 48, 137, 185
1339327.3.peg.1946.site.7, 60, 137, 197
1339327.3.peg.1946.site.8, 2, 136, 138
1339327.3.peg.1946.site.9, 3, 136, 139
1339327.3.peg.1946.site.10, 3, 136, 139
1339327.3.peg.1946.site.11, 7, 137, 144
1339327.3.peg.1946.site.12, 18, 136, 154
1339327.3.peg.1946.site.13, 7, 136, 143
1339327.3.peg.1946.site.14, 0, 136, 136
1339327.3.peg.1946.site.15, 10, 134, 144
1339327.3.peg.1946.site.16, 10, 135, 145
1339327.3.peg.4933.site.1, 0, 135, 135
1339327.3.peg.4933.site.2, 0, 135, 135
1339327.3.peg.4933.site.3, 3, 137, 140
1339327.3.peg.4933.site.4, 3, 136, 139
1339327.3.peg.4933.site.5, 12, 137, 149
1339327.3.peg.4933.site.6, 19, 137, 156
1339327.3.peg.4933.site.7, 12, 137, 149
1339327.3.peg.4933.site.8, 1, 137, 138
1339327.3.peg.4933.site.9, 2, 137, 139
1339327.3.peg.4933.site.10, 105, 137, 242
1339327.3.peg.4933.site.11, 2, 137, 139
1339327.3.peg.4933.site.12, 1, 137, 138
1339327.3.peg.4933.site.13, 3, 136, 139
1339327.3.peg.4933.site.14, 0, 137, 137
1339327.3.peg.4933.site.15, 4, 137, 141
1339327.3.peg.4933.site.16, 9, 137, 146
1339327.3.peg.4933.site.17, 18, 137, 155
1339327.3.peg.4933.site.18, 1, 137, 138
1339327.3.peg.4933.site.19, 8, 137, 145
1339327.3.peg.4933.site.20, 3, 137, 140
1339327.3.peg.4933.site.21, 11, 137, 148
1339327.3.peg.4933.site.22, 11, 137, 148
1339327.3.peg.4933.site.23, 9, 137, 146
1339327.3.peg.4933.site.24, 1, 137, 138
1339327.3.peg.4933.site.25, 0, 136, 136
1339327.3.peg.4933.site.26, 3, 137, 140
1339327.3.peg.4933.site.27, 0, 137, 137
1339327.3.peg.4933.site.28, 0, 135, 135
1339327.3.peg.4933.site.29, 5, 136, 141
1339327.3.peg.4933.site.30, 2, 136, 138
1339327.3.peg.4933.site.31, 7, 137, 144
1339327.3.peg.4933.site.32, 4, 137, 141
1339327.3.peg.4933.site.33, 12, 137, 149
1339327.3.peg.4933.site.34, 2, 136, 138
1339327.3.peg.4933.site.35, 3, 137, 140
1339327.3.peg.4933.site.36, 44, 136, 180
1339327.3.peg.4933.site.37, 4, 137, 141
1339327.3.peg.4933.site.38, 13, 137, 150
1339327.3.peg.4933.site.39, 3, 134, 137
1339327.3.peg.4210.site.1, 131, 137, 268
1339327.3.peg.4210.site.2, 67, 136, 203
1339327.3.peg.4210.site.3, 2, 136, 138
1339327.3.peg.4930.site.1, 5, 136, 141
1339327.3.peg.4930.site.2, 1, 135, 136
1339327.3.peg.4930.site.3, 4, 136, 140
1339327.3.peg.4930.site.4, 5, 137, 142
1339327.3.peg.4930.site.5, 15, 137, 152
1339327.3.peg.4930.site.6, 16, 137, 153
1339327.3.peg.4930.site.7, 5, 137, 142
1339327.3.peg.4930.site.8, 1, 137, 138
1339327.3.peg.4930.site.9, 1, 137, 138
1339327.3.peg.4930.site.10, 6, 136, 142
1339327.3.peg.4930.site.11, 5, 137, 142
1339327.3.peg.4930.site.12, 20, 136, 156
1339327.3.peg.4930.site.13, 2, 137, 139
1339327.3.peg.4930.site.14, 15, 135, 150
1339327.3.peg.4930.site.15, 2, 132, 134
1339327.3.peg.4930.site.16, 4, 137, 141
1339327.3.peg.4930.site.17, 4, 137, 141
1339327.3.peg.4930.site.18, 71, 137, 208
1339327.3.peg.4930.site.19, 4, 137, 141
1339327.3.peg.4930.site.20, 1, 137, 138
1339327.3.peg.2799.site.1, 2, 134, 136
1339327.3.peg.2799.site.2, 1, 136, 137
1339327.3.peg.2799.site.3, 80, 135, 215
1339327.3.peg.2799.site.4, 0, 136, 136
1339327.3.peg.2799.site.5, 12, 134, 146
1339327.3.peg.2799.site.6, 31, 135, 166
1339327.3.peg.2799.site.7, 72, 135, 207
1339327.3.peg.2799.site.8, 74, 132, 206
1339327.3.peg.2799.site.9, 65, 133, 198
1339327.3.peg.2799.site.10, 0, 123, 123
1339327.3.peg.2799.site.11, 21, 130, 151
1339327.3.peg.2799.site.12, 0, 132, 132
1339327.3.peg.2799.site.13, 3, 134, 137
1339327.3.peg.2799.site.14, 3, 135, 138
1339327.3.peg.2799.site.15, 40, 136, 176
1339327.3.peg.2799.site.16, 0, 135, 135
1339327.3.peg.2799.site.17, 99, 136, 235
1339327.3.peg.2799.site.18, 13, 134, 147
1339327.3.peg.2799.site.19, 20, 135, 155
1339327.3.peg.2799.site.20, 8, 133, 141
1339327.3.peg.2799.site.21, 4, 136, 140
1339327.3.peg.2799.site.22, 14, 136, 150
1339327.3.peg.2799.site.23, 0, 136, 136
1339327.3.peg.2799.site.24, 3, 135, 138
1339327.3.peg.2799.site.25, 1, 133, 134
1339327.3.peg.2799.site.26, 8, 136, 144
1339327.3.peg.2799.site.27, 3, 136, 139
1339327.3.peg.2799.site.28, 0, 136, 136
1339327.3.peg.2799.site.29, 34, 135, 169
1339327.3.peg.2799.site.30, 34, 133, 167
1339327.3.peg.2799.site.31, 11, 136, 147
1339327.3.peg.2799.site.32, 5, 136, 141
1339327.3.peg.2799.site.33, 2, 137, 139
1339327.3.peg.2799.site.34, 3, 130, 133
1339327.3.peg.2799.site.35, 0, 131, 131
1339327.3.peg.2799.site.36, 1, 132, 133
1339327.3.peg.4211.site.1, 11, 137, 148
1339327.3.peg.4211.site.2, 9, 137, 146
1339327.3.peg.4211.site.3, 1, 137, 138
1339327.3.peg.4211.site.4, 24, 136, 160
1339327.3.peg.4211.site.5, 10, 137, 147
1339327.3.peg.4211.site.6, 92, 136, 228
1339327.3.peg.4211.site.7, 3, 136, 139
1339327.3.peg.2798.site.1, 0, 134, 134
1339327.3.peg.2798.site.2, 7, 132, 139
1339327.3.peg.2798.site.3, 17, 136, 153
1339327.3.peg.2798.site.4, 3, 134, 137
1339327.3.peg.2798.site.5, 13, 136, 149
1339327.3.peg.2798.site.6, 1, 135, 136
1339327.3.peg.2798.site.7, 7, 136, 143
1339327.3.peg.2798.site.8, 2, 134, 136
1339327.3.peg.2798.site.9, 49, 136, 185
1339327.3.peg.2798.site.10, 2, 134, 136
1339327.3.peg.2798.site.11, 28, 134, 162
1339327.3.peg.2798.site.12, 15, 136, 151
1339327.3.peg.2798.site.13, 18, 129, 147
1339327.3.peg.2798.site.14, 80, 130, 210
1339327.3.peg.2798.site.15, 8, 137, 145
1339327.3.peg.2798.site.16, 2, 135, 137
1339327.3.peg.2798.site.17, 2, 135, 137
1339327.3.peg.2798.site.18, 33, 137, 170
1339327.3.peg.2798.site.19, 86, 135, 221
1339327.3.peg.2798.site.20, 2, 136, 138
1339327.3.peg.2798.site.21, 17, 137, 154
1339327.3.peg.2798.site.22, 1, 137, 138
1339327.3.peg.2798.site.23, 0, 135, 135
1339327.3.peg.2798.site.24, 0, 135, 135
1339327.3.peg.2798.site.25, 0, 134, 134
1339327.3.peg.2798.site.26, 0, 137, 137
1339327.3.peg.2798.site.27, 5, 137, 142
1339327.3.peg.2798.site.28, 9, 136, 145
1339327.3.peg.2798.site.29, 0, 132, 132
1339327.3.peg.2798.site.30, 2, 134, 136
1339327.3.peg.2798.site.31, 5, 134, 139
1339327.3.peg.775.site.1, 85, 137, 222
1339327.3.peg.775.site.2, 115, 137, 252
1339327.3.peg.775.site.3, 42, 136, 178
1339327.3.peg.775.site.4, 20, 137, 157
1339327.3.peg.4854.site.1, 0, 123, 123
1339327.3.peg.4854.site.2, 105, 131, 236
1339327.3.peg.4854.site.3, 97, 135, 232
1339327.3.peg.4854.site.4, 7, 133, 140
1339327.3.peg.4854.site.5, 2, 131, 133
1339327.3.peg.4854.site.6, 2, 132, 134
1339327.3.peg.4854.site.7, 25, 130, 155
1339327.3.peg.4854.site.8, 20, 133, 153
1339327.3.peg.4854.site.9, 0, 135, 135
1339327.3.peg.4854.site.10, 14, 137, 151
1339327.3.peg.4854.site.11, 14, 135, 149
1339327.3.peg.4854.site.12, 0, 135, 135
1339327.3.peg.4854.site.13, 5, 136, 141
1339327.3.peg.4854.site.14, 14, 136, 150
1339327.3.peg.4854.site.15, 1, 136, 137
1339327.3.peg.4854.site.16, 10, 136, 146
1339327.3.peg.4854.site.17, 98, 133, 231
1339327.3.peg.4854.site.18, 19, 134, 153
1339327.3.peg.4854.site.19, 101, 135, 236
1339327.3.peg.4854.site.20, 5, 133, 138
1339327.3.peg.4854.site.21, 2, 128, 130
1339327.3.peg.4854.site.22, 1, 127, 128
1339327.3.peg.4854.site.23, 65, 128, 193
1339327.3.peg.4854.site.24, 0, 132, 132
1339327.3.peg.4854.site.25, 2, 133, 135
1339327.3.peg.4854.site.26, 3, 135, 138
1339327.3.peg.4854.site.27, 7, 136, 143
1339327.3.peg.4854.site.28, 4, 137, 141
1339327.3.peg.4854.site.29, 20, 137, 157
1339327.3.peg.4854.site.30, 12, 137, 149
1339327.3.peg.4854.site.31, 24, 137, 161
1339327.3.peg.4854.site.32, 0, 137, 137
1339327.3.peg.4854.site.33, 23, 137, 160
1339327.3.peg.4854.site.34, 35, 136, 171
1339327.3.peg.4854.site.35, 74, 137, 211
1339327.3.peg.4854.site.36, 1, 136, 137
1339327.3.peg.4854.site.37, 54, 136, 190
1339327.3.peg.4854.site.38, 3, 136, 139
1339327.3.peg.4854.site.39, 50, 137, 187
1339327.3.peg.4854.site.40, 47, 137, 184
1339327.3.peg.4854.site.41, 0, 135, 135
1339327.3.peg.4854.site.42, 1, 136, 137
1339327.3.peg.4854.site.43, 17, 137, 154
1339327.3.peg.4739.site.1, 2, 135, 137
1339327.3.peg.4739.site.2, 2, 136, 138
1339327.3.peg.4739.site.3, 2, 137, 139
1339327.3.peg.4739.site.4, 84, 137, 221
1339327.3.peg.4739.site.5, 126, 136, 262
1339327.3.peg.4739.site.6, 3, 137, 140
1339327.3.peg.4739.site.7, 1, 133, 134
1339327.3.peg.4739.site.8, 8, 137, 145
1339327.3.peg.4739.site.9, 12, 137, 149
1339327.3.peg.4739.site.10, 1, 137, 138
1339327.3.peg.4739.site.11, 85, 137, 222
1339327.3.peg.4739.site.12, 0, 137, 137
1339327.3.peg.4739.site.13, 3, 136, 139
1339327.3.peg.4739.site.14, 5, 137, 142
1339327.3.peg.4739.site.15, 12, 136, 148
1339327.3.peg.4739.site.16, 4, 137, 141
1339327.3.peg.4739.site.17, 31, 137, 168
1339327.3.peg.4739.site.18, 1, 137, 138
1339327.3.peg.4739.site.19, 2, 137, 139
1339327.3.peg.4739.site.20, 6, 134, 140
1339327.3.peg.4739.site.21, 79, 136, 215
1339327.3.peg.4739.site.22, 113, 135, 248
1339327.3.peg.4739.site.23, 0, 137, 137
1339327.3.peg.4739.site.24, 128, 137, 265
1339327.3.peg.4739.site.25, 12, 137, 149
1339327.3.peg.4739.site.26, 8, 137, 145
1339327.3.peg.4739.site.27, 114, 136, 250
1339327.3.peg.4739.site.28, 5, 137, 142
1339327.3.peg.4739.site.29, 1, 136, 137
1339327.3.peg.4739.site.30, 2, 136, 138
1339327.3.peg.4738.site.1, 1, 137, 138
1339327.3.peg.4738.site.2, 29, 137, 166
1339327.3.peg.4738.site.3, 4, 136, 140
1339327.3.peg.4738.site.4, 1, 137, 138
1339327.3.peg.4738.site.5, 1, 137, 138
1339327.3.peg.4738.site.6, 4, 137, 141
1339327.3.peg.4738.site.7, 4, 137, 141
1339327.3.peg.4738.site.8, 15, 136, 151
1339327.3.peg.4738.site.9, 2, 137, 139
1339327.3.peg.4738.site.10, 7, 136, 143
1339327.3.peg.4738.site.11, 15, 137, 152
1339327.3.peg.4738.site.12, 0, 137, 137
1339327.3.peg.4738.site.13, 3, 137, 140
1339327.3.peg.4738.site.14, 18, 137, 155
1339327.3.peg.4738.site.15, 4, 132, 136
1339327.3.peg.4738.site.16, 6, 135, 141
1339327.3.peg.4738.site.17, 0, 136, 136
1339327.3.peg.4738.site.18, 7, 137, 144
1339327.3.peg.4738.site.19, 1, 136, 137
1339327.3.peg.4738.site.20, 5, 136, 141
1339327.3.peg.4738.site.21, 3, 136, 139
1339327.3.peg.4738.site.22, 0, 135, 135
1339327.3.peg.4855.site.1, 14, 137, 151
1339327.3.peg.4855.site.2, 9, 137, 146
1339327.3.peg.4855.site.3, 0, 136, 136
1339327.3.peg.4855.site.4, 3, 134, 137
1339327.3.peg.4855.site.5, 10, 134, 144
1339327.3.peg.4855.site.6, 2, 136, 138
1339327.3.peg.4855.site.7, 3, 137, 140
1339327.3.peg.4855.site.8, 0, 137, 137
1339327.3.peg.4855.site.9, 7, 137, 144
1339327.3.peg.4855.site.10, 6, 137, 143
1339327.3.peg.4855.site.11, 119, 135, 254
1339327.3.peg.4855.site.12, 0, 137, 137
1339327.3.peg.4855.site.13, 81, 137, 218
1339327.3.peg.4855.site.14, 2, 137, 139
1339327.3.peg.4855.site.15, 5, 137, 142
1339327.3.peg.4855.site.16, 0, 136, 136
1339327.3.peg.4735.site.1, 45, 134, 179
1339327.3.peg.4735.site.2, 0, 128, 128
1339327.3.peg.4735.site.3, 129, 129, 258
1339327.3.peg.4735.site.4, 0, 133, 133
1339327.3.peg.4735.site.5, 6, 136, 142
1339327.3.peg.4735.site.6, 7, 137, 144
1339327.3.peg.4735.site.7, 6, 137, 143
1339327.3.peg.4735.site.8, 4, 137, 141
1339327.3.peg.4735.site.9, 10, 135, 145
1339327.3.peg.4735.site.10, 10, 137, 147
1339327.3.peg.4735.site.11, 77, 136, 213
1339327.3.peg.4735.site.12, 0, 137, 137
1339327.3.peg.4735.site.13, 4, 137, 141
1339327.3.peg.4735.site.14, 1, 136, 137
1339327.3.peg.4928.site.1, 0, 137, 137
1339327.3.peg.4928.site.2, 6, 136, 142
1339327.3.peg.4928.site.3, 123, 135, 258
1339327.3.peg.4928.site.4, 2, 137, 139
1339327.3.peg.4928.site.5, 7, 137, 144
1339327.3.peg.4928.site.6, 4, 137, 141
1339327.3.peg.4737.site.1, 49, 137, 186
1339327.3.peg.4737.site.2, 49, 137, 186
1339327.3.peg.4737.site.3, 4, 137, 141
1339327.3.peg.4737.site.4, 3, 137, 140
1339327.3.peg.4737.site.5, 11, 137, 148
1339327.3.peg.4737.site.6, 85, 136, 221
1339327.3.peg.4737.site.7, 0, 137, 137
1339327.3.peg.4737.site.8, 2, 137, 139
1339327.3.peg.4737.site.9, 44, 137, 181
1339327.3.peg.4737.site.10, 1, 136, 137
1339327.3.peg.4737.site.11, 4, 137, 141
1339327.3.peg.4737.site.12, 3, 137, 140
1339327.3.peg.4737.site.13, 28, 136, 164
1339327.3.peg.4737.site.14, 77, 135, 212
1339327.3.peg.4737.site.15, 0, 137, 137
1339327.3.peg.4736.site.1, 4, 137, 141
1339327.3.peg.4736.site.2, 18, 137, 155
1339327.3.peg.4736.site.3, 9, 137, 146
1339327.3.peg.4736.site.4, 5, 135, 140
1339327.3.peg.4736.site.5, 6, 137, 143
1339327.3.peg.4731.site.1, 7, 137, 144
1339327.3.peg.4731.site.2, 3, 137, 140
1339327.3.peg.4731.site.3, 1, 136, 137
1339327.3.peg.4731.site.4, 9, 137, 146
1339327.3.peg.4732.site.1, 0, 136, 136
1339327.3.peg.4732.site.2, 6, 136, 142
1339327.3.peg.4732.site.3, 3, 136, 139
1339327.3.peg.4732.site.4, 0, 136, 136
1339327.3.peg.4732.site.5, 115, 136, 251
1339327.3.peg.4732.site.6, 131, 137, 268
1339327.3.peg.4732.site.7, 72, 137, 209
1339327.3.peg.4732.site.8, 6, 137, 143
1339327.3.peg.4732.site.9, 53, 137, 190
1339327.3.peg.4732.site.10, 7, 137, 144
1339327.3.peg.4732.site.11, 3, 136, 139
1339327.3.peg.4732.site.12, 7, 135, 142
1339327.3.peg.1545.site.1, 4, 135, 139
1339327.3.peg.1545.site.2, 2, 136, 138
1339327.3.peg.1545.site.3, 2, 136, 138
1339327.3.peg.1545.site.4, 114, 137, 251
1339327.3.peg.1545.site.5, 1, 134, 135
1339327.3.peg.1545.site.6, 3, 136, 139
1339327.3.peg.1545.site.7, 21, 137, 158
1339327.3.peg.1545.site.8, 11, 137, 148
1339327.3.peg.1545.site.9, 127, 137, 264
1339327.3.peg.1545.site.10, 6, 137, 143
1339327.3.peg.1545.site.11, 3, 137, 140
1339327.3.peg.1545.site.12, 1, 136, 137
1339327.3.peg.1545.site.13, 5, 136, 141
1339327.3.peg.1545.site.14, 82, 135, 217
1339327.3.peg.1545.site.15, 98, 135, 233
1339327.3.peg.1545.site.16, 5, 137, 142
1339327.3.peg.1544.site.1, 0, 134, 134
1339327.3.peg.1544.site.2, 3, 134, 137
1339327.3.peg.1544.site.3, 0, 135, 135
1339327.3.peg.1544.site.4, 26, 136, 162
1339327.3.peg.1544.site.5, 110, 137, 247
1339327.3.peg.1544.site.6, 103, 137, 240
1339327.3.peg.1544.site.7, 3, 137, 140
1339327.3.peg.1544.site.8, 8, 136, 144
1339327.3.peg.1544.site.9, 3, 137, 140
1339327.3.peg.1544.site.10, 0, 137, 137
1339327.3.peg.1547.site.1, 1, 137, 138
1339327.3.peg.1547.site.2, 0, 137, 137
1339327.3.peg.1547.site.3, 5, 135, 140
1339327.3.peg.1547.site.4, 16, 134, 150
1339327.3.peg.1547.site.5, 16, 137, 153
1339327.3.peg.1547.site.6, 2, 135, 137
1339327.3.peg.1547.site.7, 6, 136, 142
1339327.3.peg.1547.site.8, 0, 135, 135
1339327.3.peg.1547.site.9, 21, 135, 156
1339327.3.peg.1547.site.10, 1, 130, 131
1339327.3.peg.1547.site.11, 19, 134, 153
1339327.3.peg.1547.site.12, 2, 134, 136
1339327.3.peg.1546.site.1, 120, 135, 255
1339327.3.peg.1546.site.2, 6, 131, 137
1339327.3.peg.1546.site.3, 68, 127, 195
1339327.3.peg.1546.site.4, 0, 132, 132
1339327.3.peg.1546.site.5, 0, 136, 136
1339327.3.peg.1546.site.6, 40, 136, 176
1339327.3.peg.1546.site.7, 3, 135, 138
1339327.3.peg.1546.site.8, 3, 135, 138
1339327.3.peg.1546.site.9, 2, 137, 139
1339327.3.peg.1546.site.10, 113, 137, 250
1339327.3.peg.1541.site.1, 6, 128, 134
1339327.3.peg.1541.site.2, 119, 129, 248
1339327.3.peg.1541.site.3, 26, 130, 156
1339327.3.peg.1541.site.4, 2, 131, 133
1339327.3.peg.1541.site.5, 1, 128, 129
1339327.3.peg.1541.site.6, 83, 130, 213
1339327.3.peg.1541.site.7, 0, 128, 128
1339327.3.peg.1541.site.8, 12, 129, 141
1339327.3.peg.1541.site.9, 3, 131, 134
1339327.3.peg.1541.site.10, 2, 131, 133
1339327.3.peg.1541.site.11, 2, 129, 131
1339327.3.peg.1541.site.12, 0, 129, 129
1339327.3.peg.1541.site.13, 0, 129, 129
1339327.3.peg.1541.site.14, 0, 129, 129
1339327.3.peg.1541.site.15, 0, 129, 129
1339327.3.peg.1542.site.1, 0, 130, 130
1339327.3.peg.1542.site.2, 0, 130, 130
1339327.3.peg.1542.site.3, 0, 131, 131
1339327.3.peg.1542.site.4, 2, 130, 132
1339327.3.peg.1542.site.5, 2, 131, 133
1339327.3.peg.1542.site.6, 3, 131, 134
1339327.3.peg.1542.site.7, 1, 131, 132
1339327.3.peg.1542.site.8, 13, 129, 142
1339327.3.peg.1542.site.9, 1, 129, 130
1339327.3.peg.1542.site.10, 71, 131, 202
1339327.3.peg.1542.site.11, 5, 130, 135
1339327.3.peg.1542.site.12, 3, 130, 133
1339327.3.peg.1542.site.13, 0, 129, 129
1339327.3.peg.1542.site.14, 6, 130, 136
1339327.3.peg.1542.site.15, 27, 126, 153
1339327.3.peg.1542.site.16, 0, 128, 128
1339327.3.peg.1542.site.17, 16, 129, 145
1339327.3.peg.1542.site.18, 3, 130, 133
1339327.3.peg.1542.site.19, 24, 130, 154
1339327.3.peg.1542.site.20, 0, 130, 130
1339327.3.peg.1542.site.21, 0, 130, 130
1339327.3.peg.1542.site.22, 0, 129, 129
1339327.3.peg.1542.site.23, 2, 129, 131
1339327.3.peg.1542.site.24, 34, 124, 158
1339327.3.peg.1542.site.25, 0, 128, 128
1339327.3.peg.1542.site.26, 8, 130, 138
1339327.3.peg.1542.site.27, 2, 131, 133
1339327.3.peg.1542.site.28, 0, 131, 131
1339327.3.peg.1542.site.29, 1, 130, 131
1339327.3.peg.1542.site.30, 2, 130, 132
1339327.3.peg.1542.site.31, 9, 131, 140
1339327.3.peg.1542.site.32, 0, 131, 131
1339327.3.peg.1542.site.33, 60, 131, 191
1339327.3.peg.1542.site.34, 4, 131, 135
1339327.3.peg.1542.site.35, 13, 131, 144
1339327.3.peg.1542.site.36, 2, 131, 133
1339327.3.peg.1542.site.37, 0, 129, 129
1339327.3.peg.1542.site.38, 69, 131, 200
1339327.3.peg.1542.site.39, 0, 129, 129
1339327.3.peg.1542.site.40, 0, 130, 130
1339327.3.peg.1542.site.41, 8, 130, 138
1339327.3.peg.2944.site.1, 18, 133, 151
1339327.3.peg.2944.site.2, 3, 133, 136
1339327.3.peg.2944.site.3, 49, 135, 184
1339327.3.peg.2944.site.4, 2, 135, 137
1339327.3.peg.2944.site.5, 93, 133, 226
1339327.3.peg.2944.site.6, 47, 133, 180
1339327.3.peg.2944.site.7, 52, 132, 184
1339327.3.peg.2944.site.8, 54, 126, 180
1339327.3.peg.2944.site.9, 10, 129, 139
1339327.3.peg.2944.site.10, 35, 128, 163
1339327.3.peg.2944.site.11, 19, 134, 153
1339327.3.peg.2944.site.12, 5, 136, 141
1339327.3.peg.2944.site.13, 47, 132, 179
1339327.3.peg.2944.site.14, 100, 136, 236
1339327.3.peg.2944.site.15, 1, 127, 128
1339327.3.peg.2944.site.16, 5, 132, 137
1339327.3.peg.2944.site.17, 67, 133, 200
1339327.3.peg.2945.site.1, 52, 137, 189
1339327.3.peg.2945.site.2, 3, 135, 138
1339327.3.peg.2945.site.3, 37, 136, 173
1339327.3.peg.2946.site.1, 12, 133, 145
1339327.3.peg.2946.site.2, 21, 133, 154
1339327.3.peg.2946.site.3, 35, 130, 165
1339327.3.peg.2946.site.4, 2, 133, 135
1339327.3.peg.2946.site.5, 2, 133, 135
1339327.3.peg.2946.site.6, 13, 133, 146
1339327.3.peg.2946.site.7, 2, 131, 133
1339327.3.peg.2946.site.8, 7, 132, 139
1339327.3.peg.2946.site.9, 2, 131, 133
1339327.3.peg.2946.site.10, 3, 135, 138
1339327.3.peg.2946.site.11, 16, 135, 151
1339327.3.peg.2946.site.12, 5, 136, 141
1339327.3.peg.2946.site.13, 60, 133, 193
1339327.3.peg.2946.site.14, 84, 133, 217
1339327.3.peg.2947.site.1, 0, 136, 136
1339327.3.peg.2947.site.2, 11, 135, 146
1339327.3.peg.2947.site.3, 1, 134, 135
1339327.3.peg.1549.site.1, 70, 136, 206
1339327.3.peg.1549.site.2, 6, 136, 142
1339327.3.peg.1549.site.3, 125, 135, 260
1339327.3.peg.1549.site.4, 5, 135, 140
1339327.3.peg.1549.site.5, 23, 135, 158
1339327.3.peg.1549.site.6, 86, 134, 220
1339327.3.peg.1549.site.7, 3, 135, 138
1339327.3.peg.1549.site.8, 3, 135, 138
1339327.3.peg.1549.site.9, 2, 136, 138
1339327.3.peg.1549.site.10, 3, 137, 140
1339327.3.peg.1549.site.11, 6, 135, 141
1339327.3.peg.1549.site.12, 25, 137, 162
1339327.3.peg.1549.site.13, 8, 135, 143
1339327.3.peg.1549.site.14, 20, 136, 156
1339327.3.peg.1549.site.15, 130, 136, 266
1339327.3.peg.1549.site.16, 16, 136, 152
1339327.3.peg.1549.site.17, 0, 134, 134
1339327.3.peg.2941.site.1, 31, 134, 165
1339327.3.peg.2941.site.2, 3, 135, 138
1339327.3.peg.2941.site.3, 1, 135, 136
1339327.3.peg.2941.site.4, 37, 135, 172
1339327.3.peg.2941.site.5, 131, 137, 268
1339327.3.peg.2941.site.6, 15, 137, 152
1339327.3.peg.2941.site.7, 14, 134, 148
1339327.3.peg.2941.site.8, 0, 135, 135
1339327.3.peg.2941.site.9, 16, 136, 152
1339327.3.peg.2941.site.10, 2, 133, 135
1339327.3.peg.2941.site.11, 2, 133, 135
1339327.3.peg.2941.site.12, 0, 136, 136
1339327.3.peg.2941.site.13, 20, 134, 154
1339327.3.peg.2941.site.14, 24, 134, 158
1339327.3.peg.2941.site.15, 26, 133, 159
1339327.3.peg.2941.site.16, 7, 133, 140
1339327.3.peg.2941.site.17, 23, 132, 155
1339327.3.peg.2942.site.1, 2, 136, 138
1339327.3.peg.2942.site.2, 11, 134, 145
1339327.3.peg.2942.site.3, 16, 134, 150
1339327.3.peg.2942.site.4, 13, 134, 147
1339327.3.peg.2942.site.5, 51, 136, 187
1339327.3.peg.2942.site.6, 44, 136, 180
1339327.3.peg.2943.site.1, 0, 133, 133
1339327.3.peg.2943.site.2, 15, 134, 149
1339327.3.peg.2943.site.3, 123, 134, 257
1339327.3.peg.2943.site.4, 0, 136, 136
1339327.3.peg.2943.site.5, 30, 136, 166
1339327.3.peg.2943.site.6, 36, 137, 173
1339327.3.peg.2943.site.7, 0, 135, 135
1339327.3.peg.2943.site.8, 2, 135, 137
1339327.3.peg.2943.site.9, 31, 135, 166
1339327.3.peg.2943.site.10, 2, 133, 135
1339327.3.peg.2943.site.11, 76, 134, 210
1339327.3.peg.2943.site.12, 29, 136, 165
1339327.3.peg.2943.site.13, 1, 136, 137
1339327.3.peg.2943.site.14, 0, 129, 129
1339327.3.peg.2943.site.15, 29, 137, 166
1339327.3.peg.2943.site.16, 0, 135, 135
1339327.3.peg.2943.site.17, 0, 135, 135
1339327.3.peg.2943.site.18, 12, 133, 145
1339327.3.peg.2943.site.19, 3, 135, 138
1339327.3.peg.2943.site.20, 3, 135, 138
1339327.3.peg.2943.site.21, 18, 135, 153
1339327.3.peg.2943.site.22, 0, 134, 134
1339327.3.peg.2943.site.23, 0, 133, 133
1339327.3.peg.2791.site.1, 0, 137, 137
1339327.3.peg.2791.site.2, 25, 136, 161
1339327.3.peg.2791.site.3, 0, 136, 136
1339327.3.peg.2791.site.4, 7, 136, 143
1339327.3.peg.2791.site.5, 5, 134, 139
1339327.3.peg.2791.site.6, 0, 131, 131
1339327.3.peg.2791.site.7, 1, 133, 134
1339327.3.peg.2790.site.1, 7, 134, 141
1339327.3.peg.2790.site.2, 0, 134, 134
1339327.3.peg.2790.site.3, 9, 136, 145
1339327.3.peg.2790.site.4, 29, 135, 164
1339327.3.peg.2790.site.5, 1, 135, 136
1339327.3.peg.2790.site.6, 41, 135, 176
1339327.3.peg.2790.site.7, 1, 134, 135
1339327.3.peg.2790.site.8, 6, 134, 140
1339327.3.peg.2790.site.9, 10, 136, 146
1339327.3.peg.2790.site.10, 29, 135, 164
1339327.3.peg.2790.site.11, 0, 134, 134
1339327.3.peg.4670.site.1, 3, 136, 139
1339327.3.peg.4670.site.2, 2, 135, 137
1339327.3.peg.4670.site.3, 2, 135, 137
1339327.3.peg.4670.site.4, 58, 135, 193
1339327.3.peg.4670.site.5, 58, 135, 193
1339327.3.peg.4670.site.6, 64, 136, 200
1339327.3.peg.4670.site.7, 7, 136, 143
1339327.3.peg.4670.site.8, 3, 136, 139
1339327.3.peg.4670.site.9, 1, 137, 138
1339327.3.peg.4670.site.10, 4, 137, 141
1339327.3.peg.4670.site.11, 89, 137, 226
1339327.3.peg.4670.site.12, 17, 137, 154
1339327.3.peg.4670.site.13, 5, 135, 140
1339327.3.peg.4670.site.14, 3, 137, 140
1339327.3.peg.4670.site.15, 0, 136, 136
1339327.3.peg.4670.site.16, 0, 136, 136
1339327.3.peg.4670.site.17, 74, 137, 211
1339327.3.peg.4670.site.18, 0, 136, 136
1339327.3.peg.4671.site.1, 5, 137, 142
1339327.3.peg.4671.site.2, 53, 137, 190
1339327.3.peg.4671.site.3, 0, 137, 137
1339327.3.peg.4671.site.4, 0, 137, 137
1339327.3.peg.4671.site.5, 0, 137, 137
1339327.3.peg.4671.site.6, 2, 135, 137
1339327.3.peg.4672.site.1, 120, 137, 257
1339327.3.peg.4672.site.2, 5, 137, 142
1339327.3.peg.4672.site.3, 2, 137, 139
1339327.3.peg.4672.site.4, 30, 136, 166
1339327.3.peg.4672.site.5, 1, 137, 138
1339327.3.peg.4672.site.6, 1, 136, 137
1339327.3.peg.4672.site.7, 13, 135, 148
1339327.3.peg.4421.site.1, 3, 126, 129
1339327.3.peg.4421.site.2, 3, 126, 129
1339327.3.peg.4421.site.3, 3, 126, 129
1339327.3.peg.4421.site.4, 1, 128, 129
1339327.3.peg.4421.site.5, 0, 127, 127
1339327.3.peg.4421.site.6, 3, 127, 130
1339327.3.peg.4421.site.7, 3, 128, 131
1339327.3.peg.4421.site.8, 9, 127, 136
1339327.3.peg.4421.site.9, 0, 127, 127
1339327.3.peg.4421.site.10, 40, 126, 166
1339327.3.peg.4421.site.11, 3, 128, 131
1339327.3.peg.4421.site.12, 3, 128, 131
1339327.3.peg.4421.site.13, 3, 128, 131
1339327.3.peg.4421.site.14, 0, 127, 127
1339327.3.peg.4421.site.15, 15, 126, 141
1339327.3.peg.4421.site.16, 12, 127, 139
1339327.3.peg.1169.site.1, 0, 133, 133
1339327.3.peg.1169.site.2, 12, 137, 149
1339327.3.peg.1168.site.1, 11, 137, 148
1339327.3.peg.1168.site.2, 8, 136, 144
1339327.3.peg.1168.site.3, 4, 134, 138
1339327.3.peg.1168.site.4, 33, 136, 169
1339327.3.peg.1168.site.5, 2, 137, 139
1339327.3.peg.1168.site.6, 12, 137, 149
1339327.3.peg.1168.site.7, 1, 136, 137
1339327.3.peg.1168.site.8, 11, 137, 148
1339327.3.peg.1168.site.9, 1, 137, 138
1339327.3.peg.1168.site.10, 0, 131, 131
1339327.3.peg.1168.site.11, 0, 131, 131
1339327.3.peg.4425.site.1, 35, 124, 159
1339327.3.peg.4425.site.2, 5, 124, 129
1339327.3.peg.4425.site.3, 0, 125, 125
1339327.3.peg.4425.site.4, 0, 126, 126
1339327.3.peg.4425.site.5, 0, 126, 126
1339327.3.peg.4425.site.6, 1, 127, 128
1339327.3.peg.4425.site.7, 3, 127, 130
1339327.3.peg.4425.site.8, 110, 127, 237
1339327.3.peg.4425.site.9, 92, 125, 217
1339327.3.peg.4425.site.10, 9, 127, 136
1339327.3.peg.4425.site.11, 2, 126, 128
1339327.3.peg.4425.site.12, 0, 118, 118
1339327.3.peg.4425.site.13, 7, 126, 133
1339327.3.peg.4425.site.14, 1, 127, 128
1339327.3.peg.4424.site.1, 3, 126, 129
1339327.3.peg.4424.site.2, 3, 127, 130
1339327.3.peg.4424.site.3, 3, 127, 130
1339327.3.peg.4424.site.4, 17, 127, 144
1339327.3.peg.4424.site.5, 12, 127, 139
1339327.3.peg.4424.site.6, 3, 128, 131
1339327.3.peg.4424.site.7, 1, 127, 128
1339327.3.peg.4424.site.8, 6, 126, 132
1339327.3.peg.4424.site.9, 3, 126, 129
1339327.3.peg.4424.site.10, 23, 123, 146
1339327.3.peg.4424.site.11, 27, 124, 151
1339327.3.peg.4424.site.12, 18, 126, 144
1339327.3.peg.4424.site.13, 8, 127, 135
1339327.3.peg.4424.site.14, 3, 127, 130
1339327.3.peg.4424.site.15, 1, 127, 128
1339327.3.peg.4424.site.16, 0, 127, 127
1339327.3.peg.4424.site.17, 5, 126, 131
1339327.3.peg.4424.site.18, 2, 126, 128
1339327.3.peg.4424.site.19, 1, 127, 128
1339327.3.peg.4424.site.20, 2, 127, 129
1339327.3.peg.4424.site.21, 0, 126, 126
1339327.3.peg.4424.site.22, 3, 126, 129
1339327.3.peg.4424.site.23, 5, 127, 132
1339327.3.peg.4424.site.24, 2, 126, 128
1339327.3.peg.4424.site.25, 0, 126, 126
1339327.3.peg.4424.site.26, 17, 126, 143
1339327.3.peg.4424.site.27, 3, 127, 130
1339327.3.peg.4424.site.28, 7, 125, 132
1339327.3.peg.4424.site.29, 3, 126, 129
1339327.3.peg.4424.site.30, 3, 126, 129
1339327.3.peg.4424.site.31, 3, 127, 130
1339327.3.peg.4424.site.32, 4, 126, 130
1339327.3.peg.4424.site.33, 3, 127, 130
1339327.3.peg.4424.site.34, 4, 127, 131
1339327.3.peg.4424.site.35, 2, 127, 129
1339327.3.peg.4424.site.36, 1, 127, 128
1339327.3.peg.4424.site.37, 116, 126, 242
1339327.3.peg.4424.site.38, 0, 126, 126
1339327.3.peg.4424.site.39, 27, 126, 153
1339327.3.peg.4424.site.40, 3, 128, 131
1339327.3.peg.4424.site.41, 3, 126, 129
1339327.3.peg.4424.site.42, 1, 127, 128
1339327.3.peg.4424.site.43, 3, 128, 131
1339327.3.peg.4424.site.44, 3, 128, 131
1339327.3.peg.4424.site.45, 0, 127, 127
1339327.3.peg.4424.site.46, 4, 127, 131
1339327.3.peg.4424.site.47, 3, 128, 131
1339327.3.peg.4424.site.48, 3, 128, 131
1339327.3.peg.4424.site.49, 2, 123, 125
1339327.3.peg.4424.site.50, 3, 123, 126
1339327.3.peg.4424.site.51, 3, 128, 131
1339327.3.peg.4424.site.52, 3, 127, 130
1339327.3.peg.4424.site.53, 4, 126, 130
1339327.3.peg.4424.site.54, 2, 126, 128
1339327.3.peg.4424.site.55, 3, 125, 128
1339327.3.peg.4424.site.56, 12, 126, 138
1339327.3.peg.4424.site.57, 11, 127, 138
1339327.3.peg.4424.site.58, 0, 123, 123
1339327.3.peg.4424.site.59, 0, 122, 122
1339327.3.peg.4427.site.1, 2, 136, 138
1339327.3.peg.4427.site.2, 11, 136, 147
1339327.3.peg.4427.site.3, 2, 136, 138
1339327.3.peg.4427.site.4, 3, 135, 138
1339327.3.peg.4427.site.5, 0, 135, 135
1339327.3.peg.4427.site.6, 2, 135, 137
1339327.3.peg.4427.site.7, 58, 134, 192
1339327.3.peg.4427.site.8, 18, 133, 151
1339327.3.peg.4426.site.1, 7, 126, 133
1339327.3.peg.4426.site.2, 1, 126, 127
1339327.3.peg.4426.site.3, 1, 125, 126
1339327.3.peg.4426.site.4, 98, 126, 224
1339327.3.peg.4426.site.5, 1, 126, 127
1339327.3.peg.4426.site.6, 1, 125, 126
1339327.3.peg.4426.site.7, 7, 125, 132
1339327.3.peg.4426.site.8, 1, 124, 125
1339327.3.peg.4426.site.9, 1, 127, 128
1339327.3.peg.4426.site.10, 1, 125, 126
1339327.3.peg.4426.site.11, 60, 126, 186
1339327.3.peg.4426.site.12, 0, 124, 124
1339327.3.peg.1163.site.1, 0, 129, 129
1339327.3.peg.1163.site.2, 7, 128, 135
1339327.3.peg.1163.site.3, 14, 131, 145
1339327.3.peg.1163.site.4, 3, 134, 137
1339327.3.peg.1163.site.5, 3, 133, 136
1339327.3.peg.1163.site.6, 16, 134, 150
1339327.3.peg.1163.site.7, 3, 133, 136
1339327.3.peg.1163.site.8, 3, 132, 135
1339327.3.peg.1163.site.9, 0, 132, 132
1339327.3.peg.1163.site.10, 4, 133, 137
1339327.3.peg.1163.site.11, 20, 133, 153
1339327.3.peg.1163.site.12, 1, 133, 134
1339327.3.peg.1163.site.13, 3, 133, 136
1339327.3.peg.1163.site.14, 10, 134, 144
1339327.3.peg.1163.site.15, 9, 134, 143
1339327.3.peg.1163.site.16, 0, 132, 132
1339327.3.peg.1163.site.17, 4, 134, 138
1339327.3.peg.1163.site.18, 16, 133, 149
1339327.3.peg.1163.site.19, 26, 133, 159
1339327.3.peg.1163.site.20, 26, 133, 159
1339327.3.peg.1163.site.21, 7, 134, 141
1339327.3.peg.1163.site.22, 19, 133, 152
1339327.3.peg.1163.site.23, 0, 134, 134
1339327.3.peg.1163.site.24, 6, 134, 140
1339327.3.peg.1163.site.25, 34, 133, 167
1339327.3.peg.1163.site.26, 52, 134, 186
1339327.3.peg.1163.site.27, 6, 134, 140
1339327.3.peg.1163.site.28, 3, 133, 136
1339327.3.peg.1162.site.1, 87, 134, 221
1339327.3.peg.1162.site.2, 18, 134, 152
1339327.3.peg.1162.site.3, 3, 133, 136
1339327.3.peg.1162.site.4, 9, 133, 142
1339327.3.peg.1162.site.5, 16, 133, 149
1339327.3.peg.1162.site.6, 4, 132, 136
1339327.3.peg.1162.site.7, 114, 133, 247
1339327.3.peg.1162.site.8, 18, 134, 152
1339327.3.peg.1162.site.9, 18, 134, 152
1339327.3.peg.1162.site.10, 52, 133, 185
1339327.3.peg.1162.site.11, 42, 133, 175
1339327.3.peg.1162.site.12, 4, 134, 138
1339327.3.peg.1162.site.13, 24, 133, 157
1339327.3.peg.1162.site.14, 12, 132, 144
1339327.3.peg.1162.site.15, 2, 131, 133
1339327.3.peg.1162.site.16, 2, 133, 135
1339327.3.peg.1162.site.17, 0, 133, 133
1339327.3.peg.1162.site.18, 38, 132, 170
1339327.3.peg.1162.site.19, 2, 132, 134
1339327.3.peg.1162.site.20, 23, 133, 156
1339327.3.peg.1162.site.21, 0, 134, 134
1339327.3.peg.1162.site.22, 3, 134, 137
1339327.3.peg.1162.site.23, 3, 132, 135
1339327.3.peg.1162.site.24, 0, 134, 134
1339327.3.peg.1162.site.25, 3, 134, 137
1339327.3.peg.1162.site.26, 4, 134, 138
1339327.3.peg.1162.site.27, 59, 134, 193
1339327.3.peg.1162.site.28, 86, 133, 219
1339327.3.peg.1162.site.29, 23, 132, 155
1339327.3.peg.1162.site.30, 12, 133, 145
1339327.3.peg.1162.site.31, 3, 134, 137
1339327.3.peg.1161.site.1, 9, 133, 142
1339327.3.peg.1161.site.2, 3, 134, 137
1339327.3.peg.1161.site.3, 21, 134, 155
1339327.3.peg.1161.site.4, 0, 133, 133
1339327.3.peg.1161.site.5, 0, 134, 134
1339327.3.peg.1161.site.6, 15, 133, 148
1339327.3.peg.1161.site.7, 3, 132, 135
1339327.3.peg.1161.site.8, 4, 133, 137
1339327.3.peg.1161.site.9, 103, 134, 237
1339327.3.peg.1161.site.10, 2, 134, 136
1339327.3.peg.1161.site.11, 6, 134, 140
1339327.3.peg.1161.site.12, 0, 134, 134
1339327.3.peg.1161.site.13, 119, 134, 253
1339327.3.peg.1161.site.14, 3, 133, 136
1339327.3.peg.1161.site.15, 10, 133, 143
1339327.3.peg.1161.site.16, 3, 133, 136
1339327.3.peg.1161.site.17, 1, 134, 135
1339327.3.peg.1161.site.18, 59, 134, 193
1339327.3.peg.1161.site.19, 0, 133, 133
1339327.3.peg.1161.site.20, 28, 134, 162
1339327.3.peg.1161.site.21, 34, 134, 168
1339327.3.peg.1161.site.22, 117, 134, 251
1339327.3.peg.1161.site.23, 4, 134, 138
1339327.3.peg.1167.site.1, 3, 137, 140
1339327.3.peg.1167.site.2, 34, 137, 171
1339327.3.peg.1167.site.3, 15, 137, 152
1339327.3.peg.1167.site.4, 23, 137, 160
1339327.3.peg.1167.site.5, 1, 137, 138
1339327.3.peg.1167.site.6, 12, 137, 149
1339327.3.peg.1167.site.7, 43, 137, 180
1339327.3.peg.1167.site.8, 13, 137, 150
1339327.3.peg.1167.site.9, 1, 136, 137
1339327.3.peg.1167.site.10, 0, 134, 134
1339327.3.peg.1167.site.11, 4, 137, 141
1339327.3.peg.1167.site.12, 5, 137, 142
1339327.3.peg.1167.site.13, 2, 137, 139
1339327.3.peg.1167.site.14, 29, 136, 165
1339327.3.peg.1167.site.15, 107, 135, 242
1339327.3.peg.1167.site.16, 1, 137, 138
1339327.3.peg.1167.site.17, 89, 137, 226
1339327.3.peg.1167.site.18, 124, 137, 261
1339327.3.peg.1167.site.19, 3, 137, 140
1339327.3.peg.1167.site.20, 20, 136, 156
1339327.3.peg.1167.site.21, 1, 137, 138
1339327.3.peg.1167.site.22, 9, 136, 145
1339327.3.peg.1166.site.1, 15, 133, 148
1339327.3.peg.1166.site.2, 23, 132, 155
1339327.3.peg.1166.site.3, 21, 132, 153
1339327.3.peg.1166.site.4, 0, 134, 134
1339327.3.peg.1166.site.5, 0, 132, 132
1339327.3.peg.1165.site.1, 4, 133, 137
1339327.3.peg.1165.site.2, 1, 133, 134
1339327.3.peg.1165.site.3, 70, 131, 201
1339327.3.peg.1165.site.4, 4, 133, 137
1339327.3.peg.1165.site.5, 15, 133, 148
1339327.3.peg.1165.site.6, 15, 133, 148
1339327.3.peg.1165.site.7, 2, 134, 136
1339327.3.peg.1165.site.8, 3, 134, 137
1339327.3.peg.1165.site.9, 3, 134, 137
1339327.3.peg.1164.site.1, 0, 134, 134
1339327.3.peg.1164.site.2, 7, 134, 141
1339327.3.peg.1164.site.3, 9, 134, 143
1339327.3.peg.1164.site.4, 7, 133, 140
1339327.3.peg.1164.site.5, 84, 132, 216
1339327.3.peg.1164.site.6, 23, 134, 157
1339327.3.peg.1164.site.7, 11, 134, 145
1339327.3.peg.1164.site.8, 4, 133, 137
1339327.3.peg.1164.site.9, 128, 134, 262
1339327.3.peg.1164.site.10, 94, 133, 227
1339327.3.peg.1164.site.11, 8, 134, 142
1339327.3.peg.1164.site.12, 114, 133, 247
1339327.3.peg.1164.site.13, 1, 134, 135
1339327.3.peg.1164.site.14, 100, 134, 234
1339327.3.peg.1164.site.15, 3, 134, 137
1339327.3.peg.1164.site.16, 25, 134, 159
1339327.3.peg.1164.site.17, 3, 134, 137
1339327.3.peg.1164.site.18, 15, 134, 149
1339327.3.peg.1164.site.19, 8, 133, 141
1339327.3.peg.1164.site.20, 14, 128, 142
1339327.3.peg.1164.site.21, 0, 128, 128
1339327.3.peg.1164.site.22, 13, 133, 146
1339327.3.peg.1164.site.23, 0, 134, 134
1339327.3.peg.1164.site.24, 3, 134, 137
1339327.3.peg.1164.site.25, 4, 133, 137
1339327.3.peg.1164.site.26, 28, 134, 162
1339327.3.peg.1164.site.27, 34, 134, 168
1339327.3.peg.1164.site.28, 6, 134, 140
1339327.3.peg.1164.site.29, 5, 134, 139
1339327.3.peg.1164.site.30, 23, 134, 157
1339327.3.peg.1164.site.31, 6, 133, 139
1339327.3.peg.1164.site.32, 15, 134, 149
1339327.3.peg.1164.site.33, 7, 134, 141
1339327.3.peg.1164.site.34, 0, 133, 133
1339327.3.peg.1164.site.35, 20, 134, 154
1339327.3.peg.1164.site.36, 0, 133, 133
1339327.3.peg.1164.site.37, 0, 134, 134
1339327.3.peg.1164.site.38, 4, 134, 138
1339327.3.peg.1164.site.39, 0, 134, 134
1339327.3.peg.1164.site.40, 3, 134, 137
1339327.3.peg.1164.site.41, 8, 134, 142
1339327.3.peg.1164.site.42, 3, 132, 135
1339327.3.peg.1164.site.43, 1, 132, 133
1339327.3.peg.1164.site.44, 0, 134, 134
1339327.3.peg.1164.site.45, 1, 133, 134
1339327.3.peg.2707.site.1, 4, 87, 91
1339327.3.peg.2707.site.2, 2, 86, 88
1339327.3.peg.2707.site.3, 6, 85, 91
1339327.3.peg.2707.site.4, 5, 133, 138
1339327.3.peg.2707.site.5, 2, 132, 134
1339327.3.peg.2707.site.6, 3, 135, 138
1339327.3.peg.3512.site.1, 18, 123, 141
1339327.3.peg.3512.site.2, 42, 122, 164
1339327.3.peg.3512.site.3, 1, 122, 123
1339327.3.peg.3512.site.4, 14, 123, 137
1339327.3.peg.3512.site.5, 9, 123, 132
1339327.3.peg.3512.site.6, 1, 125, 126
1339327.3.peg.3512.site.7, 4, 122, 126
1339327.3.peg.3512.site.8, 3, 122, 125
1339327.3.peg.3512.site.9, 10, 122, 132
1339327.3.peg.3512.site.10, 1, 121, 122
1339327.3.peg.3512.site.11, 14, 123, 137
1339327.3.peg.3512.site.12, 1, 124, 125
1339327.3.peg.3512.site.13, 1, 123, 124
1339327.3.peg.3512.site.14, 0, 123, 123
1339327.3.peg.2702.site.1, 129, 135, 264
1339327.3.peg.2702.site.2, 3, 134, 137
1339327.3.peg.2702.site.3, 2, 135, 137
1339327.3.peg.2702.site.4, 43, 135, 178
1339327.3.peg.2702.site.5, 1, 131, 132
1339327.3.peg.2702.site.6, 105, 132, 237
1339327.3.peg.2702.site.7, 7, 120, 127
1339327.3.peg.2702.site.8, 2, 124, 126
1339327.3.peg.2702.site.9, 1, 134, 135
1339327.3.peg.2702.site.10, 11, 134, 145
1339327.3.peg.2702.site.11, 6, 130, 136
1339327.3.peg.2702.site.12, 1, 87, 88
1339327.3.peg.2702.site.13, 1, 87, 88
1339327.3.peg.2702.site.14, 1, 89, 90
1339327.3.peg.4676.site.1, 13, 137, 150
1339327.3.peg.4676.site.2, 2, 137, 139
1339327.3.peg.4676.site.3, 0, 134, 134
1339327.3.peg.4676.site.4, 6, 136, 142
1339327.3.peg.4676.site.5, 2, 134, 136
1339327.3.peg.4676.site.6, 4, 134, 138
1339327.3.peg.4676.site.7, 0, 135, 135
1339327.3.peg.4676.site.8, 4, 135, 139
1339327.3.peg.4676.site.9, 4, 136, 140
1339327.3.peg.4676.site.10, 3, 134, 137
1339327.3.peg.4676.site.11, 121, 133, 254
1339327.3.peg.4676.site.12, 122, 134, 256
1339327.3.peg.4676.site.13, 13, 135, 148
1339327.3.peg.4676.site.14, 11, 136, 147
1339327.3.peg.4676.site.15, 7, 135, 142
1339327.3.peg.4676.site.16, 19, 136, 155
1339327.3.peg.4676.site.17, 16, 136, 152
1339327.3.peg.4676.site.18, 3, 136, 139
1339327.3.peg.4676.site.19, 1, 133, 134
1339327.3.peg.4676.site.20, 1, 134, 135
1339327.3.peg.2700.site.1, 0, 136, 136
1339327.3.peg.2700.site.2, 3, 136, 139
1339327.3.peg.2700.site.3, 2, 137, 139
1339327.3.peg.2701.site.1, 3, 132, 135
1339327.3.peg.2701.site.2, 4, 132, 136
1339327.3.peg.2701.site.3, 6, 134, 140
1339327.3.peg.3338.site.1, 1, 132, 133
1339327.3.peg.3338.site.2, 3, 133, 136
1339327.3.peg.778.site.1, 2, 137, 139
1339327.3.peg.778.site.2, 2, 137, 139
1339327.3.peg.778.site.3, 0, 136, 136
1339327.3.peg.4677.site.1, 18, 135, 153
1339327.3.peg.4677.site.2, 5, 137, 142
1339327.3.peg.4677.site.3, 2, 137, 139
1339327.3.peg.4677.site.4, 0, 137, 137
1339327.3.peg.4677.site.5, 5, 136, 141
1339327.3.peg.4677.site.6, 11, 137, 148
1339327.3.peg.4677.site.7, 23, 137, 160
1339327.3.peg.4677.site.8, 1, 135, 136
1339327.3.peg.4677.site.9, 2, 135, 137
1339327.3.peg.4677.site.10, 19, 137, 156
1339327.3.peg.4677.site.11, 1, 135, 136
1339327.3.peg.4677.site.12, 2, 136, 138
1339327.3.peg.2708.site.1, 4, 135, 139
1339327.3.peg.2708.site.2, 73, 135, 208
1339327.3.peg.2708.site.3, 106, 134, 240
1339327.3.peg.2708.site.4, 102, 134, 236
1339327.3.peg.2708.site.5, 93, 127, 220
1339327.3.peg.2708.site.6, 4, 135, 139
1339327.3.peg.2709.site.1, 95, 135, 230
1339327.3.peg.2709.site.2, 0, 135, 135
1339327.3.peg.2709.site.3, 1, 137, 138
1339327.3.peg.2709.site.4, 130, 136, 266
1339327.3.peg.2709.site.5, 11, 134, 145
1339327.3.peg.2709.site.6, 1, 134, 135
1339327.3.peg.2709.site.7, 0, 129, 129
1339327.3.peg.5080.site.1, 2, 136, 138
1339327.3.peg.5080.site.2, 3, 135, 138
1339327.3.peg.5080.site.3, 2, 136, 138
1339327.3.peg.5080.site.4, 1, 135, 136
1339327.3.peg.5080.site.5, 1, 134, 135
1339327.3.peg.5080.site.6, 1, 135, 136
1339327.3.peg.5080.site.7, 0, 133, 133
1339327.3.peg.5080.site.8, 3, 134, 137
1339327.3.peg.5080.site.9, 5, 135, 140
1339327.3.peg.5080.site.10, 0, 135, 135
1339327.3.peg.5081.site.1, 16, 133, 149
1339327.3.peg.5081.site.2, 9, 135, 144
1339327.3.peg.5081.site.3, 34, 135, 169
1339327.3.peg.5081.site.4, 82, 135, 217
1339327.3.peg.5081.site.5, 4, 135, 139
1339327.3.peg.5081.site.6, 5, 134, 139
1339327.3.peg.5082.site.1, 34, 135, 169
1339327.3.peg.5082.site.2, 1, 134, 135
1339327.3.peg.5082.site.3, 8, 134, 142
1339327.3.peg.5082.site.4, 52, 135, 187
1339327.3.peg.5082.site.5, 105, 135, 240
1339327.3.peg.5083.site.1, 1, 134, 135
1339327.3.peg.5083.site.2, 0, 134, 134
1339327.3.peg.5083.site.3, 10, 134, 144
1339327.3.peg.5083.site.4, 0, 135, 135
1339327.3.peg.5083.site.5, 14, 134, 148
1339327.3.peg.5083.site.6, 57, 135, 192
1339327.3.peg.5083.site.7, 27, 134, 161
1339327.3.peg.5083.site.8, 11, 134, 145
1339327.3.peg.5083.site.9, 97, 131, 228
1339327.3.peg.5083.site.10, 23, 129, 152
1339327.3.peg.5083.site.11, 2, 130, 132
1339327.3.peg.5083.site.12, 4, 131, 135
1339327.3.peg.5083.site.13, 3, 136, 139
1339327.3.peg.5083.site.14, 0, 137, 137
1339327.3.peg.5083.site.15, 1, 136, 137
1339327.3.peg.5083.site.16, 5, 137, 142
1339327.3.peg.5084.site.1, 1, 134, 135
1339327.3.peg.5084.site.2, 18, 134, 152
1339327.3.peg.5084.site.3, 0, 135, 135
1339327.3.peg.5084.site.4, 62, 135, 197
1339327.3.peg.5084.site.5, 4, 135, 139
1339327.3.peg.5084.site.6, 0, 135, 135
1339327.3.peg.5084.site.7, 0, 135, 135
1339327.3.peg.5084.site.8, 28, 134, 162
1339327.3.peg.5084.site.9, 3, 134, 137
1339327.3.peg.5084.site.10, 9, 134, 143
1339327.3.peg.5084.site.11, 1, 135, 136
1339327.3.peg.5084.site.12, 18, 134, 152
1339327.3.peg.5084.site.13, 14, 135, 149
1339327.3.peg.5084.site.14, 9, 135, 144
1339327.3.peg.5084.site.15, 3, 135, 138
1339327.3.peg.5084.site.16, 3, 134, 137
1339327.3.peg.5084.site.17, 0, 134, 134
1339327.3.peg.5084.site.18, 3, 135, 138
1339327.3.peg.5084.site.19, 1, 134, 135
1339327.3.peg.5084.site.20, 25, 133, 158
1339327.3.peg.5084.site.21, 0, 134, 134
1339327.3.peg.5084.site.22, 79, 133, 212
1339327.3.peg.5084.site.23, 15, 134, 149
1339327.3.peg.5084.site.24, 3, 134, 137
1339327.3.peg.5086.site.1, 0, 134, 134
1339327.3.peg.5086.site.2, 1, 134, 135
1339327.3.peg.5086.site.3, 3, 134, 137
1339327.3.peg.5086.site.4, 0, 133, 133
1339327.3.peg.5086.site.5, 2, 133, 135
1339327.3.peg.5086.site.6, 125, 125, 250
1339327.3.peg.5086.site.7, 123, 123, 246
1339327.3.peg.5086.site.8, 2, 134, 136
1339327.3.peg.5086.site.9, 114, 135, 249
1339327.3.peg.5086.site.10, 8, 134, 142
1339327.3.peg.5086.site.11, 4, 134, 138
1339327.3.peg.5086.site.12, 15, 135, 150
1339327.3.peg.5086.site.13, 10, 134, 144
1339327.3.peg.5086.site.14, 105, 135, 240
1339327.3.peg.5086.site.15, 1, 135, 136
1339327.3.peg.3513.site.1, 13, 124, 137
1339327.3.peg.3513.site.2, 10, 124, 134
1339327.3.peg.3513.site.3, 0, 125, 125
1339327.3.peg.3513.site.4, 0, 124, 124
1339327.3.peg.779.site.1, 3, 137, 140
1339327.3.peg.779.site.2, 6, 137, 143
1339327.3.peg.779.site.3, 21, 137, 158
1339327.3.peg.779.site.4, 0, 137, 137
1339327.3.peg.5062.site.1, 17, 136, 153
1339327.3.peg.5062.site.2, 2, 137, 139
1339327.3.peg.5062.site.3, 19, 136, 155
1339327.3.peg.5062.site.4, 0, 132, 132
1339327.3.peg.2018.site.1, 1, 136, 137
1339327.3.peg.2018.site.2, 2, 133, 135
1339327.3.peg.2018.site.3, 44, 136, 180
1339327.3.peg.2018.site.4, 3, 135, 138
1339327.3.peg.2018.site.5, 0, 137, 137
1339327.3.peg.2018.site.6, 1, 135, 136
1339327.3.peg.2018.site.7, 3, 136, 139
1339327.3.peg.2018.site.8, 12, 128, 140
1339327.3.peg.2019.site.1, 25, 135, 160
1339327.3.peg.2019.site.2, 1, 135, 136
1339327.3.peg.2012.site.1, 3, 136, 139
1339327.3.peg.2012.site.2, 90, 135, 225
1339327.3.peg.2012.site.3, 2, 136, 138
1339327.3.peg.2012.site.4, 2, 133, 135
1339327.3.peg.2012.site.5, 49, 133, 182
1339327.3.peg.2012.site.6, 8, 135, 143
1339327.3.peg.2012.site.7, 49, 131, 180
1339327.3.peg.2012.site.8, 14, 135, 149
1339327.3.peg.2012.site.9, 91, 134, 225
1339327.3.peg.2012.site.10, 0, 121, 121
1339327.3.peg.2012.site.11, 4, 136, 140
1339327.3.peg.2012.site.12, 92, 136, 228
1339327.3.peg.2012.site.13, 1, 131, 132
1339327.3.peg.2012.site.14, 5, 129, 134
1339327.3.peg.2012.site.15, 0, 137, 137
1339327.3.peg.2012.site.16, 7, 137, 144
1339327.3.peg.2012.site.17, 9, 136, 145
1339327.3.peg.2012.site.18, 50, 136, 186
1339327.3.peg.2010.site.1, 41, 136, 177
1339327.3.peg.2010.site.2, 39, 134, 173
1339327.3.peg.2010.site.3, 3, 135, 138
1339327.3.peg.2010.site.4, 7, 135, 142
1339327.3.peg.2010.site.5, 18, 135, 153
1339327.3.peg.2010.site.6, 0, 137, 137
1339327.3.peg.2010.site.7, 1, 135, 136
1339327.3.peg.2010.site.8, 0, 136, 136
1339327.3.peg.2010.site.9, 1, 135, 136
1339327.3.peg.2010.site.10, 88, 135, 223
1339327.3.peg.2010.site.11, 4, 134, 138
1339327.3.peg.2010.site.12, 4, 131, 135
1339327.3.peg.2010.site.13, 1, 132, 133
1339327.3.peg.2010.site.14, 3, 123, 126
1339327.3.peg.2010.site.15, 1, 122, 123
1339327.3.peg.2010.site.16, 35, 113, 148
1339327.3.peg.2010.site.17, 128, 136, 264
1339327.3.peg.2010.site.18, 129, 137, 266
1339327.3.peg.2010.site.19, 20, 133, 153
1339327.3.peg.2010.site.20, 3, 136, 139
1339327.3.peg.2010.site.21, 2, 137, 139
1339327.3.peg.2010.site.22, 120, 136, 256
1339327.3.peg.2010.site.23, 0, 137, 137
1339327.3.peg.2010.site.24, 2, 136, 138
1339327.3.peg.2010.site.25, 3, 135, 138
1339327.3.peg.2010.site.26, 37, 136, 173
1339327.3.peg.2010.site.27, 2, 137, 139
1339327.3.peg.2010.site.28, 20, 136, 156
1339327.3.peg.2010.site.29, 4, 134, 138
1339327.3.peg.2010.site.30, 3, 134, 137
1339327.3.peg.2010.site.31, 16, 128, 144
1339327.3.peg.2010.site.32, 117, 128, 245
1339327.3.peg.2010.site.33, 7, 131, 138
1339327.3.peg.2010.site.34, 7, 134, 141
1339327.3.peg.2010.site.35, 5, 135, 140
1339327.3.peg.2010.site.36, 24, 134, 158
1339327.3.peg.2010.site.37, 1, 137, 138
1339327.3.peg.2010.site.38, 4, 136, 140
1339327.3.peg.2010.site.39, 1, 137, 138
1339327.3.peg.2010.site.40, 11, 135, 146
1339327.3.peg.2010.site.41, 3, 135, 138
1339327.3.peg.2010.site.42, 7, 137, 144
1339327.3.peg.2010.site.43, 4, 135, 139
1339327.3.peg.2010.site.44, 2, 135, 137
1339327.3.peg.2010.site.45, 127, 135, 262
1339327.3.peg.2010.site.46, 4, 131, 135
1339327.3.peg.2010.site.47, 13, 121, 134
1339327.3.peg.2010.site.48, 0, 130, 130
1339327.3.peg.2011.site.1, 20, 133, 153
1339327.3.peg.2011.site.2, 2, 135, 137
1339327.3.peg.2011.site.3, 10, 136, 146
1339327.3.peg.2011.site.4, 2, 136, 138
1339327.3.peg.2011.site.5, 4, 136, 140
1339327.3.peg.2011.site.6, 0, 136, 136
1339327.3.peg.2011.site.7, 18, 136, 154
1339327.3.peg.2011.site.8, 3, 136, 139
1339327.3.peg.2011.site.9, 2, 134, 136
1339327.3.peg.2011.site.10, 2, 137, 139
1339327.3.peg.2011.site.11, 96, 137, 233
1339327.3.peg.2011.site.12, 10, 137, 147
1339327.3.peg.2011.site.13, 3, 137, 140
1339327.3.peg.2011.site.14, 12, 134, 146
1339327.3.peg.2011.site.15, 2, 133, 135
1339327.3.peg.2011.site.16, 0, 135, 135
1339327.3.peg.2011.site.17, 5, 134, 139
1339327.3.peg.2011.site.18, 2, 137, 139
1339327.3.peg.2011.site.19, 102, 137, 239
1339327.3.peg.2011.site.20, 11, 134, 145
1339327.3.peg.2011.site.21, 15, 134, 149
1339327.3.peg.2011.site.22, 95, 134, 229
1339327.3.peg.2011.site.23, 1, 132, 133
1339327.3.peg.2016.site.1, 4, 134, 138
1339327.3.peg.2016.site.2, 2, 132, 134
1339327.3.peg.2016.site.3, 5, 133, 138
1339327.3.peg.2016.site.4, 14, 133, 147
1339327.3.peg.2016.site.5, 18, 133, 151
1339327.3.peg.2016.site.6, 15, 133, 148
1339327.3.peg.2016.site.7, 0, 132, 132
1339327.3.peg.2016.site.8, 20, 130, 150
1339327.3.peg.2017.site.1, 2, 136, 138
1339327.3.peg.2017.site.2, 3, 136, 139
1339327.3.peg.2017.site.3, 0, 137, 137
1339327.3.peg.2017.site.4, 19, 134, 153
1339327.3.peg.2017.site.5, 39, 133, 172
1339327.3.peg.2017.site.6, 119, 132, 251
1339327.3.peg.2017.site.7, 90, 135, 225
1339327.3.peg.2017.site.8, 12, 137, 149
1339327.3.peg.2017.site.9, 5, 136, 141
1339327.3.peg.2017.site.10, 96, 136, 232
1339327.3.peg.2017.site.11, 4, 136, 140
1339327.3.peg.2017.site.12, 3, 136, 139
1339327.3.peg.2017.site.13, 17, 136, 153
1339327.3.peg.2017.site.14, 76, 133, 209
1339327.3.peg.2017.site.15, 5, 134, 139
1339327.3.peg.2017.site.16, 60, 135, 195
1339327.3.peg.2017.site.17, 120, 135, 255
1339327.3.peg.2017.site.18, 12, 136, 148
1339327.3.peg.2017.site.19, 16, 134, 150
1339327.3.peg.2017.site.20, 5, 136, 141
1339327.3.peg.2017.site.21, 10, 135, 145
1339327.3.peg.2017.site.22, 44, 135, 179
1339327.3.peg.2017.site.23, 52, 136, 188
1339327.3.peg.2017.site.24, 52, 135, 187
1339327.3.peg.2017.site.25, 62, 136, 198
1339327.3.peg.2017.site.26, 60, 134, 194
1339327.3.peg.2017.site.27, 64, 135, 199
1339327.3.peg.2017.site.28, 5, 132, 137
1339327.3.peg.2017.site.29, 2, 135, 137
1339327.3.peg.2017.site.30, 3, 135, 138
1339327.3.peg.2015.site.1, 4, 137, 141
1339327.3.peg.2015.site.2, 9, 134, 143
1339327.3.peg.2015.site.3, 42, 131, 173
1339327.3.peg.2015.site.4, 83, 131, 214
1339327.3.peg.2015.site.5, 2, 135, 137
1339327.3.peg.2015.site.6, 0, 135, 135
1339327.3.peg.2834.site.1, 0, 134, 134
1339327.3.peg.2834.site.2, 2, 134, 136
1339327.3.peg.2834.site.3, 16, 134, 150
1339327.3.peg.2836.site.1, 0, 135, 135
1339327.3.peg.2836.site.2, 35, 136, 171
1339327.3.peg.2836.site.3, 0, 135, 135
1339327.3.peg.2836.site.4, 12, 137, 149
1339327.3.peg.2836.site.5, 55, 136, 191
1339327.3.peg.2837.site.1, 0, 135, 135
1339327.3.peg.2837.site.2, 1, 133, 134
1339327.3.peg.2837.site.3, 3, 133, 136
1339327.3.peg.2837.site.4, 39, 132, 171
1339327.3.peg.2837.site.5, 5, 133, 138
1339327.3.peg.2837.site.6, 97, 134, 231
1339327.3.peg.2837.site.7, 98, 136, 234
1339327.3.peg.2837.site.8, 4, 135, 139
1339327.3.peg.2837.site.9, 2, 134, 136
1339327.3.peg.2837.site.10, 1, 131, 132
1339327.3.peg.2837.site.11, 1, 123, 124
1339327.3.peg.2837.site.12, 49, 117, 166
1339327.3.peg.2837.site.13, 1, 121, 122
1339327.3.peg.2837.site.14, 44, 133, 177
1339327.3.peg.2837.site.15, 7, 136, 143
1339327.3.peg.2837.site.16, 9, 135, 144
1339327.3.peg.2837.site.17, 5, 136, 141
1339327.3.peg.2837.site.18, 35, 135, 170
1339327.3.peg.2837.site.19, 6, 134, 140
1339327.3.peg.2837.site.20, 11, 135, 146
1339327.3.peg.2837.site.21, 3, 135, 138
1339327.3.peg.2837.site.22, 2, 135, 137
1339327.3.peg.2837.site.23, 57, 135, 192
1339327.3.peg.2837.site.24, 3, 136, 139
1339327.3.peg.2837.site.25, 2, 136, 138
1339327.3.peg.2830.site.1, 1, 127, 128
1339327.3.peg.2830.site.2, 16, 135, 151
1339327.3.peg.2830.site.3, 1, 134, 135
1339327.3.peg.2830.site.4, 3, 134, 137
1339327.3.peg.2830.site.5, 0, 135, 135
1339327.3.peg.2830.site.6, 8, 134, 142
1339327.3.peg.2830.site.7, 4, 135, 139
1339327.3.peg.2830.site.8, 76, 136, 212
1339327.3.peg.2830.site.9, 2, 133, 135
1339327.3.peg.2830.site.10, 1, 135, 136
1339327.3.peg.2830.site.11, 1, 136, 137
1339327.3.peg.2830.site.12, 1, 137, 138
1339327.3.peg.2830.site.13, 2, 136, 138
1339327.3.peg.2830.site.14, 20, 136, 156
1339327.3.peg.2830.site.15, 5, 137, 142
1339327.3.peg.2830.site.16, 4, 136, 140
1339327.3.peg.2832.site.1, 1, 133, 134
1339327.3.peg.2832.site.2, 5, 132, 137
1339327.3.peg.2832.site.3, 5, 132, 137
1339327.3.peg.2832.site.4, 53, 133, 186
1339327.3.peg.2832.site.5, 22, 134, 156
1339327.3.peg.2832.site.6, 0, 135, 135
1339327.3.peg.2833.site.1, 9, 137, 146
1339327.3.peg.2833.site.2, 15, 135, 150
1339327.3.peg.2833.site.3, 1, 134, 135
1339327.3.peg.2833.site.4, 2, 134, 136
1339327.3.peg.2833.site.5, 2, 136, 138
1339327.3.peg.2833.site.6, 2, 135, 137
1339327.3.peg.2833.site.7, 6, 135, 141
1339327.3.peg.2833.site.8, 1, 134, 135
1339327.3.peg.2833.site.9, 4, 137, 141
1339327.3.peg.2833.site.10, 5, 137, 142
1339327.3.peg.2833.site.11, 0, 136, 136
1339327.3.peg.2833.site.12, 0, 136, 136
1339327.3.peg.2833.site.13, 0, 135, 135
1339327.3.peg.2833.site.14, 1, 136, 137
1339327.3.peg.2833.site.15, 2, 135, 137
1339327.3.peg.2833.site.16, 4, 132, 136
1339327.3.peg.3549.site.1, 0, 88, 88
1339327.3.peg.3549.site.2, 0, 75, 75
1339327.3.peg.3548.site.1, 2, 128, 130
1339327.3.peg.3548.site.2, 0, 123, 123
1339327.3.peg.3548.site.3, 122, 131, 253
1339327.3.peg.3548.site.4, 1, 132, 133
1339327.3.peg.3548.site.5, 87, 137, 224
1339327.3.peg.3548.site.6, 3, 137, 140
1339327.3.peg.3548.site.7, 37, 135, 172
1339327.3.peg.3548.site.8, 0, 137, 137
1339327.3.peg.3548.site.9, 114, 136, 250
1339327.3.peg.3548.site.10, 0, 137, 137
1339327.3.peg.3548.site.11, 11, 134, 145
1339327.3.peg.3548.site.12, 0, 136, 136
1339327.3.peg.3548.site.13, 59, 136, 195
1339327.3.peg.3548.site.14, 9, 136, 145
1339327.3.peg.3548.site.15, 0, 137, 137
1339327.3.peg.3548.site.16, 10, 135, 145
1339327.3.peg.3548.site.17, 20, 137, 157
1339327.3.peg.3548.site.18, 5, 136, 141
1339327.3.peg.3548.site.19, 37, 137, 174
1339327.3.peg.3548.site.20, 8, 136, 144
1339327.3.peg.3548.site.21, 2, 137, 139
1339327.3.peg.3548.site.22, 8, 134, 142
1339327.3.peg.3548.site.23, 36, 136, 172
1339327.3.peg.3548.site.24, 5, 136, 141
1339327.3.peg.3548.site.25, 128, 137, 265
1339327.3.peg.3548.site.26, 1, 136, 137
1339327.3.peg.3548.site.27, 11, 132, 143
1339327.3.peg.3548.site.28, 2, 136, 138
1339327.3.peg.3548.site.29, 2, 136, 138
1339327.3.peg.3548.site.30, 0, 135, 135
1339327.3.peg.3548.site.31, 3, 137, 140
1339327.3.peg.3548.site.32, 115, 137, 252
1339327.3.peg.3548.site.33, 25, 137, 162
1339327.3.peg.3548.site.34, 0, 137, 137
1339327.3.peg.3548.site.35, 78, 137, 215
1339327.3.peg.3548.site.36, 5, 137, 142
1339327.3.peg.3548.site.37, 0, 136, 136
1339327.3.peg.3548.site.38, 3, 137, 140
1339327.3.peg.3548.site.39, 2, 135, 137
1339327.3.peg.3548.site.40, 0, 135, 135
1339327.3.peg.3548.site.41, 2, 135, 137
1339327.3.peg.3548.site.42, 30, 135, 165
1339327.3.peg.3548.site.43, 0, 135, 135
1339327.3.peg.3548.site.44, 2, 136, 138
1339327.3.peg.2838.site.1, 76, 134, 210
1339327.3.peg.2838.site.2, 11, 132, 143
1339327.3.peg.2838.site.3, 1, 134, 135
1339327.3.peg.2838.site.4, 13, 133, 146
1339327.3.peg.2838.site.5, 44, 133, 177
1339327.3.peg.2838.site.6, 37, 132, 169
1339327.3.peg.2838.site.7, 3, 133, 136
1339327.3.peg.2838.site.8, 1, 134, 135
1339327.3.peg.2838.site.9, 5, 131, 136
1339327.3.peg.2838.site.10, 3, 132, 135
1339327.3.peg.2838.site.11, 7, 133, 140
1339327.3.peg.2839.site.1, 24, 136, 160
1339327.3.peg.2839.site.2, 18, 135, 153
1339327.3.peg.2839.site.3, 2, 136, 138
1339327.3.peg.2839.site.4, 4, 136, 140
1339327.3.peg.2839.site.5, 7, 136, 143
1339327.3.peg.2839.site.6, 0, 134, 134
1339327.3.peg.2839.site.7, 5, 136, 141
1339327.3.peg.2839.site.8, 37, 137, 174
1339327.3.peg.2839.site.9, 3, 135, 138
1339327.3.peg.2839.site.10, 16, 136, 152
1339327.3.peg.2839.site.11, 0, 134, 134
1339327.3.peg.2839.site.12, 4, 134, 138
1339327.3.peg.2839.site.13, 2, 137, 139
1339327.3.peg.2839.site.14, 18, 137, 155
1339327.3.peg.2839.site.15, 3, 136, 139
1339327.3.peg.2839.site.16, 3, 135, 138
1339327.3.peg.2839.site.17, 15, 136, 151
1339327.3.peg.2839.site.18, 11, 135, 146
1339327.3.peg.2839.site.19, 2, 135, 137
1339327.3.peg.2839.site.20, 4, 135, 139
1339327.3.peg.2839.site.21, 3, 136, 139
1339327.3.peg.2839.site.22, 0, 133, 133
1339327.3.peg.2839.site.23, 2, 135, 137
1339327.3.peg.2839.site.24, 101, 135, 236
1339327.3.peg.2839.site.25, 30, 135, 165
1339327.3.peg.2839.site.26, 3, 135, 138
1339327.3.peg.2839.site.27, 19, 137, 156
1339327.3.peg.2839.site.28, 17, 136, 153
1339327.3.peg.2839.site.29, 0, 136, 136
1339327.3.peg.2839.site.30, 1, 136, 137
1339327.3.peg.2495.site.1, 7, 135, 142
1339327.3.peg.2495.site.2, 1, 135, 136
1339327.3.peg.2495.site.3, 0, 133, 133
1339327.3.peg.1769.site.1, 0, 135, 135
1339327.3.peg.1769.site.2, 112, 134, 246
1339327.3.peg.1769.site.3, 34, 137, 171
1339327.3.peg.1769.site.4, 60, 136, 196
1339327.3.peg.1769.site.5, 3, 135, 138
1339327.3.peg.1769.site.6, 0, 136, 136
1339327.3.peg.1769.site.7, 3, 136, 139
1339327.3.peg.1769.site.8, 73, 135, 208
1339327.3.peg.1768.site.1, 1, 135, 136
1339327.3.peg.1768.site.2, 0, 133, 133
1339327.3.peg.1768.site.3, 2, 133, 135
1339327.3.peg.1768.site.4, 7, 132, 139
1339327.3.peg.1765.site.1, 21, 133, 154
1339327.3.peg.1765.site.2, 0, 128, 128
1339327.3.peg.1765.site.3, 62, 132, 194
1339327.3.peg.1765.site.4, 2, 137, 139
1339327.3.peg.1765.site.5, 4, 137, 141
1339327.3.peg.1765.site.6, 0, 137, 137
1339327.3.peg.1764.site.1, 3, 135, 138
1339327.3.peg.1764.site.2, 37, 134, 171
1339327.3.peg.1764.site.3, 3, 136, 139
1339327.3.peg.1764.site.4, 2, 132, 134
1339327.3.peg.1764.site.5, 12, 133, 145
1339327.3.peg.1764.site.6, 4, 137, 141
1339327.3.peg.1764.site.7, 2, 134, 136
1339327.3.peg.1764.site.8, 130, 135, 265
1339327.3.peg.1764.site.9, 4, 136, 140
1339327.3.peg.1764.site.10, 1, 135, 136
1339327.3.peg.1764.site.11, 0, 137, 137
1339327.3.peg.1764.site.12, 2, 137, 139
1339327.3.peg.1764.site.13, 6, 136, 142
1339327.3.peg.1767.site.1, 0, 136, 136
1339327.3.peg.1767.site.2, 28, 137, 165
1339327.3.peg.1767.site.3, 53, 137, 190
1339327.3.peg.1767.site.4, 115, 136, 251
1339327.3.peg.1767.site.5, 36, 136, 172
1339327.3.peg.1767.site.6, 59, 137, 196
1339327.3.peg.1767.site.7, 1, 135, 136
1339327.3.peg.1767.site.8, 1, 137, 138
1339327.3.peg.1767.site.9, 5, 135, 140
1339327.3.peg.1766.site.1, 1, 137, 138
1339327.3.peg.1766.site.2, 16, 136, 152
1339327.3.peg.1766.site.3, 4, 136, 140
1339327.3.peg.1766.site.4, 9, 136, 145
1339327.3.peg.1766.site.5, 1, 137, 138
1339327.3.peg.1766.site.6, 26, 137, 163
1339327.3.peg.1766.site.7, 0, 133, 133
1339327.3.peg.1766.site.8, 1, 134, 135
1339327.3.peg.1766.site.9, 0, 136, 136
1339327.3.peg.1766.site.10, 9, 136, 145
1339327.3.peg.1766.site.11, 8, 137, 145
1339327.3.peg.1766.site.12, 1, 134, 135
1339327.3.peg.1766.site.13, 2, 134, 136
1339327.3.peg.1766.site.14, 0, 136, 136
1339327.3.peg.1761.site.1, 2, 134, 136
1339327.3.peg.1761.site.2, 96, 137, 233
1339327.3.peg.1761.site.3, 1, 137, 138
1339327.3.peg.1761.site.4, 2, 136, 138
1339327.3.peg.1760.site.1, 14, 135, 149
1339327.3.peg.1760.site.2, 0, 133, 133
1339327.3.peg.1760.site.3, 1, 131, 132
1339327.3.peg.1760.site.4, 43, 134, 177
1339327.3.peg.1760.site.5, 0, 135, 135
1339327.3.peg.1760.site.6, 7, 137, 144
1339327.3.peg.1760.site.7, 3, 137, 140
1339327.3.peg.1760.site.8, 0, 135, 135
1339327.3.peg.1760.site.9, 57, 136, 193
1339327.3.peg.1760.site.10, 4, 135, 139
1339327.3.peg.1760.site.11, 2, 134, 136
1339327.3.peg.1760.site.12, 0, 136, 136
1339327.3.peg.1760.site.13, 39, 135, 174
1339327.3.peg.1760.site.14, 39, 137, 176
1339327.3.peg.1760.site.15, 0, 137, 137
1339327.3.peg.1760.site.16, 0, 137, 137
1339327.3.peg.1760.site.17, 14, 137, 151
1339327.3.peg.1760.site.18, 5, 134, 139
1339327.3.peg.1760.site.19, 2, 136, 138
1339327.3.peg.1760.site.20, 3, 137, 140
1339327.3.peg.1760.site.21, 1, 135, 136
1339327.3.peg.1760.site.22, 5, 137, 142
1339327.3.peg.1760.site.23, 0, 137, 137
1339327.3.peg.1760.site.24, 5, 137, 142
1339327.3.peg.1760.site.25, 32, 137, 169
1339327.3.peg.1763.site.1, 49, 137, 186
1339327.3.peg.1763.site.2, 2, 136, 138
1339327.3.peg.1763.site.3, 68, 134, 202
1339327.3.peg.1763.site.4, 50, 132, 182
1339327.3.peg.1763.site.5, 55, 137, 192
1339327.3.peg.1763.site.6, 2, 133, 135
1339327.3.peg.1763.site.7, 81, 137, 218
1339327.3.peg.1763.site.8, 0, 134, 134
1339327.3.peg.1762.site.1, 83, 135, 218
1339327.3.peg.1762.site.2, 5, 136, 141
1339327.3.peg.1762.site.3, 27, 136, 163
1339327.3.peg.1762.site.4, 10, 137, 147
1339327.3.peg.1762.site.5, 3, 137, 140
1339327.3.peg.1762.site.6, 2, 137, 139
1339327.3.peg.4690.site.1, 8, 136, 144
1339327.3.peg.4690.site.2, 12, 135, 147
1339327.3.peg.4690.site.3, 4, 135, 139
1339327.3.peg.4690.site.4, 0, 137, 137
1339327.3.peg.4690.site.5, 2, 136, 138
1339327.3.peg.4690.site.6, 11, 137, 148
1339327.3.peg.4690.site.7, 3, 136, 139
1339327.3.peg.4690.site.8, 2, 137, 139
1339327.3.peg.4690.site.9, 1, 137, 138
1339327.3.peg.4690.site.10, 0, 137, 137
1339327.3.peg.4690.site.11, 50, 136, 186
1339327.3.peg.4690.site.12, 0, 136, 136
1339327.3.peg.4690.site.13, 0, 136, 136
1339327.3.peg.3727.site.1, 4, 137, 141
1339327.3.peg.3727.site.2, 3, 137, 140
1339327.3.peg.3727.site.3, 0, 135, 135
1339327.3.peg.3727.site.4, 0, 135, 135
1339327.3.peg.3727.site.5, 3, 137, 140
1339327.3.peg.3727.site.6, 4, 135, 139
1339327.3.peg.3727.site.7, 0, 136, 136
1339327.3.peg.3727.site.8, 1, 135, 136
1339327.3.peg.3727.site.9, 71, 112, 183
1339327.3.peg.3727.site.10, 2, 110, 112
1339327.3.peg.3727.site.11, 3, 130, 133
1339327.3.peg.3727.site.12, 2, 135, 137
1339327.3.peg.3727.site.13, 0, 137, 137
1339327.3.peg.3727.site.14, 3, 137, 140
1339327.3.peg.3727.site.15, 0, 134, 134
1339327.3.peg.3727.site.16, 58, 136, 194
1339327.3.peg.3727.site.17, 58, 136, 194
1339327.3.peg.3727.site.18, 43, 135, 178
1339327.3.peg.3727.site.19, 0, 132, 132
1339327.3.peg.3727.site.20, 0, 137, 137
1339327.3.peg.3727.site.21, 2, 137, 139
1339327.3.peg.3727.site.22, 2, 137, 139
1339327.3.peg.3727.site.23, 5, 137, 142
1339327.3.peg.3727.site.24, 3, 136, 139
1339327.3.peg.3727.site.25, 83, 136, 219
1339327.3.peg.3726.site.1, 7, 136, 143
1339327.3.peg.3726.site.2, 8, 137, 145
1339327.3.peg.3726.site.3, 88, 137, 225
1339327.3.peg.3726.site.4, 6, 135, 141
1339327.3.peg.3726.site.5, 33, 136, 169
1339327.3.peg.3726.site.6, 10, 137, 147
1339327.3.peg.3726.site.7, 3, 136, 139
1339327.3.peg.3726.site.8, 87, 137, 224
1339327.3.peg.3726.site.9, 1, 137, 138
1339327.3.peg.3726.site.10, 3, 136, 139
1339327.3.peg.3726.site.11, 85, 135, 220
1339327.3.peg.3726.site.12, 8, 136, 144
1339327.3.peg.3726.site.13, 26, 136, 162
1339327.3.peg.3726.site.14, 3, 136, 139
1339327.3.peg.3726.site.15, 1, 137, 138
1339327.3.peg.3726.site.16, 14, 137, 151
1339327.3.peg.3725.site.1, 1, 137, 138
1339327.3.peg.3725.site.2, 0, 134, 134
1339327.3.peg.3725.site.3, 2, 135, 137
1339327.3.peg.3725.site.4, 1, 136, 137
1339327.3.peg.3725.site.5, 80, 136, 216
1339327.3.peg.3725.site.6, 2, 137, 139
1339327.3.peg.3725.site.7, 3, 136, 139
1339327.3.peg.3725.site.8, 0, 134, 134
1339327.3.peg.3725.site.9, 3, 135, 138
1339327.3.peg.3725.site.10, 0, 134, 134
1339327.3.peg.3725.site.11, 128, 134, 262
1339327.3.peg.3725.site.12, 1, 137, 138
1339327.3.peg.3725.site.13, 3, 133, 136
1339327.3.peg.3725.site.14, 2, 134, 136
1339327.3.peg.3725.site.15, 3, 137, 140
1339327.3.peg.3725.site.16, 7, 136, 143
1339327.3.peg.3724.site.1, 3, 133, 136
1339327.3.peg.3724.site.2, 2, 134, 136
1339327.3.peg.3724.site.3, 2, 133, 135
1339327.3.peg.3724.site.4, 1, 131, 132
1339327.3.peg.3724.site.5, 26, 133, 159
1339327.3.peg.3724.site.6, 2, 133, 135
1339327.3.peg.3724.site.7, 88, 134, 222
1339327.3.peg.3724.site.8, 2, 136, 138
1339327.3.peg.3724.site.9, 3, 135, 138
1339327.3.peg.3724.site.10, 37, 137, 174
1339327.3.peg.3724.site.11, 95, 136, 231
1339327.3.peg.3724.site.12, 12, 136, 148
1339327.3.peg.3724.site.13, 3, 137, 140
1339327.3.peg.3724.site.14, 0, 136, 136
1339327.3.peg.3724.site.15, 1, 136, 137
1339327.3.peg.3724.site.16, 56, 134, 190
1339327.3.peg.3724.site.17, 2, 136, 138
1339327.3.peg.3723.site.1, 3, 134, 137
1339327.3.peg.3723.site.2, 4, 136, 140
1339327.3.peg.3723.site.3, 3, 137, 140
1339327.3.peg.3723.site.4, 0, 136, 136
1339327.3.peg.3723.site.5, 1, 137, 138
1339327.3.peg.3723.site.6, 12, 136, 148
1339327.3.peg.3723.site.7, 12, 135, 147
1339327.3.peg.3723.site.8, 2, 137, 139
1339327.3.peg.3723.site.9, 13, 137, 150
1339327.3.peg.3723.site.10, 0, 133, 133
1339327.3.peg.3723.site.11, 0, 131, 131
1339327.3.peg.3723.site.12, 132, 132, 264
1339327.3.peg.3723.site.13, 0, 135, 135
1339327.3.peg.3723.site.14, 34, 134, 168
1339327.3.peg.3723.site.15, 1, 133, 134
1339327.3.peg.3723.site.16, 0, 137, 137
1339327.3.peg.3723.site.17, 0, 137, 137
1339327.3.peg.3723.site.18, 5, 137, 142
1339327.3.peg.3723.site.19, 2, 135, 137
1339327.3.peg.3722.site.1, 80, 134, 214
1339327.3.peg.3722.site.2, 119, 136, 255
1339327.3.peg.3722.site.3, 80, 134, 214
1339327.3.peg.3722.site.4, 0, 133, 133
1339327.3.peg.3722.site.5, 5, 133, 138
1339327.3.peg.3721.site.1, 6, 136, 142
1339327.3.peg.3721.site.2, 2, 136, 138
1339327.3.peg.3721.site.3, 21, 120, 141
1339327.3.peg.3721.site.4, 29, 128, 157
1339327.3.peg.3721.site.5, 127, 136, 263
1339327.3.peg.3721.site.6, 2, 136, 138
1339327.3.peg.3721.site.7, 2, 135, 137
1339327.3.peg.3721.site.8, 0, 133, 133
1339327.3.peg.3721.site.9, 5, 136, 141
1339327.3.peg.3721.site.10, 24, 136, 160
1339327.3.peg.3721.site.11, 89, 136, 225
1339327.3.peg.3721.site.12, 0, 136, 136
1339327.3.peg.3721.site.13, 1, 137, 138
1339327.3.peg.3721.site.14, 2, 136, 138
1339327.3.peg.3721.site.15, 2, 136, 138
1339327.3.peg.3721.site.16, 12, 136, 148
1339327.3.peg.3721.site.17, 2, 136, 138
1339327.3.peg.3721.site.18, 6, 135, 141
1339327.3.peg.3721.site.19, 0, 136, 136
1339327.3.peg.3721.site.20, 2, 136, 138
1339327.3.peg.3721.site.21, 3, 137, 140
1339327.3.peg.3721.site.22, 3, 137, 140
1339327.3.peg.3720.site.1, 0, 132, 132
1339327.3.peg.3720.site.2, 2, 137, 139
1339327.3.peg.3720.site.3, 24, 137, 161
1339327.3.peg.3720.site.4, 16, 137, 153
1339327.3.peg.3720.site.5, 50, 136, 186
1339327.3.peg.3720.site.6, 50, 137, 187
1339327.3.peg.3720.site.7, 113, 136, 249
1339327.3.peg.3720.site.8, 3, 137, 140
1339327.3.peg.3720.site.9, 16, 137, 153
1339327.3.peg.3720.site.10, 27, 135, 162
1339327.3.peg.3720.site.11, 23, 136, 159
1339327.3.peg.3720.site.12, 72, 137, 209
1339327.3.peg.3720.site.13, 1, 136, 137
1339327.3.peg.3729.site.1, 9, 134, 143
1339327.3.peg.3729.site.2, 0, 136, 136
1339327.3.peg.3728.site.1, 18, 135, 153
1339327.3.peg.3728.site.2, 13, 135, 148
1339327.3.peg.3728.site.3, 18, 135, 153
1339327.3.peg.3728.site.4, 27, 135, 162
1339327.3.peg.3728.site.5, 1, 134, 135
1339327.3.peg.3728.site.6, 1, 135, 136
1339327.3.peg.3728.site.7, 0, 136, 136
1339327.3.peg.3832.site.1, 2, 135, 137
1339327.3.peg.3832.site.2, 76, 136, 212
1339327.3.peg.3832.site.3, 24, 137, 161
1339327.3.peg.3832.site.4, 1, 137, 138
1339327.3.peg.3832.site.5, 0, 136, 136
1339327.3.peg.3832.site.6, 0, 135, 135
1339327.3.peg.3832.site.7, 1, 135, 136
1339327.3.peg.3832.site.8, 5, 137, 142
1339327.3.peg.3832.site.9, 1, 137, 138
1339327.3.peg.3832.site.10, 0, 137, 137
1339327.3.peg.3832.site.11, 5, 136, 141
1339327.3.peg.3832.site.12, 5, 136, 141
1339327.3.peg.3832.site.13, 16, 137, 153
1339327.3.peg.3832.site.14, 5, 137, 142
1339327.3.peg.3832.site.15, 21, 135, 156
1339327.3.peg.3832.site.16, 8, 135, 143
1339327.3.peg.3832.site.17, 79, 135, 214
1339327.3.peg.3832.site.18, 1, 135, 136
1339327.3.peg.3832.site.19, 26, 135, 161
1339327.3.peg.3832.site.20, 55, 135, 190
1339327.3.peg.3832.site.21, 24, 137, 161
1339327.3.peg.3832.site.22, 52, 137, 189
1339327.3.peg.3832.site.23, 3, 135, 138
1339327.3.peg.3832.site.24, 1, 137, 138
1339327.3.peg.3832.site.25, 0, 135, 135
1339327.3.peg.3832.site.26, 92, 136, 228
1339327.3.peg.3832.site.27, 5, 137, 142
1339327.3.peg.3832.site.28, 1, 133, 134
1339327.3.peg.3832.site.29, 10, 136, 146
1339327.3.peg.3832.site.30, 10, 136, 146
1339327.3.peg.3832.site.31, 51, 137, 188
1339327.3.peg.3832.site.32, 2, 137, 139
1339327.3.peg.3832.site.33, 104, 137, 241
1339327.3.peg.3832.site.34, 1, 136, 137
1339327.3.peg.3832.site.35, 33, 135, 168
1339327.3.peg.3832.site.36, 3, 136, 139
1339327.3.peg.3832.site.37, 1, 133, 134
1339327.3.peg.3832.site.38, 8, 135, 143
1339327.3.peg.3832.site.39, 7, 133, 140
1339327.3.peg.3832.site.40, 32, 123, 155
1339327.3.peg.3832.site.41, 119, 125, 244
1339327.3.peg.3832.site.42, 64, 129, 193
1339327.3.peg.3832.site.43, 4, 132, 136
1339327.3.peg.3832.site.44, 1, 136, 137
1339327.3.peg.3832.site.45, 0, 137, 137
1339327.3.peg.3832.site.46, 2, 137, 139
1339327.3.peg.3832.site.47, 2, 136, 138
1339327.3.peg.3832.site.48, 1, 137, 138
1339327.3.peg.3831.site.1, 3, 134, 137
1339327.3.peg.3831.site.2, 50, 125, 175
1339327.3.peg.3831.site.3, 89, 118, 207
1339327.3.peg.3831.site.4, 3, 110, 113
1339327.3.peg.3831.site.5, 3, 134, 137
1339327.3.peg.3831.site.6, 4, 136, 140
1339327.3.peg.3831.site.7, 5, 137, 142
1339327.3.peg.3831.site.8, 131, 137, 268
1339327.3.peg.3831.site.9, 1, 137, 138
1339327.3.peg.3831.site.10, 3, 137, 140
1339327.3.peg.3831.site.11, 7, 137, 144
1339327.3.peg.3831.site.12, 5, 136, 141
1339327.3.peg.3831.site.13, 3, 136, 139
1339327.3.peg.3831.site.14, 42, 136, 178
1339327.3.peg.3831.site.15, 11, 136, 147
1339327.3.peg.3831.site.16, 2, 136, 138
1339327.3.peg.3831.site.17, 3, 135, 138
1339327.3.peg.3831.site.18, 4, 134, 138
1339327.3.peg.3831.site.19, 5, 136, 141
1339327.3.peg.3831.site.20, 1, 134, 135
1339327.3.peg.3831.site.21, 18, 134, 152
1339327.3.peg.3831.site.22, 18, 134, 152
1339327.3.peg.3831.site.23, 18, 133, 151
1339327.3.peg.3831.site.24, 19, 135, 154
1339327.3.peg.3831.site.25, 3, 136, 139
1339327.3.peg.3831.site.26, 1, 135, 136
1339327.3.peg.3830.site.1, 8, 136, 144
1339327.3.peg.3830.site.2, 57, 135, 192
1339327.3.peg.3830.site.3, 4, 137, 141
1339327.3.peg.3830.site.4, 1, 135, 136
1339327.3.peg.3830.site.5, 14, 137, 151
1339327.3.peg.3830.site.6, 0, 135, 135
1339327.3.peg.3830.site.7, 3, 137, 140
1339327.3.peg.3830.site.8, 40, 137, 177
1339327.3.peg.3830.site.9, 3, 137, 140
1339327.3.peg.3830.site.10, 12, 137, 149
1339327.3.peg.3837.site.1, 4, 132, 136
1339327.3.peg.3837.site.2, 3, 135, 138
1339327.3.peg.3837.site.3, 1, 133, 134
1339327.3.peg.3837.site.4, 3, 131, 134
1339327.3.peg.3837.site.5, 21, 136, 157
1339327.3.peg.3837.site.6, 1, 137, 138
1339327.3.peg.3837.site.7, 1, 135, 136
1339327.3.peg.3837.site.8, 27, 135, 162
1339327.3.peg.3837.site.9, 7, 135, 142
1339327.3.peg.3837.site.10, 101, 135, 236
1339327.3.peg.3837.site.11, 21, 136, 157
1339327.3.peg.3837.site.12, 59, 135, 194
1339327.3.peg.3837.site.13, 22, 136, 158
1339327.3.peg.3837.site.14, 6, 135, 141
1339327.3.peg.3837.site.15, 14, 136, 150
1339327.3.peg.3837.site.16, 1, 136, 137
1339327.3.peg.3837.site.17, 10, 136, 146
1339327.3.peg.3836.site.1, 3, 134, 137
1339327.3.peg.3836.site.2, 58, 137, 195
1339327.3.peg.3836.site.3, 1, 136, 137
1339327.3.peg.3836.site.4, 3, 137, 140
1339327.3.peg.3836.site.5, 16, 135, 151
1339327.3.peg.3836.site.6, 0, 134, 134
1339327.3.peg.3836.site.7, 11, 135, 146
1339327.3.peg.3836.site.8, 1, 136, 137
1339327.3.peg.3836.site.9, 0, 134, 134
1339327.3.peg.3836.site.10, 18, 137, 155
1339327.3.peg.3836.site.11, 9, 137, 146
1339327.3.peg.3836.site.12, 29, 137, 166
1339327.3.peg.3836.site.13, 0, 137, 137
1339327.3.peg.3836.site.14, 0, 136, 136
1339327.3.peg.3836.site.15, 6, 137, 143
1339327.3.peg.3836.site.16, 4, 136, 140
1339327.3.peg.3836.site.17, 9, 137, 146
1339327.3.peg.3836.site.18, 18, 136, 154
1339327.3.peg.3836.site.19, 5, 135, 140
1339327.3.peg.3836.site.20, 3, 137, 140
1339327.3.peg.3836.site.21, 103, 136, 239
1339327.3.peg.3836.site.22, 38, 136, 174
1339327.3.peg.3836.site.23, 1, 135, 136
1339327.3.peg.3836.site.24, 14, 136, 150
1339327.3.peg.3836.site.25, 3, 137, 140
1339327.3.peg.3836.site.26, 2, 136, 138
1339327.3.peg.3836.site.27, 2, 137, 139
1339327.3.peg.3836.site.28, 38, 136, 174
1339327.3.peg.3835.site.1, 10, 135, 145
1339327.3.peg.3835.site.2, 1, 135, 136
1339327.3.peg.3835.site.3, 36, 133, 169
1339327.3.peg.3835.site.4, 6, 134, 140
1339327.3.peg.3835.site.5, 1, 136, 137
1339327.3.peg.3835.site.6, 5, 137, 142
1339327.3.peg.3835.site.7, 0, 136, 136
1339327.3.peg.3835.site.8, 3, 136, 139
1339327.3.peg.3835.site.9, 130, 136, 266
1339327.3.peg.3835.site.10, 1, 134, 135
1339327.3.peg.3835.site.11, 87, 133, 220
1339327.3.peg.3835.site.12, 6, 135, 141
1339327.3.peg.3835.site.13, 33, 130, 163
1339327.3.peg.3835.site.14, 128, 134, 262
1339327.3.peg.3835.site.15, 8, 135, 143
1339327.3.peg.3835.site.16, 107, 135, 242
1339327.3.peg.3835.site.17, 2, 135, 137
1339327.3.peg.3835.site.18, 14, 134, 148
1339327.3.peg.3835.site.19, 1, 134, 135
1339327.3.peg.3835.site.20, 3, 137, 140
1339327.3.peg.3835.site.21, 9, 135, 144
1339327.3.peg.3835.site.22, 3, 136, 139
1339327.3.peg.3835.site.23, 25, 136, 161
1339327.3.peg.3835.site.24, 5, 135, 140
1339327.3.peg.3835.site.25, 3, 134, 137
1339327.3.peg.3835.site.26, 3, 135, 138
1339327.3.peg.3834.site.1, 2, 137, 139
1339327.3.peg.3834.site.2, 1, 137, 138
1339327.3.peg.3834.site.3, 1, 135, 136
1339327.3.peg.3834.site.4, 4, 134, 138
1339327.3.peg.3834.site.5, 3, 135, 138
1339327.3.peg.3834.site.6, 2, 135, 137
1339327.3.peg.3834.site.7, 28, 135, 163
1339327.3.peg.3834.site.8, 5, 136, 141
1339327.3.peg.3834.site.9, 5, 132, 137
1339327.3.peg.3834.site.10, 2, 134, 136
1339327.3.peg.3834.site.11, 2, 135, 137
1339327.3.peg.3834.site.12, 60, 127, 187
1339327.3.peg.3834.site.13, 0, 115, 115
1339327.3.peg.3834.site.14, 2, 119, 121
1339327.3.peg.3834.site.15, 1, 127, 128
1339327.3.peg.3834.site.16, 5, 134, 139
1339327.3.peg.3839.site.1, 2, 135, 137
1339327.3.peg.3839.site.2, 6, 136, 142
1339327.3.peg.3839.site.3, 52, 137, 189
1339327.3.peg.3839.site.4, 2, 136, 138
1339327.3.peg.3839.site.5, 8, 137, 145
1339327.3.peg.3839.site.6, 3, 136, 139
1339327.3.peg.3839.site.7, 49, 136, 185
1339327.3.peg.3839.site.8, 55, 137, 192
1339327.3.peg.3839.site.9, 2, 136, 138
1339327.3.peg.3839.site.10, 11, 136, 147
1339327.3.peg.3839.site.11, 120, 137, 257
1339327.3.peg.3839.site.12, 16, 133, 149
1339327.3.peg.3839.site.13, 3, 136, 139
1339327.3.peg.3839.site.14, 4, 137, 141
1339327.3.peg.3839.site.15, 6, 136, 142
1339327.3.peg.3838.site.1, 0, 137, 137
1339327.3.peg.3838.site.2, 1, 137, 138
1339327.3.peg.3838.site.3, 2, 137, 139
1339327.3.peg.3838.site.4, 7, 136, 143
1339327.3.peg.3838.site.5, 3, 135, 138
1339327.3.peg.3838.site.6, 0, 136, 136
1339327.3.peg.3838.site.7, 1, 136, 137
1339327.3.peg.3838.site.8, 109, 135, 244
1339327.3.peg.3838.site.9, 2, 133, 135
1339327.3.peg.3838.site.10, 2, 136, 138
1339327.3.peg.3838.site.11, 7, 135, 142
1339327.3.peg.3838.site.12, 34, 132, 166
1339327.3.peg.3838.site.13, 60, 137, 197
1339327.3.peg.3838.site.14, 0, 132, 132
1339327.3.peg.3838.site.15, 3, 132, 135
1339327.3.peg.3838.site.16, 3, 136, 139
1339327.3.peg.3838.site.17, 26, 130, 156
1339327.3.peg.3838.site.18, 2, 135, 137
1339327.3.peg.3838.site.19, 1, 136, 137
1339327.3.peg.3838.site.20, 1, 135, 136
1339327.3.peg.3838.site.21, 3, 136, 139
1339327.3.peg.3838.site.22, 2, 135, 137
1339327.3.peg.3838.site.23, 3, 136, 139
1339327.3.peg.3838.site.24, 1, 137, 138
1339327.3.peg.3838.site.25, 2, 137, 139
1339327.3.peg.3838.site.26, 5, 135, 140
1339327.3.peg.3838.site.27, 73, 134, 207
1339327.3.peg.3838.site.28, 29, 136, 165
1339327.3.peg.3838.site.29, 39, 137, 176
1339327.3.peg.3838.site.30, 36, 134, 170
1339327.3.peg.3838.site.31, 3, 134, 137
1339327.3.peg.3838.site.32, 0, 135, 135
1339327.3.peg.3838.site.33, 1, 137, 138
1339327.3.peg.1611.site.1, 0, 136, 136
1339327.3.peg.1611.site.2, 5, 137, 142
1339327.3.peg.1611.site.3, 12, 136, 148
1339327.3.peg.1611.site.4, 0, 136, 136
1339327.3.peg.1611.site.5, 3, 135, 138
1339327.3.peg.1611.site.6, 1, 136, 137
1339327.3.peg.1611.site.7, 33, 135, 168
1339327.3.peg.1611.site.8, 10, 136, 146
1339327.3.peg.1610.site.1, 71, 137, 208
1339327.3.peg.1610.site.2, 14, 136, 150
1339327.3.peg.1610.site.3, 2, 135, 137
1339327.3.peg.1610.site.4, 20, 137, 157
1339327.3.peg.1610.site.5, 0, 136, 136
1339327.3.peg.1610.site.6, 3, 137, 140
1339327.3.peg.1610.site.7, 13, 135, 148
1339327.3.peg.1610.site.8, 27, 134, 161
1339327.3.peg.1610.site.9, 4, 136, 140
1339327.3.peg.1610.site.10, 3, 137, 140
1339327.3.peg.1610.site.11, 3, 137, 140
1339327.3.peg.1610.site.12, 14, 137, 151
1339327.3.peg.1610.site.13, 0, 136, 136
1339327.3.peg.1610.site.14, 1, 137, 138
1339327.3.peg.1610.site.15, 115, 137, 252
1339327.3.peg.1610.site.16, 4, 136, 140
1339327.3.peg.1610.site.17, 2, 137, 139
1339327.3.peg.1610.site.18, 2, 137, 139
1339327.3.peg.1610.site.19, 12, 137, 149
1339327.3.peg.1610.site.20, 2, 137, 139
1339327.3.peg.1610.site.21, 1, 136, 137
1339327.3.peg.1610.site.22, 2, 137, 139
1339327.3.peg.1610.site.23, 99, 136, 235
1339327.3.peg.1610.site.24, 19, 137, 156
1339327.3.peg.1610.site.25, 0, 136, 136
1339327.3.peg.1610.site.26, 114, 137, 251
1339327.3.peg.1610.site.27, 19, 136, 155
1339327.3.peg.1610.site.28, 2, 134, 136
1339327.3.peg.1610.site.29, 30, 134, 164
1339327.3.peg.1610.site.30, 6, 137, 143
1339327.3.peg.1610.site.31, 2, 137, 139
1339327.3.peg.1613.site.1, 6, 137, 143
1339327.3.peg.1613.site.2, 5, 134, 139
1339327.3.peg.1613.site.3, 2, 136, 138
1339327.3.peg.1613.site.4, 9, 135, 144
1339327.3.peg.1613.site.5, 2, 137, 139
1339327.3.peg.1613.site.6, 0, 136, 136
1339327.3.peg.1613.site.7, 2, 137, 139
1339327.3.peg.1613.site.8, 0, 135, 135
1339327.3.peg.1613.site.9, 5, 134, 139
1339327.3.peg.1613.site.10, 0, 136, 136
1339327.3.peg.1613.site.11, 2, 136, 138
1339327.3.peg.1613.site.12, 40, 137, 177
1339327.3.peg.1613.site.13, 30, 135, 165
1339327.3.peg.1613.site.14, 104, 134, 238
1339327.3.peg.1613.site.15, 128, 134, 262
1339327.3.peg.1613.site.16, 38, 134, 172
1339327.3.peg.1613.site.17, 1, 136, 137
1339327.3.peg.1613.site.18, 4, 136, 140
1339327.3.peg.1613.site.19, 38, 136, 174
1339327.3.peg.1613.site.20, 6, 136, 142
1339327.3.peg.1613.site.21, 1, 133, 134
1339327.3.peg.1612.site.1, 0, 136, 136
1339327.3.peg.1612.site.2, 43, 135, 178
1339327.3.peg.1612.site.3, 0, 137, 137
1339327.3.peg.1612.site.4, 9, 137, 146
1339327.3.peg.1612.site.5, 1, 135, 136
1339327.3.peg.1612.site.6, 9, 136, 145
1339327.3.peg.1612.site.7, 0, 136, 136
1339327.3.peg.1612.site.8, 4, 134, 138
1339327.3.peg.1612.site.9, 99, 136, 235
1339327.3.peg.1612.site.10, 41, 134, 175
1339327.3.peg.1612.site.11, 12, 134, 146
1339327.3.peg.1612.site.12, 27, 136, 163
1339327.3.peg.1612.site.13, 2, 135, 137
1339327.3.peg.1612.site.14, 0, 137, 137
1339327.3.peg.1612.site.15, 2, 137, 139
1339327.3.peg.1612.site.16, 58, 134, 192
1339327.3.peg.1612.site.17, 2, 134, 136
1339327.3.peg.1612.site.18, 1, 135, 136
1339327.3.peg.1612.site.19, 85, 136, 221
1339327.3.peg.1612.site.20, 0, 136, 136
1339327.3.peg.1612.site.21, 84, 136, 220
1339327.3.peg.1612.site.22, 87, 136, 223
1339327.3.peg.1612.site.23, 2, 136, 138
1339327.3.peg.1612.site.24, 0, 135, 135
1339327.3.peg.1612.site.25, 18, 137, 155
1339327.3.peg.1612.site.26, 0, 137, 137
1339327.3.peg.1612.site.27, 16, 135, 151
1339327.3.peg.1612.site.28, 128, 133, 261
1339327.3.peg.1612.site.29, 1, 135, 136
1339327.3.peg.1612.site.30, 0, 134, 134
1339327.3.peg.1614.site.1, 6, 136, 142
1339327.3.peg.1614.site.2, 1, 137, 138
1339327.3.peg.1614.site.3, 7, 137, 144
1339327.3.peg.1614.site.4, 0, 134, 134
1339327.3.peg.1614.site.5, 3, 133, 136
1339327.3.peg.1614.site.6, 3, 136, 139
1339327.3.peg.1614.site.7, 45, 135, 180
1339327.3.peg.1614.site.8, 3, 135, 138
1339327.3.peg.1614.site.9, 0, 137, 137
1339327.3.peg.1614.site.10, 4, 134, 138
1339327.3.peg.1614.site.11, 0, 137, 137
1339327.3.peg.1614.site.12, 0, 134, 134
1339327.3.peg.1617.site.1, 1, 136, 137
1339327.3.peg.1617.site.2, 1, 137, 138
1339327.3.peg.1617.site.3, 62, 136, 198
1339327.3.peg.1617.site.4, 1, 137, 138
1339327.3.peg.1617.site.5, 52, 135, 187
1339327.3.peg.2129.site.1, 4, 135, 139
1339327.3.peg.2129.site.2, 3, 136, 139
1339327.3.peg.2129.site.3, 0, 137, 137
1339327.3.peg.2129.site.4, 0, 135, 135
1339327.3.peg.2129.site.5, 4, 137, 141
1339327.3.peg.2129.site.6, 3, 137, 140
1339327.3.peg.2129.site.7, 41, 136, 177
1339327.3.peg.2129.site.8, 35, 137, 172
1339327.3.peg.1619.site.1, 73, 137, 210
1339327.3.peg.1619.site.2, 2, 136, 138
1339327.3.peg.1619.site.3, 10, 135, 145
1339327.3.peg.1619.site.4, 5, 135, 140
1339327.3.peg.1619.site.5, 30, 135, 165
1339327.3.peg.1619.site.6, 2, 136, 138
1339327.3.peg.1619.site.7, 2, 135, 137
1339327.3.peg.1619.site.8, 64, 134, 198
1339327.3.peg.1618.site.1, 1, 137, 138
1339327.3.peg.1618.site.2, 6, 136, 142
1339327.3.peg.1618.site.3, 0, 136, 136
1339327.3.peg.1618.site.4, 5, 137, 142
1339327.3.peg.2124.site.1, 9, 131, 140
1339327.3.peg.2124.site.2, 71, 135, 206
1339327.3.peg.2124.site.3, 1, 137, 138
1339327.3.peg.2124.site.4, 87, 136, 223
1339327.3.peg.2124.site.5, 2, 136, 138
1339327.3.peg.2124.site.6, 4, 136, 140
1339327.3.peg.2124.site.7, 104, 136, 240
1339327.3.peg.2124.site.8, 38, 137, 175
1339327.3.peg.2124.site.9, 3, 137, 140
1339327.3.peg.2124.site.10, 1, 135, 136
1339327.3.peg.2124.site.11, 13, 135, 148
1339327.3.peg.2124.site.12, 3, 136, 139
1339327.3.peg.2124.site.13, 0, 137, 137
1339327.3.peg.2124.site.14, 9, 135, 144
1339327.3.peg.2124.site.15, 27, 135, 162
1339327.3.peg.2124.site.16, 3, 137, 140
1339327.3.peg.2124.site.17, 14, 137, 151
1339327.3.peg.2124.site.18, 46, 136, 182
1339327.3.peg.2124.site.19, 18, 137, 155
1339327.3.peg.2124.site.20, 8, 134, 142
1339327.3.peg.2124.site.21, 1, 137, 138
1339327.3.peg.2125.site.1, 3, 136, 139
1339327.3.peg.2125.site.2, 122, 134, 256
1339327.3.peg.2125.site.3, 42, 136, 178
1339327.3.peg.2125.site.4, 38, 136, 174
1339327.3.peg.2125.site.5, 0, 136, 136
1339327.3.peg.2125.site.6, 46, 137, 183
1339327.3.peg.2125.site.7, 2, 136, 138
1339327.3.peg.2125.site.8, 4, 137, 141
1339327.3.peg.2125.site.9, 11, 137, 148
1339327.3.peg.2125.site.10, 0, 137, 137
1339327.3.peg.2125.site.11, 8, 137, 145
1339327.3.peg.2125.site.12, 3, 137, 140
1339327.3.peg.2125.site.13, 5, 137, 142
1339327.3.peg.2125.site.14, 3, 135, 138
1339327.3.peg.2122.site.1, 2, 135, 137
1339327.3.peg.2122.site.2, 97, 137, 234
1339327.3.peg.2122.site.3, 2, 136, 138
1339327.3.peg.2122.site.4, 3, 136, 139
1339327.3.peg.2122.site.5, 2, 137, 139
1339327.3.peg.2122.site.6, 27, 137, 164
1339327.3.peg.2122.site.7, 8, 135, 143
1339327.3.peg.2122.site.8, 1, 137, 138
1339327.3.peg.2122.site.9, 0, 136, 136
1339327.3.peg.2123.site.1, 3, 137, 140
1339327.3.peg.2123.site.2, 2, 137, 139
1339327.3.peg.2123.site.3, 3, 136, 139
1339327.3.peg.2123.site.4, 31, 137, 168
1339327.3.peg.2123.site.5, 2, 137, 139
1339327.3.peg.2123.site.6, 5, 137, 142
1339327.3.peg.2123.site.7, 2, 136, 138
1339327.3.peg.2123.site.8, 2, 134, 136
1339327.3.peg.2123.site.9, 1, 134, 135
1339327.3.peg.2123.site.10, 7, 137, 144
1339327.3.peg.2123.site.11, 69, 137, 206
1339327.3.peg.2123.site.12, 2, 134, 136
1339327.3.peg.2123.site.13, 16, 135, 151
1339327.3.peg.2123.site.14, 1, 132, 133
1339327.3.peg.2123.site.15, 41, 134, 175
1339327.3.peg.2123.site.16, 13, 133, 146
1339327.3.peg.2123.site.17, 17, 134, 151
1339327.3.peg.2123.site.18, 2, 135, 137
1339327.3.peg.2123.site.19, 7, 132, 139
1339327.3.peg.2123.site.20, 4, 132, 136
1339327.3.peg.2123.site.21, 4, 133, 137
1339327.3.peg.2123.site.22, 77, 135, 212
1339327.3.peg.2123.site.23, 66, 133, 199
1339327.3.peg.2123.site.24, 86, 132, 218
1339327.3.peg.2123.site.25, 2, 136, 138
1339327.3.peg.2123.site.26, 29, 135, 164
1339327.3.peg.2123.site.27, 2, 132, 134
1339327.3.peg.2123.site.28, 38, 136, 174
1339327.3.peg.2123.site.29, 3, 135, 138
1339327.3.peg.2123.site.30, 11, 134, 145
1339327.3.peg.2121.site.1, 46, 128, 174
1339327.3.peg.2121.site.2, 5, 126, 131
1339327.3.peg.2121.site.3, 2, 129, 131
1339327.3.peg.3619.site.1, 0, 136, 136
1339327.3.peg.3619.site.2, 8, 136, 144
1339327.3.peg.3619.site.3, 34, 136, 170
1339327.3.peg.3619.site.4, 0, 135, 135
1339327.3.peg.3619.site.5, 16, 135, 151
1339327.3.peg.3619.site.6, 5, 136, 141
1339327.3.peg.3619.site.7, 18, 135, 153
1339327.3.peg.3619.site.8, 4, 136, 140
1339327.3.peg.3619.site.9, 3, 136, 139
1339327.3.peg.3619.site.10, 21, 136, 157
1339327.3.peg.3619.site.11, 46, 137, 183
1339327.3.peg.3619.site.12, 5, 136, 141
1339327.3.peg.3619.site.13, 0, 135, 135
1339327.3.peg.3619.site.14, 27, 137, 164
1339327.3.peg.3619.site.15, 13, 136, 149
1339327.3.peg.3619.site.16, 17, 134, 151
1339327.3.peg.3619.site.17, 128, 137, 265
1339327.3.peg.3619.site.18, 0, 136, 136
1339327.3.peg.3619.site.19, 3, 136, 139
1339327.3.peg.3619.site.20, 3, 136, 139
1339327.3.peg.3619.site.21, 3, 135, 138
1339327.3.peg.3619.site.22, 1, 135, 136
1339327.3.peg.3619.site.23, 0, 137, 137
1339327.3.peg.3619.site.24, 0, 133, 133
1339327.3.peg.3619.site.25, 5, 136, 141
1339327.3.peg.3618.site.1, 7, 133, 140
1339327.3.peg.3618.site.2, 4, 135, 139
1339327.3.peg.3618.site.3, 13, 132, 145
1339327.3.peg.3618.site.4, 39, 135, 174
1339327.3.peg.3618.site.5, 2, 136, 138
1339327.3.peg.3618.site.6, 2, 134, 136
1339327.3.peg.3618.site.7, 12, 136, 148
1339327.3.peg.3618.site.8, 7, 136, 143
1339327.3.peg.3618.site.9, 3, 137, 140
1339327.3.peg.3618.site.10, 0, 136, 136
1339327.3.peg.3618.site.11, 72, 137, 209
1339327.3.peg.3618.site.12, 0, 137, 137
1339327.3.peg.3618.site.13, 44, 136, 180
1339327.3.peg.3618.site.14, 40, 136, 176
1339327.3.peg.3618.site.15, 2, 136, 138
1339327.3.peg.3618.site.16, 0, 135, 135
1339327.3.peg.3618.site.17, 99, 136, 235
1339327.3.peg.3618.site.18, 2, 135, 137
1339327.3.peg.3613.site.1, 8, 134, 142
1339327.3.peg.3613.site.2, 1, 134, 135
1339327.3.peg.3613.site.3, 2, 134, 136
1339327.3.peg.3613.site.4, 74, 134, 208
1339327.3.peg.3613.site.5, 2, 127, 129
1339327.3.peg.3613.site.6, 37, 134, 171
1339327.3.peg.3613.site.7, 3, 135, 138
1339327.3.peg.3613.site.8, 2, 127, 129
1339327.3.peg.3613.site.9, 63, 128, 191
1339327.3.peg.3617.site.1, 2, 137, 139
1339327.3.peg.3617.site.2, 2, 137, 139
1339327.3.peg.3617.site.3, 40, 136, 176
1339327.3.peg.3617.site.4, 3, 136, 139
1339327.3.peg.3617.site.5, 37, 136, 173
1339327.3.peg.3617.site.6, 112, 135, 247
1339327.3.peg.3617.site.7, 47, 137, 184
1339327.3.peg.3617.site.8, 2, 137, 139
1339327.3.peg.3617.site.9, 2, 137, 139
1339327.3.peg.3617.site.10, 2, 137, 139
1339327.3.peg.3617.site.11, 7, 137, 144
1339327.3.peg.3617.site.12, 0, 136, 136
1339327.3.peg.3617.site.13, 31, 133, 164
1339327.3.peg.3616.site.1, 0, 133, 133
1339327.3.peg.3616.site.2, 94, 136, 230
1339327.3.peg.3616.site.3, 48, 137, 185
1339327.3.peg.3616.site.4, 2, 137, 139
1339327.3.peg.3616.site.5, 6, 135, 141
1339327.3.peg.3616.site.6, 12, 137, 149
1339327.3.peg.3616.site.7, 3, 137, 140
1339327.3.peg.3615.site.1, 16, 132, 148
1339327.3.peg.3615.site.2, 1, 70, 71
1339327.3.peg.3615.site.3, 4, 65, 69
1339327.3.peg.3615.site.4, 12, 85, 97
1339327.3.peg.3615.site.5, 25, 102, 127
1339327.3.peg.3615.site.6, 42, 115, 157
1339327.3.peg.3615.site.7, 0, 134, 134
1339327.3.peg.4526.site.1, 7, 136, 143
1339327.3.peg.4526.site.2, 6, 137, 143
1339327.3.peg.4322.site.1, 76, 134, 210
1339327.3.peg.4322.site.2, 35, 135, 170
1339327.3.peg.4322.site.3, 0, 136, 136
1339327.3.peg.4322.site.4, 3, 136, 139
1339327.3.peg.4322.site.5, 16, 136, 152
1339327.3.peg.4322.site.6, 5, 137, 142
1339327.3.peg.4322.site.7, 1, 137, 138
1339327.3.peg.4322.site.8, 75, 137, 212
1339327.3.peg.4322.site.9, 0, 134, 134
1339327.3.peg.4322.site.10, 1, 136, 137
1339327.3.peg.4322.site.11, 129, 137, 266
1339327.3.peg.4322.site.12, 5, 136, 141
1339327.3.peg.4322.site.13, 4, 137, 141
1339327.3.peg.4322.site.14, 26, 136, 162
1339327.3.peg.4322.site.15, 16, 137, 153
1339327.3.peg.4322.site.16, 2, 136, 138
1339327.3.peg.4322.site.17, 2, 137, 139
1339327.3.peg.4322.site.18, 8, 136, 144
1339327.3.peg.4322.site.19, 3, 133, 136
1339327.3.peg.4322.site.20, 60, 135, 195
1339327.3.peg.5108.site.1, 2, 114, 116
1339327.3.peg.5108.site.2, 2, 113, 115
1339327.3.peg.5108.site.3, 2, 113, 115
1339327.3.peg.5108.site.4, 2, 114, 116
1339327.3.peg.5108.site.5, 29, 114, 143
1339327.3.peg.5108.site.6, 1, 115, 116
1339327.3.peg.5108.site.7, 6, 120, 126
1339327.3.peg.5108.site.8, 1, 116, 117
1339327.3.peg.5108.site.9, 5, 114, 119
1339327.3.peg.5108.site.10, 2, 115, 117
1339327.3.peg.5108.site.11, 7, 119, 126
1339327.3.peg.5108.site.12, 6, 118, 124
1339327.3.peg.5108.site.13, 51, 122, 173
1339327.3.peg.5108.site.14, 10, 135, 145
1339327.3.peg.5108.site.15, 2, 135, 137
1339327.3.peg.5108.site.16, 0, 134, 134
1339327.3.peg.5108.site.17, 2, 135, 137
1339327.3.peg.5108.site.18, 55, 134, 189
1339327.3.peg.5108.site.19, 32, 135, 167
1339327.3.peg.5108.site.20, 3, 135, 138
1339327.3.peg.5108.site.21, 4, 135, 139
1339327.3.peg.5108.site.22, 23, 134, 157
1339327.3.peg.5108.site.23, 9, 135, 144
1339327.3.peg.5108.site.24, 47, 134, 181
1339327.3.peg.5108.site.25, 0, 134, 134
1339327.3.peg.5108.site.26, 69, 133, 202
1339327.3.peg.5108.site.27, 3, 134, 137
1339327.3.peg.5108.site.28, 3, 135, 138
1339327.3.peg.5108.site.29, 16, 135, 151
1339327.3.peg.5108.site.30, 1, 135, 136
1339327.3.peg.5108.site.31, 8, 134, 142
1339327.3.peg.5108.site.32, 11, 134, 145
1339327.3.peg.5108.site.33, 13, 133, 146
1339327.3.peg.5108.site.34, 5, 133, 138
1339327.3.peg.5108.site.35, 3, 133, 136
1339327.3.peg.5108.site.36, 5, 134, 139
1339327.3.peg.5108.site.37, 21, 135, 156
1339327.3.peg.5108.site.38, 2, 135, 137
1339327.3.peg.5108.site.39, 0, 135, 135
1339327.3.peg.5108.site.40, 3, 134, 137
1339327.3.peg.5108.site.41, 3, 133, 136
1339327.3.peg.5108.site.42, 10, 134, 144
1339327.3.peg.5108.site.43, 128, 134, 262
1339327.3.peg.3629.site.1, 15, 133, 148
1339327.3.peg.3629.site.2, 2, 136, 138
1339327.3.peg.3629.site.3, 1, 137, 138
1339327.3.peg.3629.site.4, 2, 136, 138
1339327.3.peg.3629.site.5, 4, 137, 141
1339327.3.peg.3629.site.6, 0, 135, 135
1339327.3.peg.3629.site.7, 16, 137, 153
1339327.3.peg.3629.site.8, 0, 135, 135
1339327.3.peg.3629.site.9, 12, 133, 145
1339327.3.peg.3629.site.10, 1, 136, 137
1339327.3.peg.3629.site.11, 2, 137, 139
1339327.3.peg.3629.site.12, 2, 132, 134
1339327.3.peg.3629.site.13, 4, 136, 140
1339327.3.peg.3629.site.14, 105, 133, 238
1339327.3.peg.3629.site.15, 5, 136, 141
1339327.3.peg.3629.site.16, 1, 135, 136
1339327.3.peg.3629.site.17, 6, 135, 141
1339327.3.peg.3629.site.18, 1, 135, 136
1339327.3.peg.3629.site.19, 3, 135, 138
1339327.3.peg.3629.site.20, 103, 135, 238
1339327.3.peg.3629.site.21, 3, 137, 140
1339327.3.peg.3629.site.22, 4, 137, 141
1339327.3.peg.3629.site.23, 2, 134, 136
1339327.3.peg.3629.site.24, 2, 132, 134
1339327.3.peg.3629.site.25, 0, 104, 104
1339327.3.peg.3629.site.26, 42, 106, 148
1339327.3.peg.2232.site.1, 0, 134, 134
1339327.3.peg.2232.site.2, 81, 133, 214
1339327.3.peg.2232.site.3, 23, 137, 160
1339327.3.peg.2232.site.4, 9, 136, 145
1339327.3.peg.2232.site.5, 16, 136, 152
1339327.3.peg.2232.site.6, 2, 137, 139
1339327.3.peg.2233.site.1, 2, 137, 139
1339327.3.peg.2233.site.2, 0, 136, 136
1339327.3.peg.2233.site.3, 0, 137, 137
1339327.3.peg.2233.site.4, 14, 137, 151
1339327.3.peg.2233.site.5, 5, 136, 141
1339327.3.peg.2233.site.6, 36, 137, 173
1339327.3.peg.2233.site.7, 3, 136, 139
1339327.3.peg.2233.site.8, 1, 135, 136
1339327.3.peg.2233.site.9, 4, 136, 140
1339327.3.peg.2233.site.10, 4, 137, 141
1339327.3.peg.2233.site.11, 1, 136, 137
1339327.3.peg.2233.site.12, 2, 136, 138
1339327.3.peg.2233.site.13, 3, 134, 137
1339327.3.peg.2233.site.14, 12, 135, 147
1339327.3.peg.2233.site.15, 2, 137, 139
1339327.3.peg.2233.site.16, 109, 136, 245
1339327.3.peg.2233.site.17, 13, 133, 146
1339327.3.peg.2233.site.18, 2, 134, 136
1339327.3.peg.2233.site.19, 86, 137, 223
1339327.3.peg.2230.site.1, 47, 133, 180
1339327.3.peg.2230.site.2, 6, 134, 140
1339327.3.peg.2230.site.3, 4, 136, 140
1339327.3.peg.2231.site.1, 3, 134, 137
1339327.3.peg.2231.site.2, 7, 136, 143
1339327.3.peg.2231.site.3, 6, 136, 142
1339327.3.peg.2231.site.4, 23, 134, 157
1339327.3.peg.2231.site.5, 5, 135, 140
1339327.3.peg.2231.site.6, 22, 135, 157
1339327.3.peg.2231.site.7, 130, 137, 267
1339327.3.peg.2231.site.8, 6, 136, 142
1339327.3.peg.2231.site.9, 28, 132, 160
1339327.3.peg.2231.site.10, 2, 136, 138
1339327.3.peg.2231.site.11, 2, 136, 138
1339327.3.peg.2231.site.12, 14, 135, 149
1339327.3.peg.2231.site.13, 3, 135, 138
1339327.3.peg.2231.site.14, 117, 135, 252
1339327.3.peg.2231.site.15, 2, 136, 138
1339327.3.peg.2231.site.16, 9, 132, 141
1339327.3.peg.2231.site.17, 4, 135, 139
1339327.3.peg.2236.site.1, 49, 134, 183
1339327.3.peg.2237.site.1, 5, 135, 140
1339327.3.peg.2237.site.2, 2, 135, 137
1339327.3.peg.2237.site.3, 0, 134, 134
1339327.3.peg.2237.site.4, 31, 135, 166
1339327.3.peg.2237.site.5, 1, 135, 136
1339327.3.peg.2237.site.6, 25, 135, 160
1339327.3.peg.2237.site.7, 4, 135, 139
1339327.3.peg.2237.site.8, 4, 136, 140
1339327.3.peg.2237.site.9, 9, 136, 145
1339327.3.peg.2237.site.10, 23, 136, 159
1339327.3.peg.2237.site.11, 8, 137, 145
1339327.3.peg.2237.site.12, 1, 135, 136
1339327.3.peg.2237.site.13, 0, 137, 137
1339327.3.peg.2237.site.14, 2, 132, 134
1339327.3.peg.2237.site.15, 45, 135, 180
1339327.3.peg.2237.site.16, 3, 135, 138
1339327.3.peg.2237.site.17, 1, 135, 136
1339327.3.peg.2237.site.18, 4, 136, 140
1339327.3.peg.2237.site.19, 2, 136, 138
1339327.3.peg.2237.site.20, 44, 136, 180
1339327.3.peg.2237.site.21, 0, 132, 132
1339327.3.peg.2234.site.1, 6, 135, 141
1339327.3.peg.2234.site.2, 5, 137, 142
1339327.3.peg.2234.site.3, 69, 137, 206
1339327.3.peg.2234.site.4, 3, 137, 140
1339327.3.peg.2234.site.5, 0, 135, 135
1339327.3.peg.2234.site.6, 1, 134, 135
1339327.3.peg.2234.site.7, 0, 135, 135
1339327.3.peg.2234.site.8, 13, 135, 148
1339327.3.peg.2234.site.9, 0, 131, 131
1339327.3.peg.2235.site.1, 0, 134, 134
1339327.3.peg.2235.site.2, 2, 135, 137
1339327.3.peg.2235.site.3, 2, 135, 137
1339327.3.peg.2235.site.4, 0, 134, 134
1339327.3.peg.2235.site.5, 0, 135, 135
1339327.3.peg.2235.site.6, 0, 135, 135
1339327.3.peg.2235.site.7, 53, 133, 186
1339327.3.peg.2235.site.8, 114, 134, 248
1339327.3.peg.2235.site.9, 1, 133, 134
1339327.3.peg.2235.site.10, 9, 133, 142
1339327.3.peg.2235.site.11, 0, 136, 136
1339327.3.peg.2235.site.12, 13, 135, 148
1339327.3.peg.2235.site.13, 4, 134, 138
1339327.3.peg.2235.site.14, 5, 135, 140
1339327.3.peg.2235.site.15, 118, 136, 254
1339327.3.peg.2235.site.16, 4, 131, 135
1339327.3.peg.4680.site.1, 2, 137, 139
1339327.3.peg.4680.site.2, 1, 136, 137
1339327.3.peg.4529.site.1, 30, 135, 165
1339327.3.peg.4529.site.2, 91, 127, 218
1339327.3.peg.4529.site.3, 1, 126, 127
1339327.3.peg.4529.site.4, 1, 114, 115
1339327.3.peg.4529.site.5, 7, 118, 125
1339327.3.peg.4529.site.6, 0, 133, 133
1339327.3.peg.4529.site.7, 14, 137, 151
1339327.3.peg.4529.site.8, 5, 137, 142
1339327.3.peg.4529.site.9, 2, 137, 139
1339327.3.peg.4529.site.10, 0, 137, 137
1339327.3.peg.4529.site.11, 2, 137, 139
1339327.3.peg.4529.site.12, 8, 137, 145
1339327.3.peg.4529.site.13, 128, 136, 264
1339327.3.peg.4529.site.14, 3, 137, 140
1339327.3.peg.4529.site.15, 21, 137, 158
1339327.3.peg.4529.site.16, 0, 136, 136
1339327.3.peg.4529.site.17, 56, 137, 193
1339327.3.peg.4529.site.18, 63, 134, 197
1339327.3.peg.4529.site.19, 2, 136, 138
1339327.3.peg.4529.site.20, 3, 133, 136
1339327.3.peg.4529.site.21, 45, 129, 174
1339327.3.peg.4529.site.22, 89, 136, 225
1339327.3.peg.5101.site.1, 1, 135, 136
1339327.3.peg.5101.site.2, 36, 134, 170
1339327.3.peg.5101.site.3, 2, 135, 137
1339327.3.peg.5101.site.4, 1, 135, 136
1339327.3.peg.5101.site.5, 4, 135, 139
1339327.3.peg.5101.site.6, 0, 134, 134
1339327.3.peg.5101.site.7, 0, 133, 133
1339327.3.peg.5101.site.8, 2, 135, 137
1339327.3.peg.5101.site.9, 5, 135, 140
1339327.3.peg.5101.site.10, 2, 135, 137
1339327.3.peg.5101.site.11, 5, 135, 140
1339327.3.peg.5101.site.12, 37, 135, 172
1339327.3.peg.5101.site.13, 5, 135, 140
1339327.3.peg.5101.site.14, 2, 135, 137
1339327.3.peg.5101.site.15, 2, 125, 127
1339327.3.peg.5101.site.16, 0, 133, 133
1339327.3.peg.5101.site.17, 7, 133, 140
1339327.3.peg.5101.site.18, 0, 134, 134
1339327.3.peg.5101.site.19, 4, 134, 138
1339327.3.peg.5101.site.20, 122, 133, 255
1339327.3.peg.5101.site.21, 123, 133, 256
1339327.3.peg.5101.site.22, 1, 136, 137
1339327.3.peg.5101.site.23, 123, 123, 246
1339327.3.peg.5101.site.24, 26, 134, 160
1339327.3.peg.5101.site.25, 26, 134, 160
1339327.3.peg.5101.site.26, 19, 134, 153
1339327.3.peg.5101.site.27, 27, 136, 163
1339327.3.peg.5100.site.1, 1, 132, 133
1339327.3.peg.5100.site.2, 1, 133, 134
1339327.3.peg.5100.site.3, 1, 134, 135
1339327.3.peg.5100.site.4, 2, 136, 138
1339327.3.peg.5100.site.5, 2, 137, 139
1339327.3.peg.5100.site.6, 43, 135, 178
1339327.3.peg.5100.site.7, 0, 134, 134
1339327.3.peg.5100.site.8, 6, 134, 140
1339327.3.peg.5100.site.9, 0, 135, 135
1339327.3.peg.5100.site.10, 61, 135, 196
1339327.3.peg.5100.site.11, 0, 134, 134
1339327.3.peg.5100.site.12, 4, 135, 139
1339327.3.peg.5100.site.13, 19, 135, 154
1339327.3.peg.5100.site.14, 10, 135, 145
1339327.3.peg.5100.site.15, 20, 135, 155
1339327.3.peg.5100.site.16, 57, 135, 192
1339327.3.peg.5100.site.17, 22, 134, 156
1339327.3.peg.5100.site.18, 1, 134, 135
1339327.3.peg.5100.site.19, 31, 135, 166
1339327.3.peg.5100.site.20, 31, 133, 164
1339327.3.peg.5100.site.21, 1, 133, 134
1339327.3.peg.5100.site.22, 5, 134, 139
1339327.3.peg.5100.site.23, 4, 136, 140
1339327.3.peg.5100.site.24, 1, 135, 136
1339327.3.peg.4328.site.1, 0, 136, 136
1339327.3.peg.4328.site.2, 124, 136, 260
1339327.3.peg.4328.site.3, 43, 135, 178
1339327.3.peg.4328.site.4, 12, 136, 148
1339327.3.peg.4328.site.5, 2, 137, 139
1339327.3.peg.4328.site.6, 47, 135, 182
1339327.3.peg.4328.site.7, 0, 136, 136
1339327.3.peg.4328.site.8, 3, 137, 140
1339327.3.peg.4328.site.9, 3, 136, 139
1339327.3.peg.4328.site.10, 0, 136, 136
1339327.3.peg.4328.site.11, 9, 136, 145
1339327.3.peg.4329.site.1, 0, 136, 136
1339327.3.peg.4329.site.2, 0, 136, 136
1339327.3.peg.4329.site.3, 0, 136, 136
1339327.3.peg.4329.site.4, 5, 136, 141
1339327.3.peg.4329.site.5, 2, 136, 138
1339327.3.peg.4329.site.6, 3, 134, 137
1339327.3.peg.4329.site.7, 2, 137, 139
1339327.3.peg.4329.site.8, 0, 137, 137
1339327.3.peg.4329.site.9, 0, 136, 136
1339327.3.peg.4329.site.10, 1, 136, 137
1339327.3.peg.4329.site.11, 8, 137, 145
1339327.3.peg.4329.site.12, 0, 136, 136
1339327.3.peg.4329.site.13, 94, 137, 231
1339327.3.peg.4329.site.14, 2, 137, 139
1339327.3.peg.4329.site.15, 1, 137, 138
1339327.3.peg.4329.site.16, 0, 136, 136
1339327.3.peg.3058.site.1, 0, 135, 135
1339327.3.peg.3058.site.2, 0, 136, 136
1339327.3.peg.3058.site.3, 3, 136, 139
1339327.3.peg.3058.site.4, 0, 135, 135
1339327.3.peg.3058.site.5, 1, 135, 136
1339327.3.peg.3058.site.6, 5, 135, 140
1339327.3.peg.3058.site.7, 37, 135, 172
1339327.3.peg.3058.site.8, 68, 135, 203
1339327.3.peg.3058.site.9, 63, 135, 198
1339327.3.peg.3058.site.10, 6, 135, 141
1339327.3.peg.3058.site.11, 20, 135, 155
1339327.3.peg.3058.site.12, 0, 136, 136
1339327.3.peg.3058.site.13, 53, 135, 188
1339327.3.peg.3058.site.14, 2, 134, 136
1339327.3.peg.3058.site.15, 37, 135, 172
1339327.3.peg.3058.site.16, 8, 136, 144
1339327.3.peg.3058.site.17, 0, 137, 137
1339327.3.peg.3058.site.18, 2, 135, 137
1339327.3.peg.3058.site.19, 19, 135, 154
1339327.3.peg.3058.site.20, 1, 136, 137
1339327.3.peg.3058.site.21, 0, 136, 136
1339327.3.peg.3058.site.22, 0, 133, 133
1339327.3.peg.3058.site.23, 106, 134, 240
1339327.3.peg.3058.site.24, 0, 132, 132
1339327.3.peg.3058.site.25, 10, 133, 143
1339327.3.peg.3055.site.1, 0, 134, 134
1339327.3.peg.3055.site.2, 2, 133, 135
1339327.3.peg.3055.site.3, 0, 131, 131
1339327.3.peg.3055.site.4, 1, 136, 137
1339327.3.peg.3055.site.5, 6, 137, 143
1339327.3.peg.3055.site.6, 5, 137, 142
1339327.3.peg.3055.site.7, 129, 135, 264
1339327.3.peg.3055.site.8, 2, 136, 138
1339327.3.peg.3055.site.9, 12, 135, 147
1339327.3.peg.3055.site.10, 2, 134, 136
1339327.3.peg.3055.site.11, 2, 136, 138
1339327.3.peg.3055.site.12, 0, 136, 136
1339327.3.peg.3055.site.13, 20, 136, 156
1339327.3.peg.3055.site.14, 0, 131, 131
1339327.3.peg.3055.site.15, 1, 134, 135
1339327.3.peg.3055.site.16, 53, 135, 188
1339327.3.peg.3055.site.17, 88, 133, 221
1339327.3.peg.3055.site.18, 5, 136, 141
1339327.3.peg.3055.site.19, 22, 137, 159
1339327.3.peg.3055.site.20, 4, 134, 138
1339327.3.peg.3054.site.1, 6, 134, 140
1339327.3.peg.3054.site.2, 96, 129, 225
1339327.3.peg.3054.site.3, 8, 128, 136
1339327.3.peg.3054.site.4, 35, 134, 169
1339327.3.peg.3054.site.5, 103, 133, 236
1339327.3.peg.3054.site.6, 15, 135, 150
1339327.3.peg.3054.site.7, 6, 134, 140
1339327.3.peg.3054.site.8, 3, 130, 133
1339327.3.peg.3057.site.1, 5, 135, 140
1339327.3.peg.3057.site.2, 0, 135, 135
1339327.3.peg.3057.site.3, 1, 137, 138
1339327.3.peg.3057.site.4, 0, 136, 136
1339327.3.peg.3057.site.5, 1, 136, 137
1339327.3.peg.3057.site.6, 7, 134, 141
1339327.3.peg.3057.site.7, 38, 137, 175
1339327.3.peg.3057.site.8, 44, 136, 180
1339327.3.peg.3057.site.9, 65, 136, 201
1339327.3.peg.3057.site.10, 0, 136, 136
1339327.3.peg.3057.site.11, 3, 136, 139
1339327.3.peg.3057.site.12, 100, 135, 235
1339327.3.peg.3057.site.13, 2, 136, 138
1339327.3.peg.3057.site.14, 0, 134, 134
1339327.3.peg.3057.site.15, 1, 134, 135
1339327.3.peg.3057.site.16, 12, 134, 146
1339327.3.peg.3057.site.17, 0, 134, 134
1339327.3.peg.3057.site.18, 3, 129, 132
1339327.3.peg.3057.site.19, 4, 133, 137
1339327.3.peg.3057.site.20, 33, 126, 159
1339327.3.peg.3057.site.21, 98, 136, 234
1339327.3.peg.3057.site.22, 11, 135, 146
1339327.3.peg.3057.site.23, 12, 134, 146
1339327.3.peg.3057.site.24, 3, 133, 136
1339327.3.peg.3057.site.25, 3, 136, 139
1339327.3.peg.3057.site.26, 2, 136, 138
1339327.3.peg.3057.site.27, 0, 137, 137
1339327.3.peg.3057.site.28, 0, 134, 134
1339327.3.peg.3056.site.1, 67, 136, 203
1339327.3.peg.3056.site.2, 9, 135, 144
1339327.3.peg.3056.site.3, 0, 136, 136
1339327.3.peg.3056.site.4, 20, 137, 157
1339327.3.peg.3056.site.5, 1, 134, 135
1339327.3.peg.3056.site.6, 0, 132, 132
1339327.3.peg.3056.site.7, 4, 137, 141
1339327.3.peg.3056.site.8, 48, 133, 181
1339327.3.peg.3056.site.9, 2, 136, 138
1339327.3.peg.3056.site.10, 115, 135, 250
1339327.3.peg.3056.site.11, 2, 137, 139
1339327.3.peg.3056.site.12, 0, 136, 136
1339327.3.peg.3056.site.13, 2, 135, 137
1339327.3.peg.3056.site.14, 14, 135, 149
1339327.3.peg.3056.site.15, 56, 135, 191
1339327.3.peg.3056.site.16, 4, 134, 138
1339327.3.peg.3056.site.17, 8, 137, 145
1339327.3.peg.3056.site.18, 25, 136, 161
1339327.3.peg.3056.site.19, 5, 136, 141
1339327.3.peg.3056.site.20, 76, 136, 212
1339327.3.peg.3056.site.21, 5, 136, 141
1339327.3.peg.3056.site.22, 0, 136, 136
1339327.3.peg.3051.site.1, 3, 134, 137
1339327.3.peg.3051.site.2, 2, 134, 136
1339327.3.peg.3051.site.3, 3, 136, 139
1339327.3.peg.3051.site.4, 0, 133, 133
1339327.3.peg.3051.site.5, 4, 134, 138
1339327.3.peg.3051.site.6, 0, 132, 132
1339327.3.peg.3051.site.7, 1, 134, 135
1339327.3.peg.3051.site.8, 2, 136, 138
1339327.3.peg.3051.site.9, 1, 133, 134
1339327.3.peg.3051.site.10, 4, 134, 138
1339327.3.peg.3051.site.11, 8, 135, 143
1339327.3.peg.3051.site.12, 2, 137, 139
1339327.3.peg.3051.site.13, 3, 137, 140
1339327.3.peg.3051.site.14, 0, 135, 135
1339327.3.peg.3050.site.1, 43, 134, 177
1339327.3.peg.3050.site.2, 4, 135, 139
1339327.3.peg.3050.site.3, 0, 136, 136
1339327.3.peg.3050.site.4, 22, 137, 159
1339327.3.peg.3050.site.5, 0, 135, 135
1339327.3.peg.3050.site.6, 2, 137, 139
1339327.3.peg.3050.site.7, 8, 134, 142
1339327.3.peg.3050.site.8, 8, 133, 141
1339327.3.peg.3050.site.9, 30, 134, 164
1339327.3.peg.3050.site.10, 0, 134, 134
1339327.3.peg.3050.site.11, 1, 133, 134
1339327.3.peg.3050.site.12, 19, 133, 152
1339327.3.peg.3050.site.13, 24, 130, 154
1339327.3.peg.3050.site.14, 2, 129, 131
1339327.3.peg.3050.site.15, 5, 135, 140
1339327.3.peg.3050.site.16, 2, 135, 137
1339327.3.peg.3050.site.17, 2, 134, 136
1339327.3.peg.3050.site.18, 1, 136, 137
1339327.3.peg.3050.site.19, 47, 137, 184
1339327.3.peg.3050.site.20, 17, 133, 150
1339327.3.peg.3050.site.21, 5, 136, 141
1339327.3.peg.3050.site.22, 0, 137, 137
1339327.3.peg.3050.site.23, 63, 136, 199
1339327.3.peg.3050.site.24, 17, 136, 153
1339327.3.peg.3053.site.1, 3, 124, 127
1339327.3.peg.3053.site.2, 0, 133, 133
1339327.3.peg.3053.site.3, 5, 133, 138
1339327.3.peg.3053.site.4, 77, 133, 210
1339327.3.peg.2128.site.1, 2, 134, 136
1339327.3.peg.1616.site.1, 39, 137, 176
1339327.3.peg.1616.site.2, 12, 137, 149
1339327.3.peg.1616.site.3, 101, 136, 237
1339327.3.peg.1616.site.4, 13, 136, 149
1339327.3.peg.1616.site.5, 0, 136, 136
1339327.3.peg.1616.site.6, 1, 137, 138
1339327.3.peg.1616.site.7, 0, 136, 136
1339327.3.peg.1616.site.8, 0, 137, 137
1339327.3.peg.1616.site.9, 3, 136, 139
1339327.3.peg.1616.site.10, 7, 136, 143
1339327.3.peg.4674.site.1, 3, 131, 134
1339327.3.peg.4674.site.2, 13, 131, 144
1339327.3.peg.4674.site.3, 14, 137, 151
1339327.3.peg.4674.site.4, 12, 135, 147
1339327.3.peg.4674.site.5, 8, 136, 144
1339327.3.peg.4674.site.6, 4, 136, 140
1339327.3.peg.4674.site.7, 19, 136, 155
1339327.3.peg.4674.site.8, 10, 136, 146
1339327.3.peg.4674.site.9, 52, 137, 189
1339327.3.peg.4674.site.10, 50, 137, 187
1339327.3.peg.4674.site.11, 1, 136, 137
1339327.3.peg.4674.site.12, 6, 135, 141
1339327.3.peg.4674.site.13, 15, 135, 150
1339327.3.peg.4674.site.14, 13, 136, 149
1339327.3.peg.4674.site.15, 8, 136, 144
1339327.3.peg.4674.site.16, 0, 134, 134
1339327.3.peg.4674.site.17, 1, 135, 136
1339327.3.peg.4674.site.18, 0, 136, 136
1339327.3.peg.4674.site.19, 11, 136, 147
1339327.3.peg.4674.site.20, 2, 137, 139
1339327.3.peg.4674.site.21, 1, 137, 138
1339327.3.peg.4674.site.22, 2, 136, 138
1339327.3.peg.4674.site.23, 1, 136, 137
1339327.3.peg.4674.site.24, 28, 134, 162
1339327.3.peg.4674.site.25, 51, 127, 178
1339327.3.peg.4674.site.26, 0, 136, 136
1339327.3.peg.4674.site.27, 3, 137, 140
1339327.3.peg.2126.site.1, 1, 136, 137
1339327.3.peg.2126.site.2, 0, 133, 133
1339327.3.peg.2126.site.3, 2, 133, 135
1339327.3.peg.2126.site.4, 0, 135, 135
1339327.3.peg.2126.site.5, 0, 135, 135
1339327.3.peg.2126.site.6, 6, 135, 141
1339327.3.peg.2126.site.7, 5, 135, 140
1339327.3.peg.2126.site.8, 1, 136, 137
1339327.3.peg.2126.site.9, 5, 137, 142
1339327.3.peg.2126.site.10, 33, 135, 168
1339327.3.peg.2126.site.11, 50, 135, 185
1339327.3.peg.2126.site.12, 41, 136, 177
1339327.3.peg.2126.site.13, 0, 134, 134
1339327.3.peg.2127.site.1, 0, 130, 130
1339327.3.peg.2127.site.2, 3, 132, 135
1339327.3.peg.2127.site.3, 9, 135, 144
1339327.3.peg.2127.site.4, 5, 133, 138
1339327.3.peg.2127.site.5, 8, 135, 143
1339327.3.peg.2127.site.6, 3, 135, 138
1339327.3.peg.2127.site.7, 83, 135, 218
1339327.3.peg.2127.site.8, 6, 131, 137
1339327.3.peg.2127.site.9, 3, 135, 138
1339327.3.peg.2127.site.10, 5, 133, 138
1339327.3.peg.2127.site.11, 1, 136, 137
1339327.3.peg.2127.site.12, 21, 135, 156
1339327.3.peg.2127.site.13, 9, 136, 145
1339327.3.peg.2127.site.14, 9, 136, 145
1339327.3.peg.2127.site.15, 7, 135, 142
1339327.3.peg.2127.site.16, 8, 137, 145
1339327.3.peg.2127.site.17, 0, 131, 131
1339327.3.peg.2127.site.18, 1, 133, 134
1339327.3.peg.2127.site.19, 2, 135, 137
1339327.3.peg.2127.site.20, 6, 133, 139
1339327.3.peg.2127.site.21, 6, 136, 142
1339327.3.peg.2127.site.22, 2, 135, 137
1339327.3.peg.4675.site.1, 5, 137, 142
1339327.3.peg.4675.site.2, 2, 136, 138
1339327.3.peg.4675.site.3, 2, 136, 138
1339327.3.peg.4675.site.4, 2, 137, 139
1339327.3.peg.4675.site.5, 3, 134, 137
1339327.3.peg.4675.site.6, 1, 133, 134
1339327.3.peg.4675.site.7, 0, 135, 135
1339327.3.peg.5049.site.1, 3, 135, 138
1339327.3.peg.5049.site.2, 8, 136, 144
1339327.3.peg.5049.site.3, 2, 137, 139
1339327.3.peg.5049.site.4, 17, 136, 153
1339327.3.peg.5049.site.5, 1, 136, 137
1339327.3.peg.5049.site.6, 0, 136, 136
1339327.3.peg.5049.site.7, 3, 136, 139
1339327.3.peg.5049.site.8, 3, 137, 140
1339327.3.peg.5049.site.9, 43, 137, 180
1339327.3.peg.5049.site.10, 0, 137, 137
1339327.3.peg.3752.site.1, 5, 135, 140
1339327.3.peg.3752.site.2, 36, 133, 169
1339327.3.peg.3752.site.3, 2, 136, 138
1339327.3.peg.3752.site.4, 27, 136, 163
1339327.3.peg.3752.site.5, 0, 137, 137
1339327.3.peg.3753.site.1, 15, 136, 151
1339327.3.peg.3753.site.2, 2, 137, 139
1339327.3.peg.3753.site.3, 0, 134, 134
1339327.3.peg.3753.site.4, 39, 131, 170
1339327.3.peg.3753.site.5, 8, 133, 141
1339327.3.peg.3753.site.6, 2, 137, 139
1339327.3.peg.3753.site.7, 16, 136, 152
1339327.3.peg.3753.site.8, 9, 135, 144
1339327.3.peg.3753.site.9, 1, 135, 136
1339327.3.peg.3753.site.10, 2, 137, 139
1339327.3.peg.3753.site.11, 11, 137, 148
1339327.3.peg.3753.site.12, 1, 137, 138
1339327.3.peg.3753.site.13, 103, 136, 239
1339327.3.peg.3753.site.14, 2, 135, 137
1339327.3.peg.3753.site.15, 2, 135, 137
1339327.3.peg.3753.site.16, 15, 133, 148
1339327.3.peg.3753.site.17, 27, 136, 163
1339327.3.peg.3753.site.18, 5, 136, 141
1339327.3.peg.3753.site.19, 6, 136, 142
1339327.3.peg.3753.site.20, 2, 137, 139
1339327.3.peg.3753.site.21, 0, 135, 135
1339327.3.peg.3751.site.1, 2, 137, 139
1339327.3.peg.3751.site.2, 11, 137, 148
1339327.3.peg.3751.site.3, 0, 135, 135
1339327.3.peg.3751.site.4, 3, 134, 137
1339327.3.peg.3751.site.5, 86, 136, 222
1339327.3.peg.3751.site.6, 0, 137, 137
1339327.3.peg.3751.site.7, 1, 136, 137
1339327.3.peg.3751.site.8, 36, 136, 172
1339327.3.peg.3751.site.9, 22, 136, 158
1339327.3.peg.3751.site.10, 0, 135, 135
1339327.3.peg.3751.site.11, 2, 136, 138
1339327.3.peg.3751.site.12, 40, 136, 176
1339327.3.peg.3751.site.13, 3, 135, 138
1339327.3.peg.3751.site.14, 0, 134, 134
1339327.3.peg.3751.site.15, 129, 135, 264
1339327.3.peg.3751.site.16, 4, 135, 139
1339327.3.peg.3751.site.17, 2, 135, 137
1339327.3.peg.3751.site.18, 2, 135, 137
1339327.3.peg.3751.site.19, 7, 136, 143
1339327.3.peg.3751.site.20, 1, 135, 136
1339327.3.peg.3751.site.21, 41, 137, 178
1339327.3.peg.3751.site.22, 3, 137, 140
1339327.3.peg.3751.site.23, 2, 137, 139
1339327.3.peg.3756.site.1, 120, 134, 254
1339327.3.peg.3756.site.2, 1, 132, 133
1339327.3.peg.3756.site.3, 60, 134, 194
1339327.3.peg.3756.site.4, 39, 134, 173
1339327.3.peg.3756.site.5, 62, 134, 196
1339327.3.peg.3756.site.6, 40, 136, 176
1339327.3.peg.3756.site.7, 2, 137, 139
1339327.3.peg.3756.site.8, 4, 131, 135
1339327.3.peg.3756.site.9, 0, 128, 128
1339327.3.peg.3756.site.10, 10, 133, 143
1339327.3.peg.3756.site.11, 16, 135, 151
1339327.3.peg.3756.site.12, 6, 118, 124
1339327.3.peg.3756.site.13, 6, 93, 99
1339327.3.peg.3756.site.14, 37, 91, 128
1339327.3.peg.3756.site.15, 31, 79, 110
1339327.3.peg.3756.site.16, 44, 127, 171
1339327.3.peg.3754.site.1, 3, 136, 139
1339327.3.peg.3754.site.2, 1, 136, 137
1339327.3.peg.3754.site.3, 18, 137, 155
1339327.3.peg.3754.site.4, 1, 135, 136
1339327.3.peg.3754.site.5, 116, 136, 252
1339327.3.peg.3754.site.6, 116, 136, 252
1339327.3.peg.3754.site.7, 0, 137, 137
1339327.3.peg.3754.site.8, 5, 135, 140
1339327.3.peg.3754.site.9, 4, 137, 141
1339327.3.peg.3754.site.10, 0, 137, 137
1339327.3.peg.3754.site.11, 51, 134, 185
1339327.3.peg.3754.site.12, 4, 137, 141
1339327.3.peg.3754.site.13, 3, 135, 138
1339327.3.peg.3754.site.14, 9, 135, 144
1339327.3.peg.3754.site.15, 64, 133, 197
1339327.3.peg.3754.site.16, 1, 137, 138
1339327.3.peg.3754.site.17, 39, 135, 174
1339327.3.peg.3754.site.18, 26, 135, 161
1339327.3.peg.3754.site.19, 3, 135, 138
1339327.3.peg.3754.site.20, 0, 136, 136
1339327.3.peg.3754.site.21, 0, 136, 136
1339327.3.peg.3754.site.22, 3, 137, 140
1339327.3.peg.3754.site.23, 5, 137, 142
1339327.3.peg.3754.site.24, 0, 137, 137
1339327.3.peg.3754.site.25, 2, 135, 137
1339327.3.peg.3754.site.26, 2, 130, 132
1339327.3.peg.3754.site.27, 35, 135, 170
1339327.3.peg.3754.site.28, 1, 135, 136
1339327.3.peg.3754.site.29, 3, 135, 138
1339327.3.peg.3754.site.30, 28, 135, 163
1339327.3.peg.3755.site.1, 4, 136, 140
1339327.3.peg.3755.site.2, 5, 137, 142
1339327.3.peg.3755.site.3, 3, 136, 139
1339327.3.peg.3755.site.4, 1, 135, 136
1339327.3.peg.3755.site.5, 128, 128, 256
1339327.3.peg.3755.site.6, 0, 136, 136
1339327.3.peg.4638.site.1, 6, 136, 142
1339327.3.peg.4638.site.2, 2, 137, 139
1339327.3.peg.4638.site.3, 5, 137, 142
1339327.3.peg.4638.site.4, 17, 137, 154
1339327.3.peg.4638.site.5, 117, 137, 254
1339327.3.peg.4638.site.6, 25, 137, 162
1339327.3.peg.4638.site.7, 19, 137, 156
1339327.3.peg.4638.site.8, 3, 137, 140
1339327.3.peg.4638.site.9, 15, 135, 150
1339327.3.peg.4638.site.10, 57, 136, 193
1339327.3.peg.4638.site.11, 127, 137, 264
1339327.3.peg.4638.site.12, 106, 136, 242
1339327.3.peg.4638.site.13, 11, 136, 147
1339327.3.peg.4638.site.14, 3, 136, 139
1339327.3.peg.4638.site.15, 2, 134, 136
1339327.3.peg.4638.site.16, 54, 134, 188
1339327.3.peg.4638.site.17, 3, 136, 139
1339327.3.peg.4638.site.18, 0, 136, 136
1339327.3.peg.4638.site.19, 19, 136, 155
1339327.3.peg.4638.site.20, 4, 137, 141
1339327.3.peg.4638.site.21, 4, 137, 141
1339327.3.peg.4638.site.22, 23, 137, 160
1339327.3.peg.4638.site.23, 2, 137, 139
1339327.3.peg.4638.site.24, 0, 137, 137
1339327.3.peg.4638.site.25, 3, 136, 139
1339327.3.peg.4638.site.26, 12, 137, 149
1339327.3.peg.4638.site.27, 11, 137, 148
1339327.3.peg.4638.site.28, 6, 137, 143
1339327.3.peg.4638.site.29, 6, 136, 142
1339327.3.peg.4638.site.30, 0, 136, 136
1339327.3.peg.4638.site.31, 1, 134, 135
1339327.3.peg.4638.site.32, 2, 136, 138
1339327.3.peg.4638.site.33, 102, 135, 237
1339327.3.peg.4638.site.34, 1, 136, 137
1339327.3.peg.4638.site.35, 86, 136, 222
1339327.3.peg.4638.site.36, 2, 136, 138
1339327.3.peg.4638.site.37, 3, 136, 139
1339327.3.peg.4638.site.38, 3, 135, 138
1339327.3.peg.4638.site.39, 5, 137, 142
1339327.3.peg.4638.site.40, 3, 136, 139
1339327.3.peg.4638.site.41, 31, 137, 168
1339327.3.peg.4638.site.42, 89, 134, 223
1339327.3.peg.4638.site.43, 0, 136, 136
1339327.3.peg.4638.site.44, 3, 135, 138
1339327.3.peg.4638.site.45, 50, 137, 187
1339327.3.peg.4638.site.46, 0, 133, 133
1339327.3.peg.4638.site.47, 5, 136, 141
1339327.3.peg.4638.site.48, 1, 136, 137
1339327.3.peg.4638.site.49, 41, 136, 177
1339327.3.peg.4638.site.50, 19, 137, 156
1339327.3.peg.4638.site.51, 57, 136, 193
1339327.3.peg.4638.site.52, 3, 137, 140
1339327.3.peg.4638.site.53, 5, 135, 140
1339327.3.peg.4638.site.54, 11, 136, 147
1339327.3.peg.4638.site.55, 1, 137, 138
1339327.3.peg.4638.site.56, 3, 137, 140
1339327.3.peg.4638.site.57, 48, 136, 184
1339327.3.peg.4638.site.58, 0, 137, 137
1339327.3.peg.4638.site.59, 5, 137, 142
1339327.3.peg.4638.site.60, 5, 137, 142
1339327.3.peg.4638.site.61, 121, 136, 257
1339327.3.peg.4638.site.62, 24, 136, 160
1339327.3.peg.4638.site.63, 17, 137, 154
1339327.3.peg.4638.site.64, 5, 137, 142
1339327.3.peg.4638.site.65, 5, 137, 142
1339327.3.peg.4638.site.66, 7, 137, 144
1339327.3.peg.4638.site.67, 16, 136, 152
1339327.3.peg.4638.site.68, 2, 136, 138
1339327.3.peg.4638.site.69, 71, 136, 207
1339327.3.peg.4638.site.70, 9, 136, 145
1339327.3.peg.4638.site.71, 5, 136, 141
1339327.3.peg.4638.site.72, 6, 136, 142
1339327.3.peg.4638.site.73, 1, 137, 138
1339327.3.peg.4638.site.74, 0, 137, 137
1339327.3.peg.4638.site.75, 0, 136, 136
1339327.3.peg.4638.site.76, 0, 136, 136
1339327.3.peg.4639.site.1, 10, 137, 147
1339327.3.peg.4639.site.2, 92, 133, 225
1339327.3.peg.4639.site.3, 84, 124, 208
1339327.3.peg.4639.site.4, 10, 129, 139
1339327.3.peg.4639.site.5, 2, 135, 137
1339327.3.peg.4639.site.6, 10, 137, 147
1339327.3.peg.4639.site.7, 4, 137, 141
1339327.3.peg.4639.site.8, 0, 137, 137
1339327.3.peg.4639.site.9, 5, 137, 142
1339327.3.peg.4639.site.10, 0, 137, 137
1339327.3.peg.4639.site.11, 3, 134, 137
1339327.3.peg.4639.site.12, 26, 135, 161
1339327.3.peg.4639.site.13, 100, 134, 234
1339327.3.peg.4639.site.14, 4, 137, 141
1339327.3.peg.4639.site.15, 24, 137, 161
1339327.3.peg.4639.site.16, 3, 137, 140
1339327.3.peg.4639.site.17, 121, 132, 253
1339327.3.peg.4639.site.18, 0, 135, 135
1339327.3.peg.4639.site.19, 14, 136, 150
1339327.3.peg.4639.site.20, 8, 135, 143
1339327.3.peg.4639.site.21, 2, 136, 138
1339327.3.peg.4639.site.22, 21, 136, 157
1339327.3.peg.4639.site.23, 1, 136, 137
1339327.3.peg.4639.site.24, 11, 137, 148
1339327.3.peg.4639.site.25, 117, 137, 254
1339327.3.peg.4639.site.26, 16, 135, 151
1339327.3.peg.4634.site.1, 2, 133, 135
1339327.3.peg.4634.site.2, 0, 131, 131
1339327.3.peg.4634.site.3, 125, 132, 257
1339327.3.peg.4634.site.4, 0, 133, 133
1339327.3.peg.4634.site.5, 2, 133, 135
1339327.3.peg.4634.site.6, 41, 131, 172
1339327.3.peg.4634.site.7, 3, 134, 137
1339327.3.peg.4634.site.8, 7, 131, 138
1339327.3.peg.4634.site.9, 3, 132, 135
1339327.3.peg.4634.site.10, 20, 132, 152
1339327.3.peg.4634.site.11, 0, 136, 136
1339327.3.peg.4634.site.12, 0, 136, 136
1339327.3.peg.4634.site.13, 3, 137, 140
1339327.3.peg.4634.site.14, 4, 134, 138
1339327.3.peg.4634.site.15, 0, 134, 134
1339327.3.peg.4634.site.16, 1, 134, 135
1339327.3.peg.4634.site.17, 1, 130, 131
1339327.3.peg.4634.site.18, 0, 129, 129
1339327.3.peg.4634.site.19, 34, 130, 164
1339327.3.peg.4634.site.20, 0, 137, 137
1339327.3.peg.4634.site.21, 2, 137, 139
1339327.3.peg.4634.site.22, 2, 136, 138
1339327.3.peg.4634.site.23, 11, 128, 139
1339327.3.peg.4634.site.24, 0, 124, 124
1339327.3.peg.4634.site.25, 1, 125, 126
1339327.3.peg.4634.site.26, 108, 122, 230
1339327.3.peg.4634.site.27, 113, 127, 240
1339327.3.peg.4634.site.28, 12, 127, 139
1339327.3.peg.4634.site.29, 1, 128, 129
1339327.3.peg.4634.site.30, 0, 127, 127
1339327.3.peg.4634.site.31, 38, 127, 165
1339327.3.peg.4634.site.32, 46, 125, 171
1339327.3.peg.4634.site.33, 0, 127, 127
1339327.3.peg.4634.site.34, 13, 126, 139
1339327.3.peg.4634.site.35, 28, 126, 154
1339327.3.peg.4634.site.36, 0, 125, 125
1339327.3.peg.4634.site.37, 0, 126, 126
1339327.3.peg.4634.site.38, 9, 127, 136
1339327.3.peg.4634.site.39, 65, 120, 185
1339327.3.peg.4634.site.40, 1, 127, 128
1339327.3.peg.4634.site.41, 0, 126, 126
1339327.3.peg.4634.site.42, 82, 124, 206
1339327.3.peg.4634.site.43, 0, 125, 125
1339327.3.peg.4634.site.44, 14, 128, 142
1339327.3.peg.4634.site.45, 107, 126, 233
1339327.3.peg.4634.site.46, 104, 126, 230
1339327.3.peg.4634.site.47, 1, 127, 128
1339327.3.peg.4634.site.48, 51, 126, 177
1339327.3.peg.4634.site.49, 106, 125, 231
1339327.3.peg.4634.site.50, 5, 129, 134
1339327.3.peg.4634.site.51, 37, 128, 165
1339327.3.peg.4634.site.52, 1, 128, 129
1339327.3.peg.4634.site.53, 2, 128, 130
1339327.3.peg.4634.site.54, 1, 128, 129
1339327.3.peg.4634.site.55, 10, 128, 138
1339327.3.peg.4634.site.56, 3, 129, 132
1339327.3.peg.4634.site.57, 0, 123, 123
1339327.3.peg.4634.site.58, 3, 126, 129
1339327.3.peg.4634.site.59, 0, 124, 124
1339327.3.peg.4634.site.60, 0, 128, 128
1339327.3.peg.4634.site.61, 68, 124, 192
1339327.3.peg.4634.site.62, 5, 128, 133
1339327.3.peg.4634.site.63, 5, 128, 133
1339327.3.peg.4634.site.64, 1, 129, 130
1339327.3.peg.4634.site.65, 1, 126, 127
1339327.3.peg.4635.site.1, 7, 132, 139
1339327.3.peg.4635.site.2, 22, 134, 156
1339327.3.peg.4636.site.1, 3, 136, 139
1339327.3.peg.4636.site.2, 70, 135, 205
1339327.3.peg.4636.site.3, 0, 136, 136
1339327.3.peg.4636.site.4, 3, 135, 138
1339327.3.peg.4636.site.5, 107, 136, 243
1339327.3.peg.4636.site.6, 45, 135, 180
1339327.3.peg.4636.site.7, 2, 136, 138
1339327.3.peg.4636.site.8, 0, 137, 137
1339327.3.peg.4636.site.9, 2, 135, 137
1339327.3.peg.4637.site.1, 1, 136, 137
1339327.3.peg.4637.site.2, 1, 136, 137
1339327.3.peg.4637.site.3, 29, 136, 165
1339327.3.peg.4637.site.4, 35, 137, 172
1339327.3.peg.4637.site.5, 52, 137, 189
1339327.3.peg.4637.site.6, 12, 137, 149
1339327.3.peg.4637.site.7, 2, 137, 139
1339327.3.peg.4637.site.8, 1, 137, 138
1339327.3.peg.4637.site.9, 12, 137, 149
1339327.3.peg.4637.site.10, 3, 137, 140
1339327.3.peg.4637.site.11, 5, 137, 142
1339327.3.peg.4637.site.12, 14, 135, 149
1339327.3.peg.4637.site.13, 31, 136, 167
1339327.3.peg.4637.site.14, 0, 135, 135
1339327.3.peg.4637.site.15, 1, 136, 137
1339327.3.peg.4637.site.16, 16, 136, 152
1339327.3.peg.4637.site.17, 5, 136, 141
1339327.3.peg.4637.site.18, 63, 135, 198
1339327.3.peg.4637.site.19, 1, 134, 135
1339327.3.peg.4637.site.20, 40, 135, 175
1339327.3.peg.4637.site.21, 1, 135, 136
1339327.3.peg.4637.site.22, 14, 136, 150
1339327.3.peg.4637.site.23, 17, 136, 153
1339327.3.peg.4637.site.24, 38, 135, 173
1339327.3.peg.4637.site.25, 1, 137, 138
1339327.3.peg.4637.site.26, 1, 136, 137
1339327.3.peg.4637.site.27, 13, 137, 150
1339327.3.peg.4637.site.28, 4, 137, 141
1339327.3.peg.4637.site.29, 4, 137, 141
1339327.3.peg.4637.site.30, 3, 137, 140
1339327.3.peg.4637.site.31, 1, 137, 138
1339327.3.peg.4637.site.32, 6, 136, 142
1339327.3.peg.4637.site.33, 5, 137, 142
1339327.3.peg.4637.site.34, 1, 137, 138
1339327.3.peg.4637.site.35, 3, 135, 138
1339327.3.peg.4637.site.36, 8, 136, 144
1339327.3.peg.4637.site.37, 34, 137, 171
1339327.3.peg.4637.site.38, 34, 137, 171
1339327.3.peg.4637.site.39, 2, 137, 139
1339327.3.peg.4637.site.40, 61, 136, 197
1339327.3.peg.4637.site.41, 0, 134, 134
1339327.3.peg.4637.site.42, 130, 135, 265
1339327.3.peg.4637.site.43, 7, 135, 142
1339327.3.peg.4637.site.44, 122, 135, 257
1339327.3.peg.4637.site.45, 0, 136, 136
1339327.3.peg.4637.site.46, 2, 137, 139
1339327.3.peg.4630.site.1, 0, 136, 136
1339327.3.peg.4630.site.2, 51, 136, 187
1339327.3.peg.4630.site.3, 51, 136, 187
1339327.3.peg.4630.site.4, 0, 136, 136
1339327.3.peg.4630.site.5, 0, 136, 136
1339327.3.peg.4630.site.6, 0, 136, 136
1339327.3.peg.4630.site.7, 46, 137, 183
1339327.3.peg.4630.site.8, 33, 136, 169
1339327.3.peg.4630.site.9, 0, 137, 137
1339327.3.peg.4630.site.10, 15, 137, 152
1339327.3.peg.4630.site.11, 3, 136, 139
1339327.3.peg.4630.site.12, 7, 137, 144
1339327.3.peg.4631.site.1, 2, 135, 137
1339327.3.peg.4631.site.2, 4, 137, 141
1339327.3.peg.4631.site.3, 0, 136, 136
1339327.3.peg.4631.site.4, 11, 137, 148
1339327.3.peg.4631.site.5, 9, 137, 146
1339327.3.peg.4631.site.6, 35, 136, 171
1339327.3.peg.4631.site.7, 0, 136, 136
1339327.3.peg.4631.site.8, 71, 135, 206
1339327.3.peg.4631.site.9, 33, 136, 169
1339327.3.peg.4631.site.10, 50, 134, 184
1339327.3.peg.4631.site.11, 87, 136, 223
1339327.3.peg.4631.site.12, 1, 137, 138
1339327.3.peg.4631.site.13, 28, 136, 164
1339327.3.peg.4631.site.14, 1, 137, 138
1339327.3.peg.4631.site.15, 0, 135, 135
1339327.3.peg.4631.site.16, 0, 136, 136
1339327.3.peg.4631.site.17, 1, 137, 138
1339327.3.peg.4632.site.1, 55, 136, 191
1339327.3.peg.4632.site.2, 0, 135, 135
1339327.3.peg.4632.site.3, 1, 134, 135
1339327.3.peg.4632.site.4, 14, 136, 150
1339327.3.peg.4632.site.5, 6, 137, 143
1339327.3.peg.4632.site.6, 7, 135, 142
1339327.3.peg.4632.site.7, 0, 137, 137
1339327.3.peg.4632.site.8, 0, 137, 137
1339327.3.peg.4632.site.9, 47, 135, 182
1339327.3.peg.4632.site.10, 10, 137, 147
1339327.3.peg.4632.site.11, 1, 136, 137
1339327.3.peg.4632.site.12, 2, 137, 139
1339327.3.peg.4632.site.13, 35, 137, 172
1339327.3.peg.4632.site.14, 2, 136, 138
1339327.3.peg.4632.site.15, 33, 137, 170
1339327.3.peg.4632.site.16, 6, 136, 142
1339327.3.peg.4632.site.17, 0, 136, 136
1339327.3.peg.4632.site.18, 7, 137, 144
1339327.3.peg.4632.site.19, 2, 136, 138
1339327.3.peg.4632.site.20, 6, 136, 142
1339327.3.peg.4632.site.21, 5, 137, 142
1339327.3.peg.4633.site.1, 9, 137, 146
1339327.3.peg.4633.site.2, 2, 137, 139
1339327.3.peg.4633.site.3, 25, 136, 161
1339327.3.peg.4633.site.4, 0, 135, 135
1339327.3.peg.4633.site.5, 65, 137, 202
1339327.3.peg.4633.site.6, 17, 137, 154
1339327.3.peg.4633.site.7, 0, 137, 137
1339327.3.peg.4633.site.8, 1, 137, 138
1339327.3.peg.4633.site.9, 3, 137, 140
1339327.3.peg.4633.site.10, 23, 136, 159
1339327.3.peg.4633.site.11, 2, 136, 138
1339327.3.peg.4633.site.12, 3, 137, 140
1339327.3.peg.4633.site.13, 0, 137, 137
1339327.3.peg.4633.site.14, 1, 137, 138
1339327.3.peg.1979.site.1, 15, 134, 149
1339327.3.peg.1979.site.2, 0, 129, 129
1339327.3.peg.1979.site.3, 2, 134, 136
1339327.3.peg.1979.site.4, 55, 133, 188
1339327.3.peg.1979.site.5, 1, 137, 138
1339327.3.peg.1979.site.6, 2, 134, 136
1339327.3.peg.1979.site.7, 14, 130, 144
1339327.3.peg.1979.site.8, 25, 132, 157
1339327.3.peg.1979.site.9, 8, 135, 143
1339327.3.peg.1979.site.10, 65, 136, 201
1339327.3.peg.1979.site.11, 46, 136, 182
1339327.3.peg.1979.site.12, 12, 137, 149
1339327.3.peg.1979.site.13, 1, 136, 137
1339327.3.peg.1979.site.14, 0, 136, 136
1339327.3.peg.1979.site.15, 3, 137, 140
1339327.3.peg.1979.site.16, 8, 135, 143
1339327.3.peg.1979.site.17, 1, 135, 136
1339327.3.peg.4826.site.1, 3, 137, 140
1339327.3.peg.4826.site.2, 131, 136, 267
1339327.3.peg.4826.site.3, 0, 134, 134
1339327.3.peg.4826.site.4, 44, 135, 179
1339327.3.peg.4826.site.5, 1, 136, 137
1339327.3.peg.4826.site.6, 39, 137, 176
1339327.3.peg.4826.site.7, 7, 136, 143
1339327.3.peg.4826.site.8, 3, 136, 139
1339327.3.peg.4826.site.9, 35, 137, 172
1339327.3.peg.4826.site.10, 3, 136, 139
1339327.3.peg.4826.site.11, 49, 136, 185
1339327.3.peg.1974.site.1, 7, 134, 141
1339327.3.peg.1974.site.2, 3, 137, 140
1339327.3.peg.1974.site.3, 49, 137, 186
1339327.3.peg.1974.site.4, 5, 137, 142
1339327.3.peg.1974.site.5, 4, 137, 141
1339327.3.peg.1974.site.6, 3, 136, 139
1339327.3.peg.1974.site.7, 0, 136, 136
1339327.3.peg.1974.site.8, 52, 135, 187
1339327.3.peg.1974.site.9, 0, 135, 135
1339327.3.peg.1974.site.10, 0, 134, 134
1339327.3.peg.1975.site.1, 2, 136, 138
1339327.3.peg.1975.site.2, 6, 135, 141
1339327.3.peg.1975.site.3, 4, 131, 135
1339327.3.peg.1975.site.4, 2, 137, 139
1339327.3.peg.1976.site.1, 52, 132, 184
1339327.3.peg.1976.site.2, 3, 135, 138
1339327.3.peg.1976.site.3, 5, 137, 142
1339327.3.peg.1976.site.4, 15, 133, 148
1339327.3.peg.1976.site.5, 2, 137, 139
1339327.3.peg.1976.site.6, 0, 136, 136
1339327.3.peg.1976.site.7, 0, 136, 136
1339327.3.peg.1976.site.8, 2, 135, 137
1339327.3.peg.1976.site.9, 0, 136, 136
1339327.3.peg.1976.site.10, 14, 137, 151
1339327.3.peg.1976.site.11, 17, 136, 153
1339327.3.peg.1977.site.1, 0, 134, 134
1339327.3.peg.1977.site.2, 30, 136, 166
1339327.3.peg.1977.site.3, 10, 137, 147
1339327.3.peg.1977.site.4, 0, 135, 135
1339327.3.peg.1977.site.5, 46, 136, 182
1339327.3.peg.1977.site.6, 2, 136, 138
1339327.3.peg.1970.site.1, 0, 133, 133
1339327.3.peg.1970.site.2, 0, 136, 136
1339327.3.peg.1970.site.3, 2, 136, 138
1339327.3.peg.1970.site.4, 5, 136, 141
1339327.3.peg.1970.site.5, 51, 136, 187
1339327.3.peg.1970.site.6, 19, 135, 154
1339327.3.peg.1970.site.7, 8, 132, 140
1339327.3.peg.1970.site.8, 5, 137, 142
1339327.3.peg.1970.site.9, 98, 132, 230
1339327.3.peg.1970.site.10, 3, 134, 137
1339327.3.peg.1970.site.11, 3, 134, 137
1339327.3.peg.1971.site.1, 2, 136, 138
1339327.3.peg.1971.site.2, 5, 136, 141
1339327.3.peg.1971.site.3, 30, 134, 164
1339327.3.peg.1971.site.4, 5, 135, 140
1339327.3.peg.1971.site.5, 5, 135, 140
1339327.3.peg.1971.site.6, 43, 134, 177
1339327.3.peg.1971.site.7, 1, 135, 136
1339327.3.peg.1972.site.1, 5, 135, 140
1339327.3.peg.1972.site.2, 1, 134, 135
1339327.3.peg.1972.site.3, 15, 135, 150
1339327.3.peg.1972.site.4, 12, 133, 145
1339327.3.peg.1972.site.5, 26, 137, 163
1339327.3.peg.1972.site.6, 10, 135, 145
1339327.3.peg.1972.site.7, 111, 135, 246
1339327.3.peg.1972.site.8, 3, 136, 139
1339327.3.peg.1973.site.1, 9, 135, 144
1339327.3.peg.1973.site.2, 2, 136, 138
1339327.3.peg.1973.site.3, 35, 136, 171
1339327.3.peg.1973.site.4, 2, 136, 138
1339327.3.peg.1973.site.5, 5, 135, 140
1339327.3.peg.1973.site.6, 9, 134, 143
1339327.3.peg.1973.site.7, 7, 137, 144
1339327.3.peg.1973.site.8, 5, 137, 142
1339327.3.peg.1973.site.9, 0, 133, 133
1339327.3.peg.1973.site.10, 0, 136, 136
1339327.3.peg.1973.site.11, 85, 136, 221
1339327.3.peg.1973.site.12, 2, 136, 138
1339327.3.peg.1973.site.13, 13, 134, 147
1339327.3.peg.1973.site.14, 0, 134, 134
1339327.3.peg.1973.site.15, 2, 135, 137
1339327.3.peg.1973.site.16, 2, 136, 138
1339327.3.peg.1973.site.17, 0, 127, 127
1339327.3.peg.771.site.1, 1, 137, 138
1339327.3.peg.771.site.2, 3, 137, 140
1339327.3.peg.771.site.3, 3, 137, 140
1339327.3.peg.771.site.4, 9, 135, 144
1339327.3.peg.771.site.5, 0, 134, 134
1339327.3.peg.771.site.6, 3, 135, 138
1339327.3.peg.4169.site.1, 124, 137, 261
1339327.3.peg.4169.site.2, 1, 136, 137
1339327.3.peg.4169.site.3, 20, 134, 154
1339327.3.peg.4169.site.4, 1, 137, 138
1339327.3.peg.4169.site.5, 7, 135, 142
1339327.3.peg.4169.site.6, 25, 136, 161
1339327.3.peg.4169.site.7, 0, 137, 137
1339327.3.peg.4169.site.8, 2, 137, 139
1339327.3.peg.4169.site.9, 3, 137, 140
1339327.3.peg.4169.site.10, 3, 137, 140
1339327.3.peg.4169.site.11, 4, 137, 141
1339327.3.peg.4169.site.12, 1, 136, 137
1339327.3.peg.4169.site.13, 19, 137, 156
1339327.3.peg.4169.site.14, 13, 135, 148
1339327.3.peg.4169.site.15, 3, 133, 136
1339327.3.peg.1370.site.1, 0, 134, 134
1339327.3.peg.1370.site.2, 0, 135, 135
1339327.3.peg.1370.site.3, 26, 136, 162
1339327.3.peg.1370.site.4, 97, 128, 225
1339327.3.peg.1370.site.5, 18, 137, 155
1339327.3.peg.1370.site.6, 10, 133, 143
1339327.3.peg.1370.site.7, 103, 135, 238
1339327.3.peg.1370.site.8, 3, 134, 137
1339327.3.peg.1370.site.9, 20, 136, 156
1339327.3.peg.1370.site.10, 28, 136, 164
1339327.3.peg.1370.site.11, 28, 136, 164
1339327.3.peg.1371.site.1, 1, 38, 39
1339327.3.peg.1371.site.2, 1, 38, 39
1339327.3.peg.1371.site.3, 4, 45, 49
1339327.3.peg.1371.site.4, 5, 46, 51
1339327.3.peg.1371.site.5, 3, 119, 122
1339327.3.peg.1371.site.6, 7, 122, 129
1339327.3.peg.1371.site.7, 50, 125, 175
1339327.3.peg.1371.site.8, 1, 129, 130
1339327.3.peg.1371.site.9, 5, 131, 136
1339327.3.peg.1371.site.10, 20, 131, 151
1339327.3.peg.1371.site.11, 0, 128, 128
1339327.3.peg.1371.site.12, 35, 128, 163
1339327.3.peg.1415.site.1, 8, 131, 139
1339327.3.peg.1415.site.2, 5, 133, 138
1339327.3.peg.1415.site.3, 123, 132, 255
1339327.3.peg.1415.site.4, 11, 132, 143
1339327.3.peg.1415.site.5, 3, 136, 139
1339327.3.peg.1415.site.6, 0, 136, 136
1339327.3.peg.1415.site.7, 0, 137, 137
1339327.3.peg.1415.site.8, 11, 137, 148
1339327.3.peg.1415.site.9, 3, 135, 138
1339327.3.peg.1415.site.10, 0, 134, 134
1339327.3.peg.1415.site.11, 22, 127, 149
1339327.3.peg.1415.site.12, 1, 136, 137
1339327.3.peg.1415.site.13, 51, 135, 186
1339327.3.peg.1415.site.14, 2, 135, 137
1339327.3.peg.1415.site.15, 2, 136, 138
1339327.3.peg.1415.site.16, 1, 135, 136
1339327.3.peg.1415.site.17, 0, 134, 134
1339327.3.peg.1415.site.18, 2, 136, 138
1339327.3.peg.1415.site.19, 2, 134, 136
1339327.3.peg.1415.site.20, 12, 133, 145
1339327.3.peg.1578.site.1, 1, 136, 137
1339327.3.peg.1578.site.2, 1, 136, 137
1339327.3.peg.1578.site.3, 13, 136, 149
1339327.3.peg.1578.site.4, 12, 137, 149
1339327.3.peg.1578.site.5, 18, 135, 153
1339327.3.peg.1578.site.6, 7, 136, 143
1339327.3.peg.1578.site.7, 11, 137, 148
1339327.3.peg.1578.site.8, 3, 136, 139
1339327.3.peg.1578.site.9, 1, 135, 136
1339327.3.peg.1578.site.10, 114, 132, 246
1339327.3.peg.1578.site.11, 65, 136, 201
1339327.3.peg.1578.site.12, 1, 137, 138
1339327.3.peg.1578.site.13, 0, 136, 136
1339327.3.peg.1578.site.14, 2, 137, 139
1339327.3.peg.1578.site.15, 2, 135, 137
1339327.3.peg.1578.site.16, 7, 134, 141
1339327.3.peg.1578.site.17, 6, 137, 143
1339327.3.peg.1578.site.18, 2, 136, 138
1339327.3.peg.1578.site.19, 2, 134, 136
1339327.3.peg.1578.site.20, 58, 135, 193
1339327.3.peg.1578.site.21, 29, 135, 164
1339327.3.peg.1578.site.22, 2, 136, 138
1339327.3.peg.1578.site.23, 0, 135, 135
1339327.3.peg.1578.site.24, 1, 133, 134
1339327.3.peg.4253.site.1, 58, 136, 194
1339327.3.peg.4253.site.2, 0, 137, 137
1339327.3.peg.4253.site.3, 0, 135, 135
1339327.3.peg.4253.site.4, 90, 135, 225
1339327.3.peg.4253.site.5, 21, 137, 158
1339327.3.peg.4253.site.6, 1, 137, 138
1339327.3.peg.4253.site.7, 113, 137, 250
1339327.3.peg.4253.site.8, 0, 137, 137
1339327.3.peg.4253.site.9, 9, 135, 144
1339327.3.peg.4253.site.10, 2, 137, 139
1339327.3.peg.4253.site.11, 23, 136, 159
1339327.3.peg.4253.site.12, 3, 137, 140
1339327.3.peg.4250.site.1, 5, 135, 140
1339327.3.peg.4250.site.2, 18, 137, 155
1339327.3.peg.4250.site.3, 14, 136, 150
1339327.3.peg.4250.site.4, 0, 133, 133
1339327.3.peg.4250.site.5, 51, 135, 186
1339327.3.peg.2684.site.1, 16, 136, 152
1339327.3.peg.2684.site.2, 13, 135, 148
1339327.3.peg.2684.site.3, 102, 134, 236
1339327.3.peg.2684.site.4, 47, 135, 182
1339327.3.peg.2684.site.5, 90, 136, 226
1339327.3.peg.2684.site.6, 3, 137, 140
1339327.3.peg.4256.site.1, 2, 123, 125
1339327.3.peg.4256.site.2, 119, 119, 238
1339327.3.peg.4256.site.3, 130, 135, 265
1339327.3.peg.4256.site.4, 0, 137, 137
1339327.3.peg.4256.site.5, 0, 136, 136
1339327.3.peg.4256.site.6, 1, 136, 137
1339327.3.peg.4256.site.7, 16, 136, 152
1339327.3.peg.4256.site.8, 14, 136, 150
1339327.3.peg.4256.site.9, 5, 136, 141
1339327.3.peg.4256.site.10, 2, 137, 139
1339327.3.peg.4256.site.11, 45, 134, 179
1339327.3.peg.4256.site.12, 1, 137, 138
1339327.3.peg.4256.site.13, 4, 137, 141
1339327.3.peg.4256.site.14, 71, 137, 208
1339327.3.peg.4256.site.15, 0, 137, 137
1339327.3.peg.4256.site.16, 32, 137, 169
1339327.3.peg.4256.site.17, 1, 137, 138
1339327.3.peg.4256.site.18, 9, 137, 146
1339327.3.peg.4256.site.19, 78, 136, 214
1339327.3.peg.4256.site.20, 0, 134, 134
1339327.3.peg.4256.site.21, 28, 135, 163
1339327.3.peg.4256.site.22, 1, 137, 138
1339327.3.peg.4256.site.23, 5, 137, 142
1339327.3.peg.4257.site.1, 17, 134, 151
1339327.3.peg.4257.site.2, 70, 135, 205
1339327.3.peg.4257.site.3, 3, 133, 136
1339327.3.peg.4257.site.4, 2, 136, 138
1339327.3.peg.4257.site.5, 3, 133, 136
1339327.3.peg.4257.site.6, 0, 133, 133
1339327.3.peg.4257.site.7, 3, 135, 138
1339327.3.peg.4257.site.8, 4, 135, 139
1339327.3.peg.4254.site.1, 79, 136, 215
1339327.3.peg.4254.site.2, 2, 136, 138
1339327.3.peg.4254.site.3, 2, 135, 137
1339327.3.peg.4254.site.4, 3, 137, 140
1339327.3.peg.4254.site.5, 9, 136, 145
1339327.3.peg.4254.site.6, 4, 136, 140
1339327.3.peg.4254.site.7, 2, 137, 139
1339327.3.peg.4254.site.8, 57, 137, 194
1339327.3.peg.4254.site.9, 0, 137, 137
1339327.3.peg.4254.site.10, 39, 137, 176
1339327.3.peg.4254.site.11, 0, 137, 137
1339327.3.peg.4254.site.12, 14, 134, 148
1339327.3.peg.4254.site.13, 0, 136, 136
1339327.3.peg.4254.site.14, 9, 135, 144
1339327.3.peg.4254.site.15, 25, 136, 161
1339327.3.peg.4254.site.16, 1, 136, 137
1339327.3.peg.4254.site.17, 5, 136, 141
1339327.3.peg.4254.site.18, 3, 137, 140
1339327.3.peg.4255.site.1, 5, 135, 140
1339327.3.peg.4255.site.2, 0, 136, 136
1339327.3.peg.4255.site.3, 30, 136, 166
1339327.3.peg.4255.site.4, 8, 135, 143
1339327.3.peg.4255.site.5, 12, 130, 142
1339327.3.peg.4255.site.6, 9, 137, 146
1339327.3.peg.4255.site.7, 93, 137, 230
1339327.3.peg.4255.site.8, 1, 137, 138
1339327.3.peg.4255.site.9, 0, 136, 136
1339327.3.peg.4255.site.10, 85, 137, 222
1339327.3.peg.4255.site.11, 104, 134, 238
1339327.3.peg.4255.site.12, 38, 136, 174
1339327.3.peg.4255.site.13, 73, 137, 210
1339327.3.peg.4255.site.14, 2, 135, 137
1339327.3.peg.4255.site.15, 0, 136, 136
1339327.3.peg.4255.site.16, 0, 136, 136
1339327.3.peg.4255.site.17, 0, 137, 137
1339327.3.peg.4255.site.18, 4, 134, 138
1339327.3.peg.4255.site.19, 8, 132, 140
1339327.3.peg.1570.site.1, 5, 137, 142
1339327.3.peg.1570.site.2, 3, 136, 139
1339327.3.peg.1570.site.3, 1, 135, 136
1339327.3.peg.1570.site.4, 3, 136, 139
1339327.3.peg.1570.site.5, 24, 136, 160
1339327.3.peg.1570.site.6, 25, 136, 161
1339327.3.peg.1570.site.7, 0, 136, 136
1339327.3.peg.1570.site.8, 7, 136, 143
1339327.3.peg.1571.site.1, 14, 135, 149
1339327.3.peg.1571.site.2, 2, 136, 138
1339327.3.peg.1571.site.3, 44, 137, 181
1339327.3.peg.1571.site.4, 7, 136, 143
1339327.3.peg.1571.site.5, 0, 137, 137
1339327.3.peg.1571.site.6, 0, 136, 136
1339327.3.peg.1571.site.7, 55, 136, 191
1339327.3.peg.1571.site.8, 3, 136, 139
1339327.3.peg.1571.site.9, 6, 137, 143
1339327.3.peg.1571.site.10, 131, 136, 267
1339327.3.peg.1571.site.11, 7, 137, 144
1339327.3.peg.1572.site.1, 0, 135, 135
1339327.3.peg.1572.site.2, 15, 136, 151
1339327.3.peg.1572.site.3, 0, 137, 137
1339327.3.peg.1572.site.4, 0, 137, 137
1339327.3.peg.1572.site.5, 0, 137, 137
1339327.3.peg.1572.site.6, 1, 137, 138
1339327.3.peg.1572.site.7, 34, 137, 171
1339327.3.peg.1572.site.8, 1, 136, 137
1339327.3.peg.1572.site.9, 4, 137, 141
1339327.3.peg.1572.site.10, 1, 137, 138
1339327.3.peg.1572.site.11, 2, 136, 138
1339327.3.peg.1572.site.12, 3, 135, 138
1339327.3.peg.1573.site.1, 30, 135, 165
1339327.3.peg.1573.site.2, 4, 135, 139
1339327.3.peg.1573.site.3, 0, 132, 132
1339327.3.peg.1573.site.4, 129, 137, 266
1339327.3.peg.1573.site.5, 4, 137, 141
1339327.3.peg.1573.site.6, 98, 137, 235
1339327.3.peg.1573.site.7, 98, 136, 234
1339327.3.peg.1573.site.8, 95, 135, 230
1339327.3.peg.1573.site.9, 85, 134, 219
1339327.3.peg.1573.site.10, 0, 134, 134
1339327.3.peg.1573.site.11, 2, 137, 139
1339327.3.peg.1573.site.12, 36, 136, 172
1339327.3.peg.1573.site.13, 3, 137, 140
1339327.3.peg.1573.site.14, 7, 137, 144
1339327.3.peg.1573.site.15, 0, 135, 135
1339327.3.peg.1574.site.1, 76, 136, 212
1339327.3.peg.1574.site.2, 45, 135, 180
1339327.3.peg.1574.site.3, 28, 136, 164
1339327.3.peg.1574.site.4, 8, 136, 144
1339327.3.peg.1574.site.5, 96, 137, 233
1339327.3.peg.1574.site.6, 11, 136, 147
1339327.3.peg.1574.site.7, 1, 136, 137
1339327.3.peg.1574.site.8, 3, 136, 139
1339327.3.peg.1574.site.9, 27, 136, 163
1339327.3.peg.1574.site.10, 0, 135, 135
1339327.3.peg.1574.site.11, 6, 136, 142
1339327.3.peg.1574.site.12, 124, 136, 260
1339327.3.peg.1575.site.1, 3, 136, 139
1339327.3.peg.1575.site.2, 12, 137, 149
1339327.3.peg.1575.site.3, 131, 137, 268
1339327.3.peg.1575.site.4, 0, 136, 136
1339327.3.peg.1575.site.5, 0, 135, 135
1339327.3.peg.1576.site.1, 14, 136, 150
1339327.3.peg.1576.site.2, 1, 119, 120
1339327.3.peg.1576.site.3, 2, 128, 130
1339327.3.peg.1576.site.4, 23, 137, 160
1339327.3.peg.1576.site.5, 3, 137, 140
1339327.3.peg.1576.site.6, 3, 136, 139
1339327.3.peg.1576.site.7, 3, 135, 138
1339327.3.peg.1577.site.1, 27, 134, 161
1339327.3.peg.1577.site.2, 8, 136, 144
1339327.3.peg.1577.site.3, 0, 136, 136
1339327.3.peg.4388.site.1, 1, 135, 136
1339327.3.peg.4388.site.2, 5, 137, 142
1339327.3.peg.4388.site.3, 22, 136, 158
1339327.3.peg.4388.site.4, 9, 135, 144
1339327.3.peg.4388.site.5, 13, 134, 147
1339327.3.peg.4388.site.6, 2, 125, 127
1339327.3.peg.1068.site.1, 13, 123, 136
1339327.3.peg.1068.site.2, 1, 124, 125
1339327.3.peg.1068.site.3, 2, 125, 127
1339327.3.peg.1068.site.4, 95, 127, 222
1339327.3.peg.1068.site.5, 5, 129, 134
1339327.3.peg.1068.site.6, 2, 129, 131
1339327.3.peg.1068.site.7, 74, 129, 203
1339327.3.peg.1068.site.8, 0, 130, 130
1339327.3.peg.1068.site.9, 0, 132, 132
1339327.3.peg.1068.site.10, 6, 133, 139
1339327.3.peg.1068.site.11, 15, 133, 148
1339327.3.peg.1068.site.12, 3, 137, 140
1339327.3.peg.1068.site.13, 2, 137, 139
1339327.3.peg.1068.site.14, 3, 137, 140
1339327.3.peg.4384.site.1, 34, 137, 171
1339327.3.peg.4384.site.2, 1, 136, 137
1339327.3.peg.4384.site.3, 6, 137, 143
1339327.3.peg.4384.site.4, 4, 134, 138
1339327.3.peg.4384.site.5, 38, 136, 174
1339327.3.peg.4384.site.6, 3, 137, 140
1339327.3.peg.4384.site.7, 3, 137, 140
1339327.3.peg.4384.site.8, 2, 136, 138
1339327.3.peg.4384.site.9, 1, 136, 137
1339327.3.peg.4384.site.10, 15, 137, 152
1339327.3.peg.4384.site.11, 21, 137, 158
1339327.3.peg.4384.site.12, 5, 137, 142
1339327.3.peg.4384.site.13, 2, 137, 139
1339327.3.peg.4384.site.14, 0, 137, 137
1339327.3.peg.4384.site.15, 3, 137, 140
1339327.3.peg.4384.site.16, 3, 135, 138
1339327.3.peg.4384.site.17, 3, 137, 140
1339327.3.peg.4384.site.18, 4, 135, 139
1339327.3.peg.4384.site.19, 2, 137, 139
1339327.3.peg.4384.site.20, 13, 136, 149
1339327.3.peg.4384.site.21, 0, 135, 135
1339327.3.peg.4384.site.22, 8, 137, 145
1339327.3.peg.4384.site.23, 130, 137, 267
1339327.3.peg.4384.site.24, 4, 137, 141
1339327.3.peg.4385.site.1, 0, 136, 136
1339327.3.peg.4385.site.2, 8, 136, 144
1339327.3.peg.4385.site.3, 12, 136, 148
1339327.3.peg.4385.site.4, 12, 136, 148
1339327.3.peg.4385.site.5, 5, 137, 142
1339327.3.peg.4385.site.6, 13, 135, 148
1339327.3.peg.4385.site.7, 0, 137, 137
1339327.3.peg.4385.site.8, 1, 137, 138
1339327.3.peg.4386.site.1, 15, 135, 150
1339327.3.peg.4386.site.2, 1, 136, 137
1339327.3.peg.4386.site.3, 3, 133, 136
1339327.3.peg.4386.site.4, 15, 130, 145
1339327.3.peg.4386.site.5, 113, 113, 226
1339327.3.peg.4386.site.6, 4, 128, 132
1339327.3.peg.4386.site.7, 0, 137, 137
1339327.3.peg.4386.site.8, 4, 135, 139
1339327.3.peg.4386.site.9, 7, 134, 141
1339327.3.peg.4386.site.10, 1, 136, 137
1339327.3.peg.4386.site.11, 3, 137, 140
1339327.3.peg.4386.site.12, 3, 136, 139
1339327.3.peg.777.site.1, 0, 137, 137
1339327.3.peg.777.site.2, 0, 137, 137
1339327.3.peg.777.site.3, 127, 137, 264
1339327.3.peg.777.site.4, 6, 136, 142
1339327.3.peg.777.site.5, 0, 136, 136
1339327.3.peg.777.site.6, 0, 136, 136
1339327.3.peg.777.site.7, 5, 136, 141
1339327.3.peg.777.site.8, 7, 137, 144
1339327.3.peg.777.site.9, 4, 137, 141
1339327.3.peg.777.site.10, 3, 136, 139
1339327.3.peg.777.site.11, 17, 137, 154
1339327.3.peg.4380.site.1, 14, 135, 149
1339327.3.peg.4380.site.2, 15, 136, 151
1339327.3.peg.4380.site.3, 58, 133, 191
1339327.3.peg.4380.site.4, 5, 136, 141
1339327.3.peg.4380.site.5, 2, 136, 138
1339327.3.peg.4380.site.6, 5, 134, 139
1339327.3.peg.4380.site.7, 2, 137, 139
1339327.3.peg.4380.site.8, 0, 136, 136
1339327.3.peg.4380.site.9, 3, 136, 139
1339327.3.peg.4380.site.10, 57, 137, 194
1339327.3.peg.4380.site.11, 7, 137, 144
1339327.3.peg.4380.site.12, 0, 137, 137
1339327.3.peg.4380.site.13, 17, 137, 154
1339327.3.peg.4380.site.14, 7, 137, 144
1339327.3.peg.4380.site.15, 3, 137, 140
1339327.3.peg.4380.site.16, 20, 135, 155
1339327.3.peg.4380.site.17, 12, 136, 148
1339327.3.peg.4380.site.18, 1, 135, 136
1339327.3.peg.4380.site.19, 8, 137, 145
1339327.3.peg.4380.site.20, 3, 135, 138
1339327.3.peg.4380.site.21, 1, 136, 137
1339327.3.peg.4380.site.22, 45, 136, 181
1339327.3.peg.4380.site.23, 40, 137, 177
1339327.3.peg.4380.site.24, 51, 137, 188
1339327.3.peg.4380.site.25, 0, 134, 134
1339327.3.peg.4380.site.26, 10, 136, 146
1339327.3.peg.4380.site.27, 5, 135, 140
1339327.3.peg.4380.site.28, 75, 133, 208
1339327.3.peg.4381.site.1, 10, 136, 146
1339327.3.peg.4381.site.2, 77, 137, 214
1339327.3.peg.4381.site.3, 10, 136, 146
1339327.3.peg.4381.site.4, 11, 137, 148
1339327.3.peg.4381.site.5, 44, 135, 179
1339327.3.peg.4381.site.6, 3, 135, 138
1339327.3.peg.4381.site.7, 5, 136, 141
1339327.3.peg.4381.site.8, 2, 137, 139
1339327.3.peg.4381.site.9, 55, 135, 190
1339327.3.peg.4381.site.10, 3, 137, 140
1339327.3.peg.4381.site.11, 0, 137, 137
1339327.3.peg.4381.site.12, 2, 136, 138
1339327.3.peg.4381.site.13, 0, 136, 136
1339327.3.peg.4381.site.14, 2, 136, 138
1339327.3.peg.4381.site.15, 0, 136, 136
1339327.3.peg.4381.site.16, 1, 137, 138
1339327.3.peg.4381.site.17, 2, 136, 138
1339327.3.peg.4381.site.18, 46, 135, 181
1339327.3.peg.4381.site.19, 4, 136, 140
1339327.3.peg.4381.site.20, 0, 137, 137
1339327.3.peg.4381.site.21, 3, 137, 140
1339327.3.peg.4381.site.22, 17, 136, 153
1339327.3.peg.4382.site.1, 1, 136, 137
1339327.3.peg.4382.site.2, 3, 137, 140
1339327.3.peg.4382.site.3, 2, 137, 139
1339327.3.peg.4382.site.4, 8, 137, 145
1339327.3.peg.4382.site.5, 1, 137, 138
1339327.3.peg.4382.site.6, 0, 137, 137
1339327.3.peg.4382.site.7, 2, 136, 138
1339327.3.peg.4383.site.1, 2, 135, 137
1339327.3.peg.4383.site.2, 122, 131, 253
1339327.3.peg.4383.site.3, 1, 136, 137
1339327.3.peg.4383.site.4, 4, 136, 140
1339327.3.peg.4383.site.5, 34, 136, 170
1339327.3.peg.4383.site.6, 3, 137, 140
1339327.3.peg.4383.site.7, 83, 135, 218
1339327.3.peg.4383.site.8, 33, 137, 170
1339327.3.peg.4383.site.9, 0, 137, 137
1339327.3.peg.4383.site.10, 91, 136, 227
1339327.3.peg.4383.site.11, 5, 135, 140
1339327.3.peg.4383.site.12, 45, 135, 180
1339327.3.peg.4383.site.13, 12, 136, 148
1339327.3.peg.4383.site.14, 0, 137, 137
1339327.3.peg.507.site.1, 3, 130, 133
1339327.3.peg.507.site.2, 5, 132, 137
1339327.3.peg.507.site.3, 2, 132, 134
1339327.3.peg.507.site.4, 3, 132, 135
1339327.3.peg.507.site.5, 20, 132, 152
1339327.3.peg.507.site.6, 4, 131, 135
1339327.3.peg.507.site.7, 1, 131, 132
1339327.3.peg.507.site.8, 32, 130, 162
1339327.3.peg.507.site.9, 11, 129, 140
1339327.3.peg.507.site.10, 39, 131, 170
1339327.3.peg.507.site.11, 5, 132, 137
1339327.3.peg.507.site.12, 0, 131, 131
1339327.3.peg.507.site.13, 66, 131, 197
1339327.3.peg.507.site.14, 0, 132, 132
1339327.3.peg.507.site.15, 16, 132, 148
1339327.3.peg.507.site.16, 8, 132, 140
1339327.3.peg.507.site.17, 1, 131, 132
1339327.3.peg.507.site.18, 0, 131, 131
1339327.3.peg.507.site.19, 58, 131, 189
1339327.3.peg.507.site.20, 0, 132, 132
1339327.3.peg.507.site.21, 0, 132, 132
1339327.3.peg.507.site.22, 2, 132, 134
1339327.3.peg.507.site.23, 2, 132, 134
1339327.3.peg.507.site.24, 2, 132, 134
1339327.3.peg.506.site.1, 1, 132, 133
1339327.3.peg.506.site.2, 2, 132, 134
1339327.3.peg.506.site.3, 12, 132, 144
1339327.3.peg.506.site.4, 23, 131, 154
1339327.3.peg.506.site.5, 3, 131, 134
1339327.3.peg.506.site.6, 1, 132, 133
1339327.3.peg.506.site.7, 0, 131, 131
1339327.3.peg.506.site.8, 3, 132, 135
1339327.3.peg.506.site.9, 0, 132, 132
1339327.3.peg.504.site.1, 0, 131, 131
1339327.3.peg.504.site.2, 4, 130, 134
1339327.3.peg.504.site.3, 25, 130, 155
1339327.3.peg.504.site.4, 25, 128, 153
1339327.3.peg.504.site.5, 3, 131, 134
1339327.3.peg.504.site.6, 15, 131, 146
1339327.3.peg.504.site.7, 34, 132, 166
1339327.3.peg.504.site.8, 10, 132, 142
1339327.3.peg.504.site.9, 22, 132, 154
1339327.3.peg.504.site.10, 10, 132, 142
1339327.3.peg.504.site.11, 9, 131, 140
1339327.3.peg.504.site.12, 17, 132, 149
1339327.3.peg.504.site.13, 24, 131, 155
1339327.3.peg.504.site.14, 97, 132, 229
1339327.3.peg.504.site.15, 7, 132, 139
1339327.3.peg.504.site.16, 7, 132, 139
1339327.3.peg.504.site.17, 105, 130, 235
1339327.3.peg.503.site.1, 4, 131, 135
1339327.3.peg.503.site.2, 0, 132, 132
1339327.3.peg.503.site.3, 3, 132, 135
1339327.3.peg.503.site.4, 66, 132, 198
1339327.3.peg.503.site.5, 0, 130, 130
1339327.3.peg.503.site.6, 3, 132, 135
1339327.3.peg.503.site.7, 5, 130, 135
1339327.3.peg.503.site.8, 8, 129, 137
1339327.3.peg.503.site.9, 1, 131, 132
1339327.3.peg.503.site.10, 102, 131, 233
1339327.3.peg.503.site.11, 70, 132, 202
1339327.3.peg.503.site.12, 15, 132, 147
1339327.3.peg.503.site.13, 25, 132, 157
1339327.3.peg.503.site.14, 3, 132, 135
1339327.3.peg.503.site.15, 0, 131, 131
1339327.3.peg.503.site.16, 126, 132, 258
1339327.3.peg.503.site.17, 0, 131, 131
1339327.3.peg.503.site.18, 1, 132, 133
1339327.3.peg.503.site.19, 6, 130, 136
1339327.3.peg.503.site.20, 5, 132, 137
1339327.3.peg.503.site.21, 4, 131, 135
1339327.3.peg.502.site.1, 0, 131, 131
1339327.3.peg.502.site.2, 40, 132, 172
1339327.3.peg.502.site.3, 0, 131, 131
1339327.3.peg.502.site.4, 2, 132, 134
1339327.3.peg.502.site.5, 9, 132, 141
1339327.3.peg.502.site.6, 0, 132, 132
1339327.3.peg.502.site.7, 18, 131, 149
1339327.3.peg.502.site.8, 124, 124, 248
1339327.3.peg.502.site.9, 1, 130, 131
1339327.3.peg.502.site.10, 20, 132, 152
1339327.3.peg.502.site.11, 16, 131, 147
1339327.3.peg.502.site.12, 0, 131, 131
1339327.3.peg.502.site.13, 0, 131, 131
1339327.3.peg.502.site.14, 21, 132, 153
1339327.3.peg.502.site.15, 0, 132, 132
1339327.3.peg.502.site.16, 54, 131, 185
1339327.3.peg.502.site.17, 1, 131, 132
1339327.3.peg.502.site.18, 2, 131, 133
1339327.3.peg.502.site.19, 0, 128, 128
1339327.3.peg.502.site.20, 21, 132, 153
1339327.3.peg.502.site.21, 2, 132, 134
1339327.3.peg.502.site.22, 0, 132, 132
1339327.3.peg.502.site.23, 0, 132, 132
1339327.3.peg.502.site.24, 57, 132, 189
1339327.3.peg.502.site.25, 12, 129, 141
1339327.3.peg.502.site.26, 0, 129, 129
1339327.3.peg.502.site.27, 2, 131, 133
1339327.3.peg.502.site.28, 0, 132, 132
1339327.3.peg.502.site.29, 0, 130, 130
1339327.3.peg.502.site.30, 1, 131, 132
1339327.3.peg.502.site.31, 0, 130, 130
1339327.3.peg.502.site.32, 12, 130, 142
1339327.3.peg.502.site.33, 3, 132, 135
1339327.3.peg.502.site.34, 4, 131, 135
1339327.3.peg.502.site.35, 36, 131, 167
1339327.3.peg.502.site.36, 63, 132, 195
1339327.3.peg.502.site.37, 1, 131, 132
1339327.3.peg.502.site.38, 59, 131, 190
1339327.3.peg.502.site.39, 4, 131, 135
1339327.3.peg.502.site.40, 25, 129, 154
1339327.3.peg.501.site.1, 0, 130, 130
1339327.3.peg.1064.site.1, 0, 137, 137
1339327.3.peg.1064.site.2, 2, 136, 138
1339327.3.peg.1064.site.3, 7, 136, 143
1339327.3.peg.1064.site.4, 2, 137, 139
1339327.3.peg.1064.site.5, 0, 137, 137
1339327.3.peg.1064.site.6, 7, 136, 143
1339327.3.peg.1064.site.7, 39, 136, 175
1339327.3.peg.1064.site.8, 4, 136, 140
1339327.3.peg.1064.site.9, 30, 136, 166
1339327.3.peg.1064.site.10, 1, 137, 138
1339327.3.peg.1064.site.11, 19, 136, 155
1339327.3.peg.4414.site.1, 2, 124, 126
1339327.3.peg.4414.site.2, 2, 122, 124
1339327.3.peg.4414.site.3, 77, 103, 180
1339327.3.peg.4414.site.4, 0, 92, 92
1339327.3.peg.4414.site.5, 69, 98, 167
1339327.3.peg.4414.site.6, 5, 133, 138
1339327.3.peg.4414.site.7, 4, 134, 138
1339327.3.peg.4414.site.8, 17, 136, 153
1339327.3.peg.4414.site.9, 4, 135, 139
1339327.3.peg.4414.site.10, 0, 136, 136
1339327.3.peg.4414.site.11, 13, 135, 148
1339327.3.peg.1797.site.1, 0, 136, 136
1339327.3.peg.1797.site.2, 0, 135, 135
1339327.3.peg.1797.site.3, 0, 135, 135
1339327.3.peg.1797.site.4, 0, 135, 135
1339327.3.peg.1797.site.5, 4, 136, 140
1339327.3.peg.1797.site.6, 4, 137, 141
1339327.3.peg.1797.site.7, 0, 136, 136
1339327.3.peg.1797.site.8, 3, 135, 138
1339327.3.peg.4410.site.1, 10, 124, 134
1339327.3.peg.4410.site.2, 13, 125, 138
1339327.3.peg.4410.site.3, 0, 129, 129
1339327.3.peg.4410.site.4, 3, 127, 130
1339327.3.peg.4410.site.5, 13, 125, 138
1339327.3.peg.4410.site.6, 1, 125, 126
1339327.3.peg.4410.site.7, 8, 124, 132
1339327.3.peg.4410.site.8, 8, 126, 134
1339327.3.peg.4410.site.9, 1, 125, 126
1339327.3.peg.4410.site.10, 2, 130, 132
1339327.3.peg.4410.site.11, 94, 128, 222
1339327.3.peg.4410.site.12, 4, 129, 133
1339327.3.peg.4410.site.13, 85, 127, 212
1339327.3.peg.4410.site.14, 0, 130, 130
1339327.3.peg.4410.site.15, 0, 129, 129
1339327.3.peg.4410.site.16, 3, 130, 133
1339327.3.peg.4410.site.17, 13, 130, 143
1339327.3.peg.4410.site.18, 2, 130, 132
1339327.3.peg.4410.site.19, 5, 130, 135
1339327.3.peg.1118.site.1, 2, 136, 138
1339327.3.peg.1118.site.2, 125, 136, 261
1339327.3.peg.1118.site.3, 3, 136, 139
1339327.3.peg.1118.site.4, 4, 136, 140
1339327.3.peg.1118.site.5, 121, 137, 258
1339327.3.peg.1119.site.1, 9, 136, 145
1339327.3.peg.1119.site.2, 3, 136, 139
1339327.3.peg.1119.site.3, 5, 137, 142
1339327.3.peg.1119.site.4, 2, 136, 138
1339327.3.peg.1119.site.5, 14, 137, 151
1339327.3.peg.1119.site.6, 3, 137, 140
1339327.3.peg.1119.site.7, 2, 137, 139
1339327.3.peg.1119.site.8, 5, 137, 142
1339327.3.peg.1119.site.9, 1, 137, 138
1339327.3.peg.1119.site.10, 3, 137, 140
1339327.3.peg.1119.site.11, 14, 135, 149
1339327.3.peg.1119.site.12, 21, 136, 157
1339327.3.peg.1119.site.13, 34, 137, 171
1339327.3.peg.1119.site.14, 0, 137, 137
1339327.3.peg.1116.site.1, 4, 136, 140
1339327.3.peg.1116.site.2, 2, 136, 138
1339327.3.peg.1116.site.3, 12, 135, 147
1339327.3.peg.1116.site.4, 0, 137, 137
1339327.3.peg.1116.site.5, 39, 137, 176
1339327.3.peg.1116.site.6, 0, 136, 136
1339327.3.peg.1116.site.7, 1, 137, 138
1339327.3.peg.1116.site.8, 3, 137, 140
1339327.3.peg.1117.site.1, 0, 136, 136
1339327.3.peg.1117.site.2, 2, 135, 137
1339327.3.peg.1117.site.3, 4, 135, 139
1339327.3.peg.1117.site.4, 60, 135, 195
1339327.3.peg.1117.site.5, 12, 136, 148
1339327.3.peg.1117.site.6, 27, 135, 162
1339327.3.peg.1117.site.7, 1, 136, 137
1339327.3.peg.1117.site.8, 2, 137, 139
1339327.3.peg.1117.site.9, 47, 137, 184
1339327.3.peg.1114.site.1, 7, 136, 143
1339327.3.peg.1114.site.2, 4, 136, 140
1339327.3.peg.1114.site.3, 15, 136, 151
1339327.3.peg.1114.site.4, 12, 137, 149
1339327.3.peg.1114.site.5, 103, 136, 239
1339327.3.peg.1114.site.6, 5, 137, 142
1339327.3.peg.1114.site.7, 90, 137, 227
1339327.3.peg.1114.site.8, 43, 137, 180
1339327.3.peg.1114.site.9, 3, 137, 140
1339327.3.peg.1114.site.10, 99, 137, 236
1339327.3.peg.1114.site.11, 3, 137, 140
1339327.3.peg.1114.site.12, 1, 137, 138
1339327.3.peg.1114.site.13, 50, 137, 187
1339327.3.peg.1114.site.14, 7, 137, 144
1339327.3.peg.1114.site.15, 50, 135, 185
1339327.3.peg.1114.site.16, 3, 136, 139
1339327.3.peg.1114.site.17, 0, 137, 137
1339327.3.peg.1114.site.18, 35, 137, 172
1339327.3.peg.1114.site.19, 13, 136, 149
1339327.3.peg.1114.site.20, 8, 136, 144
1339327.3.peg.1114.site.21, 1, 136, 137
1339327.3.peg.1115.site.1, 81, 135, 216
1339327.3.peg.1115.site.2, 26, 136, 162
1339327.3.peg.1115.site.3, 0, 137, 137
1339327.3.peg.1115.site.4, 2, 137, 139
1339327.3.peg.1115.site.5, 2, 136, 138
1339327.3.peg.1115.site.6, 3, 135, 138
1339327.3.peg.1115.site.7, 2, 136, 138
1339327.3.peg.1115.site.8, 113, 135, 248
1339327.3.peg.1115.site.9, 105, 136, 241
1339327.3.peg.1115.site.10, 3, 134, 137
1339327.3.peg.1115.site.11, 0, 137, 137
1339327.3.peg.1115.site.12, 9, 136, 145
1339327.3.peg.1115.site.13, 14, 134, 148
1339327.3.peg.1112.site.1, 8, 137, 145
1339327.3.peg.1113.site.1, 1, 136, 137
1339327.3.peg.1113.site.2, 3, 136, 139
1339327.3.peg.1113.site.3, 16, 137, 153
1339327.3.peg.1113.site.4, 3, 137, 140
1339327.3.peg.1113.site.5, 16, 133, 149
1339327.3.peg.1113.site.6, 17, 136, 153
1339327.3.peg.1113.site.7, 19, 137, 156
1339327.3.peg.1113.site.8, 18, 137, 155
1339327.3.peg.1113.site.9, 6, 137, 143
1339327.3.peg.1113.site.10, 2, 136, 138
1339327.3.peg.1113.site.11, 3, 136, 139
1339327.3.peg.1113.site.12, 0, 137, 137
1339327.3.peg.1113.site.13, 5, 137, 142
1339327.3.peg.1113.site.14, 2, 137, 139
1339327.3.peg.1110.site.1, 10, 137, 147
1339327.3.peg.1110.site.2, 0, 135, 135
1339327.3.peg.1111.site.1, 1, 137, 138
1339327.3.peg.2715.site.1, 0, 135, 135
1339327.3.peg.2715.site.2, 0, 135, 135
1339327.3.peg.2715.site.3, 112, 137, 249
1339327.3.peg.2715.site.4, 4, 135, 139
1339327.3.peg.2715.site.5, 1, 135, 136
1339327.3.peg.2715.site.6, 3, 134, 137
1339327.3.peg.2715.site.7, 19, 135, 154
1339327.3.peg.2715.site.8, 9, 133, 142
1339327.3.peg.2714.site.1, 0, 136, 136
1339327.3.peg.2714.site.2, 9, 135, 144
1339327.3.peg.2714.site.3, 1, 136, 137
1339327.3.peg.2714.site.4, 2, 133, 135
1339327.3.peg.2717.site.1, 4, 134, 138
1339327.3.peg.2717.site.2, 1, 134, 135
1339327.3.peg.2717.site.3, 0, 134, 134
1339327.3.peg.2717.site.4, 0, 135, 135
1339327.3.peg.2717.site.5, 7, 136, 143
1339327.3.peg.2717.site.6, 4, 135, 139
1339327.3.peg.2717.site.7, 4, 131, 135
1339327.3.peg.2717.site.8, 4, 123, 127
1339327.3.peg.2717.site.9, 63, 113, 176
1339327.3.peg.2717.site.10, 1, 121, 122
1339327.3.peg.2717.site.11, 41, 133, 174
1339327.3.peg.2717.site.12, 1, 134, 135
1339327.3.peg.2717.site.13, 1, 134, 135
1339327.3.peg.2717.site.14, 2, 136, 138
1339327.3.peg.2717.site.15, 5, 135, 140
1339327.3.peg.2717.site.16, 74, 135, 209
1339327.3.peg.2717.site.17, 3, 134, 137
1339327.3.peg.2717.site.18, 51, 134, 185
1339327.3.peg.2717.site.19, 0, 134, 134
1339327.3.peg.2717.site.20, 81, 133, 214
1339327.3.peg.2717.site.21, 32, 134, 166
1339327.3.peg.2717.site.22, 1, 135, 136
1339327.3.peg.2717.site.23, 1, 132, 133
1339327.3.peg.2717.site.24, 60, 130, 190
1339327.3.peg.2716.site.1, 16, 133, 149
1339327.3.peg.2716.site.2, 2, 134, 136
1339327.3.peg.2716.site.3, 17, 133, 150
1339327.3.peg.2716.site.4, 24, 128, 152
1339327.3.peg.2711.site.1, 2, 137, 139
1339327.3.peg.2711.site.2, 1, 137, 138
1339327.3.peg.2711.site.3, 1, 136, 137
1339327.3.peg.2710.site.1, 5, 136, 141
1339327.3.peg.2710.site.2, 4, 136, 140
1339327.3.peg.2710.site.3, 91, 136, 227
1339327.3.peg.2710.site.4, 7, 137, 144
1339327.3.peg.2710.site.5, 98, 134, 232
1339327.3.peg.2710.site.6, 2, 133, 135
1339327.3.peg.2710.site.7, 1, 130, 131
1339327.3.peg.2710.site.8, 0, 132, 132
1339327.3.peg.2710.site.9, 3, 132, 135
1339327.3.peg.2710.site.10, 113, 134, 247
1339327.3.peg.2710.site.11, 1, 135, 136
1339327.3.peg.2710.site.12, 3, 136, 139
1339327.3.peg.2710.site.13, 12, 135, 147
1339327.3.peg.2710.site.14, 15, 135, 150
1339327.3.peg.2710.site.15, 0, 136, 136
1339327.3.peg.2713.site.1, 12, 133, 145
1339327.3.peg.2713.site.2, 127, 132, 259
1339327.3.peg.2713.site.3, 128, 133, 261
1339327.3.peg.2713.site.4, 19, 134, 153
1339327.3.peg.2713.site.5, 44, 131, 175
1339327.3.peg.2713.site.6, 5, 134, 139
1339327.3.peg.2713.site.7, 4, 132, 136
1339327.3.peg.2713.site.8, 15, 136, 151
1339327.3.peg.2713.site.9, 0, 134, 134
1339327.3.peg.2713.site.10, 12, 135, 147
1339327.3.peg.2713.site.11, 12, 135, 147
1339327.3.peg.2713.site.12, 5, 134, 139
1339327.3.peg.2713.site.13, 124, 133, 257
1339327.3.peg.2712.site.1, 0, 135, 135
1339327.3.peg.2712.site.2, 50, 136, 186
1339327.3.peg.2712.site.3, 0, 133, 133
1339327.3.peg.2712.site.4, 0, 136, 136
1339327.3.peg.2712.site.5, 128, 135, 263
1339327.3.peg.2712.site.6, 4, 135, 139
1339327.3.peg.2688.site.1, 0, 133, 133
1339327.3.peg.2688.site.2, 26, 137, 163
1339327.3.peg.2688.site.3, 0, 137, 137
1339327.3.peg.2688.site.4, 0, 133, 133
1339327.3.peg.2688.site.5, 116, 134, 250
1339327.3.peg.2688.site.6, 73, 136, 209
1339327.3.peg.2688.site.7, 2, 136, 138
1339327.3.peg.2688.site.8, 5, 136, 141
1339327.3.peg.2953.site.1, 109, 135, 244
1339327.3.peg.2953.site.2, 7, 133, 140
1339327.3.peg.2953.site.3, 3, 135, 138
1339327.3.peg.2953.site.4, 1, 135, 136
1339327.3.peg.2953.site.5, 11, 136, 147
1339327.3.peg.2953.site.6, 1, 137, 138
1339327.3.peg.2953.site.7, 116, 135, 251
1339327.3.peg.2953.site.8, 103, 134, 237
1339327.3.peg.2953.site.9, 5, 136, 141
1339327.3.peg.2953.site.10, 15, 136, 151
1339327.3.peg.2951.site.1, 0, 134, 134
1339327.3.peg.2951.site.2, 3, 133, 136
1339327.3.peg.2951.site.3, 2, 135, 137
1339327.3.peg.2951.site.4, 9, 134, 143
1339327.3.peg.2951.site.5, 2, 136, 138
1339327.3.peg.2951.site.6, 2, 135, 137
1339327.3.peg.2951.site.7, 5, 136, 141
1339327.3.peg.2951.site.8, 2, 136, 138
1339327.3.peg.2951.site.9, 86, 136, 222
1339327.3.peg.2951.site.10, 0, 136, 136
1339327.3.peg.2951.site.11, 16, 137, 153
1339327.3.peg.2951.site.12, 3, 135, 138
1339327.3.peg.2951.site.13, 18, 130, 148
1339327.3.peg.2951.site.14, 66, 124, 190
1339327.3.peg.2951.site.15, 37, 124, 161
1339327.3.peg.2951.site.16, 0, 137, 137
1339327.3.peg.2951.site.17, 1, 137, 138
1339327.3.peg.2951.site.18, 0, 135, 135
1339327.3.peg.2951.site.19, 4, 137, 141
1339327.3.peg.2951.site.20, 0, 136, 136
1339327.3.peg.2951.site.21, 0, 135, 135
1339327.3.peg.2950.site.1, 3, 132, 135
1339327.3.peg.2950.site.2, 0, 134, 134
1339327.3.peg.2950.site.3, 4, 134, 138
1339327.3.peg.2950.site.4, 0, 135, 135
1339327.3.peg.2950.site.5, 22, 136, 158
1339327.3.peg.2950.site.6, 3, 137, 140
1339327.3.peg.2950.site.7, 10, 135, 145
1339327.3.peg.2950.site.8, 0, 136, 136
1339327.3.peg.2950.site.9, 2, 133, 135
1339327.3.peg.2950.site.10, 1, 136, 137
1339327.3.peg.2950.site.11, 15, 133, 148
1339327.3.peg.2950.site.12, 0, 130, 130
1339327.3.peg.2950.site.13, 46, 135, 181
1339327.3.peg.2956.site.1, 1, 132, 133
1339327.3.peg.2956.site.2, 2, 133, 135
1339327.3.peg.2956.site.3, 4, 132, 136
1339327.3.peg.2956.site.4, 3, 132, 135
1339327.3.peg.2956.site.5, 4, 133, 137
1339327.3.peg.2956.site.6, 2, 133, 135
1339327.3.peg.2956.site.7, 2, 132, 134
1339327.3.peg.2956.site.8, 29, 134, 163
1339327.3.peg.2956.site.9, 4, 134, 138
1339327.3.peg.2956.site.10, 4, 136, 140
1339327.3.peg.2956.site.11, 29, 135, 164
1339327.3.peg.2955.site.1, 2, 134, 136
1339327.3.peg.2955.site.2, 3, 132, 135
1339327.3.peg.2955.site.3, 13, 134, 147
1339327.3.peg.2955.site.4, 4, 135, 139
1339327.3.peg.2955.site.5, 9, 135, 144
1339327.3.peg.2955.site.6, 0, 135, 135
1339327.3.peg.2955.site.7, 1, 135, 136
1339327.3.peg.2955.site.8, 10, 133, 143
1339327.3.peg.2955.site.9, 0, 134, 134
1339327.3.peg.2955.site.10, 0, 135, 135
1339327.3.peg.2955.site.11, 43, 134, 177
1339327.3.peg.2955.site.12, 14, 128, 142
1339327.3.peg.2955.site.13, 4, 122, 126
1339327.3.peg.2955.site.14, 0, 128, 128
1339327.3.peg.2955.site.15, 17, 136, 153
1339327.3.peg.2955.site.16, 9, 135, 144
1339327.3.peg.2955.site.17, 5, 134, 139
1339327.3.peg.2955.site.18, 4, 134, 138
1339327.3.peg.2955.site.19, 1, 137, 138
1339327.3.peg.2955.site.20, 0, 136, 136
1339327.3.peg.2955.site.21, 16, 135, 151
1339327.3.peg.2955.site.22, 20, 136, 156
1339327.3.peg.2955.site.23, 15, 135, 150
1339327.3.peg.2955.site.24, 123, 134, 257
1339327.3.peg.2955.site.25, 71, 136, 207
1339327.3.peg.2955.site.26, 2, 135, 137
1339327.3.peg.2955.site.27, 29, 135, 164
1339327.3.peg.2955.site.28, 3, 134, 137
1339327.3.peg.2955.site.29, 5, 133, 138
1339327.3.peg.2955.site.30, 33, 131, 164
1339327.3.peg.2954.site.1, 0, 134, 134
1339327.3.peg.2954.site.2, 53, 135, 188
1339327.3.peg.2954.site.3, 3, 135, 138
1339327.3.peg.2954.site.4, 15, 135, 150
1339327.3.peg.2954.site.5, 7, 136, 143
1339327.3.peg.2954.site.6, 23, 135, 158
1339327.3.peg.2954.site.7, 101, 133, 234
1339327.3.peg.2954.site.8, 13, 134, 147
1339327.3.peg.2954.site.9, 4, 133, 137
1339327.3.peg.2954.site.10, 4, 134, 138
1339327.3.peg.5096.site.1, 3, 135, 138
1339327.3.peg.5096.site.2, 1, 135, 136
1339327.3.peg.5096.site.3, 5, 135, 140
1339327.3.peg.5096.site.4, 7, 135, 142
1339327.3.peg.5096.site.5, 4, 135, 139
1339327.3.peg.5096.site.6, 0, 135, 135
1339327.3.peg.5096.site.7, 0, 135, 135
1339327.3.peg.5096.site.8, 0, 134, 134
1339327.3.peg.5096.site.9, 3, 135, 138
1339327.3.peg.5096.site.10, 3, 135, 138
1339327.3.peg.5096.site.11, 5, 133, 138
1339327.3.peg.5096.site.12, 11, 133, 144
1339327.3.peg.5096.site.13, 3, 135, 138
1339327.3.peg.5096.site.14, 129, 135, 264
1339327.3.peg.5096.site.15, 11, 134, 145
1339327.3.peg.5096.site.16, 2, 135, 137
1339327.3.peg.5095.site.1, 1, 133, 134
1339327.3.peg.5095.site.2, 13, 134, 147
1339327.3.peg.5095.site.3, 100, 134, 234
1339327.3.peg.5095.site.4, 10, 134, 144
1339327.3.peg.5095.site.5, 33, 134, 167
1339327.3.peg.5095.site.6, 0, 135, 135
1339327.3.peg.5095.site.7, 45, 135, 180
1339327.3.peg.5095.site.8, 2, 135, 137
1339327.3.peg.5095.site.9, 0, 135, 135
1339327.3.peg.5095.site.10, 36, 135, 171
1339327.3.peg.5095.site.11, 2, 135, 137
1339327.3.peg.5095.site.12, 6, 134, 140
1339327.3.peg.5095.site.13, 40, 135, 175
1339327.3.peg.5095.site.14, 24, 135, 159
1339327.3.peg.5094.site.1, 132, 132, 264
1339327.3.peg.5094.site.2, 40, 133, 173
1339327.3.peg.5094.site.3, 0, 65, 65
1339327.3.peg.5094.site.4, 2, 41, 43
1339327.3.peg.5093.site.1, 41, 136, 177
1339327.3.peg.5093.site.2, 110, 135, 245
1339327.3.peg.5093.site.3, 54, 137, 191
1339327.3.peg.5093.site.4, 2, 137, 139
1339327.3.peg.5092.site.1, 5, 137, 142
1339327.3.peg.5092.site.2, 1, 136, 137
1339327.3.peg.5092.site.3, 1, 136, 137
1339327.3.peg.5092.site.4, 3, 136, 139
1339327.3.peg.5092.site.5, 17, 136, 153
1339327.3.peg.5092.site.6, 0, 136, 136
1339327.3.peg.5092.site.7, 0, 135, 135
1339327.3.peg.5092.site.8, 1, 135, 136
1339327.3.peg.5092.site.9, 0, 135, 135
1339327.3.peg.5092.site.10, 7, 137, 144
1339327.3.peg.5092.site.11, 16, 137, 153
1339327.3.peg.5091.site.1, 23, 137, 160
1339327.3.peg.5091.site.2, 7, 137, 144
1339327.3.peg.5091.site.3, 44, 137, 181
1339327.3.peg.5091.site.4, 7, 137, 144
1339327.3.peg.5091.site.5, 26, 137, 163
1339327.3.peg.5091.site.6, 9, 136, 145
1339327.3.peg.5091.site.7, 15, 135, 150
1339327.3.peg.5091.site.8, 3, 135, 138
1339327.3.peg.5091.site.9, 2, 135, 137
1339327.3.peg.5091.site.10, 63, 137, 200
1339327.3.peg.5091.site.11, 83, 136, 219
1339327.3.peg.5091.site.12, 11, 135, 146
1339327.3.peg.5091.site.13, 0, 136, 136
1339327.3.peg.5091.site.14, 9, 134, 143
1339327.3.peg.5091.site.15, 6, 134, 140
1339327.3.peg.5090.site.1, 10, 137, 147
1339327.3.peg.5090.site.2, 6, 137, 143
1339327.3.peg.5090.site.3, 6, 136, 142
1339327.3.peg.5090.site.4, 71, 137, 208
1339327.3.peg.5090.site.5, 11, 137, 148
1339327.3.peg.5090.site.6, 98, 136, 234
1339327.3.peg.5090.site.7, 0, 136, 136
1339327.3.peg.1289.site.1, 3, 135, 138
1339327.3.peg.1289.site.2, 1, 136, 137
1339327.3.peg.1289.site.3, 3, 136, 139
1339327.3.peg.1289.site.4, 2, 135, 137
1339327.3.peg.1289.site.5, 12, 135, 147
1339327.3.peg.1289.site.6, 9, 136, 145
1339327.3.peg.1289.site.7, 64, 134, 198
1339327.3.peg.1289.site.8, 29, 136, 165
1339327.3.peg.1289.site.9, 1, 136, 137
1339327.3.peg.1286.site.1, 2, 135, 137
1339327.3.peg.1286.site.2, 30, 136, 166
1339327.3.peg.1287.site.1, 5, 137, 142
1339327.3.peg.1287.site.2, 0, 136, 136
1339327.3.peg.1287.site.3, 11, 137, 148
1339327.3.peg.1287.site.4, 57, 137, 194
1339327.3.peg.1287.site.5, 0, 137, 137
1339327.3.peg.1287.site.6, 7, 136, 143
1339327.3.peg.1287.site.7, 30, 136, 166
1339327.3.peg.1284.site.1, 3, 136, 139
1339327.3.peg.1284.site.2, 5, 136, 141
1339327.3.peg.1284.site.3, 1, 137, 138
1339327.3.peg.1284.site.4, 12, 136, 148
1339327.3.peg.1284.site.5, 3, 134, 137
1339327.3.peg.1284.site.6, 0, 137, 137
1339327.3.peg.1284.site.7, 30, 137, 167
1339327.3.peg.1284.site.8, 129, 137, 266
1339327.3.peg.1284.site.9, 4, 136, 140
1339327.3.peg.1284.site.10, 30, 137, 167
1339327.3.peg.1284.site.11, 103, 133, 236
1339327.3.peg.1284.site.12, 3, 136, 139
1339327.3.peg.1284.site.13, 5, 136, 141
1339327.3.peg.1284.site.14, 3, 137, 140
1339327.3.peg.1284.site.15, 26, 135, 161
1339327.3.peg.1284.site.16, 89, 136, 225
1339327.3.peg.1284.site.17, 0, 134, 134
1339327.3.peg.1284.site.18, 5, 136, 141
1339327.3.peg.1284.site.19, 99, 136, 235
1339327.3.peg.1284.site.20, 4, 136, 140
1339327.3.peg.1284.site.21, 1, 137, 138
1339327.3.peg.1284.site.22, 3, 136, 139
1339327.3.peg.1284.site.23, 2, 137, 139
1339327.3.peg.1284.site.24, 4, 137, 141
1339327.3.peg.1284.site.25, 1, 137, 138
1339327.3.peg.1284.site.26, 2, 136, 138
1339327.3.peg.1284.site.27, 4, 136, 140
1339327.3.peg.1284.site.28, 7, 136, 143
1339327.3.peg.1284.site.29, 1, 136, 137
1339327.3.peg.1284.site.30, 3, 137, 140
1339327.3.peg.1284.site.31, 1, 135, 136
1339327.3.peg.1284.site.32, 3, 135, 138
1339327.3.peg.1284.site.33, 15, 134, 149
1339327.3.peg.1284.site.34, 0, 136, 136
1339327.3.peg.1284.site.35, 0, 136, 136
1339327.3.peg.1284.site.36, 3, 136, 139
1339327.3.peg.1284.site.37, 51, 134, 185
1339327.3.peg.1284.site.38, 2, 135, 137
1339327.3.peg.1284.site.39, 0, 135, 135
1339327.3.peg.1284.site.40, 1, 129, 130
1339327.3.peg.1284.site.41, 83, 127, 210
1339327.3.peg.1284.site.42, 8, 137, 145
1339327.3.peg.1284.site.43, 91, 136, 227
1339327.3.peg.1284.site.44, 84, 136, 220
1339327.3.peg.1284.site.45, 78, 137, 215
1339327.3.peg.1284.site.46, 0, 137, 137
1339327.3.peg.1284.site.47, 74, 136, 210
1339327.3.peg.1284.site.48, 2, 135, 137
1339327.3.peg.1284.site.49, 3, 137, 140
1339327.3.peg.1284.site.50, 8, 137, 145
1339327.3.peg.1285.site.1, 0, 137, 137
1339327.3.peg.1285.site.2, 25, 134, 159
1339327.3.peg.1285.site.3, 8, 131, 139
1339327.3.peg.1285.site.4, 10, 130, 140
1339327.3.peg.1282.site.1, 63, 135, 198
1339327.3.peg.1282.site.2, 2, 135, 137
1339327.3.peg.1282.site.3, 2, 137, 139
1339327.3.peg.1282.site.4, 7, 137, 144
1339327.3.peg.1283.site.1, 0, 134, 134
1339327.3.peg.1283.site.2, 5, 137, 142
1339327.3.peg.1283.site.3, 3, 137, 140
1339327.3.peg.1283.site.4, 83, 137, 220
1339327.3.peg.1280.site.1, 3, 137, 140
1339327.3.peg.1280.site.2, 44, 136, 180
1339327.3.peg.1280.site.3, 10, 136, 146
1339327.3.peg.1280.site.4, 74, 137, 211
1339327.3.peg.1280.site.5, 4, 137, 141
1339327.3.peg.1281.site.1, 5, 136, 141
1339327.3.peg.1281.site.2, 4, 136, 140
1339327.3.peg.1281.site.3, 4, 136, 140
1339327.3.peg.1020.site.1, 10, 137, 147
1339327.3.peg.1020.site.2, 104, 136, 240
1339327.3.peg.1020.site.3, 0, 135, 135
1339327.3.peg.1020.site.4, 53, 137, 190
1339327.3.peg.1020.site.5, 15, 137, 152
1339327.3.peg.1020.site.6, 7, 136, 143
1339327.3.peg.1020.site.7, 63, 135, 198
1339327.3.peg.1020.site.8, 0, 136, 136
1339327.3.peg.1020.site.9, 0, 135, 135
1339327.3.peg.1020.site.10, 0, 137, 137
1339327.3.peg.1020.site.11, 84, 137, 221
1339327.3.peg.1020.site.12, 0, 137, 137
1339327.3.peg.1020.site.13, 2, 134, 136
1339327.3.peg.1020.site.14, 0, 135, 135
1339327.3.peg.1020.site.15, 16, 136, 152
1339327.3.peg.1020.site.16, 15, 135, 150
1339327.3.peg.1020.site.17, 3, 137, 140
1339327.3.peg.1020.site.18, 136, 136, 272
1339327.3.peg.1020.site.19, 0, 137, 137
1339327.3.peg.1020.site.20, 0, 136, 136
1339327.3.peg.1020.site.21, 21, 137, 158
1339327.3.peg.1020.site.22, 39, 137, 176
1339327.3.peg.1020.site.23, 39, 135, 174
1339327.3.peg.1020.site.24, 119, 136, 255
1339327.3.peg.1020.site.25, 17, 137, 154
1339327.3.peg.1020.site.26, 3, 137, 140
1339327.3.peg.1020.site.27, 125, 137, 262
1339327.3.peg.1020.site.28, 98, 136, 234
1339327.3.peg.1020.site.29, 37, 136, 173
1339327.3.peg.1020.site.30, 0, 136, 136
1339327.3.peg.1020.site.31, 22, 137, 159
1339327.3.peg.1020.site.32, 74, 135, 209
1339327.3.peg.1020.site.33, 3, 132, 135
1339327.3.peg.1020.site.34, 5, 135, 140
1339327.3.peg.1020.site.35, 2, 134, 136
1339327.3.peg.1020.site.36, 0, 134, 134
1339327.3.peg.1020.site.37, 1, 135, 136
1339327.3.peg.5072.site.1, 2, 134, 136
1339327.3.peg.5072.site.2, 1, 136, 137
1339327.3.peg.5072.site.3, 4, 135, 139
1339327.3.peg.5072.site.4, 38, 134, 172
1339327.3.peg.5072.site.5, 4, 135, 139
1339327.3.peg.5072.site.6, 6, 135, 141
1339327.3.peg.5072.site.7, 10, 135, 145
1339327.3.peg.5072.site.8, 11, 137, 148
1339327.3.peg.5072.site.9, 0, 136, 136
1339327.3.peg.5072.site.10, 3, 135, 138
1339327.3.peg.5072.site.11, 7, 136, 143
1339327.3.peg.5072.site.12, 79, 136, 215
1339327.3.peg.5072.site.13, 10, 137, 147
1339327.3.peg.5072.site.14, 1, 137, 138
1339327.3.peg.5072.site.15, 2, 136, 138
1339327.3.peg.5072.site.16, 4, 136, 140
1339327.3.peg.5072.site.17, 1, 136, 137
1339327.3.peg.5072.site.18, 1, 136, 137
1339327.3.peg.5072.site.19, 6, 135, 141
1339327.3.peg.5072.site.20, 32, 136, 168
1339327.3.peg.5072.site.21, 26, 136, 162
1339327.3.peg.5072.site.22, 6, 136, 142
1339327.3.peg.1026.site.1, 18, 136, 154
1339327.3.peg.1026.site.2, 0, 136, 136
1339327.3.peg.1026.site.3, 1, 137, 138
1339327.3.peg.1027.site.1, 78, 135, 213
1339327.3.peg.1027.site.2, 0, 133, 133
1339327.3.peg.1027.site.3, 10, 134, 144
1339327.3.peg.1027.site.4, 0, 126, 126
1339327.3.peg.1027.site.5, 0, 77, 77
1339327.3.peg.1027.site.6, 2, 82, 84
1339327.3.peg.5077.site.1, 16, 135, 151
1339327.3.peg.5077.site.2, 0, 135, 135
1339327.3.peg.5077.site.3, 87, 137, 224
1339327.3.peg.5077.site.4, 0, 136, 136
1339327.3.peg.5077.site.5, 1, 136, 137
1339327.3.peg.5077.site.6, 3, 137, 140
1339327.3.peg.5077.site.7, 0, 135, 135
1339327.3.peg.5077.site.8, 1, 135, 136
1339327.3.peg.5077.site.9, 58, 136, 194
1339327.3.peg.5077.site.10, 5, 136, 141
1339327.3.peg.5077.site.11, 41, 135, 176
1339327.3.peg.5076.site.1, 7, 137, 144
1339327.3.peg.5076.site.2, 0, 136, 136
1339327.3.peg.5076.site.3, 2, 137, 139
1339327.3.peg.5076.site.4, 1, 137, 138
1339327.3.peg.5076.site.5, 0, 136, 136
1339327.3.peg.5076.site.6, 1, 137, 138
1339327.3.peg.5076.site.7, 7, 137, 144
1339327.3.peg.5076.site.8, 7, 137, 144
1339327.3.peg.5076.site.9, 19, 137, 156
1339327.3.peg.5076.site.10, 2, 137, 139
1339327.3.peg.5076.site.11, 21, 137, 158
1339327.3.peg.5076.site.12, 1, 136, 137
1339327.3.peg.5076.site.13, 28, 136, 164
1339327.3.peg.5076.site.14, 7, 137, 144
1339327.3.peg.5076.site.15, 7, 137, 144
1339327.3.peg.5076.site.16, 13, 137, 150
1339327.3.peg.5076.site.17, 2, 137, 139
1339327.3.peg.5076.site.18, 121, 137, 258
1339327.3.peg.5076.site.19, 8, 137, 145
1339327.3.peg.5076.site.20, 10, 137, 147
1339327.3.peg.5076.site.21, 42, 135, 177
1339327.3.peg.5076.site.22, 34, 136, 170
1339327.3.peg.5076.site.23, 2, 135, 137
1339327.3.peg.5076.site.24, 1, 137, 138
1339327.3.peg.5076.site.25, 26, 137, 163
1339327.3.peg.5076.site.26, 2, 137, 139
1339327.3.peg.1758.site.1, 13, 47, 60
1339327.3.peg.1758.site.2, 74, 85, 159
1339327.3.peg.1758.site.3, 3, 115, 118
1339327.3.peg.1758.site.4, 1, 129, 130
1339327.3.peg.1758.site.5, 3, 132, 135
1339327.3.peg.1758.site.6, 36, 136, 172
1339327.3.peg.1758.site.7, 5, 136, 141
1339327.3.peg.1758.site.8, 2, 136, 138
1339327.3.peg.1758.site.9, 0, 133, 133
1339327.3.peg.1758.site.10, 0, 133, 133
1339327.3.peg.1758.site.11, 4, 135, 139
1339327.3.peg.1758.site.12, 14, 136, 150
1339327.3.peg.1758.site.13, 2, 137, 139
1339327.3.peg.1758.site.14, 12, 136, 148
1339327.3.peg.1758.site.15, 6, 136, 142
1339327.3.peg.1758.site.16, 132, 137, 269
1339327.3.peg.1758.site.17, 3, 135, 138
1339327.3.peg.1758.site.18, 25, 136, 161
1339327.3.peg.1758.site.19, 23, 137, 160
1339327.3.peg.1758.site.20, 2, 136, 138
1339327.3.peg.1758.site.21, 30, 137, 167
1339327.3.peg.1758.site.22, 0, 135, 135
1339327.3.peg.1758.site.23, 40, 134, 174
1339327.3.peg.1758.site.24, 3, 134, 137
1339327.3.peg.1758.site.25, 17, 136, 153
1339327.3.peg.2000.site.1, 0, 136, 136
1339327.3.peg.2000.site.2, 2, 135, 137
1339327.3.peg.2000.site.3, 69, 137, 206
1339327.3.peg.2000.site.4, 18, 136, 154
1339327.3.peg.2000.site.5, 64, 136, 200
1339327.3.peg.2000.site.6, 52, 136, 188
1339327.3.peg.2000.site.7, 2, 135, 137
1339327.3.peg.2000.site.8, 0, 136, 136
1339327.3.peg.1028.site.1, 2, 130, 132
1339327.3.peg.1028.site.2, 1, 131, 132
1339327.3.peg.1028.site.3, 63, 132, 195
1339327.3.peg.1028.site.4, 0, 132, 132
1339327.3.peg.1028.site.5, 10, 132, 142
1339327.3.peg.1028.site.6, 16, 134, 150
1339327.3.peg.1028.site.7, 8, 134, 142
1339327.3.peg.1028.site.8, 0, 134, 134
1339327.3.peg.1028.site.9, 63, 126, 189
1339327.3.peg.1028.site.10, 0, 103, 103
1339327.3.peg.1028.site.11, 2, 133, 135
1339327.3.peg.1028.site.12, 3, 133, 136
1339327.3.peg.1028.site.13, 3, 132, 135
1339327.3.peg.1028.site.14, 3, 133, 136
1339327.3.peg.1028.site.15, 1, 134, 135
1339327.3.peg.1028.site.16, 3, 134, 137
1339327.3.peg.1028.site.17, 3, 133, 136
1339327.3.peg.1028.site.18, 3, 133, 136
1339327.3.peg.1028.site.19, 3, 133, 136
1339327.3.peg.1028.site.20, 9, 133, 142
1339327.3.peg.1028.site.21, 3, 134, 137
1339327.3.peg.1028.site.22, 3, 134, 137
1339327.3.peg.1028.site.23, 3, 134, 137
1339327.3.peg.1028.site.24, 3, 134, 137
1339327.3.peg.1028.site.25, 4, 133, 137
1339327.3.peg.1028.site.26, 3, 134, 137
1339327.3.peg.1028.site.27, 3, 134, 137
1339327.3.peg.1028.site.28, 4, 134, 138
1339327.3.peg.1028.site.29, 2, 134, 136
1339327.3.peg.1028.site.30, 2, 134, 136
1339327.3.peg.1028.site.31, 52, 134, 186
1339327.3.peg.1028.site.32, 3, 133, 136
1339327.3.peg.1028.site.33, 3, 133, 136
1339327.3.peg.1028.site.34, 2, 133, 135
1339327.3.peg.1028.site.35, 1, 133, 134
1339327.3.peg.1028.site.36, 3, 134, 137
1339327.3.peg.1028.site.37, 0, 133, 133
1339327.3.peg.1028.site.38, 5, 134, 139
1339327.3.peg.1028.site.39, 3, 134, 137
1339327.3.peg.1028.site.40, 3, 134, 137
1339327.3.peg.1028.site.41, 3, 134, 137
1339327.3.peg.1028.site.42, 1, 134, 135
1339327.3.peg.1028.site.43, 2, 132, 134
1339327.3.peg.1028.site.44, 1, 134, 135
1339327.3.peg.1028.site.45, 5, 134, 139
1339327.3.peg.1028.site.46, 2, 133, 135
1339327.3.peg.1028.site.47, 5, 133, 138
1339327.3.peg.1028.site.48, 5, 134, 139
1339327.3.peg.1028.site.49, 1, 132, 133
1339327.3.peg.1028.site.50, 1, 134, 135
1339327.3.peg.1028.site.51, 0, 133, 133
1339327.3.peg.1028.site.52, 1, 133, 134
1339327.3.peg.1028.site.53, 26, 133, 159
1339327.3.peg.1028.site.54, 2, 133, 135
1339327.3.peg.1028.site.55, 3, 133, 136
1339327.3.peg.1028.site.56, 19, 132, 151
1339327.3.peg.1029.site.1, 3, 133, 136
1339327.3.peg.1029.site.2, 3, 133, 136
1339327.3.peg.1029.site.3, 3, 134, 137
1339327.3.peg.1029.site.4, 3, 133, 136
1339327.3.peg.1029.site.5, 12, 132, 144
1339327.3.peg.1029.site.6, 3, 133, 136
1339327.3.peg.1029.site.7, 123, 132, 255
1339327.3.peg.1029.site.8, 0, 133, 133
1339327.3.peg.1029.site.9, 0, 133, 133
1339327.3.peg.1029.site.10, 18, 134, 152
1339327.3.peg.1029.site.11, 2, 134, 136
1339327.3.peg.1029.site.12, 0, 132, 132
1339327.3.peg.1029.site.13, 4, 133, 137
1339327.3.peg.1029.site.14, 0, 134, 134
1339327.3.peg.1029.site.15, 5, 133, 138
1339327.3.peg.1029.site.16, 96, 134, 230
1339327.3.peg.1029.site.17, 37, 133, 170
1339327.3.peg.1029.site.18, 62, 134, 196
1339327.3.peg.1029.site.19, 4, 133, 137
1339327.3.peg.1029.site.20, 0, 133, 133
1339327.3.peg.1029.site.21, 1, 134, 135
1339327.3.peg.1029.site.22, 0, 134, 134
1339327.3.peg.1029.site.23, 6, 134, 140
1339327.3.peg.1029.site.24, 1, 134, 135
1339327.3.peg.2005.site.1, 1, 135, 136
1339327.3.peg.2005.site.2, 8, 137, 145
1339327.3.peg.2005.site.3, 84, 136, 220
1339327.3.peg.2005.site.4, 1, 137, 138
1339327.3.peg.2005.site.5, 22, 137, 159
1339327.3.peg.2005.site.6, 0, 136, 136
1339327.3.peg.2005.site.7, 0, 136, 136
1339327.3.peg.2004.site.1, 12, 135, 147
1339327.3.peg.2004.site.2, 1, 136, 137
1339327.3.peg.2004.site.3, 69, 135, 204
1339327.3.peg.2004.site.4, 2, 137, 139
1339327.3.peg.2004.site.5, 3, 137, 140
1339327.3.peg.2004.site.6, 130, 136, 266
1339327.3.peg.2004.site.7, 17, 136, 153
1339327.3.peg.2004.site.8, 2, 137, 139
1339327.3.peg.2004.site.9, 1, 133, 134
1339327.3.peg.2004.site.10, 5, 137, 142
1339327.3.peg.2004.site.11, 0, 136, 136
1339327.3.peg.2004.site.12, 22, 136, 158
1339327.3.peg.2004.site.13, 3, 136, 139
1339327.3.peg.2004.site.14, 3, 134, 137
1339327.3.peg.2004.site.15, 2, 137, 139
1339327.3.peg.2004.site.16, 3, 136, 139
1339327.3.peg.2004.site.17, 4, 137, 141
1339327.3.peg.2004.site.18, 2, 137, 139
1339327.3.peg.2004.site.19, 2, 137, 139
1339327.3.peg.2004.site.20, 12, 136, 148
1339327.3.peg.2004.site.21, 26, 137, 163
1339327.3.peg.2004.site.22, 0, 135, 135
1339327.3.peg.2004.site.23, 0, 134, 134
1339327.3.peg.2004.site.24, 1, 136, 137
1339327.3.peg.2004.site.25, 2, 136, 138
1339327.3.peg.2004.site.26, 27, 136, 163
1339327.3.peg.2004.site.27, 2, 135, 137
1339327.3.peg.2004.site.28, 0, 136, 136
1339327.3.peg.2004.site.29, 3, 137, 140
1339327.3.peg.2004.site.30, 111, 137, 248
1339327.3.peg.2004.site.31, 0, 136, 136
1339327.3.peg.2004.site.32, 2, 134, 136
1339327.3.peg.2004.site.33, 1, 135, 136
1339327.3.peg.2004.site.34, 1, 137, 138
1339327.3.peg.2004.site.35, 1, 135, 136
1339327.3.peg.2004.site.36, 1, 137, 138
1339327.3.peg.2004.site.37, 2, 135, 137
1339327.3.peg.2004.site.38, 73, 135, 208
1339327.3.peg.2004.site.39, 2, 135, 137
1339327.3.peg.2004.site.40, 31, 135, 166
1339327.3.peg.2004.site.41, 67, 134, 201
1339327.3.peg.2004.site.42, 0, 136, 136
1339327.3.peg.2004.site.43, 0, 136, 136
1339327.3.peg.2004.site.44, 5, 135, 140
1339327.3.peg.2004.site.45, 2, 134, 136
1339327.3.peg.2004.site.46, 3, 135, 138
1339327.3.peg.2004.site.47, 4, 135, 139
1339327.3.peg.2004.site.48, 10, 136, 146
1339327.3.peg.2004.site.49, 0, 136, 136
1339327.3.peg.2004.site.50, 2, 135, 137
1339327.3.peg.2004.site.51, 62, 135, 197
1339327.3.peg.2004.site.52, 20, 135, 155
1339327.3.peg.2004.site.53, 8, 137, 145
1339327.3.peg.2004.site.54, 10, 135, 145
1339327.3.peg.2004.site.55, 4, 136, 140
1339327.3.peg.2004.site.56, 0, 136, 136
1339327.3.peg.2004.site.57, 0, 135, 135
1339327.3.peg.2004.site.58, 4, 136, 140
1339327.3.peg.2004.site.59, 4, 135, 139
1339327.3.peg.2004.site.60, 0, 134, 134
1339327.3.peg.2007.site.1, 13, 134, 147
1339327.3.peg.2007.site.2, 3, 135, 138
1339327.3.peg.2007.site.3, 3, 135, 138
1339327.3.peg.2007.site.4, 15, 137, 152
1339327.3.peg.2006.site.1, 5, 136, 141
1339327.3.peg.2006.site.2, 1, 136, 137
1339327.3.peg.2006.site.3, 1, 136, 137
1339327.3.peg.2006.site.4, 2, 137, 139
1339327.3.peg.2006.site.5, 18, 137, 155
1339327.3.peg.2006.site.6, 4, 136, 140
1339327.3.peg.2006.site.7, 5, 137, 142
1339327.3.peg.2006.site.8, 5, 137, 142
1339327.3.peg.2006.site.9, 4, 134, 138
1339327.3.peg.2006.site.10, 11, 137, 148
1339327.3.peg.2006.site.11, 126, 137, 263
1339327.3.peg.2006.site.12, 2, 136, 138
1339327.3.peg.2006.site.13, 5, 136, 141
1339327.3.peg.2006.site.14, 2, 134, 136
1339327.3.peg.2006.site.15, 1, 124, 125
1339327.3.peg.2006.site.16, 1, 134, 135
1339327.3.peg.2006.site.17, 16, 136, 152
1339327.3.peg.2006.site.18, 30, 132, 162
1339327.3.peg.2006.site.19, 28, 134, 162
1339327.3.peg.2006.site.20, 13, 137, 150
1339327.3.peg.2006.site.21, 1, 135, 136
1339327.3.peg.2006.site.22, 5, 135, 140
1339327.3.peg.2006.site.23, 2, 134, 136
1339327.3.peg.2006.site.24, 2, 135, 137
1339327.3.peg.3536.site.1, 3, 126, 129
1339327.3.peg.3536.site.2, 52, 129, 181
1339327.3.peg.3536.site.3, 8, 133, 141
1339327.3.peg.3536.site.4, 31, 134, 165
1339327.3.peg.3536.site.5, 6, 134, 140
1339327.3.peg.3536.site.6, 24, 136, 160
1339327.3.peg.3536.site.7, 31, 136, 167
1339327.3.peg.3536.site.8, 2, 137, 139
1339327.3.peg.3537.site.1, 5, 135, 140
1339327.3.peg.3537.site.2, 72, 135, 207
1339327.3.peg.3537.site.3, 29, 134, 163
1339327.3.peg.3537.site.4, 65, 137, 202
1339327.3.peg.3537.site.5, 2, 136, 138
1339327.3.peg.3537.site.6, 26, 137, 163
1339327.3.peg.3537.site.7, 0, 134, 134
1339327.3.peg.3537.site.8, 23, 135, 158
1339327.3.peg.3537.site.9, 3, 132, 135
1339327.3.peg.3537.site.10, 91, 127, 218
1339327.3.peg.3537.site.11, 35, 128, 163
1339327.3.peg.3537.site.12, 52, 129, 181
1339327.3.peg.3537.site.13, 86, 132, 218
1339327.3.peg.3537.site.14, 76, 134, 210
1339327.3.peg.3537.site.15, 4, 130, 134
1339327.3.peg.3537.site.16, 0, 136, 136
1339327.3.peg.3537.site.17, 2, 134, 136
1339327.3.peg.3537.site.18, 3, 133, 136
1339327.3.peg.3537.site.19, 44, 132, 176
1339327.3.peg.3537.site.20, 58, 128, 186
1339327.3.peg.3537.site.21, 37, 119, 156
1339327.3.peg.3537.site.22, 5, 125, 130
1339327.3.peg.3537.site.23, 1, 118, 119
1339327.3.peg.3537.site.24, 2, 131, 133
1339327.3.peg.3537.site.25, 3, 135, 138
1339327.3.peg.3537.site.26, 3, 131, 134
1339327.3.peg.3537.site.27, 0, 136, 136
1339327.3.peg.3537.site.28, 1, 136, 137
1339327.3.peg.3537.site.29, 2, 134, 136
1339327.3.peg.3534.site.1, 4, 135, 139
1339327.3.peg.3534.site.2, 12, 136, 148
1339327.3.peg.3534.site.3, 12, 136, 148
1339327.3.peg.3534.site.4, 0, 136, 136
1339327.3.peg.3534.site.5, 38, 133, 171
1339327.3.peg.3534.site.6, 11, 136, 147
1339327.3.peg.3534.site.7, 45, 136, 181
1339327.3.peg.3534.site.8, 119, 136, 255
1339327.3.peg.3534.site.9, 11, 137, 148
1339327.3.peg.3534.site.10, 1, 136, 137
1339327.3.peg.3534.site.11, 44, 134, 178
1339327.3.peg.3534.site.12, 3, 134, 137
1339327.3.peg.2828.site.1, 31, 135, 166
1339327.3.peg.2828.site.2, 8, 136, 144
1339327.3.peg.2828.site.3, 2, 136, 138
1339327.3.peg.2828.site.4, 20, 134, 154
1339327.3.peg.2828.site.5, 20, 136, 156
1339327.3.peg.2828.site.6, 15, 137, 152
1339327.3.peg.2828.site.7, 0, 137, 137
1339327.3.peg.2828.site.8, 10, 136, 146
1339327.3.peg.2828.site.9, 14, 135, 149
1339327.3.peg.2828.site.10, 0, 135, 135
1339327.3.peg.2828.site.11, 1, 137, 138
1339327.3.peg.2828.site.12, 15, 137, 152
1339327.3.peg.2828.site.13, 19, 136, 155
1339327.3.peg.3533.site.1, 0, 131, 131
1339327.3.peg.3533.site.2, 49, 136, 185
1339327.3.peg.3533.site.3, 89, 135, 224
1339327.3.peg.3533.site.4, 47, 134, 181
1339327.3.peg.3533.site.5, 1, 136, 137
1339327.3.peg.3533.site.6, 66, 135, 201
1339327.3.peg.3533.site.7, 2, 134, 136
1339327.3.peg.3533.site.8, 78, 136, 214
1339327.3.peg.3533.site.9, 4, 136, 140
1339327.3.peg.3533.site.10, 81, 135, 216
1339327.3.peg.3533.site.11, 2, 135, 137
1339327.3.peg.3533.site.12, 12, 133, 145
1339327.3.peg.3533.site.13, 0, 134, 134
1339327.3.peg.3533.site.14, 4, 135, 139
1339327.3.peg.3533.site.15, 2, 136, 138
1339327.3.peg.3533.site.16, 3, 136, 139
1339327.3.peg.3533.site.17, 33, 137, 170
1339327.3.peg.3530.site.1, 0, 134, 134
1339327.3.peg.3530.site.2, 3, 135, 138
1339327.3.peg.3530.site.3, 1, 130, 131
1339327.3.peg.3530.site.4, 2, 132, 134
1339327.3.peg.3530.site.5, 1, 135, 136
1339327.3.peg.3530.site.6, 1, 134, 135
1339327.3.peg.3530.site.7, 101, 135, 236
1339327.3.peg.3530.site.8, 8, 136, 144
1339327.3.peg.3530.site.9, 2, 136, 138
1339327.3.peg.3530.site.10, 5, 136, 141
1339327.3.peg.3530.site.11, 108, 135, 243
1339327.3.peg.3530.site.12, 1, 136, 137
1339327.3.peg.3530.site.13, 1, 136, 137
1339327.3.peg.3530.site.14, 26, 134, 160
1339327.3.peg.3530.site.15, 40, 130, 170
1339327.3.peg.3530.site.16, 3, 135, 138
1339327.3.peg.3530.site.17, 2, 135, 137
1339327.3.peg.3530.site.18, 45, 130, 175
1339327.3.peg.3530.site.19, 0, 127, 127
1339327.3.peg.3530.site.20, 3, 123, 126
1339327.3.peg.3530.site.21, 11, 121, 132
1339327.3.peg.3530.site.22, 16, 133, 149
1339327.3.peg.2823.site.1, 4, 135, 139
1339327.3.peg.2823.site.2, 1, 137, 138
1339327.3.peg.2823.site.3, 5, 135, 140
1339327.3.peg.2823.site.4, 21, 135, 156
1339327.3.peg.2823.site.5, 5, 131, 136
1339327.3.peg.2823.site.6, 5, 133, 138
1339327.3.peg.2823.site.7, 80, 133, 213
1339327.3.peg.2823.site.8, 25, 134, 159
1339327.3.peg.2823.site.9, 3, 135, 138
1339327.3.peg.2823.site.10, 2, 135, 137
1339327.3.peg.2823.site.11, 0, 134, 134
1339327.3.peg.2823.site.12, 0, 132, 132
1339327.3.peg.2823.site.13, 5, 131, 136
1339327.3.peg.2823.site.14, 11, 135, 146
1339327.3.peg.2822.site.1, 5, 135, 140
1339327.3.peg.2822.site.2, 48, 137, 185
1339327.3.peg.2822.site.3, 2, 137, 139
1339327.3.peg.2822.site.4, 97, 137, 234
1339327.3.peg.2822.site.5, 4, 135, 139
1339327.3.peg.2822.site.6, 5, 130, 135
1339327.3.peg.2822.site.7, 68, 132, 200
1339327.3.peg.2822.site.8, 1, 136, 137
1339327.3.peg.2821.site.1, 14, 131, 145
1339327.3.peg.2821.site.2, 3, 127, 130
1339327.3.peg.2821.site.3, 57, 134, 191
1339327.3.peg.2821.site.4, 6, 137, 143
1339327.3.peg.2821.site.5, 0, 132, 132
1339327.3.peg.2821.site.6, 3, 132, 135
1339327.3.peg.2821.site.7, 75, 135, 210
1339327.3.peg.2821.site.8, 0, 130, 130
1339327.3.peg.2821.site.9, 3, 137, 140
1339327.3.peg.2821.site.10, 0, 133, 133
1339327.3.peg.2821.site.11, 1, 134, 135
1339327.3.peg.2820.site.1, 0, 135, 135
1339327.3.peg.2820.site.2, 0, 135, 135
1339327.3.peg.2820.site.3, 13, 135, 148
1339327.3.peg.2820.site.4, 40, 132, 172
1339327.3.peg.2820.site.5, 0, 134, 134
1339327.3.peg.2820.site.6, 1, 134, 135
1339327.3.peg.2820.site.7, 0, 135, 135
1339327.3.peg.2820.site.8, 2, 134, 136
1339327.3.peg.2820.site.9, 2, 131, 133
1339327.3.peg.2820.site.10, 77, 132, 209
1339327.3.peg.2820.site.11, 53, 131, 184
1339327.3.peg.2827.site.1, 2, 135, 137
1339327.3.peg.2826.site.1, 48, 131, 179
1339327.3.peg.2826.site.2, 0, 134, 134
1339327.3.peg.2826.site.3, 44, 136, 180
1339327.3.peg.2826.site.4, 0, 135, 135
1339327.3.peg.2826.site.5, 2, 135, 137
1339327.3.peg.2826.site.6, 15, 134, 149
1339327.3.peg.2826.site.7, 88, 133, 221
1339327.3.peg.2826.site.8, 1, 133, 134
1339327.3.peg.2826.site.9, 12, 130, 142
1339327.3.peg.2826.site.10, 0, 136, 136
1339327.3.peg.2826.site.11, 1, 137, 138
1339327.3.peg.2826.site.12, 1, 134, 135
1339327.3.peg.2826.site.13, 1, 135, 136
1339327.3.peg.2826.site.14, 4, 135, 139
1339327.3.peg.2826.site.15, 15, 133, 148
1339327.3.peg.2826.site.16, 0, 132, 132
1339327.3.peg.2825.site.1, 0, 135, 135
1339327.3.peg.2825.site.2, 10, 137, 147
1339327.3.peg.2825.site.3, 8, 137, 145
1339327.3.peg.2825.site.4, 1, 136, 137
1339327.3.peg.2825.site.5, 1, 128, 129
1339327.3.peg.2825.site.6, 0, 135, 135
1339327.3.peg.2825.site.7, 20, 134, 154
1339327.3.peg.2825.site.8, 5, 136, 141
1339327.3.peg.2825.site.9, 67, 130, 197
1339327.3.peg.2825.site.10, 3, 133, 136
1339327.3.peg.2825.site.11, 2, 137, 139
1339327.3.peg.2825.site.12, 2, 136, 138
1339327.3.peg.2825.site.13, 0, 136, 136
1339327.3.peg.2825.site.14, 24, 135, 159
1339327.3.peg.2825.site.15, 3, 137, 140
1339327.3.peg.2825.site.16, 45, 134, 179
1339327.3.peg.2825.site.17, 1, 136, 137
1339327.3.peg.2825.site.18, 13, 136, 149
1339327.3.peg.2825.site.19, 0, 136, 136
1339327.3.peg.2825.site.20, 51, 131, 182
1339327.3.peg.2825.site.21, 3, 130, 133
1339327.3.peg.2825.site.22, 102, 134, 236
1339327.3.peg.2825.site.23, 50, 135, 185
1339327.3.peg.2825.site.24, 0, 133, 133
1339327.3.peg.2825.site.25, 3, 133, 136
1339327.3.peg.2825.site.26, 39, 136, 175
1339327.3.peg.2824.site.1, 7, 135, 142
1339327.3.peg.2824.site.2, 7, 136, 143
1339327.3.peg.2824.site.3, 0, 133, 133
1339327.3.peg.2824.site.4, 41, 135, 176
1339327.3.peg.2485.site.1, 5, 130, 135
1339327.3.peg.2485.site.2, 0, 130, 130
1339327.3.peg.2485.site.3, 7, 132, 139
1339327.3.peg.2485.site.4, 26, 134, 160
1339327.3.peg.2485.site.5, 5, 137, 142
1339327.3.peg.2485.site.6, 101, 134, 235
1339327.3.peg.2485.site.7, 7, 137, 144
1339327.3.peg.2485.site.8, 43, 136, 179
1339327.3.peg.2485.site.9, 0, 135, 135
1339327.3.peg.2485.site.10, 1, 133, 134
1339327.3.peg.2485.site.11, 22, 132, 154
1339327.3.peg.2485.site.12, 1, 133, 134
1339327.3.peg.2485.site.13, 38, 136, 174
1339327.3.peg.2485.site.14, 14, 135, 149
1339327.3.peg.2485.site.15, 15, 137, 152
1339327.3.peg.2485.site.16, 8, 136, 144
1339327.3.peg.2485.site.17, 104, 137, 241
1339327.3.peg.2485.site.18, 8, 135, 143
1339327.3.peg.2485.site.19, 2, 135, 137
1339327.3.peg.2485.site.20, 5, 135, 140
1339327.3.peg.2485.site.21, 1, 136, 137
1339327.3.peg.2485.site.22, 13, 136, 149
1339327.3.peg.2485.site.23, 82, 136, 218
1339327.3.peg.2484.site.1, 3, 137, 140
1339327.3.peg.2484.site.2, 8, 135, 143
1339327.3.peg.2484.site.3, 7, 136, 143
1339327.3.peg.2484.site.4, 54, 137, 191
1339327.3.peg.2484.site.5, 5, 132, 137
1339327.3.peg.2486.site.1, 1, 135, 136
1339327.3.peg.2486.site.2, 1, 136, 137
1339327.3.peg.2486.site.3, 16, 135, 151
1339327.3.peg.2486.site.4, 1, 133, 134
1339327.3.peg.2486.site.5, 12, 134, 146
1339327.3.peg.2486.site.6, 1, 134, 135
1339327.3.peg.2486.site.7, 5, 136, 141
1339327.3.peg.2486.site.8, 1, 132, 133
1339327.3.peg.2486.site.9, 3, 135, 138
1339327.3.peg.2486.site.10, 63, 136, 199
1339327.3.peg.2486.site.11, 7, 136, 143
1339327.3.peg.2486.site.12, 32, 137, 169
1339327.3.peg.2486.site.13, 8, 135, 143
1339327.3.peg.2486.site.14, 14, 137, 151
1339327.3.peg.2486.site.15, 3, 135, 138
1339327.3.peg.2486.site.16, 49, 133, 182
1339327.3.peg.2486.site.17, 2, 135, 137
1339327.3.peg.2486.site.18, 5, 135, 140
1339327.3.peg.2486.site.19, 0, 133, 133
1339327.3.peg.2486.site.20, 8, 133, 141
1339327.3.peg.2486.site.21, 5, 135, 140
1339327.3.peg.2486.site.22, 1, 135, 136
1339327.3.peg.2486.site.23, 68, 129, 197
1339327.3.peg.2486.site.24, 26, 130, 156
1339327.3.peg.2486.site.25, 1, 133, 134
1339327.3.peg.2486.site.26, 14, 126, 140
1339327.3.peg.2486.site.27, 17, 137, 154
1339327.3.peg.2486.site.28, 13, 137, 150
1339327.3.peg.2486.site.29, 4, 134, 138
1339327.3.peg.2486.site.30, 32, 136, 168
1339327.3.peg.2486.site.31, 0, 135, 135
1339327.3.peg.2486.site.32, 2, 137, 139
1339327.3.peg.2486.site.33, 0, 137, 137
1339327.3.peg.2481.site.1, 0, 133, 133
1339327.3.peg.2481.site.2, 3, 135, 138
1339327.3.peg.2481.site.3, 7, 134, 141
1339327.3.peg.2481.site.4, 11, 135, 146
1339327.3.peg.2481.site.5, 0, 137, 137
1339327.3.peg.2481.site.6, 0, 136, 136
1339327.3.peg.2480.site.1, 50, 124, 174
1339327.3.peg.2480.site.2, 0, 118, 118
1339327.3.peg.2480.site.3, 16, 133, 149
1339327.3.peg.2480.site.4, 1, 133, 134
1339327.3.peg.2480.site.5, 11, 131, 142
1339327.3.peg.2480.site.6, 5, 133, 138
1339327.3.peg.2480.site.7, 29, 135, 164
1339327.3.peg.2480.site.8, 6, 135, 141
1339327.3.peg.2480.site.9, 72, 134, 206
1339327.3.peg.2480.site.10, 25, 134, 159
1339327.3.peg.2482.site.1, 12, 126, 138
1339327.3.peg.2482.site.2, 2, 132, 134
1339327.3.peg.2482.site.3, 0, 133, 133
1339327.3.peg.2482.site.4, 1, 135, 136
1339327.3.peg.2482.site.5, 40, 135, 175
1339327.3.peg.2482.site.6, 116, 134, 250
1339327.3.peg.2482.site.7, 2, 120, 122
1339327.3.peg.2482.site.8, 0, 122, 122
1339327.3.peg.2482.site.9, 2, 126, 128
1339327.3.peg.2482.site.10, 2, 137, 139
1339327.3.peg.2482.site.11, 33, 137, 170
1339327.3.peg.2482.site.12, 3, 137, 140
1339327.3.peg.2482.site.13, 0, 136, 136
1339327.3.peg.2482.site.14, 3, 136, 139
1339327.3.peg.2482.site.15, 12, 135, 147
1339327.3.peg.2482.site.16, 48, 133, 181
1339327.3.peg.2482.site.17, 6, 137, 143
1339327.3.peg.2482.site.18, 0, 120, 120
1339327.3.peg.2482.site.19, 2, 117, 119
1339327.3.peg.2482.site.20, 102, 121, 223
1339327.3.peg.2482.site.21, 2, 127, 129
1339327.3.peg.2482.site.22, 2, 135, 137
1339327.3.peg.1592.site.1, 14, 137, 151
1339327.3.peg.1592.site.2, 2, 137, 139
1339327.3.peg.1592.site.3, 38, 137, 175
1339327.3.peg.1592.site.4, 85, 136, 221
1339327.3.peg.1592.site.5, 11, 135, 146
1339327.3.peg.1592.site.6, 0, 134, 134
1339327.3.peg.1592.site.7, 2, 134, 136
1339327.3.peg.1593.site.1, 2, 135, 137
1339327.3.peg.1593.site.2, 1, 136, 137
1339327.3.peg.1593.site.3, 48, 135, 183
1339327.3.peg.1593.site.4, 0, 137, 137
1339327.3.peg.1593.site.5, 8, 136, 144
1339327.3.peg.1593.site.6, 23, 136, 159
1339327.3.peg.1593.site.7, 39, 134, 173
1339327.3.peg.1591.site.1, 3, 135, 138
1339327.3.peg.1591.site.2, 13, 136, 149
1339327.3.peg.1591.site.3, 0, 137, 137
1339327.3.peg.1591.site.4, 10, 136, 146
1339327.3.peg.1591.site.5, 1, 135, 136
1339327.3.peg.1591.site.6, 6, 133, 139
1339327.3.peg.1591.site.7, 0, 133, 133
1339327.3.peg.1591.site.8, 4, 135, 139
1339327.3.peg.1591.site.9, 25, 136, 161
1339327.3.peg.1591.site.10, 19, 135, 154
1339327.3.peg.1591.site.11, 0, 135, 135
1339327.3.peg.1591.site.12, 16, 136, 152
1339327.3.peg.1591.site.13, 5, 137, 142
1339327.3.peg.1591.site.14, 41, 136, 177
1339327.3.peg.1591.site.15, 2, 137, 139
1339327.3.peg.1591.site.16, 1, 133, 134
1339327.3.peg.1591.site.17, 3, 137, 140
1339327.3.peg.1591.site.18, 14, 136, 150
1339327.3.peg.1591.site.19, 28, 137, 165
1339327.3.peg.1591.site.20, 4, 137, 141
1339327.3.peg.1596.site.1, 12, 137, 149
1339327.3.peg.1596.site.2, 1, 137, 138
1339327.3.peg.1596.site.3, 89, 137, 226
1339327.3.peg.1596.site.4, 40, 137, 177
1339327.3.peg.1596.site.5, 0, 134, 134
1339327.3.peg.1596.site.6, 1, 123, 124
1339327.3.peg.1596.site.7, 0, 130, 130
1339327.3.peg.1597.site.1, 6, 134, 140
1339327.3.peg.1597.site.2, 9, 135, 144
1339327.3.peg.1597.site.3, 2, 136, 138
1339327.3.peg.1597.site.4, 68, 137, 205
1339327.3.peg.1597.site.5, 100, 136, 236
1339327.3.peg.1597.site.6, 33, 135, 168
1339327.3.peg.1597.site.7, 1, 137, 138
1339327.3.peg.1597.site.8, 5, 137, 142
1339327.3.peg.1597.site.9, 1, 136, 137
1339327.3.peg.1597.site.10, 6, 136, 142
1339327.3.peg.1597.site.11, 0, 137, 137
1339327.3.peg.1597.site.12, 3, 135, 138
1339327.3.peg.1597.site.13, 3, 135, 138
1339327.3.peg.1597.site.14, 1, 136, 137
1339327.3.peg.1597.site.15, 2, 137, 139
1339327.3.peg.1597.site.16, 70, 136, 206
1339327.3.peg.1597.site.17, 2, 136, 138
1339327.3.peg.1597.site.18, 3, 136, 139
1339327.3.peg.1597.site.19, 0, 134, 134
1339327.3.peg.1594.site.1, 8, 136, 144
1339327.3.peg.1594.site.2, 4, 136, 140
1339327.3.peg.1594.site.3, 1, 137, 138
1339327.3.peg.1594.site.4, 13, 137, 150
1339327.3.peg.1594.site.5, 3, 137, 140
1339327.3.peg.1594.site.6, 68, 135, 203
1339327.3.peg.1594.site.7, 3, 136, 139
1339327.3.peg.1594.site.8, 0, 137, 137
1339327.3.peg.1594.site.9, 1, 135, 136
1339327.3.peg.1594.site.10, 0, 137, 137
1339327.3.peg.1594.site.11, 1, 137, 138
1339327.3.peg.1595.site.1, 1, 136, 137
1339327.3.peg.1595.site.2, 8, 136, 144
1339327.3.peg.1595.site.3, 0, 136, 136
1339327.3.peg.1595.site.4, 7, 136, 143
1339327.3.peg.1595.site.5, 0, 135, 135
1339327.3.peg.1595.site.6, 1, 136, 137
1339327.3.peg.1595.site.7, 3, 135, 138
1339327.3.peg.1595.site.8, 2, 135, 137
1339327.3.peg.1595.site.9, 2, 137, 139
1339327.3.peg.1595.site.10, 1, 137, 138
1339327.3.peg.1595.site.11, 9, 136, 145
1339327.3.peg.1595.site.12, 3, 135, 138
1339327.3.peg.1598.site.1, 34, 136, 170
1339327.3.peg.1598.site.2, 1, 133, 134
1339327.3.peg.1598.site.3, 11, 136, 147
1339327.3.peg.1599.site.1, 1, 131, 132
1339327.3.peg.1599.site.2, 1, 135, 136
1339327.3.peg.1599.site.3, 1, 133, 134
1339327.3.peg.1599.site.4, 27, 132, 159
1339327.3.peg.3448.site.1, 4, 135, 139
1339327.3.peg.3448.site.2, 0, 135, 135
1339327.3.peg.3448.site.3, 33, 136, 169
1339327.3.peg.3448.site.4, 7, 136, 143
1339327.3.peg.3448.site.5, 7, 135, 142
1339327.3.peg.3990.site.1, 73, 130, 203
1339327.3.peg.3990.site.2, 2, 131, 133
1339327.3.peg.3990.site.3, 4, 132, 136
1339327.3.peg.3990.site.4, 16, 131, 147
1339327.3.peg.3990.site.5, 5, 131, 136
1339327.3.peg.3990.site.6, 1, 132, 133
1339327.3.peg.3990.site.7, 31, 131, 162
1339327.3.peg.3990.site.8, 5, 131, 136
1339327.3.peg.3990.site.9, 2, 132, 134
1339327.3.peg.3990.site.10, 3, 132, 135
1339327.3.peg.3990.site.11, 4, 132, 136
1339327.3.peg.3990.site.12, 0, 132, 132
1339327.3.peg.3990.site.13, 0, 132, 132
1339327.3.peg.3990.site.14, 9, 131, 140
1339327.3.peg.3990.site.15, 6, 130, 136
1339327.3.peg.3990.site.16, 6, 130, 136
1339327.3.peg.3990.site.17, 3, 130, 133
1339327.3.peg.3990.site.18, 11, 130, 141
1339327.3.peg.3990.site.19, 1, 131, 132
1339327.3.peg.3990.site.20, 43, 129, 172
1339327.3.peg.3991.site.1, 2, 123, 125
1339327.3.peg.3991.site.2, 44, 121, 165
1339327.3.peg.3991.site.3, 34, 119, 153
1339327.3.peg.3991.site.4, 11, 122, 133
1339327.3.peg.3991.site.5, 3, 124, 127
1339327.3.peg.3991.site.6, 52, 122, 174
1339327.3.peg.3991.site.7, 25, 121, 146
1339327.3.peg.3991.site.8, 62, 120, 182
1339327.3.peg.3991.site.9, 10, 122, 132
1339327.3.peg.3991.site.10, 69, 124, 193
1339327.3.peg.3991.site.11, 4, 123, 127
1339327.3.peg.3991.site.12, 86, 121, 207
1339327.3.peg.3991.site.13, 18, 120, 138
1339327.3.peg.3991.site.14, 97, 117, 214
1339327.3.peg.3991.site.15, 5, 124, 129
1339327.3.peg.3991.site.16, 48, 119, 167
1339327.3.peg.3991.site.17, 80, 119, 199
1339327.3.peg.3991.site.18, 53, 120, 173
1339327.3.peg.3991.site.19, 5, 123, 128
1339327.3.peg.3991.site.20, 55, 122, 177
1339327.3.peg.3991.site.21, 2, 122, 124
1339327.3.peg.3991.site.22, 0, 123, 123
1339327.3.peg.3991.site.23, 6, 121, 127
1339327.3.peg.3991.site.24, 86, 120, 206
1339327.3.peg.3991.site.25, 43, 121, 164
1339327.3.peg.3991.site.26, 6, 123, 129
1339327.3.peg.3991.site.27, 6, 123, 129
1339327.3.peg.3991.site.28, 51, 122, 173
1339327.3.peg.3991.site.29, 0, 123, 123
1339327.3.peg.3991.site.30, 22, 122, 144
1339327.3.peg.3991.site.31, 5, 122, 127
1339327.3.peg.3991.site.32, 0, 121, 121
1339327.3.peg.3991.site.33, 90, 121, 211
1339327.3.peg.3991.site.34, 0, 122, 122
1339327.3.peg.3991.site.35, 96, 122, 218
1339327.3.peg.3991.site.36, 6, 122, 128
1339327.3.peg.3991.site.37, 10, 121, 131
1339327.3.peg.3991.site.38, 6, 122, 128
1339327.3.peg.3991.site.39, 21, 121, 142
1339327.3.peg.3992.site.1, 3, 119, 122
1339327.3.peg.3992.site.2, 7, 123, 130
1339327.3.peg.3992.site.3, 4, 124, 128
1339327.3.peg.3992.site.4, 0, 123, 123
1339327.3.peg.3442.site.1, 114, 124, 238
1339327.3.peg.3442.site.2, 11, 123, 134
1339327.3.peg.3442.site.3, 9, 124, 133
1339327.3.peg.3442.site.4, 12, 124, 136
1339327.3.peg.3442.site.5, 32, 122, 154
1339327.3.peg.3442.site.6, 3, 100, 103
1339327.3.peg.3442.site.7, 3, 115, 118
1339327.3.peg.3442.site.8, 8, 132, 140
1339327.3.peg.3442.site.9, 56, 128, 184
1339327.3.peg.3442.site.10, 2, 132, 134
1339327.3.peg.3442.site.11, 10, 133, 143
1339327.3.peg.3442.site.12, 2, 135, 137
1339327.3.peg.3442.site.13, 1, 135, 136
1339327.3.peg.3442.site.14, 14, 135, 149
1339327.3.peg.3442.site.15, 8, 136, 144
1339327.3.peg.3442.site.16, 2, 135, 137
1339327.3.peg.3442.site.17, 2, 135, 137
1339327.3.peg.3442.site.18, 36, 135, 171
1339327.3.peg.3442.site.19, 5, 133, 138
1339327.3.peg.3442.site.20, 3, 134, 137
1339327.3.peg.3443.site.1, 1, 129, 130
1339327.3.peg.3443.site.2, 4, 130, 134
1339327.3.peg.3443.site.3, 4, 129, 133
1339327.3.peg.3443.site.4, 9, 132, 141
1339327.3.peg.3443.site.5, 3, 129, 132
1339327.3.peg.3443.site.6, 99, 123, 222
1339327.3.peg.3443.site.7, 0, 108, 108
1339327.3.peg.3443.site.8, 0, 124, 124
1339327.3.peg.3443.site.9, 3, 130, 133
1339327.3.peg.3443.site.10, 102, 131, 233
1339327.3.peg.3443.site.11, 36, 135, 171
1339327.3.peg.3443.site.12, 5, 137, 142
1339327.3.peg.3443.site.13, 129, 135, 264
1339327.3.peg.3443.site.14, 3, 134, 137
1339327.3.peg.3443.site.15, 1, 134, 135
1339327.3.peg.3443.site.16, 3, 134, 137
1339327.3.peg.3443.site.17, 5, 120, 125
1339327.3.peg.3443.site.18, 5, 81, 86
1339327.3.peg.3443.site.19, 6, 97, 103
1339327.3.peg.3443.site.20, 3, 131, 134
1339327.3.peg.3443.site.21, 8, 132, 140
1339327.3.peg.3443.site.22, 0, 132, 132
1339327.3.peg.3443.site.23, 1, 111, 112
1339327.3.peg.3443.site.24, 3, 119, 122
1339327.3.peg.3443.site.25, 11, 122, 133
1339327.3.peg.3443.site.26, 107, 121, 228
1339327.3.peg.3443.site.27, 3, 124, 127
1339327.3.peg.3443.site.28, 9, 94, 103
1339327.3.peg.3443.site.29, 118, 126, 244
1339327.3.peg.3440.site.1, 4, 135, 139
1339327.3.peg.3440.site.2, 26, 135, 161
1339327.3.peg.3440.site.3, 5, 134, 139
1339327.3.peg.3440.site.4, 25, 137, 162
1339327.3.peg.3440.site.5, 3, 136, 139
1339327.3.peg.3440.site.6, 3, 136, 139
1339327.3.peg.3440.site.7, 5, 134, 139
1339327.3.peg.3440.site.8, 0, 134, 134
1339327.3.peg.3440.site.9, 1, 133, 134
1339327.3.peg.3440.site.10, 12, 134, 146
1339327.3.peg.3440.site.11, 5, 134, 139
1339327.3.peg.3440.site.12, 0, 136, 136
1339327.3.peg.3440.site.13, 4, 135, 139
1339327.3.peg.3440.site.14, 30, 134, 164
1339327.3.peg.3440.site.15, 3, 136, 139
1339327.3.peg.3440.site.16, 1, 134, 135
1339327.3.peg.3440.site.17, 2, 134, 136
1339327.3.peg.3440.site.18, 1, 135, 136
1339327.3.peg.3440.site.19, 1, 136, 137
1339327.3.peg.3446.site.1, 1, 121, 122
1339327.3.peg.3446.site.2, 3, 128, 131
1339327.3.peg.3446.site.3, 1, 111, 112
1339327.3.peg.3446.site.4, 5, 136, 141
1339327.3.peg.3446.site.5, 0, 136, 136
1339327.3.peg.3446.site.6, 2, 101, 103
1339327.3.peg.3446.site.7, 6, 94, 100
1339327.3.peg.3446.site.8, 6, 113, 119
1339327.3.peg.3446.site.9, 3, 111, 114
1339327.3.peg.3446.site.10, 6, 119, 125
1339327.3.peg.3446.site.11, 2, 120, 122
1339327.3.peg.3446.site.12, 7, 117, 124
1339327.3.peg.3446.site.13, 2, 123, 125
1339327.3.peg.3446.site.14, 3, 124, 127
1339327.3.peg.3446.site.15, 23, 116, 139
1339327.3.peg.3446.site.16, 3, 122, 125
1339327.3.peg.3446.site.17, 1, 129, 130
1339327.3.peg.3446.site.18, 2, 131, 133
1339327.3.peg.3446.site.19, 0, 132, 132
1339327.3.peg.3447.site.1, 3, 130, 133
1339327.3.peg.3447.site.2, 9, 132, 141
1339327.3.peg.3447.site.3, 4, 136, 140
1339327.3.peg.3447.site.4, 28, 132, 160
1339327.3.peg.3447.site.5, 4, 131, 135
1339327.3.peg.3447.site.6, 0, 125, 125
1339327.3.peg.3447.site.7, 3, 127, 130
1339327.3.peg.3447.site.8, 5, 132, 137
1339327.3.peg.3447.site.9, 6, 132, 138
1339327.3.peg.3447.site.10, 11, 133, 144
1339327.3.peg.3447.site.11, 15, 131, 146
1339327.3.peg.3447.site.12, 3, 127, 130
1339327.3.peg.3447.site.13, 1, 127, 128
1339327.3.peg.3447.site.14, 9, 133, 142
1339327.3.peg.3447.site.15, 1, 134, 135
1339327.3.peg.3444.site.1, 65, 105, 170
1339327.3.peg.3444.site.2, 64, 101, 165
1339327.3.peg.3444.site.3, 6, 84, 90
1339327.3.peg.3444.site.4, 3, 99, 102
1339327.3.peg.3444.site.5, 1, 102, 103
1339327.3.peg.3444.site.6, 2, 102, 104
1339327.3.peg.3444.site.7, 27, 100, 127
1339327.3.peg.3444.site.8, 2, 95, 97
1339327.3.peg.3444.site.9, 2, 102, 104
1339327.3.peg.3444.site.10, 98, 123, 221
1339327.3.peg.3444.site.11, 61, 125, 186
1339327.3.peg.3444.site.12, 1, 131, 132
1339327.3.peg.3444.site.13, 79, 136, 215
1339327.3.peg.3444.site.14, 126, 134, 260
1339327.3.peg.3444.site.15, 39, 130, 169
1339327.3.peg.3444.site.16, 3, 125, 128
1339327.3.peg.3444.site.17, 19, 127, 146
1339327.3.peg.3444.site.18, 16, 134, 150
1339327.3.peg.3444.site.19, 1, 132, 133
1339327.3.peg.3444.site.20, 2, 134, 136
1339327.3.peg.3445.site.1, 3, 136, 139
1339327.3.peg.3445.site.2, 1, 136, 137
1339327.3.peg.3445.site.3, 72, 134, 206
1339327.3.peg.3445.site.4, 0, 129, 129
1339327.3.peg.3445.site.5, 0, 133, 133
1339327.3.peg.3445.site.6, 15, 130, 145
1339327.3.peg.3445.site.7, 5, 123, 128
1339327.3.peg.3445.site.8, 12, 119, 131
1339327.3.peg.3445.site.9, 38, 130, 168
1339327.3.peg.3445.site.10, 1, 135, 136
1339327.3.peg.3445.site.11, 67, 136, 203
1339327.3.peg.3445.site.12, 4, 134, 138
1339327.3.peg.3445.site.13, 0, 135, 135
1339327.3.peg.3445.site.14, 5, 133, 138
1339327.3.peg.3445.site.15, 2, 134, 136
1339327.3.peg.3445.site.16, 5, 134, 139
1339327.3.peg.3445.site.17, 1, 131, 132
1339327.3.peg.3445.site.18, 1, 132, 133
1339327.3.peg.3445.site.19, 6, 132, 138
1339327.3.peg.3445.site.20, 8, 133, 141
1339327.3.peg.3445.site.21, 13, 135, 148
1339327.3.peg.3445.site.22, 1, 137, 138
1339327.3.peg.3445.site.23, 3, 116, 119
1339327.3.peg.3445.site.24, 3, 57, 60
1339327.3.peg.3445.site.25, 16, 58, 74
1339327.3.peg.3445.site.26, 56, 119, 175
1339327.3.peg.3445.site.27, 2, 137, 139
1339327.3.peg.3445.site.28, 1, 137, 138
1339327.3.peg.3445.site.29, 0, 134, 134
1339327.3.peg.3445.site.30, 0, 128, 128
1339327.3.peg.3445.site.31, 6, 71, 77
1339327.3.peg.3445.site.32, 3, 69, 72
1339327.3.peg.3445.site.33, 4, 125, 129
1339327.3.peg.3445.site.34, 0, 130, 130
1339327.3.peg.3445.site.35, 0, 131, 131
1339327.3.peg.3288.site.1, 2, 136, 138
1339327.3.peg.3288.site.2, 3, 136, 139
1339327.3.peg.3289.site.1, 6, 136, 142
1339327.3.peg.3289.site.2, 6, 136, 142
1339327.3.peg.3289.site.3, 2, 136, 138
1339327.3.peg.3289.site.4, 0, 136, 136
1339327.3.peg.3289.site.5, 99, 136, 235
1339327.3.peg.3289.site.6, 0, 134, 134
1339327.3.peg.3289.site.7, 4, 136, 140
1339327.3.peg.3289.site.8, 6, 135, 141
1339327.3.peg.3289.site.9, 11, 134, 145
1339327.3.peg.3289.site.10, 2, 127, 129
1339327.3.peg.3289.site.11, 30, 133, 163
1339327.3.peg.3289.site.12, 0, 135, 135
1339327.3.peg.3289.site.13, 0, 136, 136
1339327.3.peg.3289.site.14, 1, 135, 136
1339327.3.peg.3289.site.15, 19, 137, 156
1339327.3.peg.3289.site.16, 0, 137, 137
1339327.3.peg.3289.site.17, 13, 137, 150
1339327.3.peg.3289.site.18, 4, 137, 141
1339327.3.peg.3289.site.19, 1, 137, 138
1339327.3.peg.3289.site.20, 83, 135, 218
1339327.3.peg.3289.site.21, 8, 136, 144
1339327.3.peg.3289.site.22, 10, 137, 147
1339327.3.peg.3289.site.23, 0, 135, 135
1339327.3.peg.3289.site.24, 2, 135, 137
1339327.3.peg.3289.site.25, 10, 135, 145
1339327.3.peg.3289.site.26, 32, 122, 154
1339327.3.peg.3289.site.27, 12, 137, 149
1339327.3.peg.3289.site.28, 10, 136, 146
1339327.3.peg.3289.site.29, 0, 134, 134
1339327.3.peg.3289.site.30, 3, 135, 138
1339327.3.peg.3289.site.31, 69, 134, 203
1339327.3.peg.3289.site.32, 126, 134, 260
1339327.3.peg.3289.site.33, 52, 136, 188
1339327.3.peg.3289.site.34, 1, 135, 136
1339327.3.peg.3280.site.1, 10, 136, 146
1339327.3.peg.3280.site.2, 5, 136, 141
1339327.3.peg.3280.site.3, 17, 137, 154
1339327.3.peg.3280.site.4, 2, 135, 137
1339327.3.peg.3280.site.5, 4, 133, 137
1339327.3.peg.3280.site.6, 3, 132, 135
1339327.3.peg.3280.site.7, 2, 135, 137
1339327.3.peg.3280.site.8, 131, 137, 268
1339327.3.peg.3280.site.9, 1, 136, 137
1339327.3.peg.3280.site.10, 62, 136, 198
1339327.3.peg.3280.site.11, 3, 131, 134
1339327.3.peg.3280.site.12, 81, 128, 209
1339327.3.peg.3280.site.13, 10, 136, 146
1339327.3.peg.3281.site.1, 5, 134, 139
1339327.3.peg.3281.site.2, 60, 135, 195
1339327.3.peg.3281.site.3, 1, 136, 137
1339327.3.peg.3281.site.4, 25, 134, 159
1339327.3.peg.3528.site.1, 0, 136, 136
1339327.3.peg.3528.site.2, 1, 135, 136
1339327.3.peg.3528.site.3, 1, 133, 134
1339327.3.peg.3283.site.1, 126, 135, 261
1339327.3.peg.3283.site.2, 3, 135, 138
1339327.3.peg.3283.site.3, 2, 133, 135
1339327.3.peg.3283.site.4, 0, 137, 137
1339327.3.peg.3284.site.1, 2, 132, 134
1339327.3.peg.3284.site.2, 10, 134, 144
1339327.3.peg.3284.site.3, 14, 136, 150
1339327.3.peg.3284.site.4, 3, 134, 137
1339327.3.peg.3284.site.5, 2, 137, 139
1339327.3.peg.3284.site.6, 0, 137, 137
1339327.3.peg.3284.site.7, 3, 130, 133
1339327.3.peg.3284.site.8, 0, 136, 136
1339327.3.peg.3284.site.9, 1, 137, 138
1339327.3.peg.3284.site.10, 79, 136, 215
1339327.3.peg.3284.site.11, 27, 135, 162
1339327.3.peg.3284.site.12, 6, 136, 142
1339327.3.peg.3284.site.13, 3, 137, 140
1339327.3.peg.3284.site.14, 39, 134, 173
1339327.3.peg.3284.site.15, 1, 133, 134
1339327.3.peg.3284.site.16, 23, 131, 154
1339327.3.peg.3284.site.17, 6, 134, 140
1339327.3.peg.3284.site.18, 31, 133, 164
1339327.3.peg.3284.site.19, 1, 136, 137
1339327.3.peg.3284.site.20, 0, 135, 135
1339327.3.peg.3284.site.21, 16, 137, 153
1339327.3.peg.3284.site.22, 1, 137, 138
1339327.3.peg.3284.site.23, 11, 137, 148
1339327.3.peg.3284.site.24, 5, 136, 141
1339327.3.peg.3284.site.25, 5, 137, 142
1339327.3.peg.3284.site.26, 3, 136, 139
1339327.3.peg.3284.site.27, 6, 136, 142
1339327.3.peg.3284.site.28, 12, 136, 148
1339327.3.peg.3284.site.29, 1, 136, 137
1339327.3.peg.3284.site.30, 9, 137, 146
1339327.3.peg.3284.site.31, 0, 136, 136
1339327.3.peg.3284.site.32, 9, 136, 145
1339327.3.peg.3284.site.33, 2, 136, 138
1339327.3.peg.3284.site.34, 2, 134, 136
1339327.3.peg.3284.site.35, 5, 136, 141
1339327.3.peg.3284.site.36, 3, 137, 140
1339327.3.peg.3284.site.37, 73, 137, 210
1339327.3.peg.3284.site.38, 1, 137, 138
1339327.3.peg.3284.site.39, 3, 137, 140
1339327.3.peg.3284.site.40, 0, 137, 137
1339327.3.peg.3285.site.1, 12, 137, 149
1339327.3.peg.3285.site.2, 2, 136, 138
1339327.3.peg.3285.site.3, 38, 135, 173
1339327.3.peg.3285.site.4, 2, 135, 137
1339327.3.peg.3285.site.5, 0, 135, 135
1339327.3.peg.3285.site.6, 3, 134, 137
1339327.3.peg.3285.site.7, 1, 137, 138
1339327.3.peg.3285.site.8, 2, 137, 139
1339327.3.peg.3285.site.9, 5, 137, 142
1339327.3.peg.3285.site.10, 39, 136, 175
1339327.3.peg.3285.site.11, 2, 136, 138
1339327.3.peg.3285.site.12, 2, 134, 136
1339327.3.peg.3285.site.13, 6, 134, 140
1339327.3.peg.3285.site.14, 3, 134, 137
1339327.3.peg.3285.site.15, 1, 132, 133
1339327.3.peg.3285.site.16, 5, 129, 134
1339327.3.peg.3285.site.17, 2, 136, 138
1339327.3.peg.3285.site.18, 47, 135, 182
1339327.3.peg.3285.site.19, 3, 135, 138
1339327.3.peg.3285.site.20, 9, 133, 142
1339327.3.peg.3285.site.21, 1, 133, 134
1339327.3.peg.3285.site.22, 3, 136, 139
1339327.3.peg.3285.site.23, 23, 135, 158
1339327.3.peg.3285.site.24, 4, 137, 141
1339327.3.peg.3285.site.25, 3, 132, 135
1339327.3.peg.3285.site.26, 7, 135, 142
1339327.3.peg.3285.site.27, 4, 136, 140
1339327.3.peg.3285.site.28, 1, 124, 125
1339327.3.peg.3285.site.29, 11, 123, 134
1339327.3.peg.3285.site.30, 1, 136, 137
1339327.3.peg.3285.site.31, 29, 136, 165
1339327.3.peg.3285.site.32, 0, 136, 136
1339327.3.peg.3285.site.33, 4, 135, 139
1339327.3.peg.3285.site.34, 116, 134, 250
1339327.3.peg.3285.site.35, 2, 135, 137
1339327.3.peg.3285.site.36, 1, 137, 138
1339327.3.peg.3285.site.37, 2, 135, 137
1339327.3.peg.3285.site.38, 42, 135, 177
1339327.3.peg.3285.site.39, 0, 133, 133
1339327.3.peg.3285.site.40, 5, 134, 139
1339327.3.peg.3285.site.41, 27, 131, 158
1339327.3.peg.3285.site.42, 7, 137, 144
1339327.3.peg.3285.site.43, 8, 132, 140
1339327.3.peg.3285.site.44, 4, 134, 138
1339327.3.peg.3285.site.45, 19, 129, 148
1339327.3.peg.3285.site.46, 2, 127, 129
1339327.3.peg.3285.site.47, 15, 123, 138
1339327.3.peg.3285.site.48, 1, 136, 137
1339327.3.peg.3285.site.49, 2, 134, 136
1339327.3.peg.3285.site.50, 0, 135, 135
1339327.3.peg.3285.site.51, 21, 137, 158
1339327.3.peg.3285.site.52, 0, 137, 137
1339327.3.peg.3285.site.53, 0, 137, 137
1339327.3.peg.3285.site.54, 25, 137, 162
1339327.3.peg.3285.site.55, 21, 135, 156
1339327.3.peg.3285.site.56, 45, 133, 178
1339327.3.peg.3285.site.57, 3, 133, 136
1339327.3.peg.3285.site.58, 1, 135, 136
1339327.3.peg.3285.site.59, 0, 134, 134
1339327.3.peg.3285.site.60, 125, 131, 256
1339327.3.peg.3285.site.61, 2, 133, 135
1339327.3.peg.3285.site.62, 5, 133, 138
1339327.3.peg.3285.site.63, 1, 136, 137
1339327.3.peg.3285.site.64, 2, 135, 137
1339327.3.peg.3285.site.65, 6, 134, 140
1339327.3.peg.3285.site.66, 130, 136, 266
1339327.3.peg.3285.site.67, 10, 135, 145
1339327.3.peg.3285.site.68, 19, 135, 154
1339327.3.peg.3285.site.69, 12, 137, 149
1339327.3.peg.3286.site.1, 57, 137, 194
1339327.3.peg.3286.site.2, 5, 136, 141
1339327.3.peg.3286.site.3, 1, 136, 137
1339327.3.peg.3286.site.4, 29, 135, 164
1339327.3.peg.3286.site.5, 2, 136, 138
1339327.3.peg.3286.site.6, 4, 136, 140
1339327.3.peg.3286.site.7, 19, 131, 150
1339327.3.peg.3286.site.8, 2, 136, 138
1339327.3.peg.3286.site.9, 2, 136, 138
1339327.3.peg.3286.site.10, 85, 137, 222
1339327.3.peg.3286.site.11, 0, 137, 137
1339327.3.peg.3286.site.12, 5, 137, 142
1339327.3.peg.3286.site.13, 2, 133, 135
1339327.3.peg.3286.site.14, 2, 134, 136
1339327.3.peg.3287.site.1, 3, 135, 138
1339327.3.peg.3287.site.2, 36, 133, 169
1339327.3.peg.3287.site.3, 0, 134, 134
1339327.3.peg.3287.site.4, 3, 127, 130
1339327.3.peg.3287.site.5, 2, 135, 137
1339327.3.peg.3287.site.6, 1, 135, 136
1339327.3.peg.3287.site.7, 0, 135, 135
1339327.3.peg.3846.site.1, 3, 136, 139
1339327.3.peg.3846.site.2, 14, 135, 149
1339327.3.peg.3846.site.3, 31, 136, 167
1339327.3.peg.3846.site.4, 121, 133, 254
1339327.3.peg.3846.site.5, 48, 134, 182
1339327.3.peg.3846.site.6, 2, 134, 136
1339327.3.peg.3846.site.7, 33, 133, 166
1339327.3.peg.3846.site.8, 40, 134, 174
1339327.3.peg.3846.site.9, 12, 135, 147
1339327.3.peg.3847.site.1, 0, 135, 135
1339327.3.peg.3847.site.2, 1, 135, 136
1339327.3.peg.3847.site.3, 52, 135, 187
1339327.3.peg.3847.site.4, 59, 133, 192
1339327.3.peg.3847.site.5, 0, 130, 130
1339327.3.peg.3847.site.6, 4, 131, 135
1339327.3.peg.3847.site.7, 0, 128, 128
1339327.3.peg.3847.site.8, 50, 126, 176
1339327.3.peg.3844.site.1, 13, 136, 149
1339327.3.peg.3844.site.2, 3, 130, 133
1339327.3.peg.3844.site.3, 14, 132, 146
1339327.3.peg.3845.site.1, 3, 134, 137
1339327.3.peg.3845.site.2, 1, 135, 136
1339327.3.peg.3845.site.3, 55, 135, 190
1339327.3.peg.3845.site.4, 3, 133, 136
1339327.3.peg.3845.site.5, 59, 135, 194
1339327.3.peg.3845.site.6, 3, 119, 122
1339327.3.peg.3845.site.7, 0, 119, 119
1339327.3.peg.3845.site.8, 2, 133, 135
1339327.3.peg.3845.site.9, 3, 136, 139
1339327.3.peg.3845.site.10, 33, 137, 170
1339327.3.peg.3845.site.11, 66, 136, 202
1339327.3.peg.3845.site.12, 2, 137, 139
1339327.3.peg.3845.site.13, 2, 137, 139
1339327.3.peg.3845.site.14, 0, 136, 136
1339327.3.peg.3845.site.15, 41, 135, 176
1339327.3.peg.3845.site.16, 12, 137, 149
1339327.3.peg.3845.site.17, 1, 137, 138
1339327.3.peg.3845.site.18, 2, 136, 138
1339327.3.peg.3845.site.19, 9, 134, 143
1339327.3.peg.3845.site.20, 18, 136, 154
1339327.3.peg.3845.site.21, 0, 136, 136
1339327.3.peg.3845.site.22, 5, 137, 142
1339327.3.peg.3842.site.1, 18, 134, 152
1339327.3.peg.3842.site.2, 64, 136, 200
1339327.3.peg.3842.site.3, 3, 137, 140
1339327.3.peg.3843.site.1, 2, 137, 139
1339327.3.peg.3843.site.2, 6, 135, 141
1339327.3.peg.3843.site.3, 119, 135, 254
1339327.3.peg.3843.site.4, 0, 137, 137
1339327.3.peg.3843.site.5, 3, 137, 140
1339327.3.peg.3841.site.1, 3, 137, 140
1339327.3.peg.3841.site.2, 1, 136, 137
1339327.3.peg.3841.site.3, 5, 137, 142
1339327.3.peg.3841.site.4, 2, 135, 137
1339327.3.peg.3841.site.5, 0, 137, 137
1339327.3.peg.3841.site.6, 7, 136, 143
1339327.3.peg.3841.site.7, 3, 136, 139
1339327.3.peg.3848.site.1, 6, 130, 136
1339327.3.peg.3848.site.2, 0, 134, 134
1339327.3.peg.3848.site.3, 6, 137, 143
1339327.3.peg.3848.site.4, 5, 136, 141
1339327.3.peg.3848.site.5, 5, 136, 141
1339327.3.peg.3848.site.6, 12, 136, 148
1339327.3.peg.3849.site.1, 7, 137, 144
1339327.3.peg.3849.site.2, 33, 133, 166
1339327.3.peg.3849.site.3, 7, 137, 144
1339327.3.peg.3849.site.4, 103, 136, 239
1339327.3.peg.3849.site.5, 101, 136, 237
1339327.3.peg.3849.site.6, 0, 136, 136
1339327.3.peg.3849.site.7, 3, 137, 140
1339327.3.peg.3849.site.8, 3, 134, 137
1339327.3.peg.3849.site.9, 9, 134, 143
1339327.3.peg.3849.site.10, 117, 134, 251
1339327.3.peg.3849.site.11, 4, 137, 141
1339327.3.peg.3849.site.12, 8, 137, 145
1339327.3.peg.3849.site.13, 20, 137, 157
1339327.3.peg.1624.site.1, 3, 135, 138
1339327.3.peg.1624.site.2, 2, 132, 134
1339327.3.peg.1624.site.3, 9, 133, 142
1339327.3.peg.1624.site.4, 3, 134, 137
1339327.3.peg.1624.site.5, 6, 136, 142
1339327.3.peg.1624.site.6, 9, 135, 144
1339327.3.peg.1624.site.7, 74, 136, 210
1339327.3.peg.1624.site.8, 12, 136, 148
1339327.3.peg.1624.site.9, 0, 137, 137
1339327.3.peg.1624.site.10, 48, 137, 185
1339327.3.peg.1624.site.11, 2, 136, 138
1339327.3.peg.1624.site.12, 38, 136, 174
1339327.3.peg.1624.site.13, 8, 136, 144
1339327.3.peg.1624.site.14, 25, 137, 162
1339327.3.peg.1624.site.15, 2, 137, 139
1339327.3.peg.1624.site.16, 2, 137, 139
1339327.3.peg.1624.site.17, 16, 136, 152
1339327.3.peg.1624.site.18, 14, 136, 150
1339327.3.peg.1624.site.19, 10, 137, 147
1339327.3.peg.1624.site.20, 2, 137, 139
1339327.3.peg.1624.site.21, 14, 136, 150
1339327.3.peg.1624.site.22, 0, 137, 137
1339327.3.peg.1624.site.23, 18, 137, 155
1339327.3.peg.1624.site.24, 8, 135, 143
1339327.3.peg.1625.site.1, 7, 133, 140
1339327.3.peg.1625.site.2, 1, 137, 138
1339327.3.peg.1625.site.3, 2, 136, 138
1339327.3.peg.1625.site.4, 0, 136, 136
1339327.3.peg.1625.site.5, 2, 136, 138
1339327.3.peg.1625.site.6, 1, 137, 138
1339327.3.peg.1625.site.7, 1, 137, 138
1339327.3.peg.1626.site.1, 0, 136, 136
1339327.3.peg.1626.site.2, 4, 136, 140
1339327.3.peg.1627.site.1, 4, 126, 130
1339327.3.peg.1627.site.2, 7, 136, 143
1339327.3.peg.1627.site.3, 13, 137, 150
1339327.3.peg.1627.site.4, 0, 137, 137
1339327.3.peg.1627.site.5, 1, 137, 138
1339327.3.peg.1627.site.6, 2, 137, 139
1339327.3.peg.1627.site.7, 3, 136, 139
1339327.3.peg.1627.site.8, 6, 137, 143
1339327.3.peg.1627.site.9, 3, 137, 140
1339327.3.peg.1627.site.10, 3, 137, 140
1339327.3.peg.2139.site.1, 12, 136, 148
1339327.3.peg.2139.site.2, 15, 130, 145
1339327.3.peg.2139.site.3, 3, 136, 139
1339327.3.peg.2139.site.4, 11, 136, 147
1339327.3.peg.2139.site.5, 0, 135, 135
1339327.3.peg.2139.site.6, 61, 136, 197
1339327.3.peg.2139.site.7, 2, 137, 139
1339327.3.peg.2139.site.8, 93, 133, 226
1339327.3.peg.2139.site.9, 3, 136, 139
1339327.3.peg.2139.site.10, 60, 134, 194
1339327.3.peg.2139.site.11, 3, 136, 139
1339327.3.peg.2139.site.12, 86, 135, 221
1339327.3.peg.2139.site.13, 127, 135, 262
1339327.3.peg.2139.site.14, 1, 136, 137
1339327.3.peg.2139.site.15, 37, 135, 172
1339327.3.peg.2139.site.16, 24, 136, 160
1339327.3.peg.2139.site.17, 13, 136, 149
1339327.3.peg.2139.site.18, 103, 136, 239
1339327.3.peg.2139.site.19, 3, 136, 139
1339327.3.peg.2139.site.20, 0, 137, 137
1339327.3.peg.2139.site.21, 33, 134, 167
1339327.3.peg.2138.site.1, 0, 135, 135
1339327.3.peg.2138.site.2, 3, 133, 136
1339327.3.peg.2138.site.3, 0, 134, 134
1339327.3.peg.2138.site.4, 2, 136, 138
1339327.3.peg.2138.site.5, 0, 135, 135
1339327.3.peg.2138.site.6, 3, 136, 139
1339327.3.peg.2138.site.7, 2, 136, 138
1339327.3.peg.2138.site.8, 0, 133, 133
1339327.3.peg.2138.site.9, 5, 133, 138
1339327.3.peg.2138.site.10, 3, 135, 138
1339327.3.peg.2138.site.11, 2, 135, 137
1339327.3.peg.2138.site.12, 1, 133, 134
1339327.3.peg.2138.site.13, 2, 133, 135
1339327.3.peg.1623.site.1, 2, 136, 138
1339327.3.peg.1623.site.2, 4, 136, 140
1339327.3.peg.1623.site.3, 3, 135, 138
1339327.3.peg.1623.site.4, 1, 137, 138
1339327.3.peg.1623.site.5, 1, 137, 138
1339327.3.peg.1623.site.6, 24, 135, 159
1339327.3.peg.1623.site.7, 29, 135, 164
1339327.3.peg.1623.site.8, 31, 134, 165
1339327.3.peg.1623.site.9, 34, 135, 169
1339327.3.peg.1623.site.10, 12, 136, 148
1339327.3.peg.1623.site.11, 1, 136, 137
1339327.3.peg.1623.site.12, 2, 136, 138
1339327.3.peg.1623.site.13, 34, 137, 171
1339327.3.peg.1623.site.14, 0, 136, 136
1339327.3.peg.1623.site.15, 118, 137, 255
1339327.3.peg.1623.site.16, 53, 137, 190
1339327.3.peg.1623.site.17, 19, 137, 156
1339327.3.peg.1623.site.18, 18, 137, 155
1339327.3.peg.1623.site.19, 61, 135, 196
1339327.3.peg.1623.site.20, 13, 135, 148
1339327.3.peg.1623.site.21, 130, 136, 266
1339327.3.peg.1623.site.22, 3, 136, 139
1339327.3.peg.1623.site.23, 19, 136, 155
1339327.3.peg.1623.site.24, 1, 136, 137
1339327.3.peg.2135.site.1, 2, 137, 139
1339327.3.peg.2135.site.2, 7, 137, 144
1339327.3.peg.2135.site.3, 12, 137, 149
1339327.3.peg.2135.site.4, 5, 135, 140
1339327.3.peg.2135.site.5, 21, 137, 158
1339327.3.peg.2135.site.6, 0, 133, 133
1339327.3.peg.2135.site.7, 1, 133, 134
1339327.3.peg.2135.site.8, 20, 133, 153
1339327.3.peg.2135.site.9, 12, 136, 148
1339327.3.peg.2135.site.10, 14, 137, 151
1339327.3.peg.2135.site.11, 0, 136, 136
1339327.3.peg.2135.site.12, 0, 135, 135
1339327.3.peg.2135.site.13, 3, 137, 140
1339327.3.peg.2135.site.14, 22, 137, 159
1339327.3.peg.2135.site.15, 2, 137, 139
1339327.3.peg.2135.site.16, 2, 136, 138
1339327.3.peg.2135.site.17, 72, 137, 209
1339327.3.peg.2135.site.18, 0, 135, 135
1339327.3.peg.2135.site.19, 1, 134, 135
1339327.3.peg.2134.site.1, 18, 136, 154
1339327.3.peg.2134.site.2, 39, 134, 173
1339327.3.peg.2134.site.3, 0, 136, 136
1339327.3.peg.2134.site.4, 28, 136, 164
1339327.3.peg.2134.site.5, 8, 136, 144
1339327.3.peg.2134.site.6, 0, 133, 133
1339327.3.peg.2134.site.7, 17, 133, 150
1339327.3.peg.2134.site.8, 5, 133, 138
1339327.3.peg.2134.site.9, 14, 132, 146
1339327.3.peg.2134.site.10, 8, 126, 134
1339327.3.peg.2134.site.11, 8, 134, 142
1339327.3.peg.2134.site.12, 48, 132, 180
1339327.3.peg.2134.site.13, 0, 132, 132
1339327.3.peg.2134.site.14, 3, 132, 135
1339327.3.peg.2134.site.15, 23, 127, 150
1339327.3.peg.2134.site.16, 0, 134, 134
1339327.3.peg.2137.site.1, 3, 128, 131
1339327.3.peg.2137.site.2, 3, 128, 131
1339327.3.peg.2137.site.3, 1, 135, 136
1339327.3.peg.2137.site.4, 10, 135, 145
1339327.3.peg.2137.site.5, 21, 135, 156
1339327.3.peg.2137.site.6, 56, 133, 189
1339327.3.peg.2137.site.7, 2, 136, 138
1339327.3.peg.2137.site.8, 3, 134, 137
1339327.3.peg.2137.site.9, 0, 133, 133
1339327.3.peg.2137.site.10, 6, 133, 139
1339327.3.peg.2137.site.11, 2, 134, 136
1339327.3.peg.2137.site.12, 3, 135, 138
1339327.3.peg.2136.site.1, 4, 136, 140
1339327.3.peg.2136.site.2, 3, 137, 140
1339327.3.peg.2136.site.3, 56, 137, 193
1339327.3.peg.2136.site.4, 130, 136, 266
1339327.3.peg.2136.site.5, 3, 137, 140
1339327.3.peg.2136.site.6, 41, 136, 177
1339327.3.peg.2136.site.7, 7, 136, 143
1339327.3.peg.2136.site.8, 7, 137, 144
1339327.3.peg.2136.site.9, 3, 135, 138
1339327.3.peg.2136.site.10, 5, 137, 142
1339327.3.peg.2136.site.11, 7, 136, 143
1339327.3.peg.2136.site.12, 1, 137, 138
1339327.3.peg.2136.site.13, 5, 137, 142
1339327.3.peg.2136.site.14, 0, 136, 136
1339327.3.peg.2136.site.15, 2, 136, 138
1339327.3.peg.2136.site.16, 4, 134, 138
1339327.3.peg.2136.site.17, 58, 137, 195
1339327.3.peg.2136.site.18, 2, 137, 139
1339327.3.peg.2136.site.19, 0, 136, 136
1339327.3.peg.2136.site.20, 2, 136, 138
1339327.3.peg.2136.site.21, 19, 136, 155
1339327.3.peg.2136.site.22, 1, 133, 134
1339327.3.peg.2136.site.23, 1, 134, 135
1339327.3.peg.2136.site.24, 3, 135, 138
1339327.3.peg.2131.site.1, 1, 134, 135
1339327.3.peg.2131.site.2, 5, 136, 141
1339327.3.peg.2131.site.3, 24, 136, 160
1339327.3.peg.2131.site.4, 8, 136, 144
1339327.3.peg.2131.site.5, 10, 136, 146
1339327.3.peg.2131.site.6, 1, 135, 136
1339327.3.peg.2131.site.7, 25, 136, 161
1339327.3.peg.2131.site.8, 16, 134, 150
1339327.3.peg.2131.site.9, 50, 136, 186
1339327.3.peg.2131.site.10, 19, 136, 155
1339327.3.peg.2131.site.11, 0, 137, 137
1339327.3.peg.1629.site.1, 4, 134, 138
1339327.3.peg.1629.site.2, 120, 137, 257
1339327.3.peg.1629.site.3, 0, 136, 136
1339327.3.peg.1629.site.4, 3, 137, 140
1339327.3.peg.1629.site.5, 2, 137, 139
1339327.3.peg.1629.site.6, 13, 137, 150
1339327.3.peg.1629.site.7, 2, 137, 139
1339327.3.peg.1629.site.8, 23, 137, 160
1339327.3.peg.1629.site.9, 1, 136, 137
1339327.3.peg.1629.site.10, 56, 135, 191
1339327.3.peg.1629.site.11, 0, 136, 136
1339327.3.peg.1629.site.12, 3, 137, 140
1339327.3.peg.1629.site.13, 17, 137, 154
1339327.3.peg.1629.site.14, 1, 137, 138
1339327.3.peg.1629.site.15, 1, 135, 136
1339327.3.peg.1629.site.16, 23, 134, 157
1339327.3.peg.1629.site.17, 14, 134, 148
1339327.3.peg.1629.site.18, 0, 135, 135
1339327.3.peg.2133.site.1, 2, 136, 138
1339327.3.peg.2133.site.2, 2, 136, 138
1339327.3.peg.2133.site.3, 3, 137, 140
1339327.3.peg.2133.site.4, 22, 137, 159
1339327.3.peg.2133.site.5, 2, 137, 139
1339327.3.peg.2133.site.6, 13, 136, 149
1339327.3.peg.2133.site.7, 0, 135, 135
1339327.3.peg.2133.site.8, 39, 135, 174
1339327.3.peg.2133.site.9, 9, 136, 145
1339327.3.peg.2133.site.10, 6, 135, 141
1339327.3.peg.2133.site.11, 5, 136, 141
1339327.3.peg.2133.site.12, 6, 135, 141
1339327.3.peg.2133.site.13, 0, 134, 134
1339327.3.peg.2133.site.14, 64, 137, 201
1339327.3.peg.2133.site.15, 12, 137, 149
1339327.3.peg.2133.site.16, 3, 136, 139
1339327.3.peg.2133.site.17, 1, 137, 138
1339327.3.peg.2133.site.18, 8, 136, 144
1339327.3.peg.2133.site.19, 0, 132, 132
1339327.3.peg.2133.site.20, 0, 134, 134
1339327.3.peg.2133.site.21, 2, 136, 138
1339327.3.peg.2132.site.1, 2, 134, 136
1339327.3.peg.2132.site.2, 1, 136, 137
1339327.3.peg.2132.site.3, 106, 137, 243
1339327.3.peg.2132.site.4, 0, 134, 134
1339327.3.peg.2132.site.5, 1, 136, 137
1339327.3.peg.2132.site.6, 1, 136, 137
1339327.3.peg.2132.site.7, 3, 137, 140
1339327.3.peg.2132.site.8, 62, 136, 198
1339327.3.peg.2132.site.9, 16, 135, 151
1339327.3.peg.3198.site.1, 2, 135, 137
1339327.3.peg.3198.site.2, 49, 135, 184
1339327.3.peg.3198.site.3, 2, 136, 138
1339327.3.peg.3198.site.4, 4, 137, 141
1339327.3.peg.3198.site.5, 5, 132, 137
1339327.3.peg.3198.site.6, 47, 135, 182
1339327.3.peg.3198.site.7, 79, 136, 215
1339327.3.peg.3198.site.8, 14, 136, 150
1339327.3.peg.3198.site.9, 37, 137, 174
1339327.3.peg.3198.site.10, 10, 136, 146
1339327.3.peg.3199.site.1, 0, 135, 135
1339327.3.peg.3199.site.2, 2, 136, 138
1339327.3.peg.3199.site.3, 3, 133, 136
1339327.3.peg.3199.site.4, 0, 135, 135
1339327.3.peg.3199.site.5, 0, 136, 136
1339327.3.peg.3199.site.6, 2, 135, 137
1339327.3.peg.3199.site.7, 1, 136, 137
1339327.3.peg.3199.site.8, 39, 137, 176
1339327.3.peg.3199.site.9, 1, 135, 136
1339327.3.peg.3199.site.10, 74, 136, 210
1339327.3.peg.3199.site.11, 3, 137, 140
1339327.3.peg.3199.site.12, 2, 134, 136
1339327.3.peg.3199.site.13, 6, 134, 140
1339327.3.peg.3199.site.14, 2, 137, 139
1339327.3.peg.3199.site.15, 19, 137, 156
1339327.3.peg.3199.site.16, 1, 133, 134
1339327.3.peg.3668.site.1, 4, 136, 140
1339327.3.peg.3668.site.2, 1, 136, 137
1339327.3.peg.3668.site.3, 3, 135, 138
1339327.3.peg.3668.site.4, 8, 137, 145
1339327.3.peg.3668.site.5, 87, 136, 223
1339327.3.peg.3668.site.6, 3, 134, 137
1339327.3.peg.3668.site.7, 0, 134, 134
1339327.3.peg.3668.site.8, 3, 136, 139
1339327.3.peg.3668.site.9, 4, 137, 141
1339327.3.peg.3668.site.10, 5, 136, 141
1339327.3.peg.3668.site.11, 3, 137, 140
1339327.3.peg.3668.site.12, 88, 136, 224
1339327.3.peg.3668.site.13, 11, 134, 145
1339327.3.peg.3668.site.14, 7, 135, 142
1339327.3.peg.3668.site.15, 1, 135, 136
1339327.3.peg.3668.site.16, 2, 135, 137
1339327.3.peg.3668.site.17, 81, 136, 217
1339327.3.peg.3668.site.18, 2, 134, 136
1339327.3.peg.3668.site.19, 1, 136, 137
1339327.3.peg.3669.site.1, 3, 134, 137
1339327.3.peg.3669.site.2, 0, 130, 130
1339327.3.peg.3669.site.3, 0, 134, 134
1339327.3.peg.3669.site.4, 12, 135, 147
1339327.3.peg.3669.site.5, 0, 135, 135
1339327.3.peg.3669.site.6, 0, 133, 133
1339327.3.peg.3669.site.7, 3, 132, 135
1339327.3.peg.3669.site.8, 5, 135, 140
1339327.3.peg.3669.site.9, 2, 134, 136
1339327.3.peg.3669.site.10, 9, 135, 144
1339327.3.peg.3669.site.11, 13, 135, 148
1339327.3.peg.3669.site.12, 9, 135, 144
1339327.3.peg.3669.site.13, 42, 134, 176
1339327.3.peg.3669.site.14, 112, 135, 247
1339327.3.peg.3669.site.15, 3, 136, 139
1339327.3.peg.3669.site.16, 2, 136, 138
1339327.3.peg.3194.site.1, 5, 133, 138
1339327.3.peg.3194.site.2, 0, 130, 130
1339327.3.peg.3194.site.3, 2, 134, 136
1339327.3.peg.3194.site.4, 18, 135, 153
1339327.3.peg.3194.site.5, 0, 136, 136
1339327.3.peg.3194.site.6, 3, 136, 139
1339327.3.peg.3194.site.7, 38, 136, 174
1339327.3.peg.3194.site.8, 3, 135, 138
1339327.3.peg.3194.site.9, 0, 135, 135
1339327.3.peg.3194.site.10, 1, 133, 134
1339327.3.peg.3194.site.11, 5, 123, 128
1339327.3.peg.3194.site.12, 5, 131, 136
1339327.3.peg.3194.site.13, 0, 134, 134
1339327.3.peg.3194.site.14, 0, 128, 128
1339327.3.peg.3195.site.1, 0, 134, 134
1339327.3.peg.3195.site.2, 42, 134, 176
1339327.3.peg.3196.site.1, 126, 132, 258
1339327.3.peg.3196.site.2, 37, 133, 170
1339327.3.peg.3197.site.1, 38, 135, 173
1339327.3.peg.3197.site.2, 3, 136, 139
1339327.3.peg.3197.site.3, 9, 135, 144
1339327.3.peg.3197.site.4, 2, 135, 137
1339327.3.peg.3197.site.5, 1, 134, 135
1339327.3.peg.3197.site.6, 0, 135, 135
1339327.3.peg.3197.site.7, 1, 137, 138
1339327.3.peg.3197.site.8, 0, 136, 136
1339327.3.peg.3197.site.9, 23, 136, 159
1339327.3.peg.3197.site.10, 0, 134, 134
1339327.3.peg.3197.site.11, 80, 131, 211
1339327.3.peg.3190.site.1, 2, 136, 138
1339327.3.peg.3190.site.2, 3, 137, 140
1339327.3.peg.3190.site.3, 2, 137, 139
1339327.3.peg.3190.site.4, 2, 137, 139
1339327.3.peg.3190.site.5, 2, 135, 137
1339327.3.peg.3190.site.6, 9, 137, 146
1339327.3.peg.3191.site.1, 35, 136, 171
1339327.3.peg.3191.site.2, 76, 135, 211
1339327.3.peg.3191.site.3, 2, 133, 135
1339327.3.peg.3191.site.4, 86, 137, 223
1339327.3.peg.3191.site.5, 123, 136, 259
1339327.3.peg.3191.site.6, 10, 136, 146
1339327.3.peg.3191.site.7, 31, 136, 167
1339327.3.peg.3191.site.8, 7, 136, 143
1339327.3.peg.3191.site.9, 12, 136, 148
1339327.3.peg.3191.site.10, 3, 136, 139
1339327.3.peg.3192.site.1, 8, 136, 144
1339327.3.peg.3192.site.2, 13, 135, 148
1339327.3.peg.3192.site.3, 22, 134, 156
1339327.3.peg.3192.site.4, 4, 133, 137
1339327.3.peg.3192.site.5, 0, 133, 133
1339327.3.peg.3192.site.6, 14, 135, 149
1339327.3.peg.3192.site.7, 50, 134, 184
1339327.3.peg.3192.site.8, 6, 133, 139
1339327.3.peg.3192.site.9, 0, 116, 116
1339327.3.peg.3192.site.10, 3, 131, 134
1339327.3.peg.3192.site.11, 127, 135, 262
1339327.3.peg.3192.site.12, 1, 136, 137
1339327.3.peg.3193.site.1, 6, 136, 142
1339327.3.peg.3193.site.2, 13, 134, 147
1339327.3.peg.3193.site.3, 3, 135, 138
1339327.3.peg.3193.site.4, 1, 136, 137
1339327.3.peg.3193.site.5, 46, 135, 181
1339327.3.peg.3193.site.6, 84, 135, 219
1339327.3.peg.3193.site.7, 130, 136, 266
1339327.3.peg.3193.site.8, 7, 137, 144
1339327.3.peg.3193.site.9, 15, 135, 150
1339327.3.peg.3193.site.10, 1, 132, 133
1339327.3.peg.3193.site.11, 1, 137, 138
1339327.3.peg.3193.site.12, 2, 131, 133
1339327.3.peg.3193.site.13, 0, 132, 132
1339327.3.peg.3193.site.14, 1, 131, 132
1339327.3.peg.3193.site.15, 128, 134, 262
1339327.3.peg.3193.site.16, 7, 136, 143
1339327.3.peg.3193.site.17, 2, 133, 135
1339327.3.peg.3193.site.18, 3, 133, 136
1339327.3.peg.4151.site.1, 1, 137, 138
1339327.3.peg.4151.site.2, 7, 137, 144
1339327.3.peg.4151.site.3, 0, 137, 137
1339327.3.peg.4151.site.4, 12, 137, 149
1339327.3.peg.4151.site.5, 3, 136, 139
1339327.3.peg.4151.site.6, 4, 135, 139
1339327.3.peg.4151.site.7, 13, 136, 149
1339327.3.peg.4151.site.8, 0, 135, 135
1339327.3.peg.4151.site.9, 83, 136, 219
1339327.3.peg.4151.site.10, 2, 137, 139
1339327.3.peg.4151.site.11, 3, 136, 139
1339327.3.peg.4151.site.12, 2, 129, 131
1339327.3.peg.4150.site.1, 0, 133, 133
1339327.3.peg.4150.site.2, 103, 133, 236
1339327.3.peg.4150.site.3, 3, 132, 135
1339327.3.peg.4150.site.4, 18, 134, 152
1339327.3.peg.4150.site.5, 9, 133, 142
1339327.3.peg.4150.site.6, 18, 132, 150
1339327.3.peg.4150.site.7, 9, 130, 139
1339327.3.peg.4150.site.8, 8, 128, 136
1339327.3.peg.4150.site.9, 4, 132, 136
1339327.3.peg.4150.site.10, 2, 133, 135
1339327.3.peg.4150.site.11, 3, 132, 135
1339327.3.peg.4150.site.12, 0, 134, 134
1339327.3.peg.4150.site.13, 2, 133, 135
1339327.3.peg.4150.site.14, 2, 134, 136
1339327.3.peg.4150.site.15, 2, 130, 132
1339327.3.peg.4153.site.1, 15, 127, 142
1339327.3.peg.2768.site.1, 9, 134, 143
1339327.3.peg.2768.site.2, 7, 134, 141
1339327.3.peg.2768.site.3, 2, 136, 138
1339327.3.peg.2768.site.4, 0, 137, 137
1339327.3.peg.2768.site.5, 13, 137, 150
1339327.3.peg.2768.site.6, 6, 135, 141
1339327.3.peg.2768.site.7, 0, 135, 135
1339327.3.peg.2768.site.8, 1, 134, 135
1339327.3.peg.2768.site.9, 3, 135, 138
1339327.3.peg.2768.site.10, 12, 136, 148
1339327.3.peg.2768.site.11, 3, 137, 140
1339327.3.peg.2768.site.12, 38, 137, 175
1339327.3.peg.4155.site.1, 1, 136, 137
1339327.3.peg.4155.site.2, 4, 136, 140
1339327.3.peg.4155.site.3, 0, 136, 136
1339327.3.peg.4155.site.4, 0, 136, 136
1339327.3.peg.4155.site.5, 0, 134, 134
1339327.3.peg.4155.site.6, 9, 136, 145
1339327.3.peg.4155.site.7, 0, 134, 134
1339327.3.peg.4155.site.8, 0, 133, 133
1339327.3.peg.4155.site.9, 1, 132, 133
1339327.3.peg.4155.site.10, 0, 131, 131
1339327.3.peg.4155.site.11, 0, 129, 129
1339327.3.peg.4155.site.12, 1, 137, 138
1339327.3.peg.4154.site.1, 0, 126, 126
1339327.3.peg.4154.site.2, 0, 128, 128
1339327.3.peg.4154.site.3, 2, 130, 132
1339327.3.peg.4154.site.4, 42, 130, 172
1339327.3.peg.2221.site.1, 0, 132, 132
1339327.3.peg.2221.site.2, 2, 135, 137
1339327.3.peg.2221.site.3, 4, 132, 136
1339327.3.peg.2221.site.4, 3, 134, 137
1339327.3.peg.2221.site.5, 28, 131, 159
1339327.3.peg.2221.site.6, 9, 133, 142
1339327.3.peg.2221.site.7, 76, 137, 213
1339327.3.peg.2221.site.8, 0, 137, 137
1339327.3.peg.2221.site.9, 1, 134, 135
1339327.3.peg.2221.site.10, 45, 134, 179
1339327.3.peg.2221.site.11, 97, 137, 234
1339327.3.peg.2221.site.12, 76, 137, 213
1339327.3.peg.2221.site.13, 119, 135, 254
1339327.3.peg.2221.site.14, 0, 136, 136
1339327.3.peg.2220.site.1, 0, 127, 127
1339327.3.peg.2220.site.2, 18, 135, 153
1339327.3.peg.2220.site.3, 4, 136, 140
1339327.3.peg.2220.site.4, 80, 136, 216
1339327.3.peg.2220.site.5, 17, 135, 152
1339327.3.peg.2220.site.6, 0, 135, 135
1339327.3.peg.2220.site.7, 0, 130, 130
1339327.3.peg.2223.site.1, 1, 130, 131
1339327.3.peg.2223.site.2, 35, 135, 170
1339327.3.peg.2223.site.3, 2, 135, 137
1339327.3.peg.2223.site.4, 34, 134, 168
1339327.3.peg.2223.site.5, 11, 135, 146
1339327.3.peg.2223.site.6, 2, 136, 138
1339327.3.peg.2223.site.7, 0, 135, 135
1339327.3.peg.2223.site.8, 31, 135, 166
1339327.3.peg.2223.site.9, 3, 134, 137
1339327.3.peg.2223.site.10, 33, 134, 167
1339327.3.peg.2222.site.1, 0, 135, 135
1339327.3.peg.2222.site.2, 0, 135, 135
1339327.3.peg.2222.site.3, 3, 134, 137
1339327.3.peg.2225.site.1, 5, 136, 141
1339327.3.peg.2225.site.2, 8, 135, 143
1339327.3.peg.2225.site.3, 0, 134, 134
1339327.3.peg.2225.site.4, 4, 136, 140
1339327.3.peg.2225.site.5, 13, 135, 148
1339327.3.peg.2225.site.6, 3, 133, 136
1339327.3.peg.2225.site.7, 22, 135, 157
1339327.3.peg.2225.site.8, 0, 137, 137
1339327.3.peg.2225.site.9, 11, 137, 148
1339327.3.peg.2225.site.10, 0, 136, 136
1339327.3.peg.2225.site.11, 26, 137, 163
1339327.3.peg.2225.site.12, 0, 137, 137
1339327.3.peg.2225.site.13, 3, 136, 139
1339327.3.peg.2225.site.14, 40, 135, 175
1339327.3.peg.2225.site.15, 0, 136, 136
1339327.3.peg.2225.site.16, 75, 135, 210
1339327.3.peg.2225.site.17, 4, 134, 138
1339327.3.peg.2225.site.18, 4, 134, 138
1339327.3.peg.2227.site.1, 3, 136, 139
1339327.3.peg.2227.site.2, 2, 136, 138
1339327.3.peg.2226.site.1, 3, 135, 138
1339327.3.peg.2226.site.2, 129, 129, 258
1339327.3.peg.2226.site.3, 2, 135, 137
1339327.3.peg.2226.site.4, 129, 136, 265
1339327.3.peg.2226.site.5, 33, 135, 168
1339327.3.peg.2226.site.6, 44, 136, 180
1339327.3.peg.2226.site.7, 4, 136, 140
1339327.3.peg.2226.site.8, 4, 136, 140
1339327.3.peg.2226.site.9, 13, 137, 150
1339327.3.peg.2226.site.10, 2, 136, 138
1339327.3.peg.2226.site.11, 0, 136, 136
1339327.3.peg.2226.site.12, 10, 136, 146
1339327.3.peg.2226.site.13, 4, 136, 140
1339327.3.peg.2226.site.14, 68, 136, 204
1339327.3.peg.2226.site.15, 4, 134, 138
1339327.3.peg.2226.site.16, 113, 133, 246
1339327.3.peg.2226.site.17, 4, 134, 138
1339327.3.peg.2226.site.18, 6, 135, 141
1339327.3.peg.2226.site.19, 3, 136, 139
1339327.3.peg.2226.site.20, 10, 134, 144
1339327.3.peg.2226.site.21, 18, 134, 152
1339327.3.peg.2226.site.22, 3, 133, 136
1339327.3.peg.2229.site.1, 2, 130, 132
1339327.3.peg.2229.site.2, 14, 135, 149
1339327.3.peg.2229.site.3, 27, 134, 161
1339327.3.peg.2229.site.4, 7, 133, 140
1339327.3.peg.2229.site.5, 5, 135, 140
1339327.3.peg.2229.site.6, 0, 134, 134
1339327.3.peg.2229.site.7, 0, 137, 137
1339327.3.peg.2229.site.8, 2, 136, 138
1339327.3.peg.2229.site.9, 2, 137, 139
1339327.3.peg.2229.site.10, 6, 137, 143
1339327.3.peg.2229.site.11, 2, 137, 139
1339327.3.peg.2229.site.12, 2, 134, 136
1339327.3.peg.2229.site.13, 4, 133, 137
1339327.3.peg.4156.site.1, 0, 135, 135
1339327.3.peg.4156.site.2, 0, 136, 136
1339327.3.peg.4156.site.3, 1, 136, 137
1339327.3.peg.4156.site.4, 8, 137, 145
1339327.3.peg.4156.site.5, 6, 136, 142
1339327.3.peg.4156.site.6, 2, 135, 137
1339327.3.peg.4156.site.7, 11, 135, 146
1339327.3.peg.4156.site.8, 1, 137, 138
1339327.3.peg.4156.site.9, 10, 136, 146
1339327.3.peg.2769.site.1, 0, 134, 134
1339327.3.peg.2769.site.2, 3, 131, 134
1339327.3.peg.2769.site.3, 21, 133, 154
1339327.3.peg.2769.site.4, 2, 133, 135
1339327.3.peg.2769.site.5, 0, 134, 134
1339327.3.peg.2769.site.6, 3, 133, 136
1339327.3.peg.2769.site.7, 20, 137, 157
1339327.3.peg.2769.site.8, 110, 135, 245
1339327.3.peg.2769.site.9, 100, 136, 236
1339327.3.peg.2769.site.10, 2, 136, 138
1339327.3.peg.2769.site.11, 5, 134, 139
1339327.3.peg.2769.site.12, 5, 136, 141
1339327.3.peg.2769.site.13, 24, 137, 161
1339327.3.peg.3061.site.1, 0, 132, 132
1339327.3.peg.3061.site.2, 1, 135, 136
1339327.3.peg.3061.site.3, 2, 134, 136
1339327.3.peg.3061.site.4, 50, 133, 183
1339327.3.peg.3061.site.5, 0, 135, 135
1339327.3.peg.3061.site.6, 23, 135, 158
1339327.3.peg.3061.site.7, 0, 134, 134
1339327.3.peg.3061.site.8, 42, 132, 174
1339327.3.peg.3061.site.9, 5, 133, 138
1339327.3.peg.3061.site.10, 14, 136, 150
1339327.3.peg.3062.site.1, 2, 135, 137
1339327.3.peg.3062.site.2, 0, 135, 135
1339327.3.peg.3062.site.3, 2, 135, 137
1339327.3.peg.3062.site.4, 10, 132, 142
1339327.3.peg.3062.site.5, 2, 133, 135
1339327.3.peg.3062.site.6, 1, 131, 132
1339327.3.peg.3062.site.7, 9, 131, 140
1339327.3.peg.3062.site.8, 3, 131, 134
1339327.3.peg.3062.site.9, 0, 113, 113
1339327.3.peg.3062.site.10, 95, 135, 230
1339327.3.peg.3062.site.11, 3, 134, 137
1339327.3.peg.3062.site.12, 1, 135, 136
1339327.3.peg.3062.site.13, 5, 135, 140
1339327.3.peg.3062.site.14, 110, 136, 246
1339327.3.peg.3062.site.15, 23, 136, 159
1339327.3.peg.3062.site.16, 3, 136, 139
1339327.3.peg.3063.site.1, 8, 132, 140
1339327.3.peg.3064.site.1, 0, 136, 136
1339327.3.peg.3064.site.2, 9, 136, 145
1339327.3.peg.3064.site.3, 44, 135, 179
1339327.3.peg.3064.site.4, 28, 133, 161
1339327.3.peg.3064.site.5, 81, 135, 216
1339327.3.peg.3064.site.6, 1, 133, 134
1339327.3.peg.3065.site.1, 0, 134, 134
1339327.3.peg.3065.site.2, 0, 136, 136
1339327.3.peg.3065.site.3, 3, 136, 139
1339327.3.peg.3065.site.4, 2, 137, 139
1339327.3.peg.3065.site.5, 0, 137, 137
1339327.3.peg.3065.site.6, 115, 137, 252
1339327.3.peg.3065.site.7, 51, 135, 186
1339327.3.peg.3065.site.8, 2, 135, 137
1339327.3.peg.3066.site.1, 11, 112, 123
1339327.3.peg.3066.site.2, 100, 124, 224
1339327.3.peg.3066.site.3, 43, 130, 173
1339327.3.peg.3066.site.4, 2, 131, 133
1339327.3.peg.3066.site.5, 55, 131, 186
1339327.3.peg.3066.site.6, 11, 135, 146
1339327.3.peg.3066.site.7, 2, 134, 136
1339327.3.peg.3066.site.8, 20, 135, 155
1339327.3.peg.3066.site.9, 115, 134, 249
1339327.3.peg.3066.site.10, 5, 136, 141
1339327.3.peg.3066.site.11, 7, 135, 142
1339327.3.peg.3066.site.12, 31, 135, 166
1339327.3.peg.3066.site.13, 33, 133, 166
1339327.3.peg.3066.site.14, 129, 135, 264
1339327.3.peg.3066.site.15, 5, 136, 141
1339327.3.peg.3067.site.1, 9, 136, 145
1339327.3.peg.3067.site.2, 52, 134, 186
1339327.3.peg.3067.site.3, 3, 136, 139
1339327.3.peg.3067.site.4, 0, 136, 136
1339327.3.peg.3067.site.5, 10, 136, 146
1339327.3.peg.3068.site.1, 2, 136, 138
1339327.3.peg.3068.site.2, 0, 135, 135
1339327.3.peg.3068.site.3, 19, 137, 156
1339327.3.peg.3068.site.4, 4, 136, 140
1339327.3.peg.3068.site.5, 0, 134, 134
1339327.3.peg.3068.site.6, 2, 135, 137
1339327.3.peg.3068.site.7, 19, 136, 155
1339327.3.peg.3068.site.8, 1, 136, 137
1339327.3.peg.3069.site.1, 90, 135, 225
1339327.3.peg.3069.site.2, 2, 136, 138
1339327.3.peg.3069.site.3, 7, 136, 143
1339327.3.peg.3069.site.4, 2, 133, 135
1339327.3.peg.3069.site.5, 16, 134, 150
1339327.3.peg.3069.site.6, 105, 136, 241
1339327.3.peg.3069.site.7, 0, 136, 136
1339327.3.peg.3069.site.8, 1, 134, 135
1339327.3.peg.3069.site.9, 100, 135, 235
1339327.3.peg.3069.site.10, 62, 136, 198
1339327.3.peg.3069.site.11, 128, 132, 260
1339327.3.peg.3069.site.12, 3, 137, 140
1339327.3.peg.3069.site.13, 16, 136, 152
1339327.3.peg.3069.site.14, 6, 135, 141
1339327.3.peg.3069.site.15, 9, 135, 144
1339327.3.peg.3069.site.16, 9, 135, 144
1339327.3.peg.3069.site.17, 128, 134, 262
1339327.3.peg.3069.site.18, 96, 136, 232
1339327.3.peg.3069.site.19, 8, 137, 145
1339327.3.peg.3262.site.1, 6, 135, 141
1339327.3.peg.3262.site.2, 2, 136, 138
1339327.3.peg.3262.site.3, 7, 135, 142
1339327.3.peg.3262.site.4, 1, 135, 136
1339327.3.peg.3263.site.1, 2, 135, 137
1339327.3.peg.3263.site.2, 1, 135, 136
1339327.3.peg.3263.site.3, 6, 136, 142
1339327.3.peg.3263.site.4, 3, 135, 138
1339327.3.peg.3263.site.5, 19, 135, 154
1339327.3.peg.3263.site.6, 1, 136, 137
1339327.3.peg.3263.site.7, 41, 135, 176
1339327.3.peg.3260.site.1, 0, 133, 133
1339327.3.peg.3260.site.2, 3, 135, 138
1339327.3.peg.3260.site.3, 0, 134, 134
1339327.3.peg.3260.site.4, 33, 132, 165
1339327.3.peg.3260.site.5, 1, 136, 137
1339327.3.peg.3260.site.6, 0, 136, 136
1339327.3.peg.3260.site.7, 73, 134, 207
1339327.3.peg.3260.site.8, 0, 136, 136
1339327.3.peg.3260.site.9, 14, 131, 145
1339327.3.peg.3260.site.10, 9, 130, 139
1339327.3.peg.3260.site.11, 40, 129, 169
1339327.3.peg.3260.site.12, 4, 137, 141
1339327.3.peg.3260.site.13, 1, 135, 136
1339327.3.peg.3261.site.1, 0, 136, 136
1339327.3.peg.3261.site.2, 2, 136, 138
1339327.3.peg.3261.site.3, 11, 136, 147
1339327.3.peg.3261.site.4, 4, 136, 140
1339327.3.peg.3261.site.5, 8, 135, 143
1339327.3.peg.3261.site.6, 7, 136, 143
1339327.3.peg.3261.site.7, 2, 136, 138
1339327.3.peg.3261.site.8, 81, 136, 217
1339327.3.peg.3261.site.9, 2, 134, 136
1339327.3.peg.3261.site.10, 30, 134, 164
1339327.3.peg.3261.site.11, 3, 134, 137
1339327.3.peg.3266.site.1, 1, 137, 138
1339327.3.peg.3266.site.2, 103, 136, 239
1339327.3.peg.3266.site.3, 49, 137, 186
1339327.3.peg.3267.site.1, 4, 136, 140
1339327.3.peg.3267.site.2, 3, 135, 138
1339327.3.peg.3264.site.1, 0, 136, 136
1339327.3.peg.3264.site.2, 16, 136, 152
1339327.3.peg.3264.site.3, 16, 137, 153
1339327.3.peg.3264.site.4, 0, 135, 135
1339327.3.peg.3264.site.5, 1, 133, 134
1339327.3.peg.3264.site.6, 3, 134, 137
1339327.3.peg.3264.site.7, 8, 133, 141
1339327.3.peg.3264.site.8, 81, 134, 215
1339327.3.peg.3264.site.9, 1, 135, 136
1339327.3.peg.3264.site.10, 25, 134, 159
1339327.3.peg.3264.site.11, 2, 136, 138
1339327.3.peg.3264.site.12, 19, 134, 153
1339327.3.peg.3264.site.13, 5, 128, 133
1339327.3.peg.3264.site.14, 119, 134, 253
1339327.3.peg.3265.site.1, 99, 135, 234
1339327.3.peg.3265.site.2, 13, 134, 147
1339327.3.peg.3265.site.3, 7, 136, 143
1339327.3.peg.3265.site.4, 18, 135, 153
1339327.3.peg.3265.site.5, 2, 136, 138
1339327.3.peg.3265.site.6, 4, 134, 138
1339327.3.peg.3265.site.7, 31, 133, 164
1339327.3.peg.3265.site.8, 2, 134, 136
1339327.3.peg.3265.site.9, 0, 137, 137
1339327.3.peg.3265.site.10, 3, 136, 139
1339327.3.peg.3265.site.11, 7, 137, 144
1339327.3.peg.3268.site.1, 2, 133, 135
1339327.3.peg.3268.site.2, 0, 136, 136
1339327.3.peg.3268.site.3, 0, 135, 135
1339327.3.peg.3268.site.4, 27, 132, 159
1339327.3.peg.3269.site.1, 89, 136, 225
1339327.3.peg.3269.site.2, 8, 136, 144
1339327.3.peg.3269.site.3, 3, 136, 139
1339327.3.peg.3399.site.1, 0, 133, 133
1339327.3.peg.3399.site.2, 14, 137, 151
1339327.3.peg.3399.site.3, 0, 135, 135
1339327.3.peg.3399.site.4, 1, 135, 136
1339327.3.peg.3399.site.5, 0, 136, 136
1339327.3.peg.3399.site.6, 48, 133, 181
1339327.3.peg.3399.site.7, 12, 128, 140
1339327.3.peg.3399.site.8, 3, 131, 134
1339327.3.peg.3399.site.9, 1, 126, 127
1339327.3.peg.3399.site.10, 2, 128, 130
1339327.3.peg.3399.site.11, 15, 126, 141
1339327.3.peg.2469.site.1, 2, 119, 121
1339327.3.peg.2469.site.2, 20, 118, 138
1339327.3.peg.2469.site.3, 0, 129, 129
1339327.3.peg.2469.site.4, 0, 130, 130
1339327.3.peg.2469.site.5, 6, 109, 115
1339327.3.peg.2469.site.6, 46, 124, 170
1339327.3.peg.2469.site.7, 0, 127, 127
1339327.3.peg.2469.site.8, 0, 128, 128
1339327.3.peg.2469.site.9, 13, 129, 142
1339327.3.peg.2469.site.10, 1, 129, 130
1339327.3.peg.2469.site.11, 4, 129, 133
1339327.3.peg.2469.site.12, 62, 130, 192
1339327.3.peg.2469.site.13, 4, 130, 134
1339327.3.peg.2469.site.14, 6, 124, 130
1339327.3.peg.2469.site.15, 5, 124, 129
1339327.3.peg.2469.site.16, 4, 128, 132
1339327.3.peg.2469.site.17, 0, 128, 128
1339327.3.peg.2469.site.18, 73, 129, 202
1339327.3.peg.2469.site.19, 0, 125, 125
1339327.3.peg.2469.site.20, 5, 130, 135
1339327.3.peg.2469.site.21, 3, 128, 131
1339327.3.peg.2469.site.22, 3, 127, 130
1339327.3.peg.2469.site.23, 0, 120, 120
1339327.3.peg.2469.site.24, 1, 117, 118
1339327.3.peg.2469.site.25, 28, 111, 139
1339327.3.peg.2469.site.26, 59, 102, 161
1339327.3.peg.2469.site.27, 1, 106, 107
1339327.3.peg.2469.site.28, 37, 112, 149
1339327.3.peg.2469.site.29, 4, 122, 126
1339327.3.peg.2469.site.30, 1, 118, 119
1339327.3.peg.2469.site.31, 1, 123, 124
1339327.3.peg.2469.site.32, 2, 129, 131
1339327.3.peg.2469.site.33, 30, 127, 157
1339327.3.peg.2469.site.34, 10, 122, 132
1339327.3.peg.3575.site.1, 7, 137, 144
1339327.3.peg.3575.site.2, 2, 133, 135
1339327.3.peg.3575.site.3, 1, 133, 134
1339327.3.peg.3575.site.4, 0, 135, 135
1339327.3.peg.3575.site.5, 10, 134, 144
1339327.3.peg.3575.site.6, 112, 134, 246
1339327.3.peg.3575.site.7, 17, 137, 154
1339327.3.peg.3575.site.8, 2, 137, 139
1339327.3.peg.3575.site.9, 0, 137, 137
1339327.3.peg.3575.site.10, 14, 137, 151
1339327.3.peg.3575.site.11, 2, 136, 138
1339327.3.peg.2764.site.1, 0, 135, 135
1339327.3.peg.2764.site.2, 0, 133, 133
1339327.3.peg.2764.site.3, 6, 135, 141
1339327.3.peg.2764.site.4, 36, 136, 172
1339327.3.peg.2764.site.5, 10, 136, 146
1339327.3.peg.2764.site.6, 54, 135, 189
1339327.3.peg.2764.site.7, 0, 131, 131
1339327.3.peg.5031.site.1, 25, 137, 162
1339327.3.peg.5031.site.2, 4, 136, 140
1339327.3.peg.5031.site.3, 13, 136, 149
1339327.3.peg.5031.site.4, 1, 134, 135
1339327.3.peg.5031.site.5, 9, 130, 139
1339327.3.peg.5031.site.6, 2, 125, 127
1339327.3.peg.5031.site.7, 6, 129, 135
1339327.3.peg.5031.site.8, 21, 125, 146
1339327.3.peg.5031.site.9, 1, 125, 126
1339327.3.peg.5031.site.10, 2, 136, 138
1339327.3.peg.5031.site.11, 2, 137, 139
1339327.3.peg.5031.site.12, 131, 137, 268
1339327.3.peg.5031.site.13, 4, 136, 140
1339327.3.peg.5031.site.14, 2, 136, 138
1339327.3.peg.5031.site.15, 29, 136, 165
1339327.3.peg.5031.site.16, 2, 135, 137
1339327.3.peg.5031.site.17, 1, 136, 137
1339327.3.peg.5031.site.18, 1, 136, 137
1339327.3.peg.5031.site.19, 81, 136, 217
1339327.3.peg.5031.site.20, 1, 136, 137
1339327.3.peg.5031.site.21, 97, 119, 216
1339327.3.peg.5031.site.22, 25, 32, 57
1339327.3.peg.5031.site.23, 4, 28, 32
1339327.3.peg.2812.site.1, 57, 134, 191
1339327.3.peg.2812.site.2, 12, 132, 144
1339327.3.peg.2812.site.3, 35, 137, 172
1339327.3.peg.2812.site.4, 48, 135, 183
1339327.3.peg.2812.site.5, 18, 136, 154
1339327.3.peg.2812.site.6, 18, 136, 154
1339327.3.peg.2813.site.1, 20, 135, 155
1339327.3.peg.2813.site.2, 21, 136, 157
1339327.3.peg.2813.site.3, 2, 136, 138
1339327.3.peg.2813.site.4, 0, 136, 136
1339327.3.peg.2813.site.5, 2, 136, 138
1339327.3.peg.2813.site.6, 2, 136, 138
1339327.3.peg.2813.site.7, 1, 135, 136
1339327.3.peg.2813.site.8, 22, 136, 158
1339327.3.peg.2813.site.9, 5, 137, 142
1339327.3.peg.2813.site.10, 8, 136, 144
1339327.3.peg.2813.site.11, 3, 135, 138
1339327.3.peg.2813.site.12, 1, 136, 137
1339327.3.peg.2810.site.1, 56, 136, 192
1339327.3.peg.2810.site.2, 83, 136, 219
1339327.3.peg.2810.site.3, 2, 136, 138
1339327.3.peg.2810.site.4, 5, 134, 139
1339327.3.peg.2810.site.5, 13, 135, 148
1339327.3.peg.2810.site.6, 6, 136, 142
1339327.3.peg.2810.site.7, 16, 137, 153
1339327.3.peg.2810.site.8, 84, 137, 221
1339327.3.peg.2810.site.9, 2, 135, 137
1339327.3.peg.2810.site.10, 0, 136, 136
1339327.3.peg.2810.site.11, 13, 134, 147
1339327.3.peg.2810.site.12, 2, 135, 137
1339327.3.peg.2810.site.13, 3, 135, 138
1339327.3.peg.2810.site.14, 16, 137, 153
1339327.3.peg.2810.site.15, 43, 137, 180
1339327.3.peg.2810.site.16, 3, 134, 137
1339327.3.peg.2810.site.17, 3, 137, 140
1339327.3.peg.2810.site.18, 1, 135, 136
1339327.3.peg.2810.site.19, 19, 136, 155
1339327.3.peg.2810.site.20, 2, 135, 137
1339327.3.peg.2811.site.1, 77, 134, 211
1339327.3.peg.2811.site.2, 43, 135, 178
1339327.3.peg.2811.site.3, 36, 134, 170
1339327.3.peg.2811.site.4, 0, 135, 135
1339327.3.peg.2811.site.5, 23, 135, 158
1339327.3.peg.2811.site.6, 24, 136, 160
1339327.3.peg.2811.site.7, 20, 135, 155
1339327.3.peg.2811.site.8, 22, 135, 157
1339327.3.peg.2811.site.9, 14, 137, 151
1339327.3.peg.2811.site.10, 42, 137, 179
1339327.3.peg.2811.site.11, 0, 137, 137
1339327.3.peg.2811.site.12, 34, 137, 171
1339327.3.peg.2811.site.13, 3, 137, 140
1339327.3.peg.2811.site.14, 34, 134, 168
1339327.3.peg.2811.site.15, 0, 136, 136
1339327.3.peg.2811.site.16, 49, 136, 185
1339327.3.peg.2811.site.17, 3, 137, 140
1339327.3.peg.2811.site.18, 2, 137, 139
1339327.3.peg.2816.site.1, 113, 137, 250
1339327.3.peg.2816.site.2, 3, 136, 139
1339327.3.peg.2816.site.3, 1, 136, 137
1339327.3.peg.2816.site.4, 76, 135, 211
1339327.3.peg.2816.site.5, 1, 136, 137
1339327.3.peg.2816.site.6, 2, 134, 136
1339327.3.peg.2816.site.7, 12, 136, 148
1339327.3.peg.2816.site.8, 3, 134, 137
1339327.3.peg.2816.site.9, 15, 135, 150
1339327.3.peg.2816.site.10, 2, 135, 137
1339327.3.peg.2816.site.11, 2, 135, 137
1339327.3.peg.2816.site.12, 6, 132, 138
1339327.3.peg.2816.site.13, 6, 136, 142
1339327.3.peg.2816.site.14, 1, 135, 136
1339327.3.peg.2816.site.15, 46, 136, 182
1339327.3.peg.2816.site.16, 25, 135, 160
1339327.3.peg.2816.site.17, 7, 137, 144
1339327.3.peg.2816.site.18, 0, 135, 135
1339327.3.peg.2816.site.19, 38, 135, 173
1339327.3.peg.2816.site.20, 0, 137, 137
1339327.3.peg.2816.site.21, 2, 133, 135
1339327.3.peg.2816.site.22, 3, 133, 136
1339327.3.peg.2816.site.23, 3, 136, 139
1339327.3.peg.2816.site.24, 0, 135, 135
1339327.3.peg.2816.site.25, 61, 134, 195
1339327.3.peg.2816.site.26, 60, 135, 195
1339327.3.peg.2816.site.27, 60, 134, 194
1339327.3.peg.2816.site.28, 120, 133, 253
1339327.3.peg.2816.site.29, 0, 135, 135
1339327.3.peg.2816.site.30, 2, 135, 137
1339327.3.peg.2816.site.31, 52, 133, 185
1339327.3.peg.2816.site.32, 0, 136, 136
1339327.3.peg.2816.site.33, 5, 135, 140
1339327.3.peg.2816.site.34, 57, 134, 191
1339327.3.peg.2816.site.35, 2, 135, 137
1339327.3.peg.2816.site.36, 63, 133, 196
1339327.3.peg.2816.site.37, 106, 136, 242
1339327.3.peg.2816.site.38, 0, 136, 136
1339327.3.peg.2816.site.39, 35, 135, 170
1339327.3.peg.2816.site.40, 105, 137, 242
1339327.3.peg.2816.site.41, 2, 135, 137
1339327.3.peg.3367.site.1, 2, 115, 117
1339327.3.peg.3367.site.2, 16, 131, 147
1339327.3.peg.3367.site.3, 0, 133, 133
1339327.3.peg.3367.site.4, 4, 135, 139
1339327.3.peg.3366.site.1, 5, 137, 142
1339327.3.peg.3366.site.2, 14, 137, 151
1339327.3.peg.3366.site.3, 15, 131, 146
1339327.3.peg.3366.site.4, 4, 135, 139
1339327.3.peg.3366.site.5, 1, 135, 136
1339327.3.peg.3366.site.6, 17, 135, 152
1339327.3.peg.3366.site.7, 10, 126, 136
1339327.3.peg.3366.site.8, 48, 117, 165
1339327.3.peg.3366.site.9, 9, 120, 129
1339327.3.peg.3366.site.10, 5, 91, 96
1339327.3.peg.3366.site.11, 0, 120, 120
1339327.3.peg.3366.site.12, 2, 114, 116
1339327.3.peg.3366.site.13, 2, 115, 117
1339327.3.peg.3366.site.14, 9, 117, 126
1339327.3.peg.3366.site.15, 2, 103, 105
1339327.3.peg.3366.site.16, 2, 114, 116
1339327.3.peg.3366.site.17, 2, 117, 119
1339327.3.peg.3366.site.18, 7, 113, 120
1339327.3.peg.3366.site.19, 41, 100, 141
1339327.3.peg.3366.site.20, 22, 124, 146
1339327.3.peg.3366.site.21, 17, 130, 147
1339327.3.peg.3366.site.22, 5, 122, 127
1339327.3.peg.3366.site.23, 11, 128, 139
1339327.3.peg.3366.site.24, 4, 131, 135
1339327.3.peg.3366.site.25, 30, 136, 166
1339327.3.peg.3366.site.26, 28, 130, 158
1339327.3.peg.3366.site.27, 0, 133, 133
1339327.3.peg.3366.site.28, 88, 131, 219
1339327.3.peg.3366.site.29, 116, 120, 236
1339327.3.peg.3366.site.30, 0, 126, 126
1339327.3.peg.3366.site.31, 1, 126, 127
1339327.3.peg.3366.site.32, 2, 126, 128
1339327.3.peg.3366.site.33, 1, 130, 131
1339327.3.peg.3366.site.34, 1, 133, 134
1339327.3.peg.3366.site.35, 5, 135, 140
1339327.3.peg.3366.site.36, 7, 128, 135
1339327.3.peg.3366.site.37, 5, 118, 123
1339327.3.peg.3366.site.38, 13, 133, 146
1339327.3.peg.3366.site.39, 5, 135, 140
1339327.3.peg.3366.site.40, 2, 130, 132
1339327.3.peg.3366.site.41, 2, 124, 126
1339327.3.peg.3366.site.42, 4, 129, 133
1339327.3.peg.3366.site.43, 20, 131, 151
1339327.3.peg.3366.site.44, 6, 136, 142
1339327.3.peg.3366.site.45, 3, 134, 137
1339327.3.peg.3366.site.46, 2, 135, 137
1339327.3.peg.3366.site.47, 3, 134, 137
1339327.3.peg.3366.site.48, 48, 135, 183
1339327.3.peg.3366.site.49, 3, 129, 132
1339327.3.peg.3366.site.50, 2, 135, 137
1339327.3.peg.3366.site.51, 16, 136, 152
1339327.3.peg.3366.site.52, 11, 127, 138
1339327.3.peg.3535.site.1, 28, 135, 163
1339327.3.peg.3535.site.2, 2, 135, 137
1339327.3.peg.3535.site.3, 4, 137, 141
1339327.3.peg.3535.site.4, 0, 137, 137
1339327.3.peg.3535.site.5, 15, 137, 152
1339327.3.peg.3535.site.6, 15, 137, 152
1339327.3.peg.3365.site.1, 4, 133, 137
1339327.3.peg.3365.site.2, 4, 131, 135
1339327.3.peg.3365.site.3, 2, 133, 135
1339327.3.peg.3365.site.4, 0, 135, 135
1339327.3.peg.3365.site.5, 3, 135, 138
1339327.3.peg.3365.site.6, 1, 131, 132
1339327.3.peg.3365.site.7, 0, 137, 137
1339327.3.peg.3365.site.8, 3, 136, 139
1339327.3.peg.3365.site.9, 1, 136, 137
1339327.3.peg.3365.site.10, 8, 133, 141
1339327.3.peg.3365.site.11, 6, 136, 142
1339327.3.peg.3365.site.12, 2, 132, 134
1339327.3.peg.3365.site.13, 0, 137, 137
1339327.3.peg.3365.site.14, 0, 136, 136
1339327.3.peg.3365.site.15, 22, 131, 153
1339327.3.peg.3364.site.1, 1, 135, 136
1339327.3.peg.3364.site.2, 10, 135, 145
1339327.3.peg.3364.site.3, 20, 134, 154
1339327.3.peg.3364.site.4, 12, 114, 126
1339327.3.peg.3364.site.5, 11, 105, 116
1339327.3.peg.3364.site.6, 3, 132, 135
1339327.3.peg.3364.site.7, 2, 131, 133
1339327.3.peg.3364.site.8, 46, 131, 177
1339327.3.peg.3364.site.9, 12, 130, 142
1339327.3.peg.3364.site.10, 1, 130, 131
1339327.3.peg.3364.site.11, 17, 132, 149
1339327.3.peg.3364.site.12, 2, 132, 134
1339327.3.peg.3364.site.13, 0, 127, 127
1339327.3.peg.3364.site.14, 128, 134, 262
1339327.3.peg.3815.site.1, 116, 137, 253
1339327.3.peg.3815.site.2, 92, 136, 228
1339327.3.peg.3815.site.3, 2, 136, 138
1339327.3.peg.3815.site.4, 3, 135, 138
1339327.3.peg.3815.site.5, 82, 119, 201
1339327.3.peg.3815.site.6, 85, 122, 207
1339327.3.peg.3815.site.7, 0, 128, 128
1339327.3.peg.4131.site.1, 0, 137, 137
1339327.3.peg.4131.site.2, 21, 133, 154
1339327.3.peg.4131.site.3, 13, 137, 150
1339327.3.peg.4131.site.4, 2, 137, 139
1339327.3.peg.4131.site.5, 7, 137, 144
1339327.3.peg.4131.site.6, 8, 137, 145
1339327.3.peg.4131.site.7, 4, 136, 140
1339327.3.peg.4131.site.8, 111, 135, 246
1339327.3.peg.4131.site.9, 0, 135, 135
1339327.3.peg.4131.site.10, 0, 137, 137
1339327.3.peg.3814.site.1, 1, 134, 135
1339327.3.peg.3814.site.2, 129, 134, 263
1339327.3.peg.3814.site.3, 40, 135, 175
1339327.3.peg.3814.site.4, 14, 135, 149
1339327.3.peg.3814.site.5, 9, 135, 144
1339327.3.peg.3814.site.6, 16, 135, 151
1339327.3.peg.3814.site.7, 78, 133, 211
1339327.3.peg.3814.site.8, 124, 133, 257
1339327.3.peg.3814.site.9, 1, 133, 134
1339327.3.peg.3814.site.10, 5, 133, 138
1339327.3.peg.3814.site.11, 1, 134, 135
1339327.3.peg.3814.site.12, 9, 134, 143
1339327.3.peg.3814.site.13, 3, 133, 136
1339327.3.peg.3814.site.14, 4, 133, 137
1339327.3.peg.3814.site.15, 1, 133, 134
1339327.3.peg.3814.site.16, 3, 135, 138
1339327.3.peg.3814.site.17, 11, 135, 146
1339327.3.peg.3814.site.18, 0, 134, 134
1339327.3.peg.3814.site.19, 11, 133, 144
1339327.3.peg.3814.site.20, 13, 134, 147
1339327.3.peg.3814.site.21, 85, 137, 222
1339327.3.peg.3814.site.22, 14, 137, 151
1339327.3.peg.3814.site.23, 53, 137, 190
1339327.3.peg.3814.site.24, 2, 137, 139
1339327.3.peg.3814.site.25, 24, 137, 161
1339327.3.peg.1963.site.1, 26, 136, 162
1339327.3.peg.1963.site.2, 92, 137, 229
1339327.3.peg.1963.site.3, 26, 135, 161
1339327.3.peg.1963.site.4, 0, 136, 136
1339327.3.peg.1963.site.5, 3, 134, 137
1339327.3.peg.1963.site.6, 5, 134, 139
1339327.3.peg.1963.site.7, 0, 136, 136
1339327.3.peg.1963.site.8, 25, 136, 161
1339327.3.peg.1963.site.9, 4, 135, 139
1339327.3.peg.1963.site.10, 54, 134, 188
1339327.3.peg.1963.site.11, 83, 134, 217
1339327.3.peg.1963.site.12, 0, 136, 136
1339327.3.peg.1963.site.13, 6, 137, 143
1339327.3.peg.1962.site.1, 8, 133, 141
1339327.3.peg.1962.site.2, 5, 137, 142
1339327.3.peg.1962.site.3, 7, 135, 142
1339327.3.peg.1962.site.4, 33, 134, 167
1339327.3.peg.1962.site.5, 5, 135, 140
1339327.3.peg.1962.site.6, 0, 133, 133
1339327.3.peg.1962.site.7, 5, 135, 140
1339327.3.peg.1962.site.8, 128, 134, 262
1339327.3.peg.1962.site.9, 89, 137, 226
1339327.3.peg.1961.site.1, 0, 137, 137
1339327.3.peg.1961.site.2, 0, 136, 136
1339327.3.peg.1961.site.3, 3, 136, 139
1339327.3.peg.1961.site.4, 0, 135, 135
1339327.3.peg.1961.site.5, 0, 135, 135
1339327.3.peg.1961.site.6, 13, 135, 148
1339327.3.peg.1961.site.7, 0, 131, 131
1339327.3.peg.1961.site.8, 11, 137, 148
1339327.3.peg.1961.site.9, 3, 137, 140
1339327.3.peg.1961.site.10, 20, 137, 157
1339327.3.peg.1961.site.11, 10, 135, 145
1339327.3.peg.1961.site.12, 1, 131, 132
1339327.3.peg.1961.site.13, 2, 134, 136
1339327.3.peg.1961.site.14, 12, 134, 146
1339327.3.peg.1961.site.15, 2, 133, 135
1339327.3.peg.1961.site.16, 2, 135, 137
1339327.3.peg.1960.site.1, 1, 135, 136
1339327.3.peg.1960.site.2, 2, 135, 137
1339327.3.peg.1960.site.3, 2, 136, 138
1339327.3.peg.1960.site.4, 2, 135, 137
1339327.3.peg.1960.site.5, 5, 136, 141
1339327.3.peg.1960.site.6, 2, 136, 138
1339327.3.peg.1960.site.7, 3, 136, 139
1339327.3.peg.1960.site.8, 22, 136, 158
1339327.3.peg.1960.site.9, 3, 137, 140
1339327.3.peg.1960.site.10, 2, 137, 139
1339327.3.peg.1960.site.11, 0, 137, 137
1339327.3.peg.1960.site.12, 15, 137, 152
1339327.3.peg.1960.site.13, 4, 134, 138
1339327.3.peg.1960.site.14, 4, 137, 141
1339327.3.peg.1960.site.15, 0, 135, 135
1339327.3.peg.1960.site.16, 84, 137, 221
1339327.3.peg.1960.site.17, 13, 137, 150
1339327.3.peg.1967.site.1, 8, 137, 145
1339327.3.peg.1967.site.2, 35, 136, 171
1339327.3.peg.1967.site.3, 1, 136, 137
1339327.3.peg.1967.site.4, 2, 136, 138
1339327.3.peg.1967.site.5, 3, 134, 137
1339327.3.peg.1966.site.1, 15, 136, 151
1339327.3.peg.1966.site.2, 90, 136, 226
1339327.3.peg.1966.site.3, 6, 135, 141
1339327.3.peg.1966.site.4, 0, 132, 132
1339327.3.peg.1966.site.5, 2, 137, 139
1339327.3.peg.1966.site.6, 0, 136, 136
1339327.3.peg.1966.site.7, 1, 134, 135
1339327.3.peg.1966.site.8, 1, 135, 136
1339327.3.peg.1965.site.1, 6, 136, 142
1339327.3.peg.1965.site.2, 23, 133, 156
1339327.3.peg.1965.site.3, 5, 135, 140
1339327.3.peg.1965.site.4, 12, 136, 148
1339327.3.peg.1965.site.5, 55, 135, 190
1339327.3.peg.1965.site.6, 5, 136, 141
1339327.3.peg.1965.site.7, 10, 125, 135
1339327.3.peg.1965.site.8, 3, 136, 139
1339327.3.peg.1965.site.9, 118, 135, 253
1339327.3.peg.1965.site.10, 1, 136, 137
1339327.3.peg.1965.site.11, 3, 136, 139
1339327.3.peg.1965.site.12, 0, 137, 137
1339327.3.peg.1965.site.13, 0, 134, 134
1339327.3.peg.1965.site.14, 1, 137, 138
1339327.3.peg.1965.site.15, 69, 137, 206
1339327.3.peg.1965.site.16, 16, 136, 152
1339327.3.peg.1965.site.17, 1, 135, 136
1339327.3.peg.1965.site.18, 17, 133, 150
1339327.3.peg.1964.site.1, 56, 134, 190
1339327.3.peg.1964.site.2, 73, 137, 210
1339327.3.peg.1964.site.3, 9, 134, 143
1339327.3.peg.1964.site.4, 14, 135, 149
1339327.3.peg.1964.site.5, 29, 135, 164
1339327.3.peg.1964.site.6, 25, 135, 160
1339327.3.peg.1964.site.7, 19, 134, 153
1339327.3.peg.1964.site.8, 3, 134, 137
1339327.3.peg.1964.site.9, 25, 132, 157
1339327.3.peg.1964.site.10, 3, 136, 139
1339327.3.peg.1964.site.11, 0, 135, 135
1339327.3.peg.1969.site.1, 3, 135, 138
1339327.3.peg.1969.site.2, 3, 136, 139
1339327.3.peg.1969.site.3, 6, 133, 139
1339327.3.peg.1969.site.4, 5, 136, 141
1339327.3.peg.1969.site.5, 10, 135, 145
1339327.3.peg.1969.site.6, 26, 136, 162
1339327.3.peg.1969.site.7, 0, 136, 136
1339327.3.peg.1969.site.8, 5, 135, 140
1339327.3.peg.1969.site.9, 4, 137, 141
1339327.3.peg.1969.site.10, 15, 135, 150
1339327.3.peg.1969.site.11, 2, 136, 138
1339327.3.peg.1969.site.12, 0, 137, 137
1339327.3.peg.1969.site.13, 9, 136, 145
1339327.3.peg.1969.site.14, 11, 136, 147
1339327.3.peg.1969.site.15, 2, 135, 137
1339327.3.peg.1969.site.16, 111, 135, 246
1339327.3.peg.1969.site.17, 2, 135, 137
1339327.3.peg.1969.site.18, 1, 134, 135
1339327.3.peg.1969.site.19, 3, 134, 137
1339327.3.peg.1969.site.20, 0, 134, 134
1339327.3.peg.1969.site.21, 1, 135, 136
1339327.3.peg.1969.site.22, 91, 136, 227
1339327.3.peg.1969.site.23, 90, 135, 225
1339327.3.peg.1969.site.24, 19, 135, 154
1339327.3.peg.1969.site.25, 2, 133, 135
1339327.3.peg.1968.site.1, 0, 135, 135
1339327.3.peg.1968.site.2, 3, 135, 138
1339327.3.peg.1968.site.3, 3, 135, 138
1339327.3.peg.1968.site.4, 44, 135, 179
1339327.3.peg.1968.site.5, 25, 135, 160
1339327.3.peg.1968.site.6, 29, 134, 163
1339327.3.peg.1968.site.7, 4, 135, 139
1339327.3.peg.1968.site.8, 69, 135, 204
1339327.3.peg.1968.site.9, 6, 136, 142
1339327.3.peg.1968.site.10, 5, 134, 139
1339327.3.peg.1968.site.11, 3, 134, 137
1339327.3.peg.1968.site.12, 51, 134, 185
1339327.3.peg.1968.site.13, 0, 135, 135
1339327.3.peg.1968.site.14, 11, 136, 147
1339327.3.peg.1968.site.15, 14, 134, 148
1339327.3.peg.1968.site.16, 8, 136, 144
1339327.3.peg.1968.site.17, 10, 135, 145
1339327.3.peg.1968.site.18, 6, 136, 142
1339327.3.peg.1968.site.19, 5, 135, 140
1339327.3.peg.1968.site.20, 3, 135, 138
1339327.3.peg.1968.site.21, 1, 136, 137
1339327.3.peg.1968.site.22, 6, 136, 142
1339327.3.peg.1968.site.23, 2, 135, 137
1339327.3.peg.1968.site.24, 4, 135, 139
1339327.3.peg.1968.site.25, 2, 136, 138
1339327.3.peg.1968.site.26, 7, 135, 142
1339327.3.peg.1968.site.27, 89, 136, 225
1339327.3.peg.1968.site.28, 1, 135, 136
1339327.3.peg.1968.site.29, 0, 137, 137
1339327.3.peg.1968.site.30, 2, 137, 139
1339327.3.peg.1968.site.31, 52, 135, 187
1339327.3.peg.1968.site.32, 0, 135, 135
1339327.3.peg.1968.site.33, 6, 137, 143
1339327.3.peg.1968.site.34, 41, 137, 178
1339327.3.peg.1968.site.35, 0, 136, 136
1339327.3.peg.1968.site.36, 3, 136, 139
1339327.3.peg.1968.site.37, 1, 137, 138
1339327.3.peg.1968.site.38, 16, 136, 152
1339327.3.peg.1968.site.39, 1, 135, 136
1339327.3.peg.1968.site.40, 15, 132, 147
1339327.3.peg.1968.site.41, 30, 135, 165
1339327.3.peg.1968.site.42, 0, 134, 134
1339327.3.peg.1968.site.43, 0, 128, 128
1339327.3.peg.1968.site.44, 0, 133, 133
1339327.3.peg.1361.site.1, 1, 137, 138
1339327.3.peg.1361.site.2, 0, 135, 135
1339327.3.peg.1361.site.3, 76, 134, 210
1339327.3.peg.1361.site.4, 64, 134, 198
1339327.3.peg.1361.site.5, 0, 136, 136
1339327.3.peg.1361.site.6, 11, 134, 145
1339327.3.peg.1361.site.7, 7, 135, 142
1339327.3.peg.1361.site.8, 82, 134, 216
1339327.3.peg.1361.site.9, 35, 134, 169
1339327.3.peg.1361.site.10, 7, 135, 142
1339327.3.peg.1361.site.11, 50, 134, 184
1339327.3.peg.1361.site.12, 0, 133, 133
1339327.3.peg.1361.site.13, 5, 135, 140
1339327.3.peg.1361.site.14, 10, 136, 146
1339327.3.peg.1361.site.15, 3, 135, 138
1339327.3.peg.1361.site.16, 0, 134, 134
1339327.3.peg.1361.site.17, 1, 135, 136
1339327.3.peg.1361.site.18, 20, 133, 153
1339327.3.peg.1360.site.1, 1, 135, 136
1339327.3.peg.1360.site.2, 1, 137, 138
1339327.3.peg.1360.site.3, 1, 136, 137
1339327.3.peg.1360.site.4, 1, 137, 138
1339327.3.peg.1360.site.5, 0, 135, 135
1339327.3.peg.1360.site.6, 64, 136, 200
1339327.3.peg.1360.site.7, 1, 135, 136
1339327.3.peg.1360.site.8, 15, 136, 151
1339327.3.peg.1360.site.9, 1, 135, 136
1339327.3.peg.1360.site.10, 3, 135, 138
1339327.3.peg.1360.site.11, 0, 136, 136
1339327.3.peg.1360.site.12, 21, 136, 157
1339327.3.peg.1360.site.13, 2, 136, 138
1339327.3.peg.1360.site.14, 31, 135, 166
1339327.3.peg.1360.site.15, 2, 136, 138
1339327.3.peg.1360.site.16, 40, 135, 175
1339327.3.peg.1360.site.17, 1, 136, 137
1339327.3.peg.1363.site.1, 1, 137, 138
1339327.3.peg.1363.site.2, 0, 136, 136
1339327.3.peg.1363.site.3, 1, 136, 137
1339327.3.peg.1363.site.4, 22, 137, 159
1339327.3.peg.1363.site.5, 73, 136, 209
1339327.3.peg.1363.site.6, 4, 136, 140
1339327.3.peg.1363.site.7, 69, 135, 204
1339327.3.peg.1362.site.1, 7, 137, 144
1339327.3.peg.1362.site.2, 0, 136, 136
1339327.3.peg.1362.site.3, 78, 135, 213
1339327.3.peg.1362.site.4, 34, 136, 170
1339327.3.peg.1362.site.5, 0, 136, 136
1339327.3.peg.1362.site.6, 37, 135, 172
1339327.3.peg.1362.site.7, 0, 136, 136
1339327.3.peg.1362.site.8, 9, 134, 143
1339327.3.peg.1362.site.9, 0, 134, 134
1339327.3.peg.1362.site.10, 73, 133, 206
1339327.3.peg.1362.site.11, 74, 134, 208
1339327.3.peg.1362.site.12, 74, 135, 209
1339327.3.peg.1362.site.13, 74, 135, 209
1339327.3.peg.1362.site.14, 5, 136, 141
1339327.3.peg.1362.site.15, 1, 135, 136
1339327.3.peg.1362.site.16, 1, 135, 136
1339327.3.peg.1362.site.17, 0, 136, 136
1339327.3.peg.1362.site.18, 2, 135, 137
1339327.3.peg.1362.site.19, 3, 133, 136
1339327.3.peg.1362.site.20, 4, 131, 135
1339327.3.peg.1364.site.1, 0, 136, 136
1339327.3.peg.1364.site.2, 74, 134, 208
1339327.3.peg.1364.site.3, 3, 135, 138
1339327.3.peg.1364.site.4, 4, 135, 139
1339327.3.peg.1364.site.5, 16, 133, 149
1339327.3.peg.1364.site.6, 2, 135, 137
1339327.3.peg.1364.site.7, 3, 136, 139
1339327.3.peg.1364.site.8, 35, 133, 168
1339327.3.peg.1364.site.9, 8, 134, 142
1339327.3.peg.1364.site.10, 25, 135, 160
1339327.3.peg.1364.site.11, 4, 136, 140
1339327.3.peg.1364.site.12, 41, 133, 174
1339327.3.peg.1366.site.1, 126, 135, 261
1339327.3.peg.1366.site.2, 0, 135, 135
1339327.3.peg.1366.site.3, 8, 135, 143
1339327.3.peg.1366.site.4, 26, 134, 160
1339327.3.peg.1366.site.5, 13, 135, 148
1339327.3.peg.1366.site.6, 1, 135, 136
1339327.3.peg.1366.site.7, 3, 134, 137
1339327.3.peg.1366.site.8, 0, 130, 130
1339327.3.peg.1366.site.9, 7, 134, 141
1339327.3.peg.1366.site.10, 5, 135, 140
1339327.3.peg.1366.site.11, 61, 135, 196
1339327.3.peg.1366.site.12, 1, 136, 137
1339327.3.peg.1366.site.13, 1, 136, 137
1339327.3.peg.1366.site.14, 1, 137, 138
1339327.3.peg.1366.site.15, 0, 134, 134
1339327.3.peg.4241.site.1, 13, 136, 149
1339327.3.peg.4241.site.2, 83, 135, 218
1339327.3.peg.4241.site.3, 45, 135, 180
1339327.3.peg.4241.site.4, 11, 135, 146
1339327.3.peg.4241.site.5, 4, 137, 141
1339327.3.peg.4241.site.6, 2, 136, 138
1339327.3.peg.4241.site.7, 26, 137, 163
1339327.3.peg.4241.site.8, 2, 136, 138
1339327.3.peg.4241.site.9, 46, 136, 182
1339327.3.peg.4241.site.10, 3, 136, 139
1339327.3.peg.4241.site.11, 35, 136, 171
1339327.3.peg.4241.site.12, 88, 136, 224
1339327.3.peg.4241.site.13, 52, 137, 189
1339327.3.peg.4241.site.14, 4, 137, 141
1339327.3.peg.4241.site.15, 29, 137, 166
1339327.3.peg.4241.site.16, 0, 136, 136
1339327.3.peg.4240.site.1, 0, 136, 136
1339327.3.peg.4240.site.2, 6, 133, 139
1339327.3.peg.4240.site.3, 22, 136, 158
1339327.3.peg.4240.site.4, 3, 136, 139
1339327.3.peg.4240.site.5, 130, 136, 266
1339327.3.peg.4240.site.6, 131, 137, 268
1339327.3.peg.4240.site.7, 4, 137, 141
1339327.3.peg.4240.site.8, 0, 134, 134
1339327.3.peg.4240.site.9, 0, 134, 134
1339327.3.peg.4240.site.10, 2, 135, 137
1339327.3.peg.4240.site.11, 2, 133, 135
1339327.3.peg.4240.site.12, 10, 136, 146
1339327.3.peg.4240.site.13, 3, 136, 139
1339327.3.peg.4240.site.14, 1, 136, 137
1339327.3.peg.4240.site.15, 1, 136, 137
1339327.3.peg.4240.site.16, 49, 136, 185
1339327.3.peg.4715.site.1, 3, 134, 137
1339327.3.peg.4715.site.2, 7, 134, 141
1339327.3.peg.4715.site.3, 2, 133, 135
1339327.3.peg.4715.site.4, 117, 135, 252
1339327.3.peg.4715.site.5, 7, 135, 142
1339327.3.peg.4714.site.1, 0, 136, 136
1339327.3.peg.4714.site.2, 0, 135, 135
1339327.3.peg.4714.site.3, 23, 134, 157
1339327.3.peg.4714.site.4, 2, 136, 138
1339327.3.peg.4714.site.5, 2, 136, 138
1339327.3.peg.4714.site.6, 0, 136, 136
1339327.3.peg.4245.site.1, 1, 132, 133
1339327.3.peg.4245.site.2, 0, 135, 135
1339327.3.peg.4244.site.1, 128, 135, 263
1339327.3.peg.4244.site.2, 131, 137, 268
1339327.3.peg.4244.site.3, 1, 137, 138
1339327.3.peg.4244.site.4, 4, 137, 141
1339327.3.peg.4244.site.5, 0, 136, 136
1339327.3.peg.4244.site.6, 1, 136, 137
1339327.3.peg.4244.site.7, 2, 136, 138
1339327.3.peg.4244.site.8, 6, 135, 141
1339327.3.peg.4244.site.9, 0, 136, 136
1339327.3.peg.1569.site.1, 2, 136, 138
1339327.3.peg.1569.site.2, 0, 132, 132
1339327.3.peg.1569.site.3, 26, 137, 163
1339327.3.peg.1569.site.4, 5, 137, 142
1339327.3.peg.1569.site.5, 2, 132, 134
1339327.3.peg.1569.site.6, 5, 134, 139
1339327.3.peg.1568.site.1, 6, 136, 142
1339327.3.peg.1568.site.2, 0, 137, 137
1339327.3.peg.1568.site.3, 10, 135, 145
1339327.3.peg.1567.site.1, 0, 135, 135
1339327.3.peg.1567.site.2, 1, 136, 137
1339327.3.peg.1567.site.3, 0, 137, 137
1339327.3.peg.1566.site.1, 1, 137, 138
1339327.3.peg.1566.site.2, 47, 136, 183
1339327.3.peg.1566.site.3, 2, 137, 139
1339327.3.peg.1566.site.4, 5, 137, 142
1339327.3.peg.1566.site.5, 0, 137, 137
1339327.3.peg.1566.site.6, 10, 137, 147
1339327.3.peg.1566.site.7, 1, 137, 138
1339327.3.peg.1566.site.8, 1, 137, 138
1339327.3.peg.1566.site.9, 0, 136, 136
1339327.3.peg.1566.site.10, 39, 136, 175
1339327.3.peg.1566.site.11, 27, 137, 164
1339327.3.peg.1566.site.12, 0, 137, 137
1339327.3.peg.1566.site.13, 1, 137, 138
1339327.3.peg.1565.site.1, 104, 136, 240
1339327.3.peg.1565.site.2, 28, 133, 161
1339327.3.peg.1565.site.3, 2, 135, 137
1339327.3.peg.1565.site.4, 4, 137, 141
1339327.3.peg.1565.site.5, 0, 134, 134
1339327.3.peg.1565.site.6, 0, 136, 136
1339327.3.peg.1565.site.7, 8, 136, 144
1339327.3.peg.1565.site.8, 3, 135, 138
1339327.3.peg.1564.site.1, 7, 136, 143
1339327.3.peg.1564.site.2, 0, 136, 136
1339327.3.peg.1564.site.3, 65, 136, 201
1339327.3.peg.1564.site.4, 1, 137, 138
1339327.3.peg.1564.site.5, 1, 137, 138
1339327.3.peg.1564.site.6, 7, 135, 142
1339327.3.peg.1564.site.7, 2, 135, 137
1339327.3.peg.1564.site.8, 6, 137, 143
1339327.3.peg.1564.site.9, 9, 136, 145
1339327.3.peg.1564.site.10, 1, 137, 138
1339327.3.peg.1564.site.11, 46, 136, 182
1339327.3.peg.1563.site.1, 128, 134, 262
1339327.3.peg.1563.site.2, 130, 136, 266
1339327.3.peg.1563.site.3, 134, 135, 269
1339327.3.peg.1563.site.4, 0, 135, 135
1339327.3.peg.1563.site.5, 0, 136, 136
1339327.3.peg.1563.site.6, 0, 135, 135
1339327.3.peg.1563.site.7, 84, 135, 219
1339327.3.peg.1563.site.8, 3, 137, 140
1339327.3.peg.1563.site.9, 3, 137, 140
1339327.3.peg.1563.site.10, 4, 136, 140
1339327.3.peg.1563.site.11, 3, 136, 139
1339327.3.peg.1563.site.12, 1, 135, 136
1339327.3.peg.1563.site.13, 0, 135, 135
1339327.3.peg.1563.site.14, 10, 137, 147
1339327.3.peg.1563.site.15, 1, 136, 137
1339327.3.peg.1562.site.1, 0, 136, 136
1339327.3.peg.1562.site.2, 3, 135, 138
1339327.3.peg.1562.site.3, 18, 136, 154
1339327.3.peg.1562.site.4, 55, 137, 192
1339327.3.peg.1562.site.5, 3, 134, 137
1339327.3.peg.1562.site.6, 4, 136, 140
1339327.3.peg.1562.site.7, 3, 135, 138
1339327.3.peg.1562.site.8, 2, 135, 137
1339327.3.peg.1562.site.9, 6, 135, 141
1339327.3.peg.1562.site.10, 50, 136, 186
1339327.3.peg.1562.site.11, 2, 136, 138
1339327.3.peg.1562.site.12, 1, 136, 137
1339327.3.peg.1562.site.13, 1, 137, 138
1339327.3.peg.1562.site.14, 2, 135, 137
1339327.3.peg.1561.site.1, 16, 136, 152
1339327.3.peg.1561.site.2, 2, 136, 138
1339327.3.peg.1561.site.3, 7, 136, 143
1339327.3.peg.1561.site.4, 14, 133, 147
1339327.3.peg.1561.site.5, 122, 132, 254
1339327.3.peg.1561.site.6, 1, 135, 136
1339327.3.peg.1561.site.7, 14, 136, 150
1339327.3.peg.1561.site.8, 3, 136, 139
1339327.3.peg.1561.site.9, 3, 135, 138
1339327.3.peg.1561.site.10, 1, 136, 137
1339327.3.peg.1561.site.11, 5, 136, 141
1339327.3.peg.1561.site.12, 22, 137, 159
1339327.3.peg.1561.site.13, 4, 137, 141
1339327.3.peg.1561.site.14, 4, 136, 140
1339327.3.peg.1561.site.15, 1, 136, 137
1339327.3.peg.1561.site.16, 0, 136, 136
1339327.3.peg.1561.site.17, 37, 136, 173
1339327.3.peg.1561.site.18, 81, 137, 218
1339327.3.peg.1561.site.19, 6, 137, 143
1339327.3.peg.1561.site.20, 124, 137, 261
1339327.3.peg.1561.site.21, 5, 137, 142
1339327.3.peg.1561.site.22, 5, 137, 142
1339327.3.peg.1561.site.23, 1, 137, 138
1339327.3.peg.1561.site.24, 1, 137, 138
1339327.3.peg.1561.site.25, 3, 136, 139
1339327.3.peg.1561.site.26, 0, 136, 136
1339327.3.peg.1561.site.27, 1, 137, 138
1339327.3.peg.1561.site.28, 29, 137, 166
1339327.3.peg.1561.site.29, 8, 136, 144
1339327.3.peg.1561.site.30, 3, 133, 136
1339327.3.peg.1560.site.1, 90, 137, 227
1339327.3.peg.1560.site.2, 3, 137, 140
1339327.3.peg.1560.site.3, 5, 137, 142
1339327.3.peg.1560.site.4, 60, 135, 195
1339327.3.peg.1560.site.5, 25, 135, 160
1339327.3.peg.1560.site.6, 94, 136, 230
1339327.3.peg.1560.site.7, 2, 136, 138
1339327.3.peg.1560.site.8, 4, 137, 141
1339327.3.peg.1560.site.9, 5, 134, 139
1339327.3.peg.1560.site.10, 65, 134, 199
1339327.3.peg.1560.site.11, 9, 137, 146
1339327.3.peg.1560.site.12, 4, 134, 138
1339327.3.peg.1560.site.13, 1, 136, 137
1339327.3.peg.1560.site.14, 12, 137, 149
1339327.3.peg.1560.site.15, 49, 137, 186
1339327.3.peg.1560.site.16, 4, 137, 141
1339327.3.peg.1560.site.17, 0, 136, 136
1339327.3.peg.1560.site.18, 2, 136, 138
1339327.3.peg.1560.site.19, 1, 136, 137
1339327.3.peg.1560.site.20, 14, 137, 151
1339327.3.peg.1560.site.21, 1, 136, 137
1339327.3.peg.1560.site.22, 0, 136, 136
1339327.3.peg.1560.site.23, 5, 135, 140
1339327.3.peg.1560.site.24, 4, 135, 139
1339327.3.peg.1560.site.25, 1, 136, 137
1339327.3.peg.1560.site.26, 25, 137, 162
1339327.3.peg.1560.site.27, 127, 137, 264
1339327.3.peg.1560.site.28, 2, 137, 139
1339327.3.peg.1560.site.29, 8, 136, 144
1339327.3.peg.1560.site.30, 35, 137, 172
1339327.3.peg.1560.site.31, 20, 135, 155
1339327.3.peg.4623.site.1, 0, 137, 137
1339327.3.peg.4623.site.2, 25, 137, 162
1339327.3.peg.4623.site.3, 5, 137, 142
1339327.3.peg.4623.site.4, 0, 135, 135
1339327.3.peg.4623.site.5, 3, 137, 140
1339327.3.peg.4623.site.6, 9, 137, 146
1339327.3.peg.4623.site.7, 1, 137, 138
1339327.3.peg.4623.site.8, 1, 137, 138
1339327.3.peg.4622.site.1, 31, 136, 167
1339327.3.peg.4622.site.2, 0, 137, 137
1339327.3.peg.4622.site.3, 13, 137, 150
1339327.3.peg.4622.site.4, 83, 137, 220
1339327.3.peg.4622.site.5, 49, 137, 186
1339327.3.peg.4622.site.6, 2, 137, 139
1339327.3.peg.4622.site.7, 50, 136, 186
1339327.3.peg.4622.site.8, 3, 137, 140
1339327.3.peg.4622.site.9, 3, 136, 139
1339327.3.peg.4622.site.10, 37, 137, 174
1339327.3.peg.4622.site.11, 31, 137, 168
1339327.3.peg.4622.site.12, 47, 136, 183
1339327.3.peg.4622.site.13, 3, 136, 139
1339327.3.peg.4622.site.14, 1, 136, 137
1339327.3.peg.4622.site.15, 3, 137, 140
1339327.3.peg.4621.site.1, 3, 135, 138
1339327.3.peg.4621.site.2, 4, 137, 141
1339327.3.peg.4621.site.3, 14, 137, 151
1339327.3.peg.4621.site.4, 0, 136, 136
1339327.3.peg.4621.site.5, 2, 135, 137
1339327.3.peg.4621.site.6, 32, 136, 168
1339327.3.peg.4621.site.7, 0, 136, 136
1339327.3.peg.4621.site.8, 55, 137, 192
1339327.3.peg.4621.site.9, 19, 136, 155
1339327.3.peg.4621.site.10, 19, 137, 156
1339327.3.peg.4621.site.11, 77, 137, 214
1339327.3.peg.4621.site.12, 0, 137, 137
1339327.3.peg.4621.site.13, 61, 137, 198
1339327.3.peg.4621.site.14, 7, 137, 144
1339327.3.peg.4621.site.15, 48, 136, 184
1339327.3.peg.4621.site.16, 0, 136, 136
1339327.3.peg.4621.site.17, 114, 136, 250
1339327.3.peg.4621.site.18, 1, 137, 138
1339327.3.peg.4621.site.19, 2, 134, 136
1339327.3.peg.4621.site.20, 34, 131, 165
1339327.3.peg.4621.site.21, 1, 135, 136
1339327.3.peg.4621.site.22, 0, 136, 136
1339327.3.peg.4627.site.1, 80, 137, 217
1339327.3.peg.4627.site.2, 5, 136, 141
1339327.3.peg.4627.site.3, 2, 136, 138
1339327.3.peg.4627.site.4, 8, 137, 145
1339327.3.peg.4627.site.5, 3, 137, 140
1339327.3.peg.4627.site.6, 113, 136, 249
1339327.3.peg.4627.site.7, 1, 136, 137
1339327.3.peg.4627.site.8, 0, 137, 137
1339327.3.peg.4627.site.9, 1, 137, 138
1339327.3.peg.4627.site.10, 63, 135, 198
1339327.3.peg.4627.site.11, 1, 136, 137
1339327.3.peg.4627.site.12, 0, 137, 137
1339327.3.peg.4627.site.13, 31, 137, 168
1339327.3.peg.4627.site.14, 3, 137, 140
1339327.3.peg.4627.site.15, 1, 137, 138
1339327.3.peg.4627.site.16, 0, 136, 136
1339327.3.peg.4627.site.17, 6, 136, 142
1339327.3.peg.4627.site.18, 6, 137, 143
1339327.3.peg.4627.site.19, 0, 136, 136
1339327.3.peg.4627.site.20, 0, 136, 136
1339327.3.peg.4627.site.21, 5, 137, 142
1339327.3.peg.4627.site.22, 8, 135, 143
1339327.3.peg.4627.site.23, 3, 137, 140
1339327.3.peg.4627.site.24, 43, 136, 179
1339327.3.peg.4627.site.25, 0, 136, 136
1339327.3.peg.4627.site.26, 113, 137, 250
1339327.3.peg.4627.site.27, 120, 137, 257
1339327.3.peg.4627.site.28, 121, 136, 257
1339327.3.peg.4627.site.29, 3, 137, 140
1339327.3.peg.4625.site.1, 0, 130, 130
1339327.3.peg.4625.site.2, 3, 137, 140
1339327.3.peg.4625.site.3, 46, 137, 183
1339327.3.peg.4625.site.4, 60, 137, 197
1339327.3.peg.4625.site.5, 5, 137, 142
1339327.3.peg.4625.site.6, 0, 136, 136
1339327.3.peg.4625.site.7, 3, 136, 139
1339327.3.peg.4629.site.1, 44, 137, 181
1339327.3.peg.4629.site.2, 62, 137, 199
1339327.3.peg.4629.site.3, 1, 137, 138
1339327.3.peg.4629.site.4, 128, 137, 265
1339327.3.peg.4629.site.5, 0, 137, 137
1339327.3.peg.4629.site.6, 0, 137, 137
1339327.3.peg.4629.site.7, 9, 137, 146
1339327.3.peg.4629.site.8, 0, 137, 137
1339327.3.peg.4629.site.9, 3, 136, 139
1339327.3.peg.4629.site.10, 0, 137, 137
1339327.3.peg.4629.site.11, 1, 135, 136
1339327.3.peg.4628.site.1, 0, 137, 137
1339327.3.peg.3119.site.1, 0, 135, 135
1339327.3.peg.4390.site.1, 2, 129, 131
1339327.3.peg.4390.site.2, 81, 130, 211
1339327.3.peg.4390.site.3, 76, 129, 205
1339327.3.peg.4390.site.4, 2, 129, 131
1339327.3.peg.4390.site.5, 3, 129, 132
1339327.3.peg.4390.site.6, 7, 128, 135
1339327.3.peg.4390.site.7, 1, 130, 131
1339327.3.peg.4390.site.8, 116, 121, 237
1339327.3.peg.4390.site.9, 17, 128, 145
1339327.3.peg.4390.site.10, 7, 128, 135
1339327.3.peg.4390.site.11, 73, 129, 202
1339327.3.peg.4390.site.12, 89, 130, 219
1339327.3.peg.4390.site.13, 12, 129, 141
1339327.3.peg.4390.site.14, 8, 130, 138
1339327.3.peg.4390.site.15, 2, 130, 132
1339327.3.peg.4390.site.16, 66, 130, 196
1339327.3.peg.4390.site.17, 115, 130, 245
1339327.3.peg.4390.site.18, 0, 130, 130
1339327.3.peg.4390.site.19, 8, 129, 137
1339327.3.peg.4390.site.20, 7, 129, 136
1339327.3.peg.4390.site.21, 11, 129, 140
1339327.3.peg.4390.site.22, 3, 129, 132
1339327.3.peg.4390.site.23, 1, 129, 130
1339327.3.peg.4390.site.24, 1, 130, 131
1339327.3.peg.4390.site.25, 8, 130, 138
1339327.3.peg.4390.site.26, 12, 129, 141
1339327.3.peg.4390.site.27, 92, 130, 222
1339327.3.peg.4390.site.28, 18, 128, 146
1339327.3.peg.4390.site.29, 26, 129, 155
1339327.3.peg.4390.site.30, 3, 129, 132
1339327.3.peg.4390.site.31, 4, 129, 133
1339327.3.peg.4390.site.32, 4, 129, 133
1339327.3.peg.4390.site.33, 1, 130, 131
1339327.3.peg.4390.site.34, 2, 130, 132
1339327.3.peg.4390.site.35, 0, 130, 130
1339327.3.peg.4390.site.36, 0, 130, 130
1339327.3.peg.4390.site.37, 49, 127, 176
1339327.3.peg.4390.site.38, 1, 130, 131
1339327.3.peg.4379.site.1, 5, 136, 141
1339327.3.peg.4379.site.2, 18, 134, 152
1339327.3.peg.4379.site.3, 5, 136, 141
1339327.3.peg.4379.site.4, 0, 136, 136
1339327.3.peg.4379.site.5, 123, 133, 256
1339327.3.peg.4379.site.6, 6, 134, 140
1339327.3.peg.4379.site.7, 0, 136, 136
1339327.3.peg.4379.site.8, 0, 135, 135
1339327.3.peg.4379.site.9, 0, 135, 135
1339327.3.peg.4379.site.10, 69, 132, 201
1339327.3.peg.4378.site.1, 66, 137, 203
1339327.3.peg.4378.site.2, 5, 137, 142
1339327.3.peg.4378.site.3, 4, 137, 141
1339327.3.peg.4378.site.4, 1, 137, 138
1339327.3.peg.4378.site.5, 32, 136, 168
1339327.3.peg.4378.site.6, 72, 133, 205
1339327.3.peg.4378.site.7, 20, 135, 155
1339327.3.peg.4378.site.8, 0, 136, 136
1339327.3.peg.4378.site.9, 2, 135, 137
1339327.3.peg.4378.site.10, 5, 135, 140
1339327.3.peg.4378.site.11, 0, 134, 134
1339327.3.peg.4378.site.12, 0, 135, 135
1339327.3.peg.4409.site.1, 0, 122, 122
1339327.3.peg.4409.site.2, 15, 125, 140
1339327.3.peg.4409.site.3, 3, 122, 125
1339327.3.peg.4409.site.4, 5, 122, 127
1339327.3.peg.4409.site.5, 22, 119, 141
1339327.3.peg.4409.site.6, 20, 117, 137
1339327.3.peg.4409.site.7, 21, 118, 139
1339327.3.peg.4409.site.8, 4, 125, 129
1339327.3.peg.4409.site.9, 2, 128, 130
1339327.3.peg.4409.site.10, 4, 126, 130
1339327.3.peg.4409.site.11, 110, 128, 238
1339327.3.peg.1109.site.1, 2, 137, 139
1339327.3.peg.1109.site.2, 3, 137, 140
1339327.3.peg.1109.site.3, 1, 137, 138
1339327.3.peg.1109.site.4, 0, 136, 136
1339327.3.peg.1109.site.5, 2, 131, 133
1339327.3.peg.1109.site.6, 4, 135, 139
1339327.3.peg.1109.site.7, 5, 137, 142
1339327.3.peg.1108.site.1, 3, 134, 137
1339327.3.peg.1108.site.2, 0, 137, 137
1339327.3.peg.1108.site.3, 14, 135, 149
1339327.3.peg.1108.site.4, 2, 137, 139
1339327.3.peg.1108.site.5, 11, 137, 148
1339327.3.peg.1108.site.6, 2, 137, 139
1339327.3.peg.1105.site.1, 6, 136, 142
1339327.3.peg.1105.site.2, 1, 137, 138
1339327.3.peg.1105.site.3, 6, 136, 142
1339327.3.peg.1105.site.4, 45, 136, 181
1339327.3.peg.1105.site.5, 1, 137, 138
1339327.3.peg.1105.site.6, 8, 136, 144
1339327.3.peg.1105.site.7, 0, 136, 136
1339327.3.peg.1105.site.8, 0, 134, 134
1339327.3.peg.1105.site.9, 2, 137, 139
1339327.3.peg.1105.site.10, 26, 136, 162
1339327.3.peg.1105.site.11, 1, 136, 137
1339327.3.peg.1105.site.12, 69, 137, 206
1339327.3.peg.1105.site.13, 14, 134, 148
1339327.3.peg.1105.site.14, 1, 136, 137
1339327.3.peg.1105.site.15, 1, 136, 137
1339327.3.peg.1105.site.16, 66, 137, 203
1339327.3.peg.1105.site.17, 25, 137, 162
1339327.3.peg.1105.site.18, 11, 137, 148
1339327.3.peg.1105.site.19, 0, 137, 137
1339327.3.peg.1105.site.20, 21, 136, 157
1339327.3.peg.1105.site.21, 3, 137, 140
1339327.3.peg.1104.site.1, 6, 135, 141
1339327.3.peg.1107.site.1, 10, 136, 146
1339327.3.peg.1107.site.2, 5, 137, 142
1339327.3.peg.1106.site.1, 5, 137, 142
1339327.3.peg.1106.site.2, 24, 137, 161
1339327.3.peg.1101.site.1, 3, 133, 136
1339327.3.peg.1101.site.2, 0, 136, 136
1339327.3.peg.1101.site.3, 2, 136, 138
1339327.3.peg.1101.site.4, 7, 137, 144
1339327.3.peg.1101.site.5, 6, 135, 141
1339327.3.peg.1101.site.6, 24, 134, 158
1339327.3.peg.1101.site.7, 128, 128, 256
1339327.3.peg.1101.site.8, 1, 137, 138
1339327.3.peg.1101.site.9, 8, 137, 145
1339327.3.peg.1101.site.10, 1, 137, 138
1339327.3.peg.1101.site.11, 40, 137, 177
1339327.3.peg.1101.site.12, 18, 136, 154
1339327.3.peg.1101.site.13, 29, 136, 165
1339327.3.peg.1100.site.1, 5, 135, 140
1339327.3.peg.1100.site.2, 0, 136, 136
1339327.3.peg.1100.site.3, 1, 137, 138
1339327.3.peg.1100.site.4, 2, 137, 139
1339327.3.peg.1100.site.5, 0, 137, 137
1339327.3.peg.1100.site.6, 16, 136, 152
1339327.3.peg.1100.site.7, 0, 137, 137
1339327.3.peg.1100.site.8, 0, 136, 136
1339327.3.peg.1100.site.9, 0, 135, 135
1339327.3.peg.1100.site.10, 10, 136, 146
1339327.3.peg.1100.site.11, 43, 136, 179
1339327.3.peg.1100.site.12, 3, 135, 138
1339327.3.peg.1100.site.13, 0, 134, 134
1339327.3.peg.1103.site.1, 11, 137, 148
1339327.3.peg.1103.site.2, 2, 137, 139
1339327.3.peg.1103.site.3, 13, 136, 149
1339327.3.peg.1103.site.4, 0, 137, 137
1339327.3.peg.1103.site.5, 19, 137, 156
1339327.3.peg.1103.site.6, 1, 136, 137
1339327.3.peg.1103.site.7, 78, 137, 215
1339327.3.peg.1103.site.8, 0, 137, 137
1339327.3.peg.1103.site.9, 1, 137, 138
1339327.3.peg.1103.site.10, 4, 137, 141
1339327.3.peg.1103.site.11, 0, 136, 136
1339327.3.peg.1103.site.12, 2, 136, 138
1339327.3.peg.1103.site.13, 10, 135, 145
1339327.3.peg.1103.site.14, 8, 135, 143
1339327.3.peg.1103.site.15, 0, 137, 137
1339327.3.peg.1102.site.1, 0, 133, 133
1339327.3.peg.1102.site.2, 8, 131, 139
1339327.3.peg.1102.site.3, 0, 135, 135
1339327.3.peg.1102.site.4, 122, 136, 258
1339327.3.peg.1102.site.5, 47, 136, 183
1339327.3.peg.1102.site.6, 28, 136, 164
1339327.3.peg.1102.site.7, 7, 135, 142
1339327.3.peg.1102.site.8, 0, 137, 137
1339327.3.peg.1102.site.9, 0, 137, 137
1339327.3.peg.1102.site.10, 4, 137, 141
1339327.3.peg.1102.site.11, 0, 136, 136
1339327.3.peg.1102.site.12, 0, 137, 137
1339327.3.peg.1102.site.13, 2, 136, 138
1339327.3.peg.2926.site.1, 1, 135, 136
1339327.3.peg.2926.site.2, 12, 134, 146
1339327.3.peg.2926.site.3, 3, 137, 140
1339327.3.peg.2926.site.4, 1, 136, 137
1339327.3.peg.2926.site.5, 38, 133, 171
1339327.3.peg.2926.site.6, 2, 133, 135
1339327.3.peg.2926.site.7, 28, 134, 162
1339327.3.peg.2926.site.8, 3, 132, 135
1339327.3.peg.2926.site.9, 29, 126, 155
1339327.3.peg.2926.site.10, 66, 135, 201
1339327.3.peg.2926.site.11, 0, 134, 134
1339327.3.peg.2926.site.12, 31, 137, 168
1339327.3.peg.2926.site.13, 54, 135, 189
1339327.3.peg.2926.site.14, 56, 136, 192
1339327.3.peg.2926.site.15, 49, 134, 183
1339327.3.peg.2927.site.1, 0, 129, 129
1339327.3.peg.2927.site.2, 4, 131, 135
1339327.3.peg.2927.site.3, 67, 134, 201
1339327.3.peg.2927.site.4, 23, 133, 156
1339327.3.peg.2927.site.5, 12, 133, 145
1339327.3.peg.2927.site.6, 0, 132, 132
1339327.3.peg.2927.site.7, 39, 131, 170
1339327.3.peg.2927.site.8, 5, 135, 140
1339327.3.peg.2924.site.1, 101, 136, 237
1339327.3.peg.2924.site.2, 123, 136, 259
1339327.3.peg.2924.site.3, 0, 133, 133
1339327.3.peg.2924.site.4, 0, 134, 134
1339327.3.peg.2924.site.5, 21, 130, 151
1339327.3.peg.2924.site.6, 2, 134, 136
1339327.3.peg.2924.site.7, 0, 134, 134
1339327.3.peg.2924.site.8, 24, 136, 160
1339327.3.peg.2924.site.9, 24, 135, 159
1339327.3.peg.2924.site.10, 2, 135, 137
1339327.3.peg.2924.site.11, 40, 137, 177
1339327.3.peg.2924.site.12, 1, 136, 137
1339327.3.peg.2924.site.13, 2, 136, 138
1339327.3.peg.2924.site.14, 22, 134, 156
1339327.3.peg.2924.site.15, 26, 135, 161
1339327.3.peg.2925.site.1, 17, 136, 153
1339327.3.peg.2925.site.2, 19, 135, 154
1339327.3.peg.2925.site.3, 3, 136, 139
1339327.3.peg.2925.site.4, 131, 137, 268
1339327.3.peg.2925.site.5, 2, 137, 139
1339327.3.peg.2925.site.6, 2, 133, 135
1339327.3.peg.2925.site.7, 17, 135, 152
1339327.3.peg.2925.site.8, 3, 135, 138
1339327.3.peg.2925.site.9, 3, 133, 136
1339327.3.peg.2925.site.10, 78, 134, 212
1339327.3.peg.2922.site.1, 128, 134, 262
1339327.3.peg.2922.site.2, 2, 134, 136
1339327.3.peg.2922.site.3, 88, 136, 224
1339327.3.peg.2922.site.4, 3, 136, 139
1339327.3.peg.2922.site.5, 0, 134, 134
1339327.3.peg.2922.site.6, 1, 135, 136
1339327.3.peg.2922.site.7, 0, 136, 136
1339327.3.peg.2923.site.1, 0, 132, 132
1339327.3.peg.2923.site.2, 3, 134, 137
1339327.3.peg.2923.site.3, 3, 133, 136
1339327.3.peg.2923.site.4, 9, 132, 141
1339327.3.peg.2921.site.1, 0, 135, 135
1339327.3.peg.2921.site.2, 3, 135, 138
1339327.3.peg.2921.site.3, 0, 136, 136
1339327.3.peg.2921.site.4, 14, 135, 149
1339327.3.peg.2921.site.5, 6, 136, 142
1339327.3.peg.2921.site.6, 18, 133, 151
1339327.3.peg.2921.site.7, 18, 134, 152
1339327.3.peg.2921.site.8, 26, 136, 162
1339327.3.peg.2921.site.9, 3, 135, 138
1339327.3.peg.2921.site.10, 111, 133, 244
1339327.3.peg.2921.site.11, 5, 134, 139
1339327.3.peg.2921.site.12, 0, 133, 133
1339327.3.peg.2921.site.13, 1, 134, 135
1339327.3.peg.2921.site.14, 1, 135, 136
1339327.3.peg.2921.site.15, 128, 134, 262
1339327.3.peg.2921.site.16, 41, 134, 175
1339327.3.peg.2928.site.1, 2, 135, 137
1339327.3.peg.2928.site.2, 32, 137, 169
1339327.3.peg.2928.site.3, 3, 135, 138
1339327.3.peg.2928.site.4, 37, 134, 171
1339327.3.peg.2928.site.5, 1, 135, 136
1339327.3.peg.2928.site.6, 1, 136, 137
1339327.3.peg.2928.site.7, 105, 137, 242
1339327.3.peg.2928.site.8, 2, 134, 136
1339327.3.peg.2928.site.9, 15, 133, 148
1339327.3.peg.2928.site.10, 5, 133, 138
1339327.3.peg.2928.site.11, 74, 132, 206
1339327.3.peg.2928.site.12, 0, 133, 133
1339327.3.peg.2928.site.13, 23, 132, 155
1339327.3.peg.2929.site.1, 2, 134, 136
1339327.3.peg.2929.site.2, 38, 134, 172
1339327.3.peg.2929.site.3, 2, 132, 134
1339327.3.peg.2929.site.4, 41, 130, 171
1339327.3.peg.2929.site.5, 0, 133, 133
1339327.3.peg.2929.site.6, 0, 135, 135
1339327.3.peg.2929.site.7, 9, 134, 143
1339327.3.peg.2929.site.8, 20, 136, 156
1339327.3.peg.2929.site.9, 3, 131, 134
1339327.3.peg.2929.site.10, 19, 134, 153
1339327.3.peg.2929.site.11, 16, 136, 152
1339327.3.peg.2929.site.12, 8, 134, 142
1339327.3.peg.2929.site.13, 73, 136, 209
1339327.3.peg.2929.site.14, 5, 137, 142
1339327.3.peg.2929.site.15, 23, 135, 158
1339327.3.peg.2929.site.16, 3, 135, 138
1339327.3.peg.2929.site.17, 42, 136, 178
1339327.3.peg.2929.site.18, 0, 136, 136
1339327.3.peg.2929.site.19, 6, 134, 140
1339327.3.peg.2929.site.20, 2, 134, 136
1339327.3.peg.2929.site.21, 7, 134, 141
1339327.3.peg.2929.site.22, 11, 136, 147
1339327.3.peg.2929.site.23, 6, 135, 141
1339327.3.peg.2929.site.24, 3, 135, 138
1339327.3.peg.2929.site.25, 92, 136, 228
1339327.3.peg.2929.site.26, 3, 136, 139
1339327.3.peg.2929.site.27, 2, 137, 139
1339327.3.peg.2929.site.28, 2, 136, 138
1339327.3.peg.2929.site.29, 2, 134, 136
1339327.3.peg.2929.site.30, 72, 133, 205
1339327.3.peg.2929.site.31, 5, 135, 140
1339327.3.peg.2929.site.32, 3, 135, 138
1339327.3.peg.2929.site.33, 63, 135, 198
1339327.3.peg.2929.site.34, 3, 135, 138
1339327.3.peg.2929.site.35, 125, 125, 250
1339327.3.peg.2929.site.36, 21, 135, 156
1339327.3.peg.2929.site.37, 5, 133, 138
1339327.3.peg.2929.site.38, 2, 136, 138
1339327.3.peg.2929.site.39, 0, 135, 135
1339327.3.peg.2929.site.40, 3, 134, 137
1339327.3.peg.2929.site.41, 3, 134, 137
1339327.3.peg.2929.site.42, 4, 131, 135
1339327.3.peg.1299.site.1, 2, 137, 139
1339327.3.peg.1299.site.2, 3, 137, 140
1339327.3.peg.1299.site.3, 0, 137, 137
1339327.3.peg.1299.site.4, 19, 137, 156
1339327.3.peg.1299.site.5, 0, 135, 135
1339327.3.peg.1299.site.6, 4, 135, 139
1339327.3.peg.1299.site.7, 44, 135, 179
1339327.3.peg.1299.site.8, 4, 135, 139
1339327.3.peg.1299.site.9, 3, 137, 140
1339327.3.peg.1299.site.10, 0, 136, 136
1339327.3.peg.1299.site.11, 92, 135, 227
1339327.3.peg.1299.site.12, 1, 134, 135
1339327.3.peg.1299.site.13, 4, 134, 138
1339327.3.peg.1299.site.14, 0, 134, 134
1339327.3.peg.1299.site.15, 20, 120, 140
1339327.3.peg.1299.site.16, 3, 119, 122
1339327.3.peg.1298.site.1, 6, 137, 143
1339327.3.peg.1298.site.2, 2, 136, 138
1339327.3.peg.1298.site.3, 6, 136, 142
1339327.3.peg.1295.site.1, 2, 136, 138
1339327.3.peg.1295.site.2, 1, 135, 136
1339327.3.peg.1295.site.3, 43, 136, 179
1339327.3.peg.1295.site.4, 1, 134, 135
1339327.3.peg.1295.site.5, 2, 134, 136
1339327.3.peg.1297.site.1, 1, 137, 138
1339327.3.peg.1297.site.2, 3, 135, 138
1339327.3.peg.1297.site.3, 3, 137, 140
1339327.3.peg.1297.site.4, 4, 137, 141
1339327.3.peg.1297.site.5, 11, 137, 148
1339327.3.peg.1297.site.6, 5, 137, 142
1339327.3.peg.1297.site.7, 6, 136, 142
1339327.3.peg.1297.site.8, 2, 134, 136
1339327.3.peg.1297.site.9, 1, 131, 132
1339327.3.peg.1297.site.10, 1, 136, 137
1339327.3.peg.1297.site.11, 1, 137, 138
1339327.3.peg.1297.site.12, 0, 137, 137
1339327.3.peg.1296.site.1, 8, 137, 145
1339327.3.peg.1296.site.2, 130, 136, 266
1339327.3.peg.1296.site.3, 3, 136, 139
1339327.3.peg.1291.site.1, 3, 137, 140
1339327.3.peg.1291.site.2, 5, 134, 139
1339327.3.peg.5132.site.1, 8, 121, 129
1339327.3.peg.5132.site.2, 12, 124, 136
1339327.3.peg.5132.site.3, 1, 123, 124
1339327.3.peg.5132.site.4, 18, 121, 139
1339327.3.peg.5132.site.5, 3, 124, 127
1339327.3.peg.5132.site.6, 18, 124, 142
1339327.3.peg.5132.site.7, 56, 122, 178
1339327.3.peg.5132.site.8, 25, 123, 148
1339327.3.peg.5132.site.9, 3, 124, 127
1339327.3.peg.5132.site.10, 4, 120, 124
1339327.3.peg.5132.site.11, 0, 124, 124
1339327.3.peg.5132.site.12, 1, 124, 125
1339327.3.peg.5132.site.13, 17, 124, 141
1339327.3.peg.5132.site.14, 12, 124, 136
1339327.3.peg.5132.site.15, 2, 124, 126
1339327.3.peg.5132.site.16, 3, 123, 126
1339327.3.peg.5132.site.17, 0, 123, 123
1339327.3.peg.1031.site.1, 0, 135, 135
1339327.3.peg.1031.site.2, 24, 137, 161
1339327.3.peg.1031.site.3, 1, 137, 138
1339327.3.peg.1031.site.4, 2, 136, 138
1339327.3.peg.1031.site.5, 1, 134, 135
1339327.3.peg.1031.site.6, 0, 137, 137
1339327.3.peg.1031.site.7, 0, 137, 137
1339327.3.peg.1031.site.8, 1, 136, 137
1339327.3.peg.1031.site.9, 18, 136, 154
1339327.3.peg.1030.site.1, 43, 111, 154
1339327.3.peg.1030.site.2, 2, 114, 116
1339327.3.peg.1030.site.3, 3, 129, 132
1339327.3.peg.1030.site.4, 1, 136, 137
1339327.3.peg.1030.site.5, 3, 136, 139
1339327.3.peg.1030.site.6, 64, 136, 200
1339327.3.peg.1030.site.7, 13, 136, 149
1339327.3.peg.1030.site.8, 112, 137, 249
1339327.3.peg.1030.site.9, 25, 137, 162
1339327.3.peg.1030.site.10, 1, 137, 138
1339327.3.peg.1030.site.11, 0, 135, 135
1339327.3.peg.1030.site.12, 2, 137, 139
1339327.3.peg.1030.site.13, 2, 136, 138
1339327.3.peg.1030.site.14, 3, 136, 139
1339327.3.peg.1030.site.15, 3, 137, 140
1339327.3.peg.1033.site.1, 129, 136, 265
1339327.3.peg.1033.site.2, 3, 137, 140
1339327.3.peg.1033.site.3, 38, 136, 174
1339327.3.peg.1033.site.4, 19, 135, 154
1339327.3.peg.1033.site.5, 1, 135, 136
1339327.3.peg.1033.site.6, 1, 135, 136
1339327.3.peg.1033.site.7, 2, 136, 138
1339327.3.peg.1033.site.8, 17, 135, 152
1339327.3.peg.1033.site.9, 106, 134, 240
1339327.3.peg.1033.site.10, 18, 137, 155
1339327.3.peg.1033.site.11, 19, 137, 156
1339327.3.peg.1033.site.12, 28, 137, 165
1339327.3.peg.1033.site.13, 0, 137, 137
1339327.3.peg.1033.site.14, 0, 137, 137
1339327.3.peg.1033.site.15, 14, 135, 149
1339327.3.peg.1033.site.16, 31, 136, 167
1339327.3.peg.1033.site.17, 0, 136, 136
1339327.3.peg.1033.site.18, 3, 136, 139
1339327.3.peg.1032.site.1, 0, 135, 135
1339327.3.peg.1032.site.2, 7, 136, 143
1339327.3.peg.1032.site.3, 4, 135, 139
1339327.3.peg.1032.site.4, 4, 135, 139
1339327.3.peg.1032.site.5, 15, 135, 150
1339327.3.peg.1032.site.6, 3, 136, 139
1339327.3.peg.1032.site.7, 10, 135, 145
1339327.3.peg.1032.site.8, 27, 135, 162
1339327.3.peg.1032.site.9, 0, 137, 137
1339327.3.peg.1032.site.10, 6, 137, 143
1339327.3.peg.1032.site.11, 37, 134, 171
1339327.3.peg.1032.site.12, 91, 136, 227
1339327.3.peg.1032.site.13, 1, 136, 137
1339327.3.peg.1032.site.14, 4, 137, 141
1339327.3.peg.1032.site.15, 84, 137, 221
1339327.3.peg.1032.site.16, 15, 136, 151
1339327.3.peg.1032.site.17, 1, 136, 137
1339327.3.peg.1032.site.18, 3, 136, 139
1339327.3.peg.1032.site.19, 114, 135, 249
1339327.3.peg.1032.site.20, 66, 135, 201
1339327.3.peg.1032.site.21, 45, 136, 181
1339327.3.peg.1032.site.22, 18, 137, 155
1339327.3.peg.1032.site.23, 2, 135, 137
1339327.3.peg.1032.site.24, 0, 135, 135
1339327.3.peg.1032.site.25, 19, 136, 155
1339327.3.peg.1032.site.26, 6, 136, 142
1339327.3.peg.1032.site.27, 2, 137, 139
1339327.3.peg.1032.site.28, 43, 134, 177
1339327.3.peg.1032.site.29, 12, 136, 148
1339327.3.peg.1032.site.30, 87, 136, 223
1339327.3.peg.1032.site.31, 1, 132, 133
1339327.3.peg.1032.site.32, 4, 136, 140
1339327.3.peg.1032.site.33, 104, 135, 239
1339327.3.peg.1032.site.34, 2, 136, 138
1339327.3.peg.1032.site.35, 72, 135, 207
1339327.3.peg.1032.site.36, 8, 136, 144
1339327.3.peg.1032.site.37, 17, 136, 153
1339327.3.peg.1032.site.38, 7, 137, 144
1339327.3.peg.1032.site.39, 0, 136, 136
1339327.3.peg.2038.site.1, 4, 137, 141
1339327.3.peg.2038.site.2, 34, 134, 168
1339327.3.peg.2038.site.3, 101, 135, 236
1339327.3.peg.2038.site.4, 70, 135, 205
1339327.3.peg.2038.site.5, 4, 135, 139
1339327.3.peg.2038.site.6, 83, 135, 218
1339327.3.peg.2039.site.1, 2, 135, 137
1339327.3.peg.2039.site.2, 4, 133, 137
1339327.3.peg.2039.site.3, 9, 126, 135
1339327.3.peg.2039.site.4, 4, 130, 134
1339327.3.peg.2039.site.5, 2, 125, 127
1339327.3.peg.2039.site.6, 57, 134, 191
1339327.3.peg.2039.site.7, 1, 135, 136
1339327.3.peg.2039.site.8, 1, 122, 123
1339327.3.peg.2039.site.9, 84, 135, 219
1339327.3.peg.2039.site.10, 27, 135, 162
1339327.3.peg.2039.site.11, 2, 133, 135
1339327.3.peg.2039.site.12, 3, 133, 136
1339327.3.peg.2039.site.13, 1, 134, 135
1339327.3.peg.2039.site.14, 19, 135, 154
1339327.3.peg.2039.site.15, 112, 135, 247
1339327.3.peg.2039.site.16, 1, 134, 135
1339327.3.peg.5042.site.1, 1, 137, 138
1339327.3.peg.5042.site.2, 2, 137, 139
1339327.3.peg.5042.site.3, 10, 137, 147
1339327.3.peg.5042.site.4, 2, 137, 139
1339327.3.peg.5042.site.5, 3, 137, 140
1339327.3.peg.5042.site.6, 2, 137, 139
1339327.3.peg.5042.site.7, 4, 136, 140
1339327.3.peg.5042.site.8, 2, 135, 137
1339327.3.peg.5042.site.9, 7, 137, 144
1339327.3.peg.5042.site.10, 4, 136, 140
1339327.3.peg.5042.site.11, 24, 136, 160
1339327.3.peg.5042.site.12, 25, 137, 162
1339327.3.peg.5042.site.13, 2, 137, 139
1339327.3.peg.5042.site.14, 0, 133, 133
1339327.3.peg.5042.site.15, 7, 135, 142
1339327.3.peg.5042.site.16, 25, 136, 161
1339327.3.peg.5043.site.1, 18, 135, 153
1339327.3.peg.5043.site.2, 31, 134, 165
1339327.3.peg.5043.site.3, 2, 137, 139
1339327.3.peg.5043.site.4, 32, 136, 168
1339327.3.peg.5043.site.5, 1, 137, 138
1339327.3.peg.5043.site.6, 6, 132, 138
1339327.3.peg.5043.site.7, 3, 137, 140
1339327.3.peg.5043.site.8, 4, 137, 141
1339327.3.peg.5043.site.9, 7, 135, 142
1339327.3.peg.5043.site.10, 17, 137, 154
1339327.3.peg.5043.site.11, 0, 137, 137
1339327.3.peg.5043.site.12, 120, 137, 257
1339327.3.peg.5043.site.13, 15, 136, 151
1339327.3.peg.5043.site.14, 1, 137, 138
1339327.3.peg.5043.site.15, 0, 136, 136
1339327.3.peg.5043.site.16, 2, 137, 139
1339327.3.peg.2034.site.1, 0, 136, 136
1339327.3.peg.2035.site.1, 33, 133, 166
1339327.3.peg.2035.site.2, 72, 135, 207
1339327.3.peg.2035.site.3, 0, 135, 135
1339327.3.peg.2035.site.4, 2, 136, 138
1339327.3.peg.2035.site.5, 5, 137, 142
1339327.3.peg.2035.site.6, 62, 135, 197
1339327.3.peg.2036.site.1, 0, 137, 137
1339327.3.peg.2036.site.2, 101, 134, 235
1339327.3.peg.2036.site.3, 10, 134, 144
1339327.3.peg.2037.site.1, 1, 131, 132
1339327.3.peg.2037.site.2, 2, 135, 137
1339327.3.peg.2037.site.3, 8, 132, 140
1339327.3.peg.2037.site.4, 10, 132, 142
1339327.3.peg.2037.site.5, 5, 135, 140
1339327.3.peg.2037.site.6, 4, 136, 140
1339327.3.peg.2037.site.7, 3, 137, 140
1339327.3.peg.2037.site.8, 0, 135, 135
1339327.3.peg.2037.site.9, 2, 135, 137
1339327.3.peg.2037.site.10, 2, 135, 137
1339327.3.peg.2037.site.11, 50, 136, 186
1339327.3.peg.2030.site.1, 0, 134, 134
1339327.3.peg.2030.site.2, 123, 126, 249
1339327.3.peg.2030.site.3, 16, 137, 153
1339327.3.peg.2030.site.4, 125, 136, 261
1339327.3.peg.2030.site.5, 46, 136, 182
1339327.3.peg.2030.site.6, 44, 137, 181
1339327.3.peg.2030.site.7, 2, 133, 135
1339327.3.peg.2030.site.8, 15, 136, 151
1339327.3.peg.2030.site.9, 0, 136, 136
1339327.3.peg.2030.site.10, 8, 134, 142
1339327.3.peg.2030.site.11, 16, 136, 152
1339327.3.peg.2030.site.12, 3, 136, 139
1339327.3.peg.2030.site.13, 3, 137, 140
1339327.3.peg.2030.site.14, 2, 137, 139
1339327.3.peg.2031.site.1, 2, 136, 138
1339327.3.peg.2031.site.2, 2, 135, 137
1339327.3.peg.2031.site.3, 19, 136, 155
1339327.3.peg.2031.site.4, 3, 137, 140
1339327.3.peg.2031.site.5, 10, 136, 146
1339327.3.peg.2031.site.6, 11, 136, 147
1339327.3.peg.2031.site.7, 5, 135, 140
1339327.3.peg.2031.site.8, 4, 136, 140
1339327.3.peg.2032.site.1, 0, 136, 136
1339327.3.peg.2032.site.2, 0, 132, 132
1339327.3.peg.2032.site.3, 5, 128, 133
1339327.3.peg.2032.site.4, 1, 128, 129
1339327.3.peg.2032.site.5, 9, 134, 143
1339327.3.peg.2032.site.6, 5, 136, 141
1339327.3.peg.2032.site.7, 58, 135, 193
1339327.3.peg.2032.site.8, 0, 133, 133
1339327.3.peg.2032.site.9, 8, 135, 143
1339327.3.peg.2033.site.1, 0, 135, 135
1339327.3.peg.2033.site.2, 100, 137, 237
1339327.3.peg.2033.site.3, 5, 137, 142
1339327.3.peg.2033.site.4, 95, 135, 230
1339327.3.peg.2033.site.5, 2, 134, 136
1339327.3.peg.2033.site.6, 21, 137, 158
1339327.3.peg.2033.site.7, 8, 136, 144
1339327.3.peg.2033.site.8, 2, 136, 138
1339327.3.peg.2033.site.9, 3, 136, 139
1339327.3.peg.3525.site.1, 64, 136, 200
1339327.3.peg.3525.site.2, 8, 136, 144
1339327.3.peg.3525.site.3, 3, 135, 138
1339327.3.peg.3525.site.4, 35, 135, 170
1339327.3.peg.3525.site.5, 5, 133, 138
1339327.3.peg.3524.site.1, 20, 135, 155
1339327.3.peg.3524.site.2, 5, 137, 142
1339327.3.peg.3524.site.3, 28, 134, 162
1339327.3.peg.3524.site.4, 12, 135, 147
1339327.3.peg.3524.site.5, 3, 135, 138
1339327.3.peg.3524.site.6, 1, 132, 133
1339327.3.peg.3524.site.7, 3, 133, 136
1339327.3.peg.3524.site.8, 0, 132, 132
1339327.3.peg.3524.site.9, 3, 136, 139
1339327.3.peg.3524.site.10, 4, 134, 138
1339327.3.peg.3524.site.11, 3, 136, 139
1339327.3.peg.3524.site.12, 9, 126, 135
1339327.3.peg.3524.site.13, 5, 127, 132
1339327.3.peg.3524.site.14, 0, 130, 130
1339327.3.peg.3524.site.15, 1, 133, 134
1339327.3.peg.3524.site.16, 27, 131, 158
1339327.3.peg.3524.site.17, 5, 131, 136
1339327.3.peg.3524.site.18, 3, 130, 133
1339327.3.peg.3524.site.19, 4, 131, 135
1339327.3.peg.3524.site.20, 1, 134, 135
1339327.3.peg.3524.site.21, 18, 135, 153
1339327.3.peg.3524.site.22, 3, 136, 139
1339327.3.peg.3524.site.23, 1, 134, 135
1339327.3.peg.3524.site.24, 0, 136, 136
1339327.3.peg.3524.site.25, 0, 136, 136
1339327.3.peg.3524.site.26, 2, 136, 138
1339327.3.peg.3524.site.27, 15, 134, 149
1339327.3.peg.3524.site.28, 94, 135, 229
1339327.3.peg.3524.site.29, 3, 134, 137
1339327.3.peg.3524.site.30, 18, 134, 152
1339327.3.peg.3524.site.31, 128, 134, 262
1339327.3.peg.3524.site.32, 19, 133, 152
1339327.3.peg.3524.site.33, 125, 134, 259
1339327.3.peg.3524.site.34, 1, 131, 132
1339327.3.peg.3524.site.35, 3, 134, 137
1339327.3.peg.3524.site.36, 3, 133, 136
1339327.3.peg.3524.site.37, 2, 135, 137
1339327.3.peg.3524.site.38, 0, 132, 132
1339327.3.peg.3524.site.39, 1, 136, 137
1339327.3.peg.3524.site.40, 93, 135, 228
1339327.3.peg.3524.site.41, 3, 134, 137
1339327.3.peg.3524.site.42, 3, 136, 139
1339327.3.peg.3524.site.43, 3, 136, 139
1339327.3.peg.3524.site.44, 97, 133, 230
1339327.3.peg.3524.site.45, 4, 134, 138
1339327.3.peg.3524.site.46, 3, 134, 137
1339327.3.peg.3524.site.47, 3, 134, 137
1339327.3.peg.3524.site.48, 8, 135, 143
1339327.3.peg.3524.site.49, 1, 133, 134
1339327.3.peg.3524.site.50, 0, 135, 135
1339327.3.peg.3524.site.51, 1, 136, 137
1339327.3.peg.3527.site.1, 5, 134, 139
1339327.3.peg.3527.site.2, 0, 132, 132
1339327.3.peg.3527.site.3, 8, 135, 143
1339327.3.peg.3527.site.4, 1, 135, 136
1339327.3.peg.3527.site.5, 0, 136, 136
1339327.3.peg.3527.site.6, 1, 136, 137
1339327.3.peg.3527.site.7, 2, 134, 136
1339327.3.peg.3527.site.8, 0, 135, 135
1339327.3.peg.3527.site.9, 4, 136, 140
1339327.3.peg.3527.site.10, 6, 136, 142
1339327.3.peg.3527.site.11, 29, 136, 165
1339327.3.peg.3527.site.12, 5, 136, 141
1339327.3.peg.3527.site.13, 83, 135, 218
1339327.3.peg.3527.site.14, 102, 135, 237
1339327.3.peg.3527.site.15, 65, 135, 200
1339327.3.peg.3527.site.16, 6, 136, 142
1339327.3.peg.3527.site.17, 2, 136, 138
1339327.3.peg.3527.site.18, 51, 136, 187
1339327.3.peg.3527.site.19, 0, 133, 133
1339327.3.peg.3526.site.1, 0, 135, 135
1339327.3.peg.3526.site.2, 13, 135, 148
1339327.3.peg.3526.site.3, 2, 136, 138
1339327.3.peg.3526.site.4, 57, 135, 192
1339327.3.peg.3526.site.5, 0, 135, 135
1339327.3.peg.3526.site.6, 5, 135, 140
1339327.3.peg.3526.site.7, 3, 133, 136
1339327.3.peg.3526.site.8, 77, 132, 209
1339327.3.peg.3526.site.9, 0, 135, 135
1339327.3.peg.3526.site.10, 0, 135, 135
1339327.3.peg.3526.site.11, 12, 135, 147
1339327.3.peg.3526.site.12, 34, 136, 170
1339327.3.peg.3526.site.13, 0, 136, 136
1339327.3.peg.3526.site.14, 5, 135, 140
1339327.3.peg.3526.site.15, 86, 136, 222
1339327.3.peg.4524.site.1, 0, 137, 137
1339327.3.peg.4524.site.2, 7, 137, 144
1339327.3.peg.4524.site.3, 1, 135, 136
1339327.3.peg.4524.site.4, 35, 134, 169
1339327.3.peg.4524.site.5, 0, 137, 137
1339327.3.peg.4524.site.6, 0, 137, 137
1339327.3.peg.4524.site.7, 0, 136, 136
1339327.3.peg.2589.site.1, 10, 132, 142
1339327.3.peg.2589.site.2, 10, 135, 145
1339327.3.peg.2589.site.3, 12, 135, 147
1339327.3.peg.2589.site.4, 50, 133, 183
1339327.3.peg.2589.site.5, 6, 135, 141
1339327.3.peg.2589.site.6, 9, 135, 144
1339327.3.peg.2589.site.7, 30, 135, 165
1339327.3.peg.2589.site.8, 2, 132, 134
1339327.3.peg.2589.site.9, 2, 134, 136
1339327.3.peg.2589.site.10, 11, 136, 147
1339327.3.peg.2589.site.11, 10, 135, 145
1339327.3.peg.2589.site.12, 3, 135, 138
1339327.3.peg.2858.site.1, 14, 134, 148
1339327.3.peg.2858.site.2, 4, 136, 140
1339327.3.peg.2858.site.3, 25, 136, 161
1339327.3.peg.2858.site.4, 3, 136, 139
1339327.3.peg.2858.site.5, 25, 136, 161
1339327.3.peg.2858.site.6, 2, 137, 139
1339327.3.peg.2858.site.7, 12, 137, 149
1339327.3.peg.2858.site.8, 3, 136, 139
1339327.3.peg.2858.site.9, 4, 136, 140
1339327.3.peg.2858.site.10, 13, 135, 148
1339327.3.peg.2858.site.11, 1, 132, 133
1339327.3.peg.2858.site.12, 10, 133, 143
1339327.3.peg.2858.site.13, 2, 135, 137
1339327.3.peg.2858.site.14, 2, 136, 138
1339327.3.peg.2858.site.15, 1, 137, 138
1339327.3.peg.2858.site.16, 3, 137, 140
1339327.3.peg.2858.site.17, 0, 137, 137
1339327.3.peg.2859.site.1, 3, 136, 139
1339327.3.peg.2859.site.2, 75, 135, 210
1339327.3.peg.2859.site.3, 9, 134, 143
1339327.3.peg.2859.site.4, 5, 136, 141
1339327.3.peg.2859.site.5, 3, 135, 138
1339327.3.peg.2859.site.6, 0, 135, 135
1339327.3.peg.2859.site.7, 95, 133, 228
1339327.3.peg.2859.site.8, 6, 137, 143
1339327.3.peg.2859.site.9, 31, 133, 164
1339327.3.peg.2859.site.10, 5, 133, 138
1339327.3.peg.2859.site.11, 16, 134, 150
1339327.3.peg.2859.site.12, 10, 136, 146
1339327.3.peg.2859.site.13, 2, 136, 138
1339327.3.peg.2859.site.14, 3, 135, 138
1339327.3.peg.2859.site.15, 12, 135, 147
1339327.3.peg.2859.site.16, 2, 134, 136
1339327.3.peg.2859.site.17, 2, 133, 135
1339327.3.peg.2859.site.18, 16, 136, 152
1339327.3.peg.2859.site.19, 26, 136, 162
1339327.3.peg.2859.site.20, 3, 136, 139
1339327.3.peg.2859.site.21, 68, 136, 204
1339327.3.peg.2859.site.22, 2, 136, 138
1339327.3.peg.2584.site.1, 2, 136, 138
1339327.3.peg.2584.site.2, 1, 136, 137
1339327.3.peg.2584.site.3, 1, 134, 135
1339327.3.peg.2584.site.4, 34, 133, 167
1339327.3.peg.2857.site.1, 5, 133, 138
1339327.3.peg.2857.site.2, 2, 136, 138
1339327.3.peg.2854.site.1, 3, 136, 139
1339327.3.peg.2854.site.2, 65, 125, 190
1339327.3.peg.2854.site.3, 2, 136, 138
1339327.3.peg.2854.site.4, 4, 134, 138
1339327.3.peg.2854.site.5, 28, 134, 162
1339327.3.peg.2854.site.6, 0, 134, 134
1339327.3.peg.2854.site.7, 118, 135, 253
1339327.3.peg.2854.site.8, 1, 135, 136
1339327.3.peg.2854.site.9, 0, 134, 134
1339327.3.peg.2854.site.10, 0, 134, 134
1339327.3.peg.2854.site.11, 4, 137, 141
1339327.3.peg.2854.site.12, 118, 133, 251
1339327.3.peg.2855.site.1, 0, 136, 136
1339327.3.peg.2855.site.2, 3, 134, 137
1339327.3.peg.2855.site.3, 2, 133, 135
1339327.3.peg.2855.site.4, 3, 134, 137
1339327.3.peg.2580.site.1, 0, 136, 136
1339327.3.peg.2580.site.2, 0, 135, 135
1339327.3.peg.2580.site.3, 4, 137, 141
1339327.3.peg.2580.site.4, 0, 135, 135
1339327.3.peg.2580.site.5, 30, 133, 163
1339327.3.peg.2580.site.6, 3, 134, 137
1339327.3.peg.2580.site.7, 1, 135, 136
1339327.3.peg.2580.site.8, 1, 135, 136
1339327.3.peg.2580.site.9, 0, 135, 135
1339327.3.peg.2580.site.10, 3, 133, 136
1339327.3.peg.2580.site.11, 3, 135, 138
1339327.3.peg.2580.site.12, 2, 137, 139
1339327.3.peg.2580.site.13, 0, 137, 137
1339327.3.peg.2580.site.14, 24, 137, 161
1339327.3.peg.2580.site.15, 1, 135, 136
1339327.3.peg.2580.site.16, 61, 136, 197
1339327.3.peg.2581.site.1, 3, 135, 138
1339327.3.peg.2581.site.2, 25, 136, 161
1339327.3.peg.2581.site.3, 16, 137, 153
1339327.3.peg.2581.site.4, 0, 135, 135
1339327.3.peg.2581.site.5, 3, 134, 137
1339327.3.peg.2581.site.6, 1, 133, 134
1339327.3.peg.2581.site.7, 29, 132, 161
1339327.3.peg.2581.site.8, 23, 133, 156
1339327.3.peg.2581.site.9, 19, 137, 156
1339327.3.peg.2581.site.10, 4, 135, 139
1339327.3.peg.2582.site.1, 12, 132, 144
1339327.3.peg.2582.site.2, 22, 136, 158
1339327.3.peg.2582.site.3, 25, 135, 160
1339327.3.peg.2582.site.4, 12, 137, 149
1339327.3.peg.2582.site.5, 4, 137, 141
1339327.3.peg.2582.site.6, 0, 137, 137
1339327.3.peg.2582.site.7, 4, 137, 141
1339327.3.peg.2582.site.8, 4, 135, 139
1339327.3.peg.2582.site.9, 1, 133, 134
1339327.3.peg.2582.site.10, 15, 136, 151
1339327.3.peg.2582.site.11, 32, 136, 168
1339327.3.peg.2583.site.1, 0, 134, 134
1339327.3.peg.2583.site.2, 5, 137, 142
1339327.3.peg.2583.site.3, 5, 135, 140
1339327.3.peg.2583.site.4, 6, 136, 142
1339327.3.peg.2583.site.5, 5, 134, 139
1339327.3.peg.2583.site.6, 55, 135, 190
1339327.3.peg.2583.site.7, 4, 136, 140
1339327.3.peg.2583.site.8, 3, 134, 137
1339327.3.peg.2583.site.9, 0, 134, 134
1339327.3.peg.2583.site.10, 33, 134, 167
1339327.3.peg.2583.site.11, 15, 133, 148
1339327.3.peg.2583.site.12, 0, 135, 135
1339327.3.peg.3339.site.1, 1, 137, 138
1339327.3.peg.3339.site.2, 45, 135, 180
1339327.3.peg.3339.site.3, 1, 136, 137
1339327.3.peg.3339.site.4, 0, 137, 137
1339327.3.peg.3339.site.5, 50, 137, 187
1339327.3.peg.3339.site.6, 3, 135, 138
1339327.3.peg.3339.site.7, 0, 135, 135
1339327.3.peg.3339.site.8, 65, 136, 201
1339327.3.peg.1581.site.1, 3, 136, 139
1339327.3.peg.1581.site.2, 16, 137, 153
1339327.3.peg.1581.site.3, 24, 136, 160
1339327.3.peg.1581.site.4, 11, 137, 148
1339327.3.peg.1581.site.5, 0, 134, 134
1339327.3.peg.1581.site.6, 27, 134, 161
1339327.3.peg.1581.site.7, 2, 137, 139
1339327.3.peg.1581.site.8, 30, 135, 165
1339327.3.peg.1581.site.9, 15, 136, 151
1339327.3.peg.1581.site.10, 5, 136, 141
1339327.3.peg.1581.site.11, 1, 137, 138
1339327.3.peg.1581.site.12, 1, 136, 137
1339327.3.peg.1581.site.13, 13, 135, 148
1339327.3.peg.1581.site.14, 2, 136, 138
1339327.3.peg.1581.site.15, 7, 136, 143
1339327.3.peg.1581.site.16, 3, 134, 137
1339327.3.peg.748.site.1, 8, 137, 145
1339327.3.peg.748.site.2, 3, 136, 139
1339327.3.peg.748.site.3, 11, 137, 148
1339327.3.peg.1585.site.1, 2, 135, 137
1339327.3.peg.1585.site.2, 1, 133, 134
1339327.3.peg.1585.site.3, 4, 133, 137
1339327.3.peg.1587.site.1, 51, 136, 187
1339327.3.peg.1587.site.2, 48, 135, 183
1339327.3.peg.1587.site.3, 2, 127, 129
1339327.3.peg.1587.site.4, 3, 136, 139
1339327.3.peg.1587.site.5, 0, 136, 136
1339327.3.peg.1587.site.6, 15, 136, 151
1339327.3.peg.1587.site.7, 4, 137, 141
1339327.3.peg.1587.site.8, 1, 134, 135
1339327.3.peg.1589.site.1, 1, 136, 137
1339327.3.peg.1589.site.2, 0, 133, 133
1339327.3.peg.1589.site.3, 0, 135, 135
1339327.3.peg.1589.site.4, 2, 136, 138
1339327.3.peg.1589.site.5, 69, 137, 206
1339327.3.peg.1588.site.1, 11, 137, 148
1339327.3.peg.1588.site.2, 2, 136, 138
1339327.3.peg.1588.site.3, 5, 136, 141
1339327.3.peg.1588.site.4, 0, 131, 131
1339327.3.peg.1588.site.5, 61, 136, 197
1339327.3.peg.743.site.1, 0, 136, 136
1339327.3.peg.743.site.2, 5, 136, 141
1339327.3.peg.742.site.1, 9, 136, 145
1339327.3.peg.742.site.2, 6, 137, 143
1339327.3.peg.742.site.3, 7, 136, 143
1339327.3.peg.742.site.4, 2, 137, 139
1339327.3.peg.745.site.1, 0, 135, 135
1339327.3.peg.745.site.2, 1, 136, 137
1339327.3.peg.745.site.3, 3, 136, 139
1339327.3.peg.745.site.4, 11, 137, 148
1339327.3.peg.745.site.5, 82, 137, 219
1339327.3.peg.745.site.6, 38, 136, 174
1339327.3.peg.745.site.7, 2, 137, 139
1339327.3.peg.745.site.8, 2, 137, 139
1339327.3.peg.745.site.9, 1, 136, 137
1339327.3.peg.745.site.10, 4, 137, 141
1339327.3.peg.744.site.1, 1, 137, 138
1339327.3.peg.744.site.2, 3, 137, 140
1339327.3.peg.744.site.3, 0, 135, 135
1339327.3.peg.744.site.4, 129, 135, 264
1339327.3.peg.744.site.5, 15, 134, 149
1339327.3.peg.744.site.6, 17, 137, 154
1339327.3.peg.744.site.7, 116, 137, 253
1339327.3.peg.744.site.8, 1, 137, 138
1339327.3.peg.744.site.9, 3, 136, 139
1339327.3.peg.744.site.10, 9, 136, 145
1339327.3.peg.744.site.11, 1, 135, 136
1339327.3.peg.744.site.12, 9, 136, 145
1339327.3.peg.744.site.13, 0, 137, 137
1339327.3.peg.744.site.14, 0, 137, 137
1339327.3.peg.747.site.1, 2, 136, 138
1339327.3.peg.747.site.2, 47, 137, 184
1339327.3.peg.747.site.3, 0, 135, 135
1339327.3.peg.747.site.4, 16, 136, 152
1339327.3.peg.747.site.5, 18, 137, 155
1339327.3.peg.747.site.6, 8, 136, 144
1339327.3.peg.746.site.1, 1, 135, 136
1339327.3.peg.746.site.2, 2, 136, 138
1339327.3.peg.746.site.3, 3, 134, 137
1339327.3.peg.746.site.4, 73, 137, 210
1339327.3.peg.746.site.5, 14, 136, 150
1339327.3.peg.746.site.6, 20, 136, 156
1339327.3.peg.746.site.7, 16, 135, 151
1339327.3.peg.746.site.8, 50, 136, 186
1339327.3.peg.746.site.9, 3, 136, 139
1339327.3.peg.746.site.10, 119, 135, 254
1339327.3.peg.746.site.11, 0, 136, 136
1339327.3.peg.3459.site.1, 3, 135, 138
1339327.3.peg.3459.site.2, 5, 137, 142
1339327.3.peg.3459.site.3, 1, 135, 136
1339327.3.peg.3459.site.4, 37, 132, 169
1339327.3.peg.3459.site.5, 3, 132, 135
1339327.3.peg.3459.site.6, 23, 135, 158
1339327.3.peg.3459.site.7, 3, 137, 140
1339327.3.peg.3459.site.8, 2, 134, 136
1339327.3.peg.3459.site.9, 3, 134, 137
1339327.3.peg.3459.site.10, 7, 133, 140
1339327.3.peg.3459.site.11, 0, 137, 137
1339327.3.peg.3458.site.1, 0, 136, 136
1339327.3.peg.3458.site.2, 3, 136, 139
1339327.3.peg.3458.site.3, 1, 136, 137
1339327.3.peg.3458.site.4, 16, 133, 149
1339327.3.peg.3458.site.5, 10, 136, 146
1339327.3.peg.3458.site.6, 16, 136, 152
1339327.3.peg.3458.site.7, 16, 136, 152
1339327.3.peg.3458.site.8, 0, 135, 135
1339327.3.peg.3458.site.9, 1, 134, 135
1339327.3.peg.3458.site.10, 14, 136, 150
1339327.3.peg.3458.site.11, 2, 136, 138
1339327.3.peg.3458.site.12, 1, 135, 136
1339327.3.peg.3458.site.13, 1, 137, 138
1339327.3.peg.3458.site.14, 1, 135, 136
1339327.3.peg.3458.site.15, 3, 133, 136
1339327.3.peg.3458.site.16, 13, 134, 147
1339327.3.peg.3989.site.1, 0, 130, 130
1339327.3.peg.3989.site.2, 43, 130, 173
1339327.3.peg.3989.site.3, 21, 130, 151
1339327.3.peg.3989.site.4, 0, 131, 131
1339327.3.peg.3989.site.5, 35, 131, 166
1339327.3.peg.3989.site.6, 7, 131, 138
1339327.3.peg.3989.site.7, 1, 129, 130
1339327.3.peg.3989.site.8, 2, 130, 132
1339327.3.peg.3989.site.9, 1, 126, 127
1339327.3.peg.3988.site.1, 4, 129, 133
1339327.3.peg.3988.site.2, 10, 124, 134
1339327.3.peg.2106.site.1, 8, 134, 142
1339327.3.peg.2106.site.2, 3, 135, 138
1339327.3.peg.2106.site.3, 130, 135, 265
1339327.3.peg.2106.site.4, 2, 136, 138
1339327.3.peg.2106.site.5, 3, 136, 139
1339327.3.peg.2106.site.6, 43, 135, 178
1339327.3.peg.2106.site.7, 126, 131, 257
1339327.3.peg.2106.site.8, 61, 136, 197
1339327.3.peg.2106.site.9, 14, 134, 148
1339327.3.peg.2106.site.10, 130, 135, 265
1339327.3.peg.2106.site.11, 11, 137, 148
1339327.3.peg.2106.site.12, 132, 137, 269
1339327.3.peg.2106.site.13, 4, 135, 139
1339327.3.peg.2106.site.14, 128, 133, 261
1339327.3.peg.2106.site.15, 1, 134, 135
1339327.3.peg.2106.site.16, 92, 136, 228
1339327.3.peg.2106.site.17, 131, 136, 267
1339327.3.peg.2106.site.18, 126, 131, 257
1339327.3.peg.2106.site.19, 97, 101, 198
1339327.3.peg.2106.site.20, 3, 129, 132
1339327.3.peg.2106.site.21, 7, 129, 136
1339327.3.peg.2106.site.22, 0, 128, 128
1339327.3.peg.2106.site.23, 2, 123, 125
1339327.3.peg.2106.site.24, 43, 136, 179
1339327.3.peg.2106.site.25, 1, 134, 135
1339327.3.peg.3451.site.1, 27, 133, 160
1339327.3.peg.3451.site.2, 2, 121, 123
1339327.3.peg.3450.site.1, 4, 13, 17
1339327.3.peg.3450.site.2, 26, 129, 155
1339327.3.peg.3450.site.3, 2, 77, 79
1339327.3.peg.3450.site.4, 4, 61, 65
1339327.3.peg.3450.site.5, 10, 59, 69
1339327.3.peg.3450.site.6, 1, 60, 61
1339327.3.peg.3450.site.7, 9, 55, 64
1339327.3.peg.3450.site.8, 3, 77, 80
1339327.3.peg.3450.site.9, 36, 71, 107
1339327.3.peg.3450.site.10, 21, 134, 155
1339327.3.peg.3450.site.11, 1, 132, 133
1339327.3.peg.3981.site.1, 0, 129, 129
1339327.3.peg.3981.site.2, 1, 128, 129
1339327.3.peg.3981.site.3, 0, 127, 127
1339327.3.peg.3981.site.4, 0, 129, 129
1339327.3.peg.3981.site.5, 3, 129, 132
1339327.3.peg.3981.site.6, 47, 128, 175
1339327.3.peg.3981.site.7, 3, 129, 132
1339327.3.peg.3981.site.8, 5, 128, 133
1339327.3.peg.3455.site.1, 2, 135, 137
1339327.3.peg.3455.site.2, 13, 134, 147
1339327.3.peg.3986.site.1, 0, 131, 131
1339327.3.peg.3986.site.2, 1, 130, 131
1339327.3.peg.3986.site.3, 2, 129, 131
1339327.3.peg.3986.site.4, 3, 130, 133
1339327.3.peg.3986.site.5, 0, 129, 129
1339327.3.peg.3985.site.1, 22, 131, 153
1339327.3.peg.3985.site.2, 5, 131, 136
1339327.3.peg.3985.site.3, 2, 131, 133
1339327.3.peg.3985.site.4, 25, 131, 156
1339327.3.peg.3985.site.5, 23, 127, 150
1339327.3.peg.3985.site.6, 25, 128, 153
1339327.3.peg.3985.site.7, 0, 130, 130
1339327.3.peg.3985.site.8, 5, 129, 134
1339327.3.peg.3985.site.9, 22, 129, 151
1339327.3.peg.3985.site.10, 0, 130, 130
1339327.3.peg.3456.site.1, 3, 136, 139
1339327.3.peg.3456.site.2, 25, 128, 153
1339327.3.peg.3456.site.3, 45, 135, 180
1339327.3.peg.3456.site.4, 2, 136, 138
1339327.3.peg.3456.site.5, 3, 136, 139
1339327.3.peg.3456.site.6, 1, 136, 137
1339327.3.peg.3456.site.7, 62, 135, 197
1339327.3.peg.3456.site.8, 2, 137, 139
1339327.3.peg.3456.site.9, 0, 136, 136
1339327.3.peg.3456.site.10, 1, 136, 137
1339327.3.peg.3456.site.11, 0, 136, 136
1339327.3.peg.3456.site.12, 7, 134, 141
1339327.3.peg.3456.site.13, 106, 129, 235
1339327.3.peg.3456.site.14, 3, 137, 140
1339327.3.peg.4658.site.1, 11, 135, 146
1339327.3.peg.4658.site.2, 0, 137, 137
1339327.3.peg.4658.site.3, 0, 136, 136
1339327.3.peg.4658.site.4, 4, 135, 139
1339327.3.peg.4658.site.5, 0, 135, 135
1339327.3.peg.4658.site.6, 0, 135, 135
1339327.3.peg.3299.site.1, 3, 135, 138
1339327.3.peg.3299.site.2, 0, 137, 137
1339327.3.peg.3299.site.3, 81, 137, 218
1339327.3.peg.3299.site.4, 6, 137, 143
1339327.3.peg.3299.site.5, 10, 137, 147
1339327.3.peg.3298.site.1, 2, 130, 132
1339327.3.peg.3298.site.2, 1, 133, 134
1339327.3.peg.3298.site.3, 73, 134, 207
1339327.3.peg.3298.site.4, 1, 134, 135
1339327.3.peg.3298.site.5, 14, 134, 148
1339327.3.peg.3298.site.6, 5, 134, 139
1339327.3.peg.3298.site.7, 2, 136, 138
1339327.3.peg.3298.site.8, 1, 135, 136
1339327.3.peg.3298.site.9, 13, 137, 150
1339327.3.peg.3297.site.1, 5, 134, 139
1339327.3.peg.3297.site.2, 2, 136, 138
1339327.3.peg.3297.site.3, 12, 137, 149
1339327.3.peg.3297.site.4, 29, 137, 166
1339327.3.peg.3297.site.5, 3, 137, 140
1339327.3.peg.3297.site.6, 0, 135, 135
1339327.3.peg.3297.site.7, 7, 137, 144
1339327.3.peg.3297.site.8, 4, 134, 138
1339327.3.peg.3297.site.9, 75, 133, 208
1339327.3.peg.3297.site.10, 5, 134, 139
1339327.3.peg.3297.site.11, 3, 132, 135
1339327.3.peg.3297.site.12, 1, 130, 131
1339327.3.peg.3297.site.13, 3, 130, 133
1339327.3.peg.3297.site.14, 0, 136, 136
1339327.3.peg.3296.site.1, 84, 136, 220
1339327.3.peg.3296.site.2, 38, 133, 171
1339327.3.peg.3296.site.3, 0, 130, 130
1339327.3.peg.3296.site.4, 5, 129, 134
1339327.3.peg.3296.site.5, 0, 132, 132
1339327.3.peg.3296.site.6, 101, 132, 233
1339327.3.peg.3296.site.7, 2, 133, 135
1339327.3.peg.3296.site.8, 6, 133, 139
1339327.3.peg.3296.site.9, 0, 136, 136
1339327.3.peg.3295.site.1, 21, 137, 158
1339327.3.peg.3295.site.2, 17, 135, 152
1339327.3.peg.3295.site.3, 1, 132, 133
1339327.3.peg.3294.site.1, 5, 137, 142
1339327.3.peg.3294.site.2, 11, 137, 148
1339327.3.peg.3294.site.3, 22, 135, 157
1339327.3.peg.3294.site.4, 0, 136, 136
1339327.3.peg.3294.site.5, 3, 137, 140
1339327.3.peg.3294.site.6, 12, 137, 149
1339327.3.peg.3294.site.7, 20, 136, 156
1339327.3.peg.3294.site.8, 1, 137, 138
1339327.3.peg.3294.site.9, 0, 137, 137
1339327.3.peg.3294.site.10, 25, 135, 160
1339327.3.peg.3293.site.1, 2, 136, 138
1339327.3.peg.3293.site.2, 8, 136, 144
1339327.3.peg.3292.site.1, 5, 137, 142
1339327.3.peg.3292.site.2, 28, 131, 159
1339327.3.peg.3292.site.3, 0, 128, 128
1339327.3.peg.3292.site.4, 0, 129, 129
1339327.3.peg.3291.site.1, 13, 137, 150
1339327.3.peg.3290.site.1, 0, 134, 134
1339327.3.peg.3290.site.2, 0, 134, 134
1339327.3.peg.3290.site.3, 0, 136, 136
1339327.3.peg.3290.site.4, 0, 136, 136
1339327.3.peg.3290.site.5, 2, 136, 138
1339327.3.peg.3290.site.6, 0, 137, 137
1339327.3.peg.3290.site.7, 2, 137, 139
1339327.3.peg.3290.site.8, 7, 137, 144
1339327.3.peg.3290.site.9, 22, 137, 159
1339327.3.peg.3290.site.10, 22, 136, 158
1339327.3.peg.3290.site.11, 5, 135, 140
1339327.3.peg.3290.site.12, 22, 136, 158
1339327.3.peg.3290.site.13, 1, 137, 138
1339327.3.peg.3290.site.14, 5, 137, 142
1339327.3.peg.3290.site.15, 82, 136, 218
1339327.3.peg.3290.site.16, 2, 136, 138
1339327.3.peg.3855.site.1, 9, 133, 142
1339327.3.peg.3855.site.2, 39, 134, 173
1339327.3.peg.3855.site.3, 10, 134, 144
1339327.3.peg.3855.site.4, 7, 134, 141
1339327.3.peg.3855.site.5, 2, 134, 136
1339327.3.peg.3855.site.6, 9, 134, 143
1339327.3.peg.3855.site.7, 58, 133, 191
1339327.3.peg.3855.site.8, 84, 133, 217
1339327.3.peg.3855.site.9, 3, 134, 137
1339327.3.peg.3854.site.1, 2, 132, 134
1339327.3.peg.3854.site.2, 0, 133, 133
1339327.3.peg.3854.site.3, 6, 133, 139
1339327.3.peg.3854.site.4, 5, 132, 137
1339327.3.peg.3854.site.5, 3, 133, 136
1339327.3.peg.3854.site.6, 5, 134, 139
1339327.3.peg.3854.site.7, 11, 134, 145
1339327.3.peg.3854.site.8, 5, 133, 138
1339327.3.peg.3854.site.9, 18, 133, 151
1339327.3.peg.3854.site.10, 13, 133, 146
1339327.3.peg.3854.site.11, 13, 133, 146
1339327.3.peg.3854.site.12, 114, 134, 248
1339327.3.peg.3857.site.1, 71, 133, 204
1339327.3.peg.3857.site.2, 11, 134, 145
1339327.3.peg.3857.site.3, 98, 134, 232
1339327.3.peg.3857.site.4, 27, 134, 161
1339327.3.peg.3857.site.5, 0, 134, 134
1339327.3.peg.3857.site.6, 3, 131, 134
1339327.3.peg.3857.site.7, 19, 131, 150
1339327.3.peg.3857.site.8, 3, 132, 135
1339327.3.peg.3857.site.9, 0, 133, 133
1339327.3.peg.3857.site.10, 21, 134, 155
1339327.3.peg.3857.site.11, 0, 133, 133
1339327.3.peg.3857.site.12, 3, 133, 136
1339327.3.peg.3857.site.13, 1, 134, 135
1339327.3.peg.3857.site.14, 22, 132, 154
1339327.3.peg.3857.site.15, 0, 131, 131
1339327.3.peg.3857.site.16, 0, 132, 132
1339327.3.peg.3857.site.17, 1, 132, 133
1339327.3.peg.3857.site.18, 3, 131, 134
1339327.3.peg.3857.site.19, 8, 132, 140
1339327.3.peg.3856.site.1, 127, 133, 260
1339327.3.peg.3856.site.2, 5, 133, 138
1339327.3.peg.3856.site.3, 55, 132, 187
1339327.3.peg.3856.site.4, 17, 132, 149
1339327.3.peg.3856.site.5, 3, 133, 136
1339327.3.peg.3856.site.6, 2, 132, 134
1339327.3.peg.3856.site.7, 9, 133, 142
1339327.3.peg.3856.site.8, 0, 133, 133
1339327.3.peg.3856.site.9, 1, 134, 135
1339327.3.peg.3850.site.1, 8, 137, 145
1339327.3.peg.3850.site.2, 40, 136, 176
1339327.3.peg.3850.site.3, 23, 137, 160
1339327.3.peg.3850.site.4, 5, 137, 142
1339327.3.peg.3850.site.5, 73, 135, 208
1339327.3.peg.3850.site.6, 1, 137, 138
1339327.3.peg.3850.site.7, 0, 136, 136
1339327.3.peg.3850.site.8, 3, 136, 139
1339327.3.peg.3850.site.9, 5, 136, 141
1339327.3.peg.3850.site.10, 44, 136, 180
1339327.3.peg.3850.site.11, 27, 135, 162
1339327.3.peg.3850.site.12, 2, 135, 137
1339327.3.peg.3850.site.13, 54, 136, 190
1339327.3.peg.3853.site.1, 124, 132, 256
1339327.3.peg.3853.site.2, 8, 130, 138
1339327.3.peg.3853.site.3, 0, 134, 134
1339327.3.peg.3853.site.4, 3, 134, 137
1339327.3.peg.3852.site.1, 1, 137, 138
1339327.3.peg.3852.site.2, 12, 135, 147
1339327.3.peg.3852.site.3, 22, 133, 155
1339327.3.peg.3852.site.4, 25, 132, 157
1339327.3.peg.3852.site.5, 7, 132, 139
1339327.3.peg.3852.site.6, 122, 131, 253
1339327.3.peg.3852.site.7, 0, 133, 133
1339327.3.peg.3852.site.8, 57, 134, 191
1339327.3.peg.3852.site.9, 6, 133, 139
1339327.3.peg.3852.site.10, 82, 133, 215
1339327.3.peg.3852.site.11, 2, 134, 136
1339327.3.peg.3852.site.12, 5, 133, 138
1339327.3.peg.3852.site.13, 0, 134, 134
1339327.3.peg.3852.site.14, 29, 133, 162
1339327.3.peg.3852.site.15, 78, 132, 210
1339327.3.peg.3852.site.16, 1, 133, 134
1339327.3.peg.3852.site.17, 0, 134, 134
1339327.3.peg.3852.site.18, 12, 134, 146
1339327.3.peg.3852.site.19, 90, 133, 223
1339327.3.peg.3852.site.20, 26, 133, 159
1339327.3.peg.3852.site.21, 2, 134, 136
1339327.3.peg.3859.site.1, 33, 133, 166
1339327.3.peg.3859.site.2, 1, 132, 133
1339327.3.peg.3859.site.3, 2, 133, 135
1339327.3.peg.3859.site.4, 1, 134, 135
1339327.3.peg.3859.site.5, 5, 134, 139
1339327.3.peg.3859.site.6, 25, 134, 159
1339327.3.peg.3859.site.7, 12, 132, 144
1339327.3.peg.3859.site.8, 0, 133, 133
1339327.3.peg.3859.site.9, 5, 133, 138
1339327.3.peg.3858.site.1, 6, 132, 138
1339327.3.peg.3858.site.2, 23, 134, 157
1339327.3.peg.3858.site.3, 0, 133, 133
1339327.3.peg.3858.site.4, 4, 133, 137
1339327.3.peg.3858.site.5, 3, 133, 136
1339327.3.peg.1639.site.1, 65, 134, 199
1339327.3.peg.1639.site.2, 3, 136, 139
1339327.3.peg.1639.site.3, 42, 136, 178
1339327.3.peg.1638.site.1, 0, 135, 135
1339327.3.peg.1638.site.2, 1, 137, 138
1339327.3.peg.1638.site.3, 8, 136, 144
1339327.3.peg.1638.site.4, 82, 136, 218
1339327.3.peg.1638.site.5, 9, 133, 142
1339327.3.peg.1638.site.6, 2, 136, 138
1339327.3.peg.1638.site.7, 3, 137, 140
1339327.3.peg.1638.site.8, 41, 136, 177
1339327.3.peg.1638.site.9, 71, 135, 206
1339327.3.peg.1638.site.10, 15, 135, 150
1339327.3.peg.1638.site.11, 1, 137, 138
1339327.3.peg.1638.site.12, 54, 137, 191
1339327.3.peg.1638.site.13, 2, 137, 139
1339327.3.peg.1638.site.14, 75, 135, 210
1339327.3.peg.1638.site.15, 4, 137, 141
1339327.3.peg.1638.site.16, 2, 136, 138
1339327.3.peg.1638.site.17, 30, 137, 167
1339327.3.peg.1638.site.18, 69, 135, 204
1339327.3.peg.1638.site.19, 49, 136, 185
1339327.3.peg.3704.site.1, 1, 134, 135
1339327.3.peg.3704.site.2, 3, 137, 140
1339327.3.peg.3704.site.3, 0, 136, 136
1339327.3.peg.3704.site.4, 76, 135, 211
1339327.3.peg.3704.site.5, 2, 134, 136
1339327.3.peg.3704.site.6, 30, 137, 167
1339327.3.peg.3704.site.7, 15, 135, 150
1339327.3.peg.3704.site.8, 12, 134, 146
1339327.3.peg.3704.site.9, 12, 132, 144
1339327.3.peg.3704.site.10, 2, 133, 135
1339327.3.peg.3704.site.11, 6, 133, 139
1339327.3.peg.3704.site.12, 0, 135, 135
1339327.3.peg.3704.site.13, 3, 130, 133
1339327.3.peg.3704.site.14, 3, 128, 131
1339327.3.peg.3704.site.15, 23, 126, 149
1339327.3.peg.3704.site.16, 22, 130, 152
1339327.3.peg.3704.site.17, 2, 133, 135
1339327.3.peg.3704.site.18, 3, 136, 139
1339327.3.peg.3704.site.19, 13, 136, 149
1339327.3.peg.3704.site.20, 0, 137, 137
1339327.3.peg.3704.site.21, 31, 136, 167
1339327.3.peg.3704.site.22, 5, 137, 142
1339327.3.peg.3704.site.23, 21, 136, 157
1339327.3.peg.3704.site.24, 3, 134, 137
1339327.3.peg.3704.site.25, 3, 136, 139
1339327.3.peg.3704.site.26, 0, 137, 137
1339327.3.peg.3704.site.27, 3, 136, 139
1339327.3.peg.3704.site.28, 3, 137, 140
1339327.3.peg.3704.site.29, 0, 135, 135
1339327.3.peg.3704.site.30, 33, 134, 167
1339327.3.peg.3704.site.31, 1, 135, 136
1339327.3.peg.3704.site.32, 10, 133, 143
1339327.3.peg.3704.site.33, 1, 135, 136
1339327.3.peg.3704.site.34, 16, 136, 152
1339327.3.peg.3704.site.35, 9, 135, 144
1339327.3.peg.3704.site.36, 2, 136, 138
1339327.3.peg.1633.site.1, 11, 136, 147
1339327.3.peg.1633.site.2, 35, 136, 171
1339327.3.peg.1633.site.3, 0, 137, 137
1339327.3.peg.1633.site.4, 1, 134, 135
1339327.3.peg.1633.site.5, 2, 135, 137
1339327.3.peg.1633.site.6, 0, 136, 136
1339327.3.peg.1632.site.1, 0, 135, 135
1339327.3.peg.1632.site.2, 2, 136, 138
1339327.3.peg.1632.site.3, 3, 136, 139
1339327.3.peg.1632.site.4, 0, 135, 135
1339327.3.peg.1632.site.5, 87, 136, 223
1339327.3.peg.1632.site.6, 126, 136, 262
1339327.3.peg.1632.site.7, 17, 135, 152
1339327.3.peg.1632.site.8, 0, 136, 136
1339327.3.peg.1632.site.9, 8, 136, 144
1339327.3.peg.1632.site.10, 4, 137, 141
1339327.3.peg.1631.site.1, 5, 134, 139
1339327.3.peg.1631.site.2, 1, 137, 138
1339327.3.peg.1631.site.3, 3, 136, 139
1339327.3.peg.1631.site.4, 1, 137, 138
1339327.3.peg.1631.site.5, 10, 134, 144
1339327.3.peg.1631.site.6, 3, 134, 137
1339327.3.peg.1631.site.7, 5, 136, 141
1339327.3.peg.1631.site.8, 125, 136, 261
1339327.3.peg.1631.site.9, 3, 135, 138
1339327.3.peg.1631.site.10, 0, 136, 136
1339327.3.peg.1631.site.11, 6, 133, 139
1339327.3.peg.1631.site.12, 0, 137, 137
1339327.3.peg.1630.site.1, 2, 136, 138
1339327.3.peg.1630.site.2, 0, 137, 137
1339327.3.peg.1630.site.3, 2, 135, 137
1339327.3.peg.1630.site.4, 15, 136, 151
1339327.3.peg.1630.site.5, 5, 136, 141
1339327.3.peg.1630.site.6, 0, 136, 136
1339327.3.peg.1630.site.7, 1, 137, 138
1339327.3.peg.1630.site.8, 53, 135, 188
1339327.3.peg.1630.site.9, 2, 136, 138
1339327.3.peg.1630.site.10, 6, 137, 143
1339327.3.peg.1630.site.11, 1, 136, 137
1339327.3.peg.1630.site.12, 2, 137, 139
1339327.3.peg.1630.site.13, 2, 137, 139
1339327.3.peg.1630.site.14, 25, 135, 160
1339327.3.peg.1630.site.15, 0, 136, 136
1339327.3.peg.1630.site.16, 2, 137, 139
1339327.3.peg.1630.site.17, 2, 137, 139
1339327.3.peg.1630.site.18, 5, 136, 141
1339327.3.peg.1630.site.19, 21, 136, 157
1339327.3.peg.1630.site.20, 14, 137, 151
1339327.3.peg.1630.site.21, 0, 137, 137
1339327.3.peg.1630.site.22, 122, 137, 259
1339327.3.peg.1637.site.1, 1, 120, 121
1339327.3.peg.1637.site.2, 8, 98, 106
1339327.3.peg.1637.site.3, 4, 133, 137
1339327.3.peg.1637.site.4, 3, 136, 139
1339327.3.peg.1637.site.5, 2, 132, 134
1339327.3.peg.1637.site.6, 25, 134, 159
1339327.3.peg.1637.site.7, 4, 135, 139
1339327.3.peg.1637.site.8, 1, 131, 132
1339327.3.peg.1637.site.9, 21, 130, 151
1339327.3.peg.1637.site.10, 10, 136, 146
1339327.3.peg.1637.site.11, 45, 135, 180
1339327.3.peg.1637.site.12, 3, 137, 140
1339327.3.peg.1637.site.13, 3, 136, 139
1339327.3.peg.1637.site.14, 0, 136, 136
1339327.3.peg.1637.site.15, 2, 135, 137
1339327.3.peg.1637.site.16, 0, 137, 137
1339327.3.peg.1637.site.17, 14, 137, 151
1339327.3.peg.1637.site.18, 8, 133, 141
1339327.3.peg.1637.site.19, 1, 137, 138
1339327.3.peg.1637.site.20, 5, 135, 140
1339327.3.peg.1637.site.21, 66, 136, 202
1339327.3.peg.1637.site.22, 4, 136, 140
1339327.3.peg.1637.site.23, 2, 136, 138
1339327.3.peg.1636.site.1, 2, 136, 138
1339327.3.peg.1636.site.2, 3, 137, 140
1339327.3.peg.1636.site.3, 3, 136, 139
1339327.3.peg.1636.site.4, 17, 136, 153
1339327.3.peg.1636.site.5, 45, 136, 181
1339327.3.peg.1636.site.6, 0, 134, 134
1339327.3.peg.1636.site.7, 12, 137, 149
1339327.3.peg.1636.site.8, 0, 137, 137
1339327.3.peg.1636.site.9, 11, 135, 146
1339327.3.peg.1636.site.10, 0, 136, 136
1339327.3.peg.1636.site.11, 27, 133, 160
1339327.3.peg.1636.site.12, 36, 128, 164
1339327.3.peg.1636.site.13, 8, 122, 130
1339327.3.peg.1636.site.14, 5, 124, 129
1339327.3.peg.1636.site.15, 1, 114, 115
1339327.3.peg.1636.site.16, 43, 133, 176
1339327.3.peg.1636.site.17, 0, 134, 134
1339327.3.peg.1636.site.18, 2, 136, 138
1339327.3.peg.1636.site.19, 1, 134, 135
1339327.3.peg.1636.site.20, 13, 135, 148
1339327.3.peg.1636.site.21, 8, 133, 141
1339327.3.peg.1636.site.22, 3, 134, 137
1339327.3.peg.1636.site.23, 21, 133, 154
1339327.3.peg.1636.site.24, 5, 135, 140
1339327.3.peg.1636.site.25, 5, 137, 142
1339327.3.peg.1636.site.26, 3, 136, 139
1339327.3.peg.1636.site.27, 28, 137, 165
1339327.3.peg.1636.site.28, 0, 136, 136
1339327.3.peg.1636.site.29, 5, 137, 142
1339327.3.peg.1636.site.30, 4, 136, 140
1339327.3.peg.1635.site.1, 64, 133, 197
1339327.3.peg.1635.site.2, 0, 133, 133
1339327.3.peg.1635.site.3, 2, 136, 138
1339327.3.peg.1635.site.4, 0, 136, 136
1339327.3.peg.1635.site.5, 1, 134, 135
1339327.3.peg.1635.site.6, 79, 136, 215
1339327.3.peg.1635.site.7, 18, 135, 153
1339327.3.peg.1635.site.8, 0, 136, 136
1339327.3.peg.1635.site.9, 3, 134, 137
1339327.3.peg.1635.site.10, 30, 136, 166
1339327.3.peg.1635.site.11, 112, 135, 247
1339327.3.peg.1635.site.12, 2, 135, 137
1339327.3.peg.1635.site.13, 90, 135, 225
1339327.3.peg.1635.site.14, 4, 137, 141
1339327.3.peg.1635.site.15, 4, 137, 141
1339327.3.peg.1635.site.16, 108, 135, 243
1339327.3.peg.1635.site.17, 2, 137, 139
1339327.3.peg.1635.site.18, 3, 137, 140
1339327.3.peg.1635.site.19, 5, 137, 142
1339327.3.peg.1635.site.20, 2, 136, 138
1339327.3.peg.1635.site.21, 75, 137, 212
1339327.3.peg.1635.site.22, 12, 137, 149
1339327.3.peg.1635.site.23, 2, 136, 138
1339327.3.peg.1635.site.24, 35, 136, 171
1339327.3.peg.1635.site.25, 3, 137, 140
1339327.3.peg.1635.site.26, 124, 137, 261
1339327.3.peg.1635.site.27, 114, 136, 250
1339327.3.peg.1635.site.28, 8, 137, 145
1339327.3.peg.1635.site.29, 0, 136, 136
1339327.3.peg.1635.site.30, 4, 137, 141
1339327.3.peg.1635.site.31, 15, 135, 150
1339327.3.peg.1635.site.32, 0, 136, 136
1339327.3.peg.1635.site.33, 37, 134, 171
1339327.3.peg.1634.site.1, 1, 137, 138
1339327.3.peg.1634.site.2, 2, 137, 139
1339327.3.peg.1634.site.3, 0, 136, 136
1339327.3.peg.1634.site.4, 49, 137, 186
1339327.3.peg.1634.site.5, 13, 137, 150
1339327.3.peg.1634.site.6, 0, 136, 136
1339327.3.peg.1634.site.7, 109, 137, 246
1339327.3.peg.1634.site.8, 6, 137, 143
1339327.3.peg.1634.site.9, 5, 137, 142
1339327.3.peg.3679.site.1, 0, 135, 135
1339327.3.peg.3679.site.2, 10, 135, 145
1339327.3.peg.3679.site.3, 90, 135, 225
1339327.3.peg.3679.site.4, 13, 133, 146
1339327.3.peg.3679.site.5, 2, 133, 135
1339327.3.peg.3679.site.6, 11, 134, 145
1339327.3.peg.3679.site.7, 1, 136, 137
1339327.3.peg.3679.site.8, 3, 135, 138
1339327.3.peg.3678.site.1, 2, 133, 135
1339327.3.peg.3678.site.2, 94, 134, 228
1339327.3.peg.3678.site.3, 1, 137, 138
1339327.3.peg.3678.site.4, 12, 132, 144
1339327.3.peg.3675.site.1, 5, 134, 139
1339327.3.peg.3675.site.2, 1, 134, 135
1339327.3.peg.3675.site.3, 0, 136, 136
1339327.3.peg.3675.site.4, 8, 137, 145
1339327.3.peg.3675.site.5, 9, 135, 144
1339327.3.peg.3675.site.6, 2, 136, 138
1339327.3.peg.3675.site.7, 111, 135, 246
1339327.3.peg.3675.site.8, 4, 137, 141
1339327.3.peg.3675.site.9, 58, 137, 195
1339327.3.peg.3674.site.1, 5, 136, 141
1339327.3.peg.3674.site.2, 0, 131, 131
1339327.3.peg.3674.site.3, 16, 134, 150
1339327.3.peg.3674.site.4, 1, 134, 135
1339327.3.peg.3674.site.5, 71, 133, 204
1339327.3.peg.3674.site.6, 7, 132, 139
1339327.3.peg.3674.site.7, 1, 129, 130
1339327.3.peg.3674.site.8, 14, 130, 144
1339327.3.peg.3674.site.9, 9, 130, 139
1339327.3.peg.3674.site.10, 52, 129, 181
1339327.3.peg.3674.site.11, 7, 132, 139
1339327.3.peg.3674.site.12, 7, 136, 143
1339327.3.peg.3674.site.13, 18, 137, 155
1339327.3.peg.3674.site.14, 9, 136, 145
1339327.3.peg.3674.site.15, 1, 134, 135
1339327.3.peg.3674.site.16, 2, 135, 137
1339327.3.peg.3674.site.17, 59, 135, 194
1339327.3.peg.3674.site.18, 7, 136, 143
1339327.3.peg.3677.site.1, 1, 134, 135
1339327.3.peg.3677.site.2, 58, 133, 191
1339327.3.peg.3677.site.3, 8, 136, 144
1339327.3.peg.3677.site.4, 4, 137, 141
1339327.3.peg.3677.site.5, 3, 136, 139
1339327.3.peg.3677.site.6, 0, 135, 135
1339327.3.peg.3677.site.7, 3, 135, 138
1339327.3.peg.3677.site.8, 40, 136, 176
1339327.3.peg.3677.site.9, 8, 136, 144
1339327.3.peg.3677.site.10, 7, 136, 143
1339327.3.peg.3677.site.11, 2, 127, 129
1339327.3.peg.3677.site.12, 69, 130, 199
1339327.3.peg.3677.site.13, 27, 129, 156
1339327.3.peg.3677.site.14, 46, 129, 175
1339327.3.peg.3677.site.15, 0, 134, 134
1339327.3.peg.3676.site.1, 2, 136, 138
1339327.3.peg.3671.site.1, 1, 137, 138
1339327.3.peg.3671.site.2, 9, 136, 145
1339327.3.peg.3671.site.3, 9, 137, 146
1339327.3.peg.3671.site.4, 1, 136, 137
1339327.3.peg.3671.site.5, 24, 136, 160
1339327.3.peg.3671.site.6, 1, 135, 136
1339327.3.peg.3671.site.7, 0, 136, 136
1339327.3.peg.3671.site.8, 0, 134, 134
1339327.3.peg.3671.site.9, 10, 134, 144
1339327.3.peg.3671.site.10, 3, 133, 136
1339327.3.peg.3671.site.11, 22, 134, 156
1339327.3.peg.3671.site.12, 15, 133, 148
1339327.3.peg.3671.site.13, 7, 134, 141
1339327.3.peg.3671.site.14, 28, 136, 164
1339327.3.peg.3671.site.15, 21, 137, 158
1339327.3.peg.3671.site.16, 1, 136, 137
1339327.3.peg.3670.site.1, 3, 133, 136
1339327.3.peg.3670.site.2, 2, 135, 137
1339327.3.peg.3670.site.3, 7, 133, 140
1339327.3.peg.3670.site.4, 113, 137, 250
1339327.3.peg.3670.site.5, 4, 137, 141
1339327.3.peg.3670.site.6, 1, 136, 137
1339327.3.peg.3670.site.7, 17, 137, 154
1339327.3.peg.3673.site.1, 2, 131, 133
1339327.3.peg.3673.site.2, 15, 136, 151
1339327.3.peg.3673.site.3, 2, 121, 123
1339327.3.peg.3673.site.4, 95, 120, 215
1339327.3.peg.3673.site.5, 16, 136, 152
1339327.3.peg.3673.site.6, 2, 136, 138
1339327.3.peg.3673.site.7, 3, 134, 137
1339327.3.peg.3673.site.8, 17, 135, 152
1339327.3.peg.3673.site.9, 2, 135, 137
1339327.3.peg.3673.site.10, 3, 134, 137
1339327.3.peg.3673.site.11, 2, 136, 138
1339327.3.peg.3673.site.12, 36, 137, 173
1339327.3.peg.3673.site.13, 48, 137, 185
1339327.3.peg.3673.site.14, 16, 136, 152
1339327.3.peg.3673.site.15, 11, 136, 147
1339327.3.peg.3673.site.16, 1, 135, 136
1339327.3.peg.3673.site.17, 3, 137, 140
1339327.3.peg.3673.site.18, 1, 137, 138
1339327.3.peg.3673.site.19, 57, 135, 192
1339327.3.peg.3673.site.20, 0, 135, 135
1339327.3.peg.3673.site.21, 0, 134, 134
1339327.3.peg.3673.site.22, 0, 136, 136
1339327.3.peg.3673.site.23, 14, 135, 149
1339327.3.peg.3673.site.24, 2, 134, 136
1339327.3.peg.3672.site.1, 0, 132, 132
1339327.3.peg.3672.site.2, 1, 136, 137
1339327.3.peg.3672.site.3, 8, 137, 145
1339327.3.peg.3672.site.4, 1, 137, 138
1339327.3.peg.3672.site.5, 5, 137, 142
1339327.3.peg.3672.site.6, 2, 137, 139
1339327.3.peg.3672.site.7, 0, 135, 135
1339327.3.peg.3672.site.8, 1, 136, 137
1339327.3.peg.3672.site.9, 5, 137, 142
1339327.3.peg.3672.site.10, 9, 135, 144
1339327.3.peg.3672.site.11, 12, 135, 147
1339327.3.peg.3672.site.12, 2, 135, 137
1339327.3.peg.3181.site.1, 3, 127, 130
1339327.3.peg.3181.site.2, 15, 129, 144
1339327.3.peg.3181.site.3, 7, 123, 130
1339327.3.peg.3181.site.4, 7, 125, 132
1339327.3.peg.3187.site.1, 1, 134, 135
1339327.3.peg.3187.site.2, 122, 135, 257
1339327.3.peg.3187.site.3, 129, 137, 266
1339327.3.peg.3187.site.4, 55, 136, 191
1339327.3.peg.3187.site.5, 8, 136, 144
1339327.3.peg.3187.site.6, 2, 132, 134
1339327.3.peg.3187.site.7, 0, 133, 133
1339327.3.peg.3187.site.8, 0, 132, 132
1339327.3.peg.3187.site.9, 1, 130, 131
1339327.3.peg.3187.site.10, 56, 128, 184
1339327.3.peg.3187.site.11, 0, 128, 128
1339327.3.peg.3186.site.1, 5, 135, 140
1339327.3.peg.3186.site.2, 44, 134, 178
1339327.3.peg.3186.site.3, 6, 135, 141
1339327.3.peg.3186.site.4, 58, 135, 193
1339327.3.peg.3186.site.5, 50, 135, 185
1339327.3.peg.3186.site.6, 47, 133, 180
1339327.3.peg.3186.site.7, 100, 137, 237
1339327.3.peg.3186.site.8, 6, 136, 142
1339327.3.peg.3186.site.9, 0, 137, 137
1339327.3.peg.3186.site.10, 65, 137, 202
1339327.3.peg.3186.site.11, 1, 133, 134
1339327.3.peg.3186.site.12, 5, 135, 140
1339327.3.peg.3186.site.13, 1, 135, 136
1339327.3.peg.3186.site.14, 32, 137, 169
1339327.3.peg.3185.site.1, 15, 134, 149
1339327.3.peg.3185.site.2, 4, 131, 135
1339327.3.peg.3185.site.3, 11, 135, 146
1339327.3.peg.3185.site.4, 11, 135, 146
1339327.3.peg.3185.site.5, 2, 131, 133
1339327.3.peg.3185.site.6, 3, 133, 136
1339327.3.peg.3185.site.7, 101, 135, 236
1339327.3.peg.3185.site.8, 8, 134, 142
1339327.3.peg.3185.site.9, 98, 134, 232
1339327.3.peg.4653.site.1, 8, 136, 144
1339327.3.peg.4653.site.2, 2, 137, 139
1339327.3.peg.4653.site.3, 5, 137, 142
1339327.3.peg.4653.site.4, 9, 136, 145
1339327.3.peg.4653.site.5, 7, 137, 144
1339327.3.peg.3189.site.1, 11, 137, 148
1339327.3.peg.3189.site.2, 9, 134, 143
1339327.3.peg.3189.site.3, 0, 135, 135
1339327.3.peg.3189.site.4, 3, 135, 138
1339327.3.peg.3189.site.5, 5, 134, 139
1339327.3.peg.3189.site.6, 102, 135, 237
1339327.3.peg.3188.site.1, 5, 134, 139
1339327.3.peg.3188.site.2, 23, 136, 159
1339327.3.peg.3188.site.3, 3, 136, 139
1339327.3.peg.3188.site.4, 0, 137, 137
1339327.3.peg.3188.site.5, 63, 134, 197
1339327.3.peg.3188.site.6, 16, 137, 153
1339327.3.peg.3188.site.7, 2, 131, 133
1339327.3.peg.3188.site.8, 7, 134, 141
1339327.3.peg.3188.site.9, 1, 135, 136
1339327.3.peg.1411.site.1, 15, 135, 150
1339327.3.peg.1411.site.2, 2, 136, 138
1339327.3.peg.1411.site.3, 23, 134, 157
1339327.3.peg.1411.site.4, 0, 135, 135
1339327.3.peg.1411.site.5, 15, 133, 148
1339327.3.peg.1411.site.6, 0, 133, 133
1339327.3.peg.1411.site.7, 0, 44, 44
1339327.3.peg.1411.site.8, 21, 134, 155
1339327.3.peg.1411.site.9, 113, 136, 249
1339327.3.peg.1411.site.10, 7, 135, 142
1339327.3.peg.1411.site.11, 62, 137, 199
1339327.3.peg.1411.site.12, 57, 135, 192
1339327.3.peg.1411.site.13, 0, 137, 137
1339327.3.peg.1411.site.14, 29, 137, 166
1339327.3.peg.1411.site.15, 9, 137, 146
1339327.3.peg.1411.site.16, 1, 137, 138
1339327.3.peg.1411.site.17, 2, 135, 137
1339327.3.peg.1411.site.18, 3, 134, 137
1339327.3.peg.1411.site.19, 3, 136, 139
1339327.3.peg.1411.site.20, 1, 135, 136
1339327.3.peg.1411.site.21, 7, 137, 144
1339327.3.peg.1411.site.22, 15, 137, 152
1339327.3.peg.1411.site.23, 73, 137, 210
1339327.3.peg.1411.site.24, 5, 135, 140
1339327.3.peg.4525.site.1, 3, 137, 140
1339327.3.peg.4525.site.2, 5, 136, 141
1339327.3.peg.4525.site.3, 0, 135, 135
1339327.3.peg.4525.site.4, 11, 134, 145
1339327.3.peg.4525.site.5, 2, 135, 137
1339327.3.peg.4525.site.6, 1, 136, 137
1339327.3.peg.4525.site.7, 114, 135, 249
1339327.3.peg.4525.site.8, 68, 135, 203
1339327.3.peg.4525.site.9, 7, 135, 142
1339327.3.peg.4525.site.10, 0, 137, 137
1339327.3.peg.2214.site.1, 38, 135, 173
1339327.3.peg.2214.site.2, 2, 136, 138
1339327.3.peg.2214.site.3, 1, 136, 137
1339327.3.peg.2214.site.4, 0, 135, 135
1339327.3.peg.2215.site.1, 4, 134, 138
1339327.3.peg.2215.site.2, 12, 134, 146
1339327.3.peg.2215.site.3, 5, 134, 139
1339327.3.peg.2215.site.4, 24, 133, 157
1339327.3.peg.2215.site.5, 1, 135, 136
1339327.3.peg.2215.site.6, 9, 133, 142
1339327.3.peg.2215.site.7, 85, 132, 217
1339327.3.peg.2215.site.8, 0, 133, 133
1339327.3.peg.2215.site.9, 5, 133, 138
1339327.3.peg.2215.site.10, 2, 132, 134
1339327.3.peg.2215.site.11, 5, 133, 138
1339327.3.peg.2215.site.12, 3, 131, 134
1339327.3.peg.2215.site.13, 3, 133, 136
1339327.3.peg.2215.site.14, 21, 135, 156
1339327.3.peg.2215.site.15, 2, 134, 136
1339327.3.peg.2215.site.16, 3, 134, 137
1339327.3.peg.2215.site.17, 2, 133, 135
1339327.3.peg.2215.site.18, 23, 128, 151
1339327.3.peg.2215.site.19, 36, 131, 167
1339327.3.peg.2215.site.20, 1, 127, 128
1339327.3.peg.2215.site.21, 2, 130, 132
1339327.3.peg.2215.site.22, 15, 129, 144
1339327.3.peg.2215.site.23, 8, 134, 142
1339327.3.peg.2215.site.24, 0, 135, 135
1339327.3.peg.2215.site.25, 0, 134, 134
1339327.3.peg.2215.site.26, 0, 132, 132
1339327.3.peg.2215.site.27, 1, 135, 136
1339327.3.peg.2216.site.1, 2, 128, 130
1339327.3.peg.2216.site.2, 25, 132, 157
1339327.3.peg.2216.site.3, 96, 132, 228
1339327.3.peg.2216.site.4, 101, 135, 236
1339327.3.peg.2216.site.5, 0, 134, 134
1339327.3.peg.2216.site.6, 25, 135, 160
1339327.3.peg.2216.site.7, 25, 135, 160
1339327.3.peg.2216.site.8, 1, 134, 135
1339327.3.peg.2210.site.1, 1, 136, 137
1339327.3.peg.2210.site.2, 18, 137, 155
1339327.3.peg.2210.site.3, 117, 136, 253
1339327.3.peg.2210.site.4, 1, 136, 137
1339327.3.peg.2210.site.5, 0, 137, 137
1339327.3.peg.2210.site.6, 1, 136, 137
1339327.3.peg.2210.site.7, 0, 137, 137
1339327.3.peg.2210.site.8, 88, 135, 223
1339327.3.peg.2210.site.9, 3, 135, 138
1339327.3.peg.2210.site.10, 36, 137, 173
1339327.3.peg.2210.site.11, 22, 137, 159
1339327.3.peg.2210.site.12, 12, 136, 148
1339327.3.peg.2210.site.13, 1, 136, 137
1339327.3.peg.2211.site.1, 3, 137, 140
1339327.3.peg.2211.site.2, 2, 135, 137
1339327.3.peg.2211.site.3, 5, 136, 141
1339327.3.peg.2211.site.4, 51, 135, 186
1339327.3.peg.2211.site.5, 3, 133, 136
1339327.3.peg.2211.site.6, 46, 135, 181
1339327.3.peg.2211.site.7, 2, 137, 139
1339327.3.peg.2211.site.8, 18, 136, 154
1339327.3.peg.2211.site.9, 5, 135, 140
1339327.3.peg.2211.site.10, 35, 134, 169
1339327.3.peg.2211.site.11, 3, 134, 137
1339327.3.peg.2211.site.12, 3, 137, 140
1339327.3.peg.2211.site.13, 0, 135, 135
1339327.3.peg.2211.site.14, 1, 137, 138
1339327.3.peg.2211.site.15, 7, 136, 143
1339327.3.peg.2213.site.1, 0, 135, 135
1339327.3.peg.2213.site.2, 2, 136, 138
1339327.3.peg.2213.site.3, 24, 134, 158
1339327.3.peg.2213.site.4, 11, 133, 144
1339327.3.peg.2213.site.5, 11, 132, 143
1339327.3.peg.2213.site.6, 55, 134, 189
1339327.3.peg.2213.site.7, 33, 136, 169
1339327.3.peg.2213.site.8, 49, 135, 184
1339327.3.peg.2213.site.9, 12, 135, 147
1339327.3.peg.2213.site.10, 3, 133, 136
1339327.3.peg.2213.site.11, 33, 135, 168
1339327.3.peg.2213.site.12, 19, 136, 155
1339327.3.peg.2213.site.13, 9, 136, 145
1339327.3.peg.2213.site.14, 29, 133, 162
1339327.3.peg.2213.site.15, 19, 137, 156
1339327.3.peg.2213.site.16, 47, 137, 184
1339327.3.peg.2213.site.17, 0, 137, 137
1339327.3.peg.2213.site.18, 3, 131, 134
1339327.3.peg.2213.site.19, 0, 136, 136
1339327.3.peg.2213.site.20, 4, 136, 140
1339327.3.peg.2213.site.21, 83, 133, 216
1339327.3.peg.2213.site.22, 22, 134, 156
1339327.3.peg.2213.site.23, 3, 134, 137
1339327.3.peg.2213.site.24, 8, 133, 141
1339327.3.peg.2213.site.25, 15, 136, 151
1339327.3.peg.2213.site.26, 43, 136, 179
1339327.3.peg.2213.site.27, 0, 136, 136
1339327.3.peg.2213.site.28, 3, 137, 140
1339327.3.peg.1410.site.1, 11, 136, 147
1339327.3.peg.1410.site.2, 5, 136, 141
1339327.3.peg.1410.site.3, 42, 132, 174
1339327.3.peg.1410.site.4, 4, 136, 140
1339327.3.peg.1410.site.5, 15, 135, 150
1339327.3.peg.1410.site.6, 2, 136, 138
1339327.3.peg.1410.site.7, 1, 136, 137
1339327.3.peg.1410.site.8, 59, 136, 195
1339327.3.peg.1410.site.9, 0, 135, 135
1339327.3.peg.1410.site.10, 11, 135, 146
1339327.3.peg.1410.site.11, 0, 135, 135
1339327.3.peg.1410.site.12, 1, 135, 136
1339327.3.peg.1410.site.13, 41, 136, 177
1339327.3.peg.1410.site.14, 1, 137, 138
1339327.3.peg.1410.site.15, 98, 137, 235
1339327.3.peg.1410.site.16, 1, 137, 138
1339327.3.peg.1410.site.17, 108, 137, 245
1339327.3.peg.1410.site.18, 4, 136, 140
1339327.3.peg.1410.site.19, 3, 136, 139
1339327.3.peg.1410.site.20, 3, 135, 138
1339327.3.peg.1410.site.21, 4, 137, 141
1339327.3.peg.1410.site.22, 11, 137, 148
1339327.3.peg.1410.site.23, 0, 135, 135
1339327.3.peg.1410.site.24, 3, 136, 139
1339327.3.peg.3077.site.1, 110, 134, 244
1339327.3.peg.3077.site.2, 0, 133, 133
1339327.3.peg.3077.site.3, 129, 137, 266
1339327.3.peg.3077.site.4, 3, 134, 137
1339327.3.peg.3077.site.5, 3, 133, 136
1339327.3.peg.3077.site.6, 17, 135, 152
1339327.3.peg.3077.site.7, 16, 136, 152
1339327.3.peg.3077.site.8, 8, 135, 143
1339327.3.peg.3077.site.9, 28, 136, 164
1339327.3.peg.3077.site.10, 0, 137, 137
1339327.3.peg.3077.site.11, 5, 136, 141
1339327.3.peg.3077.site.12, 0, 136, 136
1339327.3.peg.3077.site.13, 3, 135, 138
1339327.3.peg.3076.site.1, 3, 131, 134
1339327.3.peg.3076.site.2, 34, 130, 164
1339327.3.peg.3076.site.3, 23, 134, 157
1339327.3.peg.3076.site.4, 1, 135, 136
1339327.3.peg.3076.site.5, 73, 133, 206
1339327.3.peg.3076.site.6, 75, 136, 211
1339327.3.peg.3076.site.7, 2, 132, 134
1339327.3.peg.3076.site.8, 127, 136, 263
1339327.3.peg.3076.site.9, 7, 137, 144
1339327.3.peg.3076.site.10, 5, 137, 142
1339327.3.peg.3076.site.11, 1, 134, 135
1339327.3.peg.3076.site.12, 2, 135, 137
1339327.3.peg.3076.site.13, 3, 130, 133
1339327.3.peg.3076.site.14, 1, 123, 124
1339327.3.peg.3076.site.15, 2, 134, 136
1339327.3.peg.3076.site.16, 2, 136, 138
1339327.3.peg.3076.site.17, 9, 134, 143
1339327.3.peg.3076.site.18, 65, 134, 199
1339327.3.peg.3075.site.1, 6, 135, 141
1339327.3.peg.3075.site.2, 38, 132, 170
1339327.3.peg.3075.site.3, 3, 134, 137
1339327.3.peg.3073.site.1, 14, 128, 142
1339327.3.peg.3072.site.1, 45, 134, 179
1339327.3.peg.3072.site.2, 19, 135, 154
1339327.3.peg.3072.site.3, 5, 135, 140
1339327.3.peg.3072.site.4, 66, 135, 201
1339327.3.peg.3072.site.5, 5, 132, 137
1339327.3.peg.3072.site.6, 64, 133, 197
1339327.3.peg.3072.site.7, 1, 133, 134
1339327.3.peg.3071.site.1, 50, 131, 181
1339327.3.peg.3071.site.2, 3, 134, 137
1339327.3.peg.3071.site.3, 3, 137, 140
1339327.3.peg.3071.site.4, 5, 137, 142
1339327.3.peg.3071.site.5, 51, 137, 188
1339327.3.peg.3071.site.6, 4, 137, 141
1339327.3.peg.3071.site.7, 0, 136, 136
1339327.3.peg.3071.site.8, 1, 137, 138
1339327.3.peg.3071.site.9, 0, 135, 135
1339327.3.peg.3071.site.10, 29, 133, 162
1339327.3.peg.3071.site.11, 11, 136, 147
1339327.3.peg.3070.site.1, 112, 135, 247
1339327.3.peg.3070.site.2, 5, 136, 141
1339327.3.peg.3070.site.3, 2, 136, 138
1339327.3.peg.5109.site.1, 1, 135, 136
1339327.3.peg.5109.site.2, 3, 134, 137
1339327.3.peg.5109.site.3, 11, 134, 145
1339327.3.peg.5109.site.4, 5, 134, 139
1339327.3.peg.5109.site.5, 69, 135, 204
1339327.3.peg.5109.site.6, 0, 133, 133
1339327.3.peg.5109.site.7, 0, 134, 134
1339327.3.peg.5109.site.8, 31, 132, 163
1339327.3.peg.5109.site.9, 1, 134, 135
1339327.3.peg.5109.site.10, 0, 135, 135
1339327.3.peg.5109.site.11, 1, 133, 134
1339327.3.peg.5109.site.12, 9, 136, 145
1339327.3.peg.3079.site.1, 1, 136, 137
1339327.3.peg.3079.site.2, 32, 137, 169
1339327.3.peg.3079.site.3, 32, 134, 166
1339327.3.peg.3079.site.4, 128, 134, 262
1339327.3.peg.3079.site.5, 1, 131, 132
1339327.3.peg.3078.site.1, 95, 134, 229
1339327.3.peg.3078.site.2, 8, 136, 144
1339327.3.peg.3078.site.3, 0, 136, 136
1339327.3.peg.3078.site.4, 11, 132, 143
1339327.3.peg.3078.site.5, 3, 134, 137
1339327.3.peg.3078.site.6, 3, 137, 140
1339327.3.peg.3078.site.7, 3, 135, 138
1339327.3.peg.3078.site.8, 50, 136, 186
1339327.3.peg.3078.site.9, 3, 136, 139
1339327.3.peg.3078.site.10, 25, 136, 161
1339327.3.peg.3078.site.11, 0, 136, 136
1339327.3.peg.3078.site.12, 2, 136, 138
1339327.3.peg.3078.site.13, 0, 137, 137
1339327.3.peg.3078.site.14, 15, 136, 151
1339327.3.peg.3078.site.15, 3, 134, 137
1339327.3.peg.3078.site.16, 3, 136, 139
1339327.3.peg.3078.site.17, 11, 137, 148
1339327.3.peg.3078.site.18, 6, 135, 141
1339327.3.peg.3078.site.19, 2, 137, 139
1339327.3.peg.3078.site.20, 94, 132, 226
1339327.3.peg.3078.site.21, 3, 135, 138
1339327.3.peg.3078.site.22, 11, 137, 148
1339327.3.peg.3078.site.23, 0, 137, 137
1339327.3.peg.3078.site.24, 0, 135, 135
1339327.3.peg.3078.site.25, 41, 137, 178
1339327.3.peg.3078.site.26, 59, 136, 195
1339327.3.peg.3078.site.27, 93, 136, 229
1339327.3.peg.3078.site.28, 0, 135, 135
1339327.3.peg.3078.site.29, 3, 134, 137
1339327.3.peg.3078.site.30, 7, 135, 142
1339327.3.peg.3078.site.31, 0, 136, 136
1339327.3.peg.3078.site.32, 0, 137, 137
1339327.3.peg.3078.site.33, 34, 137, 171
1339327.3.peg.3078.site.34, 68, 134, 202
1339327.3.peg.3078.site.35, 34, 135, 169
1339327.3.peg.3078.site.36, 12, 135, 147
1339327.3.peg.3078.site.37, 6, 135, 141
1339327.3.peg.3078.site.38, 80, 137, 217
1339327.3.peg.3078.site.39, 0, 136, 136
1339327.3.peg.3078.site.40, 11, 136, 147
1339327.3.peg.3078.site.41, 16, 135, 151
1339327.3.peg.3078.site.42, 4, 135, 139
1339327.3.peg.3078.site.43, 10, 134, 144
1339327.3.peg.3078.site.44, 0, 135, 135
1339327.3.peg.3078.site.45, 8, 136, 144
1339327.3.peg.3078.site.46, 4, 137, 141
1339327.3.peg.3078.site.47, 44, 137, 181
1339327.3.peg.3078.site.48, 20, 135, 155
1339327.3.peg.3078.site.49, 68, 134, 202
1339327.3.peg.3078.site.50, 3, 136, 139
1339327.3.peg.3078.site.51, 25, 136, 161
1339327.3.peg.3078.site.52, 3, 137, 140
1339327.3.peg.3078.site.53, 11, 136, 147
1339327.3.peg.3078.site.54, 45, 134, 179
1339327.3.peg.3078.site.55, 26, 136, 162
1339327.3.peg.3078.site.56, 3, 136, 139
1339327.3.peg.3078.site.57, 12, 135, 147
1339327.3.peg.3078.site.58, 2, 134, 136
1339327.3.peg.3078.site.59, 4, 136, 140
1339327.3.peg.5141.site.1, 7, 137, 144
1339327.3.peg.5141.site.2, 3, 137, 140
1339327.3.peg.5141.site.3, 3, 137, 140
1339327.3.peg.5141.site.4, 4, 137, 141
1339327.3.peg.3271.site.1, 12, 133, 145
1339327.3.peg.3271.site.2, 47, 134, 181
1339327.3.peg.3271.site.3, 0, 134, 134
1339327.3.peg.3271.site.4, 7, 135, 142
1339327.3.peg.3271.site.5, 6, 136, 142
1339327.3.peg.3271.site.6, 2, 137, 139
1339327.3.peg.3271.site.7, 35, 136, 171
1339327.3.peg.3271.site.8, 1, 134, 135
1339327.3.peg.3271.site.9, 1, 132, 133
1339327.3.peg.3271.site.10, 0, 132, 132
1339327.3.peg.3271.site.11, 1, 137, 138
1339327.3.peg.3271.site.12, 2, 136, 138
1339327.3.peg.3271.site.13, 13, 133, 146
1339327.3.peg.3271.site.14, 19, 135, 154
1339327.3.peg.3271.site.15, 97, 134, 231
1339327.3.peg.3270.site.1, 3, 136, 139
1339327.3.peg.3270.site.2, 75, 136, 211
1339327.3.peg.3270.site.3, 0, 136, 136
1339327.3.peg.3270.site.4, 3, 137, 140
1339327.3.peg.3270.site.5, 3, 136, 139
1339327.3.peg.3270.site.6, 2, 137, 139
1339327.3.peg.3270.site.7, 0, 137, 137
1339327.3.peg.3270.site.8, 13, 135, 148
1339327.3.peg.3270.site.9, 14, 133, 147
1339327.3.peg.3270.site.10, 18, 134, 152
1339327.3.peg.3270.site.11, 2, 134, 136
1339327.3.peg.3270.site.12, 3, 133, 136
1339327.3.peg.3270.site.13, 3, 134, 137
1339327.3.peg.3270.site.14, 1, 133, 134
1339327.3.peg.3275.site.1, 1, 132, 133
1339327.3.peg.3275.site.2, 3, 137, 140
1339327.3.peg.3275.site.3, 5, 137, 142
1339327.3.peg.3275.site.4, 3, 135, 138
1339327.3.peg.3275.site.5, 15, 134, 149
1339327.3.peg.3275.site.6, 3, 135, 138
1339327.3.peg.3275.site.7, 1, 133, 134
1339327.3.peg.3275.site.8, 5, 137, 142
1339327.3.peg.3275.site.9, 1, 137, 138
1339327.3.peg.3275.site.10, 10, 137, 147
1339327.3.peg.3275.site.11, 1, 135, 136
1339327.3.peg.3275.site.12, 43, 136, 179
1339327.3.peg.3275.site.13, 6, 137, 143
1339327.3.peg.3277.site.1, 5, 137, 142
1339327.3.peg.3277.site.2, 61, 137, 198
1339327.3.peg.3277.site.3, 18, 135, 153
1339327.3.peg.3277.site.4, 2, 135, 137
1339327.3.peg.3277.site.5, 114, 136, 250
1339327.3.peg.3277.site.6, 2, 134, 136
1339327.3.peg.3277.site.7, 20, 126, 146
1339327.3.peg.3277.site.8, 4, 137, 141
1339327.3.peg.3277.site.9, 4, 137, 141
1339327.3.peg.3277.site.10, 0, 137, 137
1339327.3.peg.3276.site.1, 2, 134, 136
1339327.3.peg.3276.site.2, 3, 136, 139
1339327.3.peg.3276.site.3, 15, 134, 149
1339327.3.peg.3276.site.4, 19, 136, 155
1339327.3.peg.3276.site.5, 16, 135, 151
1339327.3.peg.3276.site.6, 120, 137, 257
1339327.3.peg.3276.site.7, 40, 137, 177
1339327.3.peg.3276.site.8, 72, 137, 209
1339327.3.peg.3276.site.9, 44, 137, 181
1339327.3.peg.3276.site.10, 9, 135, 144
1339327.3.peg.3276.site.11, 125, 136, 261
1339327.3.peg.3276.site.12, 2, 137, 139
1339327.3.peg.3276.site.13, 8, 137, 145
1339327.3.peg.3276.site.14, 13, 137, 150
1339327.3.peg.3276.site.15, 0, 137, 137
1339327.3.peg.3276.site.16, 1, 136, 137
1339327.3.peg.3276.site.17, 24, 135, 159
1339327.3.peg.3276.site.18, 5, 137, 142
1339327.3.peg.3276.site.19, 4, 137, 141
1339327.3.peg.3276.site.20, 2, 136, 138
1339327.3.peg.3276.site.21, 3, 134, 137
1339327.3.peg.3276.site.22, 7, 134, 141
1339327.3.peg.3276.site.23, 0, 135, 135
1339327.3.peg.3276.site.24, 98, 135, 233
1339327.3.peg.3276.site.25, 112, 136, 248
1339327.3.peg.3276.site.26, 7, 134, 141
1339327.3.peg.3276.site.27, 12, 129, 141
1339327.3.peg.3276.site.28, 14, 134, 148
1339327.3.peg.3276.site.29, 0, 133, 133
1339327.3.peg.3278.site.1, 28, 134, 162
1339327.3.peg.3278.site.2, 2, 137, 139
1339327.3.peg.3278.site.3, 49, 136, 185
1339327.3.peg.3278.site.4, 3, 128, 131
1339327.3.peg.3278.site.5, 3, 134, 137
1339327.3.peg.3278.site.6, 0, 136, 136
1339327.3.peg.3278.site.7, 28, 134, 162
1339327.3.peg.3278.site.8, 1, 135, 136
1339327.3.peg.3278.site.9, 5, 134, 139
1339327.3.peg.3278.site.10, 0, 137, 137
1339327.3.peg.3278.site.11, 8, 134, 142
1339327.3.peg.3278.site.12, 97, 134, 231
1339327.3.peg.3278.site.13, 14, 135, 149
1339327.3.peg.3278.site.14, 7, 133, 140
1339327.3.peg.3278.site.15, 18, 135, 153
1339327.3.peg.3278.site.16, 67, 136, 203
1339327.3.peg.3278.site.17, 5, 135, 140
1339327.3.peg.3278.site.18, 1, 135, 136
1339327.3.peg.3278.site.19, 1, 136, 137
1339327.3.peg.3278.site.20, 125, 136, 261
1339327.3.peg.3278.site.21, 0, 136, 136
1339327.3.peg.3278.site.22, 2, 134, 136
1339327.3.peg.3278.site.23, 3, 132, 135
1339327.3.peg.3278.site.24, 7, 133, 140
1339327.3.peg.3278.site.25, 17, 132, 149
1339327.3.peg.3278.site.26, 0, 129, 129
1339327.3.peg.3278.site.27, 2, 125, 127
1339327.3.peg.3278.site.28, 3, 135, 138
1339327.3.peg.3278.site.29, 0, 134, 134
1339327.3.peg.983.site.1, 52, 125, 177
1339327.3.peg.983.site.2, 14, 125, 139
1339327.3.peg.983.site.3, 0, 125, 125
1339327.3.peg.983.site.4, 23, 126, 149
1339327.3.peg.983.site.5, 46, 124, 170
1339327.3.peg.981.site.1, 0, 132, 132
1339327.3.peg.981.site.2, 4, 135, 139
1339327.3.peg.981.site.3, 2, 137, 139
1339327.3.peg.981.site.4, 44, 137, 181
1339327.3.peg.981.site.5, 4, 135, 139
1339327.3.peg.981.site.6, 10, 136, 146
1339327.3.peg.981.site.7, 6, 135, 141
1339327.3.peg.981.site.8, 120, 137, 257
1339327.3.peg.981.site.9, 2, 136, 138
1339327.3.peg.981.site.10, 7, 137, 144
1339327.3.peg.981.site.11, 5, 137, 142
1339327.3.peg.984.site.1, 9, 127, 136
1339327.3.peg.984.site.2, 91, 123, 214
1339327.3.peg.984.site.3, 3, 126, 129
1339327.3.peg.4890.site.1, 1, 137, 138
1339327.3.peg.4890.site.2, 32, 137, 169
1339327.3.peg.4890.site.3, 11, 137, 148
1339327.3.peg.4890.site.4, 16, 137, 153
1339327.3.peg.4890.site.5, 8, 136, 144
1339327.3.peg.4890.site.6, 90, 136, 226
1339327.3.peg.4890.site.7, 9, 136, 145
1339327.3.peg.4890.site.8, 17, 136, 153
1339327.3.peg.4891.site.1, 0, 132, 132
1339327.3.peg.4891.site.2, 30, 135, 165
1339327.3.peg.4891.site.3, 6, 135, 141
1339327.3.peg.4891.site.4, 11, 136, 147
1339327.3.peg.4891.site.5, 46, 133, 179
1339327.3.peg.4891.site.6, 2, 133, 135
1339327.3.peg.4891.site.7, 2, 133, 135
1339327.3.peg.4891.site.8, 5, 137, 142
1339327.3.peg.4891.site.9, 10, 135, 145
1339327.3.peg.4891.site.10, 5, 137, 142
1339327.3.peg.4891.site.11, 7, 136, 143
1339327.3.peg.989.site.1, 4, 136, 140
1339327.3.peg.988.site.1, 4, 134, 138
1339327.3.peg.988.site.2, 0, 136, 136
1339327.3.peg.988.site.3, 2, 136, 138
1339327.3.peg.988.site.4, 11, 134, 145
1339327.3.peg.988.site.5, 1, 137, 138
1339327.3.peg.988.site.6, 89, 134, 223
1339327.3.peg.988.site.7, 2, 137, 139
1339327.3.peg.988.site.8, 0, 136, 136
1339327.3.peg.988.site.9, 1, 137, 138
1339327.3.peg.988.site.10, 12, 137, 149
1339327.3.peg.988.site.11, 2, 137, 139
1339327.3.peg.988.site.12, 27, 137, 164
1339327.3.peg.1138.site.1, 40, 137, 177
1339327.3.peg.1138.site.2, 0, 137, 137
1339327.3.peg.1138.site.3, 6, 137, 143
1339327.3.peg.1138.site.4, 15, 137, 152
1339327.3.peg.1138.site.5, 11, 137, 148
1339327.3.peg.1138.site.6, 3, 134, 137
1339327.3.peg.1138.site.7, 0, 134, 134
1339327.3.peg.1138.site.8, 11, 137, 148
1339327.3.peg.1138.site.9, 112, 137, 249
1339327.3.peg.1138.site.10, 1, 137, 138
1339327.3.peg.1138.site.11, 30, 136, 166
1339327.3.peg.1138.site.12, 8, 137, 145
1339327.3.peg.1138.site.13, 2, 137, 139
1339327.3.peg.1138.site.14, 13, 136, 149
1339327.3.peg.1138.site.15, 15, 131, 146
1339327.3.peg.1138.site.16, 41, 137, 178
1339327.3.peg.1138.site.17, 18, 137, 155
1339327.3.peg.1138.site.18, 3, 137, 140
1339327.3.peg.1138.site.19, 35, 137, 172
1339327.3.peg.1138.site.20, 111, 135, 246
1339327.3.peg.1138.site.21, 108, 137, 245
1339327.3.peg.1138.site.22, 20, 135, 155
1339327.3.peg.1138.site.23, 35, 137, 172
1339327.3.peg.1138.site.24, 3, 136, 139
1339327.3.peg.1138.site.25, 4, 137, 141
1339327.3.peg.1138.site.26, 1, 136, 137
1339327.3.peg.1138.site.27, 18, 137, 155
1339327.3.peg.1138.site.28, 3, 137, 140
1339327.3.peg.1138.site.29, 17, 136, 153
1339327.3.peg.1138.site.30, 2, 137, 139
1339327.3.peg.1138.site.31, 2, 137, 139
1339327.3.peg.1138.site.32, 109, 135, 244
1339327.3.peg.1138.site.33, 2, 136, 138
1339327.3.peg.1138.site.34, 1, 136, 137
1339327.3.peg.1138.site.35, 12, 137, 149
1339327.3.peg.1138.site.36, 42, 137, 179
1339327.3.peg.1139.site.1, 0, 135, 135
1339327.3.peg.1139.site.2, 0, 135, 135
1339327.3.peg.1139.site.3, 10, 137, 147
1339327.3.peg.3499.site.1, 3, 135, 138
1339327.3.peg.3499.site.2, 3, 134, 137
1339327.3.peg.3499.site.3, 57, 135, 192
1339327.3.peg.3499.site.4, 2, 135, 137
1339327.3.peg.3499.site.5, 12, 135, 147
1339327.3.peg.3499.site.6, 3, 137, 140
1339327.3.peg.3499.site.7, 2, 133, 135
1339327.3.peg.3499.site.8, 0, 132, 132
1339327.3.peg.3499.site.9, 5, 134, 139
1339327.3.peg.3499.site.10, 13, 134, 147
1339327.3.peg.3499.site.11, 5, 131, 136
1339327.3.peg.3499.site.12, 8, 136, 144
1339327.3.peg.3499.site.13, 44, 137, 181
1339327.3.peg.3499.site.14, 34, 136, 170
1339327.3.peg.3499.site.15, 0, 136, 136
1339327.3.peg.3499.site.16, 3, 136, 139
1339327.3.peg.3499.site.17, 0, 135, 135
1339327.3.peg.4481.site.1, 7, 137, 144
1339327.3.peg.4481.site.2, 1, 137, 138
1339327.3.peg.4481.site.3, 19, 136, 155
1339327.3.peg.1419.site.1, 28, 136, 164
1339327.3.peg.1419.site.2, 131, 137, 268
1339327.3.peg.1419.site.3, 0, 135, 135
1339327.3.peg.1419.site.4, 5, 135, 140
1339327.3.peg.1419.site.5, 3, 134, 137
1339327.3.peg.1419.site.6, 5, 137, 142
1339327.3.peg.1419.site.7, 0, 134, 134
1339327.3.peg.1419.site.8, 4, 136, 140
1339327.3.peg.1419.site.9, 2, 136, 138
1339327.3.peg.1419.site.10, 2, 136, 138
1339327.3.peg.1419.site.11, 3, 136, 139
1339327.3.peg.1419.site.12, 3, 134, 137
1339327.3.peg.1419.site.13, 32, 135, 167
1339327.3.peg.1419.site.14, 1, 135, 136
1339327.3.peg.1419.site.15, 1, 136, 137
1339327.3.peg.4090.site.1, 3, 136, 139
1339327.3.peg.4092.site.1, 0, 136, 136
1339327.3.peg.4092.site.2, 0, 137, 137
1339327.3.peg.4092.site.3, 110, 136, 246
1339327.3.peg.4092.site.4, 7, 137, 144
1339327.3.peg.4092.site.5, 5, 135, 140
1339327.3.peg.4092.site.6, 2, 134, 136
1339327.3.peg.4092.site.7, 4, 135, 139
1339327.3.peg.4092.site.8, 48, 135, 183
1339327.3.peg.4092.site.9, 11, 137, 148
1339327.3.peg.4092.site.10, 67, 137, 204
1339327.3.peg.4092.site.11, 11, 136, 147
1339327.3.peg.4092.site.12, 2, 136, 138
1339327.3.peg.4092.site.13, 80, 137, 217
1339327.3.peg.4092.site.14, 95, 137, 232
1339327.3.peg.4092.site.15, 3, 135, 138
1339327.3.peg.4092.site.16, 1, 137, 138
1339327.3.peg.4092.site.17, 10, 137, 147
1339327.3.peg.4092.site.18, 18, 137, 155
1339327.3.peg.4480.site.1, 6, 133, 139
1339327.3.peg.4480.site.2, 0, 132, 132
1339327.3.peg.4480.site.3, 5, 134, 139
1339327.3.peg.4480.site.4, 18, 134, 152
1339327.3.peg.4480.site.5, 0, 133, 133
1339327.3.peg.4094.site.1, 3, 135, 138
1339327.3.peg.4094.site.2, 12, 135, 147
1339327.3.peg.4094.site.3, 6, 134, 140
1339327.3.peg.4094.site.4, 24, 135, 159
1339327.3.peg.4094.site.5, 1, 134, 135
1339327.3.peg.4096.site.1, 5, 130, 135
1339327.3.peg.4096.site.2, 12, 134, 146
1339327.3.peg.4096.site.3, 6, 136, 142
1339327.3.peg.4096.site.4, 1, 137, 138
1339327.3.peg.4096.site.5, 2, 135, 137
1339327.3.peg.4096.site.6, 3, 134, 137
1339327.3.peg.4096.site.7, 1, 135, 136
1339327.3.peg.4096.site.8, 11, 134, 145
1339327.3.peg.4096.site.9, 2, 137, 139
1339327.3.peg.4096.site.10, 2, 137, 139
1339327.3.peg.4096.site.11, 0, 136, 136
1339327.3.peg.4096.site.12, 2, 136, 138
1339327.3.peg.4096.site.13, 0, 136, 136
1339327.3.peg.4096.site.14, 61, 134, 195
1339327.3.peg.4096.site.15, 3, 135, 138
1339327.3.peg.4096.site.16, 12, 130, 142
1339327.3.peg.4096.site.17, 2, 129, 131
1339327.3.peg.4096.site.18, 0, 137, 137
1339327.3.peg.4096.site.19, 49, 137, 186
1339327.3.peg.4096.site.20, 79, 129, 208
1339327.3.peg.4096.site.21, 22, 132, 154
1339327.3.peg.4096.site.22, 1, 122, 123
1339327.3.peg.4096.site.23, 4, 130, 134
1339327.3.peg.4096.site.24, 29, 135, 164
1339327.3.peg.4096.site.25, 3, 136, 139
1339327.3.peg.4096.site.26, 5, 137, 142
1339327.3.peg.4096.site.27, 3, 136, 139
1339327.3.peg.4096.site.28, 0, 136, 136
1339327.3.peg.4096.site.29, 1, 136, 137
1339327.3.peg.4096.site.30, 8, 137, 145
1339327.3.peg.4096.site.31, 3, 136, 139
1339327.3.peg.4096.site.32, 18, 136, 154
1339327.3.peg.4096.site.33, 5, 136, 141
1339327.3.peg.4096.site.34, 0, 137, 137
1339327.3.peg.4096.site.35, 4, 137, 141
1339327.3.peg.4096.site.36, 3, 136, 139
1339327.3.peg.4096.site.37, 130, 137, 267
1339327.3.peg.4096.site.38, 2, 136, 138
1339327.3.peg.4096.site.39, 1, 137, 138
1339327.3.peg.4096.site.40, 10, 136, 146
1339327.3.peg.4096.site.41, 10, 135, 145
1339327.3.peg.4096.site.42, 27, 136, 163
1339327.3.peg.4096.site.43, 37, 137, 174
1339327.3.peg.4096.site.44, 6, 136, 142
1339327.3.peg.4096.site.45, 86, 137, 223
1339327.3.peg.4096.site.46, 2, 136, 138
1339327.3.peg.4096.site.47, 0, 136, 136
1339327.3.peg.4097.site.1, 4, 133, 137
1339327.3.peg.4097.site.2, 18, 134, 152
1339327.3.peg.4097.site.3, 5, 133, 138
1339327.3.peg.4097.site.4, 9, 133, 142
1339327.3.peg.4097.site.5, 4, 134, 138
1339327.3.peg.4097.site.6, 1, 135, 136
1339327.3.peg.4097.site.7, 46, 136, 182
1339327.3.peg.4097.site.8, 86, 135, 221
1339327.3.peg.4097.site.9, 1, 133, 134
1339327.3.peg.4097.site.10, 2, 133, 135
1339327.3.peg.4097.site.11, 2, 133, 135
1339327.3.peg.4097.site.12, 60, 130, 190
1339327.3.peg.4097.site.13, 1, 134, 135
1339327.3.peg.4097.site.14, 1, 133, 134
1339327.3.peg.4097.site.15, 1, 133, 134
1339327.3.peg.4097.site.16, 2, 135, 137
1339327.3.peg.4097.site.17, 2, 136, 138
1339327.3.peg.4097.site.18, 6, 135, 141
1339327.3.peg.4097.site.19, 16, 131, 147
1339327.3.peg.4097.site.20, 5, 136, 141
1339327.3.peg.4097.site.21, 0, 136, 136
1339327.3.peg.4097.site.22, 56, 133, 189
1339327.3.peg.4097.site.23, 5, 135, 140
1339327.3.peg.4097.site.24, 1, 137, 138
1339327.3.peg.4097.site.25, 0, 136, 136
1339327.3.peg.4098.site.1, 3, 135, 138
1339327.3.peg.4098.site.2, 0, 135, 135
1339327.3.peg.4098.site.3, 2, 132, 134
1339327.3.peg.4098.site.4, 2, 134, 136
1339327.3.peg.4098.site.5, 3, 134, 137
1339327.3.peg.4098.site.6, 12, 129, 141
1339327.3.peg.4098.site.7, 57, 135, 192
1339327.3.peg.4098.site.8, 12, 134, 146
1339327.3.peg.4098.site.9, 0, 133, 133
1339327.3.peg.4098.site.10, 0, 137, 137
1339327.3.peg.4098.site.11, 15, 137, 152
1339327.3.peg.4098.site.12, 109, 136, 245
1339327.3.peg.4099.site.1, 28, 136, 164
1339327.3.peg.4099.site.2, 1, 137, 138
1339327.3.peg.4099.site.3, 1, 131, 132
1339327.3.peg.4099.site.4, 4, 131, 135
1339327.3.peg.4099.site.5, 3, 129, 132
1339327.3.peg.4099.site.6, 106, 118, 224
1339327.3.peg.4099.site.7, 7, 119, 126
1339327.3.peg.4099.site.8, 3, 125, 128
1339327.3.peg.4099.site.9, 71, 113, 184
1339327.3.peg.4099.site.10, 85, 117, 202
1339327.3.peg.4099.site.11, 4, 99, 103
1339327.3.peg.4099.site.12, 22, 101, 123
1339327.3.peg.4099.site.13, 24, 104, 128
1339327.3.peg.4099.site.14, 47, 113, 160
1339327.3.peg.4099.site.15, 1, 136, 137
1339327.3.peg.4099.site.16, 22, 135, 157
1339327.3.peg.4099.site.17, 88, 137, 225
1339327.3.peg.4099.site.18, 103, 135, 238
1339327.3.peg.4099.site.19, 1, 136, 137
1339327.3.peg.4099.site.20, 2, 135, 137
1339327.3.peg.4099.site.21, 14, 135, 149
1339327.3.peg.4099.site.22, 37, 123, 160
1339327.3.peg.4099.site.23, 1, 134, 135
1339327.3.peg.4770.site.1, 5, 136, 141
1339327.3.peg.4770.site.2, 1, 136, 137
1339327.3.peg.4770.site.3, 1, 136, 137
1339327.3.peg.4770.site.4, 14, 136, 150
1339327.3.peg.4770.site.5, 1, 136, 137
1339327.3.peg.4770.site.6, 89, 134, 223
1339327.3.peg.4770.site.7, 6, 135, 141
1339327.3.peg.4770.site.8, 1, 136, 137
1339327.3.peg.4770.site.9, 3, 135, 138
1339327.3.peg.4770.site.10, 1, 136, 137
1339327.3.peg.4770.site.11, 0, 136, 136
1339327.3.peg.4770.site.12, 1, 136, 137
1339327.3.peg.4770.site.13, 12, 136, 148
1339327.3.peg.4770.site.14, 2, 136, 138
1339327.3.peg.4770.site.15, 1, 136, 137
1339327.3.peg.4770.site.16, 1, 135, 136
1339327.3.peg.4770.site.17, 0, 135, 135
1339327.3.peg.4486.site.1, 2, 135, 137
1339327.3.peg.4486.site.2, 3, 137, 140
1339327.3.peg.4486.site.3, 0, 137, 137
1339327.3.peg.4486.site.4, 0, 137, 137
1339327.3.peg.4486.site.5, 20, 136, 156
1339327.3.peg.4486.site.6, 6, 136, 142
1339327.3.peg.4486.site.7, 3, 137, 140
1339327.3.peg.4486.site.8, 103, 137, 240
1339327.3.peg.4486.site.9, 0, 137, 137
1339327.3.peg.4486.site.10, 17, 137, 154
1339327.3.peg.4486.site.11, 0, 137, 137
1339327.3.peg.4485.site.1, 6, 137, 143
1339327.3.peg.4485.site.2, 1, 137, 138
1339327.3.peg.4485.site.3, 2, 137, 139
1339327.3.peg.4485.site.4, 7, 137, 144
1339327.3.peg.4485.site.5, 3, 137, 140
1339327.3.peg.4484.site.1, 2, 134, 136
1339327.3.peg.4484.site.2, 3, 136, 139
1339327.3.peg.4484.site.3, 20, 136, 156
1339327.3.peg.4484.site.4, 2, 135, 137
1339327.3.peg.4484.site.5, 0, 135, 135
1339327.3.peg.4484.site.6, 2, 137, 139
1339327.3.peg.4484.site.7, 8, 135, 143
1339327.3.peg.4484.site.8, 74, 135, 209
1339327.3.peg.4484.site.9, 19, 137, 156
1339327.3.peg.4484.site.10, 3, 137, 140
1339327.3.peg.4484.site.11, 1, 136, 137
1339327.3.peg.1418.site.1, 14, 136, 150
1339327.3.peg.1418.site.2, 93, 135, 228
1339327.3.peg.1418.site.3, 45, 135, 180
1339327.3.peg.1418.site.4, 0, 136, 136
1339327.3.peg.1418.site.5, 14, 136, 150
1339327.3.peg.1418.site.6, 5, 137, 142
1339327.3.peg.1418.site.7, 0, 136, 136
1339327.3.peg.1418.site.8, 123, 136, 259
1339327.3.peg.1418.site.9, 1, 136, 137
1339327.3.peg.1418.site.10, 3, 134, 137
1339327.3.peg.4716.site.1, 55, 134, 189
1339327.3.peg.4716.site.2, 35, 134, 169
1339327.3.peg.4716.site.3, 5, 137, 142
1339327.3.peg.3631.site.1, 0, 137, 137
1339327.3.peg.3631.site.2, 3, 136, 139
1339327.3.peg.3631.site.3, 57, 134, 191
1339327.3.peg.3631.site.4, 3, 122, 125
1339327.3.peg.4488.site.1, 9, 136, 145
1339327.3.peg.4488.site.2, 3, 135, 138
1339327.3.peg.4488.site.3, 26, 137, 163
1339327.3.peg.4488.site.4, 6, 136, 142
1339327.3.peg.4488.site.5, 4, 135, 139
1339327.3.peg.4488.site.6, 119, 136, 255
1339327.3.peg.4488.site.7, 3, 136, 139
1339327.3.peg.4488.site.8, 4, 137, 141
1339327.3.peg.4488.site.9, 2, 137, 139
1339327.3.peg.4488.site.10, 96, 137, 233
1339327.3.peg.4488.site.11, 1, 137, 138
1339327.3.peg.4488.site.12, 1, 135, 136
1339327.3.peg.4488.site.13, 15, 136, 151
1339327.3.peg.4488.site.14, 95, 133, 228
1339327.3.peg.4488.site.15, 20, 136, 156
1339327.3.peg.4488.site.16, 3, 135, 138
1339327.3.peg.4488.site.17, 3, 136, 139
1339327.3.peg.4488.site.18, 1, 136, 137
1339327.3.peg.4488.site.19, 73, 135, 208
1339327.3.peg.4488.site.20, 0, 136, 136
1339327.3.peg.4488.site.21, 0, 135, 135
1339327.3.peg.4488.site.22, 11, 136, 147
1339327.3.peg.4488.site.23, 107, 137, 244
1339327.3.peg.4488.site.24, 65, 133, 198
1339327.3.peg.4488.site.25, 3, 136, 139
1339327.3.peg.4488.site.26, 6, 137, 143
1339327.3.peg.4488.site.27, 77, 137, 214
1339327.3.peg.1358.site.1, 22, 133, 155
1339327.3.peg.1358.site.2, 0, 136, 136
1339327.3.peg.1358.site.3, 1, 135, 136
1339327.3.peg.1358.site.4, 6, 135, 141
1339327.3.peg.1359.site.1, 5, 131, 136
1339327.3.peg.1359.site.2, 4, 132, 136
1339327.3.peg.1359.site.3, 6, 132, 138
1339327.3.peg.1359.site.4, 19, 136, 155
1339327.3.peg.1359.site.5, 3, 134, 137
1339327.3.peg.1359.site.6, 17, 135, 152
1339327.3.peg.1359.site.7, 8, 135, 143
1339327.3.peg.1359.site.8, 5, 134, 139
1339327.3.peg.1359.site.9, 13, 134, 147
1339327.3.peg.1359.site.10, 24, 134, 158
1339327.3.peg.1359.site.11, 0, 134, 134
1339327.3.peg.1359.site.12, 3, 134, 137
1339327.3.peg.1359.site.13, 1, 136, 137
1339327.3.peg.1359.site.14, 2, 136, 138
1339327.3.peg.1359.site.15, 13, 136, 149
1339327.3.peg.1359.site.16, 14, 136, 150
1339327.3.peg.1359.site.17, 29, 134, 163
1339327.3.peg.1359.site.18, 3, 136, 139
1339327.3.peg.1359.site.19, 8, 133, 141
1339327.3.peg.1359.site.20, 4, 134, 138
1339327.3.peg.1359.site.21, 4, 135, 139
1339327.3.peg.1359.site.22, 126, 135, 261
1339327.3.peg.1359.site.23, 14, 135, 149
1339327.3.peg.1359.site.24, 4, 136, 140
1339327.3.peg.1359.site.25, 12, 134, 146
1339327.3.peg.1359.site.26, 1, 135, 136
1339327.3.peg.1359.site.27, 0, 134, 134
1339327.3.peg.1359.site.28, 2, 136, 138
1339327.3.peg.1359.site.29, 6, 135, 141
1339327.3.peg.1359.site.30, 77, 136, 213
1339327.3.peg.1359.site.31, 0, 136, 136
1339327.3.peg.1359.site.32, 6, 136, 142
1339327.3.peg.1359.site.33, 32, 135, 167
1339327.3.peg.1359.site.34, 0, 136, 136
1339327.3.peg.1359.site.35, 79, 135, 214
1339327.3.peg.1359.site.36, 0, 133, 133
1339327.3.peg.1359.site.37, 7, 136, 143
1339327.3.peg.1359.site.38, 15, 136, 151
1339327.3.peg.1359.site.39, 67, 135, 202
1339327.3.peg.1359.site.40, 2, 135, 137
1339327.3.peg.1359.site.41, 26, 136, 162
1339327.3.peg.1359.site.42, 28, 136, 164
1339327.3.peg.1359.site.43, 14, 136, 150
1339327.3.peg.1359.site.44, 3, 135, 138
1339327.3.peg.1359.site.45, 0, 136, 136
1339327.3.peg.1359.site.46, 65, 134, 199
1339327.3.peg.1359.site.47, 0, 136, 136
1339327.3.peg.1359.site.48, 1, 136, 137
1339327.3.peg.1359.site.49, 3, 135, 138
1339327.3.peg.1359.site.50, 0, 136, 136
1339327.3.peg.1359.site.51, 9, 134, 143
1339327.3.peg.1359.site.52, 1, 135, 136
1339327.3.peg.1359.site.53, 4, 135, 139
1339327.3.peg.1359.site.54, 79, 135, 214
1339327.3.peg.1359.site.55, 4, 135, 139
1339327.3.peg.1359.site.56, 20, 134, 154
1339327.3.peg.1359.site.57, 25, 135, 160
1339327.3.peg.1359.site.58, 5, 136, 141
1339327.3.peg.1359.site.59, 2, 136, 138
1339327.3.peg.1359.site.60, 0, 135, 135
1339327.3.peg.1359.site.61, 1, 135, 136
1339327.3.peg.1359.site.62, 68, 135, 203
1339327.3.peg.1359.site.63, 0, 134, 134
1339327.3.peg.1359.site.64, 3, 135, 138
1339327.3.peg.1359.site.65, 3, 134, 137
1339327.3.peg.1359.site.66, 5, 134, 139
1339327.3.peg.1359.site.67, 47, 136, 183
1339327.3.peg.1359.site.68, 4, 136, 140
1339327.3.peg.1359.site.69, 41, 133, 174
1339327.3.peg.1359.site.70, 1, 135, 136
1339327.3.peg.1359.site.71, 2, 136, 138
1339327.3.peg.1359.site.72, 0, 132, 132
1339327.3.peg.1359.site.73, 0, 132, 132
1339327.3.peg.1359.site.74, 0, 127, 127
1339327.3.peg.1359.site.75, 0, 121, 121
1339327.3.peg.1359.site.76, 0, 117, 117
1339327.3.peg.1359.site.77, 1, 115, 116
1339327.3.peg.3630.site.1, 11, 137, 148
1339327.3.peg.3630.site.2, 2, 137, 139
1339327.3.peg.3630.site.3, 7, 136, 143
1339327.3.peg.3630.site.4, 14, 136, 150
1339327.3.peg.3630.site.5, 1, 133, 134
1339327.3.peg.3630.site.6, 5, 137, 142
1339327.3.peg.3630.site.7, 21, 134, 155
1339327.3.peg.3630.site.8, 86, 136, 222
1339327.3.peg.3630.site.9, 38, 135, 173
1339327.3.peg.3630.site.10, 25, 137, 162
1339327.3.peg.3630.site.11, 16, 135, 151
1339327.3.peg.3630.site.12, 2, 136, 138
1339327.3.peg.3630.site.13, 38, 136, 174
1339327.3.peg.3630.site.14, 8, 135, 143
1339327.3.peg.3630.site.15, 3, 136, 139
1339327.3.peg.3630.site.16, 1, 137, 138
1339327.3.peg.3630.site.17, 103, 134, 237
1339327.3.peg.3630.site.18, 0, 130, 130
1339327.3.peg.3630.site.19, 8, 135, 143
1339327.3.peg.1354.site.1, 0, 132, 132
1339327.3.peg.1354.site.2, 1, 135, 136
1339327.3.peg.1354.site.3, 1, 135, 136
1339327.3.peg.1354.site.4, 31, 134, 165
1339327.3.peg.1354.site.5, 1, 135, 136
1339327.3.peg.1354.site.6, 1, 132, 133
1339327.3.peg.1354.site.7, 47, 136, 183
1339327.3.peg.1354.site.8, 0, 135, 135
1339327.3.peg.1354.site.9, 40, 136, 176
1339327.3.peg.1354.site.10, 2, 136, 138
1339327.3.peg.1354.site.11, 102, 136, 238
1339327.3.peg.1354.site.12, 20, 136, 156
1339327.3.peg.1354.site.13, 2, 136, 138
1339327.3.peg.1354.site.14, 17, 136, 153
1339327.3.peg.1354.site.15, 3, 136, 139
1339327.3.peg.1354.site.16, 5, 135, 140
1339327.3.peg.1354.site.17, 2, 135, 137
1339327.3.peg.1354.site.18, 41, 136, 177
1339327.3.peg.1354.site.19, 2, 136, 138
1339327.3.peg.1354.site.20, 2, 136, 138
1339327.3.peg.1355.site.1, 29, 135, 164
1339327.3.peg.1355.site.2, 10, 135, 145
1339327.3.peg.1355.site.3, 0, 134, 134
1339327.3.peg.1355.site.4, 0, 135, 135
1339327.3.peg.1355.site.5, 4, 136, 140
1339327.3.peg.1355.site.6, 20, 136, 156
1339327.3.peg.1355.site.7, 1, 136, 137
1339327.3.peg.1355.site.8, 61, 136, 197
1339327.3.peg.1355.site.9, 3, 136, 139
1339327.3.peg.1355.site.10, 59, 135, 194
1339327.3.peg.1355.site.11, 0, 133, 133
1339327.3.peg.1355.site.12, 15, 133, 148
1339327.3.peg.1355.site.13, 36, 131, 167
1339327.3.peg.1355.site.14, 0, 135, 135
1339327.3.peg.1355.site.15, 0, 136, 136
1339327.3.peg.1355.site.16, 15, 133, 148
1339327.3.peg.1355.site.17, 0, 136, 136
1339327.3.peg.1355.site.18, 3, 136, 139
1339327.3.peg.1355.site.19, 2, 136, 138
1339327.3.peg.1355.site.20, 6, 134, 140
1339327.3.peg.1356.site.1, 26, 136, 162
1339327.3.peg.1356.site.2, 41, 136, 177
1339327.3.peg.1356.site.3, 0, 136, 136
1339327.3.peg.1356.site.4, 7, 135, 142
1339327.3.peg.1356.site.5, 37, 135, 172
1339327.3.peg.1356.site.6, 9, 136, 145
1339327.3.peg.1356.site.7, 2, 136, 138
1339327.3.peg.1356.site.8, 7, 134, 141
1339327.3.peg.1356.site.9, 2, 135, 137
1339327.3.peg.1356.site.10, 2, 134, 136
1339327.3.peg.1357.site.1, 2, 134, 136
1339327.3.peg.1357.site.2, 1, 136, 137
1339327.3.peg.1357.site.3, 2, 134, 136
1339327.3.peg.1357.site.4, 39, 134, 173
1339327.3.peg.1357.site.5, 1, 133, 134
1339327.3.peg.1357.site.6, 5, 135, 140
1339327.3.peg.1357.site.7, 5, 136, 141
1339327.3.peg.1357.site.8, 11, 136, 147
1339327.3.peg.1357.site.9, 8, 134, 142
1339327.3.peg.1357.site.10, 1, 135, 136
1339327.3.peg.1357.site.11, 4, 136, 140
1339327.3.peg.1357.site.12, 12, 136, 148
1339327.3.peg.1357.site.13, 30, 135, 165
1339327.3.peg.1357.site.14, 2, 136, 138
1339327.3.peg.1357.site.15, 0, 135, 135
1339327.3.peg.1357.site.16, 29, 135, 164
1339327.3.peg.1357.site.17, 24, 135, 159
1339327.3.peg.1357.site.18, 2, 135, 137
1339327.3.peg.1357.site.19, 4, 135, 139
1339327.3.peg.1357.site.20, 0, 135, 135
1339327.3.peg.1357.site.21, 1, 136, 137
1339327.3.peg.1357.site.22, 0, 136, 136
1339327.3.peg.1357.site.23, 26, 134, 160
1339327.3.peg.1357.site.24, 52, 136, 188
1339327.3.peg.1357.site.25, 4, 136, 140
1339327.3.peg.1357.site.26, 2, 135, 137
1339327.3.peg.1357.site.27, 16, 135, 151
1339327.3.peg.1357.site.28, 28, 136, 164
1339327.3.peg.1357.site.29, 0, 135, 135
1339327.3.peg.1357.site.30, 1, 133, 134
1339327.3.peg.1357.site.31, 3, 135, 138
1339327.3.peg.1357.site.32, 0, 136, 136
1339327.3.peg.1357.site.33, 0, 136, 136
1339327.3.peg.1357.site.34, 2, 134, 136
1339327.3.peg.1357.site.35, 8, 136, 144
1339327.3.peg.1357.site.36, 11, 135, 146
1339327.3.peg.1357.site.37, 1, 135, 136
1339327.3.peg.1357.site.38, 8, 136, 144
1339327.3.peg.1357.site.39, 0, 135, 135
1339327.3.peg.1357.site.40, 6, 134, 140
1339327.3.peg.1357.site.41, 33, 133, 166
1339327.3.peg.1350.site.1, 0, 135, 135
1339327.3.peg.1350.site.2, 16, 133, 149
1339327.3.peg.1350.site.3, 125, 134, 259
1339327.3.peg.1350.site.4, 18, 137, 155
1339327.3.peg.1350.site.5, 0, 137, 137
1339327.3.peg.1350.site.6, 1, 133, 134
1339327.3.peg.1350.site.7, 56, 135, 191
1339327.3.peg.1350.site.8, 2, 136, 138
1339327.3.peg.1350.site.9, 19, 136, 155
1339327.3.peg.1350.site.10, 18, 137, 155
1339327.3.peg.1350.site.11, 2, 135, 137
1339327.3.peg.1350.site.12, 118, 135, 253
1339327.3.peg.1350.site.13, 3, 136, 139
1339327.3.peg.1350.site.14, 0, 135, 135
1339327.3.peg.1350.site.15, 0, 135, 135
1339327.3.peg.1350.site.16, 118, 135, 253
1339327.3.peg.1351.site.1, 10, 136, 146
1339327.3.peg.1351.site.2, 1, 136, 137
1339327.3.peg.1351.site.3, 3, 137, 140
1339327.3.peg.1351.site.4, 95, 137, 232
1339327.3.peg.1351.site.5, 0, 137, 137
1339327.3.peg.1351.site.6, 28, 136, 164
1339327.3.peg.1351.site.7, 7, 136, 143
1339327.3.peg.1351.site.8, 114, 134, 248
1339327.3.peg.1351.site.9, 3, 136, 139
1339327.3.peg.1351.site.10, 22, 137, 159
1339327.3.peg.1351.site.11, 24, 136, 160
1339327.3.peg.1351.site.12, 24, 136, 160
1339327.3.peg.1351.site.13, 0, 136, 136
1339327.3.peg.1351.site.14, 6, 135, 141
1339327.3.peg.1351.site.15, 3, 135, 138
1339327.3.peg.1351.site.16, 16, 134, 150
1339327.3.peg.1351.site.17, 1, 137, 138
1339327.3.peg.1352.site.1, 73, 137, 210
1339327.3.peg.1352.site.2, 37, 136, 173
1339327.3.peg.1352.site.3, 54, 136, 190
1339327.3.peg.1352.site.4, 15, 134, 149
1339327.3.peg.1352.site.5, 0, 134, 134
1339327.3.peg.1352.site.6, 3, 136, 139
1339327.3.peg.1352.site.7, 3, 136, 139
1339327.3.peg.1352.site.8, 0, 135, 135
1339327.3.peg.1352.site.9, 14, 136, 150
1339327.3.peg.1352.site.10, 0, 137, 137
1339327.3.peg.1352.site.11, 18, 134, 152
1339327.3.peg.1352.site.12, 5, 135, 140
1339327.3.peg.1353.site.1, 27, 134, 161
1339327.3.peg.1353.site.2, 3, 136, 139
1339327.3.peg.1353.site.3, 2, 132, 134
1339327.3.peg.1353.site.4, 3, 135, 138
1339327.3.peg.1353.site.5, 19, 136, 155
1339327.3.peg.1353.site.6, 5, 136, 141
1339327.3.peg.1353.site.7, 12, 136, 148
1339327.3.peg.1353.site.8, 90, 136, 226
1339327.3.peg.1353.site.9, 1, 135, 136
1339327.3.peg.1353.site.10, 8, 135, 143
1339327.3.peg.1353.site.11, 3, 134, 137
1339327.3.peg.1353.site.12, 77, 133, 210
1339327.3.peg.1353.site.13, 39, 133, 172
1339327.3.peg.1353.site.14, 32, 134, 166
1339327.3.peg.1353.site.15, 116, 136, 252
1339327.3.peg.1353.site.16, 6, 134, 140
1339327.3.peg.3632.site.1, 58, 135, 193
1339327.3.peg.3632.site.2, 0, 136, 136
1339327.3.peg.3632.site.3, 3, 136, 139
1339327.3.peg.3632.site.4, 1, 136, 137
1339327.3.peg.3632.site.5, 0, 135, 135
1339327.3.peg.3632.site.6, 2, 137, 139
1339327.3.peg.3632.site.7, 33, 136, 169
1339327.3.peg.3632.site.8, 0, 134, 134
1339327.3.peg.3632.site.9, 3, 137, 140
1339327.3.peg.3632.site.10, 2, 136, 138
1339327.3.peg.3632.site.11, 75, 134, 209
1339327.3.peg.3632.site.12, 0, 137, 137
1339327.3.peg.3632.site.13, 2, 136, 138
1339327.3.peg.3632.site.14, 5, 137, 142
1339327.3.peg.3632.site.15, 1, 136, 137
1339327.3.peg.3632.site.16, 0, 136, 136
1339327.3.peg.3632.site.17, 1, 135, 136
1339327.3.peg.3632.site.18, 3, 137, 140
1339327.3.peg.3632.site.19, 8, 136, 144
1339327.3.peg.3632.site.20, 1, 135, 136
1339327.3.peg.3632.site.21, 30, 134, 164
1339327.3.peg.3632.site.22, 3, 130, 133
1339327.3.peg.3632.site.23, 0, 136, 136
1339327.3.peg.3632.site.24, 6, 137, 143
1339327.3.peg.3632.site.25, 16, 136, 152
1339327.3.peg.3632.site.26, 2, 136, 138
1339327.3.peg.3632.site.27, 114, 135, 249
1339327.3.peg.3632.site.28, 129, 135, 264
1339327.3.peg.3632.site.29, 0, 135, 135
1339327.3.peg.3632.site.30, 6, 137, 143
1339327.3.peg.3632.site.31, 6, 136, 142
1339327.3.peg.3632.site.32, 0, 137, 137
1339327.3.peg.3632.site.33, 2, 137, 139
1339327.3.peg.3632.site.34, 17, 137, 154
1339327.3.peg.3632.site.35, 2, 137, 139
1339327.3.peg.3632.site.36, 72, 136, 208
1339327.3.peg.3632.site.37, 0, 135, 135
1339327.3.peg.3632.site.38, 0, 133, 133
1339327.3.peg.3632.site.39, 45, 137, 182
1339327.3.peg.3632.site.40, 72, 136, 208
1339327.3.peg.3632.site.41, 6, 136, 142
1339327.3.peg.3632.site.42, 16, 136, 152
1339327.3.peg.3632.site.43, 7, 136, 143
1339327.3.peg.3632.site.44, 7, 137, 144
1339327.3.peg.3632.site.45, 2, 134, 136
1339327.3.peg.3632.site.46, 5, 136, 141
1339327.3.peg.3632.site.47, 12, 134, 146
1339327.3.peg.3632.site.48, 1, 137, 138
1339327.3.peg.4270.site.1, 0, 136, 136
1339327.3.peg.4270.site.2, 116, 136, 252
1339327.3.peg.4270.site.3, 19, 137, 156
1339327.3.peg.4270.site.4, 128, 134, 262
1339327.3.peg.4270.site.5, 6, 137, 143
1339327.3.peg.4270.site.6, 5, 137, 142
1339327.3.peg.4270.site.7, 53, 137, 190
1339327.3.peg.4270.site.8, 89, 134, 223
1339327.3.peg.3635.site.1, 2, 132, 134
1339327.3.peg.3635.site.2, 8, 137, 145
1339327.3.peg.3635.site.3, 19, 137, 156
1339327.3.peg.3635.site.4, 19, 137, 156
1339327.3.peg.3635.site.5, 28, 137, 165
1339327.3.peg.3635.site.6, 1, 137, 138
1339327.3.peg.3635.site.7, 2, 137, 139
1339327.3.peg.3635.site.8, 4, 137, 141
1339327.3.peg.3635.site.9, 78, 136, 214
1339327.3.peg.3635.site.10, 88, 135, 223
1339327.3.peg.3635.site.11, 75, 136, 211
1339327.3.peg.3634.site.1, 100, 135, 235
1339327.3.peg.3634.site.2, 72, 131, 203
1339327.3.peg.3634.site.3, 111, 137, 248
1339327.3.peg.3634.site.4, 0, 137, 137
1339327.3.peg.3634.site.5, 13, 137, 150
1339327.3.peg.3634.site.6, 2, 137, 139
1339327.3.peg.3634.site.7, 0, 137, 137
1339327.3.peg.3634.site.8, 92, 136, 228
1339327.3.peg.4656.site.1, 2, 136, 138
1339327.3.peg.4656.site.2, 0, 136, 136
1339327.3.peg.4656.site.3, 10, 136, 146
1339327.3.peg.4656.site.4, 49, 137, 186
1339327.3.peg.4656.site.5, 1, 135, 136
1339327.3.peg.4656.site.6, 0, 137, 137
1339327.3.peg.4656.site.7, 7, 136, 143
1339327.3.peg.4657.site.1, 3, 135, 138
1339327.3.peg.4657.site.2, 1, 136, 137
1339327.3.peg.4657.site.3, 116, 135, 251
1339327.3.peg.4657.site.4, 113, 137, 250
1339327.3.peg.4657.site.5, 2, 136, 138
1339327.3.peg.4657.site.6, 13, 135, 148
1339327.3.peg.4654.site.1, 5, 135, 140
1339327.3.peg.4654.site.2, 68, 135, 203
1339327.3.peg.4654.site.3, 80, 136, 216
1339327.3.peg.4654.site.4, 7, 135, 142
1339327.3.peg.4654.site.5, 0, 137, 137
1339327.3.peg.4654.site.6, 5, 137, 142
1339327.3.peg.4654.site.7, 4, 137, 141
1339327.3.peg.4655.site.1, 0, 131, 131
1339327.3.peg.4655.site.2, 11, 136, 147
1339327.3.peg.4655.site.3, 9, 135, 144
1339327.3.peg.4655.site.4, 92, 134, 226
1339327.3.peg.4655.site.5, 6, 137, 143
1339327.3.peg.4655.site.6, 39, 136, 175
1339327.3.peg.4655.site.7, 3, 136, 139
1339327.3.peg.4655.site.8, 3, 136, 139
1339327.3.peg.4655.site.9, 7, 134, 141
1339327.3.peg.4655.site.10, 3, 136, 139
1339327.3.peg.4655.site.11, 48, 135, 183
1339327.3.peg.4652.site.1, 0, 137, 137
1339327.3.peg.4652.site.2, 28, 137, 165
1339327.3.peg.4652.site.3, 3, 137, 140
1339327.3.peg.4652.site.4, 3, 137, 140
1339327.3.peg.4652.site.5, 1, 137, 138
1339327.3.peg.4652.site.6, 34, 137, 171
1339327.3.peg.4652.site.7, 16, 137, 153
1339327.3.peg.4652.site.8, 5, 137, 142
1339327.3.peg.4652.site.9, 0, 136, 136
1339327.3.peg.4652.site.10, 0, 136, 136
1339327.3.peg.4652.site.11, 4, 136, 140
1339327.3.peg.4652.site.12, 0, 137, 137
1339327.3.peg.4652.site.13, 2, 137, 139
1339327.3.peg.4652.site.14, 0, 137, 137
1339327.3.peg.4652.site.15, 0, 137, 137
1339327.3.peg.3637.site.1, 3, 136, 139
1339327.3.peg.3637.site.2, 3, 134, 137
1339327.3.peg.3637.site.3, 3, 136, 139
1339327.3.peg.3637.site.4, 2, 134, 136
1339327.3.peg.3637.site.5, 62, 135, 197
1339327.3.peg.3637.site.6, 14, 132, 146
1339327.3.peg.3637.site.7, 7, 133, 140
1339327.3.peg.3637.site.8, 13, 135, 148
1339327.3.peg.3637.site.9, 0, 130, 130
1339327.3.peg.3637.site.10, 2, 124, 126
1339327.3.peg.3637.site.11, 6, 127, 133
1339327.3.peg.3637.site.12, 22, 131, 153
1339327.3.peg.3637.site.13, 3, 135, 138
1339327.3.peg.3637.site.14, 25, 136, 161
1339327.3.peg.3637.site.15, 25, 136, 161
1339327.3.peg.3637.site.16, 4, 135, 139
1339327.3.peg.3637.site.17, 9, 136, 145
1339327.3.peg.3637.site.18, 80, 136, 216
1339327.3.peg.3637.site.19, 4, 135, 139
1339327.3.peg.3637.site.20, 33, 137, 170
1339327.3.peg.3637.site.21, 29, 135, 164
1339327.3.peg.3637.site.22, 14, 136, 150
1339327.3.peg.3637.site.23, 3, 135, 138
1339327.3.peg.3547.site.1, 2, 137, 139
1339327.3.peg.3547.site.2, 1, 136, 137
1339327.3.peg.3547.site.3, 0, 136, 136
1339327.3.peg.3547.site.4, 0, 135, 135
1339327.3.peg.3547.site.5, 33, 136, 169
1339327.3.peg.3547.site.6, 2, 136, 138
1339327.3.peg.3547.site.7, 0, 135, 135
1339327.3.peg.3547.site.8, 123, 134, 257
1339327.3.peg.3547.site.9, 1, 133, 134
1339327.3.peg.3547.site.10, 113, 136, 249
1339327.3.peg.3547.site.11, 0, 135, 135
1339327.3.peg.3547.site.12, 1, 134, 135
1339327.3.peg.3547.site.13, 1, 135, 136
1339327.3.peg.3547.site.14, 0, 135, 135
1339327.3.peg.3547.site.15, 5, 137, 142
1339327.3.peg.3547.site.16, 112, 137, 249
1339327.3.peg.3547.site.17, 127, 136, 263
1339327.3.peg.3547.site.18, 1, 134, 135
1339327.3.peg.3547.site.19, 6, 133, 139
1339327.3.peg.3547.site.20, 123, 134, 257
1339327.3.peg.3547.site.21, 13, 135, 148
1339327.3.peg.3547.site.22, 2, 136, 138
1339327.3.peg.3547.site.23, 0, 135, 135
1339327.3.peg.3547.site.24, 2, 116, 118
1339327.3.peg.1823.site.1, 0, 129, 129
1339327.3.peg.1823.site.2, 3, 132, 135
1339327.3.peg.1823.site.3, 31, 131, 162
1339327.3.peg.1823.site.4, 7, 133, 140
1339327.3.peg.1823.site.5, 6, 134, 140
1339327.3.peg.1823.site.6, 37, 133, 170
1339327.3.peg.1823.site.7, 5, 134, 139
1339327.3.peg.1823.site.8, 8, 133, 141
1339327.3.peg.1823.site.9, 46, 122, 168
1339327.3.peg.1823.site.10, 5, 124, 129
1339327.3.peg.1823.site.11, 0, 131, 131
1339327.3.peg.1823.site.12, 23, 132, 155
1339327.3.peg.1823.site.13, 20, 130, 150
1339327.3.peg.1823.site.14, 4, 133, 137
1339327.3.peg.1823.site.15, 2, 131, 133
1339327.3.peg.1823.site.16, 5, 133, 138
1339327.3.peg.1823.site.17, 5, 133, 138
1339327.3.peg.1823.site.18, 0, 133, 133
1339327.3.peg.1823.site.19, 29, 134, 163
1339327.3.peg.1823.site.20, 3, 132, 135
1339327.3.peg.1823.site.21, 47, 133, 180
1339327.3.peg.1823.site.22, 1, 133, 134
1339327.3.peg.1823.site.23, 0, 133, 133
1339327.3.peg.1823.site.24, 3, 133, 136
1339327.3.peg.3636.site.1, 53, 136, 189
1339327.3.peg.3636.site.2, 36, 134, 170
1339327.3.peg.3636.site.3, 9, 137, 146
1339327.3.peg.3636.site.4, 0, 135, 135
1339327.3.peg.3636.site.5, 56, 137, 193
1339327.3.peg.3636.site.6, 96, 136, 232
1339327.3.peg.3636.site.7, 13, 135, 148
1339327.3.peg.3636.site.8, 14, 136, 150
1339327.3.peg.3636.site.9, 8, 136, 144
1339327.3.peg.3636.site.10, 3, 136, 139
1339327.3.peg.3636.site.11, 6, 134, 140
1339327.3.peg.1824.site.1, 5, 131, 136
1339327.3.peg.1824.site.2, 2, 132, 134
1339327.3.peg.1824.site.3, 10, 131, 141
1339327.3.peg.4659.site.1, 11, 137, 148
1339327.3.peg.4659.site.2, 4, 137, 141
1339327.3.peg.4659.site.3, 4, 137, 141
1339327.3.peg.4659.site.4, 28, 137, 165
1339327.3.peg.4361.site.1, 6, 135, 141
1339327.3.peg.4361.site.2, 2, 136, 138
1339327.3.peg.4361.site.3, 3, 137, 140
1339327.3.peg.3546.site.1, 1, 136, 137
1339327.3.peg.3546.site.2, 48, 137, 185
1339327.3.peg.3546.site.3, 125, 137, 262
1339327.3.peg.3546.site.4, 1, 137, 138
1339327.3.peg.3546.site.5, 0, 136, 136
1339327.3.peg.3546.site.6, 2, 130, 132
1339327.3.peg.3546.site.7, 1, 133, 134
1339327.3.peg.3546.site.8, 5, 134, 139
1339327.3.peg.4479.site.1, 1, 133, 134
1339327.3.peg.4479.site.2, 3, 133, 136
1339327.3.peg.4479.site.3, 14, 134, 148
1339327.3.peg.4479.site.4, 0, 132, 132
1339327.3.peg.4479.site.5, 3, 134, 137
1339327.3.peg.4479.site.6, 11, 133, 144
1339327.3.peg.4479.site.7, 0, 133, 133
1339327.3.peg.4479.site.8, 2, 133, 135
1339327.3.peg.4713.site.1, 24, 134, 158
1339327.3.peg.4713.site.2, 29, 137, 166
1339327.3.peg.4713.site.3, 6, 137, 143
1339327.3.peg.4713.site.4, 4, 135, 139
1339327.3.peg.4713.site.5, 3, 135, 138
1339327.3.peg.4713.site.6, 31, 135, 166
1339327.3.peg.4713.site.7, 5, 137, 142
1339327.3.peg.4713.site.8, 24, 137, 161
1339327.3.peg.4713.site.9, 3, 135, 138
1339327.3.peg.4713.site.10, 4, 137, 141
1339327.3.peg.4713.site.11, 17, 136, 153
1339327.3.peg.4713.site.12, 14, 137, 151
1339327.3.peg.4713.site.13, 2, 136, 138
1339327.3.peg.4713.site.14, 33, 136, 169
1339327.3.peg.4713.site.15, 0, 137, 137
1339327.3.peg.4713.site.16, 3, 137, 140
1339327.3.peg.4713.site.17, 9, 136, 145
1339327.3.peg.4713.site.18, 8, 137, 145
1339327.3.peg.4713.site.19, 5, 137, 142
1339327.3.peg.4713.site.20, 5, 137, 142
1339327.3.peg.4713.site.21, 0, 137, 137
1339327.3.peg.4713.site.22, 7, 137, 144
1339327.3.peg.4713.site.23, 15, 137, 152
1339327.3.peg.1130.site.1, 0, 137, 137
1339327.3.peg.1130.site.2, 79, 136, 215
1339327.3.peg.1130.site.3, 2, 137, 139
1339327.3.peg.1130.site.4, 72, 137, 209
1339327.3.peg.1130.site.5, 3, 137, 140
1339327.3.peg.1130.site.6, 2, 135, 137
1339327.3.peg.1130.site.7, 31, 135, 166
1339327.3.peg.1130.site.8, 53, 135, 188
1339327.3.peg.1130.site.9, 28, 137, 165
1339327.3.peg.1130.site.10, 4, 137, 141
1339327.3.peg.1130.site.11, 3, 136, 139
1339327.3.peg.1130.site.12, 0, 137, 137
1339327.3.peg.1130.site.13, 40, 136, 176
1339327.3.peg.1130.site.14, 97, 136, 233
1339327.3.peg.1130.site.15, 2, 136, 138
1339327.3.peg.1130.site.16, 3, 135, 138
1339327.3.peg.1130.site.17, 90, 136, 226
1339327.3.peg.1130.site.18, 1, 136, 137
1339327.3.peg.1130.site.19, 2, 137, 139
1339327.3.peg.1130.site.20, 92, 137, 229
1339327.3.peg.1130.site.21, 0, 134, 134
1339327.3.peg.1131.site.1, 5, 136, 141
1339327.3.peg.1131.site.2, 3, 136, 139
1339327.3.peg.1131.site.3, 0, 137, 137
1339327.3.peg.1131.site.4, 2, 137, 139
1339327.3.peg.1131.site.5, 3, 137, 140
1339327.3.peg.1131.site.6, 0, 136, 136
1339327.3.peg.1131.site.7, 117, 136, 253
1339327.3.peg.1131.site.8, 1, 136, 137
1339327.3.peg.1131.site.9, 3, 136, 139
1339327.3.peg.1131.site.10, 0, 137, 137
1339327.3.peg.1132.site.1, 112, 135, 247
1339327.3.peg.1132.site.2, 1, 136, 137
1339327.3.peg.1132.site.3, 8, 136, 144
1339327.3.peg.1132.site.4, 4, 137, 141
1339327.3.peg.1132.site.5, 57, 137, 194
1339327.3.peg.1132.site.6, 5, 136, 141
1339327.3.peg.1133.site.1, 0, 136, 136
1339327.3.peg.1133.site.2, 38, 136, 174
1339327.3.peg.1133.site.3, 0, 136, 136
1339327.3.peg.1134.site.1, 3, 137, 140
1339327.3.peg.1135.site.1, 11, 136, 147
1339327.3.peg.1135.site.2, 1, 137, 138
1339327.3.peg.1135.site.3, 3, 136, 139
1339327.3.peg.1135.site.4, 2, 136, 138
1339327.3.peg.1135.site.5, 3, 136, 139
1339327.3.peg.2737.site.1, 1, 116, 117
1339327.3.peg.2737.site.2, 3, 86, 89
1339327.3.peg.2737.site.3, 4, 118, 122
1339327.3.peg.2737.site.4, 3, 89, 92
1339327.3.peg.2737.site.5, 6, 124, 130
1339327.3.peg.2737.site.6, 3, 102, 105
1339327.3.peg.2737.site.7, 2, 112, 114
1339327.3.peg.2737.site.8, 0, 133, 133
1339327.3.peg.2737.site.9, 0, 131, 131
1339327.3.peg.2737.site.10, 43, 133, 176
1339327.3.peg.2737.site.11, 9, 133, 142
1339327.3.peg.2737.site.12, 28, 133, 161
1339327.3.peg.2737.site.13, 6, 131, 137
1339327.3.peg.2737.site.14, 0, 133, 133
1339327.3.peg.2737.site.15, 0, 131, 131
1339327.3.peg.2737.site.16, 0, 131, 131
1339327.3.peg.2737.site.17, 0, 129, 129
1339327.3.peg.2737.site.18, 0, 129, 129
1339327.3.peg.2737.site.19, 8, 127, 135
1339327.3.peg.2737.site.20, 0, 121, 121
1339327.3.peg.2737.site.21, 36, 115, 151
1339327.3.peg.2737.site.22, 0, 100, 100
1339327.3.peg.2737.site.23, 0, 130, 130
1339327.3.peg.2737.site.24, 1, 113, 114
1339327.3.peg.2737.site.25, 1, 128, 129
1339327.3.peg.2737.site.26, 2, 99, 101
1339327.3.peg.2737.site.27, 0, 122, 122
1339327.3.peg.2737.site.28, 5, 126, 131
1339327.3.peg.2736.site.1, 0, 133, 133
1339327.3.peg.2736.site.2, 0, 132, 132
1339327.3.peg.2736.site.3, 0, 133, 133
1339327.3.peg.2736.site.4, 3, 134, 137
1339327.3.peg.2736.site.5, 64, 131, 195
1339327.3.peg.2736.site.6, 0, 132, 132
1339327.3.peg.2736.site.7, 7, 133, 140
1339327.3.peg.2736.site.8, 0, 131, 131
1339327.3.peg.2736.site.9, 0, 132, 132
1339327.3.peg.2736.site.10, 13, 132, 145
1339327.3.peg.2736.site.11, 0, 132, 132
1339327.3.peg.2736.site.12, 0, 129, 129
1339327.3.peg.2736.site.13, 0, 132, 132
1339327.3.peg.2736.site.14, 31, 134, 165
1339327.3.peg.2736.site.15, 0, 134, 134
1339327.3.peg.2736.site.16, 3, 135, 138
1339327.3.peg.2736.site.17, 3, 132, 135
1339327.3.peg.2736.site.18, 2, 95, 97
1339327.3.peg.2736.site.19, 7, 122, 129
1339327.3.peg.2735.site.1, 14, 133, 147
1339327.3.peg.2735.site.2, 0, 121, 121
1339327.3.peg.2735.site.3, 4, 112, 116
1339327.3.peg.2735.site.4, 1, 100, 101
1339327.3.peg.2735.site.5, 1, 98, 99
1339327.3.peg.2735.site.6, 8, 87, 95
1339327.3.peg.2735.site.7, 65, 84, 149
1339327.3.peg.2735.site.8, 1, 102, 103
1339327.3.peg.2735.site.9, 1, 92, 93
1339327.3.peg.2735.site.10, 50, 76, 126
1339327.3.peg.2735.site.11, 25, 52, 77
1339327.3.peg.2735.site.12, 22, 49, 71
1339327.3.peg.2735.site.13, 6, 46, 52
1339327.3.peg.2735.site.14, 12, 37, 49
1339327.3.peg.2735.site.15, 1, 18, 19
1339327.3.peg.2735.site.16, 15, 35, 50
1339327.3.peg.2735.site.17, 18, 38, 56
1339327.3.peg.2735.site.18, 53, 70, 123
1339327.3.peg.2735.site.19, 2, 111, 113
1339327.3.peg.2735.site.20, 1, 121, 122
1339327.3.peg.2735.site.21, 1, 114, 115
1339327.3.peg.2735.site.22, 1, 109, 110
1339327.3.peg.2735.site.23, 0, 115, 115
1339327.3.peg.2735.site.24, 0, 106, 106
1339327.3.peg.2735.site.25, 12, 109, 121
1339327.3.peg.2735.site.26, 0, 126, 126
1339327.3.peg.2735.site.27, 0, 129, 129
1339327.3.peg.2735.site.28, 0, 130, 130
1339327.3.peg.2735.site.29, 0, 128, 128
1339327.3.peg.2735.site.30, 0, 126, 126
1339327.3.peg.2735.site.31, 2, 128, 130
1339327.3.peg.2735.site.32, 1, 127, 128
1339327.3.peg.2735.site.33, 0, 130, 130
1339327.3.peg.2735.site.34, 34, 131, 165
1339327.3.peg.2735.site.35, 0, 126, 126
1339327.3.peg.2735.site.36, 1, 126, 127
1339327.3.peg.2735.site.37, 0, 125, 125
1339327.3.peg.2735.site.38, 0, 126, 126
1339327.3.peg.2735.site.39, 0, 127, 127
1339327.3.peg.2735.site.40, 3, 129, 132
1339327.3.peg.2935.site.1, 8, 132, 140
1339327.3.peg.2935.site.2, 0, 134, 134
1339327.3.peg.2935.site.3, 17, 132, 149
1339327.3.peg.2935.site.4, 5, 132, 137
1339327.3.peg.2934.site.1, 26, 135, 161
1339327.3.peg.2934.site.2, 9, 133, 142
1339327.3.peg.2934.site.3, 2, 134, 136
1339327.3.peg.2934.site.4, 14, 134, 148
1339327.3.peg.2934.site.5, 76, 134, 210
1339327.3.peg.2934.site.6, 78, 132, 210
1339327.3.peg.2934.site.7, 67, 133, 200
1339327.3.peg.2934.site.8, 0, 134, 134
1339327.3.peg.2934.site.9, 0, 137, 137
1339327.3.peg.2934.site.10, 15, 137, 152
1339327.3.peg.2934.site.11, 0, 137, 137
1339327.3.peg.2934.site.12, 29, 136, 165
1339327.3.peg.2934.site.13, 10, 135, 145
1339327.3.peg.2934.site.14, 5, 132, 137
1339327.3.peg.2934.site.15, 1, 126, 127
1339327.3.peg.2937.site.1, 0, 122, 122
1339327.3.peg.2937.site.2, 41, 127, 168
1339327.3.peg.2937.site.3, 0, 137, 137
1339327.3.peg.2937.site.4, 48, 132, 180
1339327.3.peg.2937.site.5, 47, 137, 184
1339327.3.peg.2937.site.6, 72, 133, 205
1339327.3.peg.2937.site.7, 0, 135, 135
1339327.3.peg.2937.site.8, 73, 135, 208
1339327.3.peg.2937.site.9, 70, 135, 205
1339327.3.peg.2937.site.10, 5, 133, 138
1339327.3.peg.2936.site.1, 0, 132, 132
1339327.3.peg.2936.site.2, 1, 134, 135
1339327.3.peg.2936.site.3, 126, 135, 261
1339327.3.peg.2936.site.4, 54, 135, 189
1339327.3.peg.2936.site.5, 0, 135, 135
1339327.3.peg.2936.site.6, 41, 136, 177
1339327.3.peg.2936.site.7, 3, 134, 137
1339327.3.peg.2936.site.8, 3, 135, 138
1339327.3.peg.2936.site.9, 0, 137, 137
1339327.3.peg.2936.site.10, 3, 137, 140
1339327.3.peg.2936.site.11, 11, 135, 146
1339327.3.peg.2936.site.12, 50, 134, 184
1339327.3.peg.2936.site.13, 51, 130, 181
1339327.3.peg.2936.site.14, 19, 131, 150
1339327.3.peg.2936.site.15, 5, 133, 138
1339327.3.peg.2936.site.16, 101, 132, 233
1339327.3.peg.2936.site.17, 2, 128, 130
1339327.3.peg.2936.site.18, 0, 126, 126
1339327.3.peg.2936.site.19, 58, 128, 186
1339327.3.peg.2936.site.20, 20, 135, 155
1339327.3.peg.2936.site.21, 12, 136, 148
1339327.3.peg.2936.site.22, 50, 136, 186
1339327.3.peg.2936.site.23, 0, 134, 134
1339327.3.peg.2936.site.24, 16, 136, 152
1339327.3.peg.2936.site.25, 0, 130, 130
1339327.3.peg.2936.site.26, 0, 128, 128
1339327.3.peg.2931.site.1, 2, 137, 139
1339327.3.peg.2931.site.2, 0, 135, 135
1339327.3.peg.2931.site.3, 4, 132, 136
1339327.3.peg.2931.site.4, 2, 134, 136
1339327.3.peg.2931.site.5, 13, 137, 150
1339327.3.peg.2930.site.1, 3, 132, 135
1339327.3.peg.2930.site.2, 3, 136, 139
1339327.3.peg.2930.site.3, 2, 135, 137
1339327.3.peg.2930.site.4, 4, 136, 140
1339327.3.peg.2930.site.5, 4, 136, 140
1339327.3.peg.2930.site.6, 3, 137, 140
1339327.3.peg.2933.site.1, 10, 136, 146
1339327.3.peg.2933.site.2, 9, 136, 145
1339327.3.peg.2933.site.3, 3, 123, 126
1339327.3.peg.2933.site.4, 0, 133, 133
1339327.3.peg.2932.site.1, 8, 135, 143
1339327.3.peg.2932.site.2, 108, 134, 242
1339327.3.peg.2932.site.3, 31, 134, 165
1339327.3.peg.2932.site.4, 2, 136, 138
1339327.3.peg.2932.site.5, 17, 134, 151
1339327.3.peg.2932.site.6, 7, 135, 142
1339327.3.peg.2932.site.7, 2, 134, 136
1339327.3.peg.2932.site.8, 2, 135, 137
1339327.3.peg.2932.site.9, 77, 137, 214
1339327.3.peg.2939.site.1, 0, 120, 120
1339327.3.peg.2939.site.2, 2, 125, 127
1339327.3.peg.2939.site.3, 33, 132, 165
1339327.3.peg.2939.site.4, 0, 134, 134
1339327.3.peg.2938.site.1, 2, 131, 133
1339327.3.peg.2938.site.2, 3, 133, 136
