site, alts, refs, total
411483.3.peg.903.site.1, 1, 151, 152
411483.3.peg.903.site.2, 1, 105, 106
411483.3.peg.903.site.3, 15, 123, 138
411483.3.peg.903.site.4, 1, 153, 154
411483.3.peg.903.site.5, 1, 153, 154
411483.3.peg.903.site.6, 14, 150, 164
411483.3.peg.903.site.7, 3, 153, 156
411483.3.peg.903.site.8, 8, 145, 153
411483.3.peg.903.site.9, 42, 148, 190
411483.3.peg.903.site.10, 4, 138, 142
411483.3.peg.903.site.11, 11, 127, 138
411483.3.peg.903.site.12, 1, 112, 113
411483.3.peg.903.site.13, 0, 126, 126
411483.3.peg.903.site.14, 3, 125, 128
411483.3.peg.903.site.15, 0, 126, 126
411483.3.peg.903.site.16, 13, 123, 136
411483.3.peg.903.site.17, 2, 125, 127
411483.3.peg.903.site.18, 5, 125, 130
411483.3.peg.903.site.19, 1, 131, 132
411483.3.peg.903.site.20, 98, 126, 224
411483.3.peg.903.site.21, 138, 140, 278
411483.3.peg.903.site.22, 48, 140, 188
411483.3.peg.903.site.23, 13, 146, 159
411483.3.peg.903.site.24, 1, 149, 150
411483.3.peg.903.site.25, 1, 148, 149
411483.3.peg.903.site.26, 76, 135, 211
411483.3.peg.903.site.27, 2, 150, 152
411483.3.peg.903.site.28, 68, 140, 208
411483.3.peg.903.site.29, 0, 149, 149
411483.3.peg.903.site.30, 1, 153, 154
411483.3.peg.903.site.31, 24, 140, 164
411483.3.peg.903.site.32, 7, 150, 157
411483.3.peg.903.site.33, 2, 153, 155
411483.3.peg.903.site.34, 1, 155, 156
411483.3.peg.903.site.35, 12, 150, 162
411483.3.peg.903.site.36, 4, 151, 155
411483.3.peg.903.site.37, 7, 150, 157
411483.3.peg.903.site.38, 8, 148, 156
411483.3.peg.903.site.39, 2, 152, 154
411483.3.peg.903.site.40, 154, 154, 308
411483.3.peg.903.site.41, 4, 148, 152
411483.3.peg.903.site.42, 4, 154, 158
411483.3.peg.903.site.43, 10, 145, 155
411483.3.peg.903.site.44, 9, 146, 155
411483.3.peg.903.site.45, 0, 150, 150
411483.3.peg.903.site.46, 3, 150, 153
411483.3.peg.903.site.47, 0, 149, 149
411483.3.peg.903.site.48, 3, 149, 152
411483.3.peg.903.site.49, 7, 145, 152
411483.3.peg.903.site.50, 1, 150, 151
411483.3.peg.903.site.51, 1, 148, 149
411483.3.peg.903.site.52, 1, 137, 138
411483.3.peg.903.site.53, 6, 141, 147
411483.3.peg.903.site.54, 42, 132, 174
411483.3.peg.903.site.55, 7, 146, 153
411483.3.peg.903.site.56, 3, 145, 148
411483.3.peg.903.site.57, 4, 140, 144
411483.3.peg.903.site.58, 38, 133, 171
411483.3.peg.903.site.59, 7, 147, 154
411483.3.peg.903.site.60, 4, 150, 154
411483.3.peg.903.site.61, 6, 152, 158
411483.3.peg.903.site.62, 0, 150, 150
411483.3.peg.903.site.63, 3, 154, 157
411483.3.peg.903.site.64, 18, 148, 166
411483.3.peg.903.site.65, 15, 150, 165
411483.3.peg.903.site.66, 4, 149, 153
411483.3.peg.2539.site.1, 0, 152, 152
411483.3.peg.2539.site.2, 0, 151, 151
411483.3.peg.2539.site.3, 14, 145, 159
411483.3.peg.2539.site.4, 12, 148, 160
411483.3.peg.2539.site.5, 34, 149, 183
411483.3.peg.2539.site.6, 1, 152, 153
411483.3.peg.2539.site.7, 3, 153, 156
411483.3.peg.2539.site.8, 1, 152, 153
411483.3.peg.2539.site.9, 0, 149, 149
411483.3.peg.2539.site.10, 2, 155, 157
411483.3.peg.2539.site.11, 3, 151, 154
411483.3.peg.2539.site.12, 0, 152, 152
411483.3.peg.2539.site.13, 6, 152, 158
411483.3.peg.2539.site.14, 22, 153, 175
411483.3.peg.2539.site.15, 3, 153, 156
411483.3.peg.2539.site.16, 56, 146, 202
411483.3.peg.2539.site.17, 1, 155, 156
411483.3.peg.2539.site.18, 1, 154, 155
411483.3.peg.2539.site.19, 1, 150, 151
411483.3.peg.2539.site.20, 0, 153, 153
411483.3.peg.2539.site.21, 136, 148, 284
411483.3.peg.2539.site.22, 13, 147, 160
411483.3.peg.2539.site.23, 19, 150, 169
411483.3.peg.2539.site.24, 2, 153, 155
411483.3.peg.2539.site.25, 109, 139, 248
411483.3.peg.2539.site.26, 4, 153, 157
411483.3.peg.2539.site.27, 71, 143, 214
411483.3.peg.2539.site.28, 0, 148, 148
411483.3.peg.2539.site.29, 1, 145, 146
411483.3.peg.2539.site.30, 0, 138, 138
411483.3.peg.2539.site.31, 0, 146, 146
411483.3.peg.2539.site.32, 6, 153, 159
411483.3.peg.2539.site.33, 5, 152, 157
411483.3.peg.2539.site.34, 0, 153, 153
411483.3.peg.2539.site.35, 0, 153, 153
411483.3.peg.2539.site.36, 0, 153, 153
411483.3.peg.2539.site.37, 5, 131, 136
411483.3.peg.2539.site.38, 1, 137, 138
411483.3.peg.2539.site.39, 72, 122, 194
411483.3.peg.2539.site.40, 6, 145, 151
411483.3.peg.2539.site.41, 3, 149, 152
411483.3.peg.2539.site.42, 1, 152, 153
411483.3.peg.2539.site.43, 63, 141, 204
411483.3.peg.2539.site.44, 14, 154, 168
411483.3.peg.2539.site.45, 1, 154, 155
411483.3.peg.2539.site.46, 0, 152, 152
411483.3.peg.2539.site.47, 2, 148, 150
411483.3.peg.2539.site.48, 0, 149, 149
411483.3.peg.2539.site.49, 7, 151, 158
411483.3.peg.2539.site.50, 1, 147, 148
411483.3.peg.2539.site.51, 9, 142, 151
411483.3.peg.2539.site.52, 0, 144, 144
411483.3.peg.2539.site.53, 1, 147, 148
411483.3.peg.2539.site.54, 4, 151, 155
411483.3.peg.2539.site.55, 0, 150, 150
411483.3.peg.2539.site.56, 1, 151, 152
411483.3.peg.2539.site.57, 38, 138, 176
411483.3.peg.2539.site.58, 7, 153, 160
411483.3.peg.2538.site.1, 1, 151, 152
411483.3.peg.2538.site.2, 4, 155, 159
411483.3.peg.2538.site.3, 5, 152, 157
411483.3.peg.2538.site.4, 4, 152, 156
411483.3.peg.2538.site.5, 5, 148, 153
411483.3.peg.2538.site.6, 11, 146, 157
411483.3.peg.2538.site.7, 4, 152, 156
411483.3.peg.2538.site.8, 14, 146, 160
411483.3.peg.2538.site.9, 1, 148, 149
411483.3.peg.2538.site.10, 59, 140, 199
411483.3.peg.2538.site.11, 3, 150, 153
411483.3.peg.2538.site.12, 143, 148, 291
411483.3.peg.2538.site.13, 5, 152, 157
411483.3.peg.2538.site.14, 1, 155, 156
411483.3.peg.2538.site.15, 1, 155, 156
411483.3.peg.2538.site.16, 17, 151, 168
411483.3.peg.2538.site.17, 2, 152, 154
411483.3.peg.2538.site.18, 0, 153, 153
411483.3.peg.2538.site.19, 12, 153, 165
411483.3.peg.2538.site.20, 40, 142, 182
411483.3.peg.2538.site.21, 63, 146, 209
411483.3.peg.2538.site.22, 13, 149, 162
411483.3.peg.2538.site.23, 9, 151, 160
411483.3.peg.2538.site.24, 9, 148, 157
411483.3.peg.2538.site.25, 11, 151, 162
411483.3.peg.2538.site.26, 3, 155, 158
411483.3.peg.2538.site.27, 4, 153, 157
411483.3.peg.2533.site.1, 4, 141, 145
411483.3.peg.2533.site.2, 3, 143, 146
411483.3.peg.2533.site.3, 2, 150, 152
411483.3.peg.2533.site.4, 97, 139, 236
411483.3.peg.2533.site.5, 8, 149, 157
411483.3.peg.2533.site.6, 4, 148, 152
411483.3.peg.2533.site.7, 1, 144, 145
411483.3.peg.2533.site.8, 7, 137, 144
411483.3.peg.2533.site.9, 2, 122, 124
411483.3.peg.2533.site.10, 6, 89, 95
411483.3.peg.2533.site.11, 4, 90, 94
411483.3.peg.2533.site.12, 0, 82, 82
411483.3.peg.2533.site.13, 1, 66, 67
411483.3.peg.2533.site.14, 1, 79, 80
411483.3.peg.2533.site.15, 0, 93, 93
411483.3.peg.2533.site.16, 15, 109, 124
411483.3.peg.2533.site.17, 9, 115, 124
411483.3.peg.2533.site.18, 3, 124, 127
411483.3.peg.2533.site.19, 10, 142, 152
411483.3.peg.2533.site.20, 4, 141, 145
411483.3.peg.2533.site.21, 1, 150, 151
411483.3.peg.2533.site.22, 4, 145, 149
411483.3.peg.2533.site.23, 9, 132, 141
411483.3.peg.2533.site.24, 1, 140, 141
411483.3.peg.2533.site.25, 98, 137, 235
411483.3.peg.2533.site.26, 2, 144, 146
411483.3.peg.2533.site.27, 1, 146, 147
411483.3.peg.2533.site.28, 3, 127, 130
411483.3.peg.2533.site.29, 2, 120, 122
411483.3.peg.2533.site.30, 31, 116, 147
411483.3.peg.2533.site.31, 1, 127, 128
411483.3.peg.2533.site.32, 11, 148, 159
411483.3.peg.2533.site.33, 8, 142, 150
411483.3.peg.2533.site.34, 0, 151, 151
411483.3.peg.2533.site.35, 1, 148, 149
411483.3.peg.2533.site.36, 2, 144, 146
411483.3.peg.2532.site.1, 67, 147, 214
411483.3.peg.2532.site.2, 8, 149, 157
411483.3.peg.2532.site.3, 5, 152, 157
411483.3.peg.2532.site.4, 123, 137, 260
411483.3.peg.2532.site.5, 1, 138, 139
411483.3.peg.2532.site.6, 1, 138, 139
411483.3.peg.2532.site.7, 3, 142, 145
411483.3.peg.2532.site.8, 5, 141, 146
411483.3.peg.2532.site.9, 19, 142, 161
411483.3.peg.2532.site.10, 95, 135, 230
411483.3.peg.2532.site.11, 15, 149, 164
411483.3.peg.2532.site.12, 1, 153, 154
411483.3.peg.2532.site.13, 4, 153, 157
411483.3.peg.2532.site.14, 4, 153, 157
411483.3.peg.2532.site.15, 1, 155, 156
411483.3.peg.2532.site.16, 12, 147, 159
411483.3.peg.2532.site.17, 2, 152, 154
411483.3.peg.2532.site.18, 7, 152, 159
411483.3.peg.2532.site.19, 10, 148, 158
411483.3.peg.2532.site.20, 3, 148, 151
411483.3.peg.2532.site.21, 2, 151, 153
411483.3.peg.2532.site.22, 17, 143, 160
411483.3.peg.2532.site.23, 126, 139, 265
411483.3.peg.2532.site.24, 138, 138, 276
411483.3.peg.2532.site.25, 130, 130, 260
411483.3.peg.2532.site.26, 53, 111, 164
411483.3.peg.2532.site.27, 20, 137, 157
411483.3.peg.2532.site.28, 0, 144, 144
411483.3.peg.2532.site.29, 20, 141, 161
411483.3.peg.2532.site.30, 95, 142, 237
411483.3.peg.2532.site.31, 11, 148, 159
411483.3.peg.2532.site.32, 1, 154, 155
411483.3.peg.2532.site.33, 5, 152, 157
411483.3.peg.2532.site.34, 0, 154, 154
411483.3.peg.2531.site.1, 5, 154, 159
411483.3.peg.2531.site.2, 1, 155, 156
411483.3.peg.2531.site.3, 2, 151, 153
411483.3.peg.2531.site.4, 86, 142, 228
411483.3.peg.2531.site.5, 0, 147, 147
411483.3.peg.2531.site.6, 2, 152, 154
411483.3.peg.2531.site.7, 2, 146, 148
411483.3.peg.2531.site.8, 83, 132, 215
411483.3.peg.2531.site.9, 2, 143, 145
411483.3.peg.2531.site.10, 91, 133, 224
411483.3.peg.2531.site.11, 145, 145, 290
411483.3.peg.2531.site.12, 3, 151, 154
411483.3.peg.2531.site.13, 5, 151, 156
411483.3.peg.2531.site.14, 0, 153, 153
411483.3.peg.2530.site.1, 3, 125, 128
411483.3.peg.2530.site.2, 2, 126, 128
411483.3.peg.2530.site.3, 2, 126, 128
411483.3.peg.2530.site.4, 6, 126, 132
411483.3.peg.2530.site.5, 7, 124, 131
411483.3.peg.2530.site.6, 3, 115, 118
411483.3.peg.2530.site.7, 7, 126, 133
411483.3.peg.2530.site.8, 6, 127, 133
411483.3.peg.2530.site.9, 3, 121, 124
411483.3.peg.2530.site.10, 59, 106, 165
411483.3.peg.2530.site.11, 2, 124, 126
411483.3.peg.2530.site.12, 5, 113, 118
411483.3.peg.2530.site.13, 2, 115, 117
411483.3.peg.2530.site.14, 2, 113, 115
411483.3.peg.2530.site.15, 12, 114, 126
411483.3.peg.2530.site.16, 35, 126, 161
411483.3.peg.2530.site.17, 9, 136, 145
411483.3.peg.2530.site.18, 110, 133, 243
411483.3.peg.2530.site.19, 100, 129, 229
411483.3.peg.2530.site.20, 2, 140, 142
411483.3.peg.2530.site.21, 3, 149, 152
411483.3.peg.2530.site.22, 1, 152, 153
411483.3.peg.2530.site.23, 2, 149, 151
411483.3.peg.2530.site.24, 1, 150, 151
411483.3.peg.2530.site.25, 112, 143, 255
411483.3.peg.2530.site.26, 14, 150, 164
411483.3.peg.2530.site.27, 0, 151, 151
411483.3.peg.2530.site.28, 5, 151, 156
411483.3.peg.2530.site.29, 82, 145, 227
411483.3.peg.2530.site.30, 1, 152, 153
411483.3.peg.2530.site.31, 141, 145, 286
411483.3.peg.2530.site.32, 17, 137, 154
411483.3.peg.2530.site.33, 1, 138, 139
411483.3.peg.2537.site.1, 1, 43, 44
411483.3.peg.2537.site.2, 4, 54, 58
411483.3.peg.2537.site.3, 1, 50, 51
411483.3.peg.2537.site.4, 0, 102, 102
411483.3.peg.2537.site.5, 3, 106, 109
411483.3.peg.2537.site.6, 0, 103, 103
411483.3.peg.2537.site.7, 1, 127, 128
411483.3.peg.2537.site.8, 0, 130, 130
411483.3.peg.2537.site.9, 7, 134, 141
411483.3.peg.2537.site.10, 3, 135, 138
411483.3.peg.2537.site.11, 0, 138, 138
411483.3.peg.2537.site.12, 7, 132, 139
411483.3.peg.2537.site.13, 36, 123, 159
411483.3.peg.2537.site.14, 0, 128, 128
411483.3.peg.2537.site.15, 21, 129, 150
411483.3.peg.2537.site.16, 35, 125, 160
411483.3.peg.2537.site.17, 1, 127, 128
411483.3.peg.2537.site.18, 2, 130, 132
411483.3.peg.2537.site.19, 0, 132, 132
411483.3.peg.2537.site.20, 1, 136, 137
411483.3.peg.2537.site.21, 1, 136, 137
411483.3.peg.2537.site.22, 2, 133, 135
411483.3.peg.2537.site.23, 31, 136, 167
411483.3.peg.2537.site.24, 7, 136, 143
411483.3.peg.2537.site.25, 10, 145, 155
411483.3.peg.2537.site.26, 8, 145, 153
411483.3.peg.2537.site.27, 1, 148, 149
411483.3.peg.2537.site.28, 11, 151, 162
411483.3.peg.2537.site.29, 9, 150, 159
411483.3.peg.2537.site.30, 2, 152, 154
411483.3.peg.2537.site.31, 1, 144, 145
411483.3.peg.2537.site.32, 1, 142, 143
411483.3.peg.2537.site.33, 101, 130, 231
411483.3.peg.2537.site.34, 5, 141, 146
411483.3.peg.2537.site.35, 6, 142, 148
411483.3.peg.2537.site.36, 103, 131, 234
411483.3.peg.2537.site.37, 4, 145, 149
411483.3.peg.2537.site.38, 7, 146, 153
411483.3.peg.2537.site.39, 1, 153, 154
411483.3.peg.2537.site.40, 60, 141, 201
411483.3.peg.2537.site.41, 17, 152, 169
411483.3.peg.2537.site.42, 3, 153, 156
411483.3.peg.2537.site.43, 2, 151, 153
411483.3.peg.2537.site.44, 1, 152, 153
411483.3.peg.2537.site.45, 1, 152, 153
411483.3.peg.2537.site.46, 1, 154, 155
411483.3.peg.2537.site.47, 6, 154, 160
411483.3.peg.2537.site.48, 143, 149, 292
411483.3.peg.2537.site.49, 7, 153, 160
411483.3.peg.2537.site.50, 2, 153, 155
411483.3.peg.2537.site.51, 79, 139, 218
411483.3.peg.2537.site.52, 23, 150, 173
411483.3.peg.2537.site.53, 0, 150, 150
411483.3.peg.2537.site.54, 0, 153, 153
411483.3.peg.2537.site.55, 1, 150, 151
411483.3.peg.2537.site.56, 0, 148, 148
411483.3.peg.2537.site.57, 3, 147, 150
411483.3.peg.2537.site.58, 52, 138, 190
411483.3.peg.2537.site.59, 19, 137, 156
411483.3.peg.2537.site.60, 6, 138, 144
411483.3.peg.2537.site.61, 2, 124, 126
411483.3.peg.2537.site.62, 10, 132, 142
411483.3.peg.2537.site.63, 18, 126, 144
411483.3.peg.2537.site.64, 0, 135, 135
411483.3.peg.2537.site.65, 0, 134, 134
411483.3.peg.2537.site.66, 0, 136, 136
411483.3.peg.2537.site.67, 5, 138, 143
411483.3.peg.2537.site.68, 25, 138, 163
411483.3.peg.2537.site.69, 5, 138, 143
411483.3.peg.2537.site.70, 5, 139, 144
411483.3.peg.2537.site.71, 2, 142, 144
411483.3.peg.2537.site.72, 9, 138, 147
411483.3.peg.2537.site.73, 10, 136, 146
411483.3.peg.2537.site.74, 2, 139, 141
411483.3.peg.2537.site.75, 0, 138, 138
411483.3.peg.2537.site.76, 0, 141, 141
411483.3.peg.2537.site.77, 1, 142, 143
411483.3.peg.2537.site.78, 0, 141, 141
411483.3.peg.2537.site.79, 3, 138, 141
411483.3.peg.2537.site.80, 106, 131, 237
411483.3.peg.2537.site.81, 1, 148, 149
411483.3.peg.2537.site.82, 1, 149, 150
411483.3.peg.2537.site.83, 46, 130, 176
411483.3.peg.2537.site.84, 3, 151, 154
411483.3.peg.2537.site.85, 2, 154, 156
411483.3.peg.2537.site.86, 7, 148, 155
411483.3.peg.2537.site.87, 14, 144, 158
411483.3.peg.2537.site.88, 0, 148, 148
411483.3.peg.2537.site.89, 14, 141, 155
411483.3.peg.2537.site.90, 1, 145, 146
411483.3.peg.2537.site.91, 60, 135, 195
411483.3.peg.2537.site.92, 2, 143, 145
411483.3.peg.2537.site.93, 4, 145, 149
411483.3.peg.2537.site.94, 1, 143, 144
411483.3.peg.2537.site.95, 1, 145, 146
411483.3.peg.2537.site.96, 2, 146, 148
411483.3.peg.2537.site.97, 31, 137, 168
411483.3.peg.2537.site.98, 6, 141, 147
411483.3.peg.2537.site.99, 110, 134, 244
411483.3.peg.2537.site.100, 2, 136, 138
411483.3.peg.2537.site.101, 4, 141, 145
411483.3.peg.2537.site.102, 3, 140, 143
411483.3.peg.2537.site.103, 4, 130, 134
411483.3.peg.2537.site.104, 36, 124, 160
411483.3.peg.2537.site.105, 2, 137, 139
411483.3.peg.2537.site.106, 2, 146, 148
411483.3.peg.2537.site.107, 2, 148, 150
411483.3.peg.2537.site.108, 3, 143, 146
411483.3.peg.2537.site.109, 11, 144, 155
411483.3.peg.2537.site.110, 5, 151, 156
411483.3.peg.2537.site.111, 3, 150, 153
411483.3.peg.2537.site.112, 19, 143, 162
411483.3.peg.2537.site.113, 1, 147, 148
411483.3.peg.2537.site.114, 3, 143, 146
411483.3.peg.2537.site.115, 2, 143, 145
411483.3.peg.2537.site.116, 0, 143, 143
411483.3.peg.2537.site.117, 5, 142, 147
411483.3.peg.2537.site.118, 35, 137, 172
411483.3.peg.2537.site.119, 7, 147, 154
411483.3.peg.2537.site.120, 3, 146, 149
411483.3.peg.2537.site.121, 19, 148, 167
411483.3.peg.2537.site.122, 2, 151, 153
411483.3.peg.2537.site.123, 1, 152, 153
411483.3.peg.2537.site.124, 5, 130, 135
411483.3.peg.2537.site.125, 7, 127, 134
411483.3.peg.2537.site.126, 5, 120, 125
411483.3.peg.2537.site.127, 66, 110, 176
411483.3.peg.2537.site.128, 35, 109, 144
411483.3.peg.2537.site.129, 107, 113, 220
411483.3.peg.2537.site.130, 2, 124, 126
411483.3.peg.2537.site.131, 2, 112, 114
411483.3.peg.2537.site.132, 48, 110, 158
411483.3.peg.2537.site.133, 3, 122, 125
411483.3.peg.2537.site.134, 4, 131, 135
411483.3.peg.2537.site.135, 9, 121, 130
411483.3.peg.2537.site.136, 1, 123, 124
411483.3.peg.2537.site.137, 3, 117, 120
411483.3.peg.2537.site.138, 1, 110, 111
411483.3.peg.2537.site.139, 33, 119, 152
411483.3.peg.2537.site.140, 0, 122, 122
411483.3.peg.2537.site.141, 1, 122, 123
411483.3.peg.2537.site.142, 3, 122, 125
411483.3.peg.2537.site.143, 111, 114, 225
411483.3.peg.2537.site.144, 2, 117, 119
411483.3.peg.2537.site.145, 1, 125, 126
411483.3.peg.2537.site.146, 37, 121, 158
411483.3.peg.2537.site.147, 0, 118, 118
411483.3.peg.2537.site.148, 5, 130, 135
411483.3.peg.2537.site.149, 1, 122, 123
411483.3.peg.2537.site.150, 2, 127, 129
411483.3.peg.2537.site.151, 4, 129, 133
411483.3.peg.2537.site.152, 1, 126, 127
411483.3.peg.2537.site.153, 2, 137, 139
411483.3.peg.2537.site.154, 29, 142, 171
411483.3.peg.2537.site.155, 2, 145, 147
411483.3.peg.2537.site.156, 8, 146, 154
411483.3.peg.2537.site.157, 8, 140, 148
411483.3.peg.2537.site.158, 11, 131, 142
411483.3.peg.2537.site.159, 11, 143, 154
411483.3.peg.2536.site.1, 20, 40, 60
411483.3.peg.2536.site.2, 13, 35, 48
411483.3.peg.2536.site.3, 16, 34, 50
411483.3.peg.2536.site.4, 7, 30, 37
411483.3.peg.2536.site.5, 7, 31, 38
411483.3.peg.2536.site.6, 6, 29, 35
411483.3.peg.2536.site.7, 17, 34, 51
411483.3.peg.2536.site.8, 27, 57, 84
411483.3.peg.2536.site.9, 1, 123, 124
411483.3.peg.2536.site.10, 0, 122, 122
411483.3.peg.2536.site.11, 1, 140, 141
411483.3.peg.2536.site.12, 1, 154, 155
411483.3.peg.2536.site.13, 2, 154, 156
411483.3.peg.2536.site.14, 9, 152, 161
411483.3.peg.2536.site.15, 11, 153, 164
411483.3.peg.2536.site.16, 1, 155, 156
411483.3.peg.2536.site.17, 5, 151, 156
411483.3.peg.2536.site.18, 0, 153, 153
411483.3.peg.2536.site.19, 1, 153, 154
411483.3.peg.2536.site.20, 7, 151, 158
411483.3.peg.2536.site.21, 7, 147, 154
411483.3.peg.2536.site.22, 2, 152, 154
411483.3.peg.2536.site.23, 7, 144, 151
411483.3.peg.2536.site.24, 1, 151, 152
411483.3.peg.2536.site.25, 9, 146, 155
411483.3.peg.2536.site.26, 1, 152, 153
411483.3.peg.2536.site.27, 3, 150, 153
411483.3.peg.2536.site.28, 1, 149, 150
411483.3.peg.2536.site.29, 106, 134, 240
411483.3.peg.2536.site.30, 3, 140, 143
411483.3.peg.2536.site.31, 1, 136, 137
411483.3.peg.2536.site.32, 0, 99, 99
411483.3.peg.2536.site.33, 1, 104, 105
411483.3.peg.2536.site.34, 2, 101, 103
411483.3.peg.2536.site.35, 95, 96, 191
411483.3.peg.2536.site.36, 3, 93, 96
411483.3.peg.2536.site.37, 47, 88, 135
411483.3.peg.2536.site.38, 3, 98, 101
411483.3.peg.2536.site.39, 76, 100, 176
411483.3.peg.2536.site.40, 34, 88, 122
411483.3.peg.2536.site.41, 10, 99, 109
411483.3.peg.2536.site.42, 4, 119, 123
411483.3.peg.2536.site.43, 42, 104, 146
411483.3.peg.2536.site.44, 5, 119, 124
411483.3.peg.2536.site.45, 3, 117, 120
411483.3.peg.2536.site.46, 0, 117, 117
411483.3.peg.2536.site.47, 3, 115, 118
411483.3.peg.2536.site.48, 44, 106, 150
411483.3.peg.2536.site.49, 3, 109, 112
411483.3.peg.2536.site.50, 3, 101, 104
411483.3.peg.2536.site.51, 2, 103, 105
411483.3.peg.2536.site.52, 3, 100, 103
411483.3.peg.2536.site.53, 4, 103, 107
411483.3.peg.2536.site.54, 5, 107, 112
411483.3.peg.2536.site.55, 19, 88, 107
411483.3.peg.2536.site.56, 7, 94, 101
411483.3.peg.2536.site.57, 4, 94, 98
411483.3.peg.2536.site.58, 61, 107, 168
411483.3.peg.2536.site.59, 2, 125, 127
411483.3.peg.2536.site.60, 4, 129, 133
411483.3.peg.2536.site.61, 6, 124, 130
411483.3.peg.2536.site.62, 6, 134, 140
411483.3.peg.2536.site.63, 16, 136, 152
411483.3.peg.2536.site.64, 19, 139, 158
411483.3.peg.2536.site.65, 25, 140, 165
411483.3.peg.2536.site.66, 16, 140, 156
411483.3.peg.2536.site.67, 6, 142, 148
411483.3.peg.2536.site.68, 2, 140, 142
411483.3.peg.2536.site.69, 11, 147, 158
411483.3.peg.2536.site.70, 20, 150, 170
411483.3.peg.2536.site.71, 8, 151, 159
411483.3.peg.2536.site.72, 5, 147, 152
411483.3.peg.2536.site.73, 1, 149, 150
411483.3.peg.2536.site.74, 7, 146, 153
411483.3.peg.2536.site.75, 1, 149, 150
411483.3.peg.2536.site.76, 5, 149, 154
411483.3.peg.2536.site.77, 21, 147, 168
411483.3.peg.2536.site.78, 12, 146, 158
411483.3.peg.2536.site.79, 1, 151, 152
411483.3.peg.2536.site.80, 42, 141, 183
411483.3.peg.2536.site.81, 88, 125, 213
411483.3.peg.2536.site.82, 2, 138, 140
411483.3.peg.2536.site.83, 7, 147, 154
411483.3.peg.2536.site.84, 4, 143, 147
411483.3.peg.2536.site.85, 2, 145, 147
411483.3.peg.2536.site.86, 2, 145, 147
411483.3.peg.2536.site.87, 6, 147, 153
411483.3.peg.2536.site.88, 2, 150, 152
411483.3.peg.2536.site.89, 2, 146, 148
411483.3.peg.2536.site.90, 10, 148, 158
411483.3.peg.2536.site.91, 0, 149, 149
411483.3.peg.2536.site.92, 1, 135, 136
411483.3.peg.2536.site.93, 0, 141, 141
411483.3.peg.2536.site.94, 10, 141, 151
411483.3.peg.2536.site.95, 82, 122, 204
411483.3.peg.2536.site.96, 4, 130, 134
411483.3.peg.2536.site.97, 1, 119, 120
411483.3.peg.2536.site.98, 4, 117, 121
411483.3.peg.2536.site.99, 110, 118, 228
411483.3.peg.2536.site.100, 13, 127, 140
411483.3.peg.2536.site.101, 9, 128, 137
411483.3.peg.2536.site.102, 38, 126, 164
411483.3.peg.2536.site.103, 1, 139, 140
411483.3.peg.2536.site.104, 10, 111, 121
411483.3.peg.2536.site.105, 1, 128, 129
411483.3.peg.2536.site.106, 6, 119, 125
411483.3.peg.2536.site.107, 4, 73, 77
411483.3.peg.2536.site.108, 3, 73, 76
411483.3.peg.2536.site.109, 2, 57, 59
411483.3.peg.2536.site.110, 2, 57, 59
411483.3.peg.2536.site.111, 1, 62, 63
411483.3.peg.2535.site.1, 0, 120, 120
411483.3.peg.2535.site.2, 0, 117, 117
411483.3.peg.2535.site.3, 1, 122, 123
411483.3.peg.2535.site.4, 1, 132, 133
411483.3.peg.2535.site.5, 2, 138, 140
411483.3.peg.2535.site.6, 3, 105, 108
411483.3.peg.2535.site.7, 2, 114, 116
411483.3.peg.2535.site.8, 58, 99, 157
411483.3.peg.2535.site.9, 22, 104, 126
411483.3.peg.2535.site.10, 0, 100, 100
411483.3.peg.2535.site.11, 1, 96, 97
411483.3.peg.2535.site.12, 12, 88, 100
411483.3.peg.2535.site.13, 0, 106, 106
411483.3.peg.2535.site.14, 7, 109, 116
411483.3.peg.2535.site.15, 1, 111, 112
411483.3.peg.2535.site.16, 6, 105, 111
411483.3.peg.2535.site.17, 62, 96, 158
411483.3.peg.2535.site.18, 1, 111, 112
411483.3.peg.2535.site.19, 1, 107, 108
411483.3.peg.2535.site.20, 18, 101, 119
411483.3.peg.2535.site.21, 0, 105, 105
411483.3.peg.2535.site.22, 19, 109, 128
411483.3.peg.2535.site.23, 36, 107, 143
411483.3.peg.2535.site.24, 5, 111, 116
411483.3.peg.2535.site.25, 22, 108, 130
411483.3.peg.2535.site.26, 2, 121, 123
411483.3.peg.2535.site.27, 5, 111, 116
411483.3.peg.2535.site.28, 8, 107, 115
411483.3.peg.2535.site.29, 3, 112, 115
411483.3.peg.2535.site.30, 1, 115, 116
411483.3.peg.2535.site.31, 20, 101, 121
411483.3.peg.2535.site.32, 3, 97, 100
411483.3.peg.2535.site.33, 35, 96, 131
411483.3.peg.2535.site.34, 1, 100, 101
411483.3.peg.2535.site.35, 8, 109, 117
411483.3.peg.2535.site.36, 6, 99, 105
411483.3.peg.2535.site.37, 25, 97, 122
411483.3.peg.2535.site.38, 6, 96, 102
411483.3.peg.2535.site.39, 89, 103, 192
411483.3.peg.2535.site.40, 4, 102, 106
411483.3.peg.2535.site.41, 0, 106, 106
411483.3.peg.2535.site.42, 1, 113, 114
411483.3.peg.2535.site.43, 4, 112, 116
411483.3.peg.2535.site.44, 4, 113, 117
411483.3.peg.2535.site.45, 0, 118, 118
411483.3.peg.2535.site.46, 21, 117, 138
411483.3.peg.2535.site.47, 100, 116, 216
411483.3.peg.2535.site.48, 2, 127, 129
411483.3.peg.2535.site.49, 6, 122, 128
411483.3.peg.2535.site.50, 5, 114, 119
411483.3.peg.2535.site.51, 1, 113, 114
411483.3.peg.2535.site.52, 0, 102, 102
411483.3.peg.2535.site.53, 65, 95, 160
411483.3.peg.2535.site.54, 1, 102, 103
411483.3.peg.2535.site.55, 4, 105, 109
411483.3.peg.2535.site.56, 43, 76, 119
411483.3.peg.2535.site.57, 46, 100, 146
411483.3.peg.2535.site.58, 1, 109, 110
411483.3.peg.2535.site.59, 2, 108, 110
411483.3.peg.2535.site.60, 18, 105, 123
411483.3.peg.2535.site.61, 2, 124, 126
411483.3.peg.2534.site.1, 0, 152, 152
411483.3.peg.2534.site.2, 9, 153, 162
411483.3.peg.2534.site.3, 1, 148, 149
411483.3.peg.2534.site.4, 1, 149, 150
411483.3.peg.2534.site.5, 5, 150, 155
411483.3.peg.2534.site.6, 4, 144, 148
411483.3.peg.2534.site.7, 2, 148, 150
411483.3.peg.2534.site.8, 0, 147, 147
411483.3.peg.2534.site.9, 0, 148, 148
411483.3.peg.2534.site.10, 1, 148, 149
411483.3.peg.2534.site.11, 2, 146, 148
411483.3.peg.2534.site.12, 1, 134, 135
411483.3.peg.2534.site.13, 3, 145, 148
411483.3.peg.2534.site.14, 3, 144, 147
411483.3.peg.2534.site.15, 7, 125, 132
411483.3.peg.2534.site.16, 90, 117, 207
411483.3.peg.2534.site.17, 4, 128, 132
411483.3.peg.2534.site.18, 7, 121, 128
411483.3.peg.2534.site.19, 10, 128, 138
411483.3.peg.2534.site.20, 2, 132, 134
411483.3.peg.2534.site.21, 18, 137, 155
411483.3.peg.2534.site.22, 4, 147, 151
411483.3.peg.2534.site.23, 4, 145, 149
411483.3.peg.2534.site.24, 2, 142, 144
411483.3.peg.2534.site.25, 4, 146, 150
411483.3.peg.2534.site.26, 72, 131, 203
411483.3.peg.2534.site.27, 3, 150, 153
411483.3.peg.2534.site.28, 1, 150, 151
411483.3.peg.2534.site.29, 1, 149, 150
411483.3.peg.2534.site.30, 0, 148, 148
411483.3.peg.2534.site.31, 11, 150, 161
411483.3.peg.2534.site.32, 1, 147, 148
411483.3.peg.2534.site.33, 8, 145, 153
411483.3.peg.2534.site.34, 1, 147, 148
411483.3.peg.2534.site.35, 12, 141, 153
411483.3.peg.2534.site.36, 4, 144, 148
411483.3.peg.2534.site.37, 8, 143, 151
411483.3.peg.2534.site.38, 1, 139, 140
411483.3.peg.2534.site.39, 2, 133, 135
411483.3.peg.2534.site.40, 4, 131, 135
411483.3.peg.2534.site.41, 1, 127, 128
411483.3.peg.2534.site.42, 87, 111, 198
411483.3.peg.2534.site.43, 6, 118, 124
411483.3.peg.2534.site.44, 1, 115, 116
411483.3.peg.2534.site.45, 90, 115, 205
411483.3.peg.2534.site.46, 3, 117, 120
411483.3.peg.2534.site.47, 13, 130, 143
411483.3.peg.2534.site.48, 0, 134, 134
411483.3.peg.2534.site.49, 0, 140, 140
411483.3.peg.2534.site.50, 7, 141, 148
411483.3.peg.2534.site.51, 1, 147, 148
411483.3.peg.2534.site.52, 1, 143, 144
411483.3.peg.2534.site.53, 3, 147, 150
411483.3.peg.2534.site.54, 0, 147, 147
411483.3.peg.2534.site.55, 4, 139, 143
411483.3.peg.2534.site.56, 4, 138, 142
411483.3.peg.2534.site.57, 1, 136, 137
411483.3.peg.2534.site.58, 7, 112, 119
411483.3.peg.2534.site.59, 3, 103, 106
411483.3.peg.2534.site.60, 19, 104, 123
411483.3.peg.2534.site.61, 0, 104, 104
411483.3.peg.2534.site.62, 40, 102, 142
411483.3.peg.2534.site.63, 6, 107, 113
411483.3.peg.2534.site.64, 0, 112, 112
411483.3.peg.2534.site.65, 3, 105, 108
411483.3.peg.2534.site.66, 1, 114, 115
411483.3.peg.2534.site.67, 2, 104, 106
411483.3.peg.2534.site.68, 2, 119, 121
411483.3.peg.2534.site.69, 4, 130, 134
411483.3.peg.2534.site.70, 15, 132, 147
411483.3.peg.2534.site.71, 0, 137, 137
411483.3.peg.2534.site.72, 4, 142, 146
411483.3.peg.2534.site.73, 2, 147, 149
411483.3.peg.2534.site.74, 0, 149, 149
411483.3.peg.2534.site.75, 1, 147, 148
411483.3.peg.2534.site.76, 20, 145, 165
411483.3.peg.2534.site.77, 3, 143, 146
411483.3.peg.2534.site.78, 1, 147, 148
411483.3.peg.2534.site.79, 10, 146, 156
411483.3.peg.2534.site.80, 4, 146, 150
411483.3.peg.2534.site.81, 1, 149, 150
411483.3.peg.2534.site.82, 1, 141, 142
411483.3.peg.2534.site.83, 0, 141, 141
411483.3.peg.2534.site.84, 0, 146, 146
411483.3.peg.2534.site.85, 0, 146, 146
411483.3.peg.2534.site.86, 79, 136, 215
411483.3.peg.2534.site.87, 3, 146, 149
411483.3.peg.2534.site.88, 1, 148, 149
411483.3.peg.2534.site.89, 1, 149, 150
411483.3.peg.2534.site.90, 0, 153, 153
411483.3.peg.2083.site.1, 1, 154, 155
411483.3.peg.2083.site.2, 13, 150, 163
411483.3.peg.2083.site.3, 1, 152, 153
411483.3.peg.2083.site.4, 10, 148, 158
411483.3.peg.2083.site.5, 7, 149, 156
411483.3.peg.2083.site.6, 11, 145, 156
411483.3.peg.2083.site.7, 7, 142, 149
411483.3.peg.2083.site.8, 2, 149, 151
411483.3.peg.2083.site.9, 0, 145, 145
411483.3.peg.2083.site.10, 5, 144, 149
411483.3.peg.2083.site.11, 4, 146, 150
411483.3.peg.2083.site.12, 24, 134, 158
411483.3.peg.2083.site.13, 1, 144, 145
411483.3.peg.2083.site.14, 0, 152, 152
411483.3.peg.2083.site.15, 7, 154, 161
411483.3.peg.2083.site.16, 1, 154, 155
411483.3.peg.2083.site.17, 3, 153, 156
411483.3.peg.2083.site.18, 2, 154, 156
411483.3.peg.2083.site.19, 13, 144, 157
411483.3.peg.2083.site.20, 6, 151, 157
411483.3.peg.2083.site.21, 66, 143, 209
411483.3.peg.2083.site.22, 34, 144, 178
411483.3.peg.2083.site.23, 21, 151, 172
411483.3.peg.2083.site.24, 5, 153, 158
411483.3.peg.2083.site.25, 1, 154, 155
411483.3.peg.2083.site.26, 2, 154, 156
411483.3.peg.2083.site.27, 92, 134, 226
411483.3.peg.2083.site.28, 2, 152, 154
411483.3.peg.2083.site.29, 1, 152, 153
411483.3.peg.2083.site.30, 15, 147, 162
411483.3.peg.2083.site.31, 25, 143, 168
411483.3.peg.2083.site.32, 1, 149, 150
411483.3.peg.2083.site.33, 0, 152, 152
411483.3.peg.2083.site.34, 22, 140, 162
411483.3.peg.2083.site.35, 2, 149, 151
411483.3.peg.2083.site.36, 2, 153, 155
411483.3.peg.2083.site.37, 7, 151, 158
411483.3.peg.2083.site.38, 2, 151, 153
411483.3.peg.2083.site.39, 6, 152, 158
411483.3.peg.2083.site.40, 8, 154, 162
411483.3.peg.2083.site.41, 1, 154, 155
411483.3.peg.2083.site.42, 78, 141, 219
411483.3.peg.2083.site.43, 1, 154, 155
411483.3.peg.2083.site.44, 4, 151, 155
411483.3.peg.2083.site.45, 1, 152, 153
411483.3.peg.2083.site.46, 1, 154, 155
411483.3.peg.2083.site.47, 1, 149, 150
411483.3.peg.2083.site.48, 17, 146, 163
411483.3.peg.2083.site.49, 98, 136, 234
411483.3.peg.2083.site.50, 68, 140, 208
411483.3.peg.2083.site.51, 0, 149, 149
411483.3.peg.2083.site.52, 10, 147, 157
411483.3.peg.2082.site.1, 1, 155, 156
411483.3.peg.2082.site.2, 2, 155, 157
411483.3.peg.2082.site.3, 0, 154, 154
411483.3.peg.2082.site.4, 2, 154, 156
411483.3.peg.2082.site.5, 4, 152, 156
411483.3.peg.2082.site.6, 149, 152, 301
411483.3.peg.2082.site.7, 0, 152, 152
411483.3.peg.2082.site.8, 8, 148, 156
411483.3.peg.2082.site.9, 3, 144, 147
411483.3.peg.2082.site.10, 1, 152, 153
411483.3.peg.2082.site.11, 1, 149, 150
411483.3.peg.2082.site.12, 5, 150, 155
411483.3.peg.2082.site.13, 4, 151, 155
411483.3.peg.2082.site.14, 0, 151, 151
411483.3.peg.2082.site.15, 2, 151, 153
411483.3.peg.2082.site.16, 0, 150, 150
411483.3.peg.2082.site.17, 4, 146, 150
411483.3.peg.2082.site.18, 1, 149, 150
411483.3.peg.2082.site.19, 2, 151, 153
411483.3.peg.2082.site.20, 1, 150, 151
411483.3.peg.2082.site.21, 10, 145, 155
411483.3.peg.2082.site.22, 0, 145, 145
411483.3.peg.2082.site.23, 1, 144, 145
411483.3.peg.2082.site.24, 8, 144, 152
411483.3.peg.2082.site.25, 0, 148, 148
411483.3.peg.2082.site.26, 6, 138, 144
411483.3.peg.2082.site.27, 0, 135, 135
411483.3.peg.2082.site.28, 4, 137, 141
411483.3.peg.2082.site.29, 6, 137, 143
411483.3.peg.2082.site.30, 5, 134, 139
411483.3.peg.2082.site.31, 0, 140, 140
411483.3.peg.2082.site.32, 3, 141, 144
411483.3.peg.2082.site.33, 2, 141, 143
411483.3.peg.2082.site.34, 6, 141, 147
411483.3.peg.2082.site.35, 4, 145, 149
411483.3.peg.2082.site.36, 7, 147, 154
411483.3.peg.2082.site.37, 0, 145, 145
411483.3.peg.2082.site.38, 0, 149, 149
411483.3.peg.2082.site.39, 5, 144, 149
411483.3.peg.2082.site.40, 0, 149, 149
411483.3.peg.2082.site.41, 4, 141, 145
411483.3.peg.2082.site.42, 0, 152, 152
411483.3.peg.2082.site.43, 8, 153, 161
411483.3.peg.2082.site.44, 36, 140, 176
411483.3.peg.2082.site.45, 4, 148, 152
411483.3.peg.2082.site.46, 1, 154, 155
411483.3.peg.2082.site.47, 17, 147, 164
411483.3.peg.2082.site.48, 0, 154, 154
411483.3.peg.2082.site.49, 9, 148, 157
411483.3.peg.2082.site.50, 0, 154, 154
411483.3.peg.2082.site.51, 5, 151, 156
411483.3.peg.2082.site.52, 10, 153, 163
411483.3.peg.2082.site.53, 3, 154, 157
411483.3.peg.2082.site.54, 0, 155, 155
411483.3.peg.2082.site.55, 6, 154, 160
411483.3.peg.2082.site.56, 3, 154, 157
411483.3.peg.2082.site.57, 9, 150, 159
411483.3.peg.2081.site.1, 1, 155, 156
411483.3.peg.2081.site.2, 8, 154, 162
411483.3.peg.2081.site.3, 3, 154, 157
411483.3.peg.2081.site.4, 4, 153, 157
411483.3.peg.2081.site.5, 0, 152, 152
411483.3.peg.2081.site.6, 1, 153, 154
411483.3.peg.2081.site.7, 0, 154, 154
411483.3.peg.2081.site.8, 7, 154, 161
411483.3.peg.2081.site.9, 3, 153, 156
411483.3.peg.2081.site.10, 6, 150, 156
411483.3.peg.2081.site.11, 6, 144, 150
411483.3.peg.2081.site.12, 6, 145, 151
411483.3.peg.2081.site.13, 6, 150, 156
411483.3.peg.2081.site.14, 1, 149, 150
411483.3.peg.2081.site.15, 7, 145, 152
411483.3.peg.2081.site.16, 4, 148, 152
411483.3.peg.2081.site.17, 2, 151, 153
411483.3.peg.2081.site.18, 4, 150, 154
411483.3.peg.2081.site.19, 5, 153, 158
411483.3.peg.2081.site.20, 4, 148, 152
411483.3.peg.2081.site.21, 5, 154, 159
411483.3.peg.2081.site.22, 1, 155, 156
411483.3.peg.2081.site.23, 1, 154, 155
411483.3.peg.2081.site.24, 1, 154, 155
411483.3.peg.2081.site.25, 1, 154, 155
411483.3.peg.2081.site.26, 6, 151, 157
411483.3.peg.2081.site.27, 15, 141, 156
411483.3.peg.2081.site.28, 0, 152, 152
411483.3.peg.2081.site.29, 1, 152, 153
411483.3.peg.2081.site.30, 10, 148, 158
411483.3.peg.2081.site.31, 1, 154, 155
411483.3.peg.2081.site.32, 1, 155, 156
411483.3.peg.2081.site.33, 9, 155, 164
411483.3.peg.2081.site.34, 47, 148, 195
411483.3.peg.2081.site.35, 47, 138, 185
411483.3.peg.2081.site.36, 61, 142, 203
411483.3.peg.2081.site.37, 5, 154, 159
411483.3.peg.2081.site.38, 26, 144, 170
411483.3.peg.2081.site.39, 72, 147, 219
411483.3.peg.2081.site.40, 0, 154, 154
411483.3.peg.2081.site.41, 2, 155, 157
411483.3.peg.2081.site.42, 31, 146, 177
411483.3.peg.2081.site.43, 5, 152, 157
411483.3.peg.2081.site.44, 3, 151, 154
411483.3.peg.2081.site.45, 3, 144, 147
411483.3.peg.2081.site.46, 1, 139, 140
411483.3.peg.2081.site.47, 0, 143, 143
411483.3.peg.2081.site.48, 127, 130, 257
411483.3.peg.2081.site.49, 2, 130, 132
411483.3.peg.2081.site.50, 4, 132, 136
411483.3.peg.2081.site.51, 0, 135, 135
411483.3.peg.2081.site.52, 12, 135, 147
411483.3.peg.2081.site.53, 0, 141, 141
411483.3.peg.2081.site.54, 0, 135, 135
411483.3.peg.2081.site.55, 24, 125, 149
411483.3.peg.2081.site.56, 5, 129, 134
411483.3.peg.2081.site.57, 3, 107, 110
411483.3.peg.2081.site.58, 137, 140, 277
411483.3.peg.2081.site.59, 1, 148, 149
411483.3.peg.2081.site.60, 2, 151, 153
411483.3.peg.2081.site.61, 1, 152, 153
411483.3.peg.2081.site.62, 1, 149, 150
411483.3.peg.2081.site.63, 5, 151, 156
411483.3.peg.2081.site.64, 9, 149, 158
411483.3.peg.2081.site.65, 2, 151, 153
411483.3.peg.2081.site.66, 9, 149, 158
411483.3.peg.2081.site.67, 6, 147, 153
411483.3.peg.2081.site.68, 1, 149, 150
411483.3.peg.2081.site.69, 8, 148, 156
411483.3.peg.2081.site.70, 136, 145, 281
411483.3.peg.2081.site.71, 3, 147, 150
411483.3.peg.2081.site.72, 3, 146, 149
411483.3.peg.2081.site.73, 8, 148, 156
411483.3.peg.2081.site.74, 3, 150, 153
411483.3.peg.2081.site.75, 4, 152, 156
411483.3.peg.2081.site.76, 27, 148, 175
411483.3.peg.2081.site.77, 1, 149, 150
411483.3.peg.2081.site.78, 1, 150, 151
411483.3.peg.2081.site.79, 44, 140, 184
411483.3.peg.2081.site.80, 7, 150, 157
411483.3.peg.2081.site.81, 1, 149, 150
411483.3.peg.2081.site.82, 2, 151, 153
411483.3.peg.2081.site.83, 60, 142, 202
411483.3.peg.2081.site.84, 55, 138, 193
411483.3.peg.2081.site.85, 13, 150, 163
411483.3.peg.2081.site.86, 28, 137, 165
411483.3.peg.2081.site.87, 4, 146, 150
411483.3.peg.2081.site.88, 1, 148, 149
411483.3.peg.2081.site.89, 1, 152, 153
411483.3.peg.2081.site.90, 2, 152, 154
411483.3.peg.2081.site.91, 2, 154, 156
411483.3.peg.2081.site.92, 16, 152, 168
411483.3.peg.2080.site.1, 0, 154, 154
411483.3.peg.2080.site.2, 2, 155, 157
411483.3.peg.2080.site.3, 1, 154, 155
411483.3.peg.2080.site.4, 1, 155, 156
411483.3.peg.2080.site.5, 0, 154, 154
411483.3.peg.2080.site.6, 129, 147, 276
411483.3.peg.2080.site.7, 5, 154, 159
411483.3.peg.2080.site.8, 7, 147, 154
411483.3.peg.2080.site.9, 0, 153, 153
411483.3.peg.2080.site.10, 0, 153, 153
411483.3.peg.2080.site.11, 6, 150, 156
411483.3.peg.2080.site.12, 4, 150, 154
411483.3.peg.2080.site.13, 6, 145, 151
411483.3.peg.2080.site.14, 8, 151, 159
411483.3.peg.2080.site.15, 6, 150, 156
411483.3.peg.2080.site.16, 0, 152, 152
411483.3.peg.2080.site.17, 2, 149, 151
411483.3.peg.2080.site.18, 1, 150, 151
411483.3.peg.2080.site.19, 1, 155, 156
411483.3.peg.2080.site.20, 10, 154, 164
411483.3.peg.2080.site.21, 1, 153, 154
411483.3.peg.2080.site.22, 3, 155, 158
411483.3.peg.2080.site.23, 8, 152, 160
411483.3.peg.2080.site.24, 140, 149, 289
411483.3.peg.2080.site.25, 3, 155, 158
411483.3.peg.2080.site.26, 1, 155, 156
411483.3.peg.2080.site.27, 117, 145, 262
411483.3.peg.2080.site.28, 76, 144, 220
411483.3.peg.2080.site.29, 1, 152, 153
411483.3.peg.2080.site.30, 1, 149, 150
411483.3.peg.2080.site.31, 3, 153, 156
411483.3.peg.2080.site.32, 2, 149, 151
411483.3.peg.2080.site.33, 3, 152, 155
411483.3.peg.2080.site.34, 3, 152, 155
411483.3.peg.2080.site.35, 0, 152, 152
411483.3.peg.2080.site.36, 1, 151, 152
411483.3.peg.2080.site.37, 4, 149, 153
411483.3.peg.2080.site.38, 4, 149, 153
411483.3.peg.2080.site.39, 3, 150, 153
411483.3.peg.2080.site.40, 0, 152, 152
411483.3.peg.2080.site.41, 1, 154, 155
411483.3.peg.2080.site.42, 2, 151, 153
411483.3.peg.2080.site.43, 7, 148, 155
411483.3.peg.2080.site.44, 98, 139, 237
411483.3.peg.2080.site.45, 1, 146, 147
411483.3.peg.2080.site.46, 2, 152, 154
411483.3.peg.2080.site.47, 3, 143, 146
411483.3.peg.2080.site.48, 4, 139, 143
411483.3.peg.2080.site.49, 3, 143, 146
411483.3.peg.2080.site.50, 3, 144, 147
411483.3.peg.2080.site.51, 5, 150, 155
411483.3.peg.2080.site.52, 17, 148, 165
411483.3.peg.2080.site.53, 10, 151, 161
411483.3.peg.2080.site.54, 4, 153, 157
411483.3.peg.2080.site.55, 0, 144, 144
411483.3.peg.2080.site.56, 6, 151, 157
411483.3.peg.2080.site.57, 1, 152, 153
411483.3.peg.2080.site.58, 5, 153, 158
411483.3.peg.2080.site.59, 22, 149, 171
411483.3.peg.2080.site.60, 1, 152, 153
411483.3.peg.2080.site.61, 5, 150, 155
411483.3.peg.2080.site.62, 7, 152, 159
411483.3.peg.2080.site.63, 70, 144, 214
411483.3.peg.2080.site.64, 0, 152, 152
411483.3.peg.2080.site.65, 0, 149, 149
411483.3.peg.2080.site.66, 3, 148, 151
411483.3.peg.2080.site.67, 75, 146, 221
411483.3.peg.2080.site.68, 4, 151, 155
411483.3.peg.2080.site.69, 1, 153, 154
411483.3.peg.2080.site.70, 2, 153, 155
411483.3.peg.2080.site.71, 0, 154, 154
411483.3.peg.2080.site.72, 150, 152, 302
411483.3.peg.2080.site.73, 1, 147, 148
411483.3.peg.2080.site.74, 9, 147, 156
411483.3.peg.2080.site.75, 2, 144, 146
411483.3.peg.2080.site.76, 0, 147, 147
411483.3.peg.2080.site.77, 1, 151, 152
411483.3.peg.2080.site.78, 3, 147, 150
411483.3.peg.2080.site.79, 0, 150, 150
411483.3.peg.2080.site.80, 2, 152, 154
411483.3.peg.2080.site.81, 2, 154, 156
411483.3.peg.2080.site.82, 0, 153, 153
411483.3.peg.2080.site.83, 8, 147, 155
411483.3.peg.2087.site.1, 1, 150, 151
411483.3.peg.2087.site.2, 0, 145, 145
411483.3.peg.2087.site.3, 116, 144, 260
411483.3.peg.2087.site.4, 14, 146, 160
411483.3.peg.2087.site.5, 26, 141, 167
411483.3.peg.2087.site.6, 1, 144, 145
411483.3.peg.2087.site.7, 18, 129, 147
411483.3.peg.2087.site.8, 128, 134, 262
411483.3.peg.2087.site.9, 7, 147, 154
411483.3.peg.2087.site.10, 2, 145, 147
411483.3.peg.2087.site.11, 3, 150, 153
411483.3.peg.2087.site.12, 1, 151, 152
411483.3.peg.2087.site.13, 0, 149, 149
411483.3.peg.2087.site.14, 6, 144, 150
411483.3.peg.2087.site.15, 5, 144, 149
411483.3.peg.2087.site.16, 0, 141, 141
411483.3.peg.2087.site.17, 0, 147, 147
411483.3.peg.2087.site.18, 7, 147, 154
411483.3.peg.2087.site.19, 28, 138, 166
411483.3.peg.2087.site.20, 21, 144, 165
411483.3.peg.2087.site.21, 1, 153, 154
411483.3.peg.2087.site.22, 21, 146, 167
411483.3.peg.2087.site.23, 1, 153, 154
411483.3.peg.2087.site.24, 1, 153, 154
411483.3.peg.2087.site.25, 7, 150, 157
411483.3.peg.2087.site.26, 1, 150, 151
411483.3.peg.2087.site.27, 1, 149, 150
411483.3.peg.2087.site.28, 67, 134, 201
411483.3.peg.2087.site.29, 19, 141, 160
411483.3.peg.2087.site.30, 24, 145, 169
411483.3.peg.2087.site.31, 75, 138, 213
411483.3.peg.2087.site.32, 14, 147, 161
411483.3.peg.2087.site.33, 1, 152, 153
411483.3.peg.2087.site.34, 2, 151, 153
411483.3.peg.2087.site.35, 25, 145, 170
411483.3.peg.2087.site.36, 2, 150, 152
411483.3.peg.2087.site.37, 1, 151, 152
411483.3.peg.2087.site.38, 0, 152, 152
411483.3.peg.2087.site.39, 0, 154, 154
411483.3.peg.2087.site.40, 41, 147, 188
411483.3.peg.2087.site.41, 1, 155, 156
411483.3.peg.2087.site.42, 2, 151, 153
411483.3.peg.2087.site.43, 1, 155, 156
411483.3.peg.2087.site.44, 17, 152, 169
411483.3.peg.2087.site.45, 6, 153, 159
411483.3.peg.2087.site.46, 2, 153, 155
411483.3.peg.2087.site.47, 6, 150, 156
411483.3.peg.2087.site.48, 0, 150, 150
411483.3.peg.2086.site.1, 0, 149, 149
411483.3.peg.2086.site.2, 1, 145, 146
411483.3.peg.2086.site.3, 1, 135, 136
411483.3.peg.2086.site.4, 5, 9, 14
411483.3.peg.2086.site.5, 6, 139, 145
411483.3.peg.2086.site.6, 5, 149, 154
411483.3.peg.2086.site.7, 1, 148, 149
411483.3.peg.2086.site.8, 0, 152, 152
411483.3.peg.2086.site.9, 1, 152, 153
411483.3.peg.2086.site.10, 0, 152, 152
411483.3.peg.2086.site.11, 0, 150, 150
411483.3.peg.2086.site.12, 17, 152, 169
411483.3.peg.2086.site.13, 26, 143, 169
411483.3.peg.2086.site.14, 8, 153, 161
411483.3.peg.2086.site.15, 1, 150, 151
411483.3.peg.2086.site.16, 6, 142, 148
411483.3.peg.2086.site.17, 1, 152, 153
411483.3.peg.2086.site.18, 1, 153, 154
411483.3.peg.2086.site.19, 2, 155, 157
411483.3.peg.2086.site.20, 2, 153, 155
411483.3.peg.2086.site.21, 0, 152, 152
411483.3.peg.2086.site.22, 15, 152, 167
411483.3.peg.2086.site.23, 10, 153, 163
411483.3.peg.2086.site.24, 4, 154, 158
411483.3.peg.2086.site.25, 2, 155, 157
411483.3.peg.2086.site.26, 7, 154, 161
411483.3.peg.2086.site.27, 4, 152, 156
411483.3.peg.2086.site.28, 8, 152, 160
411483.3.peg.2086.site.29, 0, 154, 154
411483.3.peg.2086.site.30, 6, 150, 156
411483.3.peg.2086.site.31, 24, 150, 174
411483.3.peg.2086.site.32, 11, 153, 164
411483.3.peg.2086.site.33, 1, 154, 155
411483.3.peg.2086.site.34, 7, 153, 160
411483.3.peg.2086.site.35, 2, 147, 149
411483.3.peg.2086.site.36, 8, 148, 156
411483.3.peg.2086.site.37, 0, 145, 145
411483.3.peg.2086.site.38, 0, 146, 146
411483.3.peg.2086.site.39, 2, 143, 145
411483.3.peg.2086.site.40, 0, 147, 147
411483.3.peg.2086.site.41, 9, 147, 156
411483.3.peg.2086.site.42, 0, 143, 143
411483.3.peg.2086.site.43, 6, 134, 140
411483.3.peg.2086.site.44, 1, 141, 142
411483.3.peg.2086.site.45, 1, 142, 143
411483.3.peg.2086.site.46, 3, 142, 145
411483.3.peg.2086.site.47, 1, 144, 145
411483.3.peg.2086.site.48, 1, 141, 142
411483.3.peg.2086.site.49, 141, 144, 285
411483.3.peg.2086.site.50, 2, 142, 144
411483.3.peg.2086.site.51, 3, 145, 148
411483.3.peg.2086.site.52, 0, 140, 140
411483.3.peg.2086.site.53, 10, 145, 155
411483.3.peg.2086.site.54, 1, 148, 149
411483.3.peg.2086.site.55, 5, 153, 158
411483.3.peg.2086.site.56, 10, 151, 161
411483.3.peg.2086.site.57, 3, 153, 156
411483.3.peg.2086.site.58, 4, 153, 157
411483.3.peg.2086.site.59, 83, 139, 222
411483.3.peg.2086.site.60, 2, 152, 154
411483.3.peg.2086.site.61, 1, 154, 155
411483.3.peg.2086.site.62, 3, 154, 157
411483.3.peg.2086.site.63, 7, 154, 161
411483.3.peg.2086.site.64, 6, 153, 159
411483.3.peg.2086.site.65, 48, 143, 191
411483.3.peg.2086.site.66, 1, 155, 156
411483.3.peg.2086.site.67, 4, 155, 159
411483.3.peg.2086.site.68, 4, 154, 158
411483.3.peg.2086.site.69, 2, 154, 156
411483.3.peg.2086.site.70, 1, 153, 154
411483.3.peg.2086.site.71, 28, 151, 179
411483.3.peg.2086.site.72, 90, 142, 232
411483.3.peg.2086.site.73, 1, 154, 155
411483.3.peg.2086.site.74, 3, 153, 156
411483.3.peg.2086.site.75, 1, 155, 156
411483.3.peg.2086.site.76, 63, 141, 204
411483.3.peg.2086.site.77, 0, 152, 152
411483.3.peg.2086.site.78, 0, 151, 151
411483.3.peg.2086.site.79, 1, 154, 155
411483.3.peg.2086.site.80, 4, 149, 153
411483.3.peg.2086.site.81, 5, 149, 154
411483.3.peg.2086.site.82, 0, 147, 147
411483.3.peg.2086.site.83, 5, 144, 149
411483.3.peg.2086.site.84, 3, 149, 152
411483.3.peg.2086.site.85, 1, 146, 147
411483.3.peg.2086.site.86, 99, 145, 244
411483.3.peg.2086.site.87, 80, 149, 229
411483.3.peg.2086.site.88, 1, 145, 146
411483.3.peg.2086.site.89, 0, 148, 148
411483.3.peg.2086.site.90, 15, 147, 162
411483.3.peg.2086.site.91, 12, 147, 159
411483.3.peg.2086.site.92, 7, 146, 153
411483.3.peg.2086.site.93, 1, 145, 146
411483.3.peg.2086.site.94, 16, 141, 157
411483.3.peg.2086.site.95, 0, 140, 140
411483.3.peg.2086.site.96, 3, 141, 144
411483.3.peg.2086.site.97, 1, 141, 142
411483.3.peg.2086.site.98, 2, 143, 145
411483.3.peg.2086.site.99, 146, 147, 293
411483.3.peg.2086.site.100, 13, 135, 148
411483.3.peg.2086.site.101, 6, 139, 145
411483.3.peg.2086.site.102, 0, 139, 139
411483.3.peg.2086.site.103, 1, 150, 151
411483.3.peg.2086.site.104, 8, 150, 158
411483.3.peg.2086.site.105, 1, 146, 147
411483.3.peg.2086.site.106, 2, 150, 152
411483.3.peg.2086.site.107, 3, 144, 147
411483.3.peg.2085.site.1, 1, 141, 142
411483.3.peg.2085.site.2, 1, 140, 141
411483.3.peg.2085.site.3, 5, 138, 143
411483.3.peg.2085.site.4, 86, 124, 210
411483.3.peg.2085.site.5, 3, 134, 137
411483.3.peg.2085.site.6, 9, 125, 134
411483.3.peg.2085.site.7, 4, 122, 126
411483.3.peg.2085.site.8, 0, 132, 132
411483.3.peg.2085.site.9, 1, 125, 126
411483.3.peg.2085.site.10, 3, 140, 143
411483.3.peg.2085.site.11, 2, 142, 144
411483.3.peg.2085.site.12, 4, 149, 153
411483.3.peg.2085.site.13, 1, 150, 151
411483.3.peg.2085.site.14, 6, 147, 153
411483.3.peg.2085.site.15, 1, 152, 153
411483.3.peg.2085.site.16, 2, 147, 149
411483.3.peg.2085.site.17, 1, 153, 154
411483.3.peg.2085.site.18, 4, 152, 156
411483.3.peg.2085.site.19, 3, 152, 155
411483.3.peg.2085.site.20, 8, 153, 161
411483.3.peg.2085.site.21, 1, 152, 153
411483.3.peg.2085.site.22, 3, 148, 151
411483.3.peg.2085.site.23, 2, 149, 151
411483.3.peg.2085.site.24, 52, 138, 190
411483.3.peg.2085.site.25, 35, 140, 175
411483.3.peg.2085.site.26, 26, 140, 166
411483.3.peg.2085.site.27, 14, 144, 158
411483.3.peg.2085.site.28, 1, 151, 152
411483.3.peg.2085.site.29, 1, 152, 153
411483.3.peg.2085.site.30, 1, 152, 153
411483.3.peg.2085.site.31, 1, 151, 152
411483.3.peg.2085.site.32, 5, 153, 158
411483.3.peg.2085.site.33, 1, 152, 153
411483.3.peg.2085.site.34, 0, 149, 149
411483.3.peg.2085.site.35, 4, 147, 151
411483.3.peg.2085.site.36, 0, 149, 149
411483.3.peg.2085.site.37, 14, 154, 168
411483.3.peg.2085.site.38, 0, 149, 149
411483.3.peg.2085.site.39, 0, 154, 154
411483.3.peg.2085.site.40, 8, 154, 162
411483.3.peg.2085.site.41, 1, 153, 154
411483.3.peg.2085.site.42, 0, 153, 153
411483.3.peg.2085.site.43, 4, 153, 157
411483.3.peg.2085.site.44, 0, 148, 148
411483.3.peg.2085.site.45, 2, 155, 157
411483.3.peg.2085.site.46, 0, 154, 154
411483.3.peg.2085.site.47, 2, 154, 156
411483.3.peg.2085.site.48, 2, 155, 157
411483.3.peg.2084.site.1, 40, 132, 172
411483.3.peg.2084.site.2, 7, 150, 157
411483.3.peg.2084.site.3, 36, 142, 178
411483.3.peg.2084.site.4, 1, 148, 149
411483.3.peg.2084.site.5, 3, 150, 153
411483.3.peg.2084.site.6, 6, 149, 155
411483.3.peg.2084.site.7, 6, 147, 153
411483.3.peg.2084.site.8, 1, 152, 153
411483.3.peg.2084.site.9, 3, 153, 156
411483.3.peg.2084.site.10, 7, 151, 158
411483.3.peg.2084.site.11, 1, 152, 153
411483.3.peg.2084.site.12, 5, 148, 153
411483.3.peg.2084.site.13, 3, 149, 152
411483.3.peg.2084.site.14, 1, 152, 153
411483.3.peg.2084.site.15, 17, 148, 165
411483.3.peg.2084.site.16, 22, 147, 169
411483.3.peg.2084.site.17, 5, 152, 157
411483.3.peg.2084.site.18, 1, 152, 153
411483.3.peg.2084.site.19, 6, 154, 160
411483.3.peg.2084.site.20, 1, 153, 154
411483.3.peg.2084.site.21, 10, 154, 164
411483.3.peg.2084.site.22, 2, 155, 157
411483.3.peg.2084.site.23, 4, 154, 158
411483.3.peg.2084.site.24, 76, 143, 219
411483.3.peg.2084.site.25, 75, 139, 214
411483.3.peg.2084.site.26, 6, 154, 160
411483.3.peg.2084.site.27, 5, 154, 159
411483.3.peg.2084.site.28, 10, 153, 163
411483.3.peg.2084.site.29, 3, 152, 155
411483.3.peg.2084.site.30, 1, 152, 153
411483.3.peg.2084.site.31, 9, 150, 159
411483.3.peg.2084.site.32, 1, 151, 152
411483.3.peg.2084.site.33, 17, 149, 166
411483.3.peg.2084.site.34, 4, 152, 156
411483.3.peg.2084.site.35, 1, 153, 154
411483.3.peg.2084.site.36, 7, 153, 160
411483.3.peg.2084.site.37, 3, 151, 154
411483.3.peg.2084.site.38, 73, 145, 218
411483.3.peg.2084.site.39, 2, 154, 156
411483.3.peg.2084.site.40, 2, 152, 154
411483.3.peg.2084.site.41, 12, 145, 157
411483.3.peg.2084.site.42, 22, 152, 174
411483.3.peg.2084.site.43, 13, 141, 154
411483.3.peg.2084.site.44, 1, 150, 151
411483.3.peg.2084.site.45, 0, 145, 145
411483.3.peg.2084.site.46, 0, 147, 147
411483.3.peg.2084.site.47, 1, 146, 147
411483.3.peg.2084.site.48, 148, 151, 299
411483.3.peg.2084.site.49, 1, 152, 153
411483.3.peg.2084.site.50, 1, 153, 154
411483.3.peg.2084.site.51, 2, 152, 154
411483.3.peg.2084.site.52, 2, 151, 153
411483.3.peg.2084.site.53, 3, 150, 153
411483.3.peg.2084.site.54, 2, 153, 155
411483.3.peg.2084.site.55, 2, 151, 153
411483.3.peg.2084.site.56, 140, 148, 288
411483.3.peg.2084.site.57, 18, 146, 164
411483.3.peg.2084.site.58, 7, 146, 153
411483.3.peg.2084.site.59, 7, 144, 151
411483.3.peg.2084.site.60, 1, 142, 143
411483.3.peg.2084.site.61, 2, 140, 142
411483.3.peg.2084.site.62, 4, 140, 144
411483.3.peg.2084.site.63, 1, 135, 136
411483.3.peg.2084.site.64, 1, 141, 142
411483.3.peg.2084.site.65, 1, 147, 148
411483.3.peg.2084.site.66, 1, 147, 148
411483.3.peg.2084.site.67, 0, 148, 148
411483.3.peg.2084.site.68, 4, 147, 151
411483.3.peg.2084.site.69, 0, 149, 149
411483.3.peg.2084.site.70, 3, 149, 152
411483.3.peg.2084.site.71, 7, 147, 154
411483.3.peg.2084.site.72, 10, 146, 156
411483.3.peg.2084.site.73, 5, 153, 158
411483.3.peg.2084.site.74, 3, 153, 156
411483.3.peg.2084.site.75, 19, 144, 163
411483.3.peg.2084.site.76, 5, 149, 154
411483.3.peg.2084.site.77, 4, 150, 154
411483.3.peg.2084.site.78, 1, 151, 152
411483.3.peg.2084.site.79, 0, 152, 152
411483.3.peg.2084.site.80, 6, 144, 150
411483.3.peg.2084.site.81, 1, 151, 152
411483.3.peg.2089.site.1, 3, 151, 154
411483.3.peg.2089.site.2, 0, 151, 151
411483.3.peg.2089.site.3, 0, 143, 143
411483.3.peg.2089.site.4, 0, 150, 150
411483.3.peg.2089.site.5, 0, 149, 149
411483.3.peg.2089.site.6, 0, 146, 146
411483.3.peg.2089.site.7, 0, 143, 143
411483.3.peg.2089.site.8, 58, 133, 191
411483.3.peg.2089.site.9, 5, 146, 151
411483.3.peg.2089.site.10, 7, 142, 149
411483.3.peg.2089.site.11, 11, 132, 143
411483.3.peg.2089.site.12, 5, 125, 130
411483.3.peg.2089.site.13, 2, 119, 121
411483.3.peg.2089.site.14, 61, 86, 147
411483.3.peg.2089.site.15, 82, 98, 180
411483.3.peg.2089.site.16, 113, 135, 248
411483.3.peg.2089.site.17, 1, 142, 143
411483.3.peg.2089.site.18, 2, 148, 150
411483.3.peg.2089.site.19, 2, 145, 147
411483.3.peg.2089.site.20, 67, 136, 203
411483.3.peg.2089.site.21, 3, 150, 153
411483.3.peg.2089.site.22, 0, 148, 148
411483.3.peg.2089.site.23, 2, 148, 150
411483.3.peg.2089.site.24, 2, 147, 149
411483.3.peg.2089.site.25, 1, 146, 147
411483.3.peg.2089.site.26, 0, 148, 148
411483.3.peg.2089.site.27, 9, 147, 156
411483.3.peg.2089.site.28, 64, 140, 204
411483.3.peg.2089.site.29, 3, 154, 157
411483.3.peg.2089.site.30, 14, 145, 159
411483.3.peg.2089.site.31, 3, 149, 152
411483.3.peg.2089.site.32, 1, 150, 151
411483.3.peg.2089.site.33, 36, 137, 173
411483.3.peg.2089.site.34, 1, 134, 135
411483.3.peg.2089.site.35, 67, 102, 169
411483.3.peg.2089.site.36, 14, 118, 132
411483.3.peg.2089.site.37, 91, 115, 206
411483.3.peg.2089.site.38, 68, 119, 187
411483.3.peg.2089.site.39, 8, 132, 140
411483.3.peg.2089.site.40, 2, 139, 141
411483.3.peg.2089.site.41, 7, 142, 149
411483.3.peg.2089.site.42, 8, 146, 154
411483.3.peg.2089.site.43, 7, 149, 156
411483.3.peg.2089.site.44, 7, 148, 155
411483.3.peg.2089.site.45, 13, 149, 162
411483.3.peg.2089.site.46, 2, 152, 154
411483.3.peg.2089.site.47, 1, 153, 154
411483.3.peg.2089.site.48, 6, 152, 158
411483.3.peg.2089.site.49, 2, 152, 154
411483.3.peg.2089.site.50, 3, 142, 145
411483.3.peg.2089.site.51, 3, 143, 146
411483.3.peg.2089.site.52, 1, 141, 142
411483.3.peg.2089.site.53, 1, 144, 145
411483.3.peg.2089.site.54, 0, 142, 142
411483.3.peg.2089.site.55, 131, 142, 273
411483.3.peg.2089.site.56, 4, 151, 155
411483.3.peg.2089.site.57, 3, 149, 152
411483.3.peg.2089.site.58, 8, 148, 156
411483.3.peg.2089.site.59, 4, 148, 152
411483.3.peg.2089.site.60, 0, 144, 144
411483.3.peg.2089.site.61, 3, 143, 146
411483.3.peg.2089.site.62, 25, 134, 159
411483.3.peg.2089.site.63, 110, 130, 240
411483.3.peg.2089.site.64, 59, 113, 172
411483.3.peg.2089.site.65, 7, 133, 140
411483.3.peg.2089.site.66, 2, 133, 135
411483.3.peg.2089.site.67, 4, 135, 139
411483.3.peg.2089.site.68, 3, 139, 142
411483.3.peg.2089.site.69, 3, 140, 143
411483.3.peg.2089.site.70, 7, 141, 148
411483.3.peg.2089.site.71, 1, 143, 144
411483.3.peg.2089.site.72, 131, 141, 272
411483.3.peg.2089.site.73, 11, 145, 156
411483.3.peg.2089.site.74, 1, 151, 152
411483.3.peg.2089.site.75, 1, 150, 151
411483.3.peg.2089.site.76, 26, 145, 171
411483.3.peg.2089.site.77, 2, 152, 154
411483.3.peg.2089.site.78, 1, 151, 152
411483.3.peg.2088.site.1, 7, 154, 161
411483.3.peg.2088.site.2, 1, 155, 156
411483.3.peg.2088.site.3, 3, 152, 155
411483.3.peg.2088.site.4, 1, 154, 155
411483.3.peg.2088.site.5, 1, 154, 155
411483.3.peg.2088.site.6, 4, 154, 158
411483.3.peg.2088.site.7, 36, 147, 183
411483.3.peg.2088.site.8, 1, 153, 154
411483.3.peg.2088.site.9, 1, 153, 154
411483.3.peg.2088.site.10, 5, 155, 160
411483.3.peg.2088.site.11, 1, 153, 154
411483.3.peg.2088.site.12, 1, 153, 154
411483.3.peg.2088.site.13, 11, 150, 161
411483.3.peg.2088.site.14, 1, 154, 155
411483.3.peg.2088.site.15, 8, 144, 152
411483.3.peg.2088.site.16, 4, 153, 157
411483.3.peg.2088.site.17, 0, 153, 153
411483.3.peg.2088.site.18, 3, 154, 157
411483.3.peg.2088.site.19, 10, 148, 158
411483.3.peg.2088.site.20, 10, 153, 163
411483.3.peg.2088.site.21, 3, 155, 158
411483.3.peg.2088.site.22, 0, 153, 153
411483.3.peg.2088.site.23, 3, 149, 152
411483.3.peg.2088.site.24, 1, 150, 151
411483.3.peg.2088.site.25, 3, 120, 123
411483.3.peg.2088.site.26, 4, 120, 124
411483.3.peg.2088.site.27, 1, 138, 139
411483.3.peg.2088.site.28, 2, 141, 143
411483.3.peg.2088.site.29, 14, 138, 152
411483.3.peg.2088.site.30, 4, 143, 147
411483.3.peg.2088.site.31, 1, 150, 151
411483.3.peg.2088.site.32, 8, 146, 154
411483.3.peg.2088.site.33, 3, 153, 156
411483.3.peg.2088.site.34, 3, 151, 154
411483.3.peg.2088.site.35, 1, 152, 153
411483.3.peg.2088.site.36, 2, 153, 155
411483.3.peg.2088.site.37, 12, 151, 163
411483.3.peg.2088.site.38, 1, 153, 154
411483.3.peg.2088.site.39, 59, 142, 201
411483.3.peg.2088.site.40, 2, 152, 154
411483.3.peg.2088.site.41, 8, 149, 157
411483.3.peg.2088.site.42, 3, 154, 157
411483.3.peg.2088.site.43, 5, 154, 159
411483.3.peg.2088.site.44, 4, 149, 153
411483.3.peg.2088.site.45, 5, 151, 156
411483.3.peg.2088.site.46, 4, 151, 155
411483.3.peg.2088.site.47, 8, 154, 162
411483.3.peg.2088.site.48, 2, 155, 157
411483.3.peg.2088.site.49, 1, 154, 155
411483.3.peg.2088.site.50, 1, 155, 156
411483.3.peg.2088.site.51, 6, 153, 159
411483.3.peg.2088.site.52, 0, 154, 154
411483.3.peg.2088.site.53, 0, 152, 152
411483.3.peg.2088.site.54, 0, 152, 152
411483.3.peg.2088.site.55, 5, 155, 160
411483.3.peg.2088.site.56, 2, 155, 157
411483.3.peg.2088.site.57, 1, 154, 155
411483.3.peg.2088.site.58, 3, 153, 156
411483.3.peg.2088.site.59, 41, 148, 189
411483.3.peg.2088.site.60, 4, 153, 157
411483.3.peg.2088.site.61, 1, 154, 155
411483.3.peg.2088.site.62, 1, 148, 149
411483.3.peg.2088.site.63, 3, 147, 150
411483.3.peg.2088.site.64, 1, 149, 150
411483.3.peg.2088.site.65, 5, 149, 154
411483.3.peg.2088.site.66, 2, 150, 152
411483.3.peg.2088.site.67, 5, 154, 159
411483.3.peg.2088.site.68, 0, 153, 153
411483.3.peg.2088.site.69, 1, 152, 153
411483.3.peg.2088.site.70, 7, 149, 156
411483.3.peg.2088.site.71, 4, 141, 145
411483.3.peg.2088.site.72, 8, 140, 148
411483.3.peg.2088.site.73, 0, 128, 128
411483.3.peg.2088.site.74, 2, 131, 133
411483.3.peg.2088.site.75, 4, 135, 139
411483.3.peg.2088.site.76, 0, 142, 142
411483.3.peg.2409.site.1, 2, 124, 126
411483.3.peg.2409.site.2, 5, 130, 135
411483.3.peg.2409.site.3, 5, 137, 142
411483.3.peg.2409.site.4, 4, 140, 144
411483.3.peg.2409.site.5, 51, 141, 192
411483.3.peg.2409.site.6, 17, 150, 167
411483.3.peg.2409.site.7, 4, 148, 152
411483.3.peg.2409.site.8, 1, 151, 152
411483.3.peg.2409.site.9, 1, 151, 152
411483.3.peg.2409.site.10, 1, 152, 153
411483.3.peg.2409.site.11, 3, 151, 154
411483.3.peg.2409.site.12, 0, 153, 153
411483.3.peg.2409.site.13, 2, 150, 152
411483.3.peg.2409.site.14, 2, 151, 153
411483.3.peg.2409.site.15, 9, 149, 158
411483.3.peg.2409.site.16, 0, 149, 149
411483.3.peg.2409.site.17, 0, 149, 149
411483.3.peg.2409.site.18, 1, 150, 151
411483.3.peg.2409.site.19, 12, 154, 166
411483.3.peg.2409.site.20, 4, 155, 159
411483.3.peg.2409.site.21, 7, 153, 160
411483.3.peg.2409.site.22, 13, 148, 161
411483.3.peg.2409.site.23, 20, 152, 172
411483.3.peg.2409.site.24, 0, 154, 154
411483.3.peg.2409.site.25, 3, 154, 157
411483.3.peg.2409.site.26, 155, 155, 310
411483.3.peg.2409.site.27, 2, 154, 156
411483.3.peg.2409.site.28, 0, 154, 154
411483.3.peg.2409.site.29, 1, 154, 155
411483.3.peg.2409.site.30, 18, 152, 170
411483.3.peg.2409.site.31, 0, 153, 153
411483.3.peg.2409.site.32, 2, 153, 155
411483.3.peg.2409.site.33, 1, 153, 154
411483.3.peg.2409.site.34, 1, 151, 152
411483.3.peg.2409.site.35, 30, 141, 171
411483.3.peg.2409.site.36, 14, 148, 162
411483.3.peg.2409.site.37, 1, 152, 153
411483.3.peg.2409.site.38, 0, 150, 150
411483.3.peg.2409.site.39, 1, 152, 153
411483.3.peg.2409.site.40, 5, 149, 154
411483.3.peg.2409.site.41, 0, 150, 150
411483.3.peg.2409.site.42, 2, 149, 151
411483.3.peg.2409.site.43, 0, 152, 152
411483.3.peg.2409.site.44, 10, 146, 156
411483.3.peg.2409.site.45, 15, 150, 165
411483.3.peg.2409.site.46, 3, 153, 156
411483.3.peg.2409.site.47, 5, 152, 157
411483.3.peg.2409.site.48, 8, 153, 161
411483.3.peg.2409.site.49, 1, 154, 155
411483.3.peg.2409.site.50, 11, 150, 161
411483.3.peg.2409.site.51, 16, 151, 167
411483.3.peg.2409.site.52, 62, 145, 207
411483.3.peg.2409.site.53, 0, 152, 152
411483.3.peg.2409.site.54, 15, 152, 167
411483.3.peg.2409.site.55, 87, 144, 231
411483.3.peg.2409.site.56, 0, 153, 153
411483.3.peg.2409.site.57, 1, 154, 155
411483.3.peg.2409.site.58, 4, 153, 157
411483.3.peg.2409.site.59, 2, 154, 156
411483.3.peg.2409.site.60, 4, 151, 155
411483.3.peg.2409.site.61, 144, 153, 297
411483.3.peg.2409.site.62, 1, 152, 153
411483.3.peg.2409.site.63, 0, 154, 154
411483.3.peg.2409.site.64, 2, 153, 155
411483.3.peg.2409.site.65, 1, 154, 155
411483.3.peg.2409.site.66, 3, 150, 153
411483.3.peg.2409.site.67, 2, 152, 154
411483.3.peg.2409.site.68, 4, 151, 155
411483.3.peg.2408.site.1, 1, 155, 156
411483.3.peg.2408.site.2, 8, 155, 163
411483.3.peg.2408.site.3, 1, 155, 156
411483.3.peg.2408.site.4, 1, 154, 155
411483.3.peg.2408.site.5, 0, 154, 154
411483.3.peg.2408.site.6, 1, 155, 156
411483.3.peg.2408.site.7, 3, 152, 155
411483.3.peg.2408.site.8, 1, 151, 152
411483.3.peg.2408.site.9, 19, 146, 165
411483.3.peg.2408.site.10, 2, 154, 156
411483.3.peg.2408.site.11, 1, 155, 156
411483.3.peg.2408.site.12, 3, 154, 157
411483.3.peg.2408.site.13, 16, 150, 166
411483.3.peg.2408.site.14, 10, 153, 163
411483.3.peg.2408.site.15, 1, 153, 154
411483.3.peg.2408.site.16, 1, 154, 155
411483.3.peg.2408.site.17, 84, 141, 225
411483.3.peg.2408.site.18, 4, 146, 150
411483.3.peg.2408.site.19, 4, 152, 156
411483.3.peg.2408.site.20, 1, 153, 154
411483.3.peg.2408.site.21, 0, 152, 152
411483.3.peg.2408.site.22, 0, 151, 151
411483.3.peg.2408.site.23, 38, 136, 174
411483.3.peg.2408.site.24, 6, 152, 158
411483.3.peg.2408.site.25, 1, 150, 151
411483.3.peg.2408.site.26, 3, 150, 153
411483.3.peg.2408.site.27, 140, 146, 286
411483.3.peg.2408.site.28, 0, 148, 148
411483.3.peg.2408.site.29, 7, 144, 151
411483.3.peg.2408.site.30, 6, 142, 148
411483.3.peg.2408.site.31, 72, 140, 212
411483.3.peg.2408.site.32, 6, 140, 146
411483.3.peg.2408.site.33, 1, 111, 112
411483.3.peg.2408.site.34, 1, 103, 104
411483.3.peg.2408.site.35, 11, 103, 114
411483.3.peg.2408.site.36, 1, 49, 50
411483.3.peg.2408.site.37, 0, 29, 29
411483.3.peg.2408.site.38, 14, 22, 36
411483.3.peg.2408.site.39, 1, 25, 26
411483.3.peg.2408.site.40, 1, 20, 21
411483.3.peg.2408.site.41, 7, 19, 26
411483.3.peg.2408.site.42, 1, 25, 26
411483.3.peg.2408.site.43, 1, 36, 37
411483.3.peg.2408.site.44, 4, 58, 62
411483.3.peg.2408.site.45, 15, 75, 90
411483.3.peg.2408.site.46, 18, 84, 102
411483.3.peg.2408.site.47, 1, 102, 103
411483.3.peg.2408.site.48, 4, 100, 104
411483.3.peg.2408.site.49, 1, 129, 130
411483.3.peg.2408.site.50, 129, 134, 263
411483.3.peg.2408.site.51, 2, 144, 146
411483.3.peg.2408.site.52, 1, 147, 148
411483.3.peg.2408.site.53, 1, 147, 148
411483.3.peg.2408.site.54, 7, 145, 152
411483.3.peg.2408.site.55, 7, 142, 149
411483.3.peg.2408.site.56, 1, 133, 134
411483.3.peg.2408.site.57, 0, 131, 131
411483.3.peg.2408.site.58, 5, 126, 131
411483.3.peg.2408.site.59, 76, 122, 198
411483.3.peg.2408.site.60, 2, 142, 144
411483.3.peg.2408.site.61, 4, 97, 101
411483.3.peg.2408.site.62, 1, 87, 88
411483.3.peg.2408.site.63, 1, 87, 88
411483.3.peg.2408.site.64, 25, 73, 98
411483.3.peg.2408.site.65, 44, 77, 121
411483.3.peg.2408.site.66, 0, 92, 92
411483.3.peg.2408.site.67, 9, 97, 106
411483.3.peg.2408.site.68, 0, 109, 109
411483.3.peg.2408.site.69, 20, 101, 121
411483.3.peg.2408.site.70, 2, 116, 118
411483.3.peg.2408.site.71, 3, 128, 131
411483.3.peg.2408.site.72, 3, 121, 124
411483.3.peg.2408.site.73, 8, 132, 140
411483.3.peg.2408.site.74, 22, 118, 140
411483.3.peg.2407.site.1, 0, 153, 153
411483.3.peg.2407.site.2, 2, 152, 154
411483.3.peg.2407.site.3, 1, 154, 155
411483.3.peg.2407.site.4, 7, 151, 158
411483.3.peg.2407.site.5, 1, 153, 154
411483.3.peg.2407.site.6, 2, 151, 153
411483.3.peg.2407.site.7, 58, 142, 200
411483.3.peg.2407.site.8, 3, 149, 152
411483.3.peg.2407.site.9, 0, 148, 148
411483.3.peg.2407.site.10, 5, 150, 155
411483.3.peg.2407.site.11, 46, 145, 191
411483.3.peg.2407.site.12, 3, 154, 157
411483.3.peg.2407.site.13, 3, 153, 156
411483.3.peg.2407.site.14, 3, 152, 155
411483.3.peg.2407.site.15, 5, 151, 156
411483.3.peg.2407.site.16, 0, 146, 146
411483.3.peg.2407.site.17, 30, 138, 168
411483.3.peg.2407.site.18, 106, 138, 244
411483.3.peg.2407.site.19, 3, 139, 142
411483.3.peg.2407.site.20, 2, 139, 141
411483.3.peg.2407.site.21, 11, 137, 148
411483.3.peg.2407.site.22, 137, 138, 275
411483.3.peg.2407.site.23, 4, 141, 145
411483.3.peg.2407.site.24, 2, 139, 141
411483.3.peg.2407.site.25, 2, 134, 136
411483.3.peg.2407.site.26, 11, 130, 141
411483.3.peg.2407.site.27, 42, 107, 149
411483.3.peg.2407.site.28, 43, 100, 143
411483.3.peg.2407.site.29, 3, 107, 110
411483.3.peg.2407.site.30, 1, 105, 106
411483.3.peg.2407.site.31, 1, 102, 103
411483.3.peg.2407.site.32, 15, 78, 93
411483.3.peg.2407.site.33, 3, 130, 133
411483.3.peg.2407.site.34, 7, 148, 155
411483.3.peg.2407.site.35, 1, 148, 149
411483.3.peg.2407.site.36, 5, 148, 153
411483.3.peg.2407.site.37, 2, 146, 148
411483.3.peg.2407.site.38, 2, 149, 151
411483.3.peg.2407.site.39, 11, 141, 152
411483.3.peg.2407.site.40, 1, 148, 149
411483.3.peg.2405.site.1, 5, 147, 152
411483.3.peg.2405.site.2, 16, 150, 166
411483.3.peg.2405.site.3, 8, 150, 158
411483.3.peg.2405.site.4, 1, 140, 141
411483.3.peg.2405.site.5, 10, 115, 125
411483.3.peg.2405.site.6, 3, 122, 125
411483.3.peg.2405.site.7, 14, 126, 140
411483.3.peg.2405.site.8, 0, 125, 125
411483.3.peg.2405.site.9, 11, 133, 144
411483.3.peg.2405.site.10, 10, 139, 149
411483.3.peg.2405.site.11, 15, 136, 151
411483.3.peg.2405.site.12, 3, 137, 140
411483.3.peg.2405.site.13, 11, 137, 148
411483.3.peg.2405.site.14, 5, 142, 147
411483.3.peg.2405.site.15, 2, 149, 151
411483.3.peg.2405.site.16, 3, 149, 152
411483.3.peg.2405.site.17, 0, 152, 152
411483.3.peg.2405.site.18, 3, 149, 152
411483.3.peg.2405.site.19, 51, 138, 189
411483.3.peg.2405.site.20, 1, 151, 152
411483.3.peg.2405.site.21, 2, 148, 150
411483.3.peg.2405.site.22, 4, 149, 153
411483.3.peg.2405.site.23, 0, 150, 150
411483.3.peg.2405.site.24, 7, 148, 155
411483.3.peg.2405.site.25, 3, 144, 147
411483.3.peg.2405.site.26, 0, 145, 145
411483.3.peg.2405.site.27, 2, 150, 152
411483.3.peg.2405.site.28, 2, 152, 154
411483.3.peg.2405.site.29, 11, 151, 162
411483.3.peg.2405.site.30, 8, 149, 157
411483.3.peg.2405.site.31, 0, 151, 151
411483.3.peg.2405.site.32, 61, 144, 205
411483.3.peg.2405.site.33, 0, 152, 152
411483.3.peg.2405.site.34, 4, 155, 159
411483.3.peg.2405.site.35, 2, 154, 156
411483.3.peg.2405.site.36, 2, 154, 156
411483.3.peg.2405.site.37, 2, 153, 155
411483.3.peg.2405.site.38, 12, 154, 166
411483.3.peg.2405.site.39, 29, 152, 181
411483.3.peg.2405.site.40, 3, 152, 155
411483.3.peg.2405.site.41, 0, 155, 155
411483.3.peg.2405.site.42, 2, 154, 156
411483.3.peg.2405.site.43, 3, 154, 157
411483.3.peg.2405.site.44, 3, 154, 157
411483.3.peg.2405.site.45, 67, 146, 213
411483.3.peg.2405.site.46, 2, 152, 154
411483.3.peg.2405.site.47, 2, 152, 154
411483.3.peg.2405.site.48, 2, 151, 153
411483.3.peg.2405.site.49, 1, 152, 153
411483.3.peg.2405.site.50, 1, 152, 153
411483.3.peg.2405.site.51, 57, 144, 201
411483.3.peg.2405.site.52, 61, 145, 206
411483.3.peg.2405.site.53, 0, 153, 153
411483.3.peg.2405.site.54, 7, 151, 158
411483.3.peg.2405.site.55, 46, 139, 185
411483.3.peg.2405.site.56, 3, 154, 157
411483.3.peg.2405.site.57, 5, 151, 156
411483.3.peg.2405.site.58, 16, 151, 167
411483.3.peg.2405.site.59, 7, 153, 160
411483.3.peg.2405.site.60, 0, 153, 153
411483.3.peg.2405.site.61, 0, 153, 153
411483.3.peg.2405.site.62, 0, 154, 154
411483.3.peg.2405.site.63, 2, 154, 156
411483.3.peg.2405.site.64, 11, 151, 162
411483.3.peg.2405.site.65, 60, 148, 208
411483.3.peg.2405.site.66, 106, 149, 255
411483.3.peg.2405.site.67, 2, 151, 153
411483.3.peg.2405.site.68, 1, 153, 154
411483.3.peg.2405.site.69, 3, 150, 153
411483.3.peg.2405.site.70, 1, 151, 152
411483.3.peg.2405.site.71, 9, 132, 141
411483.3.peg.2404.site.1, 2, 122, 124
411483.3.peg.2404.site.2, 2, 132, 134
411483.3.peg.2404.site.3, 0, 129, 129
411483.3.peg.2404.site.4, 2, 123, 125
411483.3.peg.2404.site.5, 1, 137, 138
411483.3.peg.2404.site.6, 0, 134, 134
411483.3.peg.2404.site.7, 13, 144, 157
411483.3.peg.2404.site.8, 14, 148, 162
411483.3.peg.2404.site.9, 0, 152, 152
411483.3.peg.2404.site.10, 5, 149, 154
411483.3.peg.2404.site.11, 18, 151, 169
411483.3.peg.2404.site.12, 15, 148, 163
411483.3.peg.2404.site.13, 1, 153, 154
411483.3.peg.2404.site.14, 0, 152, 152
411483.3.peg.2404.site.15, 7, 149, 156
411483.3.peg.2404.site.16, 3, 151, 154
411483.3.peg.2404.site.17, 1, 150, 151
411483.3.peg.2404.site.18, 1, 154, 155
411483.3.peg.2404.site.19, 65, 141, 206
411483.3.peg.2404.site.20, 36, 147, 183
411483.3.peg.2404.site.21, 141, 151, 292
411483.3.peg.2404.site.22, 9, 151, 160
411483.3.peg.2404.site.23, 10, 149, 159
411483.3.peg.2404.site.24, 1, 147, 148
411483.3.peg.2404.site.25, 32, 139, 171
411483.3.peg.2404.site.26, 8, 137, 145
411483.3.peg.2404.site.27, 2, 155, 157
411483.3.peg.2404.site.28, 12, 155, 167
411483.3.peg.2404.site.29, 1, 155, 156
411483.3.peg.2404.site.30, 4, 154, 158
411483.3.peg.2404.site.31, 6, 153, 159
411483.3.peg.2404.site.32, 3, 154, 157
411483.3.peg.2404.site.33, 36, 143, 179
411483.3.peg.2404.site.34, 1, 152, 153
411483.3.peg.2404.site.35, 11, 147, 158
411483.3.peg.2404.site.36, 137, 149, 286
411483.3.peg.2404.site.37, 1, 154, 155
411483.3.peg.2404.site.38, 1, 154, 155
411483.3.peg.2404.site.39, 4, 154, 158
411483.3.peg.2403.site.1, 1, 144, 145
411483.3.peg.2403.site.2, 1, 139, 140
411483.3.peg.2403.site.3, 6, 145, 151
411483.3.peg.2403.site.4, 4, 148, 152
411483.3.peg.2403.site.5, 23, 150, 173
411483.3.peg.2403.site.6, 12, 142, 154
411483.3.peg.2403.site.7, 1, 153, 154
411483.3.peg.2403.site.8, 3, 154, 157
411483.3.peg.2403.site.9, 0, 152, 152
411483.3.peg.2403.site.10, 0, 153, 153
411483.3.peg.2403.site.11, 10, 152, 162
411483.3.peg.2403.site.12, 9, 151, 160
411483.3.peg.2403.site.13, 0, 154, 154
411483.3.peg.2403.site.14, 33, 148, 181
411483.3.peg.2403.site.15, 10, 148, 158
411483.3.peg.2403.site.16, 16, 147, 163
411483.3.peg.2403.site.17, 6, 155, 161
411483.3.peg.2403.site.18, 0, 154, 154
411483.3.peg.2403.site.19, 9, 149, 158
411483.3.peg.2403.site.20, 1, 154, 155
411483.3.peg.2403.site.21, 153, 153, 306
411483.3.peg.2403.site.22, 2, 151, 153
411483.3.peg.2403.site.23, 17, 139, 156
411483.3.peg.2403.site.24, 15, 139, 154
411483.3.peg.2403.site.25, 7, 138, 145
411483.3.peg.2403.site.26, 4, 125, 129
411483.3.peg.2403.site.27, 114, 132, 246
411483.3.peg.2403.site.28, 2, 130, 132
411483.3.peg.2403.site.29, 0, 132, 132
411483.3.peg.2403.site.30, 8, 132, 140
411483.3.peg.2403.site.31, 14, 127, 141
411483.3.peg.2403.site.32, 34, 135, 169
411483.3.peg.2403.site.33, 3, 147, 150
411483.3.peg.2403.site.34, 0, 147, 147
411483.3.peg.2403.site.35, 6, 141, 147
411483.3.peg.2403.site.36, 2, 149, 151
411483.3.peg.2403.site.37, 7, 146, 153
411483.3.peg.2403.site.38, 4, 147, 151
411483.3.peg.2403.site.39, 2, 145, 147
411483.3.peg.2403.site.40, 6, 146, 152
411483.3.peg.2403.site.41, 1, 141, 142
411483.3.peg.2403.site.42, 1, 137, 138
411483.3.peg.2403.site.43, 43, 129, 172
411483.3.peg.2403.site.44, 105, 126, 231
411483.3.peg.2403.site.45, 3, 133, 136
411483.3.peg.2403.site.46, 49, 139, 188
411483.3.peg.2403.site.47, 8, 148, 156
411483.3.peg.2403.site.48, 11, 146, 157
411483.3.peg.2403.site.49, 3, 149, 152
411483.3.peg.2403.site.50, 16, 150, 166
411483.3.peg.2403.site.51, 0, 143, 143
411483.3.peg.2403.site.52, 1, 150, 151
411483.3.peg.2403.site.53, 3, 141, 144
411483.3.peg.2403.site.54, 2, 147, 149
411483.3.peg.2403.site.55, 2, 145, 147
411483.3.peg.2403.site.56, 12, 148, 160
411483.3.peg.2403.site.57, 3, 150, 153
411483.3.peg.2403.site.58, 2, 151, 153
411483.3.peg.2403.site.59, 4, 153, 157
411483.3.peg.2403.site.60, 0, 145, 145
411483.3.peg.2403.site.61, 0, 152, 152
411483.3.peg.2403.site.62, 1, 152, 153
411483.3.peg.2403.site.63, 1, 149, 150
411483.3.peg.2403.site.64, 7, 150, 157
411483.3.peg.2403.site.65, 7, 146, 153
411483.3.peg.2403.site.66, 3, 146, 149
411483.3.peg.2403.site.67, 2, 145, 147
411483.3.peg.2403.site.68, 3, 147, 150
411483.3.peg.2403.site.69, 1, 144, 145
411483.3.peg.2403.site.70, 3, 145, 148
411483.3.peg.2403.site.71, 2, 149, 151
411483.3.peg.2403.site.72, 5, 147, 152
411483.3.peg.2403.site.73, 0, 149, 149
411483.3.peg.2403.site.74, 75, 136, 211
411483.3.peg.2403.site.75, 16, 147, 163
411483.3.peg.2403.site.76, 9, 147, 156
411483.3.peg.2403.site.77, 1, 143, 144
411483.3.peg.2403.site.78, 1, 139, 140
411483.3.peg.2403.site.79, 0, 127, 127
411483.3.peg.2403.site.80, 0, 124, 124
411483.3.peg.2403.site.81, 8, 103, 111
411483.3.peg.2403.site.82, 44, 104, 148
411483.3.peg.2403.site.83, 0, 117, 117
411483.3.peg.2403.site.84, 0, 108, 108
411483.3.peg.2403.site.85, 2, 117, 119
411483.3.peg.2403.site.86, 24, 103, 127
411483.3.peg.2403.site.87, 1, 114, 115
411483.3.peg.2403.site.88, 27, 91, 118
411483.3.peg.2403.site.89, 5, 102, 107
411483.3.peg.2403.site.90, 6, 95, 101
411483.3.peg.2403.site.91, 4, 77, 81
411483.3.peg.2403.site.92, 9, 86, 95
411483.3.peg.2403.site.93, 1, 76, 77
411483.3.peg.2403.site.94, 6, 75, 81
411483.3.peg.2403.site.95, 2, 63, 65
411483.3.peg.2403.site.96, 0, 45, 45
411483.3.peg.2402.site.1, 1, 155, 156
411483.3.peg.2402.site.2, 1, 152, 153
411483.3.peg.2402.site.3, 4, 151, 155
411483.3.peg.2402.site.4, 1, 154, 155
411483.3.peg.2402.site.5, 5, 151, 156
411483.3.peg.2402.site.6, 0, 151, 151
411483.3.peg.2402.site.7, 5, 151, 156
411483.3.peg.2402.site.8, 33, 140, 173
411483.3.peg.2402.site.9, 0, 151, 151
411483.3.peg.2402.site.10, 58, 143, 201
411483.3.peg.2402.site.11, 2, 151, 153
411483.3.peg.2402.site.12, 0, 139, 139
411483.3.peg.2402.site.13, 13, 134, 147
411483.3.peg.2402.site.14, 2, 135, 137
411483.3.peg.2402.site.15, 118, 133, 251
411483.3.peg.2402.site.16, 35, 126, 161
411483.3.peg.2402.site.17, 0, 136, 136
411483.3.peg.2402.site.18, 2, 136, 138
411483.3.peg.2402.site.19, 17, 133, 150
411483.3.peg.2402.site.20, 2, 139, 141
411483.3.peg.2402.site.21, 5, 145, 150
411483.3.peg.2402.site.22, 0, 146, 146
411483.3.peg.2402.site.23, 5, 147, 152
411483.3.peg.2402.site.24, 2, 149, 151
411483.3.peg.2402.site.25, 3, 145, 148
411483.3.peg.2402.site.26, 1, 150, 151
411483.3.peg.2402.site.27, 107, 126, 233
411483.3.peg.2402.site.28, 4, 143, 147
411483.3.peg.2402.site.29, 1, 142, 143
411483.3.peg.2402.site.30, 3, 145, 148
411483.3.peg.2402.site.31, 147, 150, 297
411483.3.peg.2402.site.32, 6, 151, 157
411483.3.peg.2402.site.33, 3, 153, 156
411483.3.peg.2402.site.34, 19, 148, 167
411483.3.peg.2402.site.35, 7, 151, 158
411483.3.peg.2402.site.36, 2, 151, 153
411483.3.peg.2402.site.37, 3, 152, 155
411483.3.peg.2402.site.38, 2, 149, 151
411483.3.peg.2402.site.39, 59, 131, 190
411483.3.peg.2402.site.40, 5, 95, 100
411483.3.peg.2402.site.41, 4, 86, 90
411483.3.peg.2402.site.42, 2, 64, 66
411483.3.peg.2402.site.43, 2, 59, 61
411483.3.peg.2402.site.44, 10, 30, 40
411483.3.peg.2402.site.45, 34, 34, 68
411483.3.peg.2402.site.46, 23, 31, 54
411483.3.peg.2402.site.47, 2, 40, 42
411483.3.peg.2402.site.48, 1, 54, 55
411483.3.peg.2402.site.49, 10, 52, 62
411483.3.peg.2402.site.50, 9, 71, 80
411483.3.peg.2402.site.51, 27, 80, 107
411483.3.peg.2402.site.52, 3, 100, 103
411483.3.peg.2402.site.53, 14, 112, 126
411483.3.peg.2402.site.54, 1, 126, 127
411483.3.peg.2402.site.55, 1, 139, 140
411483.3.peg.2402.site.56, 4, 144, 148
411483.3.peg.2402.site.57, 70, 134, 204
411483.3.peg.2402.site.58, 12, 141, 153
411483.3.peg.2402.site.59, 0, 149, 149
411483.3.peg.2402.site.60, 141, 148, 289
411483.3.peg.2402.site.61, 46, 145, 191
411483.3.peg.2402.site.62, 0, 145, 145
411483.3.peg.2402.site.63, 15, 145, 160
411483.3.peg.2402.site.64, 9, 148, 157
411483.3.peg.2402.site.65, 38, 137, 175
411483.3.peg.2402.site.66, 1, 149, 150
411483.3.peg.2402.site.67, 14, 150, 164
411483.3.peg.2402.site.68, 3, 152, 155
411483.3.peg.2402.site.69, 6, 151, 157
411483.3.peg.2402.site.70, 71, 142, 213
411483.3.peg.2402.site.71, 0, 153, 153
411483.3.peg.2402.site.72, 9, 152, 161
411483.3.peg.2402.site.73, 2, 149, 151
411483.3.peg.2402.site.74, 113, 139, 252
411483.3.peg.2402.site.75, 16, 139, 155
411483.3.peg.2402.site.76, 39, 140, 179
411483.3.peg.2402.site.77, 123, 142, 265
411483.3.peg.2402.site.78, 150, 150, 300
411483.3.peg.2402.site.79, 13, 152, 165
411483.3.peg.2402.site.80, 12, 150, 162
411483.3.peg.2402.site.81, 1, 154, 155
411483.3.peg.2402.site.82, 0, 154, 154
411483.3.peg.2401.site.1, 2, 150, 152
411483.3.peg.2401.site.2, 1, 154, 155
411483.3.peg.2401.site.3, 4, 155, 159
411483.3.peg.2401.site.4, 86, 149, 235
411483.3.peg.2401.site.5, 1, 153, 154
411483.3.peg.2401.site.6, 9, 152, 161
411483.3.peg.2401.site.7, 2, 154, 156
411483.3.peg.2401.site.8, 12, 148, 160
411483.3.peg.2401.site.9, 2, 153, 155
411483.3.peg.2401.site.10, 0, 150, 150
411483.3.peg.2401.site.11, 1, 151, 152
411483.3.peg.2401.site.12, 0, 151, 151
411483.3.peg.2401.site.13, 26, 141, 167
411483.3.peg.2401.site.14, 2, 154, 156
411483.3.peg.2401.site.15, 0, 153, 153
411483.3.peg.2401.site.16, 3, 155, 158
411483.3.peg.2401.site.17, 0, 151, 151
411483.3.peg.2401.site.18, 1, 155, 156
411483.3.peg.2401.site.19, 1, 155, 156
411483.3.peg.2401.site.20, 1, 151, 152
411483.3.peg.2401.site.21, 23, 132, 155
411483.3.peg.2401.site.22, 0, 55, 55
411483.3.peg.2401.site.23, 4, 28, 32
411483.3.peg.2392.site.1, 3, 155, 158
411483.3.peg.2392.site.2, 1, 154, 155
411483.3.peg.2392.site.3, 1, 151, 152
411483.3.peg.2392.site.4, 2, 150, 152
411483.3.peg.2392.site.5, 81, 134, 215
411483.3.peg.2392.site.6, 0, 148, 148
411483.3.peg.2392.site.7, 4, 143, 147
411483.3.peg.2392.site.8, 2, 147, 149
411483.3.peg.2392.site.9, 13, 138, 151
411483.3.peg.2392.site.10, 140, 140, 280
411483.3.peg.2392.site.11, 4, 141, 145
411483.3.peg.2392.site.12, 10, 110, 120
411483.3.peg.2392.site.13, 1, 114, 115
411483.3.peg.2392.site.14, 3, 114, 117
411483.3.peg.2392.site.15, 1, 108, 109
411483.3.peg.2392.site.16, 102, 103, 205
411483.3.peg.2392.site.17, 6, 107, 113
411483.3.peg.2392.site.18, 3, 112, 115
411483.3.peg.2392.site.19, 0, 113, 113
411483.3.peg.2392.site.20, 7, 123, 130
411483.3.peg.2392.site.21, 1, 132, 133
411483.3.peg.2392.site.22, 3, 130, 133
411483.3.peg.2392.site.23, 91, 127, 218
411483.3.peg.2392.site.24, 5, 133, 138
411483.3.peg.2392.site.25, 6, 129, 135
411483.3.peg.2392.site.26, 3, 140, 143
411483.3.peg.2392.site.27, 1, 138, 139
411483.3.peg.2392.site.28, 7, 141, 148
411483.3.peg.2392.site.29, 2, 146, 148
411483.3.peg.2392.site.30, 3, 145, 148
411483.3.peg.2392.site.31, 1, 145, 146
411483.3.peg.2392.site.32, 1, 143, 144
411483.3.peg.2392.site.33, 2, 147, 149
411483.3.peg.2392.site.34, 38, 134, 172
411483.3.peg.2392.site.35, 2, 131, 133
411483.3.peg.2392.site.36, 0, 133, 133
411483.3.peg.2392.site.37, 13, 130, 143
411483.3.peg.2392.site.38, 2, 131, 133
411483.3.peg.2392.site.39, 3, 130, 133
411483.3.peg.2392.site.40, 2, 133, 135
411483.3.peg.2392.site.41, 2, 130, 132
411483.3.peg.2392.site.42, 89, 118, 207
411483.3.peg.2392.site.43, 2, 118, 120
411483.3.peg.2392.site.44, 1, 132, 133
411483.3.peg.2392.site.45, 93, 120, 213
411483.3.peg.2392.site.46, 3, 123, 126
411483.3.peg.2392.site.47, 92, 92, 184
411483.3.peg.2392.site.48, 1, 119, 120
411483.3.peg.2392.site.49, 2, 119, 121
411483.3.peg.2392.site.50, 17, 99, 116
411483.3.peg.2392.site.51, 2, 101, 103
411483.3.peg.2392.site.52, 0, 97, 97
411483.3.peg.2392.site.53, 24, 90, 114
411483.3.peg.2392.site.54, 5, 92, 97
411483.3.peg.2392.site.55, 2, 85, 87
411483.3.peg.2392.site.56, 10, 92, 102
411483.3.peg.2392.site.57, 6, 91, 97
411483.3.peg.2392.site.58, 1, 110, 111
411483.3.peg.2392.site.59, 5, 126, 131
411483.3.peg.2392.site.60, 10, 132, 142
411483.3.peg.2392.site.61, 127, 131, 258
411483.3.peg.2392.site.62, 131, 140, 271
411483.3.peg.2392.site.63, 0, 142, 142
411483.3.peg.2392.site.64, 3, 149, 152
411483.3.peg.2392.site.65, 3, 147, 150
411483.3.peg.2392.site.66, 30, 141, 171
411483.3.peg.2392.site.67, 19, 153, 172
411483.3.peg.2392.site.68, 67, 140, 207
411483.3.peg.2392.site.69, 2, 150, 152
411483.3.peg.2392.site.70, 3, 151, 154
411483.3.peg.2392.site.71, 1, 151, 152
411483.3.peg.2392.site.72, 4, 149, 153
411483.3.peg.2392.site.73, 8, 148, 156
411483.3.peg.2392.site.74, 151, 151, 302
411483.3.peg.2392.site.75, 4, 147, 151
411483.3.peg.2392.site.76, 3, 148, 151
411483.3.peg.2392.site.77, 16, 145, 161
411483.3.peg.2392.site.78, 3, 148, 151
411483.3.peg.2392.site.79, 2, 149, 151
411483.3.peg.2392.site.80, 8, 151, 159
411483.3.peg.2392.site.81, 11, 146, 157
411483.3.peg.2392.site.82, 1, 149, 150
411483.3.peg.2392.site.83, 107, 138, 245
411483.3.peg.2392.site.84, 137, 140, 277
411483.3.peg.2392.site.85, 2, 145, 147
411483.3.peg.2392.site.86, 1, 143, 144
411483.3.peg.2392.site.87, 1, 145, 146
411483.3.peg.2392.site.88, 16, 141, 157
411483.3.peg.2392.site.89, 1, 144, 145
411483.3.peg.2392.site.90, 25, 142, 167
411483.3.peg.2392.site.91, 4, 145, 149
411483.3.peg.2392.site.92, 2, 149, 151
411483.3.peg.2392.site.93, 2, 145, 147
411483.3.peg.2392.site.94, 2, 150, 152
411483.3.peg.2392.site.95, 1, 152, 153
411483.3.peg.2392.site.96, 18, 144, 162
411483.3.peg.2392.site.97, 8, 145, 153
411483.3.peg.2392.site.98, 4, 152, 156
411483.3.peg.2392.site.99, 6, 144, 150
411483.3.peg.2392.site.100, 5, 151, 156
411483.3.peg.2392.site.101, 54, 138, 192
411483.3.peg.2392.site.102, 4, 145, 149
411483.3.peg.2392.site.103, 2, 147, 149
411483.3.peg.2392.site.104, 5, 145, 150
411483.3.peg.2392.site.105, 91, 134, 225
411483.3.peg.2392.site.106, 1, 146, 147
411483.3.peg.2392.site.107, 52, 138, 190
411483.3.peg.2392.site.108, 33, 138, 171
411483.3.peg.2392.site.109, 1, 152, 153
411483.3.peg.2392.site.110, 0, 150, 150
411483.3.peg.2392.site.111, 19, 149, 168
411483.3.peg.2392.site.112, 4, 146, 150
411483.3.peg.2392.site.113, 6, 149, 155
411483.3.peg.2392.site.114, 4, 145, 149
411483.3.peg.2392.site.115, 2, 143, 145
411483.3.peg.2392.site.116, 52, 144, 196
411483.3.peg.2392.site.117, 2, 150, 152
411483.3.peg.2392.site.118, 3, 152, 155
411483.3.peg.2392.site.119, 2, 149, 151
411483.3.peg.2392.site.120, 20, 148, 168
411483.3.peg.2392.site.121, 2, 150, 152
411483.3.peg.2392.site.122, 2, 148, 150
411483.3.peg.2392.site.123, 1, 147, 148
411483.3.peg.2392.site.124, 9, 141, 150
411483.3.peg.2392.site.125, 1, 147, 148
411483.3.peg.2392.site.126, 1, 150, 151
411483.3.peg.2392.site.127, 1, 145, 146
411483.3.peg.2392.site.128, 26, 140, 166
411483.3.peg.2392.site.129, 19, 137, 156
411483.3.peg.2392.site.130, 0, 139, 139
411483.3.peg.2392.site.131, 43, 128, 171
411483.3.peg.2392.site.132, 1, 135, 136
411483.3.peg.2392.site.133, 5, 135, 140
411483.3.peg.2392.site.134, 6, 125, 131
411483.3.peg.2392.site.135, 1, 137, 138
411483.3.peg.2392.site.136, 19, 129, 148
411483.3.peg.2392.site.137, 4, 145, 149
411483.3.peg.2392.site.138, 12, 132, 144
411483.3.peg.2392.site.139, 19, 146, 165
411483.3.peg.2392.site.140, 0, 150, 150
411483.3.peg.2392.site.141, 151, 151, 302
411483.3.peg.2392.site.142, 1, 152, 153
411483.3.peg.2392.site.143, 5, 152, 157
411483.3.peg.2392.site.144, 34, 147, 181
411483.3.peg.2392.site.145, 11, 155, 166
411483.3.peg.2392.site.146, 2, 153, 155
411483.3.peg.2392.site.147, 1, 155, 156
411483.3.peg.2392.site.148, 125, 149, 274
411483.3.peg.2392.site.149, 22, 147, 169
411483.3.peg.2392.site.150, 2, 152, 154
411483.3.peg.2392.site.151, 1, 153, 154
411483.3.peg.2392.site.152, 117, 146, 263
411483.3.peg.2392.site.153, 0, 154, 154
411483.3.peg.2392.site.154, 7, 153, 160
411483.3.peg.2392.site.155, 10, 154, 164
411483.3.peg.2392.site.156, 11, 154, 165
411483.3.peg.2392.site.157, 0, 154, 154
411483.3.peg.2392.site.158, 121, 152, 273
411483.3.peg.2392.site.159, 2, 152, 154
411483.3.peg.2392.site.160, 64, 142, 206
411483.3.peg.2392.site.161, 0, 154, 154
411483.3.peg.2392.site.162, 8, 152, 160
411483.3.peg.2392.site.163, 2, 155, 157
411483.3.peg.2392.site.164, 107, 149, 256
411483.3.peg.2392.site.165, 36, 152, 188
411483.3.peg.2392.site.166, 8, 151, 159
411483.3.peg.2392.site.167, 4, 153, 157
411483.3.peg.2392.site.168, 6, 148, 154
411483.3.peg.2392.site.169, 59, 133, 192
411483.3.peg.2392.site.170, 1, 151, 152
411483.3.peg.2392.site.171, 8, 147, 155
411483.3.peg.2392.site.172, 3, 147, 150
411483.3.peg.2392.site.173, 29, 140, 169
411483.3.peg.2392.site.174, 21, 144, 165
411483.3.peg.2392.site.175, 48, 131, 179
411483.3.peg.2392.site.176, 0, 148, 148
411483.3.peg.2392.site.177, 4, 149, 153
411483.3.peg.2392.site.178, 97, 134, 231
411483.3.peg.2392.site.179, 1, 149, 150
411483.3.peg.2392.site.180, 6, 148, 154
411483.3.peg.2392.site.181, 6, 146, 152
411483.3.peg.2392.site.182, 1, 150, 151
411483.3.peg.2392.site.183, 1, 154, 155
411483.3.peg.2392.site.184, 2, 151, 153
411483.3.peg.2392.site.185, 0, 150, 150
411483.3.peg.2392.site.186, 1, 151, 152
411483.3.peg.2392.site.187, 0, 151, 151
411483.3.peg.2392.site.188, 4, 151, 155
411483.3.peg.2392.site.189, 5, 154, 159
411483.3.peg.2392.site.190, 5, 153, 158
411483.3.peg.2392.site.191, 1, 154, 155
411483.3.peg.2392.site.192, 1, 151, 152
411483.3.peg.2392.site.193, 17, 149, 166
411483.3.peg.2392.site.194, 56, 137, 193
411483.3.peg.2392.site.195, 52, 131, 183
411483.3.peg.2391.site.1, 6, 143, 149
411483.3.peg.2391.site.2, 2, 151, 153
411483.3.peg.2391.site.3, 12, 150, 162
411483.3.peg.2391.site.4, 2, 155, 157
411483.3.peg.2391.site.5, 5, 152, 157
411483.3.peg.2391.site.6, 1, 152, 153
411483.3.peg.2391.site.7, 6, 153, 159
411483.3.peg.2391.site.8, 0, 146, 146
411483.3.peg.2391.site.9, 6, 145, 151
411483.3.peg.2391.site.10, 7, 149, 156
411483.3.peg.2391.site.11, 5, 146, 151
411483.3.peg.2391.site.12, 65, 138, 203
411483.3.peg.2391.site.13, 2, 147, 149
411483.3.peg.2391.site.14, 2, 152, 154
411483.3.peg.2391.site.15, 1, 145, 146
411483.3.peg.2391.site.16, 0, 151, 151
411483.3.peg.2391.site.17, 1, 154, 155
411483.3.peg.2391.site.18, 106, 148, 254
411483.3.peg.2391.site.19, 1, 152, 153
411483.3.peg.2391.site.20, 1, 153, 154
411483.3.peg.2391.site.21, 1, 154, 155
411483.3.peg.2391.site.22, 2, 152, 154
411483.3.peg.2391.site.23, 28, 139, 167
411483.3.peg.2391.site.24, 19, 150, 169
411483.3.peg.2391.site.25, 5, 149, 154
411483.3.peg.2391.site.26, 2, 148, 150
411483.3.peg.2391.site.27, 0, 146, 146
411483.3.peg.2391.site.28, 3, 146, 149
411483.3.peg.2391.site.29, 3, 146, 149
411483.3.peg.2391.site.30, 2, 147, 149
411483.3.peg.2391.site.31, 0, 146, 146
411483.3.peg.2391.site.32, 0, 141, 141
411483.3.peg.2391.site.33, 6, 138, 144
411483.3.peg.2391.site.34, 10, 138, 148
411483.3.peg.2391.site.35, 3, 122, 125
411483.3.peg.2391.site.36, 5, 110, 115
411483.3.peg.2391.site.37, 107, 109, 216
411483.3.peg.2391.site.38, 1, 116, 117
411483.3.peg.2391.site.39, 3, 113, 116
411483.3.peg.2391.site.40, 2, 111, 113
411483.3.peg.2391.site.41, 1, 89, 90
411483.3.peg.2391.site.42, 1, 98, 99
411483.3.peg.2391.site.43, 8, 111, 119
411483.3.peg.2391.site.44, 0, 112, 112
411483.3.peg.2391.site.45, 1, 114, 115
411483.3.peg.2391.site.46, 4, 113, 117
411483.3.peg.2391.site.47, 2, 114, 116
411483.3.peg.2391.site.48, 114, 115, 229
411483.3.peg.2391.site.49, 1, 119, 120
411483.3.peg.2391.site.50, 1, 103, 104
411483.3.peg.2391.site.51, 7, 123, 130
411483.3.peg.2391.site.52, 3, 129, 132
411483.3.peg.2391.site.53, 30, 101, 131
411483.3.peg.2391.site.54, 109, 116, 225
411483.3.peg.2391.site.55, 1, 130, 131
411483.3.peg.2391.site.56, 1, 142, 143
411483.3.peg.2391.site.57, 3, 142, 145
411483.3.peg.2391.site.58, 1, 152, 153
411483.3.peg.2391.site.59, 5, 145, 150
411483.3.peg.2391.site.60, 0, 149, 149
411483.3.peg.2391.site.61, 6, 140, 146
411483.3.peg.2391.site.62, 6, 134, 140
411483.3.peg.2391.site.63, 1, 145, 146
411483.3.peg.2391.site.64, 3, 144, 147
411483.3.peg.2391.site.65, 16, 145, 161
411483.3.peg.2391.site.66, 2, 149, 151
411483.3.peg.2391.site.67, 3, 147, 150
411483.3.peg.2391.site.68, 53, 134, 187
411483.3.peg.2391.site.69, 1, 145, 146
411483.3.peg.2391.site.70, 4, 148, 152
411483.3.peg.2391.site.71, 1, 154, 155
411483.3.peg.2391.site.72, 6, 153, 159
411483.3.peg.2399.site.1, 2, 153, 155
411483.3.peg.2399.site.2, 2, 153, 155
411483.3.peg.2399.site.3, 1, 150, 151
411483.3.peg.2399.site.4, 0, 150, 150
411483.3.peg.2399.site.5, 1, 155, 156
411483.3.peg.2399.site.6, 0, 154, 154
411483.3.peg.2399.site.7, 5, 154, 159
411483.3.peg.2399.site.8, 3, 154, 157
411483.3.peg.2399.site.9, 17, 153, 170
411483.3.peg.2399.site.10, 90, 145, 235
411483.3.peg.2399.site.11, 1, 154, 155
411483.3.peg.2399.site.12, 7, 153, 160
411483.3.peg.2399.site.13, 3, 153, 156
411483.3.peg.2399.site.14, 75, 145, 220
411483.3.peg.2399.site.15, 2, 155, 157
411483.3.peg.2399.site.16, 3, 154, 157
411483.3.peg.2399.site.17, 3, 155, 158
411483.3.peg.2399.site.18, 67, 141, 208
411483.3.peg.2399.site.19, 3, 154, 157
411483.3.peg.2399.site.20, 6, 155, 161
411483.3.peg.2399.site.21, 1, 155, 156
411483.3.peg.2399.site.22, 1, 155, 156
411483.3.peg.2399.site.23, 73, 146, 219
411483.3.peg.2399.site.24, 12, 145, 157
411483.3.peg.2399.site.25, 12, 147, 159
411483.3.peg.2399.site.26, 12, 146, 158
411483.3.peg.2399.site.27, 24, 147, 171
411483.3.peg.2399.site.28, 6, 153, 159
411483.3.peg.2399.site.29, 2, 152, 154
411483.3.peg.2399.site.30, 6, 153, 159
411483.3.peg.2399.site.31, 2, 155, 157
411483.3.peg.2399.site.32, 1, 152, 153
411483.3.peg.2399.site.33, 3, 153, 156
411483.3.peg.2399.site.34, 1, 153, 154
411483.3.peg.2399.site.35, 1, 154, 155
411483.3.peg.2399.site.36, 2, 154, 156
411483.3.peg.2399.site.37, 4, 152, 156
411483.3.peg.2399.site.38, 3, 153, 156
411483.3.peg.2399.site.39, 16, 147, 163
411483.3.peg.2399.site.40, 2, 155, 157
411483.3.peg.2399.site.41, 20, 146, 166
411483.3.peg.2399.site.42, 2, 154, 156
411483.3.peg.2399.site.43, 16, 150, 166
411483.3.peg.2399.site.44, 4, 151, 155
411483.3.peg.2399.site.45, 34, 144, 178
411483.3.peg.2399.site.46, 4, 152, 156
411483.3.peg.2399.site.47, 2, 150, 152
411483.3.peg.2399.site.48, 0, 148, 148
411483.3.peg.2399.site.49, 2, 150, 152
411483.3.peg.2399.site.50, 5, 151, 156
411483.3.peg.2399.site.51, 24, 144, 168
411483.3.peg.2399.site.52, 1, 147, 148
411483.3.peg.2399.site.53, 2, 149, 151
411483.3.peg.2399.site.54, 1, 149, 150
411483.3.peg.2399.site.55, 1, 146, 147
411483.3.peg.2399.site.56, 6, 146, 152
411483.3.peg.2399.site.57, 23, 141, 164
411483.3.peg.2399.site.58, 108, 138, 246
411483.3.peg.2399.site.59, 10, 149, 159
411483.3.peg.2399.site.60, 25, 147, 172
411483.3.peg.2399.site.61, 10, 153, 163
411483.3.peg.2399.site.62, 9, 152, 161
411483.3.peg.2399.site.63, 21, 150, 171
411483.3.peg.2399.site.64, 14, 149, 163
411483.3.peg.2399.site.65, 3, 152, 155
411483.3.peg.2399.site.66, 52, 142, 194
411483.3.peg.2399.site.67, 1, 151, 152
411483.3.peg.2399.site.68, 2, 153, 155
411483.3.peg.2399.site.69, 126, 146, 272
411483.3.peg.2399.site.70, 1, 153, 154
411483.3.peg.2713.site.1, 4, 153, 157
411483.3.peg.2713.site.2, 135, 146, 281
411483.3.peg.2713.site.3, 2, 155, 157
411483.3.peg.2713.site.4, 1, 151, 152
411483.3.peg.2713.site.5, 0, 149, 149
411483.3.peg.2713.site.6, 1, 151, 152
411483.3.peg.2713.site.7, 2, 139, 141
411483.3.peg.2713.site.8, 1, 142, 143
411483.3.peg.2713.site.9, 3, 139, 142
411483.3.peg.2713.site.10, 1, 133, 134
411483.3.peg.2713.site.11, 15, 129, 144
411483.3.peg.2713.site.12, 26, 92, 118
411483.3.peg.2713.site.13, 23, 93, 116
411483.3.peg.2713.site.14, 40, 130, 170
411483.3.peg.2713.site.15, 8, 148, 156
411483.3.peg.2713.site.16, 2, 149, 151
411483.3.peg.2713.site.17, 3, 149, 152
411483.3.peg.2713.site.18, 2, 151, 153
411483.3.peg.2713.site.19, 14, 150, 164
411483.3.peg.2713.site.20, 3, 153, 156
411483.3.peg.2713.site.21, 44, 141, 185
411483.3.peg.2713.site.22, 2, 152, 154
411483.3.peg.2713.site.23, 4, 155, 159
411483.3.peg.2713.site.24, 1, 153, 154
411483.3.peg.2713.site.25, 1, 150, 151
411483.3.peg.2713.site.26, 0, 148, 148
411483.3.peg.2713.site.27, 1, 150, 151
411483.3.peg.2713.site.28, 6, 150, 156
411483.3.peg.2713.site.29, 1, 147, 148
411483.3.peg.2713.site.30, 0, 137, 137
411483.3.peg.2713.site.31, 3, 80, 83
411483.3.peg.2713.site.32, 22, 46, 68
411483.3.peg.2713.site.33, 27, 39, 66
411483.3.peg.2712.site.1, 1, 133, 134
411483.3.peg.2712.site.2, 2, 138, 140
411483.3.peg.2712.site.3, 65, 129, 194
411483.3.peg.2712.site.4, 68, 134, 202
411483.3.peg.2712.site.5, 5, 136, 141
411483.3.peg.2712.site.6, 1, 136, 137
411483.3.peg.2712.site.7, 11, 136, 147
411483.3.peg.2712.site.8, 1, 134, 135
411483.3.peg.2712.site.9, 83, 124, 207
411483.3.peg.2712.site.10, 1, 140, 141
411483.3.peg.2712.site.11, 15, 140, 155
411483.3.peg.2712.site.12, 4, 141, 145
411483.3.peg.2712.site.13, 6, 142, 148
411483.3.peg.2712.site.14, 8, 136, 144
411483.3.peg.2712.site.15, 0, 145, 145
411483.3.peg.2712.site.16, 1, 147, 148
411483.3.peg.2712.site.17, 2, 146, 148
411483.3.peg.2712.site.18, 2, 151, 153
411483.3.peg.2712.site.19, 88, 141, 229
411483.3.peg.2712.site.20, 1, 151, 152
411483.3.peg.2712.site.21, 4, 150, 154
411483.3.peg.2712.site.22, 1, 148, 149
411483.3.peg.2712.site.23, 3, 148, 151
411483.3.peg.2712.site.24, 2, 149, 151
411483.3.peg.2712.site.25, 1, 149, 150
411483.3.peg.2712.site.26, 2, 151, 153
411483.3.peg.2712.site.27, 4, 149, 153
411483.3.peg.2712.site.28, 7, 154, 161
411483.3.peg.2712.site.29, 24, 145, 169
411483.3.peg.2712.site.30, 21, 147, 168
411483.3.peg.2712.site.31, 9, 154, 163
411483.3.peg.2712.site.32, 1, 152, 153
411483.3.peg.2712.site.33, 120, 145, 265
411483.3.peg.2712.site.34, 1, 144, 145
411483.3.peg.2712.site.35, 14, 122, 136
411483.3.peg.2712.site.36, 3, 115, 118
411483.3.peg.1848.site.1, 18, 92, 110
411483.3.peg.1848.site.2, 8, 112, 120
411483.3.peg.1848.site.3, 7, 124, 131
411483.3.peg.1848.site.4, 42, 138, 180
411483.3.peg.1848.site.5, 0, 150, 150
411483.3.peg.1848.site.6, 1, 145, 146
411483.3.peg.1848.site.7, 12, 142, 154
411483.3.peg.1848.site.8, 8, 149, 157
411483.3.peg.1848.site.9, 2, 151, 153
411483.3.peg.1848.site.10, 0, 154, 154
411483.3.peg.1848.site.11, 0, 153, 153
411483.3.peg.1848.site.12, 66, 144, 210
411483.3.peg.1848.site.13, 2, 154, 156
411483.3.peg.1848.site.14, 3, 150, 153
411483.3.peg.1848.site.15, 2, 150, 152
411483.3.peg.1848.site.16, 0, 152, 152
411483.3.peg.1848.site.17, 3, 153, 156
411483.3.peg.1848.site.18, 92, 141, 233
411483.3.peg.1848.site.19, 1, 142, 143
411483.3.peg.1848.site.20, 3, 149, 152
411483.3.peg.1848.site.21, 0, 148, 148
411483.3.peg.1848.site.22, 15, 141, 156
411483.3.peg.1848.site.23, 2, 148, 150
411483.3.peg.1848.site.24, 0, 144, 144
411483.3.peg.1848.site.25, 0, 146, 146
411483.3.peg.1848.site.26, 8, 141, 149
411483.3.peg.1848.site.27, 0, 137, 137
411483.3.peg.1848.site.28, 0, 143, 143
411483.3.peg.1848.site.29, 3, 139, 142
411483.3.peg.1848.site.30, 17, 132, 149
411483.3.peg.1848.site.31, 101, 107, 208
411483.3.peg.1848.site.32, 4, 107, 111
411483.3.peg.1848.site.33, 1, 103, 104
411483.3.peg.1848.site.34, 2, 94, 96
411483.3.peg.1848.site.35, 1, 106, 107
411483.3.peg.1848.site.36, 13, 103, 116
411483.3.peg.1848.site.37, 2, 126, 128
411483.3.peg.1848.site.38, 4, 140, 144
411483.3.peg.1848.site.39, 0, 143, 143
411483.3.peg.1848.site.40, 1, 147, 148
411483.3.peg.1848.site.41, 2, 149, 151
411483.3.peg.1848.site.42, 1, 149, 150
411483.3.peg.1848.site.43, 95, 131, 226
411483.3.peg.1848.site.44, 45, 136, 181
411483.3.peg.1848.site.45, 7, 144, 151
411483.3.peg.1848.site.46, 8, 127, 135
411483.3.peg.1848.site.47, 8, 116, 124
411483.3.peg.1848.site.48, 5, 102, 107
411483.3.peg.1848.site.49, 6, 100, 106
411483.3.peg.1848.site.50, 5, 99, 104
411483.3.peg.1848.site.51, 1, 94, 95
411483.3.peg.1848.site.52, 26, 92, 118
411483.3.peg.1848.site.53, 4, 94, 98
411483.3.peg.1848.site.54, 6, 104, 110
411483.3.peg.1848.site.55, 5, 104, 109
411483.3.peg.1848.site.56, 17, 103, 120
411483.3.peg.1848.site.57, 1, 121, 122
411483.3.peg.1848.site.58, 2, 128, 130
411483.3.peg.1848.site.59, 1, 129, 130
411483.3.peg.1848.site.60, 2, 138, 140
411483.3.peg.1848.site.61, 2, 144, 146
411483.3.peg.1848.site.62, 2, 138, 140
411483.3.peg.1848.site.63, 23, 140, 163
411483.3.peg.1848.site.64, 3, 149, 152
411483.3.peg.1848.site.65, 5, 148, 153
411483.3.peg.1848.site.66, 6, 152, 158
411483.3.peg.1848.site.67, 0, 148, 148
411483.3.peg.1848.site.68, 6, 148, 154
411483.3.peg.1848.site.69, 143, 152, 295
411483.3.peg.1848.site.70, 44, 148, 192
411483.3.peg.1848.site.71, 2, 150, 152
411483.3.peg.1848.site.72, 1, 152, 153
411483.3.peg.1848.site.73, 8, 151, 159
411483.3.peg.1848.site.74, 2, 149, 151
411483.3.peg.1848.site.75, 96, 142, 238
411483.3.peg.1848.site.76, 2, 151, 153
411483.3.peg.1848.site.77, 1, 150, 151
411483.3.peg.1848.site.78, 2, 154, 156
411483.3.peg.1848.site.79, 23, 149, 172
411483.3.peg.1849.site.1, 0, 147, 147
411483.3.peg.1849.site.2, 0, 145, 145
411483.3.peg.1849.site.3, 8, 146, 154
411483.3.peg.1849.site.4, 0, 147, 147
411483.3.peg.1849.site.5, 4, 150, 154
411483.3.peg.1849.site.6, 19, 144, 163
411483.3.peg.1849.site.7, 1, 149, 150
411483.3.peg.1849.site.8, 15, 142, 157
411483.3.peg.1849.site.9, 8, 135, 143
411483.3.peg.1849.site.10, 0, 145, 145
411483.3.peg.1849.site.11, 4, 140, 144
411483.3.peg.1849.site.12, 1, 146, 147
411483.3.peg.1849.site.13, 2, 144, 146
411483.3.peg.1849.site.14, 2, 140, 142
411483.3.peg.1849.site.15, 1, 149, 150
411483.3.peg.1849.site.16, 1, 152, 153
411483.3.peg.1849.site.17, 1, 150, 151
411483.3.peg.1849.site.18, 23, 139, 162
411483.3.peg.1849.site.19, 3, 132, 135
411483.3.peg.1849.site.20, 3, 126, 129
411483.3.peg.1849.site.21, 25, 118, 143
411483.3.peg.1849.site.22, 3, 132, 135
411483.3.peg.1849.site.23, 7, 130, 137
411483.3.peg.1849.site.24, 3, 141, 144
411483.3.peg.1849.site.25, 1, 143, 144
411483.3.peg.1849.site.26, 6, 148, 154
411483.3.peg.1849.site.27, 5, 148, 153
411483.3.peg.1849.site.28, 3, 148, 151
411483.3.peg.1849.site.29, 1, 146, 147
411483.3.peg.1849.site.30, 1, 141, 142
411483.3.peg.1849.site.31, 10, 140, 150
411483.3.peg.1849.site.32, 1, 140, 141
411483.3.peg.1849.site.33, 8, 133, 141
411483.3.peg.1849.site.34, 1, 133, 134
411483.3.peg.1849.site.35, 114, 121, 235
411483.3.peg.1849.site.36, 3, 140, 143
411483.3.peg.1849.site.37, 2, 142, 144
411483.3.peg.1849.site.38, 4, 149, 153
411483.3.peg.1849.site.39, 4, 148, 152
411483.3.peg.1849.site.40, 7, 150, 157
411483.3.peg.1849.site.41, 0, 151, 151
411483.3.peg.1849.site.42, 1, 152, 153
411483.3.peg.1849.site.43, 12, 145, 157
411483.3.peg.1849.site.44, 12, 145, 157
411483.3.peg.1849.site.45, 1, 141, 142
411483.3.peg.1849.site.46, 34, 124, 158
411483.3.peg.1849.site.47, 56, 121, 177
411483.3.peg.1849.site.48, 0, 121, 121
411483.3.peg.1849.site.49, 1, 117, 118
411483.3.peg.1849.site.50, 1, 107, 108
411483.3.peg.1849.site.51, 69, 99, 168
411483.3.peg.1849.site.52, 73, 83, 156
411483.3.peg.1849.site.53, 1, 102, 103
411483.3.peg.1849.site.54, 82, 94, 176
411483.3.peg.1849.site.55, 4, 107, 111
411483.3.peg.1849.site.56, 106, 113, 219
411483.3.peg.1849.site.57, 3, 114, 117
411483.3.peg.1849.site.58, 7, 129, 136
411483.3.peg.1849.site.59, 1, 129, 130
411483.3.peg.1849.site.60, 23, 120, 143
411483.3.peg.1849.site.61, 2, 122, 124
411483.3.peg.1849.site.62, 1, 133, 134
411483.3.peg.1849.site.63, 0, 145, 145
411483.3.peg.1849.site.64, 0, 145, 145
411483.3.peg.1849.site.65, 1, 143, 144
411483.3.peg.1849.site.66, 0, 150, 150
411483.3.peg.1849.site.67, 4, 148, 152
411483.3.peg.1849.site.68, 1, 150, 151
411483.3.peg.1849.site.69, 5, 153, 158
411483.3.peg.1849.site.70, 12, 152, 164
411483.3.peg.1849.site.71, 0, 154, 154
411483.3.peg.1849.site.72, 3, 153, 156
411483.3.peg.1849.site.73, 0, 153, 153
411483.3.peg.1849.site.74, 0, 154, 154
411483.3.peg.1849.site.75, 5, 155, 160
411483.3.peg.1849.site.76, 108, 144, 252
411483.3.peg.1849.site.77, 1, 153, 154
411483.3.peg.1849.site.78, 1, 154, 155
411483.3.peg.2717.site.1, 1, 131, 132
411483.3.peg.2717.site.2, 0, 141, 141
411483.3.peg.2717.site.3, 1, 148, 149
411483.3.peg.2717.site.4, 1, 154, 155
411483.3.peg.2717.site.5, 3, 155, 158
411483.3.peg.2717.site.6, 1, 154, 155
411483.3.peg.2717.site.7, 5, 153, 158
411483.3.peg.2717.site.8, 1, 153, 154
411483.3.peg.2717.site.9, 5, 152, 157
411483.3.peg.2717.site.10, 72, 139, 211
411483.3.peg.2717.site.11, 32, 150, 182
411483.3.peg.2717.site.12, 1, 154, 155
411483.3.peg.2717.site.13, 9, 149, 158
411483.3.peg.2717.site.14, 1, 150, 151
411483.3.peg.2717.site.15, 4, 149, 153
411483.3.peg.2717.site.16, 0, 146, 146
411483.3.peg.2717.site.17, 2, 150, 152
411483.3.peg.2717.site.18, 21, 144, 165
411483.3.peg.2717.site.19, 0, 145, 145
411483.3.peg.2717.site.20, 1, 144, 145
411483.3.peg.2717.site.21, 2, 149, 151
411483.3.peg.2717.site.22, 9, 143, 152
411483.3.peg.2717.site.23, 1, 144, 145
411483.3.peg.2717.site.24, 128, 137, 265
411483.3.peg.2717.site.25, 19, 144, 163
411483.3.peg.2717.site.26, 3, 149, 152
411483.3.peg.2717.site.27, 19, 140, 159
411483.3.peg.2717.site.28, 0, 150, 150
411483.3.peg.2717.site.29, 3, 153, 156
411483.3.peg.2717.site.30, 4, 152, 156
411483.3.peg.2717.site.31, 34, 140, 174
411483.3.peg.2717.site.32, 0, 153, 153
411483.3.peg.2717.site.33, 2, 152, 154
411483.3.peg.2717.site.34, 6, 148, 154
411483.3.peg.2717.site.35, 2, 151, 153
411483.3.peg.2717.site.36, 49, 135, 184
411483.3.peg.2717.site.37, 7, 152, 159
411483.3.peg.2717.site.38, 31, 138, 169
411483.3.peg.2717.site.39, 1, 138, 139
411483.3.peg.2717.site.40, 8, 137, 145
411483.3.peg.2717.site.41, 6, 126, 132
411483.3.peg.2717.site.42, 0, 133, 133
411483.3.peg.2717.site.43, 2, 145, 147
411483.3.peg.2717.site.44, 4, 148, 152
411483.3.peg.2717.site.45, 1, 152, 153
411483.3.peg.2717.site.46, 0, 144, 144
411483.3.peg.2717.site.47, 2, 151, 153
411483.3.peg.2717.site.48, 13, 147, 160
411483.3.peg.2717.site.49, 1, 152, 153
411483.3.peg.2717.site.50, 1, 153, 154
411483.3.peg.2717.site.51, 7, 147, 154
411483.3.peg.2717.site.52, 0, 148, 148
411483.3.peg.2717.site.53, 3, 147, 150
411483.3.peg.2717.site.54, 12, 148, 160
411483.3.peg.2717.site.55, 11, 142, 153
411483.3.peg.2717.site.56, 3, 153, 156
411483.3.peg.2717.site.57, 2, 150, 152
411483.3.peg.2717.site.58, 17, 150, 167
411483.3.peg.2717.site.59, 0, 151, 151
411483.3.peg.2717.site.60, 5, 148, 153
411483.3.peg.2717.site.61, 0, 153, 153
411483.3.peg.2717.site.62, 3, 151, 154
411483.3.peg.2717.site.63, 6, 151, 157
411483.3.peg.2717.site.64, 5, 150, 155
411483.3.peg.2717.site.65, 3, 150, 153
411483.3.peg.2717.site.66, 3, 149, 152
411483.3.peg.2717.site.67, 5, 150, 155
411483.3.peg.2717.site.68, 0, 148, 148
411483.3.peg.2717.site.69, 7, 149, 156
411483.3.peg.2717.site.70, 8, 147, 155
411483.3.peg.2717.site.71, 1, 146, 147
411483.3.peg.2717.site.72, 4, 146, 150
411483.3.peg.2717.site.73, 89, 133, 222
411483.3.peg.2717.site.74, 5, 143, 148
411483.3.peg.2717.site.75, 26, 135, 161
411483.3.peg.2717.site.76, 2, 144, 146
411483.3.peg.2717.site.77, 1, 134, 135
411483.3.peg.2717.site.78, 1, 140, 141
411483.3.peg.2717.site.79, 2, 125, 127
411483.3.peg.2717.site.80, 36, 122, 158
411483.3.peg.2717.site.81, 0, 130, 130
411483.3.peg.2717.site.82, 21, 121, 142
411483.3.peg.2717.site.83, 10, 122, 132
411483.3.peg.2717.site.84, 1, 121, 122
411483.3.peg.2717.site.85, 1, 128, 129
411483.3.peg.2717.site.86, 5, 140, 145
411483.3.peg.2717.site.87, 24, 138, 162
411483.3.peg.2717.site.88, 3, 144, 147
411483.3.peg.2717.site.89, 2, 149, 151
411483.3.peg.2716.site.1, 1, 153, 154
411483.3.peg.2716.site.2, 16, 152, 168
411483.3.peg.2716.site.3, 2, 151, 153
411483.3.peg.2716.site.4, 7, 151, 158
411483.3.peg.2716.site.5, 7, 149, 156
411483.3.peg.2716.site.6, 17, 149, 166
411483.3.peg.2716.site.7, 3, 153, 156
411483.3.peg.2716.site.8, 15, 145, 160
411483.3.peg.2716.site.9, 2, 154, 156
411483.3.peg.2716.site.10, 0, 154, 154
411483.3.peg.2716.site.11, 4, 147, 151
411483.3.peg.2716.site.12, 2, 145, 147
411483.3.peg.2716.site.13, 50, 142, 192
411483.3.peg.2716.site.14, 9, 144, 153
411483.3.peg.2716.site.15, 0, 137, 137
411483.3.peg.2716.site.16, 7, 144, 151
411483.3.peg.2716.site.17, 56, 135, 191
411483.3.peg.2716.site.18, 10, 146, 156
411483.3.peg.2716.site.19, 15, 142, 157
411483.3.peg.2716.site.20, 0, 140, 140
411483.3.peg.2716.site.21, 4, 141, 145
411483.3.peg.2716.site.22, 16, 139, 155
411483.3.peg.2716.site.23, 7, 144, 151
411483.3.peg.2716.site.24, 0, 142, 142
411483.3.peg.2716.site.25, 0, 141, 141
411483.3.peg.2716.site.26, 35, 132, 167
411483.3.peg.2716.site.27, 12, 137, 149
411483.3.peg.2716.site.28, 10, 136, 146
411483.3.peg.2716.site.29, 125, 135, 260
411483.3.peg.2716.site.30, 8, 138, 146
411483.3.peg.2716.site.31, 1, 137, 138
411483.3.peg.2716.site.32, 4, 134, 138
411483.3.peg.2716.site.33, 44, 130, 174
411483.3.peg.2716.site.34, 3, 139, 142
411483.3.peg.2716.site.35, 17, 137, 154
411483.3.peg.2716.site.36, 94, 128, 222
411483.3.peg.2716.site.37, 48, 124, 172
411483.3.peg.2716.site.38, 19, 137, 156
411483.3.peg.2716.site.39, 5, 132, 137
411483.3.peg.2716.site.40, 11, 141, 152
411483.3.peg.2716.site.41, 0, 151, 151
411483.3.peg.2716.site.42, 101, 142, 243
411483.3.peg.2716.site.43, 1, 153, 154
411483.3.peg.2716.site.44, 1, 154, 155
411483.3.peg.2716.site.45, 13, 149, 162
411483.3.peg.2716.site.46, 0, 152, 152
411483.3.peg.2716.site.47, 11, 148, 159
411483.3.peg.2716.site.48, 7, 145, 152
411483.3.peg.2716.site.49, 11, 146, 157
411483.3.peg.2716.site.50, 7, 149, 156
411483.3.peg.2716.site.51, 2, 149, 151
411483.3.peg.2716.site.52, 0, 150, 150
411483.3.peg.2716.site.53, 0, 145, 145
411483.3.peg.2716.site.54, 0, 145, 145
411483.3.peg.2716.site.55, 0, 147, 147
411483.3.peg.2716.site.56, 10, 143, 153
411483.3.peg.2716.site.57, 0, 148, 148
411483.3.peg.2716.site.58, 1, 149, 150
411483.3.peg.2716.site.59, 2, 150, 152
411483.3.peg.2716.site.60, 2, 154, 156
411483.3.peg.2716.site.61, 60, 143, 203
411483.3.peg.2716.site.62, 6, 154, 160
411483.3.peg.2716.site.63, 1, 153, 154
411483.3.peg.2716.site.64, 0, 146, 146
411483.3.peg.2716.site.65, 6, 146, 152
411483.3.peg.2716.site.66, 1, 150, 151
411483.3.peg.2716.site.67, 0, 144, 144
411483.3.peg.2716.site.68, 31, 142, 173
411483.3.peg.2716.site.69, 1, 144, 145
411483.3.peg.2716.site.70, 7, 152, 159
411483.3.peg.2716.site.71, 1, 151, 152
411483.3.peg.2716.site.72, 0, 151, 151
411483.3.peg.2716.site.73, 0, 150, 150
411483.3.peg.2716.site.74, 0, 151, 151
411483.3.peg.2716.site.75, 12, 149, 161
411483.3.peg.2716.site.76, 17, 144, 161
411483.3.peg.2716.site.77, 2, 153, 155
411483.3.peg.2716.site.78, 1, 155, 156
411483.3.peg.2716.site.79, 4, 150, 154
411483.3.peg.2716.site.80, 0, 147, 147
411483.3.peg.2716.site.81, 9, 148, 157
411483.3.peg.2716.site.82, 7, 153, 160
411483.3.peg.2716.site.83, 5, 152, 157
411483.3.peg.2716.site.84, 1, 153, 154
411483.3.peg.2716.site.85, 1, 154, 155
411483.3.peg.2716.site.86, 2, 155, 157
411483.3.peg.2715.site.1, 11, 37, 48
411483.3.peg.2715.site.2, 4, 72, 76
411483.3.peg.2715.site.3, 1, 121, 122
411483.3.peg.2715.site.4, 4, 130, 134
411483.3.peg.2715.site.5, 10, 134, 144
411483.3.peg.2715.site.6, 0, 149, 149
411483.3.peg.2715.site.7, 12, 149, 161
411483.3.peg.2715.site.8, 8, 149, 157
411483.3.peg.2715.site.9, 11, 144, 155
411483.3.peg.2715.site.10, 0, 133, 133
411483.3.peg.2715.site.11, 1, 130, 131
411483.3.peg.2715.site.12, 1, 125, 126
411483.3.peg.2715.site.13, 3, 123, 126
411483.3.peg.2715.site.14, 2, 132, 134
411483.3.peg.2715.site.15, 1, 132, 133
411483.3.peg.2715.site.16, 1, 128, 129
411483.3.peg.2715.site.17, 4, 125, 129
411483.3.peg.2715.site.18, 0, 125, 125
411483.3.peg.2715.site.19, 53, 112, 165
411483.3.peg.2715.site.20, 1, 122, 123
411483.3.peg.2715.site.21, 4, 127, 131
411483.3.peg.2715.site.22, 2, 117, 119
411483.3.peg.2715.site.23, 22, 119, 141
411483.3.peg.2715.site.24, 2, 123, 125
411483.3.peg.2715.site.25, 1, 122, 123
411483.3.peg.2715.site.26, 3, 124, 127
411483.3.peg.2715.site.27, 1, 132, 133
411483.3.peg.2715.site.28, 9, 144, 153
411483.3.peg.2715.site.29, 0, 141, 141
411483.3.peg.2715.site.30, 1, 138, 139
411483.3.peg.2715.site.31, 99, 131, 230
411483.3.peg.2715.site.32, 51, 116, 167
411483.3.peg.2715.site.33, 55, 113, 168
411483.3.peg.2715.site.34, 1, 131, 132
411483.3.peg.2715.site.35, 0, 128, 128
411483.3.peg.2715.site.36, 9, 133, 142
411483.3.peg.2715.site.37, 2, 131, 133
411483.3.peg.2715.site.38, 5, 134, 139
411483.3.peg.2715.site.39, 9, 135, 144
411483.3.peg.2715.site.40, 24, 135, 159
411483.3.peg.2715.site.41, 2, 135, 137
411483.3.peg.2715.site.42, 140, 142, 282
411483.3.peg.2715.site.43, 1, 143, 144
411483.3.peg.2715.site.44, 1, 149, 150
411483.3.peg.2715.site.45, 86, 131, 217
411483.3.peg.2715.site.46, 135, 140, 275
411483.3.peg.2715.site.47, 2, 144, 146
411483.3.peg.2715.site.48, 0, 138, 138
411483.3.peg.2715.site.49, 25, 130, 155
411483.3.peg.2715.site.50, 0, 145, 145
411483.3.peg.2715.site.51, 3, 151, 154
411483.3.peg.2715.site.52, 0, 153, 153
411483.3.peg.2715.site.53, 7, 153, 160
411483.3.peg.2715.site.54, 152, 154, 306
411483.3.peg.1842.site.1, 2, 150, 152
411483.3.peg.1842.site.2, 0, 150, 150
411483.3.peg.1842.site.3, 1, 145, 146
411483.3.peg.1842.site.4, 1, 142, 143
411483.3.peg.1842.site.5, 2, 151, 153
411483.3.peg.1842.site.6, 3, 149, 152
411483.3.peg.1842.site.7, 104, 135, 239
411483.3.peg.1842.site.8, 2, 152, 154
411483.3.peg.1842.site.9, 1, 153, 154
411483.3.peg.1842.site.10, 2, 153, 155
411483.3.peg.1842.site.11, 4, 153, 157
411483.3.peg.1842.site.12, 3, 152, 155
411483.3.peg.1842.site.13, 1, 149, 150
411483.3.peg.1842.site.14, 2, 147, 149
411483.3.peg.1842.site.15, 3, 144, 147
411483.3.peg.1842.site.16, 1, 128, 129
411483.3.peg.1842.site.17, 9, 135, 144
411483.3.peg.1842.site.18, 70, 126, 196
411483.3.peg.1842.site.19, 5, 134, 139
411483.3.peg.1842.site.20, 2, 136, 138
411483.3.peg.1842.site.21, 24, 128, 152
411483.3.peg.1842.site.22, 22, 127, 149
411483.3.peg.1842.site.23, 4, 125, 129
411483.3.peg.1842.site.24, 1, 134, 135
411483.3.peg.1842.site.25, 2, 125, 127
411483.3.peg.1842.site.26, 77, 122, 199
411483.3.peg.1842.site.27, 77, 122, 199
411483.3.peg.1842.site.28, 61, 115, 176
411483.3.peg.1842.site.29, 15, 113, 128
411483.3.peg.1842.site.30, 5, 125, 130
411483.3.peg.1842.site.31, 1, 129, 130
411483.3.peg.1842.site.32, 3, 135, 138
411483.3.peg.1842.site.33, 3, 135, 138
411483.3.peg.1842.site.34, 6, 134, 140
411483.3.peg.1842.site.35, 27, 131, 158
411483.3.peg.1842.site.36, 1, 148, 149
411483.3.peg.1842.site.37, 14, 148, 162
411483.3.peg.1842.site.38, 149, 152, 301
411483.3.peg.1842.site.39, 4, 148, 152
411483.3.peg.1842.site.40, 5, 150, 155
411483.3.peg.1842.site.41, 28, 148, 176
411483.3.peg.1842.site.42, 4, 151, 155
411483.3.peg.1842.site.43, 0, 153, 153
411483.3.peg.1842.site.44, 0, 154, 154
411483.3.peg.1842.site.45, 152, 154, 306
411483.3.peg.1842.site.46, 0, 155, 155
411483.3.peg.1843.site.1, 1, 152, 153
411483.3.peg.1843.site.2, 7, 148, 155
411483.3.peg.1843.site.3, 3, 154, 157
411483.3.peg.1843.site.4, 4, 154, 158
411483.3.peg.1843.site.5, 0, 153, 153
411483.3.peg.1843.site.6, 3, 152, 155
411483.3.peg.1843.site.7, 1, 150, 151
411483.3.peg.1843.site.8, 1, 148, 149
411483.3.peg.1843.site.9, 145, 147, 292
411483.3.peg.1843.site.10, 6, 153, 159
411483.3.peg.1843.site.11, 2, 152, 154
411483.3.peg.1843.site.12, 28, 150, 178
411483.3.peg.1843.site.13, 1, 154, 155
411483.3.peg.1843.site.14, 3, 155, 158
411483.3.peg.1843.site.15, 2, 153, 155
411483.3.peg.1843.site.16, 4, 153, 157
411483.3.peg.1843.site.17, 5, 151, 156
411483.3.peg.1843.site.18, 3, 153, 156
411483.3.peg.1843.site.19, 3, 154, 157
411483.3.peg.1843.site.20, 2, 155, 157
411483.3.peg.1843.site.21, 2, 155, 157
411483.3.peg.1843.site.22, 16, 149, 165
411483.3.peg.1843.site.23, 0, 153, 153
411483.3.peg.1843.site.24, 4, 154, 158
411483.3.peg.1843.site.25, 1, 153, 154
411483.3.peg.1843.site.26, 3, 150, 153
411483.3.peg.1843.site.27, 2, 153, 155
411483.3.peg.1843.site.28, 0, 151, 151
411483.3.peg.1843.site.29, 4, 151, 155
411483.3.peg.1843.site.30, 0, 153, 153
411483.3.peg.1843.site.31, 1, 153, 154
411483.3.peg.1843.site.32, 3, 146, 149
411483.3.peg.1843.site.33, 3, 151, 154
411483.3.peg.1843.site.34, 0, 151, 151
411483.3.peg.1843.site.35, 0, 152, 152
411483.3.peg.1843.site.36, 3, 153, 156
411483.3.peg.1843.site.37, 0, 153, 153
411483.3.peg.1843.site.38, 3, 149, 152
411483.3.peg.1843.site.39, 0, 152, 152
411483.3.peg.1843.site.40, 1, 151, 152
411483.3.peg.1843.site.41, 4, 150, 154
411483.3.peg.1843.site.42, 9, 154, 163
411483.3.peg.1843.site.43, 40, 144, 184
411483.3.peg.1843.site.44, 12, 151, 163
411483.3.peg.1843.site.45, 5, 153, 158
411483.3.peg.1843.site.46, 1, 155, 156
411483.3.peg.1843.site.47, 13, 153, 166
411483.3.peg.1840.site.1, 2, 148, 150
411483.3.peg.1840.site.2, 5, 143, 148
411483.3.peg.1840.site.3, 6, 151, 157
411483.3.peg.1840.site.4, 0, 151, 151
411483.3.peg.1840.site.5, 2, 152, 154
411483.3.peg.1840.site.6, 4, 148, 152
411483.3.peg.1840.site.7, 1, 150, 151
411483.3.peg.1840.site.8, 3, 147, 150
411483.3.peg.1840.site.9, 9, 141, 150
411483.3.peg.1840.site.10, 2, 142, 144
411483.3.peg.1840.site.11, 2, 141, 143
411483.3.peg.1840.site.12, 20, 134, 154
411483.3.peg.1840.site.13, 18, 131, 149
411483.3.peg.1840.site.14, 1, 137, 138
411483.3.peg.1840.site.15, 1, 150, 151
411483.3.peg.1840.site.16, 4, 151, 155
411483.3.peg.1840.site.17, 4, 147, 151
411483.3.peg.1840.site.18, 1, 154, 155
411483.3.peg.1840.site.19, 1, 153, 154
411483.3.peg.1840.site.20, 9, 153, 162
411483.3.peg.1840.site.21, 3, 142, 145
411483.3.peg.1840.site.22, 146, 150, 296
411483.3.peg.1840.site.23, 5, 145, 150
411483.3.peg.1841.site.1, 9, 146, 155
411483.3.peg.1841.site.2, 0, 140, 140
411483.3.peg.1841.site.3, 5, 145, 150
411483.3.peg.1841.site.4, 0, 144, 144
411483.3.peg.1841.site.5, 7, 142, 149
411483.3.peg.1841.site.6, 2, 139, 141
411483.3.peg.1841.site.7, 3, 137, 140
411483.3.peg.1841.site.8, 81, 134, 215
411483.3.peg.1841.site.9, 1, 145, 146
411483.3.peg.1841.site.10, 5, 140, 145
411483.3.peg.1841.site.11, 8, 138, 146
411483.3.peg.1841.site.12, 4, 139, 143
411483.3.peg.1841.site.13, 1, 143, 144
411483.3.peg.1841.site.14, 2, 141, 143
411483.3.peg.1841.site.15, 2, 145, 147
411483.3.peg.1841.site.16, 5, 146, 151
411483.3.peg.1841.site.17, 1, 148, 149
411483.3.peg.1841.site.18, 3, 150, 153
411483.3.peg.1841.site.19, 13, 144, 157
411483.3.peg.1841.site.20, 1, 150, 151
411483.3.peg.1841.site.21, 1, 150, 151
411483.3.peg.1841.site.22, 2, 150, 152
411483.3.peg.1841.site.23, 7, 147, 154
411483.3.peg.1841.site.24, 2, 150, 152
411483.3.peg.1847.site.1, 3, 153, 156
411483.3.peg.1847.site.2, 64, 148, 212
411483.3.peg.1847.site.3, 9, 155, 164
411483.3.peg.1847.site.4, 1, 152, 153
411483.3.peg.1847.site.5, 0, 154, 154
411483.3.peg.1847.site.6, 1, 153, 154
411483.3.peg.1847.site.7, 0, 151, 151
411483.3.peg.1847.site.8, 19, 144, 163
411483.3.peg.1847.site.9, 115, 144, 259
411483.3.peg.1847.site.10, 0, 149, 149
411483.3.peg.1847.site.11, 8, 151, 159
411483.3.peg.1847.site.12, 1, 151, 152
411483.3.peg.1847.site.13, 0, 150, 150
411483.3.peg.1847.site.14, 8, 150, 158
411483.3.peg.1847.site.15, 10, 151, 161
411483.3.peg.1847.site.16, 8, 151, 159
411483.3.peg.1847.site.17, 81, 138, 219
411483.3.peg.1847.site.18, 2, 144, 146
411483.3.peg.1847.site.19, 15, 145, 160
411483.3.peg.1847.site.20, 12, 144, 156
411483.3.peg.1847.site.21, 2, 148, 150
411483.3.peg.1847.site.22, 43, 134, 177
411483.3.peg.1847.site.23, 4, 141, 145
411483.3.peg.1847.site.24, 2, 134, 136
411483.3.peg.1847.site.25, 2, 142, 144
411483.3.peg.1847.site.26, 3, 144, 147
411483.3.peg.1847.site.27, 5, 151, 156
411483.3.peg.1847.site.28, 7, 154, 161
411483.3.peg.1847.site.29, 30, 142, 172
411483.3.peg.1847.site.30, 1, 153, 154
411483.3.peg.1847.site.31, 5, 151, 156
411483.3.peg.1847.site.32, 6, 148, 154
411483.3.peg.1847.site.33, 2, 153, 155
411483.3.peg.1847.site.34, 2, 151, 153
411483.3.peg.1847.site.35, 1, 151, 152
411483.3.peg.1847.site.36, 1, 153, 154
411483.3.peg.1847.site.37, 1, 150, 151
411483.3.peg.1847.site.38, 6, 145, 151
411483.3.peg.1847.site.39, 1, 150, 151
411483.3.peg.1847.site.40, 4, 151, 155
411483.3.peg.1847.site.41, 110, 143, 253
411483.3.peg.1847.site.42, 3, 148, 151
411483.3.peg.1847.site.43, 2, 148, 150
411483.3.peg.1847.site.44, 2, 138, 140
411483.3.peg.1847.site.45, 1, 147, 148
411483.3.peg.1847.site.46, 7, 146, 153
411483.3.peg.1847.site.47, 1, 150, 151
411483.3.peg.1847.site.48, 2, 147, 149
411483.3.peg.1847.site.49, 1, 148, 149
411483.3.peg.1847.site.50, 4, 133, 137
411483.3.peg.1847.site.51, 5, 121, 126
411483.3.peg.1847.site.52, 5, 100, 105
411483.3.peg.1847.site.53, 1, 93, 94
411483.3.peg.1847.site.54, 0, 93, 93
411483.3.peg.1847.site.55, 4, 90, 94
411483.3.peg.1847.site.56, 1, 94, 95
411483.3.peg.1847.site.57, 1, 108, 109
411483.3.peg.1847.site.58, 90, 110, 200
411483.3.peg.1847.site.59, 7, 113, 120
411483.3.peg.1847.site.60, 1, 135, 136
411483.3.peg.1847.site.61, 1, 126, 127
411483.3.peg.1847.site.62, 1, 135, 136
411483.3.peg.1847.site.63, 2, 129, 131
411483.3.peg.1847.site.64, 5, 136, 141
411483.3.peg.1847.site.65, 4, 135, 139
411483.3.peg.1847.site.66, 1, 140, 141
411483.3.peg.1847.site.67, 6, 145, 151
411483.3.peg.1847.site.68, 4, 149, 153
411483.3.peg.1847.site.69, 24, 136, 160
411483.3.peg.1847.site.70, 28, 133, 161
411483.3.peg.1847.site.71, 7, 137, 144
411483.3.peg.1847.site.72, 1, 145, 146
411483.3.peg.1847.site.73, 2, 150, 152
411483.3.peg.1847.site.74, 12, 155, 167
411483.3.peg.1844.site.1, 1, 154, 155
411483.3.peg.1844.site.2, 15, 150, 165
411483.3.peg.1844.site.3, 8, 152, 160
411483.3.peg.1844.site.4, 0, 151, 151
411483.3.peg.1844.site.5, 11, 144, 155
411483.3.peg.1844.site.6, 37, 142, 179
411483.3.peg.1844.site.7, 0, 146, 146
411483.3.peg.1844.site.8, 1, 147, 148
411483.3.peg.1844.site.9, 146, 148, 294
411483.3.peg.1844.site.10, 7, 148, 155
411483.3.peg.1845.site.1, 0, 144, 144
411483.3.peg.1845.site.2, 0, 148, 148
411483.3.peg.1845.site.3, 7, 144, 151
411483.3.peg.1845.site.4, 2, 143, 145
411483.3.peg.1845.site.5, 5, 147, 152
411483.3.peg.1845.site.6, 0, 145, 145
411483.3.peg.1845.site.7, 3, 143, 146
411483.3.peg.1845.site.8, 0, 128, 128
411483.3.peg.1845.site.9, 3, 130, 133
411483.3.peg.1845.site.10, 1, 125, 126
411483.3.peg.1845.site.11, 11, 131, 142
411483.3.peg.1845.site.12, 16, 123, 139
411483.3.peg.1845.site.13, 3, 131, 134
411483.3.peg.1845.site.14, 1, 131, 132
411483.3.peg.1845.site.15, 18, 131, 149
411483.3.peg.1845.site.16, 1, 148, 149
411483.3.peg.1845.site.17, 4, 152, 156
411483.3.peg.1845.site.18, 3, 149, 152
411483.3.peg.1845.site.19, 6, 150, 156
411483.3.peg.1845.site.20, 25, 142, 167
411483.3.peg.1845.site.21, 32, 142, 174
411483.3.peg.1845.site.22, 6, 153, 159
411483.3.peg.1845.site.23, 7, 152, 159
411483.3.peg.1845.site.24, 0, 150, 150
411483.3.peg.1845.site.25, 16, 150, 166
411483.3.peg.1845.site.26, 11, 145, 156
411483.3.peg.1845.site.27, 12, 146, 158
411483.3.peg.1845.site.28, 0, 146, 146
411483.3.peg.1845.site.29, 142, 144, 286
411483.3.peg.1845.site.30, 2, 148, 150
411483.3.peg.1845.site.31, 2, 152, 154
411483.3.peg.1845.site.32, 7, 150, 157
411483.3.peg.1845.site.33, 18, 144, 162
411483.3.peg.1845.site.34, 1, 152, 153
411483.3.peg.1845.site.35, 0, 151, 151
411483.3.peg.1845.site.36, 8, 151, 159
411483.3.peg.1845.site.37, 2, 152, 154
411483.3.peg.1845.site.38, 10, 143, 153
411483.3.peg.1845.site.39, 2, 150, 152
411483.3.peg.1845.site.40, 6, 147, 153
411483.3.peg.1845.site.41, 0, 148, 148
411483.3.peg.1845.site.42, 8, 147, 155
411483.3.peg.1845.site.43, 0, 132, 132
411483.3.peg.1845.site.44, 2, 139, 141
411483.3.peg.1845.site.45, 13, 148, 161
411483.3.peg.1845.site.46, 4, 148, 152
411483.3.peg.1845.site.47, 12, 145, 157
411483.3.peg.1845.site.48, 3, 150, 153
411483.3.peg.1845.site.49, 15, 140, 155
411483.3.peg.1845.site.50, 1, 148, 149
411483.3.peg.1845.site.51, 1, 148, 149
411483.3.peg.1845.site.52, 10, 147, 157
411483.3.peg.1845.site.53, 22, 147, 169
411483.3.peg.1845.site.54, 18, 145, 163
411483.3.peg.1845.site.55, 4, 149, 153
411483.3.peg.1845.site.56, 0, 147, 147
411483.3.peg.1845.site.57, 0, 145, 145
411483.3.peg.1845.site.58, 1, 152, 153
411483.3.peg.1845.site.59, 0, 149, 149
411483.3.peg.1845.site.60, 2, 150, 152
411483.3.peg.1845.site.61, 2, 150, 152
411483.3.peg.1845.site.62, 3, 149, 152
411483.3.peg.1845.site.63, 1, 144, 145
411483.3.peg.1845.site.64, 65, 144, 209
411483.3.peg.1845.site.65, 35, 149, 184
411483.3.peg.1845.site.66, 10, 151, 161
411483.3.peg.1845.site.67, 13, 149, 162
411483.3.peg.1845.site.68, 2, 153, 155
411483.3.peg.1845.site.69, 1, 151, 152
411483.3.peg.1845.site.70, 2, 151, 153
411483.3.peg.1845.site.71, 1, 150, 151
411483.3.peg.1845.site.72, 40, 142, 182
411483.3.peg.1845.site.73, 1, 147, 148
411483.3.peg.1845.site.74, 4, 152, 156
411483.3.peg.1845.site.75, 137, 147, 284
411483.3.peg.1845.site.76, 2, 151, 153
411483.3.peg.1845.site.77, 7, 150, 157
411483.3.peg.1845.site.78, 5, 150, 155
411483.3.peg.1845.site.79, 1, 152, 153
411483.3.peg.1845.site.80, 107, 141, 248
411483.3.peg.1845.site.81, 1, 153, 154
411483.3.peg.1845.site.82, 10, 149, 159
411483.3.peg.1845.site.83, 135, 148, 283
411483.3.peg.1845.site.84, 33, 143, 176
411483.3.peg.1845.site.85, 4, 154, 158
411483.3.peg.1845.site.86, 7, 151, 158
411483.3.peg.1845.site.87, 16, 149, 165
411483.3.peg.1845.site.88, 6, 150, 156
411483.3.peg.1845.site.89, 43, 144, 187
411483.3.peg.1845.site.90, 1, 150, 151
411483.3.peg.1845.site.91, 3, 142, 145
411483.3.peg.1845.site.92, 130, 141, 271
411483.3.peg.1845.site.93, 2, 143, 145
411483.3.peg.1845.site.94, 2, 141, 143
411483.3.peg.1845.site.95, 1, 152, 153
411483.3.peg.1845.site.96, 2, 147, 149
411483.3.peg.1845.site.97, 78, 144, 222
411483.3.peg.1845.site.98, 3, 146, 149
411483.3.peg.1845.site.99, 3, 143, 146
411483.3.peg.1845.site.100, 6, 145, 151
411483.3.peg.1845.site.101, 1, 146, 147
411483.3.peg.1845.site.102, 1, 142, 143
411483.3.peg.1845.site.103, 1, 147, 148
411483.3.peg.1845.site.104, 1, 144, 145
411483.3.peg.1845.site.105, 0, 146, 146
411483.3.peg.1845.site.106, 8, 147, 155
411483.3.peg.1845.site.107, 1, 149, 150
411483.3.peg.1845.site.108, 5, 150, 155
411483.3.peg.1845.site.109, 92, 143, 235
411483.3.peg.1845.site.110, 40, 140, 180
411483.3.peg.1845.site.111, 90, 137, 227
411483.3.peg.1845.site.112, 3, 149, 152
411483.3.peg.1845.site.113, 1, 151, 152
411483.3.peg.1845.site.114, 5, 150, 155
411483.3.peg.1845.site.115, 3, 152, 155
411483.3.peg.1845.site.116, 4, 154, 158
411483.3.peg.307.site.1, 1, 154, 155
411483.3.peg.307.site.2, 0, 154, 154
411483.3.peg.307.site.3, 1, 152, 153
411483.3.peg.307.site.4, 32, 147, 179
411483.3.peg.307.site.5, 29, 151, 180
411483.3.peg.307.site.6, 10, 150, 160
411483.3.peg.307.site.7, 23, 142, 165
411483.3.peg.307.site.8, 14, 147, 161
411483.3.peg.307.site.9, 2, 140, 142
411483.3.peg.307.site.10, 1, 138, 139
411483.3.peg.307.site.11, 88, 128, 216
411483.3.peg.307.site.12, 1, 137, 138
411483.3.peg.307.site.13, 2, 131, 133
411483.3.peg.307.site.14, 3, 144, 147
411483.3.peg.307.site.15, 11, 143, 154
411483.3.peg.307.site.16, 45, 133, 178
411483.3.peg.307.site.17, 1, 146, 147
411483.3.peg.307.site.18, 107, 143, 250
411483.3.peg.307.site.19, 7, 143, 150
411483.3.peg.307.site.20, 2, 146, 148
411483.3.peg.307.site.21, 3, 148, 151
411483.3.peg.307.site.22, 62, 138, 200
411483.3.peg.307.site.23, 1, 147, 148
411483.3.peg.307.site.24, 1, 148, 149
411483.3.peg.307.site.25, 76, 136, 212
411483.3.peg.307.site.26, 4, 137, 141
411483.3.peg.307.site.27, 29, 139, 168
411483.3.peg.307.site.28, 2, 142, 144
411483.3.peg.307.site.29, 6, 138, 144
411483.3.peg.307.site.30, 6, 129, 135
411483.3.peg.307.site.31, 2, 127, 129
411483.3.peg.307.site.32, 1, 127, 128
411483.3.peg.307.site.33, 1, 119, 120
411483.3.peg.307.site.34, 52, 104, 156
411483.3.peg.307.site.35, 57, 112, 169
411483.3.peg.307.site.36, 22, 123, 145
411483.3.peg.307.site.37, 3, 143, 146
411483.3.peg.307.site.38, 1, 148, 149
411483.3.peg.307.site.39, 1, 153, 154
411483.3.peg.307.site.40, 3, 153, 156
411483.3.peg.307.site.41, 3, 153, 156
411483.3.peg.307.site.42, 31, 147, 178
411483.3.peg.307.site.43, 19, 145, 164
411483.3.peg.307.site.44, 6, 149, 155
411483.3.peg.307.site.45, 93, 144, 237
411483.3.peg.307.site.46, 4, 150, 154
411483.3.peg.307.site.47, 76, 139, 215
411483.3.peg.307.site.48, 2, 153, 155
411483.3.peg.307.site.49, 2, 153, 155
411483.3.peg.307.site.50, 0, 152, 152
411483.3.peg.307.site.51, 3, 151, 154
411483.3.peg.307.site.52, 7, 150, 157
411483.3.peg.307.site.53, 0, 151, 151
411483.3.peg.307.site.54, 3, 147, 150
411483.3.peg.307.site.55, 30, 143, 173
411483.3.peg.307.site.56, 4, 147, 151
411483.3.peg.307.site.57, 23, 131, 154
411483.3.peg.307.site.58, 1, 149, 150
411483.3.peg.307.site.59, 135, 148, 283
411483.3.peg.307.site.60, 7, 146, 153
411483.3.peg.307.site.61, 21, 140, 161
411483.3.peg.307.site.62, 2, 147, 149
411483.3.peg.307.site.63, 20, 140, 160
411483.3.peg.307.site.64, 0, 136, 136
411483.3.peg.307.site.65, 2, 154, 156
411483.3.peg.307.site.66, 0, 153, 153
411483.3.peg.307.site.67, 35, 145, 180
411483.3.peg.307.site.68, 1, 155, 156
411483.3.peg.307.site.69, 5, 150, 155
411483.3.peg.307.site.70, 6, 153, 159
411483.3.peg.307.site.71, 5, 152, 157
411483.3.peg.307.site.72, 18, 151, 169
411483.3.peg.307.site.73, 0, 147, 147
411483.3.peg.307.site.74, 61, 123, 184
411483.3.peg.307.site.75, 1, 136, 137
411483.3.peg.307.site.76, 60, 107, 167
411483.3.peg.306.site.1, 2, 148, 150
411483.3.peg.306.site.2, 5, 152, 157
411483.3.peg.306.site.3, 5, 153, 158
411483.3.peg.306.site.4, 1, 154, 155
411483.3.peg.306.site.5, 8, 153, 161
411483.3.peg.306.site.6, 1, 153, 154
411483.3.peg.306.site.7, 1, 148, 149
411483.3.peg.306.site.8, 1, 155, 156
411483.3.peg.306.site.9, 2, 147, 149
411483.3.peg.306.site.10, 9, 153, 162
411483.3.peg.306.site.11, 13, 151, 164
411483.3.peg.306.site.12, 2, 151, 153
411483.3.peg.306.site.13, 4, 154, 158
411483.3.peg.306.site.14, 2, 148, 150
411483.3.peg.306.site.15, 11, 142, 153
411483.3.peg.306.site.16, 1, 149, 150
411483.3.peg.306.site.17, 4, 150, 154
411483.3.peg.306.site.18, 11, 151, 162
411483.3.peg.306.site.19, 1, 154, 155
411483.3.peg.306.site.20, 78, 150, 228
411483.3.peg.306.site.21, 1, 154, 155
411483.3.peg.306.site.22, 6, 153, 159
411483.3.peg.306.site.23, 62, 149, 211
411483.3.peg.306.site.24, 3, 154, 157
411483.3.peg.306.site.25, 1, 155, 156
411483.3.peg.306.site.26, 1, 155, 156
411483.3.peg.306.site.27, 1, 154, 155
411483.3.peg.306.site.28, 0, 154, 154
411483.3.peg.306.site.29, 2, 154, 156
411483.3.peg.306.site.30, 14, 146, 160
411483.3.peg.306.site.31, 44, 146, 190
411483.3.peg.306.site.32, 0, 152, 152
411483.3.peg.306.site.33, 7, 151, 158
411483.3.peg.306.site.34, 2, 153, 155
411483.3.peg.306.site.35, 0, 153, 153
411483.3.peg.306.site.36, 0, 153, 153
411483.3.peg.305.site.1, 9, 144, 153
411483.3.peg.305.site.2, 1, 152, 153
411483.3.peg.305.site.3, 3, 154, 157
411483.3.peg.305.site.4, 1, 154, 155
411483.3.peg.305.site.5, 6, 147, 153
411483.3.peg.305.site.6, 148, 148, 296
411483.3.peg.305.site.7, 2, 148, 150
411483.3.peg.305.site.8, 1, 148, 149
411483.3.peg.305.site.9, 139, 144, 283
411483.3.peg.305.site.10, 5, 135, 140
411483.3.peg.305.site.11, 18, 136, 154
411483.3.peg.305.site.12, 1, 136, 137
411483.3.peg.305.site.13, 2, 129, 131
411483.3.peg.305.site.14, 6, 131, 137
411483.3.peg.305.site.15, 24, 128, 152
411483.3.peg.305.site.16, 6, 136, 142
411483.3.peg.305.site.17, 1, 136, 137
411483.3.peg.305.site.18, 1, 139, 140
411483.3.peg.305.site.19, 14, 136, 150
411483.3.peg.305.site.20, 0, 147, 147
411483.3.peg.305.site.21, 1, 147, 148
411483.3.peg.305.site.22, 3, 151, 154
411483.3.peg.305.site.23, 6, 153, 159
411483.3.peg.305.site.24, 28, 142, 170
411483.3.peg.305.site.25, 3, 150, 153
411483.3.peg.305.site.26, 10, 148, 158
411483.3.peg.305.site.27, 14, 137, 151
411483.3.peg.305.site.28, 1, 146, 147
411483.3.peg.305.site.29, 1, 150, 151
411483.3.peg.305.site.30, 25, 140, 165
411483.3.peg.305.site.31, 2, 151, 153
411483.3.peg.305.site.32, 0, 152, 152
411483.3.peg.305.site.33, 6, 141, 147
411483.3.peg.305.site.34, 0, 150, 150
411483.3.peg.305.site.35, 2, 148, 150
411483.3.peg.305.site.36, 6, 150, 156
411483.3.peg.305.site.37, 1, 153, 154
411483.3.peg.305.site.38, 0, 150, 150
411483.3.peg.305.site.39, 0, 152, 152
411483.3.peg.305.site.40, 4, 154, 158
411483.3.peg.305.site.41, 7, 153, 160
411483.3.peg.305.site.42, 5, 148, 153
411483.3.peg.305.site.43, 1, 144, 145
411483.3.peg.305.site.44, 1, 147, 148
411483.3.peg.305.site.45, 10, 145, 155
411483.3.peg.305.site.46, 1, 149, 150
411483.3.peg.305.site.47, 1, 150, 151
411483.3.peg.305.site.48, 53, 145, 198
411483.3.peg.304.site.1, 3, 106, 109
411483.3.peg.304.site.2, 2, 106, 108
411483.3.peg.304.site.3, 0, 144, 144
411483.3.peg.304.site.4, 2, 148, 150
411483.3.peg.304.site.5, 2, 148, 150
411483.3.peg.304.site.6, 1, 150, 151
411483.3.peg.304.site.7, 2, 155, 157
411483.3.peg.304.site.8, 4, 150, 154
411483.3.peg.304.site.9, 50, 140, 190
411483.3.peg.304.site.10, 8, 152, 160
411483.3.peg.304.site.11, 3, 152, 155
411483.3.peg.304.site.12, 2, 154, 156
411483.3.peg.304.site.13, 14, 150, 164
411483.3.peg.304.site.14, 1, 144, 145
411483.3.peg.304.site.15, 24, 143, 167
411483.3.peg.304.site.16, 2, 152, 154
411483.3.peg.304.site.17, 2, 149, 151
411483.3.peg.304.site.18, 1, 154, 155
411483.3.peg.304.site.19, 6, 145, 151
411483.3.peg.304.site.20, 1, 149, 150
411483.3.peg.304.site.21, 5, 150, 155
411483.3.peg.304.site.22, 143, 143, 286
411483.3.peg.304.site.23, 1, 142, 143
411483.3.peg.304.site.24, 1, 141, 142
411483.3.peg.304.site.25, 4, 142, 146
411483.3.peg.304.site.26, 1, 144, 145
411483.3.peg.304.site.27, 1, 148, 149
411483.3.peg.304.site.28, 1, 144, 145
411483.3.peg.304.site.29, 8, 150, 158
411483.3.peg.304.site.30, 3, 149, 152
411483.3.peg.304.site.31, 7, 147, 154
411483.3.peg.304.site.32, 78, 145, 223
411483.3.peg.304.site.33, 6, 150, 156
411483.3.peg.304.site.34, 1, 148, 149
411483.3.peg.304.site.35, 2, 147, 149
411483.3.peg.304.site.36, 4, 140, 144
411483.3.peg.304.site.37, 1, 138, 139
411483.3.peg.304.site.38, 2, 139, 141
411483.3.peg.304.site.39, 1, 113, 114
411483.3.peg.304.site.40, 4, 100, 104
411483.3.peg.304.site.41, 25, 94, 119
411483.3.peg.304.site.42, 1, 99, 100
411483.3.peg.304.site.43, 0, 110, 110
411483.3.peg.304.site.44, 0, 109, 109
411483.3.peg.304.site.45, 1, 109, 110
411483.3.peg.304.site.46, 108, 108, 216
411483.3.peg.304.site.47, 1, 111, 112
411483.3.peg.304.site.48, 3, 115, 118
411483.3.peg.304.site.49, 5, 130, 135
411483.3.peg.304.site.50, 11, 135, 146
411483.3.peg.304.site.51, 1, 144, 145
411483.3.peg.304.site.52, 3, 145, 148
411483.3.peg.304.site.53, 2, 147, 149
411483.3.peg.304.site.54, 3, 146, 149
411483.3.peg.304.site.55, 3, 145, 148
411483.3.peg.304.site.56, 5, 148, 153
411483.3.peg.304.site.57, 62, 142, 204
411483.3.peg.304.site.58, 3, 148, 151
411483.3.peg.304.site.59, 9, 142, 151
411483.3.peg.304.site.60, 2, 146, 148
411483.3.peg.304.site.61, 4, 141, 145
411483.3.peg.304.site.62, 1, 131, 132
411483.3.peg.304.site.63, 5, 138, 143
411483.3.peg.304.site.64, 8, 138, 146
411483.3.peg.304.site.65, 9, 138, 147
411483.3.peg.304.site.66, 1, 151, 152
411483.3.peg.304.site.67, 15, 151, 166
411483.3.peg.304.site.68, 2, 153, 155
411483.3.peg.304.site.69, 0, 150, 150
411483.3.peg.304.site.70, 6, 149, 155
411483.3.peg.304.site.71, 4, 149, 153
411483.3.peg.304.site.72, 3, 150, 153
411483.3.peg.304.site.73, 14, 152, 166
411483.3.peg.304.site.74, 1, 153, 154
411483.3.peg.304.site.75, 46, 147, 193
411483.3.peg.304.site.76, 40, 147, 187
411483.3.peg.304.site.77, 1, 153, 154
411483.3.peg.304.site.78, 1, 152, 153
411483.3.peg.304.site.79, 3, 154, 157
411483.3.peg.304.site.80, 5, 154, 159
411483.3.peg.304.site.81, 24, 148, 172
411483.3.peg.304.site.82, 2, 154, 156
411483.3.peg.304.site.83, 2, 153, 155
411483.3.peg.304.site.84, 1, 149, 150
411483.3.peg.304.site.85, 7, 126, 133
411483.3.peg.304.site.86, 3, 134, 137
411483.3.peg.304.site.87, 1, 141, 142
411483.3.peg.303.site.1, 1, 153, 154
411483.3.peg.303.site.2, 5, 151, 156
411483.3.peg.303.site.3, 5, 153, 158
411483.3.peg.303.site.4, 5, 153, 158
411483.3.peg.303.site.5, 44, 144, 188
411483.3.peg.303.site.6, 12, 150, 162
411483.3.peg.303.site.7, 17, 143, 160
411483.3.peg.303.site.8, 3, 151, 154
411483.3.peg.303.site.9, 3, 152, 155
411483.3.peg.303.site.10, 62, 140, 202
411483.3.peg.303.site.11, 78, 139, 217
411483.3.peg.303.site.12, 45, 145, 190
411483.3.peg.303.site.13, 20, 147, 167
411483.3.peg.303.site.14, 4, 154, 158
411483.3.peg.303.site.15, 1, 154, 155
411483.3.peg.303.site.16, 0, 151, 151
411483.3.peg.303.site.17, 2, 151, 153
411483.3.peg.303.site.18, 4, 148, 152
411483.3.peg.303.site.19, 4, 148, 152
411483.3.peg.303.site.20, 9, 147, 156
411483.3.peg.303.site.21, 1, 144, 145
411483.3.peg.303.site.22, 26, 129, 155
411483.3.peg.303.site.23, 32, 133, 165
411483.3.peg.303.site.24, 1, 145, 146
411483.3.peg.303.site.25, 1, 148, 149
411483.3.peg.303.site.26, 2, 148, 150
411483.3.peg.303.site.27, 3, 143, 146
411483.3.peg.303.site.28, 24, 142, 166
411483.3.peg.303.site.29, 1, 150, 151
411483.3.peg.303.site.30, 76, 136, 212
411483.3.peg.303.site.31, 1, 149, 150
411483.3.peg.303.site.32, 2, 151, 153
411483.3.peg.303.site.33, 1, 154, 155
411483.3.peg.303.site.34, 1, 154, 155
411483.3.peg.303.site.35, 5, 154, 159
411483.3.peg.303.site.36, 4, 152, 156
411483.3.peg.303.site.37, 0, 151, 151
411483.3.peg.303.site.38, 10, 148, 158
411483.3.peg.303.site.39, 1, 148, 149
411483.3.peg.303.site.40, 2, 146, 148
411483.3.peg.303.site.41, 1, 145, 146
411483.3.peg.303.site.42, 5, 137, 142
411483.3.peg.303.site.43, 23, 132, 155
411483.3.peg.303.site.44, 12, 136, 148
411483.3.peg.303.site.45, 1, 131, 132
411483.3.peg.303.site.46, 1, 141, 142
411483.3.peg.303.site.47, 6, 138, 144
411483.3.peg.302.site.1, 2, 144, 146
411483.3.peg.302.site.2, 1, 148, 149
411483.3.peg.302.site.3, 5, 149, 154
411483.3.peg.302.site.4, 2, 145, 147
411483.3.peg.302.site.5, 3, 143, 146
411483.3.peg.302.site.6, 0, 141, 141
411483.3.peg.302.site.7, 30, 132, 162
411483.3.peg.302.site.8, 14, 146, 160
411483.3.peg.302.site.9, 14, 148, 162
411483.3.peg.302.site.10, 2, 145, 147
411483.3.peg.302.site.11, 10, 143, 153
411483.3.peg.302.site.12, 7, 148, 155
411483.3.peg.302.site.13, 6, 145, 151
411483.3.peg.302.site.14, 36, 138, 174
411483.3.peg.302.site.15, 3, 146, 149
411483.3.peg.302.site.16, 1, 144, 145
411483.3.peg.302.site.17, 7, 147, 154
411483.3.peg.302.site.18, 17, 135, 152
411483.3.peg.302.site.19, 0, 149, 149
411483.3.peg.302.site.20, 1, 150, 151
411483.3.peg.302.site.21, 1, 151, 152
411483.3.peg.302.site.22, 101, 141, 242
411483.3.peg.302.site.23, 27, 146, 173
411483.3.peg.302.site.24, 9, 149, 158
411483.3.peg.302.site.25, 0, 148, 148
411483.3.peg.302.site.26, 1, 152, 153
411483.3.peg.302.site.27, 1, 152, 153
411483.3.peg.302.site.28, 2, 152, 154
411483.3.peg.302.site.29, 6, 153, 159
411483.3.peg.302.site.30, 6, 154, 160
411483.3.peg.302.site.31, 8, 153, 161
411483.3.peg.302.site.32, 13, 147, 160
411483.3.peg.302.site.33, 7, 151, 158
411483.3.peg.302.site.34, 12, 148, 160
411483.3.peg.302.site.35, 2, 153, 155
411483.3.peg.302.site.36, 14, 151, 165
411483.3.peg.302.site.37, 0, 154, 154
411483.3.peg.302.site.38, 1, 152, 153
411483.3.peg.302.site.39, 1, 153, 154
411483.3.peg.302.site.40, 25, 151, 176
411483.3.peg.302.site.41, 7, 147, 154
411483.3.peg.302.site.42, 2, 152, 154
411483.3.peg.300.site.1, 1, 98, 99
411483.3.peg.300.site.2, 1, 100, 101
411483.3.peg.300.site.3, 1, 100, 101
411483.3.peg.300.site.4, 0, 95, 95
411483.3.peg.300.site.5, 4, 94, 98
411483.3.peg.300.site.6, 5, 90, 95
411483.3.peg.300.site.7, 72, 83, 155
411483.3.peg.300.site.8, 12, 82, 94
411483.3.peg.300.site.9, 1, 53, 54
411483.3.peg.300.site.10, 3, 53, 56
411483.3.peg.300.site.11, 1, 95, 96
411483.3.peg.300.site.12, 5, 94, 99
411483.3.peg.300.site.13, 6, 106, 112
411483.3.peg.300.site.14, 3, 104, 107
411483.3.peg.300.site.15, 0, 107, 107
411483.3.peg.300.site.16, 0, 106, 106
411483.3.peg.300.site.17, 0, 111, 111
411483.3.peg.300.site.18, 1, 116, 117
411483.3.peg.300.site.19, 9, 119, 128
411483.3.peg.300.site.20, 16, 128, 144
411483.3.peg.300.site.21, 31, 127, 158
411483.3.peg.300.site.22, 8, 131, 139
411483.3.peg.300.site.23, 3, 142, 145
411483.3.peg.300.site.24, 1, 143, 144
411483.3.peg.300.site.25, 4, 144, 148
411483.3.peg.300.site.26, 11, 149, 160
411483.3.peg.300.site.27, 0, 153, 153
411483.3.peg.300.site.28, 0, 148, 148
411483.3.peg.300.site.29, 1, 154, 155
411483.3.peg.300.site.30, 2, 146, 148
411483.3.peg.300.site.31, 0, 140, 140
411483.3.peg.300.site.32, 3, 134, 137
411483.3.peg.300.site.33, 4, 126, 130
411483.3.peg.300.site.34, 8, 91, 99
411483.3.peg.1060.site.1, 5, 152, 157
411483.3.peg.1060.site.2, 2, 154, 156
411483.3.peg.1060.site.3, 3, 146, 149
411483.3.peg.1060.site.4, 2, 140, 142
411483.3.peg.1060.site.5, 11, 144, 155
411483.3.peg.1060.site.6, 3, 151, 154
411483.3.peg.1060.site.7, 18, 149, 167
411483.3.peg.1060.site.8, 2, 149, 151
411483.3.peg.1060.site.9, 5, 153, 158
411483.3.peg.1060.site.10, 0, 148, 148
411483.3.peg.1060.site.11, 8, 151, 159
411483.3.peg.1060.site.12, 27, 148, 175
411483.3.peg.1060.site.13, 16, 149, 165
411483.3.peg.1060.site.14, 3, 152, 155
411483.3.peg.1060.site.15, 5, 150, 155
411483.3.peg.1060.site.16, 66, 148, 214
411483.3.peg.1060.site.17, 12, 142, 154
411483.3.peg.1060.site.18, 3, 155, 158
411483.3.peg.1060.site.19, 1, 152, 153
411483.3.peg.1060.site.20, 2, 149, 151
411483.3.peg.1060.site.21, 117, 143, 260
411483.3.peg.1060.site.22, 10, 148, 158
411483.3.peg.1060.site.23, 6, 151, 157
411483.3.peg.1060.site.24, 3, 152, 155
411483.3.peg.1060.site.25, 24, 139, 163
411483.3.peg.1060.site.26, 2, 151, 153
411483.3.peg.1060.site.27, 1, 151, 152
411483.3.peg.1060.site.28, 9, 149, 158
411483.3.peg.1060.site.29, 2, 154, 156
411483.3.peg.1060.site.30, 154, 154, 308
411483.3.peg.1060.site.31, 3, 150, 153
411483.3.peg.1060.site.32, 2, 153, 155
411483.3.peg.1060.site.33, 5, 151, 156
411483.3.peg.1060.site.34, 0, 151, 151
411483.3.peg.1060.site.35, 3, 151, 154
411483.3.peg.1060.site.36, 5, 154, 159
411483.3.peg.1060.site.37, 0, 153, 153
411483.3.peg.1060.site.38, 4, 152, 156
411483.3.peg.1060.site.39, 10, 146, 156
411483.3.peg.1060.site.40, 4, 153, 157
411483.3.peg.1060.site.41, 24, 146, 170
411483.3.peg.1060.site.42, 4, 149, 153
411483.3.peg.1060.site.43, 152, 154, 306
411483.3.peg.1060.site.44, 5, 155, 160
411483.3.peg.1060.site.45, 22, 154, 176
411483.3.peg.1060.site.46, 0, 152, 152
411483.3.peg.1060.site.47, 6, 152, 158
411483.3.peg.1060.site.48, 1, 154, 155
411483.3.peg.1060.site.49, 135, 147, 282
411483.3.peg.1060.site.50, 1, 153, 154
411483.3.peg.1060.site.51, 3, 152, 155
411483.3.peg.1060.site.52, 5, 151, 156
411483.3.peg.1060.site.53, 1, 153, 154
411483.3.peg.1060.site.54, 2, 153, 155
411483.3.peg.1060.site.55, 13, 153, 166
411483.3.peg.1060.site.56, 1, 154, 155
411483.3.peg.1060.site.57, 26, 148, 174
411483.3.peg.1060.site.58, 2, 151, 153
411483.3.peg.1060.site.59, 11, 148, 159
411483.3.peg.1060.site.60, 2, 152, 154
411483.3.peg.1060.site.61, 21, 142, 163
411483.3.peg.1060.site.62, 4, 149, 153
411483.3.peg.1060.site.63, 4, 147, 151
411483.3.peg.1060.site.64, 1, 150, 151
411483.3.peg.1060.site.65, 148, 151, 299
411483.3.peg.1060.site.66, 12, 145, 157
411483.3.peg.1060.site.67, 2, 148, 150
411483.3.peg.1060.site.68, 8, 147, 155
411483.3.peg.1060.site.69, 2, 148, 150
411483.3.peg.1060.site.70, 0, 147, 147
411483.3.peg.1060.site.71, 7, 151, 158
411483.3.peg.1060.site.72, 3, 154, 157
411483.3.peg.1060.site.73, 0, 152, 152
411483.3.peg.1060.site.74, 11, 152, 163
411483.3.peg.1060.site.75, 0, 150, 150
411483.3.peg.1060.site.76, 12, 147, 159
411483.3.peg.1060.site.77, 2, 152, 154
411483.3.peg.1060.site.78, 2, 153, 155
411483.3.peg.1060.site.79, 6, 148, 154
411483.3.peg.1060.site.80, 14, 148, 162
411483.3.peg.1060.site.81, 4, 154, 158
411483.3.peg.1060.site.82, 3, 153, 156
411483.3.peg.1060.site.83, 10, 145, 155
411483.3.peg.1060.site.84, 0, 151, 151
411483.3.peg.1060.site.85, 2, 152, 154
411483.3.peg.1060.site.86, 1, 154, 155
411483.3.peg.1060.site.87, 1, 153, 154
411483.3.peg.1060.site.88, 2, 154, 156
411483.3.peg.1060.site.89, 1, 153, 154
411483.3.peg.1060.site.90, 3, 152, 155
411483.3.peg.1060.site.91, 1, 154, 155
411483.3.peg.1060.site.92, 8, 150, 158
411483.3.peg.1060.site.93, 6, 152, 158
411483.3.peg.1060.site.94, 1, 153, 154
411483.3.peg.1060.site.95, 143, 147, 290
411483.3.peg.1060.site.96, 79, 126, 205
411483.3.peg.1060.site.97, 56, 126, 182
411483.3.peg.1060.site.98, 9, 141, 150
411483.3.peg.1060.site.99, 1, 142, 143
411483.3.peg.1060.site.100, 2, 142, 144
411483.3.peg.1060.site.101, 2, 141, 143
411483.3.peg.1060.site.102, 8, 139, 147
411483.3.peg.1060.site.103, 3, 147, 150
411483.3.peg.1060.site.104, 5, 150, 155
411483.3.peg.1060.site.105, 2, 145, 147
411483.3.peg.1060.site.106, 76, 142, 218
411483.3.peg.1061.site.1, 1, 150, 151
411483.3.peg.1061.site.2, 3, 144, 147
411483.3.peg.1061.site.3, 1, 147, 148
411483.3.peg.1061.site.4, 3, 136, 139
411483.3.peg.1061.site.5, 22, 131, 153
411483.3.peg.1061.site.6, 8, 131, 139
411483.3.peg.1061.site.7, 5, 140, 145
411483.3.peg.1061.site.8, 9, 136, 145
411483.3.peg.1061.site.9, 0, 135, 135
411483.3.peg.1061.site.10, 8, 134, 142
411483.3.peg.1061.site.11, 10, 136, 146
411483.3.peg.1061.site.12, 3, 146, 149
411483.3.peg.1061.site.13, 10, 144, 154
411483.3.peg.1061.site.14, 152, 153, 305
411483.3.peg.1061.site.15, 7, 150, 157
411483.3.peg.1061.site.16, 1, 153, 154
411483.3.peg.1061.site.17, 5, 149, 154
411483.3.peg.1061.site.18, 5, 151, 156
411483.3.peg.1061.site.19, 1, 153, 154
411483.3.peg.1061.site.20, 1, 150, 151
411483.3.peg.1061.site.21, 28, 151, 179
411483.3.peg.1061.site.22, 93, 143, 236
411483.3.peg.1061.site.23, 125, 148, 273
411483.3.peg.1061.site.24, 1, 151, 152
411483.3.peg.1061.site.25, 4, 150, 154
411483.3.peg.1061.site.26, 102, 135, 237
411483.3.peg.1061.site.27, 2, 138, 140
411483.3.peg.1061.site.28, 0, 133, 133
411483.3.peg.1061.site.29, 6, 133, 139
411483.3.peg.1061.site.30, 18, 127, 145
411483.3.peg.1061.site.31, 9, 128, 137
411483.3.peg.1061.site.32, 4, 125, 129
411483.3.peg.1061.site.33, 6, 134, 140
411483.3.peg.1061.site.34, 12, 130, 142
411483.3.peg.1061.site.35, 23, 127, 150
411483.3.peg.1061.site.36, 2, 137, 139
411483.3.peg.1061.site.37, 44, 130, 174
411483.3.peg.1061.site.38, 2, 141, 143
411483.3.peg.1061.site.39, 15, 144, 159
411483.3.peg.1061.site.40, 10, 144, 154
411483.3.peg.1061.site.41, 4, 147, 151
411483.3.peg.1061.site.42, 5, 148, 153
411483.3.peg.1061.site.43, 2, 143, 145
411483.3.peg.1061.site.44, 18, 140, 158
411483.3.peg.1061.site.45, 5, 141, 146
411483.3.peg.1061.site.46, 1, 134, 135
411483.3.peg.1061.site.47, 3, 132, 135
411483.3.peg.1061.site.48, 57, 117, 174
411483.3.peg.1061.site.49, 2, 130, 132
411483.3.peg.1061.site.50, 1, 121, 122
411483.3.peg.1061.site.51, 1, 99, 100
411483.3.peg.1061.site.52, 45, 86, 131
411483.3.peg.1061.site.53, 6, 99, 105
411483.3.peg.1061.site.54, 8, 119, 127
411483.3.peg.1061.site.55, 23, 130, 153
411483.3.peg.1061.site.56, 5, 138, 143
411483.3.peg.1061.site.57, 80, 131, 211
411483.3.peg.1061.site.58, 1, 141, 142
411483.3.peg.1061.site.59, 1, 144, 145
411483.3.peg.1061.site.60, 10, 141, 151
411483.3.peg.1061.site.61, 1, 146, 147
411483.3.peg.1061.site.62, 0, 141, 141
411483.3.peg.1061.site.63, 1, 132, 133
411483.3.peg.1061.site.64, 140, 140, 280
411483.3.peg.1061.site.65, 1, 134, 135
411483.3.peg.1061.site.66, 0, 134, 134
411483.3.peg.1061.site.67, 2, 133, 135
411483.3.peg.1061.site.68, 131, 134, 265
411483.3.peg.1061.site.69, 9, 131, 140
411483.3.peg.1061.site.70, 12, 149, 161
411483.3.peg.1061.site.71, 0, 151, 151
411483.3.peg.1061.site.72, 4, 146, 150
411483.3.peg.1061.site.73, 2, 151, 153
411483.3.peg.1061.site.74, 3, 145, 148
411483.3.peg.1061.site.75, 1, 150, 151
411483.3.peg.1061.site.76, 126, 146, 272
411483.3.peg.1061.site.77, 20, 138, 158
411483.3.peg.1062.site.1, 2, 149, 151
411483.3.peg.1062.site.2, 0, 148, 148
411483.3.peg.1062.site.3, 0, 137, 137
411483.3.peg.1062.site.4, 0, 139, 139
411483.3.peg.1062.site.5, 117, 129, 246
411483.3.peg.1062.site.6, 106, 122, 228
411483.3.peg.1062.site.7, 1, 141, 142
411483.3.peg.1062.site.8, 1, 137, 138
411483.3.peg.1062.site.9, 1, 146, 147
411483.3.peg.1062.site.10, 36, 134, 170
411483.3.peg.1062.site.11, 5, 151, 156
411483.3.peg.1062.site.12, 2, 143, 145
411483.3.peg.1062.site.13, 30, 147, 177
411483.3.peg.1062.site.14, 2, 145, 147
411483.3.peg.1062.site.15, 145, 150, 295
411483.3.peg.1062.site.16, 36, 145, 181
411483.3.peg.1062.site.17, 29, 140, 169
411483.3.peg.1062.site.18, 30, 145, 175
411483.3.peg.1062.site.19, 14, 143, 157
411483.3.peg.1062.site.20, 2, 141, 143
411483.3.peg.1062.site.21, 1, 139, 140
411483.3.peg.1062.site.22, 73, 77, 150
411483.3.peg.1062.site.23, 1, 53, 54
411483.3.peg.1062.site.24, 39, 43, 82
411483.3.peg.1062.site.25, 29, 33, 62
411483.3.peg.1062.site.26, 58, 60, 118
411483.3.peg.1062.site.27, 2, 87, 89
411483.3.peg.1062.site.28, 3, 137, 140
411483.3.peg.1062.site.29, 78, 134, 212
411483.3.peg.1062.site.30, 3, 145, 148
411483.3.peg.1062.site.31, 3, 150, 153
411483.3.peg.1062.site.32, 7, 153, 160
411483.3.peg.1062.site.33, 37, 145, 182
411483.3.peg.1062.site.34, 60, 144, 204
411483.3.peg.1062.site.35, 5, 152, 157
411483.3.peg.1062.site.36, 59, 142, 201
411483.3.peg.1062.site.37, 3, 154, 157
411483.3.peg.1062.site.38, 21, 147, 168
411483.3.peg.1062.site.39, 13, 146, 159
411483.3.peg.1062.site.40, 10, 146, 156
411483.3.peg.1062.site.41, 5, 151, 156
411483.3.peg.1062.site.42, 11, 149, 160
411483.3.peg.1062.site.43, 2, 147, 149
411483.3.peg.1062.site.44, 142, 142, 284
411483.3.peg.1062.site.45, 1, 145, 146
411483.3.peg.1062.site.46, 23, 138, 161
411483.3.peg.1062.site.47, 1, 145, 146
411483.3.peg.1062.site.48, 50, 141, 191
411483.3.peg.1062.site.49, 1, 148, 149
411483.3.peg.1062.site.50, 27, 143, 170
411483.3.peg.1062.site.51, 22, 139, 161
411483.3.peg.1062.site.52, 4, 144, 148
411483.3.peg.1062.site.53, 6, 145, 151
411483.3.peg.1062.site.54, 1, 148, 149
411483.3.peg.1062.site.55, 77, 130, 207
411483.3.peg.1062.site.56, 22, 139, 161
411483.3.peg.1062.site.57, 3, 144, 147
411483.3.peg.1062.site.58, 1, 142, 143
411483.3.peg.1062.site.59, 3, 139, 142
411483.3.peg.1062.site.60, 7, 150, 157
411483.3.peg.1062.site.61, 0, 152, 152
411483.3.peg.1062.site.62, 151, 152, 303
411483.3.peg.1063.site.1, 1, 153, 154
411483.3.peg.1063.site.2, 0, 153, 153
411483.3.peg.1063.site.3, 13, 149, 162
411483.3.peg.1063.site.4, 0, 152, 152
411483.3.peg.1063.site.5, 55, 144, 199
411483.3.peg.1063.site.6, 3, 146, 149
411483.3.peg.1063.site.7, 2, 143, 145
411483.3.peg.1063.site.8, 138, 138, 276
411483.3.peg.1063.site.9, 2, 132, 134
411483.3.peg.1063.site.10, 105, 130, 235
411483.3.peg.1063.site.11, 2, 137, 139
411483.3.peg.1063.site.12, 2, 149, 151
411483.3.peg.1063.site.13, 10, 150, 160
411483.3.peg.1063.site.14, 3, 153, 156
411483.3.peg.1063.site.15, 3, 151, 154
411483.3.peg.1063.site.16, 2, 153, 155
411483.3.peg.1063.site.17, 3, 153, 156
411483.3.peg.1063.site.18, 6, 154, 160
411483.3.peg.1063.site.19, 15, 144, 159
411483.3.peg.1063.site.20, 0, 152, 152
411483.3.peg.1063.site.21, 58, 141, 199
411483.3.peg.1063.site.22, 17, 144, 161
411483.3.peg.1063.site.23, 3, 152, 155
411483.3.peg.1063.site.24, 3, 152, 155
411483.3.peg.1063.site.25, 119, 144, 263
411483.3.peg.1063.site.26, 5, 153, 158
411483.3.peg.1063.site.27, 4, 154, 158
411483.3.peg.1063.site.28, 1, 150, 151
411483.3.peg.1063.site.29, 1, 152, 153
411483.3.peg.1063.site.30, 13, 147, 160
411483.3.peg.1063.site.31, 1, 149, 150
411483.3.peg.1063.site.32, 3, 151, 154
411483.3.peg.1063.site.33, 2, 150, 152
411483.3.peg.1063.site.34, 0, 150, 150
411483.3.peg.1063.site.35, 6, 150, 156
411483.3.peg.1063.site.36, 1, 150, 151
411483.3.peg.1063.site.37, 5, 148, 153
411483.3.peg.1063.site.38, 42, 137, 179
411483.3.peg.1063.site.39, 2, 148, 150
411483.3.peg.1063.site.40, 4, 151, 155
411483.3.peg.1063.site.41, 2, 153, 155
411483.3.peg.1063.site.42, 0, 151, 151
411483.3.peg.1063.site.43, 1, 151, 152
411483.3.peg.1063.site.44, 1, 151, 152
411483.3.peg.1063.site.45, 7, 146, 153
411483.3.peg.1063.site.46, 1, 151, 152
411483.3.peg.1064.site.1, 7, 150, 157
411483.3.peg.1064.site.2, 2, 153, 155
411483.3.peg.1064.site.3, 1, 155, 156
411483.3.peg.1064.site.4, 7, 154, 161
411483.3.peg.1064.site.5, 14, 145, 159
411483.3.peg.1064.site.6, 1, 155, 156
411483.3.peg.1064.site.7, 5, 154, 159
411483.3.peg.1064.site.8, 1, 153, 154
411483.3.peg.1064.site.9, 77, 138, 215
411483.3.peg.1064.site.10, 20, 145, 165
411483.3.peg.1064.site.11, 7, 148, 155
411483.3.peg.1064.site.12, 6, 146, 152
411483.3.peg.1064.site.13, 97, 133, 230
411483.3.peg.1064.site.14, 89, 130, 219
411483.3.peg.1064.site.15, 3, 125, 128
411483.3.peg.1064.site.16, 108, 126, 234
411483.3.peg.1064.site.17, 7, 132, 139
411483.3.peg.1064.site.18, 0, 126, 126
411483.3.peg.1064.site.19, 2, 130, 132
411483.3.peg.1064.site.20, 0, 133, 133
411483.3.peg.1064.site.21, 2, 141, 143
411483.3.peg.1064.site.22, 3, 150, 153
411483.3.peg.1064.site.23, 31, 146, 177
411483.3.peg.1064.site.24, 0, 148, 148
411483.3.peg.1064.site.25, 0, 149, 149
411483.3.peg.1064.site.26, 7, 153, 160
411483.3.peg.1064.site.27, 5, 154, 159
411483.3.peg.1064.site.28, 3, 149, 152
411483.3.peg.1064.site.29, 2, 154, 156
411483.3.peg.1064.site.30, 13, 152, 165
411483.3.peg.1064.site.31, 12, 153, 165
411483.3.peg.1064.site.32, 8, 146, 154
411483.3.peg.1064.site.33, 6, 146, 152
411483.3.peg.1064.site.34, 0, 152, 152
411483.3.peg.1064.site.35, 1, 155, 156
411483.3.peg.1064.site.36, 31, 147, 178
411483.3.peg.1064.site.37, 3, 153, 156
411483.3.peg.1064.site.38, 2, 151, 153
411483.3.peg.1064.site.39, 0, 151, 151
411483.3.peg.1064.site.40, 23, 147, 170
411483.3.peg.1064.site.41, 6, 150, 156
411483.3.peg.1064.site.42, 19, 143, 162
411483.3.peg.1064.site.43, 3, 149, 152
411483.3.peg.1064.site.44, 1, 152, 153
411483.3.peg.1064.site.45, 10, 148, 158
411483.3.peg.1064.site.46, 1, 152, 153
411483.3.peg.1064.site.47, 2, 154, 156
411483.3.peg.1064.site.48, 0, 149, 149
411483.3.peg.1064.site.49, 2, 149, 151
411483.3.peg.1064.site.50, 5, 151, 156
411483.3.peg.1064.site.51, 11, 146, 157
411483.3.peg.1064.site.52, 53, 139, 192
411483.3.peg.1064.site.53, 35, 147, 182
411483.3.peg.1064.site.54, 3, 153, 156
411483.3.peg.1064.site.55, 4, 154, 158
411483.3.peg.1064.site.56, 13, 152, 165
411483.3.peg.1064.site.57, 20, 150, 170
411483.3.peg.1064.site.58, 0, 155, 155
411483.3.peg.1065.site.1, 14, 152, 166
411483.3.peg.1065.site.2, 0, 155, 155
411483.3.peg.1065.site.3, 0, 153, 153
411483.3.peg.1065.site.4, 1, 154, 155
411483.3.peg.1065.site.5, 22, 150, 172
411483.3.peg.1065.site.6, 26, 143, 169
411483.3.peg.1065.site.7, 4, 154, 158
411483.3.peg.1065.site.8, 141, 153, 294
411483.3.peg.1065.site.9, 1, 154, 155
411483.3.peg.1065.site.10, 1, 154, 155
411483.3.peg.1065.site.11, 1, 154, 155
411483.3.peg.1065.site.12, 1, 155, 156
411483.3.peg.1065.site.13, 5, 155, 160
411483.3.peg.1065.site.14, 65, 146, 211
411483.3.peg.1065.site.15, 9, 148, 157
411483.3.peg.1065.site.16, 2, 152, 154
411483.3.peg.1065.site.17, 59, 138, 197
411483.3.peg.1065.site.18, 52, 138, 190
411483.3.peg.1065.site.19, 5, 150, 155
411483.3.peg.1065.site.20, 1, 152, 153
411483.3.peg.1065.site.21, 0, 153, 153
411483.3.peg.1065.site.22, 0, 153, 153
411483.3.peg.1065.site.23, 5, 151, 156
411483.3.peg.1065.site.24, 90, 142, 232
411483.3.peg.1065.site.25, 7, 146, 153
411483.3.peg.1065.site.26, 3, 154, 157
411483.3.peg.1065.site.27, 2, 154, 156
411483.3.peg.1065.site.28, 6, 148, 154
411483.3.peg.1065.site.29, 7, 150, 157
411483.3.peg.1065.site.30, 1, 153, 154
411483.3.peg.1065.site.31, 1, 152, 153
411483.3.peg.1065.site.32, 1, 154, 155
411483.3.peg.1065.site.33, 44, 142, 186
411483.3.peg.1065.site.34, 152, 154, 306
411483.3.peg.1065.site.35, 0, 155, 155
411483.3.peg.1065.site.36, 6, 154, 160
411483.3.peg.1065.site.37, 3, 149, 152
411483.3.peg.1065.site.38, 17, 147, 164
411483.3.peg.1065.site.39, 18, 146, 164
411483.3.peg.1065.site.40, 65, 137, 202
411483.3.peg.1065.site.41, 5, 150, 155
411483.3.peg.1065.site.42, 103, 144, 247
411483.3.peg.1065.site.43, 0, 153, 153
411483.3.peg.1065.site.44, 6, 146, 152
411483.3.peg.1065.site.45, 151, 151, 302
411483.3.peg.1065.site.46, 40, 145, 185
411483.3.peg.1065.site.47, 37, 135, 172
411483.3.peg.1065.site.48, 0, 146, 146
411483.3.peg.1065.site.49, 4, 144, 148
411483.3.peg.1065.site.50, 2, 146, 148
411483.3.peg.1065.site.51, 1, 150, 151
411483.3.peg.1065.site.52, 1, 151, 152
411483.3.peg.1065.site.53, 0, 150, 150
411483.3.peg.1065.site.54, 5, 154, 159
411483.3.peg.1065.site.55, 4, 153, 157
411483.3.peg.1065.site.56, 0, 150, 150
411483.3.peg.1065.site.57, 0, 151, 151
411483.3.peg.1065.site.58, 5, 150, 155
411483.3.peg.1065.site.59, 1, 152, 153
411483.3.peg.1065.site.60, 3, 153, 156
411483.3.peg.1065.site.61, 2, 153, 155
411483.3.peg.1065.site.62, 3, 153, 156
411483.3.peg.1065.site.63, 1, 152, 153
411483.3.peg.1065.site.64, 152, 152, 304
411483.3.peg.1065.site.65, 2, 152, 154
411483.3.peg.1065.site.66, 1, 154, 155
411483.3.peg.1065.site.67, 17, 150, 167
411483.3.peg.1065.site.68, 2, 155, 157
411483.3.peg.1065.site.69, 1, 153, 154
411483.3.peg.1065.site.70, 23, 151, 174
411483.3.peg.1065.site.71, 1, 153, 154
411483.3.peg.1065.site.72, 2, 154, 156
411483.3.peg.1065.site.73, 47, 148, 195
411483.3.peg.1065.site.74, 15, 145, 160
411483.3.peg.1065.site.75, 10, 151, 161
411483.3.peg.1065.site.76, 3, 151, 154
411483.3.peg.1065.site.77, 1, 151, 152
411483.3.peg.309.site.1, 3, 102, 105
411483.3.peg.309.site.2, 4, 123, 127
411483.3.peg.309.site.3, 9, 125, 134
411483.3.peg.309.site.4, 0, 130, 130
411483.3.peg.309.site.5, 28, 137, 165
411483.3.peg.309.site.6, 6, 127, 133
411483.3.peg.309.site.7, 4, 130, 134
411483.3.peg.309.site.8, 2, 135, 137
411483.3.peg.309.site.9, 10, 130, 140
411483.3.peg.309.site.10, 2, 135, 137
411483.3.peg.309.site.11, 4, 140, 144
411483.3.peg.309.site.12, 19, 137, 156
411483.3.peg.309.site.13, 4, 136, 140
411483.3.peg.309.site.14, 3, 148, 151
411483.3.peg.309.site.15, 1, 149, 150
411483.3.peg.309.site.16, 74, 143, 217
411483.3.peg.309.site.17, 74, 139, 213
411483.3.peg.309.site.18, 142, 146, 288
411483.3.peg.309.site.19, 10, 141, 151
411483.3.peg.309.site.20, 1, 146, 147
411483.3.peg.309.site.21, 3, 148, 151
411483.3.peg.309.site.22, 1, 145, 146
411483.3.peg.309.site.23, 1, 148, 149
411483.3.peg.309.site.24, 0, 149, 149
411483.3.peg.309.site.25, 41, 148, 189
411483.3.peg.309.site.26, 4, 154, 158
411483.3.peg.309.site.27, 14, 151, 165
411483.3.peg.309.site.28, 21, 149, 170
411483.3.peg.309.site.29, 1, 154, 155
411483.3.peg.309.site.30, 25, 142, 167
411483.3.peg.309.site.31, 0, 153, 153
411483.3.peg.309.site.32, 3, 154, 157
411483.3.peg.309.site.33, 2, 153, 155
411483.3.peg.309.site.34, 6, 152, 158
411483.3.peg.309.site.35, 3, 153, 156
411483.3.peg.309.site.36, 44, 141, 185
411483.3.peg.309.site.37, 3, 147, 150
411483.3.peg.309.site.38, 0, 149, 149
411483.3.peg.309.site.39, 3, 147, 150
411483.3.peg.309.site.40, 5, 143, 148
411483.3.peg.309.site.41, 1, 140, 141
411483.3.peg.309.site.42, 75, 132, 207
411483.3.peg.309.site.43, 48, 134, 182
411483.3.peg.309.site.44, 2, 144, 146
411483.3.peg.309.site.45, 4, 145, 149
411483.3.peg.309.site.46, 1, 144, 145
411483.3.peg.309.site.47, 128, 135, 263
411483.3.peg.309.site.48, 16, 135, 151
411483.3.peg.309.site.49, 12, 134, 146
411483.3.peg.309.site.50, 3, 141, 144
411483.3.peg.309.site.51, 10, 147, 157
411483.3.peg.309.site.52, 1, 151, 152
411483.3.peg.309.site.53, 11, 152, 163
411483.3.peg.309.site.54, 3, 154, 157
411483.3.peg.1067.site.1, 0, 153, 153
411483.3.peg.1067.site.2, 1, 150, 151
411483.3.peg.1067.site.3, 0, 152, 152
411483.3.peg.1067.site.4, 11, 146, 157
411483.3.peg.1067.site.5, 2, 151, 153
411483.3.peg.1067.site.6, 1, 153, 154
411483.3.peg.1067.site.7, 5, 152, 157
411483.3.peg.1067.site.8, 2, 152, 154
411483.3.peg.1067.site.9, 1, 151, 152
411483.3.peg.1067.site.10, 3, 151, 154
411483.3.peg.1067.site.11, 5, 144, 149
411483.3.peg.1067.site.12, 53, 137, 190
411483.3.peg.1067.site.13, 3, 136, 139
411483.3.peg.1067.site.14, 41, 128, 169
411483.3.peg.1067.site.15, 3, 132, 135
411483.3.peg.1067.site.16, 10, 124, 134
411483.3.peg.1067.site.17, 9, 121, 130
411483.3.peg.1067.site.18, 97, 110, 207
411483.3.peg.1067.site.19, 20, 98, 118
411483.3.peg.1067.site.20, 2, 111, 113
411483.3.peg.1067.site.21, 2, 109, 111
411483.3.peg.1067.site.22, 14, 116, 130
411483.3.peg.1067.site.23, 6, 106, 112
411483.3.peg.1067.site.24, 2, 97, 99
411483.3.peg.1067.site.25, 2, 103, 105
411483.3.peg.1067.site.26, 72, 104, 176
411483.3.peg.1067.site.27, 14, 146, 160
411483.3.peg.1067.site.28, 6, 151, 157
411483.3.peg.1067.site.29, 4, 147, 151
411483.3.peg.1067.site.30, 1, 150, 151
411483.3.peg.1067.site.31, 9, 150, 159
411483.3.peg.1067.site.32, 9, 150, 159
411483.3.peg.1067.site.33, 13, 149, 162
411483.3.peg.1067.site.34, 6, 148, 154
411483.3.peg.1067.site.35, 0, 151, 151
411483.3.peg.1067.site.36, 14, 148, 162
411483.3.peg.1067.site.37, 2, 150, 152
411483.3.peg.1067.site.38, 2, 148, 150
411483.3.peg.1067.site.39, 0, 152, 152
411483.3.peg.1067.site.40, 1, 149, 150
411483.3.peg.1067.site.41, 94, 132, 226
411483.3.peg.1067.site.42, 66, 126, 192
411483.3.peg.1067.site.43, 0, 138, 138
411483.3.peg.1067.site.44, 1, 139, 140
411483.3.peg.1067.site.45, 1, 141, 142
411483.3.peg.1067.site.46, 1, 140, 141
411483.3.peg.1067.site.47, 1, 137, 138
411483.3.peg.1067.site.48, 4, 142, 146
411483.3.peg.1067.site.49, 1, 144, 145
411483.3.peg.1067.site.50, 14, 133, 147
411483.3.peg.1067.site.51, 2, 123, 125
411483.3.peg.1067.site.52, 4, 128, 132
411483.3.peg.1067.site.53, 2, 123, 125
411483.3.peg.1067.site.54, 4, 112, 116
411483.3.peg.1067.site.55, 7, 107, 114
411483.3.peg.1067.site.56, 1, 105, 106
411483.3.peg.1067.site.57, 84, 94, 178
411483.3.peg.1067.site.58, 5, 98, 103
411483.3.peg.1067.site.59, 0, 114, 114
411483.3.peg.1067.site.60, 4, 109, 113
411483.3.peg.1067.site.61, 0, 121, 121
411483.3.peg.1067.site.62, 10, 142, 152
411483.3.peg.1067.site.63, 3, 138, 141
411483.3.peg.1067.site.64, 0, 134, 134
411483.3.peg.1067.site.65, 18, 133, 151
411483.3.peg.1067.site.66, 0, 139, 139
411483.3.peg.1067.site.67, 0, 132, 132
411483.3.peg.1067.site.68, 24, 117, 141
411483.3.peg.1067.site.69, 13, 122, 135
411483.3.peg.1067.site.70, 5, 101, 106
411483.3.peg.1067.site.71, 1, 102, 103
411483.3.peg.1067.site.72, 77, 89, 166
411483.3.peg.1067.site.73, 3, 104, 107
411483.3.peg.1067.site.74, 3, 122, 125
411483.3.peg.1067.site.75, 4, 123, 127
411483.3.peg.1067.site.76, 61, 111, 172
411483.3.peg.1067.site.77, 15, 125, 140
411483.3.peg.1067.site.78, 8, 131, 139
411483.3.peg.1067.site.79, 1, 132, 133
411483.3.peg.1067.site.80, 1, 130, 131
411483.3.peg.1067.site.81, 14, 128, 142
411483.3.peg.1067.site.82, 0, 138, 138
411483.3.peg.1067.site.83, 0, 136, 136
411483.3.peg.1067.site.84, 17, 143, 160
411483.3.peg.1067.site.85, 3, 147, 150
411483.3.peg.1067.site.86, 5, 147, 152
411483.3.peg.1067.site.87, 7, 147, 154
411483.3.peg.1067.site.88, 17, 144, 161
411483.3.peg.1067.site.89, 4, 146, 150
411483.3.peg.1067.site.90, 3, 145, 148
411483.3.peg.1067.site.91, 43, 138, 181
411483.3.peg.2.site.1, 36, 141, 177
411483.3.peg.2.site.2, 5, 152, 157
411483.3.peg.2.site.3, 4, 150, 154
411483.3.peg.2.site.4, 5, 150, 155
411483.3.peg.2.site.5, 6, 153, 159
411483.3.peg.2.site.6, 4, 153, 157
411483.3.peg.2.site.7, 1, 154, 155
411483.3.peg.2.site.8, 1, 152, 153
411483.3.peg.2.site.9, 1, 153, 154
411483.3.peg.2.site.10, 0, 151, 151
411483.3.peg.2.site.11, 31, 148, 179
411483.3.peg.2.site.12, 1, 151, 152
411483.3.peg.2.site.13, 10, 148, 158
411483.3.peg.2.site.14, 29, 142, 171
411483.3.peg.2.site.15, 10, 142, 152
411483.3.peg.2.site.16, 2, 144, 146
411483.3.peg.2.site.17, 65, 132, 197
411483.3.peg.2.site.18, 2, 146, 148
411483.3.peg.2.site.19, 2, 148, 150
411483.3.peg.2.site.20, 44, 137, 181
411483.3.peg.2.site.21, 24, 137, 161
411483.3.peg.2.site.22, 6, 147, 153
411483.3.peg.2.site.23, 33, 141, 174
411483.3.peg.2.site.24, 88, 139, 227
411483.3.peg.2.site.25, 1, 149, 150
411483.3.peg.2.site.26, 13, 152, 165
411483.3.peg.2.site.27, 3, 150, 153
411483.3.peg.2.site.28, 153, 153, 306
411483.3.peg.2.site.29, 2, 151, 153
411483.3.peg.2.site.30, 7, 149, 156
411483.3.peg.2.site.31, 3, 154, 157
411483.3.peg.2.site.32, 68, 146, 214
411483.3.peg.2.site.33, 75, 141, 216
411483.3.peg.2.site.34, 1, 153, 154
411483.3.peg.2.site.35, 3, 151, 154
411483.3.peg.2.site.36, 4, 150, 154
411483.3.peg.2.site.37, 7, 147, 154
411483.3.peg.2.site.38, 1, 148, 149
411483.3.peg.2.site.39, 3, 140, 143
411483.3.peg.2.site.40, 11, 146, 157
411483.3.peg.2.site.41, 2, 146, 148
411483.3.peg.2.site.42, 82, 136, 218
411483.3.peg.2.site.43, 73, 137, 210
411483.3.peg.2.site.44, 3, 147, 150
411483.3.peg.2.site.45, 0, 147, 147
411483.3.peg.2.site.46, 26, 133, 159
411483.3.peg.2.site.47, 3, 142, 145
411483.3.peg.2.site.48, 5, 146, 151
411483.3.peg.2.site.49, 2, 146, 148
411483.3.peg.3.site.1, 2, 143, 145
411483.3.peg.3.site.2, 0, 143, 143
411483.3.peg.3.site.3, 0, 144, 144
411483.3.peg.3.site.4, 12, 139, 151
411483.3.peg.3.site.5, 1, 138, 139
411483.3.peg.3.site.6, 1, 137, 138
411483.3.peg.3.site.7, 15, 133, 148
411483.3.peg.3.site.8, 3, 131, 134
411483.3.peg.3.site.9, 1, 134, 135
411483.3.peg.3.site.10, 5, 129, 134
411483.3.peg.3.site.11, 18, 138, 156
411483.3.peg.3.site.12, 3, 143, 146
411483.3.peg.3.site.13, 2, 148, 150
411483.3.peg.3.site.14, 3, 150, 153
411483.3.peg.3.site.15, 31, 142, 173
411483.3.peg.3.site.16, 2, 147, 149
411483.3.peg.6.site.1, 2, 147, 149
411483.3.peg.6.site.2, 5, 146, 151
411483.3.peg.6.site.3, 0, 144, 144
411483.3.peg.6.site.4, 3, 147, 150
411483.3.peg.6.site.5, 5, 148, 153
411483.3.peg.6.site.6, 13, 147, 160
411483.3.peg.6.site.7, 0, 144, 144
411483.3.peg.6.site.8, 17, 145, 162
411483.3.peg.6.site.9, 2, 147, 149
411483.3.peg.6.site.10, 87, 136, 223
411483.3.peg.6.site.11, 1, 142, 143
411483.3.peg.6.site.12, 3, 144, 147
411483.3.peg.6.site.13, 3, 142, 145
411483.3.peg.6.site.14, 1, 141, 142
411483.3.peg.6.site.15, 6, 130, 136
411483.3.peg.6.site.16, 12, 130, 142
411483.3.peg.6.site.17, 85, 129, 214
411483.3.peg.6.site.18, 1, 139, 140
411483.3.peg.6.site.19, 10, 137, 147
411483.3.peg.6.site.20, 12, 143, 155
411483.3.peg.6.site.21, 78, 144, 222
411483.3.peg.6.site.22, 8, 148, 156
411483.3.peg.6.site.23, 5, 150, 155
411483.3.peg.6.site.24, 24, 148, 172
411483.3.peg.6.site.25, 0, 150, 150
411483.3.peg.6.site.26, 0, 150, 150
411483.3.peg.6.site.27, 5, 151, 156
411483.3.peg.6.site.28, 1, 153, 154
411483.3.peg.6.site.29, 2, 153, 155
411483.3.peg.6.site.30, 24, 150, 174
411483.3.peg.6.site.31, 1, 152, 153
411483.3.peg.6.site.32, 6, 150, 156
411483.3.peg.6.site.33, 83, 139, 222
411483.3.peg.6.site.34, 7, 142, 149
411483.3.peg.6.site.35, 13, 142, 155
411483.3.peg.6.site.36, 2, 139, 141
411483.3.peg.6.site.37, 6, 143, 149
411483.3.peg.6.site.38, 8, 140, 148
411483.3.peg.6.site.39, 2, 146, 148
411483.3.peg.6.site.40, 108, 144, 252
411483.3.peg.6.site.41, 4, 149, 153
411483.3.peg.6.site.42, 9, 145, 154
411483.3.peg.6.site.43, 6, 151, 157
411483.3.peg.6.site.44, 14, 150, 164
411483.3.peg.6.site.45, 5, 152, 157
411483.3.peg.6.site.46, 1, 151, 152
411483.3.peg.6.site.47, 1, 152, 153
411483.3.peg.6.site.48, 2, 140, 142
411483.3.peg.6.site.49, 2, 133, 135
411483.3.peg.6.site.50, 0, 106, 106
411483.3.peg.6.site.51, 73, 108, 181
411483.3.peg.6.site.52, 2, 124, 126
411483.3.peg.6.site.53, 42, 115, 157
411483.3.peg.6.site.54, 8, 125, 133
411483.3.peg.6.site.55, 2, 136, 138
411483.3.peg.6.site.56, 2, 136, 138
411483.3.peg.6.site.57, 2, 133, 135
411483.3.peg.6.site.58, 2, 143, 145
411483.3.peg.6.site.59, 2, 145, 147
411483.3.peg.6.site.60, 0, 145, 145
411483.3.peg.6.site.61, 7, 147, 154
411483.3.peg.6.site.62, 4, 146, 150
411483.3.peg.6.site.63, 2, 145, 147
411483.3.peg.6.site.64, 7, 144, 151
411483.3.peg.6.site.65, 1, 149, 150
411483.3.peg.6.site.66, 51, 134, 185
411483.3.peg.6.site.67, 2, 150, 152
411483.3.peg.6.site.68, 6, 152, 158
411483.3.peg.6.site.69, 2, 152, 154
411483.3.peg.6.site.70, 1, 143, 144
411483.3.peg.7.site.1, 7, 152, 159
411483.3.peg.7.site.2, 0, 148, 148
411483.3.peg.7.site.3, 30, 137, 167
411483.3.peg.7.site.4, 0, 146, 146
411483.3.peg.7.site.5, 6, 137, 143
411483.3.peg.7.site.6, 2, 128, 130
411483.3.peg.7.site.7, 62, 110, 172
411483.3.peg.7.site.8, 5, 107, 112
411483.3.peg.7.site.9, 1, 98, 99
411483.3.peg.7.site.10, 33, 92, 125
411483.3.peg.7.site.11, 0, 117, 117
411483.3.peg.7.site.12, 0, 121, 121
411483.3.peg.7.site.13, 17, 115, 132
411483.3.peg.7.site.14, 1, 110, 111
411483.3.peg.7.site.15, 7, 118, 125
411483.3.peg.7.site.16, 1, 127, 128
411483.3.peg.7.site.17, 21, 144, 165
411483.3.peg.7.site.18, 4, 146, 150
411483.3.peg.7.site.19, 38, 140, 178
411483.3.peg.7.site.20, 2, 148, 150
411483.3.peg.7.site.21, 45, 148, 193
411483.3.peg.7.site.22, 2, 150, 152
411483.3.peg.7.site.23, 0, 149, 149
411483.3.peg.7.site.24, 5, 143, 148
411483.3.peg.7.site.25, 18, 145, 163
411483.3.peg.7.site.26, 21, 138, 159
411483.3.peg.7.site.27, 2, 147, 149
411483.3.peg.7.site.28, 2, 147, 149
411483.3.peg.7.site.29, 10, 152, 162
411483.3.peg.7.site.30, 0, 153, 153
411483.3.peg.7.site.31, 2, 150, 152
411483.3.peg.7.site.32, 0, 153, 153
411483.3.peg.7.site.33, 0, 154, 154
411483.3.peg.7.site.34, 19, 148, 167
411483.3.peg.7.site.35, 98, 148, 246
411483.3.peg.7.site.36, 5, 153, 158
411483.3.peg.7.site.37, 17, 150, 167
411483.3.peg.7.site.38, 1, 155, 156
411483.3.peg.7.site.39, 1, 155, 156
411483.3.peg.7.site.40, 3, 154, 157
411483.3.peg.7.site.41, 2, 154, 156
411483.3.peg.7.site.42, 1, 154, 155
411483.3.peg.7.site.43, 1, 154, 155
411483.3.peg.7.site.44, 108, 143, 251
411483.3.peg.7.site.45, 69, 134, 203
411483.3.peg.7.site.46, 11, 145, 156
411483.3.peg.7.site.47, 12, 146, 158
411483.3.peg.7.site.48, 80, 147, 227
411483.3.peg.7.site.49, 25, 145, 170
411483.3.peg.7.site.50, 77, 143, 220
411483.3.peg.7.site.51, 24, 145, 169
411483.3.peg.7.site.52, 6, 152, 158
411483.3.peg.7.site.53, 52, 143, 195
411483.3.peg.7.site.54, 9, 153, 162
411483.3.peg.7.site.55, 19, 148, 167
411483.3.peg.7.site.56, 6, 154, 160
411483.3.peg.7.site.57, 6, 151, 157
411483.3.peg.7.site.58, 7, 152, 159
411483.3.peg.7.site.59, 64, 145, 209
411483.3.peg.7.site.60, 2, 154, 156
411483.3.peg.7.site.61, 0, 149, 149
411483.3.peg.7.site.62, 6, 152, 158
411483.3.peg.7.site.63, 4, 149, 153
411483.3.peg.7.site.64, 2, 153, 155
411483.3.peg.7.site.65, 2, 153, 155
411483.3.peg.7.site.66, 9, 150, 159
411483.3.peg.7.site.67, 3, 153, 156
411483.3.peg.7.site.68, 0, 151, 151
411483.3.peg.7.site.69, 0, 154, 154
411483.3.peg.7.site.70, 2, 154, 156
411483.3.peg.7.site.71, 0, 154, 154
411483.3.peg.7.site.72, 1, 155, 156
411483.3.peg.7.site.73, 0, 153, 153
411483.3.peg.7.site.74, 0, 148, 148
411483.3.peg.7.site.75, 1, 155, 156
411483.3.peg.7.site.76, 2, 153, 155
411483.3.peg.7.site.77, 7, 153, 160
411483.3.peg.7.site.78, 2, 151, 153
411483.3.peg.7.site.79, 0, 154, 154
411483.3.peg.7.site.80, 10, 150, 160
411483.3.peg.7.site.81, 16, 149, 165
411483.3.peg.7.site.82, 136, 147, 283
411483.3.peg.7.site.83, 1, 153, 154
411483.3.peg.7.site.84, 3, 151, 154
411483.3.peg.7.site.85, 1, 151, 152
411483.3.peg.7.site.86, 1, 151, 152
411483.3.peg.7.site.87, 3, 155, 158
411483.3.peg.7.site.88, 17, 154, 171
411483.3.peg.7.site.89, 153, 153, 306
411483.3.peg.7.site.90, 1, 153, 154
411483.3.peg.7.site.91, 31, 146, 177
411483.3.peg.7.site.92, 9, 152, 161
411483.3.peg.7.site.93, 1, 154, 155
411483.3.peg.7.site.94, 1, 153, 154
411483.3.peg.7.site.95, 2, 145, 147
411483.3.peg.7.site.96, 0, 144, 144
411483.3.peg.7.site.97, 11, 145, 156
411483.3.peg.7.site.98, 8, 152, 160
411483.3.peg.7.site.99, 5, 145, 150
411483.3.peg.7.site.100, 18, 149, 167
411483.3.peg.7.site.101, 22, 142, 164
411483.3.peg.7.site.102, 36, 145, 181
411483.3.peg.7.site.103, 0, 152, 152
411483.3.peg.7.site.104, 0, 153, 153
411483.3.peg.7.site.105, 25, 144, 169
411483.3.peg.7.site.106, 3, 154, 157
411483.3.peg.7.site.107, 7, 152, 159
411483.3.peg.7.site.108, 3, 154, 157
411483.3.peg.7.site.109, 2, 153, 155
411483.3.peg.7.site.110, 3, 154, 157
411483.3.peg.7.site.111, 16, 148, 164
411483.3.peg.7.site.112, 24, 146, 170
411483.3.peg.7.site.113, 2, 153, 155
411483.3.peg.7.site.114, 2, 154, 156
411483.3.peg.7.site.115, 21, 149, 170
411483.3.peg.4.site.1, 4, 152, 156
411483.3.peg.4.site.2, 1, 154, 155
411483.3.peg.4.site.3, 1, 154, 155
411483.3.peg.4.site.4, 7, 153, 160
411483.3.peg.4.site.5, 2, 151, 153
411483.3.peg.4.site.6, 5, 154, 159
411483.3.peg.4.site.7, 2, 154, 156
411483.3.peg.4.site.8, 1, 153, 154
411483.3.peg.4.site.9, 0, 153, 153
411483.3.peg.4.site.10, 1, 153, 154
411483.3.peg.4.site.11, 2, 154, 156
411483.3.peg.4.site.12, 4, 154, 158
411483.3.peg.4.site.13, 4, 153, 157
411483.3.peg.4.site.14, 1, 151, 152
411483.3.peg.4.site.15, 0, 152, 152
411483.3.peg.4.site.16, 1, 151, 152
411483.3.peg.4.site.17, 82, 141, 223
411483.3.peg.4.site.18, 4, 149, 153
411483.3.peg.4.site.19, 7, 147, 154
411483.3.peg.4.site.20, 2, 151, 153
411483.3.peg.4.site.21, 3, 153, 156
411483.3.peg.4.site.22, 94, 146, 240
411483.3.peg.4.site.23, 21, 149, 170
411483.3.peg.4.site.24, 2, 152, 154
411483.3.peg.4.site.25, 1, 151, 152
411483.3.peg.4.site.26, 10, 153, 163
411483.3.peg.4.site.27, 3, 153, 156
411483.3.peg.4.site.28, 7, 146, 153
411483.3.peg.4.site.29, 2, 151, 153
411483.3.peg.4.site.30, 60, 148, 208
411483.3.peg.4.site.31, 60, 136, 196
411483.3.peg.4.site.32, 2, 144, 146
411483.3.peg.4.site.33, 1, 145, 146
411483.3.peg.4.site.34, 3, 135, 138
411483.3.peg.4.site.35, 1, 138, 139
411483.3.peg.4.site.36, 146, 146, 292
411483.3.peg.4.site.37, 5, 143, 148
411483.3.peg.4.site.38, 1, 149, 150
411483.3.peg.4.site.39, 8, 151, 159
411483.3.peg.4.site.40, 1, 153, 154
411483.3.peg.4.site.41, 2, 151, 153
411483.3.peg.4.site.42, 3, 150, 153
411483.3.peg.4.site.43, 3, 149, 152
411483.3.peg.4.site.44, 6, 150, 156
411483.3.peg.4.site.45, 4, 150, 154
411483.3.peg.4.site.46, 12, 149, 161
411483.3.peg.4.site.47, 1, 153, 154
411483.3.peg.4.site.48, 3, 152, 155
411483.3.peg.4.site.49, 4, 151, 155
411483.3.peg.4.site.50, 13, 151, 164
411483.3.peg.4.site.51, 1, 153, 154
411483.3.peg.4.site.52, 1, 153, 154
411483.3.peg.4.site.53, 20, 151, 171
411483.3.peg.4.site.54, 2, 148, 150
411483.3.peg.4.site.55, 2, 150, 152
411483.3.peg.4.site.56, 1, 149, 150
411483.3.peg.4.site.57, 28, 144, 172
411483.3.peg.4.site.58, 3, 148, 151
411483.3.peg.4.site.59, 1, 139, 140
411483.3.peg.4.site.60, 0, 140, 140
411483.3.peg.4.site.61, 3, 134, 137
411483.3.peg.4.site.62, 3, 132, 135
411483.3.peg.4.site.63, 94, 120, 214
411483.3.peg.4.site.64, 127, 135, 262
411483.3.peg.4.site.65, 138, 138, 276
411483.3.peg.4.site.66, 4, 148, 152
411483.3.peg.4.site.67, 3, 153, 156
411483.3.peg.4.site.68, 1, 150, 151
411483.3.peg.4.site.69, 1, 152, 153
411483.3.peg.4.site.70, 1, 153, 154
411483.3.peg.4.site.71, 0, 151, 151
411483.3.peg.4.site.72, 7, 149, 156
411483.3.peg.4.site.73, 3, 148, 151
411483.3.peg.4.site.74, 1, 146, 147
411483.3.peg.4.site.75, 1, 148, 149
411483.3.peg.4.site.76, 1, 150, 151
411483.3.peg.4.site.77, 1, 152, 153
411483.3.peg.4.site.78, 2, 152, 154
411483.3.peg.4.site.79, 1, 153, 154
411483.3.peg.4.site.80, 6, 152, 158
411483.3.peg.4.site.81, 3, 152, 155
411483.3.peg.4.site.82, 3, 155, 158
411483.3.peg.8.site.1, 13, 102, 115
411483.3.peg.8.site.2, 6, 113, 119
411483.3.peg.8.site.3, 2, 112, 114
411483.3.peg.8.site.4, 12, 114, 126
411483.3.peg.8.site.5, 2, 115, 117
411483.3.peg.8.site.6, 6, 103, 109
411483.3.peg.8.site.7, 3, 85, 88
411483.3.peg.8.site.8, 1, 109, 110
411483.3.peg.8.site.9, 1, 104, 105
411483.3.peg.8.site.10, 2, 140, 142
411483.3.peg.8.site.11, 1, 139, 140
411483.3.peg.8.site.12, 2, 144, 146
411483.3.peg.8.site.13, 1, 147, 148
411483.3.peg.8.site.14, 1, 146, 147
411483.3.peg.8.site.15, 46, 122, 168
411483.3.peg.8.site.16, 43, 129, 172
411483.3.peg.8.site.17, 1, 130, 131
411483.3.peg.8.site.18, 4, 124, 128
411483.3.peg.8.site.19, 17, 124, 141
411483.3.peg.8.site.20, 2, 122, 124
411483.3.peg.8.site.21, 4, 128, 132
411483.3.peg.8.site.22, 2, 125, 127
411483.3.peg.8.site.23, 3, 132, 135
411483.3.peg.8.site.24, 1, 145, 146
411483.3.peg.8.site.25, 15, 146, 161
411483.3.peg.8.site.26, 2, 149, 151
411483.3.peg.8.site.27, 1, 146, 147
411483.3.peg.8.site.28, 1, 143, 144
411483.3.peg.8.site.29, 0, 147, 147
411483.3.peg.8.site.30, 2, 146, 148
411483.3.peg.8.site.31, 1, 143, 144
411483.3.peg.8.site.32, 3, 139, 142
411483.3.peg.8.site.33, 11, 139, 150
411483.3.peg.8.site.34, 1, 138, 139
411483.3.peg.8.site.35, 141, 141, 282
411483.3.peg.8.site.36, 130, 141, 271
411483.3.peg.8.site.37, 3, 145, 148
411483.3.peg.8.site.38, 1, 144, 145
411483.3.peg.8.site.39, 55, 140, 195
411483.3.peg.8.site.40, 36, 141, 177
411483.3.peg.8.site.41, 3, 152, 155
411483.3.peg.8.site.42, 1, 152, 153
411483.3.peg.8.site.43, 0, 153, 153
411483.3.peg.8.site.44, 27, 143, 170
411483.3.peg.8.site.45, 7, 149, 156
411483.3.peg.8.site.46, 1, 150, 151
411483.3.peg.8.site.47, 3, 148, 151
411483.3.peg.8.site.48, 53, 135, 188
411483.3.peg.8.site.49, 9, 133, 142
411483.3.peg.8.site.50, 6, 145, 151
411483.3.peg.8.site.51, 5, 146, 151
411483.3.peg.8.site.52, 7, 141, 148
411483.3.peg.8.site.53, 3, 144, 147
411483.3.peg.8.site.54, 5, 151, 156
411483.3.peg.8.site.55, 17, 154, 171
411483.3.peg.8.site.56, 2, 155, 157
411483.3.peg.8.site.57, 4, 155, 159
411483.3.peg.8.site.58, 1, 152, 153
411483.3.peg.8.site.59, 2, 153, 155
411483.3.peg.8.site.60, 5, 147, 152
411483.3.peg.8.site.61, 1, 144, 145
411483.3.peg.8.site.62, 6, 138, 144
411483.3.peg.8.site.63, 14, 141, 155
411483.3.peg.8.site.64, 1, 155, 156
411483.3.peg.8.site.65, 0, 154, 154
411483.3.peg.8.site.66, 6, 154, 160
411483.3.peg.8.site.67, 3, 153, 156
411483.3.peg.8.site.68, 27, 148, 175
411483.3.peg.8.site.69, 2, 152, 154
411483.3.peg.8.site.70, 8, 150, 158
411483.3.peg.8.site.71, 2, 148, 150
411483.3.peg.8.site.72, 7, 150, 157
411483.3.peg.8.site.73, 11, 147, 158
411483.3.peg.8.site.74, 1, 145, 146
411483.3.peg.8.site.75, 6, 149, 155
411483.3.peg.8.site.76, 12, 144, 156
411483.3.peg.8.site.77, 5, 151, 156
411483.3.peg.8.site.78, 0, 151, 151
411483.3.peg.8.site.79, 1, 154, 155
411483.3.peg.8.site.80, 32, 143, 175
411483.3.peg.8.site.81, 1, 152, 153
411483.3.peg.8.site.82, 8, 154, 162
411483.3.peg.8.site.83, 1, 155, 156
411483.3.peg.8.site.84, 2, 152, 154
411483.3.peg.8.site.85, 5, 153, 158
411483.3.peg.8.site.86, 26, 140, 166
411483.3.peg.8.site.87, 2, 154, 156
411483.3.peg.8.site.88, 4, 153, 157
411483.3.peg.8.site.89, 3, 154, 157
411483.3.peg.8.site.90, 3, 154, 157
411483.3.peg.8.site.91, 0, 154, 154
411483.3.peg.8.site.92, 4, 152, 156
411483.3.peg.8.site.93, 18, 146, 164
411483.3.peg.8.site.94, 10, 150, 160
411483.3.peg.8.site.95, 85, 147, 232
411483.3.peg.8.site.96, 1, 154, 155
411483.3.peg.8.site.97, 4, 152, 156
411483.3.peg.8.site.98, 2, 143, 145
411483.3.peg.8.site.99, 63, 134, 197
411483.3.peg.8.site.100, 63, 134, 197
411483.3.peg.8.site.101, 6, 145, 151
411483.3.peg.8.site.102, 2, 148, 150
411483.3.peg.8.site.103, 61, 126, 187
411483.3.peg.8.site.104, 62, 121, 183
411483.3.peg.8.site.105, 3, 114, 117
411483.3.peg.8.site.106, 18, 127, 145
411483.3.peg.8.site.107, 29, 134, 163
411483.3.peg.8.site.108, 1, 147, 148
411483.3.peg.8.site.109, 3, 146, 149
411483.3.peg.8.site.110, 1, 146, 147
411483.3.peg.8.site.111, 8, 143, 151
411483.3.peg.8.site.112, 1, 147, 148
411483.3.peg.8.site.113, 36, 138, 174
411483.3.peg.8.site.114, 97, 146, 243
411483.3.peg.8.site.115, 10, 151, 161
411483.3.peg.8.site.116, 2, 153, 155
411483.3.peg.8.site.117, 3, 151, 154
411483.3.peg.8.site.118, 6, 153, 159
411483.3.peg.8.site.119, 1, 153, 154
411483.3.peg.8.site.120, 7, 152, 159
411483.3.peg.8.site.121, 15, 150, 165
411483.3.peg.8.site.122, 1, 152, 153
411483.3.peg.8.site.123, 57, 139, 196
411483.3.peg.8.site.124, 7, 150, 157
411483.3.peg.8.site.125, 2, 147, 149
411483.3.peg.8.site.126, 1, 145, 146
411483.3.peg.8.site.127, 8, 136, 144
411483.3.peg.8.site.128, 1, 140, 141
411483.3.peg.8.site.129, 1, 135, 136
411483.3.peg.8.site.130, 1, 143, 144
411483.3.peg.8.site.131, 3, 144, 147
411483.3.peg.8.site.132, 1, 150, 151
411483.3.peg.8.site.133, 11, 149, 160
411483.3.peg.8.site.134, 7, 153, 160
411483.3.peg.8.site.135, 2, 154, 156
411483.3.peg.9.site.1, 2, 153, 155
411483.3.peg.9.site.2, 18, 145, 163
411483.3.peg.9.site.3, 8, 138, 146
411483.3.peg.9.site.4, 0, 141, 141
411483.3.peg.9.site.5, 40, 132, 172
411483.3.peg.9.site.6, 1, 144, 145
411483.3.peg.9.site.7, 0, 147, 147
411483.3.peg.9.site.8, 0, 148, 148
411483.3.peg.9.site.9, 4, 142, 146
411483.3.peg.9.site.10, 1, 149, 150
411483.3.peg.9.site.11, 4, 147, 151
411483.3.peg.9.site.12, 2, 146, 148
411483.3.peg.9.site.13, 5, 145, 150
411483.3.peg.9.site.14, 1, 149, 150
411483.3.peg.9.site.15, 134, 146, 280
411483.3.peg.9.site.16, 10, 149, 159
411483.3.peg.9.site.17, 2, 154, 156
411483.3.peg.9.site.18, 0, 153, 153
411483.3.peg.9.site.19, 1, 147, 148
411483.3.peg.9.site.20, 1, 152, 153
411483.3.peg.9.site.21, 7, 147, 154
411483.3.peg.9.site.22, 5, 144, 149
411483.3.peg.9.site.23, 4, 149, 153
411483.3.peg.9.site.24, 22, 138, 160
411483.3.peg.9.site.25, 4, 145, 149
411483.3.peg.9.site.26, 2, 143, 145
411483.3.peg.9.site.27, 1, 146, 147
411483.3.peg.9.site.28, 9, 136, 145
411483.3.peg.9.site.29, 1, 141, 142
411483.3.peg.9.site.30, 1, 138, 139
411483.3.peg.9.site.31, 7, 139, 146
411483.3.peg.9.site.32, 9, 137, 146
411483.3.peg.9.site.33, 2, 146, 148
411483.3.peg.9.site.34, 2, 144, 146
411483.3.peg.9.site.35, 4, 151, 155
411483.3.peg.9.site.36, 10, 147, 157
411483.3.peg.9.site.37, 7, 153, 160
411483.3.peg.9.site.38, 7, 150, 157
411483.3.peg.9.site.39, 2, 155, 157
411483.3.peg.9.site.40, 2, 155, 157
411483.3.peg.9.site.41, 1, 155, 156
411483.3.peg.9.site.42, 92, 149, 241
411483.3.peg.9.site.43, 2, 155, 157
411483.3.peg.9.site.44, 69, 147, 216
411483.3.peg.9.site.45, 3, 154, 157
411483.3.peg.9.site.46, 3, 154, 157
411483.3.peg.9.site.47, 3, 155, 158
411483.3.peg.9.site.48, 3, 152, 155
411483.3.peg.9.site.49, 9, 152, 161
411483.3.peg.9.site.50, 3, 155, 158
411483.3.peg.9.site.51, 5, 150, 155
411483.3.peg.9.site.52, 7, 152, 159
411483.3.peg.9.site.53, 2, 152, 154
411483.3.peg.9.site.54, 3, 151, 154
411483.3.peg.9.site.55, 6, 145, 151
411483.3.peg.9.site.56, 10, 147, 157
411483.3.peg.9.site.57, 6, 144, 150
411483.3.peg.9.site.58, 8, 141, 149
411483.3.peg.9.site.59, 4, 141, 145
411483.3.peg.9.site.60, 4, 140, 144
411483.3.peg.9.site.61, 5, 145, 150
411483.3.peg.9.site.62, 9, 139, 148
411483.3.peg.9.site.63, 26, 138, 164
411483.3.peg.9.site.64, 1, 151, 152
411483.3.peg.9.site.65, 2, 150, 152
411483.3.peg.9.site.66, 6, 152, 158
411483.3.peg.9.site.67, 4, 149, 153
411483.3.peg.9.site.68, 79, 132, 211
411483.3.peg.9.site.69, 2, 152, 154
411483.3.peg.9.site.70, 1, 151, 152
411483.3.peg.9.site.71, 5, 152, 157
411483.3.peg.9.site.72, 7, 152, 159
411483.3.peg.9.site.73, 3, 152, 155
411483.3.peg.9.site.74, 1, 150, 151
411483.3.peg.9.site.75, 2, 150, 152
411483.3.peg.9.site.76, 7, 151, 158
411483.3.peg.9.site.77, 2, 149, 151
411483.3.peg.9.site.78, 6, 149, 155
411483.3.peg.9.site.79, 2, 145, 147
411483.3.peg.9.site.80, 1, 139, 140
411483.3.peg.9.site.81, 1, 138, 139
411483.3.peg.9.site.82, 1, 136, 137
411483.3.peg.9.site.83, 52, 118, 170
411483.3.peg.9.site.84, 16, 120, 136
411483.3.peg.9.site.85, 7, 122, 129
411483.3.peg.9.site.86, 4, 107, 111
411483.3.peg.9.site.87, 1, 115, 116
411483.3.peg.9.site.88, 101, 115, 216
411483.3.peg.9.site.89, 11, 110, 121
411483.3.peg.9.site.90, 30, 105, 135
411483.3.peg.9.site.91, 5, 109, 114
411483.3.peg.9.site.92, 6, 118, 124
411483.3.peg.9.site.93, 3, 118, 121
411483.3.peg.9.site.94, 2, 129, 131
411483.3.peg.9.site.95, 63, 122, 185
411483.3.peg.9.site.96, 13, 134, 147
411483.3.peg.9.site.97, 10, 133, 143
411483.3.peg.9.site.98, 2, 143, 145
411483.3.peg.9.site.99, 6, 142, 148
411483.3.peg.9.site.100, 3, 144, 147
411483.3.peg.9.site.101, 87, 127, 214
411483.3.peg.9.site.102, 24, 139, 163
411483.3.peg.9.site.103, 124, 138, 262
411483.3.peg.9.site.104, 9, 135, 144
411483.3.peg.9.site.105, 11, 140, 151
411483.3.peg.9.site.106, 2, 145, 147
411483.3.peg.9.site.107, 1, 143, 144
411483.3.peg.9.site.108, 2, 144, 146
411483.3.peg.9.site.109, 0, 148, 148
411483.3.peg.9.site.110, 2, 147, 149
411483.3.peg.9.site.111, 10, 135, 145
411483.3.peg.9.site.112, 81, 118, 199
411483.3.peg.9.site.113, 1, 136, 137
411483.3.peg.9.site.114, 21, 131, 152
411483.3.peg.9.site.115, 10, 127, 137
411483.3.peg.9.site.116, 15, 118, 133
411483.3.peg.9.site.117, 95, 120, 215
411483.3.peg.9.site.118, 93, 120, 213
411483.3.peg.9.site.119, 5, 119, 124
411483.3.peg.9.site.120, 4, 117, 121
411483.3.peg.9.site.121, 4, 117, 121
411483.3.peg.9.site.122, 2, 116, 118
411483.3.peg.9.site.123, 9, 106, 115
411483.3.peg.9.site.124, 11, 108, 119
411483.3.peg.9.site.125, 0, 116, 116
411483.3.peg.9.site.126, 4, 118, 122
411483.3.peg.9.site.127, 2, 116, 118
411483.3.peg.9.site.128, 8, 111, 119
411483.3.peg.9.site.129, 3, 116, 119
411483.3.peg.9.site.130, 3, 120, 123
411483.3.peg.9.site.131, 4, 127, 131
411483.3.peg.9.site.132, 57, 122, 179
411483.3.peg.9.site.133, 87, 124, 211
411483.3.peg.9.site.134, 17, 121, 138
411483.3.peg.9.site.135, 4, 135, 139
411483.3.peg.9.site.136, 40, 136, 176
411483.3.peg.9.site.137, 32, 136, 168
411483.3.peg.9.site.138, 1, 143, 144
411483.3.peg.9.site.139, 0, 143, 143
411483.3.peg.9.site.140, 3, 143, 146
411483.3.peg.9.site.141, 23, 141, 164
411483.3.peg.9.site.142, 0, 143, 143
411483.3.peg.9.site.143, 78, 135, 213
411483.3.peg.9.site.144, 1, 139, 140
411483.3.peg.9.site.145, 4, 145, 149
411483.3.peg.9.site.146, 1, 145, 146
411483.3.peg.9.site.147, 2, 145, 147
411483.3.peg.9.site.148, 9, 137, 146
411483.3.peg.9.site.149, 0, 134, 134
411483.3.peg.9.site.150, 6, 133, 139
411483.3.peg.9.site.151, 0, 130, 130
411483.3.peg.9.site.152, 1, 130, 131
411483.3.peg.9.site.153, 1, 129, 130
411483.3.peg.9.site.154, 2, 128, 130
411483.3.peg.9.site.155, 3, 133, 136
411483.3.peg.9.site.156, 1, 136, 137
411483.3.peg.9.site.157, 2, 143, 145
411483.3.peg.9.site.158, 4, 142, 146
411483.3.peg.9.site.159, 12, 138, 150
411483.3.peg.9.site.160, 1, 142, 143
411483.3.peg.9.site.161, 11, 146, 157
411483.3.peg.9.site.162, 9, 138, 147
411483.3.peg.9.site.163, 2, 140, 142
411483.3.peg.9.site.164, 33, 134, 167
411483.3.peg.9.site.165, 15, 143, 158
411483.3.peg.9.site.166, 85, 137, 222
411483.3.peg.9.site.167, 63, 137, 200
411483.3.peg.9.site.168, 1, 142, 143
411483.3.peg.9.site.169, 2, 139, 141
411483.3.peg.9.site.170, 6, 143, 149
411483.3.peg.156.site.1, 10, 153, 163
411483.3.peg.156.site.2, 2, 153, 155
411483.3.peg.156.site.3, 1, 152, 153
411483.3.peg.156.site.4, 3, 148, 151
411483.3.peg.156.site.5, 137, 141, 278
411483.3.peg.156.site.6, 0, 132, 132
411483.3.peg.156.site.7, 8, 132, 140
411483.3.peg.156.site.8, 0, 140, 140
411483.3.peg.156.site.9, 131, 141, 272
411483.3.peg.156.site.10, 2, 139, 141
411483.3.peg.156.site.11, 17, 145, 162
411483.3.peg.156.site.12, 8, 143, 151
411483.3.peg.156.site.13, 3, 152, 155
411483.3.peg.156.site.14, 3, 154, 157
411483.3.peg.156.site.15, 2, 154, 156
411483.3.peg.156.site.16, 2, 154, 156
411483.3.peg.156.site.17, 2, 155, 157
411483.3.peg.156.site.18, 4, 152, 156
411483.3.peg.156.site.19, 0, 154, 154
411483.3.peg.156.site.20, 47, 150, 197
411483.3.peg.156.site.21, 17, 148, 165
411483.3.peg.156.site.22, 2, 149, 151
411483.3.peg.156.site.23, 1, 151, 152
411483.3.peg.156.site.24, 0, 152, 152
411483.3.peg.156.site.25, 3, 143, 146
411483.3.peg.156.site.26, 1, 149, 150
411483.3.peg.156.site.27, 1, 145, 146
411483.3.peg.156.site.28, 3, 148, 151
411483.3.peg.156.site.29, 132, 140, 272
411483.3.peg.156.site.30, 3, 145, 148
411483.3.peg.156.site.31, 4, 145, 149
411483.3.peg.156.site.32, 7, 142, 149
411483.3.peg.156.site.33, 8, 147, 155
411483.3.peg.156.site.34, 3, 149, 152
411483.3.peg.156.site.35, 2, 150, 152
411483.3.peg.156.site.36, 2, 152, 154
411483.3.peg.156.site.37, 8, 150, 158
411483.3.peg.156.site.38, 0, 151, 151
411483.3.peg.156.site.39, 15, 150, 165
411483.3.peg.156.site.40, 0, 151, 151
411483.3.peg.156.site.41, 1, 151, 152
411483.3.peg.156.site.42, 8, 148, 156
411483.3.peg.156.site.43, 1, 150, 151
411483.3.peg.156.site.44, 3, 154, 157
411483.3.peg.156.site.45, 2, 155, 157
411483.3.peg.156.site.46, 2, 150, 152
411483.3.peg.156.site.47, 31, 149, 180
411483.3.peg.156.site.48, 23, 153, 176
411483.3.peg.156.site.49, 20, 153, 173
411483.3.peg.156.site.50, 6, 151, 157
411483.3.peg.156.site.51, 3, 154, 157
411483.3.peg.156.site.52, 9, 144, 153
411483.3.peg.156.site.53, 0, 139, 139
411483.3.peg.156.site.54, 1, 151, 152
411483.3.peg.156.site.55, 6, 150, 156
411483.3.peg.156.site.56, 16, 152, 168
411483.3.peg.156.site.57, 14, 148, 162
411483.3.peg.156.site.58, 111, 140, 251
411483.3.peg.156.site.59, 5, 149, 154
411483.3.peg.156.site.60, 0, 149, 149
411483.3.peg.156.site.61, 2, 150, 152
411483.3.peg.156.site.62, 29, 148, 177
411483.3.peg.156.site.63, 2, 153, 155
411483.3.peg.156.site.64, 0, 152, 152
411483.3.peg.156.site.65, 2, 153, 155
411483.3.peg.156.site.66, 6, 152, 158
411483.3.peg.156.site.67, 0, 153, 153
411483.3.peg.156.site.68, 1, 154, 155
411483.3.peg.156.site.69, 66, 143, 209
411483.3.peg.156.site.70, 2, 153, 155
411483.3.peg.156.site.71, 3, 146, 149
411483.3.peg.156.site.72, 39, 138, 177
411483.3.peg.156.site.73, 1, 145, 146
411483.3.peg.156.site.74, 2, 145, 147
411483.3.peg.156.site.75, 1, 142, 143
411483.3.peg.156.site.76, 2, 146, 148
411483.3.peg.156.site.77, 23, 142, 165
411483.3.peg.156.site.78, 0, 146, 146
411483.3.peg.156.site.79, 63, 136, 199
411483.3.peg.156.site.80, 1, 152, 153
411483.3.peg.156.site.81, 6, 153, 159
411483.3.peg.156.site.82, 17, 149, 166
411483.3.peg.156.site.83, 53, 140, 193
411483.3.peg.156.site.84, 4, 152, 156
411483.3.peg.156.site.85, 2, 155, 157
411483.3.peg.156.site.86, 5, 152, 157
411483.3.peg.156.site.87, 2, 152, 154
411483.3.peg.156.site.88, 0, 154, 154
411483.3.peg.156.site.89, 1, 154, 155
411483.3.peg.156.site.90, 6, 152, 158
411483.3.peg.156.site.91, 4, 152, 156
411483.3.peg.156.site.92, 18, 147, 165
411483.3.peg.156.site.93, 2, 155, 157
411483.3.peg.156.site.94, 6, 154, 160
411483.3.peg.156.site.95, 6, 143, 149
411483.3.peg.156.site.96, 3, 154, 157
411483.3.peg.156.site.97, 0, 132, 132
411483.3.peg.155.site.1, 24, 116, 140
411483.3.peg.155.site.2, 6, 135, 141
411483.3.peg.155.site.3, 3, 141, 144
411483.3.peg.155.site.4, 6, 150, 156
411483.3.peg.155.site.5, 2, 150, 152
411483.3.peg.155.site.6, 22, 143, 165
411483.3.peg.155.site.7, 4, 150, 154
411483.3.peg.155.site.8, 1, 152, 153
411483.3.peg.155.site.9, 46, 137, 183
411483.3.peg.155.site.10, 8, 145, 153
411483.3.peg.155.site.11, 5, 149, 154
411483.3.peg.155.site.12, 3, 148, 151
411483.3.peg.155.site.13, 9, 150, 159
411483.3.peg.155.site.14, 1, 149, 150
411483.3.peg.155.site.15, 2, 146, 148
411483.3.peg.155.site.16, 53, 139, 192
411483.3.peg.155.site.17, 9, 146, 155
411483.3.peg.155.site.18, 0, 147, 147
411483.3.peg.155.site.19, 7, 149, 156
411483.3.peg.155.site.20, 4, 147, 151
411483.3.peg.155.site.21, 103, 138, 241
411483.3.peg.155.site.22, 2, 147, 149
411483.3.peg.155.site.23, 7, 148, 155
411483.3.peg.155.site.24, 1, 148, 149
411483.3.peg.155.site.25, 90, 125, 215
411483.3.peg.155.site.26, 4, 146, 150
411483.3.peg.155.site.27, 1, 143, 144
411483.3.peg.155.site.28, 24, 147, 171
411483.3.peg.155.site.29, 3, 150, 153
411483.3.peg.155.site.30, 12, 143, 155
411483.3.peg.155.site.31, 2, 151, 153
411483.3.peg.155.site.32, 1, 149, 150
411483.3.peg.155.site.33, 1, 150, 151
411483.3.peg.155.site.34, 8, 142, 150
411483.3.peg.155.site.35, 5, 149, 154
411483.3.peg.155.site.36, 36, 143, 179
411483.3.peg.155.site.37, 1, 143, 144
411483.3.peg.155.site.38, 11, 135, 146
411483.3.peg.155.site.39, 1, 145, 146
411483.3.peg.155.site.40, 8, 136, 144
411483.3.peg.155.site.41, 4, 136, 140
411483.3.peg.155.site.42, 0, 140, 140
411483.3.peg.155.site.43, 2, 138, 140
411483.3.peg.155.site.44, 1, 143, 144
411483.3.peg.155.site.45, 81, 134, 215
411483.3.peg.155.site.46, 128, 137, 265
411483.3.peg.155.site.47, 11, 141, 152
411483.3.peg.155.site.48, 63, 129, 192
411483.3.peg.155.site.49, 1, 145, 146
411483.3.peg.155.site.50, 14, 146, 160
411483.3.peg.155.site.51, 1, 149, 150
411483.3.peg.155.site.52, 0, 150, 150
411483.3.peg.155.site.53, 1, 147, 148
411483.3.peg.155.site.54, 13, 142, 155
411483.3.peg.155.site.55, 2, 147, 149
411483.3.peg.155.site.56, 8, 145, 153
411483.3.peg.155.site.57, 5, 144, 149
411483.3.peg.155.site.58, 3, 143, 146
411483.3.peg.155.site.59, 7, 143, 150
411483.3.peg.155.site.60, 7, 141, 148
411483.3.peg.155.site.61, 69, 125, 194
411483.3.peg.155.site.62, 37, 129, 166
411483.3.peg.155.site.63, 1, 131, 132
411483.3.peg.155.site.64, 0, 132, 132
411483.3.peg.155.site.65, 4, 127, 131
411483.3.peg.155.site.66, 0, 124, 124
411483.3.peg.155.site.67, 1, 136, 137
411483.3.peg.155.site.68, 5, 135, 140
411483.3.peg.155.site.69, 5, 137, 142
411483.3.peg.155.site.70, 2, 130, 132
411483.3.peg.155.site.71, 1, 137, 138
411483.3.peg.155.site.72, 3, 136, 139
411483.3.peg.155.site.73, 1, 138, 139
411483.3.peg.155.site.74, 0, 145, 145
411483.3.peg.155.site.75, 1, 146, 147
411483.3.peg.155.site.76, 1, 137, 138
411483.3.peg.155.site.77, 9, 141, 150
411483.3.peg.155.site.78, 8, 146, 154
411483.3.peg.155.site.79, 1, 152, 153
411483.3.peg.155.site.80, 12, 145, 157
411483.3.peg.155.site.81, 0, 151, 151
411483.3.peg.155.site.82, 7, 145, 152
411483.3.peg.155.site.83, 3, 152, 155
411483.3.peg.155.site.84, 2, 146, 148
411483.3.peg.155.site.85, 1, 147, 148
411483.3.peg.155.site.86, 1, 152, 153
411483.3.peg.155.site.87, 4, 149, 153
411483.3.peg.155.site.88, 2, 154, 156
411483.3.peg.155.site.89, 6, 153, 159
411483.3.peg.153.site.1, 0, 155, 155
411483.3.peg.153.site.2, 1, 155, 156
411483.3.peg.153.site.3, 1, 153, 154
411483.3.peg.153.site.4, 0, 153, 153
411483.3.peg.153.site.5, 4, 150, 154
411483.3.peg.153.site.6, 3, 150, 153
411483.3.peg.153.site.7, 0, 153, 153
411483.3.peg.153.site.8, 0, 153, 153
411483.3.peg.153.site.9, 0, 154, 154
411483.3.peg.153.site.10, 3, 154, 157
411483.3.peg.153.site.11, 0, 152, 152
411483.3.peg.153.site.12, 0, 152, 152
411483.3.peg.153.site.13, 101, 142, 243
411483.3.peg.153.site.14, 3, 152, 155
411483.3.peg.153.site.15, 2, 150, 152
411483.3.peg.153.site.16, 1, 150, 151
411483.3.peg.153.site.17, 30, 146, 176
411483.3.peg.153.site.18, 1, 142, 143
411483.3.peg.153.site.19, 1, 141, 142
411483.3.peg.153.site.20, 125, 136, 261
411483.3.peg.153.site.21, 10, 128, 138
411483.3.peg.153.site.22, 2, 151, 153
411483.3.peg.153.site.23, 3, 153, 156
411483.3.peg.153.site.24, 8, 155, 163
411483.3.peg.153.site.25, 24, 147, 171
411483.3.peg.153.site.26, 8, 154, 162
411483.3.peg.153.site.27, 0, 153, 153
411483.3.peg.153.site.28, 133, 150, 283
411483.3.peg.153.site.29, 100, 142, 242
411483.3.peg.153.site.30, 2, 154, 156
411483.3.peg.153.site.31, 1, 154, 155
411483.3.peg.153.site.32, 124, 142, 266
411483.3.peg.153.site.33, 0, 153, 153
411483.3.peg.153.site.34, 6, 153, 159
411483.3.peg.153.site.35, 0, 153, 153
411483.3.peg.153.site.36, 0, 154, 154
411483.3.peg.153.site.37, 2, 150, 152
411483.3.peg.153.site.38, 1, 154, 155
411483.3.peg.153.site.39, 13, 150, 163
411483.3.peg.153.site.40, 2, 154, 156
411483.3.peg.153.site.41, 2, 155, 157
411483.3.peg.153.site.42, 3, 155, 158
411483.3.peg.153.site.43, 5, 153, 158
411483.3.peg.153.site.44, 1, 155, 156
411483.3.peg.153.site.45, 2, 150, 152
411483.3.peg.153.site.46, 1, 153, 154
411483.3.peg.153.site.47, 0, 152, 152
411483.3.peg.153.site.48, 0, 153, 153
411483.3.peg.153.site.49, 3, 152, 155
411483.3.peg.153.site.50, 7, 145, 152
411483.3.peg.153.site.51, 1, 151, 152
411483.3.peg.153.site.52, 1, 149, 150
411483.3.peg.153.site.53, 0, 152, 152
411483.3.peg.153.site.54, 11, 143, 154
411483.3.peg.153.site.55, 3, 152, 155
411483.3.peg.153.site.56, 4, 149, 153
411483.3.peg.153.site.57, 2, 151, 153
411483.3.peg.153.site.58, 0, 153, 153
411483.3.peg.153.site.59, 5, 152, 157
411483.3.peg.153.site.60, 1, 153, 154
411483.3.peg.153.site.61, 32, 151, 183
411483.3.peg.153.site.62, 2, 155, 157
411483.3.peg.153.site.63, 8, 150, 158
411483.3.peg.153.site.64, 7, 154, 161
411483.3.peg.153.site.65, 3, 154, 157
411483.3.peg.153.site.66, 1, 154, 155
411483.3.peg.153.site.67, 1, 154, 155
411483.3.peg.153.site.68, 45, 141, 186
411483.3.peg.153.site.69, 8, 150, 158
411483.3.peg.153.site.70, 2, 153, 155
411483.3.peg.153.site.71, 2, 151, 153
411483.3.peg.153.site.72, 1, 152, 153
411483.3.peg.153.site.73, 5, 151, 156
411483.3.peg.153.site.74, 0, 151, 151
411483.3.peg.153.site.75, 0, 153, 153
411483.3.peg.153.site.76, 3, 153, 156
411483.3.peg.153.site.77, 0, 153, 153
411483.3.peg.153.site.78, 123, 147, 270
411483.3.peg.153.site.79, 3, 154, 157
411483.3.peg.153.site.80, 1, 151, 152
411483.3.peg.153.site.81, 15, 148, 163
411483.3.peg.153.site.82, 131, 146, 277
411483.3.peg.153.site.83, 2, 149, 151
411483.3.peg.153.site.84, 11, 150, 161
411483.3.peg.153.site.85, 1, 152, 153
411483.3.peg.153.site.86, 1, 154, 155
411483.3.peg.153.site.87, 1, 152, 153
411483.3.peg.153.site.88, 3, 153, 156
411483.3.peg.1695.site.1, 7, 152, 159
411483.3.peg.1695.site.2, 68, 147, 215
411483.3.peg.1695.site.3, 0, 155, 155
411483.3.peg.1695.site.4, 1, 154, 155
411483.3.peg.1695.site.5, 1, 153, 154
411483.3.peg.1695.site.6, 3, 152, 155
411483.3.peg.1695.site.7, 1, 151, 152
411483.3.peg.1695.site.8, 1, 150, 151
411483.3.peg.1695.site.9, 0, 152, 152
411483.3.peg.1695.site.10, 15, 153, 168
411483.3.peg.1695.site.11, 1, 155, 156
411483.3.peg.1695.site.12, 3, 154, 157
411483.3.peg.1695.site.13, 2, 153, 155
411483.3.peg.1695.site.14, 7, 152, 159
411483.3.peg.1695.site.15, 1, 152, 153
411483.3.peg.1695.site.16, 3, 149, 152
411483.3.peg.1695.site.17, 56, 144, 200
411483.3.peg.1695.site.18, 15, 150, 165
411483.3.peg.1695.site.19, 6, 150, 156
411483.3.peg.1695.site.20, 3, 148, 151
411483.3.peg.1695.site.21, 2, 153, 155
411483.3.peg.1695.site.22, 20, 148, 168
411483.3.peg.1695.site.23, 8, 150, 158
411483.3.peg.1695.site.24, 7, 153, 160
411483.3.peg.1695.site.25, 1, 152, 153
411483.3.peg.1695.site.26, 88, 145, 233
411483.3.peg.1695.site.27, 17, 149, 166
411483.3.peg.1695.site.28, 1, 151, 152
411483.3.peg.1695.site.29, 106, 146, 252
411483.3.peg.1695.site.30, 1, 155, 156
411483.3.peg.1695.site.31, 1, 152, 153
411483.3.peg.1695.site.32, 23, 150, 173
411483.3.peg.1695.site.33, 16, 149, 165
411483.3.peg.1695.site.34, 6, 152, 158
411483.3.peg.1695.site.35, 5, 151, 156
411483.3.peg.1695.site.36, 1, 152, 153
411483.3.peg.1695.site.37, 5, 151, 156
411483.3.peg.1695.site.38, 0, 150, 150
411483.3.peg.1695.site.39, 29, 137, 166
411483.3.peg.1695.site.40, 32, 137, 169
411483.3.peg.1695.site.41, 3, 150, 153
411483.3.peg.1695.site.42, 9, 149, 158
411483.3.peg.1695.site.43, 5, 154, 159
411483.3.peg.1695.site.44, 92, 141, 233
411483.3.peg.1695.site.45, 0, 153, 153
411483.3.peg.1695.site.46, 0, 150, 150
411483.3.peg.1695.site.47, 0, 150, 150
411483.3.peg.1695.site.48, 1, 150, 151
411483.3.peg.1695.site.49, 3, 150, 153
411483.3.peg.1695.site.50, 5, 152, 157
411483.3.peg.1695.site.51, 5, 154, 159
411483.3.peg.1695.site.52, 31, 151, 182
411483.3.peg.1695.site.53, 1, 154, 155
411483.3.peg.1695.site.54, 4, 152, 156
411483.3.peg.1695.site.55, 11, 150, 161
411483.3.peg.1695.site.56, 1, 152, 153
411483.3.peg.1695.site.57, 8, 151, 159
411483.3.peg.1695.site.58, 7, 154, 161
411483.3.peg.1695.site.59, 17, 147, 164
411483.3.peg.1695.site.60, 3, 155, 158
411483.3.peg.1695.site.61, 1, 155, 156
411483.3.peg.1695.site.62, 0, 155, 155
411483.3.peg.1695.site.63, 117, 147, 264
411483.3.peg.1695.site.64, 8, 152, 160
411483.3.peg.1695.site.65, 1, 154, 155
411483.3.peg.1695.site.66, 2, 151, 153
411483.3.peg.1695.site.67, 6, 153, 159
411483.3.peg.400.site.1, 1, 103, 104
411483.3.peg.400.site.2, 6, 120, 126
411483.3.peg.400.site.3, 8, 116, 124
411483.3.peg.400.site.4, 1, 129, 130
411483.3.peg.400.site.5, 4, 125, 129
411483.3.peg.400.site.6, 17, 118, 135
411483.3.peg.400.site.7, 2, 121, 123
411483.3.peg.400.site.8, 0, 112, 112
411483.3.peg.400.site.9, 83, 91, 174
411483.3.peg.400.site.10, 59, 105, 164
411483.3.peg.400.site.11, 2, 112, 114
411483.3.peg.400.site.12, 2, 126, 128
411483.3.peg.400.site.13, 11, 127, 138
411483.3.peg.400.site.14, 1, 146, 147
411483.3.peg.400.site.15, 6, 140, 146
411483.3.peg.400.site.16, 3, 151, 154
411483.3.peg.400.site.17, 1, 153, 154
411483.3.peg.400.site.18, 14, 151, 165
411483.3.peg.400.site.19, 3, 151, 154
411483.3.peg.400.site.20, 8, 151, 159
411483.3.peg.400.site.21, 1, 151, 152
411483.3.peg.400.site.22, 13, 147, 160
411483.3.peg.400.site.23, 20, 143, 163
411483.3.peg.400.site.24, 8, 150, 158
411483.3.peg.400.site.25, 8, 151, 159
411483.3.peg.400.site.26, 2, 153, 155
411483.3.peg.400.site.27, 1, 153, 154
411483.3.peg.400.site.28, 17, 148, 165
411483.3.peg.400.site.29, 5, 153, 158
411483.3.peg.400.site.30, 3, 150, 153
411483.3.peg.400.site.31, 2, 151, 153
411483.3.peg.400.site.32, 6, 150, 156
411483.3.peg.239.site.1, 1, 151, 152
411483.3.peg.239.site.2, 62, 140, 202
411483.3.peg.239.site.3, 1, 148, 149
411483.3.peg.239.site.4, 16, 143, 159
411483.3.peg.239.site.5, 56, 135, 191
411483.3.peg.239.site.6, 0, 148, 148
411483.3.peg.239.site.7, 9, 143, 152
411483.3.peg.239.site.8, 0, 147, 147
411483.3.peg.239.site.9, 109, 140, 249
411483.3.peg.239.site.10, 102, 145, 247
411483.3.peg.239.site.11, 12, 148, 160
411483.3.peg.239.site.12, 5, 149, 154
411483.3.peg.239.site.13, 6, 150, 156
411483.3.peg.239.site.14, 94, 148, 242
411483.3.peg.239.site.15, 8, 154, 162
411483.3.peg.239.site.16, 5, 152, 157
411483.3.peg.239.site.17, 3, 150, 153
411483.3.peg.239.site.18, 11, 152, 163
411483.3.peg.239.site.19, 7, 151, 158
411483.3.peg.239.site.20, 13, 152, 165
411483.3.peg.239.site.21, 8, 150, 158
411483.3.peg.239.site.22, 39, 141, 180
411483.3.peg.239.site.23, 1, 150, 151
411483.3.peg.239.site.24, 1, 150, 151
411483.3.peg.239.site.25, 118, 148, 266
411483.3.peg.239.site.26, 4, 155, 159
411483.3.peg.239.site.27, 2, 152, 154
411483.3.peg.239.site.28, 10, 152, 162
411483.3.peg.239.site.29, 4, 154, 158
411483.3.peg.239.site.30, 1, 155, 156
411483.3.peg.239.site.31, 8, 154, 162
411483.3.peg.239.site.32, 33, 152, 185
411483.3.peg.239.site.33, 76, 143, 219
411483.3.peg.239.site.34, 3, 155, 158
411483.3.peg.239.site.35, 0, 154, 154
411483.3.peg.239.site.36, 76, 148, 224
411483.3.peg.239.site.37, 0, 154, 154
411483.3.peg.239.site.38, 3, 154, 157
411483.3.peg.239.site.39, 128, 146, 274
411483.3.peg.239.site.40, 2, 154, 156
411483.3.peg.239.site.41, 3, 155, 158
411483.3.peg.238.site.1, 2, 154, 156
411483.3.peg.238.site.2, 20, 149, 169
411483.3.peg.238.site.3, 5, 153, 158
411483.3.peg.238.site.4, 6, 154, 160
411483.3.peg.238.site.5, 2, 155, 157
411483.3.peg.238.site.6, 1, 155, 156
411483.3.peg.238.site.7, 1, 155, 156
411483.3.peg.238.site.8, 2, 152, 154
411483.3.peg.238.site.9, 3, 154, 157
411483.3.peg.238.site.10, 1, 154, 155
411483.3.peg.238.site.11, 2, 154, 156
411483.3.peg.238.site.12, 3, 151, 154
411483.3.peg.238.site.13, 2, 153, 155
411483.3.peg.238.site.14, 0, 151, 151
411483.3.peg.238.site.15, 8, 154, 162
411483.3.peg.238.site.16, 2, 151, 153
411483.3.peg.238.site.17, 2, 150, 152
411483.3.peg.238.site.18, 3, 151, 154
411483.3.peg.238.site.19, 8, 152, 160
411483.3.peg.238.site.20, 6, 154, 160
411483.3.peg.238.site.21, 0, 153, 153
411483.3.peg.238.site.22, 8, 154, 162
411483.3.peg.238.site.23, 1, 154, 155
411483.3.peg.238.site.24, 3, 154, 157
411483.3.peg.238.site.25, 2, 155, 157
411483.3.peg.238.site.26, 8, 152, 160
411483.3.peg.238.site.27, 9, 153, 162
411483.3.peg.238.site.28, 7, 153, 160
411483.3.peg.238.site.29, 19, 154, 173
411483.3.peg.238.site.30, 4, 155, 159
411483.3.peg.238.site.31, 3, 154, 157
411483.3.peg.238.site.32, 3, 155, 158
411483.3.peg.238.site.33, 1, 154, 155
411483.3.peg.238.site.34, 41, 148, 189
411483.3.peg.238.site.35, 1, 155, 156
411483.3.peg.238.site.36, 0, 153, 153
411483.3.peg.238.site.37, 8, 152, 160
411483.3.peg.238.site.38, 2, 154, 156
411483.3.peg.238.site.39, 5, 155, 160
411483.3.peg.238.site.40, 2, 154, 156
411483.3.peg.238.site.41, 1, 155, 156
411483.3.peg.238.site.42, 134, 150, 284
411483.3.peg.238.site.43, 2, 155, 157
411483.3.peg.238.site.44, 30, 148, 178
411483.3.peg.238.site.45, 3, 155, 158
411483.3.peg.238.site.46, 2, 152, 154
411483.3.peg.238.site.47, 8, 154, 162
411483.3.peg.238.site.48, 0, 155, 155
411483.3.peg.238.site.49, 115, 148, 263
411483.3.peg.238.site.50, 8, 151, 159
411483.3.peg.238.site.51, 0, 154, 154
411483.3.peg.238.site.52, 1, 155, 156
411483.3.peg.549.site.1, 0, 146, 146
411483.3.peg.549.site.2, 3, 149, 152
411483.3.peg.549.site.3, 1, 136, 137
411483.3.peg.549.site.4, 2, 133, 135
411483.3.peg.549.site.5, 2, 126, 128
411483.3.peg.549.site.6, 27, 126, 153
411483.3.peg.549.site.7, 0, 139, 139
411483.3.peg.549.site.8, 9, 143, 152
411483.3.peg.549.site.9, 3, 143, 146
411483.3.peg.549.site.10, 2, 141, 143
411483.3.peg.549.site.11, 5, 137, 142
411483.3.peg.549.site.12, 5, 118, 123
411483.3.peg.549.site.13, 0, 121, 121
411483.3.peg.549.site.14, 2, 120, 122
411483.3.peg.549.site.15, 0, 109, 109
411483.3.peg.549.site.16, 1, 112, 113
411483.3.peg.549.site.17, 92, 102, 194
411483.3.peg.549.site.18, 94, 95, 189
411483.3.peg.549.site.19, 6, 98, 104
411483.3.peg.549.site.20, 1, 106, 107
411483.3.peg.549.site.21, 11, 112, 123
411483.3.peg.549.site.22, 5, 115, 120
411483.3.peg.549.site.23, 1, 133, 134
411483.3.peg.549.site.24, 19, 129, 148
411483.3.peg.549.site.25, 3, 130, 133
411483.3.peg.548.site.1, 0, 151, 151
411483.3.peg.548.site.2, 1, 155, 156
411483.3.peg.548.site.3, 8, 145, 153
411483.3.peg.548.site.4, 13, 147, 160
411483.3.peg.548.site.5, 4, 149, 153
411483.3.peg.548.site.6, 2, 145, 147
411483.3.peg.548.site.7, 2, 148, 150
411483.3.peg.548.site.8, 3, 148, 151
411483.3.peg.548.site.9, 141, 144, 285
411483.3.peg.548.site.10, 21, 138, 159
411483.3.peg.548.site.11, 2, 146, 148
411483.3.peg.548.site.12, 0, 148, 148
411483.3.peg.548.site.13, 14, 143, 157
411483.3.peg.548.site.14, 1, 150, 151
411483.3.peg.548.site.15, 4, 152, 156
411483.3.peg.548.site.16, 96, 144, 240
411483.3.peg.548.site.17, 152, 152, 304
411483.3.peg.548.site.18, 0, 153, 153
411483.3.peg.548.site.19, 2, 152, 154
411483.3.peg.548.site.20, 2, 153, 155
411483.3.peg.548.site.21, 3, 151, 154
411483.3.peg.548.site.22, 0, 148, 148
411483.3.peg.548.site.23, 3, 150, 153
411483.3.peg.548.site.24, 3, 145, 148
411483.3.peg.548.site.25, 4, 145, 149
411483.3.peg.548.site.26, 150, 150, 300
411483.3.peg.548.site.27, 0, 142, 142
411483.3.peg.548.site.28, 6, 140, 146
411483.3.peg.548.site.29, 4, 142, 146
411483.3.peg.548.site.30, 5, 138, 143
411483.3.peg.548.site.31, 10, 133, 143
411483.3.peg.548.site.32, 2, 135, 137
411483.3.peg.548.site.33, 7, 132, 139
411483.3.peg.548.site.34, 8, 134, 142
411483.3.peg.548.site.35, 105, 127, 232
411483.3.peg.548.site.36, 3, 135, 138
411483.3.peg.548.site.37, 1, 130, 131
411483.3.peg.548.site.38, 5, 134, 139
411483.3.peg.548.site.39, 1, 151, 152
411483.3.peg.548.site.40, 3, 145, 148
411483.3.peg.548.site.41, 7, 146, 153
411483.3.peg.548.site.42, 18, 143, 161
411483.3.peg.548.site.43, 1, 148, 149
411483.3.peg.548.site.44, 12, 141, 153
411483.3.peg.548.site.45, 4, 143, 147
411483.3.peg.548.site.46, 10, 133, 143
411483.3.peg.548.site.47, 9, 131, 140
411483.3.peg.548.site.48, 8, 128, 136
411483.3.peg.548.site.49, 1, 123, 124
411483.3.peg.548.site.50, 2, 123, 125
411483.3.peg.548.site.51, 7, 111, 118
411483.3.peg.548.site.52, 3, 110, 113
411483.3.peg.548.site.53, 2, 112, 114
411483.3.peg.548.site.54, 0, 105, 105
411483.3.peg.548.site.55, 0, 98, 98
411483.3.peg.401.site.1, 2, 155, 157
411483.3.peg.401.site.2, 14, 152, 166
411483.3.peg.401.site.3, 2, 155, 157
411483.3.peg.401.site.4, 0, 154, 154
411483.3.peg.401.site.5, 7, 153, 160
411483.3.peg.401.site.6, 3, 154, 157
411483.3.peg.401.site.7, 1, 151, 152
411483.3.peg.401.site.8, 3, 148, 151
411483.3.peg.401.site.9, 22, 147, 169
411483.3.peg.401.site.10, 123, 143, 266
411483.3.peg.401.site.11, 2, 149, 151
411483.3.peg.401.site.12, 1, 149, 150
411483.3.peg.401.site.13, 0, 149, 149
411483.3.peg.401.site.14, 6, 148, 154
411483.3.peg.401.site.15, 142, 148, 290
411483.3.peg.401.site.16, 5, 143, 148
411483.3.peg.401.site.17, 1, 141, 142
411483.3.peg.401.site.18, 3, 140, 143
411483.3.peg.401.site.19, 1, 144, 145
411483.3.peg.401.site.20, 1, 142, 143
411483.3.peg.401.site.21, 15, 134, 149
411483.3.peg.401.site.22, 2, 143, 145
411483.3.peg.401.site.23, 4, 146, 150
411483.3.peg.401.site.24, 0, 152, 152
411483.3.peg.401.site.25, 1, 151, 152
411483.3.peg.401.site.26, 1, 151, 152
411483.3.peg.401.site.27, 16, 145, 161
411483.3.peg.401.site.28, 0, 151, 151
411483.3.peg.401.site.29, 1, 151, 152
411483.3.peg.401.site.30, 36, 138, 174
411483.3.peg.401.site.31, 4, 141, 145
411483.3.peg.401.site.32, 60, 123, 183
411483.3.peg.401.site.33, 1, 125, 126
411483.3.peg.401.site.34, 1, 131, 132
411483.3.peg.401.site.35, 43, 127, 170
411483.3.peg.401.site.36, 4, 135, 139
411483.3.peg.401.site.37, 7, 126, 133
411483.3.peg.401.site.38, 5, 137, 142
411483.3.peg.401.site.39, 89, 136, 225
411483.3.peg.401.site.40, 4, 149, 153
411483.3.peg.401.site.41, 1, 150, 151
411483.3.peg.401.site.42, 14, 148, 162
411483.3.peg.401.site.43, 2, 143, 145
411483.3.peg.401.site.44, 16, 143, 159
411483.3.peg.401.site.45, 124, 134, 258
411483.3.peg.401.site.46, 16, 128, 144
411483.3.peg.401.site.47, 1, 128, 129
411483.3.peg.401.site.48, 98, 108, 206
411483.3.peg.401.site.49, 0, 116, 116
411483.3.peg.401.site.50, 3, 113, 116
411483.3.peg.401.site.51, 0, 111, 111
411483.3.peg.401.site.52, 1, 120, 121
411483.3.peg.401.site.53, 2, 124, 126
411483.3.peg.401.site.54, 0, 115, 115
411483.3.peg.401.site.55, 9, 130, 139
411483.3.peg.401.site.56, 129, 131, 260
411483.3.peg.401.site.57, 5, 132, 137
411483.3.peg.401.site.58, 1, 128, 129
411483.3.peg.401.site.59, 2, 136, 138
411483.3.peg.401.site.60, 4, 136, 140
411483.3.peg.401.site.61, 0, 132, 132
411483.3.peg.401.site.62, 1, 141, 142
411483.3.peg.401.site.63, 1, 124, 125
411483.3.peg.401.site.64, 13, 114, 127
411483.3.peg.401.site.65, 10, 121, 131
411483.3.peg.401.site.66, 6, 115, 121
411483.3.peg.401.site.67, 2, 113, 115
411483.3.peg.401.site.68, 1, 119, 120
411483.3.peg.401.site.69, 0, 114, 114
411483.3.peg.401.site.70, 67, 106, 173
411483.3.peg.401.site.71, 19, 104, 123
411483.3.peg.401.site.72, 2, 107, 109
411483.3.peg.401.site.73, 2, 115, 117
411483.3.peg.401.site.74, 3, 124, 127
411483.3.peg.401.site.75, 7, 120, 127
411483.3.peg.401.site.76, 1, 119, 120
411483.3.peg.401.site.77, 3, 115, 118
411483.3.peg.401.site.78, 3, 128, 131
411483.3.peg.401.site.79, 7, 123, 130
411483.3.peg.401.site.80, 26, 130, 156
411483.3.peg.401.site.81, 1, 146, 147
411483.3.peg.401.site.82, 1, 145, 146
411483.3.peg.401.site.83, 4, 148, 152
411483.3.peg.401.site.84, 1, 145, 146
411483.3.peg.401.site.85, 1, 144, 145
411483.3.peg.401.site.86, 14, 140, 154
411483.3.peg.401.site.87, 11, 139, 150
411483.3.peg.401.site.88, 16, 143, 159
411483.3.peg.401.site.89, 7, 143, 150
411483.3.peg.401.site.90, 0, 145, 145
411483.3.peg.401.site.91, 8, 147, 155
411483.3.peg.401.site.92, 5, 143, 148
411483.3.peg.401.site.93, 0, 149, 149
411483.3.peg.401.site.94, 6, 144, 150
411483.3.peg.401.site.95, 2, 142, 144
411483.3.peg.401.site.96, 2, 132, 134
411483.3.peg.401.site.97, 4, 129, 133
411483.3.peg.401.site.98, 2, 126, 128
411483.3.peg.401.site.99, 55, 122, 177
411483.3.peg.401.site.100, 125, 128, 253
411483.3.peg.401.site.101, 12, 129, 141
411483.3.peg.401.site.102, 137, 140, 277
411483.3.peg.401.site.103, 5, 133, 138
411483.3.peg.401.site.104, 10, 143, 153
411483.3.peg.401.site.105, 1, 149, 150
411483.3.peg.401.site.106, 1, 152, 153
411483.3.peg.401.site.107, 109, 139, 248
411483.3.peg.401.site.108, 1, 151, 152
411483.3.peg.401.site.109, 142, 152, 294
411483.3.peg.401.site.110, 2, 154, 156
411483.3.peg.545.site.1, 0, 154, 154
411483.3.peg.545.site.2, 0, 152, 152
411483.3.peg.545.site.3, 10, 151, 161
411483.3.peg.545.site.4, 7, 149, 156
411483.3.peg.545.site.5, 5, 152, 157
411483.3.peg.545.site.6, 0, 153, 153
411483.3.peg.545.site.7, 2, 152, 154
411483.3.peg.545.site.8, 1, 154, 155
411483.3.peg.545.site.9, 0, 152, 152
411483.3.peg.545.site.10, 3, 150, 153
411483.3.peg.545.site.11, 1, 153, 154
411483.3.peg.545.site.12, 9, 150, 159
411483.3.peg.232.site.1, 3, 154, 157
411483.3.peg.232.site.2, 2, 151, 153
411483.3.peg.232.site.3, 1, 154, 155
411483.3.peg.232.site.4, 0, 153, 153
411483.3.peg.232.site.5, 1, 153, 154
411483.3.peg.232.site.6, 1, 154, 155
411483.3.peg.232.site.7, 3, 149, 152
411483.3.peg.232.site.8, 4, 143, 147
411483.3.peg.232.site.9, 1, 139, 140
411483.3.peg.232.site.10, 4, 87, 91
411483.3.peg.232.site.11, 4, 77, 81
411483.3.peg.232.site.12, 31, 54, 85
411483.3.peg.232.site.13, 42, 65, 107
411483.3.peg.232.site.14, 29, 70, 99
411483.3.peg.232.site.15, 5, 90, 95
411483.3.peg.232.site.16, 1, 127, 128
411483.3.peg.232.site.17, 21, 123, 144
411483.3.peg.232.site.18, 60, 111, 171
411483.3.peg.232.site.19, 25, 127, 152
411483.3.peg.232.site.20, 3, 133, 136
411483.3.peg.232.site.21, 1, 129, 130
411483.3.peg.232.site.22, 3, 103, 106
411483.3.peg.232.site.23, 2, 98, 100
411483.3.peg.232.site.24, 0, 91, 91
411483.3.peg.232.site.25, 10, 70, 80
411483.3.peg.232.site.26, 2, 91, 93
411483.3.peg.232.site.27, 94, 94, 188
411483.3.peg.232.site.28, 2, 96, 98
411483.3.peg.232.site.29, 6, 84, 90
411483.3.peg.232.site.30, 34, 97, 131
411483.3.peg.232.site.31, 2, 117, 119
411483.3.peg.232.site.32, 52, 119, 171
411483.3.peg.232.site.33, 14, 131, 145
411483.3.peg.232.site.34, 12, 137, 149
411483.3.peg.232.site.35, 1, 146, 147
411483.3.peg.232.site.36, 12, 141, 153
411483.3.peg.232.site.37, 3, 152, 155
411483.3.peg.232.site.38, 2, 155, 157
411483.3.peg.232.site.39, 5, 152, 157
411483.3.peg.232.site.40, 2, 154, 156
411483.3.peg.232.site.41, 3, 153, 156
411483.3.peg.232.site.42, 1, 150, 151
411483.3.peg.232.site.43, 3, 152, 155
411483.3.peg.232.site.44, 24, 146, 170
411483.3.peg.232.site.45, 16, 151, 167
411483.3.peg.232.site.46, 11, 148, 159
411483.3.peg.232.site.47, 152, 153, 305
411483.3.peg.232.site.48, 10, 155, 165
411483.3.peg.232.site.49, 2, 155, 157
411483.3.peg.232.site.50, 3, 155, 158
411483.3.peg.232.site.51, 7, 154, 161
411483.3.peg.232.site.52, 139, 151, 290
411483.3.peg.232.site.53, 0, 153, 153
411483.3.peg.232.site.54, 1, 154, 155
411483.3.peg.232.site.55, 0, 154, 154
411483.3.peg.232.site.56, 1, 155, 156
411483.3.peg.232.site.57, 13, 150, 163
411483.3.peg.232.site.58, 3, 152, 155
411483.3.peg.232.site.59, 6, 152, 158
411483.3.peg.232.site.60, 3, 149, 152
411483.3.peg.232.site.61, 6, 154, 160
411483.3.peg.232.site.62, 2, 142, 144
411483.3.peg.232.site.63, 4, 150, 154
411483.3.peg.232.site.64, 0, 151, 151
411483.3.peg.232.site.65, 2, 149, 151
411483.3.peg.232.site.66, 1, 143, 144
411483.3.peg.232.site.67, 2, 144, 146
411483.3.peg.232.site.68, 6, 149, 155
411483.3.peg.232.site.69, 41, 137, 178
411483.3.peg.232.site.70, 1, 145, 146
411483.3.peg.232.site.71, 21, 141, 162
411483.3.peg.232.site.72, 7, 147, 154
411483.3.peg.232.site.73, 0, 146, 146
411483.3.peg.232.site.74, 4, 147, 151
411483.3.peg.232.site.75, 22, 141, 163
411483.3.peg.232.site.76, 17, 146, 163
411483.3.peg.232.site.77, 2, 136, 138
411483.3.peg.232.site.78, 7, 139, 146
411483.3.peg.232.site.79, 8, 139, 147
411483.3.peg.232.site.80, 27, 133, 160
411483.3.peg.232.site.81, 3, 133, 136
411483.3.peg.232.site.82, 29, 125, 154
411483.3.peg.232.site.83, 2, 139, 141
411483.3.peg.232.site.84, 7, 140, 147
411483.3.peg.232.site.85, 10, 141, 151
411483.3.peg.232.site.86, 1, 143, 144
411483.3.peg.232.site.87, 82, 135, 217
411483.3.peg.232.site.88, 92, 129, 221
411483.3.peg.232.site.89, 14, 145, 159
411483.3.peg.232.site.90, 5, 147, 152
411483.3.peg.232.site.91, 3, 151, 154
411483.3.peg.232.site.92, 0, 149, 149
411483.3.peg.232.site.93, 0, 151, 151
411483.3.peg.232.site.94, 1, 152, 153
411483.3.peg.232.site.95, 11, 150, 161
411483.3.peg.232.site.96, 2, 143, 145
411483.3.peg.232.site.97, 47, 128, 175
411483.3.peg.232.site.98, 13, 141, 154
411483.3.peg.232.site.99, 1, 133, 134
411483.3.peg.232.site.100, 5, 137, 142
411483.3.peg.232.site.101, 2, 134, 136
411483.3.peg.232.site.102, 84, 115, 199
411483.3.peg.232.site.103, 5, 117, 122
411483.3.peg.232.site.104, 7, 114, 121
411483.3.peg.232.site.105, 7, 103, 110
411483.3.peg.232.site.106, 3, 84, 87
411483.3.peg.232.site.107, 7, 96, 103
411483.3.peg.232.site.108, 100, 100, 200
411483.3.peg.232.site.109, 0, 100, 100
411483.3.peg.232.site.110, 1, 92, 93
411483.3.peg.232.site.111, 104, 104, 208
411483.3.peg.232.site.112, 1, 114, 115
411483.3.peg.232.site.113, 1, 126, 127
411483.3.peg.232.site.114, 7, 131, 138
411483.3.peg.232.site.115, 14, 137, 151
411483.3.peg.232.site.116, 0, 143, 143
411483.3.peg.232.site.117, 8, 146, 154
411483.3.peg.232.site.118, 1, 152, 153
411483.3.peg.232.site.119, 6, 151, 157
411483.3.peg.232.site.120, 2, 151, 153
411483.3.peg.232.site.121, 2, 151, 153
411483.3.peg.232.site.122, 19, 150, 169
411483.3.peg.232.site.123, 4, 138, 142
411483.3.peg.232.site.124, 31, 91, 122
411483.3.peg.231.site.1, 0, 136, 136
411483.3.peg.231.site.2, 26, 133, 159
411483.3.peg.231.site.3, 1, 140, 141
411483.3.peg.231.site.4, 2, 146, 148
411483.3.peg.231.site.5, 2, 145, 147
411483.3.peg.231.site.6, 134, 142, 276
411483.3.peg.231.site.7, 18, 133, 151
411483.3.peg.231.site.8, 7, 147, 154
411483.3.peg.231.site.9, 2, 147, 149
411483.3.peg.231.site.10, 4, 150, 154
411483.3.peg.231.site.11, 8, 146, 154
411483.3.peg.231.site.12, 9, 148, 157
411483.3.peg.231.site.13, 11, 151, 162
411483.3.peg.231.site.14, 2, 149, 151
411483.3.peg.231.site.15, 1, 151, 152
411483.3.peg.230.site.1, 0, 154, 154
411483.3.peg.230.site.2, 0, 152, 152
411483.3.peg.230.site.3, 0, 151, 151
411483.3.peg.230.site.4, 0, 152, 152
411483.3.peg.230.site.5, 2, 148, 150
411483.3.peg.230.site.6, 2, 152, 154
411483.3.peg.230.site.7, 2, 155, 157
411483.3.peg.230.site.8, 0, 152, 152
411483.3.peg.230.site.9, 0, 155, 155
411483.3.peg.230.site.10, 1, 155, 156
411483.3.peg.230.site.11, 4, 155, 159
411483.3.peg.230.site.12, 1, 151, 152
411483.3.peg.230.site.13, 1, 152, 153
411483.3.peg.230.site.14, 0, 152, 152
411483.3.peg.230.site.15, 0, 152, 152
411483.3.peg.230.site.16, 1, 154, 155
411483.3.peg.230.site.17, 65, 145, 210
411483.3.peg.230.site.18, 2, 153, 155
411483.3.peg.230.site.19, 2, 155, 157
411483.3.peg.230.site.20, 1, 155, 156
411483.3.peg.230.site.21, 1, 154, 155
411483.3.peg.230.site.22, 1, 153, 154
411483.3.peg.230.site.23, 2, 155, 157
411483.3.peg.230.site.24, 4, 155, 159
411483.3.peg.230.site.25, 4, 154, 158
411483.3.peg.230.site.26, 26, 149, 175
411483.3.peg.230.site.27, 1, 154, 155
411483.3.peg.230.site.28, 1, 154, 155
411483.3.peg.230.site.29, 2, 155, 157
411483.3.peg.230.site.30, 1, 155, 156
411483.3.peg.230.site.31, 2, 155, 157
411483.3.peg.230.site.32, 107, 149, 256
411483.3.peg.230.site.33, 1, 154, 155
411483.3.peg.230.site.34, 2, 153, 155
411483.3.peg.230.site.35, 0, 154, 154
411483.3.peg.230.site.36, 2, 155, 157
411483.3.peg.230.site.37, 2, 154, 156
411483.3.peg.230.site.38, 8, 151, 159
411483.3.peg.230.site.39, 1, 154, 155
411483.3.peg.230.site.40, 0, 154, 154
411483.3.peg.230.site.41, 2, 155, 157
411483.3.peg.230.site.42, 13, 151, 164
411483.3.peg.230.site.43, 6, 151, 157
411483.3.peg.230.site.44, 0, 154, 154
411483.3.peg.230.site.45, 1, 155, 156
411483.3.peg.230.site.46, 8, 154, 162
411483.3.peg.230.site.47, 8, 147, 155
411483.3.peg.230.site.48, 2, 153, 155
411483.3.peg.230.site.49, 4, 154, 158
411483.3.peg.230.site.50, 8, 154, 162
411483.3.peg.230.site.51, 24, 145, 169
411483.3.peg.237.site.1, 4, 151, 155
411483.3.peg.237.site.2, 36, 143, 179
411483.3.peg.237.site.3, 14, 154, 168
411483.3.peg.236.site.1, 2, 152, 154
411483.3.peg.236.site.2, 14, 150, 164
411483.3.peg.236.site.3, 2, 153, 155
411483.3.peg.236.site.4, 9, 149, 158
411483.3.peg.236.site.5, 10, 153, 163
411483.3.peg.236.site.6, 4, 151, 155
411483.3.peg.236.site.7, 1, 152, 153
411483.3.peg.236.site.8, 18, 146, 164
411483.3.peg.236.site.9, 123, 145, 268
411483.3.peg.236.site.10, 4, 153, 157
411483.3.peg.236.site.11, 2, 151, 153
411483.3.peg.236.site.12, 1, 149, 150
411483.3.peg.236.site.13, 81, 138, 219
411483.3.peg.236.site.14, 45, 139, 184
411483.3.peg.236.site.15, 2, 150, 152
411483.3.peg.236.site.16, 72, 132, 204
411483.3.peg.236.site.17, 3, 140, 143
411483.3.peg.236.site.18, 1, 129, 130
411483.3.peg.236.site.19, 74, 120, 194
411483.3.peg.236.site.20, 4, 127, 131
411483.3.peg.236.site.21, 1, 132, 133
411483.3.peg.236.site.22, 2, 139, 141
411483.3.peg.236.site.23, 1, 143, 144
411483.3.peg.236.site.24, 6, 141, 147
411483.3.peg.236.site.25, 3, 147, 150
411483.3.peg.236.site.26, 2, 145, 147
411483.3.peg.236.site.27, 0, 146, 146
411483.3.peg.236.site.28, 20, 140, 160
411483.3.peg.236.site.29, 3, 152, 155
411483.3.peg.236.site.30, 0, 155, 155
411483.3.peg.236.site.31, 1, 152, 153
411483.3.peg.236.site.32, 2, 155, 157
411483.3.peg.236.site.33, 10, 154, 164
411483.3.peg.236.site.34, 2, 153, 155
411483.3.peg.236.site.35, 9, 146, 155
411483.3.peg.236.site.36, 2, 141, 143
411483.3.peg.236.site.37, 7, 147, 154
411483.3.peg.236.site.38, 0, 151, 151
411483.3.peg.236.site.39, 3, 148, 151
411483.3.peg.236.site.40, 8, 149, 157
411483.3.peg.236.site.41, 21, 146, 167
411483.3.peg.236.site.42, 1, 154, 155
411483.3.peg.236.site.43, 0, 154, 154
411483.3.peg.236.site.44, 0, 154, 154
411483.3.peg.236.site.45, 7, 154, 161
411483.3.peg.236.site.46, 2, 154, 156
411483.3.peg.236.site.47, 5, 154, 159
411483.3.peg.236.site.48, 2, 153, 155
411483.3.peg.236.site.49, 4, 152, 156
411483.3.peg.236.site.50, 2, 153, 155
411483.3.peg.236.site.51, 5, 154, 159
411483.3.peg.236.site.52, 1, 155, 156
411483.3.peg.236.site.53, 0, 154, 154
411483.3.peg.236.site.54, 2, 155, 157
411483.3.peg.236.site.55, 1, 155, 156
411483.3.peg.236.site.56, 16, 154, 170
411483.3.peg.236.site.57, 1, 155, 156
411483.3.peg.236.site.58, 1, 153, 154
411483.3.peg.236.site.59, 1, 155, 156
411483.3.peg.236.site.60, 7, 153, 160
411483.3.peg.236.site.61, 9, 151, 160
411483.3.peg.236.site.62, 1, 154, 155
411483.3.peg.236.site.63, 1, 155, 156
411483.3.peg.236.site.64, 38, 146, 184
411483.3.peg.236.site.65, 37, 147, 184
411483.3.peg.236.site.66, 10, 150, 160
411483.3.peg.236.site.67, 9, 155, 164
411483.3.peg.236.site.68, 7, 154, 161
411483.3.peg.236.site.69, 6, 150, 156
411483.3.peg.235.site.1, 1, 154, 155
411483.3.peg.235.site.2, 2, 155, 157
411483.3.peg.235.site.3, 2, 155, 157
411483.3.peg.235.site.4, 3, 155, 158
411483.3.peg.235.site.5, 2, 155, 157
411483.3.peg.235.site.6, 9, 152, 161
411483.3.peg.235.site.7, 106, 146, 252
411483.3.peg.235.site.8, 6, 154, 160
411483.3.peg.235.site.9, 2, 154, 156
411483.3.peg.235.site.10, 8, 154, 162
411483.3.peg.235.site.11, 69, 140, 209
411483.3.peg.235.site.12, 1, 154, 155
411483.3.peg.235.site.13, 0, 155, 155
411483.3.peg.235.site.14, 2, 155, 157
411483.3.peg.235.site.15, 15, 149, 164
411483.3.peg.235.site.16, 0, 155, 155
411483.3.peg.235.site.17, 3, 154, 157
411483.3.peg.235.site.18, 6, 154, 160
411483.3.peg.235.site.19, 17, 153, 170
411483.3.peg.235.site.20, 3, 155, 158
411483.3.peg.235.site.21, 12, 153, 165
411483.3.peg.235.site.22, 2, 155, 157
411483.3.peg.235.site.23, 8, 151, 159
411483.3.peg.235.site.24, 7, 153, 160
411483.3.peg.235.site.25, 4, 154, 158
411483.3.peg.235.site.26, 8, 152, 160
411483.3.peg.235.site.27, 2, 153, 155
411483.3.peg.235.site.28, 1, 152, 153
411483.3.peg.235.site.29, 1, 151, 152
411483.3.peg.235.site.30, 136, 146, 282
411483.3.peg.235.site.31, 3, 147, 150
411483.3.peg.235.site.32, 2, 152, 154
411483.3.peg.235.site.33, 0, 149, 149
411483.3.peg.235.site.34, 0, 144, 144
411483.3.peg.235.site.35, 1, 142, 143
411483.3.peg.235.site.36, 1, 145, 146
411483.3.peg.235.site.37, 2, 142, 144
411483.3.peg.235.site.38, 2, 146, 148
411483.3.peg.235.site.39, 13, 134, 147
411483.3.peg.235.site.40, 130, 139, 269
411483.3.peg.235.site.41, 15, 140, 155
411483.3.peg.235.site.42, 42, 135, 177
411483.3.peg.235.site.43, 1, 149, 150
411483.3.peg.235.site.44, 5, 146, 151
411483.3.peg.235.site.45, 62, 132, 194
411483.3.peg.235.site.46, 104, 138, 242
411483.3.peg.235.site.47, 4, 149, 153
411483.3.peg.235.site.48, 5, 146, 151
411483.3.peg.235.site.49, 1, 148, 149
411483.3.peg.235.site.50, 0, 150, 150
411483.3.peg.235.site.51, 0, 151, 151
411483.3.peg.235.site.52, 8, 151, 159
411483.3.peg.235.site.53, 10, 149, 159
411483.3.peg.235.site.54, 2, 152, 154
411483.3.peg.235.site.55, 5, 153, 158
411483.3.peg.235.site.56, 0, 154, 154
411483.3.peg.235.site.57, 2, 155, 157
411483.3.peg.235.site.58, 0, 155, 155
411483.3.peg.235.site.59, 0, 155, 155
411483.3.peg.235.site.60, 0, 155, 155
411483.3.peg.235.site.61, 8, 151, 159
411483.3.peg.234.site.1, 19, 82, 101
411483.3.peg.234.site.2, 1, 141, 142
411483.3.peg.234.site.3, 5, 142, 147
411483.3.peg.234.site.4, 28, 141, 169
411483.3.peg.234.site.5, 6, 148, 154
411483.3.peg.234.site.6, 1, 146, 147
411483.3.peg.234.site.7, 3, 149, 152
411483.3.peg.234.site.8, 144, 144, 288
411483.3.peg.234.site.9, 0, 147, 147
411483.3.peg.234.site.10, 10, 145, 155
411483.3.peg.234.site.11, 7, 146, 153
411483.3.peg.234.site.12, 5, 146, 151
411483.3.peg.234.site.13, 139, 149, 288
411483.3.peg.234.site.14, 20, 150, 170
411483.3.peg.234.site.15, 6, 152, 158
411483.3.peg.234.site.16, 2, 147, 149
411483.3.peg.234.site.17, 12, 148, 160
411483.3.peg.234.site.18, 149, 150, 299
411483.3.peg.234.site.19, 2, 154, 156
411483.3.peg.234.site.20, 2, 154, 156
411483.3.peg.234.site.21, 1, 153, 154
411483.3.peg.234.site.22, 3, 154, 157
411483.3.peg.234.site.23, 0, 154, 154
411483.3.peg.234.site.24, 5, 152, 157
411483.3.peg.234.site.25, 10, 155, 165
411483.3.peg.234.site.26, 93, 149, 242
411483.3.peg.234.site.27, 10, 155, 165
411483.3.peg.234.site.28, 2, 154, 156
411483.3.peg.234.site.29, 1, 155, 156
411483.3.peg.234.site.30, 1, 155, 156
411483.3.peg.234.site.31, 4, 154, 158
411483.3.peg.234.site.32, 3, 153, 156
411483.3.peg.234.site.33, 4, 153, 157
411483.3.peg.234.site.34, 1, 154, 155
411483.3.peg.234.site.35, 8, 151, 159
411483.3.peg.234.site.36, 108, 145, 253
411483.3.peg.234.site.37, 4, 155, 159
411483.3.peg.234.site.38, 76, 141, 217
411483.3.peg.234.site.39, 35, 140, 175
411483.3.peg.234.site.40, 0, 154, 154
411483.3.peg.234.site.41, 6, 152, 158
411483.3.peg.234.site.42, 1, 152, 153
411483.3.peg.234.site.43, 7, 150, 157
411483.3.peg.234.site.44, 1, 151, 152
411483.3.peg.234.site.45, 1, 150, 151
411483.3.peg.234.site.46, 8, 140, 148
411483.3.peg.234.site.47, 0, 141, 141
411483.3.peg.234.site.48, 71, 123, 194
411483.3.peg.234.site.49, 48, 127, 175
411483.3.peg.234.site.50, 3, 135, 138
411483.3.peg.234.site.51, 29, 128, 157
411483.3.peg.234.site.52, 120, 131, 251
411483.3.peg.234.site.53, 70, 130, 200
411483.3.peg.234.site.54, 4, 141, 145
411483.3.peg.234.site.55, 1, 146, 147
411483.3.peg.234.site.56, 60, 125, 185
411483.3.peg.234.site.57, 5, 132, 137
411483.3.peg.234.site.58, 15, 125, 140
411483.3.peg.234.site.59, 123, 123, 246
411483.3.peg.234.site.60, 1, 105, 106
411483.3.peg.234.site.61, 1, 111, 112
411483.3.peg.234.site.62, 95, 95, 190
411483.3.peg.234.site.63, 66, 85, 151
411483.3.peg.234.site.64, 1, 101, 102
411483.3.peg.234.site.65, 3, 110, 113
411483.3.peg.234.site.66, 2, 102, 104
411483.3.peg.234.site.67, 12, 117, 129
411483.3.peg.234.site.68, 2, 116, 118
411483.3.peg.234.site.69, 1, 125, 126
411483.3.peg.234.site.70, 4, 135, 139
411483.3.peg.234.site.71, 12, 135, 147
411483.3.peg.234.site.72, 19, 139, 158
411483.3.peg.234.site.73, 8, 149, 157
411483.3.peg.234.site.74, 10, 139, 149
411483.3.peg.234.site.75, 7, 150, 157
411483.3.peg.234.site.76, 29, 145, 174
411483.3.peg.234.site.77, 23, 148, 171
411483.3.peg.234.site.78, 35, 150, 185
411483.3.peg.234.site.79, 7, 154, 161
411483.3.peg.234.site.80, 8, 152, 160
411483.3.peg.234.site.81, 1, 142, 143
411483.3.peg.234.site.82, 47, 134, 181
411483.3.peg.234.site.83, 1, 138, 139
411483.3.peg.234.site.84, 12, 139, 151
411483.3.peg.234.site.85, 2, 134, 136
411483.3.peg.234.site.86, 69, 127, 196
411483.3.peg.234.site.87, 95, 134, 229
411483.3.peg.234.site.88, 10, 137, 147
411483.3.peg.234.site.89, 2, 141, 143
411483.3.peg.234.site.90, 61, 136, 197
411483.3.peg.234.site.91, 8, 146, 154
411483.3.peg.234.site.92, 15, 143, 158
411483.3.peg.234.site.93, 2, 145, 147
411483.3.peg.234.site.94, 32, 143, 175
411483.3.peg.234.site.95, 45, 138, 183
411483.3.peg.234.site.96, 125, 142, 267
411483.3.peg.234.site.97, 54, 138, 192
411483.3.peg.234.site.98, 99, 140, 239
411483.3.peg.234.site.99, 24, 138, 162
411483.3.peg.234.site.100, 45, 133, 178
411483.3.peg.234.site.101, 110, 139, 249
411483.3.peg.234.site.102, 27, 136, 163
411483.3.peg.234.site.103, 1, 146, 147
411483.3.peg.234.site.104, 7, 139, 146
411483.3.peg.234.site.105, 17, 139, 156
411483.3.peg.234.site.106, 3, 150, 153
411483.3.peg.234.site.107, 3, 149, 152
411483.3.peg.234.site.108, 6, 151, 157
411483.3.peg.234.site.109, 1, 152, 153
411483.3.peg.234.site.110, 9, 148, 157
411483.3.peg.234.site.111, 15, 149, 164
411483.3.peg.234.site.112, 9, 144, 153
411483.3.peg.234.site.113, 1, 145, 146
411483.3.peg.234.site.114, 57, 133, 190
411483.3.peg.234.site.115, 8, 140, 148
411483.3.peg.234.site.116, 0, 144, 144
411483.3.peg.234.site.117, 2, 143, 145
411483.3.peg.234.site.118, 107, 128, 235
411483.3.peg.234.site.119, 2, 129, 131
411483.3.peg.234.site.120, 4, 126, 130
411483.3.peg.234.site.121, 3, 123, 126
411483.3.peg.234.site.122, 1, 115, 116
411483.3.peg.234.site.123, 14, 112, 126
411483.3.peg.234.site.124, 3, 108, 111
411483.3.peg.234.site.125, 52, 88, 140
411483.3.peg.234.site.126, 1, 99, 100
411483.3.peg.234.site.127, 66, 97, 163
411483.3.peg.234.site.128, 100, 104, 204
411483.3.peg.234.site.129, 1, 114, 115
411483.3.peg.234.site.130, 0, 115, 115
411483.3.peg.234.site.131, 3, 119, 122
411483.3.peg.234.site.132, 2, 122, 124
411483.3.peg.234.site.133, 6, 127, 133
411483.3.peg.234.site.134, 2, 133, 135
411483.3.peg.234.site.135, 16, 134, 150
411483.3.peg.234.site.136, 12, 134, 146
411483.3.peg.234.site.137, 2, 124, 126
411483.3.peg.234.site.138, 16, 146, 162
411483.3.peg.234.site.139, 2, 147, 149
411483.3.peg.234.site.140, 4, 141, 145
411483.3.peg.234.site.141, 6, 152, 158
411483.3.peg.234.site.142, 7, 146, 153
411483.3.peg.234.site.143, 1, 152, 153
411483.3.peg.234.site.144, 5, 152, 157
411483.3.peg.234.site.145, 2, 150, 152
411483.3.peg.234.site.146, 2, 150, 152
411483.3.peg.234.site.147, 2, 151, 153
411483.3.peg.234.site.148, 7, 147, 154
411483.3.peg.234.site.149, 7, 145, 152
411483.3.peg.234.site.150, 5, 140, 145
411483.3.peg.234.site.151, 0, 122, 122
411483.3.peg.234.site.152, 3, 121, 124
411483.3.peg.234.site.153, 1, 132, 133
411483.3.peg.234.site.154, 69, 103, 172
411483.3.peg.234.site.155, 64, 102, 166
411483.3.peg.234.site.156, 13, 114, 127
411483.3.peg.234.site.157, 28, 113, 141
411483.3.peg.234.site.158, 2, 112, 114
411483.3.peg.234.site.159, 2, 108, 110
411483.3.peg.234.site.160, 13, 92, 105
411483.3.peg.47.site.1, 0, 153, 153
411483.3.peg.47.site.2, 7, 152, 159
411483.3.peg.47.site.3, 0, 153, 153
411483.3.peg.47.site.4, 0, 154, 154
411483.3.peg.45.site.1, 2, 155, 157
411483.3.peg.45.site.2, 1, 155, 156
411483.3.peg.45.site.3, 3, 153, 156
411483.3.peg.45.site.4, 17, 152, 169
411483.3.peg.45.site.5, 5, 155, 160
411483.3.peg.45.site.6, 1, 155, 156
411483.3.peg.45.site.7, 5, 153, 158
411483.3.peg.45.site.8, 1, 155, 156
411483.3.peg.45.site.9, 3, 155, 158
411483.3.peg.45.site.10, 2, 154, 156
411483.3.peg.45.site.11, 3, 155, 158
411483.3.peg.45.site.12, 1, 155, 156
411483.3.peg.45.site.13, 0, 154, 154
411483.3.peg.45.site.14, 2, 155, 157
411483.3.peg.45.site.15, 3, 154, 157
411483.3.peg.45.site.16, 1, 154, 155
411483.3.peg.45.site.17, 2, 155, 157
411483.3.peg.45.site.18, 0, 154, 154
411483.3.peg.45.site.19, 1, 155, 156
411483.3.peg.45.site.20, 118, 149, 267
411483.3.peg.45.site.21, 0, 154, 154
411483.3.peg.45.site.22, 7, 151, 158
411483.3.peg.45.site.23, 151, 151, 302
411483.3.peg.45.site.24, 0, 153, 153
411483.3.peg.45.site.25, 0, 153, 153
411483.3.peg.45.site.26, 6, 155, 161
411483.3.peg.45.site.27, 18, 145, 163
411483.3.peg.45.site.28, 2, 155, 157
411483.3.peg.45.site.29, 3, 155, 158
411483.3.peg.45.site.30, 1, 155, 156
411483.3.peg.45.site.31, 1, 155, 156
411483.3.peg.45.site.32, 4, 154, 158
411483.3.peg.45.site.33, 2, 153, 155
411483.3.peg.45.site.34, 3, 155, 158
411483.3.peg.45.site.35, 4, 155, 159
411483.3.peg.45.site.36, 14, 148, 162
411483.3.peg.45.site.37, 3, 154, 157
411483.3.peg.45.site.38, 5, 153, 158
411483.3.peg.45.site.39, 5, 155, 160
411483.3.peg.45.site.40, 0, 153, 153
411483.3.peg.45.site.41, 0, 154, 154
411483.3.peg.45.site.42, 4, 153, 157
411483.3.peg.45.site.43, 23, 153, 176
411483.3.peg.45.site.44, 1, 155, 156
411483.3.peg.45.site.45, 2, 149, 151
411483.3.peg.45.site.46, 8, 153, 161
411483.3.peg.45.site.47, 2, 152, 154
411483.3.peg.45.site.48, 3, 153, 156
411483.3.peg.45.site.49, 2, 151, 153
411483.3.peg.45.site.50, 39, 135, 174
411483.3.peg.44.site.1, 2, 155, 157
411483.3.peg.44.site.2, 0, 153, 153
411483.3.peg.44.site.3, 1, 154, 155
411483.3.peg.44.site.4, 15, 151, 166
411483.3.peg.44.site.5, 85, 151, 236
411483.3.peg.44.site.6, 0, 155, 155
411483.3.peg.44.site.7, 3, 155, 158
411483.3.peg.44.site.8, 13, 149, 162
411483.3.peg.44.site.9, 0, 153, 153
411483.3.peg.44.site.10, 5, 152, 157
411483.3.peg.44.site.11, 4, 155, 159
411483.3.peg.44.site.12, 0, 154, 154
411483.3.peg.44.site.13, 2, 155, 157
411483.3.peg.44.site.14, 0, 154, 154
411483.3.peg.44.site.15, 2, 154, 156
411483.3.peg.44.site.16, 4, 149, 153
411483.3.peg.44.site.17, 3, 152, 155
411483.3.peg.44.site.18, 1, 152, 153
411483.3.peg.44.site.19, 11, 149, 160
411483.3.peg.44.site.20, 2, 153, 155
411483.3.peg.44.site.21, 0, 153, 153
411483.3.peg.44.site.22, 2, 153, 155
411483.3.peg.44.site.23, 2, 151, 153
411483.3.peg.44.site.24, 13, 150, 163
411483.3.peg.44.site.25, 13, 155, 168
411483.3.peg.44.site.26, 2, 155, 157
411483.3.peg.44.site.27, 9, 151, 160
411483.3.peg.44.site.28, 2, 154, 156
411483.3.peg.44.site.29, 1, 155, 156
411483.3.peg.44.site.30, 9, 151, 160
411483.3.peg.44.site.31, 70, 144, 214
411483.3.peg.44.site.32, 13, 150, 163
411483.3.peg.44.site.33, 2, 154, 156
411483.3.peg.44.site.34, 0, 152, 152
411483.3.peg.44.site.35, 2, 152, 154
411483.3.peg.44.site.36, 1, 153, 154
411483.3.peg.44.site.37, 0, 151, 151
411483.3.peg.44.site.38, 1, 154, 155
411483.3.peg.44.site.39, 31, 144, 175
411483.3.peg.44.site.40, 21, 151, 172
411483.3.peg.44.site.41, 3, 154, 157
411483.3.peg.44.site.42, 1, 154, 155
411483.3.peg.44.site.43, 0, 153, 153
411483.3.peg.44.site.44, 2, 154, 156
411483.3.peg.44.site.45, 1, 153, 154
411483.3.peg.44.site.46, 4, 153, 157
411483.3.peg.44.site.47, 1, 151, 152
411483.3.peg.44.site.48, 2, 151, 153
411483.3.peg.44.site.49, 62, 135, 197
411483.3.peg.44.site.50, 5, 152, 157
411483.3.peg.44.site.51, 6, 149, 155
411483.3.peg.44.site.52, 0, 149, 149
411483.3.peg.44.site.53, 1, 151, 152
411483.3.peg.44.site.54, 7, 150, 157
411483.3.peg.44.site.55, 13, 152, 165
411483.3.peg.44.site.56, 39, 142, 181
411483.3.peg.44.site.57, 1, 154, 155
411483.3.peg.44.site.58, 1, 153, 154
411483.3.peg.44.site.59, 0, 153, 153
411483.3.peg.44.site.60, 142, 151, 293
411483.3.peg.44.site.61, 2, 152, 154
411483.3.peg.44.site.62, 6, 150, 156
411483.3.peg.44.site.63, 0, 150, 150
411483.3.peg.44.site.64, 1, 153, 154
411483.3.peg.44.site.65, 2, 153, 155
411483.3.peg.44.site.66, 4, 153, 157
411483.3.peg.44.site.67, 1, 154, 155
411483.3.peg.44.site.68, 0, 154, 154
411483.3.peg.44.site.69, 0, 154, 154
411483.3.peg.44.site.70, 8, 154, 162
411483.3.peg.44.site.71, 2, 154, 156
411483.3.peg.44.site.72, 11, 155, 166
411483.3.peg.44.site.73, 3, 154, 157
411483.3.peg.44.site.74, 2, 155, 157
411483.3.peg.44.site.75, 1, 154, 155
411483.3.peg.44.site.76, 4, 154, 158
411483.3.peg.42.site.1, 1, 153, 154
411483.3.peg.42.site.2, 0, 152, 152
411483.3.peg.42.site.3, 4, 141, 145
411483.3.peg.42.site.4, 1, 142, 143
411483.3.peg.42.site.5, 1, 148, 149
411483.3.peg.42.site.6, 142, 144, 286
411483.3.peg.42.site.7, 1, 144, 145
411483.3.peg.42.site.8, 2, 143, 145
411483.3.peg.42.site.9, 1, 147, 148
411483.3.peg.42.site.10, 0, 148, 148
411483.3.peg.42.site.11, 12, 149, 161
411483.3.peg.42.site.12, 1, 148, 149
411483.3.peg.42.site.13, 17, 145, 162
411483.3.peg.42.site.14, 2, 149, 151
411483.3.peg.42.site.15, 6, 152, 158
411483.3.peg.42.site.16, 1, 153, 154
411483.3.peg.42.site.17, 2, 151, 153
411483.3.peg.42.site.18, 66, 141, 207
411483.3.peg.42.site.19, 1, 152, 153
411483.3.peg.42.site.20, 1, 149, 150
411483.3.peg.42.site.21, 3, 149, 152
411483.3.peg.42.site.22, 1, 144, 145
411483.3.peg.42.site.23, 79, 116, 195
411483.3.peg.42.site.24, 6, 127, 133
411483.3.peg.42.site.25, 121, 121, 242
411483.3.peg.42.site.26, 77, 105, 182
411483.3.peg.42.site.27, 77, 98, 175
411483.3.peg.42.site.28, 7, 124, 131
411483.3.peg.42.site.29, 1, 134, 135
411483.3.peg.42.site.30, 36, 143, 179
411483.3.peg.42.site.31, 15, 147, 162
411483.3.peg.42.site.32, 7, 150, 157
411483.3.peg.42.site.33, 21, 149, 170
411483.3.peg.42.site.34, 1, 148, 149
411483.3.peg.42.site.35, 55, 140, 195
411483.3.peg.42.site.36, 71, 139, 210
411483.3.peg.42.site.37, 7, 147, 154
411483.3.peg.42.site.38, 6, 131, 137
411483.3.peg.42.site.39, 0, 125, 125
411483.3.peg.42.site.40, 5, 109, 114
411483.3.peg.42.site.41, 48, 103, 151
411483.3.peg.42.site.42, 3, 107, 110
411483.3.peg.42.site.43, 6, 127, 133
411483.3.peg.42.site.44, 1, 136, 137
411483.3.peg.42.site.45, 4, 141, 145
411483.3.peg.42.site.46, 4, 141, 145
411483.3.peg.42.site.47, 1, 138, 139
411483.3.peg.42.site.48, 5, 139, 144
411483.3.peg.42.site.49, 7, 137, 144
411483.3.peg.42.site.50, 8, 134, 142
411483.3.peg.42.site.51, 4, 135, 139
411483.3.peg.42.site.52, 1, 133, 134
411483.3.peg.42.site.53, 0, 141, 141
411483.3.peg.42.site.54, 0, 147, 147
411483.3.peg.42.site.55, 1, 142, 143
411483.3.peg.42.site.56, 3, 138, 141
411483.3.peg.42.site.57, 9, 133, 142
411483.3.peg.42.site.58, 6, 132, 138
411483.3.peg.42.site.59, 0, 137, 137
411483.3.peg.42.site.60, 6, 133, 139
411483.3.peg.42.site.61, 20, 125, 145
411483.3.peg.42.site.62, 0, 132, 132
411483.3.peg.42.site.63, 3, 134, 137
411483.3.peg.42.site.64, 2, 131, 133
411483.3.peg.42.site.65, 81, 125, 206
411483.3.peg.42.site.66, 2, 136, 138
411483.3.peg.42.site.67, 7, 119, 126
411483.3.peg.42.site.68, 2, 108, 110
411483.3.peg.42.site.69, 2, 114, 116
411483.3.peg.42.site.70, 46, 105, 151
411483.3.peg.42.site.71, 6, 110, 116
411483.3.peg.42.site.72, 1, 112, 113
411483.3.peg.42.site.73, 48, 112, 160
411483.3.peg.42.site.74, 3, 120, 123
411483.3.peg.42.site.75, 3, 115, 118
411483.3.peg.42.site.76, 1, 118, 119
411483.3.peg.42.site.77, 10, 116, 126
411483.3.peg.42.site.78, 2, 115, 117
411483.3.peg.42.site.79, 8, 104, 112
411483.3.peg.42.site.80, 4, 115, 119
411483.3.peg.42.site.81, 5, 97, 102
411483.3.peg.42.site.82, 10, 109, 119
411483.3.peg.42.site.83, 2, 131, 133
411483.3.peg.41.site.1, 2, 155, 157
411483.3.peg.41.site.2, 4, 154, 158
411483.3.peg.41.site.3, 2, 154, 156
411483.3.peg.41.site.4, 3, 154, 157
411483.3.peg.41.site.5, 3, 153, 156
411483.3.peg.41.site.6, 2, 154, 156
411483.3.peg.41.site.7, 2, 155, 157
411483.3.peg.41.site.8, 32, 147, 179
411483.3.peg.41.site.9, 4, 153, 157
411483.3.peg.41.site.10, 0, 150, 150
411483.3.peg.41.site.11, 1, 153, 154
411483.3.peg.41.site.12, 148, 151, 299
411483.3.peg.41.site.13, 4, 149, 153
411483.3.peg.41.site.14, 2, 149, 151
411483.3.peg.41.site.15, 6, 148, 154
411483.3.peg.41.site.16, 2, 148, 150
411483.3.peg.41.site.17, 4, 152, 156
411483.3.peg.41.site.18, 9, 148, 157
411483.3.peg.41.site.19, 67, 137, 204
411483.3.peg.41.site.20, 40, 139, 179
411483.3.peg.41.site.21, 4, 153, 157
411483.3.peg.41.site.22, 2, 155, 157
411483.3.peg.41.site.23, 11, 154, 165
411483.3.peg.41.site.24, 2, 154, 156
411483.3.peg.41.site.25, 2, 155, 157
411483.3.peg.41.site.26, 5, 152, 157
411483.3.peg.41.site.27, 1, 155, 156
411483.3.peg.41.site.28, 149, 153, 302
411483.3.peg.41.site.29, 0, 155, 155
411483.3.peg.41.site.30, 1, 154, 155
411483.3.peg.41.site.31, 16, 152, 168
411483.3.peg.41.site.32, 1, 155, 156
411483.3.peg.41.site.33, 11, 152, 163
411483.3.peg.41.site.34, 16, 149, 165
411483.3.peg.41.site.35, 37, 147, 184
411483.3.peg.41.site.36, 1, 154, 155
411483.3.peg.41.site.37, 1, 154, 155
411483.3.peg.41.site.38, 11, 152, 163
411483.3.peg.41.site.39, 51, 150, 201
411483.3.peg.41.site.40, 2, 155, 157
411483.3.peg.41.site.41, 4, 153, 157
411483.3.peg.41.site.42, 1, 154, 155
411483.3.peg.41.site.43, 2, 155, 157
411483.3.peg.41.site.44, 5, 151, 156
411483.3.peg.41.site.45, 7, 154, 161
411483.3.peg.41.site.46, 1, 154, 155
411483.3.peg.40.site.1, 0, 152, 152
411483.3.peg.40.site.2, 1, 154, 155
411483.3.peg.40.site.3, 40, 144, 184
411483.3.peg.40.site.4, 3, 153, 156
411483.3.peg.40.site.5, 6, 153, 159
411483.3.peg.40.site.6, 3, 154, 157
411483.3.peg.40.site.7, 2, 154, 156
411483.3.peg.40.site.8, 1, 145, 146
411483.3.peg.40.site.9, 49, 137, 186
411483.3.peg.40.site.10, 7, 147, 154
411483.3.peg.40.site.11, 2, 141, 143
411483.3.peg.40.site.12, 64, 132, 196
411483.3.peg.40.site.13, 10, 144, 154
411483.3.peg.40.site.14, 10, 151, 161
411483.3.peg.40.site.15, 0, 148, 148
411483.3.peg.40.site.16, 1, 152, 153
411483.3.peg.40.site.17, 4, 152, 156
411483.3.peg.40.site.18, 11, 144, 155
411483.3.peg.40.site.19, 0, 146, 146
411483.3.peg.40.site.20, 0, 150, 150
411483.3.peg.40.site.21, 3, 146, 149
411483.3.peg.40.site.22, 7, 146, 153
411483.3.peg.40.site.23, 4, 148, 152
411483.3.peg.40.site.24, 84, 135, 219
411483.3.peg.40.site.25, 4, 146, 150
411483.3.peg.40.site.26, 0, 150, 150
411483.3.peg.40.site.27, 87, 137, 224
411483.3.peg.40.site.28, 9, 147, 156
411483.3.peg.40.site.29, 1, 152, 153
411483.3.peg.40.site.30, 2, 152, 154
411483.3.peg.40.site.31, 0, 147, 147
411483.3.peg.40.site.32, 2, 152, 154
411483.3.peg.40.site.33, 0, 150, 150
411483.3.peg.40.site.34, 9, 151, 160
411483.3.peg.40.site.35, 1, 155, 156
411483.3.peg.40.site.36, 2, 151, 153
411483.3.peg.40.site.37, 1, 154, 155
411483.3.peg.40.site.38, 143, 153, 296
411483.3.peg.40.site.39, 4, 152, 156
411483.3.peg.40.site.40, 2, 151, 153
411483.3.peg.40.site.41, 0, 148, 148
411483.3.peg.40.site.42, 6, 148, 154
411483.3.peg.40.site.43, 0, 148, 148
411483.3.peg.40.site.44, 54, 144, 198
411483.3.peg.40.site.45, 7, 148, 155
411483.3.peg.40.site.46, 17, 149, 166
411483.3.peg.40.site.47, 9, 154, 163
411483.3.peg.40.site.48, 2, 153, 155
411483.3.peg.40.site.49, 2, 155, 157
411483.3.peg.40.site.50, 121, 147, 268
411483.3.peg.40.site.51, 3, 154, 157
411483.3.peg.40.site.52, 3, 154, 157
411483.3.peg.40.site.53, 4, 154, 158
411483.3.peg.40.site.54, 1, 154, 155
411483.3.peg.49.site.1, 5, 147, 152
411483.3.peg.49.site.2, 6, 155, 161
411483.3.peg.49.site.3, 2, 153, 155
411483.3.peg.49.site.4, 0, 153, 153
411483.3.peg.49.site.5, 0, 154, 154
411483.3.peg.49.site.6, 0, 155, 155
411483.3.peg.49.site.7, 0, 155, 155
411483.3.peg.49.site.8, 0, 155, 155
411483.3.peg.49.site.9, 110, 146, 256
411483.3.peg.49.site.10, 31, 146, 177
411483.3.peg.49.site.11, 0, 153, 153
411483.3.peg.49.site.12, 4, 153, 157
411483.3.peg.49.site.13, 3, 154, 157
411483.3.peg.49.site.14, 3, 155, 158
411483.3.peg.49.site.15, 5, 154, 159
411483.3.peg.49.site.16, 54, 147, 201
411483.3.peg.49.site.17, 3, 154, 157
411483.3.peg.49.site.18, 8, 153, 161
411483.3.peg.49.site.19, 83, 146, 229
411483.3.peg.49.site.20, 41, 147, 188
411483.3.peg.49.site.21, 4, 154, 158
411483.3.peg.49.site.22, 9, 151, 160
411483.3.peg.49.site.23, 4, 153, 157
411483.3.peg.49.site.24, 153, 154, 307
411483.3.peg.49.site.25, 1, 155, 156
411483.3.peg.49.site.26, 0, 154, 154
411483.3.peg.49.site.27, 2, 153, 155
411483.3.peg.49.site.28, 2, 154, 156
411483.3.peg.49.site.29, 0, 154, 154
411483.3.peg.49.site.30, 0, 153, 153
411483.3.peg.49.site.31, 0, 155, 155
411483.3.peg.49.site.32, 0, 154, 154
411483.3.peg.49.site.33, 37, 149, 186
411483.3.peg.49.site.34, 1, 153, 154
411483.3.peg.49.site.35, 3, 152, 155
411483.3.peg.49.site.36, 1, 154, 155
411483.3.peg.49.site.37, 4, 152, 156
411483.3.peg.49.site.38, 1, 154, 155
411483.3.peg.49.site.39, 1, 154, 155
411483.3.peg.49.site.40, 5, 153, 158
411483.3.peg.49.site.41, 117, 144, 261
411483.3.peg.49.site.42, 3, 155, 158
411483.3.peg.49.site.43, 7, 154, 161
411483.3.peg.49.site.44, 3, 155, 158
411483.3.peg.49.site.45, 1, 154, 155
411483.3.peg.49.site.46, 9, 154, 163
411483.3.peg.49.site.47, 7, 155, 162
411483.3.peg.49.site.48, 0, 153, 153
411483.3.peg.49.site.49, 1, 155, 156
411483.3.peg.49.site.50, 22, 147, 169
411483.3.peg.49.site.51, 6, 155, 161
411483.3.peg.49.site.52, 2, 155, 157
411483.3.peg.49.site.53, 4, 149, 153
411483.3.peg.49.site.54, 3, 154, 157
411483.3.peg.49.site.55, 3, 151, 154
411483.3.peg.49.site.56, 1, 154, 155
411483.3.peg.49.site.57, 13, 153, 166
411483.3.peg.49.site.58, 0, 151, 151
411483.3.peg.49.site.59, 10, 147, 157
411483.3.peg.49.site.60, 2, 148, 150
411483.3.peg.49.site.61, 2, 149, 151
411483.3.peg.49.site.62, 1, 140, 141
411483.3.peg.49.site.63, 0, 144, 144
411483.3.peg.49.site.64, 1, 147, 148
411483.3.peg.49.site.65, 2, 154, 156
411483.3.peg.49.site.66, 0, 153, 153
411483.3.peg.49.site.67, 3, 154, 157
411483.3.peg.48.site.1, 2, 154, 156
411483.3.peg.48.site.2, 1, 155, 156
411483.3.peg.48.site.3, 2, 155, 157
411483.3.peg.48.site.4, 7, 154, 161
411483.3.peg.48.site.5, 8, 153, 161
411483.3.peg.48.site.6, 7, 154, 161
411483.3.peg.48.site.7, 8, 155, 163
411483.3.peg.48.site.8, 0, 154, 154
411483.3.peg.48.site.9, 12, 152, 164
411483.3.peg.48.site.10, 12, 155, 167
411483.3.peg.48.site.11, 2, 154, 156
411483.3.peg.48.site.12, 3, 153, 156
411483.3.peg.48.site.13, 2, 152, 154
411483.3.peg.48.site.14, 33, 146, 179
411483.3.peg.48.site.15, 10, 148, 158
411483.3.peg.48.site.16, 4, 149, 153
411483.3.peg.48.site.17, 7, 149, 156
411483.3.peg.48.site.18, 5, 152, 157
411483.3.peg.48.site.19, 10, 152, 162
411483.3.peg.48.site.20, 3, 149, 152
411483.3.peg.48.site.21, 4, 152, 156
411483.3.peg.48.site.22, 8, 153, 161
411483.3.peg.48.site.23, 4, 152, 156
411483.3.peg.48.site.24, 2, 154, 156
411483.3.peg.48.site.25, 11, 152, 163
411483.3.peg.48.site.26, 1, 148, 149
411483.3.peg.48.site.27, 5, 144, 149
411483.3.peg.48.site.28, 3, 151, 154
411483.3.peg.48.site.29, 1, 151, 152
411483.3.peg.48.site.30, 1, 149, 150
411483.3.peg.48.site.31, 11, 146, 157
411483.3.peg.48.site.32, 32, 147, 179
411483.3.peg.48.site.33, 10, 153, 163
411483.3.peg.48.site.34, 3, 154, 157
411483.3.peg.48.site.35, 1, 153, 154
411483.3.peg.48.site.36, 2, 154, 156
411483.3.peg.48.site.37, 2, 154, 156
411483.3.peg.48.site.38, 1, 154, 155
411483.3.peg.940.site.1, 53, 145, 198
411483.3.peg.940.site.2, 1, 149, 150
411483.3.peg.940.site.3, 40, 138, 178
411483.3.peg.940.site.4, 35, 140, 175
411483.3.peg.940.site.5, 7, 145, 152
411483.3.peg.940.site.6, 5, 143, 148
411483.3.peg.940.site.7, 6, 142, 148
411483.3.peg.940.site.8, 50, 134, 184
411483.3.peg.940.site.9, 75, 137, 212
411483.3.peg.940.site.10, 68, 137, 205
411483.3.peg.940.site.11, 41, 142, 183
411483.3.peg.940.site.12, 2, 147, 149
411483.3.peg.940.site.13, 1, 152, 153
411483.3.peg.940.site.14, 54, 140, 194
411483.3.peg.940.site.15, 48, 145, 193
411483.3.peg.940.site.16, 4, 155, 159
411483.3.peg.940.site.17, 3, 154, 157
411483.3.peg.940.site.18, 1, 154, 155
411483.3.peg.940.site.19, 3, 153, 156
411483.3.peg.940.site.20, 37, 147, 184
411483.3.peg.940.site.21, 0, 150, 150
411483.3.peg.940.site.22, 0, 144, 144
411483.3.peg.940.site.23, 1, 145, 146
411483.3.peg.940.site.24, 10, 120, 130
411483.3.peg.940.site.25, 7, 87, 94
411483.3.peg.940.site.26, 3, 87, 90
411483.3.peg.940.site.27, 2, 90, 92
411483.3.peg.940.site.28, 3, 62, 65
411483.3.peg.942.site.1, 1, 148, 149
411483.3.peg.942.site.2, 0, 145, 145
411483.3.peg.942.site.3, 0, 144, 144
411483.3.peg.942.site.4, 2, 147, 149
411483.3.peg.942.site.5, 5, 142, 147
411483.3.peg.942.site.6, 3, 138, 141
411483.3.peg.942.site.7, 3, 141, 144
411483.3.peg.942.site.8, 4, 140, 144
411483.3.peg.942.site.9, 1, 142, 143
411483.3.peg.942.site.10, 0, 134, 134
411483.3.peg.942.site.11, 20, 127, 147
411483.3.peg.942.site.12, 0, 134, 134
411483.3.peg.942.site.13, 108, 124, 232
411483.3.peg.942.site.14, 2, 141, 143
411483.3.peg.942.site.15, 0, 142, 142
411483.3.peg.942.site.16, 3, 147, 150
411483.3.peg.942.site.17, 8, 147, 155
411483.3.peg.942.site.18, 6, 145, 151
411483.3.peg.942.site.19, 10, 145, 155
411483.3.peg.942.site.20, 10, 142, 152
411483.3.peg.942.site.21, 1, 149, 150
411483.3.peg.942.site.22, 0, 145, 145
411483.3.peg.942.site.23, 0, 134, 134
411483.3.peg.942.site.24, 16, 113, 129
411483.3.peg.942.site.25, 0, 114, 114
411483.3.peg.942.site.26, 17, 110, 127
411483.3.peg.942.site.27, 1, 107, 108
411483.3.peg.942.site.28, 0, 92, 92
411483.3.peg.942.site.29, 9, 94, 103
411483.3.peg.942.site.30, 2, 95, 97
411483.3.peg.942.site.31, 2, 94, 96
411483.3.peg.942.site.32, 0, 100, 100
411483.3.peg.942.site.33, 0, 99, 99
411483.3.peg.942.site.34, 3, 97, 100
411483.3.peg.942.site.35, 6, 101, 107
411483.3.peg.942.site.36, 0, 79, 79
411483.3.peg.942.site.37, 2, 71, 73
411483.3.peg.942.site.38, 1, 55, 56
411483.3.peg.942.site.39, 2, 54, 56
411483.3.peg.942.site.40, 3, 60, 63
411483.3.peg.942.site.41, 1, 60, 61
411483.3.peg.942.site.42, 6, 57, 63
411483.3.peg.942.site.43, 1, 60, 61
411483.3.peg.942.site.44, 0, 56, 56
411483.3.peg.942.site.45, 1, 49, 50
411483.3.peg.942.site.46, 15, 40, 55
411483.3.peg.942.site.47, 2, 39, 41
411483.3.peg.942.site.48, 2, 29, 31
411483.3.peg.942.site.49, 1, 28, 29
411483.3.peg.942.site.50, 4, 28, 32
411483.3.peg.942.site.51, 1, 24, 25
411483.3.peg.942.site.52, 1, 24, 25
411483.3.peg.942.site.53, 2, 23, 25
411483.3.peg.942.site.54, 1, 22, 23
411483.3.peg.942.site.55, 0, 23, 23
411483.3.peg.942.site.56, 0, 26, 26
411483.3.peg.942.site.57, 3, 27, 30
411483.3.peg.942.site.58, 1, 28, 29
411483.3.peg.942.site.59, 1, 26, 27
411483.3.peg.942.site.60, 2, 24, 26
411483.3.peg.942.site.61, 10, 18, 28
411483.3.peg.942.site.62, 0, 39, 39
411483.3.peg.942.site.63, 3, 66, 69
411483.3.peg.942.site.64, 6, 65, 71
411483.3.peg.942.site.65, 3, 42, 45
411483.3.peg.942.site.66, 1, 30, 31
411483.3.peg.942.site.67, 4, 23, 27
411483.3.peg.942.site.68, 2, 23, 25
411483.3.peg.942.site.69, 18, 20, 38
411483.3.peg.942.site.70, 0, 20, 20
411483.3.peg.942.site.71, 0, 22, 22
411483.3.peg.942.site.72, 11, 17, 28
411483.3.peg.942.site.73, 7, 9, 16
411483.3.peg.942.site.74, 1, 12, 13
411483.3.peg.942.site.75, 1, 13, 14
411483.3.peg.942.site.76, 2, 10, 12
411483.3.peg.942.site.77, 2, 9, 11
411483.3.peg.942.site.78, 1, 8, 9
411483.3.peg.942.site.79, 8, 8, 16
411483.3.peg.942.site.80, 4, 14, 18
411483.3.peg.942.site.81, 8, 14, 22
411483.3.peg.942.site.82, 83, 84, 167
411483.3.peg.942.site.83, 1, 117, 118
411483.3.peg.942.site.84, 3, 140, 143
411483.3.peg.942.site.85, 2, 141, 143
411483.3.peg.942.site.86, 0, 146, 146
411483.3.peg.942.site.87, 6, 142, 148
411483.3.peg.942.site.88, 2, 146, 148
411483.3.peg.942.site.89, 2, 144, 146
411483.3.peg.942.site.90, 5, 144, 149
411483.3.peg.942.site.91, 0, 130, 130
411483.3.peg.942.site.92, 14, 119, 133
411483.3.peg.942.site.93, 13, 124, 137
411483.3.peg.942.site.94, 1, 125, 126
411483.3.peg.942.site.95, 2, 121, 123
411483.3.peg.942.site.96, 37, 118, 155
411483.3.peg.942.site.97, 3, 142, 145
411483.3.peg.942.site.98, 6, 141, 147
411483.3.peg.942.site.99, 17, 144, 161
411483.3.peg.942.site.100, 21, 143, 164
411483.3.peg.942.site.101, 0, 148, 148
411483.3.peg.942.site.102, 0, 142, 142
411483.3.peg.942.site.103, 1, 141, 142
411483.3.peg.942.site.104, 5, 144, 149
411483.3.peg.942.site.105, 1, 139, 140
411483.3.peg.942.site.106, 0, 129, 129
411483.3.peg.942.site.107, 2, 129, 131
411483.3.peg.942.site.108, 0, 122, 122
411483.3.peg.942.site.109, 6, 117, 123
411483.3.peg.942.site.110, 0, 113, 113
411483.3.peg.942.site.111, 0, 109, 109
411483.3.peg.942.site.112, 1, 95, 96
411483.3.peg.942.site.113, 1, 63, 64
411483.3.peg.942.site.114, 0, 56, 56
411483.3.peg.942.site.115, 2, 7, 9
411483.3.peg.942.site.116, 2, 10, 12
411483.3.peg.942.site.117, 0, 9, 9
411483.3.peg.942.site.118, 0, 32, 32
411483.3.peg.942.site.119, 2, 53, 55
411483.3.peg.942.site.120, 1, 51, 52
411483.3.peg.942.site.121, 2, 55, 57
411483.3.peg.942.site.122, 0, 94, 94
411483.3.peg.949.site.1, 1, 152, 153
411483.3.peg.949.site.2, 0, 148, 148
411483.3.peg.949.site.3, 0, 150, 150
411483.3.peg.949.site.4, 4, 150, 154
411483.3.peg.949.site.5, 7, 145, 152
411483.3.peg.949.site.6, 3, 150, 153
411483.3.peg.949.site.7, 13, 148, 161
411483.3.peg.949.site.8, 7, 155, 162
411483.3.peg.949.site.9, 2, 154, 156
411483.3.peg.949.site.10, 12, 147, 159
411483.3.peg.949.site.11, 56, 144, 200
411483.3.peg.949.site.12, 76, 145, 221
411483.3.peg.949.site.13, 37, 151, 188
411483.3.peg.949.site.14, 3, 151, 154
411483.3.peg.949.site.15, 11, 144, 155
411483.3.peg.949.site.16, 11, 145, 156
411483.3.peg.949.site.17, 3, 143, 146
411483.3.peg.949.site.18, 1, 125, 126
411483.3.peg.949.site.19, 10, 127, 137
411483.3.peg.949.site.20, 3, 132, 135
411483.3.peg.949.site.21, 120, 139, 259
411483.3.peg.949.site.22, 13, 138, 151
411483.3.peg.949.site.23, 2, 137, 139
411483.3.peg.949.site.24, 2, 147, 149
411483.3.peg.949.site.25, 32, 143, 175
411483.3.peg.949.site.26, 17, 148, 165
411483.3.peg.949.site.27, 0, 147, 147
411483.3.peg.949.site.28, 11, 150, 161
411483.3.peg.949.site.29, 0, 151, 151
411483.3.peg.949.site.30, 3, 154, 157
411483.3.peg.949.site.31, 23, 150, 173
411483.3.peg.949.site.32, 1, 154, 155
411483.3.peg.949.site.33, 1, 153, 154
411483.3.peg.949.site.34, 4, 154, 158
411483.3.peg.949.site.35, 3, 149, 152
411483.3.peg.949.site.36, 68, 142, 210
411483.3.peg.949.site.37, 6, 149, 155
411483.3.peg.949.site.38, 1, 152, 153
411483.3.peg.949.site.39, 6, 151, 157
411483.3.peg.949.site.40, 3, 147, 150
411483.3.peg.949.site.41, 2, 150, 152
411483.3.peg.949.site.42, 3, 151, 154
411483.3.peg.949.site.43, 109, 143, 252
411483.3.peg.949.site.44, 0, 146, 146
411483.3.peg.949.site.45, 1, 148, 149
411483.3.peg.949.site.46, 7, 151, 158
411483.3.peg.949.site.47, 9, 149, 158
411483.3.peg.949.site.48, 50, 144, 194
411483.3.peg.949.site.49, 1, 154, 155
411483.3.peg.949.site.50, 1, 151, 152
411483.3.peg.949.site.51, 0, 154, 154
411483.3.peg.949.site.52, 120, 147, 267
411483.3.peg.949.site.53, 3, 151, 154
411483.3.peg.949.site.54, 7, 152, 159
411483.3.peg.949.site.55, 15, 148, 163
411483.3.peg.949.site.56, 49, 142, 191
411483.3.peg.949.site.57, 75, 147, 222
411483.3.peg.949.site.58, 16, 152, 168
411483.3.peg.949.site.59, 2, 151, 153
411483.3.peg.949.site.60, 0, 153, 153
411483.3.peg.949.site.61, 1, 149, 150
411483.3.peg.949.site.62, 10, 151, 161
411483.3.peg.949.site.63, 1, 152, 153
411483.3.peg.949.site.64, 48, 140, 188
411483.3.peg.949.site.65, 99, 142, 241
411483.3.peg.949.site.66, 38, 147, 185
411483.3.peg.949.site.67, 21, 149, 170
411483.3.peg.949.site.68, 1, 153, 154
411483.3.peg.949.site.69, 2, 151, 153
411483.3.peg.949.site.70, 94, 145, 239
411483.3.peg.949.site.71, 121, 150, 271
411483.3.peg.949.site.72, 110, 145, 255
411483.3.peg.949.site.73, 11, 143, 154
411483.3.peg.949.site.74, 1, 152, 153
411483.3.peg.949.site.75, 0, 148, 148
411483.3.peg.949.site.76, 1, 148, 149
411483.3.peg.949.site.77, 1, 150, 151
411483.3.peg.949.site.78, 134, 145, 279
411483.3.peg.949.site.79, 6, 139, 145
411483.3.peg.949.site.80, 1, 140, 141
411483.3.peg.949.site.81, 61, 130, 191
411483.3.peg.949.site.82, 1, 142, 143
411483.3.peg.949.site.83, 19, 135, 154
411483.3.peg.949.site.84, 2, 145, 147
411483.3.peg.949.site.85, 1, 144, 145
411483.3.peg.949.site.86, 0, 140, 140
411483.3.peg.949.site.87, 4, 135, 139
411483.3.peg.949.site.88, 1, 131, 132
411483.3.peg.949.site.89, 4, 103, 107
411483.3.peg.949.site.90, 16, 101, 117
411483.3.peg.949.site.91, 2, 121, 123
411483.3.peg.949.site.92, 73, 107, 180
411483.3.peg.949.site.93, 2, 113, 115
411483.3.peg.949.site.94, 3, 110, 113
411483.3.peg.949.site.95, 106, 110, 216
411483.3.peg.949.site.96, 27, 103, 130
411483.3.peg.949.site.97, 11, 99, 110
411483.3.peg.949.site.98, 15, 101, 116
411483.3.peg.949.site.99, 4, 97, 101
411483.3.peg.949.site.100, 1, 113, 114
411483.3.peg.949.site.101, 3, 114, 117
411483.3.peg.949.site.102, 7, 121, 128
411483.3.peg.949.site.103, 3, 129, 132
411483.3.peg.949.site.104, 1, 134, 135
411483.3.peg.949.site.105, 36, 120, 156
411483.3.peg.949.site.106, 2, 137, 139
411483.3.peg.949.site.107, 2, 144, 146
411483.3.peg.949.site.108, 11, 135, 146
411483.3.peg.949.site.109, 2, 133, 135
411483.3.peg.949.site.110, 72, 119, 191
411483.3.peg.949.site.111, 1, 135, 136
411483.3.peg.949.site.112, 9, 137, 146
411483.3.peg.949.site.113, 1, 145, 146
411483.3.peg.949.site.114, 1, 148, 149
411483.3.peg.949.site.115, 3, 150, 153
411483.3.peg.126.site.1, 3, 154, 157
411483.3.peg.126.site.2, 3, 154, 157
411483.3.peg.126.site.3, 0, 154, 154
411483.3.peg.126.site.4, 1, 155, 156
411483.3.peg.126.site.5, 1, 155, 156
411483.3.peg.126.site.6, 1, 153, 154
411483.3.peg.126.site.7, 0, 151, 151
411483.3.peg.126.site.8, 9, 152, 161
411483.3.peg.126.site.9, 4, 154, 158
411483.3.peg.126.site.10, 0, 153, 153
411483.3.peg.126.site.11, 1, 154, 155
411483.3.peg.126.site.12, 0, 155, 155
411483.3.peg.126.site.13, 3, 153, 156
411483.3.peg.126.site.14, 8, 155, 163
411483.3.peg.126.site.15, 0, 155, 155
411483.3.peg.126.site.16, 3, 155, 158
411483.3.peg.126.site.17, 6, 144, 150
411483.3.peg.125.site.1, 0, 150, 150
411483.3.peg.125.site.2, 2, 151, 153
411483.3.peg.125.site.3, 0, 150, 150
411483.3.peg.125.site.4, 2, 153, 155
411483.3.peg.125.site.5, 1, 152, 153
411483.3.peg.125.site.6, 0, 149, 149
411483.3.peg.125.site.7, 4, 143, 147
411483.3.peg.125.site.8, 137, 152, 289
411483.3.peg.125.site.9, 0, 153, 153
411483.3.peg.125.site.10, 2, 154, 156
411483.3.peg.125.site.11, 1, 150, 151
411483.3.peg.125.site.12, 1, 152, 153
411483.3.peg.125.site.13, 5, 147, 152
411483.3.peg.125.site.14, 0, 151, 151
411483.3.peg.125.site.15, 2, 152, 154
411483.3.peg.125.site.16, 1, 151, 152
411483.3.peg.125.site.17, 2, 151, 153
411483.3.peg.125.site.18, 8, 153, 161
411483.3.peg.125.site.19, 40, 147, 187
411483.3.peg.125.site.20, 27, 149, 176
411483.3.peg.125.site.21, 2, 153, 155
411483.3.peg.125.site.22, 2, 151, 153
411483.3.peg.125.site.23, 0, 151, 151
411483.3.peg.125.site.24, 3, 144, 147
411483.3.peg.125.site.25, 33, 137, 170
411483.3.peg.125.site.26, 6, 142, 148
411483.3.peg.125.site.27, 39, 140, 179
411483.3.peg.125.site.28, 66, 135, 201
411483.3.peg.125.site.29, 4, 146, 150
411483.3.peg.125.site.30, 10, 139, 149
411483.3.peg.125.site.31, 12, 140, 152
411483.3.peg.125.site.32, 94, 123, 217
411483.3.peg.125.site.33, 52, 114, 166
411483.3.peg.125.site.34, 1, 111, 112
411483.3.peg.125.site.35, 1, 106, 107
411483.3.peg.125.site.36, 1, 105, 106
411483.3.peg.125.site.37, 9, 103, 112
411483.3.peg.125.site.38, 1, 98, 99
411483.3.peg.125.site.39, 8, 95, 103
411483.3.peg.125.site.40, 57, 84, 141
411483.3.peg.125.site.41, 49, 78, 127
411483.3.peg.125.site.42, 3, 126, 129
411483.3.peg.125.site.43, 7, 144, 151
411483.3.peg.125.site.44, 1, 140, 141
411483.3.peg.125.site.45, 139, 152, 291
411483.3.peg.125.site.46, 4, 149, 153
411483.3.peg.125.site.47, 6, 143, 149
411483.3.peg.125.site.48, 2, 152, 154
411483.3.peg.125.site.49, 1, 151, 152
411483.3.peg.125.site.50, 6, 151, 157
411483.3.peg.125.site.51, 0, 151, 151
411483.3.peg.125.site.52, 4, 151, 155
411483.3.peg.125.site.53, 1, 152, 153
411483.3.peg.125.site.54, 2, 152, 154
411483.3.peg.125.site.55, 24, 142, 166
411483.3.peg.125.site.56, 1, 143, 144
411483.3.peg.125.site.57, 83, 136, 219
411483.3.peg.125.site.58, 4, 148, 152
411483.3.peg.125.site.59, 2, 148, 150
411483.3.peg.125.site.60, 2, 151, 153
411483.3.peg.125.site.61, 1, 153, 154
411483.3.peg.125.site.62, 0, 149, 149
411483.3.peg.125.site.63, 122, 145, 267
411483.3.peg.125.site.64, 1, 155, 156
411483.3.peg.125.site.65, 1, 153, 154
411483.3.peg.125.site.66, 3, 151, 154
411483.3.peg.125.site.67, 1, 155, 156
411483.3.peg.125.site.68, 4, 152, 156
411483.3.peg.125.site.69, 2, 154, 156
411483.3.peg.125.site.70, 2, 154, 156
411483.3.peg.125.site.71, 1, 153, 154
411483.3.peg.125.site.72, 0, 153, 153
411483.3.peg.125.site.73, 4, 155, 159
411483.3.peg.125.site.74, 2, 151, 153
411483.3.peg.125.site.75, 1, 154, 155
411483.3.peg.125.site.76, 2, 153, 155
411483.3.peg.125.site.77, 0, 152, 152
411483.3.peg.125.site.78, 0, 150, 150
411483.3.peg.125.site.79, 1, 144, 145
411483.3.peg.125.site.80, 1, 66, 67
411483.3.peg.125.site.81, 1, 50, 51
411483.3.peg.125.site.82, 2, 53, 55
411483.3.peg.125.site.83, 11, 105, 116
411483.3.peg.125.site.84, 0, 142, 142
411483.3.peg.125.site.85, 4, 150, 154
411483.3.peg.125.site.86, 8, 148, 156
411483.3.peg.125.site.87, 2, 149, 151
411483.3.peg.125.site.88, 33, 151, 184
411483.3.peg.125.site.89, 5, 151, 156
411483.3.peg.125.site.90, 2, 154, 156
411483.3.peg.125.site.91, 5, 153, 158
411483.3.peg.125.site.92, 2, 151, 153
411483.3.peg.125.site.93, 0, 153, 153
411483.3.peg.125.site.94, 2, 152, 154
411483.3.peg.125.site.95, 4, 152, 156
411483.3.peg.125.site.96, 5, 155, 160
411483.3.peg.125.site.97, 2, 154, 156
411483.3.peg.125.site.98, 65, 145, 210
411483.3.peg.125.site.99, 4, 155, 159
411483.3.peg.125.site.100, 9, 149, 158
411483.3.peg.125.site.101, 0, 153, 153
411483.3.peg.125.site.102, 0, 154, 154
411483.3.peg.125.site.103, 4, 155, 159
411483.3.peg.125.site.104, 0, 155, 155
411483.3.peg.125.site.105, 2, 152, 154
411483.3.peg.124.site.1, 33, 148, 181
411483.3.peg.124.site.2, 0, 149, 149
411483.3.peg.124.site.3, 21, 155, 176
411483.3.peg.124.site.4, 42, 143, 185
411483.3.peg.124.site.5, 2, 155, 157
411483.3.peg.124.site.6, 2, 155, 157
411483.3.peg.124.site.7, 3, 154, 157
411483.3.peg.124.site.8, 3, 153, 156
411483.3.peg.124.site.9, 11, 149, 160
411483.3.peg.124.site.10, 1, 153, 154
411483.3.peg.123.site.1, 4, 153, 157
411483.3.peg.123.site.2, 0, 152, 152
411483.3.peg.123.site.3, 35, 145, 180
411483.3.peg.123.site.4, 1, 151, 152
411483.3.peg.123.site.5, 16, 151, 167
411483.3.peg.123.site.6, 0, 151, 151
411483.3.peg.123.site.7, 4, 150, 154
411483.3.peg.123.site.8, 3, 144, 147
411483.3.peg.123.site.9, 1, 149, 150
411483.3.peg.123.site.10, 3, 149, 152
411483.3.peg.123.site.11, 1, 151, 152
411483.3.peg.123.site.12, 13, 144, 157
411483.3.peg.123.site.13, 1, 147, 148
411483.3.peg.123.site.14, 3, 148, 151
411483.3.peg.123.site.15, 3, 152, 155
411483.3.peg.123.site.16, 22, 144, 166
411483.3.peg.123.site.17, 0, 150, 150
411483.3.peg.123.site.18, 36, 142, 178
411483.3.peg.123.site.19, 4, 153, 157
411483.3.peg.123.site.20, 2, 152, 154
411483.3.peg.123.site.21, 0, 150, 150
411483.3.peg.123.site.22, 7, 149, 156
411483.3.peg.123.site.23, 5, 148, 153
411483.3.peg.123.site.24, 23, 146, 169
411483.3.peg.123.site.25, 6, 152, 158
411483.3.peg.123.site.26, 3, 146, 149
411483.3.peg.120.site.1, 4, 155, 159
411483.3.peg.120.site.2, 5, 155, 160
411483.3.peg.120.site.3, 48, 146, 194
411483.3.peg.120.site.4, 2, 151, 153
411483.3.peg.120.site.5, 1, 153, 154
411483.3.peg.120.site.6, 25, 144, 169
411483.3.peg.120.site.7, 11, 152, 163
411483.3.peg.120.site.8, 148, 154, 302
411483.3.peg.120.site.9, 11, 151, 162
411483.3.peg.120.site.10, 1, 154, 155
411483.3.peg.120.site.11, 0, 151, 151
411483.3.peg.120.site.12, 30, 150, 180
411483.3.peg.120.site.13, 2, 154, 156
411483.3.peg.120.site.14, 2, 154, 156
411483.3.peg.120.site.15, 0, 151, 151
411483.3.peg.120.site.16, 20, 144, 164
411483.3.peg.120.site.17, 6, 154, 160
411483.3.peg.120.site.18, 5, 154, 159
411483.3.peg.1712.site.1, 3, 151, 154
411483.3.peg.1712.site.2, 96, 145, 241
411483.3.peg.1712.site.3, 9, 149, 158
411483.3.peg.1712.site.4, 4, 154, 158
411483.3.peg.1712.site.5, 17, 149, 166
411483.3.peg.1712.site.6, 6, 151, 157
411483.3.peg.1712.site.7, 6, 151, 157
411483.3.peg.1712.site.8, 3, 148, 151
411483.3.peg.1712.site.9, 8, 148, 156
411483.3.peg.1712.site.10, 10, 150, 160
411483.3.peg.1712.site.11, 1, 153, 154
411483.3.peg.1712.site.12, 7, 153, 160
411483.3.peg.1712.site.13, 23, 148, 171
411483.3.peg.1712.site.14, 10, 143, 153
411483.3.peg.1712.site.15, 1, 146, 147
411483.3.peg.1712.site.16, 11, 139, 150
411483.3.peg.1712.site.17, 1, 136, 137
411483.3.peg.1712.site.18, 1, 142, 143
411483.3.peg.1712.site.19, 6, 138, 144
411483.3.peg.1712.site.20, 138, 139, 277
411483.3.peg.1712.site.21, 137, 139, 276
411483.3.peg.1712.site.22, 21, 141, 162
411483.3.peg.1712.site.23, 1, 142, 143
411483.3.peg.1712.site.24, 1, 149, 150
411483.3.peg.1712.site.25, 4, 144, 148
411483.3.peg.1712.site.26, 1, 151, 152
411483.3.peg.1712.site.27, 8, 150, 158
411483.3.peg.1712.site.28, 10, 144, 154
411483.3.peg.1712.site.29, 13, 145, 158
411483.3.peg.1712.site.30, 6, 148, 154
411483.3.peg.1712.site.31, 28, 143, 171
411483.3.peg.1713.site.1, 4, 146, 150
411483.3.peg.1713.site.2, 0, 149, 149
411483.3.peg.1713.site.3, 1, 145, 146
411483.3.peg.1713.site.4, 121, 136, 257
411483.3.peg.1713.site.5, 2, 149, 151
411483.3.peg.1713.site.6, 2, 146, 148
411483.3.peg.1713.site.7, 1, 142, 143
411483.3.peg.1713.site.8, 45, 128, 173
411483.3.peg.1713.site.9, 10, 112, 122
411483.3.peg.1713.site.10, 5, 105, 110
411483.3.peg.1713.site.11, 1, 103, 104
411483.3.peg.1713.site.12, 4, 98, 102
411483.3.peg.1713.site.13, 1, 101, 102
411483.3.peg.1713.site.14, 37, 90, 127
411483.3.peg.1713.site.15, 6, 101, 107
411483.3.peg.1713.site.16, 1, 99, 100
411483.3.peg.1713.site.17, 105, 107, 212
411483.3.peg.1713.site.18, 105, 108, 213
411483.3.peg.1713.site.19, 2, 115, 117
411483.3.peg.1713.site.20, 5, 120, 125
411483.3.peg.1713.site.21, 2, 133, 135
411483.3.peg.1713.site.22, 1, 135, 136
411483.3.peg.1713.site.23, 6, 134, 140
411483.3.peg.1713.site.24, 14, 135, 149
411483.3.peg.1713.site.25, 1, 134, 135
411483.3.peg.1713.site.26, 14, 133, 147
411483.3.peg.1713.site.27, 1, 132, 133
411483.3.peg.1713.site.28, 11, 128, 139
411483.3.peg.1713.site.29, 4, 136, 140
411483.3.peg.1713.site.30, 18, 130, 148
411483.3.peg.1713.site.31, 27, 109, 136
411483.3.peg.1713.site.32, 1, 129, 130
411483.3.peg.1713.site.33, 15, 132, 147
411483.3.peg.1713.site.34, 107, 129, 236
411483.3.peg.1713.site.35, 94, 129, 223
411483.3.peg.1713.site.36, 10, 136, 146
411483.3.peg.1713.site.37, 2, 137, 139
411483.3.peg.1713.site.38, 3, 138, 141
411483.3.peg.1713.site.39, 136, 139, 275
411483.3.peg.1713.site.40, 4, 140, 144
411483.3.peg.1713.site.41, 15, 145, 160
411483.3.peg.1713.site.42, 1, 147, 148
411483.3.peg.1713.site.43, 2, 148, 150
411483.3.peg.1713.site.44, 2, 147, 149
411483.3.peg.1713.site.45, 7, 147, 154
411483.3.peg.1713.site.46, 7, 144, 151
411483.3.peg.1713.site.47, 12, 149, 161
411483.3.peg.1713.site.48, 1, 149, 150
411483.3.peg.1713.site.49, 2, 152, 154
411483.3.peg.1713.site.50, 30, 137, 167
411483.3.peg.1713.site.51, 5, 147, 152
411483.3.peg.1713.site.52, 43, 144, 187
411483.3.peg.1713.site.53, 0, 146, 146
411483.3.peg.1713.site.54, 9, 145, 154
411483.3.peg.1713.site.55, 54, 128, 182
411483.3.peg.1713.site.56, 13, 131, 144
411483.3.peg.1713.site.57, 78, 125, 203
411483.3.peg.1713.site.58, 11, 127, 138
411483.3.peg.1713.site.59, 54, 109, 163
411483.3.peg.1710.site.1, 1, 151, 152
411483.3.peg.1710.site.2, 87, 117, 204
411483.3.peg.1710.site.3, 11, 129, 140
411483.3.peg.1710.site.4, 3, 136, 139
411483.3.peg.1710.site.5, 27, 122, 149
411483.3.peg.1710.site.6, 36, 129, 165
411483.3.peg.1710.site.7, 0, 145, 145
411483.3.peg.1710.site.8, 0, 148, 148
411483.3.peg.1710.site.9, 8, 141, 149
411483.3.peg.1710.site.10, 15, 147, 162
411483.3.peg.1710.site.11, 1, 149, 150
411483.3.peg.1710.site.12, 0, 147, 147
411483.3.peg.1710.site.13, 0, 153, 153
411483.3.peg.1710.site.14, 15, 146, 161
411483.3.peg.1710.site.15, 2, 149, 151
411483.3.peg.1710.site.16, 5, 140, 145
411483.3.peg.1710.site.17, 0, 147, 147
411483.3.peg.1710.site.18, 2, 147, 149
411483.3.peg.1710.site.19, 3, 145, 148
411483.3.peg.1710.site.20, 1, 141, 142
411483.3.peg.1710.site.21, 14, 137, 151
411483.3.peg.1710.site.22, 6, 142, 148
411483.3.peg.1710.site.23, 2, 136, 138
411483.3.peg.1710.site.24, 1, 138, 139
411483.3.peg.1710.site.25, 4, 135, 139
411483.3.peg.1710.site.26, 20, 135, 155
411483.3.peg.1710.site.27, 4, 141, 145
411483.3.peg.1710.site.28, 14, 144, 158
411483.3.peg.1710.site.29, 137, 140, 277
411483.3.peg.1710.site.30, 12, 138, 150
411483.3.peg.1710.site.31, 1, 140, 141
411483.3.peg.1710.site.32, 63, 126, 189
411483.3.peg.1710.site.33, 82, 131, 213
411483.3.peg.1710.site.34, 2, 144, 146
411483.3.peg.1710.site.35, 6, 148, 154
411483.3.peg.1710.site.36, 5, 149, 154
411483.3.peg.1710.site.37, 2, 148, 150
411483.3.peg.1710.site.38, 45, 140, 185
411483.3.peg.1710.site.39, 0, 148, 148
411483.3.peg.1710.site.40, 15, 144, 159
411483.3.peg.1710.site.41, 2, 153, 155
411483.3.peg.1710.site.42, 8, 153, 161
411483.3.peg.1710.site.43, 0, 153, 153
411483.3.peg.1710.site.44, 3, 150, 153
411483.3.peg.1710.site.45, 5, 149, 154
411483.3.peg.1710.site.46, 4, 153, 157
411483.3.peg.1710.site.47, 2, 153, 155
411483.3.peg.1710.site.48, 0, 150, 150
411483.3.peg.1710.site.49, 28, 145, 173
411483.3.peg.1710.site.50, 1, 153, 154
411483.3.peg.1710.site.51, 9, 146, 155
411483.3.peg.1710.site.52, 26, 146, 172
411483.3.peg.1710.site.53, 62, 140, 202
411483.3.peg.1710.site.54, 4, 152, 156
411483.3.peg.1710.site.55, 65, 143, 208
411483.3.peg.1710.site.56, 11, 151, 162
411483.3.peg.1710.site.57, 8, 151, 159
411483.3.peg.1710.site.58, 6, 149, 155
411483.3.peg.1710.site.59, 3, 147, 150
411483.3.peg.1710.site.60, 6, 145, 151
411483.3.peg.1710.site.61, 56, 132, 188
411483.3.peg.1710.site.62, 6, 145, 151
411483.3.peg.1710.site.63, 9, 145, 154
411483.3.peg.1710.site.64, 0, 148, 148
411483.3.peg.1710.site.65, 9, 151, 160
411483.3.peg.1710.site.66, 5, 148, 153
411483.3.peg.1710.site.67, 10, 151, 161
411483.3.peg.1710.site.68, 6, 150, 156
411483.3.peg.1710.site.69, 0, 152, 152
411483.3.peg.1710.site.70, 5, 149, 154
411483.3.peg.1710.site.71, 59, 142, 201
411483.3.peg.1710.site.72, 1, 150, 151
411483.3.peg.1710.site.73, 31, 141, 172
411483.3.peg.1710.site.74, 114, 140, 254
411483.3.peg.1710.site.75, 6, 145, 151
411483.3.peg.1710.site.76, 65, 126, 191
411483.3.peg.1710.site.77, 1, 122, 123
411483.3.peg.1710.site.78, 4, 114, 118
411483.3.peg.1710.site.79, 81, 108, 189
411483.3.peg.1710.site.80, 4, 115, 119
411483.3.peg.1710.site.81, 12, 118, 130
411483.3.peg.1710.site.82, 2, 117, 119
411483.3.peg.1710.site.83, 5, 133, 138
411483.3.peg.1710.site.84, 0, 147, 147
411483.3.peg.1710.site.85, 4, 148, 152
411483.3.peg.1710.site.86, 1, 152, 153
411483.3.peg.1710.site.87, 70, 141, 211
411483.3.peg.1710.site.88, 72, 140, 212
411483.3.peg.1710.site.89, 4, 151, 155
411483.3.peg.1710.site.90, 3, 151, 154
411483.3.peg.1711.site.1, 16, 146, 162
411483.3.peg.1711.site.2, 7, 155, 162
411483.3.peg.1711.site.3, 8, 151, 159
411483.3.peg.1711.site.4, 5, 154, 159
411483.3.peg.1711.site.5, 3, 153, 156
411483.3.peg.1711.site.6, 0, 152, 152
411483.3.peg.1711.site.7, 21, 146, 167
411483.3.peg.1711.site.8, 4, 154, 158
411483.3.peg.1711.site.9, 1, 153, 154
411483.3.peg.1711.site.10, 2, 154, 156
411483.3.peg.1711.site.11, 10, 153, 163
411483.3.peg.1711.site.12, 2, 154, 156
411483.3.peg.1711.site.13, 1, 155, 156
411483.3.peg.1716.site.1, 9, 155, 164
411483.3.peg.1716.site.2, 0, 149, 149
411483.3.peg.1716.site.3, 3, 150, 153
411483.3.peg.1716.site.4, 3, 150, 153
411483.3.peg.1716.site.5, 2, 151, 153
411483.3.peg.1716.site.6, 19, 150, 169
411483.3.peg.1716.site.7, 6, 153, 159
411483.3.peg.1716.site.8, 1, 153, 154
411483.3.peg.1716.site.9, 9, 153, 162
411483.3.peg.1716.site.10, 2, 154, 156
411483.3.peg.1716.site.11, 1, 153, 154
411483.3.peg.1716.site.12, 103, 143, 246
411483.3.peg.1716.site.13, 1, 153, 154
411483.3.peg.1716.site.14, 0, 152, 152
411483.3.peg.1716.site.15, 0, 153, 153
411483.3.peg.1716.site.16, 1, 151, 152
411483.3.peg.1716.site.17, 0, 153, 153
411483.3.peg.1716.site.18, 2, 154, 156
411483.3.peg.1716.site.19, 30, 145, 175
411483.3.peg.1716.site.20, 26, 145, 171
411483.3.peg.1716.site.21, 9, 153, 162
411483.3.peg.1716.site.22, 51, 144, 195
411483.3.peg.1716.site.23, 2, 153, 155
411483.3.peg.1716.site.24, 9, 148, 157
411483.3.peg.1716.site.25, 1, 149, 150
411483.3.peg.1716.site.26, 12, 148, 160
411483.3.peg.1716.site.27, 8, 151, 159
411483.3.peg.1716.site.28, 1, 152, 153
411483.3.peg.1716.site.29, 1, 149, 150
411483.3.peg.1716.site.30, 9, 151, 160
411483.3.peg.1716.site.31, 117, 145, 262
411483.3.peg.1716.site.32, 5, 151, 156
411483.3.peg.1716.site.33, 2, 152, 154
411483.3.peg.1716.site.34, 2, 149, 151
411483.3.peg.1716.site.35, 124, 144, 268
411483.3.peg.1716.site.36, 21, 149, 170
411483.3.peg.1716.site.37, 0, 151, 151
411483.3.peg.1716.site.38, 30, 144, 174
411483.3.peg.1716.site.39, 2, 151, 153
411483.3.peg.1716.site.40, 10, 149, 159
411483.3.peg.1716.site.41, 9, 154, 163
411483.3.peg.1716.site.42, 2, 151, 153
411483.3.peg.1716.site.43, 15, 154, 169
411483.3.peg.1716.site.44, 2, 154, 156
411483.3.peg.1716.site.45, 3, 154, 157
411483.3.peg.1716.site.46, 0, 150, 150
411483.3.peg.1716.site.47, 6, 150, 156
411483.3.peg.1716.site.48, 1, 151, 152
411483.3.peg.1716.site.49, 12, 152, 164
411483.3.peg.1716.site.50, 8, 151, 159
411483.3.peg.1716.site.51, 11, 146, 157
411483.3.peg.1716.site.52, 0, 153, 153
411483.3.peg.1716.site.53, 12, 148, 160
411483.3.peg.1716.site.54, 24, 150, 174
411483.3.peg.1717.site.1, 4, 154, 158
411483.3.peg.1717.site.2, 1, 155, 156
411483.3.peg.1717.site.3, 7, 152, 159
411483.3.peg.1717.site.4, 0, 154, 154
411483.3.peg.1717.site.5, 1, 155, 156
411483.3.peg.1717.site.6, 1, 155, 156
411483.3.peg.1717.site.7, 1, 155, 156
411483.3.peg.1717.site.8, 1, 154, 155
411483.3.peg.1717.site.9, 2, 153, 155
411483.3.peg.1717.site.10, 8, 154, 162
411483.3.peg.1717.site.11, 2, 154, 156
411483.3.peg.1717.site.12, 12, 150, 162
411483.3.peg.1717.site.13, 8, 150, 158
411483.3.peg.1717.site.14, 47, 144, 191
411483.3.peg.1717.site.15, 8, 153, 161
411483.3.peg.1717.site.16, 0, 150, 150
411483.3.peg.1717.site.17, 10, 150, 160
411483.3.peg.1717.site.18, 2, 151, 153
411483.3.peg.1717.site.19, 84, 121, 205
411483.3.peg.1717.site.20, 3, 136, 139
411483.3.peg.1717.site.21, 2, 145, 147
411483.3.peg.1717.site.22, 3, 142, 145
411483.3.peg.1717.site.23, 3, 143, 146
411483.3.peg.1717.site.24, 1, 145, 146
411483.3.peg.1717.site.25, 84, 143, 227
411483.3.peg.1717.site.26, 19, 146, 165
411483.3.peg.1717.site.27, 0, 152, 152
411483.3.peg.1717.site.28, 21, 142, 163
411483.3.peg.1717.site.29, 2, 152, 154
411483.3.peg.1717.site.30, 2, 152, 154
411483.3.peg.1717.site.31, 28, 144, 172
411483.3.peg.1717.site.32, 1, 150, 151
411483.3.peg.1717.site.33, 50, 148, 198
411483.3.peg.1717.site.34, 25, 149, 174
411483.3.peg.1717.site.35, 12, 150, 162
411483.3.peg.1717.site.36, 11, 150, 161
411483.3.peg.1717.site.37, 9, 150, 159
411483.3.peg.1717.site.38, 4, 153, 157
411483.3.peg.1717.site.39, 36, 149, 185
411483.3.peg.1717.site.40, 25, 148, 173
411483.3.peg.1717.site.41, 6, 151, 157
411483.3.peg.1717.site.42, 92, 145, 237
411483.3.peg.1717.site.43, 11, 151, 162
411483.3.peg.1717.site.44, 26, 140, 166
411483.3.peg.1717.site.45, 19, 147, 166
411483.3.peg.1717.site.46, 5, 148, 153
411483.3.peg.1717.site.47, 1, 150, 151
411483.3.peg.1717.site.48, 8, 149, 157
411483.3.peg.1717.site.49, 4, 152, 156
411483.3.peg.1717.site.50, 104, 141, 245
411483.3.peg.1717.site.51, 4, 152, 156
411483.3.peg.1717.site.52, 7, 151, 158
411483.3.peg.1717.site.53, 2, 153, 155
411483.3.peg.1717.site.54, 3, 154, 157
411483.3.peg.1717.site.55, 1, 153, 154
411483.3.peg.1714.site.1, 15, 153, 168
411483.3.peg.1714.site.2, 17, 151, 168
411483.3.peg.1714.site.3, 6, 152, 158
411483.3.peg.1714.site.4, 26, 148, 174
411483.3.peg.1714.site.5, 20, 144, 164
411483.3.peg.1714.site.6, 29, 145, 174
411483.3.peg.1714.site.7, 26, 145, 171
411483.3.peg.1714.site.8, 5, 151, 156
411483.3.peg.1714.site.9, 1, 151, 152
411483.3.peg.1714.site.10, 0, 148, 148
411483.3.peg.1714.site.11, 1, 151, 152
411483.3.peg.1714.site.12, 29, 138, 167
411483.3.peg.1714.site.13, 11, 148, 159
411483.3.peg.1714.site.14, 0, 151, 151
411483.3.peg.1714.site.15, 68, 147, 215
411483.3.peg.1714.site.16, 2, 153, 155
411483.3.peg.1714.site.17, 1, 153, 154
411483.3.peg.1714.site.18, 2, 153, 155
411483.3.peg.1714.site.19, 5, 154, 159
411483.3.peg.1714.site.20, 2, 149, 151
411483.3.peg.1714.site.21, 2, 148, 150
411483.3.peg.1714.site.22, 1, 152, 153
411483.3.peg.1714.site.23, 1, 151, 152
411483.3.peg.1714.site.24, 1, 153, 154
411483.3.peg.1714.site.25, 1, 154, 155
411483.3.peg.1714.site.26, 11, 151, 162
411483.3.peg.1714.site.27, 15, 151, 166
411483.3.peg.1714.site.28, 13, 148, 161
411483.3.peg.1714.site.29, 0, 154, 154
411483.3.peg.1714.site.30, 6, 154, 160
411483.3.peg.1714.site.31, 2, 152, 154
411483.3.peg.1714.site.32, 3, 151, 154
411483.3.peg.1714.site.33, 2, 153, 155
411483.3.peg.1714.site.34, 2, 154, 156
411483.3.peg.1714.site.35, 10, 150, 160
411483.3.peg.1715.site.1, 1, 155, 156
411483.3.peg.1715.site.2, 9, 148, 157
411483.3.peg.1715.site.3, 3, 155, 158
411483.3.peg.1715.site.4, 17, 155, 172
411483.3.peg.1715.site.5, 46, 131, 177
411483.3.peg.1715.site.6, 88, 140, 228
411483.3.peg.1715.site.7, 12, 149, 161
411483.3.peg.1715.site.8, 24, 149, 173
411483.3.peg.1715.site.9, 11, 151, 162
411483.3.peg.1715.site.10, 22, 148, 170
411483.3.peg.1715.site.11, 0, 154, 154
411483.3.peg.1715.site.12, 0, 153, 153
411483.3.peg.1715.site.13, 22, 154, 176
411483.3.peg.1715.site.14, 2, 155, 157
411483.3.peg.1715.site.15, 1, 154, 155
411483.3.peg.1715.site.16, 1, 155, 156
411483.3.peg.1715.site.17, 2, 155, 157
411483.3.peg.1715.site.18, 0, 153, 153
411483.3.peg.1715.site.19, 9, 153, 162
411483.3.peg.1715.site.20, 2, 154, 156
411483.3.peg.1715.site.21, 3, 153, 156
411483.3.peg.1715.site.22, 10, 151, 161
411483.3.peg.1715.site.23, 9, 152, 161
411483.3.peg.1715.site.24, 1, 154, 155
411483.3.peg.1715.site.25, 126, 144, 270
411483.3.peg.1715.site.26, 10, 154, 164
411483.3.peg.1715.site.27, 2, 153, 155
411483.3.peg.1715.site.28, 10, 153, 163
411483.3.peg.1715.site.29, 12, 152, 164
411483.3.peg.1715.site.30, 1, 155, 156
411483.3.peg.1715.site.31, 20, 148, 168
411483.3.peg.1715.site.32, 17, 144, 161
411483.3.peg.1715.site.33, 15, 151, 166
411483.3.peg.1715.site.34, 12, 152, 164
411483.3.peg.1715.site.35, 21, 151, 172
411483.3.peg.1715.site.36, 11, 148, 159
411483.3.peg.1715.site.37, 1, 150, 151
411483.3.peg.1715.site.38, 0, 151, 151
411483.3.peg.1715.site.39, 20, 150, 170
411483.3.peg.1715.site.40, 1, 155, 156
411483.3.peg.1718.site.1, 10, 148, 158
411483.3.peg.1718.site.2, 1, 153, 154
411483.3.peg.1718.site.3, 47, 142, 189
411483.3.peg.1718.site.4, 1, 153, 154
411483.3.peg.1718.site.5, 65, 138, 203
411483.3.peg.1718.site.6, 2, 152, 154
411483.3.peg.1718.site.7, 10, 146, 156
411483.3.peg.1718.site.8, 13, 149, 162
411483.3.peg.1718.site.9, 10, 150, 160
411483.3.peg.1718.site.10, 1, 154, 155
411483.3.peg.1718.site.11, 4, 154, 158
411483.3.peg.1718.site.12, 7, 149, 156
411483.3.peg.1718.site.13, 1, 153, 154
411483.3.peg.1718.site.14, 0, 154, 154
411483.3.peg.1718.site.15, 0, 154, 154
411483.3.peg.1718.site.16, 1, 153, 154
411483.3.peg.1718.site.17, 0, 151, 151
411483.3.peg.1718.site.18, 0, 154, 154
411483.3.peg.1718.site.19, 32, 143, 175
411483.3.peg.1718.site.20, 10, 152, 162
411483.3.peg.1718.site.21, 20, 151, 171
411483.3.peg.1718.site.22, 1, 154, 155
411483.3.peg.1718.site.23, 24, 148, 172
411483.3.peg.1718.site.24, 36, 143, 179
411483.3.peg.1718.site.25, 17, 150, 167
411483.3.peg.1718.site.26, 2, 153, 155
411483.3.peg.1718.site.27, 0, 152, 152
411483.3.peg.1718.site.28, 11, 153, 164
411483.3.peg.1718.site.29, 9, 153, 162
411483.3.peg.1718.site.30, 3, 152, 155
411483.3.peg.1718.site.31, 2, 154, 156
411483.3.peg.1718.site.32, 2, 155, 157
411483.3.peg.1718.site.33, 6, 155, 161
411483.3.peg.1718.site.34, 6, 153, 159
411483.3.peg.1718.site.35, 1, 153, 154
411483.3.peg.1718.site.36, 6, 153, 159
411483.3.peg.1718.site.37, 50, 149, 199
411483.3.peg.1719.site.1, 0, 154, 154
411483.3.peg.1719.site.2, 10, 148, 158
411483.3.peg.1719.site.3, 2, 152, 154
411483.3.peg.1719.site.4, 9, 149, 158
411483.3.peg.1719.site.5, 6, 151, 157
411483.3.peg.1719.site.6, 0, 149, 149
411483.3.peg.1719.site.7, 0, 149, 149
411483.3.peg.1719.site.8, 3, 150, 153
411483.3.peg.1719.site.9, 2, 152, 154
411483.3.peg.1719.site.10, 29, 147, 176
411483.3.peg.1719.site.11, 31, 142, 173
411483.3.peg.1719.site.12, 1, 152, 153
411483.3.peg.1719.site.13, 14, 154, 168
411483.3.peg.1719.site.14, 64, 142, 206
411483.3.peg.1719.site.15, 11, 154, 165
411483.3.peg.1719.site.16, 44, 150, 194
411483.3.peg.1719.site.17, 6, 147, 153
411483.3.peg.1719.site.18, 24, 143, 167
411483.3.peg.1719.site.19, 6, 145, 151
411483.3.peg.1719.site.20, 1, 140, 141
411483.3.peg.1719.site.21, 78, 130, 208
411483.3.peg.1719.site.22, 15, 130, 145
411483.3.peg.1719.site.23, 12, 133, 145
411483.3.peg.1719.site.24, 2, 133, 135
411483.3.peg.1719.site.25, 2, 131, 133
411483.3.peg.1719.site.26, 17, 133, 150
411483.3.peg.1719.site.27, 2, 136, 138
411483.3.peg.1719.site.28, 2, 139, 141
411483.3.peg.1719.site.29, 1, 143, 144
411483.3.peg.1719.site.30, 0, 141, 141
411483.3.peg.1719.site.31, 1, 142, 143
411483.3.peg.1719.site.32, 4, 143, 147
411483.3.peg.1719.site.33, 119, 132, 251
411483.3.peg.1719.site.34, 2, 137, 139
411483.3.peg.1719.site.35, 124, 135, 259
411483.3.peg.1719.site.36, 60, 138, 198
411483.3.peg.1719.site.37, 28, 144, 172
411483.3.peg.1719.site.38, 42, 145, 187
411483.3.peg.1719.site.39, 1, 152, 153
411483.3.peg.1719.site.40, 26, 145, 171
411483.3.peg.1719.site.41, 102, 143, 245
411483.3.peg.1719.site.42, 12, 149, 161
411483.3.peg.1719.site.43, 3, 155, 158
411483.3.peg.1719.site.44, 0, 154, 154
411483.3.peg.1719.site.45, 3, 154, 157
411483.3.peg.1719.site.46, 35, 145, 180
411483.3.peg.1719.site.47, 6, 150, 156
411483.3.peg.1719.site.48, 29, 146, 175
411483.3.peg.1719.site.49, 10, 152, 162
411483.3.peg.1719.site.50, 2, 155, 157
411483.3.peg.1719.site.51, 3, 154, 157
411483.3.peg.1719.site.52, 48, 142, 190
411483.3.peg.1719.site.53, 4, 148, 152
411483.3.peg.1719.site.54, 138, 149, 287
411483.3.peg.1719.site.55, 0, 152, 152
411483.3.peg.1719.site.56, 2, 151, 153
411483.3.peg.1719.site.57, 1, 153, 154
411483.3.peg.1719.site.58, 2, 151, 153
411483.3.peg.1719.site.59, 2, 147, 149
411483.3.peg.1719.site.60, 0, 150, 150
411483.3.peg.1719.site.61, 0, 153, 153
411483.3.peg.1719.site.62, 14, 143, 157
411483.3.peg.2528.site.1, 5, 151, 156
411483.3.peg.2528.site.2, 6, 151, 157
411483.3.peg.2528.site.3, 32, 145, 177
411483.3.peg.2528.site.4, 2, 155, 157
411483.3.peg.2528.site.5, 1, 153, 154
411483.3.peg.2528.site.6, 2, 152, 154
411483.3.peg.2528.site.7, 2, 151, 153
411483.3.peg.2528.site.8, 7, 151, 158
411483.3.peg.2528.site.9, 1, 153, 154
411483.3.peg.2528.site.10, 4, 148, 152
411483.3.peg.2528.site.11, 4, 152, 156
411483.3.peg.2528.site.12, 2, 151, 153
411483.3.peg.2528.site.13, 1, 149, 150
411483.3.peg.2528.site.14, 1, 147, 148
411483.3.peg.2528.site.15, 5, 142, 147
411483.3.peg.2528.site.16, 1, 147, 148
411483.3.peg.2528.site.17, 1, 145, 146
411483.3.peg.2528.site.18, 2, 145, 147
411483.3.peg.2528.site.19, 2, 139, 141
411483.3.peg.2528.site.20, 7, 135, 142
411483.3.peg.2528.site.21, 118, 134, 252
411483.3.peg.2528.site.22, 0, 132, 132
411483.3.peg.2528.site.23, 2, 142, 144
411483.3.peg.2528.site.24, 1, 146, 147
411483.3.peg.2528.site.25, 10, 144, 154
411483.3.peg.2528.site.26, 6, 145, 151
411483.3.peg.2528.site.27, 4, 150, 154
411483.3.peg.2528.site.28, 150, 150, 300
411483.3.peg.2528.site.29, 7, 148, 155
411483.3.peg.2528.site.30, 62, 135, 197
411483.3.peg.2528.site.31, 63, 135, 198
411483.3.peg.2528.site.32, 1, 150, 151
411483.3.peg.2528.site.33, 3, 151, 154
411483.3.peg.2528.site.34, 3, 149, 152
411483.3.peg.2528.site.35, 3, 150, 153
411483.3.peg.2528.site.36, 3, 151, 154
411483.3.peg.2528.site.37, 1, 148, 149
411483.3.peg.2528.site.38, 35, 141, 176
411483.3.peg.2528.site.39, 29, 142, 171
411483.3.peg.2528.site.40, 0, 149, 149
411483.3.peg.2528.site.41, 3, 149, 152
411483.3.peg.2528.site.42, 1, 147, 148
411483.3.peg.2528.site.43, 16, 140, 156
411483.3.peg.2528.site.44, 2, 144, 146
411483.3.peg.2528.site.45, 1, 145, 146
411483.3.peg.2528.site.46, 1, 143, 144
411483.3.peg.2528.site.47, 5, 143, 148
411483.3.peg.2528.site.48, 9, 141, 150
411483.3.peg.2528.site.49, 2, 137, 139
411483.3.peg.2528.site.50, 3, 139, 142
411483.3.peg.2528.site.51, 0, 132, 132
411483.3.peg.2528.site.52, 2, 129, 131
411483.3.peg.2528.site.53, 0, 137, 137
411483.3.peg.2528.site.54, 0, 147, 147
411483.3.peg.2528.site.55, 3, 146, 149
411483.3.peg.2528.site.56, 1, 149, 150
411483.3.peg.2528.site.57, 9, 151, 160
411483.3.peg.2528.site.58, 0, 145, 145
411483.3.peg.2528.site.59, 1, 146, 147
411483.3.peg.2528.site.60, 3, 151, 154
411483.3.peg.2528.site.61, 148, 148, 296
411483.3.peg.2528.site.62, 0, 147, 147
411483.3.peg.2528.site.63, 2, 146, 148
411483.3.peg.2528.site.64, 1, 144, 145
411483.3.peg.2528.site.65, 141, 143, 284
411483.3.peg.2528.site.66, 1, 127, 128
411483.3.peg.2528.site.67, 5, 122, 127
411483.3.peg.2528.site.68, 1, 131, 132
411483.3.peg.2528.site.69, 55, 126, 181
411483.3.peg.2528.site.70, 1, 143, 144
411483.3.peg.2528.site.71, 1, 145, 146
411483.3.peg.2528.site.72, 1, 150, 151
411483.3.peg.2528.site.73, 0, 147, 147
411483.3.peg.2528.site.74, 2, 148, 150
411483.3.peg.2528.site.75, 5, 132, 137
411483.3.peg.2528.site.76, 13, 126, 139
411483.3.peg.2528.site.77, 1, 125, 126
411483.3.peg.2528.site.78, 17, 124, 141
411483.3.peg.2528.site.79, 1, 134, 135
411483.3.peg.2528.site.80, 81, 118, 199
411483.3.peg.2528.site.81, 1, 135, 136
411483.3.peg.2528.site.82, 148, 148, 296
411483.3.peg.2528.site.83, 17, 143, 160
411483.3.peg.2528.site.84, 117, 146, 263
411483.3.peg.2528.site.85, 0, 152, 152
411483.3.peg.2528.site.86, 14, 143, 157
411483.3.peg.2529.site.1, 2, 154, 156
411483.3.peg.2529.site.2, 1, 154, 155
411483.3.peg.2529.site.3, 1, 154, 155
411483.3.peg.2529.site.4, 1, 153, 154
411483.3.peg.2529.site.5, 5, 153, 158
411483.3.peg.2529.site.6, 6, 153, 159
411483.3.peg.2529.site.7, 6, 147, 153
411483.3.peg.2529.site.8, 1, 153, 154
411483.3.peg.2529.site.9, 146, 149, 295
411483.3.peg.2529.site.10, 9, 147, 156
411483.3.peg.2529.site.11, 51, 136, 187
411483.3.peg.2529.site.12, 1, 151, 152
411483.3.peg.2529.site.13, 1, 148, 149
411483.3.peg.2529.site.14, 2, 151, 153
411483.3.peg.2529.site.15, 1, 151, 152
411483.3.peg.2529.site.16, 0, 150, 150
411483.3.peg.2529.site.17, 1, 149, 150
411483.3.peg.2529.site.18, 2, 145, 147
411483.3.peg.2529.site.19, 2, 147, 149
411483.3.peg.2529.site.20, 40, 141, 181
411483.3.peg.2529.site.21, 1, 150, 151
411483.3.peg.2529.site.22, 2, 142, 144
411483.3.peg.2529.site.23, 7, 142, 149
411483.3.peg.2529.site.24, 1, 142, 143
411483.3.peg.2529.site.25, 1, 143, 144
411483.3.peg.2529.site.26, 3, 143, 146
411483.3.peg.2529.site.27, 8, 144, 152
411483.3.peg.2529.site.28, 141, 141, 282
411483.3.peg.2529.site.29, 2, 144, 146
411483.3.peg.2529.site.30, 5, 140, 145
411483.3.peg.2529.site.31, 6, 134, 140
411483.3.peg.2529.site.32, 5, 129, 134
411483.3.peg.2529.site.33, 3, 131, 134
411483.3.peg.2529.site.34, 107, 130, 237
411483.3.peg.2529.site.35, 111, 128, 239
411483.3.peg.2529.site.36, 7, 132, 139
411483.3.peg.2529.site.37, 6, 130, 136
411483.3.peg.2529.site.38, 4, 125, 129
411483.3.peg.2529.site.39, 2, 132, 134
411483.3.peg.2529.site.40, 61, 122, 183
411483.3.peg.2529.site.41, 4, 144, 148
411483.3.peg.2529.site.42, 6, 143, 149
411483.3.peg.2529.site.43, 18, 141, 159
411483.3.peg.2529.site.44, 2, 150, 152
411483.3.peg.2529.site.45, 20, 143, 163
411483.3.peg.2529.site.46, 2, 150, 152
411483.3.peg.2529.site.47, 11, 146, 157
411483.3.peg.2529.site.48, 10, 150, 160
411483.3.peg.2529.site.49, 58, 139, 197
411483.3.peg.2529.site.50, 44, 145, 189
411483.3.peg.2529.site.51, 9, 142, 151
411483.3.peg.2529.site.52, 7, 153, 160
411483.3.peg.2529.site.53, 23, 146, 169
411483.3.peg.2529.site.54, 26, 147, 173
411483.3.peg.2529.site.55, 103, 148, 251
411483.3.peg.2529.site.56, 35, 140, 175
411483.3.peg.2529.site.57, 1, 150, 151
411483.3.peg.2529.site.58, 9, 146, 155
411483.3.peg.2529.site.59, 1, 151, 152
411483.3.peg.2529.site.60, 4, 145, 149
411483.3.peg.2529.site.61, 0, 147, 147
411483.3.peg.2529.site.62, 5, 145, 150
411483.3.peg.2529.site.63, 1, 138, 139
411483.3.peg.2529.site.64, 3, 134, 137
411483.3.peg.2529.site.65, 43, 112, 155
411483.3.peg.2529.site.66, 32, 117, 149
411483.3.peg.2529.site.67, 25, 114, 139
411483.3.peg.2529.site.68, 36, 109, 145
411483.3.peg.2529.site.69, 83, 112, 195
411483.3.peg.2529.site.70, 2, 122, 124
411483.3.peg.2529.site.71, 35, 107, 142
411483.3.peg.2529.site.72, 12, 112, 124
411483.3.peg.2529.site.73, 1, 122, 123
411483.3.peg.2529.site.74, 4, 116, 120
411483.3.peg.2529.site.75, 1, 123, 124
411483.3.peg.2529.site.76, 21, 125, 146
411483.3.peg.2529.site.77, 24, 122, 146
411483.3.peg.2529.site.78, 4, 128, 132
411483.3.peg.2529.site.79, 0, 127, 127
411483.3.peg.2529.site.80, 4, 133, 137
411483.3.peg.2529.site.81, 8, 127, 135
411483.3.peg.2529.site.82, 14, 133, 147
411483.3.peg.2529.site.83, 5, 131, 136
411483.3.peg.2529.site.84, 1, 122, 123
411483.3.peg.2529.site.85, 9, 130, 139
411483.3.peg.2529.site.86, 5, 131, 136
411483.3.peg.2529.site.87, 24, 127, 151
411483.3.peg.2529.site.88, 3, 136, 139
411483.3.peg.2529.site.89, 5, 136, 141
411483.3.peg.2529.site.90, 5, 141, 146
411483.3.peg.2529.site.91, 39, 132, 171
411483.3.peg.2529.site.92, 69, 132, 201
411483.3.peg.2529.site.93, 1, 139, 140
411483.3.peg.2529.site.94, 1, 133, 134
411483.3.peg.2529.site.95, 6, 128, 134
411483.3.peg.2529.site.96, 11, 132, 143
411483.3.peg.2529.site.97, 0, 125, 125
411483.3.peg.2529.site.98, 9, 120, 129
411483.3.peg.2529.site.99, 1, 118, 119
411483.3.peg.2529.site.100, 1, 113, 114
411483.3.peg.2529.site.101, 46, 92, 138
411483.3.peg.2529.site.102, 2, 113, 115
411483.3.peg.2529.site.103, 17, 100, 117
411483.3.peg.2529.site.104, 63, 92, 155
411483.3.peg.2529.site.105, 32, 95, 127
411483.3.peg.2529.site.106, 0, 105, 105
411483.3.peg.2529.site.107, 1, 116, 117
411483.3.peg.2529.site.108, 3, 118, 121
411483.3.peg.2529.site.109, 67, 111, 178
411483.3.peg.2529.site.110, 0, 114, 114
411483.3.peg.2529.site.111, 44, 111, 155
411483.3.peg.2529.site.112, 2, 119, 121
411483.3.peg.2529.site.113, 24, 114, 138
411483.3.peg.2529.site.114, 3, 109, 112
411483.3.peg.2529.site.115, 5, 93, 98
411483.3.peg.2529.site.116, 5, 91, 96
411483.3.peg.2529.site.117, 12, 93, 105
411483.3.peg.2529.site.118, 50, 88, 138
411483.3.peg.2529.site.119, 27, 88, 115
411483.3.peg.2529.site.120, 4, 95, 99
411483.3.peg.2529.site.121, 1, 92, 93
411483.3.peg.2529.site.122, 1, 103, 104
411483.3.peg.2529.site.123, 31, 87, 118
411483.3.peg.2529.site.124, 3, 93, 96
411483.3.peg.2529.site.125, 28, 69, 97
411483.3.peg.2529.site.126, 1, 94, 95
411483.3.peg.2529.site.127, 3, 97, 100
411483.3.peg.2529.site.128, 33, 92, 125
411483.3.peg.2529.site.129, 5, 97, 102
411483.3.peg.2529.site.130, 5, 98, 103
411483.3.peg.2529.site.131, 99, 108, 207
411483.3.peg.2529.site.132, 4, 105, 109
411483.3.peg.2529.site.133, 3, 110, 113
411483.3.peg.2529.site.134, 2, 109, 111
411483.3.peg.2529.site.135, 7, 112, 119
411483.3.peg.2529.site.136, 7, 121, 128
411483.3.peg.2529.site.137, 65, 113, 178
411483.3.peg.2529.site.138, 5, 115, 120
411483.3.peg.2529.site.139, 2, 121, 123
411483.3.peg.2529.site.140, 1, 117, 118
411483.3.peg.2529.site.141, 73, 106, 179
411483.3.peg.2529.site.142, 1, 122, 123
411483.3.peg.2529.site.143, 4, 119, 123
411483.3.peg.2529.site.144, 7, 118, 125
411483.3.peg.2529.site.145, 3, 116, 119
411483.3.peg.2529.site.146, 49, 110, 159
411483.3.peg.2529.site.147, 44, 112, 156
411483.3.peg.2529.site.148, 1, 116, 117
411483.3.peg.2529.site.149, 0, 124, 124
411483.3.peg.2529.site.150, 3, 129, 132
411483.3.peg.2529.site.151, 3, 127, 130
411483.3.peg.2529.site.152, 9, 124, 133
411483.3.peg.2529.site.153, 1, 130, 131
411483.3.peg.2529.site.154, 2, 128, 130
411483.3.peg.2529.site.155, 9, 124, 133
411483.3.peg.2529.site.156, 1, 122, 123
411483.3.peg.2529.site.157, 64, 111, 175
411483.3.peg.2529.site.158, 8, 114, 122
411483.3.peg.2529.site.159, 3, 115, 118
411483.3.peg.2529.site.160, 1, 116, 117
411483.3.peg.2529.site.161, 2, 114, 116
411483.3.peg.2529.site.162, 107, 110, 217
411483.3.peg.2529.site.163, 0, 112, 112
411483.3.peg.2529.site.164, 4, 115, 119
411483.3.peg.2529.site.165, 39, 114, 153
411483.3.peg.2529.site.166, 117, 125, 242
411483.3.peg.2529.site.167, 47, 119, 166
411483.3.peg.2529.site.168, 2, 118, 120
411483.3.peg.2529.site.169, 0, 140, 140
411483.3.peg.2529.site.170, 1, 135, 136
411483.3.peg.2529.site.171, 8, 134, 142
411483.3.peg.2529.site.172, 2, 137, 139
411483.3.peg.2529.site.173, 6, 142, 148
411483.3.peg.2529.site.174, 19, 142, 161
411483.3.peg.2529.site.175, 15, 142, 157
411483.3.peg.2529.site.176, 1, 149, 150
411483.3.peg.2529.site.177, 1, 149, 150
411483.3.peg.2529.site.178, 3, 143, 146
411483.3.peg.2529.site.179, 40, 125, 165
411483.3.peg.2529.site.180, 2, 132, 134
411483.3.peg.2529.site.181, 1, 131, 132
411483.3.peg.2529.site.182, 13, 128, 141
411483.3.peg.2529.site.183, 1, 132, 133
411483.3.peg.2529.site.184, 127, 130, 257
411483.3.peg.2529.site.185, 82, 126, 208
411483.3.peg.2529.site.186, 10, 129, 139
411483.3.peg.2529.site.187, 65, 117, 182
411483.3.peg.2529.site.188, 55, 125, 180
411483.3.peg.2529.site.189, 3, 129, 132
411483.3.peg.2529.site.190, 2, 141, 143
411483.3.peg.2529.site.191, 2, 138, 140
411483.3.peg.2529.site.192, 0, 136, 136
411483.3.peg.2529.site.193, 4, 140, 144
411483.3.peg.2529.site.194, 1, 130, 131
411483.3.peg.2529.site.195, 89, 95, 184
411483.3.peg.2529.site.196, 94, 94, 188
411483.3.peg.2529.site.197, 2, 112, 114
411483.3.peg.2529.site.198, 1, 98, 99
411483.3.peg.2529.site.199, 9, 89, 98
411483.3.peg.2529.site.200, 4, 127, 131
411483.3.peg.2529.site.201, 6, 139, 145
411483.3.peg.2529.site.202, 1, 152, 153
411483.3.peg.2529.site.203, 3, 149, 152
411483.3.peg.2529.site.204, 1, 153, 154
411483.3.peg.2529.site.205, 73, 138, 211
411483.3.peg.2529.site.206, 15, 150, 165
411483.3.peg.2529.site.207, 21, 145, 166
411483.3.peg.2529.site.208, 2, 149, 151
411483.3.peg.2529.site.209, 0, 152, 152
411483.3.peg.2529.site.210, 0, 149, 149
411483.3.peg.2529.site.211, 3, 151, 154
411483.3.peg.2529.site.212, 1, 147, 148
411483.3.peg.2529.site.213, 2, 138, 140
411483.3.peg.2529.site.214, 45, 128, 173
411483.3.peg.2529.site.215, 1, 143, 144
411483.3.peg.2529.site.216, 7, 136, 143
411483.3.peg.2529.site.217, 6, 135, 141
411483.3.peg.2529.site.218, 49, 130, 179
411483.3.peg.2529.site.219, 7, 135, 142
411483.3.peg.2529.site.220, 142, 142, 284
411483.3.peg.2529.site.221, 1, 142, 143
411483.3.peg.2529.site.222, 1, 142, 143
411483.3.peg.2529.site.223, 3, 139, 142
411483.3.peg.2529.site.224, 2, 139, 141
411483.3.peg.2529.site.225, 6, 102, 108
411483.3.peg.2524.site.1, 4, 154, 158
411483.3.peg.2524.site.2, 1, 155, 156
411483.3.peg.2524.site.3, 3, 154, 157
411483.3.peg.2524.site.4, 5, 155, 160
411483.3.peg.2524.site.5, 8, 153, 161
411483.3.peg.2524.site.6, 1, 154, 155
411483.3.peg.2524.site.7, 3, 152, 155
411483.3.peg.2524.site.8, 4, 153, 157
411483.3.peg.2524.site.9, 149, 150, 299
411483.3.peg.2524.site.10, 0, 151, 151
411483.3.peg.2525.site.1, 1, 155, 156
411483.3.peg.2525.site.2, 0, 154, 154
411483.3.peg.2525.site.3, 1, 154, 155
411483.3.peg.2525.site.4, 23, 147, 170
411483.3.peg.2525.site.5, 1, 150, 151
411483.3.peg.2525.site.6, 2, 153, 155
411483.3.peg.2525.site.7, 2, 149, 151
411483.3.peg.2525.site.8, 3, 148, 151
411483.3.peg.2525.site.9, 3, 150, 153
411483.3.peg.2525.site.10, 2, 151, 153
411483.3.peg.2525.site.11, 4, 154, 158
411483.3.peg.2525.site.12, 2, 153, 155
411483.3.peg.2525.site.13, 0, 153, 153
411483.3.peg.2525.site.14, 6, 150, 156
411483.3.peg.2525.site.15, 1, 151, 152
411483.3.peg.2525.site.16, 5, 146, 151
411483.3.peg.2525.site.17, 2, 149, 151
411483.3.peg.2525.site.18, 3, 147, 150
411483.3.peg.2525.site.19, 1, 147, 148
411483.3.peg.2525.site.20, 138, 148, 286
411483.3.peg.2525.site.21, 4, 144, 148
411483.3.peg.2525.site.22, 30, 140, 170
411483.3.peg.2525.site.23, 0, 138, 138
411483.3.peg.2525.site.24, 25, 132, 157
411483.3.peg.2525.site.25, 3, 137, 140
411483.3.peg.2525.site.26, 2, 133, 135
411483.3.peg.2525.site.27, 104, 127, 231
411483.3.peg.2525.site.28, 3, 134, 137
411483.3.peg.2525.site.29, 1, 132, 133
411483.3.peg.2525.site.30, 1, 122, 123
411483.3.peg.2525.site.31, 1, 130, 131
411483.3.peg.2525.site.32, 10, 119, 129
411483.3.peg.2525.site.33, 118, 129, 247
411483.3.peg.2525.site.34, 4, 136, 140
411483.3.peg.2525.site.35, 34, 126, 160
411483.3.peg.2525.site.36, 0, 133, 133
411483.3.peg.2525.site.37, 1, 132, 133
411483.3.peg.2525.site.38, 0, 133, 133
411483.3.peg.2525.site.39, 21, 126, 147
411483.3.peg.2525.site.40, 3, 139, 142
411483.3.peg.2525.site.41, 8, 135, 143
411483.3.peg.2525.site.42, 14, 130, 144
411483.3.peg.2525.site.43, 2, 136, 138
411483.3.peg.2525.site.44, 123, 123, 246
411483.3.peg.2525.site.45, 1, 134, 135
411483.3.peg.2525.site.46, 3, 135, 138
411483.3.peg.2525.site.47, 1, 138, 139
411483.3.peg.2525.site.48, 1, 138, 139
411483.3.peg.2525.site.49, 1, 143, 144
411483.3.peg.2525.site.50, 3, 143, 146
411483.3.peg.2525.site.51, 7, 139, 146
411483.3.peg.2525.site.52, 6, 146, 152
411483.3.peg.2525.site.53, 30, 140, 170
411483.3.peg.2525.site.54, 0, 141, 141
411483.3.peg.2525.site.55, 3, 142, 145
411483.3.peg.2525.site.56, 6, 144, 150
411483.3.peg.2525.site.57, 0, 135, 135
411483.3.peg.2525.site.58, 2, 133, 135
411483.3.peg.2525.site.59, 0, 128, 128
411483.3.peg.2525.site.60, 4, 138, 142
411483.3.peg.2525.site.61, 2, 139, 141
411483.3.peg.2525.site.62, 120, 129, 249
411483.3.peg.2525.site.63, 0, 139, 139
411483.3.peg.2525.site.64, 1, 143, 144
411483.3.peg.2525.site.65, 4, 141, 145
411483.3.peg.2525.site.66, 0, 141, 141
411483.3.peg.2525.site.67, 2, 145, 147
411483.3.peg.2525.site.68, 2, 146, 148
411483.3.peg.2525.site.69, 3, 144, 147
411483.3.peg.2525.site.70, 0, 140, 140
411483.3.peg.2525.site.71, 2, 132, 134
411483.3.peg.2525.site.72, 30, 138, 168
411483.3.peg.2525.site.73, 48, 124, 172
411483.3.peg.2525.site.74, 14, 140, 154
411483.3.peg.2525.site.75, 4, 149, 153
411483.3.peg.2525.site.76, 9, 142, 151
411483.3.peg.2525.site.77, 7, 148, 155
411483.3.peg.2525.site.78, 0, 148, 148
411483.3.peg.2525.site.79, 1, 152, 153
411483.3.peg.2525.site.80, 4, 152, 156
411483.3.peg.2525.site.81, 76, 141, 217
411483.3.peg.2525.site.82, 0, 151, 151
411483.3.peg.2525.site.83, 101, 139, 240
411483.3.peg.2525.site.84, 3, 137, 140
411483.3.peg.2525.site.85, 1, 140, 141
411483.3.peg.2525.site.86, 1, 139, 140
411483.3.peg.2525.site.87, 1, 140, 141
411483.3.peg.2525.site.88, 44, 123, 167
411483.3.peg.2526.site.1, 3, 144, 147
411483.3.peg.2526.site.2, 1, 144, 145
411483.3.peg.2526.site.3, 8, 143, 151
411483.3.peg.2526.site.4, 4, 139, 143
411483.3.peg.2526.site.5, 7, 140, 147
411483.3.peg.2526.site.6, 7, 144, 151
411483.3.peg.2526.site.7, 121, 142, 263
411483.3.peg.2526.site.8, 1, 150, 151
411483.3.peg.2526.site.9, 1, 152, 153
411483.3.peg.2526.site.10, 47, 133, 180
411483.3.peg.2526.site.11, 0, 147, 147
411483.3.peg.2526.site.12, 1, 150, 151
411483.3.peg.2526.site.13, 1, 145, 146
411483.3.peg.2526.site.14, 10, 145, 155
411483.3.peg.2526.site.15, 19, 137, 156
411483.3.peg.2526.site.16, 3, 144, 147
411483.3.peg.2526.site.17, 3, 141, 144
411483.3.peg.2526.site.18, 1, 139, 140
411483.3.peg.2526.site.19, 3, 144, 147
411483.3.peg.2526.site.20, 5, 140, 145
411483.3.peg.2526.site.21, 2, 141, 143
411483.3.peg.2526.site.22, 4, 140, 144
411483.3.peg.2526.site.23, 2, 143, 145
411483.3.peg.2526.site.24, 112, 135, 247
411483.3.peg.2526.site.25, 8, 144, 152
411483.3.peg.2526.site.26, 2, 143, 145
411483.3.peg.2526.site.27, 1, 143, 144
411483.3.peg.2526.site.28, 0, 140, 140
411483.3.peg.2526.site.29, 1, 137, 138
411483.3.peg.2526.site.30, 3, 130, 133
411483.3.peg.2526.site.31, 4, 136, 140
411483.3.peg.2526.site.32, 50, 120, 170
411483.3.peg.2526.site.33, 1, 124, 125
411483.3.peg.2526.site.34, 6, 123, 129
411483.3.peg.2526.site.35, 18, 120, 138
411483.3.peg.2526.site.36, 0, 136, 136
411483.3.peg.2526.site.37, 14, 137, 151
411483.3.peg.2526.site.38, 16, 144, 160
411483.3.peg.2526.site.39, 3, 146, 149
411483.3.peg.2526.site.40, 3, 147, 150
411483.3.peg.2526.site.41, 14, 147, 161
411483.3.peg.2526.site.42, 8, 149, 157
411483.3.peg.2526.site.43, 2, 153, 155
411483.3.peg.2526.site.44, 1, 152, 153
411483.3.peg.2526.site.45, 9, 154, 163
411483.3.peg.2526.site.46, 7, 150, 157
411483.3.peg.2526.site.47, 1, 149, 150
411483.3.peg.2526.site.48, 9, 146, 155
411483.3.peg.2526.site.49, 57, 143, 200
411483.3.peg.2526.site.50, 3, 146, 149
411483.3.peg.2526.site.51, 2, 147, 149
411483.3.peg.2526.site.52, 3, 148, 151
411483.3.peg.2526.site.53, 1, 148, 149
411483.3.peg.2526.site.54, 2, 149, 151
411483.3.peg.2526.site.55, 3, 143, 146
411483.3.peg.2526.site.56, 65, 142, 207
411483.3.peg.2526.site.57, 8, 149, 157
411483.3.peg.2526.site.58, 0, 149, 149
411483.3.peg.2526.site.59, 0, 149, 149
411483.3.peg.2526.site.60, 1, 149, 150
411483.3.peg.2526.site.61, 4, 143, 147
411483.3.peg.2526.site.62, 2, 140, 142
411483.3.peg.2526.site.63, 2, 122, 124
411483.3.peg.2526.site.64, 48, 66, 114
411483.3.peg.2526.site.65, 20, 60, 80
411483.3.peg.2527.site.1, 3, 153, 156
411483.3.peg.2527.site.2, 1, 154, 155
411483.3.peg.2527.site.3, 1, 153, 154
411483.3.peg.2527.site.4, 24, 144, 168
411483.3.peg.2527.site.5, 1, 152, 153
411483.3.peg.2527.site.6, 3, 155, 158
411483.3.peg.2527.site.7, 6, 152, 158
411483.3.peg.2527.site.8, 30, 145, 175
411483.3.peg.2527.site.9, 3, 155, 158
411483.3.peg.2527.site.10, 2, 155, 157
411483.3.peg.2527.site.11, 4, 155, 159
411483.3.peg.2527.site.12, 1, 152, 153
411483.3.peg.2527.site.13, 106, 143, 249
411483.3.peg.2527.site.14, 0, 154, 154
411483.3.peg.2527.site.15, 4, 149, 153
411483.3.peg.2527.site.16, 6, 153, 159
411483.3.peg.2527.site.17, 3, 154, 157
411483.3.peg.2527.site.18, 1, 155, 156
411483.3.peg.2527.site.19, 11, 151, 162
411483.3.peg.2527.site.20, 6, 150, 156
411483.3.peg.2527.site.21, 9, 152, 161
411483.3.peg.2527.site.22, 3, 151, 154
411483.3.peg.2527.site.23, 9, 149, 158
411483.3.peg.2527.site.24, 2, 151, 153
411483.3.peg.2527.site.25, 1, 153, 154
411483.3.peg.2527.site.26, 0, 149, 149
411483.3.peg.2527.site.27, 5, 150, 155
411483.3.peg.2527.site.28, 2, 145, 147
411483.3.peg.2527.site.29, 4, 142, 146
411483.3.peg.2527.site.30, 14, 142, 156
411483.3.peg.2527.site.31, 0, 134, 134
411483.3.peg.2527.site.32, 0, 137, 137
411483.3.peg.2527.site.33, 0, 141, 141
411483.3.peg.2527.site.34, 22, 141, 163
411483.3.peg.2527.site.35, 94, 139, 233
411483.3.peg.2527.site.36, 12, 148, 160
411483.3.peg.2527.site.37, 52, 138, 190
411483.3.peg.2527.site.38, 2, 146, 148
411483.3.peg.2527.site.39, 2, 146, 148
411483.3.peg.2527.site.40, 8, 142, 150
411483.3.peg.2520.site.1, 1, 141, 142
411483.3.peg.2520.site.2, 1, 146, 147
411483.3.peg.2520.site.3, 1, 148, 149
411483.3.peg.2520.site.4, 2, 150, 152
411483.3.peg.2520.site.5, 6, 149, 155
411483.3.peg.2520.site.6, 6, 150, 156
411483.3.peg.2520.site.7, 7, 153, 160
411483.3.peg.2520.site.8, 0, 153, 153
411483.3.peg.2520.site.9, 5, 146, 151
411483.3.peg.2520.site.10, 32, 143, 175
411483.3.peg.2521.site.1, 1, 147, 148
411483.3.peg.2521.site.2, 5, 149, 154
411483.3.peg.2521.site.3, 2, 140, 142
411483.3.peg.2521.site.4, 33, 131, 164
411483.3.peg.2521.site.5, 18, 139, 157
411483.3.peg.2521.site.6, 3, 141, 144
411483.3.peg.2521.site.7, 35, 130, 165
411483.3.peg.2521.site.8, 1, 131, 132
411483.3.peg.2521.site.9, 6, 129, 135
411483.3.peg.2521.site.10, 11, 143, 154
411483.3.peg.2521.site.11, 1, 144, 145
411483.3.peg.2521.site.12, 3, 151, 154
411483.3.peg.2521.site.13, 1, 151, 152
411483.3.peg.2521.site.14, 109, 142, 251
411483.3.peg.2521.site.15, 14, 139, 153
411483.3.peg.2521.site.16, 9, 143, 152
411483.3.peg.2521.site.17, 36, 141, 177
411483.3.peg.2521.site.18, 3, 148, 151
411483.3.peg.2521.site.19, 8, 146, 154
411483.3.peg.2521.site.20, 4, 149, 153
411483.3.peg.2521.site.21, 6, 145, 151
411483.3.peg.2521.site.22, 142, 145, 287
411483.3.peg.2521.site.23, 1, 148, 149
411483.3.peg.2521.site.24, 2, 144, 146
411483.3.peg.2521.site.25, 23, 139, 162
411483.3.peg.2521.site.26, 0, 139, 139
411483.3.peg.2521.site.27, 1, 137, 138
411483.3.peg.2521.site.28, 3, 144, 147
411483.3.peg.2521.site.29, 2, 146, 148
411483.3.peg.2521.site.30, 3, 143, 146
411483.3.peg.2521.site.31, 1, 141, 142
411483.3.peg.2521.site.32, 2, 144, 146
411483.3.peg.2521.site.33, 1, 142, 143
411483.3.peg.2521.site.34, 0, 146, 146
411483.3.peg.2521.site.35, 10, 144, 154
411483.3.peg.2521.site.36, 3, 146, 149
411483.3.peg.2521.site.37, 2, 135, 137
411483.3.peg.2521.site.38, 3, 145, 148
411483.3.peg.2521.site.39, 2, 147, 149
411483.3.peg.2521.site.40, 2, 149, 151
411483.3.peg.2521.site.41, 4, 140, 144
411483.3.peg.2521.site.42, 1, 132, 133
411483.3.peg.2521.site.43, 104, 113, 217
411483.3.peg.2521.site.44, 2, 114, 116
411483.3.peg.2521.site.45, 8, 106, 114
411483.3.peg.2521.site.46, 10, 97, 107
411483.3.peg.2521.site.47, 81, 103, 184
411483.3.peg.2521.site.48, 100, 102, 202
411483.3.peg.2521.site.49, 4, 138, 142
411483.3.peg.2521.site.50, 4, 145, 149
411483.3.peg.2521.site.51, 5, 147, 152
411483.3.peg.2521.site.52, 4, 148, 152
411483.3.peg.2521.site.53, 3, 152, 155
411483.3.peg.2521.site.54, 2, 153, 155
411483.3.peg.2521.site.55, 2, 151, 153
411483.3.peg.2521.site.56, 0, 152, 152
411483.3.peg.2521.site.57, 5, 148, 153
411483.3.peg.2521.site.58, 2, 149, 151
411483.3.peg.2521.site.59, 2, 151, 153
411483.3.peg.2521.site.60, 110, 139, 249
411483.3.peg.2521.site.61, 19, 146, 165
411483.3.peg.2521.site.62, 7, 153, 160
411483.3.peg.2522.site.1, 5, 154, 159
411483.3.peg.2522.site.2, 11, 151, 162
411483.3.peg.2522.site.3, 11, 151, 162
411483.3.peg.2522.site.4, 1, 155, 156
411483.3.peg.2522.site.5, 7, 154, 161
411483.3.peg.2522.site.6, 1, 152, 153
411483.3.peg.2522.site.7, 7, 153, 160
411483.3.peg.2522.site.8, 2, 153, 155
411483.3.peg.2522.site.9, 13, 148, 161
411483.3.peg.2522.site.10, 15, 152, 167
411483.3.peg.2522.site.11, 4, 153, 157
411483.3.peg.2522.site.12, 58, 148, 206
411483.3.peg.2522.site.13, 5, 155, 160
411483.3.peg.2522.site.14, 7, 153, 160
411483.3.peg.2522.site.15, 71, 141, 212
411483.3.peg.2522.site.16, 4, 154, 158
411483.3.peg.2522.site.17, 14, 149, 163
411483.3.peg.2522.site.18, 12, 153, 165
411483.3.peg.2522.site.19, 4, 153, 157
411483.3.peg.2522.site.20, 0, 153, 153
411483.3.peg.2522.site.21, 6, 149, 155
411483.3.peg.2522.site.22, 3, 150, 153
411483.3.peg.2522.site.23, 4, 149, 153
411483.3.peg.2522.site.24, 2, 153, 155
411483.3.peg.2522.site.25, 1, 152, 153
411483.3.peg.2522.site.26, 2, 151, 153
411483.3.peg.2522.site.27, 2, 153, 155
411483.3.peg.2522.site.28, 10, 154, 164
411483.3.peg.2522.site.29, 2, 154, 156
411483.3.peg.2522.site.30, 0, 154, 154
411483.3.peg.2522.site.31, 1, 155, 156
411483.3.peg.2522.site.32, 96, 148, 244
411483.3.peg.2522.site.33, 10, 150, 160
411483.3.peg.2522.site.34, 13, 152, 165
411483.3.peg.2522.site.35, 2, 154, 156
411483.3.peg.2522.site.36, 1, 155, 156
411483.3.peg.2522.site.37, 0, 152, 152
411483.3.peg.2522.site.38, 4, 154, 158
411483.3.peg.2522.site.39, 0, 155, 155
411483.3.peg.2522.site.40, 4, 155, 159
411483.3.peg.2522.site.41, 2, 154, 156
411483.3.peg.2522.site.42, 1, 153, 154
411483.3.peg.2522.site.43, 3, 154, 157
411483.3.peg.2522.site.44, 0, 154, 154
411483.3.peg.2522.site.45, 4, 151, 155
411483.3.peg.2522.site.46, 3, 155, 158
411483.3.peg.2522.site.47, 0, 153, 153
411483.3.peg.2522.site.48, 0, 151, 151
411483.3.peg.2522.site.49, 6, 155, 161
411483.3.peg.2522.site.50, 2, 152, 154
411483.3.peg.2522.site.51, 3, 152, 155
411483.3.peg.2522.site.52, 1, 148, 149
411483.3.peg.2522.site.53, 4, 147, 151
411483.3.peg.2522.site.54, 5, 146, 151
411483.3.peg.2522.site.55, 126, 139, 265
411483.3.peg.2522.site.56, 3, 146, 149
411483.3.peg.2522.site.57, 2, 141, 143
411483.3.peg.2522.site.58, 2, 150, 152
411483.3.peg.2522.site.59, 0, 151, 151
411483.3.peg.2522.site.60, 4, 148, 152
411483.3.peg.2522.site.61, 3, 144, 147
411483.3.peg.2522.site.62, 0, 142, 142
411483.3.peg.2522.site.63, 7, 137, 144
411483.3.peg.2522.site.64, 6, 137, 143
411483.3.peg.2522.site.65, 13, 143, 156
411483.3.peg.2522.site.66, 1, 147, 148
411483.3.peg.2522.site.67, 1, 153, 154
411483.3.peg.2522.site.68, 0, 152, 152
411483.3.peg.2522.site.69, 0, 151, 151
411483.3.peg.2522.site.70, 0, 152, 152
411483.3.peg.2522.site.71, 3, 149, 152
411483.3.peg.2522.site.72, 13, 151, 164
411483.3.peg.2522.site.73, 8, 148, 156
411483.3.peg.2522.site.74, 2, 153, 155
411483.3.peg.210.site.1, 0, 153, 153
411483.3.peg.210.site.2, 4, 153, 157
411483.3.peg.210.site.3, 3, 154, 157
411483.3.peg.210.site.4, 39, 141, 180
411483.3.peg.210.site.5, 37, 139, 176
411483.3.peg.210.site.6, 1, 149, 150
411483.3.peg.210.site.7, 0, 146, 146
411483.3.peg.210.site.8, 10, 145, 155
411483.3.peg.210.site.9, 1, 146, 147
411483.3.peg.210.site.10, 0, 143, 143
411483.3.peg.210.site.11, 7, 145, 152
411483.3.peg.210.site.12, 43, 144, 187
411483.3.peg.210.site.13, 2, 147, 149
411483.3.peg.210.site.14, 22, 142, 164
411483.3.peg.210.site.15, 142, 142, 284
411483.3.peg.210.site.16, 48, 137, 185
411483.3.peg.210.site.17, 6, 145, 151
411483.3.peg.210.site.18, 2, 141, 143
411483.3.peg.210.site.19, 132, 132, 264
411483.3.peg.210.site.20, 1, 132, 133
411483.3.peg.210.site.21, 32, 141, 173
411483.3.peg.210.site.22, 91, 138, 229
411483.3.peg.210.site.23, 2, 148, 150
411483.3.peg.210.site.24, 100, 139, 239
411483.3.peg.210.site.25, 7, 137, 144
411483.3.peg.210.site.26, 24, 142, 166
411483.3.peg.210.site.27, 3, 143, 146
411483.3.peg.210.site.28, 1, 142, 143
411483.3.peg.210.site.29, 4, 143, 147
411483.3.peg.210.site.30, 2, 145, 147
411483.3.peg.210.site.31, 2, 138, 140
411483.3.peg.210.site.32, 6, 142, 148
411483.3.peg.210.site.33, 2, 145, 147
411483.3.peg.210.site.34, 13, 140, 153
411483.3.peg.210.site.35, 2, 142, 144
411483.3.peg.210.site.36, 143, 143, 286
411483.3.peg.210.site.37, 10, 150, 160
411483.3.peg.210.site.38, 0, 148, 148
411483.3.peg.210.site.39, 1, 149, 150
411483.3.peg.210.site.40, 0, 144, 144
411483.3.peg.210.site.41, 28, 141, 169
411483.3.peg.210.site.42, 65, 141, 206
411483.3.peg.210.site.43, 140, 149, 289
411483.3.peg.210.site.44, 3, 150, 153
411483.3.peg.210.site.45, 33, 149, 182
411483.3.peg.210.site.46, 5, 153, 158
411483.3.peg.210.site.47, 2, 151, 153
411483.3.peg.210.site.48, 3, 154, 157
411483.3.peg.210.site.49, 75, 148, 223
411483.3.peg.210.site.50, 3, 154, 157
411483.3.peg.210.site.51, 59, 149, 208
411483.3.peg.210.site.52, 47, 147, 194
411483.3.peg.210.site.53, 13, 152, 165
411483.3.peg.210.site.54, 15, 152, 167
411483.3.peg.210.site.55, 1, 155, 156
411483.3.peg.210.site.56, 2, 155, 157
411483.3.peg.210.site.57, 2, 155, 157
411483.3.peg.210.site.58, 23, 146, 169
411483.3.peg.210.site.59, 8, 152, 160
411483.3.peg.210.site.60, 47, 147, 194
411483.3.peg.210.site.61, 5, 153, 158
411483.3.peg.210.site.62, 3, 154, 157
411483.3.peg.210.site.63, 2, 154, 156
411483.3.peg.210.site.64, 2, 154, 156
411483.3.peg.210.site.65, 4, 153, 157
411483.3.peg.210.site.66, 29, 148, 177
411483.3.peg.210.site.67, 2, 154, 156
411483.3.peg.210.site.68, 2, 154, 156
411483.3.peg.210.site.69, 25, 148, 173
411483.3.peg.210.site.70, 2, 154, 156
411483.3.peg.210.site.71, 0, 153, 153
411483.3.peg.210.site.72, 1, 155, 156
411483.3.peg.210.site.73, 3, 153, 156
411483.3.peg.210.site.74, 11, 152, 163
411483.3.peg.210.site.75, 0, 153, 153
411483.3.peg.210.site.76, 10, 147, 157
411483.3.peg.210.site.77, 1, 153, 154
411483.3.peg.210.site.78, 9, 150, 159
411483.3.peg.210.site.79, 21, 149, 170
411483.3.peg.210.site.80, 0, 154, 154
411483.3.peg.210.site.81, 4, 155, 159
411483.3.peg.210.site.82, 2, 153, 155
411483.3.peg.210.site.83, 0, 153, 153
411483.3.peg.210.site.84, 4, 147, 151
411483.3.peg.210.site.85, 4, 151, 155
411483.3.peg.210.site.86, 2, 153, 155
411483.3.peg.210.site.87, 85, 144, 229
411483.3.peg.210.site.88, 22, 151, 173
411483.3.peg.210.site.89, 6, 155, 161
411483.3.peg.210.site.90, 1, 155, 156
411483.3.peg.210.site.91, 5, 152, 157
411483.3.peg.210.site.92, 75, 140, 215
411483.3.peg.210.site.93, 2, 153, 155
411483.3.peg.210.site.94, 0, 154, 154
411483.3.peg.210.site.95, 0, 153, 153
411483.3.peg.210.site.96, 121, 151, 272
411483.3.peg.210.site.97, 73, 144, 217
411483.3.peg.210.site.98, 3, 153, 156
411483.3.peg.210.site.99, 7, 151, 158
411483.3.peg.210.site.100, 2, 152, 154
411483.3.peg.210.site.101, 1, 154, 155
411483.3.peg.210.site.102, 39, 144, 183
411483.3.peg.210.site.103, 5, 154, 159
411483.3.peg.210.site.104, 15, 149, 164
411483.3.peg.210.site.105, 15, 155, 170
411483.3.peg.210.site.106, 5, 155, 160
411483.3.peg.210.site.107, 2, 154, 156
411483.3.peg.210.site.108, 131, 151, 282
411483.3.peg.2094.site.1, 2, 124, 126
411483.3.peg.2094.site.2, 2, 127, 129
411483.3.peg.2094.site.3, 7, 127, 134
411483.3.peg.2094.site.4, 2, 129, 131
411483.3.peg.2094.site.5, 1, 126, 127
411483.3.peg.2094.site.6, 0, 134, 134
411483.3.peg.2094.site.7, 8, 120, 128
411483.3.peg.2094.site.8, 1, 133, 134
411483.3.peg.2094.site.9, 3, 141, 144
411483.3.peg.2094.site.10, 1, 143, 144
411483.3.peg.2094.site.11, 1, 143, 144
411483.3.peg.2094.site.12, 16, 140, 156
411483.3.peg.2094.site.13, 3, 146, 149
411483.3.peg.2094.site.14, 131, 143, 274
411483.3.peg.2094.site.15, 0, 145, 145
411483.3.peg.2094.site.16, 5, 142, 147
411483.3.peg.2094.site.17, 2, 145, 147
411483.3.peg.2094.site.18, 7, 147, 154
411483.3.peg.2094.site.19, 3, 131, 134
411483.3.peg.2094.site.20, 13, 133, 146
411483.3.peg.2094.site.21, 0, 136, 136
411483.3.peg.2094.site.22, 126, 138, 264
411483.3.peg.2094.site.23, 100, 130, 230
411483.3.peg.2094.site.24, 8, 135, 143
411483.3.peg.2094.site.25, 47, 131, 178
411483.3.peg.2094.site.26, 74, 132, 206
411483.3.peg.2094.site.27, 24, 143, 167
411483.3.peg.2094.site.28, 4, 150, 154
411483.3.peg.2094.site.29, 0, 152, 152
411483.3.peg.2094.site.30, 3, 147, 150
411483.3.peg.2094.site.31, 71, 142, 213
411483.3.peg.2094.site.32, 3, 147, 150
411483.3.peg.2094.site.33, 0, 150, 150
411483.3.peg.2094.site.34, 11, 146, 157
411483.3.peg.2094.site.35, 0, 148, 148
411483.3.peg.2094.site.36, 1, 142, 143
411483.3.peg.2094.site.37, 1, 145, 146
411483.3.peg.2094.site.38, 0, 141, 141
411483.3.peg.2094.site.39, 43, 140, 183
411483.3.peg.2094.site.40, 2, 148, 150
411483.3.peg.2094.site.41, 2, 138, 140
411483.3.peg.2094.site.42, 66, 133, 199
411483.3.peg.2094.site.43, 3, 128, 131
411483.3.peg.2094.site.44, 2, 122, 124
411483.3.peg.2094.site.45, 7, 103, 110
411483.3.peg.2094.site.46, 13, 98, 111
411483.3.peg.2094.site.47, 1, 110, 111
411483.3.peg.2094.site.48, 47, 111, 158
411483.3.peg.2094.site.49, 36, 120, 156
411483.3.peg.2094.site.50, 4, 133, 137
411483.3.peg.2094.site.51, 13, 144, 157
411483.3.peg.2094.site.52, 21, 139, 160
411483.3.peg.2094.site.53, 5, 143, 148
411483.3.peg.2094.site.54, 6, 144, 150
411483.3.peg.2094.site.55, 1, 151, 152
411483.3.peg.2094.site.56, 2, 144, 146
411483.3.peg.2094.site.57, 1, 138, 139
411483.3.peg.2094.site.58, 1, 141, 142
411483.3.peg.2094.site.59, 5, 142, 147
411483.3.peg.2094.site.60, 9, 129, 138
411483.3.peg.2094.site.61, 4, 117, 121
411483.3.peg.2094.site.62, 6, 130, 136
411483.3.peg.2094.site.63, 3, 122, 125
411483.3.peg.2094.site.64, 1, 115, 116
411483.3.peg.2094.site.65, 22, 100, 122
411483.3.peg.2094.site.66, 18, 97, 115
411483.3.peg.2094.site.67, 16, 107, 123
411483.3.peg.2094.site.68, 6, 109, 115
411483.3.peg.2094.site.69, 9, 97, 106
411483.3.peg.2094.site.70, 40, 100, 140
411483.3.peg.2094.site.71, 5, 105, 110
411483.3.peg.2094.site.72, 6, 95, 101
411483.3.peg.2094.site.73, 17, 91, 108
411483.3.peg.2096.site.1, 0, 145, 145
411483.3.peg.2096.site.2, 0, 138, 138
411483.3.peg.2096.site.3, 0, 127, 127
411483.3.peg.2096.site.4, 1, 142, 143
411483.3.peg.2096.site.5, 1, 143, 144
411483.3.peg.2096.site.6, 1, 149, 150
411483.3.peg.2096.site.7, 0, 151, 151
411483.3.peg.2096.site.8, 0, 152, 152
411483.3.peg.2096.site.9, 1, 149, 150
411483.3.peg.2096.site.10, 13, 149, 162
411483.3.peg.2096.site.11, 5, 149, 154
411483.3.peg.2096.site.12, 1, 153, 154
411483.3.peg.2096.site.13, 7, 153, 160
411483.3.peg.2096.site.14, 17, 150, 167
411483.3.peg.2096.site.15, 0, 152, 152
411483.3.peg.2096.site.16, 18, 148, 166
411483.3.peg.2096.site.17, 2, 152, 154
411483.3.peg.2096.site.18, 1, 150, 151
411483.3.peg.2096.site.19, 17, 139, 156
411483.3.peg.2096.site.20, 0, 152, 152
411483.3.peg.2096.site.21, 16, 143, 159
411483.3.peg.2096.site.22, 0, 153, 153
411483.3.peg.2096.site.23, 4, 146, 150
411483.3.peg.2096.site.24, 0, 151, 151
411483.3.peg.2096.site.25, 0, 153, 153
411483.3.peg.2096.site.26, 0, 151, 151
411483.3.peg.2096.site.27, 8, 144, 152
411483.3.peg.2096.site.28, 2, 143, 145
411483.3.peg.2096.site.29, 13, 144, 157
411483.3.peg.2096.site.30, 1, 145, 146
411483.3.peg.2097.site.1, 0, 154, 154
411483.3.peg.2097.site.2, 3, 152, 155
411483.3.peg.2097.site.3, 15, 147, 162
411483.3.peg.2097.site.4, 2, 155, 157
411483.3.peg.2097.site.5, 18, 145, 163
411483.3.peg.2097.site.6, 2, 154, 156
411483.3.peg.2097.site.7, 4, 153, 157
411483.3.peg.2097.site.8, 2, 150, 152
411483.3.peg.2097.site.9, 133, 151, 284
411483.3.peg.2097.site.10, 1, 153, 154
411483.3.peg.2097.site.11, 5, 151, 156
411483.3.peg.2097.site.12, 3, 152, 155
411483.3.peg.2097.site.13, 141, 153, 294
411483.3.peg.2097.site.14, 0, 154, 154
411483.3.peg.2097.site.15, 13, 148, 161
411483.3.peg.2097.site.16, 13, 150, 163
411483.3.peg.2097.site.17, 4, 153, 157
411483.3.peg.2097.site.18, 5, 153, 158
411483.3.peg.2097.site.19, 8, 151, 159
411483.3.peg.2097.site.20, 32, 142, 174
411483.3.peg.2097.site.21, 2, 152, 154
411483.3.peg.2097.site.22, 15, 148, 163
411483.3.peg.2097.site.23, 3, 148, 151
411483.3.peg.2097.site.24, 76, 136, 212
411483.3.peg.2097.site.25, 0, 150, 150
411483.3.peg.2097.site.26, 5, 150, 155
411483.3.peg.2097.site.27, 18, 146, 164
411483.3.peg.2097.site.28, 13, 140, 153
411483.3.peg.2097.site.29, 0, 143, 143
411483.3.peg.2097.site.30, 108, 130, 238
411483.3.peg.2097.site.31, 4, 120, 124
411483.3.peg.2097.site.32, 2, 144, 146
411483.3.peg.2097.site.33, 4, 138, 142
411483.3.peg.2097.site.34, 1, 145, 146
411483.3.peg.2097.site.35, 1, 140, 141
411483.3.peg.2097.site.36, 1, 146, 147
411483.3.peg.2097.site.37, 73, 125, 198
411483.3.peg.2097.site.38, 12, 131, 143
411483.3.peg.2097.site.39, 32, 129, 161
411483.3.peg.2097.site.40, 4, 132, 136
411483.3.peg.2097.site.41, 1, 134, 135
411483.3.peg.2097.site.42, 1, 136, 137
411483.3.peg.2097.site.43, 124, 140, 264
411483.3.peg.2097.site.44, 4, 140, 144
411483.3.peg.2097.site.45, 4, 144, 148
411483.3.peg.2097.site.46, 1, 143, 144
411483.3.peg.2097.site.47, 7, 141, 148
411483.3.peg.2097.site.48, 3, 147, 150
411483.3.peg.2097.site.49, 2, 149, 151
411483.3.peg.2097.site.50, 1, 154, 155
411483.3.peg.2097.site.51, 7, 152, 159
411483.3.peg.2097.site.52, 1, 150, 151
411483.3.peg.2097.site.53, 2, 154, 156
411483.3.peg.2097.site.54, 2, 151, 153
411483.3.peg.2090.site.1, 0, 145, 145
411483.3.peg.2090.site.2, 4, 153, 157
411483.3.peg.2090.site.3, 0, 154, 154
411483.3.peg.2090.site.4, 0, 154, 154
411483.3.peg.2090.site.5, 1, 150, 151
411483.3.peg.2090.site.6, 2, 147, 149
411483.3.peg.2090.site.7, 0, 145, 145
411483.3.peg.2090.site.8, 0, 144, 144
411483.3.peg.2090.site.9, 61, 127, 188
411483.3.peg.2090.site.10, 3, 139, 142
411483.3.peg.2090.site.11, 0, 145, 145
411483.3.peg.2090.site.12, 1, 144, 145
411483.3.peg.2090.site.13, 2, 147, 149
411483.3.peg.2090.site.14, 1, 150, 151
411483.3.peg.2090.site.15, 10, 145, 155
411483.3.peg.2090.site.16, 1, 152, 153
411483.3.peg.2090.site.17, 0, 153, 153
411483.3.peg.2090.site.18, 4, 152, 156
411483.3.peg.2090.site.19, 3, 153, 156
411483.3.peg.2090.site.20, 0, 150, 150
411483.3.peg.2090.site.21, 1, 150, 151
411483.3.peg.2090.site.22, 1, 150, 151
411483.3.peg.2090.site.23, 122, 143, 265
411483.3.peg.2090.site.24, 4, 151, 155
411483.3.peg.2090.site.25, 3, 149, 152
411483.3.peg.2090.site.26, 2, 148, 150
411483.3.peg.2090.site.27, 0, 146, 146
411483.3.peg.2090.site.28, 12, 144, 156
411483.3.peg.2090.site.29, 49, 126, 175
411483.3.peg.2090.site.30, 9, 141, 150
411483.3.peg.2090.site.31, 1, 139, 140
411483.3.peg.2090.site.32, 0, 140, 140
411483.3.peg.2090.site.33, 2, 137, 139
411483.3.peg.2090.site.34, 3, 138, 141
411483.3.peg.2090.site.35, 1, 140, 141
411483.3.peg.2090.site.36, 1, 140, 141
411483.3.peg.2090.site.37, 24, 124, 148
411483.3.peg.2090.site.38, 5, 133, 138
411483.3.peg.2090.site.39, 119, 131, 250
411483.3.peg.2090.site.40, 0, 139, 139
411483.3.peg.2090.site.41, 7, 144, 151
411483.3.peg.2090.site.42, 26, 134, 160
411483.3.peg.2090.site.43, 62, 134, 196
411483.3.peg.2090.site.44, 1, 147, 148
411483.3.peg.2090.site.45, 0, 150, 150
411483.3.peg.2090.site.46, 3, 145, 148
411483.3.peg.2090.site.47, 3, 147, 150
411483.3.peg.2090.site.48, 57, 144, 201
411483.3.peg.2090.site.49, 3, 149, 152
411483.3.peg.2090.site.50, 2, 147, 149
411483.3.peg.2090.site.51, 10, 149, 159
411483.3.peg.2090.site.52, 4, 147, 151
411483.3.peg.2090.site.53, 0, 147, 147
411483.3.peg.2090.site.54, 48, 134, 182
411483.3.peg.2090.site.55, 0, 143, 143
411483.3.peg.2090.site.56, 5, 149, 154
411483.3.peg.2090.site.57, 17, 143, 160
411483.3.peg.2090.site.58, 3, 152, 155
411483.3.peg.2090.site.59, 116, 142, 258
411483.3.peg.2090.site.60, 1, 146, 147
411483.3.peg.2091.site.1, 0, 152, 152
411483.3.peg.2091.site.2, 9, 148, 157
411483.3.peg.2091.site.3, 0, 152, 152
411483.3.peg.2091.site.4, 27, 150, 177
411483.3.peg.2091.site.5, 2, 154, 156
411483.3.peg.2091.site.6, 37, 152, 189
411483.3.peg.2091.site.7, 1, 154, 155
411483.3.peg.2091.site.8, 2, 154, 156
411483.3.peg.2091.site.9, 8, 154, 162
411483.3.peg.2091.site.10, 4, 155, 159
411483.3.peg.2091.site.11, 7, 152, 159
411483.3.peg.2091.site.12, 9, 152, 161
411483.3.peg.2091.site.13, 3, 152, 155
411483.3.peg.2091.site.14, 14, 149, 163
411483.3.peg.2091.site.15, 1, 154, 155
411483.3.peg.2091.site.16, 1, 155, 156
411483.3.peg.2091.site.17, 9, 150, 159
411483.3.peg.2091.site.18, 0, 153, 153
411483.3.peg.2091.site.19, 41, 150, 191
411483.3.peg.2091.site.20, 0, 154, 154
411483.3.peg.2091.site.21, 15, 149, 164
411483.3.peg.2091.site.22, 98, 150, 248
411483.3.peg.2091.site.23, 1, 155, 156
411483.3.peg.2091.site.24, 0, 154, 154
411483.3.peg.2092.site.1, 5, 153, 158
411483.3.peg.2092.site.2, 6, 151, 157
411483.3.peg.2092.site.3, 3, 153, 156
411483.3.peg.2092.site.4, 107, 144, 251
411483.3.peg.2092.site.5, 1, 148, 149
411483.3.peg.2092.site.6, 2, 151, 153
411483.3.peg.2092.site.7, 1, 147, 148
411483.3.peg.2092.site.8, 2, 148, 150
411483.3.peg.2092.site.9, 0, 145, 145
411483.3.peg.2092.site.10, 1, 146, 147
411483.3.peg.2092.site.11, 3, 147, 150
411483.3.peg.2092.site.12, 1, 150, 151
411483.3.peg.2092.site.13, 4, 150, 154
411483.3.peg.2092.site.14, 2, 152, 154
411483.3.peg.2092.site.15, 3, 150, 153
411483.3.peg.2092.site.16, 0, 149, 149
411483.3.peg.2092.site.17, 3, 149, 152
411483.3.peg.2092.site.18, 2, 151, 153
411483.3.peg.2092.site.19, 4, 149, 153
411483.3.peg.2092.site.20, 0, 149, 149
411483.3.peg.2092.site.21, 4, 146, 150
411483.3.peg.2092.site.22, 2, 154, 156
411483.3.peg.2092.site.23, 3, 154, 157
411483.3.peg.2092.site.24, 1, 153, 154
411483.3.peg.2092.site.25, 2, 154, 156
411483.3.peg.2092.site.26, 0, 155, 155
411483.3.peg.2092.site.27, 2, 153, 155
411483.3.peg.2092.site.28, 38, 147, 185
411483.3.peg.2092.site.29, 5, 153, 158
411483.3.peg.2092.site.30, 1, 153, 154
411483.3.peg.2092.site.31, 19, 147, 166
411483.3.peg.2092.site.32, 0, 146, 146
411483.3.peg.2092.site.33, 8, 132, 140
411483.3.peg.2092.site.34, 0, 151, 151
411483.3.peg.2092.site.35, 2, 152, 154
411483.3.peg.2092.site.36, 1, 154, 155
411483.3.peg.2092.site.37, 12, 153, 165
411483.3.peg.2092.site.38, 0, 148, 148
411483.3.peg.2092.site.39, 4, 150, 154
411483.3.peg.2092.site.40, 4, 154, 158
411483.3.peg.2093.site.1, 0, 155, 155
411483.3.peg.2093.site.2, 4, 155, 159
411483.3.peg.2093.site.3, 6, 151, 157
411483.3.peg.2093.site.4, 2, 152, 154
411483.3.peg.2093.site.5, 1, 153, 154
411483.3.peg.2093.site.6, 0, 153, 153
411483.3.peg.2093.site.7, 0, 152, 152
411483.3.peg.2093.site.8, 2, 150, 152
411483.3.peg.2093.site.9, 3, 139, 142
411483.3.peg.2093.site.10, 1, 146, 147
411483.3.peg.2093.site.11, 1, 149, 150
411483.3.peg.2093.site.12, 4, 141, 145
411483.3.peg.2093.site.13, 85, 133, 218
411483.3.peg.2093.site.14, 3, 134, 137
411483.3.peg.2093.site.15, 0, 136, 136
411483.3.peg.2093.site.16, 1, 134, 135
411483.3.peg.2093.site.17, 3, 139, 142
411483.3.peg.2093.site.18, 1, 137, 138
411483.3.peg.2093.site.19, 123, 138, 261
411483.3.peg.2093.site.20, 2, 142, 144
411483.3.peg.2093.site.21, 0, 149, 149
411483.3.peg.2093.site.22, 2, 150, 152
411483.3.peg.2093.site.23, 0, 150, 150
411483.3.peg.2093.site.24, 1, 150, 151
411483.3.peg.2093.site.25, 1, 154, 155
411483.3.peg.2093.site.26, 1, 151, 152
411483.3.peg.2093.site.27, 1, 153, 154
411483.3.peg.2093.site.28, 0, 152, 152
411483.3.peg.2093.site.29, 28, 148, 176
411483.3.peg.2093.site.30, 1, 154, 155
411483.3.peg.2093.site.31, 1, 154, 155
411483.3.peg.2093.site.32, 49, 147, 196
411483.3.peg.2093.site.33, 31, 150, 181
411483.3.peg.2093.site.34, 1, 152, 153
411483.3.peg.2093.site.35, 2, 155, 157
411483.3.peg.2093.site.36, 0, 154, 154
411483.3.peg.2093.site.37, 4, 153, 157
411483.3.peg.2093.site.38, 2, 153, 155
411483.3.peg.2093.site.39, 2, 155, 157
411483.3.peg.2093.site.40, 0, 154, 154
411483.3.peg.2093.site.41, 4, 150, 154
411483.3.peg.2093.site.42, 35, 147, 182
411483.3.peg.2093.site.43, 31, 148, 179
411483.3.peg.2093.site.44, 3, 155, 158
411483.3.peg.2093.site.45, 32, 150, 182
411483.3.peg.2093.site.46, 2, 154, 156
411483.3.peg.2093.site.47, 2, 155, 157
411483.3.peg.2093.site.48, 4, 154, 158
411483.3.peg.2093.site.49, 1, 152, 153
411483.3.peg.2093.site.50, 2, 153, 155
411483.3.peg.2093.site.51, 1, 153, 154
411483.3.peg.2093.site.52, 1, 154, 155
411483.3.peg.2093.site.53, 1, 154, 155
411483.3.peg.2093.site.54, 1, 154, 155
411483.3.peg.2093.site.55, 2, 150, 152
411483.3.peg.2093.site.56, 0, 152, 152
411483.3.peg.2093.site.57, 3, 154, 157
411483.3.peg.2093.site.58, 3, 153, 156
411483.3.peg.2093.site.59, 4, 153, 157
411483.3.peg.2093.site.60, 1, 155, 156
411483.3.peg.2093.site.61, 2, 153, 155
411483.3.peg.2093.site.62, 2, 152, 154
411483.3.peg.2093.site.63, 2, 154, 156
411483.3.peg.2093.site.64, 6, 151, 157
411483.3.peg.2093.site.65, 1, 155, 156
411483.3.peg.2093.site.66, 8, 154, 162
411483.3.peg.2093.site.67, 66, 142, 208
411483.3.peg.2093.site.68, 5, 151, 156
411483.3.peg.2093.site.69, 0, 150, 150
411483.3.peg.2093.site.70, 23, 146, 169
411483.3.peg.2093.site.71, 1, 148, 149
411483.3.peg.2093.site.72, 1, 153, 154
411483.3.peg.2093.site.73, 4, 152, 156
411483.3.peg.2093.site.74, 0, 153, 153
411483.3.peg.2093.site.75, 0, 153, 153
411483.3.peg.2093.site.76, 11, 148, 159
411483.3.peg.2093.site.77, 8, 151, 159
411483.3.peg.2093.site.78, 13, 147, 160
411483.3.peg.2093.site.79, 1, 154, 155
411483.3.peg.2093.site.80, 82, 148, 230
411483.3.peg.2093.site.81, 4, 154, 158
411483.3.peg.2093.site.82, 1, 153, 154
411483.3.peg.2093.site.83, 2, 153, 155
411483.3.peg.2093.site.84, 3, 152, 155
411483.3.peg.2093.site.85, 1, 152, 153
411483.3.peg.2093.site.86, 1, 153, 154
411483.3.peg.2093.site.87, 1, 152, 153
411483.3.peg.2093.site.88, 146, 155, 301
411483.3.peg.217.site.1, 0, 110, 110
411483.3.peg.217.site.2, 13, 130, 143
411483.3.peg.217.site.3, 12, 139, 151
411483.3.peg.217.site.4, 2, 136, 138
411483.3.peg.217.site.5, 1, 141, 142
411483.3.peg.217.site.6, 31, 132, 163
411483.3.peg.217.site.7, 9, 136, 145
411483.3.peg.217.site.8, 2, 136, 138
411483.3.peg.217.site.9, 0, 136, 136
411483.3.peg.217.site.10, 0, 133, 133
411483.3.peg.217.site.11, 1, 142, 143
411483.3.peg.217.site.12, 120, 138, 258
411483.3.peg.217.site.13, 2, 148, 150
411483.3.peg.217.site.14, 9, 146, 155
411483.3.peg.217.site.15, 1, 151, 152
411483.3.peg.217.site.16, 9, 146, 155
411483.3.peg.217.site.17, 43, 145, 188
411483.3.peg.217.site.18, 4, 153, 157
411483.3.peg.217.site.19, 36, 143, 179
411483.3.peg.217.site.20, 5, 151, 156
411483.3.peg.217.site.21, 1, 152, 153
411483.3.peg.217.site.22, 73, 139, 212
411483.3.peg.217.site.23, 8, 144, 152
411483.3.peg.217.site.24, 7, 148, 155
411483.3.peg.217.site.25, 21, 144, 165
411483.3.peg.217.site.26, 3, 147, 150
411483.3.peg.217.site.27, 3, 143, 146
411483.3.peg.217.site.28, 2, 148, 150
411483.3.peg.217.site.29, 35, 139, 174
411483.3.peg.217.site.30, 18, 136, 154
411483.3.peg.217.site.31, 1, 146, 147
411483.3.peg.217.site.32, 17, 145, 162
411483.3.peg.217.site.33, 58, 132, 190
411483.3.peg.217.site.34, 21, 150, 171
411483.3.peg.217.site.35, 13, 148, 161
411483.3.peg.217.site.36, 10, 155, 165
411483.3.peg.217.site.37, 36, 145, 181
411483.3.peg.217.site.38, 3, 154, 157
411483.3.peg.217.site.39, 16, 150, 166
411483.3.peg.217.site.40, 6, 153, 159
411483.3.peg.217.site.41, 1, 151, 152
411483.3.peg.217.site.42, 0, 147, 147
411483.3.peg.217.site.43, 15, 149, 164
411483.3.peg.217.site.44, 2, 149, 151
411483.3.peg.217.site.45, 3, 145, 148
411483.3.peg.217.site.46, 1, 142, 143
411483.3.peg.217.site.47, 0, 141, 141
411483.3.peg.217.site.48, 124, 138, 262
411483.3.peg.217.site.49, 13, 144, 157
411483.3.peg.217.site.50, 81, 139, 220
411483.3.peg.217.site.51, 0, 151, 151
411483.3.peg.217.site.52, 15, 145, 160
411483.3.peg.216.site.1, 1, 155, 156
411483.3.peg.216.site.2, 17, 146, 163
411483.3.peg.216.site.3, 1, 155, 156
411483.3.peg.216.site.4, 3, 150, 153
411483.3.peg.216.site.5, 1, 150, 151
411483.3.peg.216.site.6, 1, 144, 145
411483.3.peg.216.site.7, 1, 150, 151
411483.3.peg.216.site.8, 2, 146, 148
411483.3.peg.216.site.9, 2, 152, 154
411483.3.peg.216.site.10, 1, 147, 148
411483.3.peg.216.site.11, 15, 135, 150
411483.3.peg.216.site.12, 14, 135, 149
411483.3.peg.216.site.13, 102, 107, 209
411483.3.peg.216.site.14, 118, 119, 237
411483.3.peg.216.site.15, 80, 115, 195
411483.3.peg.216.site.16, 71, 118, 189
411483.3.peg.216.site.17, 70, 122, 192
411483.3.peg.216.site.18, 1, 138, 139
411483.3.peg.216.site.19, 5, 142, 147
411483.3.peg.216.site.20, 3, 143, 146
411483.3.peg.216.site.21, 8, 146, 154
411483.3.peg.216.site.22, 4, 140, 144
411483.3.peg.216.site.23, 3, 136, 139
411483.3.peg.216.site.24, 2, 145, 147
411483.3.peg.216.site.25, 59, 136, 195
411483.3.peg.216.site.26, 58, 134, 192
411483.3.peg.216.site.27, 6, 141, 147
411483.3.peg.216.site.28, 2, 147, 149
411483.3.peg.216.site.29, 8, 150, 158
411483.3.peg.216.site.30, 22, 142, 164
411483.3.peg.216.site.31, 3, 145, 148
411483.3.peg.216.site.32, 4, 147, 151
411483.3.peg.216.site.33, 2, 151, 153
411483.3.peg.216.site.34, 128, 139, 267
411483.3.peg.216.site.35, 1, 153, 154
411483.3.peg.216.site.36, 25, 146, 171
411483.3.peg.216.site.37, 30, 148, 178
411483.3.peg.216.site.38, 7, 150, 157
411483.3.peg.216.site.39, 6, 148, 154
411483.3.peg.216.site.40, 0, 154, 154
411483.3.peg.216.site.41, 0, 154, 154
411483.3.peg.216.site.42, 27, 153, 180
411483.3.peg.216.site.43, 1, 154, 155
411483.3.peg.216.site.44, 2, 155, 157
411483.3.peg.216.site.45, 5, 154, 159
411483.3.peg.216.site.46, 0, 154, 154
411483.3.peg.216.site.47, 24, 147, 171
411483.3.peg.216.site.48, 3, 154, 157
411483.3.peg.216.site.49, 4, 154, 158
411483.3.peg.216.site.50, 3, 155, 158
411483.3.peg.216.site.51, 122, 128, 250
411483.3.peg.216.site.52, 4, 130, 134
411483.3.peg.216.site.53, 24, 112, 136
411483.3.peg.216.site.54, 5, 95, 100
411483.3.peg.216.site.55, 3, 90, 93
411483.3.peg.216.site.56, 4, 80, 84
411483.3.peg.216.site.57, 5, 79, 84
411483.3.peg.216.site.58, 3, 74, 77
411483.3.peg.216.site.59, 2, 78, 80
411483.3.peg.2410.site.1, 19, 136, 155
411483.3.peg.2410.site.2, 76, 130, 206
411483.3.peg.2410.site.3, 0, 137, 137
411483.3.peg.2410.site.4, 2, 147, 149
411483.3.peg.2410.site.5, 64, 133, 197
411483.3.peg.2410.site.6, 2, 146, 148
411483.3.peg.2410.site.7, 15, 143, 158
411483.3.peg.2410.site.8, 2, 143, 145
411483.3.peg.2410.site.9, 2, 146, 148
411483.3.peg.2410.site.10, 135, 139, 274
411483.3.peg.2410.site.11, 140, 146, 286
411483.3.peg.2410.site.12, 38, 140, 178
411483.3.peg.2410.site.13, 36, 138, 174
411483.3.peg.2410.site.14, 3, 149, 152
411483.3.peg.2410.site.15, 11, 150, 161
411483.3.peg.2410.site.16, 1, 153, 154
411483.3.peg.2410.site.17, 43, 144, 187
411483.3.peg.2410.site.18, 0, 153, 153
411483.3.peg.2410.site.19, 52, 138, 190
411483.3.peg.2410.site.20, 44, 147, 191
411483.3.peg.2410.site.21, 1, 153, 154
411483.3.peg.2410.site.22, 2, 155, 157
411483.3.peg.2410.site.23, 1, 155, 156
411483.3.peg.2410.site.24, 54, 144, 198
411483.3.peg.2410.site.25, 7, 152, 159
411483.3.peg.2410.site.26, 0, 154, 154
411483.3.peg.2410.site.27, 0, 153, 153
411483.3.peg.2410.site.28, 1, 154, 155
411483.3.peg.2410.site.29, 7, 150, 157
411483.3.peg.2410.site.30, 0, 153, 153
411483.3.peg.2410.site.31, 1, 150, 151
411483.3.peg.2410.site.32, 4, 146, 150
411483.3.peg.2410.site.33, 135, 144, 279
411483.3.peg.2410.site.34, 3, 139, 142
411483.3.peg.2410.site.35, 2, 139, 141
411483.3.peg.2410.site.36, 9, 127, 136
411483.3.peg.2410.site.37, 1, 130, 131
411483.3.peg.2410.site.38, 138, 140, 278
411483.3.peg.2410.site.39, 11, 137, 148
411483.3.peg.2410.site.40, 8, 140, 148
411483.3.peg.2410.site.41, 1, 137, 138
411483.3.peg.2410.site.42, 1, 153, 154
411483.3.peg.2410.site.43, 153, 153, 306
411483.3.peg.2410.site.44, 3, 154, 157
411483.3.peg.2410.site.45, 1, 153, 154
411483.3.peg.2410.site.46, 1, 151, 152
411483.3.peg.2410.site.47, 151, 154, 305
411483.3.peg.2410.site.48, 3, 152, 155
411483.3.peg.2410.site.49, 3, 153, 156
411483.3.peg.2410.site.50, 6, 150, 156
411483.3.peg.2410.site.51, 1, 153, 154
411483.3.peg.2410.site.52, 51, 124, 175
411483.3.peg.2410.site.53, 1, 147, 148
411483.3.peg.2410.site.54, 4, 147, 151
411483.3.peg.2410.site.55, 5, 148, 153
411483.3.peg.2410.site.56, 1, 149, 150
411483.3.peg.2410.site.57, 1, 149, 150
411483.3.peg.2410.site.58, 25, 146, 171
411483.3.peg.2410.site.59, 5, 146, 151
411483.3.peg.2410.site.60, 4, 139, 143
411483.3.peg.2410.site.61, 2, 136, 138
411483.3.peg.2410.site.62, 9, 140, 149
411483.3.peg.2410.site.63, 1, 143, 144
411483.3.peg.2410.site.64, 0, 151, 151
411483.3.peg.2410.site.65, 3, 152, 155
411483.3.peg.2410.site.66, 10, 149, 159
411483.3.peg.2410.site.67, 3, 153, 156
411483.3.peg.2410.site.68, 1, 154, 155
411483.3.peg.2410.site.69, 2, 151, 153
411483.3.peg.2410.site.70, 0, 152, 152
411483.3.peg.2410.site.71, 0, 151, 151
411483.3.peg.2410.site.72, 1, 154, 155
411483.3.peg.2410.site.73, 10, 148, 158
411483.3.peg.2410.site.74, 52, 140, 192
411483.3.peg.2410.site.75, 0, 155, 155
411483.3.peg.2410.site.76, 1, 155, 156
411483.3.peg.2410.site.77, 6, 153, 159
411483.3.peg.2410.site.78, 0, 150, 150
411483.3.peg.2410.site.79, 2, 154, 156
411483.3.peg.2410.site.80, 6, 154, 160
411483.3.peg.2410.site.81, 0, 150, 150
411483.3.peg.2411.site.1, 2, 102, 104
411483.3.peg.2411.site.2, 6, 124, 130
411483.3.peg.2411.site.3, 2, 147, 149
411483.3.peg.2411.site.4, 9, 137, 146
411483.3.peg.2411.site.5, 1, 136, 137
411483.3.peg.2411.site.6, 10, 137, 147
411483.3.peg.2411.site.7, 3, 144, 147
411483.3.peg.2411.site.8, 20, 138, 158
411483.3.peg.2411.site.9, 87, 137, 224
411483.3.peg.2411.site.10, 54, 137, 191
411483.3.peg.2411.site.11, 4, 147, 151
411483.3.peg.2411.site.12, 86, 136, 222
411483.3.peg.2411.site.13, 41, 140, 181
411483.3.peg.2411.site.14, 1, 153, 154
411483.3.peg.2411.site.15, 6, 150, 156
411483.3.peg.2411.site.16, 11, 150, 161
411483.3.peg.2411.site.17, 3, 153, 156
411483.3.peg.2411.site.18, 51, 149, 200
411483.3.peg.2411.site.19, 5, 153, 158
411483.3.peg.2411.site.20, 47, 147, 194
411483.3.peg.2411.site.21, 6, 149, 155
411483.3.peg.2411.site.22, 14, 145, 159
411483.3.peg.2411.site.23, 67, 141, 208
411483.3.peg.2411.site.24, 2, 149, 151
411483.3.peg.2411.site.25, 5, 148, 153
411483.3.peg.2411.site.26, 10, 146, 156
411483.3.peg.2411.site.27, 13, 148, 161
411483.3.peg.2411.site.28, 13, 142, 155
411483.3.peg.2411.site.29, 4, 146, 150
411483.3.peg.2411.site.30, 3, 142, 145
411483.3.peg.2411.site.31, 7, 141, 148
411483.3.peg.2411.site.32, 10, 134, 144
411483.3.peg.2411.site.33, 2, 144, 146
411483.3.peg.2411.site.34, 3, 135, 138
411483.3.peg.2411.site.35, 5, 135, 140
411483.3.peg.2411.site.36, 2, 140, 142
411483.3.peg.2411.site.37, 74, 127, 201
411483.3.peg.2411.site.38, 6, 130, 136
411483.3.peg.2411.site.39, 58, 120, 178
411483.3.peg.2411.site.40, 2, 132, 134
411483.3.peg.2411.site.41, 5, 131, 136
411483.3.peg.2411.site.42, 1, 131, 132
411483.3.peg.2411.site.43, 23, 137, 160
411483.3.peg.2411.site.44, 21, 138, 159
411483.3.peg.2411.site.45, 1, 148, 149
411483.3.peg.2411.site.46, 3, 151, 154
411483.3.peg.2411.site.47, 1, 149, 150
411483.3.peg.2411.site.48, 7, 150, 157
411483.3.peg.2411.site.49, 68, 145, 213
411483.3.peg.2411.site.50, 49, 146, 195
411483.3.peg.2411.site.51, 113, 144, 257
411483.3.peg.2411.site.52, 3, 149, 152
411483.3.peg.2411.site.53, 8, 145, 153
411483.3.peg.2411.site.54, 100, 139, 239
411483.3.peg.2411.site.55, 68, 133, 201
411483.3.peg.2411.site.56, 1, 139, 140
411483.3.peg.2411.site.57, 36, 131, 167
411483.3.peg.2411.site.58, 16, 133, 149
411483.3.peg.2411.site.59, 74, 129, 203
411483.3.peg.2411.site.60, 2, 142, 144
411483.3.peg.2411.site.61, 1, 143, 144
411483.3.peg.2411.site.62, 4, 146, 150
411483.3.peg.2411.site.63, 4, 148, 152
411483.3.peg.2411.site.64, 2, 150, 152
411483.3.peg.2411.site.65, 2, 154, 156
411483.3.peg.2411.site.66, 4, 154, 158
411483.3.peg.2411.site.67, 1, 155, 156
411483.3.peg.2411.site.68, 5, 154, 159
411483.3.peg.2411.site.69, 0, 154, 154
411483.3.peg.2411.site.70, 2, 155, 157
411483.3.peg.2411.site.71, 2, 155, 157
411483.3.peg.2411.site.72, 1, 154, 155
411483.3.peg.2411.site.73, 3, 154, 157
411483.3.peg.2411.site.74, 70, 144, 214
411483.3.peg.2411.site.75, 4, 152, 156
411483.3.peg.2411.site.76, 65, 145, 210
411483.3.peg.2411.site.77, 0, 154, 154
411483.3.peg.2411.site.78, 1, 155, 156
411483.3.peg.2411.site.79, 3, 153, 156
411483.3.peg.2411.site.80, 16, 151, 167
411483.3.peg.2411.site.81, 3, 155, 158
411483.3.peg.2411.site.82, 0, 154, 154
411483.3.peg.2411.site.83, 3, 155, 158
411483.3.peg.2412.site.1, 1, 153, 154
411483.3.peg.2412.site.2, 1, 151, 152
411483.3.peg.2412.site.3, 1, 151, 152
411483.3.peg.2412.site.4, 3, 152, 155
411483.3.peg.2412.site.5, 1, 152, 153
411483.3.peg.2412.site.6, 1, 148, 149
411483.3.peg.2412.site.7, 2, 145, 147
411483.3.peg.2412.site.8, 21, 150, 171
411483.3.peg.2412.site.9, 11, 109, 120
411483.3.peg.2412.site.10, 4, 110, 114
411483.3.peg.2412.site.11, 1, 111, 112
411483.3.peg.2412.site.12, 6, 111, 117
411483.3.peg.2412.site.13, 8, 107, 115
411483.3.peg.2412.site.14, 1, 111, 112
411483.3.peg.2412.site.15, 2, 104, 106
411483.3.peg.2412.site.16, 96, 100, 196
411483.3.peg.2412.site.17, 12, 81, 93
411483.3.peg.2412.site.18, 0, 95, 95
411483.3.peg.2412.site.19, 0, 100, 100
411483.3.peg.2412.site.20, 4, 89, 93
411483.3.peg.2412.site.21, 33, 98, 131
411483.3.peg.2412.site.22, 1, 107, 108
411483.3.peg.2412.site.23, 8, 108, 116
411483.3.peg.2412.site.24, 13, 112, 125
411483.3.peg.2412.site.25, 22, 124, 146
411483.3.peg.2412.site.26, 76, 117, 193
411483.3.peg.2412.site.27, 2, 128, 130
411483.3.peg.2412.site.28, 6, 133, 139
411483.3.peg.2412.site.29, 3, 136, 139
411483.3.peg.2412.site.30, 2, 136, 138
411483.3.peg.2412.site.31, 2, 143, 145
411483.3.peg.2412.site.32, 0, 138, 138
411483.3.peg.2412.site.33, 57, 131, 188
411483.3.peg.2412.site.34, 2, 138, 140
411483.3.peg.2412.site.35, 1, 139, 140
411483.3.peg.2412.site.36, 0, 134, 134
411483.3.peg.2412.site.37, 2, 139, 141
411483.3.peg.2412.site.38, 0, 135, 135
411483.3.peg.2412.site.39, 18, 132, 150
411483.3.peg.2412.site.40, 4, 135, 139
411483.3.peg.2412.site.41, 10, 136, 146
411483.3.peg.2412.site.42, 6, 138, 144
411483.3.peg.2412.site.43, 24, 128, 152
411483.3.peg.2412.site.44, 1, 128, 129
411483.3.peg.2412.site.45, 12, 138, 150
411483.3.peg.2412.site.46, 92, 143, 235
411483.3.peg.2412.site.47, 0, 151, 151
411483.3.peg.2412.site.48, 2, 154, 156
411483.3.peg.2412.site.49, 13, 149, 162
411483.3.peg.2412.site.50, 3, 153, 156
411483.3.peg.2412.site.51, 11, 153, 164
411483.3.peg.2412.site.52, 75, 148, 223
411483.3.peg.2412.site.53, 5, 150, 155
411483.3.peg.2412.site.54, 4, 151, 155
411483.3.peg.2412.site.55, 2, 152, 154
411483.3.peg.2412.site.56, 1, 153, 154
411483.3.peg.2413.site.1, 7, 152, 159
411483.3.peg.2413.site.2, 33, 145, 178
411483.3.peg.2413.site.3, 2, 154, 156
411483.3.peg.2413.site.4, 3, 150, 153
411483.3.peg.2413.site.5, 4, 149, 153
411483.3.peg.2413.site.6, 8, 151, 159
411483.3.peg.2413.site.7, 1, 148, 149
411483.3.peg.2413.site.8, 1, 149, 150
411483.3.peg.2413.site.9, 30, 139, 169
411483.3.peg.2413.site.10, 53, 142, 195
411483.3.peg.2413.site.11, 31, 136, 167
411483.3.peg.2413.site.12, 0, 143, 143
411483.3.peg.2413.site.13, 3, 145, 148
411483.3.peg.2413.site.14, 0, 144, 144
411483.3.peg.2413.site.15, 5, 146, 151
411483.3.peg.2413.site.16, 10, 145, 155
411483.3.peg.2413.site.17, 5, 146, 151
411483.3.peg.2413.site.18, 4, 146, 150
411483.3.peg.2413.site.19, 2, 148, 150
411483.3.peg.2413.site.20, 6, 146, 152
411483.3.peg.2413.site.21, 77, 138, 215
411483.3.peg.2413.site.22, 3, 148, 151
411483.3.peg.2413.site.23, 2, 152, 154
411483.3.peg.2413.site.24, 7, 152, 159
411483.3.peg.2413.site.25, 0, 152, 152
411483.3.peg.2413.site.26, 2, 155, 157
411483.3.peg.2413.site.27, 15, 153, 168
411483.3.peg.2413.site.28, 1, 154, 155
411483.3.peg.2413.site.29, 6, 155, 161
411483.3.peg.2413.site.30, 10, 155, 165
411483.3.peg.2413.site.31, 2, 153, 155
411483.3.peg.2413.site.32, 106, 141, 247
411483.3.peg.2413.site.33, 0, 152, 152
411483.3.peg.2413.site.34, 1, 152, 153
411483.3.peg.2414.site.1, 1, 153, 154
411483.3.peg.2414.site.2, 1, 153, 154
411483.3.peg.2414.site.3, 27, 145, 172
411483.3.peg.2414.site.4, 3, 153, 156
411483.3.peg.2414.site.5, 1, 155, 156
411483.3.peg.2414.site.6, 7, 154, 161
411483.3.peg.2414.site.7, 0, 154, 154
411483.3.peg.2414.site.8, 1, 155, 156
411483.3.peg.2414.site.9, 2, 155, 157
411483.3.peg.2414.site.10, 2, 153, 155
411483.3.peg.2414.site.11, 0, 154, 154
411483.3.peg.2414.site.12, 131, 145, 276
411483.3.peg.2414.site.13, 2, 150, 152
411483.3.peg.2414.site.14, 10, 147, 157
411483.3.peg.2415.site.1, 18, 147, 165
411483.3.peg.2415.site.2, 2, 138, 140
411483.3.peg.2415.site.3, 2, 136, 138
411483.3.peg.2415.site.4, 7, 129, 136
411483.3.peg.2415.site.5, 3, 136, 139
411483.3.peg.2415.site.6, 2, 140, 142
411483.3.peg.2415.site.7, 132, 144, 276
411483.3.peg.2415.site.8, 2, 148, 150
411483.3.peg.2415.site.9, 2, 150, 152
411483.3.peg.2415.site.10, 0, 148, 148
411483.3.peg.2415.site.11, 3, 149, 152
411483.3.peg.2415.site.12, 89, 136, 225
411483.3.peg.2415.site.13, 5, 152, 157
411483.3.peg.2415.site.14, 3, 153, 156
411483.3.peg.2415.site.15, 139, 146, 285
411483.3.peg.2415.site.16, 0, 150, 150
411483.3.peg.2415.site.17, 4, 145, 149
411483.3.peg.2415.site.18, 5, 145, 150
411483.3.peg.2415.site.19, 6, 142, 148
411483.3.peg.2415.site.20, 2, 148, 150
411483.3.peg.2416.site.1, 2, 141, 143
411483.3.peg.2416.site.2, 33, 142, 175
411483.3.peg.2416.site.3, 1, 151, 152
411483.3.peg.2416.site.4, 0, 154, 154
411483.3.peg.2416.site.5, 3, 155, 158
411483.3.peg.2416.site.6, 2, 154, 156
411483.3.peg.2388.site.1, 27, 147, 174
411483.3.peg.2388.site.2, 53, 141, 194
411483.3.peg.2388.site.3, 3, 147, 150
411483.3.peg.2388.site.4, 1, 143, 144
411483.3.peg.2388.site.5, 2, 140, 142
411483.3.peg.2388.site.6, 11, 122, 133
411483.3.peg.2388.site.7, 0, 121, 121
411483.3.peg.2388.site.8, 0, 137, 137
411483.3.peg.2388.site.9, 9, 136, 145
411483.3.peg.2388.site.10, 135, 140, 275
411483.3.peg.2388.site.11, 0, 146, 146
411483.3.peg.2388.site.12, 5, 134, 139
411483.3.peg.2388.site.13, 11, 148, 159
411483.3.peg.2388.site.14, 2, 150, 152
411483.3.peg.2388.site.15, 3, 151, 154
411483.3.peg.2388.site.16, 75, 138, 213
411483.3.peg.2388.site.17, 1, 152, 153
411483.3.peg.2388.site.18, 16, 150, 166
411483.3.peg.2388.site.19, 5, 138, 143
411483.3.peg.2388.site.20, 2, 142, 144
411483.3.peg.2388.site.21, 1, 152, 153
411483.3.peg.2388.site.22, 0, 154, 154
411483.3.peg.2388.site.23, 0, 155, 155
411483.3.peg.2388.site.24, 45, 147, 192
411483.3.peg.2388.site.25, 76, 139, 215
411483.3.peg.2388.site.26, 22, 148, 170
411483.3.peg.2388.site.27, 1, 149, 150
411483.3.peg.2388.site.28, 2, 155, 157
411483.3.peg.2388.site.29, 0, 152, 152
411483.3.peg.2388.site.30, 4, 151, 155
411483.3.peg.2388.site.31, 3, 151, 154
411483.3.peg.2388.site.32, 9, 153, 162
411483.3.peg.2388.site.33, 1, 154, 155
411483.3.peg.2388.site.34, 6, 153, 159
411483.3.peg.2388.site.35, 4, 148, 152
411483.3.peg.2388.site.36, 0, 149, 149
411483.3.peg.2388.site.37, 2, 151, 153
411483.3.peg.2388.site.38, 18, 145, 163
411483.3.peg.2388.site.39, 34, 132, 166
411483.3.peg.2388.site.40, 2, 145, 147
411483.3.peg.2388.site.41, 0, 144, 144
411483.3.peg.2388.site.42, 84, 132, 216
411483.3.peg.2388.site.43, 4, 146, 150
411483.3.peg.2388.site.44, 1, 143, 144
411483.3.peg.2388.site.45, 0, 150, 150
411483.3.peg.2388.site.46, 1, 151, 152
411483.3.peg.2388.site.47, 22, 139, 161
411483.3.peg.2388.site.48, 3, 140, 143
411483.3.peg.2388.site.49, 6, 135, 141
411483.3.peg.2388.site.50, 14, 137, 151
411483.3.peg.2388.site.51, 27, 140, 167
411483.3.peg.2388.site.52, 19, 142, 161
411483.3.peg.2388.site.53, 8, 142, 150
411483.3.peg.2388.site.54, 8, 140, 148
411483.3.peg.2388.site.55, 6, 141, 147
411483.3.peg.2388.site.56, 1, 141, 142
411483.3.peg.2388.site.57, 4, 137, 141
411483.3.peg.2388.site.58, 12, 130, 142
411483.3.peg.2388.site.59, 9, 123, 132
411483.3.peg.2388.site.60, 3, 113, 116
411483.3.peg.2388.site.61, 0, 111, 111
411483.3.peg.2388.site.62, 1, 116, 117
411483.3.peg.2388.site.63, 2, 118, 120
411483.3.peg.2388.site.64, 1, 120, 121
411483.3.peg.2388.site.65, 0, 126, 126
411483.3.peg.2388.site.66, 2, 131, 133
411483.3.peg.2388.site.67, 12, 128, 140
411483.3.peg.2388.site.68, 19, 127, 146
411483.3.peg.2388.site.69, 13, 129, 142
411483.3.peg.2388.site.70, 5, 131, 136
411483.3.peg.2388.site.71, 2, 136, 138
411483.3.peg.2388.site.72, 2, 127, 129
411483.3.peg.2388.site.73, 1, 133, 134
411483.3.peg.2388.site.74, 2, 137, 139
411483.3.peg.2388.site.75, 1, 140, 141
411483.3.peg.2388.site.76, 1, 139, 140
411483.3.peg.2388.site.77, 4, 145, 149
411483.3.peg.2388.site.78, 2, 144, 146
411483.3.peg.2388.site.79, 13, 143, 156
411483.3.peg.2388.site.80, 0, 147, 147
411483.3.peg.2388.site.81, 9, 145, 154
411483.3.peg.2388.site.82, 2, 148, 150
411483.3.peg.2388.site.83, 8, 123, 131
411483.3.peg.2388.site.84, 105, 123, 228
411483.3.peg.2388.site.85, 7, 136, 143
411483.3.peg.2388.site.86, 1, 134, 135
411483.3.peg.2388.site.87, 1, 135, 136
411483.3.peg.2388.site.88, 30, 122, 152
411483.3.peg.2388.site.89, 3, 129, 132
411483.3.peg.2388.site.90, 14, 131, 145
411483.3.peg.2388.site.91, 3, 126, 129
411483.3.peg.2388.site.92, 3, 130, 133
411483.3.peg.2388.site.93, 9, 123, 132
411483.3.peg.2388.site.94, 2, 126, 128
411483.3.peg.2388.site.95, 1, 112, 113
411483.3.peg.2388.site.96, 0, 111, 111
411483.3.peg.2388.site.97, 81, 109, 190
411483.3.peg.2388.site.98, 29, 113, 142
411483.3.peg.2388.site.99, 0, 111, 111
411483.3.peg.2388.site.100, 1, 127, 128
411483.3.peg.2388.site.101, 1, 122, 123
411483.3.peg.2388.site.102, 1, 128, 129
411483.3.peg.2388.site.103, 1, 134, 135
411483.3.peg.2388.site.104, 12, 135, 147
411483.3.peg.2388.site.105, 17, 132, 149
411483.3.peg.2388.site.106, 14, 129, 143
411483.3.peg.2388.site.107, 0, 137, 137
411483.3.peg.2388.site.108, 2, 143, 145
411483.3.peg.2389.site.1, 38, 148, 186
411483.3.peg.2389.site.2, 0, 143, 143
411483.3.peg.2389.site.3, 3, 149, 152
411483.3.peg.2389.site.4, 0, 151, 151
411483.3.peg.2389.site.5, 2, 151, 153
411483.3.peg.2389.site.6, 2, 147, 149
411483.3.peg.2389.site.7, 2, 151, 153
411483.3.peg.2389.site.8, 0, 148, 148
411483.3.peg.2389.site.9, 9, 147, 156
411483.3.peg.2389.site.10, 2, 148, 150
411483.3.peg.2389.site.11, 3, 149, 152
411483.3.peg.2389.site.12, 146, 148, 294
411483.3.peg.2389.site.13, 3, 148, 151
411483.3.peg.2389.site.14, 4, 139, 143
411483.3.peg.2389.site.15, 58, 133, 191
411483.3.peg.2389.site.16, 9, 145, 154
411483.3.peg.2389.site.17, 11, 143, 154
411483.3.peg.2389.site.18, 2, 133, 135
411483.3.peg.2389.site.19, 6, 140, 146
411483.3.peg.2389.site.20, 2, 139, 141
411483.3.peg.2389.site.21, 2, 131, 133
411483.3.peg.2389.site.22, 0, 86, 86
411483.3.peg.2389.site.23, 88, 91, 179
411483.3.peg.2389.site.24, 5, 97, 102
411483.3.peg.2389.site.25, 0, 108, 108
411483.3.peg.2389.site.26, 0, 151, 151
411483.3.peg.2389.site.27, 12, 148, 160
411483.3.peg.2389.site.28, 2, 153, 155
411483.3.peg.2389.site.29, 23, 152, 175
411483.3.peg.2389.site.30, 4, 155, 159
411483.3.peg.2389.site.31, 26, 149, 175
411483.3.peg.2389.site.32, 3, 153, 156
411483.3.peg.2389.site.33, 2, 155, 157
411483.3.peg.2389.site.34, 42, 141, 183
411483.3.peg.2380.site.1, 93, 131, 224
411483.3.peg.2380.site.2, 46, 140, 186
411483.3.peg.2380.site.3, 1, 147, 148
411483.3.peg.2380.site.4, 109, 147, 256
411483.3.peg.2380.site.5, 7, 152, 159
411483.3.peg.2380.site.6, 4, 153, 157
411483.3.peg.2380.site.7, 5, 152, 157
411483.3.peg.2380.site.8, 9, 152, 161
411483.3.peg.2380.site.9, 17, 150, 167
411483.3.peg.2380.site.10, 64, 140, 204
411483.3.peg.2380.site.11, 5, 151, 156
411483.3.peg.2380.site.12, 6, 149, 155
411483.3.peg.2380.site.13, 3, 149, 152
411483.3.peg.2380.site.14, 2, 148, 150
411483.3.peg.2380.site.15, 0, 151, 151
411483.3.peg.2380.site.16, 8, 148, 156
411483.3.peg.2380.site.17, 1, 152, 153
411483.3.peg.2380.site.18, 1, 151, 152
411483.3.peg.2380.site.19, 8, 146, 154
411483.3.peg.2380.site.20, 2, 151, 153
411483.3.peg.2380.site.21, 7, 151, 158
411483.3.peg.2380.site.22, 0, 152, 152
411483.3.peg.2380.site.23, 7, 147, 154
411483.3.peg.2380.site.24, 140, 152, 292
411483.3.peg.2380.site.25, 12, 147, 159
411483.3.peg.2380.site.26, 23, 148, 171
411483.3.peg.2380.site.27, 1, 151, 152
411483.3.peg.2380.site.28, 82, 139, 221
411483.3.peg.2380.site.29, 16, 148, 164
411483.3.peg.2380.site.30, 3, 153, 156
411483.3.peg.2380.site.31, 1, 153, 154
411483.3.peg.2380.site.32, 3, 155, 158
411483.3.peg.2380.site.33, 4, 152, 156
411483.3.peg.2380.site.34, 8, 151, 159
411483.3.peg.2380.site.35, 2, 151, 153
411483.3.peg.2380.site.36, 3, 153, 156
411483.3.peg.2380.site.37, 2, 151, 153
411483.3.peg.2380.site.38, 4, 152, 156
411483.3.peg.2380.site.39, 8, 150, 158
411483.3.peg.2380.site.40, 46, 143, 189
411483.3.peg.2380.site.41, 2, 152, 154
411483.3.peg.2380.site.42, 7, 150, 157
411483.3.peg.2380.site.43, 2, 147, 149
411483.3.peg.2380.site.44, 98, 138, 236
411483.3.peg.2380.site.45, 72, 138, 210
411483.3.peg.2380.site.46, 2, 150, 152
411483.3.peg.2380.site.47, 10, 150, 160
411483.3.peg.2380.site.48, 6, 147, 153
411483.3.peg.2380.site.49, 53, 140, 193
411483.3.peg.2380.site.50, 11, 148, 159
411483.3.peg.2380.site.51, 3, 152, 155
411483.3.peg.2380.site.52, 3, 154, 157
411483.3.peg.2380.site.53, 3, 153, 156
411483.3.peg.2380.site.54, 2, 155, 157
411483.3.peg.2380.site.55, 97, 148, 245
411483.3.peg.2380.site.56, 5, 155, 160
411483.3.peg.2380.site.57, 2, 155, 157
411483.3.peg.2380.site.58, 1, 155, 156
411483.3.peg.2380.site.59, 3, 154, 157
411483.3.peg.2380.site.60, 1, 152, 153
411483.3.peg.2380.site.61, 2, 154, 156
411483.3.peg.2380.site.62, 46, 142, 188
411483.3.peg.2380.site.63, 77, 143, 220
411483.3.peg.2380.site.64, 0, 151, 151
411483.3.peg.2380.site.65, 0, 152, 152
411483.3.peg.2380.site.66, 12, 151, 163
411483.3.peg.2380.site.67, 1, 154, 155
411483.3.peg.2380.site.68, 1, 153, 154
411483.3.peg.2380.site.69, 9, 144, 153
411483.3.peg.2380.site.70, 1, 154, 155
411483.3.peg.2380.site.71, 1, 154, 155
411483.3.peg.2380.site.72, 9, 146, 155
411483.3.peg.2380.site.73, 1, 155, 156
411483.3.peg.2380.site.74, 2, 155, 157
411483.3.peg.2381.site.1, 0, 154, 154
411483.3.peg.2381.site.2, 1, 154, 155
411483.3.peg.2381.site.3, 2, 153, 155
411483.3.peg.2381.site.4, 2, 136, 138
411483.3.peg.2381.site.5, 0, 133, 133
411483.3.peg.2381.site.6, 12, 149, 161
411483.3.peg.2381.site.7, 23, 151, 174
411483.3.peg.2381.site.8, 3, 152, 155
411483.3.peg.2382.site.1, 4, 144, 148
411483.3.peg.2382.site.2, 9, 140, 149
411483.3.peg.2382.site.3, 121, 144, 265
411483.3.peg.2382.site.4, 3, 150, 153
411483.3.peg.2382.site.5, 0, 149, 149
411483.3.peg.2382.site.6, 2, 155, 157
411483.3.peg.2382.site.7, 2, 153, 155
411483.3.peg.2382.site.8, 4, 152, 156
411483.3.peg.2382.site.9, 4, 152, 156
411483.3.peg.2382.site.10, 3, 153, 156
411483.3.peg.2382.site.11, 7, 148, 155
411483.3.peg.2382.site.12, 3, 153, 156
411483.3.peg.2382.site.13, 56, 148, 204
411483.3.peg.2382.site.14, 1, 151, 152
411483.3.peg.2382.site.15, 0, 140, 140
411483.3.peg.2382.site.16, 10, 116, 126
411483.3.peg.2382.site.17, 47, 117, 164
411483.3.peg.2382.site.18, 1, 122, 123
411483.3.peg.2382.site.19, 90, 123, 213
411483.3.peg.2382.site.20, 118, 129, 247
411483.3.peg.2382.site.21, 0, 141, 141
411483.3.peg.2382.site.22, 0, 155, 155
411483.3.peg.2383.site.1, 0, 155, 155
411483.3.peg.2383.site.2, 2, 154, 156
411483.3.peg.2383.site.3, 0, 149, 149
411483.3.peg.2383.site.4, 13, 151, 164
411483.3.peg.2383.site.5, 7, 153, 160
411483.3.peg.2383.site.6, 144, 154, 298
411483.3.peg.2383.site.7, 1, 155, 156
411483.3.peg.2383.site.8, 5, 154, 159
411483.3.peg.2383.site.9, 5, 154, 159
411483.3.peg.2383.site.10, 3, 150, 153
411483.3.peg.2383.site.11, 2, 149, 151
411483.3.peg.2383.site.12, 6, 145, 151
411483.3.peg.2383.site.13, 24, 141, 165
411483.3.peg.2383.site.14, 9, 154, 163
411483.3.peg.2383.site.15, 15, 148, 163
411483.3.peg.2383.site.16, 9, 153, 162
411483.3.peg.2383.site.17, 4, 155, 159
411483.3.peg.2383.site.18, 14, 149, 163
411483.3.peg.2383.site.19, 8, 146, 154
411483.3.peg.2383.site.20, 0, 155, 155
411483.3.peg.2383.site.21, 3, 152, 155
411483.3.peg.2383.site.22, 1, 154, 155
411483.3.peg.2383.site.23, 5, 153, 158
411483.3.peg.2383.site.24, 0, 150, 150
411483.3.peg.2383.site.25, 6, 150, 156
411483.3.peg.2383.site.26, 5, 150, 155
411483.3.peg.2383.site.27, 2, 149, 151
411483.3.peg.2383.site.28, 80, 143, 223
411483.3.peg.2383.site.29, 8, 145, 153
411483.3.peg.2383.site.30, 16, 144, 160
411483.3.peg.2383.site.31, 0, 149, 149
411483.3.peg.2383.site.32, 5, 148, 153
411483.3.peg.2383.site.33, 37, 147, 184
411483.3.peg.2383.site.34, 7, 154, 161
411483.3.peg.2383.site.35, 3, 152, 155
411483.3.peg.2383.site.36, 49, 145, 194
411483.3.peg.2383.site.37, 1, 155, 156
411483.3.peg.2383.site.38, 4, 155, 159
411483.3.peg.2383.site.39, 9, 154, 163
411483.3.peg.2383.site.40, 3, 155, 158
411483.3.peg.2383.site.41, 1, 155, 156
411483.3.peg.2383.site.42, 0, 154, 154
411483.3.peg.2383.site.43, 1, 155, 156
411483.3.peg.2383.site.44, 2, 155, 157
411483.3.peg.2383.site.45, 7, 151, 158
411483.3.peg.2383.site.46, 3, 155, 158
411483.3.peg.2383.site.47, 131, 150, 281
411483.3.peg.2383.site.48, 16, 150, 166
411483.3.peg.2383.site.49, 3, 155, 158
411483.3.peg.2383.site.50, 7, 151, 158
411483.3.peg.2383.site.51, 1, 152, 153
411483.3.peg.2383.site.52, 2, 153, 155
411483.3.peg.2383.site.53, 13, 153, 166
411483.3.peg.2383.site.54, 5, 151, 156
411483.3.peg.2383.site.55, 10, 153, 163
411483.3.peg.2383.site.56, 2, 154, 156
411483.3.peg.2383.site.57, 0, 150, 150
411483.3.peg.2383.site.58, 3, 151, 154
411483.3.peg.2383.site.59, 8, 141, 149
411483.3.peg.2383.site.60, 124, 130, 254
411483.3.peg.2383.site.61, 3, 126, 129
411483.3.peg.2383.site.62, 5, 110, 115
411483.3.peg.2383.site.63, 24, 31, 55
411483.3.peg.2383.site.64, 4, 20, 24
411483.3.peg.2383.site.65, 6, 11, 17
411483.3.peg.2383.site.66, 1, 98, 99
411483.3.peg.2383.site.67, 2, 127, 129
411483.3.peg.2383.site.68, 12, 122, 134
411483.3.peg.2383.site.69, 1, 130, 131
411483.3.peg.2383.site.70, 1, 126, 127
411483.3.peg.2383.site.71, 1, 127, 128
411483.3.peg.2383.site.72, 3, 115, 118
411483.3.peg.2383.site.73, 4, 141, 145
411483.3.peg.2383.site.74, 0, 152, 152
411483.3.peg.2383.site.75, 19, 147, 166
411483.3.peg.2383.site.76, 9, 151, 160
411483.3.peg.2383.site.77, 8, 151, 159
411483.3.peg.2383.site.78, 1, 155, 156
411483.3.peg.2383.site.79, 8, 154, 162
411483.3.peg.2383.site.80, 6, 152, 158
411483.3.peg.2383.site.81, 0, 152, 152
411483.3.peg.2383.site.82, 0, 151, 151
411483.3.peg.2383.site.83, 1, 149, 150
411483.3.peg.2383.site.84, 4, 153, 157
411483.3.peg.2383.site.85, 4, 150, 154
411483.3.peg.2383.site.86, 1, 148, 149
411483.3.peg.2383.site.87, 1, 147, 148
411483.3.peg.2383.site.88, 0, 146, 146
411483.3.peg.2383.site.89, 2, 149, 151
411483.3.peg.2383.site.90, 12, 148, 160
411483.3.peg.2383.site.91, 11, 149, 160
411483.3.peg.2383.site.92, 1, 153, 154
411483.3.peg.2383.site.93, 5, 151, 156
411483.3.peg.2383.site.94, 25, 145, 170
411483.3.peg.2383.site.95, 3, 153, 156
411483.3.peg.2383.site.96, 1, 152, 153
411483.3.peg.2383.site.97, 79, 139, 218
411483.3.peg.2383.site.98, 1, 149, 150
411483.3.peg.2383.site.99, 7, 147, 154
411483.3.peg.2383.site.100, 9, 150, 159
411483.3.peg.2383.site.101, 1, 146, 147
411483.3.peg.2383.site.102, 30, 141, 171
411483.3.peg.2383.site.103, 4, 150, 154
411483.3.peg.2383.site.104, 18, 154, 172
411483.3.peg.2383.site.105, 13, 152, 165
411483.3.peg.2383.site.106, 0, 154, 154
411483.3.peg.2384.site.1, 7, 147, 154
411483.3.peg.2384.site.2, 7, 151, 158
411483.3.peg.2384.site.3, 2, 150, 152
411483.3.peg.2384.site.4, 1, 154, 155
411483.3.peg.2384.site.5, 0, 154, 154
411483.3.peg.2384.site.6, 0, 153, 153
411483.3.peg.2384.site.7, 17, 151, 168
411483.3.peg.2384.site.8, 0, 154, 154
411483.3.peg.2384.site.9, 84, 146, 230
411483.3.peg.2384.site.10, 1, 152, 153
411483.3.peg.2384.site.11, 33, 147, 180
411483.3.peg.2384.site.12, 0, 148, 148
411483.3.peg.2384.site.13, 14, 140, 154
411483.3.peg.2384.site.14, 2, 154, 156
411483.3.peg.2384.site.15, 8, 151, 159
411483.3.peg.2384.site.16, 107, 147, 254
411483.3.peg.2384.site.17, 1, 149, 150
411483.3.peg.2384.site.18, 8, 149, 157
411483.3.peg.2384.site.19, 2, 153, 155
411483.3.peg.2384.site.20, 1, 155, 156
411483.3.peg.2384.site.21, 4, 152, 156
411483.3.peg.2384.site.22, 0, 154, 154
411483.3.peg.2384.site.23, 4, 154, 158
411483.3.peg.2384.site.24, 7, 153, 160
411483.3.peg.2384.site.25, 0, 153, 153
411483.3.peg.2384.site.26, 0, 154, 154
411483.3.peg.2384.site.27, 2, 154, 156
411483.3.peg.2384.site.28, 12, 155, 167
411483.3.peg.2384.site.29, 0, 154, 154
411483.3.peg.2384.site.30, 8, 155, 163
411483.3.peg.2384.site.31, 130, 148, 278
411483.3.peg.2384.site.32, 0, 154, 154
411483.3.peg.2384.site.33, 3, 155, 158
411483.3.peg.2384.site.34, 4, 154, 158
411483.3.peg.2384.site.35, 1, 154, 155
411483.3.peg.2384.site.36, 4, 155, 159
411483.3.peg.2384.site.37, 3, 154, 157
411483.3.peg.2384.site.38, 3, 154, 157
411483.3.peg.2384.site.39, 62, 144, 206
411483.3.peg.2384.site.40, 1, 151, 152
411483.3.peg.2384.site.41, 69, 143, 212
411483.3.peg.2384.site.42, 90, 141, 231
411483.3.peg.2384.site.43, 5, 152, 157
411483.3.peg.2384.site.44, 0, 152, 152
411483.3.peg.2384.site.45, 6, 153, 159
411483.3.peg.2384.site.46, 6, 152, 158
411483.3.peg.2384.site.47, 5, 150, 155
411483.3.peg.2384.site.48, 86, 144, 230
411483.3.peg.2384.site.49, 3, 153, 156
411483.3.peg.2384.site.50, 3, 151, 154
411483.3.peg.2384.site.51, 26, 151, 177
411483.3.peg.2384.site.52, 1, 154, 155
411483.3.peg.2384.site.53, 1, 153, 154
411483.3.peg.2384.site.54, 19, 149, 168
411483.3.peg.2384.site.55, 9, 152, 161
411483.3.peg.2384.site.56, 2, 154, 156
411483.3.peg.2384.site.57, 42, 150, 192
411483.3.peg.2384.site.58, 0, 153, 153
411483.3.peg.2384.site.59, 4, 155, 159
411483.3.peg.2384.site.60, 4, 155, 159
411483.3.peg.2384.site.61, 3, 153, 156
411483.3.peg.2384.site.62, 5, 152, 157
411483.3.peg.2384.site.63, 5, 152, 157
411483.3.peg.2384.site.64, 74, 136, 210
411483.3.peg.2384.site.65, 8, 145, 153
411483.3.peg.2384.site.66, 27, 147, 174
411483.3.peg.2384.site.67, 120, 148, 268
411483.3.peg.2384.site.68, 17, 152, 169
411483.3.peg.2384.site.69, 14, 148, 162
411483.3.peg.2384.site.70, 7, 153, 160
411483.3.peg.2384.site.71, 9, 150, 159
411483.3.peg.2384.site.72, 0, 152, 152
411483.3.peg.2384.site.73, 1, 155, 156
411483.3.peg.2384.site.74, 15, 152, 167
411483.3.peg.2384.site.75, 1, 155, 156
411483.3.peg.2384.site.76, 10, 146, 156
411483.3.peg.2384.site.77, 6, 150, 156
411483.3.peg.2384.site.78, 124, 143, 267
411483.3.peg.2384.site.79, 4, 150, 154
411483.3.peg.2384.site.80, 3, 153, 156
411483.3.peg.2384.site.81, 1, 150, 151
411483.3.peg.2384.site.82, 3, 152, 155
411483.3.peg.2384.site.83, 5, 152, 157
411483.3.peg.2384.site.84, 46, 134, 180
411483.3.peg.2384.site.85, 113, 133, 246
411483.3.peg.2384.site.86, 1, 128, 129
411483.3.peg.2384.site.87, 120, 133, 253
411483.3.peg.2384.site.88, 2, 128, 130
411483.3.peg.2384.site.89, 0, 136, 136
411483.3.peg.2384.site.90, 4, 138, 142
411483.3.peg.2384.site.91, 2, 146, 148
411483.3.peg.2384.site.92, 4, 147, 151
411483.3.peg.2384.site.93, 3, 148, 151
411483.3.peg.2384.site.94, 4, 147, 151
411483.3.peg.2384.site.95, 53, 146, 199
411483.3.peg.2384.site.96, 23, 144, 167
411483.3.peg.2384.site.97, 1, 144, 145
411483.3.peg.2384.site.98, 2, 147, 149
411483.3.peg.2384.site.99, 7, 144, 151
411483.3.peg.2384.site.100, 2, 145, 147
411483.3.peg.2384.site.101, 69, 131, 200
411483.3.peg.2384.site.102, 0, 142, 142
411483.3.peg.2384.site.103, 5, 140, 145
411483.3.peg.2384.site.104, 3, 146, 149
411483.3.peg.2384.site.105, 0, 139, 139
411483.3.peg.2384.site.106, 3, 140, 143
411483.3.peg.2384.site.107, 7, 146, 153
411483.3.peg.2384.site.108, 0, 147, 147
411483.3.peg.2384.site.109, 134, 142, 276
411483.3.peg.2384.site.110, 3, 149, 152
411483.3.peg.2384.site.111, 2, 153, 155
411483.3.peg.2384.site.112, 0, 154, 154
411483.3.peg.2384.site.113, 2, 151, 153
411483.3.peg.2384.site.114, 78, 142, 220
411483.3.peg.2385.site.1, 1, 71, 72
411483.3.peg.2385.site.2, 1, 72, 73
411483.3.peg.2385.site.3, 2, 73, 75
411483.3.peg.2385.site.4, 5, 73, 78
411483.3.peg.2385.site.5, 4, 109, 113
411483.3.peg.2385.site.6, 2, 121, 123
411483.3.peg.2385.site.7, 1, 130, 131
411483.3.peg.2385.site.8, 1, 142, 143
411483.3.peg.2385.site.9, 1, 146, 147
411483.3.peg.2385.site.10, 3, 149, 152
411483.3.peg.2385.site.11, 24, 139, 163
411483.3.peg.2385.site.12, 2, 154, 156
411483.3.peg.2385.site.13, 2, 155, 157
411483.3.peg.2385.site.14, 3, 155, 158
411483.3.peg.2385.site.15, 0, 155, 155
411483.3.peg.2385.site.16, 40, 153, 193
411483.3.peg.2385.site.17, 6, 154, 160
411483.3.peg.2385.site.18, 1, 153, 154
411483.3.peg.2385.site.19, 1, 153, 154
411483.3.peg.2385.site.20, 7, 153, 160
411483.3.peg.2385.site.21, 13, 143, 156
411483.3.peg.2385.site.22, 1, 143, 144
411483.3.peg.2385.site.23, 1, 132, 133
411483.3.peg.2385.site.24, 9, 132, 141
411483.3.peg.2385.site.25, 1, 135, 136
411483.3.peg.2385.site.26, 0, 130, 130
411483.3.peg.2385.site.27, 1, 135, 136
411483.3.peg.2385.site.28, 4, 123, 127
411483.3.peg.2385.site.29, 1, 128, 129
411483.3.peg.2385.site.30, 1, 127, 128
411483.3.peg.2385.site.31, 1, 129, 130
411483.3.peg.2385.site.32, 4, 122, 126
411483.3.peg.2385.site.33, 31, 111, 142
411483.3.peg.2385.site.34, 6, 121, 127
411483.3.peg.2385.site.35, 1, 132, 133
411483.3.peg.2385.site.36, 5, 140, 145
411483.3.peg.2385.site.37, 6, 140, 146
411483.3.peg.2385.site.38, 0, 143, 143
411483.3.peg.2385.site.39, 1, 145, 146
411483.3.peg.2385.site.40, 74, 137, 211
411483.3.peg.2385.site.41, 5, 144, 149
411483.3.peg.2385.site.42, 3, 144, 147
411483.3.peg.2385.site.43, 5, 144, 149
411483.3.peg.2385.site.44, 5, 133, 138
411483.3.peg.2385.site.45, 4, 134, 138
411483.3.peg.2385.site.46, 1, 136, 137
411483.3.peg.2385.site.47, 0, 131, 131
411483.3.peg.2385.site.48, 1, 134, 135
411483.3.peg.2385.site.49, 54, 124, 178
411483.3.peg.2385.site.50, 5, 131, 136
411483.3.peg.2385.site.51, 9, 128, 137
411483.3.peg.2385.site.52, 1, 119, 120
411483.3.peg.2385.site.53, 4, 115, 119
411483.3.peg.2385.site.54, 5, 104, 109
411483.3.peg.2385.site.55, 1, 81, 82
411483.3.peg.2385.site.56, 39, 75, 114
411483.3.peg.2385.site.57, 2, 105, 107
411483.3.peg.2385.site.58, 3, 119, 122
411483.3.peg.2385.site.59, 5, 125, 130
411483.3.peg.2385.site.60, 23, 117, 140
411483.3.peg.2385.site.61, 6, 144, 150
411483.3.peg.2385.site.62, 7, 146, 153
411483.3.peg.2385.site.63, 5, 154, 159
411483.3.peg.2385.site.64, 1, 155, 156
411483.3.peg.2386.site.1, 10, 151, 161
411483.3.peg.2386.site.2, 20, 145, 165
411483.3.peg.2386.site.3, 1, 146, 147
411483.3.peg.2386.site.4, 2, 143, 145
411483.3.peg.2386.site.5, 9, 138, 147
411483.3.peg.2386.site.6, 1, 143, 144
411483.3.peg.2386.site.7, 63, 135, 198
411483.3.peg.2386.site.8, 6, 134, 140
411483.3.peg.2386.site.9, 5, 142, 147
411483.3.peg.2386.site.10, 0, 147, 147
411483.3.peg.2386.site.11, 113, 145, 258
411483.3.peg.2386.site.12, 7, 151, 158
411483.3.peg.2386.site.13, 2, 149, 151
411483.3.peg.2386.site.14, 5, 154, 159
411483.3.peg.2386.site.15, 11, 151, 162
411483.3.peg.2386.site.16, 2, 155, 157
411483.3.peg.2386.site.17, 37, 151, 188
411483.3.peg.2386.site.18, 2, 154, 156
411483.3.peg.2386.site.19, 9, 153, 162
411483.3.peg.2386.site.20, 28, 149, 177
411483.3.peg.2386.site.21, 1, 153, 154
411483.3.peg.2386.site.22, 18, 152, 170
411483.3.peg.2386.site.23, 3, 153, 156
411483.3.peg.2386.site.24, 2, 155, 157
411483.3.peg.2386.site.25, 1, 155, 156
411483.3.peg.2386.site.26, 22, 151, 173
411483.3.peg.2386.site.27, 2, 152, 154
411483.3.peg.2386.site.28, 0, 155, 155
411483.3.peg.2386.site.29, 43, 150, 193
411483.3.peg.2386.site.30, 23, 152, 175
411483.3.peg.2386.site.31, 1, 154, 155
411483.3.peg.2386.site.32, 12, 154, 166
411483.3.peg.2386.site.33, 8, 154, 162
411483.3.peg.2386.site.34, 2, 155, 157
411483.3.peg.2386.site.35, 4, 155, 159
411483.3.peg.2386.site.36, 1, 154, 155
411483.3.peg.2386.site.37, 1, 154, 155
411483.3.peg.2386.site.38, 1, 154, 155
411483.3.peg.2386.site.39, 28, 146, 174
411483.3.peg.2386.site.40, 3, 154, 157
411483.3.peg.2386.site.41, 3, 153, 156
411483.3.peg.2386.site.42, 136, 151, 287
411483.3.peg.2386.site.43, 3, 154, 157
411483.3.peg.2386.site.44, 2, 152, 154
411483.3.peg.2386.site.45, 5, 155, 160
411483.3.peg.2386.site.46, 2, 153, 155
411483.3.peg.2386.site.47, 3, 154, 157
411483.3.peg.2386.site.48, 21, 148, 169
411483.3.peg.2386.site.49, 1, 154, 155
411483.3.peg.2386.site.50, 5, 153, 158
411483.3.peg.2386.site.51, 0, 152, 152
411483.3.peg.2386.site.52, 5, 152, 157
411483.3.peg.2386.site.53, 60, 143, 203
411483.3.peg.2386.site.54, 1, 146, 147
411483.3.peg.2386.site.55, 5, 151, 156
411483.3.peg.2386.site.56, 10, 150, 160
411483.3.peg.2386.site.57, 119, 142, 261
411483.3.peg.2386.site.58, 12, 147, 159
411483.3.peg.2386.site.59, 7, 148, 155
411483.3.peg.2386.site.60, 2, 149, 151
411483.3.peg.2386.site.61, 3, 151, 154
411483.3.peg.2386.site.62, 131, 144, 275
411483.3.peg.2386.site.63, 0, 144, 144
411483.3.peg.2386.site.64, 0, 147, 147
411483.3.peg.2386.site.65, 1, 149, 150
411483.3.peg.2386.site.66, 1, 153, 154
411483.3.peg.2386.site.67, 23, 149, 172
411483.3.peg.2386.site.68, 3, 151, 154
411483.3.peg.2386.site.69, 2, 147, 149
411483.3.peg.2386.site.70, 6, 145, 151
411483.3.peg.2386.site.71, 11, 142, 153
411483.3.peg.2386.site.72, 90, 132, 222
411483.3.peg.2386.site.73, 3, 139, 142
411483.3.peg.2386.site.74, 20, 135, 155
411483.3.peg.2386.site.75, 0, 121, 121
411483.3.peg.2386.site.76, 1, 124, 125
411483.3.peg.2386.site.77, 6, 119, 125
411483.3.peg.2386.site.78, 96, 126, 222
411483.3.peg.2386.site.79, 32, 124, 156
411483.3.peg.2386.site.80, 1, 143, 144
411483.3.peg.2386.site.81, 0, 152, 152
411483.3.peg.2386.site.82, 6, 150, 156
411483.3.peg.2386.site.83, 21, 147, 168
411483.3.peg.2386.site.84, 20, 148, 168
411483.3.peg.2386.site.85, 3, 153, 156
411483.3.peg.2386.site.86, 1, 153, 154
411483.3.peg.2386.site.87, 94, 147, 241
411483.3.peg.2386.site.88, 27, 140, 167
411483.3.peg.2386.site.89, 67, 146, 213
411483.3.peg.2386.site.90, 2, 152, 154
411483.3.peg.2386.site.91, 8, 152, 160
411483.3.peg.2386.site.92, 3, 149, 152
411483.3.peg.2386.site.93, 2, 152, 154
411483.3.peg.2386.site.94, 6, 150, 156
411483.3.peg.2386.site.95, 0, 153, 153
411483.3.peg.2386.site.96, 0, 153, 153
411483.3.peg.2386.site.97, 0, 154, 154
411483.3.peg.2386.site.98, 5, 154, 159
411483.3.peg.2386.site.99, 13, 154, 167
411483.3.peg.2386.site.100, 1, 155, 156
411483.3.peg.2386.site.101, 2, 153, 155
411483.3.peg.2386.site.102, 11, 150, 161
411483.3.peg.2386.site.103, 35, 145, 180
411483.3.peg.2386.site.104, 0, 152, 152
411483.3.peg.2386.site.105, 1, 154, 155
411483.3.peg.2386.site.106, 5, 154, 159
411483.3.peg.2386.site.107, 1, 153, 154
411483.3.peg.2386.site.108, 138, 151, 289
411483.3.peg.2386.site.109, 4, 153, 157
411483.3.peg.2386.site.110, 4, 151, 155
411483.3.peg.2386.site.111, 1, 150, 151
411483.3.peg.2387.site.1, 4, 154, 158
411483.3.peg.2387.site.2, 4, 155, 159
411483.3.peg.2387.site.3, 6, 154, 160
411483.3.peg.2387.site.4, 10, 152, 162
411483.3.peg.2387.site.5, 12, 149, 161
411483.3.peg.2387.site.6, 2, 154, 156
411483.3.peg.2387.site.7, 29, 146, 175
411483.3.peg.2387.site.8, 2, 148, 150
411483.3.peg.2387.site.9, 3, 149, 152
411483.3.peg.2387.site.10, 18, 132, 150
411483.3.peg.2387.site.11, 2, 138, 140
411483.3.peg.2387.site.12, 2, 138, 140
411483.3.peg.2387.site.13, 35, 129, 164
411483.3.peg.2387.site.14, 74, 129, 203
411483.3.peg.2387.site.15, 1, 134, 135
411483.3.peg.2387.site.16, 48, 118, 166
411483.3.peg.2387.site.17, 0, 137, 137
411483.3.peg.2387.site.18, 2, 141, 143
411483.3.peg.2387.site.19, 9, 147, 156
411483.3.peg.2387.site.20, 2, 149, 151
411483.3.peg.2387.site.21, 1, 150, 151
411483.3.peg.2387.site.22, 15, 147, 162
411483.3.peg.2387.site.23, 143, 151, 294
411483.3.peg.2387.site.24, 14, 143, 157
411483.3.peg.2387.site.25, 7, 150, 157
411483.3.peg.2387.site.26, 10, 149, 159
411483.3.peg.2387.site.27, 10, 150, 160
411483.3.peg.2387.site.28, 2, 150, 152
411483.3.peg.2256.site.1, 4, 155, 159
411483.3.peg.2256.site.2, 13, 151, 164
411483.3.peg.2256.site.3, 8, 151, 159
411483.3.peg.2256.site.4, 4, 153, 157
411483.3.peg.2256.site.5, 4, 148, 152
411483.3.peg.2256.site.6, 0, 149, 149
411483.3.peg.2256.site.7, 4, 148, 152
411483.3.peg.2256.site.8, 4, 150, 154
411483.3.peg.2256.site.9, 7, 142, 149
411483.3.peg.2256.site.10, 7, 149, 156
411483.3.peg.2256.site.11, 3, 144, 147
411483.3.peg.2256.site.12, 6, 139, 145
411483.3.peg.2256.site.13, 133, 144, 277
411483.3.peg.2256.site.14, 0, 146, 146
411483.3.peg.2256.site.15, 17, 142, 159
411483.3.peg.2256.site.16, 2, 146, 148
411483.3.peg.2256.site.17, 20, 140, 160
411483.3.peg.2256.site.18, 0, 141, 141
411483.3.peg.2256.site.19, 6, 143, 149
411483.3.peg.2256.site.20, 2, 142, 144
411483.3.peg.2256.site.21, 25, 123, 148
411483.3.peg.2256.site.22, 15, 132, 147
411483.3.peg.2256.site.23, 20, 129, 149
411483.3.peg.2256.site.24, 1, 145, 146
411483.3.peg.2256.site.25, 9, 137, 146
411483.3.peg.2256.site.26, 1, 142, 143
411483.3.peg.2256.site.27, 2, 142, 144
411483.3.peg.2256.site.28, 1, 138, 139
411483.3.peg.2256.site.29, 15, 123, 138
411483.3.peg.2256.site.30, 9, 126, 135
411483.3.peg.2256.site.31, 8, 117, 125
411483.3.peg.2256.site.32, 0, 121, 121
411483.3.peg.2256.site.33, 6, 124, 130
411483.3.peg.2256.site.34, 3, 116, 119
411483.3.peg.2256.site.35, 1, 116, 117
411483.3.peg.2256.site.36, 4, 133, 137
411483.3.peg.2256.site.37, 22, 133, 155
411483.3.peg.2256.site.38, 14, 129, 143
411483.3.peg.2256.site.39, 1, 130, 131
411483.3.peg.2256.site.40, 5, 95, 100
411483.3.peg.2256.site.41, 2, 123, 125
411483.3.peg.2256.site.42, 4, 133, 137
411483.3.peg.2256.site.43, 1, 141, 142
411483.3.peg.2256.site.44, 8, 145, 153
411483.3.peg.2256.site.45, 34, 146, 180
411483.3.peg.2256.site.46, 1, 148, 149
411483.3.peg.2256.site.47, 2, 147, 149
411483.3.peg.2256.site.48, 0, 148, 148
411483.3.peg.2256.site.49, 2, 145, 147
411483.3.peg.2256.site.50, 11, 143, 154
411483.3.peg.2256.site.51, 22, 137, 159
411483.3.peg.2256.site.52, 6, 145, 151
411483.3.peg.2256.site.53, 4, 140, 144
411483.3.peg.2256.site.54, 1, 134, 135
411483.3.peg.2256.site.55, 13, 142, 155
411483.3.peg.2256.site.56, 3, 138, 141
411483.3.peg.2256.site.57, 2, 135, 137
411483.3.peg.2256.site.58, 8, 134, 142
411483.3.peg.2256.site.59, 0, 131, 131
411483.3.peg.2256.site.60, 0, 130, 130
411483.3.peg.2256.site.61, 10, 117, 127
411483.3.peg.2256.site.62, 3, 119, 122
411483.3.peg.2256.site.63, 2, 119, 121
411483.3.peg.2256.site.64, 3, 120, 123
411483.3.peg.2256.site.65, 2, 118, 120
411483.3.peg.2256.site.66, 2, 112, 114
411483.3.peg.2256.site.67, 2, 115, 117
411483.3.peg.2256.site.68, 1, 122, 123
411483.3.peg.2256.site.69, 1, 122, 123
411483.3.peg.2256.site.70, 7, 122, 129
411483.3.peg.2256.site.71, 2, 127, 129
411483.3.peg.2256.site.72, 5, 125, 130
411483.3.peg.2256.site.73, 2, 130, 132
411483.3.peg.2256.site.74, 1, 126, 127
411483.3.peg.2256.site.75, 1, 122, 123
411483.3.peg.2256.site.76, 2, 120, 122
411483.3.peg.2256.site.77, 71, 101, 172
411483.3.peg.2256.site.78, 9, 106, 115
411483.3.peg.2256.site.79, 2, 100, 102
411483.3.peg.2256.site.80, 1, 107, 108
411483.3.peg.2256.site.81, 7, 102, 109
411483.3.peg.2256.site.82, 19, 104, 123
411483.3.peg.2256.site.83, 7, 99, 106
411483.3.peg.2256.site.84, 37, 97, 134
411483.3.peg.2256.site.85, 2, 92, 94
411483.3.peg.2257.site.1, 8, 144, 152
411483.3.peg.2257.site.2, 2, 149, 151
411483.3.peg.2257.site.3, 2, 152, 154
411483.3.peg.2257.site.4, 1, 152, 153
411483.3.peg.2257.site.5, 9, 154, 163
411483.3.peg.2257.site.6, 9, 151, 160
411483.3.peg.2257.site.7, 17, 150, 167
411483.3.peg.2257.site.8, 9, 155, 164
411483.3.peg.2257.site.9, 4, 154, 158
411483.3.peg.2257.site.10, 7, 149, 156
411483.3.peg.2257.site.11, 2, 155, 157
411483.3.peg.2257.site.12, 2, 154, 156
411483.3.peg.2257.site.13, 18, 152, 170
411483.3.peg.2257.site.14, 2, 155, 157
411483.3.peg.2257.site.15, 1, 152, 153
411483.3.peg.2257.site.16, 2, 153, 155
411483.3.peg.2257.site.17, 2, 149, 151
411483.3.peg.2257.site.18, 1, 148, 149
411483.3.peg.2257.site.19, 0, 152, 152
411483.3.peg.2257.site.20, 0, 148, 148
411483.3.peg.2257.site.21, 0, 143, 143
411483.3.peg.2257.site.22, 88, 127, 215
411483.3.peg.2257.site.23, 8, 139, 147
411483.3.peg.2257.site.24, 5, 144, 149
411483.3.peg.2257.site.25, 2, 133, 135
411483.3.peg.2257.site.26, 0, 130, 130
411483.3.peg.2257.site.27, 1, 135, 136
411483.3.peg.2257.site.28, 5, 142, 147
411483.3.peg.2257.site.29, 9, 138, 147
411483.3.peg.2257.site.30, 10, 137, 147
411483.3.peg.2257.site.31, 0, 144, 144
411483.3.peg.2257.site.32, 37, 136, 173
411483.3.peg.2257.site.33, 1, 144, 145
411483.3.peg.2257.site.34, 20, 144, 164
411483.3.peg.2257.site.35, 1, 153, 154
411483.3.peg.2257.site.36, 149, 152, 301
411483.3.peg.2257.site.37, 2, 153, 155
411483.3.peg.2257.site.38, 5, 153, 158
411483.3.peg.2257.site.39, 151, 153, 304
411483.3.peg.2257.site.40, 13, 149, 162
411483.3.peg.2257.site.41, 1, 154, 155
411483.3.peg.2257.site.42, 0, 154, 154
411483.3.peg.2257.site.43, 1, 154, 155
411483.3.peg.2257.site.44, 22, 146, 168
411483.3.peg.2257.site.45, 45, 147, 192
411483.3.peg.2257.site.46, 3, 153, 156
411483.3.peg.2257.site.47, 1, 150, 151
411483.3.peg.2257.site.48, 8, 153, 161
411483.3.peg.2257.site.49, 135, 149, 284
411483.3.peg.2257.site.50, 1, 152, 153
411483.3.peg.2257.site.51, 0, 153, 153
411483.3.peg.2257.site.52, 10, 152, 162
411483.3.peg.2257.site.53, 4, 152, 156
411483.3.peg.2257.site.54, 5, 148, 153
411483.3.peg.2257.site.55, 2, 154, 156
411483.3.peg.2257.site.56, 4, 151, 155
411483.3.peg.2257.site.57, 3, 154, 157
411483.3.peg.2257.site.58, 8, 150, 158
411483.3.peg.2257.site.59, 1, 150, 151
411483.3.peg.2257.site.60, 12, 148, 160
411483.3.peg.2257.site.61, 2, 151, 153
411483.3.peg.2257.site.62, 1, 151, 152
411483.3.peg.2257.site.63, 6, 152, 158
411483.3.peg.2257.site.64, 3, 148, 151
411483.3.peg.2257.site.65, 18, 148, 166
411483.3.peg.2257.site.66, 4, 152, 156
411483.3.peg.2257.site.67, 1, 151, 152
411483.3.peg.2257.site.68, 16, 154, 170
411483.3.peg.2257.site.69, 8, 153, 161
411483.3.peg.2257.site.70, 1, 150, 151
411483.3.peg.2257.site.71, 5, 151, 156
411483.3.peg.2257.site.72, 13, 148, 161
411483.3.peg.2257.site.73, 30, 137, 167
411483.3.peg.2257.site.74, 24, 139, 163
411483.3.peg.2257.site.75, 7, 134, 141
411483.3.peg.2257.site.76, 23, 134, 157
411483.3.peg.2257.site.77, 2, 150, 152
411483.3.peg.2257.site.78, 6, 149, 155
411483.3.peg.2257.site.79, 1, 149, 150
411483.3.peg.2257.site.80, 8, 152, 160
411483.3.peg.2257.site.81, 6, 153, 159
411483.3.peg.2257.site.82, 1, 155, 156
411483.3.peg.2257.site.83, 5, 155, 160
411483.3.peg.2257.site.84, 0, 153, 153
411483.3.peg.2257.site.85, 2, 154, 156
411483.3.peg.2257.site.86, 23, 147, 170
411483.3.peg.2257.site.87, 0, 154, 154
411483.3.peg.2257.site.88, 62, 149, 211
411483.3.peg.2257.site.89, 2, 153, 155
411483.3.peg.2257.site.90, 22, 150, 172
411483.3.peg.2257.site.91, 5, 152, 157
411483.3.peg.2257.site.92, 4, 154, 158
411483.3.peg.2257.site.93, 5, 153, 158
411483.3.peg.2257.site.94, 4, 151, 155
411483.3.peg.2257.site.95, 24, 150, 174
411483.3.peg.2257.site.96, 1, 151, 152
411483.3.peg.2257.site.97, 3, 137, 140
411483.3.peg.2257.site.98, 5, 145, 150
411483.3.peg.2257.site.99, 8, 145, 153
411483.3.peg.2257.site.100, 3, 150, 153
411483.3.peg.2257.site.101, 5, 150, 155
411483.3.peg.2257.site.102, 2, 150, 152
411483.3.peg.2257.site.103, 1, 153, 154
411483.3.peg.2257.site.104, 4, 149, 153
411483.3.peg.2257.site.105, 16, 148, 164
411483.3.peg.2257.site.106, 4, 155, 159
411483.3.peg.2257.site.107, 38, 144, 182
411483.3.peg.2257.site.108, 6, 148, 154
411483.3.peg.2257.site.109, 15, 146, 161
411483.3.peg.2254.site.1, 10, 64, 74
411483.3.peg.2254.site.2, 11, 70, 81
411483.3.peg.2254.site.3, 1, 80, 81
411483.3.peg.2254.site.4, 1, 100, 101
411483.3.peg.2254.site.5, 101, 101, 202
411483.3.peg.2254.site.6, 0, 102, 102
411483.3.peg.2254.site.7, 1, 124, 125
411483.3.peg.2254.site.8, 1, 155, 156
411483.3.peg.2254.site.9, 0, 155, 155
411483.3.peg.2254.site.10, 0, 154, 154
411483.3.peg.2254.site.11, 1, 149, 150
411483.3.peg.2254.site.12, 4, 155, 159
411483.3.peg.2254.site.13, 0, 153, 153
411483.3.peg.2254.site.14, 10, 152, 162
411483.3.peg.2254.site.15, 0, 152, 152
411483.3.peg.2254.site.16, 4, 153, 157
411483.3.peg.2254.site.17, 1, 155, 156
411483.3.peg.2254.site.18, 0, 155, 155
411483.3.peg.2254.site.19, 9, 154, 163
411483.3.peg.2254.site.20, 69, 145, 214
411483.3.peg.2254.site.21, 2, 149, 151
411483.3.peg.2254.site.22, 0, 152, 152
411483.3.peg.2254.site.23, 0, 151, 151
411483.3.peg.2254.site.24, 2, 153, 155
411483.3.peg.2254.site.25, 1, 154, 155
411483.3.peg.2254.site.26, 4, 154, 158
411483.3.peg.2254.site.27, 10, 153, 163
411483.3.peg.2254.site.28, 1, 153, 154
411483.3.peg.2254.site.29, 6, 154, 160
411483.3.peg.2254.site.30, 1, 154, 155
411483.3.peg.2254.site.31, 4, 152, 156
411483.3.peg.2254.site.32, 8, 152, 160
411483.3.peg.2254.site.33, 25, 149, 174
411483.3.peg.2254.site.34, 1, 151, 152
411483.3.peg.2254.site.35, 2, 152, 154
411483.3.peg.2254.site.36, 2, 153, 155
411483.3.peg.2254.site.37, 8, 145, 153
411483.3.peg.2254.site.38, 2, 149, 151
411483.3.peg.2254.site.39, 9, 148, 157
411483.3.peg.2254.site.40, 5, 141, 146
411483.3.peg.2254.site.41, 0, 142, 142
411483.3.peg.2254.site.42, 0, 144, 144
411483.3.peg.2254.site.43, 4, 138, 142
411483.3.peg.2254.site.44, 7, 128, 135
411483.3.peg.2254.site.45, 136, 139, 275
411483.3.peg.2254.site.46, 1, 144, 145
411483.3.peg.2254.site.47, 105, 135, 240
411483.3.peg.2254.site.48, 2, 141, 143
411483.3.peg.2254.site.49, 3, 143, 146
411483.3.peg.2254.site.50, 7, 143, 150
411483.3.peg.2254.site.51, 0, 145, 145
411483.3.peg.2254.site.52, 25, 135, 160
411483.3.peg.2254.site.53, 5, 151, 156
411483.3.peg.2254.site.54, 8, 149, 157
411483.3.peg.2254.site.55, 5, 151, 156
411483.3.peg.2254.site.56, 14, 151, 165
411483.3.peg.2254.site.57, 10, 151, 161
411483.3.peg.2254.site.58, 14, 147, 161
411483.3.peg.2254.site.59, 0, 149, 149
411483.3.peg.2254.site.60, 0, 150, 150
411483.3.peg.2254.site.61, 3, 153, 156
411483.3.peg.2254.site.62, 45, 136, 181
411483.3.peg.2254.site.63, 1, 150, 151
411483.3.peg.2254.site.64, 1, 145, 146
411483.3.peg.2254.site.65, 20, 139, 159
411483.3.peg.2254.site.66, 61, 121, 182
411483.3.peg.2254.site.67, 76, 114, 190
411483.3.peg.2254.site.68, 44, 116, 160
411483.3.peg.2254.site.69, 1, 128, 129
411483.3.peg.2254.site.70, 1, 122, 123
411483.3.peg.2254.site.71, 2, 124, 126
411483.3.peg.2254.site.72, 29, 115, 144
411483.3.peg.2254.site.73, 1, 130, 131
411483.3.peg.2254.site.74, 7, 123, 130
411483.3.peg.2254.site.75, 2, 131, 133
411483.3.peg.2254.site.76, 1, 137, 138
411483.3.peg.2254.site.77, 0, 143, 143
411483.3.peg.2254.site.78, 6, 144, 150
411483.3.peg.2254.site.79, 1, 143, 144
411483.3.peg.2254.site.80, 9, 143, 152
411483.3.peg.2254.site.81, 1, 144, 145
411483.3.peg.2254.site.82, 13, 142, 155
411483.3.peg.2254.site.83, 3, 145, 148
411483.3.peg.2254.site.84, 2, 145, 147
411483.3.peg.2254.site.85, 3, 148, 151
411483.3.peg.2254.site.86, 0, 145, 145
411483.3.peg.2254.site.87, 0, 141, 141
411483.3.peg.2254.site.88, 5, 144, 149
411483.3.peg.2254.site.89, 7, 141, 148
411483.3.peg.2254.site.90, 7, 141, 148
411483.3.peg.2254.site.91, 2, 146, 148
411483.3.peg.2254.site.92, 2, 149, 151
411483.3.peg.2254.site.93, 2, 146, 148
411483.3.peg.2254.site.94, 5, 144, 149
411483.3.peg.2254.site.95, 23, 140, 163
411483.3.peg.2254.site.96, 3, 146, 149
411483.3.peg.2254.site.97, 1, 143, 144
411483.3.peg.2254.site.98, 1, 146, 147
411483.3.peg.2254.site.99, 4, 141, 145
411483.3.peg.2254.site.100, 132, 134, 266
411483.3.peg.2254.site.101, 16, 132, 148
411483.3.peg.2254.site.102, 1, 141, 142
411483.3.peg.2254.site.103, 2, 140, 142
411483.3.peg.2254.site.104, 2, 139, 141
411483.3.peg.2254.site.105, 1, 146, 147
411483.3.peg.2254.site.106, 2, 147, 149
411483.3.peg.2254.site.107, 0, 153, 153
411483.3.peg.2254.site.108, 2, 153, 155
411483.3.peg.2255.site.1, 0, 154, 154
411483.3.peg.2255.site.2, 10, 151, 161
411483.3.peg.2255.site.3, 1, 154, 155
411483.3.peg.2255.site.4, 49, 145, 194
411483.3.peg.2255.site.5, 7, 153, 160
411483.3.peg.2255.site.6, 3, 153, 156
411483.3.peg.2255.site.7, 0, 154, 154
411483.3.peg.2255.site.8, 3, 152, 155
411483.3.peg.2255.site.9, 16, 145, 161
411483.3.peg.2255.site.10, 126, 148, 274
411483.3.peg.2255.site.11, 1, 154, 155
411483.3.peg.2255.site.12, 8, 152, 160
411483.3.peg.2255.site.13, 1, 155, 156
411483.3.peg.2255.site.14, 3, 154, 157
411483.3.peg.2255.site.15, 2, 155, 157
411483.3.peg.2255.site.16, 13, 151, 164
411483.3.peg.2255.site.17, 5, 154, 159
411483.3.peg.2255.site.18, 14, 150, 164
411483.3.peg.2255.site.19, 12, 154, 166
411483.3.peg.2255.site.20, 0, 151, 151
411483.3.peg.2250.site.1, 1, 152, 153
411483.3.peg.2250.site.2, 11, 147, 158
411483.3.peg.2250.site.3, 1, 152, 153
411483.3.peg.2250.site.4, 9, 153, 162
411483.3.peg.2250.site.5, 5, 152, 157
411483.3.peg.2250.site.6, 3, 154, 157
411483.3.peg.2250.site.7, 49, 140, 189
411483.3.peg.2250.site.8, 3, 153, 156
411483.3.peg.2250.site.9, 40, 141, 181
411483.3.peg.2250.site.10, 40, 144, 184
411483.3.peg.2250.site.11, 2, 151, 153
411483.3.peg.2250.site.12, 34, 145, 179
411483.3.peg.2250.site.13, 2, 149, 151
411483.3.peg.2250.site.14, 1, 146, 147
411483.3.peg.2250.site.15, 3, 152, 155
411483.3.peg.2250.site.16, 0, 148, 148
411483.3.peg.2250.site.17, 118, 147, 265
411483.3.peg.2250.site.18, 2, 151, 153
411483.3.peg.2250.site.19, 5, 150, 155
411483.3.peg.2250.site.20, 12, 145, 157
411483.3.peg.2250.site.21, 0, 149, 149
411483.3.peg.2250.site.22, 4, 151, 155
411483.3.peg.2250.site.23, 5, 152, 157
411483.3.peg.2250.site.24, 3, 155, 158
411483.3.peg.2250.site.25, 13, 148, 161
411483.3.peg.2250.site.26, 3, 147, 150
411483.3.peg.2250.site.27, 3, 148, 151
411483.3.peg.2250.site.28, 26, 135, 161
411483.3.peg.2250.site.29, 1, 118, 119
411483.3.peg.2250.site.30, 5, 125, 130
411483.3.peg.2250.site.31, 2, 123, 125
411483.3.peg.2250.site.32, 2, 117, 119
411483.3.peg.2250.site.33, 29, 98, 127
411483.3.peg.2250.site.34, 11, 99, 110
411483.3.peg.2250.site.35, 51, 93, 144
411483.3.peg.2250.site.36, 84, 104, 188
411483.3.peg.2250.site.37, 1, 108, 109
411483.3.peg.2250.site.38, 1, 122, 123
411483.3.peg.2250.site.39, 6, 135, 141
411483.3.peg.2250.site.40, 9, 144, 153
411483.3.peg.2250.site.41, 3, 143, 146
411483.3.peg.2250.site.42, 1, 145, 146
411483.3.peg.2250.site.43, 0, 145, 145
411483.3.peg.2250.site.44, 4, 144, 148
411483.3.peg.2250.site.45, 4, 145, 149
411483.3.peg.2250.site.46, 5, 147, 152
411483.3.peg.2250.site.47, 6, 144, 150
411483.3.peg.2250.site.48, 14, 145, 159
411483.3.peg.2250.site.49, 22, 146, 168
411483.3.peg.2250.site.50, 4, 148, 152
411483.3.peg.2250.site.51, 6, 146, 152
411483.3.peg.2250.site.52, 2, 143, 145
411483.3.peg.2250.site.53, 6, 144, 150
411483.3.peg.2250.site.54, 76, 136, 212
411483.3.peg.2250.site.55, 12, 138, 150
411483.3.peg.2250.site.56, 28, 147, 175
411483.3.peg.2250.site.57, 1, 149, 150
411483.3.peg.2250.site.58, 1, 155, 156
411483.3.peg.2250.site.59, 2, 154, 156
411483.3.peg.2250.site.60, 1, 152, 153
411483.3.peg.2250.site.61, 5, 155, 160
411483.3.peg.2250.site.62, 1, 155, 156
411483.3.peg.2250.site.63, 0, 153, 153
411483.3.peg.2250.site.64, 1, 154, 155
411483.3.peg.2250.site.65, 7, 150, 157
411483.3.peg.2250.site.66, 0, 152, 152
411483.3.peg.2250.site.67, 5, 130, 135
411483.3.peg.2250.site.68, 4, 123, 127
411483.3.peg.2250.site.69, 83, 112, 195
411483.3.peg.2250.site.70, 2, 107, 109
411483.3.peg.2250.site.71, 8, 112, 120
411483.3.peg.2250.site.72, 3, 120, 123
411483.3.peg.2250.site.73, 3, 144, 147
411483.3.peg.2250.site.74, 1, 145, 146
411483.3.peg.2250.site.75, 3, 147, 150
411483.3.peg.2250.site.76, 2, 144, 146
411483.3.peg.2250.site.77, 9, 131, 140
411483.3.peg.2250.site.78, 1, 133, 134
411483.3.peg.2250.site.79, 89, 119, 208
411483.3.peg.2250.site.80, 5, 125, 130
411483.3.peg.2250.site.81, 5, 122, 127
411483.3.peg.2250.site.82, 68, 104, 172
411483.3.peg.2250.site.83, 20, 107, 127
411483.3.peg.2250.site.84, 5, 112, 117
411483.3.peg.2250.site.85, 67, 117, 184
411483.3.peg.2250.site.86, 1, 130, 131
411483.3.peg.2250.site.87, 0, 129, 129
411483.3.peg.2250.site.88, 5, 138, 143
411483.3.peg.2250.site.89, 2, 144, 146
411483.3.peg.2250.site.90, 7, 142, 149
411483.3.peg.2250.site.91, 27, 140, 167
411483.3.peg.2250.site.92, 13, 144, 157
411483.3.peg.2250.site.93, 8, 151, 159
411483.3.peg.2250.site.94, 6, 153, 159
411483.3.peg.2250.site.95, 69, 141, 210
411483.3.peg.2250.site.96, 1, 153, 154
411483.3.peg.2250.site.97, 57, 143, 200
411483.3.peg.2250.site.98, 6, 150, 156
411483.3.peg.2250.site.99, 2, 152, 154
411483.3.peg.2250.site.100, 0, 147, 147
411483.3.peg.2250.site.101, 1, 146, 147
411483.3.peg.2250.site.102, 0, 147, 147
411483.3.peg.2250.site.103, 4, 150, 154
411483.3.peg.2250.site.104, 122, 138, 260
411483.3.peg.2250.site.105, 2, 150, 152
411483.3.peg.2250.site.106, 2, 149, 151
411483.3.peg.2250.site.107, 1, 145, 146
411483.3.peg.2250.site.108, 1, 143, 144
411483.3.peg.2250.site.109, 7, 144, 151
411483.3.peg.2250.site.110, 1, 148, 149
411483.3.peg.2250.site.111, 3, 148, 151
411483.3.peg.2250.site.112, 2, 151, 153
411483.3.peg.2250.site.113, 1, 149, 150
411483.3.peg.2250.site.114, 4, 150, 154
411483.3.peg.2250.site.115, 1, 149, 150
411483.3.peg.2250.site.116, 21, 145, 166
411483.3.peg.2250.site.117, 5, 146, 151
411483.3.peg.2250.site.118, 4, 148, 152
411483.3.peg.2250.site.119, 7, 148, 155
411483.3.peg.2250.site.120, 3, 152, 155
411483.3.peg.2251.site.1, 55, 139, 194
411483.3.peg.2251.site.2, 16, 137, 153
411483.3.peg.2251.site.3, 2, 128, 130
411483.3.peg.2251.site.4, 1, 115, 116
411483.3.peg.2251.site.5, 6, 118, 124
411483.3.peg.2251.site.6, 6, 123, 129
411483.3.peg.2251.site.7, 2, 128, 130
411483.3.peg.2251.site.8, 8, 128, 136
411483.3.peg.2251.site.9, 25, 135, 160
411483.3.peg.2251.site.10, 0, 138, 138
411483.3.peg.2251.site.11, 1, 128, 129
411483.3.peg.2251.site.12, 29, 118, 147
411483.3.peg.2251.site.13, 3, 125, 128
411483.3.peg.2251.site.14, 1, 114, 115
411483.3.peg.2251.site.15, 18, 123, 141
411483.3.peg.2251.site.16, 44, 129, 173
411483.3.peg.2251.site.17, 32, 130, 162
411483.3.peg.2251.site.18, 64, 127, 191
411483.3.peg.2251.site.19, 0, 136, 136
411483.3.peg.2251.site.20, 1, 138, 139
411483.3.peg.2251.site.21, 3, 137, 140
411483.3.peg.2251.site.22, 16, 138, 154
411483.3.peg.2251.site.23, 5, 145, 150
411483.3.peg.2251.site.24, 4, 146, 150
411483.3.peg.2251.site.25, 1, 146, 147
411483.3.peg.2251.site.26, 0, 148, 148
411483.3.peg.2251.site.27, 0, 147, 147
411483.3.peg.2251.site.28, 16, 144, 160
411483.3.peg.2251.site.29, 88, 129, 217
411483.3.peg.2251.site.30, 1, 146, 147
411483.3.peg.2251.site.31, 0, 147, 147
411483.3.peg.2251.site.32, 7, 146, 153
411483.3.peg.2251.site.33, 5, 147, 152
411483.3.peg.2251.site.34, 3, 147, 150
411483.3.peg.2251.site.35, 2, 145, 147
411483.3.peg.2251.site.36, 0, 150, 150
411483.3.peg.2251.site.37, 22, 144, 166
411483.3.peg.2251.site.38, 144, 146, 290
411483.3.peg.2251.site.39, 3, 146, 149
411483.3.peg.2251.site.40, 9, 142, 151
411483.3.peg.2251.site.41, 25, 141, 166
411483.3.peg.2251.site.42, 5, 152, 157
411483.3.peg.2251.site.43, 113, 144, 257
411483.3.peg.2251.site.44, 5, 150, 155
411483.3.peg.2251.site.45, 66, 146, 212
411483.3.peg.2251.site.46, 0, 151, 151
411483.3.peg.2251.site.47, 6, 151, 157
411483.3.peg.2251.site.48, 12, 145, 157
411483.3.peg.2251.site.49, 11, 150, 161
411483.3.peg.2251.site.50, 7, 150, 157
411483.3.peg.2251.site.51, 1, 152, 153
411483.3.peg.2251.site.52, 1, 153, 154
411483.3.peg.2251.site.53, 6, 151, 157
411483.3.peg.2251.site.54, 2, 150, 152
411483.3.peg.2251.site.55, 8, 147, 155
411483.3.peg.2251.site.56, 1, 151, 152
411483.3.peg.2251.site.57, 2, 154, 156
411483.3.peg.2251.site.58, 13, 148, 161
411483.3.peg.2251.site.59, 5, 152, 157
411483.3.peg.2251.site.60, 0, 153, 153
411483.3.peg.2251.site.61, 9, 150, 159
411483.3.peg.2251.site.62, 4, 152, 156
411483.3.peg.2251.site.63, 0, 152, 152
411483.3.peg.2251.site.64, 2, 152, 154
411483.3.peg.2708.site.1, 63, 145, 208
411483.3.peg.2708.site.2, 2, 152, 154
411483.3.peg.2708.site.3, 2, 152, 154
411483.3.peg.2708.site.4, 2, 152, 154
411483.3.peg.2708.site.5, 2, 154, 156
411483.3.peg.2708.site.6, 143, 151, 294
411483.3.peg.2708.site.7, 4, 155, 159
411483.3.peg.2708.site.8, 5, 153, 158
411483.3.peg.2708.site.9, 3, 155, 158
411483.3.peg.2708.site.10, 1, 154, 155
411483.3.peg.2708.site.11, 9, 151, 160
411483.3.peg.2708.site.12, 113, 149, 262
411483.3.peg.2708.site.13, 1, 155, 156
411483.3.peg.2708.site.14, 5, 152, 157
411483.3.peg.2708.site.15, 4, 148, 152
411483.3.peg.2708.site.16, 1, 149, 150
411483.3.peg.2708.site.17, 7, 136, 143
411483.3.peg.2708.site.18, 3, 135, 138
411483.3.peg.2709.site.1, 10, 114, 124
411483.3.peg.2709.site.2, 23, 115, 138
411483.3.peg.2709.site.3, 30, 113, 143
411483.3.peg.2709.site.4, 18, 128, 146
411483.3.peg.2709.site.5, 0, 139, 139
411483.3.peg.2709.site.6, 4, 138, 142
411483.3.peg.2709.site.7, 0, 141, 141
411483.3.peg.2709.site.8, 92, 135, 227
411483.3.peg.2709.site.9, 23, 139, 162
411483.3.peg.2709.site.10, 40, 137, 177
411483.3.peg.2709.site.11, 41, 146, 187
411483.3.peg.2709.site.12, 38, 146, 184
411483.3.peg.2709.site.13, 2, 152, 154
411483.3.peg.2709.site.14, 1, 152, 153
411483.3.peg.2709.site.15, 1, 151, 152
411483.3.peg.2709.site.16, 2, 151, 153
411483.3.peg.2709.site.17, 4, 151, 155
411483.3.peg.2709.site.18, 2, 155, 157
411483.3.peg.2709.site.19, 44, 148, 192
411483.3.peg.2709.site.20, 1, 154, 155
411483.3.peg.2709.site.21, 1, 154, 155
411483.3.peg.2709.site.22, 3, 151, 154
411483.3.peg.2709.site.23, 1, 153, 154
411483.3.peg.2709.site.24, 57, 139, 196
411483.3.peg.2709.site.25, 1, 153, 154
411483.3.peg.2709.site.26, 37, 139, 176
411483.3.peg.2709.site.27, 0, 148, 148
411483.3.peg.2709.site.28, 4, 145, 149
411483.3.peg.2709.site.29, 8, 142, 150
411483.3.peg.2709.site.30, 4, 150, 154
411483.3.peg.2709.site.31, 149, 150, 299
411483.3.peg.2709.site.32, 4, 144, 148
411483.3.peg.2709.site.33, 13, 139, 152
411483.3.peg.2709.site.34, 2, 148, 150
411483.3.peg.2709.site.35, 7, 139, 146
411483.3.peg.2709.site.36, 7, 145, 152
411483.3.peg.2709.site.37, 16, 146, 162
411483.3.peg.2709.site.38, 22, 146, 168
411483.3.peg.2709.site.39, 2, 152, 154
411483.3.peg.2709.site.40, 9, 146, 155
411483.3.peg.2709.site.41, 2, 153, 155
411483.3.peg.2709.site.42, 15, 147, 162
411483.3.peg.2709.site.43, 32, 134, 166
411483.3.peg.2709.site.44, 0, 148, 148
411483.3.peg.2709.site.45, 5, 148, 153
411483.3.peg.2709.site.46, 1, 152, 153
411483.3.peg.2709.site.47, 0, 150, 150
411483.3.peg.2709.site.48, 31, 138, 169
411483.3.peg.2709.site.49, 81, 141, 222
411483.3.peg.2709.site.50, 9, 149, 158
411483.3.peg.2709.site.51, 0, 149, 149
411483.3.peg.2709.site.52, 14, 149, 163
411483.3.peg.2709.site.53, 60, 140, 200
411483.3.peg.2709.site.54, 1, 152, 153
411483.3.peg.2709.site.55, 5, 149, 154
411483.3.peg.2709.site.56, 11, 153, 164
411483.3.peg.2709.site.57, 15, 149, 164
411483.3.peg.2709.site.58, 1, 152, 153
411483.3.peg.2709.site.59, 89, 148, 237
411483.3.peg.2709.site.60, 47, 145, 192
411483.3.peg.2709.site.61, 1, 153, 154
411483.3.peg.2709.site.62, 49, 142, 191
411483.3.peg.2709.site.63, 2, 148, 150
411483.3.peg.2709.site.64, 7, 153, 160
411483.3.peg.2709.site.65, 13, 153, 166
411483.3.peg.2709.site.66, 117, 147, 264
411483.3.peg.2709.site.67, 0, 154, 154
411483.3.peg.2258.site.1, 12, 132, 144
411483.3.peg.2258.site.2, 1, 144, 145
411483.3.peg.2258.site.3, 5, 148, 153
411483.3.peg.2258.site.4, 3, 149, 152
411483.3.peg.2258.site.5, 21, 150, 171
411483.3.peg.2258.site.6, 3, 154, 157
411483.3.peg.2258.site.7, 4, 154, 158
411483.3.peg.2258.site.8, 3, 151, 154
411483.3.peg.2258.site.9, 1, 153, 154
411483.3.peg.2258.site.10, 3, 150, 153
411483.3.peg.2258.site.11, 44, 145, 189
411483.3.peg.2258.site.12, 2, 136, 138
411483.3.peg.2258.site.13, 6, 145, 151
411483.3.peg.2258.site.14, 6, 143, 149
411483.3.peg.2258.site.15, 2, 144, 146
411483.3.peg.2258.site.16, 145, 151, 296
411483.3.peg.2258.site.17, 3, 153, 156
411483.3.peg.2258.site.18, 8, 152, 160
411483.3.peg.2258.site.19, 13, 149, 162
411483.3.peg.2258.site.20, 2, 145, 147
411483.3.peg.2258.site.21, 3, 142, 145
411483.3.peg.2258.site.22, 1, 141, 142
411483.3.peg.2258.site.23, 10, 141, 151
411483.3.peg.2258.site.24, 4, 149, 153
411483.3.peg.2258.site.25, 4, 147, 151
411483.3.peg.2258.site.26, 4, 143, 147
411483.3.peg.2258.site.27, 1, 147, 148
411483.3.peg.2258.site.28, 0, 148, 148
411483.3.peg.2258.site.29, 1, 147, 148
411483.3.peg.2258.site.30, 11, 147, 158
411483.3.peg.2258.site.31, 148, 154, 302
411483.3.peg.2258.site.32, 9, 150, 159
411483.3.peg.2258.site.33, 0, 150, 150
411483.3.peg.2258.site.34, 5, 148, 153
411483.3.peg.2258.site.35, 6, 150, 156
411483.3.peg.2258.site.36, 2, 153, 155
411483.3.peg.2258.site.37, 2, 154, 156
411483.3.peg.2258.site.38, 5, 151, 156
411483.3.peg.2258.site.39, 0, 154, 154
411483.3.peg.2258.site.40, 7, 148, 155
411483.3.peg.2258.site.41, 11, 150, 161
411483.3.peg.2258.site.42, 12, 153, 165
411483.3.peg.2258.site.43, 3, 150, 153
411483.3.peg.2258.site.44, 3, 152, 155
411483.3.peg.2258.site.45, 1, 154, 155
411483.3.peg.2258.site.46, 3, 151, 154
411483.3.peg.2258.site.47, 0, 145, 145
411483.3.peg.2258.site.48, 0, 150, 150
411483.3.peg.2258.site.49, 4, 149, 153
411483.3.peg.2258.site.50, 2, 154, 156
411483.3.peg.2258.site.51, 1, 153, 154
411483.3.peg.332.site.1, 62, 128, 190
411483.3.peg.332.site.2, 63, 132, 195
411483.3.peg.332.site.3, 7, 138, 145
411483.3.peg.332.site.4, 3, 143, 146
411483.3.peg.332.site.5, 10, 135, 145
411483.3.peg.332.site.6, 35, 139, 174
411483.3.peg.332.site.7, 4, 137, 141
411483.3.peg.332.site.8, 32, 130, 162
411483.3.peg.332.site.9, 1, 133, 134
411483.3.peg.332.site.10, 23, 109, 132
411483.3.peg.332.site.11, 16, 118, 134
411483.3.peg.332.site.12, 2, 112, 114
411483.3.peg.332.site.13, 3, 124, 127
411483.3.peg.332.site.14, 1, 128, 129
411483.3.peg.332.site.15, 1, 128, 129
411483.3.peg.332.site.16, 0, 132, 132
411483.3.peg.332.site.17, 0, 138, 138
411483.3.peg.332.site.18, 0, 138, 138
411483.3.peg.332.site.19, 4, 138, 142
411483.3.peg.332.site.20, 0, 135, 135
411483.3.peg.332.site.21, 0, 137, 137
411483.3.peg.332.site.22, 14, 141, 155
411483.3.peg.332.site.23, 59, 135, 194
411483.3.peg.332.site.24, 1, 130, 131
411483.3.peg.332.site.25, 7, 106, 113
411483.3.peg.332.site.26, 3, 97, 100
411483.3.peg.332.site.27, 1, 86, 87
411483.3.peg.332.site.28, 13, 74, 87
411483.3.peg.332.site.29, 1, 71, 72
411483.3.peg.332.site.30, 22, 38, 60
411483.3.peg.332.site.31, 10, 34, 44
411483.3.peg.332.site.32, 2, 56, 58
411483.3.peg.332.site.33, 0, 58, 58
411483.3.peg.332.site.34, 3, 71, 74
411483.3.peg.332.site.35, 1, 76, 77
411483.3.peg.332.site.36, 1, 74, 75
411483.3.peg.332.site.37, 3, 103, 106
411483.3.peg.332.site.38, 52, 109, 161
411483.3.peg.332.site.39, 13, 114, 127
411483.3.peg.332.site.40, 11, 105, 116
411483.3.peg.332.site.41, 5, 92, 97
411483.3.peg.332.site.42, 100, 106, 206
411483.3.peg.332.site.43, 28, 87, 115
411483.3.peg.332.site.44, 91, 97, 188
411483.3.peg.332.site.45, 6, 101, 107
411483.3.peg.332.site.46, 1, 123, 124
411483.3.peg.332.site.47, 35, 125, 160
411483.3.peg.332.site.48, 0, 138, 138
411483.3.peg.332.site.49, 6, 143, 149
411483.3.peg.332.site.50, 0, 146, 146
411483.3.peg.332.site.51, 1, 132, 133
411483.3.peg.332.site.52, 1, 127, 128
411483.3.peg.332.site.53, 82, 119, 201
411483.3.peg.332.site.54, 125, 138, 263
411483.3.peg.332.site.55, 2, 146, 148
411483.3.peg.332.site.56, 5, 147, 152
411483.3.peg.332.site.57, 0, 145, 145
411483.3.peg.332.site.58, 0, 144, 144
411483.3.peg.332.site.59, 13, 125, 138
411483.3.peg.332.site.60, 5, 136, 141
411483.3.peg.332.site.61, 10, 131, 141
411483.3.peg.332.site.62, 112, 127, 239
411483.3.peg.332.site.63, 3, 133, 136
411483.3.peg.332.site.64, 2, 136, 138
411483.3.peg.332.site.65, 3, 137, 140
411483.3.peg.332.site.66, 2, 139, 141
411483.3.peg.332.site.67, 7, 141, 148
411483.3.peg.332.site.68, 1, 140, 141
411483.3.peg.332.site.69, 1, 139, 140
411483.3.peg.332.site.70, 2, 143, 145
411483.3.peg.332.site.71, 17, 143, 160
411483.3.peg.332.site.72, 9, 144, 153
411483.3.peg.332.site.73, 1, 148, 149
411483.3.peg.332.site.74, 3, 151, 154
411483.3.peg.332.site.75, 19, 147, 166
411483.3.peg.332.site.76, 12, 150, 162
411483.3.peg.332.site.77, 121, 145, 266
411483.3.peg.332.site.78, 4, 149, 153
411483.3.peg.332.site.79, 4, 153, 157
411483.3.peg.332.site.80, 4, 145, 149
411483.3.peg.332.site.81, 1, 152, 153
411483.3.peg.332.site.82, 8, 149, 157
411483.3.peg.332.site.83, 5, 151, 156
411483.3.peg.332.site.84, 1, 151, 152
411483.3.peg.332.site.85, 36, 142, 178
411483.3.peg.332.site.86, 2, 150, 152
411483.3.peg.332.site.87, 3, 148, 151
411483.3.peg.332.site.88, 1, 150, 151
411483.3.peg.332.site.89, 0, 148, 148
411483.3.peg.332.site.90, 0, 150, 150
411483.3.peg.332.site.91, 8, 152, 160
411483.3.peg.332.site.92, 1, 151, 152
411483.3.peg.332.site.93, 2, 151, 153
411483.3.peg.332.site.94, 2, 146, 148
411483.3.peg.332.site.95, 1, 144, 145
411483.3.peg.332.site.96, 8, 142, 150
411483.3.peg.332.site.97, 4, 142, 146
411483.3.peg.332.site.98, 5, 145, 150
411483.3.peg.332.site.99, 1, 144, 145
411483.3.peg.332.site.100, 137, 144, 281
411483.3.peg.332.site.101, 10, 143, 153
411483.3.peg.332.site.102, 4, 151, 155
411483.3.peg.332.site.103, 2, 149, 151
411483.3.peg.332.site.104, 10, 149, 159
411483.3.peg.332.site.105, 142, 151, 293
411483.3.peg.333.site.1, 10, 150, 160
411483.3.peg.333.site.2, 5, 153, 158
411483.3.peg.333.site.3, 1, 154, 155
411483.3.peg.333.site.4, 149, 151, 300
411483.3.peg.333.site.5, 1, 149, 150
411483.3.peg.333.site.6, 7, 147, 154
411483.3.peg.333.site.7, 4, 151, 155
411483.3.peg.333.site.8, 2, 151, 153
411483.3.peg.333.site.9, 10, 148, 158
411483.3.peg.333.site.10, 1, 154, 155
411483.3.peg.333.site.11, 0, 151, 151
411483.3.peg.333.site.12, 3, 155, 158
411483.3.peg.333.site.13, 4, 150, 154
411483.3.peg.333.site.14, 3, 153, 156
411483.3.peg.333.site.15, 0, 148, 148
411483.3.peg.333.site.16, 8, 150, 158
411483.3.peg.333.site.17, 127, 150, 277
411483.3.peg.333.site.18, 17, 148, 165
411483.3.peg.333.site.19, 4, 149, 153
411483.3.peg.333.site.20, 76, 136, 212
411483.3.peg.333.site.21, 1, 147, 148
411483.3.peg.333.site.22, 12, 133, 145
411483.3.peg.333.site.23, 14, 142, 156
411483.3.peg.333.site.24, 1, 126, 127
411483.3.peg.333.site.25, 14, 118, 132
411483.3.peg.333.site.26, 1, 116, 117
411483.3.peg.333.site.27, 10, 115, 125
411483.3.peg.333.site.28, 77, 108, 185
411483.3.peg.333.site.29, 56, 97, 153
411483.3.peg.333.site.30, 0, 103, 103
411483.3.peg.333.site.31, 16, 109, 125
411483.3.peg.333.site.32, 4, 118, 122
411483.3.peg.333.site.33, 0, 124, 124
411483.3.peg.333.site.34, 1, 125, 126
411483.3.peg.333.site.35, 1, 135, 136
411483.3.peg.333.site.36, 5, 126, 131
411483.3.peg.333.site.37, 1, 129, 130
411483.3.peg.333.site.38, 6, 103, 109
411483.3.peg.333.site.39, 1, 91, 92
411483.3.peg.333.site.40, 2, 88, 90
411483.3.peg.333.site.41, 103, 110, 213
411483.3.peg.333.site.42, 2, 113, 115
411483.3.peg.333.site.43, 0, 115, 115
411483.3.peg.333.site.44, 25, 135, 160
411483.3.peg.333.site.45, 2, 138, 140
411483.3.peg.333.site.46, 2, 132, 134
411483.3.peg.333.site.47, 9, 102, 111
411483.3.peg.333.site.48, 4, 95, 99
411483.3.peg.333.site.49, 1, 85, 86
411483.3.peg.333.site.50, 8, 93, 101
411483.3.peg.333.site.51, 4, 97, 101
411483.3.peg.333.site.52, 1, 93, 94
411483.3.peg.333.site.53, 91, 99, 190
411483.3.peg.333.site.54, 85, 95, 180
411483.3.peg.333.site.55, 31, 104, 135
411483.3.peg.333.site.56, 2, 104, 106
411483.3.peg.333.site.57, 0, 107, 107
411483.3.peg.333.site.58, 2, 113, 115
411483.3.peg.333.site.59, 2, 121, 123
411483.3.peg.333.site.60, 12, 124, 136
411483.3.peg.333.site.61, 4, 94, 98
411483.3.peg.333.site.62, 0, 93, 93
411483.3.peg.333.site.63, 0, 86, 86
411483.3.peg.333.site.64, 8, 83, 91
411483.3.peg.333.site.65, 5, 100, 105
411483.3.peg.333.site.66, 4, 113, 117
411483.3.peg.333.site.67, 111, 111, 222
411483.3.peg.333.site.68, 5, 120, 125
411483.3.peg.333.site.69, 6, 120, 126
411483.3.peg.333.site.70, 3, 127, 130
411483.3.peg.333.site.71, 135, 135, 270
411483.3.peg.333.site.72, 32, 129, 161
411483.3.peg.331.site.1, 24, 45, 69
411483.3.peg.331.site.2, 4, 63, 67
411483.3.peg.331.site.3, 15, 66, 81
411483.3.peg.331.site.4, 17, 69, 86
411483.3.peg.331.site.5, 17, 95, 112
411483.3.peg.331.site.6, 4, 122, 126
411483.3.peg.331.site.7, 8, 125, 133
411483.3.peg.331.site.8, 87, 119, 206
411483.3.peg.331.site.9, 1, 134, 135
411483.3.peg.331.site.10, 13, 136, 149
411483.3.peg.331.site.11, 17, 130, 147
411483.3.peg.331.site.12, 1, 142, 143
411483.3.peg.331.site.13, 16, 139, 155
411483.3.peg.331.site.14, 1, 140, 141
411483.3.peg.331.site.15, 65, 134, 199
411483.3.peg.331.site.16, 5, 134, 139
411483.3.peg.331.site.17, 1, 137, 138
411483.3.peg.331.site.18, 113, 125, 238
411483.3.peg.331.site.19, 0, 136, 136
411483.3.peg.331.site.20, 2, 139, 141
411483.3.peg.331.site.21, 4, 144, 148
411483.3.peg.331.site.22, 2, 139, 141
411483.3.peg.331.site.23, 1, 149, 150
411483.3.peg.331.site.24, 1, 148, 149
411483.3.peg.331.site.25, 8, 151, 159
411483.3.peg.331.site.26, 0, 151, 151
411483.3.peg.331.site.27, 0, 152, 152
411483.3.peg.331.site.28, 4, 150, 154
411483.3.peg.331.site.29, 2, 154, 156
411483.3.peg.331.site.30, 2, 154, 156
411483.3.peg.331.site.31, 15, 154, 169
411483.3.peg.331.site.32, 14, 151, 165
411483.3.peg.331.site.33, 7, 155, 162
411483.3.peg.331.site.34, 5, 150, 155
411483.3.peg.331.site.35, 1, 151, 152
411483.3.peg.331.site.36, 7, 151, 158
411483.3.peg.331.site.37, 2, 148, 150
411483.3.peg.331.site.38, 2, 152, 154
411483.3.peg.331.site.39, 68, 148, 216
411483.3.peg.331.site.40, 63, 137, 200
411483.3.peg.331.site.41, 62, 139, 201
411483.3.peg.331.site.42, 12, 147, 159
411483.3.peg.331.site.43, 5, 148, 153
411483.3.peg.331.site.44, 2, 146, 148
411483.3.peg.331.site.45, 47, 136, 183
411483.3.peg.331.site.46, 15, 148, 163
411483.3.peg.331.site.47, 6, 151, 157
411483.3.peg.331.site.48, 0, 151, 151
411483.3.peg.331.site.49, 4, 152, 156
411483.3.peg.331.site.50, 8, 152, 160
411483.3.peg.331.site.51, 15, 151, 166
411483.3.peg.331.site.52, 1, 151, 152
411483.3.peg.331.site.53, 36, 145, 181
411483.3.peg.331.site.54, 0, 150, 150
411483.3.peg.331.site.55, 36, 142, 178
411483.3.peg.331.site.56, 12, 150, 162
411483.3.peg.331.site.57, 3, 148, 151
411483.3.peg.331.site.58, 0, 147, 147
411483.3.peg.331.site.59, 25, 147, 172
411483.3.peg.331.site.60, 6, 152, 158
411483.3.peg.331.site.61, 151, 154, 305
411483.3.peg.331.site.62, 1, 153, 154
411483.3.peg.331.site.63, 5, 155, 160
411483.3.peg.331.site.64, 3, 155, 158
411483.3.peg.331.site.65, 4, 154, 158
411483.3.peg.331.site.66, 15, 151, 166
411483.3.peg.331.site.67, 2, 155, 157
411483.3.peg.331.site.68, 1, 155, 156
411483.3.peg.331.site.69, 0, 151, 151
411483.3.peg.331.site.70, 0, 149, 149
411483.3.peg.331.site.71, 14, 148, 162
411483.3.peg.331.site.72, 2, 151, 153
411483.3.peg.331.site.73, 3, 151, 154
411483.3.peg.331.site.74, 123, 146, 269
411483.3.peg.331.site.75, 8, 140, 148
411483.3.peg.331.site.76, 89, 135, 224
411483.3.peg.331.site.77, 0, 133, 133
411483.3.peg.331.site.78, 7, 135, 142
411483.3.peg.331.site.79, 2, 140, 142
411483.3.peg.331.site.80, 3, 146, 149
411483.3.peg.331.site.81, 0, 145, 145
411483.3.peg.331.site.82, 0, 152, 152
411483.3.peg.1389.site.1, 2, 151, 153
411483.3.peg.1389.site.2, 2, 150, 152
411483.3.peg.1389.site.3, 18, 145, 163
411483.3.peg.1389.site.4, 1, 151, 152
411483.3.peg.1389.site.5, 3, 151, 154
411483.3.peg.1389.site.6, 0, 149, 149
411483.3.peg.1389.site.7, 0, 147, 147
411483.3.peg.1389.site.8, 1, 142, 143
411483.3.peg.1389.site.9, 1, 139, 140
411483.3.peg.1389.site.10, 31, 133, 164
411483.3.peg.1389.site.11, 131, 131, 262
411483.3.peg.1389.site.12, 0, 124, 124
411483.3.peg.1389.site.13, 1, 96, 97
411483.3.peg.1389.site.14, 1, 78, 79
411483.3.peg.1389.site.15, 3, 80, 83
411483.3.peg.1389.site.16, 4, 102, 106
411483.3.peg.1389.site.17, 5, 119, 124
411483.3.peg.1389.site.18, 0, 112, 112
411483.3.peg.1389.site.19, 0, 132, 132
411483.3.peg.1389.site.20, 1, 134, 135
411483.3.peg.1389.site.21, 1, 139, 140
411483.3.peg.1389.site.22, 4, 142, 146
411483.3.peg.1389.site.23, 38, 128, 166
411483.3.peg.1389.site.24, 3, 149, 152
411483.3.peg.1389.site.25, 15, 141, 156
411483.3.peg.1389.site.26, 0, 153, 153
411483.3.peg.1389.site.27, 3, 153, 156
411483.3.peg.1389.site.28, 4, 151, 155
411483.3.peg.1389.site.29, 6, 152, 158
411483.3.peg.1389.site.30, 0, 142, 142
411483.3.peg.1389.site.31, 0, 142, 142
411483.3.peg.1389.site.32, 6, 139, 145
411483.3.peg.1389.site.33, 0, 142, 142
411483.3.peg.1389.site.34, 0, 145, 145
411483.3.peg.1389.site.35, 0, 143, 143
411483.3.peg.1389.site.36, 0, 140, 140
411483.3.peg.1389.site.37, 93, 130, 223
411483.3.peg.1389.site.38, 0, 144, 144
411483.3.peg.1389.site.39, 0, 150, 150
411483.3.peg.1389.site.40, 0, 146, 146
411483.3.peg.1389.site.41, 0, 151, 151
411483.3.peg.1389.site.42, 4, 143, 147
411483.3.peg.1389.site.43, 0, 141, 141
411483.3.peg.1389.site.44, 3, 138, 141
411483.3.peg.1389.site.45, 29, 143, 172
411483.3.peg.1389.site.46, 4, 142, 146
411483.3.peg.1389.site.47, 3, 141, 144
411483.3.peg.1389.site.48, 0, 147, 147
411483.3.peg.1389.site.49, 14, 149, 163
411483.3.peg.1389.site.50, 6, 149, 155
411483.3.peg.1389.site.51, 5, 147, 152
411483.3.peg.1389.site.52, 0, 150, 150
411483.3.peg.1389.site.53, 1, 148, 149
411483.3.peg.1389.site.54, 0, 149, 149
411483.3.peg.1389.site.55, 0, 148, 148
411483.3.peg.1389.site.56, 6, 143, 149
411483.3.peg.1389.site.57, 1, 150, 151
411483.3.peg.1389.site.58, 3, 152, 155
411483.3.peg.1389.site.59, 1, 150, 151
411483.3.peg.1389.site.60, 1, 154, 155
411483.3.peg.1389.site.61, 4, 154, 158
411483.3.peg.1389.site.62, 0, 151, 151
411483.3.peg.1389.site.63, 2, 151, 153
411483.3.peg.1389.site.64, 0, 149, 149
411483.3.peg.1389.site.65, 2, 153, 155
411483.3.peg.1389.site.66, 0, 150, 150
411483.3.peg.1389.site.67, 1, 151, 152
411483.3.peg.1389.site.68, 0, 153, 153
411483.3.peg.1389.site.69, 1, 150, 151
411483.3.peg.1388.site.1, 7, 141, 148
411483.3.peg.1388.site.2, 9, 143, 152
411483.3.peg.1388.site.3, 5, 152, 157
411483.3.peg.1388.site.4, 2, 151, 153
411483.3.peg.1388.site.5, 2, 154, 156
411483.3.peg.1388.site.6, 29, 143, 172
411483.3.peg.1388.site.7, 56, 136, 192
411483.3.peg.1388.site.8, 5, 152, 157
411483.3.peg.1388.site.9, 146, 146, 292
411483.3.peg.1388.site.10, 0, 140, 140
411483.3.peg.1388.site.11, 5, 130, 135
411483.3.peg.1388.site.12, 13, 125, 138
411483.3.peg.1388.site.13, 3, 145, 148
411483.3.peg.1388.site.14, 6, 153, 159
411483.3.peg.1388.site.15, 28, 147, 175
411483.3.peg.1388.site.16, 4, 147, 151
411483.3.peg.1388.site.17, 3, 146, 149
411483.3.peg.1388.site.18, 24, 148, 172
411483.3.peg.1388.site.19, 0, 152, 152
411483.3.peg.1388.site.20, 0, 154, 154
411483.3.peg.1388.site.21, 1, 152, 153
411483.3.peg.1388.site.22, 0, 152, 152
411483.3.peg.1388.site.23, 1, 155, 156
411483.3.peg.1388.site.24, 0, 152, 152
411483.3.peg.1388.site.25, 13, 152, 165
411483.3.peg.1388.site.26, 3, 154, 157
411483.3.peg.1388.site.27, 1, 154, 155
411483.3.peg.1388.site.28, 14, 155, 169
411483.3.peg.1388.site.29, 7, 155, 162
411483.3.peg.1388.site.30, 2, 155, 157
411483.3.peg.1388.site.31, 3, 154, 157
411483.3.peg.1388.site.32, 1, 150, 151
411483.3.peg.1388.site.33, 8, 146, 154
411483.3.peg.1388.site.34, 4, 148, 152
411483.3.peg.1388.site.35, 0, 149, 149
411483.3.peg.1388.site.36, 1, 150, 151
411483.3.peg.1388.site.37, 0, 142, 142
411483.3.peg.1388.site.38, 12, 147, 159
411483.3.peg.1388.site.39, 131, 140, 271
411483.3.peg.1388.site.40, 0, 145, 145
411483.3.peg.1388.site.41, 0, 152, 152
411483.3.peg.1388.site.42, 0, 153, 153
411483.3.peg.1388.site.43, 0, 154, 154
411483.3.peg.1388.site.44, 13, 152, 165
411483.3.peg.1388.site.45, 1, 154, 155
411483.3.peg.1388.site.46, 5, 153, 158
411483.3.peg.1388.site.47, 2, 154, 156
411483.3.peg.1388.site.48, 0, 154, 154
411483.3.peg.1388.site.49, 8, 151, 159
411483.3.peg.1388.site.50, 2, 153, 155
411483.3.peg.1388.site.51, 10, 152, 162
411483.3.peg.1388.site.52, 1, 152, 153
411483.3.peg.1388.site.53, 3, 154, 157
411483.3.peg.1388.site.54, 0, 153, 153
411483.3.peg.1388.site.55, 2, 154, 156
411483.3.peg.1388.site.56, 21, 143, 164
411483.3.peg.1388.site.57, 1, 146, 147
411483.3.peg.1388.site.58, 0, 150, 150
411483.3.peg.1385.site.1, 2, 155, 157
411483.3.peg.1385.site.2, 0, 153, 153
411483.3.peg.1385.site.3, 0, 154, 154
411483.3.peg.1385.site.4, 0, 153, 153
411483.3.peg.1385.site.5, 0, 153, 153
411483.3.peg.1385.site.6, 0, 150, 150
411483.3.peg.1384.site.1, 2, 153, 155
411483.3.peg.1384.site.2, 11, 149, 160
411483.3.peg.1384.site.3, 1, 155, 156
411483.3.peg.1384.site.4, 1, 155, 156
411483.3.peg.1384.site.5, 59, 145, 204
411483.3.peg.1384.site.6, 4, 153, 157
411483.3.peg.1384.site.7, 0, 152, 152
411483.3.peg.1384.site.8, 0, 150, 150
411483.3.peg.1384.site.9, 5, 151, 156
411483.3.peg.1384.site.10, 2, 152, 154
411483.3.peg.1384.site.11, 5, 152, 157
411483.3.peg.1384.site.12, 3, 148, 151
411483.3.peg.1384.site.13, 5, 150, 155
411483.3.peg.1384.site.14, 1, 150, 151
411483.3.peg.1384.site.15, 17, 145, 162
411483.3.peg.1384.site.16, 24, 141, 165
411483.3.peg.1384.site.17, 1, 146, 147
411483.3.peg.1384.site.18, 2, 145, 147
411483.3.peg.1384.site.19, 3, 146, 149
411483.3.peg.1384.site.20, 0, 145, 145
411483.3.peg.1384.site.21, 4, 145, 149
411483.3.peg.1384.site.22, 47, 135, 182
411483.3.peg.1384.site.23, 17, 132, 149
411483.3.peg.1384.site.24, 1, 133, 134
411483.3.peg.1384.site.25, 3, 134, 137
411483.3.peg.1384.site.26, 23, 118, 141
411483.3.peg.1384.site.27, 11, 117, 128
411483.3.peg.1384.site.28, 0, 129, 129
411483.3.peg.1384.site.29, 0, 134, 134
411483.3.peg.1384.site.30, 56, 134, 190
411483.3.peg.1384.site.31, 5, 146, 151
411483.3.peg.1384.site.32, 15, 149, 164
411483.3.peg.1384.site.33, 0, 152, 152
411483.3.peg.1384.site.34, 1, 154, 155
411483.3.peg.1384.site.35, 1, 152, 153
411483.3.peg.1384.site.36, 2, 150, 152
411483.3.peg.1384.site.37, 33, 147, 180
411483.3.peg.1384.site.38, 2, 150, 152
411483.3.peg.1384.site.39, 28, 138, 166
411483.3.peg.1384.site.40, 7, 136, 143
411483.3.peg.1384.site.41, 3, 140, 143
411483.3.peg.1384.site.42, 1, 134, 135
411483.3.peg.1384.site.43, 56, 126, 182
411483.3.peg.1384.site.44, 2, 136, 138
411483.3.peg.1384.site.45, 59, 125, 184
411483.3.peg.1384.site.46, 2, 128, 130
411483.3.peg.1384.site.47, 26, 113, 139
411483.3.peg.1384.site.48, 3, 128, 131
411483.3.peg.1384.site.49, 15, 122, 137
411483.3.peg.1384.site.50, 106, 111, 217
411483.3.peg.1384.site.51, 10, 130, 140
411483.3.peg.1384.site.52, 2, 137, 139
411483.3.peg.1384.site.53, 1, 146, 147
411483.3.peg.1384.site.54, 5, 146, 151
411483.3.peg.1384.site.55, 1, 145, 146
411483.3.peg.1384.site.56, 1, 139, 140
411483.3.peg.1384.site.57, 2, 139, 141
411483.3.peg.1384.site.58, 4, 140, 144
411483.3.peg.1384.site.59, 0, 139, 139
411483.3.peg.1384.site.60, 1, 140, 141
411483.3.peg.1384.site.61, 2, 138, 140
411483.3.peg.1384.site.62, 6, 128, 134
411483.3.peg.1384.site.63, 2, 118, 120
411483.3.peg.1384.site.64, 0, 118, 118
411483.3.peg.1384.site.65, 4, 124, 128
411483.3.peg.1384.site.66, 6, 121, 127
411483.3.peg.1384.site.67, 1, 143, 144
411483.3.peg.1384.site.68, 120, 138, 258
411483.3.peg.1384.site.69, 3, 140, 143
411483.3.peg.1384.site.70, 1, 143, 144
411483.3.peg.1384.site.71, 38, 136, 174
411483.3.peg.1384.site.72, 2, 144, 146
411483.3.peg.1384.site.73, 1, 140, 141
411483.3.peg.1384.site.74, 1, 140, 141
411483.3.peg.1384.site.75, 1, 141, 142
411483.3.peg.1384.site.76, 0, 138, 138
411483.3.peg.1384.site.77, 2, 144, 146
411483.3.peg.1384.site.78, 6, 147, 153
411483.3.peg.1384.site.79, 8, 150, 158
411483.3.peg.1384.site.80, 0, 149, 149
411483.3.peg.1384.site.81, 26, 142, 168
411483.3.peg.1384.site.82, 71, 140, 211
411483.3.peg.1384.site.83, 2, 150, 152
411483.3.peg.1384.site.84, 1, 150, 151
411483.3.peg.1384.site.85, 62, 144, 206
411483.3.peg.1384.site.86, 87, 146, 233
411483.3.peg.1381.site.1, 0, 153, 153
411483.3.peg.1381.site.2, 1, 155, 156
411483.3.peg.1381.site.3, 1, 152, 153
411483.3.peg.1381.site.4, 0, 155, 155
411483.3.peg.1381.site.5, 0, 155, 155
411483.3.peg.1380.site.1, 3, 116, 119
411483.3.peg.1380.site.2, 2, 112, 114
411483.3.peg.1380.site.3, 1, 105, 106
411483.3.peg.1380.site.4, 4, 113, 117
411483.3.peg.1380.site.5, 2, 118, 120
411483.3.peg.1380.site.6, 4, 135, 139
411483.3.peg.1380.site.7, 3, 139, 142
411483.3.peg.1380.site.8, 2, 133, 135
411483.3.peg.1380.site.9, 4, 140, 144
411483.3.peg.1380.site.10, 0, 144, 144
411483.3.peg.1380.site.11, 5, 144, 149
411483.3.peg.1380.site.12, 11, 146, 157
411483.3.peg.1380.site.13, 5, 151, 156
411483.3.peg.1380.site.14, 1, 150, 151
411483.3.peg.1380.site.15, 3, 147, 150
411483.3.peg.1380.site.16, 26, 143, 169
411483.3.peg.1380.site.17, 5, 153, 158
411483.3.peg.1380.site.18, 4, 151, 155
411483.3.peg.1380.site.19, 2, 151, 153
411483.3.peg.1380.site.20, 4, 153, 157
411483.3.peg.1380.site.21, 0, 152, 152
411483.3.peg.1380.site.22, 6, 150, 156
411483.3.peg.1380.site.23, 1, 154, 155
411483.3.peg.1380.site.24, 1, 153, 154
411483.3.peg.1380.site.25, 37, 141, 178
411483.3.peg.1380.site.26, 4, 150, 154
411483.3.peg.1380.site.27, 15, 146, 161
411483.3.peg.1380.site.28, 1, 152, 153
411483.3.peg.1380.site.29, 0, 152, 152
411483.3.peg.1380.site.30, 6, 150, 156
411483.3.peg.1380.site.31, 2, 151, 153
411483.3.peg.1380.site.32, 49, 135, 184
411483.3.peg.1380.site.33, 1, 152, 153
411483.3.peg.1380.site.34, 1, 153, 154
411483.3.peg.1380.site.35, 4, 152, 156
411483.3.peg.1380.site.36, 2, 152, 154
411483.3.peg.1380.site.37, 1, 152, 153
411483.3.peg.1380.site.38, 1, 152, 153
411483.3.peg.1380.site.39, 4, 153, 157
411483.3.peg.1380.site.40, 6, 153, 159
411483.3.peg.1380.site.41, 149, 153, 302
411483.3.peg.1380.site.42, 0, 148, 148
411483.3.peg.1380.site.43, 30, 143, 173
411483.3.peg.1380.site.44, 6, 148, 154
411483.3.peg.1380.site.45, 16, 142, 158
411483.3.peg.1380.site.46, 2, 144, 146
411483.3.peg.1380.site.47, 86, 144, 230
411483.3.peg.1380.site.48, 106, 141, 247
411483.3.peg.1380.site.49, 6, 147, 153
411483.3.peg.1380.site.50, 0, 148, 148
411483.3.peg.1380.site.51, 1, 151, 152
411483.3.peg.1380.site.52, 3, 151, 154
411483.3.peg.1380.site.53, 13, 150, 163
411483.3.peg.1380.site.54, 15, 143, 158
411483.3.peg.1380.site.55, 5, 146, 151
411483.3.peg.1380.site.56, 17, 150, 167
411483.3.peg.1380.site.57, 1, 145, 146
411483.3.peg.1380.site.58, 3, 151, 154
411483.3.peg.1380.site.59, 1, 150, 151
411483.3.peg.1380.site.60, 2, 120, 122
411483.3.peg.1380.site.61, 2, 99, 101
411483.3.peg.1380.site.62, 16, 110, 126
411483.3.peg.1380.site.63, 6, 112, 118
411483.3.peg.1380.site.64, 40, 92, 132
411483.3.peg.1380.site.65, 2, 121, 123
411483.3.peg.1380.site.66, 0, 121, 121
411483.3.peg.1380.site.67, 1, 125, 126
411483.3.peg.1380.site.68, 3, 137, 140
411483.3.peg.1380.site.69, 7, 149, 156
411483.3.peg.1380.site.70, 4, 153, 157
411483.3.peg.1380.site.71, 2, 149, 151
411483.3.peg.1380.site.72, 0, 152, 152
411483.3.peg.1380.site.73, 1, 151, 152
411483.3.peg.1380.site.74, 28, 146, 174
411483.3.peg.1380.site.75, 1, 151, 152
411483.3.peg.1380.site.76, 3, 153, 156
411483.3.peg.1380.site.77, 4, 153, 157
411483.3.peg.1380.site.78, 4, 151, 155
411483.3.peg.1380.site.79, 21, 135, 156
411483.3.peg.1380.site.80, 29, 140, 169
411483.3.peg.1380.site.81, 59, 136, 195
411483.3.peg.1380.site.82, 3, 154, 157
411483.3.peg.1380.site.83, 0, 154, 154
411483.3.peg.1380.site.84, 4, 155, 159
411483.3.peg.1380.site.85, 1, 154, 155
411483.3.peg.1380.site.86, 1, 153, 154
411483.3.peg.1380.site.87, 0, 154, 154
411483.3.peg.1380.site.88, 6, 155, 161
411483.3.peg.1380.site.89, 7, 155, 162
411483.3.peg.1383.site.1, 12, 153, 165
411483.3.peg.1383.site.2, 20, 150, 170
411483.3.peg.1383.site.3, 36, 140, 176
411483.3.peg.1383.site.4, 9, 145, 154
411483.3.peg.1383.site.5, 2, 143, 145
411483.3.peg.1383.site.6, 26, 122, 148
411483.3.peg.1383.site.7, 13, 127, 140
411483.3.peg.1383.site.8, 1, 131, 132
411483.3.peg.1383.site.9, 2, 117, 119
411483.3.peg.1383.site.10, 0, 125, 125
411483.3.peg.1383.site.11, 1, 114, 115
411483.3.peg.1383.site.12, 1, 117, 118
411483.3.peg.1383.site.13, 5, 118, 123
411483.3.peg.1383.site.14, 5, 109, 114
411483.3.peg.1383.site.15, 18, 112, 130
411483.3.peg.1383.site.16, 2, 125, 127
411483.3.peg.1383.site.17, 5, 119, 124
411483.3.peg.1383.site.18, 1, 111, 112
411483.3.peg.1383.site.19, 6, 122, 128
411483.3.peg.1383.site.20, 2, 124, 126
411483.3.peg.1383.site.21, 25, 117, 142
411483.3.peg.1383.site.22, 2, 126, 128
411483.3.peg.1383.site.23, 3, 138, 141
411483.3.peg.1383.site.24, 47, 136, 183
411483.3.peg.1383.site.25, 141, 141, 282
411483.3.peg.1383.site.26, 0, 143, 143
411483.3.peg.1382.site.1, 1, 150, 151
411483.3.peg.1382.site.2, 0, 149, 149
411483.3.peg.1382.site.3, 6, 153, 159
411483.3.peg.1382.site.4, 1, 153, 154
411483.3.peg.1382.site.5, 0, 150, 150
411483.3.peg.1382.site.6, 154, 154, 308
411483.3.peg.1382.site.7, 3, 152, 155
411483.3.peg.1382.site.8, 1, 149, 150
411483.3.peg.1382.site.9, 0, 152, 152
411483.3.peg.1382.site.10, 1, 149, 150
411483.3.peg.1382.site.11, 3, 152, 155
411483.3.peg.1382.site.12, 147, 147, 294
411483.3.peg.1382.site.13, 2, 149, 151
411483.3.peg.1382.site.14, 1, 146, 147
411483.3.peg.1382.site.15, 13, 146, 159
411483.3.peg.1382.site.16, 3, 151, 154
411483.3.peg.1382.site.17, 1, 155, 156
411483.3.peg.1382.site.18, 1, 155, 156
411483.3.peg.1382.site.19, 2, 153, 155
411483.3.peg.1382.site.20, 0, 153, 153
411483.3.peg.1382.site.21, 2, 153, 155
411483.3.peg.1382.site.22, 12, 151, 163
411483.3.peg.1382.site.23, 3, 153, 156
411483.3.peg.1382.site.24, 90, 144, 234
411483.3.peg.1382.site.25, 4, 151, 155
411483.3.peg.1382.site.26, 7, 154, 161
411483.3.peg.1382.site.27, 3, 150, 153
411483.3.peg.1382.site.28, 30, 145, 175
411483.3.peg.1382.site.29, 0, 152, 152
411483.3.peg.1382.site.30, 1, 152, 153
411483.3.peg.1382.site.31, 4, 149, 153
411483.3.peg.1382.site.32, 0, 146, 146
411483.3.peg.1382.site.33, 1, 148, 149
411483.3.peg.1382.site.34, 6, 151, 157
411483.3.peg.1382.site.35, 1, 152, 153
411483.3.peg.1382.site.36, 1, 153, 154
411483.3.peg.1382.site.37, 2, 151, 153
411483.3.peg.1382.site.38, 7, 154, 161
411483.3.peg.1382.site.39, 1, 154, 155
411483.3.peg.1382.site.40, 1, 153, 154
411483.3.peg.1382.site.41, 1, 154, 155
411483.3.peg.1382.site.42, 9, 141, 150
411483.3.peg.1382.site.43, 1, 136, 137
411483.3.peg.1382.site.44, 111, 114, 225
411483.3.peg.1382.site.45, 18, 111, 129
411483.3.peg.1382.site.46, 31, 98, 129
411483.3.peg.1382.site.47, 0, 107, 107
411483.3.peg.1382.site.48, 4, 116, 120
411483.3.peg.1382.site.49, 6, 144, 150
411483.3.peg.1382.site.50, 2, 146, 148
411483.3.peg.1382.site.51, 2, 149, 151
411483.3.peg.1382.site.52, 13, 143, 156
411483.3.peg.1382.site.53, 1, 147, 148
411483.3.peg.1382.site.54, 1, 140, 141
411483.3.peg.1382.site.55, 11, 139, 150
411483.3.peg.1382.site.56, 34, 132, 166
411483.3.peg.1382.site.57, 2, 136, 138
411483.3.peg.1382.site.58, 34, 129, 163
411483.3.peg.1382.site.59, 32, 129, 161
411483.3.peg.1382.site.60, 40, 129, 169
411483.3.peg.1382.site.61, 3, 139, 142
411483.3.peg.1382.site.62, 5, 149, 154
411483.3.peg.1382.site.63, 0, 147, 147
411483.3.peg.1382.site.64, 36, 142, 178
411483.3.peg.1382.site.65, 2, 149, 151
411483.3.peg.1382.site.66, 2, 150, 152
411483.3.peg.1382.site.67, 5, 152, 157
411483.3.peg.1382.site.68, 33, 140, 173
411483.3.peg.1382.site.69, 6, 146, 152
411483.3.peg.1382.site.70, 3, 150, 153
411483.3.peg.1382.site.71, 2, 150, 152
411483.3.peg.1382.site.72, 15, 147, 162
411483.3.peg.1382.site.73, 0, 147, 147
411483.3.peg.1382.site.74, 1, 148, 149
411483.3.peg.1382.site.75, 57, 134, 191
411483.3.peg.1382.site.76, 5, 145, 150
411483.3.peg.1382.site.77, 7, 141, 148
411483.3.peg.1382.site.78, 2, 142, 144
411483.3.peg.1382.site.79, 2, 144, 146
411483.3.peg.1382.site.80, 4, 143, 147
411483.3.peg.1382.site.81, 4, 144, 148
411483.3.peg.1382.site.82, 4, 148, 152
411483.3.peg.1121.site.1, 0, 155, 155
411483.3.peg.1121.site.2, 29, 142, 171
411483.3.peg.1121.site.3, 5, 155, 160
411483.3.peg.1121.site.4, 11, 153, 164
411483.3.peg.1121.site.5, 19, 149, 168
411483.3.peg.1121.site.6, 20, 144, 164
411483.3.peg.1121.site.7, 2, 152, 154
411483.3.peg.1121.site.8, 4, 153, 157
411483.3.peg.1121.site.9, 6, 149, 155
411483.3.peg.1121.site.10, 23, 147, 170
411483.3.peg.1121.site.11, 1, 150, 151
411483.3.peg.1121.site.12, 0, 151, 151
411483.3.peg.1121.site.13, 0, 150, 150
411483.3.peg.1121.site.14, 7, 137, 144
411483.3.peg.1121.site.15, 137, 137, 274
411483.3.peg.1121.site.16, 0, 134, 134
411483.3.peg.1121.site.17, 125, 127, 252
411483.3.peg.1121.site.18, 1, 125, 126
411483.3.peg.1121.site.19, 12, 133, 145
411483.3.peg.1121.site.20, 9, 127, 136
411483.3.peg.1121.site.21, 31, 118, 149
411483.3.peg.1121.site.22, 1, 134, 135
411483.3.peg.1121.site.23, 1, 138, 139
411483.3.peg.1121.site.24, 4, 139, 143
411483.3.peg.1121.site.25, 2, 142, 144
411483.3.peg.1121.site.26, 3, 135, 138
411483.3.peg.1121.site.27, 2, 147, 149
411483.3.peg.1121.site.28, 1, 147, 148
411483.3.peg.1121.site.29, 0, 150, 150
411483.3.peg.1121.site.30, 1, 146, 147
411483.3.peg.1121.site.31, 105, 142, 247
411483.3.peg.1121.site.32, 0, 129, 129
411483.3.peg.1121.site.33, 2, 150, 152
411483.3.peg.1121.site.34, 2, 149, 151
411483.3.peg.1121.site.35, 1, 147, 148
411483.3.peg.1121.site.36, 0, 143, 143
411483.3.peg.1121.site.37, 3, 144, 147
411483.3.peg.1121.site.38, 19, 128, 147
411483.3.peg.1121.site.39, 1, 133, 134
411483.3.peg.1121.site.40, 2, 124, 126
411483.3.peg.1121.site.41, 27, 115, 142
411483.3.peg.1121.site.42, 31, 113, 144
411483.3.peg.1121.site.43, 4, 115, 119
411483.3.peg.1121.site.44, 2, 135, 137
411483.3.peg.1121.site.45, 0, 134, 134
411483.3.peg.1121.site.46, 0, 138, 138
411483.3.peg.1121.site.47, 2, 138, 140
411483.3.peg.1121.site.48, 2, 138, 140
411483.3.peg.1121.site.49, 18, 132, 150
411483.3.peg.1121.site.50, 1, 142, 143
411483.3.peg.1121.site.51, 10, 139, 149
411483.3.peg.1121.site.52, 3, 141, 144
411483.3.peg.1121.site.53, 9, 134, 143
411483.3.peg.1121.site.54, 2, 132, 134
411483.3.peg.1121.site.55, 1, 130, 131
411483.3.peg.1121.site.56, 1, 129, 130
411483.3.peg.1121.site.57, 0, 138, 138
411483.3.peg.1121.site.58, 114, 132, 246
411483.3.peg.1121.site.59, 2, 149, 151
411483.3.peg.1121.site.60, 70, 138, 208
411483.3.peg.1121.site.61, 39, 140, 179
411483.3.peg.1121.site.62, 1, 139, 140
411483.3.peg.1121.site.63, 1, 132, 133
411483.3.peg.1121.site.64, 3, 142, 145
411483.3.peg.1121.site.65, 2, 140, 142
411483.3.peg.1121.site.66, 41, 134, 175
411483.3.peg.1121.site.67, 1, 140, 141
411483.3.peg.1121.site.68, 2, 142, 144
411483.3.peg.1121.site.69, 1, 135, 136
411483.3.peg.1121.site.70, 2, 139, 141
411483.3.peg.1121.site.71, 0, 151, 151
411483.3.peg.1121.site.72, 5, 147, 152
411483.3.peg.1121.site.73, 59, 144, 203
411483.3.peg.1121.site.74, 3, 151, 154
411483.3.peg.1121.site.75, 1, 151, 152
411483.3.peg.1121.site.76, 2, 150, 152
411483.3.peg.1121.site.77, 4, 146, 150
411483.3.peg.1121.site.78, 1, 153, 154
411483.3.peg.1121.site.79, 2, 152, 154
411483.3.peg.1121.site.80, 17, 152, 169
411483.3.peg.1121.site.81, 5, 151, 156
411483.3.peg.1121.site.82, 9, 150, 159
411483.3.peg.1121.site.83, 2, 152, 154
411483.3.peg.1121.site.84, 18, 138, 156
411483.3.peg.1121.site.85, 2, 146, 148
411483.3.peg.1121.site.86, 5, 143, 148
411483.3.peg.1121.site.87, 4, 145, 149
411483.3.peg.1121.site.88, 2, 146, 148
411483.3.peg.1121.site.89, 7, 149, 156
411483.3.peg.1121.site.90, 5, 145, 150
411483.3.peg.1121.site.91, 2, 150, 152
411483.3.peg.1121.site.92, 0, 150, 150
411483.3.peg.1121.site.93, 6, 153, 159
411483.3.peg.1121.site.94, 2, 151, 153
411483.3.peg.1121.site.95, 2, 153, 155
411483.3.peg.1121.site.96, 6, 152, 158
411483.3.peg.1121.site.97, 20, 148, 168
411483.3.peg.1121.site.98, 3, 150, 153
411483.3.peg.1121.site.99, 27, 137, 164
411483.3.peg.1121.site.100, 5, 138, 143
411483.3.peg.1121.site.101, 84, 137, 221
411483.3.peg.1121.site.102, 14, 143, 157
411483.3.peg.1121.site.103, 29, 150, 179
411483.3.peg.1121.site.104, 4, 151, 155
411483.3.peg.1121.site.105, 6, 148, 154
411483.3.peg.1121.site.106, 149, 150, 299
411483.3.peg.1121.site.107, 0, 149, 149
411483.3.peg.1121.site.108, 3, 148, 151
411483.3.peg.1121.site.109, 11, 153, 164
411483.3.peg.1121.site.110, 1, 151, 152
411483.3.peg.1121.site.111, 2, 150, 152
411483.3.peg.1121.site.112, 3, 153, 156
411483.3.peg.1121.site.113, 12, 145, 157
411483.3.peg.1121.site.114, 17, 144, 161
411483.3.peg.1121.site.115, 3, 148, 151
411483.3.peg.1121.site.116, 127, 137, 264
411483.3.peg.1121.site.117, 133, 139, 272
411483.3.peg.1121.site.118, 45, 130, 175
411483.3.peg.1121.site.119, 26, 136, 162
411483.3.peg.1120.site.1, 3, 155, 158
411483.3.peg.1120.site.2, 0, 154, 154
411483.3.peg.1120.site.3, 5, 154, 159
411483.3.peg.1120.site.4, 2, 154, 156
411483.3.peg.1120.site.5, 6, 154, 160
411483.3.peg.1120.site.6, 40, 147, 187
411483.3.peg.1123.site.1, 4, 138, 142
411483.3.peg.1123.site.2, 118, 138, 256
411483.3.peg.1123.site.3, 7, 145, 152
411483.3.peg.1123.site.4, 0, 148, 148
411483.3.peg.1123.site.5, 1, 131, 132
411483.3.peg.1123.site.6, 1, 141, 142
411483.3.peg.1123.site.7, 2, 132, 134
411483.3.peg.1123.site.8, 70, 126, 196
411483.3.peg.1123.site.9, 3, 135, 138
411483.3.peg.1123.site.10, 6, 136, 142
411483.3.peg.1123.site.11, 17, 130, 147
411483.3.peg.1123.site.12, 1, 139, 140
411483.3.peg.1123.site.13, 138, 138, 276
411483.3.peg.1123.site.14, 134, 139, 273
411483.3.peg.1123.site.15, 1, 145, 146
411483.3.peg.1123.site.16, 0, 145, 145
411483.3.peg.1123.site.17, 1, 148, 149
411483.3.peg.1123.site.18, 1, 142, 143
411483.3.peg.1123.site.19, 9, 146, 155
411483.3.peg.1123.site.20, 5, 143, 148
411483.3.peg.1123.site.21, 0, 147, 147
411483.3.peg.1123.site.22, 50, 135, 185
411483.3.peg.1123.site.23, 2, 149, 151
411483.3.peg.1123.site.24, 10, 142, 152
411483.3.peg.1123.site.25, 1, 141, 142
411483.3.peg.1123.site.26, 2, 147, 149
411483.3.peg.1123.site.27, 1, 145, 146
411483.3.peg.1123.site.28, 2, 144, 146
411483.3.peg.1123.site.29, 18, 143, 161
411483.3.peg.1123.site.30, 116, 141, 257
411483.3.peg.1123.site.31, 2, 149, 151
411483.3.peg.1123.site.32, 1, 155, 156
411483.3.peg.1123.site.33, 2, 154, 156
411483.3.peg.1123.site.34, 153, 153, 306
411483.3.peg.1123.site.35, 0, 154, 154
411483.3.peg.1123.site.36, 3, 152, 155
411483.3.peg.1123.site.37, 5, 148, 153
411483.3.peg.1123.site.38, 21, 138, 159
411483.3.peg.1123.site.39, 7, 140, 147
411483.3.peg.1123.site.40, 122, 130, 252
411483.3.peg.1123.site.41, 48, 120, 168
411483.3.peg.1123.site.42, 0, 136, 136
411483.3.peg.1123.site.43, 2, 142, 144
411483.3.peg.1123.site.44, 7, 145, 152
411483.3.peg.1123.site.45, 0, 144, 144
411483.3.peg.1123.site.46, 1, 140, 141
411483.3.peg.1123.site.47, 3, 145, 148
411483.3.peg.1123.site.48, 4, 148, 152
411483.3.peg.1123.site.49, 5, 148, 153
411483.3.peg.1123.site.50, 132, 142, 274
411483.3.peg.1123.site.51, 130, 139, 269
411483.3.peg.1123.site.52, 6, 148, 154
411483.3.peg.1123.site.53, 7, 139, 146
411483.3.peg.1123.site.54, 10, 142, 152
411483.3.peg.1123.site.55, 0, 153, 153
411483.3.peg.1123.site.56, 1, 154, 155
411483.3.peg.1123.site.57, 2, 155, 157
411483.3.peg.1123.site.58, 96, 142, 238
411483.3.peg.1123.site.59, 5, 153, 158
411483.3.peg.1123.site.60, 34, 146, 180
411483.3.peg.1123.site.61, 1, 149, 150
411483.3.peg.1123.site.62, 5, 148, 153
411483.3.peg.1123.site.63, 1, 150, 151
411483.3.peg.1123.site.64, 2, 152, 154
411483.3.peg.1123.site.65, 1, 151, 152
411483.3.peg.1123.site.66, 7, 146, 153
411483.3.peg.1123.site.67, 3, 152, 155
411483.3.peg.1123.site.68, 0, 150, 150
411483.3.peg.1123.site.69, 1, 151, 152
411483.3.peg.1123.site.70, 1, 150, 151
411483.3.peg.1123.site.71, 8, 146, 154
411483.3.peg.1123.site.72, 18, 144, 162
411483.3.peg.1123.site.73, 1, 117, 118
411483.3.peg.1123.site.74, 29, 98, 127
411483.3.peg.1123.site.75, 1, 101, 102
411483.3.peg.1123.site.76, 2, 101, 103
411483.3.peg.1123.site.77, 1, 94, 95
411483.3.peg.1123.site.78, 104, 107, 211
411483.3.peg.1123.site.79, 1, 110, 111
411483.3.peg.1123.site.80, 3, 109, 112
411483.3.peg.1123.site.81, 97, 101, 198
411483.3.peg.1123.site.82, 4, 99, 103
411483.3.peg.1123.site.83, 27, 89, 116
411483.3.peg.1122.site.1, 0, 142, 142
411483.3.peg.1122.site.2, 1, 147, 148
411483.3.peg.1122.site.3, 2, 144, 146
411483.3.peg.1122.site.4, 5, 145, 150
411483.3.peg.1122.site.5, 0, 139, 139
411483.3.peg.1122.site.6, 16, 139, 155
411483.3.peg.1122.site.7, 3, 135, 138
411483.3.peg.1122.site.8, 9, 124, 133
411483.3.peg.1122.site.9, 14, 113, 127
411483.3.peg.1122.site.10, 41, 103, 144
411483.3.peg.1122.site.11, 53, 100, 153
411483.3.peg.1122.site.12, 5, 104, 109
411483.3.peg.1122.site.13, 86, 111, 197
411483.3.peg.1122.site.14, 0, 137, 137
411483.3.peg.1122.site.15, 1, 137, 138
411483.3.peg.1122.site.16, 41, 144, 185
411483.3.peg.1122.site.17, 8, 150, 158
411483.3.peg.1122.site.18, 2, 155, 157
411483.3.peg.1122.site.19, 4, 154, 158
411483.3.peg.1122.site.20, 10, 150, 160
411483.3.peg.1122.site.21, 1, 154, 155
411483.3.peg.1122.site.22, 6, 153, 159
411483.3.peg.1122.site.23, 0, 155, 155
411483.3.peg.1122.site.24, 1, 155, 156
411483.3.peg.1122.site.25, 1, 154, 155
411483.3.peg.1122.site.26, 0, 153, 153
411483.3.peg.1122.site.27, 2, 154, 156
411483.3.peg.1122.site.28, 0, 151, 151
411483.3.peg.1122.site.29, 10, 148, 158
411483.3.peg.1122.site.30, 0, 154, 154
411483.3.peg.1122.site.31, 6, 152, 158
411483.3.peg.1122.site.32, 1, 151, 152
411483.3.peg.1122.site.33, 46, 142, 188
411483.3.peg.1122.site.34, 13, 146, 159
411483.3.peg.1122.site.35, 22, 143, 165
411483.3.peg.1122.site.36, 4, 150, 154
411483.3.peg.1122.site.37, 1, 152, 153
411483.3.peg.1122.site.38, 65, 140, 205
411483.3.peg.1122.site.39, 2, 151, 153
411483.3.peg.1122.site.40, 0, 150, 150
411483.3.peg.1122.site.41, 30, 145, 175
411483.3.peg.1122.site.42, 5, 152, 157
411483.3.peg.1122.site.43, 2, 150, 152
411483.3.peg.1122.site.44, 30, 145, 175
411483.3.peg.1122.site.45, 5, 153, 158
411483.3.peg.1122.site.46, 2, 152, 154
411483.3.peg.1122.site.47, 4, 149, 153
411483.3.peg.1122.site.48, 1, 150, 151
411483.3.peg.1122.site.49, 1, 149, 150
411483.3.peg.1122.site.50, 15, 142, 157
411483.3.peg.1122.site.51, 1, 149, 150
411483.3.peg.1122.site.52, 0, 148, 148
411483.3.peg.1122.site.53, 3, 139, 142
411483.3.peg.1122.site.54, 1, 139, 140
411483.3.peg.1122.site.55, 6, 143, 149
411483.3.peg.1122.site.56, 1, 135, 136
411483.3.peg.1122.site.57, 3, 122, 125
411483.3.peg.1122.site.58, 4, 118, 122
411483.3.peg.1122.site.59, 16, 131, 147
411483.3.peg.1122.site.60, 3, 136, 139
411483.3.peg.1122.site.61, 0, 143, 143
411483.3.peg.1122.site.62, 10, 146, 156
411483.3.peg.1122.site.63, 3, 143, 146
411483.3.peg.1122.site.64, 9, 142, 151
411483.3.peg.1122.site.65, 3, 142, 145
411483.3.peg.1122.site.66, 0, 151, 151
411483.3.peg.1122.site.67, 4, 152, 156
411483.3.peg.1122.site.68, 1, 147, 148
411483.3.peg.1125.site.1, 1, 153, 154
411483.3.peg.1125.site.2, 16, 151, 167
411483.3.peg.1125.site.3, 2, 152, 154
411483.3.peg.1125.site.4, 3, 155, 158
411483.3.peg.1125.site.5, 4, 154, 158
411483.3.peg.1125.site.6, 1, 154, 155
411483.3.peg.1125.site.7, 1, 150, 151
411483.3.peg.1125.site.8, 60, 130, 190
411483.3.peg.1125.site.9, 2, 144, 146
411483.3.peg.1125.site.10, 6, 145, 151
411483.3.peg.1125.site.11, 0, 154, 154
411483.3.peg.1125.site.12, 1, 153, 154
411483.3.peg.1125.site.13, 2, 152, 154
411483.3.peg.1125.site.14, 1, 152, 153
411483.3.peg.1125.site.15, 1, 153, 154
411483.3.peg.1125.site.16, 155, 155, 310
411483.3.peg.1125.site.17, 1, 154, 155
411483.3.peg.1125.site.18, 14, 149, 163
411483.3.peg.1125.site.19, 1, 150, 151
411483.3.peg.1125.site.20, 130, 150, 280
411483.3.peg.1125.site.21, 1, 151, 152
411483.3.peg.1125.site.22, 3, 151, 154
411483.3.peg.1125.site.23, 71, 145, 216
411483.3.peg.1125.site.24, 1, 155, 156
411483.3.peg.1125.site.25, 12, 151, 163
411483.3.peg.1125.site.26, 75, 147, 222
411483.3.peg.1125.site.27, 1, 154, 155
411483.3.peg.1125.site.28, 4, 152, 156
411483.3.peg.1125.site.29, 1, 153, 154
411483.3.peg.1125.site.30, 0, 153, 153
411483.3.peg.1125.site.31, 1, 154, 155
411483.3.peg.1125.site.32, 2, 152, 154
411483.3.peg.1125.site.33, 5, 151, 156
411483.3.peg.1125.site.34, 7, 147, 154
411483.3.peg.1125.site.35, 3, 152, 155
411483.3.peg.1125.site.36, 5, 151, 156
411483.3.peg.1125.site.37, 35, 150, 185
411483.3.peg.1125.site.38, 5, 150, 155
411483.3.peg.1125.site.39, 0, 154, 154
411483.3.peg.1125.site.40, 1, 154, 155
411483.3.peg.1125.site.41, 5, 148, 153
411483.3.peg.1125.site.42, 48, 143, 191
411483.3.peg.1125.site.43, 150, 151, 301
411483.3.peg.1125.site.44, 7, 153, 160
411483.3.peg.1125.site.45, 6, 150, 156
411483.3.peg.1125.site.46, 19, 150, 169
411483.3.peg.1125.site.47, 30, 155, 185
411483.3.peg.1125.site.48, 3, 154, 157
411483.3.peg.1125.site.49, 6, 153, 159
411483.3.peg.1125.site.50, 3, 153, 156
411483.3.peg.1125.site.51, 3, 152, 155
411483.3.peg.1125.site.52, 1, 154, 155
411483.3.peg.1125.site.53, 0, 153, 153
411483.3.peg.1125.site.54, 4, 150, 154
411483.3.peg.1125.site.55, 3, 148, 151
411483.3.peg.1125.site.56, 23, 148, 171
411483.3.peg.1125.site.57, 10, 150, 160
411483.3.peg.1125.site.58, 6, 142, 148
411483.3.peg.1125.site.59, 117, 143, 260
411483.3.peg.1125.site.60, 5, 149, 154
411483.3.peg.1125.site.61, 108, 143, 251
411483.3.peg.1125.site.62, 1, 150, 151
411483.3.peg.1125.site.63, 28, 139, 167
411483.3.peg.1125.site.64, 1, 148, 149
411483.3.peg.1125.site.65, 1, 140, 141
411483.3.peg.1125.site.66, 0, 136, 136
411483.3.peg.1125.site.67, 24, 138, 162
411483.3.peg.1125.site.68, 16, 124, 140
411483.3.peg.1125.site.69, 5, 127, 132
411483.3.peg.1125.site.70, 64, 112, 176
411483.3.peg.1125.site.71, 4, 123, 127
411483.3.peg.1125.site.72, 0, 126, 126
411483.3.peg.1125.site.73, 2, 123, 125
411483.3.peg.1125.site.74, 23, 116, 139
411483.3.peg.1125.site.75, 2, 124, 126
411483.3.peg.1125.site.76, 31, 117, 148
411483.3.peg.1125.site.77, 5, 125, 130
411483.3.peg.1125.site.78, 19, 131, 150
411483.3.peg.1125.site.79, 2, 133, 135
411483.3.peg.1125.site.80, 16, 127, 143
411483.3.peg.1125.site.81, 4, 126, 130
411483.3.peg.1125.site.82, 49, 128, 177
411483.3.peg.1125.site.83, 76, 127, 203
411483.3.peg.1125.site.84, 13, 130, 143
411483.3.peg.1125.site.85, 1, 130, 131
411483.3.peg.1125.site.86, 46, 121, 167
411483.3.peg.1125.site.87, 6, 130, 136
411483.3.peg.1125.site.88, 5, 128, 133
411483.3.peg.1125.site.89, 22, 127, 149
411483.3.peg.1125.site.90, 1, 142, 143
411483.3.peg.1125.site.91, 75, 138, 213
411483.3.peg.1125.site.92, 0, 147, 147
411483.3.peg.1125.site.93, 5, 153, 158
411483.3.peg.1124.site.1, 3, 100, 103
411483.3.peg.1124.site.2, 24, 129, 153
411483.3.peg.1124.site.3, 7, 145, 152
411483.3.peg.1124.site.4, 3, 150, 153
411483.3.peg.1124.site.5, 2, 150, 152
411483.3.peg.1124.site.6, 38, 146, 184
411483.3.peg.1124.site.7, 2, 152, 154
411483.3.peg.1124.site.8, 1, 152, 153
411483.3.peg.1124.site.9, 1, 151, 152
411483.3.peg.1124.site.10, 0, 151, 151
411483.3.peg.1124.site.11, 2, 152, 154
411483.3.peg.1124.site.12, 1, 151, 152
411483.3.peg.1124.site.13, 4, 152, 156
411483.3.peg.1124.site.14, 1, 153, 154
411483.3.peg.1124.site.15, 30, 141, 171
411483.3.peg.1124.site.16, 1, 153, 154
411483.3.peg.1124.site.17, 5, 153, 158
411483.3.peg.1124.site.18, 5, 154, 159
411483.3.peg.1124.site.19, 50, 149, 199
411483.3.peg.1124.site.20, 0, 153, 153
411483.3.peg.1124.site.21, 1, 154, 155
411483.3.peg.1124.site.22, 78, 145, 223
411483.3.peg.1124.site.23, 4, 153, 157
411483.3.peg.1124.site.24, 2, 154, 156
411483.3.peg.1124.site.25, 154, 154, 308
411483.3.peg.1124.site.26, 2, 149, 151
411483.3.peg.1124.site.27, 0, 145, 145
411483.3.peg.1124.site.28, 1, 147, 148
411483.3.peg.1124.site.29, 1, 144, 145
411483.3.peg.1124.site.30, 26, 142, 168
411483.3.peg.1124.site.31, 15, 144, 159
411483.3.peg.1124.site.32, 5, 147, 152
411483.3.peg.1124.site.33, 2, 153, 155
411483.3.peg.1124.site.34, 31, 148, 179
411483.3.peg.1124.site.35, 0, 152, 152
411483.3.peg.1124.site.36, 9, 150, 159
411483.3.peg.1124.site.37, 26, 147, 173
411483.3.peg.1124.site.38, 38, 144, 182
411483.3.peg.1124.site.39, 9, 141, 150
411483.3.peg.1124.site.40, 10, 150, 160
411483.3.peg.1124.site.41, 5, 150, 155
411483.3.peg.1124.site.42, 92, 136, 228
411483.3.peg.1124.site.43, 3, 149, 152
411483.3.peg.1124.site.44, 2, 148, 150
411483.3.peg.1124.site.45, 1, 149, 150
411483.3.peg.1124.site.46, 139, 140, 279
411483.3.peg.1124.site.47, 1, 146, 147
411483.3.peg.1124.site.48, 2, 147, 149
411483.3.peg.1124.site.49, 30, 142, 172
411483.3.peg.1124.site.50, 6, 148, 154
411483.3.peg.1124.site.51, 17, 148, 165
411483.3.peg.1124.site.52, 3, 146, 149
411483.3.peg.1124.site.53, 0, 150, 150
411483.3.peg.1124.site.54, 2, 146, 148
411483.3.peg.1124.site.55, 2, 144, 146
411483.3.peg.1124.site.56, 2, 149, 151
411483.3.peg.1124.site.57, 7, 144, 151
411483.3.peg.1124.site.58, 137, 142, 279
411483.3.peg.1124.site.59, 13, 146, 159
411483.3.peg.1124.site.60, 42, 143, 185
411483.3.peg.1124.site.61, 151, 152, 303
411483.3.peg.1124.site.62, 2, 149, 151
411483.3.peg.1124.site.63, 1, 145, 146
411483.3.peg.1124.site.64, 133, 144, 277
411483.3.peg.1124.site.65, 133, 145, 278
411483.3.peg.1124.site.66, 2, 150, 152
411483.3.peg.1124.site.67, 0, 149, 149
411483.3.peg.1124.site.68, 1, 149, 150
411483.3.peg.1124.site.69, 1, 150, 151
411483.3.peg.1124.site.70, 1, 149, 150
411483.3.peg.1124.site.71, 27, 145, 172
411483.3.peg.1124.site.72, 2, 144, 146
411483.3.peg.1124.site.73, 104, 134, 238
411483.3.peg.1124.site.74, 5, 140, 145
411483.3.peg.1124.site.75, 15, 132, 147
411483.3.peg.1124.site.76, 5, 137, 142
411483.3.peg.1124.site.77, 4, 146, 150
411483.3.peg.1124.site.78, 0, 145, 145
411483.3.peg.1124.site.79, 0, 146, 146
411483.3.peg.1124.site.80, 135, 139, 274
411483.3.peg.1124.site.81, 0, 143, 143
411483.3.peg.1124.site.82, 2, 139, 141
411483.3.peg.1124.site.83, 5, 141, 146
411483.3.peg.1124.site.84, 1, 138, 139
411483.3.peg.1124.site.85, 5, 138, 143
411483.3.peg.1124.site.86, 126, 138, 264
411483.3.peg.1124.site.87, 8, 146, 154
411483.3.peg.1124.site.88, 3, 151, 154
411483.3.peg.1124.site.89, 1, 145, 146
411483.3.peg.1124.site.90, 0, 149, 149
411483.3.peg.1124.site.91, 2, 146, 148
411483.3.peg.1124.site.92, 6, 149, 155
411483.3.peg.1124.site.93, 48, 135, 183
411483.3.peg.1124.site.94, 3, 149, 152
411483.3.peg.1124.site.95, 2, 150, 152
411483.3.peg.1124.site.96, 3, 150, 153
411483.3.peg.1124.site.97, 31, 147, 178
411483.3.peg.1124.site.98, 5, 153, 158
411483.3.peg.1124.site.99, 3, 154, 157
411483.3.peg.1124.site.100, 3, 151, 154
411483.3.peg.1127.site.1, 4, 153, 157
411483.3.peg.1127.site.2, 0, 152, 152
411483.3.peg.1127.site.3, 3, 151, 154
411483.3.peg.1127.site.4, 1, 153, 154
411483.3.peg.1127.site.5, 4, 151, 155
411483.3.peg.1127.site.6, 2, 155, 157
411483.3.peg.1127.site.7, 3, 154, 157
411483.3.peg.1127.site.8, 6, 153, 159
411483.3.peg.1127.site.9, 2, 155, 157
411483.3.peg.1127.site.10, 9, 155, 164
411483.3.peg.1127.site.11, 7, 151, 158
411483.3.peg.1127.site.12, 0, 153, 153
411483.3.peg.1127.site.13, 0, 152, 152
411483.3.peg.1127.site.14, 1, 152, 153
411483.3.peg.1127.site.15, 1, 153, 154
411483.3.peg.1127.site.16, 2, 152, 154
411483.3.peg.1127.site.17, 0, 152, 152
411483.3.peg.1127.site.18, 3, 149, 152
411483.3.peg.1127.site.19, 0, 151, 151
411483.3.peg.1127.site.20, 1, 151, 152
411483.3.peg.1127.site.21, 1, 147, 148
411483.3.peg.1127.site.22, 1, 148, 149
411483.3.peg.1127.site.23, 3, 143, 146
411483.3.peg.1127.site.24, 1, 134, 135
411483.3.peg.1127.site.25, 11, 139, 150
411483.3.peg.1127.site.26, 2, 138, 140
411483.3.peg.1127.site.27, 6, 133, 139
411483.3.peg.1127.site.28, 4, 132, 136
411483.3.peg.1127.site.29, 4, 127, 131
411483.3.peg.1127.site.30, 3, 115, 118
411483.3.peg.1127.site.31, 1, 117, 118
411483.3.peg.1127.site.32, 11, 98, 109
411483.3.peg.1127.site.33, 73, 115, 188
411483.3.peg.1127.site.34, 21, 112, 133
411483.3.peg.1127.site.35, 1, 131, 132
411483.3.peg.1127.site.36, 96, 124, 220
411483.3.peg.1127.site.37, 6, 149, 155
411483.3.peg.1127.site.38, 1, 151, 152
411483.3.peg.1127.site.39, 3, 153, 156
411483.3.peg.1127.site.40, 4, 152, 156
411483.3.peg.1127.site.41, 1, 147, 148
411483.3.peg.1127.site.42, 6, 147, 153
411483.3.peg.1127.site.43, 1, 155, 156
411483.3.peg.1127.site.44, 1, 151, 152
411483.3.peg.1127.site.45, 111, 147, 258
411483.3.peg.1127.site.46, 9, 150, 159
411483.3.peg.1127.site.47, 2, 153, 155
411483.3.peg.1127.site.48, 2, 151, 153
411483.3.peg.1127.site.49, 4, 150, 154
411483.3.peg.1127.site.50, 1, 152, 153
411483.3.peg.1127.site.51, 75, 143, 218
411483.3.peg.1127.site.52, 28, 146, 174
411483.3.peg.1127.site.53, 0, 149, 149
411483.3.peg.1127.site.54, 2, 147, 149
411483.3.peg.1127.site.55, 124, 132, 256
411483.3.peg.1127.site.56, 69, 125, 194
411483.3.peg.1127.site.57, 78, 127, 205
411483.3.peg.1127.site.58, 2, 147, 149
411483.3.peg.1127.site.59, 4, 151, 155
411483.3.peg.1127.site.60, 0, 149, 149
411483.3.peg.1127.site.61, 21, 148, 169
411483.3.peg.1127.site.62, 2, 149, 151
411483.3.peg.1127.site.63, 0, 147, 147
411483.3.peg.1127.site.64, 2, 142, 144
411483.3.peg.1127.site.65, 0, 116, 116
411483.3.peg.1127.site.66, 1, 111, 112
411483.3.peg.1127.site.67, 0, 120, 120
411483.3.peg.1127.site.68, 64, 110, 174
411483.3.peg.1127.site.69, 4, 129, 133
411483.3.peg.1127.site.70, 2, 132, 134
411483.3.peg.1127.site.71, 2, 132, 134
411483.3.peg.1127.site.72, 0, 130, 130
411483.3.peg.1127.site.73, 5, 136, 141
411483.3.peg.1127.site.74, 14, 135, 149
411483.3.peg.1127.site.75, 0, 139, 139
411483.3.peg.1127.site.76, 3, 134, 137
411483.3.peg.1127.site.77, 42, 128, 170
411483.3.peg.1127.site.78, 7, 133, 140
411483.3.peg.1127.site.79, 2, 136, 138
411483.3.peg.1127.site.80, 0, 138, 138
411483.3.peg.1127.site.81, 4, 144, 148
411483.3.peg.1127.site.82, 3, 142, 145
411483.3.peg.1127.site.83, 1, 144, 145
411483.3.peg.1127.site.84, 91, 140, 231
411483.3.peg.1127.site.85, 0, 147, 147
411483.3.peg.1127.site.86, 2, 149, 151
411483.3.peg.1127.site.87, 6, 151, 157
411483.3.peg.1127.site.88, 2, 143, 145
411483.3.peg.1127.site.89, 0, 143, 143
411483.3.peg.1127.site.90, 154, 154, 308
411483.3.peg.1127.site.91, 4, 147, 151
411483.3.peg.1127.site.92, 14, 150, 164
411483.3.peg.1127.site.93, 17, 145, 162
411483.3.peg.1127.site.94, 0, 151, 151
411483.3.peg.1127.site.95, 4, 153, 157
411483.3.peg.1127.site.96, 2, 154, 156
411483.3.peg.1127.site.97, 1, 153, 154
411483.3.peg.1127.site.98, 0, 151, 151
411483.3.peg.1127.site.99, 26, 149, 175
411483.3.peg.1127.site.100, 2, 149, 151
411483.3.peg.1127.site.101, 10, 150, 160
411483.3.peg.1127.site.102, 7, 151, 158
411483.3.peg.1127.site.103, 1, 149, 150
411483.3.peg.1127.site.104, 4, 149, 153
411483.3.peg.1127.site.105, 1, 150, 151
411483.3.peg.1127.site.106, 5, 150, 155
411483.3.peg.1127.site.107, 22, 149, 171
411483.3.peg.1127.site.108, 0, 146, 146
411483.3.peg.1127.site.109, 138, 140, 278
411483.3.peg.1127.site.110, 66, 138, 204
411483.3.peg.1127.site.111, 0, 151, 151
411483.3.peg.1127.site.112, 0, 147, 147
411483.3.peg.1127.site.113, 7, 145, 152
411483.3.peg.1127.site.114, 12, 145, 157
411483.3.peg.1127.site.115, 1, 151, 152
411483.3.peg.1127.site.116, 52, 146, 198
411483.3.peg.1127.site.117, 8, 151, 159
411483.3.peg.1127.site.118, 53, 143, 196
411483.3.peg.1127.site.119, 6, 149, 155
411483.3.peg.1127.site.120, 149, 149, 298
411483.3.peg.1127.site.121, 3, 153, 156
411483.3.peg.1127.site.122, 3, 152, 155
411483.3.peg.1127.site.123, 21, 147, 168
411483.3.peg.1127.site.124, 2, 149, 151
411483.3.peg.1127.site.125, 5, 152, 157
411483.3.peg.1127.site.126, 9, 150, 159
411483.3.peg.1127.site.127, 9, 150, 159
411483.3.peg.1127.site.128, 6, 141, 147
411483.3.peg.1127.site.129, 8, 146, 154
411483.3.peg.1127.site.130, 7, 149, 156
411483.3.peg.1127.site.131, 1, 121, 122
411483.3.peg.1127.site.132, 5, 124, 129
411483.3.peg.1127.site.133, 2, 129, 131
411483.3.peg.1127.site.134, 0, 135, 135
411483.3.peg.1127.site.135, 9, 131, 140
411483.3.peg.1127.site.136, 3, 143, 146
411483.3.peg.1127.site.137, 3, 152, 155
411483.3.peg.1127.site.138, 2, 152, 154
411483.3.peg.1127.site.139, 1, 148, 149
411483.3.peg.1127.site.140, 0, 153, 153
411483.3.peg.1127.site.141, 3, 154, 157
411483.3.peg.1127.site.142, 8, 142, 150
411483.3.peg.1127.site.143, 6, 139, 145
411483.3.peg.1127.site.144, 0, 137, 137
411483.3.peg.1127.site.145, 1, 137, 138
411483.3.peg.1127.site.146, 0, 140, 140
411483.3.peg.1127.site.147, 0, 144, 144
411483.3.peg.1127.site.148, 3, 138, 141
411483.3.peg.1127.site.149, 4, 144, 148
411483.3.peg.1127.site.150, 4, 149, 153
411483.3.peg.1127.site.151, 14, 144, 158
411483.3.peg.1127.site.152, 6, 145, 151
411483.3.peg.1127.site.153, 1, 135, 136
411483.3.peg.1127.site.154, 6, 146, 152
411483.3.peg.1127.site.155, 8, 150, 158
411483.3.peg.1127.site.156, 2, 153, 155
411483.3.peg.1127.site.157, 2, 153, 155
411483.3.peg.1127.site.158, 2, 153, 155
411483.3.peg.1127.site.159, 1, 152, 153
411483.3.peg.1127.site.160, 9, 152, 161
411483.3.peg.1127.site.161, 19, 80, 99
411483.3.peg.1127.site.162, 1, 76, 77
411483.3.peg.1127.site.163, 22, 67, 89
411483.3.peg.1127.site.164, 26, 57, 83
411483.3.peg.1127.site.165, 31, 63, 94
411483.3.peg.1127.site.166, 5, 70, 75
411483.3.peg.1127.site.167, 1, 92, 93
411483.3.peg.1127.site.168, 29, 127, 156
411483.3.peg.1127.site.169, 0, 132, 132
411483.3.peg.1127.site.170, 5, 115, 120
411483.3.peg.1127.site.171, 1, 138, 139
411483.3.peg.1127.site.172, 3, 135, 138
411483.3.peg.1127.site.173, 38, 133, 171
411483.3.peg.1127.site.174, 34, 132, 166
411483.3.peg.1127.site.175, 46, 123, 169
411483.3.peg.1127.site.176, 2, 137, 139
411483.3.peg.1127.site.177, 3, 136, 139
411483.3.peg.1127.site.178, 4, 131, 135
411483.3.peg.1127.site.179, 7, 104, 111
411483.3.peg.1127.site.180, 1, 115, 116
411483.3.peg.1127.site.181, 2, 112, 114
411483.3.peg.1127.site.182, 1, 94, 95
411483.3.peg.1127.site.183, 2, 91, 93
411483.3.peg.1127.site.184, 1, 89, 90
411483.3.peg.1127.site.185, 2, 70, 72
411483.3.peg.1127.site.186, 60, 64, 124
411483.3.peg.1127.site.187, 1, 63, 64
411483.3.peg.1127.site.188, 44, 46, 90
411483.3.peg.1127.site.189, 5, 40, 45
411483.3.peg.1127.site.190, 3, 32, 35
411483.3.peg.1126.site.1, 10, 146, 156
411483.3.peg.1126.site.2, 2, 149, 151
411483.3.peg.1126.site.3, 2, 151, 153
411483.3.peg.1126.site.4, 1, 149, 150
411483.3.peg.1126.site.5, 27, 143, 170
411483.3.peg.1126.site.6, 8, 145, 153
411483.3.peg.1126.site.7, 25, 110, 135
411483.3.peg.1126.site.8, 40, 109, 149
411483.3.peg.1126.site.9, 8, 137, 145
411483.3.peg.1126.site.10, 13, 140, 153
411483.3.peg.1126.site.11, 3, 140, 143
411483.3.peg.1126.site.12, 4, 144, 148
411483.3.peg.1126.site.13, 10, 143, 153
411483.3.peg.1126.site.14, 11, 144, 155
411483.3.peg.1126.site.15, 2, 145, 147
411483.3.peg.1126.site.16, 6, 141, 147
411483.3.peg.1126.site.17, 1, 136, 137
411483.3.peg.1126.site.18, 15, 141, 156
411483.3.peg.1126.site.19, 67, 128, 195
411483.3.peg.1126.site.20, 1, 132, 133
411483.3.peg.1126.site.21, 16, 138, 154
411483.3.peg.1126.site.22, 0, 138, 138
411483.3.peg.1126.site.23, 2, 137, 139
411483.3.peg.1126.site.24, 10, 135, 145
411483.3.peg.1126.site.25, 21, 142, 163
411483.3.peg.1126.site.26, 26, 136, 162
411483.3.peg.1126.site.27, 0, 143, 143
411483.3.peg.1126.site.28, 31, 140, 171
411483.3.peg.1126.site.29, 10, 145, 155
411483.3.peg.1126.site.30, 2, 141, 143
411483.3.peg.1126.site.31, 75, 136, 211
411483.3.peg.1126.site.32, 2, 145, 147
411483.3.peg.1126.site.33, 5, 131, 136
411483.3.peg.1126.site.34, 12, 121, 133
411483.3.peg.1126.site.35, 8, 101, 109
411483.3.peg.1126.site.36, 3, 86, 89
411483.3.peg.1126.site.37, 1, 81, 82
411483.3.peg.1126.site.38, 1, 88, 89
411483.3.peg.1126.site.39, 2, 96, 98
411483.3.peg.1126.site.40, 37, 99, 136
411483.3.peg.1126.site.41, 4, 109, 113
411483.3.peg.1126.site.42, 23, 100, 123
411483.3.peg.1126.site.43, 1, 106, 107
411483.3.peg.1126.site.44, 17, 118, 135
411483.3.peg.1126.site.45, 1, 128, 129
411483.3.peg.1126.site.46, 1, 133, 134
411483.3.peg.1126.site.47, 10, 134, 144
411483.3.peg.1126.site.48, 2, 138, 140
411483.3.peg.1126.site.49, 75, 129, 204
411483.3.peg.1126.site.50, 11, 145, 156
411483.3.peg.1126.site.51, 3, 142, 145
411483.3.peg.1126.site.52, 2, 144, 146
411483.3.peg.1126.site.53, 1, 145, 146
411483.3.peg.1126.site.54, 6, 144, 150
411483.3.peg.1126.site.55, 2, 143, 145
411483.3.peg.1126.site.56, 69, 130, 199
411483.3.peg.1126.site.57, 121, 139, 260
411483.3.peg.1126.site.58, 3, 135, 138
411483.3.peg.1126.site.59, 4, 131, 135
411483.3.peg.1126.site.60, 0, 130, 130
411483.3.peg.1126.site.61, 2, 135, 137
411483.3.peg.1126.site.62, 11, 129, 140
411483.3.peg.1126.site.63, 1, 139, 140
411483.3.peg.1126.site.64, 2, 128, 130
411483.3.peg.1126.site.65, 5, 128, 133
411483.3.peg.1126.site.66, 3, 129, 132
411483.3.peg.1126.site.67, 2, 139, 141
411483.3.peg.1126.site.68, 2, 136, 138
411483.3.peg.1126.site.69, 3, 141, 144
411483.3.peg.1126.site.70, 84, 133, 217
411483.3.peg.1126.site.71, 109, 132, 241
411483.3.peg.1126.site.72, 10, 137, 147
411483.3.peg.1126.site.73, 2, 143, 145
411483.3.peg.1126.site.74, 5, 142, 147
411483.3.peg.1126.site.75, 14, 133, 147
411483.3.peg.1126.site.76, 25, 130, 155
411483.3.peg.1126.site.77, 5, 130, 135
411483.3.peg.1129.site.1, 0, 145, 145
411483.3.peg.1129.site.2, 1, 147, 148
411483.3.peg.1129.site.3, 3, 144, 147
411483.3.peg.1129.site.4, 1, 147, 148
411483.3.peg.1129.site.5, 2, 143, 145
411483.3.peg.1129.site.6, 2, 151, 153
411483.3.peg.1129.site.7, 1, 153, 154
411483.3.peg.1129.site.8, 4, 154, 158
411483.3.peg.1129.site.9, 5, 152, 157
411483.3.peg.1129.site.10, 3, 151, 154
411483.3.peg.1129.site.11, 3, 154, 157
411483.3.peg.1129.site.12, 2, 152, 154
411483.3.peg.1129.site.13, 0, 153, 153
411483.3.peg.1129.site.14, 3, 152, 155
411483.3.peg.1129.site.15, 10, 149, 159
411483.3.peg.1129.site.16, 6, 153, 159
411483.3.peg.1129.site.17, 1, 155, 156
411483.3.peg.1129.site.18, 3, 155, 158
411483.3.peg.1129.site.19, 6, 153, 159
411483.3.peg.1129.site.20, 6, 148, 154
411483.3.peg.1129.site.21, 2, 154, 156
411483.3.peg.1129.site.22, 0, 155, 155
411483.3.peg.1129.site.23, 5, 153, 158
411483.3.peg.1129.site.24, 3, 152, 155
411483.3.peg.1129.site.25, 3, 153, 156
411483.3.peg.1129.site.26, 9, 152, 161
411483.3.peg.1129.site.27, 2, 153, 155
411483.3.peg.1129.site.28, 0, 152, 152
411483.3.peg.1129.site.29, 2, 150, 152
411483.3.peg.1129.site.30, 19, 145, 164
411483.3.peg.1129.site.31, 41, 146, 187
411483.3.peg.1129.site.32, 18, 146, 164
411483.3.peg.1129.site.33, 5, 152, 157
411483.3.peg.1129.site.34, 13, 151, 164
411483.3.peg.1129.site.35, 5, 151, 156
411483.3.peg.1129.site.36, 0, 147, 147
411483.3.peg.1129.site.37, 3, 140, 143
411483.3.peg.1129.site.38, 1, 151, 152
411483.3.peg.1129.site.39, 15, 141, 156
411483.3.peg.1129.site.40, 4, 149, 153
411483.3.peg.1129.site.41, 2, 154, 156
411483.3.peg.1129.site.42, 4, 152, 156
411483.3.peg.1129.site.43, 23, 144, 167
411483.3.peg.1129.site.44, 19, 140, 159
411483.3.peg.1129.site.45, 0, 151, 151
411483.3.peg.1129.site.46, 2, 150, 152
411483.3.peg.1129.site.47, 1, 152, 153
411483.3.peg.1129.site.48, 1, 151, 152
411483.3.peg.1129.site.49, 40, 138, 178
411483.3.peg.1129.site.50, 0, 149, 149
411483.3.peg.1129.site.51, 14, 144, 158
411483.3.peg.1129.site.52, 2, 146, 148
411483.3.peg.1129.site.53, 3, 142, 145
411483.3.peg.1129.site.54, 6, 137, 143
411483.3.peg.1129.site.55, 12, 127, 139
411483.3.peg.1129.site.56, 3, 134, 137
411483.3.peg.1129.site.57, 4, 135, 139
411483.3.peg.1129.site.58, 10, 133, 143
411483.3.peg.1129.site.59, 2, 128, 130
411483.3.peg.1129.site.60, 8, 138, 146
411483.3.peg.1129.site.61, 2, 136, 138
411483.3.peg.1129.site.62, 2, 135, 137
411483.3.peg.1129.site.63, 8, 140, 148
411483.3.peg.1129.site.64, 84, 132, 216
411483.3.peg.1129.site.65, 3, 141, 144
411483.3.peg.1129.site.66, 24, 145, 169
411483.3.peg.1129.site.67, 84, 135, 219
411483.3.peg.1129.site.68, 2, 140, 142
411483.3.peg.1129.site.69, 55, 131, 186
411483.3.peg.1129.site.70, 3, 140, 143
411483.3.peg.1129.site.71, 20, 144, 164
411483.3.peg.1129.site.72, 9, 148, 157
411483.3.peg.1129.site.73, 1, 149, 150
411483.3.peg.1129.site.74, 5, 151, 156
411483.3.peg.1129.site.75, 9, 149, 158
411483.3.peg.1129.site.76, 19, 145, 164
411483.3.peg.1129.site.77, 21, 139, 160
411483.3.peg.1129.site.78, 4, 149, 153
411483.3.peg.1129.site.79, 11, 150, 161
411483.3.peg.1129.site.80, 4, 151, 155
411483.3.peg.1129.site.81, 1, 149, 150
411483.3.peg.1129.site.82, 13, 136, 149
411483.3.peg.1129.site.83, 10, 148, 158
411483.3.peg.1129.site.84, 1, 152, 153
411483.3.peg.1129.site.85, 4, 151, 155
411483.3.peg.1129.site.86, 2, 151, 153
411483.3.peg.1129.site.87, 1, 150, 151
411483.3.peg.1129.site.88, 9, 151, 160
411483.3.peg.1129.site.89, 3, 152, 155
411483.3.peg.1129.site.90, 2, 153, 155
411483.3.peg.1129.site.91, 1, 153, 154
411483.3.peg.1129.site.92, 2, 153, 155
411483.3.peg.1129.site.93, 3, 155, 158
411483.3.peg.1129.site.94, 5, 154, 159
411483.3.peg.1129.site.95, 1, 155, 156
411483.3.peg.1129.site.96, 5, 152, 157
411483.3.peg.1129.site.97, 3, 154, 157
411483.3.peg.2706.site.1, 3, 127, 130
411483.3.peg.2706.site.2, 2, 133, 135
411483.3.peg.2706.site.3, 17, 136, 153
411483.3.peg.2706.site.4, 1, 140, 141
411483.3.peg.2706.site.5, 58, 127, 185
411483.3.peg.2706.site.6, 6, 139, 145
411483.3.peg.2706.site.7, 10, 134, 144
411483.3.peg.2706.site.8, 5, 140, 145
411483.3.peg.2706.site.9, 92, 135, 227
411483.3.peg.2706.site.10, 4, 143, 147
411483.3.peg.2706.site.11, 1, 149, 150
411483.3.peg.2706.site.12, 0, 149, 149
411483.3.peg.2706.site.13, 8, 150, 158
411483.3.peg.2706.site.14, 22, 140, 162
411483.3.peg.2706.site.15, 58, 136, 194
411483.3.peg.2706.site.16, 1, 153, 154
411483.3.peg.2706.site.17, 16, 152, 168
411483.3.peg.2706.site.18, 15, 147, 162
411483.3.peg.2706.site.19, 0, 147, 147
411483.3.peg.2706.site.20, 19, 145, 164
411483.3.peg.2706.site.21, 42, 134, 176
411483.3.peg.2706.site.22, 1, 149, 150
411483.3.peg.2706.site.23, 5, 152, 157
411483.3.peg.2706.site.24, 33, 144, 177
411483.3.peg.2706.site.25, 7, 148, 155
411483.3.peg.2706.site.26, 4, 150, 154
411483.3.peg.2706.site.27, 0, 150, 150
411483.3.peg.2706.site.28, 119, 141, 260
411483.3.peg.2706.site.29, 8, 151, 159
411483.3.peg.2706.site.30, 1, 153, 154
411483.3.peg.2706.site.31, 5, 151, 156
411483.3.peg.2706.site.32, 7, 151, 158
411483.3.peg.2706.site.33, 1, 149, 150
411483.3.peg.2706.site.34, 4, 146, 150
411483.3.peg.2706.site.35, 1, 151, 152
411483.3.peg.2706.site.36, 0, 148, 148
411483.3.peg.2706.site.37, 1, 146, 147
411483.3.peg.2706.site.38, 7, 146, 153
411483.3.peg.2706.site.39, 18, 143, 161
411483.3.peg.2706.site.40, 7, 147, 154
411483.3.peg.2706.site.41, 2, 148, 150
411483.3.peg.2706.site.42, 1, 152, 153
411483.3.peg.2706.site.43, 11, 142, 153
411483.3.peg.2706.site.44, 0, 151, 151
411483.3.peg.2706.site.45, 1, 152, 153
411483.3.peg.2706.site.46, 75, 138, 213
411483.3.peg.2706.site.47, 3, 152, 155
411483.3.peg.2706.site.48, 7, 150, 157
411483.3.peg.2706.site.49, 3, 155, 158
411483.3.peg.2706.site.50, 78, 144, 222
411483.3.peg.2706.site.51, 4, 151, 155
411483.3.peg.2706.site.52, 19, 147, 166
411483.3.peg.2706.site.53, 96, 143, 239
411483.3.peg.2706.site.54, 5, 150, 155
411483.3.peg.2706.site.55, 8, 152, 160
411483.3.peg.2706.site.56, 10, 150, 160
411483.3.peg.2706.site.57, 11, 150, 161
411483.3.peg.2706.site.58, 1, 150, 151
411483.3.peg.2706.site.59, 9, 147, 156
411483.3.peg.2706.site.60, 2, 153, 155
411483.3.peg.2706.site.61, 11, 148, 159
411483.3.peg.2706.site.62, 78, 142, 220
411483.3.peg.2706.site.63, 2, 154, 156
411483.3.peg.2706.site.64, 2, 149, 151
411483.3.peg.2706.site.65, 39, 139, 178
411483.3.peg.2706.site.66, 2, 150, 152
411483.3.peg.2706.site.67, 23, 148, 171
411483.3.peg.2706.site.68, 1, 148, 149
411483.3.peg.2706.site.69, 10, 138, 148
411483.3.peg.2706.site.70, 36, 146, 182
411483.3.peg.2706.site.71, 2, 150, 152
411483.3.peg.2706.site.72, 10, 150, 160
411483.3.peg.2706.site.73, 1, 152, 153
411483.3.peg.2706.site.74, 2, 152, 154
411483.3.peg.2706.site.75, 2, 153, 155
411483.3.peg.2706.site.76, 17, 149, 166
411483.3.peg.2706.site.77, 1, 153, 154
411483.3.peg.2706.site.78, 20, 145, 165
411483.3.peg.2706.site.79, 1, 152, 153
411483.3.peg.2706.site.80, 66, 141, 207
411483.3.peg.2706.site.81, 2, 150, 152
411483.3.peg.2706.site.82, 12, 150, 162
411483.3.peg.2706.site.83, 8, 145, 153
411483.3.peg.2706.site.84, 49, 141, 190
411483.3.peg.2706.site.85, 4, 150, 154
411483.3.peg.2706.site.86, 1, 151, 152
411483.3.peg.2706.site.87, 18, 147, 165
411483.3.peg.2706.site.88, 6, 147, 153
411483.3.peg.2706.site.89, 37, 138, 175
411483.3.peg.2706.site.90, 29, 136, 165
411483.3.peg.2706.site.91, 1, 152, 153
411483.3.peg.2706.site.92, 2, 153, 155
411483.3.peg.2706.site.93, 14, 151, 165
411483.3.peg.2706.site.94, 3, 153, 156
411483.3.peg.2706.site.95, 17, 153, 170
411483.3.peg.2706.site.96, 87, 140, 227
411483.3.peg.1491.site.1, 0, 138, 138
411483.3.peg.1491.site.2, 3, 146, 149
411483.3.peg.1491.site.3, 2, 151, 153
411483.3.peg.1491.site.4, 1, 155, 156
411483.3.peg.1491.site.5, 0, 153, 153
411483.3.peg.1491.site.6, 122, 152, 274
411483.3.peg.1491.site.7, 6, 153, 159
411483.3.peg.1491.site.8, 85, 140, 225
411483.3.peg.1491.site.9, 3, 151, 154
411483.3.peg.1491.site.10, 85, 144, 229
411483.3.peg.1491.site.11, 18, 146, 164
411483.3.peg.1491.site.12, 0, 149, 149
411483.3.peg.1491.site.13, 8, 144, 152
411483.3.peg.1491.site.14, 2, 151, 153
411483.3.peg.1491.site.15, 1, 152, 153
411483.3.peg.1491.site.16, 12, 149, 161
411483.3.peg.1491.site.17, 10, 151, 161
411483.3.peg.1491.site.18, 122, 146, 268
411483.3.peg.1491.site.19, 4, 154, 158
411483.3.peg.1491.site.20, 2, 152, 154
411483.3.peg.1491.site.21, 0, 153, 153
411483.3.peg.1491.site.22, 4, 149, 153
411483.3.peg.1491.site.23, 30, 146, 176
411483.3.peg.1491.site.24, 94, 144, 238
411483.3.peg.1491.site.25, 2, 152, 154
411483.3.peg.1491.site.26, 90, 144, 234
411483.3.peg.1491.site.27, 3, 153, 156
411483.3.peg.1491.site.28, 2, 152, 154
411483.3.peg.1491.site.29, 0, 148, 148
411483.3.peg.1491.site.30, 131, 143, 274
411483.3.peg.1491.site.31, 5, 148, 153
411483.3.peg.1491.site.32, 0, 149, 149
411483.3.peg.1491.site.33, 45, 140, 185
411483.3.peg.1491.site.34, 0, 149, 149
411483.3.peg.1491.site.35, 0, 148, 148
411483.3.peg.1491.site.36, 4, 150, 154
411483.3.peg.1491.site.37, 14, 148, 162
411483.3.peg.1491.site.38, 2, 153, 155
411483.3.peg.1491.site.39, 7, 151, 158
411483.3.peg.1491.site.40, 1, 154, 155
411483.3.peg.1491.site.41, 0, 152, 152
411483.3.peg.1491.site.42, 15, 152, 167
411483.3.peg.1491.site.43, 123, 151, 274
411483.3.peg.1491.site.44, 32, 151, 183
411483.3.peg.1491.site.45, 1, 152, 153
411483.3.peg.1491.site.46, 2, 150, 152
411483.3.peg.1491.site.47, 2, 152, 154
411483.3.peg.1491.site.48, 0, 151, 151
411483.3.peg.1491.site.49, 2, 151, 153
411483.3.peg.1491.site.50, 1, 151, 152
411483.3.peg.1491.site.51, 9, 148, 157
411483.3.peg.1491.site.52, 61, 148, 209
411483.3.peg.1491.site.53, 1, 155, 156
411483.3.peg.1491.site.54, 46, 145, 191
411483.3.peg.1491.site.55, 1, 149, 150
411483.3.peg.1491.site.56, 12, 151, 163
411483.3.peg.1491.site.57, 2, 150, 152
411483.3.peg.1491.site.58, 2, 144, 146
411483.3.peg.1491.site.59, 0, 145, 145
411483.3.peg.1491.site.60, 92, 144, 236
411483.3.peg.1491.site.61, 1, 150, 151
411483.3.peg.1491.site.62, 2, 149, 151
411483.3.peg.1491.site.63, 3, 151, 154
411483.3.peg.1491.site.64, 5, 149, 154
411483.3.peg.1491.site.65, 1, 155, 156
411483.3.peg.1491.site.66, 2, 154, 156
411483.3.peg.1491.site.67, 3, 150, 153
411483.3.peg.1491.site.68, 19, 147, 166
411483.3.peg.1491.site.69, 2, 151, 153
411483.3.peg.1491.site.70, 145, 148, 293
411483.3.peg.1491.site.71, 0, 151, 151
411483.3.peg.1491.site.72, 4, 135, 139
411483.3.peg.1491.site.73, 1, 142, 143
411483.3.peg.1491.site.74, 3, 147, 150
411483.3.peg.1491.site.75, 3, 150, 153
411483.3.peg.1491.site.76, 4, 152, 156
411483.3.peg.1491.site.77, 4, 152, 156
411483.3.peg.1491.site.78, 3, 154, 157
411483.3.peg.1491.site.79, 111, 144, 255
411483.3.peg.1491.site.80, 5, 151, 156
411483.3.peg.1491.site.81, 1, 151, 152
411483.3.peg.1491.site.82, 3, 152, 155
411483.3.peg.1491.site.83, 1, 147, 148
411483.3.peg.1491.site.84, 11, 143, 154
411483.3.peg.1491.site.85, 4, 147, 151
411483.3.peg.1491.site.86, 5, 147, 152
411483.3.peg.1491.site.87, 4, 147, 151
411483.3.peg.1491.site.88, 13, 144, 157
411483.3.peg.1491.site.89, 1, 147, 148
411483.3.peg.1491.site.90, 4, 143, 147
411483.3.peg.1491.site.91, 3, 141, 144
411483.3.peg.1491.site.92, 1, 141, 142
411483.3.peg.1491.site.93, 6, 144, 150
411483.3.peg.1491.site.94, 9, 139, 148
411483.3.peg.1491.site.95, 10, 140, 150
411483.3.peg.1491.site.96, 10, 147, 157
411483.3.peg.1491.site.97, 7, 149, 156
411483.3.peg.1491.site.98, 23, 151, 174
411483.3.peg.1491.site.99, 4, 154, 158
411483.3.peg.1491.site.100, 2, 153, 155
411483.3.peg.1491.site.101, 3, 150, 153
411483.3.peg.1491.site.102, 29, 151, 180
411483.3.peg.1491.site.103, 136, 144, 280
411483.3.peg.1491.site.104, 1, 154, 155
411483.3.peg.1491.site.105, 2, 154, 156
411483.3.peg.1491.site.106, 105, 145, 250
411483.3.peg.1491.site.107, 6, 150, 156
411483.3.peg.1491.site.108, 14, 151, 165
411483.3.peg.1491.site.109, 3, 153, 156
411483.3.peg.1491.site.110, 10, 151, 161
411483.3.peg.1491.site.111, 3, 152, 155
411483.3.peg.1491.site.112, 1, 151, 152
411483.3.peg.1491.site.113, 1, 152, 153
411483.3.peg.1491.site.114, 1, 148, 149
411483.3.peg.1491.site.115, 2, 148, 150
411483.3.peg.1492.site.1, 13, 149, 162
411483.3.peg.1492.site.2, 7, 154, 161
411483.3.peg.1492.site.3, 23, 148, 171
411483.3.peg.1492.site.4, 5, 153, 158
411483.3.peg.1492.site.5, 1, 152, 153
411483.3.peg.1492.site.6, 2, 155, 157
411483.3.peg.1492.site.7, 0, 152, 152
411483.3.peg.1492.site.8, 1, 154, 155
411483.3.peg.1492.site.9, 2, 155, 157
411483.3.peg.1492.site.10, 2, 151, 153
411483.3.peg.1492.site.11, 0, 151, 151
411483.3.peg.1492.site.12, 2, 152, 154
411483.3.peg.1492.site.13, 3, 145, 148
411483.3.peg.1492.site.14, 11, 145, 156
411483.3.peg.1492.site.15, 3, 151, 154
411483.3.peg.1492.site.16, 2, 148, 150
411483.3.peg.1492.site.17, 12, 151, 163
411483.3.peg.1492.site.18, 7, 150, 157
411483.3.peg.1492.site.19, 0, 147, 147
411483.3.peg.1492.site.20, 2, 152, 154
411483.3.peg.1492.site.21, 136, 145, 281
411483.3.peg.1492.site.22, 1, 154, 155
411483.3.peg.1492.site.23, 2, 150, 152
411483.3.peg.1492.site.24, 1, 152, 153
411483.3.peg.1492.site.25, 8, 151, 159
411483.3.peg.1492.site.26, 1, 152, 153
411483.3.peg.1492.site.27, 21, 151, 172
411483.3.peg.1492.site.28, 26, 145, 171
411483.3.peg.1492.site.29, 1, 153, 154
411483.3.peg.1492.site.30, 15, 152, 167
411483.3.peg.1492.site.31, 1, 152, 153
411483.3.peg.1492.site.32, 1, 154, 155
411483.3.peg.1492.site.33, 3, 153, 156
411483.3.peg.1492.site.34, 10, 147, 157
411483.3.peg.1492.site.35, 0, 150, 150
411483.3.peg.1492.site.36, 6, 151, 157
411483.3.peg.1492.site.37, 1, 154, 155
411483.3.peg.1492.site.38, 20, 152, 172
411483.3.peg.1492.site.39, 10, 155, 165
411483.3.peg.1492.site.40, 2, 153, 155
411483.3.peg.1492.site.41, 1, 150, 151
411483.3.peg.1492.site.42, 4, 151, 155
411483.3.peg.1492.site.43, 2, 151, 153
411483.3.peg.1492.site.44, 1, 152, 153
411483.3.peg.1492.site.45, 1, 152, 153
411483.3.peg.1492.site.46, 1, 152, 153
411483.3.peg.1492.site.47, 0, 149, 149
411483.3.peg.1492.site.48, 1, 148, 149
411483.3.peg.1492.site.49, 1, 150, 151
411483.3.peg.1492.site.50, 3, 152, 155
411483.3.peg.1492.site.51, 4, 150, 154
411483.3.peg.1492.site.52, 4, 153, 157
411483.3.peg.1492.site.53, 2, 150, 152
411483.3.peg.1492.site.54, 3, 152, 155
411483.3.peg.1492.site.55, 4, 150, 154
411483.3.peg.1492.site.56, 7, 150, 157
411483.3.peg.1492.site.57, 2, 153, 155
411483.3.peg.1492.site.58, 15, 151, 166
411483.3.peg.1492.site.59, 119, 149, 268
411483.3.peg.1492.site.60, 13, 150, 163
411483.3.peg.1492.site.61, 21, 151, 172
411483.3.peg.1492.site.62, 1, 153, 154
411483.3.peg.1492.site.63, 1, 152, 153
411483.3.peg.1492.site.64, 0, 153, 153
411483.3.peg.1492.site.65, 91, 144, 235
411483.3.peg.1492.site.66, 8, 154, 162
411483.3.peg.1492.site.67, 3, 152, 155
411483.3.peg.1492.site.68, 5, 151, 156
411483.3.peg.1492.site.69, 0, 153, 153
411483.3.peg.1492.site.70, 1, 151, 152
411483.3.peg.1492.site.71, 6, 148, 154
411483.3.peg.1492.site.72, 1, 148, 149
411483.3.peg.1492.site.73, 20, 145, 165
411483.3.peg.1492.site.74, 74, 140, 214
411483.3.peg.1492.site.75, 0, 148, 148
411483.3.peg.1492.site.76, 1, 154, 155
411483.3.peg.1492.site.77, 2, 150, 152
411483.3.peg.1492.site.78, 0, 151, 151
411483.3.peg.1492.site.79, 34, 147, 181
411483.3.peg.1492.site.80, 7, 153, 160
411483.3.peg.1492.site.81, 31, 149, 180
411483.3.peg.1492.site.82, 5, 154, 159
411483.3.peg.1492.site.83, 8, 154, 162
411483.3.peg.1492.site.84, 2, 153, 155
411483.3.peg.1492.site.85, 5, 148, 153
411483.3.peg.1492.site.86, 1, 153, 154
411483.3.peg.1492.site.87, 13, 146, 159
411483.3.peg.1492.site.88, 4, 151, 155
411483.3.peg.1492.site.89, 5, 146, 151
411483.3.peg.1492.site.90, 1, 150, 151
411483.3.peg.1492.site.91, 0, 149, 149
411483.3.peg.1492.site.92, 20, 147, 167
411483.3.peg.1492.site.93, 12, 149, 161
411483.3.peg.1492.site.94, 3, 146, 149
411483.3.peg.1492.site.95, 1, 152, 153
411483.3.peg.1492.site.96, 2, 153, 155
411483.3.peg.1492.site.97, 1, 148, 149
411483.3.peg.1492.site.98, 30, 151, 181
411483.3.peg.1492.site.99, 2, 152, 154
411483.3.peg.1492.site.100, 1, 154, 155
411483.3.peg.1492.site.101, 1, 154, 155
411483.3.peg.1492.site.102, 26, 149, 175
411483.3.peg.1492.site.103, 88, 143, 231
411483.3.peg.1492.site.104, 2, 150, 152
411483.3.peg.1492.site.105, 11, 149, 160
411483.3.peg.1492.site.106, 2, 153, 155
411483.3.peg.1492.site.107, 5, 151, 156
411483.3.peg.1492.site.108, 4, 154, 158
411483.3.peg.1492.site.109, 40, 149, 189
411483.3.peg.1492.site.110, 3, 154, 157
411483.3.peg.1492.site.111, 8, 152, 160
411483.3.peg.1492.site.112, 4, 151, 155
411483.3.peg.1492.site.113, 23, 145, 168
411483.3.peg.1492.site.114, 0, 150, 150
411483.3.peg.1492.site.115, 1, 150, 151
411483.3.peg.1492.site.116, 13, 147, 160
411483.3.peg.1492.site.117, 8, 144, 152
411483.3.peg.1492.site.118, 1, 152, 153
411483.3.peg.1492.site.119, 1, 153, 154
411483.3.peg.1492.site.120, 4, 155, 159
411483.3.peg.1492.site.121, 1, 154, 155
411483.3.peg.1492.site.122, 144, 154, 298
411483.3.peg.1492.site.123, 32, 146, 178
411483.3.peg.1492.site.124, 61, 144, 205
411483.3.peg.1492.site.125, 3, 151, 154
411483.3.peg.1492.site.126, 2, 151, 153
411483.3.peg.1492.site.127, 1, 152, 153
411483.3.peg.1492.site.128, 144, 153, 297
411483.3.peg.1492.site.129, 2, 152, 154
411483.3.peg.1492.site.130, 1, 151, 152
411483.3.peg.1492.site.131, 13, 146, 159
411483.3.peg.1492.site.132, 21, 145, 166
411483.3.peg.1492.site.133, 29, 143, 172
411483.3.peg.1492.site.134, 9, 152, 161
411483.3.peg.1492.site.135, 3, 153, 156
411483.3.peg.1492.site.136, 3, 152, 155
411483.3.peg.1492.site.137, 50, 136, 186
411483.3.peg.1492.site.138, 5, 154, 159
411483.3.peg.1492.site.139, 5, 152, 157
411483.3.peg.1492.site.140, 1, 146, 147
411483.3.peg.1492.site.141, 1, 149, 150
411483.3.peg.1492.site.142, 6, 149, 155
411483.3.peg.1492.site.143, 0, 148, 148
411483.3.peg.1492.site.144, 4, 151, 155
411483.3.peg.1492.site.145, 0, 149, 149
411483.3.peg.1492.site.146, 9, 149, 158
411483.3.peg.1492.site.147, 11, 151, 162
411483.3.peg.1492.site.148, 1, 152, 153
411483.3.peg.1492.site.149, 23, 148, 171
411483.3.peg.1492.site.150, 1, 151, 152
411483.3.peg.1492.site.151, 3, 151, 154
411483.3.peg.1492.site.152, 12, 144, 156
411483.3.peg.1492.site.153, 9, 142, 151
411483.3.peg.1492.site.154, 3, 149, 152
411483.3.peg.1492.site.155, 3, 144, 147
411483.3.peg.1492.site.156, 1, 143, 144
411483.3.peg.1494.site.1, 4, 155, 159
411483.3.peg.1494.site.2, 0, 155, 155
411483.3.peg.1494.site.3, 1, 155, 156
411483.3.peg.1494.site.4, 0, 153, 153
411483.3.peg.1494.site.5, 0, 153, 153
411483.3.peg.1494.site.6, 2, 151, 153
411483.3.peg.1494.site.7, 0, 154, 154
411483.3.peg.1494.site.8, 10, 149, 159
411483.3.peg.1494.site.9, 5, 151, 156
411483.3.peg.1494.site.10, 2, 150, 152
411483.3.peg.1494.site.11, 1, 139, 140
411483.3.peg.1494.site.12, 0, 124, 124
411483.3.peg.1494.site.13, 1, 101, 102
411483.3.peg.1494.site.14, 2, 63, 65
411483.3.peg.1494.site.15, 24, 50, 74
411483.3.peg.1494.site.16, 27, 43, 70
411483.3.peg.1494.site.17, 3, 29, 32
411483.3.peg.208.site.1, 0, 100, 100
411483.3.peg.208.site.2, 7, 112, 119
411483.3.peg.208.site.3, 5, 115, 120
411483.3.peg.208.site.4, 6, 107, 113
411483.3.peg.208.site.5, 56, 108, 164
411483.3.peg.208.site.6, 53, 99, 152
411483.3.peg.208.site.7, 2, 122, 124
411483.3.peg.208.site.8, 0, 123, 123
411483.3.peg.208.site.9, 2, 101, 103
411483.3.peg.208.site.10, 3, 104, 107
411483.3.peg.208.site.11, 1, 103, 104
411483.3.peg.208.site.12, 11, 88, 99
411483.3.peg.208.site.13, 12, 86, 98
411483.3.peg.208.site.14, 2, 77, 79
411483.3.peg.208.site.15, 47, 70, 117
411483.3.peg.208.site.16, 1, 71, 72
411483.3.peg.208.site.17, 1, 67, 68
411483.3.peg.208.site.18, 0, 67, 67
411483.3.peg.208.site.19, 52, 58, 110
411483.3.peg.208.site.20, 13, 52, 65
411483.3.peg.208.site.21, 1, 65, 66
411483.3.peg.208.site.22, 36, 67, 103
411483.3.peg.208.site.23, 37, 67, 104
411483.3.peg.208.site.24, 24, 84, 108
411483.3.peg.208.site.25, 94, 94, 188
411483.3.peg.208.site.26, 1, 121, 122
411483.3.peg.208.site.27, 114, 131, 245
411483.3.peg.208.site.28, 5, 138, 143
411483.3.peg.208.site.29, 0, 139, 139
411483.3.peg.208.site.30, 4, 138, 142
411483.3.peg.208.site.31, 1, 135, 136
411483.3.peg.208.site.32, 14, 142, 156
411483.3.peg.208.site.33, 2, 148, 150
411483.3.peg.208.site.34, 1, 149, 150
411483.3.peg.208.site.35, 1, 149, 150
411483.3.peg.208.site.36, 2, 150, 152
411483.3.peg.208.site.37, 1, 143, 144
411483.3.peg.208.site.38, 1, 140, 141
411483.3.peg.208.site.39, 1, 131, 132
411483.3.peg.208.site.40, 4, 128, 132
411483.3.peg.208.site.41, 3, 121, 124
411483.3.peg.208.site.42, 44, 103, 147
411483.3.peg.208.site.43, 56, 106, 162
411483.3.peg.208.site.44, 6, 102, 108
411483.3.peg.208.site.45, 37, 113, 150
411483.3.peg.208.site.46, 1, 127, 128
411483.3.peg.208.site.47, 1, 132, 133
411483.3.peg.208.site.48, 1, 114, 115
411483.3.peg.208.site.49, 3, 120, 123
411483.3.peg.208.site.50, 3, 141, 144
411483.3.peg.208.site.51, 4, 138, 142
411483.3.peg.208.site.52, 2, 142, 144
411483.3.peg.208.site.53, 1, 142, 143
411483.3.peg.208.site.54, 3, 144, 147
411483.3.peg.208.site.55, 18, 140, 158
411483.3.peg.208.site.56, 1, 143, 144
411483.3.peg.208.site.57, 13, 141, 154
411483.3.peg.208.site.58, 3, 149, 152
411483.3.peg.208.site.59, 2, 149, 151
411483.3.peg.208.site.60, 1, 150, 151
411483.3.peg.208.site.61, 0, 153, 153
411483.3.peg.208.site.62, 47, 148, 195
411483.3.peg.208.site.63, 7, 154, 161
411483.3.peg.208.site.64, 28, 150, 178
411483.3.peg.208.site.65, 2, 152, 154
411483.3.peg.208.site.66, 4, 141, 145
411483.3.peg.208.site.67, 140, 143, 283
411483.3.peg.208.site.68, 2, 146, 148
411483.3.peg.208.site.69, 0, 142, 142
411483.3.peg.208.site.70, 6, 142, 148
411483.3.peg.208.site.71, 66, 136, 202
411483.3.peg.208.site.72, 4, 143, 147
411483.3.peg.208.site.73, 2, 138, 140
411483.3.peg.208.site.74, 3, 123, 126
411483.3.peg.208.site.75, 4, 119, 123
411483.3.peg.208.site.76, 4, 122, 126
411483.3.peg.208.site.77, 3, 113, 116
411483.3.peg.208.site.78, 1, 137, 138
411483.3.peg.208.site.79, 0, 136, 136
411483.3.peg.208.site.80, 5, 147, 152
411483.3.peg.208.site.81, 18, 140, 158
411483.3.peg.208.site.82, 2, 149, 151
411483.3.peg.208.site.83, 7, 143, 150
411483.3.peg.208.site.84, 1, 148, 149
411483.3.peg.208.site.85, 7, 144, 151
411483.3.peg.208.site.86, 0, 150, 150
411483.3.peg.209.site.1, 151, 152, 303
411483.3.peg.209.site.2, 7, 145, 152
411483.3.peg.209.site.3, 2, 154, 156
411483.3.peg.209.site.4, 4, 154, 158
411483.3.peg.209.site.5, 0, 155, 155
411483.3.peg.209.site.6, 8, 152, 160
411483.3.peg.209.site.7, 14, 150, 164
411483.3.peg.209.site.8, 2, 155, 157
411483.3.peg.209.site.9, 2, 154, 156
411483.3.peg.209.site.10, 4, 155, 159
411483.3.peg.209.site.11, 0, 153, 153
411483.3.peg.209.site.12, 1, 155, 156
411483.3.peg.209.site.13, 1, 155, 156
411483.3.peg.209.site.14, 90, 149, 239
411483.3.peg.209.site.15, 33, 148, 181
411483.3.peg.209.site.16, 153, 153, 306
411483.3.peg.209.site.17, 2, 152, 154
411483.3.peg.209.site.18, 1, 152, 153
411483.3.peg.209.site.19, 14, 151, 165
411483.3.peg.209.site.20, 2, 150, 152
411483.3.peg.209.site.21, 3, 151, 154
411483.3.peg.209.site.22, 61, 143, 204
411483.3.peg.209.site.23, 2, 153, 155
411483.3.peg.209.site.24, 17, 151, 168
411483.3.peg.209.site.25, 2, 153, 155
411483.3.peg.209.site.26, 3, 154, 157
411483.3.peg.209.site.27, 12, 151, 163
411483.3.peg.209.site.28, 37, 144, 181
411483.3.peg.209.site.29, 30, 151, 181
411483.3.peg.209.site.30, 1, 155, 156
411483.3.peg.209.site.31, 1, 155, 156
411483.3.peg.209.site.32, 2, 155, 157
411483.3.peg.209.site.33, 3, 154, 157
411483.3.peg.209.site.34, 9, 153, 162
411483.3.peg.209.site.35, 1, 155, 156
411483.3.peg.209.site.36, 0, 154, 154
411483.3.peg.209.site.37, 5, 153, 158
411483.3.peg.209.site.38, 3, 154, 157
411483.3.peg.209.site.39, 1, 152, 153
411483.3.peg.209.site.40, 11, 153, 164
411483.3.peg.206.site.1, 129, 148, 277
411483.3.peg.206.site.2, 8, 146, 154
411483.3.peg.206.site.3, 3, 150, 153
411483.3.peg.206.site.4, 2, 144, 146
411483.3.peg.206.site.5, 7, 139, 146
411483.3.peg.206.site.6, 23, 138, 161
411483.3.peg.206.site.7, 10, 147, 157
411483.3.peg.206.site.8, 1, 153, 154
411483.3.peg.206.site.9, 50, 146, 196
411483.3.peg.206.site.10, 1, 154, 155
411483.3.peg.206.site.11, 4, 154, 158
411483.3.peg.206.site.12, 7, 153, 160
411483.3.peg.206.site.13, 1, 155, 156
411483.3.peg.206.site.14, 4, 155, 159
411483.3.peg.206.site.15, 8, 150, 158
411483.3.peg.206.site.16, 0, 154, 154
411483.3.peg.206.site.17, 6, 154, 160
411483.3.peg.206.site.18, 1, 154, 155
411483.3.peg.206.site.19, 5, 152, 157
411483.3.peg.206.site.20, 10, 150, 160
411483.3.peg.206.site.21, 8, 154, 162
411483.3.peg.206.site.22, 1, 153, 154
411483.3.peg.206.site.23, 5, 153, 158
411483.3.peg.206.site.24, 4, 154, 158
411483.3.peg.206.site.25, 0, 154, 154
411483.3.peg.206.site.26, 2, 153, 155
411483.3.peg.206.site.27, 4, 152, 156
411483.3.peg.206.site.28, 2, 154, 156
411483.3.peg.206.site.29, 4, 152, 156
411483.3.peg.206.site.30, 9, 151, 160
411483.3.peg.206.site.31, 1, 155, 156
411483.3.peg.206.site.32, 6, 154, 160
411483.3.peg.206.site.33, 4, 155, 159
411483.3.peg.206.site.34, 9, 153, 162
411483.3.peg.206.site.35, 8, 154, 162
411483.3.peg.206.site.36, 1, 155, 156
411483.3.peg.206.site.37, 9, 151, 160
411483.3.peg.206.site.38, 102, 145, 247
411483.3.peg.206.site.39, 4, 153, 157
411483.3.peg.206.site.40, 4, 153, 157
411483.3.peg.206.site.41, 87, 148, 235
411483.3.peg.206.site.42, 21, 151, 172
411483.3.peg.206.site.43, 6, 152, 158
411483.3.peg.206.site.44, 2, 155, 157
411483.3.peg.206.site.45, 2, 155, 157
411483.3.peg.206.site.46, 61, 145, 206
411483.3.peg.206.site.47, 8, 153, 161
411483.3.peg.207.site.1, 7, 149, 156
411483.3.peg.207.site.2, 57, 143, 200
411483.3.peg.207.site.3, 3, 154, 157
411483.3.peg.207.site.4, 6, 153, 159
411483.3.peg.207.site.5, 3, 153, 156
411483.3.peg.207.site.6, 2, 152, 154
411483.3.peg.207.site.7, 0, 154, 154
411483.3.peg.207.site.8, 24, 149, 173
411483.3.peg.207.site.9, 5, 155, 160
411483.3.peg.207.site.10, 21, 148, 169
411483.3.peg.207.site.11, 2, 155, 157
411483.3.peg.207.site.12, 4, 148, 152
411483.3.peg.207.site.13, 0, 151, 151
411483.3.peg.207.site.14, 1, 151, 152
411483.3.peg.207.site.15, 3, 148, 151
411483.3.peg.207.site.16, 0, 151, 151
411483.3.peg.207.site.17, 84, 142, 226
411483.3.peg.207.site.18, 1, 151, 152
411483.3.peg.207.site.19, 6, 153, 159
411483.3.peg.207.site.20, 1, 152, 153
411483.3.peg.207.site.21, 3, 152, 155
411483.3.peg.207.site.22, 1, 154, 155
411483.3.peg.207.site.23, 1, 153, 154
411483.3.peg.207.site.24, 4, 153, 157
411483.3.peg.207.site.25, 2, 155, 157
411483.3.peg.207.site.26, 63, 146, 209
411483.3.peg.207.site.27, 15, 147, 162
411483.3.peg.207.site.28, 8, 148, 156
411483.3.peg.207.site.29, 3, 148, 151
411483.3.peg.207.site.30, 3, 151, 154
411483.3.peg.207.site.31, 4, 154, 158
411483.3.peg.207.site.32, 47, 146, 193
411483.3.peg.207.site.33, 1, 154, 155
411483.3.peg.207.site.34, 0, 153, 153
411483.3.peg.207.site.35, 1, 155, 156
411483.3.peg.207.site.36, 1, 153, 154
411483.3.peg.207.site.37, 0, 152, 152
411483.3.peg.207.site.38, 1, 152, 153
411483.3.peg.207.site.39, 0, 152, 152
411483.3.peg.207.site.40, 3, 153, 156
411483.3.peg.207.site.41, 145, 153, 298
411483.3.peg.207.site.42, 1, 153, 154
411483.3.peg.207.site.43, 44, 144, 188
411483.3.peg.207.site.44, 1, 153, 154
411483.3.peg.207.site.45, 1, 155, 156
411483.3.peg.207.site.46, 1, 155, 156
411483.3.peg.207.site.47, 22, 150, 172
411483.3.peg.207.site.48, 28, 147, 175
411483.3.peg.207.site.49, 26, 149, 175
411483.3.peg.207.site.50, 75, 148, 223
411483.3.peg.207.site.51, 3, 154, 157
411483.3.peg.207.site.52, 2, 151, 153
411483.3.peg.207.site.53, 4, 154, 158
411483.3.peg.207.site.54, 44, 139, 183
411483.3.peg.207.site.55, 13, 154, 167
411483.3.peg.207.site.56, 11, 148, 159
411483.3.peg.207.site.57, 10, 149, 159
411483.3.peg.207.site.58, 12, 154, 166
411483.3.peg.207.site.59, 59, 145, 204
411483.3.peg.207.site.60, 0, 152, 152
411483.3.peg.207.site.61, 44, 145, 189
411483.3.peg.207.site.62, 146, 152, 298
411483.3.peg.207.site.63, 4, 149, 153
411483.3.peg.207.site.64, 76, 132, 208
411483.3.peg.207.site.65, 10, 133, 143
411483.3.peg.207.site.66, 0, 135, 135
411483.3.peg.207.site.67, 87, 129, 216
411483.3.peg.207.site.68, 1, 136, 137
411483.3.peg.207.site.69, 87, 135, 222
411483.3.peg.207.site.70, 62, 134, 196
411483.3.peg.207.site.71, 150, 151, 301
411483.3.peg.207.site.72, 4, 155, 159
411483.3.peg.207.site.73, 5, 151, 156
411483.3.peg.207.site.74, 1, 155, 156
411483.3.peg.207.site.75, 13, 153, 166
411483.3.peg.207.site.76, 1, 154, 155
411483.3.peg.207.site.77, 4, 154, 158
411483.3.peg.207.site.78, 7, 155, 162
411483.3.peg.207.site.79, 103, 152, 255
411483.3.peg.207.site.80, 3, 154, 157
411483.3.peg.207.site.81, 3, 149, 152
411483.3.peg.207.site.82, 4, 146, 150
411483.3.peg.207.site.83, 4, 146, 150
411483.3.peg.207.site.84, 86, 142, 228
411483.3.peg.207.site.85, 8, 139, 147
411483.3.peg.207.site.86, 6, 144, 150
411483.3.peg.204.site.1, 1, 153, 154
411483.3.peg.204.site.2, 27, 152, 179
411483.3.peg.204.site.3, 7, 151, 158
411483.3.peg.204.site.4, 2, 155, 157
411483.3.peg.204.site.5, 21, 152, 173
411483.3.peg.204.site.6, 2, 155, 157
411483.3.peg.204.site.7, 16, 152, 168
411483.3.peg.204.site.8, 19, 152, 171
411483.3.peg.204.site.9, 23, 151, 174
411483.3.peg.204.site.10, 1, 154, 155
411483.3.peg.204.site.11, 14, 150, 164
411483.3.peg.204.site.12, 7, 154, 161
411483.3.peg.204.site.13, 13, 152, 165
411483.3.peg.204.site.14, 49, 141, 190
411483.3.peg.204.site.15, 97, 142, 239
411483.3.peg.204.site.16, 7, 139, 146
411483.3.peg.204.site.17, 5, 142, 147
411483.3.peg.204.site.18, 111, 139, 250
411483.3.peg.204.site.19, 139, 139, 278
411483.3.peg.204.site.20, 1, 139, 140
411483.3.peg.204.site.21, 0, 146, 146
411483.3.peg.204.site.22, 8, 139, 147
411483.3.peg.204.site.23, 2, 151, 153
411483.3.peg.204.site.24, 2, 150, 152
411483.3.peg.204.site.25, 7, 155, 162
411483.3.peg.204.site.26, 4, 153, 157
411483.3.peg.204.site.27, 121, 150, 271
411483.3.peg.204.site.28, 3, 153, 156
411483.3.peg.204.site.29, 2, 154, 156
411483.3.peg.204.site.30, 1, 155, 156
411483.3.peg.204.site.31, 15, 153, 168
411483.3.peg.204.site.32, 2, 155, 157
411483.3.peg.205.site.1, 2, 154, 156
411483.3.peg.205.site.2, 2, 151, 153
411483.3.peg.205.site.3, 7, 147, 154
411483.3.peg.205.site.4, 5, 151, 156
411483.3.peg.205.site.5, 0, 146, 146
411483.3.peg.205.site.6, 12, 145, 157
411483.3.peg.205.site.7, 2, 142, 144
411483.3.peg.205.site.8, 4, 148, 152
411483.3.peg.205.site.9, 1, 146, 147
411483.3.peg.205.site.10, 1, 146, 147
411483.3.peg.205.site.11, 0, 139, 139
411483.3.peg.205.site.12, 2, 145, 147
411483.3.peg.205.site.13, 82, 131, 213
411483.3.peg.205.site.14, 2, 145, 147
411483.3.peg.205.site.15, 1, 147, 148
411483.3.peg.205.site.16, 6, 130, 136
411483.3.peg.205.site.17, 19, 129, 148
411483.3.peg.205.site.18, 0, 133, 133
411483.3.peg.205.site.19, 15, 129, 144
411483.3.peg.205.site.20, 0, 136, 136
411483.3.peg.205.site.21, 0, 137, 137
411483.3.peg.205.site.22, 2, 144, 146
411483.3.peg.205.site.23, 11, 144, 155
411483.3.peg.205.site.24, 4, 148, 152
411483.3.peg.205.site.25, 4, 149, 153
411483.3.peg.205.site.26, 2, 152, 154
411483.3.peg.205.site.27, 3, 152, 155
411483.3.peg.205.site.28, 4, 151, 155
411483.3.peg.205.site.29, 3, 146, 149
411483.3.peg.205.site.30, 3, 144, 147
411483.3.peg.205.site.31, 20, 146, 166
411483.3.peg.205.site.32, 13, 148, 161
411483.3.peg.205.site.33, 11, 148, 159
411483.3.peg.205.site.34, 2, 152, 154
411483.3.peg.205.site.35, 35, 148, 183
411483.3.peg.205.site.36, 9, 147, 156
411483.3.peg.205.site.37, 2, 148, 150
411483.3.peg.205.site.38, 8, 149, 157
411483.3.peg.205.site.39, 6, 153, 159
411483.3.peg.205.site.40, 2, 152, 154
411483.3.peg.205.site.41, 79, 140, 219
411483.3.peg.205.site.42, 1, 152, 153
411483.3.peg.205.site.43, 1, 153, 154
411483.3.peg.205.site.44, 20, 141, 161
411483.3.peg.205.site.45, 1, 145, 146
411483.3.peg.205.site.46, 2, 141, 143
411483.3.peg.205.site.47, 4, 146, 150
411483.3.peg.205.site.48, 32, 143, 175
411483.3.peg.205.site.49, 92, 142, 234
411483.3.peg.205.site.50, 6, 154, 160
411483.3.peg.205.site.51, 2, 151, 153
411483.3.peg.205.site.52, 6, 151, 157
411483.3.peg.205.site.53, 3, 155, 158
411483.3.peg.205.site.54, 4, 154, 158
411483.3.peg.205.site.55, 4, 145, 149
411483.3.peg.205.site.56, 119, 146, 265
411483.3.peg.202.site.1, 21, 149, 170
411483.3.peg.202.site.2, 42, 142, 184
411483.3.peg.202.site.3, 1, 125, 126
411483.3.peg.202.site.4, 2, 123, 125
411483.3.peg.202.site.5, 93, 123, 216
411483.3.peg.202.site.6, 2, 126, 128
411483.3.peg.202.site.7, 4, 130, 134
411483.3.peg.202.site.8, 2, 133, 135
411483.3.peg.202.site.9, 1, 132, 133
411483.3.peg.202.site.10, 26, 132, 158
411483.3.peg.202.site.11, 2, 134, 136
411483.3.peg.202.site.12, 2, 138, 140
411483.3.peg.202.site.13, 0, 136, 136
411483.3.peg.202.site.14, 7, 132, 139
411483.3.peg.202.site.15, 28, 126, 154
411483.3.peg.202.site.16, 2, 142, 144
411483.3.peg.202.site.17, 5, 143, 148
411483.3.peg.202.site.18, 3, 144, 147
411483.3.peg.202.site.19, 5, 141, 146
411483.3.peg.202.site.20, 1, 141, 142
411483.3.peg.202.site.21, 1, 139, 140
411483.3.peg.202.site.22, 55, 117, 172
411483.3.peg.202.site.23, 4, 123, 127
411483.3.peg.202.site.24, 2, 122, 124
411483.3.peg.202.site.25, 1, 111, 112
411483.3.peg.202.site.26, 4, 117, 121
411483.3.peg.202.site.27, 2, 97, 99
411483.3.peg.202.site.28, 18, 131, 149
411483.3.peg.202.site.29, 2, 134, 136
411483.3.peg.202.site.30, 6, 121, 127
411483.3.peg.202.site.31, 3, 122, 125
411483.3.peg.202.site.32, 3, 111, 114
411483.3.peg.202.site.33, 107, 107, 214
411483.3.peg.202.site.34, 4, 108, 112
411483.3.peg.202.site.35, 44, 101, 145
411483.3.peg.202.site.36, 0, 103, 103
411483.3.peg.202.site.37, 108, 108, 216
411483.3.peg.202.site.38, 11, 109, 120
411483.3.peg.202.site.39, 1, 106, 107
411483.3.peg.202.site.40, 1, 129, 130
411483.3.peg.202.site.41, 3, 129, 132
411483.3.peg.202.site.42, 1, 137, 138
411483.3.peg.202.site.43, 1, 144, 145
411483.3.peg.202.site.44, 3, 150, 153
411483.3.peg.202.site.45, 117, 139, 256
411483.3.peg.202.site.46, 9, 143, 152
411483.3.peg.202.site.47, 101, 129, 230
411483.3.peg.202.site.48, 2, 141, 143
411483.3.peg.202.site.49, 6, 139, 145
411483.3.peg.202.site.50, 134, 134, 268
411483.3.peg.202.site.51, 38, 124, 162
411483.3.peg.202.site.52, 0, 108, 108
411483.3.peg.202.site.53, 3, 93, 96
411483.3.peg.203.site.1, 1, 152, 153
411483.3.peg.203.site.2, 0, 151, 151
411483.3.peg.203.site.3, 5, 150, 155
411483.3.peg.203.site.4, 3, 153, 156
411483.3.peg.203.site.5, 42, 146, 188
411483.3.peg.203.site.6, 5, 151, 156
411483.3.peg.203.site.7, 12, 151, 163
411483.3.peg.203.site.8, 2, 155, 157
411483.3.peg.203.site.9, 10, 153, 163
411483.3.peg.203.site.10, 2, 154, 156
411483.3.peg.203.site.11, 6, 152, 158
411483.3.peg.203.site.12, 7, 153, 160
411483.3.peg.203.site.13, 62, 144, 206
411483.3.peg.203.site.14, 0, 148, 148
411483.3.peg.203.site.15, 46, 145, 191
411483.3.peg.203.site.16, 81, 138, 219
411483.3.peg.203.site.17, 13, 145, 158
411483.3.peg.203.site.18, 1, 152, 153
411483.3.peg.203.site.19, 6, 151, 157
411483.3.peg.203.site.20, 2, 149, 151
411483.3.peg.203.site.21, 2, 149, 151
411483.3.peg.203.site.22, 3, 147, 150
411483.3.peg.203.site.23, 13, 147, 160
411483.3.peg.203.site.24, 1, 149, 150
411483.3.peg.203.site.25, 4, 145, 149
411483.3.peg.203.site.26, 3, 147, 150
411483.3.peg.203.site.27, 7, 148, 155
411483.3.peg.203.site.28, 30, 143, 173
411483.3.peg.203.site.29, 9, 143, 152
411483.3.peg.203.site.30, 2, 150, 152
411483.3.peg.203.site.31, 26, 146, 172
411483.3.peg.203.site.32, 3, 149, 152
411483.3.peg.203.site.33, 4, 152, 156
411483.3.peg.203.site.34, 2, 154, 156
411483.3.peg.203.site.35, 2, 154, 156
411483.3.peg.203.site.36, 8, 151, 159
411483.3.peg.203.site.37, 6, 151, 157
411483.3.peg.203.site.38, 7, 150, 157
411483.3.peg.203.site.39, 1, 151, 152
411483.3.peg.203.site.40, 3, 148, 151
411483.3.peg.203.site.41, 1, 145, 146
411483.3.peg.203.site.42, 21, 137, 158
411483.3.peg.203.site.43, 1, 147, 148
411483.3.peg.203.site.44, 4, 146, 150
411483.3.peg.203.site.45, 6, 143, 149
411483.3.peg.203.site.46, 0, 148, 148
411483.3.peg.203.site.47, 48, 138, 186
411483.3.peg.203.site.48, 2, 135, 137
411483.3.peg.203.site.49, 1, 129, 130
411483.3.peg.203.site.50, 3, 136, 139
411483.3.peg.203.site.51, 0, 134, 134
411483.3.peg.203.site.52, 1, 143, 144
411483.3.peg.203.site.53, 78, 132, 210
411483.3.peg.203.site.54, 1, 138, 139
411483.3.peg.203.site.55, 0, 135, 135
411483.3.peg.203.site.56, 6, 134, 140
411483.3.peg.203.site.57, 55, 124, 179
411483.3.peg.203.site.58, 2, 137, 139
411483.3.peg.203.site.59, 3, 134, 137
411483.3.peg.203.site.60, 1, 144, 145
411483.3.peg.203.site.61, 13, 149, 162
411483.3.peg.2711.site.1, 1, 153, 154
411483.3.peg.2711.site.2, 67, 137, 204
411483.3.peg.2711.site.3, 18, 152, 170
411483.3.peg.2711.site.4, 77, 140, 217
411483.3.peg.2711.site.5, 7, 153, 160
411483.3.peg.2711.site.6, 84, 146, 230
411483.3.peg.2711.site.7, 4, 153, 157
411483.3.peg.2711.site.8, 1, 154, 155
411483.3.peg.2711.site.9, 0, 154, 154
411483.3.peg.2711.site.10, 51, 147, 198
411483.3.peg.2711.site.11, 2, 154, 156
411483.3.peg.2711.site.12, 2, 152, 154
411483.3.peg.2711.site.13, 14, 152, 166
411483.3.peg.2711.site.14, 0, 151, 151
411483.3.peg.2711.site.15, 8, 136, 144
411483.3.peg.2711.site.16, 6, 125, 131
411483.3.peg.2711.site.17, 0, 118, 118
411483.3.peg.2711.site.18, 7, 117, 124
411483.3.peg.2711.site.19, 2, 113, 115
411483.3.peg.2711.site.20, 1, 120, 121
411483.3.peg.2711.site.21, 2, 122, 124
411483.3.peg.2711.site.22, 2, 129, 131
411483.3.peg.2711.site.23, 11, 124, 135
411483.3.peg.2711.site.24, 2, 115, 117
411483.3.peg.2711.site.25, 62, 111, 173
411483.3.peg.2711.site.26, 0, 123, 123
411483.3.peg.2711.site.27, 124, 127, 251
411483.3.peg.2711.site.28, 58, 104, 162
411483.3.peg.2711.site.29, 1, 125, 126
411483.3.peg.2711.site.30, 3, 132, 135
411483.3.peg.2711.site.31, 0, 139, 139
411483.3.peg.2711.site.32, 1, 142, 143
411483.3.peg.2711.site.33, 1, 144, 145
411483.3.peg.2711.site.34, 4, 137, 141
411483.3.peg.2711.site.35, 1, 146, 147
411483.3.peg.2711.site.36, 3, 146, 149
411483.3.peg.2711.site.37, 1, 146, 147
411483.3.peg.2711.site.38, 1, 141, 142
411483.3.peg.2711.site.39, 9, 135, 144
411483.3.peg.2711.site.40, 1, 134, 135
411483.3.peg.2711.site.41, 11, 132, 143
411483.3.peg.2711.site.42, 2, 142, 144
411483.3.peg.2711.site.43, 7, 131, 138
411483.3.peg.2711.site.44, 30, 115, 145
411483.3.peg.2711.site.45, 26, 118, 144
411483.3.peg.2711.site.46, 16, 123, 139
411483.3.peg.2711.site.47, 103, 119, 222
411483.3.peg.2711.site.48, 21, 113, 134
411483.3.peg.2711.site.49, 0, 113, 113
411483.3.peg.2711.site.50, 2, 129, 131
411483.3.peg.2711.site.51, 0, 125, 125
411483.3.peg.2711.site.52, 8, 145, 153
411483.3.peg.2711.site.53, 2, 146, 148
411483.3.peg.2711.site.54, 56, 138, 194
411483.3.peg.2711.site.55, 1, 147, 148
411483.3.peg.2711.site.56, 6, 148, 154
411483.3.peg.2711.site.57, 3, 149, 152
411483.3.peg.2711.site.58, 11, 147, 158
411483.3.peg.2711.site.59, 46, 138, 184
411483.3.peg.2711.site.60, 1, 149, 150
411483.3.peg.2711.site.61, 8, 124, 132
411483.3.peg.2711.site.62, 8, 136, 144
411483.3.peg.2711.site.63, 10, 135, 145
411483.3.peg.2711.site.64, 10, 138, 148
411483.3.peg.2711.site.65, 1, 141, 142
411483.3.peg.2711.site.66, 149, 149, 298
411483.3.peg.2711.site.67, 3, 149, 152
411483.3.peg.2711.site.68, 3, 153, 156
411483.3.peg.2711.site.69, 88, 144, 232
411483.3.peg.2711.site.70, 34, 148, 182
411483.3.peg.2711.site.71, 2, 148, 150
411483.3.peg.2711.site.72, 4, 152, 156
411483.3.peg.2711.site.73, 0, 147, 147
411483.3.peg.2711.site.74, 10, 152, 162
411483.3.peg.2711.site.75, 0, 151, 151
411483.3.peg.2711.site.76, 98, 144, 242
411483.3.peg.2711.site.77, 2, 152, 154
411483.3.peg.2711.site.78, 4, 150, 154
411483.3.peg.2711.site.79, 3, 151, 154
411483.3.peg.2711.site.80, 1, 148, 149
411483.3.peg.2711.site.81, 0, 153, 153
411483.3.peg.2711.site.82, 0, 152, 152
411483.3.peg.2711.site.83, 154, 154, 308
411483.3.peg.2711.site.84, 22, 150, 172
411483.3.peg.2711.site.85, 1, 151, 152
411483.3.peg.2711.site.86, 1, 151, 152
411483.3.peg.2711.site.87, 11, 152, 163
411483.3.peg.2711.site.88, 2, 153, 155
411483.3.peg.2711.site.89, 47, 147, 194
411483.3.peg.2711.site.90, 6, 150, 156
411483.3.peg.2711.site.91, 10, 150, 160
411483.3.peg.2711.site.92, 7, 138, 145
411483.3.peg.2711.site.93, 4, 151, 155
411483.3.peg.2711.site.94, 2, 149, 151
411483.3.peg.2711.site.95, 17, 146, 163
411483.3.peg.2711.site.96, 149, 149, 298
411483.3.peg.2711.site.97, 1, 150, 151
411483.3.peg.2711.site.98, 45, 146, 191
411483.3.peg.2711.site.99, 7, 151, 158
411483.3.peg.2711.site.100, 0, 152, 152
411483.3.peg.2711.site.101, 7, 151, 158
411483.3.peg.2711.site.102, 6, 152, 158
411483.3.peg.2711.site.103, 113, 150, 263
411483.3.peg.2711.site.104, 5, 149, 154
411483.3.peg.2711.site.105, 3, 153, 156
411483.3.peg.2711.site.106, 1, 154, 155
411483.3.peg.2711.site.107, 2, 153, 155
411483.3.peg.2711.site.108, 7, 155, 162
411483.3.peg.2711.site.109, 1, 152, 153
411483.3.peg.2711.site.110, 1, 153, 154
411483.3.peg.2711.site.111, 142, 150, 292
411483.3.peg.2711.site.112, 43, 145, 188
411483.3.peg.2711.site.113, 7, 140, 147
411483.3.peg.2711.site.114, 138, 138, 276
411483.3.peg.2711.site.115, 77, 137, 214
411483.3.peg.2711.site.116, 1, 141, 142
411483.3.peg.2711.site.117, 1, 150, 151
411483.3.peg.2711.site.118, 0, 151, 151
411483.3.peg.2711.site.119, 127, 147, 274
411483.3.peg.2711.site.120, 2, 152, 154
411483.3.peg.2711.site.121, 2, 152, 154
411483.3.peg.2711.site.122, 1, 152, 153
411483.3.peg.2711.site.123, 7, 152, 159
411483.3.peg.2711.site.124, 21, 145, 166
411483.3.peg.2711.site.125, 3, 153, 156
411483.3.peg.2711.site.126, 11, 151, 162
411483.3.peg.2711.site.127, 2, 153, 155
411483.3.peg.2711.site.128, 4, 151, 155
411483.3.peg.2711.site.129, 48, 146, 194
411483.3.peg.2711.site.130, 2, 152, 154
411483.3.peg.2711.site.131, 64, 141, 205
411483.3.peg.2711.site.132, 9, 149, 158
411483.3.peg.2711.site.133, 1, 149, 150
411483.3.peg.2711.site.134, 11, 147, 158
411483.3.peg.2711.site.135, 16, 148, 164
411483.3.peg.2711.site.136, 2, 150, 152
411483.3.peg.2711.site.137, 5, 150, 155
411483.3.peg.54.site.1, 3, 147, 150
411483.3.peg.54.site.2, 0, 150, 150
411483.3.peg.54.site.3, 11, 154, 165
411483.3.peg.54.site.4, 1, 153, 154
411483.3.peg.54.site.5, 1, 147, 148
411483.3.peg.54.site.6, 2, 147, 149
411483.3.peg.54.site.7, 2, 154, 156
411483.3.peg.54.site.8, 11, 148, 159
411483.3.peg.54.site.9, 0, 147, 147
411483.3.peg.54.site.10, 2, 149, 151
411483.3.peg.54.site.11, 1, 151, 152
411483.3.peg.54.site.12, 4, 148, 152
411483.3.peg.54.site.13, 9, 145, 154
411483.3.peg.54.site.14, 3, 150, 153
411483.3.peg.54.site.15, 5, 151, 156
411483.3.peg.54.site.16, 2, 151, 153
411483.3.peg.54.site.17, 91, 140, 231
411483.3.peg.54.site.18, 11, 146, 157
411483.3.peg.54.site.19, 0, 152, 152
411483.3.peg.54.site.20, 1, 150, 151
411483.3.peg.54.site.21, 0, 149, 149
411483.3.peg.54.site.22, 7, 149, 156
411483.3.peg.54.site.23, 4, 151, 155
411483.3.peg.54.site.24, 0, 151, 151
411483.3.peg.54.site.25, 0, 151, 151
411483.3.peg.54.site.26, 1, 153, 154
411483.3.peg.54.site.27, 5, 149, 154
411483.3.peg.54.site.28, 4, 154, 158
411483.3.peg.54.site.29, 120, 149, 269
411483.3.peg.54.site.30, 2, 153, 155
411483.3.peg.54.site.31, 2, 153, 155
411483.3.peg.54.site.32, 2, 153, 155
411483.3.peg.54.site.33, 2, 153, 155
411483.3.peg.54.site.34, 3, 152, 155
411483.3.peg.54.site.35, 7, 146, 153
411483.3.peg.54.site.36, 36, 150, 186
411483.3.peg.54.site.37, 1, 151, 152
411483.3.peg.54.site.38, 48, 137, 185
411483.3.peg.54.site.39, 2, 142, 144
411483.3.peg.54.site.40, 1, 147, 148
411483.3.peg.54.site.41, 0, 150, 150
411483.3.peg.54.site.42, 0, 143, 143
411483.3.peg.54.site.43, 11, 150, 161
411483.3.peg.54.site.44, 2, 147, 149
411483.3.peg.54.site.45, 10, 149, 159
411483.3.peg.54.site.46, 4, 150, 154
411483.3.peg.54.site.47, 8, 150, 158
411483.3.peg.54.site.48, 1, 151, 152
411483.3.peg.54.site.49, 2, 150, 152
411483.3.peg.54.site.50, 43, 144, 187
411483.3.peg.54.site.51, 20, 139, 159
411483.3.peg.54.site.52, 146, 150, 296
411483.3.peg.54.site.53, 25, 138, 163
411483.3.peg.54.site.54, 2, 138, 140
411483.3.peg.54.site.55, 52, 131, 183
411483.3.peg.54.site.56, 54, 131, 185
411483.3.peg.54.site.57, 11, 136, 147
411483.3.peg.54.site.58, 33, 128, 161
411483.3.peg.55.site.1, 2, 154, 156
411483.3.peg.55.site.2, 4, 153, 157
411483.3.peg.55.site.3, 0, 155, 155
411483.3.peg.55.site.4, 5, 154, 159
411483.3.peg.55.site.5, 7, 150, 157
411483.3.peg.56.site.1, 6, 135, 141
411483.3.peg.56.site.2, 4, 143, 147
411483.3.peg.56.site.3, 4, 143, 147
411483.3.peg.56.site.4, 8, 145, 153
411483.3.peg.56.site.5, 135, 138, 273
411483.3.peg.56.site.6, 1, 150, 151
411483.3.peg.56.site.7, 7, 144, 151
411483.3.peg.56.site.8, 2, 149, 151
411483.3.peg.56.site.9, 1, 151, 152
411483.3.peg.56.site.10, 3, 152, 155
411483.3.peg.56.site.11, 3, 152, 155
411483.3.peg.56.site.12, 3, 149, 152
411483.3.peg.56.site.13, 6, 148, 154
411483.3.peg.56.site.14, 1, 151, 152
411483.3.peg.56.site.15, 5, 150, 155
411483.3.peg.56.site.16, 3, 150, 153
411483.3.peg.56.site.17, 1, 148, 149
411483.3.peg.56.site.18, 7, 140, 147
411483.3.peg.56.site.19, 3, 147, 150
411483.3.peg.56.site.20, 2, 147, 149
411483.3.peg.56.site.21, 65, 138, 203
411483.3.peg.56.site.22, 0, 149, 149
411483.3.peg.56.site.23, 2, 149, 151
411483.3.peg.56.site.24, 39, 136, 175
411483.3.peg.56.site.25, 6, 144, 150
411483.3.peg.56.site.26, 3, 151, 154
411483.3.peg.56.site.27, 4, 151, 155
411483.3.peg.56.site.28, 2, 152, 154
411483.3.peg.56.site.29, 24, 149, 173
411483.3.peg.56.site.30, 11, 149, 160
411483.3.peg.56.site.31, 2, 149, 151
411483.3.peg.56.site.32, 0, 150, 150
411483.3.peg.56.site.33, 4, 152, 156
411483.3.peg.56.site.34, 73, 143, 216
411483.3.peg.56.site.35, 12, 151, 163
411483.3.peg.56.site.36, 2, 150, 152
411483.3.peg.56.site.37, 1, 151, 152
411483.3.peg.56.site.38, 1, 152, 153
411483.3.peg.56.site.39, 3, 150, 153
411483.3.peg.56.site.40, 3, 151, 154
411483.3.peg.56.site.41, 4, 152, 156
411483.3.peg.56.site.42, 2, 152, 154
411483.3.peg.56.site.43, 2, 152, 154
411483.3.peg.56.site.44, 2, 152, 154
411483.3.peg.56.site.45, 1, 151, 152
411483.3.peg.56.site.46, 1, 149, 150
411483.3.peg.56.site.47, 6, 148, 154
411483.3.peg.56.site.48, 1, 151, 152
411483.3.peg.56.site.49, 1, 152, 153
411483.3.peg.56.site.50, 2, 152, 154
411483.3.peg.56.site.51, 0, 151, 151
411483.3.peg.56.site.52, 1, 152, 153
411483.3.peg.56.site.53, 2, 148, 150
411483.3.peg.56.site.54, 8, 150, 158
411483.3.peg.56.site.55, 1, 152, 153
411483.3.peg.56.site.56, 2, 152, 154
411483.3.peg.56.site.57, 148, 151, 299
411483.3.peg.56.site.58, 1, 152, 153
411483.3.peg.56.site.59, 26, 144, 170
411483.3.peg.56.site.60, 4, 149, 153
411483.3.peg.56.site.61, 2, 152, 154
411483.3.peg.56.site.62, 18, 142, 160
411483.3.peg.56.site.63, 30, 141, 171
411483.3.peg.56.site.64, 6, 143, 149
411483.3.peg.56.site.65, 39, 140, 179
411483.3.peg.56.site.66, 7, 151, 158
411483.3.peg.56.site.67, 5, 149, 154
411483.3.peg.56.site.68, 3, 152, 155
411483.3.peg.56.site.69, 2, 152, 154
411483.3.peg.56.site.70, 2, 152, 154
411483.3.peg.56.site.71, 0, 148, 148
411483.3.peg.56.site.72, 0, 149, 149
411483.3.peg.56.site.73, 7, 151, 158
411483.3.peg.56.site.74, 16, 147, 163
411483.3.peg.56.site.75, 7, 146, 153
411483.3.peg.56.site.76, 6, 143, 149
411483.3.peg.56.site.77, 4, 143, 147
411483.3.peg.56.site.78, 5, 132, 137
411483.3.peg.56.site.79, 4, 141, 145
411483.3.peg.56.site.80, 2, 141, 143
411483.3.peg.56.site.81, 2, 147, 149
411483.3.peg.56.site.82, 0, 151, 151
411483.3.peg.56.site.83, 1, 151, 152
411483.3.peg.56.site.84, 8, 149, 157
411483.3.peg.56.site.85, 0, 151, 151
411483.3.peg.56.site.86, 0, 149, 149
411483.3.peg.56.site.87, 8, 144, 152
411483.3.peg.56.site.88, 0, 130, 130
411483.3.peg.56.site.89, 2, 137, 139
411483.3.peg.56.site.90, 3, 143, 146
411483.3.peg.56.site.91, 3, 152, 155
411483.3.peg.56.site.92, 3, 151, 154
411483.3.peg.56.site.93, 5, 151, 156
411483.3.peg.57.site.1, 0, 150, 150
411483.3.peg.57.site.2, 1, 143, 144
411483.3.peg.57.site.3, 70, 134, 204
411483.3.peg.57.site.4, 0, 139, 139
411483.3.peg.57.site.5, 0, 137, 137
411483.3.peg.57.site.6, 4, 145, 149
411483.3.peg.50.site.1, 3, 147, 150
411483.3.peg.50.site.2, 3, 148, 151
411483.3.peg.50.site.3, 0, 146, 146
411483.3.peg.50.site.4, 0, 147, 147
411483.3.peg.50.site.5, 20, 144, 164
411483.3.peg.50.site.6, 13, 149, 162
411483.3.peg.50.site.7, 1, 142, 143
411483.3.peg.50.site.8, 3, 137, 140
411483.3.peg.50.site.9, 0, 138, 138
411483.3.peg.50.site.10, 7, 126, 133
411483.3.peg.50.site.11, 64, 104, 168
411483.3.peg.50.site.12, 2, 84, 86
411483.3.peg.50.site.13, 71, 75, 146
411483.3.peg.50.site.14, 1, 74, 75
411483.3.peg.50.site.15, 31, 74, 105
411483.3.peg.50.site.16, 20, 55, 75
411483.3.peg.50.site.17, 0, 92, 92
411483.3.peg.50.site.18, 1, 93, 94
411483.3.peg.50.site.19, 0, 89, 89
411483.3.peg.50.site.20, 0, 89, 89
411483.3.peg.50.site.21, 4, 83, 87
411483.3.peg.50.site.22, 7, 85, 92
411483.3.peg.50.site.23, 1, 90, 91
411483.3.peg.50.site.24, 2, 103, 105
411483.3.peg.50.site.25, 8, 103, 111
411483.3.peg.50.site.26, 1, 106, 107
411483.3.peg.50.site.27, 1, 103, 104
411483.3.peg.50.site.28, 24, 108, 132
411483.3.peg.50.site.29, 0, 111, 111
411483.3.peg.50.site.30, 9, 108, 117
411483.3.peg.50.site.31, 1, 120, 121
411483.3.peg.50.site.32, 0, 130, 130
411483.3.peg.50.site.33, 0, 133, 133
411483.3.peg.50.site.34, 0, 142, 142
411483.3.peg.50.site.35, 89, 133, 222
411483.3.peg.50.site.36, 0, 145, 145
411483.3.peg.50.site.37, 8, 149, 157
411483.3.peg.50.site.38, 0, 150, 150
411483.3.peg.50.site.39, 1, 153, 154
411483.3.peg.50.site.40, 1, 153, 154
411483.3.peg.50.site.41, 3, 153, 156
411483.3.peg.50.site.42, 10, 151, 161
411483.3.peg.50.site.43, 86, 140, 226
411483.3.peg.50.site.44, 3, 151, 154
411483.3.peg.50.site.45, 0, 149, 149
411483.3.peg.50.site.46, 2, 153, 155
411483.3.peg.50.site.47, 2, 155, 157
411483.3.peg.50.site.48, 0, 154, 154
411483.3.peg.50.site.49, 5, 151, 156
411483.3.peg.50.site.50, 1, 144, 145
411483.3.peg.50.site.51, 80, 147, 227
411483.3.peg.50.site.52, 2, 151, 153
411483.3.peg.50.site.53, 2, 148, 150
411483.3.peg.50.site.54, 41, 146, 187
411483.3.peg.50.site.55, 146, 150, 296
411483.3.peg.50.site.56, 5, 150, 155
411483.3.peg.50.site.57, 4, 151, 155
411483.3.peg.50.site.58, 0, 152, 152
411483.3.peg.50.site.59, 1, 153, 154
411483.3.peg.50.site.60, 2, 151, 153
411483.3.peg.50.site.61, 13, 151, 164
411483.3.peg.50.site.62, 2, 153, 155
411483.3.peg.50.site.63, 7, 153, 160
411483.3.peg.50.site.64, 1, 151, 152
411483.3.peg.50.site.65, 13, 149, 162
411483.3.peg.50.site.66, 5, 148, 153
411483.3.peg.50.site.67, 1, 146, 147
411483.3.peg.50.site.68, 18, 140, 158
411483.3.peg.50.site.69, 15, 140, 155
411483.3.peg.50.site.70, 4, 144, 148
411483.3.peg.50.site.71, 106, 137, 243
411483.3.peg.50.site.72, 32, 137, 169
411483.3.peg.50.site.73, 1, 141, 142
411483.3.peg.50.site.74, 0, 138, 138
411483.3.peg.50.site.75, 4, 140, 144
411483.3.peg.50.site.76, 32, 133, 165
411483.3.peg.50.site.77, 0, 145, 145
411483.3.peg.50.site.78, 0, 142, 142
411483.3.peg.51.site.1, 6, 154, 160
411483.3.peg.51.site.2, 5, 154, 159
411483.3.peg.51.site.3, 2, 154, 156
411483.3.peg.51.site.4, 1, 155, 156
411483.3.peg.51.site.5, 3, 152, 155
411483.3.peg.51.site.6, 152, 153, 305
411483.3.peg.51.site.7, 3, 155, 158
411483.3.peg.51.site.8, 7, 154, 161
411483.3.peg.51.site.9, 1, 153, 154
411483.3.peg.51.site.10, 1, 153, 154
411483.3.peg.51.site.11, 62, 142, 204
411483.3.peg.51.site.12, 0, 152, 152
411483.3.peg.51.site.13, 4, 147, 151
411483.3.peg.51.site.14, 4, 154, 158
411483.3.peg.51.site.15, 6, 152, 158
411483.3.peg.51.site.16, 13, 151, 164
411483.3.peg.51.site.17, 12, 149, 161
411483.3.peg.51.site.18, 1, 155, 156
411483.3.peg.51.site.19, 4, 154, 158
411483.3.peg.51.site.20, 1, 154, 155
411483.3.peg.51.site.21, 5, 153, 158
411483.3.peg.51.site.22, 6, 153, 159
411483.3.peg.51.site.23, 0, 150, 150
411483.3.peg.51.site.24, 16, 149, 165
411483.3.peg.51.site.25, 2, 152, 154
411483.3.peg.51.site.26, 0, 144, 144
411483.3.peg.51.site.27, 8, 152, 160
411483.3.peg.51.site.28, 8, 152, 160
411483.3.peg.51.site.29, 3, 151, 154
411483.3.peg.51.site.30, 0, 154, 154
411483.3.peg.51.site.31, 0, 154, 154
411483.3.peg.51.site.32, 7, 154, 161
411483.3.peg.51.site.33, 109, 140, 249
411483.3.peg.51.site.34, 0, 155, 155
411483.3.peg.51.site.35, 3, 149, 152
411483.3.peg.51.site.36, 0, 152, 152
411483.3.peg.51.site.37, 1, 155, 156
411483.3.peg.51.site.38, 2, 155, 157
411483.3.peg.51.site.39, 6, 150, 156
411483.3.peg.51.site.40, 0, 152, 152
411483.3.peg.51.site.41, 1, 150, 151
411483.3.peg.590.site.1, 5, 143, 148
411483.3.peg.590.site.2, 137, 142, 279
411483.3.peg.590.site.3, 136, 139, 275
411483.3.peg.590.site.4, 18, 135, 153
411483.3.peg.590.site.5, 1, 140, 141
411483.3.peg.590.site.6, 3, 140, 143
411483.3.peg.590.site.7, 3, 135, 138
411483.3.peg.590.site.8, 1, 139, 140
411483.3.peg.590.site.9, 5, 138, 143
411483.3.peg.590.site.10, 10, 139, 149
411483.3.peg.590.site.11, 96, 132, 228
411483.3.peg.590.site.12, 1, 143, 144
411483.3.peg.590.site.13, 29, 137, 166
411483.3.peg.590.site.14, 10, 143, 153
411483.3.peg.590.site.15, 6, 138, 144
411483.3.peg.590.site.16, 28, 138, 166
411483.3.peg.590.site.17, 7, 140, 147
411483.3.peg.590.site.18, 25, 134, 159
411483.3.peg.590.site.19, 1, 144, 145
411483.3.peg.590.site.20, 2, 144, 146
411483.3.peg.590.site.21, 6, 144, 150
411483.3.peg.590.site.22, 1, 145, 146
411483.3.peg.590.site.23, 0, 144, 144
411483.3.peg.590.site.24, 1, 142, 143
411483.3.peg.590.site.25, 6, 140, 146
411483.3.peg.590.site.26, 3, 137, 140
411483.3.peg.590.site.27, 135, 135, 270
411483.3.peg.590.site.28, 17, 114, 131
411483.3.peg.590.site.29, 18, 115, 133
411483.3.peg.590.site.30, 19, 110, 129
411483.3.peg.590.site.31, 4, 122, 126
411483.3.peg.590.site.32, 48, 125, 173
411483.3.peg.590.site.33, 133, 140, 273
411483.3.peg.590.site.34, 133, 133, 266
411483.3.peg.590.site.35, 18, 121, 139
411483.3.peg.590.site.36, 0, 121, 121
411483.3.peg.590.site.37, 3, 121, 124
411483.3.peg.590.site.38, 5, 113, 118
411483.3.peg.590.site.39, 9, 110, 119
411483.3.peg.590.site.40, 0, 108, 108
411483.3.peg.590.site.41, 12, 102, 114
411483.3.peg.590.site.42, 23, 100, 123
411483.3.peg.590.site.43, 0, 108, 108
411483.3.peg.590.site.44, 14, 123, 137
411483.3.peg.590.site.45, 10, 122, 132
411483.3.peg.590.site.46, 6, 126, 132
411483.3.peg.590.site.47, 5, 128, 133
411483.3.peg.590.site.48, 5, 134, 139
411483.3.peg.590.site.49, 1, 133, 134
411483.3.peg.590.site.50, 1, 142, 143
411483.3.peg.590.site.51, 129, 144, 273
411483.3.peg.590.site.52, 8, 144, 152
411483.3.peg.590.site.53, 21, 141, 162
411483.3.peg.590.site.54, 6, 149, 155
411483.3.peg.590.site.55, 6, 152, 158
411483.3.peg.590.site.56, 12, 152, 164
411483.3.peg.590.site.57, 8, 152, 160
411483.3.peg.590.site.58, 16, 149, 165
411483.3.peg.590.site.59, 1, 151, 152
411483.3.peg.591.site.1, 2, 148, 150
411483.3.peg.591.site.2, 2, 150, 152
411483.3.peg.591.site.3, 115, 144, 259
411483.3.peg.591.site.4, 1, 142, 143
411483.3.peg.591.site.5, 41, 134, 175
411483.3.peg.591.site.6, 1, 143, 144
411483.3.peg.591.site.7, 2, 130, 132
411483.3.peg.591.site.8, 4, 131, 135
411483.3.peg.591.site.9, 34, 111, 145
411483.3.peg.591.site.10, 4, 131, 135
411483.3.peg.591.site.11, 3, 131, 134
411483.3.peg.591.site.12, 30, 122, 152
411483.3.peg.591.site.13, 1, 133, 134
411483.3.peg.591.site.14, 1, 132, 133
411483.3.peg.591.site.15, 1, 134, 135
411483.3.peg.591.site.16, 6, 133, 139
411483.3.peg.591.site.17, 46, 124, 170
411483.3.peg.591.site.18, 57, 98, 155
411483.3.peg.591.site.19, 34, 99, 133
411483.3.peg.591.site.20, 22, 104, 126
411483.3.peg.591.site.21, 86, 112, 198
411483.3.peg.591.site.22, 4, 129, 133
411483.3.peg.591.site.23, 4, 142, 146
411483.3.peg.591.site.24, 2, 150, 152
411483.3.peg.591.site.25, 4, 150, 154
411483.3.peg.591.site.26, 1, 151, 152
411483.3.peg.591.site.27, 4, 151, 155
411483.3.peg.591.site.28, 11, 147, 158
411483.3.peg.591.site.29, 5, 151, 156
411483.3.peg.591.site.30, 24, 148, 172
411483.3.peg.591.site.31, 2, 151, 153
411483.3.peg.591.site.32, 0, 150, 150
411483.3.peg.591.site.33, 21, 150, 171
411483.3.peg.591.site.34, 4, 151, 155
411483.3.peg.591.site.35, 2, 150, 152
411483.3.peg.591.site.36, 0, 149, 149
411483.3.peg.591.site.37, 0, 148, 148
411483.3.peg.591.site.38, 3, 150, 153
411483.3.peg.591.site.39, 1, 148, 149
411483.3.peg.591.site.40, 5, 144, 149
411483.3.peg.591.site.41, 140, 144, 284
411483.3.peg.591.site.42, 1, 151, 152
411483.3.peg.591.site.43, 129, 142, 271
411483.3.peg.591.site.44, 1, 149, 150
411483.3.peg.591.site.45, 7, 149, 156
411483.3.peg.591.site.46, 23, 134, 157
411483.3.peg.591.site.47, 8, 150, 158
411483.3.peg.591.site.48, 6, 148, 154
411483.3.peg.591.site.49, 1, 150, 151
411483.3.peg.591.site.50, 132, 148, 280
411483.3.peg.591.site.51, 2, 148, 150
411483.3.peg.591.site.52, 7, 149, 156
411483.3.peg.591.site.53, 24, 144, 168
411483.3.peg.591.site.54, 6, 139, 145
411483.3.peg.591.site.55, 1, 117, 118
411483.3.peg.591.site.56, 4, 134, 138
411483.3.peg.591.site.57, 12, 136, 148
411483.3.peg.840.site.1, 2, 150, 152
411483.3.peg.840.site.2, 7, 150, 157
411483.3.peg.840.site.3, 2, 151, 153
411483.3.peg.840.site.4, 2, 151, 153
411483.3.peg.840.site.5, 9, 147, 156
411483.3.peg.840.site.6, 0, 150, 150
411483.3.peg.840.site.7, 3, 152, 155
411483.3.peg.840.site.8, 1, 149, 150
411483.3.peg.840.site.9, 149, 149, 298
411483.3.peg.840.site.10, 1, 146, 147
411483.3.peg.840.site.11, 35, 133, 168
411483.3.peg.840.site.12, 5, 149, 154
411483.3.peg.840.site.13, 81, 137, 218
411483.3.peg.840.site.14, 3, 153, 156
411483.3.peg.840.site.15, 1, 152, 153
411483.3.peg.840.site.16, 4, 151, 155
411483.3.peg.840.site.17, 1, 153, 154
411483.3.peg.840.site.18, 9, 147, 156
411483.3.peg.840.site.19, 2, 152, 154
411483.3.peg.840.site.20, 0, 148, 148
411483.3.peg.840.site.21, 2, 151, 153
411483.3.peg.840.site.22, 1, 152, 153
411483.3.peg.840.site.23, 1, 152, 153
411483.3.peg.840.site.24, 4, 153, 157
411483.3.peg.840.site.25, 110, 148, 258
411483.3.peg.840.site.26, 1, 149, 150
411483.3.peg.840.site.27, 10, 147, 157
411483.3.peg.840.site.28, 98, 140, 238
411483.3.peg.840.site.29, 28, 147, 175
411483.3.peg.840.site.30, 55, 149, 204
411483.3.peg.840.site.31, 72, 144, 216
411483.3.peg.840.site.32, 48, 141, 189
411483.3.peg.840.site.33, 47, 149, 196
411483.3.peg.840.site.34, 8, 151, 159
411483.3.peg.840.site.35, 6, 147, 153
411483.3.peg.840.site.36, 2, 149, 151
411483.3.peg.840.site.37, 0, 149, 149
411483.3.peg.840.site.38, 0, 149, 149
411483.3.peg.840.site.39, 0, 149, 149
411483.3.peg.840.site.40, 0, 151, 151
411483.3.peg.840.site.41, 5, 154, 159
411483.3.peg.840.site.42, 4, 153, 157
411483.3.peg.840.site.43, 0, 148, 148
411483.3.peg.840.site.44, 8, 154, 162
411483.3.peg.840.site.45, 2, 152, 154
411483.3.peg.840.site.46, 8, 153, 161
411483.3.peg.840.site.47, 44, 146, 190
411483.3.peg.840.site.48, 1, 155, 156
411483.3.peg.840.site.49, 51, 145, 196
411483.3.peg.840.site.50, 2, 155, 157
411483.3.peg.840.site.51, 1, 154, 155
411483.3.peg.840.site.52, 9, 152, 161
411483.3.peg.840.site.53, 0, 147, 147
411483.3.peg.840.site.54, 2, 150, 152
411483.3.peg.840.site.55, 10, 142, 152
411483.3.peg.840.site.56, 18, 146, 164
411483.3.peg.840.site.57, 3, 145, 148
411483.3.peg.840.site.58, 1, 149, 150
411483.3.peg.840.site.59, 3, 142, 145
411483.3.peg.840.site.60, 135, 135, 270
411483.3.peg.840.site.61, 0, 132, 132
411483.3.peg.840.site.62, 7, 129, 136
411483.3.peg.840.site.63, 1, 120, 121
411483.3.peg.840.site.64, 1, 137, 138
411483.3.peg.840.site.65, 3, 141, 144
411483.3.peg.840.site.66, 0, 145, 145
411483.3.peg.840.site.67, 0, 147, 147
411483.3.peg.841.site.1, 1, 149, 150
411483.3.peg.841.site.2, 2, 147, 149
411483.3.peg.841.site.3, 1, 147, 148
411483.3.peg.841.site.4, 1, 149, 150
411483.3.peg.841.site.5, 89, 137, 226
411483.3.peg.841.site.6, 0, 145, 145
411483.3.peg.841.site.7, 5, 146, 151
411483.3.peg.841.site.8, 1, 146, 147
411483.3.peg.841.site.9, 2, 148, 150
411483.3.peg.841.site.10, 4, 143, 147
411483.3.peg.841.site.11, 1, 135, 136
411483.3.peg.841.site.12, 99, 129, 228
411483.3.peg.841.site.13, 1, 120, 121
411483.3.peg.841.site.14, 2, 138, 140
411483.3.peg.841.site.15, 3, 136, 139
411483.3.peg.841.site.16, 2, 144, 146
411483.3.peg.841.site.17, 142, 146, 288
411483.3.peg.841.site.18, 14, 145, 159
411483.3.peg.841.site.19, 1, 147, 148
411483.3.peg.841.site.20, 2, 150, 152
411483.3.peg.841.site.21, 0, 149, 149
411483.3.peg.841.site.22, 9, 149, 158
411483.3.peg.841.site.23, 17, 146, 163
411483.3.peg.841.site.24, 2, 149, 151
411483.3.peg.841.site.25, 0, 147, 147
411483.3.peg.841.site.26, 117, 138, 255
411483.3.peg.841.site.27, 0, 136, 136
411483.3.peg.841.site.28, 0, 142, 142
411483.3.peg.841.site.29, 1, 139, 140
411483.3.peg.841.site.30, 3, 139, 142
411483.3.peg.841.site.31, 0, 147, 147
411483.3.peg.841.site.32, 47, 137, 184
411483.3.peg.841.site.33, 0, 144, 144
411483.3.peg.841.site.34, 0, 146, 146
411483.3.peg.841.site.35, 1, 146, 147
411483.3.peg.841.site.36, 0, 146, 146
411483.3.peg.841.site.37, 6, 146, 152
411483.3.peg.841.site.38, 1, 150, 151
411483.3.peg.841.site.39, 4, 147, 151
411483.3.peg.841.site.40, 1, 145, 146
411483.3.peg.841.site.41, 2, 144, 146
411483.3.peg.841.site.42, 3, 142, 145
411483.3.peg.841.site.43, 1, 137, 138
411483.3.peg.841.site.44, 13, 128, 141
411483.3.peg.841.site.45, 23, 123, 146
411483.3.peg.841.site.46, 11, 106, 117
411483.3.peg.841.site.47, 94, 122, 216
411483.3.peg.841.site.48, 4, 123, 127
411483.3.peg.841.site.49, 34, 114, 148
411483.3.peg.841.site.50, 16, 111, 127
411483.3.peg.841.site.51, 1, 108, 109
411483.3.peg.841.site.52, 6, 109, 115
411483.3.peg.841.site.53, 2, 115, 117
411483.3.peg.841.site.54, 3, 129, 132
411483.3.peg.841.site.55, 1, 114, 115
411483.3.peg.841.site.56, 0, 125, 125
411483.3.peg.841.site.57, 49, 102, 151
411483.3.peg.841.site.58, 2, 128, 130
411483.3.peg.841.site.59, 2, 119, 121
411483.3.peg.841.site.60, 1, 137, 138
411483.3.peg.841.site.61, 8, 136, 144
411483.3.peg.841.site.62, 14, 133, 147
411483.3.peg.841.site.63, 8, 135, 143
411483.3.peg.841.site.64, 6, 138, 144
411483.3.peg.841.site.65, 0, 135, 135
411483.3.peg.841.site.66, 23, 127, 150
411483.3.peg.841.site.67, 4, 112, 116
411483.3.peg.841.site.68, 109, 118, 227
411483.3.peg.841.site.69, 126, 126, 252
411483.3.peg.841.site.70, 1, 138, 139
411483.3.peg.841.site.71, 25, 133, 158
411483.3.peg.841.site.72, 4, 151, 155
411483.3.peg.841.site.73, 17, 144, 161
411483.3.peg.841.site.74, 0, 152, 152
411483.3.peg.841.site.75, 1, 153, 154
411483.3.peg.841.site.76, 3, 153, 156
411483.3.peg.841.site.77, 7, 149, 156
411483.3.peg.841.site.78, 2, 154, 156
411483.3.peg.842.site.1, 0, 153, 153
411483.3.peg.842.site.2, 61, 145, 206
411483.3.peg.842.site.3, 4, 150, 154
411483.3.peg.842.site.4, 1, 153, 154
411483.3.peg.842.site.5, 67, 144, 211
411483.3.peg.842.site.6, 2, 149, 151
411483.3.peg.842.site.7, 10, 147, 157
411483.3.peg.842.site.8, 4, 148, 152
411483.3.peg.842.site.9, 4, 151, 155
411483.3.peg.842.site.10, 14, 145, 159
411483.3.peg.842.site.11, 2, 150, 152
411483.3.peg.842.site.12, 22, 140, 162
411483.3.peg.842.site.13, 3, 144, 147
411483.3.peg.842.site.14, 1, 143, 144
411483.3.peg.842.site.15, 1, 126, 127
411483.3.peg.842.site.16, 7, 124, 131
411483.3.peg.842.site.17, 4, 119, 123
411483.3.peg.842.site.18, 11, 121, 132
411483.3.peg.842.site.19, 0, 114, 114
411483.3.peg.842.site.20, 5, 121, 126
411483.3.peg.842.site.21, 16, 117, 133
411483.3.peg.842.site.22, 63, 105, 168
411483.3.peg.842.site.23, 93, 111, 204
411483.3.peg.842.site.24, 2, 115, 117
411483.3.peg.842.site.25, 7, 115, 122
411483.3.peg.842.site.26, 18, 117, 135
411483.3.peg.842.site.27, 3, 125, 128
411483.3.peg.842.site.28, 5, 123, 128
411483.3.peg.842.site.29, 0, 133, 133
411483.3.peg.842.site.30, 3, 131, 134
411483.3.peg.842.site.31, 1, 133, 134
411483.3.peg.842.site.32, 8, 145, 153
411483.3.peg.842.site.33, 0, 143, 143
411483.3.peg.842.site.34, 4, 147, 151
411483.3.peg.842.site.35, 0, 150, 150
411483.3.peg.842.site.36, 89, 134, 223
411483.3.peg.842.site.37, 133, 147, 280
411483.3.peg.842.site.38, 2, 150, 152
411483.3.peg.842.site.39, 1, 147, 148
411483.3.peg.842.site.40, 0, 142, 142
411483.3.peg.842.site.41, 4, 141, 145
411483.3.peg.842.site.42, 7, 140, 147
411483.3.peg.842.site.43, 3, 145, 148
411483.3.peg.842.site.44, 1, 144, 145
411483.3.peg.842.site.45, 8, 142, 150
411483.3.peg.842.site.46, 89, 131, 220
411483.3.peg.842.site.47, 0, 144, 144
411483.3.peg.842.site.48, 11, 144, 155
411483.3.peg.842.site.49, 4, 144, 148
411483.3.peg.842.site.50, 3, 144, 147
411483.3.peg.842.site.51, 2, 150, 152
411483.3.peg.842.site.52, 14, 151, 165
411483.3.peg.842.site.53, 1, 147, 148
411483.3.peg.842.site.54, 1, 146, 147
411483.3.peg.842.site.55, 1, 149, 150
411483.3.peg.842.site.56, 141, 148, 289
411483.3.peg.842.site.57, 0, 149, 149
411483.3.peg.842.site.58, 2, 147, 149
411483.3.peg.842.site.59, 2, 150, 152
411483.3.peg.842.site.60, 3, 148, 151
411483.3.peg.842.site.61, 1, 146, 147
411483.3.peg.842.site.62, 1, 146, 147
411483.3.peg.842.site.63, 2, 142, 144
411483.3.peg.842.site.64, 1, 145, 146
411483.3.peg.842.site.65, 2, 147, 149
411483.3.peg.842.site.66, 2, 139, 141
411483.3.peg.842.site.67, 0, 147, 147
411483.3.peg.842.site.68, 67, 142, 209
411483.3.peg.842.site.69, 7, 153, 160
411483.3.peg.842.site.70, 46, 138, 184
411483.3.peg.842.site.71, 3, 147, 150
411483.3.peg.842.site.72, 6, 148, 154
411483.3.peg.842.site.73, 3, 150, 153
411483.3.peg.843.site.1, 17, 145, 162
411483.3.peg.843.site.2, 0, 150, 150
411483.3.peg.843.site.3, 3, 153, 156
411483.3.peg.843.site.4, 3, 153, 156
411483.3.peg.843.site.5, 9, 151, 160
411483.3.peg.843.site.6, 2, 151, 153
411483.3.peg.843.site.7, 3, 149, 152
411483.3.peg.843.site.8, 0, 151, 151
411483.3.peg.843.site.9, 18, 149, 167
411483.3.peg.843.site.10, 2, 151, 153
411483.3.peg.843.site.11, 2, 151, 153
411483.3.peg.843.site.12, 0, 147, 147
411483.3.peg.843.site.13, 2, 150, 152
411483.3.peg.843.site.14, 1, 148, 149
411483.3.peg.843.site.15, 143, 145, 288
411483.3.peg.843.site.16, 1, 150, 151
411483.3.peg.843.site.17, 1, 151, 152
411483.3.peg.843.site.18, 101, 139, 240
411483.3.peg.843.site.19, 23, 149, 172
411483.3.peg.843.site.20, 117, 141, 258
411483.3.peg.843.site.21, 16, 130, 146
411483.3.peg.843.site.22, 2, 137, 139
411483.3.peg.843.site.23, 50, 120, 170
411483.3.peg.843.site.24, 1, 129, 130
411483.3.peg.843.site.25, 2, 130, 132
411483.3.peg.843.site.26, 1, 128, 129
411483.3.peg.843.site.27, 0, 130, 130
411483.3.peg.843.site.28, 79, 122, 201
411483.3.peg.843.site.29, 2, 133, 135
411483.3.peg.843.site.30, 87, 128, 215
411483.3.peg.843.site.31, 1, 137, 138
411483.3.peg.843.site.32, 4, 143, 147
411483.3.peg.843.site.33, 4, 128, 132
411483.3.peg.843.site.34, 3, 139, 142
411483.3.peg.843.site.35, 1, 134, 135
411483.3.peg.843.site.36, 46, 125, 171
411483.3.peg.843.site.37, 103, 128, 231
411483.3.peg.843.site.38, 4, 123, 127
411483.3.peg.843.site.39, 3, 122, 125
411483.3.peg.843.site.40, 3, 109, 112
411483.3.peg.58.site.1, 0, 153, 153
411483.3.peg.58.site.2, 36, 141, 177
411483.3.peg.58.site.3, 16, 153, 169
411483.3.peg.58.site.4, 4, 154, 158
411483.3.peg.58.site.5, 3, 145, 148
411483.3.peg.58.site.6, 3, 153, 156
411483.3.peg.58.site.7, 0, 148, 148
411483.3.peg.58.site.8, 9, 152, 161
411483.3.peg.58.site.9, 0, 149, 149
411483.3.peg.58.site.10, 1, 152, 153
411483.3.peg.58.site.11, 0, 151, 151
411483.3.peg.58.site.12, 3, 147, 150
411483.3.peg.58.site.13, 0, 142, 142
411483.3.peg.58.site.14, 1, 147, 148
411483.3.peg.58.site.15, 13, 147, 160
411483.3.peg.58.site.16, 0, 142, 142
411483.3.peg.58.site.17, 74, 135, 209
411483.3.peg.58.site.18, 7, 143, 150
411483.3.peg.58.site.19, 16, 140, 156
411483.3.peg.58.site.20, 3, 146, 149
411483.3.peg.58.site.21, 3, 139, 142
411483.3.peg.58.site.22, 6, 142, 148
411483.3.peg.58.site.23, 9, 137, 146
411483.3.peg.58.site.24, 3, 129, 132
411483.3.peg.58.site.25, 123, 125, 248
411483.3.peg.58.site.26, 86, 142, 228
411483.3.peg.58.site.27, 2, 145, 147
411483.3.peg.58.site.28, 0, 148, 148
411483.3.peg.58.site.29, 3, 146, 149
411483.3.peg.58.site.30, 1, 146, 147
411483.3.peg.58.site.31, 18, 149, 167
411483.3.peg.58.site.32, 2, 148, 150
411483.3.peg.58.site.33, 9, 148, 157
411483.3.peg.58.site.34, 1, 146, 147
411483.3.peg.58.site.35, 9, 145, 154
411483.3.peg.58.site.36, 2, 145, 147
411483.3.peg.58.site.37, 7, 144, 151
411483.3.peg.58.site.38, 13, 140, 153
411483.3.peg.58.site.39, 1, 146, 147
411483.3.peg.58.site.40, 3, 146, 149
411483.3.peg.58.site.41, 5, 112, 117
411483.3.peg.58.site.42, 6, 103, 109
411483.3.peg.58.site.43, 6, 110, 116
411483.3.peg.58.site.44, 1, 107, 108
411483.3.peg.58.site.45, 1, 108, 109
411483.3.peg.58.site.46, 82, 100, 182
411483.3.peg.58.site.47, 35, 104, 139
411483.3.peg.58.site.48, 40, 103, 143
411483.3.peg.58.site.49, 2, 123, 125
411483.3.peg.58.site.50, 2, 133, 135
411483.3.peg.58.site.51, 1, 133, 134
411483.3.peg.58.site.52, 1, 135, 136
411483.3.peg.58.site.53, 2, 138, 140
411483.3.peg.58.site.54, 1, 136, 137
411483.3.peg.58.site.55, 1, 134, 135
411483.3.peg.58.site.56, 72, 128, 200
411483.3.peg.58.site.57, 3, 141, 144
411483.3.peg.58.site.58, 0, 140, 140
411483.3.peg.58.site.59, 131, 140, 271
411483.3.peg.58.site.60, 1, 145, 146
411483.3.peg.58.site.61, 1, 147, 148
411483.3.peg.58.site.62, 2, 145, 147
411483.3.peg.58.site.63, 6, 137, 143
411483.3.peg.58.site.64, 2, 149, 151
411483.3.peg.58.site.65, 0, 147, 147
411483.3.peg.58.site.66, 0, 149, 149
411483.3.peg.58.site.67, 15, 145, 160
411483.3.peg.58.site.68, 0, 148, 148
411483.3.peg.58.site.69, 8, 145, 153
411483.3.peg.58.site.70, 0, 149, 149
411483.3.peg.58.site.71, 1, 150, 151
411483.3.peg.58.site.72, 1, 148, 149
411483.3.peg.58.site.73, 44, 134, 178
411483.3.peg.58.site.74, 1, 148, 149
411483.3.peg.58.site.75, 1, 151, 152
411483.3.peg.58.site.76, 6, 142, 148
411483.3.peg.58.site.77, 4, 151, 155
411483.3.peg.58.site.78, 1, 149, 150
411483.3.peg.58.site.79, 2, 151, 153
411483.3.peg.58.site.80, 1, 153, 154
411483.3.peg.58.site.81, 3, 153, 156
411483.3.peg.58.site.82, 2, 150, 152
411483.3.peg.58.site.83, 21, 145, 166
411483.3.peg.58.site.84, 2, 149, 151
411483.3.peg.58.site.85, 5, 147, 152
411483.3.peg.58.site.86, 0, 143, 143
411483.3.peg.58.site.87, 17, 150, 167
411483.3.peg.58.site.88, 10, 148, 158
411483.3.peg.845.site.1, 4, 148, 152
411483.3.peg.845.site.2, 5, 146, 151
411483.3.peg.845.site.3, 10, 149, 159
411483.3.peg.845.site.4, 2, 151, 153
411483.3.peg.845.site.5, 8, 152, 160
411483.3.peg.845.site.6, 48, 135, 183
411483.3.peg.845.site.7, 137, 143, 280
411483.3.peg.845.site.8, 132, 141, 273
411483.3.peg.845.site.9, 1, 147, 148
411483.3.peg.845.site.10, 1, 142, 143
411483.3.peg.845.site.11, 37, 143, 180
411483.3.peg.845.site.12, 19, 138, 157
411483.3.peg.845.site.13, 0, 148, 148
411483.3.peg.845.site.14, 1, 149, 150
411483.3.peg.845.site.15, 3, 147, 150
411483.3.peg.845.site.16, 111, 133, 244
411483.3.peg.845.site.17, 1, 134, 135
411483.3.peg.845.site.18, 12, 122, 134
411483.3.peg.845.site.19, 4, 120, 124
411483.3.peg.845.site.20, 7, 126, 133
411483.3.peg.845.site.21, 96, 124, 220
411483.3.peg.845.site.22, 3, 134, 137
411483.3.peg.845.site.23, 2, 145, 147
411483.3.peg.845.site.24, 20, 135, 155
411483.3.peg.845.site.25, 1, 150, 151
411483.3.peg.845.site.26, 5, 146, 151
411483.3.peg.845.site.27, 2, 151, 153
411483.3.peg.845.site.28, 10, 148, 158
411483.3.peg.845.site.29, 28, 136, 164
411483.3.peg.845.site.30, 2, 145, 147
411483.3.peg.845.site.31, 6, 143, 149
411483.3.peg.845.site.32, 21, 137, 158
411483.3.peg.845.site.33, 10, 143, 153
411483.3.peg.845.site.34, 5, 145, 150
411483.3.peg.845.site.35, 0, 146, 146
411483.3.peg.845.site.36, 6, 147, 153
411483.3.peg.846.site.1, 9, 143, 152
411483.3.peg.846.site.2, 1, 150, 151
411483.3.peg.846.site.3, 2, 152, 154
411483.3.peg.846.site.4, 0, 148, 148
411483.3.peg.846.site.5, 1, 153, 154
411483.3.peg.846.site.6, 3, 150, 153
411483.3.peg.846.site.7, 6, 147, 153
411483.3.peg.846.site.8, 0, 146, 146
411483.3.peg.846.site.9, 3, 150, 153
411483.3.peg.846.site.10, 14, 146, 160
411483.3.peg.846.site.11, 11, 147, 158
411483.3.peg.846.site.12, 10, 140, 150
411483.3.peg.846.site.13, 2, 149, 151
411483.3.peg.846.site.14, 1, 141, 142
411483.3.peg.846.site.15, 4, 141, 145
411483.3.peg.846.site.16, 132, 139, 271
411483.3.peg.846.site.17, 1, 136, 137
411483.3.peg.846.site.18, 3, 135, 138
411483.3.peg.846.site.19, 3, 137, 140
411483.3.peg.846.site.20, 5, 143, 148
411483.3.peg.846.site.21, 5, 146, 151
411483.3.peg.846.site.22, 7, 143, 150
411483.3.peg.846.site.23, 9, 144, 153
411483.3.peg.846.site.24, 10, 146, 156
411483.3.peg.846.site.25, 10, 145, 155
411483.3.peg.846.site.26, 2, 149, 151
411483.3.peg.846.site.27, 130, 140, 270
411483.3.peg.846.site.28, 86, 133, 219
411483.3.peg.846.site.29, 8, 147, 155
411483.3.peg.846.site.30, 4, 149, 153
411483.3.peg.846.site.31, 1, 148, 149
411483.3.peg.846.site.32, 18, 137, 155
411483.3.peg.846.site.33, 0, 149, 149
411483.3.peg.846.site.34, 1, 137, 138
411483.3.peg.846.site.35, 5, 141, 146
411483.3.peg.846.site.36, 7, 146, 153
411483.3.peg.846.site.37, 3, 148, 151
411483.3.peg.846.site.38, 3, 146, 149
411483.3.peg.846.site.39, 5, 147, 152
411483.3.peg.846.site.40, 39, 135, 174
411483.3.peg.846.site.41, 1, 144, 145
411483.3.peg.846.site.42, 3, 138, 141
411483.3.peg.846.site.43, 1, 126, 127
411483.3.peg.846.site.44, 0, 121, 121
411483.3.peg.846.site.45, 12, 124, 136
411483.3.peg.846.site.46, 31, 117, 148
411483.3.peg.846.site.47, 1, 145, 146
411483.3.peg.846.site.48, 45, 136, 181
411483.3.peg.846.site.49, 33, 134, 167
411483.3.peg.846.site.50, 5, 137, 142
411483.3.peg.846.site.51, 10, 132, 142
411483.3.peg.846.site.52, 6, 140, 146
411483.3.peg.846.site.53, 1, 140, 141
411483.3.peg.846.site.54, 11, 133, 144
411483.3.peg.846.site.55, 23, 134, 157
411483.3.peg.846.site.56, 2, 137, 139
411483.3.peg.846.site.57, 48, 129, 177
411483.3.peg.846.site.58, 1, 143, 144
411483.3.peg.846.site.59, 2, 143, 145
411483.3.peg.846.site.60, 66, 126, 192
411483.3.peg.846.site.61, 13, 135, 148
411483.3.peg.846.site.62, 2, 133, 135
411483.3.peg.846.site.63, 5, 101, 106
411483.3.peg.846.site.64, 3, 131, 134
411483.3.peg.846.site.65, 54, 95, 149
411483.3.peg.846.site.66, 40, 85, 125
411483.3.peg.846.site.67, 1, 70, 71
411483.3.peg.847.site.1, 3, 153, 156
411483.3.peg.847.site.2, 1, 146, 147
411483.3.peg.847.site.3, 1, 149, 150
411483.3.peg.847.site.4, 8, 144, 152
411483.3.peg.847.site.5, 1, 152, 153
411483.3.peg.847.site.6, 0, 152, 152
411483.3.peg.847.site.7, 3, 152, 155
411483.3.peg.847.site.8, 2, 155, 157
411483.3.peg.847.site.9, 2, 153, 155
411483.3.peg.847.site.10, 17, 146, 163
411483.3.peg.847.site.11, 109, 149, 258
411483.3.peg.847.site.12, 1, 154, 155
411483.3.peg.847.site.13, 1, 153, 154
411483.3.peg.847.site.14, 12, 150, 162
411483.3.peg.847.site.15, 0, 153, 153
411483.3.peg.847.site.16, 0, 151, 151
411483.3.peg.847.site.17, 0, 154, 154
411483.3.peg.847.site.18, 0, 149, 149
411483.3.peg.847.site.19, 0, 153, 153
411483.3.peg.847.site.20, 0, 150, 150
411483.3.peg.847.site.21, 1, 153, 154
411483.3.peg.847.site.22, 13, 152, 165
411483.3.peg.847.site.23, 3, 152, 155
411483.3.peg.847.site.24, 1, 150, 151
411483.3.peg.847.site.25, 2, 149, 151
411483.3.peg.847.site.26, 10, 144, 154
411483.3.peg.847.site.27, 146, 146, 292
411483.3.peg.847.site.28, 5, 139, 144
411483.3.peg.847.site.29, 13, 134, 147
411483.3.peg.847.site.30, 1, 142, 143
411483.3.peg.847.site.31, 31, 130, 161
411483.3.peg.847.site.32, 1, 133, 134
411483.3.peg.847.site.33, 1, 132, 133
411483.3.peg.847.site.34, 1, 112, 113
411483.3.peg.847.site.35, 1, 121, 122
411483.3.peg.847.site.36, 2, 117, 119
411483.3.peg.847.site.37, 1, 132, 133
411483.3.peg.847.site.38, 2, 130, 132
411483.3.peg.847.site.39, 7, 130, 137
411483.3.peg.847.site.40, 5, 124, 129
411483.3.peg.847.site.41, 2, 125, 127
411483.3.peg.847.site.42, 0, 141, 141
411483.3.peg.847.site.43, 3, 138, 141
411483.3.peg.847.site.44, 0, 143, 143
411483.3.peg.847.site.45, 0, 143, 143
411483.3.peg.847.site.46, 1, 144, 145
411483.3.peg.847.site.47, 0, 148, 148
411483.3.peg.847.site.48, 24, 134, 158
411483.3.peg.847.site.49, 0, 141, 141
411483.3.peg.847.site.50, 0, 143, 143
411483.3.peg.847.site.51, 0, 139, 139
411483.3.peg.682.site.1, 1, 150, 151
411483.3.peg.682.site.2, 21, 141, 162
411483.3.peg.682.site.3, 1, 150, 151
411483.3.peg.682.site.4, 1, 149, 150
411483.3.peg.682.site.5, 23, 152, 175
411483.3.peg.682.site.6, 2, 153, 155
411483.3.peg.682.site.7, 0, 149, 149
411483.3.peg.682.site.8, 10, 150, 160
411483.3.peg.682.site.9, 22, 151, 173
411483.3.peg.682.site.10, 54, 146, 200
411483.3.peg.682.site.11, 11, 149, 160
411483.3.peg.682.site.12, 3, 154, 157
411483.3.peg.682.site.13, 3, 154, 157
411483.3.peg.682.site.14, 4, 149, 153
411483.3.peg.682.site.15, 33, 148, 181
411483.3.peg.682.site.16, 60, 147, 207
411483.3.peg.682.site.17, 8, 154, 162
411483.3.peg.682.site.18, 0, 151, 151
411483.3.peg.682.site.19, 111, 142, 253
411483.3.peg.682.site.20, 82, 134, 216
411483.3.peg.682.site.21, 3, 149, 152
411483.3.peg.682.site.22, 17, 145, 162
411483.3.peg.682.site.23, 1, 149, 150
411483.3.peg.682.site.24, 41, 140, 181
411483.3.peg.682.site.25, 9, 150, 159
411483.3.peg.682.site.26, 2, 154, 156
411483.3.peg.682.site.27, 49, 144, 193
411483.3.peg.682.site.28, 7, 151, 158
411483.3.peg.682.site.29, 1, 143, 144
411483.3.peg.682.site.30, 1, 135, 136
411483.3.peg.682.site.31, 94, 124, 218
411483.3.peg.682.site.32, 125, 125, 250
411483.3.peg.682.site.33, 1, 133, 134
411483.3.peg.682.site.34, 53, 143, 196
411483.3.peg.682.site.35, 22, 150, 172
411483.3.peg.682.site.36, 99, 147, 246
411483.3.peg.682.site.37, 1, 153, 154
411483.3.peg.682.site.38, 3, 151, 154
411483.3.peg.682.site.39, 5, 154, 159
411483.3.peg.682.site.40, 5, 154, 159
411483.3.peg.935.site.1, 3, 147, 150
411483.3.peg.935.site.2, 21, 144, 165
411483.3.peg.935.site.3, 2, 136, 138
411483.3.peg.935.site.4, 52, 135, 187
411483.3.peg.935.site.5, 1, 146, 147
411483.3.peg.935.site.6, 4, 147, 151
411483.3.peg.935.site.7, 9, 146, 155
411483.3.peg.935.site.8, 30, 143, 173
411483.3.peg.935.site.9, 0, 147, 147
411483.3.peg.935.site.10, 25, 138, 163
411483.3.peg.935.site.11, 104, 142, 246
411483.3.peg.935.site.12, 14, 145, 159
411483.3.peg.935.site.13, 1, 146, 147
411483.3.peg.935.site.14, 32, 146, 178
411483.3.peg.935.site.15, 10, 146, 156
411483.3.peg.935.site.16, 1, 151, 152
411483.3.peg.935.site.17, 2, 153, 155
411483.3.peg.935.site.18, 1, 154, 155
411483.3.peg.935.site.19, 1, 154, 155
411483.3.peg.935.site.20, 71, 145, 216
411483.3.peg.935.site.21, 10, 151, 161
411483.3.peg.935.site.22, 5, 149, 154
411483.3.peg.935.site.23, 74, 144, 218
411483.3.peg.935.site.24, 25, 148, 173
411483.3.peg.935.site.25, 4, 149, 153
411483.3.peg.935.site.26, 1, 154, 155
411483.3.peg.935.site.27, 1, 154, 155
411483.3.peg.935.site.28, 3, 153, 156
411483.3.peg.935.site.29, 10, 154, 164
411483.3.peg.935.site.30, 2, 154, 156
411483.3.peg.935.site.31, 2, 154, 156
411483.3.peg.935.site.32, 1, 153, 154
411483.3.peg.935.site.33, 8, 150, 158
411483.3.peg.935.site.34, 10, 153, 163
411483.3.peg.935.site.35, 12, 149, 161
411483.3.peg.935.site.36, 1, 151, 152
411483.3.peg.935.site.37, 2, 153, 155
411483.3.peg.935.site.38, 5, 147, 152
411483.3.peg.935.site.39, 145, 151, 296
411483.3.peg.935.site.40, 2, 151, 153
411483.3.peg.935.site.41, 5, 141, 146
411483.3.peg.935.site.42, 2, 144, 146
411483.3.peg.935.site.43, 0, 144, 144
411483.3.peg.935.site.44, 8, 145, 153
411483.3.peg.935.site.45, 1, 138, 139
411483.3.peg.935.site.46, 1, 142, 143
411483.3.peg.935.site.47, 2, 146, 148
411483.3.peg.935.site.48, 1, 145, 146
411483.3.peg.935.site.49, 1, 144, 145
411483.3.peg.935.site.50, 3, 152, 155
411483.3.peg.935.site.51, 61, 143, 204
411483.3.peg.935.site.52, 1, 154, 155
411483.3.peg.935.site.53, 1, 154, 155
411483.3.peg.935.site.54, 2, 155, 157
411483.3.peg.935.site.55, 1, 155, 156
411483.3.peg.935.site.56, 2, 153, 155
411483.3.peg.935.site.57, 7, 150, 157
411483.3.peg.936.site.1, 2, 144, 146
411483.3.peg.936.site.2, 20, 147, 167
411483.3.peg.936.site.3, 0, 150, 150
411483.3.peg.936.site.4, 2, 150, 152
411483.3.peg.936.site.5, 28, 140, 168
411483.3.peg.936.site.6, 2, 148, 150
411483.3.peg.936.site.7, 138, 152, 290
411483.3.peg.936.site.8, 9, 152, 161
411483.3.peg.936.site.9, 1, 151, 152
411483.3.peg.936.site.10, 4, 148, 152
411483.3.peg.936.site.11, 2, 151, 153
411483.3.peg.936.site.12, 6, 151, 157
411483.3.peg.936.site.13, 4, 148, 152
411483.3.peg.936.site.14, 3, 147, 150
411483.3.peg.936.site.15, 4, 147, 151
411483.3.peg.936.site.16, 1, 147, 148
411483.3.peg.936.site.17, 37, 136, 173
411483.3.peg.936.site.18, 6, 139, 145
411483.3.peg.936.site.19, 12, 143, 155
411483.3.peg.936.site.20, 38, 132, 170
411483.3.peg.936.site.21, 2, 143, 145
411483.3.peg.936.site.22, 2, 145, 147
411483.3.peg.936.site.23, 10, 143, 153
411483.3.peg.936.site.24, 2, 148, 150
411483.3.peg.936.site.25, 1, 152, 153
411483.3.peg.936.site.26, 7, 152, 159
411483.3.peg.936.site.27, 2, 148, 150
411483.3.peg.936.site.28, 85, 140, 225
411483.3.peg.936.site.29, 73, 139, 212
411483.3.peg.936.site.30, 0, 141, 141
411483.3.peg.936.site.31, 42, 137, 179
411483.3.peg.936.site.32, 42, 135, 177
411483.3.peg.936.site.33, 31, 132, 163
411483.3.peg.936.site.34, 139, 143, 282
411483.3.peg.936.site.35, 2, 144, 146
411483.3.peg.936.site.36, 30, 140, 170
411483.3.peg.936.site.37, 146, 147, 293
411483.3.peg.936.site.38, 5, 147, 152
411483.3.peg.936.site.39, 1, 149, 150
411483.3.peg.936.site.40, 3, 149, 152
411483.3.peg.936.site.41, 1, 152, 153
411483.3.peg.936.site.42, 3, 151, 154
411483.3.peg.936.site.43, 2, 154, 156
411483.3.peg.936.site.44, 2, 154, 156
411483.3.peg.936.site.45, 8, 152, 160
411483.3.peg.936.site.46, 10, 149, 159
411483.3.peg.681.site.1, 24, 151, 175
411483.3.peg.681.site.2, 42, 146, 188
411483.3.peg.681.site.3, 4, 151, 155
411483.3.peg.681.site.4, 7, 153, 160
411483.3.peg.681.site.5, 20, 151, 171
411483.3.peg.681.site.6, 1, 153, 154
411483.3.peg.681.site.7, 3, 154, 157
411483.3.peg.681.site.8, 1, 154, 155
411483.3.peg.681.site.9, 4, 151, 155
411483.3.peg.681.site.10, 9, 153, 162
411483.3.peg.681.site.11, 24, 144, 168
411483.3.peg.681.site.12, 3, 153, 156
411483.3.peg.681.site.13, 7, 153, 160
411483.3.peg.681.site.14, 88, 150, 238
411483.3.peg.681.site.15, 0, 151, 151
411483.3.peg.681.site.16, 1, 149, 150
411483.3.peg.681.site.17, 5, 152, 157
411483.3.peg.681.site.18, 8, 142, 150
411483.3.peg.681.site.19, 48, 143, 191
411483.3.peg.681.site.20, 54, 142, 196
411483.3.peg.681.site.21, 1, 151, 152
411483.3.peg.681.site.22, 0, 151, 151
411483.3.peg.681.site.23, 0, 153, 153
411483.3.peg.681.site.24, 8, 145, 153
411483.3.peg.681.site.25, 2, 155, 157
411483.3.peg.681.site.26, 2, 155, 157
411483.3.peg.681.site.27, 15, 153, 168
411483.3.peg.681.site.28, 2, 154, 156
411483.3.peg.681.site.29, 2, 154, 156
411483.3.peg.681.site.30, 3, 154, 157
411483.3.peg.681.site.31, 8, 153, 161
411483.3.peg.681.site.32, 7, 151, 158
411483.3.peg.681.site.33, 0, 154, 154
411483.3.peg.681.site.34, 14, 150, 164
411483.3.peg.681.site.35, 3, 154, 157
411483.3.peg.681.site.36, 16, 151, 167
411483.3.peg.681.site.37, 7, 152, 159
411483.3.peg.681.site.38, 5, 154, 159
411483.3.peg.681.site.39, 0, 153, 153
411483.3.peg.681.site.40, 1, 154, 155
411483.3.peg.681.site.41, 13, 153, 166
411483.3.peg.681.site.42, 1, 154, 155
411483.3.peg.686.site.1, 2, 148, 150
411483.3.peg.686.site.2, 0, 150, 150
411483.3.peg.686.site.3, 5, 143, 148
411483.3.peg.686.site.4, 2, 143, 145
411483.3.peg.686.site.5, 0, 116, 116
411483.3.peg.686.site.6, 2, 108, 110
411483.3.peg.686.site.7, 14, 94, 108
411483.3.peg.686.site.8, 0, 99, 99
411483.3.peg.686.site.9, 0, 97, 97
411483.3.peg.686.site.10, 9, 100, 109
411483.3.peg.686.site.11, 84, 98, 182
411483.3.peg.686.site.12, 7, 96, 103
411483.3.peg.686.site.13, 4, 98, 102
411483.3.peg.686.site.14, 4, 93, 97
411483.3.peg.686.site.15, 0, 90, 90
411483.3.peg.686.site.16, 1, 90, 91
411483.3.peg.686.site.17, 1, 90, 91
411483.3.peg.686.site.18, 0, 78, 78
411483.3.peg.686.site.19, 9, 74, 83
411483.3.peg.686.site.20, 43, 62, 105
411483.3.peg.686.site.21, 21, 65, 86
411483.3.peg.686.site.22, 0, 69, 69
411483.3.peg.686.site.23, 0, 138, 138
411483.3.peg.686.site.24, 7, 142, 149
411483.3.peg.686.site.25, 38, 141, 179
411483.3.peg.686.site.26, 1, 149, 150
411483.3.peg.686.site.27, 19, 128, 147
411483.3.peg.686.site.28, 1, 134, 135
411483.3.peg.686.site.29, 0, 120, 120
411483.3.peg.686.site.30, 2, 134, 136
411483.3.peg.686.site.31, 0, 132, 132
411483.3.peg.686.site.32, 48, 130, 178
411483.3.peg.686.site.33, 17, 136, 153
411483.3.peg.686.site.34, 0, 136, 136
411483.3.peg.686.site.35, 0, 141, 141
411483.3.peg.686.site.36, 0, 142, 142
411483.3.peg.686.site.37, 4, 136, 140
411483.3.peg.686.site.38, 0, 130, 130
411483.3.peg.931.site.1, 1, 152, 153
411483.3.peg.931.site.2, 65, 144, 209
411483.3.peg.931.site.3, 13, 147, 160
411483.3.peg.931.site.4, 1, 143, 144
411483.3.peg.931.site.5, 5, 142, 147
411483.3.peg.931.site.6, 49, 135, 184
411483.3.peg.931.site.7, 3, 144, 147
411483.3.peg.931.site.8, 4, 142, 146
411483.3.peg.931.site.9, 3, 143, 146
411483.3.peg.931.site.10, 127, 146, 273
411483.3.peg.931.site.11, 6, 146, 152
411483.3.peg.931.site.12, 4, 147, 151
411483.3.peg.931.site.13, 1, 146, 147
411483.3.peg.931.site.14, 15, 137, 152
411483.3.peg.931.site.15, 3, 138, 141
411483.3.peg.931.site.16, 82, 137, 219
411483.3.peg.931.site.17, 8, 131, 139
411483.3.peg.931.site.18, 2, 136, 138
411483.3.peg.931.site.19, 44, 137, 181
411483.3.peg.931.site.20, 2, 136, 138
411483.3.peg.931.site.21, 9, 135, 144
411483.3.peg.931.site.22, 13, 130, 143
411483.3.peg.931.site.23, 8, 136, 144
411483.3.peg.931.site.24, 2, 143, 145
411483.3.peg.931.site.25, 3, 138, 141
411483.3.peg.931.site.26, 5, 152, 157
411483.3.peg.931.site.27, 6, 154, 160
411483.3.peg.931.site.28, 2, 146, 148
411483.3.peg.931.site.29, 11, 137, 148
411483.3.peg.931.site.30, 49, 135, 184
411483.3.peg.931.site.31, 1, 135, 136
411483.3.peg.931.site.32, 85, 136, 221
411483.3.peg.931.site.33, 1, 146, 147
411483.3.peg.931.site.34, 8, 141, 149
411483.3.peg.931.site.35, 4, 145, 149
411483.3.peg.931.site.36, 8, 140, 148
411483.3.peg.931.site.37, 5, 144, 149
411483.3.peg.931.site.38, 7, 146, 153
411483.3.peg.931.site.39, 30, 139, 169
411483.3.peg.931.site.40, 13, 143, 156
411483.3.peg.931.site.41, 39, 142, 181
411483.3.peg.931.site.42, 2, 153, 155
411483.3.peg.931.site.43, 1, 151, 152
411483.3.peg.931.site.44, 3, 152, 155
411483.3.peg.931.site.45, 53, 138, 191
411483.3.peg.931.site.46, 2, 146, 148
411483.3.peg.931.site.47, 2, 148, 150
411483.3.peg.931.site.48, 0, 151, 151
411483.3.peg.931.site.49, 3, 149, 152
411483.3.peg.931.site.50, 144, 150, 294
411483.3.peg.931.site.51, 4, 150, 154
411483.3.peg.931.site.52, 11, 154, 165
411483.3.peg.931.site.53, 4, 144, 148
411483.3.peg.931.site.54, 4, 150, 154
411483.3.peg.931.site.55, 0, 148, 148
411483.3.peg.931.site.56, 1, 151, 152
411483.3.peg.931.site.57, 35, 145, 180
411483.3.peg.931.site.58, 5, 147, 152
411483.3.peg.931.site.59, 25, 140, 165
411483.3.peg.931.site.60, 3, 151, 154
411483.3.peg.931.site.61, 1, 148, 149
411483.3.peg.931.site.62, 4, 151, 155
411483.3.peg.931.site.63, 2, 152, 154
411483.3.peg.931.site.64, 9, 146, 155
411483.3.peg.931.site.65, 124, 147, 271
411483.3.peg.931.site.66, 10, 145, 155
411483.3.peg.931.site.67, 13, 154, 167
411483.3.peg.931.site.68, 2, 154, 156
411483.3.peg.931.site.69, 5, 154, 159
411483.3.peg.931.site.70, 14, 148, 162
411483.3.peg.931.site.71, 2, 152, 154
411483.3.peg.931.site.72, 12, 144, 156
411483.3.peg.931.site.73, 12, 146, 158
411483.3.peg.931.site.74, 11, 150, 161
411483.3.peg.931.site.75, 16, 147, 163
411483.3.peg.932.site.1, 145, 149, 294
411483.3.peg.932.site.2, 1, 149, 150
411483.3.peg.932.site.3, 7, 148, 155
411483.3.peg.932.site.4, 4, 153, 157
411483.3.peg.932.site.5, 4, 142, 146
411483.3.peg.932.site.6, 7, 143, 150
411483.3.peg.932.site.7, 4, 139, 143
411483.3.peg.932.site.8, 129, 135, 264
411483.3.peg.932.site.9, 5, 131, 136
411483.3.peg.932.site.10, 133, 137, 270
411483.3.peg.932.site.11, 1, 146, 147
411483.3.peg.932.site.12, 9, 148, 157
411483.3.peg.932.site.13, 1, 150, 151
411483.3.peg.932.site.14, 6, 141, 147
411483.3.peg.932.site.15, 5, 147, 152
411483.3.peg.932.site.16, 78, 140, 218
411483.3.peg.932.site.17, 98, 140, 238
411483.3.peg.932.site.18, 3, 146, 149
411483.3.peg.932.site.19, 6, 148, 154
411483.3.peg.932.site.20, 1, 147, 148
411483.3.peg.932.site.21, 2, 149, 151
411483.3.peg.932.site.22, 2, 134, 136
411483.3.peg.932.site.23, 2, 131, 133
411483.3.peg.932.site.24, 3, 136, 139
411483.3.peg.932.site.25, 6, 133, 139
411483.3.peg.932.site.26, 1, 139, 140
411483.3.peg.932.site.27, 3, 128, 131
411483.3.peg.932.site.28, 1, 141, 142
411483.3.peg.932.site.29, 2, 148, 150
411483.3.peg.932.site.30, 7, 146, 153
411483.3.peg.932.site.31, 6, 148, 154
411483.3.peg.932.site.32, 2, 147, 149
411483.3.peg.932.site.33, 5, 146, 151
411483.3.peg.932.site.34, 0, 144, 144
411483.3.peg.932.site.35, 5, 139, 144
411483.3.peg.932.site.36, 139, 142, 281
411483.3.peg.932.site.37, 3, 128, 131
411483.3.peg.932.site.38, 101, 124, 225
411483.3.peg.932.site.39, 9, 120, 129
411483.3.peg.933.site.1, 3, 78, 81
411483.3.peg.933.site.2, 0, 105, 105
411483.3.peg.933.site.3, 1, 106, 107
411483.3.peg.933.site.4, 1, 99, 100
411483.3.peg.933.site.5, 36, 111, 147
411483.3.peg.933.site.6, 0, 127, 127
411483.3.peg.933.site.7, 31, 121, 152
411483.3.peg.933.site.8, 1, 127, 128
411483.3.peg.933.site.9, 1, 129, 130
411483.3.peg.933.site.10, 1, 133, 134
411483.3.peg.933.site.11, 5, 134, 139
411483.3.peg.933.site.12, 0, 136, 136
411483.3.peg.933.site.13, 5, 131, 136
411483.3.peg.933.site.14, 53, 121, 174
411483.3.peg.933.site.15, 1, 137, 138
411483.3.peg.933.site.16, 15, 115, 130
411483.3.peg.933.site.17, 3, 124, 127
411483.3.peg.933.site.18, 2, 119, 121
411483.3.peg.933.site.19, 1, 99, 100
411483.3.peg.933.site.20, 1, 92, 93
411483.3.peg.933.site.21, 1, 97, 98
411483.3.peg.933.site.22, 3, 102, 105
411483.3.peg.933.site.23, 7, 87, 94
411483.3.peg.933.site.24, 43, 88, 131
411483.3.peg.933.site.25, 15, 98, 113
411483.3.peg.933.site.26, 1, 108, 109
411483.3.peg.933.site.27, 1, 110, 111
411483.3.peg.933.site.28, 108, 108, 216
411483.3.peg.933.site.29, 3, 107, 110
411483.3.peg.933.site.30, 97, 116, 213
411483.3.peg.933.site.31, 0, 131, 131
411483.3.peg.933.site.32, 1, 131, 132
411483.3.peg.933.site.33, 0, 127, 127
411483.3.peg.933.site.34, 11, 129, 140
411483.3.peg.933.site.35, 18, 134, 152
411483.3.peg.933.site.36, 3, 129, 132
411483.3.peg.933.site.37, 4, 127, 131
411483.3.peg.933.site.38, 4, 130, 134
411483.3.peg.933.site.39, 1, 131, 132
411483.3.peg.933.site.40, 93, 121, 214
411483.3.peg.933.site.41, 2, 131, 133
411483.3.peg.933.site.42, 20, 128, 148
411483.3.peg.933.site.43, 128, 128, 256
411483.3.peg.933.site.44, 1, 128, 129
411483.3.peg.933.site.45, 3, 95, 98
411483.3.peg.933.site.46, 24, 86, 110
411483.3.peg.933.site.47, 8, 83, 91
411483.3.peg.933.site.48, 4, 87, 91
411483.3.peg.933.site.49, 1, 94, 95
411483.3.peg.933.site.50, 21, 83, 104
411483.3.peg.933.site.51, 99, 100, 199
411483.3.peg.933.site.52, 4, 97, 101
411483.3.peg.933.site.53, 2, 91, 93
411483.3.peg.933.site.54, 8, 90, 98
411483.3.peg.933.site.55, 4, 97, 101
411483.3.peg.933.site.56, 1, 106, 107
411483.3.peg.933.site.57, 4, 116, 120
411483.3.peg.933.site.58, 5, 113, 118
411483.3.peg.933.site.59, 5, 119, 124
411483.3.peg.933.site.60, 8, 113, 121
411483.3.peg.933.site.61, 3, 119, 122
411483.3.peg.933.site.62, 1, 120, 121
411483.3.peg.933.site.63, 3, 122, 125
411483.3.peg.933.site.64, 1, 119, 120
411483.3.peg.933.site.65, 0, 120, 120
411483.3.peg.933.site.66, 1, 111, 112
411483.3.peg.933.site.67, 15, 111, 126
411483.3.peg.933.site.68, 3, 117, 120
411483.3.peg.933.site.69, 5, 116, 121
411483.3.peg.933.site.70, 3, 101, 104
411483.3.peg.933.site.71, 3, 108, 111
411483.3.peg.933.site.72, 15, 106, 121
411483.3.peg.933.site.73, 10, 110, 120
411483.3.peg.933.site.74, 2, 110, 112
411483.3.peg.933.site.75, 13, 104, 117
411483.3.peg.933.site.76, 85, 105, 190
411483.3.peg.933.site.77, 6, 130, 136
411483.3.peg.1521.site.1, 12, 143, 155
411483.3.peg.1521.site.2, 3, 152, 155
411483.3.peg.1521.site.3, 8, 147, 155
411483.3.peg.1521.site.4, 16, 138, 154
411483.3.peg.1521.site.5, 2, 143, 145
411483.3.peg.1521.site.6, 1, 138, 139
411483.3.peg.1521.site.7, 2, 142, 144
411483.3.peg.1521.site.8, 3, 142, 145
411483.3.peg.1521.site.9, 0, 142, 142
411483.3.peg.1521.site.10, 3, 137, 140
411483.3.peg.1521.site.11, 10, 130, 140
411483.3.peg.1521.site.12, 0, 139, 139
411483.3.peg.1521.site.13, 11, 138, 149
411483.3.peg.1521.site.14, 1, 145, 146
411483.3.peg.1521.site.15, 1, 146, 147
411483.3.peg.1521.site.16, 1, 151, 152
411483.3.peg.1521.site.17, 1, 150, 151
411483.3.peg.1521.site.18, 7, 135, 142
411483.3.peg.1521.site.19, 0, 138, 138
411483.3.peg.1521.site.20, 2, 140, 142
411483.3.peg.1521.site.21, 42, 130, 172
411483.3.peg.1521.site.22, 17, 131, 148
411483.3.peg.1521.site.23, 2, 134, 136
411483.3.peg.1521.site.24, 3, 129, 132
411483.3.peg.1521.site.25, 25, 123, 148
411483.3.peg.1521.site.26, 3, 132, 135
411483.3.peg.1521.site.27, 65, 126, 191
411483.3.peg.1521.site.28, 0, 142, 142
411483.3.peg.1521.site.29, 0, 146, 146
411483.3.peg.1521.site.30, 2, 152, 154
411483.3.peg.1521.site.31, 1, 153, 154
411483.3.peg.688.site.1, 1, 154, 155
411483.3.peg.688.site.2, 0, 135, 135
411483.3.peg.688.site.3, 0, 123, 123
411483.3.peg.688.site.4, 0, 107, 107
411483.3.peg.688.site.5, 2, 121, 123
411483.3.peg.688.site.6, 72, 113, 185
411483.3.peg.688.site.7, 2, 112, 114
411483.3.peg.688.site.8, 2, 112, 114
411483.3.peg.688.site.9, 0, 120, 120
411483.3.peg.688.site.10, 1, 133, 134
411483.3.peg.688.site.11, 21, 135, 156
411483.3.peg.688.site.12, 44, 143, 187
411483.3.peg.688.site.13, 7, 151, 158
411483.3.peg.688.site.14, 10, 153, 163
411483.3.peg.688.site.15, 2, 151, 153
411483.3.peg.688.site.16, 0, 152, 152
411483.3.peg.688.site.17, 3, 152, 155
411483.3.peg.688.site.18, 0, 153, 153
411483.3.peg.939.site.1, 1, 25, 26
411483.3.peg.939.site.2, 0, 24, 24
411483.3.peg.939.site.3, 44, 44, 88
411483.3.peg.939.site.4, 10, 61, 71
411483.3.peg.939.site.5, 1, 93, 94
411483.3.peg.939.site.6, 6, 107, 113
411483.3.peg.939.site.7, 91, 114, 205
411483.3.peg.939.site.8, 11, 121, 132
411483.3.peg.939.site.9, 27, 139, 166
411483.3.peg.939.site.10, 2, 151, 153
411483.3.peg.939.site.11, 14, 141, 155
411483.3.peg.939.site.12, 17, 138, 155
411483.3.peg.939.site.13, 56, 133, 189
411483.3.peg.939.site.14, 0, 148, 148
411483.3.peg.939.site.15, 1, 148, 149
411483.3.peg.939.site.16, 13, 144, 157
411483.3.peg.939.site.17, 1, 148, 149
411483.3.peg.939.site.18, 17, 143, 160
411483.3.peg.939.site.19, 137, 139, 276
411483.3.peg.939.site.20, 8, 135, 143
411483.3.peg.939.site.21, 51, 127, 178
411483.3.peg.939.site.22, 20, 125, 145
411483.3.peg.939.site.23, 32, 113, 145
411483.3.peg.939.site.24, 1, 109, 110
411483.3.peg.939.site.25, 9, 108, 117
411483.3.peg.939.site.26, 24, 105, 129
411483.3.peg.939.site.27, 33, 103, 136
411483.3.peg.939.site.28, 2, 109, 111
411483.3.peg.939.site.29, 4, 108, 112
411483.3.peg.939.site.30, 0, 100, 100
411483.3.peg.939.site.31, 2, 116, 118
411483.3.peg.939.site.32, 1, 126, 127
411483.3.peg.939.site.33, 16, 113, 129
411483.3.peg.939.site.34, 10, 124, 134
411483.3.peg.939.site.35, 4, 121, 125
411483.3.peg.939.site.36, 6, 130, 136
411483.3.peg.939.site.37, 98, 117, 215
411483.3.peg.939.site.38, 1, 127, 128
411483.3.peg.939.site.39, 3, 116, 119
411483.3.peg.939.site.40, 1, 123, 124
411483.3.peg.939.site.41, 82, 126, 208
411483.3.peg.939.site.42, 3, 138, 141
411483.3.peg.939.site.43, 3, 138, 141
411483.3.peg.939.site.44, 1, 148, 149
411483.3.peg.939.site.45, 4, 149, 153
411483.3.peg.939.site.46, 11, 139, 150
411483.3.peg.939.site.47, 5, 148, 153
411483.3.peg.939.site.48, 4, 139, 143
411483.3.peg.939.site.49, 1, 144, 145
411483.3.peg.939.site.50, 2, 129, 131
411483.3.peg.939.site.51, 101, 116, 217
411483.3.peg.939.site.52, 20, 125, 145
411483.3.peg.939.site.53, 135, 135, 270
411483.3.peg.939.site.54, 23, 125, 148
411483.3.peg.939.site.55, 3, 105, 108
411483.3.peg.939.site.56, 100, 100, 200
411483.3.peg.939.site.57, 1, 97, 98
411483.3.peg.939.site.58, 16, 93, 109
411483.3.peg.939.site.59, 37, 99, 136
411483.3.peg.939.site.60, 14, 105, 119
411483.3.peg.939.site.61, 14, 113, 127
411483.3.peg.939.site.62, 32, 121, 153
411483.3.peg.939.site.63, 1, 120, 121
411483.3.peg.939.site.64, 7, 119, 126
411483.3.peg.939.site.65, 3, 110, 113
411483.3.peg.939.site.66, 22, 129, 151
411483.3.peg.939.site.67, 30, 131, 161
411483.3.peg.939.site.68, 63, 130, 193
411483.3.peg.939.site.69, 0, 140, 140
411483.3.peg.939.site.70, 4, 143, 147
411483.3.peg.939.site.71, 1, 147, 148
411483.3.peg.939.site.72, 0, 146, 146
411483.3.peg.939.site.73, 0, 146, 146
411483.3.peg.939.site.74, 0, 144, 144
411483.3.peg.939.site.75, 1, 151, 152
411483.3.peg.939.site.76, 6, 149, 155
411483.3.peg.939.site.77, 13, 152, 165
411483.3.peg.939.site.78, 2, 149, 151
411483.3.peg.939.site.79, 7, 153, 160
411483.3.peg.939.site.80, 94, 138, 232
411483.3.peg.939.site.81, 13, 146, 159
411483.3.peg.939.site.82, 9, 149, 158
411483.3.peg.939.site.83, 3, 153, 156
411483.3.peg.939.site.84, 0, 152, 152
411483.3.peg.939.site.85, 0, 154, 154
411483.3.peg.939.site.86, 8, 153, 161
411483.3.peg.939.site.87, 0, 150, 150
411483.3.peg.939.site.88, 5, 151, 156
411483.3.peg.939.site.89, 5, 150, 155
411483.3.peg.939.site.90, 12, 145, 157
411483.3.peg.939.site.91, 3, 146, 149
411483.3.peg.939.site.92, 0, 145, 145
411483.3.peg.939.site.93, 9, 137, 146
411483.3.peg.939.site.94, 110, 126, 236
411483.3.peg.939.site.95, 3, 133, 136
411483.3.peg.939.site.96, 0, 132, 132
411483.3.peg.939.site.97, 0, 136, 136
411483.3.peg.939.site.98, 137, 137, 274
411483.3.peg.939.site.99, 0, 145, 145
411483.3.peg.939.site.100, 0, 145, 145
411483.3.peg.939.site.101, 0, 143, 143
411483.3.peg.1520.site.1, 16, 143, 159
411483.3.peg.1520.site.2, 3, 140, 143
411483.3.peg.1520.site.3, 14, 145, 159
411483.3.peg.1520.site.4, 2, 145, 147
411483.3.peg.1520.site.5, 2, 144, 146
411483.3.peg.1520.site.6, 54, 133, 187
411483.3.peg.1520.site.7, 25, 135, 160
411483.3.peg.1520.site.8, 3, 144, 147
411483.3.peg.1520.site.9, 33, 138, 171
411483.3.peg.1520.site.10, 2, 146, 148
411483.3.peg.1520.site.11, 9, 147, 156
411483.3.peg.1520.site.12, 6, 142, 148
411483.3.peg.1520.site.13, 2, 150, 152
411483.3.peg.1520.site.14, 2, 145, 147
411483.3.peg.1520.site.15, 19, 142, 161
411483.3.peg.1520.site.16, 2, 147, 149
411483.3.peg.1520.site.17, 4, 148, 152
411483.3.peg.1520.site.18, 15, 145, 160
411483.3.peg.1520.site.19, 7, 144, 151
411483.3.peg.1520.site.20, 14, 142, 156
411483.3.peg.1520.site.21, 4, 147, 151
411483.3.peg.1520.site.22, 41, 134, 175
411483.3.peg.1520.site.23, 1, 144, 145
411483.3.peg.1520.site.24, 2, 145, 147
411483.3.peg.1520.site.25, 3, 147, 150
411483.3.peg.1520.site.26, 6, 140, 146
411483.3.peg.1520.site.27, 20, 143, 163
411483.3.peg.1520.site.28, 39, 139, 178
411483.3.peg.1520.site.29, 2, 145, 147
411483.3.peg.1520.site.30, 8, 144, 152
411483.3.peg.1520.site.31, 5, 146, 151
411483.3.peg.1520.site.32, 3, 145, 148
411483.3.peg.1520.site.33, 13, 143, 156
411483.3.peg.1520.site.34, 83, 137, 220
411483.3.peg.1520.site.35, 8, 148, 156
411483.3.peg.1520.site.36, 1, 151, 152
411483.3.peg.1520.site.37, 87, 143, 230
411483.3.peg.1520.site.38, 1, 149, 150
411483.3.peg.1520.site.39, 1, 151, 152
411483.3.peg.1520.site.40, 5, 151, 156
411483.3.peg.1520.site.41, 11, 148, 159
411483.3.peg.1520.site.42, 0, 154, 154
411483.3.peg.1520.site.43, 1, 153, 154
411483.3.peg.1520.site.44, 8, 147, 155
411483.3.peg.1520.site.45, 2, 152, 154
411483.3.peg.1520.site.46, 2, 152, 154
411483.3.peg.1520.site.47, 70, 141, 211
411483.3.peg.1520.site.48, 4, 145, 149
411483.3.peg.1520.site.49, 0, 140, 140
411483.3.peg.1520.site.50, 3, 142, 145
411483.3.peg.1520.site.51, 6, 140, 146
411483.3.peg.1520.site.52, 4, 145, 149
411483.3.peg.1520.site.53, 8, 148, 156
411483.3.peg.1520.site.54, 10, 143, 153
411483.3.peg.1520.site.55, 11, 146, 157
411483.3.peg.1520.site.56, 0, 149, 149
411483.3.peg.1520.site.57, 3, 148, 151
411483.3.peg.1520.site.58, 1, 149, 150
411483.3.peg.1520.site.59, 0, 150, 150
411483.3.peg.1520.site.60, 13, 144, 157
411483.3.peg.1520.site.61, 7, 143, 150
411483.3.peg.1520.site.62, 36, 138, 174
411483.3.peg.1520.site.63, 0, 153, 153
411483.3.peg.1520.site.64, 20, 145, 165
411483.3.peg.1520.site.65, 3, 147, 150
411483.3.peg.1520.site.66, 5, 151, 156
411483.3.peg.1520.site.67, 38, 147, 185
411483.3.peg.1520.site.68, 8, 152, 160
411483.3.peg.1520.site.69, 3, 149, 152
411483.3.peg.1520.site.70, 1, 149, 150
411483.3.peg.1520.site.71, 1, 141, 142
411483.3.peg.1520.site.72, 4, 142, 146
411483.3.peg.1520.site.73, 2, 141, 143
411483.3.peg.1520.site.74, 139, 143, 282
411483.3.peg.1520.site.75, 9, 138, 147
411483.3.peg.1520.site.76, 0, 140, 140
411483.3.peg.1520.site.77, 14, 141, 155
411483.3.peg.1520.site.78, 9, 130, 139
411483.3.peg.1520.site.79, 39, 123, 162
411483.3.peg.1520.site.80, 1, 116, 117
411483.3.peg.1520.site.81, 0, 126, 126
411483.3.peg.1520.site.82, 2, 125, 127
411483.3.peg.1520.site.83, 3, 119, 122
411483.3.peg.1520.site.84, 7, 127, 134
411483.3.peg.1520.site.85, 2, 139, 141
411483.3.peg.1520.site.86, 0, 122, 122
411483.3.peg.1520.site.87, 0, 144, 144
411483.3.peg.1520.site.88, 38, 135, 173
411483.3.peg.1520.site.89, 8, 140, 148
411483.3.peg.1520.site.90, 0, 141, 141
411483.3.peg.1520.site.91, 0, 140, 140
411483.3.peg.1520.site.92, 4, 146, 150
411483.3.peg.1520.site.93, 10, 141, 151
411483.3.peg.1520.site.94, 4, 128, 132
411483.3.peg.1520.site.95, 3, 130, 133
411483.3.peg.1520.site.96, 7, 138, 145
411483.3.peg.1520.site.97, 4, 142, 146
411483.3.peg.1520.site.98, 2, 146, 148
411483.3.peg.1520.site.99, 10, 147, 157
411483.3.peg.1520.site.100, 1, 145, 146
411483.3.peg.1520.site.101, 8, 143, 151
411483.3.peg.1520.site.102, 8, 148, 156
411483.3.peg.1520.site.103, 3, 141, 144
411483.3.peg.1520.site.104, 0, 140, 140
411483.3.peg.1520.site.105, 2, 145, 147
411483.3.peg.1520.site.106, 1, 142, 143
411483.3.peg.1520.site.107, 1, 149, 150
411483.3.peg.1520.site.108, 38, 145, 183
411483.3.peg.1520.site.109, 1, 148, 149
411483.3.peg.1520.site.110, 2, 149, 151
411483.3.peg.1520.site.111, 1, 125, 126
411483.3.peg.1520.site.112, 70, 125, 195
411483.3.peg.1520.site.113, 29, 127, 156
411483.3.peg.1520.site.114, 1, 137, 138
411483.3.peg.1520.site.115, 0, 137, 137
411483.3.peg.1520.site.116, 5, 142, 147
411483.3.peg.1520.site.117, 0, 140, 140
411483.3.peg.1520.site.118, 143, 143, 286
411483.3.peg.1520.site.119, 2, 142, 144
411483.3.peg.1520.site.120, 1, 148, 149
411483.3.peg.1520.site.121, 2, 147, 149
411483.3.peg.1520.site.122, 2, 143, 145
411483.3.peg.1520.site.123, 2, 144, 146
411483.3.peg.1520.site.124, 31, 134, 165
411483.3.peg.1520.site.125, 1, 146, 147
411483.3.peg.1520.site.126, 13, 143, 156
411483.3.peg.1520.site.127, 3, 146, 149
411483.3.peg.1520.site.128, 3, 148, 151
411483.3.peg.1520.site.129, 0, 145, 145
411483.3.peg.1520.site.130, 53, 128, 181
411483.3.peg.1520.site.131, 2, 144, 146
411483.3.peg.1520.site.132, 2, 148, 150
411483.3.peg.1520.site.133, 1, 150, 151
411483.3.peg.1520.site.134, 4, 146, 150
411483.3.peg.1520.site.135, 0, 145, 145
411483.3.peg.1520.site.136, 99, 142, 241
411483.3.peg.1520.site.137, 4, 144, 148
411483.3.peg.1520.site.138, 3, 136, 139
411483.3.peg.1520.site.139, 5, 141, 146
411483.3.peg.1520.site.140, 4, 130, 134
411483.3.peg.1520.site.141, 2, 133, 135
411483.3.peg.1520.site.142, 1, 124, 125
411483.3.peg.1520.site.143, 3, 138, 141
411483.3.peg.1520.site.144, 1, 148, 149
411483.3.peg.1520.site.145, 14, 144, 158
411483.3.peg.112.site.1, 4, 150, 154
411483.3.peg.112.site.2, 4, 154, 158
411483.3.peg.112.site.3, 2, 152, 154
411483.3.peg.112.site.4, 118, 146, 264
411483.3.peg.112.site.5, 0, 153, 153
411483.3.peg.112.site.6, 10, 152, 162
411483.3.peg.112.site.7, 28, 143, 171
411483.3.peg.112.site.8, 12, 152, 164
411483.3.peg.112.site.9, 5, 154, 159
411483.3.peg.112.site.10, 6, 155, 161
411483.3.peg.112.site.11, 5, 155, 160
411483.3.peg.112.site.12, 2, 155, 157
411483.3.peg.112.site.13, 2, 155, 157
411483.3.peg.112.site.14, 1, 153, 154
411483.3.peg.112.site.15, 35, 151, 186
411483.3.peg.112.site.16, 5, 149, 154
411483.3.peg.112.site.17, 4, 153, 157
411483.3.peg.112.site.18, 1, 153, 154
411483.3.peg.112.site.19, 1, 155, 156
411483.3.peg.112.site.20, 8, 153, 161
411483.3.peg.112.site.21, 4, 153, 157
411483.3.peg.112.site.22, 15, 152, 167
411483.3.peg.112.site.23, 5, 152, 157
411483.3.peg.112.site.24, 8, 153, 161
411483.3.peg.112.site.25, 2, 155, 157
411483.3.peg.112.site.26, 1, 154, 155
411483.3.peg.112.site.27, 1, 155, 156
411483.3.peg.112.site.28, 3, 155, 158
411483.3.peg.112.site.29, 1, 154, 155
411483.3.peg.112.site.30, 15, 149, 164
411483.3.peg.112.site.31, 1, 152, 153
411483.3.peg.112.site.32, 2, 150, 152
411483.3.peg.112.site.33, 3, 146, 149
411483.3.peg.112.site.34, 11, 133, 144
411483.3.peg.112.site.35, 1, 128, 129
411483.3.peg.112.site.36, 6, 114, 120
411483.3.peg.112.site.37, 1, 98, 99
411483.3.peg.1726.site.1, 2, 146, 148
411483.3.peg.1726.site.2, 0, 146, 146
411483.3.peg.1726.site.3, 11, 145, 156
411483.3.peg.1726.site.4, 1, 138, 139
411483.3.peg.1726.site.5, 1, 130, 131
411483.3.peg.1726.site.6, 4, 133, 137
411483.3.peg.1726.site.7, 4, 132, 136
411483.3.peg.1726.site.8, 3, 149, 152
411483.3.peg.1726.site.9, 9, 150, 159
411483.3.peg.1726.site.10, 1, 152, 153
411483.3.peg.1726.site.11, 17, 152, 169
411483.3.peg.1726.site.12, 3, 147, 150
411483.3.peg.1726.site.13, 18, 146, 164
411483.3.peg.1726.site.14, 8, 153, 161
411483.3.peg.1726.site.15, 19, 152, 171
411483.3.peg.1726.site.16, 1, 154, 155
411483.3.peg.1726.site.17, 19, 150, 169
411483.3.peg.1726.site.18, 0, 153, 153
411483.3.peg.1726.site.19, 2, 151, 153
411483.3.peg.1726.site.20, 3, 153, 156
411483.3.peg.1726.site.21, 128, 146, 274
411483.3.peg.1726.site.22, 1, 149, 150
411483.3.peg.1726.site.23, 1, 152, 153
411483.3.peg.1726.site.24, 1, 151, 152
411483.3.peg.1726.site.25, 2, 151, 153
411483.3.peg.1726.site.26, 13, 138, 151
411483.3.peg.1726.site.27, 1, 151, 152
411483.3.peg.1726.site.28, 5, 149, 154
411483.3.peg.1726.site.29, 0, 155, 155
411483.3.peg.1726.site.30, 50, 145, 195
411483.3.peg.1726.site.31, 2, 149, 151
411483.3.peg.1726.site.32, 12, 152, 164
411483.3.peg.1726.site.33, 5, 152, 157
411483.3.peg.1726.site.34, 3, 151, 154
411483.3.peg.1726.site.35, 0, 151, 151
411483.3.peg.1726.site.36, 7, 152, 159
411483.3.peg.1726.site.37, 2, 150, 152
411483.3.peg.1726.site.38, 4, 153, 157
411483.3.peg.1726.site.39, 50, 141, 191
411483.3.peg.1726.site.40, 18, 151, 169
411483.3.peg.1726.site.41, 8, 145, 153
411483.3.peg.1726.site.42, 20, 152, 172
411483.3.peg.1726.site.43, 15, 154, 169
411483.3.peg.1726.site.44, 14, 150, 164
411483.3.peg.1726.site.45, 1, 154, 155
411483.3.peg.1726.site.46, 133, 147, 280
411483.3.peg.1726.site.47, 0, 154, 154
411483.3.peg.1726.site.48, 17, 151, 168
411483.3.peg.1726.site.49, 10, 154, 164
411483.3.peg.1726.site.50, 0, 151, 151
411483.3.peg.1726.site.51, 1, 152, 153
411483.3.peg.1726.site.52, 9, 147, 156
411483.3.peg.1726.site.53, 0, 146, 146
411483.3.peg.1726.site.54, 2, 145, 147
411483.3.peg.1726.site.55, 0, 150, 150
411483.3.peg.1726.site.56, 11, 151, 162
411483.3.peg.1726.site.57, 11, 149, 160
411483.3.peg.1726.site.58, 11, 150, 161
411483.3.peg.1726.site.59, 128, 143, 271
411483.3.peg.1726.site.60, 21, 152, 173
411483.3.peg.1726.site.61, 0, 154, 154
411483.3.peg.1726.site.62, 2, 153, 155
411483.3.peg.1726.site.63, 1, 150, 151
411483.3.peg.1726.site.64, 25, 146, 171
411483.3.peg.1726.site.65, 2, 154, 156
411483.3.peg.1726.site.66, 17, 151, 168
411483.3.peg.1726.site.67, 2, 155, 157
411483.3.peg.1726.site.68, 31, 146, 177
411483.3.peg.1726.site.69, 2, 152, 154
411483.3.peg.1726.site.70, 50, 147, 197
411483.3.peg.110.site.1, 4, 150, 154
411483.3.peg.110.site.2, 1, 151, 152
411483.3.peg.110.site.3, 11, 142, 153
411483.3.peg.110.site.4, 7, 148, 155
411483.3.peg.110.site.5, 46, 149, 195
411483.3.peg.110.site.6, 5, 154, 159
411483.3.peg.110.site.7, 10, 154, 164
411483.3.peg.110.site.8, 6, 153, 159
411483.3.peg.110.site.9, 5, 155, 160
411483.3.peg.110.site.10, 10, 149, 159
411483.3.peg.110.site.11, 1, 154, 155
411483.3.peg.110.site.12, 1, 149, 150
411483.3.peg.110.site.13, 46, 148, 194
411483.3.peg.110.site.14, 2, 150, 152
411483.3.peg.110.site.15, 6, 152, 158
411483.3.peg.110.site.16, 0, 154, 154
411483.3.peg.110.site.17, 2, 155, 157
411483.3.peg.110.site.18, 6, 154, 160
411483.3.peg.110.site.19, 2, 152, 154
411483.3.peg.110.site.20, 51, 138, 189
411483.3.peg.110.site.21, 15, 154, 169
411483.3.peg.110.site.22, 1, 150, 151
411483.3.peg.110.site.23, 10, 150, 160
411483.3.peg.110.site.24, 6, 150, 156
411483.3.peg.110.site.25, 34, 139, 173
411483.3.peg.110.site.26, 14, 143, 157
411483.3.peg.110.site.27, 23, 145, 168
411483.3.peg.110.site.28, 6, 150, 156
411483.3.peg.110.site.29, 0, 148, 148
411483.3.peg.110.site.30, 5, 145, 150
411483.3.peg.110.site.31, 0, 149, 149
411483.3.peg.110.site.32, 0, 153, 153
411483.3.peg.110.site.33, 4, 152, 156
411483.3.peg.110.site.34, 1, 154, 155
411483.3.peg.110.site.35, 0, 153, 153
411483.3.peg.110.site.36, 2, 155, 157
411483.3.peg.110.site.37, 2, 154, 156
411483.3.peg.110.site.38, 16, 153, 169
411483.3.peg.110.site.39, 96, 142, 238
411483.3.peg.110.site.40, 2, 146, 148
411483.3.peg.110.site.41, 2, 149, 151
411483.3.peg.110.site.42, 2, 152, 154
411483.3.peg.110.site.43, 3, 153, 156
411483.3.peg.110.site.44, 0, 152, 152
411483.3.peg.110.site.45, 2, 154, 156
411483.3.peg.110.site.46, 0, 153, 153
411483.3.peg.110.site.47, 2, 155, 157
411483.3.peg.110.site.48, 3, 153, 156
411483.3.peg.110.site.49, 13, 155, 168
411483.3.peg.110.site.50, 57, 144, 201
411483.3.peg.110.site.51, 0, 154, 154
411483.3.peg.110.site.52, 2, 153, 155
411483.3.peg.110.site.53, 0, 145, 145
411483.3.peg.110.site.54, 3, 145, 148
411483.3.peg.110.site.55, 2, 136, 138
411483.3.peg.110.site.56, 9, 136, 145
411483.3.peg.110.site.57, 2, 140, 142
411483.3.peg.110.site.58, 16, 127, 143
411483.3.peg.110.site.59, 19, 122, 141
411483.3.peg.110.site.60, 2, 131, 133
411483.3.peg.110.site.61, 3, 141, 144
411483.3.peg.110.site.62, 1, 145, 146
411483.3.peg.110.site.63, 153, 153, 306
411483.3.peg.110.site.64, 0, 152, 152
411483.3.peg.110.site.65, 30, 146, 176
411483.3.peg.110.site.66, 4, 154, 158
411483.3.peg.110.site.67, 4, 147, 151
411483.3.peg.110.site.68, 2, 137, 139
411483.3.peg.110.site.69, 3, 130, 133
411483.3.peg.110.site.70, 2, 128, 130
411483.3.peg.110.site.71, 1, 131, 132
411483.3.peg.110.site.72, 72, 118, 190
411483.3.peg.110.site.73, 82, 119, 201
411483.3.peg.110.site.74, 3, 129, 132
411483.3.peg.110.site.75, 0, 128, 128
411483.3.peg.110.site.76, 56, 126, 182
411483.3.peg.110.site.77, 1, 153, 154
411483.3.peg.110.site.78, 6, 154, 160
411483.3.peg.110.site.79, 2, 154, 156
411483.3.peg.110.site.80, 3, 154, 157
411483.3.peg.110.site.81, 34, 150, 184
411483.3.peg.110.site.82, 2, 155, 157
411483.3.peg.110.site.83, 3, 151, 154
411483.3.peg.110.site.84, 1, 155, 156
411483.3.peg.110.site.85, 48, 147, 195
411483.3.peg.110.site.86, 1, 151, 152
411483.3.peg.110.site.87, 12, 149, 161
411483.3.peg.110.site.88, 44, 147, 191
411483.3.peg.110.site.89, 4, 152, 156
411483.3.peg.110.site.90, 26, 148, 174
411483.3.peg.110.site.91, 80, 146, 226
411483.3.peg.110.site.92, 2, 155, 157
411483.3.peg.110.site.93, 7, 155, 162
411483.3.peg.110.site.94, 3, 155, 158
411483.3.peg.110.site.95, 6, 154, 160
411483.3.peg.110.site.96, 1, 155, 156
411483.3.peg.110.site.97, 16, 153, 169
411483.3.peg.110.site.98, 1, 155, 156
411483.3.peg.110.site.99, 1, 154, 155
411483.3.peg.110.site.100, 5, 154, 159
411483.3.peg.110.site.101, 2, 154, 156
411483.3.peg.110.site.102, 2, 155, 157
411483.3.peg.110.site.103, 83, 143, 226
411483.3.peg.110.site.104, 0, 153, 153
411483.3.peg.110.site.105, 1, 153, 154
411483.3.peg.110.site.106, 32, 148, 180
411483.3.peg.110.site.107, 9, 152, 161
411483.3.peg.110.site.108, 5, 152, 157
411483.3.peg.110.site.109, 2, 152, 154
411483.3.peg.110.site.110, 8, 150, 158
411483.3.peg.110.site.111, 20, 151, 171
411483.3.peg.111.site.1, 3, 150, 153
411483.3.peg.111.site.2, 0, 152, 152
411483.3.peg.111.site.3, 3, 152, 155
411483.3.peg.111.site.4, 1, 153, 154
411483.3.peg.111.site.5, 12, 145, 157
411483.3.peg.111.site.6, 25, 138, 163
411483.3.peg.111.site.7, 123, 145, 268
411483.3.peg.111.site.8, 1, 153, 154
411483.3.peg.111.site.9, 1, 153, 154
411483.3.peg.111.site.10, 6, 152, 158
411483.3.peg.111.site.11, 2, 154, 156
411483.3.peg.111.site.12, 3, 151, 154
411483.3.peg.111.site.13, 3, 147, 150
411483.3.peg.111.site.14, 5, 149, 154
411483.3.peg.111.site.15, 0, 151, 151
411483.3.peg.111.site.16, 1, 153, 154
411483.3.peg.111.site.17, 0, 151, 151
411483.3.peg.111.site.18, 19, 152, 171
411483.3.peg.111.site.19, 6, 150, 156
411483.3.peg.111.site.20, 29, 146, 175
411483.3.peg.111.site.21, 12, 152, 164
411483.3.peg.111.site.22, 5, 154, 159
411483.3.peg.111.site.23, 133, 152, 285
411483.3.peg.111.site.24, 133, 148, 281
411483.3.peg.111.site.25, 1, 153, 154
411483.3.peg.111.site.26, 0, 151, 151
411483.3.peg.111.site.27, 1, 153, 154
411483.3.peg.111.site.28, 2, 150, 152
411483.3.peg.111.site.29, 2, 154, 156
411483.3.peg.111.site.30, 1, 154, 155
411483.3.peg.111.site.31, 9, 154, 163
411483.3.peg.111.site.32, 0, 154, 154
411483.3.peg.111.site.33, 12, 151, 163
411483.3.peg.111.site.34, 10, 152, 162
411483.3.peg.111.site.35, 1, 152, 153
411483.3.peg.111.site.36, 3, 151, 154
411483.3.peg.111.site.37, 8, 149, 157
411483.3.peg.111.site.38, 1, 151, 152
411483.3.peg.111.site.39, 23, 147, 170
411483.3.peg.111.site.40, 1, 149, 150
411483.3.peg.111.site.41, 1, 150, 151
411483.3.peg.111.site.42, 8, 141, 149
411483.3.peg.111.site.43, 2, 145, 147
411483.3.peg.111.site.44, 18, 142, 160
411483.3.peg.111.site.45, 11, 147, 158
411483.3.peg.111.site.46, 0, 144, 144
411483.3.peg.111.site.47, 4, 141, 145
411483.3.peg.111.site.48, 4, 142, 146
411483.3.peg.111.site.49, 129, 142, 271
411483.3.peg.111.site.50, 26, 136, 162
411483.3.peg.111.site.51, 3, 142, 145
411483.3.peg.111.site.52, 113, 138, 251
411483.3.peg.111.site.53, 0, 146, 146
411483.3.peg.111.site.54, 1, 147, 148
411483.3.peg.111.site.55, 2, 149, 151
411483.3.peg.111.site.56, 1, 149, 150
411483.3.peg.111.site.57, 0, 151, 151
411483.3.peg.111.site.58, 2, 154, 156
411483.3.peg.111.site.59, 1, 154, 155
411483.3.peg.111.site.60, 1, 153, 154
411483.3.peg.111.site.61, 26, 143, 169
411483.3.peg.111.site.62, 3, 151, 154
411483.3.peg.111.site.63, 10, 153, 163
411483.3.peg.111.site.64, 1, 153, 154
411483.3.peg.111.site.65, 2, 150, 152
411483.3.peg.111.site.66, 0, 149, 149
411483.3.peg.111.site.67, 0, 149, 149
411483.3.peg.111.site.68, 5, 150, 155
411483.3.peg.111.site.69, 19, 148, 167
411483.3.peg.111.site.70, 151, 154, 305
411483.3.peg.111.site.71, 4, 153, 157
411483.3.peg.111.site.72, 2, 153, 155
411483.3.peg.111.site.73, 2, 154, 156
411483.3.peg.111.site.74, 151, 154, 305
411483.3.peg.111.site.75, 25, 151, 176
411483.3.peg.111.site.76, 5, 154, 159
411483.3.peg.111.site.77, 5, 153, 158
411483.3.peg.111.site.78, 0, 148, 148
411483.3.peg.111.site.79, 2, 153, 155
411483.3.peg.111.site.80, 2, 148, 150
411483.3.peg.111.site.81, 1, 153, 154
411483.3.peg.116.site.1, 0, 154, 154
411483.3.peg.116.site.2, 19, 150, 169
411483.3.peg.116.site.3, 4, 155, 159
411483.3.peg.116.site.4, 1, 155, 156
411483.3.peg.116.site.5, 13, 152, 165
411483.3.peg.116.site.6, 0, 155, 155
411483.3.peg.116.site.7, 5, 151, 156
411483.3.peg.116.site.8, 12, 153, 165
411483.3.peg.116.site.9, 10, 154, 164
411483.3.peg.116.site.10, 1, 154, 155
411483.3.peg.116.site.11, 1, 155, 156
411483.3.peg.116.site.12, 0, 153, 153
411483.3.peg.116.site.13, 1, 155, 156
411483.3.peg.116.site.14, 8, 154, 162
411483.3.peg.116.site.15, 4, 154, 158
411483.3.peg.116.site.16, 2, 155, 157
411483.3.peg.116.site.17, 14, 153, 167
411483.3.peg.116.site.18, 3, 154, 157
411483.3.peg.116.site.19, 1, 153, 154
411483.3.peg.116.site.20, 9, 154, 163
411483.3.peg.116.site.21, 26, 145, 171
411483.3.peg.116.site.22, 10, 152, 162
411483.3.peg.116.site.23, 2, 153, 155
411483.3.peg.116.site.24, 1, 153, 154
411483.3.peg.116.site.25, 1, 153, 154
411483.3.peg.116.site.26, 6, 150, 156
411483.3.peg.116.site.27, 2, 154, 156
411483.3.peg.116.site.28, 6, 154, 160
411483.3.peg.116.site.29, 6, 154, 160
411483.3.peg.116.site.30, 5, 150, 155
411483.3.peg.116.site.31, 2, 155, 157
411483.3.peg.116.site.32, 2, 155, 157
411483.3.peg.116.site.33, 2, 155, 157
411483.3.peg.116.site.34, 0, 153, 153
411483.3.peg.116.site.35, 61, 142, 203
411483.3.peg.116.site.36, 0, 151, 151
411483.3.peg.116.site.37, 3, 153, 156
411483.3.peg.116.site.38, 1, 151, 152
411483.3.peg.116.site.39, 1, 155, 156
411483.3.peg.116.site.40, 3, 152, 155
411483.3.peg.116.site.41, 6, 155, 161
411483.3.peg.116.site.42, 127, 151, 278
411483.3.peg.116.site.43, 1, 154, 155
411483.3.peg.116.site.44, 3, 153, 156
411483.3.peg.116.site.45, 4, 155, 159
411483.3.peg.116.site.46, 29, 149, 178
411483.3.peg.116.site.47, 7, 154, 161
411483.3.peg.116.site.48, 1, 155, 156
411483.3.peg.116.site.49, 0, 150, 150
411483.3.peg.116.site.50, 62, 142, 204
411483.3.peg.116.site.51, 1, 149, 150
411483.3.peg.116.site.52, 0, 153, 153
411483.3.peg.116.site.53, 2, 147, 149
411483.3.peg.116.site.54, 0, 148, 148
411483.3.peg.116.site.55, 1, 154, 155
411483.3.peg.117.site.1, 1, 154, 155
411483.3.peg.117.site.2, 16, 154, 170
411483.3.peg.117.site.3, 1, 155, 156
411483.3.peg.117.site.4, 3, 154, 157
411483.3.peg.117.site.5, 5, 153, 158
411483.3.peg.117.site.6, 0, 153, 153
411483.3.peg.117.site.7, 1, 154, 155
411483.3.peg.117.site.8, 1, 154, 155
411483.3.peg.117.site.9, 2, 154, 156
411483.3.peg.117.site.10, 2, 155, 157
411483.3.peg.117.site.11, 27, 153, 180
411483.3.peg.117.site.12, 0, 154, 154
411483.3.peg.117.site.13, 8, 147, 155
411483.3.peg.117.site.14, 0, 151, 151
411483.3.peg.117.site.15, 29, 147, 176
411483.3.peg.117.site.16, 3, 152, 155
411483.3.peg.117.site.17, 1, 153, 154
411483.3.peg.117.site.18, 1, 149, 150
411483.3.peg.117.site.19, 4, 147, 151
411483.3.peg.117.site.20, 10, 136, 146
411483.3.peg.117.site.21, 2, 139, 141
411483.3.peg.117.site.22, 1, 138, 139
411483.3.peg.117.site.23, 82, 130, 212
411483.3.peg.117.site.24, 0, 132, 132
411483.3.peg.117.site.25, 3, 131, 134
411483.3.peg.117.site.26, 2, 143, 145
411483.3.peg.117.site.27, 3, 142, 145
411483.3.peg.117.site.28, 133, 149, 282
411483.3.peg.117.site.29, 0, 153, 153
411483.3.peg.117.site.30, 0, 154, 154
411483.3.peg.117.site.31, 45, 149, 194
411483.3.peg.117.site.32, 11, 149, 160
411483.3.peg.117.site.33, 8, 150, 158
411483.3.peg.117.site.34, 150, 155, 305
411483.3.peg.117.site.35, 1, 155, 156
411483.3.peg.117.site.36, 5, 155, 160
411483.3.peg.117.site.37, 3, 155, 158
411483.3.peg.117.site.38, 0, 154, 154
411483.3.peg.117.site.39, 2, 153, 155
411483.3.peg.117.site.40, 1, 151, 152
411483.3.peg.117.site.41, 19, 154, 173
411483.3.peg.117.site.42, 28, 146, 174
411483.3.peg.117.site.43, 2, 153, 155
411483.3.peg.117.site.44, 1, 155, 156
411483.3.peg.117.site.45, 2, 146, 148
411483.3.peg.117.site.46, 0, 149, 149
411483.3.peg.117.site.47, 0, 150, 150
411483.3.peg.117.site.48, 2, 153, 155
411483.3.peg.117.site.49, 0, 153, 153
411483.3.peg.117.site.50, 0, 153, 153
411483.3.peg.117.site.51, 1, 154, 155
411483.3.peg.117.site.52, 7, 154, 161
411483.3.peg.117.site.53, 1, 153, 154
411483.3.peg.117.site.54, 4, 153, 157
411483.3.peg.117.site.55, 91, 146, 237
411483.3.peg.117.site.56, 3, 155, 158
411483.3.peg.117.site.57, 1, 154, 155
411483.3.peg.117.site.58, 150, 155, 305
411483.3.peg.117.site.59, 1, 155, 156
411483.3.peg.117.site.60, 2, 155, 157
411483.3.peg.117.site.61, 7, 151, 158
411483.3.peg.117.site.62, 1, 155, 156
411483.3.peg.117.site.63, 4, 153, 157
411483.3.peg.117.site.64, 151, 153, 304
411483.3.peg.117.site.65, 4, 152, 156
411483.3.peg.117.site.66, 25, 146, 171
411483.3.peg.117.site.67, 2, 154, 156
411483.3.peg.117.site.68, 1, 155, 156
411483.3.peg.117.site.69, 6, 155, 161
411483.3.peg.117.site.70, 1, 155, 156
411483.3.peg.117.site.71, 1, 154, 155
411483.3.peg.117.site.72, 38, 152, 190
411483.3.peg.117.site.73, 1, 154, 155
411483.3.peg.117.site.74, 61, 144, 205
411483.3.peg.117.site.75, 1, 150, 151
411483.3.peg.117.site.76, 1, 150, 151
411483.3.peg.117.site.77, 86, 146, 232
411483.3.peg.117.site.78, 1, 154, 155
411483.3.peg.117.site.79, 2, 152, 154
411483.3.peg.117.site.80, 13, 153, 166
411483.3.peg.117.site.81, 2, 151, 153
411483.3.peg.117.site.82, 134, 147, 281
411483.3.peg.117.site.83, 81, 144, 225
411483.3.peg.117.site.84, 77, 143, 220
411483.3.peg.117.site.85, 1, 152, 153
411483.3.peg.117.site.86, 5, 151, 156
411483.3.peg.117.site.87, 1, 153, 154
411483.3.peg.117.site.88, 3, 154, 157
411483.3.peg.117.site.89, 15, 150, 165
411483.3.peg.117.site.90, 4, 151, 155
411483.3.peg.117.site.91, 7, 151, 158
411483.3.peg.117.site.92, 1, 152, 153
411483.3.peg.117.site.93, 2, 151, 153
411483.3.peg.117.site.94, 0, 153, 153
411483.3.peg.117.site.95, 3, 154, 157
411483.3.peg.117.site.96, 1, 153, 154
411483.3.peg.117.site.97, 1, 153, 154
411483.3.peg.117.site.98, 0, 152, 152
411483.3.peg.117.site.99, 0, 150, 150
411483.3.peg.117.site.100, 1, 153, 154
411483.3.peg.117.site.101, 1, 152, 153
411483.3.peg.117.site.102, 0, 150, 150
411483.3.peg.117.site.103, 1, 152, 153
411483.3.peg.117.site.104, 13, 150, 163
411483.3.peg.117.site.105, 1, 153, 154
411483.3.peg.117.site.106, 8, 151, 159
411483.3.peg.117.site.107, 9, 152, 161
411483.3.peg.117.site.108, 2, 152, 154
411483.3.peg.117.site.109, 1, 152, 153
411483.3.peg.117.site.110, 1, 152, 153
411483.3.peg.117.site.111, 1, 153, 154
411483.3.peg.117.site.112, 1, 151, 152
411483.3.peg.117.site.113, 7, 152, 159
411483.3.peg.117.site.114, 54, 135, 189
411483.3.peg.117.site.115, 0, 147, 147
411483.3.peg.117.site.116, 0, 150, 150
411483.3.peg.117.site.117, 4, 150, 154
411483.3.peg.117.site.118, 1, 152, 153
411483.3.peg.117.site.119, 0, 152, 152
411483.3.peg.117.site.120, 5, 155, 160
411483.3.peg.117.site.121, 1, 155, 156
411483.3.peg.117.site.122, 1, 154, 155
411483.3.peg.117.site.123, 4, 151, 155
411483.3.peg.117.site.124, 13, 152, 165
411483.3.peg.117.site.125, 2, 153, 155
411483.3.peg.117.site.126, 0, 151, 151
411483.3.peg.117.site.127, 3, 150, 153
411483.3.peg.117.site.128, 2, 150, 152
411483.3.peg.117.site.129, 59, 142, 201
411483.3.peg.117.site.130, 20, 147, 167
411483.3.peg.1721.site.1, 0, 154, 154
411483.3.peg.1721.site.2, 2, 151, 153
411483.3.peg.1721.site.3, 1, 151, 152
411483.3.peg.1721.site.4, 3, 142, 145
411483.3.peg.1721.site.5, 4, 143, 147
411483.3.peg.1721.site.6, 4, 141, 145
411483.3.peg.1721.site.7, 124, 137, 261
411483.3.peg.1721.site.8, 1, 145, 146
411483.3.peg.1721.site.9, 3, 142, 145
411483.3.peg.1721.site.10, 7, 145, 152
411483.3.peg.1721.site.11, 70, 127, 197
411483.3.peg.1721.site.12, 2, 133, 135
411483.3.peg.1721.site.13, 3, 138, 141
411483.3.peg.1721.site.14, 21, 132, 153
411483.3.peg.1721.site.15, 11, 139, 150
411483.3.peg.1721.site.16, 1, 148, 149
411483.3.peg.1721.site.17, 7, 149, 156
411483.3.peg.1721.site.18, 56, 143, 199
411483.3.peg.1721.site.19, 4, 147, 151
411483.3.peg.1721.site.20, 4, 150, 154
411483.3.peg.1721.site.21, 1, 152, 153
411483.3.peg.1721.site.22, 4, 150, 154
411483.3.peg.1721.site.23, 0, 145, 145
411483.3.peg.1721.site.24, 3, 140, 143
411483.3.peg.1721.site.25, 7, 147, 154
411483.3.peg.1721.site.26, 29, 142, 171
411483.3.peg.1721.site.27, 46, 139, 185
411483.3.peg.1721.site.28, 7, 142, 149
411483.3.peg.1721.site.29, 1, 150, 151
411483.3.peg.1721.site.30, 6, 143, 149
411483.3.peg.1721.site.31, 1, 143, 144
411483.3.peg.1721.site.32, 0, 143, 143
411483.3.peg.1721.site.33, 11, 142, 153
411483.3.peg.1721.site.34, 14, 141, 155
411483.3.peg.1721.site.35, 106, 134, 240
411483.3.peg.1721.site.36, 9, 138, 147
411483.3.peg.1721.site.37, 3, 155, 158
411483.3.peg.1721.site.38, 5, 155, 160
411483.3.peg.1721.site.39, 6, 152, 158
411483.3.peg.1721.site.40, 12, 152, 164
411483.3.peg.1721.site.41, 2, 154, 156
411483.3.peg.1721.site.42, 11, 151, 162
411483.3.peg.1721.site.43, 2, 151, 153
411483.3.peg.1721.site.44, 36, 143, 179
411483.3.peg.1721.site.45, 2, 152, 154
411483.3.peg.1721.site.46, 13, 148, 161
411483.3.peg.1721.site.47, 10, 150, 160
411483.3.peg.1721.site.48, 13, 148, 161
411483.3.peg.1721.site.49, 74, 137, 211
411483.3.peg.1721.site.50, 3, 152, 155
411483.3.peg.1721.site.51, 6, 151, 157
411483.3.peg.1721.site.52, 10, 153, 163
411483.3.peg.1721.site.53, 69, 140, 209
411483.3.peg.1721.site.54, 33, 149, 182
411483.3.peg.1721.site.55, 1, 153, 154
411483.3.peg.1721.site.56, 14, 154, 168
411483.3.peg.1721.site.57, 2, 151, 153
411483.3.peg.1721.site.58, 6, 146, 152
411483.3.peg.1721.site.59, 129, 143, 272
411483.3.peg.1721.site.60, 1, 153, 154
411483.3.peg.1721.site.61, 35, 136, 171
411483.3.peg.1721.site.62, 35, 133, 168
411483.3.peg.1721.site.63, 23, 150, 173
411483.3.peg.1721.site.64, 4, 152, 156
411483.3.peg.1721.site.65, 0, 154, 154
411483.3.peg.1721.site.66, 1, 153, 154
411483.3.peg.1721.site.67, 0, 153, 153
411483.3.peg.115.site.1, 3, 61, 64
411483.3.peg.115.site.2, 7, 60, 67
411483.3.peg.115.site.3, 0, 65, 65
411483.3.peg.115.site.4, 5, 61, 66
411483.3.peg.115.site.5, 1, 74, 75
411483.3.peg.115.site.6, 1, 60, 61
411483.3.peg.115.site.7, 1, 90, 91
411483.3.peg.115.site.8, 2, 105, 107
411483.3.peg.115.site.9, 25, 98, 123
411483.3.peg.115.site.10, 12, 105, 117
411483.3.peg.115.site.11, 0, 120, 120
411483.3.peg.115.site.12, 7, 131, 138
411483.3.peg.115.site.13, 91, 121, 212
411483.3.peg.115.site.14, 25, 125, 150
411483.3.peg.115.site.15, 5, 133, 138
411483.3.peg.115.site.16, 2, 136, 138
411483.3.peg.115.site.17, 4, 138, 142
411483.3.peg.115.site.18, 4, 145, 149
411483.3.peg.115.site.19, 4, 143, 147
411483.3.peg.115.site.20, 1, 144, 145
411483.3.peg.115.site.21, 7, 150, 157
411483.3.peg.115.site.22, 54, 138, 192
411483.3.peg.115.site.23, 4, 151, 155
411483.3.peg.115.site.24, 2, 150, 152
411483.3.peg.115.site.25, 16, 142, 158
411483.3.peg.115.site.26, 12, 142, 154
411483.3.peg.115.site.27, 14, 146, 160
411483.3.peg.115.site.28, 5, 150, 155
411483.3.peg.115.site.29, 0, 148, 148
411483.3.peg.115.site.30, 1, 151, 152
411483.3.peg.115.site.31, 3, 151, 154
411483.3.peg.115.site.32, 11, 145, 156
411483.3.peg.115.site.33, 1, 149, 150
411483.3.peg.115.site.34, 125, 144, 269
411483.3.peg.115.site.35, 14, 139, 153
411483.3.peg.115.site.36, 24, 138, 162
411483.3.peg.115.site.37, 0, 146, 146
411483.3.peg.115.site.38, 0, 143, 143
411483.3.peg.115.site.39, 3, 151, 154
411483.3.peg.115.site.40, 10, 152, 162
411483.3.peg.115.site.41, 63, 144, 207
411483.3.peg.115.site.42, 2, 152, 154
411483.3.peg.115.site.43, 2, 149, 151
411483.3.peg.115.site.44, 1, 149, 150
411483.3.peg.115.site.45, 16, 149, 165
411483.3.peg.115.site.46, 5, 145, 150
411483.3.peg.115.site.47, 2, 132, 134
411483.3.peg.115.site.48, 1, 137, 138
411483.3.peg.115.site.49, 15, 118, 133
411483.3.peg.115.site.50, 3, 131, 134
411483.3.peg.115.site.51, 60, 113, 173
411483.3.peg.115.site.52, 0, 129, 129
411483.3.peg.115.site.53, 10, 124, 134
411483.3.peg.115.site.54, 11, 128, 139
411483.3.peg.115.site.55, 22, 123, 145
411483.3.peg.115.site.56, 4, 135, 139
411483.3.peg.115.site.57, 102, 139, 241
411483.3.peg.115.site.58, 3, 145, 148
411483.3.peg.115.site.59, 1, 142, 143
411483.3.peg.115.site.60, 98, 138, 236
411483.3.peg.115.site.61, 7, 148, 155
411483.3.peg.115.site.62, 0, 151, 151
411483.3.peg.115.site.63, 1, 155, 156
411483.3.peg.115.site.64, 3, 154, 157
411483.3.peg.118.site.1, 1, 154, 155
411483.3.peg.118.site.2, 11, 153, 164
411483.3.peg.118.site.3, 0, 154, 154
411483.3.peg.118.site.4, 1, 153, 154
411483.3.peg.118.site.5, 4, 152, 156
411483.3.peg.118.site.6, 2, 151, 153
411483.3.peg.118.site.7, 56, 148, 204
411483.3.peg.118.site.8, 122, 151, 273
411483.3.peg.118.site.9, 2, 154, 156
411483.3.peg.118.site.10, 4, 152, 156
411483.3.peg.118.site.11, 1, 152, 153
411483.3.peg.118.site.12, 1, 148, 149
411483.3.peg.118.site.13, 11, 145, 156
411483.3.peg.118.site.14, 117, 144, 261
411483.3.peg.118.site.15, 1, 153, 154
411483.3.peg.118.site.16, 14, 154, 168
411483.3.peg.118.site.17, 5, 152, 157
411483.3.peg.118.site.18, 11, 150, 161
411483.3.peg.118.site.19, 11, 146, 157
411483.3.peg.118.site.20, 2, 153, 155
411483.3.peg.118.site.21, 3, 155, 158
411483.3.peg.118.site.22, 5, 153, 158
411483.3.peg.118.site.23, 8, 150, 158
411483.3.peg.118.site.24, 6, 154, 160
411483.3.peg.118.site.25, 4, 153, 157
411483.3.peg.118.site.26, 49, 149, 198
411483.3.peg.118.site.27, 5, 153, 158
411483.3.peg.118.site.28, 38, 148, 186
411483.3.peg.118.site.29, 8, 151, 159
411483.3.peg.118.site.30, 0, 152, 152
411483.3.peg.118.site.31, 4, 154, 158
411483.3.peg.118.site.32, 22, 148, 170
411483.3.peg.118.site.33, 1, 153, 154
411483.3.peg.118.site.34, 1, 154, 155
411483.3.peg.118.site.35, 15, 149, 164
411483.3.peg.118.site.36, 0, 150, 150
411483.3.peg.118.site.37, 100, 142, 242
411483.3.peg.118.site.38, 22, 149, 171
411483.3.peg.118.site.39, 56, 141, 197
411483.3.peg.118.site.40, 2, 151, 153
411483.3.peg.118.site.41, 6, 151, 157
411483.3.peg.118.site.42, 127, 146, 273
411483.3.peg.118.site.43, 5, 150, 155
411483.3.peg.118.site.44, 2, 150, 152
411483.3.peg.118.site.45, 1, 151, 152
411483.3.peg.118.site.46, 0, 151, 151
411483.3.peg.118.site.47, 0, 151, 151
411483.3.peg.118.site.48, 1, 151, 152
411483.3.peg.118.site.49, 1, 152, 153
411483.3.peg.118.site.50, 45, 147, 192
411483.3.peg.118.site.51, 26, 148, 174
411483.3.peg.118.site.52, 80, 139, 219
411483.3.peg.118.site.53, 1, 154, 155
411483.3.peg.118.site.54, 16, 148, 164
411483.3.peg.118.site.55, 1, 155, 156
411483.3.peg.118.site.56, 7, 152, 159
411483.3.peg.118.site.57, 23, 150, 173
411483.3.peg.118.site.58, 16, 151, 167
411483.3.peg.118.site.59, 0, 155, 155
411483.3.peg.118.site.60, 31, 147, 178
411483.3.peg.118.site.61, 3, 154, 157
411483.3.peg.118.site.62, 73, 141, 214
411483.3.peg.118.site.63, 0, 153, 153
411483.3.peg.118.site.64, 6, 151, 157
411483.3.peg.118.site.65, 1, 150, 151
411483.3.peg.118.site.66, 1, 149, 150
411483.3.peg.118.site.67, 56, 138, 194
411483.3.peg.118.site.68, 1, 151, 152
411483.3.peg.118.site.69, 2, 152, 154
411483.3.peg.118.site.70, 2, 146, 148
411483.3.peg.118.site.71, 0, 147, 147
411483.3.peg.118.site.72, 1, 146, 147
411483.3.peg.118.site.73, 1, 148, 149
411483.3.peg.118.site.74, 0, 152, 152
411483.3.peg.118.site.75, 0, 149, 149
411483.3.peg.118.site.76, 0, 147, 147
411483.3.peg.118.site.77, 147, 150, 297
411483.3.peg.118.site.78, 85, 142, 227
411483.3.peg.118.site.79, 3, 152, 155
411483.3.peg.118.site.80, 2, 153, 155
411483.3.peg.118.site.81, 34, 141, 175
411483.3.peg.118.site.82, 66, 127, 193
411483.3.peg.118.site.83, 1, 148, 149
411483.3.peg.118.site.84, 3, 149, 152
411483.3.peg.118.site.85, 11, 141, 152
411483.3.peg.118.site.86, 0, 145, 145
411483.3.peg.118.site.87, 1, 146, 147
411483.3.peg.118.site.88, 143, 148, 291
411483.3.peg.118.site.89, 1, 151, 152
411483.3.peg.118.site.90, 0, 151, 151
411483.3.peg.118.site.91, 2, 152, 154
411483.3.peg.118.site.92, 11, 154, 165
411483.3.peg.118.site.93, 23, 143, 166
411483.3.peg.118.site.94, 6, 154, 160
411483.3.peg.118.site.95, 1, 151, 152
411483.3.peg.118.site.96, 2, 147, 149
411483.3.peg.118.site.97, 2, 150, 152
411483.3.peg.118.site.98, 2, 145, 147
411483.3.peg.118.site.99, 2, 126, 128
411483.3.peg.118.site.100, 1, 125, 126
411483.3.peg.118.site.101, 47, 94, 141
411483.3.peg.118.site.102, 2, 101, 103
411483.3.peg.118.site.103, 21, 88, 109
411483.3.peg.118.site.104, 1, 121, 122
411483.3.peg.118.site.105, 8, 128, 136
411483.3.peg.118.site.106, 1, 132, 133
411483.3.peg.118.site.107, 0, 120, 120
411483.3.peg.118.site.108, 2, 111, 113
411483.3.peg.118.site.109, 9, 97, 106
411483.3.peg.118.site.110, 1, 107, 108
411483.3.peg.118.site.111, 6, 97, 103
411483.3.peg.118.site.112, 0, 106, 106
411483.3.peg.118.site.113, 90, 101, 191
411483.3.peg.118.site.114, 1, 109, 110
411483.3.peg.118.site.115, 57, 112, 169
411483.3.peg.118.site.116, 1, 121, 122
411483.3.peg.118.site.117, 0, 122, 122
411483.3.peg.118.site.118, 2, 127, 129
411483.3.peg.118.site.119, 1, 124, 125
411483.3.peg.118.site.120, 0, 123, 123
411483.3.peg.118.site.121, 1, 121, 122
411483.3.peg.118.site.122, 42, 107, 149
411483.3.peg.118.site.123, 1, 113, 114
411483.3.peg.118.site.124, 23, 101, 124
411483.3.peg.118.site.125, 1, 118, 119
411483.3.peg.118.site.126, 6, 113, 119
411483.3.peg.118.site.127, 29, 108, 137
411483.3.peg.118.site.128, 2, 119, 121
411483.3.peg.118.site.129, 0, 134, 134
411483.3.peg.118.site.130, 1, 143, 144
411483.3.peg.118.site.131, 5, 142, 147
411483.3.peg.118.site.132, 3, 149, 152
411483.3.peg.118.site.133, 5, 149, 154
411483.3.peg.118.site.134, 83, 144, 227
411483.3.peg.118.site.135, 82, 143, 225
411483.3.peg.118.site.136, 1, 152, 153
411483.3.peg.118.site.137, 5, 150, 155
411483.3.peg.118.site.138, 1, 150, 151
411483.3.peg.118.site.139, 11, 150, 161
411483.3.peg.118.site.140, 3, 151, 154
411483.3.peg.118.site.141, 0, 151, 151
411483.3.peg.118.site.142, 9, 145, 154
411483.3.peg.118.site.143, 15, 147, 162
411483.3.peg.118.site.144, 3, 153, 156
411483.3.peg.118.site.145, 7, 153, 160
411483.3.peg.118.site.146, 7, 146, 153
411483.3.peg.118.site.147, 0, 153, 153
411483.3.peg.118.site.148, 4, 152, 156
411483.3.peg.118.site.149, 5, 151, 156
411483.3.peg.118.site.150, 3, 153, 156
411483.3.peg.118.site.151, 0, 152, 152
411483.3.peg.118.site.152, 7, 153, 160
411483.3.peg.118.site.153, 4, 151, 155
411483.3.peg.118.site.154, 0, 151, 151
411483.3.peg.118.site.155, 84, 139, 223
411483.3.peg.118.site.156, 0, 154, 154
411483.3.peg.118.site.157, 1, 154, 155
411483.3.peg.118.site.158, 0, 155, 155
411483.3.peg.118.site.159, 0, 154, 154
411483.3.peg.118.site.160, 9, 151, 160
411483.3.peg.118.site.161, 18, 153, 171
411483.3.peg.118.site.162, 10, 152, 162
411483.3.peg.118.site.163, 2, 155, 157
411483.3.peg.118.site.164, 0, 153, 153
411483.3.peg.118.site.165, 1, 155, 156
411483.3.peg.119.site.1, 3, 153, 156
411483.3.peg.119.site.2, 3, 154, 157
411483.3.peg.119.site.3, 1, 155, 156
411483.3.peg.119.site.4, 9, 148, 157
411483.3.peg.119.site.5, 36, 149, 185
411483.3.peg.119.site.6, 30, 149, 179
411483.3.peg.119.site.7, 31, 145, 176
411483.3.peg.119.site.8, 1, 153, 154
411483.3.peg.119.site.9, 2, 152, 154
411483.3.peg.2719.site.1, 2, 148, 150
411483.3.peg.2719.site.2, 1, 149, 150
411483.3.peg.2719.site.3, 4, 148, 152
411483.3.peg.2719.site.4, 128, 140, 268
411483.3.peg.2719.site.5, 14, 143, 157
411483.3.peg.2719.site.6, 1, 145, 146
411483.3.peg.2719.site.7, 3, 142, 145
411483.3.peg.2719.site.8, 9, 143, 152
411483.3.peg.2719.site.9, 7, 143, 150
411483.3.peg.2719.site.10, 3, 148, 151
411483.3.peg.2719.site.11, 3, 149, 152
411483.3.peg.2719.site.12, 13, 141, 154
411483.3.peg.2719.site.13, 15, 147, 162
411483.3.peg.2719.site.14, 5, 142, 147
411483.3.peg.2719.site.15, 2, 147, 149
411483.3.peg.2719.site.16, 1, 147, 148
411483.3.peg.2719.site.17, 7, 147, 154
411483.3.peg.2719.site.18, 0, 145, 145
411483.3.peg.2719.site.19, 1, 151, 152
411483.3.peg.2719.site.20, 10, 148, 158
411483.3.peg.2719.site.21, 1, 149, 150
411483.3.peg.2719.site.22, 5, 144, 149
411483.3.peg.2719.site.23, 28, 147, 175
411483.3.peg.2719.site.24, 14, 146, 160
411483.3.peg.2719.site.25, 34, 140, 174
411483.3.peg.2719.site.26, 8, 147, 155
411483.3.peg.2719.site.27, 1, 146, 147
411483.3.peg.2719.site.28, 122, 133, 255
411483.3.peg.2719.site.29, 32, 119, 151
411483.3.peg.2719.site.30, 72, 118, 190
411483.3.peg.2719.site.31, 7, 132, 139
411483.3.peg.2719.site.32, 3, 127, 130
411483.3.peg.2719.site.33, 38, 124, 162
411483.3.peg.2719.site.34, 7, 134, 141
411483.3.peg.2719.site.35, 4, 134, 138
411483.3.peg.2719.site.36, 85, 126, 211
411483.3.peg.2719.site.37, 48, 137, 185
411483.3.peg.2719.site.38, 1, 144, 145
411483.3.peg.2719.site.39, 2, 148, 150
411483.3.peg.2719.site.40, 7, 145, 152
411483.3.peg.2719.site.41, 9, 142, 151
411483.3.peg.2719.site.42, 2, 144, 146
411483.3.peg.2719.site.43, 10, 147, 157
411483.3.peg.2719.site.44, 22, 139, 161
411483.3.peg.2719.site.45, 128, 139, 267
411483.3.peg.2719.site.46, 5, 146, 151
411483.3.peg.2719.site.47, 2, 148, 150
411483.3.peg.2719.site.48, 39, 142, 181
411483.3.peg.2719.site.49, 1, 146, 147
411483.3.peg.2719.site.50, 1, 148, 149
411483.3.peg.2719.site.51, 1, 151, 152
411483.3.peg.2719.site.52, 0, 149, 149
411483.3.peg.2719.site.53, 0, 150, 150
411483.3.peg.2719.site.54, 19, 146, 165
411483.3.peg.2719.site.55, 0, 152, 152
411483.3.peg.2719.site.56, 0, 150, 150
411483.3.peg.2719.site.57, 4, 149, 153
411483.3.peg.2719.site.58, 2, 154, 156
411483.3.peg.2719.site.59, 2, 150, 152
411483.3.peg.2719.site.60, 4, 150, 154
411483.3.peg.2719.site.61, 14, 148, 162
411483.3.peg.2719.site.62, 1, 149, 150
411483.3.peg.2719.site.63, 3, 147, 150
411483.3.peg.2719.site.64, 0, 138, 138
411483.3.peg.2719.site.65, 4, 108, 112
411483.3.peg.2719.site.66, 2, 80, 82
411483.3.peg.2719.site.67, 1, 47, 48
411483.3.peg.2719.site.68, 16, 27, 43
411483.3.peg.2719.site.69, 1, 27, 28
411483.3.peg.2719.site.70, 1, 64, 65
411483.3.peg.2719.site.71, 4, 74, 78
411483.3.peg.2719.site.72, 7, 103, 110
411483.3.peg.2719.site.73, 3, 113, 116
411483.3.peg.1729.site.1, 0, 154, 154
411483.3.peg.1729.site.2, 2, 154, 156
411483.3.peg.1729.site.3, 99, 138, 237
411483.3.peg.1729.site.4, 100, 137, 237
411483.3.peg.1729.site.5, 3, 146, 149
411483.3.peg.1729.site.6, 1, 149, 150
411483.3.peg.1729.site.7, 12, 148, 160
411483.3.peg.1729.site.8, 1, 151, 152
411483.3.peg.1729.site.9, 7, 148, 155
411483.3.peg.1729.site.10, 1, 151, 152
411483.3.peg.1729.site.11, 0, 149, 149
411483.3.peg.1729.site.12, 13, 149, 162
411483.3.peg.1729.site.13, 2, 150, 152
411483.3.peg.1729.site.14, 5, 152, 157
411483.3.peg.1729.site.15, 4, 153, 157
411483.3.peg.1729.site.16, 0, 154, 154
411483.3.peg.1729.site.17, 3, 151, 154
411483.3.peg.1729.site.18, 52, 141, 193
411483.3.peg.1729.site.19, 0, 151, 151
411483.3.peg.1729.site.20, 2, 152, 154
411483.3.peg.1729.site.21, 47, 143, 190
411483.3.peg.1729.site.22, 3, 151, 154
411483.3.peg.1729.site.23, 1, 150, 151
411483.3.peg.1729.site.24, 0, 152, 152
411483.3.peg.1729.site.25, 40, 148, 188
411483.3.peg.1729.site.26, 76, 145, 221
411483.3.peg.1729.site.27, 5, 149, 154
411483.3.peg.1729.site.28, 3, 152, 155
411483.3.peg.1729.site.29, 1, 154, 155
411483.3.peg.1729.site.30, 4, 154, 158
411483.3.peg.1728.site.1, 0, 154, 154
411483.3.peg.1728.site.2, 1, 154, 155
411483.3.peg.1728.site.3, 1, 154, 155
411483.3.peg.1728.site.4, 1, 154, 155
411483.3.peg.1728.site.5, 0, 154, 154
411483.3.peg.1728.site.6, 1, 155, 156
411483.3.peg.1728.site.7, 3, 153, 156
411483.3.peg.1728.site.8, 94, 142, 236
411483.3.peg.1728.site.9, 3, 153, 156
411483.3.peg.1728.site.10, 2, 152, 154
411483.3.peg.1728.site.11, 0, 153, 153
411483.3.peg.1728.site.12, 5, 152, 157
411483.3.peg.1728.site.13, 1, 152, 153
411483.3.peg.1728.site.14, 30, 144, 174
411483.3.peg.1728.site.15, 0, 152, 152
411483.3.peg.1728.site.16, 16, 153, 169
411483.3.peg.1728.site.17, 4, 154, 158
411483.3.peg.1728.site.18, 1, 154, 155
411483.3.peg.1728.site.19, 15, 152, 167
411483.3.peg.1728.site.20, 20, 143, 163
411483.3.peg.1728.site.21, 1, 154, 155
411483.3.peg.1728.site.22, 10, 147, 157
411483.3.peg.1728.site.23, 1, 155, 156
411483.3.peg.1728.site.24, 1, 152, 153
411483.3.peg.1728.site.25, 3, 154, 157
411483.3.peg.1728.site.26, 2, 152, 154
411483.3.peg.1728.site.27, 1, 154, 155
411483.3.peg.1728.site.28, 4, 149, 153
411483.3.peg.1728.site.29, 7, 143, 150
411483.3.peg.1728.site.30, 2, 138, 140
411483.3.peg.1728.site.31, 75, 130, 205
411483.3.peg.1728.site.32, 4, 140, 144
411483.3.peg.1728.site.33, 5, 141, 146
411483.3.peg.1728.site.34, 7, 141, 148
411483.3.peg.1728.site.35, 8, 142, 150
411483.3.peg.1728.site.36, 1, 145, 146
411483.3.peg.1728.site.37, 15, 148, 163
411483.3.peg.1728.site.38, 123, 142, 265
411483.3.peg.1728.site.39, 14, 152, 166
411483.3.peg.1728.site.40, 60, 148, 208
411483.3.peg.1728.site.41, 1, 152, 153
411483.3.peg.1728.site.42, 46, 147, 193
411483.3.peg.1728.site.43, 1, 154, 155
411483.3.peg.1728.site.44, 45, 144, 189
411483.3.peg.1728.site.45, 1, 152, 153
411483.3.peg.1728.site.46, 2, 149, 151
411483.3.peg.1728.site.47, 12, 152, 164
411483.3.peg.1728.site.48, 36, 148, 184
411483.3.peg.2718.site.1, 27, 145, 172
411483.3.peg.2718.site.2, 0, 153, 153
411483.3.peg.2718.site.3, 88, 148, 236
411483.3.peg.2718.site.4, 2, 150, 152
411483.3.peg.2718.site.5, 5, 152, 157
411483.3.peg.2718.site.6, 4, 148, 152
411483.3.peg.2718.site.7, 4, 139, 143
411483.3.peg.2718.site.8, 4, 152, 156
411483.3.peg.2718.site.9, 1, 150, 151
411483.3.peg.2718.site.10, 19, 143, 162
411483.3.peg.2718.site.11, 0, 144, 144
411483.3.peg.2718.site.12, 1, 142, 143
411483.3.peg.2718.site.13, 8, 139, 147
411483.3.peg.2718.site.14, 40, 124, 164
411483.3.peg.2718.site.15, 7, 131, 138
411483.3.peg.2718.site.16, 3, 132, 135
411483.3.peg.2718.site.17, 2, 128, 130
411483.3.peg.2718.site.18, 5, 125, 130
411483.3.peg.2718.site.19, 6, 134, 140
411483.3.peg.2718.site.20, 1, 134, 135
411483.3.peg.2718.site.21, 3, 125, 128
411483.3.peg.2718.site.22, 14, 124, 138
411483.3.peg.2718.site.23, 0, 125, 125
411483.3.peg.2718.site.24, 3, 128, 131
411483.3.peg.2718.site.25, 0, 133, 133
411483.3.peg.2718.site.26, 4, 125, 129
411483.3.peg.2718.site.27, 1, 116, 117
411483.3.peg.2718.site.28, 3, 115, 118
411483.3.peg.2718.site.29, 1, 87, 88
411483.3.peg.2718.site.30, 1, 85, 86
411483.3.peg.2718.site.31, 1, 86, 87
411483.3.peg.2718.site.32, 12, 71, 83
411483.3.peg.2718.site.33, 8, 71, 79
411483.3.peg.2718.site.34, 2, 75, 77
411483.3.peg.2718.site.35, 68, 75, 143
411483.3.peg.2718.site.36, 0, 80, 80
411483.3.peg.2718.site.37, 0, 87, 87
411483.3.peg.2718.site.38, 2, 87, 89
411483.3.peg.2718.site.39, 1, 81, 82
411483.3.peg.2718.site.40, 2, 103, 105
411483.3.peg.2718.site.41, 2, 113, 115
411483.3.peg.2718.site.42, 1, 123, 124
411483.3.peg.2718.site.43, 3, 128, 131
411483.3.peg.2718.site.44, 3, 129, 132
411483.3.peg.2718.site.45, 1, 138, 139
411483.3.peg.2718.site.46, 1, 139, 140
411483.3.peg.2718.site.47, 1, 143, 144
411483.3.peg.2718.site.48, 7, 145, 152
411483.3.peg.2718.site.49, 1, 147, 148
411483.3.peg.2718.site.50, 11, 148, 159
411483.3.peg.2718.site.51, 2, 147, 149
411483.3.peg.852.site.1, 1, 149, 150
411483.3.peg.852.site.2, 4, 141, 145
411483.3.peg.852.site.3, 0, 151, 151
411483.3.peg.852.site.4, 0, 149, 149
411483.3.peg.852.site.5, 0, 149, 149
411483.3.peg.852.site.6, 0, 148, 148
411483.3.peg.852.site.7, 4, 144, 148
411483.3.peg.852.site.8, 0, 147, 147
411483.3.peg.852.site.9, 19, 142, 161
411483.3.peg.852.site.10, 2, 139, 141
411483.3.peg.852.site.11, 0, 143, 143
411483.3.peg.852.site.12, 1, 142, 143
411483.3.peg.852.site.13, 69, 131, 200
411483.3.peg.852.site.14, 2, 138, 140
411483.3.peg.852.site.15, 1, 145, 146
411483.3.peg.852.site.16, 5, 142, 147
411483.3.peg.852.site.17, 0, 143, 143
411483.3.peg.852.site.18, 1, 152, 153
411483.3.peg.852.site.19, 13, 150, 163
411483.3.peg.852.site.20, 7, 149, 156
411483.3.peg.852.site.21, 8, 152, 160
411483.3.peg.852.site.22, 72, 135, 207
411483.3.peg.852.site.23, 0, 143, 143
411483.3.peg.852.site.24, 8, 129, 137
411483.3.peg.852.site.25, 1, 149, 150
411483.3.peg.852.site.26, 6, 150, 156
411483.3.peg.852.site.27, 7, 149, 156
411483.3.peg.852.site.28, 3, 152, 155
411483.3.peg.852.site.29, 0, 148, 148
411483.3.peg.852.site.30, 0, 146, 146
411483.3.peg.852.site.31, 0, 146, 146
411483.3.peg.852.site.32, 2, 144, 146
411483.3.peg.852.site.33, 2, 140, 142
411483.3.peg.852.site.34, 4, 128, 132
411483.3.peg.852.site.35, 1, 109, 110
411483.3.peg.852.site.36, 9, 117, 126
411483.3.peg.852.site.37, 5, 128, 133
411483.3.peg.852.site.38, 16, 119, 135
411483.3.peg.852.site.39, 6, 120, 126
411483.3.peg.852.site.40, 0, 125, 125
411483.3.peg.852.site.41, 2, 126, 128
411483.3.peg.852.site.42, 30, 90, 120
411483.3.peg.852.site.43, 1, 97, 98
411483.3.peg.852.site.44, 12, 87, 99
411483.3.peg.852.site.45, 1, 43, 44
411483.3.peg.852.site.46, 1, 37, 38
411483.3.peg.852.site.47, 78, 78, 156
411483.3.peg.852.site.48, 36, 83, 119
411483.3.peg.852.site.49, 15, 83, 98
411483.3.peg.852.site.50, 6, 107, 113
411483.3.peg.852.site.51, 0, 113, 113
411483.3.peg.852.site.52, 1, 114, 115
411483.3.peg.852.site.53, 2, 131, 133
411483.3.peg.852.site.54, 5, 145, 150
411483.3.peg.541.site.1, 4, 154, 158
411483.3.peg.541.site.2, 4, 150, 154
411483.3.peg.541.site.3, 5, 151, 156
411483.3.peg.541.site.4, 1, 152, 153
411483.3.peg.541.site.5, 3, 152, 155
411483.3.peg.541.site.6, 5, 153, 158
411483.3.peg.541.site.7, 6, 145, 151
411483.3.peg.541.site.8, 4, 151, 155
411483.3.peg.541.site.9, 1, 153, 154
411483.3.peg.541.site.10, 5, 152, 157
411483.3.peg.541.site.11, 6, 151, 157
411483.3.peg.541.site.12, 11, 135, 146
411483.3.peg.541.site.13, 9, 141, 150
411483.3.peg.541.site.14, 1, 145, 146
411483.3.peg.541.site.15, 2, 142, 144
411483.3.peg.541.site.16, 0, 141, 141
411483.3.peg.541.site.17, 11, 141, 152
411483.3.peg.541.site.18, 0, 148, 148
411483.3.peg.541.site.19, 4, 148, 152
411483.3.peg.541.site.20, 1, 155, 156
411483.3.peg.541.site.21, 24, 144, 168
411483.3.peg.541.site.22, 5, 148, 153
411483.3.peg.541.site.23, 1, 137, 138
411483.3.peg.541.site.24, 42, 136, 178
411483.3.peg.541.site.25, 1, 143, 144
411483.3.peg.541.site.26, 0, 149, 149
411483.3.peg.541.site.27, 0, 146, 146
411483.3.peg.541.site.28, 3, 146, 149
411483.3.peg.541.site.29, 131, 149, 280
411483.3.peg.541.site.30, 4, 152, 156
411483.3.peg.541.site.31, 1, 150, 151
411483.3.peg.541.site.32, 148, 148, 296
411483.3.peg.541.site.33, 4, 149, 153
411483.3.peg.541.site.34, 30, 142, 172
411483.3.peg.541.site.35, 1, 153, 154
411483.3.peg.541.site.36, 4, 153, 157
411483.3.peg.541.site.37, 1, 153, 154
411483.3.peg.541.site.38, 103, 145, 248
411483.3.peg.541.site.39, 5, 155, 160
411483.3.peg.541.site.40, 2, 155, 157
411483.3.peg.541.site.41, 3, 155, 158
411483.3.peg.541.site.42, 99, 143, 242
411483.3.peg.541.site.43, 2, 152, 154
411483.3.peg.541.site.44, 20, 149, 169
411483.3.peg.541.site.45, 23, 142, 165
411483.3.peg.541.site.46, 1, 147, 148
411483.3.peg.541.site.47, 0, 148, 148
411483.3.peg.541.site.48, 2, 151, 153
411483.3.peg.541.site.49, 4, 144, 148
411483.3.peg.541.site.50, 6, 148, 154
411483.3.peg.541.site.51, 7, 152, 159
411483.3.peg.541.site.52, 6, 146, 152
411483.3.peg.541.site.53, 6, 152, 158
411483.3.peg.541.site.54, 7, 154, 161
411483.3.peg.541.site.55, 4, 155, 159
411483.3.peg.541.site.56, 0, 153, 153
411483.3.peg.541.site.57, 2, 153, 155
411483.3.peg.541.site.58, 2, 151, 153
411483.3.peg.541.site.59, 17, 142, 159
411483.3.peg.541.site.60, 7, 152, 159
411483.3.peg.541.site.61, 3, 153, 156
411483.3.peg.541.site.62, 1, 151, 152
411483.3.peg.541.site.63, 0, 150, 150
411483.3.peg.541.site.64, 0, 149, 149
411483.3.peg.541.site.65, 37, 138, 175
411483.3.peg.541.site.66, 51, 144, 195
411483.3.peg.541.site.67, 5, 151, 156
411483.3.peg.541.site.68, 1, 152, 153
411483.3.peg.541.site.69, 11, 146, 157
411483.3.peg.541.site.70, 9, 144, 153
411483.3.peg.541.site.71, 1, 151, 152
411483.3.peg.541.site.72, 1, 155, 156
411483.3.peg.541.site.73, 8, 154, 162
411483.3.peg.541.site.74, 4, 153, 157
411483.3.peg.541.site.75, 13, 151, 164
411483.3.peg.541.site.76, 3, 153, 156
411483.3.peg.541.site.77, 2, 155, 157
411483.3.peg.541.site.78, 3, 145, 148
411483.3.peg.541.site.79, 4, 145, 149
411483.3.peg.541.site.80, 1, 150, 151
411483.3.peg.851.site.1, 5, 97, 102
411483.3.peg.851.site.2, 23, 136, 159
411483.3.peg.851.site.3, 0, 147, 147
411483.3.peg.851.site.4, 5, 152, 157
411483.3.peg.851.site.5, 5, 149, 154
411483.3.peg.851.site.6, 33, 144, 177
411483.3.peg.851.site.7, 13, 144, 157
411483.3.peg.851.site.8, 46, 141, 187
411483.3.peg.851.site.9, 42, 138, 180
411483.3.peg.851.site.10, 1, 145, 146
411483.3.peg.851.site.11, 7, 145, 152
411483.3.peg.851.site.12, 14, 147, 161
411483.3.peg.851.site.13, 25, 144, 169
411483.3.peg.851.site.14, 7, 146, 153
411483.3.peg.851.site.15, 6, 148, 154
411483.3.peg.851.site.16, 2, 153, 155
411483.3.peg.851.site.17, 38, 151, 189
411483.3.peg.851.site.18, 3, 154, 157
411483.3.peg.851.site.19, 7, 152, 159
411483.3.peg.851.site.20, 1, 150, 151
411483.3.peg.851.site.21, 9, 150, 159
411483.3.peg.851.site.22, 1, 152, 153
411483.3.peg.851.site.23, 45, 147, 192
411483.3.peg.851.site.24, 2, 147, 149
411483.3.peg.851.site.25, 5, 143, 148
411483.3.peg.851.site.26, 2, 146, 148
411483.3.peg.851.site.27, 0, 147, 147
411483.3.peg.851.site.28, 0, 150, 150
411483.3.peg.851.site.29, 47, 140, 187
411483.3.peg.851.site.30, 17, 149, 166
411483.3.peg.851.site.31, 1, 146, 147
411483.3.peg.851.site.32, 1, 146, 147
411483.3.peg.851.site.33, 2, 149, 151
411483.3.peg.851.site.34, 4, 146, 150
411483.3.peg.851.site.35, 7, 148, 155
411483.3.peg.851.site.36, 0, 147, 147
411483.3.peg.851.site.37, 19, 138, 157
411483.3.peg.851.site.38, 7, 137, 144
411483.3.peg.851.site.39, 0, 138, 138
411483.3.peg.851.site.40, 10, 140, 150
411483.3.peg.851.site.41, 2, 142, 144
411483.3.peg.851.site.42, 7, 139, 146
411483.3.peg.851.site.43, 10, 136, 146
411483.3.peg.851.site.44, 10, 136, 146
411483.3.peg.851.site.45, 14, 132, 146
411483.3.peg.851.site.46, 14, 137, 151
411483.3.peg.851.site.47, 7, 139, 146
411483.3.peg.851.site.48, 44, 133, 177
411483.3.peg.851.site.49, 9, 143, 152
411483.3.peg.851.site.50, 1, 144, 145
411483.3.peg.851.site.51, 0, 142, 142
411483.3.peg.851.site.52, 51, 137, 188
411483.3.peg.851.site.53, 1, 150, 151
411483.3.peg.851.site.54, 11, 148, 159
411483.3.peg.851.site.55, 2, 145, 147
411483.3.peg.851.site.56, 2, 140, 142
411483.3.peg.851.site.57, 75, 136, 211
411483.3.peg.851.site.58, 11, 142, 153
411483.3.peg.851.site.59, 1, 149, 150
411483.3.peg.851.site.60, 13, 142, 155
411483.3.peg.851.site.61, 10, 149, 159
411483.3.peg.851.site.62, 0, 153, 153
411483.3.peg.851.site.63, 1, 152, 153
411483.3.peg.851.site.64, 0, 154, 154
411483.3.peg.851.site.65, 2, 155, 157
411483.3.peg.851.site.66, 2, 153, 155
411483.3.peg.851.site.67, 1, 155, 156
411483.3.peg.851.site.68, 42, 145, 187
411483.3.peg.851.site.69, 1, 155, 156
411483.3.peg.851.site.70, 4, 155, 159
411483.3.peg.851.site.71, 12, 148, 160
411483.3.peg.851.site.72, 19, 150, 169
411483.3.peg.851.site.73, 0, 154, 154
411483.3.peg.851.site.74, 16, 146, 162
411483.3.peg.851.site.75, 101, 144, 245
411483.3.peg.851.site.76, 19, 148, 167
411483.3.peg.851.site.77, 43, 139, 182
411483.3.peg.851.site.78, 2, 153, 155
411483.3.peg.851.site.79, 1, 146, 147
411483.3.peg.851.site.80, 1, 152, 153
411483.3.peg.851.site.81, 5, 149, 154
411483.3.peg.851.site.82, 97, 144, 241
411483.3.peg.851.site.83, 2, 145, 147
411483.3.peg.851.site.84, 0, 151, 151
411483.3.peg.851.site.85, 4, 153, 157
411483.3.peg.851.site.86, 0, 147, 147
411483.3.peg.851.site.87, 3, 142, 145
411483.3.peg.851.site.88, 1, 150, 151
411483.3.peg.851.site.89, 3, 142, 145
411483.3.peg.851.site.90, 8, 134, 142
411483.3.peg.851.site.91, 9, 126, 135
411483.3.peg.851.site.92, 4, 140, 144
411483.3.peg.851.site.93, 9, 140, 149
411483.3.peg.851.site.94, 9, 144, 153
411483.3.peg.851.site.95, 4, 142, 146
411483.3.peg.851.site.96, 9, 146, 155
411483.3.peg.851.site.97, 0, 143, 143
411483.3.peg.851.site.98, 3, 151, 154
411483.3.peg.851.site.99, 5, 152, 157
411483.3.peg.851.site.100, 2, 154, 156
411483.3.peg.851.site.101, 0, 150, 150
411483.3.peg.851.site.102, 18, 152, 170
411483.3.peg.851.site.103, 5, 152, 157
411483.3.peg.851.site.104, 3, 148, 151
411483.3.peg.851.site.105, 37, 145, 182
411483.3.peg.851.site.106, 3, 155, 158
411483.3.peg.851.site.107, 53, 144, 197
411483.3.peg.851.site.108, 3, 155, 158
411483.3.peg.851.site.109, 18, 152, 170
411483.3.peg.851.site.110, 0, 154, 154
411483.3.peg.851.site.111, 23, 152, 175
411483.3.peg.851.site.112, 12, 154, 166
411483.3.peg.851.site.113, 14, 145, 159
411483.3.peg.851.site.114, 132, 152, 284
411483.3.peg.851.site.115, 2, 154, 156
411483.3.peg.582.site.1, 0, 153, 153
411483.3.peg.582.site.2, 0, 149, 149
411483.3.peg.582.site.3, 4, 154, 158
411483.3.peg.582.site.4, 3, 151, 154
411483.3.peg.582.site.5, 3, 155, 158
411483.3.peg.582.site.6, 26, 145, 171
411483.3.peg.582.site.7, 0, 145, 145
411483.3.peg.582.site.8, 8, 141, 149
411483.3.peg.582.site.9, 13, 150, 163
411483.3.peg.582.site.10, 0, 148, 148
411483.3.peg.582.site.11, 1, 151, 152
411483.3.peg.582.site.12, 144, 147, 291
411483.3.peg.582.site.13, 1, 146, 147
411483.3.peg.582.site.14, 0, 145, 145
411483.3.peg.582.site.15, 1, 143, 144
411483.3.peg.582.site.16, 0, 139, 139
411483.3.peg.582.site.17, 18, 126, 144
411483.3.peg.582.site.18, 3, 138, 141
411483.3.peg.582.site.19, 1, 142, 143
411483.3.peg.582.site.20, 94, 134, 228
411483.3.peg.582.site.21, 6, 143, 149
411483.3.peg.582.site.22, 0, 145, 145
411483.3.peg.582.site.23, 1, 147, 148
411483.3.peg.582.site.24, 1, 150, 151
411483.3.peg.582.site.25, 3, 148, 151
411483.3.peg.582.site.26, 0, 148, 148
411483.3.peg.582.site.27, 1, 142, 143
411483.3.peg.582.site.28, 141, 143, 284
411483.3.peg.857.site.1, 7, 126, 133
411483.3.peg.857.site.2, 4, 149, 153
411483.3.peg.857.site.3, 1, 153, 154
411483.3.peg.857.site.4, 2, 153, 155
411483.3.peg.857.site.5, 1, 153, 154
411483.3.peg.857.site.6, 5, 155, 160
411483.3.peg.857.site.7, 12, 152, 164
411483.3.peg.857.site.8, 3, 151, 154
411483.3.peg.857.site.9, 2, 150, 152
411483.3.peg.857.site.10, 9, 148, 157
411483.3.peg.857.site.11, 1, 147, 148
411483.3.peg.857.site.12, 3, 144, 147
411483.3.peg.857.site.13, 1, 142, 143
411483.3.peg.857.site.14, 16, 146, 162
411483.3.peg.857.site.15, 0, 152, 152
411483.3.peg.857.site.16, 3, 154, 157
411483.3.peg.857.site.17, 18, 145, 163
411483.3.peg.857.site.18, 16, 147, 163
411483.3.peg.857.site.19, 5, 151, 156
411483.3.peg.857.site.20, 81, 141, 222
411483.3.peg.857.site.21, 2, 150, 152
411483.3.peg.857.site.22, 1, 153, 154
411483.3.peg.857.site.23, 59, 146, 205
411483.3.peg.854.site.1, 3, 120, 123
411483.3.peg.854.site.2, 13, 110, 123
411483.3.peg.854.site.3, 13, 108, 121
411483.3.peg.854.site.4, 19, 109, 128
411483.3.peg.854.site.5, 25, 123, 148
411483.3.peg.854.site.6, 12, 133, 145
411483.3.peg.854.site.7, 0, 137, 137
411483.3.peg.854.site.8, 8, 137, 145
411483.3.peg.854.site.9, 3, 144, 147
411483.3.peg.854.site.10, 3, 137, 140
411483.3.peg.854.site.11, 127, 137, 264
411483.3.peg.854.site.12, 4, 145, 149
411483.3.peg.854.site.13, 10, 142, 152
411483.3.peg.854.site.14, 21, 144, 165
411483.3.peg.854.site.15, 1, 150, 151
411483.3.peg.854.site.16, 1, 149, 150
411483.3.peg.854.site.17, 2, 148, 150
411483.3.peg.854.site.18, 2, 147, 149
411483.3.peg.854.site.19, 7, 143, 150
411483.3.peg.854.site.20, 2, 142, 144
411483.3.peg.854.site.21, 0, 138, 138
411483.3.peg.854.site.22, 1, 135, 136
411483.3.peg.854.site.23, 1, 133, 134
411483.3.peg.854.site.24, 1, 134, 135
411483.3.peg.854.site.25, 14, 134, 148
411483.3.peg.854.site.26, 14, 130, 144
411483.3.peg.854.site.27, 0, 134, 134
411483.3.peg.854.site.28, 2, 136, 138
411483.3.peg.854.site.29, 0, 138, 138
411483.3.peg.854.site.30, 1, 138, 139
411483.3.peg.854.site.31, 15, 137, 152
411483.3.peg.854.site.32, 1, 134, 135
411483.3.peg.854.site.33, 1, 130, 131
411483.3.peg.854.site.34, 55, 113, 168
411483.3.peg.854.site.35, 1, 113, 114
411483.3.peg.854.site.36, 1, 110, 111
411483.3.peg.854.site.37, 1, 110, 111
411483.3.peg.854.site.38, 1, 107, 108
411483.3.peg.854.site.39, 0, 106, 106
411483.3.peg.854.site.40, 8, 98, 106
411483.3.peg.854.site.41, 1, 107, 108
411483.3.peg.854.site.42, 10, 101, 111
411483.3.peg.854.site.43, 78, 97, 175
411483.3.peg.854.site.44, 17, 93, 110
411483.3.peg.854.site.45, 15, 96, 111
411483.3.peg.854.site.46, 0, 103, 103
411483.3.peg.854.site.47, 19, 107, 126
411483.3.peg.854.site.48, 1, 122, 123
411483.3.peg.854.site.49, 5, 126, 131
411483.3.peg.854.site.50, 1, 149, 150
411483.3.peg.854.site.51, 5, 149, 154
411483.3.peg.854.site.52, 4, 152, 156
411483.3.peg.927.site.1, 4, 151, 155
411483.3.peg.927.site.2, 3, 150, 153
411483.3.peg.927.site.3, 7, 148, 155
411483.3.peg.927.site.4, 27, 143, 170
411483.3.peg.927.site.5, 117, 145, 262
411483.3.peg.927.site.6, 35, 142, 177
411483.3.peg.927.site.7, 6, 150, 156
411483.3.peg.927.site.8, 6, 148, 154
411483.3.peg.927.site.9, 8, 146, 154
411483.3.peg.927.site.10, 0, 148, 148
411483.3.peg.927.site.11, 128, 141, 269
411483.3.peg.927.site.12, 4, 146, 150
411483.3.peg.927.site.13, 5, 146, 151
411483.3.peg.927.site.14, 12, 137, 149
411483.3.peg.927.site.15, 6, 148, 154
411483.3.peg.927.site.16, 1, 149, 150
411483.3.peg.927.site.17, 6, 143, 149
411483.3.peg.927.site.18, 3, 135, 138
411483.3.peg.927.site.19, 11, 144, 155
411483.3.peg.927.site.20, 0, 137, 137
411483.3.peg.927.site.21, 0, 132, 132
411483.3.peg.927.site.22, 0, 122, 122
411483.3.peg.927.site.23, 1, 127, 128
411483.3.peg.927.site.24, 0, 133, 133
411483.3.peg.927.site.25, 5, 129, 134
411483.3.peg.927.site.26, 2, 131, 133
411483.3.peg.927.site.27, 41, 120, 161
411483.3.peg.927.site.28, 1, 134, 135
411483.3.peg.927.site.29, 5, 135, 140
411483.3.peg.927.site.30, 1, 140, 141
411483.3.peg.927.site.31, 27, 125, 152
411483.3.peg.927.site.32, 8, 147, 155
411483.3.peg.927.site.33, 0, 145, 145
411483.3.peg.927.site.34, 0, 147, 147
411483.3.peg.927.site.35, 1, 143, 144
411483.3.peg.927.site.36, 0, 146, 146
411483.3.peg.927.site.37, 3, 145, 148
411483.3.peg.927.site.38, 3, 148, 151
411483.3.peg.927.site.39, 2, 135, 137
411483.3.peg.927.site.40, 1, 140, 141
411483.3.peg.927.site.41, 0, 120, 120
411483.3.peg.927.site.42, 114, 118, 232
411483.3.peg.927.site.43, 9, 138, 147
411483.3.peg.927.site.44, 4, 132, 136
411483.3.peg.927.site.45, 1, 142, 143
411483.3.peg.927.site.46, 36, 130, 166
411483.3.peg.927.site.47, 0, 144, 144
411483.3.peg.927.site.48, 11, 143, 154
411483.3.peg.927.site.49, 1, 149, 150
411483.3.peg.927.site.50, 7, 147, 154
411483.3.peg.927.site.51, 8, 142, 150
411483.3.peg.927.site.52, 6, 146, 152
411483.3.peg.927.site.53, 71, 141, 212
411483.3.peg.927.site.54, 0, 149, 149
411483.3.peg.927.site.55, 151, 151, 302
411483.3.peg.927.site.56, 3, 154, 157
411483.3.peg.927.site.57, 2, 147, 149
411483.3.peg.927.site.58, 7, 147, 154
411483.3.peg.927.site.59, 1, 151, 152
411483.3.peg.927.site.60, 8, 148, 156
411483.3.peg.927.site.61, 2, 152, 154
411483.3.peg.927.site.62, 2, 150, 152
411483.3.peg.927.site.63, 2, 153, 155
411483.3.peg.927.site.64, 0, 153, 153
411483.3.peg.927.site.65, 4, 152, 156
411483.3.peg.927.site.66, 3, 154, 157
411483.3.peg.927.site.67, 9, 149, 158
411483.3.peg.927.site.68, 3, 154, 157
411483.3.peg.927.site.69, 1, 151, 152
411483.3.peg.927.site.70, 10, 148, 158
411483.3.peg.927.site.71, 9, 152, 161
411483.3.peg.927.site.72, 1, 148, 149
411483.3.peg.927.site.73, 7, 140, 147
411483.3.peg.927.site.74, 9, 133, 142
411483.3.peg.927.site.75, 0, 126, 126
411483.3.peg.927.site.76, 1, 127, 128
411483.3.peg.927.site.77, 6, 121, 127
411483.3.peg.926.site.1, 0, 153, 153
411483.3.peg.926.site.2, 0, 144, 144
411483.3.peg.926.site.3, 1, 143, 144
411483.3.peg.926.site.4, 6, 141, 147
411483.3.peg.926.site.5, 7, 139, 146
411483.3.peg.926.site.6, 6, 137, 143
411483.3.peg.926.site.7, 127, 136, 263
411483.3.peg.926.site.8, 0, 141, 141
411483.3.peg.926.site.9, 3, 125, 128
411483.3.peg.926.site.10, 0, 117, 117
411483.3.peg.926.site.11, 7, 115, 122
411483.3.peg.926.site.12, 1, 143, 144
411483.3.peg.926.site.13, 1, 146, 147
411483.3.peg.926.site.14, 16, 147, 163
411483.3.peg.926.site.15, 7, 143, 150
411483.3.peg.926.site.16, 1, 149, 150
411483.3.peg.926.site.17, 124, 142, 266
411483.3.peg.926.site.18, 64, 137, 201
411483.3.peg.926.site.19, 20, 133, 153
411483.3.peg.926.site.20, 2, 148, 150
411483.3.peg.926.site.21, 1, 152, 153
411483.3.peg.926.site.22, 0, 151, 151
411483.3.peg.926.site.23, 5, 152, 157
411483.3.peg.926.site.24, 6, 153, 159
411483.3.peg.926.site.25, 3, 152, 155
411483.3.peg.926.site.26, 2, 154, 156
411483.3.peg.926.site.27, 5, 151, 156
411483.3.peg.926.site.28, 0, 151, 151
411483.3.peg.926.site.29, 0, 151, 151
411483.3.peg.926.site.30, 0, 153, 153
411483.3.peg.926.site.31, 3, 149, 152
411483.3.peg.926.site.32, 5, 152, 157
411483.3.peg.926.site.33, 0, 154, 154
411483.3.peg.926.site.34, 1, 153, 154
411483.3.peg.926.site.35, 0, 154, 154
411483.3.peg.926.site.36, 0, 154, 154
411483.3.peg.926.site.37, 6, 153, 159
411483.3.peg.926.site.38, 0, 153, 153
411483.3.peg.926.site.39, 2, 155, 157
411483.3.peg.926.site.40, 0, 155, 155
411483.3.peg.926.site.41, 1, 152, 153
411483.3.peg.926.site.42, 16, 148, 164
411483.3.peg.926.site.43, 20, 154, 174
411483.3.peg.926.site.44, 34, 153, 187
411483.3.peg.926.site.45, 7, 146, 153
411483.3.peg.926.site.46, 9, 154, 163
411483.3.peg.926.site.47, 0, 151, 151
411483.3.peg.926.site.48, 4, 153, 157
411483.3.peg.926.site.49, 1, 154, 155
411483.3.peg.926.site.50, 2, 152, 154
411483.3.peg.926.site.51, 3, 144, 147
411483.3.peg.926.site.52, 2, 149, 151
411483.3.peg.926.site.53, 0, 145, 145
411483.3.peg.926.site.54, 26, 146, 172
411483.3.peg.926.site.55, 0, 148, 148
411483.3.peg.926.site.56, 2, 145, 147
411483.3.peg.926.site.57, 17, 148, 165
411483.3.peg.926.site.58, 7, 149, 156
411483.3.peg.926.site.59, 37, 134, 171
411483.3.peg.926.site.60, 46, 135, 181
411483.3.peg.926.site.61, 47, 136, 183
411483.3.peg.926.site.62, 7, 141, 148
411483.3.peg.926.site.63, 16, 141, 157
411483.3.peg.926.site.64, 6, 144, 150
411483.3.peg.926.site.65, 1, 145, 146
411483.3.peg.926.site.66, 2, 145, 147
411483.3.peg.926.site.67, 9, 144, 153
411483.3.peg.926.site.68, 42, 134, 176
411483.3.peg.926.site.69, 0, 150, 150
411483.3.peg.926.site.70, 3, 153, 156
411483.3.peg.926.site.71, 3, 154, 157
411483.3.peg.926.site.72, 5, 153, 158
411483.3.peg.926.site.73, 25, 147, 172
411483.3.peg.926.site.74, 7, 144, 151
411483.3.peg.926.site.75, 2, 141, 143
411483.3.peg.926.site.76, 10, 134, 144
411483.3.peg.926.site.77, 1, 131, 132
411483.3.peg.926.site.78, 13, 132, 145
411483.3.peg.926.site.79, 3, 133, 136
411483.3.peg.926.site.80, 2, 144, 146
411483.3.peg.926.site.81, 3, 148, 151
411483.3.peg.926.site.82, 2, 150, 152
411483.3.peg.926.site.83, 7, 154, 161
411483.3.peg.926.site.84, 0, 153, 153
411483.3.peg.2069.site.1, 16, 126, 142
411483.3.peg.2069.site.2, 62, 123, 185
411483.3.peg.2069.site.3, 44, 121, 165
411483.3.peg.2069.site.4, 2, 128, 130
411483.3.peg.2069.site.5, 22, 115, 137
411483.3.peg.2069.site.6, 3, 120, 123
411483.3.peg.2069.site.7, 1, 119, 120
411483.3.peg.2069.site.8, 5, 119, 124
411483.3.peg.2069.site.9, 3, 122, 125
411483.3.peg.2069.site.10, 8, 130, 138
411483.3.peg.2069.site.11, 11, 130, 141
411483.3.peg.2069.site.12, 3, 133, 136
411483.3.peg.2069.site.13, 1, 135, 136
411483.3.peg.2069.site.14, 1, 134, 135
411483.3.peg.2069.site.15, 2, 138, 140
411483.3.peg.2069.site.16, 0, 145, 145
411483.3.peg.2069.site.17, 21, 142, 163
411483.3.peg.2069.site.18, 3, 148, 151
411483.3.peg.2069.site.19, 5, 149, 154
411483.3.peg.2069.site.20, 8, 152, 160
411483.3.peg.2069.site.21, 52, 142, 194
411483.3.peg.2069.site.22, 6, 151, 157
411483.3.peg.2069.site.23, 1, 148, 149
411483.3.peg.2069.site.24, 2, 149, 151
411483.3.peg.2069.site.25, 9, 150, 159
411483.3.peg.2069.site.26, 0, 146, 146
411483.3.peg.2069.site.27, 141, 145, 286
411483.3.peg.2069.site.28, 3, 150, 153
411483.3.peg.2069.site.29, 1, 151, 152
411483.3.peg.2069.site.30, 5, 154, 159
411483.3.peg.2069.site.31, 32, 146, 178
411483.3.peg.2069.site.32, 19, 150, 169
411483.3.peg.2069.site.33, 1, 154, 155
411483.3.peg.2069.site.34, 1, 151, 152
411483.3.peg.2069.site.35, 1, 151, 152
411483.3.peg.2069.site.36, 129, 136, 265
411483.3.peg.2069.site.37, 2, 154, 156
411483.3.peg.2069.site.38, 1, 154, 155
411483.3.peg.2069.site.39, 7, 154, 161
411483.3.peg.2069.site.40, 17, 148, 165
411483.3.peg.2069.site.41, 3, 153, 156
411483.3.peg.2069.site.42, 1, 151, 152
411483.3.peg.2069.site.43, 10, 149, 159
411483.3.peg.2069.site.44, 0, 151, 151
411483.3.peg.2069.site.45, 0, 149, 149
411483.3.peg.2069.site.46, 2, 148, 150
411483.3.peg.2069.site.47, 1, 145, 146
411483.3.peg.2069.site.48, 7, 147, 154
411483.3.peg.2069.site.49, 10, 140, 150
411483.3.peg.2069.site.50, 1, 154, 155
411483.3.peg.2069.site.51, 1, 154, 155
411483.3.peg.2069.site.52, 1, 153, 154
411483.3.peg.2069.site.53, 145, 147, 292
411483.3.peg.2069.site.54, 2, 153, 155
411483.3.peg.2069.site.55, 5, 154, 159
411483.3.peg.2069.site.56, 1, 155, 156
411483.3.peg.2069.site.57, 0, 153, 153
411483.3.peg.2069.site.58, 1, 154, 155
411483.3.peg.2069.site.59, 34, 150, 184
411483.3.peg.2069.site.60, 14, 149, 163
411483.3.peg.291.site.1, 2, 153, 155
411483.3.peg.291.site.2, 4, 154, 158
411483.3.peg.291.site.3, 13, 150, 163
411483.3.peg.291.site.4, 1, 155, 156
411483.3.peg.291.site.5, 10, 149, 159
411483.3.peg.291.site.6, 5, 153, 158
411483.3.peg.291.site.7, 3, 150, 153
411483.3.peg.291.site.8, 1, 150, 151
411483.3.peg.291.site.9, 8, 150, 158
411483.3.peg.291.site.10, 4, 146, 150
411483.3.peg.291.site.11, 0, 126, 126
411483.3.peg.291.site.12, 1, 122, 123
411483.3.peg.291.site.13, 3, 123, 126
411483.3.peg.291.site.14, 0, 122, 122
411483.3.peg.291.site.15, 2, 122, 124
411483.3.peg.291.site.16, 1, 138, 139
411483.3.peg.291.site.17, 1, 145, 146
411483.3.peg.291.site.18, 4, 132, 136
411483.3.peg.291.site.19, 128, 128, 256
411483.3.peg.291.site.20, 8, 123, 131
411483.3.peg.291.site.21, 8, 119, 127
411483.3.peg.291.site.22, 18, 123, 141
411483.3.peg.291.site.23, 41, 122, 163
411483.3.peg.291.site.24, 8, 128, 136
411483.3.peg.291.site.25, 4, 135, 139
411483.3.peg.291.site.26, 1, 134, 135
411483.3.peg.291.site.27, 2, 140, 142
411483.3.peg.291.site.28, 2, 133, 135
411483.3.peg.291.site.29, 6, 116, 122
411483.3.peg.291.site.30, 2, 118, 120
411483.3.peg.291.site.31, 0, 110, 110
411483.3.peg.291.site.32, 1, 113, 114
411483.3.peg.291.site.33, 2, 109, 111
411483.3.peg.291.site.34, 2, 112, 114
411483.3.peg.291.site.35, 1, 124, 125
411483.3.peg.291.site.36, 5, 131, 136
411483.3.peg.291.site.37, 3, 149, 152
411483.3.peg.291.site.38, 1, 150, 151
411483.3.peg.291.site.39, 3, 152, 155
411483.3.peg.291.site.40, 0, 151, 151
411483.3.peg.291.site.41, 13, 148, 161
411483.3.peg.291.site.42, 10, 150, 160
411483.3.peg.291.site.43, 4, 148, 152
411483.3.peg.291.site.44, 6, 152, 158
411483.3.peg.291.site.45, 3, 151, 154
411483.3.peg.2061.site.1, 0, 143, 143
411483.3.peg.2061.site.2, 2, 145, 147
411483.3.peg.2061.site.3, 1, 144, 145
411483.3.peg.2061.site.4, 1, 143, 144
411483.3.peg.2061.site.5, 3, 146, 149
411483.3.peg.2061.site.6, 1, 146, 147
411483.3.peg.2061.site.7, 1, 147, 148
411483.3.peg.2061.site.8, 1, 146, 147
411483.3.peg.2061.site.9, 1, 137, 138
411483.3.peg.2061.site.10, 1, 142, 143
411483.3.peg.2061.site.11, 10, 136, 146
411483.3.peg.2061.site.12, 0, 131, 131
411483.3.peg.2061.site.13, 1, 130, 131
411483.3.peg.2061.site.14, 2, 136, 138
411483.3.peg.2061.site.15, 1, 137, 138
411483.3.peg.2061.site.16, 1, 138, 139
411483.3.peg.2061.site.17, 1, 120, 121
411483.3.peg.2061.site.18, 8, 140, 148
411483.3.peg.2061.site.19, 2, 142, 144
411483.3.peg.2061.site.20, 10, 142, 152
411483.3.peg.2061.site.21, 1, 144, 145
411483.3.peg.2061.site.22, 14, 139, 153
411483.3.peg.2061.site.23, 16, 148, 164
411483.3.peg.2061.site.24, 6, 150, 156
411483.3.peg.2061.site.25, 3, 151, 154
411483.3.peg.2061.site.26, 1, 149, 150
411483.3.peg.2061.site.27, 130, 137, 267
411483.3.peg.2061.site.28, 2, 140, 142
411483.3.peg.2061.site.29, 0, 138, 138
411483.3.peg.2061.site.30, 2, 131, 133
411483.3.peg.2061.site.31, 3, 141, 144
411483.3.peg.2061.site.32, 1, 134, 135
411483.3.peg.2061.site.33, 3, 149, 152
411483.3.peg.2061.site.34, 3, 145, 148
411483.3.peg.2061.site.35, 2, 145, 147
411483.3.peg.2061.site.36, 3, 148, 151
411483.3.peg.2061.site.37, 24, 144, 168
411483.3.peg.2061.site.38, 23, 137, 160
411483.3.peg.2061.site.39, 3, 149, 152
411483.3.peg.2061.site.40, 2, 148, 150
411483.3.peg.2061.site.41, 1, 151, 152
411483.3.peg.2061.site.42, 4, 143, 147
411483.3.peg.2061.site.43, 2, 151, 153
411483.3.peg.2061.site.44, 6, 148, 154
411483.3.peg.2061.site.45, 4, 148, 152
411483.3.peg.2061.site.46, 1, 154, 155
411483.3.peg.2061.site.47, 18, 149, 167
411483.3.peg.2061.site.48, 0, 151, 151
411483.3.peg.2061.site.49, 2, 154, 156
411483.3.peg.2061.site.50, 2, 154, 156
411483.3.peg.2061.site.51, 7, 153, 160
411483.3.peg.2061.site.52, 13, 152, 165
411483.3.peg.2061.site.53, 0, 150, 150
411483.3.peg.2061.site.54, 10, 149, 159
411483.3.peg.2061.site.55, 4, 149, 153
411483.3.peg.2061.site.56, 2, 145, 147
411483.3.peg.2061.site.57, 2, 148, 150
411483.3.peg.2061.site.58, 126, 143, 269
411483.3.peg.2061.site.59, 100, 140, 240
411483.3.peg.2061.site.60, 1, 149, 150
411483.3.peg.2061.site.61, 4, 153, 157
411483.3.peg.2061.site.62, 10, 150, 160
411483.3.peg.2061.site.63, 2, 152, 154
411483.3.peg.2061.site.64, 1, 153, 154
411483.3.peg.2061.site.65, 1, 150, 151
411483.3.peg.2061.site.66, 0, 150, 150
411483.3.peg.2061.site.67, 2, 151, 153
411483.3.peg.2061.site.68, 3, 151, 154
411483.3.peg.2061.site.69, 0, 151, 151
411483.3.peg.2061.site.70, 2, 151, 153
411483.3.peg.2061.site.71, 2, 146, 148
411483.3.peg.2061.site.72, 2, 147, 149
411483.3.peg.2061.site.73, 8, 144, 152
411483.3.peg.2061.site.74, 32, 126, 158
411483.3.peg.2061.site.75, 2, 142, 144
411483.3.peg.2061.site.76, 6, 132, 138
411483.3.peg.2061.site.77, 0, 143, 143
411483.3.peg.2061.site.78, 0, 145, 145
411483.3.peg.2061.site.79, 0, 144, 144
411483.3.peg.2061.site.80, 19, 137, 156
411483.3.peg.2061.site.81, 1, 141, 142
411483.3.peg.2061.site.82, 0, 132, 132
411483.3.peg.2061.site.83, 0, 127, 127
411483.3.peg.2061.site.84, 3, 133, 136
411483.3.peg.2061.site.85, 4, 143, 147
411483.3.peg.2061.site.86, 1, 148, 149
411483.3.peg.2061.site.87, 19, 145, 164
411483.3.peg.2060.site.1, 0, 136, 136
411483.3.peg.2060.site.2, 0, 128, 128
411483.3.peg.2060.site.3, 2, 127, 129
411483.3.peg.2060.site.4, 4, 142, 146
411483.3.peg.2060.site.5, 1, 141, 142
411483.3.peg.2060.site.6, 2, 144, 146
411483.3.peg.2060.site.7, 11, 143, 154
411483.3.peg.2060.site.8, 2, 153, 155
411483.3.peg.2060.site.9, 13, 146, 159
411483.3.peg.2060.site.10, 0, 153, 153
411483.3.peg.2060.site.11, 6, 153, 159
411483.3.peg.2060.site.12, 0, 153, 153
411483.3.peg.2060.site.13, 5, 150, 155
411483.3.peg.2060.site.14, 4, 144, 148
411483.3.peg.2060.site.15, 0, 141, 141
411483.3.peg.2060.site.16, 1, 126, 127
411483.3.peg.2060.site.17, 3, 127, 130
411483.3.peg.2060.site.18, 1, 128, 129
411483.3.peg.2060.site.19, 1, 104, 105
411483.3.peg.2060.site.20, 3, 121, 124
411483.3.peg.2060.site.21, 3, 128, 131
411483.3.peg.2060.site.22, 6, 120, 126
411483.3.peg.2060.site.23, 13, 132, 145
411483.3.peg.2060.site.24, 8, 133, 141
411483.3.peg.2060.site.25, 6, 142, 148
411483.3.peg.2060.site.26, 2, 137, 139
411483.3.peg.2060.site.27, 0, 150, 150
411483.3.peg.2060.site.28, 3, 152, 155
411483.3.peg.2060.site.29, 0, 153, 153
411483.3.peg.2060.site.30, 0, 153, 153
411483.3.peg.2060.site.31, 4, 153, 157
411483.3.peg.2060.site.32, 6, 152, 158
411483.3.peg.2060.site.33, 3, 149, 152
411483.3.peg.2060.site.34, 3, 149, 152
411483.3.peg.2060.site.35, 6, 152, 158
411483.3.peg.2060.site.36, 1, 154, 155
411483.3.peg.2060.site.37, 6, 153, 159
411483.3.peg.2060.site.38, 3, 153, 156
411483.3.peg.2060.site.39, 2, 153, 155
411483.3.peg.2060.site.40, 1, 154, 155
411483.3.peg.2060.site.41, 2, 154, 156
411483.3.peg.2060.site.42, 15, 147, 162
411483.3.peg.2060.site.43, 2, 152, 154
411483.3.peg.2060.site.44, 4, 143, 147
411483.3.peg.2060.site.45, 0, 149, 149
411483.3.peg.2060.site.46, 7, 148, 155
411483.3.peg.2060.site.47, 6, 146, 152
411483.3.peg.2060.site.48, 1, 155, 156
411483.3.peg.2060.site.49, 10, 152, 162
411483.3.peg.2060.site.50, 0, 154, 154
411483.3.peg.2060.site.51, 12, 150, 162
411483.3.peg.2060.site.52, 16, 146, 162
411483.3.peg.2060.site.53, 10, 149, 159
411483.3.peg.2060.site.54, 2, 154, 156
411483.3.peg.2060.site.55, 1, 154, 155
411483.3.peg.2060.site.56, 2, 151, 153
411483.3.peg.2060.site.57, 2, 154, 156
411483.3.peg.2060.site.58, 2, 154, 156
411483.3.peg.2060.site.59, 11, 154, 165
411483.3.peg.2060.site.60, 9, 155, 164
411483.3.peg.2060.site.61, 18, 152, 170
411483.3.peg.2060.site.62, 1, 155, 156
411483.3.peg.2060.site.63, 6, 153, 159
411483.3.peg.2060.site.64, 4, 152, 156
411483.3.peg.2060.site.65, 1, 151, 152
411483.3.peg.2060.site.66, 8, 150, 158
411483.3.peg.2060.site.67, 25, 152, 177
411483.3.peg.2060.site.68, 2, 154, 156
411483.3.peg.2060.site.69, 1, 155, 156
411483.3.peg.2060.site.70, 1, 154, 155
411483.3.peg.2060.site.71, 1, 155, 156
411483.3.peg.2063.site.1, 1, 152, 153
411483.3.peg.2063.site.2, 5, 144, 149
411483.3.peg.2063.site.3, 0, 140, 140
411483.3.peg.2063.site.4, 1, 149, 150
411483.3.peg.2063.site.5, 1, 150, 151
411483.3.peg.2063.site.6, 4, 148, 152
411483.3.peg.2063.site.7, 1, 153, 154
411483.3.peg.2063.site.8, 0, 147, 147
411483.3.peg.2063.site.9, 2, 138, 140
411483.3.peg.2063.site.10, 2, 132, 134
411483.3.peg.2063.site.11, 2, 124, 126
411483.3.peg.2063.site.12, 0, 147, 147
411483.3.peg.2063.site.13, 0, 142, 142
411483.3.peg.2063.site.14, 0, 148, 148
411483.3.peg.2063.site.15, 4, 145, 149
411483.3.peg.2062.site.1, 1, 150, 151
411483.3.peg.2062.site.2, 2, 152, 154
411483.3.peg.2062.site.3, 3, 147, 150
411483.3.peg.2062.site.4, 55, 143, 198
411483.3.peg.2062.site.5, 0, 148, 148
411483.3.peg.2062.site.6, 35, 143, 178
411483.3.peg.2062.site.7, 1, 152, 153
411483.3.peg.2062.site.8, 1, 153, 154
411483.3.peg.2062.site.9, 1, 154, 155
411483.3.peg.2062.site.10, 0, 154, 154
411483.3.peg.2062.site.11, 6, 151, 157
411483.3.peg.2062.site.12, 15, 154, 169
411483.3.peg.2062.site.13, 1, 154, 155
411483.3.peg.2062.site.14, 2, 152, 154
411483.3.peg.2062.site.15, 3, 153, 156
411483.3.peg.2062.site.16, 130, 142, 272
411483.3.peg.2062.site.17, 6, 146, 152
411483.3.peg.2062.site.18, 4, 148, 152
411483.3.peg.2062.site.19, 0, 144, 144
411483.3.peg.2062.site.20, 63, 136, 199
411483.3.peg.2062.site.21, 3, 143, 146
411483.3.peg.2062.site.22, 1, 145, 146
411483.3.peg.2062.site.23, 0, 144, 144
411483.3.peg.2062.site.24, 3, 147, 150
411483.3.peg.2062.site.25, 12, 149, 161
411483.3.peg.2062.site.26, 1, 153, 154
411483.3.peg.2062.site.27, 0, 153, 153
411483.3.peg.2062.site.28, 12, 151, 163
411483.3.peg.2062.site.29, 1, 152, 153
411483.3.peg.2062.site.30, 13, 151, 164
411483.3.peg.2062.site.31, 9, 147, 156
411483.3.peg.2062.site.32, 1, 153, 154
411483.3.peg.2062.site.33, 2, 153, 155
411483.3.peg.2062.site.34, 10, 146, 156
411483.3.peg.2062.site.35, 0, 148, 148
411483.3.peg.2062.site.36, 0, 148, 148
411483.3.peg.2062.site.37, 3, 152, 155
411483.3.peg.2062.site.38, 61, 140, 201
411483.3.peg.2062.site.39, 21, 146, 167
411483.3.peg.2062.site.40, 7, 146, 153
411483.3.peg.2062.site.41, 19, 145, 164
411483.3.peg.2062.site.42, 1, 149, 150
411483.3.peg.2062.site.43, 6, 154, 160
411483.3.peg.2062.site.44, 3, 151, 154
411483.3.peg.2062.site.45, 4, 152, 156
411483.3.peg.2062.site.46, 42, 142, 184
411483.3.peg.2062.site.47, 2, 154, 156
411483.3.peg.2062.site.48, 1, 155, 156
411483.3.peg.2062.site.49, 9, 153, 162
411483.3.peg.2062.site.50, 1, 153, 154
411483.3.peg.2062.site.51, 8, 150, 158
411483.3.peg.2062.site.52, 2, 151, 153
411483.3.peg.2062.site.53, 9, 147, 156
411483.3.peg.2062.site.54, 5, 149, 154
411483.3.peg.2062.site.55, 2, 150, 152
411483.3.peg.2062.site.56, 6, 148, 154
411483.3.peg.2062.site.57, 4, 141, 145
411483.3.peg.2062.site.58, 1, 144, 145
411483.3.peg.2062.site.59, 2, 143, 145
411483.3.peg.2062.site.60, 29, 127, 156
411483.3.peg.2062.site.61, 1, 133, 134
411483.3.peg.2062.site.62, 1, 128, 129
411483.3.peg.2062.site.63, 1, 118, 119
411483.3.peg.2062.site.64, 4, 131, 135
411483.3.peg.2062.site.65, 5, 129, 134
411483.3.peg.2062.site.66, 8, 127, 135
411483.3.peg.2062.site.67, 9, 124, 133
411483.3.peg.2062.site.68, 115, 126, 241
411483.3.peg.2062.site.69, 2, 135, 137
411483.3.peg.2062.site.70, 1, 140, 141
411483.3.peg.2062.site.71, 0, 139, 139
411483.3.peg.2062.site.72, 2, 139, 141
411483.3.peg.2062.site.73, 2, 144, 146
411483.3.peg.2062.site.74, 4, 142, 146
411483.3.peg.2062.site.75, 0, 141, 141
411483.3.peg.2062.site.76, 2, 143, 145
411483.3.peg.2062.site.77, 8, 140, 148
411483.3.peg.2062.site.78, 3, 144, 147
411483.3.peg.2062.site.79, 35, 128, 163
411483.3.peg.2062.site.80, 7, 140, 147
411483.3.peg.2062.site.81, 1, 137, 138
411483.3.peg.2062.site.82, 5, 138, 143
411483.3.peg.2062.site.83, 3, 134, 137
411483.3.peg.2062.site.84, 1, 124, 125
411483.3.peg.2062.site.85, 3, 120, 123
411483.3.peg.2062.site.86, 26, 124, 150
411483.3.peg.2062.site.87, 2, 126, 128
411483.3.peg.2062.site.88, 2, 134, 136
411483.3.peg.2062.site.89, 1, 143, 144
411483.3.peg.2062.site.90, 1, 143, 144
411483.3.peg.2062.site.91, 2, 133, 135
411483.3.peg.2062.site.92, 0, 142, 142
411483.3.peg.2062.site.93, 1, 139, 140
411483.3.peg.2062.site.94, 5, 119, 124
411483.3.peg.2062.site.95, 9, 118, 127
411483.3.peg.2062.site.96, 9, 127, 136
411483.3.peg.2062.site.97, 3, 135, 138
411483.3.peg.2062.site.98, 1, 144, 145
411483.3.peg.2062.site.99, 1, 147, 148
411483.3.peg.2062.site.100, 6, 142, 148
411483.3.peg.2062.site.101, 1, 134, 135
411483.3.peg.2062.site.102, 3, 128, 131
411483.3.peg.2062.site.103, 4, 120, 124
411483.3.peg.2062.site.104, 33, 104, 137
411483.3.peg.2062.site.105, 64, 98, 162
411483.3.peg.2062.site.106, 1, 101, 102
411483.3.peg.2062.site.107, 51, 97, 148
411483.3.peg.2062.site.108, 0, 112, 112
411483.3.peg.2062.site.109, 3, 119, 122
411483.3.peg.2062.site.110, 9, 126, 135
411483.3.peg.2062.site.111, 2, 139, 141
411483.3.peg.2062.site.112, 16, 133, 149
411483.3.peg.2062.site.113, 0, 141, 141
411483.3.peg.2062.site.114, 0, 149, 149
411483.3.peg.2062.site.115, 10, 150, 160
411483.3.peg.2062.site.116, 3, 145, 148
411483.3.peg.2062.site.117, 6, 147, 153
411483.3.peg.2062.site.118, 0, 148, 148
411483.3.peg.2062.site.119, 11, 149, 160
411483.3.peg.2062.site.120, 1, 150, 151
411483.3.peg.2062.site.121, 8, 144, 152
411483.3.peg.2062.site.122, 2, 149, 151
411483.3.peg.2062.site.123, 7, 151, 158
411483.3.peg.2062.site.124, 17, 138, 155
411483.3.peg.2062.site.125, 10, 145, 155
411483.3.peg.2062.site.126, 3, 145, 148
411483.3.peg.2062.site.127, 12, 139, 151
411483.3.peg.2062.site.128, 0, 143, 143
411483.3.peg.2062.site.129, 0, 140, 140
411483.3.peg.2062.site.130, 61, 128, 189
411483.3.peg.2062.site.131, 1, 143, 144
411483.3.peg.2062.site.132, 5, 132, 137
411483.3.peg.2062.site.133, 1, 136, 137
411483.3.peg.2062.site.134, 11, 142, 153
411483.3.peg.2065.site.1, 0, 155, 155
411483.3.peg.2065.site.2, 2, 154, 156
411483.3.peg.2065.site.3, 0, 155, 155
411483.3.peg.2065.site.4, 9, 151, 160
411483.3.peg.2064.site.1, 7, 138, 145
411483.3.peg.2064.site.2, 3, 135, 138
411483.3.peg.2064.site.3, 0, 138, 138
411483.3.peg.2064.site.4, 5, 141, 146
411483.3.peg.2064.site.5, 15, 140, 155
411483.3.peg.2064.site.6, 1, 146, 147
411483.3.peg.2064.site.7, 1, 136, 137
411483.3.peg.2064.site.8, 5, 143, 148
411483.3.peg.2064.site.9, 1, 143, 144
411483.3.peg.2064.site.10, 11, 141, 152
411483.3.peg.2064.site.11, 8, 146, 154
411483.3.peg.2064.site.12, 129, 146, 275
411483.3.peg.2064.site.13, 12, 147, 159
411483.3.peg.2064.site.14, 2, 153, 155
411483.3.peg.2064.site.15, 44, 140, 184
411483.3.peg.2064.site.16, 2, 153, 155
411483.3.peg.2064.site.17, 6, 148, 154
411483.3.peg.2064.site.18, 11, 149, 160
411483.3.peg.2064.site.19, 7, 145, 152
411483.3.peg.2064.site.20, 1, 153, 154
411483.3.peg.2064.site.21, 1, 152, 153
411483.3.peg.2064.site.22, 4, 150, 154
411483.3.peg.2064.site.23, 6, 149, 155
411483.3.peg.2064.site.24, 0, 152, 152
411483.3.peg.2064.site.25, 4, 150, 154
411483.3.peg.2064.site.26, 1, 150, 151
411483.3.peg.2064.site.27, 1, 147, 148
411483.3.peg.2064.site.28, 3, 148, 151
411483.3.peg.2064.site.29, 93, 140, 233
411483.3.peg.2064.site.30, 4, 143, 147
411483.3.peg.2064.site.31, 0, 146, 146
411483.3.peg.2064.site.32, 3, 141, 144
411483.3.peg.2064.site.33, 51, 135, 186
411483.3.peg.2064.site.34, 6, 143, 149
411483.3.peg.2064.site.35, 22, 138, 160
411483.3.peg.2064.site.36, 3, 150, 153
411483.3.peg.2064.site.37, 8, 150, 158
411483.3.peg.2064.site.38, 3, 150, 153
411483.3.peg.2064.site.39, 4, 150, 154
411483.3.peg.2064.site.40, 0, 151, 151
411483.3.peg.2064.site.41, 2, 152, 154
411483.3.peg.2064.site.42, 7, 151, 158
411483.3.peg.2064.site.43, 2, 153, 155
411483.3.peg.2064.site.44, 5, 151, 156
411483.3.peg.2064.site.45, 1, 147, 148
411483.3.peg.2064.site.46, 6, 146, 152
411483.3.peg.2064.site.47, 1, 141, 142
411483.3.peg.2064.site.48, 74, 138, 212
411483.3.peg.2064.site.49, 2, 143, 145
411483.3.peg.2064.site.50, 5, 143, 148
411483.3.peg.2064.site.51, 106, 135, 241
411483.3.peg.2064.site.52, 4, 145, 149
411483.3.peg.2064.site.53, 60, 136, 196
411483.3.peg.2064.site.54, 13, 137, 150
411483.3.peg.2064.site.55, 2, 139, 141
411483.3.peg.2064.site.56, 12, 136, 148
411483.3.peg.2064.site.57, 3, 141, 144
411483.3.peg.2064.site.58, 0, 140, 140
411483.3.peg.2064.site.59, 2, 140, 142
411483.3.peg.2064.site.60, 3, 143, 146
411483.3.peg.2064.site.61, 2, 140, 142
411483.3.peg.2064.site.62, 3, 138, 141
411483.3.peg.2064.site.63, 130, 132, 262
411483.3.peg.2064.site.64, 76, 121, 197
411483.3.peg.2064.site.65, 2, 124, 126
411483.3.peg.2064.site.66, 4, 119, 123
411483.3.peg.2064.site.67, 21, 104, 125
411483.3.peg.2064.site.68, 2, 107, 109
411483.3.peg.2064.site.69, 5, 111, 116
411483.3.peg.2064.site.70, 3, 109, 112
411483.3.peg.2064.site.71, 5, 113, 118
411483.3.peg.2064.site.72, 2, 114, 116
411483.3.peg.2064.site.73, 2, 119, 121
411483.3.peg.2064.site.74, 15, 130, 145
411483.3.peg.2064.site.75, 24, 132, 156
411483.3.peg.2064.site.76, 3, 137, 140
411483.3.peg.2064.site.77, 17, 137, 154
411483.3.peg.2064.site.78, 20, 139, 159
411483.3.peg.2064.site.79, 13, 146, 159
411483.3.peg.2064.site.80, 9, 140, 149
411483.3.peg.2064.site.81, 3, 143, 146
411483.3.peg.2064.site.82, 0, 144, 144
411483.3.peg.2064.site.83, 2, 147, 149
411483.3.peg.2064.site.84, 3, 143, 146
411483.3.peg.2064.site.85, 12, 142, 154
411483.3.peg.2064.site.86, 1, 145, 146
411483.3.peg.2064.site.87, 1, 143, 144
411483.3.peg.2064.site.88, 1, 129, 130
411483.3.peg.2064.site.89, 14, 132, 146
411483.3.peg.2064.site.90, 1, 141, 142
411483.3.peg.2064.site.91, 3, 136, 139
411483.3.peg.2064.site.92, 0, 134, 134
411483.3.peg.2064.site.93, 5, 142, 147
411483.3.peg.2064.site.94, 104, 136, 240
411483.3.peg.2064.site.95, 14, 140, 154
411483.3.peg.2064.site.96, 40, 140, 180
411483.3.peg.2064.site.97, 16, 143, 159
411483.3.peg.2064.site.98, 1, 148, 149
411483.3.peg.2064.site.99, 3, 146, 149
411483.3.peg.2064.site.100, 1, 120, 121
411483.3.peg.2064.site.101, 2, 95, 97
411483.3.peg.2064.site.102, 2, 87, 89
411483.3.peg.2064.site.103, 55, 76, 131
411483.3.peg.2064.site.104, 54, 76, 130
411483.3.peg.2064.site.105, 1, 75, 76
411483.3.peg.2064.site.106, 6, 64, 70
411483.3.peg.2064.site.107, 65, 74, 139
411483.3.peg.2064.site.108, 0, 85, 85
411483.3.peg.2064.site.109, 1, 102, 103
411483.3.peg.2064.site.110, 5, 124, 129
411483.3.peg.2064.site.111, 1, 132, 133
411483.3.peg.2064.site.112, 15, 128, 143
411483.3.peg.2064.site.113, 0, 137, 137
411483.3.peg.2064.site.114, 0, 139, 139
411483.3.peg.2064.site.115, 1, 145, 146
411483.3.peg.2064.site.116, 0, 141, 141
411483.3.peg.2064.site.117, 6, 144, 150
411483.3.peg.2064.site.118, 2, 142, 144
411483.3.peg.2064.site.119, 87, 133, 220
411483.3.peg.2064.site.120, 2, 140, 142
411483.3.peg.2064.site.121, 3, 141, 144
411483.3.peg.2064.site.122, 0, 145, 145
411483.3.peg.2064.site.123, 14, 132, 146
411483.3.peg.2064.site.124, 6, 135, 141
411483.3.peg.2064.site.125, 0, 138, 138
411483.3.peg.2064.site.126, 8, 141, 149
411483.3.peg.2064.site.127, 0, 136, 136
411483.3.peg.2064.site.128, 11, 141, 152
411483.3.peg.2064.site.129, 0, 148, 148
411483.3.peg.2064.site.130, 1, 138, 139
411483.3.peg.2064.site.131, 5, 150, 155
411483.3.peg.2064.site.132, 24, 154, 178
411483.3.peg.2742.site.1, 2, 150, 152
411483.3.peg.2742.site.2, 19, 143, 162
411483.3.peg.2742.site.3, 1, 148, 149
411483.3.peg.2742.site.4, 0, 137, 137
411483.3.peg.2742.site.5, 9, 132, 141
411483.3.peg.2742.site.6, 15, 142, 157
411483.3.peg.2742.site.7, 1, 144, 145
411483.3.peg.2742.site.8, 0, 146, 146
411483.3.peg.2742.site.9, 5, 146, 151
411483.3.peg.2742.site.10, 6, 152, 158
411483.3.peg.2742.site.11, 1, 152, 153
411483.3.peg.2742.site.12, 120, 149, 269
411483.3.peg.2742.site.13, 6, 155, 161
411483.3.peg.2742.site.14, 16, 149, 165
411483.3.peg.2742.site.15, 9, 150, 159
411483.3.peg.2742.site.16, 21, 141, 162
411483.3.peg.2742.site.17, 1, 127, 128
411483.3.peg.2742.site.18, 0, 140, 140
411483.3.peg.2742.site.19, 147, 147, 294
411483.3.peg.2742.site.20, 2, 151, 153
411483.3.peg.2742.site.21, 6, 151, 157
411483.3.peg.2742.site.22, 5, 152, 157
411483.3.peg.2742.site.23, 3, 154, 157
411483.3.peg.2742.site.24, 0, 153, 153
411483.3.peg.2742.site.25, 1, 152, 153
411483.3.peg.2742.site.26, 1, 151, 152
411483.3.peg.2742.site.27, 9, 149, 158
411483.3.peg.2742.site.28, 1, 153, 154
411483.3.peg.2742.site.29, 3, 153, 156
411483.3.peg.2742.site.30, 9, 152, 161
411483.3.peg.2742.site.31, 0, 152, 152
411483.3.peg.2742.site.32, 0, 146, 146
411483.3.peg.2742.site.33, 1, 151, 152
411483.3.peg.2742.site.34, 1, 150, 151
411483.3.peg.2742.site.35, 3, 153, 156
411483.3.peg.2742.site.36, 0, 149, 149
411483.3.peg.2742.site.37, 3, 153, 156
411483.3.peg.2742.site.38, 0, 153, 153
411483.3.peg.2742.site.39, 4, 152, 156
411483.3.peg.2742.site.40, 14, 149, 163
411483.3.peg.2742.site.41, 9, 152, 161
411483.3.peg.2742.site.42, 37, 148, 185
411483.3.peg.2742.site.43, 0, 154, 154
411483.3.peg.2742.site.44, 6, 154, 160
411483.3.peg.2742.site.45, 9, 153, 162
411483.3.peg.2742.site.46, 5, 152, 157
411483.3.peg.2742.site.47, 0, 152, 152
411483.3.peg.2742.site.48, 8, 151, 159
411483.3.peg.2742.site.49, 1, 151, 152
411483.3.peg.2742.site.50, 7, 145, 152
411483.3.peg.2742.site.51, 35, 140, 175
411483.3.peg.2742.site.52, 9, 142, 151
411483.3.peg.2742.site.53, 1, 150, 151
411483.3.peg.2742.site.54, 14, 152, 166
411483.3.peg.2742.site.55, 36, 145, 181
411483.3.peg.2066.site.1, 23, 151, 174
411483.3.peg.2066.site.2, 14, 153, 167
411483.3.peg.2066.site.3, 31, 149, 180
411483.3.peg.2066.site.4, 6, 153, 159
411483.3.peg.2066.site.5, 2, 155, 157
411483.3.peg.2066.site.6, 1, 155, 156
411483.3.peg.2066.site.7, 3, 155, 158
411483.3.peg.2066.site.8, 0, 154, 154
411483.3.peg.2066.site.9, 0, 152, 152
411483.3.peg.2066.site.10, 0, 152, 152
411483.3.peg.2066.site.11, 35, 139, 174
411483.3.peg.2066.site.12, 1, 144, 145
411483.3.peg.2066.site.13, 2, 150, 152
411483.3.peg.2066.site.14, 0, 147, 147
411483.3.peg.2066.site.15, 4, 144, 148
411483.3.peg.2066.site.16, 2, 145, 147
411483.3.peg.2066.site.17, 3, 143, 146
411483.3.peg.2066.site.18, 0, 135, 135
411483.3.peg.2066.site.19, 15, 137, 152
411483.3.peg.2066.site.20, 3, 138, 141
411483.3.peg.2066.site.21, 16, 134, 150
411483.3.peg.2066.site.22, 1, 142, 143
411483.3.peg.2066.site.23, 113, 113, 226
411483.3.peg.2066.site.24, 137, 138, 275
411483.3.peg.2066.site.25, 0, 150, 150
411483.3.peg.2066.site.26, 0, 153, 153
411483.3.peg.2066.site.27, 2, 152, 154
411483.3.peg.2066.site.28, 3, 152, 155
411483.3.peg.2066.site.29, 6, 151, 157
411483.3.peg.2066.site.30, 3, 153, 156
411483.3.peg.2066.site.31, 1, 149, 150
411483.3.peg.2066.site.32, 6, 151, 157
411483.3.peg.2066.site.33, 11, 149, 160
411483.3.peg.2066.site.34, 2, 153, 155
411483.3.peg.2066.site.35, 5, 151, 156
411483.3.peg.2066.site.36, 48, 146, 194
411483.3.peg.2066.site.37, 5, 152, 157
411483.3.peg.2066.site.38, 6, 146, 152
411483.3.peg.2066.site.39, 1, 149, 150
411483.3.peg.2066.site.40, 1, 152, 153
411483.3.peg.2066.site.41, 5, 155, 160
411483.3.peg.2066.site.42, 3, 155, 158
411483.3.peg.2066.site.43, 0, 153, 153
411483.3.peg.2066.site.44, 3, 154, 157
411483.3.peg.2066.site.45, 5, 153, 158
411483.3.peg.2066.site.46, 1, 154, 155
411483.3.peg.2066.site.47, 0, 153, 153
411483.3.peg.2066.site.48, 4, 154, 158
411483.3.peg.2066.site.49, 9, 154, 163
411483.3.peg.2066.site.50, 1, 155, 156
411483.3.peg.2066.site.51, 1, 154, 155
411483.3.peg.2066.site.52, 11, 153, 164
411483.3.peg.2066.site.53, 1, 154, 155
411483.3.peg.293.site.1, 13, 148, 161
411483.3.peg.293.site.2, 0, 148, 148
411483.3.peg.293.site.3, 1, 150, 151
411483.3.peg.293.site.4, 10, 146, 156
411483.3.peg.293.site.5, 2, 147, 149
411483.3.peg.293.site.6, 1, 142, 143
411483.3.peg.293.site.7, 1, 150, 151
411483.3.peg.293.site.8, 1, 151, 152
411483.3.peg.293.site.9, 7, 148, 155
411483.3.peg.293.site.10, 2, 149, 151
411483.3.peg.293.site.11, 9, 145, 154
411483.3.peg.293.site.12, 3, 145, 148
411483.3.peg.293.site.13, 0, 146, 146
411483.3.peg.293.site.14, 3, 148, 151
411483.3.peg.293.site.15, 2, 131, 133
411483.3.peg.293.site.16, 4, 148, 152
411483.3.peg.293.site.17, 1, 150, 151
411483.3.peg.293.site.18, 0, 149, 149
411483.3.peg.293.site.19, 4, 133, 137
411483.3.peg.293.site.20, 11, 150, 161
411483.3.peg.293.site.21, 2, 150, 152
411483.3.peg.293.site.22, 1, 152, 153
411483.3.peg.293.site.23, 13, 148, 161
411483.3.peg.293.site.24, 0, 141, 141
411483.3.peg.293.site.25, 3, 138, 141
411483.3.peg.293.site.26, 6, 136, 142
411483.3.peg.293.site.27, 1, 132, 133
411483.3.peg.293.site.28, 139, 139, 278
411483.3.peg.293.site.29, 4, 130, 134
411483.3.peg.293.site.30, 3, 138, 141
411483.3.peg.293.site.31, 1, 140, 141
411483.3.peg.293.site.32, 3, 146, 149
411483.3.peg.293.site.33, 2, 148, 150
411483.3.peg.293.site.34, 0, 151, 151
411483.3.peg.293.site.35, 2, 151, 153
411483.3.peg.293.site.36, 2, 154, 156
411483.3.peg.293.site.37, 3, 150, 153
411483.3.peg.293.site.38, 4, 149, 153
411483.3.peg.293.site.39, 3, 151, 154
411483.3.peg.293.site.40, 9, 148, 157
411483.3.peg.293.site.41, 137, 151, 288
411483.3.peg.293.site.42, 0, 149, 149
411483.3.peg.293.site.43, 1, 151, 152
411483.3.peg.293.site.44, 1, 152, 153
411483.3.peg.293.site.45, 12, 147, 159
411483.3.peg.293.site.46, 0, 153, 153
411483.3.peg.293.site.47, 1, 154, 155
411483.3.peg.293.site.48, 153, 153, 306
411483.3.peg.293.site.49, 3, 153, 156
411483.3.peg.293.site.50, 6, 154, 160
411483.3.peg.293.site.51, 10, 153, 163
411483.3.peg.293.site.52, 4, 155, 159
411483.3.peg.293.site.53, 20, 149, 169
411483.3.peg.293.site.54, 6, 150, 156
411483.3.peg.293.site.55, 0, 155, 155
411483.3.peg.293.site.56, 10, 154, 164
411483.3.peg.293.site.57, 12, 152, 164
411483.3.peg.293.site.58, 0, 153, 153
411483.3.peg.293.site.59, 149, 149, 298
411483.3.peg.293.site.60, 101, 144, 245
411483.3.peg.293.site.61, 105, 143, 248
411483.3.peg.293.site.62, 1, 153, 154
411483.3.peg.293.site.63, 142, 152, 294
411483.3.peg.293.site.64, 41, 149, 190
411483.3.peg.293.site.65, 49, 138, 187
411483.3.peg.293.site.66, 1, 155, 156
411483.3.peg.293.site.67, 3, 154, 157
411483.3.peg.293.site.68, 28, 147, 175
411483.3.peg.293.site.69, 24, 149, 173
411483.3.peg.293.site.70, 3, 154, 157
411483.3.peg.293.site.71, 3, 154, 157
411483.3.peg.293.site.72, 1, 155, 156
411483.3.peg.293.site.73, 2, 155, 157
411483.3.peg.293.site.74, 3, 152, 155
411483.3.peg.293.site.75, 25, 150, 175
411483.3.peg.293.site.76, 80, 143, 223
411483.3.peg.293.site.77, 0, 150, 150
411483.3.peg.293.site.78, 8, 144, 152
411483.3.peg.293.site.79, 1, 154, 155
411483.3.peg.293.site.80, 15, 147, 162
411483.3.peg.293.site.81, 11, 151, 162
411483.3.peg.293.site.82, 0, 150, 150
411483.3.peg.293.site.83, 8, 121, 129
411483.3.peg.293.site.84, 0, 119, 119
411483.3.peg.293.site.85, 9, 106, 115
411483.3.peg.293.site.86, 1, 106, 107
411483.3.peg.293.site.87, 4, 105, 109
411483.3.peg.293.site.88, 39, 98, 137
411483.3.peg.293.site.89, 2, 104, 106
411483.3.peg.293.site.90, 3, 110, 113
411483.3.peg.293.site.91, 0, 108, 108
411483.3.peg.2269.site.1, 2, 154, 156
411483.3.peg.2269.site.2, 51, 139, 190
411483.3.peg.2269.site.3, 5, 154, 159
411483.3.peg.2269.site.4, 5, 154, 159
411483.3.peg.2269.site.5, 11, 145, 156
411483.3.peg.2269.site.6, 8, 147, 155
411483.3.peg.2269.site.7, 7, 137, 144
411483.3.peg.2269.site.8, 55, 131, 186
411483.3.peg.2269.site.9, 125, 136, 261
411483.3.peg.2269.site.10, 7, 133, 140
411483.3.peg.2269.site.11, 4, 137, 141
411483.3.peg.2269.site.12, 2, 138, 140
411483.3.peg.2269.site.13, 2, 141, 143
411483.3.peg.2269.site.14, 2, 144, 146
411483.3.peg.2269.site.15, 2, 143, 145
411483.3.peg.2269.site.16, 5, 136, 141
411483.3.peg.2269.site.17, 2, 135, 137
411483.3.peg.2269.site.18, 0, 139, 139
411483.3.peg.2269.site.19, 1, 132, 133
411483.3.peg.2269.site.20, 20, 125, 145
411483.3.peg.2269.site.21, 7, 117, 124
411483.3.peg.2269.site.22, 0, 120, 120
411483.3.peg.2269.site.23, 2, 138, 140
411483.3.peg.2269.site.24, 2, 142, 144
411483.3.peg.2269.site.25, 9, 136, 145
411483.3.peg.2269.site.26, 59, 138, 197
411483.3.peg.2269.site.27, 5, 147, 152
411483.3.peg.2269.site.28, 2, 147, 149
411483.3.peg.2269.site.29, 3, 148, 151
411483.3.peg.2269.site.30, 31, 138, 169
411483.3.peg.2269.site.31, 93, 143, 236
411483.3.peg.2269.site.32, 23, 147, 170
411483.3.peg.2269.site.33, 1, 154, 155
411483.3.peg.2269.site.34, 2, 153, 155
411483.3.peg.2269.site.35, 3, 152, 155
411483.3.peg.2269.site.36, 2, 152, 154
411483.3.peg.2269.site.37, 1, 152, 153
411483.3.peg.2269.site.38, 2, 152, 154
411483.3.peg.2268.site.1, 14, 116, 130
411483.3.peg.2268.site.2, 2, 138, 140
411483.3.peg.2268.site.3, 3, 131, 134
411483.3.peg.2268.site.4, 52, 117, 169
411483.3.peg.2268.site.5, 1, 91, 92
411483.3.peg.2268.site.6, 1, 84, 85
411483.3.peg.2268.site.7, 2, 76, 78
411483.3.peg.2268.site.8, 2, 70, 72
411483.3.peg.2268.site.9, 3, 70, 73
411483.3.peg.2268.site.10, 4, 75, 79
411483.3.peg.2268.site.11, 3, 72, 75
411483.3.peg.2268.site.12, 38, 79, 117
411483.3.peg.2268.site.13, 47, 91, 138
411483.3.peg.2268.site.14, 108, 111, 219
411483.3.peg.2268.site.15, 73, 124, 197
411483.3.peg.2268.site.16, 23, 134, 157
411483.3.peg.2268.site.17, 1, 148, 149
411483.3.peg.2268.site.18, 4, 141, 145
411483.3.peg.2268.site.19, 23, 143, 166
411483.3.peg.2268.site.20, 1, 149, 150
411483.3.peg.2268.site.21, 148, 149, 297
411483.3.peg.2268.site.22, 1, 152, 153
411483.3.peg.2268.site.23, 20, 152, 172
411483.3.peg.2268.site.24, 1, 155, 156
411483.3.peg.2268.site.25, 1, 153, 154
411483.3.peg.2268.site.26, 4, 152, 156
411483.3.peg.2268.site.27, 95, 145, 240
411483.3.peg.2268.site.28, 9, 152, 161
411483.3.peg.2268.site.29, 0, 152, 152
411483.3.peg.2268.site.30, 41, 150, 191
411483.3.peg.2268.site.31, 3, 155, 158
411483.3.peg.2268.site.32, 2, 153, 155
411483.3.peg.2268.site.33, 1, 155, 156
411483.3.peg.2268.site.34, 3, 144, 147
411483.3.peg.2268.site.35, 17, 121, 138
411483.3.peg.2268.site.36, 0, 121, 121
411483.3.peg.2268.site.37, 12, 120, 132
411483.3.peg.2268.site.38, 0, 104, 104
411483.3.peg.2268.site.39, 26, 115, 141
411483.3.peg.2268.site.40, 1, 134, 135
411483.3.peg.2268.site.41, 0, 136, 136
411483.3.peg.2268.site.42, 28, 140, 168
411483.3.peg.2268.site.43, 1, 145, 146
411483.3.peg.2268.site.44, 35, 145, 180
411483.3.peg.2268.site.45, 3, 149, 152
411483.3.peg.104.site.1, 6, 153, 159
411483.3.peg.104.site.2, 4, 152, 156
411483.3.peg.104.site.3, 25, 150, 175
411483.3.peg.104.site.4, 95, 145, 240
411483.3.peg.104.site.5, 142, 153, 295
411483.3.peg.104.site.6, 13, 154, 167
411483.3.peg.104.site.7, 2, 153, 155
411483.3.peg.104.site.8, 6, 152, 158
411483.3.peg.104.site.9, 1, 153, 154
411483.3.peg.104.site.10, 2, 151, 153
411483.3.peg.104.site.11, 11, 154, 165
411483.3.peg.104.site.12, 0, 153, 153
411483.3.peg.104.site.13, 4, 148, 152
411483.3.peg.104.site.14, 5, 144, 149
411483.3.peg.104.site.15, 5, 142, 147
411483.3.peg.104.site.16, 4, 141, 145
411483.3.peg.104.site.17, 0, 143, 143
411483.3.peg.104.site.18, 4, 145, 149
411483.3.peg.104.site.19, 8, 134, 142
411483.3.peg.104.site.20, 3, 147, 150
411483.3.peg.104.site.21, 0, 148, 148
411483.3.peg.104.site.22, 1, 147, 148
411483.3.peg.104.site.23, 1, 149, 150
411483.3.peg.104.site.24, 1, 149, 150
411483.3.peg.104.site.25, 0, 150, 150
411483.3.peg.104.site.26, 0, 152, 152
411483.3.peg.104.site.27, 72, 139, 211
411483.3.peg.104.site.28, 1, 149, 150
411483.3.peg.104.site.29, 3, 153, 156
411483.3.peg.104.site.30, 5, 154, 159
411483.3.peg.104.site.31, 5, 151, 156
411483.3.peg.104.site.32, 2, 154, 156
411483.3.peg.104.site.33, 24, 148, 172
411483.3.peg.104.site.34, 0, 151, 151
411483.3.peg.104.site.35, 12, 148, 160
411483.3.peg.104.site.36, 2, 154, 156
411483.3.peg.104.site.37, 3, 152, 155
411483.3.peg.104.site.38, 4, 152, 156
411483.3.peg.104.site.39, 0, 152, 152
411483.3.peg.104.site.40, 5, 151, 156
411483.3.peg.104.site.41, 0, 151, 151
411483.3.peg.104.site.42, 38, 148, 186
411483.3.peg.104.site.43, 2, 151, 153
411483.3.peg.104.site.44, 15, 148, 163
411483.3.peg.104.site.45, 1, 152, 153
411483.3.peg.104.site.46, 50, 145, 195
411483.3.peg.104.site.47, 1, 150, 151
411483.3.peg.104.site.48, 50, 141, 191
411483.3.peg.104.site.49, 4, 148, 152
411483.3.peg.104.site.50, 2, 138, 140
411483.3.peg.104.site.51, 1, 151, 152
411483.3.peg.104.site.52, 3, 154, 157
411483.3.peg.104.site.53, 24, 147, 171
411483.3.peg.104.site.54, 6, 150, 156
411483.3.peg.104.site.55, 3, 153, 156
411483.3.peg.104.site.56, 1, 152, 153
411483.3.peg.104.site.57, 0, 152, 152
411483.3.peg.104.site.58, 1, 152, 153
411483.3.peg.104.site.59, 90, 141, 231
411483.3.peg.104.site.60, 39, 143, 182
411483.3.peg.104.site.61, 2, 150, 152
411483.3.peg.104.site.62, 5, 143, 148
411483.3.peg.104.site.63, 114, 135, 249
411483.3.peg.104.site.64, 37, 130, 167
411483.3.peg.104.site.65, 84, 127, 211
411483.3.peg.104.site.66, 18, 127, 145
411483.3.peg.104.site.67, 72, 127, 199
411483.3.peg.104.site.68, 27, 135, 162
411483.3.peg.104.site.69, 3, 142, 145
411483.3.peg.104.site.70, 24, 139, 163
411483.3.peg.104.site.71, 3, 143, 146
411483.3.peg.104.site.72, 3, 151, 154
411483.3.peg.104.site.73, 0, 152, 152
411483.3.peg.104.site.74, 16, 152, 168
411483.3.peg.104.site.75, 2, 153, 155
411483.3.peg.104.site.76, 84, 142, 226
411483.3.peg.104.site.77, 141, 150, 291
411483.3.peg.104.site.78, 136, 150, 286
411483.3.peg.104.site.79, 10, 151, 161
411483.3.peg.104.site.80, 0, 154, 154
411483.3.peg.104.site.81, 19, 151, 170
411483.3.peg.104.site.82, 4, 154, 158
411483.3.peg.104.site.83, 1, 154, 155
411483.3.peg.2260.site.1, 1, 154, 155
411483.3.peg.2260.site.2, 3, 148, 151
411483.3.peg.2260.site.3, 0, 143, 143
411483.3.peg.2260.site.4, 5, 147, 152
411483.3.peg.2260.site.5, 0, 142, 142
411483.3.peg.2260.site.6, 0, 144, 144
411483.3.peg.2260.site.7, 8, 141, 149
411483.3.peg.2260.site.8, 3, 139, 142
411483.3.peg.2260.site.9, 5, 138, 143
411483.3.peg.2260.site.10, 4, 142, 146
411483.3.peg.2260.site.11, 7, 138, 145
411483.3.peg.2260.site.12, 6, 137, 143
411483.3.peg.2260.site.13, 4, 137, 141
411483.3.peg.2260.site.14, 9, 140, 149
411483.3.peg.2260.site.15, 2, 154, 156
411483.3.peg.2260.site.16, 3, 151, 154
411483.3.peg.2260.site.17, 1, 152, 153
411483.3.peg.2260.site.18, 42, 144, 186
411483.3.peg.2260.site.19, 11, 152, 163
411483.3.peg.2260.site.20, 6, 150, 156
411483.3.peg.2260.site.21, 0, 152, 152
411483.3.peg.2260.site.22, 5, 147, 152
411483.3.peg.2260.site.23, 4, 153, 157
411483.3.peg.2260.site.24, 1, 153, 154
411483.3.peg.2260.site.25, 7, 148, 155
411483.3.peg.2260.site.26, 1, 154, 155
411483.3.peg.2260.site.27, 6, 151, 157
411483.3.peg.2260.site.28, 3, 153, 156
411483.3.peg.2260.site.29, 0, 153, 153
411483.3.peg.2260.site.30, 5, 152, 157
411483.3.peg.2260.site.31, 14, 149, 163
411483.3.peg.2267.site.1, 7, 155, 162
411483.3.peg.2267.site.2, 6, 152, 158
411483.3.peg.2267.site.3, 1, 150, 151
411483.3.peg.2267.site.4, 92, 147, 239
411483.3.peg.2267.site.5, 2, 148, 150
411483.3.peg.2267.site.6, 10, 145, 155
411483.3.peg.2267.site.7, 24, 134, 158
411483.3.peg.2267.site.8, 25, 128, 153
411483.3.peg.2267.site.9, 1, 151, 152
411483.3.peg.2267.site.10, 6, 150, 156
411483.3.peg.2267.site.11, 1, 152, 153
411483.3.peg.2267.site.12, 0, 153, 153
411483.3.peg.2267.site.13, 2, 154, 156
411483.3.peg.2267.site.14, 1, 154, 155
411483.3.peg.2267.site.15, 10, 148, 158
411483.3.peg.2267.site.16, 84, 143, 227
411483.3.peg.2267.site.17, 2, 151, 153
411483.3.peg.2267.site.18, 7, 153, 160
411483.3.peg.2267.site.19, 0, 153, 153
411483.3.peg.2267.site.20, 2, 154, 156
411483.3.peg.2267.site.21, 4, 153, 157
411483.3.peg.2267.site.22, 2, 154, 156
411483.3.peg.2267.site.23, 20, 141, 161
411483.3.peg.2267.site.24, 2, 154, 156
411483.3.peg.2267.site.25, 14, 149, 163
411483.3.peg.2267.site.26, 1, 146, 147
411483.3.peg.2267.site.27, 22, 134, 156
411483.3.peg.2267.site.28, 97, 133, 230
411483.3.peg.2267.site.29, 3, 137, 140
411483.3.peg.2267.site.30, 2, 119, 121
411483.3.peg.2266.site.1, 7, 139, 146
411483.3.peg.2266.site.2, 8, 140, 148
411483.3.peg.2266.site.3, 3, 137, 140
411483.3.peg.2266.site.4, 1, 123, 124
411483.3.peg.2266.site.5, 112, 123, 235
411483.3.peg.2266.site.6, 3, 134, 137
411483.3.peg.2266.site.7, 1, 136, 137
411483.3.peg.2266.site.8, 1, 136, 137
411483.3.peg.2266.site.9, 25, 129, 154
411483.3.peg.2266.site.10, 2, 134, 136
411483.3.peg.2266.site.11, 71, 120, 191
411483.3.peg.2266.site.12, 1, 119, 120
411483.3.peg.2266.site.13, 110, 117, 227
411483.3.peg.2266.site.14, 1, 125, 126
411483.3.peg.2266.site.15, 7, 129, 136
411483.3.peg.2266.site.16, 0, 125, 125
411483.3.peg.2266.site.17, 0, 119, 119
411483.3.peg.2266.site.18, 9, 112, 121
411483.3.peg.2266.site.19, 4, 101, 105
411483.3.peg.2266.site.20, 1, 95, 96
411483.3.peg.2266.site.21, 0, 101, 101
411483.3.peg.2266.site.22, 0, 101, 101
411483.3.peg.2266.site.23, 0, 108, 108
411483.3.peg.2266.site.24, 0, 131, 131
411483.3.peg.2266.site.25, 8, 131, 139
411483.3.peg.2266.site.26, 0, 137, 137
411483.3.peg.2266.site.27, 8, 145, 153
411483.3.peg.2266.site.28, 2, 142, 144
411483.3.peg.2266.site.29, 7, 140, 147
411483.3.peg.2266.site.30, 1, 137, 138
411483.3.peg.2266.site.31, 31, 135, 166
411483.3.peg.2266.site.32, 0, 144, 144
411483.3.peg.2266.site.33, 0, 146, 146
411483.3.peg.2266.site.34, 0, 144, 144
411483.3.peg.2266.site.35, 10, 145, 155
411483.3.peg.2266.site.36, 7, 145, 152
411483.3.peg.2266.site.37, 7, 137, 144
411483.3.peg.2266.site.38, 7, 144, 151
411483.3.peg.2266.site.39, 11, 142, 153
411483.3.peg.2266.site.40, 2, 144, 146
411483.3.peg.2266.site.41, 4, 146, 150
411483.3.peg.2265.site.1, 3, 148, 151
411483.3.peg.2265.site.2, 66, 142, 208
411483.3.peg.2265.site.3, 2, 137, 139
411483.3.peg.2265.site.4, 22, 128, 150
411483.3.peg.2265.site.5, 1, 132, 133
411483.3.peg.2265.site.6, 47, 119, 166
411483.3.peg.2265.site.7, 21, 119, 140
411483.3.peg.2265.site.8, 47, 122, 169
411483.3.peg.2265.site.9, 4, 131, 135
411483.3.peg.2265.site.10, 6, 135, 141
411483.3.peg.2265.site.11, 2, 137, 139
411483.3.peg.2265.site.12, 19, 134, 153
411483.3.peg.2265.site.13, 16, 131, 147
411483.3.peg.2265.site.14, 21, 130, 151
411483.3.peg.2265.site.15, 42, 131, 173
411483.3.peg.2265.site.16, 11, 132, 143
411483.3.peg.2265.site.17, 45, 137, 182
411483.3.peg.2265.site.18, 1, 141, 142
411483.3.peg.2265.site.19, 21, 132, 153
411483.3.peg.2265.site.20, 23, 131, 154
411483.3.peg.2265.site.21, 15, 138, 153
411483.3.peg.2265.site.22, 2, 138, 140
411483.3.peg.2265.site.23, 14, 138, 152
411483.3.peg.2265.site.24, 4, 136, 140
411483.3.peg.2265.site.25, 23, 130, 153
411483.3.peg.2265.site.26, 35, 125, 160
411483.3.peg.2265.site.27, 2, 133, 135
411483.3.peg.2265.site.28, 33, 125, 158
411483.3.peg.2265.site.29, 68, 120, 188
411483.3.peg.2265.site.30, 2, 120, 122
411483.3.peg.2265.site.31, 38, 121, 159
411483.3.peg.2265.site.32, 3, 124, 127
411483.3.peg.2265.site.33, 95, 102, 197
411483.3.peg.2265.site.34, 3, 108, 111
411483.3.peg.2265.site.35, 1, 113, 114
411483.3.peg.2265.site.36, 7, 106, 113
411483.3.peg.2265.site.37, 2, 83, 85
411483.3.peg.2265.site.38, 9, 97, 106
411483.3.peg.2265.site.39, 30, 76, 106
411483.3.peg.2265.site.40, 9, 95, 104
411483.3.peg.2265.site.41, 88, 98, 186
411483.3.peg.2265.site.42, 48, 114, 162
411483.3.peg.2265.site.43, 1, 124, 125
411483.3.peg.2265.site.44, 13, 109, 122
411483.3.peg.2265.site.45, 9, 111, 120
411483.3.peg.2265.site.46, 11, 113, 124
411483.3.peg.2265.site.47, 14, 112, 126
411483.3.peg.2265.site.48, 1, 111, 112
411483.3.peg.2265.site.49, 0, 116, 116
411483.3.peg.2265.site.50, 54, 85, 139
411483.3.peg.2265.site.51, 3, 94, 97
411483.3.peg.2265.site.52, 3, 113, 116
411483.3.peg.2265.site.53, 6, 119, 125
411483.3.peg.2265.site.54, 1, 116, 117
411483.3.peg.2265.site.55, 13, 115, 128
411483.3.peg.2265.site.56, 1, 113, 114
411483.3.peg.2265.site.57, 10, 106, 116
411483.3.peg.2265.site.58, 1, 105, 106
411483.3.peg.2265.site.59, 6, 91, 97
411483.3.peg.2265.site.60, 0, 83, 83
411483.3.peg.2265.site.61, 0, 84, 84
411483.3.peg.2265.site.62, 1, 71, 72
411483.3.peg.2265.site.63, 2, 40, 42
411483.3.peg.2265.site.64, 1, 14, 15
411483.3.peg.2265.site.65, 14, 15, 29
411483.3.peg.2265.site.66, 9, 10, 19
411483.3.peg.2265.site.67, 3, 25, 28
411483.3.peg.2265.site.68, 32, 92, 124
411483.3.peg.2265.site.69, 2, 132, 134
411483.3.peg.2265.site.70, 20, 129, 149
411483.3.peg.2265.site.71, 2, 137, 139
411483.3.peg.2265.site.72, 122, 126, 248
411483.3.peg.2265.site.73, 1, 129, 130
411483.3.peg.2265.site.74, 122, 130, 252
411483.3.peg.2265.site.75, 0, 137, 137
411483.3.peg.2265.site.76, 0, 141, 141
411483.3.peg.2265.site.77, 10, 143, 153
411483.3.peg.2265.site.78, 10, 143, 153
411483.3.peg.2265.site.79, 3, 146, 149
411483.3.peg.2265.site.80, 4, 146, 150
411483.3.peg.2265.site.81, 4, 147, 151
411483.3.peg.2264.site.1, 5, 124, 129
411483.3.peg.2264.site.2, 9, 130, 139
411483.3.peg.2264.site.3, 33, 128, 161
411483.3.peg.2264.site.4, 7, 136, 143
411483.3.peg.2264.site.5, 0, 137, 137
411483.3.peg.2264.site.6, 20, 135, 155
411483.3.peg.2264.site.7, 13, 138, 151
411483.3.peg.2264.site.8, 41, 138, 179
411483.3.peg.2264.site.9, 4, 136, 140
411483.3.peg.2264.site.10, 46, 133, 179
411483.3.peg.2264.site.11, 5, 124, 129
411483.3.peg.2264.site.12, 42, 112, 154
411483.3.peg.2264.site.13, 111, 130, 241
411483.3.peg.2264.site.14, 102, 126, 228
411483.3.peg.2264.site.15, 1, 135, 136
411483.3.peg.2264.site.16, 5, 137, 142
411483.3.peg.2264.site.17, 4, 138, 142
411483.3.peg.2264.site.18, 7, 141, 148
411483.3.peg.2264.site.19, 1, 144, 145
411483.3.peg.2264.site.20, 0, 145, 145
411483.3.peg.2264.site.21, 7, 146, 153
411483.3.peg.2264.site.22, 3, 146, 149
411483.3.peg.2264.site.23, 42, 137, 179
411483.3.peg.2264.site.24, 15, 139, 154
411483.3.peg.2264.site.25, 4, 135, 139
411483.3.peg.2264.site.26, 11, 132, 143
411483.3.peg.2264.site.27, 8, 136, 144
411483.3.peg.2264.site.28, 1, 130, 131
411483.3.peg.2264.site.29, 5, 135, 140
411483.3.peg.2264.site.30, 10, 138, 148
411483.3.peg.2264.site.31, 12, 141, 153
411483.3.peg.2264.site.32, 7, 143, 150
411483.3.peg.2264.site.33, 6, 139, 145
411483.3.peg.2264.site.34, 1, 133, 134
411483.3.peg.2264.site.35, 1, 126, 127
411483.3.peg.2264.site.36, 4, 118, 122
411483.3.peg.2264.site.37, 3, 126, 129
411483.3.peg.2264.site.38, 37, 119, 156
411483.3.peg.2264.site.39, 3, 116, 119
411483.3.peg.2264.site.40, 6, 114, 120
411483.3.peg.2264.site.41, 35, 105, 140
411483.3.peg.2264.site.42, 10, 103, 113
411483.3.peg.2264.site.43, 120, 122, 242
411483.3.peg.2264.site.44, 0, 130, 130
411483.3.peg.2264.site.45, 8, 130, 138
411483.3.peg.2264.site.46, 28, 134, 162
411483.3.peg.2264.site.47, 5, 142, 147
411483.3.peg.2264.site.48, 0, 143, 143
411483.3.peg.2264.site.49, 103, 141, 244
411483.3.peg.2264.site.50, 0, 146, 146
411483.3.peg.2264.site.51, 0, 147, 147
411483.3.peg.2264.site.52, 3, 148, 151
411483.3.peg.2264.site.53, 3, 147, 150
411483.3.peg.1860.site.1, 1, 153, 154
411483.3.peg.1860.site.2, 2, 154, 156
411483.3.peg.1860.site.3, 3, 154, 157
411483.3.peg.1860.site.4, 1, 154, 155
411483.3.peg.1860.site.5, 4, 152, 156
411483.3.peg.1860.site.6, 4, 154, 158
411483.3.peg.1860.site.7, 3, 152, 155
411483.3.peg.1860.site.8, 1, 151, 152
411483.3.peg.1860.site.9, 0, 149, 149
411483.3.peg.1860.site.10, 5, 145, 150
411483.3.peg.1860.site.11, 0, 144, 144
411483.3.peg.1860.site.12, 0, 140, 140
411483.3.peg.1860.site.13, 2, 143, 145
411483.3.peg.1860.site.14, 130, 139, 269
411483.3.peg.1860.site.15, 3, 136, 139
411483.3.peg.1860.site.16, 4, 133, 137
411483.3.peg.1860.site.17, 2, 126, 128
411483.3.peg.1860.site.18, 1, 130, 131
411483.3.peg.1860.site.19, 0, 129, 129
411483.3.peg.1860.site.20, 7, 137, 144
411483.3.peg.1860.site.21, 2, 139, 141
411483.3.peg.1860.site.22, 18, 135, 153
411483.3.peg.1860.site.23, 0, 137, 137
411483.3.peg.1860.site.24, 4, 147, 151
411483.3.peg.1860.site.25, 47, 134, 181
411483.3.peg.1860.site.26, 130, 134, 264
411483.3.peg.1860.site.27, 1, 124, 125
411483.3.peg.1860.site.28, 1, 122, 123
411483.3.peg.1860.site.29, 9, 128, 137
411483.3.peg.1860.site.30, 1, 133, 134
411483.3.peg.1860.site.31, 4, 111, 115
411483.3.peg.1860.site.32, 6, 125, 131
411483.3.peg.1860.site.33, 6, 135, 141
411483.3.peg.1860.site.34, 2, 135, 137
411483.3.peg.1860.site.35, 42, 132, 174
411483.3.peg.1860.site.36, 1, 143, 144
411483.3.peg.1860.site.37, 6, 144, 150
411483.3.peg.1860.site.38, 0, 148, 148
411483.3.peg.1860.site.39, 3, 148, 151
411483.3.peg.1860.site.40, 2, 148, 150
411483.3.peg.1860.site.41, 2, 149, 151
411483.3.peg.1860.site.42, 5, 148, 153
411483.3.peg.1860.site.43, 5, 143, 148
411483.3.peg.1860.site.44, 0, 143, 143
411483.3.peg.1860.site.45, 1, 142, 143
411483.3.peg.1860.site.46, 1, 143, 144
411483.3.peg.1860.site.47, 1, 143, 144
411483.3.peg.1860.site.48, 4, 110, 114
411483.3.peg.1860.site.49, 2, 101, 103
411483.3.peg.1860.site.50, 72, 77, 149
411483.3.peg.1860.site.51, 39, 64, 103
411483.3.peg.1860.site.52, 1, 60, 61
411483.3.peg.1860.site.53, 1, 96, 97
411483.3.peg.1860.site.54, 7, 129, 136
411483.3.peg.1860.site.55, 8, 121, 129
411483.3.peg.1860.site.56, 6, 125, 131
411483.3.peg.1860.site.57, 1, 133, 134
411483.3.peg.1860.site.58, 1, 140, 141
411483.3.peg.1860.site.59, 1, 142, 143
411483.3.peg.1860.site.60, 8, 140, 148
411483.3.peg.1860.site.61, 20, 120, 140
411483.3.peg.1860.site.62, 2, 135, 137
411483.3.peg.1860.site.63, 102, 128, 230
411483.3.peg.1860.site.64, 1, 140, 141
411483.3.peg.1860.site.65, 2, 140, 142
411483.3.peg.1860.site.66, 0, 134, 134
411483.3.peg.1860.site.67, 9, 139, 148
411483.3.peg.1860.site.68, 5, 136, 141
411483.3.peg.1860.site.69, 1, 147, 148
411483.3.peg.1860.site.70, 4, 148, 152
411483.3.peg.1860.site.71, 5, 151, 156
411483.3.peg.1860.site.72, 2, 150, 152
411483.3.peg.1860.site.73, 2, 148, 150
411483.3.peg.1860.site.74, 2, 152, 154
411483.3.peg.1860.site.75, 2, 152, 154
411483.3.peg.1860.site.76, 2, 151, 153
411483.3.peg.1860.site.77, 6, 146, 152
411483.3.peg.1860.site.78, 8, 149, 157
411483.3.peg.1860.site.79, 11, 152, 163
411483.3.peg.1860.site.80, 0, 151, 151
411483.3.peg.1860.site.81, 1, 153, 154
411483.3.peg.1860.site.82, 14, 151, 165
411483.3.peg.1860.site.83, 0, 153, 153
411483.3.peg.1860.site.84, 3, 149, 152
411483.3.peg.1861.site.1, 0, 101, 101
411483.3.peg.1861.site.2, 4, 92, 96
411483.3.peg.1861.site.3, 43, 98, 141
411483.3.peg.1861.site.4, 0, 103, 103
411483.3.peg.1861.site.5, 2, 106, 108
411483.3.peg.1861.site.6, 0, 110, 110
411483.3.peg.1861.site.7, 107, 108, 215
411483.3.peg.1861.site.8, 0, 148, 148
411483.3.peg.1861.site.9, 1, 141, 142
411483.3.peg.1861.site.10, 5, 146, 151
411483.3.peg.1861.site.11, 13, 145, 158
411483.3.peg.1861.site.12, 3, 148, 151
411483.3.peg.1861.site.13, 1, 147, 148
411483.3.peg.1861.site.14, 27, 131, 158
411483.3.peg.1861.site.15, 3, 145, 148
411483.3.peg.1861.site.16, 3, 146, 149
411483.3.peg.1861.site.17, 2, 149, 151
411483.3.peg.1861.site.18, 2, 153, 155
411483.3.peg.2280.site.1, 4, 149, 153
411483.3.peg.2280.site.2, 7, 145, 152
411483.3.peg.2280.site.3, 67, 140, 207
411483.3.peg.2280.site.4, 68, 133, 201
411483.3.peg.2280.site.5, 67, 132, 199
411483.3.peg.2280.site.6, 1, 124, 125
411483.3.peg.2280.site.7, 7, 85, 92
411483.3.peg.2280.site.8, 55, 75, 130
411483.3.peg.2280.site.9, 1, 77, 78
411483.3.peg.2280.site.10, 44, 58, 102
411483.3.peg.2280.site.11, 24, 64, 88
411483.3.peg.2280.site.12, 15, 91, 106
411483.3.peg.2280.site.13, 1, 145, 146
411483.3.peg.2280.site.14, 0, 151, 151
411483.3.peg.2280.site.15, 8, 153, 161
411483.3.peg.2280.site.16, 2, 150, 152
411483.3.peg.2280.site.17, 2, 151, 153
411483.3.peg.2280.site.18, 8, 150, 158
411483.3.peg.2280.site.19, 47, 144, 191
411483.3.peg.2280.site.20, 1, 151, 152
411483.3.peg.2280.site.21, 14, 143, 157
411483.3.peg.2280.site.22, 44, 143, 187
411483.3.peg.2280.site.23, 35, 141, 176
411483.3.peg.2280.site.24, 5, 150, 155
411483.3.peg.2280.site.25, 1, 153, 154
411483.3.peg.2280.site.26, 15, 146, 161
411483.3.peg.2280.site.27, 10, 143, 153
411483.3.peg.2280.site.28, 1, 148, 149
411483.3.peg.2280.site.29, 0, 138, 138
411483.3.peg.2283.site.1, 7, 155, 162
411483.3.peg.2283.site.2, 1, 154, 155
411483.3.peg.2283.site.3, 8, 155, 163
411483.3.peg.2283.site.4, 3, 150, 153
411483.3.peg.2283.site.5, 1, 153, 154
411483.3.peg.2283.site.6, 5, 154, 159
411483.3.peg.2283.site.7, 2, 153, 155
411483.3.peg.2283.site.8, 1, 152, 153
411483.3.peg.2283.site.9, 0, 149, 149
411483.3.peg.2283.site.10, 0, 150, 150
411483.3.peg.2283.site.11, 4, 147, 151
411483.3.peg.2283.site.12, 1, 149, 150
411483.3.peg.2283.site.13, 6, 152, 158
411483.3.peg.2283.site.14, 1, 150, 151
411483.3.peg.2283.site.15, 14, 147, 161
411483.3.peg.2283.site.16, 0, 152, 152
411483.3.peg.2283.site.17, 1, 153, 154
411483.3.peg.2283.site.18, 2, 152, 154
411483.3.peg.2283.site.19, 155, 155, 310
411483.3.peg.2283.site.20, 1, 152, 153
411483.3.peg.2283.site.21, 26, 144, 170
411483.3.peg.2283.site.22, 1, 154, 155
411483.3.peg.2283.site.23, 1, 153, 154
411483.3.peg.2283.site.24, 0, 146, 146
411483.3.peg.2283.site.25, 15, 151, 166
411483.3.peg.2283.site.26, 0, 155, 155
411483.3.peg.2283.site.27, 17, 142, 159
411483.3.peg.2283.site.28, 2, 152, 154
411483.3.peg.2283.site.29, 2, 151, 153
411483.3.peg.2283.site.30, 1, 154, 155
411483.3.peg.2283.site.31, 4, 153, 157
411483.3.peg.2283.site.32, 1, 155, 156
411483.3.peg.2283.site.33, 5, 149, 154
411483.3.peg.2283.site.34, 2, 152, 154
411483.3.peg.2283.site.35, 1, 155, 156
411483.3.peg.2283.site.36, 32, 141, 173
411483.3.peg.2283.site.37, 1, 148, 149
411483.3.peg.2283.site.38, 1, 152, 153
411483.3.peg.2283.site.39, 11, 146, 157
411483.3.peg.2283.site.40, 1, 147, 148
411483.3.peg.2283.site.41, 51, 133, 184
411483.3.peg.2283.site.42, 1, 150, 151
411483.3.peg.2283.site.43, 1, 148, 149
411483.3.peg.2283.site.44, 0, 148, 148
411483.3.peg.2283.site.45, 7, 145, 152
411483.3.peg.2283.site.46, 146, 147, 293
411483.3.peg.2283.site.47, 7, 145, 152
411483.3.peg.2283.site.48, 6, 142, 148
411483.3.peg.2283.site.49, 0, 152, 152
411483.3.peg.2283.site.50, 93, 144, 237
411483.3.peg.2283.site.51, 8, 154, 162
411483.3.peg.2283.site.52, 1, 150, 151
411483.3.peg.2283.site.53, 1, 152, 153
411483.3.peg.2283.site.54, 1, 153, 154
411483.3.peg.2283.site.55, 66, 145, 211
411483.3.peg.2283.site.56, 6, 149, 155
411483.3.peg.2283.site.57, 2, 148, 150
411483.3.peg.2283.site.58, 3, 149, 152
411483.3.peg.2283.site.59, 1, 144, 145
411483.3.peg.2283.site.60, 2, 148, 150
411483.3.peg.2283.site.61, 2, 140, 142
411483.3.peg.2283.site.62, 8, 133, 141
411483.3.peg.2283.site.63, 6, 117, 123
411483.3.peg.2283.site.64, 9, 135, 144
411483.3.peg.2283.site.65, 10, 126, 136
411483.3.peg.2283.site.66, 4, 123, 127
411483.3.peg.2283.site.67, 11, 137, 148
411483.3.peg.2283.site.68, 3, 145, 148
411483.3.peg.2283.site.69, 13, 144, 157
411483.3.peg.2283.site.70, 1, 155, 156
411483.3.peg.2283.site.71, 0, 153, 153
411483.3.peg.2283.site.72, 5, 152, 157
411483.3.peg.2283.site.73, 45, 141, 186
411483.3.peg.2283.site.74, 152, 153, 305
411483.3.peg.2283.site.75, 11, 148, 159
411483.3.peg.2283.site.76, 4, 152, 156
411483.3.peg.2283.site.77, 3, 152, 155
411483.3.peg.2283.site.78, 2, 150, 152
411483.3.peg.2283.site.79, 2, 153, 155
411483.3.peg.2283.site.80, 16, 152, 168
411483.3.peg.2283.site.81, 10, 149, 159
411483.3.peg.2283.site.82, 19, 149, 168
411483.3.peg.2283.site.83, 3, 153, 156
411483.3.peg.2283.site.84, 10, 149, 159
411483.3.peg.2283.site.85, 4, 149, 153
411483.3.peg.2283.site.86, 3, 154, 157
411483.3.peg.2283.site.87, 6, 153, 159
411483.3.peg.2283.site.88, 73, 145, 218
411483.3.peg.2283.site.89, 1, 150, 151
411483.3.peg.2283.site.90, 23, 148, 171
411483.3.peg.2283.site.91, 20, 146, 166
411483.3.peg.2283.site.92, 33, 140, 173
411483.3.peg.2283.site.93, 1, 149, 150
411483.3.peg.2283.site.94, 1, 146, 147
411483.3.peg.2283.site.95, 3, 148, 151
411483.3.peg.2283.site.96, 36, 139, 175
411483.3.peg.2283.site.97, 1, 152, 153
411483.3.peg.2283.site.98, 3, 155, 158
411483.3.peg.2283.site.99, 85, 143, 228
411483.3.peg.2283.site.100, 1, 152, 153
411483.3.peg.2283.site.101, 1, 154, 155
411483.3.peg.2283.site.102, 4, 149, 153
411483.3.peg.2283.site.103, 2, 153, 155
411483.3.peg.2283.site.104, 1, 152, 153
411483.3.peg.2283.site.105, 4, 152, 156
411483.3.peg.2283.site.106, 1, 153, 154
411483.3.peg.2283.site.107, 2, 153, 155
411483.3.peg.2283.site.108, 97, 141, 238
411483.3.peg.2283.site.109, 27, 148, 175
411483.3.peg.2282.site.1, 3, 145, 148
411483.3.peg.2282.site.2, 7, 151, 158
411483.3.peg.2282.site.3, 96, 140, 236
411483.3.peg.2282.site.4, 1, 154, 155
411483.3.peg.2282.site.5, 1, 153, 154
411483.3.peg.2282.site.6, 1, 109, 110
411483.3.peg.2282.site.7, 4, 90, 94
411483.3.peg.2282.site.8, 32, 127, 159
411483.3.peg.2282.site.9, 2, 137, 139
411483.3.peg.2282.site.10, 2, 144, 146
411483.3.peg.2282.site.11, 65, 128, 193
411483.3.peg.2282.site.12, 7, 139, 146
411483.3.peg.2282.site.13, 0, 142, 142
411483.3.peg.2282.site.14, 4, 143, 147
411483.3.peg.2282.site.15, 17, 147, 164
411483.3.peg.2282.site.16, 61, 141, 202
411483.3.peg.2282.site.17, 0, 153, 153
411483.3.peg.2282.site.18, 105, 140, 245
411483.3.peg.2282.site.19, 0, 152, 152
411483.3.peg.2282.site.20, 1, 147, 148
411483.3.peg.2282.site.21, 0, 144, 144
411483.3.peg.2282.site.22, 1, 147, 148
411483.3.peg.2282.site.23, 4, 146, 150
411483.3.peg.2282.site.24, 47, 130, 177
411483.3.peg.2282.site.25, 3, 149, 152
411483.3.peg.2282.site.26, 5, 150, 155
411483.3.peg.2282.site.27, 2, 151, 153
411483.3.peg.2282.site.28, 3, 150, 153
411483.3.peg.2282.site.29, 1, 151, 152
411483.3.peg.2282.site.30, 9, 151, 160
411483.3.peg.2282.site.31, 24, 141, 165
411483.3.peg.2282.site.32, 0, 150, 150
411483.3.peg.2282.site.33, 3, 135, 138
411483.3.peg.2282.site.34, 0, 131, 131
411483.3.peg.2282.site.35, 9, 131, 140
411483.3.peg.2282.site.36, 1, 124, 125
411483.3.peg.2285.site.1, 1, 147, 148
411483.3.peg.2285.site.2, 40, 132, 172
411483.3.peg.2285.site.3, 25, 135, 160
411483.3.peg.2285.site.4, 1, 142, 143
411483.3.peg.2285.site.5, 42, 124, 166
411483.3.peg.2285.site.6, 22, 132, 154
411483.3.peg.2285.site.7, 20, 130, 150
411483.3.peg.2285.site.8, 5, 114, 119
411483.3.peg.2285.site.9, 35, 118, 153
411483.3.peg.2285.site.10, 2, 122, 124
411483.3.peg.2285.site.11, 15, 114, 129
411483.3.peg.2285.site.12, 28, 108, 136
411483.3.peg.2285.site.13, 3, 117, 120
411483.3.peg.2285.site.14, 0, 121, 121
411483.3.peg.2285.site.15, 6, 126, 132
411483.3.peg.2285.site.16, 11, 125, 136
411483.3.peg.2285.site.17, 133, 135, 268
411483.3.peg.2285.site.18, 7, 134, 141
411483.3.peg.2285.site.19, 1, 140, 141
411483.3.peg.2285.site.20, 5, 146, 151
411483.3.peg.2285.site.21, 38, 132, 170
411483.3.peg.2285.site.22, 2, 141, 143
411483.3.peg.2285.site.23, 2, 137, 139
411483.3.peg.2285.site.24, 22, 136, 158
411483.3.peg.2285.site.25, 1, 137, 138
411483.3.peg.2285.site.26, 46, 127, 173
411483.3.peg.2285.site.27, 124, 138, 262
411483.3.peg.2285.site.28, 1, 133, 134
411483.3.peg.2285.site.29, 4, 131, 135
411483.3.peg.2285.site.30, 125, 132, 257
411483.3.peg.2285.site.31, 1, 135, 136
411483.3.peg.2285.site.32, 4, 131, 135
411483.3.peg.2285.site.33, 3, 143, 146
411483.3.peg.2285.site.34, 1, 149, 150
411483.3.peg.2285.site.35, 0, 144, 144
411483.3.peg.2285.site.36, 17, 135, 152
411483.3.peg.2285.site.37, 5, 140, 145
411483.3.peg.2285.site.38, 10, 141, 151
411483.3.peg.2285.site.39, 1, 145, 146
411483.3.peg.2285.site.40, 3, 146, 149
411483.3.peg.2285.site.41, 54, 139, 193
411483.3.peg.2285.site.42, 4, 145, 149
411483.3.peg.2285.site.43, 3, 150, 153
411483.3.peg.2285.site.44, 5, 152, 157
411483.3.peg.2285.site.45, 3, 151, 154
411483.3.peg.2285.site.46, 10, 146, 156
411483.3.peg.2285.site.47, 0, 151, 151
411483.3.peg.2285.site.48, 8, 150, 158
411483.3.peg.2285.site.49, 1, 148, 149
411483.3.peg.2285.site.50, 14, 147, 161
411483.3.peg.2285.site.51, 43, 139, 182
411483.3.peg.2285.site.52, 44, 134, 178
411483.3.peg.2285.site.53, 52, 132, 184
411483.3.peg.2285.site.54, 54, 125, 179
411483.3.peg.2285.site.55, 4, 135, 139
411483.3.peg.2285.site.56, 123, 130, 253
411483.3.peg.2285.site.57, 0, 129, 129
411483.3.peg.2285.site.58, 4, 126, 130
411483.3.peg.2285.site.59, 6, 110, 116
411483.3.peg.2285.site.60, 118, 134, 252
411483.3.peg.2285.site.61, 2, 137, 139
411483.3.peg.2285.site.62, 0, 141, 141
411483.3.peg.2285.site.63, 2, 150, 152
411483.3.peg.2285.site.64, 1, 150, 151
411483.3.peg.2285.site.65, 1, 146, 147
411483.3.peg.2285.site.66, 1, 144, 145
411483.3.peg.2285.site.67, 3, 148, 151
411483.3.peg.2285.site.68, 0, 152, 152
411483.3.peg.2285.site.69, 6, 150, 156
411483.3.peg.2285.site.70, 6, 148, 154
411483.3.peg.2285.site.71, 1, 150, 151
411483.3.peg.2285.site.72, 136, 146, 282
411483.3.peg.2285.site.73, 2, 147, 149
411483.3.peg.2284.site.1, 12, 105, 117
411483.3.peg.2284.site.2, 2, 118, 120
411483.3.peg.2284.site.3, 8, 136, 144
411483.3.peg.2284.site.4, 1, 142, 143
411483.3.peg.2284.site.5, 4, 148, 152
411483.3.peg.2284.site.6, 6, 145, 151
411483.3.peg.2284.site.7, 1, 153, 154
411483.3.peg.2284.site.8, 31, 143, 174
411483.3.peg.2284.site.9, 21, 147, 168
411483.3.peg.2284.site.10, 2, 155, 157
411483.3.peg.2284.site.11, 0, 154, 154
411483.3.peg.2284.site.12, 115, 151, 266
411483.3.peg.2284.site.13, 8, 146, 154
411483.3.peg.2284.site.14, 3, 155, 158
411483.3.peg.2284.site.15, 15, 153, 168
411483.3.peg.2284.site.16, 12, 151, 163
411483.3.peg.2284.site.17, 1, 151, 152
411483.3.peg.2284.site.18, 2, 155, 157
411483.3.peg.2284.site.19, 13, 147, 160
411483.3.peg.2284.site.20, 11, 153, 164
411483.3.peg.2284.site.21, 23, 149, 172
411483.3.peg.2284.site.22, 1, 154, 155
411483.3.peg.2284.site.23, 8, 148, 156
411483.3.peg.2284.site.24, 1, 155, 156
411483.3.peg.2284.site.25, 104, 145, 249
411483.3.peg.2284.site.26, 3, 155, 158
411483.3.peg.2284.site.27, 1, 155, 156
411483.3.peg.2284.site.28, 8, 153, 161
411483.3.peg.2284.site.29, 0, 153, 153
411483.3.peg.2284.site.30, 10, 148, 158
411483.3.peg.2284.site.31, 5, 154, 159
411483.3.peg.2284.site.32, 1, 155, 156
411483.3.peg.2284.site.33, 3, 154, 157
411483.3.peg.2284.site.34, 3, 155, 158
411483.3.peg.2284.site.35, 0, 153, 153
411483.3.peg.2284.site.36, 1, 155, 156
411483.3.peg.2284.site.37, 3, 153, 156
411483.3.peg.2284.site.38, 4, 146, 150
411483.3.peg.2284.site.39, 0, 151, 151
411483.3.peg.2284.site.40, 6, 150, 156
411483.3.peg.2284.site.41, 11, 153, 164
411483.3.peg.2284.site.42, 2, 152, 154
411483.3.peg.2284.site.43, 1, 154, 155
411483.3.peg.2284.site.44, 0, 153, 153
411483.3.peg.2284.site.45, 67, 138, 205
411483.3.peg.2284.site.46, 1, 154, 155
411483.3.peg.2284.site.47, 1, 154, 155
411483.3.peg.2284.site.48, 0, 153, 153
411483.3.peg.2284.site.49, 2, 154, 156
411483.3.peg.2284.site.50, 1, 153, 154
411483.3.peg.2284.site.51, 5, 153, 158
411483.3.peg.2284.site.52, 96, 142, 238
411483.3.peg.2284.site.53, 12, 153, 165
411483.3.peg.2284.site.54, 6, 150, 156
411483.3.peg.2284.site.55, 7, 148, 155
411483.3.peg.2284.site.56, 1, 150, 151
411483.3.peg.2284.site.57, 40, 143, 183
411483.3.peg.2284.site.58, 9, 148, 157
411483.3.peg.2284.site.59, 4, 153, 157
411483.3.peg.2284.site.60, 81, 142, 223
411483.3.peg.2284.site.61, 3, 153, 156
411483.3.peg.2284.site.62, 9, 153, 162
411483.3.peg.2284.site.63, 80, 140, 220
411483.3.peg.2284.site.64, 148, 153, 301
411483.3.peg.2284.site.65, 0, 153, 153
411483.3.peg.2284.site.66, 1, 150, 151
411483.3.peg.2284.site.67, 3, 150, 153
411483.3.peg.2284.site.68, 45, 138, 183
411483.3.peg.2284.site.69, 1, 149, 150
411483.3.peg.2284.site.70, 4, 147, 151
411483.3.peg.2284.site.71, 0, 148, 148
411483.3.peg.2284.site.72, 2, 151, 153
411483.3.peg.2284.site.73, 1, 148, 149
411483.3.peg.2284.site.74, 12, 148, 160
411483.3.peg.2284.site.75, 7, 148, 155
411483.3.peg.2284.site.76, 18, 147, 165
411483.3.peg.2284.site.77, 3, 151, 154
411483.3.peg.2284.site.78, 80, 140, 220
411483.3.peg.2284.site.79, 75, 141, 216
411483.3.peg.2284.site.80, 6, 153, 159
411483.3.peg.2284.site.81, 11, 144, 155
411483.3.peg.2284.site.82, 1, 154, 155
411483.3.peg.2284.site.83, 1, 155, 156
411483.3.peg.2284.site.84, 1, 154, 155
411483.3.peg.2284.site.85, 6, 155, 161
411483.3.peg.2284.site.86, 3, 154, 157
411483.3.peg.2284.site.87, 115, 144, 259
411483.3.peg.2284.site.88, 1, 152, 153
411483.3.peg.2284.site.89, 5, 142, 147
411483.3.peg.2284.site.90, 15, 124, 139
411483.3.peg.2284.site.91, 5, 140, 145
411483.3.peg.2284.site.92, 22, 132, 154
411483.3.peg.2284.site.93, 0, 148, 148
411483.3.peg.2284.site.94, 2, 153, 155
411483.3.peg.2284.site.95, 3, 152, 155
411483.3.peg.2284.site.96, 2, 153, 155
411483.3.peg.2287.site.1, 1, 151, 152
411483.3.peg.2287.site.2, 50, 141, 191
411483.3.peg.2287.site.3, 1, 150, 151
411483.3.peg.2287.site.4, 9, 148, 157
411483.3.peg.2287.site.5, 143, 148, 291
411483.3.peg.2287.site.6, 1, 143, 144
411483.3.peg.2287.site.7, 4, 144, 148
411483.3.peg.2287.site.8, 3, 145, 148
411483.3.peg.2287.site.9, 2, 143, 145
411483.3.peg.2287.site.10, 9, 143, 152
411483.3.peg.2287.site.11, 14, 146, 160
411483.3.peg.2287.site.12, 4, 152, 156
411483.3.peg.2287.site.13, 87, 139, 226
411483.3.peg.2287.site.14, 0, 153, 153
411483.3.peg.2287.site.15, 1, 152, 153
411483.3.peg.2287.site.16, 6, 149, 155
411483.3.peg.2287.site.17, 2, 150, 152
411483.3.peg.2287.site.18, 142, 142, 284
411483.3.peg.2287.site.19, 7, 140, 147
411483.3.peg.2287.site.20, 1, 137, 138
411483.3.peg.2287.site.21, 1, 135, 136
411483.3.peg.2287.site.22, 1, 136, 137
411483.3.peg.2287.site.23, 1, 139, 140
411483.3.peg.2287.site.24, 15, 126, 141
411483.3.peg.2287.site.25, 28, 126, 154
411483.3.peg.2287.site.26, 1, 133, 134
411483.3.peg.2287.site.27, 1, 142, 143
411483.3.peg.2287.site.28, 3, 142, 145
411483.3.peg.2287.site.29, 3, 142, 145
411483.3.peg.2287.site.30, 2, 140, 142
411483.3.peg.2287.site.31, 47, 134, 181
411483.3.peg.2287.site.32, 25, 119, 144
411483.3.peg.2287.site.33, 3, 132, 135
411483.3.peg.2287.site.34, 14, 117, 131
411483.3.peg.2287.site.35, 13, 114, 127
411483.3.peg.2287.site.36, 32, 105, 137
411483.3.peg.2287.site.37, 40, 93, 133
411483.3.peg.2287.site.38, 88, 97, 185
411483.3.peg.2287.site.39, 8, 89, 97
411483.3.peg.2287.site.40, 17, 124, 141
411483.3.peg.2287.site.41, 65, 111, 176
411483.3.peg.2287.site.42, 18, 126, 144
411483.3.peg.2287.site.43, 2, 139, 141
411483.3.peg.2287.site.44, 0, 132, 132
411483.3.peg.2287.site.45, 1, 143, 144
411483.3.peg.2287.site.46, 1, 143, 144
411483.3.peg.2287.site.47, 6, 149, 155
411483.3.peg.2287.site.48, 25, 144, 169
411483.3.peg.2287.site.49, 9, 151, 160
411483.3.peg.2287.site.50, 1, 154, 155
411483.3.peg.2287.site.51, 7, 151, 158
411483.3.peg.2287.site.52, 34, 141, 175
411483.3.peg.2287.site.53, 16, 152, 168
411483.3.peg.2287.site.54, 20, 149, 169
411483.3.peg.2287.site.55, 2, 154, 156
411483.3.peg.2287.site.56, 2, 153, 155
411483.3.peg.2287.site.57, 46, 148, 194
411483.3.peg.2287.site.58, 6, 146, 152
411483.3.peg.2287.site.59, 4, 139, 143
411483.3.peg.2287.site.60, 139, 139, 278
411483.3.peg.2287.site.61, 4, 134, 138
411483.3.peg.2287.site.62, 3, 126, 129
411483.3.peg.2287.site.63, 2, 126, 128
411483.3.peg.2287.site.64, 0, 131, 131
411483.3.peg.2287.site.65, 1, 135, 136
411483.3.peg.2287.site.66, 3, 142, 145
411483.3.peg.2287.site.67, 27, 139, 166
411483.3.peg.2287.site.68, 0, 154, 154
411483.3.peg.2287.site.69, 23, 146, 169
411483.3.peg.2287.site.70, 3, 150, 153
411483.3.peg.2287.site.71, 1, 153, 154
411483.3.peg.2287.site.72, 3, 153, 156
411483.3.peg.2287.site.73, 146, 152, 298
411483.3.peg.2287.site.74, 6, 152, 158
411483.3.peg.2287.site.75, 3, 150, 153
411483.3.peg.2287.site.76, 13, 150, 163
411483.3.peg.2287.site.77, 3, 148, 151
411483.3.peg.2287.site.78, 47, 139, 186
411483.3.peg.2287.site.79, 3, 144, 147
411483.3.peg.2287.site.80, 53, 133, 186
411483.3.peg.2287.site.81, 4, 146, 150
411483.3.peg.2287.site.82, 1, 146, 147
411483.3.peg.2287.site.83, 6, 144, 150
411483.3.peg.2287.site.84, 10, 144, 154
411483.3.peg.2287.site.85, 102, 140, 242
411483.3.peg.2287.site.86, 29, 142, 171
411483.3.peg.2287.site.87, 25, 140, 165
411483.3.peg.2287.site.88, 11, 140, 151
411483.3.peg.2287.site.89, 3, 148, 151
411483.3.peg.2287.site.90, 9, 139, 148
411483.3.peg.2287.site.91, 23, 139, 162
411483.3.peg.2287.site.92, 1, 146, 147
411483.3.peg.2287.site.93, 1, 146, 147
411483.3.peg.2287.site.94, 0, 146, 146
411483.3.peg.2287.site.95, 1, 148, 149
411483.3.peg.2287.site.96, 7, 145, 152
411483.3.peg.2287.site.97, 1, 137, 138
411483.3.peg.2287.site.98, 26, 130, 156
411483.3.peg.2287.site.99, 1, 139, 140
411483.3.peg.2287.site.100, 3, 142, 145
411483.3.peg.2287.site.101, 15, 133, 148
411483.3.peg.2287.site.102, 12, 137, 149
411483.3.peg.2287.site.103, 2, 140, 142
411483.3.peg.2287.site.104, 2, 145, 147
411483.3.peg.2287.site.105, 0, 147, 147
411483.3.peg.2287.site.106, 10, 145, 155
411483.3.peg.2287.site.107, 4, 144, 148
411483.3.peg.2287.site.108, 2, 150, 152
411483.3.peg.2287.site.109, 5, 148, 153
411483.3.peg.2286.site.1, 3, 152, 155
411483.3.peg.2286.site.2, 12, 152, 164
411483.3.peg.2286.site.3, 4, 150, 154
411483.3.peg.2286.site.4, 7, 150, 157
411483.3.peg.2286.site.5, 16, 140, 156
411483.3.peg.2286.site.6, 3, 149, 152
411483.3.peg.2286.site.7, 62, 134, 196
411483.3.peg.2286.site.8, 3, 140, 143
411483.3.peg.2286.site.9, 2, 145, 147
411483.3.peg.2286.site.10, 72, 137, 209
411483.3.peg.2286.site.11, 44, 131, 175
411483.3.peg.2286.site.12, 4, 139, 143
411483.3.peg.2286.site.13, 135, 140, 275
411483.3.peg.2286.site.14, 2, 147, 149
411483.3.peg.2286.site.15, 29, 140, 169
411483.3.peg.2286.site.16, 1, 147, 148
411483.3.peg.2286.site.17, 5, 135, 140
411483.3.peg.2286.site.18, 3, 141, 144
411483.3.peg.2286.site.19, 3, 142, 145
411483.3.peg.2286.site.20, 3, 126, 129
411483.3.peg.2286.site.21, 2, 123, 125
411483.3.peg.2286.site.22, 5, 124, 129
411483.3.peg.2286.site.23, 1, 124, 125
411483.3.peg.2286.site.24, 54, 87, 141
411483.3.peg.2286.site.25, 3, 110, 113
411483.3.peg.2286.site.26, 95, 102, 197
411483.3.peg.2286.site.27, 100, 104, 204
411483.3.peg.2286.site.28, 3, 108, 111
411483.3.peg.2286.site.29, 3, 116, 119
411483.3.peg.2286.site.30, 7, 121, 128
411483.3.peg.2286.site.31, 8, 116, 124
411483.3.peg.2286.site.32, 2, 125, 127
411483.3.peg.2286.site.33, 2, 121, 123
411483.3.peg.2286.site.34, 2, 127, 129
411483.3.peg.2286.site.35, 20, 123, 143
411483.3.peg.2286.site.36, 7, 127, 134
411483.3.peg.2286.site.37, 3, 119, 122
411483.3.peg.2286.site.38, 25, 120, 145
411483.3.peg.2286.site.39, 8, 120, 128
411483.3.peg.2286.site.40, 2, 122, 124
411483.3.peg.2286.site.41, 6, 123, 129
411483.3.peg.2286.site.42, 14, 110, 124
411483.3.peg.2286.site.43, 1, 116, 117
411483.3.peg.2286.site.44, 1, 105, 106
411483.3.peg.2286.site.45, 2, 126, 128
411483.3.peg.2286.site.46, 7, 111, 118
411483.3.peg.2286.site.47, 2, 121, 123
411483.3.peg.2286.site.48, 1, 128, 129
411483.3.peg.2286.site.49, 3, 137, 140
411483.3.peg.2286.site.50, 1, 150, 151
411483.3.peg.2286.site.51, 2, 151, 153
411483.3.peg.2286.site.52, 68, 145, 213
411483.3.peg.2286.site.53, 1, 154, 155
411483.3.peg.2286.site.54, 1, 153, 154
411483.3.peg.2286.site.55, 7, 152, 159
411483.3.peg.2286.site.56, 0, 150, 150
411483.3.peg.2286.site.57, 32, 143, 175
411483.3.peg.2286.site.58, 0, 145, 145
411483.3.peg.2286.site.59, 6, 139, 145
411483.3.peg.2286.site.60, 7, 136, 143
411483.3.peg.2286.site.61, 49, 129, 178
411483.3.peg.2286.site.62, 7, 150, 157
411483.3.peg.2286.site.63, 58, 135, 193
411483.3.peg.2286.site.64, 10, 137, 147
411483.3.peg.2286.site.65, 1, 152, 153
411483.3.peg.2286.site.66, 3, 147, 150
411483.3.peg.2286.site.67, 29, 145, 174
411483.3.peg.2286.site.68, 1, 151, 152
411483.3.peg.2286.site.69, 4, 150, 154
411483.3.peg.2286.site.70, 1, 149, 150
411483.3.peg.2286.site.71, 4, 148, 152
411483.3.peg.2286.site.72, 7, 144, 151
411483.3.peg.2286.site.73, 82, 135, 217
411483.3.peg.2286.site.74, 0, 145, 145
411483.3.peg.2286.site.75, 4, 145, 149
411483.3.peg.2286.site.76, 22, 140, 162
411483.3.peg.2286.site.77, 0, 139, 139
411483.3.peg.2286.site.78, 2, 140, 142
411483.3.peg.2286.site.79, 4, 139, 143
411483.3.peg.2286.site.80, 24, 136, 160
411483.3.peg.2286.site.81, 4, 145, 149
411483.3.peg.2286.site.82, 2, 147, 149
411483.3.peg.2286.site.83, 0, 152, 152
411483.3.peg.2286.site.84, 6, 153, 159
411483.3.peg.2286.site.85, 1, 152, 153
411483.3.peg.2286.site.86, 22, 150, 172
411483.3.peg.2286.site.87, 9, 151, 160
411483.3.peg.2286.site.88, 3, 153, 156
411483.3.peg.2286.site.89, 1, 154, 155
411483.3.peg.2286.site.90, 126, 148, 274
411483.3.peg.2286.site.91, 32, 143, 175
411483.3.peg.2286.site.92, 5, 151, 156
411483.3.peg.2286.site.93, 18, 149, 167
411483.3.peg.2286.site.94, 4, 153, 157
411483.3.peg.2286.site.95, 1, 155, 156
411483.3.peg.2286.site.96, 2, 155, 157
411483.3.peg.2286.site.97, 2, 152, 154
411483.3.peg.2286.site.98, 3, 153, 156
411483.3.peg.2286.site.99, 4, 153, 157
411483.3.peg.2286.site.100, 1, 152, 153
411483.3.peg.2286.site.101, 1, 153, 154
411483.3.peg.2286.site.102, 10, 152, 162
411483.3.peg.2286.site.103, 0, 153, 153
411483.3.peg.2286.site.104, 5, 152, 157
411483.3.peg.1262.site.1, 0, 153, 153
411483.3.peg.1262.site.2, 1, 151, 152
411483.3.peg.1262.site.3, 0, 148, 148
411483.3.peg.1262.site.4, 6, 151, 157
411483.3.peg.1262.site.5, 9, 140, 149
411483.3.peg.1262.site.6, 105, 128, 233
411483.3.peg.1262.site.7, 2, 137, 139
411483.3.peg.1262.site.8, 0, 121, 121
411483.3.peg.1262.site.9, 48, 108, 156
411483.3.peg.1262.site.10, 2, 124, 126
411483.3.peg.1262.site.11, 3, 123, 126
411483.3.peg.1262.site.12, 7, 118, 125
411483.3.peg.1262.site.13, 10, 128, 138
411483.3.peg.1262.site.14, 19, 125, 144
411483.3.peg.1262.site.15, 4, 138, 142
411483.3.peg.1262.site.16, 4, 143, 147
411483.3.peg.1262.site.17, 1, 144, 145
411483.3.peg.1262.site.18, 4, 144, 148
411483.3.peg.1262.site.19, 2, 147, 149
411483.3.peg.1262.site.20, 1, 148, 149
411483.3.peg.1262.site.21, 8, 148, 156
411483.3.peg.1262.site.22, 0, 144, 144
411483.3.peg.1262.site.23, 0, 147, 147
411483.3.peg.1262.site.24, 5, 144, 149
411483.3.peg.1262.site.25, 0, 136, 136
411483.3.peg.1262.site.26, 20, 121, 141
411483.3.peg.1262.site.27, 1, 121, 122
411483.3.peg.1262.site.28, 12, 122, 134
411483.3.peg.1262.site.29, 23, 115, 138
411483.3.peg.1262.site.30, 4, 119, 123
411483.3.peg.1262.site.31, 5, 118, 123
411483.3.peg.1262.site.32, 92, 110, 202
411483.3.peg.1262.site.33, 113, 115, 228
411483.3.peg.1262.site.34, 0, 111, 111
411483.3.peg.1262.site.35, 1, 111, 112
411483.3.peg.1262.site.36, 0, 124, 124
411483.3.peg.1262.site.37, 2, 122, 124
411483.3.peg.1262.site.38, 3, 130, 133
411483.3.peg.1262.site.39, 2, 131, 133
411483.3.peg.1262.site.40, 6, 133, 139
411483.3.peg.1262.site.41, 1, 136, 137
411483.3.peg.1262.site.42, 6, 137, 143
411483.3.peg.1262.site.43, 0, 146, 146
411483.3.peg.1262.site.44, 1, 152, 153
411483.3.peg.1262.site.45, 32, 147, 179
411483.3.peg.1262.site.46, 4, 148, 152
411483.3.peg.1262.site.47, 1, 149, 150
411483.3.peg.1262.site.48, 5, 150, 155
411483.3.peg.1262.site.49, 1, 149, 150
411483.3.peg.1262.site.50, 0, 150, 150
411483.3.peg.1262.site.51, 22, 150, 172
411483.3.peg.1262.site.52, 22, 151, 173
411483.3.peg.1262.site.53, 33, 146, 179
411483.3.peg.1262.site.54, 7, 150, 157
411483.3.peg.1262.site.55, 3, 147, 150
411483.3.peg.1262.site.56, 11, 149, 160
411483.3.peg.1262.site.57, 2, 149, 151
411483.3.peg.1262.site.58, 37, 141, 178
411483.3.peg.1262.site.59, 3, 151, 154
411483.3.peg.1262.site.60, 28, 144, 172
411483.3.peg.1262.site.61, 2, 152, 154
411483.3.peg.1262.site.62, 2, 148, 150
411483.3.peg.1262.site.63, 1, 152, 153
411483.3.peg.1262.site.64, 60, 146, 206
411483.3.peg.1262.site.65, 0, 150, 150
411483.3.peg.1262.site.66, 6, 150, 156
411483.3.peg.2288.site.1, 5, 145, 150
411483.3.peg.2288.site.2, 1, 143, 144
411483.3.peg.2288.site.3, 145, 146, 291
411483.3.peg.2288.site.4, 42, 136, 178
411483.3.peg.2288.site.5, 1, 145, 146
411483.3.peg.2288.site.6, 91, 138, 229
411483.3.peg.2288.site.7, 9, 146, 155
411483.3.peg.2288.site.8, 19, 147, 166
411483.3.peg.2288.site.9, 5, 147, 152
411483.3.peg.2288.site.10, 4, 145, 149
411483.3.peg.2288.site.11, 2, 145, 147
411483.3.peg.2288.site.12, 13, 135, 148
411483.3.peg.2288.site.13, 1, 116, 117
411483.3.peg.2288.site.14, 0, 137, 137
411483.3.peg.2288.site.15, 0, 134, 134
411483.3.peg.2288.site.16, 4, 136, 140
411483.3.peg.2288.site.17, 34, 109, 143
411483.3.peg.2288.site.18, 1, 115, 116
411483.3.peg.2288.site.19, 0, 136, 136
411483.3.peg.2288.site.20, 1, 136, 137
411483.3.peg.2288.site.21, 9, 138, 147
411483.3.peg.2288.site.22, 9, 133, 142
411483.3.peg.2288.site.23, 3, 140, 143
411483.3.peg.2288.site.24, 0, 139, 139
411483.3.peg.2288.site.25, 6, 142, 148
411483.3.peg.2288.site.26, 0, 138, 138
411483.3.peg.2288.site.27, 3, 143, 146
411483.3.peg.2288.site.28, 109, 137, 246
411483.3.peg.2288.site.29, 1, 143, 144
411483.3.peg.2288.site.30, 3, 145, 148
411483.3.peg.2288.site.31, 2, 144, 146
411483.3.peg.2288.site.32, 2, 143, 145
411483.3.peg.2288.site.33, 1, 143, 144
411483.3.peg.2288.site.34, 32, 142, 174
411483.3.peg.2288.site.35, 1, 148, 149
411483.3.peg.2288.site.36, 3, 145, 148
411483.3.peg.2288.site.37, 12, 143, 155
411483.3.peg.2288.site.38, 7, 143, 150
411483.3.peg.2288.site.39, 11, 139, 150
411483.3.peg.2288.site.40, 1, 140, 141
411483.3.peg.2288.site.41, 133, 141, 274
411483.3.peg.2288.site.42, 2, 138, 140
411483.3.peg.2288.site.43, 58, 117, 175
411483.3.peg.2288.site.44, 7, 138, 145
411483.3.peg.2288.site.45, 1, 131, 132
411483.3.peg.2288.site.46, 1, 128, 129
411483.3.peg.2288.site.47, 7, 119, 126
411483.3.peg.2288.site.48, 1, 123, 124
411483.3.peg.2288.site.49, 14, 127, 141
411483.3.peg.2288.site.50, 5, 129, 134
411483.3.peg.2288.site.51, 1, 141, 142
411483.3.peg.2288.site.52, 2, 143, 145
411483.3.peg.2288.site.53, 107, 140, 247
411483.3.peg.2288.site.54, 3, 144, 147
411483.3.peg.2288.site.55, 2, 148, 150
411483.3.peg.2288.site.56, 2, 149, 151
411483.3.peg.2288.site.57, 0, 147, 147
411483.3.peg.2288.site.58, 1, 139, 140
411483.3.peg.2288.site.59, 1, 147, 148
411483.3.peg.2288.site.60, 0, 142, 142
411483.3.peg.2288.site.61, 1, 139, 140
411483.3.peg.2288.site.62, 1, 143, 144
411483.3.peg.2288.site.63, 1, 142, 143
411483.3.peg.2288.site.64, 3, 140, 143
411483.3.peg.2288.site.65, 7, 140, 147
411483.3.peg.2288.site.66, 74, 135, 209
411483.3.peg.2288.site.67, 1, 145, 146
411483.3.peg.2288.site.68, 17, 143, 160
411483.3.peg.2288.site.69, 3, 144, 147
411483.3.peg.2288.site.70, 116, 139, 255
411483.3.peg.2288.site.71, 2, 147, 149
411483.3.peg.2288.site.72, 10, 145, 155
411483.3.peg.2288.site.73, 73, 136, 209
411483.3.peg.2288.site.74, 3, 148, 151
411483.3.peg.2288.site.75, 1, 146, 147
411483.3.peg.2288.site.76, 14, 142, 156
411483.3.peg.2288.site.77, 8, 142, 150
411483.3.peg.2288.site.78, 2, 147, 149
411483.3.peg.2288.site.79, 1, 146, 147
411483.3.peg.2288.site.80, 8, 145, 153
411483.3.peg.2288.site.81, 150, 151, 301
411483.3.peg.2288.site.82, 7, 149, 156
411483.3.peg.2288.site.83, 1, 151, 152
411483.3.peg.2288.site.84, 3, 150, 153
411483.3.peg.2288.site.85, 1, 150, 151
411483.3.peg.2288.site.86, 1, 152, 153
411483.3.peg.295.site.1, 61, 150, 211
411483.3.peg.295.site.2, 9, 152, 161
411483.3.peg.295.site.3, 84, 148, 232
411483.3.peg.295.site.4, 1, 152, 153
411483.3.peg.295.site.5, 0, 148, 148
411483.3.peg.295.site.6, 98, 138, 236
411483.3.peg.295.site.7, 104, 143, 247
411483.3.peg.295.site.8, 10, 141, 151
411483.3.peg.295.site.9, 4, 152, 156
411483.3.peg.295.site.10, 1, 150, 151
411483.3.peg.295.site.11, 3, 142, 145
411483.3.peg.295.site.12, 3, 149, 152
411483.3.peg.295.site.13, 30, 138, 168
411483.3.peg.295.site.14, 118, 144, 262
411483.3.peg.295.site.15, 1, 150, 151
411483.3.peg.295.site.16, 6, 149, 155
411483.3.peg.295.site.17, 7, 150, 157
411483.3.peg.295.site.18, 8, 151, 159
411483.3.peg.295.site.19, 5, 153, 158
411483.3.peg.295.site.20, 1, 152, 153
411483.3.peg.295.site.21, 1, 153, 154
411483.3.peg.295.site.22, 93, 140, 233
411483.3.peg.295.site.23, 0, 151, 151
411483.3.peg.295.site.24, 0, 152, 152
411483.3.peg.295.site.25, 3, 148, 151
411483.3.peg.295.site.26, 4, 149, 153
411483.3.peg.295.site.27, 1, 145, 146
411483.3.peg.295.site.28, 6, 144, 150
411483.3.peg.295.site.29, 4, 146, 150
411483.3.peg.295.site.30, 0, 138, 138
411483.3.peg.295.site.31, 10, 138, 148
411483.3.peg.295.site.32, 2, 142, 144
411483.3.peg.295.site.33, 4, 150, 154
411483.3.peg.295.site.34, 0, 148, 148
411483.3.peg.295.site.35, 0, 150, 150
411483.3.peg.295.site.36, 1, 152, 153
411483.3.peg.295.site.37, 86, 147, 233
411483.3.peg.295.site.38, 2, 150, 152
411483.3.peg.295.site.39, 12, 151, 163
411483.3.peg.295.site.40, 8, 152, 160
411483.3.peg.295.site.41, 7, 154, 161
411483.3.peg.295.site.42, 1, 153, 154
411483.3.peg.295.site.43, 0, 152, 152
411483.3.peg.295.site.44, 154, 155, 309
411483.3.peg.295.site.45, 5, 154, 159
411483.3.peg.1264.site.1, 2, 148, 150
411483.3.peg.1264.site.2, 1, 140, 141
411483.3.peg.1264.site.3, 7, 141, 148
411483.3.peg.1264.site.4, 7, 137, 144
411483.3.peg.1264.site.5, 1, 134, 135
411483.3.peg.1264.site.6, 83, 131, 214
411483.3.peg.1264.site.7, 1, 148, 149
411483.3.peg.1264.site.8, 6, 147, 153
411483.3.peg.1264.site.9, 6, 151, 157
411483.3.peg.1264.site.10, 2, 151, 153
411483.3.peg.1264.site.11, 8, 148, 156
411483.3.peg.1264.site.12, 1, 148, 149
411483.3.peg.1264.site.13, 1, 149, 150
411483.3.peg.1264.site.14, 12, 141, 153
411483.3.peg.1264.site.15, 1, 147, 148
411483.3.peg.1264.site.16, 0, 147, 147
411483.3.peg.1264.site.17, 11, 145, 156
411483.3.peg.1264.site.18, 3, 150, 153
411483.3.peg.1264.site.19, 2, 147, 149
411483.3.peg.1264.site.20, 6, 147, 153
411483.3.peg.1264.site.21, 0, 144, 144
411483.3.peg.1264.site.22, 4, 144, 148
411483.3.peg.1264.site.23, 1, 147, 148
411483.3.peg.1264.site.24, 3, 147, 150
411483.3.peg.1264.site.25, 25, 141, 166
411483.3.peg.1264.site.26, 0, 151, 151
411483.3.peg.1264.site.27, 4, 151, 155
411483.3.peg.1264.site.28, 3, 149, 152
411483.3.peg.1264.site.29, 0, 153, 153
411483.3.peg.1264.site.30, 93, 144, 237
411483.3.peg.1264.site.31, 0, 150, 150
411483.3.peg.1264.site.32, 2, 152, 154
411483.3.peg.1264.site.33, 0, 153, 153
411483.3.peg.1264.site.34, 4, 150, 154
411483.3.peg.1264.site.35, 146, 152, 298
411483.3.peg.1264.site.36, 55, 140, 195
411483.3.peg.1264.site.37, 3, 153, 156
411483.3.peg.1264.site.38, 20, 148, 168
411483.3.peg.1264.site.39, 0, 148, 148
411483.3.peg.1264.site.40, 0, 153, 153
411483.3.peg.1264.site.41, 2, 155, 157
411483.3.peg.1264.site.42, 4, 152, 156
411483.3.peg.1264.site.43, 13, 148, 161
411483.3.peg.1264.site.44, 16, 153, 169
411483.3.peg.1264.site.45, 3, 154, 157
411483.3.peg.1264.site.46, 0, 155, 155
411483.3.peg.1265.site.1, 23, 128, 151
411483.3.peg.1265.site.2, 6, 140, 146
411483.3.peg.1265.site.3, 2, 139, 141
411483.3.peg.1265.site.4, 2, 149, 151
411483.3.peg.1265.site.5, 10, 145, 155
411483.3.peg.1265.site.6, 9, 146, 155
411483.3.peg.1265.site.7, 1, 152, 153
411483.3.peg.1265.site.8, 3, 154, 157
411483.3.peg.1265.site.9, 53, 138, 191
411483.3.peg.1265.site.10, 1, 149, 150
411483.3.peg.1265.site.11, 5, 152, 157
411483.3.peg.1265.site.12, 2, 146, 148
411483.3.peg.1265.site.13, 1, 146, 147
411483.3.peg.1265.site.14, 2, 141, 143
411483.3.peg.1265.site.15, 114, 129, 243
411483.3.peg.1265.site.16, 1, 132, 133
411483.3.peg.1265.site.17, 106, 127, 233
411483.3.peg.1265.site.18, 50, 113, 163
411483.3.peg.1265.site.19, 91, 125, 216
411483.3.peg.1265.site.20, 22, 134, 156
411483.3.peg.1265.site.21, 1, 136, 137
411483.3.peg.1265.site.22, 2, 144, 146
411483.3.peg.1265.site.23, 129, 143, 272
411483.3.peg.1265.site.24, 6, 147, 153
411483.3.peg.1265.site.25, 5, 151, 156
411483.3.peg.1265.site.26, 1, 153, 154
411483.3.peg.1265.site.27, 3, 149, 152
411483.3.peg.1265.site.28, 1, 135, 136
411483.3.peg.1265.site.29, 3, 114, 117
411483.3.peg.1265.site.30, 3, 120, 123
411483.3.peg.1265.site.31, 2, 108, 110
411483.3.peg.1265.site.32, 1, 103, 104
411483.3.peg.1265.site.33, 1, 107, 108
411483.3.peg.1265.site.34, 5, 101, 106
411483.3.peg.1265.site.35, 3, 94, 97
411483.3.peg.1265.site.36, 4, 103, 107
411483.3.peg.1265.site.37, 46, 100, 146
411483.3.peg.1265.site.38, 25, 90, 115
411483.3.peg.1265.site.39, 18, 107, 125
411483.3.peg.1265.site.40, 2, 104, 106
411483.3.peg.1265.site.41, 2, 114, 116
411483.3.peg.1265.site.42, 19, 111, 130
411483.3.peg.1265.site.43, 2, 111, 113
411483.3.peg.1265.site.44, 1, 121, 122
411483.3.peg.1265.site.45, 1, 122, 123
411483.3.peg.1265.site.46, 1, 118, 119
411483.3.peg.1265.site.47, 108, 115, 223
411483.3.peg.1265.site.48, 1, 121, 122
411483.3.peg.1265.site.49, 2, 141, 143
411483.3.peg.1265.site.50, 11, 145, 156
411483.3.peg.1265.site.51, 13, 146, 159
411483.3.peg.1265.site.52, 94, 140, 234
411483.3.peg.1265.site.53, 32, 138, 170
411483.3.peg.1265.site.54, 4, 142, 146
411483.3.peg.1265.site.55, 1, 143, 144
411483.3.peg.1468.site.1, 0, 154, 154
411483.3.peg.1468.site.2, 4, 154, 158
411483.3.peg.1468.site.3, 1, 155, 156
411483.3.peg.1468.site.4, 9, 151, 160
411483.3.peg.1468.site.5, 1, 151, 152
411483.3.peg.1468.site.6, 3, 149, 152
411483.3.peg.1468.site.7, 0, 150, 150
411483.3.peg.1468.site.8, 26, 145, 171
411483.3.peg.1468.site.9, 0, 147, 147
411483.3.peg.1468.site.10, 3, 148, 151
411483.3.peg.1468.site.11, 4, 149, 153
411483.3.peg.1468.site.12, 4, 152, 156
411483.3.peg.1468.site.13, 21, 150, 171
411483.3.peg.1468.site.14, 1, 154, 155
411483.3.peg.1468.site.15, 3, 153, 156
411483.3.peg.1468.site.16, 2, 152, 154
411483.3.peg.1468.site.17, 3, 152, 155
411483.3.peg.1468.site.18, 152, 152, 304
411483.3.peg.1468.site.19, 0, 150, 150
411483.3.peg.109.site.1, 1, 102, 103
411483.3.peg.109.site.2, 1, 114, 115
411483.3.peg.109.site.3, 0, 126, 126
411483.3.peg.109.site.4, 0, 142, 142
411483.3.peg.109.site.5, 5, 151, 156
411483.3.peg.109.site.6, 0, 151, 151
411483.3.peg.109.site.7, 0, 152, 152
411483.3.peg.109.site.8, 0, 151, 151
411483.3.peg.109.site.9, 3, 151, 154
411483.3.peg.109.site.10, 9, 148, 157
411483.3.peg.109.site.11, 5, 148, 153
411483.3.peg.109.site.12, 2, 148, 150
411483.3.peg.109.site.13, 5, 148, 153
411483.3.peg.109.site.14, 2, 149, 151
411483.3.peg.109.site.15, 28, 143, 171
411483.3.peg.109.site.16, 4, 150, 154
411483.3.peg.109.site.17, 0, 150, 150
411483.3.peg.109.site.18, 3, 151, 154
411483.3.peg.109.site.19, 3, 153, 156
411483.3.peg.109.site.20, 1, 151, 152
411483.3.peg.109.site.21, 0, 150, 150
411483.3.peg.109.site.22, 3, 151, 154
411483.3.peg.109.site.23, 0, 149, 149
411483.3.peg.109.site.24, 5, 150, 155
411483.3.peg.109.site.25, 25, 146, 171
411483.3.peg.109.site.26, 12, 150, 162
411483.3.peg.109.site.27, 2, 150, 152
411483.3.peg.109.site.28, 1, 149, 150
411483.3.peg.109.site.29, 4, 145, 149
411483.3.peg.109.site.30, 11, 142, 153
411483.3.peg.109.site.31, 0, 141, 141
411483.3.peg.109.site.32, 1, 145, 146
411483.3.peg.109.site.33, 0, 144, 144
411483.3.peg.109.site.34, 1, 142, 143
411483.3.peg.109.site.35, 2, 147, 149
411483.3.peg.109.site.36, 46, 140, 186
411483.3.peg.109.site.37, 1, 148, 149
411483.3.peg.109.site.38, 14, 144, 158
411483.3.peg.109.site.39, 1, 145, 146
411483.3.peg.109.site.40, 147, 147, 294
411483.3.peg.109.site.41, 1, 143, 144
411483.3.peg.109.site.42, 3, 139, 142
411483.3.peg.109.site.43, 26, 137, 163
411483.3.peg.109.site.44, 2, 141, 143
411483.3.peg.109.site.45, 6, 138, 144
411483.3.peg.109.site.46, 5, 137, 142
411483.3.peg.109.site.47, 6, 139, 145
411483.3.peg.109.site.48, 3, 138, 141
411483.3.peg.109.site.49, 3, 139, 142
411483.3.peg.109.site.50, 140, 140, 280
411483.3.peg.109.site.51, 75, 129, 204
411483.3.peg.109.site.52, 15, 137, 152
411483.3.peg.109.site.53, 0, 140, 140
411483.3.peg.109.site.54, 0, 145, 145
411483.3.peg.109.site.55, 16, 136, 152
411483.3.peg.109.site.56, 9, 142, 151
411483.3.peg.109.site.57, 0, 142, 142
411483.3.peg.109.site.58, 10, 147, 157
411483.3.peg.109.site.59, 1, 149, 150
411483.3.peg.109.site.60, 1, 144, 145
411483.3.peg.109.site.61, 1, 143, 144
411483.3.peg.109.site.62, 2, 143, 145
411483.3.peg.109.site.63, 2, 145, 147
411483.3.peg.109.site.64, 143, 143, 286
411483.3.peg.109.site.65, 10, 134, 144
411483.3.peg.109.site.66, 2, 141, 143
411483.3.peg.109.site.67, 71, 131, 202
411483.3.peg.109.site.68, 1, 143, 144
411483.3.peg.109.site.69, 9, 136, 145
411483.3.peg.109.site.70, 4, 140, 144
411483.3.peg.109.site.71, 0, 141, 141
411483.3.peg.109.site.72, 15, 138, 153
411483.3.peg.109.site.73, 15, 133, 148
411483.3.peg.294.site.1, 1, 93, 94
411483.3.peg.294.site.2, 5, 81, 86
411483.3.peg.294.site.3, 3, 113, 116
411483.3.peg.294.site.4, 1, 122, 123
411483.3.peg.294.site.5, 61, 114, 175
411483.3.peg.294.site.6, 0, 127, 127
411483.3.peg.294.site.7, 2, 139, 141
411483.3.peg.294.site.8, 16, 131, 147
411483.3.peg.294.site.9, 11, 150, 161
411483.3.peg.294.site.10, 4, 139, 143
411483.3.peg.294.site.11, 120, 138, 258
411483.3.peg.294.site.12, 2, 148, 150
411483.3.peg.294.site.13, 2, 143, 145
411483.3.peg.294.site.14, 0, 149, 149
411483.3.peg.294.site.15, 16, 139, 155
411483.3.peg.294.site.16, 2, 150, 152
411483.3.peg.294.site.17, 3, 147, 150
411483.3.peg.294.site.18, 99, 135, 234
411483.3.peg.294.site.19, 2, 150, 152
411483.3.peg.294.site.20, 4, 147, 151
411483.3.peg.294.site.21, 83, 134, 217
411483.3.peg.294.site.22, 0, 149, 149
411483.3.peg.294.site.23, 4, 152, 156
411483.3.peg.294.site.24, 6, 151, 157
411483.3.peg.294.site.25, 85, 141, 226
411483.3.peg.294.site.26, 7, 146, 153
411483.3.peg.294.site.27, 1, 147, 148
411483.3.peg.294.site.28, 4, 151, 155
411483.3.peg.294.site.29, 5, 151, 156
411483.3.peg.294.site.30, 0, 148, 148
411483.3.peg.294.site.31, 0, 152, 152
411483.3.peg.294.site.32, 13, 150, 163
411483.3.peg.294.site.33, 6, 150, 156
411483.3.peg.294.site.34, 2, 151, 153
411483.3.peg.294.site.35, 8, 151, 159
411483.3.peg.294.site.36, 3, 149, 152
411483.3.peg.294.site.37, 6, 151, 157
411483.3.peg.294.site.38, 7, 145, 152
411483.3.peg.294.site.39, 2, 152, 154
411483.3.peg.294.site.40, 1, 152, 153
411483.3.peg.294.site.41, 38, 140, 178
411483.3.peg.294.site.42, 1, 153, 154
411483.3.peg.294.site.43, 1, 153, 154
411483.3.peg.108.site.1, 1, 153, 154
411483.3.peg.108.site.2, 5, 153, 158
411483.3.peg.108.site.3, 3, 153, 156
411483.3.peg.108.site.4, 20, 144, 164
411483.3.peg.108.site.5, 0, 150, 150
411483.3.peg.108.site.6, 10, 153, 163
411483.3.peg.108.site.7, 0, 155, 155
411483.3.peg.108.site.8, 3, 153, 156
411483.3.peg.108.site.9, 0, 152, 152
411483.3.peg.108.site.10, 8, 153, 161
411483.3.peg.108.site.11, 1, 153, 154
411483.3.peg.108.site.12, 3, 152, 155
411483.3.peg.108.site.13, 1, 152, 153
411483.3.peg.108.site.14, 0, 150, 150
411483.3.peg.108.site.15, 1, 151, 152
411483.3.peg.108.site.16, 0, 151, 151
411483.3.peg.108.site.17, 1, 153, 154
411483.3.peg.108.site.18, 2, 151, 153
411483.3.peg.108.site.19, 13, 142, 155
411483.3.peg.108.site.20, 0, 150, 150
411483.3.peg.108.site.21, 5, 142, 147
411483.3.peg.108.site.22, 2, 148, 150
411483.3.peg.108.site.23, 4, 151, 155
411483.3.peg.108.site.24, 0, 152, 152
411483.3.peg.108.site.25, 8, 154, 162
411483.3.peg.108.site.26, 0, 152, 152
411483.3.peg.108.site.27, 1, 147, 148
411483.3.peg.108.site.28, 3, 137, 140
411483.3.peg.108.site.29, 1, 140, 141
411483.3.peg.108.site.30, 1, 116, 117
411483.3.peg.108.site.31, 4, 70, 74
411483.3.peg.108.site.32, 33, 47, 80
411483.3.peg.108.site.33, 34, 47, 81
411483.3.peg.108.site.34, 1, 58, 59
411483.3.peg.108.site.35, 1, 139, 140
411483.3.peg.108.site.36, 38, 141, 179
411483.3.peg.108.site.37, 1, 148, 149
411483.3.peg.108.site.38, 2, 148, 150
411483.3.peg.108.site.39, 1, 146, 147
411483.3.peg.108.site.40, 4, 144, 148
411483.3.peg.108.site.41, 48, 140, 188
411483.3.peg.108.site.42, 1, 143, 144
411483.3.peg.108.site.43, 31, 137, 168
411483.3.peg.108.site.44, 2, 142, 144
411483.3.peg.108.site.45, 28, 120, 148
411483.3.peg.108.site.46, 12, 139, 151
411483.3.peg.108.site.47, 6, 147, 153
411483.3.peg.108.site.48, 4, 148, 152
411483.3.peg.108.site.49, 5, 147, 152
411483.3.peg.108.site.50, 3, 148, 151
411483.3.peg.108.site.51, 1, 150, 151
411483.3.peg.108.site.52, 2, 149, 151
411483.3.peg.108.site.53, 2, 148, 150
411483.3.peg.108.site.54, 41, 135, 176
411483.3.peg.108.site.55, 1, 140, 141
411483.3.peg.108.site.56, 0, 138, 138
411483.3.peg.108.site.57, 3, 130, 133
411483.3.peg.108.site.58, 1, 101, 102
411483.3.peg.108.site.59, 10, 80, 90
411483.3.peg.328.site.1, 18, 126, 144
411483.3.peg.328.site.2, 133, 136, 269
411483.3.peg.328.site.3, 3, 136, 139
411483.3.peg.328.site.4, 2, 148, 150
411483.3.peg.328.site.5, 1, 146, 147
411483.3.peg.328.site.6, 30, 141, 171
411483.3.peg.328.site.7, 5, 140, 145
411483.3.peg.328.site.8, 12, 135, 147
411483.3.peg.328.site.9, 15, 129, 144
411483.3.peg.328.site.10, 1, 141, 142
411483.3.peg.328.site.11, 54, 136, 190
411483.3.peg.328.site.12, 2, 142, 144
411483.3.peg.328.site.13, 1, 146, 147
411483.3.peg.328.site.14, 22, 133, 155
411483.3.peg.328.site.15, 1, 134, 135
411483.3.peg.328.site.16, 0, 139, 139
411483.3.peg.328.site.17, 47, 133, 180
411483.3.peg.328.site.18, 0, 151, 151
411483.3.peg.328.site.19, 1, 150, 151
411483.3.peg.328.site.20, 3, 151, 154
411483.3.peg.328.site.21, 13, 149, 162
411483.3.peg.328.site.22, 3, 146, 149
411483.3.peg.328.site.23, 0, 144, 144
411483.3.peg.328.site.24, 1, 147, 148
411483.3.peg.328.site.25, 1, 145, 146
411483.3.peg.328.site.26, 44, 137, 181
411483.3.peg.328.site.27, 8, 123, 131
411483.3.peg.328.site.28, 1, 139, 140
411483.3.peg.328.site.29, 4, 136, 140
411483.3.peg.328.site.30, 2, 144, 146
411483.3.peg.328.site.31, 4, 146, 150
411483.3.peg.328.site.32, 3, 148, 151
411483.3.peg.328.site.33, 3, 149, 152
411483.3.peg.328.site.34, 1, 151, 152
411483.3.peg.328.site.35, 1, 153, 154
411483.3.peg.328.site.36, 2, 153, 155
411483.3.peg.328.site.37, 6, 153, 159
411483.3.peg.328.site.38, 1, 153, 154
411483.3.peg.328.site.39, 2, 148, 150
411483.3.peg.328.site.40, 1, 152, 153
411483.3.peg.328.site.41, 0, 147, 147
411483.3.peg.328.site.42, 1, 150, 151
411483.3.peg.328.site.43, 1, 151, 152
411483.3.peg.328.site.44, 0, 150, 150
411483.3.peg.328.site.45, 1, 146, 147
411483.3.peg.328.site.46, 1, 150, 151
411483.3.peg.328.site.47, 145, 152, 297
411483.3.peg.328.site.48, 1, 153, 154
411483.3.peg.328.site.49, 2, 154, 156
411483.3.peg.328.site.50, 1, 153, 154
411483.3.peg.328.site.51, 3, 152, 155
411483.3.peg.328.site.52, 2, 153, 155
411483.3.peg.328.site.53, 7, 154, 161
411483.3.peg.328.site.54, 0, 152, 152
411483.3.peg.328.site.55, 2, 152, 154
411483.3.peg.328.site.56, 4, 151, 155
411483.3.peg.328.site.57, 0, 150, 150
411483.3.peg.328.site.58, 2, 152, 154
411483.3.peg.328.site.59, 131, 150, 281
411483.3.peg.328.site.60, 138, 150, 288
411483.3.peg.328.site.61, 4, 148, 152
411483.3.peg.328.site.62, 1, 146, 147
411483.3.peg.328.site.63, 0, 144, 144
411483.3.peg.328.site.64, 5, 143, 148
411483.3.peg.328.site.65, 2, 142, 144
411483.3.peg.328.site.66, 4, 142, 146
411483.3.peg.328.site.67, 65, 138, 203
411483.3.peg.328.site.68, 15, 143, 158
411483.3.peg.328.site.69, 16, 141, 157
411483.3.peg.328.site.70, 8, 147, 155
411483.3.peg.328.site.71, 5, 148, 153
411483.3.peg.328.site.72, 8, 152, 160
411483.3.peg.328.site.73, 5, 153, 158
411483.3.peg.328.site.74, 22, 152, 174
411483.3.peg.328.site.75, 4, 155, 159
411483.3.peg.328.site.76, 10, 152, 162
411483.3.peg.328.site.77, 4, 154, 158
411483.3.peg.325.site.1, 0, 82, 82
411483.3.peg.325.site.2, 1, 88, 89
411483.3.peg.325.site.3, 2, 106, 108
411483.3.peg.325.site.4, 3, 138, 141
411483.3.peg.325.site.5, 0, 146, 146
411483.3.peg.325.site.6, 23, 144, 167
411483.3.peg.325.site.7, 6, 148, 154
411483.3.peg.325.site.8, 1, 150, 151
411483.3.peg.325.site.9, 51, 138, 189
411483.3.peg.325.site.10, 3, 153, 156
411483.3.peg.325.site.11, 4, 153, 157
411483.3.peg.325.site.12, 30, 146, 176
411483.3.peg.325.site.13, 0, 154, 154
411483.3.peg.325.site.14, 11, 152, 163
411483.3.peg.325.site.15, 85, 138, 223
411483.3.peg.325.site.16, 5, 150, 155
411483.3.peg.325.site.17, 1, 150, 151
411483.3.peg.325.site.18, 8, 154, 162
411483.3.peg.325.site.19, 0, 141, 141
411483.3.peg.325.site.20, 4, 142, 146
411483.3.peg.325.site.21, 122, 143, 265
411483.3.peg.325.site.22, 5, 144, 149
411483.3.peg.325.site.23, 2, 152, 154
411483.3.peg.325.site.24, 0, 151, 151
411483.3.peg.325.site.25, 2, 150, 152
411483.3.peg.325.site.26, 0, 149, 149
411483.3.peg.325.site.27, 5, 145, 150
411483.3.peg.325.site.28, 0, 147, 147
411483.3.peg.325.site.29, 0, 146, 146
411483.3.peg.325.site.30, 5, 147, 152
411483.3.peg.325.site.31, 1, 149, 150
411483.3.peg.325.site.32, 0, 148, 148
411483.3.peg.297.site.1, 6, 148, 154
411483.3.peg.297.site.2, 0, 150, 150
411483.3.peg.297.site.3, 5, 149, 154
411483.3.peg.297.site.4, 1, 152, 153
411483.3.peg.297.site.5, 5, 139, 144
411483.3.peg.297.site.6, 0, 141, 141
411483.3.peg.297.site.7, 11, 133, 144
411483.3.peg.297.site.8, 0, 134, 134
411483.3.peg.297.site.9, 1, 133, 134
411483.3.peg.297.site.10, 1, 135, 136
411483.3.peg.297.site.11, 2, 136, 138
411483.3.peg.297.site.12, 3, 139, 142
411483.3.peg.297.site.13, 4, 135, 139
411483.3.peg.297.site.14, 8, 120, 128
411483.3.peg.297.site.15, 137, 137, 274
411483.3.peg.297.site.16, 4, 138, 142
411483.3.peg.297.site.17, 2, 137, 139
411483.3.peg.297.site.18, 0, 141, 141
411483.3.peg.297.site.19, 4, 145, 149
411483.3.peg.297.site.20, 4, 143, 147
411483.3.peg.297.site.21, 2, 140, 142
411483.3.peg.297.site.22, 3, 115, 118
411483.3.peg.297.site.23, 2, 107, 109
411483.3.peg.297.site.24, 41, 94, 135
411483.3.peg.297.site.25, 6, 101, 107
411483.3.peg.297.site.26, 49, 90, 139
411483.3.peg.297.site.27, 50, 84, 134
411483.3.peg.297.site.28, 1, 55, 56
411483.3.peg.297.site.29, 56, 66, 122
411483.3.peg.297.site.30, 3, 80, 83
411483.3.peg.297.site.31, 14, 82, 96
411483.3.peg.297.site.32, 3, 118, 121
411483.3.peg.297.site.33, 6, 129, 135
411483.3.peg.297.site.34, 4, 133, 137
411483.3.peg.297.site.35, 1, 132, 133
411483.3.peg.297.site.36, 6, 147, 153
411483.3.peg.297.site.37, 5, 144, 149
411483.3.peg.297.site.38, 0, 148, 148
411483.3.peg.297.site.39, 3, 149, 152
411483.3.peg.297.site.40, 3, 150, 153
411483.3.peg.297.site.41, 0, 153, 153
411483.3.peg.297.site.42, 14, 152, 166
411483.3.peg.297.site.43, 1, 151, 152
411483.3.peg.297.site.44, 52, 145, 197
411483.3.peg.297.site.45, 2, 155, 157
411483.3.peg.297.site.46, 21, 153, 174
411483.3.peg.297.site.47, 38, 145, 183
411483.3.peg.297.site.48, 19, 148, 167
411483.3.peg.297.site.49, 0, 154, 154
411483.3.peg.297.site.50, 1, 153, 154
411483.3.peg.297.site.51, 27, 150, 177
411483.3.peg.297.site.52, 127, 149, 276
411483.3.peg.297.site.53, 1, 152, 153
411483.3.peg.297.site.54, 2, 152, 154
411483.3.peg.297.site.55, 1, 152, 153
411483.3.peg.297.site.56, 1, 153, 154
411483.3.peg.297.site.57, 0, 150, 150
411483.3.peg.297.site.58, 11, 149, 160
411483.3.peg.297.site.59, 20, 145, 165
411483.3.peg.297.site.60, 1, 152, 153
411483.3.peg.297.site.61, 1, 150, 151
411483.3.peg.297.site.62, 1, 151, 152
411483.3.peg.297.site.63, 3, 148, 151
411483.3.peg.297.site.64, 51, 140, 191
411483.3.peg.297.site.65, 61, 143, 204
411483.3.peg.297.site.66, 1, 151, 152
411483.3.peg.297.site.67, 6, 151, 157
411483.3.peg.297.site.68, 1, 149, 150
411483.3.peg.297.site.69, 1, 151, 152
411483.3.peg.297.site.70, 19, 146, 165
411483.3.peg.297.site.71, 0, 150, 150
411483.3.peg.297.site.72, 5, 152, 157
411483.3.peg.297.site.73, 3, 151, 154
411483.3.peg.297.site.74, 1, 152, 153
411483.3.peg.297.site.75, 1, 153, 154
411483.3.peg.297.site.76, 6, 150, 156
411483.3.peg.297.site.77, 1, 151, 152
411483.3.peg.297.site.78, 1, 150, 151
411483.3.peg.297.site.79, 74, 142, 216
411483.3.peg.297.site.80, 94, 146, 240
411483.3.peg.297.site.81, 3, 149, 152
411483.3.peg.297.site.82, 2, 155, 157
411483.3.peg.327.site.1, 8, 118, 126
411483.3.peg.327.site.2, 11, 136, 147
411483.3.peg.327.site.3, 117, 130, 247
411483.3.peg.327.site.4, 7, 139, 146
411483.3.peg.327.site.5, 3, 140, 143
411483.3.peg.327.site.6, 1, 139, 140
411483.3.peg.327.site.7, 0, 140, 140
411483.3.peg.327.site.8, 23, 132, 155
411483.3.peg.327.site.9, 1, 135, 136
411483.3.peg.327.site.10, 5, 133, 138
411483.3.peg.327.site.11, 0, 130, 130
411483.3.peg.327.site.12, 42, 124, 166
411483.3.peg.327.site.13, 51, 131, 182
411483.3.peg.327.site.14, 3, 144, 147
411483.3.peg.327.site.15, 46, 143, 189
411483.3.peg.327.site.16, 0, 152, 152
411483.3.peg.327.site.17, 1, 153, 154
411483.3.peg.327.site.18, 4, 151, 155
411483.3.peg.327.site.19, 127, 143, 270
411483.3.peg.327.site.20, 1, 143, 144
411483.3.peg.327.site.21, 8, 142, 150
411483.3.peg.327.site.22, 94, 135, 229
411483.3.peg.327.site.23, 83, 138, 221
411483.3.peg.327.site.24, 108, 140, 248
411483.3.peg.327.site.25, 1, 150, 151
411483.3.peg.327.site.26, 1, 150, 151
411483.3.peg.327.site.27, 3, 148, 151
411483.3.peg.327.site.28, 2, 148, 150
411483.3.peg.327.site.29, 0, 149, 149
411483.3.peg.327.site.30, 6, 150, 156
411483.3.peg.327.site.31, 1, 146, 147
411483.3.peg.327.site.32, 16, 146, 162
411483.3.peg.327.site.33, 45, 139, 184
411483.3.peg.327.site.34, 2, 141, 143
411483.3.peg.327.site.35, 55, 138, 193
411483.3.peg.327.site.36, 4, 142, 146
411483.3.peg.327.site.37, 2, 149, 151
411483.3.peg.327.site.38, 2, 150, 152
411483.3.peg.327.site.39, 2, 149, 151
411483.3.peg.327.site.40, 66, 142, 208
411483.3.peg.327.site.41, 2, 154, 156
411483.3.peg.327.site.42, 3, 154, 157
411483.3.peg.327.site.43, 10, 148, 158
411483.3.peg.327.site.44, 2, 153, 155
411483.3.peg.327.site.45, 1, 155, 156
411483.3.peg.327.site.46, 92, 146, 238
411483.3.peg.327.site.47, 89, 142, 231
411483.3.peg.327.site.48, 3, 154, 157
411483.3.peg.327.site.49, 0, 152, 152
411483.3.peg.327.site.50, 2, 151, 153
411483.3.peg.327.site.51, 0, 149, 149
411483.3.peg.327.site.52, 2, 150, 152
411483.3.peg.327.site.53, 1, 151, 152
411483.3.peg.327.site.54, 3, 147, 150
411483.3.peg.327.site.55, 0, 150, 150
411483.3.peg.327.site.56, 74, 147, 221
411483.3.peg.327.site.57, 1, 151, 152
411483.3.peg.327.site.58, 18, 150, 168
411483.3.peg.327.site.59, 0, 154, 154
411483.3.peg.327.site.60, 16, 143, 159
411483.3.peg.327.site.61, 3, 138, 141
411483.3.peg.327.site.62, 1, 132, 133
411483.3.peg.327.site.63, 2, 138, 140
411483.3.peg.327.site.64, 5, 126, 131
411483.3.peg.327.site.65, 3, 135, 138
411483.3.peg.327.site.66, 0, 134, 134
411483.3.peg.327.site.67, 0, 134, 134
411483.3.peg.327.site.68, 2, 139, 141
411483.3.peg.327.site.69, 104, 138, 242
411483.3.peg.327.site.70, 8, 144, 152
411483.3.peg.327.site.71, 0, 140, 140
411483.3.peg.327.site.72, 3, 142, 145
411483.3.peg.327.site.73, 37, 134, 171
411483.3.peg.327.site.74, 1, 150, 151
411483.3.peg.327.site.75, 2, 146, 148
411483.3.peg.327.site.76, 0, 148, 148
411483.3.peg.327.site.77, 0, 145, 145
411483.3.peg.327.site.78, 7, 142, 149
411483.3.peg.327.site.79, 4, 145, 149
411483.3.peg.327.site.80, 132, 142, 274
411483.3.peg.327.site.81, 3, 146, 149
411483.3.peg.327.site.82, 15, 142, 157
411483.3.peg.327.site.83, 3, 149, 152
411483.3.peg.327.site.84, 7, 149, 156
411483.3.peg.326.site.1, 2, 155, 157
411483.3.peg.326.site.2, 15, 151, 166
411483.3.peg.326.site.3, 5, 155, 160
411483.3.peg.326.site.4, 2, 154, 156
411483.3.peg.326.site.5, 0, 153, 153
411483.3.peg.326.site.6, 5, 154, 159
411483.3.peg.326.site.7, 0, 155, 155
411483.3.peg.326.site.8, 1, 154, 155
411483.3.peg.326.site.9, 2, 152, 154
411483.3.peg.326.site.10, 11, 152, 163
411483.3.peg.326.site.11, 2, 151, 153
411483.3.peg.326.site.12, 2, 151, 153
411483.3.peg.326.site.13, 4, 149, 153
411483.3.peg.326.site.14, 117, 141, 258
411483.3.peg.326.site.15, 48, 142, 190
411483.3.peg.326.site.16, 15, 143, 158
411483.3.peg.326.site.17, 118, 139, 257
411483.3.peg.326.site.18, 1, 150, 151
411483.3.peg.326.site.19, 5, 147, 152
411483.3.peg.326.site.20, 34, 148, 182
411483.3.peg.326.site.21, 7, 148, 155
411483.3.peg.326.site.22, 4, 148, 152
411483.3.peg.326.site.23, 6, 149, 155
411483.3.peg.326.site.24, 3, 151, 154
411483.3.peg.326.site.25, 4, 149, 153
411483.3.peg.326.site.26, 2, 149, 151
411483.3.peg.326.site.27, 0, 146, 146
411483.3.peg.326.site.28, 1, 145, 146
411483.3.peg.326.site.29, 8, 140, 148
411483.3.peg.326.site.30, 2, 136, 138
411483.3.peg.326.site.31, 1, 132, 133
411483.3.peg.326.site.32, 17, 130, 147
411483.3.peg.326.site.33, 1, 127, 128
411483.3.peg.326.site.34, 1, 131, 132
411483.3.peg.326.site.35, 1, 118, 119
411483.3.peg.326.site.36, 0, 121, 121
411483.3.peg.326.site.37, 6, 118, 124
411483.3.peg.326.site.38, 2, 121, 123
411483.3.peg.326.site.39, 12, 125, 137
411483.3.peg.326.site.40, 3, 132, 135
411483.3.peg.326.site.41, 1, 134, 135
411483.3.peg.326.site.42, 3, 126, 129
411483.3.peg.326.site.43, 9, 134, 143
411483.3.peg.326.site.44, 72, 113, 185
411483.3.peg.326.site.45, 3, 104, 107
411483.3.peg.326.site.46, 1, 105, 106
411483.3.peg.326.site.47, 0, 112, 112
411483.3.peg.326.site.48, 47, 115, 162
411483.3.peg.326.site.49, 44, 128, 172
411483.3.peg.326.site.50, 2, 152, 154
411483.3.peg.326.site.51, 37, 144, 181
411483.3.peg.326.site.52, 0, 153, 153
411483.3.peg.326.site.53, 3, 153, 156
411483.3.peg.326.site.54, 27, 143, 170
411483.3.peg.326.site.55, 1, 153, 154
411483.3.peg.326.site.56, 3, 154, 157
411483.3.peg.326.site.57, 0, 152, 152
411483.3.peg.326.site.58, 0, 152, 152
411483.3.peg.326.site.59, 6, 143, 149
411483.3.peg.326.site.60, 34, 138, 172
411483.3.peg.326.site.61, 10, 149, 159
411483.3.peg.326.site.62, 119, 143, 262
411483.3.peg.326.site.63, 4, 151, 155
411483.3.peg.326.site.64, 12, 149, 161
411483.3.peg.326.site.65, 3, 154, 157
411483.3.peg.326.site.66, 5, 150, 155
411483.3.peg.326.site.67, 0, 145, 145
411483.3.peg.326.site.68, 1, 148, 149
411483.3.peg.326.site.69, 38, 144, 182
411483.3.peg.326.site.70, 74, 139, 213
411483.3.peg.326.site.71, 0, 148, 148
411483.3.peg.326.site.72, 2, 147, 149
411483.3.peg.326.site.73, 4, 152, 156
411483.3.peg.326.site.74, 2, 152, 154
411483.3.peg.326.site.75, 3, 149, 152
411483.3.peg.326.site.76, 4, 140, 144
411483.3.peg.326.site.77, 14, 125, 139
411483.3.peg.326.site.78, 1, 134, 135
411483.3.peg.326.site.79, 1, 138, 139
411483.3.peg.326.site.80, 6, 138, 144
411483.3.peg.326.site.81, 2, 135, 137
411483.3.peg.326.site.82, 1, 144, 145
411483.3.peg.326.site.83, 2, 141, 143
411483.3.peg.326.site.84, 1, 148, 149
411483.3.peg.326.site.85, 6, 143, 149
411483.3.peg.326.site.86, 1, 150, 151
411483.3.peg.326.site.87, 1, 149, 150
411483.3.peg.326.site.88, 75, 142, 217
411483.3.peg.326.site.89, 7, 149, 156
411483.3.peg.326.site.90, 4, 150, 154
411483.3.peg.326.site.91, 1, 151, 152
411483.3.peg.326.site.92, 2, 153, 155
411483.3.peg.326.site.93, 1, 154, 155
411483.3.peg.326.site.94, 5, 154, 159
411483.3.peg.326.site.95, 5, 154, 159
411483.3.peg.326.site.96, 3, 151, 154
411483.3.peg.326.site.97, 2, 154, 156
411483.3.peg.326.site.98, 5, 153, 158
411483.3.peg.326.site.99, 7, 153, 160
411483.3.peg.326.site.100, 3, 153, 156
411483.3.peg.326.site.101, 3, 153, 156
411483.3.peg.326.site.102, 2, 151, 153
411483.3.peg.326.site.103, 129, 148, 277
411483.3.peg.326.site.104, 2, 154, 156
411483.3.peg.326.site.105, 14, 149, 163
411483.3.peg.326.site.106, 24, 150, 174
411483.3.peg.326.site.107, 4, 155, 159
411483.3.peg.326.site.108, 3, 154, 157
411483.3.peg.326.site.109, 0, 153, 153
411483.3.peg.326.site.110, 1, 154, 155
411483.3.peg.326.site.111, 1, 154, 155
411483.3.peg.326.site.112, 2, 154, 156
411483.3.peg.326.site.113, 1, 144, 145
411483.3.peg.326.site.114, 4, 149, 153
411483.3.peg.326.site.115, 13, 142, 155
411483.3.peg.326.site.116, 0, 151, 151
411483.3.peg.326.site.117, 6, 155, 161
411483.3.peg.326.site.118, 1, 154, 155
411483.3.peg.326.site.119, 6, 153, 159
411483.3.peg.326.site.120, 2, 155, 157
411483.3.peg.326.site.121, 3, 153, 156
411483.3.peg.326.site.122, 3, 153, 156
411483.3.peg.326.site.123, 2, 155, 157
411483.3.peg.326.site.124, 152, 155, 307
411483.3.peg.326.site.125, 0, 154, 154
411483.3.peg.326.site.126, 126, 146, 272
411483.3.peg.321.site.1, 3, 153, 156
411483.3.peg.321.site.2, 11, 154, 165
411483.3.peg.321.site.3, 1, 154, 155
411483.3.peg.321.site.4, 2, 153, 155
411483.3.peg.321.site.5, 3, 152, 155
411483.3.peg.321.site.6, 1, 154, 155
411483.3.peg.321.site.7, 5, 152, 157
411483.3.peg.321.site.8, 0, 148, 148
411483.3.peg.321.site.9, 0, 151, 151
411483.3.peg.321.site.10, 20, 141, 161
411483.3.peg.321.site.11, 2, 152, 154
411483.3.peg.321.site.12, 52, 143, 195
411483.3.peg.321.site.13, 2, 150, 152
411483.3.peg.321.site.14, 150, 150, 300
411483.3.peg.321.site.15, 2, 149, 151
411483.3.peg.320.site.1, 149, 153, 302
411483.3.peg.320.site.2, 0, 153, 153
411483.3.peg.320.site.3, 1, 153, 154
411483.3.peg.320.site.4, 3, 155, 158
411483.3.peg.320.site.5, 2, 148, 150
411483.3.peg.320.site.6, 6, 149, 155
411483.3.peg.320.site.7, 137, 148, 285
411483.3.peg.320.site.8, 18, 147, 165
411483.3.peg.320.site.9, 6, 152, 158
411483.3.peg.320.site.10, 6, 152, 158
411483.3.peg.320.site.11, 1, 152, 153
411483.3.peg.320.site.12, 2, 148, 150
411483.3.peg.320.site.13, 4, 139, 143
411483.3.peg.320.site.14, 0, 145, 145
411483.3.peg.320.site.15, 0, 145, 145
411483.3.peg.320.site.16, 3, 144, 147
411483.3.peg.320.site.17, 3, 146, 149
411483.3.peg.320.site.18, 14, 145, 159
411483.3.peg.320.site.19, 2, 151, 153
411483.3.peg.320.site.20, 9, 149, 158
411483.3.peg.320.site.21, 5, 149, 154
411483.3.peg.320.site.22, 1, 147, 148
411483.3.peg.320.site.23, 7, 135, 142
411483.3.peg.320.site.24, 1, 148, 149
411483.3.peg.320.site.25, 1, 145, 146
411483.3.peg.320.site.26, 1, 146, 147
411483.3.peg.320.site.27, 1, 137, 138
411483.3.peg.320.site.28, 7, 145, 152
411483.3.peg.320.site.29, 11, 141, 152
411483.3.peg.320.site.30, 30, 136, 166
411483.3.peg.320.site.31, 2, 150, 152
411483.3.peg.320.site.32, 1, 141, 142
411483.3.peg.320.site.33, 17, 143, 160
411483.3.peg.320.site.34, 45, 138, 183
411483.3.peg.320.site.35, 1, 147, 148
411483.3.peg.320.site.36, 6, 150, 156
411483.3.peg.320.site.37, 1, 152, 153
411483.3.peg.320.site.38, 0, 148, 148
411483.3.peg.320.site.39, 0, 148, 148
411483.3.peg.320.site.40, 20, 148, 168
411483.3.peg.320.site.41, 2, 152, 154
411483.3.peg.320.site.42, 1, 151, 152
411483.3.peg.320.site.43, 151, 152, 303
411483.3.peg.320.site.44, 1, 153, 154
411483.3.peg.320.site.45, 2, 153, 155
411483.3.peg.320.site.46, 124, 144, 268
411483.3.peg.322.site.1, 83, 130, 213
411483.3.peg.322.site.2, 117, 118, 235
411483.3.peg.322.site.3, 12, 117, 129
411483.3.peg.322.site.4, 2, 120, 122
411483.3.peg.322.site.5, 6, 128, 134
411483.3.peg.322.site.6, 3, 134, 137
411483.3.peg.322.site.7, 6, 128, 134
411483.3.peg.322.site.8, 1, 125, 126
411483.3.peg.322.site.9, 26, 130, 156
411483.3.peg.322.site.10, 3, 131, 134
411483.3.peg.322.site.11, 10, 126, 136
411483.3.peg.322.site.12, 8, 136, 144
411483.3.peg.322.site.13, 0, 131, 131
411483.3.peg.322.site.14, 10, 135, 145
411483.3.peg.322.site.15, 16, 126, 142
411483.3.peg.322.site.16, 9, 130, 139
411483.3.peg.322.site.17, 1, 133, 134
411483.3.peg.322.site.18, 6, 126, 132
411483.3.peg.322.site.19, 4, 132, 136
411483.3.peg.322.site.20, 4, 127, 131
411483.3.peg.322.site.21, 5, 128, 133
411483.3.peg.322.site.22, 4, 133, 137
411483.3.peg.322.site.23, 3, 138, 141
411483.3.peg.322.site.24, 13, 138, 151
411483.3.peg.322.site.25, 0, 146, 146
411483.3.peg.322.site.26, 10, 146, 156
411483.3.peg.322.site.27, 8, 149, 157
411483.3.peg.322.site.28, 2, 147, 149
411483.3.peg.322.site.29, 15, 150, 165
411483.3.peg.322.site.30, 139, 148, 287
411483.3.peg.322.site.31, 132, 145, 277
411483.3.peg.322.site.32, 3, 146, 149
411483.3.peg.322.site.33, 28, 138, 166
411483.3.peg.322.site.34, 3, 146, 149
411483.3.peg.322.site.35, 1, 146, 147
411483.3.peg.322.site.36, 0, 143, 143
411483.3.peg.322.site.37, 0, 146, 146
411483.3.peg.322.site.38, 1, 149, 150
411483.3.peg.322.site.39, 0, 143, 143
411483.3.peg.322.site.40, 2, 132, 134
411483.3.peg.322.site.41, 20, 129, 149
411483.3.peg.322.site.42, 3, 129, 132
411483.3.peg.322.site.43, 140, 140, 280
411483.3.peg.322.site.44, 4, 152, 156
411483.3.peg.322.site.45, 17, 151, 168
411483.3.peg.322.site.46, 7, 154, 161
411483.3.peg.322.site.47, 2, 155, 157
411483.3.peg.322.site.48, 9, 150, 159
411483.3.peg.322.site.49, 1, 146, 147
411483.3.peg.322.site.50, 4, 141, 145
411483.3.peg.322.site.51, 5, 137, 142
411483.3.peg.322.site.52, 97, 126, 223
411483.3.peg.322.site.53, 1, 128, 129
411483.3.peg.322.site.54, 125, 129, 254
411483.3.peg.322.site.55, 3, 139, 142
411483.3.peg.322.site.56, 14, 138, 152
411483.3.peg.322.site.57, 5, 152, 157
411483.3.peg.322.site.58, 4, 148, 152
411483.3.peg.322.site.59, 1, 152, 153
411483.3.peg.296.site.1, 12, 152, 164
411483.3.peg.296.site.2, 2, 154, 156
411483.3.peg.296.site.3, 2, 154, 156
411483.3.peg.296.site.4, 1, 152, 153
411483.3.peg.296.site.5, 6, 154, 160
411483.3.peg.296.site.6, 1, 151, 152
411483.3.peg.296.site.7, 1, 151, 152
411483.3.peg.296.site.8, 89, 140, 229
411483.3.peg.296.site.9, 5, 151, 156
411483.3.peg.296.site.10, 47, 143, 190
411483.3.peg.296.site.11, 2, 153, 155
411483.3.peg.296.site.12, 33, 149, 182
411483.3.peg.296.site.13, 4, 153, 157
411483.3.peg.296.site.14, 2, 154, 156
411483.3.peg.296.site.15, 3, 153, 156
411483.3.peg.296.site.16, 2, 154, 156
411483.3.peg.296.site.17, 1, 154, 155
411483.3.peg.296.site.18, 37, 148, 185
411483.3.peg.296.site.19, 141, 154, 295
411483.3.peg.296.site.20, 7, 152, 159
411483.3.peg.296.site.21, 1, 151, 152
411483.3.peg.296.site.22, 1, 149, 150
411483.3.peg.296.site.23, 120, 144, 264
411483.3.peg.296.site.24, 0, 152, 152
411483.3.peg.296.site.25, 145, 148, 293
411483.3.peg.296.site.26, 2, 148, 150
411483.3.peg.296.site.27, 1, 151, 152
411483.3.peg.296.site.28, 1, 149, 150
411483.3.peg.296.site.29, 42, 142, 184
411483.3.peg.296.site.30, 10, 152, 162
411483.3.peg.296.site.31, 4, 151, 155
411483.3.peg.296.site.32, 5, 151, 156
411483.3.peg.296.site.33, 7, 148, 155
411483.3.peg.296.site.34, 2, 153, 155
411483.3.peg.296.site.35, 2, 151, 153
411483.3.peg.296.site.36, 3, 151, 154
411483.3.peg.296.site.37, 3, 151, 154
411483.3.peg.296.site.38, 31, 148, 179
411483.3.peg.296.site.39, 12, 149, 161
411483.3.peg.296.site.40, 0, 151, 151
411483.3.peg.296.site.41, 6, 151, 157
411483.3.peg.296.site.42, 3, 149, 152
411483.3.peg.296.site.43, 2, 152, 154
411483.3.peg.296.site.44, 4, 150, 154
411483.3.peg.296.site.45, 1, 150, 151
411483.3.peg.296.site.46, 5, 150, 155
411483.3.peg.296.site.47, 0, 149, 149
411483.3.peg.296.site.48, 0, 149, 149
411483.3.peg.296.site.49, 63, 138, 201
411483.3.peg.296.site.50, 23, 139, 162
411483.3.peg.296.site.51, 1, 151, 152
411483.3.peg.296.site.52, 2, 150, 152
411483.3.peg.296.site.53, 3, 153, 156
411483.3.peg.296.site.54, 0, 152, 152
411483.3.peg.296.site.55, 1, 153, 154
411483.3.peg.296.site.56, 6, 153, 159
411483.3.peg.296.site.57, 21, 142, 163
411483.3.peg.296.site.58, 3, 141, 144
411483.3.peg.296.site.59, 30, 147, 177
411483.3.peg.296.site.60, 23, 136, 159
411483.3.peg.296.site.61, 1, 151, 152
411483.3.peg.296.site.62, 1, 151, 152
411483.3.peg.296.site.63, 32, 149, 181
411483.3.peg.296.site.64, 0, 151, 151
411483.3.peg.296.site.65, 67, 138, 205
411483.3.peg.296.site.66, 5, 154, 159
411483.3.peg.296.site.67, 7, 153, 160
411483.3.peg.296.site.68, 36, 146, 182
411483.3.peg.296.site.69, 33, 147, 180
411483.3.peg.296.site.70, 94, 147, 241
411483.3.peg.296.site.71, 15, 150, 165
411483.3.peg.296.site.72, 1, 153, 154
411483.3.peg.296.site.73, 2, 149, 151
411483.3.peg.296.site.74, 5, 147, 152
411483.3.peg.296.site.75, 0, 145, 145
411483.3.peg.296.site.76, 20, 145, 165
411483.3.peg.296.site.77, 57, 138, 195
411483.3.peg.296.site.78, 0, 151, 151
411483.3.peg.296.site.79, 121, 142, 263
411483.3.peg.296.site.80, 9, 151, 160
411483.3.peg.296.site.81, 3, 154, 157
411483.3.peg.296.site.82, 0, 153, 153
411483.3.peg.296.site.83, 6, 153, 159
411483.3.peg.296.site.84, 1, 149, 150
411483.3.peg.296.site.85, 0, 147, 147
411483.3.peg.296.site.86, 7, 142, 149
411483.3.peg.296.site.87, 4, 144, 148
411483.3.peg.296.site.88, 4, 152, 156
411483.3.peg.296.site.89, 0, 148, 148
411483.3.peg.296.site.90, 8, 148, 156
411483.3.peg.296.site.91, 1, 150, 151
411483.3.peg.296.site.92, 3, 147, 150
411483.3.peg.296.site.93, 5, 145, 150
411483.3.peg.296.site.94, 23, 140, 163
411483.3.peg.296.site.95, 3, 129, 132
411483.3.peg.296.site.96, 16, 124, 140
411483.3.peg.296.site.97, 2, 130, 132
411483.3.peg.296.site.98, 6, 131, 137
411483.3.peg.296.site.99, 64, 121, 185
411483.3.peg.296.site.100, 1, 137, 138
411483.3.peg.1398.site.1, 2, 154, 156
411483.3.peg.1398.site.2, 11, 151, 162
411483.3.peg.1398.site.3, 3, 145, 148
411483.3.peg.1398.site.4, 3, 152, 155
411483.3.peg.1398.site.5, 2, 148, 150
411483.3.peg.1398.site.6, 5, 143, 148
411483.3.peg.1398.site.7, 13, 135, 148
411483.3.peg.1398.site.8, 1, 131, 132
411483.3.peg.1398.site.9, 1, 125, 126
411483.3.peg.1398.site.10, 0, 132, 132
411483.3.peg.1398.site.11, 4, 130, 134
411483.3.peg.1398.site.12, 0, 121, 121
411483.3.peg.1398.site.13, 3, 126, 129
411483.3.peg.1398.site.14, 4, 140, 144
411483.3.peg.1398.site.15, 79, 123, 202
411483.3.peg.1398.site.16, 58, 119, 177
411483.3.peg.1398.site.17, 0, 147, 147
411483.3.peg.1398.site.18, 34, 142, 176
411483.3.peg.1398.site.19, 0, 148, 148
411483.3.peg.1398.site.20, 4, 145, 149
411483.3.peg.1398.site.21, 59, 138, 197
411483.3.peg.1398.site.22, 1, 145, 146
411483.3.peg.1398.site.23, 3, 133, 136
411483.3.peg.1398.site.24, 7, 121, 128
411483.3.peg.1398.site.25, 1, 106, 107
411483.3.peg.1398.site.26, 57, 91, 148
411483.3.peg.1398.site.27, 4, 91, 95
411483.3.peg.1398.site.28, 0, 102, 102
411483.3.peg.1398.site.29, 0, 120, 120
411483.3.peg.1398.site.30, 5, 119, 124
411483.3.peg.1398.site.31, 3, 153, 156
411483.3.peg.1398.site.32, 1, 153, 154
411483.3.peg.1398.site.33, 7, 151, 158
411483.3.peg.1398.site.34, 2, 154, 156
411483.3.peg.1398.site.35, 2, 153, 155
411483.3.peg.1398.site.36, 10, 148, 158
411483.3.peg.1398.site.37, 25, 148, 173
411483.3.peg.1398.site.38, 3, 152, 155
411483.3.peg.1398.site.39, 39, 145, 184
411483.3.peg.1398.site.40, 1, 154, 155
411483.3.peg.1398.site.41, 2, 154, 156
411483.3.peg.1398.site.42, 4, 152, 156
411483.3.peg.1398.site.43, 149, 150, 299
411483.3.peg.1398.site.44, 41, 145, 186
411483.3.peg.1398.site.45, 2, 152, 154
411483.3.peg.1398.site.46, 47, 141, 188
411483.3.peg.1398.site.47, 124, 150, 274
411483.3.peg.1398.site.48, 1, 154, 155
411483.3.peg.1398.site.49, 2, 155, 157
411483.3.peg.1398.site.50, 79, 144, 223
411483.3.peg.1398.site.51, 4, 153, 157
411483.3.peg.1398.site.52, 1, 154, 155
411483.3.peg.1398.site.53, 1, 155, 156
411483.3.peg.1398.site.54, 2, 151, 153
411483.3.peg.1398.site.55, 1, 150, 151
411483.3.peg.1398.site.56, 147, 148, 295
411483.3.peg.1398.site.57, 4, 147, 151
411483.3.peg.1398.site.58, 9, 153, 162
411483.3.peg.1398.site.59, 22, 152, 174
411483.3.peg.1398.site.60, 3, 153, 156
411483.3.peg.1398.site.61, 9, 147, 156
411483.3.peg.1398.site.62, 1, 155, 156
411483.3.peg.1398.site.63, 10, 153, 163
411483.3.peg.1399.site.1, 2, 154, 156
411483.3.peg.1399.site.2, 2, 152, 154
411483.3.peg.1399.site.3, 52, 144, 196
411483.3.peg.1399.site.4, 2, 150, 152
411483.3.peg.1399.site.5, 55, 142, 197
411483.3.peg.1399.site.6, 1, 153, 154
411483.3.peg.1399.site.7, 1, 148, 149
411483.3.peg.1399.site.8, 0, 150, 150
411483.3.peg.1399.site.9, 9, 149, 158
411483.3.peg.1399.site.10, 5, 152, 157
411483.3.peg.1399.site.11, 30, 143, 173
411483.3.peg.1399.site.12, 4, 151, 155
411483.3.peg.1399.site.13, 7, 149, 156
411483.3.peg.1399.site.14, 1, 154, 155
411483.3.peg.1399.site.15, 72, 141, 213
411483.3.peg.1399.site.16, 1, 153, 154
411483.3.peg.1399.site.17, 11, 151, 162
411483.3.peg.1399.site.18, 104, 143, 247
411483.3.peg.1399.site.19, 1, 152, 153
411483.3.peg.1399.site.20, 147, 151, 298
411483.3.peg.1399.site.21, 2, 153, 155
411483.3.peg.1399.site.22, 0, 152, 152
411483.3.peg.1399.site.23, 1, 153, 154
411483.3.peg.1399.site.24, 3, 153, 156
411483.3.peg.1399.site.25, 4, 150, 154
411483.3.peg.1399.site.26, 2, 152, 154
411483.3.peg.1399.site.27, 0, 151, 151
411483.3.peg.1399.site.28, 0, 150, 150
411483.3.peg.1399.site.29, 42, 137, 179
411483.3.peg.1399.site.30, 2, 148, 150
411483.3.peg.1399.site.31, 2, 145, 147
411483.3.peg.1399.site.32, 6, 141, 147
411483.3.peg.1399.site.33, 4, 145, 149
411483.3.peg.1399.site.34, 5, 147, 152
411483.3.peg.1399.site.35, 6, 146, 152
411483.3.peg.1399.site.36, 1, 151, 152
411483.3.peg.1399.site.37, 0, 149, 149
411483.3.peg.1399.site.38, 2, 150, 152
411483.3.peg.1399.site.39, 3, 146, 149
411483.3.peg.1399.site.40, 1, 144, 145
411483.3.peg.1399.site.41, 1, 148, 149
411483.3.peg.1399.site.42, 83, 138, 221
411483.3.peg.1399.site.43, 0, 145, 145
411483.3.peg.1399.site.44, 1, 147, 148
411483.3.peg.1399.site.45, 1, 150, 151
411483.3.peg.1399.site.46, 6, 153, 159
411483.3.peg.1399.site.47, 1, 151, 152
411483.3.peg.1399.site.48, 4, 153, 157
411483.3.peg.1399.site.49, 2, 152, 154
411483.3.peg.1399.site.50, 1, 151, 152
411483.3.peg.1399.site.51, 2, 153, 155
411483.3.peg.1399.site.52, 5, 152, 157
411483.3.peg.1399.site.53, 7, 153, 160
411483.3.peg.1399.site.54, 4, 153, 157
411483.3.peg.1399.site.55, 0, 154, 154
411483.3.peg.1399.site.56, 0, 153, 153
411483.3.peg.1399.site.57, 2, 152, 154
411483.3.peg.1399.site.58, 8, 152, 160
411483.3.peg.1399.site.59, 2, 152, 154
411483.3.peg.1399.site.60, 0, 150, 150
411483.3.peg.1399.site.61, 0, 150, 150
411483.3.peg.1399.site.62, 0, 149, 149
411483.3.peg.1399.site.63, 3, 148, 151
411483.3.peg.1399.site.64, 0, 147, 147
411483.3.peg.1399.site.65, 2, 151, 153
411483.3.peg.1399.site.66, 65, 138, 203
411483.3.peg.1399.site.67, 3, 148, 151
411483.3.peg.1399.site.68, 3, 143, 146
411483.3.peg.1399.site.69, 0, 145, 145
411483.3.peg.1399.site.70, 8, 146, 154
411483.3.peg.1399.site.71, 0, 145, 145
411483.3.peg.1399.site.72, 1, 144, 145
411483.3.peg.1399.site.73, 2, 146, 148
411483.3.peg.1399.site.74, 1, 142, 143
411483.3.peg.1399.site.75, 3, 138, 141
411483.3.peg.1399.site.76, 4, 134, 138
411483.3.peg.1399.site.77, 4, 128, 132
411483.3.peg.1399.site.78, 71, 109, 180
411483.3.peg.1399.site.79, 6, 108, 114
411483.3.peg.1399.site.80, 1, 111, 112
411483.3.peg.1399.site.81, 1, 140, 141
411483.3.peg.1399.site.82, 2, 146, 148
411483.3.peg.1399.site.83, 0, 143, 143
411483.3.peg.1399.site.84, 4, 144, 148
411483.3.peg.1399.site.85, 7, 145, 152
411483.3.peg.1399.site.86, 0, 145, 145
411483.3.peg.1396.site.1, 4, 153, 157
411483.3.peg.1396.site.2, 2, 152, 154
411483.3.peg.1396.site.3, 150, 150, 300
411483.3.peg.1396.site.4, 1, 146, 147
411483.3.peg.1396.site.5, 4, 150, 154
411483.3.peg.1396.site.6, 1, 151, 152
411483.3.peg.1396.site.7, 5, 151, 156
411483.3.peg.1396.site.8, 68, 140, 208
411483.3.peg.1396.site.9, 2, 152, 154
411483.3.peg.1396.site.10, 4, 154, 158
411483.3.peg.1396.site.11, 0, 151, 151
411483.3.peg.1396.site.12, 0, 151, 151
411483.3.peg.1396.site.13, 2, 150, 152
411483.3.peg.1396.site.14, 4, 149, 153
411483.3.peg.1396.site.15, 27, 146, 173
411483.3.peg.1396.site.16, 1, 146, 147
411483.3.peg.1396.site.17, 2, 148, 150
411483.3.peg.1396.site.18, 3, 136, 139
411483.3.peg.1396.site.19, 3, 141, 144
411483.3.peg.1396.site.20, 3, 139, 142
411483.3.peg.1396.site.21, 2, 142, 144
411483.3.peg.1396.site.22, 35, 135, 170
411483.3.peg.1396.site.23, 89, 137, 226
411483.3.peg.1396.site.24, 59, 133, 192
411483.3.peg.1396.site.25, 1, 146, 147
411483.3.peg.1396.site.26, 3, 145, 148
411483.3.peg.1396.site.27, 0, 146, 146
411483.3.peg.1396.site.28, 1, 146, 147
411483.3.peg.1396.site.29, 2, 143, 145
411483.3.peg.1396.site.30, 2, 137, 139
411483.3.peg.1396.site.31, 1, 140, 141
411483.3.peg.1396.site.32, 0, 139, 139
411483.3.peg.1396.site.33, 128, 131, 259
411483.3.peg.1396.site.34, 9, 142, 151
411483.3.peg.1396.site.35, 57, 137, 194
411483.3.peg.1396.site.36, 1, 142, 143
411483.3.peg.1396.site.37, 2, 144, 146
411483.3.peg.1396.site.38, 1, 147, 148
411483.3.peg.1396.site.39, 18, 138, 156
411483.3.peg.1396.site.40, 1, 149, 150
411483.3.peg.1396.site.41, 7, 150, 157
411483.3.peg.1396.site.42, 77, 142, 219
411483.3.peg.1396.site.43, 17, 146, 163
411483.3.peg.1396.site.44, 2, 142, 144
411483.3.peg.1396.site.45, 4, 134, 138
411483.3.peg.1396.site.46, 47, 133, 180
411483.3.peg.1396.site.47, 48, 139, 187
411483.3.peg.1396.site.48, 1, 152, 153
411483.3.peg.1396.site.49, 10, 140, 150
411483.3.peg.1396.site.50, 9, 143, 152
411483.3.peg.1396.site.51, 9, 143, 152
411483.3.peg.1396.site.52, 54, 142, 196
411483.3.peg.1396.site.53, 0, 150, 150
411483.3.peg.1396.site.54, 4, 150, 154
411483.3.peg.1396.site.55, 5, 147, 152
411483.3.peg.1396.site.56, 110, 147, 257
411483.3.peg.1397.site.1, 1, 155, 156
411483.3.peg.1397.site.2, 4, 154, 158
411483.3.peg.1397.site.3, 8, 153, 161
411483.3.peg.1397.site.4, 1, 151, 152
411483.3.peg.1397.site.5, 1, 152, 153
411483.3.peg.1397.site.6, 3, 152, 155
411483.3.peg.1397.site.7, 13, 151, 164
411483.3.peg.1397.site.8, 8, 153, 161
411483.3.peg.1397.site.9, 9, 151, 160
411483.3.peg.1397.site.10, 2, 154, 156
411483.3.peg.1397.site.11, 2, 153, 155
411483.3.peg.1397.site.12, 4, 154, 158
411483.3.peg.1397.site.13, 2, 155, 157
411483.3.peg.1397.site.14, 2, 153, 155
411483.3.peg.1397.site.15, 10, 150, 160
411483.3.peg.1397.site.16, 8, 149, 157
411483.3.peg.1397.site.17, 2, 146, 148
411483.3.peg.1397.site.18, 0, 150, 150
411483.3.peg.1397.site.19, 4, 144, 148
411483.3.peg.1397.site.20, 7, 142, 149
411483.3.peg.1397.site.21, 1, 145, 146
411483.3.peg.1397.site.22, 1, 147, 148
411483.3.peg.1397.site.23, 3, 149, 152
411483.3.peg.1397.site.24, 20, 146, 166
411483.3.peg.1397.site.25, 1, 146, 147
411483.3.peg.1397.site.26, 1, 137, 138
411483.3.peg.1397.site.27, 8, 143, 151
411483.3.peg.1397.site.28, 1, 147, 148
411483.3.peg.1397.site.29, 112, 145, 257
411483.3.peg.1397.site.30, 2, 150, 152
411483.3.peg.1397.site.31, 2, 149, 151
411483.3.peg.1397.site.32, 0, 152, 152
411483.3.peg.1397.site.33, 3, 154, 157
411483.3.peg.1397.site.34, 149, 150, 299
411483.3.peg.1397.site.35, 5, 149, 154
411483.3.peg.1397.site.36, 1, 146, 147
411483.3.peg.1397.site.37, 145, 146, 291
411483.3.peg.1397.site.38, 2, 146, 148
411483.3.peg.1397.site.39, 7, 140, 147
411483.3.peg.1397.site.40, 1, 147, 148
411483.3.peg.1397.site.41, 2, 148, 150
411483.3.peg.1397.site.42, 19, 142, 161
411483.3.peg.1397.site.43, 3, 147, 150
411483.3.peg.1397.site.44, 32, 146, 178
411483.3.peg.1397.site.45, 2, 144, 146
411483.3.peg.1397.site.46, 13, 141, 154
411483.3.peg.1397.site.47, 16, 139, 155
411483.3.peg.1397.site.48, 27, 142, 169
411483.3.peg.1397.site.49, 1, 149, 150
411483.3.peg.1397.site.50, 1, 149, 150
411483.3.peg.1397.site.51, 12, 147, 159
411483.3.peg.1397.site.52, 3, 143, 146
411483.3.peg.1397.site.53, 3, 148, 151
411483.3.peg.1397.site.54, 2, 143, 145
411483.3.peg.1397.site.55, 2, 136, 138
411483.3.peg.1397.site.56, 4, 138, 142
411483.3.peg.1397.site.57, 1, 140, 141
411483.3.peg.1397.site.58, 3, 138, 141
411483.3.peg.1397.site.59, 3, 134, 137
411483.3.peg.1397.site.60, 3, 141, 144
411483.3.peg.1397.site.61, 2, 144, 146
411483.3.peg.1397.site.62, 1, 146, 147
411483.3.peg.1397.site.63, 1, 147, 148
411483.3.peg.1397.site.64, 4, 151, 155
411483.3.peg.1397.site.65, 2, 149, 151
411483.3.peg.1397.site.66, 5, 148, 153
411483.3.peg.1397.site.67, 3, 146, 149
411483.3.peg.1397.site.68, 25, 147, 172
411483.3.peg.1397.site.69, 20, 150, 170
411483.3.peg.1397.site.70, 9, 152, 161
411483.3.peg.1397.site.71, 29, 151, 180
411483.3.peg.1394.site.1, 9, 151, 160
411483.3.peg.1394.site.2, 2, 152, 154
411483.3.peg.1394.site.3, 2, 151, 153
411483.3.peg.1394.site.4, 2, 151, 153
411483.3.peg.1394.site.5, 6, 151, 157
411483.3.peg.1394.site.6, 10, 150, 160
411483.3.peg.1394.site.7, 1, 151, 152
411483.3.peg.1394.site.8, 4, 148, 152
411483.3.peg.1394.site.9, 11, 149, 160
411483.3.peg.1394.site.10, 1, 151, 152
411483.3.peg.1394.site.11, 2, 149, 151
411483.3.peg.1394.site.12, 1, 154, 155
411483.3.peg.1394.site.13, 16, 150, 166
411483.3.peg.1394.site.14, 4, 152, 156
411483.3.peg.1394.site.15, 29, 148, 177
411483.3.peg.1394.site.16, 2, 154, 156
411483.3.peg.1394.site.17, 6, 151, 157
411483.3.peg.1394.site.18, 14, 150, 164
411483.3.peg.1394.site.19, 3, 153, 156
411483.3.peg.1394.site.20, 4, 154, 158
411483.3.peg.1394.site.21, 1, 150, 151
411483.3.peg.1394.site.22, 2, 151, 153
411483.3.peg.1394.site.23, 6, 151, 157
411483.3.peg.1394.site.24, 6, 151, 157
411483.3.peg.1394.site.25, 0, 149, 149
411483.3.peg.1394.site.26, 39, 140, 179
411483.3.peg.1394.site.27, 1, 142, 143
411483.3.peg.1394.site.28, 139, 141, 280
411483.3.peg.1394.site.29, 2, 141, 143
411483.3.peg.1394.site.30, 1, 140, 141
411483.3.peg.1394.site.31, 10, 138, 148
411483.3.peg.1394.site.32, 133, 135, 268
411483.3.peg.1394.site.33, 0, 141, 141
411483.3.peg.1394.site.34, 0, 137, 137
411483.3.peg.1394.site.35, 22, 141, 163
411483.3.peg.1394.site.36, 3, 149, 152
411483.3.peg.1394.site.37, 0, 151, 151
411483.3.peg.1394.site.38, 11, 143, 154
411483.3.peg.1394.site.39, 1, 148, 149
411483.3.peg.1394.site.40, 1, 141, 142
411483.3.peg.1394.site.41, 1, 148, 149
411483.3.peg.1394.site.42, 33, 143, 176
411483.3.peg.1394.site.43, 4, 141, 145
411483.3.peg.1394.site.44, 5, 148, 153
411483.3.peg.1394.site.45, 1, 145, 146
411483.3.peg.1394.site.46, 11, 147, 158
411483.3.peg.1394.site.47, 20, 141, 161
411483.3.peg.1394.site.48, 0, 149, 149
411483.3.peg.1394.site.49, 20, 134, 154
411483.3.peg.1394.site.50, 1, 150, 151
411483.3.peg.1394.site.51, 1, 144, 145
411483.3.peg.1394.site.52, 5, 142, 147
411483.3.peg.1394.site.53, 58, 128, 186
411483.3.peg.1394.site.54, 2, 137, 139
411483.3.peg.1394.site.55, 15, 128, 143
411483.3.peg.1394.site.56, 23, 136, 159
411483.3.peg.1394.site.57, 2, 141, 143
411483.3.peg.1394.site.58, 6, 138, 144
411483.3.peg.1394.site.59, 62, 132, 194
411483.3.peg.1394.site.60, 3, 134, 137
411483.3.peg.1394.site.61, 5, 135, 140
411483.3.peg.1394.site.62, 10, 125, 135
411483.3.peg.1394.site.63, 2, 129, 131
411483.3.peg.1394.site.64, 122, 122, 244
411483.3.peg.1394.site.65, 2, 117, 119
411483.3.peg.1394.site.66, 2, 117, 119
411483.3.peg.1394.site.67, 8, 111, 119
411483.3.peg.1394.site.68, 1, 115, 116
411483.3.peg.1394.site.69, 2, 123, 125
411483.3.peg.1394.site.70, 1, 133, 134
411483.3.peg.1394.site.71, 1, 134, 135
411483.3.peg.1394.site.72, 66, 129, 195
411483.3.peg.1394.site.73, 4, 136, 140
411483.3.peg.1394.site.74, 4, 137, 141
411483.3.peg.1394.site.75, 2, 134, 136
411483.3.peg.1394.site.76, 32, 128, 160
411483.3.peg.1394.site.77, 44, 128, 172
411483.3.peg.1394.site.78, 2, 134, 136
411483.3.peg.1394.site.79, 0, 127, 127
411483.3.peg.1394.site.80, 16, 119, 135
411483.3.peg.1394.site.81, 1, 98, 99
411483.3.peg.1394.site.82, 3, 129, 132
411483.3.peg.1394.site.83, 1, 116, 117
411483.3.peg.1394.site.84, 18, 121, 139
411483.3.peg.1394.site.85, 3, 127, 130
411483.3.peg.1394.site.86, 0, 127, 127
411483.3.peg.1394.site.87, 2, 125, 127
411483.3.peg.1394.site.88, 6, 112, 118
411483.3.peg.1394.site.89, 53, 114, 167
411483.3.peg.1394.site.90, 1, 125, 126
411483.3.peg.1394.site.91, 4, 133, 137
411483.3.peg.1394.site.92, 8, 128, 136
411483.3.peg.1394.site.93, 0, 132, 132
411483.3.peg.1394.site.94, 10, 135, 145
411483.3.peg.1394.site.95, 1, 146, 147
411483.3.peg.1394.site.96, 147, 149, 296
411483.3.peg.1394.site.97, 0, 145, 145
411483.3.peg.1394.site.98, 15, 141, 156
411483.3.peg.1394.site.99, 9, 148, 157
411483.3.peg.1394.site.100, 17, 146, 163
411483.3.peg.1394.site.101, 4, 145, 149
411483.3.peg.1394.site.102, 1, 150, 151
411483.3.peg.1394.site.103, 3, 141, 144
411483.3.peg.1394.site.104, 21, 134, 155
411483.3.peg.1394.site.105, 1, 138, 139
411483.3.peg.1394.site.106, 12, 130, 142
411483.3.peg.1394.site.107, 9, 128, 137
411483.3.peg.1394.site.108, 126, 127, 253
411483.3.peg.1394.site.109, 23, 85, 108
411483.3.peg.1394.site.110, 13, 102, 115
411483.3.peg.1394.site.111, 81, 98, 179
411483.3.peg.1394.site.112, 80, 106, 186
411483.3.peg.1394.site.113, 0, 110, 110
411483.3.peg.1394.site.114, 30, 100, 130
411483.3.peg.1394.site.115, 7, 119, 126
411483.3.peg.1394.site.116, 3, 121, 124
411483.3.peg.1394.site.117, 30, 130, 160
411483.3.peg.1394.site.118, 2, 146, 148
411483.3.peg.1394.site.119, 40, 135, 175
411483.3.peg.1394.site.120, 6, 143, 149
411483.3.peg.1394.site.121, 2, 148, 150
411483.3.peg.1394.site.122, 33, 129, 162
411483.3.peg.1394.site.123, 19, 135, 154
411483.3.peg.1394.site.124, 5, 150, 155
411483.3.peg.1394.site.125, 3, 148, 151
411483.3.peg.1394.site.126, 3, 150, 153
411483.3.peg.1394.site.127, 79, 141, 220
411483.3.peg.1394.site.128, 8, 146, 154
411483.3.peg.1394.site.129, 3, 142, 145
411483.3.peg.1394.site.130, 6, 140, 146
411483.3.peg.1394.site.131, 1, 142, 143
411483.3.peg.1394.site.132, 1, 147, 148
411483.3.peg.1394.site.133, 3, 152, 155
411483.3.peg.1394.site.134, 2, 148, 150
411483.3.peg.1394.site.135, 103, 145, 248
411483.3.peg.1394.site.136, 1, 150, 151
411483.3.peg.1394.site.137, 4, 148, 152
411483.3.peg.1394.site.138, 9, 143, 152
411483.3.peg.1394.site.139, 9, 140, 149
411483.3.peg.1394.site.140, 1, 144, 145
411483.3.peg.1394.site.141, 1, 147, 148
411483.3.peg.1394.site.142, 4, 144, 148
411483.3.peg.1394.site.143, 4, 146, 150
411483.3.peg.1394.site.144, 142, 147, 289
411483.3.peg.1394.site.145, 9, 144, 153
411483.3.peg.1394.site.146, 9, 146, 155
411483.3.peg.1394.site.147, 0, 149, 149
411483.3.peg.1394.site.148, 2, 147, 149
411483.3.peg.1394.site.149, 44, 143, 187
411483.3.peg.1394.site.150, 0, 148, 148
411483.3.peg.1394.site.151, 7, 151, 158
411483.3.peg.1394.site.152, 4, 150, 154
411483.3.peg.1394.site.153, 8, 148, 156
411483.3.peg.1394.site.154, 3, 148, 151
411483.3.peg.1394.site.155, 2, 141, 143
411483.3.peg.1394.site.156, 2, 137, 139
411483.3.peg.1394.site.157, 3, 114, 117
411483.3.peg.1394.site.158, 23, 106, 129
411483.3.peg.1394.site.159, 1, 125, 126
411483.3.peg.1394.site.160, 37, 126, 163
411483.3.peg.1394.site.161, 88, 132, 220
411483.3.peg.1394.site.162, 1, 143, 144
411483.3.peg.1394.site.163, 9, 148, 157
411483.3.peg.1394.site.164, 24, 141, 165
411483.3.peg.1394.site.165, 0, 148, 148
411483.3.peg.1394.site.166, 3, 150, 153
411483.3.peg.1394.site.167, 1, 150, 151
411483.3.peg.1394.site.168, 1, 147, 148
411483.3.peg.1394.site.169, 2, 150, 152
411483.3.peg.1394.site.170, 5, 149, 154
411483.3.peg.1394.site.171, 0, 145, 145
411483.3.peg.1394.site.172, 0, 151, 151
411483.3.peg.1394.site.173, 50, 146, 196
411483.3.peg.1394.site.174, 13, 151, 164
411483.3.peg.1394.site.175, 24, 121, 145
411483.3.peg.1394.site.176, 7, 136, 143
411483.3.peg.1394.site.177, 9, 136, 145
411483.3.peg.1394.site.178, 39, 124, 163
411483.3.peg.1394.site.179, 13, 131, 144
411483.3.peg.1394.site.180, 46, 130, 176
411483.3.peg.1394.site.181, 2, 142, 144
411483.3.peg.1394.site.182, 1, 145, 146
411483.3.peg.1394.site.183, 1, 141, 142
411483.3.peg.1394.site.184, 146, 146, 292
411483.3.peg.1394.site.185, 81, 139, 220
411483.3.peg.1394.site.186, 3, 150, 153
411483.3.peg.1394.site.187, 11, 147, 158
411483.3.peg.1394.site.188, 1, 152, 153
411483.3.peg.1394.site.189, 1, 147, 148
411483.3.peg.1394.site.190, 9, 148, 157
411483.3.peg.1394.site.191, 0, 146, 146
411483.3.peg.1394.site.192, 4, 147, 151
411483.3.peg.1394.site.193, 34, 139, 173
411483.3.peg.1394.site.194, 0, 154, 154
411483.3.peg.1394.site.195, 0, 154, 154
411483.3.peg.1394.site.196, 1, 153, 154
411483.3.peg.1394.site.197, 4, 152, 156
411483.3.peg.1394.site.198, 0, 153, 153
411483.3.peg.1394.site.199, 2, 153, 155
411483.3.peg.1394.site.200, 0, 148, 148
411483.3.peg.1394.site.201, 2, 150, 152
411483.3.peg.1394.site.202, 3, 151, 154
411483.3.peg.1394.site.203, 11, 149, 160
411483.3.peg.1394.site.204, 146, 147, 293
411483.3.peg.1394.site.205, 1, 150, 151
411483.3.peg.1394.site.206, 0, 146, 146
411483.3.peg.1394.site.207, 9, 149, 158
411483.3.peg.1394.site.208, 3, 149, 152
411483.3.peg.1394.site.209, 2, 149, 151
411483.3.peg.1394.site.210, 5, 145, 150
411483.3.peg.1394.site.211, 9, 145, 154
411483.3.peg.1394.site.212, 2, 148, 150
411483.3.peg.1394.site.213, 3, 150, 153
411483.3.peg.1394.site.214, 7, 146, 153
411483.3.peg.1394.site.215, 3, 151, 154
411483.3.peg.1394.site.216, 2, 150, 152
411483.3.peg.1394.site.217, 13, 150, 163
411483.3.peg.1394.site.218, 4, 150, 154
411483.3.peg.1394.site.219, 11, 150, 161
411483.3.peg.1394.site.220, 1, 152, 153
411483.3.peg.1394.site.221, 2, 150, 152
411483.3.peg.1394.site.222, 14, 142, 156
411483.3.peg.1394.site.223, 1, 117, 118
411483.3.peg.1394.site.224, 1, 89, 90
411483.3.peg.1394.site.225, 4, 85, 89
411483.3.peg.1395.site.1, 14, 88, 102
411483.3.peg.1395.site.2, 5, 93, 98
411483.3.peg.1395.site.3, 13, 102, 115
411483.3.peg.1395.site.4, 108, 112, 220
411483.3.peg.1395.site.5, 4, 110, 114
411483.3.peg.1395.site.6, 1, 115, 116
411483.3.peg.1395.site.7, 4, 113, 117
411483.3.peg.1395.site.8, 9, 116, 125
411483.3.peg.1395.site.9, 1, 111, 112
411483.3.peg.1395.site.10, 1, 110, 111
411483.3.peg.1395.site.11, 3, 112, 115
411483.3.peg.1395.site.12, 0, 110, 110
411483.3.peg.1395.site.13, 2, 109, 111
411483.3.peg.1395.site.14, 6, 106, 112
411483.3.peg.1395.site.15, 40, 86, 126
411483.3.peg.1395.site.16, 10, 91, 101
411483.3.peg.1395.site.17, 28, 82, 110
411483.3.peg.1395.site.18, 1, 88, 89
411483.3.peg.1395.site.19, 4, 79, 83
411483.3.peg.1395.site.20, 75, 76, 151
411483.3.peg.1395.site.21, 2, 65, 67
411483.3.peg.1395.site.22, 33, 67, 100
411483.3.peg.1395.site.23, 6, 60, 66
411483.3.peg.1395.site.24, 0, 60, 60
411483.3.peg.1395.site.25, 4, 66, 70
411483.3.peg.1395.site.26, 5, 64, 69
411483.3.peg.1395.site.27, 37, 60, 97
411483.3.peg.1395.site.28, 1, 63, 64
411483.3.peg.1395.site.29, 7, 77, 84
411483.3.peg.1395.site.30, 7, 77, 84
411483.3.peg.1395.site.31, 1, 78, 79
411483.3.peg.1395.site.32, 22, 74, 96
411483.3.peg.1395.site.33, 2, 80, 82
411483.3.peg.1395.site.34, 1, 80, 81
411483.3.peg.1395.site.35, 6, 77, 83
411483.3.peg.1395.site.36, 2, 76, 78
411483.3.peg.1395.site.37, 45, 66, 111
411483.3.peg.1395.site.38, 3, 85, 88
411483.3.peg.1395.site.39, 5, 78, 83
411483.3.peg.1395.site.40, 20, 84, 104
411483.3.peg.1395.site.41, 7, 89, 96
411483.3.peg.1395.site.42, 15, 95, 110
411483.3.peg.1395.site.43, 7, 101, 108
411483.3.peg.1395.site.44, 84, 100, 184
411483.3.peg.1395.site.45, 0, 118, 118
411483.3.peg.1395.site.46, 46, 108, 154
411483.3.peg.1395.site.47, 1, 128, 129
411483.3.peg.1395.site.48, 1, 131, 132
411483.3.peg.1395.site.49, 3, 129, 132
411483.3.peg.1395.site.50, 4, 138, 142
411483.3.peg.1395.site.51, 123, 138, 261
411483.3.peg.1395.site.52, 4, 143, 147
411483.3.peg.1395.site.53, 6, 144, 150
411483.3.peg.1395.site.54, 17, 144, 161
411483.3.peg.1395.site.55, 1, 145, 146
411483.3.peg.1395.site.56, 3, 147, 150
411483.3.peg.1395.site.57, 0, 149, 149
411483.3.peg.1395.site.58, 2, 150, 152
411483.3.peg.1395.site.59, 75, 138, 213
411483.3.peg.1395.site.60, 5, 144, 149
411483.3.peg.1395.site.61, 1, 147, 148
411483.3.peg.1395.site.62, 1, 145, 146
411483.3.peg.1395.site.63, 0, 149, 149
411483.3.peg.1395.site.64, 11, 146, 157
411483.3.peg.1395.site.65, 6, 148, 154
411483.3.peg.1395.site.66, 51, 135, 186
411483.3.peg.1395.site.67, 4, 140, 144
411483.3.peg.1395.site.68, 2, 136, 138
411483.3.peg.1395.site.69, 3, 139, 142
411483.3.peg.1395.site.70, 1, 130, 131
411483.3.peg.1395.site.71, 2, 132, 134
411483.3.peg.1395.site.72, 3, 121, 124
411483.3.peg.1395.site.73, 4, 127, 131
411483.3.peg.1395.site.74, 1, 116, 117
411483.3.peg.1395.site.75, 6, 128, 134
411483.3.peg.1395.site.76, 4, 136, 140
411483.3.peg.1395.site.77, 20, 118, 138
411483.3.peg.1395.site.78, 7, 126, 133
411483.3.peg.1395.site.79, 10, 139, 149
411483.3.peg.1395.site.80, 8, 132, 140
411483.3.peg.1395.site.81, 133, 138, 271
411483.3.peg.1395.site.82, 0, 133, 133
411483.3.peg.1395.site.83, 1, 136, 137
411483.3.peg.1395.site.84, 10, 126, 136
411483.3.peg.1395.site.85, 20, 122, 142
411483.3.peg.1395.site.86, 2, 134, 136
411483.3.peg.1395.site.87, 2, 139, 141
411483.3.peg.1395.site.88, 40, 135, 175
411483.3.peg.1395.site.89, 135, 135, 270
411483.3.peg.1395.site.90, 131, 131, 262
411483.3.peg.1395.site.91, 7, 128, 135
411483.3.peg.1392.site.1, 1, 155, 156
411483.3.peg.1393.site.1, 1, 152, 153
411483.3.peg.1393.site.2, 5, 151, 156
411483.3.peg.1393.site.3, 4, 151, 155
411483.3.peg.1393.site.4, 10, 149, 159
411483.3.peg.1393.site.5, 1, 153, 154
411483.3.peg.1393.site.6, 2, 155, 157
411483.3.peg.1393.site.7, 1, 153, 154
411483.3.peg.1393.site.8, 2, 154, 156
411483.3.peg.1393.site.9, 3, 152, 155
411483.3.peg.1393.site.10, 1, 154, 155
411483.3.peg.1393.site.11, 5, 155, 160
411483.3.peg.1393.site.12, 3, 153, 156
411483.3.peg.1393.site.13, 1, 153, 154
411483.3.peg.1393.site.14, 0, 154, 154
411483.3.peg.1393.site.15, 2, 153, 155
411483.3.peg.1393.site.16, 5, 150, 155
411483.3.peg.1393.site.17, 5, 152, 157
411483.3.peg.1393.site.18, 2, 151, 153
411483.3.peg.1393.site.19, 2, 151, 153
411483.3.peg.1393.site.20, 1, 153, 154
411483.3.peg.1393.site.21, 10, 144, 154
411483.3.peg.1393.site.22, 1, 152, 153
411483.3.peg.1393.site.23, 3, 153, 156
411483.3.peg.1393.site.24, 1, 149, 150
411483.3.peg.1393.site.25, 150, 150, 300
411483.3.peg.1393.site.26, 3, 146, 149
411483.3.peg.1393.site.27, 1, 146, 147
411483.3.peg.1393.site.28, 83, 135, 218
411483.3.peg.1393.site.29, 0, 148, 148
411483.3.peg.1390.site.1, 0, 153, 153
411483.3.peg.1390.site.2, 1, 154, 155
411483.3.peg.1390.site.3, 2, 155, 157
411483.3.peg.1390.site.4, 0, 153, 153
411483.3.peg.1390.site.5, 0, 152, 152
411483.3.peg.1390.site.6, 1, 153, 154
411483.3.peg.1390.site.7, 0, 151, 151
411483.3.peg.1390.site.8, 0, 151, 151
411483.3.peg.1390.site.9, 2, 148, 150
411483.3.peg.1390.site.10, 1, 149, 150
411483.3.peg.1390.site.11, 1, 151, 152
411483.3.peg.1390.site.12, 0, 149, 149
411483.3.peg.1390.site.13, 1, 148, 149
411483.3.peg.1390.site.14, 0, 143, 143
411483.3.peg.1390.site.15, 3, 146, 149
411483.3.peg.1390.site.16, 3, 145, 148
411483.3.peg.1390.site.17, 2, 145, 147
411483.3.peg.1390.site.18, 54, 142, 196
411483.3.peg.1390.site.19, 8, 149, 157
411483.3.peg.1390.site.20, 5, 152, 157
411483.3.peg.1390.site.21, 26, 149, 175
411483.3.peg.1390.site.22, 56, 138, 194
411483.3.peg.1390.site.23, 1, 154, 155
411483.3.peg.1390.site.24, 0, 152, 152
411483.3.peg.1390.site.25, 0, 150, 150
411483.3.peg.1390.site.26, 1, 144, 145
411483.3.peg.1390.site.27, 7, 146, 153
411483.3.peg.1390.site.28, 18, 141, 159
411483.3.peg.1390.site.29, 2, 144, 146
411483.3.peg.1390.site.30, 4, 147, 151
411483.3.peg.1390.site.31, 2, 142, 144
411483.3.peg.1390.site.32, 1, 148, 149
411483.3.peg.1390.site.33, 0, 145, 145
411483.3.peg.1390.site.34, 40, 139, 179
411483.3.peg.1390.site.35, 2, 153, 155
411483.3.peg.1390.site.36, 1, 154, 155
411483.3.peg.1390.site.37, 12, 150, 162
411483.3.peg.1390.site.38, 0, 153, 153
411483.3.peg.1390.site.39, 22, 150, 172
411483.3.peg.1390.site.40, 0, 150, 150
411483.3.peg.1390.site.41, 1, 154, 155
411483.3.peg.1390.site.42, 7, 153, 160
411483.3.peg.1390.site.43, 2, 154, 156
411483.3.peg.1390.site.44, 1, 153, 154
411483.3.peg.1390.site.45, 4, 153, 157
411483.3.peg.1390.site.46, 1, 153, 154
411483.3.peg.1390.site.47, 1, 153, 154
411483.3.peg.1390.site.48, 0, 151, 151
411483.3.peg.1390.site.49, 1, 153, 154
411483.3.peg.1390.site.50, 94, 147, 241
411483.3.peg.1390.site.51, 101, 143, 244
411483.3.peg.1390.site.52, 1, 151, 152
411483.3.peg.1390.site.53, 7, 148, 155
411483.3.peg.1390.site.54, 2, 153, 155
411483.3.peg.1390.site.55, 2, 152, 154
411483.3.peg.1390.site.56, 6, 153, 159
411483.3.peg.1390.site.57, 14, 150, 164
411483.3.peg.1390.site.58, 121, 147, 268
411483.3.peg.1390.site.59, 5, 154, 159
411483.3.peg.1390.site.60, 80, 141, 221
411483.3.peg.1390.site.61, 3, 154, 157
411483.3.peg.1390.site.62, 13, 151, 164
411483.3.peg.1390.site.63, 5, 153, 158
411483.3.peg.1390.site.64, 1, 153, 154
411483.3.peg.1390.site.65, 11, 151, 162
411483.3.peg.1390.site.66, 3, 152, 155
411483.3.peg.1390.site.67, 1, 153, 154
411483.3.peg.1390.site.68, 2, 153, 155
411483.3.peg.1390.site.69, 1, 153, 154
411483.3.peg.1390.site.70, 0, 149, 149
411483.3.peg.1391.site.1, 35, 120, 155
411483.3.peg.1391.site.2, 1, 130, 131
411483.3.peg.1391.site.3, 4, 134, 138
411483.3.peg.1391.site.4, 0, 139, 139
411483.3.peg.1391.site.5, 57, 131, 188
411483.3.peg.1391.site.6, 62, 147, 209
411483.3.peg.1391.site.7, 1, 154, 155
411483.3.peg.1391.site.8, 1, 155, 156
411483.3.peg.1391.site.9, 57, 146, 203
411483.3.peg.1391.site.10, 89, 146, 235
411483.3.peg.1391.site.11, 150, 154, 304
411483.3.peg.1391.site.12, 2, 154, 156
411483.3.peg.1391.site.13, 61, 147, 208
411483.3.peg.1391.site.14, 53, 150, 203
411483.3.peg.1391.site.15, 102, 144, 246
411483.3.peg.1391.site.16, 0, 152, 152
411483.3.peg.1391.site.17, 2, 150, 152
411483.3.peg.1391.site.18, 0, 150, 150
411483.3.peg.1391.site.19, 3, 151, 154
411483.3.peg.1391.site.20, 4, 149, 153
411483.3.peg.1391.site.21, 1, 152, 153
411483.3.peg.1391.site.22, 1, 153, 154
411483.3.peg.1391.site.23, 3, 151, 154
411483.3.peg.1391.site.24, 7, 149, 156
411483.3.peg.1391.site.25, 2, 151, 153
411483.3.peg.1391.site.26, 2, 146, 148
411483.3.peg.1391.site.27, 1, 153, 154
411483.3.peg.1391.site.28, 0, 148, 148
411483.3.peg.1391.site.29, 128, 149, 277
411483.3.peg.1391.site.30, 98, 140, 238
411483.3.peg.1391.site.31, 7, 145, 152
411483.3.peg.1391.site.32, 0, 151, 151
411483.3.peg.1391.site.33, 0, 150, 150
411483.3.peg.1391.site.34, 16, 150, 166
411483.3.peg.1391.site.35, 33, 146, 179
411483.3.peg.1391.site.36, 13, 150, 163
411483.3.peg.1391.site.37, 1, 155, 156
411483.3.peg.1391.site.38, 41, 147, 188
411483.3.peg.1391.site.39, 1, 155, 156
411483.3.peg.1391.site.40, 2, 155, 157
411483.3.peg.1391.site.41, 1, 155, 156
411483.3.peg.1391.site.42, 3, 154, 157
411483.3.peg.1391.site.43, 5, 155, 160
411483.3.peg.1391.site.44, 7, 154, 161
411483.3.peg.1391.site.45, 20, 150, 170
411483.3.peg.1391.site.46, 2, 154, 156
411483.3.peg.1391.site.47, 2, 155, 157
411483.3.peg.1391.site.48, 2, 155, 157
411483.3.peg.1391.site.49, 5, 155, 160
411483.3.peg.1391.site.50, 0, 154, 154
411483.3.peg.1391.site.51, 8, 153, 161
411483.3.peg.1391.site.52, 1, 153, 154
411483.3.peg.1391.site.53, 14, 154, 168
411483.3.peg.1391.site.54, 12, 153, 165
411483.3.peg.1391.site.55, 0, 154, 154
411483.3.peg.1391.site.56, 0, 153, 153
411483.3.peg.1391.site.57, 1, 153, 154
411483.3.peg.1391.site.58, 1, 155, 156
411483.3.peg.1391.site.59, 2, 155, 157
411483.3.peg.1391.site.60, 47, 146, 193
411483.3.peg.1391.site.61, 2, 155, 157
411483.3.peg.1391.site.62, 6, 152, 158
411483.3.peg.1391.site.63, 4, 154, 158
411483.3.peg.1391.site.64, 2, 154, 156
411483.3.peg.1391.site.65, 0, 154, 154
411483.3.peg.1391.site.66, 3, 154, 157
411483.3.peg.1391.site.67, 0, 154, 154
411483.3.peg.1391.site.68, 3, 152, 155
411483.3.peg.1391.site.69, 30, 145, 175
411483.3.peg.1391.site.70, 3, 153, 156
411483.3.peg.1391.site.71, 2, 153, 155
411483.3.peg.1391.site.72, 0, 155, 155
411483.3.peg.1391.site.73, 0, 154, 154
411483.3.peg.1391.site.74, 4, 155, 159
411483.3.peg.1391.site.75, 3, 154, 157
411483.3.peg.1391.site.76, 3, 154, 157
411483.3.peg.1391.site.77, 4, 152, 156
411483.3.peg.1391.site.78, 1, 153, 154
411483.3.peg.1391.site.79, 7, 155, 162
411483.3.peg.1391.site.80, 2, 152, 154
411483.3.peg.1391.site.81, 0, 151, 151
411483.3.peg.1391.site.82, 56, 141, 197
411483.3.peg.1391.site.83, 141, 150, 291
411483.3.peg.1391.site.84, 3, 151, 154
411483.3.peg.1391.site.85, 1, 150, 151
411483.3.peg.1391.site.86, 6, 151, 157
411483.3.peg.1391.site.87, 3, 152, 155
411483.3.peg.1391.site.88, 7, 149, 156
411483.3.peg.1391.site.89, 8, 147, 155
411483.3.peg.1391.site.90, 3, 149, 152
411483.3.peg.1391.site.91, 2, 149, 151
411483.3.peg.1391.site.92, 1, 150, 151
411483.3.peg.1391.site.93, 3, 148, 151
411483.3.peg.1391.site.94, 0, 148, 148
411483.3.peg.1391.site.95, 31, 140, 171
411483.3.peg.1391.site.96, 3, 147, 150
411483.3.peg.1391.site.97, 4, 147, 151
411483.3.peg.1391.site.98, 138, 142, 280
411483.3.peg.1391.site.99, 73, 146, 219
411483.3.peg.1391.site.100, 0, 154, 154
411483.3.peg.1391.site.101, 1, 155, 156
411483.3.peg.1391.site.102, 3, 154, 157
411483.3.peg.1391.site.103, 4, 151, 155
411483.3.peg.1391.site.104, 71, 142, 213
411483.3.peg.1391.site.105, 5, 154, 159
411483.3.peg.1391.site.106, 0, 151, 151
411483.3.peg.1391.site.107, 1, 153, 154
411483.3.peg.1391.site.108, 9, 151, 160
411483.3.peg.1391.site.109, 1, 154, 155
411483.3.peg.1391.site.110, 117, 151, 268
411483.3.peg.1391.site.111, 0, 153, 153
411483.3.peg.1391.site.112, 6, 152, 158
411483.3.peg.1391.site.113, 0, 153, 153
411483.3.peg.1391.site.114, 0, 153, 153
411483.3.peg.1391.site.115, 3, 153, 156
411483.3.peg.1391.site.116, 3, 151, 154
411483.3.peg.1391.site.117, 2, 152, 154
411483.3.peg.1391.site.118, 0, 152, 152
411483.3.peg.1391.site.119, 6, 152, 158
411483.3.peg.1391.site.120, 4, 150, 154
411483.3.peg.1391.site.121, 1, 154, 155
411483.3.peg.1132.site.1, 4, 143, 147
411483.3.peg.1132.site.2, 10, 134, 144
411483.3.peg.1132.site.3, 13, 134, 147
411483.3.peg.1132.site.4, 29, 133, 162
411483.3.peg.1132.site.5, 1, 142, 143
411483.3.peg.1132.site.6, 2, 141, 143
411483.3.peg.1132.site.7, 26, 144, 170
411483.3.peg.1132.site.8, 2, 150, 152
411483.3.peg.1132.site.9, 3, 152, 155
411483.3.peg.1132.site.10, 11, 152, 163
411483.3.peg.1132.site.11, 81, 136, 217
411483.3.peg.1132.site.12, 62, 141, 203
411483.3.peg.1132.site.13, 59, 138, 197
411483.3.peg.1132.site.14, 3, 154, 157
411483.3.peg.1132.site.15, 2, 155, 157
411483.3.peg.1132.site.16, 2, 155, 157
411483.3.peg.1132.site.17, 2, 152, 154
411483.3.peg.1132.site.18, 140, 149, 289
411483.3.peg.1132.site.19, 8, 152, 160
411483.3.peg.1132.site.20, 1, 148, 149
411483.3.peg.1132.site.21, 6, 146, 152
411483.3.peg.1132.site.22, 1, 148, 149
411483.3.peg.1132.site.23, 0, 148, 148
411483.3.peg.1132.site.24, 0, 145, 145
411483.3.peg.1132.site.25, 0, 131, 131
411483.3.peg.1132.site.26, 63, 134, 197
411483.3.peg.1132.site.27, 109, 134, 243
411483.3.peg.1132.site.28, 9, 142, 151
411483.3.peg.1132.site.29, 3, 145, 148
411483.3.peg.1132.site.30, 8, 147, 155
411483.3.peg.1133.site.1, 3, 145, 148
411483.3.peg.1133.site.2, 1, 147, 148
411483.3.peg.1133.site.3, 2, 144, 146
411483.3.peg.1133.site.4, 2, 135, 137
411483.3.peg.1133.site.5, 2, 119, 121
411483.3.peg.1133.site.6, 16, 113, 129
411483.3.peg.1133.site.7, 0, 114, 114
411483.3.peg.1133.site.8, 4, 113, 117
411483.3.peg.1133.site.9, 1, 103, 104
411483.3.peg.1133.site.10, 4, 112, 116
411483.3.peg.1133.site.11, 11, 114, 125
411483.3.peg.1133.site.12, 5, 121, 126
411483.3.peg.1133.site.13, 26, 115, 141
411483.3.peg.1133.site.14, 106, 126, 232
411483.3.peg.1133.site.15, 9, 130, 139
411483.3.peg.1133.site.16, 6, 137, 143
411483.3.peg.1133.site.17, 3, 138, 141
411483.3.peg.1133.site.18, 4, 126, 130
411483.3.peg.1133.site.19, 4, 125, 129
411483.3.peg.1133.site.20, 13, 125, 138
411483.3.peg.1133.site.21, 13, 130, 143
411483.3.peg.1133.site.22, 1, 133, 134
411483.3.peg.1133.site.23, 4, 131, 135
411483.3.peg.1133.site.24, 19, 131, 150
411483.3.peg.1133.site.25, 2, 125, 127
411483.3.peg.1133.site.26, 2, 127, 129
411483.3.peg.1133.site.27, 0, 128, 128
411483.3.peg.1133.site.28, 1, 130, 131
411483.3.peg.1133.site.29, 50, 118, 168
411483.3.peg.1133.site.30, 5, 130, 135
411483.3.peg.1133.site.31, 7, 139, 146
411483.3.peg.1133.site.32, 3, 146, 149
411483.3.peg.1133.site.33, 1, 147, 148
411483.3.peg.1133.site.34, 3, 147, 150
411483.3.peg.1133.site.35, 1, 150, 151
411483.3.peg.1133.site.36, 3, 147, 150
411483.3.peg.1133.site.37, 1, 148, 149
411483.3.peg.1133.site.38, 3, 147, 150
411483.3.peg.1133.site.39, 7, 147, 154
411483.3.peg.1133.site.40, 2, 149, 151
411483.3.peg.1133.site.41, 3, 150, 153
411483.3.peg.1133.site.42, 0, 151, 151
411483.3.peg.1133.site.43, 1, 150, 151
411483.3.peg.1133.site.44, 92, 142, 234
411483.3.peg.1133.site.45, 38, 144, 182
411483.3.peg.1133.site.46, 17, 140, 157
411483.3.peg.1133.site.47, 1, 143, 144
411483.3.peg.1133.site.48, 1, 146, 147
411483.3.peg.1133.site.49, 0, 147, 147
411483.3.peg.1133.site.50, 2, 148, 150
411483.3.peg.1133.site.51, 10, 143, 153
411483.3.peg.1133.site.52, 2, 146, 148
411483.3.peg.1133.site.53, 8, 143, 151
411483.3.peg.1133.site.54, 0, 145, 145
411483.3.peg.1133.site.55, 2, 144, 146
411483.3.peg.1133.site.56, 5, 147, 152
411483.3.peg.1133.site.57, 8, 149, 157
411483.3.peg.1133.site.58, 7, 148, 155
411483.3.peg.1133.site.59, 3, 150, 153
411483.3.peg.1130.site.1, 1, 155, 156
411483.3.peg.1130.site.2, 2, 155, 157
411483.3.peg.1130.site.3, 10, 151, 161
411483.3.peg.1130.site.4, 1, 154, 155
411483.3.peg.1130.site.5, 2, 153, 155
411483.3.peg.1130.site.6, 3, 153, 156
411483.3.peg.1130.site.7, 0, 153, 153
411483.3.peg.1130.site.8, 0, 151, 151
411483.3.peg.1130.site.9, 0, 151, 151
411483.3.peg.1130.site.10, 16, 150, 166
411483.3.peg.1130.site.11, 0, 148, 148
411483.3.peg.1130.site.12, 29, 144, 173
411483.3.peg.1130.site.13, 11, 150, 161
411483.3.peg.1130.site.14, 3, 147, 150
411483.3.peg.1130.site.15, 0, 149, 149
411483.3.peg.1130.site.16, 0, 151, 151
411483.3.peg.1130.site.17, 13, 137, 150
411483.3.peg.1130.site.18, 36, 145, 181
411483.3.peg.1130.site.19, 70, 138, 208
411483.3.peg.1130.site.20, 73, 140, 213
411483.3.peg.1130.site.21, 1, 154, 155
411483.3.peg.1130.site.22, 6, 151, 157
411483.3.peg.1130.site.23, 2, 155, 157
411483.3.peg.1130.site.24, 7, 152, 159
411483.3.peg.1130.site.25, 4, 154, 158
411483.3.peg.1130.site.26, 2, 154, 156
411483.3.peg.1130.site.27, 1, 154, 155
411483.3.peg.1130.site.28, 16, 153, 169
411483.3.peg.1130.site.29, 2, 153, 155
411483.3.peg.1130.site.30, 28, 142, 170
411483.3.peg.1130.site.31, 2, 151, 153
411483.3.peg.1130.site.32, 137, 149, 286
411483.3.peg.1130.site.33, 3, 149, 152
411483.3.peg.1130.site.34, 2, 155, 157
411483.3.peg.1130.site.35, 7, 149, 156
411483.3.peg.1130.site.36, 13, 150, 163
411483.3.peg.1130.site.37, 6, 151, 157
411483.3.peg.1130.site.38, 153, 153, 306
411483.3.peg.1130.site.39, 1, 150, 151
411483.3.peg.1130.site.40, 0, 153, 153
411483.3.peg.1130.site.41, 0, 153, 153
411483.3.peg.1130.site.42, 1, 149, 150
411483.3.peg.1130.site.43, 0, 152, 152
411483.3.peg.1130.site.44, 6, 150, 156
411483.3.peg.1130.site.45, 29, 149, 178
411483.3.peg.1130.site.46, 1, 149, 150
411483.3.peg.1130.site.47, 3, 146, 149
411483.3.peg.1130.site.48, 8, 154, 162
411483.3.peg.1130.site.49, 1, 154, 155
411483.3.peg.1131.site.1, 122, 148, 270
411483.3.peg.1131.site.2, 3, 155, 158
411483.3.peg.1131.site.3, 2, 155, 157
411483.3.peg.1131.site.4, 3, 154, 157
411483.3.peg.1131.site.5, 5, 155, 160
411483.3.peg.1131.site.6, 1, 153, 154
411483.3.peg.1131.site.7, 3, 151, 154
411483.3.peg.1131.site.8, 4, 154, 158
411483.3.peg.1131.site.9, 5, 153, 158
411483.3.peg.1131.site.10, 0, 151, 151
411483.3.peg.1131.site.11, 12, 149, 161
411483.3.peg.1131.site.12, 4, 151, 155
411483.3.peg.1131.site.13, 0, 150, 150
411483.3.peg.1131.site.14, 3, 154, 157
411483.3.peg.1131.site.15, 1, 154, 155
411483.3.peg.1131.site.16, 0, 150, 150
411483.3.peg.1131.site.17, 0, 152, 152
411483.3.peg.1131.site.18, 30, 133, 163
411483.3.peg.1131.site.19, 7, 149, 156
411483.3.peg.1131.site.20, 1, 148, 149
411483.3.peg.1131.site.21, 10, 151, 161
411483.3.peg.1131.site.22, 0, 141, 141
411483.3.peg.1131.site.23, 3, 146, 149
411483.3.peg.1131.site.24, 0, 151, 151
411483.3.peg.1131.site.25, 3, 152, 155
411483.3.peg.1131.site.26, 3, 150, 153
411483.3.peg.1131.site.27, 84, 144, 228
411483.3.peg.1131.site.28, 2, 155, 157
411483.3.peg.1131.site.29, 4, 153, 157
411483.3.peg.1131.site.30, 58, 137, 195
411483.3.peg.1131.site.31, 1, 150, 151
411483.3.peg.1131.site.32, 89, 147, 236
411483.3.peg.1131.site.33, 2, 152, 154
411483.3.peg.1131.site.34, 6, 145, 151
411483.3.peg.1131.site.35, 32, 139, 171
411483.3.peg.1131.site.36, 2, 154, 156
411483.3.peg.1131.site.37, 6, 153, 159
411483.3.peg.1131.site.38, 117, 150, 267
411483.3.peg.1131.site.39, 0, 154, 154
411483.3.peg.1131.site.40, 2, 154, 156
411483.3.peg.1131.site.41, 0, 152, 152
411483.3.peg.1131.site.42, 3, 154, 157
411483.3.peg.1131.site.43, 0, 152, 152
411483.3.peg.1131.site.44, 0, 153, 153
411483.3.peg.1131.site.45, 5, 154, 159
411483.3.peg.1131.site.46, 0, 151, 151
411483.3.peg.1131.site.47, 8, 155, 163
411483.3.peg.1131.site.48, 8, 150, 158
411483.3.peg.1131.site.49, 1, 154, 155
411483.3.peg.1131.site.50, 2, 153, 155
411483.3.peg.1136.site.1, 1, 150, 151
411483.3.peg.1136.site.2, 8, 149, 157
411483.3.peg.1136.site.3, 3, 146, 149
411483.3.peg.1136.site.4, 1, 115, 116
411483.3.peg.1136.site.5, 5, 115, 120
411483.3.peg.1136.site.6, 3, 116, 119
411483.3.peg.1136.site.7, 113, 124, 237
411483.3.peg.1136.site.8, 3, 143, 146
411483.3.peg.1136.site.9, 1, 146, 147
411483.3.peg.1136.site.10, 17, 141, 158
411483.3.peg.1136.site.11, 20, 143, 163
411483.3.peg.1136.site.12, 5, 145, 150
411483.3.peg.1136.site.13, 1, 148, 149
411483.3.peg.1136.site.14, 1, 147, 148
411483.3.peg.1136.site.15, 2, 149, 151
411483.3.peg.1136.site.16, 6, 146, 152
411483.3.peg.1136.site.17, 0, 147, 147
411483.3.peg.1136.site.18, 3, 147, 150
411483.3.peg.1136.site.19, 39, 132, 171
411483.3.peg.1136.site.20, 10, 128, 138
411483.3.peg.1136.site.21, 0, 128, 128
411483.3.peg.1136.site.22, 1, 141, 142
411483.3.peg.1136.site.23, 1, 140, 141
411483.3.peg.1136.site.24, 1, 116, 117
411483.3.peg.1136.site.25, 27, 101, 128
411483.3.peg.1136.site.26, 8, 100, 108
411483.3.peg.1136.site.27, 76, 82, 158
411483.3.peg.1136.site.28, 1, 80, 81
411483.3.peg.1136.site.29, 0, 70, 70
411483.3.peg.1136.site.30, 47, 52, 99
411483.3.peg.1136.site.31, 2, 49, 51
411483.3.peg.1136.site.32, 7, 43, 50
411483.3.peg.1136.site.33, 2, 40, 42
411483.3.peg.1136.site.34, 4, 38, 42
411483.3.peg.1136.site.35, 12, 35, 47
411483.3.peg.1136.site.36, 3, 33, 36
411483.3.peg.1136.site.37, 3, 29, 32
411483.3.peg.1136.site.38, 7, 25, 32
411483.3.peg.1136.site.39, 11, 23, 34
411483.3.peg.1136.site.40, 5, 23, 28
411483.3.peg.1136.site.41, 0, 46, 46
411483.3.peg.1136.site.42, 0, 48, 48
411483.3.peg.1136.site.43, 6, 42, 48
411483.3.peg.1136.site.44, 1, 47, 48
411483.3.peg.1136.site.45, 10, 52, 62
411483.3.peg.1136.site.46, 1, 61, 62
411483.3.peg.1136.site.47, 1, 76, 77
411483.3.peg.1136.site.48, 5, 89, 94
411483.3.peg.1136.site.49, 0, 112, 112
411483.3.peg.1136.site.50, 2, 129, 131
411483.3.peg.1136.site.51, 10, 129, 139
411483.3.peg.1136.site.52, 0, 134, 134
411483.3.peg.1136.site.53, 4, 137, 141
411483.3.peg.1136.site.54, 1, 127, 128
411483.3.peg.1136.site.55, 3, 128, 131
411483.3.peg.1136.site.56, 1, 129, 130
411483.3.peg.1136.site.57, 4, 127, 131
411483.3.peg.1136.site.58, 5, 127, 132
411483.3.peg.1136.site.59, 12, 123, 135
411483.3.peg.1136.site.60, 1, 122, 123
411483.3.peg.1136.site.61, 12, 94, 106
411483.3.peg.1136.site.62, 5, 99, 104
411483.3.peg.1136.site.63, 8, 101, 109
411483.3.peg.1136.site.64, 0, 116, 116
411483.3.peg.1136.site.65, 3, 117, 120
411483.3.peg.1136.site.66, 4, 124, 128
411483.3.peg.1136.site.67, 9, 133, 142
411483.3.peg.1136.site.68, 2, 141, 143
411483.3.peg.1136.site.69, 4, 143, 147
411483.3.peg.1136.site.70, 2, 148, 150
411483.3.peg.1136.site.71, 23, 145, 168
411483.3.peg.1136.site.72, 14, 143, 157
411483.3.peg.1136.site.73, 10, 149, 159
411483.3.peg.1136.site.74, 20, 147, 167
411483.3.peg.1136.site.75, 0, 147, 147
411483.3.peg.1134.site.1, 11, 150, 161
411483.3.peg.1134.site.2, 0, 150, 150
411483.3.peg.1134.site.3, 2, 151, 153
411483.3.peg.1134.site.4, 0, 150, 150
411483.3.peg.1134.site.5, 10, 145, 155
411483.3.peg.1134.site.6, 6, 140, 146
411483.3.peg.1134.site.7, 9, 139, 148
411483.3.peg.1134.site.8, 0, 144, 144
411483.3.peg.1134.site.9, 1, 137, 138
411483.3.peg.1134.site.10, 3, 141, 144
411483.3.peg.1134.site.11, 5, 138, 143
411483.3.peg.1134.site.12, 1, 132, 133
411483.3.peg.1134.site.13, 20, 135, 155
411483.3.peg.1134.site.14, 7, 141, 148
411483.3.peg.1135.site.1, 13, 152, 165
411483.3.peg.1135.site.2, 3, 153, 156
411483.3.peg.1135.site.3, 3, 153, 156
411483.3.peg.1135.site.4, 36, 141, 177
411483.3.peg.1135.site.5, 3, 149, 152
411483.3.peg.1135.site.6, 5, 154, 159
411483.3.peg.1135.site.7, 126, 151, 277
411483.3.peg.1135.site.8, 14, 145, 159
411483.3.peg.1135.site.9, 0, 149, 149
411483.3.peg.1135.site.10, 0, 149, 149
411483.3.peg.1135.site.11, 2, 153, 155
411483.3.peg.1135.site.12, 0, 153, 153
411483.3.peg.1135.site.13, 4, 153, 157
411483.3.peg.1135.site.14, 1, 153, 154
411483.3.peg.1135.site.15, 2, 153, 155
411483.3.peg.1135.site.16, 38, 144, 182
411483.3.peg.1135.site.17, 3, 149, 152
411483.3.peg.1135.site.18, 3, 153, 156
411483.3.peg.1135.site.19, 1, 153, 154
411483.3.peg.1135.site.20, 2, 155, 157
411483.3.peg.1135.site.21, 1, 151, 152
411483.3.peg.1135.site.22, 2, 151, 153
411483.3.peg.1135.site.23, 2, 154, 156
411483.3.peg.1135.site.24, 152, 153, 305
411483.3.peg.1135.site.25, 23, 150, 173
411483.3.peg.1135.site.26, 5, 152, 157
411483.3.peg.1135.site.27, 2, 150, 152
411483.3.peg.1135.site.28, 49, 144, 193
411483.3.peg.1135.site.29, 1, 149, 150
411483.3.peg.1135.site.30, 3, 152, 155
411483.3.peg.1135.site.31, 5, 152, 157
411483.3.peg.218.site.1, 1, 151, 152
411483.3.peg.218.site.2, 13, 146, 159
411483.3.peg.218.site.3, 6, 153, 159
411483.3.peg.218.site.4, 2, 152, 154
411483.3.peg.218.site.5, 9, 149, 158
411483.3.peg.218.site.6, 3, 150, 153
411483.3.peg.218.site.7, 10, 150, 160
411483.3.peg.218.site.8, 4, 148, 152
411483.3.peg.218.site.9, 44, 135, 179
411483.3.peg.218.site.10, 8, 148, 156
411483.3.peg.218.site.11, 2, 149, 151
411483.3.peg.218.site.12, 7, 150, 157
411483.3.peg.218.site.13, 1, 153, 154
411483.3.peg.218.site.14, 6, 150, 156
411483.3.peg.218.site.15, 6, 153, 159
411483.3.peg.218.site.16, 114, 149, 263
411483.3.peg.218.site.17, 9, 154, 163
411483.3.peg.218.site.18, 1, 154, 155
411483.3.peg.218.site.19, 2, 154, 156
411483.3.peg.218.site.20, 28, 149, 177
411483.3.peg.218.site.21, 1, 155, 156
411483.3.peg.218.site.22, 0, 154, 154
411483.3.peg.218.site.23, 1, 152, 153
411483.3.peg.218.site.24, 0, 153, 153
411483.3.peg.218.site.25, 0, 153, 153
411483.3.peg.218.site.26, 5, 154, 159
411483.3.peg.218.site.27, 2, 155, 157
411483.3.peg.218.site.28, 20, 150, 170
411483.3.peg.218.site.29, 62, 148, 210
411483.3.peg.218.site.30, 2, 152, 154
411483.3.peg.218.site.31, 0, 152, 152
411483.3.peg.218.site.32, 1, 151, 152
411483.3.peg.218.site.33, 11, 148, 159
411483.3.peg.218.site.34, 2, 152, 154
411483.3.peg.218.site.35, 3, 151, 154
411483.3.peg.218.site.36, 2, 152, 154
411483.3.peg.218.site.37, 7, 150, 157
411483.3.peg.218.site.38, 2, 152, 154
411483.3.peg.218.site.39, 1, 152, 153
411483.3.peg.218.site.40, 0, 152, 152
411483.3.peg.218.site.41, 22, 146, 168
411483.3.peg.218.site.42, 9, 151, 160
411483.3.peg.218.site.43, 3, 155, 158
411483.3.peg.218.site.44, 16, 150, 166
411483.3.peg.218.site.45, 15, 147, 162
411483.3.peg.218.site.46, 25, 148, 173
411483.3.peg.218.site.47, 0, 155, 155
411483.3.peg.1138.site.1, 3, 154, 157
411483.3.peg.1138.site.2, 8, 147, 155
411483.3.peg.1138.site.3, 3, 153, 156
411483.3.peg.1138.site.4, 2, 148, 150
411483.3.peg.1138.site.5, 2, 149, 151
411483.3.peg.1138.site.6, 8, 150, 158
411483.3.peg.1138.site.7, 0, 146, 146
411483.3.peg.1138.site.8, 1, 147, 148
411483.3.peg.1138.site.9, 1, 150, 151
411483.3.peg.1138.site.10, 7, 151, 158
411483.3.peg.1138.site.11, 8, 151, 159
411483.3.peg.1138.site.12, 2, 150, 152
411483.3.peg.1138.site.13, 5, 144, 149
411483.3.peg.1138.site.14, 38, 137, 175
411483.3.peg.1138.site.15, 6, 148, 154
411483.3.peg.1138.site.16, 2, 153, 155
411483.3.peg.1138.site.17, 44, 142, 186
411483.3.peg.1138.site.18, 37, 141, 178
411483.3.peg.1138.site.19, 2, 148, 150
411483.3.peg.1138.site.20, 47, 138, 185
411483.3.peg.1138.site.21, 15, 144, 159
411483.3.peg.1138.site.22, 62, 137, 199
411483.3.peg.1138.site.23, 24, 143, 167
411483.3.peg.1138.site.24, 15, 146, 161
411483.3.peg.1138.site.25, 98, 139, 237
411483.3.peg.1138.site.26, 46, 137, 183
411483.3.peg.1138.site.27, 6, 148, 154
411483.3.peg.1138.site.28, 4, 153, 157
411483.3.peg.1138.site.29, 3, 152, 155
411483.3.peg.1138.site.30, 6, 150, 156
411483.3.peg.1138.site.31, 19, 146, 165
411483.3.peg.1138.site.32, 0, 149, 149
411483.3.peg.1138.site.33, 0, 151, 151
411483.3.peg.1138.site.34, 5, 151, 156
411483.3.peg.1138.site.35, 9, 146, 155
411483.3.peg.1138.site.36, 10, 147, 157
411483.3.peg.1138.site.37, 1, 146, 147
411483.3.peg.1138.site.38, 2, 150, 152
411483.3.peg.1138.site.39, 0, 149, 149
411483.3.peg.1138.site.40, 2, 152, 154
411483.3.peg.1138.site.41, 6, 143, 149
411483.3.peg.1138.site.42, 1, 148, 149
411483.3.peg.1138.site.43, 31, 140, 171
411483.3.peg.1138.site.44, 2, 148, 150
411483.3.peg.1138.site.45, 3, 154, 157
411483.3.peg.1138.site.46, 5, 152, 157
411483.3.peg.1138.site.47, 1, 152, 153
411483.3.peg.1138.site.48, 6, 152, 158
411483.3.peg.1138.site.49, 5, 152, 157
411483.3.peg.1138.site.50, 1, 153, 154
411483.3.peg.1138.site.51, 0, 152, 152
411483.3.peg.1138.site.52, 1, 154, 155
411483.3.peg.1138.site.53, 4, 151, 155
411483.3.peg.1138.site.54, 2, 153, 155
411483.3.peg.1138.site.55, 8, 153, 161
411483.3.peg.1138.site.56, 0, 153, 153
411483.3.peg.1138.site.57, 5, 153, 158
411483.3.peg.1138.site.58, 1, 154, 155
411483.3.peg.1138.site.59, 0, 150, 150
411483.3.peg.1138.site.60, 1, 147, 148
411483.3.peg.1138.site.61, 0, 149, 149
411483.3.peg.1138.site.62, 0, 146, 146
411483.3.peg.1138.site.63, 0, 131, 131
411483.3.peg.1138.site.64, 1, 125, 126
411483.3.peg.1138.site.65, 6, 122, 128
411483.3.peg.1138.site.66, 4, 120, 124
411483.3.peg.1138.site.67, 41, 107, 148
411483.3.peg.1138.site.68, 1, 110, 111
411483.3.peg.1138.site.69, 9, 118, 127
411483.3.peg.1138.site.70, 76, 118, 194
411483.3.peg.1138.site.71, 101, 125, 226
411483.3.peg.1138.site.72, 1, 128, 129
411483.3.peg.1138.site.73, 2, 141, 143
411483.3.peg.1138.site.74, 17, 132, 149
411483.3.peg.1138.site.75, 99, 127, 226
411483.3.peg.1138.site.76, 1, 145, 146
411483.3.peg.1138.site.77, 8, 137, 145
411483.3.peg.1138.site.78, 1, 152, 153
411483.3.peg.1138.site.79, 0, 149, 149
411483.3.peg.1138.site.80, 4, 149, 153
411483.3.peg.1138.site.81, 1, 146, 147
411483.3.peg.1138.site.82, 3, 151, 154
411483.3.peg.1138.site.83, 3, 147, 150
411483.3.peg.1138.site.84, 0, 144, 144
411483.3.peg.1138.site.85, 1, 141, 142
411483.3.peg.1138.site.86, 17, 145, 162
411483.3.peg.1138.site.87, 2, 151, 153
411483.3.peg.1138.site.88, 1, 145, 146
411483.3.peg.1138.site.89, 57, 135, 192
411483.3.peg.1138.site.90, 2, 149, 151
411483.3.peg.1138.site.91, 4, 146, 150
411483.3.peg.1138.site.92, 2, 148, 150
411483.3.peg.1138.site.93, 4, 154, 158
411483.3.peg.1138.site.94, 0, 154, 154
411483.3.peg.1138.site.95, 4, 153, 157
411483.3.peg.1138.site.96, 0, 149, 149
411483.3.peg.1138.site.97, 1, 142, 143
411483.3.peg.1138.site.98, 2, 122, 124
411483.3.peg.1138.site.99, 5, 32, 37
411483.3.peg.1486.site.1, 1, 130, 131
411483.3.peg.1486.site.2, 10, 131, 141
411483.3.peg.1486.site.3, 3, 122, 125
411483.3.peg.1486.site.4, 7, 121, 128
411483.3.peg.1486.site.5, 5, 121, 126
411483.3.peg.1486.site.6, 5, 105, 110
411483.3.peg.1486.site.7, 5, 117, 122
411483.3.peg.1486.site.8, 2, 113, 115
411483.3.peg.1486.site.9, 3, 121, 124
411483.3.peg.1486.site.10, 1, 119, 120
411483.3.peg.1486.site.11, 1, 117, 118
411483.3.peg.1486.site.12, 3, 120, 123
411483.3.peg.1486.site.13, 1, 122, 123
411483.3.peg.1486.site.14, 3, 126, 129
411483.3.peg.1486.site.15, 6, 115, 121
411483.3.peg.1486.site.16, 15, 126, 141
411483.3.peg.1486.site.17, 2, 135, 137
411483.3.peg.1486.site.18, 9, 131, 140
411483.3.peg.1486.site.19, 1, 131, 132
411483.3.peg.1486.site.20, 3, 122, 125
411483.3.peg.1486.site.21, 5, 126, 131
411483.3.peg.1486.site.22, 6, 121, 127
411483.3.peg.1486.site.23, 3, 124, 127
411483.3.peg.1486.site.24, 5, 121, 126
411483.3.peg.1486.site.25, 0, 119, 119
411483.3.peg.1486.site.26, 10, 119, 129
411483.3.peg.1486.site.27, 2, 121, 123
411483.3.peg.1486.site.28, 111, 115, 226
411483.3.peg.1486.site.29, 1, 113, 114
411483.3.peg.1486.site.30, 15, 93, 108
411483.3.peg.1486.site.31, 48, 92, 140
411483.3.peg.1486.site.32, 2, 103, 105
411483.3.peg.1486.site.33, 3, 102, 105
411483.3.peg.1486.site.34, 16, 105, 121
411483.3.peg.1486.site.35, 1, 118, 119
411483.3.peg.1486.site.36, 3, 122, 125
411483.3.peg.1486.site.37, 5, 123, 128
411483.3.peg.1486.site.38, 7, 112, 119
411483.3.peg.1486.site.39, 3, 121, 124
411483.3.peg.1486.site.40, 2, 115, 117
411483.3.peg.1486.site.41, 6, 113, 119
411483.3.peg.1486.site.42, 3, 117, 120
411483.3.peg.1486.site.43, 52, 107, 159
411483.3.peg.1486.site.44, 1, 116, 117
411483.3.peg.1486.site.45, 1, 114, 115
411483.3.peg.1486.site.46, 1, 114, 115
411483.3.peg.1486.site.47, 100, 107, 207
411483.3.peg.1486.site.48, 1, 100, 101
411483.3.peg.1486.site.49, 9, 100, 109
411483.3.peg.1486.site.50, 1, 103, 104
411483.3.peg.1486.site.51, 13, 100, 113
411483.3.peg.1486.site.52, 2, 106, 108
411483.3.peg.1486.site.53, 2, 111, 113
411483.3.peg.1486.site.54, 6, 108, 114
411483.3.peg.1486.site.55, 2, 109, 111
411483.3.peg.1486.site.56, 6, 104, 110
411483.3.peg.1486.site.57, 15, 105, 120
411483.3.peg.1486.site.58, 3, 110, 113
411483.3.peg.1486.site.59, 1, 90, 91
411483.3.peg.1486.site.60, 1, 123, 124
411483.3.peg.1486.site.61, 1, 126, 127
411483.3.peg.1486.site.62, 4, 123, 127
411483.3.peg.1486.site.63, 11, 125, 136
411483.3.peg.1486.site.64, 1, 125, 126
411483.3.peg.1486.site.65, 1, 123, 124
411483.3.peg.1486.site.66, 3, 127, 130
411483.3.peg.1486.site.67, 4, 137, 141
411483.3.peg.1486.site.68, 2, 134, 136
411483.3.peg.1486.site.69, 3, 134, 137
411483.3.peg.1486.site.70, 2, 133, 135
411483.3.peg.1486.site.71, 2, 124, 126
411483.3.peg.1486.site.72, 2, 116, 118
411483.3.peg.1486.site.73, 2, 116, 118
411483.3.peg.1486.site.74, 3, 118, 121
411483.3.peg.1486.site.75, 2, 114, 116
411483.3.peg.1486.site.76, 2, 107, 109
411483.3.peg.1486.site.77, 3, 110, 113
411483.3.peg.1486.site.78, 8, 123, 131
411483.3.peg.1486.site.79, 1, 130, 131
411483.3.peg.1486.site.80, 2, 132, 134
411483.3.peg.1486.site.81, 4, 137, 141
411483.3.peg.1486.site.82, 2, 138, 140
411483.3.peg.1486.site.83, 3, 134, 137
411483.3.peg.1486.site.84, 7, 139, 146
411483.3.peg.1486.site.85, 64, 128, 192
411483.3.peg.1486.site.86, 1, 132, 133
411483.3.peg.1486.site.87, 3, 134, 137
411483.3.peg.1486.site.88, 1, 128, 129
411483.3.peg.1486.site.89, 7, 125, 132
411483.3.peg.1486.site.90, 24, 119, 143
411483.3.peg.1486.site.91, 7, 124, 131
411483.3.peg.1486.site.92, 4, 119, 123
411483.3.peg.1486.site.93, 2, 121, 123
411483.3.peg.1486.site.94, 16, 115, 131
411483.3.peg.1486.site.95, 3, 118, 121
411483.3.peg.1486.site.96, 4, 117, 121
411483.3.peg.1486.site.97, 4, 122, 126
411483.3.peg.1486.site.98, 3, 118, 121
411483.3.peg.1486.site.99, 35, 109, 144
411483.3.peg.1486.site.100, 3, 120, 123
411483.3.peg.1486.site.101, 119, 122, 241
411483.3.peg.1486.site.102, 8, 118, 126
411483.3.peg.1486.site.103, 0, 120, 120
411483.3.peg.1486.site.104, 2, 125, 127
411483.3.peg.1486.site.105, 1, 128, 129
411483.3.peg.1486.site.106, 6, 115, 121
411483.3.peg.1486.site.107, 11, 119, 130
411483.3.peg.1486.site.108, 2, 42, 44
411483.3.peg.1486.site.109, 33, 88, 121
411483.3.peg.1486.site.110, 6, 90, 96
411483.3.peg.1486.site.111, 1, 84, 85
411483.3.peg.1486.site.112, 1, 78, 79
411483.3.peg.1486.site.113, 1, 83, 84
411483.3.peg.1488.site.1, 12, 150, 162
411483.3.peg.1488.site.2, 0, 154, 154
411483.3.peg.1488.site.3, 37, 148, 185
411483.3.peg.1488.site.4, 0, 153, 153
411483.3.peg.1488.site.5, 7, 149, 156
411483.3.peg.1488.site.6, 1, 152, 153
411483.3.peg.1488.site.7, 13, 152, 165
411483.3.peg.1488.site.8, 1, 152, 153
411483.3.peg.1488.site.9, 3, 151, 154
411483.3.peg.1488.site.10, 2, 150, 152
411483.3.peg.1488.site.11, 3, 153, 156
411483.3.peg.1488.site.12, 0, 150, 150
411483.3.peg.1488.site.13, 0, 153, 153
411483.3.peg.1488.site.14, 1, 153, 154
411483.3.peg.1488.site.15, 7, 149, 156
411483.3.peg.1488.site.16, 0, 151, 151
411483.3.peg.1488.site.17, 1, 148, 149
411483.3.peg.1488.site.18, 2, 150, 152
411483.3.peg.1488.site.19, 141, 150, 291
411483.3.peg.1488.site.20, 4, 151, 155
411483.3.peg.1488.site.21, 48, 137, 185
411483.3.peg.1488.site.22, 2, 150, 152
411483.3.peg.1488.site.23, 8, 150, 158
411483.3.peg.1488.site.24, 1, 148, 149
411483.3.peg.1488.site.25, 2, 147, 149
411483.3.peg.1488.site.26, 8, 146, 154
411483.3.peg.1488.site.27, 4, 148, 152
411483.3.peg.1488.site.28, 4, 147, 151
411483.3.peg.1488.site.29, 2, 151, 153
411483.3.peg.1488.site.30, 3, 151, 154
411483.3.peg.1488.site.31, 8, 145, 153
411483.3.peg.1488.site.32, 7, 150, 157
411483.3.peg.1488.site.33, 3, 149, 152
411483.3.peg.1488.site.34, 1, 150, 151
411483.3.peg.1488.site.35, 6, 148, 154
411483.3.peg.1488.site.36, 2, 149, 151
411483.3.peg.1488.site.37, 9, 139, 148
411483.3.peg.1488.site.38, 0, 150, 150
411483.3.peg.1488.site.39, 2, 153, 155
411483.3.peg.1488.site.40, 8, 155, 163
411483.3.peg.1488.site.41, 21, 152, 173
411483.3.peg.1488.site.42, 2, 152, 154
411483.3.peg.1488.site.43, 4, 149, 153
411483.3.peg.1488.site.44, 0, 154, 154
411483.3.peg.1488.site.45, 22, 144, 166
411483.3.peg.1488.site.46, 1, 152, 153
411483.3.peg.1488.site.47, 27, 146, 173
411483.3.peg.1488.site.48, 1, 152, 153
411483.3.peg.1488.site.49, 1, 151, 152
411483.3.peg.1488.site.50, 1, 151, 152
411483.3.peg.1488.site.51, 10, 153, 163
411483.3.peg.1488.site.52, 4, 154, 158
411483.3.peg.1488.site.53, 1, 154, 155
411483.3.peg.1488.site.54, 10, 152, 162
411483.3.peg.1488.site.55, 4, 155, 159
411483.3.peg.1488.site.56, 5, 154, 159
411483.3.peg.1488.site.57, 16, 153, 169
411483.3.peg.1488.site.58, 2, 153, 155
411483.3.peg.1488.site.59, 2, 155, 157
411483.3.peg.1488.site.60, 4, 153, 157
411483.3.peg.1488.site.61, 2, 153, 155
411483.3.peg.1488.site.62, 14, 153, 167
411483.3.peg.1488.site.63, 1, 154, 155
411483.3.peg.1488.site.64, 3, 152, 155
411483.3.peg.1488.site.65, 148, 150, 298
411483.3.peg.1488.site.66, 4, 147, 151
411483.3.peg.1488.site.67, 4, 148, 152
411483.3.peg.1488.site.68, 32, 142, 174
411483.3.peg.1488.site.69, 7, 143, 150
411483.3.peg.1488.site.70, 3, 148, 151
411483.3.peg.1488.site.71, 5, 144, 149
411483.3.peg.1488.site.72, 0, 139, 139
411483.3.peg.1488.site.73, 1, 143, 144
411483.3.peg.1488.site.74, 3, 145, 148
411483.3.peg.1488.site.75, 0, 148, 148
411483.3.peg.1488.site.76, 2, 151, 153
411483.3.peg.1488.site.77, 8, 150, 158
411483.3.peg.1488.site.78, 1, 152, 153
411483.3.peg.1488.site.79, 9, 148, 157
411483.3.peg.1488.site.80, 25, 142, 167
411483.3.peg.1488.site.81, 4, 149, 153
411483.3.peg.1488.site.82, 1, 150, 151
411483.3.peg.1488.site.83, 1, 150, 151
411483.3.peg.1488.site.84, 16, 149, 165
411483.3.peg.1488.site.85, 0, 152, 152
411483.3.peg.1488.site.86, 1, 143, 144
411483.3.peg.1488.site.87, 1, 143, 144
411483.3.peg.1488.site.88, 18, 142, 160
411483.3.peg.1488.site.89, 2, 146, 148
411483.3.peg.1488.site.90, 3, 143, 146
411483.3.peg.1488.site.91, 115, 141, 256
411483.3.peg.1488.site.92, 1, 145, 146
411483.3.peg.1488.site.93, 2, 146, 148
411483.3.peg.1488.site.94, 148, 151, 299
411483.3.peg.1488.site.95, 2, 153, 155
411483.3.peg.1488.site.96, 2, 154, 156
411483.3.peg.1488.site.97, 4, 153, 157
411483.3.peg.1488.site.98, 1, 155, 156
411483.3.peg.1488.site.99, 2, 154, 156
411483.3.peg.1488.site.100, 116, 144, 260
411483.3.peg.1488.site.101, 4, 150, 154
411483.3.peg.1488.site.102, 8, 152, 160
411483.3.peg.1488.site.103, 6, 153, 159
411483.3.peg.1488.site.104, 2, 150, 152
411483.3.peg.1488.site.105, 3, 152, 155
411483.3.peg.1488.site.106, 1, 154, 155
411483.3.peg.1488.site.107, 8, 154, 162
411483.3.peg.1488.site.108, 3, 153, 156
411483.3.peg.1488.site.109, 3, 149, 152
411483.3.peg.1488.site.110, 6, 138, 144
411483.3.peg.1488.site.111, 8, 141, 149
411483.3.peg.1488.site.112, 3, 150, 153
411483.3.peg.1488.site.113, 1, 154, 155
411483.3.peg.1488.site.114, 3, 153, 156
411483.3.peg.1488.site.115, 0, 152, 152
411483.3.peg.1488.site.116, 1, 152, 153
411483.3.peg.1488.site.117, 1, 146, 147
411483.3.peg.1488.site.118, 89, 140, 229
411483.3.peg.1488.site.119, 0, 150, 150
411483.3.peg.1488.site.120, 0, 148, 148
411483.3.peg.1488.site.121, 1, 147, 148
411483.3.peg.1488.site.122, 8, 150, 158
411483.3.peg.1488.site.123, 60, 136, 196
411483.3.peg.1488.site.124, 2, 150, 152
411483.3.peg.1488.site.125, 11, 152, 163
411483.3.peg.1488.site.126, 2, 153, 155
411483.3.peg.1488.site.127, 1, 155, 156
411483.3.peg.1488.site.128, 8, 155, 163
411483.3.peg.1488.site.129, 0, 151, 151
411483.3.peg.1488.site.130, 2, 148, 150
411483.3.peg.1488.site.131, 5, 150, 155
411483.3.peg.1488.site.132, 4, 149, 153
411483.3.peg.1488.site.133, 143, 144, 287
411483.3.peg.1488.site.134, 21, 141, 162
411483.3.peg.1488.site.135, 10, 140, 150
411483.3.peg.1068.site.1, 3, 152, 155
411483.3.peg.1068.site.2, 2, 151, 153
411483.3.peg.1068.site.3, 4, 155, 159
411483.3.peg.1068.site.4, 120, 146, 266
411483.3.peg.1068.site.5, 121, 144, 265
411483.3.peg.1068.site.6, 2, 154, 156
411483.3.peg.1068.site.7, 6, 152, 158
411483.3.peg.1068.site.8, 3, 155, 158
411483.3.peg.1068.site.9, 1, 153, 154
411483.3.peg.1068.site.10, 2, 152, 154
411483.3.peg.1068.site.11, 6, 144, 150
411483.3.peg.1068.site.12, 79, 130, 209
411483.3.peg.1068.site.13, 91, 118, 209
411483.3.peg.1068.site.14, 102, 124, 226
411483.3.peg.1068.site.15, 0, 139, 139
411483.3.peg.1068.site.16, 0, 145, 145
411483.3.peg.1068.site.17, 1, 149, 150
411483.3.peg.1068.site.18, 1, 140, 141
411483.3.peg.1068.site.19, 2, 145, 147
411483.3.peg.1068.site.20, 1, 150, 151
411483.3.peg.1068.site.21, 0, 151, 151
411483.3.peg.1068.site.22, 1, 152, 153
411483.3.peg.1068.site.23, 11, 151, 162
411483.3.peg.1068.site.24, 6, 154, 160
411483.3.peg.1068.site.25, 0, 149, 149
411483.3.peg.1068.site.26, 14, 145, 159
411483.3.peg.1068.site.27, 1, 152, 153
411483.3.peg.1068.site.28, 4, 150, 154
411483.3.peg.1068.site.29, 1, 139, 140
411483.3.peg.1068.site.30, 2, 148, 150
411483.3.peg.1068.site.31, 7, 141, 148
411483.3.peg.1068.site.32, 42, 135, 177
411483.3.peg.1068.site.33, 1, 147, 148
411483.3.peg.1068.site.34, 2, 145, 147
411483.3.peg.1068.site.35, 0, 144, 144
411483.3.peg.1068.site.36, 101, 136, 237
411483.3.peg.1068.site.37, 1, 142, 143
411483.3.peg.1068.site.38, 1, 146, 147
411483.3.peg.1068.site.39, 0, 143, 143
411483.3.peg.1068.site.40, 1, 147, 148
411483.3.peg.1068.site.41, 1, 150, 151
411483.3.peg.1068.site.42, 5, 147, 152
411483.3.peg.1068.site.43, 10, 147, 157
411483.3.peg.1068.site.44, 1, 149, 150
411483.3.peg.1068.site.45, 109, 131, 240
411483.3.peg.1068.site.46, 3, 143, 146
411483.3.peg.1068.site.47, 8, 146, 154
411483.3.peg.1068.site.48, 1, 150, 151
411483.3.peg.1068.site.49, 10, 146, 156
411483.3.peg.1068.site.50, 15, 142, 157
411483.3.peg.1068.site.51, 1, 146, 147
411483.3.peg.1068.site.52, 2, 147, 149
411483.3.peg.1068.site.53, 17, 144, 161
411483.3.peg.1068.site.54, 0, 143, 143
411483.3.peg.1068.site.55, 91, 141, 232
411483.3.peg.1068.site.56, 0, 148, 148
411483.3.peg.1068.site.57, 75, 135, 210
411483.3.peg.1068.site.58, 20, 146, 166
411483.3.peg.1068.site.59, 5, 153, 158
411483.3.peg.1068.site.60, 3, 152, 155
411483.3.peg.1068.site.61, 2, 152, 154
411483.3.peg.1068.site.62, 15, 148, 163
411483.3.peg.1068.site.63, 26, 142, 168
411483.3.peg.1068.site.64, 19, 145, 164
411483.3.peg.1068.site.65, 26, 151, 177
411483.3.peg.1068.site.66, 20, 150, 170
411483.3.peg.1068.site.67, 9, 152, 161
411483.3.peg.1068.site.68, 0, 154, 154
411483.3.peg.1068.site.69, 10, 150, 160
411483.3.peg.1068.site.70, 10, 153, 163
411483.3.peg.1068.site.71, 23, 151, 174
411483.3.peg.1068.site.72, 2, 154, 156
411483.3.peg.1068.site.73, 8, 147, 155
411483.3.peg.1068.site.74, 34, 138, 172
411483.3.peg.1068.site.75, 1, 149, 150
411483.3.peg.1068.site.76, 1, 149, 150
411483.3.peg.1068.site.77, 1, 151, 152
411483.3.peg.1068.site.78, 0, 149, 149
411483.3.peg.1068.site.79, 1, 151, 152
411483.3.peg.1068.site.80, 10, 149, 159
411483.3.peg.1068.site.81, 77, 140, 217
411483.3.peg.1068.site.82, 20, 147, 167
411483.3.peg.1068.site.83, 14, 149, 163
411483.3.peg.1068.site.84, 97, 145, 242
411483.3.peg.1068.site.85, 45, 142, 187
411483.3.peg.1068.site.86, 14, 152, 166
411483.3.peg.1068.site.87, 2, 154, 156
411483.3.peg.1068.site.88, 1, 154, 155
411483.3.peg.1068.site.89, 2, 154, 156
411483.3.peg.1068.site.90, 24, 148, 172
411483.3.peg.1069.site.1, 2, 135, 137
411483.3.peg.1069.site.2, 1, 143, 144
411483.3.peg.1069.site.3, 2, 152, 154
411483.3.peg.1069.site.4, 39, 146, 185
411483.3.peg.1069.site.5, 43, 142, 185
411483.3.peg.1069.site.6, 35, 143, 178
411483.3.peg.1069.site.7, 10, 151, 161
411483.3.peg.1069.site.8, 121, 150, 271
411483.3.peg.1069.site.9, 2, 145, 147
411483.3.peg.1069.site.10, 55, 127, 182
411483.3.peg.1069.site.11, 4, 89, 93
411483.3.peg.1069.site.12, 2, 105, 107
411483.3.peg.1069.site.13, 2, 122, 124
411483.3.peg.1069.site.14, 0, 132, 132
411483.3.peg.1069.site.15, 63, 122, 185
411483.3.peg.1069.site.16, 10, 141, 151
411483.3.peg.1069.site.17, 3, 146, 149
411483.3.peg.1069.site.18, 3, 144, 147
411483.3.peg.1069.site.19, 0, 139, 139
411483.3.peg.1069.site.20, 1, 142, 143
411483.3.peg.1069.site.21, 2, 141, 143
411483.3.peg.1069.site.22, 1, 139, 140
411483.3.peg.1069.site.23, 9, 129, 138
411483.3.peg.1069.site.24, 1, 123, 124
411483.3.peg.1069.site.25, 4, 135, 139
411483.3.peg.1069.site.26, 117, 130, 247
411483.3.peg.1069.site.27, 5, 132, 137
411483.3.peg.1069.site.28, 56, 136, 192
411483.3.peg.1069.site.29, 1, 149, 150
411483.3.peg.1069.site.30, 2, 150, 152
411483.3.peg.1069.site.31, 5, 148, 153
411483.3.peg.1069.site.32, 6, 149, 155
411483.3.peg.1069.site.33, 3, 152, 155
411483.3.peg.1069.site.34, 0, 149, 149
411483.3.peg.1069.site.35, 1, 153, 154
411483.3.peg.1069.site.36, 0, 150, 150
411483.3.peg.1069.site.37, 53, 140, 193
411483.3.peg.1069.site.38, 0, 151, 151
411483.3.peg.1069.site.39, 0, 150, 150
411483.3.peg.1069.site.40, 6, 146, 152
411483.3.peg.1069.site.41, 3, 151, 154
411483.3.peg.1069.site.42, 0, 149, 149
411483.3.peg.1069.site.43, 1, 151, 152
411483.3.peg.1069.site.44, 1, 152, 153
411483.3.peg.1069.site.45, 2, 148, 150
411483.3.peg.1069.site.46, 11, 150, 161
411483.3.peg.1069.site.47, 6, 147, 153
411483.3.peg.1069.site.48, 60, 143, 203
411483.3.peg.1069.site.49, 1, 149, 150
411483.3.peg.1069.site.50, 8, 149, 157
411483.3.peg.1069.site.51, 13, 150, 163
411483.3.peg.1069.site.52, 11, 150, 161
411483.3.peg.1069.site.53, 3, 152, 155
411483.3.peg.589.site.1, 2, 146, 148
411483.3.peg.589.site.2, 9, 146, 155
411483.3.peg.589.site.3, 0, 148, 148
411483.3.peg.589.site.4, 2, 148, 150
411483.3.peg.589.site.5, 7, 145, 152
411483.3.peg.589.site.6, 0, 146, 146
411483.3.peg.589.site.7, 0, 145, 145
411483.3.peg.589.site.8, 2, 146, 148
411483.3.peg.589.site.9, 1, 146, 147
411483.3.peg.589.site.10, 3, 147, 150
411483.3.peg.589.site.11, 0, 146, 146
411483.3.peg.589.site.12, 11, 141, 152
411483.3.peg.589.site.13, 2, 147, 149
411483.3.peg.589.site.14, 16, 148, 164
411483.3.peg.589.site.15, 5, 148, 153
411483.3.peg.589.site.16, 11, 146, 157
411483.3.peg.589.site.17, 2, 147, 149
411483.3.peg.589.site.18, 55, 128, 183
411483.3.peg.589.site.19, 0, 136, 136
411483.3.peg.589.site.20, 1, 136, 137
411483.3.peg.589.site.21, 5, 132, 137
411483.3.peg.589.site.22, 17, 112, 129
411483.3.peg.589.site.23, 46, 115, 161
411483.3.peg.589.site.24, 1, 129, 130
411483.3.peg.589.site.25, 2, 127, 129
411483.3.peg.589.site.26, 0, 135, 135
411483.3.peg.589.site.27, 71, 129, 200
411483.3.peg.589.site.28, 3, 146, 149
411483.3.peg.589.site.29, 3, 147, 150
411483.3.peg.589.site.30, 61, 138, 199
411483.3.peg.589.site.31, 38, 140, 178
411483.3.peg.589.site.32, 42, 139, 181
411483.3.peg.589.site.33, 4, 146, 150
411483.3.peg.589.site.34, 10, 140, 150
411483.3.peg.589.site.35, 1, 148, 149
411483.3.peg.589.site.36, 12, 144, 156
411483.3.peg.589.site.37, 1, 147, 148
411483.3.peg.589.site.38, 1, 147, 148
411483.3.peg.589.site.39, 5, 148, 153
411483.3.peg.589.site.40, 3, 143, 146
411483.3.peg.589.site.41, 3, 145, 148
411483.3.peg.589.site.42, 1, 147, 148
411483.3.peg.589.site.43, 2, 145, 147
411483.3.peg.589.site.44, 52, 137, 189
411483.3.peg.589.site.45, 0, 146, 146
411483.3.peg.589.site.46, 11, 143, 154
411483.3.peg.589.site.47, 14, 143, 157
411483.3.peg.589.site.48, 3, 146, 149
411483.3.peg.589.site.49, 15, 141, 156
411483.3.peg.589.site.50, 14, 139, 153
411483.3.peg.589.site.51, 94, 142, 236
411483.3.peg.589.site.52, 3, 147, 150
411483.3.peg.589.site.53, 69, 137, 206
411483.3.peg.589.site.54, 2, 147, 149
411483.3.peg.589.site.55, 1, 148, 149
411483.3.peg.589.site.56, 0, 147, 147
411483.3.peg.589.site.57, 5, 144, 149
411483.3.peg.589.site.58, 30, 136, 166
411483.3.peg.589.site.59, 8, 141, 149
411483.3.peg.589.site.60, 0, 146, 146
411483.3.peg.589.site.61, 1, 147, 148
411483.3.peg.589.site.62, 1, 148, 149
411483.3.peg.589.site.63, 21, 135, 156
411483.3.peg.589.site.64, 26, 142, 168
411483.3.peg.589.site.65, 4, 146, 150
411483.3.peg.589.site.66, 3, 146, 149
411483.3.peg.589.site.67, 11, 143, 154
411483.3.peg.589.site.68, 0, 143, 143
411483.3.peg.589.site.69, 36, 141, 177
411483.3.peg.589.site.70, 2, 140, 142
411483.3.peg.589.site.71, 11, 142, 153
411483.3.peg.589.site.72, 2, 141, 143
411483.3.peg.589.site.73, 8, 137, 145
411483.3.peg.589.site.74, 1, 137, 138
411483.3.peg.589.site.75, 0, 135, 135
411483.3.peg.589.site.76, 1, 142, 143
411483.3.peg.589.site.77, 9, 139, 148
411483.3.peg.589.site.78, 0, 142, 142
411483.3.peg.589.site.79, 136, 141, 277
411483.3.peg.589.site.80, 2, 144, 146
411483.3.peg.589.site.81, 0, 144, 144
411483.3.peg.589.site.82, 1, 145, 146
411483.3.peg.589.site.83, 0, 142, 142
411483.3.peg.588.site.1, 7, 145, 152
411483.3.peg.588.site.2, 1, 147, 148
411483.3.peg.588.site.3, 2, 147, 149
411483.3.peg.588.site.4, 1, 149, 150
411483.3.peg.588.site.5, 15, 146, 161
411483.3.peg.588.site.6, 3, 148, 151
411483.3.peg.588.site.7, 4, 149, 153
411483.3.peg.588.site.8, 0, 151, 151
411483.3.peg.588.site.9, 4, 149, 153
411483.3.peg.588.site.10, 5, 149, 154
411483.3.peg.588.site.11, 15, 133, 148
411483.3.peg.588.site.12, 119, 134, 253
411483.3.peg.588.site.13, 18, 126, 144
411483.3.peg.588.site.14, 23, 131, 154
411483.3.peg.588.site.15, 0, 150, 150
411483.3.peg.588.site.16, 18, 150, 168
411483.3.peg.588.site.17, 7, 146, 153
411483.3.peg.588.site.18, 1, 148, 149
411483.3.peg.588.site.19, 3, 150, 153
411483.3.peg.588.site.20, 29, 142, 171
411483.3.peg.588.site.21, 4, 150, 154
411483.3.peg.588.site.22, 12, 145, 157
411483.3.peg.588.site.23, 15, 145, 160
411483.3.peg.588.site.24, 93, 139, 232
411483.3.peg.588.site.25, 1, 146, 147
411483.3.peg.588.site.26, 11, 138, 149
411483.3.peg.588.site.27, 2, 147, 149
411483.3.peg.588.site.28, 5, 145, 150
411483.3.peg.588.site.29, 1, 146, 147
411483.3.peg.588.site.30, 2, 148, 150
411483.3.peg.588.site.31, 48, 142, 190
411483.3.peg.588.site.32, 10, 148, 158
411483.3.peg.588.site.33, 0, 151, 151
411483.3.peg.588.site.34, 6, 146, 152
411483.3.peg.588.site.35, 2, 148, 150
411483.3.peg.588.site.36, 5, 143, 148
411483.3.peg.588.site.37, 11, 139, 150
411483.3.peg.588.site.38, 104, 136, 240
411483.3.peg.588.site.39, 15, 141, 156
411483.3.peg.588.site.40, 1, 140, 141
411483.3.peg.588.site.41, 3, 146, 149
411483.3.peg.588.site.42, 7, 142, 149
411483.3.peg.588.site.43, 6, 143, 149
411483.3.peg.588.site.44, 8, 143, 151
411483.3.peg.588.site.45, 43, 139, 182
411483.3.peg.588.site.46, 2, 147, 149
411483.3.peg.588.site.47, 1, 148, 149
411483.3.peg.588.site.48, 106, 135, 241
411483.3.peg.588.site.49, 8, 142, 150
411483.3.peg.588.site.50, 4, 143, 147
411483.3.peg.588.site.51, 5, 109, 114
411483.3.peg.588.site.52, 1, 103, 104
411483.3.peg.588.site.53, 2, 78, 80
411483.3.peg.588.site.54, 5, 65, 70
411483.3.peg.588.site.55, 63, 70, 133
411483.3.peg.588.site.56, 1, 78, 79
411483.3.peg.588.site.57, 74, 84, 158
411483.3.peg.588.site.58, 90, 94, 184
411483.3.peg.588.site.59, 82, 129, 211
411483.3.peg.588.site.60, 39, 128, 167
411483.3.peg.588.site.61, 5, 145, 150
411483.3.peg.588.site.62, 1, 145, 146
411483.3.peg.588.site.63, 3, 144, 147
411483.3.peg.588.site.64, 57, 135, 192
411483.3.peg.588.site.65, 1, 144, 145
411483.3.peg.588.site.66, 2, 140, 142
411483.3.peg.588.site.67, 3, 140, 143
411483.3.peg.588.site.68, 1, 143, 144
411483.3.peg.588.site.69, 0, 137, 137
411483.3.peg.588.site.70, 24, 127, 151
411483.3.peg.588.site.71, 5, 135, 140
411483.3.peg.588.site.72, 7, 140, 147
411483.3.peg.588.site.73, 75, 132, 207
411483.3.peg.588.site.74, 2, 145, 147
411483.3.peg.859.site.1, 0, 151, 151
411483.3.peg.859.site.2, 4, 145, 149
411483.3.peg.859.site.3, 19, 148, 167
411483.3.peg.859.site.4, 4, 146, 150
411483.3.peg.859.site.5, 6, 148, 154
411483.3.peg.859.site.6, 2, 150, 152
411483.3.peg.859.site.7, 1, 151, 152
411483.3.peg.859.site.8, 6, 144, 150
411483.3.peg.859.site.9, 3, 149, 152
411483.3.peg.859.site.10, 2, 145, 147
411483.3.peg.859.site.11, 1, 143, 144
411483.3.peg.859.site.12, 0, 142, 142
411483.3.peg.859.site.13, 2, 139, 141
411483.3.peg.859.site.14, 3, 142, 145
411483.3.peg.859.site.15, 1, 143, 144
411483.3.peg.859.site.16, 14, 136, 150
411483.3.peg.859.site.17, 3, 142, 145
411483.3.peg.859.site.18, 95, 130, 225
411483.3.peg.859.site.19, 1, 140, 141
411483.3.peg.859.site.20, 35, 130, 165
411483.3.peg.859.site.21, 1, 143, 144
411483.3.peg.859.site.22, 2, 142, 144
411483.3.peg.859.site.23, 4, 138, 142
411483.3.peg.859.site.24, 3, 139, 142
411483.3.peg.859.site.25, 43, 122, 165
411483.3.peg.859.site.26, 48, 122, 170
411483.3.peg.859.site.27, 6, 124, 130
411483.3.peg.859.site.28, 19, 117, 136
411483.3.peg.859.site.29, 4, 136, 140
411483.3.peg.859.site.30, 4, 141, 145
411483.3.peg.859.site.31, 3, 142, 145
411483.3.peg.859.site.32, 2, 144, 146
411483.3.peg.859.site.33, 1, 138, 139
411483.3.peg.859.site.34, 11, 136, 147
411483.3.peg.859.site.35, 11, 140, 151
411483.3.peg.859.site.36, 0, 143, 143
411483.3.peg.859.site.37, 3, 142, 145
411483.3.peg.859.site.38, 1, 143, 144
411483.3.peg.859.site.39, 10, 137, 147
411483.3.peg.859.site.40, 2, 142, 144
411483.3.peg.859.site.41, 1, 142, 143
411483.3.peg.859.site.42, 1, 147, 148
411483.3.peg.859.site.43, 0, 145, 145
411483.3.peg.859.site.44, 2, 146, 148
411483.3.peg.859.site.45, 140, 145, 285
411483.3.peg.859.site.46, 10, 141, 151
411483.3.peg.859.site.47, 4, 140, 144
411483.3.peg.859.site.48, 4, 142, 146
411483.3.peg.859.site.49, 0, 141, 141
411483.3.peg.859.site.50, 9, 129, 138
411483.3.peg.859.site.51, 133, 133, 266
411483.3.peg.859.site.52, 9, 127, 136
411483.3.peg.859.site.53, 4, 134, 138
411483.3.peg.859.site.54, 2, 134, 136
411483.3.peg.859.site.55, 16, 127, 143
411483.3.peg.859.site.56, 0, 137, 137
411483.3.peg.859.site.57, 3, 138, 141
411483.3.peg.859.site.58, 20, 133, 153
411483.3.peg.859.site.59, 5, 136, 141
411483.3.peg.859.site.60, 0, 141, 141
411483.3.peg.859.site.61, 8, 137, 145
411483.3.peg.859.site.62, 11, 135, 146
411483.3.peg.859.site.63, 0, 121, 121
411483.3.peg.859.site.64, 4, 117, 121
411483.3.peg.859.site.65, 7, 118, 125
411483.3.peg.859.site.66, 47, 104, 151
411483.3.peg.859.site.67, 100, 101, 201
411483.3.peg.859.site.68, 9, 121, 130
411483.3.peg.859.site.69, 1, 126, 127
411483.3.peg.859.site.70, 32, 119, 151
411483.3.peg.859.site.71, 4, 131, 135
411483.3.peg.859.site.72, 70, 130, 200
411483.3.peg.859.site.73, 3, 145, 148
411483.3.peg.859.site.74, 7, 145, 152
411483.3.peg.859.site.75, 14, 146, 160
411483.3.peg.859.site.76, 1, 147, 148
411483.3.peg.859.site.77, 6, 147, 153
411483.3.peg.859.site.78, 3, 147, 150
411483.3.peg.859.site.79, 11, 145, 156
411483.3.peg.859.site.80, 1, 146, 147
411483.3.peg.859.site.81, 86, 138, 224
411483.3.peg.859.site.82, 43, 139, 182
411483.3.peg.859.site.83, 29, 139, 168
411483.3.peg.859.site.84, 2, 148, 150
411483.3.peg.859.site.85, 0, 146, 146
411483.3.peg.859.site.86, 4, 148, 152
411483.3.peg.859.site.87, 3, 148, 151
411483.3.peg.859.site.88, 3, 144, 147
411483.3.peg.859.site.89, 9, 142, 151
411483.3.peg.859.site.90, 5, 143, 148
411483.3.peg.859.site.91, 64, 132, 196
411483.3.peg.859.site.92, 16, 145, 161
411483.3.peg.859.site.93, 1, 150, 151
411483.3.peg.859.site.94, 12, 149, 161
411483.3.peg.859.site.95, 101, 141, 242
411483.3.peg.859.site.96, 4, 153, 157
411483.3.peg.859.site.97, 3, 152, 155
411483.3.peg.859.site.98, 1, 152, 153
411483.3.peg.859.site.99, 1, 146, 147
411483.3.peg.859.site.100, 3, 149, 152
411483.3.peg.859.site.101, 1, 145, 146
411483.3.peg.859.site.102, 0, 146, 146
411483.3.peg.859.site.103, 0, 152, 152
411483.3.peg.859.site.104, 6, 149, 155
411483.3.peg.859.site.105, 8, 151, 159
411483.3.peg.859.site.106, 0, 149, 149
411483.3.peg.859.site.107, 0, 151, 151
411483.3.peg.859.site.108, 1, 152, 153
411483.3.peg.859.site.109, 1, 146, 147
411483.3.peg.859.site.110, 2, 146, 148
411483.3.peg.859.site.111, 3, 142, 145
411483.3.peg.859.site.112, 1, 129, 130
411483.3.peg.859.site.113, 1, 139, 140
411483.3.peg.859.site.114, 0, 134, 134
411483.3.peg.859.site.115, 0, 138, 138
411483.3.peg.859.site.116, 34, 132, 166
411483.3.peg.859.site.117, 1, 151, 152
411483.3.peg.859.site.118, 1, 153, 154
411483.3.peg.859.site.119, 2, 152, 154
411483.3.peg.859.site.120, 1, 151, 152
411483.3.peg.859.site.121, 2, 152, 154
411483.3.peg.859.site.122, 1, 152, 153
411483.3.peg.859.site.123, 3, 152, 155
411483.3.peg.859.site.124, 2, 147, 149
411483.3.peg.859.site.125, 7, 154, 161
411483.3.peg.859.site.126, 1, 154, 155
411483.3.peg.859.site.127, 2, 154, 156
411483.3.peg.859.site.128, 2, 150, 152
411483.3.peg.859.site.129, 2, 149, 151
411483.3.peg.859.site.130, 6, 143, 149
411483.3.peg.859.site.131, 2, 140, 142
411483.3.peg.859.site.132, 5, 143, 148
411483.3.peg.859.site.133, 5, 145, 150
411483.3.peg.859.site.134, 3, 152, 155
411483.3.peg.859.site.135, 3, 150, 153
411483.3.peg.859.site.136, 22, 144, 166
411483.3.peg.859.site.137, 2, 150, 152
411483.3.peg.859.site.138, 50, 140, 190
411483.3.peg.859.site.139, 3, 150, 153
411483.3.peg.859.site.140, 2, 152, 154
411483.3.peg.859.site.141, 70, 141, 211
411483.3.peg.859.site.142, 0, 152, 152
411483.3.peg.859.site.143, 7, 153, 160
411483.3.peg.859.site.144, 140, 151, 291
411483.3.peg.859.site.145, 1, 154, 155
411483.3.peg.859.site.146, 2, 154, 156
411483.3.peg.859.site.147, 3, 155, 158
411483.3.peg.859.site.148, 8, 154, 162
411483.3.peg.859.site.149, 8, 152, 160
411483.3.peg.859.site.150, 0, 154, 154
411483.3.peg.859.site.151, 5, 153, 158
411483.3.peg.859.site.152, 7, 147, 154
411483.3.peg.859.site.153, 2, 151, 153
411483.3.peg.859.site.154, 19, 141, 160
411483.3.peg.859.site.155, 4, 152, 156
411483.3.peg.859.site.156, 4, 151, 155
411483.3.peg.859.site.157, 2, 150, 152
411483.3.peg.859.site.158, 1, 143, 144
411483.3.peg.859.site.159, 21, 140, 161
411483.3.peg.859.site.160, 10, 150, 160
411483.3.peg.859.site.161, 1, 151, 152
411483.3.peg.859.site.162, 0, 145, 145
411483.3.peg.859.site.163, 10, 141, 151
411483.3.peg.859.site.164, 5, 138, 143
411483.3.peg.859.site.165, 74, 127, 201
411483.3.peg.859.site.166, 4, 139, 143
411483.3.peg.859.site.167, 92, 124, 216
411483.3.peg.859.site.168, 129, 129, 258
411483.3.peg.859.site.169, 5, 118, 123
411483.3.peg.859.site.170, 2, 127, 129
411483.3.peg.859.site.171, 8, 117, 125
411483.3.peg.859.site.172, 1, 125, 126
411483.3.peg.859.site.173, 3, 127, 130
411483.3.peg.859.site.174, 1, 117, 118
411483.3.peg.859.site.175, 19, 101, 120
411483.3.peg.859.site.176, 1, 118, 119
411483.3.peg.859.site.177, 5, 124, 129
411483.3.peg.859.site.178, 1, 119, 120
411483.3.peg.859.site.179, 39, 123, 162
411483.3.peg.859.site.180, 3, 126, 129
411483.3.peg.859.site.181, 4, 135, 139
411483.3.peg.859.site.182, 7, 133, 140
411483.3.peg.859.site.183, 36, 122, 158
411483.3.peg.859.site.184, 2, 134, 136
411483.3.peg.858.site.1, 2, 152, 154
411483.3.peg.858.site.2, 14, 151, 165
411483.3.peg.858.site.3, 1, 151, 152
411483.3.peg.858.site.4, 0, 153, 153
411483.3.peg.858.site.5, 28, 144, 172
411483.3.peg.858.site.6, 3, 150, 153
411483.3.peg.858.site.7, 9, 152, 161
411483.3.peg.858.site.8, 1, 150, 151
411483.3.peg.858.site.9, 0, 150, 150
411483.3.peg.858.site.10, 13, 149, 162
411483.3.peg.858.site.11, 111, 142, 253
411483.3.peg.858.site.12, 9, 152, 161
411483.3.peg.858.site.13, 46, 143, 189
411483.3.peg.858.site.14, 0, 144, 144
411483.3.peg.858.site.15, 1, 144, 145
411483.3.peg.858.site.16, 8, 145, 153
411483.3.peg.858.site.17, 16, 146, 162
411483.3.peg.858.site.18, 1, 150, 151
411483.3.peg.858.site.19, 81, 144, 225
411483.3.peg.858.site.20, 2, 151, 153
411483.3.peg.858.site.21, 94, 142, 236
411483.3.peg.858.site.22, 34, 139, 173
411483.3.peg.858.site.23, 0, 150, 150
411483.3.peg.858.site.24, 51, 142, 193
411483.3.peg.858.site.25, 1, 149, 150
411483.3.peg.858.site.26, 1, 148, 149
411483.3.peg.858.site.27, 57, 143, 200
411483.3.peg.858.site.28, 1, 152, 153
411483.3.peg.858.site.29, 1, 152, 153
411483.3.peg.858.site.30, 46, 146, 192
411483.3.peg.858.site.31, 4, 152, 156
411483.3.peg.858.site.32, 1, 151, 152
411483.3.peg.858.site.33, 5, 147, 152
411483.3.peg.858.site.34, 3, 150, 153
411483.3.peg.858.site.35, 1, 150, 151
411483.3.peg.858.site.36, 0, 150, 150
411483.3.peg.858.site.37, 7, 149, 156
411483.3.peg.858.site.38, 3, 150, 153
411483.3.peg.858.site.39, 12, 151, 163
411483.3.peg.858.site.40, 0, 152, 152
411483.3.peg.858.site.41, 4, 152, 156
411483.3.peg.858.site.42, 3, 150, 153
411483.3.peg.858.site.43, 1, 151, 152
411483.3.peg.858.site.44, 14, 148, 162
411483.3.peg.858.site.45, 2, 150, 152
411483.3.peg.858.site.46, 2, 150, 152
411483.3.peg.858.site.47, 6, 145, 151
411483.3.peg.858.site.48, 8, 145, 153
411483.3.peg.858.site.49, 2, 145, 147
411483.3.peg.858.site.50, 2, 148, 150
411483.3.peg.858.site.51, 10, 152, 162
411483.3.peg.858.site.52, 4, 147, 151
411483.3.peg.858.site.53, 149, 152, 301
411483.3.peg.858.site.54, 2, 152, 154
411483.3.peg.858.site.55, 11, 150, 161
411483.3.peg.858.site.56, 0, 151, 151
411483.3.peg.858.site.57, 31, 137, 168
411483.3.peg.858.site.58, 1, 143, 144
411483.3.peg.858.site.59, 2, 139, 141
411483.3.peg.858.site.60, 9, 137, 146
411483.3.peg.858.site.61, 8, 136, 144
411483.3.peg.858.site.62, 16, 135, 151
411483.3.peg.858.site.63, 2, 150, 152
411483.3.peg.858.site.64, 0, 145, 145
411483.3.peg.858.site.65, 5, 139, 144
411483.3.peg.858.site.66, 5, 135, 140
411483.3.peg.858.site.67, 7, 120, 127
411483.3.peg.858.site.68, 1, 136, 137
411483.3.peg.858.site.69, 0, 134, 134
411483.3.peg.858.site.70, 1, 141, 142
411483.3.peg.858.site.71, 3, 145, 148
411483.3.peg.858.site.72, 2, 147, 149
411483.3.peg.858.site.73, 18, 147, 165
411483.3.peg.858.site.74, 1, 150, 151
411483.3.peg.581.site.1, 1, 155, 156
411483.3.peg.581.site.2, 3, 155, 158
411483.3.peg.581.site.3, 3, 155, 158
411483.3.peg.581.site.4, 3, 155, 158
411483.3.peg.581.site.5, 6, 151, 157
411483.3.peg.581.site.6, 0, 149, 149
411483.3.peg.581.site.7, 1, 148, 149
411483.3.peg.581.site.8, 0, 144, 144
411483.3.peg.581.site.9, 99, 138, 237
411483.3.peg.581.site.10, 2, 153, 155
411483.3.peg.581.site.11, 0, 144, 144
411483.3.peg.581.site.12, 10, 148, 158
411483.3.peg.581.site.13, 0, 148, 148
411483.3.peg.581.site.14, 3, 154, 157
411483.3.peg.581.site.15, 0, 153, 153
411483.3.peg.581.site.16, 0, 153, 153
411483.3.peg.581.site.17, 2, 147, 149
411483.3.peg.581.site.18, 104, 147, 251
411483.3.peg.581.site.19, 0, 146, 146
411483.3.peg.581.site.20, 4, 150, 154
411483.3.peg.581.site.21, 0, 151, 151
411483.3.peg.581.site.22, 12, 150, 162
411483.3.peg.581.site.23, 4, 149, 153
411483.3.peg.581.site.24, 1, 151, 152
411483.3.peg.581.site.25, 11, 151, 162
411483.3.peg.581.site.26, 2, 154, 156
411483.3.peg.581.site.27, 3, 153, 156
411483.3.peg.581.site.28, 1, 153, 154
411483.3.peg.581.site.29, 4, 155, 159
411483.3.peg.581.site.30, 0, 151, 151
411483.3.peg.581.site.31, 2, 154, 156
411483.3.peg.581.site.32, 1, 153, 154
411483.3.peg.581.site.33, 4, 153, 157
411483.3.peg.581.site.34, 2, 154, 156
411483.3.peg.581.site.35, 1, 154, 155
411483.3.peg.581.site.36, 5, 152, 157
411483.3.peg.581.site.37, 154, 154, 308
411483.3.peg.581.site.38, 1, 153, 154
411483.3.peg.581.site.39, 12, 151, 163
411483.3.peg.581.site.40, 1, 155, 156
411483.3.peg.581.site.41, 133, 148, 281
411483.3.peg.581.site.42, 6, 154, 160
411483.3.peg.581.site.43, 33, 147, 180
411483.3.peg.581.site.44, 108, 146, 254
411483.3.peg.581.site.45, 3, 152, 155
411483.3.peg.581.site.46, 119, 144, 263
411483.3.peg.581.site.47, 0, 152, 152
411483.3.peg.581.site.48, 0, 152, 152
411483.3.peg.581.site.49, 5, 151, 156
411483.3.peg.581.site.50, 0, 150, 150
411483.3.peg.581.site.51, 1, 152, 153
411483.3.peg.581.site.52, 2, 150, 152
411483.3.peg.581.site.53, 6, 149, 155
411483.3.peg.581.site.54, 0, 149, 149
411483.3.peg.581.site.55, 5, 145, 150
411483.3.peg.581.site.56, 4, 147, 151
411483.3.peg.581.site.57, 6, 147, 153
411483.3.peg.581.site.58, 0, 147, 147
411483.3.peg.581.site.59, 54, 138, 192
411483.3.peg.581.site.60, 2, 148, 150
411483.3.peg.581.site.61, 3, 147, 150
411483.3.peg.581.site.62, 148, 148, 296
411483.3.peg.581.site.63, 1, 146, 147
411483.3.peg.581.site.64, 2, 151, 153
411483.3.peg.581.site.65, 3, 149, 152
411483.3.peg.581.site.66, 3, 153, 156
411483.3.peg.581.site.67, 5, 151, 156
411483.3.peg.581.site.68, 3, 147, 150
411483.3.peg.581.site.69, 2, 151, 153
411483.3.peg.581.site.70, 35, 140, 175
411483.3.peg.581.site.71, 147, 147, 294
411483.3.peg.581.site.72, 6, 147, 153
411483.3.peg.581.site.73, 0, 141, 141
411483.3.peg.581.site.74, 1, 131, 132
411483.3.peg.581.site.75, 2, 139, 141
411483.3.peg.581.site.76, 26, 131, 157
411483.3.peg.581.site.77, 1, 135, 136
411483.3.peg.581.site.78, 112, 133, 245
411483.3.peg.581.site.79, 136, 137, 273
411483.3.peg.581.site.80, 12, 137, 149
411483.3.peg.581.site.81, 19, 135, 154
411483.3.peg.581.site.82, 2, 149, 151
411483.3.peg.581.site.83, 1, 147, 148
411483.3.peg.581.site.84, 1, 151, 152
411483.3.peg.581.site.85, 2, 146, 148
411483.3.peg.581.site.86, 1, 150, 151
411483.3.peg.581.site.87, 4, 144, 148
411483.3.peg.581.site.88, 1, 133, 134
411483.3.peg.581.site.89, 1, 139, 140
411483.3.peg.581.site.90, 1, 123, 124
411483.3.peg.581.site.91, 0, 130, 130
411483.3.peg.581.site.92, 1, 137, 138
411483.3.peg.581.site.93, 2, 133, 135
411483.3.peg.581.site.94, 27, 139, 166
411483.3.peg.581.site.95, 2, 135, 137
411483.3.peg.581.site.96, 1, 143, 144
411483.3.peg.581.site.97, 99, 135, 234
411483.3.peg.581.site.98, 2, 140, 142
411483.3.peg.581.site.99, 2, 143, 145
411483.3.peg.581.site.100, 2, 146, 148
411483.3.peg.581.site.101, 2, 141, 143
411483.3.peg.581.site.102, 142, 142, 284
411483.3.peg.581.site.103, 5, 146, 151
411483.3.peg.581.site.104, 0, 148, 148
411483.3.peg.581.site.105, 1, 151, 152
411483.3.peg.581.site.106, 2, 150, 152
411483.3.peg.581.site.107, 1, 151, 152
411483.3.peg.581.site.108, 3, 149, 152
411483.3.peg.581.site.109, 104, 140, 244
411483.3.peg.581.site.110, 0, 150, 150
411483.3.peg.581.site.111, 2, 152, 154
411483.3.peg.581.site.112, 2, 152, 154
411483.3.peg.581.site.113, 3, 144, 147
411483.3.peg.581.site.114, 10, 143, 153
411483.3.peg.581.site.115, 5, 148, 153
411483.3.peg.581.site.116, 14, 150, 164
411483.3.peg.580.site.1, 1, 155, 156
411483.3.peg.580.site.2, 0, 153, 153
411483.3.peg.583.site.1, 3, 152, 155
411483.3.peg.583.site.2, 1, 148, 149
411483.3.peg.583.site.3, 12, 142, 154
411483.3.peg.583.site.4, 10, 131, 141
411483.3.peg.583.site.5, 9, 131, 140
411483.3.peg.583.site.6, 128, 128, 256
411483.3.peg.583.site.7, 0, 119, 119
411483.3.peg.583.site.8, 33, 82, 115
411483.3.peg.583.site.9, 1, 105, 106
411483.3.peg.583.site.10, 0, 105, 105
411483.3.peg.583.site.11, 0, 99, 99
411483.3.peg.583.site.12, 1, 99, 100
411483.3.peg.583.site.13, 13, 108, 121
411483.3.peg.583.site.14, 92, 109, 201
411483.3.peg.583.site.15, 10, 100, 110
411483.3.peg.583.site.16, 2, 109, 111
411483.3.peg.583.site.17, 0, 109, 109
411483.3.peg.583.site.18, 7, 99, 106
411483.3.peg.583.site.19, 5, 121, 126
411483.3.peg.583.site.20, 1, 130, 131
411483.3.peg.583.site.21, 1, 128, 129
411483.3.peg.583.site.22, 1, 138, 139
411483.3.peg.583.site.23, 3, 145, 148
411483.3.peg.583.site.24, 0, 149, 149
411483.3.peg.583.site.25, 0, 150, 150
411483.3.peg.583.site.26, 2, 150, 152
411483.3.peg.583.site.27, 1, 148, 149
411483.3.peg.583.site.28, 22, 143, 165
411483.3.peg.583.site.29, 0, 149, 149
411483.3.peg.583.site.30, 0, 149, 149
411483.3.peg.583.site.31, 62, 136, 198
411483.3.peg.583.site.32, 1, 144, 145
411483.3.peg.583.site.33, 1, 139, 140
411483.3.peg.583.site.34, 9, 122, 131
411483.3.peg.583.site.35, 1, 136, 137
411483.3.peg.583.site.36, 2, 138, 140
411483.3.peg.583.site.37, 0, 128, 128
411483.3.peg.583.site.38, 124, 124, 248
411483.3.peg.583.site.39, 3, 122, 125
411483.3.peg.583.site.40, 1, 126, 127
411483.3.peg.583.site.41, 1, 132, 133
411483.3.peg.583.site.42, 6, 144, 150
411483.3.peg.583.site.43, 11, 140, 151
411483.3.peg.583.site.44, 2, 140, 142
411483.3.peg.583.site.45, 3, 147, 150
411483.3.peg.583.site.46, 1, 144, 145
411483.3.peg.583.site.47, 1, 146, 147
411483.3.peg.583.site.48, 6, 142, 148
411483.3.peg.583.site.49, 8, 145, 153
411483.3.peg.583.site.50, 10, 144, 154
411483.3.peg.583.site.51, 4, 144, 148
411483.3.peg.583.site.52, 13, 147, 160
411483.3.peg.583.site.53, 1, 147, 148
411483.3.peg.583.site.54, 1, 149, 150
411483.3.peg.583.site.55, 4, 143, 147
411483.3.peg.583.site.56, 0, 144, 144
411483.3.peg.583.site.57, 0, 138, 138
411483.3.peg.583.site.58, 2, 148, 150
411483.3.peg.583.site.59, 1, 144, 145
411483.3.peg.583.site.60, 2, 147, 149
411483.3.peg.583.site.61, 1, 148, 149
411483.3.peg.583.site.62, 0, 146, 146
411483.3.peg.583.site.63, 19, 140, 159
411483.3.peg.583.site.64, 0, 152, 152
411483.3.peg.583.site.65, 3, 151, 154
411483.3.peg.583.site.66, 3, 150, 153
411483.3.peg.583.site.67, 9, 148, 157
411483.3.peg.583.site.68, 1, 152, 153
411483.3.peg.583.site.69, 0, 150, 150
411483.3.peg.583.site.70, 21, 146, 167
411483.3.peg.583.site.71, 3, 150, 153
411483.3.peg.583.site.72, 3, 150, 153
411483.3.peg.583.site.73, 11, 148, 159
411483.3.peg.583.site.74, 4, 149, 153
411483.3.peg.583.site.75, 1, 153, 154
411483.3.peg.583.site.76, 1, 148, 149
411483.3.peg.583.site.77, 0, 131, 131
411483.3.peg.583.site.78, 3, 145, 148
411483.3.peg.583.site.79, 1, 145, 146
411483.3.peg.583.site.80, 0, 144, 144
411483.3.peg.583.site.81, 98, 134, 232
411483.3.peg.583.site.82, 1, 142, 143
411483.3.peg.583.site.83, 2, 137, 139
411483.3.peg.583.site.84, 1, 126, 127
411483.3.peg.583.site.85, 9, 129, 138
411483.3.peg.583.site.86, 1, 129, 130
411483.3.peg.583.site.87, 1, 131, 132
411483.3.peg.583.site.88, 1, 123, 124
411483.3.peg.583.site.89, 2, 131, 133
411483.3.peg.583.site.90, 0, 130, 130
411483.3.peg.583.site.91, 63, 122, 185
411483.3.peg.583.site.92, 1, 139, 140
411483.3.peg.583.site.93, 5, 143, 148
411483.3.peg.583.site.94, 0, 148, 148
411483.3.peg.583.site.95, 0, 149, 149
411483.3.peg.583.site.96, 12, 144, 156
411483.3.peg.583.site.97, 0, 146, 146
411483.3.peg.583.site.98, 149, 149, 298
411483.3.peg.583.site.99, 19, 142, 161
411483.3.peg.583.site.100, 9, 146, 155
411483.3.peg.583.site.101, 3, 150, 153
411483.3.peg.583.site.102, 0, 147, 147
411483.3.peg.583.site.103, 2, 151, 153
411483.3.peg.583.site.104, 18, 146, 164
411483.3.peg.850.site.1, 0, 153, 153
411483.3.peg.850.site.2, 5, 150, 155
411483.3.peg.850.site.3, 2, 155, 157
411483.3.peg.850.site.4, 9, 152, 161
411483.3.peg.850.site.5, 3, 154, 157
411483.3.peg.850.site.6, 19, 150, 169
411483.3.peg.850.site.7, 6, 155, 161
411483.3.peg.850.site.8, 12, 151, 163
411483.3.peg.850.site.9, 0, 151, 151
411483.3.peg.850.site.10, 2, 137, 139
411483.3.peg.850.site.11, 0, 98, 98
411483.3.peg.850.site.12, 2, 60, 62
411483.3.peg.585.site.1, 13, 128, 141
411483.3.peg.585.site.2, 1, 110, 111
411483.3.peg.585.site.3, 5, 118, 123
411483.3.peg.585.site.4, 0, 109, 109
411483.3.peg.585.site.5, 1, 93, 94
411483.3.peg.585.site.6, 0, 80, 80
411483.3.peg.585.site.7, 8, 69, 77
411483.3.peg.585.site.8, 2, 73, 75
411483.3.peg.585.site.9, 1, 68, 69
411483.3.peg.585.site.10, 0, 70, 70
411483.3.peg.585.site.11, 7, 63, 70
411483.3.peg.585.site.12, 39, 73, 112
411483.3.peg.585.site.13, 0, 73, 73
411483.3.peg.585.site.14, 0, 74, 74
411483.3.peg.585.site.15, 0, 72, 72
411483.3.peg.585.site.16, 1, 74, 75
411483.3.peg.585.site.17, 5, 69, 74
411483.3.peg.585.site.18, 3, 85, 88
411483.3.peg.585.site.19, 28, 79, 107
411483.3.peg.585.site.20, 58, 82, 140
411483.3.peg.585.site.21, 1, 81, 82
411483.3.peg.585.site.22, 9, 89, 98
411483.3.peg.585.site.23, 70, 88, 158
411483.3.peg.585.site.24, 1, 95, 96
411483.3.peg.585.site.25, 3, 62, 65
411483.3.peg.585.site.26, 8, 61, 69
411483.3.peg.585.site.27, 2, 71, 73
411483.3.peg.585.site.28, 1, 69, 70
411483.3.peg.585.site.29, 2, 77, 79
411483.3.peg.585.site.30, 0, 99, 99
411483.3.peg.585.site.31, 1, 123, 124
411483.3.peg.585.site.32, 3, 119, 122
411483.3.peg.585.site.33, 21, 67, 88
411483.3.peg.585.site.34, 3, 63, 66
411483.3.peg.585.site.35, 37, 48, 85
411483.3.peg.585.site.36, 0, 22, 22
411483.3.peg.585.site.37, 1, 42, 43
411483.3.peg.585.site.38, 0, 59, 59
411483.3.peg.585.site.39, 0, 64, 64
411483.3.peg.585.site.40, 1, 47, 48
411483.3.peg.585.site.41, 4, 73, 77
411483.3.peg.585.site.42, 1, 73, 74
411483.3.peg.585.site.43, 0, 78, 78
411483.3.peg.585.site.44, 0, 95, 95
411483.3.peg.585.site.45, 1, 127, 128
411483.3.peg.585.site.46, 2, 129, 131
411483.3.peg.585.site.47, 3, 123, 126
411483.3.peg.585.site.48, 0, 109, 109
411483.3.peg.585.site.49, 0, 138, 138
411483.3.peg.585.site.50, 7, 130, 137
411483.3.peg.585.site.51, 0, 149, 149
411483.3.peg.585.site.52, 14, 140, 154
411483.3.peg.585.site.53, 1, 150, 151
411483.3.peg.585.site.54, 0, 152, 152
411483.3.peg.585.site.55, 3, 155, 158
411483.3.peg.585.site.56, 2, 154, 156
411483.3.peg.856.site.1, 3, 136, 139
411483.3.peg.856.site.2, 0, 149, 149
411483.3.peg.856.site.3, 67, 140, 207
411483.3.peg.856.site.4, 22, 147, 169
411483.3.peg.856.site.5, 24, 150, 174
411483.3.peg.856.site.6, 90, 138, 228
411483.3.peg.856.site.7, 6, 149, 155
411483.3.peg.856.site.8, 10, 150, 160
411483.3.peg.856.site.9, 123, 147, 270
411483.3.peg.856.site.10, 4, 150, 154
411483.3.peg.856.site.11, 2, 152, 154
411483.3.peg.856.site.12, 2, 152, 154
411483.3.peg.856.site.13, 1, 145, 146
411483.3.peg.856.site.14, 6, 148, 154
411483.3.peg.856.site.15, 5, 148, 153
411483.3.peg.856.site.16, 11, 147, 158
411483.3.peg.856.site.17, 2, 147, 149
411483.3.peg.856.site.18, 31, 143, 174
411483.3.peg.856.site.19, 0, 151, 151
411483.3.peg.856.site.20, 2, 150, 152
411483.3.peg.856.site.21, 0, 149, 149
411483.3.peg.856.site.22, 0, 149, 149
411483.3.peg.856.site.23, 2, 152, 154
411483.3.peg.856.site.24, 1, 152, 153
411483.3.peg.856.site.25, 2, 153, 155
411483.3.peg.856.site.26, 2, 153, 155
411483.3.peg.856.site.27, 1, 153, 154
411483.3.peg.856.site.28, 9, 153, 162
411483.3.peg.856.site.29, 2, 155, 157
411483.3.peg.856.site.30, 1, 153, 154
411483.3.peg.856.site.31, 9, 137, 146
411483.3.peg.856.site.32, 3, 140, 143
411483.3.peg.856.site.33, 4, 130, 134
411483.3.peg.856.site.34, 1, 132, 133
411483.3.peg.856.site.35, 6, 126, 132
411483.3.peg.856.site.36, 7, 145, 152
411483.3.peg.856.site.37, 1, 146, 147
411483.3.peg.856.site.38, 5, 147, 152
411483.3.peg.856.site.39, 1, 145, 146
411483.3.peg.856.site.40, 45, 145, 190
411483.3.peg.856.site.41, 3, 147, 150
411483.3.peg.856.site.42, 0, 143, 143
411483.3.peg.856.site.43, 18, 141, 159
411483.3.peg.856.site.44, 20, 144, 164
411483.3.peg.856.site.45, 2, 149, 151
411483.3.peg.856.site.46, 20, 145, 165
411483.3.peg.856.site.47, 3, 147, 150
411483.3.peg.856.site.48, 2, 148, 150
411483.3.peg.856.site.49, 4, 146, 150
411483.3.peg.856.site.50, 0, 147, 147
411483.3.peg.856.site.51, 0, 146, 146
411483.3.peg.856.site.52, 2, 142, 144
411483.3.peg.856.site.53, 1, 143, 144
411483.3.peg.856.site.54, 36, 126, 162
411483.3.peg.856.site.55, 32, 121, 153
411483.3.peg.856.site.56, 69, 106, 175
411483.3.peg.856.site.57, 72, 114, 186
411483.3.peg.856.site.58, 72, 112, 184
411483.3.peg.856.site.59, 41, 108, 149
411483.3.peg.856.site.60, 3, 114, 117
411483.3.peg.856.site.61, 14, 117, 131
411483.3.peg.856.site.62, 1, 144, 145
411483.3.peg.856.site.63, 0, 148, 148
411483.3.peg.856.site.64, 1, 154, 155
411483.3.peg.856.site.65, 26, 149, 175
411483.3.peg.856.site.66, 5, 151, 156
411483.3.peg.856.site.67, 6, 146, 152
411483.3.peg.856.site.68, 9, 144, 153
411483.3.peg.856.site.69, 1, 145, 146
411483.3.peg.856.site.70, 12, 143, 155
411483.3.peg.856.site.71, 19, 139, 158
411483.3.peg.856.site.72, 13, 144, 157
411483.3.peg.856.site.73, 8, 142, 150
411483.3.peg.856.site.74, 124, 136, 260
411483.3.peg.856.site.75, 0, 138, 138
411483.3.peg.856.site.76, 3, 140, 143
411483.3.peg.856.site.77, 1, 135, 136
411483.3.peg.856.site.78, 19, 136, 155
411483.3.peg.856.site.79, 3, 141, 144
411483.3.peg.856.site.80, 17, 141, 158
411483.3.peg.856.site.81, 3, 145, 148
411483.3.peg.856.site.82, 1, 137, 138
411483.3.peg.856.site.83, 0, 141, 141
411483.3.peg.856.site.84, 2, 144, 146
411483.3.peg.856.site.85, 2, 146, 148
411483.3.peg.856.site.86, 0, 143, 143
411483.3.peg.856.site.87, 3, 147, 150
411483.3.peg.856.site.88, 1, 135, 136
411483.3.peg.856.site.89, 1, 132, 133
411483.3.peg.856.site.90, 5, 136, 141
411483.3.peg.856.site.91, 2, 122, 124
411483.3.peg.856.site.92, 89, 111, 200
411483.3.peg.856.site.93, 2, 118, 120
411483.3.peg.856.site.94, 2, 120, 122
411483.3.peg.856.site.95, 0, 112, 112
411483.3.peg.856.site.96, 10, 129, 139
411483.3.peg.856.site.97, 0, 127, 127
411483.3.peg.856.site.98, 0, 132, 132
411483.3.peg.856.site.99, 1, 132, 133
411483.3.peg.856.site.100, 2, 145, 147
411483.3.peg.856.site.101, 3, 144, 147
411483.3.peg.856.site.102, 28, 146, 174
411483.3.peg.856.site.103, 0, 149, 149
411483.3.peg.856.site.104, 30, 135, 165
411483.3.peg.856.site.105, 0, 145, 145
411483.3.peg.856.site.106, 0, 146, 146
411483.3.peg.856.site.107, 3, 149, 152
411483.3.peg.856.site.108, 1, 145, 146
411483.3.peg.856.site.109, 34, 144, 178
411483.3.peg.856.site.110, 3, 148, 151
411483.3.peg.856.site.111, 10, 147, 157
411483.3.peg.856.site.112, 5, 152, 157
411483.3.peg.856.site.113, 4, 150, 154
411483.3.peg.856.site.114, 27, 147, 174
411483.3.peg.856.site.115, 4, 152, 156
411483.3.peg.856.site.116, 52, 139, 191
411483.3.peg.856.site.117, 1, 149, 150
411483.3.peg.856.site.118, 19, 138, 157
411483.3.peg.856.site.119, 10, 146, 156
411483.3.peg.856.site.120, 0, 146, 146
411483.3.peg.856.site.121, 50, 139, 189
411483.3.peg.856.site.122, 9, 143, 152
411483.3.peg.856.site.123, 2, 132, 134
411483.3.peg.856.site.124, 2, 125, 127
411483.3.peg.856.site.125, 6, 123, 129
411483.3.peg.856.site.126, 28, 121, 149
411483.3.peg.856.site.127, 26, 115, 141
411483.3.peg.856.site.128, 2, 134, 136
411483.3.peg.856.site.129, 2, 139, 141
411483.3.peg.856.site.130, 0, 134, 134
411483.3.peg.856.site.131, 1, 132, 133
411483.3.peg.856.site.132, 3, 133, 136
411483.3.peg.856.site.133, 1, 126, 127
411483.3.peg.856.site.134, 3, 123, 126
411483.3.peg.856.site.135, 0, 133, 133
411483.3.peg.856.site.136, 2, 130, 132
411483.3.peg.856.site.137, 3, 133, 136
411483.3.peg.856.site.138, 6, 133, 139
411483.3.peg.856.site.139, 0, 136, 136
411483.3.peg.856.site.140, 12, 136, 148
411483.3.peg.856.site.141, 1, 139, 140
411483.3.peg.856.site.142, 0, 144, 144
411483.3.peg.856.site.143, 13, 142, 155
411483.3.peg.856.site.144, 0, 144, 144
411483.3.peg.856.site.145, 78, 134, 212
411483.3.peg.856.site.146, 4, 141, 145
411483.3.peg.855.site.1, 100, 143, 243
411483.3.peg.855.site.2, 101, 143, 244
411483.3.peg.855.site.3, 8, 147, 155
411483.3.peg.855.site.4, 20, 145, 165
411483.3.peg.855.site.5, 10, 142, 152
411483.3.peg.855.site.6, 0, 143, 143
411483.3.peg.855.site.7, 2, 145, 147
411483.3.peg.855.site.8, 2, 146, 148
411483.3.peg.855.site.9, 1, 148, 149
411483.3.peg.855.site.10, 3, 147, 150
411483.3.peg.855.site.11, 0, 146, 146
411483.3.peg.855.site.12, 9, 144, 153
411483.3.peg.855.site.13, 3, 151, 154
411483.3.peg.855.site.14, 1, 149, 150
411483.3.peg.855.site.15, 135, 143, 278
411483.3.peg.855.site.16, 1, 150, 151
411483.3.peg.855.site.17, 2, 147, 149
411483.3.peg.855.site.18, 2, 152, 154
411483.3.peg.855.site.19, 2, 151, 153
411483.3.peg.855.site.20, 124, 147, 271
411483.3.peg.855.site.21, 68, 142, 210
411483.3.peg.855.site.22, 1, 151, 152
411483.3.peg.855.site.23, 2, 151, 153
411483.3.peg.855.site.24, 1, 150, 151
411483.3.peg.855.site.25, 9, 153, 162
411483.3.peg.855.site.26, 54, 144, 198
411483.3.peg.855.site.27, 1, 150, 151
411483.3.peg.855.site.28, 9, 142, 151
411483.3.peg.855.site.29, 0, 137, 137
411483.3.peg.855.site.30, 3, 142, 145
411483.3.peg.855.site.31, 3, 142, 145
411483.3.peg.855.site.32, 6, 144, 150
411483.3.peg.855.site.33, 4, 149, 153
411483.3.peg.855.site.34, 1, 151, 152
411483.3.peg.855.site.35, 2, 153, 155
411483.3.peg.855.site.36, 4, 153, 157
411483.3.peg.855.site.37, 3, 151, 154
411483.3.peg.855.site.38, 3, 151, 154
411483.3.peg.855.site.39, 16, 145, 161
411483.3.peg.855.site.40, 6, 143, 149
411483.3.peg.855.site.41, 0, 142, 142
411483.3.peg.855.site.42, 35, 134, 169
411483.3.peg.855.site.43, 123, 137, 260
411483.3.peg.855.site.44, 6, 139, 145
411483.3.peg.855.site.45, 132, 138, 270
411483.3.peg.855.site.46, 16, 133, 149
411483.3.peg.855.site.47, 2, 143, 145
411483.3.peg.855.site.48, 51, 135, 186
411483.3.peg.855.site.49, 40, 136, 176
411483.3.peg.855.site.50, 34, 140, 174
411483.3.peg.855.site.51, 1, 144, 145
411483.3.peg.855.site.52, 1, 147, 148
411483.3.peg.855.site.53, 1, 144, 145
411483.3.peg.855.site.54, 1, 140, 141
411483.3.peg.855.site.55, 1, 136, 137
411483.3.peg.855.site.56, 3, 138, 141
411483.3.peg.855.site.57, 27, 125, 152
411483.3.peg.855.site.58, 1, 129, 130
411483.3.peg.855.site.59, 2, 127, 129
411483.3.peg.855.site.60, 2, 119, 121
411483.3.peg.855.site.61, 5, 115, 120
411483.3.peg.855.site.62, 3, 87, 90
411483.3.peg.855.site.63, 7, 103, 110
411483.3.peg.855.site.64, 19, 90, 109
411483.3.peg.586.site.1, 4, 147, 151
411483.3.peg.586.site.2, 1, 150, 151
411483.3.peg.586.site.3, 41, 142, 183
411483.3.peg.586.site.4, 66, 138, 204
411483.3.peg.586.site.5, 1, 149, 150
411483.3.peg.586.site.6, 1, 150, 151
411483.3.peg.586.site.7, 104, 143, 247
411483.3.peg.586.site.8, 2, 155, 157
411483.3.peg.586.site.9, 3, 149, 152
411483.3.peg.586.site.10, 6, 151, 157
411483.3.peg.586.site.11, 1, 153, 154
411483.3.peg.586.site.12, 152, 152, 304
411483.3.peg.586.site.13, 1, 152, 153
411483.3.peg.586.site.14, 12, 152, 164
411483.3.peg.586.site.15, 2, 153, 155
411483.3.peg.586.site.16, 31, 145, 176
411483.3.peg.586.site.17, 3, 148, 151
411483.3.peg.586.site.18, 18, 147, 165
411483.3.peg.586.site.19, 48, 139, 187
411483.3.peg.586.site.20, 4, 150, 154
411483.3.peg.586.site.21, 14, 150, 164
411483.3.peg.586.site.22, 1, 153, 154
411483.3.peg.586.site.23, 1, 152, 153
411483.3.peg.586.site.24, 0, 151, 151
411483.3.peg.586.site.25, 0, 152, 152
411483.3.peg.586.site.26, 109, 146, 255
411483.3.peg.586.site.27, 3, 130, 133
411483.3.peg.586.site.28, 3, 127, 130
411483.3.peg.586.site.29, 2, 125, 127
411483.3.peg.586.site.30, 9, 127, 136
411483.3.peg.586.site.31, 3, 127, 130
411483.3.peg.586.site.32, 1, 127, 128
411483.3.peg.586.site.33, 1, 126, 127
411483.3.peg.586.site.34, 5, 128, 133
411483.3.peg.586.site.35, 1, 129, 130
411483.3.peg.586.site.36, 6, 127, 133
411483.3.peg.586.site.37, 4, 128, 132
411483.3.peg.586.site.38, 13, 126, 139
411483.3.peg.586.site.39, 3, 128, 131
411483.3.peg.586.site.40, 2, 127, 129
411483.3.peg.586.site.41, 3, 129, 132
411483.3.peg.586.site.42, 2, 128, 130
411483.3.peg.586.site.43, 9, 126, 135
411483.3.peg.586.site.44, 21, 124, 145
411483.3.peg.586.site.45, 2, 130, 132
411483.3.peg.586.site.46, 3, 130, 133
411483.3.peg.586.site.47, 3, 130, 133
411483.3.peg.586.site.48, 2, 129, 131
411483.3.peg.586.site.49, 78, 125, 203
411483.3.peg.586.site.50, 26, 125, 151
411483.3.peg.586.site.51, 2, 127, 129
411483.3.peg.586.site.52, 3, 127, 130
411483.3.peg.586.site.53, 0, 127, 127
411483.3.peg.586.site.54, 1, 130, 131
411483.3.peg.586.site.55, 6, 128, 134
411483.3.peg.586.site.56, 2, 129, 131
411483.3.peg.586.site.57, 3, 129, 132
411483.3.peg.586.site.58, 2, 129, 131
411483.3.peg.586.site.59, 117, 130, 247
411483.3.peg.586.site.60, 1, 130, 131
411483.3.peg.586.site.61, 31, 127, 158
411483.3.peg.586.site.62, 12, 126, 138
411483.3.peg.586.site.63, 2, 130, 132
411483.3.peg.586.site.64, 0, 131, 131
411483.3.peg.586.site.65, 101, 129, 230
411483.3.peg.586.site.66, 64, 128, 192
411483.3.peg.586.site.67, 1, 132, 133
411483.3.peg.586.site.68, 8, 140, 148
411483.3.peg.586.site.69, 138, 148, 286
411483.3.peg.586.site.70, 8, 149, 157
411483.3.peg.586.site.71, 1, 152, 153
411483.3.peg.586.site.72, 11, 151, 162
411483.3.peg.586.site.73, 4, 150, 154
411483.3.peg.586.site.74, 6, 146, 152
411483.3.peg.586.site.75, 23, 145, 168
411483.3.peg.586.site.76, 0, 151, 151
411483.3.peg.586.site.77, 22, 138, 160
411483.3.peg.586.site.78, 2, 151, 153
411483.3.peg.586.site.79, 1, 150, 151
411483.3.peg.586.site.80, 6, 147, 153
411483.3.peg.586.site.81, 15, 147, 162
411483.3.peg.586.site.82, 13, 146, 159
411483.3.peg.586.site.83, 4, 146, 150
411483.3.peg.586.site.84, 38, 137, 175
411483.3.peg.586.site.85, 1, 148, 149
411483.3.peg.586.site.86, 65, 138, 203
411483.3.peg.586.site.87, 5, 148, 153
411483.3.peg.586.site.88, 16, 147, 163
411483.3.peg.586.site.89, 1, 150, 151
411483.3.peg.586.site.90, 13, 147, 160
411483.3.peg.586.site.91, 3, 149, 152
411483.3.peg.586.site.92, 3, 149, 152
411483.3.peg.586.site.93, 19, 147, 166
411483.3.peg.586.site.94, 8, 147, 155
411483.3.peg.586.site.95, 8, 147, 155
411483.3.peg.586.site.96, 9, 143, 152
411483.3.peg.586.site.97, 29, 129, 158
411483.3.peg.586.site.98, 5, 135, 140
411483.3.peg.586.site.99, 5, 131, 136
411483.3.peg.586.site.100, 131, 131, 262
411483.3.peg.586.site.101, 1, 129, 130
411483.3.peg.586.site.102, 86, 122, 208
411483.3.peg.586.site.103, 4, 125, 129
411483.3.peg.586.site.104, 44, 113, 157
411483.3.peg.586.site.105, 96, 117, 213
411483.3.peg.586.site.106, 3, 118, 121
411483.3.peg.695.site.1, 1, 155, 156
411483.3.peg.695.site.2, 1, 152, 153
411483.3.peg.695.site.3, 0, 151, 151
411483.3.peg.695.site.4, 1, 153, 154
411483.3.peg.695.site.5, 1, 151, 152
411483.3.peg.695.site.6, 5, 149, 154
411483.3.peg.695.site.7, 5, 145, 150
411483.3.peg.695.site.8, 7, 145, 152
411483.3.peg.695.site.9, 4, 150, 154
411483.3.peg.695.site.10, 6, 145, 151
411483.3.peg.695.site.11, 1, 147, 148
411483.3.peg.695.site.12, 16, 139, 155
411483.3.peg.695.site.13, 16, 139, 155
411483.3.peg.695.site.14, 28, 107, 135
411483.3.peg.695.site.15, 0, 136, 136
411483.3.peg.695.site.16, 1, 131, 132
411483.3.peg.695.site.17, 2, 131, 133
411483.3.peg.695.site.18, 18, 117, 135
411483.3.peg.695.site.19, 6, 130, 136
411483.3.peg.695.site.20, 1, 135, 136
411483.3.peg.695.site.21, 12, 133, 145
411483.3.peg.695.site.22, 0, 132, 132
411483.3.peg.695.site.23, 12, 134, 146
411483.3.peg.695.site.24, 0, 138, 138
411483.3.peg.695.site.25, 2, 141, 143
411483.3.peg.695.site.26, 6, 140, 146
411483.3.peg.695.site.27, 1, 140, 141
411483.3.peg.695.site.28, 3, 142, 145
411483.3.peg.695.site.29, 3, 139, 142
411483.3.peg.695.site.30, 4, 132, 136
411483.3.peg.695.site.31, 0, 139, 139
411483.3.peg.695.site.32, 37, 131, 168
411483.3.peg.695.site.33, 0, 139, 139
411483.3.peg.695.site.34, 1, 141, 142
411483.3.peg.695.site.35, 3, 141, 144
411483.3.peg.695.site.36, 19, 138, 157
411483.3.peg.695.site.37, 0, 131, 131
411483.3.peg.695.site.38, 3, 122, 125
411483.3.peg.695.site.39, 2, 108, 110
411483.3.peg.695.site.40, 5, 80, 85
411483.3.peg.695.site.41, 0, 71, 71
411483.3.peg.695.site.42, 1, 67, 68
411483.3.peg.695.site.43, 22, 60, 82
411483.3.peg.695.site.44, 18, 36, 54
411483.3.peg.695.site.45, 4, 50, 54
411483.3.peg.695.site.46, 8, 67, 75
411483.3.peg.695.site.47, 0, 80, 80
411483.3.peg.695.site.48, 2, 80, 82
411483.3.peg.695.site.49, 3, 77, 80
411483.3.peg.695.site.50, 49, 88, 137
411483.3.peg.695.site.51, 4, 87, 91
411483.3.peg.695.site.52, 4, 112, 116
411483.3.peg.695.site.53, 0, 127, 127
411483.3.peg.695.site.54, 1, 128, 129
411483.3.peg.695.site.55, 3, 117, 120
411483.3.peg.695.site.56, 3, 123, 126
411483.3.peg.695.site.57, 3, 119, 122
411483.3.peg.695.site.58, 7, 122, 129
411483.3.peg.695.site.59, 7, 147, 154
411483.3.peg.695.site.60, 100, 137, 237
411483.3.peg.695.site.61, 2, 149, 151
411483.3.peg.695.site.62, 96, 144, 240
411483.3.peg.695.site.63, 8, 148, 156
411483.3.peg.695.site.64, 0, 151, 151
411483.3.peg.695.site.65, 0, 153, 153
411483.3.peg.695.site.66, 1, 152, 153
411483.3.peg.695.site.67, 23, 147, 170
411483.3.peg.695.site.68, 1, 148, 149
411483.3.peg.695.site.69, 0, 150, 150
411483.3.peg.695.site.70, 0, 149, 149
411483.3.peg.695.site.71, 5, 148, 153
411483.3.peg.695.site.72, 10, 146, 156
411483.3.peg.695.site.73, 5, 147, 152
411483.3.peg.695.site.74, 5, 145, 150
411483.3.peg.695.site.75, 5, 143, 148
411483.3.peg.695.site.76, 1, 147, 148
411483.3.peg.695.site.77, 1, 147, 148
411483.3.peg.695.site.78, 4, 144, 148
411483.3.peg.695.site.79, 7, 142, 149
411483.3.peg.695.site.80, 5, 144, 149
411483.3.peg.695.site.81, 0, 145, 145
411483.3.peg.695.site.82, 27, 135, 162
411483.3.peg.695.site.83, 14, 143, 157
411483.3.peg.695.site.84, 5, 150, 155
411483.3.peg.695.site.85, 10, 146, 156
411483.3.peg.695.site.86, 1, 153, 154
411483.3.peg.695.site.87, 12, 149, 161
411483.3.peg.695.site.88, 1, 153, 154
411483.3.peg.695.site.89, 0, 153, 153
411483.3.peg.694.site.1, 68, 128, 196
411483.3.peg.694.site.2, 1, 146, 147
411483.3.peg.694.site.3, 0, 151, 151
411483.3.peg.694.site.4, 2, 154, 156
411483.3.peg.694.site.5, 9, 148, 157
411483.3.peg.694.site.6, 1, 152, 153
411483.3.peg.694.site.7, 0, 153, 153
411483.3.peg.694.site.8, 37, 148, 185
411483.3.peg.694.site.9, 1, 155, 156
411483.3.peg.694.site.10, 130, 150, 280
411483.3.peg.694.site.11, 3, 153, 156
411483.3.peg.694.site.12, 26, 147, 173
411483.3.peg.694.site.13, 7, 153, 160
411483.3.peg.694.site.14, 28, 147, 175
411483.3.peg.694.site.15, 1, 154, 155
411483.3.peg.694.site.16, 67, 146, 213
411483.3.peg.694.site.17, 27, 152, 179
411483.3.peg.694.site.18, 0, 153, 153
411483.3.peg.694.site.19, 137, 151, 288
411483.3.peg.694.site.20, 12, 148, 160
411483.3.peg.694.site.21, 3, 153, 156
411483.3.peg.694.site.22, 1, 153, 154
411483.3.peg.694.site.23, 5, 153, 158
411483.3.peg.694.site.24, 7, 155, 162
411483.3.peg.694.site.25, 11, 153, 164
411483.3.peg.694.site.26, 77, 144, 221
411483.3.peg.694.site.27, 2, 154, 156
411483.3.peg.694.site.28, 48, 150, 198
411483.3.peg.694.site.29, 79, 148, 227
411483.3.peg.694.site.30, 1, 155, 156
411483.3.peg.694.site.31, 5, 153, 158
411483.3.peg.694.site.32, 2, 155, 157
411483.3.peg.694.site.33, 1, 152, 153
411483.3.peg.694.site.34, 2, 152, 154
411483.3.peg.694.site.35, 29, 146, 175
411483.3.peg.694.site.36, 0, 151, 151
411483.3.peg.694.site.37, 3, 153, 156
411483.3.peg.694.site.38, 1, 153, 154
411483.3.peg.694.site.39, 3, 153, 156
411483.3.peg.694.site.40, 0, 154, 154
411483.3.peg.694.site.41, 2, 151, 153
411483.3.peg.694.site.42, 6, 148, 154
411483.3.peg.694.site.43, 1, 149, 150
411483.3.peg.694.site.44, 2, 152, 154
411483.3.peg.694.site.45, 6, 152, 158
411483.3.peg.694.site.46, 57, 152, 209
411483.3.peg.925.site.1, 1, 145, 146
411483.3.peg.925.site.2, 8, 108, 116
411483.3.peg.925.site.3, 5, 97, 102
411483.3.peg.925.site.4, 2, 91, 93
411483.3.peg.925.site.5, 5, 58, 63
411483.3.peg.925.site.6, 7, 52, 59
411483.3.peg.925.site.7, 1, 92, 93
411483.3.peg.925.site.8, 8, 116, 124
411483.3.peg.925.site.9, 5, 135, 140
411483.3.peg.925.site.10, 109, 127, 236
411483.3.peg.925.site.11, 3, 142, 145
411483.3.peg.925.site.12, 6, 134, 140
411483.3.peg.925.site.13, 6, 126, 132
411483.3.peg.925.site.14, 17, 132, 149
411483.3.peg.925.site.15, 0, 138, 138
411483.3.peg.925.site.16, 17, 132, 149
411483.3.peg.925.site.17, 1, 137, 138
411483.3.peg.925.site.18, 0, 136, 136
411483.3.peg.925.site.19, 8, 134, 142
411483.3.peg.925.site.20, 7, 140, 147
411483.3.peg.925.site.21, 1, 140, 141
411483.3.peg.925.site.22, 3, 136, 139
411483.3.peg.925.site.23, 1, 141, 142
411483.3.peg.925.site.24, 2, 139, 141
411483.3.peg.925.site.25, 0, 141, 141
411483.3.peg.925.site.26, 140, 140, 280
411483.3.peg.925.site.27, 3, 141, 144
411483.3.peg.925.site.28, 2, 138, 140
411483.3.peg.925.site.29, 8, 118, 126
411483.3.peg.925.site.30, 4, 104, 108
411483.3.peg.925.site.31, 1, 119, 120
411483.3.peg.925.site.32, 9, 117, 126
411483.3.peg.925.site.33, 4, 125, 129
411483.3.peg.925.site.34, 9, 119, 128
411483.3.peg.925.site.35, 2, 130, 132
411483.3.peg.925.site.36, 5, 129, 134
411483.3.peg.925.site.37, 0, 133, 133
411483.3.peg.925.site.38, 14, 118, 132
411483.3.peg.925.site.39, 0, 119, 119
411483.3.peg.925.site.40, 1, 122, 123
411483.3.peg.925.site.41, 13, 126, 139
411483.3.peg.925.site.42, 0, 113, 113
411483.3.peg.925.site.43, 2, 126, 128
411483.3.peg.925.site.44, 2, 122, 124
411483.3.peg.925.site.45, 3, 119, 122
411483.3.peg.925.site.46, 2, 88, 90
411483.3.peg.925.site.47, 4, 82, 86
411483.3.peg.925.site.48, 3, 89, 92
411483.3.peg.925.site.49, 1, 133, 134
411483.3.peg.925.site.50, 12, 137, 149
411483.3.peg.925.site.51, 8, 146, 154
411483.3.peg.925.site.52, 17, 145, 162
411483.3.peg.925.site.53, 1, 143, 144
411483.3.peg.925.site.54, 9, 144, 153
411483.3.peg.925.site.55, 1, 151, 152
411483.3.peg.925.site.56, 10, 148, 158
411483.3.peg.925.site.57, 4, 150, 154
411483.3.peg.925.site.58, 1, 150, 151
411483.3.peg.925.site.59, 3, 150, 153
411483.3.peg.925.site.60, 7, 149, 156
411483.3.peg.925.site.61, 79, 138, 217
411483.3.peg.925.site.62, 1, 150, 151
411483.3.peg.925.site.63, 3, 153, 156
411483.3.peg.925.site.64, 2, 152, 154
411483.3.peg.925.site.65, 24, 144, 168
411483.3.peg.925.site.66, 1, 155, 156
411483.3.peg.925.site.67, 20, 148, 168
411483.3.peg.925.site.68, 35, 144, 179
411483.3.peg.925.site.69, 6, 149, 155
411483.3.peg.925.site.70, 8, 143, 151
411483.3.peg.925.site.71, 1, 152, 153
411483.3.peg.925.site.72, 0, 151, 151
411483.3.peg.696.site.1, 3, 151, 154
411483.3.peg.696.site.2, 0, 150, 150
411483.3.peg.696.site.3, 111, 139, 250
411483.3.peg.696.site.4, 2, 140, 142
411483.3.peg.696.site.5, 1, 144, 145
411483.3.peg.696.site.6, 0, 140, 140
411483.3.peg.696.site.7, 1, 127, 128
411483.3.peg.696.site.8, 0, 121, 121
411483.3.peg.696.site.9, 5, 124, 129
411483.3.peg.696.site.10, 13, 114, 127
411483.3.peg.696.site.11, 1, 64, 65
411483.3.peg.696.site.12, 0, 57, 57
411483.3.peg.696.site.13, 2, 57, 59
411483.3.peg.696.site.14, 0, 66, 66
411483.3.peg.696.site.15, 0, 97, 97
411483.3.peg.696.site.16, 30, 121, 151
411483.3.peg.696.site.17, 4, 126, 130
411483.3.peg.696.site.18, 33, 127, 160
411483.3.peg.696.site.19, 9, 131, 140
411483.3.peg.696.site.20, 15, 133, 148
411483.3.peg.696.site.21, 1, 133, 134
411483.3.peg.696.site.22, 0, 141, 141
411483.3.peg.696.site.23, 1, 146, 147
411483.3.peg.696.site.24, 6, 148, 154
411483.3.peg.696.site.25, 1, 147, 148
411483.3.peg.696.site.26, 0, 149, 149
411483.3.peg.696.site.27, 4, 148, 152
411483.3.peg.696.site.28, 11, 145, 156
411483.3.peg.696.site.29, 0, 148, 148
411483.3.peg.696.site.30, 5, 150, 155
411483.3.peg.696.site.31, 9, 147, 156
411483.3.peg.696.site.32, 2, 145, 147
411483.3.peg.696.site.33, 0, 148, 148
411483.3.peg.696.site.34, 0, 149, 149
411483.3.peg.696.site.35, 0, 147, 147
411483.3.peg.696.site.36, 14, 142, 156
411483.3.peg.696.site.37, 36, 139, 175
411483.3.peg.696.site.38, 1, 154, 155
411483.3.peg.696.site.39, 1, 150, 151
411483.3.peg.696.site.40, 3, 136, 139
411483.3.peg.696.site.41, 2, 128, 130
411483.3.peg.696.site.42, 92, 125, 217
411483.3.peg.696.site.43, 69, 118, 187
411483.3.peg.696.site.44, 6, 115, 121
411483.3.peg.696.site.45, 0, 106, 106
411483.3.peg.696.site.46, 19, 107, 126
411483.3.peg.696.site.47, 19, 117, 136
411483.3.peg.696.site.48, 11, 143, 154
411483.3.peg.696.site.49, 11, 143, 154
411483.3.peg.696.site.50, 9, 147, 156
411483.3.peg.696.site.51, 9, 149, 158
411483.3.peg.696.site.52, 5, 153, 158
411483.3.peg.696.site.53, 3, 152, 155
411483.3.peg.696.site.54, 9, 152, 161
411483.3.peg.696.site.55, 3, 151, 154
411483.3.peg.696.site.56, 1, 152, 153
411483.3.peg.696.site.57, 8, 146, 154
411483.3.peg.696.site.58, 0, 146, 146
411483.3.peg.696.site.59, 2, 152, 154
411483.3.peg.696.site.60, 2, 152, 154
411483.3.peg.696.site.61, 13, 149, 162
411483.3.peg.696.site.62, 32, 144, 176
411483.3.peg.696.site.63, 2, 154, 156
411483.3.peg.696.site.64, 2, 153, 155
411483.3.peg.696.site.65, 1, 155, 156
411483.3.peg.922.site.1, 1, 155, 156
411483.3.peg.922.site.2, 3, 154, 157
411483.3.peg.922.site.3, 60, 144, 204
411483.3.peg.922.site.4, 2, 152, 154
411483.3.peg.922.site.5, 7, 147, 154
411483.3.peg.922.site.6, 2, 150, 152
411483.3.peg.922.site.7, 12, 144, 156
411483.3.peg.922.site.8, 6, 149, 155
411483.3.peg.922.site.9, 3, 150, 153
411483.3.peg.922.site.10, 35, 139, 174
411483.3.peg.922.site.11, 39, 141, 180
411483.3.peg.922.site.12, 8, 147, 155
411483.3.peg.922.site.13, 1, 149, 150
411483.3.peg.922.site.14, 0, 150, 150
411483.3.peg.922.site.15, 3, 149, 152
411483.3.peg.922.site.16, 5, 152, 157
411483.3.peg.922.site.17, 1, 152, 153
411483.3.peg.922.site.18, 3, 149, 152
411483.3.peg.922.site.19, 4, 150, 154
411483.3.peg.922.site.20, 0, 152, 152
411483.3.peg.922.site.21, 1, 153, 154
411483.3.peg.921.site.1, 0, 138, 138
411483.3.peg.921.site.2, 6, 153, 159
411483.3.peg.921.site.3, 0, 149, 149
411483.3.peg.921.site.4, 74, 141, 215
411483.3.peg.921.site.5, 127, 145, 272
411483.3.peg.921.site.6, 102, 139, 241
411483.3.peg.921.site.7, 120, 144, 264
411483.3.peg.921.site.8, 13, 149, 162
411483.3.peg.921.site.9, 1, 154, 155
411483.3.peg.921.site.10, 0, 152, 152
411483.3.peg.921.site.11, 2, 154, 156
411483.3.peg.921.site.12, 0, 154, 154
411483.3.peg.921.site.13, 5, 154, 159
411483.3.peg.921.site.14, 0, 153, 153
411483.3.peg.921.site.15, 99, 146, 245
411483.3.peg.921.site.16, 0, 153, 153
411483.3.peg.921.site.17, 1, 154, 155
411483.3.peg.921.site.18, 39, 148, 187
411483.3.peg.921.site.19, 2, 152, 154
411483.3.peg.921.site.20, 3, 155, 158
411483.3.peg.921.site.21, 4, 155, 159
411483.3.peg.921.site.22, 1, 154, 155
411483.3.peg.920.site.1, 79, 142, 221
411483.3.peg.920.site.2, 2, 154, 156
411483.3.peg.920.site.3, 4, 151, 155
411483.3.peg.920.site.4, 136, 149, 285
411483.3.peg.920.site.5, 3, 154, 157
411483.3.peg.920.site.6, 1, 153, 154
411483.3.peg.920.site.7, 10, 151, 161
411483.3.peg.920.site.8, 9, 153, 162
411483.3.peg.920.site.9, 6, 153, 159
411483.3.peg.920.site.10, 0, 153, 153
411483.3.peg.920.site.11, 2, 155, 157
411483.3.peg.920.site.12, 3, 155, 158
411483.3.peg.920.site.13, 2, 151, 153
411483.3.peg.920.site.14, 3, 153, 156
411483.3.peg.920.site.15, 4, 149, 153
411483.3.peg.920.site.16, 0, 150, 150
411483.3.peg.920.site.17, 1, 153, 154
411483.3.peg.920.site.18, 1, 154, 155
411483.3.peg.920.site.19, 0, 152, 152
411483.3.peg.920.site.20, 1, 155, 156
411483.3.peg.920.site.21, 1, 154, 155
411483.3.peg.920.site.22, 34, 152, 186
411483.3.peg.920.site.23, 153, 154, 307
411483.3.peg.920.site.24, 1, 154, 155
411483.3.peg.920.site.25, 24, 139, 163
411483.3.peg.920.site.26, 1, 150, 151
411483.3.peg.920.site.27, 0, 150, 150
411483.3.peg.920.site.28, 2, 153, 155
411483.3.peg.920.site.29, 51, 146, 197
411483.3.peg.920.site.30, 3, 152, 155
411483.3.peg.920.site.31, 29, 143, 172
411483.3.peg.920.site.32, 9, 149, 158
411483.3.peg.920.site.33, 2, 152, 154
411483.3.peg.920.site.34, 1, 150, 151
411483.3.peg.920.site.35, 6, 147, 153
411483.3.peg.920.site.36, 1, 149, 150
411483.3.peg.920.site.37, 6, 151, 157
411483.3.peg.920.site.38, 4, 155, 159
411483.3.peg.920.site.39, 1, 151, 152
411483.3.peg.920.site.40, 4, 152, 156
411483.3.peg.920.site.41, 2, 153, 155
411483.3.peg.920.site.42, 2, 149, 151
411483.3.peg.920.site.43, 1, 150, 151
411483.3.peg.920.site.44, 0, 149, 149
411483.3.peg.920.site.45, 1, 145, 146
411483.3.peg.920.site.46, 3, 149, 152
411483.3.peg.920.site.47, 3, 150, 153
411483.3.peg.920.site.48, 7, 149, 156
411483.3.peg.920.site.49, 0, 150, 150
411483.3.peg.920.site.50, 0, 152, 152
411483.3.peg.920.site.51, 0, 152, 152
411483.3.peg.920.site.52, 8, 149, 157
411483.3.peg.920.site.53, 0, 150, 150
411483.3.peg.920.site.54, 52, 145, 197
411483.3.peg.920.site.55, 3, 150, 153
411483.3.peg.920.site.56, 2, 151, 153
411483.3.peg.920.site.57, 2, 151, 153
411483.3.peg.920.site.58, 15, 149, 164
411483.3.peg.920.site.59, 1, 153, 154
411483.3.peg.920.site.60, 6, 152, 158
411483.3.peg.920.site.61, 14, 149, 163
411483.3.peg.920.site.62, 7, 151, 158
411483.3.peg.920.site.63, 0, 153, 153
411483.3.peg.920.site.64, 0, 153, 153
411483.3.peg.920.site.65, 1, 153, 154
411483.3.peg.920.site.66, 1, 148, 149
411483.3.peg.920.site.67, 43, 150, 193
411483.3.peg.920.site.68, 3, 155, 158
411483.3.peg.920.site.69, 0, 153, 153
411483.3.peg.920.site.70, 59, 144, 203
411483.3.peg.920.site.71, 9, 150, 159
411483.3.peg.920.site.72, 2, 153, 155
411483.3.peg.920.site.73, 18, 147, 165
411483.3.peg.920.site.74, 2, 146, 148
411483.3.peg.920.site.75, 62, 129, 191
411483.3.peg.920.site.76, 68, 134, 202
411483.3.peg.920.site.77, 6, 142, 148
411483.3.peg.920.site.78, 0, 144, 144
411483.3.peg.920.site.79, 5, 142, 147
411483.3.peg.920.site.80, 2, 145, 147
411483.3.peg.920.site.81, 2, 147, 149
411483.3.peg.920.site.82, 5, 143, 148
411483.3.peg.920.site.83, 1, 144, 145
411483.3.peg.920.site.84, 3, 148, 151
411483.3.peg.920.site.85, 1, 150, 151
411483.3.peg.920.site.86, 8, 149, 157
411483.3.peg.920.site.87, 1, 149, 150
411483.3.peg.920.site.88, 12, 147, 159
411483.3.peg.920.site.89, 115, 146, 261
411483.3.peg.920.site.90, 75, 146, 221
411483.3.peg.920.site.91, 2, 151, 153
411483.3.peg.920.site.92, 1, 152, 153
411483.3.peg.920.site.93, 0, 153, 153
411483.3.peg.920.site.94, 4, 152, 156
411483.3.peg.920.site.95, 2, 154, 156
411483.3.peg.920.site.96, 1, 153, 154
411483.3.peg.920.site.97, 1, 152, 153
411483.3.peg.920.site.98, 4, 153, 157
411483.3.peg.920.site.99, 2, 152, 154
411483.3.peg.920.site.100, 0, 145, 145
411483.3.peg.920.site.101, 1, 154, 155
411483.3.peg.920.site.102, 6, 151, 157
411483.3.peg.920.site.103, 2, 153, 155
411483.3.peg.920.site.104, 1, 153, 154
411483.3.peg.920.site.105, 5, 153, 158
411483.3.peg.920.site.106, 19, 149, 168
411483.3.peg.920.site.107, 7, 151, 158
411483.3.peg.920.site.108, 5, 154, 159
411483.3.peg.920.site.109, 153, 153, 306
411483.3.peg.920.site.110, 7, 154, 161
411483.3.peg.920.site.111, 7, 150, 157
411483.3.peg.920.site.112, 2, 153, 155
411483.3.peg.920.site.113, 3, 153, 156
411483.3.peg.920.site.114, 1, 150, 151
411483.3.peg.920.site.115, 2, 150, 152
411483.3.peg.920.site.116, 1, 154, 155
411483.3.peg.920.site.117, 3, 154, 157
411483.3.peg.920.site.118, 2, 151, 153
411483.3.peg.920.site.119, 46, 141, 187
411483.3.peg.920.site.120, 46, 142, 188
411483.3.peg.920.site.121, 3, 153, 156
411483.3.peg.920.site.122, 2, 152, 154
411483.3.peg.920.site.123, 2, 150, 152
411483.3.peg.920.site.124, 2, 150, 152
411483.3.peg.920.site.125, 3, 142, 145
411483.3.peg.920.site.126, 3, 141, 144
411483.3.peg.920.site.127, 1, 133, 134
411483.3.peg.920.site.128, 15, 118, 133
411483.3.peg.920.site.129, 13, 112, 125
411483.3.peg.920.site.130, 2, 93, 95
411483.3.peg.920.site.131, 0, 81, 81
411483.3.peg.920.site.132, 46, 62, 108
411483.3.peg.920.site.133, 7, 59, 66
411483.3.peg.920.site.134, 1, 61, 62
411483.3.peg.920.site.135, 73, 86, 159
411483.3.peg.920.site.136, 2, 97, 99
411483.3.peg.920.site.137, 4, 118, 122
411483.3.peg.920.site.138, 32, 135, 167
411483.3.peg.920.site.139, 2, 148, 150
411483.3.peg.920.site.140, 10, 143, 153
411483.3.peg.920.site.141, 2, 150, 152
411483.3.peg.920.site.142, 2, 153, 155
411483.3.peg.920.site.143, 3, 152, 155
411483.3.peg.920.site.144, 2, 154, 156
411483.3.peg.920.site.145, 1, 153, 154
411483.3.peg.920.site.146, 0, 151, 151
411483.3.peg.920.site.147, 3, 155, 158
411483.3.peg.920.site.148, 1, 155, 156
411483.3.peg.920.site.149, 14, 149, 163
411483.3.peg.920.site.150, 3, 153, 156
411483.3.peg.920.site.151, 7, 154, 161
411483.3.peg.920.site.152, 3, 153, 156
411483.3.peg.920.site.153, 101, 146, 247
411483.3.peg.920.site.154, 2, 154, 156
411483.3.peg.920.site.155, 2, 155, 157
411483.3.peg.920.site.156, 1, 155, 156
411483.3.peg.920.site.157, 27, 139, 166
411483.3.peg.920.site.158, 2, 153, 155
411483.3.peg.920.site.159, 0, 150, 150
411483.3.peg.920.site.160, 2, 148, 150
411483.3.peg.920.site.161, 138, 148, 286
411483.3.peg.920.site.162, 0, 152, 152
411483.3.peg.920.site.163, 2, 154, 156
411483.3.peg.920.site.164, 155, 155, 310
411483.3.peg.920.site.165, 16, 154, 170
411483.3.peg.920.site.166, 3, 149, 152
411483.3.peg.920.site.167, 0, 151, 151
411483.3.peg.920.site.168, 53, 146, 199
411483.3.peg.920.site.169, 2, 152, 154
411483.3.peg.920.site.170, 5, 152, 157
411483.3.peg.920.site.171, 1, 153, 154
411483.3.peg.920.site.172, 1, 152, 153
411483.3.peg.920.site.173, 7, 154, 161
411483.3.peg.920.site.174, 5, 153, 158
411483.3.peg.920.site.175, 82, 142, 224
411483.3.peg.920.site.176, 31, 143, 174
411483.3.peg.920.site.177, 10, 151, 161
411483.3.peg.920.site.178, 1, 153, 154
411483.3.peg.920.site.179, 1, 151, 152
411483.3.peg.920.site.180, 1, 153, 154
411483.3.peg.920.site.181, 1, 153, 154
411483.3.peg.920.site.182, 2, 155, 157
411483.3.peg.920.site.183, 3, 154, 157
411483.3.peg.920.site.184, 0, 154, 154
411483.3.peg.920.site.185, 0, 152, 152
411483.3.peg.920.site.186, 0, 154, 154
411483.3.peg.920.site.187, 5, 154, 159
411483.3.peg.920.site.188, 3, 155, 158
411483.3.peg.920.site.189, 1, 155, 156
411483.3.peg.920.site.190, 3, 155, 158
411483.3.peg.920.site.191, 1, 153, 154
411483.3.peg.920.site.192, 2, 149, 151
411483.3.peg.920.site.193, 1, 148, 149
411483.3.peg.920.site.194, 0, 152, 152
411483.3.peg.920.site.195, 3, 151, 154
411483.3.peg.920.site.196, 0, 153, 153
411483.3.peg.920.site.197, 7, 150, 157
411483.3.peg.920.site.198, 0, 155, 155
411483.3.peg.920.site.199, 0, 154, 154
411483.3.peg.920.site.200, 11, 150, 161
411483.3.peg.920.site.201, 8, 152, 160
411483.3.peg.920.site.202, 2, 154, 156
411483.3.peg.920.site.203, 0, 154, 154
411483.3.peg.920.site.204, 2, 154, 156
411483.3.peg.920.site.205, 0, 154, 154
411483.3.peg.920.site.206, 3, 155, 158
411483.3.peg.920.site.207, 8, 152, 160
411483.3.peg.920.site.208, 37, 146, 183
411483.3.peg.920.site.209, 3, 152, 155
411483.3.peg.920.site.210, 3, 152, 155
411483.3.peg.920.site.211, 3, 152, 155
411483.3.peg.920.site.212, 1, 151, 152
411483.3.peg.920.site.213, 1, 152, 153
411483.3.peg.920.site.214, 11, 149, 160
411483.3.peg.920.site.215, 24, 143, 167
411483.3.peg.920.site.216, 13, 144, 157
411483.3.peg.920.site.217, 1, 148, 149
411483.3.peg.920.site.218, 7, 152, 159
411483.3.peg.920.site.219, 3, 150, 153
411483.3.peg.920.site.220, 3, 146, 149
411483.3.peg.920.site.221, 144, 151, 295
411483.3.peg.920.site.222, 34, 148, 182
411483.3.peg.699.site.1, 1, 154, 155
411483.3.peg.699.site.2, 14, 133, 147
411483.3.peg.699.site.3, 4, 122, 126
411483.3.peg.699.site.4, 3, 134, 137
411483.3.peg.699.site.5, 13, 132, 145
411483.3.peg.699.site.6, 6, 149, 155
411483.3.peg.699.site.7, 14, 150, 164
411483.3.peg.699.site.8, 6, 150, 156
411483.3.peg.699.site.9, 2, 152, 154
411483.3.peg.699.site.10, 96, 147, 243
411483.3.peg.699.site.11, 2, 155, 157
411483.3.peg.699.site.12, 50, 144, 194
411483.3.peg.699.site.13, 3, 154, 157
411483.3.peg.699.site.14, 0, 155, 155
411483.3.peg.699.site.15, 5, 153, 158
411483.3.peg.699.site.16, 1, 155, 156
411483.3.peg.699.site.17, 1, 154, 155
411483.3.peg.699.site.18, 1, 155, 156
411483.3.peg.699.site.19, 6, 154, 160
411483.3.peg.699.site.20, 0, 153, 153
411483.3.peg.699.site.21, 3, 152, 155
411483.3.peg.699.site.22, 13, 154, 167
411483.3.peg.699.site.23, 89, 143, 232
411483.3.peg.699.site.24, 108, 146, 254
411483.3.peg.699.site.25, 124, 147, 271
411483.3.peg.699.site.26, 1, 154, 155
411483.3.peg.699.site.27, 4, 154, 158
411483.3.peg.699.site.28, 3, 152, 155
411483.3.peg.699.site.29, 8, 155, 163
411483.3.peg.699.site.30, 1, 153, 154
411483.3.peg.699.site.31, 126, 143, 269
411483.3.peg.699.site.32, 3, 152, 155
411483.3.peg.699.site.33, 1, 154, 155
411483.3.peg.699.site.34, 1, 154, 155
411483.3.peg.699.site.35, 18, 152, 170
411483.3.peg.699.site.36, 5, 150, 155
411483.3.peg.699.site.37, 1, 153, 154
411483.3.peg.699.site.38, 13, 149, 162
411483.3.peg.699.site.39, 5, 146, 151
411483.3.peg.699.site.40, 0, 152, 152
411483.3.peg.699.site.41, 1, 153, 154
411483.3.peg.699.site.42, 0, 153, 153
411483.3.peg.699.site.43, 1, 155, 156
411483.3.peg.699.site.44, 1, 153, 154
411483.3.peg.699.site.45, 129, 148, 277
411483.3.peg.699.site.46, 1, 154, 155
411483.3.peg.699.site.47, 4, 153, 157
411483.3.peg.699.site.48, 8, 152, 160
411483.3.peg.699.site.49, 0, 155, 155
411483.3.peg.699.site.50, 0, 128, 128
411483.3.peg.699.site.51, 0, 149, 149
411483.3.peg.699.site.52, 0, 152, 152
411483.3.peg.699.site.53, 0, 149, 149
411483.3.peg.699.site.54, 1, 154, 155
411483.3.peg.699.site.55, 1, 152, 153
411483.3.peg.699.site.56, 32, 133, 165
411483.3.peg.699.site.57, 6, 143, 149
411483.3.peg.699.site.58, 0, 119, 119
411483.3.peg.699.site.59, 0, 138, 138
411483.3.peg.699.site.60, 0, 149, 149
411483.3.peg.699.site.61, 2, 148, 150
411483.3.peg.699.site.62, 2, 136, 138
411483.3.peg.699.site.63, 0, 151, 151
411483.3.peg.699.site.64, 3, 150, 153
411483.3.peg.699.site.65, 1, 153, 154
411483.3.peg.699.site.66, 1, 155, 156
411483.3.peg.699.site.67, 0, 154, 154
411483.3.peg.699.site.68, 2, 155, 157
411483.3.peg.698.site.1, 1, 153, 154
411483.3.peg.698.site.2, 1, 152, 153
411483.3.peg.698.site.3, 45, 144, 189
411483.3.peg.929.site.1, 5, 144, 149
411483.3.peg.929.site.2, 7, 147, 154
411483.3.peg.929.site.3, 6, 151, 157
411483.3.peg.929.site.4, 8, 150, 158
411483.3.peg.929.site.5, 50, 139, 189
411483.3.peg.929.site.6, 2, 152, 154
411483.3.peg.929.site.7, 1, 154, 155
411483.3.peg.929.site.8, 5, 149, 154
411483.3.peg.929.site.9, 2, 150, 152
411483.3.peg.929.site.10, 1, 151, 152
411483.3.peg.929.site.11, 3, 152, 155
411483.3.peg.929.site.12, 6, 151, 157
411483.3.peg.929.site.13, 1, 152, 153
411483.3.peg.929.site.14, 4, 152, 156
411483.3.peg.929.site.15, 5, 152, 157
411483.3.peg.929.site.16, 19, 150, 169
411483.3.peg.929.site.17, 5, 151, 156
411483.3.peg.929.site.18, 12, 147, 159
411483.3.peg.929.site.19, 139, 146, 285
411483.3.peg.929.site.20, 12, 145, 157
411483.3.peg.929.site.21, 122, 137, 259
411483.3.peg.929.site.22, 23, 135, 158
411483.3.peg.929.site.23, 2, 140, 142
411483.3.peg.929.site.24, 5, 142, 147
411483.3.peg.929.site.25, 8, 118, 126
411483.3.peg.929.site.26, 0, 129, 129
411483.3.peg.929.site.27, 2, 126, 128
411483.3.peg.929.site.28, 2, 140, 142
411483.3.peg.929.site.29, 2, 153, 155
411483.3.peg.929.site.30, 4, 148, 152
411483.3.peg.929.site.31, 0, 150, 150
411483.3.peg.929.site.32, 23, 143, 166
411483.3.peg.929.site.33, 3, 152, 155
411483.3.peg.929.site.34, 7, 153, 160
411483.3.peg.929.site.35, 1, 153, 154
411483.3.peg.929.site.36, 4, 153, 157
411483.3.peg.929.site.37, 5, 147, 152
411483.3.peg.929.site.38, 2, 152, 154
411483.3.peg.929.site.39, 2, 153, 155
411483.3.peg.929.site.40, 1, 153, 154
411483.3.peg.929.site.41, 0, 152, 152
411483.3.peg.929.site.42, 4, 147, 151
411483.3.peg.928.site.1, 0, 98, 98
411483.3.peg.928.site.2, 0, 96, 96
411483.3.peg.928.site.3, 15, 98, 113
411483.3.peg.928.site.4, 9, 105, 114
411483.3.peg.928.site.5, 7, 113, 120
411483.3.peg.928.site.6, 1, 116, 117
411483.3.peg.928.site.7, 1, 120, 121
411483.3.peg.928.site.8, 1, 122, 123
411483.3.peg.928.site.9, 20, 114, 134
411483.3.peg.928.site.10, 3, 116, 119
411483.3.peg.928.site.11, 1, 118, 119
411483.3.peg.928.site.12, 3, 98, 101
411483.3.peg.928.site.13, 9, 85, 94
411483.3.peg.928.site.14, 48, 76, 124
411483.3.peg.928.site.15, 3, 88, 91
411483.3.peg.928.site.16, 11, 90, 101
411483.3.peg.928.site.17, 12, 101, 113
411483.3.peg.928.site.18, 58, 100, 158
411483.3.peg.928.site.19, 3, 108, 111
411483.3.peg.928.site.20, 1, 124, 125
411483.3.peg.928.site.21, 1, 121, 122
411483.3.peg.928.site.22, 0, 124, 124
411483.3.peg.928.site.23, 16, 117, 133
411483.3.peg.928.site.24, 0, 124, 124
411483.3.peg.928.site.25, 0, 122, 122
411483.3.peg.928.site.26, 11, 119, 130
411483.3.peg.928.site.27, 4, 125, 129
411483.3.peg.928.site.28, 10, 112, 122
411483.3.peg.928.site.29, 1, 108, 109
411483.3.peg.928.site.30, 1, 115, 116
411483.3.peg.928.site.31, 4, 117, 121
411483.3.peg.928.site.32, 0, 124, 124
411483.3.peg.928.site.33, 17, 125, 142
411483.3.peg.928.site.34, 10, 121, 131
411483.3.peg.928.site.35, 17, 103, 120
411483.3.peg.928.site.36, 39, 114, 153
411483.3.peg.928.site.37, 18, 112, 130
411483.3.peg.928.site.38, 2, 116, 118
411483.3.peg.928.site.39, 1, 116, 117
411483.3.peg.928.site.40, 14, 114, 128
411483.3.peg.928.site.41, 0, 119, 119
411483.3.peg.928.site.42, 116, 129, 245
411483.3.peg.928.site.43, 1, 138, 139
411483.3.peg.928.site.44, 3, 137, 140
411483.3.peg.928.site.45, 3, 137, 140
411483.3.peg.928.site.46, 4, 135, 139
411483.3.peg.928.site.47, 16, 127, 143
411483.3.peg.928.site.48, 0, 124, 124
411483.3.peg.928.site.49, 1, 124, 125
411483.3.peg.928.site.50, 106, 106, 212
411483.3.peg.928.site.51, 0, 97, 97
411483.3.peg.928.site.52, 37, 82, 119
411483.3.peg.928.site.53, 5, 77, 82
411483.3.peg.928.site.54, 2, 92, 94
411483.3.peg.928.site.55, 1, 91, 92
411483.3.peg.928.site.56, 9, 88, 97
411483.3.peg.928.site.57, 23, 92, 115
411483.3.peg.928.site.58, 7, 98, 105
411483.3.peg.928.site.59, 2, 109, 111
411483.3.peg.928.site.60, 85, 109, 194
411483.3.peg.928.site.61, 1, 120, 121
411483.3.peg.928.site.62, 14, 108, 122
411483.3.peg.928.site.63, 1, 111, 112
411483.3.peg.928.site.64, 1, 123, 124
411483.3.peg.928.site.65, 20, 130, 150
411483.3.peg.928.site.66, 12, 133, 145
411483.3.peg.928.site.67, 30, 132, 162
411483.3.peg.928.site.68, 5, 135, 140
411483.3.peg.928.site.69, 11, 133, 144
411483.3.peg.928.site.70, 57, 136, 193
411483.3.peg.928.site.71, 3, 143, 146
411483.3.peg.928.site.72, 1, 147, 148
411483.3.peg.928.site.73, 9, 141, 150
411483.3.peg.928.site.74, 5, 134, 139
411483.3.peg.928.site.75, 2, 133, 135
411483.3.peg.928.site.76, 5, 129, 134
411483.3.peg.1738.site.1, 4, 149, 153
411483.3.peg.1738.site.2, 2, 152, 154
411483.3.peg.1738.site.3, 1, 150, 151
411483.3.peg.1738.site.4, 7, 146, 153
411483.3.peg.1738.site.5, 3, 145, 148
411483.3.peg.1738.site.6, 2, 113, 115
411483.3.peg.1738.site.7, 1, 102, 103
411483.3.peg.1738.site.8, 3, 84, 87
411483.3.peg.1739.site.1, 5, 71, 76
411483.3.peg.1739.site.2, 5, 72, 77
411483.3.peg.1739.site.3, 10, 81, 91
411483.3.peg.1739.site.4, 46, 77, 123
411483.3.peg.1739.site.5, 23, 87, 110
411483.3.peg.1739.site.6, 2, 95, 97
411483.3.peg.1739.site.7, 8, 97, 105
411483.3.peg.1739.site.8, 0, 131, 131
411483.3.peg.1739.site.9, 28, 132, 160
411483.3.peg.1739.site.10, 6, 144, 150
411483.3.peg.1739.site.11, 41, 139, 180
411483.3.peg.1739.site.12, 117, 138, 255
411483.3.peg.1739.site.13, 40, 138, 178
411483.3.peg.1739.site.14, 2, 151, 153
411483.3.peg.1739.site.15, 5, 151, 156
411483.3.peg.1739.site.16, 1, 150, 151
411483.3.peg.1739.site.17, 1, 144, 145
411483.3.peg.1739.site.18, 10, 147, 157
411483.3.peg.1739.site.19, 7, 145, 152
411483.3.peg.1739.site.20, 28, 133, 161
411483.3.peg.1739.site.21, 56, 131, 187
411483.3.peg.1739.site.22, 1, 141, 142
411483.3.peg.1739.site.23, 4, 136, 140
411483.3.peg.1739.site.24, 1, 135, 136
411483.3.peg.1739.site.25, 0, 143, 143
411483.3.peg.1739.site.26, 5, 142, 147
411483.3.peg.1739.site.27, 37, 142, 179
411483.3.peg.1739.site.28, 1, 146, 147
411483.3.peg.1739.site.29, 5, 145, 150
411483.3.peg.101.site.1, 7, 155, 162
411483.3.peg.101.site.2, 12, 154, 166
411483.3.peg.101.site.3, 1, 155, 156
411483.3.peg.101.site.4, 0, 154, 154
411483.3.peg.101.site.5, 43, 140, 183
411483.3.peg.101.site.6, 0, 153, 153
411483.3.peg.101.site.7, 49, 152, 201
411483.3.peg.101.site.8, 1, 155, 156
411483.3.peg.101.site.9, 44, 149, 193
411483.3.peg.101.site.10, 2, 153, 155
411483.3.peg.101.site.11, 1, 151, 152
411483.3.peg.101.site.12, 70, 144, 214
411483.3.peg.101.site.13, 65, 143, 208
411483.3.peg.101.site.14, 0, 154, 154
411483.3.peg.101.site.15, 2, 154, 156
411483.3.peg.101.site.16, 0, 154, 154
411483.3.peg.101.site.17, 6, 155, 161
411483.3.peg.101.site.18, 0, 152, 152
411483.3.peg.101.site.19, 0, 151, 151
411483.3.peg.101.site.20, 12, 152, 164
411483.3.peg.101.site.21, 0, 151, 151
411483.3.peg.101.site.22, 8, 145, 153
411483.3.peg.101.site.23, 2, 147, 149
411483.3.peg.101.site.24, 17, 143, 160
411483.3.peg.101.site.25, 4, 144, 148
411483.3.peg.101.site.26, 5, 147, 152
411483.3.peg.101.site.27, 1, 151, 152
411483.3.peg.101.site.28, 10, 147, 157
411483.3.peg.101.site.29, 9, 146, 155
411483.3.peg.101.site.30, 1, 149, 150
411483.3.peg.101.site.31, 4, 146, 150
411483.3.peg.101.site.32, 30, 141, 171
411483.3.peg.101.site.33, 3, 138, 141
411483.3.peg.101.site.34, 2, 132, 134
411483.3.peg.101.site.35, 1, 124, 125
411483.3.peg.101.site.36, 1, 118, 119
411483.3.peg.101.site.37, 77, 115, 192
411483.3.peg.101.site.38, 69, 81, 150
411483.3.peg.101.site.39, 34, 88, 122
411483.3.peg.101.site.40, 106, 112, 218
411483.3.peg.101.site.41, 4, 112, 116
411483.3.peg.101.site.42, 0, 113, 113
411483.3.peg.101.site.43, 2, 126, 128
411483.3.peg.101.site.44, 0, 134, 134
411483.3.peg.101.site.45, 12, 141, 153
411483.3.peg.101.site.46, 23, 139, 162
411483.3.peg.101.site.47, 0, 146, 146
411483.3.peg.101.site.48, 2, 148, 150
411483.3.peg.101.site.49, 1, 146, 147
411483.3.peg.101.site.50, 1, 136, 137
411483.3.peg.101.site.51, 4, 143, 147
411483.3.peg.101.site.52, 4, 146, 150
411483.3.peg.101.site.53, 4, 149, 153
411483.3.peg.101.site.54, 43, 140, 183
411483.3.peg.101.site.55, 5, 148, 153
411483.3.peg.101.site.56, 3, 151, 154
411483.3.peg.101.site.57, 57, 141, 198
411483.3.peg.101.site.58, 3, 151, 154
411483.3.peg.101.site.59, 2, 152, 154
411483.3.peg.101.site.60, 8, 151, 159
411483.3.peg.101.site.61, 0, 152, 152
411483.3.peg.101.site.62, 49, 135, 184
411483.3.peg.101.site.63, 12, 146, 158
411483.3.peg.101.site.64, 6, 148, 154
411483.3.peg.101.site.65, 6, 148, 154
411483.3.peg.101.site.66, 1, 150, 151
411483.3.peg.101.site.67, 4, 148, 152
411483.3.peg.101.site.68, 1, 149, 150
411483.3.peg.101.site.69, 1, 152, 153
411483.3.peg.101.site.70, 2, 149, 151
411483.3.peg.101.site.71, 26, 144, 170
411483.3.peg.101.site.72, 6, 149, 155
411483.3.peg.101.site.73, 2, 148, 150
411483.3.peg.101.site.74, 31, 135, 166
411483.3.peg.101.site.75, 10, 138, 148
411483.3.peg.101.site.76, 3, 140, 143
411483.3.peg.101.site.77, 13, 139, 152
411483.3.peg.101.site.78, 9, 131, 140
411483.3.peg.101.site.79, 4, 135, 139
411483.3.peg.101.site.80, 6, 126, 132
411483.3.peg.101.site.81, 3, 137, 140
411483.3.peg.101.site.82, 0, 133, 133
411483.3.peg.101.site.83, 2, 138, 140
411483.3.peg.101.site.84, 0, 137, 137
411483.3.peg.101.site.85, 30, 140, 170
411483.3.peg.101.site.86, 4, 151, 155
411483.3.peg.101.site.87, 27, 145, 172
411483.3.peg.101.site.88, 5, 154, 159
411483.3.peg.101.site.89, 2, 154, 156
411483.3.peg.101.site.90, 4, 153, 157
411483.3.peg.101.site.91, 49, 143, 192
411483.3.peg.100.site.1, 1, 155, 156
411483.3.peg.100.site.2, 1, 155, 156
411483.3.peg.100.site.3, 0, 154, 154
411483.3.peg.100.site.4, 2, 153, 155
411483.3.peg.100.site.5, 3, 154, 157
411483.3.peg.100.site.6, 7, 150, 157
411483.3.peg.100.site.7, 2, 154, 156
411483.3.peg.100.site.8, 2, 154, 156
411483.3.peg.100.site.9, 10, 152, 162
411483.3.peg.100.site.10, 2, 152, 154
411483.3.peg.100.site.11, 3, 138, 141
411483.3.peg.100.site.12, 4, 134, 138
411483.3.peg.100.site.13, 1, 134, 135
411483.3.peg.100.site.14, 1, 125, 126
411483.3.peg.100.site.15, 0, 127, 127
411483.3.peg.100.site.16, 2, 126, 128
411483.3.peg.100.site.17, 1, 128, 129
411483.3.peg.100.site.18, 11, 130, 141
411483.3.peg.100.site.19, 11, 117, 128
411483.3.peg.100.site.20, 119, 133, 252
411483.3.peg.100.site.21, 3, 136, 139
411483.3.peg.100.site.22, 2, 149, 151
411483.3.peg.100.site.23, 4, 150, 154
411483.3.peg.100.site.24, 4, 147, 151
411483.3.peg.100.site.25, 5, 149, 154
411483.3.peg.100.site.26, 6, 141, 147
411483.3.peg.100.site.27, 12, 140, 152
411483.3.peg.100.site.28, 5, 139, 144
411483.3.peg.100.site.29, 3, 148, 151
411483.3.peg.100.site.30, 13, 142, 155
411483.3.peg.100.site.31, 0, 145, 145
411483.3.peg.100.site.32, 1, 148, 149
411483.3.peg.100.site.33, 2, 149, 151
411483.3.peg.100.site.34, 0, 150, 150
411483.3.peg.100.site.35, 6, 147, 153
411483.3.peg.100.site.36, 5, 150, 155
411483.3.peg.100.site.37, 26, 143, 169
411483.3.peg.100.site.38, 5, 150, 155
411483.3.peg.100.site.39, 7, 152, 159
411483.3.peg.100.site.40, 0, 153, 153
411483.3.peg.100.site.41, 0, 152, 152
411483.3.peg.100.site.42, 2, 144, 146
411483.3.peg.100.site.43, 7, 148, 155
411483.3.peg.100.site.44, 5, 146, 151
411483.3.peg.100.site.45, 0, 152, 152
411483.3.peg.100.site.46, 4, 149, 153
411483.3.peg.100.site.47, 5, 149, 154
411483.3.peg.100.site.48, 1, 153, 154
411483.3.peg.100.site.49, 1, 150, 151
411483.3.peg.100.site.50, 1, 153, 154
411483.3.peg.100.site.51, 3, 151, 154
411483.3.peg.100.site.52, 2, 152, 154
411483.3.peg.100.site.53, 1, 154, 155
411483.3.peg.100.site.54, 2, 153, 155
411483.3.peg.100.site.55, 0, 153, 153
411483.3.peg.100.site.56, 4, 150, 154
411483.3.peg.100.site.57, 1, 151, 152
411483.3.peg.100.site.58, 2, 149, 151
411483.3.peg.100.site.59, 2, 150, 152
411483.3.peg.100.site.60, 1, 154, 155
411483.3.peg.100.site.61, 5, 154, 159
411483.3.peg.100.site.62, 3, 151, 154
411483.3.peg.100.site.63, 3, 152, 155
411483.3.peg.100.site.64, 4, 154, 158
411483.3.peg.100.site.65, 19, 149, 168
411483.3.peg.100.site.66, 2, 153, 155
411483.3.peg.100.site.67, 2, 150, 152
411483.3.peg.100.site.68, 11, 147, 158
411483.3.peg.100.site.69, 1, 154, 155
411483.3.peg.100.site.70, 4, 154, 158
411483.3.peg.100.site.71, 4, 154, 158
411483.3.peg.100.site.72, 2, 153, 155
411483.3.peg.100.site.73, 3, 153, 156
411483.3.peg.100.site.74, 2, 155, 157
411483.3.peg.100.site.75, 2, 155, 157
411483.3.peg.100.site.76, 11, 154, 165
411483.3.peg.100.site.77, 45, 150, 195
411483.3.peg.103.site.1, 1, 77, 78
411483.3.peg.103.site.2, 6, 77, 83
411483.3.peg.103.site.3, 1, 97, 98
411483.3.peg.103.site.4, 22, 125, 147
411483.3.peg.103.site.5, 1, 138, 139
411483.3.peg.103.site.6, 3, 152, 155
411483.3.peg.103.site.7, 3, 148, 151
411483.3.peg.103.site.8, 1, 154, 155
411483.3.peg.103.site.9, 3, 153, 156
411483.3.peg.103.site.10, 7, 151, 158
411483.3.peg.103.site.11, 2, 154, 156
411483.3.peg.103.site.12, 3, 151, 154
411483.3.peg.103.site.13, 151, 151, 302
411483.3.peg.103.site.14, 3, 152, 155
411483.3.peg.103.site.15, 4, 152, 156
411483.3.peg.103.site.16, 1, 153, 154
411483.3.peg.103.site.17, 8, 148, 156
411483.3.peg.103.site.18, 71, 144, 215
411483.3.peg.103.site.19, 10, 149, 159
411483.3.peg.103.site.20, 64, 143, 207
411483.3.peg.103.site.21, 54, 141, 195
411483.3.peg.103.site.22, 1, 151, 152
411483.3.peg.103.site.23, 8, 149, 157
411483.3.peg.103.site.24, 4, 149, 153
411483.3.peg.103.site.25, 1, 148, 149
411483.3.peg.103.site.26, 2, 147, 149
411483.3.peg.103.site.27, 0, 147, 147
411483.3.peg.103.site.28, 22, 144, 166
411483.3.peg.103.site.29, 1, 147, 148
411483.3.peg.103.site.30, 4, 145, 149
411483.3.peg.103.site.31, 3, 149, 152
411483.3.peg.103.site.32, 0, 144, 144
411483.3.peg.103.site.33, 11, 150, 161
411483.3.peg.103.site.34, 2, 151, 153
411483.3.peg.103.site.35, 3, 153, 156
411483.3.peg.103.site.36, 4, 149, 153
411483.3.peg.103.site.37, 3, 152, 155
411483.3.peg.103.site.38, 2, 147, 149
411483.3.peg.103.site.39, 1, 148, 149
411483.3.peg.103.site.40, 2, 151, 153
411483.3.peg.103.site.41, 2, 150, 152
411483.3.peg.103.site.42, 2, 149, 151
411483.3.peg.103.site.43, 3, 152, 155
411483.3.peg.103.site.44, 4, 152, 156
411483.3.peg.103.site.45, 2, 153, 155
411483.3.peg.103.site.46, 2, 153, 155
411483.3.peg.1730.site.1, 20, 152, 172
411483.3.peg.1730.site.2, 14, 153, 167
411483.3.peg.1730.site.3, 28, 151, 179
411483.3.peg.1730.site.4, 11, 149, 160
411483.3.peg.1730.site.5, 4, 153, 157
411483.3.peg.1730.site.6, 4, 151, 155
411483.3.peg.1730.site.7, 1, 155, 156
411483.3.peg.1731.site.1, 0, 153, 153
411483.3.peg.1731.site.2, 0, 154, 154
411483.3.peg.1731.site.3, 5, 151, 156
411483.3.peg.1732.site.1, 6, 153, 159
411483.3.peg.1732.site.2, 6, 151, 157
411483.3.peg.1732.site.3, 0, 145, 145
411483.3.peg.1732.site.4, 5, 148, 153
411483.3.peg.1732.site.5, 2, 154, 156
411483.3.peg.1732.site.6, 1, 154, 155
411483.3.peg.1732.site.7, 1, 153, 154
411483.3.peg.1732.site.8, 3, 154, 157
411483.3.peg.1732.site.9, 4, 154, 158
411483.3.peg.1732.site.10, 11, 150, 161
411483.3.peg.1732.site.11, 0, 150, 150
411483.3.peg.1732.site.12, 2, 149, 151
411483.3.peg.1732.site.13, 71, 144, 215
411483.3.peg.1732.site.14, 0, 150, 150
411483.3.peg.1732.site.15, 18, 143, 161
411483.3.peg.1732.site.16, 12, 149, 161
411483.3.peg.1732.site.17, 14, 152, 166
411483.3.peg.1733.site.1, 2, 152, 154
411483.3.peg.1733.site.2, 0, 152, 152
411483.3.peg.1733.site.3, 64, 143, 207
411483.3.peg.1733.site.4, 7, 154, 161
411483.3.peg.1733.site.5, 1, 153, 154
411483.3.peg.1733.site.6, 3, 150, 153
411483.3.peg.1733.site.7, 1, 151, 152
411483.3.peg.1733.site.8, 4, 152, 156
411483.3.peg.1734.site.1, 1, 154, 155
411483.3.peg.1734.site.2, 5, 151, 156
411483.3.peg.1734.site.3, 20, 149, 169
411483.3.peg.1734.site.4, 50, 145, 195
411483.3.peg.1734.site.5, 19, 150, 169
411483.3.peg.1734.site.6, 4, 154, 158
411483.3.peg.1734.site.7, 24, 152, 176
411483.3.peg.1734.site.8, 21, 151, 172
411483.3.peg.1734.site.9, 52, 146, 198
411483.3.peg.1734.site.10, 1, 154, 155
411483.3.peg.1734.site.11, 15, 152, 167
411483.3.peg.1734.site.12, 17, 152, 169
411483.3.peg.1734.site.13, 29, 146, 175
411483.3.peg.1734.site.14, 4, 153, 157
411483.3.peg.1734.site.15, 3, 151, 154
411483.3.peg.1734.site.16, 3, 152, 155
411483.3.peg.1734.site.17, 2, 154, 156
411483.3.peg.1734.site.18, 2, 153, 155
411483.3.peg.1734.site.19, 7, 150, 157
411483.3.peg.1734.site.20, 6, 152, 158
411483.3.peg.1734.site.21, 1, 153, 154
411483.3.peg.1734.site.22, 1, 152, 153
411483.3.peg.1734.site.23, 2, 151, 153
411483.3.peg.1734.site.24, 1, 151, 152
411483.3.peg.1734.site.25, 2, 149, 151
411483.3.peg.1734.site.26, 7, 148, 155
411483.3.peg.1734.site.27, 101, 144, 245
411483.3.peg.1734.site.28, 9, 145, 154
411483.3.peg.1734.site.29, 3, 138, 141
411483.3.peg.1734.site.30, 1, 135, 136
411483.3.peg.1734.site.31, 0, 123, 123
411483.3.peg.1734.site.32, 5, 128, 133
411483.3.peg.1734.site.33, 3, 130, 133
411483.3.peg.1734.site.34, 4, 143, 147
411483.3.peg.1735.site.1, 10, 142, 152
411483.3.peg.1735.site.2, 4, 138, 142
411483.3.peg.1735.site.3, 5, 131, 136
411483.3.peg.1735.site.4, 1, 126, 127
411483.3.peg.1735.site.5, 101, 125, 226
411483.3.peg.1735.site.6, 2, 139, 141
411483.3.peg.1735.site.7, 7, 130, 137
411483.3.peg.1735.site.8, 3, 133, 136
411483.3.peg.1735.site.9, 10, 135, 145
411483.3.peg.1735.site.10, 0, 136, 136
411483.3.peg.1735.site.11, 0, 136, 136
411483.3.peg.1735.site.12, 16, 140, 156
411483.3.peg.1735.site.13, 3, 143, 146
411483.3.peg.1735.site.14, 7, 147, 154
411483.3.peg.1735.site.15, 15, 140, 155
411483.3.peg.1735.site.16, 6, 150, 156
411483.3.peg.1735.site.17, 0, 148, 148
411483.3.peg.1735.site.18, 0, 147, 147
411483.3.peg.1735.site.19, 13, 145, 158
411483.3.peg.1735.site.20, 10, 150, 160
411483.3.peg.1735.site.21, 11, 149, 160
411483.3.peg.1735.site.22, 3, 154, 157
411483.3.peg.1735.site.23, 3, 152, 155
411483.3.peg.1735.site.24, 4, 154, 158
411483.3.peg.1735.site.25, 10, 149, 159
411483.3.peg.1735.site.26, 26, 144, 170
411483.3.peg.1735.site.27, 7, 148, 155
411483.3.peg.1735.site.28, 1, 148, 149
411483.3.peg.1735.site.29, 32, 126, 158
411483.3.peg.1735.site.30, 0, 139, 139
411483.3.peg.1735.site.31, 3, 148, 151
411483.3.peg.1735.site.32, 2, 144, 146
411483.3.peg.1735.site.33, 1, 146, 147
411483.3.peg.1735.site.34, 3, 147, 150
411483.3.peg.1735.site.35, 6, 145, 151
411483.3.peg.1735.site.36, 0, 149, 149
411483.3.peg.1735.site.37, 9, 147, 156
411483.3.peg.1735.site.38, 1, 143, 144
411483.3.peg.1735.site.39, 1, 143, 144
411483.3.peg.1735.site.40, 4, 134, 138
411483.3.peg.1735.site.41, 11, 129, 140
411483.3.peg.1735.site.42, 4, 125, 129
411483.3.peg.1735.site.43, 15, 125, 140
411483.3.peg.1735.site.44, 2, 132, 134
411483.3.peg.1735.site.45, 12, 142, 154
411483.3.peg.1735.site.46, 10, 146, 156
411483.3.peg.1735.site.47, 2, 150, 152
411483.3.peg.1735.site.48, 6, 151, 157
411483.3.peg.1735.site.49, 6, 135, 141
411483.3.peg.1735.site.50, 2, 148, 150
411483.3.peg.1735.site.51, 2, 149, 151
411483.3.peg.1735.site.52, 3, 150, 153
411483.3.peg.1735.site.53, 16, 146, 162
411483.3.peg.1735.site.54, 1, 153, 154
411483.3.peg.1735.site.55, 1, 152, 153
411483.3.peg.1735.site.56, 28, 144, 172
411483.3.peg.1735.site.57, 12, 153, 165
411483.3.peg.1735.site.58, 2, 154, 156
411483.3.peg.1735.site.59, 2, 155, 157
411483.3.peg.1735.site.60, 4, 154, 158
411483.3.peg.1735.site.61, 0, 154, 154
411483.3.peg.1735.site.62, 11, 152, 163
411483.3.peg.1735.site.63, 4, 145, 149
411483.3.peg.1735.site.64, 3, 146, 149
411483.3.peg.1735.site.65, 100, 140, 240
411483.3.peg.1735.site.66, 27, 135, 162
411483.3.peg.1735.site.67, 6, 127, 133
411483.3.peg.1735.site.68, 2, 124, 126
411483.3.peg.1735.site.69, 0, 124, 124
411483.3.peg.1735.site.70, 5, 117, 122
411483.3.peg.1735.site.71, 4, 115, 119
411483.3.peg.1735.site.72, 0, 106, 106
411483.3.peg.1735.site.73, 60, 101, 161
411483.3.peg.1735.site.74, 54, 102, 156
411483.3.peg.1735.site.75, 4, 116, 120
411483.3.peg.1735.site.76, 0, 146, 146
411483.3.peg.1735.site.77, 30, 146, 176
411483.3.peg.1736.site.1, 1, 153, 154
411483.3.peg.1736.site.2, 5, 152, 157
411483.3.peg.1736.site.3, 35, 137, 172
411483.3.peg.1736.site.4, 4, 141, 145
411483.3.peg.1736.site.5, 48, 139, 187
411483.3.peg.1736.site.6, 36, 135, 171
411483.3.peg.1736.site.7, 1, 147, 148
411483.3.peg.1736.site.8, 47, 137, 184
411483.3.peg.1736.site.9, 0, 145, 145
411483.3.peg.1736.site.10, 64, 128, 192
411483.3.peg.1736.site.11, 61, 129, 190
411483.3.peg.1736.site.12, 0, 146, 146
411483.3.peg.1736.site.13, 78, 136, 214
411483.3.peg.1736.site.14, 82, 136, 218
411483.3.peg.1736.site.15, 51, 137, 188
411483.3.peg.1736.site.16, 15, 148, 163
411483.3.peg.1736.site.17, 54, 138, 192
411483.3.peg.1736.site.18, 4, 148, 152
411483.3.peg.1736.site.19, 68, 138, 206
411483.3.peg.1736.site.20, 0, 150, 150
411483.3.peg.1736.site.21, 6, 148, 154
411483.3.peg.1736.site.22, 1, 152, 153
411483.3.peg.1736.site.23, 9, 149, 158
411483.3.peg.1736.site.24, 19, 149, 168
411483.3.peg.1736.site.25, 12, 149, 161
411483.3.peg.1736.site.26, 0, 153, 153
411483.3.peg.1736.site.27, 12, 152, 164
411483.3.peg.1736.site.28, 11, 153, 164
411483.3.peg.1736.site.29, 8, 147, 155
411483.3.peg.1736.site.30, 140, 152, 292
411483.3.peg.1736.site.31, 140, 151, 291
411483.3.peg.1736.site.32, 11, 149, 160
411483.3.peg.1736.site.33, 10, 151, 161
411483.3.peg.1736.site.34, 1, 153, 154
411483.3.peg.1736.site.35, 1, 154, 155
411483.3.peg.1736.site.36, 41, 142, 183
411483.3.peg.1736.site.37, 2, 154, 156
411483.3.peg.1736.site.38, 5, 153, 158
411483.3.peg.1736.site.39, 2, 154, 156
411483.3.peg.1736.site.40, 2, 154, 156
411483.3.peg.1736.site.41, 5, 146, 151
411483.3.peg.1736.site.42, 0, 154, 154
411483.3.peg.1736.site.43, 1, 154, 155
411483.3.peg.1736.site.44, 9, 146, 155
411483.3.peg.1736.site.45, 63, 142, 205
411483.3.peg.1736.site.46, 15, 151, 166
411483.3.peg.1736.site.47, 100, 149, 249
411483.3.peg.1736.site.48, 2, 153, 155
411483.3.peg.1736.site.49, 4, 155, 159
411483.3.peg.1736.site.50, 3, 153, 156
411483.3.peg.1736.site.51, 0, 153, 153
411483.3.peg.1736.site.52, 8, 151, 159
411483.3.peg.1736.site.53, 3, 151, 154
411483.3.peg.1736.site.54, 2, 149, 151
411483.3.peg.1736.site.55, 6, 153, 159
411483.3.peg.1736.site.56, 9, 147, 156
411483.3.peg.1736.site.57, 37, 144, 181
411483.3.peg.1736.site.58, 2, 152, 154
411483.3.peg.1736.site.59, 2, 148, 150
411483.3.peg.1736.site.60, 74, 141, 215
411483.3.peg.1736.site.61, 131, 145, 276
411483.3.peg.1736.site.62, 9, 142, 151
411483.3.peg.1736.site.63, 57, 131, 188
411483.3.peg.1736.site.64, 50, 127, 177
411483.3.peg.1736.site.65, 1, 137, 138
411483.3.peg.1736.site.66, 3, 127, 130
411483.3.peg.1736.site.67, 5, 129, 134
411483.3.peg.1736.site.68, 120, 131, 251
411483.3.peg.1736.site.69, 3, 125, 128
411483.3.peg.1736.site.70, 46, 122, 168
411483.3.peg.1736.site.71, 7, 137, 144
411483.3.peg.1736.site.72, 1, 140, 141
411483.3.peg.1736.site.73, 9, 143, 152
411483.3.peg.1736.site.74, 36, 142, 178
411483.3.peg.1736.site.75, 5, 148, 153
411483.3.peg.1736.site.76, 7, 151, 158
411483.3.peg.1736.site.77, 8, 150, 158
411483.3.peg.1736.site.78, 1, 152, 153
411483.3.peg.1736.site.79, 8, 155, 163
411483.3.peg.1736.site.80, 3, 142, 145
411483.3.peg.1736.site.81, 3, 141, 144
411483.3.peg.1736.site.82, 1, 152, 153
411483.3.peg.1736.site.83, 42, 142, 184
411483.3.peg.1736.site.84, 21, 143, 164
411483.3.peg.1736.site.85, 15, 147, 162
411483.3.peg.1736.site.86, 13, 151, 164
411483.3.peg.1736.site.87, 3, 155, 158
411483.3.peg.1736.site.88, 2, 153, 155
411483.3.peg.1736.site.89, 3, 155, 158
411483.3.peg.1736.site.90, 75, 145, 220
411483.3.peg.1736.site.91, 9, 155, 164
411483.3.peg.1736.site.92, 1, 153, 154
411483.3.peg.1736.site.93, 2, 153, 155
411483.3.peg.1736.site.94, 8, 152, 160
411483.3.peg.1736.site.95, 73, 143, 216
411483.3.peg.1736.site.96, 2, 153, 155
411483.3.peg.1736.site.97, 2, 151, 153
411483.3.peg.1736.site.98, 7, 150, 157
411483.3.peg.1736.site.99, 55, 140, 195
411483.3.peg.1736.site.100, 6, 148, 154
411483.3.peg.1736.site.101, 75, 139, 214
411483.3.peg.1736.site.102, 7, 147, 154
411483.3.peg.1736.site.103, 10, 151, 161
411483.3.peg.1736.site.104, 13, 145, 158
411483.3.peg.1736.site.105, 2, 149, 151
411483.3.peg.1736.site.106, 76, 134, 210
411483.3.peg.1736.site.107, 3, 148, 151
411483.3.peg.1736.site.108, 21, 138, 159
411483.3.peg.1736.site.109, 3, 140, 143
411483.3.peg.1736.site.110, 0, 125, 125
411483.3.peg.1736.site.111, 25, 127, 152
411483.3.peg.1737.site.1, 54, 130, 184
411483.3.peg.1737.site.2, 0, 138, 138
411483.3.peg.1737.site.3, 7, 151, 158
411483.3.peg.1737.site.4, 48, 145, 193
411483.3.peg.1737.site.5, 20, 151, 171
411483.3.peg.1737.site.6, 18, 151, 169
411483.3.peg.1737.site.7, 5, 152, 157
411483.3.peg.1737.site.8, 0, 152, 152
411483.3.peg.1737.site.9, 89, 140, 229
411483.3.peg.1737.site.10, 125, 147, 272
411483.3.peg.1737.site.11, 4, 149, 153
411483.3.peg.1737.site.12, 0, 145, 145
411483.3.peg.1737.site.13, 0, 143, 143
411483.3.peg.1737.site.14, 0, 135, 135
411483.3.peg.1737.site.15, 4, 135, 139
411483.3.peg.1737.site.16, 55, 122, 177
411483.3.peg.1737.site.17, 2, 125, 127
411483.3.peg.1737.site.18, 19, 118, 137
411483.3.peg.1737.site.19, 35, 113, 148
411483.3.peg.1737.site.20, 36, 113, 149
411483.3.peg.1737.site.21, 35, 114, 149
411483.3.peg.1737.site.22, 46, 122, 168
411483.3.peg.1737.site.23, 24, 121, 145
411483.3.peg.1737.site.24, 4, 117, 121
411483.3.peg.1737.site.25, 24, 108, 132
411483.3.peg.1737.site.26, 2, 108, 110
411483.3.peg.1737.site.27, 7, 98, 105
411483.3.peg.1737.site.28, 8, 97, 105
411483.3.peg.1737.site.29, 25, 95, 120
411483.3.peg.1737.site.30, 18, 113, 131
411483.3.peg.1737.site.31, 41, 120, 161
411483.3.peg.1737.site.32, 23, 133, 156
411483.3.peg.1737.site.33, 10, 141, 151
411483.3.peg.1737.site.34, 24, 139, 163
411483.3.peg.1737.site.35, 122, 138, 260
411483.3.peg.1737.site.36, 4, 144, 148
411483.3.peg.1737.site.37, 1, 147, 148
411483.3.peg.1737.site.38, 58, 143, 201
411483.3.peg.1737.site.39, 2, 148, 150
411483.3.peg.1737.site.40, 2, 151, 153
411483.3.peg.1737.site.41, 7, 152, 159
411483.3.peg.1737.site.42, 3, 150, 153
411483.3.peg.1066.site.1, 30, 143, 173
411483.3.peg.1066.site.2, 50, 140, 190
411483.3.peg.1066.site.3, 16, 150, 166
411483.3.peg.1066.site.4, 122, 142, 264
411483.3.peg.1066.site.5, 2, 151, 153
411483.3.peg.1066.site.6, 1, 144, 145
411483.3.peg.1066.site.7, 48, 139, 187
411483.3.peg.1066.site.8, 62, 142, 204
411483.3.peg.1066.site.9, 5, 147, 152
411483.3.peg.1066.site.10, 45, 138, 183
411483.3.peg.1066.site.11, 137, 146, 283
411483.3.peg.1066.site.12, 9, 150, 159
411483.3.peg.1066.site.13, 1, 149, 150
411483.3.peg.1066.site.14, 4, 150, 154
411483.3.peg.1066.site.15, 6, 152, 158
411483.3.peg.1066.site.16, 114, 138, 252
411483.3.peg.1066.site.17, 57, 138, 195
411483.3.peg.1066.site.18, 25, 147, 172
411483.3.peg.1066.site.19, 14, 145, 159
411483.3.peg.1066.site.20, 2, 150, 152
411483.3.peg.1066.site.21, 14, 144, 158
411483.3.peg.1066.site.22, 23, 137, 160
411483.3.peg.1066.site.23, 41, 138, 179
411483.3.peg.1066.site.24, 1, 148, 149
411483.3.peg.1066.site.25, 2, 148, 150
411483.3.peg.1066.site.26, 35, 138, 173
411483.3.peg.1066.site.27, 8, 147, 155
411483.3.peg.1066.site.28, 6, 150, 156
411483.3.peg.1066.site.29, 1, 152, 153
411483.3.peg.1066.site.30, 1, 154, 155
411483.3.peg.1066.site.31, 36, 140, 176
411483.3.peg.1066.site.32, 16, 149, 165
411483.3.peg.1066.site.33, 10, 151, 161
411483.3.peg.1066.site.34, 25, 135, 160
411483.3.peg.1066.site.35, 2, 141, 143
411483.3.peg.1066.site.36, 1, 142, 143
411483.3.peg.1066.site.37, 1, 141, 142
411483.3.peg.1066.site.38, 0, 144, 144
411483.3.peg.1066.site.39, 2, 144, 146
411483.3.peg.1066.site.40, 3, 145, 148
411483.3.peg.1066.site.41, 1, 146, 147
411483.3.peg.1066.site.42, 4, 148, 152
411483.3.peg.1066.site.43, 3, 148, 151
411483.3.peg.1066.site.44, 6, 150, 156
411483.3.peg.246.site.1, 0, 155, 155
411483.3.peg.246.site.2, 1, 152, 153
411483.3.peg.246.site.3, 13, 154, 167
411483.3.peg.246.site.4, 1, 155, 156
411483.3.peg.246.site.5, 27, 149, 176
411483.3.peg.246.site.6, 3, 155, 158
411483.3.peg.246.site.7, 2, 153, 155
411483.3.peg.246.site.8, 0, 153, 153
411483.3.peg.246.site.9, 0, 152, 152
411483.3.peg.246.site.10, 0, 152, 152
411483.3.peg.246.site.11, 60, 136, 196
411483.3.peg.246.site.12, 10, 148, 158
411483.3.peg.246.site.13, 2, 152, 154
411483.3.peg.246.site.14, 5, 155, 160
411483.3.peg.246.site.15, 3, 153, 156
411483.3.peg.246.site.16, 8, 146, 154
411483.3.peg.246.site.17, 9, 152, 161
411483.3.peg.246.site.18, 2, 145, 147
411483.3.peg.246.site.19, 1, 145, 146
411483.3.peg.246.site.20, 98, 132, 230
411483.3.peg.246.site.21, 1, 140, 141
411483.3.peg.246.site.22, 1, 139, 140
411483.3.peg.246.site.23, 8, 136, 144
411483.3.peg.246.site.24, 1, 138, 139
411483.3.peg.246.site.25, 0, 142, 142
411483.3.peg.246.site.26, 0, 143, 143
411483.3.peg.246.site.27, 3, 141, 144
411483.3.peg.246.site.28, 5, 145, 150
411483.3.peg.246.site.29, 1, 144, 145
411483.3.peg.246.site.30, 4, 142, 146
411483.3.peg.246.site.31, 0, 148, 148
411483.3.peg.246.site.32, 3, 152, 155
411483.3.peg.246.site.33, 1, 151, 152
411483.3.peg.246.site.34, 1, 152, 153
411483.3.peg.246.site.35, 1, 153, 154
411483.3.peg.246.site.36, 4, 154, 158
411483.3.peg.246.site.37, 0, 154, 154
411483.3.peg.246.site.38, 2, 153, 155
411483.3.peg.246.site.39, 4, 151, 155
411483.3.peg.246.site.40, 5, 147, 152
411483.3.peg.2735.site.1, 4, 152, 156
411483.3.peg.2735.site.2, 2, 154, 156
411483.3.peg.2735.site.3, 12, 148, 160
411483.3.peg.2735.site.4, 13, 152, 165
411483.3.peg.2735.site.5, 2, 154, 156
411483.3.peg.2735.site.6, 1, 153, 154
411483.3.peg.2735.site.7, 8, 149, 157
411483.3.peg.2735.site.8, 9, 148, 157
411483.3.peg.2735.site.9, 26, 123, 149
411483.3.peg.2735.site.10, 4, 140, 144
411483.3.peg.2735.site.11, 23, 146, 169
411483.3.peg.2735.site.12, 5, 151, 156
411483.3.peg.2735.site.13, 13, 152, 165
411483.3.peg.2735.site.14, 2, 154, 156
411483.3.peg.2735.site.15, 0, 145, 145
411483.3.peg.2735.site.16, 6, 150, 156
411483.3.peg.2735.site.17, 6, 151, 157
411483.3.peg.2735.site.18, 0, 139, 139
411483.3.peg.2735.site.19, 115, 126, 241
411483.3.peg.2735.site.20, 0, 139, 139
411483.3.peg.2735.site.21, 2, 141, 143
411483.3.peg.2735.site.22, 2, 141, 143
411483.3.peg.2735.site.23, 0, 141, 141
411483.3.peg.2735.site.24, 1, 142, 143
411483.3.peg.2735.site.25, 109, 135, 244
411483.3.peg.2735.site.26, 3, 146, 149
411483.3.peg.2735.site.27, 11, 144, 155
411483.3.peg.2735.site.28, 60, 136, 196
411483.3.peg.2735.site.29, 4, 144, 148
411483.3.peg.2735.site.30, 32, 140, 172
411483.3.peg.2735.site.31, 94, 140, 234
411483.3.peg.2735.site.32, 67, 142, 209
411483.3.peg.2735.site.33, 2, 154, 156
411483.3.peg.2735.site.34, 14, 146, 160
411483.3.peg.2735.site.35, 111, 149, 260
411483.3.peg.2735.site.36, 4, 153, 157
411483.3.peg.2735.site.37, 1, 155, 156
411483.3.peg.2735.site.38, 0, 154, 154
411483.3.peg.2735.site.39, 0, 154, 154
411483.3.peg.2735.site.40, 0, 154, 154
411483.3.peg.2735.site.41, 0, 154, 154
411483.3.peg.2735.site.42, 1, 154, 155
411483.3.peg.2735.site.43, 6, 149, 155
411483.3.peg.2735.site.44, 0, 154, 154
411483.3.peg.2735.site.45, 7, 155, 162
411483.3.peg.2078.site.1, 99, 136, 235
411483.3.peg.2078.site.2, 2, 150, 152
411483.3.peg.2078.site.3, 4, 151, 155
411483.3.peg.2078.site.4, 2, 151, 153
411483.3.peg.2078.site.5, 0, 149, 149
411483.3.peg.2078.site.6, 3, 150, 153
411483.3.peg.2078.site.7, 1, 149, 150
411483.3.peg.2078.site.8, 1, 149, 150
411483.3.peg.2078.site.9, 12, 137, 149
411483.3.peg.2078.site.10, 4, 147, 151
411483.3.peg.2078.site.11, 7, 150, 157
411483.3.peg.2078.site.12, 23, 149, 172
411483.3.peg.2078.site.13, 3, 149, 152
411483.3.peg.2078.site.14, 2, 150, 152
411483.3.peg.2078.site.15, 4, 153, 157
411483.3.peg.2078.site.16, 1, 151, 152
411483.3.peg.2078.site.17, 4, 150, 154
411483.3.peg.2078.site.18, 9, 151, 160
411483.3.peg.2078.site.19, 9, 151, 160
411483.3.peg.2078.site.20, 2, 151, 153
411483.3.peg.2078.site.21, 2, 151, 153
411483.3.peg.2078.site.22, 59, 148, 207
411483.3.peg.2078.site.23, 0, 152, 152
411483.3.peg.2078.site.24, 1, 151, 152
411483.3.peg.2078.site.25, 19, 142, 161
411483.3.peg.2078.site.26, 3, 152, 155
411483.3.peg.2078.site.27, 5, 150, 155
411483.3.peg.2078.site.28, 0, 152, 152
411483.3.peg.2078.site.29, 30, 142, 172
411483.3.peg.2078.site.30, 4, 152, 156
411483.3.peg.2078.site.31, 56, 147, 203
411483.3.peg.2078.site.32, 3, 151, 154
411483.3.peg.2078.site.33, 72, 146, 218
411483.3.peg.2078.site.34, 54, 138, 192
411483.3.peg.2078.site.35, 17, 149, 166
411483.3.peg.2078.site.36, 0, 149, 149
411483.3.peg.2078.site.37, 9, 152, 161
411483.3.peg.2078.site.38, 1, 151, 152
411483.3.peg.2078.site.39, 1, 150, 151
411483.3.peg.2078.site.40, 1, 147, 148
411483.3.peg.2078.site.41, 4, 151, 155
411483.3.peg.2078.site.42, 5, 137, 142
411483.3.peg.2078.site.43, 39, 133, 172
411483.3.peg.2078.site.44, 17, 120, 137
411483.3.peg.2078.site.45, 7, 132, 139
411483.3.peg.2078.site.46, 3, 124, 127
411483.3.peg.2078.site.47, 3, 122, 125
411483.3.peg.2078.site.48, 25, 127, 152
411483.3.peg.2078.site.49, 82, 118, 200
411483.3.peg.2078.site.50, 3, 127, 130
411483.3.peg.2078.site.51, 2, 133, 135
411483.3.peg.2078.site.52, 1, 113, 114
411483.3.peg.2078.site.53, 18, 96, 114
411483.3.peg.2078.site.54, 2, 102, 104
411483.3.peg.2078.site.55, 5, 103, 108
411483.3.peg.2078.site.56, 10, 96, 106
411483.3.peg.2078.site.57, 28, 98, 126
411483.3.peg.2078.site.58, 3, 100, 103
411483.3.peg.2078.site.59, 0, 114, 114
411483.3.peg.2078.site.60, 4, 125, 129
411483.3.peg.2078.site.61, 2, 108, 110
411483.3.peg.2078.site.62, 0, 131, 131
411483.3.peg.2078.site.63, 105, 127, 232
411483.3.peg.2078.site.64, 6, 142, 148
411483.3.peg.2078.site.65, 0, 143, 143
411483.3.peg.2078.site.66, 1, 153, 154
411483.3.peg.2078.site.67, 2, 152, 154
411483.3.peg.2078.site.68, 23, 150, 173
411483.3.peg.2078.site.69, 0, 148, 148
411483.3.peg.2078.site.70, 7, 153, 160
411483.3.peg.2078.site.71, 5, 154, 159
411483.3.peg.2078.site.72, 3, 152, 155
411483.3.peg.2078.site.73, 2, 154, 156
411483.3.peg.2078.site.74, 12, 149, 161
411483.3.peg.2079.site.1, 4, 150, 154
411483.3.peg.2079.site.2, 4, 150, 154
411483.3.peg.2079.site.3, 2, 150, 152
411483.3.peg.2079.site.4, 0, 144, 144
411483.3.peg.2079.site.5, 0, 142, 142
411483.3.peg.2079.site.6, 135, 136, 271
411483.3.peg.2079.site.7, 1, 129, 130
411483.3.peg.2079.site.8, 2, 118, 120
411483.3.peg.2079.site.9, 7, 107, 114
411483.3.peg.2079.site.10, 1, 97, 98
411483.3.peg.2079.site.11, 5, 89, 94
411483.3.peg.2079.site.12, 34, 37, 71
411483.3.peg.2079.site.13, 11, 15, 26
411483.3.peg.2079.site.14, 5, 50, 55
411483.3.peg.2079.site.15, 35, 52, 87
411483.3.peg.2079.site.16, 1, 90, 91
411483.3.peg.2079.site.17, 1, 105, 106
411483.3.peg.2079.site.18, 6, 100, 106
411483.3.peg.2079.site.19, 3, 111, 114
411483.3.peg.2079.site.20, 2, 111, 113
411483.3.peg.2079.site.21, 9, 112, 121
411483.3.peg.2079.site.22, 6, 112, 118
411483.3.peg.2079.site.23, 1, 136, 137
411483.3.peg.2079.site.24, 132, 139, 271
411483.3.peg.2079.site.25, 44, 131, 175
411483.3.peg.2079.site.26, 0, 140, 140
411483.3.peg.2079.site.27, 8, 148, 156
411483.3.peg.2079.site.28, 15, 147, 162
411483.3.peg.2079.site.29, 0, 140, 140
411483.3.peg.2079.site.30, 2, 126, 128
411483.3.peg.2079.site.31, 117, 119, 236
411483.3.peg.2079.site.32, 105, 115, 220
411483.3.peg.2079.site.33, 2, 139, 141
411483.3.peg.2079.site.34, 7, 151, 158
411483.3.peg.2079.site.35, 3, 153, 156
411483.3.peg.2079.site.36, 4, 147, 151
411483.3.peg.2079.site.37, 0, 140, 140
411483.3.peg.2079.site.38, 23, 133, 156
411483.3.peg.2079.site.39, 17, 129, 146
411483.3.peg.2079.site.40, 1, 136, 137
411483.3.peg.2079.site.41, 5, 131, 136
411483.3.peg.2079.site.42, 1, 141, 142
411483.3.peg.2079.site.43, 2, 139, 141
411483.3.peg.2079.site.44, 44, 133, 177
411483.3.peg.2079.site.45, 2, 144, 146
411483.3.peg.2079.site.46, 1, 146, 147
411483.3.peg.2079.site.47, 21, 139, 160
411483.3.peg.2079.site.48, 28, 138, 166
411483.3.peg.2079.site.49, 2, 149, 151
411483.3.peg.2079.site.50, 1, 148, 149
411483.3.peg.2079.site.51, 79, 142, 221
411483.3.peg.2079.site.52, 0, 144, 144
411483.3.peg.2079.site.53, 3, 147, 150
411483.3.peg.2079.site.54, 1, 147, 148
411483.3.peg.2079.site.55, 5, 143, 148
411483.3.peg.2079.site.56, 4, 148, 152
411483.3.peg.2079.site.57, 1, 148, 149
411483.3.peg.2079.site.58, 0, 148, 148
411483.3.peg.2079.site.59, 0, 148, 148
411483.3.peg.2079.site.60, 1, 148, 149
411483.3.peg.2079.site.61, 0, 148, 148
411483.3.peg.2079.site.62, 54, 138, 192
411483.3.peg.2079.site.63, 2, 148, 150
411483.3.peg.2079.site.64, 1, 147, 148
411483.3.peg.2079.site.65, 0, 147, 147
411483.3.peg.2079.site.66, 3, 140, 143
411483.3.peg.2079.site.67, 1, 145, 146
411483.3.peg.2079.site.68, 1, 149, 150
411483.3.peg.2079.site.69, 7, 148, 155
411483.3.peg.2079.site.70, 9, 148, 157
411483.3.peg.2079.site.71, 82, 136, 218
411483.3.peg.2079.site.72, 3, 145, 148
411483.3.peg.2079.site.73, 1, 144, 145
411483.3.peg.2079.site.74, 19, 137, 156
411483.3.peg.2079.site.75, 1, 143, 144
411483.3.peg.2079.site.76, 2, 144, 146
411483.3.peg.2079.site.77, 2, 146, 148
411483.3.peg.2079.site.78, 66, 142, 208
411483.3.peg.2079.site.79, 5, 152, 157
411483.3.peg.2079.site.80, 6, 147, 153
411483.3.peg.2079.site.81, 4, 154, 158
411483.3.peg.2079.site.82, 102, 138, 240
411483.3.peg.2079.site.83, 0, 153, 153
411483.3.peg.2079.site.84, 2, 152, 154
411483.3.peg.2079.site.85, 3, 152, 155
411483.3.peg.2079.site.86, 2, 155, 157
411483.3.peg.2079.site.87, 2, 155, 157
411483.3.peg.2079.site.88, 1, 155, 156
411483.3.peg.2079.site.89, 4, 149, 153
411483.3.peg.2079.site.90, 2, 152, 154
411483.3.peg.2079.site.91, 2, 152, 154
411483.3.peg.2079.site.92, 1, 153, 154
411483.3.peg.2079.site.93, 76, 149, 225
411483.3.peg.2079.site.94, 1, 154, 155
411483.3.peg.2079.site.95, 1, 154, 155
411483.3.peg.2079.site.96, 2, 154, 156
411483.3.peg.2079.site.97, 35, 144, 179
411483.3.peg.2079.site.98, 2, 153, 155
411483.3.peg.2079.site.99, 1, 152, 153
411483.3.peg.2079.site.100, 1, 153, 154
411483.3.peg.2079.site.101, 1, 151, 152
411483.3.peg.2079.site.102, 17, 152, 169
411483.3.peg.2079.site.103, 2, 153, 155
411483.3.peg.2079.site.104, 2, 153, 155
411483.3.peg.2079.site.105, 0, 151, 151
411483.3.peg.2079.site.106, 1, 154, 155
411483.3.peg.2079.site.107, 14, 145, 159
411483.3.peg.2079.site.108, 53, 140, 193
411483.3.peg.2079.site.109, 0, 152, 152
411483.3.peg.2079.site.110, 3, 152, 155
411483.3.peg.2079.site.111, 6, 149, 155
411483.3.peg.2079.site.112, 4, 148, 152
411483.3.peg.2079.site.113, 1, 151, 152
411483.3.peg.2079.site.114, 29, 146, 175
411483.3.peg.2079.site.115, 1, 153, 154
411483.3.peg.2079.site.116, 2, 155, 157
411483.3.peg.2079.site.117, 2, 153, 155
411483.3.peg.2079.site.118, 0, 151, 151
411483.3.peg.2079.site.119, 0, 151, 151
411483.3.peg.2079.site.120, 2, 153, 155
411483.3.peg.2079.site.121, 0, 146, 146
411483.3.peg.2079.site.122, 0, 152, 152
411483.3.peg.2079.site.123, 12, 152, 164
411483.3.peg.2072.site.1, 1, 105, 106
411483.3.peg.2072.site.2, 86, 98, 184
411483.3.peg.2072.site.3, 70, 76, 146
411483.3.peg.2072.site.4, 0, 63, 63
411483.3.peg.2072.site.5, 9, 63, 72
411483.3.peg.2072.site.6, 26, 45, 71
411483.3.peg.2072.site.7, 1, 39, 40
411483.3.peg.2072.site.8, 5, 43, 48
411483.3.peg.2072.site.9, 31, 44, 75
411483.3.peg.2072.site.10, 7, 105, 112
411483.3.peg.2072.site.11, 0, 109, 109
411483.3.peg.2072.site.12, 1, 113, 114
411483.3.peg.2072.site.13, 2, 121, 123
411483.3.peg.2072.site.14, 3, 121, 124
411483.3.peg.2072.site.15, 109, 118, 227
411483.3.peg.2072.site.16, 18, 132, 150
411483.3.peg.2072.site.17, 2, 135, 137
411483.3.peg.2072.site.18, 2, 138, 140
411483.3.peg.2072.site.19, 2, 142, 144
411483.3.peg.2072.site.20, 2, 141, 143
411483.3.peg.2072.site.21, 2, 145, 147
411483.3.peg.2072.site.22, 0, 142, 142
411483.3.peg.2072.site.23, 68, 138, 206
411483.3.peg.2072.site.24, 2, 145, 147
411483.3.peg.2072.site.25, 1, 147, 148
411483.3.peg.2072.site.26, 12, 140, 152
411483.3.peg.2072.site.27, 57, 135, 192
411483.3.peg.2072.site.28, 4, 141, 145
411483.3.peg.2072.site.29, 2, 131, 133
411483.3.peg.2072.site.30, 2, 126, 128
411483.3.peg.2072.site.31, 22, 94, 116
411483.3.peg.2072.site.32, 2, 99, 101
411483.3.peg.2072.site.33, 2, 96, 98
411483.3.peg.2072.site.34, 40, 99, 139
411483.3.peg.2072.site.35, 1, 106, 107
411483.3.peg.2072.site.36, 4, 104, 108
411483.3.peg.2070.site.1, 0, 135, 135
411483.3.peg.2070.site.2, 1, 110, 111
411483.3.peg.2070.site.3, 3, 104, 107
411483.3.peg.2070.site.4, 3, 122, 125
411483.3.peg.2070.site.5, 9, 126, 135
411483.3.peg.2070.site.6, 15, 120, 135
411483.3.peg.2070.site.7, 7, 125, 132
411483.3.peg.2070.site.8, 1, 127, 128
411483.3.peg.2070.site.9, 0, 120, 120
411483.3.peg.2070.site.10, 0, 126, 126
411483.3.peg.2070.site.11, 1, 128, 129
411483.3.peg.2070.site.12, 5, 127, 132
411483.3.peg.2070.site.13, 8, 126, 134
411483.3.peg.2070.site.14, 1, 136, 137
411483.3.peg.2070.site.15, 95, 129, 224
411483.3.peg.2070.site.16, 4, 137, 141
411483.3.peg.2070.site.17, 0, 138, 138
411483.3.peg.2070.site.18, 0, 140, 140
411483.3.peg.2070.site.19, 2, 142, 144
411483.3.peg.2070.site.20, 5, 141, 146
411483.3.peg.2070.site.21, 1, 143, 144
411483.3.peg.2070.site.22, 0, 140, 140
411483.3.peg.2070.site.23, 0, 140, 140
411483.3.peg.2070.site.24, 0, 134, 134
411483.3.peg.2070.site.25, 113, 124, 237
411483.3.peg.2070.site.26, 1, 139, 140
411483.3.peg.2070.site.27, 8, 141, 149
411483.3.peg.2070.site.28, 10, 143, 153
411483.3.peg.2070.site.29, 3, 146, 149
411483.3.peg.2070.site.30, 16, 148, 164
411483.3.peg.2070.site.31, 6, 153, 159
411483.3.peg.2070.site.32, 1, 155, 156
411483.3.peg.2070.site.33, 6, 145, 151
411483.3.peg.2070.site.34, 1, 141, 142
411483.3.peg.2070.site.35, 0, 144, 144
411483.3.peg.2070.site.36, 1, 129, 130
411483.3.peg.2070.site.37, 1, 138, 139
411483.3.peg.2070.site.38, 1, 145, 146
411483.3.peg.2070.site.39, 4, 147, 151
411483.3.peg.2070.site.40, 4, 153, 157
411483.3.peg.2070.site.41, 146, 149, 295
411483.3.peg.2070.site.42, 1, 154, 155
411483.3.peg.2070.site.43, 3, 154, 157
411483.3.peg.2070.site.44, 3, 155, 158
411483.3.peg.2070.site.45, 23, 150, 173
411483.3.peg.2070.site.46, 1, 155, 156
411483.3.peg.2070.site.47, 1, 153, 154
411483.3.peg.2070.site.48, 5, 150, 155
411483.3.peg.2070.site.49, 12, 152, 164
411483.3.peg.2070.site.50, 1, 152, 153
411483.3.peg.2070.site.51, 2, 153, 155
411483.3.peg.2070.site.52, 0, 152, 152
411483.3.peg.2070.site.53, 1, 154, 155
411483.3.peg.2070.site.54, 6, 150, 156
411483.3.peg.2070.site.55, 1, 150, 151
411483.3.peg.2070.site.56, 0, 145, 145
411483.3.peg.2070.site.57, 2, 148, 150
411483.3.peg.2070.site.58, 1, 149, 150
411483.3.peg.2070.site.59, 7, 146, 153
411483.3.peg.2070.site.60, 8, 144, 152
411483.3.peg.2070.site.61, 1, 151, 152
411483.3.peg.2070.site.62, 8, 153, 161
411483.3.peg.2070.site.63, 50, 144, 194
411483.3.peg.2070.site.64, 2, 154, 156
411483.3.peg.2070.site.65, 4, 149, 153
411483.3.peg.2070.site.66, 0, 152, 152
411483.3.peg.2070.site.67, 6, 149, 155
411483.3.peg.2070.site.68, 5, 152, 157
411483.3.peg.2070.site.69, 3, 155, 158
411483.3.peg.2070.site.70, 0, 154, 154
411483.3.peg.2070.site.71, 3, 155, 158
411483.3.peg.2070.site.72, 4, 153, 157
411483.3.peg.2070.site.73, 0, 153, 153
411483.3.peg.2070.site.74, 4, 153, 157
411483.3.peg.2070.site.75, 1, 150, 151
411483.3.peg.2070.site.76, 0, 141, 141
411483.3.peg.2070.site.77, 2, 146, 148
411483.3.peg.2070.site.78, 11, 136, 147
411483.3.peg.2070.site.79, 8, 136, 144
411483.3.peg.2070.site.80, 112, 120, 232
411483.3.peg.2070.site.81, 1, 127, 128
411483.3.peg.2070.site.82, 1, 132, 133
411483.3.peg.2070.site.83, 2, 122, 124
411483.3.peg.2070.site.84, 4, 138, 142
411483.3.peg.2070.site.85, 4, 143, 147
411483.3.peg.2070.site.86, 1, 153, 154
411483.3.peg.2070.site.87, 107, 144, 251
411483.3.peg.2070.site.88, 6, 152, 158
411483.3.peg.2070.site.89, 1, 150, 151
411483.3.peg.2070.site.90, 1, 152, 153
411483.3.peg.2071.site.1, 14, 148, 162
411483.3.peg.2071.site.2, 4, 152, 156
411483.3.peg.2071.site.3, 25, 147, 172
411483.3.peg.2071.site.4, 6, 153, 159
411483.3.peg.2071.site.5, 0, 150, 150
411483.3.peg.2071.site.6, 32, 149, 181
411483.3.peg.2071.site.7, 2, 153, 155
411483.3.peg.2071.site.8, 6, 153, 159
411483.3.peg.2071.site.9, 1, 154, 155
411483.3.peg.2071.site.10, 1, 155, 156
411483.3.peg.2071.site.11, 0, 154, 154
411483.3.peg.2071.site.12, 7, 149, 156
411483.3.peg.2071.site.13, 4, 148, 152
411483.3.peg.2071.site.14, 50, 145, 195
411483.3.peg.2071.site.15, 37, 146, 183
411483.3.peg.2071.site.16, 4, 151, 155
411483.3.peg.2071.site.17, 0, 153, 153
411483.3.peg.2071.site.18, 2, 154, 156
411483.3.peg.2071.site.19, 21, 150, 171
411483.3.peg.2071.site.20, 0, 153, 153
411483.3.peg.2071.site.21, 6, 151, 157
411483.3.peg.2071.site.22, 4, 152, 156
411483.3.peg.2071.site.23, 2, 153, 155
411483.3.peg.2071.site.24, 1, 154, 155
411483.3.peg.2071.site.25, 0, 154, 154
411483.3.peg.2071.site.26, 2, 155, 157
411483.3.peg.2071.site.27, 3, 154, 157
411483.3.peg.2071.site.28, 3, 153, 156
411483.3.peg.2071.site.29, 2, 155, 157
411483.3.peg.2071.site.30, 0, 153, 153
411483.3.peg.2071.site.31, 1, 154, 155
411483.3.peg.2071.site.32, 14, 150, 164
411483.3.peg.2071.site.33, 2, 155, 157
411483.3.peg.2071.site.34, 1, 153, 154
411483.3.peg.2071.site.35, 3, 155, 158
411483.3.peg.2071.site.36, 4, 154, 158
411483.3.peg.2071.site.37, 1, 153, 154
411483.3.peg.2071.site.38, 0, 154, 154
411483.3.peg.2071.site.39, 1, 155, 156
411483.3.peg.2071.site.40, 1, 152, 153
411483.3.peg.2071.site.41, 1, 153, 154
411483.3.peg.2071.site.42, 3, 154, 157
411483.3.peg.2071.site.43, 1, 155, 156
411483.3.peg.2071.site.44, 2, 154, 156
411483.3.peg.2071.site.45, 0, 155, 155
411483.3.peg.2071.site.46, 2, 155, 157
411483.3.peg.2071.site.47, 65, 138, 203
411483.3.peg.2071.site.48, 62, 143, 205
411483.3.peg.2071.site.49, 93, 143, 236
411483.3.peg.2071.site.50, 5, 154, 159
411483.3.peg.2076.site.1, 2, 139, 141
411483.3.peg.2076.site.2, 3, 140, 143
411483.3.peg.2076.site.3, 0, 138, 138
411483.3.peg.2076.site.4, 5, 135, 140
411483.3.peg.2076.site.5, 6, 151, 157
411483.3.peg.2076.site.6, 5, 147, 152
411483.3.peg.2076.site.7, 1, 150, 151
411483.3.peg.2076.site.8, 5, 153, 158
411483.3.peg.2076.site.9, 5, 153, 158
411483.3.peg.2076.site.10, 18, 148, 166
411483.3.peg.2076.site.11, 0, 150, 150
411483.3.peg.2076.site.12, 4, 151, 155
411483.3.peg.2076.site.13, 1, 148, 149
411483.3.peg.2076.site.14, 16, 142, 158
411483.3.peg.2076.site.15, 1, 140, 141
411483.3.peg.2076.site.16, 1, 142, 143
411483.3.peg.2076.site.17, 6, 139, 145
411483.3.peg.2076.site.18, 3, 139, 142
411483.3.peg.2076.site.19, 1, 141, 142
411483.3.peg.2076.site.20, 109, 133, 242
411483.3.peg.2076.site.21, 1, 141, 142
411483.3.peg.2076.site.22, 3, 144, 147
411483.3.peg.2076.site.23, 17, 129, 146
411483.3.peg.2076.site.24, 0, 132, 132
411483.3.peg.2076.site.25, 2, 134, 136
411483.3.peg.2076.site.26, 3, 133, 136
411483.3.peg.2076.site.27, 4, 129, 133
411483.3.peg.2076.site.28, 7, 129, 136
411483.3.peg.2076.site.29, 5, 133, 138
411483.3.peg.2076.site.30, 74, 125, 199
411483.3.peg.2076.site.31, 1, 137, 138
411483.3.peg.2076.site.32, 2, 133, 135
411483.3.peg.2076.site.33, 130, 135, 265
411483.3.peg.2076.site.34, 4, 138, 142
411483.3.peg.2076.site.35, 3, 139, 142
411483.3.peg.2076.site.36, 23, 138, 161
411483.3.peg.2076.site.37, 2, 138, 140
411483.3.peg.2076.site.38, 0, 140, 140
411483.3.peg.2076.site.39, 5, 136, 141
411483.3.peg.2076.site.40, 3, 133, 136
411483.3.peg.2076.site.41, 20, 129, 149
411483.3.peg.2076.site.42, 0, 133, 133
411483.3.peg.2076.site.43, 94, 129, 223
411483.3.peg.2076.site.44, 0, 136, 136
411483.3.peg.2076.site.45, 7, 142, 149
411483.3.peg.2076.site.46, 3, 139, 142
411483.3.peg.2076.site.47, 3, 145, 148
411483.3.peg.2076.site.48, 31, 137, 168
411483.3.peg.2076.site.49, 3, 146, 149
411483.3.peg.2076.site.50, 0, 148, 148
411483.3.peg.2076.site.51, 63, 141, 204
411483.3.peg.2076.site.52, 0, 151, 151
411483.3.peg.2076.site.53, 1, 146, 147
411483.3.peg.2076.site.54, 2, 148, 150
411483.3.peg.2076.site.55, 1, 149, 150
411483.3.peg.2076.site.56, 4, 143, 147
411483.3.peg.2076.site.57, 0, 145, 145
411483.3.peg.2076.site.58, 78, 129, 207
411483.3.peg.2076.site.59, 3, 149, 152
411483.3.peg.2076.site.60, 0, 151, 151
411483.3.peg.2076.site.61, 10, 150, 160
411483.3.peg.2076.site.62, 52, 137, 189
411483.3.peg.2076.site.63, 3, 152, 155
411483.3.peg.2076.site.64, 143, 144, 287
411483.3.peg.2076.site.65, 2, 151, 153
411483.3.peg.2076.site.66, 10, 147, 157
411483.3.peg.2076.site.67, 3, 151, 154
411483.3.peg.2076.site.68, 4, 150, 154
411483.3.peg.2076.site.69, 1, 149, 150
411483.3.peg.2076.site.70, 22, 142, 164
411483.3.peg.2076.site.71, 5, 147, 152
411483.3.peg.2076.site.72, 2, 145, 147
411483.3.peg.2076.site.73, 8, 147, 155
411483.3.peg.2076.site.74, 1, 150, 151
411483.3.peg.2076.site.75, 1, 151, 152
411483.3.peg.2076.site.76, 6, 153, 159
411483.3.peg.2076.site.77, 2, 154, 156
411483.3.peg.2076.site.78, 7, 153, 160
411483.3.peg.2076.site.79, 0, 155, 155
411483.3.peg.2076.site.80, 1, 155, 156
411483.3.peg.2076.site.81, 6, 151, 157
411483.3.peg.2076.site.82, 17, 149, 166
411483.3.peg.2076.site.83, 0, 150, 150
411483.3.peg.2076.site.84, 5, 152, 157
411483.3.peg.2076.site.85, 3, 150, 153
411483.3.peg.2076.site.86, 8, 148, 156
411483.3.peg.2076.site.87, 2, 148, 150
411483.3.peg.2076.site.88, 3, 153, 156
411483.3.peg.2076.site.89, 14, 151, 165
411483.3.peg.2076.site.90, 3, 154, 157
411483.3.peg.2076.site.91, 3, 155, 158
411483.3.peg.2076.site.92, 1, 153, 154
411483.3.peg.2076.site.93, 2, 153, 155
411483.3.peg.2076.site.94, 50, 144, 194
411483.3.peg.2076.site.95, 2, 154, 156
411483.3.peg.2076.site.96, 3, 154, 157
411483.3.peg.2076.site.97, 7, 153, 160
411483.3.peg.2076.site.98, 2, 153, 155
411483.3.peg.2076.site.99, 1, 155, 156
411483.3.peg.2076.site.100, 1, 154, 155
411483.3.peg.2076.site.101, 1, 154, 155
411483.3.peg.2076.site.102, 3, 152, 155
411483.3.peg.2076.site.103, 4, 153, 157
411483.3.peg.2076.site.104, 73, 141, 214
411483.3.peg.2076.site.105, 1, 154, 155
411483.3.peg.2076.site.106, 5, 150, 155
411483.3.peg.2076.site.107, 0, 152, 152
411483.3.peg.2076.site.108, 1, 154, 155
411483.3.peg.2076.site.109, 2, 151, 153
411483.3.peg.2076.site.110, 5, 154, 159
411483.3.peg.2076.site.111, 3, 151, 154
411483.3.peg.2076.site.112, 1, 154, 155
411483.3.peg.2076.site.113, 1, 155, 156
411483.3.peg.2076.site.114, 3, 154, 157
411483.3.peg.2076.site.115, 0, 153, 153
411483.3.peg.2076.site.116, 4, 154, 158
411483.3.peg.2076.site.117, 16, 152, 168
411483.3.peg.2076.site.118, 3, 149, 152
411483.3.peg.2077.site.1, 1, 151, 152
411483.3.peg.2077.site.2, 1, 150, 151
411483.3.peg.2077.site.3, 1, 151, 152
411483.3.peg.2077.site.4, 1, 152, 153
411483.3.peg.2077.site.5, 1, 155, 156
411483.3.peg.2077.site.6, 12, 152, 164
411483.3.peg.2077.site.7, 1, 154, 155
411483.3.peg.2077.site.8, 1, 154, 155
411483.3.peg.2077.site.9, 1, 155, 156
411483.3.peg.2077.site.10, 1, 154, 155
411483.3.peg.2077.site.11, 1, 154, 155
411483.3.peg.2077.site.12, 7, 152, 159
411483.3.peg.2077.site.13, 2, 155, 157
411483.3.peg.2077.site.14, 0, 154, 154
411483.3.peg.2077.site.15, 19, 154, 173
411483.3.peg.2077.site.16, 4, 153, 157
411483.3.peg.2077.site.17, 1, 155, 156
411483.3.peg.2077.site.18, 2, 155, 157
411483.3.peg.2077.site.19, 7, 153, 160
411483.3.peg.2077.site.20, 14, 148, 162
411483.3.peg.2077.site.21, 4, 151, 155
411483.3.peg.2077.site.22, 6, 154, 160
411483.3.peg.2077.site.23, 1, 155, 156
411483.3.peg.2077.site.24, 0, 155, 155
411483.3.peg.2077.site.25, 16, 151, 167
411483.3.peg.2077.site.26, 5, 155, 160
411483.3.peg.2077.site.27, 1, 154, 155
411483.3.peg.2077.site.28, 11, 151, 162
411483.3.peg.2077.site.29, 3, 153, 156
411483.3.peg.2077.site.30, 32, 142, 174
411483.3.peg.2077.site.31, 2, 155, 157
411483.3.peg.2077.site.32, 10, 152, 162
411483.3.peg.2077.site.33, 1, 153, 154
411483.3.peg.2077.site.34, 3, 153, 156
411483.3.peg.2077.site.35, 4, 155, 159
411483.3.peg.2077.site.36, 40, 148, 188
411483.3.peg.2077.site.37, 40, 142, 182
411483.3.peg.2077.site.38, 1, 154, 155
411483.3.peg.2077.site.39, 1, 153, 154
411483.3.peg.2077.site.40, 1, 153, 154
411483.3.peg.2077.site.41, 6, 154, 160
411483.3.peg.2077.site.42, 19, 149, 168
411483.3.peg.2077.site.43, 45, 136, 181
411483.3.peg.2077.site.44, 19, 151, 170
411483.3.peg.2077.site.45, 4, 152, 156
411483.3.peg.2077.site.46, 142, 147, 289
411483.3.peg.2077.site.47, 6, 153, 159
411483.3.peg.2077.site.48, 2, 153, 155
411483.3.peg.2077.site.49, 35, 149, 184
411483.3.peg.2077.site.50, 0, 154, 154
411483.3.peg.2077.site.51, 4, 153, 157
411483.3.peg.2077.site.52, 10, 152, 162
411483.3.peg.2077.site.53, 0, 154, 154
411483.3.peg.2077.site.54, 2, 152, 154
411483.3.peg.2077.site.55, 4, 155, 159
411483.3.peg.2077.site.56, 146, 150, 296
411483.3.peg.2077.site.57, 4, 155, 159
411483.3.peg.2077.site.58, 7, 147, 154
411483.3.peg.2077.site.59, 9, 143, 152
411483.3.peg.2077.site.60, 3, 147, 150
411483.3.peg.2077.site.61, 4, 150, 154
411483.3.peg.2077.site.62, 2, 152, 154
411483.3.peg.2077.site.63, 3, 152, 155
411483.3.peg.2077.site.64, 8, 154, 162
411483.3.peg.2077.site.65, 4, 152, 156
411483.3.peg.2077.site.66, 2, 155, 157
411483.3.peg.2077.site.67, 150, 152, 302
411483.3.peg.2077.site.68, 17, 150, 167
411483.3.peg.2077.site.69, 6, 154, 160
411483.3.peg.2077.site.70, 1, 154, 155
411483.3.peg.2077.site.71, 0, 152, 152
411483.3.peg.2077.site.72, 0, 153, 153
411483.3.peg.2077.site.73, 4, 151, 155
411483.3.peg.2077.site.74, 2, 152, 154
411483.3.peg.2077.site.75, 10, 152, 162
411483.3.peg.2077.site.76, 6, 153, 159
411483.3.peg.2077.site.77, 1, 154, 155
411483.3.peg.2077.site.78, 6, 151, 157
411483.3.peg.2077.site.79, 2, 148, 150
411483.3.peg.2077.site.80, 2, 154, 156
411483.3.peg.2077.site.81, 1, 154, 155
411483.3.peg.2077.site.82, 149, 150, 299
411483.3.peg.2077.site.83, 2, 149, 151
411483.3.peg.2077.site.84, 132, 146, 278
411483.3.peg.2077.site.85, 75, 137, 212
411483.3.peg.2077.site.86, 0, 151, 151
411483.3.peg.2077.site.87, 0, 152, 152
411483.3.peg.2077.site.88, 3, 154, 157
411483.3.peg.2077.site.89, 1, 152, 153
411483.3.peg.2077.site.90, 4, 154, 158
411483.3.peg.2077.site.91, 89, 145, 234
411483.3.peg.2077.site.92, 3, 155, 158
411483.3.peg.2077.site.93, 3, 155, 158
411483.3.peg.2077.site.94, 13, 147, 160
411483.3.peg.2077.site.95, 119, 148, 267
411483.3.peg.2074.site.1, 1, 153, 154
411483.3.peg.2074.site.2, 7, 155, 162
411483.3.peg.2074.site.3, 7, 154, 161
411483.3.peg.2074.site.4, 4, 154, 158
411483.3.peg.2074.site.5, 1, 154, 155
411483.3.peg.2074.site.6, 11, 154, 165
411483.3.peg.2074.site.7, 78, 148, 226
411483.3.peg.2074.site.8, 2, 148, 150
411483.3.peg.2074.site.9, 140, 148, 288
411483.3.peg.2074.site.10, 39, 145, 184
411483.3.peg.2074.site.11, 3, 154, 157
411483.3.peg.2074.site.12, 0, 154, 154
411483.3.peg.2074.site.13, 12, 151, 163
411483.3.peg.2074.site.14, 0, 149, 149
411483.3.peg.2074.site.15, 7, 154, 161
411483.3.peg.2074.site.16, 4, 154, 158
411483.3.peg.2074.site.17, 2, 153, 155
411483.3.peg.2074.site.18, 2, 154, 156
411483.3.peg.2074.site.19, 1, 154, 155
411483.3.peg.2074.site.20, 95, 143, 238
411483.3.peg.2074.site.21, 2, 150, 152
411483.3.peg.2074.site.22, 1, 151, 152
411483.3.peg.2074.site.23, 2, 152, 154
411483.3.peg.2074.site.24, 5, 152, 157
411483.3.peg.2074.site.25, 1, 151, 152
411483.3.peg.2074.site.26, 0, 152, 152
411483.3.peg.2074.site.27, 10, 154, 164
411483.3.peg.2074.site.28, 4, 155, 159
411483.3.peg.2074.site.29, 2, 155, 157
411483.3.peg.2074.site.30, 4, 154, 158
411483.3.peg.2074.site.31, 1, 155, 156
411483.3.peg.2074.site.32, 0, 152, 152
411483.3.peg.2074.site.33, 1, 150, 151
411483.3.peg.2074.site.34, 3, 153, 156
411483.3.peg.2074.site.35, 2, 154, 156
411483.3.peg.2074.site.36, 3, 155, 158
411483.3.peg.2074.site.37, 1, 155, 156
411483.3.peg.2074.site.38, 1, 155, 156
411483.3.peg.2074.site.39, 2, 151, 153
411483.3.peg.2074.site.40, 45, 141, 186
411483.3.peg.2074.site.41, 2, 149, 151
411483.3.peg.2074.site.42, 53, 141, 194
411483.3.peg.2074.site.43, 0, 147, 147
411483.3.peg.2074.site.44, 13, 147, 160
411483.3.peg.2074.site.45, 131, 139, 270
411483.3.peg.2074.site.46, 13, 146, 159
411483.3.peg.2074.site.47, 19, 143, 162
411483.3.peg.2074.site.48, 1, 152, 153
411483.3.peg.2074.site.49, 2, 153, 155
411483.3.peg.2074.site.50, 3, 149, 152
411483.3.peg.2074.site.51, 55, 133, 188
411483.3.peg.2074.site.52, 3, 149, 152
411483.3.peg.2074.site.53, 1, 151, 152
411483.3.peg.2074.site.54, 0, 147, 147
411483.3.peg.2074.site.55, 0, 152, 152
411483.3.peg.2074.site.56, 1, 154, 155
411483.3.peg.2075.site.1, 3, 153, 156
411483.3.peg.2075.site.2, 3, 152, 155
411483.3.peg.2075.site.3, 2, 152, 154
411483.3.peg.2075.site.4, 1, 145, 146
411483.3.peg.2075.site.5, 2, 141, 143
411483.3.peg.2075.site.6, 3, 141, 144
411483.3.peg.2075.site.7, 79, 125, 204
411483.3.peg.2278.site.1, 9, 153, 162
411483.3.peg.2278.site.2, 2, 155, 157
411483.3.peg.2278.site.3, 5, 152, 157
411483.3.peg.2278.site.4, 4, 151, 155
411483.3.peg.2278.site.5, 2, 152, 154
411483.3.peg.2278.site.6, 2, 144, 146
411483.3.peg.2278.site.7, 3, 143, 146
411483.3.peg.2278.site.8, 1, 144, 145
411483.3.peg.2278.site.9, 4, 140, 144
411483.3.peg.2278.site.10, 5, 137, 142
411483.3.peg.2278.site.11, 49, 122, 171
411483.3.peg.2278.site.12, 2, 122, 124
411483.3.peg.2278.site.13, 10, 113, 123
411483.3.peg.2278.site.14, 8, 125, 133
411483.3.peg.2278.site.15, 1, 127, 128
411483.3.peg.2278.site.16, 6, 130, 136
411483.3.peg.2278.site.17, 1, 139, 140
411483.3.peg.2278.site.18, 3, 144, 147
411483.3.peg.2278.site.19, 23, 139, 162
411483.3.peg.2278.site.20, 2, 149, 151
411483.3.peg.2278.site.21, 0, 148, 148
411483.3.peg.2278.site.22, 2, 147, 149
411483.3.peg.2278.site.23, 1, 148, 149
411483.3.peg.2278.site.24, 60, 130, 190
411483.3.peg.2278.site.25, 7, 142, 149
411483.3.peg.2278.site.26, 10, 138, 148
411483.3.peg.2278.site.27, 18, 130, 148
411483.3.peg.2278.site.28, 2, 131, 133
411483.3.peg.2278.site.29, 0, 129, 129
411483.3.peg.2278.site.30, 0, 127, 127
411483.3.peg.2278.site.31, 14, 116, 130
411483.3.peg.2278.site.32, 1, 104, 105
411483.3.peg.2278.site.33, 2, 108, 110
411483.3.peg.2278.site.34, 1, 107, 108
411483.3.peg.2278.site.35, 3, 115, 118
411483.3.peg.2278.site.36, 0, 108, 108
411483.3.peg.2278.site.37, 1, 113, 114
411483.3.peg.2278.site.38, 8, 129, 137
411483.3.peg.2278.site.39, 6, 137, 143
411483.3.peg.2278.site.40, 2, 141, 143
411483.3.peg.2278.site.41, 7, 147, 154
411483.3.peg.2278.site.42, 2, 143, 145
411483.3.peg.2278.site.43, 69, 137, 206
411483.3.peg.2278.site.44, 7, 151, 158
411483.3.peg.2278.site.45, 0, 151, 151
411483.3.peg.2278.site.46, 6, 149, 155
411483.3.peg.2278.site.47, 9, 146, 155
411483.3.peg.2278.site.48, 3, 149, 152
411483.3.peg.2278.site.49, 4, 145, 149
411483.3.peg.2278.site.50, 3, 150, 153
411483.3.peg.2278.site.51, 1, 149, 150
411483.3.peg.2278.site.52, 5, 151, 156
411483.3.peg.2278.site.53, 3, 154, 157
411483.3.peg.2278.site.54, 6, 149, 155
411483.3.peg.2278.site.55, 0, 151, 151
411483.3.peg.2278.site.56, 6, 146, 152
411483.3.peg.2278.site.57, 0, 153, 153
411483.3.peg.2278.site.58, 135, 148, 283
411483.3.peg.2278.site.59, 100, 136, 236
411483.3.peg.2278.site.60, 1, 151, 152
411483.3.peg.2278.site.61, 2, 148, 150
411483.3.peg.2278.site.62, 1, 150, 151
411483.3.peg.2278.site.63, 9, 148, 157
411483.3.peg.2278.site.64, 16, 142, 158
411483.3.peg.2278.site.65, 7, 146, 153
411483.3.peg.2278.site.66, 2, 145, 147
411483.3.peg.2278.site.67, 3, 147, 150
411483.3.peg.2278.site.68, 0, 145, 145
411483.3.peg.2278.site.69, 2, 142, 144
411483.3.peg.2278.site.70, 8, 135, 143
411483.3.peg.2278.site.71, 10, 138, 148
411483.3.peg.2278.site.72, 1, 144, 145
411483.3.peg.2278.site.73, 2, 149, 151
411483.3.peg.2278.site.74, 31, 141, 172
411483.3.peg.2278.site.75, 7, 142, 149
411483.3.peg.2278.site.76, 0, 140, 140
411483.3.peg.2278.site.77, 5, 138, 143
411483.3.peg.2278.site.78, 11, 130, 141
411483.3.peg.2278.site.79, 5, 137, 142
411483.3.peg.2278.site.80, 1, 139, 140
411483.3.peg.2278.site.81, 5, 142, 147
411483.3.peg.2278.site.82, 9, 142, 151
411483.3.peg.2278.site.83, 18, 133, 151
411483.3.peg.2278.site.84, 3, 141, 144
411483.3.peg.2278.site.85, 7, 142, 149
411483.3.peg.2278.site.86, 6, 145, 151
411483.3.peg.2278.site.87, 0, 148, 148
411483.3.peg.2278.site.88, 1, 150, 151
411483.3.peg.2278.site.89, 3, 153, 156
411483.3.peg.2278.site.90, 7, 149, 156
411483.3.peg.2278.site.91, 11, 146, 157
411483.3.peg.2278.site.92, 1, 148, 149
411483.3.peg.2278.site.93, 2, 145, 147
411483.3.peg.2278.site.94, 3, 145, 148
411483.3.peg.2278.site.95, 3, 147, 150
411483.3.peg.2278.site.96, 1, 147, 148
411483.3.peg.2278.site.97, 4, 148, 152
411483.3.peg.2278.site.98, 70, 139, 209
411483.3.peg.2278.site.99, 1, 151, 152
411483.3.peg.2278.site.100, 0, 151, 151
411483.3.peg.2278.site.101, 2, 152, 154
411483.3.peg.2278.site.102, 12, 149, 161
411483.3.peg.2278.site.103, 23, 149, 172
411483.3.peg.2278.site.104, 66, 142, 208
411483.3.peg.2278.site.105, 1, 154, 155
411483.3.peg.2278.site.106, 9, 151, 160
411483.3.peg.2278.site.107, 0, 152, 152
411483.3.peg.2278.site.108, 5, 154, 159
411483.3.peg.2278.site.109, 2, 153, 155
411483.3.peg.2278.site.110, 2, 154, 156
411483.3.peg.2278.site.111, 3, 155, 158
411483.3.peg.2278.site.112, 0, 154, 154
411483.3.peg.2278.site.113, 6, 154, 160
411483.3.peg.2278.site.114, 3, 154, 157
411483.3.peg.2278.site.115, 1, 154, 155
411483.3.peg.2278.site.116, 19, 152, 171
411483.3.peg.2278.site.117, 1, 153, 154
411483.3.peg.2278.site.118, 5, 149, 154
411483.3.peg.2278.site.119, 132, 146, 278
411483.3.peg.2278.site.120, 15, 143, 158
411483.3.peg.2278.site.121, 6, 150, 156
411483.3.peg.2278.site.122, 14, 151, 165
411483.3.peg.2278.site.123, 1, 153, 154
411483.3.peg.2278.site.124, 6, 152, 158
411483.3.peg.2278.site.125, 4, 154, 158
411483.3.peg.2278.site.126, 1, 152, 153
411483.3.peg.2278.site.127, 1, 152, 153
411483.3.peg.2278.site.128, 2, 154, 156
411483.3.peg.2278.site.129, 2, 152, 154
411483.3.peg.2278.site.130, 4, 155, 159
411483.3.peg.2278.site.131, 128, 150, 278
411483.3.peg.2278.site.132, 2, 153, 155
411483.3.peg.2278.site.133, 9, 150, 159
411483.3.peg.2278.site.134, 3, 152, 155
411483.3.peg.2279.site.1, 2, 155, 157
411483.3.peg.2279.site.2, 1, 155, 156
411483.3.peg.2279.site.3, 6, 155, 161
411483.3.peg.2279.site.4, 19, 147, 166
411483.3.peg.2279.site.5, 44, 146, 190
411483.3.peg.2279.site.6, 3, 154, 157
411483.3.peg.2279.site.7, 8, 152, 160
411483.3.peg.2279.site.8, 114, 145, 259
411483.3.peg.2279.site.9, 5, 152, 157
411483.3.peg.2279.site.10, 3, 153, 156
411483.3.peg.2279.site.11, 1, 148, 149
411483.3.peg.2279.site.12, 4, 146, 150
411483.3.peg.2279.site.13, 1, 153, 154
411483.3.peg.2279.site.14, 4, 152, 156
411483.3.peg.2279.site.15, 10, 150, 160
411483.3.peg.2279.site.16, 6, 147, 153
411483.3.peg.2279.site.17, 8, 141, 149
411483.3.peg.2279.site.18, 6, 144, 150
411483.3.peg.2279.site.19, 1, 147, 148
411483.3.peg.2279.site.20, 1, 147, 148
411483.3.peg.2279.site.21, 0, 145, 145
411483.3.peg.2279.site.22, 1, 148, 149
411483.3.peg.2279.site.23, 0, 154, 154
411483.3.peg.2279.site.24, 5, 154, 159
411483.3.peg.2279.site.25, 3, 154, 157
411483.3.peg.2279.site.26, 8, 147, 155
411483.3.peg.2279.site.27, 8, 150, 158
411483.3.peg.2279.site.28, 0, 148, 148
411483.3.peg.2279.site.29, 146, 150, 296
411483.3.peg.2279.site.30, 16, 142, 158
411483.3.peg.2279.site.31, 3, 147, 150
411483.3.peg.2279.site.32, 1, 147, 148
411483.3.peg.2279.site.33, 142, 142, 284
411483.3.peg.2279.site.34, 1, 140, 141
411483.3.peg.2279.site.35, 140, 140, 280
411483.3.peg.2279.site.36, 3, 133, 136
411483.3.peg.2279.site.37, 0, 134, 134
411483.3.peg.2279.site.38, 3, 135, 138
411483.3.peg.2279.site.39, 2, 127, 129
411483.3.peg.2279.site.40, 1, 109, 110
411483.3.peg.2279.site.41, 2, 111, 113
411483.3.peg.2279.site.42, 7, 94, 101
411483.3.peg.2279.site.43, 1, 100, 101
411483.3.peg.2279.site.44, 37, 103, 140
411483.3.peg.2279.site.45, 54, 93, 147
411483.3.peg.2279.site.46, 6, 112, 118
411483.3.peg.2279.site.47, 88, 112, 200
411483.3.peg.2279.site.48, 6, 130, 136
411483.3.peg.2279.site.49, 4, 131, 135
411483.3.peg.2279.site.50, 9, 133, 142
411483.3.peg.2279.site.51, 6, 134, 140
411483.3.peg.2279.site.52, 0, 142, 142
411483.3.peg.2279.site.53, 6, 144, 150
411483.3.peg.2279.site.54, 102, 139, 241
411483.3.peg.2279.site.55, 6, 150, 156
411483.3.peg.2279.site.56, 2, 154, 156
411483.3.peg.2279.site.57, 154, 154, 308
411483.3.peg.2279.site.58, 91, 142, 233
411483.3.peg.2279.site.59, 1, 152, 153
411483.3.peg.2279.site.60, 3, 153, 156
411483.3.peg.2279.site.61, 4, 154, 158
411483.3.peg.2279.site.62, 1, 153, 154
411483.3.peg.2279.site.63, 6, 149, 155
411483.3.peg.2279.site.64, 4, 152, 156
411483.3.peg.2279.site.65, 50, 147, 197
411483.3.peg.2279.site.66, 17, 142, 159
411483.3.peg.2279.site.67, 16, 146, 162
411483.3.peg.2279.site.68, 3, 153, 156
411483.3.peg.2279.site.69, 0, 153, 153
411483.3.peg.2279.site.70, 5, 154, 159
411483.3.peg.2279.site.71, 3, 151, 154
411483.3.peg.2279.site.72, 2, 153, 155
411483.3.peg.2279.site.73, 4, 147, 151
411483.3.peg.2279.site.74, 20, 147, 167
411483.3.peg.2279.site.75, 54, 141, 195
411483.3.peg.2279.site.76, 0, 153, 153
411483.3.peg.2279.site.77, 12, 154, 166
411483.3.peg.2274.site.1, 11, 144, 155
411483.3.peg.2274.site.2, 1, 151, 152
411483.3.peg.2274.site.3, 2, 144, 146
411483.3.peg.2274.site.4, 7, 130, 137
411483.3.peg.2274.site.5, 11, 136, 147
411483.3.peg.2274.site.6, 4, 136, 140
411483.3.peg.2274.site.7, 2, 137, 139
411483.3.peg.2274.site.8, 4, 126, 130
411483.3.peg.2274.site.9, 111, 115, 226
411483.3.peg.2274.site.10, 103, 121, 224
411483.3.peg.2274.site.11, 95, 131, 226
411483.3.peg.2274.site.12, 6, 142, 148
411483.3.peg.2274.site.13, 15, 147, 162
411483.3.peg.2274.site.14, 2, 152, 154
411483.3.peg.2274.site.15, 2, 150, 152
411483.3.peg.2274.site.16, 4, 154, 158
411483.3.peg.2274.site.17, 2, 154, 156
411483.3.peg.2274.site.18, 2, 153, 155
411483.3.peg.2274.site.19, 2, 153, 155
411483.3.peg.2274.site.20, 5, 153, 158
411483.3.peg.2274.site.21, 1, 153, 154
411483.3.peg.2274.site.22, 4, 153, 157
411483.3.peg.2274.site.23, 2, 153, 155
411483.3.peg.2274.site.24, 4, 149, 153
411483.3.peg.2274.site.25, 29, 145, 174
411483.3.peg.2274.site.26, 36, 142, 178
411483.3.peg.2274.site.27, 3, 147, 150
411483.3.peg.2274.site.28, 1, 148, 149
411483.3.peg.2274.site.29, 1, 151, 152
411483.3.peg.2274.site.30, 1, 152, 153
411483.3.peg.2274.site.31, 2, 146, 148
411483.3.peg.2274.site.32, 13, 148, 161
411483.3.peg.2274.site.33, 2, 153, 155
411483.3.peg.2274.site.34, 12, 154, 166
411483.3.peg.2274.site.35, 1, 153, 154
411483.3.peg.2274.site.36, 7, 153, 160
411483.3.peg.2274.site.37, 2, 155, 157
411483.3.peg.2274.site.38, 2, 154, 156
411483.3.peg.2274.site.39, 1, 153, 154
411483.3.peg.2274.site.40, 5, 153, 158
411483.3.peg.2274.site.41, 2, 153, 155
411483.3.peg.2274.site.42, 1, 153, 154
411483.3.peg.2274.site.43, 1, 153, 154
411483.3.peg.2274.site.44, 3, 153, 156
411483.3.peg.2274.site.45, 3, 155, 158
411483.3.peg.2274.site.46, 7, 155, 162
411483.3.peg.2274.site.47, 91, 139, 230
411483.3.peg.2274.site.48, 5, 154, 159
411483.3.peg.2274.site.49, 0, 154, 154
411483.3.peg.2274.site.50, 1, 149, 150
411483.3.peg.2274.site.51, 2, 149, 151
411483.3.peg.2274.site.52, 4, 154, 158
411483.3.peg.2274.site.53, 5, 155, 160
411483.3.peg.2274.site.54, 1, 154, 155
411483.3.peg.2274.site.55, 2, 151, 153
411483.3.peg.2274.site.56, 0, 152, 152
411483.3.peg.2274.site.57, 1, 152, 153
411483.3.peg.2274.site.58, 4, 154, 158
411483.3.peg.2274.site.59, 1, 155, 156
411483.3.peg.2274.site.60, 54, 139, 193
411483.3.peg.2274.site.61, 1, 153, 154
411483.3.peg.2274.site.62, 8, 150, 158
411483.3.peg.2274.site.63, 1, 154, 155
411483.3.peg.2274.site.64, 2, 154, 156
411483.3.peg.2274.site.65, 1, 154, 155
411483.3.peg.2274.site.66, 1, 153, 154
411483.3.peg.2274.site.67, 0, 149, 149
411483.3.peg.2274.site.68, 1, 150, 151
411483.3.peg.2274.site.69, 3, 151, 154
411483.3.peg.2274.site.70, 2, 152, 154
411483.3.peg.2274.site.71, 0, 145, 145
411483.3.peg.2274.site.72, 1, 140, 141
411483.3.peg.2274.site.73, 7, 144, 151
411483.3.peg.2274.site.74, 9, 145, 154
411483.3.peg.2274.site.75, 4, 153, 157
411483.3.peg.2274.site.76, 4, 149, 153
411483.3.peg.2274.site.77, 2, 154, 156
411483.3.peg.2274.site.78, 1, 154, 155
411483.3.peg.2274.site.79, 2, 154, 156
411483.3.peg.2274.site.80, 4, 153, 157
411483.3.peg.2274.site.81, 4, 154, 158
411483.3.peg.2274.site.82, 4, 153, 157
411483.3.peg.2274.site.83, 11, 151, 162
411483.3.peg.2274.site.84, 5, 152, 157
411483.3.peg.2274.site.85, 47, 148, 195
411483.3.peg.2274.site.86, 4, 152, 156
411483.3.peg.2274.site.87, 1, 154, 155
411483.3.peg.2274.site.88, 2, 155, 157
411483.3.peg.2274.site.89, 7, 155, 162
411483.3.peg.2274.site.90, 33, 146, 179
411483.3.peg.2274.site.91, 1, 153, 154
411483.3.peg.2274.site.92, 11, 155, 166
411483.3.peg.2274.site.93, 1, 154, 155
411483.3.peg.2274.site.94, 1, 155, 156
411483.3.peg.2274.site.95, 31, 148, 179
411483.3.peg.2274.site.96, 0, 151, 151
411483.3.peg.2274.site.97, 2, 153, 155
411483.3.peg.2274.site.98, 150, 153, 303
411483.3.peg.2275.site.1, 2, 152, 154
411483.3.peg.2275.site.2, 1, 153, 154
411483.3.peg.2275.site.3, 5, 151, 156
411483.3.peg.2275.site.4, 2, 151, 153
411483.3.peg.2275.site.5, 59, 144, 203
411483.3.peg.2275.site.6, 51, 144, 195
411483.3.peg.2275.site.7, 5, 150, 155
411483.3.peg.2275.site.8, 1, 154, 155
411483.3.peg.2275.site.9, 3, 154, 157
411483.3.peg.2275.site.10, 6, 146, 152
411483.3.peg.2275.site.11, 1, 154, 155
411483.3.peg.2275.site.12, 6, 153, 159
411483.3.peg.2275.site.13, 3, 155, 158
411483.3.peg.2275.site.14, 1, 155, 156
411483.3.peg.2275.site.15, 1, 155, 156
411483.3.peg.2275.site.16, 5, 154, 159
411483.3.peg.2275.site.17, 0, 153, 153
411483.3.peg.2275.site.18, 8, 152, 160
411483.3.peg.2275.site.19, 2, 155, 157
411483.3.peg.2275.site.20, 11, 154, 165
411483.3.peg.2275.site.21, 3, 154, 157
411483.3.peg.2275.site.22, 2, 154, 156
411483.3.peg.2275.site.23, 0, 154, 154
411483.3.peg.2275.site.24, 11, 148, 159
411483.3.peg.2275.site.25, 2, 150, 152
411483.3.peg.2275.site.26, 1, 152, 153
411483.3.peg.2275.site.27, 1, 152, 153
411483.3.peg.2275.site.28, 1, 143, 144
411483.3.peg.2275.site.29, 1, 148, 149
411483.3.peg.2275.site.30, 2, 150, 152
411483.3.peg.2275.site.31, 1, 149, 150
411483.3.peg.2275.site.32, 6, 148, 154
411483.3.peg.2275.site.33, 3, 151, 154
411483.3.peg.2275.site.34, 6, 148, 154
411483.3.peg.2275.site.35, 0, 152, 152
411483.3.peg.2275.site.36, 3, 152, 155
411483.3.peg.2275.site.37, 8, 150, 158
411483.3.peg.2275.site.38, 1, 153, 154
411483.3.peg.2275.site.39, 141, 148, 289
411483.3.peg.2275.site.40, 1, 154, 155
411483.3.peg.2275.site.41, 29, 145, 174
411483.3.peg.2275.site.42, 1, 150, 151
411483.3.peg.2275.site.43, 10, 150, 160
411483.3.peg.2275.site.44, 3, 151, 154
411483.3.peg.2275.site.45, 43, 144, 187
411483.3.peg.2275.site.46, 1, 154, 155
411483.3.peg.2275.site.47, 2, 154, 156
411483.3.peg.2275.site.48, 20, 149, 169
411483.3.peg.2275.site.49, 1, 154, 155
411483.3.peg.2275.site.50, 6, 154, 160
411483.3.peg.2275.site.51, 2, 153, 155
411483.3.peg.2275.site.52, 72, 137, 209
411483.3.peg.2275.site.53, 2, 154, 156
411483.3.peg.2275.site.54, 4, 155, 159
411483.3.peg.2275.site.55, 10, 151, 161
411483.3.peg.2275.site.56, 8, 152, 160
411483.3.peg.2275.site.57, 1, 153, 154
411483.3.peg.2275.site.58, 2, 153, 155
411483.3.peg.2275.site.59, 1, 150, 151
411483.3.peg.2275.site.60, 5, 153, 158
411483.3.peg.2275.site.61, 83, 146, 229
411483.3.peg.2275.site.62, 0, 151, 151
411483.3.peg.2275.site.63, 9, 153, 162
411483.3.peg.2275.site.64, 0, 152, 152
411483.3.peg.2275.site.65, 11, 147, 158
411483.3.peg.2275.site.66, 1, 153, 154
411483.3.peg.2275.site.67, 4, 151, 155
411483.3.peg.2275.site.68, 99, 140, 239
411483.3.peg.2275.site.69, 43, 136, 179
411483.3.peg.2275.site.70, 1, 144, 145
411483.3.peg.2275.site.71, 3, 146, 149
411483.3.peg.2275.site.72, 1, 152, 153
411483.3.peg.2275.site.73, 13, 144, 157
411483.3.peg.2275.site.74, 0, 153, 153
411483.3.peg.2275.site.75, 4, 153, 157
411483.3.peg.2275.site.76, 6, 154, 160
411483.3.peg.2275.site.77, 0, 154, 154
411483.3.peg.2275.site.78, 5, 154, 159
411483.3.peg.2275.site.79, 1, 154, 155
411483.3.peg.2275.site.80, 1, 154, 155
411483.3.peg.2275.site.81, 27, 144, 171
411483.3.peg.2275.site.82, 4, 152, 156
411483.3.peg.2275.site.83, 13, 148, 161
411483.3.peg.2275.site.84, 1, 155, 156
411483.3.peg.2275.site.85, 2, 154, 156
411483.3.peg.2275.site.86, 5, 154, 159
411483.3.peg.2275.site.87, 9, 152, 161
411483.3.peg.2275.site.88, 1, 154, 155
411483.3.peg.2275.site.89, 3, 155, 158
411483.3.peg.2276.site.1, 2, 151, 153
411483.3.peg.2276.site.2, 4, 152, 156
411483.3.peg.2276.site.3, 2, 148, 150
411483.3.peg.2276.site.4, 0, 148, 148
411483.3.peg.2276.site.5, 4, 144, 148
411483.3.peg.2276.site.6, 1, 150, 151
411483.3.peg.2276.site.7, 40, 147, 187
411483.3.peg.2276.site.8, 1, 155, 156
411483.3.peg.2276.site.9, 1, 155, 156
411483.3.peg.2276.site.10, 4, 154, 158
411483.3.peg.2276.site.11, 4, 155, 159
411483.3.peg.2276.site.12, 0, 153, 153
411483.3.peg.2276.site.13, 2, 155, 157
411483.3.peg.2276.site.14, 0, 155, 155
411483.3.peg.2276.site.15, 1, 154, 155
411483.3.peg.2276.site.16, 1, 155, 156
411483.3.peg.2276.site.17, 18, 149, 167
411483.3.peg.2276.site.18, 138, 151, 289
411483.3.peg.2276.site.19, 2, 149, 151
411483.3.peg.2276.site.20, 110, 143, 253
411483.3.peg.2276.site.21, 1, 149, 150
411483.3.peg.2276.site.22, 3, 149, 152
411483.3.peg.2276.site.23, 0, 149, 149
411483.3.peg.2276.site.24, 118, 143, 261
411483.3.peg.2276.site.25, 6, 144, 150
411483.3.peg.2276.site.26, 86, 133, 219
411483.3.peg.2276.site.27, 2, 144, 146
411483.3.peg.2276.site.28, 3, 147, 150
411483.3.peg.2276.site.29, 1, 146, 147
411483.3.peg.2276.site.30, 15, 143, 158
411483.3.peg.2276.site.31, 5, 138, 143
411483.3.peg.2276.site.32, 0, 142, 142
411483.3.peg.2276.site.33, 0, 145, 145
411483.3.peg.2276.site.34, 0, 145, 145
411483.3.peg.2276.site.35, 3, 141, 144
411483.3.peg.2276.site.36, 2, 150, 152
411483.3.peg.2276.site.37, 4, 144, 148
411483.3.peg.2276.site.38, 3, 152, 155
411483.3.peg.2276.site.39, 2, 152, 154
411483.3.peg.2276.site.40, 2, 148, 150
411483.3.peg.2276.site.41, 2, 152, 154
411483.3.peg.2276.site.42, 0, 147, 147
411483.3.peg.2276.site.43, 13, 151, 164
411483.3.peg.2276.site.44, 92, 142, 234
411483.3.peg.2276.site.45, 1, 150, 151
411483.3.peg.2276.site.46, 0, 152, 152
411483.3.peg.2276.site.47, 1, 154, 155
411483.3.peg.2276.site.48, 14, 150, 164
411483.3.peg.2276.site.49, 2, 151, 153
411483.3.peg.2276.site.50, 17, 146, 163
411483.3.peg.2276.site.51, 1, 154, 155
411483.3.peg.2276.site.52, 61, 144, 205
411483.3.peg.2276.site.53, 155, 155, 310
411483.3.peg.2276.site.54, 1, 153, 154
411483.3.peg.2276.site.55, 9, 152, 161
411483.3.peg.2276.site.56, 3, 153, 156
411483.3.peg.2276.site.57, 1, 155, 156
411483.3.peg.2276.site.58, 2, 154, 156
411483.3.peg.2276.site.59, 2, 153, 155
411483.3.peg.2276.site.60, 4, 149, 153
411483.3.peg.2276.site.61, 5, 153, 158
411483.3.peg.2276.site.62, 3, 151, 154
411483.3.peg.2276.site.63, 1, 154, 155
411483.3.peg.2276.site.64, 2, 149, 151
411483.3.peg.2276.site.65, 3, 151, 154
411483.3.peg.2276.site.66, 0, 149, 149
411483.3.peg.2276.site.67, 1, 149, 150
411483.3.peg.2276.site.68, 2, 152, 154
411483.3.peg.2276.site.69, 14, 146, 160
411483.3.peg.2276.site.70, 1, 148, 149
411483.3.peg.2276.site.71, 5, 153, 158
411483.3.peg.2276.site.72, 0, 152, 152
411483.3.peg.2276.site.73, 9, 151, 160
411483.3.peg.2276.site.74, 1, 153, 154
411483.3.peg.2277.site.1, 0, 154, 154
411483.3.peg.2277.site.2, 0, 153, 153
411483.3.peg.2277.site.3, 3, 153, 156
411483.3.peg.2277.site.4, 2, 154, 156
411483.3.peg.2277.site.5, 0, 153, 153
411483.3.peg.2277.site.6, 1, 152, 153
411483.3.peg.2277.site.7, 16, 151, 167
411483.3.peg.2277.site.8, 3, 149, 152
411483.3.peg.2277.site.9, 0, 153, 153
411483.3.peg.2277.site.10, 0, 153, 153
411483.3.peg.2277.site.11, 11, 151, 162
411483.3.peg.2277.site.12, 30, 150, 180
411483.3.peg.2277.site.13, 5, 154, 159
411483.3.peg.2277.site.14, 2, 153, 155
411483.3.peg.2277.site.15, 13, 151, 164
411483.3.peg.2277.site.16, 3, 154, 157
411483.3.peg.2277.site.17, 3, 153, 156
411483.3.peg.2277.site.18, 7, 153, 160
411483.3.peg.2277.site.19, 5, 152, 157
411483.3.peg.2277.site.20, 39, 142, 181
411483.3.peg.2277.site.21, 26, 138, 164
411483.3.peg.2277.site.22, 6, 148, 154
411483.3.peg.2277.site.23, 1, 147, 148
411483.3.peg.2277.site.24, 2, 128, 130
411483.3.peg.2277.site.25, 4, 137, 141
411483.3.peg.2277.site.26, 0, 135, 135
411483.3.peg.2277.site.27, 1, 133, 134
411483.3.peg.2277.site.28, 1, 144, 145
411483.3.peg.2277.site.29, 6, 144, 150
411483.3.peg.2277.site.30, 7, 150, 157
411483.3.peg.2277.site.31, 12, 153, 165
411483.3.peg.2277.site.32, 1, 155, 156
411483.3.peg.2277.site.33, 1, 154, 155
411483.3.peg.2277.site.34, 1, 154, 155
411483.3.peg.2277.site.35, 1, 154, 155
411483.3.peg.2277.site.36, 3, 154, 157
411483.3.peg.2277.site.37, 1, 154, 155
411483.3.peg.2270.site.1, 0, 153, 153
411483.3.peg.2270.site.2, 2, 126, 128
411483.3.peg.2270.site.3, 1, 111, 112
411483.3.peg.2270.site.4, 0, 123, 123
411483.3.peg.2270.site.5, 2, 121, 123
411483.3.peg.2270.site.6, 4, 124, 128
411483.3.peg.2270.site.7, 5, 127, 132
411483.3.peg.2270.site.8, 2, 143, 145
411483.3.peg.2270.site.9, 140, 143, 283
411483.3.peg.2270.site.10, 1, 143, 144
411483.3.peg.2270.site.11, 6, 139, 145
411483.3.peg.2270.site.12, 4, 140, 144
411483.3.peg.2270.site.13, 1, 145, 146
411483.3.peg.2270.site.14, 2, 143, 145
411483.3.peg.2270.site.15, 3, 145, 148
411483.3.peg.2270.site.16, 5, 146, 151
411483.3.peg.2270.site.17, 1, 151, 152
411483.3.peg.2270.site.18, 4, 145, 149
411483.3.peg.2270.site.19, 1, 152, 153
411483.3.peg.2270.site.20, 7, 144, 151
411483.3.peg.2270.site.21, 39, 143, 182
411483.3.peg.2270.site.22, 6, 145, 151
411483.3.peg.2270.site.23, 43, 138, 181
411483.3.peg.2270.site.24, 6, 149, 155
411483.3.peg.2270.site.25, 2, 154, 156
411483.3.peg.2270.site.26, 0, 153, 153
411483.3.peg.2270.site.27, 3, 154, 157
411483.3.peg.2270.site.28, 2, 143, 145
411483.3.peg.2271.site.1, 7, 101, 108
411483.3.peg.2271.site.2, 1, 122, 123
411483.3.peg.2271.site.3, 2, 126, 128
411483.3.peg.2271.site.4, 1, 128, 129
411483.3.peg.2271.site.5, 2, 129, 131
411483.3.peg.2271.site.6, 1, 129, 130
411483.3.peg.2271.site.7, 2, 134, 136
411483.3.peg.2271.site.8, 129, 131, 260
411483.3.peg.2271.site.9, 2, 122, 124
411483.3.peg.2271.site.10, 1, 122, 123
411483.3.peg.2271.site.11, 3, 124, 127
411483.3.peg.2271.site.12, 4, 129, 133
411483.3.peg.2271.site.13, 5, 124, 129
411483.3.peg.2271.site.14, 1, 120, 121
411483.3.peg.2271.site.15, 4, 121, 125
411483.3.peg.2271.site.16, 15, 94, 109
411483.3.peg.2271.site.17, 49, 111, 160
411483.3.peg.2271.site.18, 2, 105, 107
411483.3.peg.2271.site.19, 3, 106, 109
411483.3.peg.2271.site.20, 1, 112, 113
411483.3.peg.2271.site.21, 1, 106, 107
411483.3.peg.2271.site.22, 19, 109, 128
411483.3.peg.2271.site.23, 0, 107, 107
411483.3.peg.2271.site.24, 79, 108, 187
411483.3.peg.2271.site.25, 1, 121, 122
411483.3.peg.2271.site.26, 115, 115, 230
411483.3.peg.2271.site.27, 17, 97, 114
411483.3.peg.2271.site.28, 52, 88, 140
411483.3.peg.2271.site.29, 19, 98, 117
411483.3.peg.2271.site.30, 3, 109, 112
411483.3.peg.2271.site.31, 3, 101, 104
411483.3.peg.2271.site.32, 4, 102, 106
411483.3.peg.2271.site.33, 4, 95, 99
411483.3.peg.2271.site.34, 68, 93, 161
411483.3.peg.2271.site.35, 3, 111, 114
411483.3.peg.2271.site.36, 5, 109, 114
411483.3.peg.2271.site.37, 1, 117, 118
411483.3.peg.2271.site.38, 2, 120, 122
411483.3.peg.2271.site.39, 1, 118, 119
411483.3.peg.2271.site.40, 2, 117, 119
411483.3.peg.2271.site.41, 14, 108, 122
411483.3.peg.2271.site.42, 119, 122, 241
411483.3.peg.2271.site.43, 50, 116, 166
411483.3.peg.2271.site.44, 32, 122, 154
411483.3.peg.2271.site.45, 0, 130, 130
411483.3.peg.2271.site.46, 52, 135, 187
411483.3.peg.2271.site.47, 3, 139, 142
411483.3.peg.2271.site.48, 1, 142, 143
411483.3.peg.2271.site.49, 3, 143, 146
411483.3.peg.2271.site.50, 1, 148, 149
411483.3.peg.2271.site.51, 1, 148, 149
411483.3.peg.2271.site.52, 2, 151, 153
411483.3.peg.2271.site.53, 2, 153, 155
411483.3.peg.2271.site.54, 32, 148, 180
411483.3.peg.2271.site.55, 1, 151, 152
411483.3.peg.2271.site.56, 2, 152, 154
411483.3.peg.2271.site.57, 50, 142, 192
411483.3.peg.2271.site.58, 39, 146, 185
411483.3.peg.2271.site.59, 5, 143, 148
411483.3.peg.2271.site.60, 123, 128, 251
411483.3.peg.2271.site.61, 6, 122, 128
411483.3.peg.2271.site.62, 9, 113, 122
411483.3.peg.2271.site.63, 15, 114, 129
411483.3.peg.2271.site.64, 1, 91, 92
411483.3.peg.2271.site.65, 28, 125, 153
411483.3.peg.2271.site.66, 3, 125, 128
411483.3.peg.2271.site.67, 3, 121, 124
411483.3.peg.2271.site.68, 3, 131, 134
411483.3.peg.2271.site.69, 1, 133, 134
411483.3.peg.2271.site.70, 6, 140, 146
411483.3.peg.2271.site.71, 1, 138, 139
411483.3.peg.2271.site.72, 2, 135, 137
411483.3.peg.2271.site.73, 4, 134, 138
411483.3.peg.2271.site.74, 1, 139, 140
411483.3.peg.2271.site.75, 1, 139, 140
411483.3.peg.2271.site.76, 57, 140, 197
411483.3.peg.2271.site.77, 4, 145, 149
411483.3.peg.2271.site.78, 3, 149, 152
411483.3.peg.2271.site.79, 1, 152, 153
411483.3.peg.2271.site.80, 3, 149, 152
411483.3.peg.2271.site.81, 1, 146, 147
411483.3.peg.2271.site.82, 2, 147, 149
411483.3.peg.2271.site.83, 4, 147, 151
411483.3.peg.2271.site.84, 9, 143, 152
411483.3.peg.2271.site.85, 1, 140, 141
411483.3.peg.2271.site.86, 7, 115, 122
411483.3.peg.2271.site.87, 1, 103, 104
411483.3.peg.2271.site.88, 10, 101, 111
411483.3.peg.2271.site.89, 6, 100, 106
411483.3.peg.2272.site.1, 4, 99, 103
411483.3.peg.2272.site.2, 0, 116, 116
411483.3.peg.2272.site.3, 3, 147, 150
411483.3.peg.2272.site.4, 1, 151, 152
411483.3.peg.2272.site.5, 1, 153, 154
411483.3.peg.2272.site.6, 2, 152, 154
411483.3.peg.2272.site.7, 0, 151, 151
411483.3.peg.2272.site.8, 4, 147, 151
411483.3.peg.2272.site.9, 1, 152, 153
411483.3.peg.2272.site.10, 5, 153, 158
411483.3.peg.2272.site.11, 37, 142, 179
411483.3.peg.2272.site.12, 1, 152, 153
411483.3.peg.2272.site.13, 1, 150, 151
411483.3.peg.2272.site.14, 4, 153, 157
411483.3.peg.2272.site.15, 1, 152, 153
411483.3.peg.2272.site.16, 7, 147, 154
411483.3.peg.2272.site.17, 3, 153, 156
411483.3.peg.2272.site.18, 5, 134, 139
411483.3.peg.2272.site.19, 6, 144, 150
411483.3.peg.2272.site.20, 1, 153, 154
411483.3.peg.2272.site.21, 6, 154, 160
411483.3.peg.2272.site.22, 2, 154, 156
411483.3.peg.2272.site.23, 2, 154, 156
411483.3.peg.2272.site.24, 30, 148, 178
411483.3.peg.2272.site.25, 4, 151, 155
411483.3.peg.2272.site.26, 5, 152, 157
411483.3.peg.2272.site.27, 3, 155, 158
411483.3.peg.2272.site.28, 1, 153, 154
411483.3.peg.2272.site.29, 12, 143, 155
411483.3.peg.2272.site.30, 4, 148, 152
411483.3.peg.2272.site.31, 2, 146, 148
411483.3.peg.2272.site.32, 1, 143, 144
411483.3.peg.2272.site.33, 4, 139, 143
411483.3.peg.2272.site.34, 2, 141, 143
411483.3.peg.2272.site.35, 4, 141, 145
411483.3.peg.2272.site.36, 1, 143, 144
411483.3.peg.2272.site.37, 1, 147, 148
411483.3.peg.2272.site.38, 9, 148, 157
411483.3.peg.2272.site.39, 11, 139, 150
411483.3.peg.2272.site.40, 3, 148, 151
411483.3.peg.2272.site.41, 2, 149, 151
411483.3.peg.2272.site.42, 2, 150, 152
411483.3.peg.2272.site.43, 2, 149, 151
411483.3.peg.2272.site.44, 6, 146, 152
411483.3.peg.2272.site.45, 3, 149, 152
411483.3.peg.2272.site.46, 1, 153, 154
411483.3.peg.2272.site.47, 8, 150, 158
411483.3.peg.2272.site.48, 2, 154, 156
411483.3.peg.2272.site.49, 2, 153, 155
411483.3.peg.2272.site.50, 2, 153, 155
411483.3.peg.2272.site.51, 10, 145, 155
411483.3.peg.2272.site.52, 2, 153, 155
411483.3.peg.2272.site.53, 5, 154, 159
411483.3.peg.2272.site.54, 7, 149, 156
411483.3.peg.2272.site.55, 4, 155, 159
411483.3.peg.2272.site.56, 4, 154, 158
411483.3.peg.2272.site.57, 1, 152, 153
411483.3.peg.2272.site.58, 84, 143, 227
411483.3.peg.2272.site.59, 6, 153, 159
411483.3.peg.2272.site.60, 1, 153, 154
411483.3.peg.2272.site.61, 2, 153, 155
411483.3.peg.2272.site.62, 2, 150, 152
411483.3.peg.2272.site.63, 4, 151, 155
411483.3.peg.2272.site.64, 2, 152, 154
411483.3.peg.2272.site.65, 0, 154, 154
411483.3.peg.2272.site.66, 3, 153, 156
411483.3.peg.2272.site.67, 24, 147, 171
411483.3.peg.2272.site.68, 8, 148, 156
411483.3.peg.2272.site.69, 1, 150, 151
411483.3.peg.2272.site.70, 2, 150, 152
411483.3.peg.2272.site.71, 1, 150, 151
411483.3.peg.2272.site.72, 2, 134, 136
411483.3.peg.2272.site.73, 2, 138, 140
411483.3.peg.2272.site.74, 12, 137, 149
411483.3.peg.2272.site.75, 2, 141, 143
411483.3.peg.2272.site.76, 2, 147, 149
411483.3.peg.2272.site.77, 0, 139, 139
411483.3.peg.2272.site.78, 1, 137, 138
411483.3.peg.2272.site.79, 3, 133, 136
411483.3.peg.2272.site.80, 93, 133, 226
411483.3.peg.2272.site.81, 7, 144, 151
411483.3.peg.2272.site.82, 9, 148, 157
411483.3.peg.2272.site.83, 1, 150, 151
411483.3.peg.2272.site.84, 12, 149, 161
411483.3.peg.2272.site.85, 41, 143, 184
411483.3.peg.2272.site.86, 7, 152, 159
411483.3.peg.2272.site.87, 4, 155, 159
411483.3.peg.2273.site.1, 8, 147, 155
411483.3.peg.2273.site.2, 3, 155, 158
411483.3.peg.2273.site.3, 4, 153, 157
411483.3.peg.2273.site.4, 1, 155, 156
411483.3.peg.2273.site.5, 0, 152, 152
411483.3.peg.2273.site.6, 1, 154, 155
411483.3.peg.2273.site.7, 17, 148, 165
411483.3.peg.2273.site.8, 1, 155, 156
411483.3.peg.2273.site.9, 8, 150, 158
411483.3.peg.1815.site.1, 2, 152, 154
411483.3.peg.1815.site.2, 13, 148, 161
411483.3.peg.1815.site.3, 5, 148, 153
411483.3.peg.1815.site.4, 1, 146, 147
411483.3.peg.1815.site.5, 128, 143, 271
411483.3.peg.1815.site.6, 1, 148, 149
411483.3.peg.1815.site.7, 1, 144, 145
411483.3.peg.1815.site.8, 4, 144, 148
411483.3.peg.1815.site.9, 5, 144, 149
411483.3.peg.1815.site.10, 2, 148, 150
411483.3.peg.1815.site.11, 1, 147, 148
411483.3.peg.1815.site.12, 17, 148, 165
411483.3.peg.1815.site.13, 2, 146, 148
411483.3.peg.1815.site.14, 2, 150, 152
411483.3.peg.1815.site.15, 9, 149, 158
411483.3.peg.1815.site.16, 15, 147, 162
411483.3.peg.1815.site.17, 6, 151, 157
411483.3.peg.1815.site.18, 14, 147, 161
411483.3.peg.1815.site.19, 121, 136, 257
411483.3.peg.1815.site.20, 4, 140, 144
411483.3.peg.1815.site.21, 3, 142, 145
411483.3.peg.1815.site.22, 7, 136, 143
411483.3.peg.1815.site.23, 7, 139, 146
411483.3.peg.1815.site.24, 2, 148, 150
411483.3.peg.1815.site.25, 1, 147, 148
411483.3.peg.1815.site.26, 4, 144, 148
411483.3.peg.1815.site.27, 3, 142, 145
411483.3.peg.1815.site.28, 1, 140, 141
411483.3.peg.1815.site.29, 1, 138, 139
411483.3.peg.1815.site.30, 7, 144, 151
411483.3.peg.1815.site.31, 1, 152, 153
411483.3.peg.1815.site.32, 1, 153, 154
411483.3.peg.1815.site.33, 30, 146, 176
411483.3.peg.2421.site.1, 5, 153, 158
411483.3.peg.2421.site.2, 13, 154, 167
411483.3.peg.2421.site.3, 28, 147, 175
411483.3.peg.2421.site.4, 3, 153, 156
411483.3.peg.2421.site.5, 3, 155, 158
411483.3.peg.2421.site.6, 6, 153, 159
411483.3.peg.2421.site.7, 15, 150, 165
411483.3.peg.2421.site.8, 6, 149, 155
411483.3.peg.2421.site.9, 38, 140, 178
411483.3.peg.2421.site.10, 0, 149, 149
411483.3.peg.2421.site.11, 6, 144, 150
411483.3.peg.1817.site.1, 9, 145, 154
411483.3.peg.1817.site.2, 12, 138, 150
411483.3.peg.1817.site.3, 2, 135, 137
411483.3.peg.1817.site.4, 0, 132, 132
411483.3.peg.1817.site.5, 5, 121, 126
411483.3.peg.1817.site.6, 44, 106, 150
411483.3.peg.1817.site.7, 5, 106, 111
411483.3.peg.1817.site.8, 2, 112, 114
411483.3.peg.1817.site.9, 3, 111, 114
411483.3.peg.1817.site.10, 6, 112, 118
411483.3.peg.1817.site.11, 4, 120, 124
411483.3.peg.1817.site.12, 1, 136, 137
411483.3.peg.1817.site.13, 1, 142, 143
411483.3.peg.1817.site.14, 45, 132, 177
411483.3.peg.1817.site.15, 5, 141, 146
411483.3.peg.1817.site.16, 140, 144, 284
411483.3.peg.1817.site.17, 8, 137, 145
411483.3.peg.1817.site.18, 3, 135, 138
411483.3.peg.1817.site.19, 5, 137, 142
411483.3.peg.1817.site.20, 5, 143, 148
411483.3.peg.1817.site.21, 35, 136, 171
411483.3.peg.1817.site.22, 2, 149, 151
411483.3.peg.1817.site.23, 1, 151, 152
411483.3.peg.1817.site.24, 16, 147, 163
411483.3.peg.1817.site.25, 94, 139, 233
411483.3.peg.1817.site.26, 6, 152, 158
411483.3.peg.1817.site.27, 0, 146, 146
411483.3.peg.1817.site.28, 26, 140, 166
411483.3.peg.1817.site.29, 2, 146, 148
411483.3.peg.1817.site.30, 4, 140, 144
411483.3.peg.1817.site.31, 135, 135, 270
411483.3.peg.1817.site.32, 3, 128, 131
411483.3.peg.1817.site.33, 53, 120, 173
411483.3.peg.1817.site.34, 1, 125, 126
411483.3.peg.1817.site.35, 5, 119, 124
411483.3.peg.1817.site.36, 11, 108, 119
411483.3.peg.1817.site.37, 8, 111, 119
411483.3.peg.1817.site.38, 2, 124, 126
411483.3.peg.1817.site.39, 5, 125, 130
411483.3.peg.1817.site.40, 1, 110, 111
411483.3.peg.1817.site.41, 3, 129, 132
411483.3.peg.1817.site.42, 10, 126, 136
411483.3.peg.1817.site.43, 13, 120, 133
411483.3.peg.1817.site.44, 3, 121, 124
411483.3.peg.1817.site.45, 9, 118, 127
411483.3.peg.1817.site.46, 14, 130, 144
411483.3.peg.1817.site.47, 8, 140, 148
411483.3.peg.1817.site.48, 10, 142, 152
411483.3.peg.1817.site.49, 74, 138, 212
411483.3.peg.1817.site.50, 2, 142, 144
411483.3.peg.1817.site.51, 5, 150, 155
411483.3.peg.1817.site.52, 5, 146, 151
411483.3.peg.1817.site.53, 145, 153, 298
411483.3.peg.1817.site.54, 1, 147, 148
411483.3.peg.1817.site.55, 2, 137, 139
411483.3.peg.1817.site.56, 1, 129, 130
411483.3.peg.1817.site.57, 4, 114, 118
411483.3.peg.1817.site.58, 5, 130, 135
411483.3.peg.1817.site.59, 1, 129, 130
411483.3.peg.1817.site.60, 143, 145, 288
411483.3.peg.1817.site.61, 2, 148, 150
411483.3.peg.1817.site.62, 44, 142, 186
411483.3.peg.1817.site.63, 1, 147, 148
411483.3.peg.1817.site.64, 8, 145, 153
411483.3.peg.1817.site.65, 1, 146, 147
411483.3.peg.1817.site.66, 0, 144, 144
411483.3.peg.1817.site.67, 2, 153, 155
411483.3.peg.1813.site.1, 2, 152, 154
411483.3.peg.1813.site.2, 0, 153, 153
411483.3.peg.1813.site.3, 17, 150, 167
411483.3.peg.1813.site.4, 155, 155, 310
411483.3.peg.1813.site.5, 7, 153, 160
411483.3.peg.1813.site.6, 2, 153, 155
411483.3.peg.1813.site.7, 30, 144, 174
411483.3.peg.1813.site.8, 31, 150, 181
411483.3.peg.1813.site.9, 10, 152, 162
411483.3.peg.1813.site.10, 1, 149, 150
411483.3.peg.1813.site.11, 4, 144, 148
411483.3.peg.1813.site.12, 28, 144, 172
411483.3.peg.1813.site.13, 29, 144, 173
411483.3.peg.1813.site.14, 4, 152, 156
411483.3.peg.1813.site.15, 1, 153, 154
411483.3.peg.1813.site.16, 8, 152, 160
411483.3.peg.1813.site.17, 12, 149, 161
411483.3.peg.1813.site.18, 16, 141, 157
411483.3.peg.1813.site.19, 5, 150, 155
411483.3.peg.1813.site.20, 6, 155, 161
411483.3.peg.1813.site.21, 2, 154, 156
411483.3.peg.1813.site.22, 0, 154, 154
411483.3.peg.1813.site.23, 5, 154, 159
411483.3.peg.1813.site.24, 1, 152, 153
411483.3.peg.1813.site.25, 9, 153, 162
411483.3.peg.1813.site.26, 0, 150, 150
411483.3.peg.1813.site.27, 1, 151, 152
411483.3.peg.1813.site.28, 1, 152, 153
411483.3.peg.1813.site.29, 7, 153, 160
411483.3.peg.1813.site.30, 0, 152, 152
411483.3.peg.1813.site.31, 2, 153, 155
411483.3.peg.1813.site.32, 1, 152, 153
411483.3.peg.1813.site.33, 3, 153, 156
411483.3.peg.1813.site.34, 51, 143, 194
411483.3.peg.1813.site.35, 9, 152, 161
411483.3.peg.1813.site.36, 5, 155, 160
411483.3.peg.1813.site.37, 1, 155, 156
411483.3.peg.1813.site.38, 23, 149, 172
411483.3.peg.1813.site.39, 0, 155, 155
411483.3.peg.1813.site.40, 5, 154, 159
411483.3.peg.1813.site.41, 53, 143, 196
411483.3.peg.1813.site.42, 3, 154, 157
411483.3.peg.1813.site.43, 0, 151, 151
411483.3.peg.1813.site.44, 1, 152, 153
411483.3.peg.1813.site.45, 5, 150, 155
411483.3.peg.1813.site.46, 0, 152, 152
411483.3.peg.1813.site.47, 3, 154, 157
411483.3.peg.1813.site.48, 1, 146, 147
411483.3.peg.1813.site.49, 2, 147, 149
411483.3.peg.1813.site.50, 137, 137, 274
411483.3.peg.1813.site.51, 0, 137, 137
411483.3.peg.1813.site.52, 0, 133, 133
411483.3.peg.1813.site.53, 1, 130, 131
411483.3.peg.1813.site.54, 2, 127, 129
411483.3.peg.1813.site.55, 0, 126, 126
411483.3.peg.1813.site.56, 57, 98, 155
411483.3.peg.1812.site.1, 0, 152, 152
411483.3.peg.1812.site.2, 151, 151, 302
411483.3.peg.1812.site.3, 8, 150, 158
411483.3.peg.1812.site.4, 1, 153, 154
411483.3.peg.1812.site.5, 0, 153, 153
411483.3.peg.1812.site.6, 3, 154, 157
411483.3.peg.1812.site.7, 4, 153, 157
411483.3.peg.1812.site.8, 4, 154, 158
411483.3.peg.1812.site.9, 1, 153, 154
411483.3.peg.1812.site.10, 2, 155, 157
411483.3.peg.1812.site.11, 29, 151, 180
411483.3.peg.1812.site.12, 2, 155, 157
411483.3.peg.1812.site.13, 4, 154, 158
411483.3.peg.1812.site.14, 68, 139, 207
411483.3.peg.1812.site.15, 9, 152, 161
411483.3.peg.1812.site.16, 1, 153, 154
411483.3.peg.1812.site.17, 4, 154, 158
411483.3.peg.1812.site.18, 1, 153, 154
411483.3.peg.1812.site.19, 1, 153, 154
411483.3.peg.1812.site.20, 18, 152, 170
411483.3.peg.1812.site.21, 3, 154, 157
411483.3.peg.1812.site.22, 2, 154, 156
411483.3.peg.1812.site.23, 1, 152, 153
411483.3.peg.1812.site.24, 2, 151, 153
411483.3.peg.1812.site.25, 125, 151, 276
411483.3.peg.1812.site.26, 0, 152, 152
411483.3.peg.1812.site.27, 9, 152, 161
411483.3.peg.1812.site.28, 2, 150, 152
411483.3.peg.1812.site.29, 1, 147, 148
411483.3.peg.1812.site.30, 1, 146, 147
411483.3.peg.1812.site.31, 33, 137, 170
411483.3.peg.1812.site.32, 2, 140, 142
411483.3.peg.1812.site.33, 15, 138, 153
411483.3.peg.1812.site.34, 2, 136, 138
411483.3.peg.1812.site.35, 5, 132, 137
411483.3.peg.1812.site.36, 2, 131, 133
411483.3.peg.1812.site.37, 2, 128, 130
411483.3.peg.1812.site.38, 4, 123, 127
411483.3.peg.1812.site.39, 66, 99, 165
411483.3.peg.1812.site.40, 0, 92, 92
411483.3.peg.1812.site.41, 1, 90, 91
411483.3.peg.1812.site.42, 39, 74, 113
411483.3.peg.1812.site.43, 4, 87, 91
411483.3.peg.1812.site.44, 4, 76, 80
411483.3.peg.1812.site.45, 2, 73, 75
411483.3.peg.1812.site.46, 68, 74, 142
411483.3.peg.1812.site.47, 2, 105, 107
411483.3.peg.1812.site.48, 1, 106, 107
411483.3.peg.1812.site.49, 3, 120, 123
411483.3.peg.1812.site.50, 1, 124, 125
411483.3.peg.1812.site.51, 1, 128, 129
411483.3.peg.1812.site.52, 8, 123, 131
411483.3.peg.1812.site.53, 0, 134, 134
411483.3.peg.1812.site.54, 1, 138, 139
411483.3.peg.1812.site.55, 3, 132, 135
411483.3.peg.1812.site.56, 1, 150, 151
411483.3.peg.1812.site.57, 111, 139, 250
411483.3.peg.1812.site.58, 64, 145, 209
411483.3.peg.1812.site.59, 4, 153, 157
411483.3.peg.1819.site.1, 1, 151, 152
411483.3.peg.1819.site.2, 21, 146, 167
411483.3.peg.1819.site.3, 14, 149, 163
411483.3.peg.1819.site.4, 2, 155, 157
411483.3.peg.1819.site.5, 4, 151, 155
411483.3.peg.1819.site.6, 20, 148, 168
411483.3.peg.1819.site.7, 1, 154, 155
411483.3.peg.1819.site.8, 14, 152, 166
411483.3.peg.1819.site.9, 1, 155, 156
411483.3.peg.1819.site.10, 11, 155, 166
411483.3.peg.1819.site.11, 31, 143, 174
411483.3.peg.1819.site.12, 20, 149, 169
411483.3.peg.1819.site.13, 4, 154, 158
411483.3.peg.1819.site.14, 4, 152, 156
411483.3.peg.1819.site.15, 4, 155, 159
411483.3.peg.1819.site.16, 1, 150, 151
411483.3.peg.1819.site.17, 3, 151, 154
411483.3.peg.1819.site.18, 5, 152, 157
411483.3.peg.1819.site.19, 3, 146, 149
411483.3.peg.1819.site.20, 5, 151, 156
411483.3.peg.1819.site.21, 1, 145, 146
411483.3.peg.1819.site.22, 1, 151, 152
411483.3.peg.1819.site.23, 5, 146, 151
411483.3.peg.1819.site.24, 9, 148, 157
411483.3.peg.1819.site.25, 151, 152, 303
411483.3.peg.1819.site.26, 0, 151, 151
411483.3.peg.1819.site.27, 0, 154, 154
411483.3.peg.1819.site.28, 0, 154, 154
411483.3.peg.1819.site.29, 10, 154, 164
411483.3.peg.1819.site.30, 4, 155, 159
411483.3.peg.1819.site.31, 1, 155, 156
411483.3.peg.1819.site.32, 0, 148, 148
411483.3.peg.1819.site.33, 4, 152, 156
411483.3.peg.1819.site.34, 1, 147, 148
411483.3.peg.1819.site.35, 4, 150, 154
411483.3.peg.1819.site.36, 0, 154, 154
411483.3.peg.1819.site.37, 0, 153, 153
411483.3.peg.1819.site.38, 30, 152, 182
411483.3.peg.1819.site.39, 102, 146, 248
411483.3.peg.1819.site.40, 18, 153, 171
411483.3.peg.1819.site.41, 109, 146, 255
411483.3.peg.1819.site.42, 3, 152, 155
411483.3.peg.1819.site.43, 1, 153, 154
411483.3.peg.1819.site.44, 4, 150, 154
411483.3.peg.1819.site.45, 23, 148, 171
411483.3.peg.1819.site.46, 1, 154, 155
411483.3.peg.1819.site.47, 1, 155, 156
411483.3.peg.1819.site.48, 2, 155, 157
411483.3.peg.1819.site.49, 106, 143, 249
411483.3.peg.1819.site.50, 5, 155, 160
411483.3.peg.1819.site.51, 5, 153, 158
411483.3.peg.1819.site.52, 1, 155, 156
411483.3.peg.1819.site.53, 3, 154, 157
411483.3.peg.1819.site.54, 17, 153, 170
411483.3.peg.1819.site.55, 2, 154, 156
411483.3.peg.1819.site.56, 7, 148, 155
411483.3.peg.1819.site.57, 10, 152, 162
411483.3.peg.1819.site.58, 94, 141, 235
411483.3.peg.1819.site.59, 0, 153, 153
411483.3.peg.1819.site.60, 1, 155, 156
411483.3.peg.1819.site.61, 0, 154, 154
411483.3.peg.1819.site.62, 2, 154, 156
411483.3.peg.1819.site.63, 3, 154, 157
411483.3.peg.1819.site.64, 11, 152, 163
411483.3.peg.1819.site.65, 8, 152, 160
411483.3.peg.1819.site.66, 0, 151, 151
411483.3.peg.1819.site.67, 144, 149, 293
411483.3.peg.1819.site.68, 1, 155, 156
411483.3.peg.1819.site.69, 10, 148, 158
411483.3.peg.1818.site.1, 6, 152, 158
411483.3.peg.1818.site.2, 1, 152, 153
411483.3.peg.1818.site.3, 2, 151, 153
411483.3.peg.1818.site.4, 3, 151, 154
411483.3.peg.1818.site.5, 69, 137, 206
411483.3.peg.1818.site.6, 18, 144, 162
411483.3.peg.1818.site.7, 14, 148, 162
411483.3.peg.1818.site.8, 20, 145, 165
411483.3.peg.1818.site.9, 25, 144, 169
411483.3.peg.1818.site.10, 2, 153, 155
411483.3.peg.1818.site.11, 1, 153, 154
411483.3.peg.1818.site.12, 152, 152, 304
411483.3.peg.1818.site.13, 2, 151, 153
411483.3.peg.1818.site.14, 1, 150, 151
411483.3.peg.1818.site.15, 19, 148, 167
411483.3.peg.1818.site.16, 1, 151, 152
411483.3.peg.1818.site.17, 9, 145, 154
411483.3.peg.1818.site.18, 44, 145, 189
411483.3.peg.1818.site.19, 52, 142, 194
411483.3.peg.1818.site.20, 7, 150, 157
411483.3.peg.1818.site.21, 2, 154, 156
411483.3.peg.1818.site.22, 75, 138, 213
411483.3.peg.1818.site.23, 37, 142, 179
411483.3.peg.1818.site.24, 2, 149, 151
411483.3.peg.1818.site.25, 0, 153, 153
411483.3.peg.1818.site.26, 5, 154, 159
411483.3.peg.1818.site.27, 4, 153, 157
411483.3.peg.1818.site.28, 4, 153, 157
411483.3.peg.1818.site.29, 67, 135, 202
411483.3.peg.1818.site.30, 4, 143, 147
411483.3.peg.1818.site.31, 16, 138, 154
411483.3.peg.1818.site.32, 4, 144, 148
411483.3.peg.2292.site.1, 2, 153, 155
411483.3.peg.2292.site.2, 3, 153, 156
411483.3.peg.2292.site.3, 7, 153, 160
411483.3.peg.2292.site.4, 1, 150, 151
411483.3.peg.2292.site.5, 56, 139, 195
411483.3.peg.2292.site.6, 3, 152, 155
411483.3.peg.2292.site.7, 6, 145, 151
411483.3.peg.2292.site.8, 3, 153, 156
411483.3.peg.2292.site.9, 1, 148, 149
411483.3.peg.2292.site.10, 34, 139, 173
411483.3.peg.2292.site.11, 0, 146, 146
411483.3.peg.2292.site.12, 3, 148, 151
411483.3.peg.2292.site.13, 1, 147, 148
411483.3.peg.2292.site.14, 3, 150, 153
411483.3.peg.2292.site.15, 1, 146, 147
411483.3.peg.2292.site.16, 1, 144, 145
411483.3.peg.2292.site.17, 2, 146, 148
411483.3.peg.2292.site.18, 1, 142, 143
411483.3.peg.2292.site.19, 4, 142, 146
411483.3.peg.2292.site.20, 9, 142, 151
411483.3.peg.2292.site.21, 18, 140, 158
411483.3.peg.2292.site.22, 1, 143, 144
411483.3.peg.2292.site.23, 83, 115, 198
411483.3.peg.2292.site.24, 14, 118, 132
411483.3.peg.2292.site.25, 16, 120, 136
411483.3.peg.2292.site.26, 48, 108, 156
411483.3.peg.2292.site.27, 3, 130, 133
411483.3.peg.2292.site.28, 12, 138, 150
411483.3.peg.2292.site.29, 57, 136, 193
411483.3.peg.2292.site.30, 11, 143, 154
411483.3.peg.2292.site.31, 26, 136, 162
411483.3.peg.2292.site.32, 0, 147, 147
411483.3.peg.2292.site.33, 116, 140, 256
411483.3.peg.2292.site.34, 3, 145, 148
411483.3.peg.2292.site.35, 5, 143, 148
411483.3.peg.2292.site.36, 3, 143, 146
411483.3.peg.2292.site.37, 11, 141, 152
411483.3.peg.2292.site.38, 1, 145, 146
411483.3.peg.2292.site.39, 1, 139, 140
411483.3.peg.2292.site.40, 1, 129, 130
411483.3.peg.2292.site.41, 40, 123, 163
411483.3.peg.2292.site.42, 13, 120, 133
411483.3.peg.2292.site.43, 6, 117, 123
411483.3.peg.2292.site.44, 100, 115, 215
411483.3.peg.2292.site.45, 107, 124, 231
411483.3.peg.2292.site.46, 1, 124, 125
411483.3.peg.2292.site.47, 3, 132, 135
411483.3.peg.2292.site.48, 10, 127, 137
411483.3.peg.2292.site.49, 36, 133, 169
411483.3.peg.2292.site.50, 54, 129, 183
411483.3.peg.2292.site.51, 14, 132, 146
411483.3.peg.2292.site.52, 7, 141, 148
411483.3.peg.2292.site.53, 14, 136, 150
411483.3.peg.2292.site.54, 2, 108, 110
411483.3.peg.2292.site.55, 7, 115, 122
411483.3.peg.2292.site.56, 1, 114, 115
411483.3.peg.2292.site.57, 21, 97, 118
411483.3.peg.2292.site.58, 0, 105, 105
411483.3.peg.2292.site.59, 3, 106, 109
411483.3.peg.2292.site.60, 98, 102, 200
411483.3.peg.2292.site.61, 5, 88, 93
411483.3.peg.2292.site.62, 19, 98, 117
411483.3.peg.2292.site.63, 8, 107, 115
411483.3.peg.2292.site.64, 2, 114, 116
411483.3.peg.2292.site.65, 37, 120, 157
411483.3.peg.2292.site.66, 9, 120, 129
411483.3.peg.2292.site.67, 6, 128, 134
411483.3.peg.2292.site.68, 1, 135, 136
411483.3.peg.2292.site.69, 21, 131, 152
411483.3.peg.2292.site.70, 19, 133, 152
411483.3.peg.2292.site.71, 11, 140, 151
411483.3.peg.2292.site.72, 6, 143, 149
411483.3.peg.2292.site.73, 14, 139, 153
411483.3.peg.2292.site.74, 1, 142, 143
411483.3.peg.2292.site.75, 13, 138, 151
411483.3.peg.2292.site.76, 5, 139, 144
411483.3.peg.2292.site.77, 1, 138, 139
411483.3.peg.2292.site.78, 32, 127, 159
411483.3.peg.2292.site.79, 0, 133, 133
411483.3.peg.2292.site.80, 5, 133, 138
411483.3.peg.2292.site.81, 5, 136, 141
411483.3.peg.2292.site.82, 4, 134, 138
411483.3.peg.2292.site.83, 0, 128, 128
411483.3.peg.2292.site.84, 1, 130, 131
411483.3.peg.2292.site.85, 5, 127, 132
411483.3.peg.2292.site.86, 3, 129, 132
411483.3.peg.2292.site.87, 0, 130, 130
411483.3.peg.2292.site.88, 0, 125, 125
411483.3.peg.2292.site.89, 2, 115, 117
411483.3.peg.2292.site.90, 25, 103, 128
411483.3.peg.2292.site.91, 1, 125, 126
411483.3.peg.2292.site.92, 4, 120, 124
411483.3.peg.2292.site.93, 1, 125, 126
411483.3.peg.2292.site.94, 2, 114, 116
411483.3.peg.2292.site.95, 2, 112, 114
411483.3.peg.2292.site.96, 11, 110, 121
411483.3.peg.2292.site.97, 14, 110, 124
411483.3.peg.2292.site.98, 12, 113, 125
411483.3.peg.2292.site.99, 46, 116, 162
411483.3.peg.2292.site.100, 4, 136, 140
411483.3.peg.2292.site.101, 2, 134, 136
411483.3.peg.2292.site.102, 37, 128, 165
411483.3.peg.2292.site.103, 0, 146, 146
411483.3.peg.2292.site.104, 0, 150, 150
411483.3.peg.2293.site.1, 143, 147, 290
411483.3.peg.2293.site.2, 4, 149, 153
411483.3.peg.2293.site.3, 3, 147, 150
411483.3.peg.2293.site.4, 0, 152, 152
411483.3.peg.2293.site.5, 3, 153, 156
411483.3.peg.2293.site.6, 1, 155, 156
411483.3.peg.2293.site.7, 4, 153, 157
411483.3.peg.2293.site.8, 18, 152, 170
411483.3.peg.2293.site.9, 0, 154, 154
411483.3.peg.2293.site.10, 1, 154, 155
411483.3.peg.2293.site.11, 11, 150, 161
411483.3.peg.2293.site.12, 2, 151, 153
411483.3.peg.2293.site.13, 6, 147, 153
411483.3.peg.2293.site.14, 12, 143, 155
411483.3.peg.2293.site.15, 55, 131, 186
411483.3.peg.2293.site.16, 40, 115, 155
411483.3.peg.2293.site.17, 0, 112, 112
411483.3.peg.2293.site.18, 10, 120, 130
411483.3.peg.2293.site.19, 102, 110, 212
411483.3.peg.2293.site.20, 1, 114, 115
411483.3.peg.2293.site.21, 5, 109, 114
411483.3.peg.2293.site.22, 5, 109, 114
411483.3.peg.2293.site.23, 65, 101, 166
411483.3.peg.2293.site.24, 84, 107, 191
411483.3.peg.2293.site.25, 13, 133, 146
411483.3.peg.2293.site.26, 4, 144, 148
411483.3.peg.2293.site.27, 2, 147, 149
411483.3.peg.2293.site.28, 4, 144, 148
411483.3.peg.2293.site.29, 8, 146, 154
411483.3.peg.2293.site.30, 25, 142, 167
411483.3.peg.2293.site.31, 3, 148, 151
411483.3.peg.2293.site.32, 1, 146, 147
411483.3.peg.2293.site.33, 2, 142, 144
411483.3.peg.2293.site.34, 4, 136, 140
411483.3.peg.2293.site.35, 1, 111, 112
411483.3.peg.2293.site.36, 4, 106, 110
411483.3.peg.2293.site.37, 6, 122, 128
411483.3.peg.2293.site.38, 4, 120, 124
411483.3.peg.2293.site.39, 1, 129, 130
411483.3.peg.2293.site.40, 21, 132, 153
411483.3.peg.2293.site.41, 5, 143, 148
411483.3.peg.2293.site.42, 10, 141, 151
411483.3.peg.2293.site.43, 9, 144, 153
411483.3.peg.2293.site.44, 14, 146, 160
411483.3.peg.2293.site.45, 2, 146, 148
411483.3.peg.2293.site.46, 1, 145, 146
411483.3.peg.2293.site.47, 0, 147, 147
411483.3.peg.2293.site.48, 3, 142, 145
411483.3.peg.2293.site.49, 3, 128, 131
411483.3.peg.2293.site.50, 25, 108, 133
411483.3.peg.2293.site.51, 0, 97, 97
411483.3.peg.2293.site.52, 2, 53, 55
411483.3.peg.2293.site.53, 11, 49, 60
411483.3.peg.2293.site.54, 1, 84, 85
411483.3.peg.2293.site.55, 3, 94, 97
411483.3.peg.2293.site.56, 6, 105, 111
411483.3.peg.2293.site.57, 2, 135, 137
411483.3.peg.2293.site.58, 3, 141, 144
411483.3.peg.2293.site.59, 20, 141, 161
411483.3.peg.2293.site.60, 2, 146, 148
411483.3.peg.2293.site.61, 4, 151, 155
411483.3.peg.2293.site.62, 3, 150, 153
411483.3.peg.2293.site.63, 1, 149, 150
411483.3.peg.2293.site.64, 65, 142, 207
411483.3.peg.2293.site.65, 138, 146, 284
411483.3.peg.2293.site.66, 1, 143, 144
411483.3.peg.2293.site.67, 3, 140, 143
411483.3.peg.2293.site.68, 5, 146, 151
411483.3.peg.2293.site.69, 6, 146, 152
411483.3.peg.2293.site.70, 6, 153, 159
411483.3.peg.2293.site.71, 2, 149, 151
411483.3.peg.2293.site.72, 4, 152, 156
411483.3.peg.2293.site.73, 67, 135, 202
411483.3.peg.2293.site.74, 0, 146, 146
411483.3.peg.2293.site.75, 13, 143, 156
411483.3.peg.2293.site.76, 6, 139, 145
411483.3.peg.2293.site.77, 9, 128, 137
411483.3.peg.2293.site.78, 1, 133, 134
411483.3.peg.2293.site.79, 4, 128, 132
411483.3.peg.2293.site.80, 4, 141, 145
411483.3.peg.2293.site.81, 7, 140, 147
411483.3.peg.2293.site.82, 1, 141, 142
411483.3.peg.2293.site.83, 3, 145, 148
411483.3.peg.2293.site.84, 3, 145, 148
411483.3.peg.2293.site.85, 136, 141, 277
411483.3.peg.2293.site.86, 1, 134, 135
411483.3.peg.2293.site.87, 12, 139, 151
411483.3.peg.2293.site.88, 67, 125, 192
411483.3.peg.2293.site.89, 13, 134, 147
411483.3.peg.2293.site.90, 36, 133, 169
411483.3.peg.2293.site.91, 5, 138, 143
411483.3.peg.2293.site.92, 3, 133, 136
411483.3.peg.2293.site.93, 74, 135, 209
411483.3.peg.2293.site.94, 41, 131, 172
411483.3.peg.2293.site.95, 18, 143, 161
411483.3.peg.2293.site.96, 1, 146, 147
411483.3.peg.2293.site.97, 2, 149, 151
411483.3.peg.2293.site.98, 1, 151, 152
411483.3.peg.2293.site.99, 0, 151, 151
411483.3.peg.2293.site.100, 1, 149, 150
411483.3.peg.2293.site.101, 3, 148, 151
411483.3.peg.2293.site.102, 5, 147, 152
411483.3.peg.2293.site.103, 2, 143, 145
411483.3.peg.2293.site.104, 143, 148, 291
411483.3.peg.2293.site.105, 96, 135, 231
411483.3.peg.2293.site.106, 8, 152, 160
411483.3.peg.2293.site.107, 0, 150, 150
411483.3.peg.2290.site.1, 3, 140, 143
411483.3.peg.2290.site.2, 7, 142, 149
411483.3.peg.2290.site.3, 5, 136, 141
411483.3.peg.2290.site.4, 2, 120, 122
411483.3.peg.2290.site.5, 2, 111, 113
411483.3.peg.2290.site.6, 0, 110, 110
411483.3.peg.2290.site.7, 33, 89, 122
411483.3.peg.2290.site.8, 14, 94, 108
411483.3.peg.2290.site.9, 26, 81, 107
411483.3.peg.2290.site.10, 97, 101, 198
411483.3.peg.2290.site.11, 0, 94, 94
411483.3.peg.2290.site.12, 1, 116, 117
411483.3.peg.2290.site.13, 3, 130, 133
411483.3.peg.2290.site.14, 3, 134, 137
411483.3.peg.2290.site.15, 7, 141, 148
411483.3.peg.2290.site.16, 89, 134, 223
411483.3.peg.2290.site.17, 10, 143, 153
411483.3.peg.2290.site.18, 3, 136, 139
411483.3.peg.2290.site.19, 59, 133, 192
411483.3.peg.2290.site.20, 4, 139, 143
411483.3.peg.2290.site.21, 4, 143, 147
411483.3.peg.2290.site.22, 2, 136, 138
411483.3.peg.2291.site.1, 0, 126, 126
411483.3.peg.2291.site.2, 0, 136, 136
411483.3.peg.2291.site.3, 0, 135, 135
411483.3.peg.2291.site.4, 0, 131, 131
411483.3.peg.2291.site.5, 6, 134, 140
411483.3.peg.2291.site.6, 14, 134, 148
411483.3.peg.2291.site.7, 9, 141, 150
411483.3.peg.2291.site.8, 10, 145, 155
411483.3.peg.2291.site.9, 31, 143, 174
411483.3.peg.2291.site.10, 0, 143, 143
411483.3.peg.2291.site.11, 1, 148, 149
411483.3.peg.2291.site.12, 3, 145, 148
411483.3.peg.2291.site.13, 2, 143, 145
411483.3.peg.2291.site.14, 4, 141, 145
411483.3.peg.2291.site.15, 1, 139, 140
411483.3.peg.2291.site.16, 3, 138, 141
411483.3.peg.2291.site.17, 1, 136, 137
411483.3.peg.2291.site.18, 1, 139, 140
411483.3.peg.2291.site.19, 18, 135, 153
411483.3.peg.2291.site.20, 6, 136, 142
411483.3.peg.2291.site.21, 12, 136, 148
411483.3.peg.2291.site.22, 2, 148, 150
411483.3.peg.2291.site.23, 0, 149, 149
411483.3.peg.2291.site.24, 3, 150, 153
411483.3.peg.2291.site.25, 3, 152, 155
411483.3.peg.2291.site.26, 1, 151, 152
411483.3.peg.2291.site.27, 10, 146, 156
411483.3.peg.2291.site.28, 55, 144, 199
411483.3.peg.2291.site.29, 3, 150, 153
411483.3.peg.2291.site.30, 1, 153, 154
411483.3.peg.2291.site.31, 1, 153, 154
411483.3.peg.2291.site.32, 13, 153, 166
411483.3.peg.2291.site.33, 2, 152, 154
411483.3.peg.2291.site.34, 1, 153, 154
411483.3.peg.2291.site.35, 7, 153, 160
411483.3.peg.2291.site.36, 1, 155, 156
411483.3.peg.2291.site.37, 14, 152, 166
411483.3.peg.2291.site.38, 3, 154, 157
411483.3.peg.2291.site.39, 4, 155, 159
411483.3.peg.2291.site.40, 4, 151, 155
411483.3.peg.2291.site.41, 3, 151, 154
411483.3.peg.2291.site.42, 14, 148, 162
411483.3.peg.2291.site.43, 1, 152, 153
411483.3.peg.2291.site.44, 2, 154, 156
411483.3.peg.2291.site.45, 1, 154, 155
411483.3.peg.2291.site.46, 0, 151, 151
411483.3.peg.2291.site.47, 1, 147, 148
411483.3.peg.2291.site.48, 1, 146, 147
411483.3.peg.2291.site.49, 2, 147, 149
411483.3.peg.2291.site.50, 2, 133, 135
411483.3.peg.2291.site.51, 0, 142, 142
411483.3.peg.2291.site.52, 1, 150, 151
411483.3.peg.2291.site.53, 2, 150, 152
411483.3.peg.2291.site.54, 10, 145, 155
411483.3.peg.2291.site.55, 0, 155, 155
411483.3.peg.2291.site.56, 154, 154, 308
411483.3.peg.2291.site.57, 3, 154, 157
411483.3.peg.2296.site.1, 0, 146, 146
411483.3.peg.2296.site.2, 2, 144, 146
411483.3.peg.2296.site.3, 2, 148, 150
411483.3.peg.2296.site.4, 1, 142, 143
411483.3.peg.2296.site.5, 8, 138, 146
411483.3.peg.2296.site.6, 1, 145, 146
411483.3.peg.2296.site.7, 11, 143, 154
411483.3.peg.2296.site.8, 141, 147, 288
411483.3.peg.2296.site.9, 1, 148, 149
411483.3.peg.2296.site.10, 1, 145, 146
411483.3.peg.2296.site.11, 3, 145, 148
411483.3.peg.2296.site.12, 3, 150, 153
411483.3.peg.2296.site.13, 1, 146, 147
411483.3.peg.2296.site.14, 1, 149, 150
411483.3.peg.2296.site.15, 3, 147, 150
411483.3.peg.2296.site.16, 2, 142, 144
411483.3.peg.2296.site.17, 2, 142, 144
411483.3.peg.2296.site.18, 2, 146, 148
411483.3.peg.2296.site.19, 2, 142, 144
411483.3.peg.2296.site.20, 0, 144, 144
411483.3.peg.2296.site.21, 4, 147, 151
411483.3.peg.2296.site.22, 10, 145, 155
411483.3.peg.2296.site.23, 5, 146, 151
411483.3.peg.2296.site.24, 4, 141, 145
411483.3.peg.2296.site.25, 1, 129, 130
411483.3.peg.2296.site.26, 8, 127, 135
411483.3.peg.2296.site.27, 6, 126, 132
411483.3.peg.2296.site.28, 51, 117, 168
411483.3.peg.2296.site.29, 5, 136, 141
411483.3.peg.2296.site.30, 3, 129, 132
411483.3.peg.2296.site.31, 3, 126, 129
411483.3.peg.2296.site.32, 4, 123, 127
411483.3.peg.2296.site.33, 2, 116, 118
411483.3.peg.2296.site.34, 1, 119, 120
411483.3.peg.2296.site.35, 3, 121, 124
411483.3.peg.2296.site.36, 1, 116, 117
411483.3.peg.2296.site.37, 11, 115, 126
411483.3.peg.2296.site.38, 0, 121, 121
411483.3.peg.2296.site.39, 3, 123, 126
411483.3.peg.2296.site.40, 0, 136, 136
411483.3.peg.2296.site.41, 4, 145, 149
411483.3.peg.2296.site.42, 13, 144, 157
411483.3.peg.2296.site.43, 1, 148, 149
411483.3.peg.2296.site.44, 6, 147, 153
411483.3.peg.2296.site.45, 34, 140, 174
411483.3.peg.2296.site.46, 3, 132, 135
411483.3.peg.2296.site.47, 2, 132, 134
411483.3.peg.2296.site.48, 2, 137, 139
411483.3.peg.2296.site.49, 35, 128, 163
411483.3.peg.2296.site.50, 1, 150, 151
411483.3.peg.2296.site.51, 2, 149, 151
411483.3.peg.2296.site.52, 1, 150, 151
411483.3.peg.2296.site.53, 38, 144, 182
411483.3.peg.2296.site.54, 3, 152, 155
411483.3.peg.2296.site.55, 153, 153, 306
411483.3.peg.2296.site.56, 7, 150, 157
411483.3.peg.2296.site.57, 2, 152, 154
411483.3.peg.2296.site.58, 9, 149, 158
411483.3.peg.2297.site.1, 10, 150, 160
411483.3.peg.2297.site.2, 3, 149, 152
411483.3.peg.2297.site.3, 2, 150, 152
411483.3.peg.2297.site.4, 1, 149, 150
411483.3.peg.2297.site.5, 1, 147, 148
411483.3.peg.2297.site.6, 1, 144, 145
411483.3.peg.2297.site.7, 17, 134, 151
411483.3.peg.2297.site.8, 2, 140, 142
411483.3.peg.2297.site.9, 1, 137, 138
411483.3.peg.2297.site.10, 4, 142, 146
411483.3.peg.2297.site.11, 2, 153, 155
411483.3.peg.2297.site.12, 3, 153, 156
411483.3.peg.2297.site.13, 5, 153, 158
411483.3.peg.2297.site.14, 5, 153, 158
411483.3.peg.2297.site.15, 1, 154, 155
411483.3.peg.2297.site.16, 2, 155, 157
411483.3.peg.2297.site.17, 3, 153, 156
411483.3.peg.2297.site.18, 2, 150, 152
411483.3.peg.2297.site.19, 9, 150, 159
411483.3.peg.2297.site.20, 33, 136, 169
411483.3.peg.2297.site.21, 33, 145, 178
411483.3.peg.2297.site.22, 4, 148, 152
411483.3.peg.2297.site.23, 11, 144, 155
411483.3.peg.2297.site.24, 114, 134, 248
411483.3.peg.2297.site.25, 11, 141, 152
411483.3.peg.2297.site.26, 2, 147, 149
411483.3.peg.2297.site.27, 2, 140, 142
411483.3.peg.2297.site.28, 0, 142, 142
411483.3.peg.2297.site.29, 3, 145, 148
411483.3.peg.2297.site.30, 7, 147, 154
411483.3.peg.2297.site.31, 29, 126, 155
411483.3.peg.2297.site.32, 125, 138, 263
411483.3.peg.2297.site.33, 2, 140, 142
411483.3.peg.2297.site.34, 9, 137, 146
411483.3.peg.2297.site.35, 1, 137, 138
411483.3.peg.2297.site.36, 2, 124, 126
411483.3.peg.2297.site.37, 1, 135, 136
411483.3.peg.2297.site.38, 3, 116, 119
411483.3.peg.2297.site.39, 15, 102, 117
411483.3.peg.2297.site.40, 2, 105, 107
411483.3.peg.2297.site.41, 0, 104, 104
411483.3.peg.2297.site.42, 3, 94, 97
411483.3.peg.2297.site.43, 2, 89, 91
411483.3.peg.2297.site.44, 6, 86, 92
411483.3.peg.2297.site.45, 1, 61, 62
411483.3.peg.2297.site.46, 12, 50, 62
411483.3.peg.2297.site.47, 34, 40, 74
411483.3.peg.2297.site.48, 3, 36, 39
411483.3.peg.2297.site.49, 0, 35, 35
411483.3.peg.2297.site.50, 26, 36, 62
411483.3.peg.2297.site.51, 10, 63, 73
411483.3.peg.2297.site.52, 3, 91, 94
411483.3.peg.2297.site.53, 1, 94, 95
411483.3.peg.2297.site.54, 100, 102, 202
411483.3.peg.2297.site.55, 43, 98, 141
411483.3.peg.2297.site.56, 5, 125, 130
411483.3.peg.2297.site.57, 3, 128, 131
411483.3.peg.2297.site.58, 4, 127, 131
411483.3.peg.2297.site.59, 6, 140, 146
411483.3.peg.2297.site.60, 4, 132, 136
411483.3.peg.2297.site.61, 18, 137, 155
411483.3.peg.2297.site.62, 2, 144, 146
411483.3.peg.2297.site.63, 9, 140, 149
411483.3.peg.2297.site.64, 1, 145, 146
411483.3.peg.2297.site.65, 6, 143, 149
411483.3.peg.2297.site.66, 59, 144, 203
411483.3.peg.2297.site.67, 0, 146, 146
411483.3.peg.2297.site.68, 3, 139, 142
411483.3.peg.2297.site.69, 1, 145, 146
411483.3.peg.2297.site.70, 2, 144, 146
411483.3.peg.2297.site.71, 15, 135, 150
411483.3.peg.2297.site.72, 0, 136, 136
411483.3.peg.2297.site.73, 64, 128, 192
411483.3.peg.2297.site.74, 30, 130, 160
411483.3.peg.2297.site.75, 37, 121, 158
411483.3.peg.2297.site.76, 31, 123, 154
411483.3.peg.2297.site.77, 4, 131, 135
411483.3.peg.2297.site.78, 2, 134, 136
411483.3.peg.2297.site.79, 37, 138, 175
411483.3.peg.2297.site.80, 17, 150, 167
411483.3.peg.2297.site.81, 3, 147, 150
411483.3.peg.2294.site.1, 105, 145, 250
411483.3.peg.2294.site.2, 0, 153, 153
411483.3.peg.2294.site.3, 0, 148, 148
411483.3.peg.2294.site.4, 0, 148, 148
411483.3.peg.2294.site.5, 3, 144, 147
411483.3.peg.2294.site.6, 2, 144, 146
411483.3.peg.2294.site.7, 16, 144, 160
411483.3.peg.2294.site.8, 6, 144, 150
411483.3.peg.2294.site.9, 43, 125, 168
411483.3.peg.2294.site.10, 6, 145, 151
411483.3.peg.2294.site.11, 6, 142, 148
411483.3.peg.2294.site.12, 6, 141, 147
411483.3.peg.2294.site.13, 1, 150, 151
411483.3.peg.2294.site.14, 0, 148, 148
411483.3.peg.2294.site.15, 2, 145, 147
411483.3.peg.2294.site.16, 2, 144, 146
411483.3.peg.2294.site.17, 3, 153, 156
411483.3.peg.2294.site.18, 11, 144, 155
411483.3.peg.2294.site.19, 6, 145, 151
411483.3.peg.2294.site.20, 4, 143, 147
411483.3.peg.2294.site.21, 135, 139, 274
411483.3.peg.2294.site.22, 0, 144, 144
411483.3.peg.2294.site.23, 1, 141, 142
411483.3.peg.2294.site.24, 67, 124, 191
411483.3.peg.2294.site.25, 1, 141, 142
411483.3.peg.2294.site.26, 5, 141, 146
411483.3.peg.2294.site.27, 7, 142, 149
411483.3.peg.2294.site.28, 1, 138, 139
411483.3.peg.2294.site.29, 0, 139, 139
411483.3.peg.2294.site.30, 2, 133, 135
411483.3.peg.2294.site.31, 3, 136, 139
411483.3.peg.2294.site.32, 42, 123, 165
411483.3.peg.2294.site.33, 80, 113, 193
411483.3.peg.2294.site.34, 2, 124, 126
411483.3.peg.2294.site.35, 10, 120, 130
411483.3.peg.2294.site.36, 1, 113, 114
411483.3.peg.2294.site.37, 1, 105, 106
411483.3.peg.2294.site.38, 2, 115, 117
411483.3.peg.2294.site.39, 13, 120, 133
411483.3.peg.2294.site.40, 6, 125, 131
411483.3.peg.2294.site.41, 15, 105, 120
411483.3.peg.2294.site.42, 6, 120, 126
411483.3.peg.2294.site.43, 0, 120, 120
411483.3.peg.2294.site.44, 3, 132, 135
411483.3.peg.2294.site.45, 1, 129, 130
411483.3.peg.2294.site.46, 2, 127, 129
411483.3.peg.2294.site.47, 1, 131, 132
411483.3.peg.2294.site.48, 6, 131, 137
411483.3.peg.2294.site.49, 1, 133, 134
411483.3.peg.2294.site.50, 6, 142, 148
411483.3.peg.2294.site.51, 2, 146, 148
411483.3.peg.2294.site.52, 5, 144, 149
411483.3.peg.2294.site.53, 4, 146, 150
411483.3.peg.2294.site.54, 3, 146, 149
411483.3.peg.2294.site.55, 1, 143, 144
411483.3.peg.2294.site.56, 30, 132, 162
411483.3.peg.2294.site.57, 3, 142, 145
411483.3.peg.2294.site.58, 1, 144, 145
411483.3.peg.2294.site.59, 4, 136, 140
411483.3.peg.2294.site.60, 1, 134, 135
411483.3.peg.2294.site.61, 6, 122, 128
411483.3.peg.2294.site.62, 55, 114, 169
411483.3.peg.2294.site.63, 3, 124, 127
411483.3.peg.2294.site.64, 1, 120, 121
411483.3.peg.2294.site.65, 3, 117, 120
411483.3.peg.2294.site.66, 1, 115, 116
411483.3.peg.2294.site.67, 12, 111, 123
411483.3.peg.2294.site.68, 3, 125, 128
411483.3.peg.2294.site.69, 1, 128, 129
411483.3.peg.2294.site.70, 6, 137, 143
411483.3.peg.2294.site.71, 18, 134, 152
411483.3.peg.2294.site.72, 3, 136, 139
411483.3.peg.2294.site.73, 80, 129, 209
411483.3.peg.2294.site.74, 2, 140, 142
411483.3.peg.2294.site.75, 4, 125, 129
411483.3.peg.2294.site.76, 12, 130, 142
411483.3.peg.2294.site.77, 1, 129, 130
411483.3.peg.2294.site.78, 1, 132, 133
411483.3.peg.2294.site.79, 0, 139, 139
411483.3.peg.2294.site.80, 1, 131, 132
411483.3.peg.2294.site.81, 11, 133, 144
411483.3.peg.2294.site.82, 15, 132, 147
411483.3.peg.2294.site.83, 4, 129, 133
411483.3.peg.2294.site.84, 1, 147, 148
411483.3.peg.2294.site.85, 3, 148, 151
411483.3.peg.2294.site.86, 0, 148, 148
411483.3.peg.2294.site.87, 5, 151, 156
411483.3.peg.2294.site.88, 4, 152, 156
411483.3.peg.2294.site.89, 3, 151, 154
411483.3.peg.2294.site.90, 1, 149, 150
411483.3.peg.2294.site.91, 1, 150, 151
411483.3.peg.2294.site.92, 1, 152, 153
411483.3.peg.2294.site.93, 1, 154, 155
411483.3.peg.2294.site.94, 3, 152, 155
411483.3.peg.2294.site.95, 0, 151, 151
411483.3.peg.2294.site.96, 0, 151, 151
411483.3.peg.2294.site.97, 2, 154, 156
411483.3.peg.2294.site.98, 6, 152, 158
411483.3.peg.2294.site.99, 6, 152, 158
411483.3.peg.2294.site.100, 1, 150, 151
411483.3.peg.2294.site.101, 1, 153, 154
411483.3.peg.2294.site.102, 1, 154, 155
411483.3.peg.2294.site.103, 37, 149, 186
411483.3.peg.2294.site.104, 5, 154, 159
411483.3.peg.2295.site.1, 3, 153, 156
411483.3.peg.2295.site.2, 0, 151, 151
411483.3.peg.2295.site.3, 9, 143, 152
411483.3.peg.2295.site.4, 5, 142, 147
411483.3.peg.2295.site.5, 1, 146, 147
411483.3.peg.2295.site.6, 24, 133, 157
411483.3.peg.2295.site.7, 1, 145, 146
411483.3.peg.2295.site.8, 3, 123, 126
411483.3.peg.2295.site.9, 1, 142, 143
411483.3.peg.2295.site.10, 0, 147, 147
411483.3.peg.2295.site.11, 72, 146, 218
411483.3.peg.2295.site.12, 4, 149, 153
411483.3.peg.2295.site.13, 3, 151, 154
411483.3.peg.2295.site.14, 0, 149, 149
411483.3.peg.2295.site.15, 1, 154, 155
411483.3.peg.2295.site.16, 1, 155, 156
411483.3.peg.2295.site.17, 4, 154, 158
411483.3.peg.2295.site.18, 5, 152, 157
411483.3.peg.2295.site.19, 8, 150, 158
411483.3.peg.2295.site.20, 32, 148, 180
411483.3.peg.2295.site.21, 2, 154, 156
411483.3.peg.2295.site.22, 7, 152, 159
411483.3.peg.2295.site.23, 7, 152, 159
411483.3.peg.2295.site.24, 37, 149, 186
411483.3.peg.2295.site.25, 12, 148, 160
411483.3.peg.2295.site.26, 11, 147, 158
411483.3.peg.2295.site.27, 4, 150, 154
411483.3.peg.2295.site.28, 22, 142, 164
411483.3.peg.2295.site.29, 128, 128, 256
411483.3.peg.2295.site.30, 2, 142, 144
411483.3.peg.2295.site.31, 14, 137, 151
411483.3.peg.2295.site.32, 115, 133, 248
411483.3.peg.2295.site.33, 30, 124, 154
411483.3.peg.2295.site.34, 13, 129, 142
411483.3.peg.2295.site.35, 1, 133, 134
411483.3.peg.2295.site.36, 2, 131, 133
411483.3.peg.2295.site.37, 1, 132, 133
411483.3.peg.2295.site.38, 1, 135, 136
411483.3.peg.2295.site.39, 72, 125, 197
411483.3.peg.2295.site.40, 3, 133, 136
411483.3.peg.2295.site.41, 19, 139, 158
411483.3.peg.2295.site.42, 1, 140, 141
411483.3.peg.2295.site.43, 78, 132, 210
411483.3.peg.2295.site.44, 38, 142, 180
411483.3.peg.2295.site.45, 2, 149, 151
411483.3.peg.2295.site.46, 2, 150, 152
411483.3.peg.2295.site.47, 4, 149, 153
411483.3.peg.2295.site.48, 0, 149, 149
411483.3.peg.2295.site.49, 12, 150, 162
411483.3.peg.2295.site.50, 5, 147, 152
411483.3.peg.2295.site.51, 3, 148, 151
411483.3.peg.2295.site.52, 7, 149, 156
411483.3.peg.2295.site.53, 33, 133, 166
411483.3.peg.2295.site.54, 2, 144, 146
411483.3.peg.2295.site.55, 6, 142, 148
411483.3.peg.2295.site.56, 2, 146, 148
411483.3.peg.2295.site.57, 14, 144, 158
411483.3.peg.2295.site.58, 6, 143, 149
411483.3.peg.2295.site.59, 130, 147, 277
411483.3.peg.2295.site.60, 9, 146, 155
411483.3.peg.2295.site.61, 28, 138, 166
411483.3.peg.2295.site.62, 0, 141, 141
411483.3.peg.2295.site.63, 130, 144, 274
411483.3.peg.2295.site.64, 6, 142, 148
411483.3.peg.2298.site.1, 0, 152, 152
411483.3.peg.2298.site.2, 4, 155, 159
411483.3.peg.2298.site.3, 5, 154, 159
411483.3.peg.2298.site.4, 1, 149, 150
411483.3.peg.2298.site.5, 75, 136, 211
411483.3.peg.2298.site.6, 7, 147, 154
411483.3.peg.2298.site.7, 2, 148, 150
411483.3.peg.2298.site.8, 1, 146, 147
411483.3.peg.2298.site.9, 0, 147, 147
411483.3.peg.2298.site.10, 1, 144, 145
411483.3.peg.2298.site.11, 4, 129, 133
411483.3.peg.2298.site.12, 131, 132, 263
411483.3.peg.2298.site.13, 25, 111, 136
411483.3.peg.2298.site.14, 1, 117, 118
411483.3.peg.2298.site.15, 2, 120, 122
411483.3.peg.2298.site.16, 1, 100, 101
411483.3.peg.2298.site.17, 12, 116, 128
411483.3.peg.2298.site.18, 3, 143, 146
411483.3.peg.2298.site.19, 15, 147, 162
411483.3.peg.2298.site.20, 13, 138, 151
411483.3.peg.2298.site.21, 115, 132, 247
411483.3.peg.2298.site.22, 9, 144, 153
411483.3.peg.2298.site.23, 3, 148, 151
411483.3.peg.2298.site.24, 6, 145, 151
411483.3.peg.2298.site.25, 2, 144, 146
411483.3.peg.2298.site.26, 3, 147, 150
411483.3.peg.2298.site.27, 5, 142, 147
411483.3.peg.2298.site.28, 2, 142, 144
411483.3.peg.2298.site.29, 10, 139, 149
411483.3.peg.2298.site.30, 5, 136, 141
411483.3.peg.2298.site.31, 0, 131, 131
411483.3.peg.2298.site.32, 2, 135, 137
411483.3.peg.2298.site.33, 2, 132, 134
411483.3.peg.2298.site.34, 6, 136, 142
411483.3.peg.2298.site.35, 1, 139, 140
411483.3.peg.2298.site.36, 0, 142, 142
411483.3.peg.2298.site.37, 0, 147, 147
411483.3.peg.2298.site.38, 7, 139, 146
411483.3.peg.2298.site.39, 1, 140, 141
411483.3.peg.2298.site.40, 1, 142, 143
411483.3.peg.2298.site.41, 4, 136, 140
411483.3.peg.2298.site.42, 7, 133, 140
411483.3.peg.2298.site.43, 5, 112, 117
411483.3.peg.2298.site.44, 4, 120, 124
411483.3.peg.2298.site.45, 6, 113, 119
411483.3.peg.2298.site.46, 8, 139, 147
411483.3.peg.2298.site.47, 8, 138, 146
411483.3.peg.2298.site.48, 9, 142, 151
411483.3.peg.2298.site.49, 9, 142, 151
411483.3.peg.2298.site.50, 139, 143, 282
411483.3.peg.2298.site.51, 34, 141, 175
411483.3.peg.2298.site.52, 0, 147, 147
411483.3.peg.2298.site.53, 0, 150, 150
411483.3.peg.2298.site.54, 1, 145, 146
411483.3.peg.2298.site.55, 4, 135, 139
411483.3.peg.2298.site.56, 27, 139, 166
411483.3.peg.2298.site.57, 5, 138, 143
411483.3.peg.2298.site.58, 1, 147, 148
411483.3.peg.2298.site.59, 8, 145, 153
411483.3.peg.2298.site.60, 17, 141, 158
411483.3.peg.2299.site.1, 4, 145, 149
411483.3.peg.2299.site.2, 4, 143, 147
411483.3.peg.2299.site.3, 18, 125, 143
411483.3.peg.2299.site.4, 1, 131, 132
411483.3.peg.2299.site.5, 0, 122, 122
411483.3.peg.2299.site.6, 7, 114, 121
411483.3.peg.2299.site.7, 1, 118, 119
411483.3.peg.2299.site.8, 4, 115, 119
411483.3.peg.2299.site.9, 7, 131, 138
411483.3.peg.2299.site.10, 52, 124, 176
411483.3.peg.2299.site.11, 4, 144, 148
411483.3.peg.2299.site.12, 4, 147, 151
411483.3.peg.2299.site.13, 1, 152, 153
411483.3.peg.2299.site.14, 2, 143, 145
411483.3.peg.2299.site.15, 148, 148, 296
411483.3.peg.2299.site.16, 1, 147, 148
411483.3.peg.2299.site.17, 8, 146, 154
411483.3.peg.2299.site.18, 73, 141, 214
411483.3.peg.2299.site.19, 1, 147, 148
411483.3.peg.2299.site.20, 7, 152, 159
411483.3.peg.2299.site.21, 101, 141, 242
411483.3.peg.2299.site.22, 9, 152, 161
411483.3.peg.2299.site.23, 2, 149, 151
411483.3.peg.2299.site.24, 2, 151, 153
411483.3.peg.2299.site.25, 7, 150, 157
411483.3.peg.2299.site.26, 1, 147, 148
411483.3.peg.2299.site.27, 3, 114, 117
411483.3.peg.2299.site.28, 36, 99, 135
411483.3.peg.2299.site.29, 2, 105, 107
411483.3.peg.2299.site.30, 37, 68, 105
411483.3.peg.2299.site.31, 3, 78, 81
411483.3.peg.2299.site.32, 11, 81, 92
411483.3.peg.2299.site.33, 15, 138, 153
411483.3.peg.2299.site.34, 1, 147, 148
411483.3.peg.2299.site.35, 4, 149, 153
411483.3.peg.2299.site.36, 41, 137, 178
411483.3.peg.2299.site.37, 20, 146, 166
411483.3.peg.2299.site.38, 2, 153, 155
411483.3.peg.2299.site.39, 3, 152, 155
411483.3.peg.2299.site.40, 7, 150, 157
411483.3.peg.2299.site.41, 13, 147, 160
411483.3.peg.2299.site.42, 1, 151, 152
411483.3.peg.2299.site.43, 9, 149, 158
411483.3.peg.2299.site.44, 48, 139, 187
411483.3.peg.2299.site.45, 5, 149, 154
411483.3.peg.2299.site.46, 4, 153, 157
411483.3.peg.2299.site.47, 0, 154, 154
411483.3.peg.2299.site.48, 6, 152, 158
411483.3.peg.2299.site.49, 10, 147, 157
411483.3.peg.2299.site.50, 2, 150, 152
411483.3.peg.2299.site.51, 21, 143, 164
411483.3.peg.2299.site.52, 2, 149, 151
411483.3.peg.2299.site.53, 81, 141, 222
411483.3.peg.2299.site.54, 2, 149, 151
411483.3.peg.2299.site.55, 120, 138, 258
411483.3.peg.2299.site.56, 1, 140, 141
411483.3.peg.2299.site.57, 0, 139, 139
411483.3.peg.2299.site.58, 3, 133, 136
411483.3.peg.2299.site.59, 128, 128, 256
411483.3.peg.2299.site.60, 1, 137, 138
411483.3.peg.2299.site.61, 5, 134, 139
411483.3.peg.2299.site.62, 1, 134, 135
411483.3.peg.2299.site.63, 0, 131, 131
411483.3.peg.2299.site.64, 4, 135, 139
411483.3.peg.2299.site.65, 9, 129, 138
411483.3.peg.2299.site.66, 4, 134, 138
411483.3.peg.2299.site.67, 1, 110, 111
411483.3.peg.2299.site.68, 4, 109, 113
411483.3.peg.2299.site.69, 1, 104, 105
411483.3.peg.2299.site.70, 1, 108, 109
411483.3.peg.2299.site.71, 103, 103, 206
411483.3.peg.2299.site.72, 1, 106, 107
411483.3.peg.2299.site.73, 2, 118, 120
411483.3.peg.2299.site.74, 1, 121, 122
411483.3.peg.2299.site.75, 24, 103, 127
411483.3.peg.2299.site.76, 6, 118, 124
411483.3.peg.2299.site.77, 1, 120, 121
411483.3.peg.2299.site.78, 113, 118, 231
411483.3.peg.2299.site.79, 36, 111, 147
411483.3.peg.2299.site.80, 2, 125, 127
411483.3.peg.2299.site.81, 1, 123, 124
411483.3.peg.2299.site.82, 1, 129, 130
411483.3.peg.2299.site.83, 10, 123, 133
411483.3.peg.2299.site.84, 116, 119, 235
411483.3.peg.2299.site.85, 4, 111, 115
411483.3.peg.2299.site.86, 4, 114, 118
411483.3.peg.2299.site.87, 0, 113, 113
411483.3.peg.2299.site.88, 2, 101, 103
411483.3.peg.2299.site.89, 6, 113, 119
411483.3.peg.2299.site.90, 2, 121, 123
411483.3.peg.2299.site.91, 2, 143, 145
411483.3.peg.2299.site.92, 20, 145, 165
411483.3.peg.2299.site.93, 1, 148, 149
411483.3.peg.2299.site.94, 1, 147, 148
411483.3.peg.2299.site.95, 35, 145, 180
411483.3.peg.2299.site.96, 1, 150, 151
411483.3.peg.2299.site.97, 6, 150, 156
411483.3.peg.2299.site.98, 1, 154, 155
411483.3.peg.2299.site.99, 13, 153, 166
411483.3.peg.2299.site.100, 18, 150, 168
411483.3.peg.2299.site.101, 57, 145, 202
411483.3.peg.2299.site.102, 1, 153, 154
411483.3.peg.2299.site.103, 1, 155, 156
411483.3.peg.2299.site.104, 5, 146, 151
411483.3.peg.2299.site.105, 1, 155, 156
411483.3.peg.2299.site.106, 1, 154, 155
411483.3.peg.2299.site.107, 0, 154, 154
411483.3.peg.2299.site.108, 49, 136, 185
411483.3.peg.2299.site.109, 28, 146, 174
411483.3.peg.2299.site.110, 1, 150, 151
411483.3.peg.2299.site.111, 3, 143, 146
411483.3.peg.2299.site.112, 16, 142, 158
411483.3.peg.2299.site.113, 58, 132, 190
411483.3.peg.2299.site.114, 13, 143, 156
411483.3.peg.2299.site.115, 2, 143, 145
411483.3.peg.2299.site.116, 23, 138, 161
411483.3.peg.2299.site.117, 2, 143, 145
411483.3.peg.2299.site.118, 9, 135, 144
411483.3.peg.2299.site.119, 3, 143, 146
411483.3.peg.2299.site.120, 1, 145, 146
411483.3.peg.2299.site.121, 7, 130, 137
411483.3.peg.2299.site.122, 2, 131, 133
411483.3.peg.2299.site.123, 4, 130, 134
411483.3.peg.2299.site.124, 2, 130, 132
411483.3.peg.2299.site.125, 1, 135, 136
411483.3.peg.2299.site.126, 0, 136, 136
411483.3.peg.2299.site.127, 17, 125, 142
411483.3.peg.2299.site.128, 11, 122, 133
411483.3.peg.2299.site.129, 13, 131, 144
411483.3.peg.2299.site.130, 1, 129, 130
411483.3.peg.2299.site.131, 5, 124, 129
411483.3.peg.2299.site.132, 3, 121, 124
411483.3.peg.2299.site.133, 2, 116, 118
411483.3.peg.2299.site.134, 2, 113, 115
411483.3.peg.2299.site.135, 1, 109, 110
411483.3.peg.2299.site.136, 1, 110, 111
411483.3.peg.2299.site.137, 77, 103, 180
411483.3.peg.2299.site.138, 3, 113, 116
411483.3.peg.2299.site.139, 3, 115, 118
411483.3.peg.2299.site.140, 3, 110, 113
411483.3.peg.2299.site.141, 2, 112, 114
411483.3.peg.2299.site.142, 9, 109, 118
411483.3.peg.2299.site.143, 0, 129, 129
411483.3.peg.2299.site.144, 4, 123, 127
411483.3.peg.2299.site.145, 9, 130, 139
411483.3.peg.2299.site.146, 25, 127, 152
411483.3.peg.2299.site.147, 1, 134, 135
411483.3.peg.2299.site.148, 128, 132, 260
411483.3.peg.2299.site.149, 0, 138, 138
411483.3.peg.2299.site.150, 4, 139, 143
411483.3.peg.2299.site.151, 5, 132, 137
411483.3.peg.2299.site.152, 2, 143, 145
411483.3.peg.1253.site.1, 4, 155, 159
411483.3.peg.1253.site.2, 1, 151, 152
411483.3.peg.1253.site.3, 8, 147, 155
411483.3.peg.1253.site.4, 2, 152, 154
411483.3.peg.1253.site.5, 3, 153, 156
411483.3.peg.1253.site.6, 14, 145, 159
411483.3.peg.1253.site.7, 3, 147, 150
411483.3.peg.1253.site.8, 1, 145, 146
411483.3.peg.1253.site.9, 12, 141, 153
411483.3.peg.1253.site.10, 3, 149, 152
411483.3.peg.1253.site.11, 10, 141, 151
411483.3.peg.1253.site.12, 14, 131, 145
411483.3.peg.1253.site.13, 1, 138, 139
411483.3.peg.1253.site.14, 1, 136, 137
411483.3.peg.1253.site.15, 37, 129, 166
411483.3.peg.1253.site.16, 8, 138, 146
411483.3.peg.1253.site.17, 0, 139, 139
411483.3.peg.1253.site.18, 18, 125, 143
411483.3.peg.1253.site.19, 0, 133, 133
411483.3.peg.1253.site.20, 23, 122, 145
411483.3.peg.1253.site.21, 2, 134, 136
411483.3.peg.1253.site.22, 1, 136, 137
411483.3.peg.1253.site.23, 3, 141, 144
411483.3.peg.1253.site.24, 4, 125, 129
411483.3.peg.1253.site.25, 0, 124, 124
411483.3.peg.1253.site.26, 3, 123, 126
411483.3.peg.1253.site.27, 1, 137, 138
411483.3.peg.1253.site.28, 3, 150, 153
411483.3.peg.1253.site.29, 2, 155, 157
411483.3.peg.1253.site.30, 1, 153, 154
411483.3.peg.1253.site.31, 5, 150, 155
411483.3.peg.1253.site.32, 9, 146, 155
411483.3.peg.1253.site.33, 2, 152, 154
411483.3.peg.1253.site.34, 0, 136, 136
411483.3.peg.1253.site.35, 7, 130, 137
411483.3.peg.1253.site.36, 1, 137, 138
411483.3.peg.1253.site.37, 1, 142, 143
411483.3.peg.1253.site.38, 1, 143, 144
411483.3.peg.1253.site.39, 43, 130, 173
411483.3.peg.1253.site.40, 6, 137, 143
411483.3.peg.1253.site.41, 1, 139, 140
411483.3.peg.1253.site.42, 11, 139, 150
411483.3.peg.1253.site.43, 2, 143, 145
411483.3.peg.1253.site.44, 2, 146, 148
411483.3.peg.1253.site.45, 1, 147, 148
411483.3.peg.1253.site.46, 5, 141, 146
411483.3.peg.1253.site.47, 1, 142, 143
411483.3.peg.1253.site.48, 5, 137, 142
411483.3.peg.1253.site.49, 46, 128, 174
411483.3.peg.1253.site.50, 3, 111, 114
411483.3.peg.1253.site.51, 3, 125, 128
411483.3.peg.1253.site.52, 12, 127, 139
411483.3.peg.1253.site.53, 8, 128, 136
411483.3.peg.1253.site.54, 12, 129, 141
411483.3.peg.1253.site.55, 81, 125, 206
411483.3.peg.1253.site.56, 130, 135, 265
411483.3.peg.1253.site.57, 8, 143, 151
411483.3.peg.1253.site.58, 5, 150, 155
411483.3.peg.1253.site.59, 2, 151, 153
411483.3.peg.1253.site.60, 9, 147, 156
411483.3.peg.1253.site.61, 3, 150, 153
411483.3.peg.1253.site.62, 0, 153, 153
411483.3.peg.1253.site.63, 16, 146, 162
411483.3.peg.1253.site.64, 2, 148, 150
411483.3.peg.1253.site.65, 147, 147, 294
411483.3.peg.1253.site.66, 8, 147, 155
411483.3.peg.1253.site.67, 1, 145, 146
411483.3.peg.1253.site.68, 1, 143, 144
411483.3.peg.1253.site.69, 142, 147, 289
411483.3.peg.1253.site.70, 1, 143, 144
411483.3.peg.1253.site.71, 5, 143, 148
411483.3.peg.1253.site.72, 27, 138, 165
411483.3.peg.1253.site.73, 1, 147, 148
411483.3.peg.1253.site.74, 13, 139, 152
411483.3.peg.1253.site.75, 17, 139, 156
411483.3.peg.1253.site.76, 9, 149, 158
411483.3.peg.1253.site.77, 8, 151, 159
411483.3.peg.1253.site.78, 1, 150, 151
411483.3.peg.1253.site.79, 0, 148, 148
411483.3.peg.1253.site.80, 22, 145, 167
411483.3.peg.1253.site.81, 20, 150, 170
411483.3.peg.1253.site.82, 4, 151, 155
411483.3.peg.1253.site.83, 3, 154, 157
411483.3.peg.1253.site.84, 0, 149, 149
411483.3.peg.1253.site.85, 1, 150, 151
411483.3.peg.1253.site.86, 1, 152, 153
411483.3.peg.1253.site.87, 2, 152, 154
411483.3.peg.1253.site.88, 2, 152, 154
411483.3.peg.1253.site.89, 14, 147, 161
411483.3.peg.1253.site.90, 3, 152, 155
411483.3.peg.1253.site.91, 63, 143, 206
411483.3.peg.1253.site.92, 21, 145, 166
411483.3.peg.1253.site.93, 14, 148, 162
411483.3.peg.1253.site.94, 0, 150, 150
411483.3.peg.1253.site.95, 13, 150, 163
411483.3.peg.1253.site.96, 103, 144, 247
411483.3.peg.1253.site.97, 18, 146, 164
411483.3.peg.1253.site.98, 149, 151, 300
411483.3.peg.1253.site.99, 13, 142, 155
411483.3.peg.1253.site.100, 1, 145, 146
411483.3.peg.1253.site.101, 0, 146, 146
411483.3.peg.1253.site.102, 4, 147, 151
411483.3.peg.1253.site.103, 8, 148, 156
411483.3.peg.1253.site.104, 1, 152, 153
411483.3.peg.1253.site.105, 12, 150, 162
411483.3.peg.1253.site.106, 3, 151, 154
411483.3.peg.1253.site.107, 4, 152, 156
411483.3.peg.1253.site.108, 4, 152, 156
411483.3.peg.1253.site.109, 20, 147, 167
411483.3.peg.1251.site.1, 29, 144, 173
411483.3.peg.1251.site.2, 39, 144, 183
411483.3.peg.1251.site.3, 10, 147, 157
411483.3.peg.1251.site.4, 12, 144, 156
411483.3.peg.1251.site.5, 2, 151, 153
411483.3.peg.1251.site.6, 1, 152, 153
411483.3.peg.1251.site.7, 1, 154, 155
411483.3.peg.1251.site.8, 8, 149, 157
411483.3.peg.1251.site.9, 0, 154, 154
411483.3.peg.1251.site.10, 3, 153, 156
411483.3.peg.1251.site.11, 0, 152, 152
411483.3.peg.1251.site.12, 1, 153, 154
411483.3.peg.1251.site.13, 7, 149, 156
411483.3.peg.1251.site.14, 1, 154, 155
411483.3.peg.1251.site.15, 4, 154, 158
411483.3.peg.1251.site.16, 28, 151, 179
411483.3.peg.1251.site.17, 3, 155, 158
411483.3.peg.1251.site.18, 4, 155, 159
411483.3.peg.1251.site.19, 7, 155, 162
411483.3.peg.1251.site.20, 0, 154, 154
411483.3.peg.1251.site.21, 12, 151, 163
411483.3.peg.1251.site.22, 21, 152, 173
411483.3.peg.1251.site.23, 3, 154, 157
411483.3.peg.1251.site.24, 4, 154, 158
411483.3.peg.1251.site.25, 18, 145, 163
411483.3.peg.1251.site.26, 2, 154, 156
411483.3.peg.1251.site.27, 1, 153, 154
411483.3.peg.1251.site.28, 34, 144, 178
411483.3.peg.1251.site.29, 5, 153, 158
411483.3.peg.1250.site.1, 20, 137, 157
411483.3.peg.1250.site.2, 1, 150, 151
411483.3.peg.1250.site.3, 2, 152, 154
411483.3.peg.1250.site.4, 16, 148, 164
411483.3.peg.1250.site.5, 0, 151, 151
411483.3.peg.1250.site.6, 3, 148, 151
411483.3.peg.1250.site.7, 5, 148, 153
411483.3.peg.1250.site.8, 4, 151, 155
411483.3.peg.1250.site.9, 1, 154, 155
411483.3.peg.1250.site.10, 1, 153, 154
411483.3.peg.1250.site.11, 14, 152, 166
411483.3.peg.2100.site.1, 6, 132, 138
411483.3.peg.2100.site.2, 120, 133, 253
411483.3.peg.2100.site.3, 0, 149, 149
411483.3.peg.2100.site.4, 0, 150, 150
411483.3.peg.2100.site.5, 0, 152, 152
411483.3.peg.2100.site.6, 1, 155, 156
411483.3.peg.2100.site.7, 71, 145, 216
411483.3.peg.2100.site.8, 21, 148, 169
411483.3.peg.2100.site.9, 6, 155, 161
411483.3.peg.2100.site.10, 6, 152, 158
411483.3.peg.2100.site.11, 5, 152, 157
411483.3.peg.2100.site.12, 100, 144, 244
411483.3.peg.2100.site.13, 75, 144, 219
411483.3.peg.2100.site.14, 9, 150, 159
411483.3.peg.2100.site.15, 4, 153, 157
411483.3.peg.2100.site.16, 53, 145, 198
411483.3.peg.2100.site.17, 26, 144, 170
411483.3.peg.2100.site.18, 5, 149, 154
411483.3.peg.2100.site.19, 10, 152, 162
411483.3.peg.2100.site.20, 38, 145, 183
411483.3.peg.2100.site.21, 12, 149, 161
411483.3.peg.2100.site.22, 1, 128, 129
411483.3.peg.2100.site.23, 8, 144, 152
411483.3.peg.2100.site.24, 9, 144, 153
411483.3.peg.2100.site.25, 10, 146, 156
411483.3.peg.2100.site.26, 2, 152, 154
411483.3.peg.2100.site.27, 2, 154, 156
411483.3.peg.2100.site.28, 1, 155, 156
411483.3.peg.2100.site.29, 2, 153, 155
411483.3.peg.2100.site.30, 4, 155, 159
411483.3.peg.2100.site.31, 1, 155, 156
411483.3.peg.2100.site.32, 82, 140, 222
411483.3.peg.2100.site.33, 8, 150, 158
411483.3.peg.2100.site.34, 0, 154, 154
411483.3.peg.2100.site.35, 33, 149, 182
411483.3.peg.2100.site.36, 30, 148, 178
411483.3.peg.2100.site.37, 11, 151, 162
411483.3.peg.2100.site.38, 4, 155, 159
411483.3.peg.2100.site.39, 11, 152, 163
411483.3.peg.2100.site.40, 2, 155, 157
411483.3.peg.2100.site.41, 8, 150, 158
411483.3.peg.2100.site.42, 75, 143, 218
411483.3.peg.2100.site.43, 134, 151, 285
411483.3.peg.2100.site.44, 0, 149, 149
411483.3.peg.2100.site.45, 1, 148, 149
411483.3.peg.2100.site.46, 17, 150, 167
411483.3.peg.2100.site.47, 2, 151, 153
411483.3.peg.2100.site.48, 2, 149, 151
411483.3.peg.2100.site.49, 1, 154, 155
411483.3.peg.2100.site.50, 4, 155, 159
411483.3.peg.2100.site.51, 7, 155, 162
411483.3.peg.2100.site.52, 9, 153, 162
411483.3.peg.2100.site.53, 24, 144, 168
411483.3.peg.2100.site.54, 6, 152, 158
411483.3.peg.2100.site.55, 38, 145, 183
411483.3.peg.2100.site.56, 9, 150, 159
411483.3.peg.2100.site.57, 147, 153, 300
411483.3.peg.2100.site.58, 1, 153, 154
411483.3.peg.2100.site.59, 2, 152, 154
411483.3.peg.2100.site.60, 116, 141, 257
411483.3.peg.2100.site.61, 0, 152, 152
411483.3.peg.2101.site.1, 9, 145, 154
411483.3.peg.2101.site.2, 18, 145, 163
411483.3.peg.2101.site.3, 21, 145, 166
411483.3.peg.2101.site.4, 5, 127, 132
411483.3.peg.2101.site.5, 1, 120, 121
411483.3.peg.2101.site.6, 13, 110, 123
411483.3.peg.2101.site.7, 4, 116, 120
411483.3.peg.2101.site.8, 3, 113, 116
411483.3.peg.2101.site.9, 2, 123, 125
411483.3.peg.2101.site.10, 1, 133, 134
411483.3.peg.2101.site.11, 2, 131, 133
411483.3.peg.2101.site.12, 83, 122, 205
411483.3.peg.2101.site.13, 2, 134, 136
411483.3.peg.2101.site.14, 8, 126, 134
411483.3.peg.2101.site.15, 3, 143, 146
411483.3.peg.2101.site.16, 9, 142, 151
411483.3.peg.2101.site.17, 11, 146, 157
411483.3.peg.2101.site.18, 4, 153, 157
411483.3.peg.2101.site.19, 0, 154, 154
411483.3.peg.2101.site.20, 9, 153, 162
411483.3.peg.2101.site.21, 58, 142, 200
411483.3.peg.2101.site.22, 3, 155, 158
411483.3.peg.2101.site.23, 117, 145, 262
411483.3.peg.2101.site.24, 50, 144, 194
411483.3.peg.2101.site.25, 4, 149, 153
411483.3.peg.2101.site.26, 7, 147, 154
411483.3.peg.2101.site.27, 0, 146, 146
411483.3.peg.2101.site.28, 12, 145, 157
411483.3.peg.2101.site.29, 10, 145, 155
411483.3.peg.2101.site.30, 1, 145, 146
411483.3.peg.2101.site.31, 14, 143, 157
411483.3.peg.2101.site.32, 38, 138, 176
411483.3.peg.2101.site.33, 1, 153, 154
411483.3.peg.2101.site.34, 11, 143, 154
411483.3.peg.2101.site.35, 4, 149, 153
411483.3.peg.2101.site.36, 9, 148, 157
411483.3.peg.2101.site.37, 9, 145, 154
411483.3.peg.2101.site.38, 1, 151, 152
411483.3.peg.2101.site.39, 7, 152, 159
411483.3.peg.2101.site.40, 1, 153, 154
411483.3.peg.2101.site.41, 3, 153, 156
411483.3.peg.2101.site.42, 1, 153, 154
411483.3.peg.2101.site.43, 1, 147, 148
411483.3.peg.2101.site.44, 1, 152, 153
411483.3.peg.2101.site.45, 8, 149, 157
411483.3.peg.2101.site.46, 1, 146, 147
411483.3.peg.2101.site.47, 12, 141, 153
411483.3.peg.2106.site.1, 5, 151, 156
411483.3.peg.2106.site.2, 6, 147, 153
411483.3.peg.2106.site.3, 0, 148, 148
411483.3.peg.2106.site.4, 1, 148, 149
411483.3.peg.2106.site.5, 1, 151, 152
411483.3.peg.2106.site.6, 0, 150, 150
411483.3.peg.2106.site.7, 2, 150, 152
411483.3.peg.2106.site.8, 3, 147, 150
411483.3.peg.2106.site.9, 4, 152, 156
411483.3.peg.2106.site.10, 1, 151, 152
411483.3.peg.2106.site.11, 0, 144, 144
411483.3.peg.2106.site.12, 5, 137, 142
411483.3.peg.2106.site.13, 0, 132, 132
411483.3.peg.2106.site.14, 8, 132, 140
411483.3.peg.2106.site.15, 1, 135, 136
411483.3.peg.2106.site.16, 1, 137, 138
411483.3.peg.2106.site.17, 4, 133, 137
411483.3.peg.2106.site.18, 15, 125, 140
411483.3.peg.2106.site.19, 0, 131, 131
411483.3.peg.2106.site.20, 1, 128, 129
411483.3.peg.2106.site.21, 8, 123, 131
411483.3.peg.2106.site.22, 1, 126, 127
411483.3.peg.2106.site.23, 0, 121, 121
411483.3.peg.2106.site.24, 2, 125, 127
411483.3.peg.2106.site.25, 0, 117, 117
411483.3.peg.2106.site.26, 1, 111, 112
411483.3.peg.2106.site.27, 1, 115, 116
411483.3.peg.2106.site.28, 1, 112, 113
411483.3.peg.2106.site.29, 37, 106, 143
411483.3.peg.2106.site.30, 36, 108, 144
411483.3.peg.2106.site.31, 65, 109, 174
411483.3.peg.2106.site.32, 35, 106, 141
411483.3.peg.2106.site.33, 2, 115, 117
411483.3.peg.2106.site.34, 13, 115, 128
411483.3.peg.2106.site.35, 0, 121, 121
411483.3.peg.2106.site.36, 50, 106, 156
411483.3.peg.2106.site.37, 67, 113, 180
411483.3.peg.2106.site.38, 6, 129, 135
411483.3.peg.2106.site.39, 54, 120, 174
411483.3.peg.2106.site.40, 3, 135, 138
411483.3.peg.2106.site.41, 108, 132, 240
411483.3.peg.2106.site.42, 77, 132, 209
411483.3.peg.2106.site.43, 13, 145, 158
411483.3.peg.2106.site.44, 9, 145, 154
411483.3.peg.2106.site.45, 2, 148, 150
411483.3.peg.2106.site.46, 6, 145, 151
411483.3.peg.2106.site.47, 2, 149, 151
411483.3.peg.2106.site.48, 108, 148, 256
411483.3.peg.2106.site.49, 145, 152, 297
411483.3.peg.2106.site.50, 2, 154, 156
411483.3.peg.2106.site.51, 152, 152, 304
411483.3.peg.2106.site.52, 1, 153, 154
411483.3.peg.2106.site.53, 2, 155, 157
411483.3.peg.2106.site.54, 1, 154, 155
411483.3.peg.2106.site.55, 1, 153, 154
411483.3.peg.2106.site.56, 1, 152, 153
411483.3.peg.2106.site.57, 0, 152, 152
411483.3.peg.2106.site.58, 0, 149, 149
411483.3.peg.2106.site.59, 0, 145, 145
411483.3.peg.2106.site.60, 64, 134, 198
411483.3.peg.2106.site.61, 3, 137, 140
411483.3.peg.2106.site.62, 2, 139, 141
411483.3.peg.2106.site.63, 2, 141, 143
411483.3.peg.2106.site.64, 17, 141, 158
411483.3.peg.2106.site.65, 0, 142, 142
411483.3.peg.2106.site.66, 4, 149, 153
411483.3.peg.2106.site.67, 3, 146, 149
411483.3.peg.2106.site.68, 1, 148, 149
411483.3.peg.2106.site.69, 2, 148, 150
411483.3.peg.2106.site.70, 8, 146, 154
411483.3.peg.2106.site.71, 7, 143, 150
411483.3.peg.2106.site.72, 57, 124, 181
411483.3.peg.2106.site.73, 49, 123, 172
411483.3.peg.2106.site.74, 53, 127, 180
411483.3.peg.2106.site.75, 23, 128, 151
411483.3.peg.2106.site.76, 4, 133, 137
411483.3.peg.2106.site.77, 7, 132, 139
411483.3.peg.2106.site.78, 10, 132, 142
411483.3.peg.2106.site.79, 16, 131, 147
411483.3.peg.2106.site.80, 1, 123, 124
411483.3.peg.2106.site.81, 10, 121, 131
411483.3.peg.2106.site.82, 9, 122, 131
411483.3.peg.2106.site.83, 3, 106, 109
411483.3.peg.2106.site.84, 3, 103, 106
411483.3.peg.2106.site.85, 4, 103, 107
411483.3.peg.2106.site.86, 10, 106, 116
411483.3.peg.2106.site.87, 1, 148, 149
411483.3.peg.2106.site.88, 4, 152, 156
411483.3.peg.2106.site.89, 2, 154, 156
411483.3.peg.2106.site.90, 0, 154, 154
411483.3.peg.2106.site.91, 1, 155, 156
411483.3.peg.2106.site.92, 0, 155, 155
411483.3.peg.2106.site.93, 143, 145, 288
411483.3.peg.2106.site.94, 2, 149, 151
411483.3.peg.2104.site.1, 3, 155, 158
411483.3.peg.2104.site.2, 21, 154, 175
411483.3.peg.2104.site.3, 1, 155, 156
411483.3.peg.2104.site.4, 21, 148, 169
411483.3.peg.2104.site.5, 24, 150, 174
411483.3.peg.2104.site.6, 5, 153, 158
411483.3.peg.2104.site.7, 10, 151, 161
411483.3.peg.2104.site.8, 9, 153, 162
411483.3.peg.2104.site.9, 0, 154, 154
411483.3.peg.2104.site.10, 1, 155, 156
411483.3.peg.2104.site.11, 20, 146, 166
411483.3.peg.2104.site.12, 1, 155, 156
411483.3.peg.2104.site.13, 22, 151, 173
411483.3.peg.2104.site.14, 9, 153, 162
411483.3.peg.2104.site.15, 11, 151, 162
411483.3.peg.2104.site.16, 0, 152, 152
411483.3.peg.2104.site.17, 4, 150, 154
411483.3.peg.2104.site.18, 5, 153, 158
411483.3.peg.2104.site.19, 3, 151, 154
411483.3.peg.2104.site.20, 8, 138, 146
411483.3.peg.2104.site.21, 1, 139, 140
411483.3.peg.2104.site.22, 3, 138, 141
411483.3.peg.2104.site.23, 7, 105, 112
411483.3.peg.2104.site.24, 100, 107, 207
411483.3.peg.1921.site.1, 2, 128, 130
411483.3.peg.1921.site.2, 16, 136, 152
411483.3.peg.1921.site.3, 1, 140, 141
411483.3.peg.1921.site.4, 14, 142, 156
411483.3.peg.1921.site.5, 3, 143, 146
411483.3.peg.1921.site.6, 3, 124, 127
411483.3.peg.1921.site.7, 6, 128, 134
411483.3.peg.1921.site.8, 2, 135, 137
411483.3.peg.1921.site.9, 2, 139, 141
411483.3.peg.1921.site.10, 2, 137, 139
411483.3.peg.1921.site.11, 71, 135, 206
411483.3.peg.1921.site.12, 0, 146, 146
411483.3.peg.1921.site.13, 2, 145, 147
411483.3.peg.1921.site.14, 0, 135, 135
411483.3.peg.1921.site.15, 0, 138, 138
411483.3.peg.1921.site.16, 3, 137, 140
411483.3.peg.1921.site.17, 3, 134, 137
411483.3.peg.1921.site.18, 3, 129, 132
411483.3.peg.1921.site.19, 3, 123, 126
411483.3.peg.1921.site.20, 1, 114, 115
411483.3.peg.1921.site.21, 1, 112, 113
411483.3.peg.1921.site.22, 6, 115, 121
411483.3.peg.1921.site.23, 5, 114, 119
411483.3.peg.1921.site.24, 62, 105, 167
411483.3.peg.1921.site.25, 7, 103, 110
411483.3.peg.1921.site.26, 1, 92, 93
411483.3.peg.1921.site.27, 75, 75, 150
411483.3.peg.1921.site.28, 1, 89, 90
411483.3.peg.1921.site.29, 75, 98, 173
411483.3.peg.1921.site.30, 3, 133, 136
411483.3.peg.1921.site.31, 1, 137, 138
411483.3.peg.1921.site.32, 2, 138, 140
411483.3.peg.1921.site.33, 1, 140, 141
411483.3.peg.1921.site.34, 0, 139, 139
411483.3.peg.1921.site.35, 59, 133, 192
411483.3.peg.1921.site.36, 0, 139, 139
411483.3.peg.1921.site.37, 1, 140, 141
411483.3.peg.1921.site.38, 1, 139, 140
411483.3.peg.1921.site.39, 4, 147, 151
411483.3.peg.1921.site.40, 1, 147, 148
411483.3.peg.1921.site.41, 2, 147, 149
411483.3.peg.1921.site.42, 1, 152, 153
411483.3.peg.1921.site.43, 144, 148, 292
411483.3.peg.1921.site.44, 1, 146, 147
411483.3.peg.1921.site.45, 12, 147, 159
411483.3.peg.1921.site.46, 0, 146, 146
411483.3.peg.1921.site.47, 5, 146, 151
411483.3.peg.1921.site.48, 43, 127, 170
411483.3.peg.1921.site.49, 2, 139, 141
411483.3.peg.1921.site.50, 0, 129, 129
411483.3.peg.1921.site.51, 63, 121, 184
411483.3.peg.1921.site.52, 3, 141, 144
411483.3.peg.1921.site.53, 1, 134, 135
411483.3.peg.1921.site.54, 1, 139, 140
411483.3.peg.1921.site.55, 0, 143, 143
411483.3.peg.1921.site.56, 0, 144, 144
411483.3.peg.1921.site.57, 0, 142, 142
411483.3.peg.1921.site.58, 3, 146, 149
411483.3.peg.1921.site.59, 3, 140, 143
411483.3.peg.1921.site.60, 0, 141, 141
411483.3.peg.1921.site.61, 0, 141, 141
411483.3.peg.1921.site.62, 5, 145, 150
411483.3.peg.1921.site.63, 3, 144, 147
411483.3.peg.1921.site.64, 2, 150, 152
411483.3.peg.1921.site.65, 0, 152, 152
411483.3.peg.1921.site.66, 1, 153, 154
411483.3.peg.1921.site.67, 30, 139, 169
411483.3.peg.1921.site.68, 2, 144, 146
411483.3.peg.1921.site.69, 0, 146, 146
411483.3.peg.1921.site.70, 1, 144, 145
411483.3.peg.1921.site.71, 1, 142, 143
411483.3.peg.1921.site.72, 0, 141, 141
411483.3.peg.1921.site.73, 0, 151, 151
411483.3.peg.1921.site.74, 0, 149, 149
411483.3.peg.1921.site.75, 0, 150, 150
411483.3.peg.1921.site.76, 2, 153, 155
411483.3.peg.1921.site.77, 14, 150, 164
411483.3.peg.1921.site.78, 2, 152, 154
411483.3.peg.1921.site.79, 1, 150, 151
411483.3.peg.1921.site.80, 2, 153, 155
411483.3.peg.1921.site.81, 33, 149, 182
411483.3.peg.1920.site.1, 5, 128, 133
411483.3.peg.1920.site.2, 5, 142, 147
411483.3.peg.1920.site.3, 1, 144, 145
411483.3.peg.1920.site.4, 9, 137, 146
411483.3.peg.1920.site.5, 2, 142, 144
411483.3.peg.1920.site.6, 1, 142, 143
411483.3.peg.1920.site.7, 1, 145, 146
411483.3.peg.1920.site.8, 3, 147, 150
411483.3.peg.1920.site.9, 0, 144, 144
411483.3.peg.1920.site.10, 1, 148, 149
411483.3.peg.1920.site.11, 1, 144, 145
411483.3.peg.1920.site.12, 76, 133, 209
411483.3.peg.1920.site.13, 2, 148, 150
411483.3.peg.1920.site.14, 4, 148, 152
411483.3.peg.1920.site.15, 49, 140, 189
411483.3.peg.1920.site.16, 1, 143, 144
411483.3.peg.1920.site.17, 3, 143, 146
411483.3.peg.1920.site.18, 6, 144, 150
411483.3.peg.1920.site.19, 7, 146, 153
411483.3.peg.1920.site.20, 0, 146, 146
411483.3.peg.1920.site.21, 2, 147, 149
411483.3.peg.1920.site.22, 2, 148, 150
411483.3.peg.1920.site.23, 2, 151, 153
411483.3.peg.1920.site.24, 16, 150, 166
411483.3.peg.1920.site.25, 0, 147, 147
411483.3.peg.1920.site.26, 2, 148, 150
411483.3.peg.1920.site.27, 55, 134, 189
411483.3.peg.1920.site.28, 1, 153, 154
411483.3.peg.1920.site.29, 1, 151, 152
411483.3.peg.1920.site.30, 0, 145, 145
411483.3.peg.1920.site.31, 4, 143, 147
411483.3.peg.1920.site.32, 1, 147, 148
411483.3.peg.1920.site.33, 2, 149, 151
411483.3.peg.1920.site.34, 0, 147, 147
411483.3.peg.1920.site.35, 13, 148, 161
411483.3.peg.1920.site.36, 8, 149, 157
411483.3.peg.1920.site.37, 2, 152, 154
411483.3.peg.1920.site.38, 2, 152, 154
411483.3.peg.1920.site.39, 0, 154, 154
411483.3.peg.1920.site.40, 3, 154, 157
411483.3.peg.1920.site.41, 2, 152, 154
411483.3.peg.1920.site.42, 0, 152, 152
411483.3.peg.1920.site.43, 0, 151, 151
411483.3.peg.1920.site.44, 1, 140, 141
411483.3.peg.1920.site.45, 0, 136, 136
411483.3.peg.1920.site.46, 2, 137, 139
411483.3.peg.1920.site.47, 2, 125, 127
411483.3.peg.1920.site.48, 1, 125, 126
411483.3.peg.1920.site.49, 101, 105, 206
411483.3.peg.1920.site.50, 50, 99, 149
411483.3.peg.1920.site.51, 0, 114, 114
411483.3.peg.1920.site.52, 2, 115, 117
411483.3.peg.1920.site.53, 0, 104, 104
411483.3.peg.1920.site.54, 1, 85, 86
411483.3.peg.1920.site.55, 0, 96, 96
411483.3.peg.1920.site.56, 1, 98, 99
411483.3.peg.1920.site.57, 1, 96, 97
411483.3.peg.1920.site.58, 0, 112, 112
411483.3.peg.1920.site.59, 1, 123, 124
411483.3.peg.1920.site.60, 2, 117, 119
411483.3.peg.1920.site.61, 3, 120, 123
411483.3.peg.1920.site.62, 32, 116, 148
411483.3.peg.1920.site.63, 1, 116, 117
411483.3.peg.1920.site.64, 3, 107, 110
411483.3.peg.1920.site.65, 3, 104, 107
411483.3.peg.1920.site.66, 1, 113, 114
411483.3.peg.1920.site.67, 2, 126, 128
411483.3.peg.1920.site.68, 16, 116, 132
411483.3.peg.1920.site.69, 2, 112, 114
411483.3.peg.1920.site.70, 1, 111, 112
411483.3.peg.1920.site.71, 28, 75, 103
411483.3.peg.1920.site.72, 5, 72, 77
411483.3.peg.1920.site.73, 1, 70, 71
411483.3.peg.1920.site.74, 1, 92, 93
411483.3.peg.1920.site.75, 1, 90, 91
411483.3.peg.1920.site.76, 1, 111, 112
411483.3.peg.1920.site.77, 2, 109, 111
411483.3.peg.1920.site.78, 114, 124, 238
411483.3.peg.1920.site.79, 2, 132, 134
411483.3.peg.1920.site.80, 0, 136, 136
411483.3.peg.1920.site.81, 5, 148, 153
411483.3.peg.1920.site.82, 14, 147, 161
411483.3.peg.1920.site.83, 2, 143, 145
411483.3.peg.1920.site.84, 2, 146, 148
411483.3.peg.1920.site.85, 2, 147, 149
411483.3.peg.1920.site.86, 3, 142, 145
411483.3.peg.1920.site.87, 3, 146, 149
411483.3.peg.1920.site.88, 1, 144, 145
411483.3.peg.1920.site.89, 1, 145, 146
411483.3.peg.1920.site.90, 3, 148, 151
411483.3.peg.1920.site.91, 95, 134, 229
411483.3.peg.1920.site.92, 0, 135, 135
411483.3.peg.1920.site.93, 1, 139, 140
411483.3.peg.1920.site.94, 3, 136, 139
411483.3.peg.1920.site.95, 9, 134, 143
411483.3.peg.1920.site.96, 1, 135, 136
411483.3.peg.1920.site.97, 2, 135, 137
411483.3.peg.1920.site.98, 2, 115, 117
411483.3.peg.1920.site.99, 9, 103, 112
411483.3.peg.1920.site.100, 8, 105, 113
411483.3.peg.1920.site.101, 7, 106, 113
411483.3.peg.1920.site.102, 12, 108, 120
411483.3.peg.1920.site.103, 5, 98, 103
411483.3.peg.1920.site.104, 6, 97, 103
411483.3.peg.1920.site.105, 2, 104, 106
411483.3.peg.1920.site.106, 116, 116, 232
411483.3.peg.1920.site.107, 1, 116, 117
411483.3.peg.1920.site.108, 1, 126, 127
411483.3.peg.1920.site.109, 27, 127, 154
411483.3.peg.1920.site.110, 1, 142, 143
411483.3.peg.1920.site.111, 2, 137, 139
411483.3.peg.1920.site.112, 1, 136, 137
411483.3.peg.1920.site.113, 3, 134, 137
411483.3.peg.1920.site.114, 47, 109, 156
411483.3.peg.1920.site.115, 1, 135, 136
411483.3.peg.1920.site.116, 2, 123, 125
411483.3.peg.1920.site.117, 5, 134, 139
411483.3.peg.1920.site.118, 14, 132, 146
411483.3.peg.1920.site.119, 1, 139, 140
411483.3.peg.1920.site.120, 5, 137, 142
411483.3.peg.1920.site.121, 131, 145, 276
411483.3.peg.1920.site.122, 3, 145, 148
411483.3.peg.1920.site.123, 1, 147, 148
411483.3.peg.1920.site.124, 2, 149, 151
411483.3.peg.1920.site.125, 5, 145, 150
411483.3.peg.1920.site.126, 2, 146, 148
411483.3.peg.1920.site.127, 2, 139, 141
411483.3.peg.1920.site.128, 5, 145, 150
411483.3.peg.1920.site.129, 2, 144, 146
411483.3.peg.1920.site.130, 2, 140, 142
411483.3.peg.1920.site.131, 2, 138, 140
411483.3.peg.1920.site.132, 3, 145, 148
411483.3.peg.1920.site.133, 2, 148, 150
411483.3.peg.1920.site.134, 0, 150, 150
411483.3.peg.1920.site.135, 3, 152, 155
411483.3.peg.1920.site.136, 5, 148, 153
411483.3.peg.1920.site.137, 15, 143, 158
411483.3.peg.1920.site.138, 6, 150, 156
411483.3.peg.1920.site.139, 2, 150, 152
411483.3.peg.1920.site.140, 37, 143, 180
411483.3.peg.1920.site.141, 2, 151, 153
411483.3.peg.1920.site.142, 1, 152, 153
411483.3.peg.1920.site.143, 1, 148, 149
411483.3.peg.1920.site.144, 0, 152, 152
411483.3.peg.1920.site.145, 0, 152, 152
411483.3.peg.1920.site.146, 3, 147, 150
411483.3.peg.1920.site.147, 3, 153, 156
411483.3.peg.1920.site.148, 1, 154, 155
411483.3.peg.1920.site.149, 0, 151, 151
411483.3.peg.1920.site.150, 1, 154, 155
411483.3.peg.1920.site.151, 6, 151, 157
411483.3.peg.1920.site.152, 1, 152, 153
411483.3.peg.1920.site.153, 1, 154, 155
411483.3.peg.1920.site.154, 1, 152, 153
411483.3.peg.1920.site.155, 2, 154, 156
411483.3.peg.1920.site.156, 2, 152, 154
411483.3.peg.1920.site.157, 5, 149, 154
411483.3.peg.1920.site.158, 8, 153, 161
411483.3.peg.1920.site.159, 14, 153, 167
411483.3.peg.1920.site.160, 0, 154, 154
411483.3.peg.1920.site.161, 10, 150, 160
411483.3.peg.1920.site.162, 13, 152, 165
411483.3.peg.1920.site.163, 1, 133, 134
411483.3.peg.1920.site.164, 2, 148, 150
411483.3.peg.1920.site.165, 2, 140, 142
411483.3.peg.1920.site.166, 1, 150, 151
411483.3.peg.1920.site.167, 44, 138, 182
411483.3.peg.1920.site.168, 3, 150, 153
411483.3.peg.1920.site.169, 5, 149, 154
411483.3.peg.1920.site.170, 1, 145, 146
411483.3.peg.1920.site.171, 3, 152, 155
411483.3.peg.1920.site.172, 1, 152, 153
411483.3.peg.1920.site.173, 1, 152, 153
411483.3.peg.1920.site.174, 1, 149, 150
411483.3.peg.1920.site.175, 2, 149, 151
411483.3.peg.1920.site.176, 4, 151, 155
411483.3.peg.1920.site.177, 6, 148, 154
411483.3.peg.1920.site.178, 4, 149, 153
411483.3.peg.1920.site.179, 7, 149, 156
411483.3.peg.1920.site.180, 1, 148, 149
411483.3.peg.1920.site.181, 4, 152, 156
411483.3.peg.1920.site.182, 2, 152, 154
411483.3.peg.1920.site.183, 5, 153, 158
411483.3.peg.1920.site.184, 5, 145, 150
411483.3.peg.1920.site.185, 4, 146, 150
411483.3.peg.1920.site.186, 1, 139, 140
411483.3.peg.1920.site.187, 4, 141, 145
411483.3.peg.1920.site.188, 4, 142, 146
411483.3.peg.1920.site.189, 1, 145, 146
411483.3.peg.1920.site.190, 5, 151, 156
411483.3.peg.1920.site.191, 1, 153, 154
411483.3.peg.1920.site.192, 6, 150, 156
411483.3.peg.1920.site.193, 9, 149, 158
411483.3.peg.1920.site.194, 4, 144, 148
411483.3.peg.1920.site.195, 3, 139, 142
411483.3.peg.1920.site.196, 5, 136, 141
411483.3.peg.1920.site.197, 2, 138, 140
411483.3.peg.1920.site.198, 4, 137, 141
411483.3.peg.1920.site.199, 2, 147, 149
411483.3.peg.1920.site.200, 2, 148, 150
411483.3.peg.1920.site.201, 1, 148, 149
411483.3.peg.1920.site.202, 37, 143, 180
411483.3.peg.1920.site.203, 8, 147, 155
411483.3.peg.1920.site.204, 11, 145, 156
411483.3.peg.1920.site.205, 5, 150, 155
411483.3.peg.1920.site.206, 0, 153, 153
411483.3.peg.1920.site.207, 3, 150, 153
411483.3.peg.1920.site.208, 0, 149, 149
411483.3.peg.1920.site.209, 0, 151, 151
411483.3.peg.1920.site.210, 6, 147, 153
411483.3.peg.1920.site.211, 0, 151, 151
411483.3.peg.1920.site.212, 3, 152, 155
411483.3.peg.1920.site.213, 3, 148, 151
411483.3.peg.1920.site.214, 0, 148, 148
411483.3.peg.1920.site.215, 1, 151, 152
411483.3.peg.1920.site.216, 5, 152, 157
411483.3.peg.1920.site.217, 1, 146, 147
411483.3.peg.1920.site.218, 4, 149, 153
411483.3.peg.1920.site.219, 1, 150, 151
411483.3.peg.1920.site.220, 15, 145, 160
411483.3.peg.1920.site.221, 1, 150, 151
411483.3.peg.1920.site.222, 0, 150, 150
411483.3.peg.1920.site.223, 0, 146, 146
411483.3.peg.1920.site.224, 0, 140, 140
411483.3.peg.1920.site.225, 0, 141, 141
411483.3.peg.1920.site.226, 3, 142, 145
411483.3.peg.1920.site.227, 0, 139, 139
411483.3.peg.1920.site.228, 10, 134, 144
411483.3.peg.1920.site.229, 10, 129, 139
411483.3.peg.1920.site.230, 23, 130, 153
411483.3.peg.1920.site.231, 16, 144, 160
411483.3.peg.1920.site.232, 1, 142, 143
411483.3.peg.1920.site.233, 4, 142, 146
411483.3.peg.1920.site.234, 3, 140, 143
411483.3.peg.1920.site.235, 3, 144, 147
411483.3.peg.1920.site.236, 0, 150, 150
411483.3.peg.1920.site.237, 2, 146, 148
411483.3.peg.1920.site.238, 6, 148, 154
411483.3.peg.1920.site.239, 7, 140, 147
411483.3.peg.1920.site.240, 144, 147, 291
411483.3.peg.1920.site.241, 2, 147, 149
411483.3.peg.1920.site.242, 7, 136, 143
411483.3.peg.1920.site.243, 1, 148, 149
411483.3.peg.1920.site.244, 3, 143, 146
411483.3.peg.1920.site.245, 0, 142, 142
411483.3.peg.1920.site.246, 4, 144, 148
411483.3.peg.1920.site.247, 0, 143, 143
411483.3.peg.1920.site.248, 1, 143, 144
411483.3.peg.1920.site.249, 0, 137, 137
411483.3.peg.1920.site.250, 16, 133, 149
411483.3.peg.1920.site.251, 14, 130, 144
411483.3.peg.1920.site.252, 0, 133, 133
411483.3.peg.1920.site.253, 0, 129, 129
411483.3.peg.1920.site.254, 0, 132, 132
411483.3.peg.1920.site.255, 1, 127, 128
411483.3.peg.1920.site.256, 14, 118, 132
411483.3.peg.1923.site.1, 1, 149, 150
411483.3.peg.1923.site.2, 72, 131, 203
411483.3.peg.1923.site.3, 0, 147, 147
411483.3.peg.1923.site.4, 123, 147, 270
411483.3.peg.1923.site.5, 2, 153, 155
411483.3.peg.1923.site.6, 2, 150, 152
411483.3.peg.1923.site.7, 3, 150, 153
411483.3.peg.1923.site.8, 3, 151, 154
411483.3.peg.1923.site.9, 42, 143, 185
411483.3.peg.1923.site.10, 1, 142, 143
411483.3.peg.1923.site.11, 7, 144, 151
411483.3.peg.1923.site.12, 3, 149, 152
411483.3.peg.1923.site.13, 0, 153, 153
411483.3.peg.1923.site.14, 4, 154, 158
411483.3.peg.1923.site.15, 0, 152, 152
411483.3.peg.1923.site.16, 0, 152, 152
411483.3.peg.1923.site.17, 15, 143, 158
411483.3.peg.1923.site.18, 7, 151, 158
411483.3.peg.1923.site.19, 2, 148, 150
411483.3.peg.1923.site.20, 21, 151, 172
411483.3.peg.1923.site.21, 0, 151, 151
411483.3.peg.1923.site.22, 2, 140, 142
411483.3.peg.1923.site.23, 1, 148, 149
411483.3.peg.1923.site.24, 0, 144, 144
411483.3.peg.1923.site.25, 0, 146, 146
411483.3.peg.1923.site.26, 3, 144, 147
411483.3.peg.1923.site.27, 1, 99, 100
411483.3.peg.1923.site.28, 0, 98, 98
411483.3.peg.1923.site.29, 0, 116, 116
411483.3.peg.1923.site.30, 14, 121, 135
411483.3.peg.1923.site.31, 1, 145, 146
411483.3.peg.1923.site.32, 29, 137, 166
411483.3.peg.1923.site.33, 0, 141, 141
411483.3.peg.1923.site.34, 0, 137, 137
411483.3.peg.1923.site.35, 2, 140, 142
411483.3.peg.1923.site.36, 2, 148, 150
411483.3.peg.1923.site.37, 3, 149, 152
411483.3.peg.1923.site.38, 17, 148, 165
411483.3.peg.1923.site.39, 153, 153, 306
411483.3.peg.1923.site.40, 6, 151, 157
411483.3.peg.1923.site.41, 4, 155, 159
411483.3.peg.1923.site.42, 2, 155, 157
411483.3.peg.1922.site.1, 3, 154, 157
411483.3.peg.1922.site.2, 2, 153, 155
411483.3.peg.1922.site.3, 135, 152, 287
411483.3.peg.1922.site.4, 3, 151, 154
411483.3.peg.1922.site.5, 0, 150, 150
411483.3.peg.1925.site.1, 0, 149, 149
411483.3.peg.1925.site.2, 2, 151, 153
411483.3.peg.1925.site.3, 1, 150, 151
411483.3.peg.1925.site.4, 3, 146, 149
411483.3.peg.1925.site.5, 36, 137, 173
411483.3.peg.1925.site.6, 7, 142, 149
411483.3.peg.1925.site.7, 7, 144, 151
411483.3.peg.1925.site.8, 0, 143, 143
411483.3.peg.1925.site.9, 33, 138, 171
411483.3.peg.1925.site.10, 1, 148, 149
411483.3.peg.1925.site.11, 3, 144, 147
411483.3.peg.1925.site.12, 1, 147, 148
411483.3.peg.1925.site.13, 1, 144, 145
411483.3.peg.1925.site.14, 9, 143, 152
411483.3.peg.1925.site.15, 0, 145, 145
411483.3.peg.1925.site.16, 1, 147, 148
411483.3.peg.1925.site.17, 0, 141, 141
411483.3.peg.1925.site.18, 0, 141, 141
411483.3.peg.1925.site.19, 3, 143, 146
411483.3.peg.1925.site.20, 0, 147, 147
411483.3.peg.1925.site.21, 2, 144, 146
411483.3.peg.1925.site.22, 3, 145, 148
411483.3.peg.1925.site.23, 2, 147, 149
411483.3.peg.1925.site.24, 1, 150, 151
411483.3.peg.1925.site.25, 8, 142, 150
411483.3.peg.1925.site.26, 104, 144, 248
411483.3.peg.1925.site.27, 1, 150, 151
411483.3.peg.1925.site.28, 68, 135, 203
411483.3.peg.1925.site.29, 0, 144, 144
411483.3.peg.1925.site.30, 24, 139, 163
411483.3.peg.1925.site.31, 3, 150, 153
411483.3.peg.1925.site.32, 0, 147, 147
411483.3.peg.1925.site.33, 0, 152, 152
411483.3.peg.1925.site.34, 0, 145, 145
411483.3.peg.1925.site.35, 1, 147, 148
411483.3.peg.1925.site.36, 1, 143, 144
411483.3.peg.1925.site.37, 0, 150, 150
411483.3.peg.1925.site.38, 0, 145, 145
411483.3.peg.1925.site.39, 1, 144, 145
411483.3.peg.1925.site.40, 1, 146, 147
411483.3.peg.1925.site.41, 0, 145, 145
411483.3.peg.1925.site.42, 133, 138, 271
411483.3.peg.1925.site.43, 22, 134, 156
411483.3.peg.1925.site.44, 14, 130, 144
411483.3.peg.1925.site.45, 2, 129, 131
411483.3.peg.1925.site.46, 0, 128, 128
411483.3.peg.1925.site.47, 3, 115, 118
411483.3.peg.1925.site.48, 3, 121, 124
411483.3.peg.1925.site.49, 50, 114, 164
411483.3.peg.1925.site.50, 2, 128, 130
411483.3.peg.1925.site.51, 1, 134, 135
411483.3.peg.1925.site.52, 4, 151, 155
411483.3.peg.1925.site.53, 3, 154, 157
411483.3.peg.1925.site.54, 25, 148, 173
411483.3.peg.1925.site.55, 7, 152, 159
411483.3.peg.1925.site.56, 7, 154, 161
411483.3.peg.1924.site.1, 14, 149, 163
411483.3.peg.1924.site.2, 0, 150, 150
411483.3.peg.1924.site.3, 0, 150, 150
411483.3.peg.1924.site.4, 3, 148, 151
411483.3.peg.1924.site.5, 21, 133, 154
411483.3.peg.1924.site.6, 75, 124, 199
411483.3.peg.1924.site.7, 1, 133, 134
411483.3.peg.1924.site.8, 128, 134, 262
411483.3.peg.1924.site.9, 4, 136, 140
411483.3.peg.1924.site.10, 1, 145, 146
411483.3.peg.1924.site.11, 1, 144, 145
411483.3.peg.1924.site.12, 0, 146, 146
411483.3.peg.1924.site.13, 1, 143, 144
411483.3.peg.1924.site.14, 1, 144, 145
411483.3.peg.1924.site.15, 2, 145, 147
411483.3.peg.1924.site.16, 151, 152, 303
411483.3.peg.1924.site.17, 12, 151, 163
411483.3.peg.1924.site.18, 1, 151, 152
411483.3.peg.1924.site.19, 1, 152, 153
411483.3.peg.1924.site.20, 4, 152, 156
411483.3.peg.1924.site.21, 0, 150, 150
411483.3.peg.1927.site.1, 1, 154, 155
411483.3.peg.1927.site.2, 1, 151, 152
411483.3.peg.1927.site.3, 7, 153, 160
411483.3.peg.1927.site.4, 0, 151, 151
411483.3.peg.1927.site.5, 23, 145, 168
411483.3.peg.1927.site.6, 5, 153, 158
411483.3.peg.1927.site.7, 5, 152, 157
411483.3.peg.1927.site.8, 3, 150, 153
411483.3.peg.1927.site.9, 6, 153, 159
411483.3.peg.1927.site.10, 26, 151, 177
411483.3.peg.1927.site.11, 24, 151, 175
411483.3.peg.1927.site.12, 5, 153, 158
411483.3.peg.1927.site.13, 2, 151, 153
411483.3.peg.1927.site.14, 4, 152, 156
411483.3.peg.1927.site.15, 1, 153, 154
411483.3.peg.1927.site.16, 5, 152, 157
411483.3.peg.1927.site.17, 23, 150, 173
411483.3.peg.1927.site.18, 6, 154, 160
411483.3.peg.1927.site.19, 20, 146, 166
411483.3.peg.1927.site.20, 9, 147, 156
411483.3.peg.1927.site.21, 0, 132, 132
411483.3.peg.1927.site.22, 7, 123, 130
411483.3.peg.1927.site.23, 1, 119, 120
411483.3.peg.1927.site.24, 1, 142, 143
411483.3.peg.1927.site.25, 1, 143, 144
411483.3.peg.1927.site.26, 93, 138, 231
411483.3.peg.1927.site.27, 57, 132, 189
411483.3.peg.1927.site.28, 0, 152, 152
411483.3.peg.1927.site.29, 2, 153, 155
411483.3.peg.1927.site.30, 22, 146, 168
411483.3.peg.1927.site.31, 111, 147, 258
411483.3.peg.1927.site.32, 12, 149, 161
411483.3.peg.1927.site.33, 10, 148, 158
411483.3.peg.1927.site.34, 55, 144, 199
411483.3.peg.1927.site.35, 2, 151, 153
411483.3.peg.1927.site.36, 5, 151, 156
411483.3.peg.1927.site.37, 2, 151, 153
411483.3.peg.1927.site.38, 23, 149, 172
411483.3.peg.1927.site.39, 3, 152, 155
411483.3.peg.1927.site.40, 2, 151, 153
411483.3.peg.1927.site.41, 0, 149, 149
411483.3.peg.1927.site.42, 1, 150, 151
411483.3.peg.1927.site.43, 1, 152, 153
411483.3.peg.1927.site.44, 2, 143, 145
411483.3.peg.1927.site.45, 1, 144, 145
411483.3.peg.1927.site.46, 1, 143, 144
411483.3.peg.1927.site.47, 12, 121, 133
411483.3.peg.1927.site.48, 1, 145, 146
411483.3.peg.1927.site.49, 0, 146, 146
411483.3.peg.1926.site.1, 0, 155, 155
411483.3.peg.1926.site.2, 1, 151, 152
411483.3.peg.1926.site.3, 0, 152, 152
411483.3.peg.1926.site.4, 8, 154, 162
411483.3.peg.1926.site.5, 9, 150, 159
411483.3.peg.1926.site.6, 145, 150, 295
411483.3.peg.1926.site.7, 8, 148, 156
411483.3.peg.1926.site.8, 1, 151, 152
411483.3.peg.1926.site.9, 7, 154, 161
411483.3.peg.1926.site.10, 1, 155, 156
411483.3.peg.1926.site.11, 63, 144, 207
411483.3.peg.1926.site.12, 10, 153, 163
411483.3.peg.1926.site.13, 16, 147, 163
411483.3.peg.1926.site.14, 1, 154, 155
411483.3.peg.1926.site.15, 0, 151, 151
411483.3.peg.1926.site.16, 0, 147, 147
411483.3.peg.1926.site.17, 0, 150, 150
411483.3.peg.1926.site.18, 0, 154, 154
411483.3.peg.1926.site.19, 3, 155, 158
411483.3.peg.1926.site.20, 1, 154, 155
411483.3.peg.1926.site.21, 6, 155, 161
411483.3.peg.1926.site.22, 0, 154, 154
411483.3.peg.1926.site.23, 5, 155, 160
411483.3.peg.1926.site.24, 6, 155, 161
411483.3.peg.1926.site.25, 2, 153, 155
411483.3.peg.1926.site.26, 6, 152, 158
411483.3.peg.1926.site.27, 4, 147, 151
411483.3.peg.1926.site.28, 3, 150, 153
411483.3.peg.1926.site.29, 134, 144, 278
411483.3.peg.1926.site.30, 1, 150, 151
411483.3.peg.1926.site.31, 1, 155, 156
411483.3.peg.1926.site.32, 1, 155, 156
411483.3.peg.1926.site.33, 3, 154, 157
411483.3.peg.1926.site.34, 4, 155, 159
411483.3.peg.1926.site.35, 5, 153, 158
411483.3.peg.1926.site.36, 3, 153, 156
411483.3.peg.1926.site.37, 0, 151, 151
411483.3.peg.1926.site.38, 2, 155, 157
411483.3.peg.1926.site.39, 7, 155, 162
411483.3.peg.1783.site.1, 9, 148, 157
411483.3.peg.1783.site.2, 3, 149, 152
411483.3.peg.1783.site.3, 4, 148, 152
411483.3.peg.1783.site.4, 14, 144, 158
411483.3.peg.1783.site.5, 15, 148, 163
411483.3.peg.1783.site.6, 131, 145, 276
411483.3.peg.1783.site.7, 17, 143, 160
411483.3.peg.1783.site.8, 37, 141, 178
411483.3.peg.1783.site.9, 2, 135, 137
411483.3.peg.1783.site.10, 1, 133, 134
411483.3.peg.1783.site.11, 25, 119, 144
411483.3.peg.1783.site.12, 0, 120, 120
411483.3.peg.1783.site.13, 1, 116, 117
411483.3.peg.1783.site.14, 3, 100, 103
411483.3.peg.1783.site.15, 6, 110, 116
411483.3.peg.1783.site.16, 3, 120, 123
411483.3.peg.1783.site.17, 12, 115, 127
411483.3.peg.1783.site.18, 4, 140, 144
411483.3.peg.1783.site.19, 1, 147, 148
411483.3.peg.1783.site.20, 30, 140, 170
411483.3.peg.1783.site.21, 70, 139, 209
411483.3.peg.1783.site.22, 78, 138, 216
411483.3.peg.1783.site.23, 1, 148, 149
411483.3.peg.1783.site.24, 5, 137, 142
411483.3.peg.1783.site.25, 14, 129, 143
411483.3.peg.1783.site.26, 1, 143, 144
411483.3.peg.1783.site.27, 31, 133, 164
411483.3.peg.1783.site.28, 0, 140, 140
411483.3.peg.1783.site.29, 42, 125, 167
411483.3.peg.1783.site.30, 1, 136, 137
411483.3.peg.1783.site.31, 3, 137, 140
411483.3.peg.1783.site.32, 1, 135, 136
411483.3.peg.1783.site.33, 1, 138, 139
411483.3.peg.1783.site.34, 1, 136, 137
411483.3.peg.1783.site.35, 26, 132, 158
411483.3.peg.1783.site.36, 44, 126, 170
411483.3.peg.1783.site.37, 3, 118, 121
411483.3.peg.1783.site.38, 22, 122, 144
411483.3.peg.1783.site.39, 13, 118, 131
411483.3.peg.1783.site.40, 1, 124, 125
411483.3.peg.1783.site.41, 3, 128, 131
411483.3.peg.1783.site.42, 11, 125, 136
411483.3.peg.1783.site.43, 4, 131, 135
411483.3.peg.1783.site.44, 2, 140, 142
411483.3.peg.1783.site.45, 11, 134, 145
411483.3.peg.1783.site.46, 2, 139, 141
411483.3.peg.1783.site.47, 1, 143, 144
411483.3.peg.1783.site.48, 1, 150, 151
411483.3.peg.1783.site.49, 39, 140, 179
411483.3.peg.1783.site.50, 45, 141, 186
411483.3.peg.1783.site.51, 2, 150, 152
411483.3.peg.1783.site.52, 1, 148, 149
411483.3.peg.1783.site.53, 0, 150, 150
411483.3.peg.1783.site.54, 4, 151, 155
411483.3.peg.1783.site.55, 2, 149, 151
411483.3.peg.1783.site.56, 3, 138, 141
411483.3.peg.1783.site.57, 1, 140, 141
411483.3.peg.1783.site.58, 4, 145, 149
411483.3.peg.1783.site.59, 64, 144, 208
411483.3.peg.1783.site.60, 28, 144, 172
411483.3.peg.1783.site.61, 2, 149, 151
411483.3.peg.1783.site.62, 1, 153, 154
411483.3.peg.1783.site.63, 4, 153, 157
411483.3.peg.1783.site.64, 7, 150, 157
411483.3.peg.1782.site.1, 2, 147, 149
411483.3.peg.1782.site.2, 5, 149, 154
411483.3.peg.1782.site.3, 4, 129, 133
411483.3.peg.1782.site.4, 3, 117, 120
411483.3.peg.1782.site.5, 9, 146, 155
411483.3.peg.1782.site.6, 102, 133, 235
411483.3.peg.1782.site.7, 4, 138, 142
411483.3.peg.1782.site.8, 0, 138, 138
411483.3.peg.1782.site.9, 18, 120, 138
411483.3.peg.1782.site.10, 5, 116, 121
411483.3.peg.1782.site.11, 17, 99, 116
411483.3.peg.1782.site.12, 1, 104, 105
411483.3.peg.1782.site.13, 45, 103, 148
411483.3.peg.1782.site.14, 58, 107, 165
411483.3.peg.1782.site.15, 4, 139, 143
411483.3.peg.1782.site.16, 4, 138, 142
411483.3.peg.1782.site.17, 12, 149, 161
411483.3.peg.1782.site.18, 28, 145, 173
411483.3.peg.1782.site.19, 7, 149, 156
411483.3.peg.1782.site.20, 7, 148, 155
411483.3.peg.1782.site.21, 0, 151, 151
411483.3.peg.1782.site.22, 0, 152, 152
411483.3.peg.1782.site.23, 5, 150, 155
411483.3.peg.1782.site.24, 4, 152, 156
411483.3.peg.1782.site.25, 3, 150, 153
411483.3.peg.1782.site.26, 0, 152, 152
411483.3.peg.1782.site.27, 3, 147, 150
411483.3.peg.1782.site.28, 45, 137, 182
411483.3.peg.1782.site.29, 0, 150, 150
411483.3.peg.1782.site.30, 0, 148, 148
411483.3.peg.1782.site.31, 0, 147, 147
411483.3.peg.1782.site.32, 0, 147, 147
411483.3.peg.1782.site.33, 4, 152, 156
411483.3.peg.1782.site.34, 1, 145, 146
411483.3.peg.1782.site.35, 1, 154, 155
411483.3.peg.1782.site.36, 3, 153, 156
411483.3.peg.1782.site.37, 94, 141, 235
411483.3.peg.1782.site.38, 3, 152, 155
411483.3.peg.1031.site.1, 3, 150, 153
411483.3.peg.1031.site.2, 0, 151, 151
411483.3.peg.1031.site.3, 3, 150, 153
411483.3.peg.1031.site.4, 3, 148, 151
411483.3.peg.1031.site.5, 12, 144, 156
411483.3.peg.1031.site.6, 6, 147, 153
411483.3.peg.1031.site.7, 118, 144, 262
411483.3.peg.1031.site.8, 3, 150, 153
411483.3.peg.1031.site.9, 1, 150, 151
411483.3.peg.1031.site.10, 60, 138, 198
411483.3.peg.1031.site.11, 3, 144, 147
411483.3.peg.1031.site.12, 1, 148, 149
411483.3.peg.1031.site.13, 2, 143, 145
411483.3.peg.1031.site.14, 1, 146, 147
411483.3.peg.1031.site.15, 9, 144, 153
411483.3.peg.1031.site.16, 1, 143, 144
411483.3.peg.1031.site.17, 1, 146, 147
411483.3.peg.1031.site.18, 7, 132, 139
411483.3.peg.1031.site.19, 1, 129, 130
411483.3.peg.1031.site.20, 1, 145, 146
411483.3.peg.1031.site.21, 0, 146, 146
411483.3.peg.1031.site.22, 99, 141, 240
411483.3.peg.1031.site.23, 2, 151, 153
411483.3.peg.1031.site.24, 65, 138, 203
411483.3.peg.1031.site.25, 1, 144, 145
411483.3.peg.1031.site.26, 65, 136, 201
411483.3.peg.1031.site.27, 90, 139, 229
411483.3.peg.1031.site.28, 8, 153, 161
411483.3.peg.1031.site.29, 87, 143, 230
411483.3.peg.1031.site.30, 1, 152, 153
411483.3.peg.1031.site.31, 8, 151, 159
411483.3.peg.1031.site.32, 2, 155, 157
411483.3.peg.1031.site.33, 3, 155, 158
411483.3.peg.1031.site.34, 2, 153, 155
411483.3.peg.1031.site.35, 0, 152, 152
411483.3.peg.1031.site.36, 21, 148, 169
411483.3.peg.1031.site.37, 5, 148, 153
411483.3.peg.1031.site.38, 3, 151, 154
411483.3.peg.1031.site.39, 8, 146, 154
411483.3.peg.1031.site.40, 0, 150, 150
411483.3.peg.1031.site.41, 5, 148, 153
411483.3.peg.1030.site.1, 4, 151, 155
411483.3.peg.1030.site.2, 2, 150, 152
411483.3.peg.1030.site.3, 2, 149, 151
411483.3.peg.1030.site.4, 3, 148, 151
411483.3.peg.1030.site.5, 118, 141, 259
411483.3.peg.1030.site.6, 16, 145, 161
411483.3.peg.1030.site.7, 5, 147, 152
411483.3.peg.1030.site.8, 3, 146, 149
411483.3.peg.1030.site.9, 0, 133, 133
411483.3.peg.1030.site.10, 2, 135, 137
411483.3.peg.1030.site.11, 123, 131, 254
411483.3.peg.1030.site.12, 84, 110, 194
411483.3.peg.1030.site.13, 7, 133, 140
411483.3.peg.1030.site.14, 7, 136, 143
411483.3.peg.1030.site.15, 2, 135, 137
411483.3.peg.1030.site.16, 9, 134, 143
411483.3.peg.1030.site.17, 3, 130, 133
411483.3.peg.1030.site.18, 10, 123, 133
411483.3.peg.1030.site.19, 1, 129, 130
411483.3.peg.1030.site.20, 2, 130, 132
411483.3.peg.1030.site.21, 4, 128, 132
411483.3.peg.1030.site.22, 2, 123, 125
411483.3.peg.1030.site.23, 15, 132, 147
411483.3.peg.1030.site.24, 1, 133, 134
411483.3.peg.1030.site.25, 1, 142, 143
411483.3.peg.1030.site.26, 1, 135, 136
411483.3.peg.1030.site.27, 5, 145, 150
411483.3.peg.1030.site.28, 28, 140, 168
411483.3.peg.1030.site.29, 128, 139, 267
411483.3.peg.1030.site.30, 39, 145, 184
411483.3.peg.1030.site.31, 53, 137, 190
411483.3.peg.1030.site.32, 42, 141, 183
411483.3.peg.1030.site.33, 0, 148, 148
411483.3.peg.1030.site.34, 2, 152, 154
411483.3.peg.1030.site.35, 19, 149, 168
411483.3.peg.1030.site.36, 6, 149, 155
411483.3.peg.1030.site.37, 1, 152, 153
411483.3.peg.1030.site.38, 14, 144, 158
411483.3.peg.1030.site.39, 2, 153, 155
411483.3.peg.1030.site.40, 134, 145, 279
411483.3.peg.1030.site.41, 5, 152, 157
411483.3.peg.1030.site.42, 4, 152, 156
411483.3.peg.1030.site.43, 24, 152, 176
411483.3.peg.1030.site.44, 7, 148, 155
411483.3.peg.1030.site.45, 7, 149, 156
411483.3.peg.1030.site.46, 1, 153, 154
411483.3.peg.1030.site.47, 3, 153, 156
411483.3.peg.1030.site.48, 0, 147, 147
411483.3.peg.1030.site.49, 1, 151, 152
411483.3.peg.1030.site.50, 6, 148, 154
411483.3.peg.1030.site.51, 1, 149, 150
411483.3.peg.1030.site.52, 3, 142, 145
411483.3.peg.1030.site.53, 5, 144, 149
411483.3.peg.1030.site.54, 4, 146, 150
411483.3.peg.1030.site.55, 7, 142, 149
411483.3.peg.1030.site.56, 4, 146, 150
411483.3.peg.1030.site.57, 1, 148, 149
411483.3.peg.1030.site.58, 1, 148, 149
411483.3.peg.1030.site.59, 1, 148, 149
411483.3.peg.1030.site.60, 0, 145, 145
411483.3.peg.1030.site.61, 4, 146, 150
411483.3.peg.1030.site.62, 127, 135, 262
411483.3.peg.1030.site.63, 49, 137, 186
411483.3.peg.1030.site.64, 2, 142, 144
411483.3.peg.1030.site.65, 27, 121, 148
411483.3.peg.1030.site.66, 4, 134, 138
411483.3.peg.1030.site.67, 4, 122, 126
411483.3.peg.1030.site.68, 3, 134, 137
411483.3.peg.1030.site.69, 42, 122, 164
411483.3.peg.1030.site.70, 3, 146, 149
411483.3.peg.1030.site.71, 2, 147, 149
411483.3.peg.1030.site.72, 30, 139, 169
411483.3.peg.1030.site.73, 1, 144, 145
411483.3.peg.1030.site.74, 2, 146, 148
411483.3.peg.1030.site.75, 1, 149, 150
411483.3.peg.1030.site.76, 12, 146, 158
411483.3.peg.1030.site.77, 14, 135, 149
411483.3.peg.1030.site.78, 14, 144, 158
411483.3.peg.1030.site.79, 31, 136, 167
411483.3.peg.1030.site.80, 3, 146, 149
411483.3.peg.1030.site.81, 2, 142, 144
411483.3.peg.1030.site.82, 4, 147, 151
411483.3.peg.1030.site.83, 30, 144, 174
411483.3.peg.1030.site.84, 8, 149, 157
411483.3.peg.1030.site.85, 2, 147, 149
411483.3.peg.1030.site.86, 2, 144, 146
411483.3.peg.1030.site.87, 2, 140, 142
411483.3.peg.1030.site.88, 1, 152, 153
411483.3.peg.1030.site.89, 3, 145, 148
411483.3.peg.1030.site.90, 1, 150, 151
411483.3.peg.1030.site.91, 1, 150, 151
411483.3.peg.1030.site.92, 1, 153, 154
411483.3.peg.1030.site.93, 1, 154, 155
411483.3.peg.1030.site.94, 6, 154, 160
411483.3.peg.1030.site.95, 1, 153, 154
411483.3.peg.1030.site.96, 0, 152, 152
411483.3.peg.1030.site.97, 4, 154, 158
411483.3.peg.1030.site.98, 8, 154, 162
411483.3.peg.1030.site.99, 3, 154, 157
411483.3.peg.1030.site.100, 74, 142, 216
411483.3.peg.1030.site.101, 0, 153, 153
411483.3.peg.1030.site.102, 2, 149, 151
411483.3.peg.1030.site.103, 22, 142, 164
411483.3.peg.1030.site.104, 0, 152, 152
411483.3.peg.1030.site.105, 16, 146, 162
411483.3.peg.1030.site.106, 0, 149, 149
411483.3.peg.1030.site.107, 2, 146, 148
411483.3.peg.1030.site.108, 83, 137, 220
411483.3.peg.1030.site.109, 1, 144, 145
411483.3.peg.1030.site.110, 2, 132, 134
411483.3.peg.1030.site.111, 1, 132, 133
411483.3.peg.1030.site.112, 1, 125, 126
411483.3.peg.1030.site.113, 1, 120, 121
411483.3.peg.1030.site.114, 2, 123, 125
411483.3.peg.1030.site.115, 2, 119, 121
411483.3.peg.1030.site.116, 1, 119, 120
411483.3.peg.1030.site.117, 6, 115, 121
411483.3.peg.1030.site.118, 7, 123, 130
411483.3.peg.1030.site.119, 1, 132, 133
411483.3.peg.1030.site.120, 1, 150, 151
411483.3.peg.1030.site.121, 3, 152, 155
411483.3.peg.1030.site.122, 0, 151, 151
411483.3.peg.1030.site.123, 7, 149, 156
411483.3.peg.1030.site.124, 0, 154, 154
411483.3.peg.1030.site.125, 1, 153, 154
411483.3.peg.1030.site.126, 2, 151, 153
411483.3.peg.1030.site.127, 2, 153, 155
411483.3.peg.1030.site.128, 3, 150, 153
411483.3.peg.1030.site.129, 5, 150, 155
411483.3.peg.1030.site.130, 14, 146, 160
411483.3.peg.1030.site.131, 3, 144, 147
411483.3.peg.1030.site.132, 1, 134, 135
411483.3.peg.1030.site.133, 1, 142, 143
411483.3.peg.1030.site.134, 2, 149, 151
411483.3.peg.1030.site.135, 4, 153, 157
411483.3.peg.1030.site.136, 129, 149, 278
411483.3.peg.1030.site.137, 4, 154, 158
411483.3.peg.1030.site.138, 0, 151, 151
411483.3.peg.1037.site.1, 1, 152, 153
411483.3.peg.1037.site.2, 91, 148, 239
411483.3.peg.1037.site.3, 6, 152, 158
411483.3.peg.1037.site.4, 4, 154, 158
411483.3.peg.1037.site.5, 0, 155, 155
411483.3.peg.1037.site.6, 2, 150, 152
411483.3.peg.1037.site.7, 2, 146, 148
411483.3.peg.1037.site.8, 1, 151, 152
411483.3.peg.1037.site.9, 3, 146, 149
411483.3.peg.1037.site.10, 4, 149, 153
411483.3.peg.1037.site.11, 21, 144, 165
411483.3.peg.1037.site.12, 0, 149, 149
411483.3.peg.1037.site.13, 3, 149, 152
411483.3.peg.1037.site.14, 18, 151, 169
411483.3.peg.1037.site.15, 29, 146, 175
411483.3.peg.1037.site.16, 3, 153, 156
411483.3.peg.1037.site.17, 5, 155, 160
411483.3.peg.1037.site.18, 112, 149, 261
411483.3.peg.1037.site.19, 64, 151, 215
411483.3.peg.1037.site.20, 4, 154, 158
411483.3.peg.1037.site.21, 2, 154, 156
411483.3.peg.1037.site.22, 3, 154, 157
411483.3.peg.1037.site.23, 50, 144, 194
411483.3.peg.1037.site.24, 3, 152, 155
411483.3.peg.1037.site.25, 10, 152, 162
411483.3.peg.1037.site.26, 2, 155, 157
411483.3.peg.1037.site.27, 1, 154, 155
411483.3.peg.1037.site.28, 2, 153, 155
411483.3.peg.1037.site.29, 0, 151, 151
411483.3.peg.1037.site.30, 1, 154, 155
411483.3.peg.1037.site.31, 141, 151, 292
411483.3.peg.1037.site.32, 3, 152, 155
411483.3.peg.1037.site.33, 2, 153, 155
411483.3.peg.1037.site.34, 2, 152, 154
411483.3.peg.1037.site.35, 9, 150, 159
411483.3.peg.1037.site.36, 3, 151, 154
411483.3.peg.1037.site.37, 5, 153, 158
411483.3.peg.1037.site.38, 4, 153, 157
411483.3.peg.1037.site.39, 10, 147, 157
411483.3.peg.1037.site.40, 8, 153, 161
411483.3.peg.1037.site.41, 141, 149, 290
411483.3.peg.1037.site.42, 1, 150, 151
411483.3.peg.1037.site.43, 1, 153, 154
411483.3.peg.1037.site.44, 4, 150, 154
411483.3.peg.1037.site.45, 65, 139, 204
411483.3.peg.1037.site.46, 3, 150, 153
411483.3.peg.1037.site.47, 3, 152, 155
411483.3.peg.1037.site.48, 7, 150, 157
411483.3.peg.1037.site.49, 2, 148, 150
411483.3.peg.1037.site.50, 4, 152, 156
411483.3.peg.1037.site.51, 10, 151, 161
411483.3.peg.1037.site.52, 51, 142, 193
411483.3.peg.1037.site.53, 0, 149, 149
411483.3.peg.1037.site.54, 119, 141, 260
411483.3.peg.1037.site.55, 3, 152, 155
411483.3.peg.1037.site.56, 3, 151, 154
411483.3.peg.1037.site.57, 1, 153, 154
411483.3.peg.1037.site.58, 2, 154, 156
411483.3.peg.1037.site.59, 148, 152, 300
411483.3.peg.1037.site.60, 0, 152, 152
411483.3.peg.1037.site.61, 1, 152, 153
411483.3.peg.1037.site.62, 1, 152, 153
411483.3.peg.1037.site.63, 3, 153, 156
411483.3.peg.1037.site.64, 1, 152, 153
411483.3.peg.1037.site.65, 2, 152, 154
411483.3.peg.1037.site.66, 7, 152, 159
411483.3.peg.1037.site.67, 6, 152, 158
411483.3.peg.1037.site.68, 11, 151, 162
411483.3.peg.1037.site.69, 6, 153, 159
411483.3.peg.1037.site.70, 1, 152, 153
411483.3.peg.1037.site.71, 15, 144, 159
411483.3.peg.1036.site.1, 1, 154, 155
411483.3.peg.1036.site.2, 4, 151, 155
411483.3.peg.1036.site.3, 4, 154, 158
411483.3.peg.1036.site.4, 2, 153, 155
411483.3.peg.1036.site.5, 0, 153, 153
411483.3.peg.1036.site.6, 3, 151, 154
411483.3.peg.1036.site.7, 8, 146, 154
411483.3.peg.1036.site.8, 144, 146, 290
411483.3.peg.1036.site.9, 6, 144, 150
411483.3.peg.1036.site.10, 2, 131, 133
411483.3.peg.1036.site.11, 3, 128, 131
411483.3.peg.1036.site.12, 9, 132, 141
411483.3.peg.1036.site.13, 2, 131, 133
411483.3.peg.1036.site.14, 2, 127, 129
411483.3.peg.1036.site.15, 7, 119, 126
411483.3.peg.1036.site.16, 1, 122, 123
411483.3.peg.1036.site.17, 6, 139, 145
411483.3.peg.1036.site.18, 19, 141, 160
411483.3.peg.1036.site.19, 17, 146, 163
411483.3.peg.1036.site.20, 2, 148, 150
411483.3.peg.1036.site.21, 6, 144, 150
411483.3.peg.1036.site.22, 5, 148, 153
411483.3.peg.1036.site.23, 5, 141, 146
411483.3.peg.1036.site.24, 1, 136, 137
411483.3.peg.1036.site.25, 0, 128, 128
411483.3.peg.1036.site.26, 3, 122, 125
411483.3.peg.1036.site.27, 7, 123, 130
411483.3.peg.1036.site.28, 1, 111, 112
411483.3.peg.1036.site.29, 9, 129, 138
411483.3.peg.1036.site.30, 18, 133, 151
411483.3.peg.1036.site.31, 1, 139, 140
411483.3.peg.1036.site.32, 34, 131, 165
411483.3.peg.1036.site.33, 3, 149, 152
411483.3.peg.1036.site.34, 3, 150, 153
411483.3.peg.1036.site.35, 13, 147, 160
411483.3.peg.1036.site.36, 2, 145, 147
411483.3.peg.1036.site.37, 2, 154, 156
411483.3.peg.1036.site.38, 43, 145, 188
411483.3.peg.1036.site.39, 4, 153, 157
411483.3.peg.1036.site.40, 1, 154, 155
411483.3.peg.1036.site.41, 2, 153, 155
411483.3.peg.1036.site.42, 7, 152, 159
411483.3.peg.1036.site.43, 3, 149, 152
411483.3.peg.1036.site.44, 1, 155, 156
411483.3.peg.1036.site.45, 1, 151, 152
411483.3.peg.1036.site.46, 0, 153, 153
411483.3.peg.1036.site.47, 2, 152, 154
411483.3.peg.1036.site.48, 37, 143, 180
411483.3.peg.1036.site.49, 3, 152, 155
411483.3.peg.1036.site.50, 115, 142, 257
411483.3.peg.1036.site.51, 17, 147, 164
411483.3.peg.1036.site.52, 2, 151, 153
411483.3.peg.1036.site.53, 2, 146, 148
411483.3.peg.1036.site.54, 33, 141, 174
411483.3.peg.1036.site.55, 6, 150, 156
411483.3.peg.1036.site.56, 4, 152, 156
411483.3.peg.1036.site.57, 5, 145, 150
411483.3.peg.1036.site.58, 9, 150, 159
411483.3.peg.1036.site.59, 4, 147, 151
411483.3.peg.1036.site.60, 12, 147, 159
411483.3.peg.1036.site.61, 1, 149, 150
411483.3.peg.1036.site.62, 5, 149, 154
411483.3.peg.1036.site.63, 12, 142, 154
411483.3.peg.1036.site.64, 12, 143, 155
411483.3.peg.1036.site.65, 2, 147, 149
411483.3.peg.1036.site.66, 0, 147, 147
411483.3.peg.1036.site.67, 4, 148, 152
411483.3.peg.1036.site.68, 7, 146, 153
411483.3.peg.1036.site.69, 134, 138, 272
411483.3.peg.1036.site.70, 4, 137, 141
411483.3.peg.1036.site.71, 68, 137, 205
411483.3.peg.1036.site.72, 5, 143, 148
411483.3.peg.1036.site.73, 2, 140, 142
411483.3.peg.1036.site.74, 36, 137, 173
411483.3.peg.1036.site.75, 4, 146, 150
411483.3.peg.1036.site.76, 3, 141, 144
411483.3.peg.1036.site.77, 1, 142, 143
411483.3.peg.1036.site.78, 2, 145, 147
411483.3.peg.1036.site.79, 4, 136, 140
411483.3.peg.1036.site.80, 1, 135, 136
411483.3.peg.1036.site.81, 3, 134, 137
411483.3.peg.1036.site.82, 3, 134, 137
411483.3.peg.1036.site.83, 1, 131, 132
411483.3.peg.1036.site.84, 29, 124, 153
411483.3.peg.1036.site.85, 3, 119, 122
411483.3.peg.1036.site.86, 1, 117, 118
411483.3.peg.1036.site.87, 3, 118, 121
411483.3.peg.1036.site.88, 102, 119, 221
411483.3.peg.1036.site.89, 119, 120, 239
411483.3.peg.1036.site.90, 48, 114, 162
411483.3.peg.1036.site.91, 4, 121, 125
411483.3.peg.1036.site.92, 1, 125, 126
411483.3.peg.1036.site.93, 9, 117, 126
411483.3.peg.1036.site.94, 1, 84, 85
411483.3.peg.1036.site.95, 3, 70, 73
411483.3.peg.1036.site.96, 1, 70, 71
411483.3.peg.1036.site.97, 43, 58, 101
411483.3.peg.1036.site.98, 18, 57, 75
411483.3.peg.1036.site.99, 69, 69, 138
411483.3.peg.1036.site.100, 8, 69, 77
411483.3.peg.1036.site.101, 78, 78, 156
411483.3.peg.1036.site.102, 4, 82, 86
411483.3.peg.1036.site.103, 1, 104, 105
411483.3.peg.1036.site.104, 7, 112, 119
411483.3.peg.1036.site.105, 0, 140, 140
411483.3.peg.1036.site.106, 1, 146, 147
411483.3.peg.1036.site.107, 0, 143, 143
411483.3.peg.1036.site.108, 1, 149, 150
411483.3.peg.1036.site.109, 1, 150, 151
411483.3.peg.1036.site.110, 0, 145, 145
411483.3.peg.1036.site.111, 6, 150, 156
411483.3.peg.1036.site.112, 3, 147, 150
411483.3.peg.1036.site.113, 92, 131, 223
411483.3.peg.1036.site.114, 8, 140, 148
411483.3.peg.1036.site.115, 0, 144, 144
411483.3.peg.1036.site.116, 4, 135, 139
411483.3.peg.1036.site.117, 1, 140, 141
411483.3.peg.1036.site.118, 4, 147, 151
411483.3.peg.1036.site.119, 2, 144, 146
411483.3.peg.1036.site.120, 0, 147, 147
411483.3.peg.1036.site.121, 1, 149, 150
411483.3.peg.1036.site.122, 4, 151, 155
411483.3.peg.1036.site.123, 5, 152, 157
411483.3.peg.1036.site.124, 15, 145, 160
411483.3.peg.1036.site.125, 2, 152, 154
411483.3.peg.1036.site.126, 1, 150, 151
411483.3.peg.1036.site.127, 112, 145, 257
411483.3.peg.1036.site.128, 20, 140, 160
411483.3.peg.1036.site.129, 1, 145, 146
411483.3.peg.1036.site.130, 16, 144, 160
411483.3.peg.1036.site.131, 2, 150, 152
411483.3.peg.1036.site.132, 4, 149, 153
411483.3.peg.1036.site.133, 11, 152, 163
411483.3.peg.1036.site.134, 6, 153, 159
411483.3.peg.1035.site.1, 11, 149, 160
411483.3.peg.1035.site.2, 5, 150, 155
411483.3.peg.1035.site.3, 3, 147, 150
411483.3.peg.1035.site.4, 0, 151, 151
411483.3.peg.1035.site.5, 2, 149, 151
411483.3.peg.1035.site.6, 41, 143, 184
411483.3.peg.1035.site.7, 2, 148, 150
411483.3.peg.1035.site.8, 2, 150, 152
411483.3.peg.1035.site.9, 1, 153, 154
411483.3.peg.1035.site.10, 7, 140, 147
411483.3.peg.1035.site.11, 1, 151, 152
411483.3.peg.1035.site.12, 4, 148, 152
411483.3.peg.1035.site.13, 11, 149, 160
411483.3.peg.1035.site.14, 2, 145, 147
411483.3.peg.1035.site.15, 0, 140, 140
411483.3.peg.1035.site.16, 3, 149, 152
411483.3.peg.1035.site.17, 27, 142, 169
411483.3.peg.1035.site.18, 7, 149, 156
411483.3.peg.1035.site.19, 1, 147, 148
411483.3.peg.1035.site.20, 2, 142, 144
411483.3.peg.1035.site.21, 32, 145, 177
411483.3.peg.1035.site.22, 4, 148, 152
411483.3.peg.1035.site.23, 0, 148, 148
411483.3.peg.1035.site.24, 7, 146, 153
411483.3.peg.1035.site.25, 0, 149, 149
411483.3.peg.1035.site.26, 63, 135, 198
411483.3.peg.1035.site.27, 7, 154, 161
411483.3.peg.1035.site.28, 0, 152, 152
411483.3.peg.1035.site.29, 2, 152, 154
411483.3.peg.1035.site.30, 3, 152, 155
411483.3.peg.1035.site.31, 1, 152, 153
411483.3.peg.1035.site.32, 3, 149, 152
411483.3.peg.1035.site.33, 5, 149, 154
411483.3.peg.1035.site.34, 3, 147, 150
411483.3.peg.1035.site.35, 1, 139, 140
411483.3.peg.1035.site.36, 4, 138, 142
411483.3.peg.1035.site.37, 1, 138, 139
411483.3.peg.1035.site.38, 6, 141, 147
411483.3.peg.1035.site.39, 1, 139, 140
411483.3.peg.1035.site.40, 100, 129, 229
411483.3.peg.1035.site.41, 0, 130, 130
411483.3.peg.1035.site.42, 1, 133, 134
411483.3.peg.1035.site.43, 2, 128, 130
411483.3.peg.1035.site.44, 5, 132, 137
411483.3.peg.1035.site.45, 48, 125, 173
411483.3.peg.1035.site.46, 15, 121, 136
411483.3.peg.1035.site.47, 3, 133, 136
411483.3.peg.1035.site.48, 1, 134, 135
411483.3.peg.1035.site.49, 3, 135, 138
411483.3.peg.1035.site.50, 129, 134, 263
411483.3.peg.1035.site.51, 1, 134, 135
411483.3.peg.1035.site.52, 9, 142, 151
411483.3.peg.1035.site.53, 48, 134, 182
411483.3.peg.1035.site.54, 9, 146, 155
411483.3.peg.1035.site.55, 3, 141, 144
411483.3.peg.1035.site.56, 3, 147, 150
411483.3.peg.1035.site.57, 0, 145, 145
411483.3.peg.1035.site.58, 2, 142, 144
411483.3.peg.1035.site.59, 1, 140, 141
411483.3.peg.1035.site.60, 3, 143, 146
411483.3.peg.1035.site.61, 2, 133, 135
411483.3.peg.1035.site.62, 5, 142, 147
411483.3.peg.1035.site.63, 2, 147, 149
411483.3.peg.1035.site.64, 8, 149, 157
411483.3.peg.1035.site.65, 3, 144, 147
411483.3.peg.1035.site.66, 6, 145, 151
411483.3.peg.1035.site.67, 35, 144, 179
411483.3.peg.1035.site.68, 8, 153, 161
411483.3.peg.1035.site.69, 3, 152, 155
411483.3.peg.1035.site.70, 0, 154, 154
411483.3.peg.1035.site.71, 1, 152, 153
411483.3.peg.1035.site.72, 0, 151, 151
411483.3.peg.1035.site.73, 2, 147, 149
411483.3.peg.1035.site.74, 9, 140, 149
411483.3.peg.1035.site.75, 1, 139, 140
411483.3.peg.1035.site.76, 4, 136, 140
411483.3.peg.1035.site.77, 4, 141, 145
411483.3.peg.1035.site.78, 69, 138, 207
411483.3.peg.1035.site.79, 67, 138, 205
411483.3.peg.1035.site.80, 11, 144, 155
411483.3.peg.1035.site.81, 59, 135, 194
411483.3.peg.1035.site.82, 18, 140, 158
411483.3.peg.1035.site.83, 4, 142, 146
411483.3.peg.1035.site.84, 7, 147, 154
411483.3.peg.1035.site.85, 5, 143, 148
411483.3.peg.1035.site.86, 5, 145, 150
411483.3.peg.1035.site.87, 0, 149, 149
411483.3.peg.1035.site.88, 6, 146, 152
411483.3.peg.1035.site.89, 2, 153, 155
411483.3.peg.1035.site.90, 9, 146, 155
411483.3.peg.1035.site.91, 3, 146, 149
411483.3.peg.1035.site.92, 1, 152, 153
411483.3.peg.1035.site.93, 0, 150, 150
411483.3.peg.1035.site.94, 15, 147, 162
411483.3.peg.1035.site.95, 1, 154, 155
411483.3.peg.1035.site.96, 2, 153, 155
411483.3.peg.1034.site.1, 15, 148, 163
411483.3.peg.1034.site.2, 0, 152, 152
411483.3.peg.1034.site.3, 0, 152, 152
411483.3.peg.1034.site.4, 10, 145, 155
411483.3.peg.1034.site.5, 3, 144, 147
411483.3.peg.1034.site.6, 0, 148, 148
411483.3.peg.1034.site.7, 0, 145, 145
411483.3.peg.1034.site.8, 1, 152, 153
411483.3.peg.1034.site.9, 3, 154, 157
411483.3.peg.1034.site.10, 74, 139, 213
411483.3.peg.1034.site.11, 2, 150, 152
411483.3.peg.1034.site.12, 1, 152, 153
411483.3.peg.1034.site.13, 3, 151, 154
411483.3.peg.1034.site.14, 1, 151, 152
411483.3.peg.1034.site.15, 3, 150, 153
411483.3.peg.1034.site.16, 0, 146, 146
411483.3.peg.1034.site.17, 2, 146, 148
411483.3.peg.1034.site.18, 36, 129, 165
411483.3.peg.1034.site.19, 1, 136, 137
411483.3.peg.1034.site.20, 5, 130, 135
411483.3.peg.1034.site.21, 2, 125, 127
411483.3.peg.1034.site.22, 1, 140, 141
411483.3.peg.1034.site.23, 3, 143, 146
411483.3.peg.1034.site.24, 2, 146, 148
411483.3.peg.1034.site.25, 2, 149, 151
411483.3.peg.1034.site.26, 6, 148, 154
411483.3.peg.1034.site.27, 7, 153, 160
411483.3.peg.1034.site.28, 3, 148, 151
411483.3.peg.1034.site.29, 13, 146, 159
411483.3.peg.1034.site.30, 3, 152, 155
411483.3.peg.1034.site.31, 11, 148, 159
411483.3.peg.1034.site.32, 18, 139, 157
411483.3.peg.1034.site.33, 3, 150, 153
411483.3.peg.1034.site.34, 20, 145, 165
411483.3.peg.1034.site.35, 15, 142, 157
411483.3.peg.1034.site.36, 0, 145, 145
411483.3.peg.1034.site.37, 0, 147, 147
411483.3.peg.1034.site.38, 4, 148, 152
411483.3.peg.1034.site.39, 1, 147, 148
411483.3.peg.1034.site.40, 4, 148, 152
411483.3.peg.1034.site.41, 3, 146, 149
411483.3.peg.1034.site.42, 48, 139, 187
411483.3.peg.1034.site.43, 4, 151, 155
411483.3.peg.1034.site.44, 0, 152, 152
411483.3.peg.1034.site.45, 1, 153, 154
411483.3.peg.1034.site.46, 7, 153, 160
411483.3.peg.1034.site.47, 101, 149, 250
411483.3.peg.1034.site.48, 8, 150, 158
411483.3.peg.1034.site.49, 17, 141, 158
411483.3.peg.1034.site.50, 8, 147, 155
411483.3.peg.1034.site.51, 12, 133, 145
411483.3.peg.1034.site.52, 7, 137, 144
411483.3.peg.1034.site.53, 6, 130, 136
411483.3.peg.1034.site.54, 111, 139, 250
411483.3.peg.1034.site.55, 106, 134, 240
411483.3.peg.1034.site.56, 2, 149, 151
411483.3.peg.1034.site.57, 3, 149, 152
411483.3.peg.1034.site.58, 3, 152, 155
411483.3.peg.1034.site.59, 7, 142, 149
411483.3.peg.1034.site.60, 4, 151, 155
411483.3.peg.1034.site.61, 53, 136, 189
411483.3.peg.1034.site.62, 4, 151, 155
411483.3.peg.1034.site.63, 2, 150, 152
411483.3.peg.1034.site.64, 1, 147, 148
411483.3.peg.1034.site.65, 0, 149, 149
411483.3.peg.1034.site.66, 2, 149, 151
411483.3.peg.1034.site.67, 21, 144, 165
411483.3.peg.1034.site.68, 8, 150, 158
411483.3.peg.1034.site.69, 0, 151, 151
411483.3.peg.1034.site.70, 0, 151, 151
411483.3.peg.1034.site.71, 0, 154, 154
411483.3.peg.1034.site.72, 0, 152, 152
411483.3.peg.1034.site.73, 0, 152, 152
411483.3.peg.1034.site.74, 43, 152, 195
411483.3.peg.1034.site.75, 0, 153, 153
411483.3.peg.1034.site.76, 9, 154, 163
411483.3.peg.1034.site.77, 0, 152, 152
411483.3.peg.1034.site.78, 4, 149, 153
411483.3.peg.1034.site.79, 20, 150, 170
411483.3.peg.1034.site.80, 1, 152, 153
411483.3.peg.1034.site.81, 4, 150, 154
411483.3.peg.1034.site.82, 1, 155, 156
411483.3.peg.1034.site.83, 4, 155, 159
411483.3.peg.1034.site.84, 2, 155, 157
411483.3.peg.1034.site.85, 0, 154, 154
411483.3.peg.1034.site.86, 9, 153, 162
411483.3.peg.1034.site.87, 150, 153, 303
411483.3.peg.1034.site.88, 0, 154, 154
411483.3.peg.1034.site.89, 4, 153, 157
411483.3.peg.1034.site.90, 4, 154, 158
411483.3.peg.1034.site.91, 1, 153, 154
411483.3.peg.1034.site.92, 140, 154, 294
411483.3.peg.1038.site.1, 2, 153, 155
411483.3.peg.1038.site.2, 64, 146, 210
411483.3.peg.1038.site.3, 3, 148, 151
411483.3.peg.1038.site.4, 1, 150, 151
411483.3.peg.1038.site.5, 0, 151, 151
411483.3.peg.1038.site.6, 31, 145, 176
411483.3.peg.1038.site.7, 2, 151, 153
411483.3.peg.1038.site.8, 4, 152, 156
411483.3.peg.1038.site.9, 1, 153, 154
411483.3.peg.1038.site.10, 0, 150, 150
411483.3.peg.1038.site.11, 3, 150, 153
411483.3.peg.1038.site.12, 1, 148, 149
411483.3.peg.1038.site.13, 5, 143, 148
411483.3.peg.1038.site.14, 43, 136, 179
411483.3.peg.1038.site.15, 2, 141, 143
411483.3.peg.1038.site.16, 7, 137, 144
411483.3.peg.1038.site.17, 3, 141, 144
411483.3.peg.1038.site.18, 2, 146, 148
411483.3.peg.1038.site.19, 2, 144, 146
411483.3.peg.1038.site.20, 7, 145, 152
411483.3.peg.1038.site.21, 2, 145, 147
411483.3.peg.1038.site.22, 9, 140, 149
411483.3.peg.1038.site.23, 4, 143, 147
411483.3.peg.1038.site.24, 140, 143, 283
411483.3.peg.1038.site.25, 39, 127, 166
411483.3.peg.1038.site.26, 37, 133, 170
411483.3.peg.1038.site.27, 6, 141, 147
411483.3.peg.1038.site.28, 17, 141, 158
411483.3.peg.1038.site.29, 10, 132, 142
411483.3.peg.1038.site.30, 1, 142, 143
411483.3.peg.1038.site.31, 3, 127, 130
411483.3.peg.1038.site.32, 0, 124, 124
411483.3.peg.1038.site.33, 1, 130, 131
411483.3.peg.1038.site.34, 15, 123, 138
411483.3.peg.1038.site.35, 2, 118, 120
411483.3.peg.1038.site.36, 1, 130, 131
411483.3.peg.1038.site.37, 5, 124, 129
411483.3.peg.1038.site.38, 1, 138, 139
411483.3.peg.1038.site.39, 128, 137, 265
411483.3.peg.1038.site.40, 2, 138, 140
411483.3.peg.1038.site.41, 2, 146, 148
411483.3.peg.948.site.1, 7, 141, 148
411483.3.peg.948.site.2, 75, 128, 203
411483.3.peg.948.site.3, 20, 136, 156
411483.3.peg.948.site.4, 6, 137, 143
411483.3.peg.948.site.5, 127, 141, 268
411483.3.peg.948.site.6, 0, 149, 149
411483.3.peg.948.site.7, 131, 141, 272
411483.3.peg.948.site.8, 7, 150, 157
411483.3.peg.948.site.9, 4, 146, 150
411483.3.peg.948.site.10, 16, 143, 159
411483.3.peg.948.site.11, 8, 146, 154
411483.3.peg.948.site.12, 3, 153, 156
411483.3.peg.948.site.13, 3, 151, 154
411483.3.peg.948.site.14, 46, 138, 184
411483.3.peg.948.site.15, 1, 151, 152
411483.3.peg.948.site.16, 1, 149, 150
411483.3.peg.948.site.17, 1, 148, 149
411483.3.peg.948.site.18, 152, 152, 304
411483.3.peg.948.site.19, 1, 150, 151
411483.3.peg.948.site.20, 0, 147, 147
411483.3.peg.948.site.21, 2, 148, 150
411483.3.peg.948.site.22, 58, 138, 196
411483.3.peg.948.site.23, 2, 152, 154
411483.3.peg.948.site.24, 2, 150, 152
411483.3.peg.948.site.25, 1, 148, 149
411483.3.peg.948.site.26, 10, 137, 147
411483.3.peg.948.site.27, 5, 144, 149
411483.3.peg.948.site.28, 5, 144, 149
411483.3.peg.948.site.29, 2, 149, 151
411483.3.peg.948.site.30, 11, 147, 158
411483.3.peg.948.site.31, 18, 138, 156
411483.3.peg.948.site.32, 1, 151, 152
411483.3.peg.948.site.33, 0, 144, 144
411483.3.peg.948.site.34, 129, 138, 267
411483.3.peg.948.site.35, 4, 143, 147
411483.3.peg.948.site.36, 9, 149, 158
411483.3.peg.948.site.37, 0, 148, 148
411483.3.peg.948.site.38, 3, 150, 153
411483.3.peg.948.site.39, 6, 150, 156
411483.3.peg.948.site.40, 5, 147, 152
411483.3.peg.948.site.41, 3, 147, 150
411483.3.peg.948.site.42, 31, 142, 173
411483.3.peg.948.site.43, 140, 140, 280
411483.3.peg.948.site.44, 17, 131, 148
411483.3.peg.948.site.45, 11, 134, 145
411483.3.peg.948.site.46, 41, 121, 162
411483.3.peg.948.site.47, 71, 118, 189
411483.3.peg.948.site.48, 2, 121, 123
411483.3.peg.948.site.49, 8, 113, 121
411483.3.peg.948.site.50, 2, 114, 116
411483.3.peg.948.site.51, 73, 110, 183
411483.3.peg.948.site.52, 1, 123, 124
411483.3.peg.948.site.53, 0, 129, 129
411483.3.peg.948.site.54, 1, 130, 131
411483.3.peg.948.site.55, 4, 134, 138
411483.3.peg.948.site.56, 16, 138, 154
411483.3.peg.948.site.57, 1, 140, 141
411483.3.peg.948.site.58, 4, 137, 141
411483.3.peg.948.site.59, 2, 135, 137
411483.3.peg.948.site.60, 4, 140, 144
411483.3.peg.948.site.61, 109, 134, 243
411483.3.peg.948.site.62, 9, 148, 157
411483.3.peg.948.site.63, 35, 136, 171
411483.3.peg.948.site.64, 4, 145, 149
411483.3.peg.948.site.65, 12, 152, 164
411483.3.peg.948.site.66, 2, 149, 151
411483.3.peg.948.site.67, 7, 149, 156
411483.3.peg.948.site.68, 3, 153, 156
411483.3.peg.948.site.69, 8, 154, 162
411483.3.peg.948.site.70, 5, 153, 158
411483.3.peg.948.site.71, 2, 155, 157
411483.3.peg.948.site.72, 13, 151, 164
411483.3.peg.948.site.73, 11, 148, 159
411483.3.peg.948.site.74, 11, 147, 158
411483.3.peg.948.site.75, 2, 151, 153
411483.3.peg.948.site.76, 9, 150, 159
411483.3.peg.948.site.77, 2, 152, 154
411483.3.peg.948.site.78, 5, 149, 154
411483.3.peg.948.site.79, 5, 149, 154
411483.3.peg.948.site.80, 2, 154, 156
411483.3.peg.948.site.81, 13, 148, 161
411483.3.peg.948.site.82, 3, 152, 155
411483.3.peg.948.site.83, 10, 144, 154
411483.3.peg.948.site.84, 1, 151, 152
411483.3.peg.948.site.85, 3, 135, 138
411483.3.peg.948.site.86, 143, 148, 291
411483.3.peg.603.site.1, 0, 155, 155
411483.3.peg.603.site.2, 16, 152, 168
411483.3.peg.603.site.3, 0, 154, 154
411483.3.peg.603.site.4, 40, 148, 188
411483.3.peg.603.site.5, 21, 150, 171
411483.3.peg.603.site.6, 14, 145, 159
411483.3.peg.603.site.7, 55, 141, 196
411483.3.peg.603.site.8, 58, 143, 201
411483.3.peg.603.site.9, 3, 148, 151
411483.3.peg.603.site.10, 9, 146, 155
411483.3.peg.603.site.11, 12, 142, 154
411483.3.peg.603.site.12, 8, 144, 152
411483.3.peg.603.site.13, 1, 148, 149
411483.3.peg.603.site.14, 2, 145, 147
411483.3.peg.603.site.15, 10, 143, 153
411483.3.peg.603.site.16, 2, 144, 146
411483.3.peg.603.site.17, 44, 138, 182
411483.3.peg.603.site.18, 3, 140, 143
411483.3.peg.603.site.19, 1, 139, 140
411483.3.peg.603.site.20, 2, 143, 145
411483.3.peg.603.site.21, 5, 142, 147
411483.3.peg.603.site.22, 52, 138, 190
411483.3.peg.603.site.23, 8, 141, 149
411483.3.peg.603.site.24, 11, 138, 149
411483.3.peg.603.site.25, 2, 140, 142
411483.3.peg.603.site.26, 11, 148, 159
411483.3.peg.603.site.27, 6, 147, 153
411483.3.peg.603.site.28, 2, 147, 149
411483.3.peg.603.site.29, 2, 146, 148
411483.3.peg.603.site.30, 3, 148, 151
411483.3.peg.603.site.31, 1, 143, 144
411483.3.peg.603.site.32, 64, 136, 200
411483.3.peg.603.site.33, 1, 140, 141
411483.3.peg.603.site.34, 36, 133, 169
411483.3.peg.603.site.35, 65, 123, 188
411483.3.peg.603.site.36, 7, 135, 142
411483.3.peg.603.site.37, 1, 135, 136
411483.3.peg.603.site.38, 12, 135, 147
411483.3.peg.603.site.39, 2, 133, 135
411483.3.peg.603.site.40, 6, 134, 140
411483.3.peg.603.site.41, 0, 128, 128
411483.3.peg.603.site.42, 5, 126, 131
411483.3.peg.603.site.43, 81, 106, 187
411483.3.peg.603.site.44, 42, 103, 145
411483.3.peg.603.site.45, 1, 105, 106
411483.3.peg.603.site.46, 9, 91, 100
411483.3.peg.603.site.47, 10, 87, 97
411483.3.peg.603.site.48, 64, 87, 151
411483.3.peg.603.site.49, 16, 92, 108
411483.3.peg.603.site.50, 1, 89, 90
411483.3.peg.603.site.51, 20, 86, 106
411483.3.peg.603.site.52, 3, 120, 123
411483.3.peg.603.site.53, 2, 125, 127
411483.3.peg.603.site.54, 85, 120, 205
411483.3.peg.603.site.55, 6, 133, 139
411483.3.peg.603.site.56, 3, 132, 135
411483.3.peg.603.site.57, 1, 140, 141
411483.3.peg.264.site.1, 0, 152, 152
411483.3.peg.264.site.2, 1, 149, 150
411483.3.peg.264.site.3, 0, 147, 147
411483.3.peg.264.site.4, 3, 145, 148
411483.3.peg.264.site.5, 0, 146, 146
411483.3.peg.264.site.6, 6, 148, 154
411483.3.peg.264.site.7, 3, 151, 154
411483.3.peg.264.site.8, 1, 152, 153
411483.3.peg.264.site.9, 3, 153, 156
411483.3.peg.264.site.10, 30, 151, 181
411483.3.peg.264.site.11, 9, 148, 157
411483.3.peg.264.site.12, 1, 152, 153
411483.3.peg.264.site.13, 2, 151, 153
411483.3.peg.264.site.14, 4, 153, 157
411483.3.peg.264.site.15, 5, 149, 154
411483.3.peg.264.site.16, 2, 147, 149
411483.3.peg.264.site.17, 9, 150, 159
411483.3.peg.264.site.18, 1, 151, 152
411483.3.peg.264.site.19, 3, 152, 155
411483.3.peg.264.site.20, 1, 151, 152
411483.3.peg.264.site.21, 102, 147, 249
411483.3.peg.264.site.22, 1, 155, 156
411483.3.peg.264.site.23, 46, 150, 196
411483.3.peg.264.site.24, 29, 144, 173
411483.3.peg.264.site.25, 0, 155, 155
411483.3.peg.264.site.26, 0, 155, 155
411483.3.peg.264.site.27, 3, 155, 158
411483.3.peg.264.site.28, 39, 147, 186
411483.3.peg.264.site.29, 3, 155, 158
411483.3.peg.264.site.30, 2, 154, 156
411483.3.peg.264.site.31, 71, 146, 217
411483.3.peg.264.site.32, 2, 155, 157
411483.3.peg.264.site.33, 1, 155, 156
411483.3.peg.264.site.34, 3, 155, 158
411483.3.peg.264.site.35, 5, 152, 157
411483.3.peg.264.site.36, 1, 154, 155
411483.3.peg.264.site.37, 11, 151, 162
411483.3.peg.264.site.38, 7, 153, 160
411483.3.peg.264.site.39, 34, 147, 181
411483.3.peg.264.site.40, 2, 154, 156
411483.3.peg.264.site.41, 150, 153, 303
411483.3.peg.264.site.42, 143, 144, 287
411483.3.peg.264.site.43, 12, 148, 160
411483.3.peg.264.site.44, 7, 148, 155
411483.3.peg.264.site.45, 10, 145, 155
411483.3.peg.264.site.46, 5, 148, 153
411483.3.peg.264.site.47, 13, 148, 161
411483.3.peg.264.site.48, 4, 147, 151
411483.3.peg.264.site.49, 0, 149, 149
411483.3.peg.264.site.50, 27, 138, 165
411483.3.peg.264.site.51, 42, 136, 178
411483.3.peg.264.site.52, 0, 144, 144
411483.3.peg.264.site.53, 3, 142, 145
411483.3.peg.264.site.54, 5, 145, 150
411483.3.peg.264.site.55, 0, 136, 136
411483.3.peg.264.site.56, 2, 137, 139
411483.3.peg.264.site.57, 101, 129, 230
411483.3.peg.264.site.58, 1, 147, 148
411483.3.peg.264.site.59, 1, 139, 140
411483.3.peg.264.site.60, 17, 135, 152
411483.3.peg.264.site.61, 4, 149, 153
411483.3.peg.264.site.62, 9, 147, 156
411483.3.peg.264.site.63, 3, 146, 149
411483.3.peg.264.site.64, 1, 145, 146
411483.3.peg.264.site.65, 8, 145, 153
411483.3.peg.264.site.66, 1, 144, 145
411483.3.peg.264.site.67, 39, 135, 174
411483.3.peg.264.site.68, 18, 126, 144
411483.3.peg.264.site.69, 3, 121, 124
411483.3.peg.264.site.70, 3, 121, 124
411483.3.peg.264.site.71, 8, 122, 130
411483.3.peg.264.site.72, 139, 139, 278
411483.3.peg.264.site.73, 15, 135, 150
411483.3.peg.264.site.74, 1, 139, 140
411483.3.peg.264.site.75, 15, 142, 157
411483.3.peg.264.site.76, 1, 143, 144
411483.3.peg.264.site.77, 4, 132, 136
411483.3.peg.264.site.78, 2, 116, 118
411483.3.peg.264.site.79, 4, 117, 121
411483.3.peg.264.site.80, 1, 103, 104
411483.3.peg.264.site.81, 1, 96, 97
411483.3.peg.264.site.82, 1, 70, 71
411483.3.peg.264.site.83, 32, 72, 104
411483.3.peg.264.site.84, 2, 83, 85
411483.3.peg.264.site.85, 2, 78, 80
411483.3.peg.264.site.86, 1, 87, 88
411483.3.peg.264.site.87, 1, 82, 83
411483.3.peg.264.site.88, 73, 77, 150
411483.3.peg.264.site.89, 0, 84, 84
411483.3.peg.264.site.90, 3, 80, 83
411483.3.peg.264.site.91, 1, 113, 114
411483.3.peg.264.site.92, 1, 134, 135
411483.3.peg.264.site.93, 19, 138, 157
411483.3.peg.264.site.94, 3, 145, 148
411483.3.peg.264.site.95, 21, 139, 160
411483.3.peg.264.site.96, 8, 145, 153
411483.3.peg.264.site.97, 1, 147, 148
411483.3.peg.264.site.98, 58, 131, 189
411483.3.peg.264.site.99, 25, 138, 163
411483.3.peg.264.site.100, 21, 142, 163
411483.3.peg.264.site.101, 138, 144, 282
411483.3.peg.264.site.102, 3, 151, 154
411483.3.peg.264.site.103, 2, 153, 155
411483.3.peg.264.site.104, 1, 153, 154
411483.3.peg.264.site.105, 2, 153, 155
411483.3.peg.264.site.106, 1, 155, 156
411483.3.peg.264.site.107, 1, 154, 155
411483.3.peg.264.site.108, 1, 153, 154
411483.3.peg.1106.site.1, 4, 29, 33
411483.3.peg.1106.site.2, 1, 36, 37
411483.3.peg.1106.site.3, 58, 60, 118
411483.3.peg.1106.site.4, 2, 143, 145
411483.3.peg.1106.site.5, 2, 147, 149
411483.3.peg.1106.site.6, 10, 147, 157
411483.3.peg.1106.site.7, 35, 144, 179
411483.3.peg.1106.site.8, 1, 151, 152
411483.3.peg.1106.site.9, 3, 149, 152
411483.3.peg.1106.site.10, 13, 146, 159
411483.3.peg.1106.site.11, 13, 139, 152
411483.3.peg.1106.site.12, 135, 140, 275
411483.3.peg.1106.site.13, 1, 137, 138
411483.3.peg.1106.site.14, 9, 128, 137
411483.3.peg.1106.site.15, 2, 136, 138
411483.3.peg.1106.site.16, 1, 130, 131
411483.3.peg.1106.site.17, 1, 96, 97
411483.3.peg.1106.site.18, 3, 123, 126
411483.3.peg.1106.site.19, 2, 122, 124
411483.3.peg.1106.site.20, 7, 114, 121
411483.3.peg.1106.site.21, 0, 114, 114
411483.3.peg.1106.site.22, 1, 145, 146
411483.3.peg.1106.site.23, 6, 144, 150
411483.3.peg.1106.site.24, 8, 148, 156
411483.3.peg.1106.site.25, 3, 148, 151
411483.3.peg.1106.site.26, 14, 144, 158
411483.3.peg.1106.site.27, 67, 131, 198
411483.3.peg.1106.site.28, 1, 150, 151
411483.3.peg.1106.site.29, 1, 140, 141
411483.3.peg.1106.site.30, 1, 145, 146
411483.3.peg.1106.site.31, 0, 140, 140
411483.3.peg.1106.site.32, 1, 141, 142
411483.3.peg.1106.site.33, 3, 148, 151
411483.3.peg.1106.site.34, 144, 149, 293
411483.3.peg.1106.site.35, 16, 148, 164
411483.3.peg.1106.site.36, 4, 142, 146
411483.3.peg.1106.site.37, 3, 150, 153
411483.3.peg.1106.site.38, 15, 150, 165
411483.3.peg.1106.site.39, 14, 147, 161
411483.3.peg.1106.site.40, 14, 147, 161
411483.3.peg.1106.site.41, 13, 151, 164
411483.3.peg.1106.site.42, 111, 146, 257
411483.3.peg.1106.site.43, 21, 153, 174
411483.3.peg.1106.site.44, 4, 152, 156
411483.3.peg.266.site.1, 60, 149, 209
411483.3.peg.266.site.2, 2, 155, 157
411483.3.peg.266.site.3, 1, 155, 156
411483.3.peg.266.site.4, 61, 147, 208
411483.3.peg.266.site.5, 4, 154, 158
411483.3.peg.266.site.6, 3, 151, 154
411483.3.peg.266.site.7, 0, 150, 150
411483.3.peg.266.site.8, 2, 144, 146
411483.3.peg.266.site.9, 1, 147, 148
411483.3.peg.266.site.10, 5, 141, 146
411483.3.peg.266.site.11, 1, 137, 138
411483.3.peg.266.site.12, 11, 126, 137
411483.3.peg.266.site.13, 124, 124, 248
411483.3.peg.266.site.14, 1, 130, 131
411483.3.peg.266.site.15, 110, 123, 233
411483.3.peg.266.site.16, 106, 124, 230
411483.3.peg.266.site.17, 89, 124, 213
411483.3.peg.266.site.18, 43, 126, 169
411483.3.peg.266.site.19, 0, 144, 144
411483.3.peg.266.site.20, 16, 148, 164
411483.3.peg.266.site.21, 2, 145, 147
411483.3.peg.266.site.22, 7, 151, 158
411483.3.peg.266.site.23, 1, 152, 153
411483.3.peg.266.site.24, 1, 152, 153
411483.3.peg.266.site.25, 3, 153, 156
411483.3.peg.266.site.26, 5, 150, 155
411483.3.peg.266.site.27, 1, 152, 153
411483.3.peg.266.site.28, 88, 143, 231
411483.3.peg.266.site.29, 11, 150, 161
411483.3.peg.266.site.30, 8, 148, 156
411483.3.peg.266.site.31, 1, 148, 149
411483.3.peg.266.site.32, 1, 148, 149
411483.3.peg.266.site.33, 2, 151, 153
411483.3.peg.266.site.34, 0, 148, 148
411483.3.peg.266.site.35, 16, 142, 158
411483.3.peg.266.site.36, 144, 144, 288
411483.3.peg.266.site.37, 43, 127, 170
411483.3.peg.266.site.38, 1, 130, 131
411483.3.peg.266.site.39, 3, 131, 134
411483.3.peg.266.site.40, 9, 133, 142
411483.3.peg.266.site.41, 34, 123, 157
411483.3.peg.266.site.42, 30, 130, 160
411483.3.peg.266.site.43, 3, 133, 136
411483.3.peg.266.site.44, 0, 140, 140
411483.3.peg.266.site.45, 1, 142, 143
411483.3.peg.266.site.46, 0, 143, 143
411483.3.peg.266.site.47, 3, 137, 140
411483.3.peg.266.site.48, 138, 138, 276
411483.3.peg.266.site.49, 4, 141, 145
411483.3.peg.266.site.50, 3, 145, 148
411483.3.peg.266.site.51, 64, 136, 200
411483.3.peg.266.site.52, 0, 146, 146
411483.3.peg.266.site.53, 13, 142, 155
411483.3.peg.266.site.54, 1, 145, 146
411483.3.peg.266.site.55, 17, 145, 162
411483.3.peg.266.site.56, 8, 151, 159
411483.3.peg.266.site.57, 0, 145, 145
411483.3.peg.266.site.58, 0, 149, 149
411483.3.peg.266.site.59, 13, 144, 157
411483.3.peg.266.site.60, 43, 140, 183
411483.3.peg.266.site.61, 4, 146, 150
411483.3.peg.266.site.62, 26, 140, 166
411483.3.peg.266.site.63, 2, 145, 147
411483.3.peg.266.site.64, 2, 142, 144
411483.3.peg.266.site.65, 0, 138, 138
411483.3.peg.266.site.66, 0, 132, 132
411483.3.peg.266.site.67, 111, 125, 236
411483.3.peg.266.site.68, 1, 125, 126
411483.3.peg.266.site.69, 3, 126, 129
411483.3.peg.266.site.70, 6, 144, 150
411483.3.peg.266.site.71, 3, 144, 147
411483.3.peg.266.site.72, 0, 142, 142
411483.3.peg.266.site.73, 9, 136, 145
411483.3.peg.266.site.74, 1, 143, 144
411483.3.peg.266.site.75, 1, 137, 138
411483.3.peg.266.site.76, 1, 133, 134
411483.3.peg.266.site.77, 5, 126, 131
411483.3.peg.266.site.78, 0, 127, 127
411483.3.peg.266.site.79, 1, 121, 122
411483.3.peg.266.site.80, 1, 123, 124
411483.3.peg.266.site.81, 65, 104, 169
411483.3.peg.266.site.82, 4, 118, 122
411483.3.peg.266.site.83, 5, 126, 131
411483.3.peg.266.site.84, 4, 131, 135
411483.3.peg.266.site.85, 31, 127, 158
411483.3.peg.266.site.86, 3, 145, 148
411483.3.peg.266.site.87, 28, 139, 167
411483.3.peg.266.site.88, 50, 135, 185
411483.3.peg.266.site.89, 1, 147, 148
411483.3.peg.266.site.90, 92, 139, 231
411483.3.peg.266.site.91, 9, 144, 153
411483.3.peg.266.site.92, 43, 144, 187
411483.3.peg.266.site.93, 2, 150, 152
411483.3.peg.266.site.94, 3, 149, 152
411483.3.peg.266.site.95, 14, 150, 164
411483.3.peg.266.site.96, 8, 151, 159
411483.3.peg.266.site.97, 0, 151, 151
411483.3.peg.266.site.98, 5, 149, 154
411483.3.peg.266.site.99, 116, 144, 260
411483.3.peg.266.site.100, 0, 150, 150
411483.3.peg.266.site.101, 0, 149, 149
411483.3.peg.266.site.102, 9, 150, 159
411483.3.peg.266.site.103, 80, 135, 215
411483.3.peg.266.site.104, 2, 148, 150
411483.3.peg.266.site.105, 1, 148, 149
411483.3.peg.266.site.106, 8, 148, 156
411483.3.peg.266.site.107, 2, 153, 155
411483.3.peg.266.site.108, 15, 147, 162
411483.3.peg.266.site.109, 1, 152, 153
411483.3.peg.266.site.110, 10, 148, 158
411483.3.peg.266.site.111, 2, 151, 153
411483.3.peg.266.site.112, 1, 149, 150
411483.3.peg.266.site.113, 1, 148, 149
411483.3.peg.266.site.114, 5, 148, 153
411483.3.peg.266.site.115, 2, 151, 153
411483.3.peg.266.site.116, 12, 145, 157
411483.3.peg.266.site.117, 6, 151, 157
411483.3.peg.266.site.118, 1, 149, 150
411483.3.peg.266.site.119, 140, 145, 285
411483.3.peg.266.site.120, 4, 146, 150
411483.3.peg.266.site.121, 4, 138, 142
411483.3.peg.266.site.122, 132, 137, 269
411483.3.peg.266.site.123, 4, 129, 133
411483.3.peg.266.site.124, 103, 105, 208
411483.3.peg.266.site.125, 100, 104, 204
411483.3.peg.266.site.126, 1, 117, 118
411483.3.peg.266.site.127, 4, 101, 105
411483.3.peg.266.site.128, 12, 113, 125
411483.3.peg.266.site.129, 1, 119, 120
411483.3.peg.266.site.130, 2, 131, 133
411483.3.peg.266.site.131, 1, 130, 131
411483.3.peg.266.site.132, 3, 134, 137
411483.3.peg.266.site.133, 5, 133, 138
411483.3.peg.266.site.134, 135, 136, 271
411483.3.peg.266.site.135, 4, 135, 139
411483.3.peg.266.site.136, 5, 135, 140
411483.3.peg.266.site.137, 128, 131, 259
411483.3.peg.266.site.138, 2, 127, 129
411483.3.peg.266.site.139, 125, 128, 253
411483.3.peg.266.site.140, 58, 115, 173
411483.3.peg.266.site.141, 0, 129, 129
411483.3.peg.266.site.142, 2, 135, 137
411483.3.peg.266.site.143, 24, 131, 155
411483.3.peg.266.site.144, 5, 131, 136
411483.3.peg.266.site.145, 13, 134, 147
411483.3.peg.266.site.146, 17, 130, 147
411483.3.peg.266.site.147, 8, 148, 156
411483.3.peg.266.site.148, 1, 147, 148
411483.3.peg.266.site.149, 2, 144, 146
411483.3.peg.266.site.150, 0, 144, 144
411483.3.peg.266.site.151, 2, 139, 141
411483.3.peg.266.site.152, 2, 147, 149
411483.3.peg.266.site.153, 3, 146, 149
411483.3.peg.266.site.154, 1, 146, 147
411483.3.peg.266.site.155, 0, 148, 148
411483.3.peg.266.site.156, 148, 149, 297
411483.3.peg.266.site.157, 18, 143, 161
411483.3.peg.266.site.158, 14, 148, 162
411483.3.peg.266.site.159, 2, 148, 150
411483.3.peg.266.site.160, 0, 145, 145
411483.3.peg.266.site.161, 1, 147, 148
411483.3.peg.266.site.162, 30, 145, 175
411483.3.peg.266.site.163, 1, 147, 148
411483.3.peg.266.site.164, 14, 142, 156
411483.3.peg.266.site.165, 2, 150, 152
411483.3.peg.266.site.166, 3, 148, 151
411483.3.peg.266.site.167, 7, 148, 155
411483.3.peg.266.site.168, 5, 151, 156
411483.3.peg.266.site.169, 2, 150, 152
411483.3.peg.266.site.170, 0, 148, 148
411483.3.peg.266.site.171, 2, 146, 148
411483.3.peg.266.site.172, 6, 142, 148
411483.3.peg.266.site.173, 7, 145, 152
411483.3.peg.266.site.174, 11, 147, 158
411483.3.peg.266.site.175, 1, 146, 147
411483.3.peg.266.site.176, 11, 142, 153
411483.3.peg.266.site.177, 27, 148, 175
411483.3.peg.266.site.178, 12, 150, 162
411483.3.peg.266.site.179, 6, 151, 157
411483.3.peg.266.site.180, 5, 152, 157
411483.3.peg.266.site.181, 41, 140, 181
411483.3.peg.266.site.182, 21, 147, 168
411483.3.peg.266.site.183, 3, 151, 154
411483.3.peg.266.site.184, 1, 151, 152
411483.3.peg.266.site.185, 5, 152, 157
411483.3.peg.266.site.186, 7, 147, 154
411483.3.peg.266.site.187, 1, 149, 150
411483.3.peg.266.site.188, 5, 144, 149
411483.3.peg.266.site.189, 4, 132, 136
411483.3.peg.266.site.190, 28, 118, 146
411483.3.peg.266.site.191, 32, 116, 148
411483.3.peg.266.site.192, 2, 108, 110
411483.3.peg.266.site.193, 96, 101, 197
411483.3.peg.266.site.194, 12, 113, 125
411483.3.peg.266.site.195, 2, 122, 124
411483.3.peg.266.site.196, 11, 147, 158
411483.3.peg.266.site.197, 1, 147, 148
411483.3.peg.266.site.198, 3, 149, 152
411483.3.peg.266.site.199, 144, 145, 289
411483.3.peg.266.site.200, 1, 146, 147
411483.3.peg.266.site.201, 1, 148, 149
411483.3.peg.266.site.202, 3, 146, 149
411483.3.peg.266.site.203, 44, 141, 185
411483.3.peg.266.site.204, 2, 148, 150
411483.3.peg.266.site.205, 2, 151, 153
411483.3.peg.266.site.206, 19, 148, 167
411483.3.peg.266.site.207, 19, 150, 169
411483.3.peg.266.site.208, 122, 145, 267
411483.3.peg.266.site.209, 29, 145, 174
411483.3.peg.266.site.210, 0, 154, 154
411483.3.peg.266.site.211, 0, 155, 155
411483.3.peg.266.site.212, 20, 145, 165
411483.3.peg.266.site.213, 3, 152, 155
411483.3.peg.266.site.214, 5, 149, 154
411483.3.peg.266.site.215, 4, 150, 154
411483.3.peg.266.site.216, 3, 149, 152
411483.3.peg.266.site.217, 1, 148, 149
411483.3.peg.266.site.218, 2, 147, 149
411483.3.peg.266.site.219, 0, 149, 149
411483.3.peg.266.site.220, 5, 147, 152
411483.3.peg.266.site.221, 2, 147, 149
411483.3.peg.266.site.222, 1, 151, 152
411483.3.peg.266.site.223, 3, 152, 155
411483.3.peg.266.site.224, 35, 141, 176
411483.3.peg.266.site.225, 3, 147, 150
411483.3.peg.266.site.226, 26, 137, 163
411483.3.peg.266.site.227, 3, 146, 149
411483.3.peg.266.site.228, 0, 142, 142
411483.3.peg.266.site.229, 2, 134, 136
411483.3.peg.266.site.230, 1, 132, 133
411483.3.peg.266.site.231, 31, 126, 157
411483.3.peg.266.site.232, 85, 130, 215
411483.3.peg.266.site.233, 1, 140, 141
411483.3.peg.266.site.234, 21, 147, 168
411483.3.peg.266.site.235, 5, 151, 156
411483.3.peg.266.site.236, 7, 146, 153
411483.3.peg.266.site.237, 11, 148, 159
411483.3.peg.266.site.238, 0, 153, 153
411483.3.peg.266.site.239, 6, 152, 158
411483.3.peg.266.site.240, 5, 148, 153
411483.3.peg.266.site.241, 11, 153, 164
411483.3.peg.266.site.242, 6, 154, 160
411483.3.peg.266.site.243, 1, 155, 156
411483.3.peg.266.site.244, 1, 155, 156
411483.3.peg.266.site.245, 2, 155, 157
411483.3.peg.266.site.246, 2, 151, 153
411483.3.peg.266.site.247, 3, 154, 157
411483.3.peg.266.site.248, 7, 150, 157
411483.3.peg.266.site.249, 1, 149, 150
411483.3.peg.266.site.250, 3, 154, 157
411483.3.peg.266.site.251, 151, 151, 302
411483.3.peg.266.site.252, 11, 151, 162
411483.3.peg.266.site.253, 3, 150, 153
411483.3.peg.266.site.254, 1, 149, 150
411483.3.peg.266.site.255, 11, 143, 154
411483.3.peg.266.site.256, 36, 143, 179
411483.3.peg.266.site.257, 17, 152, 169
411483.3.peg.266.site.258, 3, 153, 156
411483.3.peg.266.site.259, 2, 153, 155
411483.3.peg.266.site.260, 2, 155, 157
411483.3.peg.266.site.261, 3, 155, 158
411483.3.peg.266.site.262, 0, 153, 153
411483.3.peg.266.site.263, 1, 155, 156
411483.3.peg.266.site.264, 1, 152, 153
411483.3.peg.266.site.265, 3, 155, 158
411483.3.peg.266.site.266, 3, 155, 158
411483.3.peg.266.site.267, 144, 155, 299
411483.3.peg.267.site.1, 3, 153, 156
411483.3.peg.267.site.2, 1, 154, 155
411483.3.peg.267.site.3, 60, 147, 207
411483.3.peg.267.site.4, 1, 154, 155
411483.3.peg.267.site.5, 1, 154, 155
411483.3.peg.267.site.6, 7, 152, 159
411483.3.peg.267.site.7, 6, 152, 158
411483.3.peg.267.site.8, 10, 149, 159
411483.3.peg.267.site.9, 11, 150, 161
411483.3.peg.267.site.10, 10, 149, 159
411483.3.peg.267.site.11, 5, 142, 147
411483.3.peg.267.site.12, 1, 36, 37
411483.3.peg.267.site.13, 31, 32, 63
411483.3.peg.260.site.1, 1, 153, 154
411483.3.peg.260.site.2, 1, 153, 154
411483.3.peg.260.site.3, 1, 152, 153
411483.3.peg.260.site.4, 2, 148, 150
411483.3.peg.260.site.5, 2, 149, 151
411483.3.peg.260.site.6, 9, 140, 149
411483.3.peg.260.site.7, 4, 147, 151
411483.3.peg.260.site.8, 61, 133, 194
411483.3.peg.260.site.9, 13, 140, 153
411483.3.peg.260.site.10, 12, 141, 153
411483.3.peg.260.site.11, 1, 142, 143
411483.3.peg.260.site.12, 0, 136, 136
411483.3.peg.260.site.13, 0, 136, 136
411483.3.peg.260.site.14, 1, 135, 136
411483.3.peg.260.site.15, 15, 136, 151
411483.3.peg.260.site.16, 2, 137, 139
411483.3.peg.260.site.17, 2, 136, 138
411483.3.peg.260.site.18, 71, 129, 200
411483.3.peg.260.site.19, 11, 121, 132
411483.3.peg.260.site.20, 3, 134, 137
411483.3.peg.260.site.21, 4, 131, 135
411483.3.peg.260.site.22, 114, 130, 244
411483.3.peg.260.site.23, 25, 129, 154
411483.3.peg.260.site.24, 2, 134, 136
411483.3.peg.260.site.25, 1, 132, 133
411483.3.peg.260.site.26, 2, 131, 133
411483.3.peg.260.site.27, 1, 135, 136
411483.3.peg.260.site.28, 4, 131, 135
411483.3.peg.260.site.29, 92, 135, 227
411483.3.peg.260.site.30, 78, 135, 213
411483.3.peg.260.site.31, 8, 145, 153
411483.3.peg.260.site.32, 6, 150, 156
411483.3.peg.260.site.33, 4, 150, 154
411483.3.peg.260.site.34, 1, 149, 150
411483.3.peg.260.site.35, 1, 147, 148
411483.3.peg.260.site.36, 1, 145, 146
411483.3.peg.260.site.37, 0, 147, 147
411483.3.peg.260.site.38, 2, 144, 146
411483.3.peg.260.site.39, 0, 144, 144
411483.3.peg.260.site.40, 3, 142, 145
411483.3.peg.260.site.41, 1, 145, 146
411483.3.peg.260.site.42, 6, 151, 157
411483.3.peg.260.site.43, 32, 142, 174
411483.3.peg.260.site.44, 3, 149, 152
411483.3.peg.260.site.45, 2, 144, 146
411483.3.peg.260.site.46, 7, 135, 142
411483.3.peg.260.site.47, 3, 136, 139
411483.3.peg.260.site.48, 35, 112, 147
411483.3.peg.260.site.49, 0, 128, 128
411483.3.peg.260.site.50, 1, 133, 134
411483.3.peg.260.site.51, 1, 119, 120
411483.3.peg.260.site.52, 4, 132, 136
411483.3.peg.260.site.53, 1, 137, 138
411483.3.peg.260.site.54, 51, 138, 189
411483.3.peg.260.site.55, 1, 146, 147
411483.3.peg.261.site.1, 3, 154, 157
411483.3.peg.261.site.2, 11, 152, 163
411483.3.peg.261.site.3, 1, 154, 155
411483.3.peg.261.site.4, 1, 154, 155
411483.3.peg.261.site.5, 1, 154, 155
411483.3.peg.261.site.6, 17, 150, 167
411483.3.peg.261.site.7, 1, 150, 151
411483.3.peg.261.site.8, 1, 152, 153
411483.3.peg.261.site.9, 1, 151, 152
411483.3.peg.261.site.10, 3, 154, 157
411483.3.peg.261.site.11, 1, 154, 155
411483.3.peg.261.site.12, 2, 155, 157
411483.3.peg.261.site.13, 1, 154, 155
411483.3.peg.261.site.14, 19, 144, 163
411483.3.peg.261.site.15, 5, 154, 159
411483.3.peg.261.site.16, 11, 145, 156
411483.3.peg.261.site.17, 8, 154, 162
411483.3.peg.261.site.18, 1, 154, 155
411483.3.peg.261.site.19, 1, 154, 155
411483.3.peg.261.site.20, 154, 154, 308
411483.3.peg.261.site.21, 0, 153, 153
411483.3.peg.261.site.22, 8, 155, 163
411483.3.peg.261.site.23, 2, 154, 156
411483.3.peg.261.site.24, 1, 154, 155
411483.3.peg.261.site.25, 1, 155, 156
411483.3.peg.261.site.26, 3, 155, 158
411483.3.peg.261.site.27, 0, 155, 155
411483.3.peg.261.site.28, 1, 154, 155
411483.3.peg.261.site.29, 9, 155, 164
411483.3.peg.261.site.30, 1, 152, 153
411483.3.peg.261.site.31, 5, 154, 159
411483.3.peg.261.site.32, 2, 155, 157
411483.3.peg.261.site.33, 3, 154, 157
411483.3.peg.261.site.34, 3, 152, 155
411483.3.peg.261.site.35, 2, 154, 156
411483.3.peg.261.site.36, 5, 155, 160
411483.3.peg.261.site.37, 0, 155, 155
411483.3.peg.261.site.38, 0, 151, 151
411483.3.peg.261.site.39, 16, 149, 165
411483.3.peg.261.site.40, 1, 153, 154
411483.3.peg.261.site.41, 8, 154, 162
411483.3.peg.261.site.42, 45, 141, 186
411483.3.peg.261.site.43, 3, 153, 156
411483.3.peg.261.site.44, 5, 152, 157
411483.3.peg.261.site.45, 2, 152, 154
411483.3.peg.261.site.46, 25, 146, 171
411483.3.peg.261.site.47, 3, 154, 157
411483.3.peg.261.site.48, 1, 152, 153
411483.3.peg.261.site.49, 39, 146, 185
411483.3.peg.261.site.50, 1, 154, 155
411483.3.peg.261.site.51, 3, 153, 156
411483.3.peg.261.site.52, 3, 152, 155
411483.3.peg.261.site.53, 5, 149, 154
411483.3.peg.261.site.54, 3, 153, 156
411483.3.peg.261.site.55, 2, 154, 156
411483.3.peg.261.site.56, 14, 152, 166
411483.3.peg.261.site.57, 14, 145, 159
411483.3.peg.261.site.58, 1, 150, 151
411483.3.peg.261.site.59, 3, 149, 152
411483.3.peg.261.site.60, 2, 154, 156
411483.3.peg.261.site.61, 6, 153, 159
411483.3.peg.261.site.62, 6, 153, 159
411483.3.peg.261.site.63, 0, 149, 149
411483.3.peg.261.site.64, 2, 151, 153
411483.3.peg.261.site.65, 90, 134, 224
411483.3.peg.261.site.66, 0, 139, 139
411483.3.peg.261.site.67, 0, 149, 149
411483.3.peg.261.site.68, 4, 154, 158
411483.3.peg.261.site.69, 1, 153, 154
411483.3.peg.261.site.70, 2, 152, 154
411483.3.peg.261.site.71, 1, 151, 152
411483.3.peg.261.site.72, 0, 147, 147
411483.3.peg.261.site.73, 82, 124, 206
411483.3.peg.261.site.74, 123, 136, 259
411483.3.peg.261.site.75, 1, 149, 150
411483.3.peg.261.site.76, 6, 151, 157
411483.3.peg.261.site.77, 2, 149, 151
411483.3.peg.261.site.78, 5, 152, 157
411483.3.peg.261.site.79, 7, 154, 161
411483.3.peg.261.site.80, 5, 154, 159
411483.3.peg.261.site.81, 125, 150, 275
411483.3.peg.261.site.82, 4, 152, 156
411483.3.peg.261.site.83, 0, 153, 153
411483.3.peg.261.site.84, 1, 153, 154
411483.3.peg.261.site.85, 1, 152, 153
411483.3.peg.261.site.86, 4, 150, 154
411483.3.peg.261.site.87, 5, 148, 153
411483.3.peg.261.site.88, 2, 153, 155
411483.3.peg.261.site.89, 0, 151, 151
411483.3.peg.261.site.90, 1, 152, 153
411483.3.peg.261.site.91, 0, 151, 151
411483.3.peg.261.site.92, 6, 149, 155
411483.3.peg.261.site.93, 153, 153, 306
411483.3.peg.261.site.94, 1, 149, 150
411483.3.peg.261.site.95, 12, 147, 159
411483.3.peg.261.site.96, 0, 150, 150
411483.3.peg.261.site.97, 4, 148, 152
411483.3.peg.261.site.98, 3, 147, 150
411483.3.peg.261.site.99, 1, 143, 144
411483.3.peg.261.site.100, 9, 137, 146
411483.3.peg.261.site.101, 6, 134, 140
411483.3.peg.261.site.102, 2, 118, 120
411483.3.peg.261.site.103, 4, 117, 121
411483.3.peg.261.site.104, 98, 115, 213
411483.3.peg.261.site.105, 1, 98, 99
411483.3.peg.261.site.106, 0, 114, 114
411483.3.peg.261.site.107, 2, 139, 141
411483.3.peg.262.site.1, 155, 155, 310
411483.3.peg.262.site.2, 3, 155, 158
411483.3.peg.262.site.3, 3, 154, 157
411483.3.peg.262.site.4, 0, 155, 155
411483.3.peg.262.site.5, 3, 153, 156
411483.3.peg.262.site.6, 0, 153, 153
411483.3.peg.262.site.7, 1, 155, 156
411483.3.peg.262.site.8, 14, 151, 165
411483.3.peg.262.site.9, 4, 153, 157
411483.3.peg.262.site.10, 60, 144, 204
411483.3.peg.262.site.11, 2, 155, 157
411483.3.peg.262.site.12, 3, 151, 154
411483.3.peg.262.site.13, 5, 152, 157
411483.3.peg.262.site.14, 10, 150, 160
411483.3.peg.262.site.15, 0, 149, 149
411483.3.peg.262.site.16, 3, 148, 151
411483.3.peg.262.site.17, 3, 143, 146
411483.3.peg.262.site.18, 8, 143, 151
411483.3.peg.262.site.19, 0, 150, 150
411483.3.peg.262.site.20, 0, 149, 149
411483.3.peg.262.site.21, 1, 145, 146
411483.3.peg.262.site.22, 3, 145, 148
411483.3.peg.262.site.23, 21, 146, 167
411483.3.peg.262.site.24, 1, 153, 154
411483.3.peg.262.site.25, 7, 149, 156
411483.3.peg.262.site.26, 2, 154, 156
411483.3.peg.262.site.27, 3, 153, 156
411483.3.peg.262.site.28, 1, 155, 156
411483.3.peg.262.site.29, 1, 154, 155
411483.3.peg.262.site.30, 1, 153, 154
411483.3.peg.262.site.31, 2, 155, 157
411483.3.peg.262.site.32, 2, 153, 155
411483.3.peg.262.site.33, 3, 152, 155
411483.3.peg.262.site.34, 1, 155, 156
411483.3.peg.262.site.35, 2, 154, 156
411483.3.peg.262.site.36, 1, 153, 154
411483.3.peg.262.site.37, 4, 151, 155
411483.3.peg.262.site.38, 146, 148, 294
411483.3.peg.262.site.39, 2, 144, 146
411483.3.peg.262.site.40, 0, 146, 146
411483.3.peg.262.site.41, 1, 150, 151
411483.3.peg.262.site.42, 6, 152, 158
411483.3.peg.263.site.1, 2, 155, 157
411483.3.peg.263.site.2, 1, 154, 155
411483.3.peg.263.site.3, 2, 153, 155
411483.3.peg.263.site.4, 70, 146, 216
411483.3.peg.263.site.5, 0, 152, 152
411483.3.peg.263.site.6, 1, 151, 152
411483.3.peg.263.site.7, 0, 153, 153
411483.3.peg.263.site.8, 2, 154, 156
411483.3.peg.263.site.9, 4, 154, 158
411483.3.peg.263.site.10, 16, 148, 164
411483.3.peg.263.site.11, 114, 145, 259
411483.3.peg.263.site.12, 0, 149, 149
411483.3.peg.263.site.13, 2, 148, 150
411483.3.peg.263.site.14, 3, 149, 152
411483.3.peg.263.site.15, 1, 85, 86
411483.3.peg.263.site.16, 2, 62, 64
411483.3.peg.263.site.17, 6, 59, 65
411483.3.peg.263.site.18, 1, 58, 59
411483.3.peg.263.site.19, 10, 56, 66
411483.3.peg.263.site.20, 0, 57, 57
411483.3.peg.263.site.21, 1, 64, 65
411483.3.peg.263.site.22, 0, 63, 63
411483.3.peg.268.site.1, 20, 21, 41
411483.3.peg.268.site.2, 35, 36, 71
411483.3.peg.268.site.3, 42, 43, 85
411483.3.peg.268.site.4, 17, 75, 92
411483.3.peg.268.site.5, 19, 100, 119
411483.3.peg.268.site.6, 4, 131, 135
411483.3.peg.268.site.7, 83, 129, 212
411483.3.peg.268.site.8, 2, 141, 143
411483.3.peg.268.site.9, 2, 145, 147
411483.3.peg.268.site.10, 1, 144, 145
411483.3.peg.268.site.11, 26, 135, 161
411483.3.peg.268.site.12, 9, 145, 154
411483.3.peg.268.site.13, 1, 146, 147
411483.3.peg.268.site.14, 128, 137, 265
411483.3.peg.268.site.15, 15, 137, 152
411483.3.peg.268.site.16, 27, 137, 164
411483.3.peg.268.site.17, 5, 139, 144
411483.3.peg.268.site.18, 2, 140, 142
411483.3.peg.268.site.19, 10, 128, 138
411483.3.peg.268.site.20, 3, 138, 141
411483.3.peg.268.site.21, 10, 127, 137
411483.3.peg.268.site.22, 0, 136, 136
411483.3.peg.268.site.23, 0, 137, 137
411483.3.peg.268.site.24, 147, 150, 297
411483.3.peg.268.site.25, 10, 149, 159
411483.3.peg.268.site.26, 6, 153, 159
411483.3.peg.268.site.27, 2, 154, 156
411483.3.peg.268.site.28, 7, 151, 158
411483.3.peg.268.site.29, 4, 153, 157
411483.3.peg.268.site.30, 24, 144, 168
411483.3.peg.268.site.31, 59, 145, 204
411483.3.peg.268.site.32, 1, 152, 153
411483.3.peg.268.site.33, 13, 151, 164
411483.3.peg.268.site.34, 3, 155, 158
411483.3.peg.268.site.35, 5, 153, 158
411483.3.peg.268.site.36, 151, 151, 302
411483.3.peg.268.site.37, 11, 154, 165
411483.3.peg.268.site.38, 3, 148, 151
411483.3.peg.268.site.39, 2, 153, 155
411483.3.peg.268.site.40, 0, 150, 150
411483.3.peg.268.site.41, 8, 148, 156
411483.3.peg.268.site.42, 5, 148, 153
411483.3.peg.268.site.43, 151, 151, 302
411483.3.peg.268.site.44, 147, 148, 295
411483.3.peg.268.site.45, 32, 148, 180
411483.3.peg.268.site.46, 15, 150, 165
411483.3.peg.268.site.47, 9, 138, 147
411483.3.peg.268.site.48, 6, 153, 159
411483.3.peg.268.site.49, 7, 151, 158
411483.3.peg.268.site.50, 8, 145, 153
411483.3.peg.268.site.51, 5, 145, 150
411483.3.peg.268.site.52, 2, 147, 149
411483.3.peg.268.site.53, 0, 153, 153
411483.3.peg.268.site.54, 3, 155, 158
411483.3.peg.268.site.55, 9, 154, 163
411483.3.peg.268.site.56, 5, 152, 157
411483.3.peg.268.site.57, 0, 154, 154
411483.3.peg.268.site.58, 0, 154, 154
411483.3.peg.268.site.59, 13, 153, 166
411483.3.peg.268.site.60, 5, 155, 160
411483.3.peg.268.site.61, 2, 155, 157
411483.3.peg.268.site.62, 11, 153, 164
411483.3.peg.268.site.63, 2, 155, 157
411483.3.peg.268.site.64, 7, 155, 162
411483.3.peg.268.site.65, 1, 155, 156
411483.3.peg.268.site.66, 0, 155, 155
411483.3.peg.268.site.67, 73, 146, 219
411483.3.peg.268.site.68, 128, 150, 278
411483.3.peg.268.site.69, 42, 151, 193
411483.3.peg.268.site.70, 71, 141, 212
411483.3.peg.268.site.71, 5, 155, 160
411483.3.peg.268.site.72, 57, 142, 199
411483.3.peg.268.site.73, 8, 155, 163
411483.3.peg.268.site.74, 1, 154, 155
411483.3.peg.268.site.75, 2, 155, 157
411483.3.peg.268.site.76, 2, 152, 154
411483.3.peg.268.site.77, 1, 155, 156
411483.3.peg.268.site.78, 1, 154, 155
411483.3.peg.268.site.79, 1, 155, 156
411483.3.peg.268.site.80, 79, 147, 226
411483.3.peg.268.site.81, 2, 155, 157
411483.3.peg.268.site.82, 13, 153, 166
411483.3.peg.268.site.83, 14, 154, 168
411483.3.peg.268.site.84, 2, 155, 157
411483.3.peg.268.site.85, 4, 153, 157
411483.3.peg.268.site.86, 4, 155, 159
411483.3.peg.268.site.87, 13, 153, 166
411483.3.peg.268.site.88, 6, 154, 160
411483.3.peg.268.site.89, 52, 142, 194
411483.3.peg.268.site.90, 2, 155, 157
411483.3.peg.268.site.91, 26, 149, 175
411483.3.peg.268.site.92, 45, 148, 193
411483.3.peg.268.site.93, 2, 155, 157
411483.3.peg.268.site.94, 1, 154, 155
411483.3.peg.268.site.95, 12, 153, 165
411483.3.peg.268.site.96, 2, 152, 154
411483.3.peg.268.site.97, 0, 138, 138
411483.3.peg.268.site.98, 0, 135, 135
411483.3.peg.268.site.99, 12, 122, 134
411483.3.peg.268.site.100, 118, 120, 238
411483.3.peg.268.site.101, 60, 110, 170
411483.3.peg.268.site.102, 4, 119, 123
411483.3.peg.268.site.103, 0, 144, 144
411483.3.peg.268.site.104, 3, 145, 148
411483.3.peg.268.site.105, 63, 139, 202
411483.3.peg.269.site.1, 2, 152, 154
411483.3.peg.269.site.2, 5, 151, 156
411483.3.peg.269.site.3, 0, 151, 151
411483.3.peg.269.site.4, 33, 147, 180
411483.3.peg.269.site.5, 1, 152, 153
411483.3.peg.269.site.6, 1, 152, 153
411483.3.peg.269.site.7, 1, 152, 153
411483.3.peg.269.site.8, 6, 153, 159
411483.3.peg.269.site.9, 1, 153, 154
411483.3.peg.269.site.10, 2, 151, 153
411483.3.peg.269.site.11, 9, 148, 157
411483.3.peg.269.site.12, 1, 153, 154
411483.3.peg.269.site.13, 5, 151, 156
411483.3.peg.269.site.14, 10, 149, 159
411483.3.peg.269.site.15, 11, 149, 160
411483.3.peg.269.site.16, 0, 145, 145
411483.3.peg.269.site.17, 1, 147, 148
411483.3.peg.269.site.18, 4, 145, 149
411483.3.peg.269.site.19, 77, 136, 213
411483.3.peg.269.site.20, 2, 135, 137
411483.3.peg.269.site.21, 15, 122, 137
411483.3.peg.269.site.22, 1, 126, 127
411483.3.peg.269.site.23, 83, 125, 208
411483.3.peg.269.site.24, 2, 131, 133
411483.3.peg.269.site.25, 88, 121, 209
411483.3.peg.269.site.26, 0, 138, 138
411483.3.peg.269.site.27, 138, 138, 276
411483.3.peg.269.site.28, 1, 142, 143
411483.3.peg.269.site.29, 3, 142, 145
411483.3.peg.269.site.30, 8, 146, 154
411483.3.peg.269.site.31, 1, 147, 148
411483.3.peg.269.site.32, 1, 146, 147
411483.3.peg.269.site.33, 6, 147, 153
411483.3.peg.269.site.34, 2, 148, 150
411483.3.peg.269.site.35, 0, 147, 147
411483.3.peg.269.site.36, 2, 143, 145
411483.3.peg.269.site.37, 82, 140, 222
411483.3.peg.269.site.38, 4, 146, 150
411483.3.peg.269.site.39, 2, 150, 152
411483.3.peg.269.site.40, 5, 150, 155
411483.3.peg.269.site.41, 1, 148, 149
411483.3.peg.1109.site.1, 1, 155, 156
411483.3.peg.1109.site.2, 0, 155, 155
411483.3.peg.1109.site.3, 0, 155, 155
411483.3.peg.1109.site.4, 5, 150, 155
411483.3.peg.1109.site.5, 8, 149, 157
411483.3.peg.1109.site.6, 3, 149, 152
411483.3.peg.1109.site.7, 5, 149, 154
411483.3.peg.1109.site.8, 4, 151, 155
411483.3.peg.1109.site.9, 1, 153, 154
411483.3.peg.1109.site.10, 12, 147, 159
411483.3.peg.1109.site.11, 3, 146, 149
411483.3.peg.1109.site.12, 4, 147, 151
411483.3.peg.1109.site.13, 32, 135, 167
411483.3.peg.1109.site.14, 1, 142, 143
411483.3.peg.1109.site.15, 2, 137, 139
411483.3.peg.1109.site.16, 5, 136, 141
411483.3.peg.1109.site.17, 1, 145, 146
411483.3.peg.1109.site.18, 0, 143, 143
411483.3.peg.1109.site.19, 5, 132, 137
411483.3.peg.1109.site.20, 1, 146, 147
411483.3.peg.1109.site.21, 34, 142, 176
411483.3.peg.1109.site.22, 1, 151, 152
411483.3.peg.1109.site.23, 5, 148, 153
411483.3.peg.1109.site.24, 2, 152, 154
411483.3.peg.1109.site.25, 4, 150, 154
411483.3.peg.1109.site.26, 4, 153, 157
411483.3.peg.1109.site.27, 1, 154, 155
411483.3.peg.1109.site.28, 1, 155, 156
411483.3.peg.1109.site.29, 13, 149, 162
411483.3.peg.1109.site.30, 3, 146, 149
411483.3.peg.1109.site.31, 7, 146, 153
411483.3.peg.1109.site.32, 4, 147, 151
411483.3.peg.1109.site.33, 0, 146, 146
411483.3.peg.1109.site.34, 98, 140, 238
411483.3.peg.1109.site.35, 9, 149, 158
411483.3.peg.1109.site.36, 3, 153, 156
411483.3.peg.1109.site.37, 10, 151, 161
411483.3.peg.1109.site.38, 1, 154, 155
411483.3.peg.1108.site.1, 13, 148, 161
411483.3.peg.1108.site.2, 0, 150, 150
411483.3.peg.1108.site.3, 3, 142, 145
411483.3.peg.1108.site.4, 7, 145, 152
411483.3.peg.1108.site.5, 0, 145, 145
411483.3.peg.1108.site.6, 0, 144, 144
411483.3.peg.1108.site.7, 2, 145, 147
411483.3.peg.1108.site.8, 2, 143, 145
411483.3.peg.1108.site.9, 2, 145, 147
411483.3.peg.1108.site.10, 9, 140, 149
411483.3.peg.1108.site.11, 13, 141, 154
411483.3.peg.1108.site.12, 3, 136, 139
411483.3.peg.1108.site.13, 7, 131, 138
411483.3.peg.1108.site.14, 13, 130, 143
411483.3.peg.1108.site.15, 3, 126, 129
411483.3.peg.1108.site.16, 37, 119, 156
411483.3.peg.1108.site.17, 4, 133, 137
411483.3.peg.1108.site.18, 1, 145, 146
411483.3.peg.1108.site.19, 2, 143, 145
411483.3.peg.1108.site.20, 2, 152, 154
411483.3.peg.1108.site.21, 6, 150, 156
411483.3.peg.1108.site.22, 2, 152, 154
411483.3.peg.1108.site.23, 0, 151, 151
411483.3.peg.1108.site.24, 19, 148, 167
411483.3.peg.1108.site.25, 19, 146, 165
411483.3.peg.1108.site.26, 7, 152, 159
411483.3.peg.1108.site.27, 6, 128, 134
411483.3.peg.1108.site.28, 1, 135, 136
411483.3.peg.1108.site.29, 7, 127, 134
411483.3.peg.1108.site.30, 5, 140, 145
411483.3.peg.1108.site.31, 12, 142, 154
411483.3.peg.1108.site.32, 5, 142, 147
411483.3.peg.1108.site.33, 1, 152, 153
411483.3.peg.1108.site.34, 0, 151, 151
411483.3.peg.1108.site.35, 52, 148, 200
411483.3.peg.1108.site.36, 2, 155, 157
411483.3.peg.1108.site.37, 24, 146, 170
411483.3.peg.1108.site.38, 3, 149, 152
411483.3.peg.1108.site.39, 0, 145, 145
411483.3.peg.1108.site.40, 4, 138, 142
411483.3.peg.1108.site.41, 2, 141, 143
411483.3.peg.1108.site.42, 1, 136, 137
411483.3.peg.1108.site.43, 0, 153, 153
411483.3.peg.1108.site.44, 1, 154, 155
411483.3.peg.2648.site.1, 2, 70, 72
411483.3.peg.2648.site.2, 22, 68, 90
411483.3.peg.2648.site.3, 3, 85, 88
411483.3.peg.2648.site.4, 32, 82, 114
411483.3.peg.2648.site.5, 3, 107, 110
411483.3.peg.2648.site.6, 0, 137, 137
411483.3.peg.2648.site.7, 1, 140, 141
411483.3.peg.2648.site.8, 41, 132, 173
411483.3.peg.2648.site.9, 32, 130, 162
411483.3.peg.2648.site.10, 0, 132, 132
411483.3.peg.2648.site.11, 28, 130, 158
411483.3.peg.2648.site.12, 4, 136, 140
411483.3.peg.2648.site.13, 5, 145, 150
411483.3.peg.2648.site.14, 1, 133, 134
411483.3.peg.2648.site.15, 11, 142, 153
411483.3.peg.2648.site.16, 1, 149, 150
411483.3.peg.2648.site.17, 5, 153, 158
411483.3.peg.2648.site.18, 1, 145, 146
411483.3.peg.2648.site.19, 3, 144, 147
411483.3.peg.2648.site.20, 2, 143, 145
411483.3.peg.2648.site.21, 6, 140, 146
411483.3.peg.2648.site.22, 0, 141, 141
411483.3.peg.2648.site.23, 2, 140, 142
411483.3.peg.2648.site.24, 3, 140, 143
411483.3.peg.2648.site.25, 4, 117, 121
411483.3.peg.2648.site.26, 46, 102, 148
411483.3.peg.2648.site.27, 6, 120, 126
411483.3.peg.2648.site.28, 4, 117, 121
411483.3.peg.2648.site.29, 7, 124, 131
411483.3.peg.2648.site.30, 83, 128, 211
411483.3.peg.2648.site.31, 22, 128, 150
411483.3.peg.2648.site.32, 0, 135, 135
411483.3.peg.2648.site.33, 1, 139, 140
411483.3.peg.2648.site.34, 28, 128, 156
411483.3.peg.2648.site.35, 38, 131, 169
411483.3.peg.2648.site.36, 1, 135, 136
411483.3.peg.2648.site.37, 27, 127, 154
411483.3.peg.2648.site.38, 78, 131, 209
411483.3.peg.2648.site.39, 1, 146, 147
411483.3.peg.2648.site.40, 103, 142, 245
411483.3.peg.2648.site.41, 6, 140, 146
411483.3.peg.2648.site.42, 1, 146, 147
411483.3.peg.2648.site.43, 1, 150, 151
411483.3.peg.2648.site.44, 1, 145, 146
411483.3.peg.2648.site.45, 6, 145, 151
411483.3.peg.2648.site.46, 6, 118, 124
411483.3.peg.2648.site.47, 18, 119, 137
411483.3.peg.2648.site.48, 16, 110, 126
411483.3.peg.2648.site.49, 59, 99, 158
411483.3.peg.2648.site.50, 3, 114, 117
411483.3.peg.2648.site.51, 47, 107, 154
411483.3.peg.868.site.1, 11, 151, 162
411483.3.peg.868.site.2, 4, 153, 157
411483.3.peg.868.site.3, 2, 153, 155
411483.3.peg.868.site.4, 1, 151, 152
411483.3.peg.868.site.5, 20, 148, 168
411483.3.peg.868.site.6, 11, 152, 163
411483.3.peg.869.site.1, 48, 136, 184
411483.3.peg.869.site.2, 5, 146, 151
411483.3.peg.869.site.3, 0, 142, 142
411483.3.peg.869.site.4, 2, 140, 142
411483.3.peg.869.site.5, 18, 141, 159
411483.3.peg.869.site.6, 56, 134, 190
411483.3.peg.869.site.7, 6, 130, 136
411483.3.peg.869.site.8, 3, 132, 135
411483.3.peg.869.site.9, 1, 116, 117
411483.3.peg.869.site.10, 6, 120, 126
411483.3.peg.869.site.11, 6, 119, 125
411483.3.peg.869.site.12, 1, 123, 124
411483.3.peg.869.site.13, 0, 117, 117
411483.3.peg.869.site.14, 45, 118, 163
411483.3.peg.869.site.15, 7, 135, 142
411483.3.peg.869.site.16, 2, 140, 142
411483.3.peg.869.site.17, 67, 129, 196
411483.3.peg.869.site.18, 0, 135, 135
411483.3.peg.869.site.19, 1, 140, 141
411483.3.peg.869.site.20, 4, 144, 148
411483.3.peg.869.site.21, 1, 149, 150
411483.3.peg.869.site.22, 3, 146, 149
411483.3.peg.869.site.23, 6, 137, 143
411483.3.peg.869.site.24, 2, 130, 132
411483.3.peg.869.site.25, 0, 117, 117
411483.3.peg.869.site.26, 2, 127, 129
411483.3.peg.869.site.27, 0, 116, 116
411483.3.peg.869.site.28, 3, 129, 132
411483.3.peg.869.site.29, 5, 130, 135
411483.3.peg.869.site.30, 1, 136, 137
411483.3.peg.869.site.31, 2, 136, 138
411483.3.peg.869.site.32, 6, 132, 138
411483.3.peg.869.site.33, 1, 135, 136
411483.3.peg.869.site.34, 3, 138, 141
411483.3.peg.869.site.35, 112, 136, 248
411483.3.peg.869.site.36, 19, 142, 161
411483.3.peg.869.site.37, 2, 148, 150
411483.3.peg.869.site.38, 16, 147, 163
411483.3.peg.869.site.39, 0, 151, 151
411483.3.peg.869.site.40, 3, 153, 156
411483.3.peg.869.site.41, 0, 152, 152
411483.3.peg.869.site.42, 2, 152, 154
411483.3.peg.869.site.43, 5, 152, 157
411483.3.peg.869.site.44, 9, 150, 159
411483.3.peg.869.site.45, 4, 151, 155
411483.3.peg.869.site.46, 40, 145, 185
411483.3.peg.869.site.47, 5, 154, 159
411483.3.peg.869.site.48, 3, 153, 156
411483.3.peg.869.site.49, 8, 148, 156
411483.3.peg.869.site.50, 1, 151, 152
411483.3.peg.869.site.51, 1, 150, 151
411483.3.peg.869.site.52, 136, 146, 282
411483.3.peg.869.site.53, 5, 146, 151
411483.3.peg.869.site.54, 2, 148, 150
411483.3.peg.869.site.55, 4, 144, 148
411483.3.peg.869.site.56, 7, 148, 155
411483.3.peg.869.site.57, 14, 142, 156
411483.3.peg.866.site.1, 3, 152, 155
411483.3.peg.866.site.2, 2, 153, 155
411483.3.peg.866.site.3, 52, 146, 198
411483.3.peg.866.site.4, 1, 154, 155
411483.3.peg.866.site.5, 2, 154, 156
411483.3.peg.866.site.6, 4, 153, 157
411483.3.peg.866.site.7, 2, 153, 155
411483.3.peg.866.site.8, 2, 155, 157
411483.3.peg.866.site.9, 35, 146, 181
411483.3.peg.866.site.10, 2, 151, 153
411483.3.peg.866.site.11, 144, 152, 296
411483.3.peg.866.site.12, 1, 149, 150
411483.3.peg.866.site.13, 9, 142, 151
411483.3.peg.866.site.14, 8, 146, 154
411483.3.peg.866.site.15, 8, 145, 153
411483.3.peg.866.site.16, 8, 132, 140
411483.3.peg.866.site.17, 0, 133, 133
411483.3.peg.866.site.18, 1, 135, 136
411483.3.peg.866.site.19, 2, 136, 138
411483.3.peg.866.site.20, 7, 129, 136
411483.3.peg.866.site.21, 1, 136, 137
411483.3.peg.866.site.22, 4, 137, 141
411483.3.peg.866.site.23, 0, 145, 145
411483.3.peg.866.site.24, 0, 146, 146
411483.3.peg.866.site.25, 1, 149, 150
411483.3.peg.866.site.26, 0, 151, 151
411483.3.peg.866.site.27, 19, 146, 165
411483.3.peg.866.site.28, 0, 148, 148
411483.3.peg.866.site.29, 11, 151, 162
411483.3.peg.866.site.30, 1, 150, 151
411483.3.peg.866.site.31, 84, 143, 227
411483.3.peg.866.site.32, 11, 152, 163
411483.3.peg.866.site.33, 5, 154, 159
411483.3.peg.867.site.1, 0, 150, 150
411483.3.peg.867.site.2, 0, 149, 149
411483.3.peg.867.site.3, 1, 152, 153
411483.3.peg.867.site.4, 6, 150, 156
411483.3.peg.864.site.1, 0, 134, 134
411483.3.peg.864.site.2, 17, 134, 151
411483.3.peg.864.site.3, 4, 145, 149
411483.3.peg.864.site.4, 89, 142, 231
411483.3.peg.864.site.5, 3, 148, 151
411483.3.peg.864.site.6, 0, 151, 151
411483.3.peg.864.site.7, 7, 150, 157
411483.3.peg.864.site.8, 10, 154, 164
411483.3.peg.864.site.9, 3, 154, 157
411483.3.peg.864.site.10, 17, 151, 168
411483.3.peg.864.site.11, 3, 155, 158
411483.3.peg.864.site.12, 2, 153, 155
411483.3.peg.864.site.13, 86, 146, 232
411483.3.peg.864.site.14, 2, 154, 156
411483.3.peg.864.site.15, 6, 153, 159
411483.3.peg.864.site.16, 2, 154, 156
411483.3.peg.864.site.17, 7, 151, 158
411483.3.peg.864.site.18, 12, 150, 162
411483.3.peg.864.site.19, 2, 153, 155
411483.3.peg.864.site.20, 153, 153, 306
411483.3.peg.864.site.21, 0, 153, 153
411483.3.peg.864.site.22, 4, 153, 157
411483.3.peg.864.site.23, 118, 146, 264
411483.3.peg.864.site.24, 91, 147, 238
411483.3.peg.864.site.25, 23, 146, 169
411483.3.peg.864.site.26, 1, 153, 154
411483.3.peg.864.site.27, 0, 149, 149
411483.3.peg.864.site.28, 6, 152, 158
411483.3.peg.864.site.29, 0, 148, 148
411483.3.peg.864.site.30, 2, 154, 156
411483.3.peg.864.site.31, 4, 152, 156
411483.3.peg.864.site.32, 6, 154, 160
411483.3.peg.864.site.33, 2, 153, 155
411483.3.peg.864.site.34, 1, 153, 154
411483.3.peg.864.site.35, 7, 153, 160
411483.3.peg.864.site.36, 26, 150, 176
411483.3.peg.864.site.37, 3, 153, 156
411483.3.peg.864.site.38, 0, 151, 151
411483.3.peg.864.site.39, 1, 154, 155
411483.3.peg.864.site.40, 1, 155, 156
411483.3.peg.864.site.41, 0, 152, 152
411483.3.peg.864.site.42, 2, 153, 155
411483.3.peg.864.site.43, 2, 152, 154
411483.3.peg.864.site.44, 2, 150, 152
411483.3.peg.864.site.45, 2, 152, 154
411483.3.peg.864.site.46, 6, 152, 158
411483.3.peg.864.site.47, 24, 150, 174
411483.3.peg.864.site.48, 36, 147, 183
411483.3.peg.864.site.49, 42, 146, 188
411483.3.peg.865.site.1, 107, 141, 248
411483.3.peg.865.site.2, 103, 136, 239
411483.3.peg.865.site.3, 16, 146, 162
411483.3.peg.865.site.4, 1, 147, 148
411483.3.peg.865.site.5, 3, 141, 144
411483.3.peg.865.site.6, 0, 144, 144
411483.3.peg.865.site.7, 2, 142, 144
411483.3.peg.865.site.8, 2, 138, 140
411483.3.peg.865.site.9, 4, 133, 137
411483.3.peg.865.site.10, 2, 116, 118
411483.3.peg.865.site.11, 21, 118, 139
411483.3.peg.865.site.12, 1, 122, 123
411483.3.peg.865.site.13, 4, 118, 122
411483.3.peg.865.site.14, 29, 119, 148
411483.3.peg.865.site.15, 25, 113, 138
411483.3.peg.865.site.16, 9, 125, 134
411483.3.peg.865.site.17, 25, 138, 163
411483.3.peg.865.site.18, 1, 146, 147
411483.3.peg.865.site.19, 43, 132, 175
411483.3.peg.865.site.20, 3, 149, 152
411483.3.peg.865.site.21, 5, 151, 156
411483.3.peg.865.site.22, 2, 147, 149
411483.3.peg.865.site.23, 5, 145, 150
411483.3.peg.865.site.24, 11, 145, 156
411483.3.peg.865.site.25, 2, 148, 150
411483.3.peg.865.site.26, 48, 139, 187
411483.3.peg.865.site.27, 0, 147, 147
411483.3.peg.865.site.28, 4, 148, 152
411483.3.peg.865.site.29, 104, 138, 242
411483.3.peg.865.site.30, 10, 138, 148
411483.3.peg.865.site.31, 104, 130, 234
411483.3.peg.865.site.32, 60, 135, 195
411483.3.peg.865.site.33, 90, 135, 225
411483.3.peg.865.site.34, 7, 126, 133
411483.3.peg.865.site.35, 8, 144, 152
411483.3.peg.865.site.36, 28, 146, 174
411483.3.peg.865.site.37, 9, 147, 156
411483.3.peg.865.site.38, 2, 153, 155
411483.3.peg.865.site.39, 149, 152, 301
411483.3.peg.865.site.40, 1, 153, 154
411483.3.peg.865.site.41, 0, 152, 152
411483.3.peg.865.site.42, 12, 147, 159
411483.3.peg.865.site.43, 3, 151, 154
411483.3.peg.865.site.44, 6, 153, 159
411483.3.peg.865.site.45, 0, 147, 147
411483.3.peg.865.site.46, 1, 145, 146
411483.3.peg.865.site.47, 1, 148, 149
411483.3.peg.865.site.48, 0, 144, 144
411483.3.peg.865.site.49, 6, 149, 155
411483.3.peg.865.site.50, 2, 153, 155
411483.3.peg.865.site.51, 25, 142, 167
411483.3.peg.865.site.52, 2, 150, 152
411483.3.peg.865.site.53, 18, 145, 163
411483.3.peg.865.site.54, 29, 145, 174
411483.3.peg.865.site.55, 0, 150, 150
411483.3.peg.865.site.56, 135, 145, 280
411483.3.peg.865.site.57, 1, 138, 139
411483.3.peg.865.site.58, 3, 133, 136
411483.3.peg.865.site.59, 1, 127, 128
411483.3.peg.865.site.60, 1, 127, 128
411483.3.peg.865.site.61, 0, 109, 109
411483.3.peg.865.site.62, 2, 108, 110
411483.3.peg.865.site.63, 0, 122, 122
411483.3.peg.865.site.64, 0, 115, 115
411483.3.peg.865.site.65, 8, 117, 125
411483.3.peg.865.site.66, 3, 137, 140
411483.3.peg.865.site.67, 2, 140, 142
411483.3.peg.865.site.68, 13, 143, 156
411483.3.peg.865.site.69, 16, 145, 161
411483.3.peg.865.site.70, 1, 151, 152
411483.3.peg.865.site.71, 0, 149, 149
411483.3.peg.865.site.72, 1, 144, 145
411483.3.peg.865.site.73, 0, 142, 142
411483.3.peg.865.site.74, 2, 140, 142
411483.3.peg.865.site.75, 3, 142, 145
411483.3.peg.865.site.76, 1, 148, 149
411483.3.peg.865.site.77, 5, 146, 151
411483.3.peg.865.site.78, 33, 138, 171
411483.3.peg.865.site.79, 53, 140, 193
411483.3.peg.865.site.80, 50, 146, 196
411483.3.peg.865.site.81, 5, 152, 157
411483.3.peg.865.site.82, 2, 148, 150
411483.3.peg.865.site.83, 2, 148, 150
411483.3.peg.865.site.84, 3, 150, 153
411483.3.peg.865.site.85, 5, 151, 156
411483.3.peg.865.site.86, 2, 154, 156
411483.3.peg.865.site.87, 7, 145, 152
411483.3.peg.865.site.88, 107, 145, 252
411483.3.peg.865.site.89, 7, 150, 157
411483.3.peg.865.site.90, 1, 152, 153
411483.3.peg.865.site.91, 11, 145, 156
411483.3.peg.865.site.92, 131, 148, 279
411483.3.peg.865.site.93, 18, 144, 162
411483.3.peg.865.site.94, 0, 129, 129
411483.3.peg.865.site.95, 2, 149, 151
411483.3.peg.865.site.96, 1, 146, 147
411483.3.peg.865.site.97, 0, 132, 132
411483.3.peg.865.site.98, 5, 128, 133
411483.3.peg.865.site.99, 3, 151, 154
411483.3.peg.865.site.100, 2, 144, 146
411483.3.peg.865.site.101, 6, 153, 159
411483.3.peg.865.site.102, 0, 152, 152
411483.3.peg.865.site.103, 1, 135, 136
411483.3.peg.865.site.104, 22, 145, 167
411483.3.peg.865.site.105, 1, 138, 139
411483.3.peg.865.site.106, 98, 133, 231
411483.3.peg.865.site.107, 0, 143, 143
411483.3.peg.865.site.108, 10, 127, 137
411483.3.peg.865.site.109, 4, 141, 145
411483.3.peg.865.site.110, 12, 137, 149
411483.3.peg.865.site.111, 4, 144, 148
411483.3.peg.865.site.112, 9, 140, 149
411483.3.peg.865.site.113, 4, 144, 148
411483.3.peg.865.site.114, 6, 145, 151
411483.3.peg.865.site.115, 4, 143, 147
411483.3.peg.865.site.116, 88, 145, 233
411483.3.peg.865.site.117, 2, 152, 154
411483.3.peg.865.site.118, 2, 152, 154
411483.3.peg.865.site.119, 19, 152, 171
411483.3.peg.862.site.1, 1, 150, 151
411483.3.peg.862.site.2, 6, 148, 154
411483.3.peg.862.site.3, 2, 150, 152
411483.3.peg.862.site.4, 1, 153, 154
411483.3.peg.862.site.5, 1, 155, 156
411483.3.peg.863.site.1, 1, 154, 155
411483.3.peg.863.site.2, 1, 152, 153
411483.3.peg.863.site.3, 12, 149, 161
411483.3.peg.863.site.4, 1, 152, 153
411483.3.peg.863.site.5, 8, 153, 161
411483.3.peg.863.site.6, 3, 146, 149
411483.3.peg.863.site.7, 1, 146, 147
411483.3.peg.863.site.8, 2, 150, 152
411483.3.peg.863.site.9, 1, 149, 150
411483.3.peg.863.site.10, 2, 153, 155
411483.3.peg.863.site.11, 1, 153, 154
411483.3.peg.863.site.12, 1, 154, 155
411483.3.peg.863.site.13, 5, 152, 157
411483.3.peg.863.site.14, 18, 148, 166
411483.3.peg.863.site.15, 147, 152, 299
411483.3.peg.863.site.16, 62, 149, 211
411483.3.peg.863.site.17, 3, 151, 154
411483.3.peg.863.site.18, 2, 154, 156
411483.3.peg.863.site.19, 1, 154, 155
411483.3.peg.863.site.20, 0, 154, 154
411483.3.peg.863.site.21, 124, 143, 267
411483.3.peg.863.site.22, 1, 149, 150
411483.3.peg.863.site.23, 0, 148, 148
411483.3.peg.863.site.24, 6, 144, 150
411483.3.peg.863.site.25, 5, 148, 153
411483.3.peg.863.site.26, 2, 148, 150
411483.3.peg.863.site.27, 4, 143, 147
411483.3.peg.863.site.28, 25, 131, 156
411483.3.peg.863.site.29, 0, 143, 143
411483.3.peg.863.site.30, 139, 147, 286
411483.3.peg.863.site.31, 2, 150, 152
411483.3.peg.863.site.32, 5, 150, 155
411483.3.peg.863.site.33, 0, 152, 152
411483.3.peg.863.site.34, 5, 152, 157
411483.3.peg.863.site.35, 0, 151, 151
411483.3.peg.863.site.36, 69, 145, 214
411483.3.peg.863.site.37, 22, 148, 170
411483.3.peg.863.site.38, 0, 152, 152
411483.3.peg.863.site.39, 1, 154, 155
411483.3.peg.863.site.40, 1, 154, 155
411483.3.peg.863.site.41, 8, 152, 160
411483.3.peg.863.site.42, 2, 152, 154
411483.3.peg.863.site.43, 4, 152, 156
411483.3.peg.863.site.44, 5, 155, 160
411483.3.peg.863.site.45, 6, 153, 159
411483.3.peg.863.site.46, 9, 151, 160
411483.3.peg.863.site.47, 1, 148, 149
411483.3.peg.863.site.48, 73, 124, 197
411483.3.peg.863.site.49, 130, 130, 260
411483.3.peg.863.site.50, 3, 145, 148
411483.3.peg.863.site.51, 2, 151, 153
411483.3.peg.863.site.52, 4, 149, 153
411483.3.peg.863.site.53, 12, 146, 158
411483.3.peg.863.site.54, 3, 148, 151
411483.3.peg.863.site.55, 1, 142, 143
411483.3.peg.863.site.56, 89, 132, 221
411483.3.peg.863.site.57, 1, 145, 146
411483.3.peg.863.site.58, 27, 141, 168
411483.3.peg.863.site.59, 10, 142, 152
411483.3.peg.863.site.60, 2, 149, 151
411483.3.peg.863.site.61, 1, 150, 151
411483.3.peg.863.site.62, 1, 151, 152
411483.3.peg.863.site.63, 1, 150, 151
411483.3.peg.863.site.64, 7, 153, 160
411483.3.peg.863.site.65, 7, 153, 160
411483.3.peg.863.site.66, 0, 152, 152
411483.3.peg.863.site.67, 1, 150, 151
411483.3.peg.863.site.68, 10, 150, 160
411483.3.peg.863.site.69, 3, 122, 125
411483.3.peg.863.site.70, 7, 108, 115
411483.3.peg.863.site.71, 0, 96, 96
411483.3.peg.863.site.72, 8, 92, 100
411483.3.peg.863.site.73, 8, 95, 103
411483.3.peg.863.site.74, 3, 92, 95
411483.3.peg.863.site.75, 18, 86, 104
411483.3.peg.863.site.76, 7, 93, 100
411483.3.peg.863.site.77, 4, 102, 106
411483.3.peg.863.site.78, 101, 103, 204
411483.3.peg.863.site.79, 30, 104, 134
411483.3.peg.863.site.80, 31, 102, 133
411483.3.peg.863.site.81, 1, 119, 120
411483.3.peg.863.site.82, 100, 112, 212
411483.3.peg.863.site.83, 0, 111, 111
411483.3.peg.863.site.84, 3, 112, 115
411483.3.peg.863.site.85, 21, 113, 134
411483.3.peg.863.site.86, 5, 127, 132
411483.3.peg.863.site.87, 5, 122, 127
411483.3.peg.863.site.88, 130, 130, 260
411483.3.peg.863.site.89, 19, 127, 146
411483.3.peg.863.site.90, 33, 132, 165
411483.3.peg.863.site.91, 8, 144, 152
411483.3.peg.863.site.92, 2, 139, 141
411483.3.peg.863.site.93, 2, 148, 150
411483.3.peg.863.site.94, 39, 140, 179
411483.3.peg.863.site.95, 2, 146, 148
411483.3.peg.863.site.96, 3, 149, 152
411483.3.peg.863.site.97, 4, 152, 156
411483.3.peg.863.site.98, 1, 148, 149
411483.3.peg.863.site.99, 1, 149, 150
411483.3.peg.863.site.100, 2, 148, 150
411483.3.peg.863.site.101, 33, 141, 174
411483.3.peg.863.site.102, 146, 146, 292
411483.3.peg.863.site.103, 9, 152, 161
411483.3.peg.863.site.104, 3, 151, 154
411483.3.peg.863.site.105, 5, 148, 153
411483.3.peg.863.site.106, 1, 150, 151
411483.3.peg.863.site.107, 1, 152, 153
411483.3.peg.863.site.108, 48, 141, 189
411483.3.peg.863.site.109, 0, 150, 150
411483.3.peg.863.site.110, 2, 152, 154
411483.3.peg.863.site.111, 2, 150, 152
411483.3.peg.863.site.112, 2, 144, 146
411483.3.peg.863.site.113, 7, 146, 153
411483.3.peg.863.site.114, 1, 148, 149
411483.3.peg.863.site.115, 2, 151, 153
411483.3.peg.863.site.116, 1, 148, 149
411483.3.peg.863.site.117, 10, 148, 158
411483.3.peg.863.site.118, 17, 150, 167
411483.3.peg.863.site.119, 14, 148, 162
411483.3.peg.863.site.120, 6, 150, 156
411483.3.peg.863.site.121, 7, 149, 156
411483.3.peg.863.site.122, 1, 153, 154
411483.3.peg.863.site.123, 3, 154, 157
411483.3.peg.863.site.124, 2, 151, 153
411483.3.peg.863.site.125, 82, 149, 231
411483.3.peg.863.site.126, 81, 149, 230
411483.3.peg.863.site.127, 3, 153, 156
411483.3.peg.863.site.128, 1, 152, 153
411483.3.peg.863.site.129, 3, 153, 156
411483.3.peg.863.site.130, 8, 151, 159
411483.3.peg.863.site.131, 16, 144, 160
411483.3.peg.863.site.132, 59, 148, 207
411483.3.peg.863.site.133, 2, 152, 154
411483.3.peg.863.site.134, 7, 152, 159
411483.3.peg.863.site.135, 2, 154, 156
411483.3.peg.863.site.136, 9, 148, 157
411483.3.peg.863.site.137, 1, 136, 137
411483.3.peg.863.site.138, 11, 132, 143
411483.3.peg.863.site.139, 2, 116, 118
411483.3.peg.863.site.140, 3, 131, 134
411483.3.peg.863.site.141, 2, 127, 129
411483.3.peg.863.site.142, 1, 146, 147
411483.3.peg.863.site.143, 2, 145, 147
411483.3.peg.860.site.1, 0, 98, 98
411483.3.peg.860.site.2, 13, 118, 131
411483.3.peg.860.site.3, 1, 140, 141
411483.3.peg.860.site.4, 22, 146, 168
411483.3.peg.860.site.5, 1, 148, 149
411483.3.peg.860.site.6, 2, 144, 146
411483.3.peg.860.site.7, 19, 124, 143
411483.3.peg.860.site.8, 10, 112, 122
411483.3.peg.860.site.9, 6, 103, 109
411483.3.peg.860.site.10, 9, 108, 117
411483.3.peg.860.site.11, 2, 100, 102
411483.3.peg.860.site.12, 2, 117, 119
411483.3.peg.860.site.13, 11, 110, 121
411483.3.peg.860.site.14, 7, 107, 114
411483.3.peg.860.site.15, 2, 122, 124
411483.3.peg.860.site.16, 3, 136, 139
411483.3.peg.860.site.17, 1, 139, 140
411483.3.peg.860.site.18, 1, 138, 139
411483.3.peg.860.site.19, 2, 147, 149
411483.3.peg.860.site.20, 1, 149, 150
411483.3.peg.860.site.21, 98, 139, 237
411483.3.peg.860.site.22, 3, 149, 152
411483.3.peg.860.site.23, 9, 145, 154
411483.3.peg.860.site.24, 0, 153, 153
411483.3.peg.860.site.25, 2, 151, 153
411483.3.peg.860.site.26, 1, 153, 154
411483.3.peg.860.site.27, 9, 154, 163
411483.3.peg.860.site.28, 1, 151, 152
411483.3.peg.860.site.29, 13, 152, 165
411483.3.peg.860.site.30, 6, 151, 157
411483.3.peg.860.site.31, 2, 149, 151
411483.3.peg.860.site.32, 68, 122, 190
411483.3.peg.860.site.33, 13, 119, 132
411483.3.peg.860.site.34, 5, 138, 143
411483.3.peg.860.site.35, 3, 138, 141
411483.3.peg.861.site.1, 1, 105, 106
411483.3.peg.861.site.2, 138, 148, 286
411483.3.peg.861.site.3, 1, 153, 154
411483.3.peg.861.site.4, 4, 149, 153
411483.3.peg.861.site.5, 1, 153, 154
411483.3.peg.861.site.6, 11, 148, 159
411483.3.peg.861.site.7, 1, 152, 153
411483.3.peg.861.site.8, 0, 148, 148
411483.3.peg.861.site.9, 82, 131, 213
411483.3.peg.861.site.10, 2, 139, 141
411483.3.peg.861.site.11, 1, 124, 125
411483.3.peg.861.site.12, 5, 130, 135
411483.3.peg.861.site.13, 2, 140, 142
411483.3.peg.861.site.14, 13, 135, 148
411483.3.peg.861.site.15, 29, 129, 158
411483.3.peg.861.site.16, 14, 132, 146
411483.3.peg.861.site.17, 4, 131, 135
411483.3.peg.861.site.18, 1, 131, 132
411483.3.peg.861.site.19, 3, 128, 131
411483.3.peg.861.site.20, 1, 132, 133
411483.3.peg.861.site.21, 27, 121, 148
411483.3.peg.861.site.22, 47, 116, 163
411483.3.peg.861.site.23, 3, 108, 111
411483.3.peg.861.site.24, 0, 103, 103
411483.3.peg.861.site.25, 1, 97, 98
411483.3.peg.861.site.26, 2, 95, 97
411483.3.peg.861.site.27, 4, 76, 80
411483.3.peg.861.site.28, 2, 78, 80
411483.3.peg.861.site.29, 49, 71, 120
411483.3.peg.861.site.30, 9, 99, 108
411483.3.peg.861.site.31, 2, 108, 110
411483.3.peg.861.site.32, 10, 111, 121
411483.3.peg.861.site.33, 52, 108, 160
411483.3.peg.861.site.34, 2, 113, 115
411483.3.peg.861.site.35, 81, 112, 193
411483.3.peg.861.site.36, 117, 117, 234
411483.3.peg.861.site.37, 6, 109, 115
411483.3.peg.861.site.38, 5, 109, 114
411483.3.peg.861.site.39, 1, 116, 117
411483.3.peg.861.site.40, 1, 118, 119
411483.3.peg.861.site.41, 2, 119, 121
411483.3.peg.861.site.42, 1, 124, 125
411483.3.peg.861.site.43, 0, 133, 133
411483.3.peg.861.site.44, 1, 134, 135
411483.3.peg.861.site.45, 0, 137, 137
411483.3.peg.861.site.46, 140, 144, 284
411483.3.peg.861.site.47, 1, 152, 153
411483.3.peg.861.site.48, 2, 147, 149
411483.3.peg.669.site.1, 3, 151, 154
411483.3.peg.669.site.2, 1, 151, 152
411483.3.peg.669.site.3, 2, 147, 149
411483.3.peg.669.site.4, 5, 151, 156
411483.3.peg.669.site.5, 123, 131, 254
411483.3.peg.669.site.6, 3, 132, 135
411483.3.peg.669.site.7, 2, 132, 134
411483.3.peg.669.site.8, 4, 130, 134
411483.3.peg.669.site.9, 78, 116, 194
411483.3.peg.669.site.10, 83, 115, 198
411483.3.peg.669.site.11, 0, 118, 118
411483.3.peg.669.site.12, 3, 127, 130
411483.3.peg.669.site.13, 1, 130, 131
411483.3.peg.669.site.14, 0, 131, 131
411483.3.peg.669.site.15, 34, 131, 165
411483.3.peg.669.site.16, 3, 140, 143
411483.3.peg.669.site.17, 1, 136, 137
411483.3.peg.669.site.18, 0, 139, 139
411483.3.peg.669.site.19, 2, 138, 140
411483.3.peg.669.site.20, 1, 137, 138
411483.3.peg.669.site.21, 0, 139, 139
411483.3.peg.669.site.22, 1, 138, 139
411483.3.peg.669.site.23, 12, 134, 146
411483.3.peg.669.site.24, 1, 136, 137
411483.3.peg.669.site.25, 0, 123, 123
411483.3.peg.669.site.26, 0, 122, 122
411483.3.peg.669.site.27, 0, 122, 122
411483.3.peg.669.site.28, 4, 116, 120
411483.3.peg.669.site.29, 12, 113, 125
411483.3.peg.669.site.30, 0, 97, 97
411483.3.peg.669.site.31, 16, 121, 137
411483.3.peg.669.site.32, 68, 121, 189
411483.3.peg.669.site.33, 0, 134, 134
411483.3.peg.669.site.34, 1, 141, 142
411483.3.peg.669.site.35, 3, 143, 146
411483.3.peg.669.site.36, 5, 140, 145
411483.3.peg.669.site.37, 0, 142, 142
411483.3.peg.669.site.38, 2, 143, 145
411483.3.peg.669.site.39, 1, 142, 143
411483.3.peg.669.site.40, 2, 140, 142
411483.3.peg.669.site.41, 2, 135, 137
411483.3.peg.669.site.42, 3, 137, 140
411483.3.peg.669.site.43, 0, 138, 138
411483.3.peg.669.site.44, 3, 132, 135
411483.3.peg.669.site.45, 11, 141, 152
411483.3.peg.669.site.46, 28, 134, 162
411483.3.peg.669.site.47, 4, 143, 147
411483.3.peg.669.site.48, 1, 146, 147
411483.3.peg.669.site.49, 0, 144, 144
411483.3.peg.669.site.50, 11, 154, 165
411483.3.peg.669.site.51, 3, 154, 157
411483.3.peg.669.site.52, 61, 147, 208
411483.3.peg.669.site.53, 1, 154, 155
411483.3.peg.669.site.54, 0, 154, 154
411483.3.peg.669.site.55, 93, 144, 237
411483.3.peg.669.site.56, 16, 140, 156
411483.3.peg.669.site.57, 2, 144, 146
411483.3.peg.669.site.58, 3, 147, 150
411483.3.peg.669.site.59, 2, 151, 153
411483.3.peg.669.site.60, 7, 151, 158
411483.3.peg.669.site.61, 1, 153, 154
411483.3.peg.669.site.62, 0, 152, 152
411483.3.peg.669.site.63, 3, 153, 156
411483.3.peg.669.site.64, 39, 148, 187
411483.3.peg.669.site.65, 1, 155, 156
411483.3.peg.669.site.66, 40, 150, 190
411483.3.peg.669.site.67, 6, 146, 152
411483.3.peg.669.site.68, 4, 155, 159
411483.3.peg.669.site.69, 13, 155, 168
411483.3.peg.669.site.70, 1, 155, 156
411483.3.peg.669.site.71, 1, 155, 156
411483.3.peg.669.site.72, 102, 149, 251
411483.3.peg.669.site.73, 1, 155, 156
411483.3.peg.669.site.74, 1, 154, 155
411483.3.peg.918.site.1, 117, 139, 256
411483.3.peg.918.site.2, 132, 151, 283
411483.3.peg.918.site.3, 65, 135, 200
411483.3.peg.918.site.4, 4, 147, 151
411483.3.peg.918.site.5, 2, 151, 153
411483.3.peg.918.site.6, 69, 136, 205
411483.3.peg.918.site.7, 1, 152, 153
411483.3.peg.918.site.8, 0, 147, 147
411483.3.peg.918.site.9, 1, 148, 149
411483.3.peg.918.site.10, 3, 147, 150
411483.3.peg.918.site.11, 3, 146, 149
411483.3.peg.918.site.12, 2, 145, 147
411483.3.peg.918.site.13, 83, 138, 221
411483.3.peg.918.site.14, 1, 149, 150
411483.3.peg.918.site.15, 9, 143, 152
411483.3.peg.918.site.16, 48, 131, 179
411483.3.peg.918.site.17, 10, 139, 149
411483.3.peg.918.site.18, 1, 140, 141
411483.3.peg.918.site.19, 1, 143, 144
411483.3.peg.918.site.20, 0, 140, 140
411483.3.peg.918.site.21, 27, 114, 141
411483.3.peg.918.site.22, 0, 106, 106
411483.3.peg.918.site.23, 3, 111, 114
411483.3.peg.918.site.24, 3, 125, 128
411483.3.peg.918.site.25, 20, 123, 143
411483.3.peg.918.site.26, 4, 129, 133
411483.3.peg.918.site.27, 11, 144, 155
411483.3.peg.918.site.28, 1, 145, 146
411483.3.peg.918.site.29, 1, 147, 148
411483.3.peg.918.site.30, 13, 148, 161
411483.3.peg.918.site.31, 87, 132, 219
411483.3.peg.918.site.32, 138, 146, 284
411483.3.peg.918.site.33, 1, 146, 147
411483.3.peg.918.site.34, 27, 145, 172
411483.3.peg.918.site.35, 22, 140, 162
411483.3.peg.918.site.36, 1, 151, 152
411483.3.peg.918.site.37, 8, 152, 160
411483.3.peg.918.site.38, 11, 152, 163
411483.3.peg.918.site.39, 11, 153, 164
411483.3.peg.918.site.40, 1, 153, 154
411483.3.peg.918.site.41, 42, 141, 183
411483.3.peg.918.site.42, 2, 153, 155
411483.3.peg.918.site.43, 4, 154, 158
411483.3.peg.918.site.44, 8, 149, 157
411483.3.peg.918.site.45, 4, 153, 157
411483.3.peg.919.site.1, 3, 154, 157
411483.3.peg.919.site.2, 1, 153, 154
411483.3.peg.919.site.3, 5, 151, 156
411483.3.peg.919.site.4, 74, 145, 219
411483.3.peg.919.site.5, 1, 151, 152
411483.3.peg.919.site.6, 8, 148, 156
411483.3.peg.919.site.7, 1, 150, 151
411483.3.peg.919.site.8, 2, 146, 148
411483.3.peg.919.site.9, 45, 143, 188
411483.3.peg.919.site.10, 1, 146, 147
411483.3.peg.919.site.11, 131, 149, 280
411483.3.peg.919.site.12, 6, 151, 157
411483.3.peg.919.site.13, 103, 144, 247
411483.3.peg.919.site.14, 54, 142, 196
411483.3.peg.919.site.15, 1, 153, 154
411483.3.peg.919.site.16, 4, 150, 154
411483.3.peg.919.site.17, 2, 150, 152
411483.3.peg.919.site.18, 0, 149, 149
411483.3.peg.919.site.19, 1, 148, 149
411483.3.peg.919.site.20, 1, 146, 147
411483.3.peg.919.site.21, 0, 140, 140
411483.3.peg.919.site.22, 8, 148, 156
411483.3.peg.919.site.23, 12, 145, 157
411483.3.peg.919.site.24, 4, 150, 154
411483.3.peg.919.site.25, 14, 150, 164
411483.3.peg.919.site.26, 1, 148, 149
411483.3.peg.919.site.27, 2, 148, 150
411483.3.peg.919.site.28, 2, 150, 152
411483.3.peg.919.site.29, 1, 153, 154
411483.3.peg.919.site.30, 2, 154, 156
411483.3.peg.919.site.31, 1, 153, 154
411483.3.peg.919.site.32, 146, 150, 296
411483.3.peg.660.site.1, 1, 155, 156
411483.3.peg.660.site.2, 5, 149, 154
411483.3.peg.660.site.3, 0, 154, 154
411483.3.peg.660.site.4, 53, 146, 199
411483.3.peg.660.site.5, 1, 155, 156
411483.3.peg.660.site.6, 13, 153, 166
411483.3.peg.660.site.7, 0, 155, 155
411483.3.peg.660.site.8, 1, 154, 155
411483.3.peg.660.site.9, 3, 154, 157
411483.3.peg.660.site.10, 1, 152, 153
411483.3.peg.660.site.11, 24, 149, 173
411483.3.peg.913.site.1, 1, 154, 155
411483.3.peg.913.site.2, 5, 154, 159
411483.3.peg.913.site.3, 7, 155, 162
411483.3.peg.913.site.4, 38, 150, 188
411483.3.peg.913.site.5, 130, 143, 273
411483.3.peg.913.site.6, 6, 152, 158
411483.3.peg.913.site.7, 11, 148, 159
411483.3.peg.913.site.8, 33, 146, 179
411483.3.peg.913.site.9, 0, 151, 151
411483.3.peg.913.site.10, 2, 150, 152
411483.3.peg.913.site.11, 3, 151, 154
411483.3.peg.913.site.12, 7, 150, 157
411483.3.peg.913.site.13, 1, 151, 152
411483.3.peg.913.site.14, 0, 151, 151
411483.3.peg.913.site.15, 134, 149, 283
411483.3.peg.913.site.16, 4, 150, 154
411483.3.peg.913.site.17, 3, 155, 158
411483.3.peg.913.site.18, 9, 150, 159
411483.3.peg.913.site.19, 3, 151, 154
411483.3.peg.913.site.20, 6, 150, 156
411483.3.peg.913.site.21, 7, 154, 161
411483.3.peg.913.site.22, 40, 147, 187
411483.3.peg.913.site.23, 5, 153, 158
411483.3.peg.913.site.24, 5, 150, 155
411483.3.peg.913.site.25, 1, 153, 154
411483.3.peg.913.site.26, 0, 153, 153
411483.3.peg.913.site.27, 10, 148, 158
411483.3.peg.913.site.28, 1, 152, 153
411483.3.peg.913.site.29, 9, 149, 158
411483.3.peg.913.site.30, 4, 150, 154
411483.3.peg.913.site.31, 1, 151, 152
411483.3.peg.913.site.32, 2, 146, 148
411483.3.peg.913.site.33, 2, 149, 151
411483.3.peg.913.site.34, 9, 146, 155
411483.3.peg.913.site.35, 80, 139, 219
411483.3.peg.913.site.36, 11, 146, 157
411483.3.peg.913.site.37, 1, 147, 148
411483.3.peg.913.site.38, 5, 142, 147
411483.3.peg.913.site.39, 6, 142, 148
411483.3.peg.913.site.40, 61, 129, 190
411483.3.peg.913.site.41, 1, 133, 134
411483.3.peg.913.site.42, 71, 118, 189
411483.3.peg.913.site.43, 76, 113, 189
411483.3.peg.913.site.44, 2, 125, 127
411483.3.peg.913.site.45, 12, 117, 129
411483.3.peg.913.site.46, 12, 124, 136
411483.3.peg.913.site.47, 24, 124, 148
411483.3.peg.913.site.48, 2, 141, 143
411483.3.peg.913.site.49, 5, 141, 146
411483.3.peg.913.site.50, 11, 139, 150
411483.3.peg.913.site.51, 1, 142, 143
411483.3.peg.913.site.52, 10, 143, 153
411483.3.peg.913.site.53, 1, 149, 150
411483.3.peg.913.site.54, 0, 150, 150
411483.3.peg.913.site.55, 1, 149, 150
411483.3.peg.913.site.56, 1, 153, 154
411483.3.peg.913.site.57, 46, 147, 193
411483.3.peg.913.site.58, 53, 147, 200
411483.3.peg.913.site.59, 7, 154, 161
411483.3.peg.913.site.60, 4, 154, 158
411483.3.peg.662.site.1, 4, 35, 39
411483.3.peg.662.site.2, 4, 92, 96
411483.3.peg.662.site.3, 2, 107, 109
411483.3.peg.662.site.4, 3, 136, 139
411483.3.peg.662.site.5, 0, 145, 145
411483.3.peg.662.site.6, 4, 146, 150
411483.3.peg.662.site.7, 0, 145, 145
411483.3.peg.662.site.8, 6, 146, 152
411483.3.peg.662.site.9, 0, 147, 147
411483.3.peg.662.site.10, 4, 147, 151
411483.3.peg.662.site.11, 2, 146, 148
411483.3.peg.662.site.12, 7, 146, 153
411483.3.peg.662.site.13, 9, 148, 157
411483.3.peg.662.site.14, 2, 145, 147
411483.3.peg.662.site.15, 4, 143, 147
411483.3.peg.662.site.16, 61, 137, 198
411483.3.peg.662.site.17, 28, 142, 170
411483.3.peg.662.site.18, 1, 111, 112
411483.3.peg.662.site.19, 35, 62, 97
411483.3.peg.916.site.1, 14, 140, 154
411483.3.peg.916.site.2, 7, 141, 148
411483.3.peg.916.site.3, 132, 139, 271
411483.3.peg.916.site.4, 1, 143, 144
411483.3.peg.916.site.5, 1, 146, 147
411483.3.peg.916.site.6, 0, 145, 145
411483.3.peg.916.site.7, 2, 145, 147
411483.3.peg.916.site.8, 52, 133, 185
411483.3.peg.916.site.9, 3, 141, 144
411483.3.peg.916.site.10, 4, 138, 142
411483.3.peg.916.site.11, 7, 141, 148
411483.3.peg.916.site.12, 15, 140, 155
411483.3.peg.916.site.13, 1, 152, 153
411483.3.peg.916.site.14, 0, 149, 149
411483.3.peg.916.site.15, 10, 146, 156
411483.3.peg.916.site.16, 10, 147, 157
411483.3.peg.916.site.17, 0, 145, 145
411483.3.peg.916.site.18, 15, 141, 156
411483.3.peg.916.site.19, 4, 132, 136
411483.3.peg.916.site.20, 2, 133, 135
411483.3.peg.916.site.21, 0, 134, 134
411483.3.peg.916.site.22, 1, 126, 127
411483.3.peg.916.site.23, 0, 128, 128
411483.3.peg.916.site.24, 0, 131, 131
411483.3.peg.916.site.25, 4, 129, 133
411483.3.peg.916.site.26, 0, 131, 131
411483.3.peg.916.site.27, 3, 128, 131
411483.3.peg.916.site.28, 2, 128, 130
411483.3.peg.916.site.29, 0, 135, 135
411483.3.peg.916.site.30, 1, 130, 131
411483.3.peg.916.site.31, 0, 136, 136
411483.3.peg.916.site.32, 83, 120, 203
411483.3.peg.916.site.33, 128, 135, 263
411483.3.peg.916.site.34, 1, 140, 141
411483.3.peg.916.site.35, 2, 142, 144
411483.3.peg.916.site.36, 15, 144, 159
411483.3.peg.916.site.37, 10, 140, 150
411483.3.peg.916.site.38, 0, 146, 146
411483.3.peg.916.site.39, 12, 143, 155
411483.3.peg.916.site.40, 68, 141, 209
411483.3.peg.916.site.41, 5, 151, 156
411483.3.peg.916.site.42, 0, 149, 149
411483.3.peg.916.site.43, 0, 152, 152
411483.3.peg.916.site.44, 41, 143, 184
411483.3.peg.916.site.45, 1, 147, 148
411483.3.peg.916.site.46, 64, 144, 208
411483.3.peg.916.site.47, 28, 143, 171
411483.3.peg.916.site.48, 1, 150, 151
411483.3.peg.916.site.49, 7, 151, 158
411483.3.peg.916.site.50, 135, 149, 284
411483.3.peg.916.site.51, 84, 137, 221
411483.3.peg.916.site.52, 0, 146, 146
411483.3.peg.916.site.53, 11, 145, 156
411483.3.peg.916.site.54, 1, 150, 151
411483.3.peg.916.site.55, 11, 146, 157
411483.3.peg.916.site.56, 83, 140, 223
411483.3.peg.916.site.57, 1, 147, 148
411483.3.peg.916.site.58, 118, 144, 262
411483.3.peg.916.site.59, 1, 134, 135
411483.3.peg.916.site.60, 6, 125, 131
411483.3.peg.916.site.61, 1, 119, 120
411483.3.peg.916.site.62, 1, 108, 109
411483.3.peg.916.site.63, 5, 113, 118
411483.3.peg.916.site.64, 127, 135, 262
411483.3.peg.916.site.65, 9, 135, 144
411483.3.peg.916.site.66, 2, 125, 127
411483.3.peg.916.site.67, 11, 138, 149
411483.3.peg.916.site.68, 0, 130, 130
411483.3.peg.916.site.69, 6, 97, 103
411483.3.peg.916.site.70, 21, 90, 111
411483.3.peg.916.site.71, 75, 81, 156
411483.3.peg.916.site.72, 2, 87, 89
411483.3.peg.916.site.73, 4, 92, 96
411483.3.peg.916.site.74, 6, 94, 100
411483.3.peg.916.site.75, 8, 105, 113
411483.3.peg.916.site.76, 106, 106, 212
411483.3.peg.916.site.77, 2, 72, 74
411483.3.peg.916.site.78, 22, 68, 90
411483.3.peg.916.site.79, 0, 60, 60
411483.3.peg.916.site.80, 61, 62, 123
411483.3.peg.916.site.81, 1, 70, 71
411483.3.peg.916.site.82, 0, 70, 70
411483.3.peg.916.site.83, 3, 105, 108
411483.3.peg.916.site.84, 0, 115, 115
411483.3.peg.916.site.85, 2, 124, 126
411483.3.peg.916.site.86, 4, 135, 139
411483.3.peg.916.site.87, 2, 149, 151
411483.3.peg.916.site.88, 4, 151, 155
411483.3.peg.917.site.1, 2, 152, 154
411483.3.peg.917.site.2, 0, 152, 152
411483.3.peg.917.site.3, 7, 150, 157
411483.3.peg.917.site.4, 4, 146, 150
411483.3.peg.917.site.5, 0, 149, 149
411483.3.peg.917.site.6, 2, 150, 152
411483.3.peg.917.site.7, 3, 145, 148
411483.3.peg.917.site.8, 5, 143, 148
411483.3.peg.917.site.9, 20, 138, 158
411483.3.peg.917.site.10, 4, 143, 147
411483.3.peg.917.site.11, 9, 143, 152
411483.3.peg.917.site.12, 6, 139, 145
411483.3.peg.917.site.13, 1, 145, 146
411483.3.peg.917.site.14, 144, 144, 288
411483.3.peg.917.site.15, 1, 140, 141
411483.3.peg.917.site.16, 6, 139, 145
411483.3.peg.917.site.17, 2, 141, 143
411483.3.peg.917.site.18, 3, 138, 141
411483.3.peg.917.site.19, 2, 126, 128
411483.3.peg.917.site.20, 1, 145, 146
411483.3.peg.917.site.21, 1, 139, 140
411483.3.peg.917.site.22, 1, 141, 142
411483.3.peg.917.site.23, 5, 139, 144
411483.3.peg.917.site.24, 0, 149, 149
411483.3.peg.917.site.25, 0, 148, 148
411483.3.peg.917.site.26, 1, 149, 150
411483.3.peg.917.site.27, 1, 151, 152
411483.3.peg.917.site.28, 1, 154, 155
411483.3.peg.917.site.29, 1, 152, 153
411483.3.peg.917.site.30, 0, 150, 150
411483.3.peg.917.site.31, 2, 149, 151
411483.3.peg.917.site.32, 26, 139, 165
411483.3.peg.917.site.33, 0, 150, 150
411483.3.peg.917.site.34, 4, 153, 157
411483.3.peg.917.site.35, 5, 152, 157
411483.3.peg.917.site.36, 5, 154, 159
411483.3.peg.917.site.37, 6, 150, 156
411483.3.peg.917.site.38, 1, 153, 154
411483.3.peg.917.site.39, 3, 153, 156
411483.3.peg.917.site.40, 32, 141, 173
411483.3.peg.917.site.41, 113, 145, 258
411483.3.peg.917.site.42, 37, 144, 181
411483.3.peg.917.site.43, 1, 148, 149
411483.3.peg.917.site.44, 0, 145, 145
411483.3.peg.917.site.45, 1, 143, 144
411483.3.peg.917.site.46, 0, 136, 136
411483.3.peg.917.site.47, 2, 138, 140
411483.3.peg.917.site.48, 3, 137, 140
411483.3.peg.917.site.49, 0, 135, 135
411483.3.peg.917.site.50, 126, 139, 265
411483.3.peg.917.site.51, 1, 146, 147
411483.3.peg.917.site.52, 1, 147, 148
411483.3.peg.917.site.53, 2, 146, 148
411483.3.peg.917.site.54, 1, 145, 146
411483.3.peg.917.site.55, 2, 147, 149
411483.3.peg.917.site.56, 19, 143, 162
411483.3.peg.917.site.57, 0, 148, 148
411483.3.peg.917.site.58, 8, 151, 159
411483.3.peg.917.site.59, 0, 148, 148
411483.3.peg.917.site.60, 1, 148, 149
411483.3.peg.917.site.61, 17, 143, 160
411483.3.peg.917.site.62, 13, 151, 164
411483.3.peg.917.site.63, 1, 147, 148
411483.3.peg.917.site.64, 4, 149, 153
411483.3.peg.917.site.65, 6, 144, 150
411483.3.peg.917.site.66, 0, 140, 140
411483.3.peg.917.site.67, 8, 136, 144
411483.3.peg.917.site.68, 0, 132, 132
411483.3.peg.917.site.69, 3, 136, 139
411483.3.peg.917.site.70, 113, 136, 249
411483.3.peg.917.site.71, 0, 138, 138
411483.3.peg.917.site.72, 2, 138, 140
411483.3.peg.917.site.73, 2, 138, 140
411483.3.peg.917.site.74, 57, 123, 180
411483.3.peg.917.site.75, 40, 123, 163
411483.3.peg.917.site.76, 4, 146, 150
411483.3.peg.917.site.77, 143, 144, 287
411483.3.peg.917.site.78, 23, 141, 164
411483.3.peg.917.site.79, 2, 151, 153
411483.3.peg.917.site.80, 34, 143, 177
411483.3.peg.917.site.81, 24, 143, 167
411483.3.peg.917.site.82, 20, 140, 160
411483.3.peg.917.site.83, 1, 148, 149
411483.3.peg.917.site.84, 70, 141, 211
411483.3.peg.917.site.85, 1, 151, 152
411483.3.peg.917.site.86, 2, 154, 156
411483.3.peg.917.site.87, 3, 153, 156
411483.3.peg.917.site.88, 2, 153, 155
411483.3.peg.917.site.89, 4, 150, 154
411483.3.peg.917.site.90, 89, 134, 223
411483.3.peg.917.site.91, 5, 138, 143
411483.3.peg.917.site.92, 2, 140, 142
411483.3.peg.917.site.93, 0, 138, 138
411483.3.peg.917.site.94, 17, 146, 163
411483.3.peg.917.site.95, 3, 148, 151
411483.3.peg.917.site.96, 10, 146, 156
411483.3.peg.917.site.97, 9, 144, 153
411483.3.peg.917.site.98, 3, 150, 153
411483.3.peg.917.site.99, 5, 146, 151
411483.3.peg.917.site.100, 4, 145, 149
411483.3.peg.917.site.101, 0, 149, 149
411483.3.peg.917.site.102, 3, 150, 153
411483.3.peg.917.site.103, 4, 145, 149
411483.3.peg.917.site.104, 77, 133, 210
411483.3.peg.917.site.105, 5, 148, 153
411483.3.peg.917.site.106, 1, 146, 147
411483.3.peg.917.site.107, 6, 144, 150
411483.3.peg.917.site.108, 1, 145, 146
411483.3.peg.917.site.109, 5, 136, 141
411483.3.peg.917.site.110, 7, 140, 147
411483.3.peg.917.site.111, 84, 133, 217
411483.3.peg.917.site.112, 1, 143, 144
411483.3.peg.917.site.113, 1, 142, 143
411483.3.peg.917.site.114, 32, 134, 166
411483.3.peg.917.site.115, 1, 141, 142
411483.3.peg.917.site.116, 98, 137, 235
411483.3.peg.917.site.117, 3, 150, 153
411483.3.peg.917.site.118, 1, 148, 149
411483.3.peg.917.site.119, 3, 153, 156
411483.3.peg.917.site.120, 0, 152, 152
411483.3.peg.917.site.121, 8, 147, 155
411483.3.peg.917.site.122, 1, 147, 148
411483.3.peg.917.site.123, 23, 145, 168
411483.3.peg.917.site.124, 1, 137, 138
411483.3.peg.917.site.125, 1, 142, 143
411483.3.peg.917.site.126, 1, 141, 142
411483.3.peg.917.site.127, 1, 143, 144
411483.3.peg.917.site.128, 3, 145, 148
411483.3.peg.917.site.129, 3, 145, 148
411483.3.peg.917.site.130, 29, 140, 169
411483.3.peg.917.site.131, 16, 147, 163
411483.3.peg.917.site.132, 33, 139, 172
411483.3.peg.917.site.133, 0, 149, 149
411483.3.peg.917.site.134, 2, 150, 152
411483.3.peg.917.site.135, 12, 152, 164
411483.3.peg.917.site.136, 1, 151, 152
411483.3.peg.917.site.137, 1, 150, 151
411483.3.peg.917.site.138, 1, 149, 150
411483.3.peg.917.site.139, 3, 152, 155
411483.3.peg.917.site.140, 1, 149, 150
411483.3.peg.917.site.141, 4, 147, 151
411483.3.peg.917.site.142, 0, 149, 149
411483.3.peg.917.site.143, 1, 149, 150
411483.3.peg.917.site.144, 41, 146, 187
411483.3.peg.917.site.145, 40, 144, 184
411483.3.peg.917.site.146, 2, 147, 149
411483.3.peg.917.site.147, 4, 146, 150
411483.3.peg.917.site.148, 1, 151, 152
411483.3.peg.917.site.149, 5, 146, 151
411483.3.peg.917.site.150, 3, 151, 154
411483.3.peg.917.site.151, 6, 150, 156
411483.3.peg.917.site.152, 1, 151, 152
411483.3.peg.917.site.153, 3, 148, 151
411483.3.peg.917.site.154, 14, 148, 162
411483.3.peg.917.site.155, 3, 148, 151
411483.3.peg.917.site.156, 3, 142, 145
411483.3.peg.917.site.157, 0, 143, 143
411483.3.peg.917.site.158, 48, 136, 184
411483.3.peg.917.site.159, 1, 149, 150
411483.3.peg.917.site.160, 11, 151, 162
411483.3.peg.917.site.161, 4, 153, 157
411483.3.peg.917.site.162, 1, 150, 151
411483.3.peg.917.site.163, 1, 151, 152
411483.3.peg.917.site.164, 8, 149, 157
411483.3.peg.917.site.165, 5, 148, 153
411483.3.peg.917.site.166, 2, 143, 145
411483.3.peg.917.site.167, 2, 142, 144
411483.3.peg.917.site.168, 0, 141, 141
411483.3.peg.917.site.169, 1, 143, 144
411483.3.peg.917.site.170, 0, 148, 148
411483.3.peg.917.site.171, 8, 148, 156
411483.3.peg.917.site.172, 1, 151, 152
411483.3.peg.917.site.173, 1, 150, 151
411483.3.peg.917.site.174, 2, 143, 145
411483.3.peg.917.site.175, 2, 151, 153
411483.3.peg.917.site.176, 5, 152, 157
411483.3.peg.917.site.177, 5, 149, 154
411483.3.peg.917.site.178, 3, 152, 155
411483.3.peg.917.site.179, 0, 153, 153
411483.3.peg.917.site.180, 40, 145, 185
411483.3.peg.917.site.181, 49, 148, 197
411483.3.peg.917.site.182, 1, 152, 153
411483.3.peg.917.site.183, 3, 153, 156
411483.3.peg.917.site.184, 36, 149, 185
411483.3.peg.917.site.185, 4, 155, 159
411483.3.peg.917.site.186, 3, 154, 157
411483.3.peg.917.site.187, 0, 154, 154
411483.3.peg.914.site.1, 152, 152, 304
411483.3.peg.914.site.2, 5, 154, 159
411483.3.peg.914.site.3, 1, 154, 155
411483.3.peg.914.site.4, 1, 153, 154
411483.3.peg.914.site.5, 1, 151, 152
411483.3.peg.914.site.6, 1, 150, 151
411483.3.peg.914.site.7, 2, 148, 150
411483.3.peg.914.site.8, 6, 135, 141
411483.3.peg.914.site.9, 4, 129, 133
411483.3.peg.914.site.10, 2, 127, 129
411483.3.peg.914.site.11, 0, 134, 134
411483.3.peg.914.site.12, 3, 133, 136
411483.3.peg.914.site.13, 7, 129, 136
411483.3.peg.914.site.14, 2, 138, 140
411483.3.peg.914.site.15, 18, 131, 149
411483.3.peg.914.site.16, 53, 127, 180
411483.3.peg.914.site.17, 0, 137, 137
411483.3.peg.914.site.18, 29, 121, 150
411483.3.peg.914.site.19, 2, 141, 143
411483.3.peg.914.site.20, 3, 141, 144
411483.3.peg.914.site.21, 4, 139, 143
411483.3.peg.914.site.22, 1, 142, 143
411483.3.peg.914.site.23, 3, 144, 147
411483.3.peg.914.site.24, 10, 139, 149
411483.3.peg.914.site.25, 3, 146, 149
411483.3.peg.914.site.26, 2, 146, 148
411483.3.peg.914.site.27, 2, 150, 152
411483.3.peg.914.site.28, 29, 145, 174
411483.3.peg.914.site.29, 4, 148, 152
411483.3.peg.914.site.30, 67, 129, 196
411483.3.peg.914.site.31, 0, 144, 144
411483.3.peg.914.site.32, 6, 144, 150
411483.3.peg.914.site.33, 1, 142, 143
411483.3.peg.914.site.34, 144, 146, 290
411483.3.peg.914.site.35, 0, 142, 142
411483.3.peg.914.site.36, 4, 146, 150
411483.3.peg.914.site.37, 6, 142, 148
411483.3.peg.914.site.38, 7, 136, 143
411483.3.peg.914.site.39, 28, 134, 162
411483.3.peg.914.site.40, 10, 131, 141
411483.3.peg.914.site.41, 26, 129, 155
411483.3.peg.914.site.42, 3, 120, 123
411483.3.peg.914.site.43, 2, 125, 127
411483.3.peg.914.site.44, 1, 130, 131
411483.3.peg.914.site.45, 12, 123, 135
411483.3.peg.914.site.46, 5, 124, 129
411483.3.peg.914.site.47, 3, 121, 124
411483.3.peg.914.site.48, 11, 125, 136
411483.3.peg.914.site.49, 4, 125, 129
411483.3.peg.914.site.50, 6, 128, 134
411483.3.peg.914.site.51, 4, 135, 139
411483.3.peg.914.site.52, 1, 140, 141
411483.3.peg.914.site.53, 5, 141, 146
411483.3.peg.914.site.54, 0, 146, 146
411483.3.peg.914.site.55, 3, 137, 140
411483.3.peg.914.site.56, 3, 146, 149
411483.3.peg.914.site.57, 2, 147, 149
411483.3.peg.914.site.58, 14, 138, 152
411483.3.peg.914.site.59, 4, 129, 133
411483.3.peg.914.site.60, 4, 130, 134
411483.3.peg.914.site.61, 55, 111, 166
411483.3.peg.914.site.62, 0, 110, 110
411483.3.peg.914.site.63, 63, 89, 152
411483.3.peg.914.site.64, 2, 28, 30
411483.3.peg.914.site.65, 1, 99, 100
411483.3.peg.914.site.66, 18, 118, 136
411483.3.peg.914.site.67, 9, 137, 146
411483.3.peg.914.site.68, 2, 130, 132
411483.3.peg.914.site.69, 20, 132, 152
411483.3.peg.914.site.70, 1, 117, 118
411483.3.peg.914.site.71, 3, 115, 118
411483.3.peg.914.site.72, 3, 95, 98
411483.3.peg.914.site.73, 3, 94, 97
411483.3.peg.914.site.74, 1, 54, 55
411483.3.peg.915.site.1, 34, 64, 98
411483.3.peg.915.site.2, 1, 109, 110
411483.3.peg.915.site.3, 10, 141, 151
411483.3.peg.915.site.4, 1, 146, 147
411483.3.peg.915.site.5, 3, 147, 150
411483.3.peg.915.site.6, 3, 147, 150
411483.3.peg.915.site.7, 8, 143, 151
411483.3.peg.915.site.8, 2, 150, 152
411483.3.peg.915.site.9, 4, 144, 148
411483.3.peg.915.site.10, 3, 147, 150
411483.3.peg.915.site.11, 1, 138, 139
411483.3.peg.915.site.12, 1, 123, 124
411483.3.peg.915.site.13, 91, 111, 202
411483.3.peg.1749.site.1, 34, 142, 176
411483.3.peg.1749.site.2, 22, 149, 171
411483.3.peg.1749.site.3, 18, 148, 166
411483.3.peg.1749.site.4, 36, 142, 178
411483.3.peg.1749.site.5, 0, 154, 154
411483.3.peg.1749.site.6, 53, 141, 194
411483.3.peg.1749.site.7, 11, 151, 162
411483.3.peg.1749.site.8, 12, 146, 158
411483.3.peg.1749.site.9, 8, 152, 160
411483.3.peg.1749.site.10, 6, 152, 158
411483.3.peg.1749.site.11, 12, 155, 167
411483.3.peg.1749.site.12, 3, 154, 157
411483.3.peg.1749.site.13, 8, 153, 161
411483.3.peg.1749.site.14, 0, 153, 153
411483.3.peg.1749.site.15, 27, 145, 172
411483.3.peg.1749.site.16, 4, 152, 156
411483.3.peg.1749.site.17, 8, 147, 155
411483.3.peg.1749.site.18, 0, 150, 150
411483.3.peg.1749.site.19, 8, 145, 153
411483.3.peg.1749.site.20, 11, 151, 162
411483.3.peg.1749.site.21, 2, 151, 153
411483.3.peg.1749.site.22, 5, 154, 159
411483.3.peg.1749.site.23, 9, 150, 159
411483.3.peg.1749.site.24, 0, 153, 153
411483.3.peg.1749.site.25, 0, 151, 151
411483.3.peg.1749.site.26, 10, 150, 160
411483.3.peg.1749.site.27, 1, 153, 154
411483.3.peg.1749.site.28, 32, 146, 178
411483.3.peg.1749.site.29, 138, 147, 285
411483.3.peg.1749.site.30, 7, 145, 152
411483.3.peg.1749.site.31, 16, 142, 158
411483.3.peg.1749.site.32, 2, 146, 148
411483.3.peg.1749.site.33, 3, 149, 152
411483.3.peg.1749.site.34, 11, 148, 159
411483.3.peg.1749.site.35, 7, 153, 160
411483.3.peg.1749.site.36, 0, 152, 152
411483.3.peg.1749.site.37, 2, 149, 151
411483.3.peg.1749.site.38, 4, 148, 152
411483.3.peg.1749.site.39, 2, 152, 154
411483.3.peg.1749.site.40, 8, 150, 158
411483.3.peg.1749.site.41, 27, 154, 181
411483.3.peg.1749.site.42, 1, 153, 154
411483.3.peg.1749.site.43, 5, 152, 157
411483.3.peg.1749.site.44, 10, 144, 154
411483.3.peg.1749.site.45, 1, 129, 130
411483.3.peg.1749.site.46, 82, 113, 195
411483.3.peg.1749.site.47, 8, 122, 130
411483.3.peg.1749.site.48, 4, 123, 127
411483.3.peg.1749.site.49, 58, 118, 176
411483.3.peg.1749.site.50, 6, 133, 139
411483.3.peg.1749.site.51, 32, 138, 170
411483.3.peg.1749.site.52, 82, 138, 220
411483.3.peg.1749.site.53, 3, 143, 146
411483.3.peg.1749.site.54, 13, 149, 162
411483.3.peg.1749.site.55, 1, 150, 151
411483.3.peg.1749.site.56, 0, 146, 146
411483.3.peg.1749.site.57, 14, 143, 157
411483.3.peg.1749.site.58, 20, 147, 167
411483.3.peg.1749.site.59, 8, 151, 159
411483.3.peg.1749.site.60, 2, 151, 153
411483.3.peg.1749.site.61, 1, 153, 154
411483.3.peg.1749.site.62, 2, 153, 155
411483.3.peg.1749.site.63, 4, 151, 155
411483.3.peg.1749.site.64, 34, 134, 168
411483.3.peg.1749.site.65, 37, 138, 175
411483.3.peg.1749.site.66, 1, 140, 141
411483.3.peg.1749.site.67, 6, 140, 146
411483.3.peg.1749.site.68, 3, 138, 141
411483.3.peg.1749.site.69, 7, 138, 145
411483.3.peg.1749.site.70, 14, 142, 156
411483.3.peg.1749.site.71, 30, 131, 161
411483.3.peg.1749.site.72, 6, 145, 151
411483.3.peg.1749.site.73, 150, 150, 300
411483.3.peg.1749.site.74, 31, 144, 175
411483.3.peg.1749.site.75, 11, 149, 160
411483.3.peg.1749.site.76, 134, 150, 284
411483.3.peg.1749.site.77, 4, 150, 154
411483.3.peg.1749.site.78, 1, 153, 154
411483.3.peg.1749.site.79, 9, 151, 160
411483.3.peg.1749.site.80, 3, 154, 157
411483.3.peg.1749.site.81, 0, 154, 154
411483.3.peg.1749.site.82, 64, 142, 206
411483.3.peg.1749.site.83, 1, 153, 154
411483.3.peg.1749.site.84, 7, 148, 155
411483.3.peg.1749.site.85, 7, 148, 155
411483.3.peg.1749.site.86, 2, 151, 153
411483.3.peg.1749.site.87, 1, 150, 151
411483.3.peg.1749.site.88, 2, 144, 146
411483.3.peg.1749.site.89, 150, 150, 300
411483.3.peg.1749.site.90, 1, 148, 149
411483.3.peg.1749.site.91, 35, 145, 180
411483.3.peg.1749.site.92, 6, 151, 157
411483.3.peg.1749.site.93, 5, 152, 157
411483.3.peg.1749.site.94, 1, 153, 154
411483.3.peg.1749.site.95, 2, 151, 153
411483.3.peg.1748.site.1, 2, 153, 155
411483.3.peg.1748.site.2, 5, 152, 157
411483.3.peg.1748.site.3, 2, 151, 153
411483.3.peg.1748.site.4, 52, 142, 194
411483.3.peg.1748.site.5, 103, 142, 245
411483.3.peg.1748.site.6, 12, 152, 164
411483.3.peg.1748.site.7, 2, 153, 155
411483.3.peg.1748.site.8, 0, 151, 151
411483.3.peg.1748.site.9, 105, 139, 244
411483.3.peg.1748.site.10, 22, 144, 166
411483.3.peg.1748.site.11, 2, 153, 155
411483.3.peg.1748.site.12, 15, 149, 164
411483.3.peg.1748.site.13, 9, 150, 159
411483.3.peg.1748.site.14, 0, 153, 153
411483.3.peg.1748.site.15, 44, 151, 195
411483.3.peg.1748.site.16, 16, 147, 163
411483.3.peg.1748.site.17, 1, 155, 156
411483.3.peg.1748.site.18, 15, 149, 164
411483.3.peg.1748.site.19, 15, 154, 169
411483.3.peg.1748.site.20, 5, 151, 156
411483.3.peg.1748.site.21, 0, 152, 152
411483.3.peg.1748.site.22, 0, 153, 153
411483.3.peg.1748.site.23, 56, 145, 201
411483.3.peg.1748.site.24, 143, 148, 291
411483.3.peg.1748.site.25, 1, 152, 153
411483.3.peg.1748.site.26, 5, 151, 156
411483.3.peg.1748.site.27, 4, 152, 156
411483.3.peg.1748.site.28, 1, 150, 151
411483.3.peg.1748.site.29, 0, 149, 149
411483.3.peg.1748.site.30, 1, 153, 154
411483.3.peg.1748.site.31, 1, 153, 154
411483.3.peg.1748.site.32, 5, 150, 155
411483.3.peg.1748.site.33, 6, 152, 158
411483.3.peg.1748.site.34, 1, 153, 154
411483.3.peg.1748.site.35, 8, 148, 156
411483.3.peg.1748.site.36, 0, 152, 152
411483.3.peg.1748.site.37, 0, 150, 150
411483.3.peg.1748.site.38, 17, 147, 164
411483.3.peg.1748.site.39, 4, 151, 155
411483.3.peg.1748.site.40, 41, 146, 187
411483.3.peg.1748.site.41, 9, 150, 159
411483.3.peg.1748.site.42, 19, 151, 170
411483.3.peg.1748.site.43, 4, 153, 157
411483.3.peg.1748.site.44, 5, 154, 159
411483.3.peg.1748.site.45, 10, 148, 158
411483.3.peg.1748.site.46, 0, 152, 152
411483.3.peg.1748.site.47, 7, 153, 160
411483.3.peg.1748.site.48, 10, 154, 164
411483.3.peg.1748.site.49, 10, 152, 162
411483.3.peg.1748.site.50, 0, 153, 153
411483.3.peg.1748.site.51, 6, 152, 158
411483.3.peg.1748.site.52, 2, 153, 155
411483.3.peg.1745.site.1, 1, 152, 153
411483.3.peg.1745.site.2, 14, 149, 163
411483.3.peg.1745.site.3, 0, 152, 152
411483.3.peg.1745.site.4, 18, 147, 165
411483.3.peg.1745.site.5, 6, 143, 149
411483.3.peg.1745.site.6, 1, 151, 152
411483.3.peg.1745.site.7, 2, 148, 150
411483.3.peg.1745.site.8, 3, 147, 150
411483.3.peg.1745.site.9, 74, 139, 213
411483.3.peg.1745.site.10, 2, 149, 151
411483.3.peg.1745.site.11, 11, 144, 155
411483.3.peg.1745.site.12, 9, 148, 157
411483.3.peg.1745.site.13, 0, 153, 153
411483.3.peg.1745.site.14, 16, 155, 171
411483.3.peg.1745.site.15, 4, 151, 155
411483.3.peg.1745.site.16, 5, 151, 156
411483.3.peg.1745.site.17, 3, 150, 153
411483.3.peg.1745.site.18, 1, 152, 153
411483.3.peg.1745.site.19, 5, 145, 150
411483.3.peg.1745.site.20, 1, 151, 152
411483.3.peg.1745.site.21, 3, 152, 155
411483.3.peg.1745.site.22, 1, 153, 154
411483.3.peg.1745.site.23, 24, 148, 172
411483.3.peg.1745.site.24, 3, 153, 156
411483.3.peg.1745.site.25, 3, 150, 153
411483.3.peg.1745.site.26, 2, 152, 154
411483.3.peg.1745.site.27, 2, 144, 146
411483.3.peg.1745.site.28, 8, 135, 143
411483.3.peg.1745.site.29, 71, 130, 201
411483.3.peg.1745.site.30, 113, 130, 243
411483.3.peg.1745.site.31, 9, 135, 144
411483.3.peg.1745.site.32, 24, 133, 157
411483.3.peg.1745.site.33, 2, 128, 130
411483.3.peg.1745.site.34, 2, 132, 134
411483.3.peg.1745.site.35, 3, 136, 139
411483.3.peg.1745.site.36, 4, 137, 141
411483.3.peg.1745.site.37, 8, 137, 145
411483.3.peg.1745.site.38, 2, 142, 144
411483.3.peg.1745.site.39, 2, 138, 140
411483.3.peg.1745.site.40, 14, 138, 152
411483.3.peg.1745.site.41, 7, 141, 148
411483.3.peg.1745.site.42, 88, 134, 222
411483.3.peg.1745.site.43, 0, 132, 132
411483.3.peg.1745.site.44, 9, 140, 149
411483.3.peg.1745.site.45, 1, 142, 143
411483.3.peg.1745.site.46, 1, 144, 145
411483.3.peg.1745.site.47, 105, 138, 243
411483.3.peg.1745.site.48, 0, 148, 148
411483.3.peg.1745.site.49, 16, 150, 166
411483.3.peg.1745.site.50, 8, 149, 157
411483.3.peg.1745.site.51, 0, 151, 151
411483.3.peg.1745.site.52, 8, 145, 153
411483.3.peg.1745.site.53, 11, 151, 162
411483.3.peg.1745.site.54, 8, 146, 154
411483.3.peg.1745.site.55, 27, 139, 166
411483.3.peg.1745.site.56, 4, 149, 153
411483.3.peg.1745.site.57, 1, 139, 140
411483.3.peg.1745.site.58, 32, 127, 159
411483.3.peg.1745.site.59, 2, 146, 148
411483.3.peg.1745.site.60, 6, 142, 148
411483.3.peg.1745.site.61, 107, 140, 247
411483.3.peg.1745.site.62, 2, 151, 153
411483.3.peg.1745.site.63, 0, 151, 151
411483.3.peg.1745.site.64, 6, 153, 159
411483.3.peg.1745.site.65, 1, 153, 154
411483.3.peg.1745.site.66, 5, 152, 157
411483.3.peg.1745.site.67, 6, 154, 160
411483.3.peg.1745.site.68, 5, 155, 160
411483.3.peg.1744.site.1, 17, 153, 170
411483.3.peg.1744.site.2, 4, 153, 157
411483.3.peg.1744.site.3, 3, 149, 152
411483.3.peg.1744.site.4, 26, 144, 170
411483.3.peg.1744.site.5, 117, 146, 263
411483.3.peg.1744.site.6, 5, 151, 156
411483.3.peg.1744.site.7, 91, 141, 232
411483.3.peg.1744.site.8, 2, 145, 147
411483.3.peg.1744.site.9, 1, 145, 146
411483.3.peg.1744.site.10, 93, 131, 224
411483.3.peg.1744.site.11, 3, 128, 131
411483.3.peg.1744.site.12, 9, 114, 123
411483.3.peg.1744.site.13, 31, 120, 151
411483.3.peg.1744.site.14, 1, 116, 117
411483.3.peg.1744.site.15, 7, 111, 118
411483.3.peg.1744.site.16, 3, 114, 117
411483.3.peg.1744.site.17, 4, 122, 126
411483.3.peg.1744.site.18, 4, 120, 124
411483.3.peg.1744.site.19, 2, 112, 114
411483.3.peg.1744.site.20, 3, 128, 131
411483.3.peg.1744.site.21, 1, 133, 134
411483.3.peg.1744.site.22, 1, 140, 141
411483.3.peg.1744.site.23, 2, 143, 145
411483.3.peg.1744.site.24, 3, 143, 146
411483.3.peg.1744.site.25, 4, 143, 147
411483.3.peg.1744.site.26, 1, 142, 143
411483.3.peg.1744.site.27, 1, 151, 152
411483.3.peg.1744.site.28, 114, 143, 257
411483.3.peg.1744.site.29, 3, 153, 156
411483.3.peg.1744.site.30, 6, 152, 158
411483.3.peg.1744.site.31, 0, 151, 151
411483.3.peg.1744.site.32, 0, 152, 152
411483.3.peg.1744.site.33, 2, 148, 150
411483.3.peg.1744.site.34, 129, 145, 274
411483.3.peg.1744.site.35, 0, 149, 149
411483.3.peg.1744.site.36, 1, 144, 145
411483.3.peg.1744.site.37, 2, 152, 154
411483.3.peg.1744.site.38, 1, 151, 152
411483.3.peg.1744.site.39, 138, 147, 285
411483.3.peg.1744.site.40, 11, 146, 157
411483.3.peg.1744.site.41, 1, 152, 153
411483.3.peg.1744.site.42, 3, 152, 155
411483.3.peg.1744.site.43, 119, 140, 259
411483.3.peg.1744.site.44, 115, 142, 257
411483.3.peg.1744.site.45, 1, 152, 153
411483.3.peg.1744.site.46, 1, 150, 151
411483.3.peg.1744.site.47, 143, 148, 291
411483.3.peg.1744.site.48, 0, 153, 153
411483.3.peg.1744.site.49, 1, 150, 151
411483.3.peg.1744.site.50, 3, 153, 156
411483.3.peg.1744.site.51, 12, 146, 158
411483.3.peg.1744.site.52, 4, 150, 154
411483.3.peg.1744.site.53, 1, 145, 146
411483.3.peg.1744.site.54, 5, 146, 151
411483.3.peg.1744.site.55, 3, 146, 149
411483.3.peg.1744.site.56, 95, 128, 223
411483.3.peg.1744.site.57, 13, 119, 132
411483.3.peg.1744.site.58, 2, 120, 122
411483.3.peg.1744.site.59, 2, 106, 108
411483.3.peg.1744.site.60, 9, 104, 113
411483.3.peg.1744.site.61, 2, 97, 99
411483.3.peg.1744.site.62, 2, 103, 105
411483.3.peg.1744.site.63, 25, 98, 123
411483.3.peg.1744.site.64, 26, 102, 128
411483.3.peg.1744.site.65, 6, 116, 122
411483.3.peg.1747.site.1, 17, 150, 167
411483.3.peg.1747.site.2, 3, 152, 155
411483.3.peg.1747.site.3, 1, 150, 151
411483.3.peg.1747.site.4, 15, 149, 164
411483.3.peg.1747.site.5, 0, 149, 149
411483.3.peg.1747.site.6, 2, 152, 154
411483.3.peg.1747.site.7, 3, 152, 155
411483.3.peg.1747.site.8, 2, 152, 154
411483.3.peg.1747.site.9, 46, 139, 185
411483.3.peg.1747.site.10, 0, 149, 149
411483.3.peg.1747.site.11, 4, 147, 151
411483.3.peg.1747.site.12, 4, 147, 151
411483.3.peg.1747.site.13, 1, 146, 147
411483.3.peg.1747.site.14, 0, 144, 144
411483.3.peg.1747.site.15, 2, 143, 145
411483.3.peg.1747.site.16, 4, 147, 151
411483.3.peg.1747.site.17, 0, 149, 149
411483.3.peg.1747.site.18, 4, 150, 154
411483.3.peg.1747.site.19, 1, 149, 150
411483.3.peg.1747.site.20, 4, 150, 154
411483.3.peg.1747.site.21, 1, 152, 153
411483.3.peg.1747.site.22, 4, 154, 158
411483.3.peg.1747.site.23, 10, 154, 164
411483.3.peg.1747.site.24, 0, 154, 154
411483.3.peg.1747.site.25, 2, 153, 155
411483.3.peg.1747.site.26, 58, 139, 197
411483.3.peg.1747.site.27, 0, 150, 150
411483.3.peg.1747.site.28, 3, 138, 141
411483.3.peg.1747.site.29, 15, 133, 148
411483.3.peg.1747.site.30, 7, 144, 151
411483.3.peg.1747.site.31, 1, 146, 147
411483.3.peg.1747.site.32, 18, 136, 154
411483.3.peg.1747.site.33, 1, 145, 146
411483.3.peg.1747.site.34, 5, 140, 145
411483.3.peg.1747.site.35, 26, 137, 163
411483.3.peg.1747.site.36, 25, 138, 163
411483.3.peg.1747.site.37, 6, 136, 142
411483.3.peg.1747.site.38, 4, 139, 143
411483.3.peg.1747.site.39, 2, 137, 139
411483.3.peg.1747.site.40, 2, 142, 144
411483.3.peg.1747.site.41, 2, 142, 144
411483.3.peg.1747.site.42, 6, 138, 144
411483.3.peg.1747.site.43, 3, 145, 148
411483.3.peg.1747.site.44, 4, 148, 152
411483.3.peg.1747.site.45, 0, 146, 146
411483.3.peg.1747.site.46, 1, 149, 150
411483.3.peg.1747.site.47, 13, 144, 157
411483.3.peg.1747.site.48, 28, 140, 168
411483.3.peg.1747.site.49, 0, 151, 151
411483.3.peg.1747.site.50, 1, 146, 147
411483.3.peg.1747.site.51, 8, 141, 149
411483.3.peg.1747.site.52, 1, 150, 151
411483.3.peg.1747.site.53, 6, 153, 159
411483.3.peg.1747.site.54, 57, 141, 198
411483.3.peg.1747.site.55, 0, 151, 151
411483.3.peg.1747.site.56, 1, 148, 149
411483.3.peg.1747.site.57, 2, 153, 155
411483.3.peg.1747.site.58, 31, 143, 174
411483.3.peg.1747.site.59, 0, 152, 152
411483.3.peg.1747.site.60, 0, 148, 148
411483.3.peg.1747.site.61, 0, 146, 146
411483.3.peg.1747.site.62, 5, 147, 152
411483.3.peg.1747.site.63, 17, 149, 166
411483.3.peg.1747.site.64, 12, 149, 161
411483.3.peg.1747.site.65, 5, 153, 158
411483.3.peg.1747.site.66, 135, 149, 284
411483.3.peg.1747.site.67, 3, 153, 156
411483.3.peg.1747.site.68, 1, 151, 152
411483.3.peg.1747.site.69, 1, 153, 154
411483.3.peg.1747.site.70, 10, 146, 156
411483.3.peg.1747.site.71, 24, 120, 144
411483.3.peg.1747.site.72, 0, 137, 137
411483.3.peg.1747.site.73, 12, 142, 154
411483.3.peg.1747.site.74, 34, 134, 168
411483.3.peg.1747.site.75, 9, 147, 156
411483.3.peg.1747.site.76, 21, 143, 164
411483.3.peg.1747.site.77, 5, 152, 157
411483.3.peg.1747.site.78, 12, 148, 160
411483.3.peg.1747.site.79, 1, 152, 153
411483.3.peg.1747.site.80, 13, 150, 163
411483.3.peg.1747.site.81, 1, 152, 153
411483.3.peg.1747.site.82, 2, 149, 151
411483.3.peg.1747.site.83, 1, 154, 155
411483.3.peg.1747.site.84, 12, 152, 164
411483.3.peg.1747.site.85, 0, 153, 153
411483.3.peg.1747.site.86, 0, 154, 154
411483.3.peg.1747.site.87, 28, 149, 177
411483.3.peg.1747.site.88, 34, 144, 178
411483.3.peg.1747.site.89, 12, 150, 162
411483.3.peg.1747.site.90, 2, 153, 155
411483.3.peg.1747.site.91, 1, 155, 156
411483.3.peg.1747.site.92, 0, 151, 151
411483.3.peg.1747.site.93, 2, 154, 156
411483.3.peg.1747.site.94, 4, 155, 159
411483.3.peg.1747.site.95, 11, 148, 159
411483.3.peg.1747.site.96, 4, 152, 156
411483.3.peg.1747.site.97, 2, 147, 149
411483.3.peg.1747.site.98, 27, 140, 167
411483.3.peg.1747.site.99, 2, 142, 144
411483.3.peg.1747.site.100, 13, 123, 136
411483.3.peg.1747.site.101, 1, 138, 139
411483.3.peg.1747.site.102, 3, 127, 130
411483.3.peg.1747.site.103, 5, 137, 142
411483.3.peg.1747.site.104, 10, 137, 147
411483.3.peg.1747.site.105, 4, 146, 150
411483.3.peg.1747.site.106, 33, 146, 179
411483.3.peg.1747.site.107, 2, 151, 153
411483.3.peg.1747.site.108, 7, 151, 158
411483.3.peg.1747.site.109, 3, 153, 156
411483.3.peg.1747.site.110, 0, 153, 153
411483.3.peg.1747.site.111, 6, 154, 160
411483.3.peg.1747.site.112, 15, 151, 166
411483.3.peg.1747.site.113, 29, 147, 176
411483.3.peg.1746.site.1, 50, 141, 191
411483.3.peg.1746.site.2, 2, 150, 152
411483.3.peg.1746.site.3, 1, 153, 154
411483.3.peg.1746.site.4, 10, 149, 159
411483.3.peg.1746.site.5, 29, 149, 178
411483.3.peg.1741.site.1, 14, 147, 161
411483.3.peg.1741.site.2, 1, 150, 151
411483.3.peg.1741.site.3, 2, 149, 151
411483.3.peg.1741.site.4, 97, 140, 237
411483.3.peg.1741.site.5, 0, 151, 151
411483.3.peg.1741.site.6, 5, 152, 157
411483.3.peg.1741.site.7, 1, 152, 153
411483.3.peg.1741.site.8, 11, 152, 163
411483.3.peg.1741.site.9, 5, 153, 158
411483.3.peg.1741.site.10, 13, 152, 165
411483.3.peg.1741.site.11, 1, 151, 152
411483.3.peg.1741.site.12, 8, 149, 157
411483.3.peg.1741.site.13, 15, 146, 161
411483.3.peg.1741.site.14, 3, 150, 153
411483.3.peg.1741.site.15, 8, 146, 154
411483.3.peg.1741.site.16, 7, 137, 144
411483.3.peg.1741.site.17, 1, 141, 142
411483.3.peg.1741.site.18, 15, 138, 153
411483.3.peg.1741.site.19, 37, 130, 167
411483.3.peg.1741.site.20, 115, 136, 251
411483.3.peg.1741.site.21, 2, 142, 144
411483.3.peg.1741.site.22, 115, 137, 252
411483.3.peg.1741.site.23, 1, 145, 146
411483.3.peg.1741.site.24, 4, 145, 149
411483.3.peg.1741.site.25, 4, 149, 153
411483.3.peg.1741.site.26, 9, 143, 152
411483.3.peg.1741.site.27, 4, 150, 154
411483.3.peg.1741.site.28, 8, 149, 157
411483.3.peg.1741.site.29, 16, 145, 161
411483.3.peg.1741.site.30, 0, 151, 151
411483.3.peg.1741.site.31, 58, 146, 204
411483.3.peg.1741.site.32, 2, 152, 154
411483.3.peg.1741.site.33, 2, 151, 153
411483.3.peg.1741.site.34, 38, 142, 180
411483.3.peg.1741.site.35, 17, 149, 166
411483.3.peg.1741.site.36, 2, 155, 157
411483.3.peg.1741.site.37, 3, 152, 155
411483.3.peg.1741.site.38, 10, 149, 159
411483.3.peg.1741.site.39, 6, 151, 157
411483.3.peg.1741.site.40, 18, 146, 164
411483.3.peg.1741.site.41, 0, 153, 153
411483.3.peg.1741.site.42, 0, 152, 152
411483.3.peg.1741.site.43, 129, 147, 276
411483.3.peg.1741.site.44, 71, 145, 216
411483.3.peg.1741.site.45, 5, 154, 159
411483.3.peg.1741.site.46, 120, 146, 266
411483.3.peg.1741.site.47, 7, 152, 159
411483.3.peg.1741.site.48, 10, 149, 159
411483.3.peg.1741.site.49, 3, 154, 157
411483.3.peg.1741.site.50, 2, 152, 154
411483.3.peg.1741.site.51, 4, 151, 155
411483.3.peg.1741.site.52, 1, 151, 152
411483.3.peg.1741.site.53, 1, 152, 153
411483.3.peg.1741.site.54, 1, 150, 151
411483.3.peg.1741.site.55, 0, 149, 149
411483.3.peg.1741.site.56, 2, 149, 151
411483.3.peg.1741.site.57, 7, 150, 157
411483.3.peg.1741.site.58, 1, 153, 154
411483.3.peg.1741.site.59, 28, 146, 174
411483.3.peg.1741.site.60, 3, 151, 154
411483.3.peg.1741.site.61, 2, 146, 148
411483.3.peg.1741.site.62, 4, 148, 152
411483.3.peg.1741.site.63, 1, 146, 147
411483.3.peg.1741.site.64, 1, 138, 139
411483.3.peg.1741.site.65, 7, 146, 153
411483.3.peg.1741.site.66, 1, 149, 150
411483.3.peg.1741.site.67, 2, 146, 148
411483.3.peg.1741.site.68, 11, 144, 155
411483.3.peg.1741.site.69, 9, 145, 154
411483.3.peg.1741.site.70, 39, 133, 172
411483.3.peg.1741.site.71, 1, 147, 148
411483.3.peg.1741.site.72, 4, 142, 146
411483.3.peg.1741.site.73, 6, 143, 149
411483.3.peg.1741.site.74, 2, 148, 150
411483.3.peg.1741.site.75, 1, 144, 145
411483.3.peg.1741.site.76, 2, 148, 150
411483.3.peg.1741.site.77, 62, 137, 199
411483.3.peg.1741.site.78, 2, 150, 152
411483.3.peg.1741.site.79, 6, 144, 150
411483.3.peg.1741.site.80, 6, 148, 154
411483.3.peg.1741.site.81, 69, 145, 214
411483.3.peg.1741.site.82, 4, 153, 157
411483.3.peg.1741.site.83, 1, 151, 152
411483.3.peg.1741.site.84, 17, 148, 165
411483.3.peg.1741.site.85, 9, 150, 159
411483.3.peg.1741.site.86, 24, 147, 171
411483.3.peg.1741.site.87, 127, 144, 271
411483.3.peg.1741.site.88, 34, 145, 179
411483.3.peg.1741.site.89, 0, 149, 149
411483.3.peg.1741.site.90, 38, 144, 182
411483.3.peg.1741.site.91, 0, 150, 150
411483.3.peg.1741.site.92, 3, 148, 151
411483.3.peg.1741.site.93, 15, 149, 164
411483.3.peg.1741.site.94, 32, 146, 178
411483.3.peg.1741.site.95, 2, 151, 153
411483.3.peg.1741.site.96, 126, 142, 268
411483.3.peg.1741.site.97, 122, 143, 265
411483.3.peg.1741.site.98, 99, 142, 241
411483.3.peg.1741.site.99, 5, 151, 156
411483.3.peg.1741.site.100, 1, 154, 155
411483.3.peg.1741.site.101, 2, 148, 150
411483.3.peg.1741.site.102, 5, 152, 157
411483.3.peg.1741.site.103, 3, 152, 155
411483.3.peg.1741.site.104, 5, 152, 157
411483.3.peg.1741.site.105, 2, 153, 155
411483.3.peg.1741.site.106, 78, 142, 220
411483.3.peg.1741.site.107, 3, 151, 154
411483.3.peg.1741.site.108, 0, 149, 149
411483.3.peg.1741.site.109, 7, 151, 158
411483.3.peg.1741.site.110, 60, 143, 203
411483.3.peg.1741.site.111, 3, 147, 150
411483.3.peg.1741.site.112, 1, 151, 152
411483.3.peg.1741.site.113, 1, 153, 154
411483.3.peg.1741.site.114, 0, 147, 147
411483.3.peg.1741.site.115, 0, 150, 150
411483.3.peg.1741.site.116, 16, 150, 166
411483.3.peg.1741.site.117, 1, 153, 154
411483.3.peg.1741.site.118, 4, 151, 155
411483.3.peg.1741.site.119, 6, 147, 153
411483.3.peg.1741.site.120, 6, 147, 153
411483.3.peg.1741.site.121, 76, 140, 216
411483.3.peg.1741.site.122, 4, 151, 155
411483.3.peg.1741.site.123, 16, 147, 163
411483.3.peg.1741.site.124, 2, 151, 153
411483.3.peg.1741.site.125, 16, 149, 165
411483.3.peg.1741.site.126, 53, 146, 199
411483.3.peg.1741.site.127, 2, 148, 150
411483.3.peg.1741.site.128, 7, 149, 156
411483.3.peg.1741.site.129, 6, 147, 153
411483.3.peg.1741.site.130, 2, 147, 149
411483.3.peg.1741.site.131, 1, 151, 152
411483.3.peg.1741.site.132, 4, 151, 155
411483.3.peg.1741.site.133, 7, 149, 156
411483.3.peg.1741.site.134, 5, 148, 153
411483.3.peg.1741.site.135, 21, 150, 171
411483.3.peg.1741.site.136, 4, 149, 153
411483.3.peg.1741.site.137, 30, 138, 168
411483.3.peg.1741.site.138, 4, 154, 158
411483.3.peg.1741.site.139, 54, 147, 201
411483.3.peg.1741.site.140, 128, 148, 276
411483.3.peg.1741.site.141, 6, 153, 159
411483.3.peg.1741.site.142, 1, 152, 153
411483.3.peg.1741.site.143, 4, 148, 152
411483.3.peg.1741.site.144, 18, 144, 162
411483.3.peg.1741.site.145, 9, 151, 160
411483.3.peg.1741.site.146, 3, 151, 154
411483.3.peg.1741.site.147, 0, 152, 152
411483.3.peg.1741.site.148, 3, 148, 151
411483.3.peg.1741.site.149, 14, 148, 162
411483.3.peg.1741.site.150, 1, 152, 153
411483.3.peg.1741.site.151, 10, 151, 161
411483.3.peg.1741.site.152, 2, 151, 153
411483.3.peg.1741.site.153, 6, 151, 157
411483.3.peg.1741.site.154, 28, 143, 171
411483.3.peg.1741.site.155, 1, 151, 152
411483.3.peg.1741.site.156, 4, 150, 154
411483.3.peg.1741.site.157, 2, 153, 155
411483.3.peg.1741.site.158, 2, 153, 155
411483.3.peg.1741.site.159, 4, 152, 156
411483.3.peg.1741.site.160, 109, 141, 250
411483.3.peg.1741.site.161, 2, 147, 149
411483.3.peg.1741.site.162, 0, 148, 148
411483.3.peg.1741.site.163, 37, 147, 184
411483.3.peg.1741.site.164, 1, 153, 154
411483.3.peg.1741.site.165, 4, 153, 157
411483.3.peg.1741.site.166, 1, 154, 155
411483.3.peg.1741.site.167, 49, 144, 193
411483.3.peg.1741.site.168, 14, 147, 161
411483.3.peg.1741.site.169, 2, 150, 152
411483.3.peg.1741.site.170, 6, 152, 158
411483.3.peg.1741.site.171, 4, 146, 150
411483.3.peg.1741.site.172, 121, 145, 266
411483.3.peg.1741.site.173, 1, 151, 152
411483.3.peg.1741.site.174, 4, 150, 154
411483.3.peg.1741.site.175, 4, 153, 157
411483.3.peg.1741.site.176, 13, 149, 162
411483.3.peg.1741.site.177, 5, 148, 153
411483.3.peg.1741.site.178, 3, 149, 152
411483.3.peg.1741.site.179, 1, 150, 151
411483.3.peg.1741.site.180, 4, 152, 156
411483.3.peg.1741.site.181, 7, 147, 154
411483.3.peg.1741.site.182, 2, 151, 153
411483.3.peg.1741.site.183, 107, 140, 247
411483.3.peg.1741.site.184, 8, 149, 157
411483.3.peg.1741.site.185, 13, 151, 164
411483.3.peg.1741.site.186, 2, 154, 156
411483.3.peg.1741.site.187, 8, 154, 162
411483.3.peg.1741.site.188, 1, 153, 154
411483.3.peg.1741.site.189, 2, 153, 155
411483.3.peg.1741.site.190, 8, 153, 161
411483.3.peg.1741.site.191, 115, 144, 259
411483.3.peg.1741.site.192, 2, 154, 156
411483.3.peg.1741.site.193, 0, 153, 153
411483.3.peg.1741.site.194, 21, 150, 171
411483.3.peg.1741.site.195, 3, 149, 152
411483.3.peg.1741.site.196, 2, 155, 157
411483.3.peg.1741.site.197, 1, 155, 156
411483.3.peg.1741.site.198, 5, 155, 160
411483.3.peg.1741.site.199, 25, 144, 169
411483.3.peg.1741.site.200, 3, 154, 157
411483.3.peg.1741.site.201, 1, 155, 156
411483.3.peg.1741.site.202, 10, 154, 164
411483.3.peg.1741.site.203, 2, 152, 154
411483.3.peg.1741.site.204, 2, 150, 152
411483.3.peg.1741.site.205, 41, 147, 188
411483.3.peg.1741.site.206, 97, 145, 242
411483.3.peg.1741.site.207, 0, 148, 148
411483.3.peg.1741.site.208, 51, 146, 197
411483.3.peg.1741.site.209, 2, 154, 156
411483.3.peg.1741.site.210, 2, 153, 155
411483.3.peg.1741.site.211, 2, 155, 157
411483.3.peg.1741.site.212, 8, 153, 161
411483.3.peg.1741.site.213, 12, 149, 161
411483.3.peg.1741.site.214, 7, 152, 159
411483.3.peg.1741.site.215, 38, 146, 184
411483.3.peg.1741.site.216, 3, 152, 155
411483.3.peg.1741.site.217, 4, 143, 147
411483.3.peg.1741.site.218, 4, 151, 155
411483.3.peg.1741.site.219, 86, 145, 231
411483.3.peg.1741.site.220, 40, 144, 184
411483.3.peg.1741.site.221, 1, 153, 154
411483.3.peg.1741.site.222, 8, 151, 159
411483.3.peg.1741.site.223, 2, 148, 150
411483.3.peg.1741.site.224, 2, 151, 153
411483.3.peg.1741.site.225, 8, 146, 154
411483.3.peg.1741.site.226, 54, 148, 202
411483.3.peg.1741.site.227, 4, 150, 154
411483.3.peg.1741.site.228, 63, 146, 209
411483.3.peg.1741.site.229, 6, 153, 159
411483.3.peg.1741.site.230, 49, 149, 198
411483.3.peg.1741.site.231, 0, 155, 155
411483.3.peg.1741.site.232, 10, 148, 158
411483.3.peg.1741.site.233, 1, 153, 154
411483.3.peg.1741.site.234, 0, 150, 150
411483.3.peg.1741.site.235, 19, 148, 167
411483.3.peg.1741.site.236, 30, 144, 174
411483.3.peg.1741.site.237, 12, 145, 157
411483.3.peg.1741.site.238, 13, 145, 158
411483.3.peg.1741.site.239, 59, 139, 198
411483.3.peg.1741.site.240, 0, 148, 148
411483.3.peg.1741.site.241, 0, 145, 145
411483.3.peg.1741.site.242, 0, 141, 141
411483.3.peg.1741.site.243, 1, 144, 145
411483.3.peg.1741.site.244, 8, 144, 152
411483.3.peg.1741.site.245, 15, 140, 155
411483.3.peg.1741.site.246, 2, 144, 146
411483.3.peg.1741.site.247, 2, 153, 155
411483.3.peg.1741.site.248, 3, 153, 156
411483.3.peg.1740.site.1, 0, 136, 136
411483.3.peg.1740.site.2, 2, 142, 144
411483.3.peg.1740.site.3, 3, 143, 146
411483.3.peg.1740.site.4, 2, 149, 151
411483.3.peg.1740.site.5, 6, 149, 155
411483.3.peg.1740.site.6, 6, 144, 150
411483.3.peg.1740.site.7, 5, 146, 151
411483.3.peg.1740.site.8, 36, 131, 167
411483.3.peg.1740.site.9, 2, 149, 151
411483.3.peg.1740.site.10, 6, 145, 151
411483.3.peg.1740.site.11, 4, 144, 148
411483.3.peg.1740.site.12, 6, 139, 145
411483.3.peg.1740.site.13, 2, 121, 123
411483.3.peg.1740.site.14, 2, 107, 109
411483.3.peg.1740.site.15, 44, 120, 164
411483.3.peg.1740.site.16, 10, 112, 122
411483.3.peg.1740.site.17, 1, 115, 116
411483.3.peg.1740.site.18, 2, 128, 130
411483.3.peg.1740.site.19, 9, 130, 139
411483.3.peg.1740.site.20, 2, 135, 137
411483.3.peg.1740.site.21, 3, 139, 142
411483.3.peg.1740.site.22, 7, 138, 145
411483.3.peg.1740.site.23, 103, 133, 236
411483.3.peg.1740.site.24, 15, 143, 158
411483.3.peg.1740.site.25, 1, 146, 147
411483.3.peg.1740.site.26, 7, 148, 155
411483.3.peg.1740.site.27, 2, 150, 152
411483.3.peg.1740.site.28, 1, 150, 151
411483.3.peg.1740.site.29, 4, 151, 155
411483.3.peg.1740.site.30, 1, 151, 152
411483.3.peg.1740.site.31, 2, 152, 154
411483.3.peg.1740.site.32, 1, 149, 150
411483.3.peg.1740.site.33, 3, 149, 152
411483.3.peg.1740.site.34, 16, 146, 162
411483.3.peg.1740.site.35, 3, 146, 149
411483.3.peg.1740.site.36, 3, 141, 144
411483.3.peg.1740.site.37, 3, 143, 146
411483.3.peg.1743.site.1, 57, 142, 199
411483.3.peg.1743.site.2, 3, 154, 157
411483.3.peg.1743.site.3, 0, 154, 154
411483.3.peg.1743.site.4, 4, 150, 154
411483.3.peg.1743.site.5, 1, 153, 154
411483.3.peg.1743.site.6, 3, 151, 154
411483.3.peg.1743.site.7, 2, 152, 154
411483.3.peg.1743.site.8, 16, 146, 162
411483.3.peg.1743.site.9, 18, 144, 162
411483.3.peg.1743.site.10, 8, 143, 151
411483.3.peg.1743.site.11, 14, 148, 162
411483.3.peg.1743.site.12, 48, 132, 180
411483.3.peg.1743.site.13, 0, 141, 141
411483.3.peg.1743.site.14, 3, 142, 145
411483.3.peg.1743.site.15, 36, 144, 180
411483.3.peg.1743.site.16, 3, 151, 154
411483.3.peg.1743.site.17, 5, 145, 150
411483.3.peg.1743.site.18, 5, 149, 154
411483.3.peg.1743.site.19, 14, 150, 164
411483.3.peg.1743.site.20, 2, 152, 154
411483.3.peg.1743.site.21, 2, 152, 154
411483.3.peg.1743.site.22, 4, 151, 155
411483.3.peg.1743.site.23, 8, 152, 160
411483.3.peg.1742.site.1, 47, 138, 185
411483.3.peg.1742.site.2, 2, 153, 155
411483.3.peg.1742.site.3, 3, 153, 156
411483.3.peg.1742.site.4, 132, 145, 277
411483.3.peg.1742.site.5, 0, 154, 154
411483.3.peg.1742.site.6, 1, 154, 155
411483.3.peg.1742.site.7, 1, 152, 153
411483.3.peg.1742.site.8, 7, 150, 157
411483.3.peg.1742.site.9, 1, 154, 155
411483.3.peg.1742.site.10, 48, 147, 195
411483.3.peg.1742.site.11, 2, 154, 156
411483.3.peg.1742.site.12, 10, 153, 163
411483.3.peg.1742.site.13, 11, 146, 157
411483.3.peg.1742.site.14, 4, 148, 152
411483.3.peg.1742.site.15, 1, 151, 152
411483.3.peg.1742.site.16, 3, 149, 152
411483.3.peg.1742.site.17, 0, 151, 151
411483.3.peg.1742.site.18, 13, 150, 163
411483.3.peg.1742.site.19, 4, 148, 152
411483.3.peg.1742.site.20, 2, 151, 153
411483.3.peg.1742.site.21, 16, 149, 165
411483.3.peg.1742.site.22, 0, 150, 150
411483.3.peg.1742.site.23, 73, 140, 213
411483.3.peg.1742.site.24, 3, 152, 155
411483.3.peg.1742.site.25, 2, 151, 153
411483.3.peg.1742.site.26, 3, 154, 157
411483.3.peg.1742.site.27, 2, 150, 152
411483.3.peg.1742.site.28, 2, 149, 151
411483.3.peg.1742.site.29, 5, 145, 150
411483.3.peg.1742.site.30, 0, 148, 148
411483.3.peg.1742.site.31, 5, 147, 152
411483.3.peg.1742.site.32, 16, 146, 162
411483.3.peg.1742.site.33, 2, 146, 148
411483.3.peg.1742.site.34, 3, 148, 151
411483.3.peg.1742.site.35, 12, 145, 157
411483.3.peg.1742.site.36, 22, 145, 167
411483.3.peg.1742.site.37, 3, 146, 149
411483.3.peg.1742.site.38, 1, 146, 147
411483.3.peg.1742.site.39, 9, 146, 155
411483.3.peg.1742.site.40, 95, 135, 230
411483.3.peg.1742.site.41, 3, 141, 144
411483.3.peg.1742.site.42, 10, 141, 151
411483.3.peg.1742.site.43, 2, 139, 141
411483.3.peg.1742.site.44, 19, 139, 158
411483.3.peg.1742.site.45, 1, 146, 147
411483.3.peg.1742.site.46, 80, 136, 216
411483.3.peg.1742.site.47, 4, 143, 147
411483.3.peg.1742.site.48, 0, 144, 144
411483.3.peg.1742.site.49, 49, 123, 172
411483.3.peg.1742.site.50, 0, 142, 142
411483.3.peg.1742.site.51, 4, 150, 154
411483.3.peg.1742.site.52, 1, 148, 149
411483.3.peg.1742.site.53, 2, 149, 151
411483.3.peg.1742.site.54, 2, 145, 147
411483.3.peg.1742.site.55, 3, 148, 151
411483.3.peg.1742.site.56, 1, 151, 152
411483.3.peg.1742.site.57, 4, 147, 151
411483.3.peg.1742.site.58, 6, 150, 156
411483.3.peg.2649.site.1, 0, 153, 153
411483.3.peg.2649.site.2, 6, 148, 154
411483.3.peg.2649.site.3, 3, 148, 151
411483.3.peg.2649.site.4, 2, 146, 148
411483.3.peg.2649.site.5, 6, 145, 151
411483.3.peg.2649.site.6, 65, 142, 207
411483.3.peg.2649.site.7, 21, 142, 163
411483.3.peg.2649.site.8, 2, 145, 147
411483.3.peg.2649.site.9, 0, 143, 143
411483.3.peg.2649.site.10, 62, 105, 167
411483.3.peg.2649.site.11, 3, 130, 133
411483.3.peg.2649.site.12, 26, 103, 129
411483.3.peg.2649.site.13, 22, 117, 139
411483.3.peg.2649.site.14, 49, 122, 171
411483.3.peg.2649.site.15, 4, 139, 143
411483.3.peg.2649.site.16, 3, 148, 151
411483.3.peg.486.site.1, 3, 144, 147
411483.3.peg.486.site.2, 7, 141, 148
411483.3.peg.486.site.3, 7, 144, 151
411483.3.peg.486.site.4, 5, 141, 146
411483.3.peg.486.site.5, 3, 139, 142
411483.3.peg.486.site.6, 28, 139, 167
411483.3.peg.486.site.7, 0, 144, 144
411483.3.peg.486.site.8, 0, 145, 145
411483.3.peg.486.site.9, 38, 147, 185
411483.3.peg.486.site.10, 17, 142, 159
411483.3.peg.486.site.11, 2, 146, 148
411483.3.peg.486.site.12, 25, 144, 169
411483.3.peg.486.site.13, 4, 148, 152
411483.3.peg.486.site.14, 3, 148, 151
411483.3.peg.486.site.15, 43, 141, 184
411483.3.peg.486.site.16, 3, 148, 151
411483.3.peg.486.site.17, 100, 142, 242
411483.3.peg.486.site.18, 4, 147, 151
411483.3.peg.486.site.19, 99, 140, 239
411483.3.peg.486.site.20, 1, 148, 149
411483.3.peg.486.site.21, 1, 148, 149
411483.3.peg.486.site.22, 9, 147, 156
411483.3.peg.486.site.23, 9, 148, 157
411483.3.peg.486.site.24, 1, 148, 149
411483.3.peg.486.site.25, 16, 140, 156
411483.3.peg.486.site.26, 3, 148, 151
411483.3.peg.486.site.27, 1, 148, 149
411483.3.peg.486.site.28, 1, 150, 151
411483.3.peg.487.site.1, 54, 143, 197
411483.3.peg.487.site.2, 6, 152, 158
411483.3.peg.487.site.3, 1, 155, 156
411483.3.peg.487.site.4, 6, 153, 159
411483.3.peg.487.site.5, 1, 153, 154
411483.3.peg.487.site.6, 10, 153, 163
411483.3.peg.487.site.7, 14, 154, 168
411483.3.peg.487.site.8, 15, 150, 165
411483.3.peg.487.site.9, 0, 152, 152
411483.3.peg.487.site.10, 23, 146, 169
411483.3.peg.487.site.11, 2, 154, 156
411483.3.peg.487.site.12, 11, 150, 161
411483.3.peg.487.site.13, 1, 155, 156
411483.3.peg.487.site.14, 14, 147, 161
411483.3.peg.487.site.15, 0, 154, 154
411483.3.peg.487.site.16, 18, 149, 167
411483.3.peg.487.site.17, 4, 153, 157
411483.3.peg.487.site.18, 18, 151, 169
411483.3.peg.487.site.19, 3, 153, 156
411483.3.peg.487.site.20, 7, 150, 157
411483.3.peg.487.site.21, 2, 153, 155
411483.3.peg.487.site.22, 1, 149, 150
411483.3.peg.487.site.23, 2, 154, 156
411483.3.peg.487.site.24, 19, 147, 166
411483.3.peg.487.site.25, 4, 155, 159
411483.3.peg.487.site.26, 4, 154, 158
411483.3.peg.487.site.27, 6, 149, 155
411483.3.peg.487.site.28, 7, 152, 159
411483.3.peg.487.site.29, 16, 146, 162
411483.3.peg.487.site.30, 2, 149, 151
411483.3.peg.487.site.31, 5, 147, 152
411483.3.peg.487.site.32, 1, 148, 149
411483.3.peg.487.site.33, 26, 143, 169
411483.3.peg.487.site.34, 5, 145, 150
411483.3.peg.487.site.35, 30, 137, 167
411483.3.peg.487.site.36, 3, 146, 149
411483.3.peg.487.site.37, 6, 143, 149
411483.3.peg.487.site.38, 6, 146, 152
411483.3.peg.487.site.39, 125, 139, 264
411483.3.peg.487.site.40, 1, 140, 141
411483.3.peg.487.site.41, 21, 140, 161
411483.3.peg.487.site.42, 10, 146, 156
411483.3.peg.487.site.43, 4, 150, 154
411483.3.peg.487.site.44, 130, 146, 276
411483.3.peg.487.site.45, 10, 146, 156
411483.3.peg.487.site.46, 3, 150, 153
411483.3.peg.487.site.47, 5, 143, 148
411483.3.peg.487.site.48, 1, 147, 148
411483.3.peg.487.site.49, 3, 144, 147
411483.3.peg.487.site.50, 1, 142, 143
411483.3.peg.487.site.51, 9, 151, 160
411483.3.peg.487.site.52, 4, 153, 157
411483.3.peg.487.site.53, 26, 142, 168
411483.3.peg.487.site.54, 102, 140, 242
411483.3.peg.487.site.55, 3, 149, 152
411483.3.peg.487.site.56, 18, 144, 162
411483.3.peg.487.site.57, 5, 150, 155
411483.3.peg.487.site.58, 130, 150, 280
411483.3.peg.487.site.59, 27, 144, 171
411483.3.peg.487.site.60, 1, 154, 155
411483.3.peg.487.site.61, 3, 149, 152
411483.3.peg.487.site.62, 0, 155, 155
411483.3.peg.487.site.63, 0, 155, 155
411483.3.peg.488.site.1, 15, 153, 168
411483.3.peg.488.site.2, 1, 154, 155
411483.3.peg.488.site.3, 1, 154, 155
411483.3.peg.488.site.4, 2, 154, 156
411483.3.peg.488.site.5, 1, 153, 154
411483.3.peg.488.site.6, 9, 152, 161
411483.3.peg.488.site.7, 1, 153, 154
411483.3.peg.488.site.8, 4, 150, 154
411483.3.peg.488.site.9, 2, 152, 154
411483.3.peg.488.site.10, 6, 151, 157
411483.3.peg.488.site.11, 19, 147, 166
411483.3.peg.488.site.12, 1, 152, 153
411483.3.peg.488.site.13, 60, 134, 194
411483.3.peg.488.site.14, 64, 133, 197
411483.3.peg.488.site.15, 20, 139, 159
411483.3.peg.488.site.16, 0, 147, 147
411483.3.peg.488.site.17, 6, 141, 147
411483.3.peg.488.site.18, 5, 145, 150
411483.3.peg.488.site.19, 6, 135, 141
411483.3.peg.488.site.20, 14, 133, 147
411483.3.peg.488.site.21, 2, 139, 141
411483.3.peg.488.site.22, 1, 138, 139
411483.3.peg.488.site.23, 124, 134, 258
411483.3.peg.488.site.24, 3, 139, 142
411483.3.peg.488.site.25, 16, 133, 149
411483.3.peg.488.site.26, 1, 135, 136
411483.3.peg.488.site.27, 6, 135, 141
411483.3.peg.488.site.28, 3, 141, 144
411483.3.peg.488.site.29, 3, 138, 141
411483.3.peg.488.site.30, 1, 145, 146
411483.3.peg.488.site.31, 2, 140, 142
411483.3.peg.488.site.32, 3, 142, 145
411483.3.peg.488.site.33, 1, 141, 142
411483.3.peg.488.site.34, 5, 143, 148
411483.3.peg.488.site.35, 32, 141, 173
411483.3.peg.488.site.36, 1, 145, 146
411483.3.peg.488.site.37, 2, 149, 151
411483.3.peg.488.site.38, 8, 150, 158
411483.3.peg.488.site.39, 7, 145, 152
411483.3.peg.488.site.40, 4, 144, 148
411483.3.peg.488.site.41, 147, 147, 294
411483.3.peg.488.site.42, 66, 138, 204
411483.3.peg.488.site.43, 3, 138, 141
411483.3.peg.488.site.44, 1, 133, 134
411483.3.peg.488.site.45, 3, 127, 130
411483.3.peg.488.site.46, 7, 119, 126
411483.3.peg.488.site.47, 1, 130, 131
411483.3.peg.488.site.48, 0, 126, 126
411483.3.peg.488.site.49, 49, 136, 185
411483.3.peg.488.site.50, 2, 151, 153
411483.3.peg.488.site.51, 7, 148, 155
411483.3.peg.488.site.52, 7, 152, 159
411483.3.peg.488.site.53, 9, 150, 159
411483.3.peg.488.site.54, 7, 148, 155
411483.3.peg.488.site.55, 3, 151, 154
411483.3.peg.488.site.56, 1, 148, 149
411483.3.peg.488.site.57, 2, 148, 150
411483.3.peg.488.site.58, 2, 141, 143
411483.3.peg.488.site.59, 6, 136, 142
411483.3.peg.488.site.60, 1, 131, 132
411483.3.peg.488.site.61, 0, 115, 115
411483.3.peg.488.site.62, 105, 111, 216
411483.3.peg.488.site.63, 104, 104, 208
411483.3.peg.488.site.64, 10, 97, 107
411483.3.peg.488.site.65, 3, 103, 106
411483.3.peg.488.site.66, 2, 98, 100
411483.3.peg.488.site.67, 4, 107, 111
411483.3.peg.488.site.68, 5, 107, 112
411483.3.peg.488.site.69, 2, 104, 106
411483.3.peg.488.site.70, 1, 107, 108
411483.3.peg.488.site.71, 0, 131, 131
411483.3.peg.488.site.72, 10, 141, 151
411483.3.peg.488.site.73, 18, 133, 151
411483.3.peg.488.site.74, 39, 138, 177
411483.3.peg.488.site.75, 22, 138, 160
411483.3.peg.488.site.76, 3, 144, 147
411483.3.peg.488.site.77, 7, 138, 145
411483.3.peg.488.site.78, 2, 146, 148
411483.3.peg.488.site.79, 1, 143, 144
411483.3.peg.488.site.80, 5, 146, 151
411483.3.peg.488.site.81, 33, 136, 169
411483.3.peg.488.site.82, 0, 148, 148
411483.3.peg.488.site.83, 21, 142, 163
411483.3.peg.488.site.84, 0, 150, 150
411483.3.peg.488.site.85, 22, 144, 166
411483.3.peg.488.site.86, 3, 151, 154
411483.3.peg.488.site.87, 0, 152, 152
411483.3.peg.488.site.88, 0, 152, 152
411483.3.peg.488.site.89, 8, 148, 156
411483.3.peg.488.site.90, 8, 149, 157
411483.3.peg.488.site.91, 0, 154, 154
411483.3.peg.488.site.92, 6, 150, 156
411483.3.peg.625.site.1, 8, 151, 159
411483.3.peg.625.site.2, 31, 144, 175
411483.3.peg.625.site.3, 20, 152, 172
411483.3.peg.625.site.4, 4, 155, 159
411483.3.peg.625.site.5, 5, 154, 159
411483.3.peg.625.site.6, 137, 150, 287
411483.3.peg.625.site.7, 0, 152, 152
411483.3.peg.625.site.8, 6, 152, 158
411483.3.peg.625.site.9, 8, 153, 161
411483.3.peg.625.site.10, 16, 151, 167
411483.3.peg.625.site.11, 2, 155, 157
411483.3.peg.625.site.12, 36, 145, 181
411483.3.peg.625.site.13, 8, 148, 156
411483.3.peg.625.site.14, 7, 152, 159
411483.3.peg.625.site.15, 0, 152, 152
411483.3.peg.625.site.16, 1, 153, 154
411483.3.peg.625.site.17, 6, 155, 161
411483.3.peg.625.site.18, 13, 147, 160
411483.3.peg.625.site.19, 8, 151, 159
411483.3.peg.625.site.20, 2, 148, 150
411483.3.peg.625.site.21, 9, 153, 162
411483.3.peg.625.site.22, 92, 143, 235
411483.3.peg.625.site.23, 1, 150, 151
411483.3.peg.625.site.24, 1, 152, 153
411483.3.peg.625.site.25, 1, 148, 149
411483.3.peg.625.site.26, 0, 152, 152
411483.3.peg.625.site.27, 5, 151, 156
411483.3.peg.625.site.28, 1, 151, 152
411483.3.peg.625.site.29, 0, 151, 151
411483.3.peg.625.site.30, 4, 153, 157
411483.3.peg.625.site.31, 0, 150, 150
411483.3.peg.625.site.32, 3, 150, 153
411483.3.peg.625.site.33, 2, 150, 152
411483.3.peg.625.site.34, 2, 152, 154
411483.3.peg.625.site.35, 9, 151, 160
411483.3.peg.625.site.36, 3, 154, 157
411483.3.peg.625.site.37, 8, 149, 157
411483.3.peg.625.site.38, 1, 151, 152
411483.3.peg.625.site.39, 3, 154, 157
411483.3.peg.625.site.40, 13, 140, 153
411483.3.peg.625.site.41, 8, 150, 158
411483.3.peg.625.site.42, 47, 137, 184
411483.3.peg.625.site.43, 24, 152, 176
411483.3.peg.1545.site.1, 5, 154, 159
411483.3.peg.1545.site.2, 113, 146, 259
411483.3.peg.1545.site.3, 0, 153, 153
411483.3.peg.1545.site.4, 23, 151, 174
411483.3.peg.1545.site.5, 1, 152, 153
411483.3.peg.1545.site.6, 2, 153, 155
411483.3.peg.1545.site.7, 141, 149, 290
411483.3.peg.1545.site.8, 3, 154, 157
411483.3.peg.1545.site.9, 43, 142, 185
411483.3.peg.1545.site.10, 0, 149, 149
411483.3.peg.1545.site.11, 0, 147, 147
411483.3.peg.1545.site.12, 0, 151, 151
411483.3.peg.1545.site.13, 6, 150, 156
411483.3.peg.1545.site.14, 4, 151, 155
411483.3.peg.1545.site.15, 4, 152, 156
411483.3.peg.1545.site.16, 0, 149, 149
411483.3.peg.1545.site.17, 1, 153, 154
411483.3.peg.1545.site.18, 4, 146, 150
411483.3.peg.1545.site.19, 122, 145, 267
411483.3.peg.1545.site.20, 10, 155, 165
411483.3.peg.1545.site.21, 8, 148, 156
411483.3.peg.1545.site.22, 1, 153, 154
411483.3.peg.1545.site.23, 0, 153, 153
411483.3.peg.1545.site.24, 1, 151, 152
411483.3.peg.1545.site.25, 20, 143, 163
411483.3.peg.1545.site.26, 0, 152, 152
411483.3.peg.1545.site.27, 0, 153, 153
411483.3.peg.1545.site.28, 0, 151, 151
411483.3.peg.1545.site.29, 0, 150, 150
411483.3.peg.1545.site.30, 0, 148, 148
411483.3.peg.1545.site.31, 8, 150, 158
411483.3.peg.1545.site.32, 5, 148, 153
411483.3.peg.1545.site.33, 4, 133, 137
411483.3.peg.1545.site.34, 3, 135, 138
411483.3.peg.1545.site.35, 1, 116, 117
411483.3.peg.1545.site.36, 4, 139, 143
411483.3.peg.1545.site.37, 5, 139, 144
411483.3.peg.1545.site.38, 4, 138, 142
411483.3.peg.1545.site.39, 4, 135, 139
411483.3.peg.1545.site.40, 1, 112, 113
411483.3.peg.1545.site.41, 7, 83, 90
411483.3.peg.1545.site.42, 5, 72, 77
411483.3.peg.1545.site.43, 22, 70, 92
411483.3.peg.1545.site.44, 5, 68, 73
411483.3.peg.1545.site.45, 28, 71, 99
411483.3.peg.1545.site.46, 11, 51, 62
411483.3.peg.1545.site.47, 11, 68, 79
411483.3.peg.1545.site.48, 32, 63, 95
411483.3.peg.1545.site.49, 42, 66, 108
411483.3.peg.1545.site.50, 2, 82, 84
411483.3.peg.1545.site.51, 1, 107, 108
411483.3.peg.1545.site.52, 25, 104, 129
411483.3.peg.1545.site.53, 4, 123, 127
411483.3.peg.1545.site.54, 8, 122, 130
411483.3.peg.1545.site.55, 6, 122, 128
411483.3.peg.1545.site.56, 2, 118, 120
411483.3.peg.1545.site.57, 48, 92, 140
411483.3.peg.1545.site.58, 3, 102, 105
411483.3.peg.1545.site.59, 2, 126, 128
411483.3.peg.1545.site.60, 2, 126, 128
411483.3.peg.1545.site.61, 9, 121, 130
411483.3.peg.1545.site.62, 25, 122, 147
411483.3.peg.1545.site.63, 11, 125, 136
411483.3.peg.1545.site.64, 2, 131, 133
411483.3.peg.1545.site.65, 4, 136, 140
411483.3.peg.1545.site.66, 1, 144, 145
411483.3.peg.1545.site.67, 3, 146, 149
411483.3.peg.1545.site.68, 49, 146, 195
411483.3.peg.1545.site.69, 1, 149, 150
411483.3.peg.1545.site.70, 3, 137, 140
411483.3.peg.1545.site.71, 0, 97, 97
411483.3.peg.1545.site.72, 1, 78, 79
411483.3.peg.1545.site.73, 2, 74, 76
411483.3.peg.1545.site.74, 38, 54, 92
411483.3.peg.1545.site.75, 11, 53, 64
411483.3.peg.1545.site.76, 47, 60, 107
411483.3.peg.1545.site.77, 20, 113, 133
411483.3.peg.1545.site.78, 1, 90, 91
411483.3.peg.1545.site.79, 11, 86, 97
411483.3.peg.1545.site.80, 6, 51, 57
411483.3.peg.1545.site.81, 2, 49, 51
411483.3.peg.1545.site.82, 7, 40, 47
411483.3.peg.1545.site.83, 9, 23, 32
411483.3.peg.1545.site.84, 7, 30, 37
411483.3.peg.1545.site.85, 4, 41, 45
411483.3.peg.1545.site.86, 1, 67, 68
411483.3.peg.1545.site.87, 71, 82, 153
411483.3.peg.1545.site.88, 23, 100, 123
411483.3.peg.1545.site.89, 32, 114, 146
411483.3.peg.1545.site.90, 6, 130, 136
411483.3.peg.1545.site.91, 1, 127, 128
411483.3.peg.1545.site.92, 7, 137, 144
411483.3.peg.1545.site.93, 19, 143, 162
411483.3.peg.1545.site.94, 15, 146, 161
411483.3.peg.1544.site.1, 76, 134, 210
411483.3.peg.1544.site.2, 14, 139, 153
411483.3.peg.1544.site.3, 1, 146, 147
411483.3.peg.1544.site.4, 1, 146, 147
411483.3.peg.1544.site.5, 11, 142, 153
411483.3.peg.1544.site.6, 9, 142, 151
411483.3.peg.1544.site.7, 2, 146, 148
411483.3.peg.1544.site.8, 4, 144, 148
411483.3.peg.1544.site.9, 1, 154, 155
411483.3.peg.1544.site.10, 3, 155, 158
411483.3.peg.1544.site.11, 24, 148, 172
411483.3.peg.1544.site.12, 2, 155, 157
411483.3.peg.1544.site.13, 0, 154, 154
411483.3.peg.1544.site.14, 0, 154, 154
411483.3.peg.1544.site.15, 3, 152, 155
411483.3.peg.1544.site.16, 5, 152, 157
411483.3.peg.1544.site.17, 8, 148, 156
411483.3.peg.1544.site.18, 2, 154, 156
411483.3.peg.1544.site.19, 1, 155, 156
411483.3.peg.1544.site.20, 124, 146, 270
411483.3.peg.1544.site.21, 2, 154, 156
411483.3.peg.1544.site.22, 2, 154, 156
411483.3.peg.1544.site.23, 153, 154, 307
411483.3.peg.1544.site.24, 3, 154, 157
411483.3.peg.1544.site.25, 0, 153, 153
411483.3.peg.1544.site.26, 65, 144, 209
411483.3.peg.1544.site.27, 3, 152, 155
411483.3.peg.1544.site.28, 0, 150, 150
411483.3.peg.1544.site.29, 5, 153, 158
411483.3.peg.1544.site.30, 116, 147, 263
411483.3.peg.1544.site.31, 5, 148, 153
411483.3.peg.1544.site.32, 10, 148, 158
411483.3.peg.1544.site.33, 2, 151, 153
411483.3.peg.1544.site.34, 12, 149, 161
411483.3.peg.1544.site.35, 0, 152, 152
411483.3.peg.1544.site.36, 9, 152, 161
411483.3.peg.1544.site.37, 8, 153, 161
411483.3.peg.1544.site.38, 65, 143, 208
411483.3.peg.1544.site.39, 4, 154, 158
411483.3.peg.1544.site.40, 18, 147, 165
411483.3.peg.1544.site.41, 2, 154, 156
411483.3.peg.1544.site.42, 2, 155, 157
411483.3.peg.1544.site.43, 2, 151, 153
411483.3.peg.1544.site.44, 0, 151, 151
411483.3.peg.1544.site.45, 51, 140, 191
411483.3.peg.1544.site.46, 3, 150, 153
411483.3.peg.1544.site.47, 87, 143, 230
411483.3.peg.1544.site.48, 17, 143, 160
411483.3.peg.1544.site.49, 152, 152, 304
411483.3.peg.1544.site.50, 92, 146, 238
411483.3.peg.1544.site.51, 2, 151, 153
411483.3.peg.1544.site.52, 32, 142, 174
411483.3.peg.1544.site.53, 1, 149, 150
411483.3.peg.1544.site.54, 3, 148, 151
411483.3.peg.1544.site.55, 8, 149, 157
411483.3.peg.1544.site.56, 0, 150, 150
411483.3.peg.1544.site.57, 2, 152, 154
411483.3.peg.1544.site.58, 3, 152, 155
411483.3.peg.1544.site.59, 19, 145, 164
411483.3.peg.1544.site.60, 8, 153, 161
411483.3.peg.1544.site.61, 1, 154, 155
411483.3.peg.1544.site.62, 20, 144, 164
411483.3.peg.1544.site.63, 1, 153, 154
411483.3.peg.1544.site.64, 7, 154, 161
411483.3.peg.1544.site.65, 2, 155, 157
411483.3.peg.1544.site.66, 4, 148, 152
411483.3.peg.1544.site.67, 2, 133, 135
411483.3.peg.1544.site.68, 6, 137, 143
411483.3.peg.1544.site.69, 5, 139, 144
411483.3.peg.1544.site.70, 137, 142, 279
411483.3.peg.1544.site.71, 3, 139, 142
411483.3.peg.1544.site.72, 60, 140, 200
411483.3.peg.1544.site.73, 0, 150, 150
411483.3.peg.1544.site.74, 5, 149, 154
411483.3.peg.1544.site.75, 143, 151, 294
411483.3.peg.1544.site.76, 149, 152, 301
411483.3.peg.1544.site.77, 2, 152, 154
411483.3.peg.1544.site.78, 41, 138, 179
411483.3.peg.1544.site.79, 2, 150, 152
411483.3.peg.1544.site.80, 2, 151, 153
411483.3.peg.1544.site.81, 44, 140, 184
411483.3.peg.1544.site.82, 4, 149, 153
411483.3.peg.1544.site.83, 2, 148, 150
411483.3.peg.1544.site.84, 0, 140, 140
411483.3.peg.1544.site.85, 22, 132, 154
411483.3.peg.1544.site.86, 21, 117, 138
411483.3.peg.1544.site.87, 44, 112, 156
411483.3.peg.1544.site.88, 54, 111, 165
411483.3.peg.1544.site.89, 2, 119, 121
411483.3.peg.1544.site.90, 5, 112, 117
411483.3.peg.1544.site.91, 73, 110, 183
411483.3.peg.1544.site.92, 97, 115, 212
411483.3.peg.1544.site.93, 23, 115, 138
411483.3.peg.1544.site.94, 3, 140, 143
411483.3.peg.1544.site.95, 12, 135, 147
411483.3.peg.1544.site.96, 4, 149, 153
411483.3.peg.1544.site.97, 5, 149, 154
411483.3.peg.1544.site.98, 5, 148, 153
411483.3.peg.1544.site.99, 2, 152, 154
411483.3.peg.1544.site.100, 4, 153, 157
411483.3.peg.1544.site.101, 2, 153, 155
411483.3.peg.1544.site.102, 1, 152, 153
411483.3.peg.1544.site.103, 7, 154, 161
411483.3.peg.1544.site.104, 5, 152, 157
411483.3.peg.1544.site.105, 1, 153, 154
411483.3.peg.1544.site.106, 1, 152, 153
411483.3.peg.1544.site.107, 4, 150, 154
411483.3.peg.1544.site.108, 0, 150, 150
411483.3.peg.1544.site.109, 3, 153, 156
411483.3.peg.1544.site.110, 3, 153, 156
411483.3.peg.1544.site.111, 56, 143, 199
411483.3.peg.1544.site.112, 2, 152, 154
411483.3.peg.1544.site.113, 5, 151, 156
411483.3.peg.1544.site.114, 0, 153, 153
411483.3.peg.1544.site.115, 2, 154, 156
411483.3.peg.621.site.1, 4, 145, 149
411483.3.peg.621.site.2, 2, 148, 150
411483.3.peg.621.site.3, 1, 144, 145
411483.3.peg.621.site.4, 0, 141, 141
411483.3.peg.621.site.5, 39, 130, 169
411483.3.peg.621.site.6, 2, 143, 145
411483.3.peg.621.site.7, 1, 145, 146
411483.3.peg.621.site.8, 4, 114, 118
411483.3.peg.621.site.9, 4, 102, 106
411483.3.peg.621.site.10, 2, 135, 137
411483.3.peg.621.site.11, 1, 133, 134
411483.3.peg.621.site.12, 1, 136, 137
411483.3.peg.621.site.13, 10, 134, 144
411483.3.peg.621.site.14, 5, 134, 139
411483.3.peg.621.site.15, 1, 111, 112
411483.3.peg.621.site.16, 10, 96, 106
411483.3.peg.621.site.17, 1, 96, 97
411483.3.peg.621.site.18, 7, 112, 119
411483.3.peg.621.site.19, 6, 104, 110
411483.3.peg.621.site.20, 9, 109, 118
411483.3.peg.621.site.21, 5, 118, 123
411483.3.peg.621.site.22, 3, 127, 130
411483.3.peg.621.site.23, 24, 126, 150
411483.3.peg.621.site.24, 2, 132, 134
411483.3.peg.621.site.25, 129, 134, 263
411483.3.peg.621.site.26, 58, 126, 184
411483.3.peg.621.site.27, 1, 142, 143
411483.3.peg.621.site.28, 1, 144, 145
411483.3.peg.621.site.29, 1, 140, 141
411483.3.peg.621.site.30, 0, 139, 139
411483.3.peg.621.site.31, 1, 139, 140
411483.3.peg.621.site.32, 1, 140, 141
411483.3.peg.621.site.33, 2, 143, 145
411483.3.peg.621.site.34, 51, 131, 182
411483.3.peg.621.site.35, 0, 144, 144
411483.3.peg.621.site.36, 59, 136, 195
411483.3.peg.621.site.37, 2, 146, 148
411483.3.peg.621.site.38, 44, 139, 183
411483.3.peg.621.site.39, 0, 143, 143
411483.3.peg.621.site.40, 68, 131, 199
411483.3.peg.621.site.41, 145, 148, 293
411483.3.peg.621.site.42, 17, 147, 164
411483.3.peg.621.site.43, 7, 146, 153
411483.3.peg.621.site.44, 1, 148, 149
411483.3.peg.621.site.45, 2, 151, 153
411483.3.peg.621.site.46, 16, 146, 162
411483.3.peg.621.site.47, 137, 149, 286
411483.3.peg.621.site.48, 11, 145, 156
411483.3.peg.621.site.49, 6, 153, 159
411483.3.peg.621.site.50, 1, 154, 155
411483.3.peg.621.site.51, 103, 145, 248
411483.3.peg.621.site.52, 1, 152, 153
411483.3.peg.621.site.53, 2, 152, 154
411483.3.peg.621.site.54, 1, 152, 153
411483.3.peg.621.site.55, 2, 152, 154
411483.3.peg.621.site.56, 22, 147, 169
411483.3.peg.621.site.57, 1, 153, 154
411483.3.peg.621.site.58, 20, 151, 171
411483.3.peg.621.site.59, 10, 149, 159
411483.3.peg.621.site.60, 13, 147, 160
411483.3.peg.621.site.61, 0, 147, 147
411483.3.peg.621.site.62, 5, 148, 153
411483.3.peg.621.site.63, 2, 149, 151
411483.3.peg.621.site.64, 1, 154, 155
411483.3.peg.621.site.65, 5, 151, 156
411483.3.peg.621.site.66, 2, 151, 153
411483.3.peg.621.site.67, 1, 152, 153
411483.3.peg.621.site.68, 3, 153, 156
411483.3.peg.621.site.69, 3, 154, 157
411483.3.peg.622.site.1, 118, 147, 265
411483.3.peg.622.site.2, 0, 153, 153
411483.3.peg.622.site.3, 3, 153, 156
411483.3.peg.622.site.4, 10, 151, 161
411483.3.peg.622.site.5, 19, 152, 171
411483.3.peg.622.site.6, 3, 153, 156
411483.3.peg.622.site.7, 153, 154, 307
411483.3.peg.622.site.8, 1, 155, 156
411483.3.peg.622.site.9, 7, 150, 157
411483.3.peg.622.site.10, 3, 153, 156
411483.3.peg.622.site.11, 55, 145, 200
411483.3.peg.622.site.12, 0, 154, 154
411483.3.peg.622.site.13, 0, 152, 152
411483.3.peg.622.site.14, 1, 155, 156
411483.3.peg.622.site.15, 8, 149, 157
411483.3.peg.622.site.16, 5, 148, 153
411483.3.peg.622.site.17, 9, 147, 156
411483.3.peg.622.site.18, 1, 150, 151
411483.3.peg.622.site.19, 1, 152, 153
411483.3.peg.622.site.20, 0, 150, 150
411483.3.peg.622.site.21, 4, 151, 155
411483.3.peg.622.site.22, 2, 150, 152
411483.3.peg.622.site.23, 8, 151, 159
411483.3.peg.622.site.24, 1, 152, 153
411483.3.peg.622.site.25, 6, 154, 160
411483.3.peg.622.site.26, 0, 153, 153
411483.3.peg.622.site.27, 4, 153, 157
411483.3.peg.622.site.28, 0, 154, 154
411483.3.peg.622.site.29, 3, 153, 156
411483.3.peg.622.site.30, 5, 150, 155
411483.3.peg.622.site.31, 7, 133, 140
411483.3.peg.622.site.32, 21, 129, 150
411483.3.peg.622.site.33, 64, 77, 141
411483.3.peg.1540.site.1, 0, 137, 137
411483.3.peg.1540.site.2, 2, 143, 145
411483.3.peg.1540.site.3, 2, 147, 149
411483.3.peg.1540.site.4, 18, 129, 147
411483.3.peg.1540.site.5, 1, 141, 142
411483.3.peg.1540.site.6, 3, 138, 141
411483.3.peg.1540.site.7, 9, 136, 145
411483.3.peg.1540.site.8, 105, 134, 239
411483.3.peg.1540.site.9, 5, 141, 146
411483.3.peg.1540.site.10, 3, 129, 132
411483.3.peg.1540.site.11, 3, 138, 141
411483.3.peg.1540.site.12, 2, 139, 141
411483.3.peg.1540.site.13, 55, 132, 187
411483.3.peg.1540.site.14, 56, 127, 183
411483.3.peg.1540.site.15, 5, 142, 147
411483.3.peg.1540.site.16, 2, 138, 140
411483.3.peg.1540.site.17, 3, 136, 139
411483.3.peg.1540.site.18, 8, 129, 137
411483.3.peg.1540.site.19, 1, 132, 133
411483.3.peg.1540.site.20, 33, 132, 165
411483.3.peg.1540.site.21, 10, 130, 140
411483.3.peg.1540.site.22, 15, 128, 143
411483.3.peg.1540.site.23, 89, 123, 212
411483.3.peg.1540.site.24, 47, 123, 170
411483.3.peg.1540.site.25, 5, 140, 145
411483.3.peg.1540.site.26, 3, 136, 139
411483.3.peg.1540.site.27, 10, 120, 130
411483.3.peg.1540.site.28, 9, 139, 148
411483.3.peg.1540.site.29, 3, 137, 140
411483.3.peg.1540.site.30, 4, 142, 146
411483.3.peg.1540.site.31, 39, 130, 169
411483.3.peg.1540.site.32, 1, 140, 141
411483.3.peg.1540.site.33, 138, 138, 276
411483.3.peg.1540.site.34, 1, 129, 130
411483.3.peg.1540.site.35, 7, 130, 137
411483.3.peg.1540.site.36, 0, 120, 120
411483.3.peg.1540.site.37, 15, 122, 137
411483.3.peg.1540.site.38, 2, 110, 112
411483.3.peg.1540.site.39, 7, 130, 137
411483.3.peg.1540.site.40, 1, 140, 141
411483.3.peg.1540.site.41, 0, 141, 141
411483.3.peg.1540.site.42, 3, 144, 147
411483.3.peg.1540.site.43, 4, 146, 150
411483.3.peg.1540.site.44, 3, 148, 151
411483.3.peg.1540.site.45, 17, 145, 162
411483.3.peg.1540.site.46, 21, 141, 162
411483.3.peg.1540.site.47, 121, 146, 267
411483.3.peg.1540.site.48, 119, 143, 262
411483.3.peg.1540.site.49, 0, 148, 148
411483.3.peg.1540.site.50, 1, 150, 151
411483.3.peg.1540.site.51, 1, 149, 150
411483.3.peg.1540.site.52, 4, 150, 154
411483.3.peg.1540.site.53, 11, 151, 162
411483.3.peg.1540.site.54, 4, 148, 152
411483.3.peg.1540.site.55, 5, 150, 155
411483.3.peg.544.site.1, 47, 141, 188
411483.3.peg.544.site.2, 6, 152, 158
411483.3.peg.544.site.3, 3, 154, 157
411483.3.peg.544.site.4, 122, 143, 265
411483.3.peg.544.site.5, 83, 129, 212
411483.3.peg.544.site.6, 9, 138, 147
411483.3.peg.544.site.7, 2, 133, 135
411483.3.peg.544.site.8, 1, 113, 114
411483.3.peg.544.site.9, 3, 88, 91
411483.3.peg.544.site.10, 6, 133, 139
411483.3.peg.544.site.11, 1, 146, 147
411483.3.peg.544.site.12, 5, 147, 152
411483.3.peg.544.site.13, 4, 149, 153
411483.3.peg.544.site.14, 0, 147, 147
411483.3.peg.544.site.15, 11, 149, 160
411483.3.peg.544.site.16, 2, 155, 157
411483.3.peg.544.site.17, 3, 155, 158
411483.3.peg.544.site.18, 2, 152, 154
411483.3.peg.544.site.19, 16, 150, 166
411483.3.peg.544.site.20, 21, 148, 169
411483.3.peg.544.site.21, 3, 153, 156
411483.3.peg.544.site.22, 2, 149, 151
411483.3.peg.544.site.23, 7, 149, 156
411483.3.peg.544.site.24, 1, 152, 153
411483.3.peg.544.site.25, 2, 149, 151
411483.3.peg.544.site.26, 3, 136, 139
411483.3.peg.544.site.27, 103, 122, 225
411483.3.peg.544.site.28, 106, 122, 228
411483.3.peg.544.site.29, 106, 121, 227
411483.3.peg.544.site.30, 112, 130, 242
411483.3.peg.544.site.31, 74, 134, 208
411483.3.peg.544.site.32, 14, 147, 161
411483.3.peg.544.site.33, 2, 155, 157
411483.3.peg.544.site.34, 4, 152, 156
411483.3.peg.544.site.35, 4, 153, 157
411483.3.peg.544.site.36, 3, 153, 156
411483.3.peg.544.site.37, 12, 150, 162
411483.3.peg.544.site.38, 2, 154, 156
411483.3.peg.544.site.39, 0, 153, 153
411483.3.peg.544.site.40, 5, 150, 155
411483.3.peg.544.site.41, 1, 155, 156
411483.3.peg.544.site.42, 2, 155, 157
411483.3.peg.544.site.43, 3, 155, 158
411483.3.peg.544.site.44, 6, 155, 161
411483.3.peg.544.site.45, 3, 155, 158
411483.3.peg.544.site.46, 15, 149, 164
411483.3.peg.544.site.47, 0, 153, 153
411483.3.peg.544.site.48, 1, 153, 154
411483.3.peg.544.site.49, 6, 150, 156
411483.3.peg.544.site.50, 139, 146, 285
411483.3.peg.544.site.51, 1, 152, 153
411483.3.peg.544.site.52, 3, 153, 156
411483.3.peg.544.site.53, 4, 154, 158
411483.3.peg.544.site.54, 7, 153, 160
411483.3.peg.544.site.55, 7, 149, 156
411483.3.peg.544.site.56, 2, 148, 150
411483.3.peg.544.site.57, 4, 140, 144
411483.3.peg.544.site.58, 0, 150, 150
411483.3.peg.544.site.59, 1, 150, 151
411483.3.peg.544.site.60, 0, 153, 153
411483.3.peg.544.site.61, 2, 151, 153
411483.3.peg.544.site.62, 78, 147, 225
411483.3.peg.544.site.63, 1, 155, 156
411483.3.peg.544.site.64, 6, 150, 156
411483.3.peg.544.site.65, 0, 153, 153
411483.3.peg.544.site.66, 2, 153, 155
411483.3.peg.544.site.67, 1, 154, 155
411483.3.peg.544.site.68, 3, 154, 157
411483.3.peg.544.site.69, 7, 151, 158
411483.3.peg.544.site.70, 0, 154, 154
411483.3.peg.544.site.71, 3, 155, 158
411483.3.peg.544.site.72, 0, 153, 153
411483.3.peg.544.site.73, 6, 152, 158
411483.3.peg.544.site.74, 2, 153, 155
411483.3.peg.544.site.75, 10, 154, 164
411483.3.peg.544.site.76, 8, 152, 160
411483.3.peg.544.site.77, 3, 152, 155
411483.3.peg.544.site.78, 6, 151, 157
411483.3.peg.544.site.79, 10, 150, 160
411483.3.peg.544.site.80, 0, 154, 154
411483.3.peg.544.site.81, 0, 154, 154
411483.3.peg.544.site.82, 1, 155, 156
411483.3.peg.544.site.83, 0, 154, 154
411483.3.peg.544.site.84, 1, 151, 152
411483.3.peg.544.site.85, 53, 147, 200
411483.3.peg.544.site.86, 2, 154, 156
411483.3.peg.544.site.87, 4, 154, 158
411483.3.peg.544.site.88, 10, 153, 163
411483.3.peg.544.site.89, 1, 155, 156
411483.3.peg.544.site.90, 1, 155, 156
411483.3.peg.547.site.1, 1, 147, 148
411483.3.peg.547.site.2, 0, 148, 148
411483.3.peg.547.site.3, 26, 136, 162
411483.3.peg.547.site.4, 1, 144, 145
411483.3.peg.547.site.5, 6, 142, 148
411483.3.peg.547.site.6, 6, 143, 149
411483.3.peg.547.site.7, 32, 130, 162
411483.3.peg.547.site.8, 0, 135, 135
411483.3.peg.547.site.9, 15, 134, 149
411483.3.peg.547.site.10, 1, 138, 139
411483.3.peg.547.site.11, 0, 145, 145
411483.3.peg.547.site.12, 5, 144, 149
411483.3.peg.547.site.13, 0, 140, 140
411483.3.peg.547.site.14, 0, 146, 146
411483.3.peg.547.site.15, 1, 139, 140
411483.3.peg.547.site.16, 0, 133, 133
411483.3.peg.547.site.17, 9, 131, 140
411483.3.peg.547.site.18, 1, 132, 133
411483.3.peg.547.site.19, 79, 121, 200
411483.3.peg.547.site.20, 1, 123, 124
411483.3.peg.547.site.21, 0, 134, 134
411483.3.peg.547.site.22, 0, 134, 134
411483.3.peg.547.site.23, 1, 139, 140
411483.3.peg.547.site.24, 7, 139, 146
411483.3.peg.547.site.25, 3, 142, 145
411483.3.peg.547.site.26, 2, 144, 146
411483.3.peg.547.site.27, 3, 144, 147
411483.3.peg.547.site.28, 15, 144, 159
411483.3.peg.547.site.29, 1, 138, 139
411483.3.peg.547.site.30, 114, 133, 247
411483.3.peg.547.site.31, 4, 138, 142
411483.3.peg.547.site.32, 8, 131, 139
411483.3.peg.547.site.33, 4, 110, 114
411483.3.peg.547.site.34, 1, 99, 100
411483.3.peg.547.site.35, 1, 108, 109
411483.3.peg.547.site.36, 1, 104, 105
411483.3.peg.547.site.37, 1, 103, 104
411483.3.peg.547.site.38, 59, 104, 163
411483.3.peg.547.site.39, 1, 123, 124
411483.3.peg.547.site.40, 9, 126, 135
411483.3.peg.547.site.41, 1, 126, 127
411483.3.peg.547.site.42, 17, 120, 137
411483.3.peg.547.site.43, 11, 136, 147
411483.3.peg.547.site.44, 3, 127, 130
411483.3.peg.547.site.45, 1, 135, 136
411483.3.peg.547.site.46, 1, 146, 147
411483.3.peg.547.site.47, 5, 142, 147
411483.3.peg.547.site.48, 0, 134, 134
411483.3.peg.547.site.49, 2, 124, 126
411483.3.peg.547.site.50, 1, 113, 114
411483.3.peg.547.site.51, 97, 102, 199
411483.3.peg.547.site.52, 2, 116, 118
411483.3.peg.547.site.53, 1, 129, 130
411483.3.peg.547.site.54, 2, 129, 131
411483.3.peg.547.site.55, 10, 133, 143
411483.3.peg.547.site.56, 2, 132, 134
411483.3.peg.547.site.57, 39, 132, 171
411483.3.peg.547.site.58, 50, 133, 183
411483.3.peg.547.site.59, 1, 141, 142
411483.3.peg.547.site.60, 1, 145, 146
411483.3.peg.547.site.61, 1, 153, 154
411483.3.peg.547.site.62, 3, 155, 158
411483.3.peg.547.site.63, 1, 152, 153
411483.3.peg.547.site.64, 0, 149, 149
411483.3.peg.547.site.65, 4, 153, 157
411483.3.peg.547.site.66, 2, 155, 157
411483.3.peg.547.site.67, 5, 150, 155
411483.3.peg.547.site.68, 0, 153, 153
411483.3.peg.547.site.69, 0, 154, 154
411483.3.peg.547.site.70, 0, 153, 153
411483.3.peg.547.site.71, 14, 151, 165
411483.3.peg.547.site.72, 0, 155, 155
411483.3.peg.547.site.73, 2, 155, 157
411483.3.peg.547.site.74, 1, 154, 155
411483.3.peg.547.site.75, 0, 155, 155
411483.3.peg.547.site.76, 0, 154, 154
411483.3.peg.547.site.77, 1, 154, 155
411483.3.peg.547.site.78, 0, 153, 153
411483.3.peg.710.site.1, 1, 147, 148
411483.3.peg.710.site.2, 114, 131, 245
411483.3.peg.710.site.3, 92, 133, 225
411483.3.peg.710.site.4, 1, 147, 148
411483.3.peg.710.site.5, 3, 151, 154
411483.3.peg.710.site.6, 2, 151, 153
411483.3.peg.710.site.7, 4, 149, 153
411483.3.peg.710.site.8, 1, 150, 151
411483.3.peg.710.site.9, 1, 153, 154
411483.3.peg.710.site.10, 4, 150, 154
411483.3.peg.710.site.11, 1, 133, 134
411483.3.peg.710.site.12, 14, 130, 144
411483.3.peg.710.site.13, 2, 134, 136
411483.3.peg.710.site.14, 1, 130, 131
411483.3.peg.710.site.15, 7, 131, 138
411483.3.peg.710.site.16, 12, 129, 141
411483.3.peg.710.site.17, 6, 128, 134
411483.3.peg.710.site.18, 27, 126, 153
411483.3.peg.710.site.19, 86, 124, 210
411483.3.peg.710.site.20, 11, 119, 130
411483.3.peg.710.site.21, 7, 117, 124
411483.3.peg.710.site.22, 4, 127, 131
411483.3.peg.710.site.23, 4, 119, 123
411483.3.peg.710.site.24, 2, 108, 110
411483.3.peg.710.site.25, 1, 120, 121
411483.3.peg.710.site.26, 2, 110, 112
411483.3.peg.710.site.27, 31, 88, 119
411483.3.peg.710.site.28, 22, 119, 141
411483.3.peg.710.site.29, 6, 137, 143
411483.3.peg.710.site.30, 50, 122, 172
411483.3.peg.710.site.31, 12, 140, 152
411483.3.peg.710.site.32, 1, 142, 143
411483.3.peg.710.site.33, 1, 147, 148
411483.3.peg.710.site.34, 1, 153, 154
411483.3.peg.710.site.35, 11, 147, 158
411483.3.peg.710.site.36, 0, 153, 153
411483.3.peg.710.site.37, 0, 147, 147
411483.3.peg.710.site.38, 5, 149, 154
411483.3.peg.710.site.39, 4, 147, 151
411483.3.peg.710.site.40, 1, 146, 147
411483.3.peg.710.site.41, 2, 142, 144
411483.3.peg.710.site.42, 11, 139, 150
411483.3.peg.710.site.43, 1, 123, 124
411483.3.peg.710.site.44, 1, 127, 128
411483.3.peg.710.site.45, 103, 120, 223
411483.3.peg.710.site.46, 5, 137, 142
411483.3.peg.710.site.47, 5, 128, 133
411483.3.peg.710.site.48, 4, 135, 139
411483.3.peg.710.site.49, 6, 132, 138
411483.3.peg.710.site.50, 1, 138, 139
411483.3.peg.710.site.51, 59, 128, 187
411483.3.peg.710.site.52, 6, 146, 152
411483.3.peg.710.site.53, 1, 146, 147
411483.3.peg.710.site.54, 1, 146, 147
411483.3.peg.710.site.55, 17, 140, 157
411483.3.peg.710.site.56, 0, 146, 146
411483.3.peg.712.site.1, 5, 153, 158
411483.3.peg.712.site.2, 2, 155, 157
411483.3.peg.712.site.3, 0, 153, 153
411483.3.peg.712.site.4, 1, 153, 154
411483.3.peg.712.site.5, 0, 151, 151
411483.3.peg.712.site.6, 4, 150, 154
411483.3.peg.712.site.7, 3, 153, 156
411483.3.peg.712.site.8, 0, 153, 153
411483.3.peg.712.site.9, 4, 151, 155
411483.3.peg.712.site.10, 0, 148, 148
411483.3.peg.712.site.11, 2, 150, 152
411483.3.peg.712.site.12, 30, 140, 170
411483.3.peg.712.site.13, 1, 146, 147
411483.3.peg.712.site.14, 2, 149, 151
411483.3.peg.712.site.15, 2, 147, 149
411483.3.peg.712.site.16, 7, 145, 152
411483.3.peg.712.site.17, 1, 151, 152
411483.3.peg.712.site.18, 1, 154, 155
411483.3.peg.712.site.19, 0, 150, 150
411483.3.peg.712.site.20, 2, 151, 153
411483.3.peg.712.site.21, 1, 152, 153
411483.3.peg.712.site.22, 1, 155, 156
411483.3.peg.712.site.23, 1, 152, 153
411483.3.peg.712.site.24, 9, 151, 160
411483.3.peg.712.site.25, 3, 155, 158
411483.3.peg.712.site.26, 6, 150, 156
411483.3.peg.712.site.27, 32, 142, 174
411483.3.peg.712.site.28, 3, 144, 147
411483.3.peg.712.site.29, 2, 142, 144
411483.3.peg.712.site.30, 132, 137, 269
411483.3.peg.712.site.31, 3, 137, 140
411483.3.peg.546.site.1, 13, 146, 159
411483.3.peg.546.site.2, 0, 152, 152
411483.3.peg.546.site.3, 3, 153, 156
411483.3.peg.546.site.4, 152, 153, 305
411483.3.peg.546.site.5, 0, 154, 154
411483.3.peg.546.site.6, 1, 154, 155
411483.3.peg.546.site.7, 9, 151, 160
411483.3.peg.546.site.8, 0, 150, 150
411483.3.peg.546.site.9, 2, 153, 155
411483.3.peg.546.site.10, 1, 155, 156
411483.3.peg.546.site.11, 3, 154, 157
411483.3.peg.546.site.12, 32, 149, 181
411483.3.peg.546.site.13, 6, 152, 158
411483.3.peg.546.site.14, 49, 142, 191
411483.3.peg.546.site.15, 15, 147, 162
411483.3.peg.546.site.16, 1, 150, 151
411483.3.peg.546.site.17, 4, 139, 143
411483.3.peg.546.site.18, 12, 143, 155
411483.3.peg.546.site.19, 1, 146, 147
411483.3.peg.546.site.20, 20, 135, 155
411483.3.peg.546.site.21, 1, 137, 138
411483.3.peg.546.site.22, 5, 147, 152
411483.3.peg.546.site.23, 2, 152, 154
411483.3.peg.546.site.24, 1, 153, 154
411483.3.peg.546.site.25, 0, 153, 153
411483.3.peg.546.site.26, 4, 151, 155
411483.3.peg.546.site.27, 49, 146, 195
411483.3.peg.546.site.28, 46, 153, 199
411483.3.peg.546.site.29, 0, 155, 155
411483.3.peg.546.site.30, 6, 151, 157
411483.3.peg.546.site.31, 0, 149, 149
411483.3.peg.546.site.32, 1, 149, 150
411483.3.peg.546.site.33, 3, 152, 155
411483.3.peg.546.site.34, 1, 150, 151
411483.3.peg.546.site.35, 3, 147, 150
411483.3.peg.546.site.36, 24, 146, 170
411483.3.peg.546.site.37, 9, 150, 159
411483.3.peg.546.site.38, 10, 146, 156
411483.3.peg.546.site.39, 16, 142, 158
411483.3.peg.546.site.40, 0, 145, 145
411483.3.peg.546.site.41, 2, 150, 152
411483.3.peg.546.site.42, 5, 151, 156
411483.3.peg.546.site.43, 19, 147, 166
411483.3.peg.546.site.44, 0, 152, 152
411483.3.peg.546.site.45, 7, 154, 161
411483.3.peg.546.site.46, 4, 151, 155
411483.3.peg.546.site.47, 2, 150, 152
411483.3.peg.546.site.48, 0, 150, 150
411483.3.peg.714.site.1, 6, 155, 161
411483.3.peg.714.site.2, 3, 155, 158
411483.3.peg.714.site.3, 2, 151, 153
411483.3.peg.714.site.4, 54, 145, 199
411483.3.peg.714.site.5, 0, 153, 153
411483.3.peg.714.site.6, 19, 145, 164
411483.3.peg.714.site.7, 29, 147, 176
411483.3.peg.714.site.8, 5, 150, 155
411483.3.peg.714.site.9, 23, 147, 170
411483.3.peg.714.site.10, 19, 144, 163
411483.3.peg.714.site.11, 3, 150, 153
411483.3.peg.714.site.12, 1, 153, 154
411483.3.peg.714.site.13, 1, 152, 153
411483.3.peg.714.site.14, 6, 151, 157
411483.3.peg.714.site.15, 1, 152, 153
411483.3.peg.714.site.16, 11, 145, 156
411483.3.peg.714.site.17, 45, 138, 183
411483.3.peg.714.site.18, 0, 150, 150
411483.3.peg.714.site.19, 1, 152, 153
411483.3.peg.714.site.20, 6, 150, 156
411483.3.peg.714.site.21, 7, 151, 158
411483.3.peg.714.site.22, 11, 149, 160
411483.3.peg.714.site.23, 7, 150, 157
411483.3.peg.714.site.24, 150, 152, 302
411483.3.peg.714.site.25, 1, 150, 151
411483.3.peg.714.site.26, 148, 153, 301
411483.3.peg.714.site.27, 58, 138, 196
411483.3.peg.714.site.28, 1, 147, 148
411483.3.peg.714.site.29, 2, 144, 146
411483.3.peg.714.site.30, 146, 147, 293
411483.3.peg.714.site.31, 3, 149, 152
411483.3.peg.714.site.32, 0, 149, 149
411483.3.peg.714.site.33, 12, 148, 160
411483.3.peg.714.site.34, 5, 151, 156
411483.3.peg.714.site.35, 3, 152, 155
411483.3.peg.714.site.36, 1, 149, 150
411483.3.peg.714.site.37, 37, 141, 178
411483.3.peg.714.site.38, 14, 146, 160
411483.3.peg.714.site.39, 2, 145, 147
411483.3.peg.714.site.40, 0, 141, 141
411483.3.peg.714.site.41, 7, 143, 150
411483.3.peg.714.site.42, 0, 139, 139
411483.3.peg.714.site.43, 0, 138, 138
411483.3.peg.714.site.44, 44, 123, 167
411483.3.peg.714.site.45, 1, 141, 142
411483.3.peg.714.site.46, 24, 141, 165
411483.3.peg.714.site.47, 0, 146, 146
411483.3.peg.714.site.48, 0, 143, 143
411483.3.peg.714.site.49, 0, 143, 143
411483.3.peg.714.site.50, 5, 135, 140
411483.3.peg.714.site.51, 6, 140, 146
411483.3.peg.714.site.52, 5, 140, 145
411483.3.peg.714.site.53, 3, 134, 137
411483.3.peg.714.site.54, 0, 136, 136
411483.3.peg.714.site.55, 1, 133, 134
411483.3.peg.714.site.56, 4, 147, 151
411483.3.peg.714.site.57, 3, 145, 148
411483.3.peg.714.site.58, 5, 140, 145
411483.3.peg.714.site.59, 12, 137, 149
411483.3.peg.714.site.60, 7, 143, 150
411483.3.peg.714.site.61, 1, 141, 142
411483.3.peg.714.site.62, 0, 138, 138
411483.3.peg.714.site.63, 9, 141, 150
411483.3.peg.714.site.64, 2, 149, 151
411483.3.peg.714.site.65, 0, 149, 149
411483.3.peg.716.site.1, 6, 150, 156
411483.3.peg.716.site.2, 11, 145, 156
411483.3.peg.716.site.3, 0, 146, 146
411483.3.peg.716.site.4, 12, 151, 163
411483.3.peg.716.site.5, 2, 150, 152
411483.3.peg.716.site.6, 1, 153, 154
411483.3.peg.716.site.7, 1, 150, 151
411483.3.peg.716.site.8, 11, 151, 162
411483.3.peg.716.site.9, 15, 148, 163
411483.3.peg.716.site.10, 2, 152, 154
411483.3.peg.716.site.11, 19, 143, 162
411483.3.peg.716.site.12, 6, 147, 153
411483.3.peg.716.site.13, 2, 154, 156
411483.3.peg.716.site.14, 3, 152, 155
411483.3.peg.716.site.15, 3, 148, 151
411483.3.peg.716.site.16, 4, 151, 155
411483.3.peg.716.site.17, 1, 146, 147
411483.3.peg.716.site.18, 3, 143, 146
411483.3.peg.716.site.19, 2, 127, 129
411483.3.peg.716.site.20, 2, 134, 136
411483.3.peg.716.site.21, 80, 126, 206
411483.3.peg.716.site.22, 2, 142, 144
411483.3.peg.716.site.23, 1, 142, 143
411483.3.peg.716.site.24, 10, 142, 152
411483.3.peg.716.site.25, 0, 149, 149
411483.3.peg.716.site.26, 4, 150, 154
411483.3.peg.716.site.27, 25, 147, 172
411483.3.peg.716.site.28, 119, 140, 259
411483.3.peg.716.site.29, 1, 148, 149
411483.3.peg.716.site.30, 2, 145, 147
411483.3.peg.716.site.31, 3, 145, 148
411483.3.peg.716.site.32, 3, 144, 147
411483.3.peg.716.site.33, 21, 141, 162
411483.3.peg.716.site.34, 2, 147, 149
411483.3.peg.716.site.35, 2, 147, 149
411483.3.peg.716.site.36, 33, 135, 168
411483.3.peg.716.site.37, 2, 146, 148
411483.3.peg.716.site.38, 0, 145, 145
411483.3.peg.716.site.39, 0, 148, 148
411483.3.peg.716.site.40, 0, 147, 147
411483.3.peg.716.site.41, 7, 149, 156
411483.3.peg.716.site.42, 1, 149, 150
411483.3.peg.716.site.43, 1, 147, 148
411483.3.peg.717.site.1, 12, 129, 141
411483.3.peg.717.site.2, 0, 129, 129
411483.3.peg.717.site.3, 4, 132, 136
411483.3.peg.717.site.4, 1, 121, 122
411483.3.peg.717.site.5, 30, 126, 156
411483.3.peg.717.site.6, 9, 132, 141
411483.3.peg.717.site.7, 16, 142, 158
411483.3.peg.717.site.8, 2, 151, 153
411483.3.peg.717.site.9, 73, 141, 214
411483.3.peg.717.site.10, 5, 152, 157
411483.3.peg.717.site.11, 9, 148, 157
411483.3.peg.717.site.12, 8, 149, 157
411483.3.peg.717.site.13, 146, 151, 297
411483.3.peg.717.site.14, 2, 150, 152
411483.3.peg.717.site.15, 2, 153, 155
411483.3.peg.717.site.16, 3, 148, 151
411483.3.peg.717.site.17, 106, 143, 249
411483.3.peg.717.site.18, 114, 136, 250
411483.3.peg.717.site.19, 1, 143, 144
411483.3.peg.717.site.20, 1, 143, 144
411483.3.peg.717.site.21, 16, 135, 151
411483.3.peg.717.site.22, 0, 138, 138
411483.3.peg.717.site.23, 3, 134, 137
411483.3.peg.717.site.24, 1, 136, 137
411483.3.peg.717.site.25, 4, 141, 145
411483.3.peg.717.site.26, 3, 142, 145
411483.3.peg.718.site.1, 87, 143, 230
411483.3.peg.718.site.2, 1, 150, 151
411483.3.peg.718.site.3, 82, 144, 226
411483.3.peg.718.site.4, 3, 145, 148
411483.3.peg.718.site.5, 11, 146, 157
411483.3.peg.718.site.6, 23, 146, 169
411483.3.peg.718.site.7, 13, 142, 155
411483.3.peg.718.site.8, 0, 147, 147
411483.3.peg.718.site.9, 18, 145, 163
411483.3.peg.718.site.10, 8, 141, 149
411483.3.peg.718.site.11, 6, 139, 145
411483.3.peg.718.site.12, 21, 134, 155
411483.3.peg.718.site.13, 55, 132, 187
411483.3.peg.718.site.14, 28, 127, 155
411483.3.peg.718.site.15, 4, 134, 138
411483.3.peg.718.site.16, 21, 132, 153
411483.3.peg.718.site.17, 1, 142, 143
411483.3.peg.718.site.18, 44, 128, 172
411483.3.peg.718.site.19, 3, 151, 154
411483.3.peg.718.site.20, 50, 133, 183
411483.3.peg.718.site.21, 0, 144, 144
411483.3.peg.718.site.22, 3, 141, 144
411483.3.peg.718.site.23, 54, 132, 186
411483.3.peg.718.site.24, 10, 144, 154
411483.3.peg.718.site.25, 6, 143, 149
411483.3.peg.718.site.26, 3, 149, 152
411483.3.peg.718.site.27, 1, 152, 153
411483.3.peg.718.site.28, 67, 136, 203
411483.3.peg.718.site.29, 2, 152, 154
411483.3.peg.718.site.30, 2, 151, 153
411483.3.peg.718.site.31, 40, 141, 181
411483.3.peg.718.site.32, 6, 148, 154
411483.3.peg.718.site.33, 4, 152, 156
411483.3.peg.718.site.34, 2, 155, 157
411483.3.peg.718.site.35, 0, 151, 151
411483.3.peg.718.site.36, 2, 150, 152
411483.3.peg.718.site.37, 1, 150, 151
411483.3.peg.718.site.38, 91, 143, 234
411483.3.peg.718.site.39, 96, 146, 242
411483.3.peg.718.site.40, 46, 147, 193
411483.3.peg.718.site.41, 8, 149, 157
411483.3.peg.718.site.42, 40, 148, 188
411483.3.peg.718.site.43, 6, 146, 152
411483.3.peg.718.site.44, 1, 144, 145
411483.3.peg.718.site.45, 0, 137, 137
411483.3.peg.718.site.46, 3, 127, 130
411483.3.peg.718.site.47, 0, 126, 126
411483.3.peg.718.site.48, 9, 117, 126
411483.3.peg.718.site.49, 6, 115, 121
411483.3.peg.718.site.50, 7, 127, 134
411483.3.peg.718.site.51, 13, 104, 117
411483.3.peg.718.site.52, 3, 86, 89
411483.3.peg.719.site.1, 2, 135, 137
411483.3.peg.719.site.2, 5, 133, 138
411483.3.peg.719.site.3, 3, 137, 140
411483.3.peg.719.site.4, 12, 133, 145
411483.3.peg.719.site.5, 0, 142, 142
411483.3.peg.719.site.6, 0, 134, 134
411483.3.peg.719.site.7, 0, 148, 148
411483.3.peg.719.site.8, 56, 129, 185
411483.3.peg.719.site.9, 10, 144, 154
411483.3.peg.719.site.10, 5, 150, 155
411483.3.peg.719.site.11, 5, 146, 151
411483.3.peg.719.site.12, 11, 143, 154
411483.3.peg.719.site.13, 13, 144, 157
411483.3.peg.719.site.14, 0, 147, 147
411483.3.peg.719.site.15, 2, 146, 148
411483.3.peg.719.site.16, 13, 145, 158
411483.3.peg.719.site.17, 4, 143, 147
411483.3.peg.719.site.18, 5, 143, 148
411483.3.peg.719.site.19, 67, 141, 208
411483.3.peg.719.site.20, 39, 142, 181
411483.3.peg.719.site.21, 1, 146, 147
411483.3.peg.719.site.22, 8, 147, 155
411483.3.peg.719.site.23, 1, 146, 147
411483.3.peg.719.site.24, 0, 137, 137
411483.3.peg.719.site.25, 1, 147, 148
411483.3.peg.719.site.26, 0, 147, 147
411483.3.peg.719.site.27, 2, 143, 145
411483.3.peg.719.site.28, 36, 134, 170
411483.3.peg.719.site.29, 1, 147, 148
411483.3.peg.719.site.30, 2, 149, 151
411483.3.peg.719.site.31, 80, 137, 217
411483.3.peg.719.site.32, 2, 148, 150
411483.3.peg.719.site.33, 1, 145, 146
411483.3.peg.719.site.34, 26, 145, 171
411483.3.peg.719.site.35, 15, 148, 163
411483.3.peg.719.site.36, 26, 144, 170
411483.3.peg.719.site.37, 26, 144, 170
411483.3.peg.719.site.38, 2, 148, 150
411483.3.peg.719.site.39, 3, 146, 149
411483.3.peg.719.site.40, 136, 145, 281
411483.3.peg.719.site.41, 3, 152, 155
411483.3.peg.719.site.42, 11, 151, 162
411483.3.peg.719.site.43, 1, 153, 154
411483.3.peg.719.site.44, 2, 153, 155
411483.3.peg.719.site.45, 0, 154, 154
411483.3.peg.719.site.46, 2, 155, 157
411483.3.peg.719.site.47, 14, 146, 160
411483.3.peg.719.site.48, 1, 155, 156
411483.3.peg.719.site.49, 13, 150, 163
411483.3.peg.719.site.50, 17, 152, 169
411483.3.peg.719.site.51, 0, 153, 153
411483.3.peg.719.site.52, 7, 151, 158
411483.3.peg.719.site.53, 2, 153, 155
411483.3.peg.719.site.54, 2, 153, 155
411483.3.peg.719.site.55, 9, 149, 158
411483.3.peg.719.site.56, 2, 152, 154
411483.3.peg.719.site.57, 0, 151, 151
411483.3.peg.719.site.58, 4, 148, 152
411483.3.peg.719.site.59, 9, 150, 159
411483.3.peg.719.site.60, 2, 149, 151
411483.3.peg.719.site.61, 43, 145, 188
411483.3.peg.719.site.62, 1, 151, 152
411483.3.peg.719.site.63, 88, 144, 232
411483.3.peg.719.site.64, 2, 149, 151
411483.3.peg.719.site.65, 11, 140, 151
411483.3.peg.719.site.66, 2, 145, 147
411483.3.peg.719.site.67, 67, 126, 193
411483.3.peg.719.site.68, 15, 124, 139
411483.3.peg.719.site.69, 17, 136, 153
411483.3.peg.719.site.70, 7, 142, 149
411483.3.peg.719.site.71, 1, 154, 155
411483.3.peg.719.site.72, 2, 155, 157
411483.3.peg.719.site.73, 2, 153, 155
411483.3.peg.719.site.74, 0, 154, 154
411483.3.peg.719.site.75, 0, 151, 151
411483.3.peg.719.site.76, 0, 154, 154
411483.3.peg.540.site.1, 2, 106, 108
411483.3.peg.540.site.2, 1, 128, 129
411483.3.peg.540.site.3, 1, 133, 134
411483.3.peg.540.site.4, 123, 134, 257
411483.3.peg.540.site.5, 1, 139, 140
411483.3.peg.540.site.6, 1, 135, 136
411483.3.peg.540.site.7, 6, 142, 148
411483.3.peg.540.site.8, 0, 139, 139
411483.3.peg.540.site.9, 16, 144, 160
411483.3.peg.540.site.10, 6, 147, 153
411483.3.peg.540.site.11, 2, 151, 153
411483.3.peg.540.site.12, 116, 144, 260
411483.3.peg.540.site.13, 3, 152, 155
411483.3.peg.540.site.14, 13, 150, 163
411483.3.peg.540.site.15, 82, 131, 213
411483.3.peg.540.site.16, 2, 138, 140
411483.3.peg.540.site.17, 0, 137, 137
411483.3.peg.540.site.18, 19, 136, 155
411483.3.peg.540.site.19, 2, 143, 145
411483.3.peg.540.site.20, 1, 137, 138
411483.3.peg.540.site.21, 122, 134, 256
411483.3.peg.540.site.22, 1, 134, 135
411483.3.peg.540.site.23, 2, 143, 145
411483.3.peg.540.site.24, 3, 144, 147
411483.3.peg.540.site.25, 2, 147, 149
411483.3.peg.540.site.26, 1, 147, 148
411483.3.peg.540.site.27, 3, 146, 149
411483.3.peg.540.site.28, 1, 149, 150
411483.3.peg.540.site.29, 29, 147, 176
411483.3.peg.540.site.30, 51, 141, 192
411483.3.peg.540.site.31, 2, 152, 154
411483.3.peg.540.site.32, 16, 151, 167
411483.3.peg.540.site.33, 0, 153, 153
411483.3.peg.540.site.34, 3, 149, 152
411483.3.peg.540.site.35, 6, 148, 154
411483.3.peg.540.site.36, 96, 141, 237
411483.3.peg.540.site.37, 4, 153, 157
411483.3.peg.540.site.38, 3, 150, 153
411483.3.peg.540.site.39, 5, 152, 157
411483.3.peg.540.site.40, 3, 153, 156
411483.3.peg.540.site.41, 1, 152, 153
411483.3.peg.540.site.42, 4, 154, 158
411483.3.peg.540.site.43, 7, 153, 160
411483.3.peg.540.site.44, 1, 154, 155
411483.3.peg.540.site.45, 2, 153, 155
411483.3.peg.540.site.46, 2, 152, 154
411483.3.peg.540.site.47, 2, 147, 149
411483.3.peg.540.site.48, 35, 138, 173
411483.3.peg.540.site.49, 7, 144, 151
411483.3.peg.540.site.50, 7, 137, 144
411483.3.peg.540.site.51, 48, 96, 144
411483.3.peg.540.site.52, 1, 112, 113
411483.3.peg.540.site.53, 3, 104, 107
411483.3.peg.540.site.54, 4, 99, 103
411483.3.peg.540.site.55, 4, 101, 105
411483.3.peg.540.site.56, 7, 115, 122
411483.3.peg.540.site.57, 1, 127, 128
411483.3.peg.540.site.58, 1, 130, 131
411483.3.peg.540.site.59, 17, 132, 149
411483.3.peg.540.site.60, 1, 143, 144
411483.3.peg.540.site.61, 7, 149, 156
411483.3.peg.540.site.62, 3, 148, 151
411483.3.peg.540.site.63, 11, 148, 159
411483.3.peg.540.site.64, 2, 150, 152
411483.3.peg.540.site.65, 46, 135, 181
411483.3.peg.540.site.66, 125, 133, 258
411483.3.peg.540.site.67, 61, 127, 188
411483.3.peg.540.site.68, 1, 139, 140
411483.3.peg.540.site.69, 2, 135, 137
411483.3.peg.540.site.70, 5, 135, 140
411483.3.peg.540.site.71, 8, 139, 147
411483.3.peg.540.site.72, 3, 137, 140
411483.3.peg.540.site.73, 4, 131, 135
411483.3.peg.540.site.74, 32, 132, 164
411483.3.peg.540.site.75, 100, 122, 222
411483.3.peg.540.site.76, 119, 128, 247
411483.3.peg.540.site.77, 3, 135, 138
411483.3.peg.540.site.78, 3, 139, 142
411483.3.peg.540.site.79, 2, 146, 148
411483.3.peg.540.site.80, 2, 137, 139
411483.3.peg.540.site.81, 1, 135, 136
411483.3.peg.540.site.82, 1, 145, 146
411483.3.peg.540.site.83, 1, 144, 145
411483.3.peg.540.site.84, 5, 144, 149
411483.3.peg.540.site.85, 9, 132, 141
411483.3.peg.540.site.86, 1, 133, 134
411483.3.peg.540.site.87, 4, 119, 123
411483.3.peg.540.site.88, 2, 127, 129
411483.3.peg.540.site.89, 2, 121, 123
411483.3.peg.540.site.90, 2, 123, 125
411483.3.peg.540.site.91, 7, 143, 150
411483.3.peg.540.site.92, 1, 148, 149
411483.3.peg.540.site.93, 1, 143, 144
411483.3.peg.540.site.94, 10, 144, 154
411483.3.peg.540.site.95, 1, 147, 148
411483.3.peg.540.site.96, 123, 143, 266
411483.3.peg.540.site.97, 22, 140, 162
411483.3.peg.540.site.98, 45, 127, 172
411483.3.peg.540.site.99, 3, 143, 146
411483.3.peg.540.site.100, 4, 146, 150
411483.3.peg.540.site.101, 3, 145, 148
411483.3.peg.540.site.102, 0, 140, 140
411483.3.peg.540.site.103, 4, 145, 149
411483.3.peg.540.site.104, 0, 150, 150
411483.3.peg.543.site.1, 10, 150, 160
411483.3.peg.543.site.2, 0, 155, 155
411483.3.peg.543.site.3, 4, 155, 159
411483.3.peg.543.site.4, 5, 155, 160
411483.3.peg.543.site.5, 2, 155, 157
411483.3.peg.543.site.6, 2, 154, 156
411483.3.peg.543.site.7, 3, 148, 151
411483.3.peg.543.site.8, 2, 155, 157
411483.3.peg.543.site.9, 2, 152, 154
411483.3.peg.543.site.10, 2, 149, 151
411483.3.peg.543.site.11, 15, 122, 137
411483.3.peg.543.site.12, 3, 118, 121
411483.3.peg.543.site.13, 3, 123, 126
411483.3.peg.543.site.14, 3, 140, 143
411483.3.peg.543.site.15, 12, 135, 147
411483.3.peg.543.site.16, 5, 139, 144
411483.3.peg.543.site.17, 0, 155, 155
411483.3.peg.543.site.18, 3, 153, 156
411483.3.peg.543.site.19, 48, 143, 191
411483.3.peg.543.site.20, 2, 150, 152
411483.3.peg.543.site.21, 1, 151, 152
411483.3.peg.543.site.22, 1, 149, 150
411483.3.peg.543.site.23, 2, 150, 152
411483.3.peg.543.site.24, 13, 143, 156
411483.3.peg.543.site.25, 38, 142, 180
411483.3.peg.543.site.26, 1, 154, 155
411483.3.peg.543.site.27, 0, 152, 152
411483.3.peg.543.site.28, 1, 149, 150
411483.3.peg.543.site.29, 2, 150, 152
411483.3.peg.543.site.30, 6, 150, 156
411483.3.peg.543.site.31, 2, 149, 151
411483.3.peg.543.site.32, 142, 149, 291
411483.3.peg.543.site.33, 0, 147, 147
411483.3.peg.543.site.34, 3, 146, 149
411483.3.peg.543.site.35, 4, 146, 150
411483.3.peg.543.site.36, 6, 133, 139
411483.3.peg.543.site.37, 3, 140, 143
411483.3.peg.543.site.38, 5, 140, 145
411483.3.peg.543.site.39, 0, 145, 145
411483.3.peg.543.site.40, 1, 143, 144
411483.3.peg.543.site.41, 3, 138, 141
411483.3.peg.543.site.42, 7, 132, 139
411483.3.peg.543.site.43, 0, 134, 134
411483.3.peg.543.site.44, 4, 125, 129
411483.3.peg.543.site.45, 1, 116, 117
411483.3.peg.543.site.46, 1, 125, 126
411483.3.peg.543.site.47, 9, 127, 136
411483.3.peg.543.site.48, 35, 122, 157
411483.3.peg.543.site.49, 1, 131, 132
411483.3.peg.543.site.50, 0, 130, 130
411483.3.peg.543.site.51, 3, 136, 139
411483.3.peg.543.site.52, 5, 141, 146
411483.3.peg.543.site.53, 2, 151, 153
411483.3.peg.543.site.54, 7, 149, 156
411483.3.peg.543.site.55, 3, 150, 153
411483.3.peg.543.site.56, 1, 148, 149
411483.3.peg.543.site.57, 39, 140, 179
411483.3.peg.543.site.58, 12, 145, 157
411483.3.peg.543.site.59, 0, 152, 152
411483.3.peg.543.site.60, 2, 151, 153
411483.3.peg.543.site.61, 1, 151, 152
411483.3.peg.543.site.62, 6, 151, 157
411483.3.peg.543.site.63, 4, 150, 154
411483.3.peg.543.site.64, 2, 153, 155
411483.3.peg.543.site.65, 7, 151, 158
411483.3.peg.543.site.66, 0, 152, 152
411483.3.peg.543.site.67, 7, 154, 161
411483.3.peg.543.site.68, 9, 153, 162
411483.3.peg.543.site.69, 0, 148, 148
411483.3.peg.543.site.70, 1, 149, 150
411483.3.peg.543.site.71, 0, 150, 150
411483.3.peg.543.site.72, 7, 147, 154
411483.3.peg.543.site.73, 32, 142, 174
411483.3.peg.543.site.74, 1, 152, 153
411483.3.peg.543.site.75, 2, 150, 152
411483.3.peg.543.site.76, 0, 148, 148
411483.3.peg.543.site.77, 2, 151, 153
411483.3.peg.543.site.78, 3, 150, 153
411483.3.peg.543.site.79, 34, 143, 177
411483.3.peg.543.site.80, 4, 154, 158
411483.3.peg.543.site.81, 2, 154, 156
411483.3.peg.543.site.82, 0, 152, 152
411483.3.peg.543.site.83, 5, 155, 160
411483.3.peg.543.site.84, 4, 153, 157
411483.3.peg.543.site.85, 0, 154, 154
411483.3.peg.543.site.86, 0, 154, 154
411483.3.peg.543.site.87, 1, 155, 156
411483.3.peg.543.site.88, 53, 145, 198
411483.3.peg.543.site.89, 33, 142, 175
411483.3.peg.543.site.90, 6, 150, 156
411483.3.peg.543.site.91, 0, 153, 153
411483.3.peg.543.site.92, 0, 153, 153
411483.3.peg.543.site.93, 11, 154, 165
411483.3.peg.542.site.1, 0, 154, 154
411483.3.peg.542.site.2, 0, 155, 155
411483.3.peg.542.site.3, 8, 146, 154
411483.3.peg.542.site.4, 8, 147, 155
411483.3.peg.542.site.5, 7, 147, 154
411483.3.peg.542.site.6, 4, 152, 156
411483.3.peg.542.site.7, 10, 148, 158
411483.3.peg.542.site.8, 5, 152, 157
411483.3.peg.542.site.9, 3, 152, 155
411483.3.peg.542.site.10, 3, 152, 155
411483.3.peg.542.site.11, 2, 153, 155
411483.3.peg.542.site.12, 40, 138, 178
411483.3.peg.542.site.13, 1, 154, 155
411483.3.peg.542.site.14, 2, 155, 157
411483.3.peg.542.site.15, 1, 155, 156
411483.3.peg.542.site.16, 0, 155, 155
411483.3.peg.542.site.17, 4, 155, 159
411483.3.peg.542.site.18, 22, 147, 169
411483.3.peg.542.site.19, 6, 153, 159
411483.3.peg.542.site.20, 0, 154, 154
411483.3.peg.542.site.21, 8, 152, 160
411483.3.peg.542.site.22, 8, 154, 162
411483.3.peg.542.site.23, 3, 154, 157
411483.3.peg.542.site.24, 1, 152, 153
411483.3.peg.542.site.25, 1, 151, 152
411483.3.peg.542.site.26, 9, 143, 152
411483.3.peg.542.site.27, 3, 149, 152
411483.3.peg.542.site.28, 3, 144, 147
411483.3.peg.542.site.29, 5, 149, 154
411483.3.peg.542.site.30, 3, 147, 150
411483.3.peg.542.site.31, 3, 148, 151
411483.3.peg.542.site.32, 2, 149, 151
411483.3.peg.542.site.33, 6, 139, 145
411483.3.peg.542.site.34, 7, 141, 148
411483.3.peg.542.site.35, 0, 144, 144
411483.3.peg.542.site.36, 2, 145, 147
411483.3.peg.542.site.37, 4, 148, 152
411483.3.peg.542.site.38, 62, 133, 195
411483.3.peg.542.site.39, 7, 139, 146
411483.3.peg.542.site.40, 1, 143, 144
411483.3.peg.542.site.41, 2, 147, 149
411483.3.peg.542.site.42, 1, 143, 144
411483.3.peg.542.site.43, 1, 144, 145
411483.3.peg.542.site.44, 31, 143, 174
411483.3.peg.542.site.45, 3, 150, 153
411483.3.peg.542.site.46, 46, 139, 185
411483.3.peg.542.site.47, 5, 151, 156
411483.3.peg.542.site.48, 2, 148, 150
411483.3.peg.542.site.49, 4, 151, 155
411483.3.peg.542.site.50, 1, 153, 154
411483.3.peg.542.site.51, 2, 152, 154
411483.3.peg.542.site.52, 1, 151, 152
411483.3.peg.542.site.53, 3, 152, 155
411483.3.peg.542.site.54, 6, 150, 156
411483.3.peg.542.site.55, 11, 150, 161
411483.3.peg.542.site.56, 0, 150, 150
411483.3.peg.542.site.57, 1, 154, 155
411483.3.peg.542.site.58, 4, 151, 155
411483.3.peg.542.site.59, 8, 149, 157
411483.3.peg.542.site.60, 22, 150, 172
411483.3.peg.542.site.61, 4, 152, 156
411483.3.peg.542.site.62, 59, 145, 204
411483.3.peg.542.site.63, 2, 151, 153
411483.3.peg.542.site.64, 138, 145, 283
411483.3.peg.542.site.65, 4, 152, 156
411483.3.peg.542.site.66, 3, 151, 154
411483.3.peg.542.site.67, 0, 151, 151
411483.3.peg.542.site.68, 6, 153, 159
411483.3.peg.542.site.69, 0, 148, 148
411483.3.peg.542.site.70, 0, 147, 147
411483.3.peg.542.site.71, 3, 146, 149
411483.3.peg.542.site.72, 1, 143, 144
411483.3.peg.542.site.73, 0, 142, 142
411483.3.peg.542.site.74, 1, 135, 136
411483.3.peg.542.site.75, 53, 117, 170
411483.3.peg.542.site.76, 1, 134, 135
411483.3.peg.542.site.77, 3, 138, 141
411483.3.peg.542.site.78, 20, 129, 149
411483.3.peg.542.site.79, 3, 145, 148
411483.3.peg.542.site.80, 2, 144, 146
411483.3.peg.542.site.81, 2, 147, 149
411483.3.peg.542.site.82, 2, 143, 145
411483.3.peg.542.site.83, 9, 147, 156
411483.3.peg.542.site.84, 1, 139, 140
411483.3.peg.542.site.85, 1, 144, 145
411483.3.peg.542.site.86, 0, 138, 138
411483.3.peg.542.site.87, 0, 136, 136
411483.3.peg.542.site.88, 1, 138, 139
411483.3.peg.542.site.89, 2, 141, 143
411483.3.peg.542.site.90, 128, 130, 258
411483.3.peg.542.site.91, 0, 141, 141
411483.3.peg.542.site.92, 6, 139, 145
411483.3.peg.542.site.93, 3, 152, 155
411483.3.peg.542.site.94, 42, 143, 185
411483.3.peg.542.site.95, 0, 154, 154
411483.3.peg.542.site.96, 8, 154, 162
411483.3.peg.542.site.97, 1, 154, 155
411483.3.peg.2049.site.1, 0, 154, 154
411483.3.peg.2049.site.2, 2, 154, 156
411483.3.peg.2049.site.3, 2, 155, 157
411483.3.peg.2049.site.4, 4, 153, 157
411483.3.peg.2048.site.1, 5, 152, 157
411483.3.peg.2048.site.2, 8, 147, 155
411483.3.peg.2048.site.3, 93, 145, 238
411483.3.peg.2048.site.4, 2, 152, 154
411483.3.peg.2048.site.5, 1, 154, 155
411483.3.peg.2048.site.6, 47, 146, 193
411483.3.peg.2048.site.7, 17, 151, 168
411483.3.peg.2048.site.8, 7, 154, 161
411483.3.peg.2048.site.9, 5, 155, 160
411483.3.peg.2048.site.10, 3, 155, 158
411483.3.peg.2048.site.11, 6, 155, 161
411483.3.peg.2048.site.12, 3, 154, 157
411483.3.peg.2048.site.13, 1, 153, 154
411483.3.peg.2048.site.14, 1, 153, 154
411483.3.peg.2048.site.15, 11, 151, 162
411483.3.peg.2048.site.16, 2, 153, 155
411483.3.peg.2048.site.17, 1, 152, 153
411483.3.peg.2048.site.18, 153, 153, 306
411483.3.peg.2048.site.19, 81, 146, 227
411483.3.peg.2048.site.20, 1, 154, 155
411483.3.peg.2048.site.21, 3, 153, 156
411483.3.peg.2048.site.22, 2, 154, 156
411483.3.peg.2048.site.23, 12, 150, 162
411483.3.peg.2048.site.24, 3, 154, 157
411483.3.peg.2048.site.25, 1, 154, 155
411483.3.peg.2048.site.26, 1, 155, 156
411483.3.peg.2048.site.27, 1, 155, 156
411483.3.peg.2048.site.28, 54, 147, 201
411483.3.peg.2048.site.29, 1, 154, 155
411483.3.peg.2048.site.30, 1, 150, 151
411483.3.peg.2048.site.31, 1, 154, 155
411483.3.peg.2048.site.32, 1, 151, 152
411483.3.peg.2048.site.33, 53, 143, 196
411483.3.peg.2048.site.34, 1, 150, 151
411483.3.peg.2048.site.35, 1, 153, 154
411483.3.peg.2048.site.36, 95, 145, 240
411483.3.peg.2048.site.37, 2, 154, 156
411483.3.peg.2048.site.38, 0, 151, 151
411483.3.peg.2048.site.39, 54, 134, 188
411483.3.peg.2048.site.40, 3, 151, 154
411483.3.peg.2048.site.41, 0, 150, 150
411483.3.peg.2048.site.42, 1, 147, 148
411483.3.peg.2048.site.43, 4, 148, 152
411483.3.peg.2048.site.44, 1, 148, 149
411483.3.peg.2047.site.1, 15, 149, 164
411483.3.peg.2047.site.2, 1, 154, 155
411483.3.peg.2047.site.3, 10, 151, 161
411483.3.peg.2047.site.4, 14, 150, 164
411483.3.peg.2047.site.5, 3, 154, 157
411483.3.peg.2047.site.6, 15, 152, 167
411483.3.peg.2047.site.7, 3, 152, 155
411483.3.peg.2047.site.8, 7, 143, 150
411483.3.peg.2047.site.9, 5, 136, 141
411483.3.peg.2047.site.10, 1, 149, 150
411483.3.peg.2047.site.11, 73, 140, 213
411483.3.peg.2047.site.12, 1, 148, 149
411483.3.peg.2047.site.13, 8, 142, 150
411483.3.peg.2047.site.14, 3, 151, 154
411483.3.peg.2047.site.15, 4, 153, 157
411483.3.peg.2047.site.16, 4, 153, 157
411483.3.peg.2047.site.17, 1, 151, 152
411483.3.peg.2047.site.18, 16, 149, 165
411483.3.peg.2047.site.19, 5, 155, 160
411483.3.peg.2047.site.20, 3, 155, 158
411483.3.peg.2047.site.21, 1, 153, 154
411483.3.peg.2047.site.22, 74, 149, 223
411483.3.peg.2047.site.23, 2, 155, 157
411483.3.peg.2047.site.24, 1, 155, 156
411483.3.peg.2047.site.25, 54, 146, 200
411483.3.peg.2047.site.26, 142, 154, 296
411483.3.peg.2047.site.27, 4, 155, 159
411483.3.peg.2047.site.28, 1, 153, 154
411483.3.peg.2046.site.1, 1, 138, 139
411483.3.peg.2046.site.2, 1, 144, 145
411483.3.peg.2046.site.3, 3, 152, 155
411483.3.peg.2046.site.4, 0, 147, 147
411483.3.peg.2046.site.5, 0, 154, 154
411483.3.peg.2046.site.6, 0, 151, 151
411483.3.peg.2046.site.7, 1, 147, 148
411483.3.peg.2046.site.8, 1, 153, 154
411483.3.peg.2046.site.9, 0, 152, 152
411483.3.peg.2046.site.10, 26, 150, 176
411483.3.peg.2046.site.11, 145, 154, 299
411483.3.peg.2046.site.12, 5, 155, 160
411483.3.peg.2046.site.13, 4, 155, 159
411483.3.peg.2046.site.14, 1, 155, 156
411483.3.peg.2046.site.15, 24, 148, 172
411483.3.peg.2046.site.16, 6, 153, 159
411483.3.peg.2046.site.17, 2, 154, 156
411483.3.peg.2045.site.1, 3, 152, 155
411483.3.peg.2045.site.2, 0, 148, 148
411483.3.peg.2045.site.3, 111, 147, 258
411483.3.peg.2045.site.4, 128, 149, 277
411483.3.peg.2045.site.5, 2, 154, 156
411483.3.peg.2045.site.6, 0, 149, 149
411483.3.peg.2045.site.7, 152, 152, 304
411483.3.peg.2045.site.8, 2, 151, 153
411483.3.peg.2045.site.9, 2, 154, 156
411483.3.peg.2045.site.10, 2, 150, 152
411483.3.peg.2045.site.11, 3, 150, 153
411483.3.peg.2045.site.12, 16, 149, 165
411483.3.peg.2045.site.13, 1, 153, 154
411483.3.peg.2045.site.14, 2, 153, 155
411483.3.peg.2045.site.15, 9, 152, 161
411483.3.peg.2045.site.16, 2, 152, 154
411483.3.peg.2045.site.17, 51, 143, 194
411483.3.peg.2045.site.18, 4, 150, 154
411483.3.peg.2045.site.19, 13, 149, 162
411483.3.peg.2045.site.20, 2, 148, 150
411483.3.peg.2045.site.21, 35, 139, 174
411483.3.peg.2045.site.22, 2, 145, 147
411483.3.peg.2045.site.23, 1, 149, 150
411483.3.peg.2045.site.24, 47, 139, 186
411483.3.peg.2045.site.25, 101, 143, 244
411483.3.peg.2045.site.26, 4, 148, 152
411483.3.peg.2045.site.27, 1, 150, 151
411483.3.peg.2045.site.28, 3, 146, 149
411483.3.peg.2045.site.29, 1, 150, 151
411483.3.peg.2045.site.30, 8, 150, 158
411483.3.peg.2045.site.31, 1, 151, 152
411483.3.peg.2045.site.32, 1, 153, 154
411483.3.peg.2045.site.33, 1, 152, 153
411483.3.peg.2045.site.34, 3, 152, 155
411483.3.peg.2045.site.35, 0, 152, 152
411483.3.peg.2045.site.36, 23, 148, 171
411483.3.peg.2045.site.37, 2, 153, 155
411483.3.peg.2045.site.38, 0, 152, 152
411483.3.peg.2045.site.39, 3, 149, 152
411483.3.peg.2045.site.40, 5, 151, 156
411483.3.peg.2045.site.41, 1, 155, 156
411483.3.peg.2045.site.42, 14, 146, 160
411483.3.peg.2045.site.43, 107, 149, 256
411483.3.peg.2045.site.44, 45, 147, 192
411483.3.peg.2045.site.45, 1, 152, 153
411483.3.peg.2045.site.46, 1, 149, 150
411483.3.peg.2045.site.47, 0, 149, 149
411483.3.peg.2044.site.1, 10, 70, 80
411483.3.peg.2044.site.2, 14, 75, 89
411483.3.peg.2044.site.3, 16, 72, 88
411483.3.peg.2044.site.4, 30, 108, 138
411483.3.peg.2044.site.5, 1, 125, 126
411483.3.peg.2044.site.6, 6, 126, 132
411483.3.peg.2044.site.7, 14, 129, 143
411483.3.peg.2044.site.8, 9, 104, 113
411483.3.peg.2044.site.9, 3, 147, 150
411483.3.peg.2044.site.10, 6, 150, 156
411483.3.peg.2044.site.11, 28, 140, 168
411483.3.peg.2044.site.12, 25, 151, 176
411483.3.peg.2044.site.13, 20, 151, 171
411483.3.peg.2044.site.14, 3, 153, 156
411483.3.peg.2044.site.15, 0, 153, 153
411483.3.peg.2044.site.16, 34, 148, 182
411483.3.peg.2044.site.17, 4, 149, 153
411483.3.peg.2044.site.18, 2, 155, 157
411483.3.peg.2044.site.19, 0, 154, 154
411483.3.peg.2044.site.20, 6, 155, 161
411483.3.peg.2044.site.21, 1, 155, 156
411483.3.peg.2044.site.22, 60, 143, 203
411483.3.peg.2044.site.23, 0, 154, 154
411483.3.peg.2044.site.24, 0, 153, 153
411483.3.peg.2044.site.25, 1, 155, 156
411483.3.peg.2044.site.26, 1, 153, 154
411483.3.peg.2044.site.27, 7, 155, 162
411483.3.peg.2044.site.28, 1, 155, 156
411483.3.peg.2044.site.29, 15, 152, 167
411483.3.peg.2044.site.30, 25, 153, 178
411483.3.peg.2044.site.31, 8, 155, 163
411483.3.peg.2044.site.32, 146, 153, 299
411483.3.peg.2044.site.33, 0, 154, 154
411483.3.peg.2044.site.34, 7, 154, 161
411483.3.peg.2044.site.35, 0, 153, 153
411483.3.peg.2044.site.36, 1, 153, 154
411483.3.peg.2044.site.37, 108, 144, 252
411483.3.peg.2044.site.38, 10, 152, 162
411483.3.peg.2044.site.39, 5, 152, 157
411483.3.peg.2044.site.40, 1, 152, 153
411483.3.peg.2044.site.41, 4, 152, 156
411483.3.peg.2044.site.42, 1, 152, 153
411483.3.peg.2044.site.43, 2, 151, 153
411483.3.peg.2044.site.44, 4, 147, 151
411483.3.peg.2044.site.45, 1, 151, 152
411483.3.peg.2044.site.46, 2, 154, 156
411483.3.peg.2044.site.47, 1, 155, 156
411483.3.peg.2044.site.48, 4, 151, 155
411483.3.peg.2044.site.49, 0, 150, 150
411483.3.peg.2044.site.50, 1, 153, 154
411483.3.peg.2044.site.51, 2, 155, 157
411483.3.peg.2044.site.52, 2, 150, 152
411483.3.peg.2044.site.53, 0, 152, 152
411483.3.peg.2044.site.54, 1, 155, 156
411483.3.peg.2044.site.55, 1, 151, 152
411483.3.peg.2044.site.56, 2, 151, 153
411483.3.peg.2044.site.57, 4, 154, 158
411483.3.peg.2044.site.58, 10, 153, 163
411483.3.peg.2044.site.59, 10, 155, 165
411483.3.peg.2044.site.60, 113, 142, 255
411483.3.peg.2044.site.61, 1, 155, 156
411483.3.peg.2044.site.62, 2, 155, 157
411483.3.peg.2044.site.63, 1, 152, 153
411483.3.peg.2044.site.64, 3, 153, 156
411483.3.peg.2044.site.65, 7, 153, 160
411483.3.peg.2044.site.66, 12, 155, 167
411483.3.peg.2044.site.67, 6, 155, 161
411483.3.peg.2044.site.68, 12, 153, 165
411483.3.peg.2044.site.69, 9, 148, 157
411483.3.peg.2044.site.70, 0, 154, 154
411483.3.peg.2044.site.71, 2, 155, 157
411483.3.peg.2044.site.72, 40, 147, 187
411483.3.peg.2044.site.73, 53, 143, 196
411483.3.peg.2044.site.74, 0, 152, 152
411483.3.peg.2044.site.75, 4, 153, 157
411483.3.peg.2044.site.76, 9, 151, 160
411483.3.peg.2044.site.77, 1, 154, 155
411483.3.peg.2044.site.78, 102, 147, 249
411483.3.peg.2043.site.1, 11, 153, 164
411483.3.peg.2043.site.2, 1, 152, 153
411483.3.peg.2043.site.3, 1, 149, 150
411483.3.peg.2043.site.4, 1, 149, 150
411483.3.peg.2043.site.5, 8, 142, 150
411483.3.peg.2043.site.6, 125, 129, 254
411483.3.peg.2043.site.7, 5, 130, 135
411483.3.peg.2043.site.8, 0, 128, 128
411483.3.peg.2043.site.9, 7, 131, 138
411483.3.peg.2043.site.10, 4, 143, 147
411483.3.peg.2043.site.11, 1, 146, 147
411483.3.peg.2043.site.12, 41, 141, 182
411483.3.peg.2043.site.13, 39, 140, 179
411483.3.peg.2043.site.14, 20, 146, 166
411483.3.peg.2043.site.15, 3, 154, 157
411483.3.peg.2043.site.16, 2, 152, 154
411483.3.peg.2043.site.17, 1, 155, 156
411483.3.peg.2043.site.18, 2, 154, 156
411483.3.peg.2043.site.19, 1, 155, 156
411483.3.peg.2043.site.20, 4, 154, 158
411483.3.peg.2043.site.21, 6, 154, 160
411483.3.peg.2043.site.22, 9, 153, 162
411483.3.peg.2043.site.23, 1, 153, 154
411483.3.peg.2043.site.24, 1, 155, 156
411483.3.peg.2043.site.25, 3, 153, 156
411483.3.peg.2043.site.26, 8, 155, 163
411483.3.peg.2043.site.27, 153, 153, 306
411483.3.peg.2043.site.28, 5, 151, 156
411483.3.peg.2043.site.29, 1, 154, 155
411483.3.peg.2040.site.1, 5, 104, 109
411483.3.peg.2040.site.2, 2, 111, 113
411483.3.peg.2040.site.3, 103, 117, 220
411483.3.peg.2040.site.4, 67, 115, 182
411483.3.peg.2040.site.5, 16, 132, 148
411483.3.peg.2040.site.6, 143, 143, 286
411483.3.peg.2040.site.7, 17, 141, 158
411483.3.peg.2040.site.8, 3, 148, 151
411483.3.peg.2040.site.9, 2, 148, 150
411483.3.peg.2040.site.10, 4, 151, 155
411483.3.peg.2040.site.11, 1, 154, 155
411483.3.peg.2040.site.12, 5, 152, 157
411483.3.peg.2040.site.13, 7, 154, 161
411483.3.peg.2040.site.14, 2, 154, 156
411483.3.peg.2040.site.15, 17, 151, 168
411483.3.peg.2040.site.16, 2, 155, 157
411483.3.peg.2040.site.17, 1, 151, 152
411483.3.peg.2040.site.18, 3, 155, 158
411483.3.peg.2040.site.19, 2, 152, 154
411483.3.peg.2040.site.20, 1, 151, 152
411483.3.peg.2040.site.21, 6, 153, 159
411483.3.peg.2040.site.22, 3, 153, 156
411483.3.peg.2040.site.23, 34, 143, 177
411483.3.peg.2040.site.24, 8, 145, 153
411483.3.peg.2040.site.25, 1, 152, 153
411483.3.peg.2040.site.26, 4, 151, 155
411483.3.peg.2040.site.27, 1, 150, 151
411483.3.peg.2040.site.28, 4, 150, 154
411483.3.peg.2040.site.29, 1, 150, 151
411483.3.peg.2040.site.30, 153, 153, 306
411483.3.peg.2040.site.31, 1, 148, 149
411483.3.peg.2040.site.32, 9, 150, 159
411483.3.peg.2040.site.33, 1, 149, 150
411483.3.peg.2040.site.34, 2, 150, 152
411483.3.peg.2040.site.35, 5, 149, 154
411483.3.peg.2040.site.36, 4, 146, 150
411483.3.peg.2040.site.37, 6, 128, 134
411483.3.peg.2040.site.38, 5, 126, 131
411483.3.peg.2040.site.39, 1, 130, 131
411483.3.peg.2040.site.40, 1, 126, 127
411483.3.peg.2040.site.41, 2, 125, 127
411483.3.peg.2040.site.42, 2, 119, 121
411483.3.peg.2040.site.43, 110, 123, 233
411483.3.peg.2040.site.44, 0, 124, 124
411483.3.peg.2040.site.45, 2, 140, 142
411483.3.peg.2040.site.46, 0, 136, 136
411483.3.peg.2040.site.47, 1, 136, 137
411483.3.peg.2040.site.48, 0, 134, 134
411483.3.peg.2040.site.49, 3, 138, 141
411483.3.peg.2040.site.50, 126, 134, 260
411483.3.peg.2040.site.51, 3, 142, 145
411483.3.peg.2040.site.52, 129, 137, 266
411483.3.peg.2040.site.53, 2, 154, 156
411483.3.peg.2040.site.54, 0, 153, 153
411483.3.peg.2040.site.55, 1, 151, 152
411483.3.peg.2040.site.56, 1, 152, 153
411483.3.peg.2040.site.57, 11, 149, 160
411483.3.peg.2040.site.58, 3, 152, 155
411483.3.peg.2040.site.59, 4, 148, 152
411483.3.peg.2040.site.60, 0, 149, 149
411483.3.peg.2040.site.61, 2, 147, 149
411483.3.peg.2040.site.62, 3, 153, 156
411483.3.peg.2040.site.63, 1, 151, 152
411483.3.peg.2040.site.64, 8, 154, 162
411483.3.peg.2040.site.65, 2, 153, 155
411483.3.peg.2040.site.66, 12, 152, 164
411483.3.peg.2040.site.67, 2, 153, 155
411483.3.peg.2040.site.68, 12, 150, 162
411483.3.peg.2040.site.69, 18, 147, 165
411483.3.peg.2040.site.70, 45, 138, 183
411483.3.peg.2040.site.71, 1, 153, 154
411483.3.peg.2040.site.72, 1, 155, 156
411483.3.peg.2040.site.73, 4, 152, 156
411483.3.peg.2040.site.74, 13, 147, 160
411483.3.peg.2040.site.75, 4, 150, 154
411483.3.peg.2040.site.76, 2, 154, 156
411483.3.peg.2040.site.77, 46, 146, 192
411483.3.peg.2040.site.78, 1, 155, 156
411483.3.peg.2449.site.1, 2, 117, 119
411483.3.peg.2449.site.2, 87, 125, 212
411483.3.peg.2449.site.3, 1, 141, 142
411483.3.peg.2449.site.4, 3, 146, 149
411483.3.peg.2449.site.5, 9, 145, 154
411483.3.peg.2449.site.6, 6, 149, 155
411483.3.peg.2449.site.7, 48, 146, 194
411483.3.peg.2449.site.8, 12, 147, 159
411483.3.peg.2449.site.9, 0, 150, 150
411483.3.peg.2449.site.10, 7, 146, 153
411483.3.peg.2449.site.11, 0, 150, 150
411483.3.peg.2449.site.12, 27, 147, 174
411483.3.peg.2449.site.13, 7, 154, 161
411483.3.peg.2449.site.14, 2, 155, 157
411483.3.peg.2449.site.15, 0, 152, 152
411483.3.peg.2449.site.16, 0, 154, 154
411483.3.peg.2449.site.17, 7, 154, 161
411483.3.peg.2449.site.18, 1, 153, 154
411483.3.peg.2449.site.19, 0, 149, 149
411483.3.peg.2449.site.20, 2, 152, 154
411483.3.peg.2449.site.21, 1, 155, 156
411483.3.peg.2449.site.22, 8, 152, 160
411483.3.peg.2449.site.23, 4, 154, 158
411483.3.peg.2449.site.24, 0, 154, 154
411483.3.peg.2449.site.25, 45, 142, 187
411483.3.peg.2449.site.26, 0, 154, 154
411483.3.peg.2449.site.27, 3, 155, 158
411483.3.peg.2449.site.28, 5, 154, 159
411483.3.peg.2449.site.29, 2, 147, 149
411483.3.peg.2449.site.30, 12, 138, 150
411483.3.peg.2449.site.31, 7, 125, 132
411483.3.peg.2449.site.32, 2, 116, 118
411483.3.peg.2449.site.33, 2, 121, 123
411483.3.peg.2449.site.34, 3, 119, 122
411483.3.peg.2449.site.35, 0, 136, 136
411483.3.peg.2449.site.36, 2, 144, 146
411483.3.peg.2449.site.37, 137, 146, 283
411483.3.peg.2449.site.38, 1, 147, 148
411483.3.peg.2449.site.39, 0, 153, 153
411483.3.peg.2449.site.40, 1, 151, 152
411483.3.peg.2449.site.41, 14, 152, 166
411483.3.peg.2449.site.42, 2, 152, 154
411483.3.peg.2449.site.43, 2, 154, 156
411483.3.peg.2449.site.44, 5, 153, 158
411483.3.peg.2449.site.45, 25, 139, 164
411483.3.peg.2449.site.46, 112, 140, 252
411483.3.peg.2449.site.47, 2, 152, 154
411483.3.peg.2449.site.48, 2, 151, 153
411483.3.peg.2449.site.49, 7, 150, 157
411483.3.peg.2449.site.50, 0, 154, 154
411483.3.peg.2449.site.51, 19, 141, 160
411483.3.peg.2449.site.52, 1, 155, 156
411483.3.peg.2449.site.53, 0, 153, 153
411483.3.peg.2449.site.54, 1, 154, 155
411483.3.peg.2449.site.55, 118, 146, 264
411483.3.peg.2449.site.56, 2, 154, 156
411483.3.peg.2449.site.57, 1, 152, 153
411483.3.peg.2449.site.58, 2, 153, 155
411483.3.peg.2449.site.59, 3, 154, 157
411483.3.peg.2449.site.60, 0, 155, 155
411483.3.peg.2449.site.61, 1, 155, 156
411483.3.peg.2449.site.62, 1, 155, 156
411483.3.peg.2449.site.63, 1, 155, 156
411483.3.peg.2448.site.1, 1, 112, 113
411483.3.peg.2448.site.2, 0, 111, 111
411483.3.peg.2448.site.3, 11, 114, 125
411483.3.peg.2448.site.4, 2, 130, 132
411483.3.peg.2448.site.5, 1, 135, 136
411483.3.peg.2448.site.6, 2, 144, 146
411483.3.peg.2448.site.7, 9, 144, 153
411483.3.peg.2448.site.8, 0, 148, 148
411483.3.peg.2448.site.9, 39, 142, 181
411483.3.peg.2448.site.10, 5, 149, 154
411483.3.peg.2448.site.11, 0, 148, 148
411483.3.peg.2448.site.12, 0, 142, 142
411483.3.peg.2448.site.13, 2, 140, 142
411483.3.peg.2448.site.14, 3, 139, 142
411483.3.peg.2448.site.15, 1, 119, 120
411483.3.peg.2448.site.16, 17, 120, 137
411483.3.peg.2448.site.17, 2, 127, 129
411483.3.peg.2448.site.18, 2, 136, 138
411483.3.peg.2448.site.19, 6, 137, 143
411483.3.peg.2448.site.20, 0, 139, 139
411483.3.peg.2448.site.21, 3, 150, 153
411483.3.peg.2448.site.22, 43, 144, 187
411483.3.peg.2448.site.23, 2, 151, 153
411483.3.peg.2448.site.24, 5, 153, 158
411483.3.peg.2448.site.25, 0, 148, 148
411483.3.peg.2448.site.26, 1, 152, 153
411483.3.peg.2448.site.27, 2, 151, 153
411483.3.peg.2448.site.28, 2, 153, 155
411483.3.peg.2448.site.29, 2, 150, 152
411483.3.peg.2448.site.30, 4, 154, 158
411483.3.peg.2448.site.31, 2, 152, 154
411483.3.peg.2448.site.32, 4, 154, 158
411483.3.peg.2448.site.33, 0, 154, 154
411483.3.peg.2448.site.34, 2, 154, 156
411483.3.peg.2448.site.35, 0, 152, 152
411483.3.peg.2448.site.36, 22, 149, 171
411483.3.peg.2448.site.37, 4, 155, 159
411483.3.peg.2448.site.38, 3, 154, 157
411483.3.peg.2448.site.39, 6, 150, 156
411483.3.peg.2448.site.40, 7, 154, 161
411483.3.peg.2448.site.41, 0, 155, 155
411483.3.peg.2448.site.42, 3, 150, 153
411483.3.peg.2448.site.43, 5, 149, 154
411483.3.peg.2448.site.44, 6, 149, 155
411483.3.peg.2448.site.45, 2, 154, 156
411483.3.peg.2448.site.46, 3, 152, 155
411483.3.peg.2448.site.47, 9, 150, 159
411483.3.peg.2448.site.48, 12, 151, 163
411483.3.peg.2448.site.49, 6, 146, 152
411483.3.peg.2448.site.50, 65, 144, 209
411483.3.peg.2448.site.51, 4, 153, 157
411483.3.peg.2448.site.52, 1, 153, 154
411483.3.peg.2448.site.53, 146, 151, 297
411483.3.peg.2448.site.54, 5, 151, 156
411483.3.peg.2448.site.55, 11, 144, 155
411483.3.peg.2448.site.56, 2, 152, 154
411483.3.peg.2448.site.57, 2, 148, 150
411483.3.peg.2448.site.58, 7, 144, 151
411483.3.peg.2448.site.59, 16, 143, 159
411483.3.peg.2448.site.60, 3, 149, 152
411483.3.peg.2448.site.61, 7, 146, 153
411483.3.peg.2448.site.62, 14, 147, 161
411483.3.peg.2448.site.63, 23, 147, 170
411483.3.peg.2448.site.64, 1, 151, 152
411483.3.peg.2448.site.65, 1, 152, 153
411483.3.peg.2448.site.66, 34, 141, 175
411483.3.peg.2448.site.67, 20, 153, 173
411483.3.peg.2448.site.68, 3, 152, 155
411483.3.peg.2448.site.69, 2, 153, 155
411483.3.peg.2448.site.70, 0, 150, 150
411483.3.peg.2448.site.71, 0, 151, 151
411483.3.peg.2448.site.72, 1, 147, 148
411483.3.peg.2448.site.73, 0, 144, 144
411483.3.peg.2448.site.74, 1, 153, 154
411483.3.peg.2448.site.75, 0, 148, 148
411483.3.peg.2448.site.76, 4, 145, 149
411483.3.peg.2448.site.77, 113, 139, 252
411483.3.peg.2448.site.78, 2, 146, 148
411483.3.peg.2448.site.79, 13, 140, 153
411483.3.peg.2448.site.80, 9, 146, 155
411483.3.peg.2448.site.81, 2, 148, 150
411483.3.peg.2448.site.82, 6, 144, 150
411483.3.peg.2448.site.83, 5, 149, 154
411483.3.peg.2448.site.84, 2, 153, 155
411483.3.peg.2448.site.85, 2, 153, 155
411483.3.peg.2448.site.86, 2, 152, 154
411483.3.peg.2448.site.87, 9, 145, 154
411483.3.peg.2448.site.88, 33, 146, 179
411483.3.peg.2448.site.89, 5, 150, 155
411483.3.peg.2448.site.90, 1, 146, 147
411483.3.peg.2448.site.91, 0, 147, 147
411483.3.peg.2448.site.92, 3, 148, 151
411483.3.peg.2448.site.93, 2, 150, 152
411483.3.peg.2448.site.94, 1, 151, 152
411483.3.peg.2448.site.95, 10, 147, 157
411483.3.peg.2448.site.96, 3, 148, 151
411483.3.peg.2448.site.97, 2, 154, 156
411483.3.peg.2448.site.98, 1, 154, 155
411483.3.peg.2448.site.99, 1, 154, 155
411483.3.peg.2448.site.100, 8, 151, 159
411483.3.peg.2448.site.101, 1, 153, 154
411483.3.peg.2448.site.102, 4, 152, 156
411483.3.peg.2448.site.103, 2, 153, 155
411483.3.peg.2448.site.104, 2, 153, 155
411483.3.peg.2448.site.105, 17, 150, 167
411483.3.peg.2448.site.106, 133, 152, 285
411483.3.peg.2448.site.107, 34, 145, 179
411483.3.peg.2448.site.108, 44, 141, 185
411483.3.peg.2448.site.109, 1, 153, 154
411483.3.peg.2448.site.110, 3, 154, 157
411483.3.peg.2448.site.111, 2, 154, 156
411483.3.peg.2448.site.112, 42, 142, 184
411483.3.peg.2448.site.113, 6, 153, 159
411483.3.peg.2448.site.114, 5, 151, 156
411483.3.peg.2448.site.115, 1, 152, 153
411483.3.peg.2448.site.116, 2, 154, 156
411483.3.peg.2448.site.117, 1, 148, 149
411483.3.peg.2448.site.118, 1, 146, 147
411483.3.peg.2448.site.119, 0, 150, 150
411483.3.peg.2448.site.120, 8, 150, 158
411483.3.peg.2448.site.121, 0, 153, 153
411483.3.peg.2448.site.122, 5, 149, 154
411483.3.peg.2448.site.123, 6, 154, 160
411483.3.peg.2448.site.124, 5, 152, 157
411483.3.peg.2448.site.125, 0, 154, 154
411483.3.peg.2448.site.126, 82, 144, 226
411483.3.peg.2448.site.127, 11, 152, 163
411483.3.peg.2448.site.128, 5, 153, 158
411483.3.peg.2448.site.129, 4, 152, 156
411483.3.peg.2448.site.130, 6, 150, 156
411483.3.peg.2448.site.131, 2, 147, 149
411483.3.peg.2448.site.132, 7, 141, 148
411483.3.peg.2448.site.133, 1, 119, 120
411483.3.peg.2448.site.134, 0, 143, 143
411483.3.peg.2448.site.135, 7, 139, 146
411483.3.peg.2448.site.136, 11, 136, 147
411483.3.peg.2448.site.137, 0, 144, 144
411483.3.peg.2448.site.138, 1, 151, 152
411483.3.peg.2448.site.139, 57, 147, 204
411483.3.peg.2448.site.140, 2, 155, 157
411483.3.peg.2448.site.141, 10, 153, 163
411483.3.peg.2448.site.142, 7, 152, 159
411483.3.peg.2448.site.143, 14, 150, 164
411483.3.peg.2448.site.144, 23, 149, 172
411483.3.peg.2448.site.145, 4, 153, 157
411483.3.peg.2448.site.146, 1, 155, 156
411483.3.peg.2448.site.147, 2, 151, 153
411483.3.peg.2448.site.148, 1, 152, 153
411483.3.peg.2448.site.149, 1, 154, 155
411483.3.peg.2448.site.150, 19, 147, 166
411483.3.peg.2448.site.151, 1, 148, 149
411483.3.peg.2448.site.152, 1, 152, 153
411483.3.peg.2448.site.153, 4, 149, 153
411483.3.peg.2448.site.154, 1, 148, 149
411483.3.peg.2448.site.155, 2, 149, 151
411483.3.peg.2448.site.156, 0, 149, 149
411483.3.peg.2448.site.157, 6, 146, 152
411483.3.peg.2448.site.158, 1, 142, 143
411483.3.peg.2448.site.159, 2, 143, 145
411483.3.peg.2448.site.160, 3, 144, 147
411483.3.peg.2448.site.161, 1, 140, 141
411483.3.peg.2448.site.162, 16, 142, 158
411483.3.peg.2448.site.163, 10, 151, 161
411483.3.peg.2448.site.164, 1, 139, 140
411483.3.peg.2448.site.165, 3, 150, 153
411483.3.peg.2448.site.166, 4, 154, 158
411483.3.peg.2448.site.167, 0, 154, 154
411483.3.peg.2448.site.168, 6, 153, 159
411483.3.peg.2448.site.169, 1, 155, 156
411483.3.peg.2443.site.1, 8, 151, 159
411483.3.peg.2443.site.2, 2, 154, 156
411483.3.peg.2443.site.3, 150, 153, 303
411483.3.peg.2443.site.4, 0, 152, 152
411483.3.peg.2443.site.5, 3, 151, 154
411483.3.peg.2443.site.6, 7, 147, 154
411483.3.peg.2443.site.7, 5, 142, 147
411483.3.peg.2443.site.8, 2, 148, 150
411483.3.peg.2443.site.9, 1, 144, 145
411483.3.peg.2443.site.10, 0, 142, 142
411483.3.peg.2443.site.11, 1, 146, 147
411483.3.peg.2443.site.12, 3, 148, 151
411483.3.peg.2443.site.13, 8, 147, 155
411483.3.peg.2443.site.14, 128, 147, 275
411483.3.peg.2443.site.15, 0, 150, 150
411483.3.peg.2443.site.16, 0, 153, 153
411483.3.peg.2443.site.17, 10, 151, 161
411483.3.peg.2443.site.18, 1, 152, 153
411483.3.peg.2443.site.19, 153, 153, 306
411483.3.peg.2443.site.20, 2, 153, 155
411483.3.peg.2443.site.21, 2, 152, 154
411483.3.peg.2443.site.22, 5, 153, 158
411483.3.peg.2443.site.23, 6, 150, 156
411483.3.peg.2443.site.24, 0, 150, 150
411483.3.peg.2443.site.25, 8, 147, 155
411483.3.peg.2443.site.26, 136, 149, 285
411483.3.peg.2443.site.27, 2, 150, 152
411483.3.peg.2443.site.28, 90, 146, 236
411483.3.peg.2443.site.29, 8, 152, 160
411483.3.peg.2443.site.30, 5, 152, 157
411483.3.peg.2443.site.31, 3, 153, 156
411483.3.peg.2443.site.32, 29, 147, 176
411483.3.peg.2443.site.33, 1, 150, 151
411483.3.peg.2443.site.34, 12, 147, 159
411483.3.peg.2443.site.35, 5, 142, 147
411483.3.peg.2443.site.36, 1, 139, 140
411483.3.peg.2443.site.37, 13, 125, 138
411483.3.peg.2443.site.38, 16, 119, 135
411483.3.peg.2443.site.39, 10, 112, 122
411483.3.peg.2442.site.1, 5, 149, 154
411483.3.peg.2442.site.2, 143, 150, 293
411483.3.peg.2442.site.3, 1, 151, 152
411483.3.peg.2442.site.4, 2, 152, 154
411483.3.peg.2442.site.5, 78, 139, 217
411483.3.peg.2442.site.6, 0, 151, 151
411483.3.peg.2442.site.7, 6, 153, 159
411483.3.peg.2442.site.8, 6, 153, 159
411483.3.peg.2442.site.9, 10, 151, 161
411483.3.peg.2442.site.10, 2, 153, 155
411483.3.peg.2442.site.11, 1, 154, 155
411483.3.peg.2442.site.12, 9, 154, 163
411483.3.peg.2442.site.13, 23, 146, 169
411483.3.peg.2441.site.1, 13, 143, 156
411483.3.peg.2441.site.2, 4, 145, 149
411483.3.peg.2441.site.3, 11, 150, 161
411483.3.peg.2441.site.4, 7, 152, 159
411483.3.peg.2441.site.5, 0, 151, 151
411483.3.peg.2441.site.6, 1, 145, 146
411483.3.peg.2441.site.7, 5, 139, 144
411483.3.peg.2441.site.8, 2, 139, 141
411483.3.peg.2441.site.9, 4, 136, 140
411483.3.peg.2441.site.10, 11, 132, 143
411483.3.peg.2441.site.11, 6, 136, 142
411483.3.peg.2441.site.12, 17, 133, 150
411483.3.peg.2441.site.13, 8, 136, 144
411483.3.peg.2441.site.14, 5, 135, 140
411483.3.peg.2441.site.15, 7, 137, 144
411483.3.peg.2441.site.16, 2, 136, 138
411483.3.peg.2441.site.17, 14, 134, 148
411483.3.peg.2441.site.18, 1, 138, 139
411483.3.peg.2441.site.19, 0, 139, 139
411483.3.peg.2441.site.20, 1, 139, 140
411483.3.peg.2441.site.21, 4, 140, 144
411483.3.peg.2441.site.22, 4, 128, 132
411483.3.peg.2441.site.23, 2, 115, 117
411483.3.peg.2441.site.24, 29, 108, 137
411483.3.peg.2441.site.25, 1, 118, 119
411483.3.peg.2441.site.26, 76, 109, 185
411483.3.peg.2441.site.27, 7, 125, 132
411483.3.peg.2441.site.28, 3, 123, 126
411483.3.peg.2441.site.29, 1, 123, 124
411483.3.peg.2441.site.30, 9, 131, 140
411483.3.peg.2441.site.31, 1, 137, 138
411483.3.peg.2441.site.32, 1, 132, 133
411483.3.peg.2441.site.33, 1, 136, 137
411483.3.peg.2441.site.34, 1, 127, 128
411483.3.peg.2440.site.1, 0, 154, 154
411483.3.peg.2440.site.2, 0, 151, 151
411483.3.peg.2440.site.3, 2, 154, 156
411483.3.peg.2440.site.4, 3, 151, 154
411483.3.peg.2440.site.5, 1, 153, 154
411483.3.peg.2440.site.6, 0, 153, 153
411483.3.peg.2440.site.7, 74, 148, 222
411483.3.peg.2440.site.8, 5, 149, 154
411483.3.peg.2440.site.9, 2, 154, 156
411483.3.peg.2440.site.10, 4, 155, 159
411483.3.peg.2440.site.11, 133, 151, 284
411483.3.peg.2440.site.12, 74, 142, 216
411483.3.peg.2440.site.13, 2, 153, 155
411483.3.peg.2440.site.14, 3, 154, 157
411483.3.peg.2440.site.15, 2, 152, 154
411483.3.peg.2440.site.16, 1, 155, 156
411483.3.peg.2440.site.17, 25, 147, 172
411483.3.peg.2440.site.18, 8, 155, 163
411483.3.peg.2440.site.19, 3, 154, 157
411483.3.peg.2440.site.20, 1, 153, 154
411483.3.peg.2440.site.21, 8, 155, 163
411483.3.peg.2440.site.22, 4, 152, 156
411483.3.peg.2440.site.23, 0, 153, 153
411483.3.peg.2440.site.24, 1, 155, 156
411483.3.peg.2440.site.25, 97, 140, 237
411483.3.peg.2440.site.26, 1, 153, 154
411483.3.peg.2440.site.27, 150, 154, 304
411483.3.peg.2440.site.28, 54, 143, 197
411483.3.peg.2440.site.29, 6, 154, 160
411483.3.peg.2440.site.30, 2, 155, 157
411483.3.peg.2440.site.31, 0, 154, 154
411483.3.peg.2440.site.32, 1, 154, 155
411483.3.peg.2440.site.33, 0, 155, 155
411483.3.peg.2440.site.34, 3, 152, 155
411483.3.peg.2440.site.35, 4, 155, 159
411483.3.peg.2440.site.36, 1, 154, 155
411483.3.peg.2440.site.37, 4, 152, 156
411483.3.peg.2440.site.38, 3, 155, 158
411483.3.peg.2440.site.39, 110, 148, 258
411483.3.peg.2440.site.40, 1, 155, 156
411483.3.peg.2440.site.41, 1, 154, 155
411483.3.peg.2440.site.42, 1, 154, 155
411483.3.peg.2440.site.43, 16, 152, 168
411483.3.peg.2440.site.44, 0, 154, 154
411483.3.peg.2440.site.45, 1, 154, 155
411483.3.peg.2440.site.46, 29, 146, 175
411483.3.peg.2440.site.47, 104, 142, 246
411483.3.peg.2440.site.48, 58, 146, 204
411483.3.peg.2440.site.49, 76, 141, 217
411483.3.peg.2440.site.50, 0, 151, 151
411483.3.peg.2440.site.51, 4, 152, 156
411483.3.peg.2440.site.52, 32, 143, 175
411483.3.peg.2440.site.53, 5, 154, 159
411483.3.peg.2440.site.54, 111, 148, 259
411483.3.peg.2440.site.55, 17, 153, 170
411483.3.peg.2440.site.56, 4, 154, 158
411483.3.peg.2440.site.57, 1, 155, 156
411483.3.peg.2440.site.58, 12, 154, 166
411483.3.peg.2440.site.59, 2, 154, 156
411483.3.peg.2440.site.60, 3, 153, 156
411483.3.peg.2440.site.61, 0, 153, 153
411483.3.peg.2440.site.62, 19, 150, 169
411483.3.peg.2440.site.63, 1, 152, 153
411483.3.peg.2440.site.64, 0, 152, 152
411483.3.peg.2440.site.65, 4, 154, 158
411483.3.peg.2440.site.66, 95, 140, 235
411483.3.peg.2440.site.67, 98, 140, 238
411483.3.peg.2440.site.68, 1, 147, 148
411483.3.peg.2440.site.69, 30, 143, 173
411483.3.peg.2440.site.70, 0, 151, 151
411483.3.peg.2440.site.71, 38, 144, 182
411483.3.peg.2440.site.72, 52, 136, 188
411483.3.peg.2440.site.73, 143, 151, 294
411483.3.peg.2440.site.74, 0, 150, 150
411483.3.peg.2440.site.75, 0, 154, 154
411483.3.peg.2440.site.76, 3, 154, 157
411483.3.peg.2440.site.77, 6, 154, 160
411483.3.peg.2440.site.78, 67, 136, 203
411483.3.peg.2440.site.79, 0, 154, 154
411483.3.peg.2440.site.80, 74, 142, 216
411483.3.peg.2440.site.81, 1, 153, 154
411483.3.peg.2440.site.82, 3, 153, 156
411483.3.peg.2440.site.83, 1, 154, 155
411483.3.peg.2440.site.84, 4, 154, 158
411483.3.peg.2440.site.85, 6, 154, 160
411483.3.peg.2440.site.86, 54, 145, 199
411483.3.peg.2440.site.87, 155, 155, 310
411483.3.peg.2440.site.88, 5, 152, 157
411483.3.peg.2440.site.89, 0, 153, 153
411483.3.peg.2440.site.90, 0, 154, 154
411483.3.peg.2440.site.91, 4, 152, 156
411483.3.peg.2440.site.92, 1, 153, 154
411483.3.peg.2440.site.93, 2, 155, 157
411483.3.peg.2440.site.94, 1, 155, 156
411483.3.peg.2440.site.95, 14, 154, 168
411483.3.peg.2440.site.96, 2, 155, 157
411483.3.peg.2440.site.97, 0, 154, 154
411483.3.peg.2440.site.98, 7, 155, 162
411483.3.peg.2440.site.99, 0, 155, 155
411483.3.peg.2440.site.100, 33, 143, 176
411483.3.peg.2440.site.101, 2, 155, 157
411483.3.peg.2440.site.102, 22, 151, 173
411483.3.peg.2440.site.103, 1, 153, 154
411483.3.peg.2440.site.104, 2, 153, 155
411483.3.peg.2440.site.105, 9, 152, 161
411483.3.peg.2440.site.106, 1, 155, 156
411483.3.peg.2440.site.107, 45, 145, 190
411483.3.peg.2440.site.108, 8, 154, 162
411483.3.peg.2440.site.109, 71, 150, 221
411483.3.peg.2440.site.110, 2, 155, 157
411483.3.peg.2440.site.111, 4, 153, 157
411483.3.peg.2440.site.112, 1, 153, 154
411483.3.peg.2440.site.113, 2, 154, 156
411483.3.peg.2440.site.114, 8, 154, 162
411483.3.peg.2440.site.115, 2, 155, 157
411483.3.peg.2440.site.116, 3, 155, 158
411483.3.peg.2440.site.117, 5, 153, 158
411483.3.peg.2440.site.118, 0, 154, 154
411483.3.peg.2440.site.119, 5, 155, 160
411483.3.peg.2440.site.120, 17, 151, 168
411483.3.peg.2440.site.121, 0, 155, 155
411483.3.peg.2440.site.122, 31, 149, 180
411483.3.peg.2440.site.123, 2, 155, 157
411483.3.peg.2440.site.124, 0, 153, 153
411483.3.peg.2440.site.125, 12, 147, 159
411483.3.peg.2440.site.126, 5, 155, 160
411483.3.peg.2440.site.127, 4, 151, 155
411483.3.peg.2440.site.128, 0, 153, 153
411483.3.peg.2440.site.129, 2, 152, 154
411483.3.peg.2440.site.130, 7, 151, 158
411483.3.peg.2440.site.131, 1, 151, 152
411483.3.peg.2440.site.132, 1, 150, 151
411483.3.peg.2440.site.133, 2, 148, 150
411483.3.peg.2440.site.134, 3, 149, 152
411483.3.peg.2440.site.135, 2, 149, 151
411483.3.peg.2440.site.136, 5, 147, 152
411483.3.peg.2440.site.137, 2, 146, 148
411483.3.peg.2440.site.138, 8, 142, 150
411483.3.peg.2446.site.1, 5, 151, 156
411483.3.peg.2446.site.2, 0, 148, 148
411483.3.peg.2446.site.3, 2, 155, 157
411483.3.peg.2446.site.4, 2, 151, 153
411483.3.peg.2446.site.5, 105, 143, 248
411483.3.peg.2446.site.6, 5, 153, 158
411483.3.peg.2446.site.7, 1, 152, 153
411483.3.peg.2446.site.8, 3, 153, 156
411483.3.peg.2446.site.9, 11, 147, 158
411483.3.peg.2446.site.10, 4, 154, 158
411483.3.peg.2446.site.11, 0, 150, 150
411483.3.peg.2446.site.12, 6, 153, 159
411483.3.peg.2446.site.13, 1, 155, 156
411483.3.peg.2446.site.14, 0, 154, 154
411483.3.peg.2446.site.15, 7, 153, 160
411483.3.peg.2446.site.16, 1, 152, 153
411483.3.peg.2446.site.17, 1, 150, 151
411483.3.peg.2446.site.18, 3, 152, 155
411483.3.peg.2446.site.19, 3, 149, 152
411483.3.peg.2446.site.20, 7, 150, 157
411483.3.peg.2446.site.21, 5, 149, 154
411483.3.peg.2446.site.22, 5, 148, 153
411483.3.peg.2446.site.23, 13, 145, 158
411483.3.peg.2446.site.24, 0, 149, 149
411483.3.peg.2446.site.25, 5, 150, 155
411483.3.peg.2446.site.26, 4, 145, 149
411483.3.peg.2446.site.27, 0, 150, 150
411483.3.peg.2446.site.28, 0, 153, 153
411483.3.peg.2446.site.29, 1, 153, 154
411483.3.peg.2446.site.30, 0, 151, 151
411483.3.peg.2446.site.31, 16, 150, 166
411483.3.peg.2446.site.32, 1, 153, 154
411483.3.peg.2446.site.33, 6, 151, 157
411483.3.peg.2446.site.34, 5, 153, 158
411483.3.peg.2446.site.35, 0, 145, 145
411483.3.peg.2446.site.36, 6, 154, 160
411483.3.peg.2446.site.37, 11, 148, 159
411483.3.peg.2446.site.38, 0, 143, 143
411483.3.peg.2446.site.39, 1, 155, 156
411483.3.peg.2446.site.40, 1, 154, 155
411483.3.peg.2446.site.41, 12, 150, 162
411483.3.peg.2446.site.42, 5, 154, 159
411483.3.peg.2446.site.43, 0, 152, 152
411483.3.peg.2446.site.44, 1, 154, 155
411483.3.peg.2446.site.45, 2, 155, 157
411483.3.peg.2446.site.46, 4, 154, 158
411483.3.peg.2446.site.47, 0, 155, 155
411483.3.peg.2446.site.48, 0, 154, 154
411483.3.peg.2446.site.49, 1, 155, 156
411483.3.peg.2445.site.1, 1, 140, 141
411483.3.peg.2445.site.2, 140, 144, 284
411483.3.peg.2445.site.3, 2, 148, 150
411483.3.peg.2445.site.4, 3, 152, 155
411483.3.peg.2445.site.5, 0, 151, 151
411483.3.peg.2445.site.6, 21, 144, 165
411483.3.peg.2445.site.7, 5, 148, 153
411483.3.peg.2445.site.8, 0, 145, 145
411483.3.peg.2445.site.9, 1, 147, 148
411483.3.peg.2445.site.10, 5, 147, 152
411483.3.peg.2445.site.11, 1, 147, 148
411483.3.peg.2445.site.12, 1, 146, 147
411483.3.peg.2445.site.13, 1, 147, 148
411483.3.peg.2445.site.14, 1, 149, 150
411483.3.peg.2445.site.15, 1, 147, 148
411483.3.peg.2445.site.16, 3, 153, 156
411483.3.peg.2445.site.17, 3, 147, 150
411483.3.peg.2445.site.18, 5, 153, 158
411483.3.peg.2445.site.19, 1, 155, 156
411483.3.peg.2445.site.20, 3, 150, 153
411483.3.peg.2445.site.21, 6, 150, 156
411483.3.peg.2445.site.22, 1, 155, 156
411483.3.peg.2445.site.23, 3, 152, 155
411483.3.peg.2445.site.24, 4, 155, 159
411483.3.peg.2445.site.25, 1, 155, 156
411483.3.peg.2445.site.26, 3, 155, 158
411483.3.peg.2445.site.27, 7, 153, 160
411483.3.peg.2445.site.28, 1, 154, 155
411483.3.peg.2445.site.29, 149, 153, 302
411483.3.peg.2445.site.30, 2, 153, 155
411483.3.peg.2445.site.31, 2, 153, 155
411483.3.peg.2445.site.32, 31, 149, 180
411483.3.peg.2445.site.33, 8, 150, 158
411483.3.peg.2445.site.34, 9, 154, 163
411483.3.peg.2445.site.35, 18, 147, 165
411483.3.peg.2445.site.36, 3, 155, 158
411483.3.peg.2445.site.37, 5, 153, 158
411483.3.peg.2445.site.38, 0, 153, 153
411483.3.peg.2445.site.39, 1, 154, 155
411483.3.peg.2445.site.40, 116, 149, 265
411483.3.peg.1806.site.1, 9, 141, 150
411483.3.peg.1806.site.2, 12, 141, 153
411483.3.peg.1806.site.3, 3, 147, 150
411483.3.peg.1806.site.4, 1, 150, 151
411483.3.peg.1806.site.5, 4, 144, 148
411483.3.peg.1806.site.6, 9, 149, 158
411483.3.peg.1806.site.7, 1, 152, 153
411483.3.peg.1806.site.8, 71, 144, 215
411483.3.peg.1806.site.9, 1, 154, 155
411483.3.peg.1806.site.10, 56, 144, 200
411483.3.peg.1806.site.11, 44, 146, 190
411483.3.peg.1806.site.12, 79, 139, 218
411483.3.peg.1806.site.13, 5, 149, 154
411483.3.peg.1806.site.14, 1, 150, 151
411483.3.peg.1806.site.15, 121, 139, 260
411483.3.peg.1806.site.16, 10, 149, 159
411483.3.peg.1806.site.17, 3, 154, 157
411483.3.peg.1806.site.18, 4, 151, 155
411483.3.peg.1806.site.19, 9, 152, 161
411483.3.peg.1806.site.20, 0, 151, 151
411483.3.peg.1806.site.21, 1, 148, 149
411483.3.peg.1806.site.22, 107, 136, 243
411483.3.peg.1806.site.23, 0, 148, 148
411483.3.peg.1806.site.24, 23, 144, 167
411483.3.peg.1806.site.25, 1, 150, 151
411483.3.peg.1806.site.26, 35, 148, 183
411483.3.peg.1806.site.27, 9, 152, 161
411483.3.peg.1806.site.28, 1, 155, 156
411483.3.peg.1806.site.29, 6, 151, 157
411483.3.peg.1806.site.30, 10, 151, 161
411483.3.peg.1806.site.31, 12, 149, 161
411483.3.peg.1806.site.32, 51, 140, 191
411483.3.peg.1806.site.33, 0, 153, 153
411483.3.peg.1806.site.34, 30, 145, 175
411483.3.peg.1806.site.35, 3, 152, 155
411483.3.peg.1806.site.36, 0, 150, 150
411483.3.peg.1806.site.37, 64, 134, 198
411483.3.peg.1806.site.38, 6, 144, 150
411483.3.peg.1806.site.39, 8, 148, 156
411483.3.peg.1806.site.40, 11, 146, 157
411483.3.peg.1806.site.41, 2, 148, 150
411483.3.peg.1806.site.42, 3, 148, 151
411483.3.peg.1806.site.43, 105, 137, 242
411483.3.peg.1806.site.44, 68, 130, 198
411483.3.peg.1806.site.45, 1, 145, 146
411483.3.peg.1806.site.46, 35, 141, 176
411483.3.peg.1806.site.47, 135, 143, 278
411483.3.peg.1806.site.48, 1, 142, 143
411483.3.peg.1806.site.49, 63, 137, 200
411483.3.peg.1806.site.50, 1, 146, 147
411483.3.peg.1806.site.51, 1, 136, 137
411483.3.peg.1806.site.52, 95, 128, 223
411483.3.peg.1806.site.53, 3, 142, 145
411483.3.peg.1806.site.54, 126, 139, 265
411483.3.peg.1806.site.55, 3, 150, 153
411483.3.peg.1806.site.56, 1, 148, 149
411483.3.peg.1806.site.57, 1, 152, 153
411483.3.peg.1806.site.58, 18, 152, 170
411483.3.peg.1806.site.59, 1, 153, 154
411483.3.peg.1806.site.60, 4, 150, 154
411483.3.peg.1806.site.61, 2, 148, 150
411483.3.peg.1806.site.62, 6, 142, 148
411483.3.peg.1806.site.63, 44, 139, 183
411483.3.peg.1806.site.64, 67, 138, 205
411483.3.peg.1806.site.65, 100, 136, 236
411483.3.peg.1806.site.66, 8, 152, 160
411483.3.peg.1806.site.67, 0, 146, 146
411483.3.peg.1806.site.68, 2, 149, 151
411483.3.peg.1806.site.69, 8, 153, 161
411483.3.peg.1806.site.70, 0, 154, 154
411483.3.peg.1806.site.71, 4, 153, 157
411483.3.peg.1806.site.72, 5, 148, 153
411483.3.peg.1806.site.73, 5, 146, 151
411483.3.peg.1806.site.74, 0, 149, 149
411483.3.peg.1806.site.75, 2, 148, 150
411483.3.peg.1806.site.76, 3, 144, 147
411483.3.peg.1806.site.77, 5, 144, 149
411483.3.peg.1806.site.78, 5, 140, 145
411483.3.peg.1806.site.79, 98, 134, 232
411483.3.peg.1806.site.80, 2, 146, 148
411483.3.peg.1806.site.81, 0, 144, 144
411483.3.peg.1806.site.82, 0, 148, 148
411483.3.peg.1806.site.83, 2, 152, 154
411483.3.peg.1806.site.84, 11, 143, 154
411483.3.peg.1806.site.85, 0, 152, 152
411483.3.peg.1806.site.86, 6, 142, 148
411483.3.peg.1806.site.87, 128, 138, 266
411483.3.peg.1806.site.88, 1, 142, 143
411483.3.peg.1806.site.89, 117, 132, 249
411483.3.peg.1806.site.90, 18, 128, 146
411483.3.peg.1806.site.91, 21, 134, 155
411483.3.peg.1806.site.92, 44, 129, 173
411483.3.peg.1806.site.93, 0, 144, 144
411483.3.peg.1806.site.94, 3, 142, 145
411483.3.peg.1806.site.95, 22, 131, 153
411483.3.peg.1806.site.96, 114, 136, 250
411483.3.peg.1806.site.97, 1, 145, 146
411483.3.peg.1806.site.98, 1, 140, 141
411483.3.peg.1806.site.99, 1, 141, 142
411483.3.peg.1806.site.100, 1, 133, 134
411483.3.peg.1806.site.101, 2, 124, 126
411483.3.peg.1806.site.102, 2, 129, 131
411483.3.peg.1806.site.103, 4, 124, 128
411483.3.peg.1806.site.104, 0, 127, 127
411483.3.peg.1806.site.105, 5, 124, 129
411483.3.peg.1806.site.106, 5, 112, 117
411483.3.peg.1806.site.107, 0, 113, 113
411483.3.peg.1806.site.108, 34, 112, 146
411483.3.peg.1806.site.109, 7, 121, 128
411483.3.peg.1806.site.110, 15, 105, 120
411483.3.peg.1806.site.111, 47, 92, 139
411483.3.peg.1806.site.112, 3, 98, 101
411483.3.peg.1806.site.113, 96, 100, 196
411483.3.peg.1806.site.114, 5, 106, 111
411483.3.peg.1806.site.115, 1, 96, 97
411483.3.peg.1806.site.116, 28, 94, 122
411483.3.peg.1806.site.117, 4, 115, 119
411483.3.peg.1806.site.118, 4, 111, 115
411483.3.peg.1806.site.119, 0, 135, 135
411483.3.peg.1807.site.1, 5, 64, 69
411483.3.peg.1807.site.2, 0, 70, 70
411483.3.peg.1807.site.3, 1, 126, 127
411483.3.peg.1807.site.4, 118, 121, 239
411483.3.peg.1807.site.5, 0, 151, 151
411483.3.peg.1807.site.6, 5, 152, 157
411483.3.peg.1805.site.1, 38, 65, 103
411483.3.peg.1805.site.2, 2, 78, 80
411483.3.peg.1805.site.3, 4, 87, 91
411483.3.peg.1805.site.4, 5, 101, 106
411483.3.peg.1805.site.5, 0, 97, 97
411483.3.peg.1805.site.6, 1, 110, 111
411483.3.peg.1805.site.7, 1, 122, 123
411483.3.peg.1805.site.8, 4, 115, 119
411483.3.peg.1805.site.9, 53, 116, 169
411483.3.peg.1805.site.10, 1, 130, 131
411483.3.peg.1805.site.11, 16, 125, 141
411483.3.peg.1805.site.12, 1, 133, 134
411483.3.peg.1805.site.13, 2, 129, 131
411483.3.peg.1805.site.14, 14, 127, 141
411483.3.peg.1805.site.15, 3, 126, 129
411483.3.peg.1805.site.16, 2, 126, 128
411483.3.peg.1805.site.17, 112, 117, 229
411483.3.peg.1805.site.18, 1, 109, 110
411483.3.peg.1805.site.19, 16, 88, 104
411483.3.peg.1805.site.20, 31, 91, 122
411483.3.peg.1805.site.21, 85, 88, 173
411483.3.peg.1805.site.22, 26, 92, 118
411483.3.peg.1805.site.23, 1, 100, 101
411483.3.peg.1805.site.24, 2, 112, 114
411483.3.peg.1805.site.25, 2, 124, 126
411483.3.peg.1805.site.26, 2, 110, 112
411483.3.peg.1805.site.27, 3, 118, 121
411483.3.peg.1805.site.28, 8, 124, 132
411483.3.peg.1805.site.29, 14, 115, 129
411483.3.peg.1805.site.30, 2, 113, 115
411483.3.peg.1805.site.31, 4, 114, 118
411483.3.peg.1805.site.32, 1, 119, 120
411483.3.peg.1805.site.33, 1, 116, 117
411483.3.peg.1805.site.34, 8, 108, 116
411483.3.peg.1805.site.35, 3, 122, 125
411483.3.peg.1805.site.36, 1, 134, 135
411483.3.peg.1805.site.37, 1, 141, 142
411483.3.peg.1805.site.38, 47, 134, 181
411483.3.peg.1805.site.39, 5, 133, 138
411483.3.peg.1805.site.40, 72, 129, 201
411483.3.peg.1805.site.41, 14, 141, 155
411483.3.peg.1805.site.42, 6, 133, 139
411483.3.peg.1805.site.43, 1, 140, 141
411483.3.peg.1805.site.44, 0, 138, 138
411483.3.peg.1805.site.45, 5, 131, 136
411483.3.peg.1805.site.46, 3, 138, 141
411483.3.peg.1805.site.47, 1, 134, 135
411483.3.peg.1805.site.48, 9, 130, 139
411483.3.peg.1805.site.49, 0, 135, 135
411483.3.peg.1805.site.50, 1, 136, 137
411483.3.peg.1805.site.51, 25, 122, 147
411483.3.peg.1805.site.52, 46, 119, 165
411483.3.peg.1805.site.53, 3, 109, 112
411483.3.peg.1805.site.54, 4, 126, 130
411483.3.peg.1805.site.55, 0, 125, 125
411483.3.peg.1805.site.56, 3, 130, 133
411483.3.peg.1805.site.57, 0, 133, 133
411483.3.peg.1805.site.58, 41, 130, 171
411483.3.peg.1805.site.59, 1, 146, 147
411483.3.peg.1805.site.60, 3, 146, 149
411483.3.peg.1805.site.61, 1, 148, 149
411483.3.peg.1805.site.62, 20, 140, 160
411483.3.peg.1805.site.63, 2, 148, 150
411483.3.peg.1805.site.64, 3, 146, 149
411483.3.peg.1805.site.65, 2, 143, 145
411483.3.peg.1805.site.66, 1, 144, 145
411483.3.peg.1805.site.67, 1, 145, 146
411483.3.peg.1805.site.68, 11, 138, 149
411483.3.peg.1800.site.1, 0, 154, 154
411483.3.peg.1800.site.2, 5, 154, 159
411483.3.peg.1800.site.3, 46, 142, 188
411483.3.peg.1800.site.4, 7, 151, 158
411483.3.peg.1800.site.5, 3, 155, 158
411483.3.peg.1800.site.6, 21, 152, 173
411483.3.peg.1800.site.7, 2, 154, 156
411483.3.peg.1800.site.8, 2, 153, 155
411483.3.peg.1800.site.9, 8, 153, 161
411483.3.peg.1800.site.10, 9, 154, 163
411483.3.peg.1800.site.11, 16, 152, 168
411483.3.peg.1800.site.12, 0, 151, 151
411483.3.peg.1800.site.13, 9, 152, 161
411483.3.peg.1800.site.14, 11, 148, 159
411483.3.peg.1800.site.15, 53, 141, 194
411483.3.peg.1800.site.16, 144, 150, 294
411483.3.peg.1800.site.17, 10, 152, 162
411483.3.peg.1800.site.18, 0, 152, 152
411483.3.peg.1800.site.19, 6, 148, 154
411483.3.peg.1800.site.20, 53, 140, 193
411483.3.peg.1800.site.21, 0, 147, 147
411483.3.peg.1800.site.22, 54, 131, 185
411483.3.peg.1800.site.23, 1, 147, 148
411483.3.peg.1800.site.24, 5, 143, 148
411483.3.peg.1800.site.25, 6, 142, 148
411483.3.peg.1800.site.26, 8, 144, 152
411483.3.peg.1800.site.27, 5, 141, 146
411483.3.peg.1800.site.28, 3, 146, 149
411483.3.peg.1800.site.29, 45, 138, 183
411483.3.peg.1800.site.30, 58, 136, 194
411483.3.peg.1800.site.31, 1, 146, 147
411483.3.peg.1800.site.32, 4, 150, 154
411483.3.peg.1800.site.33, 8, 149, 157
411483.3.peg.1800.site.34, 132, 146, 278
411483.3.peg.1800.site.35, 5, 145, 150
411483.3.peg.1800.site.36, 1, 151, 152
411483.3.peg.1800.site.37, 1, 150, 151
411483.3.peg.1800.site.38, 3, 148, 151
411483.3.peg.1800.site.39, 126, 130, 256
411483.3.peg.1800.site.40, 1, 138, 139
411483.3.peg.1800.site.41, 2, 137, 139
411483.3.peg.1800.site.42, 1, 135, 136
411483.3.peg.1800.site.43, 3, 135, 138
411483.3.peg.1800.site.44, 4, 137, 141
411483.3.peg.1800.site.45, 9, 134, 143
411483.3.peg.1800.site.46, 1, 142, 143
411483.3.peg.1800.site.47, 1, 143, 144
411483.3.peg.1800.site.48, 1, 142, 143
411483.3.peg.1800.site.49, 1, 149, 150
411483.3.peg.1801.site.1, 17, 147, 164
411483.3.peg.1801.site.2, 1, 150, 151
411483.3.peg.1801.site.3, 4, 145, 149
411483.3.peg.1801.site.4, 9, 142, 151
411483.3.peg.1801.site.5, 3, 148, 151
411483.3.peg.1801.site.6, 18, 148, 166
411483.3.peg.1801.site.7, 1, 148, 149
411483.3.peg.1801.site.8, 145, 146, 291
411483.3.peg.1801.site.9, 145, 147, 292
411483.3.peg.1801.site.10, 6, 151, 157
411483.3.peg.1801.site.11, 3, 151, 154
411483.3.peg.1801.site.12, 6, 148, 154
411483.3.peg.1801.site.13, 60, 142, 202
411483.3.peg.1801.site.14, 17, 153, 170
411483.3.peg.1801.site.15, 1, 152, 153
411483.3.peg.1801.site.16, 1, 153, 154
411483.3.peg.1801.site.17, 1, 154, 155
411483.3.peg.1801.site.18, 1, 154, 155
411483.3.peg.1801.site.19, 53, 137, 190
411483.3.peg.1801.site.20, 4, 146, 150
411483.3.peg.1801.site.21, 11, 135, 146
411483.3.peg.1801.site.22, 3, 144, 147
411483.3.peg.1801.site.23, 2, 141, 143
411483.3.peg.1801.site.24, 30, 126, 156
411483.3.peg.1801.site.25, 5, 133, 138
411483.3.peg.1801.site.26, 1, 138, 139
411483.3.peg.1801.site.27, 9, 136, 145
411483.3.peg.1801.site.28, 9, 136, 145
411483.3.peg.1801.site.29, 4, 135, 139
411483.3.peg.1801.site.30, 1, 133, 134
411483.3.peg.1801.site.31, 13, 118, 131
411483.3.peg.1808.site.1, 2, 151, 153
411483.3.peg.1808.site.2, 2, 151, 153
411483.3.peg.1808.site.3, 0, 151, 151
411483.3.peg.1808.site.4, 0, 150, 150
411483.3.peg.1808.site.5, 4, 154, 158
411483.3.peg.1808.site.6, 2, 148, 150
411483.3.peg.1808.site.7, 24, 147, 171
411483.3.peg.1808.site.8, 0, 152, 152
411483.3.peg.1808.site.9, 6, 151, 157
411483.3.peg.1808.site.10, 10, 153, 163
411483.3.peg.1808.site.11, 1, 148, 149
411483.3.peg.1808.site.12, 45, 136, 181
411483.3.peg.1808.site.13, 1, 143, 144
411483.3.peg.1808.site.14, 8, 151, 159
411483.3.peg.1808.site.15, 1, 145, 146
411483.3.peg.1808.site.16, 1, 144, 145
411483.3.peg.1808.site.17, 1, 146, 147
411483.3.peg.1808.site.18, 2, 139, 141
411483.3.peg.1808.site.19, 5, 140, 145
411483.3.peg.1808.site.20, 11, 142, 153
411483.3.peg.1808.site.21, 121, 135, 256
411483.3.peg.1808.site.22, 3, 145, 148
411483.3.peg.1808.site.23, 2, 142, 144
411483.3.peg.1808.site.24, 0, 146, 146
411483.3.peg.1808.site.25, 2, 142, 144
411483.3.peg.1808.site.26, 6, 131, 137
411483.3.peg.1808.site.27, 8, 134, 142
411483.3.peg.1808.site.28, 2, 133, 135
411483.3.peg.1808.site.29, 2, 131, 133
411483.3.peg.1808.site.30, 3, 137, 140
411483.3.peg.1808.site.31, 0, 142, 142
411483.3.peg.1808.site.32, 11, 147, 158
411483.3.peg.1808.site.33, 9, 145, 154
411483.3.peg.1808.site.34, 1, 138, 139
411483.3.peg.1808.site.35, 2, 139, 141
411483.3.peg.1808.site.36, 0, 139, 139
411483.3.peg.1808.site.37, 2, 133, 135
411483.3.peg.1808.site.38, 25, 122, 147
411483.3.peg.1808.site.39, 21, 130, 151
411483.3.peg.1808.site.40, 2, 131, 133
411483.3.peg.1808.site.41, 2, 137, 139
411483.3.peg.1808.site.42, 4, 140, 144
411483.3.peg.1808.site.43, 5, 148, 153
411483.3.peg.1808.site.44, 3, 152, 155
411483.3.peg.1808.site.45, 5, 153, 158
411483.3.peg.1808.site.46, 0, 148, 148
411483.3.peg.1808.site.47, 1, 150, 151
411483.3.peg.1808.site.48, 1, 145, 146
411483.3.peg.1808.site.49, 0, 141, 141
411483.3.peg.1808.site.50, 1, 140, 141
411483.3.peg.1809.site.1, 2, 146, 148
411483.3.peg.1809.site.2, 60, 138, 198
411483.3.peg.1809.site.3, 3, 150, 153
411483.3.peg.1809.site.4, 3, 147, 150
411483.3.peg.1809.site.5, 33, 141, 174
411483.3.peg.1809.site.6, 2, 153, 155
411483.3.peg.1809.site.7, 16, 150, 166
411483.3.peg.1809.site.8, 24, 147, 171
411483.3.peg.1809.site.9, 2, 153, 155
411483.3.peg.1809.site.10, 1, 155, 156
411483.3.peg.1809.site.11, 0, 152, 152
411483.3.peg.1809.site.12, 140, 152, 292
411483.3.peg.1809.site.13, 9, 152, 161
411483.3.peg.1809.site.14, 30, 134, 164
411483.3.peg.1809.site.15, 1, 150, 151
411483.3.peg.1809.site.16, 46, 141, 187
411483.3.peg.1809.site.17, 2, 151, 153
411483.3.peg.1809.site.18, 112, 146, 258
411483.3.peg.1809.site.19, 6, 147, 153
411483.3.peg.1809.site.20, 6, 149, 155
411483.3.peg.1809.site.21, 3, 151, 154
411483.3.peg.1809.site.22, 1, 151, 152
411483.3.peg.1809.site.23, 2, 145, 147
411483.3.peg.1809.site.24, 0, 151, 151
411483.3.peg.1809.site.25, 3, 153, 156
411483.3.peg.1809.site.26, 144, 154, 298
411483.3.peg.1809.site.27, 4, 153, 157
411483.3.peg.1809.site.28, 2, 152, 154
411483.3.peg.1809.site.29, 2, 146, 148
411483.3.peg.1809.site.30, 1, 150, 151
411483.3.peg.1809.site.31, 2, 145, 147
411483.3.peg.1809.site.32, 3, 147, 150
411483.3.peg.1809.site.33, 3, 139, 142
411483.3.peg.1809.site.34, 1, 145, 146
411483.3.peg.1809.site.35, 148, 150, 298
411483.3.peg.1809.site.36, 22, 139, 161
411483.3.peg.1809.site.37, 3, 145, 148
411483.3.peg.1809.site.38, 4, 149, 153
411483.3.peg.1809.site.39, 9, 148, 157
411483.3.peg.1809.site.40, 5, 145, 150
411483.3.peg.1809.site.41, 4, 146, 150
411483.3.peg.1809.site.42, 26, 134, 160
411483.3.peg.1809.site.43, 2, 148, 150
411483.3.peg.1809.site.44, 10, 137, 147
411483.3.peg.1809.site.45, 2, 139, 141
411483.3.peg.1809.site.46, 3, 149, 152
411483.3.peg.1809.site.47, 16, 149, 165
411483.3.peg.1809.site.48, 2, 151, 153
411483.3.peg.1809.site.49, 30, 148, 178
411483.3.peg.1809.site.50, 4, 153, 157
411483.3.peg.1809.site.51, 3, 152, 155
411483.3.peg.1809.site.52, 0, 153, 153
411483.3.peg.1809.site.53, 3, 153, 156
411483.3.peg.1809.site.54, 2, 153, 155
411483.3.peg.1809.site.55, 31, 147, 178
411483.3.peg.1809.site.56, 14, 147, 161
411483.3.peg.1809.site.57, 49, 147, 196
411483.3.peg.286.site.1, 2, 153, 155
411483.3.peg.286.site.2, 1, 150, 151
411483.3.peg.286.site.3, 148, 149, 297
411483.3.peg.286.site.4, 3, 148, 151
411483.3.peg.286.site.5, 6, 146, 152
411483.3.peg.286.site.6, 141, 141, 282
411483.3.peg.286.site.7, 2, 148, 150
411483.3.peg.286.site.8, 6, 146, 152
411483.3.peg.286.site.9, 66, 138, 204
411483.3.peg.286.site.10, 7, 145, 152
411483.3.peg.286.site.11, 8, 149, 157
411483.3.peg.286.site.12, 0, 151, 151
411483.3.peg.286.site.13, 4, 151, 155
411483.3.peg.286.site.14, 0, 151, 151
411483.3.peg.286.site.15, 1, 150, 151
411483.3.peg.286.site.16, 0, 152, 152
411483.3.peg.286.site.17, 1, 153, 154
411483.3.peg.286.site.18, 0, 150, 150
411483.3.peg.286.site.19, 4, 149, 153
411483.3.peg.286.site.20, 1, 153, 154
411483.3.peg.286.site.21, 3, 148, 151
411483.3.peg.286.site.22, 0, 149, 149
411483.3.peg.286.site.23, 3, 150, 153
411483.3.peg.286.site.24, 2, 149, 151
411483.3.peg.286.site.25, 2, 151, 153
411483.3.peg.286.site.26, 0, 150, 150
411483.3.peg.286.site.27, 0, 153, 153
411483.3.peg.286.site.28, 0, 150, 150
411483.3.peg.286.site.29, 0, 148, 148
411483.3.peg.286.site.30, 4, 152, 156
411483.3.peg.286.site.31, 0, 151, 151
411483.3.peg.286.site.32, 0, 151, 151
411483.3.peg.286.site.33, 0, 153, 153
411483.3.peg.286.site.34, 0, 152, 152
411483.3.peg.286.site.35, 0, 149, 149
411483.3.peg.828.site.1, 1, 154, 155
411483.3.peg.828.site.2, 1, 155, 156
411483.3.peg.828.site.3, 0, 154, 154
411483.3.peg.828.site.4, 8, 152, 160
411483.3.peg.828.site.5, 1, 152, 153
411483.3.peg.828.site.6, 8, 148, 156
411483.3.peg.828.site.7, 17, 147, 164
411483.3.peg.828.site.8, 8, 144, 152
411483.3.peg.828.site.9, 1, 141, 142
411483.3.peg.828.site.10, 2, 140, 142
411483.3.peg.828.site.11, 6, 139, 145
411483.3.peg.828.site.12, 9, 133, 142
411483.3.peg.828.site.13, 18, 137, 155
411483.3.peg.828.site.14, 1, 129, 130
411483.3.peg.828.site.15, 71, 131, 202
411483.3.peg.828.site.16, 0, 142, 142
411483.3.peg.828.site.17, 4, 142, 146
411483.3.peg.828.site.18, 0, 144, 144
411483.3.peg.828.site.19, 42, 134, 176
411483.3.peg.828.site.20, 3, 144, 147
411483.3.peg.828.site.21, 122, 142, 264
411483.3.peg.1240.site.1, 1, 145, 146
411483.3.peg.1240.site.2, 7, 145, 152
411483.3.peg.1240.site.3, 6, 150, 156
411483.3.peg.1240.site.4, 4, 153, 157
411483.3.peg.1240.site.5, 8, 152, 160
411483.3.peg.1240.site.6, 2, 152, 154
411483.3.peg.1240.site.7, 2, 151, 153
411483.3.peg.1240.site.8, 8, 155, 163
411483.3.peg.1240.site.9, 29, 145, 174
411483.3.peg.1240.site.10, 0, 150, 150
411483.3.peg.1240.site.11, 0, 154, 154
411483.3.peg.1240.site.12, 2, 147, 149
411483.3.peg.1241.site.1, 14, 147, 161
411483.3.peg.1241.site.2, 1, 149, 150
411483.3.peg.1241.site.3, 3, 149, 152
411483.3.peg.1241.site.4, 2, 142, 144
411483.3.peg.1241.site.5, 0, 151, 151
411483.3.peg.1241.site.6, 0, 147, 147
411483.3.peg.1241.site.7, 3, 150, 153
411483.3.peg.1241.site.8, 6, 146, 152
411483.3.peg.1241.site.9, 32, 142, 174
411483.3.peg.1241.site.10, 2, 150, 152
411483.3.peg.1241.site.11, 2, 151, 153
411483.3.peg.1241.site.12, 3, 144, 147
411483.3.peg.1241.site.13, 5, 138, 143
411483.3.peg.1241.site.14, 2, 136, 138
411483.3.peg.1241.site.15, 81, 124, 205
411483.3.peg.1241.site.16, 1, 142, 143
411483.3.peg.1241.site.17, 1, 146, 147
411483.3.peg.1241.site.18, 12, 147, 159
411483.3.peg.1241.site.19, 3, 150, 153
411483.3.peg.1241.site.20, 2, 151, 153
411483.3.peg.1241.site.21, 1, 154, 155
411483.3.peg.1241.site.22, 9, 147, 156
411483.3.peg.1241.site.23, 7, 148, 155
411483.3.peg.1241.site.24, 1, 150, 151
411483.3.peg.1241.site.25, 26, 148, 174
411483.3.peg.1241.site.26, 2, 154, 156
411483.3.peg.1241.site.27, 1, 153, 154
411483.3.peg.1241.site.28, 1, 154, 155
411483.3.peg.1241.site.29, 8, 154, 162
411483.3.peg.1241.site.30, 1, 153, 154
411483.3.peg.1241.site.31, 4, 152, 156
411483.3.peg.1241.site.32, 3, 154, 157
411483.3.peg.1241.site.33, 1, 152, 153
411483.3.peg.1241.site.34, 17, 147, 164
411483.3.peg.1241.site.35, 5, 149, 154
411483.3.peg.1241.site.36, 2, 148, 150
411483.3.peg.1241.site.37, 3, 149, 152
411483.3.peg.1241.site.38, 0, 146, 146
411483.3.peg.1241.site.39, 0, 131, 131
411483.3.peg.1241.site.40, 16, 129, 145
411483.3.peg.1241.site.41, 5, 131, 136
411483.3.peg.1241.site.42, 12, 117, 129
411483.3.peg.1241.site.43, 2, 129, 131
411483.3.peg.1241.site.44, 2, 125, 127
411483.3.peg.1241.site.45, 2, 122, 124
411483.3.peg.1241.site.46, 1, 144, 145
411483.3.peg.1241.site.47, 2, 146, 148
411483.3.peg.1241.site.48, 3, 148, 151
411483.3.peg.1241.site.49, 5, 150, 155
411483.3.peg.1241.site.50, 2, 150, 152
411483.3.peg.1241.site.51, 2, 153, 155
411483.3.peg.1242.site.1, 11, 153, 164
411483.3.peg.1242.site.2, 4, 153, 157
411483.3.peg.1242.site.3, 4, 155, 159
411483.3.peg.1242.site.4, 3, 154, 157
411483.3.peg.1242.site.5, 9, 150, 159
411483.3.peg.1242.site.6, 21, 147, 168
411483.3.peg.1242.site.7, 143, 152, 295
411483.3.peg.1242.site.8, 2, 153, 155
411483.3.peg.1242.site.9, 1, 153, 154
411483.3.peg.1242.site.10, 1, 147, 148
411483.3.peg.1242.site.11, 2, 151, 153
411483.3.peg.1242.site.12, 1, 154, 155
411483.3.peg.1242.site.13, 18, 147, 165
411483.3.peg.1242.site.14, 2, 145, 147
411483.3.peg.1242.site.15, 0, 146, 146
411483.3.peg.1242.site.16, 73, 137, 210
411483.3.peg.1242.site.17, 2, 137, 139
411483.3.peg.1242.site.18, 7, 146, 153
411483.3.peg.1242.site.19, 7, 141, 148
411483.3.peg.1242.site.20, 3, 130, 133
411483.3.peg.1242.site.21, 2, 129, 131
411483.3.peg.1242.site.22, 3, 115, 118
411483.3.peg.1242.site.23, 2, 112, 114
411483.3.peg.1242.site.24, 2, 122, 124
411483.3.peg.1242.site.25, 1, 108, 109
411483.3.peg.1242.site.26, 8, 106, 114
411483.3.peg.1242.site.27, 2, 112, 114
411483.3.peg.1242.site.28, 2, 118, 120
411483.3.peg.1242.site.29, 3, 113, 116
411483.3.peg.1242.site.30, 36, 118, 154
411483.3.peg.1242.site.31, 60, 115, 175
411483.3.peg.1242.site.32, 6, 131, 137
411483.3.peg.1242.site.33, 1, 136, 137
411483.3.peg.1242.site.34, 52, 119, 171
411483.3.peg.1242.site.35, 2, 130, 132
411483.3.peg.1242.site.36, 52, 128, 180
411483.3.peg.1242.site.37, 10, 136, 146
411483.3.peg.1242.site.38, 2, 144, 146
411483.3.peg.1242.site.39, 2, 151, 153
411483.3.peg.1242.site.40, 4, 152, 156
411483.3.peg.1242.site.41, 4, 153, 157
411483.3.peg.1242.site.42, 3, 149, 152
411483.3.peg.1242.site.43, 14, 143, 157
411483.3.peg.1242.site.44, 4, 145, 149
411483.3.peg.1242.site.45, 1, 145, 146
411483.3.peg.1242.site.46, 6, 138, 144
411483.3.peg.1242.site.47, 16, 141, 157
411483.3.peg.1242.site.48, 4, 143, 147
411483.3.peg.1242.site.49, 135, 135, 270
411483.3.peg.1242.site.50, 9, 137, 146
411483.3.peg.1242.site.51, 0, 145, 145
411483.3.peg.1242.site.52, 13, 122, 135
411483.3.peg.1242.site.53, 2, 138, 140
411483.3.peg.1242.site.54, 17, 129, 146
411483.3.peg.1242.site.55, 2, 127, 129
411483.3.peg.1242.site.56, 4, 129, 133
411483.3.peg.1242.site.57, 0, 122, 122
411483.3.peg.1242.site.58, 1, 120, 121
411483.3.peg.1242.site.59, 7, 129, 136
411483.3.peg.1242.site.60, 11, 125, 136
411483.3.peg.1242.site.61, 8, 119, 127
411483.3.peg.1242.site.62, 1, 137, 138
411483.3.peg.1242.site.63, 1, 144, 145
411483.3.peg.1242.site.64, 1, 143, 144
411483.3.peg.1242.site.65, 5, 145, 150
411483.3.peg.1243.site.1, 1, 154, 155
411483.3.peg.1243.site.2, 24, 146, 170
411483.3.peg.1243.site.3, 18, 146, 164
411483.3.peg.1243.site.4, 98, 140, 238
411483.3.peg.1243.site.5, 2, 151, 153
411483.3.peg.1243.site.6, 1, 152, 153
411483.3.peg.1243.site.7, 14, 153, 167
411483.3.peg.1243.site.8, 12, 143, 155
411483.3.peg.1243.site.9, 4, 150, 154
411483.3.peg.1243.site.10, 6, 149, 155
411483.3.peg.1243.site.11, 1, 153, 154
411483.3.peg.1243.site.12, 26, 144, 170
411483.3.peg.1243.site.13, 122, 144, 266
411483.3.peg.1243.site.14, 1, 154, 155
411483.3.peg.1243.site.15, 28, 147, 175
411483.3.peg.1243.site.16, 1, 153, 154
411483.3.peg.1243.site.17, 5, 153, 158
411483.3.peg.1243.site.18, 16, 145, 161
411483.3.peg.1243.site.19, 1, 151, 152
411483.3.peg.1243.site.20, 5, 153, 158
411483.3.peg.1243.site.21, 4, 152, 156
411483.3.peg.1243.site.22, 1, 151, 152
411483.3.peg.1243.site.23, 1, 153, 154
411483.3.peg.1243.site.24, 1, 151, 152
411483.3.peg.1243.site.25, 3, 151, 154
411483.3.peg.1243.site.26, 2, 150, 152
411483.3.peg.1243.site.27, 43, 145, 188
411483.3.peg.1243.site.28, 12, 146, 158
411483.3.peg.1243.site.29, 4, 144, 148
411483.3.peg.1243.site.30, 2, 144, 146
411483.3.peg.1243.site.31, 1, 144, 145
411483.3.peg.1243.site.32, 1, 144, 145
411483.3.peg.1243.site.33, 33, 141, 174
411483.3.peg.1243.site.34, 26, 139, 165
411483.3.peg.1243.site.35, 4, 142, 146
411483.3.peg.1243.site.36, 93, 129, 222
411483.3.peg.1243.site.37, 0, 138, 138
411483.3.peg.1243.site.38, 120, 140, 260
411483.3.peg.1243.site.39, 7, 134, 141
411483.3.peg.1243.site.40, 6, 139, 145
411483.3.peg.1243.site.41, 1, 143, 144
411483.3.peg.1243.site.42, 1, 146, 147
411483.3.peg.1243.site.43, 88, 129, 217
411483.3.peg.1243.site.44, 17, 147, 164
411483.3.peg.1243.site.45, 1, 151, 152
411483.3.peg.1243.site.46, 24, 148, 172
411483.3.peg.1243.site.47, 2, 152, 154
411483.3.peg.1243.site.48, 4, 151, 155
411483.3.peg.1243.site.49, 2, 153, 155
411483.3.peg.1243.site.50, 2, 154, 156
411483.3.peg.1243.site.51, 0, 152, 152
411483.3.peg.1243.site.52, 9, 148, 157
411483.3.peg.1243.site.53, 2, 153, 155
411483.3.peg.1243.site.54, 145, 148, 293
411483.3.peg.1243.site.55, 1, 148, 149
411483.3.peg.1243.site.56, 134, 148, 282
411483.3.peg.1243.site.57, 1, 153, 154
411483.3.peg.1243.site.58, 1, 153, 154
411483.3.peg.1243.site.59, 3, 148, 151
411483.3.peg.1243.site.60, 1, 148, 149
411483.3.peg.1243.site.61, 28, 144, 172
411483.3.peg.1243.site.62, 2, 149, 151
411483.3.peg.1243.site.63, 2, 146, 148
411483.3.peg.1243.site.64, 2, 149, 151
411483.3.peg.1243.site.65, 1, 145, 146
411483.3.peg.1243.site.66, 2, 144, 146
411483.3.peg.1246.site.1, 2, 154, 156
411483.3.peg.1246.site.2, 8, 140, 148
411483.3.peg.1246.site.3, 2, 138, 140
411483.3.peg.1246.site.4, 1, 149, 150
411483.3.peg.1246.site.5, 1, 149, 150
411483.3.peg.1246.site.6, 6, 144, 150
411483.3.peg.1246.site.7, 5, 148, 153
411483.3.peg.1246.site.8, 7, 150, 157
411483.3.peg.1246.site.9, 4, 144, 148
411483.3.peg.1246.site.10, 1, 152, 153
411483.3.peg.1246.site.11, 1, 151, 152
411483.3.peg.1246.site.12, 1, 153, 154
411483.3.peg.1246.site.13, 2, 152, 154
411483.3.peg.1246.site.14, 137, 151, 288
411483.3.peg.1246.site.15, 21, 149, 170
411483.3.peg.1246.site.16, 2, 151, 153
411483.3.peg.1246.site.17, 2, 146, 148
411483.3.peg.1246.site.18, 2, 148, 150
411483.3.peg.1246.site.19, 1, 148, 149
411483.3.peg.1246.site.20, 1, 146, 147
411483.3.peg.1246.site.21, 2, 150, 152
411483.3.peg.1247.site.1, 15, 148, 163
411483.3.peg.1247.site.2, 1, 153, 154
411483.3.peg.1247.site.3, 0, 153, 153
411483.3.peg.1247.site.4, 11, 153, 164
411483.3.peg.1247.site.5, 3, 149, 152
411483.3.peg.1247.site.6, 0, 148, 148
411483.3.peg.1247.site.7, 0, 143, 143
411483.3.peg.1247.site.8, 4, 142, 146
411483.3.peg.1247.site.9, 7, 115, 122
411483.3.peg.1247.site.10, 6, 121, 127
411483.3.peg.1247.site.11, 6, 127, 133
411483.3.peg.1247.site.12, 3, 129, 132
411483.3.peg.1247.site.13, 4, 135, 139
411483.3.peg.1247.site.14, 1, 137, 138
411483.3.peg.1247.site.15, 3, 140, 143
411483.3.peg.1247.site.16, 1, 146, 147
411483.3.peg.1247.site.17, 7, 150, 157
411483.3.peg.1247.site.18, 7, 151, 158
411483.3.peg.1247.site.19, 0, 153, 153
411483.3.peg.1247.site.20, 4, 152, 156
411483.3.peg.1247.site.21, 4, 152, 156
411483.3.peg.1247.site.22, 1, 153, 154
411483.3.peg.1247.site.23, 0, 148, 148
411483.3.peg.1247.site.24, 5, 142, 147
411483.3.peg.1247.site.25, 2, 142, 144
411483.3.peg.1247.site.26, 5, 142, 147
411483.3.peg.1247.site.27, 7, 148, 155
411483.3.peg.1247.site.28, 7, 147, 154
411483.3.peg.1247.site.29, 1, 152, 153
411483.3.peg.1247.site.30, 1, 146, 147
411483.3.peg.1247.site.31, 17, 142, 159
411483.3.peg.1247.site.32, 0, 142, 142
411483.3.peg.1247.site.33, 7, 144, 151
411483.3.peg.1247.site.34, 0, 141, 141
411483.3.peg.1247.site.35, 20, 132, 152
411483.3.peg.1247.site.36, 0, 139, 139
411483.3.peg.1247.site.37, 0, 134, 134
411483.3.peg.1247.site.38, 78, 121, 199
411483.3.peg.1247.site.39, 41, 117, 158
411483.3.peg.1247.site.40, 7, 122, 129
411483.3.peg.1247.site.41, 0, 122, 122
411483.3.peg.1247.site.42, 59, 123, 182
411483.3.peg.1249.site.1, 6, 124, 130
411483.3.peg.1249.site.2, 0, 130, 130
411483.3.peg.1249.site.3, 6, 137, 143
411483.3.peg.1249.site.4, 5, 147, 152
411483.3.peg.1249.site.5, 2, 144, 146
411483.3.peg.1249.site.6, 20, 136, 156
411483.3.peg.1249.site.7, 3, 138, 141
411483.3.peg.1249.site.8, 129, 138, 267
411483.3.peg.1249.site.9, 0, 144, 144
411483.3.peg.1249.site.10, 0, 141, 141
411483.3.peg.1249.site.11, 0, 144, 144
411483.3.peg.1249.site.12, 1, 141, 142
411483.3.peg.1249.site.13, 0, 141, 141
411483.3.peg.1249.site.14, 3, 145, 148
411483.3.peg.1249.site.15, 1, 141, 142
411483.3.peg.1249.site.16, 0, 140, 140
411483.3.peg.1249.site.17, 5, 133, 138
411483.3.peg.1249.site.18, 0, 136, 136
411483.3.peg.1249.site.19, 0, 137, 137
411483.3.peg.1249.site.20, 4, 139, 143
411483.3.peg.1249.site.21, 0, 135, 135
411483.3.peg.1249.site.22, 1, 129, 130
411483.3.peg.1249.site.23, 2, 128, 130
411483.3.peg.1249.site.24, 5, 122, 127
411483.3.peg.1249.site.25, 7, 122, 129
411483.3.peg.1249.site.26, 0, 120, 120
411483.3.peg.1249.site.27, 4, 116, 120
411483.3.peg.1249.site.28, 1, 123, 124
411483.3.peg.1249.site.29, 2, 118, 120
411483.3.peg.1249.site.30, 2, 117, 119
411483.3.peg.1249.site.31, 11, 115, 126
411483.3.peg.1249.site.32, 13, 114, 127
411483.3.peg.1249.site.33, 8, 67, 75
411483.3.peg.1249.site.34, 36, 70, 106
411483.3.peg.1249.site.35, 1, 104, 105
411483.3.peg.1249.site.36, 2, 108, 110
411483.3.peg.1249.site.37, 0, 107, 107
411483.3.peg.1249.site.38, 1, 113, 114
411483.3.peg.1249.site.39, 0, 113, 113
411483.3.peg.1249.site.40, 1, 119, 120
411483.3.peg.1249.site.41, 0, 139, 139
411483.3.peg.1249.site.42, 5, 146, 151
411483.3.peg.1249.site.43, 4, 145, 149
411483.3.peg.1249.site.44, 24, 143, 167
411483.3.peg.1249.site.45, 3, 150, 153
411483.3.peg.1249.site.46, 2, 148, 150
411483.3.peg.1249.site.47, 1, 146, 147
411483.3.peg.1249.site.48, 0, 144, 144
411483.3.peg.1249.site.49, 1, 146, 147
411483.3.peg.1249.site.50, 5, 147, 152
411483.3.peg.1249.site.51, 7, 139, 146
411483.3.peg.1249.site.52, 7, 140, 147
411483.3.peg.1249.site.53, 9, 148, 157
411483.3.peg.1249.site.54, 6, 148, 154
411483.3.peg.1249.site.55, 1, 150, 151
411483.3.peg.1249.site.56, 1, 151, 152
411483.3.peg.1249.site.57, 7, 149, 156
411483.3.peg.1249.site.58, 3, 151, 154
411483.3.peg.1249.site.59, 2, 149, 151
411483.3.peg.1249.site.60, 1, 149, 150
411483.3.peg.1249.site.61, 1, 152, 153
411483.3.peg.1249.site.62, 7, 152, 159
411483.3.peg.1249.site.63, 1, 147, 148
411483.3.peg.1249.site.64, 4, 146, 150
411483.3.peg.1249.site.65, 14, 143, 157
411483.3.peg.1249.site.66, 1, 144, 145
411483.3.peg.1249.site.67, 3, 136, 139
411483.3.peg.1249.site.68, 6, 131, 137
411483.3.peg.1249.site.69, 9, 111, 120
411483.3.peg.1249.site.70, 1, 122, 123
411483.3.peg.1249.site.71, 4, 123, 127
411483.3.peg.1249.site.72, 4, 102, 106
411483.3.peg.1249.site.73, 2, 101, 103
411483.3.peg.1249.site.74, 73, 83, 156
411483.3.peg.1249.site.75, 89, 96, 185
411483.3.peg.1249.site.76, 1, 119, 120
411483.3.peg.1249.site.77, 9, 133, 142
411483.3.peg.1249.site.78, 6, 139, 145
411483.3.peg.1249.site.79, 3, 140, 143
411483.3.peg.1249.site.80, 2, 142, 144
411483.3.peg.1249.site.81, 1, 144, 145
411483.3.peg.1249.site.82, 1, 148, 149
411483.3.peg.1249.site.83, 2, 148, 150
411483.3.peg.1249.site.84, 26, 141, 167
411483.3.peg.1249.site.85, 6, 144, 150
411483.3.peg.1249.site.86, 13, 148, 161
411483.3.peg.1249.site.87, 14, 144, 158
411483.3.peg.1249.site.88, 1, 145, 146
411483.3.peg.1249.site.89, 1, 146, 147
411483.3.peg.1249.site.90, 1, 144, 145
411483.3.peg.1249.site.91, 6, 150, 156
411483.3.peg.1249.site.92, 1, 148, 149
411483.3.peg.1249.site.93, 2, 150, 152
411483.3.peg.1249.site.94, 2, 152, 154
411483.3.peg.1249.site.95, 2, 153, 155
411483.3.peg.1249.site.96, 2, 151, 153
411483.3.peg.1249.site.97, 6, 153, 159
411483.3.peg.1249.site.98, 9, 148, 157
411483.3.peg.1249.site.99, 1, 153, 154
411483.3.peg.1249.site.100, 1, 153, 154
411483.3.peg.1249.site.101, 4, 149, 153
411483.3.peg.1249.site.102, 2, 148, 150
411483.3.peg.1938.site.1, 2, 10, 12
411483.3.peg.1938.site.2, 7, 17, 24
411483.3.peg.1938.site.3, 4, 48, 52
411483.3.peg.1938.site.4, 0, 70, 70
411483.3.peg.1938.site.5, 15, 75, 90
411483.3.peg.1938.site.6, 4, 73, 77
411483.3.peg.1938.site.7, 1, 118, 119
411483.3.peg.1938.site.8, 1, 125, 126
411483.3.peg.1938.site.9, 13, 120, 133
411483.3.peg.1938.site.10, 1, 124, 125
411483.3.peg.1938.site.11, 0, 128, 128
411483.3.peg.1938.site.12, 6, 134, 140
411483.3.peg.1938.site.13, 2, 141, 143
411483.3.peg.1938.site.14, 4, 138, 142
411483.3.peg.1938.site.15, 9, 126, 135
411483.3.peg.1938.site.16, 1, 142, 143
411483.3.peg.1938.site.17, 1, 140, 141
411483.3.peg.1938.site.18, 3, 146, 149
411483.3.peg.1938.site.19, 4, 142, 146
411483.3.peg.1938.site.20, 6, 153, 159
411483.3.peg.1938.site.21, 1, 152, 153
411483.3.peg.1939.site.1, 9, 150, 159
411483.3.peg.1939.site.2, 2, 149, 151
411483.3.peg.1939.site.3, 3, 147, 150
411483.3.peg.1939.site.4, 3, 148, 151
411483.3.peg.1939.site.5, 0, 145, 145
411483.3.peg.1939.site.6, 5, 139, 144
411483.3.peg.1939.site.7, 33, 135, 168
411483.3.peg.1939.site.8, 0, 135, 135
411483.3.peg.1939.site.9, 1, 130, 131
411483.3.peg.1939.site.10, 1, 130, 131
411483.3.peg.1939.site.11, 1, 133, 134
411483.3.peg.1939.site.12, 1, 129, 130
411483.3.peg.1939.site.13, 1, 127, 128
411483.3.peg.1939.site.14, 1, 134, 135
411483.3.peg.1939.site.15, 35, 123, 158
411483.3.peg.1939.site.16, 1, 143, 144
411483.3.peg.1939.site.17, 3, 144, 147
411483.3.peg.1939.site.18, 1, 118, 119
411483.3.peg.1939.site.19, 71, 106, 177
411483.3.peg.1939.site.20, 2, 137, 139
411483.3.peg.1939.site.21, 2, 141, 143
411483.3.peg.1939.site.22, 7, 140, 147
411483.3.peg.1939.site.23, 34, 138, 172
411483.3.peg.1939.site.24, 0, 146, 146
411483.3.peg.1939.site.25, 4, 147, 151
411483.3.peg.1939.site.26, 2, 150, 152
411483.3.peg.1939.site.27, 5, 149, 154
411483.3.peg.1939.site.28, 0, 150, 150
411483.3.peg.1939.site.29, 2, 149, 151
411483.3.peg.1939.site.30, 10, 147, 157
411483.3.peg.1939.site.31, 0, 138, 138
411483.3.peg.1939.site.32, 60, 127, 187
411483.3.peg.1939.site.33, 0, 139, 139
411483.3.peg.1939.site.34, 5, 135, 140
411483.3.peg.1939.site.35, 4, 138, 142
411483.3.peg.1939.site.36, 24, 118, 142
411483.3.peg.1939.site.37, 23, 119, 142
411483.3.peg.1939.site.38, 0, 138, 138
411483.3.peg.1939.site.39, 4, 120, 124
411483.3.peg.1939.site.40, 49, 98, 147
411483.3.peg.1939.site.41, 4, 113, 117
411483.3.peg.1939.site.42, 1, 125, 126
411483.3.peg.1939.site.43, 79, 127, 206
411483.3.peg.1939.site.44, 0, 145, 145
411483.3.peg.1939.site.45, 0, 141, 141
411483.3.peg.1939.site.46, 1, 146, 147
411483.3.peg.1939.site.47, 2, 146, 148
411483.3.peg.1932.site.1, 11, 147, 158
411483.3.peg.1932.site.2, 0, 154, 154
411483.3.peg.1932.site.3, 2, 153, 155
411483.3.peg.1932.site.4, 13, 150, 163
411483.3.peg.1932.site.5, 4, 155, 159
411483.3.peg.1932.site.6, 1, 155, 156
411483.3.peg.1932.site.7, 113, 140, 253
411483.3.peg.1932.site.8, 6, 149, 155
411483.3.peg.1932.site.9, 25, 150, 175
411483.3.peg.1932.site.10, 8, 149, 157
411483.3.peg.1932.site.11, 2, 153, 155
411483.3.peg.1932.site.12, 155, 155, 310
411483.3.peg.1932.site.13, 2, 149, 151
411483.3.peg.1932.site.14, 0, 153, 153
411483.3.peg.1932.site.15, 3, 153, 156
411483.3.peg.1932.site.16, 11, 149, 160
411483.3.peg.1932.site.17, 1, 152, 153
411483.3.peg.1932.site.18, 0, 151, 151
411483.3.peg.1932.site.19, 3, 151, 154
411483.3.peg.1932.site.20, 8, 149, 157
411483.3.peg.1932.site.21, 2, 153, 155
411483.3.peg.1932.site.22, 14, 151, 165
411483.3.peg.1933.site.1, 3, 148, 151
411483.3.peg.1933.site.2, 2, 152, 154
411483.3.peg.1933.site.3, 14, 150, 164
411483.3.peg.1933.site.4, 1, 150, 151
411483.3.peg.1933.site.5, 2, 148, 150
411483.3.peg.1933.site.6, 0, 148, 148
411483.3.peg.1933.site.7, 1, 150, 151
411483.3.peg.1933.site.8, 104, 143, 247
411483.3.peg.1933.site.9, 4, 149, 153
411483.3.peg.1933.site.10, 1, 151, 152
411483.3.peg.1933.site.11, 0, 150, 150
411483.3.peg.1933.site.12, 1, 152, 153
411483.3.peg.1933.site.13, 0, 150, 150
411483.3.peg.1933.site.14, 20, 149, 169
411483.3.peg.1933.site.15, 0, 147, 147
411483.3.peg.1933.site.16, 5, 146, 151
411483.3.peg.1933.site.17, 2, 144, 146
411483.3.peg.1933.site.18, 4, 147, 151
411483.3.peg.1933.site.19, 2, 146, 148
411483.3.peg.1930.site.1, 2, 154, 156
411483.3.peg.1930.site.2, 79, 148, 227
411483.3.peg.1930.site.3, 16, 155, 171
411483.3.peg.1930.site.4, 2, 154, 156
411483.3.peg.1930.site.5, 7, 154, 161
411483.3.peg.1930.site.6, 114, 145, 259
411483.3.peg.1930.site.7, 2, 155, 157
411483.3.peg.1930.site.8, 1, 154, 155
411483.3.peg.1930.site.9, 19, 146, 165
411483.3.peg.1930.site.10, 0, 152, 152
411483.3.peg.1930.site.11, 3, 154, 157
411483.3.peg.1930.site.12, 0, 150, 150
411483.3.peg.1930.site.13, 12, 151, 163
411483.3.peg.1930.site.14, 1, 154, 155
411483.3.peg.1930.site.15, 0, 152, 152
411483.3.peg.1930.site.16, 0, 152, 152
411483.3.peg.1930.site.17, 3, 149, 152
411483.3.peg.1930.site.18, 11, 149, 160
411483.3.peg.1930.site.19, 30, 140, 170
411483.3.peg.1930.site.20, 3, 149, 152
411483.3.peg.1930.site.21, 3, 155, 158
411483.3.peg.1930.site.22, 45, 151, 196
411483.3.peg.1930.site.23, 0, 153, 153
411483.3.peg.1930.site.24, 59, 145, 204
411483.3.peg.1930.site.25, 4, 153, 157
411483.3.peg.1930.site.26, 2, 145, 147
411483.3.peg.1930.site.27, 2, 151, 153
411483.3.peg.1930.site.28, 0, 149, 149
411483.3.peg.1930.site.29, 13, 140, 153
411483.3.peg.1930.site.30, 44, 140, 184
411483.3.peg.1930.site.31, 5, 149, 154
411483.3.peg.1930.site.32, 3, 150, 153
411483.3.peg.1930.site.33, 0, 147, 147
411483.3.peg.1930.site.34, 1, 146, 147
411483.3.peg.1930.site.35, 4, 140, 144
411483.3.peg.1930.site.36, 129, 137, 266
411483.3.peg.1930.site.37, 124, 134, 258
411483.3.peg.1930.site.38, 3, 132, 135
411483.3.peg.1930.site.39, 3, 137, 140
411483.3.peg.1930.site.40, 5, 134, 139
411483.3.peg.1930.site.41, 2, 138, 140
411483.3.peg.1930.site.42, 102, 131, 233
411483.3.peg.1930.site.43, 2, 138, 140
411483.3.peg.1930.site.44, 3, 137, 140
411483.3.peg.1930.site.45, 44, 129, 173
411483.3.peg.1930.site.46, 109, 127, 236
411483.3.peg.1930.site.47, 0, 139, 139
411483.3.peg.1930.site.48, 0, 139, 139
411483.3.peg.1930.site.49, 5, 143, 148
411483.3.peg.1930.site.50, 8, 146, 154
411483.3.peg.1930.site.51, 1, 147, 148
411483.3.peg.1930.site.52, 5, 147, 152
411483.3.peg.1930.site.53, 0, 154, 154
411483.3.peg.1930.site.54, 5, 151, 156
411483.3.peg.1936.site.1, 1, 147, 148
411483.3.peg.1936.site.2, 4, 134, 138
411483.3.peg.1936.site.3, 6, 126, 132
411483.3.peg.1936.site.4, 0, 118, 118
411483.3.peg.1936.site.5, 2, 120, 122
411483.3.peg.1936.site.6, 1, 117, 118
411483.3.peg.1936.site.7, 4, 109, 113
411483.3.peg.1936.site.8, 1, 87, 88
411483.3.peg.1936.site.9, 74, 77, 151
411483.3.peg.1936.site.10, 8, 76, 84
411483.3.peg.1936.site.11, 13, 79, 92
411483.3.peg.1936.site.12, 1, 71, 72
411483.3.peg.1936.site.13, 3, 74, 77
411483.3.peg.1936.site.14, 0, 72, 72
411483.3.peg.1936.site.15, 1, 75, 76
411483.3.peg.1936.site.16, 2, 68, 70
411483.3.peg.1936.site.17, 74, 77, 151
411483.3.peg.1936.site.18, 1, 76, 77
411483.3.peg.1936.site.19, 3, 72, 75
411483.3.peg.1936.site.20, 1, 71, 72
411483.3.peg.1936.site.21, 9, 82, 91
411483.3.peg.1936.site.22, 4, 93, 97
411483.3.peg.1936.site.23, 4, 95, 99
411483.3.peg.1936.site.24, 1, 105, 106
411483.3.peg.1936.site.25, 1, 111, 112
411483.3.peg.1936.site.26, 3, 118, 121
411483.3.peg.1936.site.27, 2, 124, 126
411483.3.peg.1936.site.28, 53, 118, 171
411483.3.peg.1936.site.29, 1, 146, 147
411483.3.peg.1936.site.30, 1, 146, 147
411483.3.peg.1936.site.31, 1, 144, 145
411483.3.peg.1936.site.32, 0, 148, 148
411483.3.peg.1936.site.33, 5, 150, 155
411483.3.peg.1936.site.34, 4, 148, 152
411483.3.peg.1936.site.35, 0, 146, 146
411483.3.peg.1936.site.36, 1, 148, 149
411483.3.peg.1936.site.37, 2, 149, 151
411483.3.peg.1936.site.38, 4, 148, 152
411483.3.peg.1936.site.39, 7, 149, 156
411483.3.peg.1936.site.40, 5, 143, 148
411483.3.peg.1936.site.41, 1, 150, 151
411483.3.peg.1936.site.42, 2, 146, 148
411483.3.peg.1936.site.43, 1, 148, 149
411483.3.peg.1936.site.44, 2, 145, 147
411483.3.peg.1936.site.45, 0, 138, 138
411483.3.peg.1936.site.46, 1, 137, 138
411483.3.peg.1936.site.47, 8, 121, 129
411483.3.peg.1936.site.48, 111, 115, 226
411483.3.peg.1936.site.49, 11, 85, 96
411483.3.peg.1936.site.50, 4, 92, 96
411483.3.peg.1936.site.51, 1, 112, 113
411483.3.peg.1936.site.52, 109, 109, 218
411483.3.peg.1936.site.53, 3, 107, 110
411483.3.peg.1936.site.54, 2, 115, 117
411483.3.peg.1936.site.55, 2, 111, 113
411483.3.peg.1936.site.56, 4, 116, 120
411483.3.peg.1936.site.57, 3, 128, 131
411483.3.peg.1936.site.58, 3, 129, 132
411483.3.peg.1936.site.59, 11, 134, 145
411483.3.peg.1936.site.60, 1, 140, 141
411483.3.peg.1937.site.1, 0, 133, 133
411483.3.peg.1937.site.2, 6, 136, 142
411483.3.peg.1937.site.3, 1, 137, 138
411483.3.peg.1937.site.4, 5, 135, 140
411483.3.peg.1937.site.5, 1, 124, 125
411483.3.peg.1937.site.6, 4, 138, 142
411483.3.peg.1937.site.7, 1, 134, 135
411483.3.peg.1937.site.8, 0, 129, 129
411483.3.peg.1937.site.9, 8, 123, 131
411483.3.peg.1937.site.10, 1, 125, 126
411483.3.peg.1937.site.11, 0, 123, 123
411483.3.peg.1937.site.12, 0, 120, 120
411483.3.peg.1937.site.13, 36, 116, 152
411483.3.peg.1937.site.14, 3, 131, 134
411483.3.peg.1937.site.15, 12, 135, 147
411483.3.peg.1937.site.16, 11, 123, 134
411483.3.peg.1937.site.17, 1, 122, 123
411483.3.peg.1937.site.18, 3, 116, 119
411483.3.peg.1937.site.19, 4, 112, 116
411483.3.peg.1937.site.20, 2, 114, 116
411483.3.peg.1937.site.21, 1, 120, 121
411483.3.peg.1937.site.22, 3, 125, 128
411483.3.peg.1937.site.23, 7, 119, 126
411483.3.peg.1937.site.24, 9, 122, 131
411483.3.peg.1937.site.25, 3, 114, 117
411483.3.peg.1937.site.26, 28, 84, 112
411483.3.peg.1937.site.27, 1, 88, 89
411483.3.peg.1937.site.28, 1, 55, 56
411483.3.peg.1935.site.1, 2, 124, 126
411483.3.peg.1935.site.2, 5, 127, 132
411483.3.peg.1935.site.3, 1, 144, 145
411483.3.peg.1935.site.4, 3, 150, 153
411483.3.peg.1935.site.5, 1, 151, 152
411483.3.peg.1935.site.6, 2, 153, 155
411483.3.peg.1935.site.7, 11, 149, 160
411483.3.peg.1935.site.8, 1, 138, 139
411483.3.peg.1935.site.9, 1, 124, 125
411483.3.peg.1935.site.10, 1, 127, 128
411483.3.peg.1935.site.11, 6, 133, 139
411483.3.peg.1935.site.12, 3, 108, 111
411483.3.peg.1935.site.13, 3, 94, 97
411483.3.peg.1935.site.14, 4, 72, 76
411483.3.peg.1935.site.15, 63, 78, 141
411483.3.peg.1935.site.16, 1, 91, 92
411483.3.peg.1935.site.17, 19, 94, 113
411483.3.peg.1935.site.18, 21, 94, 115
411483.3.peg.1935.site.19, 85, 97, 182
411483.3.peg.1935.site.20, 6, 97, 103
411483.3.peg.1935.site.21, 0, 98, 98
411483.3.peg.1935.site.22, 97, 115, 212
411483.3.peg.1935.site.23, 0, 143, 143
411483.3.peg.1935.site.24, 4, 149, 153
411483.3.peg.1935.site.25, 0, 145, 145
411483.3.peg.1935.site.26, 1, 152, 153
411483.3.peg.1935.site.27, 7, 149, 156
411483.3.peg.1935.site.28, 4, 144, 148
411483.3.peg.1935.site.29, 1, 153, 154
411483.3.peg.1935.site.30, 9, 142, 151
411483.3.peg.1935.site.31, 10, 151, 161
411483.3.peg.1935.site.32, 6, 153, 159
411483.3.peg.1935.site.33, 2, 152, 154
411483.3.peg.1935.site.34, 10, 149, 159
411483.3.peg.1935.site.35, 2, 153, 155
411483.3.peg.1935.site.36, 0, 147, 147
411483.3.peg.1935.site.37, 54, 139, 193
411483.3.peg.1935.site.38, 23, 143, 166
411483.3.peg.1935.site.39, 7, 147, 154
411483.3.peg.1935.site.40, 2, 148, 150
411483.3.peg.1935.site.41, 108, 132, 240
411483.3.peg.1935.site.42, 0, 147, 147
411483.3.peg.1935.site.43, 1, 146, 147
411483.3.peg.1935.site.44, 22, 127, 149
411483.3.peg.1935.site.45, 3, 147, 150
411483.3.peg.1935.site.46, 37, 134, 171
411483.3.peg.1935.site.47, 3, 150, 153
411483.3.peg.1935.site.48, 6, 148, 154
411483.3.peg.1935.site.49, 0, 145, 145
411483.3.peg.1935.site.50, 9, 150, 159
411483.3.peg.1935.site.51, 90, 138, 228
411483.3.peg.1935.site.52, 9, 147, 156
411483.3.peg.1935.site.53, 1, 148, 149
411483.3.peg.1935.site.54, 1, 142, 143
411483.3.peg.1935.site.55, 5, 140, 145
411483.3.peg.1935.site.56, 6, 140, 146
411483.3.peg.1935.site.57, 0, 137, 137
411483.3.peg.1935.site.58, 4, 135, 139
411483.3.peg.1935.site.59, 0, 128, 128
411483.3.peg.1935.site.60, 5, 127, 132
411483.3.peg.1935.site.61, 2, 133, 135
411483.3.peg.1935.site.62, 7, 133, 140
411483.3.peg.1935.site.63, 0, 139, 139
411483.3.peg.1935.site.64, 10, 137, 147
411483.3.peg.1935.site.65, 4, 143, 147
411483.3.peg.1935.site.66, 0, 146, 146
411483.3.peg.1935.site.67, 9, 149, 158
411483.3.peg.1935.site.68, 15, 129, 144
411483.3.peg.1935.site.69, 1, 153, 154
411483.3.peg.1935.site.70, 3, 152, 155
411483.3.peg.1935.site.71, 9, 152, 161
411483.3.peg.1935.site.72, 7, 152, 159
411483.3.peg.1935.site.73, 4, 153, 157
411483.3.peg.1935.site.74, 5, 142, 147
411483.3.peg.1935.site.75, 2, 141, 143
411483.3.peg.1935.site.76, 8, 137, 145
411483.3.peg.1935.site.77, 136, 137, 273
411483.3.peg.1935.site.78, 39, 120, 159
411483.3.peg.1935.site.79, 4, 119, 123
411483.3.peg.1935.site.80, 1, 134, 135
411483.3.peg.1935.site.81, 125, 127, 252
411483.3.peg.1935.site.82, 1, 139, 140
411483.3.peg.1935.site.83, 2, 140, 142
411483.3.peg.1935.site.84, 1, 140, 141
411483.3.peg.1935.site.85, 41, 125, 166
411483.3.peg.1935.site.86, 0, 132, 132
411483.3.peg.1935.site.87, 3, 132, 135
411483.3.peg.1935.site.88, 4, 130, 134
411483.3.peg.1935.site.89, 1, 136, 137
411483.3.peg.1935.site.90, 77, 134, 211
411483.3.peg.1935.site.91, 0, 150, 150
411483.3.peg.1935.site.92, 2, 148, 150
411483.3.peg.1935.site.93, 2, 148, 150
411483.3.peg.1935.site.94, 0, 149, 149
411483.3.peg.1935.site.95, 92, 138, 230
411483.3.peg.1935.site.96, 1, 147, 148
411483.3.peg.1935.site.97, 3, 148, 151
411483.3.peg.1935.site.98, 2, 148, 150
411483.3.peg.1935.site.99, 0, 149, 149
411483.3.peg.1935.site.100, 1, 153, 154
411483.3.peg.1935.site.101, 7, 149, 156
411483.3.peg.1935.site.102, 1, 153, 154
411483.3.peg.1935.site.103, 2, 151, 153
411483.3.peg.1935.site.104, 3, 153, 156
411483.3.peg.1935.site.105, 10, 151, 161
411483.3.peg.1935.site.106, 3, 151, 154
411483.3.peg.1935.site.107, 1, 151, 152
411483.3.peg.1935.site.108, 1, 152, 153
411483.3.peg.1935.site.109, 1, 150, 151
411483.3.peg.1935.site.110, 1, 148, 149
411483.3.peg.1935.site.111, 0, 151, 151
411483.3.peg.1935.site.112, 5, 152, 157
411483.3.peg.1935.site.113, 2, 150, 152
411483.3.peg.1935.site.114, 4, 150, 154
411483.3.peg.1935.site.115, 2, 146, 148
411483.3.peg.1935.site.116, 2, 150, 152
411483.3.peg.1935.site.117, 2, 153, 155
411483.3.peg.1935.site.118, 0, 151, 151
411483.3.peg.1935.site.119, 1, 152, 153
411483.3.peg.1935.site.120, 1, 150, 151
411483.3.peg.822.site.1, 1, 153, 154
411483.3.peg.822.site.2, 2, 149, 151
411483.3.peg.822.site.3, 4, 152, 156
411483.3.peg.822.site.4, 31, 144, 175
411483.3.peg.822.site.5, 2, 153, 155
411483.3.peg.822.site.6, 29, 146, 175
411483.3.peg.822.site.7, 1, 151, 152
411483.3.peg.822.site.8, 2, 150, 152
411483.3.peg.822.site.9, 0, 150, 150
411483.3.peg.822.site.10, 4, 149, 153
411483.3.peg.822.site.11, 3, 151, 154
411483.3.peg.822.site.12, 67, 145, 212
411483.3.peg.822.site.13, 0, 149, 149
411483.3.peg.822.site.14, 11, 144, 155
411483.3.peg.822.site.15, 2, 149, 151
411483.3.peg.822.site.16, 10, 147, 157
411483.3.peg.822.site.17, 4, 151, 155
411483.3.peg.822.site.18, 20, 152, 172
411483.3.peg.822.site.19, 55, 144, 199
411483.3.peg.822.site.20, 4, 151, 155
411483.3.peg.822.site.21, 51, 141, 192
411483.3.peg.822.site.22, 4, 152, 156
411483.3.peg.822.site.23, 5, 153, 158
411483.3.peg.822.site.24, 5, 150, 155
411483.3.peg.822.site.25, 13, 152, 165
411483.3.peg.822.site.26, 18, 151, 169
411483.3.peg.822.site.27, 0, 151, 151
411483.3.peg.822.site.28, 1, 154, 155
411483.3.peg.823.site.1, 41, 145, 186
411483.3.peg.823.site.2, 2, 130, 132
411483.3.peg.823.site.3, 1, 130, 131
411483.3.peg.823.site.4, 3, 129, 132
411483.3.peg.820.site.1, 5, 149, 154
411483.3.peg.820.site.2, 1, 152, 153
411483.3.peg.820.site.3, 7, 147, 154
411483.3.peg.820.site.4, 4, 148, 152
411483.3.peg.820.site.5, 1, 141, 142
411483.3.peg.820.site.6, 7, 145, 152
411483.3.peg.820.site.7, 11, 142, 153
411483.3.peg.820.site.8, 72, 130, 202
411483.3.peg.820.site.9, 1, 143, 144
411483.3.peg.820.site.10, 7, 120, 127
411483.3.peg.820.site.11, 5, 125, 130
411483.3.peg.820.site.12, 1, 121, 122
411483.3.peg.820.site.13, 1, 111, 112
411483.3.peg.820.site.14, 1, 95, 96
411483.3.peg.820.site.15, 0, 101, 101
411483.3.peg.820.site.16, 1, 95, 96
411483.3.peg.820.site.17, 2, 86, 88
411483.3.peg.820.site.18, 4, 107, 111
411483.3.peg.820.site.19, 1, 111, 112
411483.3.peg.820.site.20, 0, 114, 114
411483.3.peg.820.site.21, 1, 116, 117
411483.3.peg.820.site.22, 2, 118, 120
411483.3.peg.820.site.23, 0, 115, 115
411483.3.peg.820.site.24, 2, 117, 119
411483.3.peg.820.site.25, 0, 124, 124
411483.3.peg.820.site.26, 2, 101, 103
411483.3.peg.820.site.27, 0, 110, 110
411483.3.peg.820.site.28, 1, 112, 113
411483.3.peg.820.site.29, 2, 107, 109
411483.3.peg.820.site.30, 0, 109, 109
411483.3.peg.820.site.31, 7, 105, 112
411483.3.peg.820.site.32, 38, 111, 149
411483.3.peg.820.site.33, 6, 103, 109
411483.3.peg.820.site.34, 4, 117, 121
411483.3.peg.820.site.35, 76, 103, 179
411483.3.peg.820.site.36, 0, 115, 115
411483.3.peg.820.site.37, 4, 118, 122
411483.3.peg.820.site.38, 1, 118, 119
411483.3.peg.820.site.39, 1, 118, 119
411483.3.peg.820.site.40, 1, 119, 120
411483.3.peg.820.site.41, 9, 121, 130
411483.3.peg.820.site.42, 8, 126, 134
411483.3.peg.820.site.43, 7, 128, 135
411483.3.peg.820.site.44, 5, 132, 137
411483.3.peg.820.site.45, 2, 147, 149
411483.3.peg.820.site.46, 4, 150, 154
411483.3.peg.820.site.47, 3, 147, 150
411483.3.peg.820.site.48, 3, 148, 151
411483.3.peg.820.site.49, 10, 151, 161
411483.3.peg.820.site.50, 7, 146, 153
411483.3.peg.820.site.51, 1, 148, 149
411483.3.peg.820.site.52, 13, 147, 160
411483.3.peg.820.site.53, 17, 145, 162
411483.3.peg.820.site.54, 3, 146, 149
411483.3.peg.820.site.55, 5, 143, 148
411483.3.peg.820.site.56, 6, 155, 161
411483.3.peg.820.site.57, 20, 149, 169
411483.3.peg.820.site.58, 5, 153, 158
411483.3.peg.820.site.59, 8, 154, 162
411483.3.peg.820.site.60, 10, 155, 165
411483.3.peg.820.site.61, 8, 150, 158
411483.3.peg.820.site.62, 33, 143, 176
411483.3.peg.820.site.63, 2, 153, 155
411483.3.peg.820.site.64, 31, 142, 173
411483.3.peg.820.site.65, 32, 148, 180
411483.3.peg.820.site.66, 7, 154, 161
411483.3.peg.820.site.67, 1, 154, 155
411483.3.peg.820.site.68, 62, 143, 205
411483.3.peg.820.site.69, 2, 152, 154
411483.3.peg.820.site.70, 12, 149, 161
411483.3.peg.820.site.71, 4, 153, 157
411483.3.peg.820.site.72, 2, 153, 155
411483.3.peg.820.site.73, 7, 153, 160
411483.3.peg.827.site.1, 1, 109, 110
411483.3.peg.827.site.2, 2, 106, 108
411483.3.peg.827.site.3, 11, 112, 123
411483.3.peg.827.site.4, 1, 116, 117
411483.3.peg.827.site.5, 0, 122, 122
411483.3.peg.827.site.6, 9, 126, 135
411483.3.peg.827.site.7, 1, 131, 132
411483.3.peg.827.site.8, 31, 141, 172
411483.3.peg.827.site.9, 2, 148, 150
411483.3.peg.827.site.10, 7, 146, 153
411483.3.peg.827.site.11, 10, 144, 154
411483.3.peg.827.site.12, 128, 144, 272
411483.3.peg.827.site.13, 59, 135, 194
411483.3.peg.827.site.14, 2, 147, 149
411483.3.peg.827.site.15, 4, 147, 151
411483.3.peg.827.site.16, 3, 146, 149
411483.3.peg.827.site.17, 4, 144, 148
411483.3.peg.827.site.18, 76, 128, 204
411483.3.peg.827.site.19, 6, 137, 143
411483.3.peg.827.site.20, 80, 122, 202
411483.3.peg.827.site.21, 1, 137, 138
411483.3.peg.827.site.22, 17, 136, 153
411483.3.peg.827.site.23, 3, 138, 141
411483.3.peg.827.site.24, 2, 138, 140
411483.3.peg.827.site.25, 0, 137, 137
411483.3.peg.827.site.26, 15, 131, 146
411483.3.peg.827.site.27, 15, 135, 150
411483.3.peg.827.site.28, 0, 133, 133
411483.3.peg.827.site.29, 4, 131, 135
411483.3.peg.827.site.30, 0, 130, 130
411483.3.peg.827.site.31, 2, 125, 127
411483.3.peg.827.site.32, 1, 120, 121
411483.3.peg.827.site.33, 52, 110, 162
411483.3.peg.827.site.34, 2, 108, 110
411483.3.peg.827.site.35, 1, 108, 109
411483.3.peg.827.site.36, 14, 94, 108
411483.3.peg.827.site.37, 13, 93, 106
411483.3.peg.827.site.38, 7, 90, 97
411483.3.peg.827.site.39, 7, 94, 101
411483.3.peg.827.site.40, 8, 104, 112
411483.3.peg.827.site.41, 74, 101, 175
411483.3.peg.827.site.42, 88, 106, 194
411483.3.peg.827.site.43, 14, 123, 137
411483.3.peg.827.site.44, 0, 144, 144
411483.3.peg.827.site.45, 9, 137, 146
411483.3.peg.827.site.46, 13, 149, 162
411483.3.peg.827.site.47, 2, 144, 146
411483.3.peg.827.site.48, 4, 146, 150
411483.3.peg.827.site.49, 2, 144, 146
411483.3.peg.827.site.50, 1, 148, 149
411483.3.peg.827.site.51, 1, 147, 148
411483.3.peg.827.site.52, 7, 149, 156
411483.3.peg.827.site.53, 19, 144, 163
411483.3.peg.827.site.54, 1, 152, 153
411483.3.peg.827.site.55, 0, 153, 153
411483.3.peg.827.site.56, 1, 152, 153
411483.3.peg.827.site.57, 12, 153, 165
411483.3.peg.827.site.58, 14, 151, 165
411483.3.peg.1789.site.1, 4, 147, 151
411483.3.peg.1789.site.2, 31, 138, 169
411483.3.peg.1789.site.3, 4, 150, 154
411483.3.peg.1789.site.4, 4, 150, 154
411483.3.peg.1789.site.5, 4, 151, 155
411483.3.peg.1789.site.6, 1, 154, 155
411483.3.peg.1789.site.7, 1, 154, 155
411483.3.peg.1789.site.8, 3, 153, 156
411483.3.peg.1789.site.9, 11, 153, 164
411483.3.peg.1789.site.10, 2, 155, 157
411483.3.peg.1789.site.11, 2, 154, 156
411483.3.peg.1789.site.12, 4, 152, 156
411483.3.peg.1789.site.13, 2, 151, 153
411483.3.peg.288.site.1, 0, 140, 140
411483.3.peg.288.site.2, 4, 150, 154
411483.3.peg.288.site.3, 0, 147, 147
411483.3.peg.288.site.4, 1, 148, 149
411483.3.peg.288.site.5, 0, 148, 148
411483.3.peg.288.site.6, 1, 148, 149
411483.3.peg.288.site.7, 90, 147, 237
411483.3.peg.288.site.8, 7, 153, 160
411483.3.peg.288.site.9, 87, 145, 232
411483.3.peg.288.site.10, 1, 153, 154
411483.3.peg.288.site.11, 155, 155, 310
411483.3.peg.288.site.12, 0, 154, 154
411483.3.peg.288.site.13, 4, 152, 156
411483.3.peg.288.site.14, 75, 140, 215
411483.3.peg.288.site.15, 5, 153, 158
411483.3.peg.288.site.16, 4, 153, 157
411483.3.peg.288.site.17, 24, 150, 174
411483.3.peg.288.site.18, 6, 154, 160
411483.3.peg.288.site.19, 5, 153, 158
411483.3.peg.288.site.20, 2, 154, 156
411483.3.peg.288.site.21, 2, 154, 156
411483.3.peg.288.site.22, 12, 152, 164
411483.3.peg.288.site.23, 60, 149, 209
411483.3.peg.288.site.24, 2, 151, 153
411483.3.peg.288.site.25, 4, 150, 154
411483.3.peg.288.site.26, 8, 148, 156
411483.3.peg.288.site.27, 1, 149, 150
411483.3.peg.288.site.28, 3, 146, 149
411483.3.peg.288.site.29, 0, 141, 141
411483.3.peg.288.site.30, 3, 145, 148
411483.3.peg.288.site.31, 3, 145, 148
411483.3.peg.288.site.32, 1, 150, 151
411483.3.peg.288.site.33, 115, 147, 262
411483.3.peg.288.site.34, 4, 153, 157
411483.3.peg.288.site.35, 2, 154, 156
411483.3.peg.288.site.36, 1, 154, 155
411483.3.peg.288.site.37, 2, 155, 157
411483.3.peg.288.site.38, 20, 146, 166
411483.3.peg.288.site.39, 5, 155, 160
411483.3.peg.288.site.40, 3, 154, 157
411483.3.peg.288.site.41, 3, 154, 157
411483.3.peg.288.site.42, 24, 151, 175
411483.3.peg.288.site.43, 16, 152, 168
411483.3.peg.288.site.44, 2, 151, 153
411483.3.peg.288.site.45, 2, 154, 156
411483.3.peg.288.site.46, 3, 155, 158
411483.3.peg.288.site.47, 2, 153, 155
411483.3.peg.288.site.48, 86, 137, 223
411483.3.peg.288.site.49, 12, 147, 159
411483.3.peg.288.site.50, 10, 150, 160
411483.3.peg.288.site.51, 3, 154, 157
411483.3.peg.288.site.52, 1, 153, 154
411483.3.peg.288.site.53, 0, 153, 153
411483.3.peg.288.site.54, 2, 154, 156
411483.3.peg.288.site.55, 10, 150, 160
411483.3.peg.288.site.56, 147, 153, 300
411483.3.peg.825.site.1, 1, 148, 149
411483.3.peg.825.site.2, 1, 149, 150
411483.3.peg.825.site.3, 1, 150, 151
411483.3.peg.825.site.4, 2, 151, 153
411483.3.peg.825.site.5, 2, 143, 145
411483.3.peg.825.site.6, 6, 139, 145
411483.3.peg.825.site.7, 21, 132, 153
411483.3.peg.825.site.8, 40, 140, 180
411483.3.peg.825.site.9, 60, 141, 201
411483.3.peg.825.site.10, 26, 139, 165
411483.3.peg.825.site.11, 0, 146, 146
411483.3.peg.825.site.12, 55, 145, 200
411483.3.peg.825.site.13, 16, 145, 161
411483.3.peg.825.site.14, 34, 148, 182
411483.3.peg.825.site.15, 119, 148, 267
411483.3.peg.825.site.16, 8, 152, 160
411483.3.peg.825.site.17, 73, 145, 218
411483.3.peg.825.site.18, 6, 151, 157
411483.3.peg.825.site.19, 1, 152, 153
411483.3.peg.825.site.20, 1, 149, 150
411483.3.peg.825.site.21, 2, 149, 151
411483.3.peg.825.site.22, 2, 150, 152
411483.3.peg.825.site.23, 35, 134, 169
411483.3.peg.825.site.24, 1, 142, 143
411483.3.peg.825.site.25, 1, 134, 135
411483.3.peg.825.site.26, 64, 132, 196
411483.3.peg.825.site.27, 1, 126, 127
411483.3.peg.825.site.28, 64, 95, 159
411483.3.peg.825.site.29, 3, 92, 95
411483.3.peg.825.site.30, 1, 75, 76
411483.3.peg.825.site.31, 2, 70, 72
411483.3.peg.825.site.32, 4, 80, 84
411483.3.peg.825.site.33, 1, 104, 105
411483.3.peg.825.site.34, 26, 122, 148
411483.3.peg.825.site.35, 3, 134, 137
411483.3.peg.825.site.36, 2, 146, 148
411483.3.peg.825.site.37, 1, 153, 154
411483.3.peg.825.site.38, 52, 146, 198
411483.3.peg.825.site.39, 4, 153, 157
411483.3.peg.825.site.40, 4, 148, 152
411483.3.peg.825.site.41, 22, 150, 172
411483.3.peg.825.site.42, 7, 148, 155
411483.3.peg.825.site.43, 0, 148, 148
411483.3.peg.825.site.44, 26, 138, 164
411483.3.peg.825.site.45, 1, 145, 146
411483.3.peg.825.site.46, 1, 140, 141
411483.3.peg.825.site.47, 2, 123, 125
411483.3.peg.825.site.48, 3, 129, 132
411483.3.peg.825.site.49, 81, 117, 198
411483.3.peg.825.site.50, 1, 110, 111
411483.3.peg.825.site.51, 4, 103, 107
411483.3.peg.825.site.52, 4, 107, 111
411483.3.peg.825.site.53, 1, 106, 107
411483.3.peg.825.site.54, 1, 97, 98
411483.3.peg.825.site.55, 6, 99, 105
411483.3.peg.825.site.56, 67, 97, 164
411483.3.peg.825.site.57, 3, 102, 105
411483.3.peg.825.site.58, 30, 101, 131
411483.3.peg.825.site.59, 32, 104, 136
411483.3.peg.825.site.60, 3, 110, 113
411483.3.peg.825.site.61, 5, 105, 110
411483.3.peg.825.site.62, 6, 110, 116
411483.3.peg.825.site.63, 1, 116, 117
411483.3.peg.825.site.64, 2, 122, 124
411483.3.peg.825.site.65, 1, 129, 130
411483.3.peg.825.site.66, 1, 141, 142
411483.3.peg.825.site.67, 12, 138, 150
411483.3.peg.825.site.68, 1, 139, 140
411483.3.peg.825.site.69, 6, 141, 147
411483.3.peg.825.site.70, 1, 145, 146
411483.3.peg.825.site.71, 0, 142, 142
411483.3.peg.825.site.72, 38, 129, 167
411483.3.peg.825.site.73, 4, 141, 145
411483.3.peg.825.site.74, 3, 140, 143
411483.3.peg.825.site.75, 2, 143, 145
411483.3.peg.825.site.76, 1, 144, 145
411483.3.peg.825.site.77, 2, 143, 145
411483.3.peg.825.site.78, 1, 138, 139
411483.3.peg.825.site.79, 13, 127, 140
411483.3.peg.825.site.80, 61, 96, 157
411483.3.peg.825.site.81, 4, 112, 116
411483.3.peg.825.site.82, 71, 101, 172
411483.3.peg.825.site.83, 46, 113, 159
411483.3.peg.825.site.84, 0, 118, 118
411483.3.peg.825.site.85, 0, 137, 137
411483.3.peg.825.site.86, 1, 143, 144
411483.3.peg.825.site.87, 3, 150, 153
411483.3.peg.825.site.88, 1, 152, 153
411483.3.peg.825.site.89, 2, 153, 155
411483.3.peg.825.site.90, 54, 142, 196
411483.3.peg.825.site.91, 17, 147, 164
411483.3.peg.825.site.92, 10, 145, 155
411483.3.peg.825.site.93, 103, 132, 235
411483.3.peg.825.site.94, 5, 128, 133
411483.3.peg.825.site.95, 2, 114, 116
411483.3.peg.825.site.96, 3, 121, 124
411483.3.peg.825.site.97, 75, 124, 199
411483.3.peg.825.site.98, 65, 133, 198
411483.3.peg.825.site.99, 15, 143, 158
411483.3.peg.825.site.100, 2, 147, 149
411483.3.peg.825.site.101, 8, 151, 159
411483.3.peg.825.site.102, 4, 150, 154
411483.3.peg.825.site.103, 0, 153, 153
411483.3.peg.1029.site.1, 22, 118, 140
411483.3.peg.1029.site.2, 4, 120, 124
411483.3.peg.1029.site.3, 11, 107, 118
411483.3.peg.1029.site.4, 4, 111, 115
411483.3.peg.1029.site.5, 6, 111, 117
411483.3.peg.1029.site.6, 3, 122, 125
411483.3.peg.1029.site.7, 11, 118, 129
411483.3.peg.1029.site.8, 117, 123, 240
411483.3.peg.1029.site.9, 1, 125, 126
411483.3.peg.1029.site.10, 7, 132, 139
411483.3.peg.1029.site.11, 13, 127, 140
411483.3.peg.1029.site.12, 6, 135, 141
411483.3.peg.1029.site.13, 2, 144, 146
411483.3.peg.1029.site.14, 3, 141, 144
411483.3.peg.1029.site.15, 106, 137, 243
411483.3.peg.1029.site.16, 12, 129, 141
411483.3.peg.1029.site.17, 3, 134, 137
411483.3.peg.1029.site.18, 10, 123, 133
411483.3.peg.1029.site.19, 8, 118, 126
411483.3.peg.1029.site.20, 3, 110, 113
411483.3.peg.1029.site.21, 3, 104, 107
411483.3.peg.1029.site.22, 28, 99, 127
411483.3.peg.1029.site.23, 19, 96, 115
411483.3.peg.1029.site.24, 7, 97, 104
411483.3.peg.1029.site.25, 6, 81, 87
411483.3.peg.1029.site.26, 7, 72, 79
411483.3.peg.1029.site.27, 9, 76, 85
411483.3.peg.1029.site.28, 4, 79, 83
411483.3.peg.1029.site.29, 5, 82, 87
411483.3.peg.1029.site.30, 3, 83, 86
411483.3.peg.1029.site.31, 3, 95, 98
411483.3.peg.1029.site.32, 5, 96, 101
411483.3.peg.1029.site.33, 22, 103, 125
411483.3.peg.1029.site.34, 17, 102, 119
411483.3.peg.1029.site.35, 3, 105, 108
411483.3.peg.1029.site.36, 2, 119, 121
411483.3.peg.1029.site.37, 1, 121, 122
411483.3.peg.1029.site.38, 14, 118, 132
411483.3.peg.1029.site.39, 1, 123, 124
411483.3.peg.1029.site.40, 78, 118, 196
411483.3.peg.1029.site.41, 1, 128, 129
411483.3.peg.1029.site.42, 6, 132, 138
411483.3.peg.1029.site.43, 2, 140, 142
411483.3.peg.1029.site.44, 4, 144, 148
411483.3.peg.1029.site.45, 10, 143, 153
411483.3.peg.1029.site.46, 2, 144, 146
411483.3.peg.1029.site.47, 10, 142, 152
411483.3.peg.1029.site.48, 3, 142, 145
411483.3.peg.1029.site.49, 58, 132, 190
411483.3.peg.1029.site.50, 25, 127, 152
411483.3.peg.1029.site.51, 19, 131, 150
411483.3.peg.1029.site.52, 1, 127, 128
411483.3.peg.1029.site.53, 2, 124, 126
411483.3.peg.1029.site.54, 1, 128, 129
411483.3.peg.1029.site.55, 9, 131, 140
411483.3.peg.1029.site.56, 2, 138, 140
411483.3.peg.1029.site.57, 17, 130, 147
411483.3.peg.1029.site.58, 1, 145, 146
411483.3.peg.1029.site.59, 6, 146, 152
411483.3.peg.1029.site.60, 3, 151, 154
411483.3.peg.1029.site.61, 2, 150, 152
411483.3.peg.1029.site.62, 5, 151, 156
411483.3.peg.1029.site.63, 7, 151, 158
411483.3.peg.1029.site.64, 21, 143, 164
411483.3.peg.1029.site.65, 5, 146, 151
411483.3.peg.1029.site.66, 2, 147, 149
411483.3.peg.1029.site.67, 7, 138, 145
411483.3.peg.1029.site.68, 1, 145, 146
411483.3.peg.1029.site.69, 1, 150, 151
411483.3.peg.1029.site.70, 64, 145, 209
411483.3.peg.1029.site.71, 6, 143, 149
411483.3.peg.1029.site.72, 0, 147, 147
411483.3.peg.1029.site.73, 2, 152, 154
411483.3.peg.1029.site.74, 13, 147, 160
411483.3.peg.1029.site.75, 0, 154, 154
411483.3.peg.1029.site.76, 24, 152, 176
411483.3.peg.1029.site.77, 12, 149, 161
411483.3.peg.1029.site.78, 1, 153, 154
411483.3.peg.1029.site.79, 3, 153, 156
411483.3.peg.1029.site.80, 19, 151, 170
411483.3.peg.1029.site.81, 52, 140, 192
411483.3.peg.1029.site.82, 28, 153, 181
411483.3.peg.1029.site.83, 3, 153, 156
411483.3.peg.1029.site.84, 0, 144, 144
411483.3.peg.1029.site.85, 18, 139, 157
411483.3.peg.1029.site.86, 24, 141, 165
411483.3.peg.1029.site.87, 1, 135, 136
411483.3.peg.1029.site.88, 52, 120, 172
411483.3.peg.1029.site.89, 7, 127, 134
411483.3.peg.1029.site.90, 100, 118, 218
411483.3.peg.1029.site.91, 13, 124, 137
411483.3.peg.1029.site.92, 1, 126, 127
411483.3.peg.1029.site.93, 67, 112, 179
411483.3.peg.1029.site.94, 2, 127, 129
411483.3.peg.1029.site.95, 1, 127, 128
411483.3.peg.1029.site.96, 2, 120, 122
411483.3.peg.1029.site.97, 2, 122, 124
411483.3.peg.1029.site.98, 14, 130, 144
411483.3.peg.1029.site.99, 2, 122, 124
411483.3.peg.1029.site.100, 2, 126, 128
411483.3.peg.1029.site.101, 12, 128, 140
411483.3.peg.1029.site.102, 17, 131, 148
411483.3.peg.1029.site.103, 129, 132, 261
411483.3.peg.1029.site.104, 2, 137, 139
411483.3.peg.1029.site.105, 4, 137, 141
411483.3.peg.1029.site.106, 1, 136, 137
411483.3.peg.1029.site.107, 41, 131, 172
411483.3.peg.1029.site.108, 4, 140, 144
411483.3.peg.1029.site.109, 2, 140, 142
411483.3.peg.1029.site.110, 1, 139, 140
411483.3.peg.1029.site.111, 25, 129, 154
411483.3.peg.1029.site.112, 2, 141, 143
411483.3.peg.1029.site.113, 6, 142, 148
411483.3.peg.1029.site.114, 1, 138, 139
411483.3.peg.1029.site.115, 17, 135, 152
411483.3.peg.1029.site.116, 1, 135, 136
411483.3.peg.1029.site.117, 3, 130, 133
411483.3.peg.1029.site.118, 1, 133, 134
411483.3.peg.1029.site.119, 6, 129, 135
411483.3.peg.1029.site.120, 20, 127, 147
411483.3.peg.1029.site.121, 2, 126, 128
411483.3.peg.1029.site.122, 10, 127, 137
411483.3.peg.1029.site.123, 79, 123, 202
411483.3.peg.1029.site.124, 1, 137, 138
411483.3.peg.1029.site.125, 8, 125, 133
411483.3.peg.1029.site.126, 14, 132, 146
411483.3.peg.1029.site.127, 4, 139, 143
411483.3.peg.1029.site.128, 0, 143, 143
411483.3.peg.1029.site.129, 1, 151, 152
411483.3.peg.1029.site.130, 1, 145, 146
411483.3.peg.1029.site.131, 6, 143, 149
411483.3.peg.1029.site.132, 0, 141, 141
411483.3.peg.1029.site.133, 1, 145, 146
411483.3.peg.1029.site.134, 4, 144, 148
411483.3.peg.1029.site.135, 16, 133, 149
411483.3.peg.1029.site.136, 6, 145, 151
411483.3.peg.1029.site.137, 0, 143, 143
411483.3.peg.1029.site.138, 11, 147, 158
411483.3.peg.1029.site.139, 9, 141, 150
411483.3.peg.1029.site.140, 0, 147, 147
411483.3.peg.1029.site.141, 75, 138, 213
411483.3.peg.1029.site.142, 6, 151, 157
411483.3.peg.1029.site.143, 2, 153, 155
411483.3.peg.1029.site.144, 1, 155, 156
411483.3.peg.1029.site.145, 1, 153, 154
411483.3.peg.1029.site.146, 0, 154, 154
411483.3.peg.1029.site.147, 1, 154, 155
411483.3.peg.1029.site.148, 3, 149, 152
411483.3.peg.1029.site.149, 18, 150, 168
411483.3.peg.1029.site.150, 143, 145, 288
411483.3.peg.1029.site.151, 8, 151, 159
411483.3.peg.1029.site.152, 27, 147, 174
411483.3.peg.1029.site.153, 3, 153, 156
411483.3.peg.1029.site.154, 6, 152, 158
411483.3.peg.1029.site.155, 8, 153, 161
411483.3.peg.1029.site.156, 30, 145, 175
411483.3.peg.1029.site.157, 2, 148, 150
411483.3.peg.1029.site.158, 3, 148, 151
411483.3.peg.1029.site.159, 3, 143, 146
411483.3.peg.1029.site.160, 1, 144, 145
411483.3.peg.1029.site.161, 7, 142, 149
411483.3.peg.1029.site.162, 138, 139, 277
411483.3.peg.1029.site.163, 6, 136, 142
411483.3.peg.1029.site.164, 4, 139, 143
411483.3.peg.1029.site.165, 59, 128, 187
411483.3.peg.1029.site.166, 35, 130, 165
411483.3.peg.1029.site.167, 42, 123, 165
411483.3.peg.1029.site.168, 10, 136, 146
411483.3.peg.1029.site.169, 30, 131, 161
411483.3.peg.1029.site.170, 4, 138, 142
411483.3.peg.1029.site.171, 1, 138, 139
411483.3.peg.1029.site.172, 4, 141, 145
411483.3.peg.1029.site.173, 1, 132, 133
411483.3.peg.1029.site.174, 109, 128, 237
411483.3.peg.1029.site.175, 3, 134, 137
411483.3.peg.1029.site.176, 9, 138, 147
411483.3.peg.1029.site.177, 1, 141, 142
411483.3.peg.1029.site.178, 4, 133, 137
411483.3.peg.1029.site.179, 1, 136, 137
411483.3.peg.1029.site.180, 12, 134, 146
411483.3.peg.1029.site.181, 21, 134, 155
411483.3.peg.1029.site.182, 3, 138, 141
411483.3.peg.1029.site.183, 14, 134, 148
411483.3.peg.1029.site.184, 17, 141, 158
411483.3.peg.1029.site.185, 58, 135, 193
411483.3.peg.1029.site.186, 36, 143, 179
411483.3.peg.1029.site.187, 3, 151, 154
411483.3.peg.1029.site.188, 1, 150, 151
411483.3.peg.1029.site.189, 2, 150, 152
411483.3.peg.1029.site.190, 1, 154, 155
411483.3.peg.1029.site.191, 2, 152, 154
411483.3.peg.1029.site.192, 8, 151, 159
411483.3.peg.1029.site.193, 9, 147, 156
411483.3.peg.1029.site.194, 19, 138, 157
411483.3.peg.1029.site.195, 0, 146, 146
411483.3.peg.1029.site.196, 5, 145, 150
411483.3.peg.1029.site.197, 7, 147, 154
411483.3.peg.1029.site.198, 6, 139, 145
411483.3.peg.1029.site.199, 0, 147, 147
411483.3.peg.1029.site.200, 18, 143, 161
411483.3.peg.1029.site.201, 4, 144, 148
411483.3.peg.1029.site.202, 2, 146, 148
411483.3.peg.1029.site.203, 0, 148, 148
411483.3.peg.1029.site.204, 14, 137, 151
411483.3.peg.1029.site.205, 0, 142, 142
411483.3.peg.1029.site.206, 3, 145, 148
411483.3.peg.1029.site.207, 0, 135, 135
411483.3.peg.1029.site.208, 4, 143, 147
411483.3.peg.1029.site.209, 1, 148, 149
411483.3.peg.1029.site.210, 3, 142, 145
411483.3.peg.1029.site.211, 11, 146, 157
411483.3.peg.1029.site.212, 3, 148, 151
411483.3.peg.1029.site.213, 3, 151, 154
411483.3.peg.1029.site.214, 4, 153, 157
411483.3.peg.1029.site.215, 3, 153, 156
411483.3.peg.1029.site.216, 3, 153, 156
411483.3.peg.1029.site.217, 1, 155, 156
411483.3.peg.1029.site.218, 1, 155, 156
411483.3.peg.1029.site.219, 2, 155, 157
411483.3.peg.1029.site.220, 0, 154, 154
411483.3.peg.2645.site.1, 20, 152, 172
411483.3.peg.2645.site.2, 20, 149, 169
411483.3.peg.2645.site.3, 5, 155, 160
411483.3.peg.2645.site.4, 7, 149, 156
411483.3.peg.2645.site.5, 34, 142, 176
411483.3.peg.2645.site.6, 8, 147, 155
411483.3.peg.2645.site.7, 2, 150, 152
411483.3.peg.2645.site.8, 1, 152, 153
411483.3.peg.2645.site.9, 4, 150, 154
411483.3.peg.2645.site.10, 8, 150, 158
411483.3.peg.2645.site.11, 6, 152, 158
411483.3.peg.2645.site.12, 1, 149, 150
411483.3.peg.2645.site.13, 36, 139, 175
411483.3.peg.2645.site.14, 35, 138, 173
411483.3.peg.2645.site.15, 32, 139, 171
411483.3.peg.2645.site.16, 91, 148, 239
411483.3.peg.2645.site.17, 11, 154, 165
411483.3.peg.2645.site.18, 1, 154, 155
411483.3.peg.2645.site.19, 125, 148, 273
411483.3.peg.2645.site.20, 0, 149, 149
411483.3.peg.2645.site.21, 112, 144, 256
411483.3.peg.2645.site.22, 10, 152, 162
411483.3.peg.2645.site.23, 2, 150, 152
411483.3.peg.2645.site.24, 7, 148, 155
411483.3.peg.2645.site.25, 11, 154, 165
411483.3.peg.2645.site.26, 3, 155, 158
411483.3.peg.2645.site.27, 5, 155, 160
411483.3.peg.2645.site.28, 35, 149, 184
411483.3.peg.2645.site.29, 2, 155, 157
411483.3.peg.2645.site.30, 100, 145, 245
411483.3.peg.2645.site.31, 9, 155, 164
411483.3.peg.2645.site.32, 1, 153, 154
411483.3.peg.2645.site.33, 3, 155, 158
411483.3.peg.2645.site.34, 4, 153, 157
411483.3.peg.2645.site.35, 4, 154, 158
411483.3.peg.2645.site.36, 0, 153, 153
411483.3.peg.2645.site.37, 7, 151, 158
411483.3.peg.2645.site.38, 14, 149, 163
411483.3.peg.2645.site.39, 5, 151, 156
411483.3.peg.2645.site.40, 150, 151, 301
411483.3.peg.2645.site.41, 57, 143, 200
411483.3.peg.2645.site.42, 2, 154, 156
411483.3.peg.2645.site.43, 1, 154, 155
411483.3.peg.2645.site.44, 1, 154, 155
411483.3.peg.2645.site.45, 7, 151, 158
411483.3.peg.2645.site.46, 4, 151, 155
411483.3.peg.1118.site.1, 1, 150, 151
411483.3.peg.1118.site.2, 1, 155, 156
411483.3.peg.1118.site.3, 8, 153, 161
411483.3.peg.1118.site.4, 10, 152, 162
411483.3.peg.1118.site.5, 1, 154, 155
411483.3.peg.1118.site.6, 6, 153, 159
411483.3.peg.1118.site.7, 0, 154, 154
411483.3.peg.1118.site.8, 6, 153, 159
411483.3.peg.1118.site.9, 8, 155, 163
411483.3.peg.1118.site.10, 2, 155, 157
411483.3.peg.1118.site.11, 8, 152, 160
411483.3.peg.1118.site.12, 5, 154, 159
411483.3.peg.1118.site.13, 30, 153, 183
411483.3.peg.1118.site.14, 0, 150, 150
411483.3.peg.1118.site.15, 5, 152, 157
411483.3.peg.1118.site.16, 0, 149, 149
411483.3.peg.276.site.1, 8, 150, 158
411483.3.peg.276.site.2, 3, 151, 154
411483.3.peg.276.site.3, 1, 152, 153
411483.3.peg.276.site.4, 6, 152, 158
411483.3.peg.276.site.5, 0, 152, 152
411483.3.peg.276.site.6, 3, 151, 154
411483.3.peg.276.site.7, 13, 152, 165
411483.3.peg.276.site.8, 4, 155, 159
411483.3.peg.276.site.9, 136, 149, 285
411483.3.peg.276.site.10, 24, 146, 170
411483.3.peg.276.site.11, 8, 149, 157
411483.3.peg.276.site.12, 9, 154, 163
411483.3.peg.276.site.13, 4, 154, 158
411483.3.peg.276.site.14, 1, 154, 155
411483.3.peg.276.site.15, 17, 148, 165
411483.3.peg.276.site.16, 7, 154, 161
411483.3.peg.276.site.17, 2, 155, 157
411483.3.peg.276.site.18, 6, 155, 161
411483.3.peg.276.site.19, 16, 151, 167
411483.3.peg.276.site.20, 3, 154, 157
411483.3.peg.276.site.21, 116, 144, 260
411483.3.peg.276.site.22, 0, 150, 150
411483.3.peg.276.site.23, 7, 150, 157
411483.3.peg.276.site.24, 14, 150, 164
411483.3.peg.276.site.25, 2, 153, 155
411483.3.peg.276.site.26, 3, 150, 153
411483.3.peg.276.site.27, 12, 144, 156
411483.3.peg.276.site.28, 84, 135, 219
411483.3.peg.276.site.29, 3, 149, 152
411483.3.peg.276.site.30, 10, 147, 157
411483.3.peg.276.site.31, 12, 141, 153
411483.3.peg.276.site.32, 28, 145, 173
411483.3.peg.276.site.33, 1, 151, 152
411483.3.peg.276.site.34, 5, 145, 150
411483.3.peg.276.site.35, 2, 152, 154
411483.3.peg.276.site.36, 11, 146, 157
411483.3.peg.276.site.37, 50, 145, 195
411483.3.peg.276.site.38, 0, 154, 154
411483.3.peg.276.site.39, 25, 150, 175
411483.3.peg.276.site.40, 4, 154, 158
411483.3.peg.276.site.41, 2, 155, 157
411483.3.peg.276.site.42, 67, 140, 207
411483.3.peg.276.site.43, 0, 154, 154
411483.3.peg.276.site.44, 6, 150, 156
411483.3.peg.276.site.45, 39, 147, 186
411483.3.peg.276.site.46, 5, 152, 157
411483.3.peg.276.site.47, 15, 147, 162
411483.3.peg.276.site.48, 1, 152, 153
411483.3.peg.276.site.49, 132, 149, 281
411483.3.peg.276.site.50, 0, 154, 154
411483.3.peg.276.site.51, 41, 146, 187
411483.3.peg.276.site.52, 24, 145, 169
411483.3.peg.276.site.53, 4, 152, 156
411483.3.peg.276.site.54, 2, 154, 156
411483.3.peg.276.site.55, 0, 150, 150
411483.3.peg.276.site.56, 3, 151, 154
411483.3.peg.276.site.57, 120, 142, 262
411483.3.peg.276.site.58, 0, 150, 150
411483.3.peg.276.site.59, 4, 152, 156
411483.3.peg.276.site.60, 1, 151, 152
411483.3.peg.276.site.61, 134, 144, 278
411483.3.peg.276.site.62, 7, 150, 157
411483.3.peg.276.site.63, 9, 150, 159
411483.3.peg.276.site.64, 21, 147, 168
411483.3.peg.276.site.65, 7, 150, 157
411483.3.peg.276.site.66, 5, 148, 153
411483.3.peg.276.site.67, 8, 154, 162
411483.3.peg.276.site.68, 1, 155, 156
411483.3.peg.276.site.69, 0, 155, 155
411483.3.peg.276.site.70, 0, 153, 153
411483.3.peg.276.site.71, 110, 146, 256
411483.3.peg.276.site.72, 3, 154, 157
411483.3.peg.276.site.73, 0, 155, 155
411483.3.peg.276.site.74, 13, 148, 161
411483.3.peg.276.site.75, 6, 155, 161
411483.3.peg.276.site.76, 23, 150, 173
411483.3.peg.276.site.77, 5, 154, 159
411483.3.peg.276.site.78, 0, 153, 153
411483.3.peg.276.site.79, 0, 151, 151
411483.3.peg.276.site.80, 2, 150, 152
411483.3.peg.276.site.81, 2, 152, 154
411483.3.peg.276.site.82, 120, 144, 264
411483.3.peg.276.site.83, 2, 149, 151
411483.3.peg.276.site.84, 10, 152, 162
411483.3.peg.276.site.85, 1, 154, 155
411483.3.peg.276.site.86, 1, 152, 153
411483.3.peg.276.site.87, 0, 152, 152
411483.3.peg.276.site.88, 4, 153, 157
411483.3.peg.276.site.89, 6, 150, 156
411483.3.peg.276.site.90, 2, 153, 155
411483.3.peg.276.site.91, 1, 154, 155
411483.3.peg.276.site.92, 138, 150, 288
411483.3.peg.276.site.93, 6, 152, 158
411483.3.peg.276.site.94, 0, 152, 152
411483.3.peg.276.site.95, 7, 151, 158
411483.3.peg.276.site.96, 0, 153, 153
411483.3.peg.276.site.97, 5, 151, 156
411483.3.peg.276.site.98, 10, 149, 159
411483.3.peg.276.site.99, 3, 152, 155
411483.3.peg.276.site.100, 8, 151, 159
411483.3.peg.276.site.101, 1, 153, 154
411483.3.peg.276.site.102, 1, 152, 153
411483.3.peg.276.site.103, 1, 152, 153
411483.3.peg.276.site.104, 3, 152, 155
411483.3.peg.276.site.105, 1, 152, 153
411483.3.peg.276.site.106, 56, 147, 203
411483.3.peg.276.site.107, 5, 155, 160
411483.3.peg.276.site.108, 2, 151, 153
411483.3.peg.275.site.1, 16, 151, 167
411483.3.peg.275.site.2, 7, 153, 160
411483.3.peg.275.site.3, 10, 153, 163
411483.3.peg.275.site.4, 3, 153, 156
411483.3.peg.275.site.5, 1, 154, 155
411483.3.peg.275.site.6, 141, 152, 293
411483.3.peg.275.site.7, 2, 155, 157
411483.3.peg.275.site.8, 3, 153, 156
411483.3.peg.275.site.9, 123, 149, 272
411483.3.peg.275.site.10, 3, 148, 151
411483.3.peg.275.site.11, 2, 153, 155
411483.3.peg.275.site.12, 6, 150, 156
411483.3.peg.275.site.13, 5, 151, 156
411483.3.peg.275.site.14, 6, 152, 158
411483.3.peg.275.site.15, 3, 154, 157
411483.3.peg.275.site.16, 0, 152, 152
411483.3.peg.275.site.17, 14, 149, 163
411483.3.peg.275.site.18, 0, 154, 154
411483.3.peg.275.site.19, 4, 149, 153
411483.3.peg.275.site.20, 4, 155, 159
411483.3.peg.275.site.21, 5, 152, 157
411483.3.peg.275.site.22, 3, 154, 157
411483.3.peg.275.site.23, 2, 154, 156
411483.3.peg.275.site.24, 2, 154, 156
411483.3.peg.275.site.25, 6, 153, 159
411483.3.peg.275.site.26, 2, 153, 155
411483.3.peg.275.site.27, 4, 149, 153
411483.3.peg.275.site.28, 13, 152, 165
411483.3.peg.275.site.29, 1, 154, 155
411483.3.peg.275.site.30, 6, 154, 160
411483.3.peg.275.site.31, 75, 139, 214
411483.3.peg.275.site.32, 7, 148, 155
411483.3.peg.275.site.33, 5, 151, 156
411483.3.peg.275.site.34, 0, 154, 154
411483.3.peg.275.site.35, 8, 152, 160
411483.3.peg.275.site.36, 22, 148, 170
411483.3.peg.275.site.37, 18, 148, 166
411483.3.peg.275.site.38, 0, 153, 153
411483.3.peg.275.site.39, 0, 153, 153
411483.3.peg.275.site.40, 3, 155, 158
411483.3.peg.275.site.41, 12, 149, 161
411483.3.peg.275.site.42, 4, 152, 156
411483.3.peg.275.site.43, 10, 147, 157
411483.3.peg.275.site.44, 1, 152, 153
411483.3.peg.275.site.45, 113, 144, 257
411483.3.peg.275.site.46, 6, 154, 160
411483.3.peg.275.site.47, 0, 154, 154
411483.3.peg.275.site.48, 2, 155, 157
411483.3.peg.275.site.49, 6, 153, 159
411483.3.peg.275.site.50, 9, 147, 156
411483.3.peg.275.site.51, 0, 152, 152
411483.3.peg.275.site.52, 4, 149, 153
411483.3.peg.275.site.53, 0, 151, 151
411483.3.peg.275.site.54, 1, 148, 149
411483.3.peg.275.site.55, 52, 143, 195
411483.3.peg.275.site.56, 27, 143, 170
411483.3.peg.275.site.57, 5, 151, 156
411483.3.peg.275.site.58, 9, 147, 156
411483.3.peg.275.site.59, 2, 153, 155
411483.3.peg.275.site.60, 3, 145, 148
411483.3.peg.275.site.61, 9, 153, 162
411483.3.peg.275.site.62, 4, 153, 157
411483.3.peg.275.site.63, 2, 155, 157
411483.3.peg.275.site.64, 0, 153, 153
411483.3.peg.275.site.65, 3, 144, 147
411483.3.peg.275.site.66, 2, 149, 151
411483.3.peg.275.site.67, 1, 143, 144
411483.3.peg.275.site.68, 8, 138, 146
411483.3.peg.274.site.1, 7, 150, 157
411483.3.peg.274.site.2, 9, 140, 149
411483.3.peg.274.site.3, 17, 144, 161
411483.3.peg.274.site.4, 24, 139, 163
411483.3.peg.274.site.5, 11, 147, 158
411483.3.peg.274.site.6, 0, 147, 147
411483.3.peg.274.site.7, 32, 145, 177
411483.3.peg.274.site.8, 1, 148, 149
411483.3.peg.274.site.9, 21, 145, 166
411483.3.peg.274.site.10, 6, 152, 158
411483.3.peg.274.site.11, 2, 154, 156
411483.3.peg.274.site.12, 0, 153, 153
411483.3.peg.274.site.13, 0, 153, 153
411483.3.peg.274.site.14, 74, 148, 222
411483.3.peg.274.site.15, 1, 151, 152
411483.3.peg.274.site.16, 6, 150, 156
411483.3.peg.274.site.17, 11, 153, 164
411483.3.peg.274.site.18, 4, 153, 157
411483.3.peg.274.site.19, 72, 141, 213
411483.3.peg.274.site.20, 29, 144, 173
411483.3.peg.274.site.21, 5, 151, 156
411483.3.peg.274.site.22, 11, 148, 159
411483.3.peg.274.site.23, 0, 154, 154
411483.3.peg.274.site.24, 10, 153, 163
411483.3.peg.274.site.25, 21, 152, 173
411483.3.peg.274.site.26, 5, 153, 158
411483.3.peg.274.site.27, 41, 143, 184
411483.3.peg.274.site.28, 3, 153, 156
411483.3.peg.274.site.29, 1, 147, 148
411483.3.peg.274.site.30, 0, 151, 151
411483.3.peg.274.site.31, 1, 154, 155
411483.3.peg.274.site.32, 3, 149, 152
411483.3.peg.274.site.33, 1, 149, 150
411483.3.peg.274.site.34, 83, 141, 224
411483.3.peg.274.site.35, 1, 150, 151
411483.3.peg.274.site.36, 1, 152, 153
411483.3.peg.274.site.37, 22, 141, 163
411483.3.peg.274.site.38, 0, 150, 150
411483.3.peg.274.site.39, 2, 151, 153
411483.3.peg.274.site.40, 0, 149, 149
411483.3.peg.274.site.41, 4, 148, 152
411483.3.peg.274.site.42, 1, 151, 152
411483.3.peg.274.site.43, 4, 153, 157
411483.3.peg.274.site.44, 46, 134, 180
411483.3.peg.274.site.45, 3, 153, 156
411483.3.peg.274.site.46, 5, 155, 160
411483.3.peg.274.site.47, 3, 154, 157
411483.3.peg.274.site.48, 0, 150, 150
411483.3.peg.274.site.49, 109, 148, 257
411483.3.peg.274.site.50, 0, 152, 152
411483.3.peg.274.site.51, 0, 154, 154
411483.3.peg.274.site.52, 3, 152, 155
411483.3.peg.274.site.53, 1, 152, 153
411483.3.peg.274.site.54, 7, 155, 162
411483.3.peg.274.site.55, 3, 155, 158
411483.3.peg.274.site.56, 1, 154, 155
411483.3.peg.274.site.57, 1, 152, 153
411483.3.peg.274.site.58, 2, 153, 155
411483.3.peg.274.site.59, 2, 153, 155
411483.3.peg.274.site.60, 1, 153, 154
411483.3.peg.274.site.61, 1, 147, 148
411483.3.peg.274.site.62, 25, 139, 164
411483.3.peg.274.site.63, 78, 141, 219
411483.3.peg.274.site.64, 1, 153, 154
411483.3.peg.274.site.65, 65, 138, 203
411483.3.peg.274.site.66, 0, 154, 154
411483.3.peg.274.site.67, 1, 155, 156
411483.3.peg.274.site.68, 14, 154, 168
411483.3.peg.274.site.69, 2, 155, 157
411483.3.peg.273.site.1, 31, 141, 172
411483.3.peg.270.site.1, 0, 155, 155
411483.3.peg.270.site.2, 37, 148, 185
411483.3.peg.270.site.3, 3, 153, 156
411483.3.peg.270.site.4, 3, 151, 154
411483.3.peg.270.site.5, 0, 153, 153
411483.3.peg.270.site.6, 30, 150, 180
411483.3.peg.270.site.7, 1, 143, 144
411483.3.peg.270.site.8, 2, 149, 151
411483.3.peg.270.site.9, 5, 149, 154
411483.3.peg.270.site.10, 0, 148, 148
411483.3.peg.270.site.11, 2, 151, 153
411483.3.peg.270.site.12, 5, 147, 152
411483.3.peg.270.site.13, 27, 143, 170
411483.3.peg.270.site.14, 31, 142, 173
411483.3.peg.270.site.15, 1, 142, 143
411483.3.peg.270.site.16, 1, 150, 151
411483.3.peg.270.site.17, 3, 153, 156
411483.3.peg.270.site.18, 15, 147, 162
411483.3.peg.270.site.19, 2, 152, 154
411483.3.peg.270.site.20, 0, 155, 155
411483.3.peg.270.site.21, 0, 151, 151
411483.3.peg.270.site.22, 1, 153, 154
411483.3.peg.270.site.23, 149, 152, 301
411483.3.peg.270.site.24, 1, 154, 155
411483.3.peg.270.site.25, 9, 150, 159
411483.3.peg.270.site.26, 4, 154, 158
411483.3.peg.270.site.27, 0, 150, 150
411483.3.peg.270.site.28, 2, 150, 152
411483.3.peg.270.site.29, 2, 149, 151
411483.3.peg.270.site.30, 2, 151, 153
411483.3.peg.270.site.31, 10, 150, 160
411483.3.peg.270.site.32, 59, 144, 203
411483.3.peg.270.site.33, 8, 149, 157
411483.3.peg.270.site.34, 2, 150, 152
411483.3.peg.270.site.35, 1, 151, 152
411483.3.peg.270.site.36, 0, 152, 152
411483.3.peg.270.site.37, 0, 151, 151
411483.3.peg.270.site.38, 8, 151, 159
411483.3.peg.270.site.39, 6, 150, 156
411483.3.peg.270.site.40, 4, 154, 158
411483.3.peg.270.site.41, 1, 154, 155
411483.3.peg.270.site.42, 2, 152, 154
411483.3.peg.270.site.43, 9, 150, 159
411483.3.peg.270.site.44, 1, 154, 155
411483.3.peg.270.site.45, 3, 154, 157
411483.3.peg.270.site.46, 3, 153, 156
411483.3.peg.270.site.47, 0, 154, 154
411483.3.peg.270.site.48, 99, 144, 243
411483.3.peg.1110.site.1, 16, 98, 114
411483.3.peg.1110.site.2, 2, 121, 123
411483.3.peg.1110.site.3, 1, 127, 128
411483.3.peg.1110.site.4, 2, 134, 136
411483.3.peg.1110.site.5, 0, 139, 139
411483.3.peg.1110.site.6, 0, 153, 153
411483.3.peg.1110.site.7, 0, 153, 153
411483.3.peg.1110.site.8, 0, 153, 153
411483.3.peg.1110.site.9, 2, 155, 157
411483.3.peg.1110.site.10, 151, 154, 305
411483.3.peg.1110.site.11, 1, 155, 156
411483.3.peg.1110.site.12, 1, 155, 156
411483.3.peg.1110.site.13, 2, 155, 157
411483.3.peg.1110.site.14, 5, 151, 156
411483.3.peg.1110.site.15, 44, 143, 187
411483.3.peg.1110.site.16, 0, 153, 153
411483.3.peg.1110.site.17, 1, 149, 150
411483.3.peg.1110.site.18, 1, 150, 151
411483.3.peg.1110.site.19, 0, 152, 152
411483.3.peg.1110.site.20, 2, 152, 154
411483.3.peg.1110.site.21, 0, 153, 153
411483.3.peg.1110.site.22, 1, 154, 155
411483.3.peg.1110.site.23, 2, 154, 156
411483.3.peg.1110.site.24, 1, 151, 152
411483.3.peg.1110.site.25, 11, 144, 155
411483.3.peg.1110.site.26, 2, 153, 155
411483.3.peg.1110.site.27, 0, 152, 152
411483.3.peg.1110.site.28, 5, 150, 155
411483.3.peg.1110.site.29, 1, 147, 148
411483.3.peg.1110.site.30, 18, 145, 163
411483.3.peg.1110.site.31, 1, 149, 150
411483.3.peg.1110.site.32, 2, 155, 157
411483.3.peg.1110.site.33, 9, 153, 162
411483.3.peg.1110.site.34, 132, 151, 283
411483.3.peg.1110.site.35, 1, 155, 156
411483.3.peg.1110.site.36, 6, 150, 156
411483.3.peg.1110.site.37, 1, 153, 154
411483.3.peg.1110.site.38, 4, 153, 157
411483.3.peg.1110.site.39, 33, 147, 180
411483.3.peg.1110.site.40, 4, 153, 157
411483.3.peg.1110.site.41, 1, 155, 156
411483.3.peg.1110.site.42, 3, 155, 158
411483.3.peg.1110.site.43, 2, 155, 157
411483.3.peg.1110.site.44, 1, 150, 151
411483.3.peg.1110.site.45, 0, 154, 154
411483.3.peg.1110.site.46, 0, 154, 154
411483.3.peg.1110.site.47, 0, 154, 154
411483.3.peg.1110.site.48, 53, 142, 195
411483.3.peg.1110.site.49, 4, 153, 157
411483.3.peg.1110.site.50, 1, 154, 155
411483.3.peg.1110.site.51, 5, 154, 159
411483.3.peg.1110.site.52, 2, 151, 153
411483.3.peg.1110.site.53, 1, 154, 155
411483.3.peg.1110.site.54, 24, 151, 175
411483.3.peg.1110.site.55, 24, 149, 173
411483.3.peg.1110.site.56, 4, 152, 156
411483.3.peg.1110.site.57, 2, 153, 155
411483.3.peg.1110.site.58, 27, 146, 173
411483.3.peg.1110.site.59, 53, 141, 194
411483.3.peg.1111.site.1, 0, 155, 155
411483.3.peg.1111.site.2, 0, 154, 154
411483.3.peg.1111.site.3, 0, 154, 154
411483.3.peg.1111.site.4, 1, 153, 154
411483.3.peg.1111.site.5, 1, 154, 155
411483.3.peg.1111.site.6, 1, 154, 155
411483.3.peg.1111.site.7, 22, 149, 171
411483.3.peg.1111.site.8, 1, 155, 156
411483.3.peg.1111.site.9, 0, 153, 153
411483.3.peg.1111.site.10, 4, 155, 159
411483.3.peg.1111.site.11, 4, 153, 157
411483.3.peg.1111.site.12, 2, 154, 156
411483.3.peg.1111.site.13, 4, 151, 155
411483.3.peg.1111.site.14, 2, 155, 157
411483.3.peg.1111.site.15, 4, 155, 159
411483.3.peg.1111.site.16, 23, 145, 168
411483.3.peg.1111.site.17, 3, 150, 153
411483.3.peg.1112.site.1, 64, 141, 205
411483.3.peg.1112.site.2, 0, 153, 153
411483.3.peg.1112.site.3, 3, 154, 157
411483.3.peg.1112.site.4, 3, 149, 152
411483.3.peg.1112.site.5, 2, 153, 155
411483.3.peg.1112.site.6, 2, 153, 155
411483.3.peg.1112.site.7, 2, 152, 154
411483.3.peg.1112.site.8, 5, 153, 158
411483.3.peg.1112.site.9, 0, 152, 152
411483.3.peg.1112.site.10, 0, 150, 150
411483.3.peg.1112.site.11, 3, 152, 155
411483.3.peg.1112.site.12, 1, 150, 151
411483.3.peg.1112.site.13, 4, 148, 152
411483.3.peg.1112.site.14, 5, 153, 158
411483.3.peg.1112.site.15, 0, 154, 154
411483.3.peg.1112.site.16, 1, 154, 155
411483.3.peg.1112.site.17, 3, 152, 155
411483.3.peg.1112.site.18, 3, 151, 154
411483.3.peg.1112.site.19, 2, 153, 155
411483.3.peg.1112.site.20, 10, 148, 158
411483.3.peg.1112.site.21, 0, 144, 144
411483.3.peg.1112.site.22, 0, 146, 146
411483.3.peg.1112.site.23, 0, 141, 141
411483.3.peg.1112.site.24, 1, 139, 140
411483.3.peg.1112.site.25, 4, 138, 142
411483.3.peg.1112.site.26, 8, 138, 146
411483.3.peg.1112.site.27, 34, 134, 168
411483.3.peg.1112.site.28, 7, 140, 147
411483.3.peg.1112.site.29, 4, 143, 147
411483.3.peg.1112.site.30, 2, 147, 149
411483.3.peg.1112.site.31, 2, 147, 149
411483.3.peg.1112.site.32, 2, 151, 153
411483.3.peg.1112.site.33, 3, 150, 153
411483.3.peg.1112.site.34, 3, 150, 153
411483.3.peg.1112.site.35, 5, 152, 157
411483.3.peg.1112.site.36, 2, 153, 155
411483.3.peg.1112.site.37, 7, 154, 161
411483.3.peg.1112.site.38, 13, 154, 167
411483.3.peg.1112.site.39, 19, 149, 168
411483.3.peg.1112.site.40, 3, 155, 158
411483.3.peg.1112.site.41, 9, 154, 163
411483.3.peg.1112.site.42, 1, 155, 156
411483.3.peg.1112.site.43, 1, 148, 149
411483.3.peg.1112.site.44, 0, 149, 149
411483.3.peg.1112.site.45, 2, 151, 153
411483.3.peg.1112.site.46, 1, 151, 152
411483.3.peg.1112.site.47, 12, 144, 156
411483.3.peg.1112.site.48, 2, 153, 155
411483.3.peg.1112.site.49, 3, 151, 154
411483.3.peg.1112.site.50, 0, 154, 154
411483.3.peg.1112.site.51, 10, 152, 162
411483.3.peg.1112.site.52, 149, 153, 302
411483.3.peg.1112.site.53, 36, 145, 181
411483.3.peg.1112.site.54, 8, 142, 150
411483.3.peg.1112.site.55, 1, 145, 146
411483.3.peg.1112.site.56, 28, 148, 176
411483.3.peg.1112.site.57, 8, 134, 142
411483.3.peg.1112.site.58, 1, 139, 140
411483.3.peg.1112.site.59, 6, 140, 146
411483.3.peg.1112.site.60, 1, 144, 145
411483.3.peg.1112.site.61, 5, 132, 137
411483.3.peg.1112.site.62, 0, 127, 127
411483.3.peg.1112.site.63, 2, 115, 117
411483.3.peg.1112.site.64, 2, 118, 120
411483.3.peg.1112.site.65, 87, 114, 201
411483.3.peg.1112.site.66, 8, 110, 118
411483.3.peg.1112.site.67, 1, 96, 97
411483.3.peg.1112.site.68, 15, 69, 84
411483.3.peg.1112.site.69, 6, 41, 47
411483.3.peg.1112.site.70, 32, 54, 86
411483.3.peg.1112.site.71, 5, 79, 84
411483.3.peg.1112.site.72, 3, 69, 72
411483.3.peg.1112.site.73, 2, 88, 90
411483.3.peg.1112.site.74, 1, 96, 97
411483.3.peg.1112.site.75, 1, 76, 77
411483.3.peg.1112.site.76, 1, 98, 99
411483.3.peg.1112.site.77, 1, 96, 97
411483.3.peg.1112.site.78, 2, 113, 115
411483.3.peg.1112.site.79, 1, 125, 126
411483.3.peg.1112.site.80, 2, 138, 140
411483.3.peg.1112.site.81, 0, 145, 145
411483.3.peg.1112.site.82, 17, 141, 158
411483.3.peg.1112.site.83, 11, 139, 150
411483.3.peg.1112.site.84, 0, 145, 145
411483.3.peg.1112.site.85, 2, 143, 145
411483.3.peg.1112.site.86, 0, 142, 142
411483.3.peg.1112.site.87, 7, 141, 148
411483.3.peg.1112.site.88, 33, 136, 169
411483.3.peg.1112.site.89, 0, 143, 143
411483.3.peg.1112.site.90, 0, 145, 145
411483.3.peg.1112.site.91, 9, 145, 154
411483.3.peg.1112.site.92, 0, 143, 143
411483.3.peg.1112.site.93, 4, 119, 123
411483.3.peg.1112.site.94, 1, 109, 110
411483.3.peg.1112.site.95, 0, 108, 108
411483.3.peg.1112.site.96, 0, 102, 102
411483.3.peg.1112.site.97, 1, 90, 91
411483.3.peg.1112.site.98, 3, 72, 75
411483.3.peg.1112.site.99, 2, 61, 63
411483.3.peg.1112.site.100, 1, 63, 64
411483.3.peg.1112.site.101, 64, 66, 130
411483.3.peg.1112.site.102, 3, 63, 66
411483.3.peg.1112.site.103, 6, 55, 61
411483.3.peg.1112.site.104, 1, 51, 52
411483.3.peg.1112.site.105, 1, 67, 68
411483.3.peg.1112.site.106, 7, 73, 80
411483.3.peg.1112.site.107, 25, 74, 99
411483.3.peg.1112.site.108, 1, 82, 83
411483.3.peg.1112.site.109, 0, 79, 79
411483.3.peg.1112.site.110, 2, 76, 78
411483.3.peg.1112.site.111, 2, 73, 75
411483.3.peg.1112.site.112, 18, 54, 72
411483.3.peg.1112.site.113, 1, 67, 68
411483.3.peg.1112.site.114, 2, 66, 68
411483.3.peg.1112.site.115, 1, 83, 84
411483.3.peg.1112.site.116, 0, 90, 90
411483.3.peg.1112.site.117, 0, 85, 85
411483.3.peg.1112.site.118, 3, 96, 99
411483.3.peg.1112.site.119, 4, 112, 116
411483.3.peg.1112.site.120, 1, 123, 124
411483.3.peg.1112.site.121, 9, 139, 148
411483.3.peg.1112.site.122, 1, 131, 132
411483.3.peg.1112.site.123, 0, 137, 137
411483.3.peg.1112.site.124, 2, 134, 136
411483.3.peg.1112.site.125, 0, 106, 106
411483.3.peg.1112.site.126, 0, 105, 105
411483.3.peg.1112.site.127, 19, 102, 121
411483.3.peg.1112.site.128, 2, 104, 106
411483.3.peg.1112.site.129, 2, 110, 112
411483.3.peg.1112.site.130, 5, 114, 119
411483.3.peg.1112.site.131, 12, 103, 115
411483.3.peg.1112.site.132, 7, 113, 120
411483.3.peg.1112.site.133, 0, 116, 116
411483.3.peg.1112.site.134, 3, 110, 113
411483.3.peg.1112.site.135, 4, 82, 86
411483.3.peg.1114.site.1, 4, 12, 16
411483.3.peg.1114.site.2, 23, 48, 71
411483.3.peg.1114.site.3, 9, 76, 85
411483.3.peg.1114.site.4, 0, 92, 92
411483.3.peg.1114.site.5, 1, 111, 112
411483.3.peg.1114.site.6, 4, 132, 136
411483.3.peg.1114.site.7, 1, 121, 122
411483.3.peg.1114.site.8, 5, 139, 144
411483.3.peg.1114.site.9, 2, 141, 143
411483.3.peg.1114.site.10, 22, 133, 155
411483.3.peg.1114.site.11, 2, 147, 149
411483.3.peg.1114.site.12, 0, 150, 150
411483.3.peg.1114.site.13, 1, 146, 147
411483.3.peg.1114.site.14, 4, 145, 149
411483.3.peg.1114.site.15, 1, 150, 151
411483.3.peg.1114.site.16, 1, 148, 149
411483.3.peg.1114.site.17, 2, 149, 151
411483.3.peg.1114.site.18, 7, 147, 154
411483.3.peg.1114.site.19, 3, 149, 152
411483.3.peg.1114.site.20, 50, 146, 196
411483.3.peg.1114.site.21, 37, 143, 180
411483.3.peg.1114.site.22, 1, 150, 151
411483.3.peg.1114.site.23, 1, 152, 153
411483.3.peg.1114.site.24, 1, 149, 150
411483.3.peg.1114.site.25, 6, 145, 151
411483.3.peg.1114.site.26, 60, 142, 202
411483.3.peg.1114.site.27, 1, 147, 148
411483.3.peg.1114.site.28, 8, 143, 151
411483.3.peg.1114.site.29, 1, 145, 146
411483.3.peg.1114.site.30, 26, 145, 171
411483.3.peg.1114.site.31, 1, 149, 150
411483.3.peg.1114.site.32, 56, 133, 189
411483.3.peg.1114.site.33, 1, 150, 151
411483.3.peg.1114.site.34, 13, 150, 163
411483.3.peg.1114.site.35, 1, 148, 149
411483.3.peg.1114.site.36, 57, 146, 203
411483.3.peg.1114.site.37, 93, 148, 241
411483.3.peg.1114.site.38, 2, 155, 157
411483.3.peg.1114.site.39, 1, 154, 155
411483.3.peg.1114.site.40, 0, 154, 154
411483.3.peg.1114.site.41, 33, 148, 181
411483.3.peg.1114.site.42, 3, 152, 155
411483.3.peg.1115.site.1, 2, 153, 155
411483.3.peg.1115.site.2, 4, 154, 158
411483.3.peg.1115.site.3, 3, 155, 158
411483.3.peg.1115.site.4, 1, 154, 155
411483.3.peg.1115.site.5, 1, 155, 156
411483.3.peg.1115.site.6, 1, 153, 154
411483.3.peg.1115.site.7, 1, 153, 154
411483.3.peg.1115.site.8, 0, 154, 154
411483.3.peg.1115.site.9, 3, 152, 155
411483.3.peg.1115.site.10, 10, 152, 162
411483.3.peg.1115.site.11, 5, 148, 153
411483.3.peg.1115.site.12, 2, 148, 150
411483.3.peg.1115.site.13, 10, 148, 158
411483.3.peg.1115.site.14, 20, 146, 166
411483.3.peg.1115.site.15, 7, 148, 155
411483.3.peg.1115.site.16, 29, 146, 175
411483.3.peg.1115.site.17, 1, 142, 143
411483.3.peg.1115.site.18, 17, 139, 156
411483.3.peg.1115.site.19, 1, 133, 134
411483.3.peg.1115.site.20, 0, 106, 106
411483.3.peg.1115.site.21, 2, 119, 121
411483.3.peg.1115.site.22, 0, 136, 136
411483.3.peg.279.site.1, 2, 151, 153
411483.3.peg.279.site.2, 149, 152, 301
411483.3.peg.279.site.3, 2, 152, 154
411483.3.peg.279.site.4, 2, 152, 154
411483.3.peg.279.site.5, 7, 152, 159
411483.3.peg.279.site.6, 9, 155, 164
411483.3.peg.279.site.7, 2, 154, 156
411483.3.peg.279.site.8, 1, 154, 155
411483.3.peg.279.site.9, 65, 144, 209
411483.3.peg.279.site.10, 65, 143, 208
411483.3.peg.279.site.11, 25, 148, 173
411483.3.peg.279.site.12, 2, 154, 156
411483.3.peg.279.site.13, 2, 154, 156
411483.3.peg.279.site.14, 23, 145, 168
411483.3.peg.279.site.15, 3, 154, 157
411483.3.peg.279.site.16, 1, 153, 154
411483.3.peg.279.site.17, 5, 152, 157
411483.3.peg.279.site.18, 2, 153, 155
411483.3.peg.279.site.19, 0, 155, 155
411483.3.peg.279.site.20, 8, 152, 160
411483.3.peg.279.site.21, 0, 153, 153
411483.3.peg.279.site.22, 15, 149, 164
411483.3.peg.279.site.23, 25, 145, 170
411483.3.peg.279.site.24, 2, 155, 157
411483.3.peg.279.site.25, 19, 141, 160
411483.3.peg.279.site.26, 2, 149, 151
411483.3.peg.279.site.27, 138, 138, 276
411483.3.peg.279.site.28, 2, 113, 115
411483.3.peg.279.site.29, 8, 114, 122
411483.3.peg.279.site.30, 96, 101, 197
411483.3.peg.279.site.31, 4, 98, 102
411483.3.peg.279.site.32, 4, 102, 106
411483.3.peg.279.site.33, 1, 91, 92
411483.3.peg.279.site.34, 10, 103, 113
411483.3.peg.279.site.35, 1, 106, 107
411483.3.peg.279.site.36, 33, 96, 129
411483.3.peg.279.site.37, 12, 109, 121
411483.3.peg.279.site.38, 4, 113, 117
411483.3.peg.279.site.39, 114, 116, 230
411483.3.peg.279.site.40, 4, 117, 121
411483.3.peg.279.site.41, 1, 116, 117
411483.3.peg.279.site.42, 6, 116, 122
411483.3.peg.279.site.43, 2, 108, 110
411483.3.peg.279.site.44, 2, 113, 115
411483.3.peg.279.site.45, 0, 118, 118
411483.3.peg.279.site.46, 2, 111, 113
411483.3.peg.279.site.47, 2, 89, 91
411483.3.peg.279.site.48, 19, 72, 91
411483.3.peg.279.site.49, 8, 74, 82
411483.3.peg.279.site.50, 74, 76, 150
411483.3.peg.279.site.51, 67, 81, 148
411483.3.peg.279.site.52, 82, 89, 171
411483.3.peg.279.site.53, 5, 96, 101
411483.3.peg.279.site.54, 4, 95, 99
411483.3.peg.279.site.55, 29, 102, 131
411483.3.peg.279.site.56, 30, 105, 135
411483.3.peg.279.site.57, 31, 106, 137
411483.3.peg.279.site.58, 5, 115, 120
411483.3.peg.279.site.59, 2, 122, 124
411483.3.peg.279.site.60, 1, 118, 119
411483.3.peg.279.site.61, 8, 126, 134
411483.3.peg.279.site.62, 112, 128, 240
411483.3.peg.279.site.63, 4, 133, 137
411483.3.peg.279.site.64, 8, 132, 140
411483.3.peg.279.site.65, 1, 141, 142
411483.3.peg.279.site.66, 55, 121, 176
411483.3.peg.279.site.67, 1, 145, 146
411483.3.peg.279.site.68, 1, 147, 148
411483.3.peg.279.site.69, 9, 147, 156
411483.3.peg.279.site.70, 3, 146, 149
411483.3.peg.279.site.71, 1, 149, 150
411483.3.peg.279.site.72, 1, 151, 152
411483.3.peg.279.site.73, 1, 152, 153
411483.3.peg.279.site.74, 9, 148, 157
411483.3.peg.279.site.75, 6, 149, 155
411483.3.peg.278.site.1, 59, 119, 178
411483.3.peg.278.site.2, 54, 114, 168
411483.3.peg.278.site.3, 5, 127, 132
411483.3.peg.278.site.4, 47, 125, 172
411483.3.peg.278.site.5, 39, 130, 169
411483.3.peg.278.site.6, 17, 132, 149
411483.3.peg.278.site.7, 2, 137, 139
411483.3.peg.278.site.8, 0, 151, 151
411483.3.peg.278.site.9, 1, 151, 152
411483.3.peg.278.site.10, 1, 152, 153
411483.3.peg.278.site.11, 13, 149, 162
411483.3.peg.278.site.12, 2, 153, 155
411483.3.peg.278.site.13, 56, 146, 202
411483.3.peg.278.site.14, 3, 152, 155
411483.3.peg.278.site.15, 2, 153, 155
411483.3.peg.278.site.16, 8, 154, 162
411483.3.peg.278.site.17, 1, 155, 156
411483.3.peg.278.site.18, 1, 152, 153
411483.3.peg.278.site.19, 7, 148, 155
411483.3.peg.278.site.20, 4, 151, 155
411483.3.peg.278.site.21, 1, 149, 150
411483.3.peg.278.site.22, 9, 148, 157
411483.3.peg.278.site.23, 6, 150, 156
411483.3.peg.278.site.24, 0, 148, 148
411483.3.peg.278.site.25, 0, 146, 146
411483.3.peg.278.site.26, 1, 149, 150
411483.3.peg.278.site.27, 1, 149, 150
411483.3.peg.278.site.28, 72, 138, 210
411483.3.peg.278.site.29, 31, 138, 169
411483.3.peg.278.site.30, 0, 144, 144
411483.3.peg.278.site.31, 6, 149, 155
411483.3.peg.278.site.32, 132, 141, 273
411483.3.peg.278.site.33, 21, 142, 163
411483.3.peg.278.site.34, 4, 146, 150
411483.3.peg.278.site.35, 9, 148, 157
411483.3.peg.278.site.36, 21, 140, 161
411483.3.peg.278.site.37, 12, 148, 160
411483.3.peg.278.site.38, 0, 147, 147
411483.3.peg.278.site.39, 0, 144, 144
411483.3.peg.278.site.40, 5, 147, 152
411483.3.peg.278.site.41, 0, 147, 147
411483.3.peg.278.site.42, 1, 148, 149
411483.3.peg.278.site.43, 0, 144, 144
411483.3.peg.278.site.44, 0, 148, 148
411483.3.peg.278.site.45, 76, 132, 208
411483.3.peg.278.site.46, 1, 141, 142
411483.3.peg.278.site.47, 1, 146, 147
411483.3.peg.278.site.48, 62, 136, 198
411483.3.peg.278.site.49, 42, 138, 180
411483.3.peg.278.site.50, 7, 144, 151
411483.3.peg.278.site.51, 11, 136, 147
411483.3.peg.278.site.52, 1, 148, 149
411483.3.peg.278.site.53, 2, 149, 151
411483.3.peg.278.site.54, 3, 148, 151
411483.3.peg.278.site.55, 2, 150, 152
411483.3.peg.278.site.56, 2, 150, 152
411483.3.peg.278.site.57, 3, 148, 151
411483.3.peg.278.site.58, 1, 150, 151
411483.3.peg.278.site.59, 48, 145, 193
411483.3.peg.278.site.60, 3, 152, 155
411483.3.peg.278.site.61, 5, 151, 156
411483.3.peg.278.site.62, 3, 153, 156
411483.3.peg.278.site.63, 8, 151, 159
411483.3.peg.278.site.64, 7, 152, 159
411483.3.peg.278.site.65, 3, 152, 155
411483.3.peg.278.site.66, 1, 153, 154
411483.3.peg.278.site.67, 1, 152, 153
411483.3.peg.278.site.68, 1, 153, 154
411483.3.peg.278.site.69, 0, 155, 155
411483.3.peg.278.site.70, 2, 153, 155
411483.3.peg.278.site.71, 7, 152, 159
411483.3.peg.278.site.72, 15, 146, 161
411483.3.peg.278.site.73, 3, 152, 155
411483.3.peg.278.site.74, 15, 150, 165
411483.3.peg.278.site.75, 1, 154, 155
411483.3.peg.2644.site.1, 1, 153, 154
411483.3.peg.2644.site.2, 3, 155, 158
411483.3.peg.2644.site.3, 41, 145, 186
411483.3.peg.2644.site.4, 0, 152, 152
411483.3.peg.2644.site.5, 6, 153, 159
411483.3.peg.2644.site.6, 8, 152, 160
411483.3.peg.2644.site.7, 3, 153, 156
411483.3.peg.2644.site.8, 74, 144, 218
411483.3.peg.2644.site.9, 8, 153, 161
411483.3.peg.2644.site.10, 4, 154, 158
411483.3.peg.2644.site.11, 155, 155, 310
411483.3.peg.2644.site.12, 5, 149, 154
411483.3.peg.2644.site.13, 1, 153, 154
411483.3.peg.2644.site.14, 3, 154, 157
411483.3.peg.2644.site.15, 1, 155, 156
411483.3.peg.2644.site.16, 54, 141, 195
411483.3.peg.2644.site.17, 1, 151, 152
411483.3.peg.2644.site.18, 13, 151, 164
411483.3.peg.2644.site.19, 66, 141, 207
411483.3.peg.2644.site.20, 11, 148, 159
411483.3.peg.2644.site.21, 0, 150, 150
411483.3.peg.2644.site.22, 1, 152, 153
411483.3.peg.2644.site.23, 1, 154, 155
411483.3.peg.2644.site.24, 14, 150, 164
411483.3.peg.2644.site.25, 2, 154, 156
411483.3.peg.2644.site.26, 9, 152, 161
411483.3.peg.2644.site.27, 67, 143, 210
411483.3.peg.2644.site.28, 6, 149, 155
411483.3.peg.2644.site.29, 1, 150, 151
411483.3.peg.2644.site.30, 2, 147, 149
411483.3.peg.2644.site.31, 5, 146, 151
411483.3.peg.2644.site.32, 1, 149, 150
411483.3.peg.2644.site.33, 6, 140, 146
411483.3.peg.2644.site.34, 1, 136, 137
411483.3.peg.2644.site.35, 3, 142, 145
411483.3.peg.2644.site.36, 10, 133, 143
411483.3.peg.2644.site.37, 6, 140, 146
411483.3.peg.2644.site.38, 1, 144, 145
411483.3.peg.2644.site.39, 12, 144, 156
411483.3.peg.2644.site.40, 0, 146, 146
411483.3.peg.2644.site.41, 3, 147, 150
411483.3.peg.2644.site.42, 1, 142, 143
411483.3.peg.2644.site.43, 5, 141, 146
411483.3.peg.2644.site.44, 1, 146, 147
411483.3.peg.2644.site.45, 4, 136, 140
411483.3.peg.2644.site.46, 16, 138, 154
411483.3.peg.2644.site.47, 2, 141, 143
411483.3.peg.2644.site.48, 2, 150, 152
411483.3.peg.2644.site.49, 151, 151, 302
411483.3.peg.2644.site.50, 26, 139, 165
411483.3.peg.2710.site.1, 92, 144, 236
411483.3.peg.2710.site.2, 42, 147, 189
411483.3.peg.2710.site.3, 114, 149, 263
411483.3.peg.2710.site.4, 1, 150, 151
411483.3.peg.2710.site.5, 15, 146, 161
411483.3.peg.2710.site.6, 1, 151, 152
411483.3.peg.2710.site.7, 2, 149, 151
411483.3.peg.2710.site.8, 12, 146, 158
411483.3.peg.2710.site.9, 2, 147, 149
411483.3.peg.2710.site.10, 4, 147, 151
411483.3.peg.2710.site.11, 7, 150, 157
411483.3.peg.2710.site.12, 33, 151, 184
411483.3.peg.2710.site.13, 128, 147, 275
411483.3.peg.2710.site.14, 121, 145, 266
411483.3.peg.2710.site.15, 2, 146, 148
411483.3.peg.2710.site.16, 6, 151, 157
411483.3.peg.2710.site.17, 4, 150, 154
411483.3.peg.2710.site.18, 16, 146, 162
411483.3.peg.2710.site.19, 1, 148, 149
411483.3.peg.2710.site.20, 7, 143, 150
411483.3.peg.2710.site.21, 11, 141, 152
411483.3.peg.2710.site.22, 115, 138, 253
411483.3.peg.2710.site.23, 2, 146, 148
411483.3.peg.2710.site.24, 2, 147, 149
411483.3.peg.2710.site.25, 2, 145, 147
411483.3.peg.2710.site.26, 5, 143, 148
411483.3.peg.2710.site.27, 1, 150, 151
411483.3.peg.2710.site.28, 0, 152, 152
411483.3.peg.2710.site.29, 75, 142, 217
411483.3.peg.2710.site.30, 3, 154, 157
411483.3.peg.2710.site.31, 4, 154, 158
411483.3.peg.2710.site.32, 4, 153, 157
411483.3.peg.2710.site.33, 6, 151, 157
411483.3.peg.2710.site.34, 1, 154, 155
411483.3.peg.2710.site.35, 8, 153, 161
411483.3.peg.2710.site.36, 2, 152, 154
411483.3.peg.2710.site.37, 14, 153, 167
411483.3.peg.2710.site.38, 17, 149, 166
411483.3.peg.2710.site.39, 13, 147, 160
411483.3.peg.2710.site.40, 132, 139, 271
411483.3.peg.2710.site.41, 3, 139, 142
411483.3.peg.2710.site.42, 3, 143, 146
411483.3.peg.2710.site.43, 0, 147, 147
411483.3.peg.2710.site.44, 4, 149, 153
411483.3.peg.2710.site.45, 21, 143, 164
411483.3.peg.2710.site.46, 14, 142, 156
411483.3.peg.2710.site.47, 1, 145, 146
411483.3.peg.2710.site.48, 24, 141, 165
411483.3.peg.2710.site.49, 0, 145, 145
411483.3.peg.2710.site.50, 6, 147, 153
411483.3.peg.2710.site.51, 19, 149, 168
411483.3.peg.2710.site.52, 1, 152, 153
411483.3.peg.2710.site.53, 6, 147, 153
411483.3.peg.2710.site.54, 40, 145, 185
411483.3.peg.2710.site.55, 5, 148, 153
411483.3.peg.2710.site.56, 2, 149, 151
411483.3.peg.2710.site.57, 11, 139, 150
411483.3.peg.2710.site.58, 2, 138, 140
411483.3.peg.2710.site.59, 95, 129, 224
411483.3.peg.2710.site.60, 1, 147, 148
411483.3.peg.2710.site.61, 2, 143, 145
411483.3.peg.2710.site.62, 4, 140, 144
411483.3.peg.2710.site.63, 16, 141, 157
411483.3.peg.2710.site.64, 22, 135, 157
411483.3.peg.2710.site.65, 12, 135, 147
411483.3.peg.2710.site.66, 2, 139, 141
411483.3.peg.2710.site.67, 35, 130, 165
411483.3.peg.2710.site.68, 122, 126, 248
411483.3.peg.2710.site.69, 0, 114, 114
411483.3.peg.2710.site.70, 0, 132, 132
411483.3.peg.2710.site.71, 3, 144, 147
411483.3.peg.2710.site.72, 82, 133, 215
411483.3.peg.2710.site.73, 0, 138, 138
411483.3.peg.2710.site.74, 3, 146, 149
411483.3.peg.2710.site.75, 2, 153, 155
411483.3.peg.2710.site.76, 1, 152, 153
411483.3.peg.2710.site.77, 0, 149, 149
411483.3.peg.2710.site.78, 0, 150, 150
411483.3.peg.2710.site.79, 1, 153, 154
411483.3.peg.2710.site.80, 2, 148, 150
411483.3.peg.678.site.1, 3, 129, 132
411483.3.peg.678.site.2, 2, 139, 141
411483.3.peg.678.site.3, 1, 133, 134
411483.3.peg.678.site.4, 0, 135, 135
411483.3.peg.678.site.5, 9, 132, 141
411483.3.peg.678.site.6, 114, 136, 250
411483.3.peg.678.site.7, 4, 147, 151
411483.3.peg.678.site.8, 0, 153, 153
411483.3.peg.678.site.9, 1, 140, 141
411483.3.peg.678.site.10, 7, 144, 151
411483.3.peg.678.site.11, 19, 146, 165
411483.3.peg.678.site.12, 8, 148, 156
411483.3.peg.678.site.13, 7, 153, 160
411483.3.peg.678.site.14, 2, 149, 151
411483.3.peg.678.site.15, 0, 146, 146
411483.3.peg.678.site.16, 65, 136, 201
411483.3.peg.678.site.17, 3, 135, 138
411483.3.peg.678.site.18, 129, 132, 261
411483.3.peg.678.site.19, 10, 110, 120
411483.3.peg.678.site.20, 0, 118, 118
411483.3.peg.678.site.21, 7, 93, 100
411483.3.peg.678.site.22, 10, 109, 119
411483.3.peg.678.site.23, 6, 119, 125
411483.3.peg.678.site.24, 3, 106, 109
411483.3.peg.678.site.25, 4, 114, 118
411483.3.peg.678.site.26, 1, 124, 125
411483.3.peg.678.site.27, 4, 133, 137
411483.3.peg.678.site.28, 16, 135, 151
411483.3.peg.678.site.29, 1, 147, 148
411483.3.peg.678.site.30, 24, 140, 164
411483.3.peg.678.site.31, 2, 149, 151
411483.3.peg.678.site.32, 6, 146, 152
411483.3.peg.678.site.33, 26, 137, 163
411483.3.peg.678.site.34, 3, 142, 145
411483.3.peg.678.site.35, 3, 139, 142
411483.3.peg.678.site.36, 7, 135, 142
411483.3.peg.678.site.37, 17, 117, 134
411483.3.peg.678.site.38, 18, 126, 144
411483.3.peg.678.site.39, 17, 120, 137
411483.3.peg.678.site.40, 13, 101, 114
411483.3.peg.678.site.41, 0, 102, 102
411483.3.peg.678.site.42, 21, 93, 114
411483.3.peg.678.site.43, 2, 101, 103
411483.3.peg.678.site.44, 4, 99, 103
411483.3.peg.678.site.45, 12, 97, 109
411483.3.peg.678.site.46, 0, 102, 102
411483.3.peg.678.site.47, 1, 95, 96
411483.3.peg.678.site.48, 1, 109, 110
411483.3.peg.678.site.49, 0, 109, 109
411483.3.peg.678.site.50, 3, 95, 98
411483.3.peg.678.site.51, 54, 104, 158
411483.3.peg.678.site.52, 95, 120, 215
411483.3.peg.678.site.53, 6, 141, 147
411483.3.peg.678.site.54, 5, 146, 151
411483.3.peg.678.site.55, 1, 145, 146
411483.3.peg.678.site.56, 6, 147, 153
411483.3.peg.678.site.57, 2, 149, 151
411483.3.peg.678.site.58, 1, 149, 150
411483.3.peg.678.site.59, 77, 140, 217
411483.3.peg.678.site.60, 148, 151, 299
411483.3.peg.678.site.61, 9, 148, 157
411483.3.peg.678.site.62, 1, 154, 155
411483.3.peg.678.site.63, 145, 150, 295
411483.3.peg.678.site.64, 6, 155, 161
411483.3.peg.678.site.65, 50, 141, 191
411483.3.peg.678.site.66, 7, 152, 159
411483.3.peg.908.site.1, 2, 152, 154
411483.3.peg.908.site.2, 0, 153, 153
411483.3.peg.908.site.3, 20, 143, 163
411483.3.peg.908.site.4, 2, 155, 157
411483.3.peg.908.site.5, 41, 143, 184
411483.3.peg.908.site.6, 1, 153, 154
411483.3.peg.908.site.7, 2, 153, 155
411483.3.peg.908.site.8, 3, 150, 153
411483.3.peg.908.site.9, 140, 149, 289
411483.3.peg.908.site.10, 4, 147, 151
411483.3.peg.908.site.11, 52, 146, 198
411483.3.peg.908.site.12, 1, 150, 151
411483.3.peg.908.site.13, 2, 151, 153
411483.3.peg.908.site.14, 1, 150, 151
411483.3.peg.908.site.15, 24, 149, 173
411483.3.peg.908.site.16, 2, 152, 154
411483.3.peg.908.site.17, 2, 150, 152
411483.3.peg.908.site.18, 0, 151, 151
411483.3.peg.908.site.19, 7, 148, 155
411483.3.peg.908.site.20, 13, 147, 160
411483.3.peg.908.site.21, 136, 143, 279
411483.3.peg.908.site.22, 7, 146, 153
411483.3.peg.908.site.23, 3, 147, 150
411483.3.peg.908.site.24, 26, 142, 168
411483.3.peg.908.site.25, 1, 145, 146
411483.3.peg.908.site.26, 14, 141, 155
411483.3.peg.908.site.27, 42, 133, 175
411483.3.peg.908.site.28, 26, 134, 160
411483.3.peg.908.site.29, 3, 136, 139
411483.3.peg.908.site.30, 6, 123, 129
411483.3.peg.908.site.31, 6, 115, 121
411483.3.peg.908.site.32, 9, 103, 112
411483.3.peg.908.site.33, 24, 57, 81
411483.3.peg.908.site.34, 7, 56, 63
411483.3.peg.905.site.1, 3, 148, 151
411483.3.peg.905.site.2, 3, 151, 154
411483.3.peg.905.site.3, 13, 152, 165
411483.3.peg.905.site.4, 1, 149, 150
411483.3.peg.905.site.5, 15, 152, 167
411483.3.peg.905.site.6, 1, 153, 154
411483.3.peg.905.site.7, 1, 151, 152
411483.3.peg.905.site.8, 2, 147, 149
411483.3.peg.905.site.9, 2, 149, 151
411483.3.peg.905.site.10, 48, 133, 181
411483.3.peg.905.site.11, 30, 136, 166
411483.3.peg.905.site.12, 1, 147, 148
411483.3.peg.905.site.13, 6, 147, 153
411483.3.peg.905.site.14, 0, 145, 145
411483.3.peg.905.site.15, 6, 146, 152
411483.3.peg.905.site.16, 0, 148, 148
411483.3.peg.905.site.17, 24, 137, 161
411483.3.peg.905.site.18, 3, 143, 146
411483.3.peg.905.site.19, 2, 144, 146
411483.3.peg.905.site.20, 47, 137, 184
411483.3.peg.905.site.21, 9, 146, 155
411483.3.peg.905.site.22, 11, 140, 151
411483.3.peg.905.site.23, 2, 140, 142
411483.3.peg.905.site.24, 71, 134, 205
411483.3.peg.905.site.25, 1, 149, 150
411483.3.peg.905.site.26, 2, 145, 147
411483.3.peg.905.site.27, 1, 151, 152
411483.3.peg.905.site.28, 0, 153, 153
411483.3.peg.905.site.29, 2, 151, 153
411483.3.peg.905.site.30, 0, 152, 152
411483.3.peg.905.site.31, 15, 152, 167
411483.3.peg.905.site.32, 6, 151, 157
411483.3.peg.905.site.33, 5, 153, 158
411483.3.peg.905.site.34, 1, 153, 154
411483.3.peg.905.site.35, 3, 148, 151
411483.3.peg.905.site.36, 2, 153, 155
411483.3.peg.905.site.37, 26, 138, 164
411483.3.peg.905.site.38, 2, 145, 147
411483.3.peg.905.site.39, 1, 140, 141
411483.3.peg.905.site.40, 1, 137, 138
411483.3.peg.905.site.41, 1, 137, 138
411483.3.peg.905.site.42, 12, 139, 151
411483.3.peg.905.site.43, 12, 143, 155
411483.3.peg.905.site.44, 8, 144, 152
411483.3.peg.905.site.45, 143, 147, 290
411483.3.peg.905.site.46, 14, 147, 161
411483.3.peg.905.site.47, 2, 148, 150
411483.3.peg.905.site.48, 13, 146, 159
411483.3.peg.905.site.49, 1, 149, 150
411483.3.peg.905.site.50, 12, 151, 163
411483.3.peg.905.site.51, 1, 147, 148
411483.3.peg.905.site.52, 120, 146, 266
411483.3.peg.905.site.53, 3, 146, 149
411483.3.peg.905.site.54, 1, 146, 147
411483.3.peg.905.site.55, 2, 150, 152
411483.3.peg.905.site.56, 1, 148, 149
411483.3.peg.905.site.57, 118, 140, 258
411483.3.peg.905.site.58, 19, 129, 148
411483.3.peg.905.site.59, 140, 140, 280
411483.3.peg.905.site.60, 1, 137, 138
411483.3.peg.905.site.61, 58, 123, 181
411483.3.peg.905.site.62, 147, 148, 295
411483.3.peg.905.site.63, 3, 141, 144
411483.3.peg.905.site.64, 101, 128, 229
411483.3.peg.905.site.65, 17, 137, 154
411483.3.peg.905.site.66, 17, 138, 155
411483.3.peg.905.site.67, 2, 141, 143
411483.3.peg.905.site.68, 13, 136, 149
411483.3.peg.905.site.69, 1, 142, 143
411483.3.peg.905.site.70, 59, 140, 199
411483.3.peg.905.site.71, 2, 149, 151
411483.3.peg.905.site.72, 1, 147, 148
411483.3.peg.905.site.73, 58, 139, 197
411483.3.peg.905.site.74, 17, 139, 156
411483.3.peg.905.site.75, 5, 139, 144
411483.3.peg.905.site.76, 0, 142, 142
411483.3.peg.905.site.77, 16, 134, 150
411483.3.peg.905.site.78, 85, 136, 221
411483.3.peg.905.site.79, 3, 145, 148
411483.3.peg.905.site.80, 6, 148, 154
411483.3.peg.905.site.81, 4, 147, 151
411483.3.peg.905.site.82, 15, 146, 161
411483.3.peg.905.site.83, 1, 149, 150
411483.3.peg.905.site.84, 131, 147, 278
411483.3.peg.905.site.85, 1, 149, 150
411483.3.peg.905.site.86, 7, 146, 153
411483.3.peg.905.site.87, 0, 147, 147
411483.3.peg.905.site.88, 2, 148, 150
411483.3.peg.905.site.89, 1, 144, 145
411483.3.peg.905.site.90, 56, 142, 198
411483.3.peg.905.site.91, 126, 146, 272
411483.3.peg.905.site.92, 2, 151, 153
411483.3.peg.905.site.93, 3, 151, 154
411483.3.peg.905.site.94, 11, 145, 156
411483.3.peg.905.site.95, 13, 146, 159
411483.3.peg.905.site.96, 10, 145, 155
411483.3.peg.905.site.97, 4, 148, 152
411483.3.peg.905.site.98, 38, 135, 173
411483.3.peg.905.site.99, 5, 146, 151
411483.3.peg.905.site.100, 1, 147, 148
411483.3.peg.905.site.101, 4, 129, 133
411483.3.peg.905.site.102, 9, 124, 133
411483.3.peg.905.site.103, 73, 100, 173
411483.3.peg.904.site.1, 7, 149, 156
411483.3.peg.904.site.2, 92, 139, 231
411483.3.peg.904.site.3, 5, 146, 151
411483.3.peg.904.site.4, 0, 151, 151
411483.3.peg.904.site.5, 7, 150, 157
411483.3.peg.904.site.6, 0, 151, 151
411483.3.peg.904.site.7, 2, 154, 156
411483.3.peg.904.site.8, 9, 143, 152
411483.3.peg.904.site.9, 9, 150, 159
411483.3.peg.904.site.10, 0, 151, 151
411483.3.peg.904.site.11, 24, 151, 175
411483.3.peg.904.site.12, 139, 147, 286
411483.3.peg.904.site.13, 0, 153, 153
411483.3.peg.904.site.14, 0, 153, 153
411483.3.peg.904.site.15, 1, 153, 154
411483.3.peg.904.site.16, 2, 152, 154
411483.3.peg.904.site.17, 1, 152, 153
411483.3.peg.904.site.18, 1, 153, 154
411483.3.peg.904.site.19, 0, 152, 152
411483.3.peg.904.site.20, 7, 148, 155
411483.3.peg.904.site.21, 1, 154, 155
411483.3.peg.904.site.22, 9, 153, 162
411483.3.peg.904.site.23, 20, 146, 166
411483.3.peg.904.site.24, 1, 149, 150
411483.3.peg.904.site.25, 1, 150, 151
411483.3.peg.904.site.26, 6, 143, 149
411483.3.peg.904.site.27, 0, 144, 144
411483.3.peg.904.site.28, 3, 144, 147
411483.3.peg.904.site.29, 2, 140, 142
411483.3.peg.904.site.30, 3, 131, 134
411483.3.peg.904.site.31, 21, 126, 147
411483.3.peg.904.site.32, 1, 134, 135
411483.3.peg.904.site.33, 7, 137, 144
411483.3.peg.904.site.34, 8, 139, 147
411483.3.peg.904.site.35, 7, 144, 151
411483.3.peg.904.site.36, 2, 142, 144
411483.3.peg.904.site.37, 3, 141, 144
411483.3.peg.904.site.38, 5, 140, 145
411483.3.peg.904.site.39, 1, 145, 146
411483.3.peg.904.site.40, 14, 135, 149
411483.3.peg.904.site.41, 2, 146, 148
411483.3.peg.904.site.42, 0, 148, 148
411483.3.peg.904.site.43, 7, 143, 150
411483.3.peg.904.site.44, 55, 138, 193
411483.3.peg.904.site.45, 8, 150, 158
411483.3.peg.904.site.46, 16, 147, 163
411483.3.peg.904.site.47, 1, 152, 153
411483.3.peg.904.site.48, 1, 151, 152
411483.3.peg.904.site.49, 1, 152, 153
411483.3.peg.904.site.50, 4, 145, 149
411483.3.peg.904.site.51, 49, 105, 154
411483.3.peg.904.site.52, 9, 66, 75
411483.3.peg.907.site.1, 2, 117, 119
411483.3.peg.907.site.2, 2, 119, 121
411483.3.peg.907.site.3, 10, 116, 126
411483.3.peg.907.site.4, 4, 119, 123
411483.3.peg.907.site.5, 11, 114, 125
411483.3.peg.907.site.6, 1, 114, 115
411483.3.peg.907.site.7, 44, 106, 150
411483.3.peg.907.site.8, 1, 108, 109
411483.3.peg.907.site.9, 17, 101, 118
411483.3.peg.907.site.10, 2, 101, 103
411483.3.peg.907.site.11, 5, 92, 97
411483.3.peg.907.site.12, 1, 74, 75
411483.3.peg.907.site.13, 28, 64, 92
411483.3.peg.907.site.14, 20, 60, 80
411483.3.peg.907.site.15, 13, 55, 68
411483.3.peg.907.site.16, 3, 68, 71
411483.3.peg.907.site.17, 4, 67, 71
411483.3.peg.907.site.18, 7, 84, 91
411483.3.peg.907.site.19, 3, 117, 120
411483.3.peg.907.site.20, 105, 124, 229
411483.3.peg.907.site.21, 23, 122, 145
411483.3.peg.907.site.22, 79, 125, 204
411483.3.peg.907.site.23, 1, 137, 138
411483.3.peg.907.site.24, 3, 135, 138
411483.3.peg.907.site.25, 2, 143, 145
411483.3.peg.907.site.26, 6, 135, 141
411483.3.peg.907.site.27, 1, 139, 140
411483.3.peg.907.site.28, 2, 136, 138
411483.3.peg.907.site.29, 3, 140, 143
411483.3.peg.907.site.30, 54, 135, 189
411483.3.peg.907.site.31, 3, 144, 147
411483.3.peg.907.site.32, 1, 149, 150
411483.3.peg.907.site.33, 13, 150, 163
411483.3.peg.907.site.34, 40, 141, 181
411483.3.peg.907.site.35, 2, 150, 152
411483.3.peg.907.site.36, 86, 143, 229
411483.3.peg.907.site.37, 0, 146, 146
411483.3.peg.907.site.38, 9, 151, 160
411483.3.peg.907.site.39, 69, 146, 215
411483.3.peg.907.site.40, 43, 145, 188
411483.3.peg.907.site.41, 1, 153, 154
411483.3.peg.907.site.42, 1, 150, 151
411483.3.peg.907.site.43, 1, 146, 147
411483.3.peg.907.site.44, 21, 128, 149
411483.3.peg.907.site.45, 14, 109, 123
411483.3.peg.907.site.46, 3, 121, 124
411483.3.peg.907.site.47, 61, 123, 184
411483.3.peg.907.site.48, 0, 125, 125
411483.3.peg.907.site.49, 113, 131, 244
411483.3.peg.907.site.50, 2, 139, 141
411483.3.peg.907.site.51, 8, 134, 142
411483.3.peg.907.site.52, 3, 142, 145
411483.3.peg.907.site.53, 81, 142, 223
411483.3.peg.907.site.54, 0, 151, 151
411483.3.peg.907.site.55, 6, 150, 156
411483.3.peg.907.site.56, 89, 136, 225
411483.3.peg.907.site.57, 7, 145, 152
411483.3.peg.907.site.58, 10, 147, 157
411483.3.peg.907.site.59, 2, 144, 146
411483.3.peg.907.site.60, 23, 149, 172
411483.3.peg.907.site.61, 2, 153, 155
411483.3.peg.907.site.62, 133, 151, 284
411483.3.peg.907.site.63, 20, 146, 166
411483.3.peg.907.site.64, 9, 149, 158
411483.3.peg.907.site.65, 2, 152, 154
411483.3.peg.907.site.66, 142, 148, 290
411483.3.peg.907.site.67, 3, 153, 156
411483.3.peg.907.site.68, 7, 153, 160
411483.3.peg.907.site.69, 1, 149, 150
411483.3.peg.907.site.70, 4, 148, 152
411483.3.peg.907.site.71, 4, 149, 153
411483.3.peg.907.site.72, 60, 139, 199
411483.3.peg.670.site.1, 6, 149, 155
411483.3.peg.670.site.2, 1, 149, 150
411483.3.peg.670.site.3, 1, 148, 149
411483.3.peg.670.site.4, 24, 139, 163
411483.3.peg.670.site.5, 25, 130, 155
411483.3.peg.670.site.6, 5, 116, 121
411483.3.peg.670.site.7, 1, 95, 96
411483.3.peg.670.site.8, 14, 91, 105
411483.3.peg.670.site.9, 67, 84, 151
411483.3.peg.670.site.10, 4, 95, 99
411483.3.peg.670.site.11, 1, 104, 105
411483.3.peg.670.site.12, 8, 122, 130
411483.3.peg.670.site.13, 7, 135, 142
411483.3.peg.670.site.14, 2, 140, 142
411483.3.peg.670.site.15, 1, 150, 151
411483.3.peg.670.site.16, 9, 150, 159
411483.3.peg.670.site.17, 1, 153, 154
411483.3.peg.670.site.18, 15, 148, 163
411483.3.peg.670.site.19, 1, 152, 153
411483.3.peg.670.site.20, 87, 141, 228
411483.3.peg.670.site.21, 25, 149, 174
411483.3.peg.670.site.22, 12, 153, 165
411483.3.peg.670.site.23, 19, 150, 169
411483.3.peg.670.site.24, 104, 145, 249
411483.3.peg.670.site.25, 3, 154, 157
411483.3.peg.670.site.26, 5, 154, 159
411483.3.peg.670.site.27, 9, 151, 160
411483.3.peg.670.site.28, 3, 153, 156
411483.3.peg.670.site.29, 4, 152, 156
411483.3.peg.670.site.30, 3, 150, 153
411483.3.peg.670.site.31, 53, 144, 197
411483.3.peg.670.site.32, 8, 151, 159
411483.3.peg.670.site.33, 2, 151, 153
411483.3.peg.670.site.34, 7, 152, 159
411483.3.peg.670.site.35, 3, 153, 156
411483.3.peg.670.site.36, 27, 144, 171
411483.3.peg.670.site.37, 92, 140, 232
411483.3.peg.670.site.38, 3, 152, 155
411483.3.peg.670.site.39, 37, 148, 185
411483.3.peg.670.site.40, 7, 151, 158
411483.3.peg.670.site.41, 7, 150, 157
411483.3.peg.670.site.42, 13, 145, 158
411483.3.peg.670.site.43, 0, 151, 151
411483.3.peg.670.site.44, 1, 151, 152
411483.3.peg.670.site.45, 5, 148, 153
411483.3.peg.670.site.46, 4, 149, 153
411483.3.peg.670.site.47, 134, 146, 280
411483.3.peg.670.site.48, 3, 152, 155
411483.3.peg.670.site.49, 2, 150, 152
411483.3.peg.901.site.1, 2, 90, 92
411483.3.peg.901.site.2, 70, 89, 159
411483.3.peg.901.site.3, 5, 101, 106
411483.3.peg.901.site.4, 14, 76, 90
411483.3.peg.901.site.5, 19, 104, 123
411483.3.peg.901.site.6, 5, 119, 124
411483.3.peg.901.site.7, 1, 126, 127
411483.3.peg.901.site.8, 1, 130, 131
411483.3.peg.901.site.9, 7, 129, 136
411483.3.peg.901.site.10, 13, 130, 143
411483.3.peg.901.site.11, 0, 137, 137
411483.3.peg.901.site.12, 55, 117, 172
411483.3.peg.901.site.13, 4, 133, 137
411483.3.peg.901.site.14, 80, 121, 201
411483.3.peg.901.site.15, 0, 130, 130
411483.3.peg.901.site.16, 1, 137, 138
411483.3.peg.901.site.17, 1, 131, 132
411483.3.peg.901.site.18, 9, 126, 135
411483.3.peg.901.site.19, 1, 130, 131
411483.3.peg.901.site.20, 4, 136, 140
411483.3.peg.901.site.21, 3, 140, 143
411483.3.peg.901.site.22, 4, 138, 142
411483.3.peg.901.site.23, 134, 138, 272
411483.3.peg.901.site.24, 22, 136, 158
411483.3.peg.901.site.25, 114, 142, 256
411483.3.peg.901.site.26, 4, 153, 157
411483.3.peg.901.site.27, 1, 149, 150
411483.3.peg.901.site.28, 4, 152, 156
411483.3.peg.901.site.29, 8, 147, 155
411483.3.peg.901.site.30, 1, 150, 151
411483.3.peg.901.site.31, 3, 154, 157
411483.3.peg.901.site.32, 62, 136, 198
411483.3.peg.901.site.33, 3, 145, 148
411483.3.peg.901.site.34, 2, 142, 144
411483.3.peg.901.site.35, 0, 136, 136
411483.3.peg.901.site.36, 21, 134, 155
411483.3.peg.901.site.37, 119, 135, 254
411483.3.peg.901.site.38, 5, 137, 142
411483.3.peg.901.site.39, 33, 135, 168
411483.3.peg.901.site.40, 14, 135, 149
411483.3.peg.901.site.41, 6, 139, 145
411483.3.peg.901.site.42, 4, 143, 147
411483.3.peg.901.site.43, 67, 129, 196
411483.3.peg.901.site.44, 0, 147, 147
411483.3.peg.901.site.45, 10, 147, 157
411483.3.peg.901.site.46, 0, 145, 145
411483.3.peg.901.site.47, 1, 150, 151
411483.3.peg.901.site.48, 3, 143, 146
411483.3.peg.901.site.49, 3, 151, 154
411483.3.peg.901.site.50, 59, 136, 195
411483.3.peg.901.site.51, 2, 145, 147
411483.3.peg.901.site.52, 1, 149, 150
411483.3.peg.901.site.53, 9, 141, 150
411483.3.peg.901.site.54, 8, 140, 148
411483.3.peg.901.site.55, 1, 138, 139
411483.3.peg.901.site.56, 1, 136, 137
411483.3.peg.901.site.57, 1, 138, 139
411483.3.peg.901.site.58, 7, 127, 134
411483.3.peg.901.site.59, 1, 136, 137
411483.3.peg.901.site.60, 3, 137, 140
411483.3.peg.901.site.61, 1, 132, 133
411483.3.peg.901.site.62, 41, 123, 164
411483.3.peg.901.site.63, 1, 128, 129
411483.3.peg.901.site.64, 1, 126, 127
411483.3.peg.901.site.65, 1, 128, 129
411483.3.peg.901.site.66, 12, 118, 130
411483.3.peg.901.site.67, 1, 117, 118
411483.3.peg.901.site.68, 93, 120, 213
411483.3.peg.901.site.69, 1, 118, 119
411483.3.peg.901.site.70, 0, 129, 129
411483.3.peg.901.site.71, 6, 144, 150
411483.3.peg.901.site.72, 0, 143, 143
411483.3.peg.901.site.73, 5, 146, 151
411483.3.peg.901.site.74, 25, 135, 160
411483.3.peg.901.site.75, 3, 147, 150
411483.3.peg.901.site.76, 1, 148, 149
411483.3.peg.901.site.77, 1, 149, 150
411483.3.peg.901.site.78, 17, 147, 164
411483.3.peg.901.site.79, 7, 149, 156
411483.3.peg.901.site.80, 110, 143, 253
411483.3.peg.901.site.81, 37, 143, 180
411483.3.peg.901.site.82, 3, 149, 152
411483.3.peg.901.site.83, 0, 151, 151
411483.3.peg.901.site.84, 4, 153, 157
411483.3.peg.901.site.85, 6, 152, 158
411483.3.peg.901.site.86, 49, 142, 191
411483.3.peg.901.site.87, 3, 154, 157
411483.3.peg.901.site.88, 4, 152, 156
411483.3.peg.901.site.89, 13, 142, 155
411483.3.peg.901.site.90, 11, 144, 155
411483.3.peg.901.site.91, 1, 134, 135
411483.3.peg.901.site.92, 6, 113, 119
411483.3.peg.901.site.93, 6, 122, 128
411483.3.peg.901.site.94, 4, 126, 130
411483.3.peg.901.site.95, 1, 126, 127
411483.3.peg.901.site.96, 2, 117, 119
411483.3.peg.901.site.97, 3, 128, 131
411483.3.peg.901.site.98, 2, 124, 126
411483.3.peg.901.site.99, 2, 129, 131
411483.3.peg.901.site.100, 1, 135, 136
411483.3.peg.901.site.101, 1, 139, 140
411483.3.peg.901.site.102, 9, 138, 147
411483.3.peg.901.site.103, 3, 141, 144
411483.3.peg.901.site.104, 2, 140, 142
411483.3.peg.901.site.105, 0, 140, 140
411483.3.peg.901.site.106, 3, 139, 142
411483.3.peg.901.site.107, 5, 140, 145
411483.3.peg.901.site.108, 3, 140, 143
411483.3.peg.901.site.109, 1, 134, 135
411483.3.peg.901.site.110, 2, 134, 136
411483.3.peg.901.site.111, 59, 128, 187
411483.3.peg.901.site.112, 3, 136, 139
411483.3.peg.901.site.113, 1, 132, 133
411483.3.peg.901.site.114, 8, 138, 146
411483.3.peg.901.site.115, 0, 145, 145
411483.3.peg.901.site.116, 42, 142, 184
411483.3.peg.901.site.117, 2, 144, 146
411483.3.peg.901.site.118, 5, 146, 151
411483.3.peg.901.site.119, 2, 146, 148
411483.3.peg.901.site.120, 18, 141, 159
411483.3.peg.901.site.121, 9, 141, 150
411483.3.peg.901.site.122, 78, 136, 214
411483.3.peg.901.site.123, 13, 145, 158
411483.3.peg.901.site.124, 16, 146, 162
411483.3.peg.901.site.125, 109, 142, 251
411483.3.peg.901.site.126, 11, 146, 157
411483.3.peg.901.site.127, 0, 147, 147
411483.3.peg.901.site.128, 12, 143, 155
411483.3.peg.901.site.129, 2, 141, 143
411483.3.peg.901.site.130, 8, 141, 149
411483.3.peg.901.site.131, 3, 139, 142
411483.3.peg.901.site.132, 9, 129, 138
411483.3.peg.901.site.133, 0, 131, 131
411483.3.peg.901.site.134, 83, 86, 169
411483.3.peg.901.site.135, 8, 83, 91
411483.3.peg.901.site.136, 12, 63, 75
411483.3.peg.901.site.137, 1, 78, 79
411483.3.peg.901.site.138, 3, 79, 82
411483.3.peg.901.site.139, 2, 69, 71
411483.3.peg.901.site.140, 2, 66, 68
411483.3.peg.901.site.141, 1, 100, 101
411483.3.peg.901.site.142, 3, 107, 110
411483.3.peg.900.site.1, 14, 135, 149
411483.3.peg.900.site.2, 4, 135, 139
411483.3.peg.900.site.3, 1, 127, 128
411483.3.peg.900.site.4, 15, 124, 139
411483.3.peg.900.site.5, 2, 143, 145
411483.3.peg.900.site.6, 0, 144, 144
411483.3.peg.900.site.7, 0, 144, 144
411483.3.peg.900.site.8, 0, 149, 149
411483.3.peg.900.site.9, 49, 139, 188
411483.3.peg.900.site.10, 88, 137, 225
411483.3.peg.900.site.11, 50, 140, 190
411483.3.peg.900.site.12, 0, 143, 143
411483.3.peg.900.site.13, 12, 141, 153
411483.3.peg.900.site.14, 10, 141, 151
411483.3.peg.900.site.15, 0, 139, 139
411483.3.peg.900.site.16, 0, 142, 142
411483.3.peg.900.site.17, 60, 137, 197
411483.3.peg.900.site.18, 106, 138, 244
411483.3.peg.900.site.19, 1, 148, 149
411483.3.peg.900.site.20, 3, 148, 151
411483.3.peg.900.site.21, 13, 147, 160
411483.3.peg.900.site.22, 41, 145, 186
411483.3.peg.900.site.23, 4, 150, 154
411483.3.peg.900.site.24, 70, 141, 211
411483.3.peg.900.site.25, 88, 143, 231
411483.3.peg.900.site.26, 23, 148, 171
411483.3.peg.900.site.27, 42, 149, 191
411483.3.peg.900.site.28, 59, 140, 199
411483.3.peg.900.site.29, 7, 146, 153
411483.3.peg.900.site.30, 2, 151, 153
411483.3.peg.900.site.31, 2, 153, 155
411483.3.peg.900.site.32, 5, 150, 155
411483.3.peg.900.site.33, 2, 153, 155
411483.3.peg.900.site.34, 17, 145, 162
411483.3.peg.900.site.35, 3, 150, 153
411483.3.peg.900.site.36, 7, 149, 156
411483.3.peg.900.site.37, 1, 152, 153
411483.3.peg.900.site.38, 2, 151, 153
411483.3.peg.900.site.39, 2, 149, 151
411483.3.peg.900.site.40, 1, 140, 141
411483.3.peg.900.site.41, 1, 137, 138
411483.3.peg.900.site.42, 73, 128, 201
411483.3.peg.900.site.43, 9, 138, 147
411483.3.peg.900.site.44, 2, 139, 141
411483.3.peg.900.site.45, 56, 136, 192
411483.3.peg.900.site.46, 4, 143, 147
411483.3.peg.900.site.47, 2, 136, 138
411483.3.peg.900.site.48, 0, 137, 137
411483.3.peg.900.site.49, 0, 137, 137
411483.3.peg.900.site.50, 1, 134, 135
411483.3.peg.900.site.51, 3, 144, 147
411483.3.peg.900.site.52, 1, 148, 149
411483.3.peg.900.site.53, 3, 154, 157
411483.3.peg.900.site.54, 6, 155, 161
411483.3.peg.900.site.55, 4, 154, 158
411483.3.peg.900.site.56, 23, 146, 169
411483.3.peg.900.site.57, 0, 151, 151
411483.3.peg.900.site.58, 8, 149, 157
411483.3.peg.900.site.59, 1, 148, 149
411483.3.peg.900.site.60, 148, 148, 296
411483.3.peg.900.site.61, 31, 139, 170
411483.3.peg.900.site.62, 42, 140, 182
411483.3.peg.900.site.63, 10, 145, 155
411483.3.peg.900.site.64, 1, 153, 154
411483.3.peg.900.site.65, 5, 151, 156
411483.3.peg.900.site.66, 1, 155, 156
411483.3.peg.900.site.67, 7, 155, 162
411483.3.peg.900.site.68, 3, 155, 158
411483.3.peg.900.site.69, 1, 153, 154
411483.3.peg.900.site.70, 1, 152, 153
411483.3.peg.900.site.71, 0, 151, 151
411483.3.peg.900.site.72, 13, 148, 161
411483.3.peg.900.site.73, 1, 152, 153
411483.3.peg.900.site.74, 1, 151, 152
411483.3.peg.900.site.75, 3, 150, 153
411483.3.peg.900.site.76, 4, 151, 155
411483.3.peg.900.site.77, 4, 151, 155
411483.3.peg.900.site.78, 1, 154, 155
411483.3.peg.900.site.79, 30, 151, 181
411483.3.peg.900.site.80, 1, 150, 151
411483.3.peg.900.site.81, 71, 144, 215
411483.3.peg.900.site.82, 87, 145, 232
411483.3.peg.900.site.83, 61, 144, 205
411483.3.peg.900.site.84, 7, 151, 158
411483.3.peg.900.site.85, 16, 149, 165
411483.3.peg.900.site.86, 120, 142, 262
411483.3.peg.900.site.87, 23, 146, 169
411483.3.peg.900.site.88, 24, 144, 168
411483.3.peg.900.site.89, 20, 145, 165
411483.3.peg.900.site.90, 69, 144, 213
411483.3.peg.900.site.91, 5, 148, 153
411483.3.peg.900.site.92, 1, 150, 151
411483.3.peg.900.site.93, 5, 152, 157
411483.3.peg.900.site.94, 4, 150, 154
411483.3.peg.900.site.95, 6, 150, 156
411483.3.peg.900.site.96, 3, 154, 157
411483.3.peg.900.site.97, 3, 153, 156
411483.3.peg.900.site.98, 45, 146, 191
411483.3.peg.900.site.99, 2, 153, 155
411483.3.peg.900.site.100, 2, 152, 154
411483.3.peg.900.site.101, 5, 154, 159
411483.3.peg.900.site.102, 2, 149, 151
411483.3.peg.900.site.103, 1, 125, 126
411483.3.peg.675.site.1, 5, 151, 156
411483.3.peg.675.site.2, 26, 147, 173
411483.3.peg.675.site.3, 0, 152, 152
411483.3.peg.675.site.4, 5, 148, 153
411483.3.peg.675.site.5, 55, 139, 194
411483.3.peg.675.site.6, 1, 140, 141
411483.3.peg.675.site.7, 0, 140, 140
411483.3.peg.675.site.8, 111, 135, 246
411483.3.peg.675.site.9, 26, 140, 166
411483.3.peg.675.site.10, 82, 135, 217
411483.3.peg.675.site.11, 52, 141, 193
411483.3.peg.675.site.12, 1, 148, 149
411483.3.peg.675.site.13, 1, 145, 146
411483.3.peg.675.site.14, 1, 151, 152
411483.3.peg.675.site.15, 3, 155, 158
411483.3.peg.675.site.16, 3, 155, 158
411483.3.peg.675.site.17, 25, 146, 171
411483.3.peg.675.site.18, 4, 155, 159
411483.3.peg.675.site.19, 0, 155, 155
411483.3.peg.675.site.20, 52, 141, 193
411483.3.peg.675.site.21, 21, 145, 166
411483.3.peg.675.site.22, 0, 149, 149
411483.3.peg.675.site.23, 2, 150, 152
411483.3.peg.675.site.24, 1, 148, 149
411483.3.peg.675.site.25, 0, 143, 143
411483.3.peg.675.site.26, 9, 119, 128
411483.3.peg.675.site.27, 5, 129, 134
411483.3.peg.675.site.28, 21, 120, 141
411483.3.peg.675.site.29, 6, 125, 131
411483.3.peg.675.site.30, 0, 122, 122
411483.3.peg.675.site.31, 45, 114, 159
411483.3.peg.675.site.32, 1, 122, 123
411483.3.peg.675.site.33, 1, 132, 133
411483.3.peg.675.site.34, 2, 137, 139
411483.3.peg.675.site.35, 24, 135, 159
411483.3.peg.675.site.36, 5, 142, 147
411483.3.peg.675.site.37, 2, 146, 148
411483.3.peg.675.site.38, 9, 150, 159
411483.3.peg.674.site.1, 9, 122, 131
411483.3.peg.674.site.2, 4, 129, 133
411483.3.peg.674.site.3, 21, 124, 145
411483.3.peg.674.site.4, 14, 135, 149
411483.3.peg.674.site.5, 1, 151, 152
411483.3.peg.674.site.6, 14, 146, 160
411483.3.peg.674.site.7, 13, 145, 158
411483.3.peg.674.site.8, 1, 153, 154
411483.3.peg.674.site.9, 1, 151, 152
411483.3.peg.674.site.10, 3, 152, 155
411483.3.peg.674.site.11, 16, 146, 162
411483.3.peg.674.site.12, 72, 139, 211
411483.3.peg.674.site.13, 1, 150, 151
411483.3.peg.674.site.14, 3, 149, 152
411483.3.peg.674.site.15, 1, 149, 150
411483.3.peg.674.site.16, 16, 142, 158
411483.3.peg.674.site.17, 1, 153, 154
411483.3.peg.674.site.18, 9, 149, 158
411483.3.peg.674.site.19, 1, 152, 153
411483.3.peg.674.site.20, 13, 144, 157
411483.3.peg.674.site.21, 2, 152, 154
411483.3.peg.674.site.22, 32, 146, 178
411483.3.peg.674.site.23, 2, 149, 151
411483.3.peg.674.site.24, 0, 150, 150
411483.3.peg.674.site.25, 1, 154, 155
411483.3.peg.674.site.26, 1, 153, 154
411483.3.peg.674.site.27, 13, 148, 161
411483.3.peg.674.site.28, 2, 152, 154
411483.3.peg.674.site.29, 84, 146, 230
411483.3.peg.674.site.30, 10, 150, 160
411483.3.peg.674.site.31, 1, 149, 150
411483.3.peg.674.site.32, 25, 143, 168
411483.3.peg.674.site.33, 3, 151, 154
411483.3.peg.674.site.34, 91, 142, 233
411483.3.peg.674.site.35, 24, 147, 171
411483.3.peg.674.site.36, 36, 147, 183
411483.3.peg.674.site.37, 0, 151, 151
411483.3.peg.674.site.38, 122, 146, 268
411483.3.peg.674.site.39, 1, 152, 153
411483.3.peg.674.site.40, 10, 145, 155
411483.3.peg.674.site.41, 7, 149, 156
411483.3.peg.674.site.42, 12, 138, 150
411483.3.peg.674.site.43, 2, 147, 149
411483.3.peg.674.site.44, 1, 150, 151
411483.3.peg.1758.site.1, 1, 152, 153
411483.3.peg.1758.site.2, 7, 152, 159
411483.3.peg.1758.site.3, 4, 155, 159
411483.3.peg.1758.site.4, 2, 153, 155
411483.3.peg.1758.site.5, 0, 152, 152
411483.3.peg.1758.site.6, 76, 145, 221
411483.3.peg.1758.site.7, 133, 145, 278
411483.3.peg.1758.site.8, 8, 150, 158
411483.3.peg.1758.site.9, 1, 152, 153
411483.3.peg.1758.site.10, 3, 153, 156
411483.3.peg.1758.site.11, 7, 148, 155
411483.3.peg.1758.site.12, 1, 153, 154
411483.3.peg.1758.site.13, 5, 151, 156
411483.3.peg.1758.site.14, 0, 152, 152
411483.3.peg.1758.site.15, 2, 154, 156
411483.3.peg.1758.site.16, 2, 151, 153
411483.3.peg.1758.site.17, 7, 149, 156
411483.3.peg.1758.site.18, 8, 150, 158
411483.3.peg.1758.site.19, 0, 150, 150
411483.3.peg.1758.site.20, 52, 144, 196
411483.3.peg.1758.site.21, 7, 145, 152
411483.3.peg.1758.site.22, 1, 148, 149
411483.3.peg.1758.site.23, 2, 153, 155
411483.3.peg.1758.site.24, 31, 141, 172
411483.3.peg.1758.site.25, 2, 149, 151
411483.3.peg.1758.site.26, 4, 150, 154
411483.3.peg.1758.site.27, 3, 154, 157
411483.3.peg.1758.site.28, 3, 154, 157
411483.3.peg.1758.site.29, 6, 155, 161
411483.3.peg.1758.site.30, 4, 154, 158
411483.3.peg.1758.site.31, 4, 154, 158
411483.3.peg.1758.site.32, 4, 153, 157
411483.3.peg.1758.site.33, 3, 152, 155
411483.3.peg.1758.site.34, 1, 155, 156
411483.3.peg.1758.site.35, 2, 154, 156
411483.3.peg.1758.site.36, 31, 147, 178
411483.3.peg.1758.site.37, 1, 154, 155
411483.3.peg.1758.site.38, 5, 153, 158
411483.3.peg.1758.site.39, 0, 154, 154
411483.3.peg.1758.site.40, 36, 143, 179
411483.3.peg.1758.site.41, 1, 153, 154
411483.3.peg.1758.site.42, 1, 152, 153
411483.3.peg.1758.site.43, 1, 152, 153
411483.3.peg.1758.site.44, 146, 148, 294
411483.3.peg.1758.site.45, 1, 152, 153
411483.3.peg.1758.site.46, 14, 145, 159
411483.3.peg.1758.site.47, 1, 155, 156
411483.3.peg.1758.site.48, 5, 155, 160
411483.3.peg.1758.site.49, 12, 150, 162
411483.3.peg.1758.site.50, 5, 151, 156
411483.3.peg.1758.site.51, 0, 151, 151
411483.3.peg.1758.site.52, 8, 151, 159
411483.3.peg.1758.site.53, 1, 144, 145
411483.3.peg.1758.site.54, 1, 143, 144
411483.3.peg.1758.site.55, 0, 144, 144
411483.3.peg.1758.site.56, 0, 146, 146
411483.3.peg.1758.site.57, 3, 138, 141
411483.3.peg.1758.site.58, 3, 140, 143
411483.3.peg.1758.site.59, 130, 133, 263
411483.3.peg.1758.site.60, 2, 143, 145
411483.3.peg.1758.site.61, 0, 148, 148
411483.3.peg.1758.site.62, 1, 140, 141
411483.3.peg.1758.site.63, 3, 140, 143
411483.3.peg.1758.site.64, 121, 137, 258
411483.3.peg.1758.site.65, 14, 138, 152
411483.3.peg.1758.site.66, 135, 144, 279
411483.3.peg.1758.site.67, 12, 147, 159
411483.3.peg.1758.site.68, 35, 146, 181
411483.3.peg.1758.site.69, 6, 150, 156
411483.3.peg.1758.site.70, 5, 147, 152
411483.3.peg.1758.site.71, 76, 138, 214
411483.3.peg.1758.site.72, 2, 154, 156
411483.3.peg.1758.site.73, 5, 151, 156
411483.3.peg.1758.site.74, 26, 151, 177
411483.3.peg.1758.site.75, 0, 152, 152
411483.3.peg.1758.site.76, 1, 152, 153
411483.3.peg.1758.site.77, 3, 152, 155
411483.3.peg.1758.site.78, 3, 149, 152
411483.3.peg.1758.site.79, 6, 150, 156
411483.3.peg.1758.site.80, 2, 152, 154
411483.3.peg.1758.site.81, 0, 152, 152
411483.3.peg.1758.site.82, 9, 154, 163
411483.3.peg.1758.site.83, 2, 154, 156
411483.3.peg.1758.site.84, 0, 153, 153
411483.3.peg.1759.site.1, 6, 149, 155
411483.3.peg.1759.site.2, 1, 154, 155
411483.3.peg.1759.site.3, 5, 151, 156
411483.3.peg.1759.site.4, 5, 154, 159
411483.3.peg.1759.site.5, 16, 153, 169
411483.3.peg.1759.site.6, 9, 149, 158
411483.3.peg.1759.site.7, 0, 152, 152
411483.3.peg.1759.site.8, 1, 152, 153
411483.3.peg.1759.site.9, 82, 143, 225
411483.3.peg.1759.site.10, 1, 150, 151
411483.3.peg.1759.site.11, 10, 146, 156
411483.3.peg.1759.site.12, 2, 147, 149
411483.3.peg.1759.site.13, 4, 151, 155
411483.3.peg.1759.site.14, 1, 152, 153
411483.3.peg.1759.site.15, 1, 151, 152
411483.3.peg.1759.site.16, 83, 132, 215
411483.3.peg.1759.site.17, 6, 138, 144
411483.3.peg.1759.site.18, 76, 132, 208
411483.3.peg.1759.site.19, 49, 131, 180
411483.3.peg.1759.site.20, 0, 150, 150
411483.3.peg.1759.site.21, 2, 148, 150
411483.3.peg.1759.site.22, 3, 150, 153
411483.3.peg.1759.site.23, 22, 144, 166
411483.3.peg.1759.site.24, 3, 152, 155
411483.3.peg.1759.site.25, 69, 145, 214
411483.3.peg.1759.site.26, 0, 146, 146
411483.3.peg.1759.site.27, 3, 144, 147
411483.3.peg.1759.site.28, 4, 150, 154
411483.3.peg.1759.site.29, 6, 148, 154
411483.3.peg.1759.site.30, 4, 152, 156
411483.3.peg.1759.site.31, 10, 146, 156
411483.3.peg.1759.site.32, 1, 148, 149
411483.3.peg.1759.site.33, 4, 144, 148
411483.3.peg.1759.site.34, 2, 144, 146
411483.3.peg.1759.site.35, 3, 146, 149
411483.3.peg.1759.site.36, 2, 152, 154
411483.3.peg.1759.site.37, 1, 151, 152
411483.3.peg.1759.site.38, 14, 150, 164
411483.3.peg.1759.site.39, 2, 152, 154
411483.3.peg.1759.site.40, 3, 153, 156
411483.3.peg.1759.site.41, 4, 153, 157
411483.3.peg.1759.site.42, 0, 152, 152
411483.3.peg.1759.site.43, 52, 147, 199
411483.3.peg.1759.site.44, 41, 139, 180
411483.3.peg.1759.site.45, 1, 151, 152
411483.3.peg.1759.site.46, 1, 152, 153
411483.3.peg.1759.site.47, 3, 153, 156
411483.3.peg.1759.site.48, 1, 155, 156
411483.3.peg.1759.site.49, 1, 151, 152
411483.3.peg.1759.site.50, 3, 152, 155
411483.3.peg.1759.site.51, 3, 151, 154
411483.3.peg.1759.site.52, 1, 153, 154
411483.3.peg.1759.site.53, 1, 150, 151
411483.3.peg.1759.site.54, 1, 153, 154
411483.3.peg.1759.site.55, 3, 151, 154
411483.3.peg.1759.site.56, 5, 153, 158
411483.3.peg.1759.site.57, 1, 153, 154
411483.3.peg.1759.site.58, 4, 155, 159
411483.3.peg.1759.site.59, 3, 152, 155
411483.3.peg.1759.site.60, 5, 150, 155
411483.3.peg.1759.site.61, 0, 151, 151
411483.3.peg.1759.site.62, 0, 152, 152
411483.3.peg.1759.site.63, 1, 155, 156
411483.3.peg.1759.site.64, 1, 155, 156
411483.3.peg.1759.site.65, 2, 155, 157
411483.3.peg.1759.site.66, 4, 155, 159
411483.3.peg.1759.site.67, 7, 145, 152
411483.3.peg.1759.site.68, 3, 136, 139
411483.3.peg.1759.site.69, 1, 147, 148
411483.3.peg.1759.site.70, 1, 105, 106
411483.3.peg.1759.site.71, 5, 141, 146
411483.3.peg.1759.site.72, 2, 139, 141
411483.3.peg.1759.site.73, 6, 149, 155
411483.3.peg.1759.site.74, 5, 150, 155
411483.3.peg.1759.site.75, 4, 153, 157
411483.3.peg.1756.site.1, 9, 147, 156
411483.3.peg.1756.site.2, 1, 151, 152
411483.3.peg.1756.site.3, 1, 155, 156
411483.3.peg.1756.site.4, 14, 153, 167
411483.3.peg.1756.site.5, 59, 143, 202
411483.3.peg.1756.site.6, 3, 155, 158
411483.3.peg.1756.site.7, 16, 145, 161
411483.3.peg.1756.site.8, 2, 154, 156
411483.3.peg.1756.site.9, 4, 154, 158
411483.3.peg.1756.site.10, 73, 142, 215
411483.3.peg.1756.site.11, 66, 140, 206
411483.3.peg.1756.site.12, 2, 152, 154
411483.3.peg.1756.site.13, 21, 147, 168
411483.3.peg.1756.site.14, 1, 154, 155
411483.3.peg.1756.site.15, 0, 151, 151
411483.3.peg.1756.site.16, 1, 153, 154
411483.3.peg.1756.site.17, 9, 151, 160
411483.3.peg.1756.site.18, 3, 148, 151
411483.3.peg.1756.site.19, 1, 150, 151
411483.3.peg.1756.site.20, 50, 129, 179
411483.3.peg.1756.site.21, 0, 142, 142
411483.3.peg.1756.site.22, 0, 126, 126
411483.3.peg.1757.site.1, 13, 152, 165
411483.3.peg.1757.site.2, 0, 153, 153
411483.3.peg.1757.site.3, 6, 155, 161
411483.3.peg.1757.site.4, 7, 149, 156
411483.3.peg.1757.site.5, 2, 155, 157
411483.3.peg.1757.site.6, 1, 155, 156
411483.3.peg.1757.site.7, 19, 150, 169
411483.3.peg.1757.site.8, 1, 154, 155
411483.3.peg.1757.site.9, 1, 155, 156
411483.3.peg.1757.site.10, 1, 155, 156
411483.3.peg.1757.site.11, 12, 152, 164
411483.3.peg.1757.site.12, 1, 153, 154
411483.3.peg.1757.site.13, 4, 152, 156
411483.3.peg.1757.site.14, 2, 149, 151
411483.3.peg.1757.site.15, 2, 151, 153
411483.3.peg.1757.site.16, 1, 155, 156
411483.3.peg.1757.site.17, 21, 151, 172
411483.3.peg.1757.site.18, 35, 146, 181
411483.3.peg.1757.site.19, 154, 154, 308
411483.3.peg.1757.site.20, 2, 154, 156
411483.3.peg.1757.site.21, 6, 155, 161
411483.3.peg.1757.site.22, 2, 154, 156
411483.3.peg.1757.site.23, 2, 153, 155
411483.3.peg.1757.site.24, 5, 145, 150
411483.3.peg.1757.site.25, 1, 146, 147
411483.3.peg.1757.site.26, 0, 151, 151
411483.3.peg.1757.site.27, 18, 146, 164
411483.3.peg.1757.site.28, 11, 147, 158
411483.3.peg.1757.site.29, 105, 151, 256
411483.3.peg.1757.site.30, 10, 145, 155
411483.3.peg.1757.site.31, 3, 154, 157
411483.3.peg.1757.site.32, 37, 146, 183
411483.3.peg.1757.site.33, 1, 152, 153
411483.3.peg.1757.site.34, 14, 153, 167
411483.3.peg.1757.site.35, 1, 155, 156
411483.3.peg.1757.site.36, 0, 154, 154
411483.3.peg.1757.site.37, 8, 155, 163
411483.3.peg.1757.site.38, 1, 153, 154
411483.3.peg.1757.site.39, 20, 153, 173
411483.3.peg.1757.site.40, 3, 153, 156
411483.3.peg.1757.site.41, 3, 154, 157
411483.3.peg.1757.site.42, 1, 155, 156
411483.3.peg.1757.site.43, 24, 150, 174
411483.3.peg.1757.site.44, 2, 154, 156
411483.3.peg.1757.site.45, 7, 153, 160
411483.3.peg.1757.site.46, 10, 148, 158
411483.3.peg.1757.site.47, 112, 142, 254
411483.3.peg.1757.site.48, 4, 150, 154
411483.3.peg.1757.site.49, 1, 152, 153
411483.3.peg.1757.site.50, 15, 142, 157
411483.3.peg.1757.site.51, 1, 148, 149
411483.3.peg.1757.site.52, 9, 149, 158
411483.3.peg.1757.site.53, 8, 148, 156
411483.3.peg.1757.site.54, 0, 152, 152
411483.3.peg.1757.site.55, 19, 153, 172
411483.3.peg.1757.site.56, 8, 150, 158
411483.3.peg.1757.site.57, 16, 152, 168
411483.3.peg.1757.site.58, 19, 151, 170
411483.3.peg.1757.site.59, 1, 146, 147
411483.3.peg.1757.site.60, 1, 154, 155
411483.3.peg.1757.site.61, 5, 154, 159
411483.3.peg.1757.site.62, 14, 152, 166
411483.3.peg.1757.site.63, 6, 150, 156
411483.3.peg.1757.site.64, 3, 153, 156
411483.3.peg.1757.site.65, 10, 154, 164
411483.3.peg.1757.site.66, 10, 152, 162
411483.3.peg.1757.site.67, 10, 152, 162
411483.3.peg.1757.site.68, 3, 154, 157
411483.3.peg.1757.site.69, 36, 147, 183
411483.3.peg.1757.site.70, 1, 151, 152
411483.3.peg.1757.site.71, 3, 153, 156
411483.3.peg.1757.site.72, 1, 155, 156
411483.3.peg.1757.site.73, 40, 146, 186
411483.3.peg.1757.site.74, 4, 153, 157
411483.3.peg.1757.site.75, 2, 154, 156
411483.3.peg.1757.site.76, 16, 150, 166
411483.3.peg.1757.site.77, 1, 150, 151
411483.3.peg.1757.site.78, 0, 151, 151
411483.3.peg.1757.site.79, 2, 155, 157
411483.3.peg.1757.site.80, 4, 148, 152
411483.3.peg.1757.site.81, 0, 151, 151
411483.3.peg.1757.site.82, 8, 153, 161
411483.3.peg.1757.site.83, 2, 153, 155
411483.3.peg.1757.site.84, 1, 150, 151
411483.3.peg.1757.site.85, 6, 150, 156
411483.3.peg.1757.site.86, 84, 141, 225
411483.3.peg.1757.site.87, 0, 151, 151
411483.3.peg.1757.site.88, 112, 147, 259
411483.3.peg.1757.site.89, 21, 142, 163
411483.3.peg.1757.site.90, 3, 151, 154
411483.3.peg.1757.site.91, 1, 151, 152
411483.3.peg.1757.site.92, 14, 145, 159
411483.3.peg.1757.site.93, 26, 148, 174
411483.3.peg.1757.site.94, 51, 143, 194
411483.3.peg.1757.site.95, 0, 153, 153
411483.3.peg.1757.site.96, 2, 151, 153
411483.3.peg.1757.site.97, 21, 142, 163
411483.3.peg.1757.site.98, 1, 153, 154
411483.3.peg.1757.site.99, 9, 148, 157
411483.3.peg.1757.site.100, 2, 151, 153
411483.3.peg.1757.site.101, 4, 151, 155
411483.3.peg.1757.site.102, 27, 144, 171
411483.3.peg.1757.site.103, 15, 147, 162
411483.3.peg.1757.site.104, 1, 151, 152
411483.3.peg.1757.site.105, 8, 150, 158
411483.3.peg.1757.site.106, 1, 151, 152
411483.3.peg.1757.site.107, 4, 147, 151
411483.3.peg.1757.site.108, 17, 149, 166
411483.3.peg.1757.site.109, 3, 147, 150
411483.3.peg.1757.site.110, 100, 134, 234
411483.3.peg.1757.site.111, 0, 148, 148
411483.3.peg.1757.site.112, 11, 140, 151
411483.3.peg.1757.site.113, 33, 139, 172
411483.3.peg.1757.site.114, 138, 144, 282
411483.3.peg.1757.site.115, 97, 139, 236
411483.3.peg.1757.site.116, 1, 151, 152
411483.3.peg.1757.site.117, 5, 149, 154
411483.3.peg.1757.site.118, 0, 153, 153
411483.3.peg.1757.site.119, 43, 145, 188
411483.3.peg.1757.site.120, 1, 153, 154
411483.3.peg.1757.site.121, 3, 154, 157
411483.3.peg.1757.site.122, 1, 151, 152
411483.3.peg.1757.site.123, 1, 153, 154
411483.3.peg.1757.site.124, 14, 152, 166
411483.3.peg.1757.site.125, 5, 153, 158
411483.3.peg.1757.site.126, 1, 154, 155
411483.3.peg.1757.site.127, 0, 153, 153
411483.3.peg.1757.site.128, 11, 153, 164
411483.3.peg.1757.site.129, 0, 153, 153
411483.3.peg.1757.site.130, 3, 153, 156
411483.3.peg.1757.site.131, 1, 149, 150
411483.3.peg.1757.site.132, 67, 143, 210
411483.3.peg.1757.site.133, 2, 152, 154
411483.3.peg.1757.site.134, 20, 145, 165
411483.3.peg.1757.site.135, 2, 153, 155
411483.3.peg.1757.site.136, 0, 153, 153
411483.3.peg.1757.site.137, 2, 152, 154
411483.3.peg.1757.site.138, 2, 153, 155
411483.3.peg.1757.site.139, 1, 154, 155
411483.3.peg.1757.site.140, 100, 144, 244
411483.3.peg.1757.site.141, 1, 152, 153
411483.3.peg.1757.site.142, 128, 147, 275
411483.3.peg.1757.site.143, 13, 148, 161
411483.3.peg.1757.site.144, 35, 149, 184
411483.3.peg.1757.site.145, 0, 145, 145
411483.3.peg.1757.site.146, 118, 138, 256
411483.3.peg.1757.site.147, 2, 144, 146
411483.3.peg.1757.site.148, 2, 145, 147
411483.3.peg.1757.site.149, 71, 137, 208
411483.3.peg.1757.site.150, 132, 142, 274
411483.3.peg.1757.site.151, 1, 150, 151
411483.3.peg.1757.site.152, 2, 150, 152
411483.3.peg.1757.site.153, 4, 151, 155
411483.3.peg.1757.site.154, 19, 147, 166
411483.3.peg.1757.site.155, 1, 152, 153
411483.3.peg.1757.site.156, 3, 147, 150
411483.3.peg.1757.site.157, 1, 152, 153
411483.3.peg.1757.site.158, 5, 152, 157
411483.3.peg.1757.site.159, 3, 154, 157
411483.3.peg.1757.site.160, 146, 149, 295
411483.3.peg.1757.site.161, 23, 148, 171
411483.3.peg.1757.site.162, 17, 151, 168
411483.3.peg.1757.site.163, 3, 152, 155
411483.3.peg.1757.site.164, 3, 155, 158
411483.3.peg.1757.site.165, 0, 155, 155
411483.3.peg.1757.site.166, 7, 150, 157
411483.3.peg.1757.site.167, 2, 155, 157
411483.3.peg.1757.site.168, 5, 154, 159
411483.3.peg.1757.site.169, 2, 154, 156
411483.3.peg.1757.site.170, 2, 155, 157
411483.3.peg.1754.site.1, 1, 155, 156
411483.3.peg.1754.site.2, 16, 147, 163
411483.3.peg.1754.site.3, 2, 153, 155
411483.3.peg.1754.site.4, 4, 150, 154
411483.3.peg.1754.site.5, 18, 147, 165
411483.3.peg.1754.site.6, 103, 141, 244
411483.3.peg.1754.site.7, 6, 152, 158
411483.3.peg.1754.site.8, 106, 142, 248
411483.3.peg.1754.site.9, 2, 148, 150
411483.3.peg.1754.site.10, 89, 126, 215
411483.3.peg.1754.site.11, 3, 143, 146
411483.3.peg.1754.site.12, 3, 138, 141
411483.3.peg.1754.site.13, 77, 112, 189
411483.3.peg.1754.site.14, 22, 108, 130
411483.3.peg.1754.site.15, 2, 108, 110
411483.3.peg.1754.site.16, 20, 102, 122
411483.3.peg.1754.site.17, 103, 103, 206
411483.3.peg.1754.site.18, 5, 103, 108
411483.3.peg.1754.site.19, 2, 111, 113
411483.3.peg.1754.site.20, 75, 128, 203
411483.3.peg.1754.site.21, 39, 129, 168
411483.3.peg.1754.site.22, 27, 136, 163
411483.3.peg.1754.site.23, 1, 151, 152
411483.3.peg.1754.site.24, 2, 149, 151
411483.3.peg.1754.site.25, 12, 143, 155
411483.3.peg.1754.site.26, 6, 141, 147
411483.3.peg.1754.site.27, 1, 146, 147
411483.3.peg.1754.site.28, 142, 145, 287
411483.3.peg.1754.site.29, 1, 143, 144
411483.3.peg.1754.site.30, 4, 141, 145
411483.3.peg.1754.site.31, 141, 141, 282
411483.3.peg.1754.site.32, 0, 127, 127
411483.3.peg.1754.site.33, 2, 134, 136
411483.3.peg.1754.site.34, 29, 130, 159
411483.3.peg.1754.site.35, 1, 140, 141
411483.3.peg.1754.site.36, 1, 138, 139
411483.3.peg.1754.site.37, 73, 118, 191
411483.3.peg.1754.site.38, 1, 142, 143
411483.3.peg.1754.site.39, 0, 139, 139
411483.3.peg.1754.site.40, 3, 141, 144
411483.3.peg.1754.site.41, 102, 142, 244
411483.3.peg.1754.site.42, 0, 147, 147
411483.3.peg.1754.site.43, 2, 148, 150
411483.3.peg.1754.site.44, 2, 151, 153
411483.3.peg.1754.site.45, 8, 150, 158
411483.3.peg.1754.site.46, 5, 145, 150
411483.3.peg.1754.site.47, 4, 149, 153
411483.3.peg.1754.site.48, 1, 152, 153
411483.3.peg.1754.site.49, 1, 153, 154
411483.3.peg.1754.site.50, 1, 150, 151
411483.3.peg.1754.site.51, 12, 147, 159
411483.3.peg.1754.site.52, 15, 146, 161
411483.3.peg.1754.site.53, 2, 145, 147
411483.3.peg.1754.site.54, 0, 150, 150
411483.3.peg.1754.site.55, 131, 134, 265
411483.3.peg.1754.site.56, 5, 146, 151
411483.3.peg.1755.site.1, 12, 148, 160
411483.3.peg.1755.site.2, 2, 150, 152
411483.3.peg.1755.site.3, 8, 149, 157
411483.3.peg.1755.site.4, 1, 152, 153
411483.3.peg.1755.site.5, 1, 151, 152
411483.3.peg.1755.site.6, 15, 148, 163
411483.3.peg.1755.site.7, 12, 154, 166
411483.3.peg.1755.site.8, 43, 150, 193
411483.3.peg.1755.site.9, 13, 148, 161
411483.3.peg.1755.site.10, 2, 147, 149
411483.3.peg.1755.site.11, 7, 148, 155
411483.3.peg.1755.site.12, 0, 149, 149
411483.3.peg.1755.site.13, 1, 151, 152
411483.3.peg.1755.site.14, 0, 149, 149
411483.3.peg.1755.site.15, 2, 146, 148
411483.3.peg.1755.site.16, 8, 133, 141
411483.3.peg.1755.site.17, 136, 138, 274
411483.3.peg.1755.site.18, 139, 141, 280
411483.3.peg.1755.site.19, 1, 142, 143
411483.3.peg.1755.site.20, 3, 148, 151
411483.3.peg.1755.site.21, 136, 138, 274
411483.3.peg.1755.site.22, 23, 138, 161
411483.3.peg.1755.site.23, 1, 131, 132
411483.3.peg.1755.site.24, 1, 123, 124
411483.3.peg.1755.site.25, 1, 116, 117
411483.3.peg.1755.site.26, 1, 103, 104
411483.3.peg.1755.site.27, 25, 95, 120
411483.3.peg.1755.site.28, 3, 86, 89
411483.3.peg.1755.site.29, 22, 73, 95
411483.3.peg.1752.site.1, 2, 80, 82
411483.3.peg.1752.site.2, 0, 91, 91
411483.3.peg.1752.site.3, 1, 100, 101
411483.3.peg.1752.site.4, 3, 104, 107
411483.3.peg.1752.site.5, 50, 101, 151
411483.3.peg.1752.site.6, 5, 104, 109
411483.3.peg.1752.site.7, 18, 99, 117
411483.3.peg.1752.site.8, 4, 105, 109
411483.3.peg.1752.site.9, 1, 108, 109
411483.3.peg.1752.site.10, 10, 92, 102
411483.3.peg.1752.site.11, 18, 108, 126
411483.3.peg.1752.site.12, 1, 128, 129
411483.3.peg.1752.site.13, 14, 128, 142
411483.3.peg.1752.site.14, 1, 135, 136
411483.3.peg.1752.site.15, 73, 131, 204
411483.3.peg.1752.site.16, 7, 147, 154
411483.3.peg.1752.site.17, 3, 147, 150
411483.3.peg.1752.site.18, 2, 144, 146
411483.3.peg.1752.site.19, 3, 147, 150
411483.3.peg.1752.site.20, 9, 134, 143
411483.3.peg.1752.site.21, 2, 147, 149
411483.3.peg.1752.site.22, 4, 136, 140
411483.3.peg.1752.site.23, 67, 136, 203
411483.3.peg.1752.site.24, 2, 139, 141
411483.3.peg.1752.site.25, 8, 136, 144
411483.3.peg.1752.site.26, 0, 133, 133
411483.3.peg.1752.site.27, 9, 129, 138
411483.3.peg.1752.site.28, 1, 128, 129
411483.3.peg.1752.site.29, 1, 122, 123
411483.3.peg.1752.site.30, 5, 122, 127
411483.3.peg.1752.site.31, 2, 121, 123
411483.3.peg.1752.site.32, 6, 118, 124
411483.3.peg.1752.site.33, 1, 115, 116
411483.3.peg.1752.site.34, 3, 114, 117
411483.3.peg.1752.site.35, 1, 103, 104
411483.3.peg.1752.site.36, 3, 120, 123
411483.3.peg.1752.site.37, 1, 116, 117
411483.3.peg.1753.site.1, 5, 119, 124
411483.3.peg.1753.site.2, 2, 113, 115
411483.3.peg.1753.site.3, 109, 109, 218
411483.3.peg.1753.site.4, 13, 105, 118
411483.3.peg.1753.site.5, 97, 100, 197
411483.3.peg.1753.site.6, 1, 99, 100
411483.3.peg.1753.site.7, 1, 112, 113
411483.3.peg.1753.site.8, 10, 110, 120
411483.3.peg.1753.site.9, 7, 103, 110
411483.3.peg.1753.site.10, 1, 118, 119
411483.3.peg.1753.site.11, 6, 122, 128
411483.3.peg.1753.site.12, 2, 125, 127
411483.3.peg.1753.site.13, 4, 125, 129
411483.3.peg.1753.site.14, 3, 124, 127
411483.3.peg.1753.site.15, 2, 119, 121
411483.3.peg.1753.site.16, 4, 135, 139
411483.3.peg.1753.site.17, 6, 108, 114
411483.3.peg.1753.site.18, 6, 124, 130
411483.3.peg.1753.site.19, 6, 116, 122
411483.3.peg.1753.site.20, 2, 117, 119
411483.3.peg.1753.site.21, 2, 119, 121
411483.3.peg.1753.site.22, 21, 104, 125
411483.3.peg.1753.site.23, 15, 103, 118
411483.3.peg.1753.site.24, 28, 106, 134
411483.3.peg.1753.site.25, 0, 109, 109
411483.3.peg.1753.site.26, 109, 109, 218
411483.3.peg.1753.site.27, 1, 111, 112
411483.3.peg.1753.site.28, 1, 120, 121
411483.3.peg.1753.site.29, 78, 104, 182
411483.3.peg.1753.site.30, 6, 132, 138
411483.3.peg.1753.site.31, 6, 131, 137
411483.3.peg.1753.site.32, 6, 137, 143
411483.3.peg.1753.site.33, 68, 129, 197
411483.3.peg.1753.site.34, 38, 132, 170
411483.3.peg.1753.site.35, 14, 135, 149
411483.3.peg.1753.site.36, 20, 136, 156
411483.3.peg.1753.site.37, 4, 136, 140
411483.3.peg.1753.site.38, 19, 123, 142
411483.3.peg.1753.site.39, 136, 136, 272
411483.3.peg.1753.site.40, 0, 128, 128
411483.3.peg.1753.site.41, 32, 122, 154
411483.3.peg.1753.site.42, 17, 127, 144
411483.3.peg.1753.site.43, 5, 128, 133
411483.3.peg.1753.site.44, 1, 125, 126
411483.3.peg.1753.site.45, 27, 120, 147
411483.3.peg.1753.site.46, 12, 131, 143
411483.3.peg.1753.site.47, 1, 134, 135
411483.3.peg.1753.site.48, 1, 142, 143
411483.3.peg.1753.site.49, 1, 144, 145
411483.3.peg.1753.site.50, 1, 140, 141
411483.3.peg.1753.site.51, 9, 142, 151
411483.3.peg.1753.site.52, 36, 135, 171
411483.3.peg.1753.site.53, 17, 143, 160
411483.3.peg.1753.site.54, 1, 145, 146
411483.3.peg.1753.site.55, 23, 142, 165
411483.3.peg.1753.site.56, 4, 149, 153
411483.3.peg.1753.site.57, 106, 139, 245
411483.3.peg.1753.site.58, 2, 148, 150
411483.3.peg.1753.site.59, 7, 152, 159
411483.3.peg.1753.site.60, 8, 151, 159
411483.3.peg.1753.site.61, 2, 152, 154
411483.3.peg.1753.site.62, 17, 149, 166
411483.3.peg.1753.site.63, 2, 151, 153
411483.3.peg.1753.site.64, 0, 150, 150
411483.3.peg.1753.site.65, 1, 153, 154
411483.3.peg.1753.site.66, 11, 152, 163
411483.3.peg.1753.site.67, 2, 154, 156
411483.3.peg.1753.site.68, 27, 145, 172
411483.3.peg.1753.site.69, 139, 145, 284
411483.3.peg.1753.site.70, 52, 144, 196
411483.3.peg.1753.site.71, 1, 150, 151
411483.3.peg.1753.site.72, 1, 151, 152
411483.3.peg.1753.site.73, 2, 152, 154
411483.3.peg.1753.site.74, 14, 149, 163
411483.3.peg.1753.site.75, 8, 149, 157
411483.3.peg.1753.site.76, 4, 149, 153
411483.3.peg.1753.site.77, 8, 150, 158
411483.3.peg.1753.site.78, 11, 150, 161
411483.3.peg.1753.site.79, 71, 145, 216
411483.3.peg.1753.site.80, 60, 148, 208
411483.3.peg.1753.site.81, 5, 153, 158
411483.3.peg.1753.site.82, 23, 146, 169
411483.3.peg.1753.site.83, 2, 153, 155
411483.3.peg.1753.site.84, 93, 145, 238
411483.3.peg.1753.site.85, 106, 141, 247
411483.3.peg.1753.site.86, 3, 151, 154
411483.3.peg.1753.site.87, 39, 148, 187
411483.3.peg.1753.site.88, 2, 150, 152
411483.3.peg.1753.site.89, 3, 147, 150
411483.3.peg.1753.site.90, 1, 148, 149
411483.3.peg.1753.site.91, 2, 142, 144
411483.3.peg.1753.site.92, 4, 140, 144
411483.3.peg.1753.site.93, 8, 141, 149
411483.3.peg.1753.site.94, 22, 139, 161
411483.3.peg.1753.site.95, 1, 144, 145
411483.3.peg.1753.site.96, 126, 128, 254
411483.3.peg.1753.site.97, 1, 145, 146
411483.3.peg.1753.site.98, 2, 143, 145
411483.3.peg.1753.site.99, 2, 145, 147
411483.3.peg.1753.site.100, 3, 143, 146
411483.3.peg.1753.site.101, 0, 146, 146
411483.3.peg.1753.site.102, 62, 138, 200
411483.3.peg.1753.site.103, 8, 132, 140
411483.3.peg.1753.site.104, 2, 131, 133
411483.3.peg.1753.site.105, 2, 133, 135
411483.3.peg.1753.site.106, 11, 131, 142
411483.3.peg.1753.site.107, 13, 142, 155
411483.3.peg.1753.site.108, 11, 143, 154
411483.3.peg.1753.site.109, 0, 144, 144
411483.3.peg.1753.site.110, 55, 143, 198
411483.3.peg.1753.site.111, 4, 145, 149
411483.3.peg.1753.site.112, 3, 138, 141
411483.3.peg.1753.site.113, 13, 137, 150
411483.3.peg.1753.site.114, 2, 113, 115
411483.3.peg.1753.site.115, 2, 122, 124
411483.3.peg.1753.site.116, 8, 137, 145
411483.3.peg.1753.site.117, 85, 144, 229
411483.3.peg.1753.site.118, 2, 151, 153
411483.3.peg.1753.site.119, 3, 155, 158
411483.3.peg.1753.site.120, 2, 155, 157
411483.3.peg.1753.site.121, 6, 152, 158
411483.3.peg.1753.site.122, 3, 149, 152
411483.3.peg.1753.site.123, 2, 151, 153
411483.3.peg.1753.site.124, 153, 153, 306
411483.3.peg.1753.site.125, 7, 150, 157
411483.3.peg.1750.site.1, 1, 150, 151
411483.3.peg.1750.site.2, 2, 147, 149
411483.3.peg.1750.site.3, 10, 140, 150
411483.3.peg.1750.site.4, 20, 139, 159
411483.3.peg.1750.site.5, 4, 145, 149
411483.3.peg.1750.site.6, 1, 144, 145
411483.3.peg.1750.site.7, 13, 140, 153
411483.3.peg.1750.site.8, 2, 146, 148
411483.3.peg.1750.site.9, 7, 145, 152
411483.3.peg.1750.site.10, 56, 139, 195
411483.3.peg.1750.site.11, 8, 147, 155
411483.3.peg.1750.site.12, 3, 151, 154
411483.3.peg.1750.site.13, 4, 150, 154
411483.3.peg.1750.site.14, 38, 146, 184
411483.3.peg.1750.site.15, 13, 152, 165
411483.3.peg.1750.site.16, 29, 142, 171
411483.3.peg.1750.site.17, 2, 151, 153
411483.3.peg.1750.site.18, 6, 149, 155
411483.3.peg.1750.site.19, 21, 144, 165
411483.3.peg.1750.site.20, 3, 145, 148
411483.3.peg.1750.site.21, 32, 132, 164
411483.3.peg.1750.site.22, 5, 144, 149
411483.3.peg.1750.site.23, 23, 141, 164
411483.3.peg.1750.site.24, 1, 149, 150
411483.3.peg.1750.site.25, 2, 147, 149
411483.3.peg.1750.site.26, 10, 139, 149
411483.3.peg.1750.site.27, 77, 129, 206
411483.3.peg.1750.site.28, 2, 149, 151
411483.3.peg.1750.site.29, 7, 143, 150
411483.3.peg.1750.site.30, 11, 145, 156
411483.3.peg.1750.site.31, 24, 143, 167
411483.3.peg.1750.site.32, 14, 145, 159
411483.3.peg.1750.site.33, 106, 142, 248
411483.3.peg.1750.site.34, 5, 144, 149
411483.3.peg.1750.site.35, 1, 151, 152
411483.3.peg.1750.site.36, 4, 152, 156
411483.3.peg.1750.site.37, 5, 148, 153
411483.3.peg.1750.site.38, 27, 146, 173
411483.3.peg.1750.site.39, 0, 148, 148
411483.3.peg.1750.site.40, 3, 149, 152
411483.3.peg.1750.site.41, 10, 141, 151
411483.3.peg.1750.site.42, 4, 136, 140
411483.3.peg.1750.site.43, 25, 127, 152
411483.3.peg.1750.site.44, 21, 121, 142
411483.3.peg.1750.site.45, 0, 129, 129
411483.3.peg.1750.site.46, 97, 122, 219
411483.3.peg.1750.site.47, 3, 125, 128
411483.3.peg.1750.site.48, 7, 119, 126
411483.3.peg.1750.site.49, 3, 108, 111
411483.3.peg.1750.site.50, 93, 100, 193
411483.3.peg.1750.site.51, 1, 84, 85
411483.3.peg.1750.site.52, 50, 89, 139
411483.3.peg.1750.site.53, 0, 104, 104
411483.3.peg.1750.site.54, 1, 125, 126
411483.3.peg.1750.site.55, 2, 132, 134
411483.3.peg.1750.site.56, 2, 136, 138
411483.3.peg.1750.site.57, 1, 135, 136
411483.3.peg.1750.site.58, 1, 137, 138
411483.3.peg.1750.site.59, 2, 136, 138
411483.3.peg.1750.site.60, 3, 134, 137
411483.3.peg.1750.site.61, 4, 134, 138
411483.3.peg.1750.site.62, 8, 131, 139
411483.3.peg.1750.site.63, 5, 136, 141
411483.3.peg.1750.site.64, 3, 139, 142
411483.3.peg.1750.site.65, 3, 144, 147
411483.3.peg.1750.site.66, 1, 144, 145
411483.3.peg.1750.site.67, 1, 142, 143
411483.3.peg.1750.site.68, 0, 149, 149
411483.3.peg.1750.site.69, 4, 150, 154
411483.3.peg.1750.site.70, 1, 148, 149
411483.3.peg.1750.site.71, 3, 149, 152
411483.3.peg.1750.site.72, 4, 147, 151
411483.3.peg.1750.site.73, 96, 141, 237
411483.3.peg.1750.site.74, 5, 141, 146
411483.3.peg.1750.site.75, 21, 132, 153
411483.3.peg.1750.site.76, 2, 138, 140
411483.3.peg.1750.site.77, 1, 133, 134
411483.3.peg.1750.site.78, 4, 132, 136
411483.3.peg.1750.site.79, 2, 121, 123
411483.3.peg.1750.site.80, 42, 112, 154
411483.3.peg.1750.site.81, 2, 116, 118
411483.3.peg.1750.site.82, 45, 102, 147
411483.3.peg.1750.site.83, 3, 99, 102
411483.3.peg.1750.site.84, 42, 82, 124
411483.3.peg.1750.site.85, 23, 72, 95
411483.3.peg.1750.site.86, 3, 67, 70
411483.3.peg.1750.site.87, 1, 60, 61
411483.3.peg.1750.site.88, 5, 53, 58
411483.3.peg.1750.site.89, 1, 53, 54
411483.3.peg.1750.site.90, 2, 56, 58
411483.3.peg.1750.site.91, 0, 62, 62
411483.3.peg.1750.site.92, 1, 95, 96
411483.3.peg.1750.site.93, 1, 104, 105
411483.3.peg.1750.site.94, 23, 95, 118
411483.3.peg.1750.site.95, 13, 112, 125
411483.3.peg.1750.site.96, 7, 128, 135
411483.3.peg.1750.site.97, 2, 124, 126
411483.3.peg.1750.site.98, 1, 138, 139
411483.3.peg.1750.site.99, 4, 136, 140
411483.3.peg.1751.site.1, 2, 135, 137
411483.3.peg.1751.site.2, 6, 130, 136
411483.3.peg.1751.site.3, 20, 125, 145
411483.3.peg.1751.site.4, 6, 138, 144
411483.3.peg.1751.site.5, 2, 140, 142
411483.3.peg.1751.site.6, 5, 143, 148
411483.3.peg.1751.site.7, 1, 143, 144
411483.3.peg.1751.site.8, 18, 143, 161
411483.3.peg.1751.site.9, 2, 142, 144
411483.3.peg.1751.site.10, 1, 140, 141
411483.3.peg.1751.site.11, 3, 138, 141
411483.3.peg.1751.site.12, 2, 138, 140
411483.3.peg.1751.site.13, 8, 134, 142
411483.3.peg.1751.site.14, 8, 132, 140
411483.3.peg.1751.site.15, 4, 122, 126
411483.3.peg.1751.site.16, 92, 99, 191
411483.3.peg.1751.site.17, 2, 95, 97
411483.3.peg.1751.site.18, 1, 91, 92
411483.3.peg.1751.site.19, 2, 81, 83
411483.3.peg.1751.site.20, 61, 76, 137
411483.3.peg.1751.site.21, 31, 52, 83
411483.3.peg.492.site.1, 1, 155, 156
411483.3.peg.492.site.2, 62, 148, 210
411483.3.peg.492.site.3, 10, 153, 163
411483.3.peg.492.site.4, 14, 153, 167
411483.3.peg.492.site.5, 28, 154, 182
411483.3.peg.492.site.6, 0, 155, 155
411483.3.peg.492.site.7, 17, 146, 163
411483.3.peg.492.site.8, 27, 143, 170
411483.3.peg.492.site.9, 3, 149, 152
411483.3.peg.492.site.10, 13, 141, 154
411483.3.peg.492.site.11, 1, 144, 145
411483.3.peg.492.site.12, 1, 146, 147
411483.3.peg.492.site.13, 1, 145, 146
411483.3.peg.492.site.14, 2, 137, 139
411483.3.peg.492.site.15, 15, 127, 142
411483.3.peg.492.site.16, 26, 124, 150
411483.3.peg.492.site.17, 29, 122, 151
411483.3.peg.492.site.18, 29, 119, 148
411483.3.peg.492.site.19, 29, 121, 150
411483.3.peg.492.site.20, 6, 128, 134
411483.3.peg.492.site.21, 1, 107, 108
411483.3.peg.492.site.22, 3, 107, 110
411483.3.peg.492.site.23, 0, 102, 102
411483.3.peg.492.site.24, 1, 102, 103
411483.3.peg.492.site.25, 6, 109, 115
411483.3.peg.492.site.26, 4, 113, 117
411483.3.peg.492.site.27, 30, 111, 141
411483.3.peg.492.site.28, 18, 124, 142
411483.3.peg.492.site.29, 3, 146, 149
411483.3.peg.492.site.30, 1, 147, 148
411483.3.peg.492.site.31, 8, 148, 156
411483.3.peg.492.site.32, 6, 147, 153
411483.3.peg.492.site.33, 0, 146, 146
411483.3.peg.492.site.34, 1, 142, 143
411483.3.peg.492.site.35, 5, 149, 154
411483.3.peg.497.site.1, 0, 151, 151
411483.3.peg.497.site.2, 4, 150, 154
411483.3.peg.497.site.3, 0, 148, 148
411483.3.peg.497.site.4, 4, 148, 152
411483.3.peg.497.site.5, 1, 150, 151
411483.3.peg.497.site.6, 3, 149, 152
411483.3.peg.497.site.7, 1, 151, 152
411483.3.peg.497.site.8, 0, 141, 141
411483.3.peg.497.site.9, 2, 149, 151
411483.3.peg.497.site.10, 65, 142, 207
411483.3.peg.497.site.11, 18, 150, 168
411483.3.peg.497.site.12, 20, 143, 163
411483.3.peg.497.site.13, 3, 149, 152
411483.3.peg.497.site.14, 2, 152, 154
411483.3.peg.497.site.15, 1, 151, 152
411483.3.peg.497.site.16, 94, 141, 235
411483.3.peg.497.site.17, 4, 150, 154
411483.3.peg.497.site.18, 14, 154, 168
411483.3.peg.497.site.19, 21, 149, 170
411483.3.peg.497.site.20, 103, 153, 256
411483.3.peg.497.site.21, 3, 155, 158
411483.3.peg.497.site.22, 139, 152, 291
411483.3.peg.497.site.23, 2, 155, 157
411483.3.peg.497.site.24, 2, 155, 157
411483.3.peg.497.site.25, 119, 146, 265
411483.3.peg.497.site.26, 3, 155, 158
411483.3.peg.497.site.27, 1, 154, 155
411483.3.peg.497.site.28, 2, 155, 157
411483.3.peg.497.site.29, 2, 155, 157
411483.3.peg.497.site.30, 4, 153, 157
411483.3.peg.497.site.31, 2, 151, 153
411483.3.peg.497.site.32, 4, 153, 157
411483.3.peg.497.site.33, 0, 153, 153
411483.3.peg.497.site.34, 0, 153, 153
411483.3.peg.497.site.35, 24, 149, 173
411483.3.peg.497.site.36, 2, 154, 156
411483.3.peg.497.site.37, 4, 154, 158
411483.3.peg.497.site.38, 6, 154, 160
411483.3.peg.497.site.39, 5, 150, 155
411483.3.peg.497.site.40, 45, 150, 195
411483.3.peg.497.site.41, 1, 154, 155
411483.3.peg.497.site.42, 5, 153, 158
411483.3.peg.497.site.43, 2, 152, 154
411483.3.peg.497.site.44, 7, 152, 159
411483.3.peg.497.site.45, 5, 145, 150
411483.3.peg.497.site.46, 2, 146, 148
411483.3.peg.497.site.47, 3, 149, 152
411483.3.peg.497.site.48, 23, 143, 166
411483.3.peg.497.site.49, 1, 149, 150
411483.3.peg.497.site.50, 3, 150, 153
411483.3.peg.497.site.51, 1, 149, 150
411483.3.peg.497.site.52, 4, 146, 150
411483.3.peg.497.site.53, 0, 149, 149
411483.3.peg.497.site.54, 4, 150, 154
411483.3.peg.497.site.55, 4, 150, 154
411483.3.peg.497.site.56, 35, 144, 179
411483.3.peg.497.site.57, 37, 140, 177
411483.3.peg.497.site.58, 13, 145, 158
411483.3.peg.497.site.59, 1, 144, 145
411483.3.peg.497.site.60, 5, 132, 137
411483.3.peg.497.site.61, 2, 131, 133
411483.3.peg.497.site.62, 10, 127, 137
411483.3.peg.497.site.63, 3, 115, 118
411483.3.peg.497.site.64, 4, 116, 120
411483.3.peg.497.site.65, 62, 109, 171
411483.3.peg.497.site.66, 2, 119, 121
411483.3.peg.497.site.67, 12, 117, 129
411483.3.peg.497.site.68, 1, 132, 133
411483.3.peg.497.site.69, 0, 126, 126
411483.3.peg.497.site.70, 40, 120, 160
411483.3.peg.497.site.71, 4, 138, 142
411483.3.peg.497.site.72, 3, 139, 142
411483.3.peg.497.site.73, 1, 141, 142
411483.3.peg.497.site.74, 4, 138, 142
411483.3.peg.497.site.75, 2, 137, 139
411483.3.peg.497.site.76, 150, 151, 301
411483.3.peg.497.site.77, 9, 149, 158
411483.3.peg.497.site.78, 1, 155, 156
411483.3.peg.497.site.79, 1, 155, 156
411483.3.peg.497.site.80, 1, 154, 155
411483.3.peg.497.site.81, 0, 155, 155
411483.3.peg.497.site.82, 10, 153, 163
411483.3.peg.497.site.83, 5, 151, 156
411483.3.peg.497.site.84, 26, 143, 169
411483.3.peg.497.site.85, 2, 154, 156
411483.3.peg.497.site.86, 3, 151, 154
411483.3.peg.497.site.87, 0, 151, 151
411483.3.peg.497.site.88, 8, 146, 154
411483.3.peg.497.site.89, 16, 147, 163
411483.3.peg.497.site.90, 30, 142, 172
411483.3.peg.497.site.91, 1, 149, 150
411483.3.peg.497.site.92, 8, 151, 159
411483.3.peg.497.site.93, 41, 137, 178
411483.3.peg.497.site.94, 3, 149, 152
411483.3.peg.497.site.95, 3, 153, 156
411483.3.peg.497.site.96, 12, 151, 163
411483.3.peg.497.site.97, 3, 154, 157
411483.3.peg.497.site.98, 24, 145, 169
411483.3.peg.497.site.99, 19, 145, 164
411483.3.peg.497.site.100, 66, 139, 205
411483.3.peg.497.site.101, 15, 144, 159
411483.3.peg.497.site.102, 14, 143, 157
411483.3.peg.497.site.103, 15, 140, 155
411483.3.peg.497.site.104, 26, 126, 152
411483.3.peg.497.site.105, 21, 98, 119
411483.3.peg.496.site.1, 6, 154, 160
411483.3.peg.496.site.2, 147, 154, 301
411483.3.peg.496.site.3, 53, 144, 197
411483.3.peg.496.site.4, 27, 146, 173
411483.3.peg.496.site.5, 2, 153, 155
411483.3.peg.496.site.6, 79, 139, 218
411483.3.peg.496.site.7, 3, 152, 155
411483.3.peg.496.site.8, 2, 155, 157
411483.3.peg.496.site.9, 7, 151, 158
411483.3.peg.496.site.10, 5, 153, 158
411483.3.peg.496.site.11, 4, 154, 158
411483.3.peg.496.site.12, 1, 154, 155
411483.3.peg.496.site.13, 1, 154, 155
411483.3.peg.496.site.14, 1, 148, 149
411483.3.peg.496.site.15, 0, 147, 147
411483.3.peg.496.site.16, 3, 150, 153
411483.3.peg.496.site.17, 0, 147, 147
411483.3.peg.496.site.18, 1, 148, 149
411483.3.peg.496.site.19, 36, 137, 173
411483.3.peg.496.site.20, 0, 151, 151
411483.3.peg.496.site.21, 1, 154, 155
411483.3.peg.496.site.22, 18, 149, 167
411483.3.peg.496.site.23, 42, 145, 187
411483.3.peg.496.site.24, 8, 153, 161
411483.3.peg.496.site.25, 2, 154, 156
411483.3.peg.496.site.26, 2, 155, 157
411483.3.peg.496.site.27, 2, 155, 157
411483.3.peg.496.site.28, 3, 155, 158
411483.3.peg.496.site.29, 0, 154, 154
411483.3.peg.496.site.30, 6, 151, 157
411483.3.peg.496.site.31, 1, 155, 156
411483.3.peg.496.site.32, 3, 149, 152
411483.3.peg.496.site.33, 134, 152, 286
411483.3.peg.496.site.34, 35, 143, 178
411483.3.peg.496.site.35, 1, 155, 156
411483.3.peg.496.site.36, 3, 155, 158
411483.3.peg.495.site.1, 1, 153, 154
411483.3.peg.495.site.2, 11, 153, 164
411483.3.peg.495.site.3, 7, 150, 157
411483.3.peg.495.site.4, 65, 139, 204
411483.3.peg.495.site.5, 1, 152, 153
411483.3.peg.495.site.6, 9, 152, 161
411483.3.peg.495.site.7, 1, 153, 154
411483.3.peg.495.site.8, 21, 150, 171
411483.3.peg.495.site.9, 1, 155, 156
411483.3.peg.495.site.10, 0, 153, 153
411483.3.peg.495.site.11, 2, 154, 156
411483.3.peg.495.site.12, 12, 155, 167
411483.3.peg.495.site.13, 0, 153, 153
411483.3.peg.495.site.14, 28, 148, 176
411483.3.peg.495.site.15, 17, 148, 165
411483.3.peg.495.site.16, 1, 155, 156
411483.3.peg.495.site.17, 124, 145, 269
411483.3.peg.495.site.18, 6, 152, 158
411483.3.peg.495.site.19, 3, 153, 156
411483.3.peg.495.site.20, 16, 148, 164
411483.3.peg.495.site.21, 17, 145, 162
411483.3.peg.495.site.22, 3, 155, 158
411483.3.peg.495.site.23, 34, 148, 182
411483.3.peg.495.site.24, 0, 154, 154
411483.3.peg.495.site.25, 26, 155, 181
411483.3.peg.495.site.26, 2, 154, 156
411483.3.peg.495.site.27, 0, 152, 152
411483.3.peg.495.site.28, 3, 155, 158
411483.3.peg.495.site.29, 0, 154, 154
411483.3.peg.495.site.30, 0, 153, 153
411483.3.peg.495.site.31, 6, 150, 156
411483.3.peg.495.site.32, 2, 154, 156
411483.3.peg.495.site.33, 0, 154, 154
411483.3.peg.495.site.34, 9, 152, 161
411483.3.peg.495.site.35, 8, 148, 156
411483.3.peg.495.site.36, 1, 154, 155
411483.3.peg.495.site.37, 1, 154, 155
411483.3.peg.495.site.38, 7, 153, 160
411483.3.peg.495.site.39, 134, 143, 277
411483.3.peg.495.site.40, 6, 149, 155
411483.3.peg.495.site.41, 77, 138, 215
411483.3.peg.495.site.42, 10, 144, 154
411483.3.peg.495.site.43, 3, 147, 150
411483.3.peg.495.site.44, 3, 151, 154
411483.3.peg.495.site.45, 82, 145, 227
411483.3.peg.495.site.46, 1, 154, 155
411483.3.peg.495.site.47, 2, 155, 157
411483.3.peg.495.site.48, 0, 153, 153
411483.3.peg.495.site.49, 5, 151, 156
411483.3.peg.495.site.50, 0, 154, 154
411483.3.peg.495.site.51, 7, 153, 160
411483.3.peg.495.site.52, 1, 149, 150
411483.3.peg.495.site.53, 2, 149, 151
411483.3.peg.495.site.54, 1, 148, 149
411483.3.peg.495.site.55, 3, 145, 148
411483.3.peg.495.site.56, 1, 145, 146
411483.3.peg.495.site.57, 1, 146, 147
411483.3.peg.495.site.58, 14, 136, 150
411483.3.peg.495.site.59, 1, 145, 146
411483.3.peg.495.site.60, 44, 138, 182
411483.3.peg.495.site.61, 5, 145, 150
411483.3.peg.495.site.62, 5, 138, 143
411483.3.peg.495.site.63, 4, 133, 137
411483.3.peg.495.site.64, 1, 142, 143
411483.3.peg.495.site.65, 1, 138, 139
411483.3.peg.495.site.66, 3, 136, 139
411483.3.peg.495.site.67, 2, 132, 134
411483.3.peg.495.site.68, 10, 128, 138
411483.3.peg.495.site.69, 0, 134, 134
411483.3.peg.495.site.70, 4, 137, 141
411483.3.peg.495.site.71, 0, 145, 145
411483.3.peg.495.site.72, 13, 149, 162
411483.3.peg.495.site.73, 108, 143, 251
411483.3.peg.495.site.74, 1, 148, 149
411483.3.peg.495.site.75, 4, 153, 157
411483.3.peg.495.site.76, 1, 153, 154
411483.3.peg.495.site.77, 0, 153, 153
411483.3.peg.499.site.1, 23, 148, 171
411483.3.peg.499.site.2, 2, 147, 149
411483.3.peg.499.site.3, 27, 141, 168
411483.3.peg.499.site.4, 2, 137, 139
411483.3.peg.499.site.5, 16, 104, 120
411483.3.peg.499.site.6, 9, 97, 106
411483.3.peg.499.site.7, 4, 87, 91
411483.3.peg.499.site.8, 1, 84, 85
411483.3.peg.499.site.9, 45, 81, 126
411483.3.peg.499.site.10, 5, 83, 88
411483.3.peg.499.site.11, 53, 74, 127
411483.3.peg.499.site.12, 58, 89, 147
411483.3.peg.499.site.13, 3, 85, 88
411483.3.peg.499.site.14, 82, 87, 169
411483.3.peg.499.site.15, 1, 106, 107
411483.3.peg.499.site.16, 87, 97, 184
411483.3.peg.499.site.17, 4, 119, 123
411483.3.peg.499.site.18, 1, 134, 135
411483.3.peg.499.site.19, 7, 136, 143
411483.3.peg.499.site.20, 3, 118, 121
411483.3.peg.499.site.21, 0, 147, 147
411483.3.peg.499.site.22, 3, 149, 152
411483.3.peg.499.site.23, 0, 149, 149
411483.3.peg.499.site.24, 99, 143, 242
411483.3.peg.499.site.25, 4, 154, 158
411483.3.peg.499.site.26, 2, 153, 155
411483.3.peg.499.site.27, 4, 153, 157
411483.3.peg.499.site.28, 11, 152, 163
411483.3.peg.499.site.29, 14, 151, 165
411483.3.peg.499.site.30, 3, 153, 156
411483.3.peg.499.site.31, 3, 153, 156
411483.3.peg.499.site.32, 10, 152, 162
411483.3.peg.499.site.33, 22, 149, 171
411483.3.peg.499.site.34, 0, 150, 150
411483.3.peg.499.site.35, 3, 151, 154
411483.3.peg.499.site.36, 1, 149, 150
411483.3.peg.499.site.37, 2, 145, 147
411483.3.peg.499.site.38, 19, 138, 157
411483.3.peg.499.site.39, 74, 133, 207
411483.3.peg.499.site.40, 1, 142, 143
411483.3.peg.499.site.41, 6, 146, 152
411483.3.peg.499.site.42, 6, 126, 132
411483.3.peg.499.site.43, 1, 115, 116
411483.3.peg.499.site.44, 11, 111, 122
411483.3.peg.499.site.45, 2, 114, 116
411483.3.peg.499.site.46, 3, 83, 86
411483.3.peg.499.site.47, 0, 69, 69
411483.3.peg.499.site.48, 4, 64, 68
411483.3.peg.499.site.49, 1, 71, 72
411483.3.peg.499.site.50, 70, 98, 168
411483.3.peg.499.site.51, 1, 122, 123
411483.3.peg.499.site.52, 2, 121, 123
411483.3.peg.499.site.53, 1, 127, 128
411483.3.peg.499.site.54, 2, 128, 130
411483.3.peg.499.site.55, 1, 120, 121
411483.3.peg.499.site.56, 4, 119, 123
411483.3.peg.499.site.57, 0, 127, 127
411483.3.peg.499.site.58, 58, 133, 191
411483.3.peg.499.site.59, 4, 138, 142
411483.3.peg.499.site.60, 9, 147, 156
411483.3.peg.499.site.61, 3, 154, 157
411483.3.peg.499.site.62, 151, 153, 304
411483.3.peg.499.site.63, 8, 153, 161
411483.3.peg.499.site.64, 4, 152, 156
411483.3.peg.499.site.65, 4, 147, 151
411483.3.peg.499.site.66, 0, 153, 153
411483.3.peg.499.site.67, 3, 152, 155
411483.3.peg.499.site.68, 0, 151, 151
411483.3.peg.499.site.69, 0, 154, 154
411483.3.peg.499.site.70, 155, 155, 310
411483.3.peg.499.site.71, 1, 155, 156
411483.3.peg.499.site.72, 1, 150, 151
411483.3.peg.499.site.73, 6, 152, 158
411483.3.peg.499.site.74, 7, 153, 160
411483.3.peg.499.site.75, 1, 150, 151
411483.3.peg.499.site.76, 10, 142, 152
411483.3.peg.499.site.77, 1, 149, 150
411483.3.peg.499.site.78, 3, 151, 154
411483.3.peg.499.site.79, 30, 141, 171
411483.3.peg.499.site.80, 2, 146, 148
411483.3.peg.499.site.81, 10, 147, 157
411483.3.peg.499.site.82, 7, 143, 150
411483.3.peg.499.site.83, 113, 132, 245
411483.3.peg.499.site.84, 7, 131, 138
411483.3.peg.499.site.85, 1, 132, 133
411483.3.peg.499.site.86, 2, 127, 129
411483.3.peg.499.site.87, 0, 124, 124
411483.3.peg.499.site.88, 7, 120, 127
411483.3.peg.499.site.89, 1, 121, 122
411483.3.peg.499.site.90, 5, 113, 118
411483.3.peg.499.site.91, 2, 110, 112
411483.3.peg.499.site.92, 0, 99, 99
411483.3.peg.499.site.93, 1, 95, 96
411483.3.peg.499.site.94, 3, 99, 102
411483.3.peg.499.site.95, 2, 114, 116
411483.3.peg.499.site.96, 5, 92, 97
411483.3.peg.499.site.97, 4, 108, 112
411483.3.peg.499.site.98, 0, 108, 108
411483.3.peg.499.site.99, 0, 92, 92
411483.3.peg.871.site.1, 2, 154, 156
411483.3.peg.871.site.2, 0, 154, 154
411483.3.peg.871.site.3, 2, 153, 155
411483.3.peg.871.site.4, 2, 154, 156
411483.3.peg.871.site.5, 3, 147, 150
411483.3.peg.871.site.6, 1, 145, 146
411483.3.peg.871.site.7, 4, 143, 147
411483.3.peg.871.site.8, 6, 150, 156
411483.3.peg.871.site.9, 2, 147, 149
411483.3.peg.871.site.10, 3, 151, 154
411483.3.peg.871.site.11, 5, 149, 154
411483.3.peg.871.site.12, 5, 149, 154
411483.3.peg.871.site.13, 0, 146, 146
411483.3.peg.871.site.14, 1, 145, 146
411483.3.peg.871.site.15, 137, 140, 277
411483.3.peg.871.site.16, 3, 133, 136
411483.3.peg.871.site.17, 1, 138, 139
411483.3.peg.871.site.18, 3, 134, 137
411483.3.peg.871.site.19, 1, 129, 130
411483.3.peg.871.site.20, 2, 125, 127
411483.3.peg.871.site.21, 1, 117, 118
411483.3.peg.871.site.22, 1, 136, 137
411483.3.peg.871.site.23, 5, 131, 136
411483.3.peg.871.site.24, 4, 140, 144
411483.3.peg.871.site.25, 5, 143, 148
411483.3.peg.871.site.26, 8, 139, 147
411483.3.peg.871.site.27, 6, 135, 141
411483.3.peg.871.site.28, 100, 120, 220
411483.3.peg.871.site.29, 3, 129, 132
411483.3.peg.871.site.30, 4, 141, 145
411483.3.peg.871.site.31, 22, 137, 159
411483.3.peg.871.site.32, 1, 128, 129
411483.3.peg.871.site.33, 4, 135, 139
411483.3.peg.871.site.34, 13, 128, 141
411483.3.peg.871.site.35, 19, 121, 140
411483.3.peg.871.site.36, 3, 126, 129
411483.3.peg.871.site.37, 1, 125, 126
411483.3.peg.871.site.38, 8, 109, 117
411483.3.peg.871.site.39, 91, 104, 195
411483.3.peg.871.site.40, 6, 111, 117
411483.3.peg.871.site.41, 2, 110, 112
411483.3.peg.871.site.42, 1, 108, 109
411483.3.peg.871.site.43, 86, 104, 190
411483.3.peg.871.site.44, 9, 102, 111
411483.3.peg.871.site.45, 5, 108, 113
411483.3.peg.871.site.46, 34, 108, 142
411483.3.peg.871.site.47, 1, 111, 112
411483.3.peg.871.site.48, 8, 116, 124
411483.3.peg.871.site.49, 0, 125, 125
411483.3.peg.871.site.50, 12, 124, 136
411483.3.peg.871.site.51, 7, 122, 129
411483.3.peg.871.site.52, 3, 115, 118
411483.3.peg.871.site.53, 0, 117, 117
411483.3.peg.870.site.1, 1, 48, 49
411483.3.peg.870.site.2, 4, 76, 80
411483.3.peg.870.site.3, 1, 78, 79
411483.3.peg.870.site.4, 1, 90, 91
411483.3.peg.870.site.5, 67, 119, 186
411483.3.peg.870.site.6, 8, 142, 150
411483.3.peg.870.site.7, 1, 153, 154
411483.3.peg.870.site.8, 17, 151, 168
411483.3.peg.870.site.9, 9, 146, 155
411483.3.peg.870.site.10, 0, 149, 149
411483.3.peg.870.site.11, 1, 149, 150
411483.3.peg.870.site.12, 3, 149, 152
411483.3.peg.870.site.13, 0, 146, 146
411483.3.peg.870.site.14, 1, 141, 142
411483.3.peg.870.site.15, 3, 144, 147
411483.3.peg.870.site.16, 0, 145, 145
411483.3.peg.870.site.17, 1, 152, 153
411483.3.peg.870.site.18, 4, 142, 146
411483.3.peg.870.site.19, 35, 143, 178
411483.3.peg.870.site.20, 3, 146, 149
411483.3.peg.870.site.21, 4, 148, 152
411483.3.peg.870.site.22, 7, 140, 147
411483.3.peg.870.site.23, 1, 142, 143
411483.3.peg.870.site.24, 3, 144, 147
411483.3.peg.870.site.25, 5, 138, 143
411483.3.peg.870.site.26, 3, 141, 144
411483.3.peg.870.site.27, 7, 141, 148
411483.3.peg.870.site.28, 10, 138, 148
411483.3.peg.870.site.29, 12, 138, 150
411483.3.peg.870.site.30, 30, 131, 161
411483.3.peg.870.site.31, 24, 136, 160
411483.3.peg.870.site.32, 11, 133, 144
411483.3.peg.870.site.33, 15, 145, 160
411483.3.peg.870.site.34, 143, 150, 293
411483.3.peg.870.site.35, 18, 136, 154
411483.3.peg.870.site.36, 5, 146, 151
411483.3.peg.870.site.37, 1, 147, 148
411483.3.peg.870.site.38, 3, 142, 145
411483.3.peg.870.site.39, 57, 129, 186
411483.3.peg.870.site.40, 1, 139, 140
411483.3.peg.870.site.41, 6, 137, 143
411483.3.peg.870.site.42, 1, 131, 132
411483.3.peg.870.site.43, 1, 127, 128
411483.3.peg.870.site.44, 49, 121, 170
411483.3.peg.870.site.45, 2, 132, 134
411483.3.peg.870.site.46, 4, 107, 111
411483.3.peg.870.site.47, 4, 108, 112
411483.3.peg.870.site.48, 3, 105, 108
411483.3.peg.870.site.49, 1, 120, 121
411483.3.peg.870.site.50, 1, 119, 120
411483.3.peg.870.site.51, 0, 119, 119
411483.3.peg.870.site.52, 10, 128, 138
411483.3.peg.870.site.53, 4, 130, 134
411483.3.peg.870.site.54, 1, 127, 128
411483.3.peg.870.site.55, 67, 118, 185
411483.3.peg.870.site.56, 9, 118, 127
411483.3.peg.870.site.57, 6, 117, 123
411483.3.peg.870.site.58, 1, 115, 116
411483.3.peg.870.site.59, 3, 122, 125
411483.3.peg.870.site.60, 3, 120, 123
411483.3.peg.870.site.61, 2, 118, 120
411483.3.peg.870.site.62, 4, 134, 138
411483.3.peg.870.site.63, 133, 133, 266
411483.3.peg.870.site.64, 15, 137, 152
411483.3.peg.870.site.65, 23, 142, 165
411483.3.peg.870.site.66, 2, 146, 148
411483.3.peg.870.site.67, 23, 142, 165
411483.3.peg.870.site.68, 44, 142, 186
411483.3.peg.870.site.69, 1, 148, 149
411483.3.peg.870.site.70, 1, 150, 151
411483.3.peg.870.site.71, 2, 149, 151
411483.3.peg.870.site.72, 5, 147, 152
411483.3.peg.870.site.73, 0, 146, 146
411483.3.peg.870.site.74, 0, 149, 149
411483.3.peg.870.site.75, 2, 151, 153
411483.3.peg.870.site.76, 5, 152, 157
411483.3.peg.870.site.77, 1, 146, 147
411483.3.peg.870.site.78, 0, 148, 148
411483.3.peg.870.site.79, 1, 149, 150
411483.3.peg.870.site.80, 85, 137, 222
411483.3.peg.870.site.81, 1, 145, 146
411483.3.peg.870.site.82, 6, 145, 151
411483.3.peg.870.site.83, 2, 142, 144
411483.3.peg.870.site.84, 4, 147, 151
411483.3.peg.870.site.85, 1, 146, 147
411483.3.peg.870.site.86, 2, 143, 145
411483.3.peg.870.site.87, 1, 147, 148
411483.3.peg.870.site.88, 1, 149, 150
411483.3.peg.870.site.89, 2, 154, 156
411483.3.peg.870.site.90, 5, 149, 154
411483.3.peg.870.site.91, 1, 153, 154
411483.3.peg.870.site.92, 3, 148, 151
411483.3.peg.870.site.93, 1, 150, 151
411483.3.peg.870.site.94, 10, 146, 156
411483.3.peg.870.site.95, 4, 149, 153
411483.3.peg.870.site.96, 3, 149, 152
411483.3.peg.870.site.97, 14, 144, 158
411483.3.peg.870.site.98, 1, 138, 139
411483.3.peg.870.site.99, 109, 117, 226
411483.3.peg.870.site.100, 1, 131, 132
411483.3.peg.870.site.101, 1, 135, 136
411483.3.peg.870.site.102, 78, 110, 188
411483.3.peg.870.site.103, 1, 129, 130
411483.3.peg.870.site.104, 1, 127, 128
411483.3.peg.870.site.105, 4, 125, 129
411483.3.peg.870.site.106, 101, 126, 227
411483.3.peg.870.site.107, 8, 117, 125
411483.3.peg.870.site.108, 1, 116, 117
411483.3.peg.870.site.109, 4, 91, 95
411483.3.peg.870.site.110, 24, 109, 133
411483.3.peg.870.site.111, 1, 86, 87
411483.3.peg.870.site.112, 25, 75, 100
411483.3.peg.870.site.113, 78, 78, 156
411483.3.peg.870.site.114, 4, 86, 90
411483.3.peg.870.site.115, 22, 88, 110
411483.3.peg.870.site.116, 24, 91, 115
411483.3.peg.870.site.117, 3, 95, 98
411483.3.peg.870.site.118, 1, 104, 105
411483.3.peg.870.site.119, 13, 126, 139
411483.3.peg.870.site.120, 48, 120, 168
411483.3.peg.870.site.121, 2, 134, 136
411483.3.peg.870.site.122, 2, 136, 138
411483.3.peg.870.site.123, 2, 140, 142
411483.3.peg.870.site.124, 1, 147, 148
411483.3.peg.870.site.125, 12, 146, 158
411483.3.peg.870.site.126, 2, 148, 150
411483.3.peg.870.site.127, 1, 143, 144
411483.3.peg.870.site.128, 1, 144, 145
411483.3.peg.870.site.129, 5, 147, 152
411483.3.peg.870.site.130, 1, 147, 148
411483.3.peg.870.site.131, 2, 135, 137
411483.3.peg.870.site.132, 38, 124, 162
411483.3.peg.873.site.1, 12, 150, 162
411483.3.peg.873.site.2, 0, 150, 150
411483.3.peg.873.site.3, 1, 150, 151
411483.3.peg.873.site.4, 1, 146, 147
411483.3.peg.873.site.5, 1, 150, 151
411483.3.peg.873.site.6, 2, 146, 148
411483.3.peg.873.site.7, 0, 146, 146
411483.3.peg.873.site.8, 3, 150, 153
411483.3.peg.873.site.9, 9, 150, 159
411483.3.peg.873.site.10, 22, 146, 168
411483.3.peg.873.site.11, 23, 141, 164
411483.3.peg.873.site.12, 2, 148, 150
411483.3.peg.873.site.13, 7, 146, 153
411483.3.peg.873.site.14, 3, 146, 149
411483.3.peg.873.site.15, 2, 149, 151
411483.3.peg.873.site.16, 0, 150, 150
411483.3.peg.873.site.17, 0, 149, 149
411483.3.peg.873.site.18, 9, 147, 156
411483.3.peg.873.site.19, 9, 144, 153
411483.3.peg.873.site.20, 15, 145, 160
411483.3.peg.873.site.21, 1, 148, 149
411483.3.peg.873.site.22, 25, 129, 154
411483.3.peg.872.site.1, 3, 133, 136
411483.3.peg.872.site.2, 2, 130, 132
411483.3.peg.872.site.3, 6, 133, 139
411483.3.peg.872.site.4, 6, 139, 145
411483.3.peg.872.site.5, 15, 139, 154
411483.3.peg.872.site.6, 2, 137, 139
411483.3.peg.872.site.7, 140, 140, 280
411483.3.peg.872.site.8, 7, 137, 144
411483.3.peg.872.site.9, 95, 126, 221
411483.3.peg.872.site.10, 2, 135, 137
411483.3.peg.872.site.11, 2, 142, 144
411483.3.peg.872.site.12, 60, 134, 194
411483.3.peg.872.site.13, 1, 146, 147
411483.3.peg.872.site.14, 1, 144, 145
411483.3.peg.872.site.15, 143, 143, 286
411483.3.peg.872.site.16, 2, 144, 146
411483.3.peg.872.site.17, 23, 128, 151
411483.3.peg.872.site.18, 2, 127, 129
411483.3.peg.872.site.19, 0, 141, 141
411483.3.peg.872.site.20, 8, 137, 145
411483.3.peg.872.site.21, 21, 139, 160
411483.3.peg.872.site.22, 9, 144, 153
411483.3.peg.872.site.23, 2, 142, 144
411483.3.peg.872.site.24, 10, 143, 153
411483.3.peg.872.site.25, 6, 129, 135
411483.3.peg.872.site.26, 41, 128, 169
411483.3.peg.872.site.27, 1, 131, 132
411483.3.peg.872.site.28, 0, 128, 128
411483.3.peg.872.site.29, 77, 122, 199
411483.3.peg.872.site.30, 1, 142, 143
411483.3.peg.872.site.31, 14, 133, 147
411483.3.peg.872.site.32, 6, 133, 139
411483.3.peg.872.site.33, 2, 139, 141
411483.3.peg.872.site.34, 133, 138, 271
411483.3.peg.872.site.35, 0, 142, 142
411483.3.peg.872.site.36, 3, 139, 142
411483.3.peg.872.site.37, 64, 129, 193
411483.3.peg.872.site.38, 144, 144, 288
411483.3.peg.872.site.39, 91, 134, 225
411483.3.peg.872.site.40, 14, 142, 156
411483.3.peg.872.site.41, 1, 147, 148
411483.3.peg.872.site.42, 3, 143, 146
411483.3.peg.872.site.43, 1, 151, 152
411483.3.peg.872.site.44, 1, 148, 149
411483.3.peg.872.site.45, 2, 149, 151
411483.3.peg.872.site.46, 0, 150, 150
411483.3.peg.872.site.47, 2, 151, 153
411483.3.peg.872.site.48, 9, 147, 156
411483.3.peg.872.site.49, 1, 153, 154
411483.3.peg.872.site.50, 1, 150, 151
411483.3.peg.872.site.51, 1, 149, 150
411483.3.peg.872.site.52, 12, 146, 158
411483.3.peg.872.site.53, 2, 152, 154
411483.3.peg.872.site.54, 32, 144, 176
411483.3.peg.872.site.55, 1, 151, 152
411483.3.peg.872.site.56, 73, 144, 217
411483.3.peg.872.site.57, 5, 151, 156
411483.3.peg.872.site.58, 47, 142, 189
411483.3.peg.872.site.59, 3, 152, 155
411483.3.peg.872.site.60, 19, 143, 162
411483.3.peg.872.site.61, 18, 146, 164
411483.3.peg.872.site.62, 2, 148, 150
411483.3.peg.872.site.63, 1, 151, 152
411483.3.peg.872.site.64, 9, 152, 161
411483.3.peg.872.site.65, 7, 148, 155
411483.3.peg.872.site.66, 9, 137, 146
411483.3.peg.875.site.1, 1, 137, 138
411483.3.peg.875.site.2, 6, 133, 139
411483.3.peg.875.site.3, 2, 139, 141
411483.3.peg.875.site.4, 6, 144, 150
411483.3.peg.875.site.5, 6, 144, 150
411483.3.peg.875.site.6, 3, 141, 144
411483.3.peg.875.site.7, 3, 144, 147
411483.3.peg.875.site.8, 5, 142, 147
411483.3.peg.875.site.9, 1, 144, 145
411483.3.peg.875.site.10, 0, 135, 135
411483.3.peg.875.site.11, 0, 140, 140
411483.3.peg.875.site.12, 1, 134, 135
411483.3.peg.875.site.13, 5, 130, 135
411483.3.peg.875.site.14, 44, 118, 162
411483.3.peg.875.site.15, 11, 127, 138
411483.3.peg.875.site.16, 7, 127, 134
411483.3.peg.875.site.17, 7, 124, 131
411483.3.peg.875.site.18, 0, 129, 129
411483.3.peg.875.site.19, 73, 119, 192
411483.3.peg.875.site.20, 31, 125, 156
411483.3.peg.875.site.21, 1, 134, 135
411483.3.peg.875.site.22, 4, 143, 147
411483.3.peg.875.site.23, 2, 143, 145
411483.3.peg.875.site.24, 24, 137, 161
411483.3.peg.875.site.25, 4, 143, 147
411483.3.peg.875.site.26, 3, 143, 146
411483.3.peg.875.site.27, 3, 142, 145
411483.3.peg.875.site.28, 1, 146, 147
411483.3.peg.875.site.29, 8, 140, 148
411483.3.peg.875.site.30, 136, 136, 272
411483.3.peg.875.site.31, 2, 134, 136
411483.3.peg.875.site.32, 7, 135, 142
411483.3.peg.875.site.33, 2, 135, 137
411483.3.peg.875.site.34, 9, 108, 117
411483.3.peg.875.site.35, 6, 147, 153
411483.3.peg.877.site.1, 2, 147, 149
411483.3.peg.877.site.2, 1, 150, 151
411483.3.peg.877.site.3, 45, 136, 181
411483.3.peg.877.site.4, 3, 134, 137
411483.3.peg.877.site.5, 2, 133, 135
411483.3.peg.877.site.6, 1, 134, 135
411483.3.peg.877.site.7, 7, 138, 145
411483.3.peg.877.site.8, 3, 138, 141
411483.3.peg.877.site.9, 3, 139, 142
411483.3.peg.877.site.10, 35, 139, 174
411483.3.peg.877.site.11, 3, 137, 140
411483.3.peg.877.site.12, 1, 137, 138
411483.3.peg.877.site.13, 0, 135, 135
411483.3.peg.877.site.14, 1, 134, 135
411483.3.peg.877.site.15, 2, 125, 127
411483.3.peg.877.site.16, 1, 122, 123
411483.3.peg.877.site.17, 5, 131, 136
411483.3.peg.877.site.18, 5, 138, 143
411483.3.peg.877.site.19, 44, 123, 167
411483.3.peg.877.site.20, 1, 136, 137
411483.3.peg.877.site.21, 70, 126, 196
411483.3.peg.877.site.22, 3, 130, 133
411483.3.peg.877.site.23, 0, 131, 131
411483.3.peg.877.site.24, 0, 126, 126
411483.3.peg.877.site.25, 48, 114, 162
411483.3.peg.877.site.26, 1, 137, 138
411483.3.peg.877.site.27, 31, 134, 165
411483.3.peg.877.site.28, 0, 140, 140
411483.3.peg.877.site.29, 5, 141, 146
411483.3.peg.877.site.30, 1, 142, 143
411483.3.peg.877.site.31, 2, 144, 146
411483.3.peg.877.site.32, 1, 146, 147
411483.3.peg.877.site.33, 12, 140, 152
411483.3.peg.877.site.34, 0, 144, 144
411483.3.peg.877.site.35, 19, 143, 162
411483.3.peg.877.site.36, 0, 145, 145
411483.3.peg.877.site.37, 1, 141, 142
411483.3.peg.876.site.1, 0, 152, 152
411483.3.peg.876.site.2, 2, 153, 155
411483.3.peg.876.site.3, 2, 155, 157
411483.3.peg.876.site.4, 152, 152, 304
411483.3.peg.876.site.5, 4, 153, 157
411483.3.peg.876.site.6, 1, 153, 154
411483.3.peg.876.site.7, 0, 152, 152
411483.3.peg.876.site.8, 48, 143, 191
411483.3.peg.876.site.9, 0, 149, 149
411483.3.peg.876.site.10, 1, 149, 150
411483.3.peg.876.site.11, 3, 148, 151
411483.3.peg.876.site.12, 4, 146, 150
411483.3.peg.876.site.13, 1, 150, 151
411483.3.peg.876.site.14, 3, 151, 154
411483.3.peg.876.site.15, 9, 153, 162
411483.3.peg.876.site.16, 3, 155, 158
411483.3.peg.876.site.17, 1, 154, 155
411483.3.peg.876.site.18, 0, 152, 152
411483.3.peg.876.site.19, 31, 149, 180
411483.3.peg.876.site.20, 4, 146, 150
411483.3.peg.876.site.21, 3, 149, 152
411483.3.peg.876.site.22, 62, 138, 200
411483.3.peg.876.site.23, 9, 147, 156
411483.3.peg.876.site.24, 128, 145, 273
411483.3.peg.876.site.25, 2, 148, 150
411483.3.peg.876.site.26, 0, 150, 150
411483.3.peg.876.site.27, 62, 143, 205
411483.3.peg.876.site.28, 0, 150, 150
411483.3.peg.876.site.29, 4, 147, 151
411483.3.peg.876.site.30, 4, 142, 146
411483.3.peg.876.site.31, 1, 130, 131
411483.3.peg.876.site.32, 99, 116, 215
411483.3.peg.876.site.33, 74, 97, 171
411483.3.peg.876.site.34, 0, 111, 111
411483.3.peg.876.site.35, 0, 104, 104
411483.3.peg.876.site.36, 3, 116, 119
411483.3.peg.876.site.37, 1, 121, 122
411483.3.peg.876.site.38, 2, 132, 134
411483.3.peg.876.site.39, 1, 132, 133
411483.3.peg.876.site.40, 0, 149, 149
411483.3.peg.876.site.41, 109, 145, 254
411483.3.peg.879.site.1, 3, 151, 154
411483.3.peg.879.site.2, 3, 149, 152
411483.3.peg.879.site.3, 1, 154, 155
411483.3.peg.879.site.4, 6, 154, 160
411483.3.peg.879.site.5, 2, 153, 155
411483.3.peg.879.site.6, 0, 154, 154
411483.3.peg.879.site.7, 1, 151, 152
411483.3.peg.879.site.8, 3, 155, 158
411483.3.peg.879.site.9, 1, 152, 153
411483.3.peg.879.site.10, 16, 150, 166
411483.3.peg.879.site.11, 2, 155, 157
411483.3.peg.879.site.12, 2, 155, 157
411483.3.peg.879.site.13, 2, 154, 156
411483.3.peg.879.site.14, 106, 147, 253
411483.3.peg.879.site.15, 2, 155, 157
411483.3.peg.879.site.16, 1, 154, 155
411483.3.peg.879.site.17, 2, 150, 152
411483.3.peg.879.site.18, 1, 155, 156
411483.3.peg.879.site.19, 6, 155, 161
411483.3.peg.879.site.20, 138, 151, 289
411483.3.peg.879.site.21, 5, 152, 157
411483.3.peg.879.site.22, 11, 153, 164
411483.3.peg.879.site.23, 2, 151, 153
411483.3.peg.879.site.24, 5, 149, 154
411483.3.peg.879.site.25, 70, 142, 212
411483.3.peg.879.site.26, 31, 149, 180
411483.3.peg.879.site.27, 3, 148, 151
411483.3.peg.879.site.28, 3, 153, 156
411483.3.peg.879.site.29, 4, 153, 157
411483.3.peg.879.site.30, 3, 152, 155
411483.3.peg.879.site.31, 12, 149, 161
411483.3.peg.879.site.32, 0, 154, 154
411483.3.peg.879.site.33, 24, 149, 173
411483.3.peg.879.site.34, 1, 153, 154
411483.3.peg.879.site.35, 4, 155, 159
411483.3.peg.879.site.36, 132, 144, 276
411483.3.peg.879.site.37, 3, 145, 148
411483.3.peg.879.site.38, 11, 146, 157
411483.3.peg.879.site.39, 6, 144, 150
411483.3.peg.879.site.40, 2, 142, 144
411483.3.peg.879.site.41, 17, 137, 154
411483.3.peg.879.site.42, 4, 145, 149
411483.3.peg.879.site.43, 2, 140, 142
411483.3.peg.879.site.44, 6, 142, 148
411483.3.peg.879.site.45, 63, 131, 194
411483.3.peg.879.site.46, 5, 144, 149
411483.3.peg.879.site.47, 12, 142, 154
411483.3.peg.879.site.48, 0, 145, 145
411483.3.peg.879.site.49, 30, 131, 161
411483.3.peg.879.site.50, 15, 132, 147
411483.3.peg.879.site.51, 101, 135, 236
411483.3.peg.879.site.52, 3, 140, 143
411483.3.peg.879.site.53, 8, 143, 151
411483.3.peg.879.site.54, 0, 143, 143
411483.3.peg.879.site.55, 3, 144, 147
411483.3.peg.879.site.56, 0, 145, 145
411483.3.peg.879.site.57, 2, 146, 148
411483.3.peg.879.site.58, 2, 146, 148
411483.3.peg.879.site.59, 4, 141, 145
411483.3.peg.879.site.60, 3, 146, 149
411483.3.peg.879.site.61, 2, 145, 147
411483.3.peg.879.site.62, 3, 146, 149
411483.3.peg.879.site.63, 7, 144, 151
411483.3.peg.879.site.64, 2, 145, 147
411483.3.peg.879.site.65, 2, 144, 146
411483.3.peg.879.site.66, 15, 143, 158
411483.3.peg.879.site.67, 4, 139, 143
411483.3.peg.879.site.68, 5, 141, 146
411483.3.peg.879.site.69, 0, 140, 140
411483.3.peg.879.site.70, 0, 141, 141
411483.3.peg.879.site.71, 3, 144, 147
411483.3.peg.879.site.72, 4, 137, 141
411483.3.peg.879.site.73, 5, 139, 144
411483.3.peg.879.site.74, 6, 139, 145
411483.3.peg.879.site.75, 6, 139, 145
411483.3.peg.879.site.76, 7, 143, 150
411483.3.peg.879.site.77, 4, 141, 145
411483.3.peg.879.site.78, 1, 146, 147
411483.3.peg.879.site.79, 88, 139, 227
411483.3.peg.879.site.80, 7, 143, 150
411483.3.peg.879.site.81, 2, 145, 147
411483.3.peg.879.site.82, 7, 144, 151
411483.3.peg.879.site.83, 7, 148, 155
411483.3.peg.879.site.84, 3, 149, 152
411483.3.peg.879.site.85, 1, 149, 150
411483.3.peg.879.site.86, 2, 148, 150
411483.3.peg.879.site.87, 3, 149, 152
411483.3.peg.879.site.88, 4, 148, 152
411483.3.peg.879.site.89, 1, 149, 150
411483.3.peg.361.site.1, 6, 152, 158
411483.3.peg.361.site.2, 0, 153, 153
411483.3.peg.361.site.3, 3, 155, 158
411483.3.peg.361.site.4, 7, 153, 160
411483.3.peg.361.site.5, 5, 150, 155
411483.3.peg.361.site.6, 5, 154, 159
411483.3.peg.361.site.7, 15, 155, 170
411483.3.peg.361.site.8, 1, 155, 156
411483.3.peg.361.site.9, 6, 153, 159
411483.3.peg.361.site.10, 0, 155, 155
411483.3.peg.361.site.11, 10, 155, 165
411483.3.peg.361.site.12, 20, 149, 169
411483.3.peg.361.site.13, 14, 153, 167
411483.3.peg.361.site.14, 1, 155, 156
411483.3.peg.361.site.15, 5, 154, 159
411483.3.peg.361.site.16, 106, 146, 252
411483.3.peg.361.site.17, 76, 141, 217
411483.3.peg.361.site.18, 2, 151, 153
411483.3.peg.361.site.19, 1, 147, 148
411483.3.peg.361.site.20, 9, 151, 160
411483.3.peg.361.site.21, 4, 150, 154
411483.3.peg.361.site.22, 71, 143, 214
411483.3.peg.361.site.23, 3, 145, 148
411483.3.peg.361.site.24, 4, 149, 153
411483.3.peg.361.site.25, 42, 138, 180
411483.3.peg.361.site.26, 98, 143, 241
411483.3.peg.361.site.27, 2, 145, 147
411483.3.peg.361.site.28, 15, 146, 161
411483.3.peg.361.site.29, 75, 137, 212
411483.3.peg.361.site.30, 3, 148, 151
411483.3.peg.361.site.31, 51, 132, 183
411483.3.peg.361.site.32, 1, 148, 149
411483.3.peg.361.site.33, 132, 143, 275
411483.3.peg.361.site.34, 3, 151, 154
411483.3.peg.361.site.35, 19, 149, 168
411483.3.peg.361.site.36, 8, 150, 158
411483.3.peg.361.site.37, 79, 141, 220
411483.3.peg.361.site.38, 128, 146, 274
411483.3.peg.361.site.39, 2, 155, 157
411483.3.peg.361.site.40, 1, 153, 154
411483.3.peg.361.site.41, 6, 154, 160
411483.3.peg.361.site.42, 45, 146, 191
411483.3.peg.361.site.43, 2, 154, 156
411483.3.peg.361.site.44, 2, 155, 157
411483.3.peg.361.site.45, 7, 154, 161
411483.3.peg.361.site.46, 20, 148, 168
411483.3.peg.361.site.47, 50, 138, 188
411483.3.peg.361.site.48, 1, 151, 152
411483.3.peg.361.site.49, 87, 142, 229
411483.3.peg.361.site.50, 5, 146, 151
411483.3.peg.361.site.51, 0, 149, 149
411483.3.peg.361.site.52, 42, 141, 183
411483.3.peg.361.site.53, 25, 142, 167
411483.3.peg.361.site.54, 15, 151, 166
411483.3.peg.361.site.55, 11, 153, 164
411483.3.peg.361.site.56, 3, 155, 158
411483.3.peg.361.site.57, 2, 153, 155
411483.3.peg.361.site.58, 11, 153, 164
411483.3.peg.361.site.59, 94, 148, 242
411483.3.peg.361.site.60, 5, 152, 157
411483.3.peg.361.site.61, 5, 153, 158
411483.3.peg.361.site.62, 3, 153, 156
411483.3.peg.361.site.63, 7, 149, 156
411483.3.peg.361.site.64, 0, 150, 150
411483.3.peg.360.site.1, 147, 155, 302
411483.3.peg.360.site.2, 3, 155, 158
411483.3.peg.360.site.3, 11, 151, 162
411483.3.peg.360.site.4, 4, 152, 156
411483.3.peg.360.site.5, 13, 152, 165
411483.3.peg.360.site.6, 97, 144, 241
411483.3.peg.360.site.7, 23, 147, 170
411483.3.peg.360.site.8, 0, 155, 155
411483.3.peg.360.site.9, 3, 155, 158
411483.3.peg.360.site.10, 5, 149, 154
411483.3.peg.360.site.11, 1, 154, 155
411483.3.peg.360.site.12, 2, 155, 157
411483.3.peg.360.site.13, 2, 154, 156
411483.3.peg.360.site.14, 0, 155, 155
411483.3.peg.360.site.15, 2, 153, 155
411483.3.peg.360.site.16, 12, 154, 166
411483.3.peg.360.site.17, 8, 153, 161
411483.3.peg.360.site.18, 12, 152, 164
411483.3.peg.360.site.19, 23, 151, 174
411483.3.peg.360.site.20, 7, 151, 158
411483.3.peg.360.site.21, 7, 151, 158
411483.3.peg.360.site.22, 3, 152, 155
411483.3.peg.360.site.23, 1, 155, 156
411483.3.peg.360.site.24, 9, 153, 162
411483.3.peg.360.site.25, 11, 148, 159
411483.3.peg.360.site.26, 1, 138, 139
411483.3.peg.360.site.27, 77, 139, 216
411483.3.peg.360.site.28, 1, 154, 155
411483.3.peg.360.site.29, 1, 147, 148
411483.3.peg.360.site.30, 9, 151, 160
411483.3.peg.360.site.31, 3, 155, 158
411483.3.peg.360.site.32, 5, 153, 158
411483.3.peg.360.site.33, 8, 155, 163
411483.3.peg.360.site.34, 1, 153, 154
411483.3.peg.360.site.35, 0, 151, 151
411483.3.peg.360.site.36, 5, 149, 154
411483.3.peg.360.site.37, 2, 152, 154
411483.3.peg.360.site.38, 0, 151, 151
411483.3.peg.360.site.39, 8, 150, 158
411483.3.peg.360.site.40, 1, 152, 153
411483.3.peg.360.site.41, 0, 152, 152
411483.3.peg.360.site.42, 11, 146, 157
411483.3.peg.360.site.43, 1, 149, 150
411483.3.peg.360.site.44, 9, 143, 152
411483.3.peg.360.site.45, 1, 132, 133
411483.3.peg.360.site.46, 140, 145, 285
411483.3.peg.360.site.47, 6, 144, 150
411483.3.peg.360.site.48, 13, 140, 153
411483.3.peg.360.site.49, 1, 144, 145
411483.3.peg.360.site.50, 1, 151, 152
411483.3.peg.360.site.51, 12, 147, 159
411483.3.peg.360.site.52, 1, 150, 151
411483.3.peg.360.site.53, 1, 154, 155
411483.3.peg.360.site.54, 12, 151, 163
411483.3.peg.360.site.55, 5, 150, 155
411483.3.peg.360.site.56, 5, 148, 153
411483.3.peg.360.site.57, 5, 151, 156
411483.3.peg.360.site.58, 5, 152, 157
411483.3.peg.360.site.59, 3, 155, 158
411483.3.peg.360.site.60, 13, 149, 162
411483.3.peg.360.site.61, 1, 153, 154
411483.3.peg.360.site.62, 95, 140, 235
411483.3.peg.360.site.63, 1, 153, 154
411483.3.peg.360.site.64, 1, 155, 156
411483.3.peg.360.site.65, 3, 155, 158
411483.3.peg.360.site.66, 2, 155, 157
411483.3.peg.360.site.67, 2, 155, 157
411483.3.peg.360.site.68, 7, 147, 154
411483.3.peg.360.site.69, 4, 154, 158
411483.3.peg.360.site.70, 1, 155, 156
411483.3.peg.360.site.71, 6, 148, 154
411483.3.peg.360.site.72, 2, 153, 155
411483.3.peg.360.site.73, 2, 154, 156
411483.3.peg.360.site.74, 6, 155, 161
411483.3.peg.360.site.75, 16, 151, 167
411483.3.peg.360.site.76, 12, 154, 166
411483.3.peg.360.site.77, 1, 154, 155
411483.3.peg.360.site.78, 4, 153, 157
411483.3.peg.360.site.79, 1, 154, 155
411483.3.peg.1516.site.1, 4, 146, 150
411483.3.peg.1516.site.2, 0, 149, 149
411483.3.peg.1516.site.3, 2, 152, 154
411483.3.peg.1516.site.4, 13, 152, 165
411483.3.peg.1517.site.1, 0, 154, 154
411483.3.peg.1517.site.2, 3, 151, 154
411483.3.peg.1517.site.3, 0, 153, 153
411483.3.peg.1517.site.4, 0, 153, 153
411483.3.peg.1517.site.5, 20, 127, 147
411483.3.peg.1517.site.6, 0, 151, 151
411483.3.peg.1517.site.7, 1, 141, 142
411483.3.peg.1517.site.8, 0, 151, 151
411483.3.peg.1517.site.9, 8, 145, 153
411483.3.peg.1517.site.10, 0, 145, 145
411483.3.peg.1517.site.11, 0, 144, 144
411483.3.peg.1517.site.12, 13, 133, 146
411483.3.peg.1517.site.13, 0, 135, 135
411483.3.peg.1517.site.14, 5, 136, 141
411483.3.peg.1517.site.15, 7, 128, 135
411483.3.peg.1517.site.16, 2, 129, 131
411483.3.peg.1517.site.17, 12, 126, 138
411483.3.peg.1517.site.18, 1, 118, 119
411483.3.peg.1517.site.19, 39, 129, 168
411483.3.peg.1517.site.20, 1, 140, 141
411483.3.peg.1517.site.21, 1, 142, 143
411483.3.peg.1517.site.22, 2, 141, 143
411483.3.peg.1517.site.23, 1, 141, 142
411483.3.peg.1517.site.24, 0, 136, 136
411483.3.peg.1517.site.25, 25, 129, 154
411483.3.peg.1517.site.26, 1, 132, 133
411483.3.peg.1517.site.27, 15, 148, 163
411483.3.peg.1517.site.28, 13, 144, 157
411483.3.peg.1517.site.29, 47, 125, 172
411483.3.peg.1517.site.30, 5, 128, 133
411483.3.peg.1517.site.31, 100, 121, 221
411483.3.peg.1517.site.32, 1, 133, 134
411483.3.peg.1517.site.33, 72, 121, 193
411483.3.peg.1517.site.34, 50, 116, 166
411483.3.peg.1517.site.35, 7, 129, 136
411483.3.peg.1517.site.36, 5, 130, 135
411483.3.peg.1517.site.37, 12, 137, 149
411483.3.peg.1517.site.38, 84, 136, 220
411483.3.peg.1517.site.39, 5, 143, 148
411483.3.peg.1517.site.40, 14, 141, 155
411483.3.peg.1517.site.41, 103, 139, 242
411483.3.peg.1517.site.42, 1, 145, 146
411483.3.peg.1517.site.43, 1, 149, 150
411483.3.peg.1517.site.44, 0, 151, 151
411483.3.peg.1517.site.45, 0, 151, 151
411483.3.peg.1517.site.46, 0, 151, 151
411483.3.peg.1517.site.47, 7, 143, 150
411483.3.peg.1517.site.48, 0, 148, 148
411483.3.peg.1517.site.49, 5, 147, 152
411483.3.peg.1517.site.50, 1, 147, 148
411483.3.peg.1517.site.51, 2, 145, 147
411483.3.peg.1517.site.52, 2, 134, 136
411483.3.peg.1517.site.53, 0, 129, 129
411483.3.peg.1517.site.54, 0, 128, 128
411483.3.peg.1517.site.55, 0, 124, 124
411483.3.peg.1517.site.56, 94, 115, 209
411483.3.peg.1517.site.57, 6, 122, 128
411483.3.peg.1517.site.58, 8, 138, 146
411483.3.peg.1517.site.59, 4, 139, 143
411483.3.peg.1517.site.60, 0, 147, 147
411483.3.peg.1517.site.61, 5, 145, 150
411483.3.peg.1517.site.62, 0, 152, 152
411483.3.peg.1517.site.63, 1, 152, 153
411483.3.peg.1517.site.64, 1, 153, 154
411483.3.peg.1517.site.65, 29, 150, 179
411483.3.peg.1511.site.1, 0, 154, 154
411483.3.peg.1511.site.2, 1, 154, 155
411483.3.peg.1511.site.3, 1, 153, 154
411483.3.peg.1511.site.4, 2, 154, 156
411483.3.peg.1511.site.5, 6, 153, 159
411483.3.peg.1511.site.6, 2, 150, 152
411483.3.peg.1511.site.7, 4, 149, 153
411483.3.peg.1511.site.8, 3, 149, 152
411483.3.peg.1511.site.9, 1, 153, 154
411483.3.peg.1511.site.10, 29, 147, 176
411483.3.peg.1511.site.11, 0, 150, 150
411483.3.peg.1511.site.12, 1, 151, 152
411483.3.peg.1511.site.13, 8, 149, 157
411483.3.peg.1511.site.14, 4, 149, 153
411483.3.peg.1511.site.15, 1, 150, 151
411483.3.peg.1511.site.16, 2, 148, 150
411483.3.peg.1511.site.17, 2, 140, 142
411483.3.peg.1511.site.18, 4, 134, 138
411483.3.peg.1511.site.19, 0, 143, 143
411483.3.peg.1511.site.20, 8, 145, 153
411483.3.peg.1511.site.21, 8, 148, 156
411483.3.peg.1511.site.22, 1, 144, 145
411483.3.peg.1511.site.23, 8, 140, 148
411483.3.peg.1511.site.24, 0, 135, 135
411483.3.peg.1511.site.25, 2, 131, 133
411483.3.peg.1511.site.26, 2, 130, 132
411483.3.peg.1511.site.27, 2, 128, 130
411483.3.peg.1511.site.28, 2, 122, 124
411483.3.peg.1511.site.29, 0, 116, 116
411483.3.peg.1511.site.30, 4, 122, 126
411483.3.peg.1511.site.31, 3, 124, 127
411483.3.peg.1511.site.32, 6, 136, 142
411483.3.peg.1511.site.33, 1, 134, 135
411483.3.peg.1511.site.34, 17, 128, 145
411483.3.peg.1511.site.35, 1, 141, 142
411483.3.peg.1511.site.36, 8, 142, 150
411483.3.peg.1511.site.37, 0, 148, 148
411483.3.peg.1511.site.38, 137, 137, 274
411483.3.peg.1511.site.39, 40, 133, 173
411483.3.peg.1511.site.40, 6, 148, 154
411483.3.peg.1511.site.41, 5, 152, 157
411483.3.peg.1511.site.42, 1, 145, 146
411483.3.peg.1511.site.43, 4, 151, 155
411483.3.peg.1511.site.44, 2, 147, 149
411483.3.peg.1511.site.45, 4, 151, 155
411483.3.peg.1511.site.46, 0, 144, 144
411483.3.peg.1511.site.47, 7, 133, 140
411483.3.peg.1511.site.48, 1, 145, 146
411483.3.peg.1511.site.49, 7, 144, 151
411483.3.peg.1511.site.50, 15, 140, 155
411483.3.peg.1511.site.51, 4, 149, 153
411483.3.peg.1511.site.52, 1, 151, 152
411483.3.peg.1511.site.53, 3, 152, 155
411483.3.peg.1511.site.54, 0, 152, 152
411483.3.peg.1511.site.55, 8, 150, 158
411483.3.peg.1511.site.56, 17, 151, 168
411483.3.peg.1511.site.57, 1, 147, 148
411483.3.peg.1511.site.58, 14, 143, 157
411483.3.peg.1511.site.59, 6, 144, 150
411483.3.peg.1511.site.60, 1, 140, 141
411483.3.peg.1511.site.61, 7, 136, 143
411483.3.peg.1511.site.62, 0, 130, 130
411483.3.peg.1511.site.63, 2, 135, 137
411483.3.peg.1511.site.64, 0, 123, 123
411483.3.peg.1511.site.65, 5, 127, 132
411483.3.peg.1511.site.66, 47, 115, 162
411483.3.peg.1511.site.67, 5, 135, 140
411483.3.peg.1511.site.68, 10, 131, 141
411483.3.peg.1511.site.69, 7, 139, 146
411483.3.peg.1511.site.70, 1, 144, 145
411483.3.peg.1511.site.71, 142, 145, 287
411483.3.peg.1511.site.72, 2, 146, 148
411483.3.peg.1511.site.73, 8, 143, 151
411483.3.peg.1511.site.74, 0, 145, 145
411483.3.peg.1511.site.75, 3, 146, 149
411483.3.peg.1511.site.76, 7, 146, 153
411483.3.peg.1511.site.77, 144, 146, 290
411483.3.peg.1511.site.78, 9, 144, 153
411483.3.peg.1511.site.79, 1, 147, 148
411483.3.peg.1511.site.80, 5, 147, 152
411483.3.peg.1511.site.81, 2, 149, 151
411483.3.peg.1511.site.82, 0, 141, 141
411483.3.peg.1511.site.83, 31, 138, 169
411483.3.peg.1511.site.84, 5, 146, 151
411483.3.peg.1511.site.85, 0, 147, 147
411483.3.peg.1511.site.86, 1, 148, 149
411483.3.peg.1511.site.87, 1, 145, 146
411483.3.peg.1511.site.88, 1, 136, 137
411483.3.peg.1511.site.89, 4, 135, 139
411483.3.peg.1511.site.90, 3, 138, 141
411483.3.peg.1511.site.91, 14, 142, 156
411483.3.peg.1511.site.92, 29, 148, 177
411483.3.peg.1511.site.93, 0, 151, 151
411483.3.peg.703.site.1, 5, 151, 156
411483.3.peg.703.site.2, 3, 152, 155
411483.3.peg.703.site.3, 6, 151, 157
411483.3.peg.703.site.4, 3, 152, 155
411483.3.peg.703.site.5, 4, 152, 156
411483.3.peg.703.site.6, 3, 151, 154
411483.3.peg.703.site.7, 4, 151, 155
411483.3.peg.703.site.8, 4, 152, 156
411483.3.peg.703.site.9, 5, 151, 156
411483.3.peg.703.site.10, 59, 146, 205
411483.3.peg.703.site.11, 4, 148, 152
411483.3.peg.703.site.12, 0, 148, 148
411483.3.peg.703.site.13, 1, 149, 150
411483.3.peg.703.site.14, 8, 149, 157
411483.3.peg.703.site.15, 18, 146, 164
411483.3.peg.703.site.16, 30, 147, 177
411483.3.peg.703.site.17, 9, 149, 158
411483.3.peg.703.site.18, 0, 150, 150
411483.3.peg.703.site.19, 116, 138, 254
411483.3.peg.703.site.20, 5, 151, 156
411483.3.peg.703.site.21, 0, 151, 151
411483.3.peg.703.site.22, 1, 153, 154
411483.3.peg.702.site.1, 13, 98, 111
411483.3.peg.702.site.2, 0, 119, 119
411483.3.peg.702.site.3, 1, 131, 132
411483.3.peg.702.site.4, 1, 118, 119
411483.3.peg.702.site.5, 2, 138, 140
411483.3.peg.702.site.6, 3, 137, 140
411483.3.peg.702.site.7, 25, 136, 161
411483.3.peg.702.site.8, 1, 143, 144
411483.3.peg.702.site.9, 0, 143, 143
411483.3.peg.702.site.10, 4, 144, 148
411483.3.peg.702.site.11, 3, 142, 145
411483.3.peg.702.site.12, 34, 140, 174
411483.3.peg.702.site.13, 14, 141, 155
411483.3.peg.702.site.14, 3, 145, 148
411483.3.peg.702.site.15, 18, 144, 162
411483.3.peg.702.site.16, 8, 145, 153
411483.3.peg.702.site.17, 7, 151, 158
411483.3.peg.702.site.18, 11, 144, 155
411483.3.peg.702.site.19, 0, 151, 151
411483.3.peg.702.site.20, 73, 145, 218
411483.3.peg.702.site.21, 9, 153, 162
411483.3.peg.702.site.22, 2, 153, 155
411483.3.peg.702.site.23, 18, 151, 169
411483.3.peg.702.site.24, 1, 155, 156
411483.3.peg.702.site.25, 1, 152, 153
411483.3.peg.702.site.26, 15, 152, 167
411483.3.peg.702.site.27, 4, 152, 156
411483.3.peg.702.site.28, 13, 147, 160
411483.3.peg.702.site.29, 2, 150, 152
411483.3.peg.702.site.30, 1, 148, 149
411483.3.peg.702.site.31, 1, 149, 150
411483.3.peg.702.site.32, 79, 141, 220
411483.3.peg.702.site.33, 6, 145, 151
411483.3.peg.702.site.34, 2, 136, 138
411483.3.peg.702.site.35, 7, 143, 150
411483.3.peg.702.site.36, 32, 132, 164
411483.3.peg.702.site.37, 2, 146, 148
411483.3.peg.702.site.38, 106, 135, 241
411483.3.peg.702.site.39, 4, 136, 140
411483.3.peg.702.site.40, 0, 137, 137
411483.3.peg.702.site.41, 6, 141, 147
411483.3.peg.702.site.42, 75, 128, 203
411483.3.peg.702.site.43, 14, 138, 152
411483.3.peg.702.site.44, 1, 146, 147
411483.3.peg.702.site.45, 1, 148, 149
411483.3.peg.702.site.46, 8, 146, 154
411483.3.peg.702.site.47, 10, 143, 153
411483.3.peg.702.site.48, 11, 147, 158
411483.3.peg.702.site.49, 7, 147, 154
411483.3.peg.702.site.50, 55, 139, 194
411483.3.peg.702.site.51, 8, 144, 152
411483.3.peg.702.site.52, 1, 148, 149
411483.3.peg.702.site.53, 0, 148, 148
411483.3.peg.702.site.54, 4, 148, 152
411483.3.peg.702.site.55, 2, 148, 150
411483.3.peg.702.site.56, 2, 146, 148
411483.3.peg.702.site.57, 3, 144, 147
411483.3.peg.702.site.58, 2, 147, 149
411483.3.peg.702.site.59, 9, 145, 154
411483.3.peg.702.site.60, 125, 140, 265
411483.3.peg.702.site.61, 2, 150, 152
411483.3.peg.702.site.62, 19, 151, 170
411483.3.peg.702.site.63, 0, 152, 152
411483.3.peg.702.site.64, 6, 152, 158
411483.3.peg.702.site.65, 7, 151, 158
411483.3.peg.702.site.66, 7, 154, 161
411483.3.peg.702.site.67, 44, 144, 188
411483.3.peg.702.site.68, 1, 153, 154
411483.3.peg.702.site.69, 2, 152, 154
411483.3.peg.702.site.70, 16, 149, 165
411483.3.peg.702.site.71, 15, 145, 160
411483.3.peg.702.site.72, 8, 146, 154
411483.3.peg.700.site.1, 60, 141, 201
411483.3.peg.700.site.2, 3, 150, 153
411483.3.peg.700.site.3, 4, 153, 157
411483.3.peg.700.site.4, 2, 148, 150
411483.3.peg.700.site.5, 1, 144, 145
411483.3.peg.700.site.6, 0, 151, 151
411483.3.peg.700.site.7, 1, 146, 147
411483.3.peg.700.site.8, 123, 142, 265
411483.3.peg.700.site.9, 8, 148, 156
411483.3.peg.700.site.10, 1, 151, 152
411483.3.peg.700.site.11, 3, 149, 152
411483.3.peg.700.site.12, 14, 149, 163
411483.3.peg.700.site.13, 1, 151, 152
411483.3.peg.700.site.14, 130, 147, 277
411483.3.peg.700.site.15, 8, 145, 153
411483.3.peg.700.site.16, 3, 151, 154
411483.3.peg.700.site.17, 6, 153, 159
411483.3.peg.700.site.18, 29, 138, 167
411483.3.peg.700.site.19, 6, 151, 157
411483.3.peg.700.site.20, 0, 148, 148
411483.3.peg.700.site.21, 0, 150, 150
411483.3.peg.700.site.22, 9, 146, 155
411483.3.peg.700.site.23, 7, 151, 158
411483.3.peg.700.site.24, 1, 155, 156
411483.3.peg.700.site.25, 4, 155, 159
411483.3.peg.700.site.26, 1, 151, 152
411483.3.peg.700.site.27, 2, 152, 154
411483.3.peg.700.site.28, 14, 147, 161
411483.3.peg.700.site.29, 1, 148, 149
411483.3.peg.700.site.30, 20, 138, 158
411483.3.peg.700.site.31, 1, 145, 146
411483.3.peg.700.site.32, 2, 146, 148
411483.3.peg.700.site.33, 62, 136, 198
411483.3.peg.700.site.34, 2, 145, 147
411483.3.peg.700.site.35, 2, 139, 141
411483.3.peg.700.site.36, 0, 142, 142
411483.3.peg.700.site.37, 0, 138, 138
411483.3.peg.700.site.38, 1, 140, 141
411483.3.peg.700.site.39, 7, 144, 151
411483.3.peg.700.site.40, 2, 142, 144
411483.3.peg.700.site.41, 0, 143, 143
411483.3.peg.700.site.42, 2, 141, 143
411483.3.peg.700.site.43, 89, 126, 215
411483.3.peg.700.site.44, 10, 138, 148
411483.3.peg.700.site.45, 3, 149, 152
411483.3.peg.700.site.46, 2, 148, 150
411483.3.peg.700.site.47, 2, 149, 151
411483.3.peg.700.site.48, 28, 144, 172
411483.3.peg.707.site.1, 1, 155, 156
411483.3.peg.707.site.2, 0, 153, 153
411483.3.peg.706.site.1, 147, 149, 296
411483.3.peg.706.site.2, 2, 152, 154
411483.3.peg.706.site.3, 2, 154, 156
411483.3.peg.706.site.4, 1, 154, 155
411483.3.peg.706.site.5, 16, 150, 166
411483.3.peg.706.site.6, 15, 149, 164
411483.3.peg.706.site.7, 2, 149, 151
411483.3.peg.706.site.8, 3, 142, 145
411483.3.peg.706.site.9, 5, 145, 150
411483.3.peg.706.site.10, 140, 142, 282
411483.3.peg.706.site.11, 4, 145, 149
411483.3.peg.706.site.12, 6, 140, 146
411483.3.peg.706.site.13, 10, 142, 152
411483.3.peg.706.site.14, 3, 139, 142
411483.3.peg.706.site.15, 0, 139, 139
411483.3.peg.706.site.16, 3, 127, 130
411483.3.peg.706.site.17, 75, 131, 206
411483.3.peg.706.site.18, 69, 121, 190
411483.3.peg.706.site.19, 121, 140, 261
411483.3.peg.706.site.20, 3, 147, 150
411483.3.peg.706.site.21, 52, 140, 192
411483.3.peg.706.site.22, 1, 151, 152
411483.3.peg.706.site.23, 7, 150, 157
411483.3.peg.706.site.24, 1, 145, 146
411483.3.peg.706.site.25, 8, 151, 159
411483.3.peg.706.site.26, 15, 148, 163
411483.3.peg.706.site.27, 1, 152, 153
411483.3.peg.706.site.28, 12, 150, 162
411483.3.peg.706.site.29, 1, 150, 151
411483.3.peg.706.site.30, 1, 150, 151
411483.3.peg.706.site.31, 18, 148, 166
411483.3.peg.706.site.32, 19, 149, 168
411483.3.peg.706.site.33, 4, 146, 150
411483.3.peg.706.site.34, 7, 141, 148
411483.3.peg.706.site.35, 0, 144, 144
411483.3.peg.706.site.36, 4, 141, 145
411483.3.peg.706.site.37, 2, 142, 144
411483.3.peg.706.site.38, 28, 140, 168
411483.3.peg.706.site.39, 1, 136, 137
411483.3.peg.706.site.40, 5, 152, 157
411483.3.peg.706.site.41, 13, 147, 160
411483.3.peg.706.site.42, 18, 155, 173
411483.3.peg.706.site.43, 87, 141, 228
411483.3.peg.706.site.44, 2, 151, 153
411483.3.peg.706.site.45, 4, 149, 153
411483.3.peg.706.site.46, 8, 144, 152
411483.3.peg.706.site.47, 7, 147, 154
411483.3.peg.706.site.48, 1, 143, 144
411483.3.peg.706.site.49, 2, 135, 137
411483.3.peg.706.site.50, 1, 143, 144
411483.3.peg.706.site.51, 3, 143, 146
411483.3.peg.706.site.52, 0, 143, 143
411483.3.peg.706.site.53, 22, 138, 160
411483.3.peg.706.site.54, 3, 141, 144
411483.3.peg.706.site.55, 6, 145, 151
411483.3.peg.706.site.56, 1, 145, 146
411483.3.peg.706.site.57, 6, 138, 144
411483.3.peg.706.site.58, 5, 139, 144
411483.3.peg.706.site.59, 0, 145, 145
411483.3.peg.706.site.60, 2, 145, 147
411483.3.peg.706.site.61, 20, 139, 159
411483.3.peg.706.site.62, 30, 144, 174
411483.3.peg.706.site.63, 8, 146, 154
411483.3.peg.706.site.64, 2, 149, 151
411483.3.peg.706.site.65, 7, 148, 155
411483.3.peg.706.site.66, 0, 146, 146
411483.3.peg.706.site.67, 96, 135, 231
411483.3.peg.706.site.68, 35, 133, 168
411483.3.peg.706.site.69, 63, 136, 199
411483.3.peg.706.site.70, 0, 142, 142
411483.3.peg.706.site.71, 54, 126, 180
411483.3.peg.706.site.72, 55, 131, 186
411483.3.peg.706.site.73, 3, 149, 152
411483.3.peg.706.site.74, 46, 130, 176
411483.3.peg.706.site.75, 45, 137, 182
411483.3.peg.706.site.76, 3, 155, 158
411483.3.peg.706.site.77, 0, 154, 154
411483.3.peg.706.site.78, 3, 152, 155
411483.3.peg.706.site.79, 1, 155, 156
411483.3.peg.706.site.80, 0, 155, 155
411483.3.peg.706.site.81, 3, 153, 156
411483.3.peg.706.site.82, 1, 147, 148
411483.3.peg.706.site.83, 4, 146, 150
411483.3.peg.706.site.84, 17, 144, 161
411483.3.peg.706.site.85, 1, 142, 143
411483.3.peg.706.site.86, 39, 143, 182
411483.3.peg.706.site.87, 12, 148, 160
411483.3.peg.706.site.88, 3, 142, 145
411483.3.peg.706.site.89, 0, 149, 149
411483.3.peg.706.site.90, 5, 142, 147
411483.3.peg.706.site.91, 2, 152, 154
411483.3.peg.706.site.92, 45, 146, 191
411483.3.peg.706.site.93, 3, 151, 154
411483.3.peg.706.site.94, 0, 154, 154
411483.3.peg.706.site.95, 6, 152, 158
411483.3.peg.706.site.96, 4, 155, 159
411483.3.peg.706.site.97, 35, 150, 185
411483.3.peg.706.site.98, 1, 153, 154
411483.3.peg.706.site.99, 6, 151, 157
411483.3.peg.706.site.100, 14, 152, 166
411483.3.peg.706.site.101, 1, 154, 155
411483.3.peg.706.site.102, 9, 148, 157
411483.3.peg.706.site.103, 4, 151, 155
411483.3.peg.705.site.1, 1, 155, 156
411483.3.peg.705.site.2, 1, 154, 155
411483.3.peg.705.site.3, 126, 149, 275
411483.3.peg.705.site.4, 10, 153, 163
411483.3.peg.705.site.5, 0, 155, 155
411483.3.peg.705.site.6, 25, 155, 180
411483.3.peg.705.site.7, 2, 154, 156
411483.3.peg.705.site.8, 73, 145, 218
411483.3.peg.705.site.9, 1, 155, 156
411483.3.peg.705.site.10, 2, 154, 156
411483.3.peg.705.site.11, 1, 155, 156
411483.3.peg.705.site.12, 1, 155, 156
411483.3.peg.705.site.13, 146, 153, 299
411483.3.peg.705.site.14, 0, 154, 154
411483.3.peg.705.site.15, 2, 153, 155
411483.3.peg.705.site.16, 17, 148, 165
411483.3.peg.705.site.17, 20, 147, 167
411483.3.peg.705.site.18, 2, 154, 156
411483.3.peg.705.site.19, 2, 154, 156
411483.3.peg.705.site.20, 25, 151, 176
411483.3.peg.705.site.21, 60, 147, 207
411483.3.peg.705.site.22, 0, 155, 155
411483.3.peg.705.site.23, 0, 153, 153
411483.3.peg.705.site.24, 149, 151, 300
411483.3.peg.705.site.25, 1, 155, 156
411483.3.peg.705.site.26, 2, 150, 152
411483.3.peg.705.site.27, 1, 152, 153
411483.3.peg.705.site.28, 1, 153, 154
411483.3.peg.705.site.29, 0, 154, 154
411483.3.peg.705.site.30, 5, 154, 159
411483.3.peg.705.site.31, 23, 148, 171
411483.3.peg.705.site.32, 13, 153, 166
411483.3.peg.705.site.33, 3, 154, 157
411483.3.peg.705.site.34, 1, 152, 153
411483.3.peg.705.site.35, 6, 149, 155
411483.3.peg.705.site.36, 8, 151, 159
411483.3.peg.705.site.37, 0, 153, 153
411483.3.peg.705.site.38, 2, 153, 155
411483.3.peg.705.site.39, 2, 155, 157
411483.3.peg.705.site.40, 6, 152, 158
411483.3.peg.705.site.41, 59, 144, 203
411483.3.peg.705.site.42, 1, 152, 153
411483.3.peg.705.site.43, 2, 149, 151
411483.3.peg.705.site.44, 1, 147, 148
411483.3.peg.705.site.45, 0, 147, 147
411483.3.peg.705.site.46, 4, 130, 134
411483.3.peg.705.site.47, 2, 150, 152
411483.3.peg.705.site.48, 0, 149, 149
411483.3.peg.705.site.49, 2, 152, 154
411483.3.peg.705.site.50, 26, 147, 173
411483.3.peg.705.site.51, 145, 148, 293
411483.3.peg.705.site.52, 5, 150, 155
411483.3.peg.705.site.53, 2, 154, 156
411483.3.peg.705.site.54, 0, 153, 153
411483.3.peg.704.site.1, 2, 144, 146
411483.3.peg.704.site.2, 8, 147, 155
411483.3.peg.704.site.3, 3, 141, 144
411483.3.peg.704.site.4, 21, 144, 165
411483.3.peg.704.site.5, 20, 146, 166
411483.3.peg.704.site.6, 34, 138, 172
411483.3.peg.704.site.7, 13, 142, 155
411483.3.peg.704.site.8, 1, 143, 144
411483.3.peg.704.site.9, 3, 145, 148
411483.3.peg.704.site.10, 2, 133, 135
411483.3.peg.704.site.11, 1, 137, 138
411483.3.peg.704.site.12, 103, 130, 233
411483.3.peg.704.site.13, 1, 140, 141
411483.3.peg.704.site.14, 16, 137, 153
411483.3.peg.704.site.15, 2, 146, 148
411483.3.peg.704.site.16, 75, 128, 203
411483.3.peg.704.site.17, 0, 140, 140
411483.3.peg.704.site.18, 1, 142, 143
411483.3.peg.704.site.19, 1, 141, 142
411483.3.peg.704.site.20, 3, 143, 146
411483.3.peg.704.site.21, 26, 141, 167
411483.3.peg.704.site.22, 2, 149, 151
411483.3.peg.704.site.23, 4, 146, 150
411483.3.peg.704.site.24, 0, 150, 150
411483.3.peg.704.site.25, 31, 138, 169
411483.3.peg.704.site.26, 1, 152, 153
411483.3.peg.704.site.27, 0, 149, 149
411483.3.peg.704.site.28, 2, 151, 153
411483.3.peg.704.site.29, 9, 150, 159
411483.3.peg.704.site.30, 11, 151, 162
411483.3.peg.704.site.31, 1, 152, 153
411483.3.peg.704.site.32, 29, 145, 174
411483.3.peg.704.site.33, 4, 151, 155
411483.3.peg.704.site.34, 0, 154, 154
411483.3.peg.704.site.35, 1, 154, 155
411483.3.peg.704.site.36, 75, 150, 225
411483.3.peg.704.site.37, 1, 153, 154
411483.3.peg.704.site.38, 0, 152, 152
411483.3.peg.704.site.39, 2, 148, 150
411483.3.peg.704.site.40, 0, 147, 147
411483.3.peg.704.site.41, 1, 148, 149
411483.3.peg.704.site.42, 18, 140, 158
411483.3.peg.704.site.43, 4, 143, 147
411483.3.peg.704.site.44, 19, 147, 166
411483.3.peg.704.site.45, 3, 149, 152
411483.3.peg.704.site.46, 2, 149, 151
411483.3.peg.704.site.47, 1, 149, 150
411483.3.peg.704.site.48, 2, 151, 153
411483.3.peg.704.site.49, 1, 152, 153
411483.3.peg.704.site.50, 3, 152, 155
411483.3.peg.704.site.51, 114, 142, 256
411483.3.peg.704.site.52, 6, 154, 160
411483.3.peg.704.site.53, 57, 145, 202
411483.3.peg.704.site.54, 2, 154, 156
411483.3.peg.704.site.55, 1, 151, 152
411483.3.peg.704.site.56, 1, 153, 154
411483.3.peg.704.site.57, 0, 148, 148
411483.3.peg.704.site.58, 17, 146, 163
411483.3.peg.704.site.59, 3, 155, 158
411483.3.peg.704.site.60, 1, 154, 155
411483.3.peg.704.site.61, 135, 151, 286
411483.3.peg.704.site.62, 3, 155, 158
411483.3.peg.704.site.63, 2, 153, 155
411483.3.peg.704.site.64, 125, 148, 273
411483.3.peg.704.site.65, 1, 155, 156
411483.3.peg.704.site.66, 1, 155, 156
411483.3.peg.704.site.67, 3, 152, 155
411483.3.peg.704.site.68, 129, 145, 274
411483.3.peg.709.site.1, 1, 132, 133
411483.3.peg.709.site.2, 7, 132, 139
411483.3.peg.709.site.3, 6, 129, 135
411483.3.peg.709.site.4, 5, 129, 134
411483.3.peg.709.site.5, 2, 129, 131
411483.3.peg.709.site.6, 14, 143, 157
411483.3.peg.709.site.7, 2, 138, 140
411483.3.peg.709.site.8, 22, 128, 150
411483.3.peg.709.site.9, 4, 134, 138
411483.3.peg.709.site.10, 0, 133, 133
411483.3.peg.709.site.11, 1, 132, 133
411483.3.peg.709.site.12, 4, 136, 140
411483.3.peg.709.site.13, 2, 139, 141
411483.3.peg.709.site.14, 2, 136, 138
411483.3.peg.709.site.15, 1, 132, 133
411483.3.peg.709.site.16, 10, 135, 145
411483.3.peg.709.site.17, 1, 135, 136
411483.3.peg.709.site.18, 3, 140, 143
411483.3.peg.709.site.19, 3, 135, 138
411483.3.peg.709.site.20, 1, 141, 142
411483.3.peg.709.site.21, 0, 143, 143
411483.3.peg.709.site.22, 1, 139, 140
411483.3.peg.709.site.23, 2, 145, 147
411483.3.peg.709.site.24, 29, 139, 168
411483.3.peg.709.site.25, 1, 142, 143
411483.3.peg.709.site.26, 3, 147, 150
411483.3.peg.709.site.27, 13, 146, 159
411483.3.peg.709.site.28, 10, 145, 155
411483.3.peg.709.site.29, 19, 145, 164
411483.3.peg.709.site.30, 0, 144, 144
411483.3.peg.709.site.31, 2, 146, 148
411483.3.peg.709.site.32, 0, 143, 143
411483.3.peg.709.site.33, 0, 147, 147
411483.3.peg.709.site.34, 3, 149, 152
411483.3.peg.709.site.35, 15, 129, 144
411483.3.peg.708.site.1, 19, 144, 163
411483.3.peg.708.site.2, 13, 150, 163
411483.3.peg.708.site.3, 12, 144, 156
411483.3.peg.708.site.4, 6, 150, 156
411483.3.peg.708.site.5, 99, 145, 244
411483.3.peg.708.site.6, 2, 151, 153
411483.3.peg.708.site.7, 14, 142, 156
411483.3.peg.708.site.8, 4, 148, 152
411483.3.peg.708.site.9, 4, 145, 149
411483.3.peg.708.site.10, 5, 139, 144
411483.3.peg.708.site.11, 49, 127, 176
411483.3.peg.708.site.12, 6, 137, 143
411483.3.peg.708.site.13, 26, 127, 153
411483.3.peg.708.site.14, 3, 122, 125
411483.3.peg.708.site.15, 1, 111, 112
411483.3.peg.708.site.16, 0, 126, 126
411483.3.peg.708.site.17, 8, 126, 134
411483.3.peg.708.site.18, 1, 141, 142
411483.3.peg.708.site.19, 0, 143, 143
411483.3.peg.708.site.20, 4, 142, 146
411483.3.peg.708.site.21, 2, 147, 149
411483.3.peg.708.site.22, 0, 148, 148
411483.3.peg.708.site.23, 65, 135, 200
411483.3.peg.708.site.24, 136, 147, 283
411483.3.peg.708.site.25, 17, 144, 161
411483.3.peg.708.site.26, 1, 147, 148
411483.3.peg.708.site.27, 0, 147, 147
411483.3.peg.708.site.28, 2, 151, 153
411483.3.peg.708.site.29, 9, 153, 162
411483.3.peg.708.site.30, 24, 147, 171
411483.3.peg.708.site.31, 13, 151, 164
411483.3.peg.708.site.32, 2, 154, 156
411483.3.peg.708.site.33, 11, 153, 164
411483.3.peg.708.site.34, 13, 145, 158
411483.3.peg.708.site.35, 2, 153, 155
411483.3.peg.708.site.36, 2, 153, 155
411483.3.peg.708.site.37, 2, 153, 155
411483.3.peg.708.site.38, 138, 145, 283
411483.3.peg.708.site.39, 1, 150, 151
411483.3.peg.708.site.40, 13, 150, 163
411483.3.peg.708.site.41, 1, 155, 156
411483.3.peg.708.site.42, 56, 144, 200
411483.3.peg.708.site.43, 21, 151, 172
411483.3.peg.708.site.44, 3, 154, 157
411483.3.peg.708.site.45, 1, 153, 154
411483.3.peg.708.site.46, 2, 155, 157
411483.3.peg.708.site.47, 11, 151, 162
411483.3.peg.708.site.48, 1, 155, 156
411483.3.peg.708.site.49, 2, 153, 155
411483.3.peg.708.site.50, 2, 152, 154
411483.3.peg.708.site.51, 7, 153, 160
411483.3.peg.708.site.52, 4, 154, 158
411483.3.peg.708.site.53, 46, 145, 191
411483.3.peg.708.site.54, 2, 155, 157
411483.3.peg.708.site.55, 2, 153, 155
411483.3.peg.708.site.56, 4, 151, 155
411483.3.peg.708.site.57, 1, 155, 156
411483.3.peg.708.site.58, 9, 153, 162
411483.3.peg.708.site.59, 4, 154, 158
411483.3.peg.708.site.60, 1, 155, 156
411483.3.peg.708.site.61, 1, 153, 154
411483.3.peg.708.site.62, 14, 151, 165
411483.3.peg.708.site.63, 6, 154, 160
411483.3.peg.708.site.64, 7, 151, 158
411483.3.peg.708.site.65, 1, 154, 155
411483.3.peg.708.site.66, 6, 152, 158
411483.3.peg.708.site.67, 1, 154, 155
411483.3.peg.708.site.68, 40, 149, 189
411483.3.peg.708.site.69, 1, 153, 154
411483.3.peg.708.site.70, 16, 151, 167
411483.3.peg.708.site.71, 2, 153, 155
411483.3.peg.708.site.72, 33, 141, 174
411483.3.peg.708.site.73, 2, 148, 150
411483.3.peg.708.site.74, 54, 137, 191
411483.3.peg.708.site.75, 9, 147, 156
411483.3.peg.708.site.76, 0, 152, 152
411483.3.peg.708.site.77, 0, 151, 151
411483.3.peg.708.site.78, 3, 152, 155
411483.3.peg.708.site.79, 60, 143, 203
411483.3.peg.708.site.80, 3, 152, 155
411483.3.peg.708.site.81, 1, 151, 152
411483.3.peg.242.site.1, 19, 149, 168
411483.3.peg.242.site.2, 4, 151, 155
411483.3.peg.242.site.3, 10, 148, 158
411483.3.peg.242.site.4, 1, 153, 154
411483.3.peg.242.site.5, 1, 149, 150
411483.3.peg.242.site.6, 2, 152, 154
411483.3.peg.242.site.7, 0, 151, 151
411483.3.peg.242.site.8, 0, 151, 151
411483.3.peg.242.site.9, 2, 153, 155
411483.3.peg.242.site.10, 3, 151, 154
411483.3.peg.242.site.11, 4, 151, 155
411483.3.peg.242.site.12, 2, 154, 156
411483.3.peg.242.site.13, 5, 153, 158
411483.3.peg.242.site.14, 4, 153, 157
411483.3.peg.242.site.15, 8, 148, 156
411483.3.peg.242.site.16, 3, 153, 156
411483.3.peg.242.site.17, 122, 144, 266
411483.3.peg.242.site.18, 11, 150, 161
411483.3.peg.242.site.19, 1, 153, 154
411483.3.peg.242.site.20, 1, 153, 154
411483.3.peg.242.site.21, 2, 153, 155
411483.3.peg.242.site.22, 8, 151, 159
411483.3.peg.242.site.23, 2, 154, 156
411483.3.peg.242.site.24, 2, 153, 155
411483.3.peg.242.site.25, 4, 151, 155
411483.3.peg.242.site.26, 1, 153, 154
411483.3.peg.242.site.27, 0, 151, 151
411483.3.peg.242.site.28, 3, 149, 152
411483.3.peg.242.site.29, 0, 147, 147
411483.3.peg.242.site.30, 4, 148, 152
411483.3.peg.242.site.31, 4, 151, 155
411483.3.peg.242.site.32, 104, 139, 243
411483.3.peg.242.site.33, 1, 149, 150
411483.3.peg.242.site.34, 0, 150, 150
411483.3.peg.242.site.35, 5, 154, 159
411483.3.peg.242.site.36, 0, 154, 154
411483.3.peg.242.site.37, 0, 150, 150
411483.3.peg.242.site.38, 0, 154, 154
411483.3.peg.242.site.39, 4, 150, 154
411483.3.peg.242.site.40, 25, 149, 174
411483.3.peg.242.site.41, 7, 152, 159
411483.3.peg.242.site.42, 0, 153, 153
411483.3.peg.242.site.43, 2, 155, 157
411483.3.peg.242.site.44, 2, 155, 157
411483.3.peg.242.site.45, 1, 154, 155
411483.3.peg.242.site.46, 5, 151, 156
411483.3.peg.242.site.47, 2, 155, 157
411483.3.peg.243.site.1, 2, 145, 147
411483.3.peg.243.site.2, 4, 151, 155
411483.3.peg.243.site.3, 5, 149, 154
411483.3.peg.243.site.4, 16, 150, 166
411483.3.peg.243.site.5, 0, 150, 150
411483.3.peg.243.site.6, 5, 148, 153
411483.3.peg.243.site.7, 128, 146, 274
411483.3.peg.243.site.8, 5, 155, 160
411483.3.peg.243.site.9, 4, 154, 158
411483.3.peg.243.site.10, 2, 155, 157
411483.3.peg.243.site.11, 3, 152, 155
411483.3.peg.243.site.12, 1, 152, 153
411483.3.peg.243.site.13, 2, 154, 156
411483.3.peg.243.site.14, 1, 153, 154
411483.3.peg.243.site.15, 1, 153, 154
411483.3.peg.243.site.16, 4, 149, 153
411483.3.peg.243.site.17, 2, 146, 148
411483.3.peg.243.site.18, 3, 152, 155
411483.3.peg.243.site.19, 154, 154, 308
411483.3.peg.243.site.20, 5, 153, 158
411483.3.peg.243.site.21, 62, 140, 202
411483.3.peg.243.site.22, 4, 152, 156
411483.3.peg.243.site.23, 4, 150, 154
411483.3.peg.243.site.24, 1, 149, 150
411483.3.peg.243.site.25, 7, 147, 154
411483.3.peg.243.site.26, 0, 149, 149
411483.3.peg.243.site.27, 11, 146, 157
411483.3.peg.243.site.28, 9, 146, 155
411483.3.peg.243.site.29, 13, 151, 164
411483.3.peg.243.site.30, 12, 145, 157
411483.3.peg.243.site.31, 7, 143, 150
411483.3.peg.243.site.32, 7, 145, 152
411483.3.peg.243.site.33, 2, 143, 145
411483.3.peg.243.site.34, 1, 141, 142
411483.3.peg.243.site.35, 12, 142, 154
411483.3.peg.243.site.36, 4, 141, 145
411483.3.peg.243.site.37, 3, 142, 145
411483.3.peg.243.site.38, 2, 143, 145
411483.3.peg.243.site.39, 2, 145, 147
411483.3.peg.243.site.40, 2, 148, 150
411483.3.peg.243.site.41, 7, 149, 156
411483.3.peg.243.site.42, 3, 153, 156
411483.3.peg.243.site.43, 1, 153, 154
411483.3.peg.243.site.44, 4, 153, 157
411483.3.peg.243.site.45, 89, 144, 233
411483.3.peg.243.site.46, 1, 154, 155
411483.3.peg.243.site.47, 27, 149, 176
411483.3.peg.240.site.1, 5, 152, 157
411483.3.peg.240.site.2, 4, 153, 157
411483.3.peg.240.site.3, 0, 152, 152
411483.3.peg.240.site.4, 1, 123, 124
411483.3.peg.240.site.5, 10, 120, 130
411483.3.peg.240.site.6, 3, 134, 137
411483.3.peg.240.site.7, 1, 136, 137
411483.3.peg.240.site.8, 1, 138, 139
411483.3.peg.240.site.9, 11, 152, 163
411483.3.peg.1166.site.1, 3, 147, 150
411483.3.peg.1166.site.2, 1, 151, 152
411483.3.peg.1166.site.3, 8, 147, 155
411483.3.peg.1166.site.4, 2, 145, 147
411483.3.peg.1166.site.5, 6, 136, 142
411483.3.peg.1166.site.6, 1, 146, 147
411483.3.peg.1166.site.7, 19, 139, 158
411483.3.peg.1166.site.8, 1, 147, 148
411483.3.peg.1166.site.9, 145, 147, 292
411483.3.peg.1166.site.10, 1, 143, 144
411483.3.peg.1166.site.11, 91, 140, 231
411483.3.peg.1166.site.12, 27, 134, 161
411483.3.peg.1166.site.13, 3, 149, 152
411483.3.peg.1166.site.14, 53, 136, 189
411483.3.peg.1166.site.15, 5, 141, 146
411483.3.peg.1166.site.16, 1, 151, 152
411483.3.peg.1166.site.17, 1, 152, 153
411483.3.peg.1166.site.18, 1, 151, 152
411483.3.peg.1166.site.19, 18, 140, 158
411483.3.peg.1166.site.20, 22, 141, 163
411483.3.peg.1166.site.21, 18, 143, 161
411483.3.peg.1166.site.22, 4, 151, 155
411483.3.peg.1166.site.23, 1, 152, 153
411483.3.peg.1166.site.24, 4, 141, 145
411483.3.peg.1166.site.25, 46, 129, 175
411483.3.peg.1166.site.26, 2, 145, 147
411483.3.peg.1166.site.27, 5, 144, 149
411483.3.peg.1166.site.28, 9, 151, 160
411483.3.peg.1166.site.29, 3, 153, 156
411483.3.peg.1166.site.30, 1, 149, 150
411483.3.peg.1166.site.31, 17, 151, 168
411483.3.peg.1166.site.32, 0, 151, 151
411483.3.peg.1166.site.33, 1, 149, 150
411483.3.peg.1166.site.34, 3, 145, 148
411483.3.peg.1166.site.35, 1, 139, 140
411483.3.peg.1166.site.36, 0, 150, 150
411483.3.peg.1693.site.1, 7, 154, 161
411483.3.peg.1693.site.2, 5, 155, 160
411483.3.peg.1693.site.3, 2, 154, 156
411483.3.peg.1693.site.4, 1, 154, 155
411483.3.peg.1693.site.5, 7, 149, 156
411483.3.peg.1693.site.6, 41, 150, 191
411483.3.peg.1693.site.7, 2, 154, 156
411483.3.peg.1693.site.8, 136, 148, 284
411483.3.peg.1693.site.9, 34, 148, 182
411483.3.peg.1693.site.10, 1, 155, 156
411483.3.peg.1693.site.11, 7, 152, 159
411483.3.peg.1693.site.12, 3, 155, 158
411483.3.peg.1693.site.13, 8, 151, 159
411483.3.peg.1693.site.14, 6, 154, 160
411483.3.peg.1693.site.15, 1, 154, 155
411483.3.peg.1693.site.16, 8, 152, 160
411483.3.peg.1693.site.17, 44, 147, 191
411483.3.peg.1693.site.18, 8, 155, 163
411483.3.peg.1693.site.19, 2, 155, 157
411483.3.peg.1693.site.20, 19, 149, 168
411483.3.peg.1693.site.21, 9, 155, 164
411483.3.peg.1693.site.22, 7, 153, 160
411483.3.peg.1693.site.23, 1, 155, 156
411483.3.peg.1693.site.24, 4, 154, 158
411483.3.peg.244.site.1, 4, 154, 158
411483.3.peg.244.site.2, 1, 153, 154
411483.3.peg.244.site.3, 2, 154, 156
411483.3.peg.244.site.4, 15, 153, 168
411483.3.peg.244.site.5, 1, 155, 156
411483.3.peg.244.site.6, 1, 155, 156
411483.3.peg.244.site.7, 0, 154, 154
411483.3.peg.244.site.8, 0, 154, 154
411483.3.peg.244.site.9, 35, 143, 178
411483.3.peg.244.site.10, 3, 152, 155
411483.3.peg.244.site.11, 3, 152, 155
411483.3.peg.244.site.12, 1, 154, 155
411483.3.peg.244.site.13, 0, 154, 154
411483.3.peg.244.site.14, 0, 152, 152
411483.3.peg.244.site.15, 14, 151, 165
411483.3.peg.244.site.16, 1, 152, 153
411483.3.peg.244.site.17, 3, 145, 148
411483.3.peg.244.site.18, 1, 147, 148
411483.3.peg.244.site.19, 1, 140, 141
411483.3.peg.244.site.20, 1, 134, 135
411483.3.peg.244.site.21, 1, 130, 131
411483.3.peg.244.site.22, 8, 124, 132
411483.3.peg.244.site.23, 2, 131, 133
411483.3.peg.244.site.24, 1, 125, 126
411483.3.peg.244.site.25, 1, 117, 118
411483.3.peg.244.site.26, 29, 108, 137
411483.3.peg.244.site.27, 102, 111, 213
411483.3.peg.244.site.28, 47, 107, 154
411483.3.peg.244.site.29, 1, 122, 123
411483.3.peg.244.site.30, 1, 121, 122
411483.3.peg.244.site.31, 39, 111, 150
411483.3.peg.244.site.32, 2, 143, 145
411483.3.peg.244.site.33, 34, 141, 175
411483.3.peg.244.site.34, 2, 143, 145
411483.3.peg.244.site.35, 12, 150, 162
411483.3.peg.244.site.36, 6, 148, 154
411483.3.peg.244.site.37, 7, 149, 156
411483.3.peg.244.site.38, 0, 149, 149
411483.3.peg.244.site.39, 3, 150, 153
411483.3.peg.244.site.40, 84, 140, 224
411483.3.peg.244.site.41, 4, 149, 153
411483.3.peg.244.site.42, 3, 147, 150
411483.3.peg.244.site.43, 0, 142, 142
411483.3.peg.244.site.44, 127, 136, 263
411483.3.peg.244.site.45, 1, 135, 136
411483.3.peg.244.site.46, 3, 133, 136
411483.3.peg.244.site.47, 1, 112, 113
411483.3.peg.244.site.48, 2, 102, 104
411483.3.peg.244.site.49, 3, 90, 93
411483.3.peg.244.site.50, 5, 63, 68
411483.3.peg.244.site.51, 20, 84, 104
411483.3.peg.244.site.52, 77, 88, 165
411483.3.peg.244.site.53, 5, 102, 107
411483.3.peg.244.site.54, 2, 114, 116
411483.3.peg.244.site.55, 39, 119, 158
411483.3.peg.244.site.56, 2, 125, 127
411483.3.peg.244.site.57, 6, 120, 126
411483.3.peg.244.site.58, 2, 133, 135
411483.3.peg.244.site.59, 2, 130, 132
411483.3.peg.244.site.60, 1, 131, 132
411483.3.peg.244.site.61, 1, 137, 138
411483.3.peg.244.site.62, 3, 137, 140
411483.3.peg.244.site.63, 27, 131, 158
411483.3.peg.244.site.64, 1, 137, 138
411483.3.peg.244.site.65, 3, 142, 145
411483.3.peg.244.site.66, 1, 146, 147
411483.3.peg.244.site.67, 1, 141, 142
411483.3.peg.244.site.68, 37, 117, 154
411483.3.peg.244.site.69, 64, 122, 186
411483.3.peg.244.site.70, 1, 132, 133
411483.3.peg.244.site.71, 55, 122, 177
411483.3.peg.244.site.72, 13, 123, 136
411483.3.peg.244.site.73, 6, 121, 127
411483.3.peg.244.site.74, 13, 121, 134
411483.3.peg.244.site.75, 4, 124, 128
411483.3.peg.244.site.76, 1, 126, 127
411483.3.peg.244.site.77, 1, 134, 135
411483.3.peg.244.site.78, 1, 136, 137
411483.3.peg.244.site.79, 10, 147, 157
411483.3.peg.244.site.80, 127, 137, 264
411483.3.peg.244.site.81, 1, 143, 144
411483.3.peg.244.site.82, 2, 145, 147
411483.3.peg.244.site.83, 2, 136, 138
411483.3.peg.244.site.84, 10, 141, 151
411483.3.peg.244.site.85, 59, 114, 173
411483.3.peg.244.site.86, 114, 125, 239
411483.3.peg.244.site.87, 12, 126, 138
411483.3.peg.244.site.88, 14, 123, 137
411483.3.peg.244.site.89, 4, 124, 128
411483.3.peg.244.site.90, 9, 121, 130
411483.3.peg.244.site.91, 116, 124, 240
411483.3.peg.244.site.92, 0, 135, 135
411483.3.peg.244.site.93, 1, 144, 145
411483.3.peg.244.site.94, 12, 144, 156
411483.3.peg.244.site.95, 15, 140, 155
411483.3.peg.244.site.96, 2, 147, 149
411483.3.peg.244.site.97, 2, 147, 149
411483.3.peg.244.site.98, 19, 145, 164
411483.3.peg.244.site.99, 1, 149, 150
411483.3.peg.244.site.100, 5, 146, 151
411483.3.peg.244.site.101, 0, 145, 145
411483.3.peg.244.site.102, 13, 151, 164
411483.3.peg.244.site.103, 74, 139, 213
411483.3.peg.244.site.104, 9, 146, 155
411483.3.peg.244.site.105, 3, 148, 151
411483.3.peg.244.site.106, 2, 146, 148
411483.3.peg.244.site.107, 1, 151, 152
411483.3.peg.244.site.108, 17, 142, 159
411483.3.peg.244.site.109, 79, 139, 218
411483.3.peg.244.site.110, 129, 142, 271
411483.3.peg.244.site.111, 15, 150, 165
411483.3.peg.244.site.112, 5, 152, 157
411483.3.peg.244.site.113, 5, 150, 155
411483.3.peg.244.site.114, 10, 151, 161
411483.3.peg.244.site.115, 2, 155, 157
411483.3.peg.244.site.116, 1, 155, 156
411483.3.peg.244.site.117, 1, 155, 156
411483.3.peg.244.site.118, 10, 150, 160
411483.3.peg.244.site.119, 2, 151, 153
411483.3.peg.244.site.120, 0, 152, 152
411483.3.peg.244.site.121, 0, 152, 152
411483.3.peg.244.site.122, 0, 149, 149
411483.3.peg.244.site.123, 13, 152, 165
411483.3.peg.244.site.124, 44, 143, 187
411483.3.peg.244.site.125, 4, 143, 147
411483.3.peg.245.site.1, 0, 148, 148
411483.3.peg.245.site.2, 4, 144, 148
411483.3.peg.245.site.3, 2, 135, 137
411483.3.peg.245.site.4, 0, 130, 130
411483.3.peg.245.site.5, 1, 133, 134
411483.3.peg.245.site.6, 5, 133, 138
411483.3.peg.245.site.7, 13, 126, 139
411483.3.peg.245.site.8, 3, 126, 129
411483.3.peg.245.site.9, 14, 132, 146
411483.3.peg.245.site.10, 3, 133, 136
411483.3.peg.245.site.11, 2, 122, 124
411483.3.peg.245.site.12, 3, 114, 117
411483.3.peg.245.site.13, 3, 103, 106
411483.3.peg.245.site.14, 1, 112, 113
411483.3.peg.245.site.15, 44, 92, 136
411483.3.peg.245.site.16, 8, 100, 108
411483.3.peg.245.site.17, 1, 115, 116
411483.3.peg.245.site.18, 1, 121, 122
411483.3.peg.245.site.19, 0, 116, 116
411483.3.peg.245.site.20, 1, 125, 126
411483.3.peg.245.site.21, 3, 134, 137
411483.3.peg.245.site.22, 1, 134, 135
411483.3.peg.245.site.23, 32, 132, 164
411483.3.peg.245.site.24, 25, 135, 160
411483.3.peg.245.site.25, 1, 146, 147
411483.3.peg.245.site.26, 1, 148, 149
411483.3.peg.245.site.27, 1, 150, 151
411483.3.peg.245.site.28, 1, 153, 154
411483.3.peg.245.site.29, 4, 138, 142
411483.3.peg.245.site.30, 125, 140, 265
411483.3.peg.245.site.31, 4, 144, 148
411483.3.peg.245.site.32, 1, 144, 145
411483.3.peg.245.site.33, 0, 144, 144
411483.3.peg.245.site.34, 1, 141, 142
411483.3.peg.245.site.35, 1, 144, 145
411483.3.peg.245.site.36, 4, 142, 146
411483.3.peg.245.site.37, 1, 141, 142
411483.3.peg.245.site.38, 2, 140, 142
411483.3.peg.245.site.39, 14, 141, 155
411483.3.peg.245.site.40, 2, 145, 147
411483.3.peg.245.site.41, 1, 148, 149
411483.3.peg.2459.site.1, 8, 151, 159
411483.3.peg.2459.site.2, 3, 155, 158
411483.3.peg.2459.site.3, 3, 153, 156
411483.3.peg.2459.site.4, 1, 155, 156
411483.3.peg.2459.site.5, 0, 154, 154
411483.3.peg.2459.site.6, 2, 153, 155
411483.3.peg.2459.site.7, 0, 152, 152
411483.3.peg.2459.site.8, 1, 153, 154
411483.3.peg.2459.site.9, 2, 152, 154
411483.3.peg.2459.site.10, 4, 151, 155
411483.3.peg.2459.site.11, 44, 143, 187
411483.3.peg.2459.site.12, 145, 153, 298
411483.3.peg.2459.site.13, 4, 155, 159
411483.3.peg.2459.site.14, 6, 153, 159
411483.3.peg.2459.site.15, 107, 146, 253
411483.3.peg.2459.site.16, 8, 148, 156
411483.3.peg.2459.site.17, 2, 152, 154
411483.3.peg.2459.site.18, 6, 153, 159
411483.3.peg.2459.site.19, 4, 150, 154
411483.3.peg.2459.site.20, 18, 153, 171
411483.3.peg.2459.site.21, 1, 155, 156
411483.3.peg.2455.site.1, 14, 114, 128
411483.3.peg.2455.site.2, 2, 122, 124
411483.3.peg.2455.site.3, 5, 122, 127
411483.3.peg.2455.site.4, 1, 134, 135
411483.3.peg.2455.site.5, 127, 131, 258
411483.3.peg.2455.site.6, 0, 141, 141
411483.3.peg.2455.site.7, 59, 120, 179
411483.3.peg.2455.site.8, 3, 125, 128
411483.3.peg.2455.site.9, 1, 135, 136
411483.3.peg.2455.site.10, 119, 139, 258
411483.3.peg.2455.site.11, 5, 136, 141
411483.3.peg.2455.site.12, 57, 130, 187
411483.3.peg.2455.site.13, 4, 142, 146
411483.3.peg.2455.site.14, 3, 142, 145
411483.3.peg.2455.site.15, 8, 141, 149
411483.3.peg.2455.site.16, 1, 143, 144
411483.3.peg.2455.site.17, 81, 133, 214
411483.3.peg.2455.site.18, 1, 143, 144
411483.3.peg.2455.site.19, 3, 141, 144
411483.3.peg.2455.site.20, 146, 146, 292
411483.3.peg.2455.site.21, 3, 147, 150
411483.3.peg.2455.site.22, 7, 146, 153
411483.3.peg.2455.site.23, 42, 143, 185
411483.3.peg.2455.site.24, 142, 146, 288
411483.3.peg.2455.site.25, 3, 143, 146
411483.3.peg.2455.site.26, 3, 137, 140
411483.3.peg.2455.site.27, 11, 123, 134
411483.3.peg.2455.site.28, 9, 135, 144
411483.3.peg.2455.site.29, 3, 142, 145
411483.3.peg.2456.site.1, 4, 148, 152
411483.3.peg.2456.site.2, 7, 149, 156
411483.3.peg.2456.site.3, 1, 147, 148
411483.3.peg.2456.site.4, 6, 149, 155
411483.3.peg.2456.site.5, 1, 147, 148
411483.3.peg.2456.site.6, 0, 143, 143
411483.3.peg.2456.site.7, 0, 145, 145
411483.3.peg.2456.site.8, 9, 144, 153
411483.3.peg.2456.site.9, 1, 146, 147
411483.3.peg.2456.site.10, 3, 150, 153
411483.3.peg.2456.site.11, 1, 146, 147
411483.3.peg.2456.site.12, 5, 149, 154
411483.3.peg.2456.site.13, 11, 146, 157
411483.3.peg.2456.site.14, 0, 146, 146
411483.3.peg.2456.site.15, 11, 137, 148
411483.3.peg.2456.site.16, 2, 140, 142
411483.3.peg.2456.site.17, 1, 147, 148
411483.3.peg.2456.site.18, 0, 143, 143
411483.3.peg.2456.site.19, 1, 147, 148
411483.3.peg.2456.site.20, 0, 145, 145
411483.3.peg.2456.site.21, 3, 146, 149
411483.3.peg.2456.site.22, 17, 129, 146
411483.3.peg.2456.site.23, 1, 149, 150
411483.3.peg.2456.site.24, 2, 150, 152
411483.3.peg.2456.site.25, 19, 142, 161
411483.3.peg.2456.site.26, 2, 151, 153
411483.3.peg.2456.site.27, 16, 148, 164
411483.3.peg.2456.site.28, 7, 154, 161
411483.3.peg.2456.site.29, 2, 153, 155
411483.3.peg.2456.site.30, 2, 148, 150
411483.3.peg.2456.site.31, 6, 150, 156
411483.3.peg.2456.site.32, 99, 137, 236
411483.3.peg.2456.site.33, 42, 142, 184
411483.3.peg.2456.site.34, 109, 143, 252
411483.3.peg.2456.site.35, 5, 149, 154
411483.3.peg.2456.site.36, 0, 150, 150
411483.3.peg.2456.site.37, 3, 148, 151
411483.3.peg.2456.site.38, 1, 136, 137
411483.3.peg.2456.site.39, 0, 147, 147
411483.3.peg.2456.site.40, 0, 143, 143
411483.3.peg.2456.site.41, 1, 144, 145
411483.3.peg.2456.site.42, 11, 142, 153
411483.3.peg.2456.site.43, 0, 146, 146
411483.3.peg.2456.site.44, 38, 139, 177
411483.3.peg.2456.site.45, 1, 147, 148
411483.3.peg.2456.site.46, 18, 145, 163
411483.3.peg.2456.site.47, 5, 146, 151
411483.3.peg.2456.site.48, 5, 150, 155
411483.3.peg.2456.site.49, 2, 149, 151
411483.3.peg.2456.site.50, 5, 146, 151
411483.3.peg.2456.site.51, 0, 139, 139
411483.3.peg.2456.site.52, 23, 140, 163
411483.3.peg.2456.site.53, 30, 136, 166
411483.3.peg.2456.site.54, 6, 144, 150
411483.3.peg.2456.site.55, 76, 137, 213
411483.3.peg.2456.site.56, 2, 143, 145
411483.3.peg.2456.site.57, 1, 144, 145
411483.3.peg.2456.site.58, 141, 144, 285
411483.3.peg.2456.site.59, 104, 138, 242
411483.3.peg.2456.site.60, 0, 138, 138
411483.3.peg.2456.site.61, 0, 140, 140
411483.3.peg.2456.site.62, 0, 138, 138
411483.3.peg.2456.site.63, 4, 131, 135
411483.3.peg.2456.site.64, 91, 132, 223
411483.3.peg.2456.site.65, 8, 141, 149
411483.3.peg.2456.site.66, 1, 142, 143
411483.3.peg.2456.site.67, 1, 154, 155
411483.3.peg.2456.site.68, 19, 144, 163
411483.3.peg.2456.site.69, 0, 149, 149
411483.3.peg.2456.site.70, 0, 149, 149
411483.3.peg.2456.site.71, 2, 152, 154
411483.3.peg.2456.site.72, 2, 151, 153
411483.3.peg.2456.site.73, 13, 151, 164
411483.3.peg.2456.site.74, 8, 149, 157
411483.3.peg.2456.site.75, 1, 154, 155
411483.3.peg.2456.site.76, 133, 150, 283
411483.3.peg.2456.site.77, 1, 152, 153
411483.3.peg.2456.site.78, 21, 147, 168
411483.3.peg.2456.site.79, 0, 151, 151
411483.3.peg.2456.site.80, 3, 151, 154
411483.3.peg.2456.site.81, 1, 150, 151
411483.3.peg.2456.site.82, 2, 151, 153
411483.3.peg.2456.site.83, 92, 143, 235
411483.3.peg.2456.site.84, 6, 148, 154
411483.3.peg.2456.site.85, 1, 146, 147
411483.3.peg.2456.site.86, 2, 144, 146
411483.3.peg.2456.site.87, 29, 144, 173
411483.3.peg.2456.site.88, 2, 145, 147
411483.3.peg.2456.site.89, 0, 147, 147
411483.3.peg.2456.site.90, 4, 140, 144
411483.3.peg.2456.site.91, 3, 141, 144
411483.3.peg.2456.site.92, 6, 145, 151
411483.3.peg.2456.site.93, 31, 136, 167
411483.3.peg.2456.site.94, 0, 148, 148
411483.3.peg.2456.site.95, 1, 149, 150
411483.3.peg.2456.site.96, 15, 147, 162
411483.3.peg.2456.site.97, 7, 148, 155
411483.3.peg.2456.site.98, 72, 140, 212
411483.3.peg.2456.site.99, 1, 152, 153
411483.3.peg.2456.site.100, 1, 153, 154
411483.3.peg.2456.site.101, 3, 148, 151
411483.3.peg.2456.site.102, 5, 153, 158
411483.3.peg.2456.site.103, 0, 151, 151
411483.3.peg.2456.site.104, 6, 152, 158
411483.3.peg.2456.site.105, 1, 155, 156
411483.3.peg.2456.site.106, 1, 154, 155
411483.3.peg.2450.site.1, 7, 153, 160
411483.3.peg.2450.site.2, 8, 149, 157
411483.3.peg.2450.site.3, 0, 141, 141
411483.3.peg.2450.site.4, 5, 138, 143
411483.3.peg.2450.site.5, 23, 132, 155
411483.3.peg.2450.site.6, 1, 143, 144
411483.3.peg.2450.site.7, 2, 135, 137
411483.3.peg.2450.site.8, 2, 148, 150
411483.3.peg.2450.site.9, 1, 149, 150
411483.3.peg.2450.site.10, 13, 143, 156
411483.3.peg.2450.site.11, 14, 144, 158
411483.3.peg.2450.site.12, 0, 147, 147
411483.3.peg.2450.site.13, 1, 151, 152
411483.3.peg.2450.site.14, 13, 148, 161
411483.3.peg.2450.site.15, 1, 153, 154
411483.3.peg.2450.site.16, 1, 154, 155
411483.3.peg.2450.site.17, 1, 154, 155
411483.3.peg.2450.site.18, 141, 153, 294
411483.3.peg.2450.site.19, 0, 154, 154
411483.3.peg.2450.site.20, 0, 153, 153
411483.3.peg.2450.site.21, 0, 154, 154
411483.3.peg.2450.site.22, 4, 155, 159
411483.3.peg.2450.site.23, 3, 155, 158
411483.3.peg.2450.site.24, 26, 144, 170
411483.3.peg.2450.site.25, 2, 154, 156
411483.3.peg.2450.site.26, 1, 154, 155
411483.3.peg.2450.site.27, 4, 153, 157
411483.3.peg.2450.site.28, 1, 152, 153
411483.3.peg.2450.site.29, 3, 150, 153
411483.3.peg.2450.site.30, 8, 145, 153
411483.3.peg.2450.site.31, 3, 149, 152
411483.3.peg.2450.site.32, 67, 143, 210
411483.3.peg.2450.site.33, 1, 144, 145
411483.3.peg.2450.site.34, 11, 144, 155
411483.3.peg.2450.site.35, 9, 144, 153
411483.3.peg.2450.site.36, 6, 144, 150
411483.3.peg.2450.site.37, 9, 147, 156
411483.3.peg.2450.site.38, 1, 147, 148
411483.3.peg.2450.site.39, 2, 149, 151
411483.3.peg.2450.site.40, 1, 149, 150
411483.3.peg.2450.site.41, 2, 151, 153
411483.3.peg.2450.site.42, 2, 152, 154
411483.3.peg.2450.site.43, 8, 151, 159
411483.3.peg.2450.site.44, 1, 150, 151
411483.3.peg.2450.site.45, 0, 152, 152
411483.3.peg.2450.site.46, 2, 152, 154
411483.3.peg.2450.site.47, 3, 153, 156
411483.3.peg.2450.site.48, 69, 141, 210
411483.3.peg.2450.site.49, 14, 151, 165
411483.3.peg.2450.site.50, 8, 153, 161
411483.3.peg.2450.site.51, 11, 152, 163
411483.3.peg.2450.site.52, 1, 154, 155
411483.3.peg.2450.site.53, 128, 147, 275
411483.3.peg.2450.site.54, 1, 153, 154
411483.3.peg.2450.site.55, 0, 149, 149
411483.3.peg.2450.site.56, 6, 152, 158
411483.3.peg.2450.site.57, 5, 153, 158
411483.3.peg.2450.site.58, 0, 143, 143
411483.3.peg.2450.site.59, 1, 153, 154
411483.3.peg.2450.site.60, 4, 150, 154
411483.3.peg.2450.site.61, 2, 151, 153
411483.3.peg.2450.site.62, 11, 148, 159
411483.3.peg.2450.site.63, 25, 142, 167
411483.3.peg.2450.site.64, 0, 151, 151
411483.3.peg.2450.site.65, 31, 148, 179
411483.3.peg.2450.site.66, 6, 150, 156
411483.3.peg.2450.site.67, 60, 139, 199
411483.3.peg.2450.site.68, 1, 152, 153
411483.3.peg.2450.site.69, 2, 150, 152
411483.3.peg.2450.site.70, 0, 151, 151
411483.3.peg.2450.site.71, 0, 147, 147
411483.3.peg.2450.site.72, 0, 149, 149
411483.3.peg.2450.site.73, 55, 140, 195
411483.3.peg.2450.site.74, 1, 153, 154
411483.3.peg.2450.site.75, 1, 153, 154
411483.3.peg.2450.site.76, 1, 151, 152
411483.3.peg.2450.site.77, 11, 148, 159
411483.3.peg.2450.site.78, 11, 149, 160
411483.3.peg.2450.site.79, 3, 151, 154
411483.3.peg.2450.site.80, 3, 152, 155
411483.3.peg.2450.site.81, 17, 147, 164
411483.3.peg.2450.site.82, 0, 150, 150
411483.3.peg.2450.site.83, 7, 149, 156
411483.3.peg.2450.site.84, 2, 154, 156
411483.3.peg.2450.site.85, 8, 153, 161
411483.3.peg.2450.site.86, 14, 149, 163
411483.3.peg.2450.site.87, 4, 155, 159
411483.3.peg.2450.site.88, 3, 154, 157
411483.3.peg.2450.site.89, 2, 155, 157
411483.3.peg.2450.site.90, 1, 154, 155
411483.3.peg.2450.site.91, 0, 153, 153
411483.3.peg.2450.site.92, 13, 146, 159
411483.3.peg.2450.site.93, 1, 152, 153
411483.3.peg.2450.site.94, 2, 152, 154
411483.3.peg.2450.site.95, 8, 151, 159
411483.3.peg.2450.site.96, 3, 154, 157
411483.3.peg.2450.site.97, 5, 154, 159
411483.3.peg.2450.site.98, 0, 154, 154
411483.3.peg.2451.site.1, 0, 154, 154
411483.3.peg.2451.site.2, 11, 147, 158
411483.3.peg.2451.site.3, 4, 149, 153
411483.3.peg.2451.site.4, 4, 153, 157
411483.3.peg.2451.site.5, 1, 155, 156
411483.3.peg.2451.site.6, 2, 155, 157
411483.3.peg.2451.site.7, 6, 151, 157
411483.3.peg.2451.site.8, 0, 154, 154
411483.3.peg.2451.site.9, 58, 141, 199
411483.3.peg.2451.site.10, 2, 155, 157
411483.3.peg.2451.site.11, 0, 154, 154
411483.3.peg.2451.site.12, 7, 151, 158
411483.3.peg.2451.site.13, 4, 151, 155
411483.3.peg.2451.site.14, 17, 150, 167
411483.3.peg.2451.site.15, 0, 152, 152
411483.3.peg.2451.site.16, 1, 153, 154
411483.3.peg.2451.site.17, 2, 155, 157
411483.3.peg.2451.site.18, 8, 152, 160
411483.3.peg.2451.site.19, 1, 151, 152
411483.3.peg.2451.site.20, 0, 153, 153
411483.3.peg.2451.site.21, 0, 154, 154
411483.3.peg.2451.site.22, 3, 154, 157
411483.3.peg.2451.site.23, 3, 154, 157
411483.3.peg.2451.site.24, 38, 140, 178
411483.3.peg.2451.site.25, 3, 154, 157
411483.3.peg.2451.site.26, 1, 151, 152
411483.3.peg.2451.site.27, 3, 154, 157
411483.3.peg.2451.site.28, 134, 151, 285
411483.3.peg.2451.site.29, 1, 153, 154
411483.3.peg.2451.site.30, 4, 154, 158
411483.3.peg.2451.site.31, 2, 152, 154
411483.3.peg.2451.site.32, 13, 151, 164
411483.3.peg.2451.site.33, 3, 153, 156
411483.3.peg.2451.site.34, 3, 153, 156
411483.3.peg.2451.site.35, 45, 144, 189
411483.3.peg.2451.site.36, 1, 151, 152
411483.3.peg.2451.site.37, 1, 153, 154
411483.3.peg.2451.site.38, 0, 152, 152
411483.3.peg.2451.site.39, 0, 154, 154
411483.3.peg.2451.site.40, 1, 154, 155
411483.3.peg.2451.site.41, 2, 154, 156
411483.3.peg.2451.site.42, 6, 150, 156
411483.3.peg.2451.site.43, 15, 147, 162
411483.3.peg.2451.site.44, 0, 153, 153
411483.3.peg.2451.site.45, 144, 149, 293
411483.3.peg.2451.site.46, 0, 147, 147
411483.3.peg.2451.site.47, 1, 148, 149
411483.3.peg.2451.site.48, 0, 147, 147
411483.3.peg.2451.site.49, 3, 149, 152
411483.3.peg.2451.site.50, 0, 147, 147
411483.3.peg.2451.site.51, 31, 136, 167
411483.3.peg.2451.site.52, 12, 146, 158
411483.3.peg.2451.site.53, 0, 151, 151
411483.3.peg.2451.site.54, 1, 149, 150
411483.3.peg.2451.site.55, 5, 144, 149
411483.3.peg.2451.site.56, 5, 144, 149
411483.3.peg.2451.site.57, 0, 151, 151
411483.3.peg.2451.site.58, 0, 152, 152
411483.3.peg.2451.site.59, 2, 151, 153
411483.3.peg.2451.site.60, 54, 140, 194
411483.3.peg.2451.site.61, 30, 139, 169
411483.3.peg.2451.site.62, 2, 153, 155
411483.3.peg.2451.site.63, 4, 152, 156
411483.3.peg.2451.site.64, 3, 153, 156
411483.3.peg.2451.site.65, 1, 154, 155
411483.3.peg.2451.site.66, 2, 154, 156
411483.3.peg.2452.site.1, 1, 153, 154
411483.3.peg.2452.site.2, 2, 154, 156
411483.3.peg.2452.site.3, 1, 154, 155
411483.3.peg.2452.site.4, 5, 150, 155
411483.3.peg.2452.site.5, 145, 151, 296
411483.3.peg.2452.site.6, 76, 144, 220
411483.3.peg.2452.site.7, 2, 151, 153
411483.3.peg.2452.site.8, 0, 150, 150
411483.3.peg.2452.site.9, 38, 140, 178
411483.3.peg.2452.site.10, 39, 144, 183
411483.3.peg.2452.site.11, 1, 151, 152
411483.3.peg.2452.site.12, 8, 149, 157
411483.3.peg.2452.site.13, 1, 155, 156
411483.3.peg.2452.site.14, 93, 143, 236
411483.3.peg.2452.site.15, 2, 154, 156
411483.3.peg.2452.site.16, 1, 155, 156
411483.3.peg.2452.site.17, 1, 155, 156
411483.3.peg.2452.site.18, 144, 152, 296
411483.3.peg.2452.site.19, 0, 153, 153
411483.3.peg.2452.site.20, 1, 152, 153
411483.3.peg.2452.site.21, 2, 154, 156
411483.3.peg.2452.site.22, 3, 154, 157
411483.3.peg.2452.site.23, 1, 155, 156
411483.3.peg.2452.site.24, 3, 154, 157
411483.3.peg.2452.site.25, 0, 155, 155
411483.3.peg.2452.site.26, 1, 155, 156
411483.3.peg.2452.site.27, 15, 153, 168
411483.3.peg.2452.site.28, 82, 144, 226
411483.3.peg.2452.site.29, 47, 139, 186
411483.3.peg.2452.site.30, 39, 145, 184
411483.3.peg.2452.site.31, 4, 155, 159
411483.3.peg.2452.site.32, 1, 155, 156
411483.3.peg.2452.site.33, 3, 150, 153
411483.3.peg.2452.site.34, 3, 153, 156
411483.3.peg.2452.site.35, 1, 154, 155
411483.3.peg.2452.site.36, 2, 155, 157
411483.3.peg.2452.site.37, 10, 153, 163
411483.3.peg.2452.site.38, 6, 152, 158
411483.3.peg.2452.site.39, 2, 155, 157
411483.3.peg.2452.site.40, 4, 153, 157
411483.3.peg.2452.site.41, 9, 153, 162
411483.3.peg.2452.site.42, 4, 155, 159
411483.3.peg.2452.site.43, 1, 155, 156
411483.3.peg.2452.site.44, 4, 155, 159
411483.3.peg.2452.site.45, 4, 155, 159
411483.3.peg.2452.site.46, 0, 155, 155
411483.3.peg.2452.site.47, 2, 155, 157
411483.3.peg.2452.site.48, 1, 152, 153
411483.3.peg.2452.site.49, 84, 150, 234
411483.3.peg.2452.site.50, 2, 153, 155
411483.3.peg.2452.site.51, 5, 147, 152
411483.3.peg.2453.site.1, 2, 147, 149
411483.3.peg.2453.site.2, 1, 146, 147
411483.3.peg.2453.site.3, 146, 146, 292
411483.3.peg.2453.site.4, 2, 145, 147
411483.3.peg.2453.site.5, 101, 141, 242
411483.3.peg.2453.site.6, 3, 142, 145
411483.3.peg.2453.site.7, 2, 143, 145
411483.3.peg.2453.site.8, 19, 139, 158
411483.3.peg.2453.site.9, 3, 142, 145
411483.3.peg.2453.site.10, 20, 141, 161
411483.3.peg.2453.site.11, 39, 138, 177
411483.3.peg.2453.site.12, 5, 138, 143
411483.3.peg.2453.site.13, 140, 143, 283
411483.3.peg.2453.site.14, 2, 141, 143
411483.3.peg.2050.site.1, 7, 154, 161
411483.3.peg.2050.site.2, 1, 154, 155
411483.3.peg.2050.site.3, 1, 154, 155
411483.3.peg.2050.site.4, 2, 154, 156
411483.3.peg.2050.site.5, 23, 150, 173
411483.3.peg.2050.site.6, 2, 154, 156
411483.3.peg.2050.site.7, 2, 152, 154
411483.3.peg.2050.site.8, 93, 139, 232
411483.3.peg.2050.site.9, 1, 152, 153
411483.3.peg.2050.site.10, 142, 145, 287
411483.3.peg.2050.site.11, 1, 146, 147
411483.3.peg.2050.site.12, 1, 144, 145
411483.3.peg.2050.site.13, 15, 138, 153
411483.3.peg.2050.site.14, 13, 137, 150
411483.3.peg.2050.site.15, 1, 127, 128
411483.3.peg.2050.site.16, 64, 126, 190
411483.3.peg.2050.site.17, 9, 135, 144
411483.3.peg.2050.site.18, 0, 137, 137
411483.3.peg.2050.site.19, 9, 134, 143
411483.3.peg.2050.site.20, 118, 130, 248
411483.3.peg.2050.site.21, 5, 129, 134
411483.3.peg.2050.site.22, 13, 104, 117
411483.3.peg.2050.site.23, 50, 139, 189
411483.3.peg.2050.site.24, 13, 145, 158
411483.3.peg.2050.site.25, 6, 151, 157
411483.3.peg.2050.site.26, 6, 150, 156
411483.3.peg.2050.site.27, 3, 152, 155
411483.3.peg.2050.site.28, 1, 151, 152
411483.3.peg.2050.site.29, 7, 154, 161
411483.3.peg.2050.site.30, 1, 151, 152
411483.3.peg.2050.site.31, 1, 153, 154
411483.3.peg.2050.site.32, 4, 151, 155
411483.3.peg.2050.site.33, 4, 153, 157
411483.3.peg.2050.site.34, 95, 142, 237
411483.3.peg.2050.site.35, 1, 153, 154
411483.3.peg.2050.site.36, 3, 153, 156
411483.3.peg.2050.site.37, 3, 153, 156
411483.3.peg.2050.site.38, 1, 151, 152
411483.3.peg.2050.site.39, 1, 154, 155
411483.3.peg.2050.site.40, 4, 153, 157
411483.3.peg.2050.site.41, 2, 154, 156
411483.3.peg.2050.site.42, 0, 153, 153
411483.3.peg.2050.site.43, 2, 153, 155
411483.3.peg.2050.site.44, 11, 152, 163
411483.3.peg.2050.site.45, 3, 155, 158
411483.3.peg.2050.site.46, 1, 153, 154
411483.3.peg.2050.site.47, 4, 153, 157
411483.3.peg.2050.site.48, 0, 153, 153
411483.3.peg.2050.site.49, 1, 153, 154
411483.3.peg.2050.site.50, 4, 155, 159
411483.3.peg.2050.site.51, 2, 155, 157
411483.3.peg.2050.site.52, 4, 155, 159
411483.3.peg.2050.site.53, 5, 154, 159
411483.3.peg.2050.site.54, 2, 154, 156
411483.3.peg.2050.site.55, 32, 148, 180
411483.3.peg.2050.site.56, 2, 152, 154
411483.3.peg.2050.site.57, 0, 152, 152
411483.3.peg.2050.site.58, 2, 155, 157
411483.3.peg.2050.site.59, 37, 150, 187
411483.3.peg.2050.site.60, 26, 149, 175
411483.3.peg.2050.site.61, 1, 154, 155
411483.3.peg.2050.site.62, 14, 154, 168
411483.3.peg.2050.site.63, 3, 154, 157
411483.3.peg.2050.site.64, 1, 155, 156
411483.3.peg.2050.site.65, 0, 153, 153
411483.3.peg.2051.site.1, 2, 153, 155
411483.3.peg.2051.site.2, 2, 151, 153
411483.3.peg.2051.site.3, 13, 148, 161
411483.3.peg.2051.site.4, 91, 142, 233
411483.3.peg.2051.site.5, 0, 151, 151
411483.3.peg.2051.site.6, 2, 150, 152
411483.3.peg.2051.site.7, 1, 153, 154
411483.3.peg.2051.site.8, 1, 148, 149
411483.3.peg.2051.site.9, 74, 142, 216
411483.3.peg.2051.site.10, 4, 150, 154
411483.3.peg.2051.site.11, 1, 153, 154
411483.3.peg.2051.site.12, 4, 151, 155
411483.3.peg.2051.site.13, 6, 148, 154
411483.3.peg.2051.site.14, 154, 154, 308
411483.3.peg.2051.site.15, 1, 149, 150
411483.3.peg.2051.site.16, 1, 148, 149
411483.3.peg.2051.site.17, 1, 150, 151
411483.3.peg.2051.site.18, 1, 146, 147
411483.3.peg.2051.site.19, 13, 132, 145
411483.3.peg.2051.site.20, 1, 143, 144
411483.3.peg.2051.site.21, 1, 145, 146
411483.3.peg.2051.site.22, 1, 151, 152
411483.3.peg.2051.site.23, 2, 153, 155
411483.3.peg.2051.site.24, 2, 151, 153
411483.3.peg.2051.site.25, 2, 153, 155
411483.3.peg.2051.site.26, 2, 154, 156
411483.3.peg.2051.site.27, 2, 153, 155
411483.3.peg.2051.site.28, 2, 150, 152
411483.3.peg.2051.site.29, 2, 153, 155
411483.3.peg.2051.site.30, 2, 148, 150
411483.3.peg.2051.site.31, 10, 147, 157
411483.3.peg.2051.site.32, 2, 153, 155
411483.3.peg.2051.site.33, 6, 151, 157
411483.3.peg.2051.site.34, 12, 149, 161
411483.3.peg.2051.site.35, 4, 147, 151
411483.3.peg.2051.site.36, 20, 151, 171
411483.3.peg.2051.site.37, 2, 154, 156
411483.3.peg.2051.site.38, 1, 154, 155
411483.3.peg.2051.site.39, 3, 154, 157
411483.3.peg.2051.site.40, 1, 153, 154
411483.3.peg.2051.site.41, 9, 149, 158
411483.3.peg.2051.site.42, 1, 148, 149
411483.3.peg.2052.site.1, 7, 150, 157
411483.3.peg.2052.site.2, 0, 154, 154
411483.3.peg.2052.site.3, 68, 144, 212
411483.3.peg.2052.site.4, 4, 154, 158
411483.3.peg.2052.site.5, 1, 155, 156
411483.3.peg.2052.site.6, 0, 154, 154
411483.3.peg.2052.site.7, 154, 154, 308
411483.3.peg.2052.site.8, 4, 155, 159
411483.3.peg.2052.site.9, 4, 153, 157
411483.3.peg.2052.site.10, 3, 155, 158
411483.3.peg.2052.site.11, 79, 145, 224
411483.3.peg.2052.site.12, 5, 155, 160
411483.3.peg.2052.site.13, 4, 154, 158
411483.3.peg.2052.site.14, 0, 153, 153
411483.3.peg.2052.site.15, 5, 154, 159
411483.3.peg.2052.site.16, 6, 151, 157
411483.3.peg.2052.site.17, 62, 147, 209
411483.3.peg.2052.site.18, 1, 154, 155
411483.3.peg.2052.site.19, 6, 151, 157
411483.3.peg.2052.site.20, 1, 155, 156
411483.3.peg.2052.site.21, 12, 153, 165
411483.3.peg.2052.site.22, 1, 154, 155
411483.3.peg.2052.site.23, 2, 153, 155
411483.3.peg.2052.site.24, 9, 152, 161
411483.3.peg.2052.site.25, 2, 152, 154
411483.3.peg.2052.site.26, 4, 151, 155
411483.3.peg.2052.site.27, 1, 149, 150
411483.3.peg.2052.site.28, 5, 147, 152
411483.3.peg.2052.site.29, 0, 149, 149
411483.3.peg.2054.site.1, 7, 150, 157
411483.3.peg.2054.site.2, 2, 129, 131
411483.3.peg.2054.site.3, 6, 129, 135
411483.3.peg.2054.site.4, 21, 112, 133
411483.3.peg.2054.site.5, 0, 123, 123
411483.3.peg.2054.site.6, 1, 110, 111
411483.3.peg.2054.site.7, 1, 119, 120
411483.3.peg.2054.site.8, 8, 123, 131
411483.3.peg.2054.site.9, 1, 121, 122
411483.3.peg.2054.site.10, 5, 125, 130
411483.3.peg.2054.site.11, 4, 125, 129
411483.3.peg.2054.site.12, 1, 128, 129
411483.3.peg.2054.site.13, 2, 120, 122
411483.3.peg.2054.site.14, 0, 128, 128
411483.3.peg.2054.site.15, 42, 113, 155
411483.3.peg.2054.site.16, 49, 117, 166
411483.3.peg.2054.site.17, 1, 125, 126
411483.3.peg.2054.site.18, 0, 125, 125
411483.3.peg.2054.site.19, 63, 119, 182
411483.3.peg.2054.site.20, 1, 129, 130
411483.3.peg.2054.site.21, 6, 107, 113
411483.3.peg.2054.site.22, 10, 106, 116
411483.3.peg.2054.site.23, 9, 93, 102
411483.3.peg.2054.site.24, 13, 94, 107
411483.3.peg.2054.site.25, 11, 96, 107
411483.3.peg.2054.site.26, 4, 92, 96
411483.3.peg.2054.site.27, 23, 76, 99
411483.3.peg.2054.site.28, 2, 97, 99
411483.3.peg.2054.site.29, 1, 97, 98
411483.3.peg.2054.site.30, 1, 91, 92
411483.3.peg.2054.site.31, 4, 90, 94
411483.3.peg.2054.site.32, 5, 94, 99
411483.3.peg.2054.site.33, 3, 95, 98
411483.3.peg.2054.site.34, 5, 102, 107
411483.3.peg.2054.site.35, 3, 123, 126
411483.3.peg.2054.site.36, 2, 123, 125
411483.3.peg.2054.site.37, 1, 127, 128
411483.3.peg.2054.site.38, 16, 115, 131
411483.3.peg.2054.site.39, 98, 105, 203
411483.3.peg.2054.site.40, 0, 113, 113
411483.3.peg.2054.site.41, 50, 97, 147
411483.3.peg.2054.site.42, 9, 105, 114
411483.3.peg.2054.site.43, 1, 119, 120
411483.3.peg.2054.site.44, 7, 111, 118
411483.3.peg.2054.site.45, 1, 138, 139
411483.3.peg.2054.site.46, 1, 143, 144
411483.3.peg.2054.site.47, 1, 142, 143
411483.3.peg.2054.site.48, 35, 134, 169
411483.3.peg.2054.site.49, 1, 141, 142
411483.3.peg.2054.site.50, 8, 150, 158
411483.3.peg.2054.site.51, 1, 146, 147
411483.3.peg.2054.site.52, 14, 143, 157
411483.3.peg.2054.site.53, 2, 153, 155
411483.3.peg.2054.site.54, 2, 152, 154
411483.3.peg.2054.site.55, 131, 148, 279
411483.3.peg.2054.site.56, 1, 151, 152
411483.3.peg.2054.site.57, 32, 144, 176
411483.3.peg.2054.site.58, 1, 154, 155
411483.3.peg.2054.site.59, 1, 155, 156
411483.3.peg.2054.site.60, 2, 154, 156
411483.3.peg.2054.site.61, 18, 151, 169
411483.3.peg.2054.site.62, 2, 154, 156
411483.3.peg.2054.site.63, 1, 154, 155
411483.3.peg.2054.site.64, 19, 151, 170
411483.3.peg.2054.site.65, 110, 145, 255
411483.3.peg.2054.site.66, 1, 155, 156
411483.3.peg.2054.site.67, 3, 155, 158
411483.3.peg.2054.site.68, 6, 153, 159
411483.3.peg.2054.site.69, 8, 152, 160
411483.3.peg.2054.site.70, 12, 148, 160
411483.3.peg.2054.site.71, 145, 149, 294
411483.3.peg.2054.site.72, 6, 155, 161
411483.3.peg.2054.site.73, 6, 153, 159
411483.3.peg.2054.site.74, 37, 142, 179
411483.3.peg.2054.site.75, 1, 151, 152
411483.3.peg.2054.site.76, 5, 150, 155
411483.3.peg.2054.site.77, 1, 150, 151
411483.3.peg.2054.site.78, 14, 145, 159
411483.3.peg.2054.site.79, 52, 136, 188
411483.3.peg.2054.site.80, 8, 142, 150
411483.3.peg.2054.site.81, 1, 146, 147
411483.3.peg.2054.site.82, 1, 147, 148
411483.3.peg.2054.site.83, 37, 140, 177
411483.3.peg.2054.site.84, 49, 143, 192
411483.3.peg.2054.site.85, 2, 151, 153
411483.3.peg.2054.site.86, 1, 151, 152
411483.3.peg.2054.site.87, 6, 148, 154
411483.3.peg.2054.site.88, 13, 148, 161
411483.3.peg.2054.site.89, 13, 149, 162
411483.3.peg.2054.site.90, 22, 145, 167
411483.3.peg.2054.site.91, 59, 138, 197
411483.3.peg.2054.site.92, 2, 152, 154
411483.3.peg.2054.site.93, 16, 147, 163
411483.3.peg.2054.site.94, 71, 145, 216
411483.3.peg.2054.site.95, 1, 155, 156
411483.3.peg.2054.site.96, 9, 152, 161
411483.3.peg.2054.site.97, 5, 152, 157
411483.3.peg.2054.site.98, 11, 152, 163
411483.3.peg.2054.site.99, 7, 152, 159
411483.3.peg.2054.site.100, 18, 151, 169
411483.3.peg.2054.site.101, 1, 153, 154
411483.3.peg.2054.site.102, 16, 145, 161
411483.3.peg.2054.site.103, 1, 150, 151
411483.3.peg.2054.site.104, 2, 151, 153
411483.3.peg.2054.site.105, 7, 152, 159
411483.3.peg.2054.site.106, 0, 152, 152
411483.3.peg.2054.site.107, 8, 149, 157
411483.3.peg.2054.site.108, 6, 153, 159
411483.3.peg.2054.site.109, 0, 151, 151
411483.3.peg.2054.site.110, 4, 154, 158
411483.3.peg.2054.site.111, 3, 154, 157
411483.3.peg.2054.site.112, 1, 154, 155
411483.3.peg.2054.site.113, 1, 154, 155
411483.3.peg.2054.site.114, 0, 152, 152
411483.3.peg.2054.site.115, 1, 152, 153
411483.3.peg.2054.site.116, 7, 147, 154
411483.3.peg.2054.site.117, 138, 144, 282
411483.3.peg.2054.site.118, 21, 137, 158
411483.3.peg.2054.site.119, 8, 141, 149
411483.3.peg.2054.site.120, 2, 132, 134
411483.3.peg.2054.site.121, 4, 128, 132
411483.3.peg.2054.site.122, 1, 96, 97
411483.3.peg.2057.site.1, 29, 154, 183
411483.3.peg.2057.site.2, 2, 155, 157
411483.3.peg.2057.site.3, 4, 154, 158
411483.3.peg.2057.site.4, 4, 153, 157
411483.3.peg.2057.site.5, 0, 151, 151
411483.3.peg.2057.site.6, 5, 150, 155
411483.3.peg.2057.site.7, 16, 147, 163
411483.3.peg.2057.site.8, 8, 142, 150
411483.3.peg.2057.site.9, 5, 143, 148
411483.3.peg.2057.site.10, 2, 141, 143
411483.3.peg.2057.site.11, 5, 133, 138
411483.3.peg.2057.site.12, 1, 140, 141
411483.3.peg.2057.site.13, 2, 141, 143
411483.3.peg.2057.site.14, 0, 139, 139
411483.3.peg.2057.site.15, 5, 145, 150
411483.3.peg.2057.site.16, 4, 148, 152
411483.3.peg.2057.site.17, 135, 142, 277
411483.3.peg.2057.site.18, 1, 149, 150
411483.3.peg.2057.site.19, 33, 139, 172
411483.3.peg.2057.site.20, 0, 147, 147
411483.3.peg.2057.site.21, 0, 151, 151
411483.3.peg.2057.site.22, 0, 154, 154
411483.3.peg.2057.site.23, 3, 152, 155
411483.3.peg.2057.site.24, 44, 150, 194
411483.3.peg.2057.site.25, 3, 153, 156
411483.3.peg.2057.site.26, 11, 150, 161
411483.3.peg.2058.site.1, 0, 149, 149
411483.3.peg.2058.site.2, 6, 149, 155
411483.3.peg.2058.site.3, 0, 155, 155
411483.3.peg.2058.site.4, 0, 154, 154
411483.3.peg.2058.site.5, 1, 152, 153
411483.3.peg.2058.site.6, 5, 150, 155
411483.3.peg.2058.site.7, 13, 153, 166
411483.3.peg.2058.site.8, 1, 154, 155
411483.3.peg.2058.site.9, 3, 154, 157
411483.3.peg.2058.site.10, 8, 151, 159
411483.3.peg.2058.site.11, 18, 149, 167
411483.3.peg.2058.site.12, 0, 155, 155
411483.3.peg.2058.site.13, 2, 154, 156
411483.3.peg.2058.site.14, 1, 154, 155
411483.3.peg.2058.site.15, 1, 153, 154
411483.3.peg.2058.site.16, 1, 152, 153
411483.3.peg.2058.site.17, 9, 150, 159
411483.3.peg.2058.site.18, 2, 154, 156
411483.3.peg.2058.site.19, 7, 151, 158
411483.3.peg.2058.site.20, 10, 150, 160
411483.3.peg.2058.site.21, 1, 151, 152
411483.3.peg.2058.site.22, 2, 152, 154
411483.3.peg.2058.site.23, 4, 145, 149
411483.3.peg.2058.site.24, 33, 141, 174
411483.3.peg.2058.site.25, 1, 150, 151
411483.3.peg.2058.site.26, 1, 148, 149
411483.3.peg.2058.site.27, 4, 146, 150
411483.3.peg.2058.site.28, 2, 145, 147
411483.3.peg.2058.site.29, 3, 146, 149
411483.3.peg.2058.site.30, 123, 141, 264
411483.3.peg.2058.site.31, 2, 143, 145
411483.3.peg.2058.site.32, 1, 147, 148
411483.3.peg.2058.site.33, 3, 150, 153
411483.3.peg.2058.site.34, 0, 150, 150
411483.3.peg.2058.site.35, 1, 151, 152
411483.3.peg.2058.site.36, 3, 152, 155
411483.3.peg.2058.site.37, 3, 145, 148
411483.3.peg.2058.site.38, 1, 149, 150
411483.3.peg.2058.site.39, 1, 150, 151
411483.3.peg.2058.site.40, 33, 135, 168
411483.3.peg.2058.site.41, 3, 150, 153
411483.3.peg.2058.site.42, 3, 152, 155
411483.3.peg.2058.site.43, 1, 151, 152
411483.3.peg.2058.site.44, 1, 152, 153
411483.3.peg.2058.site.45, 1, 150, 151
411483.3.peg.2058.site.46, 2, 149, 151
411483.3.peg.2058.site.47, 16, 147, 163
411483.3.peg.2058.site.48, 3, 144, 147
411483.3.peg.2058.site.49, 13, 141, 154
411483.3.peg.2058.site.50, 5, 137, 142
411483.3.peg.2058.site.51, 3, 135, 138
411483.3.peg.2058.site.52, 4, 134, 138
411483.3.peg.2058.site.53, 0, 119, 119
411483.3.peg.2058.site.54, 5, 129, 134
411483.3.peg.2058.site.55, 5, 121, 126
411483.3.peg.2058.site.56, 13, 123, 136
411483.3.peg.2058.site.57, 0, 129, 129
411483.3.peg.2058.site.58, 1, 129, 130
411483.3.peg.2058.site.59, 1, 123, 124
411483.3.peg.2058.site.60, 2, 140, 142
411483.3.peg.2058.site.61, 3, 146, 149
411483.3.peg.2058.site.62, 0, 146, 146
411483.3.peg.2058.site.63, 0, 144, 144
411483.3.peg.2058.site.64, 1, 150, 151
411483.3.peg.2058.site.65, 2, 148, 150
411483.3.peg.2058.site.66, 3, 149, 152
411483.3.peg.2058.site.67, 22, 149, 171
411483.3.peg.2058.site.68, 1, 154, 155
411483.3.peg.2058.site.69, 5, 152, 157
411483.3.peg.2058.site.70, 0, 150, 150
411483.3.peg.2058.site.71, 146, 150, 296
411483.3.peg.2058.site.72, 3, 141, 144
411483.3.peg.2058.site.73, 0, 148, 148
411483.3.peg.2059.site.1, 3, 129, 132
411483.3.peg.2059.site.2, 17, 133, 150
411483.3.peg.2059.site.3, 4, 133, 137
411483.3.peg.2059.site.4, 11, 127, 138
411483.3.peg.2059.site.5, 3, 117, 120
411483.3.peg.2059.site.6, 25, 124, 149
411483.3.peg.2059.site.7, 133, 133, 266
411483.3.peg.2059.site.8, 1, 149, 150
411483.3.peg.2059.site.9, 117, 144, 261
411483.3.peg.2059.site.10, 1, 145, 146
411483.3.peg.2059.site.11, 3, 148, 151
411483.3.peg.2059.site.12, 1, 149, 150
411483.3.peg.2059.site.13, 21, 141, 162
411483.3.peg.2059.site.14, 7, 149, 156
411483.3.peg.2059.site.15, 6, 151, 157
411483.3.peg.2059.site.16, 3, 151, 154
411483.3.peg.2059.site.17, 12, 135, 147
411483.3.peg.2059.site.18, 1, 143, 144
411483.3.peg.2059.site.19, 1, 148, 149
411483.3.peg.2059.site.20, 9, 149, 158
411483.3.peg.2059.site.21, 4, 154, 158
411483.3.peg.2059.site.22, 1, 153, 154
411483.3.peg.2059.site.23, 8, 148, 156
411483.3.peg.2059.site.24, 6, 151, 157
411483.3.peg.2059.site.25, 3, 154, 157
411483.3.peg.2059.site.26, 0, 153, 153
411483.3.peg.2059.site.27, 4, 152, 156
411483.3.peg.2059.site.28, 4, 150, 154
411483.3.peg.2059.site.29, 25, 145, 170
411483.3.peg.2059.site.30, 2, 148, 150
411483.3.peg.2059.site.31, 2, 150, 152
411483.3.peg.2059.site.32, 0, 147, 147
411483.3.peg.2059.site.33, 2, 142, 144
411483.3.peg.2059.site.34, 4, 151, 155
411483.3.peg.1839.site.1, 11, 148, 159
411483.3.peg.1839.site.2, 7, 149, 156
411483.3.peg.1839.site.3, 1, 154, 155
411483.3.peg.1839.site.4, 1, 155, 156
411483.3.peg.1839.site.5, 4, 152, 156
411483.3.peg.1839.site.6, 32, 141, 173
411483.3.peg.1839.site.7, 8, 147, 155
411483.3.peg.1839.site.8, 3, 147, 150
411483.3.peg.1839.site.9, 0, 153, 153
411483.3.peg.1839.site.10, 0, 152, 152
411483.3.peg.1839.site.11, 5, 151, 156
411483.3.peg.1839.site.12, 24, 151, 175
411483.3.peg.1839.site.13, 0, 152, 152
411483.3.peg.1839.site.14, 2, 154, 156
411483.3.peg.1839.site.15, 0, 152, 152
411483.3.peg.1839.site.16, 3, 155, 158
411483.3.peg.1839.site.17, 4, 154, 158
411483.3.peg.1839.site.18, 17, 153, 170
411483.3.peg.1839.site.19, 1, 154, 155
411483.3.peg.1839.site.20, 2, 155, 157
411483.3.peg.1839.site.21, 58, 145, 203
411483.3.peg.1839.site.22, 1, 153, 154
411483.3.peg.1839.site.23, 1, 151, 152
411483.3.peg.1839.site.24, 9, 144, 153
411483.3.peg.1839.site.25, 95, 127, 222
411483.3.peg.1839.site.26, 90, 121, 211
411483.3.peg.1839.site.27, 41, 122, 163
411483.3.peg.1839.site.28, 2, 131, 133
411483.3.peg.1839.site.29, 16, 125, 141
411483.3.peg.1839.site.30, 132, 132, 264
411483.3.peg.1839.site.31, 6, 129, 135
411483.3.peg.1839.site.32, 3, 136, 139
411483.3.peg.1839.site.33, 7, 138, 145
411483.3.peg.1839.site.34, 2, 142, 144
411483.3.peg.1839.site.35, 75, 130, 205
411483.3.peg.1839.site.36, 30, 138, 168
411483.3.peg.1839.site.37, 107, 138, 245
411483.3.peg.1839.site.38, 148, 148, 296
411483.3.peg.1839.site.39, 1, 147, 148
411483.3.peg.1839.site.40, 37, 135, 172
411483.3.peg.1839.site.41, 1, 148, 149
411483.3.peg.1839.site.42, 0, 142, 142
411483.3.peg.1839.site.43, 1, 148, 149
411483.3.peg.1839.site.44, 146, 148, 294
411483.3.peg.1839.site.45, 1, 151, 152
411483.3.peg.1839.site.46, 1, 149, 150
411483.3.peg.1839.site.47, 19, 144, 163
411483.3.peg.1839.site.48, 66, 141, 207
411483.3.peg.1839.site.49, 1, 150, 151
411483.3.peg.1839.site.50, 6, 146, 152
411483.3.peg.1839.site.51, 151, 151, 302
411483.3.peg.1839.site.52, 4, 151, 155
411483.3.peg.1839.site.53, 5, 150, 155
411483.3.peg.1839.site.54, 62, 143, 205
411483.3.peg.1839.site.55, 5, 152, 157
411483.3.peg.1839.site.56, 7, 149, 156
411483.3.peg.1839.site.57, 1, 153, 154
411483.3.peg.1839.site.58, 5, 149, 154
411483.3.peg.1839.site.59, 4, 153, 157
411483.3.peg.1839.site.60, 76, 142, 218
411483.3.peg.1839.site.61, 2, 154, 156
411483.3.peg.1839.site.62, 8, 149, 157
411483.3.peg.1839.site.63, 4, 153, 157
411483.3.peg.1839.site.64, 3, 154, 157
411483.3.peg.1839.site.65, 3, 155, 158
411483.3.peg.1839.site.66, 5, 155, 160
411483.3.peg.1839.site.67, 10, 153, 163
411483.3.peg.1839.site.68, 16, 149, 165
411483.3.peg.1839.site.69, 1, 155, 156
411483.3.peg.1839.site.70, 5, 150, 155
411483.3.peg.1839.site.71, 77, 143, 220
411483.3.peg.1839.site.72, 1, 155, 156
411483.3.peg.1839.site.73, 1, 155, 156
411483.3.peg.1839.site.74, 5, 154, 159
411483.3.peg.1839.site.75, 3, 153, 156
411483.3.peg.1839.site.76, 20, 146, 166
411483.3.peg.1839.site.77, 151, 153, 304
411483.3.peg.1839.site.78, 2, 152, 154
411483.3.peg.1839.site.79, 76, 142, 218
411483.3.peg.1839.site.80, 1, 152, 153
411483.3.peg.1839.site.81, 4, 147, 151
411483.3.peg.1839.site.82, 7, 148, 155
411483.3.peg.1839.site.83, 2, 151, 153
411483.3.peg.1839.site.84, 63, 140, 203
411483.3.peg.1839.site.85, 10, 142, 152
411483.3.peg.1839.site.86, 84, 128, 212
411483.3.peg.1839.site.87, 16, 142, 158
411483.3.peg.1839.site.88, 1, 149, 150
411483.3.peg.1839.site.89, 1, 152, 153
411483.3.peg.1839.site.90, 57, 146, 203
411483.3.peg.1839.site.91, 4, 148, 152
411483.3.peg.1839.site.92, 4, 147, 151
411483.3.peg.1839.site.93, 9, 143, 152
411483.3.peg.1839.site.94, 18, 142, 160
411483.3.peg.1839.site.95, 1, 152, 153
411483.3.peg.1839.site.96, 11, 150, 161
411483.3.peg.1839.site.97, 1, 154, 155
411483.3.peg.1839.site.98, 8, 140, 148
411483.3.peg.1839.site.99, 66, 139, 205
411483.3.peg.1839.site.100, 3, 146, 149
411483.3.peg.1839.site.101, 16, 136, 152
411483.3.peg.1839.site.102, 5, 148, 153
411483.3.peg.1839.site.103, 0, 148, 148
411483.3.peg.1839.site.104, 1, 147, 148
411483.3.peg.1839.site.105, 3, 149, 152
411483.3.peg.1839.site.106, 2, 149, 151
411483.3.peg.1838.site.1, 21, 150, 171
411483.3.peg.1838.site.2, 1, 155, 156
411483.3.peg.1838.site.3, 1, 153, 154
411483.3.peg.1838.site.4, 3, 150, 153
411483.3.peg.1838.site.5, 4, 153, 157
411483.3.peg.1838.site.6, 3, 155, 158
411483.3.peg.1838.site.7, 131, 150, 281
411483.3.peg.1838.site.8, 2, 153, 155
411483.3.peg.1838.site.9, 7, 152, 159
411483.3.peg.1838.site.10, 5, 155, 160
411483.3.peg.1838.site.11, 9, 151, 160
411483.3.peg.1838.site.12, 0, 154, 154
411483.3.peg.1838.site.13, 7, 155, 162
411483.3.peg.1838.site.14, 14, 154, 168
411483.3.peg.1838.site.15, 1, 153, 154
411483.3.peg.1838.site.16, 59, 142, 201
411483.3.peg.1838.site.17, 29, 146, 175
411483.3.peg.1838.site.18, 1, 154, 155
411483.3.peg.1838.site.19, 2, 154, 156
411483.3.peg.1838.site.20, 45, 144, 189
411483.3.peg.1838.site.21, 3, 145, 148
411483.3.peg.1838.site.22, 2, 152, 154
411483.3.peg.1838.site.23, 1, 152, 153
411483.3.peg.1838.site.24, 1, 153, 154
411483.3.peg.1838.site.25, 2, 147, 149
411483.3.peg.1838.site.26, 4, 154, 158
411483.3.peg.1838.site.27, 3, 155, 158
411483.3.peg.1838.site.28, 21, 148, 169
411483.3.peg.1838.site.29, 15, 145, 160
411483.3.peg.1838.site.30, 22, 151, 173
411483.3.peg.1838.site.31, 1, 154, 155
411483.3.peg.1838.site.32, 9, 151, 160
411483.3.peg.1838.site.33, 7, 151, 158
411483.3.peg.1838.site.34, 3, 152, 155
411483.3.peg.1838.site.35, 0, 152, 152
411483.3.peg.1838.site.36, 2, 151, 153
411483.3.peg.1838.site.37, 1, 152, 153
411483.3.peg.1838.site.38, 2, 149, 151
411483.3.peg.1838.site.39, 1, 148, 149
411483.3.peg.1838.site.40, 18, 138, 156
411483.3.peg.1838.site.41, 2, 148, 150
411483.3.peg.1838.site.42, 16, 146, 162
411483.3.peg.1838.site.43, 2, 151, 153
411483.3.peg.1838.site.44, 8, 141, 149
411483.3.peg.1838.site.45, 7, 148, 155
411483.3.peg.1838.site.46, 26, 144, 170
411483.3.peg.1838.site.47, 6, 142, 148
411483.3.peg.1833.site.1, 2, 154, 156
411483.3.peg.1833.site.2, 1, 154, 155
411483.3.peg.1833.site.3, 2, 154, 156
411483.3.peg.1833.site.4, 1, 154, 155
411483.3.peg.1833.site.5, 11, 146, 157
411483.3.peg.1833.site.6, 137, 150, 287
411483.3.peg.1833.site.7, 0, 152, 152
411483.3.peg.1833.site.8, 2, 154, 156
411483.3.peg.1833.site.9, 1, 155, 156
411483.3.peg.1833.site.10, 0, 153, 153
411483.3.peg.1833.site.11, 2, 152, 154
411483.3.peg.1833.site.12, 8, 149, 157
411483.3.peg.1833.site.13, 55, 145, 200
411483.3.peg.1833.site.14, 2, 153, 155
411483.3.peg.1833.site.15, 4, 155, 159
411483.3.peg.1833.site.16, 0, 154, 154
411483.3.peg.1833.site.17, 5, 154, 159
411483.3.peg.1833.site.18, 0, 155, 155
411483.3.peg.1833.site.19, 8, 153, 161
411483.3.peg.1833.site.20, 5, 150, 155
411483.3.peg.1833.site.21, 22, 149, 171
411483.3.peg.1832.site.1, 1, 101, 102
411483.3.peg.1832.site.2, 4, 103, 107
411483.3.peg.1832.site.3, 1, 107, 108
411483.3.peg.1832.site.4, 11, 113, 124
411483.3.peg.1832.site.5, 1, 120, 121
411483.3.peg.1832.site.6, 3, 125, 128
411483.3.peg.1832.site.7, 4, 123, 127
411483.3.peg.1832.site.8, 1, 132, 133
411483.3.peg.1832.site.9, 1, 128, 129
411483.3.peg.1832.site.10, 0, 128, 128
411483.3.peg.1832.site.11, 9, 128, 137
411483.3.peg.1832.site.12, 1, 133, 134
411483.3.peg.1832.site.13, 25, 127, 152
411483.3.peg.1832.site.14, 10, 126, 136
411483.3.peg.1832.site.15, 1, 137, 138
411483.3.peg.1832.site.16, 2, 138, 140
411483.3.peg.1832.site.17, 1, 140, 141
411483.3.peg.1832.site.18, 75, 116, 191
411483.3.peg.1832.site.19, 38, 131, 169
411483.3.peg.1832.site.20, 4, 138, 142
411483.3.peg.1832.site.21, 2, 138, 140
411483.3.peg.1832.site.22, 17, 138, 155
411483.3.peg.1832.site.23, 1, 140, 141
411483.3.peg.1832.site.24, 0, 137, 137
411483.3.peg.1832.site.25, 14, 136, 150
411483.3.peg.1832.site.26, 3, 143, 146
411483.3.peg.1832.site.27, 2, 144, 146
411483.3.peg.1832.site.28, 1, 139, 140
411483.3.peg.1832.site.29, 13, 129, 142
411483.3.peg.1832.site.30, 22, 117, 139
411483.3.peg.1832.site.31, 1, 117, 118
411483.3.peg.1832.site.32, 9, 95, 104
411483.3.peg.1832.site.33, 3, 90, 93
411483.3.peg.1832.site.34, 0, 135, 135
411483.3.peg.1832.site.35, 2, 137, 139
411483.3.peg.1832.site.36, 5, 138, 143
411483.3.peg.1832.site.37, 3, 146, 149
411483.3.peg.1832.site.38, 1, 148, 149
411483.3.peg.1832.site.39, 1, 149, 150
411483.3.peg.1831.site.1, 145, 152, 297
411483.3.peg.1831.site.2, 1, 139, 140
411483.3.peg.1831.site.3, 1, 144, 145
411483.3.peg.1831.site.4, 3, 141, 144
411483.3.peg.1831.site.5, 2, 139, 141
411483.3.peg.1831.site.6, 3, 113, 116
411483.3.peg.1831.site.7, 0, 140, 140
411483.3.peg.1831.site.8, 8, 132, 140
411483.3.peg.1831.site.9, 0, 137, 137
411483.3.peg.1831.site.10, 1, 134, 135
411483.3.peg.1831.site.11, 107, 125, 232
411483.3.peg.1831.site.12, 1, 146, 147
411483.3.peg.1831.site.13, 3, 144, 147
411483.3.peg.1831.site.14, 13, 144, 157
411483.3.peg.1831.site.15, 17, 148, 165
411483.3.peg.1831.site.16, 16, 145, 161
411483.3.peg.1831.site.17, 22, 141, 163
411483.3.peg.1831.site.18, 5, 148, 153
411483.3.peg.1831.site.19, 22, 145, 167
411483.3.peg.1831.site.20, 4, 151, 155
411483.3.peg.1831.site.21, 4, 155, 159
411483.3.peg.1831.site.22, 1, 155, 156
411483.3.peg.1831.site.23, 1, 153, 154
411483.3.peg.1831.site.24, 13, 149, 162
411483.3.peg.1831.site.25, 13, 151, 164
411483.3.peg.1831.site.26, 9, 152, 161
411483.3.peg.1831.site.27, 1, 155, 156
411483.3.peg.1831.site.28, 139, 147, 286
411483.3.peg.1831.site.29, 11, 150, 161
411483.3.peg.1831.site.30, 3, 153, 156
411483.3.peg.1831.site.31, 65, 146, 211
411483.3.peg.1831.site.32, 20, 146, 166
411483.3.peg.1831.site.33, 5, 150, 155
411483.3.peg.1831.site.34, 26, 145, 171
411483.3.peg.1831.site.35, 52, 142, 194
411483.3.peg.1831.site.36, 2, 153, 155
411483.3.peg.1831.site.37, 50, 143, 193
411483.3.peg.1831.site.38, 2, 151, 153
411483.3.peg.1831.site.39, 1, 155, 156
411483.3.peg.1831.site.40, 1, 155, 156
411483.3.peg.1831.site.41, 0, 153, 153
411483.3.peg.1831.site.42, 26, 147, 173
411483.3.peg.1831.site.43, 9, 150, 159
411483.3.peg.1831.site.44, 1, 154, 155
411483.3.peg.1831.site.45, 1, 154, 155
411483.3.peg.1831.site.46, 35, 146, 181
411483.3.peg.1831.site.47, 0, 152, 152
411483.3.peg.1831.site.48, 0, 151, 151
411483.3.peg.1831.site.49, 4, 139, 143
411483.3.peg.1831.site.50, 3, 107, 110
411483.3.peg.1831.site.51, 3, 69, 72
411483.3.peg.1831.site.52, 2, 57, 59
411483.3.peg.1830.site.1, 2, 151, 153
411483.3.peg.1830.site.2, 81, 143, 224
411483.3.peg.1830.site.3, 153, 153, 306
411483.3.peg.1830.site.4, 2, 155, 157
411483.3.peg.1830.site.5, 0, 151, 151
411483.3.peg.1830.site.6, 2, 150, 152
411483.3.peg.1830.site.7, 1, 150, 151
411483.3.peg.1830.site.8, 29, 144, 173
411483.3.peg.1830.site.9, 1, 151, 152
411483.3.peg.1837.site.1, 2, 153, 155
411483.3.peg.1837.site.2, 3, 153, 156
411483.3.peg.1837.site.3, 1, 151, 152
411483.3.peg.1837.site.4, 13, 151, 164
411483.3.peg.1837.site.5, 1, 153, 154
411483.3.peg.1837.site.6, 1, 149, 150
411483.3.peg.1836.site.1, 6, 149, 155
411483.3.peg.1836.site.2, 14, 141, 155
411483.3.peg.1836.site.3, 9, 149, 158
411483.3.peg.1836.site.4, 2, 148, 150
411483.3.peg.1836.site.5, 3, 151, 154
411483.3.peg.1836.site.6, 1, 149, 150
411483.3.peg.1836.site.7, 14, 147, 161
411483.3.peg.1836.site.8, 7, 146, 153
411483.3.peg.1836.site.9, 0, 146, 146
411483.3.peg.1836.site.10, 4, 145, 149
411483.3.peg.1836.site.11, 1, 147, 148
411483.3.peg.1836.site.12, 1, 146, 147
411483.3.peg.1836.site.13, 92, 131, 223
411483.3.peg.1836.site.14, 7, 145, 152
411483.3.peg.1836.site.15, 69, 137, 206
411483.3.peg.1836.site.16, 4, 145, 149
411483.3.peg.1836.site.17, 25, 144, 169
411483.3.peg.1836.site.18, 1, 151, 152
411483.3.peg.1836.site.19, 0, 149, 149
411483.3.peg.1836.site.20, 36, 132, 168
411483.3.peg.1836.site.21, 1, 149, 150
411483.3.peg.1836.site.22, 7, 149, 156
411483.3.peg.1836.site.23, 3, 154, 157
411483.3.peg.1836.site.24, 8, 154, 162
411483.3.peg.1836.site.25, 0, 151, 151
411483.3.peg.1836.site.26, 27, 145, 172
411483.3.peg.1836.site.27, 1, 154, 155
411483.3.peg.1836.site.28, 62, 142, 204
411483.3.peg.1836.site.29, 77, 142, 219
411483.3.peg.1836.site.30, 2, 151, 153
411483.3.peg.1836.site.31, 2, 154, 156
411483.3.peg.1836.site.32, 2, 154, 156
411483.3.peg.1836.site.33, 3, 153, 156
411483.3.peg.1836.site.34, 49, 140, 189
411483.3.peg.1836.site.35, 1, 155, 156
411483.3.peg.1836.site.36, 88, 145, 233
411483.3.peg.1836.site.37, 1, 154, 155
411483.3.peg.1836.site.38, 23, 146, 169
411483.3.peg.1836.site.39, 3, 152, 155
411483.3.peg.1836.site.40, 6, 144, 150
411483.3.peg.1836.site.41, 5, 142, 147
411483.3.peg.1836.site.42, 1, 151, 152
411483.3.peg.1836.site.43, 4, 147, 151
411483.3.peg.1836.site.44, 3, 150, 153
411483.3.peg.1836.site.45, 6, 149, 155
411483.3.peg.1836.site.46, 2, 146, 148
411483.3.peg.1836.site.47, 34, 143, 177
411483.3.peg.1836.site.48, 5, 149, 154
411483.3.peg.1836.site.49, 3, 141, 144
411483.3.peg.1836.site.50, 2, 135, 137
411483.3.peg.1836.site.51, 9, 127, 136
411483.3.peg.1836.site.52, 0, 128, 128
411483.3.peg.1836.site.53, 8, 125, 133
411483.3.peg.1836.site.54, 1, 139, 140
411483.3.peg.1836.site.55, 10, 133, 143
411483.3.peg.1836.site.56, 14, 147, 161
411483.3.peg.1836.site.57, 11, 145, 156
411483.3.peg.1836.site.58, 1, 143, 144
411483.3.peg.1836.site.59, 2, 145, 147
411483.3.peg.1836.site.60, 4, 146, 150
411483.3.peg.1836.site.61, 41, 139, 180
411483.3.peg.1836.site.62, 8, 147, 155
411483.3.peg.1836.site.63, 7, 142, 149
411483.3.peg.1836.site.64, 22, 136, 158
411483.3.peg.1836.site.65, 7, 145, 152
411483.3.peg.1836.site.66, 19, 142, 161
411483.3.peg.1836.site.67, 3, 146, 149
411483.3.peg.1836.site.68, 4, 147, 151
411483.3.peg.1836.site.69, 0, 147, 147
411483.3.peg.1836.site.70, 13, 145, 158
411483.3.peg.1836.site.71, 103, 142, 245
411483.3.peg.1836.site.72, 0, 150, 150
411483.3.peg.1836.site.73, 12, 153, 165
411483.3.peg.1836.site.74, 1, 150, 151
411483.3.peg.1836.site.75, 2, 150, 152
411483.3.peg.1836.site.76, 24, 144, 168
411483.3.peg.1836.site.77, 1, 150, 151
411483.3.peg.1836.site.78, 2, 145, 147
411483.3.peg.1836.site.79, 9, 145, 154
411483.3.peg.1836.site.80, 0, 146, 146
411483.3.peg.1836.site.81, 23, 133, 156
411483.3.peg.1836.site.82, 2, 148, 150
411483.3.peg.1836.site.83, 8, 142, 150
411483.3.peg.1836.site.84, 2, 149, 151
411483.3.peg.1836.site.85, 7, 145, 152
411483.3.peg.1836.site.86, 4, 151, 155
411483.3.peg.1836.site.87, 9, 146, 155
411483.3.peg.1836.site.88, 0, 150, 150
411483.3.peg.1836.site.89, 8, 150, 158
411483.3.peg.1836.site.90, 2, 152, 154
411483.3.peg.1836.site.91, 59, 141, 200
411483.3.peg.1836.site.92, 1, 154, 155
411483.3.peg.1836.site.93, 3, 152, 155
411483.3.peg.1836.site.94, 1, 153, 154
411483.3.peg.1836.site.95, 0, 154, 154
411483.3.peg.1835.site.1, 6, 150, 156
411483.3.peg.1835.site.2, 29, 146, 175
411483.3.peg.1835.site.3, 1, 147, 148
411483.3.peg.1835.site.4, 10, 147, 157
411483.3.peg.1835.site.5, 21, 146, 167
411483.3.peg.1835.site.6, 3, 144, 147
411483.3.peg.1835.site.7, 13, 143, 156
411483.3.peg.1835.site.8, 7, 143, 150
411483.3.peg.1835.site.9, 1, 151, 152
411483.3.peg.1835.site.10, 2, 147, 149
411483.3.peg.1835.site.11, 1, 151, 152
411483.3.peg.1835.site.12, 137, 145, 282
411483.3.peg.1835.site.13, 4, 139, 143
411483.3.peg.1835.site.14, 2, 140, 142
411483.3.peg.1835.site.15, 4, 139, 143
411483.3.peg.1835.site.16, 0, 141, 141
411483.3.peg.1835.site.17, 17, 145, 162
411483.3.peg.1835.site.18, 1, 149, 150
411483.3.peg.1835.site.19, 17, 141, 158
411483.3.peg.1835.site.20, 18, 146, 164
411483.3.peg.1835.site.21, 5, 152, 157
411483.3.peg.1835.site.22, 3, 154, 157
411483.3.peg.1835.site.23, 20, 150, 170
411483.3.peg.1835.site.24, 2, 152, 154
411483.3.peg.1835.site.25, 11, 148, 159
411483.3.peg.1835.site.26, 2, 153, 155
411483.3.peg.1835.site.27, 7, 153, 160
411483.3.peg.1835.site.28, 14, 145, 159
411483.3.peg.1835.site.29, 1, 151, 152
411483.3.peg.1835.site.30, 2, 150, 152
411483.3.peg.1835.site.31, 10, 152, 162
411483.3.peg.1835.site.32, 7, 150, 157
411483.3.peg.1835.site.33, 9, 149, 158
411483.3.peg.1835.site.34, 2, 152, 154
411483.3.peg.1835.site.35, 12, 150, 162
411483.3.peg.1835.site.36, 12, 147, 159
411483.3.peg.1835.site.37, 20, 148, 168
411483.3.peg.1835.site.38, 1, 152, 153
411483.3.peg.1835.site.39, 5, 151, 156
411483.3.peg.1835.site.40, 4, 152, 156
411483.3.peg.1835.site.41, 6, 153, 159
411483.3.peg.1835.site.42, 15, 153, 168
411483.3.peg.1835.site.43, 0, 150, 150
411483.3.peg.1835.site.44, 0, 155, 155
411483.3.peg.1835.site.45, 1, 154, 155
411483.3.peg.1835.site.46, 4, 155, 159
411483.3.peg.1835.site.47, 0, 151, 151
411483.3.peg.1835.site.48, 1, 148, 149
411483.3.peg.1835.site.49, 3, 146, 149
411483.3.peg.1835.site.50, 15, 144, 159
411483.3.peg.1835.site.51, 76, 138, 214
411483.3.peg.1835.site.52, 0, 147, 147
411483.3.peg.1835.site.53, 6, 140, 146
411483.3.peg.1835.site.54, 9, 148, 157
411483.3.peg.1835.site.55, 49, 137, 186
411483.3.peg.1835.site.56, 6, 146, 152
411483.3.peg.1835.site.57, 106, 139, 245
411483.3.peg.1835.site.58, 6, 144, 150
411483.3.peg.1835.site.59, 1, 144, 145
411483.3.peg.1835.site.60, 4, 145, 149
411483.3.peg.1835.site.61, 8, 145, 153
411483.3.peg.1835.site.62, 83, 131, 214
411483.3.peg.1835.site.63, 2, 153, 155
411483.3.peg.1835.site.64, 2, 152, 154
411483.3.peg.1835.site.65, 7, 152, 159
411483.3.peg.1835.site.66, 23, 150, 173
411483.3.peg.1835.site.67, 1, 150, 151
411483.3.peg.1835.site.68, 0, 150, 150
411483.3.peg.1835.site.69, 4, 150, 154
411483.3.peg.1834.site.1, 3, 154, 157
411483.3.peg.1834.site.2, 6, 155, 161
411483.3.peg.1834.site.3, 27, 152, 179
411483.3.peg.1834.site.4, 138, 148, 286
411483.3.peg.1834.site.5, 62, 146, 208
411483.3.peg.1834.site.6, 4, 148, 152
411483.3.peg.1834.site.7, 2, 151, 153
411483.3.peg.1834.site.8, 18, 144, 162
411483.3.peg.1834.site.9, 4, 147, 151
411483.3.peg.1834.site.10, 13, 152, 165
411483.3.peg.1834.site.11, 2, 154, 156
411483.3.peg.1834.site.12, 115, 140, 255
411483.3.peg.1834.site.13, 0, 153, 153
411483.3.peg.1834.site.14, 18, 151, 169
411483.3.peg.1834.site.15, 4, 152, 156
411483.3.peg.1834.site.16, 4, 152, 156
411483.3.peg.1834.site.17, 5, 149, 154
411483.3.peg.1834.site.18, 1, 154, 155
411483.3.peg.1834.site.19, 8, 153, 161
411483.3.peg.1834.site.20, 9, 153, 162
411483.3.peg.1234.site.1, 0, 151, 151
411483.3.peg.1234.site.2, 0, 150, 150
411483.3.peg.1234.site.3, 4, 153, 157
411483.3.peg.1234.site.4, 1, 152, 153
411483.3.peg.1234.site.5, 1, 154, 155
411483.3.peg.1234.site.6, 16, 143, 159
411483.3.peg.1234.site.7, 0, 153, 153
411483.3.peg.1234.site.8, 0, 152, 152
411483.3.peg.1234.site.9, 0, 147, 147
411483.3.peg.1234.site.10, 7, 152, 159
411483.3.peg.1234.site.11, 23, 143, 166
411483.3.peg.1234.site.12, 1, 149, 150
411483.3.peg.1234.site.13, 1, 151, 152
411483.3.peg.1234.site.14, 0, 145, 145
411483.3.peg.1234.site.15, 3, 146, 149
411483.3.peg.1234.site.16, 0, 150, 150
411483.3.peg.1234.site.17, 0, 152, 152
411483.3.peg.1234.site.18, 1, 151, 152
411483.3.peg.1234.site.19, 5, 149, 154
411483.3.peg.1234.site.20, 14, 151, 165
411483.3.peg.1234.site.21, 10, 149, 159
411483.3.peg.1234.site.22, 1, 153, 154
411483.3.peg.1234.site.23, 5, 152, 157
411483.3.peg.1234.site.24, 1, 155, 156
411483.3.peg.1234.site.25, 17, 148, 165
411483.3.peg.1234.site.26, 3, 150, 153
411483.3.peg.1234.site.27, 25, 151, 176
411483.3.peg.1234.site.28, 3, 150, 153
411483.3.peg.1236.site.1, 1, 103, 104
411483.3.peg.1236.site.2, 11, 108, 119
411483.3.peg.1236.site.3, 1, 123, 124
411483.3.peg.1236.site.4, 5, 140, 145
411483.3.peg.1236.site.5, 5, 147, 152
411483.3.peg.1236.site.6, 6, 150, 156
411483.3.peg.1236.site.7, 4, 155, 159
411483.3.peg.1236.site.8, 0, 152, 152
411483.3.peg.1236.site.9, 7, 148, 155
411483.3.peg.1236.site.10, 5, 150, 155
411483.3.peg.1236.site.11, 101, 134, 235
411483.3.peg.1236.site.12, 1, 152, 153
411483.3.peg.1236.site.13, 1, 151, 152
411483.3.peg.1236.site.14, 7, 145, 152
411483.3.peg.1236.site.15, 18, 149, 167
411483.3.peg.1236.site.16, 26, 142, 168
411483.3.peg.1236.site.17, 2, 149, 151
411483.3.peg.1236.site.18, 11, 150, 161
411483.3.peg.1236.site.19, 5, 146, 151
411483.3.peg.1236.site.20, 43, 135, 178
411483.3.peg.1236.site.21, 1, 145, 146
411483.3.peg.1236.site.22, 9, 143, 152
411483.3.peg.1236.site.23, 0, 144, 144
411483.3.peg.1236.site.24, 12, 133, 145
411483.3.peg.1236.site.25, 1, 135, 136
411483.3.peg.1236.site.26, 2, 144, 146
411483.3.peg.1236.site.27, 3, 140, 143
411483.3.peg.1236.site.28, 0, 142, 142
411483.3.peg.1236.site.29, 7, 137, 144
411483.3.peg.1236.site.30, 4, 131, 135
411483.3.peg.1236.site.31, 0, 140, 140
411483.3.peg.1236.site.32, 0, 142, 142
411483.3.peg.1236.site.33, 0, 138, 138
411483.3.peg.1236.site.34, 0, 106, 106
411483.3.peg.1236.site.35, 0, 140, 140
411483.3.peg.1236.site.36, 0, 133, 133
411483.3.peg.1236.site.37, 5, 140, 145
411483.3.peg.1236.site.38, 4, 143, 147
411483.3.peg.1236.site.39, 1, 151, 152
411483.3.peg.1236.site.40, 0, 149, 149
411483.3.peg.1236.site.41, 1, 148, 149
411483.3.peg.1236.site.42, 3, 149, 152
411483.3.peg.1236.site.43, 5, 146, 151
411483.3.peg.1236.site.44, 0, 145, 145
411483.3.peg.1236.site.45, 2, 136, 138
411483.3.peg.1236.site.46, 1, 146, 147
411483.3.peg.1236.site.47, 2, 135, 137
411483.3.peg.1236.site.48, 3, 147, 150
411483.3.peg.1236.site.49, 0, 139, 139
411483.3.peg.1236.site.50, 1, 140, 141
411483.3.peg.1236.site.51, 5, 136, 141
411483.3.peg.1236.site.52, 72, 120, 192
411483.3.peg.1236.site.53, 1, 123, 124
411483.3.peg.1236.site.54, 0, 114, 114
411483.3.peg.1236.site.55, 0, 88, 88
411483.3.peg.1236.site.56, 63, 78, 141
411483.3.peg.1236.site.57, 3, 80, 83
411483.3.peg.1236.site.58, 3, 78, 81
411483.3.peg.1236.site.59, 0, 68, 68
411483.3.peg.1236.site.60, 2, 79, 81
411483.3.peg.1236.site.61, 1, 84, 85
411483.3.peg.1236.site.62, 8, 83, 91
411483.3.peg.1236.site.63, 0, 93, 93
411483.3.peg.1236.site.64, 13, 107, 120
411483.3.peg.1236.site.65, 3, 102, 105
411483.3.peg.1236.site.66, 0, 110, 110
411483.3.peg.1231.site.1, 10, 147, 157
411483.3.peg.1231.site.2, 0, 149, 149
411483.3.peg.1231.site.3, 3, 153, 156
411483.3.peg.1231.site.4, 0, 153, 153
411483.3.peg.1231.site.5, 0, 149, 149
411483.3.peg.1231.site.6, 95, 137, 232
411483.3.peg.1231.site.7, 4, 140, 144
411483.3.peg.1231.site.8, 0, 150, 150
411483.3.peg.1231.site.9, 2, 140, 142
411483.3.peg.1231.site.10, 116, 132, 248
411483.3.peg.1231.site.11, 13, 148, 161
411483.3.peg.1231.site.12, 7, 149, 156
411483.3.peg.1231.site.13, 1, 149, 150
411483.3.peg.1231.site.14, 0, 146, 146
411483.3.peg.1231.site.15, 0, 135, 135
411483.3.peg.1231.site.16, 110, 115, 225
411483.3.peg.1231.site.17, 105, 128, 233
411483.3.peg.1231.site.18, 12, 138, 150
411483.3.peg.1231.site.19, 141, 146, 287
411483.3.peg.1231.site.20, 35, 149, 184
411483.3.peg.1231.site.21, 1, 151, 152
411483.3.peg.1231.site.22, 0, 153, 153
411483.3.peg.1231.site.23, 54, 141, 195
411483.3.peg.1231.site.24, 3, 153, 156
411483.3.peg.1231.site.25, 0, 151, 151
411483.3.peg.1231.site.26, 0, 153, 153
411483.3.peg.1231.site.27, 0, 147, 147
411483.3.peg.1231.site.28, 2, 138, 140
411483.3.peg.1231.site.29, 2, 131, 133
411483.3.peg.1231.site.30, 92, 125, 217
411483.3.peg.1231.site.31, 0, 119, 119
411483.3.peg.1231.site.32, 0, 97, 97
411483.3.peg.1231.site.33, 12, 96, 108
411483.3.peg.1231.site.34, 1, 92, 93
411483.3.peg.1230.site.1, 1, 153, 154
411483.3.peg.1230.site.2, 4, 154, 158
411483.3.peg.1230.site.3, 9, 153, 162
411483.3.peg.1230.site.4, 2, 153, 155
411483.3.peg.1230.site.5, 11, 150, 161
411483.3.peg.1230.site.6, 7, 154, 161
411483.3.peg.1230.site.7, 23, 152, 175
411483.3.peg.1230.site.8, 4, 149, 153
411483.3.peg.1230.site.9, 1, 154, 155
411483.3.peg.1230.site.10, 5, 153, 158
411483.3.peg.1230.site.11, 1, 150, 151
411483.3.peg.1230.site.12, 0, 152, 152
411483.3.peg.1230.site.13, 3, 154, 157
411483.3.peg.1230.site.14, 2, 152, 154
411483.3.peg.1230.site.15, 0, 152, 152
411483.3.peg.1230.site.16, 5, 150, 155
411483.3.peg.1230.site.17, 3, 148, 151
411483.3.peg.1230.site.18, 2, 152, 154
411483.3.peg.1230.site.19, 6, 149, 155
411483.3.peg.1230.site.20, 0, 150, 150
411483.3.peg.1230.site.21, 1, 149, 150
411483.3.peg.1230.site.22, 1, 148, 149
411483.3.peg.1230.site.23, 128, 145, 273
411483.3.peg.1230.site.24, 22, 145, 167
411483.3.peg.1230.site.25, 2, 152, 154
411483.3.peg.1230.site.26, 1, 150, 151
411483.3.peg.1233.site.1, 17, 149, 166
411483.3.peg.1233.site.2, 0, 151, 151
411483.3.peg.1233.site.3, 12, 144, 156
411483.3.peg.1233.site.4, 8, 148, 156
411483.3.peg.1233.site.5, 3, 139, 142
411483.3.peg.1233.site.6, 2, 109, 111
411483.3.peg.1233.site.7, 5, 96, 101
411483.3.peg.1233.site.8, 1, 140, 141
411483.3.peg.1233.site.9, 67, 130, 197
411483.3.peg.1233.site.10, 0, 137, 137
411483.3.peg.1233.site.11, 1, 141, 142
411483.3.peg.1233.site.12, 1, 147, 148
411483.3.peg.1233.site.13, 15, 150, 165
411483.3.peg.1233.site.14, 13, 145, 158
411483.3.peg.1233.site.15, 1, 150, 151
411483.3.peg.1233.site.16, 0, 148, 148
411483.3.peg.1233.site.17, 1, 154, 155
411483.3.peg.1233.site.18, 0, 153, 153
411483.3.peg.1233.site.19, 3, 151, 154
411483.3.peg.1233.site.20, 1, 151, 152
411483.3.peg.1233.site.21, 2, 152, 154
411483.3.peg.1233.site.22, 16, 151, 167
411483.3.peg.1233.site.23, 0, 150, 150
411483.3.peg.1233.site.24, 3, 152, 155
411483.3.peg.1233.site.25, 0, 151, 151
411483.3.peg.1233.site.26, 2, 153, 155
411483.3.peg.1233.site.27, 15, 141, 156
411483.3.peg.1233.site.28, 2, 147, 149
411483.3.peg.1233.site.29, 15, 147, 162
411483.3.peg.1233.site.30, 1, 148, 149
411483.3.peg.1233.site.31, 0, 148, 148
411483.3.peg.1233.site.32, 16, 149, 165
411483.3.peg.1233.site.33, 2, 148, 150
411483.3.peg.1233.site.34, 88, 142, 230
411483.3.peg.1233.site.35, 1, 144, 145
411483.3.peg.1233.site.36, 2, 147, 149
411483.3.peg.1233.site.37, 9, 143, 152
411483.3.peg.1233.site.38, 123, 144, 267
411483.3.peg.1233.site.39, 7, 143, 150
411483.3.peg.1233.site.40, 2, 147, 149
411483.3.peg.1233.site.41, 19, 137, 156
411483.3.peg.1233.site.42, 30, 133, 163
411483.3.peg.1233.site.43, 1, 140, 141
411483.3.peg.1233.site.44, 2, 141, 143
411483.3.peg.1233.site.45, 4, 136, 140
411483.3.peg.1233.site.46, 1, 138, 139
411483.3.peg.1233.site.47, 2, 132, 134
411483.3.peg.1233.site.48, 124, 131, 255
411483.3.peg.1233.site.49, 1, 131, 132
411483.3.peg.1233.site.50, 29, 131, 160
411483.3.peg.1233.site.51, 121, 127, 248
411483.3.peg.1233.site.52, 3, 126, 129
411483.3.peg.1233.site.53, 22, 127, 149
411483.3.peg.1233.site.54, 2, 136, 138
411483.3.peg.1233.site.55, 3, 137, 140
411483.3.peg.1233.site.56, 6, 133, 139
411483.3.peg.1233.site.57, 22, 133, 155
411483.3.peg.1233.site.58, 13, 137, 150
411483.3.peg.1233.site.59, 1, 142, 143
411483.3.peg.1233.site.60, 5, 143, 148
411483.3.peg.1233.site.61, 5, 145, 150
411483.3.peg.1233.site.62, 11, 148, 159
411483.3.peg.1233.site.63, 15, 148, 163
411483.3.peg.1233.site.64, 2, 147, 149
411483.3.peg.1233.site.65, 2, 148, 150
411483.3.peg.1233.site.66, 12, 141, 153
411483.3.peg.1233.site.67, 2, 145, 147
411483.3.peg.1233.site.68, 23, 138, 161
411483.3.peg.1233.site.69, 20, 131, 151
411483.3.peg.1233.site.70, 4, 127, 131
411483.3.peg.1233.site.71, 3, 120, 123
411483.3.peg.1233.site.72, 3, 108, 111
411483.3.peg.1233.site.73, 20, 99, 119
411483.3.peg.1233.site.74, 30, 122, 152
411483.3.peg.1233.site.75, 14, 122, 136
411483.3.peg.1233.site.76, 1, 133, 134
411483.3.peg.1233.site.77, 14, 131, 145
411483.3.peg.1233.site.78, 2, 133, 135
411483.3.peg.1233.site.79, 13, 143, 156
411483.3.peg.1233.site.80, 0, 140, 140
411483.3.peg.1233.site.81, 2, 141, 143
411483.3.peg.1233.site.82, 7, 141, 148
411483.3.peg.1233.site.83, 4, 146, 150
411483.3.peg.1233.site.84, 0, 147, 147
411483.3.peg.1233.site.85, 1, 148, 149
411483.3.peg.1233.site.86, 1, 150, 151
411483.3.peg.1233.site.87, 63, 144, 207
411483.3.peg.1233.site.88, 1, 140, 141
411483.3.peg.1233.site.89, 2, 122, 124
411483.3.peg.1233.site.90, 2, 121, 123
411483.3.peg.1233.site.91, 3, 116, 119
411483.3.peg.1233.site.92, 0, 106, 106
411483.3.peg.1233.site.93, 0, 77, 77
411483.3.peg.1239.site.1, 0, 147, 147
411483.3.peg.1239.site.2, 0, 147, 147
411483.3.peg.1239.site.3, 11, 151, 162
411483.3.peg.1239.site.4, 0, 147, 147
411483.3.peg.1239.site.5, 0, 148, 148
411483.3.peg.1239.site.6, 55, 142, 197
411483.3.peg.1239.site.7, 0, 150, 150
411483.3.peg.1239.site.8, 2, 155, 157
411483.3.peg.1239.site.9, 30, 149, 179
411483.3.peg.1239.site.10, 8, 150, 158
411483.3.peg.1239.site.11, 3, 153, 156
411483.3.peg.1239.site.12, 3, 152, 155
411483.3.peg.1239.site.13, 33, 144, 177
411483.3.peg.1239.site.14, 93, 145, 238
411483.3.peg.1239.site.15, 125, 146, 271
411483.3.peg.1239.site.16, 3, 148, 151
411483.3.peg.1239.site.17, 17, 147, 164
411483.3.peg.1239.site.18, 12, 149, 161
411483.3.peg.1239.site.19, 106, 143, 249
411483.3.peg.1239.site.20, 7, 150, 157
411483.3.peg.1239.site.21, 30, 150, 180
411483.3.peg.1239.site.22, 144, 148, 292
411483.3.peg.1239.site.23, 8, 150, 158
411483.3.peg.1239.site.24, 3, 140, 143
411483.3.peg.1239.site.25, 1, 146, 147
411483.3.peg.1239.site.26, 16, 140, 156
411483.3.peg.1239.site.27, 69, 130, 199
411483.3.peg.1239.site.28, 4, 138, 142
411483.3.peg.1239.site.29, 6, 133, 139
411483.3.peg.1239.site.30, 81, 122, 203
411483.3.peg.1239.site.31, 1, 109, 110
411483.3.peg.1239.site.32, 9, 97, 106
411483.3.peg.1239.site.33, 2, 96, 98
411483.3.peg.1239.site.34, 2, 73, 75
411483.3.peg.1239.site.35, 0, 65, 65
411483.3.peg.1239.site.36, 2, 61, 63
411483.3.peg.1239.site.37, 36, 60, 96
411483.3.peg.1239.site.38, 1, 63, 64
411483.3.peg.1239.site.39, 1, 77, 78
411483.3.peg.1239.site.40, 1, 81, 82
411483.3.peg.1239.site.41, 1, 95, 96
411483.3.peg.1239.site.42, 3, 103, 106
411483.3.peg.1239.site.43, 0, 110, 110
411483.3.peg.1239.site.44, 0, 123, 123
411483.3.peg.1239.site.45, 3, 126, 129
411483.3.peg.1239.site.46, 0, 128, 128
411483.3.peg.1239.site.47, 1, 132, 133
411483.3.peg.1239.site.48, 1, 131, 132
411483.3.peg.1239.site.49, 1, 132, 133
411483.3.peg.1239.site.50, 0, 125, 125
411483.3.peg.1239.site.51, 23, 109, 132
411483.3.peg.1239.site.52, 0, 114, 114
411483.3.peg.1239.site.53, 3, 113, 116
411483.3.peg.1239.site.54, 1, 99, 100
411483.3.peg.1239.site.55, 13, 81, 94
411483.3.peg.1239.site.56, 0, 94, 94
411483.3.peg.1239.site.57, 1, 110, 111
411483.3.peg.1239.site.58, 19, 110, 129
411483.3.peg.1239.site.59, 0, 126, 126
411483.3.peg.1239.site.60, 1, 138, 139
411483.3.peg.1239.site.61, 0, 151, 151
411483.3.peg.1239.site.62, 0, 149, 149
411483.3.peg.1239.site.63, 5, 144, 149
411483.3.peg.1239.site.64, 14, 148, 162
411483.3.peg.1239.site.65, 0, 151, 151
411483.3.peg.1239.site.66, 1, 153, 154
411483.3.peg.1239.site.67, 152, 154, 306
411483.3.peg.1239.site.68, 1, 148, 149
411483.3.peg.1239.site.69, 31, 141, 172
411483.3.peg.1239.site.70, 3, 152, 155
411483.3.peg.1239.site.71, 1, 153, 154
411483.3.peg.1239.site.72, 4, 148, 152
411483.3.peg.1239.site.73, 23, 148, 171
411483.3.peg.1239.site.74, 2, 152, 154
411483.3.peg.1239.site.75, 3, 135, 138
411483.3.peg.1239.site.76, 0, 126, 126
411483.3.peg.1239.site.77, 0, 134, 134
411483.3.peg.1239.site.78, 1, 135, 136
411483.3.peg.1239.site.79, 7, 125, 132
411483.3.peg.1239.site.80, 0, 132, 132
411483.3.peg.1239.site.81, 0, 130, 130
411483.3.peg.1239.site.82, 5, 132, 137
411483.3.peg.1239.site.83, 0, 132, 132
411483.3.peg.1239.site.84, 3, 125, 128
411483.3.peg.1239.site.85, 5, 117, 122
411483.3.peg.1239.site.86, 0, 113, 113
411483.3.peg.1239.site.87, 4, 118, 122
411483.3.peg.1239.site.88, 14, 104, 118
411483.3.peg.1239.site.89, 3, 115, 118
411483.3.peg.1239.site.90, 3, 107, 110
411483.3.peg.1239.site.91, 6, 109, 115
411483.3.peg.1239.site.92, 8, 104, 112
411483.3.peg.1239.site.93, 1, 123, 124
411483.3.peg.1239.site.94, 13, 130, 143
411483.3.peg.1239.site.95, 5, 130, 135
411483.3.peg.1239.site.96, 7, 128, 135
411483.3.peg.1239.site.97, 2, 127, 129
411483.3.peg.1239.site.98, 3, 143, 146
411483.3.peg.1239.site.99, 12, 139, 151
411483.3.peg.1239.site.100, 1, 143, 144
411483.3.peg.1239.site.101, 1, 148, 149
411483.3.peg.1239.site.102, 3, 150, 153
411483.3.peg.1239.site.103, 9, 149, 158
411483.3.peg.1239.site.104, 0, 146, 146
411483.3.peg.1239.site.105, 3, 146, 149
411483.3.peg.1239.site.106, 2, 141, 143
411483.3.peg.1239.site.107, 9, 139, 148
411483.3.peg.1239.site.108, 3, 147, 150
411483.3.peg.1239.site.109, 1, 142, 143
411483.3.peg.1239.site.110, 1, 144, 145
411483.3.peg.1239.site.111, 6, 145, 151
411483.3.peg.1239.site.112, 11, 141, 152
411483.3.peg.1239.site.113, 3, 148, 151
411483.3.peg.1239.site.114, 1, 150, 151
411483.3.peg.1239.site.115, 3, 152, 155
411483.3.peg.1239.site.116, 11, 149, 160
411483.3.peg.1239.site.117, 8, 151, 159
411483.3.peg.1239.site.118, 1, 155, 156
411483.3.peg.1239.site.119, 1, 155, 156
411483.3.peg.1239.site.120, 5, 152, 157
411483.3.peg.1239.site.121, 4, 155, 159
411483.3.peg.1239.site.122, 4, 138, 142
411483.3.peg.1239.site.123, 3, 135, 138
411483.3.peg.1239.site.124, 5, 126, 131
411483.3.peg.1239.site.125, 1, 123, 124
411483.3.peg.1239.site.126, 1, 122, 123
411483.3.peg.1239.site.127, 121, 122, 243
411483.3.peg.1239.site.128, 1, 130, 131
411483.3.peg.1239.site.129, 11, 131, 142
411483.3.peg.1239.site.130, 5, 136, 141
411483.3.peg.1239.site.131, 1, 136, 137
411483.3.peg.1239.site.132, 1, 141, 142
411483.3.peg.1239.site.133, 1, 143, 144
411483.3.peg.1239.site.134, 48, 127, 175
411483.3.peg.1239.site.135, 1, 140, 141
411483.3.peg.1239.site.136, 2, 144, 146
411483.3.peg.1239.site.137, 10, 137, 147
411483.3.peg.1239.site.138, 18, 138, 156
411483.3.peg.1239.site.139, 18, 139, 157
411483.3.peg.1239.site.140, 3, 145, 148
411483.3.peg.1239.site.141, 7, 141, 148
411483.3.peg.1239.site.142, 1, 147, 148
411483.3.peg.1239.site.143, 3, 131, 134
411483.3.peg.1239.site.144, 8, 137, 145
411483.3.peg.1239.site.145, 1, 141, 142
411483.3.peg.1239.site.146, 28, 136, 164
411483.3.peg.1239.site.147, 1, 145, 146
411483.3.peg.1239.site.148, 1, 149, 150
411483.3.peg.1239.site.149, 4, 154, 158
411483.3.peg.1239.site.150, 2, 154, 156
411483.3.peg.1239.site.151, 1, 154, 155
411483.3.peg.1239.site.152, 18, 153, 171
411483.3.peg.1239.site.153, 1, 152, 153
411483.3.peg.1239.site.154, 3, 152, 155
411483.3.peg.1239.site.155, 1, 152, 153
411483.3.peg.1239.site.156, 82, 136, 218
411483.3.peg.1238.site.1, 7, 147, 154
411483.3.peg.1238.site.2, 3, 150, 153
411483.3.peg.1238.site.3, 42, 146, 188
411483.3.peg.1238.site.4, 1, 154, 155
411483.3.peg.1238.site.5, 150, 153, 303
411483.3.peg.1238.site.6, 6, 152, 158
411483.3.peg.1238.site.7, 3, 153, 156
411483.3.peg.1238.site.8, 2, 151, 153
411483.3.peg.1238.site.9, 5, 146, 151
411483.3.peg.1238.site.10, 1, 153, 154
411483.3.peg.1238.site.11, 1, 152, 153
411483.3.peg.1238.site.12, 5, 152, 157
411483.3.peg.1238.site.13, 0, 152, 152
411483.3.peg.1238.site.14, 3, 153, 156
411483.3.peg.1238.site.15, 1, 150, 151
411483.3.peg.1238.site.16, 152, 152, 304
411483.3.peg.1238.site.17, 13, 146, 159
411483.3.peg.1238.site.18, 0, 146, 146
411483.3.peg.1238.site.19, 0, 155, 155
411483.3.peg.1238.site.20, 0, 155, 155
411483.3.peg.1238.site.21, 0, 154, 154
411483.3.peg.1909.site.1, 2, 147, 149
411483.3.peg.1909.site.2, 1, 146, 147
411483.3.peg.1909.site.3, 3, 146, 149
411483.3.peg.1909.site.4, 3, 148, 151
411483.3.peg.1909.site.5, 1, 146, 147
411483.3.peg.1909.site.6, 4, 147, 151
411483.3.peg.1909.site.7, 2, 142, 144
411483.3.peg.1909.site.8, 2, 136, 138
411483.3.peg.1909.site.9, 3, 136, 139
411483.3.peg.1909.site.10, 2, 122, 124
411483.3.peg.1909.site.11, 1, 122, 123
411483.3.peg.1909.site.12, 78, 123, 201
411483.3.peg.1909.site.13, 1, 127, 128
411483.3.peg.1909.site.14, 1, 124, 125
411483.3.peg.1909.site.15, 1, 84, 85
411483.3.peg.1909.site.16, 0, 86, 86
411483.3.peg.1909.site.17, 1, 106, 107
411483.3.peg.1909.site.18, 0, 112, 112
411483.3.peg.1909.site.19, 0, 114, 114
411483.3.peg.1909.site.20, 0, 106, 106
411483.3.peg.1909.site.21, 4, 123, 127
411483.3.peg.1909.site.22, 3, 134, 137
411483.3.peg.1909.site.23, 7, 129, 136
411483.3.peg.1909.site.24, 3, 125, 128
411483.3.peg.1909.site.25, 1, 132, 133
411483.3.peg.1909.site.26, 0, 131, 131
411483.3.peg.1909.site.27, 0, 130, 130
411483.3.peg.1909.site.28, 6, 135, 141
411483.3.peg.1909.site.29, 0, 129, 129
411483.3.peg.1909.site.30, 1, 133, 134
411483.3.peg.1909.site.31, 17, 127, 144
411483.3.peg.1909.site.32, 0, 141, 141
411483.3.peg.1909.site.33, 2, 141, 143
411483.3.peg.1909.site.34, 20, 134, 154
411483.3.peg.1909.site.35, 1, 143, 144
411483.3.peg.1909.site.36, 3, 130, 133
411483.3.peg.1909.site.37, 1, 126, 127
411483.3.peg.1909.site.38, 25, 115, 140
411483.3.peg.1909.site.39, 20, 131, 151
411483.3.peg.1909.site.40, 55, 123, 178
411483.3.peg.1909.site.41, 1, 137, 138
411483.3.peg.1909.site.42, 130, 132, 262
411483.3.peg.1909.site.43, 3, 127, 130
411483.3.peg.1909.site.44, 4, 132, 136
411483.3.peg.1909.site.45, 1, 128, 129
411483.3.peg.1909.site.46, 5, 126, 131
411483.3.peg.1909.site.47, 1, 129, 130
411483.3.peg.1909.site.48, 2, 128, 130
411483.3.peg.1909.site.49, 0, 123, 123
411483.3.peg.1909.site.50, 3, 130, 133
411483.3.peg.1909.site.51, 0, 133, 133
411483.3.peg.1909.site.52, 1, 144, 145
411483.3.peg.1909.site.53, 7, 144, 151
411483.3.peg.1909.site.54, 11, 144, 155
411483.3.peg.1909.site.55, 2, 148, 150
411483.3.peg.1909.site.56, 0, 143, 143
411483.3.peg.1909.site.57, 5, 141, 146
411483.3.peg.1909.site.58, 0, 140, 140
411483.3.peg.1909.site.59, 5, 136, 141
411483.3.peg.1909.site.60, 2, 132, 134
411483.3.peg.1909.site.61, 2, 134, 136
411483.3.peg.1909.site.62, 0, 135, 135
411483.3.peg.1909.site.63, 1, 116, 117
411483.3.peg.1909.site.64, 1, 127, 128
411483.3.peg.1909.site.65, 2, 129, 131
411483.3.peg.1909.site.66, 0, 128, 128
411483.3.peg.1909.site.67, 2, 138, 140
411483.3.peg.1909.site.68, 114, 131, 245
411483.3.peg.1909.site.69, 40, 129, 169
411483.3.peg.1909.site.70, 0, 137, 137
411483.3.peg.1909.site.71, 0, 137, 137
411483.3.peg.1909.site.72, 15, 136, 151
411483.3.peg.1909.site.73, 2, 138, 140
411483.3.peg.1909.site.74, 2, 140, 142
411483.3.peg.1909.site.75, 2, 134, 136
411483.3.peg.1909.site.76, 17, 133, 150
411483.3.peg.1909.site.77, 4, 132, 136
411483.3.peg.1909.site.78, 2, 145, 147
411483.3.peg.1909.site.79, 1, 152, 153
411483.3.peg.1909.site.80, 2, 150, 152
411483.3.peg.1909.site.81, 2, 152, 154
411483.3.peg.1909.site.82, 7, 151, 158
411483.3.peg.1909.site.83, 4, 153, 157
411483.3.peg.1909.site.84, 104, 144, 248
411483.3.peg.1909.site.85, 8, 153, 161
411483.3.peg.1909.site.86, 0, 153, 153
411483.3.peg.1909.site.87, 1, 146, 147
411483.3.peg.1909.site.88, 1, 149, 150
411483.3.peg.1909.site.89, 1, 135, 136
411483.3.peg.1909.site.90, 5, 136, 141
411483.3.peg.1909.site.91, 17, 137, 154
411483.3.peg.1909.site.92, 1, 143, 144
411483.3.peg.1909.site.93, 1, 145, 146
411483.3.peg.1909.site.94, 1, 144, 145
411483.3.peg.1908.site.1, 0, 155, 155
411483.3.peg.1908.site.2, 7, 153, 160
411483.3.peg.1908.site.3, 0, 151, 151
411483.3.peg.1908.site.4, 31, 148, 179
411483.3.peg.1908.site.5, 0, 151, 151
411483.3.peg.1908.site.6, 2, 149, 151
411483.3.peg.1908.site.7, 3, 141, 144
411483.3.peg.1908.site.8, 1, 148, 149
411483.3.peg.1908.site.9, 15, 145, 160
411483.3.peg.1908.site.10, 1, 146, 147
411483.3.peg.1908.site.11, 4, 150, 154
411483.3.peg.1908.site.12, 11, 147, 158
411483.3.peg.1908.site.13, 1, 150, 151
411483.3.peg.1908.site.14, 2, 152, 154
411483.3.peg.1908.site.15, 1, 154, 155
411483.3.peg.1908.site.16, 0, 150, 150
411483.3.peg.1908.site.17, 1, 149, 150
411483.3.peg.1908.site.18, 3, 150, 153
411483.3.peg.1908.site.19, 2, 146, 148
411483.3.peg.1908.site.20, 2, 143, 145
411483.3.peg.1908.site.21, 60, 136, 196
411483.3.peg.1908.site.22, 2, 139, 141
411483.3.peg.1908.site.23, 7, 138, 145
411483.3.peg.1908.site.24, 5, 142, 147
411483.3.peg.1908.site.25, 0, 143, 143
411483.3.peg.1908.site.26, 1, 146, 147
411483.3.peg.1908.site.27, 1, 151, 152
411483.3.peg.1908.site.28, 9, 149, 158
411483.3.peg.1908.site.29, 0, 149, 149
411483.3.peg.1908.site.30, 0, 148, 148
411483.3.peg.1908.site.31, 3, 143, 146
411483.3.peg.1908.site.32, 29, 137, 166
411483.3.peg.1908.site.33, 0, 138, 138
411483.3.peg.1908.site.34, 5, 135, 140
411483.3.peg.1908.site.35, 4, 139, 143
411483.3.peg.1908.site.36, 3, 137, 140
411483.3.peg.1908.site.37, 37, 131, 168
411483.3.peg.1908.site.38, 35, 130, 165
411483.3.peg.1908.site.39, 37, 135, 172
411483.3.peg.1908.site.40, 1, 143, 144
411483.3.peg.1908.site.41, 0, 144, 144
411483.3.peg.1908.site.42, 3, 140, 143
411483.3.peg.1908.site.43, 23, 135, 158
411483.3.peg.1908.site.44, 5, 147, 152
411483.3.peg.1908.site.45, 29, 144, 173
411483.3.peg.1908.site.46, 1, 149, 150
411483.3.peg.1908.site.47, 11, 145, 156
411483.3.peg.1908.site.48, 4, 147, 151
411483.3.peg.1908.site.49, 0, 148, 148
411483.3.peg.1908.site.50, 2, 150, 152
411483.3.peg.1908.site.51, 1, 148, 149
411483.3.peg.1908.site.52, 19, 142, 161
411483.3.peg.1908.site.53, 0, 151, 151
411483.3.peg.1908.site.54, 0, 129, 129
411483.3.peg.1908.site.55, 11, 146, 157
411483.3.peg.1908.site.56, 3, 146, 149
411483.3.peg.1908.site.57, 43, 140, 183
411483.3.peg.1908.site.58, 1, 153, 154
411483.3.peg.1908.site.59, 2, 151, 153
411483.3.peg.1908.site.60, 2, 148, 150
411483.3.peg.1908.site.61, 1, 148, 149
411483.3.peg.1908.site.62, 0, 147, 147
411483.3.peg.1908.site.63, 0, 150, 150
411483.3.peg.1907.site.1, 3, 130, 133
411483.3.peg.1907.site.2, 6, 147, 153
411483.3.peg.1907.site.3, 3, 148, 151
411483.3.peg.1907.site.4, 24, 140, 164
411483.3.peg.1907.site.5, 18, 141, 159
411483.3.peg.1907.site.6, 4, 152, 156
411483.3.peg.1907.site.7, 1, 152, 153
411483.3.peg.1907.site.8, 14, 150, 164
411483.3.peg.1907.site.9, 2, 154, 156
411483.3.peg.1907.site.10, 0, 154, 154
411483.3.peg.1907.site.11, 3, 152, 155
411483.3.peg.1907.site.12, 1, 154, 155
411483.3.peg.1907.site.13, 3, 147, 150
411483.3.peg.1907.site.14, 4, 147, 151
411483.3.peg.1907.site.15, 1, 152, 153
411483.3.peg.1907.site.16, 0, 151, 151
411483.3.peg.1907.site.17, 2, 150, 152
411483.3.peg.1907.site.18, 1, 150, 151
411483.3.peg.1907.site.19, 0, 153, 153
411483.3.peg.1907.site.20, 1, 152, 153
411483.3.peg.1907.site.21, 5, 147, 152
411483.3.peg.1907.site.22, 0, 143, 143
411483.3.peg.1907.site.23, 5, 132, 137
411483.3.peg.1907.site.24, 6, 131, 137
411483.3.peg.1907.site.25, 4, 127, 131
411483.3.peg.1907.site.26, 3, 133, 136
411483.3.peg.1907.site.27, 1, 136, 137
411483.3.peg.1907.site.28, 1, 131, 132
411483.3.peg.1907.site.29, 14, 131, 145
411483.3.peg.1907.site.30, 34, 129, 163
411483.3.peg.1907.site.31, 0, 140, 140
411483.3.peg.1907.site.32, 1, 144, 145
411483.3.peg.1907.site.33, 5, 147, 152
411483.3.peg.1907.site.34, 1, 148, 149
411483.3.peg.1907.site.35, 3, 135, 138
411483.3.peg.1907.site.36, 139, 139, 278
411483.3.peg.1907.site.37, 9, 125, 134
411483.3.peg.1907.site.38, 1, 121, 122
411483.3.peg.1907.site.39, 12, 110, 122
411483.3.peg.1907.site.40, 66, 119, 185
411483.3.peg.1907.site.41, 132, 134, 266
411483.3.peg.1907.site.42, 3, 149, 152
411483.3.peg.1907.site.43, 3, 145, 148
411483.3.peg.1907.site.44, 0, 146, 146
411483.3.peg.1907.site.45, 1, 124, 125
411483.3.peg.1907.site.46, 71, 120, 191
411483.3.peg.1907.site.47, 1, 142, 143
411483.3.peg.1906.site.1, 24, 132, 156
411483.3.peg.1906.site.2, 6, 133, 139
411483.3.peg.1906.site.3, 9, 131, 140
411483.3.peg.1906.site.4, 5, 129, 134
411483.3.peg.1906.site.5, 1, 138, 139
411483.3.peg.1906.site.6, 2, 138, 140
411483.3.peg.1906.site.7, 1, 141, 142
411483.3.peg.1906.site.8, 59, 123, 182
411483.3.peg.1906.site.9, 0, 139, 139
411483.3.peg.1906.site.10, 3, 138, 141
411483.3.peg.1906.site.11, 70, 126, 196
411483.3.peg.1906.site.12, 22, 119, 141
411483.3.peg.1906.site.13, 2, 129, 131
411483.3.peg.1906.site.14, 47, 115, 162
411483.3.peg.1906.site.15, 2, 123, 125
411483.3.peg.1906.site.16, 4, 118, 122
411483.3.peg.1906.site.17, 10, 112, 122
411483.3.peg.1906.site.18, 1, 123, 124
411483.3.peg.1906.site.19, 7, 123, 130
411483.3.peg.1906.site.20, 1, 122, 123
411483.3.peg.1906.site.21, 73, 127, 200
411483.3.peg.1906.site.22, 5, 137, 142
411483.3.peg.1906.site.23, 3, 145, 148
411483.3.peg.1906.site.24, 0, 151, 151
411483.3.peg.1906.site.25, 2, 150, 152
411483.3.peg.1906.site.26, 2, 150, 152
411483.3.peg.1906.site.27, 0, 149, 149
411483.3.peg.1906.site.28, 5, 145, 150
411483.3.peg.1906.site.29, 5, 148, 153
411483.3.peg.1906.site.30, 3, 146, 149
411483.3.peg.1906.site.31, 2, 148, 150
411483.3.peg.1906.site.32, 2, 148, 150
411483.3.peg.1906.site.33, 1, 152, 153
411483.3.peg.1906.site.34, 3, 148, 151
411483.3.peg.1906.site.35, 1, 153, 154
411483.3.peg.1906.site.36, 6, 148, 154
411483.3.peg.1906.site.37, 1, 141, 142
411483.3.peg.1906.site.38, 27, 142, 169
411483.3.peg.1906.site.39, 3, 134, 137
411483.3.peg.1906.site.40, 1, 146, 147
411483.3.peg.1906.site.41, 1, 145, 146
411483.3.peg.1906.site.42, 1, 131, 132
411483.3.peg.1906.site.43, 124, 132, 256
411483.3.peg.1906.site.44, 17, 124, 141
411483.3.peg.1906.site.45, 0, 127, 127
411483.3.peg.1906.site.46, 2, 126, 128
411483.3.peg.1906.site.47, 9, 126, 135
411483.3.peg.1906.site.48, 1, 111, 112
411483.3.peg.1906.site.49, 3, 107, 110
411483.3.peg.1906.site.50, 0, 109, 109
411483.3.peg.1906.site.51, 1, 110, 111
411483.3.peg.1906.site.52, 1, 103, 104
411483.3.peg.1906.site.53, 6, 108, 114
411483.3.peg.1906.site.54, 0, 109, 109
411483.3.peg.1906.site.55, 1, 106, 107
411483.3.peg.1906.site.56, 23, 88, 111
411483.3.peg.1906.site.57, 0, 99, 99
411483.3.peg.1906.site.58, 1, 103, 104
411483.3.peg.1906.site.59, 21, 97, 118
411483.3.peg.1906.site.60, 5, 106, 111
411483.3.peg.1906.site.61, 3, 112, 115
411483.3.peg.1906.site.62, 0, 121, 121
411483.3.peg.1906.site.63, 1, 117, 118
411483.3.peg.1906.site.64, 0, 107, 107
411483.3.peg.1906.site.65, 128, 128, 256
411483.3.peg.1906.site.66, 4, 130, 134
411483.3.peg.1906.site.67, 0, 123, 123
411483.3.peg.1906.site.68, 1, 117, 118
411483.3.peg.1906.site.69, 10, 119, 129
411483.3.peg.1906.site.70, 1, 125, 126
411483.3.peg.1906.site.71, 1, 130, 131
411483.3.peg.1906.site.72, 2, 140, 142
411483.3.peg.1906.site.73, 1, 141, 142
411483.3.peg.1906.site.74, 0, 142, 142
411483.3.peg.1906.site.75, 1, 143, 144
411483.3.peg.1906.site.76, 59, 134, 193
411483.3.peg.1906.site.77, 56, 133, 189
411483.3.peg.1906.site.78, 1, 145, 146
411483.3.peg.1906.site.79, 7, 148, 155
411483.3.peg.1906.site.80, 33, 139, 172
411483.3.peg.1906.site.81, 49, 137, 186
411483.3.peg.1906.site.82, 0, 152, 152
411483.3.peg.1906.site.83, 1, 153, 154
411483.3.peg.1906.site.84, 1, 154, 155
411483.3.peg.1906.site.85, 2, 154, 156
411483.3.peg.1906.site.86, 5, 152, 157
411483.3.peg.1906.site.87, 1, 152, 153
411483.3.peg.1906.site.88, 4, 153, 157
411483.3.peg.1906.site.89, 1, 152, 153
411483.3.peg.1906.site.90, 0, 149, 149
411483.3.peg.1906.site.91, 1, 149, 150
411483.3.peg.1906.site.92, 2, 147, 149
411483.3.peg.1906.site.93, 8, 132, 140
411483.3.peg.1906.site.94, 1, 142, 143
411483.3.peg.1906.site.95, 2, 142, 144
411483.3.peg.1906.site.96, 2, 150, 152
411483.3.peg.1906.site.97, 1, 151, 152
411483.3.peg.1906.site.98, 0, 150, 150
411483.3.peg.1906.site.99, 8, 142, 150
411483.3.peg.1906.site.100, 9, 148, 157
411483.3.peg.1906.site.101, 8, 150, 158
411483.3.peg.1906.site.102, 0, 150, 150
411483.3.peg.1906.site.103, 0, 146, 146
411483.3.peg.1906.site.104, 6, 142, 148
411483.3.peg.1906.site.105, 1, 145, 146
411483.3.peg.1906.site.106, 2, 142, 144
411483.3.peg.1906.site.107, 3, 142, 145
411483.3.peg.1906.site.108, 0, 142, 142
411483.3.peg.1906.site.109, 4, 140, 144
411483.3.peg.1906.site.110, 0, 142, 142
411483.3.peg.1906.site.111, 2, 135, 137
411483.3.peg.1906.site.112, 90, 119, 209
411483.3.peg.1906.site.113, 0, 122, 122
411483.3.peg.1906.site.114, 2, 117, 119
411483.3.peg.1906.site.115, 5, 116, 121
411483.3.peg.1906.site.116, 6, 108, 114
411483.3.peg.1906.site.117, 3, 109, 112
411483.3.peg.1906.site.118, 1, 112, 113
411483.3.peg.1906.site.119, 4, 100, 104
411483.3.peg.1906.site.120, 1, 109, 110
411483.3.peg.1906.site.121, 0, 104, 104
411483.3.peg.1906.site.122, 17, 102, 119
411483.3.peg.1906.site.123, 2, 103, 105
411483.3.peg.1906.site.124, 0, 101, 101
411483.3.peg.1906.site.125, 0, 111, 111
411483.3.peg.1906.site.126, 1, 115, 116
411483.3.peg.1906.site.127, 1, 122, 123
411483.3.peg.1906.site.128, 34, 108, 142
411483.3.peg.1906.site.129, 4, 116, 120
411483.3.peg.1906.site.130, 1, 128, 129
411483.3.peg.1906.site.131, 8, 133, 141
411483.3.peg.1906.site.132, 57, 128, 185
411483.3.peg.1906.site.133, 3, 132, 135
411483.3.peg.1906.site.134, 2, 140, 142
411483.3.peg.1906.site.135, 2, 135, 137
411483.3.peg.1906.site.136, 121, 132, 253
411483.3.peg.1906.site.137, 0, 138, 138
411483.3.peg.1906.site.138, 3, 140, 143
411483.3.peg.1906.site.139, 1, 124, 125
411483.3.peg.1906.site.140, 2, 140, 142
411483.3.peg.1906.site.141, 5, 138, 143
411483.3.peg.1906.site.142, 4, 134, 138
411483.3.peg.1906.site.143, 13, 138, 151
411483.3.peg.1906.site.144, 4, 136, 140
411483.3.peg.1906.site.145, 1, 132, 133
411483.3.peg.1906.site.146, 2, 134, 136
411483.3.peg.1906.site.147, 0, 130, 130
411483.3.peg.1906.site.148, 67, 120, 187
411483.3.peg.1906.site.149, 0, 123, 123
411483.3.peg.1906.site.150, 0, 139, 139
411483.3.peg.1906.site.151, 19, 137, 156
411483.3.peg.1906.site.152, 1, 140, 141
411483.3.peg.1906.site.153, 75, 134, 209
411483.3.peg.1906.site.154, 1, 143, 144
411483.3.peg.1906.site.155, 1, 150, 151
411483.3.peg.1906.site.156, 0, 148, 148
411483.3.peg.1906.site.157, 0, 147, 147
411483.3.peg.1906.site.158, 143, 144, 287
411483.3.peg.1906.site.159, 4, 140, 144
411483.3.peg.1906.site.160, 4, 139, 143
411483.3.peg.1906.site.161, 2, 136, 138
411483.3.peg.1906.site.162, 1, 135, 136
411483.3.peg.1906.site.163, 5, 128, 133
411483.3.peg.1906.site.164, 7, 117, 124
411483.3.peg.1906.site.165, 6, 116, 122
411483.3.peg.1906.site.166, 2, 105, 107
411483.3.peg.1906.site.167, 79, 99, 178
411483.3.peg.1906.site.168, 7, 101, 108
411483.3.peg.1906.site.169, 8, 119, 127
411483.3.peg.1906.site.170, 122, 123, 245
411483.3.peg.1906.site.171, 0, 136, 136
411483.3.peg.1905.site.1, 1, 107, 108
411483.3.peg.1905.site.2, 38, 131, 169
411483.3.peg.1905.site.3, 40, 137, 177
411483.3.peg.1905.site.4, 0, 150, 150
411483.3.peg.1905.site.5, 45, 145, 190
411483.3.peg.1905.site.6, 1, 153, 154
411483.3.peg.1905.site.7, 6, 149, 155
411483.3.peg.1905.site.8, 22, 148, 170
411483.3.peg.1905.site.9, 3, 150, 153
411483.3.peg.1905.site.10, 8, 150, 158
411483.3.peg.1905.site.11, 14, 141, 155
411483.3.peg.1905.site.12, 146, 147, 293
411483.3.peg.1905.site.13, 3, 149, 152
411483.3.peg.1905.site.14, 2, 142, 144
411483.3.peg.1905.site.15, 1, 147, 148
411483.3.peg.1905.site.16, 72, 133, 205
411483.3.peg.1904.site.1, 3, 32, 35
411483.3.peg.1904.site.2, 6, 45, 51
411483.3.peg.1904.site.3, 122, 124, 246
411483.3.peg.1904.site.4, 1, 136, 137
411483.3.peg.1904.site.5, 0, 143, 143
411483.3.peg.1904.site.6, 4, 140, 144
411483.3.peg.1904.site.7, 7, 140, 147
411483.3.peg.1904.site.8, 2, 145, 147
411483.3.peg.1904.site.9, 8, 143, 151
411483.3.peg.1904.site.10, 3, 146, 149
411483.3.peg.1904.site.11, 3, 151, 154
411483.3.peg.1904.site.12, 16, 136, 152
411483.3.peg.1904.site.13, 2, 148, 150
411483.3.peg.1904.site.14, 1, 148, 149
411483.3.peg.1904.site.15, 1, 152, 153
411483.3.peg.1904.site.16, 2, 143, 145
411483.3.peg.1904.site.17, 4, 149, 153
411483.3.peg.1904.site.18, 2, 140, 142
411483.3.peg.1904.site.19, 3, 140, 143
411483.3.peg.1904.site.20, 3, 136, 139
411483.3.peg.1904.site.21, 8, 121, 129
411483.3.peg.1904.site.22, 2, 119, 121
411483.3.peg.1904.site.23, 1, 123, 124
411483.3.peg.1904.site.24, 7, 125, 132
411483.3.peg.1904.site.25, 19, 126, 145
411483.3.peg.1904.site.26, 2, 122, 124
411483.3.peg.1904.site.27, 5, 119, 124
411483.3.peg.1904.site.28, 1, 121, 122
411483.3.peg.1904.site.29, 0, 120, 120
411483.3.peg.1904.site.30, 5, 106, 111
411483.3.peg.1904.site.31, 9, 131, 140
411483.3.peg.1904.site.32, 6, 132, 138
411483.3.peg.1904.site.33, 3, 140, 143
411483.3.peg.1904.site.34, 4, 143, 147
411483.3.peg.1904.site.35, 1, 143, 144
411483.3.peg.1904.site.36, 3, 147, 150
411483.3.peg.1904.site.37, 0, 147, 147
411483.3.peg.1904.site.38, 1, 148, 149
411483.3.peg.1904.site.39, 13, 145, 158
411483.3.peg.1904.site.40, 20, 142, 162
411483.3.peg.1904.site.41, 0, 149, 149
411483.3.peg.1904.site.42, 2, 146, 148
411483.3.peg.1904.site.43, 0, 143, 143
411483.3.peg.1904.site.44, 111, 118, 229
411483.3.peg.1904.site.45, 1, 129, 130
411483.3.peg.1904.site.46, 13, 126, 139
411483.3.peg.1904.site.47, 114, 136, 250
411483.3.peg.1904.site.48, 20, 136, 156
411483.3.peg.1904.site.49, 0, 139, 139
411483.3.peg.1904.site.50, 3, 144, 147
411483.3.peg.1904.site.51, 1, 135, 136
411483.3.peg.1904.site.52, 73, 126, 199
411483.3.peg.1904.site.53, 1, 129, 130
411483.3.peg.1904.site.54, 120, 124, 244
411483.3.peg.1904.site.55, 2, 98, 100
411483.3.peg.1904.site.56, 3, 106, 109
411483.3.peg.1904.site.57, 23, 92, 115
411483.3.peg.1904.site.58, 3, 93, 96
411483.3.peg.1903.site.1, 0, 101, 101
411483.3.peg.1903.site.2, 3, 101, 104
411483.3.peg.1903.site.3, 102, 109, 211
411483.3.peg.1903.site.4, 3, 118, 121
411483.3.peg.1903.site.5, 2, 120, 122
411483.3.peg.1903.site.6, 4, 119, 123
411483.3.peg.1903.site.7, 17, 96, 113
411483.3.peg.1903.site.8, 1, 127, 128
411483.3.peg.1903.site.9, 2, 129, 131
411483.3.peg.1903.site.10, 22, 127, 149
411483.3.peg.1903.site.11, 4, 132, 136
411483.3.peg.1903.site.12, 1, 150, 151
411483.3.peg.1903.site.13, 3, 152, 155
411483.3.peg.1903.site.14, 3, 152, 155
411483.3.peg.1903.site.15, 6, 152, 158
411483.3.peg.1902.site.1, 0, 66, 66
411483.3.peg.1902.site.2, 5, 77, 82
411483.3.peg.1902.site.3, 2, 89, 91
411483.3.peg.1902.site.4, 2, 96, 98
411483.3.peg.1902.site.5, 2, 101, 103
411483.3.peg.1902.site.6, 3, 103, 106
411483.3.peg.1902.site.7, 1, 102, 103
411483.3.peg.1902.site.8, 6, 98, 104
411483.3.peg.1902.site.9, 24, 105, 129
411483.3.peg.1902.site.10, 2, 102, 104
411483.3.peg.1902.site.11, 10, 105, 115
411483.3.peg.1902.site.12, 3, 98, 101
411483.3.peg.1902.site.13, 5, 113, 118
411483.3.peg.1902.site.14, 1, 125, 126
411483.3.peg.1902.site.15, 19, 117, 136
411483.3.peg.1902.site.16, 30, 119, 149
411483.3.peg.1902.site.17, 7, 123, 130
411483.3.peg.1902.site.18, 4, 129, 133
411483.3.peg.1902.site.19, 2, 139, 141
411483.3.peg.1902.site.20, 1, 146, 147
411483.3.peg.1902.site.21, 4, 147, 151
411483.3.peg.1902.site.22, 11, 144, 155
411483.3.peg.1902.site.23, 1, 143, 144
411483.3.peg.1902.site.24, 3, 150, 153
411483.3.peg.1902.site.25, 17, 143, 160
411483.3.peg.1902.site.26, 21, 145, 166
411483.3.peg.1902.site.27, 59, 132, 191
411483.3.peg.1902.site.28, 8, 138, 146
411483.3.peg.1902.site.29, 0, 145, 145
411483.3.peg.1902.site.30, 3, 136, 139
411483.3.peg.1902.site.31, 18, 139, 157
411483.3.peg.1902.site.32, 1, 145, 146
411483.3.peg.1902.site.33, 1, 144, 145
411483.3.peg.1902.site.34, 4, 141, 145
411483.3.peg.1902.site.35, 4, 144, 148
411483.3.peg.1902.site.36, 7, 140, 147
411483.3.peg.1902.site.37, 1, 137, 138
411483.3.peg.1902.site.38, 37, 133, 170
411483.3.peg.1902.site.39, 53, 135, 188
411483.3.peg.1902.site.40, 0, 150, 150
411483.3.peg.1902.site.41, 18, 138, 156
411483.3.peg.1902.site.42, 1, 143, 144
411483.3.peg.1902.site.43, 0, 142, 142
411483.3.peg.1902.site.44, 7, 146, 153
411483.3.peg.1902.site.45, 7, 147, 154
411483.3.peg.1902.site.46, 3, 153, 156
411483.3.peg.1902.site.47, 2, 150, 152
411483.3.peg.1902.site.48, 1, 149, 150
411483.3.peg.1902.site.49, 1, 151, 152
411483.3.peg.1902.site.50, 2, 149, 151
411483.3.peg.1902.site.51, 0, 150, 150
411483.3.peg.1902.site.52, 1, 149, 150
411483.3.peg.1902.site.53, 4, 153, 157
411483.3.peg.1902.site.54, 7, 148, 155
411483.3.peg.1902.site.55, 26, 142, 168
411483.3.peg.1902.site.56, 1, 147, 148
411483.3.peg.1902.site.57, 3, 140, 143
411483.3.peg.1902.site.58, 1, 148, 149
411483.3.peg.1902.site.59, 5, 137, 142
411483.3.peg.1902.site.60, 24, 133, 157
411483.3.peg.1902.site.61, 4, 136, 140
411483.3.peg.1902.site.62, 2, 135, 137
411483.3.peg.1902.site.63, 94, 126, 220
411483.3.peg.1902.site.64, 1, 130, 131
411483.3.peg.1902.site.65, 9, 128, 137
411483.3.peg.1902.site.66, 19, 125, 144
411483.3.peg.1902.site.67, 53, 124, 177
411483.3.peg.1902.site.68, 2, 131, 133
411483.3.peg.1902.site.69, 54, 128, 182
411483.3.peg.1902.site.70, 3, 135, 138
411483.3.peg.1902.site.71, 16, 132, 148
411483.3.peg.1902.site.72, 3, 132, 135
411483.3.peg.1902.site.73, 3, 131, 134
411483.3.peg.1902.site.74, 3, 126, 129
411483.3.peg.1902.site.75, 3, 121, 124
411483.3.peg.1902.site.76, 0, 121, 121
411483.3.peg.1902.site.77, 3, 122, 125
411483.3.peg.1902.site.78, 2, 116, 118
411483.3.peg.1902.site.79, 3, 117, 120
411483.3.peg.1902.site.80, 3, 106, 109
411483.3.peg.1902.site.81, 1, 98, 99
411483.3.peg.1902.site.82, 2, 95, 97
411483.3.peg.1902.site.83, 1, 86, 87
411483.3.peg.1902.site.84, 1, 88, 89
411483.3.peg.1902.site.85, 3, 79, 82
411483.3.peg.1902.site.86, 2, 90, 92
411483.3.peg.1902.site.87, 0, 95, 95
411483.3.peg.1902.site.88, 3, 101, 104
411483.3.peg.1902.site.89, 7, 99, 106
411483.3.peg.1902.site.90, 2, 97, 99
411483.3.peg.1902.site.91, 8, 99, 107
411483.3.peg.1902.site.92, 7, 110, 117
411483.3.peg.1902.site.93, 1, 115, 116
411483.3.peg.1902.site.94, 2, 122, 124
411483.3.peg.1902.site.95, 99, 125, 224
411483.3.peg.1902.site.96, 1, 133, 134
411483.3.peg.1902.site.97, 132, 132, 264
411483.3.peg.1902.site.98, 35, 120, 155
411483.3.peg.1902.site.99, 1, 130, 131
411483.3.peg.1902.site.100, 9, 134, 143
411483.3.peg.1902.site.101, 2, 138, 140
411483.3.peg.1902.site.102, 1, 134, 135
411483.3.peg.1902.site.103, 0, 133, 133
411483.3.peg.1902.site.104, 4, 132, 136
411483.3.peg.1902.site.105, 1, 131, 132
411483.3.peg.1902.site.106, 14, 128, 142
411483.3.peg.1902.site.107, 43, 115, 158
411483.3.peg.1902.site.108, 45, 120, 165
411483.3.peg.1902.site.109, 3, 119, 122
411483.3.peg.1902.site.110, 61, 108, 169
411483.3.peg.1902.site.111, 0, 119, 119
411483.3.peg.1902.site.112, 3, 116, 119
411483.3.peg.1902.site.113, 46, 104, 150
411483.3.peg.1902.site.114, 6, 115, 121
411483.3.peg.1902.site.115, 70, 108, 178
411483.3.peg.1902.site.116, 56, 119, 175
411483.3.peg.1902.site.117, 60, 115, 175
411483.3.peg.1902.site.118, 1, 141, 142
411483.3.peg.1902.site.119, 2, 141, 143
411483.3.peg.1902.site.120, 52, 129, 181
411483.3.peg.1902.site.121, 3, 141, 144
411483.3.peg.1902.site.122, 2, 133, 135
411483.3.peg.1902.site.123, 4, 129, 133
411483.3.peg.1902.site.124, 2, 120, 122
411483.3.peg.1902.site.125, 8, 122, 130
411483.3.peg.1902.site.126, 1, 123, 124
411483.3.peg.1902.site.127, 2, 122, 124
411483.3.peg.1902.site.128, 46, 116, 162
411483.3.peg.1902.site.129, 1, 133, 134
411483.3.peg.1902.site.130, 4, 124, 128
411483.3.peg.1902.site.131, 4, 125, 129
411483.3.peg.1902.site.132, 1, 134, 135
411483.3.peg.1902.site.133, 1, 131, 132
411483.3.peg.1902.site.134, 3, 128, 131
411483.3.peg.1902.site.135, 1, 130, 131
411483.3.peg.1902.site.136, 1, 122, 123
411483.3.peg.1902.site.137, 0, 115, 115
411483.3.peg.1902.site.138, 7, 111, 118
411483.3.peg.1902.site.139, 10, 103, 113
411483.3.peg.1902.site.140, 3, 115, 118
411483.3.peg.1902.site.141, 1, 115, 116
411483.3.peg.1902.site.142, 1, 126, 127
411483.3.peg.1902.site.143, 11, 124, 135
411483.3.peg.1902.site.144, 1, 125, 126
411483.3.peg.1902.site.145, 2, 126, 128
411483.3.peg.1902.site.146, 2, 139, 141
411483.3.peg.1902.site.147, 1, 134, 135
411483.3.peg.1902.site.148, 0, 124, 124
411483.3.peg.1902.site.149, 4, 121, 125
411483.3.peg.1902.site.150, 6, 105, 111
411483.3.peg.1902.site.151, 6, 120, 126
411483.3.peg.1902.site.152, 4, 119, 123
411483.3.peg.1902.site.153, 0, 102, 102
411483.3.peg.1902.site.154, 29, 91, 120
411483.3.peg.1902.site.155, 1, 100, 101
411483.3.peg.1902.site.156, 2, 99, 101
411483.3.peg.1902.site.157, 3, 107, 110
411483.3.peg.1902.site.158, 2, 104, 106
411483.3.peg.1902.site.159, 3, 103, 106
411483.3.peg.1902.site.160, 1, 107, 108
411483.3.peg.1902.site.161, 4, 109, 113
411483.3.peg.1902.site.162, 2, 106, 108
411483.3.peg.1902.site.163, 2, 106, 108
411483.3.peg.1902.site.164, 1, 115, 116
411483.3.peg.1902.site.165, 4, 119, 123
411483.3.peg.1902.site.166, 4, 133, 137
411483.3.peg.1902.site.167, 7, 132, 139
411483.3.peg.1902.site.168, 2, 131, 133
411483.3.peg.1902.site.169, 0, 130, 130
411483.3.peg.1902.site.170, 88, 122, 210
411483.3.peg.1902.site.171, 16, 121, 137
411483.3.peg.1902.site.172, 7, 115, 122
411483.3.peg.1902.site.173, 7, 100, 107
411483.3.peg.1902.site.174, 1, 92, 93
411483.3.peg.1902.site.175, 13, 73, 86
411483.3.peg.1902.site.176, 2, 87, 89
411483.3.peg.1902.site.177, 4, 93, 97
411483.3.peg.1902.site.178, 1, 87, 88
411483.3.peg.1902.site.179, 6, 108, 114
411483.3.peg.1902.site.180, 6, 100, 106
411483.3.peg.1902.site.181, 0, 94, 94
411483.3.peg.1902.site.182, 2, 112, 114
411483.3.peg.1902.site.183, 4, 115, 119
411483.3.peg.1902.site.184, 1, 132, 133
411483.3.peg.1902.site.185, 2, 142, 144
411483.3.peg.1902.site.186, 1, 150, 151
411483.3.peg.1902.site.187, 9, 146, 155
411483.3.peg.1901.site.1, 1, 78, 79
411483.3.peg.1901.site.2, 3, 81, 84
411483.3.peg.1901.site.3, 1, 101, 102
411483.3.peg.1901.site.4, 39, 103, 142
411483.3.peg.1901.site.5, 2, 110, 112
411483.3.peg.1901.site.6, 1, 108, 109
411483.3.peg.1901.site.7, 6, 122, 128
411483.3.peg.1901.site.8, 19, 108, 127
411483.3.peg.1901.site.9, 0, 126, 126
411483.3.peg.1901.site.10, 3, 122, 125
411483.3.peg.1901.site.11, 12, 107, 119
411483.3.peg.1901.site.12, 17, 112, 129
411483.3.peg.1901.site.13, 0, 98, 98
411483.3.peg.1901.site.14, 37, 97, 134
411483.3.peg.1901.site.15, 2, 99, 101
411483.3.peg.1901.site.16, 15, 88, 103
411483.3.peg.1901.site.17, 2, 86, 88
411483.3.peg.1901.site.18, 3, 70, 73
411483.3.peg.1901.site.19, 5, 95, 100
411483.3.peg.1901.site.20, 1, 106, 107
411483.3.peg.1901.site.21, 1, 107, 108
411483.3.peg.1901.site.22, 2, 112, 114
411483.3.peg.1901.site.23, 2, 125, 127
411483.3.peg.1901.site.24, 123, 126, 249
411483.3.peg.1901.site.25, 20, 125, 145
411483.3.peg.1901.site.26, 6, 126, 132
411483.3.peg.1901.site.27, 1, 130, 131
411483.3.peg.1901.site.28, 1, 129, 130
411483.3.peg.1901.site.29, 2, 122, 124
411483.3.peg.1901.site.30, 1, 122, 123
411483.3.peg.1901.site.31, 0, 111, 111
411483.3.peg.1901.site.32, 108, 108, 216
411483.3.peg.1901.site.33, 2, 98, 100
411483.3.peg.1901.site.34, 2, 99, 101
411483.3.peg.1901.site.35, 6, 87, 93
411483.3.peg.1901.site.36, 3, 117, 120
411483.3.peg.1901.site.37, 1, 111, 112
411483.3.peg.1901.site.38, 1, 116, 117
411483.3.peg.1901.site.39, 2, 122, 124
411483.3.peg.1901.site.40, 101, 118, 219
411483.3.peg.1901.site.41, 1, 130, 131
411483.3.peg.1901.site.42, 1, 125, 126
411483.3.peg.1901.site.43, 2, 131, 133
411483.3.peg.1901.site.44, 0, 129, 129
411483.3.peg.1901.site.45, 12, 125, 137
411483.3.peg.1901.site.46, 2, 134, 136
411483.3.peg.1901.site.47, 44, 124, 168
411483.3.peg.1901.site.48, 4, 137, 141
411483.3.peg.1901.site.49, 6, 132, 138
411483.3.peg.1901.site.50, 2, 126, 128
411483.3.peg.1901.site.51, 10, 112, 122
411483.3.peg.1901.site.52, 1, 140, 141
411483.3.peg.1901.site.53, 40, 131, 171
411483.3.peg.1901.site.54, 2, 143, 145
411483.3.peg.1901.site.55, 1, 146, 147
411483.3.peg.1901.site.56, 19, 135, 154
411483.3.peg.1901.site.57, 1, 136, 137
411483.3.peg.1901.site.58, 36, 120, 156
411483.3.peg.1901.site.59, 128, 132, 260
411483.3.peg.1901.site.60, 18, 131, 149
411483.3.peg.1901.site.61, 99, 119, 218
411483.3.peg.1901.site.62, 0, 122, 122
411483.3.peg.1901.site.63, 3, 108, 111
411483.3.peg.1901.site.64, 2, 123, 125
411483.3.peg.1901.site.65, 4, 117, 121
411483.3.peg.1901.site.66, 2, 126, 128
411483.3.peg.1901.site.67, 0, 129, 129
411483.3.peg.1901.site.68, 1, 133, 134
411483.3.peg.1901.site.69, 1, 129, 130
411483.3.peg.1901.site.70, 51, 112, 163
411483.3.peg.1901.site.71, 1, 124, 125
411483.3.peg.1901.site.72, 6, 124, 130
411483.3.peg.1901.site.73, 15, 124, 139
411483.3.peg.1901.site.74, 1, 125, 126
411483.3.peg.1901.site.75, 8, 119, 127
411483.3.peg.1901.site.76, 25, 107, 132
411483.3.peg.1901.site.77, 24, 105, 129
411483.3.peg.1901.site.78, 3, 117, 120
411483.3.peg.1901.site.79, 4, 117, 121
411483.3.peg.1901.site.80, 1, 119, 120
411483.3.peg.1901.site.81, 10, 119, 129
411483.3.peg.1901.site.82, 67, 115, 182
411483.3.peg.1901.site.83, 11, 122, 133
411483.3.peg.1901.site.84, 3, 125, 128
411483.3.peg.1901.site.85, 14, 125, 139
411483.3.peg.1901.site.86, 3, 133, 136
411483.3.peg.1901.site.87, 0, 140, 140
411483.3.peg.1901.site.88, 72, 130, 202
411483.3.peg.1901.site.89, 24, 133, 157
411483.3.peg.1901.site.90, 1, 140, 141
411483.3.peg.2758.site.1, 1, 135, 136
411483.3.peg.2758.site.2, 1, 146, 147
411483.3.peg.2758.site.3, 2, 145, 147
411483.3.peg.2758.site.4, 20, 146, 166
411483.3.peg.2758.site.5, 2, 146, 148
411483.3.peg.2758.site.6, 0, 140, 140
411483.3.peg.2758.site.7, 4, 134, 138
411483.3.peg.2758.site.8, 4, 131, 135
411483.3.peg.2758.site.9, 5, 134, 139
411483.3.peg.2758.site.10, 100, 101, 201
411483.3.peg.2758.site.11, 7, 101, 108
411483.3.peg.2758.site.12, 1, 106, 107
411483.3.peg.2758.site.13, 4, 104, 108
411483.3.peg.2758.site.14, 3, 98, 101
411483.3.peg.2758.site.15, 4, 101, 105
411483.3.peg.2758.site.16, 6, 96, 102
411483.3.peg.2758.site.17, 24, 97, 121
411483.3.peg.2758.site.18, 16, 95, 111
411483.3.peg.2758.site.19, 33, 99, 132
411483.3.peg.2758.site.20, 42, 101, 143
411483.3.peg.2758.site.21, 4, 107, 111
411483.3.peg.2758.site.22, 2, 105, 107
411483.3.peg.2758.site.23, 71, 111, 182
411483.3.peg.2758.site.24, 15, 127, 142
411483.3.peg.2758.site.25, 0, 140, 140
411483.3.peg.2758.site.26, 0, 140, 140
411483.3.peg.2758.site.27, 113, 149, 262
411483.3.peg.2758.site.28, 2, 155, 157
411483.3.peg.2758.site.29, 0, 151, 151
411483.3.peg.2758.site.30, 24, 148, 172
411483.3.peg.2758.site.31, 6, 151, 157
411483.3.peg.2758.site.32, 0, 153, 153
411483.3.peg.2758.site.33, 0, 152, 152
411483.3.peg.2758.site.34, 4, 150, 154
411483.3.peg.2758.site.35, 154, 155, 309
411483.3.peg.2758.site.36, 2, 153, 155
411483.3.peg.2758.site.37, 2, 153, 155
411483.3.peg.2758.site.38, 3, 153, 156
411483.3.peg.2758.site.39, 2, 153, 155
411483.3.peg.2758.site.40, 2, 152, 154
411483.3.peg.2758.site.41, 2, 153, 155
411483.3.peg.2758.site.42, 4, 152, 156
411483.3.peg.2758.site.43, 5, 144, 149
411483.3.peg.2758.site.44, 0, 146, 146
411483.3.peg.2758.site.45, 7, 145, 152
411483.3.peg.2758.site.46, 0, 148, 148
411483.3.peg.2758.site.47, 4, 146, 150
411483.3.peg.2758.site.48, 5, 149, 154
411483.3.peg.2758.site.49, 11, 146, 157
411483.3.peg.2758.site.50, 15, 147, 162
411483.3.peg.2758.site.51, 3, 146, 149
411483.3.peg.2758.site.52, 5, 148, 153
411483.3.peg.2758.site.53, 4, 155, 159
411483.3.peg.2758.site.54, 6, 154, 160
411483.3.peg.2758.site.55, 2, 155, 157
411483.3.peg.2758.site.56, 3, 152, 155
411483.3.peg.2758.site.57, 4, 154, 158
411483.3.peg.2758.site.58, 2, 154, 156
411483.3.peg.2758.site.59, 2, 152, 154
411483.3.peg.2758.site.60, 11, 147, 158
411483.3.peg.2758.site.61, 1, 146, 147
411483.3.peg.2758.site.62, 62, 133, 195
411483.3.peg.2758.site.63, 11, 140, 151
411483.3.peg.2758.site.64, 65, 135, 200
411483.3.peg.2758.site.65, 0, 142, 142
411483.3.peg.2758.site.66, 2, 139, 141
411483.3.peg.2758.site.67, 27, 128, 155
411483.3.peg.2758.site.68, 2, 136, 138
411483.3.peg.2758.site.69, 3, 136, 139
411483.3.peg.2758.site.70, 12, 134, 146
411483.3.peg.2758.site.71, 1, 132, 133
411483.3.peg.2758.site.72, 4, 131, 135
411483.3.peg.2758.site.73, 11, 135, 146
411483.3.peg.2758.site.74, 11, 137, 148
411483.3.peg.2758.site.75, 8, 135, 143
411483.3.peg.2758.site.76, 2, 151, 153
411483.3.peg.2758.site.77, 79, 140, 219
411483.3.peg.2758.site.78, 5, 149, 154
411483.3.peg.2758.site.79, 0, 153, 153
411483.3.peg.2758.site.80, 1, 155, 156
411483.3.peg.2758.site.81, 44, 145, 189
411483.3.peg.2758.site.82, 19, 149, 168
411483.3.peg.2758.site.83, 0, 148, 148
411483.3.peg.2758.site.84, 2, 150, 152
411483.3.peg.2758.site.85, 3, 148, 151
411483.3.peg.2758.site.86, 3, 151, 154
411483.3.peg.2758.site.87, 0, 149, 149
411483.3.peg.2758.site.88, 1, 148, 149
411483.3.peg.2758.site.89, 5, 149, 154
411483.3.peg.2758.site.90, 0, 147, 147
411483.3.peg.2758.site.91, 2, 145, 147
411483.3.peg.2758.site.92, 0, 147, 147
411483.3.peg.2758.site.93, 1, 142, 143
411483.3.peg.2758.site.94, 1, 143, 144
411483.3.peg.2758.site.95, 2, 143, 145
411483.3.peg.2758.site.96, 1, 141, 142
411483.3.peg.2758.site.97, 0, 141, 141
411483.3.peg.2758.site.98, 126, 133, 259
411483.3.peg.2758.site.99, 1, 135, 136
411483.3.peg.2758.site.100, 1, 135, 136
411483.3.peg.2758.site.101, 3, 132, 135
411483.3.peg.2758.site.102, 0, 134, 134
411483.3.peg.2758.site.103, 130, 135, 265
411483.3.peg.2758.site.104, 2, 139, 141
411483.3.peg.2758.site.105, 2, 145, 147
411483.3.peg.2758.site.106, 3, 152, 155
411483.3.peg.2758.site.107, 8, 151, 159
411483.3.peg.2758.site.108, 3, 149, 152
411483.3.peg.2758.site.109, 5, 152, 157
411483.3.peg.2758.site.110, 2, 152, 154
411483.3.peg.2758.site.111, 2, 153, 155
411483.3.peg.2758.site.112, 12, 150, 162
411483.3.peg.2758.site.113, 4, 150, 154
411483.3.peg.2758.site.114, 3, 147, 150
411483.3.peg.2758.site.115, 6, 151, 157
411483.3.peg.2758.site.116, 4, 152, 156
411483.3.peg.2758.site.117, 2, 152, 154
411483.3.peg.2758.site.118, 3, 153, 156
411483.3.peg.2758.site.119, 2, 154, 156
411483.3.peg.2758.site.120, 6, 155, 161
411483.3.peg.2758.site.121, 3, 152, 155
411483.3.peg.2758.site.122, 1, 154, 155
411483.3.peg.2758.site.123, 0, 154, 154
411483.3.peg.2758.site.124, 0, 154, 154
411483.3.peg.2758.site.125, 39, 145, 184
411483.3.peg.2758.site.126, 2, 153, 155
411483.3.peg.2758.site.127, 1, 152, 153
411483.3.peg.2758.site.128, 4, 153, 157
411483.3.peg.2758.site.129, 6, 153, 159
411483.3.peg.2758.site.130, 1, 152, 153
411483.3.peg.2758.site.131, 2, 148, 150
411483.3.peg.2758.site.132, 152, 152, 304
411483.3.peg.2758.site.133, 1, 155, 156
411483.3.peg.1349.site.1, 19, 131, 150
411483.3.peg.1349.site.2, 4, 134, 138
411483.3.peg.1349.site.3, 3, 137, 140
411483.3.peg.1349.site.4, 7, 128, 135
411483.3.peg.1349.site.5, 6, 126, 132
411483.3.peg.1349.site.6, 2, 131, 133
411483.3.peg.1349.site.7, 1, 121, 122
411483.3.peg.1349.site.8, 0, 124, 124
411483.3.peg.1349.site.9, 115, 121, 236
411483.3.peg.1349.site.10, 0, 126, 126
411483.3.peg.1349.site.11, 2, 144, 146
411483.3.peg.1349.site.12, 64, 136, 200
411483.3.peg.1349.site.13, 83, 142, 225
411483.3.peg.1349.site.14, 8, 142, 150
411483.3.peg.1349.site.15, 2, 149, 151
411483.3.peg.1349.site.16, 2, 149, 151
411483.3.peg.1349.site.17, 2, 150, 152
411483.3.peg.1349.site.18, 4, 149, 153
411483.3.peg.1349.site.19, 5, 152, 157
411483.3.peg.1349.site.20, 118, 141, 259
411483.3.peg.1349.site.21, 32, 148, 180
411483.3.peg.1349.site.22, 2, 151, 153
411483.3.peg.1349.site.23, 2, 151, 153
411483.3.peg.1349.site.24, 0, 151, 151
411483.3.peg.1349.site.25, 2, 143, 145
411483.3.peg.1349.site.26, 8, 150, 158
411483.3.peg.1349.site.27, 6, 152, 158
411483.3.peg.1349.site.28, 1, 148, 149
411483.3.peg.1349.site.29, 0, 151, 151
411483.3.peg.1349.site.30, 0, 151, 151
411483.3.peg.1349.site.31, 0, 152, 152
411483.3.peg.1349.site.32, 0, 144, 144
411483.3.peg.1349.site.33, 8, 145, 153
411483.3.peg.1349.site.34, 1, 151, 152
411483.3.peg.1349.site.35, 0, 150, 150
411483.3.peg.1349.site.36, 3, 152, 155
411483.3.peg.1349.site.37, 2, 154, 156
411483.3.peg.1349.site.38, 3, 155, 158
411483.3.peg.1348.site.1, 3, 153, 156
411483.3.peg.1348.site.2, 0, 150, 150
411483.3.peg.1348.site.3, 0, 151, 151
411483.3.peg.1348.site.4, 126, 149, 275
411483.3.peg.1348.site.5, 5, 151, 156
411483.3.peg.1348.site.6, 0, 147, 147
411483.3.peg.1348.site.7, 20, 129, 149
411483.3.peg.1348.site.8, 2, 131, 133
411483.3.peg.1348.site.9, 1, 128, 129
411483.3.peg.1348.site.10, 4, 122, 126
411483.3.peg.1348.site.11, 31, 103, 134
411483.3.peg.1348.site.12, 1, 114, 115
411483.3.peg.1348.site.13, 1, 122, 123
411483.3.peg.1348.site.14, 2, 124, 126
411483.3.peg.1348.site.15, 7, 131, 138
411483.3.peg.1348.site.16, 2, 151, 153
411483.3.peg.1348.site.17, 10, 146, 156
411483.3.peg.1348.site.18, 1, 150, 151
411483.3.peg.1348.site.19, 8, 152, 160
411483.3.peg.1348.site.20, 1, 153, 154
411483.3.peg.1348.site.21, 2, 152, 154
411483.3.peg.1348.site.22, 0, 152, 152
411483.3.peg.1348.site.23, 3, 153, 156
411483.3.peg.1348.site.24, 7, 152, 159
411483.3.peg.1348.site.25, 124, 145, 269
411483.3.peg.1348.site.26, 16, 147, 163
411483.3.peg.1348.site.27, 100, 138, 238
411483.3.peg.1348.site.28, 7, 143, 150
411483.3.peg.1348.site.29, 47, 140, 187
411483.3.peg.1348.site.30, 41, 136, 177
411483.3.peg.1348.site.31, 14, 143, 157
411483.3.peg.1348.site.32, 25, 148, 173
411483.3.peg.1348.site.33, 2, 152, 154
411483.3.peg.1348.site.34, 12, 153, 165
411483.3.peg.1348.site.35, 50, 140, 190
411483.3.peg.1348.site.36, 3, 155, 158
411483.3.peg.1348.site.37, 2, 153, 155
411483.3.peg.1348.site.38, 8, 151, 159
411483.3.peg.1348.site.39, 0, 152, 152
411483.3.peg.1348.site.40, 0, 155, 155
411483.3.peg.1348.site.41, 3, 143, 146
411483.3.peg.1348.site.42, 2, 139, 141
411483.3.peg.1348.site.43, 2, 144, 146
411483.3.peg.1348.site.44, 3, 142, 145
411483.3.peg.1348.site.45, 6, 119, 125
411483.3.peg.1348.site.46, 13, 149, 162
411483.3.peg.1348.site.47, 29, 139, 168
411483.3.peg.1348.site.48, 9, 149, 158
411483.3.peg.1348.site.49, 4, 149, 153
411483.3.peg.1348.site.50, 10, 150, 160
411483.3.peg.1348.site.51, 2, 153, 155
411483.3.peg.1348.site.52, 2, 152, 154
411483.3.peg.1348.site.53, 6, 153, 159
411483.3.peg.1348.site.54, 0, 147, 147
411483.3.peg.1348.site.55, 6, 150, 156
411483.3.peg.1348.site.56, 7, 146, 153
411483.3.peg.1348.site.57, 3, 148, 151
411483.3.peg.1348.site.58, 29, 143, 172
411483.3.peg.1348.site.59, 6, 149, 155
411483.3.peg.1348.site.60, 5, 147, 152
411483.3.peg.1348.site.61, 0, 141, 141
411483.3.peg.1348.site.62, 0, 140, 140
411483.3.peg.1348.site.63, 8, 134, 142
411483.3.peg.1348.site.64, 1, 141, 142
411483.3.peg.1348.site.65, 1, 136, 137
411483.3.peg.1348.site.66, 5, 140, 145
411483.3.peg.1348.site.67, 1, 136, 137
411483.3.peg.1348.site.68, 12, 132, 144
411483.3.peg.1348.site.69, 2, 135, 137
411483.3.peg.1348.site.70, 1, 138, 139
411483.3.peg.1348.site.71, 3, 133, 136
411483.3.peg.1348.site.72, 5, 136, 141
411483.3.peg.1348.site.73, 46, 131, 177
411483.3.peg.1348.site.74, 0, 136, 136
411483.3.peg.1348.site.75, 2, 127, 129
411483.3.peg.1348.site.76, 0, 125, 125
411483.3.peg.1348.site.77, 0, 124, 124
411483.3.peg.1348.site.78, 5, 121, 126
411483.3.peg.1348.site.79, 85, 115, 200
411483.3.peg.1348.site.80, 2, 132, 134
411483.3.peg.1348.site.81, 2, 128, 130
411483.3.peg.1348.site.82, 33, 115, 148
411483.3.peg.1348.site.83, 2, 131, 133
411483.3.peg.1348.site.84, 0, 133, 133
411483.3.peg.1348.site.85, 5, 141, 146
411483.3.peg.1348.site.86, 4, 143, 147
411483.3.peg.1348.site.87, 2, 146, 148
411483.3.peg.1348.site.88, 111, 145, 256
411483.3.peg.1348.site.89, 16, 153, 169
411483.3.peg.1348.site.90, 153, 153, 306
411483.3.peg.1348.site.91, 1, 153, 154
411483.3.peg.1348.site.92, 1, 154, 155
411483.3.peg.1348.site.93, 3, 155, 158
411483.3.peg.1348.site.94, 2, 153, 155
411483.3.peg.1348.site.95, 1, 146, 147
411483.3.peg.1348.site.96, 11, 140, 151
411483.3.peg.1348.site.97, 3, 153, 156
411483.3.peg.1348.site.98, 6, 144, 150
411483.3.peg.1348.site.99, 9, 147, 156
411483.3.peg.1348.site.100, 105, 145, 250
411483.3.peg.1348.site.101, 0, 153, 153
411483.3.peg.1348.site.102, 23, 144, 167
411483.3.peg.1348.site.103, 10, 146, 156
411483.3.peg.1348.site.104, 18, 148, 166
411483.3.peg.1348.site.105, 1, 150, 151
411483.3.peg.1348.site.106, 3, 150, 153
411483.3.peg.1348.site.107, 1, 150, 151
411483.3.peg.1348.site.108, 3, 151, 154
411483.3.peg.1348.site.109, 2, 153, 155
411483.3.peg.1348.site.110, 1, 151, 152
411483.3.peg.1348.site.111, 2, 154, 156
411483.3.peg.1348.site.112, 57, 144, 201
411483.3.peg.1348.site.113, 14, 148, 162
411483.3.peg.1348.site.114, 52, 135, 187
411483.3.peg.1348.site.115, 9, 152, 161
411483.3.peg.1348.site.116, 7, 151, 158
411483.3.peg.1348.site.117, 1, 153, 154
411483.3.peg.1348.site.118, 3, 151, 154
411483.3.peg.1348.site.119, 1, 153, 154
411483.3.peg.1348.site.120, 138, 148, 286
411483.3.peg.1348.site.121, 9, 154, 163
411483.3.peg.1348.site.122, 1, 153, 154
411483.3.peg.1348.site.123, 1, 153, 154
411483.3.peg.1348.site.124, 3, 152, 155
411483.3.peg.1348.site.125, 81, 147, 228
411483.3.peg.1348.site.126, 1, 155, 156
411483.3.peg.1348.site.127, 55, 149, 204
411483.3.peg.1348.site.128, 0, 154, 154
411483.3.peg.1348.site.129, 1, 155, 156
411483.3.peg.1348.site.130, 1, 154, 155
411483.3.peg.1348.site.131, 1, 154, 155
411483.3.peg.1348.site.132, 0, 152, 152
411483.3.peg.1348.site.133, 36, 146, 182
411483.3.peg.1348.site.134, 5, 153, 158
411483.3.peg.1348.site.135, 4, 154, 158
411483.3.peg.1348.site.136, 11, 148, 159
411483.3.peg.1348.site.137, 16, 146, 162
411483.3.peg.1348.site.138, 9, 154, 163
411483.3.peg.1340.site.1, 5, 153, 158
411483.3.peg.1340.site.2, 2, 155, 157
411483.3.peg.1340.site.3, 1, 155, 156
411483.3.peg.1340.site.4, 3, 153, 156
411483.3.peg.1340.site.5, 0, 154, 154
411483.3.peg.1340.site.6, 15, 145, 160
411483.3.peg.1340.site.7, 2, 153, 155
411483.3.peg.1340.site.8, 0, 152, 152
411483.3.peg.1340.site.9, 112, 145, 257
411483.3.peg.1340.site.10, 23, 148, 171
411483.3.peg.1340.site.11, 2, 154, 156
411483.3.peg.1340.site.12, 4, 152, 156
411483.3.peg.1340.site.13, 2, 155, 157
411483.3.peg.1340.site.14, 2, 154, 156
411483.3.peg.1340.site.15, 4, 154, 158
411483.3.peg.1340.site.16, 0, 154, 154
411483.3.peg.1340.site.17, 2, 154, 156
411483.3.peg.1340.site.18, 2, 154, 156
411483.3.peg.1343.site.1, 2, 154, 156
411483.3.peg.1343.site.2, 3, 155, 158
411483.3.peg.1343.site.3, 0, 153, 153
411483.3.peg.1343.site.4, 2, 155, 157
411483.3.peg.1343.site.5, 76, 151, 227
411483.3.peg.1343.site.6, 2, 152, 154
411483.3.peg.1343.site.7, 1, 153, 154
411483.3.peg.1343.site.8, 9, 152, 161
411483.3.peg.1343.site.9, 1, 150, 151
411483.3.peg.1343.site.10, 8, 148, 156
411483.3.peg.1342.site.1, 1, 131, 132
411483.3.peg.1342.site.2, 0, 139, 139
411483.3.peg.1342.site.3, 54, 129, 183
411483.3.peg.1342.site.4, 1, 139, 140
411483.3.peg.1342.site.5, 126, 132, 258
411483.3.peg.1342.site.6, 9, 138, 147
411483.3.peg.1342.site.7, 2, 141, 143
411483.3.peg.1342.site.8, 0, 137, 137
411483.3.peg.1342.site.9, 6, 140, 146
411483.3.peg.1342.site.10, 71, 125, 196
411483.3.peg.1342.site.11, 52, 133, 185
411483.3.peg.1342.site.12, 3, 129, 132
411483.3.peg.1342.site.13, 1, 78, 79
411483.3.peg.1342.site.14, 6, 48, 54
411483.3.peg.1342.site.15, 3, 44, 47
411483.3.peg.1345.site.1, 14, 146, 160
411483.3.peg.1345.site.2, 5, 150, 155
411483.3.peg.1345.site.3, 1, 155, 156
411483.3.peg.1345.site.4, 8, 150, 158
411483.3.peg.1345.site.5, 4, 147, 151
411483.3.peg.1345.site.6, 0, 152, 152
411483.3.peg.1345.site.7, 1, 151, 152
411483.3.peg.1345.site.8, 2, 150, 152
411483.3.peg.1345.site.9, 2, 150, 152
411483.3.peg.1345.site.10, 1, 152, 153
411483.3.peg.1345.site.11, 3, 152, 155
411483.3.peg.1345.site.12, 1, 148, 149
411483.3.peg.1345.site.13, 1, 151, 152
411483.3.peg.1345.site.14, 2, 151, 153
411483.3.peg.1345.site.15, 52, 143, 195
411483.3.peg.1345.site.16, 1, 153, 154
411483.3.peg.1345.site.17, 11, 149, 160
411483.3.peg.1345.site.18, 2, 149, 151
411483.3.peg.1345.site.19, 1, 152, 153
411483.3.peg.1345.site.20, 4, 149, 153
411483.3.peg.1345.site.21, 105, 139, 244
411483.3.peg.1345.site.22, 4, 113, 117
411483.3.peg.1345.site.23, 5, 100, 105
411483.3.peg.1345.site.24, 2, 86, 88
411483.3.peg.1345.site.25, 5, 98, 103
411483.3.peg.1345.site.26, 4, 112, 116
411483.3.peg.1345.site.27, 2, 116, 118
411483.3.peg.1345.site.28, 2, 116, 118
411483.3.peg.1345.site.29, 43, 85, 128
411483.3.peg.1345.site.30, 59, 97, 156
411483.3.peg.1345.site.31, 24, 99, 123
411483.3.peg.1345.site.32, 0, 106, 106
411483.3.peg.1345.site.33, 0, 116, 116
411483.3.peg.1345.site.34, 19, 114, 133
411483.3.peg.1345.site.35, 6, 125, 131
411483.3.peg.1345.site.36, 93, 120, 213
411483.3.peg.1345.site.37, 7, 130, 137
411483.3.peg.1345.site.38, 8, 134, 142
411483.3.peg.1345.site.39, 23, 125, 148
411483.3.peg.1345.site.40, 5, 135, 140
411483.3.peg.1345.site.41, 9, 141, 150
411483.3.peg.1345.site.42, 6, 138, 144
411483.3.peg.1345.site.43, 47, 138, 185
411483.3.peg.1345.site.44, 1, 147, 148
411483.3.peg.1345.site.45, 25, 145, 170
411483.3.peg.1345.site.46, 16, 143, 159
411483.3.peg.1345.site.47, 0, 149, 149
411483.3.peg.1345.site.48, 1, 148, 149
411483.3.peg.1345.site.49, 10, 143, 153
411483.3.peg.1345.site.50, 1, 147, 148
411483.3.peg.1345.site.51, 1, 146, 147
411483.3.peg.1345.site.52, 1, 142, 143
411483.3.peg.1345.site.53, 3, 141, 144
411483.3.peg.1345.site.54, 11, 143, 154
411483.3.peg.1345.site.55, 1, 145, 146
411483.3.peg.1345.site.56, 8, 142, 150
411483.3.peg.1345.site.57, 0, 147, 147
411483.3.peg.1345.site.58, 1, 152, 153
411483.3.peg.1345.site.59, 2, 154, 156
411483.3.peg.1345.site.60, 3, 155, 158
411483.3.peg.1345.site.61, 3, 140, 143
411483.3.peg.1345.site.62, 4, 153, 157
411483.3.peg.1345.site.63, 1, 154, 155
411483.3.peg.1345.site.64, 1, 147, 148
411483.3.peg.1345.site.65, 0, 152, 152
411483.3.peg.1345.site.66, 4, 152, 156
411483.3.peg.1345.site.67, 5, 144, 149
411483.3.peg.1345.site.68, 2, 155, 157
411483.3.peg.1345.site.69, 141, 146, 287
411483.3.peg.1347.site.1, 40, 142, 182
411483.3.peg.1347.site.2, 2, 140, 142
411483.3.peg.1347.site.3, 62, 131, 193
411483.3.peg.1347.site.4, 0, 139, 139
411483.3.peg.1347.site.5, 1, 147, 148
411483.3.peg.1347.site.6, 3, 135, 138
411483.3.peg.1347.site.7, 60, 129, 189
411483.3.peg.1347.site.8, 2, 149, 151
411483.3.peg.1347.site.9, 63, 140, 203
411483.3.peg.1347.site.10, 83, 139, 222
411483.3.peg.1347.site.11, 1, 145, 146
411483.3.peg.1347.site.12, 1, 148, 149
411483.3.peg.1347.site.13, 119, 140, 259
411483.3.peg.1347.site.14, 12, 150, 162
411483.3.peg.1347.site.15, 5, 149, 154
411483.3.peg.1347.site.16, 1, 150, 151
411483.3.peg.1347.site.17, 37, 140, 177
411483.3.peg.1347.site.18, 123, 140, 263
411483.3.peg.1347.site.19, 10, 128, 138
411483.3.peg.1347.site.20, 0, 141, 141
411483.3.peg.1347.site.21, 1, 143, 144
411483.3.peg.1347.site.22, 5, 147, 152
411483.3.peg.1347.site.23, 13, 148, 161
411483.3.peg.1347.site.24, 1, 149, 150
411483.3.peg.1347.site.25, 1, 152, 153
411483.3.peg.1347.site.26, 0, 148, 148
411483.3.peg.1347.site.27, 7, 149, 156
411483.3.peg.1347.site.28, 3, 149, 152
411483.3.peg.1347.site.29, 2, 152, 154
411483.3.peg.1347.site.30, 56, 144, 200
411483.3.peg.1347.site.31, 89, 143, 232
411483.3.peg.1347.site.32, 3, 151, 154
411483.3.peg.1347.site.33, 0, 152, 152
411483.3.peg.1347.site.34, 4, 152, 156
411483.3.peg.1347.site.35, 13, 147, 160
411483.3.peg.1347.site.36, 1, 149, 150
411483.3.peg.1347.site.37, 14, 120, 134
411483.3.peg.1347.site.38, 0, 120, 120
411483.3.peg.1346.site.1, 1, 155, 156
411483.3.peg.1346.site.2, 1, 153, 154
411483.3.peg.1346.site.3, 0, 153, 153
411483.3.peg.1346.site.4, 1, 153, 154
411483.3.peg.1346.site.5, 5, 153, 158
411483.3.peg.1346.site.6, 4, 154, 158
411483.3.peg.1346.site.7, 1, 154, 155
411483.3.peg.1346.site.8, 6, 154, 160
411483.3.peg.1346.site.9, 5, 148, 153
411483.3.peg.1346.site.10, 23, 151, 174
411483.3.peg.1346.site.11, 2, 151, 153
411483.3.peg.1346.site.12, 2, 154, 156
411483.3.peg.1346.site.13, 1, 148, 149
411483.3.peg.1346.site.14, 15, 145, 160
411483.3.peg.1346.site.15, 18, 144, 162
411483.3.peg.1346.site.16, 1, 148, 149
411483.3.peg.1346.site.17, 1, 144, 145
411483.3.peg.1346.site.18, 6, 139, 145
411483.3.peg.1346.site.19, 2, 151, 153
411483.3.peg.1346.site.20, 1, 152, 153
411483.3.peg.1346.site.21, 11, 151, 162
411483.3.peg.1346.site.22, 9, 144, 153
411483.3.peg.1346.site.23, 4, 149, 153
411483.3.peg.1346.site.24, 1, 151, 152
411483.3.peg.1346.site.25, 11, 145, 156
411483.3.peg.1346.site.26, 1, 144, 145
411483.3.peg.1346.site.27, 1, 153, 154
411483.3.peg.1346.site.28, 15, 143, 158
411483.3.peg.1346.site.29, 3, 150, 153
411483.3.peg.1346.site.30, 5, 143, 148
411483.3.peg.1346.site.31, 0, 150, 150
411483.3.peg.1346.site.32, 2, 151, 153
411483.3.peg.1346.site.33, 4, 142, 146
411483.3.peg.1346.site.34, 1, 144, 145
411483.3.peg.1346.site.35, 0, 144, 144
411483.3.peg.1346.site.36, 7, 141, 148
411483.3.peg.1346.site.37, 5, 134, 139
411483.3.peg.1346.site.38, 3, 147, 150
411483.3.peg.1346.site.39, 6, 150, 156
411483.3.peg.1346.site.40, 3, 149, 152
411483.3.peg.1346.site.41, 6, 144, 150
411483.3.peg.1346.site.42, 1, 151, 152
411483.3.peg.1346.site.43, 3, 151, 154
411483.3.peg.1346.site.44, 2, 150, 152
411483.3.peg.1346.site.45, 2, 153, 155
411483.3.peg.1346.site.46, 3, 148, 151
411483.3.peg.1346.site.47, 0, 149, 149
411483.3.peg.1346.site.48, 0, 149, 149
411483.3.peg.1346.site.49, 1, 143, 144
411483.3.peg.1346.site.50, 45, 130, 175
411483.3.peg.1581.site.1, 1, 153, 154
411483.3.peg.1581.site.2, 61, 140, 201
411483.3.peg.1581.site.3, 4, 149, 153
411483.3.peg.1581.site.4, 0, 151, 151
411483.3.peg.1581.site.5, 1, 153, 154
411483.3.peg.1581.site.6, 2, 152, 154
411483.3.peg.1581.site.7, 3, 152, 155
411483.3.peg.1581.site.8, 3, 155, 158
411483.3.peg.1581.site.9, 7, 152, 159
411483.3.peg.1581.site.10, 1, 154, 155
411483.3.peg.1581.site.11, 3, 154, 157
411483.3.peg.1581.site.12, 5, 153, 158
411483.3.peg.1581.site.13, 2, 155, 157
411483.3.peg.1581.site.14, 1, 155, 156
411483.3.peg.1581.site.15, 7, 153, 160
411483.3.peg.1581.site.16, 0, 155, 155
411483.3.peg.1581.site.17, 1, 155, 156
411483.3.peg.1581.site.18, 2, 155, 157
411483.3.peg.1581.site.19, 1, 154, 155
411483.3.peg.1581.site.20, 7, 151, 158
411483.3.peg.1581.site.21, 2, 155, 157
411483.3.peg.1581.site.22, 2, 154, 156
411483.3.peg.1581.site.23, 1, 154, 155
411483.3.peg.1581.site.24, 1, 155, 156
411483.3.peg.1581.site.25, 13, 148, 161
411483.3.peg.1581.site.26, 32, 148, 180
411483.3.peg.1581.site.27, 41, 147, 188
411483.3.peg.1581.site.28, 2, 153, 155
411483.3.peg.1581.site.29, 27, 148, 175
411483.3.peg.1581.site.30, 42, 148, 190
411483.3.peg.1581.site.31, 20, 147, 167
411483.3.peg.1581.site.32, 2, 150, 152
411483.3.peg.1581.site.33, 10, 148, 158
411483.3.peg.1581.site.34, 33, 145, 178
411483.3.peg.1581.site.35, 68, 141, 209
411483.3.peg.1581.site.36, 0, 150, 150
411483.3.peg.1581.site.37, 2, 153, 155
411483.3.peg.1581.site.38, 8, 153, 161
411483.3.peg.1581.site.39, 0, 152, 152
411483.3.peg.1581.site.40, 2, 152, 154
411483.3.peg.1581.site.41, 3, 151, 154
411483.3.peg.1581.site.42, 1, 152, 153
411483.3.peg.1581.site.43, 73, 139, 212
411483.3.peg.1581.site.44, 0, 149, 149
411483.3.peg.1581.site.45, 1, 150, 151
411483.3.peg.1581.site.46, 1, 146, 147
411483.3.peg.1581.site.47, 3, 153, 156
411483.3.peg.1581.site.48, 20, 150, 170
411483.3.peg.1581.site.49, 9, 146, 155
411483.3.peg.1581.site.50, 1, 148, 149
411483.3.peg.1581.site.51, 1, 148, 149
411483.3.peg.1581.site.52, 0, 146, 146
411483.3.peg.1581.site.53, 10, 151, 161
411483.3.peg.1581.site.54, 4, 147, 151
411483.3.peg.1581.site.55, 26, 148, 174
411483.3.peg.1581.site.56, 8, 152, 160
411483.3.peg.1581.site.57, 133, 149, 282
411483.3.peg.1581.site.58, 47, 142, 189
411483.3.peg.1581.site.59, 3, 152, 155
411483.3.peg.1581.site.60, 3, 153, 156
411483.3.peg.1581.site.61, 12, 150, 162
411483.3.peg.1581.site.62, 1, 154, 155
411483.3.peg.1581.site.63, 25, 149, 174
411483.3.peg.1581.site.64, 5, 152, 157
411483.3.peg.1581.site.65, 3, 155, 158
411483.3.peg.1581.site.66, 1, 153, 154
411483.3.peg.1581.site.67, 4, 153, 157
411483.3.peg.1581.site.68, 2, 149, 151
411483.3.peg.1581.site.69, 1, 154, 155
411483.3.peg.1587.site.1, 1, 151, 152
411483.3.peg.1587.site.2, 2, 153, 155
411483.3.peg.1587.site.3, 7, 151, 158
411483.3.peg.1587.site.4, 2, 151, 153
411483.3.peg.1587.site.5, 89, 140, 229
411483.3.peg.1587.site.6, 29, 150, 179
411483.3.peg.1587.site.7, 3, 152, 155
411483.3.peg.1587.site.8, 97, 137, 234
411483.3.peg.1587.site.9, 6, 146, 152
411483.3.peg.1587.site.10, 1, 131, 132
411483.3.peg.1587.site.11, 1, 41, 42
411483.3.peg.1585.site.1, 1, 149, 150
411483.3.peg.1585.site.2, 3, 147, 150
411483.3.peg.1585.site.3, 17, 144, 161
411483.3.peg.1585.site.4, 7, 145, 152
411483.3.peg.1585.site.5, 21, 145, 166
411483.3.peg.1585.site.6, 139, 144, 283
411483.3.peg.1585.site.7, 2, 148, 150
411483.3.peg.1585.site.8, 71, 140, 211
411483.3.peg.1585.site.9, 8, 147, 155
411483.3.peg.1585.site.10, 1, 149, 150
411483.3.peg.1585.site.11, 57, 139, 196
411483.3.peg.1585.site.12, 23, 130, 153
411483.3.peg.1585.site.13, 0, 128, 128
411483.3.peg.1585.site.14, 2, 127, 129
411483.3.peg.1585.site.15, 7, 119, 126
411483.3.peg.1585.site.16, 37, 115, 152
411483.3.peg.1585.site.17, 87, 118, 205
411483.3.peg.1585.site.18, 100, 118, 218
411483.3.peg.1585.site.19, 9, 124, 133
411483.3.peg.1585.site.20, 18, 132, 150
411483.3.peg.1585.site.21, 30, 139, 169
411483.3.peg.1585.site.22, 2, 149, 151
411483.3.peg.1585.site.23, 4, 142, 146
411483.3.peg.1585.site.24, 97, 101, 198
411483.3.peg.1585.site.25, 2, 100, 102
411483.3.peg.1585.site.26, 5, 101, 106
411483.3.peg.1585.site.27, 18, 121, 139
411483.3.peg.1585.site.28, 11, 132, 143
411483.3.peg.1585.site.29, 14, 138, 152
411483.3.peg.1585.site.30, 10, 144, 154
411483.3.peg.1585.site.31, 98, 136, 234
411483.3.peg.1585.site.32, 28, 139, 167
411483.3.peg.1585.site.33, 6, 146, 152
411483.3.peg.1585.site.34, 113, 136, 249
411483.3.peg.1585.site.35, 30, 137, 167
411483.3.peg.1585.site.36, 7, 146, 153
411483.3.peg.1585.site.37, 2, 141, 143
411483.3.peg.1585.site.38, 1, 143, 144
411483.3.peg.1585.site.39, 6, 130, 136
411483.3.peg.1585.site.40, 8, 125, 133
411483.3.peg.1585.site.41, 17, 115, 132
411483.3.peg.1585.site.42, 1, 133, 134
411483.3.peg.1585.site.43, 2, 129, 131
411483.3.peg.1585.site.44, 4, 144, 148
411483.3.peg.1585.site.45, 46, 143, 189
411483.3.peg.1585.site.46, 4, 131, 135
411483.3.peg.1585.site.47, 76, 110, 186
411483.3.peg.1585.site.48, 70, 106, 176
411483.3.peg.1585.site.49, 78, 92, 170
411483.3.peg.1585.site.50, 4, 118, 122
411483.3.peg.1585.site.51, 81, 115, 196
411483.3.peg.1585.site.52, 85, 122, 207
411483.3.peg.1585.site.53, 2, 141, 143
411483.3.peg.1585.site.54, 20, 135, 155
411483.3.peg.1585.site.55, 5, 141, 146
411483.3.peg.1585.site.56, 2, 147, 149
411483.3.peg.1585.site.57, 75, 147, 222
411483.3.peg.1585.site.58, 55, 141, 196
411483.3.peg.1585.site.59, 14, 150, 164
411483.3.peg.1585.site.60, 6, 146, 152
411483.3.peg.1585.site.61, 1, 148, 149
411483.3.peg.1585.site.62, 13, 146, 159
411483.3.peg.1585.site.63, 16, 148, 164
411483.3.peg.1585.site.64, 1, 150, 151
411483.3.peg.1585.site.65, 4, 152, 156
411483.3.peg.1585.site.66, 6, 142, 148
411483.3.peg.1585.site.67, 6, 136, 142
411483.3.peg.1585.site.68, 4, 121, 125
411483.3.peg.1585.site.69, 2, 128, 130
411483.3.peg.1585.site.70, 1, 136, 137
411483.3.peg.1585.site.71, 7, 143, 150
411483.3.peg.1585.site.72, 6, 141, 147
411483.3.peg.1585.site.73, 137, 144, 281
411483.3.peg.1585.site.74, 8, 147, 155
411483.3.peg.1585.site.75, 1, 149, 150
411483.3.peg.1585.site.76, 2, 147, 149
411483.3.peg.1585.site.77, 1, 142, 143
411483.3.peg.1585.site.78, 2, 149, 151
411483.3.peg.1585.site.79, 3, 149, 152
411483.3.peg.1585.site.80, 4, 143, 147
411483.3.peg.1585.site.81, 3, 144, 147
411483.3.peg.1585.site.82, 1, 143, 144
411483.3.peg.1585.site.83, 3, 137, 140
411483.3.peg.1585.site.84, 7, 136, 143
411483.3.peg.1585.site.85, 4, 141, 145
411483.3.peg.1585.site.86, 1, 142, 143
411483.3.peg.1585.site.87, 91, 136, 227
411483.3.peg.1584.site.1, 5, 153, 158
411483.3.peg.1584.site.2, 1, 151, 152
411483.3.peg.1584.site.3, 136, 149, 285
411483.3.peg.1584.site.4, 7, 150, 157
411483.3.peg.1584.site.5, 3, 154, 157
411483.3.peg.1584.site.6, 0, 153, 153
411483.3.peg.1584.site.7, 9, 152, 161
411483.3.peg.1584.site.8, 2, 152, 154
411483.3.peg.1584.site.9, 1, 153, 154
411483.3.peg.1584.site.10, 31, 148, 179
411483.3.peg.1584.site.11, 1, 152, 153
411483.3.peg.1584.site.12, 2, 149, 151
411483.3.peg.1584.site.13, 41, 146, 187
411483.3.peg.1584.site.14, 1, 154, 155
411483.3.peg.1584.site.15, 4, 153, 157
411483.3.peg.1584.site.16, 19, 146, 165
411483.3.peg.1584.site.17, 11, 147, 158
411483.3.peg.1584.site.18, 4, 146, 150
411483.3.peg.1584.site.19, 76, 141, 217
411483.3.peg.1584.site.20, 32, 133, 165
411483.3.peg.1584.site.21, 50, 127, 177
411483.3.peg.1584.site.22, 26, 122, 148
411483.3.peg.1584.site.23, 1, 125, 126
411483.3.peg.1584.site.24, 1, 125, 126
411483.3.peg.1584.site.25, 24, 101, 125
411483.3.peg.1584.site.26, 15, 102, 117
411483.3.peg.1584.site.27, 2, 103, 105
411483.3.peg.1584.site.28, 6, 72, 78
411483.3.peg.1584.site.29, 62, 69, 131
411483.3.peg.1584.site.30, 61, 65, 126
411483.3.peg.1584.site.31, 19, 64, 83
411483.3.peg.1584.site.32, 1, 76, 77
411483.3.peg.1584.site.33, 0, 74, 74
411483.3.peg.1584.site.34, 7, 79, 86
411483.3.peg.1584.site.35, 5, 73, 78
411483.3.peg.1584.site.36, 0, 92, 92
411483.3.peg.1584.site.37, 0, 90, 90
411483.3.peg.1584.site.38, 17, 93, 110
411483.3.peg.1584.site.39, 0, 97, 97
411483.3.peg.1584.site.40, 1, 102, 103
411483.3.peg.1584.site.41, 0, 103, 103
411483.3.peg.1584.site.42, 99, 103, 202
411483.3.peg.1584.site.43, 1, 103, 104
411483.3.peg.1584.site.44, 3, 108, 111
411483.3.peg.1584.site.45, 5, 93, 98
411483.3.peg.1584.site.46, 1, 152, 153
411483.3.peg.1584.site.47, 107, 144, 251
411483.3.peg.1763.site.1, 3, 154, 157
411483.3.peg.1763.site.2, 5, 148, 153
411483.3.peg.1763.site.3, 4, 148, 152
411483.3.peg.1763.site.4, 8, 149, 157
411483.3.peg.1763.site.5, 4, 151, 155
411483.3.peg.1763.site.6, 11, 144, 155
411483.3.peg.1763.site.7, 8, 153, 161
411483.3.peg.1763.site.8, 3, 149, 152
411483.3.peg.1763.site.9, 3, 149, 152
411483.3.peg.1763.site.10, 13, 142, 155
411483.3.peg.1763.site.11, 10, 148, 158
411483.3.peg.1763.site.12, 0, 148, 148
411483.3.peg.1763.site.13, 123, 142, 265
411483.3.peg.1763.site.14, 9, 143, 152
411483.3.peg.1763.site.15, 3, 146, 149
411483.3.peg.1763.site.16, 2, 147, 149
411483.3.peg.1763.site.17, 1, 143, 144
411483.3.peg.1763.site.18, 2, 146, 148
411483.3.peg.1763.site.19, 0, 144, 144
411483.3.peg.1763.site.20, 3, 150, 153
411483.3.peg.1763.site.21, 1, 149, 150
411483.3.peg.1763.site.22, 5, 152, 157
411483.3.peg.1763.site.23, 8, 152, 160
411483.3.peg.1763.site.24, 11, 149, 160
411483.3.peg.1763.site.25, 4, 154, 158
411483.3.peg.1763.site.26, 2, 152, 154
411483.3.peg.1763.site.27, 6, 154, 160
411483.3.peg.1763.site.28, 1, 152, 153
411483.3.peg.1763.site.29, 9, 150, 159
411483.3.peg.1763.site.30, 56, 142, 198
411483.3.peg.1763.site.31, 3, 153, 156
411483.3.peg.1763.site.32, 14, 151, 165
411483.3.peg.1763.site.33, 1, 152, 153
411483.3.peg.1763.site.34, 2, 151, 153
411483.3.peg.1763.site.35, 12, 146, 158
411483.3.peg.1763.site.36, 141, 149, 290
411483.3.peg.1763.site.37, 8, 151, 159
411483.3.peg.1763.site.38, 11, 151, 162
411483.3.peg.1763.site.39, 0, 151, 151
411483.3.peg.1763.site.40, 7, 151, 158
411483.3.peg.1763.site.41, 1, 154, 155
411483.3.peg.248.site.1, 139, 145, 284
411483.3.peg.248.site.2, 2, 151, 153
411483.3.peg.248.site.3, 118, 142, 260
411483.3.peg.248.site.4, 1, 155, 156
411483.3.peg.248.site.5, 1, 154, 155
411483.3.peg.248.site.6, 6, 151, 157
411483.3.peg.249.site.1, 9, 155, 164
411483.3.peg.249.site.2, 2, 154, 156
411483.3.peg.249.site.3, 95, 144, 239
411483.3.peg.249.site.4, 1, 155, 156
411483.3.peg.249.site.5, 5, 153, 158
411483.3.peg.249.site.6, 1, 154, 155
411483.3.peg.249.site.7, 79, 145, 224
411483.3.peg.249.site.8, 3, 155, 158
411483.3.peg.249.site.9, 6, 152, 158
411483.3.peg.249.site.10, 1, 153, 154
411483.3.peg.249.site.11, 1, 153, 154
411483.3.peg.249.site.12, 3, 155, 158
411483.3.peg.249.site.13, 71, 145, 216
411483.3.peg.249.site.14, 2, 154, 156
411483.3.peg.249.site.15, 1, 154, 155
411483.3.peg.249.site.16, 53, 146, 199
411483.3.peg.249.site.17, 6, 152, 158
411483.3.peg.249.site.18, 0, 154, 154
411483.3.peg.249.site.19, 26, 150, 176
411483.3.peg.249.site.20, 3, 152, 155
411483.3.peg.249.site.21, 1, 152, 153
411483.3.peg.249.site.22, 1, 152, 153
411483.3.peg.249.site.23, 1, 153, 154
411483.3.peg.249.site.24, 4, 150, 154
411483.3.peg.249.site.25, 1, 154, 155
411483.3.peg.249.site.26, 5, 152, 157
411483.3.peg.249.site.27, 5, 151, 156
411483.3.peg.249.site.28, 4, 153, 157
411483.3.peg.249.site.29, 9, 146, 155
411483.3.peg.249.site.30, 5, 152, 157
411483.3.peg.249.site.31, 18, 142, 160
411483.3.peg.249.site.32, 1, 151, 152
411483.3.peg.249.site.33, 4, 154, 158
411483.3.peg.249.site.34, 2, 155, 157
411483.3.peg.249.site.35, 2, 155, 157
411483.3.peg.249.site.36, 0, 151, 151
411483.3.peg.249.site.37, 7, 148, 155
411483.3.peg.249.site.38, 25, 141, 166
411483.3.peg.249.site.39, 7, 141, 148
411483.3.peg.249.site.40, 0, 147, 147
411483.3.peg.249.site.41, 0, 151, 151
411483.3.peg.249.site.42, 1, 148, 149
411483.3.peg.249.site.43, 0, 150, 150
411483.3.peg.249.site.44, 8, 152, 160
411483.3.peg.249.site.45, 0, 145, 145
411483.3.peg.249.site.46, 1, 148, 149
411483.3.peg.249.site.47, 24, 138, 162
411483.3.peg.249.site.48, 24, 141, 165
411483.3.peg.249.site.49, 2, 141, 143
411483.3.peg.249.site.50, 1, 149, 150
411483.3.peg.249.site.51, 44, 143, 187
411483.3.peg.249.site.52, 2, 150, 152
411483.3.peg.249.site.53, 1, 149, 150
411483.3.peg.249.site.54, 12, 141, 153
411483.3.peg.249.site.55, 38, 145, 183
411483.3.peg.249.site.56, 4, 151, 155
411483.3.peg.249.site.57, 133, 146, 279
411483.3.peg.249.site.58, 0, 144, 144
411483.3.peg.249.site.59, 1, 143, 144
411483.3.peg.249.site.60, 0, 143, 143
411483.3.peg.249.site.61, 0, 142, 142
411483.3.peg.249.site.62, 121, 138, 259
411483.3.peg.249.site.63, 1, 148, 149
411483.3.peg.249.site.64, 0, 142, 142
411483.3.peg.249.site.65, 14, 134, 148
411483.3.peg.249.site.66, 23, 129, 152
411483.3.peg.249.site.67, 3, 124, 127
411483.3.peg.249.site.68, 23, 121, 144
411483.3.peg.249.site.69, 100, 114, 214
411483.3.peg.249.site.70, 59, 92, 151
411483.3.peg.249.site.71, 59, 72, 131
411483.3.peg.249.site.72, 1, 74, 75
411483.3.peg.1168.site.1, 0, 147, 147
411483.3.peg.1168.site.2, 1, 149, 150
411483.3.peg.1168.site.3, 1, 146, 147
411483.3.peg.1168.site.4, 2, 149, 151
411483.3.peg.1168.site.5, 0, 147, 147
411483.3.peg.1168.site.6, 44, 142, 186
411483.3.peg.1168.site.7, 6, 152, 158
411483.3.peg.1168.site.8, 45, 140, 185
411483.3.peg.1168.site.9, 74, 151, 225
411483.3.peg.1168.site.10, 5, 154, 159
411483.3.peg.1168.site.11, 2, 152, 154
411483.3.peg.1168.site.12, 11, 150, 161
411483.3.peg.1168.site.13, 2, 153, 155
411483.3.peg.1168.site.14, 4, 154, 158
411483.3.peg.1168.site.15, 9, 152, 161
411483.3.peg.1168.site.16, 3, 152, 155
411483.3.peg.1168.site.17, 2, 149, 151
411483.3.peg.1168.site.18, 5, 152, 157
411483.3.peg.1168.site.19, 4, 151, 155
411483.3.peg.1168.site.20, 31, 140, 171
411483.3.peg.1168.site.21, 2, 152, 154
411483.3.peg.1168.site.22, 5, 151, 156
411483.3.peg.1168.site.23, 3, 147, 150
411483.3.peg.1168.site.24, 1, 150, 151
411483.3.peg.1168.site.25, 1, 150, 151
411483.3.peg.1168.site.26, 7, 147, 154
411483.3.peg.1168.site.27, 81, 131, 212
411483.3.peg.1168.site.28, 0, 146, 146
411483.3.peg.1168.site.29, 2, 142, 144
411483.3.peg.1168.site.30, 1, 137, 138
411483.3.peg.1168.site.31, 1, 137, 138
411483.3.peg.1168.site.32, 1, 133, 134
411483.3.peg.1168.site.33, 1, 130, 131
411483.3.peg.1168.site.34, 1, 131, 132
411483.3.peg.1168.site.35, 4, 137, 141
411483.3.peg.1168.site.36, 9, 132, 141
411483.3.peg.1168.site.37, 21, 133, 154
411483.3.peg.1168.site.38, 76, 128, 204
411483.3.peg.1168.site.39, 24, 135, 159
411483.3.peg.1168.site.40, 7, 144, 151
411483.3.peg.1168.site.41, 119, 141, 260
411483.3.peg.1168.site.42, 6, 146, 152
411483.3.peg.1168.site.43, 2, 151, 153
411483.3.peg.1168.site.44, 2, 152, 154
411483.3.peg.1168.site.45, 1, 148, 149
411483.3.peg.1168.site.46, 5, 146, 151
411483.3.peg.1168.site.47, 10, 150, 160
411483.3.peg.1168.site.48, 5, 147, 152
411483.3.peg.1168.site.49, 1, 152, 153
411483.3.peg.1168.site.50, 132, 146, 278
411483.3.peg.1168.site.51, 4, 152, 156
411483.3.peg.1168.site.52, 84, 140, 224
411483.3.peg.1168.site.53, 10, 152, 162
411483.3.peg.1168.site.54, 1, 154, 155
411483.3.peg.1168.site.55, 2, 155, 157
411483.3.peg.1168.site.56, 147, 151, 298
411483.3.peg.1168.site.57, 1, 154, 155
411483.3.peg.1168.site.58, 2, 153, 155
411483.3.peg.1168.site.59, 7, 152, 159
411483.3.peg.1168.site.60, 1, 136, 137
411483.3.peg.1168.site.61, 31, 122, 153
411483.3.peg.1168.site.62, 5, 125, 130
411483.3.peg.1168.site.63, 1, 122, 123
411483.3.peg.1168.site.64, 1, 138, 139
411483.3.peg.1168.site.65, 0, 138, 138
411483.3.peg.1168.site.66, 1, 147, 148
411483.3.peg.1168.site.67, 1, 147, 148
411483.3.peg.1168.site.68, 4, 151, 155
411483.3.peg.1168.site.69, 5, 148, 153
411483.3.peg.1168.site.70, 1, 150, 151
411483.3.peg.1168.site.71, 9, 149, 158
411483.3.peg.1168.site.72, 7, 148, 155
411483.3.peg.1168.site.73, 7, 147, 154
411483.3.peg.1168.site.74, 5, 152, 157
411483.3.peg.1168.site.75, 59, 141, 200
411483.3.peg.1168.site.76, 119, 146, 265
411483.3.peg.1168.site.77, 1, 149, 150
411483.3.peg.1168.site.78, 25, 144, 169
411483.3.peg.1168.site.79, 2, 149, 151
411483.3.peg.1168.site.80, 2, 149, 151
411483.3.peg.1168.site.81, 30, 144, 174
411483.3.peg.1168.site.82, 1, 152, 153
411483.3.peg.1168.site.83, 2, 150, 152
411483.3.peg.1168.site.84, 3, 149, 152
411483.3.peg.1168.site.85, 25, 140, 165
411483.3.peg.1168.site.86, 1, 147, 148
411483.3.peg.1168.site.87, 34, 133, 167
411483.3.peg.1168.site.88, 44, 134, 178
411483.3.peg.1168.site.89, 1, 146, 147
411483.3.peg.1168.site.90, 39, 132, 171
411483.3.peg.1168.site.91, 2, 150, 152
411483.3.peg.1168.site.92, 3, 140, 143
411483.3.peg.1168.site.93, 23, 135, 158
411483.3.peg.1168.site.94, 1, 142, 143
411483.3.peg.1168.site.95, 1, 124, 125
411483.3.peg.1168.site.96, 35, 111, 146
411483.3.peg.1168.site.97, 91, 111, 202
411483.3.peg.1168.site.98, 2, 106, 108
411483.3.peg.1168.site.99, 3, 97, 100
411483.3.peg.1168.site.100, 2, 93, 95
411483.3.peg.1168.site.101, 1, 82, 83
411483.3.peg.1168.site.102, 3, 86, 89
411483.3.peg.1168.site.103, 3, 94, 97
411483.3.peg.1168.site.104, 8, 95, 103
411483.3.peg.1168.site.105, 1, 99, 100
411483.3.peg.1168.site.106, 3, 110, 113
411483.3.peg.1168.site.107, 5, 110, 115
411483.3.peg.1168.site.108, 1, 100, 101
411483.3.peg.1168.site.109, 2, 104, 106
411483.3.peg.1168.site.110, 25, 98, 123
411483.3.peg.1168.site.111, 3, 104, 107
411483.3.peg.1168.site.112, 54, 91, 145
411483.3.peg.1168.site.113, 4, 107, 111
411483.3.peg.1168.site.114, 3, 119, 122
411483.3.peg.1168.site.115, 5, 129, 134
411483.3.peg.1168.site.116, 0, 136, 136
411483.3.peg.1168.site.117, 3, 142, 145
411483.3.peg.1168.site.118, 3, 135, 138
411483.3.peg.1168.site.119, 26, 128, 154
411483.3.peg.1168.site.120, 52, 116, 168
411483.3.peg.1168.site.121, 2, 131, 133
411483.3.peg.1168.site.122, 5, 130, 135
411483.3.peg.1168.site.123, 13, 122, 135
411483.3.peg.1168.site.124, 2, 122, 124
411483.3.peg.1168.site.125, 1, 126, 127
411483.3.peg.1168.site.126, 7, 118, 125
411483.3.peg.1168.site.127, 19, 113, 132
411483.3.peg.1168.site.128, 121, 134, 255
411483.3.peg.1168.site.129, 3, 131, 134
411483.3.peg.1168.site.130, 1, 136, 137
411483.3.peg.1168.site.131, 1, 137, 138
411483.3.peg.1168.site.132, 7, 130, 137
411483.3.peg.1168.site.133, 2, 136, 138
411483.3.peg.1168.site.134, 4, 140, 144
411483.3.peg.1168.site.135, 4, 118, 122
411483.3.peg.1168.site.136, 1, 133, 134
411483.3.peg.1168.site.137, 19, 132, 151
411483.3.peg.1168.site.138, 5, 135, 140
411483.3.peg.1168.site.139, 18, 127, 145
411483.3.peg.1168.site.140, 49, 128, 177
411483.3.peg.1168.site.141, 99, 128, 227
411483.3.peg.1168.site.142, 92, 125, 217
411483.3.peg.1168.site.143, 73, 123, 196
411483.3.peg.1168.site.144, 2, 129, 131
411483.3.peg.1168.site.145, 2, 135, 137
411483.3.peg.1168.site.146, 42, 130, 172
411483.3.peg.1168.site.147, 61, 127, 188
411483.3.peg.1168.site.148, 4, 143, 147
411483.3.peg.1168.site.149, 20, 140, 160
411483.3.peg.1168.site.150, 1, 151, 152
411483.3.peg.1168.site.151, 1, 150, 151
411483.3.peg.1168.site.152, 1, 150, 151
411483.3.peg.1168.site.153, 3, 149, 152
411483.3.peg.1168.site.154, 3, 149, 152
411483.3.peg.1168.site.155, 2, 155, 157
411483.3.peg.1168.site.156, 8, 151, 159
411483.3.peg.1168.site.157, 0, 153, 153
411483.3.peg.1168.site.158, 2, 152, 154
411483.3.peg.1168.site.159, 45, 133, 178
411483.3.peg.1168.site.160, 55, 131, 186
411483.3.peg.1168.site.161, 2, 145, 147
411483.3.peg.1168.site.162, 70, 137, 207
411483.3.peg.1168.site.163, 3, 146, 149
411483.3.peg.1168.site.164, 1, 145, 146
411483.3.peg.1168.site.165, 36, 135, 171
411483.3.peg.1168.site.166, 2, 143, 145
411483.3.peg.1168.site.167, 1, 137, 138
411483.3.peg.1168.site.168, 6, 135, 141
411483.3.peg.1168.site.169, 7, 142, 149
411483.3.peg.1168.site.170, 1, 139, 140
411483.3.peg.1168.site.171, 0, 142, 142
411483.3.peg.1168.site.172, 1, 138, 139
411483.3.peg.1168.site.173, 15, 134, 149
411483.3.peg.1168.site.174, 0, 144, 144
411483.3.peg.1168.site.175, 3, 140, 143
411483.3.peg.1168.site.176, 1, 145, 146
411483.3.peg.1168.site.177, 1, 147, 148
411483.3.peg.1168.site.178, 16, 138, 154
411483.3.peg.1168.site.179, 33, 135, 168
411483.3.peg.1168.site.180, 1, 143, 144
411483.3.peg.1168.site.181, 0, 145, 145
411483.3.peg.1168.site.182, 6, 132, 138
411483.3.peg.1168.site.183, 1, 120, 121
411483.3.peg.1168.site.184, 33, 121, 154
411483.3.peg.1168.site.185, 121, 125, 246
411483.3.peg.1168.site.186, 2, 139, 141
411483.3.peg.1168.site.187, 4, 149, 153
411483.3.peg.1168.site.188, 11, 146, 157
411483.3.peg.1168.site.189, 3, 151, 154
411483.3.peg.1168.site.190, 2, 154, 156
411483.3.peg.1168.site.191, 1, 155, 156
411483.3.peg.1168.site.192, 3, 152, 155
411483.3.peg.1168.site.193, 2, 151, 153
411483.3.peg.1168.site.194, 1, 152, 153
411483.3.peg.1699.site.1, 5, 89, 94
411483.3.peg.1699.site.2, 1, 150, 151
411483.3.peg.1699.site.3, 0, 150, 150
411483.3.peg.1699.site.4, 1, 152, 153
411483.3.peg.1699.site.5, 0, 152, 152
411483.3.peg.1699.site.6, 27, 153, 180
411483.3.peg.19.site.1, 139, 152, 291
411483.3.peg.19.site.2, 2, 151, 153
411483.3.peg.19.site.3, 1, 154, 155
411483.3.peg.19.site.4, 36, 145, 181
411483.3.peg.19.site.5, 9, 153, 162
411483.3.peg.19.site.6, 4, 153, 157
411483.3.peg.19.site.7, 9, 154, 163
411483.3.peg.19.site.8, 32, 148, 180
411483.3.peg.19.site.9, 0, 152, 152
411483.3.peg.19.site.10, 18, 151, 169
411483.3.peg.19.site.11, 2, 151, 153
411483.3.peg.19.site.12, 1, 151, 152
411483.3.peg.19.site.13, 71, 139, 210
411483.3.peg.19.site.14, 1, 151, 152
411483.3.peg.19.site.15, 2, 150, 152
411483.3.peg.19.site.16, 141, 149, 290
411483.3.peg.19.site.17, 39, 146, 185
411483.3.peg.19.site.18, 5, 152, 157
411483.3.peg.19.site.19, 1, 151, 152
411483.3.peg.19.site.20, 1, 151, 152
411483.3.peg.19.site.21, 1, 153, 154
411483.3.peg.19.site.22, 4, 151, 155
411483.3.peg.19.site.23, 3, 152, 155
411483.3.peg.19.site.24, 1, 152, 153
411483.3.peg.19.site.25, 32, 146, 178
411483.3.peg.19.site.26, 8, 147, 155
411483.3.peg.19.site.27, 14, 142, 156
411483.3.peg.19.site.28, 2, 150, 152
411483.3.peg.19.site.29, 35, 146, 181
411483.3.peg.19.site.30, 4, 147, 151
411483.3.peg.19.site.31, 13, 138, 151
411483.3.peg.19.site.32, 2, 132, 134
411483.3.peg.19.site.33, 1, 132, 133
411483.3.peg.19.site.34, 7, 124, 131
411483.3.peg.19.site.35, 128, 130, 258
411483.3.peg.19.site.36, 11, 127, 138
411483.3.peg.19.site.37, 115, 122, 237
411483.3.peg.19.site.38, 1, 125, 126
411483.3.peg.19.site.39, 4, 96, 100
411483.3.peg.19.site.40, 5, 89, 94
411483.3.peg.19.site.41, 88, 91, 179
411483.3.peg.19.site.42, 6, 96, 102
411483.3.peg.19.site.43, 2, 105, 107
411483.3.peg.19.site.44, 3, 108, 111
411483.3.peg.19.site.45, 2, 116, 118
411483.3.peg.19.site.46, 10, 122, 132
411483.3.peg.19.site.47, 7, 120, 127
411483.3.peg.19.site.48, 16, 127, 143
411483.3.peg.19.site.49, 3, 134, 137
411483.3.peg.19.site.50, 1, 143, 144
411483.3.peg.19.site.51, 12, 142, 154
411483.3.peg.19.site.52, 5, 150, 155
411483.3.peg.19.site.53, 4, 149, 153
411483.3.peg.19.site.54, 3, 149, 152
411483.3.peg.19.site.55, 15, 141, 156
411483.3.peg.19.site.56, 13, 141, 154
411483.3.peg.19.site.57, 4, 149, 153
411483.3.peg.19.site.58, 2, 148, 150
411483.3.peg.19.site.59, 4, 147, 151
411483.3.peg.19.site.60, 36, 143, 179
411483.3.peg.19.site.61, 43, 142, 185
411483.3.peg.19.site.62, 3, 150, 153
411483.3.peg.19.site.63, 2, 152, 154
411483.3.peg.19.site.64, 141, 148, 289
411483.3.peg.19.site.65, 2, 148, 150
411483.3.peg.19.site.66, 6, 134, 140
411483.3.peg.19.site.67, 6, 115, 121
411483.3.peg.1165.site.1, 0, 144, 144
411483.3.peg.1165.site.2, 1, 108, 109
411483.3.peg.1165.site.3, 1, 108, 109
411483.3.peg.1165.site.4, 1, 115, 116
411483.3.peg.1165.site.5, 12, 110, 122
411483.3.peg.1165.site.6, 14, 117, 131
411483.3.peg.1165.site.7, 75, 109, 184
411483.3.peg.1165.site.8, 39, 109, 148
411483.3.peg.1165.site.9, 1, 116, 117
411483.3.peg.1165.site.10, 2, 138, 140
411483.3.peg.1165.site.11, 0, 131, 131
411483.3.peg.1165.site.12, 11, 126, 137
411483.3.peg.1165.site.13, 3, 125, 128
411483.3.peg.1165.site.14, 14, 129, 143
411483.3.peg.1165.site.15, 133, 133, 266
411483.3.peg.1165.site.16, 13, 138, 151
411483.3.peg.1165.site.17, 7, 131, 138
411483.3.peg.1165.site.18, 3, 133, 136
411483.3.peg.1165.site.19, 4, 145, 149
411483.3.peg.1165.site.20, 4, 122, 126
411483.3.peg.1165.site.21, 0, 131, 131
411483.3.peg.1165.site.22, 1, 125, 126
411483.3.peg.1165.site.23, 7, 120, 127
411483.3.peg.1165.site.24, 5, 135, 140
411483.3.peg.1165.site.25, 2, 140, 142
411483.3.peg.1165.site.26, 0, 140, 140
411483.3.peg.1165.site.27, 5, 144, 149
411483.3.peg.1165.site.28, 7, 133, 140
411483.3.peg.1165.site.29, 0, 146, 146
411483.3.peg.1165.site.30, 1, 144, 145
411483.3.peg.1165.site.31, 43, 119, 162
411483.3.peg.1165.site.32, 4, 111, 115
411483.3.peg.1165.site.33, 1, 113, 114
411483.3.peg.1165.site.34, 4, 115, 119
411483.3.peg.1165.site.35, 2, 127, 129
411483.3.peg.1165.site.36, 40, 119, 159
411483.3.peg.1165.site.37, 1, 140, 141
411483.3.peg.1165.site.38, 0, 140, 140
411483.3.peg.1165.site.39, 17, 131, 148
411483.3.peg.1165.site.40, 2, 141, 143
411483.3.peg.1165.site.41, 1, 128, 129
411483.3.peg.1165.site.42, 2, 142, 144
411483.3.peg.1165.site.43, 2, 143, 145
411483.3.peg.1165.site.44, 2, 146, 148
411483.3.peg.1165.site.45, 1, 146, 147
411483.3.peg.1165.site.46, 5, 140, 145
411483.3.peg.1165.site.47, 2, 143, 145
411483.3.peg.1165.site.48, 17, 137, 154
411483.3.peg.1165.site.49, 3, 133, 136
411483.3.peg.1165.site.50, 0, 143, 143
411483.3.peg.1165.site.51, 2, 150, 152
411483.3.peg.1165.site.52, 10, 146, 156
411483.3.peg.1165.site.53, 146, 152, 298
411483.3.peg.1164.site.1, 3, 152, 155
411483.3.peg.1164.site.2, 1, 152, 153
411483.3.peg.1164.site.3, 2, 154, 156
411483.3.peg.1164.site.4, 1, 151, 152
411483.3.peg.1164.site.5, 2, 151, 153
411483.3.peg.1164.site.6, 2, 153, 155
411483.3.peg.1164.site.7, 1, 148, 149
411483.3.peg.1164.site.8, 40, 143, 183
411483.3.peg.1164.site.9, 2, 143, 145
411483.3.peg.1164.site.10, 44, 140, 184
411483.3.peg.1167.site.1, 2, 152, 154
411483.3.peg.1167.site.2, 5, 148, 153
411483.3.peg.1167.site.3, 2, 146, 148
411483.3.peg.1167.site.4, 9, 148, 157
411483.3.peg.1167.site.5, 2, 149, 151
411483.3.peg.1167.site.6, 2, 144, 146
411483.3.peg.1167.site.7, 3, 143, 146
411483.3.peg.1167.site.8, 2, 146, 148
411483.3.peg.1167.site.9, 0, 133, 133
411483.3.peg.1167.site.10, 3, 132, 135
411483.3.peg.1167.site.11, 2, 128, 130
411483.3.peg.1167.site.12, 3, 121, 124
411483.3.peg.1167.site.13, 0, 120, 120
411483.3.peg.1167.site.14, 0, 136, 136
411483.3.peg.1167.site.15, 8, 147, 155
411483.3.peg.1167.site.16, 39, 144, 183
411483.3.peg.1167.site.17, 3, 152, 155
411483.3.peg.1167.site.18, 1, 149, 150
411483.3.peg.1167.site.19, 1, 145, 146
411483.3.peg.1167.site.20, 10, 142, 152
411483.3.peg.1167.site.21, 0, 140, 140
411483.3.peg.1167.site.22, 2, 141, 143
411483.3.peg.1167.site.23, 1, 146, 147
411483.3.peg.1167.site.24, 2, 145, 147
411483.3.peg.1167.site.25, 5, 142, 147
411483.3.peg.1167.site.26, 5, 138, 143
411483.3.peg.1694.site.1, 9, 153, 162
411483.3.peg.1694.site.2, 0, 150, 150
411483.3.peg.1694.site.3, 5, 148, 153
411483.3.peg.1694.site.4, 0, 150, 150
411483.3.peg.1694.site.5, 0, 152, 152
411483.3.peg.1694.site.6, 1, 149, 150
411483.3.peg.1694.site.7, 0, 150, 150
411483.3.peg.1694.site.8, 10, 146, 156
411483.3.peg.1694.site.9, 0, 148, 148
411483.3.peg.1694.site.10, 97, 142, 239
411483.3.peg.1694.site.11, 1, 146, 147
411483.3.peg.1694.site.12, 2, 151, 153
411483.3.peg.1694.site.13, 1, 148, 149
411483.3.peg.1694.site.14, 2, 152, 154
411483.3.peg.1694.site.15, 3, 149, 152
411483.3.peg.1694.site.16, 8, 149, 157
411483.3.peg.1694.site.17, 6, 150, 156
411483.3.peg.1694.site.18, 0, 150, 150
411483.3.peg.1694.site.19, 11, 146, 157
411483.3.peg.1694.site.20, 7, 152, 159
411483.3.peg.1694.site.21, 1, 152, 153
411483.3.peg.1694.site.22, 8, 152, 160
411483.3.peg.1694.site.23, 5, 151, 156
411483.3.peg.1694.site.24, 21, 147, 168
411483.3.peg.1694.site.25, 12, 148, 160
411483.3.peg.1694.site.26, 33, 143, 176
411483.3.peg.1694.site.27, 16, 147, 163
411483.3.peg.1694.site.28, 12, 150, 162
411483.3.peg.1694.site.29, 11, 147, 158
411483.3.peg.1694.site.30, 7, 144, 151
411483.3.peg.1694.site.31, 7, 144, 151
411483.3.peg.1694.site.32, 20, 142, 162
411483.3.peg.1694.site.33, 2, 145, 147
411483.3.peg.1694.site.34, 4, 144, 148
411483.3.peg.1694.site.35, 0, 145, 145
411483.3.peg.1694.site.36, 48, 142, 190
411483.3.peg.1694.site.37, 1, 140, 141
411483.3.peg.1694.site.38, 10, 147, 157
411483.3.peg.1694.site.39, 0, 146, 146
411483.3.peg.1694.site.40, 2, 151, 153
411483.3.peg.1694.site.41, 1, 150, 151
411483.3.peg.1694.site.42, 3, 150, 153
411483.3.peg.1694.site.43, 5, 151, 156
411483.3.peg.1694.site.44, 4, 147, 151
411483.3.peg.1694.site.45, 13, 150, 163
411483.3.peg.1694.site.46, 7, 151, 158
411483.3.peg.1694.site.47, 48, 143, 191
411483.3.peg.1694.site.48, 80, 139, 219
411483.3.peg.1694.site.49, 31, 148, 179
411483.3.peg.1694.site.50, 6, 150, 156
411483.3.peg.1694.site.51, 76, 144, 220
411483.3.peg.1694.site.52, 1, 153, 154
411483.3.peg.1694.site.53, 42, 153, 195
411483.3.peg.1694.site.54, 11, 154, 165
411483.3.peg.1694.site.55, 0, 154, 154
411483.3.peg.1694.site.56, 0, 155, 155
411483.3.peg.1694.site.57, 7, 151, 158
411483.3.peg.1694.site.58, 11, 153, 164
411483.3.peg.1694.site.59, 43, 139, 182
411483.3.peg.1694.site.60, 16, 146, 162
411483.3.peg.1694.site.61, 4, 150, 154
411483.3.peg.1694.site.62, 127, 148, 275
411483.3.peg.1694.site.63, 6, 148, 154
411483.3.peg.1694.site.64, 3, 151, 154
411483.3.peg.1694.site.65, 5, 155, 160
411483.3.peg.1694.site.66, 6, 154, 160
411483.3.peg.1694.site.67, 4, 154, 158
411483.3.peg.1694.site.68, 8, 154, 162
411483.3.peg.1694.site.69, 2, 154, 156
411483.3.peg.1694.site.70, 80, 148, 228
411483.3.peg.1694.site.71, 23, 151, 174
411483.3.peg.1694.site.72, 1, 152, 153
411483.3.peg.1694.site.73, 2, 153, 155
411483.3.peg.1694.site.74, 46, 143, 189
411483.3.peg.1694.site.75, 30, 143, 173
411483.3.peg.1694.site.76, 18, 143, 161
411483.3.peg.1694.site.77, 2, 154, 156
411483.3.peg.1694.site.78, 66, 146, 212
411483.3.peg.1694.site.79, 0, 152, 152
411483.3.peg.1694.site.80, 38, 152, 190
411483.3.peg.1694.site.81, 111, 146, 257
411483.3.peg.1694.site.82, 3, 152, 155
411483.3.peg.1694.site.83, 1, 153, 154
411483.3.peg.1694.site.84, 1, 153, 154
411483.3.peg.1694.site.85, 3, 153, 156
411483.3.peg.1694.site.86, 5, 151, 156
411483.3.peg.1694.site.87, 19, 140, 159
411483.3.peg.1694.site.88, 7, 148, 155
411483.3.peg.1694.site.89, 45, 146, 191
411483.3.peg.1694.site.90, 9, 145, 154
411483.3.peg.1694.site.91, 15, 146, 161
411483.3.peg.1694.site.92, 13, 154, 167
411483.3.peg.1694.site.93, 23, 144, 167
411483.3.peg.1694.site.94, 10, 153, 163
411483.3.peg.1694.site.95, 5, 145, 150
411483.3.peg.1694.site.96, 7, 152, 159
411483.3.peg.1694.site.97, 39, 139, 178
411483.3.peg.1694.site.98, 11, 149, 160
411483.3.peg.1694.site.99, 3, 154, 157
411483.3.peg.1694.site.100, 2, 153, 155
411483.3.peg.1694.site.101, 3, 152, 155
411483.3.peg.1694.site.102, 5, 151, 156
411483.3.peg.1694.site.103, 1, 153, 154
411483.3.peg.1694.site.104, 2, 154, 156
411483.3.peg.1694.site.105, 22, 146, 168
411483.3.peg.1694.site.106, 13, 153, 166
411483.3.peg.1694.site.107, 6, 147, 153
411483.3.peg.1694.site.108, 9, 151, 160
411483.3.peg.1694.site.109, 11, 150, 161
411483.3.peg.1694.site.110, 0, 150, 150
411483.3.peg.1694.site.111, 0, 153, 153
411483.3.peg.1694.site.112, 1, 150, 151
411483.3.peg.1694.site.113, 4, 147, 151
411483.3.peg.1694.site.114, 1, 150, 151
411483.3.peg.1694.site.115, 3, 151, 154
411483.3.peg.1694.site.116, 2, 152, 154
411483.3.peg.1694.site.117, 2, 152, 154
411483.3.peg.1694.site.118, 7, 151, 158
411483.3.peg.1694.site.119, 15, 147, 162
411483.3.peg.1694.site.120, 8, 148, 156
411483.3.peg.1694.site.121, 1, 151, 152
411483.3.peg.1694.site.122, 43, 147, 190
411483.3.peg.1694.site.123, 43, 143, 186
411483.3.peg.1694.site.124, 4, 151, 155
411483.3.peg.1694.site.125, 3, 152, 155
411483.3.peg.1694.site.126, 7, 149, 156
411483.3.peg.1694.site.127, 10, 147, 157
411483.3.peg.1694.site.128, 24, 150, 174
411483.3.peg.1694.site.129, 1, 153, 154
411483.3.peg.1694.site.130, 2, 154, 156
411483.3.peg.1694.site.131, 71, 140, 211
411483.3.peg.1694.site.132, 8, 153, 161
411483.3.peg.1161.site.1, 11, 145, 156
411483.3.peg.1161.site.2, 142, 146, 288
411483.3.peg.1161.site.3, 23, 145, 168
411483.3.peg.1161.site.4, 18, 146, 164
411483.3.peg.1161.site.5, 2, 150, 152
411483.3.peg.1161.site.6, 2, 150, 152
411483.3.peg.1161.site.7, 7, 152, 159
411483.3.peg.1161.site.8, 2, 151, 153
411483.3.peg.1161.site.9, 5, 141, 146
411483.3.peg.1161.site.10, 1, 148, 149
411483.3.peg.1161.site.11, 13, 146, 159
411483.3.peg.1161.site.12, 2, 149, 151
411483.3.peg.1161.site.13, 13, 137, 150
411483.3.peg.1161.site.14, 16, 142, 158
411483.3.peg.1161.site.15, 0, 148, 148
411483.3.peg.1161.site.16, 2, 143, 145
411483.3.peg.1161.site.17, 11, 141, 152
411483.3.peg.1161.site.18, 4, 136, 140
411483.3.peg.1161.site.19, 2, 151, 153
411483.3.peg.1161.site.20, 148, 151, 299
411483.3.peg.1161.site.21, 4, 151, 155
411483.3.peg.1161.site.22, 4, 151, 155
411483.3.peg.1161.site.23, 2, 154, 156
411483.3.peg.1161.site.24, 0, 153, 153
411483.3.peg.1161.site.25, 13, 146, 159
411483.3.peg.1161.site.26, 10, 148, 158
411483.3.peg.1161.site.27, 2, 152, 154
411483.3.peg.1161.site.28, 10, 150, 160
411483.3.peg.1161.site.29, 1, 151, 152
411483.3.peg.1161.site.30, 2, 151, 153
411483.3.peg.1161.site.31, 1, 152, 153
411483.3.peg.1161.site.32, 1, 152, 153
411483.3.peg.1161.site.33, 152, 153, 305
411483.3.peg.1161.site.34, 1, 147, 148
411483.3.peg.1161.site.35, 3, 149, 152
411483.3.peg.1161.site.36, 8, 136, 144
411483.3.peg.1161.site.37, 14, 112, 126
411483.3.peg.1161.site.38, 12, 100, 112
411483.3.peg.1161.site.39, 0, 96, 96
411483.3.peg.1161.site.40, 17, 108, 125
411483.3.peg.1161.site.41, 14, 110, 124
411483.3.peg.1161.site.42, 33, 106, 139
411483.3.peg.1161.site.43, 32, 112, 144
411483.3.peg.1161.site.44, 8, 133, 141
411483.3.peg.1161.site.45, 20, 130, 150
411483.3.peg.1161.site.46, 9, 138, 147
411483.3.peg.1161.site.47, 7, 142, 149
411483.3.peg.1161.site.48, 19, 142, 161
411483.3.peg.1161.site.49, 1, 148, 149
411483.3.peg.1161.site.50, 2, 150, 152
411483.3.peg.1161.site.51, 0, 147, 147
411483.3.peg.1161.site.52, 8, 147, 155
411483.3.peg.1161.site.53, 2, 151, 153
411483.3.peg.1161.site.54, 18, 148, 166
411483.3.peg.1161.site.55, 3, 145, 148
411483.3.peg.1161.site.56, 7, 141, 148
411483.3.peg.1161.site.57, 25, 139, 164
411483.3.peg.1161.site.58, 7, 145, 152
411483.3.peg.1161.site.59, 144, 148, 292
411483.3.peg.1161.site.60, 0, 147, 147
411483.3.peg.1161.site.61, 1, 151, 152
411483.3.peg.1161.site.62, 5, 151, 156
411483.3.peg.1161.site.63, 3, 147, 150
411483.3.peg.1161.site.64, 0, 150, 150
411483.3.peg.1161.site.65, 0, 145, 145
411483.3.peg.1161.site.66, 25, 141, 166
411483.3.peg.1161.site.67, 3, 147, 150
411483.3.peg.1161.site.68, 44, 140, 184
411483.3.peg.1161.site.69, 3, 140, 143
411483.3.peg.1161.site.70, 14, 138, 152
411483.3.peg.1161.site.71, 22, 124, 146
411483.3.peg.1161.site.72, 52, 109, 161
411483.3.peg.1161.site.73, 3, 132, 135
411483.3.peg.1161.site.74, 4, 126, 130
411483.3.peg.1161.site.75, 1, 124, 125
411483.3.peg.1161.site.76, 15, 127, 142
411483.3.peg.1161.site.77, 1, 128, 129
411483.3.peg.1161.site.78, 4, 130, 134
411483.3.peg.1161.site.79, 9, 134, 143
411483.3.peg.1161.site.80, 2, 139, 141
411483.3.peg.1161.site.81, 2, 135, 137
411483.3.peg.1161.site.82, 4, 145, 149
411483.3.peg.1161.site.83, 20, 146, 166
411483.3.peg.1161.site.84, 8, 136, 144
411483.3.peg.1161.site.85, 17, 140, 157
411483.3.peg.1161.site.86, 2, 150, 152
411483.3.peg.1161.site.87, 0, 149, 149
411483.3.peg.1161.site.88, 0, 151, 151
411483.3.peg.1161.site.89, 23, 145, 168
411483.3.peg.1161.site.90, 21, 145, 166
411483.3.peg.1161.site.91, 39, 146, 185
411483.3.peg.1161.site.92, 3, 152, 155
411483.3.peg.1161.site.93, 8, 138, 146
411483.3.peg.1161.site.94, 3, 149, 152
411483.3.peg.1161.site.95, 3, 144, 147
411483.3.peg.1161.site.96, 1, 150, 151
411483.3.peg.1161.site.97, 18, 140, 158
411483.3.peg.1161.site.98, 12, 140, 152
411483.3.peg.1161.site.99, 5, 132, 137
411483.3.peg.1161.site.100, 1, 124, 125
411483.3.peg.1161.site.101, 94, 109, 203
411483.3.peg.1161.site.102, 7, 89, 96
411483.3.peg.247.site.1, 62, 130, 192
411483.3.peg.247.site.2, 23, 151, 174
411483.3.peg.247.site.3, 25, 145, 170
411483.3.peg.247.site.4, 1, 154, 155
411483.3.peg.247.site.5, 5, 155, 160
411483.3.peg.247.site.6, 23, 144, 167
411483.3.peg.247.site.7, 2, 155, 157
411483.3.peg.247.site.8, 1, 153, 154
411483.3.peg.247.site.9, 105, 143, 248
411483.3.peg.247.site.10, 3, 152, 155
411483.3.peg.247.site.11, 104, 139, 243
411483.3.peg.247.site.12, 4, 152, 156
411483.3.peg.247.site.13, 8, 152, 160
411483.3.peg.247.site.14, 25, 152, 177
411483.3.peg.247.site.15, 2, 154, 156
411483.3.peg.247.site.16, 8, 152, 160
411483.3.peg.247.site.17, 3, 155, 158
411483.3.peg.247.site.18, 111, 145, 256
411483.3.peg.247.site.19, 2, 155, 157
411483.3.peg.1163.site.1, 1, 150, 151
411483.3.peg.1163.site.2, 11, 153, 164
411483.3.peg.1163.site.3, 6, 153, 159
411483.3.peg.1163.site.4, 2, 153, 155
411483.3.peg.1163.site.5, 4, 153, 157
411483.3.peg.1163.site.6, 2, 153, 155
411483.3.peg.1163.site.7, 3, 149, 152
411483.3.peg.1163.site.8, 1, 155, 156
411483.3.peg.1163.site.9, 19, 147, 166
411483.3.peg.1163.site.10, 2, 150, 152
411483.3.peg.1163.site.11, 9, 151, 160
411483.3.peg.1163.site.12, 112, 141, 253
411483.3.peg.1163.site.13, 1, 149, 150
411483.3.peg.1163.site.14, 2, 149, 151
411483.3.peg.1163.site.15, 1, 147, 148
411483.3.peg.1163.site.16, 1, 145, 146
411483.3.peg.1163.site.17, 7, 142, 149
411483.3.peg.1163.site.18, 10, 144, 154
411483.3.peg.1163.site.19, 150, 151, 301
411483.3.peg.1163.site.20, 2, 152, 154
411483.3.peg.1163.site.21, 2, 154, 156
411483.3.peg.1163.site.22, 2, 150, 152
411483.3.peg.1163.site.23, 1, 150, 151
411483.3.peg.1163.site.24, 16, 150, 166
411483.3.peg.1163.site.25, 28, 135, 163
411483.3.peg.1163.site.26, 1, 152, 153
411483.3.peg.1163.site.27, 4, 150, 154
411483.3.peg.1163.site.28, 3, 148, 151
411483.3.peg.1163.site.29, 1, 151, 152
411483.3.peg.1163.site.30, 18, 146, 164
411483.3.peg.1163.site.31, 4, 153, 157
411483.3.peg.1163.site.32, 3, 154, 157
411483.3.peg.1163.site.33, 8, 152, 160
411483.3.peg.1163.site.34, 1, 153, 154
411483.3.peg.1163.site.35, 6, 152, 158
411483.3.peg.1163.site.36, 10, 145, 155
411483.3.peg.1163.site.37, 2, 149, 151
411483.3.peg.1163.site.38, 15, 146, 161
411483.3.peg.1163.site.39, 7, 146, 153
411483.3.peg.1163.site.40, 7, 152, 159
411483.3.peg.1163.site.41, 14, 149, 163
411483.3.peg.1163.site.42, 1, 149, 150
411483.3.peg.1163.site.43, 48, 148, 196
411483.3.peg.1163.site.44, 22, 148, 170
411483.3.peg.1163.site.45, 1, 152, 153
411483.3.peg.1163.site.46, 1, 151, 152
411483.3.peg.1163.site.47, 0, 151, 151
411483.3.peg.1163.site.48, 6, 152, 158
411483.3.peg.1163.site.49, 4, 152, 156
411483.3.peg.1163.site.50, 128, 146, 274
411483.3.peg.1163.site.51, 19, 131, 150
411483.3.peg.1163.site.52, 10, 142, 152
411483.3.peg.1163.site.53, 3, 142, 145
411483.3.peg.1163.site.54, 1, 135, 136
411483.3.peg.1163.site.55, 0, 137, 137
411483.3.peg.1163.site.56, 1, 146, 147
411483.3.peg.1163.site.57, 0, 148, 148
411483.3.peg.1163.site.58, 1, 153, 154
411483.3.peg.1163.site.59, 122, 153, 275
411483.3.peg.1163.site.60, 2, 154, 156
411483.3.peg.1163.site.61, 1, 152, 153
411483.3.peg.1163.site.62, 1, 152, 153
411483.3.peg.1163.site.63, 11, 145, 156
411483.3.peg.1163.site.64, 2, 146, 148
411483.3.peg.1163.site.65, 2, 147, 149
411483.3.peg.1163.site.66, 3, 142, 145
411483.3.peg.1163.site.67, 5, 149, 154
411483.3.peg.1163.site.68, 45, 145, 190
411483.3.peg.1163.site.69, 3, 145, 148
411483.3.peg.1163.site.70, 52, 146, 198
411483.3.peg.1163.site.71, 4, 149, 153
411483.3.peg.1163.site.72, 115, 150, 265
411483.3.peg.1163.site.73, 1, 153, 154
411483.3.peg.1163.site.74, 0, 150, 150
411483.3.peg.1163.site.75, 1, 149, 150
411483.3.peg.1163.site.76, 1, 151, 152
411483.3.peg.1163.site.77, 12, 150, 162
411483.3.peg.1163.site.78, 3, 145, 148
411483.3.peg.1163.site.79, 143, 148, 291
411483.3.peg.1163.site.80, 2, 144, 146
411483.3.peg.1163.site.81, 7, 148, 155
411483.3.peg.1163.site.82, 1, 140, 141
411483.3.peg.1163.site.83, 2, 147, 149
411483.3.peg.1163.site.84, 12, 149, 161
411483.3.peg.1163.site.85, 1, 152, 153
411483.3.peg.1163.site.86, 6, 153, 159
411483.3.peg.1163.site.87, 4, 153, 157
411483.3.peg.1163.site.88, 5, 154, 159
411483.3.peg.1163.site.89, 3, 154, 157
411483.3.peg.1163.site.90, 6, 154, 160
411483.3.peg.1163.site.91, 5, 153, 158
411483.3.peg.1163.site.92, 6, 153, 159
411483.3.peg.1163.site.93, 0, 151, 151
411483.3.peg.1163.site.94, 4, 149, 153
411483.3.peg.1163.site.95, 3, 153, 156
411483.3.peg.1163.site.96, 149, 154, 303
411483.3.peg.1163.site.97, 18, 147, 165
411483.3.peg.1163.site.98, 11, 152, 163
411483.3.peg.1163.site.99, 2, 154, 156
411483.3.peg.1163.site.100, 12, 154, 166
411483.3.peg.1163.site.101, 2, 153, 155
411483.3.peg.1163.site.102, 9, 150, 159
411483.3.peg.1163.site.103, 3, 153, 156
411483.3.peg.1163.site.104, 6, 147, 153
411483.3.peg.1163.site.105, 5, 152, 157
411483.3.peg.1163.site.106, 6, 150, 156
411483.3.peg.1163.site.107, 1, 153, 154
411483.3.peg.1163.site.108, 5, 152, 157
411483.3.peg.1163.site.109, 0, 152, 152
411483.3.peg.1163.site.110, 28, 148, 176
411483.3.peg.1163.site.111, 11, 155, 166
411483.3.peg.1163.site.112, 10, 155, 165
411483.3.peg.1163.site.113, 1, 154, 155
411483.3.peg.1163.site.114, 18, 148, 166
411483.3.peg.1163.site.115, 13, 148, 161
411483.3.peg.1163.site.116, 3, 153, 156
411483.3.peg.1163.site.117, 3, 153, 156
411483.3.peg.1163.site.118, 5, 152, 157
411483.3.peg.1163.site.119, 4, 153, 157
411483.3.peg.1163.site.120, 7, 153, 160
411483.3.peg.1163.site.121, 8, 154, 162
411483.3.peg.1163.site.122, 1, 154, 155
411483.3.peg.1163.site.123, 2, 155, 157
411483.3.peg.1163.site.124, 9, 153, 162
411483.3.peg.1163.site.125, 1, 151, 152
411483.3.peg.1163.site.126, 1, 153, 154
411483.3.peg.1163.site.127, 49, 147, 196
411483.3.peg.1163.site.128, 1, 153, 154
411483.3.peg.1163.site.129, 3, 154, 157
411483.3.peg.1163.site.130, 0, 153, 153
411483.3.peg.1163.site.131, 0, 153, 153
411483.3.peg.1163.site.132, 0, 151, 151
411483.3.peg.1163.site.133, 21, 144, 165
411483.3.peg.1163.site.134, 1, 151, 152
411483.3.peg.1163.site.135, 10, 150, 160
411483.3.peg.1163.site.136, 4, 153, 157
411483.3.peg.1163.site.137, 2, 146, 148
411483.3.peg.1163.site.138, 2, 137, 139
411483.3.peg.1163.site.139, 2, 148, 150
411483.3.peg.1163.site.140, 2, 146, 148
411483.3.peg.1163.site.141, 1, 142, 143
411483.3.peg.1163.site.142, 4, 146, 150
411483.3.peg.1163.site.143, 1, 151, 152
411483.3.peg.1163.site.144, 9, 147, 156
411483.3.peg.1163.site.145, 5, 151, 156
411483.3.peg.1163.site.146, 3, 152, 155
411483.3.peg.1163.site.147, 5, 153, 158
411483.3.peg.1163.site.148, 4, 151, 155
411483.3.peg.1163.site.149, 2, 154, 156
411483.3.peg.1163.site.150, 1, 154, 155
411483.3.peg.1163.site.151, 140, 151, 291
411483.3.peg.1163.site.152, 0, 155, 155
411483.3.peg.1163.site.153, 3, 155, 158
411483.3.peg.1163.site.154, 2, 152, 154
411483.3.peg.1163.site.155, 3, 153, 156
411483.3.peg.1163.site.156, 2, 152, 154
411483.3.peg.1163.site.157, 2, 152, 154
411483.3.peg.1163.site.158, 92, 143, 235
411483.3.peg.1162.site.1, 2, 92, 94
411483.3.peg.1162.site.2, 3, 151, 154
411483.3.peg.1162.site.3, 2, 154, 156
411483.3.peg.1162.site.4, 8, 153, 161
411483.3.peg.1162.site.5, 4, 154, 158
411483.3.peg.1162.site.6, 0, 153, 153
411483.3.peg.1162.site.7, 1, 155, 156
411483.3.peg.1162.site.8, 0, 155, 155
411483.3.peg.1162.site.9, 2, 155, 157
411483.3.peg.1162.site.10, 16, 151, 167
411483.3.peg.1162.site.11, 1, 154, 155
411483.3.peg.1162.site.12, 1, 150, 151
411483.3.peg.1814.site.1, 1, 154, 155
411483.3.peg.1814.site.2, 36, 152, 188
411483.3.peg.1814.site.3, 8, 152, 160
411483.3.peg.1814.site.4, 19, 151, 170
411483.3.peg.1814.site.5, 3, 153, 156
411483.3.peg.1814.site.6, 3, 152, 155
411483.3.peg.1814.site.7, 3, 145, 148
411483.3.peg.1814.site.8, 3, 147, 150
411483.3.peg.1814.site.9, 0, 148, 148
411483.3.peg.1814.site.10, 10, 143, 153
411483.3.peg.1814.site.11, 1, 147, 148
411483.3.peg.1814.site.12, 9, 146, 155
411483.3.peg.1814.site.13, 19, 138, 157
411483.3.peg.1814.site.14, 2, 145, 147
411483.3.peg.1814.site.15, 5, 145, 150
411483.3.peg.1814.site.16, 3, 142, 145
411483.3.peg.1814.site.17, 7, 140, 147
411483.3.peg.1814.site.18, 13, 133, 146
411483.3.peg.1814.site.19, 3, 134, 137
411483.3.peg.1814.site.20, 1, 141, 142
411483.3.peg.1814.site.21, 12, 139, 151
411483.3.peg.1814.site.22, 7, 131, 138
411483.3.peg.1814.site.23, 1, 141, 142
411483.3.peg.1814.site.24, 2, 140, 142
411483.3.peg.1814.site.25, 10, 138, 148
411483.3.peg.1814.site.26, 0, 140, 140
411483.3.peg.1814.site.27, 6, 143, 149
411483.3.peg.1814.site.28, 5, 151, 156
411483.3.peg.1814.site.29, 13, 149, 162
411483.3.peg.1814.site.30, 1, 150, 151
411483.3.peg.1814.site.31, 2, 149, 151
411483.3.peg.1814.site.32, 12, 154, 166
411483.3.peg.1814.site.33, 0, 151, 151
411483.3.peg.1814.site.34, 0, 153, 153
411483.3.peg.1814.site.35, 2, 152, 154
411483.3.peg.1814.site.36, 12, 153, 165
411483.3.peg.1814.site.37, 1, 152, 153
411483.3.peg.1814.site.38, 3, 151, 154
411483.3.peg.1814.site.39, 9, 147, 156
411483.3.peg.1814.site.40, 4, 146, 150
411483.3.peg.1814.site.41, 0, 150, 150
411483.3.peg.1814.site.42, 5, 147, 152
411483.3.peg.1814.site.43, 0, 151, 151
411483.3.peg.1814.site.44, 1, 151, 152
411483.3.peg.1814.site.45, 1, 144, 145
411483.3.peg.1814.site.46, 1, 147, 148
411483.3.peg.1814.site.47, 1, 146, 147
411483.3.peg.1814.site.48, 3, 142, 145
411483.3.peg.1814.site.49, 3, 124, 127
411483.3.peg.1814.site.50, 1, 129, 130
411483.3.peg.1814.site.51, 2, 108, 110
411483.3.peg.1814.site.52, 2, 107, 109
411483.3.peg.1814.site.53, 93, 102, 195
411483.3.peg.1814.site.54, 6, 102, 108
411483.3.peg.1814.site.55, 2, 103, 105
411483.3.peg.1814.site.56, 2, 110, 112
411483.3.peg.1814.site.57, 8, 120, 128
411483.3.peg.1814.site.58, 2, 122, 124
411483.3.peg.1814.site.59, 1, 121, 122
411483.3.peg.1814.site.60, 1, 124, 125
411483.3.peg.1814.site.61, 9, 130, 139
411483.3.peg.1814.site.62, 65, 117, 182
411483.3.peg.1814.site.63, 8, 130, 138
411483.3.peg.1814.site.64, 23, 136, 159
411483.3.peg.1814.site.65, 1, 139, 140
411483.3.peg.1814.site.66, 3, 142, 145
411483.3.peg.1814.site.67, 7, 132, 139
411483.3.peg.1814.site.68, 0, 141, 141
411483.3.peg.1814.site.69, 0, 138, 138
411483.3.peg.1814.site.70, 2, 150, 152
411483.3.peg.12.site.1, 1, 154, 155
411483.3.peg.12.site.2, 2, 153, 155
411483.3.peg.12.site.3, 2, 146, 148
411483.3.peg.12.site.4, 5, 146, 151
411483.3.peg.12.site.5, 2, 144, 146
411483.3.peg.12.site.6, 5, 141, 146
411483.3.peg.12.site.7, 13, 139, 152
411483.3.peg.12.site.8, 8, 145, 153
411483.3.peg.12.site.9, 1, 147, 148
411483.3.peg.12.site.10, 2, 144, 146
411483.3.peg.12.site.11, 1, 147, 148
411483.3.peg.12.site.12, 2, 142, 144
411483.3.peg.12.site.13, 36, 138, 174
411483.3.peg.12.site.14, 8, 139, 147
411483.3.peg.12.site.15, 4, 140, 144
411483.3.peg.12.site.16, 2, 143, 145
411483.3.peg.12.site.17, 1, 144, 145
411483.3.peg.12.site.18, 1, 147, 148
411483.3.peg.12.site.19, 1, 144, 145
411483.3.peg.12.site.20, 3, 147, 150
411483.3.peg.12.site.21, 3, 150, 153
411483.3.peg.12.site.22, 0, 146, 146
411483.3.peg.12.site.23, 7, 153, 160
411483.3.peg.12.site.24, 1, 153, 154
411483.3.peg.12.site.25, 1, 151, 152
411483.3.peg.12.site.26, 35, 141, 176
411483.3.peg.12.site.27, 3, 155, 158
411483.3.peg.12.site.28, 37, 140, 177
411483.3.peg.12.site.29, 19, 154, 173
411483.3.peg.12.site.30, 82, 140, 222
411483.3.peg.12.site.31, 2, 153, 155
411483.3.peg.12.site.32, 4, 154, 158
411483.3.peg.12.site.33, 0, 154, 154
411483.3.peg.12.site.34, 1, 154, 155
411483.3.peg.12.site.35, 1, 154, 155
411483.3.peg.12.site.36, 3, 152, 155
411483.3.peg.12.site.37, 3, 152, 155
411483.3.peg.12.site.38, 1, 153, 154
411483.3.peg.12.site.39, 3, 149, 152
411483.3.peg.12.site.40, 67, 132, 199
411483.3.peg.12.site.41, 7, 144, 151
411483.3.peg.12.site.42, 65, 122, 187
411483.3.peg.12.site.43, 1, 137, 138
411483.3.peg.12.site.44, 2, 139, 141
411483.3.peg.12.site.45, 7, 131, 138
411483.3.peg.12.site.46, 3, 137, 140
411483.3.peg.12.site.47, 3, 130, 133
411483.3.peg.12.site.48, 73, 123, 196
411483.3.peg.12.site.49, 8, 140, 148
411483.3.peg.12.site.50, 17, 138, 155
411483.3.peg.12.site.51, 5, 145, 150
411483.3.peg.12.site.52, 0, 147, 147
411483.3.peg.12.site.53, 8, 141, 149
411483.3.peg.12.site.54, 2, 151, 153
411483.3.peg.12.site.55, 3, 149, 152
411483.3.peg.12.site.56, 4, 153, 157
411483.3.peg.12.site.57, 9, 149, 158
411483.3.peg.12.site.58, 0, 151, 151
411483.3.peg.12.site.59, 3, 152, 155
411483.3.peg.12.site.60, 2, 153, 155
411483.3.peg.12.site.61, 3, 153, 156
411483.3.peg.12.site.62, 22, 142, 164
411483.3.peg.12.site.63, 4, 153, 157
411483.3.peg.12.site.64, 0, 148, 148
411483.3.peg.12.site.65, 9, 147, 156
411483.3.peg.12.site.66, 2, 150, 152
411483.3.peg.12.site.67, 1, 147, 148
411483.3.peg.12.site.68, 4, 147, 151
411483.3.peg.12.site.69, 1, 142, 143
411483.3.peg.12.site.70, 2, 150, 152
411483.3.peg.12.site.71, 11, 148, 159
411483.3.peg.12.site.72, 2, 151, 153
411483.3.peg.12.site.73, 12, 151, 163
411483.3.peg.12.site.74, 134, 150, 284
411483.3.peg.12.site.75, 1, 152, 153
411483.3.peg.12.site.76, 1, 150, 151
411483.3.peg.12.site.77, 2, 147, 149
411483.3.peg.12.site.78, 12, 142, 154
411483.3.peg.12.site.79, 30, 138, 168
411483.3.peg.12.site.80, 5, 150, 155
411483.3.peg.12.site.81, 12, 149, 161
411483.3.peg.12.site.82, 94, 142, 236
411483.3.peg.12.site.83, 3, 150, 153
411483.3.peg.12.site.84, 1, 148, 149
411483.3.peg.12.site.85, 2, 149, 151
411483.3.peg.12.site.86, 2, 146, 148
411483.3.peg.12.site.87, 0, 141, 141
411483.3.peg.12.site.88, 20, 139, 159
411483.3.peg.12.site.89, 137, 143, 280
411483.3.peg.12.site.90, 1, 137, 138
411483.3.peg.12.site.91, 22, 127, 149
411483.3.peg.12.site.92, 3, 138, 141
411483.3.peg.12.site.93, 11, 127, 138
411483.3.peg.12.site.94, 26, 112, 138
411483.3.peg.12.site.95, 2, 130, 132
411483.3.peg.12.site.96, 8, 127, 135
411483.3.peg.12.site.97, 1, 135, 136
411483.3.peg.12.site.98, 4, 135, 139
411483.3.peg.12.site.99, 2, 133, 135
411483.3.peg.12.site.100, 110, 135, 245
411483.3.peg.12.site.101, 58, 127, 185
411483.3.peg.12.site.102, 11, 129, 140
411483.3.peg.12.site.103, 6, 123, 129
411483.3.peg.12.site.104, 1, 106, 107
411483.3.peg.12.site.105, 1, 101, 102
411483.3.peg.12.site.106, 2, 99, 101
411483.3.peg.12.site.107, 3, 83, 86
411483.3.peg.12.site.108, 5, 73, 78
411483.3.peg.12.site.109, 1, 74, 75
411483.3.peg.18.site.1, 24, 129, 153
411483.3.peg.18.site.2, 0, 130, 130
411483.3.peg.18.site.3, 6, 118, 124
411483.3.peg.18.site.4, 0, 110, 110
411483.3.peg.18.site.5, 3, 73, 76
411483.3.peg.18.site.6, 6, 71, 77
411483.3.peg.18.site.7, 6, 71, 77
411483.3.peg.18.site.8, 1, 72, 73
411483.3.peg.18.site.9, 6, 67, 73
411483.3.peg.18.site.10, 2, 88, 90
411483.3.peg.18.site.11, 4, 92, 96
411483.3.peg.18.site.12, 2, 98, 100
411483.3.peg.18.site.13, 2, 104, 106
411483.3.peg.18.site.14, 4, 104, 108
411483.3.peg.18.site.15, 25, 103, 128
411483.3.peg.18.site.16, 5, 111, 116
411483.3.peg.18.site.17, 16, 108, 124
411483.3.peg.18.site.18, 17, 106, 123
411483.3.peg.18.site.19, 0, 102, 102
411483.3.peg.18.site.20, 27, 101, 128
411483.3.peg.18.site.21, 12, 111, 123
411483.3.peg.18.site.22, 1, 115, 116
411483.3.peg.18.site.23, 1, 114, 115
411483.3.peg.18.site.24, 13, 114, 127
411483.3.peg.18.site.25, 16, 113, 129
411483.3.peg.18.site.26, 14, 112, 126
411483.3.peg.18.site.27, 10, 111, 121
411483.3.peg.18.site.28, 1, 114, 115
411483.3.peg.18.site.29, 79, 111, 190
411483.3.peg.18.site.30, 3, 122, 125
411483.3.peg.18.site.31, 28, 117, 145
411483.3.peg.18.site.32, 7, 116, 123
411483.3.peg.18.site.33, 0, 119, 119
411483.3.peg.18.site.34, 5, 125, 130
411483.3.peg.18.site.35, 7, 127, 134
411483.3.peg.18.site.36, 1, 137, 138
411483.3.peg.18.site.37, 17, 138, 155
411483.3.peg.18.site.38, 17, 138, 155
411483.3.peg.18.site.39, 1, 142, 143
411483.3.peg.18.site.40, 17, 140, 157
411483.3.peg.18.site.41, 0, 143, 143
411483.3.peg.18.site.42, 1, 143, 144
411483.3.peg.18.site.43, 5, 131, 136
411483.3.peg.18.site.44, 2, 131, 133
411483.3.peg.18.site.45, 3, 137, 140
411483.3.peg.18.site.46, 0, 137, 137
411483.3.peg.18.site.47, 0, 137, 137
411483.3.peg.18.site.48, 4, 134, 138
411483.3.peg.18.site.49, 7, 135, 142
411483.3.peg.18.site.50, 8, 134, 142
411483.3.peg.18.site.51, 9, 138, 147
411483.3.peg.18.site.52, 2, 146, 148
411483.3.peg.18.site.53, 3, 146, 149
411483.3.peg.18.site.54, 4, 148, 152
411483.3.peg.18.site.55, 4, 148, 152
411483.3.peg.18.site.56, 1, 149, 150
411483.3.peg.18.site.57, 5, 148, 153
411483.3.peg.18.site.58, 33, 146, 179
411483.3.peg.18.site.59, 1, 147, 148
411483.3.peg.18.site.60, 4, 149, 153
411483.3.peg.18.site.61, 13, 144, 157
411483.3.peg.18.site.62, 5, 146, 151
411483.3.peg.18.site.63, 11, 149, 160
411483.3.peg.18.site.64, 19, 149, 168
411483.3.peg.18.site.65, 16, 145, 161
411483.3.peg.18.site.66, 0, 149, 149
411483.3.peg.18.site.67, 0, 151, 151
411483.3.peg.18.site.68, 0, 151, 151
411483.3.peg.18.site.69, 1, 152, 153
411483.3.peg.18.site.70, 2, 150, 152
411483.3.peg.18.site.71, 10, 149, 159
411483.3.peg.18.site.72, 4, 152, 156
411483.3.peg.18.site.73, 2, 154, 156
411483.3.peg.18.site.74, 2, 154, 156
411483.3.peg.18.site.75, 0, 150, 150
411483.3.peg.18.site.76, 0, 152, 152
411483.3.peg.18.site.77, 0, 152, 152
411483.3.peg.18.site.78, 1, 155, 156
411483.3.peg.18.site.79, 0, 152, 152
411483.3.peg.18.site.80, 2, 152, 154
411483.3.peg.18.site.81, 2, 155, 157
411483.3.peg.1762.site.1, 0, 149, 149
411483.3.peg.1762.site.2, 0, 153, 153
411483.3.peg.1762.site.3, 2, 153, 155
411483.3.peg.1762.site.4, 4, 153, 157
411483.3.peg.1762.site.5, 0, 152, 152
411483.3.peg.1760.site.1, 1, 154, 155
411483.3.peg.1760.site.2, 1, 139, 140
411483.3.peg.1760.site.3, 16, 113, 129
411483.3.peg.1760.site.4, 20, 105, 125
411483.3.peg.1760.site.5, 0, 93, 93
411483.3.peg.1760.site.6, 0, 104, 104
411483.3.peg.1760.site.7, 0, 110, 110
411483.3.peg.1760.site.8, 12, 94, 106
411483.3.peg.1760.site.9, 34, 95, 129
411483.3.peg.1760.site.10, 1, 99, 100
411483.3.peg.1760.site.11, 2, 95, 97
411483.3.peg.1760.site.12, 0, 101, 101
411483.3.peg.1760.site.13, 5, 99, 104
411483.3.peg.1760.site.14, 1, 101, 102
411483.3.peg.1760.site.15, 1, 107, 108
411483.3.peg.1760.site.16, 68, 106, 174
411483.3.peg.1760.site.17, 89, 119, 208
411483.3.peg.1760.site.18, 2, 127, 129
411483.3.peg.1760.site.19, 2, 149, 151
411483.3.peg.1760.site.20, 5, 152, 157
411483.3.peg.1760.site.21, 1, 152, 153
411483.3.peg.1767.site.1, 10, 151, 161
411483.3.peg.1767.site.2, 6, 148, 154
411483.3.peg.1767.site.3, 14, 151, 165
411483.3.peg.1767.site.4, 11, 150, 161
411483.3.peg.1767.site.5, 1, 147, 148
411483.3.peg.1767.site.6, 13, 138, 151
411483.3.peg.1767.site.7, 2, 146, 148
411483.3.peg.1767.site.8, 142, 148, 290
411483.3.peg.1767.site.9, 5, 148, 153
411483.3.peg.1767.site.10, 6, 144, 150
411483.3.peg.1767.site.11, 4, 142, 146
411483.3.peg.1767.site.12, 1, 135, 136
411483.3.peg.1767.site.13, 2, 134, 136
411483.3.peg.1767.site.14, 6, 139, 145
411483.3.peg.1767.site.15, 1, 130, 131
411483.3.peg.1767.site.16, 9, 128, 137
411483.3.peg.1767.site.17, 21, 132, 153
411483.3.peg.1767.site.18, 62, 138, 200
411483.3.peg.1767.site.19, 5, 144, 149
411483.3.peg.1767.site.20, 5, 143, 148
411483.3.peg.1767.site.21, 52, 138, 190
411483.3.peg.1767.site.22, 1, 154, 155
411483.3.peg.1767.site.23, 4, 152, 156
411483.3.peg.1767.site.24, 0, 154, 154
411483.3.peg.1767.site.25, 5, 148, 153
411483.3.peg.1767.site.26, 5, 153, 158
411483.3.peg.1767.site.27, 2, 152, 154
411483.3.peg.1767.site.28, 0, 152, 152
411483.3.peg.1767.site.29, 1, 147, 148
411483.3.peg.1767.site.30, 6, 131, 137
411483.3.peg.1767.site.31, 5, 121, 126
411483.3.peg.1767.site.32, 102, 113, 215
411483.3.peg.1767.site.33, 1, 117, 118
411483.3.peg.1767.site.34, 14, 131, 145
411483.3.peg.1767.site.35, 2, 146, 148
411483.3.peg.1767.site.36, 11, 139, 150
411483.3.peg.1767.site.37, 3, 146, 149
411483.3.peg.1767.site.38, 28, 142, 170
411483.3.peg.1767.site.39, 34, 138, 172
411483.3.peg.1766.site.1, 0, 153, 153
411483.3.peg.1766.site.2, 2, 152, 154
411483.3.peg.1766.site.3, 1, 153, 154
411483.3.peg.1766.site.4, 2, 152, 154
411483.3.peg.1766.site.5, 7, 149, 156
411483.3.peg.1766.site.6, 5, 148, 153
411483.3.peg.1766.site.7, 3, 142, 145
411483.3.peg.1766.site.8, 6, 133, 139
411483.3.peg.1766.site.9, 0, 141, 141
411483.3.peg.1766.site.10, 62, 115, 177
411483.3.peg.1766.site.11, 7, 131, 138
411483.3.peg.1766.site.12, 16, 129, 145
411483.3.peg.1766.site.13, 2, 134, 136
411483.3.peg.1766.site.14, 1, 138, 139
411483.3.peg.1766.site.15, 3, 147, 150
411483.3.peg.1766.site.16, 6, 142, 148
411483.3.peg.1766.site.17, 8, 143, 151
411483.3.peg.1766.site.18, 1, 148, 149
411483.3.peg.1766.site.19, 2, 150, 152
411483.3.peg.1766.site.20, 17, 148, 165
411483.3.peg.1766.site.21, 41, 143, 184
411483.3.peg.1766.site.22, 15, 149, 164
411483.3.peg.1766.site.23, 55, 142, 197
411483.3.peg.1766.site.24, 0, 147, 147
411483.3.peg.1766.site.25, 1, 147, 148
411483.3.peg.1766.site.26, 7, 142, 149
411483.3.peg.1766.site.27, 95, 143, 238
411483.3.peg.1766.site.28, 9, 136, 145
411483.3.peg.1766.site.29, 5, 141, 146
411483.3.peg.1766.site.30, 1, 145, 146
411483.3.peg.1766.site.31, 10, 139, 149
411483.3.peg.1766.site.32, 2, 141, 143
411483.3.peg.1765.site.1, 1, 153, 154
411483.3.peg.1765.site.2, 1, 150, 151
411483.3.peg.1765.site.3, 16, 148, 164
411483.3.peg.1765.site.4, 142, 153, 295
411483.3.peg.1765.site.5, 11, 149, 160
411483.3.peg.1765.site.6, 0, 151, 151
411483.3.peg.1765.site.7, 0, 148, 148
411483.3.peg.1765.site.8, 5, 151, 156
411483.3.peg.1765.site.9, 5, 151, 156
411483.3.peg.1765.site.10, 1, 151, 152
411483.3.peg.1765.site.11, 3, 151, 154
411483.3.peg.1765.site.12, 3, 152, 155
411483.3.peg.1765.site.13, 2, 146, 148
411483.3.peg.1765.site.14, 2, 150, 152
411483.3.peg.1765.site.15, 0, 138, 138
411483.3.peg.1765.site.16, 10, 125, 135
411483.3.peg.1765.site.17, 5, 146, 151
411483.3.peg.1765.site.18, 6, 148, 154
411483.3.peg.1765.site.19, 3, 143, 146
411483.3.peg.1765.site.20, 17, 148, 165
411483.3.peg.1765.site.21, 0, 144, 144
411483.3.peg.1765.site.22, 6, 148, 154
411483.3.peg.1765.site.23, 5, 152, 157
411483.3.peg.1765.site.24, 4, 151, 155
411483.3.peg.1765.site.25, 133, 148, 281
411483.3.peg.1765.site.26, 1, 150, 151
411483.3.peg.1765.site.27, 8, 154, 162
411483.3.peg.1765.site.28, 145, 152, 297
411483.3.peg.1765.site.29, 9, 154, 163
411483.3.peg.1765.site.30, 4, 148, 152
411483.3.peg.1765.site.31, 2, 151, 153
411483.3.peg.1765.site.32, 1, 150, 151
411483.3.peg.1765.site.33, 4, 148, 152
411483.3.peg.1765.site.34, 3, 151, 154
411483.3.peg.1765.site.35, 1, 153, 154
411483.3.peg.1765.site.36, 2, 152, 154
411483.3.peg.1765.site.37, 18, 148, 166
411483.3.peg.1765.site.38, 6, 153, 159
411483.3.peg.1765.site.39, 0, 152, 152
411483.3.peg.1765.site.40, 2, 153, 155
411483.3.peg.1765.site.41, 18, 146, 164
411483.3.peg.1765.site.42, 2, 152, 154
411483.3.peg.1765.site.43, 1, 152, 153
411483.3.peg.1765.site.44, 2, 149, 151
411483.3.peg.1765.site.45, 8, 143, 151
411483.3.peg.1765.site.46, 15, 148, 163
411483.3.peg.1765.site.47, 5, 148, 153
411483.3.peg.1765.site.48, 1, 151, 152
411483.3.peg.1765.site.49, 3, 150, 153
411483.3.peg.1765.site.50, 1, 151, 152
411483.3.peg.1765.site.51, 115, 148, 263
411483.3.peg.1765.site.52, 1, 151, 152
411483.3.peg.1765.site.53, 1, 151, 152
411483.3.peg.1765.site.54, 1, 148, 149
411483.3.peg.1765.site.55, 120, 142, 262
411483.3.peg.1765.site.56, 1, 150, 151
411483.3.peg.1765.site.57, 8, 141, 149
411483.3.peg.1765.site.58, 4, 149, 153
411483.3.peg.1765.site.59, 16, 147, 163
411483.3.peg.1765.site.60, 2, 154, 156
411483.3.peg.1765.site.61, 0, 153, 153
411483.3.peg.1765.site.62, 3, 148, 151
411483.3.peg.1765.site.63, 3, 147, 150
411483.3.peg.1765.site.64, 3, 152, 155
411483.3.peg.1765.site.65, 2, 151, 153
411483.3.peg.1765.site.66, 3, 152, 155
411483.3.peg.1765.site.67, 6, 150, 156
411483.3.peg.1765.site.68, 10, 140, 150
411483.3.peg.1765.site.69, 0, 144, 144
411483.3.peg.1765.site.70, 0, 142, 142
411483.3.peg.1765.site.71, 15, 139, 154
411483.3.peg.1765.site.72, 15, 145, 160
411483.3.peg.1765.site.73, 54, 141, 195
411483.3.peg.1765.site.74, 107, 147, 254
411483.3.peg.1765.site.75, 10, 150, 160
411483.3.peg.1765.site.76, 0, 154, 154
411483.3.peg.1765.site.77, 0, 153, 153
411483.3.peg.1765.site.78, 27, 144, 171
411483.3.peg.1765.site.79, 3, 154, 157
411483.3.peg.1765.site.80, 1, 154, 155
411483.3.peg.1765.site.81, 0, 153, 153
411483.3.peg.1765.site.82, 0, 154, 154
411483.3.peg.1765.site.83, 2, 154, 156
411483.3.peg.1765.site.84, 1, 155, 156
411483.3.peg.1765.site.85, 1, 154, 155
411483.3.peg.1765.site.86, 1, 153, 154
411483.3.peg.1765.site.87, 11, 153, 164
411483.3.peg.1764.site.1, 1, 152, 153
411483.3.peg.1764.site.2, 2, 152, 154
411483.3.peg.1764.site.3, 4, 146, 150
411483.3.peg.1764.site.4, 2, 151, 153
411483.3.peg.1764.site.5, 1, 151, 152
411483.3.peg.1764.site.6, 0, 151, 151
411483.3.peg.1764.site.7, 4, 149, 153
411483.3.peg.1764.site.8, 3, 139, 142
411483.3.peg.1764.site.9, 6, 147, 153
411483.3.peg.1764.site.10, 7, 147, 154
411483.3.peg.1764.site.11, 2, 152, 154
411483.3.peg.1764.site.12, 0, 150, 150
411483.3.peg.1764.site.13, 0, 148, 148
411483.3.peg.10.site.1, 2, 140, 142
411483.3.peg.10.site.2, 4, 145, 149
411483.3.peg.10.site.3, 1, 150, 151
411483.3.peg.10.site.4, 6, 146, 152
411483.3.peg.10.site.5, 41, 140, 181
411483.3.peg.10.site.6, 2, 150, 152
411483.3.peg.10.site.7, 4, 144, 148
411483.3.peg.10.site.8, 1, 147, 148
411483.3.peg.10.site.9, 61, 142, 203
411483.3.peg.10.site.10, 1, 146, 147
411483.3.peg.10.site.11, 1, 153, 154
411483.3.peg.10.site.12, 28, 150, 178
411483.3.peg.10.site.13, 4, 154, 158
411483.3.peg.10.site.14, 3, 152, 155
411483.3.peg.10.site.15, 1, 153, 154
411483.3.peg.10.site.16, 5, 149, 154
411483.3.peg.10.site.17, 1, 154, 155
411483.3.peg.10.site.18, 1, 154, 155
411483.3.peg.10.site.19, 1, 154, 155
411483.3.peg.10.site.20, 4, 155, 159
411483.3.peg.10.site.21, 3, 146, 149
411483.3.peg.10.site.22, 18, 153, 171
411483.3.peg.10.site.23, 2, 155, 157
411483.3.peg.10.site.24, 4, 153, 157
411483.3.peg.10.site.25, 0, 150, 150
411483.3.peg.10.site.26, 1, 154, 155
411483.3.peg.10.site.27, 9, 153, 162
411483.3.peg.10.site.28, 3, 153, 156
411483.3.peg.10.site.29, 4, 154, 158
411483.3.peg.10.site.30, 0, 153, 153
411483.3.peg.10.site.31, 3, 153, 156
411483.3.peg.10.site.32, 2, 155, 157
411483.3.peg.10.site.33, 14, 153, 167
411483.3.peg.10.site.34, 4, 151, 155
411483.3.peg.10.site.35, 0, 150, 150
411483.3.peg.10.site.36, 0, 153, 153
411483.3.peg.10.site.37, 0, 154, 154
411483.3.peg.10.site.38, 1, 153, 154
411483.3.peg.10.site.39, 12, 147, 159
411483.3.peg.10.site.40, 0, 150, 150
411483.3.peg.10.site.41, 2, 152, 154
411483.3.peg.10.site.42, 0, 146, 146
411483.3.peg.10.site.43, 0, 147, 147
411483.3.peg.10.site.44, 3, 150, 153
411483.3.peg.10.site.45, 0, 152, 152
411483.3.peg.10.site.46, 2, 150, 152
411483.3.peg.10.site.47, 145, 151, 296
411483.3.peg.10.site.48, 15, 148, 163
411483.3.peg.10.site.49, 1, 152, 153
411483.3.peg.10.site.50, 2, 155, 157
411483.3.peg.10.site.51, 0, 153, 153
411483.3.peg.10.site.52, 4, 151, 155
411483.3.peg.10.site.53, 1, 152, 153
411483.3.peg.10.site.54, 0, 151, 151
411483.3.peg.10.site.55, 2, 149, 151
411483.3.peg.10.site.56, 2, 152, 154
411483.3.peg.10.site.57, 3, 152, 155
411483.3.peg.10.site.58, 0, 154, 154
411483.3.peg.10.site.59, 0, 155, 155
411483.3.peg.11.site.1, 2, 153, 155
411483.3.peg.11.site.2, 152, 154, 306
411483.3.peg.11.site.3, 3, 154, 157
411483.3.peg.11.site.4, 1, 153, 154
411483.3.peg.11.site.5, 1, 153, 154
411483.3.peg.11.site.6, 3, 153, 156
411483.3.peg.11.site.7, 132, 150, 282
411483.3.peg.11.site.8, 3, 153, 156
411483.3.peg.11.site.9, 6, 151, 157
411483.3.peg.11.site.10, 1, 154, 155
411483.3.peg.11.site.11, 3, 154, 157
411483.3.peg.11.site.12, 5, 154, 159
411483.3.peg.11.site.13, 43, 145, 188
411483.3.peg.11.site.14, 60, 147, 207
411483.3.peg.11.site.15, 10, 152, 162
411483.3.peg.11.site.16, 4, 155, 159
411483.3.peg.11.site.17, 1, 154, 155
411483.3.peg.11.site.18, 2, 155, 157
411483.3.peg.11.site.19, 0, 155, 155
411483.3.peg.11.site.20, 1, 153, 154
411483.3.peg.11.site.21, 5, 154, 159
411483.3.peg.11.site.22, 4, 154, 158
411483.3.peg.11.site.23, 2, 154, 156
411483.3.peg.11.site.24, 3, 153, 156
411483.3.peg.11.site.25, 2, 155, 157
411483.3.peg.11.site.26, 9, 153, 162
411483.3.peg.11.site.27, 6, 154, 160
411483.3.peg.11.site.28, 9, 153, 162
411483.3.peg.11.site.29, 1, 155, 156
411483.3.peg.11.site.30, 3, 154, 157
411483.3.peg.11.site.31, 10, 151, 161
411483.3.peg.11.site.32, 2, 155, 157
411483.3.peg.11.site.33, 4, 152, 156
411483.3.peg.11.site.34, 1, 153, 154
411483.3.peg.11.site.35, 1, 155, 156
411483.3.peg.11.site.36, 2, 151, 153
411483.3.peg.11.site.37, 1, 155, 156
411483.3.peg.11.site.38, 17, 153, 170
411483.3.peg.11.site.39, 0, 154, 154
411483.3.peg.11.site.40, 4, 154, 158
411483.3.peg.11.site.41, 30, 148, 178
411483.3.peg.11.site.42, 2, 155, 157
411483.3.peg.11.site.43, 4, 155, 159
411483.3.peg.11.site.44, 1, 154, 155
411483.3.peg.11.site.45, 1, 152, 153
411483.3.peg.11.site.46, 6, 152, 158
411483.3.peg.11.site.47, 91, 146, 237
411483.3.peg.11.site.48, 4, 150, 154
411483.3.peg.11.site.49, 125, 147, 272
411483.3.peg.11.site.50, 2, 155, 157
411483.3.peg.11.site.51, 2, 154, 156
411483.3.peg.11.site.52, 3, 154, 157
411483.3.peg.11.site.53, 3, 153, 156
411483.3.peg.11.site.54, 2, 155, 157
411483.3.peg.11.site.55, 2, 154, 156
411483.3.peg.11.site.56, 5, 153, 158
411483.3.peg.11.site.57, 7, 147, 154
411483.3.peg.11.site.58, 2, 155, 157
411483.3.peg.11.site.59, 24, 151, 175
411483.3.peg.11.site.60, 1, 155, 156
411483.3.peg.11.site.61, 1, 153, 154
411483.3.peg.1769.site.1, 1, 154, 155
411483.3.peg.1769.site.2, 5, 153, 158
411483.3.peg.1769.site.3, 24, 149, 173
411483.3.peg.1769.site.4, 1, 154, 155
411483.3.peg.1769.site.5, 5, 155, 160
411483.3.peg.1769.site.6, 1, 154, 155
411483.3.peg.1769.site.7, 1, 154, 155
411483.3.peg.1769.site.8, 4, 154, 158
411483.3.peg.1769.site.9, 45, 148, 193
411483.3.peg.1769.site.10, 2, 150, 152
411483.3.peg.1769.site.11, 12, 148, 160
411483.3.peg.1769.site.12, 1, 149, 150
411483.3.peg.1769.site.13, 50, 137, 187
411483.3.peg.1769.site.14, 0, 142, 142
411483.3.peg.1769.site.15, 2, 140, 142
411483.3.peg.1769.site.16, 1, 143, 144
411483.3.peg.1769.site.17, 129, 139, 268
411483.3.peg.1769.site.18, 31, 140, 171
411483.3.peg.1769.site.19, 4, 140, 144
411483.3.peg.1769.site.20, 5, 138, 143
411483.3.peg.1769.site.21, 9, 140, 149
411483.3.peg.1769.site.22, 1, 140, 141
411483.3.peg.1769.site.23, 26, 133, 159
411483.3.peg.1769.site.24, 4, 139, 143
411483.3.peg.1769.site.25, 95, 130, 225
411483.3.peg.1769.site.26, 3, 136, 139
411483.3.peg.1769.site.27, 1, 137, 138
411483.3.peg.1769.site.28, 1, 134, 135
411483.3.peg.1769.site.29, 1, 136, 137
411483.3.peg.1769.site.30, 1, 142, 143
411483.3.peg.1769.site.31, 76, 136, 212
411483.3.peg.1769.site.32, 20, 146, 166
411483.3.peg.1769.site.33, 4, 151, 155
411483.3.peg.1769.site.34, 0, 151, 151
411483.3.peg.1769.site.35, 32, 142, 174
411483.3.peg.1769.site.36, 0, 151, 151
411483.3.peg.1769.site.37, 0, 151, 151
411483.3.peg.1769.site.38, 6, 153, 159
411483.3.peg.1769.site.39, 2, 153, 155
411483.3.peg.13.site.1, 3, 149, 152
411483.3.peg.13.site.2, 0, 149, 149
411483.3.peg.13.site.3, 1, 151, 152
411483.3.peg.13.site.4, 2, 149, 151
411483.3.peg.13.site.5, 1, 149, 150
411483.3.peg.13.site.6, 2, 152, 154
411483.3.peg.13.site.7, 2, 141, 143
411483.3.peg.13.site.8, 2, 144, 146
411483.3.peg.13.site.9, 3, 139, 142
411483.3.peg.13.site.10, 4, 137, 141
411483.3.peg.13.site.11, 25, 132, 157
411483.3.peg.13.site.12, 1, 141, 142
411483.3.peg.13.site.13, 56, 126, 182
411483.3.peg.13.site.14, 3, 134, 137
411483.3.peg.13.site.15, 4, 136, 140
411483.3.peg.13.site.16, 3, 138, 141
411483.3.peg.13.site.17, 2, 131, 133
411483.3.peg.13.site.18, 2, 132, 134
411483.3.peg.13.site.19, 0, 144, 144
411483.3.peg.13.site.20, 2, 146, 148
411483.3.peg.13.site.21, 2, 150, 152
411483.3.peg.13.site.22, 2, 148, 150
411483.3.peg.13.site.23, 2, 148, 150
411483.3.peg.13.site.24, 0, 151, 151
411483.3.peg.13.site.25, 0, 151, 151
411483.3.peg.13.site.26, 1, 151, 152
411483.3.peg.13.site.27, 1, 151, 152
411483.3.peg.13.site.28, 26, 146, 172
411483.3.peg.13.site.29, 72, 134, 206
411483.3.peg.13.site.30, 6, 145, 151
411483.3.peg.13.site.31, 99, 139, 238
411483.3.peg.13.site.32, 0, 146, 146
411483.3.peg.13.site.33, 2, 148, 150
411483.3.peg.13.site.34, 13, 149, 162
411483.3.peg.13.site.35, 7, 149, 156
411483.3.peg.13.site.36, 14, 150, 164
411483.3.peg.13.site.37, 3, 152, 155
411483.3.peg.13.site.38, 1, 151, 152
411483.3.peg.13.site.39, 39, 144, 183
411483.3.peg.13.site.40, 2, 151, 153
411483.3.peg.13.site.41, 9, 150, 159
411483.3.peg.13.site.42, 3, 151, 154
411483.3.peg.13.site.43, 0, 152, 152
411483.3.peg.13.site.44, 110, 141, 251
411483.3.peg.13.site.45, 1, 149, 150
411483.3.peg.13.site.46, 1, 151, 152
411483.3.peg.13.site.47, 7, 154, 161
411483.3.peg.13.site.48, 3, 151, 154
411483.3.peg.13.site.49, 13, 146, 159
411483.3.peg.13.site.50, 1, 142, 143
411483.3.peg.13.site.51, 17, 133, 150
411483.3.peg.13.site.52, 9, 133, 142
411483.3.peg.13.site.53, 10, 129, 139
411483.3.peg.13.site.54, 7, 128, 135
411483.3.peg.13.site.55, 0, 142, 142
411483.3.peg.13.site.56, 1, 154, 155
411483.3.peg.13.site.57, 68, 138, 206
411483.3.peg.13.site.58, 6, 149, 155
411483.3.peg.13.site.59, 4, 150, 154
411483.3.peg.13.site.60, 7, 150, 157
411483.3.peg.13.site.61, 9, 151, 160
411483.3.peg.13.site.62, 0, 151, 151
411483.3.peg.13.site.63, 0, 154, 154
411483.3.peg.13.site.64, 1, 153, 154
411483.3.peg.13.site.65, 1, 154, 155
411483.3.peg.13.site.66, 0, 153, 153
411483.3.peg.13.site.67, 1, 147, 148
411483.3.peg.13.site.68, 3, 133, 136
411483.3.peg.14.site.1, 2, 117, 119
411483.3.peg.14.site.2, 1, 120, 121
411483.3.peg.14.site.3, 130, 148, 278
411483.3.peg.14.site.4, 5, 153, 158
411483.3.peg.14.site.5, 3, 152, 155
411483.3.peg.14.site.6, 1, 155, 156
411483.3.peg.14.site.7, 1, 154, 155
411483.3.peg.14.site.8, 2, 152, 154
411483.3.peg.14.site.9, 2, 154, 156
411483.3.peg.14.site.10, 2, 155, 157
411483.3.peg.14.site.11, 4, 154, 158
411483.3.peg.14.site.12, 1, 155, 156
411483.3.peg.14.site.13, 5, 152, 157
411483.3.peg.14.site.14, 5, 153, 158
411483.3.peg.14.site.15, 2, 154, 156
411483.3.peg.14.site.16, 1, 152, 153
411483.3.peg.14.site.17, 6, 148, 154
411483.3.peg.14.site.18, 1, 150, 151
411483.3.peg.14.site.19, 8, 152, 160
411483.3.peg.14.site.20, 4, 152, 156
411483.3.peg.14.site.21, 1, 153, 154
411483.3.peg.14.site.22, 9, 151, 160
411483.3.peg.14.site.23, 3, 153, 156
411483.3.peg.14.site.24, 2, 154, 156
411483.3.peg.14.site.25, 5, 153, 158
411483.3.peg.14.site.26, 2, 150, 152
411483.3.peg.14.site.27, 24, 145, 169
411483.3.peg.14.site.28, 2, 154, 156
411483.3.peg.14.site.29, 2, 154, 156
411483.3.peg.14.site.30, 151, 152, 303
411483.3.peg.14.site.31, 1, 155, 156
411483.3.peg.14.site.32, 0, 153, 153
411483.3.peg.14.site.33, 9, 155, 164
411483.3.peg.14.site.34, 0, 155, 155
411483.3.peg.14.site.35, 1, 151, 152
411483.3.peg.15.site.1, 3, 151, 154
411483.3.peg.15.site.2, 1, 151, 152
411483.3.peg.15.site.3, 0, 150, 150
411483.3.peg.15.site.4, 1, 146, 147
411483.3.peg.15.site.5, 2, 142, 144
411483.3.peg.15.site.6, 1, 145, 146
411483.3.peg.15.site.7, 13, 137, 150
411483.3.peg.15.site.8, 2, 150, 152
411483.3.peg.15.site.9, 118, 143, 261
411483.3.peg.15.site.10, 23, 145, 168
411483.3.peg.15.site.11, 15, 141, 156
411483.3.peg.15.site.12, 1, 152, 153
411483.3.peg.15.site.13, 5, 149, 154
411483.3.peg.15.site.14, 0, 149, 149
411483.3.peg.15.site.15, 11, 145, 156
411483.3.peg.15.site.16, 15, 142, 157
411483.3.peg.15.site.17, 2, 142, 144
411483.3.peg.15.site.18, 2, 135, 137
411483.3.peg.15.site.19, 1, 130, 131
411483.3.peg.15.site.20, 0, 131, 131
411483.3.peg.15.site.21, 3, 141, 144
411483.3.peg.15.site.22, 3, 140, 143
411483.3.peg.15.site.23, 9, 144, 153
411483.3.peg.15.site.24, 0, 144, 144
411483.3.peg.15.site.25, 2, 144, 146
411483.3.peg.15.site.26, 1, 147, 148
411483.3.peg.15.site.27, 7, 149, 156
411483.3.peg.15.site.28, 6, 144, 150
411483.3.peg.15.site.29, 3, 150, 153
411483.3.peg.15.site.30, 1, 151, 152
411483.3.peg.15.site.31, 21, 144, 165
411483.3.peg.15.site.32, 2, 145, 147
411483.3.peg.15.site.33, 9, 146, 155
411483.3.peg.15.site.34, 1, 149, 150
411483.3.peg.15.site.35, 1, 149, 150
411483.3.peg.15.site.36, 1, 149, 150
411483.3.peg.15.site.37, 0, 151, 151
411483.3.peg.15.site.38, 7, 145, 152
411483.3.peg.15.site.39, 3, 153, 156
411483.3.peg.15.site.40, 6, 154, 160
411483.3.peg.15.site.41, 2, 152, 154
411483.3.peg.15.site.42, 19, 149, 168
411483.3.peg.15.site.43, 2, 154, 156
411483.3.peg.15.site.44, 1, 154, 155
411483.3.peg.15.site.45, 0, 155, 155
411483.3.peg.15.site.46, 5, 155, 160
411483.3.peg.15.site.47, 17, 153, 170
411483.3.peg.15.site.48, 1, 154, 155
411483.3.peg.15.site.49, 55, 146, 201
411483.3.peg.15.site.50, 1, 155, 156
411483.3.peg.15.site.51, 13, 150, 163
411483.3.peg.15.site.52, 1, 155, 156
411483.3.peg.15.site.53, 3, 153, 156
411483.3.peg.15.site.54, 4, 155, 159
411483.3.peg.15.site.55, 0, 154, 154
411483.3.peg.15.site.56, 36, 147, 183
411483.3.peg.15.site.57, 0, 154, 154
411483.3.peg.15.site.58, 2, 155, 157
411483.3.peg.15.site.59, 1, 155, 156
411483.3.peg.15.site.60, 17, 150, 167
411483.3.peg.15.site.61, 0, 154, 154
411483.3.peg.15.site.62, 4, 153, 157
411483.3.peg.15.site.63, 0, 154, 154
411483.3.peg.15.site.64, 1, 154, 155
411483.3.peg.15.site.65, 6, 152, 158
411483.3.peg.15.site.66, 2, 153, 155
411483.3.peg.15.site.67, 22, 147, 169
411483.3.peg.15.site.68, 13, 152, 165
411483.3.peg.15.site.69, 3, 154, 157
411483.3.peg.15.site.70, 7, 154, 161
411483.3.peg.15.site.71, 0, 153, 153
411483.3.peg.15.site.72, 7, 154, 161
411483.3.peg.15.site.73, 0, 152, 152
411483.3.peg.15.site.74, 5, 154, 159
411483.3.peg.15.site.75, 14, 148, 162
411483.3.peg.15.site.76, 151, 154, 305
411483.3.peg.15.site.77, 129, 150, 279
411483.3.peg.15.site.78, 113, 148, 261
411483.3.peg.15.site.79, 1, 155, 156
411483.3.peg.15.site.80, 2, 155, 157
411483.3.peg.15.site.81, 2, 151, 153
411483.3.peg.15.site.82, 6, 152, 158
411483.3.peg.15.site.83, 0, 154, 154
411483.3.peg.15.site.84, 2, 154, 156
411483.3.peg.15.site.85, 151, 154, 305
411483.3.peg.15.site.86, 2, 155, 157
411483.3.peg.15.site.87, 2, 155, 157
411483.3.peg.15.site.88, 3, 155, 158
411483.3.peg.15.site.89, 0, 154, 154
411483.3.peg.15.site.90, 7, 154, 161
411483.3.peg.15.site.91, 3, 152, 155
411483.3.peg.15.site.92, 19, 149, 168
411483.3.peg.15.site.93, 0, 150, 150
411483.3.peg.15.site.94, 2, 149, 151
411483.3.peg.15.site.95, 7, 149, 156
411483.3.peg.15.site.96, 0, 143, 143
411483.3.peg.15.site.97, 0, 138, 138
411483.3.peg.15.site.98, 2, 137, 139
411483.3.peg.16.site.1, 2, 147, 149
411483.3.peg.16.site.2, 3, 146, 149
411483.3.peg.16.site.3, 3, 150, 153
411483.3.peg.16.site.4, 1, 149, 150
411483.3.peg.16.site.5, 6, 141, 147
411483.3.peg.16.site.6, 9, 141, 150
411483.3.peg.16.site.7, 8, 141, 149
411483.3.peg.16.site.8, 2, 149, 151
411483.3.peg.16.site.9, 10, 151, 161
411483.3.peg.16.site.10, 147, 153, 300
411483.3.peg.16.site.11, 2, 152, 154
411483.3.peg.16.site.12, 26, 142, 168
411483.3.peg.16.site.13, 13, 148, 161
411483.3.peg.16.site.14, 4, 152, 156
411483.3.peg.16.site.15, 1, 151, 152
411483.3.peg.16.site.16, 4, 148, 152
411483.3.peg.16.site.17, 18, 151, 169
411483.3.peg.16.site.18, 4, 151, 155
411483.3.peg.16.site.19, 3, 151, 154
411483.3.peg.16.site.20, 5, 148, 153
411483.3.peg.16.site.21, 0, 147, 147
411483.3.peg.16.site.22, 2, 145, 147
411483.3.peg.16.site.23, 9, 147, 156
411483.3.peg.16.site.24, 0, 148, 148
411483.3.peg.16.site.25, 2, 150, 152
411483.3.peg.16.site.26, 3, 154, 157
411483.3.peg.16.site.27, 5, 153, 158
411483.3.peg.16.site.28, 4, 151, 155
411483.3.peg.16.site.29, 7, 144, 151
411483.3.peg.16.site.30, 7, 149, 156
411483.3.peg.16.site.31, 2, 152, 154
411483.3.peg.16.site.32, 1, 154, 155
411483.3.peg.16.site.33, 6, 151, 157
411483.3.peg.16.site.34, 5, 155, 160
411483.3.peg.16.site.35, 73, 135, 208
411483.3.peg.16.site.36, 12, 147, 159
411483.3.peg.16.site.37, 4, 151, 155
411483.3.peg.16.site.38, 4, 151, 155
411483.3.peg.16.site.39, 1, 152, 153
411483.3.peg.16.site.40, 116, 140, 256
411483.3.peg.16.site.41, 5, 147, 152
411483.3.peg.16.site.42, 2, 146, 148
411483.3.peg.16.site.43, 3, 150, 153
411483.3.peg.16.site.44, 39, 144, 183
411483.3.peg.16.site.45, 1, 152, 153
411483.3.peg.16.site.46, 1, 153, 154
411483.3.peg.16.site.47, 1, 151, 152
411483.3.peg.16.site.48, 1, 141, 142
411483.3.peg.16.site.49, 1, 138, 139
411483.3.peg.16.site.50, 0, 142, 142
411483.3.peg.16.site.51, 4, 147, 151
411483.3.peg.16.site.52, 65, 132, 197
411483.3.peg.16.site.53, 2, 145, 147
411483.3.peg.16.site.54, 3, 143, 146
411483.3.peg.16.site.55, 5, 139, 144
411483.3.peg.16.site.56, 14, 125, 139
411483.3.peg.16.site.57, 3, 129, 132
411483.3.peg.16.site.58, 10, 118, 128
411483.3.peg.16.site.59, 3, 111, 114
411483.3.peg.16.site.60, 9, 126, 135
411483.3.peg.16.site.61, 1, 123, 124
411483.3.peg.16.site.62, 0, 102, 102
411483.3.peg.16.site.63, 14, 98, 112
411483.3.peg.16.site.64, 3, 109, 112
411483.3.peg.16.site.65, 3, 118, 121
411483.3.peg.16.site.66, 7, 141, 148
411483.3.peg.16.site.67, 85, 134, 219
411483.3.peg.16.site.68, 2, 147, 149
411483.3.peg.16.site.69, 2, 144, 146
411483.3.peg.16.site.70, 2, 147, 149
411483.3.peg.16.site.71, 19, 135, 154
411483.3.peg.16.site.72, 10, 144, 154
411483.3.peg.16.site.73, 1, 143, 144
411483.3.peg.16.site.74, 10, 139, 149
411483.3.peg.16.site.75, 4, 137, 141
411483.3.peg.16.site.76, 15, 133, 148
411483.3.peg.16.site.77, 17, 136, 153
411483.3.peg.16.site.78, 1, 136, 137
411483.3.peg.16.site.79, 7, 134, 141
411483.3.peg.16.site.80, 2, 135, 137
411483.3.peg.16.site.81, 0, 135, 135
411483.3.peg.16.site.82, 11, 133, 144
411483.3.peg.16.site.83, 1, 139, 140
411483.3.peg.16.site.84, 1, 140, 141
411483.3.peg.16.site.85, 4, 142, 146
411483.3.peg.16.site.86, 1, 136, 137
411483.3.peg.16.site.87, 1, 151, 152
411483.3.peg.16.site.88, 1, 143, 144
411483.3.peg.16.site.89, 2, 145, 147
411483.3.peg.16.site.90, 0, 136, 136
411483.3.peg.16.site.91, 47, 120, 167
411483.3.peg.16.site.92, 121, 127, 248
411483.3.peg.16.site.93, 0, 129, 129
411483.3.peg.16.site.94, 1, 130, 131
411483.3.peg.16.site.95, 7, 131, 138
411483.3.peg.16.site.96, 6, 125, 131
411483.3.peg.16.site.97, 13, 111, 124
411483.3.peg.16.site.98, 144, 145, 289
411483.3.peg.17.site.1, 14, 147, 161
411483.3.peg.17.site.2, 6, 140, 146
411483.3.peg.17.site.3, 1, 145, 146
411483.3.peg.17.site.4, 1, 151, 152
411483.3.peg.17.site.5, 3, 145, 148
411483.3.peg.17.site.6, 0, 148, 148
411483.3.peg.17.site.7, 141, 146, 287
411483.3.peg.17.site.8, 3, 148, 151
411483.3.peg.17.site.9, 5, 140, 145
411483.3.peg.17.site.10, 0, 136, 136
411483.3.peg.17.site.11, 2, 126, 128
411483.3.peg.17.site.12, 1, 92, 93
411483.3.peg.17.site.13, 4, 102, 106
411483.3.peg.17.site.14, 0, 115, 115
411483.3.peg.17.site.15, 0, 125, 125
411483.3.peg.17.site.16, 30, 118, 148
411483.3.peg.17.site.17, 1, 123, 124
411483.3.peg.17.site.18, 2, 125, 127
411483.3.peg.17.site.19, 0, 120, 120
411483.3.peg.17.site.20, 4, 124, 128
411483.3.peg.17.site.21, 0, 124, 124
411483.3.peg.17.site.22, 36, 109, 145
411483.3.peg.17.site.23, 112, 120, 232
411483.3.peg.17.site.24, 4, 143, 147
411483.3.peg.17.site.25, 11, 151, 162
411483.3.peg.17.site.26, 141, 150, 291
411483.3.peg.17.site.27, 11, 151, 162
411483.3.peg.17.site.28, 1, 154, 155
411483.3.peg.17.site.29, 15, 148, 163
411483.3.peg.17.site.30, 20, 141, 161
411483.3.peg.17.site.31, 10, 135, 145
411483.3.peg.17.site.32, 79, 128, 207
411483.3.peg.17.site.33, 4, 135, 139
411483.3.peg.17.site.34, 3, 134, 137
411483.3.peg.17.site.35, 44, 120, 164
411483.3.peg.17.site.36, 2, 123, 125
411483.3.peg.17.site.37, 1, 116, 117
411483.3.peg.17.site.38, 1, 111, 112
411483.3.peg.17.site.39, 1, 123, 124
411483.3.peg.17.site.40, 9, 119, 128
411483.3.peg.17.site.41, 9, 129, 138
411483.3.peg.17.site.42, 4, 139, 143
411483.3.peg.17.site.43, 4, 138, 142
411483.3.peg.17.site.44, 0, 141, 141
411483.3.peg.17.site.45, 5, 130, 135
411483.3.peg.17.site.46, 7, 127, 134
411483.3.peg.17.site.47, 2, 137, 139
411483.3.peg.17.site.48, 2, 136, 138
411483.3.peg.17.site.49, 2, 140, 142
411483.3.peg.17.site.50, 70, 132, 202
411483.3.peg.17.site.51, 127, 138, 265
411483.3.peg.17.site.52, 1, 141, 142
411483.3.peg.17.site.53, 3, 148, 151
411483.3.peg.17.site.54, 4, 154, 158
411483.3.peg.17.site.55, 22, 143, 165
411483.3.peg.17.site.56, 7, 149, 156
411483.3.peg.17.site.57, 1, 150, 151
411483.3.peg.17.site.58, 2, 145, 147
411483.3.peg.17.site.59, 1, 146, 147
411483.3.peg.17.site.60, 3, 141, 144
411483.3.peg.17.site.61, 9, 141, 150
411483.3.peg.17.site.62, 16, 141, 157
411483.3.peg.17.site.63, 0, 138, 138
411483.3.peg.17.site.64, 6, 135, 141
411483.3.peg.17.site.65, 6, 135, 141
411483.3.peg.17.site.66, 27, 129, 156
411483.3.peg.17.site.67, 24, 136, 160
411483.3.peg.17.site.68, 7, 135, 142
411483.3.peg.17.site.69, 0, 138, 138
411483.3.peg.17.site.70, 15, 139, 154
411483.3.peg.17.site.71, 15, 139, 154
411483.3.peg.17.site.72, 1, 138, 139
411483.3.peg.17.site.73, 0, 137, 137
411483.3.peg.17.site.74, 0, 136, 136
411483.3.peg.398.site.1, 36, 151, 187
411483.3.peg.398.site.2, 16, 152, 168
411483.3.peg.398.site.3, 8, 153, 161
411483.3.peg.398.site.4, 1, 155, 156
411483.3.peg.398.site.5, 1, 155, 156
411483.3.peg.398.site.6, 48, 146, 194
411483.3.peg.398.site.7, 1, 155, 156
411483.3.peg.398.site.8, 2, 155, 157
411483.3.peg.398.site.9, 7, 155, 162
411483.3.peg.398.site.10, 2, 152, 154
411483.3.peg.398.site.11, 26, 145, 171
411483.3.peg.398.site.12, 1, 151, 152
411483.3.peg.398.site.13, 2, 149, 151
411483.3.peg.398.site.14, 1, 147, 148
411483.3.peg.398.site.15, 1, 147, 148
411483.3.peg.398.site.16, 97, 137, 234
411483.3.peg.398.site.17, 97, 137, 234
411483.3.peg.398.site.18, 30, 135, 165
411483.3.peg.398.site.19, 15, 148, 163
411483.3.peg.398.site.20, 1, 152, 153
411483.3.peg.398.site.21, 10, 147, 157
411483.3.peg.398.site.22, 2, 153, 155
411483.3.peg.398.site.23, 4, 153, 157
411483.3.peg.398.site.24, 5, 150, 155
411483.3.peg.398.site.25, 2, 149, 151
411483.3.peg.398.site.26, 4, 150, 154
411483.3.peg.398.site.27, 5, 146, 151
411483.3.peg.398.site.28, 8, 146, 154
411483.3.peg.398.site.29, 1, 144, 145
411483.3.peg.398.site.30, 57, 130, 187
411483.3.peg.398.site.31, 64, 140, 204
411483.3.peg.398.site.32, 6, 146, 152
411483.3.peg.398.site.33, 5, 150, 155
411483.3.peg.398.site.34, 11, 151, 162
411483.3.peg.398.site.35, 13, 152, 165
411483.3.peg.398.site.36, 4, 152, 156
411483.3.peg.398.site.37, 2, 147, 149
411483.3.peg.398.site.38, 2, 149, 151
411483.3.peg.398.site.39, 1, 147, 148
411483.3.peg.398.site.40, 7, 142, 149
411483.3.peg.398.site.41, 37, 140, 177
411483.3.peg.398.site.42, 3, 149, 152
411483.3.peg.398.site.43, 1, 151, 152
411483.3.peg.398.site.44, 2, 153, 155
411483.3.peg.398.site.45, 147, 150, 297
411483.3.peg.398.site.46, 5, 151, 156
411483.3.peg.398.site.47, 5, 148, 153
411483.3.peg.398.site.48, 0, 152, 152
411483.3.peg.398.site.49, 2, 136, 138
411483.3.peg.398.site.50, 0, 141, 141
411483.3.peg.398.site.51, 18, 133, 151
411483.3.peg.398.site.52, 1, 115, 116
411483.3.peg.398.site.53, 117, 129, 246
411483.3.peg.398.site.54, 0, 143, 143
411483.3.peg.398.site.55, 2, 146, 148
411483.3.peg.398.site.56, 57, 121, 178
411483.3.peg.398.site.57, 0, 147, 147
411483.3.peg.398.site.58, 0, 151, 151
411483.3.peg.398.site.59, 0, 152, 152
411483.3.peg.398.site.60, 0, 144, 144
411483.3.peg.398.site.61, 2, 140, 142
411483.3.peg.398.site.62, 2, 147, 149
411483.3.peg.398.site.63, 1, 151, 152
411483.3.peg.398.site.64, 0, 150, 150
411483.3.peg.398.site.65, 6, 145, 151
411483.3.peg.398.site.66, 2, 141, 143
411483.3.peg.398.site.67, 0, 144, 144
411483.3.peg.398.site.68, 1, 150, 151
411483.3.peg.398.site.69, 6, 149, 155
411483.3.peg.398.site.70, 15, 146, 161
411483.3.peg.398.site.71, 2, 144, 146
411483.3.peg.398.site.72, 2, 114, 116
411483.3.peg.398.site.73, 24, 50, 74
411483.3.peg.398.site.74, 3, 31, 34
411483.3.peg.398.site.75, 4, 16, 20
411483.3.peg.399.site.1, 20, 32, 52
411483.3.peg.399.site.2, 5, 75, 80
411483.3.peg.399.site.3, 1, 86, 87
411483.3.peg.399.site.4, 8, 94, 102
411483.3.peg.399.site.5, 3, 136, 139
411483.3.peg.399.site.6, 2, 143, 145
411483.3.peg.399.site.7, 0, 141, 141
411483.3.peg.399.site.8, 2, 135, 137
411483.3.peg.399.site.9, 0, 141, 141
411483.3.peg.399.site.10, 2, 137, 139
411483.3.peg.399.site.11, 3, 127, 130
411483.3.peg.399.site.12, 1, 145, 146
411483.3.peg.399.site.13, 0, 141, 141
411483.3.peg.399.site.14, 1, 143, 144
411483.3.peg.399.site.15, 1, 136, 137
411483.3.peg.399.site.16, 4, 138, 142
411483.3.peg.399.site.17, 18, 131, 149
411483.3.peg.399.site.18, 126, 134, 260
411483.3.peg.399.site.19, 3, 131, 134
411483.3.peg.399.site.20, 0, 134, 134
411483.3.peg.399.site.21, 0, 133, 133
411483.3.peg.399.site.22, 3, 130, 133
411483.3.peg.399.site.23, 1, 132, 133
411483.3.peg.399.site.24, 12, 123, 135
411483.3.peg.399.site.25, 1, 134, 135
411483.3.peg.399.site.26, 10, 142, 152
411483.3.peg.399.site.27, 1, 135, 136
411483.3.peg.399.site.28, 14, 132, 146
411483.3.peg.399.site.29, 0, 134, 134
411483.3.peg.399.site.30, 1, 127, 128
411483.3.peg.399.site.31, 0, 135, 135
411483.3.peg.399.site.32, 7, 131, 138
411483.3.peg.399.site.33, 2, 131, 133
411483.3.peg.399.site.34, 1, 127, 128
411483.3.peg.399.site.35, 2, 133, 135
411483.3.peg.399.site.36, 10, 120, 130
411483.3.peg.399.site.37, 2, 111, 113
411483.3.peg.399.site.38, 0, 117, 117
411483.3.peg.399.site.39, 7, 114, 121
411483.3.peg.399.site.40, 1, 128, 129
411483.3.peg.399.site.41, 0, 118, 118
411483.3.peg.399.site.42, 1, 122, 123
411483.3.peg.399.site.43, 1, 126, 127
411483.3.peg.399.site.44, 8, 115, 123
411483.3.peg.399.site.45, 0, 125, 125
411483.3.peg.399.site.46, 5, 119, 124
411483.3.peg.399.site.47, 13, 117, 130
411483.3.peg.399.site.48, 3, 116, 119
411483.3.peg.399.site.49, 3, 111, 114
411483.3.peg.399.site.50, 1, 113, 114
411483.3.peg.399.site.51, 0, 106, 106
411483.3.peg.399.site.52, 3, 114, 117
411483.3.peg.399.site.53, 2, 103, 105
411483.3.peg.399.site.54, 0, 99, 99
411483.3.peg.399.site.55, 8, 93, 101
411483.3.peg.399.site.56, 1, 84, 85
411483.3.peg.399.site.57, 68, 74, 142
411483.3.peg.399.site.58, 4, 85, 89
411483.3.peg.399.site.59, 1, 74, 75
411483.3.peg.399.site.60, 7, 77, 84
411483.3.peg.399.site.61, 4, 73, 77
411483.3.peg.648.site.1, 4, 153, 157
411483.3.peg.648.site.2, 6, 154, 160
411483.3.peg.648.site.3, 8, 154, 162
411483.3.peg.648.site.4, 4, 153, 157
411483.3.peg.648.site.5, 6, 154, 160
411483.3.peg.648.site.6, 2, 154, 156
411483.3.peg.648.site.7, 32, 151, 183
411483.3.peg.648.site.8, 118, 148, 266
411483.3.peg.648.site.9, 1, 154, 155
411483.3.peg.648.site.10, 25, 150, 175
411483.3.peg.648.site.11, 1, 155, 156
411483.3.peg.648.site.12, 3, 150, 153
411483.3.peg.648.site.13, 10, 152, 162
411483.3.peg.648.site.14, 3, 154, 157
411483.3.peg.648.site.15, 3, 153, 156
411483.3.peg.648.site.16, 5, 152, 157
411483.3.peg.648.site.17, 6, 153, 159
411483.3.peg.648.site.18, 151, 151, 302
411483.3.peg.648.site.19, 1, 153, 154
411483.3.peg.648.site.20, 0, 152, 152
411483.3.peg.648.site.21, 9, 151, 160
411483.3.peg.648.site.22, 2, 154, 156
411483.3.peg.648.site.23, 8, 155, 163
411483.3.peg.648.site.24, 2, 154, 156
411483.3.peg.648.site.25, 59, 145, 204
411483.3.peg.648.site.26, 1, 155, 156
411483.3.peg.648.site.27, 3, 150, 153
411483.3.peg.648.site.28, 1, 153, 154
411483.3.peg.648.site.29, 6, 151, 157
411483.3.peg.648.site.30, 4, 154, 158
411483.3.peg.648.site.31, 4, 154, 158
411483.3.peg.648.site.32, 6, 153, 159
411483.3.peg.648.site.33, 9, 154, 163
411483.3.peg.648.site.34, 1, 153, 154
411483.3.peg.648.site.35, 3, 153, 156
411483.3.peg.648.site.36, 9, 145, 154
411483.3.peg.648.site.37, 2, 149, 151
411483.3.peg.648.site.38, 1, 141, 142
411483.3.peg.648.site.39, 4, 137, 141
411483.3.peg.648.site.40, 3, 140, 143
411483.3.peg.648.site.41, 10, 145, 155
411483.3.peg.648.site.42, 112, 133, 245
411483.3.peg.648.site.43, 1, 146, 147
411483.3.peg.648.site.44, 1, 143, 144
411483.3.peg.648.site.45, 85, 134, 219
411483.3.peg.648.site.46, 24, 140, 164
411483.3.peg.648.site.47, 2, 145, 147
411483.3.peg.648.site.48, 14, 139, 153
411483.3.peg.648.site.49, 0, 140, 140
411483.3.peg.648.site.50, 3, 140, 143
411483.3.peg.648.site.51, 21, 139, 160
411483.3.peg.648.site.52, 145, 145, 290
411483.3.peg.648.site.53, 2, 145, 147
411483.3.peg.648.site.54, 1, 145, 146
411483.3.peg.648.site.55, 4, 147, 151
411483.3.peg.648.site.56, 2, 152, 154
411483.3.peg.648.site.57, 4, 148, 152
411483.3.peg.648.site.58, 5, 151, 156
411483.3.peg.648.site.59, 5, 148, 153
411483.3.peg.648.site.60, 5, 142, 147
411483.3.peg.648.site.61, 8, 142, 150
411483.3.peg.648.site.62, 2, 148, 150
411483.3.peg.648.site.63, 144, 146, 290
411483.3.peg.648.site.64, 3, 145, 148
411483.3.peg.648.site.65, 14, 143, 157
411483.3.peg.648.site.66, 1, 152, 153
411483.3.peg.648.site.67, 1, 153, 154
411483.3.peg.648.site.68, 144, 151, 295
411483.3.peg.648.site.69, 4, 154, 158
411483.3.peg.648.site.70, 1, 155, 156
411483.3.peg.648.site.71, 0, 155, 155
411483.3.peg.648.site.72, 9, 152, 161
411483.3.peg.648.site.73, 3, 154, 157
411483.3.peg.648.site.74, 124, 152, 276
411483.3.peg.648.site.75, 2, 143, 145
411483.3.peg.648.site.76, 1, 154, 155
411483.3.peg.648.site.77, 4, 154, 158
411483.3.peg.648.site.78, 18, 137, 155
411483.3.peg.648.site.79, 119, 149, 268
411483.3.peg.648.site.80, 11, 149, 160
411483.3.peg.648.site.81, 0, 155, 155
411483.3.peg.648.site.82, 2, 152, 154
411483.3.peg.648.site.83, 1, 142, 143
411483.3.peg.648.site.84, 3, 142, 145
411483.3.peg.648.site.85, 3, 141, 144
411483.3.peg.648.site.86, 132, 137, 269
411483.3.peg.648.site.87, 2, 140, 142
411483.3.peg.648.site.88, 2, 135, 137
411483.3.peg.648.site.89, 1, 136, 137
411483.3.peg.648.site.90, 1, 137, 138
411483.3.peg.648.site.91, 1, 137, 138
411483.3.peg.648.site.92, 1, 130, 131
411483.3.peg.648.site.93, 2, 127, 129
411483.3.peg.648.site.94, 4, 134, 138
411483.3.peg.648.site.95, 28, 111, 139
411483.3.peg.648.site.96, 3, 126, 129
411483.3.peg.648.site.97, 48, 119, 167
411483.3.peg.648.site.98, 3, 137, 140
411483.3.peg.648.site.99, 84, 135, 219
411483.3.peg.648.site.100, 96, 124, 220
411483.3.peg.648.site.101, 2, 140, 142
411483.3.peg.648.site.102, 3, 149, 152
411483.3.peg.648.site.103, 3, 141, 144
411483.3.peg.648.site.104, 2, 145, 147
411483.3.peg.648.site.105, 16, 143, 159
411483.3.peg.648.site.106, 3, 149, 152
411483.3.peg.648.site.107, 110, 137, 247
411483.3.peg.648.site.108, 2, 142, 144
411483.3.peg.648.site.109, 2, 149, 151
411483.3.peg.648.site.110, 2, 139, 141
411483.3.peg.648.site.111, 4, 137, 141
411483.3.peg.648.site.112, 9, 137, 146
411483.3.peg.648.site.113, 2, 138, 140
411483.3.peg.648.site.114, 16, 140, 156
411483.3.peg.648.site.115, 135, 142, 277
411483.3.peg.648.site.116, 14, 142, 156
411483.3.peg.648.site.117, 1, 143, 144
411483.3.peg.648.site.118, 16, 138, 154
411483.3.peg.648.site.119, 3, 145, 148
411483.3.peg.648.site.120, 1, 138, 139
411483.3.peg.648.site.121, 6, 134, 140
411483.3.peg.648.site.122, 0, 147, 147
411483.3.peg.648.site.123, 5, 150, 155
411483.3.peg.648.site.124, 5, 148, 153
411483.3.peg.648.site.125, 3, 152, 155
411483.3.peg.648.site.126, 47, 140, 187
411483.3.peg.648.site.127, 5, 152, 157
411483.3.peg.648.site.128, 11, 151, 162
411483.3.peg.648.site.129, 8, 149, 157
411483.3.peg.648.site.130, 0, 152, 152
411483.3.peg.648.site.131, 13, 153, 166
411483.3.peg.648.site.132, 7, 153, 160
411483.3.peg.648.site.133, 3, 152, 155
411483.3.peg.648.site.134, 1, 152, 153
411483.3.peg.648.site.135, 4, 153, 157
411483.3.peg.648.site.136, 2, 148, 150
411483.3.peg.648.site.137, 6, 143, 149
411483.3.peg.648.site.138, 28, 150, 178
411483.3.peg.648.site.139, 0, 153, 153
411483.3.peg.648.site.140, 13, 142, 155
411483.3.peg.648.site.141, 1, 152, 153
411483.3.peg.648.site.142, 23, 150, 173
411483.3.peg.648.site.143, 1, 152, 153
411483.3.peg.648.site.144, 6, 150, 156
411483.3.peg.648.site.145, 0, 149, 149
411483.3.peg.648.site.146, 96, 134, 230
411483.3.peg.648.site.147, 1, 142, 143
411483.3.peg.648.site.148, 2, 143, 145
411483.3.peg.648.site.149, 5, 144, 149
411483.3.peg.648.site.150, 3, 144, 147
411483.3.peg.648.site.151, 0, 142, 142
411483.3.peg.648.site.152, 2, 139, 141
411483.3.peg.648.site.153, 0, 142, 142
411483.3.peg.648.site.154, 0, 142, 142
411483.3.peg.648.site.155, 4, 150, 154
411483.3.peg.648.site.156, 1, 145, 146
411483.3.peg.648.site.157, 2, 146, 148
411483.3.peg.648.site.158, 1, 141, 142
411483.3.peg.648.site.159, 2, 145, 147
411483.3.peg.648.site.160, 11, 136, 147
411483.3.peg.648.site.161, 12, 144, 156
411483.3.peg.648.site.162, 2, 147, 149
411483.3.peg.648.site.163, 2, 144, 146
411483.3.peg.648.site.164, 0, 153, 153
411483.3.peg.648.site.165, 10, 141, 151
411483.3.peg.648.site.166, 5, 143, 148
411483.3.peg.648.site.167, 4, 136, 140
411483.3.peg.648.site.168, 1, 143, 144
411483.3.peg.648.site.169, 2, 141, 143
411483.3.peg.648.site.170, 78, 138, 216
411483.3.peg.648.site.171, 12, 136, 148
411483.3.peg.648.site.172, 0, 150, 150
411483.3.peg.648.site.173, 1, 152, 153
411483.3.peg.648.site.174, 3, 150, 153
411483.3.peg.648.site.175, 0, 152, 152
411483.3.peg.648.site.176, 7, 149, 156
411483.3.peg.648.site.177, 3, 152, 155
411483.3.peg.648.site.178, 9, 150, 159
411483.3.peg.648.site.179, 6, 149, 155
411483.3.peg.648.site.180, 1, 149, 150
411483.3.peg.648.site.181, 0, 149, 149
411483.3.peg.648.site.182, 1, 154, 155
411483.3.peg.648.site.183, 2, 150, 152
411483.3.peg.648.site.184, 9, 152, 161
411483.3.peg.648.site.185, 0, 154, 154
411483.3.peg.648.site.186, 1, 155, 156
411483.3.peg.649.site.1, 37, 134, 171
411483.3.peg.649.site.2, 2, 141, 143
411483.3.peg.649.site.3, 5, 144, 149
411483.3.peg.649.site.4, 7, 140, 147
411483.3.peg.649.site.5, 2, 153, 155
411483.3.peg.649.site.6, 1, 155, 156
411483.3.peg.649.site.7, 1, 153, 154
411483.3.peg.649.site.8, 2, 154, 156
411483.3.peg.649.site.9, 1, 152, 153
411483.3.peg.649.site.10, 0, 152, 152
411483.3.peg.649.site.11, 0, 153, 153
411483.3.peg.649.site.12, 123, 146, 269
411483.3.peg.649.site.13, 3, 152, 155
411483.3.peg.649.site.14, 3, 145, 148
411483.3.peg.649.site.15, 9, 146, 155
411483.3.peg.649.site.16, 3, 153, 156
411483.3.peg.649.site.17, 10, 154, 164
411483.3.peg.649.site.18, 124, 151, 275
411483.3.peg.649.site.19, 11, 148, 159
411483.3.peg.649.site.20, 11, 149, 160
411483.3.peg.649.site.21, 13, 149, 162
411483.3.peg.649.site.22, 104, 146, 250
411483.3.peg.649.site.23, 3, 151, 154
411483.3.peg.649.site.24, 4, 148, 152
411483.3.peg.649.site.25, 0, 151, 151
411483.3.peg.649.site.26, 0, 149, 149
411483.3.peg.649.site.27, 6, 153, 159
411483.3.peg.649.site.28, 11, 151, 162
411483.3.peg.649.site.29, 19, 142, 161
411483.3.peg.649.site.30, 0, 149, 149
411483.3.peg.649.site.31, 0, 150, 150
411483.3.peg.649.site.32, 2, 151, 153
411483.3.peg.649.site.33, 1, 152, 153
411483.3.peg.649.site.34, 1, 152, 153
411483.3.peg.649.site.35, 3, 150, 153
411483.3.peg.649.site.36, 5, 153, 158
411483.3.peg.649.site.37, 3, 151, 154
411483.3.peg.649.site.38, 24, 145, 169
411483.3.peg.649.site.39, 34, 146, 180
411483.3.peg.649.site.40, 118, 145, 263
411483.3.peg.649.site.41, 2, 154, 156
411483.3.peg.649.site.42, 6, 149, 155
411483.3.peg.649.site.43, 0, 154, 154
411483.3.peg.649.site.44, 0, 155, 155
411483.3.peg.649.site.45, 140, 150, 290
411483.3.peg.649.site.46, 0, 152, 152
411483.3.peg.649.site.47, 5, 149, 154
411483.3.peg.649.site.48, 4, 154, 158
411483.3.peg.649.site.49, 71, 141, 212
411483.3.peg.649.site.50, 2, 152, 154
411483.3.peg.649.site.51, 71, 140, 211
411483.3.peg.649.site.52, 119, 140, 259
411483.3.peg.649.site.53, 1, 150, 151
411483.3.peg.649.site.54, 25, 145, 170
411483.3.peg.649.site.55, 5, 149, 154
411483.3.peg.649.site.56, 4, 150, 154
411483.3.peg.649.site.57, 63, 142, 205
411483.3.peg.649.site.58, 1, 153, 154
411483.3.peg.649.site.59, 4, 152, 156
411483.3.peg.649.site.60, 1, 153, 154
411483.3.peg.649.site.61, 57, 140, 197
411483.3.peg.649.site.62, 2, 155, 157
411483.3.peg.649.site.63, 1, 155, 156
411483.3.peg.649.site.64, 2, 155, 157
411483.3.peg.649.site.65, 9, 153, 162
411483.3.peg.649.site.66, 20, 154, 174
411483.3.peg.649.site.67, 59, 142, 201
411483.3.peg.649.site.68, 147, 151, 298
411483.3.peg.649.site.69, 4, 152, 156
411483.3.peg.649.site.70, 2, 141, 143
411483.3.peg.649.site.71, 5, 142, 147
411483.3.peg.649.site.72, 6, 149, 155
411483.3.peg.649.site.73, 0, 149, 149
411483.3.peg.649.site.74, 79, 131, 210
411483.3.peg.649.site.75, 1, 151, 152
411483.3.peg.649.site.76, 1, 151, 152
411483.3.peg.649.site.77, 2, 154, 156
411483.3.peg.649.site.78, 0, 152, 152
411483.3.peg.649.site.79, 20, 146, 166
411483.3.peg.649.site.80, 2, 150, 152
411483.3.peg.649.site.81, 3, 152, 155
411483.3.peg.649.site.82, 1, 148, 149
411483.3.peg.649.site.83, 4, 151, 155
411483.3.peg.649.site.84, 57, 139, 196
411483.3.peg.649.site.85, 1, 151, 152
411483.3.peg.649.site.86, 0, 150, 150
411483.3.peg.649.site.87, 3, 150, 153
411483.3.peg.649.site.88, 17, 147, 164
411483.3.peg.649.site.89, 1, 151, 152
411483.3.peg.649.site.90, 15, 152, 167
411483.3.peg.649.site.91, 2, 155, 157
411483.3.peg.649.site.92, 1, 153, 154
411483.3.peg.649.site.93, 1, 151, 152
411483.3.peg.649.site.94, 2, 155, 157
411483.3.peg.649.site.95, 8, 153, 161
411483.3.peg.394.site.1, 0, 153, 153
411483.3.peg.394.site.2, 7, 147, 154
411483.3.peg.394.site.3, 51, 138, 189
411483.3.peg.394.site.4, 1, 149, 150
411483.3.peg.394.site.5, 0, 148, 148
411483.3.peg.394.site.6, 1, 151, 152
411483.3.peg.394.site.7, 6, 145, 151
411483.3.peg.394.site.8, 3, 151, 154
411483.3.peg.394.site.9, 42, 137, 179
411483.3.peg.394.site.10, 1, 149, 150
411483.3.peg.394.site.11, 40, 147, 187
411483.3.peg.394.site.12, 3, 153, 156
411483.3.peg.394.site.13, 0, 151, 151
411483.3.peg.394.site.14, 6, 151, 157
411483.3.peg.394.site.15, 0, 147, 147
411483.3.peg.394.site.16, 98, 136, 234
411483.3.peg.394.site.17, 41, 122, 163
411483.3.peg.394.site.18, 18, 140, 158
411483.3.peg.394.site.19, 0, 139, 139
411483.3.peg.394.site.20, 2, 144, 146
411483.3.peg.394.site.21, 2, 139, 141
411483.3.peg.394.site.22, 1, 140, 141
411483.3.peg.394.site.23, 1, 141, 142
411483.3.peg.394.site.24, 7, 137, 144
411483.3.peg.394.site.25, 1, 146, 147
411483.3.peg.394.site.26, 17, 135, 152
411483.3.peg.394.site.27, 41, 137, 178
411483.3.peg.394.site.28, 0, 149, 149
411483.3.peg.394.site.29, 5, 151, 156
411483.3.peg.394.site.30, 1, 155, 156
411483.3.peg.394.site.31, 19, 148, 167
411483.3.peg.394.site.32, 11, 145, 156
411483.3.peg.394.site.33, 3, 152, 155
411483.3.peg.394.site.34, 49, 145, 194
411483.3.peg.394.site.35, 2, 150, 152
411483.3.peg.394.site.36, 0, 142, 142
411483.3.peg.394.site.37, 1, 150, 151
411483.3.peg.394.site.38, 93, 140, 233
411483.3.peg.394.site.39, 3, 151, 154
411483.3.peg.394.site.40, 2, 148, 150
411483.3.peg.394.site.41, 0, 151, 151
411483.3.peg.394.site.42, 1, 151, 152
411483.3.peg.394.site.43, 1, 154, 155
411483.3.peg.394.site.44, 2, 153, 155
411483.3.peg.394.site.45, 14, 149, 163
411483.3.peg.394.site.46, 1, 154, 155
411483.3.peg.394.site.47, 2, 151, 153
411483.3.peg.394.site.48, 4, 154, 158
411483.3.peg.394.site.49, 1, 154, 155
411483.3.peg.394.site.50, 1, 153, 154
411483.3.peg.395.site.1, 0, 152, 152
411483.3.peg.395.site.2, 2, 152, 154
411483.3.peg.395.site.3, 1, 153, 154
411483.3.peg.395.site.4, 20, 149, 169
411483.3.peg.395.site.5, 2, 154, 156
411483.3.peg.395.site.6, 4, 149, 153
411483.3.peg.395.site.7, 2, 149, 151
411483.3.peg.395.site.8, 1, 144, 145
411483.3.peg.395.site.9, 1, 149, 150
411483.3.peg.395.site.10, 18, 134, 152
411483.3.peg.395.site.11, 2, 130, 132
411483.3.peg.395.site.12, 4, 121, 125
411483.3.peg.395.site.13, 5, 116, 121
411483.3.peg.395.site.14, 2, 119, 121
411483.3.peg.395.site.15, 5, 129, 134
411483.3.peg.395.site.16, 2, 133, 135
411483.3.peg.395.site.17, 9, 131, 140
411483.3.peg.395.site.18, 2, 127, 129
411483.3.peg.395.site.19, 0, 140, 140
411483.3.peg.395.site.20, 7, 147, 154
411483.3.peg.395.site.21, 10, 151, 161
411483.3.peg.395.site.22, 4, 153, 157
411483.3.peg.395.site.23, 1, 153, 154
411483.3.peg.395.site.24, 69, 135, 204
411483.3.peg.395.site.25, 56, 139, 195
411483.3.peg.395.site.26, 5, 153, 158
411483.3.peg.395.site.27, 3, 152, 155
411483.3.peg.395.site.28, 4, 154, 158
411483.3.peg.395.site.29, 1, 151, 152
411483.3.peg.395.site.30, 8, 149, 157
411483.3.peg.395.site.31, 0, 149, 149
411483.3.peg.395.site.32, 3, 150, 153
411483.3.peg.395.site.33, 2, 150, 152
411483.3.peg.395.site.34, 22, 145, 167
411483.3.peg.395.site.35, 14, 136, 150
411483.3.peg.395.site.36, 13, 141, 154
411483.3.peg.395.site.37, 7, 147, 154
411483.3.peg.395.site.38, 140, 147, 287
411483.3.peg.395.site.39, 6, 148, 154
411483.3.peg.395.site.40, 3, 146, 149
411483.3.peg.395.site.41, 2, 153, 155
411483.3.peg.395.site.42, 5, 150, 155
411483.3.peg.395.site.43, 1, 152, 153
411483.3.peg.395.site.44, 8, 152, 160
411483.3.peg.395.site.45, 26, 144, 170
411483.3.peg.395.site.46, 0, 148, 148
411483.3.peg.395.site.47, 4, 149, 153
411483.3.peg.395.site.48, 12, 148, 160
411483.3.peg.395.site.49, 1, 152, 153
411483.3.peg.395.site.50, 4, 150, 154
411483.3.peg.395.site.51, 16, 139, 155
411483.3.peg.395.site.52, 3, 94, 97
411483.3.peg.395.site.53, 4, 66, 70
411483.3.peg.395.site.54, 1, 56, 57
411483.3.peg.395.site.55, 1, 44, 45
411483.3.peg.396.site.1, 7, 71, 78
411483.3.peg.396.site.2, 2, 102, 104
411483.3.peg.396.site.3, 6, 107, 113
411483.3.peg.396.site.4, 14, 120, 134
411483.3.peg.396.site.5, 1, 146, 147
411483.3.peg.396.site.6, 8, 150, 158
411483.3.peg.396.site.7, 4, 155, 159
411483.3.peg.396.site.8, 3, 155, 158
411483.3.peg.396.site.9, 4, 154, 158
411483.3.peg.396.site.10, 2, 154, 156
411483.3.peg.396.site.11, 6, 152, 158
411483.3.peg.396.site.12, 144, 150, 294
411483.3.peg.396.site.13, 0, 153, 153
411483.3.peg.396.site.14, 7, 154, 161
411483.3.peg.396.site.15, 3, 155, 158
411483.3.peg.396.site.16, 6, 152, 158
411483.3.peg.396.site.17, 41, 145, 186
411483.3.peg.396.site.18, 1, 154, 155
411483.3.peg.396.site.19, 10, 142, 152
411483.3.peg.396.site.20, 3, 152, 155
411483.3.peg.396.site.21, 74, 150, 224
411483.3.peg.396.site.22, 3, 153, 156
411483.3.peg.396.site.23, 4, 150, 154
411483.3.peg.396.site.24, 9, 151, 160
411483.3.peg.396.site.25, 19, 148, 167
411483.3.peg.396.site.26, 2, 152, 154
411483.3.peg.396.site.27, 5, 149, 154
411483.3.peg.396.site.28, 7, 148, 155
411483.3.peg.396.site.29, 0, 148, 148
411483.3.peg.396.site.30, 27, 141, 168
411483.3.peg.396.site.31, 135, 146, 281
411483.3.peg.396.site.32, 3, 151, 154
411483.3.peg.396.site.33, 0, 151, 151
411483.3.peg.396.site.34, 2, 148, 150
411483.3.peg.396.site.35, 9, 144, 153
411483.3.peg.396.site.36, 2, 141, 143
411483.3.peg.396.site.37, 3, 149, 152
411483.3.peg.396.site.38, 2, 141, 143
411483.3.peg.396.site.39, 0, 142, 142
411483.3.peg.396.site.40, 104, 136, 240
411483.3.peg.396.site.41, 5, 146, 151
411483.3.peg.396.site.42, 0, 143, 143
411483.3.peg.396.site.43, 2, 143, 145
411483.3.peg.396.site.44, 50, 134, 184
411483.3.peg.396.site.45, 0, 148, 148
411483.3.peg.396.site.46, 3, 147, 150
411483.3.peg.396.site.47, 5, 150, 155
411483.3.peg.396.site.48, 3, 152, 155
411483.3.peg.396.site.49, 5, 150, 155
411483.3.peg.396.site.50, 10, 150, 160
411483.3.peg.396.site.51, 12, 153, 165
411483.3.peg.396.site.52, 2, 152, 154
411483.3.peg.397.site.1, 15, 147, 162
411483.3.peg.397.site.2, 6, 142, 148
411483.3.peg.397.site.3, 16, 147, 163
411483.3.peg.397.site.4, 7, 151, 158
411483.3.peg.397.site.5, 86, 141, 227
411483.3.peg.397.site.6, 84, 140, 224
411483.3.peg.397.site.7, 3, 154, 157
411483.3.peg.397.site.8, 2, 153, 155
411483.3.peg.397.site.9, 10, 151, 161
411483.3.peg.397.site.10, 0, 151, 151
411483.3.peg.397.site.11, 2, 152, 154
411483.3.peg.397.site.12, 3, 153, 156
411483.3.peg.397.site.13, 4, 149, 153
411483.3.peg.397.site.14, 0, 150, 150
411483.3.peg.397.site.15, 2, 150, 152
411483.3.peg.397.site.16, 1, 153, 154
411483.3.peg.397.site.17, 2, 154, 156
411483.3.peg.397.site.18, 1, 151, 152
411483.3.peg.397.site.19, 1, 151, 152
411483.3.peg.397.site.20, 2, 153, 155
411483.3.peg.397.site.21, 2, 154, 156
411483.3.peg.397.site.22, 2, 154, 156
411483.3.peg.397.site.23, 2, 154, 156
411483.3.peg.397.site.24, 0, 154, 154
411483.3.peg.397.site.25, 3, 154, 157
411483.3.peg.397.site.26, 1, 155, 156
411483.3.peg.397.site.27, 3, 155, 158
411483.3.peg.397.site.28, 2, 154, 156
411483.3.peg.397.site.29, 2, 154, 156
411483.3.peg.397.site.30, 19, 149, 168
411483.3.peg.397.site.31, 6, 154, 160
411483.3.peg.397.site.32, 0, 154, 154
411483.3.peg.397.site.33, 4, 154, 158
411483.3.peg.397.site.34, 5, 153, 158
411483.3.peg.397.site.35, 2, 154, 156
411483.3.peg.397.site.36, 147, 148, 295
411483.3.peg.397.site.37, 5, 153, 158
411483.3.peg.397.site.38, 3, 155, 158
411483.3.peg.397.site.39, 9, 154, 163
411483.3.peg.390.site.1, 1, 144, 145
411483.3.peg.390.site.2, 1, 147, 148
411483.3.peg.390.site.3, 9, 148, 157
411483.3.peg.390.site.4, 7, 150, 157
411483.3.peg.390.site.5, 0, 153, 153
411483.3.peg.390.site.6, 1, 155, 156
411483.3.peg.390.site.7, 1, 155, 156
411483.3.peg.390.site.8, 26, 144, 170
411483.3.peg.390.site.9, 18, 140, 158
411483.3.peg.390.site.10, 1, 155, 156
411483.3.peg.390.site.11, 0, 155, 155
411483.3.peg.390.site.12, 22, 145, 167
411483.3.peg.390.site.13, 15, 144, 159
411483.3.peg.390.site.14, 35, 138, 173
411483.3.peg.390.site.15, 2, 153, 155
411483.3.peg.390.site.16, 14, 147, 161
411483.3.peg.390.site.17, 12, 142, 154
411483.3.peg.390.site.18, 4, 136, 140
411483.3.peg.390.site.19, 39, 119, 158
411483.3.peg.390.site.20, 30, 117, 147
411483.3.peg.390.site.21, 0, 135, 135
411483.3.peg.390.site.22, 8, 143, 151
411483.3.peg.390.site.23, 2, 143, 145
411483.3.peg.390.site.24, 18, 140, 158
411483.3.peg.390.site.25, 16, 146, 162
411483.3.peg.390.site.26, 0, 152, 152
411483.3.peg.390.site.27, 9, 149, 158
411483.3.peg.390.site.28, 16, 150, 166
411483.3.peg.390.site.29, 1, 153, 154
411483.3.peg.390.site.30, 0, 151, 151
411483.3.peg.390.site.31, 11, 149, 160
411483.3.peg.390.site.32, 0, 148, 148
411483.3.peg.390.site.33, 5, 146, 151
411483.3.peg.390.site.34, 2, 152, 154
411483.3.peg.390.site.35, 8, 153, 161
411483.3.peg.390.site.36, 15, 149, 164
411483.3.peg.390.site.37, 0, 149, 149
411483.3.peg.390.site.38, 1, 153, 154
411483.3.peg.390.site.39, 3, 149, 152
411483.3.peg.390.site.40, 1, 151, 152
411483.3.peg.390.site.41, 50, 141, 191
411483.3.peg.390.site.42, 11, 148, 159
411483.3.peg.390.site.43, 2, 149, 151
411483.3.peg.390.site.44, 0, 148, 148
411483.3.peg.390.site.45, 7, 149, 156
411483.3.peg.390.site.46, 138, 151, 289
411483.3.peg.390.site.47, 1, 153, 154
411483.3.peg.390.site.48, 123, 145, 268
411483.3.peg.390.site.49, 1, 154, 155
411483.3.peg.390.site.50, 0, 155, 155
411483.3.peg.390.site.51, 0, 153, 153
411483.3.peg.390.site.52, 3, 155, 158
411483.3.peg.390.site.53, 2, 154, 156
411483.3.peg.390.site.54, 54, 147, 201
411483.3.peg.390.site.55, 0, 152, 152
411483.3.peg.390.site.56, 2, 155, 157
411483.3.peg.390.site.57, 8, 151, 159
411483.3.peg.390.site.58, 1, 154, 155
411483.3.peg.390.site.59, 7, 154, 161
411483.3.peg.390.site.60, 0, 152, 152
411483.3.peg.390.site.61, 1, 152, 153
411483.3.peg.390.site.62, 4, 151, 155
411483.3.peg.390.site.63, 0, 154, 154
411483.3.peg.390.site.64, 1, 153, 154
411483.3.peg.390.site.65, 0, 152, 152
411483.3.peg.390.site.66, 2, 149, 151
411483.3.peg.390.site.67, 19, 141, 160
411483.3.peg.390.site.68, 8, 151, 159
411483.3.peg.390.site.69, 0, 151, 151
411483.3.peg.390.site.70, 3, 144, 147
411483.3.peg.390.site.71, 82, 141, 223
411483.3.peg.390.site.72, 67, 143, 210
411483.3.peg.390.site.73, 1, 155, 156
411483.3.peg.390.site.74, 0, 154, 154
411483.3.peg.390.site.75, 2, 154, 156
411483.3.peg.390.site.76, 10, 155, 165
411483.3.peg.390.site.77, 8, 151, 159
411483.3.peg.390.site.78, 25, 150, 175
411483.3.peg.390.site.79, 6, 147, 153
411483.3.peg.390.site.80, 3, 148, 151
411483.3.peg.390.site.81, 16, 145, 161
411483.3.peg.390.site.82, 45, 147, 192
411483.3.peg.390.site.83, 18, 144, 162
411483.3.peg.390.site.84, 9, 147, 156
411483.3.peg.390.site.85, 21, 140, 161
411483.3.peg.390.site.86, 1, 135, 136
411483.3.peg.390.site.87, 6, 139, 145
411483.3.peg.390.site.88, 1, 139, 140
411483.3.peg.390.site.89, 1, 146, 147
411483.3.peg.390.site.90, 1, 149, 150
411483.3.peg.390.site.91, 12, 145, 157
411483.3.peg.390.site.92, 16, 146, 162
411483.3.peg.390.site.93, 1, 152, 153
411483.3.peg.390.site.94, 1, 153, 154
411483.3.peg.390.site.95, 3, 153, 156
411483.3.peg.643.site.1, 3, 136, 139
411483.3.peg.643.site.2, 2, 140, 142
411483.3.peg.643.site.3, 1, 147, 148
411483.3.peg.643.site.4, 1, 147, 148
411483.3.peg.643.site.5, 4, 140, 144
411483.3.peg.643.site.6, 1, 144, 145
411483.3.peg.643.site.7, 10, 147, 157
411483.3.peg.643.site.8, 1, 139, 140
411483.3.peg.643.site.9, 0, 137, 137
411483.3.peg.643.site.10, 1, 135, 136
411483.3.peg.643.site.11, 2, 138, 140
411483.3.peg.643.site.12, 0, 130, 130
411483.3.peg.643.site.13, 55, 121, 176
411483.3.peg.643.site.14, 1, 145, 146
411483.3.peg.643.site.15, 7, 144, 151
411483.3.peg.643.site.16, 8, 142, 150
411483.3.peg.643.site.17, 15, 143, 158
411483.3.peg.643.site.18, 5, 145, 150
411483.3.peg.643.site.19, 7, 150, 157
411483.3.peg.643.site.20, 1, 149, 150
411483.3.peg.643.site.21, 0, 148, 148
411483.3.peg.643.site.22, 2, 146, 148
411483.3.peg.643.site.23, 147, 147, 294
411483.3.peg.643.site.24, 0, 139, 139
411483.3.peg.643.site.25, 6, 135, 141
411483.3.peg.643.site.26, 1, 137, 138
411483.3.peg.643.site.27, 96, 123, 219
411483.3.peg.643.site.28, 0, 131, 131
411483.3.peg.643.site.29, 2, 119, 121
411483.3.peg.643.site.30, 21, 132, 153
411483.3.peg.643.site.31, 0, 149, 149
411483.3.peg.643.site.32, 1, 151, 152
411483.3.peg.643.site.33, 6, 148, 154
411483.3.peg.643.site.34, 6, 147, 153
411483.3.peg.643.site.35, 1, 144, 145
411483.3.peg.643.site.36, 39, 138, 177
411483.3.peg.643.site.37, 13, 133, 146
411483.3.peg.643.site.38, 2, 133, 135
411483.3.peg.643.site.39, 1, 132, 133
411483.3.peg.643.site.40, 0, 123, 123
411483.3.peg.643.site.41, 0, 127, 127
411483.3.peg.643.site.42, 3, 126, 129
411483.3.peg.643.site.43, 1, 124, 125
411483.3.peg.643.site.44, 1, 118, 119
411483.3.peg.643.site.45, 7, 116, 123
411483.3.peg.643.site.46, 0, 119, 119
411483.3.peg.643.site.47, 1, 125, 126
411483.3.peg.643.site.48, 1, 146, 147
411483.3.peg.643.site.49, 1, 145, 146
411483.3.peg.643.site.50, 26, 136, 162
411483.3.peg.643.site.51, 6, 140, 146
411483.3.peg.643.site.52, 35, 139, 174
411483.3.peg.643.site.53, 1, 148, 149
411483.3.peg.643.site.54, 2, 147, 149
411483.3.peg.643.site.55, 4, 149, 153
411483.3.peg.643.site.56, 4, 153, 157
411483.3.peg.643.site.57, 6, 153, 159
411483.3.peg.392.site.1, 0, 153, 153
411483.3.peg.392.site.2, 0, 155, 155
411483.3.peg.641.site.1, 1, 148, 149
411483.3.peg.641.site.2, 1, 146, 147
411483.3.peg.641.site.3, 1, 141, 142
411483.3.peg.641.site.4, 3, 142, 145
411483.3.peg.641.site.5, 23, 144, 167
411483.3.peg.641.site.6, 2, 145, 147
411483.3.peg.641.site.7, 133, 145, 278
411483.3.peg.641.site.8, 8, 148, 156
411483.3.peg.641.site.9, 14, 151, 165
411483.3.peg.641.site.10, 1, 153, 154
411483.3.peg.641.site.11, 12, 146, 158
411483.3.peg.641.site.12, 1, 153, 154
411483.3.peg.641.site.13, 2, 154, 156
411483.3.peg.641.site.14, 9, 152, 161
411483.3.peg.641.site.15, 13, 147, 160
411483.3.peg.641.site.16, 2, 150, 152
411483.3.peg.641.site.17, 8, 146, 154
411483.3.peg.641.site.18, 4, 145, 149
411483.3.peg.641.site.19, 13, 145, 158
411483.3.peg.641.site.20, 4, 141, 145
411483.3.peg.641.site.21, 9, 138, 147
411483.3.peg.641.site.22, 1, 142, 143
411483.3.peg.641.site.23, 113, 129, 242
411483.3.peg.641.site.24, 4, 137, 141
411483.3.peg.641.site.25, 6, 129, 135
411483.3.peg.641.site.26, 3, 143, 146
411483.3.peg.641.site.27, 7, 145, 152
411483.3.peg.641.site.28, 2, 145, 147
411483.3.peg.641.site.29, 112, 118, 230
411483.3.peg.1561.site.1, 0, 153, 153
411483.3.peg.1561.site.2, 8, 153, 161
411483.3.peg.1561.site.3, 2, 150, 152
411483.3.peg.1561.site.4, 6, 151, 157
411483.3.peg.1561.site.5, 3, 151, 154
411483.3.peg.1561.site.6, 24, 146, 170
411483.3.peg.1561.site.7, 2, 152, 154
411483.3.peg.1561.site.8, 1, 153, 154
411483.3.peg.1561.site.9, 9, 152, 161
411483.3.peg.1561.site.10, 149, 149, 298
411483.3.peg.1561.site.11, 3, 149, 152
411483.3.peg.1561.site.12, 2, 148, 150
411483.3.peg.1561.site.13, 1, 152, 153
411483.3.peg.1561.site.14, 0, 149, 149
411483.3.peg.1561.site.15, 23, 141, 164
411483.3.peg.1561.site.16, 0, 148, 148
411483.3.peg.1561.site.17, 2, 150, 152
411483.3.peg.1561.site.18, 144, 149, 293
411483.3.peg.1561.site.19, 3, 150, 153
411483.3.peg.1561.site.20, 9, 145, 154
411483.3.peg.1561.site.21, 1, 148, 149
411483.3.peg.1561.site.22, 30, 144, 174
411483.3.peg.1561.site.23, 2, 148, 150
411483.3.peg.1561.site.24, 3, 152, 155
411483.3.peg.1561.site.25, 0, 149, 149
411483.3.peg.1561.site.26, 18, 148, 166
411483.3.peg.1561.site.27, 0, 151, 151
411483.3.peg.1561.site.28, 2, 152, 154
411483.3.peg.1561.site.29, 1, 150, 151
411483.3.peg.1561.site.30, 42, 138, 180
411483.3.peg.1561.site.31, 1, 150, 151
411483.3.peg.1561.site.32, 5, 148, 153
411483.3.peg.1561.site.33, 0, 149, 149
411483.3.peg.1561.site.34, 1, 150, 151
411483.3.peg.1561.site.35, 1, 151, 152
411483.3.peg.1560.site.1, 22, 137, 159
411483.3.peg.1560.site.2, 3, 141, 144
411483.3.peg.1560.site.3, 8, 141, 149
411483.3.peg.1560.site.4, 1, 148, 149
411483.3.peg.1560.site.5, 0, 149, 149
411483.3.peg.1560.site.6, 154, 154, 308
411483.3.peg.1560.site.7, 3, 153, 156
411483.3.peg.1560.site.8, 1, 155, 156
411483.3.peg.1560.site.9, 4, 154, 158
411483.3.peg.1563.site.1, 8, 141, 149
411483.3.peg.1563.site.2, 99, 132, 231
411483.3.peg.1563.site.3, 96, 133, 229
411483.3.peg.1563.site.4, 8, 142, 150
411483.3.peg.1563.site.5, 2, 144, 146
411483.3.peg.1563.site.6, 1, 144, 145
411483.3.peg.1563.site.7, 1, 138, 139
411483.3.peg.1563.site.8, 4, 144, 148
411483.3.peg.1563.site.9, 5, 137, 142
411483.3.peg.1563.site.10, 1, 139, 140
411483.3.peg.1563.site.11, 1, 129, 130
411483.3.peg.1563.site.12, 1, 106, 107
411483.3.peg.1563.site.13, 4, 106, 110
411483.3.peg.1563.site.14, 8, 108, 116
411483.3.peg.1563.site.15, 10, 113, 123
411483.3.peg.1563.site.16, 1, 118, 119
411483.3.peg.1563.site.17, 64, 111, 175
411483.3.peg.1563.site.18, 2, 126, 128
411483.3.peg.1563.site.19, 12, 118, 130
411483.3.peg.1563.site.20, 35, 121, 156
411483.3.peg.1563.site.21, 19, 112, 131
411483.3.peg.1563.site.22, 112, 116, 228
411483.3.peg.1563.site.23, 5, 119, 124
411483.3.peg.1563.site.24, 4, 112, 116
411483.3.peg.1563.site.25, 0, 114, 114
411483.3.peg.1563.site.26, 5, 100, 105
411483.3.peg.1563.site.27, 1, 113, 114
411483.3.peg.1563.site.28, 2, 112, 114
411483.3.peg.1563.site.29, 1, 109, 110
411483.3.peg.1563.site.30, 3, 112, 115
411483.3.peg.1563.site.31, 1, 115, 116
411483.3.peg.1563.site.32, 4, 126, 130
411483.3.peg.1563.site.33, 19, 124, 143
411483.3.peg.1563.site.34, 2, 144, 146
411483.3.peg.1563.site.35, 5, 134, 139
411483.3.peg.1563.site.36, 1, 143, 144
411483.3.peg.1563.site.37, 1, 142, 143
411483.3.peg.1563.site.38, 13, 134, 147
411483.3.peg.1563.site.39, 57, 131, 188
411483.3.peg.1563.site.40, 47, 130, 177
411483.3.peg.1563.site.41, 34, 131, 165
411483.3.peg.1563.site.42, 15, 131, 146
411483.3.peg.1563.site.43, 1, 129, 130
411483.3.peg.1563.site.44, 1, 134, 135
411483.3.peg.1563.site.45, 1, 128, 129
411483.3.peg.1563.site.46, 1, 126, 127
411483.3.peg.1563.site.47, 4, 116, 120
411483.3.peg.1563.site.48, 4, 126, 130
411483.3.peg.1563.site.49, 0, 128, 128
411483.3.peg.1563.site.50, 1, 122, 123
411483.3.peg.1563.site.51, 10, 113, 123
411483.3.peg.1563.site.52, 1, 114, 115
411483.3.peg.1563.site.53, 56, 93, 149
411483.3.peg.1563.site.54, 3, 80, 83
411483.3.peg.1563.site.55, 0, 80, 80
411483.3.peg.1563.site.56, 21, 65, 86
411483.3.peg.1563.site.57, 12, 71, 83
411483.3.peg.1563.site.58, 7, 47, 54
411483.3.peg.1563.site.59, 3, 48, 51
411483.3.peg.1563.site.60, 6, 28, 34
411483.3.peg.1563.site.61, 6, 29, 35
411483.3.peg.1563.site.62, 4, 28, 32
411483.3.peg.1563.site.63, 1, 39, 40
411483.3.peg.1563.site.64, 1, 42, 43
411483.3.peg.1563.site.65, 1, 95, 96
411483.3.peg.1562.site.1, 1, 152, 153
411483.3.peg.1562.site.2, 9, 146, 155
411483.3.peg.1562.site.3, 25, 146, 171
411483.3.peg.1562.site.4, 87, 144, 231
411483.3.peg.1562.site.5, 15, 149, 164
411483.3.peg.1562.site.6, 1, 145, 146
411483.3.peg.1562.site.7, 7, 150, 157
411483.3.peg.1562.site.8, 1, 151, 152
411483.3.peg.1562.site.9, 4, 150, 154
411483.3.peg.1562.site.10, 7, 149, 156
411483.3.peg.1562.site.11, 9, 150, 159
411483.3.peg.1562.site.12, 10, 146, 156
411483.3.peg.1562.site.13, 7, 142, 149
411483.3.peg.1562.site.14, 0, 144, 144
411483.3.peg.1562.site.15, 2, 136, 138
411483.3.peg.1562.site.16, 1, 126, 127
411483.3.peg.1562.site.17, 0, 123, 123
411483.3.peg.1562.site.18, 11, 122, 133
411483.3.peg.1562.site.19, 3, 126, 129
411483.3.peg.1562.site.20, 10, 116, 126
411483.3.peg.1562.site.21, 2, 120, 122
411483.3.peg.1562.site.22, 4, 132, 136
411483.3.peg.1562.site.23, 9, 134, 143
411483.3.peg.1562.site.24, 4, 144, 148
411483.3.peg.1562.site.25, 9, 148, 157
411483.3.peg.1562.site.26, 4, 145, 149
411483.3.peg.1562.site.27, 2, 153, 155
411483.3.peg.1562.site.28, 1, 152, 153
411483.3.peg.1562.site.29, 0, 152, 152
411483.3.peg.1562.site.30, 3, 153, 156
411483.3.peg.1562.site.31, 9, 151, 160
411483.3.peg.1562.site.32, 1, 154, 155
411483.3.peg.1562.site.33, 0, 151, 151
411483.3.peg.1562.site.34, 3, 154, 157
411483.3.peg.1562.site.35, 147, 152, 299
411483.3.peg.1562.site.36, 2, 152, 154
411483.3.peg.1562.site.37, 15, 149, 164
411483.3.peg.1562.site.38, 29, 150, 179
411483.3.peg.1562.site.39, 152, 152, 304
411483.3.peg.1562.site.40, 4, 152, 156
411483.3.peg.1562.site.41, 0, 146, 146
411483.3.peg.1562.site.42, 28, 142, 170
411483.3.peg.1562.site.43, 3, 144, 147
411483.3.peg.1562.site.44, 4, 141, 145
411483.3.peg.1562.site.45, 8, 133, 141
411483.3.peg.1562.site.46, 2, 142, 144
411483.3.peg.1562.site.47, 7, 144, 151
411483.3.peg.1562.site.48, 0, 145, 145
411483.3.peg.1562.site.49, 1, 146, 147
411483.3.peg.1562.site.50, 4, 148, 152
411483.3.peg.1562.site.51, 2, 150, 152
411483.3.peg.1562.site.52, 2, 144, 146
411483.3.peg.1562.site.53, 3, 146, 149
411483.3.peg.1562.site.54, 0, 146, 146
411483.3.peg.1562.site.55, 0, 149, 149
411483.3.peg.1562.site.56, 0, 151, 151
411483.3.peg.1562.site.57, 3, 148, 151
411483.3.peg.1562.site.58, 3, 150, 153
411483.3.peg.1562.site.59, 2, 148, 150
411483.3.peg.1562.site.60, 10, 147, 157
411483.3.peg.1562.site.61, 6, 145, 151
411483.3.peg.1562.site.62, 0, 147, 147
411483.3.peg.1562.site.63, 2, 146, 148
411483.3.peg.1562.site.64, 23, 149, 172
411483.3.peg.1562.site.65, 1, 154, 155
411483.3.peg.1562.site.66, 13, 151, 164
411483.3.peg.1562.site.67, 1, 150, 151
411483.3.peg.1562.site.68, 0, 147, 147
411483.3.peg.1562.site.69, 0, 149, 149
411483.3.peg.1562.site.70, 3, 144, 147
411483.3.peg.1562.site.71, 2, 149, 151
411483.3.peg.1562.site.72, 7, 146, 153
411483.3.peg.1562.site.73, 18, 142, 160
411483.3.peg.1562.site.74, 0, 146, 146
411483.3.peg.1562.site.75, 0, 148, 148
411483.3.peg.1562.site.76, 0, 148, 148
411483.3.peg.1562.site.77, 1, 148, 149
411483.3.peg.1562.site.78, 1, 139, 140
411483.3.peg.1562.site.79, 42, 131, 173
411483.3.peg.1562.site.80, 58, 124, 182
411483.3.peg.1562.site.81, 0, 145, 145
411483.3.peg.1562.site.82, 0, 138, 138
411483.3.peg.1562.site.83, 7, 143, 150
411483.3.peg.1562.site.84, 0, 144, 144
411483.3.peg.1562.site.85, 0, 143, 143
411483.3.peg.1562.site.86, 0, 138, 138
411483.3.peg.1562.site.87, 0, 136, 136
411483.3.peg.1562.site.88, 65, 131, 196
411483.3.peg.1562.site.89, 11, 143, 154
411483.3.peg.1562.site.90, 0, 150, 150
411483.3.peg.1562.site.91, 13, 147, 160
411483.3.peg.1562.site.92, 0, 150, 150
411483.3.peg.1562.site.93, 6, 153, 159
411483.3.peg.1562.site.94, 1, 153, 154
411483.3.peg.1562.site.95, 1, 153, 154
411483.3.peg.1562.site.96, 8, 153, 161
411483.3.peg.1562.site.97, 0, 153, 153
411483.3.peg.1562.site.98, 62, 144, 206
411483.3.peg.1562.site.99, 48, 147, 195
411483.3.peg.1562.site.100, 0, 155, 155
411483.3.peg.1562.site.101, 85, 149, 234
411483.3.peg.1562.site.102, 2, 155, 157
411483.3.peg.1562.site.103, 60, 145, 205
411483.3.peg.1562.site.104, 6, 151, 157
411483.3.peg.1562.site.105, 20, 153, 173
411483.3.peg.1562.site.106, 122, 147, 269
411483.3.peg.1562.site.107, 64, 145, 209
411483.3.peg.1562.site.108, 1, 154, 155
411483.3.peg.1562.site.109, 3, 153, 156
411483.3.peg.1562.site.110, 0, 146, 146
411483.3.peg.1562.site.111, 36, 135, 171
411483.3.peg.1562.site.112, 3, 147, 150
411483.3.peg.1562.site.113, 28, 138, 166
411483.3.peg.1562.site.114, 1, 149, 150
411483.3.peg.1562.site.115, 0, 150, 150
411483.3.peg.1562.site.116, 2, 150, 152
411483.3.peg.1562.site.117, 1, 149, 150
411483.3.peg.1562.site.118, 0, 147, 147
411483.3.peg.1562.site.119, 2, 150, 152
411483.3.peg.1562.site.120, 3, 148, 151
411483.3.peg.1562.site.121, 0, 146, 146
411483.3.peg.1562.site.122, 2, 147, 149
411483.3.peg.1562.site.123, 116, 141, 257
411483.3.peg.1562.site.124, 2, 151, 153
411483.3.peg.1562.site.125, 0, 148, 148
411483.3.peg.1562.site.126, 128, 140, 268
411483.3.peg.1562.site.127, 2, 149, 151
411483.3.peg.1562.site.128, 9, 140, 149
411483.3.peg.1562.site.129, 64, 134, 198
411483.3.peg.1562.site.130, 4, 140, 144
411483.3.peg.1562.site.131, 46, 135, 181
411483.3.peg.1562.site.132, 4, 146, 150
411483.3.peg.1562.site.133, 5, 139, 144
411483.3.peg.1562.site.134, 3, 146, 149
411483.3.peg.1562.site.135, 2, 143, 145
411483.3.peg.1562.site.136, 8, 147, 155
411483.3.peg.1562.site.137, 1, 152, 153
411483.3.peg.1562.site.138, 2, 153, 155
411483.3.peg.1562.site.139, 2, 153, 155
411483.3.peg.1562.site.140, 3, 148, 151
411483.3.peg.1562.site.141, 1, 152, 153
411483.3.peg.1562.site.142, 0, 153, 153
411483.3.peg.1562.site.143, 6, 152, 158
411483.3.peg.1562.site.144, 5, 150, 155
411483.3.peg.1562.site.145, 1, 152, 153
411483.3.peg.1562.site.146, 5, 151, 156
411483.3.peg.1562.site.147, 2, 153, 155
411483.3.peg.1562.site.148, 1, 154, 155
411483.3.peg.1562.site.149, 3, 152, 155
411483.3.peg.1562.site.150, 4, 150, 154
411483.3.peg.1562.site.151, 18, 150, 168
411483.3.peg.1562.site.152, 2, 154, 156
411483.3.peg.1562.site.153, 3, 152, 155
411483.3.peg.1562.site.154, 2, 154, 156
411483.3.peg.1562.site.155, 74, 142, 216
411483.3.peg.1562.site.156, 5, 145, 150
411483.3.peg.1562.site.157, 1, 146, 147
411483.3.peg.1562.site.158, 3, 150, 153
411483.3.peg.1562.site.159, 0, 148, 148
411483.3.peg.1562.site.160, 66, 142, 208
411483.3.peg.1562.site.161, 37, 137, 174
411483.3.peg.1562.site.162, 1, 145, 146
411483.3.peg.1562.site.163, 2, 144, 146
411483.3.peg.1562.site.164, 4, 149, 153
411483.3.peg.1562.site.165, 1, 149, 150
411483.3.peg.1562.site.166, 6, 147, 153
411483.3.peg.1562.site.167, 2, 150, 152
411483.3.peg.1562.site.168, 29, 143, 172
411483.3.peg.1562.site.169, 6, 152, 158
411483.3.peg.1562.site.170, 8, 147, 155
411483.3.peg.1562.site.171, 0, 145, 145
411483.3.peg.1562.site.172, 2, 147, 149
411483.3.peg.1562.site.173, 1, 152, 153
411483.3.peg.1562.site.174, 5, 150, 155
411483.3.peg.1562.site.175, 5, 148, 153
411483.3.peg.1562.site.176, 7, 147, 154
411483.3.peg.1562.site.177, 6, 145, 151
411483.3.peg.1562.site.178, 74, 132, 206
411483.3.peg.1562.site.179, 96, 137, 233
411483.3.peg.1562.site.180, 127, 143, 270
411483.3.peg.1562.site.181, 102, 140, 242
411483.3.peg.1562.site.182, 1, 147, 148
411483.3.peg.1562.site.183, 3, 152, 155
411483.3.peg.1562.site.184, 2, 139, 141
411483.3.peg.1562.site.185, 1, 144, 145
411483.3.peg.1562.site.186, 2, 148, 150
411483.3.peg.1562.site.187, 1, 147, 148
411483.3.peg.1562.site.188, 6, 148, 154
411483.3.peg.1562.site.189, 67, 135, 202
411483.3.peg.1562.site.190, 1, 148, 149
411483.3.peg.1562.site.191, 1, 150, 151
411483.3.peg.1562.site.192, 12, 142, 154
411483.3.peg.1562.site.193, 110, 146, 256
411483.3.peg.1562.site.194, 5, 150, 155
411483.3.peg.1562.site.195, 112, 145, 257
411483.3.peg.1562.site.196, 15, 151, 166
411483.3.peg.1562.site.197, 2, 151, 153
411483.3.peg.1562.site.198, 1, 152, 153
411483.3.peg.1562.site.199, 0, 151, 151
411483.3.peg.1562.site.200, 5, 149, 154
411483.3.peg.1562.site.201, 6, 150, 156
411483.3.peg.1562.site.202, 6, 150, 156
411483.3.peg.1562.site.203, 2, 150, 152
411483.3.peg.1562.site.204, 5, 151, 156
411483.3.peg.1562.site.205, 3, 148, 151
411483.3.peg.1562.site.206, 1, 148, 149
411483.3.peg.1562.site.207, 4, 148, 152
411483.3.peg.1562.site.208, 6, 150, 156
411483.3.peg.1562.site.209, 23, 145, 168
411483.3.peg.1562.site.210, 11, 149, 160
411483.3.peg.1562.site.211, 2, 154, 156
411483.3.peg.1562.site.212, 8, 149, 157
411483.3.peg.1562.site.213, 8, 150, 158
411483.3.peg.1562.site.214, 14, 146, 160
411483.3.peg.1562.site.215, 2, 143, 145
411483.3.peg.1565.site.1, 0, 150, 150
411483.3.peg.1565.site.2, 1, 152, 153
411483.3.peg.1565.site.3, 0, 149, 149
411483.3.peg.1565.site.4, 2, 153, 155
411483.3.peg.1565.site.5, 1, 154, 155
411483.3.peg.1565.site.6, 3, 152, 155
411483.3.peg.1565.site.7, 0, 151, 151
411483.3.peg.1565.site.8, 6, 147, 153
411483.3.peg.1565.site.9, 1, 154, 155
411483.3.peg.1565.site.10, 13, 148, 161
411483.3.peg.1565.site.11, 34, 141, 175
411483.3.peg.1565.site.12, 63, 137, 200
411483.3.peg.1565.site.13, 4, 146, 150
411483.3.peg.1565.site.14, 1, 146, 147
411483.3.peg.1565.site.15, 2, 146, 148
411483.3.peg.1565.site.16, 2, 149, 151
411483.3.peg.1565.site.17, 0, 144, 144
411483.3.peg.1565.site.18, 3, 145, 148
411483.3.peg.1565.site.19, 2, 148, 150
411483.3.peg.1565.site.20, 44, 138, 182
411483.3.peg.1565.site.21, 6, 140, 146
411483.3.peg.1565.site.22, 1, 150, 151
411483.3.peg.1565.site.23, 2, 151, 153
411483.3.peg.1565.site.24, 0, 150, 150
411483.3.peg.1565.site.25, 3, 151, 154
411483.3.peg.1565.site.26, 43, 143, 186
411483.3.peg.1565.site.27, 3, 152, 155
411483.3.peg.1565.site.28, 7, 147, 154
411483.3.peg.1565.site.29, 4, 144, 148
411483.3.peg.1565.site.30, 1, 147, 148
411483.3.peg.1565.site.31, 113, 136, 249
411483.3.peg.1565.site.32, 5, 151, 156
411483.3.peg.1565.site.33, 1, 150, 151
411483.3.peg.1565.site.34, 5, 140, 145
411483.3.peg.1565.site.35, 31, 145, 176
411483.3.peg.1565.site.36, 28, 141, 169
411483.3.peg.1565.site.37, 2, 151, 153
411483.3.peg.1565.site.38, 1, 150, 151
411483.3.peg.1565.site.39, 10, 145, 155
411483.3.peg.1565.site.40, 3, 145, 148
411483.3.peg.1565.site.41, 11, 144, 155
411483.3.peg.1565.site.42, 2, 143, 145
411483.3.peg.1565.site.43, 18, 141, 159
411483.3.peg.1565.site.44, 1, 138, 139
411483.3.peg.1565.site.45, 5, 138, 143
411483.3.peg.1565.site.46, 3, 137, 140
411483.3.peg.1564.site.1, 4, 139, 143
411483.3.peg.1564.site.2, 5, 138, 143
411483.3.peg.1564.site.3, 13, 134, 147
411483.3.peg.1564.site.4, 3, 140, 143
411483.3.peg.1564.site.5, 2, 136, 138
411483.3.peg.1564.site.6, 0, 128, 128
411483.3.peg.1564.site.7, 24, 113, 137
411483.3.peg.1564.site.8, 4, 130, 134
411483.3.peg.1564.site.9, 13, 124, 137
411483.3.peg.1564.site.10, 1, 126, 127
411483.3.peg.1564.site.11, 9, 130, 139
411483.3.peg.1564.site.12, 0, 132, 132
411483.3.peg.1564.site.13, 3, 140, 143
411483.3.peg.1564.site.14, 4, 130, 134
411483.3.peg.1564.site.15, 6, 142, 148
411483.3.peg.1564.site.16, 4, 143, 147
411483.3.peg.1564.site.17, 4, 139, 143
411483.3.peg.1564.site.18, 1, 140, 141
411483.3.peg.1564.site.19, 139, 139, 278
411483.3.peg.1564.site.20, 60, 136, 196
411483.3.peg.1564.site.21, 4, 137, 141
411483.3.peg.1564.site.22, 1, 142, 143
411483.3.peg.1564.site.23, 1, 147, 148
411483.3.peg.1564.site.24, 1, 146, 147
411483.3.peg.1564.site.25, 4, 153, 157
411483.3.peg.1564.site.26, 14, 146, 160
411483.3.peg.1564.site.27, 4, 150, 154
411483.3.peg.1564.site.28, 2, 153, 155
411483.3.peg.1564.site.29, 5, 152, 157
411483.3.peg.1564.site.30, 4, 149, 153
411483.3.peg.1564.site.31, 18, 148, 166
411483.3.peg.1564.site.32, 0, 149, 149
411483.3.peg.1564.site.33, 4, 151, 155
411483.3.peg.1564.site.34, 59, 140, 199
411483.3.peg.1564.site.35, 3, 152, 155
411483.3.peg.1564.site.36, 1, 152, 153
411483.3.peg.1564.site.37, 0, 148, 148
411483.3.peg.1564.site.38, 1, 151, 152
411483.3.peg.1564.site.39, 1, 151, 152
411483.3.peg.1564.site.40, 15, 146, 161
411483.3.peg.1564.site.41, 3, 145, 148
411483.3.peg.1564.site.42, 1, 142, 143
411483.3.peg.1564.site.43, 5, 145, 150
411483.3.peg.1564.site.44, 44, 123, 167
411483.3.peg.1564.site.45, 1, 140, 141
411483.3.peg.1564.site.46, 3, 123, 126
411483.3.peg.1564.site.47, 8, 129, 137
411483.3.peg.1564.site.48, 17, 130, 147
411483.3.peg.1564.site.49, 4, 133, 137
411483.3.peg.1564.site.50, 27, 128, 155
411483.3.peg.1564.site.51, 17, 124, 141
411483.3.peg.1564.site.52, 76, 130, 206
411483.3.peg.1564.site.53, 5, 133, 138
411483.3.peg.1564.site.54, 2, 137, 139
411483.3.peg.1564.site.55, 3, 137, 140
411483.3.peg.1564.site.56, 1, 137, 138
411483.3.peg.1564.site.57, 3, 136, 139
411483.3.peg.1564.site.58, 25, 132, 157
411483.3.peg.1564.site.59, 1, 138, 139
411483.3.peg.1564.site.60, 25, 136, 161
411483.3.peg.1564.site.61, 4, 144, 148
411483.3.peg.1564.site.62, 2, 145, 147
411483.3.peg.1564.site.63, 4, 143, 147
411483.3.peg.1564.site.64, 4, 134, 138
411483.3.peg.1564.site.65, 3, 145, 148
411483.3.peg.1564.site.66, 2, 133, 135
411483.3.peg.1564.site.67, 60, 131, 191
411483.3.peg.1564.site.68, 60, 132, 192
411483.3.peg.1564.site.69, 1, 138, 139
411483.3.peg.1564.site.70, 2, 140, 142
411483.3.peg.1564.site.71, 1, 140, 141
411483.3.peg.1564.site.72, 4, 142, 146
411483.3.peg.1564.site.73, 30, 137, 167
411483.3.peg.1564.site.74, 2, 146, 148
411483.3.peg.1564.site.75, 33, 133, 166
411483.3.peg.1564.site.76, 0, 144, 144
411483.3.peg.1564.site.77, 1, 137, 138
411483.3.peg.1564.site.78, 1, 150, 151
411483.3.peg.1564.site.79, 6, 150, 156
411483.3.peg.1564.site.80, 2, 149, 151
411483.3.peg.1564.site.81, 2, 150, 152
411483.3.peg.1564.site.82, 10, 146, 156
411483.3.peg.1564.site.83, 0, 135, 135
411483.3.peg.1564.site.84, 31, 125, 156
411483.3.peg.1564.site.85, 1, 127, 128
411483.3.peg.1564.site.86, 18, 112, 130
411483.3.peg.1564.site.87, 1, 130, 131
411483.3.peg.1564.site.88, 10, 114, 124
411483.3.peg.1564.site.89, 23, 115, 138
411483.3.peg.1564.site.90, 1, 129, 130
411483.3.peg.1564.site.91, 0, 127, 127
411483.3.peg.1564.site.92, 2, 135, 137
411483.3.peg.1564.site.93, 17, 125, 142
411483.3.peg.1564.site.94, 4, 130, 134
411483.3.peg.1564.site.95, 25, 137, 162
411483.3.peg.1564.site.96, 1, 145, 146
411483.3.peg.1564.site.97, 6, 137, 143
411483.3.peg.1564.site.98, 2, 148, 150
411483.3.peg.1564.site.99, 0, 147, 147
411483.3.peg.1564.site.100, 13, 146, 159
411483.3.peg.1564.site.101, 2, 147, 149
411483.3.peg.1564.site.102, 1, 145, 146
411483.3.peg.1564.site.103, 1, 142, 143
411483.3.peg.1564.site.104, 3, 142, 145
411483.3.peg.1564.site.105, 3, 139, 142
411483.3.peg.1564.site.106, 14, 136, 150
411483.3.peg.1564.site.107, 1, 144, 145
411483.3.peg.1564.site.108, 5, 139, 144
411483.3.peg.1564.site.109, 3, 134, 137
411483.3.peg.1564.site.110, 16, 128, 144
411483.3.peg.1564.site.111, 2, 141, 143
411483.3.peg.1564.site.112, 1, 135, 136
411483.3.peg.1564.site.113, 1, 126, 127
411483.3.peg.1564.site.114, 1, 139, 140
411483.3.peg.1564.site.115, 2, 142, 144
411483.3.peg.1564.site.116, 2, 149, 151
411483.3.peg.1564.site.117, 15, 142, 157
411483.3.peg.1564.site.118, 3, 151, 154
411483.3.peg.1567.site.1, 3, 145, 148
411483.3.peg.1567.site.2, 1, 145, 146
411483.3.peg.1567.site.3, 1, 146, 147
411483.3.peg.1567.site.4, 4, 145, 149
411483.3.peg.1567.site.5, 26, 137, 163
411483.3.peg.1567.site.6, 0, 146, 146
411483.3.peg.1567.site.7, 14, 138, 152
411483.3.peg.1567.site.8, 13, 141, 154
411483.3.peg.1567.site.9, 9, 143, 152
411483.3.peg.1567.site.10, 2, 148, 150
411483.3.peg.1567.site.11, 1, 147, 148
411483.3.peg.1567.site.12, 15, 144, 159
411483.3.peg.1567.site.13, 6, 144, 150
411483.3.peg.1567.site.14, 3, 146, 149
411483.3.peg.1567.site.15, 9, 144, 153
411483.3.peg.1567.site.16, 74, 129, 203
411483.3.peg.1567.site.17, 25, 139, 164
411483.3.peg.1567.site.18, 14, 139, 153
411483.3.peg.1567.site.19, 1, 150, 151
411483.3.peg.1567.site.20, 9, 149, 158
411483.3.peg.1567.site.21, 7, 149, 156
411483.3.peg.1567.site.22, 53, 141, 194
411483.3.peg.1567.site.23, 0, 151, 151
411483.3.peg.1566.site.1, 3, 128, 131
411483.3.peg.1566.site.2, 9, 128, 137
411483.3.peg.1566.site.3, 2, 121, 123
411483.3.peg.1566.site.4, 81, 106, 187
411483.3.peg.1566.site.5, 59, 105, 164
411483.3.peg.1566.site.6, 4, 112, 116
411483.3.peg.1566.site.7, 2, 128, 130
411483.3.peg.1566.site.8, 2, 127, 129
411483.3.peg.1566.site.9, 15, 131, 146
411483.3.peg.1566.site.10, 1, 136, 137
411483.3.peg.1566.site.11, 2, 137, 139
411483.3.peg.1566.site.12, 6, 139, 145
411483.3.peg.1566.site.13, 2, 136, 138
411483.3.peg.1566.site.14, 2, 138, 140
411483.3.peg.1566.site.15, 19, 135, 154
411483.3.peg.1566.site.16, 1, 137, 138
411483.3.peg.1566.site.17, 0, 132, 132
411483.3.peg.1566.site.18, 3, 141, 144
411483.3.peg.1566.site.19, 78, 144, 222
411483.3.peg.1566.site.20, 6, 147, 153
411483.3.peg.1566.site.21, 34, 140, 174
411483.3.peg.1566.site.22, 1, 151, 152
411483.3.peg.1566.site.23, 4, 147, 151
411483.3.peg.1566.site.24, 2, 146, 148
411483.3.peg.1566.site.25, 110, 142, 252
411483.3.peg.1566.site.26, 2, 148, 150
411483.3.peg.1566.site.27, 5, 152, 157
411483.3.peg.1566.site.28, 3, 138, 141
411483.3.peg.1566.site.29, 1, 149, 150
411483.3.peg.1566.site.30, 15, 139, 154
411483.3.peg.1566.site.31, 13, 138, 151
411483.3.peg.1566.site.32, 8, 138, 146
411483.3.peg.1566.site.33, 114, 134, 248
411483.3.peg.1566.site.34, 2, 140, 142
411483.3.peg.1566.site.35, 2, 137, 139
411483.3.peg.1566.site.36, 6, 141, 147
411483.3.peg.1566.site.37, 4, 140, 144
411483.3.peg.1566.site.38, 1, 145, 146
411483.3.peg.1566.site.39, 1, 148, 149
411483.3.peg.1566.site.40, 50, 143, 193
411483.3.peg.1566.site.41, 6, 147, 153
411483.3.peg.1566.site.42, 3, 150, 153
411483.3.peg.1566.site.43, 36, 145, 181
411483.3.peg.1566.site.44, 2, 151, 153
411483.3.peg.1566.site.45, 3, 147, 150
411483.3.peg.1566.site.46, 3, 151, 154
411483.3.peg.1566.site.47, 1, 148, 149
411483.3.peg.1566.site.48, 130, 147, 277
411483.3.peg.1566.site.49, 8, 148, 156
411483.3.peg.1566.site.50, 11, 136, 147
411483.3.peg.1566.site.51, 36, 144, 180
411483.3.peg.1566.site.52, 7, 142, 149
411483.3.peg.1566.site.53, 2, 139, 141
411483.3.peg.1566.site.54, 4, 142, 146
411483.3.peg.1566.site.55, 6, 130, 136
411483.3.peg.1566.site.56, 14, 133, 147
411483.3.peg.1566.site.57, 5, 132, 137
411483.3.peg.1566.site.58, 2, 132, 134
411483.3.peg.1566.site.59, 4, 123, 127
411483.3.peg.1566.site.60, 25, 113, 138
411483.3.peg.1566.site.61, 36, 106, 142
411483.3.peg.1566.site.62, 28, 103, 131
411483.3.peg.1566.site.63, 3, 102, 105
411483.3.peg.1566.site.64, 2, 103, 105
411483.3.peg.1566.site.65, 35, 101, 136
411483.3.peg.1566.site.66, 1, 101, 102
411483.3.peg.1566.site.67, 7, 106, 113
411483.3.peg.1566.site.68, 0, 119, 119
411483.3.peg.1566.site.69, 3, 128, 131
411483.3.peg.1566.site.70, 2, 128, 130
411483.3.peg.1566.site.71, 4, 147, 151
411483.3.peg.1566.site.72, 2, 148, 150
411483.3.peg.1566.site.73, 1, 148, 149
411483.3.peg.1569.site.1, 1, 99, 100
411483.3.peg.1569.site.2, 55, 87, 142
411483.3.peg.1569.site.3, 66, 86, 152
411483.3.peg.1569.site.4, 2, 91, 93
411483.3.peg.1569.site.5, 2, 94, 96
411483.3.peg.1569.site.6, 1, 103, 104
411483.3.peg.1569.site.7, 12, 83, 95
411483.3.peg.1569.site.8, 2, 88, 90
411483.3.peg.1569.site.9, 7, 100, 107
411483.3.peg.1569.site.10, 7, 104, 111
411483.3.peg.1569.site.11, 3, 110, 113
411483.3.peg.1569.site.12, 1, 123, 124
411483.3.peg.1569.site.13, 2, 130, 132
411483.3.peg.1569.site.14, 6, 131, 137
411483.3.peg.1569.site.15, 1, 135, 136
411483.3.peg.1569.site.16, 0, 136, 136
411483.3.peg.1569.site.17, 0, 139, 139
411483.3.peg.1569.site.18, 1, 140, 141
411483.3.peg.1569.site.19, 20, 135, 155
411483.3.peg.1569.site.20, 68, 118, 186
411483.3.peg.1569.site.21, 7, 130, 137
411483.3.peg.1569.site.22, 3, 137, 140
411483.3.peg.1569.site.23, 2, 141, 143
411483.3.peg.1569.site.24, 4, 141, 145
411483.3.peg.1569.site.25, 7, 144, 151
411483.3.peg.1569.site.26, 2, 144, 146
411483.3.peg.1569.site.27, 7, 136, 143
411483.3.peg.1569.site.28, 1, 144, 145
411483.3.peg.1569.site.29, 4, 142, 146
411483.3.peg.1569.site.30, 4, 136, 140
411483.3.peg.1569.site.31, 7, 139, 146
411483.3.peg.1569.site.32, 4, 141, 145
411483.3.peg.1569.site.33, 9, 145, 154
411483.3.peg.1569.site.34, 0, 143, 143
411483.3.peg.1569.site.35, 106, 132, 238
411483.3.peg.1569.site.36, 4, 137, 141
411483.3.peg.1569.site.37, 6, 133, 139
411483.3.peg.1569.site.38, 14, 128, 142
411483.3.peg.1569.site.39, 6, 141, 147
411483.3.peg.1569.site.40, 5, 137, 142
411483.3.peg.1569.site.41, 11, 141, 152
411483.3.peg.1569.site.42, 4, 152, 156
411483.3.peg.1569.site.43, 2, 150, 152
411483.3.peg.1569.site.44, 16, 147, 163
411483.3.peg.1569.site.45, 3, 152, 155
411483.3.peg.1569.site.46, 8, 151, 159
411483.3.peg.1569.site.47, 4, 151, 155
411483.3.peg.1569.site.48, 4, 145, 149
411483.3.peg.1569.site.49, 8, 147, 155
411483.3.peg.1569.site.50, 1, 152, 153
411483.3.peg.1569.site.51, 9, 143, 152
411483.3.peg.1569.site.52, 12, 139, 151
411483.3.peg.1569.site.53, 13, 131, 144
411483.3.peg.1569.site.54, 3, 125, 128
411483.3.peg.1569.site.55, 2, 125, 127
411483.3.peg.1569.site.56, 6, 119, 125
411483.3.peg.1569.site.57, 20, 123, 143
411483.3.peg.1569.site.58, 2, 130, 132
411483.3.peg.1569.site.59, 71, 113, 184
411483.3.peg.1569.site.60, 4, 135, 139
411483.3.peg.1569.site.61, 3, 133, 136
411483.3.peg.1569.site.62, 1, 140, 141
411483.3.peg.1569.site.63, 2, 146, 148
411483.3.peg.1569.site.64, 124, 136, 260
411483.3.peg.1569.site.65, 4, 142, 146
411483.3.peg.1569.site.66, 5, 146, 151
411483.3.peg.1569.site.67, 1, 144, 145
411483.3.peg.1569.site.68, 1, 145, 146
411483.3.peg.1569.site.69, 4, 142, 146
411483.3.peg.1569.site.70, 1, 145, 146
411483.3.peg.1569.site.71, 6, 143, 149
411483.3.peg.1569.site.72, 8, 143, 151
411483.3.peg.1569.site.73, 2, 144, 146
411483.3.peg.1569.site.74, 1, 146, 147
411483.3.peg.1569.site.75, 3, 143, 146
411483.3.peg.1569.site.76, 10, 130, 140
411483.3.peg.1569.site.77, 1, 133, 134
411483.3.peg.1569.site.78, 1, 125, 126
411483.3.peg.1569.site.79, 6, 122, 128
411483.3.peg.1569.site.80, 1, 124, 125
411483.3.peg.1569.site.81, 111, 117, 228
411483.3.peg.1569.site.82, 0, 114, 114
411483.3.peg.1569.site.83, 4, 119, 123
411483.3.peg.1569.site.84, 1, 116, 117
411483.3.peg.1569.site.85, 4, 105, 109
411483.3.peg.1569.site.86, 105, 113, 218
411483.3.peg.1569.site.87, 8, 109, 117
411483.3.peg.1569.site.88, 14, 115, 129
411483.3.peg.1569.site.89, 1, 120, 121
411483.3.peg.1569.site.90, 11, 137, 148
411483.3.peg.1568.site.1, 13, 145, 158
411483.3.peg.1568.site.2, 2, 149, 151
411483.3.peg.1568.site.3, 7, 146, 153
411483.3.peg.1568.site.4, 1, 146, 147
411483.3.peg.1568.site.5, 5, 139, 144
411483.3.peg.1568.site.6, 2, 142, 144
411483.3.peg.1568.site.7, 2, 140, 142
411483.3.peg.1568.site.8, 0, 136, 136
411483.3.peg.1568.site.9, 0, 130, 130
411483.3.peg.1568.site.10, 0, 138, 138
411483.3.peg.1568.site.11, 31, 130, 161
411483.3.peg.1568.site.12, 12, 148, 160
411483.3.peg.1568.site.13, 1, 147, 148
411483.3.peg.804.site.1, 9, 147, 156
411483.3.peg.804.site.2, 1, 152, 153
411483.3.peg.804.site.3, 2, 150, 152
411483.3.peg.804.site.4, 5, 154, 159
411483.3.peg.804.site.5, 18, 154, 172
411483.3.peg.804.site.6, 3, 152, 155
411483.3.peg.804.site.7, 20, 147, 167
411483.3.peg.804.site.8, 2, 152, 154
411483.3.peg.804.site.9, 4, 152, 156
411483.3.peg.804.site.10, 7, 154, 161
411483.3.peg.804.site.11, 5, 155, 160
411483.3.peg.804.site.12, 1, 154, 155
411483.3.peg.804.site.13, 8, 151, 159
411483.3.peg.804.site.14, 2, 155, 157
411483.3.peg.804.site.15, 3, 154, 157
411483.3.peg.804.site.16, 1, 155, 156
411483.3.peg.804.site.17, 6, 154, 160
411483.3.peg.804.site.18, 1, 152, 153
411483.3.peg.804.site.19, 5, 151, 156
411483.3.peg.804.site.20, 140, 149, 289
411483.3.peg.804.site.21, 0, 152, 152
411483.3.peg.804.site.22, 2, 151, 153
411483.3.peg.804.site.23, 0, 152, 152
411483.3.peg.804.site.24, 3, 151, 154
411483.3.peg.804.site.25, 8, 148, 156
411483.3.peg.804.site.26, 0, 152, 152
411483.3.peg.804.site.27, 0, 147, 147
411483.3.peg.804.site.28, 44, 136, 180
411483.3.peg.804.site.29, 25, 144, 169
411483.3.peg.804.site.30, 5, 145, 150
411483.3.peg.804.site.31, 2, 141, 143
411483.3.peg.804.site.32, 30, 138, 168
411483.3.peg.804.site.33, 10, 144, 154
411483.3.peg.804.site.34, 0, 149, 149
411483.3.peg.804.site.35, 0, 145, 145
411483.3.peg.804.site.36, 1, 150, 151
411483.3.peg.804.site.37, 0, 151, 151
411483.3.peg.804.site.38, 8, 146, 154
411483.3.peg.804.site.39, 1, 151, 152
411483.3.peg.804.site.40, 118, 129, 247
411483.3.peg.804.site.41, 74, 116, 190
411483.3.peg.804.site.42, 2, 119, 121
411483.3.peg.804.site.43, 13, 119, 132
411483.3.peg.804.site.44, 106, 117, 223
411483.3.peg.804.site.45, 0, 127, 127
411483.3.peg.804.site.46, 6, 137, 143
411483.3.peg.804.site.47, 0, 133, 133
411483.3.peg.804.site.48, 1, 147, 148
411483.3.peg.804.site.49, 11, 147, 158
411483.3.peg.804.site.50, 8, 146, 154
411483.3.peg.804.site.51, 1, 146, 147
411483.3.peg.804.site.52, 2, 150, 152
411483.3.peg.805.site.1, 1, 151, 152
411483.3.peg.805.site.2, 2, 153, 155
411483.3.peg.805.site.3, 109, 144, 253
411483.3.peg.805.site.4, 14, 150, 164
411483.3.peg.805.site.5, 1, 149, 150
411483.3.peg.805.site.6, 138, 138, 276
411483.3.peg.805.site.7, 11, 126, 137
411483.3.peg.805.site.8, 3, 114, 117
411483.3.peg.805.site.9, 4, 115, 119
411483.3.peg.805.site.10, 106, 110, 216
411483.3.peg.805.site.11, 101, 107, 208
411483.3.peg.805.site.12, 0, 117, 117
411483.3.peg.805.site.13, 2, 130, 132
411483.3.peg.805.site.14, 0, 145, 145
411483.3.peg.805.site.15, 79, 136, 215
411483.3.peg.805.site.16, 12, 140, 152
411483.3.peg.805.site.17, 3, 150, 153
411483.3.peg.805.site.18, 1, 149, 150
411483.3.peg.805.site.19, 1, 152, 153
411483.3.peg.805.site.20, 5, 146, 151
411483.3.peg.805.site.21, 1, 153, 154
411483.3.peg.805.site.22, 7, 155, 162
411483.3.peg.805.site.23, 2, 155, 157
411483.3.peg.805.site.24, 1, 155, 156
411483.3.peg.805.site.25, 0, 154, 154
411483.3.peg.805.site.26, 2, 154, 156
411483.3.peg.805.site.27, 35, 139, 174
411483.3.peg.805.site.28, 7, 154, 161
411483.3.peg.805.site.29, 2, 152, 154
411483.3.peg.805.site.30, 3, 155, 158
411483.3.peg.805.site.31, 2, 149, 151
411483.3.peg.805.site.32, 56, 141, 197
411483.3.peg.805.site.33, 48, 144, 192
411483.3.peg.805.site.34, 2, 149, 151
411483.3.peg.805.site.35, 4, 146, 150
411483.3.peg.805.site.36, 5, 145, 150
411483.3.peg.805.site.37, 3, 141, 144
411483.3.peg.805.site.38, 3, 137, 140
411483.3.peg.805.site.39, 4, 137, 141
411483.3.peg.805.site.40, 2, 137, 139
411483.3.peg.805.site.41, 54, 134, 188
411483.3.peg.805.site.42, 1, 148, 149
411483.3.peg.805.site.43, 1, 151, 152
411483.3.peg.805.site.44, 151, 151, 302
411483.3.peg.805.site.45, 0, 154, 154
411483.3.peg.805.site.46, 41, 146, 187
411483.3.peg.805.site.47, 6, 155, 161
411483.3.peg.805.site.48, 33, 149, 182
411483.3.peg.805.site.49, 2, 154, 156
411483.3.peg.805.site.50, 2, 152, 154
411483.3.peg.805.site.51, 0, 153, 153
411483.3.peg.805.site.52, 4, 152, 156
411483.3.peg.805.site.53, 12, 149, 161
411483.3.peg.805.site.54, 5, 153, 158
411483.3.peg.805.site.55, 2, 153, 155
411483.3.peg.805.site.56, 1, 152, 153
411483.3.peg.805.site.57, 9, 145, 154
411483.3.peg.805.site.58, 86, 118, 204
411483.3.peg.806.site.1, 7, 140, 147
411483.3.peg.806.site.2, 1, 147, 148
411483.3.peg.806.site.3, 13, 142, 155
411483.3.peg.806.site.4, 2, 143, 145
411483.3.peg.806.site.5, 10, 144, 154
411483.3.peg.806.site.6, 4, 146, 150
411483.3.peg.806.site.7, 2, 151, 153
411483.3.peg.806.site.8, 2, 149, 151
411483.3.peg.806.site.9, 1, 152, 153
411483.3.peg.806.site.10, 7, 148, 155
411483.3.peg.806.site.11, 6, 150, 156
411483.3.peg.806.site.12, 1, 150, 151
411483.3.peg.806.site.13, 12, 151, 163
411483.3.peg.806.site.14, 10, 154, 164
411483.3.peg.806.site.15, 6, 152, 158
411483.3.peg.806.site.16, 1, 155, 156
411483.3.peg.806.site.17, 132, 153, 285
411483.3.peg.806.site.18, 7, 152, 159
411483.3.peg.806.site.19, 0, 153, 153
411483.3.peg.806.site.20, 9, 154, 163
411483.3.peg.806.site.21, 2, 154, 156
411483.3.peg.806.site.22, 5, 154, 159
411483.3.peg.806.site.23, 5, 153, 158
411483.3.peg.806.site.24, 16, 152, 168
411483.3.peg.806.site.25, 0, 154, 154
411483.3.peg.806.site.26, 2, 153, 155
411483.3.peg.806.site.27, 120, 145, 265
411483.3.peg.806.site.28, 2, 152, 154
411483.3.peg.806.site.29, 10, 146, 156
411483.3.peg.806.site.30, 1, 151, 152
411483.3.peg.806.site.31, 29, 149, 178
411483.3.peg.806.site.32, 87, 137, 224
411483.3.peg.806.site.33, 1, 143, 144
411483.3.peg.806.site.34, 1, 143, 144
411483.3.peg.806.site.35, 21, 133, 154
411483.3.peg.806.site.36, 7, 126, 133
411483.3.peg.806.site.37, 108, 119, 227
411483.3.peg.806.site.38, 5, 126, 131
411483.3.peg.806.site.39, 1, 125, 126
411483.3.peg.806.site.40, 1, 128, 129
411483.3.peg.806.site.41, 39, 127, 166
411483.3.peg.806.site.42, 2, 132, 134
411483.3.peg.806.site.43, 9, 136, 145
411483.3.peg.806.site.44, 2, 138, 140
411483.3.peg.806.site.45, 8, 136, 144
411483.3.peg.806.site.46, 7, 144, 151
411483.3.peg.806.site.47, 1, 143, 144
411483.3.peg.806.site.48, 2, 143, 145
411483.3.peg.806.site.49, 96, 143, 239
411483.3.peg.806.site.50, 1, 145, 146
411483.3.peg.806.site.51, 3, 145, 148
411483.3.peg.806.site.52, 1, 141, 142
411483.3.peg.806.site.53, 6, 146, 152
411483.3.peg.806.site.54, 14, 141, 155
411483.3.peg.806.site.55, 79, 141, 220
411483.3.peg.806.site.56, 1, 153, 154
411483.3.peg.806.site.57, 1, 153, 154
411483.3.peg.806.site.58, 12, 149, 161
411483.3.peg.806.site.59, 0, 152, 152
411483.3.peg.806.site.60, 9, 149, 158
411483.3.peg.806.site.61, 2, 147, 149
411483.3.peg.806.site.62, 123, 143, 266
411483.3.peg.806.site.63, 10, 146, 156
411483.3.peg.806.site.64, 1, 149, 150
411483.3.peg.806.site.65, 1, 149, 150
411483.3.peg.806.site.66, 1, 144, 145
411483.3.peg.806.site.67, 5, 145, 150
411483.3.peg.806.site.68, 4, 144, 148
411483.3.peg.806.site.69, 4, 130, 134
411483.3.peg.806.site.70, 1, 134, 135
411483.3.peg.806.site.71, 35, 134, 169
411483.3.peg.806.site.72, 2, 143, 145
411483.3.peg.806.site.73, 3, 150, 153
411483.3.peg.806.site.74, 19, 140, 159
411483.3.peg.806.site.75, 45, 145, 190
411483.3.peg.806.site.76, 27, 146, 173
411483.3.peg.806.site.77, 1, 149, 150
411483.3.peg.806.site.78, 21, 143, 164
411483.3.peg.806.site.79, 18, 146, 164
411483.3.peg.806.site.80, 2, 150, 152
411483.3.peg.806.site.81, 2, 152, 154
411483.3.peg.806.site.82, 1, 153, 154
411483.3.peg.806.site.83, 5, 150, 155
411483.3.peg.806.site.84, 1, 150, 151
411483.3.peg.806.site.85, 0, 149, 149
411483.3.peg.806.site.86, 37, 145, 182
411483.3.peg.806.site.87, 73, 143, 216
411483.3.peg.806.site.88, 0, 149, 149
411483.3.peg.806.site.89, 1, 146, 147
411483.3.peg.806.site.90, 1, 145, 146
411483.3.peg.806.site.91, 77, 140, 217
411483.3.peg.806.site.92, 3, 152, 155
411483.3.peg.806.site.93, 1, 151, 152
411483.3.peg.806.site.94, 3, 148, 151
411483.3.peg.806.site.95, 9, 153, 162
411483.3.peg.806.site.96, 2, 154, 156
411483.3.peg.806.site.97, 8, 151, 159
411483.3.peg.806.site.98, 16, 151, 167
411483.3.peg.806.site.99, 10, 150, 160
411483.3.peg.806.site.100, 5, 152, 157
411483.3.peg.806.site.101, 3, 152, 155
411483.3.peg.806.site.102, 4, 155, 159
411483.3.peg.806.site.103, 0, 153, 153
411483.3.peg.806.site.104, 0, 154, 154
411483.3.peg.806.site.105, 5, 153, 158
411483.3.peg.806.site.106, 0, 154, 154
411483.3.peg.806.site.107, 46, 149, 195
411483.3.peg.806.site.108, 1, 154, 155
411483.3.peg.806.site.109, 3, 153, 156
411483.3.peg.806.site.110, 24, 145, 169
411483.3.peg.806.site.111, 13, 150, 163
411483.3.peg.806.site.112, 3, 154, 157
411483.3.peg.806.site.113, 3, 152, 155
411483.3.peg.806.site.114, 1, 148, 149
411483.3.peg.806.site.115, 15, 145, 160
411483.3.peg.806.site.116, 4, 153, 157
411483.3.peg.806.site.117, 1, 153, 154
411483.3.peg.806.site.118, 45, 150, 195
411483.3.peg.806.site.119, 8, 154, 162
411483.3.peg.806.site.120, 4, 153, 157
411483.3.peg.806.site.121, 7, 150, 157
411483.3.peg.806.site.122, 1, 149, 150
411483.3.peg.806.site.123, 93, 150, 243
411483.3.peg.806.site.124, 25, 153, 178
411483.3.peg.806.site.125, 20, 154, 174
411483.3.peg.806.site.126, 1, 155, 156
411483.3.peg.806.site.127, 1, 154, 155
411483.3.peg.806.site.128, 92, 151, 243
411483.3.peg.806.site.129, 0, 152, 152
411483.3.peg.806.site.130, 6, 151, 157
411483.3.peg.806.site.131, 2, 152, 154
411483.3.peg.806.site.132, 5, 147, 152
411483.3.peg.806.site.133, 14, 148, 162
411483.3.peg.806.site.134, 2, 151, 153
411483.3.peg.806.site.135, 106, 144, 250
411483.3.peg.806.site.136, 15, 142, 157
411483.3.peg.806.site.137, 49, 137, 186
411483.3.peg.806.site.138, 8, 146, 154
411483.3.peg.806.site.139, 75, 140, 215
411483.3.peg.806.site.140, 10, 146, 156
411483.3.peg.806.site.141, 3, 149, 152
411483.3.peg.806.site.142, 22, 142, 164
411483.3.peg.806.site.143, 12, 147, 159
411483.3.peg.806.site.144, 2, 151, 153
411483.3.peg.800.site.1, 5, 154, 159
411483.3.peg.800.site.2, 151, 153, 304
411483.3.peg.800.site.3, 1, 154, 155
411483.3.peg.800.site.4, 79, 141, 220
411483.3.peg.800.site.5, 2, 154, 156
411483.3.peg.800.site.6, 4, 154, 158
411483.3.peg.800.site.7, 5, 155, 160
411483.3.peg.800.site.8, 78, 142, 220
411483.3.peg.800.site.9, 151, 154, 305
411483.3.peg.800.site.10, 152, 152, 304
411483.3.peg.800.site.11, 2, 152, 154
411483.3.peg.800.site.12, 3, 131, 134
411483.3.peg.800.site.13, 53, 124, 177
411483.3.peg.800.site.14, 1, 123, 124
411483.3.peg.800.site.15, 20, 128, 148
411483.3.peg.800.site.16, 4, 139, 143
411483.3.peg.800.site.17, 102, 142, 244
411483.3.peg.800.site.18, 1, 149, 150
411483.3.peg.800.site.19, 1, 150, 151
411483.3.peg.800.site.20, 4, 151, 155
411483.3.peg.800.site.21, 7, 147, 154
411483.3.peg.800.site.22, 0, 148, 148
411483.3.peg.800.site.23, 2, 149, 151
411483.3.peg.800.site.24, 20, 136, 156
411483.3.peg.800.site.25, 5, 130, 135
411483.3.peg.800.site.26, 6, 125, 131
411483.3.peg.800.site.27, 8, 122, 130
411483.3.peg.800.site.28, 3, 124, 127
411483.3.peg.800.site.29, 19, 124, 143
411483.3.peg.800.site.30, 2, 126, 128
411483.3.peg.800.site.31, 12, 124, 136
411483.3.peg.800.site.32, 8, 124, 132
411483.3.peg.800.site.33, 3, 123, 126
411483.3.peg.800.site.34, 41, 114, 155
411483.3.peg.800.site.35, 1, 118, 119
411483.3.peg.800.site.36, 6, 120, 126
411483.3.peg.800.site.37, 3, 136, 139
411483.3.peg.800.site.38, 3, 144, 147
411483.3.peg.800.site.39, 2, 153, 155
411483.3.peg.800.site.40, 3, 153, 156
411483.3.peg.800.site.41, 7, 154, 161
411483.3.peg.800.site.42, 3, 153, 156
411483.3.peg.800.site.43, 49, 142, 191
411483.3.peg.800.site.44, 108, 145, 253
411483.3.peg.800.site.45, 2, 153, 155
411483.3.peg.800.site.46, 7, 154, 161
411483.3.peg.800.site.47, 147, 154, 301
411483.3.peg.800.site.48, 65, 148, 213
411483.3.peg.800.site.49, 2, 155, 157
411483.3.peg.800.site.50, 7, 155, 162
411483.3.peg.800.site.51, 0, 153, 153
411483.3.peg.800.site.52, 0, 152, 152
411483.3.peg.800.site.53, 1, 154, 155
411483.3.peg.800.site.54, 69, 140, 209
411483.3.peg.801.site.1, 10, 139, 149
411483.3.peg.801.site.2, 1, 149, 150
411483.3.peg.801.site.3, 4, 146, 150
411483.3.peg.801.site.4, 3, 150, 153
411483.3.peg.801.site.5, 2, 149, 151
411483.3.peg.801.site.6, 50, 145, 195
411483.3.peg.801.site.7, 2, 141, 143
411483.3.peg.801.site.8, 4, 145, 149
411483.3.peg.801.site.9, 143, 148, 291
411483.3.peg.801.site.10, 2, 151, 153
411483.3.peg.801.site.11, 27, 142, 169
411483.3.peg.801.site.12, 54, 145, 199
411483.3.peg.801.site.13, 2, 152, 154
411483.3.peg.801.site.14, 4, 150, 154
411483.3.peg.801.site.15, 114, 145, 259
411483.3.peg.801.site.16, 14, 146, 160
411483.3.peg.801.site.17, 3, 153, 156
411483.3.peg.801.site.18, 5, 151, 156
411483.3.peg.801.site.19, 88, 141, 229
411483.3.peg.801.site.20, 2, 152, 154
411483.3.peg.801.site.21, 74, 146, 220
411483.3.peg.801.site.22, 9, 145, 154
411483.3.peg.801.site.23, 44, 139, 183
411483.3.peg.801.site.24, 35, 138, 173
411483.3.peg.801.site.25, 4, 150, 154
411483.3.peg.801.site.26, 4, 143, 147
411483.3.peg.801.site.27, 5, 152, 157
411483.3.peg.801.site.28, 20, 148, 168
411483.3.peg.801.site.29, 1, 149, 150
411483.3.peg.801.site.30, 2, 151, 153
411483.3.peg.801.site.31, 0, 143, 143
411483.3.peg.801.site.32, 0, 147, 147
411483.3.peg.801.site.33, 12, 141, 153
411483.3.peg.801.site.34, 3, 142, 145
411483.3.peg.801.site.35, 3, 144, 147
411483.3.peg.801.site.36, 12, 143, 155
411483.3.peg.801.site.37, 4, 149, 153
411483.3.peg.801.site.38, 0, 150, 150
411483.3.peg.801.site.39, 20, 140, 160
411483.3.peg.801.site.40, 6, 146, 152
411483.3.peg.801.site.41, 0, 148, 148
411483.3.peg.801.site.42, 0, 151, 151
411483.3.peg.801.site.43, 15, 148, 163
411483.3.peg.801.site.44, 55, 139, 194
411483.3.peg.801.site.45, 3, 151, 154
411483.3.peg.801.site.46, 0, 151, 151
411483.3.peg.801.site.47, 0, 153, 153
411483.3.peg.801.site.48, 10, 151, 161
411483.3.peg.801.site.49, 7, 153, 160
411483.3.peg.801.site.50, 42, 150, 192
411483.3.peg.801.site.51, 0, 153, 153
411483.3.peg.801.site.52, 3, 152, 155
411483.3.peg.801.site.53, 2, 153, 155
411483.3.peg.801.site.54, 6, 148, 154
411483.3.peg.801.site.55, 1, 151, 152
411483.3.peg.801.site.56, 126, 145, 271
411483.3.peg.801.site.57, 2, 151, 153
411483.3.peg.801.site.58, 46, 144, 190
411483.3.peg.801.site.59, 8, 149, 157
411483.3.peg.801.site.60, 18, 146, 164
411483.3.peg.801.site.61, 0, 152, 152
411483.3.peg.801.site.62, 0, 151, 151
411483.3.peg.801.site.63, 1, 155, 156
411483.3.peg.801.site.64, 1, 152, 153
411483.3.peg.801.site.65, 27, 145, 172
411483.3.peg.801.site.66, 6, 154, 160
411483.3.peg.801.site.67, 5, 154, 159
411483.3.peg.801.site.68, 1, 154, 155
411483.3.peg.801.site.69, 1, 148, 149
411483.3.peg.801.site.70, 10, 142, 152
411483.3.peg.801.site.71, 15, 147, 162
411483.3.peg.801.site.72, 54, 140, 194
411483.3.peg.801.site.73, 0, 149, 149
411483.3.peg.801.site.74, 7, 146, 153
411483.3.peg.801.site.75, 10, 147, 157
411483.3.peg.801.site.76, 2, 147, 149
411483.3.peg.801.site.77, 11, 148, 159
411483.3.peg.801.site.78, 0, 152, 152
411483.3.peg.801.site.79, 2, 152, 154
411483.3.peg.801.site.80, 3, 152, 155
411483.3.peg.801.site.81, 0, 155, 155
411483.3.peg.801.site.82, 1, 153, 154
411483.3.peg.801.site.83, 1, 154, 155
411483.3.peg.801.site.84, 2, 154, 156
411483.3.peg.801.site.85, 0, 154, 154
411483.3.peg.801.site.86, 0, 153, 153
411483.3.peg.801.site.87, 3, 154, 157
411483.3.peg.801.site.88, 6, 147, 153
411483.3.peg.802.site.1, 2, 152, 154
411483.3.peg.802.site.2, 0, 152, 152
411483.3.peg.802.site.3, 1, 155, 156
411483.3.peg.803.site.1, 1, 155, 156
411483.3.peg.803.site.2, 0, 153, 153
411483.3.peg.803.site.3, 0, 155, 155
411483.3.peg.803.site.4, 3, 153, 156
411483.3.peg.803.site.5, 1, 154, 155
411483.3.peg.803.site.6, 1, 150, 151
411483.3.peg.803.site.7, 1, 153, 154
411483.3.peg.803.site.8, 1, 153, 154
411483.3.peg.803.site.9, 3, 154, 157
411483.3.peg.803.site.10, 2, 155, 157
411483.3.peg.803.site.11, 0, 154, 154
411483.3.peg.803.site.12, 0, 155, 155
411483.3.peg.803.site.13, 1, 155, 156
411483.3.peg.803.site.14, 9, 152, 161
411483.3.peg.803.site.15, 4, 146, 150
411483.3.peg.803.site.16, 2, 152, 154
411483.3.peg.803.site.17, 1, 152, 153
411483.3.peg.803.site.18, 5, 147, 152
411483.3.peg.803.site.19, 1, 148, 149
411483.3.peg.803.site.20, 1, 150, 151
411483.3.peg.803.site.21, 90, 134, 224
411483.3.peg.803.site.22, 1, 145, 146
411483.3.peg.803.site.23, 1, 152, 153
411483.3.peg.803.site.24, 1, 149, 150
411483.3.peg.803.site.25, 0, 151, 151
411483.3.peg.803.site.26, 3, 148, 151
411483.3.peg.803.site.27, 2, 153, 155
411483.3.peg.803.site.28, 1, 153, 154
411483.3.peg.803.site.29, 2, 153, 155
411483.3.peg.803.site.30, 0, 152, 152
411483.3.peg.803.site.31, 80, 145, 225
411483.3.peg.803.site.32, 12, 151, 163
411483.3.peg.803.site.33, 4, 152, 156
411483.3.peg.803.site.34, 5, 154, 159
411483.3.peg.803.site.35, 1, 153, 154
411483.3.peg.803.site.36, 1, 153, 154
411483.3.peg.803.site.37, 1, 154, 155
411483.3.peg.803.site.38, 1, 152, 153
411483.3.peg.803.site.39, 2, 154, 156
411483.3.peg.803.site.40, 1, 153, 154
411483.3.peg.803.site.41, 42, 148, 190
411483.3.peg.803.site.42, 2, 150, 152
411483.3.peg.803.site.43, 0, 151, 151
411483.3.peg.803.site.44, 139, 149, 288
411483.3.peg.803.site.45, 56, 140, 196
411483.3.peg.803.site.46, 64, 143, 207
411483.3.peg.808.site.1, 3, 154, 157
411483.3.peg.808.site.2, 5, 154, 159
411483.3.peg.808.site.3, 7, 152, 159
411483.3.peg.808.site.4, 4, 150, 154
411483.3.peg.808.site.5, 4, 151, 155
411483.3.peg.808.site.6, 5, 151, 156
411483.3.peg.808.site.7, 0, 151, 151
411483.3.peg.808.site.8, 7, 149, 156
411483.3.peg.808.site.9, 30, 150, 180
411483.3.peg.808.site.10, 4, 152, 156
411483.3.peg.808.site.11, 3, 155, 158
411483.3.peg.808.site.12, 1, 152, 153
411483.3.peg.808.site.13, 2, 149, 151
411483.3.peg.808.site.14, 2, 152, 154
411483.3.peg.808.site.15, 14, 152, 166
411483.3.peg.808.site.16, 2, 155, 157
411483.3.peg.808.site.17, 2, 155, 157
411483.3.peg.808.site.18, 0, 153, 153
411483.3.peg.808.site.19, 2, 154, 156
411483.3.peg.808.site.20, 4, 150, 154
411483.3.peg.808.site.21, 1, 153, 154
411483.3.peg.808.site.22, 5, 150, 155
411483.3.peg.808.site.23, 53, 141, 194
411483.3.peg.808.site.24, 1, 151, 152
411483.3.peg.808.site.25, 139, 147, 286
411483.3.peg.808.site.26, 2, 147, 149
411483.3.peg.808.site.27, 4, 147, 151
411483.3.peg.808.site.28, 41, 141, 182
411483.3.peg.808.site.29, 3, 147, 150
411483.3.peg.808.site.30, 4, 147, 151
411483.3.peg.808.site.31, 4, 145, 149
411483.3.peg.808.site.32, 8, 149, 157
411483.3.peg.808.site.33, 16, 142, 158
411483.3.peg.808.site.34, 1, 146, 147
411483.3.peg.808.site.35, 4, 144, 148
411483.3.peg.808.site.36, 1, 139, 140
411483.3.peg.808.site.37, 2, 135, 137
411483.3.peg.808.site.38, 6, 137, 143
411483.3.peg.808.site.39, 0, 142, 142
411483.3.peg.808.site.40, 11, 140, 151
411483.3.peg.808.site.41, 9, 139, 148
411483.3.peg.808.site.42, 12, 143, 155
411483.3.peg.808.site.43, 8, 140, 148
411483.3.peg.808.site.44, 1, 135, 136
411483.3.peg.808.site.45, 1, 135, 136
411483.3.peg.808.site.46, 52, 134, 186
411483.3.peg.808.site.47, 2, 133, 135
411483.3.peg.808.site.48, 13, 120, 133
411483.3.peg.808.site.49, 31, 112, 143
411483.3.peg.808.site.50, 1, 111, 112
411483.3.peg.808.site.51, 10, 110, 120
411483.3.peg.808.site.52, 1, 117, 118
411483.3.peg.808.site.53, 3, 125, 128
411483.3.peg.808.site.54, 1, 126, 127
411483.3.peg.808.site.55, 7, 122, 129
411483.3.peg.808.site.56, 1, 128, 129
411483.3.peg.808.site.57, 0, 127, 127
411483.3.peg.808.site.58, 1, 125, 126
411483.3.peg.808.site.59, 2, 114, 116
411483.3.peg.808.site.60, 3, 128, 131
411483.3.peg.808.site.61, 136, 138, 274
411483.3.peg.808.site.62, 3, 139, 142
411483.3.peg.808.site.63, 1, 139, 140
411483.3.peg.808.site.64, 1, 137, 138
411483.3.peg.808.site.65, 2, 135, 137
411483.3.peg.808.site.66, 11, 141, 152
411483.3.peg.808.site.67, 1, 149, 150
411483.3.peg.808.site.68, 1, 154, 155
411483.3.peg.808.site.69, 0, 152, 152
411483.3.peg.808.site.70, 5, 144, 149
411483.3.peg.808.site.71, 1, 148, 149
411483.3.peg.808.site.72, 1, 143, 144
411483.3.peg.808.site.73, 1, 142, 143
411483.3.peg.808.site.74, 1, 124, 125
411483.3.peg.808.site.75, 0, 134, 134
411483.3.peg.808.site.76, 142, 142, 284
411483.3.peg.808.site.77, 3, 153, 156
411483.3.peg.808.site.78, 1, 152, 153
411483.3.peg.808.site.79, 68, 144, 212
411483.3.peg.808.site.80, 62, 145, 207
411483.3.peg.808.site.81, 0, 150, 150
411483.3.peg.809.site.1, 1, 150, 151
411483.3.peg.809.site.2, 0, 149, 149
411483.3.peg.809.site.3, 0, 144, 144
411483.3.peg.809.site.4, 57, 141, 198
411483.3.peg.809.site.5, 3, 148, 151
411483.3.peg.809.site.6, 14, 145, 159
411483.3.peg.809.site.7, 3, 149, 152
411483.3.peg.809.site.8, 3, 148, 151
411483.3.peg.809.site.9, 1, 150, 151
411483.3.peg.809.site.10, 10, 146, 156
411483.3.peg.809.site.11, 4, 147, 151
411483.3.peg.809.site.12, 1, 149, 150
411483.3.peg.809.site.13, 4, 146, 150
411483.3.peg.809.site.14, 0, 153, 153
411483.3.peg.809.site.15, 3, 152, 155
411483.3.peg.809.site.16, 4, 150, 154
411483.3.peg.809.site.17, 2, 154, 156
411483.3.peg.809.site.18, 2, 154, 156
411483.3.peg.809.site.19, 2, 153, 155
411483.3.peg.809.site.20, 23, 148, 171
411483.3.peg.809.site.21, 1, 150, 151
411483.3.peg.809.site.22, 7, 146, 153
411483.3.peg.809.site.23, 1, 145, 146
411483.3.peg.809.site.24, 3, 151, 154
411483.3.peg.809.site.25, 5, 147, 152
411483.3.peg.809.site.26, 2, 151, 153
411483.3.peg.809.site.27, 0, 150, 150
411483.3.peg.809.site.28, 10, 151, 161
411483.3.peg.809.site.29, 1, 148, 149
411483.3.peg.809.site.30, 7, 150, 157
411483.3.peg.809.site.31, 3, 152, 155
411483.3.peg.809.site.32, 9, 148, 157
411483.3.peg.809.site.33, 2, 140, 142
411483.3.peg.809.site.34, 11, 147, 158
411483.3.peg.809.site.35, 11, 149, 160
411483.3.peg.809.site.36, 1, 153, 154
411483.3.peg.1254.site.1, 4, 151, 155
411483.3.peg.1254.site.2, 1, 153, 154
411483.3.peg.1254.site.3, 5, 149, 154
411483.3.peg.1254.site.4, 2, 146, 148
411483.3.peg.1254.site.5, 4, 131, 135
411483.3.peg.1254.site.6, 3, 139, 142
411483.3.peg.1254.site.7, 0, 135, 135
411483.3.peg.1254.site.8, 1, 139, 140
411483.3.peg.1254.site.9, 1, 148, 149
411483.3.peg.1254.site.10, 4, 148, 152
411483.3.peg.1254.site.11, 0, 148, 148
411483.3.peg.1254.site.12, 1, 148, 149
411483.3.peg.1254.site.13, 6, 142, 148
411483.3.peg.1254.site.14, 2, 146, 148
411483.3.peg.1254.site.15, 1, 148, 149
411483.3.peg.1254.site.16, 1, 142, 143
411483.3.peg.1254.site.17, 1, 145, 146
411483.3.peg.1254.site.18, 0, 144, 144
411483.3.peg.1254.site.19, 1, 150, 151
411483.3.peg.1254.site.20, 1, 151, 152
411483.3.peg.1254.site.21, 4, 144, 148
411483.3.peg.1254.site.22, 0, 147, 147
411483.3.peg.1254.site.23, 0, 149, 149
411483.3.peg.1254.site.24, 0, 144, 144
411483.3.peg.1254.site.25, 8, 135, 143
411483.3.peg.1254.site.26, 5, 138, 143
411483.3.peg.1254.site.27, 1, 140, 141
411483.3.peg.1254.site.28, 7, 125, 132
411483.3.peg.1254.site.29, 9, 141, 150
411483.3.peg.1254.site.30, 1, 147, 148
411483.3.peg.1254.site.31, 19, 146, 165
411483.3.peg.1254.site.32, 3, 149, 152
411483.3.peg.1254.site.33, 1, 149, 150
411483.3.peg.1254.site.34, 61, 139, 200
411483.3.peg.1254.site.35, 3, 150, 153
411483.3.peg.1254.site.36, 4, 148, 152
411483.3.peg.1254.site.37, 3, 150, 153
411483.3.peg.1254.site.38, 1, 150, 151
411483.3.peg.1254.site.39, 3, 150, 153
411483.3.peg.1254.site.40, 19, 142, 161
411483.3.peg.1254.site.41, 1, 151, 152
411483.3.peg.1254.site.42, 1, 150, 151
411483.3.peg.1254.site.43, 0, 149, 149
411483.3.peg.1254.site.44, 4, 151, 155
411483.3.peg.1254.site.45, 18, 142, 160
411483.3.peg.1254.site.46, 3, 150, 153
411483.3.peg.1254.site.47, 1, 152, 153
411483.3.peg.1254.site.48, 50, 146, 196
411483.3.peg.1254.site.49, 9, 152, 161
411483.3.peg.1254.site.50, 2, 151, 153
411483.3.peg.1254.site.51, 0, 151, 151
411483.3.peg.1254.site.52, 4, 150, 154
411483.3.peg.1254.site.53, 13, 152, 165
411483.3.peg.1254.site.54, 5, 154, 159
411483.3.peg.1254.site.55, 14, 151, 165
411483.3.peg.1254.site.56, 1, 154, 155
411483.3.peg.1254.site.57, 142, 151, 293
411483.3.peg.1254.site.58, 7, 151, 158
411483.3.peg.1254.site.59, 5, 153, 158
411483.3.peg.1254.site.60, 4, 149, 153
411483.3.peg.1254.site.61, 17, 145, 162
411483.3.peg.1254.site.62, 3, 149, 152
411483.3.peg.1254.site.63, 1, 154, 155
411483.3.peg.1254.site.64, 5, 153, 158
411483.3.peg.1254.site.65, 2, 151, 153
411483.3.peg.1254.site.66, 116, 146, 262
411483.3.peg.1254.site.67, 6, 152, 158
411483.3.peg.1254.site.68, 10, 148, 158
411483.3.peg.1254.site.69, 6, 154, 160
411483.3.peg.1254.site.70, 2, 152, 154
411483.3.peg.1254.site.71, 3, 153, 156
411483.3.peg.1254.site.72, 10, 154, 164
411483.3.peg.1254.site.73, 12, 147, 159
411483.3.peg.1254.site.74, 79, 135, 214
411483.3.peg.1254.site.75, 0, 151, 151
411483.3.peg.1254.site.76, 1, 149, 150
411483.3.peg.1254.site.77, 2, 152, 154
411483.3.peg.1254.site.78, 5, 152, 157
411483.3.peg.1254.site.79, 25, 150, 175
411483.3.peg.1254.site.80, 1, 152, 153
411483.3.peg.1254.site.81, 5, 149, 154
411483.3.peg.1254.site.82, 6, 141, 147
411483.3.peg.736.site.1, 1, 153, 154
411483.3.peg.736.site.2, 137, 149, 286
411483.3.peg.736.site.3, 1, 150, 151
411483.3.peg.736.site.4, 6, 151, 157
411483.3.peg.736.site.5, 1, 148, 149
411483.3.peg.736.site.6, 1, 149, 150
411483.3.peg.736.site.7, 2, 148, 150
411483.3.peg.736.site.8, 1, 144, 145
411483.3.peg.736.site.9, 27, 137, 164
411483.3.peg.736.site.10, 59, 140, 199
411483.3.peg.736.site.11, 140, 147, 287
411483.3.peg.736.site.12, 2, 151, 153
411483.3.peg.736.site.13, 25, 146, 171
411483.3.peg.736.site.14, 1, 151, 152
411483.3.peg.736.site.15, 1, 151, 152
411483.3.peg.736.site.16, 5, 152, 157
411483.3.peg.736.site.17, 39, 147, 186
411483.3.peg.736.site.18, 26, 150, 176
411483.3.peg.736.site.19, 3, 151, 154
411483.3.peg.736.site.20, 1, 152, 153
411483.3.peg.736.site.21, 0, 152, 152
411483.3.peg.736.site.22, 5, 151, 156
411483.3.peg.736.site.23, 0, 152, 152
411483.3.peg.736.site.24, 3, 152, 155
411483.3.peg.736.site.25, 11, 150, 161
411483.3.peg.736.site.26, 0, 150, 150
411483.3.peg.736.site.27, 3, 154, 157
411483.3.peg.736.site.28, 52, 141, 193
411483.3.peg.736.site.29, 2, 151, 153
411483.3.peg.736.site.30, 84, 140, 224
411483.3.peg.736.site.31, 1, 152, 153
411483.3.peg.736.site.32, 28, 145, 173
411483.3.peg.736.site.33, 1, 153, 154
411483.3.peg.736.site.34, 28, 144, 172
411483.3.peg.736.site.35, 1, 154, 155
411483.3.peg.736.site.36, 1, 152, 153
411483.3.peg.736.site.37, 8, 151, 159
411483.3.peg.736.site.38, 5, 152, 157
411483.3.peg.736.site.39, 2, 152, 154
411483.3.peg.736.site.40, 36, 144, 180
411483.3.peg.736.site.41, 1, 154, 155
411483.3.peg.736.site.42, 2, 133, 135
411483.3.peg.736.site.43, 1, 133, 134
411483.3.peg.736.site.44, 44, 117, 161
411483.3.peg.736.site.45, 3, 122, 125
411483.3.peg.736.site.46, 50, 114, 164
411483.3.peg.736.site.47, 4, 139, 143
411483.3.peg.736.site.48, 2, 146, 148
411483.3.peg.736.site.49, 6, 146, 152
411483.3.peg.736.site.50, 1, 151, 152
411483.3.peg.736.site.51, 15, 150, 165
411483.3.peg.736.site.52, 5, 150, 155
411483.3.peg.736.site.53, 5, 153, 158
411483.3.peg.736.site.54, 54, 146, 200
411483.3.peg.736.site.55, 0, 150, 150
411483.3.peg.736.site.56, 102, 143, 245
411483.3.peg.736.site.57, 0, 153, 153
411483.3.peg.736.site.58, 2, 152, 154
411483.3.peg.736.site.59, 2, 154, 156
411483.3.peg.736.site.60, 1, 149, 150
411483.3.peg.736.site.61, 3, 151, 154
411483.3.peg.736.site.62, 0, 153, 153
411483.3.peg.736.site.63, 4, 154, 158
411483.3.peg.736.site.64, 0, 153, 153
411483.3.peg.736.site.65, 2, 153, 155
411483.3.peg.736.site.66, 118, 137, 255
411483.3.peg.736.site.67, 4, 133, 137
411483.3.peg.736.site.68, 3, 135, 138
411483.3.peg.736.site.69, 6, 134, 140
411483.3.peg.736.site.70, 4, 129, 133
411483.3.peg.736.site.71, 1, 123, 124
411483.3.peg.736.site.72, 1, 121, 122
411483.3.peg.736.site.73, 1, 123, 124
411483.3.peg.736.site.74, 110, 125, 235
411483.3.peg.736.site.75, 23, 128, 151
411483.3.peg.736.site.76, 8, 126, 134
411483.3.peg.736.site.77, 11, 127, 138
411483.3.peg.737.site.1, 0, 152, 152
411483.3.peg.737.site.2, 7, 152, 159
411483.3.peg.737.site.3, 4, 149, 153
411483.3.peg.737.site.4, 1, 148, 149
411483.3.peg.737.site.5, 6, 151, 157
411483.3.peg.737.site.6, 2, 149, 151
411483.3.peg.737.site.7, 1, 152, 153
411483.3.peg.737.site.8, 1, 153, 154
411483.3.peg.737.site.9, 2, 153, 155
411483.3.peg.737.site.10, 1, 152, 153
411483.3.peg.737.site.11, 1, 152, 153
411483.3.peg.737.site.12, 1, 153, 154
411483.3.peg.737.site.13, 0, 152, 152
411483.3.peg.737.site.14, 1, 154, 155
411483.3.peg.737.site.15, 1, 153, 154
411483.3.peg.737.site.16, 1, 155, 156
411483.3.peg.737.site.17, 6, 153, 159
411483.3.peg.737.site.18, 0, 152, 152
411483.3.peg.737.site.19, 8, 152, 160
411483.3.peg.737.site.20, 3, 153, 156
411483.3.peg.737.site.21, 4, 154, 158
411483.3.peg.737.site.22, 63, 146, 209
411483.3.peg.737.site.23, 0, 152, 152
411483.3.peg.737.site.24, 4, 151, 155
411483.3.peg.737.site.25, 1, 151, 152
411483.3.peg.737.site.26, 0, 151, 151
411483.3.peg.737.site.27, 98, 147, 245
411483.3.peg.737.site.28, 1, 153, 154
411483.3.peg.737.site.29, 93, 142, 235
411483.3.peg.737.site.30, 9, 150, 159
411483.3.peg.737.site.31, 7, 147, 154
411483.3.peg.737.site.32, 6, 151, 157
411483.3.peg.737.site.33, 30, 146, 176
411483.3.peg.737.site.34, 22, 147, 169
411483.3.peg.737.site.35, 134, 147, 281
411483.3.peg.737.site.36, 8, 151, 159
411483.3.peg.737.site.37, 6, 146, 152
411483.3.peg.737.site.38, 1, 154, 155
411483.3.peg.737.site.39, 0, 153, 153
411483.3.peg.737.site.40, 1, 154, 155
411483.3.peg.737.site.41, 1, 147, 148
411483.3.peg.737.site.42, 0, 135, 135
411483.3.peg.737.site.43, 11, 128, 139
411483.3.peg.737.site.44, 3, 118, 121
411483.3.peg.737.site.45, 11, 145, 156
411483.3.peg.737.site.46, 1, 144, 145
411483.3.peg.737.site.47, 1, 152, 153
411483.3.peg.737.site.48, 8, 152, 160
411483.3.peg.737.site.49, 1, 152, 153
411483.3.peg.737.site.50, 11, 147, 158
411483.3.peg.737.site.51, 2, 152, 154
411483.3.peg.737.site.52, 1, 150, 151
411483.3.peg.737.site.53, 1, 152, 153
411483.3.peg.737.site.54, 4, 152, 156
411483.3.peg.734.site.1, 5, 150, 155
411483.3.peg.734.site.2, 2, 152, 154
411483.3.peg.734.site.3, 4, 152, 156
411483.3.peg.734.site.4, 11, 153, 164
411483.3.peg.734.site.5, 2, 151, 153
411483.3.peg.734.site.6, 0, 154, 154
411483.3.peg.734.site.7, 1, 154, 155
411483.3.peg.734.site.8, 31, 144, 175
411483.3.peg.734.site.9, 21, 144, 165
411483.3.peg.734.site.10, 3, 142, 145
411483.3.peg.734.site.11, 22, 150, 172
411483.3.peg.734.site.12, 3, 154, 157
411483.3.peg.734.site.13, 1, 155, 156
411483.3.peg.734.site.14, 2, 154, 156
411483.3.peg.734.site.15, 155, 155, 310
411483.3.peg.734.site.16, 12, 155, 167
411483.3.peg.734.site.17, 1, 154, 155
411483.3.peg.734.site.18, 3, 155, 158
411483.3.peg.734.site.19, 6, 150, 156
411483.3.peg.734.site.20, 1, 152, 153
411483.3.peg.734.site.21, 27, 148, 175
411483.3.peg.734.site.22, 2, 153, 155
411483.3.peg.734.site.23, 3, 150, 153
411483.3.peg.734.site.24, 7, 152, 159
411483.3.peg.734.site.25, 1, 153, 154
411483.3.peg.734.site.26, 2, 154, 156
411483.3.peg.734.site.27, 7, 153, 160
411483.3.peg.734.site.28, 8, 151, 159
411483.3.peg.734.site.29, 39, 151, 190
411483.3.peg.734.site.30, 0, 153, 153
411483.3.peg.734.site.31, 0, 152, 152
411483.3.peg.734.site.32, 0, 153, 153
411483.3.peg.734.site.33, 7, 147, 154
411483.3.peg.734.site.34, 41, 144, 185
411483.3.peg.734.site.35, 0, 153, 153
411483.3.peg.734.site.36, 5, 150, 155
411483.3.peg.734.site.37, 9, 150, 159
411483.3.peg.734.site.38, 5, 154, 159
411483.3.peg.734.site.39, 146, 153, 299
411483.3.peg.734.site.40, 2, 152, 154
411483.3.peg.734.site.41, 3, 153, 156
411483.3.peg.734.site.42, 0, 154, 154
411483.3.peg.734.site.43, 2, 149, 151
411483.3.peg.734.site.44, 95, 143, 238
411483.3.peg.734.site.45, 1, 152, 153
411483.3.peg.734.site.46, 1, 150, 151
411483.3.peg.734.site.47, 3, 152, 155
411483.3.peg.734.site.48, 9, 151, 160
411483.3.peg.734.site.49, 0, 150, 150
411483.3.peg.734.site.50, 10, 150, 160
411483.3.peg.734.site.51, 12, 149, 161
411483.3.peg.734.site.52, 1, 152, 153
411483.3.peg.734.site.53, 5, 149, 154
411483.3.peg.734.site.54, 48, 147, 195
411483.3.peg.734.site.55, 0, 151, 151
411483.3.peg.734.site.56, 6, 149, 155
411483.3.peg.734.site.57, 2, 151, 153
411483.3.peg.734.site.58, 3, 153, 156
411483.3.peg.734.site.59, 25, 145, 170
411483.3.peg.734.site.60, 8, 149, 157
411483.3.peg.734.site.61, 2, 154, 156
411483.3.peg.734.site.62, 1, 154, 155
411483.3.peg.734.site.63, 2, 153, 155
411483.3.peg.734.site.64, 0, 153, 153
411483.3.peg.734.site.65, 0, 153, 153
411483.3.peg.734.site.66, 4, 153, 157
411483.3.peg.734.site.67, 1, 150, 151
411483.3.peg.734.site.68, 0, 151, 151
411483.3.peg.734.site.69, 2, 154, 156
411483.3.peg.734.site.70, 1, 151, 152
411483.3.peg.734.site.71, 0, 153, 153
411483.3.peg.734.site.72, 1, 154, 155
411483.3.peg.734.site.73, 6, 150, 156
411483.3.peg.734.site.74, 0, 155, 155
411483.3.peg.734.site.75, 7, 153, 160
411483.3.peg.734.site.76, 25, 150, 175
411483.3.peg.734.site.77, 10, 148, 158
411483.3.peg.734.site.78, 1, 153, 154
411483.3.peg.735.site.1, 1, 152, 153
411483.3.peg.735.site.2, 1, 154, 155
411483.3.peg.735.site.3, 0, 146, 146
411483.3.peg.735.site.4, 1, 145, 146
411483.3.peg.735.site.5, 2, 149, 151
411483.3.peg.735.site.6, 3, 147, 150
411483.3.peg.735.site.7, 0, 144, 144
411483.3.peg.735.site.8, 45, 134, 179
411483.3.peg.735.site.9, 117, 138, 255
411483.3.peg.735.site.10, 2, 145, 147
411483.3.peg.735.site.11, 133, 150, 283
411483.3.peg.735.site.12, 71, 137, 208
411483.3.peg.735.site.13, 2, 150, 152
411483.3.peg.735.site.14, 5, 150, 155
411483.3.peg.735.site.15, 11, 142, 153
411483.3.peg.735.site.16, 5, 149, 154
411483.3.peg.735.site.17, 0, 138, 138
411483.3.peg.735.site.18, 1, 149, 150
411483.3.peg.735.site.19, 0, 147, 147
411483.3.peg.735.site.20, 2, 152, 154
411483.3.peg.735.site.21, 2, 153, 155
411483.3.peg.735.site.22, 4, 155, 159
411483.3.peg.735.site.23, 1, 154, 155
411483.3.peg.735.site.24, 4, 153, 157
411483.3.peg.735.site.25, 9, 154, 163
411483.3.peg.735.site.26, 7, 150, 157
411483.3.peg.735.site.27, 145, 145, 290
411483.3.peg.735.site.28, 5, 146, 151
411483.3.peg.735.site.29, 4, 142, 146
411483.3.peg.735.site.30, 8, 146, 154
411483.3.peg.735.site.31, 25, 139, 164
411483.3.peg.735.site.32, 7, 147, 154
411483.3.peg.735.site.33, 35, 136, 171
411483.3.peg.735.site.34, 4, 148, 152
411483.3.peg.735.site.35, 0, 147, 147
411483.3.peg.735.site.36, 2, 149, 151
411483.3.peg.735.site.37, 82, 137, 219
411483.3.peg.735.site.38, 6, 145, 151
411483.3.peg.735.site.39, 1, 148, 149
411483.3.peg.735.site.40, 0, 148, 148
411483.3.peg.735.site.41, 8, 145, 153
411483.3.peg.735.site.42, 1, 151, 152
411483.3.peg.735.site.43, 0, 153, 153
411483.3.peg.735.site.44, 8, 151, 159
411483.3.peg.735.site.45, 2, 152, 154
411483.3.peg.735.site.46, 0, 150, 150
411483.3.peg.735.site.47, 2, 150, 152
411483.3.peg.735.site.48, 7, 149, 156
411483.3.peg.735.site.49, 3, 149, 152
411483.3.peg.735.site.50, 30, 140, 170
411483.3.peg.735.site.51, 3, 147, 150
411483.3.peg.735.site.52, 2, 148, 150
411483.3.peg.735.site.53, 1, 144, 145
411483.3.peg.735.site.54, 1, 149, 150
411483.3.peg.735.site.55, 4, 142, 146
411483.3.peg.735.site.56, 2, 149, 151
411483.3.peg.735.site.57, 1, 146, 147
411483.3.peg.735.site.58, 11, 150, 161
411483.3.peg.735.site.59, 4, 151, 155
411483.3.peg.735.site.60, 3, 151, 154
411483.3.peg.735.site.61, 0, 145, 145
411483.3.peg.735.site.62, 3, 145, 148
411483.3.peg.735.site.63, 0, 139, 139
411483.3.peg.735.site.64, 2, 137, 139
411483.3.peg.735.site.65, 9, 134, 143
411483.3.peg.735.site.66, 3, 133, 136
411483.3.peg.735.site.67, 0, 142, 142
411483.3.peg.735.site.68, 4, 135, 139
411483.3.peg.735.site.69, 62, 132, 194
411483.3.peg.735.site.70, 1, 139, 140
411483.3.peg.735.site.71, 121, 140, 261
411483.3.peg.735.site.72, 2, 146, 148
411483.3.peg.735.site.73, 1, 146, 147
411483.3.peg.735.site.74, 1, 148, 149
411483.3.peg.735.site.75, 2, 144, 146
411483.3.peg.735.site.76, 90, 141, 231
411483.3.peg.735.site.77, 0, 144, 144
411483.3.peg.735.site.78, 4, 146, 150
411483.3.peg.735.site.79, 44, 137, 181
411483.3.peg.735.site.80, 3, 149, 152
411483.3.peg.735.site.81, 2, 154, 156
411483.3.peg.735.site.82, 87, 147, 234
411483.3.peg.735.site.83, 2, 152, 154
411483.3.peg.735.site.84, 2, 154, 156
411483.3.peg.735.site.85, 0, 152, 152
411483.3.peg.735.site.86, 20, 147, 167
411483.3.peg.735.site.87, 3, 149, 152
411483.3.peg.735.site.88, 3, 151, 154
411483.3.peg.735.site.89, 0, 148, 148
411483.3.peg.735.site.90, 2, 153, 155
411483.3.peg.735.site.91, 3, 151, 154
411483.3.peg.735.site.92, 6, 149, 155
411483.3.peg.735.site.93, 14, 148, 162
411483.3.peg.735.site.94, 106, 138, 244
411483.3.peg.735.site.95, 3, 144, 147
411483.3.peg.735.site.96, 4, 144, 148
411483.3.peg.735.site.97, 7, 147, 154
411483.3.peg.735.site.98, 3, 151, 154
411483.3.peg.735.site.99, 4, 152, 156
411483.3.peg.735.site.100, 3, 150, 153
411483.3.peg.735.site.101, 2, 150, 152
411483.3.peg.735.site.102, 10, 147, 157
411483.3.peg.735.site.103, 6, 149, 155
411483.3.peg.735.site.104, 10, 142, 152
411483.3.peg.735.site.105, 0, 130, 130
411483.3.peg.735.site.106, 7, 141, 148
411483.3.peg.735.site.107, 6, 132, 138
411483.3.peg.735.site.108, 56, 132, 188
411483.3.peg.735.site.109, 132, 141, 273
411483.3.peg.735.site.110, 2, 147, 149
411483.3.peg.735.site.111, 1, 152, 153
411483.3.peg.735.site.112, 146, 153, 299
411483.3.peg.735.site.113, 1, 154, 155
411483.3.peg.735.site.114, 8, 149, 157
411483.3.peg.735.site.115, 0, 153, 153
411483.3.peg.735.site.116, 10, 152, 162
411483.3.peg.735.site.117, 53, 143, 196
411483.3.peg.735.site.118, 6, 152, 158
411483.3.peg.735.site.119, 0, 154, 154
411483.3.peg.735.site.120, 7, 152, 159
411483.3.peg.735.site.121, 75, 147, 222
411483.3.peg.735.site.122, 0, 152, 152
411483.3.peg.735.site.123, 1, 149, 150
411483.3.peg.735.site.124, 3, 149, 152
411483.3.peg.735.site.125, 23, 143, 166
411483.3.peg.735.site.126, 4, 147, 151
411483.3.peg.735.site.127, 0, 141, 141
411483.3.peg.735.site.128, 17, 138, 155
411483.3.peg.735.site.129, 1, 138, 139
411483.3.peg.735.site.130, 13, 127, 140
411483.3.peg.735.site.131, 1, 123, 124
411483.3.peg.735.site.132, 2, 114, 116
411483.3.peg.733.site.1, 2, 150, 152
411483.3.peg.733.site.2, 1, 150, 151
411483.3.peg.733.site.3, 1, 153, 154
411483.3.peg.733.site.4, 0, 150, 150
411483.3.peg.733.site.5, 5, 153, 158
411483.3.peg.733.site.6, 17, 154, 171
411483.3.peg.733.site.7, 4, 148, 152
411483.3.peg.733.site.8, 1, 146, 147
411483.3.peg.733.site.9, 15, 144, 159
411483.3.peg.733.site.10, 4, 148, 152
411483.3.peg.733.site.11, 6, 149, 155
411483.3.peg.733.site.12, 113, 148, 261
411483.3.peg.733.site.13, 2, 152, 154
411483.3.peg.733.site.14, 2, 152, 154
411483.3.peg.733.site.15, 1, 154, 155
411483.3.peg.733.site.16, 23, 145, 168
411483.3.peg.733.site.17, 30, 145, 175
411483.3.peg.733.site.18, 2, 150, 152
411483.3.peg.733.site.19, 143, 148, 291
411483.3.peg.733.site.20, 1, 150, 151
411483.3.peg.733.site.21, 4, 150, 154
411483.3.peg.733.site.22, 7, 150, 157
411483.3.peg.733.site.23, 1, 154, 155
411483.3.peg.733.site.24, 1, 153, 154
411483.3.peg.733.site.25, 0, 151, 151
411483.3.peg.733.site.26, 13, 151, 164
411483.3.peg.733.site.27, 0, 153, 153
411483.3.peg.733.site.28, 3, 155, 158
411483.3.peg.733.site.29, 5, 154, 159
411483.3.peg.733.site.30, 2, 154, 156
411483.3.peg.733.site.31, 10, 152, 162
411483.3.peg.733.site.32, 100, 143, 243
411483.3.peg.733.site.33, 4, 152, 156
411483.3.peg.733.site.34, 0, 151, 151
411483.3.peg.733.site.35, 2, 153, 155
411483.3.peg.733.site.36, 0, 149, 149
411483.3.peg.733.site.37, 1, 154, 155
411483.3.peg.733.site.38, 28, 151, 179
411483.3.peg.733.site.39, 0, 148, 148
411483.3.peg.733.site.40, 6, 152, 158
411483.3.peg.733.site.41, 2, 151, 153
411483.3.peg.733.site.42, 79, 149, 228
411483.3.peg.733.site.43, 2, 150, 152
411483.3.peg.733.site.44, 1, 153, 154
411483.3.peg.733.site.45, 1, 153, 154
411483.3.peg.733.site.46, 0, 149, 149
411483.3.peg.733.site.47, 3, 150, 153
411483.3.peg.733.site.48, 6, 150, 156
411483.3.peg.733.site.49, 5, 151, 156
411483.3.peg.733.site.50, 153, 153, 306
411483.3.peg.733.site.51, 63, 140, 203
411483.3.peg.733.site.52, 4, 150, 154
411483.3.peg.733.site.53, 0, 142, 142
411483.3.peg.733.site.54, 3, 151, 154
411483.3.peg.733.site.55, 12, 124, 136
411483.3.peg.733.site.56, 8, 146, 154
411483.3.peg.733.site.57, 2, 153, 155
411483.3.peg.733.site.58, 31, 146, 177
411483.3.peg.730.site.1, 35, 147, 182
411483.3.peg.730.site.2, 0, 151, 151
411483.3.peg.730.site.3, 17, 146, 163
411483.3.peg.730.site.4, 1, 150, 151
411483.3.peg.730.site.5, 14, 148, 162
411483.3.peg.730.site.6, 1, 153, 154
411483.3.peg.730.site.7, 6, 153, 159
411483.3.peg.730.site.8, 17, 152, 169
411483.3.peg.730.site.9, 16, 144, 160
411483.3.peg.730.site.10, 1, 153, 154
411483.3.peg.730.site.11, 10, 151, 161
411483.3.peg.730.site.12, 1, 155, 156
411483.3.peg.730.site.13, 7, 154, 161
411483.3.peg.730.site.14, 0, 152, 152
411483.3.peg.730.site.15, 0, 152, 152
411483.3.peg.730.site.16, 1, 154, 155
411483.3.peg.730.site.17, 4, 152, 156
411483.3.peg.730.site.18, 3, 148, 151
411483.3.peg.730.site.19, 13, 152, 165
411483.3.peg.730.site.20, 0, 149, 149
411483.3.peg.730.site.21, 1, 150, 151
411483.3.peg.730.site.22, 0, 148, 148
411483.3.peg.730.site.23, 0, 146, 146
411483.3.peg.730.site.24, 1, 152, 153
411483.3.peg.730.site.25, 2, 149, 151
411483.3.peg.730.site.26, 0, 147, 147
411483.3.peg.730.site.27, 0, 151, 151
411483.3.peg.730.site.28, 143, 143, 286
411483.3.peg.730.site.29, 2, 147, 149
411483.3.peg.730.site.30, 1, 153, 154
411483.3.peg.730.site.31, 0, 151, 151
411483.3.peg.730.site.32, 3, 149, 152
411483.3.peg.730.site.33, 2, 152, 154
411483.3.peg.730.site.34, 4, 153, 157
411483.3.peg.730.site.35, 15, 152, 167
411483.3.peg.730.site.36, 4, 151, 155
411483.3.peg.730.site.37, 4, 152, 156
411483.3.peg.730.site.38, 0, 154, 154
411483.3.peg.730.site.39, 3, 154, 157
411483.3.peg.730.site.40, 7, 152, 159
411483.3.peg.730.site.41, 0, 151, 151
411483.3.peg.730.site.42, 2, 152, 154
411483.3.peg.730.site.43, 5, 149, 154
411483.3.peg.730.site.44, 1, 152, 153
411483.3.peg.730.site.45, 1, 142, 143
411483.3.peg.730.site.46, 5, 149, 154
411483.3.peg.730.site.47, 3, 146, 149
411483.3.peg.730.site.48, 2, 152, 154
411483.3.peg.730.site.49, 1, 153, 154
411483.3.peg.730.site.50, 1, 151, 152
411483.3.peg.730.site.51, 108, 143, 251
411483.3.peg.730.site.52, 9, 148, 157
411483.3.peg.730.site.53, 111, 147, 258
411483.3.peg.730.site.54, 8, 147, 155
411483.3.peg.730.site.55, 0, 153, 153
411483.3.peg.730.site.56, 15, 152, 167
411483.3.peg.730.site.57, 4, 153, 157
411483.3.peg.730.site.58, 0, 155, 155
411483.3.peg.730.site.59, 1, 151, 152
411483.3.peg.730.site.60, 0, 153, 153
411483.3.peg.730.site.61, 0, 155, 155
411483.3.peg.730.site.62, 1, 155, 156
411483.3.peg.730.site.63, 5, 154, 159
411483.3.peg.730.site.64, 1, 154, 155
411483.3.peg.730.site.65, 0, 152, 152
411483.3.peg.730.site.66, 4, 154, 158
411483.3.peg.738.site.1, 18, 142, 160
411483.3.peg.738.site.2, 15, 144, 159
411483.3.peg.738.site.3, 0, 150, 150
411483.3.peg.738.site.4, 9, 151, 160
411483.3.peg.738.site.5, 5, 153, 158
411483.3.peg.738.site.6, 10, 151, 161
411483.3.peg.738.site.7, 13, 151, 164
411483.3.peg.738.site.8, 1, 151, 152
411483.3.peg.738.site.9, 2, 152, 154
411483.3.peg.738.site.10, 3, 152, 155
411483.3.peg.738.site.11, 0, 154, 154
411483.3.peg.738.site.12, 1, 153, 154
411483.3.peg.738.site.13, 2, 154, 156
411483.3.peg.738.site.14, 1, 153, 154
411483.3.peg.738.site.15, 6, 152, 158
411483.3.peg.738.site.16, 2, 153, 155
411483.3.peg.738.site.17, 1, 153, 154
411483.3.peg.738.site.18, 6, 152, 158
411483.3.peg.738.site.19, 49, 145, 194
411483.3.peg.738.site.20, 3, 153, 156
411483.3.peg.739.site.1, 4, 149, 153
411483.3.peg.739.site.2, 4, 149, 153
411483.3.peg.739.site.3, 6, 146, 152
411483.3.peg.739.site.4, 8, 148, 156
411483.3.peg.739.site.5, 8, 148, 156
411483.3.peg.739.site.6, 2, 147, 149
411483.3.peg.739.site.7, 41, 145, 186
411483.3.peg.739.site.8, 1, 147, 148
411483.3.peg.739.site.9, 1, 147, 148
411483.3.peg.739.site.10, 1, 141, 142
411483.3.peg.739.site.11, 2, 143, 145
411483.3.peg.739.site.12, 13, 145, 158
411483.3.peg.739.site.13, 1, 152, 153
411483.3.peg.739.site.14, 4, 150, 154
411483.3.peg.739.site.15, 0, 149, 149
411483.3.peg.739.site.16, 1, 149, 150
411483.3.peg.739.site.17, 4, 148, 152
411483.3.peg.739.site.18, 20, 146, 166
411483.3.peg.739.site.19, 1, 151, 152
411483.3.peg.739.site.20, 1, 150, 151
411483.3.peg.739.site.21, 2, 146, 148
411483.3.peg.739.site.22, 4, 148, 152
411483.3.peg.739.site.23, 12, 148, 160
411483.3.peg.739.site.24, 1, 153, 154
411483.3.peg.739.site.25, 1, 154, 155
411483.3.peg.739.site.26, 4, 151, 155
411483.3.peg.739.site.27, 6, 151, 157
411483.3.peg.739.site.28, 24, 148, 172
411483.3.peg.739.site.29, 63, 144, 207
411483.3.peg.739.site.30, 1, 149, 150
411483.3.peg.739.site.31, 28, 142, 170
411483.3.peg.739.site.32, 3, 145, 148
411483.3.peg.739.site.33, 4, 144, 148
411483.3.peg.739.site.34, 0, 145, 145
411483.3.peg.739.site.35, 11, 141, 152
411483.3.peg.739.site.36, 1, 147, 148
411483.3.peg.739.site.37, 1, 135, 136
411483.3.peg.739.site.38, 1, 124, 125
411483.3.peg.739.site.39, 0, 118, 118
411483.3.peg.739.site.40, 10, 109, 119
411483.3.peg.739.site.41, 17, 94, 111
411483.3.peg.739.site.42, 37, 90, 127
411483.3.peg.739.site.43, 0, 68, 68
411483.3.peg.739.site.44, 4, 72, 76
411483.3.peg.739.site.45, 2, 71, 73
411483.3.peg.739.site.46, 19, 74, 93
411483.3.peg.739.site.47, 5, 76, 81
411483.3.peg.739.site.48, 8, 71, 79
411483.3.peg.739.site.49, 41, 69, 110
411483.3.peg.739.site.50, 0, 86, 86
411483.3.peg.739.site.51, 1, 83, 84
411483.3.peg.739.site.52, 6, 72, 78
411483.3.peg.739.site.53, 4, 93, 97
411483.3.peg.739.site.54, 1, 93, 94
411483.3.peg.739.site.55, 2, 100, 102
411483.3.peg.739.site.56, 1, 98, 99
411483.3.peg.739.site.57, 103, 111, 214
411483.3.peg.739.site.58, 9, 109, 118
411483.3.peg.739.site.59, 14, 112, 126
411483.3.peg.739.site.60, 0, 116, 116
411483.3.peg.739.site.61, 4, 120, 124
411483.3.peg.739.site.62, 3, 115, 118
411483.3.peg.739.site.63, 1, 118, 119
411483.3.peg.739.site.64, 44, 107, 151
411483.3.peg.739.site.65, 4, 117, 121
411483.3.peg.739.site.66, 79, 107, 186
411483.3.peg.739.site.67, 8, 113, 121
411483.3.peg.739.site.68, 3, 112, 115
411483.3.peg.739.site.69, 8, 120, 128
411483.3.peg.739.site.70, 0, 115, 115
411483.3.peg.739.site.71, 20, 120, 140
411483.3.peg.739.site.72, 9, 130, 139
411483.3.peg.739.site.73, 4, 133, 137
411483.3.peg.739.site.74, 2, 135, 137
411483.3.peg.739.site.75, 5, 131, 136
411483.3.peg.739.site.76, 1, 130, 131
411483.3.peg.739.site.77, 5, 135, 140
411483.3.peg.739.site.78, 3, 132, 135
411483.3.peg.739.site.79, 2, 136, 138
411483.3.peg.739.site.80, 2, 137, 139
411483.3.peg.739.site.81, 0, 138, 138
411483.3.peg.739.site.82, 1, 141, 142
411483.3.peg.739.site.83, 14, 145, 159
411483.3.peg.739.site.84, 22, 137, 159
411483.3.peg.739.site.85, 10, 145, 155
411483.3.peg.739.site.86, 4, 146, 150
411483.3.peg.739.site.87, 0, 147, 147
411483.3.peg.739.site.88, 8, 145, 153
411483.3.peg.739.site.89, 5, 143, 148
411483.3.peg.739.site.90, 1, 143, 144
411483.3.peg.739.site.91, 2, 143, 145
411483.3.peg.739.site.92, 3, 141, 144
411483.3.peg.739.site.93, 53, 128, 181
411483.3.peg.739.site.94, 1, 139, 140
411483.3.peg.739.site.95, 4, 137, 141
411483.3.peg.739.site.96, 8, 137, 145
411483.3.peg.739.site.97, 1, 141, 142
411483.3.peg.739.site.98, 4, 147, 151
411483.3.peg.739.site.99, 18, 138, 156
411483.3.peg.739.site.100, 32, 137, 169
411483.3.peg.739.site.101, 1, 148, 149
411483.3.peg.739.site.102, 70, 137, 207
411483.3.peg.739.site.103, 38, 135, 173
411483.3.peg.739.site.104, 1, 145, 146
411483.3.peg.739.site.105, 8, 144, 152
411483.3.peg.739.site.106, 32, 140, 172
411483.3.peg.739.site.107, 8, 141, 149
411483.3.peg.739.site.108, 7, 142, 149
411483.3.peg.739.site.109, 2, 148, 150
411483.3.peg.739.site.110, 34, 134, 168
411483.3.peg.739.site.111, 4, 145, 149
411483.3.peg.739.site.112, 126, 135, 261
411483.3.peg.739.site.113, 7, 148, 155
411483.3.peg.739.site.114, 5, 149, 154
411483.3.peg.739.site.115, 2, 152, 154
411483.3.peg.739.site.116, 2, 152, 154
411483.3.peg.739.site.117, 7, 153, 160
411483.3.peg.739.site.118, 6, 154, 160
411483.3.peg.739.site.119, 5, 152, 157
411483.3.peg.739.site.120, 5, 151, 156
411483.3.peg.739.site.121, 4, 149, 153
411483.3.peg.739.site.122, 55, 144, 199
411483.3.peg.739.site.123, 19, 145, 164
411483.3.peg.739.site.124, 12, 144, 156
411483.3.peg.739.site.125, 8, 144, 152
411483.3.peg.739.site.126, 4, 144, 148
411483.3.peg.739.site.127, 61, 124, 185
411483.3.peg.739.site.128, 6, 139, 145
411483.3.peg.739.site.129, 6, 137, 143
411483.3.peg.739.site.130, 3, 143, 146
411483.3.peg.739.site.131, 13, 141, 154
411483.3.peg.739.site.132, 1, 142, 143
411483.3.peg.739.site.133, 1, 146, 147
411483.3.peg.739.site.134, 0, 150, 150
411483.3.peg.739.site.135, 0, 149, 149
411483.3.peg.739.site.136, 2, 147, 149
411483.3.peg.739.site.137, 4, 149, 153
411483.3.peg.739.site.138, 1, 148, 149
411483.3.peg.739.site.139, 1, 147, 148
411483.3.peg.739.site.140, 93, 135, 228
411483.3.peg.739.site.141, 4, 146, 150
411483.3.peg.739.site.142, 126, 138, 264
411483.3.peg.739.site.143, 6, 143, 149
411483.3.peg.739.site.144, 3, 144, 147
411483.3.peg.739.site.145, 136, 144, 280
411483.3.peg.739.site.146, 2, 152, 154
411483.3.peg.739.site.147, 0, 152, 152
411483.3.peg.739.site.148, 1, 151, 152
411483.3.peg.739.site.149, 3, 152, 155
411483.3.peg.739.site.150, 2, 151, 153
411483.3.peg.739.site.151, 1, 150, 151
411483.3.peg.739.site.152, 2, 145, 147
411483.3.peg.739.site.153, 3, 145, 148
411483.3.peg.739.site.154, 2, 149, 151
411483.3.peg.739.site.155, 0, 148, 148
411483.3.peg.739.site.156, 0, 147, 147
411483.3.peg.739.site.157, 6, 147, 153
411483.3.peg.739.site.158, 5, 136, 141
411483.3.peg.739.site.159, 2, 143, 145
411483.3.peg.739.site.160, 2, 146, 148
411483.3.peg.646.site.1, 53, 66, 119
411483.3.peg.646.site.2, 42, 131, 173
411483.3.peg.646.site.3, 7, 147, 154
411483.3.peg.646.site.4, 3, 149, 152
411483.3.peg.646.site.5, 5, 148, 153
411483.3.peg.646.site.6, 4, 148, 152
411483.3.peg.646.site.7, 5, 150, 155
411483.3.peg.646.site.8, 0, 149, 149
411483.3.peg.646.site.9, 1, 146, 147
411483.3.peg.646.site.10, 5, 145, 150
411483.3.peg.646.site.11, 1, 146, 147
411483.3.peg.646.site.12, 7, 142, 149
411483.3.peg.646.site.13, 1, 141, 142
411483.3.peg.646.site.14, 2, 145, 147
411483.3.peg.646.site.15, 2, 142, 144
411483.3.peg.646.site.16, 5, 144, 149
411483.3.peg.646.site.17, 45, 135, 180
411483.3.peg.646.site.18, 1, 149, 150
411483.3.peg.646.site.19, 4, 143, 147
411483.3.peg.646.site.20, 2, 148, 150
411483.3.peg.646.site.21, 4, 145, 149
411483.3.peg.646.site.22, 80, 133, 213
411483.3.peg.646.site.23, 3, 146, 149
411483.3.peg.646.site.24, 0, 140, 140
411483.3.peg.646.site.25, 2, 146, 148
411483.3.peg.646.site.26, 111, 136, 247
411483.3.peg.646.site.27, 37, 134, 171
411483.3.peg.646.site.28, 20, 142, 162
411483.3.peg.646.site.29, 9, 147, 156
411483.3.peg.646.site.30, 0, 150, 150
411483.3.peg.646.site.31, 133, 143, 276
411483.3.peg.646.site.32, 1, 147, 148
411483.3.peg.646.site.33, 0, 150, 150
411483.3.peg.646.site.34, 2, 147, 149
411483.3.peg.646.site.35, 1, 146, 147
411483.3.peg.646.site.36, 0, 151, 151
411483.3.peg.646.site.37, 1, 150, 151
411483.3.peg.646.site.38, 5, 150, 155
411483.3.peg.646.site.39, 0, 150, 150
411483.3.peg.646.site.40, 33, 148, 181
411483.3.peg.646.site.41, 3, 152, 155
411483.3.peg.646.site.42, 3, 153, 156
411483.3.peg.646.site.43, 4, 151, 155
411483.3.peg.646.site.44, 8, 146, 154
411483.3.peg.646.site.45, 3, 152, 155
411483.3.peg.646.site.46, 8, 153, 161
411483.3.peg.646.site.47, 1, 154, 155
411483.3.peg.646.site.48, 4, 148, 152
411483.3.peg.646.site.49, 6, 140, 146
411483.3.peg.646.site.50, 1, 144, 145
411483.3.peg.646.site.51, 18, 132, 150
411483.3.peg.646.site.52, 22, 137, 159
411483.3.peg.646.site.53, 1, 150, 151
411483.3.peg.646.site.54, 15, 148, 163
411483.3.peg.646.site.55, 2, 146, 148
411483.3.peg.646.site.56, 4, 143, 147
411483.3.peg.646.site.57, 3, 142, 145
411483.3.peg.646.site.58, 0, 141, 141
411483.3.peg.646.site.59, 0, 144, 144
411483.3.peg.646.site.60, 4, 144, 148
411483.3.peg.646.site.61, 16, 134, 150
411483.3.peg.646.site.62, 1, 132, 133
411483.3.peg.646.site.63, 1, 138, 139
411483.3.peg.646.site.64, 1, 138, 139
411483.3.peg.646.site.65, 1, 135, 136
411483.3.peg.646.site.66, 1, 141, 142
411483.3.peg.646.site.67, 32, 124, 156
411483.3.peg.646.site.68, 3, 134, 137
411483.3.peg.646.site.69, 2, 140, 142
411483.3.peg.646.site.70, 3, 142, 145
411483.3.peg.646.site.71, 1, 145, 146
411483.3.peg.646.site.72, 1, 145, 146
411483.3.peg.646.site.73, 0, 149, 149
411483.3.peg.646.site.74, 2, 152, 154
411483.3.peg.646.site.75, 11, 149, 160
411483.3.peg.646.site.76, 2, 154, 156
411483.3.peg.646.site.77, 3, 155, 158
411483.3.peg.646.site.78, 8, 152, 160
411483.3.peg.646.site.79, 17, 151, 168
411483.3.peg.646.site.80, 25, 151, 176
411483.3.peg.646.site.81, 1, 154, 155
411483.3.peg.646.site.82, 3, 154, 157
411483.3.peg.646.site.83, 2, 153, 155
411483.3.peg.646.site.84, 76, 147, 223
411483.3.peg.646.site.85, 36, 149, 185
411483.3.peg.646.site.86, 2, 152, 154
411483.3.peg.646.site.87, 1, 150, 151
411483.3.peg.646.site.88, 7, 148, 155
411483.3.peg.646.site.89, 2, 147, 149
411483.3.peg.646.site.90, 0, 144, 144
411483.3.peg.646.site.91, 0, 120, 120
411483.3.peg.646.site.92, 3, 116, 119
411483.3.peg.646.site.93, 2, 109, 111
411483.3.peg.646.site.94, 3, 110, 113
411483.3.peg.646.site.95, 3, 111, 114
411483.3.peg.646.site.96, 6, 117, 123
411483.3.peg.646.site.97, 64, 111, 175
411483.3.peg.646.site.98, 110, 115, 225
411483.3.peg.646.site.99, 1, 108, 109
411483.3.peg.646.site.100, 5, 126, 131
411483.3.peg.647.site.1, 10, 130, 140
411483.3.peg.647.site.2, 2, 139, 141
411483.3.peg.647.site.3, 4, 141, 145
411483.3.peg.647.site.4, 42, 127, 169
411483.3.peg.647.site.5, 0, 141, 141
411483.3.peg.647.site.6, 2, 140, 142
411483.3.peg.647.site.7, 121, 135, 256
411483.3.peg.647.site.8, 2, 139, 141
411483.3.peg.647.site.9, 2, 139, 141
411483.3.peg.647.site.10, 8, 141, 149
411483.3.peg.647.site.11, 62, 133, 195
411483.3.peg.647.site.12, 7, 137, 144
411483.3.peg.647.site.13, 40, 129, 169
411483.3.peg.647.site.14, 56, 128, 184
411483.3.peg.647.site.15, 17, 135, 152
411483.3.peg.647.site.16, 4, 140, 144
411483.3.peg.647.site.17, 0, 144, 144
411483.3.peg.647.site.18, 5, 153, 158
411483.3.peg.647.site.19, 1, 152, 153
411483.3.peg.647.site.20, 6, 155, 161
411483.3.peg.647.site.21, 1, 153, 154
411483.3.peg.647.site.22, 11, 152, 163
411483.3.peg.647.site.23, 5, 152, 157
411483.3.peg.647.site.24, 3, 148, 151
411483.3.peg.647.site.25, 6, 149, 155
411483.3.peg.644.site.1, 59, 137, 196
411483.3.peg.644.site.2, 1, 149, 150
411483.3.peg.644.site.3, 10, 147, 157
411483.3.peg.644.site.4, 35, 144, 179
411483.3.peg.644.site.5, 3, 151, 154
411483.3.peg.644.site.6, 1, 144, 145
411483.3.peg.644.site.7, 3, 138, 141
411483.3.peg.644.site.8, 11, 125, 136
411483.3.peg.644.site.9, 7, 131, 138
411483.3.peg.644.site.10, 46, 128, 174
411483.3.peg.644.site.11, 20, 131, 151
411483.3.peg.644.site.12, 7, 131, 138
411483.3.peg.644.site.13, 5, 131, 136
411483.3.peg.644.site.14, 14, 123, 137
411483.3.peg.644.site.15, 7, 127, 134
411483.3.peg.644.site.16, 4, 121, 125
411483.3.peg.644.site.17, 0, 125, 125
411483.3.peg.644.site.18, 3, 127, 130
411483.3.peg.644.site.19, 64, 129, 193
411483.3.peg.644.site.20, 2, 142, 144
411483.3.peg.644.site.21, 0, 144, 144
411483.3.peg.644.site.22, 74, 132, 206
411483.3.peg.644.site.23, 1, 143, 144
411483.3.peg.644.site.24, 84, 138, 222
411483.3.peg.644.site.25, 1, 140, 141
411483.3.peg.644.site.26, 110, 129, 239
411483.3.peg.644.site.27, 119, 129, 248
411483.3.peg.644.site.28, 5, 135, 140
411483.3.peg.644.site.29, 1, 136, 137
411483.3.peg.644.site.30, 3, 125, 128
411483.3.peg.644.site.31, 5, 139, 144
411483.3.peg.644.site.32, 5, 143, 148
411483.3.peg.644.site.33, 4, 137, 141
411483.3.peg.644.site.34, 2, 142, 144
411483.3.peg.644.site.35, 2, 145, 147
411483.3.peg.644.site.36, 15, 130, 145
411483.3.peg.644.site.37, 0, 140, 140
411483.3.peg.644.site.38, 0, 140, 140
411483.3.peg.644.site.39, 6, 136, 142
411483.3.peg.644.site.40, 0, 131, 131
411483.3.peg.644.site.41, 3, 135, 138
411483.3.peg.644.site.42, 1, 130, 131
411483.3.peg.644.site.43, 4, 120, 124
411483.3.peg.644.site.44, 1, 140, 141
411483.3.peg.644.site.45, 3, 145, 148
411483.3.peg.644.site.46, 116, 139, 255
411483.3.peg.644.site.47, 2, 146, 148
411483.3.peg.644.site.48, 132, 144, 276
411483.3.peg.644.site.49, 101, 144, 245
411483.3.peg.644.site.50, 8, 142, 150
411483.3.peg.644.site.51, 63, 126, 189
411483.3.peg.644.site.52, 2, 138, 140
411483.3.peg.644.site.53, 2, 125, 127
411483.3.peg.644.site.54, 6, 132, 138
411483.3.peg.644.site.55, 2, 132, 134
411483.3.peg.644.site.56, 29, 123, 152
411483.3.peg.644.site.57, 0, 144, 144
411483.3.peg.644.site.58, 0, 147, 147
411483.3.peg.644.site.59, 2, 149, 151
411483.3.peg.644.site.60, 3, 151, 154
411483.3.peg.644.site.61, 3, 150, 153
411483.3.peg.644.site.62, 1, 144, 145
411483.3.peg.644.site.63, 3, 141, 144
411483.3.peg.644.site.64, 1, 142, 143
411483.3.peg.644.site.65, 22, 139, 161
411483.3.peg.644.site.66, 1, 148, 149
411483.3.peg.644.site.67, 3, 146, 149
411483.3.peg.644.site.68, 6, 146, 152
411483.3.peg.644.site.69, 14, 146, 160
411483.3.peg.644.site.70, 1, 148, 149
411483.3.peg.645.site.1, 1, 126, 127
411483.3.peg.645.site.2, 4, 106, 110
411483.3.peg.645.site.3, 1, 89, 90
411483.3.peg.645.site.4, 3, 51, 54
411483.3.peg.645.site.5, 0, 74, 74
411483.3.peg.645.site.6, 1, 113, 114
411483.3.peg.645.site.7, 1, 122, 123
411483.3.peg.645.site.8, 6, 129, 135
411483.3.peg.645.site.9, 1, 148, 149
411483.3.peg.645.site.10, 2, 151, 153
411483.3.peg.645.site.11, 0, 154, 154
411483.3.peg.645.site.12, 1, 154, 155
411483.3.peg.645.site.13, 31, 143, 174
411483.3.peg.645.site.14, 100, 145, 245
411483.3.peg.645.site.15, 0, 153, 153
411483.3.peg.645.site.16, 2, 152, 154
411483.3.peg.645.site.17, 0, 151, 151
411483.3.peg.645.site.18, 4, 149, 153
411483.3.peg.645.site.19, 2, 147, 149
411483.3.peg.645.site.20, 3, 149, 152
411483.3.peg.645.site.21, 1, 145, 146
411483.3.peg.645.site.22, 15, 142, 157
411483.3.peg.645.site.23, 3, 149, 152
411483.3.peg.645.site.24, 2, 146, 148
411483.3.peg.645.site.25, 6, 152, 158
411483.3.peg.645.site.26, 1, 148, 149
411483.3.peg.645.site.27, 2, 144, 146
411483.3.peg.645.site.28, 7, 151, 158
411483.3.peg.645.site.29, 0, 152, 152
411483.3.peg.645.site.30, 1, 152, 153
411483.3.peg.645.site.31, 1, 154, 155
411483.3.peg.645.site.32, 1, 151, 152
411483.3.peg.645.site.33, 8, 144, 152
411483.3.peg.645.site.34, 1, 146, 147
411483.3.peg.645.site.35, 2, 148, 150
411483.3.peg.645.site.36, 1, 147, 148
411483.3.peg.645.site.37, 2, 146, 148
411483.3.peg.645.site.38, 1, 150, 151
411483.3.peg.645.site.39, 5, 147, 152
411483.3.peg.645.site.40, 86, 140, 226
411483.3.peg.645.site.41, 2, 151, 153
411483.3.peg.645.site.42, 1, 152, 153
411483.3.peg.645.site.43, 15, 145, 160
411483.3.peg.645.site.44, 48, 144, 192
411483.3.peg.645.site.45, 2, 153, 155
411483.3.peg.645.site.46, 17, 148, 165
411483.3.peg.645.site.47, 3, 152, 155
411483.3.peg.645.site.48, 2, 155, 157
411483.3.peg.645.site.49, 1, 154, 155
411483.3.peg.645.site.50, 3, 153, 156
411483.3.peg.645.site.51, 3, 154, 157
411483.3.peg.645.site.52, 1, 155, 156
411483.3.peg.645.site.53, 1, 154, 155
411483.3.peg.645.site.54, 2, 152, 154
411483.3.peg.645.site.55, 5, 150, 155
411483.3.peg.645.site.56, 3, 151, 154
411483.3.peg.645.site.57, 3, 154, 157
411483.3.peg.645.site.58, 4, 148, 152
411483.3.peg.645.site.59, 0, 155, 155
411483.3.peg.645.site.60, 3, 155, 158
411483.3.peg.645.site.61, 19, 148, 167
411483.3.peg.645.site.62, 0, 151, 151
411483.3.peg.645.site.63, 3, 149, 152
411483.3.peg.645.site.64, 11, 139, 150
411483.3.peg.645.site.65, 1, 150, 151
411483.3.peg.645.site.66, 0, 151, 151
411483.3.peg.645.site.67, 8, 152, 160
411483.3.peg.645.site.68, 1, 152, 153
411483.3.peg.645.site.69, 33, 146, 179
411483.3.peg.645.site.70, 1, 154, 155
411483.3.peg.645.site.71, 9, 149, 158
411483.3.peg.645.site.72, 5, 155, 160
411483.3.peg.645.site.73, 2, 151, 153
411483.3.peg.645.site.74, 5, 152, 157
411483.3.peg.645.site.75, 3, 150, 153
411483.3.peg.645.site.76, 5, 147, 152
411483.3.peg.645.site.77, 69, 133, 202
411483.3.peg.645.site.78, 0, 153, 153
411483.3.peg.645.site.79, 2, 154, 156
411483.3.peg.645.site.80, 3, 153, 156
411483.3.peg.645.site.81, 0, 153, 153
411483.3.peg.645.site.82, 53, 141, 194
411483.3.peg.645.site.83, 30, 148, 178
411483.3.peg.645.site.84, 9, 152, 161
411483.3.peg.645.site.85, 0, 152, 152
411483.3.peg.645.site.86, 2, 154, 156
411483.3.peg.645.site.87, 154, 154, 308
411483.3.peg.645.site.88, 7, 152, 159
411483.3.peg.645.site.89, 1, 155, 156
411483.3.peg.645.site.90, 8, 150, 158
411483.3.peg.645.site.91, 1, 153, 154
411483.3.peg.645.site.92, 3, 148, 151
411483.3.peg.645.site.93, 16, 143, 159
411483.3.peg.645.site.94, 1, 151, 152
411483.3.peg.645.site.95, 3, 152, 155
411483.3.peg.645.site.96, 1, 150, 151
411483.3.peg.645.site.97, 7, 151, 158
411483.3.peg.645.site.98, 4, 153, 157
411483.3.peg.645.site.99, 0, 153, 153
411483.3.peg.645.site.100, 6, 152, 158
411483.3.peg.645.site.101, 0, 155, 155
411483.3.peg.645.site.102, 1, 153, 154
411483.3.peg.645.site.103, 1, 152, 153
411483.3.peg.645.site.104, 5, 152, 157
411483.3.peg.645.site.105, 6, 154, 160
411483.3.peg.645.site.106, 6, 153, 159
411483.3.peg.645.site.107, 2, 153, 155
411483.3.peg.645.site.108, 2, 152, 154
411483.3.peg.645.site.109, 3, 151, 154
411483.3.peg.645.site.110, 0, 152, 152
411483.3.peg.645.site.111, 5, 152, 157
411483.3.peg.645.site.112, 7, 147, 154
411483.3.peg.645.site.113, 11, 151, 162
411483.3.peg.645.site.114, 7, 152, 159
411483.3.peg.645.site.115, 1, 151, 152
411483.3.peg.645.site.116, 3, 146, 149
411483.3.peg.645.site.117, 12, 145, 157
411483.3.peg.645.site.118, 14, 124, 138
411483.3.peg.645.site.119, 7, 110, 117
411483.3.peg.642.site.1, 2, 115, 117
411483.3.peg.642.site.2, 98, 110, 208
411483.3.peg.642.site.3, 1, 123, 124
411483.3.peg.642.site.4, 1, 117, 118
411483.3.peg.642.site.5, 1, 138, 139
411483.3.peg.642.site.6, 1, 142, 143
411483.3.peg.642.site.7, 0, 143, 143
411483.3.peg.642.site.8, 136, 142, 278
411483.3.peg.642.site.9, 1, 136, 137
411483.3.peg.642.site.10, 3, 133, 136
411483.3.peg.642.site.11, 11, 132, 143
411483.3.peg.391.site.1, 5, 151, 156
411483.3.peg.391.site.2, 0, 151, 151
411483.3.peg.391.site.3, 72, 138, 210
411483.3.peg.391.site.4, 50, 139, 189
411483.3.peg.391.site.5, 49, 137, 186
411483.3.peg.391.site.6, 0, 153, 153
411483.3.peg.391.site.7, 84, 131, 215
411483.3.peg.391.site.8, 3, 152, 155
411483.3.peg.391.site.9, 1, 155, 156
411483.3.peg.391.site.10, 4, 155, 159
411483.3.peg.391.site.11, 4, 153, 157
411483.3.peg.391.site.12, 2, 153, 155
411483.3.peg.391.site.13, 0, 152, 152
411483.3.peg.391.site.14, 0, 153, 153
411483.3.peg.391.site.15, 2, 146, 148
411483.3.peg.391.site.16, 6, 148, 154
411483.3.peg.391.site.17, 127, 145, 272
411483.3.peg.391.site.18, 1, 153, 154
411483.3.peg.391.site.19, 0, 151, 151
411483.3.peg.391.site.20, 2, 154, 156
411483.3.peg.391.site.21, 19, 151, 170
411483.3.peg.391.site.22, 10, 152, 162
411483.3.peg.391.site.23, 2, 153, 155
411483.3.peg.391.site.24, 143, 150, 293
411483.3.peg.391.site.25, 143, 150, 293
411483.3.peg.391.site.26, 1, 155, 156
411483.3.peg.391.site.27, 4, 155, 159
411483.3.peg.391.site.28, 0, 152, 152
411483.3.peg.391.site.29, 1, 153, 154
411483.3.peg.391.site.30, 5, 154, 159
411483.3.peg.391.site.31, 1, 152, 153
411483.3.peg.391.site.32, 30, 148, 178
411483.3.peg.391.site.33, 4, 152, 156
411483.3.peg.391.site.34, 1, 155, 156
411483.3.peg.640.site.1, 1, 154, 155
411483.3.peg.640.site.2, 3, 152, 155
411483.3.peg.640.site.3, 3, 150, 153
411483.3.peg.640.site.4, 9, 147, 156
411483.3.peg.640.site.5, 1, 128, 129
411483.3.peg.640.site.6, 44, 123, 167
411483.3.peg.640.site.7, 61, 122, 183
411483.3.peg.640.site.8, 1, 126, 127
411483.3.peg.640.site.9, 15, 131, 146
411483.3.peg.640.site.10, 8, 124, 132
411483.3.peg.640.site.11, 127, 130, 257
411483.3.peg.640.site.12, 0, 126, 126
411483.3.peg.640.site.13, 2, 134, 136
411483.3.peg.640.site.14, 1, 140, 141
411483.3.peg.640.site.15, 1, 139, 140
411483.3.peg.640.site.16, 1, 142, 143
411483.3.peg.640.site.17, 0, 144, 144
411483.3.peg.640.site.18, 27, 130, 157
411483.3.peg.640.site.19, 4, 144, 148
411483.3.peg.640.site.20, 2, 141, 143
411483.3.peg.640.site.21, 1, 142, 143
411483.3.peg.640.site.22, 21, 141, 162
411483.3.peg.640.site.23, 20, 139, 159
411483.3.peg.640.site.24, 7, 138, 145
411483.3.peg.640.site.25, 1, 149, 150
411483.3.peg.640.site.26, 0, 145, 145
411483.3.peg.640.site.27, 34, 137, 171
411483.3.peg.640.site.28, 1, 147, 148
411483.3.peg.640.site.29, 6, 147, 153
411483.3.peg.640.site.30, 1, 150, 151
411483.3.peg.640.site.31, 3, 147, 150
411483.3.peg.640.site.32, 32, 144, 176
411483.3.peg.640.site.33, 1, 148, 149
411483.3.peg.640.site.34, 32, 140, 172
411483.3.peg.640.site.35, 29, 138, 167
411483.3.peg.640.site.36, 4, 144, 148
411483.3.peg.640.site.37, 1, 148, 149
411483.3.peg.640.site.38, 3, 146, 149
411483.3.peg.640.site.39, 1, 141, 142
411483.3.peg.640.site.40, 3, 147, 150
411483.3.peg.640.site.41, 5, 142, 147
411483.3.peg.640.site.42, 1, 141, 142
411483.3.peg.640.site.43, 113, 137, 250
411483.3.peg.640.site.44, 3, 143, 146
411483.3.peg.640.site.45, 141, 143, 284
411483.3.peg.640.site.46, 5, 143, 148
411483.3.peg.640.site.47, 3, 144, 147
411483.3.peg.640.site.48, 1, 146, 147
411483.3.peg.640.site.49, 5, 150, 155
411483.3.peg.640.site.50, 1, 150, 151
411483.3.peg.640.site.51, 5, 151, 156
411483.3.peg.640.site.52, 6, 146, 152
411483.3.peg.640.site.53, 1, 151, 152
411483.3.peg.640.site.54, 117, 141, 258
411483.3.peg.640.site.55, 29, 147, 176
411483.3.peg.640.site.56, 1, 148, 149
411483.3.peg.640.site.57, 2, 154, 156
411483.3.peg.640.site.58, 138, 143, 281
411483.3.peg.640.site.59, 0, 145, 145
411483.3.peg.640.site.60, 1, 147, 148
411483.3.peg.640.site.61, 0, 143, 143
411483.3.peg.640.site.62, 1, 147, 148
411483.3.peg.640.site.63, 10, 144, 154
411483.3.peg.640.site.64, 2, 150, 152
411483.3.peg.640.site.65, 1, 148, 149
411483.3.peg.640.site.66, 1, 147, 148
411483.3.peg.640.site.67, 5, 141, 146
411483.3.peg.640.site.68, 31, 141, 172
411483.3.peg.640.site.69, 122, 134, 256
411483.3.peg.640.site.70, 10, 146, 156
411483.3.peg.640.site.71, 1, 141, 142
411483.3.peg.640.site.72, 1, 144, 145
411483.3.peg.640.site.73, 101, 138, 239
411483.3.peg.640.site.74, 5, 142, 147
411483.3.peg.640.site.75, 1, 148, 149
411483.3.peg.640.site.76, 12, 145, 157
411483.3.peg.640.site.77, 1, 141, 142
411483.3.peg.640.site.78, 6, 138, 144
411483.3.peg.640.site.79, 6, 146, 152
411483.3.peg.640.site.80, 6, 137, 143
411483.3.peg.640.site.81, 3, 151, 154
411483.3.peg.640.site.82, 0, 149, 149
411483.3.peg.640.site.83, 7, 148, 155
411483.3.peg.640.site.84, 2, 151, 153
411483.3.peg.640.site.85, 14, 149, 163
411483.3.peg.640.site.86, 5, 151, 156
411483.3.peg.640.site.87, 144, 151, 295
411483.3.peg.640.site.88, 1, 154, 155
411483.3.peg.640.site.89, 0, 154, 154
411483.3.peg.640.site.90, 1, 152, 153
411483.3.peg.640.site.91, 1, 154, 155
411483.3.peg.640.site.92, 135, 146, 281
411483.3.peg.640.site.93, 5, 150, 155
411483.3.peg.640.site.94, 85, 142, 227
411483.3.peg.640.site.95, 1, 153, 154
411483.3.peg.640.site.96, 1, 154, 155
411483.3.peg.640.site.97, 0, 150, 150
411483.3.peg.640.site.98, 4, 152, 156
411483.3.peg.640.site.99, 1, 153, 154
411483.3.peg.640.site.100, 2, 152, 154
411483.3.peg.640.site.101, 3, 153, 156
411483.3.peg.640.site.102, 11, 146, 157
411483.3.peg.640.site.103, 14, 144, 158
411483.3.peg.640.site.104, 3, 149, 152
411483.3.peg.640.site.105, 133, 148, 281
411483.3.peg.640.site.106, 1, 149, 150
411483.3.peg.640.site.107, 1, 144, 145
411483.3.peg.640.site.108, 7, 150, 157
411483.3.peg.640.site.109, 0, 151, 151
411483.3.peg.640.site.110, 4, 145, 149
411483.3.peg.640.site.111, 17, 145, 162
411483.3.peg.640.site.112, 152, 152, 304
411483.3.peg.640.site.113, 50, 145, 195
411483.3.peg.640.site.114, 6, 147, 153
411483.3.peg.640.site.115, 3, 147, 150
411483.3.peg.640.site.116, 42, 144, 186
411483.3.peg.640.site.117, 1, 148, 149
411483.3.peg.640.site.118, 1, 149, 150
411483.3.peg.640.site.119, 4, 150, 154
411483.3.peg.640.site.120, 1, 146, 147
411483.3.peg.640.site.121, 1, 149, 150
411483.3.peg.640.site.122, 1, 145, 146
411483.3.peg.640.site.123, 8, 141, 149
411483.3.peg.640.site.124, 3, 133, 136
411483.3.peg.640.site.125, 1, 139, 140
411483.3.peg.640.site.126, 4, 145, 149
411483.3.peg.640.site.127, 3, 139, 142
411483.3.peg.640.site.128, 1, 152, 153
411483.3.peg.640.site.129, 3, 151, 154
411483.3.peg.640.site.130, 15, 151, 166
411483.3.peg.2027.site.1, 6, 153, 159
411483.3.peg.2027.site.2, 4, 154, 158
411483.3.peg.2027.site.3, 1, 148, 149
411483.3.peg.2027.site.4, 2, 144, 146
411483.3.peg.2027.site.5, 68, 127, 195
411483.3.peg.2027.site.6, 4, 138, 142
411483.3.peg.2027.site.7, 1, 140, 141
411483.3.peg.2027.site.8, 12, 138, 150
411483.3.peg.2027.site.9, 4, 134, 138
411483.3.peg.2027.site.10, 59, 134, 193
411483.3.peg.2027.site.11, 9, 136, 145
411483.3.peg.2027.site.12, 1, 128, 129
411483.3.peg.2027.site.13, 2, 127, 129
411483.3.peg.2027.site.14, 23, 127, 150
411483.3.peg.2027.site.15, 1, 125, 126
411483.3.peg.2027.site.16, 0, 127, 127
411483.3.peg.2027.site.17, 108, 121, 229
411483.3.peg.2027.site.18, 1, 132, 133
411483.3.peg.2027.site.19, 0, 133, 133
411483.3.peg.2027.site.20, 4, 136, 140
411483.3.peg.2027.site.21, 123, 139, 262
411483.3.peg.2027.site.22, 29, 143, 172
411483.3.peg.2027.site.23, 4, 145, 149
411483.3.peg.2027.site.24, 1, 144, 145
411483.3.peg.2027.site.25, 14, 145, 159
411483.3.peg.2027.site.26, 1, 144, 145
411483.3.peg.2027.site.27, 8, 141, 149
411483.3.peg.2027.site.28, 0, 143, 143
411483.3.peg.2027.site.29, 6, 141, 147
411483.3.peg.2027.site.30, 32, 138, 170
411483.3.peg.2027.site.31, 13, 141, 154
411483.3.peg.2027.site.32, 19, 134, 153
411483.3.peg.2027.site.33, 1, 144, 145
411483.3.peg.2027.site.34, 1, 144, 145
411483.3.peg.2027.site.35, 2, 144, 146
411483.3.peg.2027.site.36, 2, 144, 146
411483.3.peg.2027.site.37, 1, 141, 142
411483.3.peg.2027.site.38, 1, 144, 145
411483.3.peg.2027.site.39, 1, 141, 142
411483.3.peg.2027.site.40, 12, 138, 150
411483.3.peg.2027.site.41, 63, 136, 199
411483.3.peg.2027.site.42, 3, 143, 146
411483.3.peg.2027.site.43, 3, 141, 144
411483.3.peg.2027.site.44, 6, 142, 148
411483.3.peg.2027.site.45, 3, 141, 144
411483.3.peg.2027.site.46, 32, 136, 168
411483.3.peg.2027.site.47, 76, 130, 206
411483.3.peg.2027.site.48, 2, 137, 139
411483.3.peg.2027.site.49, 22, 135, 157
411483.3.peg.2027.site.50, 107, 128, 235
411483.3.peg.2027.site.51, 7, 134, 141
411483.3.peg.2027.site.52, 23, 120, 143
411483.3.peg.2027.site.53, 6, 118, 124
411483.3.peg.2027.site.54, 0, 111, 111
411483.3.peg.2027.site.55, 6, 96, 102
411483.3.peg.2027.site.56, 0, 89, 89
411483.3.peg.2027.site.57, 1, 103, 104
411483.3.peg.2027.site.58, 0, 98, 98
411483.3.peg.2027.site.59, 0, 101, 101
411483.3.peg.2027.site.60, 17, 96, 113
411483.3.peg.2027.site.61, 6, 104, 110
411483.3.peg.2026.site.1, 6, 22, 28
411483.3.peg.2026.site.2, 3, 72, 75
411483.3.peg.2026.site.3, 30, 76, 106
411483.3.peg.2026.site.4, 2, 81, 83
411483.3.peg.2026.site.5, 2, 105, 107
411483.3.peg.2026.site.6, 1, 113, 114
411483.3.peg.2026.site.7, 2, 116, 118
411483.3.peg.2026.site.8, 2, 121, 123
411483.3.peg.2026.site.9, 3, 123, 126
411483.3.peg.2026.site.10, 20, 115, 135
411483.3.peg.2026.site.11, 8, 119, 127
411483.3.peg.2026.site.12, 2, 117, 119
411483.3.peg.2026.site.13, 6, 107, 113
411483.3.peg.2026.site.14, 5, 115, 120
411483.3.peg.2026.site.15, 1, 117, 118
411483.3.peg.2026.site.16, 17, 101, 118
411483.3.peg.2026.site.17, 0, 103, 103
411483.3.peg.2026.site.18, 1, 116, 117
411483.3.peg.2026.site.19, 11, 117, 128
411483.3.peg.2026.site.20, 1, 117, 118
411483.3.peg.2026.site.21, 92, 114, 206
411483.3.peg.2026.site.22, 1, 123, 124
411483.3.peg.2026.site.23, 3, 126, 129
411483.3.peg.2026.site.24, 1, 128, 129
411483.3.peg.2026.site.25, 7, 134, 141
411483.3.peg.2026.site.26, 132, 135, 267
411483.3.peg.2026.site.27, 13, 123, 136
411483.3.peg.2026.site.28, 18, 129, 147
411483.3.peg.2026.site.29, 9, 130, 139
411483.3.peg.2026.site.30, 18, 127, 145
411483.3.peg.2026.site.31, 1, 143, 144
411483.3.peg.2026.site.32, 3, 145, 148
411483.3.peg.2026.site.33, 2, 149, 151
411483.3.peg.2026.site.34, 0, 145, 145
411483.3.peg.2026.site.35, 59, 138, 197
411483.3.peg.2026.site.36, 9, 149, 158
411483.3.peg.2026.site.37, 95, 134, 229
411483.3.peg.2026.site.38, 4, 137, 141
411483.3.peg.2026.site.39, 122, 140, 262
411483.3.peg.2026.site.40, 2, 144, 146
411483.3.peg.2026.site.41, 7, 145, 152
411483.3.peg.2026.site.42, 4, 141, 145
411483.3.peg.2026.site.43, 4, 147, 151
411483.3.peg.2026.site.44, 0, 145, 145
411483.3.peg.2026.site.45, 2, 149, 151
411483.3.peg.2026.site.46, 3, 148, 151
411483.3.peg.2026.site.47, 27, 139, 166
411483.3.peg.2026.site.48, 0, 150, 150
411483.3.peg.2026.site.49, 1, 148, 149
411483.3.peg.2026.site.50, 0, 149, 149
411483.3.peg.2026.site.51, 2, 146, 148
411483.3.peg.2026.site.52, 4, 147, 151
411483.3.peg.2026.site.53, 17, 138, 155
411483.3.peg.2026.site.54, 1, 140, 141
411483.3.peg.2026.site.55, 20, 130, 150
411483.3.peg.2026.site.56, 1, 138, 139
411483.3.peg.2026.site.57, 88, 130, 218
411483.3.peg.2026.site.58, 131, 131, 262
411483.3.peg.2026.site.59, 0, 135, 135
411483.3.peg.2026.site.60, 19, 131, 150
411483.3.peg.2026.site.61, 1, 124, 125
411483.3.peg.2026.site.62, 60, 123, 183
411483.3.peg.2026.site.63, 2, 123, 125
411483.3.peg.2026.site.64, 3, 125, 128
411483.3.peg.2026.site.65, 1, 132, 133
411483.3.peg.2026.site.66, 3, 129, 132
411483.3.peg.2026.site.67, 2, 130, 132
411483.3.peg.2026.site.68, 1, 128, 129
411483.3.peg.2026.site.69, 7, 127, 134
411483.3.peg.2026.site.70, 4, 124, 128
411483.3.peg.2026.site.71, 73, 124, 197
411483.3.peg.2026.site.72, 3, 127, 130
411483.3.peg.2026.site.73, 23, 116, 139
411483.3.peg.2026.site.74, 40, 114, 154
411483.3.peg.2026.site.75, 0, 124, 124
411483.3.peg.2026.site.76, 46, 115, 161
411483.3.peg.2026.site.77, 13, 118, 131
411483.3.peg.2026.site.78, 39, 119, 158
411483.3.peg.2026.site.79, 1, 127, 128
411483.3.peg.2026.site.80, 1, 124, 125
411483.3.peg.2026.site.81, 7, 132, 139
411483.3.peg.2026.site.82, 2, 142, 144
411483.3.peg.2026.site.83, 1, 147, 148
411483.3.peg.2026.site.84, 3, 151, 154
411483.3.peg.2026.site.85, 1, 150, 151
411483.3.peg.2026.site.86, 110, 143, 253
411483.3.peg.2026.site.87, 5, 150, 155
411483.3.peg.2026.site.88, 74, 147, 221
411483.3.peg.2026.site.89, 43, 144, 187
411483.3.peg.2026.site.90, 2, 152, 154
411483.3.peg.2026.site.91, 7, 148, 155
411483.3.peg.2026.site.92, 3, 149, 152
411483.3.peg.2026.site.93, 1, 148, 149
411483.3.peg.2026.site.94, 16, 145, 161
411483.3.peg.2026.site.95, 7, 145, 152
411483.3.peg.2026.site.96, 4, 141, 145
411483.3.peg.2026.site.97, 2, 137, 139
411483.3.peg.2026.site.98, 17, 124, 141
411483.3.peg.2026.site.99, 34, 113, 147
411483.3.peg.2026.site.100, 1, 121, 122
411483.3.peg.2026.site.101, 1, 114, 115
411483.3.peg.2026.site.102, 0, 118, 118
411483.3.peg.2026.site.103, 2, 118, 120
411483.3.peg.2026.site.104, 25, 107, 132
411483.3.peg.2026.site.105, 3, 125, 128
411483.3.peg.2026.site.106, 8, 126, 134
411483.3.peg.2026.site.107, 85, 125, 210
411483.3.peg.2026.site.108, 6, 131, 137
411483.3.peg.2026.site.109, 115, 132, 247
411483.3.peg.2026.site.110, 4, 141, 145
411483.3.peg.2026.site.111, 1, 145, 146
411483.3.peg.2026.site.112, 27, 143, 170
411483.3.peg.2026.site.113, 1, 143, 144
411483.3.peg.2026.site.114, 2, 146, 148
411483.3.peg.2026.site.115, 4, 148, 152
411483.3.peg.2026.site.116, 8, 144, 152
411483.3.peg.2026.site.117, 129, 141, 270
411483.3.peg.2026.site.118, 14, 146, 160
411483.3.peg.2026.site.119, 3, 142, 145
411483.3.peg.2026.site.120, 1, 141, 142
411483.3.peg.2026.site.121, 6, 138, 144
411483.3.peg.2026.site.122, 2, 138, 140
411483.3.peg.2026.site.123, 14, 134, 148
411483.3.peg.2026.site.124, 11, 134, 145
411483.3.peg.2026.site.125, 7, 139, 146
411483.3.peg.2026.site.126, 1, 139, 140
411483.3.peg.2026.site.127, 3, 143, 146
411483.3.peg.2026.site.128, 1, 148, 149
411483.3.peg.2026.site.129, 95, 135, 230
411483.3.peg.2026.site.130, 1, 150, 151
411483.3.peg.2026.site.131, 2, 149, 151
411483.3.peg.2026.site.132, 0, 152, 152
411483.3.peg.2026.site.133, 8, 144, 152
411483.3.peg.2026.site.134, 24, 147, 171
411483.3.peg.2026.site.135, 29, 144, 173
411483.3.peg.2026.site.136, 1, 147, 148
411483.3.peg.2026.site.137, 107, 143, 250
411483.3.peg.2026.site.138, 1, 148, 149
411483.3.peg.2026.site.139, 2, 142, 144
411483.3.peg.2026.site.140, 2, 139, 141
411483.3.peg.2026.site.141, 35, 130, 165
411483.3.peg.2026.site.142, 7, 139, 146
411483.3.peg.2026.site.143, 4, 145, 149
411483.3.peg.2026.site.144, 2, 142, 144
411483.3.peg.2026.site.145, 3, 139, 142
411483.3.peg.2026.site.146, 1, 144, 145
411483.3.peg.2026.site.147, 0, 145, 145
411483.3.peg.2026.site.148, 3, 144, 147
411483.3.peg.2026.site.149, 3, 145, 148
411483.3.peg.2026.site.150, 6, 144, 150
411483.3.peg.2026.site.151, 1, 147, 148
411483.3.peg.2026.site.152, 3, 139, 142
411483.3.peg.2026.site.153, 0, 149, 149
411483.3.peg.2026.site.154, 21, 149, 170
411483.3.peg.2026.site.155, 5, 153, 158
411483.3.peg.2026.site.156, 0, 149, 149
411483.3.peg.2029.site.1, 27, 120, 147
411483.3.peg.2029.site.2, 29, 130, 159
411483.3.peg.2029.site.3, 5, 148, 153
411483.3.peg.2029.site.4, 1, 144, 145
411483.3.peg.2029.site.5, 6, 151, 157
411483.3.peg.2029.site.6, 28, 142, 170
411483.3.peg.2029.site.7, 1, 150, 151
411483.3.peg.2029.site.8, 5, 152, 157
411483.3.peg.2029.site.9, 0, 147, 147
411483.3.peg.2029.site.10, 1, 147, 148
411483.3.peg.2029.site.11, 3, 153, 156
411483.3.peg.2029.site.12, 0, 154, 154
411483.3.peg.2029.site.13, 7, 152, 159
411483.3.peg.2029.site.14, 1, 153, 154
411483.3.peg.2029.site.15, 6, 154, 160
411483.3.peg.2029.site.16, 20, 144, 164
411483.3.peg.2029.site.17, 6, 153, 159
411483.3.peg.2029.site.18, 2, 153, 155
411483.3.peg.2029.site.19, 1, 152, 153
411483.3.peg.2029.site.20, 2, 151, 153
411483.3.peg.2029.site.21, 32, 142, 174
411483.3.peg.2029.site.22, 2, 146, 148
411483.3.peg.2029.site.23, 8, 148, 156
411483.3.peg.2029.site.24, 3, 151, 154
411483.3.peg.2029.site.25, 2, 148, 150
411483.3.peg.2029.site.26, 2, 152, 154
411483.3.peg.2029.site.27, 12, 145, 157
411483.3.peg.2029.site.28, 5, 150, 155
411483.3.peg.2029.site.29, 0, 153, 153
411483.3.peg.2029.site.30, 6, 152, 158
411483.3.peg.2029.site.31, 1, 151, 152
411483.3.peg.2029.site.32, 1, 153, 154
411483.3.peg.2029.site.33, 1, 155, 156
411483.3.peg.2029.site.34, 0, 153, 153
411483.3.peg.2029.site.35, 2, 153, 155
411483.3.peg.2029.site.36, 12, 152, 164
411483.3.peg.2029.site.37, 7, 147, 154
411483.3.peg.2029.site.38, 0, 151, 151
411483.3.peg.2029.site.39, 3, 148, 151
411483.3.peg.2029.site.40, 133, 147, 280
411483.3.peg.2029.site.41, 0, 151, 151
411483.3.peg.2029.site.42, 2, 151, 153
411483.3.peg.2029.site.43, 1, 153, 154
411483.3.peg.2029.site.44, 2, 154, 156
411483.3.peg.2029.site.45, 6, 152, 158
411483.3.peg.2029.site.46, 0, 152, 152
411483.3.peg.2029.site.47, 5, 149, 154
411483.3.peg.2029.site.48, 1, 150, 151
411483.3.peg.2029.site.49, 66, 146, 212
411483.3.peg.2029.site.50, 29, 154, 183
411483.3.peg.2029.site.51, 5, 153, 158
411483.3.peg.2029.site.52, 4, 149, 153
411483.3.peg.2029.site.53, 2, 144, 146
411483.3.peg.2029.site.54, 1, 144, 145
411483.3.peg.2029.site.55, 57, 135, 192
411483.3.peg.2029.site.56, 35, 135, 170
411483.3.peg.2029.site.57, 0, 138, 138
411483.3.peg.2029.site.58, 1, 138, 139
411483.3.peg.2029.site.59, 25, 131, 156
411483.3.peg.2029.site.60, 2, 135, 137
411483.3.peg.2029.site.61, 4, 138, 142
411483.3.peg.2029.site.62, 0, 147, 147
411483.3.peg.2029.site.63, 22, 131, 153
411483.3.peg.2029.site.64, 46, 125, 171
411483.3.peg.2029.site.65, 21, 137, 158
411483.3.peg.2029.site.66, 88, 138, 226
411483.3.peg.2029.site.67, 1, 149, 150
411483.3.peg.2029.site.68, 1, 150, 151
411483.3.peg.2029.site.69, 0, 149, 149
411483.3.peg.2029.site.70, 1, 146, 147
411483.3.peg.2029.site.71, 3, 147, 150
411483.3.peg.2029.site.72, 142, 145, 287
411483.3.peg.2029.site.73, 28, 146, 174
411483.3.peg.2029.site.74, 9, 151, 160
411483.3.peg.2029.site.75, 2, 151, 153
411483.3.peg.2029.site.76, 0, 153, 153
411483.3.peg.2029.site.77, 4, 154, 158
411483.3.peg.2029.site.78, 22, 147, 169
411483.3.peg.2029.site.79, 33, 146, 179
411483.3.peg.2029.site.80, 2, 154, 156
411483.3.peg.2029.site.81, 6, 149, 155
411483.3.peg.2029.site.82, 1, 154, 155
411483.3.peg.2029.site.83, 2, 154, 156
411483.3.peg.2029.site.84, 2, 154, 156
411483.3.peg.2029.site.85, 7, 154, 161
411483.3.peg.2029.site.86, 12, 150, 162
411483.3.peg.2029.site.87, 0, 154, 154
411483.3.peg.2029.site.88, 119, 144, 263
411483.3.peg.2029.site.89, 4, 152, 156
411483.3.peg.2029.site.90, 6, 153, 159
411483.3.peg.2029.site.91, 7, 154, 161
411483.3.peg.2029.site.92, 0, 154, 154
411483.3.peg.2029.site.93, 0, 152, 152
411483.3.peg.2029.site.94, 1, 153, 154
411483.3.peg.2029.site.95, 2, 155, 157
411483.3.peg.2028.site.1, 2, 155, 157
411483.3.peg.2028.site.2, 5, 152, 157
411483.3.peg.2028.site.3, 1, 153, 154
411483.3.peg.2028.site.4, 0, 151, 151
411483.3.peg.1828.site.1, 1, 154, 155
411483.3.peg.1828.site.2, 8, 148, 156
411483.3.peg.1828.site.3, 11, 145, 156
411483.3.peg.1828.site.4, 1, 150, 151
411483.3.peg.1828.site.5, 10, 138, 148
411483.3.peg.1828.site.6, 80, 132, 212
411483.3.peg.1828.site.7, 37, 134, 171
411483.3.peg.1828.site.8, 31, 135, 166
411483.3.peg.1828.site.9, 0, 144, 144
411483.3.peg.1828.site.10, 1, 147, 148
411483.3.peg.1828.site.11, 3, 148, 151
411483.3.peg.1828.site.12, 3, 148, 151
411483.3.peg.1828.site.13, 5, 148, 153
411483.3.peg.1828.site.14, 17, 140, 157
411483.3.peg.1828.site.15, 136, 149, 285
411483.3.peg.1828.site.16, 1, 153, 154
411483.3.peg.1828.site.17, 0, 152, 152
411483.3.peg.1828.site.18, 5, 151, 156
411483.3.peg.1828.site.19, 26, 147, 173
411483.3.peg.1828.site.20, 3, 148, 151
411483.3.peg.1828.site.21, 107, 136, 243
411483.3.peg.1828.site.22, 32, 138, 170
411483.3.peg.1828.site.23, 1, 145, 146
411483.3.peg.1828.site.24, 4, 143, 147
411483.3.peg.1828.site.25, 1, 143, 144
411483.3.peg.1828.site.26, 4, 138, 142
411483.3.peg.1828.site.27, 4, 136, 140
411483.3.peg.1828.site.28, 12, 134, 146
411483.3.peg.1828.site.29, 4, 146, 150
411483.3.peg.1828.site.30, 1, 150, 151
411483.3.peg.1828.site.31, 2, 154, 156
411483.3.peg.1828.site.32, 4, 153, 157
411483.3.peg.1828.site.33, 0, 153, 153
411483.3.peg.1828.site.34, 3, 149, 152
411483.3.peg.1828.site.35, 0, 152, 152
411483.3.peg.1828.site.36, 2, 153, 155
411483.3.peg.1828.site.37, 18, 151, 169
411483.3.peg.1828.site.38, 1, 152, 153
411483.3.peg.1828.site.39, 2, 154, 156
411483.3.peg.1828.site.40, 61, 142, 203
411483.3.peg.1828.site.41, 3, 153, 156
411483.3.peg.1828.site.42, 3, 154, 157
411483.3.peg.1828.site.43, 14, 148, 162
411483.3.peg.1828.site.44, 83, 149, 232
411483.3.peg.1828.site.45, 1, 155, 156
411483.3.peg.1828.site.46, 3, 154, 157
411483.3.peg.1828.site.47, 26, 143, 169
411483.3.peg.1828.site.48, 13, 146, 159
411483.3.peg.1828.site.49, 3, 152, 155
411483.3.peg.1828.site.50, 136, 149, 285
411483.3.peg.1828.site.51, 24, 149, 173
411483.3.peg.1828.site.52, 5, 150, 155
411483.3.peg.1828.site.53, 2, 154, 156
411483.3.peg.1828.site.54, 9, 152, 161
411483.3.peg.1828.site.55, 2, 155, 157
411483.3.peg.1828.site.56, 130, 152, 282
411483.3.peg.1829.site.1, 1, 154, 155
411483.3.peg.1829.site.2, 1, 152, 153
411483.3.peg.1829.site.3, 4, 151, 155
411483.3.peg.1829.site.4, 5, 148, 153
411483.3.peg.1829.site.5, 9, 145, 154
411483.3.peg.1829.site.6, 13, 147, 160
411483.3.peg.1829.site.7, 0, 147, 147
411483.3.peg.1829.site.8, 144, 148, 292
411483.3.peg.1829.site.9, 2, 149, 151
411483.3.peg.1829.site.10, 1, 152, 153
411483.3.peg.1829.site.11, 139, 151, 290
411483.3.peg.1829.site.12, 130, 148, 278
411483.3.peg.1829.site.13, 11, 147, 158
411483.3.peg.1829.site.14, 1, 152, 153
411483.3.peg.1829.site.15, 11, 154, 165
411483.3.peg.1829.site.16, 2, 151, 153
411483.3.peg.1829.site.17, 10, 149, 159
411483.3.peg.1829.site.18, 7, 152, 159
411483.3.peg.1829.site.19, 0, 154, 154
411483.3.peg.1824.site.1, 9, 150, 159
411483.3.peg.1824.site.2, 13, 146, 159
411483.3.peg.1824.site.3, 3, 148, 151
411483.3.peg.1824.site.4, 7, 143, 150
411483.3.peg.1824.site.5, 52, 136, 188
411483.3.peg.1824.site.6, 20, 139, 159
411483.3.peg.1824.site.7, 68, 129, 197
411483.3.peg.1824.site.8, 1, 137, 138
411483.3.peg.1824.site.9, 11, 135, 146
411483.3.peg.1824.site.10, 9, 128, 137
411483.3.peg.1824.site.11, 0, 125, 125
411483.3.peg.1824.site.12, 16, 114, 130
411483.3.peg.1824.site.13, 100, 131, 231
411483.3.peg.1824.site.14, 6, 129, 135
411483.3.peg.1824.site.15, 29, 129, 158
411483.3.peg.1824.site.16, 0, 141, 141
411483.3.peg.1824.site.17, 9, 138, 147
411483.3.peg.1824.site.18, 0, 138, 138
411483.3.peg.1824.site.19, 0, 150, 150
411483.3.peg.1824.site.20, 14, 151, 165
411483.3.peg.1824.site.21, 3, 149, 152
411483.3.peg.1824.site.22, 23, 152, 175
411483.3.peg.1824.site.23, 7, 152, 159
411483.3.peg.1824.site.24, 0, 151, 151
411483.3.peg.1824.site.25, 7, 152, 159
411483.3.peg.1824.site.26, 9, 134, 143
411483.3.peg.1824.site.27, 2, 126, 128
411483.3.peg.1824.site.28, 40, 128, 168
411483.3.peg.1824.site.29, 1, 138, 139
411483.3.peg.1824.site.30, 104, 130, 234
411483.3.peg.1824.site.31, 8, 138, 146
411483.3.peg.1824.site.32, 0, 139, 139
411483.3.peg.1824.site.33, 4, 138, 142
411483.3.peg.1824.site.34, 11, 141, 152
411483.3.peg.1824.site.35, 2, 139, 141
411483.3.peg.1824.site.36, 1, 141, 142
411483.3.peg.1824.site.37, 4, 134, 138
411483.3.peg.1824.site.38, 1, 139, 140
411483.3.peg.1824.site.39, 56, 133, 189
411483.3.peg.1824.site.40, 3, 143, 146
411483.3.peg.1824.site.41, 1, 142, 143
411483.3.peg.1824.site.42, 121, 138, 259
411483.3.peg.1824.site.43, 37, 139, 176
411483.3.peg.1824.site.44, 2, 154, 156
411483.3.peg.1824.site.45, 3, 154, 157
411483.3.peg.1824.site.46, 2, 145, 147
411483.3.peg.1824.site.47, 70, 133, 203
411483.3.peg.1824.site.48, 39, 140, 179
411483.3.peg.1824.site.49, 102, 136, 238
411483.3.peg.1824.site.50, 43, 140, 183
411483.3.peg.1824.site.51, 72, 115, 187
411483.3.peg.1824.site.52, 103, 106, 209
411483.3.peg.1824.site.53, 84, 98, 182
411483.3.peg.1824.site.54, 13, 100, 113
411483.3.peg.1824.site.55, 26, 105, 131
411483.3.peg.1824.site.56, 5, 106, 111
411483.3.peg.1824.site.57, 40, 105, 145
411483.3.peg.1824.site.58, 14, 113, 127
411483.3.peg.1824.site.59, 7, 122, 129
411483.3.peg.1824.site.60, 1, 121, 122
411483.3.peg.1824.site.61, 0, 128, 128
411483.3.peg.1824.site.62, 5, 135, 140
411483.3.peg.1824.site.63, 7, 135, 142
411483.3.peg.1824.site.64, 10, 135, 145
411483.3.peg.1824.site.65, 12, 139, 151
411483.3.peg.1824.site.66, 4, 149, 153
411483.3.peg.1824.site.67, 36, 141, 177
411483.3.peg.1824.site.68, 85, 141, 226
411483.3.peg.1824.site.69, 25, 139, 164
411483.3.peg.1824.site.70, 0, 133, 133
411483.3.peg.1824.site.71, 3, 129, 132
411483.3.peg.1824.site.72, 11, 123, 134
411483.3.peg.1824.site.73, 15, 109, 124
411483.3.peg.1824.site.74, 0, 100, 100
411483.3.peg.1824.site.75, 5, 114, 119
411483.3.peg.1824.site.76, 7, 110, 117
411483.3.peg.1824.site.77, 31, 105, 136
411483.3.peg.1824.site.78, 1, 110, 111
411483.3.peg.1824.site.79, 4, 107, 111
411483.3.peg.1824.site.80, 1, 111, 112
411483.3.peg.1824.site.81, 11, 115, 126
411483.3.peg.1824.site.82, 0, 113, 113
411483.3.peg.1824.site.83, 0, 147, 147
411483.3.peg.1824.site.84, 7, 148, 155
411483.3.peg.1824.site.85, 4, 148, 152
411483.3.peg.1824.site.86, 3, 151, 154
411483.3.peg.1824.site.87, 0, 150, 150
411483.3.peg.1824.site.88, 27, 149, 176
411483.3.peg.1824.site.89, 27, 150, 177
411483.3.peg.1824.site.90, 3, 151, 154
411483.3.peg.1824.site.91, 19, 146, 165
411483.3.peg.1824.site.92, 1, 151, 152
411483.3.peg.1824.site.93, 17, 148, 165
411483.3.peg.1824.site.94, 2, 151, 153
411483.3.peg.1824.site.95, 11, 152, 163
411483.3.peg.1824.site.96, 3, 147, 150
411483.3.peg.1824.site.97, 5, 146, 151
411483.3.peg.1824.site.98, 1, 137, 138
411483.3.peg.1824.site.99, 62, 132, 194
411483.3.peg.1824.site.100, 58, 130, 188
411483.3.peg.1824.site.101, 62, 134, 196
411483.3.peg.1824.site.102, 2, 130, 132
411483.3.peg.1824.site.103, 1, 141, 142
411483.3.peg.1824.site.104, 19, 141, 160
411483.3.peg.1824.site.105, 1, 149, 150
411483.3.peg.1824.site.106, 5, 153, 158
411483.3.peg.1824.site.107, 1, 150, 151
411483.3.peg.1824.site.108, 40, 134, 174
411483.3.peg.1824.site.109, 4, 153, 157
411483.3.peg.1824.site.110, 0, 153, 153
411483.3.peg.1824.site.111, 8, 147, 155
411483.3.peg.1824.site.112, 1, 154, 155
411483.3.peg.1824.site.113, 1, 153, 154
411483.3.peg.1824.site.114, 54, 144, 198
411483.3.peg.1824.site.115, 37, 148, 185
411483.3.peg.1824.site.116, 56, 146, 202
411483.3.peg.1825.site.1, 49, 131, 180
411483.3.peg.1825.site.2, 1, 143, 144
411483.3.peg.1825.site.3, 15, 135, 150
411483.3.peg.1825.site.4, 18, 134, 152
411483.3.peg.1825.site.5, 4, 144, 148
411483.3.peg.1825.site.6, 4, 142, 146
411483.3.peg.1825.site.7, 22, 137, 159
411483.3.peg.1825.site.8, 2, 149, 151
411483.3.peg.1825.site.9, 2, 144, 146
411483.3.peg.1825.site.10, 20, 139, 159
411483.3.peg.1825.site.11, 17, 140, 157
411483.3.peg.1825.site.12, 2, 148, 150
411483.3.peg.1825.site.13, 17, 142, 159
411483.3.peg.1825.site.14, 5, 148, 153
411483.3.peg.1825.site.15, 130, 147, 277
411483.3.peg.1825.site.16, 7, 149, 156
411483.3.peg.1825.site.17, 2, 149, 151
411483.3.peg.1825.site.18, 0, 146, 146
411483.3.peg.1825.site.19, 4, 152, 156
411483.3.peg.1825.site.20, 126, 149, 275
411483.3.peg.1825.site.21, 6, 152, 158
411483.3.peg.1825.site.22, 19, 147, 166
411483.3.peg.1825.site.23, 145, 147, 292
411483.3.peg.1825.site.24, 0, 146, 146
411483.3.peg.1825.site.25, 122, 136, 258
411483.3.peg.1825.site.26, 15, 147, 162
411483.3.peg.1825.site.27, 6, 141, 147
411483.3.peg.1825.site.28, 133, 136, 269
411483.3.peg.1825.site.29, 92, 97, 189
411483.3.peg.1825.site.30, 111, 116, 227
411483.3.peg.1825.site.31, 1, 114, 115
411483.3.peg.1825.site.32, 2, 146, 148
411483.3.peg.1825.site.33, 1, 149, 150
411483.3.peg.1825.site.34, 149, 151, 300
411483.3.peg.1825.site.35, 120, 144, 264
411483.3.peg.1825.site.36, 1, 148, 149
411483.3.peg.1825.site.37, 1, 149, 150
411483.3.peg.1825.site.38, 8, 147, 155
411483.3.peg.1825.site.39, 0, 129, 129
411483.3.peg.1825.site.40, 94, 135, 229
411483.3.peg.1825.site.41, 94, 137, 231
411483.3.peg.1825.site.42, 2, 146, 148
411483.3.peg.1825.site.43, 2, 144, 146
411483.3.peg.1825.site.44, 112, 135, 247
411483.3.peg.1825.site.45, 0, 145, 145
411483.3.peg.1825.site.46, 1, 143, 144
411483.3.peg.1825.site.47, 2, 147, 149
411483.3.peg.1825.site.48, 3, 154, 157
411483.3.peg.1825.site.49, 9, 150, 159
411483.3.peg.1825.site.50, 58, 144, 202
411483.3.peg.1825.site.51, 51, 143, 194
411483.3.peg.1825.site.52, 3, 150, 153
411483.3.peg.1825.site.53, 12, 140, 152
411483.3.peg.1826.site.1, 41, 125, 166
411483.3.peg.1826.site.2, 6, 134, 140
411483.3.peg.1826.site.3, 4, 141, 145
411483.3.peg.1826.site.4, 16, 146, 162
411483.3.peg.1826.site.5, 23, 117, 140
411483.3.peg.1826.site.6, 1, 117, 118
411483.3.peg.1826.site.7, 1, 109, 110
411483.3.peg.1826.site.8, 78, 104, 182
411483.3.peg.1826.site.9, 29, 84, 113
411483.3.peg.1826.site.10, 2, 77, 79
411483.3.peg.1826.site.11, 25, 95, 120
411483.3.peg.1826.site.12, 56, 111, 167
411483.3.peg.1826.site.13, 57, 123, 180
411483.3.peg.1826.site.14, 1, 142, 143
411483.3.peg.1826.site.15, 15, 139, 154
411483.3.peg.1826.site.16, 45, 134, 179
411483.3.peg.1826.site.17, 2, 146, 148
411483.3.peg.1826.site.18, 4, 141, 145
411483.3.peg.1826.site.19, 143, 144, 287
411483.3.peg.1826.site.20, 1, 144, 145
411483.3.peg.1826.site.21, 6, 141, 147
411483.3.peg.1826.site.22, 19, 134, 153
411483.3.peg.1826.site.23, 9, 137, 146
411483.3.peg.1826.site.24, 29, 135, 164
411483.3.peg.1826.site.25, 50, 135, 185
411483.3.peg.1826.site.26, 2, 125, 127
411483.3.peg.1826.site.27, 140, 140, 280
411483.3.peg.1826.site.28, 13, 137, 150
411483.3.peg.1826.site.29, 3, 149, 152
411483.3.peg.1826.site.30, 1, 152, 153
411483.3.peg.1826.site.31, 19, 143, 162
411483.3.peg.1826.site.32, 40, 141, 181
411483.3.peg.1827.site.1, 11, 145, 156
411483.3.peg.1827.site.2, 9, 141, 150
411483.3.peg.1827.site.3, 27, 127, 154
411483.3.peg.1827.site.4, 5, 122, 127
411483.3.peg.1827.site.5, 19, 111, 130
411483.3.peg.1827.site.6, 5, 132, 137
411483.3.peg.1827.site.7, 1, 123, 124
411483.3.peg.1827.site.8, 6, 142, 148
411483.3.peg.1827.site.9, 16, 136, 152
411483.3.peg.1827.site.10, 1, 142, 143
411483.3.peg.1827.site.11, 2, 143, 145
411483.3.peg.1827.site.12, 1, 143, 144
411483.3.peg.1827.site.13, 2, 146, 148
411483.3.peg.1827.site.14, 43, 129, 172
411483.3.peg.1827.site.15, 0, 139, 139
411483.3.peg.1827.site.16, 9, 138, 147
411483.3.peg.1827.site.17, 6, 139, 145
411483.3.peg.1827.site.18, 1, 150, 151
411483.3.peg.1827.site.19, 2, 148, 150
411483.3.peg.1827.site.20, 2, 146, 148
411483.3.peg.1827.site.21, 14, 146, 160
411483.3.peg.1827.site.22, 1, 149, 150
411483.3.peg.1827.site.23, 0, 143, 143
411483.3.peg.1827.site.24, 0, 141, 141
411483.3.peg.1827.site.25, 0, 145, 145
411483.3.peg.1827.site.26, 0, 145, 145
411483.3.peg.1827.site.27, 19, 145, 164
411483.3.peg.1827.site.28, 2, 147, 149
411483.3.peg.1827.site.29, 2, 152, 154
411483.3.peg.1827.site.30, 17, 144, 161
411483.3.peg.1827.site.31, 3, 148, 151
411483.3.peg.1827.site.32, 36, 138, 174
411483.3.peg.1827.site.33, 0, 145, 145
411483.3.peg.1827.site.34, 0, 146, 146
411483.3.peg.1827.site.35, 24, 144, 168
411483.3.peg.1827.site.36, 3, 151, 154
411483.3.peg.1827.site.37, 3, 148, 151
411483.3.peg.1827.site.38, 3, 146, 149
411483.3.peg.1827.site.39, 27, 140, 167
411483.3.peg.1827.site.40, 4, 146, 150
411483.3.peg.1827.site.41, 1, 151, 152
411483.3.peg.1827.site.42, 25, 144, 169
411483.3.peg.1827.site.43, 8, 146, 154
411483.3.peg.1827.site.44, 1, 151, 152
411483.3.peg.1827.site.45, 4, 154, 158
411483.3.peg.1827.site.46, 2, 153, 155
411483.3.peg.1827.site.47, 92, 147, 239
411483.3.peg.1827.site.48, 14, 150, 164
411483.3.peg.1820.site.1, 4, 145, 149
411483.3.peg.1820.site.2, 1, 150, 151
411483.3.peg.1820.site.3, 15, 148, 163
411483.3.peg.1820.site.4, 5, 150, 155
411483.3.peg.1820.site.5, 3, 133, 136
411483.3.peg.1820.site.6, 1, 147, 148
411483.3.peg.1820.site.7, 10, 151, 161
411483.3.peg.1820.site.8, 2, 150, 152
411483.3.peg.1820.site.9, 0, 150, 150
411483.3.peg.1820.site.10, 34, 143, 177
411483.3.peg.1820.site.11, 1, 153, 154
411483.3.peg.1820.site.12, 44, 141, 185
411483.3.peg.1820.site.13, 9, 151, 160
411483.3.peg.1820.site.14, 2, 152, 154
411483.3.peg.1820.site.15, 0, 152, 152
411483.3.peg.1820.site.16, 0, 148, 148
411483.3.peg.1820.site.17, 3, 146, 149
411483.3.peg.1820.site.18, 1, 154, 155
411483.3.peg.1820.site.19, 11, 148, 159
411483.3.peg.1820.site.20, 13, 148, 161
411483.3.peg.1820.site.21, 13, 149, 162
411483.3.peg.1820.site.22, 6, 151, 157
411483.3.peg.1820.site.23, 26, 151, 177
411483.3.peg.1820.site.24, 22, 151, 173
411483.3.peg.1820.site.25, 10, 151, 161
411483.3.peg.1820.site.26, 2, 154, 156
411483.3.peg.1820.site.27, 1, 155, 156
411483.3.peg.1820.site.28, 0, 154, 154
411483.3.peg.1820.site.29, 8, 153, 161
411483.3.peg.1820.site.30, 39, 148, 187
411483.3.peg.1820.site.31, 133, 148, 281
411483.3.peg.1820.site.32, 4, 151, 155
411483.3.peg.1820.site.33, 17, 151, 168
411483.3.peg.1820.site.34, 4, 153, 157
411483.3.peg.1820.site.35, 15, 145, 160
411483.3.peg.1820.site.36, 4, 154, 158
411483.3.peg.1820.site.37, 2, 155, 157
411483.3.peg.1820.site.38, 1, 155, 156
411483.3.peg.1820.site.39, 0, 154, 154
411483.3.peg.1820.site.40, 1, 153, 154
411483.3.peg.1820.site.41, 1, 153, 154
411483.3.peg.1820.site.42, 26, 143, 169
411483.3.peg.1820.site.43, 59, 148, 207
411483.3.peg.1820.site.44, 2, 152, 154
411483.3.peg.1820.site.45, 13, 151, 164
411483.3.peg.1820.site.46, 9, 149, 158
411483.3.peg.1820.site.47, 6, 153, 159
411483.3.peg.1820.site.48, 28, 142, 170
411483.3.peg.1820.site.49, 1, 153, 154
411483.3.peg.1820.site.50, 19, 144, 163
411483.3.peg.1820.site.51, 4, 144, 148
411483.3.peg.1820.site.52, 3, 145, 148
411483.3.peg.1820.site.53, 10, 140, 150
411483.3.peg.1820.site.54, 5, 146, 151
411483.3.peg.1820.site.55, 1, 145, 146
411483.3.peg.1821.site.1, 4, 142, 146
411483.3.peg.1821.site.2, 0, 142, 142
411483.3.peg.1821.site.3, 7, 144, 151
411483.3.peg.1821.site.4, 5, 152, 157
411483.3.peg.1821.site.5, 11, 148, 159
411483.3.peg.1821.site.6, 1, 152, 153
411483.3.peg.1821.site.7, 1, 153, 154
411483.3.peg.1821.site.8, 19, 150, 169
411483.3.peg.1821.site.9, 8, 153, 161
411483.3.peg.1821.site.10, 7, 153, 160
411483.3.peg.1821.site.11, 68, 146, 214
411483.3.peg.1821.site.12, 1, 154, 155
411483.3.peg.1821.site.13, 5, 151, 156
411483.3.peg.1821.site.14, 0, 151, 151
411483.3.peg.1821.site.15, 23, 152, 175
411483.3.peg.1821.site.16, 14, 148, 162
411483.3.peg.1821.site.17, 6, 147, 153
411483.3.peg.1821.site.18, 1, 154, 155
411483.3.peg.1821.site.19, 1, 155, 156
411483.3.peg.1821.site.20, 4, 155, 159
411483.3.peg.1821.site.21, 11, 149, 160
411483.3.peg.1821.site.22, 2, 154, 156
411483.3.peg.1821.site.23, 3, 153, 156
411483.3.peg.1821.site.24, 1, 152, 153
411483.3.peg.1821.site.25, 22, 147, 169
411483.3.peg.1821.site.26, 10, 152, 162
411483.3.peg.1822.site.1, 10, 148, 158
411483.3.peg.1822.site.2, 2, 152, 154
411483.3.peg.1822.site.3, 152, 152, 304
411483.3.peg.1822.site.4, 2, 151, 153
411483.3.peg.1822.site.5, 3, 151, 154
411483.3.peg.1822.site.6, 4, 147, 151
411483.3.peg.1822.site.7, 2, 149, 151
411483.3.peg.1822.site.8, 2, 151, 153
411483.3.peg.1822.site.9, 0, 153, 153
411483.3.peg.1822.site.10, 10, 152, 162
411483.3.peg.1822.site.11, 3, 152, 155
411483.3.peg.1822.site.12, 143, 143, 286
411483.3.peg.1822.site.13, 2, 146, 148
411483.3.peg.1822.site.14, 2, 144, 146
411483.3.peg.1822.site.15, 2, 137, 139
411483.3.peg.1822.site.16, 9, 122, 131
411483.3.peg.1822.site.17, 3, 102, 105
411483.3.peg.1822.site.18, 4, 114, 118
411483.3.peg.1822.site.19, 3, 138, 141
411483.3.peg.1822.site.20, 2, 139, 141
411483.3.peg.1822.site.21, 2, 73, 75
411483.3.peg.1822.site.22, 3, 78, 81
411483.3.peg.1226.site.1, 2, 151, 153
411483.3.peg.1226.site.2, 4, 151, 155
411483.3.peg.1226.site.3, 30, 145, 175
411483.3.peg.1226.site.4, 2, 152, 154
411483.3.peg.1226.site.5, 8, 148, 156
411483.3.peg.1226.site.6, 3, 151, 154
411483.3.peg.1226.site.7, 6, 148, 154
411483.3.peg.1226.site.8, 0, 150, 150
411483.3.peg.1226.site.9, 31, 141, 172
411483.3.peg.1226.site.10, 1, 145, 146
411483.3.peg.1226.site.11, 20, 145, 165
411483.3.peg.1226.site.12, 105, 135, 240
411483.3.peg.1226.site.13, 7, 138, 145
411483.3.peg.1226.site.14, 1, 135, 136
411483.3.peg.1226.site.15, 53, 115, 168
411483.3.peg.1226.site.16, 1, 129, 130
411483.3.peg.1226.site.17, 4, 126, 130
411483.3.peg.1226.site.18, 1, 122, 123
411483.3.peg.1226.site.19, 24, 102, 126
411483.3.peg.1226.site.20, 5, 110, 115
411483.3.peg.1226.site.21, 2, 124, 126
411483.3.peg.1226.site.22, 5, 122, 127
411483.3.peg.1226.site.23, 6, 129, 135
411483.3.peg.1226.site.24, 3, 138, 141
411483.3.peg.1226.site.25, 4, 138, 142
411483.3.peg.1226.site.26, 24, 131, 155
411483.3.peg.1226.site.27, 12, 137, 149
411483.3.peg.1226.site.28, 7, 128, 135
411483.3.peg.1226.site.29, 4, 129, 133
411483.3.peg.1226.site.30, 1, 130, 131
411483.3.peg.1226.site.31, 99, 112, 211
411483.3.peg.1226.site.32, 1, 113, 114
411483.3.peg.1226.site.33, 5, 114, 119
411483.3.peg.1226.site.34, 1, 123, 124
411483.3.peg.1226.site.35, 5, 132, 137
411483.3.peg.1226.site.36, 6, 141, 147
411483.3.peg.1226.site.37, 4, 144, 148
411483.3.peg.1226.site.38, 9, 137, 146
411483.3.peg.1226.site.39, 9, 146, 155
411483.3.peg.1226.site.40, 5, 145, 150
411483.3.peg.1226.site.41, 6, 147, 153
411483.3.peg.1226.site.42, 35, 148, 183
411483.3.peg.1226.site.43, 9, 153, 162
411483.3.peg.1226.site.44, 8, 149, 157
411483.3.peg.1226.site.45, 78, 142, 220
411483.3.peg.1226.site.46, 9, 145, 154
411483.3.peg.1226.site.47, 3, 149, 152
411483.3.peg.1226.site.48, 2, 151, 153
411483.3.peg.1226.site.49, 28, 134, 162
411483.3.peg.1226.site.50, 8, 143, 151
411483.3.peg.1226.site.51, 26, 146, 172
411483.3.peg.1226.site.52, 96, 138, 234
411483.3.peg.1226.site.53, 1, 150, 151
411483.3.peg.1226.site.54, 140, 146, 286
411483.3.peg.1226.site.55, 5, 143, 148
411483.3.peg.1226.site.56, 9, 138, 147
411483.3.peg.1226.site.57, 1, 147, 148
411483.3.peg.1226.site.58, 1, 138, 139
411483.3.peg.1226.site.59, 26, 125, 151
411483.3.peg.1226.site.60, 90, 127, 217
411483.3.peg.1226.site.61, 1, 111, 112
411483.3.peg.1226.site.62, 95, 104, 199
411483.3.peg.1226.site.63, 5, 92, 97
411483.3.peg.1226.site.64, 3, 90, 93
411483.3.peg.1226.site.65, 58, 98, 156
411483.3.peg.1226.site.66, 120, 120, 240
411483.3.peg.1226.site.67, 6, 134, 140
411483.3.peg.1226.site.68, 3, 133, 136
411483.3.peg.1226.site.69, 10, 143, 153
411483.3.peg.1226.site.70, 57, 131, 188
411483.3.peg.1226.site.71, 7, 140, 147
411483.3.peg.1226.site.72, 1, 141, 142
411483.3.peg.1226.site.73, 3, 142, 145
411483.3.peg.1226.site.74, 2, 142, 144
411483.3.peg.1226.site.75, 27, 141, 168
411483.3.peg.1226.site.76, 2, 145, 147
411483.3.peg.1226.site.77, 1, 145, 146
411483.3.peg.1226.site.78, 1, 143, 144
411483.3.peg.1226.site.79, 1, 127, 128
411483.3.peg.1226.site.80, 6, 113, 119
411483.3.peg.1226.site.81, 6, 106, 112
411483.3.peg.1226.site.82, 24, 98, 122
411483.3.peg.1226.site.83, 13, 91, 104
411483.3.peg.1226.site.84, 1, 94, 95
411483.3.peg.1226.site.85, 2, 85, 87
411483.3.peg.1226.site.86, 4, 71, 75
411483.3.peg.1226.site.87, 3, 79, 82
411483.3.peg.1226.site.88, 1, 98, 99
411483.3.peg.1226.site.89, 1, 118, 119
411483.3.peg.1226.site.90, 10, 104, 114
411483.3.peg.1226.site.91, 8, 101, 109
411483.3.peg.1226.site.92, 15, 116, 131
411483.3.peg.1226.site.93, 1, 123, 124
411483.3.peg.1226.site.94, 0, 133, 133
411483.3.peg.1226.site.95, 5, 122, 127
411483.3.peg.1226.site.96, 2, 137, 139
411483.3.peg.1226.site.97, 1, 131, 132
411483.3.peg.1226.site.98, 11, 123, 134
411483.3.peg.1226.site.99, 0, 111, 111
411483.3.peg.1226.site.100, 1, 122, 123
411483.3.peg.1226.site.101, 1, 119, 120
411483.3.peg.1226.site.102, 11, 115, 126
411483.3.peg.1226.site.103, 119, 119, 238
411483.3.peg.1226.site.104, 1, 129, 130
411483.3.peg.1226.site.105, 9, 131, 140
411483.3.peg.1226.site.106, 2, 129, 131
411483.3.peg.1226.site.107, 2, 118, 120
411483.3.peg.1226.site.108, 1, 118, 119
411483.3.peg.1226.site.109, 104, 107, 211
411483.3.peg.1226.site.110, 1, 100, 101
411483.3.peg.1226.site.111, 1, 113, 114
411483.3.peg.1226.site.112, 8, 118, 126
411483.3.peg.1226.site.113, 31, 131, 162
411483.3.peg.1226.site.114, 10, 138, 148
411483.3.peg.1226.site.115, 1, 143, 144
411483.3.peg.1226.site.116, 1, 141, 142
411483.3.peg.1226.site.117, 1, 134, 135
411483.3.peg.1226.site.118, 127, 133, 260
411483.3.peg.1226.site.119, 5, 135, 140
411483.3.peg.1226.site.120, 17, 127, 144
411483.3.peg.1226.site.121, 2, 146, 148
411483.3.peg.1226.site.122, 1, 137, 138
411483.3.peg.1226.site.123, 0, 144, 144
411483.3.peg.1226.site.124, 4, 146, 150
411483.3.peg.1226.site.125, 11, 140, 151
411483.3.peg.1226.site.126, 10, 131, 141
411483.3.peg.1226.site.127, 5, 138, 143
411483.3.peg.1226.site.128, 1, 139, 140
411483.3.peg.1226.site.129, 9, 128, 137
411483.3.peg.1226.site.130, 5, 127, 132
411483.3.peg.1226.site.131, 6, 117, 123
411483.3.peg.1226.site.132, 27, 106, 133
411483.3.peg.1226.site.133, 1, 103, 104
411483.3.peg.1226.site.134, 1, 104, 105
411483.3.peg.1226.site.135, 1, 114, 115
411483.3.peg.1226.site.136, 8, 110, 118
411483.3.peg.1226.site.137, 1, 132, 133
411483.3.peg.1226.site.138, 2, 151, 153
411483.3.peg.1226.site.139, 3, 149, 152
411483.3.peg.1226.site.140, 2, 150, 152
411483.3.peg.1226.site.141, 6, 149, 155
411483.3.peg.1226.site.142, 1, 146, 147
411483.3.peg.1226.site.143, 4, 139, 143
411483.3.peg.1226.site.144, 3, 141, 144
411483.3.peg.1226.site.145, 17, 140, 157
411483.3.peg.1226.site.146, 16, 147, 163
411483.3.peg.1226.site.147, 1, 150, 151
411483.3.peg.1226.site.148, 19, 136, 155
411483.3.peg.1226.site.149, 8, 143, 151
411483.3.peg.1226.site.150, 2, 142, 144
411483.3.peg.1226.site.151, 0, 139, 139
411483.3.peg.1226.site.152, 2, 144, 146
411483.3.peg.1226.site.153, 1, 144, 145
411483.3.peg.1226.site.154, 2, 142, 144
411483.3.peg.1226.site.155, 1, 143, 144
411483.3.peg.1226.site.156, 0, 135, 135
411483.3.peg.1226.site.157, 4, 140, 144
411483.3.peg.1226.site.158, 2, 134, 136
411483.3.peg.1226.site.159, 15, 137, 152
411483.3.peg.1226.site.160, 1, 101, 102
411483.3.peg.1227.site.1, 1, 150, 151
411483.3.peg.1227.site.2, 144, 147, 291
411483.3.peg.1227.site.3, 1, 150, 151
411483.3.peg.1227.site.4, 4, 142, 146
411483.3.peg.1227.site.5, 17, 147, 164
411483.3.peg.1227.site.6, 5, 145, 150
411483.3.peg.1227.site.7, 6, 146, 152
411483.3.peg.1227.site.8, 0, 146, 146
411483.3.peg.1227.site.9, 0, 147, 147
411483.3.peg.1227.site.10, 0, 142, 142
411483.3.peg.1227.site.11, 0, 145, 145
411483.3.peg.1227.site.12, 0, 144, 144
411483.3.peg.1227.site.13, 0, 146, 146
411483.3.peg.1227.site.14, 5, 138, 143
411483.3.peg.1227.site.15, 0, 145, 145
411483.3.peg.1227.site.16, 0, 136, 136
411483.3.peg.1227.site.17, 3, 138, 141
411483.3.peg.1227.site.18, 6, 132, 138
411483.3.peg.1227.site.19, 39, 116, 155
411483.3.peg.1227.site.20, 79, 104, 183
411483.3.peg.1227.site.21, 1, 106, 107
411483.3.peg.1227.site.22, 3, 67, 70
411483.3.peg.1227.site.23, 0, 91, 91
411483.3.peg.1227.site.24, 92, 95, 187
411483.3.peg.1227.site.25, 0, 121, 121
411483.3.peg.1227.site.26, 11, 130, 141
411483.3.peg.1227.site.27, 13, 125, 138
411483.3.peg.1227.site.28, 3, 138, 141
411483.3.peg.1227.site.29, 9, 139, 148
411483.3.peg.1227.site.30, 1, 122, 123
411483.3.peg.1227.site.31, 15, 141, 156
411483.3.peg.1227.site.32, 2, 144, 146
411483.3.peg.1227.site.33, 9, 140, 149
411483.3.peg.1227.site.34, 0, 150, 150
411483.3.peg.1227.site.35, 1, 154, 155
411483.3.peg.1227.site.36, 2, 150, 152
411483.3.peg.1227.site.37, 19, 144, 163
411483.3.peg.1227.site.38, 2, 154, 156
411483.3.peg.1227.site.39, 6, 153, 159
411483.3.peg.1227.site.40, 1, 152, 153
411483.3.peg.1227.site.41, 3, 152, 155
411483.3.peg.1227.site.42, 3, 153, 156
411483.3.peg.1227.site.43, 3, 154, 157
411483.3.peg.1227.site.44, 0, 151, 151
411483.3.peg.1227.site.45, 7, 152, 159
411483.3.peg.1227.site.46, 1, 154, 155
411483.3.peg.1227.site.47, 18, 153, 171
411483.3.peg.1227.site.48, 15, 144, 159
411483.3.peg.1227.site.49, 1, 148, 149
411483.3.peg.1227.site.50, 1, 147, 148
411483.3.peg.1227.site.51, 1, 152, 153
411483.3.peg.1227.site.52, 7, 151, 158
411483.3.peg.1227.site.53, 65, 140, 205
411483.3.peg.1227.site.54, 2, 152, 154
411483.3.peg.1227.site.55, 126, 147, 273
411483.3.peg.1227.site.56, 1, 155, 156
411483.3.peg.1227.site.57, 2, 154, 156
411483.3.peg.1227.site.58, 8, 153, 161
411483.3.peg.1227.site.59, 1, 152, 153
411483.3.peg.1227.site.60, 11, 152, 163
411483.3.peg.1227.site.61, 11, 141, 152
411483.3.peg.1227.site.62, 1, 147, 148
411483.3.peg.1227.site.63, 1, 153, 154
411483.3.peg.1227.site.64, 1, 153, 154
411483.3.peg.1227.site.65, 0, 154, 154
411483.3.peg.1227.site.66, 2, 155, 157
411483.3.peg.1227.site.67, 2, 155, 157
411483.3.peg.1227.site.68, 1, 155, 156
411483.3.peg.1227.site.69, 24, 151, 175
411483.3.peg.1227.site.70, 13, 151, 164
411483.3.peg.1227.site.71, 0, 147, 147
411483.3.peg.1227.site.72, 1, 149, 150
411483.3.peg.1227.site.73, 6, 142, 148
411483.3.peg.1227.site.74, 13, 147, 160
411483.3.peg.1227.site.75, 139, 142, 281
411483.3.peg.1227.site.76, 2, 145, 147
411483.3.peg.1227.site.77, 2, 153, 155
411483.3.peg.1227.site.78, 38, 142, 180
411483.3.peg.1227.site.79, 0, 154, 154
411483.3.peg.1227.site.80, 0, 153, 153
411483.3.peg.1227.site.81, 0, 151, 151
411483.3.peg.1227.site.82, 6, 150, 156
411483.3.peg.1227.site.83, 0, 152, 152
411483.3.peg.1227.site.84, 0, 153, 153
411483.3.peg.1227.site.85, 2, 152, 154
411483.3.peg.1227.site.86, 20, 142, 162
411483.3.peg.1227.site.87, 0, 143, 143
411483.3.peg.1227.site.88, 17, 145, 162
411483.3.peg.1227.site.89, 1, 152, 153
411483.3.peg.1227.site.90, 0, 151, 151
411483.3.peg.1227.site.91, 4, 149, 153
411483.3.peg.1227.site.92, 2, 149, 151
411483.3.peg.1227.site.93, 2, 144, 146
411483.3.peg.1227.site.94, 1, 146, 147
411483.3.peg.1227.site.95, 10, 147, 157
411483.3.peg.1227.site.96, 2, 147, 149
411483.3.peg.1227.site.97, 0, 147, 147
411483.3.peg.1227.site.98, 1, 144, 145
411483.3.peg.1227.site.99, 0, 143, 143
411483.3.peg.1227.site.100, 2, 147, 149
411483.3.peg.1227.site.101, 1, 149, 150
411483.3.peg.1227.site.102, 1, 151, 152
411483.3.peg.1227.site.103, 2, 153, 155
411483.3.peg.1227.site.104, 27, 145, 172
411483.3.peg.1227.site.105, 3, 154, 157
411483.3.peg.1227.site.106, 2, 151, 153
411483.3.peg.1227.site.107, 12, 151, 163
411483.3.peg.1227.site.108, 1, 155, 156
411483.3.peg.1227.site.109, 12, 154, 166
411483.3.peg.1227.site.110, 2, 152, 154
411483.3.peg.1227.site.111, 0, 154, 154
411483.3.peg.1227.site.112, 1, 153, 154
411483.3.peg.1227.site.113, 3, 153, 156
411483.3.peg.1227.site.114, 72, 142, 214
411483.3.peg.1227.site.115, 3, 155, 158
411483.3.peg.1227.site.116, 5, 154, 159
411483.3.peg.1227.site.117, 2, 153, 155
411483.3.peg.1227.site.118, 37, 144, 181
411483.3.peg.1227.site.119, 2, 153, 155
411483.3.peg.1227.site.120, 1, 153, 154
411483.3.peg.1227.site.121, 5, 152, 157
411483.3.peg.1227.site.122, 15, 152, 167
411483.3.peg.1227.site.123, 5, 154, 159
411483.3.peg.1227.site.124, 2, 155, 157
411483.3.peg.1227.site.125, 59, 146, 205
411483.3.peg.1227.site.126, 1, 150, 151
411483.3.peg.1227.site.127, 5, 123, 128
411483.3.peg.1227.site.128, 35, 108, 143
411483.3.peg.1224.site.1, 11, 152, 163
411483.3.peg.1224.site.2, 1, 144, 145
411483.3.peg.1224.site.3, 4, 144, 148
411483.3.peg.1224.site.4, 7, 130, 137
411483.3.peg.1224.site.5, 1, 133, 134
411483.3.peg.1224.site.6, 4, 130, 134
411483.3.peg.1224.site.7, 8, 135, 143
411483.3.peg.1224.site.8, 6, 133, 139
411483.3.peg.1224.site.9, 1, 129, 130
411483.3.peg.1224.site.10, 4, 120, 124
411483.3.peg.1224.site.11, 2, 118, 120
411483.3.peg.1224.site.12, 1, 110, 111
411483.3.peg.1224.site.13, 6, 115, 121
411483.3.peg.1224.site.14, 100, 120, 220
411483.3.peg.1224.site.15, 4, 111, 115
411483.3.peg.1224.site.16, 2, 123, 125
411483.3.peg.1224.site.17, 19, 129, 148
411483.3.peg.1224.site.18, 1, 143, 144
411483.3.peg.1224.site.19, 6, 144, 150
411483.3.peg.1224.site.20, 4, 147, 151
411483.3.peg.1224.site.21, 28, 141, 169
411483.3.peg.1224.site.22, 14, 151, 165
411483.3.peg.1224.site.23, 32, 151, 183
411483.3.peg.1224.site.24, 8, 154, 162
411483.3.peg.1224.site.25, 22, 151, 173
411483.3.peg.1225.site.1, 1, 152, 153
411483.3.peg.1225.site.2, 5, 149, 154
411483.3.peg.1225.site.3, 4, 153, 157
411483.3.peg.1225.site.4, 0, 153, 153
411483.3.peg.1225.site.5, 5, 155, 160
411483.3.peg.1225.site.6, 1, 153, 154
411483.3.peg.1225.site.7, 6, 151, 157
411483.3.peg.1225.site.8, 2, 155, 157
411483.3.peg.1225.site.9, 2, 155, 157
411483.3.peg.1225.site.10, 0, 154, 154
411483.3.peg.1225.site.11, 1, 154, 155
411483.3.peg.1225.site.12, 7, 153, 160
411483.3.peg.1225.site.13, 2, 153, 155
411483.3.peg.1225.site.14, 14, 147, 161
411483.3.peg.1225.site.15, 7, 153, 160
411483.3.peg.1225.site.16, 6, 153, 159
411483.3.peg.1225.site.17, 6, 155, 161
411483.3.peg.1225.site.18, 15, 150, 165
411483.3.peg.1225.site.19, 1, 155, 156
411483.3.peg.1225.site.20, 14, 152, 166
411483.3.peg.1225.site.21, 3, 153, 156
411483.3.peg.1225.site.22, 17, 152, 169
411483.3.peg.1225.site.23, 1, 153, 154
411483.3.peg.1225.site.24, 14, 147, 161
411483.3.peg.1225.site.25, 63, 144, 207
411483.3.peg.1225.site.26, 18, 149, 167
411483.3.peg.1225.site.27, 6, 149, 155
411483.3.peg.1225.site.28, 19, 147, 166
411483.3.peg.1225.site.29, 4, 152, 156
411483.3.peg.1225.site.30, 81, 144, 225
411483.3.peg.1225.site.31, 1, 154, 155
411483.3.peg.1225.site.32, 15, 147, 162
411483.3.peg.1225.site.33, 1, 149, 150
411483.3.peg.1225.site.34, 1, 150, 151
411483.3.peg.1225.site.35, 3, 147, 150
411483.3.peg.1222.site.1, 53, 144, 197
411483.3.peg.1223.site.1, 0, 153, 153
411483.3.peg.1223.site.2, 3, 151, 154
411483.3.peg.1223.site.3, 2, 153, 155
411483.3.peg.1223.site.4, 8, 150, 158
411483.3.peg.1223.site.5, 2, 151, 153
411483.3.peg.1223.site.6, 2, 151, 153
411483.3.peg.1223.site.7, 0, 151, 151
411483.3.peg.1223.site.8, 2, 153, 155
411483.3.peg.1223.site.9, 1, 152, 153
411483.3.peg.1223.site.10, 3, 151, 154
411483.3.peg.1223.site.11, 1, 149, 150
411483.3.peg.1223.site.12, 0, 154, 154
411483.3.peg.1223.site.13, 3, 153, 156
411483.3.peg.1223.site.14, 3, 153, 156
411483.3.peg.1223.site.15, 31, 139, 170
411483.3.peg.1223.site.16, 46, 144, 190
411483.3.peg.1223.site.17, 0, 149, 149
411483.3.peg.1223.site.18, 0, 151, 151
411483.3.peg.1223.site.19, 0, 150, 150
411483.3.peg.1223.site.20, 0, 148, 148
411483.3.peg.1223.site.21, 3, 149, 152
411483.3.peg.1223.site.22, 2, 150, 152
411483.3.peg.1223.site.23, 2, 155, 157
411483.3.peg.1223.site.24, 3, 154, 157
411483.3.peg.1223.site.25, 10, 151, 161
411483.3.peg.1223.site.26, 1, 154, 155
411483.3.peg.1223.site.27, 89, 143, 232
411483.3.peg.1223.site.28, 1, 152, 153
411483.3.peg.1223.site.29, 1, 152, 153
411483.3.peg.1223.site.30, 0, 149, 149
411483.3.peg.1223.site.31, 31, 140, 171
411483.3.peg.1223.site.32, 49, 140, 189
411483.3.peg.1223.site.33, 5, 148, 153
411483.3.peg.1223.site.34, 3, 152, 155
411483.3.peg.1223.site.35, 0, 149, 149
411483.3.peg.1223.site.36, 3, 152, 155
411483.3.peg.1223.site.37, 76, 137, 213
411483.3.peg.1223.site.38, 12, 148, 160
411483.3.peg.1223.site.39, 4, 155, 159
411483.3.peg.1223.site.40, 2, 153, 155
411483.3.peg.1223.site.41, 67, 142, 209
411483.3.peg.1223.site.42, 112, 149, 261
411483.3.peg.1223.site.43, 0, 153, 153
411483.3.peg.1223.site.44, 0, 152, 152
411483.3.peg.1223.site.45, 0, 152, 152
411483.3.peg.1223.site.46, 1, 155, 156
411483.3.peg.1223.site.47, 4, 155, 159
411483.3.peg.1223.site.48, 5, 155, 160
411483.3.peg.1223.site.49, 5, 152, 157
411483.3.peg.1223.site.50, 1, 153, 154
411483.3.peg.1223.site.51, 23, 149, 172
411483.3.peg.1223.site.52, 5, 153, 158
411483.3.peg.1223.site.53, 150, 154, 304
411483.3.peg.1223.site.54, 4, 154, 158
411483.3.peg.1223.site.55, 5, 152, 157
411483.3.peg.1223.site.56, 1, 154, 155
411483.3.peg.1223.site.57, 1, 154, 155
411483.3.peg.1223.site.58, 2, 154, 156
411483.3.peg.1223.site.59, 1, 153, 154
411483.3.peg.1223.site.60, 1, 152, 153
411483.3.peg.1223.site.61, 1, 151, 152
411483.3.peg.1223.site.62, 47, 142, 189
411483.3.peg.1223.site.63, 4, 144, 148
411483.3.peg.1223.site.64, 17, 138, 155
411483.3.peg.1223.site.65, 0, 146, 146
411483.3.peg.1223.site.66, 11, 143, 154
411483.3.peg.1223.site.67, 8, 149, 157
411483.3.peg.1223.site.68, 9, 149, 158
411483.3.peg.1223.site.69, 4, 155, 159
411483.3.peg.1223.site.70, 1, 155, 156
411483.3.peg.1223.site.71, 2, 154, 156
411483.3.peg.1223.site.72, 126, 147, 273
411483.3.peg.1223.site.73, 2, 152, 154
411483.3.peg.1220.site.1, 0, 151, 151
411483.3.peg.1220.site.2, 103, 142, 245
411483.3.peg.1220.site.3, 2, 151, 153
411483.3.peg.1220.site.4, 0, 154, 154
411483.3.peg.1220.site.5, 0, 152, 152
411483.3.peg.1220.site.6, 6, 151, 157
411483.3.peg.1220.site.7, 1, 154, 155
411483.3.peg.1220.site.8, 1, 153, 154
411483.3.peg.1220.site.9, 6, 147, 153
411483.3.peg.1220.site.10, 26, 146, 172
411483.3.peg.1220.site.11, 26, 144, 170
411483.3.peg.1220.site.12, 2, 137, 139
411483.3.peg.1220.site.13, 2, 134, 136
411483.3.peg.1220.site.14, 0, 135, 135
411483.3.peg.1220.site.15, 5, 138, 143
411483.3.peg.1220.site.16, 1, 141, 142
411483.3.peg.1220.site.17, 1, 150, 151
411483.3.peg.1220.site.18, 17, 149, 166
411483.3.peg.1220.site.19, 0, 147, 147
411483.3.peg.1220.site.20, 8, 151, 159
411483.3.peg.1220.site.21, 2, 150, 152
411483.3.peg.1220.site.22, 37, 145, 182
411483.3.peg.1220.site.23, 2, 153, 155
411483.3.peg.1220.site.24, 1, 154, 155
411483.3.peg.1220.site.25, 9, 153, 162
411483.3.peg.1220.site.26, 3, 154, 157
411483.3.peg.1220.site.27, 2, 153, 155
411483.3.peg.1220.site.28, 1, 154, 155
411483.3.peg.1220.site.29, 1, 151, 152
411483.3.peg.1220.site.30, 13, 148, 161
411483.3.peg.1220.site.31, 2, 153, 155
411483.3.peg.1220.site.32, 2, 153, 155
411483.3.peg.1220.site.33, 26, 142, 168
411483.3.peg.1220.site.34, 1, 153, 154
411483.3.peg.1220.site.35, 1, 154, 155
411483.3.peg.1220.site.36, 1, 154, 155
411483.3.peg.1220.site.37, 0, 153, 153
411483.3.peg.1220.site.38, 1, 153, 154
411483.3.peg.1220.site.39, 1, 153, 154
411483.3.peg.1220.site.40, 1, 154, 155
411483.3.peg.1220.site.41, 12, 152, 164
411483.3.peg.1220.site.42, 1, 154, 155
411483.3.peg.1220.site.43, 2, 153, 155
411483.3.peg.1220.site.44, 127, 144, 271
411483.3.peg.1220.site.45, 0, 152, 152
411483.3.peg.1220.site.46, 9, 152, 161
411483.3.peg.1220.site.47, 1, 154, 155
411483.3.peg.1220.site.48, 57, 146, 203
411483.3.peg.1220.site.49, 2, 154, 156
411483.3.peg.1220.site.50, 1, 154, 155
411483.3.peg.1220.site.51, 3, 154, 157
411483.3.peg.1220.site.52, 3, 152, 155
411483.3.peg.1220.site.53, 8, 147, 155
411483.3.peg.1220.site.54, 2, 152, 154
411483.3.peg.1220.site.55, 1, 151, 152
411483.3.peg.1220.site.56, 3, 149, 152
411483.3.peg.1220.site.57, 1, 151, 152
411483.3.peg.1220.site.58, 2, 151, 153
411483.3.peg.1220.site.59, 1, 152, 153
411483.3.peg.1220.site.60, 17, 141, 158
411483.3.peg.1220.site.61, 5, 150, 155
411483.3.peg.1220.site.62, 5, 153, 158
411483.3.peg.1220.site.63, 25, 150, 175
411483.3.peg.1220.site.64, 0, 151, 151
411483.3.peg.1220.site.65, 0, 154, 154
411483.3.peg.1220.site.66, 0, 153, 153
411483.3.peg.1220.site.67, 4, 154, 158
411483.3.peg.1220.site.68, 5, 154, 159
411483.3.peg.1220.site.69, 3, 154, 157
411483.3.peg.1220.site.70, 3, 153, 156
411483.3.peg.1220.site.71, 10, 151, 161
411483.3.peg.1220.site.72, 1, 153, 154
411483.3.peg.1220.site.73, 2, 154, 156
411483.3.peg.1220.site.74, 81, 146, 227
411483.3.peg.1220.site.75, 74, 139, 213
411483.3.peg.1220.site.76, 84, 137, 221
411483.3.peg.1220.site.77, 2, 149, 151
411483.3.peg.1220.site.78, 2, 150, 152
411483.3.peg.1220.site.79, 17, 147, 164
411483.3.peg.1220.site.80, 2, 148, 150
411483.3.peg.1220.site.81, 2, 149, 151
411483.3.peg.1220.site.82, 62, 143, 205
411483.3.peg.1220.site.83, 1, 152, 153
411483.3.peg.1220.site.84, 3, 153, 156
411483.3.peg.1220.site.85, 3, 153, 156
411483.3.peg.1220.site.86, 1, 153, 154
411483.3.peg.1220.site.87, 1, 152, 153
411483.3.peg.1220.site.88, 2, 154, 156
411483.3.peg.1220.site.89, 27, 150, 177
411483.3.peg.1220.site.90, 3, 152, 155
411483.3.peg.1220.site.91, 12, 144, 156
411483.3.peg.1220.site.92, 5, 149, 154
411483.3.peg.1220.site.93, 8, 151, 159
411483.3.peg.1220.site.94, 10, 150, 160
411483.3.peg.1220.site.95, 2, 148, 150
411483.3.peg.1220.site.96, 89, 143, 232
411483.3.peg.1220.site.97, 2, 151, 153
411483.3.peg.1220.site.98, 1, 151, 152
411483.3.peg.1220.site.99, 27, 139, 166
411483.3.peg.1220.site.100, 117, 141, 258
411483.3.peg.1220.site.101, 1, 149, 150
411483.3.peg.1220.site.102, 102, 142, 244
411483.3.peg.1220.site.103, 2, 152, 154
411483.3.peg.1220.site.104, 6, 150, 156
411483.3.peg.1221.site.1, 1, 152, 153
411483.3.peg.1221.site.2, 3, 152, 155
411483.3.peg.1221.site.3, 0, 147, 147
411483.3.peg.1221.site.4, 55, 144, 199
411483.3.peg.1221.site.5, 73, 139, 212
411483.3.peg.1221.site.6, 2, 144, 146
411483.3.peg.1221.site.7, 1, 136, 137
411483.3.peg.1221.site.8, 3, 135, 138
411483.3.peg.1221.site.9, 2, 137, 139
411483.3.peg.1221.site.10, 2, 125, 127
411483.3.peg.1221.site.11, 1, 131, 132
411483.3.peg.1221.site.12, 6, 131, 137
411483.3.peg.1221.site.13, 2, 136, 138
411483.3.peg.1221.site.14, 0, 135, 135
411483.3.peg.1221.site.15, 1, 136, 137
411483.3.peg.1221.site.16, 1, 136, 137
411483.3.peg.1221.site.17, 0, 131, 131
411483.3.peg.1221.site.18, 62, 121, 183
411483.3.peg.1221.site.19, 2, 133, 135
411483.3.peg.1221.site.20, 10, 125, 135
411483.3.peg.1221.site.21, 3, 144, 147
411483.3.peg.1221.site.22, 1, 150, 151
411483.3.peg.1221.site.23, 3, 148, 151
411483.3.peg.1221.site.24, 2, 152, 154
411483.3.peg.1221.site.25, 1, 147, 148
411483.3.peg.1221.site.26, 2, 147, 149
411483.3.peg.1221.site.27, 2, 147, 149
411483.3.peg.1221.site.28, 3, 149, 152
411483.3.peg.1221.site.29, 5, 153, 158
411483.3.peg.1221.site.30, 2, 154, 156
411483.3.peg.1221.site.31, 4, 152, 156
411483.3.peg.1221.site.32, 0, 153, 153
411483.3.peg.1221.site.33, 154, 155, 309
411483.3.peg.1221.site.34, 2, 155, 157
411483.3.peg.1221.site.35, 1, 155, 156
411483.3.peg.1221.site.36, 3, 153, 156
411483.3.peg.1221.site.37, 10, 146, 156
411483.3.peg.1221.site.38, 1, 149, 150
411483.3.peg.1221.site.39, 2, 150, 152
411483.3.peg.1221.site.40, 2, 152, 154
411483.3.peg.1221.site.41, 2, 153, 155
411483.3.peg.1221.site.42, 4, 152, 156
411483.3.peg.1221.site.43, 17, 145, 162
411483.3.peg.1221.site.44, 2, 152, 154
411483.3.peg.1221.site.45, 0, 144, 144
411483.3.peg.1221.site.46, 2, 151, 153
411483.3.peg.1221.site.47, 3, 150, 153
411483.3.peg.1221.site.48, 1, 143, 144
411483.3.peg.1221.site.49, 3, 143, 146
411483.3.peg.1221.site.50, 45, 124, 169
411483.3.peg.1221.site.51, 0, 138, 138
411483.3.peg.1221.site.52, 2, 135, 137
411483.3.peg.1221.site.53, 0, 138, 138
411483.3.peg.1221.site.54, 4, 143, 147
411483.3.peg.1221.site.55, 2, 141, 143
411483.3.peg.1221.site.56, 9, 137, 146
411483.3.peg.1221.site.57, 9, 137, 146
411483.3.peg.1221.site.58, 0, 136, 136
411483.3.peg.1221.site.59, 10, 117, 127
411483.3.peg.1221.site.60, 17, 129, 146
411483.3.peg.1221.site.61, 53, 127, 180
411483.3.peg.1221.site.62, 5, 139, 144
411483.3.peg.1221.site.63, 2, 136, 138
411483.3.peg.1221.site.64, 1, 145, 146
411483.3.peg.1221.site.65, 6, 142, 148
411483.3.peg.1221.site.66, 3, 144, 147
411483.3.peg.1221.site.67, 3, 147, 150
411483.3.peg.1221.site.68, 1, 149, 150
411483.3.peg.1221.site.69, 0, 147, 147
411483.3.peg.1221.site.70, 17, 146, 163
411483.3.peg.1221.site.71, 2, 151, 153
411483.3.peg.1221.site.72, 2, 149, 151
411483.3.peg.1221.site.73, 0, 149, 149
411483.3.peg.1221.site.74, 5, 148, 153
411483.3.peg.1221.site.75, 2, 146, 148
411483.3.peg.1221.site.76, 50, 137, 187
411483.3.peg.1221.site.77, 33, 132, 165
411483.3.peg.1221.site.78, 1, 132, 133
411483.3.peg.1221.site.79, 0, 134, 134
411483.3.peg.1221.site.80, 7, 136, 143
411483.3.peg.1221.site.81, 0, 141, 141
411483.3.peg.1221.site.82, 1, 142, 143
411483.3.peg.1221.site.83, 3, 147, 150
411483.3.peg.1221.site.84, 0, 145, 145
411483.3.peg.1221.site.85, 12, 137, 149
411483.3.peg.1221.site.86, 27, 138, 165
411483.3.peg.1221.site.87, 42, 148, 190
411483.3.peg.1221.site.88, 1, 154, 155
411483.3.peg.1221.site.89, 3, 145, 148
411483.3.peg.1221.site.90, 2, 149, 151
411483.3.peg.1221.site.91, 1, 122, 123
411483.3.peg.1221.site.92, 44, 126, 170
411483.3.peg.1221.site.93, 2, 135, 137
411483.3.peg.1221.site.94, 9, 140, 149
411483.3.peg.1221.site.95, 72, 136, 208
411483.3.peg.1221.site.96, 1, 143, 144
411483.3.peg.1221.site.97, 7, 144, 151
411483.3.peg.1221.site.98, 1, 147, 148
411483.3.peg.1221.site.99, 1, 152, 153
411483.3.peg.1221.site.100, 4, 151, 155
411483.3.peg.1221.site.101, 1, 152, 153
411483.3.peg.1221.site.102, 5, 148, 153
411483.3.peg.1221.site.103, 6, 143, 149
411483.3.peg.1221.site.104, 3, 145, 148
411483.3.peg.1221.site.105, 2, 146, 148
411483.3.peg.1221.site.106, 24, 135, 159
411483.3.peg.1221.site.107, 2, 133, 135
411483.3.peg.1221.site.108, 4, 132, 136
411483.3.peg.1221.site.109, 68, 127, 195
411483.3.peg.1221.site.110, 44, 134, 178
411483.3.peg.1221.site.111, 0, 153, 153
411483.3.peg.1221.site.112, 1, 155, 156
411483.3.peg.1221.site.113, 1, 154, 155
411483.3.peg.1229.site.1, 1, 81, 82
411483.3.peg.1229.site.2, 13, 77, 90
411483.3.peg.1229.site.3, 0, 88, 88
411483.3.peg.1229.site.4, 5, 133, 138
411483.3.peg.1229.site.5, 1, 141, 142
411483.3.peg.1229.site.6, 1, 149, 150
411483.3.peg.1229.site.7, 5, 149, 154
411483.3.peg.1229.site.8, 17, 148, 165
411483.3.peg.1229.site.9, 1, 150, 151
411483.3.peg.1229.site.10, 5, 153, 158
411483.3.peg.1229.site.11, 3, 154, 157
411483.3.peg.1229.site.12, 21, 146, 167
411483.3.peg.1229.site.13, 3, 153, 156
411483.3.peg.1229.site.14, 6, 151, 157
411483.3.peg.1229.site.15, 1, 154, 155
411483.3.peg.1229.site.16, 1, 148, 149
411483.3.peg.1229.site.17, 3, 148, 151
411483.3.peg.1229.site.18, 2, 148, 150
411483.3.peg.1229.site.19, 113, 142, 255
411483.3.peg.1229.site.20, 109, 135, 244
411483.3.peg.1229.site.21, 2, 136, 138
411483.3.peg.1229.site.22, 1, 143, 144
411483.3.peg.1229.site.23, 5, 139, 144
411483.3.peg.1229.site.24, 12, 131, 143
411483.3.peg.1229.site.25, 5, 134, 139
411483.3.peg.1229.site.26, 2, 135, 137
411483.3.peg.1229.site.27, 0, 120, 120
411483.3.peg.1229.site.28, 0, 124, 124
411483.3.peg.1229.site.29, 99, 103, 202
411483.3.peg.1229.site.30, 23, 100, 123
411483.3.peg.1229.site.31, 2, 121, 123
411483.3.peg.1229.site.32, 8, 122, 130
411483.3.peg.1229.site.33, 7, 133, 140
411483.3.peg.1229.site.34, 52, 121, 173
411483.3.peg.1229.site.35, 1, 148, 149
411483.3.peg.1229.site.36, 17, 145, 162
411483.3.peg.1229.site.37, 0, 149, 149
411483.3.peg.1229.site.38, 3, 149, 152
411483.3.peg.1229.site.39, 9, 149, 158
411483.3.peg.1229.site.40, 1, 152, 153
411483.3.peg.1229.site.41, 1, 151, 152
411483.3.peg.1229.site.42, 3, 151, 154
411483.3.peg.1229.site.43, 1, 151, 152
411483.3.peg.1229.site.44, 16, 146, 162
411483.3.peg.1229.site.45, 3, 151, 154
411483.3.peg.1229.site.46, 6, 152, 158
411483.3.peg.1229.site.47, 2, 152, 154
411483.3.peg.1229.site.48, 7, 152, 159
411483.3.peg.1229.site.49, 9, 152, 161
411483.3.peg.1229.site.50, 4, 146, 150
411483.3.peg.1229.site.51, 5, 151, 156
411483.3.peg.1229.site.52, 6, 154, 160
411483.3.peg.1229.site.53, 12, 153, 165
411483.3.peg.1229.site.54, 2, 154, 156
411483.3.peg.1229.site.55, 91, 145, 236
411483.3.peg.1229.site.56, 4, 149, 153
411483.3.peg.1229.site.57, 8, 150, 158
411483.3.peg.1229.site.58, 6, 154, 160
411483.3.peg.1229.site.59, 1, 152, 153
411483.3.peg.1229.site.60, 7, 154, 161
411483.3.peg.1229.site.61, 3, 152, 155
411483.3.peg.1229.site.62, 1, 153, 154
411483.3.peg.1229.site.63, 3, 152, 155
411483.3.peg.1229.site.64, 1, 152, 153
411483.3.peg.1229.site.65, 7, 152, 159
411483.3.peg.1229.site.66, 32, 145, 177
411483.3.peg.1229.site.67, 28, 149, 177
411483.3.peg.1229.site.68, 4, 153, 157
411483.3.peg.1229.site.69, 12, 150, 162
411483.3.peg.1229.site.70, 1, 153, 154
411483.3.peg.1229.site.71, 3, 151, 154
411483.3.peg.1229.site.72, 16, 149, 165
411483.3.peg.1229.site.73, 12, 151, 163
411483.3.peg.1229.site.74, 3, 151, 154
411483.3.peg.1229.site.75, 3, 152, 155
411483.3.peg.1229.site.76, 9, 147, 156
411483.3.peg.1229.site.77, 1, 144, 145
411483.3.peg.1229.site.78, 6, 142, 148
411483.3.peg.1229.site.79, 59, 132, 191
411483.3.peg.1229.site.80, 1, 141, 142
411483.3.peg.1229.site.81, 101, 126, 227
411483.3.peg.1229.site.82, 121, 130, 251
411483.3.peg.1229.site.83, 133, 136, 269
411483.3.peg.1229.site.84, 2, 137, 139
411483.3.peg.1229.site.85, 1, 140, 141
411483.3.peg.1229.site.86, 1, 145, 146
411483.3.peg.1229.site.87, 1, 148, 149
411483.3.peg.1229.site.88, 7, 148, 155
411483.3.peg.1229.site.89, 1, 148, 149
411483.3.peg.1229.site.90, 106, 139, 245
411483.3.peg.1229.site.91, 11, 140, 151
411483.3.peg.1229.site.92, 1, 145, 146
411483.3.peg.1229.site.93, 9, 151, 160
411483.3.peg.1229.site.94, 2, 151, 153
411483.3.peg.1229.site.95, 52, 148, 200
411483.3.peg.1229.site.96, 2, 152, 154
411483.3.peg.1229.site.97, 5, 153, 158
411483.3.peg.1229.site.98, 4, 152, 156
411483.3.peg.1229.site.99, 1, 151, 152
411483.3.peg.1229.site.100, 4, 154, 158
411483.3.peg.1229.site.101, 2, 155, 157
411483.3.peg.1229.site.102, 2, 155, 157
411483.3.peg.1229.site.103, 4, 154, 158
411483.3.peg.1229.site.104, 3, 152, 155
411483.3.peg.1229.site.105, 19, 147, 166
411483.3.peg.1229.site.106, 1, 155, 156
411483.3.peg.1229.site.107, 2, 154, 156
411483.3.peg.1229.site.108, 1, 153, 154
411483.3.peg.1229.site.109, 7, 147, 154
411483.3.peg.1229.site.110, 65, 143, 208
411483.3.peg.1229.site.111, 3, 152, 155
411483.3.peg.1229.site.112, 13, 150, 163
411483.3.peg.1229.site.113, 3, 152, 155
411483.3.peg.1229.site.114, 2, 154, 156
411483.3.peg.1229.site.115, 2, 155, 157
411483.3.peg.1229.site.116, 17, 148, 165
411483.3.peg.1229.site.117, 3, 154, 157
411483.3.peg.1229.site.118, 35, 143, 178
411483.3.peg.1229.site.119, 1, 155, 156
411483.3.peg.1229.site.120, 8, 152, 160
411483.3.peg.1229.site.121, 30, 145, 175
411483.3.peg.1229.site.122, 73, 144, 217
411483.3.peg.1229.site.123, 43, 146, 189
411483.3.peg.1229.site.124, 2, 155, 157
411483.3.peg.1229.site.125, 131, 147, 278
411483.3.peg.1229.site.126, 2, 154, 156
411483.3.peg.1229.site.127, 19, 150, 169
411483.3.peg.1229.site.128, 52, 143, 195
411483.3.peg.1229.site.129, 4, 149, 153
411483.3.peg.1229.site.130, 2, 149, 151
411483.3.peg.1229.site.131, 12, 146, 158
411483.3.peg.1229.site.132, 14, 140, 154
411483.3.peg.1229.site.133, 15, 139, 154
411483.3.peg.1229.site.134, 4, 148, 152
411483.3.peg.1229.site.135, 1, 148, 149
411483.3.peg.1229.site.136, 0, 148, 148
411483.3.peg.1229.site.137, 3, 150, 153
411483.3.peg.1229.site.138, 56, 142, 198
411483.3.peg.1229.site.139, 2, 151, 153
411483.3.peg.1229.site.140, 0, 152, 152
411483.3.peg.1229.site.141, 10, 151, 161
411483.3.peg.1229.site.142, 3, 154, 157
411483.3.peg.1229.site.143, 0, 152, 152
411483.3.peg.1229.site.144, 2, 154, 156
411483.3.peg.1229.site.145, 15, 149, 164
411483.3.peg.1229.site.146, 8, 151, 159
411483.3.peg.1229.site.147, 7, 150, 157
411483.3.peg.1229.site.148, 3, 151, 154
411483.3.peg.1229.site.149, 18, 148, 166
411483.3.peg.1229.site.150, 1, 152, 153
411483.3.peg.1229.site.151, 1, 151, 152
411483.3.peg.1229.site.152, 5, 144, 149
411483.3.peg.1229.site.153, 1, 144, 145
411483.3.peg.1229.site.154, 1, 126, 127
411483.3.peg.1229.site.155, 23, 110, 133
411483.3.peg.1229.site.156, 17, 100, 117
411483.3.peg.1229.site.157, 7, 105, 112
411483.3.peg.1229.site.158, 5, 109, 114
411483.3.peg.1229.site.159, 83, 104, 187
411483.3.peg.1229.site.160, 1, 123, 124
411483.3.peg.1910.site.1, 8, 152, 160
411483.3.peg.1910.site.2, 1, 155, 156
411483.3.peg.1910.site.3, 4, 152, 156
411483.3.peg.1910.site.4, 23, 147, 170
411483.3.peg.1910.site.5, 15, 147, 162
411483.3.peg.1910.site.6, 1, 152, 153
411483.3.peg.1910.site.7, 10, 151, 161
411483.3.peg.1910.site.8, 8, 145, 153
411483.3.peg.1910.site.9, 20, 140, 160
411483.3.peg.1910.site.10, 12, 149, 161
411483.3.peg.1910.site.11, 4, 148, 152
411483.3.peg.1910.site.12, 41, 143, 184
411483.3.peg.1910.site.13, 2, 145, 147
411483.3.peg.1910.site.14, 151, 151, 302
411483.3.peg.1910.site.15, 5, 148, 153
411483.3.peg.1910.site.16, 6, 152, 158
411483.3.peg.1910.site.17, 2, 153, 155
411483.3.peg.1910.site.18, 2, 149, 151
411483.3.peg.1910.site.19, 8, 150, 158
411483.3.peg.1910.site.20, 42, 143, 185
411483.3.peg.1910.site.21, 11, 144, 155
411483.3.peg.1910.site.22, 2, 154, 156
411483.3.peg.1910.site.23, 3, 155, 158
411483.3.peg.1910.site.24, 59, 149, 208
411483.3.peg.1910.site.25, 4, 153, 157
411483.3.peg.1910.site.26, 1, 153, 154
411483.3.peg.1910.site.27, 3, 152, 155
411483.3.peg.1910.site.28, 3, 152, 155
411483.3.peg.1910.site.29, 2, 151, 153
411483.3.peg.1910.site.30, 15, 154, 169
411483.3.peg.1910.site.31, 1, 154, 155
411483.3.peg.1910.site.32, 2, 155, 157
411483.3.peg.1911.site.1, 2, 97, 99
411483.3.peg.1911.site.2, 2, 106, 108
411483.3.peg.1911.site.3, 4, 106, 110
411483.3.peg.1911.site.4, 1, 122, 123
411483.3.peg.1911.site.5, 2, 130, 132
411483.3.peg.1911.site.6, 6, 133, 139
411483.3.peg.1911.site.7, 79, 125, 204
411483.3.peg.1911.site.8, 3, 138, 141
411483.3.peg.1911.site.9, 2, 124, 126
411483.3.peg.1911.site.10, 2, 130, 132
411483.3.peg.1911.site.11, 3, 135, 138
411483.3.peg.1911.site.12, 0, 133, 133
411483.3.peg.1911.site.13, 0, 130, 130
411483.3.peg.1911.site.14, 5, 140, 145
411483.3.peg.1911.site.15, 1, 146, 147
411483.3.peg.1911.site.16, 0, 146, 146
411483.3.peg.1911.site.17, 2, 148, 150
411483.3.peg.1911.site.18, 11, 146, 157
411483.3.peg.1911.site.19, 0, 151, 151
411483.3.peg.1911.site.20, 3, 154, 157
411483.3.peg.1911.site.21, 24, 149, 173
411483.3.peg.1911.site.22, 0, 152, 152
411483.3.peg.1911.site.23, 153, 153, 306
411483.3.peg.1911.site.24, 2, 153, 155
411483.3.peg.1911.site.25, 10, 153, 163
411483.3.peg.1911.site.26, 0, 154, 154
411483.3.peg.1911.site.27, 0, 153, 153
411483.3.peg.1911.site.28, 23, 141, 164
411483.3.peg.1911.site.29, 6, 146, 152
411483.3.peg.1911.site.30, 1, 149, 150
411483.3.peg.1911.site.31, 10, 146, 156
411483.3.peg.1911.site.32, 0, 147, 147
411483.3.peg.1911.site.33, 3, 143, 146
411483.3.peg.1911.site.34, 2, 148, 150
411483.3.peg.1911.site.35, 3, 142, 145
411483.3.peg.1911.site.36, 6, 145, 151
411483.3.peg.1911.site.37, 3, 148, 151
411483.3.peg.1911.site.38, 3, 147, 150
411483.3.peg.1911.site.39, 1, 152, 153
411483.3.peg.1911.site.40, 1, 152, 153
411483.3.peg.1911.site.41, 8, 151, 159
411483.3.peg.1911.site.42, 1, 150, 151
411483.3.peg.1911.site.43, 1, 149, 150
411483.3.peg.1911.site.44, 1, 147, 148
411483.3.peg.1911.site.45, 3, 149, 152
411483.3.peg.1911.site.46, 2, 140, 142
411483.3.peg.1911.site.47, 0, 145, 145
411483.3.peg.1911.site.48, 4, 150, 154
411483.3.peg.1911.site.49, 0, 145, 145
411483.3.peg.1911.site.50, 21, 149, 170
411483.3.peg.1911.site.51, 5, 149, 154
411483.3.peg.1911.site.52, 7, 148, 155
411483.3.peg.1911.site.53, 4, 146, 150
411483.3.peg.1911.site.54, 17, 146, 163
411483.3.peg.1911.site.55, 2, 150, 152
411483.3.peg.1911.site.56, 0, 151, 151
411483.3.peg.1911.site.57, 3, 150, 153
411483.3.peg.1911.site.58, 151, 152, 303
411483.3.peg.1911.site.59, 4, 149, 153
411483.3.peg.1911.site.60, 2, 148, 150
411483.3.peg.1911.site.61, 1, 153, 154
411483.3.peg.1911.site.62, 9, 150, 159
411483.3.peg.1911.site.63, 1, 151, 152
411483.3.peg.1911.site.64, 1, 145, 146
411483.3.peg.1911.site.65, 113, 126, 239
411483.3.peg.1911.site.66, 0, 146, 146
411483.3.peg.1911.site.67, 5, 151, 156
411483.3.peg.1911.site.68, 1, 150, 151
411483.3.peg.1911.site.69, 2, 152, 154
411483.3.peg.1911.site.70, 3, 155, 158
411483.3.peg.1911.site.71, 4, 150, 154
411483.3.peg.1911.site.72, 5, 144, 149
411483.3.peg.1911.site.73, 6, 144, 150
411483.3.peg.1911.site.74, 1, 149, 150
411483.3.peg.1911.site.75, 5, 152, 157
411483.3.peg.1911.site.76, 2, 154, 156
411483.3.peg.1911.site.77, 1, 153, 154
411483.3.peg.1911.site.78, 1, 149, 150
411483.3.peg.1911.site.79, 0, 153, 153
411483.3.peg.1911.site.80, 5, 153, 158
411483.3.peg.1911.site.81, 0, 154, 154
411483.3.peg.1911.site.82, 0, 155, 155
411483.3.peg.1911.site.83, 2, 153, 155
411483.3.peg.1911.site.84, 0, 151, 151
411483.3.peg.1911.site.85, 4, 150, 154
411483.3.peg.1911.site.86, 5, 152, 157
411483.3.peg.1911.site.87, 142, 147, 289
411483.3.peg.1911.site.88, 4, 143, 147
411483.3.peg.1911.site.89, 1, 151, 152
411483.3.peg.1911.site.90, 3, 151, 154
411483.3.peg.1911.site.91, 3, 153, 156
411483.3.peg.1911.site.92, 1, 148, 149
411483.3.peg.1911.site.93, 14, 152, 166
411483.3.peg.1911.site.94, 6, 146, 152
411483.3.peg.1911.site.95, 0, 148, 148
411483.3.peg.1911.site.96, 2, 148, 150
411483.3.peg.1911.site.97, 2, 147, 149
411483.3.peg.1911.site.98, 1, 148, 149
411483.3.peg.1911.site.99, 1, 148, 149
411483.3.peg.1911.site.100, 2, 142, 144
411483.3.peg.1911.site.101, 1, 149, 150
411483.3.peg.1911.site.102, 3, 150, 153
411483.3.peg.1911.site.103, 2, 149, 151
411483.3.peg.1911.site.104, 150, 152, 302
411483.3.peg.1911.site.105, 7, 152, 159
411483.3.peg.1911.site.106, 1, 151, 152
411483.3.peg.1911.site.107, 5, 151, 156
411483.3.peg.1911.site.108, 1, 142, 143
411483.3.peg.1911.site.109, 1, 152, 153
411483.3.peg.1911.site.110, 1, 152, 153
411483.3.peg.1911.site.111, 0, 150, 150
411483.3.peg.1911.site.112, 0, 145, 145
411483.3.peg.1911.site.113, 122, 143, 265
411483.3.peg.1911.site.114, 7, 150, 157
411483.3.peg.1911.site.115, 4, 152, 156
411483.3.peg.1911.site.116, 1, 151, 152
411483.3.peg.1911.site.117, 0, 150, 150
411483.3.peg.1911.site.118, 0, 152, 152
411483.3.peg.1911.site.119, 15, 146, 161
411483.3.peg.1911.site.120, 1, 153, 154
411483.3.peg.1911.site.121, 1, 153, 154
411483.3.peg.1911.site.122, 43, 146, 189
411483.3.peg.1911.site.123, 99, 143, 242
411483.3.peg.1911.site.124, 14, 151, 165
411483.3.peg.1911.site.125, 0, 153, 153
411483.3.peg.1911.site.126, 3, 154, 157
411483.3.peg.1911.site.127, 1, 152, 153
411483.3.peg.1911.site.128, 13, 148, 161
411483.3.peg.1911.site.129, 2, 136, 138
411483.3.peg.1911.site.130, 7, 148, 155
411483.3.peg.1911.site.131, 7, 154, 161
411483.3.peg.1911.site.132, 0, 148, 148
411483.3.peg.1911.site.133, 3, 155, 158
411483.3.peg.1911.site.134, 0, 155, 155
411483.3.peg.1911.site.135, 0, 144, 144
411483.3.peg.1911.site.136, 8, 152, 160
411483.3.peg.1911.site.137, 13, 152, 165
411483.3.peg.1911.site.138, 1, 138, 139
411483.3.peg.1911.site.139, 2, 144, 146
411483.3.peg.1911.site.140, 0, 144, 144
411483.3.peg.1911.site.141, 48, 141, 189
411483.3.peg.1911.site.142, 9, 150, 159
411483.3.peg.1911.site.143, 0, 139, 139
411483.3.peg.1911.site.144, 1, 138, 139
411483.3.peg.1911.site.145, 0, 134, 134
411483.3.peg.1911.site.146, 2, 137, 139
411483.3.peg.1911.site.147, 1, 140, 141
411483.3.peg.1911.site.148, 0, 141, 141
411483.3.peg.1911.site.149, 1, 139, 140
411483.3.peg.1911.site.150, 17, 135, 152
411483.3.peg.1911.site.151, 4, 144, 148
411483.3.peg.1911.site.152, 0, 143, 143
411483.3.peg.1911.site.153, 5, 142, 147
411483.3.peg.1911.site.154, 0, 139, 139
411483.3.peg.1911.site.155, 2, 141, 143
411483.3.peg.1911.site.156, 1, 139, 140
411483.3.peg.1911.site.157, 7, 125, 132
411483.3.peg.1911.site.158, 2, 144, 146
411483.3.peg.1911.site.159, 58, 137, 195
411483.3.peg.1911.site.160, 2, 148, 150
411483.3.peg.1911.site.161, 1, 152, 153
411483.3.peg.1911.site.162, 0, 152, 152
411483.3.peg.1911.site.163, 2, 152, 154
411483.3.peg.1911.site.164, 17, 138, 155
411483.3.peg.1911.site.165, 0, 143, 143
411483.3.peg.1912.site.1, 3, 140, 143
411483.3.peg.1912.site.2, 1, 139, 140
411483.3.peg.1912.site.3, 3, 117, 120
411483.3.peg.1912.site.4, 1, 100, 101
411483.3.peg.1912.site.5, 1, 92, 93
411483.3.peg.1912.site.6, 4, 109, 113
411483.3.peg.1912.site.7, 5, 107, 112
411483.3.peg.1912.site.8, 8, 73, 81
411483.3.peg.1912.site.9, 0, 112, 112
411483.3.peg.1912.site.10, 1, 125, 126
411483.3.peg.1912.site.11, 7, 112, 119
411483.3.peg.1912.site.12, 99, 103, 202
411483.3.peg.1912.site.13, 1, 101, 102
411483.3.peg.1912.site.14, 1, 94, 95
411483.3.peg.1912.site.15, 0, 89, 89
411483.3.peg.1912.site.16, 2, 85, 87
411483.3.peg.1912.site.17, 2, 69, 71
411483.3.peg.1912.site.18, 1, 72, 73
411483.3.peg.1912.site.19, 39, 64, 103
411483.3.peg.1912.site.20, 28, 63, 91
411483.3.peg.1912.site.21, 15, 73, 88
411483.3.peg.1912.site.22, 5, 79, 84
411483.3.peg.1912.site.23, 59, 85, 144
411483.3.peg.1912.site.24, 2, 94, 96
411483.3.peg.1912.site.25, 8, 99, 107
411483.3.peg.1912.site.26, 2, 100, 102
411483.3.peg.1912.site.27, 1, 103, 104
411483.3.peg.1912.site.28, 11, 94, 105
411483.3.peg.1912.site.29, 8, 99, 107
411483.3.peg.1912.site.30, 1, 97, 98
411483.3.peg.1912.site.31, 29, 96, 125
411483.3.peg.1913.site.1, 0, 143, 143
411483.3.peg.1913.site.2, 11, 137, 148
411483.3.peg.1913.site.3, 1, 151, 152
411483.3.peg.1913.site.4, 0, 147, 147
411483.3.peg.1913.site.5, 0, 148, 148
411483.3.peg.1913.site.6, 6, 148, 154
411483.3.peg.1913.site.7, 1, 152, 153
411483.3.peg.1913.site.8, 1, 151, 152
411483.3.peg.1913.site.9, 2, 150, 152
411483.3.peg.1913.site.10, 3, 146, 149
411483.3.peg.1913.site.11, 1, 145, 146
411483.3.peg.1913.site.12, 2, 151, 153
411483.3.peg.1913.site.13, 6, 154, 160
411483.3.peg.1913.site.14, 2, 153, 155
411483.3.peg.1913.site.15, 0, 145, 145
411483.3.peg.1913.site.16, 2, 144, 146
411483.3.peg.1913.site.17, 4, 149, 153
411483.3.peg.1913.site.18, 12, 145, 157
411483.3.peg.1913.site.19, 0, 144, 144
411483.3.peg.1913.site.20, 129, 143, 272
411483.3.peg.1913.site.21, 2, 145, 147
411483.3.peg.1913.site.22, 6, 147, 153
411483.3.peg.1913.site.23, 28, 142, 170
411483.3.peg.1913.site.24, 3, 150, 153
411483.3.peg.1913.site.25, 4, 147, 151
411483.3.peg.1913.site.26, 1, 151, 152
411483.3.peg.1913.site.27, 7, 146, 153
411483.3.peg.1913.site.28, 2, 149, 151
411483.3.peg.1913.site.29, 2, 145, 147
411483.3.peg.1913.site.30, 35, 134, 169
411483.3.peg.1913.site.31, 5, 142, 147
411483.3.peg.1913.site.32, 4, 139, 143
411483.3.peg.1913.site.33, 3, 141, 144
411483.3.peg.1913.site.34, 1, 139, 140
411483.3.peg.1913.site.35, 1, 141, 142
411483.3.peg.1913.site.36, 7, 127, 134
411483.3.peg.1913.site.37, 10, 128, 138
411483.3.peg.1913.site.38, 3, 132, 135
411483.3.peg.1913.site.39, 0, 133, 133
411483.3.peg.1913.site.40, 0, 137, 137
411483.3.peg.1913.site.41, 1, 135, 136
411483.3.peg.1913.site.42, 8, 134, 142
411483.3.peg.1913.site.43, 0, 130, 130
411483.3.peg.1913.site.44, 3, 131, 134
411483.3.peg.1913.site.45, 2, 131, 133
411483.3.peg.1913.site.46, 25, 131, 156
411483.3.peg.1913.site.47, 1, 124, 125
411483.3.peg.1913.site.48, 4, 121, 125
411483.3.peg.1913.site.49, 0, 109, 109
411483.3.peg.1913.site.50, 4, 126, 130
411483.3.peg.1913.site.51, 2, 121, 123
411483.3.peg.1913.site.52, 1, 140, 141
411483.3.peg.1913.site.53, 4, 149, 153
411483.3.peg.1913.site.54, 19, 140, 159
411483.3.peg.1913.site.55, 0, 146, 146
411483.3.peg.1913.site.56, 8, 145, 153
411483.3.peg.1913.site.57, 3, 141, 144
411483.3.peg.1913.site.58, 0, 138, 138
411483.3.peg.1913.site.59, 1, 150, 151
411483.3.peg.1913.site.60, 1, 148, 149
411483.3.peg.1913.site.61, 0, 141, 141
411483.3.peg.1913.site.62, 5, 146, 151
411483.3.peg.1913.site.63, 0, 147, 147
411483.3.peg.1913.site.64, 2, 151, 153
411483.3.peg.1913.site.65, 16, 139, 155
411483.3.peg.1913.site.66, 0, 140, 140
411483.3.peg.1913.site.67, 0, 145, 145
411483.3.peg.1913.site.68, 2, 147, 149
411483.3.peg.1913.site.69, 0, 145, 145
411483.3.peg.1913.site.70, 0, 143, 143
411483.3.peg.1913.site.71, 2, 149, 151
411483.3.peg.1913.site.72, 0, 147, 147
411483.3.peg.1913.site.73, 0, 148, 148
411483.3.peg.1913.site.74, 1, 147, 148
411483.3.peg.1913.site.75, 0, 143, 143
411483.3.peg.1913.site.76, 5, 142, 147
411483.3.peg.1913.site.77, 2, 146, 148
411483.3.peg.1913.site.78, 11, 143, 154
411483.3.peg.1913.site.79, 1, 145, 146
411483.3.peg.1913.site.80, 15, 132, 147
411483.3.peg.1913.site.81, 2, 145, 147
411483.3.peg.1913.site.82, 144, 146, 290
411483.3.peg.1913.site.83, 6, 147, 153
411483.3.peg.1913.site.84, 3, 146, 149
411483.3.peg.1913.site.85, 4, 149, 153
411483.3.peg.1913.site.86, 6, 150, 156
411483.3.peg.1913.site.87, 1, 146, 147
411483.3.peg.1913.site.88, 2, 152, 154
411483.3.peg.1913.site.89, 2, 151, 153
411483.3.peg.1913.site.90, 1, 140, 141
411483.3.peg.1913.site.91, 1, 150, 151
411483.3.peg.1913.site.92, 7, 151, 158
411483.3.peg.1913.site.93, 7, 143, 150
411483.3.peg.1913.site.94, 6, 146, 152
411483.3.peg.1913.site.95, 5, 138, 143
411483.3.peg.1913.site.96, 4, 136, 140
411483.3.peg.1913.site.97, 3, 134, 137
411483.3.peg.1913.site.98, 7, 133, 140
411483.3.peg.1913.site.99, 3, 138, 141
411483.3.peg.1913.site.100, 1, 139, 140
411483.3.peg.1913.site.101, 0, 135, 135
411483.3.peg.1913.site.102, 1, 136, 137
411483.3.peg.1913.site.103, 1, 133, 134
411483.3.peg.1913.site.104, 115, 129, 244
411483.3.peg.1913.site.105, 0, 136, 136
411483.3.peg.1913.site.106, 1, 139, 140
411483.3.peg.1913.site.107, 4, 137, 141
411483.3.peg.1913.site.108, 2, 106, 108
411483.3.peg.1913.site.109, 3, 136, 139
411483.3.peg.1913.site.110, 3, 138, 141
411483.3.peg.1913.site.111, 7, 140, 147
411483.3.peg.1913.site.112, 0, 146, 146
411483.3.peg.1913.site.113, 3, 146, 149
411483.3.peg.1913.site.114, 55, 134, 189
411483.3.peg.1913.site.115, 0, 149, 149
411483.3.peg.1913.site.116, 1, 148, 149
411483.3.peg.1913.site.117, 1, 150, 151
411483.3.peg.1913.site.118, 2, 147, 149
411483.3.peg.1913.site.119, 2, 144, 146
411483.3.peg.1913.site.120, 64, 138, 202
411483.3.peg.1913.site.121, 0, 150, 150
411483.3.peg.1913.site.122, 26, 143, 169
411483.3.peg.1913.site.123, 0, 152, 152
411483.3.peg.1913.site.124, 0, 149, 149
411483.3.peg.1913.site.125, 0, 152, 152
411483.3.peg.1916.site.1, 21, 21, 42
411483.3.peg.1916.site.2, 2, 23, 25
411483.3.peg.1916.site.3, 3, 26, 29
411483.3.peg.1916.site.4, 1, 26, 27
411483.3.peg.1916.site.5, 4, 47, 51
411483.3.peg.1916.site.6, 20, 98, 118
411483.3.peg.1916.site.7, 7, 123, 130
411483.3.peg.1916.site.8, 3, 144, 147
411483.3.peg.1916.site.9, 5, 146, 151
411483.3.peg.1916.site.10, 3, 148, 151
411483.3.peg.1916.site.11, 16, 134, 150
411483.3.peg.1916.site.12, 3, 131, 134
411483.3.peg.1916.site.13, 4, 133, 137
411483.3.peg.1916.site.14, 3, 146, 149
411483.3.peg.1916.site.15, 1, 151, 152
411483.3.peg.1916.site.16, 5, 150, 155
411483.3.peg.1916.site.17, 5, 150, 155
411483.3.peg.1916.site.18, 5, 151, 156
411483.3.peg.1916.site.19, 2, 151, 153
411483.3.peg.1916.site.20, 2, 153, 155
411483.3.peg.1916.site.21, 99, 146, 245
411483.3.peg.1916.site.22, 14, 148, 162
411483.3.peg.1916.site.23, 7, 154, 161
411483.3.peg.1916.site.24, 1, 152, 153
411483.3.peg.1916.site.25, 0, 153, 153
411483.3.peg.1916.site.26, 12, 146, 158
411483.3.peg.1916.site.27, 3, 152, 155
411483.3.peg.1916.site.28, 0, 153, 153
411483.3.peg.1916.site.29, 11, 152, 163
411483.3.peg.1916.site.30, 4, 151, 155
411483.3.peg.1916.site.31, 2, 150, 152
411483.3.peg.1916.site.32, 1, 152, 153
411483.3.peg.1916.site.33, 1, 138, 139
411483.3.peg.1916.site.34, 14, 125, 139
411483.3.peg.1916.site.35, 118, 118, 236
411483.3.peg.1916.site.36, 43, 108, 151
411483.3.peg.1916.site.37, 1, 114, 115
411483.3.peg.1916.site.38, 12, 105, 117
411483.3.peg.1916.site.39, 8, 97, 105
411483.3.peg.1916.site.40, 1, 113, 114
411483.3.peg.1916.site.41, 2, 109, 111
411483.3.peg.1916.site.42, 3, 135, 138
411483.3.peg.1916.site.43, 10, 134, 144
411483.3.peg.1916.site.44, 1, 144, 145
411483.3.peg.1916.site.45, 16, 139, 155
411483.3.peg.1916.site.46, 0, 135, 135
411483.3.peg.1916.site.47, 3, 140, 143
411483.3.peg.1916.site.48, 27, 137, 164
411483.3.peg.1916.site.49, 1, 139, 140
411483.3.peg.1916.site.50, 7, 126, 133
411483.3.peg.1916.site.51, 7, 140, 147
411483.3.peg.1916.site.52, 2, 138, 140
411483.3.peg.1916.site.53, 0, 137, 137
411483.3.peg.1916.site.54, 8, 131, 139
411483.3.peg.1916.site.55, 0, 137, 137
411483.3.peg.1916.site.56, 29, 128, 157
411483.3.peg.1916.site.57, 0, 129, 129
411483.3.peg.1916.site.58, 1, 129, 130
411483.3.peg.1916.site.59, 9, 136, 145
411483.3.peg.1916.site.60, 0, 126, 126
411483.3.peg.1916.site.61, 4, 124, 128
411483.3.peg.1916.site.62, 10, 130, 140
411483.3.peg.1916.site.63, 19, 114, 133
411483.3.peg.1916.site.64, 4, 135, 139
411483.3.peg.1916.site.65, 10, 137, 147
411483.3.peg.1916.site.66, 17, 134, 151
411483.3.peg.1916.site.67, 7, 138, 145
411483.3.peg.1916.site.68, 0, 134, 134
411483.3.peg.1916.site.69, 4, 149, 153
411483.3.peg.1916.site.70, 96, 138, 234
411483.3.peg.1916.site.71, 4, 149, 153
411483.3.peg.1916.site.72, 8, 144, 152
411483.3.peg.1916.site.73, 2, 151, 153
411483.3.peg.1916.site.74, 4, 147, 151
411483.3.peg.1916.site.75, 2, 149, 151
411483.3.peg.1916.site.76, 2, 151, 153
411483.3.peg.1916.site.77, 140, 150, 290
411483.3.peg.1916.site.78, 11, 153, 164
411483.3.peg.1916.site.79, 1, 154, 155
411483.3.peg.1916.site.80, 5, 154, 159
411483.3.peg.1919.site.1, 1, 153, 154
411483.3.peg.1919.site.2, 11, 152, 163
411483.3.peg.1919.site.3, 28, 148, 176
411483.3.peg.1919.site.4, 0, 153, 153
411483.3.peg.1919.site.5, 1, 153, 154
411483.3.peg.1919.site.6, 4, 149, 153
411483.3.peg.1919.site.7, 2, 154, 156
411483.3.peg.1919.site.8, 0, 154, 154
411483.3.peg.1919.site.9, 11, 149, 160
411483.3.peg.1919.site.10, 3, 155, 158
411483.3.peg.1919.site.11, 0, 154, 154
411483.3.peg.1919.site.12, 1, 154, 155
411483.3.peg.1919.site.13, 6, 153, 159
411483.3.peg.1919.site.14, 15, 154, 169
411483.3.peg.1919.site.15, 2, 151, 153
411483.3.peg.1919.site.16, 0, 150, 150
411483.3.peg.1919.site.17, 6, 152, 158
411483.3.peg.1919.site.18, 9, 148, 157
411483.3.peg.1919.site.19, 1, 151, 152
411483.3.peg.1919.site.20, 130, 148, 278
411483.3.peg.1919.site.21, 1, 150, 151
411483.3.peg.1919.site.22, 3, 152, 155
411483.3.peg.1919.site.23, 0, 149, 149
411483.3.peg.1919.site.24, 0, 152, 152
411483.3.peg.1919.site.25, 18, 154, 172
411483.3.peg.1919.site.26, 4, 155, 159
411483.3.peg.1919.site.27, 2, 153, 155
411483.3.peg.1919.site.28, 2, 154, 156
411483.3.peg.1919.site.29, 1, 155, 156
411483.3.peg.1919.site.30, 41, 148, 189
411483.3.peg.1919.site.31, 12, 151, 163
411483.3.peg.1919.site.32, 1, 154, 155
411483.3.peg.1919.site.33, 3, 151, 154
411483.3.peg.1919.site.34, 8, 150, 158
411483.3.peg.1919.site.35, 1, 148, 149
411483.3.peg.1919.site.36, 1, 149, 150
411483.3.peg.1919.site.37, 2, 146, 148
411483.3.peg.1919.site.38, 9, 148, 157
411483.3.peg.1919.site.39, 3, 145, 148
411483.3.peg.1919.site.40, 1, 151, 152
411483.3.peg.1919.site.41, 1, 150, 151
411483.3.peg.1919.site.42, 8, 151, 159
411483.3.peg.1919.site.43, 2, 154, 156
411483.3.peg.1919.site.44, 4, 152, 156
411483.3.peg.1919.site.45, 1, 153, 154
411483.3.peg.1919.site.46, 2, 152, 154
411483.3.peg.1919.site.47, 1, 151, 152
411483.3.peg.1919.site.48, 137, 148, 285
411483.3.peg.1919.site.49, 2, 151, 153
411483.3.peg.1919.site.50, 4, 148, 152
411483.3.peg.1919.site.51, 3, 148, 151
411483.3.peg.1919.site.52, 65, 142, 207
411483.3.peg.1919.site.53, 1, 150, 151
411483.3.peg.1919.site.54, 5, 151, 156
411483.3.peg.1919.site.55, 3, 148, 151
411483.3.peg.1919.site.56, 4, 150, 154
411483.3.peg.1919.site.57, 1, 148, 149
411483.3.peg.1919.site.58, 29, 142, 171
411483.3.peg.1919.site.59, 4, 147, 151
411483.3.peg.1919.site.60, 53, 146, 199
411483.3.peg.1919.site.61, 2, 148, 150
411483.3.peg.1919.site.62, 5, 141, 146
411483.3.peg.1919.site.63, 120, 136, 256
411483.3.peg.1919.site.64, 1, 153, 154
411483.3.peg.1919.site.65, 4, 153, 157
411483.3.peg.1919.site.66, 1, 155, 156
411483.3.peg.1919.site.67, 2, 155, 157
411483.3.peg.1919.site.68, 2, 154, 156
411483.3.peg.1919.site.69, 68, 147, 215
411483.3.peg.1919.site.70, 0, 150, 150
411483.3.peg.1919.site.71, 49, 139, 188
411483.3.peg.1919.site.72, 2, 153, 155
411483.3.peg.1919.site.73, 0, 151, 151
411483.3.peg.1919.site.74, 2, 154, 156
411483.3.peg.1919.site.75, 1, 152, 153
411483.3.peg.1919.site.76, 14, 147, 161
411483.3.peg.1919.site.77, 1, 153, 154
411483.3.peg.1919.site.78, 100, 147, 247
411483.3.peg.1919.site.79, 3, 153, 156
411483.3.peg.1919.site.80, 2, 152, 154
411483.3.peg.1919.site.81, 16, 150, 166
411483.3.peg.1919.site.82, 1, 151, 152
411483.3.peg.1919.site.83, 4, 151, 155
411483.3.peg.1919.site.84, 5, 152, 157
411483.3.peg.1919.site.85, 9, 149, 158
411483.3.peg.1919.site.86, 5, 154, 159
411483.3.peg.1919.site.87, 1, 152, 153
411483.3.peg.1919.site.88, 0, 153, 153
411483.3.peg.1919.site.89, 0, 153, 153
411483.3.peg.1919.site.90, 2, 155, 157
411483.3.peg.1919.site.91, 7, 148, 155
411483.3.peg.1919.site.92, 1, 154, 155
411483.3.peg.1919.site.93, 0, 151, 151
411483.3.peg.1919.site.94, 17, 145, 162
411483.3.peg.1919.site.95, 2, 150, 152
411483.3.peg.1919.site.96, 3, 152, 155
411483.3.peg.1919.site.97, 1, 152, 153
411483.3.peg.1919.site.98, 2, 150, 152
411483.3.peg.1919.site.99, 131, 131, 262
411483.3.peg.1919.site.100, 1, 127, 128
411483.3.peg.1919.site.101, 1, 115, 116
411483.3.peg.1919.site.102, 7, 99, 106
411483.3.peg.1358.site.1, 2, 155, 157
411483.3.peg.1358.site.2, 1, 154, 155
411483.3.peg.1358.site.3, 0, 153, 153
411483.3.peg.1358.site.4, 0, 154, 154
411483.3.peg.1358.site.5, 2, 153, 155
411483.3.peg.1358.site.6, 3, 155, 158
411483.3.peg.1358.site.7, 2, 155, 157
411483.3.peg.1358.site.8, 1, 153, 154
411483.3.peg.1358.site.9, 18, 150, 168
411483.3.peg.1358.site.10, 20, 148, 168
411483.3.peg.1358.site.11, 3, 153, 156
411483.3.peg.1358.site.12, 0, 150, 150
411483.3.peg.1358.site.13, 119, 146, 265
411483.3.peg.1358.site.14, 2, 151, 153
411483.3.peg.1358.site.15, 9, 146, 155
411483.3.peg.1358.site.16, 0, 147, 147
411483.3.peg.1358.site.17, 1, 153, 154
411483.3.peg.1358.site.18, 3, 153, 156
411483.3.peg.1358.site.19, 1, 154, 155
411483.3.peg.1358.site.20, 8, 148, 156
411483.3.peg.1358.site.21, 1, 151, 152
411483.3.peg.1358.site.22, 2, 152, 154
411483.3.peg.1358.site.23, 6, 153, 159
411483.3.peg.1358.site.24, 8, 150, 158
411483.3.peg.1358.site.25, 2, 155, 157
411483.3.peg.1358.site.26, 8, 155, 163
411483.3.peg.1358.site.27, 2, 155, 157
411483.3.peg.1358.site.28, 27, 149, 176
411483.3.peg.1358.site.29, 16, 143, 159
411483.3.peg.1358.site.30, 51, 147, 198
411483.3.peg.1358.site.31, 26, 143, 169
411483.3.peg.1358.site.32, 6, 152, 158
411483.3.peg.1358.site.33, 20, 151, 171
411483.3.peg.1358.site.34, 32, 153, 185
411483.3.peg.1358.site.35, 34, 145, 179
411483.3.peg.1358.site.36, 123, 146, 269
411483.3.peg.1358.site.37, 1, 151, 152
411483.3.peg.1358.site.38, 48, 138, 186
411483.3.peg.1358.site.39, 4, 147, 151
411483.3.peg.1358.site.40, 1, 136, 137
411483.3.peg.1358.site.41, 11, 134, 145
411483.3.peg.1358.site.42, 3, 136, 139
411483.3.peg.1358.site.43, 2, 143, 145
411483.3.peg.1358.site.44, 6, 146, 152
411483.3.peg.1358.site.45, 13, 149, 162
411483.3.peg.1358.site.46, 5, 154, 159
411483.3.peg.1358.site.47, 4, 152, 156
411483.3.peg.1358.site.48, 15, 148, 163
411483.3.peg.1358.site.49, 1, 151, 152
411483.3.peg.1358.site.50, 1, 149, 150
411483.3.peg.1358.site.51, 72, 142, 214
411483.3.peg.1358.site.52, 1, 153, 154
411483.3.peg.1358.site.53, 0, 152, 152
411483.3.peg.1358.site.54, 1, 149, 150
411483.3.peg.1358.site.55, 6, 147, 153
411483.3.peg.1358.site.56, 0, 149, 149
411483.3.peg.1359.site.1, 4, 143, 147
411483.3.peg.1359.site.2, 15, 144, 159
411483.3.peg.1359.site.3, 1, 139, 140
411483.3.peg.1359.site.4, 1, 125, 126
411483.3.peg.1359.site.5, 1, 128, 129
411483.3.peg.1359.site.6, 10, 128, 138
411483.3.peg.1359.site.7, 13, 135, 148
411483.3.peg.1359.site.8, 3, 135, 138
411483.3.peg.1359.site.9, 10, 116, 126
411483.3.peg.1359.site.10, 1, 124, 125
411483.3.peg.1359.site.11, 0, 123, 123
411483.3.peg.1359.site.12, 2, 112, 114
411483.3.peg.1359.site.13, 6, 89, 95
411483.3.peg.1359.site.14, 1, 73, 74
411483.3.peg.1359.site.15, 9, 77, 86
411483.3.peg.1359.site.16, 1, 104, 105
411483.3.peg.1359.site.17, 2, 87, 89
411483.3.peg.1359.site.18, 4, 116, 120
411483.3.peg.1359.site.19, 8, 126, 134
411483.3.peg.1359.site.20, 9, 130, 139
411483.3.peg.1359.site.21, 146, 146, 292
411483.3.peg.1359.site.22, 1, 148, 149
411483.3.peg.1359.site.23, 3, 145, 148
411483.3.peg.1359.site.24, 4, 149, 153
411483.3.peg.1359.site.25, 0, 138, 138
411483.3.peg.1359.site.26, 1, 142, 143
411483.3.peg.1359.site.27, 133, 137, 270
411483.3.peg.1359.site.28, 2, 135, 137
411483.3.peg.1359.site.29, 11, 146, 157
411483.3.peg.1359.site.30, 4, 146, 150
411483.3.peg.1359.site.31, 1, 154, 155
411483.3.peg.1359.site.32, 2, 155, 157
411483.3.peg.1359.site.33, 0, 152, 152
411483.3.peg.1359.site.34, 1, 152, 153
411483.3.peg.1359.site.35, 2, 147, 149
411483.3.peg.1359.site.36, 110, 147, 257
411483.3.peg.1359.site.37, 9, 147, 156
411483.3.peg.1359.site.38, 31, 145, 176
411483.3.peg.1359.site.39, 12, 148, 160
411483.3.peg.1359.site.40, 31, 146, 177
411483.3.peg.1359.site.41, 4, 148, 152
411483.3.peg.1359.site.42, 1, 146, 147
411483.3.peg.1359.site.43, 1, 147, 148
411483.3.peg.1359.site.44, 3, 147, 150
411483.3.peg.1359.site.45, 6, 145, 151
411483.3.peg.1359.site.46, 2, 144, 146
411483.3.peg.1359.site.47, 1, 147, 148
411483.3.peg.1359.site.48, 4, 137, 141
411483.3.peg.1359.site.49, 1, 142, 143
411483.3.peg.1359.site.50, 0, 136, 136
411483.3.peg.1359.site.51, 4, 142, 146
411483.3.peg.1359.site.52, 11, 136, 147
411483.3.peg.1359.site.53, 7, 133, 140
411483.3.peg.1359.site.54, 4, 144, 148
411483.3.peg.1359.site.55, 4, 146, 150
411483.3.peg.1359.site.56, 6, 143, 149
411483.3.peg.1359.site.57, 2, 149, 151
411483.3.peg.1359.site.58, 3, 142, 145
411483.3.peg.1359.site.59, 8, 141, 149
411483.3.peg.1359.site.60, 12, 152, 164
411483.3.peg.1359.site.61, 5, 153, 158
411483.3.peg.1359.site.62, 11, 143, 154
411483.3.peg.1359.site.63, 1, 144, 145
411483.3.peg.1359.site.64, 140, 146, 286
411483.3.peg.1359.site.65, 1, 152, 153
411483.3.peg.1359.site.66, 64, 139, 203
411483.3.peg.1359.site.67, 0, 153, 153
411483.3.peg.1359.site.68, 0, 153, 153
411483.3.peg.1359.site.69, 15, 148, 163
411483.3.peg.1359.site.70, 1, 148, 149
411483.3.peg.1359.site.71, 3, 144, 147
411483.3.peg.1359.site.72, 3, 143, 146
411483.3.peg.1359.site.73, 5, 139, 144
411483.3.peg.1359.site.74, 1, 141, 142
411483.3.peg.1359.site.75, 140, 140, 280
411483.3.peg.1359.site.76, 3, 137, 140
411483.3.peg.1359.site.77, 4, 136, 140
411483.3.peg.1359.site.78, 2, 143, 145
411483.3.peg.1359.site.79, 10, 141, 151
411483.3.peg.1359.site.80, 95, 133, 228
411483.3.peg.1359.site.81, 1, 147, 148
411483.3.peg.1359.site.82, 7, 130, 137
411483.3.peg.1359.site.83, 8, 133, 141
411483.3.peg.1359.site.84, 2, 141, 143
411483.3.peg.1359.site.85, 2, 146, 148
411483.3.peg.1359.site.86, 2, 143, 145
411483.3.peg.1359.site.87, 3, 142, 145
411483.3.peg.1359.site.88, 145, 146, 291
411483.3.peg.1359.site.89, 85, 136, 221
411483.3.peg.1359.site.90, 16, 134, 150
411483.3.peg.1359.site.91, 1, 145, 146
411483.3.peg.1359.site.92, 2, 144, 146
411483.3.peg.1359.site.93, 17, 138, 155
411483.3.peg.1359.site.94, 57, 137, 194
411483.3.peg.1359.site.95, 1, 151, 152
411483.3.peg.1359.site.96, 4, 148, 152
411483.3.peg.1359.site.97, 0, 152, 152
411483.3.peg.1359.site.98, 50, 141, 191
411483.3.peg.1359.site.99, 0, 151, 151
411483.3.peg.1359.site.100, 2, 150, 152
411483.3.peg.1359.site.101, 28, 143, 171
411483.3.peg.1359.site.102, 4, 153, 157
411483.3.peg.1359.site.103, 7, 151, 158
411483.3.peg.1359.site.104, 5, 150, 155
411483.3.peg.1359.site.105, 11, 143, 154
411483.3.peg.1359.site.106, 55, 145, 200
411483.3.peg.1359.site.107, 2, 149, 151
411483.3.peg.1359.site.108, 1, 148, 149
411483.3.peg.1359.site.109, 20, 144, 164
411483.3.peg.1359.site.110, 1, 151, 152
411483.3.peg.1359.site.111, 2, 149, 151
411483.3.peg.1359.site.112, 2, 149, 151
411483.3.peg.1359.site.113, 2, 151, 153
411483.3.peg.1359.site.114, 87, 139, 226
411483.3.peg.1359.site.115, 0, 151, 151
411483.3.peg.1359.site.116, 1, 151, 152
411483.3.peg.1359.site.117, 4, 153, 157
411483.3.peg.1359.site.118, 32, 138, 170
411483.3.peg.1359.site.119, 2, 126, 128
411483.3.peg.1359.site.120, 10, 137, 147
411483.3.peg.1359.site.121, 1, 134, 135
411483.3.peg.1359.site.122, 1, 133, 134
411483.3.peg.1359.site.123, 2, 128, 130
411483.3.peg.1359.site.124, 0, 136, 136
411483.3.peg.1359.site.125, 1, 144, 145
411483.3.peg.1359.site.126, 5, 147, 152
411483.3.peg.1359.site.127, 3, 154, 157
411483.3.peg.1359.site.128, 153, 153, 306
411483.3.peg.1359.site.129, 12, 153, 165
411483.3.peg.1359.site.130, 1, 154, 155
411483.3.peg.1359.site.131, 3, 154, 157
411483.3.peg.1352.site.1, 5, 79, 84
411483.3.peg.1352.site.2, 87, 96, 183
411483.3.peg.1352.site.3, 2, 101, 103
411483.3.peg.1352.site.4, 3, 112, 115
411483.3.peg.1352.site.5, 1, 126, 127
411483.3.peg.1352.site.6, 2, 129, 131
411483.3.peg.1352.site.7, 1, 132, 133
411483.3.peg.1352.site.8, 3, 115, 118
411483.3.peg.1352.site.9, 96, 122, 218
411483.3.peg.1352.site.10, 0, 120, 120
411483.3.peg.1352.site.11, 2, 129, 131
411483.3.peg.1352.site.12, 1, 125, 126
411483.3.peg.1352.site.13, 7, 124, 131
411483.3.peg.1352.site.14, 4, 123, 127
411483.3.peg.1352.site.15, 6, 113, 119
411483.3.peg.1352.site.16, 3, 118, 121
411483.3.peg.1352.site.17, 36, 114, 150
411483.3.peg.1352.site.18, 1, 117, 118
411483.3.peg.1352.site.19, 1, 121, 122
411483.3.peg.1352.site.20, 5, 130, 135
411483.3.peg.1352.site.21, 3, 129, 132
411483.3.peg.1352.site.22, 2, 132, 134
411483.3.peg.1352.site.23, 3, 138, 141
411483.3.peg.1352.site.24, 8, 129, 137
411483.3.peg.1352.site.25, 2, 125, 127
411483.3.peg.1352.site.26, 116, 126, 242
411483.3.peg.1352.site.27, 2, 124, 126
411483.3.peg.1352.site.28, 7, 123, 130
411483.3.peg.1352.site.29, 101, 111, 212
411483.3.peg.1352.site.30, 1, 123, 124
411483.3.peg.1352.site.31, 2, 125, 127
411483.3.peg.1352.site.32, 1, 132, 133
411483.3.peg.1352.site.33, 102, 141, 243
411483.3.peg.1352.site.34, 7, 146, 153
411483.3.peg.1352.site.35, 34, 139, 173
411483.3.peg.1352.site.36, 2, 148, 150
411483.3.peg.1352.site.37, 0, 152, 152
411483.3.peg.1352.site.38, 1, 148, 149
411483.3.peg.1352.site.39, 4, 152, 156
411483.3.peg.1352.site.40, 3, 149, 152
411483.3.peg.1352.site.41, 31, 143, 174
411483.3.peg.1352.site.42, 6, 147, 153
411483.3.peg.1352.site.43, 3, 148, 151
411483.3.peg.1352.site.44, 1, 148, 149
411483.3.peg.1352.site.45, 118, 143, 261
411483.3.peg.1352.site.46, 2, 146, 148
411483.3.peg.1352.site.47, 3, 147, 150
411483.3.peg.1352.site.48, 3, 142, 145
411483.3.peg.1352.site.49, 17, 139, 156
411483.3.peg.1352.site.50, 0, 143, 143
411483.3.peg.1352.site.51, 0, 141, 141
411483.3.peg.1352.site.52, 7, 141, 148
411483.3.peg.1352.site.53, 3, 141, 144
411483.3.peg.1352.site.54, 4, 125, 129
411483.3.peg.1352.site.55, 1, 115, 116
411483.3.peg.1352.site.56, 0, 83, 83
411483.3.peg.1352.site.57, 2, 82, 84
411483.3.peg.1352.site.58, 1, 94, 95
411483.3.peg.1352.site.59, 3, 94, 97
411483.3.peg.1352.site.60, 1, 94, 95
411483.3.peg.1352.site.61, 2, 100, 102
411483.3.peg.1352.site.62, 2, 92, 94
411483.3.peg.1352.site.63, 0, 94, 94
411483.3.peg.1352.site.64, 0, 87, 87
411483.3.peg.1350.site.1, 130, 142, 272
411483.3.peg.1350.site.2, 11, 147, 158
411483.3.peg.1350.site.3, 9, 140, 149
411483.3.peg.1350.site.4, 0, 141, 141
411483.3.peg.1350.site.5, 3, 141, 144
411483.3.peg.1350.site.6, 17, 135, 152
411483.3.peg.1350.site.7, 11, 123, 134
411483.3.peg.1350.site.8, 1, 142, 143
411483.3.peg.1350.site.9, 27, 125, 152
411483.3.peg.1350.site.10, 6, 131, 137
411483.3.peg.1350.site.11, 0, 135, 135
411483.3.peg.1350.site.12, 3, 137, 140
411483.3.peg.1350.site.13, 11, 133, 144
411483.3.peg.1350.site.14, 1, 143, 144
411483.3.peg.1350.site.15, 19, 138, 157
411483.3.peg.1350.site.16, 6, 144, 150
411483.3.peg.1350.site.17, 0, 140, 140
411483.3.peg.1351.site.1, 2, 145, 147
411483.3.peg.1351.site.2, 1, 147, 148
411483.3.peg.1351.site.3, 2, 147, 149
411483.3.peg.1351.site.4, 1, 150, 151
411483.3.peg.1351.site.5, 3, 152, 155
411483.3.peg.1351.site.6, 5, 147, 152
411483.3.peg.1351.site.7, 2, 146, 148
411483.3.peg.1351.site.8, 2, 150, 152
411483.3.peg.1351.site.9, 3, 141, 144
411483.3.peg.1351.site.10, 18, 135, 153
411483.3.peg.1351.site.11, 9, 142, 151
411483.3.peg.1351.site.12, 1, 140, 141
411483.3.peg.1351.site.13, 1, 142, 143
411483.3.peg.1351.site.14, 0, 139, 139
411483.3.peg.1351.site.15, 0, 144, 144
411483.3.peg.1351.site.16, 24, 142, 166
411483.3.peg.1351.site.17, 5, 145, 150
411483.3.peg.1351.site.18, 1, 147, 148
411483.3.peg.1351.site.19, 5, 144, 149
411483.3.peg.1351.site.20, 74, 134, 208
411483.3.peg.1351.site.21, 1, 139, 140
411483.3.peg.1351.site.22, 1, 140, 141
411483.3.peg.1351.site.23, 20, 130, 150
411483.3.peg.1351.site.24, 20, 121, 141
411483.3.peg.1351.site.25, 35, 110, 145
411483.3.peg.1351.site.26, 5, 127, 132
411483.3.peg.1351.site.27, 104, 128, 232
411483.3.peg.1351.site.28, 1, 128, 129
411483.3.peg.1351.site.29, 1, 126, 127
411483.3.peg.1351.site.30, 0, 134, 134
411483.3.peg.1351.site.31, 4, 123, 127
411483.3.peg.1351.site.32, 0, 130, 130
411483.3.peg.1351.site.33, 7, 137, 144
411483.3.peg.1351.site.34, 4, 139, 143
411483.3.peg.1351.site.35, 4, 145, 149
411483.3.peg.1351.site.36, 12, 134, 146
411483.3.peg.1351.site.37, 10, 132, 142
411483.3.peg.1351.site.38, 3, 143, 146
411483.3.peg.1351.site.39, 1, 144, 145
411483.3.peg.1351.site.40, 3, 141, 144
411483.3.peg.1351.site.41, 0, 146, 146
411483.3.peg.1351.site.42, 2, 146, 148
411483.3.peg.1351.site.43, 11, 143, 154
411483.3.peg.1351.site.44, 0, 143, 143
411483.3.peg.1351.site.45, 22, 144, 166
411483.3.peg.1351.site.46, 0, 142, 142
411483.3.peg.1351.site.47, 0, 138, 138
411483.3.peg.1351.site.48, 2, 141, 143
411483.3.peg.1351.site.49, 2, 143, 145
411483.3.peg.1351.site.50, 1, 139, 140
411483.3.peg.1351.site.51, 2, 137, 139
411483.3.peg.1351.site.52, 1, 146, 147
411483.3.peg.1351.site.53, 1, 143, 144
411483.3.peg.1351.site.54, 1, 143, 144
411483.3.peg.1351.site.55, 2, 138, 140
411483.3.peg.1351.site.56, 7, 139, 146
411483.3.peg.1351.site.57, 3, 141, 144
411483.3.peg.1351.site.58, 6, 134, 140
411483.3.peg.1351.site.59, 1, 115, 116
411483.3.peg.1351.site.60, 96, 105, 201
411483.3.peg.1351.site.61, 4, 82, 86
411483.3.peg.1351.site.62, 1, 87, 88
411483.3.peg.1351.site.63, 1, 90, 91
411483.3.peg.1351.site.64, 4, 105, 109
411483.3.peg.1351.site.65, 1, 96, 97
411483.3.peg.1351.site.66, 1, 101, 102
411483.3.peg.1351.site.67, 2, 122, 124
411483.3.peg.1351.site.68, 8, 134, 142
411483.3.peg.1351.site.69, 2, 132, 134
411483.3.peg.1351.site.70, 2, 136, 138
411483.3.peg.1351.site.71, 1, 137, 138
411483.3.peg.1357.site.1, 3, 154, 157
411483.3.peg.1357.site.2, 1, 155, 156
411483.3.peg.1357.site.3, 2, 154, 156
411483.3.peg.1357.site.4, 3, 155, 158
411483.3.peg.1357.site.5, 1, 155, 156
411483.3.peg.1357.site.6, 2, 151, 153
411483.3.peg.1357.site.7, 12, 145, 157
411483.3.peg.1357.site.8, 8, 151, 159
411483.3.peg.1357.site.9, 0, 153, 153
411483.3.peg.1357.site.10, 0, 154, 154
411483.3.peg.1357.site.11, 1, 153, 154
411483.3.peg.1357.site.12, 4, 152, 156
411483.3.peg.1357.site.13, 2, 152, 154
411483.3.peg.1357.site.14, 0, 147, 147
411483.3.peg.1357.site.15, 2, 152, 154
411483.3.peg.1357.site.16, 6, 150, 156
411483.3.peg.1357.site.17, 3, 152, 155
411483.3.peg.1357.site.18, 6, 150, 156
411483.3.peg.1357.site.19, 7, 150, 157
411483.3.peg.1357.site.20, 1, 153, 154
411483.3.peg.1357.site.21, 14, 154, 168
411483.3.peg.1354.site.1, 1, 153, 154
411483.3.peg.1354.site.2, 1, 153, 154
411483.3.peg.1354.site.3, 38, 149, 187
411483.3.peg.1354.site.4, 1, 152, 153
411483.3.peg.1354.site.5, 1, 151, 152
411483.3.peg.1354.site.6, 0, 149, 149
411483.3.peg.1354.site.7, 5, 149, 154
411483.3.peg.1354.site.8, 5, 149, 154
411483.3.peg.1354.site.9, 1, 153, 154
411483.3.peg.1354.site.10, 5, 155, 160
411483.3.peg.1354.site.11, 2, 149, 151
411483.3.peg.1354.site.12, 0, 149, 149
411483.3.peg.1354.site.13, 28, 148, 176
411483.3.peg.1354.site.14, 1, 155, 156
411483.3.peg.1354.site.15, 31, 152, 183
411483.3.peg.1354.site.16, 8, 155, 163
411483.3.peg.1354.site.17, 3, 154, 157
411483.3.peg.1354.site.18, 3, 153, 156
411483.3.peg.1354.site.19, 3, 150, 153
411483.3.peg.1354.site.20, 1, 151, 152
411483.3.peg.1354.site.21, 9, 152, 161
411483.3.peg.1354.site.22, 2, 152, 154
411483.3.peg.1354.site.23, 4, 152, 156
411483.3.peg.1354.site.24, 1, 155, 156
411483.3.peg.1354.site.25, 2, 154, 156
411483.3.peg.1354.site.26, 3, 152, 155
411483.3.peg.1354.site.27, 15, 152, 167
411483.3.peg.1354.site.28, 3, 153, 156
411483.3.peg.1354.site.29, 2, 150, 152
411483.3.peg.1354.site.30, 0, 153, 153
411483.3.peg.1354.site.31, 2, 154, 156
411483.3.peg.1354.site.32, 1, 154, 155
411483.3.peg.1354.site.33, 6, 153, 159
411483.3.peg.1354.site.34, 4, 154, 158
411483.3.peg.1354.site.35, 6, 155, 161
411483.3.peg.1354.site.36, 0, 152, 152
411483.3.peg.1354.site.37, 1, 154, 155
411483.3.peg.1354.site.38, 18, 148, 166
411483.3.peg.1354.site.39, 39, 145, 184
411483.3.peg.1354.site.40, 2, 143, 145
411483.3.peg.1354.site.41, 4, 143, 147
411483.3.peg.1354.site.42, 4, 136, 140
411483.3.peg.1354.site.43, 1, 142, 143
411483.3.peg.1354.site.44, 0, 145, 145
411483.3.peg.1354.site.45, 2, 149, 151
411483.3.peg.1354.site.46, 1, 150, 151
411483.3.peg.1354.site.47, 5, 151, 156
411483.3.peg.1354.site.48, 25, 150, 175
411483.3.peg.1354.site.49, 1, 155, 156
411483.3.peg.1354.site.50, 13, 150, 163
411483.3.peg.1354.site.51, 4, 155, 159
411483.3.peg.1354.site.52, 2, 153, 155
411483.3.peg.1354.site.53, 2, 154, 156
411483.3.peg.1354.site.54, 3, 155, 158
411483.3.peg.1354.site.55, 4, 154, 158
411483.3.peg.1354.site.56, 5, 153, 158
411483.3.peg.1354.site.57, 2, 153, 155
411483.3.peg.1354.site.58, 3, 151, 154
411483.3.peg.1354.site.59, 5, 152, 157
411483.3.peg.1354.site.60, 15, 151, 166
411483.3.peg.1354.site.61, 14, 150, 164
411483.3.peg.1354.site.62, 7, 153, 160
411483.3.peg.1354.site.63, 3, 152, 155
411483.3.peg.1354.site.64, 0, 153, 153
411483.3.peg.1354.site.65, 7, 154, 161
411483.3.peg.1354.site.66, 1, 153, 154
411483.3.peg.1354.site.67, 4, 155, 159
411483.3.peg.1354.site.68, 1, 154, 155
411483.3.peg.1354.site.69, 1, 154, 155
411483.3.peg.1354.site.70, 19, 148, 167
411483.3.peg.1354.site.71, 1, 153, 154
411483.3.peg.1354.site.72, 0, 154, 154
411483.3.peg.1354.site.73, 1, 155, 156
411483.3.peg.1354.site.74, 65, 144, 209
411483.3.peg.1354.site.75, 2, 153, 155
411483.3.peg.1354.site.76, 1, 155, 156
411483.3.peg.1354.site.77, 1, 155, 156
411483.3.peg.1354.site.78, 1, 152, 153
411483.3.peg.1354.site.79, 3, 149, 152
411483.3.peg.1354.site.80, 2, 149, 151
411483.3.peg.1354.site.81, 16, 146, 162
411483.3.peg.1354.site.82, 1, 146, 147
411483.3.peg.1354.site.83, 1, 147, 148
411483.3.peg.1354.site.84, 12, 139, 151
411483.3.peg.1354.site.85, 1, 142, 143
411483.3.peg.1354.site.86, 39, 129, 168
411483.3.peg.1354.site.87, 1, 128, 129
411483.3.peg.1354.site.88, 7, 126, 133
411483.3.peg.1354.site.89, 6, 125, 131
411483.3.peg.1354.site.90, 1, 126, 127
411483.3.peg.1354.site.91, 124, 124, 248
411483.3.peg.1354.site.92, 6, 127, 133
411483.3.peg.1354.site.93, 2, 137, 139
411483.3.peg.1354.site.94, 50, 133, 183
411483.3.peg.1354.site.95, 6, 140, 146
411483.3.peg.1354.site.96, 8, 138, 146
411483.3.peg.1354.site.97, 15, 141, 156
411483.3.peg.1354.site.98, 1, 146, 147
411483.3.peg.1354.site.99, 3, 149, 152
411483.3.peg.1354.site.100, 0, 150, 150
411483.3.peg.1354.site.101, 0, 145, 145
411483.3.peg.1354.site.102, 1, 149, 150
411483.3.peg.1354.site.103, 3, 144, 147
411483.3.peg.1354.site.104, 93, 144, 237
411483.3.peg.1354.site.105, 13, 150, 163
411483.3.peg.1354.site.106, 1, 151, 152
411483.3.peg.1354.site.107, 3, 152, 155
411483.3.peg.1354.site.108, 10, 151, 161
411483.3.peg.1354.site.109, 7, 154, 161
411483.3.peg.1354.site.110, 18, 148, 166
411483.3.peg.1354.site.111, 50, 146, 196
411483.3.peg.1354.site.112, 37, 149, 186
411483.3.peg.1354.site.113, 26, 145, 171
411483.3.peg.1354.site.114, 26, 147, 173
411483.3.peg.1354.site.115, 1, 151, 152
411483.3.peg.1354.site.116, 4, 154, 158
411483.3.peg.1354.site.117, 12, 153, 165
411483.3.peg.1354.site.118, 3, 154, 157
411483.3.peg.1354.site.119, 1, 154, 155
411483.3.peg.1354.site.120, 0, 152, 152
411483.3.peg.1354.site.121, 42, 146, 188
411483.3.peg.1354.site.122, 1, 154, 155
411483.3.peg.1354.site.123, 32, 150, 182
411483.3.peg.1354.site.124, 9, 145, 154
411483.3.peg.1354.site.125, 1, 150, 151
411483.3.peg.1354.site.126, 0, 150, 150
411483.3.peg.1354.site.127, 8, 152, 160
411483.3.peg.1354.site.128, 12, 149, 161
411483.3.peg.1354.site.129, 16, 148, 164
411483.3.peg.1354.site.130, 0, 151, 151
411483.3.peg.1354.site.131, 8, 151, 159
411483.3.peg.1354.site.132, 1, 152, 153
411483.3.peg.1354.site.133, 2, 151, 153
411483.3.peg.1354.site.134, 1, 154, 155
411483.3.peg.1354.site.135, 13, 154, 167
411483.3.peg.1354.site.136, 154, 155, 309
411483.3.peg.1354.site.137, 2, 155, 157
411483.3.peg.1354.site.138, 2, 155, 157
411483.3.peg.1354.site.139, 18, 151, 169
411483.3.peg.1354.site.140, 36, 144, 180
411483.3.peg.1354.site.141, 0, 154, 154
411483.3.peg.1354.site.142, 26, 142, 168
411483.3.peg.1354.site.143, 0, 150, 150
411483.3.peg.1354.site.144, 13, 147, 160
411483.3.peg.1354.site.145, 7, 146, 153
411483.3.peg.1354.site.146, 1, 151, 152
411483.3.peg.1354.site.147, 3, 149, 152
411483.3.peg.1354.site.148, 28, 149, 177
411483.3.peg.1354.site.149, 2, 150, 152
411483.3.peg.1354.site.150, 44, 148, 192
411483.3.peg.1354.site.151, 56, 150, 206
411483.3.peg.1354.site.152, 0, 153, 153
411483.3.peg.259.site.1, 1, 146, 147
411483.3.peg.259.site.2, 2, 155, 157
411483.3.peg.259.site.3, 0, 155, 155
411483.3.peg.259.site.4, 5, 155, 160
411483.3.peg.259.site.5, 5, 155, 160
411483.3.peg.259.site.6, 0, 155, 155
411483.3.peg.259.site.7, 0, 154, 154
411483.3.peg.259.site.8, 9, 149, 158
411483.3.peg.259.site.9, 8, 154, 162
411483.3.peg.259.site.10, 5, 153, 158
411483.3.peg.259.site.11, 4, 152, 156
411483.3.peg.259.site.12, 1, 154, 155
411483.3.peg.259.site.13, 1, 153, 154
411483.3.peg.259.site.14, 1, 154, 155
411483.3.peg.259.site.15, 2, 152, 154
411483.3.peg.259.site.16, 11, 151, 162
411483.3.peg.259.site.17, 17, 152, 169
411483.3.peg.259.site.18, 2, 154, 156
411483.3.peg.259.site.19, 8, 151, 159
411483.3.peg.259.site.20, 2, 155, 157
411483.3.peg.259.site.21, 133, 147, 280
411483.3.peg.259.site.22, 4, 153, 157
411483.3.peg.259.site.23, 1, 155, 156
411483.3.peg.259.site.24, 4, 153, 157
411483.3.peg.259.site.25, 1, 155, 156
411483.3.peg.259.site.26, 3, 149, 152
411483.3.peg.259.site.27, 2, 154, 156
411483.3.peg.259.site.28, 2, 154, 156
411483.3.peg.259.site.29, 154, 154, 308
411483.3.peg.259.site.30, 3, 153, 156
411483.3.peg.259.site.31, 14, 150, 164
411483.3.peg.259.site.32, 15, 148, 163
411483.3.peg.259.site.33, 1, 147, 148
411483.3.peg.259.site.34, 3, 152, 155
411483.3.peg.259.site.35, 13, 153, 166
411483.3.peg.259.site.36, 21, 147, 168
411483.3.peg.259.site.37, 4, 146, 150
411483.3.peg.259.site.38, 104, 143, 247
411483.3.peg.259.site.39, 2, 148, 150
411483.3.peg.259.site.40, 2, 152, 154
411483.3.peg.259.site.41, 12, 146, 158
411483.3.peg.259.site.42, 1, 145, 146
411483.3.peg.259.site.43, 5, 147, 152
411483.3.peg.259.site.44, 80, 141, 221
411483.3.peg.259.site.45, 7, 147, 154
411483.3.peg.259.site.46, 0, 147, 147
411483.3.peg.259.site.47, 1, 146, 147
411483.3.peg.259.site.48, 2, 147, 149
411483.3.peg.259.site.49, 7, 147, 154
411483.3.peg.259.site.50, 3, 150, 153
411483.3.peg.259.site.51, 4, 152, 156
411483.3.peg.259.site.52, 61, 143, 204
411483.3.peg.259.site.53, 3, 151, 154
411483.3.peg.259.site.54, 13, 152, 165
411483.3.peg.259.site.55, 16, 148, 164
411483.3.peg.259.site.56, 28, 142, 170
411483.3.peg.259.site.57, 3, 145, 148
411483.3.peg.259.site.58, 7, 149, 156
411483.3.peg.259.site.59, 3, 150, 153
411483.3.peg.259.site.60, 1, 151, 152
411483.3.peg.259.site.61, 7, 149, 156
411483.3.peg.259.site.62, 1, 155, 156
411483.3.peg.259.site.63, 5, 155, 160
411483.3.peg.259.site.64, 78, 142, 220
411483.3.peg.259.site.65, 1, 149, 150
411483.3.peg.259.site.66, 11, 150, 161
411483.3.peg.259.site.67, 105, 146, 251
411483.3.peg.259.site.68, 1, 152, 153
411483.3.peg.259.site.69, 24, 142, 166
411483.3.peg.259.site.70, 77, 140, 217
411483.3.peg.259.site.71, 1, 152, 153
411483.3.peg.259.site.72, 35, 145, 180
411483.3.peg.259.site.73, 1, 151, 152
411483.3.peg.259.site.74, 1, 150, 151
411483.3.peg.259.site.75, 139, 148, 287
411483.3.peg.259.site.76, 1, 151, 152
411483.3.peg.259.site.77, 2, 152, 154
411483.3.peg.259.site.78, 0, 151, 151
411483.3.peg.259.site.79, 25, 142, 167
411483.3.peg.259.site.80, 5, 151, 156
411483.3.peg.259.site.81, 3, 147, 150
411483.3.peg.259.site.82, 2, 152, 154
411483.3.peg.259.site.83, 2, 152, 154
411483.3.peg.259.site.84, 60, 134, 194
411483.3.peg.259.site.85, 5, 148, 153
411483.3.peg.259.site.86, 1, 148, 149
411483.3.peg.259.site.87, 2, 144, 146
411483.3.peg.259.site.88, 0, 104, 104
411483.3.peg.259.site.89, 2, 109, 111
411483.3.peg.259.site.90, 1, 123, 124
411483.3.peg.259.site.91, 0, 142, 142
411483.3.peg.259.site.92, 0, 145, 145
411483.3.peg.259.site.93, 0, 144, 144
411483.3.peg.259.site.94, 2, 140, 142
411483.3.peg.259.site.95, 0, 139, 139
411483.3.peg.259.site.96, 2, 147, 149
411483.3.peg.259.site.97, 5, 148, 153
411483.3.peg.259.site.98, 2, 150, 152
411483.3.peg.259.site.99, 0, 150, 150
411483.3.peg.259.site.100, 1, 150, 151
411483.3.peg.259.site.101, 1, 151, 152
411483.3.peg.259.site.102, 1, 152, 153
411483.3.peg.259.site.103, 2, 152, 154
411483.3.peg.259.site.104, 5, 154, 159
411483.3.peg.259.site.105, 1, 154, 155
411483.3.peg.259.site.106, 12, 148, 160
411483.3.peg.259.site.107, 3, 153, 156
411483.3.peg.259.site.108, 6, 153, 159
411483.3.peg.258.site.1, 7, 40, 47
411483.3.peg.258.site.2, 4, 84, 88
411483.3.peg.258.site.3, 4, 87, 91
411483.3.peg.258.site.4, 19, 86, 105
411483.3.peg.258.site.5, 12, 83, 95
411483.3.peg.258.site.6, 66, 83, 149
411483.3.peg.258.site.7, 0, 81, 81
411483.3.peg.258.site.8, 14, 37, 51
411483.3.peg.258.site.9, 18, 35, 53
411483.3.peg.258.site.10, 1, 32, 33
411483.3.peg.258.site.11, 6, 13, 19
411483.3.peg.258.site.12, 8, 15, 23
411483.3.peg.258.site.13, 6, 77, 83
411483.3.peg.258.site.14, 0, 128, 128
411483.3.peg.258.site.15, 2, 143, 145
411483.3.peg.258.site.16, 0, 147, 147
411483.3.peg.258.site.17, 107, 145, 252
411483.3.peg.258.site.18, 1, 153, 154
411483.3.peg.258.site.19, 2, 149, 151
411483.3.peg.258.site.20, 2, 151, 153
411483.3.peg.258.site.21, 1, 150, 151
411483.3.peg.258.site.22, 3, 148, 151
411483.3.peg.258.site.23, 100, 138, 238
411483.3.peg.258.site.24, 3, 148, 151
411483.3.peg.258.site.25, 40, 138, 178
411483.3.peg.258.site.26, 30, 142, 172
411483.3.peg.258.site.27, 1, 150, 151
411483.3.peg.258.site.28, 2, 153, 155
411483.3.peg.258.site.29, 9, 154, 163
411483.3.peg.258.site.30, 0, 153, 153
411483.3.peg.258.site.31, 2, 155, 157
411483.3.peg.258.site.32, 0, 151, 151
411483.3.peg.258.site.33, 12, 154, 166
411483.3.peg.258.site.34, 5, 151, 156
411483.3.peg.258.site.35, 1, 154, 155
411483.3.peg.258.site.36, 1, 153, 154
411483.3.peg.258.site.37, 3, 155, 158
411483.3.peg.258.site.38, 0, 153, 153
411483.3.peg.258.site.39, 6, 154, 160
411483.3.peg.258.site.40, 0, 154, 154
411483.3.peg.258.site.41, 1, 154, 155
411483.3.peg.258.site.42, 1, 155, 156
411483.3.peg.258.site.43, 1, 155, 156
411483.3.peg.255.site.1, 11, 151, 162
411483.3.peg.255.site.2, 0, 150, 150
411483.3.peg.255.site.3, 0, 150, 150
411483.3.peg.255.site.4, 2, 150, 152
411483.3.peg.255.site.5, 1, 151, 152
411483.3.peg.255.site.6, 4, 150, 154
411483.3.peg.255.site.7, 3, 152, 155
411483.3.peg.255.site.8, 2, 151, 153
411483.3.peg.255.site.9, 5, 153, 158
411483.3.peg.255.site.10, 1, 154, 155
411483.3.peg.255.site.11, 1, 152, 153
411483.3.peg.255.site.12, 25, 147, 172
411483.3.peg.255.site.13, 5, 152, 157
411483.3.peg.255.site.14, 11, 151, 162
411483.3.peg.255.site.15, 4, 148, 152
411483.3.peg.255.site.16, 1, 152, 153
411483.3.peg.255.site.17, 2, 150, 152
411483.3.peg.255.site.18, 0, 143, 143
411483.3.peg.255.site.19, 12, 143, 155
411483.3.peg.255.site.20, 5, 144, 149
411483.3.peg.255.site.21, 7, 151, 158
411483.3.peg.255.site.22, 8, 151, 159
411483.3.peg.255.site.23, 5, 153, 158
411483.3.peg.255.site.24, 3, 153, 156
411483.3.peg.255.site.25, 14, 153, 167
411483.3.peg.255.site.26, 12, 154, 166
411483.3.peg.255.site.27, 0, 154, 154
411483.3.peg.255.site.28, 1, 153, 154
411483.3.peg.255.site.29, 3, 153, 156
411483.3.peg.255.site.30, 1, 148, 149
411483.3.peg.255.site.31, 2, 152, 154
411483.3.peg.255.site.32, 2, 148, 150
411483.3.peg.255.site.33, 15, 143, 158
411483.3.peg.255.site.34, 3, 147, 150
411483.3.peg.255.site.35, 2, 146, 148
411483.3.peg.255.site.36, 0, 147, 147
411483.3.peg.255.site.37, 1, 149, 150
411483.3.peg.255.site.38, 5, 147, 152
411483.3.peg.255.site.39, 3, 147, 150
411483.3.peg.255.site.40, 3, 150, 153
411483.3.peg.255.site.41, 10, 142, 152
411483.3.peg.255.site.42, 1, 150, 151
411483.3.peg.255.site.43, 7, 143, 150
411483.3.peg.255.site.44, 11, 147, 158
411483.3.peg.255.site.45, 133, 147, 280
411483.3.peg.255.site.46, 5, 153, 158
411483.3.peg.255.site.47, 4, 148, 152
411483.3.peg.255.site.48, 12, 147, 159
411483.3.peg.255.site.49, 2, 150, 152
411483.3.peg.255.site.50, 6, 151, 157
411483.3.peg.255.site.51, 1, 149, 150
411483.3.peg.255.site.52, 5, 143, 148
411483.3.peg.255.site.53, 7, 136, 143
411483.3.peg.255.site.54, 10, 127, 137
411483.3.peg.255.site.55, 2, 120, 122
411483.3.peg.255.site.56, 65, 111, 176
411483.3.peg.255.site.57, 53, 99, 152
411483.3.peg.255.site.58, 57, 102, 159
411483.3.peg.255.site.59, 10, 110, 120
411483.3.peg.255.site.60, 4, 106, 110
411483.3.peg.255.site.61, 0, 109, 109
411483.3.peg.255.site.62, 10, 99, 109
411483.3.peg.255.site.63, 2, 108, 110
411483.3.peg.255.site.64, 81, 99, 180
411483.3.peg.255.site.65, 25, 89, 114
411483.3.peg.255.site.66, 7, 97, 104
411483.3.peg.255.site.67, 83, 102, 185
411483.3.peg.255.site.68, 13, 116, 129
411483.3.peg.255.site.69, 0, 117, 117
411483.3.peg.255.site.70, 8, 125, 133
411483.3.peg.255.site.71, 13, 125, 138
411483.3.peg.255.site.72, 22, 126, 148
411483.3.peg.255.site.73, 14, 133, 147
411483.3.peg.255.site.74, 7, 141, 148
411483.3.peg.255.site.75, 114, 136, 250
411483.3.peg.255.site.76, 85, 138, 223
411483.3.peg.255.site.77, 1, 152, 153
411483.3.peg.255.site.78, 14, 146, 160
411483.3.peg.255.site.79, 16, 152, 168
411483.3.peg.255.site.80, 0, 149, 149
411483.3.peg.255.site.81, 1, 149, 150
411483.3.peg.255.site.82, 18, 141, 159
411483.3.peg.255.site.83, 1, 148, 149
411483.3.peg.255.site.84, 12, 150, 162
411483.3.peg.255.site.85, 15, 147, 162
411483.3.peg.255.site.86, 91, 126, 217
411483.3.peg.255.site.87, 6, 109, 115
411483.3.peg.1177.site.1, 2, 109, 111
411483.3.peg.1177.site.2, 0, 108, 108
411483.3.peg.1177.site.3, 15, 131, 146
411483.3.peg.1177.site.4, 0, 146, 146
411483.3.peg.1177.site.5, 3, 151, 154
411483.3.peg.1177.site.6, 47, 139, 186
411483.3.peg.1177.site.7, 2, 149, 151
411483.3.peg.1177.site.8, 4, 146, 150
411483.3.peg.1177.site.9, 0, 148, 148
411483.3.peg.1177.site.10, 2, 149, 151
411483.3.peg.1177.site.11, 0, 139, 139
411483.3.peg.1177.site.12, 141, 141, 282
411483.3.peg.1177.site.13, 0, 143, 143
411483.3.peg.1177.site.14, 24, 130, 154
411483.3.peg.1177.site.15, 1, 143, 144
411483.3.peg.1177.site.16, 9, 143, 152
411483.3.peg.1177.site.17, 1, 142, 143
411483.3.peg.1177.site.18, 8, 141, 149
411483.3.peg.1177.site.19, 1, 143, 144
411483.3.peg.1177.site.20, 11, 139, 150
411483.3.peg.1177.site.21, 7, 139, 146
411483.3.peg.1177.site.22, 136, 136, 272
411483.3.peg.1177.site.23, 4, 125, 129
411483.3.peg.1177.site.24, 1, 127, 128
411483.3.peg.1177.site.25, 1, 122, 123
411483.3.peg.1177.site.26, 8, 131, 139
411483.3.peg.1177.site.27, 3, 146, 149
411483.3.peg.1177.site.28, 0, 145, 145
411483.3.peg.1177.site.29, 2, 146, 148
411483.3.peg.1177.site.30, 1, 149, 150
411483.3.peg.1177.site.31, 55, 145, 200
411483.3.peg.1177.site.32, 4, 154, 158
411483.3.peg.1177.site.33, 0, 154, 154
411483.3.peg.1177.site.34, 12, 152, 164
411483.3.peg.1177.site.35, 1, 152, 153
411483.3.peg.1177.site.36, 138, 145, 283
411483.3.peg.1177.site.37, 135, 142, 277
411483.3.peg.1177.site.38, 1, 136, 137
411483.3.peg.1177.site.39, 0, 138, 138
411483.3.peg.1177.site.40, 12, 144, 156
411483.3.peg.1177.site.41, 132, 142, 274
411483.3.peg.1177.site.42, 3, 151, 154
411483.3.peg.1177.site.43, 2, 151, 153
411483.3.peg.1177.site.44, 1, 153, 154
411483.3.peg.1177.site.45, 5, 150, 155
411483.3.peg.1177.site.46, 2, 152, 154
411483.3.peg.1177.site.47, 4, 152, 156
411483.3.peg.1177.site.48, 0, 150, 150
411483.3.peg.1177.site.49, 2, 151, 153
411483.3.peg.1177.site.50, 0, 151, 151
411483.3.peg.1177.site.51, 0, 148, 148
411483.3.peg.1177.site.52, 1, 135, 136
411483.3.peg.1177.site.53, 2, 120, 122
411483.3.peg.1177.site.54, 3, 33, 36
411483.3.peg.1177.site.55, 21, 37, 58
411483.3.peg.1177.site.56, 6, 48, 54
411483.3.peg.1177.site.57, 9, 46, 55
411483.3.peg.1177.site.58, 1, 62, 63
411483.3.peg.1177.site.59, 2, 65, 67
411483.3.peg.1177.site.60, 1, 71, 72
411483.3.peg.1177.site.61, 48, 70, 118
411483.3.peg.1177.site.62, 10, 81, 91
411483.3.peg.1177.site.63, 3, 103, 106
411483.3.peg.1177.site.64, 1, 135, 136
411483.3.peg.1177.site.65, 102, 132, 234
411483.3.peg.1177.site.66, 0, 144, 144
411483.3.peg.1177.site.67, 42, 135, 177
411483.3.peg.1177.site.68, 0, 146, 146
411483.3.peg.1177.site.69, 0, 150, 150
411483.3.peg.1177.site.70, 0, 150, 150
411483.3.peg.1177.site.71, 1, 152, 153
411483.3.peg.1177.site.72, 12, 147, 159
411483.3.peg.1177.site.73, 8, 150, 158
411483.3.peg.1177.site.74, 9, 148, 157
411483.3.peg.1177.site.75, 0, 149, 149
411483.3.peg.1177.site.76, 0, 151, 151
411483.3.peg.1177.site.77, 40, 145, 185
411483.3.peg.1177.site.78, 7, 147, 154
411483.3.peg.1177.site.79, 1, 150, 151
411483.3.peg.1177.site.80, 0, 147, 147
411483.3.peg.1177.site.81, 0, 150, 150
411483.3.peg.1177.site.82, 7, 154, 161
411483.3.peg.1177.site.83, 0, 151, 151
411483.3.peg.1177.site.84, 12, 152, 164
411483.3.peg.1177.site.85, 0, 153, 153
411483.3.peg.1177.site.86, 1, 150, 151
411483.3.peg.1177.site.87, 0, 146, 146
411483.3.peg.1177.site.88, 11, 143, 154
411483.3.peg.1177.site.89, 13, 149, 162
411483.3.peg.1177.site.90, 0, 151, 151
411483.3.peg.1177.site.91, 4, 151, 155
411483.3.peg.1174.site.1, 86, 130, 216
411483.3.peg.1174.site.2, 0, 145, 145
411483.3.peg.1174.site.3, 2, 153, 155
411483.3.peg.1174.site.4, 1, 155, 156
411483.3.peg.1174.site.5, 7, 153, 160
411483.3.peg.1174.site.6, 1, 155, 156
411483.3.peg.1174.site.7, 0, 154, 154
411483.3.peg.1174.site.8, 5, 154, 159
411483.3.peg.1174.site.9, 0, 154, 154
411483.3.peg.1174.site.10, 0, 154, 154
411483.3.peg.1174.site.11, 1, 155, 156
411483.3.peg.1175.site.1, 17, 102, 119
411483.3.peg.1175.site.2, 54, 119, 173
411483.3.peg.1175.site.3, 0, 138, 138
411483.3.peg.1175.site.4, 1, 144, 145
411483.3.peg.1175.site.5, 12, 138, 150
411483.3.peg.1175.site.6, 4, 144, 148
411483.3.peg.1175.site.7, 84, 144, 228
411483.3.peg.1175.site.8, 1, 153, 154
411483.3.peg.1175.site.9, 2, 153, 155
411483.3.peg.1175.site.10, 16, 146, 162
411483.3.peg.1175.site.11, 10, 148, 158
411483.3.peg.1175.site.12, 4, 153, 157
411483.3.peg.1175.site.13, 0, 150, 150
411483.3.peg.1175.site.14, 31, 146, 177
411483.3.peg.1175.site.15, 15, 150, 165
411483.3.peg.1175.site.16, 3, 146, 149
411483.3.peg.1175.site.17, 96, 131, 227
411483.3.peg.1175.site.18, 4, 137, 141
411483.3.peg.1175.site.19, 47, 130, 177
411483.3.peg.1175.site.20, 2, 137, 139
411483.3.peg.1175.site.21, 16, 144, 160
411483.3.peg.1175.site.22, 5, 139, 144
411483.3.peg.1175.site.23, 10, 144, 154
411483.3.peg.1175.site.24, 1, 146, 147
411483.3.peg.1175.site.25, 16, 143, 159
411483.3.peg.1175.site.26, 16, 144, 160
411483.3.peg.1175.site.27, 1, 147, 148
411483.3.peg.1175.site.28, 1, 145, 146
411483.3.peg.1175.site.29, 16, 138, 154
411483.3.peg.1175.site.30, 1, 143, 144
411483.3.peg.1175.site.31, 5, 138, 143
411483.3.peg.1175.site.32, 5, 143, 148
411483.3.peg.1175.site.33, 21, 138, 159
411483.3.peg.1175.site.34, 1, 144, 145
411483.3.peg.1175.site.35, 2, 144, 146
411483.3.peg.1175.site.36, 1, 149, 150
411483.3.peg.1175.site.37, 4, 149, 153
411483.3.peg.1175.site.38, 1, 149, 150
411483.3.peg.1175.site.39, 1, 152, 153
411483.3.peg.1175.site.40, 21, 140, 161
411483.3.peg.1175.site.41, 95, 144, 239
411483.3.peg.1175.site.42, 1, 152, 153
411483.3.peg.1175.site.43, 5, 150, 155
411483.3.peg.1175.site.44, 5, 151, 156
411483.3.peg.1175.site.45, 7, 147, 154
411483.3.peg.1175.site.46, 1, 142, 143
411483.3.peg.1175.site.47, 6, 140, 146
411483.3.peg.1175.site.48, 69, 135, 204
411483.3.peg.1175.site.49, 1, 140, 141
411483.3.peg.1175.site.50, 1, 142, 143
411483.3.peg.1175.site.51, 6, 143, 149
411483.3.peg.1175.site.52, 1, 124, 125
411483.3.peg.1175.site.53, 19, 140, 159
411483.3.peg.1175.site.54, 0, 147, 147
411483.3.peg.1175.site.55, 5, 151, 156
411483.3.peg.1175.site.56, 4, 150, 154
411483.3.peg.1175.site.57, 1, 153, 154
411483.3.peg.1175.site.58, 9, 154, 163
411483.3.peg.1175.site.59, 1, 153, 154
411483.3.peg.1175.site.60, 3, 152, 155
411483.3.peg.1175.site.61, 6, 152, 158
411483.3.peg.1175.site.62, 2, 150, 152
411483.3.peg.1175.site.63, 34, 140, 174
411483.3.peg.1175.site.64, 60, 137, 197
411483.3.peg.1175.site.65, 3, 135, 138
411483.3.peg.1172.site.1, 9, 148, 157
411483.3.peg.1172.site.2, 4, 152, 156
411483.3.peg.1172.site.3, 4, 150, 154
411483.3.peg.1172.site.4, 1, 154, 155
411483.3.peg.1172.site.5, 1, 150, 151
411483.3.peg.1172.site.6, 12, 146, 158
411483.3.peg.1172.site.7, 2, 148, 150
411483.3.peg.1172.site.8, 2, 152, 154
411483.3.peg.1172.site.9, 1, 149, 150
411483.3.peg.1172.site.10, 0, 147, 147
411483.3.peg.1172.site.11, 1, 146, 147
411483.3.peg.1172.site.12, 4, 151, 155
411483.3.peg.1172.site.13, 2, 150, 152
411483.3.peg.1172.site.14, 147, 150, 297
411483.3.peg.1172.site.15, 34, 139, 173
411483.3.peg.1172.site.16, 19, 140, 159
411483.3.peg.1172.site.17, 2, 122, 124
411483.3.peg.1172.site.18, 103, 104, 207
411483.3.peg.1172.site.19, 106, 107, 213
411483.3.peg.1172.site.20, 4, 114, 118
411483.3.peg.1172.site.21, 7, 132, 139
411483.3.peg.1172.site.22, 20, 131, 151
411483.3.peg.1172.site.23, 2, 134, 136
411483.3.peg.1172.site.24, 1, 135, 136
411483.3.peg.1172.site.25, 94, 129, 223
411483.3.peg.1172.site.26, 3, 146, 149
411483.3.peg.1172.site.27, 5, 144, 149
411483.3.peg.1172.site.28, 4, 140, 144
411483.3.peg.1172.site.29, 3, 136, 139
411483.3.peg.1172.site.30, 36, 114, 150
411483.3.peg.1172.site.31, 18, 118, 136
411483.3.peg.1172.site.32, 19, 119, 138
411483.3.peg.1172.site.33, 1, 123, 124
411483.3.peg.1172.site.34, 8, 121, 129
411483.3.peg.1172.site.35, 4, 135, 139
411483.3.peg.1172.site.36, 4, 135, 139
411483.3.peg.1172.site.37, 2, 120, 122
411483.3.peg.1172.site.38, 1, 140, 141
411483.3.peg.1172.site.39, 5, 144, 149
411483.3.peg.1172.site.40, 3, 144, 147
411483.3.peg.1172.site.41, 76, 140, 216
411483.3.peg.1172.site.42, 73, 132, 205
411483.3.peg.1172.site.43, 88, 135, 223
411483.3.peg.1172.site.44, 10, 146, 156
411483.3.peg.1172.site.45, 0, 146, 146
411483.3.peg.1172.site.46, 3, 149, 152
411483.3.peg.1172.site.47, 6, 148, 154
411483.3.peg.1172.site.48, 27, 134, 161
411483.3.peg.1172.site.49, 1, 153, 154
411483.3.peg.1172.site.50, 12, 152, 164
411483.3.peg.1172.site.51, 1, 153, 154
411483.3.peg.1172.site.52, 3, 152, 155
411483.3.peg.1172.site.53, 3, 151, 154
411483.3.peg.1172.site.54, 0, 150, 150
411483.3.peg.1172.site.55, 9, 150, 159
411483.3.peg.1172.site.56, 1, 152, 153
411483.3.peg.1172.site.57, 64, 144, 208
411483.3.peg.1172.site.58, 18, 150, 168
411483.3.peg.1172.site.59, 2, 153, 155
411483.3.peg.1172.site.60, 19, 150, 169
411483.3.peg.1172.site.61, 2, 154, 156
411483.3.peg.1172.site.62, 1, 155, 156
411483.3.peg.1172.site.63, 6, 152, 158
411483.3.peg.1173.site.1, 2, 140, 142
411483.3.peg.1173.site.2, 6, 140, 146
411483.3.peg.1173.site.3, 6, 142, 148
411483.3.peg.1173.site.4, 37, 142, 179
411483.3.peg.1173.site.5, 39, 144, 183
411483.3.peg.1173.site.6, 87, 140, 227
411483.3.peg.1173.site.7, 4, 117, 121
411483.3.peg.1173.site.8, 2, 115, 117
411483.3.peg.1173.site.9, 5, 120, 125
411483.3.peg.1173.site.10, 9, 123, 132
411483.3.peg.1173.site.11, 36, 110, 146
411483.3.peg.1173.site.12, 6, 122, 128
411483.3.peg.1173.site.13, 13, 114, 127
411483.3.peg.1173.site.14, 5, 107, 112
411483.3.peg.1173.site.15, 2, 109, 111
411483.3.peg.1173.site.16, 6, 105, 111
411483.3.peg.1173.site.17, 1, 96, 97
411483.3.peg.1173.site.18, 21, 90, 111
411483.3.peg.1173.site.19, 20, 85, 105
411483.3.peg.1173.site.20, 4, 91, 95
411483.3.peg.1173.site.21, 2, 90, 92
411483.3.peg.1173.site.22, 46, 81, 127
411483.3.peg.1173.site.23, 47, 88, 135
411483.3.peg.1173.site.24, 42, 88, 130
411483.3.peg.1173.site.25, 5, 95, 100
411483.3.peg.1173.site.26, 2, 105, 107
411483.3.peg.1173.site.27, 8, 113, 121
411483.3.peg.1173.site.28, 1, 127, 128
411483.3.peg.1173.site.29, 2, 128, 130
411483.3.peg.1173.site.30, 9, 128, 137
411483.3.peg.1173.site.31, 13, 129, 142
411483.3.peg.1173.site.32, 24, 135, 159
411483.3.peg.1173.site.33, 26, 141, 167
411483.3.peg.1173.site.34, 3, 147, 150
411483.3.peg.1173.site.35, 38, 144, 182
411483.3.peg.1173.site.36, 3, 149, 152
411483.3.peg.1173.site.37, 1, 144, 145
411483.3.peg.1170.site.1, 2, 133, 135
411483.3.peg.1170.site.2, 5, 127, 132
411483.3.peg.1170.site.3, 2, 115, 117
411483.3.peg.1170.site.4, 2, 115, 117
411483.3.peg.1170.site.5, 4, 111, 115
411483.3.peg.1170.site.6, 5, 95, 100
411483.3.peg.1170.site.7, 12, 92, 104
411483.3.peg.1170.site.8, 3, 106, 109
411483.3.peg.1170.site.9, 1, 112, 113
411483.3.peg.1170.site.10, 1, 109, 110
411483.3.peg.1170.site.11, 2, 124, 126
411483.3.peg.1170.site.12, 1, 115, 116
411483.3.peg.1170.site.13, 3, 124, 127
411483.3.peg.1170.site.14, 2, 138, 140
411483.3.peg.1170.site.15, 2, 143, 145
411483.3.peg.1170.site.16, 4, 144, 148
411483.3.peg.1170.site.17, 15, 149, 164
411483.3.peg.1170.site.18, 12, 152, 164
411483.3.peg.1170.site.19, 69, 145, 214
411483.3.peg.1170.site.20, 6, 152, 158
411483.3.peg.1170.site.21, 5, 151, 156
411483.3.peg.1170.site.22, 3, 147, 150
411483.3.peg.1170.site.23, 83, 139, 222
411483.3.peg.1170.site.24, 4, 133, 137
411483.3.peg.1170.site.25, 2, 137, 139
411483.3.peg.1170.site.26, 4, 134, 138
411483.3.peg.1170.site.27, 24, 129, 153
411483.3.peg.1170.site.28, 2, 129, 131
411483.3.peg.1170.site.29, 1, 133, 134
411483.3.peg.1170.site.30, 34, 129, 163
411483.3.peg.1170.site.31, 4, 136, 140
411483.3.peg.1170.site.32, 3, 131, 134
411483.3.peg.1170.site.33, 4, 142, 146
411483.3.peg.1170.site.34, 2, 153, 155
411483.3.peg.1170.site.35, 0, 151, 151
411483.3.peg.1170.site.36, 98, 145, 243
411483.3.peg.1170.site.37, 2, 152, 154
411483.3.peg.1170.site.38, 1, 151, 152
411483.3.peg.1170.site.39, 16, 144, 160
411483.3.peg.1170.site.40, 1, 152, 153
411483.3.peg.1170.site.41, 5, 151, 156
411483.3.peg.1170.site.42, 10, 145, 155
411483.3.peg.1170.site.43, 117, 144, 261
411483.3.peg.1170.site.44, 1, 153, 154
411483.3.peg.1170.site.45, 1, 153, 154
411483.3.peg.1170.site.46, 70, 146, 216
411483.3.peg.1170.site.47, 2, 155, 157
411483.3.peg.1170.site.48, 1, 155, 156
411483.3.peg.1170.site.49, 0, 154, 154
411483.3.peg.1170.site.50, 129, 145, 274
411483.3.peg.1170.site.51, 73, 138, 211
411483.3.peg.1170.site.52, 35, 140, 175
411483.3.peg.1170.site.53, 18, 137, 155
411483.3.peg.1170.site.54, 18, 127, 145
411483.3.peg.1170.site.55, 1, 114, 115
411483.3.peg.1170.site.56, 118, 118, 236
411483.3.peg.1170.site.57, 6, 99, 105
411483.3.peg.1170.site.58, 7, 93, 100
411483.3.peg.1170.site.59, 57, 86, 143
411483.3.peg.1170.site.60, 0, 67, 67
411483.3.peg.1170.site.61, 4, 68, 72
411483.3.peg.1170.site.62, 6, 69, 75
411483.3.peg.1170.site.63, 13, 69, 82
411483.3.peg.1170.site.64, 0, 81, 81
411483.3.peg.1170.site.65, 12, 86, 98
411483.3.peg.1170.site.66, 0, 96, 96
411483.3.peg.1170.site.67, 1, 106, 107
411483.3.peg.1170.site.68, 4, 106, 110
411483.3.peg.1170.site.69, 75, 91, 166
411483.3.peg.1170.site.70, 1, 88, 89
411483.3.peg.1170.site.71, 0, 86, 86
411483.3.peg.1170.site.72, 12, 80, 92
411483.3.peg.1170.site.73, 8, 71, 79
411483.3.peg.1170.site.74, 0, 84, 84
411483.3.peg.1170.site.75, 4, 74, 78
411483.3.peg.1170.site.76, 28, 79, 107
411483.3.peg.1170.site.77, 5, 80, 85
411483.3.peg.1170.site.78, 1, 82, 83
411483.3.peg.1170.site.79, 2, 84, 86
411483.3.peg.1170.site.80, 52, 86, 138
411483.3.peg.1170.site.81, 1, 144, 145
411483.3.peg.1170.site.82, 6, 152, 158
411483.3.peg.1171.site.1, 1, 155, 156
411483.3.peg.1171.site.2, 5, 154, 159
411483.3.peg.1171.site.3, 2, 151, 153
411483.3.peg.1171.site.4, 3, 153, 156
411483.3.peg.1171.site.5, 11, 151, 162
411483.3.peg.1171.site.6, 9, 149, 158
411483.3.peg.1171.site.7, 0, 146, 146
411483.3.peg.1171.site.8, 22, 137, 159
411483.3.peg.1171.site.9, 3, 147, 150
411483.3.peg.1171.site.10, 19, 144, 163
411483.3.peg.1171.site.11, 51, 141, 192
411483.3.peg.1171.site.12, 6, 150, 156
411483.3.peg.1171.site.13, 1, 151, 152
411483.3.peg.1171.site.14, 13, 146, 159
411483.3.peg.1171.site.15, 9, 150, 159
411483.3.peg.1171.site.16, 1, 154, 155
411483.3.peg.1171.site.17, 11, 154, 165
411483.3.peg.1171.site.18, 9, 153, 162
411483.3.peg.1171.site.19, 19, 148, 167
411483.3.peg.1171.site.20, 6, 147, 153
411483.3.peg.1171.site.21, 2, 153, 155
411483.3.peg.1171.site.22, 13, 152, 165
411483.3.peg.1171.site.23, 3, 153, 156
411483.3.peg.1171.site.24, 7, 155, 162
411483.3.peg.1171.site.25, 3, 154, 157
411483.3.peg.1171.site.26, 29, 150, 179
411483.3.peg.1171.site.27, 118, 147, 265
411483.3.peg.1171.site.28, 7, 151, 158
411483.3.peg.1171.site.29, 110, 144, 254
411483.3.peg.1171.site.30, 0, 146, 146
411483.3.peg.1171.site.31, 4, 149, 153
411483.3.peg.1171.site.32, 3, 145, 148
411483.3.peg.1171.site.33, 6, 146, 152
411483.3.peg.1171.site.34, 18, 135, 153
411483.3.peg.1171.site.35, 70, 125, 195
411483.3.peg.1171.site.36, 0, 140, 140
411483.3.peg.1171.site.37, 98, 134, 232
411483.3.peg.1171.site.38, 5, 137, 142
411483.3.peg.1171.site.39, 3, 137, 140
411483.3.peg.1171.site.40, 1, 134, 135
411483.3.peg.1171.site.41, 10, 133, 143
411483.3.peg.1171.site.42, 12, 132, 144
411483.3.peg.1171.site.43, 1, 141, 142
411483.3.peg.1171.site.44, 1, 142, 143
411483.3.peg.1171.site.45, 3, 138, 141
411483.3.peg.1171.site.46, 0, 150, 150
411483.3.peg.1171.site.47, 1, 149, 150
411483.3.peg.1171.site.48, 17, 144, 161
411483.3.peg.1171.site.49, 5, 149, 154
411483.3.peg.1171.site.50, 1, 151, 152
411483.3.peg.1171.site.51, 18, 142, 160
411483.3.peg.1171.site.52, 2, 144, 146
411483.3.peg.1171.site.53, 20, 141, 161
411483.3.peg.1171.site.54, 1, 145, 146
411483.3.peg.1171.site.55, 0, 142, 142
411483.3.peg.1171.site.56, 2, 137, 139
411483.3.peg.1171.site.57, 117, 125, 242
411483.3.peg.1171.site.58, 46, 127, 173
411483.3.peg.1171.site.59, 3, 132, 135
411483.3.peg.1171.site.60, 1, 131, 132
411483.3.peg.1171.site.61, 1, 131, 132
411483.3.peg.1171.site.62, 0, 137, 137
411483.3.peg.1171.site.63, 0, 133, 133
411483.3.peg.1171.site.64, 7, 136, 143
411483.3.peg.1171.site.65, 1, 133, 134
411483.3.peg.1171.site.66, 2, 134, 136
411483.3.peg.1171.site.67, 1, 142, 143
411483.3.peg.1171.site.68, 1, 147, 148
411483.3.peg.1171.site.69, 0, 148, 148
411483.3.peg.1171.site.70, 5, 139, 144
411483.3.peg.1171.site.71, 1, 146, 147
411483.3.peg.1171.site.72, 36, 144, 180
411483.3.peg.1171.site.73, 154, 154, 308
411483.3.peg.1171.site.74, 7, 153, 160
411483.3.peg.1171.site.75, 3, 154, 157
411483.3.peg.1171.site.76, 1, 154, 155
411483.3.peg.1171.site.77, 0, 153, 153
411483.3.peg.1171.site.78, 1, 154, 155
411483.3.peg.1774.site.1, 21, 128, 149
411483.3.peg.1774.site.2, 3, 128, 131
411483.3.peg.1774.site.3, 32, 119, 151
411483.3.peg.1774.site.4, 8, 128, 136
411483.3.peg.1774.site.5, 1, 138, 139
411483.3.peg.1774.site.6, 12, 137, 149
411483.3.peg.1774.site.7, 3, 124, 127
411483.3.peg.1774.site.8, 2, 126, 128
411483.3.peg.1774.site.9, 2, 127, 129
411483.3.peg.1774.site.10, 5, 121, 126
411483.3.peg.1774.site.11, 1, 136, 137
411483.3.peg.1774.site.12, 45, 129, 174
411483.3.peg.1774.site.13, 3, 130, 133
411483.3.peg.1774.site.14, 5, 136, 141
411483.3.peg.1774.site.15, 1, 131, 132
411483.3.peg.1774.site.16, 115, 127, 242
411483.3.peg.1774.site.17, 3, 128, 131
411483.3.peg.1774.site.18, 7, 129, 136
411483.3.peg.1774.site.19, 3, 122, 125
411483.3.peg.1774.site.20, 11, 126, 137
411483.3.peg.1774.site.21, 2, 123, 125
411483.3.peg.1774.site.22, 4, 119, 123
411483.3.peg.1774.site.23, 8, 117, 125
411483.3.peg.1774.site.24, 2, 116, 118
411483.3.peg.1774.site.25, 49, 118, 167
411483.3.peg.1774.site.26, 19, 122, 141
411483.3.peg.1774.site.27, 3, 129, 132
411483.3.peg.1774.site.28, 3, 124, 127
411483.3.peg.1774.site.29, 2, 129, 131
411483.3.peg.1774.site.30, 3, 127, 130
411483.3.peg.1774.site.31, 4, 131, 135
411483.3.peg.1774.site.32, 6, 130, 136
411483.3.peg.1774.site.33, 1, 127, 128
411483.3.peg.1774.site.34, 1, 133, 134
411483.3.peg.1774.site.35, 10, 140, 150
411483.3.peg.1774.site.36, 2, 137, 139
411483.3.peg.1774.site.37, 0, 122, 122
411483.3.peg.1774.site.38, 5, 140, 145
411483.3.peg.1774.site.39, 6, 131, 137
411483.3.peg.1774.site.40, 5, 143, 148
411483.3.peg.1774.site.41, 4, 147, 151
411483.3.peg.1774.site.42, 2, 146, 148
411483.3.peg.1774.site.43, 0, 145, 145
411483.3.peg.1774.site.44, 2, 147, 149
411483.3.peg.1775.site.1, 3, 112, 115
411483.3.peg.1775.site.2, 2, 89, 91
411483.3.peg.1775.site.3, 4, 88, 92
411483.3.peg.1775.site.4, 0, 85, 85
411483.3.peg.1775.site.5, 1, 90, 91
411483.3.peg.1775.site.6, 4, 89, 93
411483.3.peg.1775.site.7, 1, 101, 102
411483.3.peg.1775.site.8, 1, 137, 138
411483.3.peg.1775.site.9, 1, 131, 132
411483.3.peg.1775.site.10, 3, 119, 122
411483.3.peg.1775.site.11, 6, 111, 117
411483.3.peg.1775.site.12, 3, 84, 87
411483.3.peg.1775.site.13, 13, 79, 92
411483.3.peg.1775.site.14, 2, 77, 79
411483.3.peg.1775.site.15, 28, 73, 101
411483.3.peg.1775.site.16, 1, 98, 99
411483.3.peg.1775.site.17, 125, 139, 264
411483.3.peg.1775.site.18, 3, 147, 150
411483.3.peg.1775.site.19, 6, 146, 152
411483.3.peg.1775.site.20, 1, 147, 148
411483.3.peg.1775.site.21, 2, 151, 153
411483.3.peg.1775.site.22, 3, 142, 145
411483.3.peg.1775.site.23, 12, 139, 151
411483.3.peg.1775.site.24, 3, 143, 146
411483.3.peg.1775.site.25, 4, 141, 145
411483.3.peg.1775.site.26, 4, 130, 134
411483.3.peg.1775.site.27, 119, 135, 254
411483.3.peg.1775.site.28, 3, 141, 144
411483.3.peg.1775.site.29, 113, 142, 255
411483.3.peg.1775.site.30, 2, 149, 151
411483.3.peg.1775.site.31, 0, 147, 147
411483.3.peg.1775.site.32, 2, 152, 154
411483.3.peg.1775.site.33, 2, 150, 152
411483.3.peg.1775.site.34, 4, 150, 154
411483.3.peg.1775.site.35, 6, 148, 154
411483.3.peg.1775.site.36, 4, 150, 154
411483.3.peg.1775.site.37, 1, 147, 148
411483.3.peg.1775.site.38, 92, 135, 227
411483.3.peg.1775.site.39, 14, 143, 157
411483.3.peg.1775.site.40, 73, 135, 208
411483.3.peg.1775.site.41, 1, 144, 145
411483.3.peg.1775.site.42, 89, 139, 228
411483.3.peg.1775.site.43, 21, 141, 162
411483.3.peg.1775.site.44, 11, 148, 159
411483.3.peg.1775.site.45, 106, 138, 244
411483.3.peg.1775.site.46, 2, 149, 151
411483.3.peg.1775.site.47, 1, 153, 154
411483.3.peg.1775.site.48, 1, 148, 149
411483.3.peg.1775.site.49, 8, 148, 156
411483.3.peg.1775.site.50, 14, 142, 156
411483.3.peg.1775.site.51, 3, 150, 153
411483.3.peg.1775.site.52, 1, 151, 152
411483.3.peg.1775.site.53, 57, 138, 195
411483.3.peg.1775.site.54, 1, 150, 151
411483.3.peg.1775.site.55, 0, 151, 151
411483.3.peg.1775.site.56, 134, 144, 278
411483.3.peg.1775.site.57, 9, 146, 155
411483.3.peg.1775.site.58, 1, 151, 152
411483.3.peg.1775.site.59, 0, 151, 151
411483.3.peg.1775.site.60, 8, 150, 158
411483.3.peg.1775.site.61, 10, 150, 160
411483.3.peg.1775.site.62, 3, 152, 155
411483.3.peg.1775.site.63, 0, 151, 151
411483.3.peg.1775.site.64, 1, 150, 151
411483.3.peg.1775.site.65, 7, 147, 154
411483.3.peg.1775.site.66, 6, 150, 156
411483.3.peg.1775.site.67, 87, 135, 222
411483.3.peg.1775.site.68, 86, 132, 218
411483.3.peg.1775.site.69, 4, 138, 142
411483.3.peg.1775.site.70, 1, 141, 142
411483.3.peg.1775.site.71, 115, 130, 245
411483.3.peg.1775.site.72, 6, 140, 146
411483.3.peg.1775.site.73, 22, 143, 165
411483.3.peg.1775.site.74, 4, 144, 148
411483.3.peg.1775.site.75, 2, 150, 152
411483.3.peg.1775.site.76, 5, 150, 155
411483.3.peg.1775.site.77, 104, 140, 244
411483.3.peg.1775.site.78, 9, 147, 156
411483.3.peg.1775.site.79, 0, 149, 149
411483.3.peg.1775.site.80, 2, 150, 152
411483.3.peg.1775.site.81, 5, 149, 154
411483.3.peg.1775.site.82, 31, 144, 175
411483.3.peg.1775.site.83, 2, 152, 154
411483.3.peg.1775.site.84, 6, 153, 159
411483.3.peg.1775.site.85, 2, 151, 153
411483.3.peg.1775.site.86, 114, 145, 259
411483.3.peg.1775.site.87, 13, 150, 163
411483.3.peg.1775.site.88, 10, 154, 164
411483.3.peg.1775.site.89, 40, 143, 183
411483.3.peg.1775.site.90, 10, 147, 157
411483.3.peg.1775.site.91, 0, 152, 152
411483.3.peg.1775.site.92, 2, 150, 152
411483.3.peg.1775.site.93, 113, 140, 253
411483.3.peg.1775.site.94, 118, 140, 258
411483.3.peg.1775.site.95, 52, 139, 191
411483.3.peg.1775.site.96, 5, 147, 152
411483.3.peg.1775.site.97, 0, 147, 147
411483.3.peg.1775.site.98, 49, 145, 194
411483.3.peg.1775.site.99, 14, 149, 163
411483.3.peg.1775.site.100, 19, 144, 163
411483.3.peg.1775.site.101, 40, 144, 184
411483.3.peg.1775.site.102, 2, 148, 150
411483.3.peg.1775.site.103, 65, 143, 208
411483.3.peg.1775.site.104, 77, 138, 215
411483.3.peg.1775.site.105, 19, 138, 157
411483.3.peg.1775.site.106, 122, 131, 253
411483.3.peg.1775.site.107, 1, 134, 135
411483.3.peg.1775.site.108, 17, 130, 147
411483.3.peg.1775.site.109, 44, 122, 166
411483.3.peg.1775.site.110, 0, 142, 142
411483.3.peg.1775.site.111, 2, 142, 144
411483.3.peg.1775.site.112, 3, 144, 147
411483.3.peg.1775.site.113, 1, 144, 145
411483.3.peg.1775.site.114, 2, 148, 150
411483.3.peg.1775.site.115, 2, 152, 154
411483.3.peg.1775.site.116, 12, 149, 161
411483.3.peg.1775.site.117, 30, 145, 175
411483.3.peg.1775.site.118, 0, 151, 151
411483.3.peg.1775.site.119, 20, 148, 168
411483.3.peg.1775.site.120, 89, 145, 234
411483.3.peg.1775.site.121, 9, 153, 162
411483.3.peg.1775.site.122, 61, 146, 207
411483.3.peg.1775.site.123, 23, 149, 172
411483.3.peg.1775.site.124, 85, 146, 231
411483.3.peg.1775.site.125, 0, 151, 151
411483.3.peg.1775.site.126, 16, 152, 168
411483.3.peg.1775.site.127, 131, 145, 276
411483.3.peg.1775.site.128, 101, 138, 239
411483.3.peg.1775.site.129, 48, 139, 187
411483.3.peg.1775.site.130, 1, 150, 151
411483.3.peg.1775.site.131, 2, 142, 144
411483.3.peg.1775.site.132, 0, 143, 143
411483.3.peg.1775.site.133, 72, 133, 205
411483.3.peg.1775.site.134, 17, 139, 156
411483.3.peg.1775.site.135, 2, 151, 153
411483.3.peg.1775.site.136, 77, 135, 212
411483.3.peg.1775.site.137, 0, 150, 150
411483.3.peg.1775.site.138, 2, 153, 155
411483.3.peg.1775.site.139, 27, 143, 170
411483.3.peg.1775.site.140, 1, 153, 154
411483.3.peg.1775.site.141, 6, 149, 155
411483.3.peg.1775.site.142, 16, 118, 134
411483.3.peg.1775.site.143, 34, 66, 100
411483.3.peg.1775.site.144, 14, 119, 133
411483.3.peg.1775.site.145, 7, 147, 154
411483.3.peg.1775.site.146, 11, 145, 156
411483.3.peg.1775.site.147, 1, 152, 153
411483.3.peg.1775.site.148, 0, 151, 151
411483.3.peg.1775.site.149, 1, 152, 153
411483.3.peg.1775.site.150, 21, 146, 167
411483.3.peg.1775.site.151, 5, 153, 158
411483.3.peg.1775.site.152, 64, 139, 203
411483.3.peg.1775.site.153, 8, 146, 154
411483.3.peg.1775.site.154, 14, 149, 163
411483.3.peg.1775.site.155, 1, 153, 154
411483.3.peg.1775.site.156, 0, 153, 153
411483.3.peg.1775.site.157, 64, 144, 208
411483.3.peg.1775.site.158, 6, 150, 156
411483.3.peg.1775.site.159, 1, 152, 153
411483.3.peg.1775.site.160, 3, 153, 156
411483.3.peg.1775.site.161, 40, 143, 183
411483.3.peg.27.site.1, 1, 147, 148
411483.3.peg.27.site.2, 4, 153, 157
411483.3.peg.27.site.3, 0, 151, 151
411483.3.peg.27.site.4, 0, 153, 153
411483.3.peg.27.site.5, 28, 150, 178
411483.3.peg.27.site.6, 0, 152, 152
411483.3.peg.27.site.7, 1, 149, 150
411483.3.peg.27.site.8, 7, 149, 156
411483.3.peg.27.site.9, 2, 146, 148
411483.3.peg.27.site.10, 0, 144, 144
411483.3.peg.27.site.11, 1, 145, 146
411483.3.peg.27.site.12, 5, 140, 145
411483.3.peg.27.site.13, 3, 148, 151
411483.3.peg.27.site.14, 2, 150, 152
411483.3.peg.27.site.15, 1, 147, 148
411483.3.peg.27.site.16, 4, 139, 143
411483.3.peg.27.site.17, 133, 134, 267
411483.3.peg.27.site.18, 48, 131, 179
411483.3.peg.27.site.19, 1, 140, 141
411483.3.peg.27.site.20, 1, 140, 141
411483.3.peg.27.site.21, 1, 138, 139
411483.3.peg.27.site.22, 1, 145, 146
411483.3.peg.27.site.23, 3, 147, 150
411483.3.peg.27.site.24, 0, 152, 152
411483.3.peg.27.site.25, 1, 153, 154
411483.3.peg.1777.site.1, 6, 154, 160
411483.3.peg.1777.site.2, 4, 152, 156
411483.3.peg.1777.site.3, 5, 149, 154
411483.3.peg.1777.site.4, 3, 152, 155
411483.3.peg.1777.site.5, 41, 144, 185
411483.3.peg.1777.site.6, 20, 145, 165
411483.3.peg.1777.site.7, 9, 152, 161
411483.3.peg.1777.site.8, 4, 149, 153
411483.3.peg.1777.site.9, 2, 146, 148
411483.3.peg.1777.site.10, 6, 147, 153
411483.3.peg.1777.site.11, 3, 145, 148
411483.3.peg.1777.site.12, 5, 145, 150
411483.3.peg.1777.site.13, 32, 142, 174
411483.3.peg.1777.site.14, 5, 146, 151
411483.3.peg.1777.site.15, 0, 148, 148
411483.3.peg.1777.site.16, 1, 150, 151
411483.3.peg.1777.site.17, 0, 145, 145
411483.3.peg.1777.site.18, 44, 135, 179
411483.3.peg.1777.site.19, 7, 147, 154
411483.3.peg.1777.site.20, 1, 147, 148
411483.3.peg.1777.site.21, 4, 148, 152
411483.3.peg.1777.site.22, 3, 149, 152
411483.3.peg.1777.site.23, 1, 148, 149
411483.3.peg.1777.site.24, 2, 149, 151
411483.3.peg.1777.site.25, 6, 148, 154
411483.3.peg.1777.site.26, 2, 151, 153
411483.3.peg.1777.site.27, 14, 141, 155
411483.3.peg.1777.site.28, 3, 152, 155
411483.3.peg.1777.site.29, 4, 147, 151
411483.3.peg.1777.site.30, 36, 137, 173
411483.3.peg.1777.site.31, 0, 150, 150
411483.3.peg.1777.site.32, 3, 151, 154
411483.3.peg.1777.site.33, 4, 154, 158
411483.3.peg.1777.site.34, 14, 147, 161
411483.3.peg.1777.site.35, 67, 144, 211
411483.3.peg.1777.site.36, 8, 154, 162
411483.3.peg.1777.site.37, 142, 151, 293
411483.3.peg.1777.site.38, 3, 152, 155
411483.3.peg.1777.site.39, 19, 152, 171
411483.3.peg.1777.site.40, 31, 142, 173
411483.3.peg.1777.site.41, 131, 150, 281
411483.3.peg.1777.site.42, 11, 146, 157
411483.3.peg.1777.site.43, 4, 146, 150
411483.3.peg.1777.site.44, 16, 148, 164
411483.3.peg.1777.site.45, 1, 151, 152
411483.3.peg.1777.site.46, 37, 141, 178
411483.3.peg.1777.site.47, 3, 151, 154
411483.3.peg.1777.site.48, 1, 151, 152
411483.3.peg.1777.site.49, 2, 151, 153
411483.3.peg.1777.site.50, 2, 150, 152
411483.3.peg.1777.site.51, 4, 150, 154
411483.3.peg.1777.site.52, 104, 142, 246
411483.3.peg.1777.site.53, 23, 147, 170
411483.3.peg.1777.site.54, 0, 150, 150
411483.3.peg.1777.site.55, 1, 150, 151
411483.3.peg.1777.site.56, 2, 149, 151
411483.3.peg.1777.site.57, 4, 151, 155
411483.3.peg.1777.site.58, 10, 142, 152
411483.3.peg.1777.site.59, 5, 140, 145
411483.3.peg.1777.site.60, 80, 130, 210
411483.3.peg.1777.site.61, 16, 136, 152
411483.3.peg.1777.site.62, 17, 135, 152
411483.3.peg.1777.site.63, 2, 136, 138
411483.3.peg.1777.site.64, 2, 145, 147
411483.3.peg.1777.site.65, 26, 133, 159
411483.3.peg.1777.site.66, 8, 143, 151
411483.3.peg.1777.site.67, 8, 145, 153
411483.3.peg.1777.site.68, 13, 142, 155
411483.3.peg.1777.site.69, 7, 148, 155
411483.3.peg.1777.site.70, 8, 153, 161
411483.3.peg.1777.site.71, 2, 155, 157
411483.3.peg.1777.site.72, 0, 154, 154
411483.3.peg.1770.site.1, 7, 145, 152
411483.3.peg.1770.site.2, 1, 148, 149
411483.3.peg.1770.site.3, 0, 149, 149
411483.3.peg.1770.site.4, 6, 142, 148
411483.3.peg.1770.site.5, 4, 149, 153
411483.3.peg.1770.site.6, 4, 148, 152
411483.3.peg.1770.site.7, 50, 142, 192
411483.3.peg.1770.site.8, 9, 149, 158
411483.3.peg.1770.site.9, 0, 147, 147
411483.3.peg.1770.site.10, 7, 147, 154
411483.3.peg.1770.site.11, 12, 140, 152
411483.3.peg.1770.site.12, 0, 148, 148
411483.3.peg.1770.site.13, 7, 143, 150
411483.3.peg.1770.site.14, 6, 136, 142
411483.3.peg.1770.site.15, 30, 137, 167
411483.3.peg.1770.site.16, 5, 138, 143
411483.3.peg.1770.site.17, 2, 132, 134
411483.3.peg.1770.site.18, 12, 127, 139
411483.3.peg.1770.site.19, 36, 121, 157
411483.3.peg.1770.site.20, 7, 125, 132
411483.3.peg.1770.site.21, 1, 128, 129
411483.3.peg.1770.site.22, 1, 136, 137
411483.3.peg.1770.site.23, 0, 136, 136
411483.3.peg.1771.site.1, 1, 142, 143
411483.3.peg.1771.site.2, 13, 142, 155
411483.3.peg.1771.site.3, 34, 141, 175
411483.3.peg.1771.site.4, 4, 141, 145
411483.3.peg.1771.site.5, 4, 150, 154
411483.3.peg.1771.site.6, 2, 147, 149
411483.3.peg.1771.site.7, 0, 152, 152
411483.3.peg.1771.site.8, 4, 152, 156
411483.3.peg.1771.site.9, 13, 145, 158
411483.3.peg.1771.site.10, 5, 153, 158
411483.3.peg.1771.site.11, 13, 150, 163
411483.3.peg.1771.site.12, 5, 152, 157
411483.3.peg.1771.site.13, 11, 152, 163
411483.3.peg.1771.site.14, 1, 155, 156
411483.3.peg.1771.site.15, 5, 151, 156
411483.3.peg.1771.site.16, 119, 149, 268
411483.3.peg.1771.site.17, 1, 152, 153
411483.3.peg.1771.site.18, 0, 152, 152
411483.3.peg.1771.site.19, 1, 147, 148
411483.3.peg.1771.site.20, 18, 152, 170
411483.3.peg.1771.site.21, 0, 152, 152
411483.3.peg.1771.site.22, 43, 142, 185
411483.3.peg.1771.site.23, 5, 149, 154
411483.3.peg.1771.site.24, 30, 148, 178
411483.3.peg.1771.site.25, 9, 149, 158
411483.3.peg.1771.site.26, 6, 146, 152
411483.3.peg.1771.site.27, 1, 144, 145
411483.3.peg.1771.site.28, 10, 142, 152
411483.3.peg.1771.site.29, 1, 130, 131
411483.3.peg.1771.site.30, 3, 126, 129
411483.3.peg.1771.site.31, 1, 132, 133
411483.3.peg.1771.site.32, 4, 124, 128
411483.3.peg.1771.site.33, 3, 129, 132
411483.3.peg.1771.site.34, 12, 116, 128
411483.3.peg.1771.site.35, 0, 123, 123
411483.3.peg.1771.site.36, 1, 146, 147
411483.3.peg.1771.site.37, 0, 149, 149
411483.3.peg.1772.site.1, 1, 150, 151
411483.3.peg.1772.site.2, 15, 143, 158
411483.3.peg.1772.site.3, 2, 144, 146
411483.3.peg.1772.site.4, 1, 151, 152
411483.3.peg.1772.site.5, 0, 154, 154
411483.3.peg.1772.site.6, 142, 150, 292
411483.3.peg.1772.site.7, 2, 153, 155
411483.3.peg.1772.site.8, 1, 152, 153
411483.3.peg.1772.site.9, 68, 144, 212
411483.3.peg.1772.site.10, 131, 147, 278
411483.3.peg.1772.site.11, 5, 152, 157
411483.3.peg.1772.site.12, 5, 152, 157
411483.3.peg.1772.site.13, 7, 149, 156
411483.3.peg.1772.site.14, 9, 145, 154
411483.3.peg.1772.site.15, 110, 144, 254
411483.3.peg.1772.site.16, 30, 141, 171
411483.3.peg.1772.site.17, 7, 152, 159
411483.3.peg.1772.site.18, 2, 153, 155
411483.3.peg.1772.site.19, 14, 144, 158
411483.3.peg.1772.site.20, 1, 153, 154
411483.3.peg.1772.site.21, 3, 154, 157
411483.3.peg.1772.site.22, 2, 154, 156
411483.3.peg.1772.site.23, 7, 151, 158
411483.3.peg.1772.site.24, 17, 149, 166
411483.3.peg.1772.site.25, 29, 147, 176
411483.3.peg.1772.site.26, 47, 145, 192
411483.3.peg.1772.site.27, 2, 153, 155
411483.3.peg.1772.site.28, 1, 149, 150
411483.3.peg.1772.site.29, 3, 149, 152
411483.3.peg.1772.site.30, 14, 143, 157
411483.3.peg.1772.site.31, 134, 143, 277
411483.3.peg.1772.site.32, 121, 142, 263
411483.3.peg.1772.site.33, 119, 140, 259
411483.3.peg.1772.site.34, 46, 129, 175
411483.3.peg.1772.site.35, 4, 142, 146
411483.3.peg.1772.site.36, 3, 142, 145
411483.3.peg.1772.site.37, 1, 141, 142
411483.3.peg.1772.site.38, 1, 141, 142
411483.3.peg.1772.site.39, 32, 141, 173
411483.3.peg.1772.site.40, 8, 149, 157
411483.3.peg.1772.site.41, 1, 148, 149
411483.3.peg.1772.site.42, 4, 151, 155
411483.3.peg.1772.site.43, 113, 148, 261
411483.3.peg.1772.site.44, 10, 148, 158
411483.3.peg.1772.site.45, 1, 149, 150
411483.3.peg.1772.site.46, 4, 146, 150
411483.3.peg.1772.site.47, 7, 146, 153
411483.3.peg.1772.site.48, 64, 139, 203
411483.3.peg.1772.site.49, 59, 138, 197
411483.3.peg.1772.site.50, 2, 150, 152
411483.3.peg.1772.site.51, 4, 149, 153
411483.3.peg.1772.site.52, 5, 150, 155
411483.3.peg.1772.site.53, 2, 152, 154
411483.3.peg.1772.site.54, 9, 145, 154
411483.3.peg.1772.site.55, 2, 150, 152
411483.3.peg.1772.site.56, 1, 152, 153
411483.3.peg.1772.site.57, 0, 148, 148
411483.3.peg.1772.site.58, 5, 145, 150
411483.3.peg.1772.site.59, 5, 148, 153
411483.3.peg.1772.site.60, 3, 147, 150
411483.3.peg.1772.site.61, 5, 138, 143
411483.3.peg.1772.site.62, 15, 140, 155
411483.3.peg.1772.site.63, 11, 139, 150
411483.3.peg.1772.site.64, 1, 137, 138
411483.3.peg.1772.site.65, 1, 132, 133
411483.3.peg.1772.site.66, 5, 124, 129
411483.3.peg.1772.site.67, 7, 129, 136
411483.3.peg.1772.site.68, 2, 123, 125
411483.3.peg.1772.site.69, 6, 130, 136
411483.3.peg.1772.site.70, 1, 130, 131
411483.3.peg.1772.site.71, 79, 126, 205
411483.3.peg.1772.site.72, 4, 140, 144
411483.3.peg.1772.site.73, 53, 133, 186
411483.3.peg.1772.site.74, 2, 145, 147
411483.3.peg.1772.site.75, 2, 146, 148
411483.3.peg.1772.site.76, 1, 148, 149
411483.3.peg.1772.site.77, 3, 147, 150
411483.3.peg.1772.site.78, 86, 139, 225
411483.3.peg.1772.site.79, 8, 149, 157
411483.3.peg.1772.site.80, 1, 149, 150
411483.3.peg.1772.site.81, 10, 144, 154
411483.3.peg.1772.site.82, 10, 147, 157
411483.3.peg.1772.site.83, 0, 153, 153
411483.3.peg.1772.site.84, 5, 152, 157
411483.3.peg.1772.site.85, 4, 152, 156
411483.3.peg.1772.site.86, 64, 147, 211
411483.3.peg.1772.site.87, 2, 154, 156
411483.3.peg.1772.site.88, 3, 152, 155
411483.3.peg.1772.site.89, 0, 153, 153
411483.3.peg.1772.site.90, 73, 143, 216
411483.3.peg.1772.site.91, 69, 142, 211
411483.3.peg.1772.site.92, 4, 150, 154
411483.3.peg.1772.site.93, 4, 146, 150
411483.3.peg.1772.site.94, 16, 147, 163
411483.3.peg.1772.site.95, 1, 148, 149
411483.3.peg.1772.site.96, 20, 139, 159
411483.3.peg.1772.site.97, 8, 144, 152
411483.3.peg.1772.site.98, 6, 142, 148
411483.3.peg.1772.site.99, 111, 118, 229
411483.3.peg.1772.site.100, 4, 113, 117
411483.3.peg.1772.site.101, 0, 133, 133
411483.3.peg.1772.site.102, 3, 136, 139
411483.3.peg.1772.site.103, 1, 143, 144
411483.3.peg.1772.site.104, 25, 139, 164
411483.3.peg.1772.site.105, 143, 150, 293
411483.3.peg.1772.site.106, 22, 145, 167
411483.3.peg.1772.site.107, 25, 144, 169
411483.3.peg.1772.site.108, 134, 145, 279
411483.3.peg.1772.site.109, 2, 151, 153
411483.3.peg.1772.site.110, 97, 143, 240
411483.3.peg.1772.site.111, 2, 148, 150
411483.3.peg.1772.site.112, 1, 143, 144
411483.3.peg.1772.site.113, 10, 143, 153
411483.3.peg.1772.site.114, 6, 146, 152
411483.3.peg.1772.site.115, 4, 144, 148
411483.3.peg.1772.site.116, 43, 141, 184
411483.3.peg.1772.site.117, 53, 134, 187
411483.3.peg.1772.site.118, 5, 149, 154
411483.3.peg.1772.site.119, 2, 151, 153
411483.3.peg.1772.site.120, 33, 143, 176
411483.3.peg.1772.site.121, 29, 148, 177
411483.3.peg.1773.site.1, 22, 131, 153
411483.3.peg.1773.site.2, 2, 143, 145
411483.3.peg.1773.site.3, 0, 131, 131
411483.3.peg.1773.site.4, 3, 133, 136
411483.3.peg.1773.site.5, 7, 133, 140
411483.3.peg.1773.site.6, 93, 116, 209
411483.3.peg.1773.site.7, 17, 118, 135
411483.3.peg.1773.site.8, 2, 123, 125
411483.3.peg.1773.site.9, 1, 121, 122
411483.3.peg.1773.site.10, 1, 124, 125
411483.3.peg.1773.site.11, 1, 124, 125
411483.3.peg.1773.site.12, 2, 119, 121
411483.3.peg.1773.site.13, 4, 126, 130
411483.3.peg.1773.site.14, 2, 126, 128
411483.3.peg.1773.site.15, 3, 127, 130
411483.3.peg.1773.site.16, 2, 135, 137
411483.3.peg.1773.site.17, 0, 141, 141
411483.3.peg.1773.site.18, 2, 142, 144
411483.3.peg.1773.site.19, 1, 144, 145
411483.3.peg.1773.site.20, 5, 146, 151
411483.3.peg.1773.site.21, 3, 151, 154
411483.3.peg.1773.site.22, 2, 153, 155
411483.3.peg.1773.site.23, 1, 152, 153
411483.3.peg.1773.site.24, 2, 152, 154
411483.3.peg.1773.site.25, 6, 150, 156
411483.3.peg.1773.site.26, 1, 152, 153
411483.3.peg.1773.site.27, 30, 145, 175
411483.3.peg.1773.site.28, 1, 150, 151
411483.3.peg.1773.site.29, 45, 140, 185
411483.3.peg.1773.site.30, 3, 150, 153
411483.3.peg.1773.site.31, 1, 151, 152
411483.3.peg.1773.site.32, 59, 128, 187
411483.3.peg.1773.site.33, 1, 133, 134
411483.3.peg.145.site.1, 5, 153, 158
411483.3.peg.145.site.2, 0, 154, 154
411483.3.peg.145.site.3, 11, 154, 165
411483.3.peg.145.site.4, 3, 154, 157
411483.3.peg.145.site.5, 5, 154, 159
411483.3.peg.145.site.6, 9, 155, 164
411483.3.peg.145.site.7, 0, 155, 155
411483.3.peg.145.site.8, 1, 153, 154
411483.3.peg.145.site.9, 0, 141, 141
411483.3.peg.145.site.10, 1, 144, 145
411483.3.peg.145.site.11, 1, 137, 138
411483.3.peg.145.site.12, 2, 122, 124
411483.3.peg.145.site.13, 2, 103, 105
411483.3.peg.145.site.14, 1, 119, 120
411483.3.peg.145.site.15, 4, 134, 138
411483.3.peg.145.site.16, 10, 145, 155
411483.3.peg.145.site.17, 0, 148, 148
411483.3.peg.145.site.18, 8, 151, 159
411483.3.peg.145.site.19, 0, 147, 147
411483.3.peg.145.site.20, 1, 152, 153
411483.3.peg.145.site.21, 0, 147, 147
411483.3.peg.145.site.22, 10, 152, 162
411483.3.peg.145.site.23, 1, 149, 150
411483.3.peg.145.site.24, 0, 147, 147
411483.3.peg.145.site.25, 0, 153, 153
411483.3.peg.145.site.26, 15, 154, 169
411483.3.peg.145.site.27, 9, 148, 157
411483.3.peg.145.site.28, 1, 154, 155
411483.3.peg.145.site.29, 2, 154, 156
411483.3.peg.145.site.30, 2, 151, 153
411483.3.peg.145.site.31, 0, 148, 148
411483.3.peg.145.site.32, 2, 153, 155
411483.3.peg.145.site.33, 1, 154, 155
411483.3.peg.145.site.34, 1, 153, 154
411483.3.peg.145.site.35, 4, 152, 156
411483.3.peg.145.site.36, 101, 146, 247
411483.3.peg.145.site.37, 3, 154, 157
411483.3.peg.145.site.38, 4, 154, 158
411483.3.peg.145.site.39, 3, 153, 156
411483.3.peg.145.site.40, 0, 153, 153
411483.3.peg.145.site.41, 10, 150, 160
411483.3.peg.145.site.42, 2, 155, 157
411483.3.peg.145.site.43, 4, 154, 158
411483.3.peg.145.site.44, 10, 154, 164
411483.3.peg.145.site.45, 1, 151, 152
411483.3.peg.145.site.46, 1, 153, 154
411483.3.peg.145.site.47, 3, 152, 155
411483.3.peg.145.site.48, 2, 152, 154
411483.3.peg.145.site.49, 1, 154, 155
411483.3.peg.145.site.50, 0, 155, 155
411483.3.peg.145.site.51, 0, 152, 152
411483.3.peg.145.site.52, 0, 154, 154
411483.3.peg.145.site.53, 0, 155, 155
411483.3.peg.145.site.54, 0, 155, 155
411483.3.peg.145.site.55, 10, 154, 164
411483.3.peg.145.site.56, 0, 154, 154
411483.3.peg.145.site.57, 0, 154, 154
411483.3.peg.145.site.58, 0, 155, 155
411483.3.peg.145.site.59, 21, 150, 171
411483.3.peg.145.site.60, 0, 151, 151
411483.3.peg.145.site.61, 2, 155, 157
411483.3.peg.145.site.62, 5, 155, 160
411483.3.peg.145.site.63, 3, 154, 157
411483.3.peg.145.site.64, 7, 153, 160
411483.3.peg.145.site.65, 1, 154, 155
411483.3.peg.145.site.66, 9, 151, 160
411483.3.peg.145.site.67, 2, 154, 156
411483.3.peg.145.site.68, 4, 151, 155
411483.3.peg.145.site.69, 2, 153, 155
411483.3.peg.145.site.70, 3, 150, 153
411483.3.peg.145.site.71, 2, 152, 154
411483.3.peg.145.site.72, 1, 152, 153
411483.3.peg.145.site.73, 2, 154, 156
411483.3.peg.145.site.74, 0, 147, 147
411483.3.peg.145.site.75, 0, 151, 151
411483.3.peg.145.site.76, 10, 153, 163
411483.3.peg.145.site.77, 6, 154, 160
411483.3.peg.145.site.78, 22, 153, 175
411483.3.peg.145.site.79, 0, 154, 154
411483.3.peg.145.site.80, 0, 150, 150
411483.3.peg.145.site.81, 1, 152, 153
411483.3.peg.145.site.82, 0, 154, 154
411483.3.peg.145.site.83, 90, 145, 235
411483.3.peg.145.site.84, 0, 154, 154
411483.3.peg.145.site.85, 0, 153, 153
411483.3.peg.145.site.86, 5, 154, 159
411483.3.peg.145.site.87, 2, 155, 157
411483.3.peg.145.site.88, 6, 154, 160
411483.3.peg.145.site.89, 0, 150, 150
411483.3.peg.145.site.90, 0, 149, 149
411483.3.peg.145.site.91, 122, 151, 273
411483.3.peg.145.site.92, 1, 151, 152
411483.3.peg.145.site.93, 96, 140, 236
411483.3.peg.145.site.94, 99, 145, 244
411483.3.peg.145.site.95, 3, 154, 157
411483.3.peg.145.site.96, 17, 151, 168
411483.3.peg.145.site.97, 0, 153, 153
411483.3.peg.145.site.98, 2, 154, 156
411483.3.peg.145.site.99, 3, 152, 155
411483.3.peg.145.site.100, 13, 148, 161
411483.3.peg.145.site.101, 16, 149, 165
411483.3.peg.145.site.102, 13, 155, 168
411483.3.peg.145.site.103, 2, 154, 156
411483.3.peg.145.site.104, 1, 154, 155
411483.3.peg.145.site.105, 4, 151, 155
411483.3.peg.145.site.106, 6, 151, 157
411483.3.peg.145.site.107, 66, 145, 211
411483.3.peg.145.site.108, 2, 151, 153
411483.3.peg.145.site.109, 1, 151, 152
411483.3.peg.145.site.110, 4, 151, 155
411483.3.peg.145.site.111, 5, 152, 157
411483.3.peg.145.site.112, 145, 150, 295
411483.3.peg.145.site.113, 8, 146, 154
411483.3.peg.1778.site.1, 10, 150, 160
411483.3.peg.1778.site.2, 11, 146, 157
411483.3.peg.1778.site.3, 7, 149, 156
411483.3.peg.1778.site.4, 5, 155, 160
411483.3.peg.1778.site.5, 1, 155, 156
411483.3.peg.1778.site.6, 12, 148, 160
411483.3.peg.1778.site.7, 0, 153, 153
411483.3.peg.1778.site.8, 78, 142, 220
411483.3.peg.1778.site.9, 2, 139, 141
411483.3.peg.1778.site.10, 93, 128, 221
411483.3.peg.1778.site.11, 38, 127, 165
411483.3.peg.1778.site.12, 0, 141, 141
411483.3.peg.1778.site.13, 9, 144, 153
411483.3.peg.1778.site.14, 6, 137, 143
411483.3.peg.1778.site.15, 4, 143, 147
411483.3.peg.1778.site.16, 21, 130, 151
411483.3.peg.1778.site.17, 7, 139, 146
411483.3.peg.1778.site.18, 1, 140, 141
411483.3.peg.1778.site.19, 6, 140, 146
411483.3.peg.1778.site.20, 2, 144, 146
411483.3.peg.1778.site.21, 9, 148, 157
411483.3.peg.1778.site.22, 1, 148, 149
411483.3.peg.1778.site.23, 3, 146, 149
411483.3.peg.1778.site.24, 2, 148, 150
411483.3.peg.1778.site.25, 6, 145, 151
411483.3.peg.1778.site.26, 1, 151, 152
411483.3.peg.1778.site.27, 4, 151, 155
411483.3.peg.1778.site.28, 10, 142, 152
411483.3.peg.1778.site.29, 1, 148, 149
411483.3.peg.1778.site.30, 5, 147, 152
411483.3.peg.1778.site.31, 4, 148, 152
411483.3.peg.1778.site.32, 13, 145, 158
411483.3.peg.1778.site.33, 0, 144, 144
411483.3.peg.1778.site.34, 22, 130, 152
411483.3.peg.1778.site.35, 5, 121, 126
411483.3.peg.1778.site.36, 0, 127, 127
411483.3.peg.1778.site.37, 0, 139, 139
411483.3.peg.1778.site.38, 2, 146, 148
411483.3.peg.1778.site.39, 0, 148, 148
411483.3.peg.1778.site.40, 3, 147, 150
411483.3.peg.1778.site.41, 11, 140, 151
411483.3.peg.1778.site.42, 20, 146, 166
411483.3.peg.1778.site.43, 1, 153, 154
411483.3.peg.1778.site.44, 7, 152, 159
411483.3.peg.1778.site.45, 12, 154, 166
411483.3.peg.1778.site.46, 2, 154, 156
411483.3.peg.1778.site.47, 0, 154, 154
411483.3.peg.1778.site.48, 101, 140, 241
411483.3.peg.1778.site.49, 9, 151, 160
411483.3.peg.1778.site.50, 15, 148, 163
411483.3.peg.1778.site.51, 0, 152, 152
411483.3.peg.1778.site.52, 5, 150, 155
411483.3.peg.1778.site.53, 8, 146, 154
411483.3.peg.1778.site.54, 10, 145, 155
411483.3.peg.1778.site.55, 17, 143, 160
411483.3.peg.1778.site.56, 135, 141, 276
411483.3.peg.1778.site.57, 13, 137, 150
411483.3.peg.1778.site.58, 84, 125, 209
411483.3.peg.1778.site.59, 2, 138, 140
411483.3.peg.1778.site.60, 3, 134, 137
411483.3.peg.1778.site.61, 5, 131, 136
411483.3.peg.1778.site.62, 2, 138, 140
411483.3.peg.1778.site.63, 2, 141, 143
411483.3.peg.1778.site.64, 15, 142, 157
411483.3.peg.1778.site.65, 1, 152, 153
411483.3.peg.1778.site.66, 144, 148, 292
411483.3.peg.1779.site.1, 6, 152, 158
411483.3.peg.1779.site.2, 8, 152, 160
411483.3.peg.1779.site.3, 23, 148, 171
411483.3.peg.1779.site.4, 4, 154, 158
411483.3.peg.1779.site.5, 127, 145, 272
411483.3.peg.1779.site.6, 1, 152, 153
411483.3.peg.1779.site.7, 15, 144, 159
411483.3.peg.1779.site.8, 3, 154, 157
411483.3.peg.1779.site.9, 6, 145, 151
411483.3.peg.1779.site.10, 1, 131, 132
411483.3.peg.1779.site.11, 8, 135, 143
411483.3.peg.1779.site.12, 68, 123, 191
411483.3.peg.1779.site.13, 3, 138, 141
411483.3.peg.1779.site.14, 3, 139, 142
411483.3.peg.1779.site.15, 29, 141, 170
411483.3.peg.387.site.1, 1, 150, 151
411483.3.peg.387.site.2, 3, 155, 158
411483.3.peg.387.site.3, 1, 152, 153
411483.3.peg.387.site.4, 7, 152, 159
411483.3.peg.387.site.5, 0, 153, 153
411483.3.peg.387.site.6, 0, 152, 152
411483.3.peg.387.site.7, 2, 155, 157
411483.3.peg.387.site.8, 1, 154, 155
411483.3.peg.387.site.9, 9, 153, 162
411483.3.peg.387.site.10, 0, 153, 153
411483.3.peg.387.site.11, 2, 155, 157
411483.3.peg.387.site.12, 5, 155, 160
411483.3.peg.387.site.13, 1, 155, 156
411483.3.peg.387.site.14, 16, 154, 170
411483.3.peg.387.site.15, 1, 154, 155
411483.3.peg.387.site.16, 5, 152, 157
411483.3.peg.387.site.17, 1, 150, 151
411483.3.peg.387.site.18, 129, 146, 275
411483.3.peg.387.site.19, 6, 147, 153
411483.3.peg.387.site.20, 0, 148, 148
411483.3.peg.387.site.21, 2, 151, 153
411483.3.peg.387.site.22, 119, 144, 263
411483.3.peg.387.site.23, 3, 149, 152
411483.3.peg.387.site.24, 1, 152, 153
411483.3.peg.387.site.25, 6, 150, 156
411483.3.peg.387.site.26, 32, 151, 183
411483.3.peg.387.site.27, 3, 153, 156
411483.3.peg.387.site.28, 3, 154, 157
411483.3.peg.387.site.29, 136, 148, 284
411483.3.peg.387.site.30, 3, 154, 157
411483.3.peg.387.site.31, 7, 154, 161
411483.3.peg.387.site.32, 2, 155, 157
411483.3.peg.387.site.33, 18, 147, 165
411483.3.peg.387.site.34, 50, 146, 196
411483.3.peg.385.site.1, 4, 154, 158
411483.3.peg.385.site.2, 4, 153, 157
411483.3.peg.385.site.3, 8, 154, 162
411483.3.peg.384.site.1, 56, 149, 205
411483.3.peg.384.site.2, 9, 151, 160
411483.3.peg.384.site.3, 7, 147, 154
411483.3.peg.384.site.4, 2, 149, 151
411483.3.peg.384.site.5, 7, 148, 155
411483.3.peg.384.site.6, 101, 140, 241
411483.3.peg.384.site.7, 7, 147, 154
411483.3.peg.384.site.8, 70, 136, 206
411483.3.peg.384.site.9, 67, 136, 203
411483.3.peg.384.site.10, 7, 142, 149
411483.3.peg.384.site.11, 13, 137, 150
411483.3.peg.384.site.12, 9, 141, 150
411483.3.peg.384.site.13, 2, 139, 141
411483.3.peg.384.site.14, 1, 135, 136
411483.3.peg.384.site.15, 1, 149, 150
411483.3.peg.384.site.16, 1, 149, 150
411483.3.peg.384.site.17, 3, 150, 153
411483.3.peg.384.site.18, 1, 152, 153
411483.3.peg.384.site.19, 0, 142, 142
411483.3.peg.384.site.20, 1, 152, 153
411483.3.peg.384.site.21, 2, 155, 157
411483.3.peg.384.site.22, 0, 143, 143
411483.3.peg.384.site.23, 0, 143, 143
411483.3.peg.384.site.24, 0, 152, 152
411483.3.peg.384.site.25, 1, 154, 155
411483.3.peg.384.site.26, 1, 155, 156
411483.3.peg.384.site.27, 0, 152, 152
411483.3.peg.384.site.28, 1, 153, 154
411483.3.peg.384.site.29, 1, 155, 156
411483.3.peg.384.site.30, 5, 152, 157
411483.3.peg.384.site.31, 3, 154, 157
411483.3.peg.384.site.32, 4, 155, 159
411483.3.peg.384.site.33, 5, 154, 159
411483.3.peg.384.site.34, 4, 154, 158
411483.3.peg.384.site.35, 4, 155, 159
411483.3.peg.384.site.36, 6, 153, 159
411483.3.peg.384.site.37, 4, 155, 159
411483.3.peg.384.site.38, 1, 155, 156
411483.3.peg.384.site.39, 2, 155, 157
411483.3.peg.384.site.40, 4, 155, 159
411483.3.peg.384.site.41, 3, 155, 158
411483.3.peg.384.site.42, 7, 153, 160
411483.3.peg.384.site.43, 8, 148, 156
411483.3.peg.384.site.44, 140, 151, 291
411483.3.peg.384.site.45, 2, 154, 156
411483.3.peg.384.site.46, 40, 142, 182
411483.3.peg.384.site.47, 17, 153, 170
411483.3.peg.384.site.48, 3, 154, 157
411483.3.peg.384.site.49, 0, 153, 153
411483.3.peg.384.site.50, 9, 153, 162
411483.3.peg.383.site.1, 2, 104, 106
411483.3.peg.383.site.2, 23, 118, 141
411483.3.peg.383.site.3, 1, 123, 124
411483.3.peg.383.site.4, 3, 124, 127
411483.3.peg.383.site.5, 2, 123, 125
411483.3.peg.383.site.6, 1, 130, 131
411483.3.peg.383.site.7, 23, 127, 150
411483.3.peg.383.site.8, 33, 131, 164
411483.3.peg.383.site.9, 4, 146, 150
411483.3.peg.383.site.10, 3, 145, 148
411483.3.peg.383.site.11, 0, 150, 150
411483.3.peg.383.site.12, 19, 148, 167
411483.3.peg.383.site.13, 135, 148, 283
411483.3.peg.383.site.14, 1, 154, 155
411483.3.peg.383.site.15, 48, 148, 196
411483.3.peg.383.site.16, 3, 154, 157
411483.3.peg.383.site.17, 0, 154, 154
411483.3.peg.383.site.18, 18, 152, 170
411483.3.peg.383.site.19, 0, 153, 153
411483.3.peg.383.site.20, 4, 152, 156
411483.3.peg.383.site.21, 17, 149, 166
411483.3.peg.383.site.22, 21, 148, 169
411483.3.peg.383.site.23, 14, 144, 158
411483.3.peg.383.site.24, 6, 151, 157
411483.3.peg.383.site.25, 20, 146, 166
411483.3.peg.383.site.26, 1, 148, 149
411483.3.peg.383.site.27, 19, 141, 160
411483.3.peg.383.site.28, 41, 137, 178
411483.3.peg.383.site.29, 3, 144, 147
411483.3.peg.383.site.30, 13, 144, 157
411483.3.peg.383.site.31, 12, 143, 155
411483.3.peg.383.site.32, 1, 144, 145
411483.3.peg.383.site.33, 129, 141, 270
411483.3.peg.383.site.34, 2, 143, 145
411483.3.peg.383.site.35, 74, 129, 203
411483.3.peg.383.site.36, 7, 144, 151
411483.3.peg.383.site.37, 3, 151, 154
411483.3.peg.383.site.38, 1, 152, 153
411483.3.peg.383.site.39, 10, 147, 157
411483.3.peg.383.site.40, 82, 140, 222
411483.3.peg.383.site.41, 74, 141, 215
411483.3.peg.383.site.42, 0, 152, 152
411483.3.peg.383.site.43, 28, 146, 174
411483.3.peg.383.site.44, 9, 150, 159
411483.3.peg.383.site.45, 5, 149, 154
411483.3.peg.383.site.46, 0, 152, 152
411483.3.peg.383.site.47, 10, 153, 163
411483.3.peg.383.site.48, 10, 152, 162
411483.3.peg.383.site.49, 55, 144, 199
411483.3.peg.383.site.50, 1, 149, 150
411483.3.peg.383.site.51, 13, 151, 164
411483.3.peg.383.site.52, 1, 154, 155
411483.3.peg.383.site.53, 0, 152, 152
411483.3.peg.383.site.54, 2, 155, 157
411483.3.peg.383.site.55, 0, 149, 149
411483.3.peg.382.site.1, 1, 154, 155
411483.3.peg.382.site.2, 90, 139, 229
411483.3.peg.382.site.3, 1, 147, 148
411483.3.peg.382.site.4, 8, 141, 149
411483.3.peg.382.site.5, 2, 140, 142
411483.3.peg.382.site.6, 56, 125, 181
411483.3.peg.382.site.7, 12, 132, 144
411483.3.peg.382.site.8, 3, 128, 131
411483.3.peg.382.site.9, 24, 121, 145
411483.3.peg.382.site.10, 1, 125, 126
411483.3.peg.382.site.11, 3, 130, 133
411483.3.peg.382.site.12, 12, 128, 140
411483.3.peg.382.site.13, 2, 135, 137
411483.3.peg.382.site.14, 0, 135, 135
411483.3.peg.382.site.15, 49, 128, 177
411483.3.peg.382.site.16, 5, 144, 149
411483.3.peg.382.site.17, 4, 145, 149
411483.3.peg.382.site.18, 10, 143, 153
411483.3.peg.382.site.19, 0, 140, 140
411483.3.peg.382.site.20, 0, 128, 128
411483.3.peg.382.site.21, 45, 107, 152
411483.3.peg.382.site.22, 1, 117, 118
411483.3.peg.382.site.23, 1, 112, 113
411483.3.peg.382.site.24, 24, 108, 132
411483.3.peg.382.site.25, 2, 124, 126
411483.3.peg.382.site.26, 74, 101, 175
411483.3.peg.382.site.27, 1, 126, 127
411483.3.peg.382.site.28, 2, 127, 129
411483.3.peg.382.site.29, 13, 139, 152
411483.3.peg.382.site.30, 6, 143, 149
411483.3.peg.382.site.31, 0, 145, 145
411483.3.peg.382.site.32, 4, 139, 143
411483.3.peg.382.site.33, 76, 133, 209
411483.3.peg.382.site.34, 12, 154, 166
411483.3.peg.382.site.35, 9, 152, 161
411483.3.peg.382.site.36, 59, 139, 198
411483.3.peg.382.site.37, 6, 153, 159
411483.3.peg.382.site.38, 77, 141, 218
411483.3.peg.382.site.39, 1, 154, 155
411483.3.peg.382.site.40, 9, 146, 155
411483.3.peg.382.site.41, 24, 150, 174
411483.3.peg.382.site.42, 7, 153, 160
411483.3.peg.382.site.43, 1, 153, 154
411483.3.peg.382.site.44, 0, 154, 154
411483.3.peg.382.site.45, 1, 155, 156
411483.3.peg.382.site.46, 1, 155, 156
411483.3.peg.382.site.47, 0, 154, 154
411483.3.peg.382.site.48, 1, 154, 155
411483.3.peg.382.site.49, 0, 152, 152
411483.3.peg.382.site.50, 2, 144, 146
411483.3.peg.382.site.51, 4, 145, 149
411483.3.peg.382.site.52, 126, 139, 265
411483.3.peg.382.site.53, 130, 141, 271
411483.3.peg.382.site.54, 1, 148, 149
411483.3.peg.382.site.55, 2, 151, 153
411483.3.peg.382.site.56, 1, 153, 154
411483.3.peg.382.site.57, 0, 152, 152
411483.3.peg.382.site.58, 52, 142, 194
411483.3.peg.382.site.59, 0, 154, 154
411483.3.peg.382.site.60, 2, 153, 155
411483.3.peg.382.site.61, 40, 147, 187
411483.3.peg.382.site.62, 4, 154, 158
411483.3.peg.382.site.63, 1, 153, 154
411483.3.peg.382.site.64, 2, 154, 156
411483.3.peg.382.site.65, 26, 152, 178
411483.3.peg.382.site.66, 1, 154, 155
411483.3.peg.382.site.67, 4, 152, 156
411483.3.peg.382.site.68, 2, 154, 156
411483.3.peg.382.site.69, 0, 153, 153
411483.3.peg.382.site.70, 56, 149, 205
411483.3.peg.382.site.71, 2, 155, 157
411483.3.peg.382.site.72, 8, 154, 162
411483.3.peg.382.site.73, 1, 154, 155
411483.3.peg.382.site.74, 2, 154, 156
411483.3.peg.382.site.75, 0, 151, 151
411483.3.peg.382.site.76, 3, 150, 153
411483.3.peg.382.site.77, 0, 146, 146
411483.3.peg.382.site.78, 0, 147, 147
411483.3.peg.382.site.79, 3, 149, 152
411483.3.peg.382.site.80, 1, 149, 150
411483.3.peg.382.site.81, 1, 150, 151
411483.3.peg.382.site.82, 2, 149, 151
411483.3.peg.382.site.83, 4, 151, 155
411483.3.peg.382.site.84, 18, 144, 162
411483.3.peg.382.site.85, 106, 135, 241
411483.3.peg.382.site.86, 1, 149, 150
411483.3.peg.382.site.87, 1, 150, 151
411483.3.peg.381.site.1, 8, 147, 155
411483.3.peg.381.site.2, 4, 150, 154
411483.3.peg.381.site.3, 2, 149, 151
411483.3.peg.381.site.4, 1, 150, 151
411483.3.peg.381.site.5, 2, 145, 147
411483.3.peg.381.site.6, 0, 145, 145
411483.3.peg.381.site.7, 9, 147, 156
411483.3.peg.381.site.8, 27, 141, 168
411483.3.peg.381.site.9, 1, 145, 146
411483.3.peg.381.site.10, 20, 144, 164
411483.3.peg.381.site.11, 22, 140, 162
411483.3.peg.381.site.12, 1, 141, 142
411483.3.peg.381.site.13, 8, 116, 124
411483.3.peg.381.site.14, 1, 111, 112
411483.3.peg.381.site.15, 60, 98, 158
411483.3.peg.381.site.16, 2, 68, 70
411483.3.peg.381.site.17, 31, 63, 94
411483.3.peg.381.site.18, 1, 70, 71
411483.3.peg.381.site.19, 1, 78, 79
411483.3.peg.381.site.20, 2, 85, 87
411483.3.peg.381.site.21, 2, 100, 102
411483.3.peg.381.site.22, 87, 110, 197
411483.3.peg.381.site.23, 11, 123, 134
411483.3.peg.381.site.24, 7, 123, 130
411483.3.peg.381.site.25, 0, 135, 135
411483.3.peg.381.site.26, 109, 129, 238
411483.3.peg.381.site.27, 1, 147, 148
411483.3.peg.381.site.28, 5, 149, 154
411483.3.peg.381.site.29, 1, 144, 145
411483.3.peg.381.site.30, 38, 112, 150
411483.3.peg.381.site.31, 2, 114, 116
411483.3.peg.381.site.32, 4, 109, 113
411483.3.peg.381.site.33, 3, 106, 109
411483.3.peg.381.site.34, 98, 112, 210
411483.3.peg.381.site.35, 1, 139, 140
411483.3.peg.381.site.36, 9, 136, 145
411483.3.peg.381.site.37, 2, 140, 142
411483.3.peg.381.site.38, 10, 132, 142
411483.3.peg.381.site.39, 1, 145, 146
411483.3.peg.381.site.40, 1, 146, 147
411483.3.peg.381.site.41, 28, 135, 163
411483.3.peg.381.site.42, 3, 152, 155
411483.3.peg.381.site.43, 9, 153, 162
411483.3.peg.381.site.44, 1, 154, 155
411483.3.peg.381.site.45, 3, 152, 155
411483.3.peg.381.site.46, 0, 150, 150
411483.3.peg.381.site.47, 9, 152, 161
411483.3.peg.381.site.48, 9, 142, 151
411483.3.peg.381.site.49, 6, 141, 147
411483.3.peg.381.site.50, 3, 146, 149
411483.3.peg.381.site.51, 0, 148, 148
411483.3.peg.381.site.52, 0, 151, 151
411483.3.peg.381.site.53, 134, 148, 282
411483.3.peg.381.site.54, 92, 138, 230
411483.3.peg.381.site.55, 3, 151, 154
411483.3.peg.381.site.56, 26, 143, 169
411483.3.peg.381.site.57, 2, 154, 156
411483.3.peg.381.site.58, 3, 154, 157
411483.3.peg.381.site.59, 25, 145, 170
411483.3.peg.381.site.60, 99, 147, 246
411483.3.peg.381.site.61, 1, 153, 154
411483.3.peg.381.site.62, 1, 155, 156
411483.3.peg.381.site.63, 4, 151, 155
411483.3.peg.381.site.64, 0, 155, 155
411483.3.peg.381.site.65, 0, 154, 154
411483.3.peg.381.site.66, 0, 153, 153
411483.3.peg.381.site.67, 1, 154, 155
411483.3.peg.381.site.68, 151, 155, 306
411483.3.peg.381.site.69, 0, 154, 154
411483.3.peg.381.site.70, 1, 154, 155
411483.3.peg.381.site.71, 64, 147, 211
411483.3.peg.381.site.72, 1, 155, 156
411483.3.peg.381.site.73, 1, 154, 155
411483.3.peg.381.site.74, 11, 144, 155
411483.3.peg.381.site.75, 8, 152, 160
411483.3.peg.381.site.76, 0, 151, 151
411483.3.peg.381.site.77, 1, 153, 154
411483.3.peg.381.site.78, 2, 151, 153
411483.3.peg.381.site.79, 3, 151, 154
411483.3.peg.381.site.80, 1, 150, 151
411483.3.peg.381.site.81, 9, 150, 159
411483.3.peg.381.site.82, 1, 152, 153
411483.3.peg.381.site.83, 19, 141, 160
411483.3.peg.381.site.84, 4, 151, 155
411483.3.peg.381.site.85, 4, 149, 153
411483.3.peg.381.site.86, 2, 154, 156
411483.3.peg.381.site.87, 0, 153, 153
411483.3.peg.381.site.88, 2, 153, 155
411483.3.peg.381.site.89, 1, 154, 155
411483.3.peg.380.site.1, 3, 153, 156
411483.3.peg.380.site.2, 2, 155, 157
411483.3.peg.380.site.3, 142, 150, 292
411483.3.peg.380.site.4, 2, 154, 156
411483.3.peg.1572.site.1, 61, 144, 205
411483.3.peg.1572.site.2, 3, 153, 156
411483.3.peg.1572.site.3, 3, 152, 155
411483.3.peg.1572.site.4, 18, 142, 160
411483.3.peg.1572.site.5, 9, 151, 160
411483.3.peg.1572.site.6, 2, 151, 153
411483.3.peg.1572.site.7, 4, 152, 156
411483.3.peg.1572.site.8, 17, 150, 167
411483.3.peg.1572.site.9, 18, 147, 165
411483.3.peg.1572.site.10, 15, 148, 163
411483.3.peg.1572.site.11, 1, 150, 151
411483.3.peg.1572.site.12, 3, 149, 152
411483.3.peg.1572.site.13, 8, 145, 153
411483.3.peg.1572.site.14, 1, 149, 150
411483.3.peg.1572.site.15, 13, 145, 158
411483.3.peg.1572.site.16, 7, 146, 153
411483.3.peg.1572.site.17, 2, 148, 150
411483.3.peg.1572.site.18, 1, 147, 148
411483.3.peg.1572.site.19, 1, 147, 148
411483.3.peg.1572.site.20, 5, 147, 152
411483.3.peg.1572.site.21, 1, 147, 148
411483.3.peg.1572.site.22, 3, 149, 152
411483.3.peg.1572.site.23, 0, 146, 146
411483.3.peg.1572.site.24, 2, 149, 151
411483.3.peg.1572.site.25, 1, 147, 148
411483.3.peg.1572.site.26, 3, 144, 147
411483.3.peg.1572.site.27, 2, 140, 142
411483.3.peg.1572.site.28, 1, 145, 146
411483.3.peg.1572.site.29, 121, 138, 259
411483.3.peg.1572.site.30, 91, 125, 216
411483.3.peg.1572.site.31, 8, 138, 146
411483.3.peg.1572.site.32, 4, 137, 141
411483.3.peg.1572.site.33, 2, 147, 149
411483.3.peg.1572.site.34, 16, 148, 164
411483.3.peg.1572.site.35, 21, 140, 161
411483.3.peg.1572.site.36, 5, 149, 154
411483.3.peg.1572.site.37, 1, 150, 151
411483.3.peg.1572.site.38, 1, 151, 152
411483.3.peg.1572.site.39, 1, 154, 155
411483.3.peg.1572.site.40, 1, 152, 153
411483.3.peg.1572.site.41, 0, 154, 154
411483.3.peg.1572.site.42, 9, 148, 157
411483.3.peg.1572.site.43, 6, 153, 159
411483.3.peg.1572.site.44, 8, 151, 159
411483.3.peg.1572.site.45, 2, 151, 153
411483.3.peg.1572.site.46, 7, 151, 158
411483.3.peg.1572.site.47, 3, 153, 156
411483.3.peg.1572.site.48, 1, 150, 151
411483.3.peg.1572.site.49, 7, 147, 154
411483.3.peg.1572.site.50, 47, 141, 188
411483.3.peg.1572.site.51, 1, 152, 153
411483.3.peg.1572.site.52, 10, 145, 155
411483.3.peg.1572.site.53, 104, 143, 247
411483.3.peg.1572.site.54, 22, 150, 172
411483.3.peg.1572.site.55, 120, 144, 264
411483.3.peg.1572.site.56, 2, 150, 152
411483.3.peg.1572.site.57, 1, 152, 153
411483.3.peg.1572.site.58, 1, 153, 154
411483.3.peg.1572.site.59, 1, 155, 156
411483.3.peg.1572.site.60, 0, 153, 153
411483.3.peg.1572.site.61, 9, 150, 159
411483.3.peg.1572.site.62, 4, 151, 155
411483.3.peg.1572.site.63, 2, 147, 149
411483.3.peg.1572.site.64, 2, 149, 151
411483.3.peg.1572.site.65, 3, 153, 156
411483.3.peg.1572.site.66, 1, 152, 153
411483.3.peg.1572.site.67, 26, 147, 173
411483.3.peg.650.site.1, 1, 155, 156
411483.3.peg.650.site.2, 2, 154, 156
411483.3.peg.650.site.3, 0, 155, 155
411483.3.peg.650.site.4, 8, 151, 159
411483.3.peg.650.site.5, 6, 154, 160
411483.3.peg.650.site.6, 3, 153, 156
411483.3.peg.650.site.7, 0, 153, 153
411483.3.peg.650.site.8, 13, 149, 162
411483.3.peg.650.site.9, 7, 150, 157
411483.3.peg.650.site.10, 9, 150, 159
411483.3.peg.650.site.11, 2, 154, 156
411483.3.peg.650.site.12, 3, 154, 157
411483.3.peg.650.site.13, 1, 154, 155
411483.3.peg.650.site.14, 0, 154, 154
411483.3.peg.650.site.15, 1, 155, 156
411483.3.peg.650.site.16, 0, 151, 151
411483.3.peg.650.site.17, 4, 143, 147
411483.3.peg.650.site.18, 1, 150, 151
411483.3.peg.650.site.19, 1, 152, 153
411483.3.peg.650.site.20, 5, 151, 156
411483.3.peg.650.site.21, 0, 151, 151
411483.3.peg.650.site.22, 4, 151, 155
411483.3.peg.650.site.23, 3, 153, 156
411483.3.peg.650.site.24, 14, 150, 164
411483.3.peg.650.site.25, 7, 155, 162
411483.3.peg.650.site.26, 2, 148, 150
411483.3.peg.650.site.27, 7, 151, 158
411483.3.peg.650.site.28, 13, 147, 160
411483.3.peg.650.site.29, 1, 151, 152
411483.3.peg.650.site.30, 1, 154, 155
411483.3.peg.650.site.31, 1, 153, 154
411483.3.peg.650.site.32, 6, 153, 159
411483.3.peg.650.site.33, 4, 150, 154
411483.3.peg.650.site.34, 6, 150, 156
411483.3.peg.650.site.35, 0, 149, 149
411483.3.peg.650.site.36, 26, 143, 169
411483.3.peg.650.site.37, 3, 150, 153
411483.3.peg.650.site.38, 19, 141, 160
411483.3.peg.650.site.39, 1, 140, 141
411483.3.peg.650.site.40, 56, 123, 179
411483.3.peg.650.site.41, 2, 152, 154
411483.3.peg.650.site.42, 7, 149, 156
411483.3.peg.650.site.43, 124, 146, 270
411483.3.peg.650.site.44, 1, 154, 155
411483.3.peg.650.site.45, 7, 152, 159
411483.3.peg.650.site.46, 54, 142, 196
411483.3.peg.650.site.47, 0, 151, 151
411483.3.peg.650.site.48, 4, 149, 153
411483.3.peg.650.site.49, 7, 149, 156
411483.3.peg.650.site.50, 23, 148, 171
411483.3.peg.650.site.51, 0, 152, 152
411483.3.peg.653.site.1, 0, 152, 152
411483.3.peg.653.site.2, 16, 148, 164
411483.3.peg.653.site.3, 4, 141, 145
411483.3.peg.653.site.4, 2, 146, 148
411483.3.peg.653.site.5, 0, 145, 145
411483.3.peg.653.site.6, 4, 149, 153
411483.3.peg.653.site.7, 3, 150, 153
411483.3.peg.653.site.8, 2, 149, 151
411483.3.peg.653.site.9, 6, 150, 156
411483.3.peg.653.site.10, 5, 152, 157
411483.3.peg.653.site.11, 1, 152, 153
411483.3.peg.653.site.12, 1, 155, 156
411483.3.peg.653.site.13, 2, 154, 156
411483.3.peg.653.site.14, 2, 153, 155
411483.3.peg.653.site.15, 7, 154, 161
411483.3.peg.653.site.16, 5, 155, 160
411483.3.peg.653.site.17, 2, 152, 154
411483.3.peg.653.site.18, 138, 147, 285
411483.3.peg.653.site.19, 4, 152, 156
411483.3.peg.653.site.20, 2, 154, 156
411483.3.peg.653.site.21, 2, 152, 154
411483.3.peg.653.site.22, 0, 151, 151
411483.3.peg.653.site.23, 3, 147, 150
411483.3.peg.653.site.24, 5, 141, 146
411483.3.peg.653.site.25, 4, 144, 148
411483.3.peg.653.site.26, 5, 151, 156
411483.3.peg.653.site.27, 5, 153, 158
411483.3.peg.653.site.28, 2, 153, 155
411483.3.peg.653.site.29, 0, 154, 154
411483.3.peg.653.site.30, 1, 154, 155
411483.3.peg.653.site.31, 4, 153, 157
411483.3.peg.653.site.32, 0, 155, 155
411483.3.peg.653.site.33, 8, 153, 161
411483.3.peg.653.site.34, 0, 152, 152
411483.3.peg.653.site.35, 4, 152, 156
411483.3.peg.653.site.36, 35, 148, 183
411483.3.peg.653.site.37, 61, 148, 209
411483.3.peg.653.site.38, 4, 155, 159
411483.3.peg.653.site.39, 1, 155, 156
411483.3.peg.653.site.40, 3, 155, 158
411483.3.peg.653.site.41, 6, 153, 159
411483.3.peg.653.site.42, 23, 142, 165
411483.3.peg.653.site.43, 4, 152, 156
411483.3.peg.653.site.44, 145, 151, 296
411483.3.peg.653.site.45, 1, 155, 156
411483.3.peg.653.site.46, 2, 152, 154
411483.3.peg.653.site.47, 0, 149, 149
411483.3.peg.653.site.48, 2, 149, 151
411483.3.peg.653.site.49, 5, 146, 151
411483.3.peg.653.site.50, 1, 150, 151
411483.3.peg.1571.site.1, 40, 142, 182
411483.3.peg.1571.site.2, 5, 152, 157
411483.3.peg.1571.site.3, 9, 153, 162
411483.3.peg.1571.site.4, 2, 153, 155
411483.3.peg.1571.site.5, 8, 147, 155
411483.3.peg.1571.site.6, 9, 147, 156
411483.3.peg.1571.site.7, 1, 152, 153
411483.3.peg.1571.site.8, 5, 152, 157
411483.3.peg.1571.site.9, 0, 151, 151
411483.3.peg.1571.site.10, 2, 151, 153
411483.3.peg.1571.site.11, 12, 148, 160
411483.3.peg.1571.site.12, 1, 153, 154
411483.3.peg.1571.site.13, 6, 152, 158
411483.3.peg.1571.site.14, 1, 149, 150
411483.3.peg.1571.site.15, 64, 141, 205
411483.3.peg.1571.site.16, 0, 142, 142
411483.3.peg.1571.site.17, 0, 138, 138
411483.3.peg.1571.site.18, 3, 141, 144
411483.3.peg.1571.site.19, 7, 133, 140
411483.3.peg.1571.site.20, 18, 140, 158
411483.3.peg.1571.site.21, 1, 147, 148
411483.3.peg.1571.site.22, 0, 143, 143
411483.3.peg.1571.site.23, 132, 146, 278
411483.3.peg.1571.site.24, 8, 151, 159
411483.3.peg.1571.site.25, 17, 148, 165
411483.3.peg.1571.site.26, 9, 150, 159
411483.3.peg.1571.site.27, 1, 153, 154
411483.3.peg.1571.site.28, 9, 149, 158
411483.3.peg.1571.site.29, 4, 154, 158
411483.3.peg.1571.site.30, 0, 151, 151
411483.3.peg.1571.site.31, 26, 151, 177
411483.3.peg.1571.site.32, 41, 141, 182
411483.3.peg.1571.site.33, 5, 151, 156
411483.3.peg.1571.site.34, 0, 144, 144
411483.3.peg.1571.site.35, 0, 148, 148
411483.3.peg.1571.site.36, 45, 133, 178
411483.3.peg.1571.site.37, 0, 138, 138
411483.3.peg.1571.site.38, 0, 143, 143
411483.3.peg.1576.site.1, 4, 128, 132
411483.3.peg.1576.site.2, 2, 117, 119
411483.3.peg.1576.site.3, 122, 122, 244
411483.3.peg.1576.site.4, 8, 124, 132
411483.3.peg.1576.site.5, 1, 111, 112
411483.3.peg.1576.site.6, 1, 113, 114
411483.3.peg.1576.site.7, 8, 117, 125
411483.3.peg.1576.site.8, 0, 128, 128
411483.3.peg.1576.site.9, 121, 122, 243
411483.3.peg.1576.site.10, 21, 130, 151
411483.3.peg.1576.site.11, 29, 125, 154
411483.3.peg.1576.site.12, 0, 132, 132
411483.3.peg.1576.site.13, 3, 135, 138
411483.3.peg.1576.site.14, 1, 142, 143
411483.3.peg.1576.site.15, 1, 144, 145
411483.3.peg.1576.site.16, 4, 150, 154
411483.3.peg.1576.site.17, 3, 150, 153
411483.3.peg.1576.site.18, 151, 151, 302
411483.3.peg.1576.site.19, 0, 151, 151
411483.3.peg.1576.site.20, 2, 150, 152
411483.3.peg.1576.site.21, 1, 151, 152
411483.3.peg.1576.site.22, 2, 149, 151
411483.3.peg.1576.site.23, 3, 150, 153
411483.3.peg.1576.site.24, 42, 141, 183
411483.3.peg.1576.site.25, 1, 150, 151
411483.3.peg.1576.site.26, 1, 151, 152
411483.3.peg.1576.site.27, 3, 154, 157
411483.3.peg.1576.site.28, 7, 152, 159
411483.3.peg.1576.site.29, 6, 147, 153
411483.3.peg.1576.site.30, 1, 150, 151
411483.3.peg.1576.site.31, 4, 150, 154
411483.3.peg.1576.site.32, 4, 147, 151
411483.3.peg.1576.site.33, 9, 151, 160
411483.3.peg.1576.site.34, 16, 146, 162
411483.3.peg.1576.site.35, 2, 136, 138
411483.3.peg.1576.site.36, 131, 133, 264
411483.3.peg.1576.site.37, 1, 137, 138
411483.3.peg.1576.site.38, 15, 122, 137
411483.3.peg.1576.site.39, 7, 116, 123
411483.3.peg.1576.site.40, 7, 123, 130
411483.3.peg.1576.site.41, 13, 130, 143
411483.3.peg.1576.site.42, 5, 125, 130
411483.3.peg.1576.site.43, 2, 134, 136
411483.3.peg.1576.site.44, 2, 138, 140
411483.3.peg.1576.site.45, 0, 141, 141
411483.3.peg.1576.site.46, 0, 136, 136
411483.3.peg.1576.site.47, 2, 147, 149
411483.3.peg.1576.site.48, 13, 136, 149
411483.3.peg.1576.site.49, 3, 142, 145
411483.3.peg.1576.site.50, 12, 144, 156
411483.3.peg.1576.site.51, 3, 150, 153
411483.3.peg.1576.site.52, 4, 153, 157
411483.3.peg.1576.site.53, 1, 153, 154
411483.3.peg.1576.site.54, 13, 149, 162
411483.3.peg.1576.site.55, 2, 154, 156
411483.3.peg.1576.site.56, 1, 154, 155
411483.3.peg.1576.site.57, 2, 155, 157
411483.3.peg.1576.site.58, 105, 145, 250
411483.3.peg.1577.site.1, 143, 151, 294
411483.3.peg.1577.site.2, 26, 145, 171
411483.3.peg.1577.site.3, 85, 137, 222
411483.3.peg.1577.site.4, 1, 145, 146
411483.3.peg.1577.site.5, 6, 144, 150
411483.3.peg.1577.site.6, 1, 143, 144
411483.3.peg.1577.site.7, 1, 140, 141
411483.3.peg.1577.site.8, 0, 142, 142
411483.3.peg.1577.site.9, 0, 139, 139
411483.3.peg.1577.site.10, 1, 144, 145
411483.3.peg.1577.site.11, 7, 138, 145
411483.3.peg.1577.site.12, 1, 145, 146
411483.3.peg.1577.site.13, 2, 142, 144
411483.3.peg.1577.site.14, 1, 147, 148
411483.3.peg.1577.site.15, 84, 131, 215
411483.3.peg.1577.site.16, 7, 151, 158
411483.3.peg.1577.site.17, 1, 151, 152
411483.3.peg.1577.site.18, 81, 138, 219
411483.3.peg.1577.site.19, 24, 146, 170
411483.3.peg.1577.site.20, 3, 152, 155
411483.3.peg.1577.site.21, 3, 153, 156
411483.3.peg.1577.site.22, 4, 150, 154
411483.3.peg.1577.site.23, 31, 144, 175
411483.3.peg.1577.site.24, 61, 140, 201
411483.3.peg.1577.site.25, 17, 145, 162
411483.3.peg.1577.site.26, 1, 154, 155
411483.3.peg.1577.site.27, 1, 153, 154
411483.3.peg.1577.site.28, 15, 147, 162
411483.3.peg.1577.site.29, 49, 148, 197
411483.3.peg.1577.site.30, 5, 150, 155
411483.3.peg.1577.site.31, 8, 152, 160
411483.3.peg.1577.site.32, 52, 149, 201
411483.3.peg.1577.site.33, 98, 146, 244
411483.3.peg.1577.site.34, 1, 154, 155
411483.3.peg.1577.site.35, 4, 149, 153
411483.3.peg.1577.site.36, 12, 151, 163
411483.3.peg.1577.site.37, 7, 153, 160
411483.3.peg.1577.site.38, 0, 151, 151
411483.3.peg.1577.site.39, 4, 144, 148
411483.3.peg.1577.site.40, 0, 152, 152
411483.3.peg.1577.site.41, 7, 153, 160
411483.3.peg.1577.site.42, 56, 143, 199
411483.3.peg.1577.site.43, 2, 153, 155
411483.3.peg.1577.site.44, 23, 146, 169
411483.3.peg.1577.site.45, 3, 154, 157
411483.3.peg.1577.site.46, 62, 142, 204
411483.3.peg.1577.site.47, 6, 151, 157
411483.3.peg.1577.site.48, 1, 152, 153
411483.3.peg.1577.site.49, 5, 145, 150
411483.3.peg.1577.site.50, 8, 137, 145
411483.3.peg.1577.site.51, 7, 142, 149
411483.3.peg.1577.site.52, 1, 142, 143
411483.3.peg.1577.site.53, 1, 141, 142
411483.3.peg.1577.site.54, 1, 140, 141
411483.3.peg.1577.site.55, 1, 144, 145
411483.3.peg.1577.site.56, 1, 146, 147
411483.3.peg.1577.site.57, 3, 143, 146
411483.3.peg.1577.site.58, 4, 148, 152
411483.3.peg.1577.site.59, 6, 135, 141
411483.3.peg.1577.site.60, 40, 125, 165
411483.3.peg.1577.site.61, 2, 136, 138
411483.3.peg.1577.site.62, 21, 132, 153
411483.3.peg.1577.site.63, 3, 138, 141
411483.3.peg.1577.site.64, 56, 129, 185
411483.3.peg.1577.site.65, 4, 134, 138
411483.3.peg.1577.site.66, 2, 145, 147
411483.3.peg.1577.site.67, 1, 149, 150
411483.3.peg.1577.site.68, 3, 150, 153
411483.3.peg.1577.site.69, 6, 147, 153
411483.3.peg.1577.site.70, 3, 146, 149
411483.3.peg.1577.site.71, 4, 146, 150
411483.3.peg.1577.site.72, 4, 147, 151
411483.3.peg.1577.site.73, 7, 148, 155
411483.3.peg.1577.site.74, 2, 151, 153
411483.3.peg.1577.site.75, 0, 149, 149
411483.3.peg.1577.site.76, 1, 150, 151
411483.3.peg.1577.site.77, 13, 150, 163
411483.3.peg.1577.site.78, 1, 151, 152
411483.3.peg.1577.site.79, 5, 149, 154
411483.3.peg.1577.site.80, 2, 153, 155
411483.3.peg.1577.site.81, 2, 153, 155
411483.3.peg.1577.site.82, 0, 153, 153
411483.3.peg.1577.site.83, 8, 148, 156
411483.3.peg.1577.site.84, 0, 152, 152
411483.3.peg.1577.site.85, 5, 150, 155
411483.3.peg.1577.site.86, 131, 146, 277
411483.3.peg.1577.site.87, 34, 145, 179
411483.3.peg.1577.site.88, 25, 148, 173
411483.3.peg.1574.site.1, 11, 152, 163
411483.3.peg.1574.site.2, 18, 145, 163
411483.3.peg.1574.site.3, 1, 146, 147
411483.3.peg.1574.site.4, 15, 143, 158
411483.3.peg.1574.site.5, 38, 145, 183
411483.3.peg.1574.site.6, 84, 143, 227
411483.3.peg.1574.site.7, 9, 152, 161
411483.3.peg.1574.site.8, 1, 152, 153
411483.3.peg.1574.site.9, 5, 149, 154
411483.3.peg.1574.site.10, 2, 155, 157
411483.3.peg.1574.site.11, 1, 155, 156
411483.3.peg.1574.site.12, 2, 154, 156
411483.3.peg.1574.site.13, 14, 151, 165
411483.3.peg.1574.site.14, 2, 153, 155
411483.3.peg.1574.site.15, 148, 154, 302
411483.3.peg.1574.site.16, 2, 153, 155
411483.3.peg.1574.site.17, 3, 154, 157
411483.3.peg.1574.site.18, 11, 153, 164
411483.3.peg.1574.site.19, 23, 150, 173
411483.3.peg.1574.site.20, 4, 153, 157
411483.3.peg.1574.site.21, 2, 152, 154
411483.3.peg.1574.site.22, 12, 150, 162
411483.3.peg.1574.site.23, 0, 154, 154
411483.3.peg.1574.site.24, 32, 142, 174
411483.3.peg.1574.site.25, 4, 151, 155
411483.3.peg.1574.site.26, 3, 155, 158
411483.3.peg.1574.site.27, 114, 145, 259
411483.3.peg.1574.site.28, 3, 153, 156
411483.3.peg.1574.site.29, 16, 147, 163
411483.3.peg.1574.site.30, 0, 145, 145
411483.3.peg.1574.site.31, 3, 148, 151
411483.3.peg.1574.site.32, 30, 144, 174
411483.3.peg.1574.site.33, 15, 148, 163
411483.3.peg.1574.site.34, 4, 152, 156
411483.3.peg.1574.site.35, 6, 149, 155
411483.3.peg.1574.site.36, 112, 141, 253
411483.3.peg.1574.site.37, 1, 145, 146
411483.3.peg.1574.site.38, 45, 137, 182
411483.3.peg.1574.site.39, 36, 142, 178
411483.3.peg.1574.site.40, 50, 135, 185
411483.3.peg.1574.site.41, 5, 144, 149
411483.3.peg.1574.site.42, 10, 146, 156
411483.3.peg.1574.site.43, 1, 153, 154
411483.3.peg.1574.site.44, 1, 148, 149
411483.3.peg.1574.site.45, 10, 147, 157
411483.3.peg.1574.site.46, 4, 147, 151
411483.3.peg.1574.site.47, 9, 147, 156
411483.3.peg.1574.site.48, 7, 142, 149
411483.3.peg.1574.site.49, 6, 143, 149
411483.3.peg.1574.site.50, 3, 147, 150
411483.3.peg.1574.site.51, 3, 142, 145
411483.3.peg.1574.site.52, 2, 140, 142
411483.3.peg.1574.site.53, 29, 123, 152
411483.3.peg.1574.site.54, 124, 133, 257
411483.3.peg.1574.site.55, 108, 119, 227
411483.3.peg.1574.site.56, 2, 126, 128
411483.3.peg.1574.site.57, 6, 141, 147
411483.3.peg.1574.site.58, 0, 150, 150
411483.3.peg.1574.site.59, 0, 151, 151
411483.3.peg.1574.site.60, 2, 150, 152
411483.3.peg.1574.site.61, 9, 150, 159
411483.3.peg.1574.site.62, 3, 146, 149
411483.3.peg.1574.site.63, 10, 137, 147
411483.3.peg.1574.site.64, 2, 143, 145
411483.3.peg.1574.site.65, 10, 142, 152
411483.3.peg.1574.site.66, 5, 140, 145
411483.3.peg.1574.site.67, 131, 140, 271
411483.3.peg.1574.site.68, 3, 149, 152
411483.3.peg.1574.site.69, 98, 142, 240
411483.3.peg.1574.site.70, 2, 143, 145
411483.3.peg.1574.site.71, 122, 131, 253
411483.3.peg.1574.site.72, 9, 101, 110
411483.3.peg.1574.site.73, 34, 61, 95
411483.3.peg.1575.site.1, 1, 124, 125
411483.3.peg.1575.site.2, 12, 134, 146
411483.3.peg.1575.site.3, 2, 139, 141
411483.3.peg.1575.site.4, 1, 148, 149
411483.3.peg.1575.site.5, 5, 146, 151
411483.3.peg.1575.site.6, 1, 134, 135
411483.3.peg.1575.site.7, 2, 146, 148
411483.3.peg.1575.site.8, 17, 139, 156
411483.3.peg.1575.site.9, 1, 148, 149
411483.3.peg.1575.site.10, 2, 151, 153
411483.3.peg.1575.site.11, 3, 151, 154
411483.3.peg.1575.site.12, 1, 153, 154
411483.3.peg.1575.site.13, 3, 148, 151
411483.3.peg.1575.site.14, 3, 152, 155
411483.3.peg.1575.site.15, 0, 148, 148
411483.3.peg.1575.site.16, 5, 151, 156
411483.3.peg.1575.site.17, 9, 148, 157
411483.3.peg.1575.site.18, 1, 151, 152
411483.3.peg.1575.site.19, 17, 144, 161
411483.3.peg.1575.site.20, 2, 151, 153
411483.3.peg.1575.site.21, 1, 146, 147
411483.3.peg.1575.site.22, 0, 151, 151
411483.3.peg.1575.site.23, 2, 149, 151
411483.3.peg.1575.site.24, 7, 150, 157
411483.3.peg.1575.site.25, 1, 151, 152
411483.3.peg.1575.site.26, 104, 146, 250
411483.3.peg.1575.site.27, 7, 151, 158
411483.3.peg.1575.site.28, 6, 147, 153
411483.3.peg.1575.site.29, 2, 149, 151
411483.3.peg.1575.site.30, 2, 150, 152
411483.3.peg.1575.site.31, 5, 150, 155
411483.3.peg.1575.site.32, 10, 151, 161
411483.3.peg.1575.site.33, 0, 153, 153
411483.3.peg.1575.site.34, 1, 155, 156
411483.3.peg.1575.site.35, 1, 151, 152
411483.3.peg.1575.site.36, 1, 153, 154
411483.3.peg.1575.site.37, 0, 148, 148
411483.3.peg.1575.site.38, 1, 150, 151
411483.3.peg.1575.site.39, 3, 151, 154
411483.3.peg.1575.site.40, 1, 152, 153
411483.3.peg.1575.site.41, 6, 151, 157
411483.3.peg.1575.site.42, 5, 152, 157
411483.3.peg.1575.site.43, 0, 152, 152
411483.3.peg.1575.site.44, 15, 148, 163
411483.3.peg.1575.site.45, 68, 135, 203
411483.3.peg.1575.site.46, 15, 140, 155
411483.3.peg.1575.site.47, 0, 148, 148
411483.3.peg.1575.site.48, 0, 152, 152
411483.3.peg.1575.site.49, 0, 149, 149
411483.3.peg.1575.site.50, 1, 151, 152
411483.3.peg.1575.site.51, 1, 145, 146
411483.3.peg.1575.site.52, 9, 148, 157
411483.3.peg.1575.site.53, 0, 152, 152
411483.3.peg.1575.site.54, 2, 152, 154
411483.3.peg.1575.site.55, 0, 147, 147
411483.3.peg.1575.site.56, 7, 150, 157
411483.3.peg.1575.site.57, 1, 149, 150
411483.3.peg.1575.site.58, 2, 146, 148
411483.3.peg.1575.site.59, 0, 148, 148
411483.3.peg.1575.site.60, 5, 147, 152
411483.3.peg.1575.site.61, 1, 143, 144
411483.3.peg.1575.site.62, 6, 139, 145
411483.3.peg.1575.site.63, 11, 137, 148
411483.3.peg.1575.site.64, 0, 144, 144
411483.3.peg.1575.site.65, 4, 143, 147
411483.3.peg.1575.site.66, 60, 124, 184
411483.3.peg.1575.site.67, 4, 144, 148
411483.3.peg.1575.site.68, 2, 144, 146
411483.3.peg.1575.site.69, 1, 145, 146
411483.3.peg.1575.site.70, 2, 142, 144
411483.3.peg.1575.site.71, 3, 140, 143
411483.3.peg.1575.site.72, 2, 141, 143
411483.3.peg.1575.site.73, 7, 142, 149
411483.3.peg.1575.site.74, 1, 144, 145
411483.3.peg.1575.site.75, 5, 142, 147
411483.3.peg.1575.site.76, 1, 144, 145
411483.3.peg.1575.site.77, 1, 132, 133
411483.3.peg.1575.site.78, 91, 129, 220
411483.3.peg.1575.site.79, 1, 140, 141
411483.3.peg.1575.site.80, 2, 146, 148
411483.3.peg.1575.site.81, 147, 149, 296
411483.3.peg.1575.site.82, 0, 149, 149
411483.3.peg.1575.site.83, 12, 145, 157
411483.3.peg.1575.site.84, 1, 151, 152
411483.3.peg.658.site.1, 0, 154, 154
411483.3.peg.658.site.2, 0, 154, 154
411483.3.peg.658.site.3, 4, 148, 152
411483.3.peg.658.site.4, 15, 150, 165
411483.3.peg.658.site.5, 3, 153, 156
411483.3.peg.658.site.6, 3, 153, 156
411483.3.peg.658.site.7, 2, 153, 155
411483.3.peg.658.site.8, 1, 151, 152
411483.3.peg.658.site.9, 103, 140, 243
411483.3.peg.658.site.10, 112, 143, 255
411483.3.peg.658.site.11, 0, 143, 143
411483.3.peg.658.site.12, 12, 149, 161
411483.3.peg.658.site.13, 129, 146, 275
411483.3.peg.658.site.14, 0, 144, 144
411483.3.peg.658.site.15, 1, 146, 147
411483.3.peg.658.site.16, 0, 147, 147
411483.3.peg.658.site.17, 0, 142, 142
411483.3.peg.658.site.18, 0, 145, 145
411483.3.peg.658.site.19, 0, 146, 146
411483.3.peg.658.site.20, 3, 149, 152
411483.3.peg.658.site.21, 5, 151, 156
411483.3.peg.658.site.22, 0, 148, 148
411483.3.peg.658.site.23, 4, 150, 154
411483.3.peg.658.site.24, 46, 142, 188
411483.3.peg.658.site.25, 0, 150, 150
411483.3.peg.658.site.26, 0, 150, 150
411483.3.peg.658.site.27, 2, 148, 150
411483.3.peg.658.site.28, 2, 147, 149
411483.3.peg.658.site.29, 1, 148, 149
411483.3.peg.658.site.30, 2, 145, 147
411483.3.peg.658.site.31, 1, 148, 149
411483.3.peg.658.site.32, 6, 142, 148
411483.3.peg.658.site.33, 7, 146, 153
411483.3.peg.658.site.34, 3, 146, 149
411483.3.peg.658.site.35, 5, 149, 154
411483.3.peg.658.site.36, 0, 148, 148
411483.3.peg.658.site.37, 0, 149, 149
411483.3.peg.658.site.38, 1, 151, 152
411483.3.peg.658.site.39, 1, 151, 152
411483.3.peg.658.site.40, 4, 151, 155
411483.3.peg.658.site.41, 1, 150, 151
411483.3.peg.658.site.42, 3, 151, 154
411483.3.peg.658.site.43, 4, 149, 153
411483.3.peg.658.site.44, 8, 148, 156
411483.3.peg.658.site.45, 3, 147, 150
411483.3.peg.658.site.46, 2, 148, 150
411483.3.peg.658.site.47, 45, 138, 183
411483.3.peg.658.site.48, 5, 142, 147
411483.3.peg.658.site.49, 1, 144, 145
411483.3.peg.658.site.50, 3, 145, 148
411483.3.peg.658.site.51, 131, 150, 281
411483.3.peg.658.site.52, 6, 146, 152
411483.3.peg.658.site.53, 1, 153, 154
411483.3.peg.658.site.54, 1, 151, 152
411483.3.peg.658.site.55, 1, 152, 153
411483.3.peg.658.site.56, 0, 152, 152
411483.3.peg.658.site.57, 9, 149, 158
411483.3.peg.658.site.58, 10, 148, 158
411483.3.peg.658.site.59, 0, 154, 154
411483.3.peg.658.site.60, 1, 154, 155
411483.3.peg.658.site.61, 1, 154, 155
411483.3.peg.658.site.62, 2, 149, 151
411483.3.peg.658.site.63, 0, 147, 147
411483.3.peg.658.site.64, 33, 130, 163
411483.3.peg.658.site.65, 0, 135, 135
411483.3.peg.658.site.66, 0, 111, 111
411483.3.peg.658.site.67, 38, 92, 130
411483.3.peg.658.site.68, 0, 79, 79
411483.3.peg.658.site.69, 1, 84, 85
411483.3.peg.658.site.70, 1, 87, 88
411483.3.peg.658.site.71, 11, 84, 95
411483.3.peg.658.site.72, 0, 82, 82
411483.3.peg.658.site.73, 29, 79, 108
411483.3.peg.658.site.74, 25, 89, 114
411483.3.peg.658.site.75, 0, 134, 134
411483.3.peg.658.site.76, 4, 132, 136
411483.3.peg.658.site.77, 0, 136, 136
411483.3.peg.658.site.78, 117, 133, 250
411483.3.peg.658.site.79, 0, 130, 130
411483.3.peg.658.site.80, 7, 126, 133
411483.3.peg.658.site.81, 3, 132, 135
411483.3.peg.658.site.82, 2, 135, 137
411483.3.peg.658.site.83, 5, 135, 140
411483.3.peg.658.site.84, 22, 126, 148
411483.3.peg.658.site.85, 4, 135, 139
411483.3.peg.658.site.86, 49, 131, 180
411483.3.peg.658.site.87, 5, 138, 143
411483.3.peg.658.site.88, 0, 145, 145
411483.3.peg.658.site.89, 18, 141, 159
411483.3.peg.658.site.90, 4, 150, 154
411483.3.peg.658.site.91, 0, 145, 145
411483.3.peg.658.site.92, 1, 146, 147
411483.3.peg.658.site.93, 1, 144, 145
411483.3.peg.658.site.94, 127, 141, 268
411483.3.peg.658.site.95, 2, 146, 148
411483.3.peg.658.site.96, 1, 148, 149
411483.3.peg.658.site.97, 3, 144, 147
411483.3.peg.658.site.98, 28, 139, 167
411483.3.peg.658.site.99, 1, 149, 150
411483.3.peg.658.site.100, 7, 150, 157
411483.3.peg.658.site.101, 0, 148, 148
411483.3.peg.658.site.102, 1, 147, 148
411483.3.peg.658.site.103, 2, 150, 152
411483.3.peg.658.site.104, 3, 141, 144
411483.3.peg.658.site.105, 2, 150, 152
411483.3.peg.658.site.106, 5, 147, 152
411483.3.peg.658.site.107, 17, 143, 160
411483.3.peg.658.site.108, 18, 144, 162
411483.3.peg.658.site.109, 0, 149, 149
411483.3.peg.658.site.110, 0, 150, 150
411483.3.peg.658.site.111, 11, 149, 160
411483.3.peg.658.site.112, 9, 153, 162
411483.3.peg.658.site.113, 10, 154, 164
411483.3.peg.658.site.114, 4, 148, 152
411483.3.peg.658.site.115, 0, 150, 150
411483.3.peg.658.site.116, 0, 152, 152
411483.3.peg.658.site.117, 13, 153, 166
411483.3.peg.658.site.118, 3, 152, 155
411483.3.peg.658.site.119, 1, 153, 154
411483.3.peg.658.site.120, 6, 152, 158
411483.3.peg.658.site.121, 7, 150, 157
411483.3.peg.658.site.122, 9, 152, 161
411483.3.peg.658.site.123, 1, 153, 154
411483.3.peg.658.site.124, 13, 146, 159
411483.3.peg.658.site.125, 5, 148, 153
411483.3.peg.658.site.126, 3, 149, 152
411483.3.peg.658.site.127, 4, 150, 154
411483.3.peg.658.site.128, 3, 152, 155
411483.3.peg.658.site.129, 10, 152, 162
411483.3.peg.658.site.130, 1, 152, 153
411483.3.peg.658.site.131, 1, 149, 150
411483.3.peg.658.site.132, 106, 143, 249
411483.3.peg.658.site.133, 1, 152, 153
411483.3.peg.658.site.134, 1, 149, 150
411483.3.peg.658.site.135, 3, 149, 152
411483.3.peg.658.site.136, 140, 144, 284
411483.3.peg.658.site.137, 7, 146, 153
411483.3.peg.658.site.138, 118, 130, 248
411483.3.peg.658.site.139, 4, 146, 150
411483.3.peg.658.site.140, 0, 152, 152
411483.3.peg.658.site.141, 2, 154, 156
411483.3.peg.658.site.142, 1, 152, 153
411483.3.peg.658.site.143, 1, 153, 154
411483.3.peg.658.site.144, 0, 143, 143
411483.3.peg.817.site.1, 1, 155, 156
411483.3.peg.817.site.2, 134, 153, 287
411483.3.peg.817.site.3, 0, 154, 154
411483.3.peg.817.site.4, 23, 148, 171
411483.3.peg.817.site.5, 3, 154, 157
411483.3.peg.817.site.6, 4, 155, 159
411483.3.peg.817.site.7, 0, 155, 155
411483.3.peg.817.site.8, 6, 154, 160
411483.3.peg.817.site.9, 13, 150, 163
411483.3.peg.817.site.10, 151, 153, 304
411483.3.peg.817.site.11, 1, 155, 156
411483.3.peg.817.site.12, 5, 150, 155
411483.3.peg.817.site.13, 4, 152, 156
411483.3.peg.817.site.14, 0, 151, 151
411483.3.peg.817.site.15, 5, 153, 158
411483.3.peg.817.site.16, 3, 151, 154
411483.3.peg.817.site.17, 5, 153, 158
411483.3.peg.817.site.18, 1, 154, 155
411483.3.peg.817.site.19, 5, 154, 159
411483.3.peg.817.site.20, 25, 144, 169
411483.3.peg.817.site.21, 4, 153, 157
411483.3.peg.817.site.22, 2, 154, 156
411483.3.peg.817.site.23, 1, 153, 154
411483.3.peg.817.site.24, 38, 141, 179
411483.3.peg.817.site.25, 1, 153, 154
411483.3.peg.817.site.26, 8, 150, 158
411483.3.peg.817.site.27, 3, 152, 155
411483.3.peg.817.site.28, 0, 153, 153
411483.3.peg.817.site.29, 9, 154, 163
411483.3.peg.817.site.30, 5, 153, 158
411483.3.peg.817.site.31, 0, 154, 154
411483.3.peg.817.site.32, 45, 148, 193
411483.3.peg.817.site.33, 7, 153, 160
411483.3.peg.817.site.34, 13, 150, 163
411483.3.peg.817.site.35, 3, 151, 154
411483.3.peg.817.site.36, 0, 152, 152
411483.3.peg.817.site.37, 6, 151, 157
411483.3.peg.817.site.38, 2, 148, 150
411483.3.peg.817.site.39, 109, 139, 248
411483.3.peg.817.site.40, 2, 148, 150
411483.3.peg.817.site.41, 6, 147, 153
411483.3.peg.817.site.42, 3, 145, 148
411483.3.peg.817.site.43, 17, 145, 162
411483.3.peg.817.site.44, 1, 148, 149
411483.3.peg.817.site.45, 4, 149, 153
411483.3.peg.817.site.46, 0, 150, 150
411483.3.peg.817.site.47, 1, 148, 149
411483.3.peg.817.site.48, 5, 137, 142
411483.3.peg.817.site.49, 1, 147, 148
411483.3.peg.817.site.50, 1, 144, 145
411483.3.peg.817.site.51, 92, 141, 233
411483.3.peg.817.site.52, 3, 151, 154
411483.3.peg.817.site.53, 3, 150, 153
411483.3.peg.817.site.54, 1, 152, 153
411483.3.peg.817.site.55, 9, 153, 162
411483.3.peg.817.site.56, 6, 152, 158
411483.3.peg.817.site.57, 151, 153, 304
411483.3.peg.817.site.58, 5, 149, 154
411483.3.peg.817.site.59, 4, 150, 154
411483.3.peg.817.site.60, 148, 151, 299
411483.3.peg.817.site.61, 4, 152, 156
411483.3.peg.817.site.62, 7, 150, 157
411483.3.peg.817.site.63, 7, 148, 155
411483.3.peg.817.site.64, 0, 149, 149
411483.3.peg.817.site.65, 2, 152, 154
411483.3.peg.817.site.66, 6, 153, 159
411483.3.peg.817.site.67, 1, 150, 151
411483.3.peg.817.site.68, 5, 153, 158
411483.3.peg.817.site.69, 2, 153, 155
411483.3.peg.817.site.70, 2, 154, 156
411483.3.peg.817.site.71, 11, 148, 159
411483.3.peg.817.site.72, 21, 148, 169
411483.3.peg.817.site.73, 0, 152, 152
411483.3.peg.817.site.74, 2, 153, 155
411483.3.peg.817.site.75, 3, 151, 154
411483.3.peg.817.site.76, 5, 154, 159
411483.3.peg.817.site.77, 151, 151, 302
411483.3.peg.817.site.78, 2, 145, 147
411483.3.peg.817.site.79, 1, 143, 144
411483.3.peg.817.site.80, 7, 143, 150
411483.3.peg.817.site.81, 85, 134, 219
411483.3.peg.817.site.82, 6, 145, 151
411483.3.peg.817.site.83, 0, 146, 146
411483.3.peg.817.site.84, 4, 146, 150
411483.3.peg.817.site.85, 1, 150, 151
411483.3.peg.817.site.86, 6, 150, 156
411483.3.peg.817.site.87, 102, 141, 243
411483.3.peg.817.site.88, 2, 149, 151
411483.3.peg.817.site.89, 6, 149, 155
411483.3.peg.817.site.90, 1, 148, 149
411483.3.peg.817.site.91, 1, 151, 152
411483.3.peg.817.site.92, 0, 147, 147
411483.3.peg.817.site.93, 19, 143, 162
411483.3.peg.817.site.94, 10, 145, 155
411483.3.peg.817.site.95, 15, 149, 164
411483.3.peg.817.site.96, 4, 150, 154
411483.3.peg.817.site.97, 10, 148, 158
411483.3.peg.817.site.98, 7, 144, 151
411483.3.peg.817.site.99, 6, 148, 154
411483.3.peg.817.site.100, 16, 143, 159
411483.3.peg.817.site.101, 3, 151, 154
411483.3.peg.817.site.102, 2, 152, 154
411483.3.peg.817.site.103, 4, 145, 149
411483.3.peg.817.site.104, 1, 150, 151
411483.3.peg.817.site.105, 6, 142, 148
411483.3.peg.817.site.106, 8, 138, 146
411483.3.peg.817.site.107, 104, 125, 229
411483.3.peg.816.site.1, 0, 153, 153
411483.3.peg.816.site.2, 7, 151, 158
411483.3.peg.816.site.3, 151, 152, 303
411483.3.peg.816.site.4, 8, 152, 160
411483.3.peg.816.site.5, 2, 154, 156
411483.3.peg.816.site.6, 9, 152, 161
411483.3.peg.816.site.7, 6, 154, 160
411483.3.peg.816.site.8, 2, 153, 155
411483.3.peg.816.site.9, 0, 152, 152
411483.3.peg.816.site.10, 1, 153, 154
411483.3.peg.816.site.11, 44, 148, 192
411483.3.peg.816.site.12, 15, 151, 166
411483.3.peg.816.site.13, 2, 149, 151
411483.3.peg.816.site.14, 1, 152, 153
411483.3.peg.816.site.15, 108, 141, 249
411483.3.peg.816.site.16, 2, 148, 150
411483.3.peg.816.site.17, 108, 139, 247
411483.3.peg.816.site.18, 16, 141, 157
411483.3.peg.816.site.19, 2, 145, 147
411483.3.peg.816.site.20, 3, 150, 153
411483.3.peg.816.site.21, 50, 141, 191
411483.3.peg.816.site.22, 7, 144, 151
411483.3.peg.816.site.23, 10, 148, 158
411483.3.peg.816.site.24, 4, 152, 156
411483.3.peg.816.site.25, 0, 153, 153
411483.3.peg.816.site.26, 9, 149, 158
411483.3.peg.816.site.27, 8, 149, 157
411483.3.peg.816.site.28, 7, 148, 155
411483.3.peg.816.site.29, 6, 141, 147
411483.3.peg.816.site.30, 11, 147, 158
411483.3.peg.816.site.31, 2, 144, 146
411483.3.peg.816.site.32, 2, 146, 148
411483.3.peg.816.site.33, 1, 141, 142
411483.3.peg.816.site.34, 2, 133, 135
411483.3.peg.816.site.35, 23, 142, 165
411483.3.peg.816.site.36, 5, 148, 153
411483.3.peg.816.site.37, 9, 146, 155
411483.3.peg.815.site.1, 2, 151, 153
411483.3.peg.815.site.2, 5, 152, 157
411483.3.peg.815.site.3, 22, 145, 167
411483.3.peg.815.site.4, 11, 150, 161
411483.3.peg.815.site.5, 1, 151, 152
411483.3.peg.815.site.6, 2, 151, 153
411483.3.peg.815.site.7, 2, 149, 151
411483.3.peg.815.site.8, 1, 149, 150
411483.3.peg.815.site.9, 19, 144, 163
411483.3.peg.815.site.10, 1, 148, 149
411483.3.peg.815.site.11, 3, 151, 154
411483.3.peg.815.site.12, 0, 153, 153
411483.3.peg.815.site.13, 3, 153, 156
411483.3.peg.815.site.14, 120, 150, 270
411483.3.peg.815.site.15, 24, 151, 175
411483.3.peg.815.site.16, 6, 152, 158
411483.3.peg.814.site.1, 4, 153, 157
411483.3.peg.814.site.2, 14, 152, 166
411483.3.peg.814.site.3, 13, 150, 163
411483.3.peg.814.site.4, 9, 153, 162
411483.3.peg.814.site.5, 3, 155, 158
411483.3.peg.814.site.6, 0, 155, 155
411483.3.peg.814.site.7, 1, 155, 156
411483.3.peg.814.site.8, 13, 151, 164
411483.3.peg.814.site.9, 0, 149, 149
411483.3.peg.814.site.10, 14, 147, 161
411483.3.peg.814.site.11, 4, 153, 157
411483.3.peg.814.site.12, 0, 154, 154
411483.3.peg.814.site.13, 11, 145, 156
411483.3.peg.814.site.14, 3, 152, 155
411483.3.peg.814.site.15, 6, 151, 157
411483.3.peg.814.site.16, 2, 148, 150
411483.3.peg.814.site.17, 2, 150, 152
411483.3.peg.814.site.18, 5, 152, 157
411483.3.peg.814.site.19, 50, 134, 184
411483.3.peg.814.site.20, 8, 135, 143
411483.3.peg.814.site.21, 6, 151, 157
411483.3.peg.814.site.22, 26, 148, 174
411483.3.peg.814.site.23, 4, 151, 155
411483.3.peg.814.site.24, 1, 154, 155
411483.3.peg.814.site.25, 1, 151, 152
411483.3.peg.814.site.26, 48, 102, 150
411483.3.peg.814.site.27, 5, 102, 107
411483.3.peg.814.site.28, 2, 105, 107
411483.3.peg.814.site.29, 4, 112, 116
411483.3.peg.814.site.30, 20, 105, 125
411483.3.peg.814.site.31, 4, 112, 116
411483.3.peg.814.site.32, 0, 113, 113
411483.3.peg.814.site.33, 59, 84, 143
411483.3.peg.814.site.34, 27, 104, 131
411483.3.peg.814.site.35, 57, 115, 172
411483.3.peg.814.site.36, 14, 124, 138
411483.3.peg.814.site.37, 4, 137, 141
411483.3.peg.814.site.38, 1, 139, 140
411483.3.peg.814.site.39, 1, 148, 149
411483.3.peg.814.site.40, 1, 149, 150
411483.3.peg.814.site.41, 62, 140, 202
411483.3.peg.814.site.42, 130, 145, 275
411483.3.peg.814.site.43, 1, 152, 153
411483.3.peg.814.site.44, 1, 152, 153
411483.3.peg.814.site.45, 6, 154, 160
411483.3.peg.814.site.46, 3, 152, 155
411483.3.peg.814.site.47, 6, 151, 157
411483.3.peg.814.site.48, 4, 154, 158
411483.3.peg.814.site.49, 0, 152, 152
411483.3.peg.814.site.50, 3, 154, 157
411483.3.peg.814.site.51, 3, 155, 158
411483.3.peg.814.site.52, 4, 150, 154
411483.3.peg.814.site.53, 65, 147, 212
411483.3.peg.814.site.54, 1, 154, 155
411483.3.peg.814.site.55, 1, 153, 154
411483.3.peg.814.site.56, 2, 148, 150
411483.3.peg.814.site.57, 0, 150, 150
411483.3.peg.814.site.58, 8, 150, 158
411483.3.peg.814.site.59, 2, 152, 154
411483.3.peg.814.site.60, 1, 154, 155
411483.3.peg.814.site.61, 1, 154, 155
411483.3.peg.813.site.1, 1, 100, 101
411483.3.peg.813.site.2, 2, 111, 113
411483.3.peg.813.site.3, 1, 117, 118
411483.3.peg.813.site.4, 1, 133, 134
411483.3.peg.813.site.5, 1, 143, 144
411483.3.peg.813.site.6, 0, 144, 144
411483.3.peg.813.site.7, 1, 146, 147
411483.3.peg.813.site.8, 4, 142, 146
411483.3.peg.813.site.9, 6, 135, 141
411483.3.peg.813.site.10, 3, 147, 150
411483.3.peg.813.site.11, 2, 147, 149
411483.3.peg.813.site.12, 1, 128, 129
411483.3.peg.813.site.13, 10, 142, 152
411483.3.peg.813.site.14, 0, 146, 146
411483.3.peg.813.site.15, 67, 141, 208
411483.3.peg.813.site.16, 6, 144, 150
411483.3.peg.813.site.17, 3, 147, 150
411483.3.peg.813.site.18, 1, 150, 151
411483.3.peg.813.site.19, 13, 150, 163
411483.3.peg.813.site.20, 7, 141, 148
411483.3.peg.813.site.21, 0, 147, 147
411483.3.peg.813.site.22, 16, 129, 145
411483.3.peg.813.site.23, 6, 132, 138
411483.3.peg.813.site.24, 5, 138, 143
411483.3.peg.813.site.25, 32, 138, 170
411483.3.peg.813.site.26, 6, 146, 152
411483.3.peg.813.site.27, 12, 138, 150
411483.3.peg.813.site.28, 1, 143, 144
411483.3.peg.813.site.29, 5, 147, 152
411483.3.peg.813.site.30, 13, 137, 150
411483.3.peg.813.site.31, 0, 151, 151
411483.3.peg.813.site.32, 32, 145, 177
411483.3.peg.813.site.33, 88, 136, 224
411483.3.peg.813.site.34, 1, 148, 149
411483.3.peg.813.site.35, 0, 142, 142
411483.3.peg.813.site.36, 32, 139, 171
411483.3.peg.813.site.37, 2, 145, 147
411483.3.peg.813.site.38, 17, 138, 155
411483.3.peg.813.site.39, 18, 141, 159
411483.3.peg.813.site.40, 7, 146, 153
411483.3.peg.813.site.41, 3, 148, 151
411483.3.peg.813.site.42, 96, 139, 235
411483.3.peg.813.site.43, 101, 138, 239
411483.3.peg.813.site.44, 6, 135, 141
411483.3.peg.813.site.45, 11, 141, 152
411483.3.peg.813.site.46, 80, 136, 216
411483.3.peg.813.site.47, 13, 137, 150
411483.3.peg.813.site.48, 1, 148, 149
411483.3.peg.813.site.49, 2, 145, 147
411483.3.peg.813.site.50, 4, 146, 150
411483.3.peg.813.site.51, 1, 145, 146
411483.3.peg.813.site.52, 3, 126, 129
411483.3.peg.813.site.53, 0, 148, 148
411483.3.peg.813.site.54, 3, 139, 142
411483.3.peg.813.site.55, 2, 145, 147
411483.3.peg.813.site.56, 4, 144, 148
411483.3.peg.813.site.57, 8, 146, 154
411483.3.peg.813.site.58, 1, 148, 149
411483.3.peg.813.site.59, 2, 141, 143
411483.3.peg.813.site.60, 8, 136, 144
411483.3.peg.813.site.61, 3, 140, 143
411483.3.peg.813.site.62, 9, 130, 139
411483.3.peg.813.site.63, 13, 120, 133
411483.3.peg.813.site.64, 1, 127, 128
411483.3.peg.813.site.65, 2, 132, 134
411483.3.peg.813.site.66, 3, 126, 129
411483.3.peg.813.site.67, 2, 123, 125
411483.3.peg.813.site.68, 4, 133, 137
411483.3.peg.813.site.69, 25, 123, 148
411483.3.peg.813.site.70, 28, 125, 153
411483.3.peg.813.site.71, 5, 118, 123
411483.3.peg.813.site.72, 4, 110, 114
411483.3.peg.813.site.73, 36, 109, 145
411483.3.peg.813.site.74, 7, 133, 140
411483.3.peg.813.site.75, 6, 138, 144
411483.3.peg.813.site.76, 1, 137, 138
411483.3.peg.813.site.77, 30, 141, 171
411483.3.peg.813.site.78, 28, 138, 166
411483.3.peg.813.site.79, 59, 142, 201
411483.3.peg.813.site.80, 11, 146, 157
411483.3.peg.813.site.81, 21, 145, 166
411483.3.peg.813.site.82, 21, 146, 167
411483.3.peg.813.site.83, 4, 151, 155
411483.3.peg.813.site.84, 2, 148, 150
411483.3.peg.813.site.85, 10, 151, 161
411483.3.peg.813.site.86, 45, 132, 177
411483.3.peg.813.site.87, 1, 145, 146
411483.3.peg.813.site.88, 1, 143, 144
411483.3.peg.813.site.89, 102, 134, 236
411483.3.peg.813.site.90, 1, 149, 150
411483.3.peg.813.site.91, 6, 148, 154
411483.3.peg.813.site.92, 3, 151, 154
411483.3.peg.813.site.93, 1, 147, 148
411483.3.peg.813.site.94, 1, 148, 149
411483.3.peg.813.site.95, 13, 145, 158
411483.3.peg.813.site.96, 22, 125, 147
411483.3.peg.813.site.97, 26, 120, 146
411483.3.peg.813.site.98, 4, 131, 135
411483.3.peg.813.site.99, 4, 123, 127
411483.3.peg.813.site.100, 1, 98, 99
411483.3.peg.813.site.101, 11, 106, 117
411483.3.peg.813.site.102, 15, 109, 124
411483.3.peg.813.site.103, 6, 128, 134
411483.3.peg.813.site.104, 4, 129, 133
411483.3.peg.813.site.105, 1, 136, 137
411483.3.peg.813.site.106, 1, 135, 136
411483.3.peg.813.site.107, 0, 139, 139
411483.3.peg.813.site.108, 19, 135, 154
411483.3.peg.813.site.109, 4, 134, 138
411483.3.peg.813.site.110, 2, 142, 144
411483.3.peg.813.site.111, 7, 130, 137
411483.3.peg.813.site.112, 44, 127, 171
411483.3.peg.813.site.113, 15, 138, 153
411483.3.peg.813.site.114, 4, 137, 141
411483.3.peg.813.site.115, 4, 143, 147
411483.3.peg.813.site.116, 7, 143, 150
411483.3.peg.813.site.117, 1, 149, 150
411483.3.peg.813.site.118, 100, 139, 239
411483.3.peg.813.site.119, 1, 152, 153
411483.3.peg.813.site.120, 5, 149, 154
411483.3.peg.813.site.121, 2, 151, 153
411483.3.peg.813.site.122, 45, 141, 186
411483.3.peg.813.site.123, 4, 152, 156
411483.3.peg.813.site.124, 1, 150, 151
411483.3.peg.813.site.125, 0, 151, 151
411483.3.peg.813.site.126, 1, 152, 153
411483.3.peg.813.site.127, 4, 148, 152
411483.3.peg.813.site.128, 50, 139, 189
411483.3.peg.813.site.129, 14, 134, 148
411483.3.peg.813.site.130, 2, 130, 132
411483.3.peg.813.site.131, 6, 136, 142
411483.3.peg.813.site.132, 37, 114, 151
411483.3.peg.813.site.133, 12, 120, 132
411483.3.peg.813.site.134, 37, 122, 159
411483.3.peg.813.site.135, 3, 124, 127
411483.3.peg.813.site.136, 2, 143, 145
411483.3.peg.813.site.137, 0, 140, 140
411483.3.peg.813.site.138, 2, 142, 144
411483.3.peg.813.site.139, 11, 137, 148
411483.3.peg.813.site.140, 58, 134, 192
411483.3.peg.813.site.141, 1, 145, 146
411483.3.peg.813.site.142, 61, 133, 194
411483.3.peg.813.site.143, 2, 146, 148
411483.3.peg.813.site.144, 15, 137, 152
411483.3.peg.813.site.145, 0, 143, 143
411483.3.peg.813.site.146, 0, 148, 148
411483.3.peg.813.site.147, 131, 137, 268
411483.3.peg.813.site.148, 2, 141, 143
411483.3.peg.813.site.149, 1, 141, 142
411483.3.peg.813.site.150, 4, 136, 140
411483.3.peg.813.site.151, 35, 121, 156
411483.3.peg.813.site.152, 6, 135, 141
411483.3.peg.813.site.153, 4, 138, 142
411483.3.peg.813.site.154, 20, 125, 145
411483.3.peg.813.site.155, 2, 133, 135
411483.3.peg.813.site.156, 14, 133, 147
411483.3.peg.813.site.157, 9, 135, 144
411483.3.peg.813.site.158, 2, 136, 138
411483.3.peg.813.site.159, 1, 137, 138
411483.3.peg.813.site.160, 70, 122, 192
411483.3.peg.813.site.161, 1, 138, 139
411483.3.peg.813.site.162, 1, 138, 139
411483.3.peg.813.site.163, 13, 136, 149
411483.3.peg.813.site.164, 0, 141, 141
411483.3.peg.813.site.165, 7, 138, 145
411483.3.peg.813.site.166, 3, 126, 129
411483.3.peg.813.site.167, 7, 139, 146
411483.3.peg.813.site.168, 12, 127, 139
411483.3.peg.813.site.169, 4, 132, 136
411483.3.peg.813.site.170, 23, 129, 152
411483.3.peg.813.site.171, 2, 133, 135
411483.3.peg.813.site.172, 2, 139, 141
411483.3.peg.813.site.173, 125, 139, 264
411483.3.peg.813.site.174, 3, 143, 146
411483.3.peg.813.site.175, 31, 141, 172
411483.3.peg.813.site.176, 2, 144, 146
411483.3.peg.813.site.177, 3, 144, 147
411483.3.peg.813.site.178, 2, 145, 147
411483.3.peg.813.site.179, 1, 144, 145
411483.3.peg.813.site.180, 97, 128, 225
411483.3.peg.813.site.181, 8, 131, 139
411483.3.peg.813.site.182, 17, 127, 144
411483.3.peg.813.site.183, 3, 126, 129
411483.3.peg.813.site.184, 4, 133, 137
411483.3.peg.813.site.185, 0, 129, 129
411483.3.peg.813.site.186, 32, 108, 140
411483.3.peg.813.site.187, 79, 112, 191
411483.3.peg.813.site.188, 1, 122, 123
411483.3.peg.813.site.189, 20, 115, 135
411483.3.peg.813.site.190, 1, 125, 126
411483.3.peg.813.site.191, 13, 115, 128
411483.3.peg.813.site.192, 21, 116, 137
411483.3.peg.813.site.193, 11, 116, 127
411483.3.peg.813.site.194, 2, 115, 117
411483.3.peg.813.site.195, 15, 119, 134
411483.3.peg.813.site.196, 13, 116, 129
411483.3.peg.813.site.197, 87, 115, 202
411483.3.peg.813.site.198, 0, 106, 106
411483.3.peg.813.site.199, 4, 104, 108
411483.3.peg.813.site.200, 12, 95, 107
411483.3.peg.813.site.201, 79, 96, 175
411483.3.peg.813.site.202, 1, 105, 106
411483.3.peg.813.site.203, 4, 106, 110
411483.3.peg.813.site.204, 0, 99, 99
411483.3.peg.813.site.205, 0, 105, 105
411483.3.peg.813.site.206, 76, 96, 172
411483.3.peg.813.site.207, 2, 136, 138
411483.3.peg.813.site.208, 128, 137, 265
411483.3.peg.813.site.209, 18, 135, 153
411483.3.peg.812.site.1, 2, 150, 152
411483.3.peg.812.site.2, 10, 149, 159
411483.3.peg.812.site.3, 3, 152, 155
411483.3.peg.812.site.4, 2, 150, 152
411483.3.peg.812.site.5, 3, 152, 155
411483.3.peg.812.site.6, 6, 136, 142
411483.3.peg.812.site.7, 137, 143, 280
411483.3.peg.812.site.8, 1, 149, 150
411483.3.peg.812.site.9, 17, 150, 167
411483.3.peg.812.site.10, 0, 152, 152
411483.3.peg.812.site.11, 1, 145, 146
411483.3.peg.812.site.12, 0, 149, 149
411483.3.peg.812.site.13, 5, 145, 150
411483.3.peg.812.site.14, 3, 148, 151
411483.3.peg.812.site.15, 5, 147, 152
411483.3.peg.812.site.16, 1, 144, 145
411483.3.peg.812.site.17, 3, 150, 153
411483.3.peg.812.site.18, 8, 146, 154
411483.3.peg.812.site.19, 3, 148, 151
411483.3.peg.812.site.20, 0, 146, 146
411483.3.peg.812.site.21, 5, 148, 153
411483.3.peg.812.site.22, 137, 142, 279
411483.3.peg.812.site.23, 3, 146, 149
411483.3.peg.812.site.24, 2, 141, 143
411483.3.peg.812.site.25, 91, 124, 215
411483.3.peg.812.site.26, 1, 136, 137
411483.3.peg.812.site.27, 32, 112, 144
411483.3.peg.812.site.28, 3, 122, 125
411483.3.peg.812.site.29, 11, 118, 129
411483.3.peg.812.site.30, 2, 111, 113
411483.3.peg.812.site.31, 1, 108, 109
411483.3.peg.812.site.32, 4, 128, 132
411483.3.peg.812.site.33, 0, 132, 132
411483.3.peg.812.site.34, 125, 128, 253
411483.3.peg.812.site.35, 1, 135, 136
411483.3.peg.812.site.36, 10, 132, 142
411483.3.peg.812.site.37, 9, 135, 144
411483.3.peg.812.site.38, 1, 133, 134
411483.3.peg.812.site.39, 3, 140, 143
411483.3.peg.812.site.40, 1, 144, 145
411483.3.peg.812.site.41, 2, 145, 147
411483.3.peg.812.site.42, 35, 138, 173
411483.3.peg.812.site.43, 2, 144, 146
411483.3.peg.812.site.44, 1, 147, 148
411483.3.peg.812.site.45, 2, 148, 150
411483.3.peg.812.site.46, 3, 144, 147
411483.3.peg.812.site.47, 2, 147, 149
411483.3.peg.812.site.48, 1, 141, 142
411483.3.peg.812.site.49, 15, 138, 153
411483.3.peg.812.site.50, 63, 130, 193
411483.3.peg.812.site.51, 0, 142, 142
411483.3.peg.812.site.52, 3, 149, 152
411483.3.peg.812.site.53, 3, 151, 154
411483.3.peg.812.site.54, 0, 152, 152
411483.3.peg.812.site.55, 1, 136, 137
411483.3.peg.812.site.56, 2, 130, 132
411483.3.peg.812.site.57, 7, 122, 129
411483.3.peg.812.site.58, 1, 123, 124
411483.3.peg.812.site.59, 1, 132, 133
411483.3.peg.812.site.60, 5, 127, 132
411483.3.peg.812.site.61, 2, 146, 148
411483.3.peg.812.site.62, 1, 142, 143
411483.3.peg.812.site.63, 2, 144, 146
411483.3.peg.812.site.64, 1, 148, 149
411483.3.peg.812.site.65, 4, 150, 154
411483.3.peg.812.site.66, 2, 145, 147
411483.3.peg.812.site.67, 13, 148, 161
411483.3.peg.812.site.68, 57, 141, 198
411483.3.peg.812.site.69, 5, 153, 158
411483.3.peg.812.site.70, 2, 149, 151
411483.3.peg.812.site.71, 2, 150, 152
411483.3.peg.812.site.72, 4, 151, 155
411483.3.peg.812.site.73, 2, 150, 152
411483.3.peg.812.site.74, 4, 147, 151
411483.3.peg.812.site.75, 3, 146, 149
411483.3.peg.812.site.76, 2, 121, 123
411483.3.peg.811.site.1, 11, 146, 157
411483.3.peg.811.site.2, 1, 151, 152
411483.3.peg.811.site.3, 0, 150, 150
411483.3.peg.811.site.4, 2, 152, 154
411483.3.peg.811.site.5, 10, 145, 155
411483.3.peg.811.site.6, 2, 151, 153
411483.3.peg.811.site.7, 25, 142, 167
411483.3.peg.811.site.8, 10, 151, 161
411483.3.peg.811.site.9, 2, 154, 156
411483.3.peg.811.site.10, 2, 151, 153
411483.3.peg.811.site.11, 3, 152, 155
411483.3.peg.811.site.12, 6, 148, 154
411483.3.peg.811.site.13, 0, 153, 153
411483.3.peg.811.site.14, 2, 152, 154
411483.3.peg.811.site.15, 14, 148, 162
411483.3.peg.811.site.16, 0, 150, 150
411483.3.peg.811.site.17, 17, 149, 166
411483.3.peg.811.site.18, 7, 149, 156
411483.3.peg.811.site.19, 1, 141, 142
411483.3.peg.811.site.20, 19, 137, 156
411483.3.peg.811.site.21, 0, 150, 150
411483.3.peg.811.site.22, 7, 145, 152
411483.3.peg.811.site.23, 3, 149, 152
411483.3.peg.811.site.24, 80, 145, 225
411483.3.peg.811.site.25, 6, 153, 159
411483.3.peg.811.site.26, 4, 153, 157
411483.3.peg.811.site.27, 0, 152, 152
411483.3.peg.811.site.28, 16, 147, 163
411483.3.peg.811.site.29, 0, 152, 152
411483.3.peg.811.site.30, 5, 153, 158
411483.3.peg.811.site.31, 7, 148, 155
411483.3.peg.811.site.32, 1, 150, 151
411483.3.peg.811.site.33, 10, 148, 158
411483.3.peg.811.site.34, 7, 151, 158
411483.3.peg.811.site.35, 17, 144, 161
411483.3.peg.811.site.36, 2, 149, 151
411483.3.peg.811.site.37, 93, 144, 237
411483.3.peg.811.site.38, 9, 128, 137
411483.3.peg.811.site.39, 1, 112, 113
411483.3.peg.811.site.40, 1, 88, 89
411483.3.peg.811.site.41, 1, 75, 76
411483.3.peg.811.site.42, 40, 62, 102
411483.3.peg.811.site.43, 0, 56, 56
411483.3.peg.810.site.1, 0, 97, 97
411483.3.peg.810.site.2, 1, 103, 104
411483.3.peg.810.site.3, 2, 102, 104
411483.3.peg.810.site.4, 2, 105, 107
411483.3.peg.810.site.5, 1, 108, 109
411483.3.peg.810.site.6, 0, 114, 114
411483.3.peg.810.site.7, 0, 117, 117
411483.3.peg.810.site.8, 0, 135, 135
411483.3.peg.810.site.9, 6, 133, 139
411483.3.peg.810.site.10, 0, 139, 139
411483.3.peg.810.site.11, 0, 136, 136
411483.3.peg.810.site.12, 0, 140, 140
411483.3.peg.810.site.13, 8, 139, 147
411483.3.peg.810.site.14, 1, 143, 144
411483.3.peg.810.site.15, 1, 145, 146
411483.3.peg.810.site.16, 1, 155, 156
411483.3.peg.810.site.17, 2, 153, 155
411483.3.peg.810.site.18, 0, 154, 154
411483.3.peg.810.site.19, 0, 154, 154
411483.3.peg.810.site.20, 3, 154, 157
411483.3.peg.810.site.21, 26, 149, 175
411483.3.peg.810.site.22, 0, 153, 153
411483.3.peg.810.site.23, 2, 152, 154
411483.3.peg.810.site.24, 7, 150, 157
411483.3.peg.810.site.25, 127, 142, 269
411483.3.peg.810.site.26, 12, 142, 154
411483.3.peg.810.site.27, 9, 147, 156
411483.3.peg.810.site.28, 137, 145, 282
411483.3.peg.810.site.29, 5, 152, 157
411483.3.peg.810.site.30, 4, 152, 156
411483.3.peg.810.site.31, 4, 148, 152
411483.3.peg.810.site.32, 1, 148, 149
411483.3.peg.810.site.33, 7, 146, 153
411483.3.peg.810.site.34, 2, 141, 143
411483.3.peg.810.site.35, 6, 141, 147
411483.3.peg.810.site.36, 15, 134, 149
411483.3.peg.810.site.37, 1, 138, 139
411483.3.peg.810.site.38, 2, 139, 141
411483.3.peg.810.site.39, 2, 148, 150
411483.3.peg.810.site.40, 2, 151, 153
411483.3.peg.810.site.41, 29, 147, 176
411483.3.peg.810.site.42, 99, 138, 237
411483.3.peg.810.site.43, 2, 153, 155
411483.3.peg.810.site.44, 0, 150, 150
411483.3.peg.810.site.45, 0, 150, 150
411483.3.peg.810.site.46, 0, 151, 151
411483.3.peg.810.site.47, 1, 152, 153
411483.3.peg.810.site.48, 1, 151, 152
411483.3.peg.819.site.1, 5, 152, 157
411483.3.peg.819.site.2, 2, 153, 155
411483.3.peg.819.site.3, 4, 150, 154
411483.3.peg.819.site.4, 2, 152, 154
411483.3.peg.819.site.5, 12, 151, 163
411483.3.peg.819.site.6, 5, 150, 155
411483.3.peg.819.site.7, 69, 138, 207
411483.3.peg.819.site.8, 9, 140, 149
411483.3.peg.819.site.9, 1, 145, 146
411483.3.peg.819.site.10, 3, 143, 146
411483.3.peg.819.site.11, 2, 128, 130
411483.3.peg.819.site.12, 1, 128, 129
411483.3.peg.819.site.13, 5, 126, 131
411483.3.peg.819.site.14, 1, 131, 132
411483.3.peg.819.site.15, 2, 132, 134
411483.3.peg.819.site.16, 1, 116, 117
411483.3.peg.819.site.17, 1, 121, 122
411483.3.peg.819.site.18, 7, 121, 128
411483.3.peg.819.site.19, 4, 122, 126
411483.3.peg.819.site.20, 6, 126, 132
411483.3.peg.819.site.21, 10, 120, 130
411483.3.peg.819.site.22, 4, 119, 123
411483.3.peg.819.site.23, 24, 114, 138
411483.3.peg.819.site.24, 38, 98, 136
411483.3.peg.819.site.25, 0, 124, 124
411483.3.peg.819.site.26, 92, 119, 211
411483.3.peg.819.site.27, 3, 125, 128
411483.3.peg.819.site.28, 1, 132, 133
411483.3.peg.819.site.29, 1, 135, 136
411483.3.peg.819.site.30, 1, 133, 134
411483.3.peg.819.site.31, 9, 133, 142
411483.3.peg.819.site.32, 117, 128, 245
411483.3.peg.819.site.33, 12, 126, 138
411483.3.peg.819.site.34, 101, 132, 233
411483.3.peg.819.site.35, 7, 134, 141
411483.3.peg.819.site.36, 1, 132, 133
411483.3.peg.819.site.37, 4, 126, 130
411483.3.peg.819.site.38, 10, 115, 125
411483.3.peg.819.site.39, 39, 122, 161
411483.3.peg.819.site.40, 33, 120, 153
411483.3.peg.819.site.41, 1, 116, 117
411483.3.peg.819.site.42, 0, 121, 121
411483.3.peg.819.site.43, 59, 113, 172
411483.3.peg.819.site.44, 1, 125, 126
411483.3.peg.819.site.45, 5, 129, 134
411483.3.peg.819.site.46, 1, 132, 133
411483.3.peg.819.site.47, 126, 137, 263
411483.3.peg.819.site.48, 4, 144, 148
411483.3.peg.819.site.49, 9, 146, 155
411483.3.peg.819.site.50, 28, 141, 169
411483.3.peg.819.site.51, 14, 146, 160
411483.3.peg.819.site.52, 48, 136, 184
411483.3.peg.819.site.53, 8, 135, 143
411483.3.peg.819.site.54, 2, 148, 150
411483.3.peg.819.site.55, 12, 148, 160
411483.3.peg.819.site.56, 1, 148, 149
411483.3.peg.819.site.57, 3, 141, 144
411483.3.peg.819.site.58, 1, 145, 146
411483.3.peg.819.site.59, 0, 147, 147
411483.3.peg.819.site.60, 13, 141, 154
411483.3.peg.819.site.61, 1, 147, 148
411483.3.peg.819.site.62, 43, 129, 172
411483.3.peg.819.site.63, 0, 150, 150
411483.3.peg.819.site.64, 5, 145, 150
411483.3.peg.819.site.65, 2, 144, 146
411483.3.peg.819.site.66, 1, 149, 150
411483.3.peg.819.site.67, 13, 149, 162
411483.3.peg.819.site.68, 10, 149, 159
411483.3.peg.819.site.69, 2, 152, 154
411483.3.peg.819.site.70, 6, 149, 155
411483.3.peg.819.site.71, 34, 143, 177
411483.3.peg.818.site.1, 1, 149, 150
411483.3.peg.818.site.2, 68, 140, 208
411483.3.peg.818.site.3, 3, 149, 152
411483.3.peg.818.site.4, 0, 154, 154
411483.3.peg.818.site.5, 7, 151, 158
411483.3.peg.818.site.6, 8, 151, 159
411483.3.peg.818.site.7, 20, 148, 168
411483.3.peg.818.site.8, 3, 154, 157
411483.3.peg.818.site.9, 0, 152, 152
411483.3.peg.818.site.10, 4, 150, 154
411483.3.peg.818.site.11, 1, 148, 149
411483.3.peg.818.site.12, 2, 149, 151
411483.3.peg.818.site.13, 142, 144, 286
411483.3.peg.818.site.14, 11, 141, 152
411483.3.peg.818.site.15, 142, 142, 284
411483.3.peg.818.site.16, 2, 145, 147
411483.3.peg.818.site.17, 7, 148, 155
411483.3.peg.818.site.18, 22, 144, 166
411483.3.peg.818.site.19, 0, 148, 148
411483.3.peg.818.site.20, 6, 152, 158
411483.3.peg.818.site.21, 21, 148, 169
411483.3.peg.818.site.22, 87, 145, 232
411483.3.peg.818.site.23, 3, 151, 154
411483.3.peg.818.site.24, 6, 153, 159
411483.3.peg.818.site.25, 12, 152, 164
411483.3.peg.818.site.26, 1, 151, 152
411483.3.peg.818.site.27, 8, 150, 158
411483.3.peg.818.site.28, 13, 151, 164
411483.3.peg.818.site.29, 7, 146, 153
411483.3.peg.818.site.30, 1, 150, 151
411483.3.peg.818.site.31, 6, 140, 146
411483.3.peg.818.site.32, 6, 137, 143
411483.3.peg.818.site.33, 3, 143, 146
411483.3.peg.818.site.34, 3, 145, 148
411483.3.peg.818.site.35, 2, 146, 148
411483.3.peg.818.site.36, 10, 144, 154
411483.3.peg.818.site.37, 1, 147, 148
411483.3.peg.818.site.38, 1, 142, 143
411483.3.peg.818.site.39, 1, 150, 151
411483.3.peg.818.site.40, 4, 149, 153
411483.3.peg.818.site.41, 147, 148, 295
411483.3.peg.818.site.42, 3, 141, 144
411483.3.peg.818.site.43, 1, 151, 152
411483.3.peg.818.site.44, 11, 149, 160
411483.3.peg.818.site.45, 26, 147, 173
411483.3.peg.818.site.46, 59, 136, 195
411483.3.peg.818.site.47, 65, 134, 199
411483.3.peg.818.site.48, 9, 141, 150
411483.3.peg.818.site.49, 3, 135, 138
411483.3.peg.818.site.50, 2, 129, 131
411483.3.peg.818.site.51, 4, 152, 156
411483.3.peg.818.site.52, 42, 144, 186
411483.3.peg.818.site.53, 1, 155, 156
411483.3.peg.818.site.54, 11, 149, 160
411483.3.peg.818.site.55, 1, 153, 154
411483.3.peg.721.site.1, 1, 112, 113
411483.3.peg.721.site.2, 2, 121, 123
411483.3.peg.721.site.3, 6, 127, 133
411483.3.peg.721.site.4, 2, 143, 145
411483.3.peg.721.site.5, 3, 141, 144
411483.3.peg.721.site.6, 5, 151, 156
411483.3.peg.721.site.7, 5, 153, 158
411483.3.peg.721.site.8, 2, 153, 155
411483.3.peg.721.site.9, 1, 153, 154
411483.3.peg.721.site.10, 4, 151, 155
411483.3.peg.721.site.11, 0, 154, 154
411483.3.peg.721.site.12, 23, 149, 172
411483.3.peg.721.site.13, 1, 154, 155
411483.3.peg.721.site.14, 44, 143, 187
411483.3.peg.721.site.15, 5, 141, 146
411483.3.peg.721.site.16, 1, 140, 141
411483.3.peg.721.site.17, 38, 138, 176
411483.3.peg.721.site.18, 4, 137, 141
411483.3.peg.721.site.19, 0, 137, 137
411483.3.peg.721.site.20, 95, 129, 224
411483.3.peg.721.site.21, 2, 135, 137
411483.3.peg.721.site.22, 1, 122, 123
411483.3.peg.721.site.23, 124, 124, 248
411483.3.peg.721.site.24, 2, 130, 132
411483.3.peg.721.site.25, 1, 126, 127
411483.3.peg.721.site.26, 1, 117, 118
411483.3.peg.721.site.27, 81, 131, 212
411483.3.peg.721.site.28, 1, 147, 148
411483.3.peg.721.site.29, 2, 150, 152
411483.3.peg.721.site.30, 1, 151, 152
411483.3.peg.721.site.31, 3, 146, 149
411483.3.peg.721.site.32, 1, 150, 151
411483.3.peg.721.site.33, 14, 147, 161
411483.3.peg.721.site.34, 1, 153, 154
411483.3.peg.720.site.1, 38, 137, 175
411483.3.peg.720.site.2, 88, 146, 234
411483.3.peg.720.site.3, 10, 151, 161
411483.3.peg.720.site.4, 3, 153, 156
411483.3.peg.720.site.5, 2, 151, 153
411483.3.peg.720.site.6, 12, 147, 159
411483.3.peg.720.site.7, 6, 151, 157
411483.3.peg.720.site.8, 6, 149, 155
411483.3.peg.720.site.9, 30, 138, 168
411483.3.peg.720.site.10, 68, 138, 206
411483.3.peg.720.site.11, 1, 147, 148
411483.3.peg.720.site.12, 2, 148, 150
411483.3.peg.720.site.13, 2, 148, 150
411483.3.peg.720.site.14, 8, 147, 155
411483.3.peg.720.site.15, 19, 142, 161
411483.3.peg.720.site.16, 1, 143, 144
411483.3.peg.720.site.17, 2, 140, 142
411483.3.peg.720.site.18, 1, 142, 143
411483.3.peg.720.site.19, 7, 123, 130
411483.3.peg.720.site.20, 3, 127, 130
411483.3.peg.720.site.21, 22, 115, 137
411483.3.peg.720.site.22, 18, 111, 129
411483.3.peg.720.site.23, 5, 120, 125
411483.3.peg.720.site.24, 4, 119, 123
411483.3.peg.720.site.25, 63, 112, 175
411483.3.peg.720.site.26, 20, 113, 133
411483.3.peg.720.site.27, 20, 114, 134
411483.3.peg.720.site.28, 4, 116, 120
411483.3.peg.720.site.29, 35, 114, 149
411483.3.peg.720.site.30, 1, 120, 121
411483.3.peg.720.site.31, 2, 119, 121
411483.3.peg.720.site.32, 4, 119, 123
411483.3.peg.720.site.33, 3, 122, 125
411483.3.peg.720.site.34, 1, 125, 126
411483.3.peg.720.site.35, 0, 121, 121
411483.3.peg.720.site.36, 4, 117, 121
411483.3.peg.720.site.37, 0, 128, 128
411483.3.peg.720.site.38, 2, 123, 125
411483.3.peg.720.site.39, 2, 111, 113
411483.3.peg.720.site.40, 3, 113, 116
411483.3.peg.720.site.41, 2, 101, 103
411483.3.peg.720.site.42, 38, 81, 119
411483.3.peg.720.site.43, 9, 84, 93
411483.3.peg.720.site.44, 5, 84, 89
411483.3.peg.720.site.45, 2, 79, 81
411483.3.peg.720.site.46, 15, 73, 88
411483.3.peg.720.site.47, 76, 82, 158
411483.3.peg.720.site.48, 1, 79, 80
411483.3.peg.720.site.49, 1, 87, 88
411483.3.peg.720.site.50, 4, 69, 73
411483.3.peg.720.site.51, 2, 69, 71
411483.3.peg.720.site.52, 2, 70, 72
411483.3.peg.720.site.53, 66, 74, 140
411483.3.peg.720.site.54, 83, 83, 166
411483.3.peg.720.site.55, 1, 79, 80
411483.3.peg.720.site.56, 1, 81, 82
411483.3.peg.720.site.57, 19, 77, 96
411483.3.peg.720.site.58, 5, 80, 85
411483.3.peg.720.site.59, 21, 82, 103
411483.3.peg.720.site.60, 3, 86, 89
411483.3.peg.720.site.61, 5, 78, 83
411483.3.peg.720.site.62, 2, 77, 79
411483.3.peg.720.site.63, 0, 82, 82
411483.3.peg.720.site.64, 0, 81, 81
411483.3.peg.720.site.65, 40, 60, 100
411483.3.peg.720.site.66, 1, 79, 80
411483.3.peg.720.site.67, 1, 65, 66
411483.3.peg.720.site.68, 3, 67, 70
411483.3.peg.720.site.69, 19, 56, 75
411483.3.peg.720.site.70, 2, 53, 55
411483.3.peg.720.site.71, 24, 40, 64
411483.3.peg.720.site.72, 0, 37, 37
411483.3.peg.720.site.73, 27, 38, 65
411483.3.peg.720.site.74, 3, 53, 56
411483.3.peg.720.site.75, 5, 56, 61
411483.3.peg.720.site.76, 2, 113, 115
411483.3.peg.720.site.77, 1, 110, 111
411483.3.peg.720.site.78, 20, 118, 138
411483.3.peg.720.site.79, 4, 136, 140
411483.3.peg.720.site.80, 3, 122, 125
411483.3.peg.722.site.1, 22, 146, 168
411483.3.peg.722.site.2, 0, 148, 148
411483.3.peg.722.site.3, 3, 148, 151
411483.3.peg.722.site.4, 4, 150, 154
411483.3.peg.722.site.5, 2, 149, 151
411483.3.peg.722.site.6, 2, 149, 151
411483.3.peg.722.site.7, 0, 148, 148
411483.3.peg.722.site.8, 1, 148, 149
411483.3.peg.722.site.9, 6, 147, 153
411483.3.peg.722.site.10, 0, 125, 125
411483.3.peg.722.site.11, 4, 128, 132
411483.3.peg.722.site.12, 117, 122, 239
411483.3.peg.722.site.13, 3, 121, 124
411483.3.peg.722.site.14, 3, 111, 114
411483.3.peg.722.site.15, 7, 115, 122
411483.3.peg.722.site.16, 3, 107, 110
411483.3.peg.722.site.17, 13, 105, 118
411483.3.peg.722.site.18, 99, 105, 204
411483.3.peg.722.site.19, 0, 115, 115
411483.3.peg.722.site.20, 0, 118, 118
411483.3.peg.722.site.21, 1, 122, 123
411483.3.peg.722.site.22, 0, 121, 121
411483.3.peg.722.site.23, 9, 115, 124
411483.3.peg.722.site.24, 3, 132, 135
411483.3.peg.722.site.25, 1, 136, 137
411483.3.peg.722.site.26, 7, 148, 155
411483.3.peg.722.site.27, 39, 147, 186
411483.3.peg.722.site.28, 6, 154, 160
411483.3.peg.722.site.29, 10, 153, 163
411483.3.peg.722.site.30, 2, 155, 157
411483.3.peg.722.site.31, 0, 154, 154
411483.3.peg.722.site.32, 46, 142, 188
411483.3.peg.722.site.33, 2, 153, 155
411483.3.peg.722.site.34, 153, 153, 306
411483.3.peg.722.site.35, 2, 152, 154
411483.3.peg.722.site.36, 5, 154, 159
411483.3.peg.722.site.37, 5, 154, 159
411483.3.peg.722.site.38, 1, 155, 156
411483.3.peg.722.site.39, 1, 153, 154
411483.3.peg.722.site.40, 5, 153, 158
411483.3.peg.722.site.41, 6, 151, 157
411483.3.peg.722.site.42, 1, 152, 153
411483.3.peg.722.site.43, 1, 150, 151
411483.3.peg.722.site.44, 66, 139, 205
411483.3.peg.722.site.45, 1, 149, 150
411483.3.peg.722.site.46, 0, 150, 150
411483.3.peg.722.site.47, 4, 147, 151
411483.3.peg.722.site.48, 36, 133, 169
411483.3.peg.722.site.49, 15, 134, 149
411483.3.peg.722.site.50, 2, 139, 141
411483.3.peg.722.site.51, 2, 140, 142
411483.3.peg.722.site.52, 0, 132, 132
411483.3.peg.722.site.53, 137, 138, 275
411483.3.peg.722.site.54, 21, 133, 154
411483.3.peg.722.site.55, 13, 129, 142
411483.3.peg.722.site.56, 5, 134, 139
411483.3.peg.722.site.57, 1, 135, 136
411483.3.peg.722.site.58, 41, 110, 151
411483.3.peg.722.site.59, 124, 126, 250
411483.3.peg.722.site.60, 0, 135, 135
411483.3.peg.722.site.61, 2, 142, 144
411483.3.peg.722.site.62, 2, 136, 138
411483.3.peg.722.site.63, 1, 123, 124
411483.3.peg.722.site.64, 10, 137, 147
411483.3.peg.722.site.65, 3, 139, 142
411483.3.peg.722.site.66, 4, 140, 144
411483.3.peg.722.site.67, 0, 144, 144
411483.3.peg.722.site.68, 0, 147, 147
411483.3.peg.722.site.69, 2, 147, 149
411483.3.peg.722.site.70, 8, 149, 157
411483.3.peg.722.site.71, 0, 150, 150
411483.3.peg.722.site.72, 2, 153, 155
411483.3.peg.722.site.73, 1, 154, 155
411483.3.peg.722.site.74, 3, 154, 157
411483.3.peg.722.site.75, 7, 153, 160
411483.3.peg.722.site.76, 139, 149, 288
411483.3.peg.722.site.77, 4, 152, 156
411483.3.peg.722.site.78, 1, 154, 155
411483.3.peg.722.site.79, 9, 150, 159
411483.3.peg.722.site.80, 15, 152, 167
411483.3.peg.722.site.81, 9, 154, 163
411483.3.peg.722.site.82, 50, 139, 189
411483.3.peg.722.site.83, 1, 151, 152
411483.3.peg.725.site.1, 0, 154, 154
411483.3.peg.725.site.2, 0, 153, 153
411483.3.peg.725.site.3, 0, 155, 155
411483.3.peg.725.site.4, 2, 153, 155
411483.3.peg.725.site.5, 148, 152, 300
411483.3.peg.725.site.6, 4, 154, 158
411483.3.peg.725.site.7, 14, 152, 166
411483.3.peg.725.site.8, 47, 144, 191
411483.3.peg.725.site.9, 21, 146, 167
411483.3.peg.725.site.10, 4, 152, 156
411483.3.peg.725.site.11, 2, 153, 155
411483.3.peg.725.site.12, 23, 148, 171
411483.3.peg.725.site.13, 4, 151, 155
411483.3.peg.725.site.14, 1, 151, 152
411483.3.peg.725.site.15, 26, 141, 167
411483.3.peg.725.site.16, 5, 151, 156
411483.3.peg.725.site.17, 1, 152, 153
411483.3.peg.725.site.18, 1, 155, 156
411483.3.peg.725.site.19, 9, 152, 161
411483.3.peg.725.site.20, 0, 149, 149
411483.3.peg.725.site.21, 11, 146, 157
411483.3.peg.725.site.22, 2, 129, 131
411483.3.peg.725.site.23, 1, 130, 131
411483.3.peg.725.site.24, 42, 130, 172
411483.3.peg.725.site.25, 35, 134, 169
411483.3.peg.725.site.26, 3, 146, 149
411483.3.peg.725.site.27, 43, 140, 183
411483.3.peg.725.site.28, 4, 153, 157
411483.3.peg.725.site.29, 1, 154, 155
411483.3.peg.725.site.30, 13, 155, 168
411483.3.peg.725.site.31, 2, 154, 156
411483.3.peg.725.site.32, 0, 152, 152
411483.3.peg.725.site.33, 0, 151, 151
411483.3.peg.725.site.34, 0, 154, 154
411483.3.peg.725.site.35, 0, 152, 152
411483.3.peg.725.site.36, 0, 151, 151
411483.3.peg.725.site.37, 1, 148, 149
411483.3.peg.725.site.38, 0, 154, 154
411483.3.peg.725.site.39, 0, 151, 151
411483.3.peg.725.site.40, 4, 152, 156
411483.3.peg.725.site.41, 0, 153, 153
411483.3.peg.725.site.42, 10, 148, 158
411483.3.peg.725.site.43, 1, 152, 153
411483.3.peg.725.site.44, 0, 152, 152
411483.3.peg.725.site.45, 6, 140, 146
411483.3.peg.725.site.46, 1, 137, 138
411483.3.peg.725.site.47, 0, 138, 138
411483.3.peg.725.site.48, 1, 128, 129
411483.3.peg.725.site.49, 0, 122, 122
411483.3.peg.725.site.50, 3, 123, 126
411483.3.peg.725.site.51, 3, 128, 131
411483.3.peg.725.site.52, 32, 124, 156
411483.3.peg.725.site.53, 46, 112, 158
411483.3.peg.725.site.54, 6, 130, 136
411483.3.peg.725.site.55, 61, 108, 169
411483.3.peg.725.site.56, 0, 122, 122
411483.3.peg.725.site.57, 3, 114, 117
411483.3.peg.725.site.58, 5, 115, 120
411483.3.peg.725.site.59, 5, 118, 123
411483.3.peg.725.site.60, 1, 106, 107
411483.3.peg.725.site.61, 2, 124, 126
411483.3.peg.725.site.62, 1, 126, 127
411483.3.peg.725.site.63, 1, 129, 130
411483.3.peg.725.site.64, 1, 134, 135
411483.3.peg.725.site.65, 1, 142, 143
411483.3.peg.725.site.66, 5, 141, 146
411483.3.peg.725.site.67, 4, 147, 151
411483.3.peg.725.site.68, 2, 142, 144
411483.3.peg.725.site.69, 1, 145, 146
411483.3.peg.725.site.70, 1, 139, 140
411483.3.peg.725.site.71, 2, 150, 152
411483.3.peg.725.site.72, 1, 142, 143
411483.3.peg.725.site.73, 3, 139, 142
411483.3.peg.725.site.74, 2, 138, 140
411483.3.peg.725.site.75, 125, 129, 254
411483.3.peg.725.site.76, 2, 133, 135
411483.3.peg.725.site.77, 4, 126, 130
411483.3.peg.725.site.78, 1, 127, 128
411483.3.peg.725.site.79, 2, 127, 129
411483.3.peg.725.site.80, 45, 113, 158
411483.3.peg.725.site.81, 46, 115, 161
411483.3.peg.725.site.82, 4, 133, 137
411483.3.peg.725.site.83, 104, 126, 230
411483.3.peg.725.site.84, 1, 138, 139
411483.3.peg.725.site.85, 11, 149, 160
411483.3.peg.725.site.86, 7, 151, 158
411483.3.peg.725.site.87, 10, 145, 155
411483.3.peg.725.site.88, 5, 154, 159
411483.3.peg.725.site.89, 2, 153, 155
411483.3.peg.725.site.90, 15, 152, 167
411483.3.peg.725.site.91, 0, 151, 151
411483.3.peg.725.site.92, 0, 150, 150
411483.3.peg.725.site.93, 1, 152, 153
411483.3.peg.725.site.94, 1, 152, 153
411483.3.peg.725.site.95, 1, 143, 144
411483.3.peg.725.site.96, 1, 138, 139
411483.3.peg.725.site.97, 3, 134, 137
411483.3.peg.725.site.98, 1, 140, 141
411483.3.peg.725.site.99, 135, 137, 272
411483.3.peg.725.site.100, 15, 141, 156
411483.3.peg.725.site.101, 1, 149, 150
411483.3.peg.725.site.102, 0, 146, 146
411483.3.peg.725.site.103, 0, 147, 147
411483.3.peg.725.site.104, 1, 154, 155
411483.3.peg.725.site.105, 0, 154, 154
411483.3.peg.725.site.106, 11, 151, 162
411483.3.peg.725.site.107, 2, 154, 156
411483.3.peg.725.site.108, 1, 154, 155
411483.3.peg.725.site.109, 2, 153, 155
411483.3.peg.725.site.110, 1, 150, 151
411483.3.peg.725.site.111, 2, 151, 153
411483.3.peg.725.site.112, 2, 151, 153
411483.3.peg.725.site.113, 1, 134, 135
411483.3.peg.725.site.114, 77, 111, 188
411483.3.peg.725.site.115, 2, 99, 101
411483.3.peg.725.site.116, 4, 84, 88
411483.3.peg.724.site.1, 6, 138, 144
411483.3.peg.724.site.2, 2, 141, 143
411483.3.peg.724.site.3, 0, 141, 141
411483.3.peg.724.site.4, 49, 131, 180
411483.3.peg.724.site.5, 20, 147, 167
411483.3.peg.724.site.6, 80, 140, 220
411483.3.peg.724.site.7, 9, 145, 154
411483.3.peg.724.site.8, 13, 149, 162
411483.3.peg.724.site.9, 2, 153, 155
411483.3.peg.724.site.10, 66, 140, 206
411483.3.peg.724.site.11, 1, 155, 156
411483.3.peg.724.site.12, 5, 151, 156
411483.3.peg.724.site.13, 54, 142, 196
411483.3.peg.724.site.14, 108, 145, 253
411483.3.peg.724.site.15, 1, 151, 152
411483.3.peg.724.site.16, 6, 147, 153
411483.3.peg.724.site.17, 1, 155, 156
411483.3.peg.724.site.18, 3, 154, 157
411483.3.peg.724.site.19, 139, 152, 291
411483.3.peg.724.site.20, 4, 151, 155
411483.3.peg.724.site.21, 6, 152, 158
411483.3.peg.724.site.22, 0, 155, 155
411483.3.peg.724.site.23, 1, 155, 156
411483.3.peg.724.site.24, 9, 153, 162
411483.3.peg.724.site.25, 1, 154, 155
411483.3.peg.724.site.26, 10, 152, 162
411483.3.peg.724.site.27, 6, 154, 160
411483.3.peg.724.site.28, 4, 153, 157
411483.3.peg.724.site.29, 6, 155, 161
411483.3.peg.724.site.30, 3, 154, 157
411483.3.peg.724.site.31, 4, 152, 156
411483.3.peg.724.site.32, 0, 152, 152
411483.3.peg.724.site.33, 4, 151, 155
411483.3.peg.724.site.34, 1, 141, 142
411483.3.peg.724.site.35, 1, 145, 146
411483.3.peg.724.site.36, 2, 142, 144
411483.3.peg.724.site.37, 0, 138, 138
411483.3.peg.724.site.38, 30, 122, 152
411483.3.peg.724.site.39, 2, 141, 143
411483.3.peg.724.site.40, 140, 148, 288
411483.3.peg.724.site.41, 6, 144, 150
411483.3.peg.724.site.42, 6, 144, 150
411483.3.peg.724.site.43, 2, 148, 150
411483.3.peg.724.site.44, 0, 144, 144
411483.3.peg.724.site.45, 27, 134, 161
411483.3.peg.724.site.46, 1, 144, 145
411483.3.peg.724.site.47, 0, 144, 144
411483.3.peg.724.site.48, 1, 146, 147
411483.3.peg.724.site.49, 3, 144, 147
411483.3.peg.724.site.50, 5, 143, 148
411483.3.peg.724.site.51, 2, 136, 138
411483.3.peg.724.site.52, 6, 138, 144
411483.3.peg.724.site.53, 4, 145, 149
411483.3.peg.724.site.54, 2, 146, 148
411483.3.peg.724.site.55, 1, 146, 147
411483.3.peg.724.site.56, 2, 145, 147
411483.3.peg.724.site.57, 0, 143, 143
411483.3.peg.724.site.58, 5, 147, 152
411483.3.peg.724.site.59, 9, 137, 146
411483.3.peg.724.site.60, 4, 141, 145
411483.3.peg.724.site.61, 45, 129, 174
411483.3.peg.724.site.62, 1, 133, 134
411483.3.peg.724.site.63, 2, 135, 137
411483.3.peg.724.site.64, 61, 128, 189
411483.3.peg.724.site.65, 66, 129, 195
411483.3.peg.724.site.66, 9, 140, 149
411483.3.peg.724.site.67, 86, 137, 223
411483.3.peg.724.site.68, 3, 135, 138
411483.3.peg.724.site.69, 1, 140, 141
411483.3.peg.724.site.70, 9, 138, 147
411483.3.peg.724.site.71, 2, 132, 134
411483.3.peg.724.site.72, 15, 135, 150
411483.3.peg.724.site.73, 1, 133, 134
411483.3.peg.724.site.74, 0, 113, 113
411483.3.peg.724.site.75, 29, 98, 127
411483.3.peg.724.site.76, 28, 96, 124
411483.3.peg.724.site.77, 27, 94, 121
411483.3.peg.724.site.78, 26, 93, 119
411483.3.peg.724.site.79, 1, 104, 105
411483.3.peg.724.site.80, 0, 105, 105
411483.3.peg.724.site.81, 8, 109, 117
411483.3.peg.724.site.82, 3, 115, 118
411483.3.peg.724.site.83, 9, 123, 132
411483.3.peg.724.site.84, 5, 126, 131
411483.3.peg.724.site.85, 1, 136, 137
411483.3.peg.724.site.86, 33, 125, 158
411483.3.peg.724.site.87, 11, 126, 137
411483.3.peg.724.site.88, 4, 137, 141
411483.3.peg.724.site.89, 3, 129, 132
411483.3.peg.724.site.90, 0, 127, 127
411483.3.peg.724.site.91, 3, 118, 121
411483.3.peg.724.site.92, 0, 116, 116
411483.3.peg.724.site.93, 1, 117, 118
411483.3.peg.724.site.94, 0, 114, 114
411483.3.peg.724.site.95, 2, 89, 91
411483.3.peg.724.site.96, 4, 73, 77
411483.3.peg.724.site.97, 19, 62, 81
411483.3.peg.724.site.98, 20, 36, 56
411483.3.peg.724.site.99, 5, 36, 41
411483.3.peg.724.site.100, 1, 23, 24
411483.3.peg.724.site.101, 17, 21, 38
411483.3.peg.724.site.102, 1, 29, 30
411483.3.peg.724.site.103, 33, 34, 67
411483.3.peg.724.site.104, 7, 48, 55
411483.3.peg.724.site.105, 1, 57, 58
411483.3.peg.724.site.106, 18, 77, 95
411483.3.peg.724.site.107, 4, 105, 109
411483.3.peg.724.site.108, 3, 104, 107
411483.3.peg.724.site.109, 1, 100, 101
411483.3.peg.724.site.110, 22, 86, 108
411483.3.peg.724.site.111, 3, 127, 130
411483.3.peg.724.site.112, 0, 127, 127
411483.3.peg.724.site.113, 0, 142, 142
411483.3.peg.724.site.114, 26, 140, 166
411483.3.peg.724.site.115, 12, 148, 160
411483.3.peg.724.site.116, 13, 150, 163
411483.3.peg.724.site.117, 148, 150, 298
411483.3.peg.724.site.118, 3, 151, 154
411483.3.peg.724.site.119, 6, 148, 154
411483.3.peg.724.site.120, 3, 147, 150
411483.3.peg.724.site.121, 1, 148, 149
411483.3.peg.727.site.1, 1, 146, 147
411483.3.peg.727.site.2, 1, 145, 146
411483.3.peg.727.site.3, 4, 146, 150
411483.3.peg.727.site.4, 144, 145, 289
411483.3.peg.727.site.5, 6, 140, 146
411483.3.peg.727.site.6, 86, 142, 228
411483.3.peg.727.site.7, 1, 147, 148
411483.3.peg.727.site.8, 3, 146, 149
411483.3.peg.727.site.9, 3, 148, 151
411483.3.peg.727.site.10, 11, 145, 156
411483.3.peg.727.site.11, 3, 143, 146
411483.3.peg.727.site.12, 17, 142, 159
411483.3.peg.727.site.13, 2, 144, 146
411483.3.peg.727.site.14, 3, 146, 149
411483.3.peg.727.site.15, 8, 146, 154
411483.3.peg.727.site.16, 4, 143, 147
411483.3.peg.727.site.17, 7, 146, 153
411483.3.peg.727.site.18, 1, 144, 145
411483.3.peg.727.site.19, 2, 147, 149
411483.3.peg.727.site.20, 1, 146, 147
411483.3.peg.727.site.21, 1, 148, 149
411483.3.peg.727.site.22, 0, 148, 148
411483.3.peg.727.site.23, 3, 148, 151
411483.3.peg.727.site.24, 87, 140, 227
411483.3.peg.727.site.25, 0, 144, 144
411483.3.peg.727.site.26, 3, 148, 151
411483.3.peg.727.site.27, 1, 149, 150
411483.3.peg.727.site.28, 4, 146, 150
411483.3.peg.727.site.29, 1, 148, 149
411483.3.peg.727.site.30, 1, 149, 150
411483.3.peg.727.site.31, 8, 147, 155
411483.3.peg.727.site.32, 1, 148, 149
411483.3.peg.727.site.33, 3, 149, 152
411483.3.peg.727.site.34, 8, 147, 155
411483.3.peg.727.site.35, 0, 147, 147
411483.3.peg.727.site.36, 0, 146, 146
411483.3.peg.727.site.37, 9, 142, 151
411483.3.peg.727.site.38, 1, 146, 147
411483.3.peg.727.site.39, 1, 128, 129
411483.3.peg.727.site.40, 1, 132, 133
411483.3.peg.727.site.41, 104, 110, 214
411483.3.peg.727.site.42, 103, 105, 208
411483.3.peg.727.site.43, 26, 87, 113
411483.3.peg.727.site.44, 14, 86, 100
411483.3.peg.727.site.45, 2, 87, 89
411483.3.peg.727.site.46, 18, 96, 114
411483.3.peg.727.site.47, 70, 101, 171
411483.3.peg.727.site.48, 104, 118, 222
411483.3.peg.727.site.49, 4, 142, 146
411483.3.peg.727.site.50, 6, 146, 152
411483.3.peg.727.site.51, 3, 148, 151
411483.3.peg.727.site.52, 1, 149, 150
411483.3.peg.727.site.53, 2, 148, 150
411483.3.peg.727.site.54, 3, 149, 152
411483.3.peg.727.site.55, 2, 148, 150
411483.3.peg.727.site.56, 3, 148, 151
411483.3.peg.726.site.1, 12, 149, 161
411483.3.peg.726.site.2, 1, 154, 155
411483.3.peg.726.site.3, 17, 149, 166
411483.3.peg.726.site.4, 2, 153, 155
411483.3.peg.726.site.5, 6, 148, 154
411483.3.peg.726.site.6, 1, 140, 141
411483.3.peg.726.site.7, 5, 120, 125
411483.3.peg.726.site.8, 12, 128, 140
411483.3.peg.726.site.9, 1, 131, 132
411483.3.peg.726.site.10, 99, 132, 231
411483.3.peg.726.site.11, 4, 141, 145
411483.3.peg.726.site.12, 3, 135, 138
411483.3.peg.726.site.13, 8, 136, 144
411483.3.peg.726.site.14, 3, 135, 138
411483.3.peg.726.site.15, 6, 134, 140
411483.3.peg.726.site.16, 8, 135, 143
411483.3.peg.726.site.17, 1, 128, 129
411483.3.peg.726.site.18, 1, 138, 139
411483.3.peg.726.site.19, 2, 138, 140
411483.3.peg.726.site.20, 7, 134, 141
411483.3.peg.726.site.21, 6, 146, 152
411483.3.peg.726.site.22, 6, 146, 152
411483.3.peg.726.site.23, 2, 145, 147
411483.3.peg.726.site.24, 1, 144, 145
411483.3.peg.726.site.25, 9, 145, 154
411483.3.peg.726.site.26, 109, 136, 245
411483.3.peg.726.site.27, 0, 148, 148
411483.3.peg.726.site.28, 0, 146, 146
411483.3.peg.726.site.29, 1, 143, 144
411483.3.peg.726.site.30, 31, 142, 173
411483.3.peg.726.site.31, 6, 149, 155
411483.3.peg.726.site.32, 2, 146, 148
411483.3.peg.726.site.33, 1, 144, 145
411483.3.peg.726.site.34, 0, 148, 148
411483.3.peg.726.site.35, 4, 148, 152
411483.3.peg.726.site.36, 7, 150, 157
411483.3.peg.726.site.37, 114, 139, 253
411483.3.peg.726.site.38, 0, 151, 151
411483.3.peg.726.site.39, 2, 150, 152
411483.3.peg.726.site.40, 16, 141, 157
411483.3.peg.726.site.41, 1, 149, 150
411483.3.peg.726.site.42, 0, 146, 146
411483.3.peg.726.site.43, 5, 134, 139
411483.3.peg.726.site.44, 11, 130, 141
411483.3.peg.726.site.45, 4, 110, 114
411483.3.peg.726.site.46, 3, 78, 81
411483.3.peg.351.site.1, 1, 146, 147
411483.3.peg.351.site.2, 2, 150, 152
411483.3.peg.351.site.3, 9, 144, 153
411483.3.peg.351.site.4, 6, 135, 141
411483.3.peg.351.site.5, 35, 140, 175
411483.3.peg.351.site.6, 6, 144, 150
411483.3.peg.351.site.7, 2, 143, 145
411483.3.peg.351.site.8, 24, 141, 165
411483.3.peg.351.site.9, 16, 147, 163
411483.3.peg.351.site.10, 6, 153, 159
411483.3.peg.351.site.11, 2, 154, 156
411483.3.peg.351.site.12, 104, 146, 250
411483.3.peg.351.site.13, 10, 152, 162
411483.3.peg.351.site.14, 6, 149, 155
411483.3.peg.351.site.15, 122, 146, 268
411483.3.peg.351.site.16, 4, 151, 155
411483.3.peg.351.site.17, 15, 147, 162
411483.3.peg.351.site.18, 72, 122, 194
411483.3.peg.351.site.19, 4, 141, 145
411483.3.peg.351.site.20, 3, 136, 139
411483.3.peg.351.site.21, 1, 141, 142
411483.3.peg.351.site.22, 69, 131, 200
411483.3.peg.351.site.23, 138, 138, 276
411483.3.peg.351.site.24, 3, 136, 139
411483.3.peg.351.site.25, 7, 133, 140
411483.3.peg.351.site.26, 2, 133, 135
411483.3.peg.351.site.27, 0, 124, 124
411483.3.peg.351.site.28, 19, 123, 142
411483.3.peg.351.site.29, 8, 129, 137
411483.3.peg.351.site.30, 1, 134, 135
411483.3.peg.351.site.31, 10, 135, 145
411483.3.peg.351.site.32, 0, 149, 149
411483.3.peg.351.site.33, 1, 151, 152
411483.3.peg.351.site.34, 4, 152, 156
411483.3.peg.351.site.35, 15, 151, 166
411483.3.peg.351.site.36, 51, 144, 195
411483.3.peg.351.site.37, 3, 154, 157
411483.3.peg.351.site.38, 5, 148, 153
411483.3.peg.351.site.39, 108, 147, 255
411483.3.peg.351.site.40, 0, 155, 155
411483.3.peg.351.site.41, 4, 155, 159
411483.3.peg.351.site.42, 26, 145, 171
411483.3.peg.351.site.43, 1, 154, 155
411483.3.peg.351.site.44, 1, 154, 155
411483.3.peg.351.site.45, 21, 150, 171
411483.3.peg.351.site.46, 3, 153, 156
411483.3.peg.351.site.47, 3, 152, 155
411483.3.peg.351.site.48, 9, 151, 160
411483.3.peg.351.site.49, 5, 151, 156
411483.3.peg.351.site.50, 5, 149, 154
411483.3.peg.351.site.51, 20, 147, 167
411483.3.peg.351.site.52, 17, 147, 164
411483.3.peg.351.site.53, 4, 148, 152
411483.3.peg.351.site.54, 1, 151, 152
411483.3.peg.351.site.55, 4, 144, 148
411483.3.peg.351.site.56, 146, 146, 292
411483.3.peg.1105.site.1, 1, 143, 144
411483.3.peg.1105.site.2, 0, 152, 152
411483.3.peg.1105.site.3, 0, 154, 154
411483.3.peg.1105.site.4, 6, 154, 160
411483.3.peg.1105.site.5, 1, 154, 155
411483.3.peg.1105.site.6, 0, 153, 153
411483.3.peg.1105.site.7, 1, 154, 155
411483.3.peg.1105.site.8, 118, 149, 267
411483.3.peg.1105.site.9, 0, 152, 152
411483.3.peg.1105.site.10, 6, 151, 157
411483.3.peg.1105.site.11, 1, 151, 152
411483.3.peg.1105.site.12, 1, 151, 152
411483.3.peg.1105.site.13, 1, 149, 150
411483.3.peg.1105.site.14, 3, 148, 151
411483.3.peg.1105.site.15, 7, 144, 151
411483.3.peg.1105.site.16, 6, 138, 144
411483.3.peg.1105.site.17, 11, 138, 149
411483.3.peg.1105.site.18, 7, 142, 149
411483.3.peg.1105.site.19, 1, 145, 146
411483.3.peg.1105.site.20, 67, 133, 200
411483.3.peg.1105.site.21, 1, 140, 141
411483.3.peg.1105.site.22, 1, 149, 150
411483.3.peg.1105.site.23, 1, 148, 149
411483.3.peg.1105.site.24, 3, 152, 155
411483.3.peg.1105.site.25, 89, 140, 229
411483.3.peg.1105.site.26, 2, 149, 151
411483.3.peg.1105.site.27, 2, 150, 152
411483.3.peg.1105.site.28, 1, 147, 148
411483.3.peg.1105.site.29, 12, 146, 158
411483.3.peg.1105.site.30, 1, 138, 139
411483.3.peg.1105.site.31, 2, 141, 143
411483.3.peg.1105.site.32, 4, 111, 115
411483.3.peg.1105.site.33, 9, 118, 127
411483.3.peg.1105.site.34, 2, 116, 118
411483.3.peg.1105.site.35, 7, 133, 140
411483.3.peg.1105.site.36, 6, 132, 138
411483.3.peg.1105.site.37, 5, 134, 139
411483.3.peg.1105.site.38, 5, 128, 133
411483.3.peg.1105.site.39, 2, 135, 137
411483.3.peg.1105.site.40, 84, 121, 205
411483.3.peg.1105.site.41, 3, 135, 138
411483.3.peg.1105.site.42, 1, 138, 139
411483.3.peg.1105.site.43, 24, 124, 148
411483.3.peg.1105.site.44, 40, 123, 163
411483.3.peg.1105.site.45, 1, 138, 139
411483.3.peg.1105.site.46, 0, 144, 144
411483.3.peg.1105.site.47, 2, 142, 144
411483.3.peg.1105.site.48, 1, 152, 153
411483.3.peg.1105.site.49, 2, 153, 155
411483.3.peg.1105.site.50, 1, 152, 153
411483.3.peg.1105.site.51, 13, 153, 166
411483.3.peg.1105.site.52, 6, 151, 157
411483.3.peg.1105.site.53, 1, 149, 150
411483.3.peg.1105.site.54, 4, 146, 150
411483.3.peg.1105.site.55, 1, 141, 142
411483.3.peg.1105.site.56, 25, 135, 160
411483.3.peg.1105.site.57, 10, 135, 145
411483.3.peg.1105.site.58, 1, 142, 143
411483.3.peg.1105.site.59, 2, 145, 147
411483.3.peg.1105.site.60, 2, 143, 145
411483.3.peg.1105.site.61, 1, 139, 140
411483.3.peg.1105.site.62, 12, 98, 110
411483.3.peg.1105.site.63, 2, 43, 45
411483.3.peg.1104.site.1, 0, 138, 138
411483.3.peg.1104.site.2, 15, 136, 151
411483.3.peg.1104.site.3, 13, 134, 147
411483.3.peg.1104.site.4, 1, 137, 138
411483.3.peg.1104.site.5, 0, 139, 139
411483.3.peg.1104.site.6, 0, 137, 137
411483.3.peg.1104.site.7, 2, 138, 140
411483.3.peg.1104.site.8, 11, 138, 149
411483.3.peg.1104.site.9, 2, 138, 140
411483.3.peg.1104.site.10, 20, 134, 154
411483.3.peg.1104.site.11, 5, 135, 140
411483.3.peg.1104.site.12, 7, 132, 139
411483.3.peg.1104.site.13, 1, 124, 125
411483.3.peg.1104.site.14, 2, 122, 124
411483.3.peg.1104.site.15, 1, 128, 129
411483.3.peg.1104.site.16, 12, 113, 125
411483.3.peg.1104.site.17, 3, 120, 123
411483.3.peg.1104.site.18, 7, 120, 127
411483.3.peg.1104.site.19, 101, 124, 225
411483.3.peg.1104.site.20, 1, 130, 131
411483.3.peg.1104.site.21, 2, 130, 132
411483.3.peg.1104.site.22, 9, 127, 136
411483.3.peg.1104.site.23, 1, 134, 135
411483.3.peg.1104.site.24, 1, 130, 131
411483.3.peg.1104.site.25, 8, 127, 135
411483.3.peg.1104.site.26, 3, 128, 131
411483.3.peg.1104.site.27, 1, 118, 119
411483.3.peg.1104.site.28, 4, 122, 126
411483.3.peg.1104.site.29, 58, 96, 154
411483.3.peg.1104.site.30, 4, 96, 100
411483.3.peg.1104.site.31, 0, 103, 103
411483.3.peg.1104.site.32, 28, 105, 133
411483.3.peg.1104.site.33, 1, 120, 121
411483.3.peg.1104.site.34, 44, 115, 159
411483.3.peg.1104.site.35, 111, 127, 238
411483.3.peg.1104.site.36, 1, 138, 139
411483.3.peg.1104.site.37, 4, 137, 141
411483.3.peg.1104.site.38, 0, 142, 142
411483.3.peg.1104.site.39, 1, 141, 142
411483.3.peg.1104.site.40, 1, 128, 129
411483.3.peg.1104.site.41, 65, 120, 185
411483.3.peg.1104.site.42, 7, 121, 128
411483.3.peg.1104.site.43, 1, 60, 61
411483.3.peg.1104.site.44, 1, 27, 28
411483.3.peg.1104.site.45, 0, 27, 27
411483.3.peg.1104.site.46, 3, 18, 21
411483.3.peg.1104.site.47, 1, 13, 14
411483.3.peg.1103.site.1, 15, 109, 124
411483.3.peg.1103.site.2, 3, 116, 119
411483.3.peg.1103.site.3, 3, 124, 127
411483.3.peg.1103.site.4, 43, 116, 159
411483.3.peg.1103.site.5, 0, 121, 121
411483.3.peg.1103.site.6, 3, 130, 133
411483.3.peg.1103.site.7, 1, 139, 140
411483.3.peg.1103.site.8, 8, 144, 152
411483.3.peg.1103.site.9, 2, 147, 149
411483.3.peg.1103.site.10, 0, 148, 148
411483.3.peg.1103.site.11, 1, 147, 148
411483.3.peg.1103.site.12, 2, 148, 150
411483.3.peg.1103.site.13, 1, 147, 148
411483.3.peg.1103.site.14, 109, 132, 241
411483.3.peg.1103.site.15, 2, 141, 143
411483.3.peg.1103.site.16, 27, 131, 158
411483.3.peg.1103.site.17, 25, 131, 156
411483.3.peg.1103.site.18, 1, 138, 139
411483.3.peg.1103.site.19, 0, 127, 127
411483.3.peg.1103.site.20, 4, 134, 138
411483.3.peg.1103.site.21, 1, 128, 129
411483.3.peg.1103.site.22, 3, 123, 126
411483.3.peg.1103.site.23, 14, 134, 148
411483.3.peg.1103.site.24, 1, 146, 147
411483.3.peg.1102.site.1, 48, 119, 167
411483.3.peg.1102.site.2, 19, 125, 144
411483.3.peg.1102.site.3, 21, 129, 150
411483.3.peg.1102.site.4, 1, 136, 137
411483.3.peg.1102.site.5, 10, 131, 141
411483.3.peg.1102.site.6, 2, 135, 137
411483.3.peg.1102.site.7, 2, 148, 150
411483.3.peg.1102.site.8, 2, 152, 154
411483.3.peg.1102.site.9, 2, 153, 155
411483.3.peg.1102.site.10, 2, 152, 154
411483.3.peg.1102.site.11, 1, 151, 152
411483.3.peg.1102.site.12, 1, 154, 155
411483.3.peg.1102.site.13, 2, 152, 154
411483.3.peg.1102.site.14, 4, 149, 153
411483.3.peg.1102.site.15, 6, 150, 156
411483.3.peg.1102.site.16, 3, 145, 148
411483.3.peg.1102.site.17, 7, 147, 154
411483.3.peg.1102.site.18, 76, 144, 220
411483.3.peg.1102.site.19, 4, 128, 132
411483.3.peg.1102.site.20, 8, 135, 143
411483.3.peg.1102.site.21, 1, 136, 137
411483.3.peg.1102.site.22, 79, 111, 190
411483.3.peg.1102.site.23, 5, 104, 109
411483.3.peg.1102.site.24, 7, 103, 110
411483.3.peg.1102.site.25, 19, 97, 116
411483.3.peg.1102.site.26, 1, 87, 88
411483.3.peg.1102.site.27, 28, 77, 105
411483.3.peg.1102.site.28, 1, 89, 90
411483.3.peg.1102.site.29, 54, 98, 152
411483.3.peg.1102.site.30, 51, 119, 170
411483.3.peg.1102.site.31, 8, 139, 147
411483.3.peg.1102.site.32, 75, 115, 190
411483.3.peg.1102.site.33, 10, 144, 154
411483.3.peg.1102.site.34, 7, 147, 154
411483.3.peg.1102.site.35, 25, 137, 162
411483.3.peg.1102.site.36, 3, 140, 143
411483.3.peg.1102.site.37, 1, 133, 134
411483.3.peg.1102.site.38, 1, 126, 127
411483.3.peg.1102.site.39, 59, 110, 169
411483.3.peg.1102.site.40, 59, 112, 171
411483.3.peg.1102.site.41, 0, 122, 122
411483.3.peg.1102.site.42, 1, 123, 124
411483.3.peg.1102.site.43, 1, 124, 125
411483.3.peg.1102.site.44, 2, 127, 129
411483.3.peg.1102.site.45, 10, 126, 136
411483.3.peg.1102.site.46, 5, 129, 134
411483.3.peg.1102.site.47, 1, 146, 147
411483.3.peg.1102.site.48, 35, 144, 179
411483.3.peg.1102.site.49, 31, 140, 171
411483.3.peg.1102.site.50, 7, 148, 155
411483.3.peg.1102.site.51, 12, 137, 149
411483.3.peg.1102.site.52, 5, 134, 139
411483.3.peg.1102.site.53, 5, 124, 129
411483.3.peg.1102.site.54, 45, 123, 168
411483.3.peg.1102.site.55, 57, 115, 172
411483.3.peg.1102.site.56, 2, 124, 126
411483.3.peg.1102.site.57, 123, 132, 255
411483.3.peg.1102.site.58, 2, 138, 140
411483.3.peg.1102.site.59, 79, 131, 210
411483.3.peg.1102.site.60, 3, 141, 144
411483.3.peg.1102.site.61, 1, 140, 141
411483.3.peg.1102.site.62, 1, 144, 145
411483.3.peg.1102.site.63, 13, 138, 151
411483.3.peg.1102.site.64, 9, 131, 140
411483.3.peg.1102.site.65, 3, 137, 140
411483.3.peg.1102.site.66, 2, 135, 137
411483.3.peg.1102.site.67, 2, 127, 129
411483.3.peg.1102.site.68, 12, 122, 134
411483.3.peg.1102.site.69, 3, 109, 112
411483.3.peg.1102.site.70, 6, 112, 118
411483.3.peg.1102.site.71, 8, 111, 119
411483.3.peg.1100.site.1, 17, 150, 167
411483.3.peg.1100.site.2, 9, 149, 158
411483.3.peg.1100.site.3, 3, 143, 146
411483.3.peg.1100.site.4, 27, 144, 171
411483.3.peg.1100.site.5, 1, 149, 150
411483.3.peg.1100.site.6, 2, 142, 144
411483.3.peg.1100.site.7, 4, 138, 142
411483.3.peg.1100.site.8, 3, 118, 121
411483.3.peg.1100.site.9, 2, 98, 100
411483.3.peg.1100.site.10, 3, 116, 119
411483.3.peg.1100.site.11, 11, 110, 121
411483.3.peg.1100.site.12, 6, 119, 125
411483.3.peg.1100.site.13, 1, 121, 122
411483.3.peg.1100.site.14, 39, 119, 158
411483.3.peg.1100.site.15, 5, 132, 137
411483.3.peg.1100.site.16, 1, 146, 147
411483.3.peg.1100.site.17, 3, 145, 148
411483.3.peg.1100.site.18, 0, 145, 145
411483.3.peg.1100.site.19, 0, 146, 146
411483.3.peg.1100.site.20, 1, 146, 147
411483.3.peg.1100.site.21, 6, 148, 154
411483.3.peg.1100.site.22, 2, 152, 154
411483.3.peg.1100.site.23, 18, 144, 162
411483.3.peg.1100.site.24, 109, 140, 249
411483.3.peg.1100.site.25, 3, 147, 150
411483.3.peg.1100.site.26, 8, 150, 158
411483.3.peg.1100.site.27, 53, 146, 199
411483.3.peg.1100.site.28, 25, 150, 175
411483.3.peg.1100.site.29, 0, 148, 148
411483.3.peg.1100.site.30, 112, 140, 252
411483.3.peg.1100.site.31, 1, 148, 149
411483.3.peg.1100.site.32, 5, 148, 153
411483.3.peg.1100.site.33, 0, 151, 151
411483.3.peg.1100.site.34, 1, 152, 153
411483.3.peg.1100.site.35, 12, 150, 162
411483.3.peg.1100.site.36, 3, 152, 155
411483.3.peg.1100.site.37, 0, 153, 153
411483.3.peg.1100.site.38, 76, 140, 216
411483.3.peg.1100.site.39, 26, 149, 175
411483.3.peg.1100.site.40, 20, 147, 167
411483.3.peg.1100.site.41, 102, 145, 247
411483.3.peg.1100.site.42, 76, 143, 219
411483.3.peg.1100.site.43, 1, 150, 151
411483.3.peg.1100.site.44, 0, 149, 149
411483.3.peg.1100.site.45, 1, 148, 149
411483.3.peg.1100.site.46, 52, 138, 190
411483.3.peg.1100.site.47, 39, 125, 164
411483.3.peg.1100.site.48, 1, 136, 137
411483.3.peg.1100.site.49, 6, 133, 139
411483.3.peg.1100.site.50, 0, 133, 133
411483.3.peg.1100.site.51, 28, 110, 138
411483.3.peg.1100.site.52, 2, 73, 75
411483.3.peg.1768.site.1, 16, 141, 157
411483.3.peg.1768.site.2, 72, 138, 210
411483.3.peg.1768.site.3, 10, 139, 149
411483.3.peg.1768.site.4, 6, 140, 146
411483.3.peg.1768.site.5, 8, 133, 141
411483.3.peg.1768.site.6, 4, 135, 139
411483.3.peg.1768.site.7, 0, 132, 132
411483.3.peg.1768.site.8, 10, 116, 126
411483.3.peg.1768.site.9, 5, 108, 113
411483.3.peg.1768.site.10, 2, 108, 110
411483.3.peg.1768.site.11, 1, 108, 109
411483.3.peg.1768.site.12, 5, 109, 114
411483.3.peg.1768.site.13, 2, 115, 117
411483.3.peg.1768.site.14, 3, 117, 120
411483.3.peg.1768.site.15, 2, 117, 119
411483.3.peg.1768.site.16, 1, 116, 117
411483.3.peg.1768.site.17, 2, 120, 122
411483.3.peg.1768.site.18, 3, 130, 133
411483.3.peg.1768.site.19, 6, 131, 137
411483.3.peg.1768.site.20, 2, 136, 138
411483.3.peg.1768.site.21, 6, 134, 140
411483.3.peg.1768.site.22, 0, 135, 135
411483.3.peg.1768.site.23, 7, 135, 142
411483.3.peg.1768.site.24, 0, 143, 143
411483.3.peg.1768.site.25, 4, 139, 143
411483.3.peg.1768.site.26, 1, 141, 142
411483.3.peg.1768.site.27, 0, 139, 139
411483.3.peg.1768.site.28, 1, 139, 140
411483.3.peg.1768.site.29, 7, 137, 144
411483.3.peg.1768.site.30, 11, 137, 148
411483.3.peg.1768.site.31, 11, 135, 146
411483.3.peg.1768.site.32, 0, 131, 131
411483.3.peg.1768.site.33, 0, 134, 134
411483.3.peg.1768.site.34, 1, 140, 141
411483.3.peg.1768.site.35, 2, 137, 139
411483.3.peg.1768.site.36, 2, 143, 145
411483.3.peg.1768.site.37, 8, 148, 156
411483.3.peg.1768.site.38, 5, 149, 154
411483.3.peg.1768.site.39, 5, 149, 154
411483.3.peg.1768.site.40, 1, 147, 148
411483.3.peg.1768.site.41, 3, 145, 148
411483.3.peg.1768.site.42, 6, 143, 149
411483.3.peg.1768.site.43, 2, 148, 150
411483.3.peg.1768.site.44, 7, 137, 144
411483.3.peg.1768.site.45, 6, 137, 143
411483.3.peg.1768.site.46, 1, 127, 128
411483.3.peg.1768.site.47, 7, 134, 141
411483.3.peg.1768.site.48, 2, 136, 138
411483.3.peg.1768.site.49, 9, 131, 140
411483.3.peg.1768.site.50, 1, 145, 146
411483.3.peg.1768.site.51, 1, 149, 150
411483.3.peg.1768.site.52, 1, 150, 151
411483.3.peg.1768.site.53, 12, 146, 158
411483.3.peg.1768.site.54, 108, 146, 254
411483.3.peg.1768.site.55, 11, 147, 158
411483.3.peg.1768.site.56, 121, 146, 267
411483.3.peg.1768.site.57, 12, 152, 164
411483.3.peg.1768.site.58, 1, 154, 155
411483.3.peg.1768.site.59, 0, 153, 153
411483.3.peg.1768.site.60, 82, 150, 232
411483.3.peg.2322.site.1, 3, 149, 152
411483.3.peg.2322.site.2, 1, 144, 145
411483.3.peg.2322.site.3, 138, 142, 280
411483.3.peg.2322.site.4, 0, 147, 147
411483.3.peg.2322.site.5, 16, 139, 155
411483.3.peg.2322.site.6, 1, 139, 140
411483.3.peg.2322.site.7, 11, 140, 151
411483.3.peg.2322.site.8, 11, 144, 155
411483.3.peg.2322.site.9, 6, 146, 152
411483.3.peg.2322.site.10, 2, 145, 147
411483.3.peg.2322.site.11, 0, 143, 143
411483.3.peg.2322.site.12, 0, 147, 147
411483.3.peg.2322.site.13, 2, 138, 140
411483.3.peg.2322.site.14, 4, 142, 146
411483.3.peg.2322.site.15, 4, 142, 146
411483.3.peg.2322.site.16, 2, 140, 142
411483.3.peg.2322.site.17, 2, 148, 150
411483.3.peg.2322.site.18, 0, 138, 138
411483.3.peg.2322.site.19, 2, 149, 151
411483.3.peg.2322.site.20, 0, 146, 146
411483.3.peg.2322.site.21, 3, 150, 153
411483.3.peg.2322.site.22, 2, 152, 154
411483.3.peg.2322.site.23, 0, 150, 150
411483.3.peg.2322.site.24, 1, 153, 154
411483.3.peg.2322.site.25, 9, 153, 162
411483.3.peg.2322.site.26, 2, 151, 153
411483.3.peg.2322.site.27, 7, 154, 161
411483.3.peg.2322.site.28, 2, 153, 155
411483.3.peg.2322.site.29, 11, 147, 158
411483.3.peg.2322.site.30, 37, 144, 181
411483.3.peg.2322.site.31, 0, 155, 155
411483.3.peg.2322.site.32, 10, 154, 164
411483.3.peg.2323.site.1, 2, 152, 154
411483.3.peg.2323.site.2, 2, 151, 153
411483.3.peg.2323.site.3, 1, 145, 146
411483.3.peg.2323.site.4, 12, 141, 153
411483.3.peg.2323.site.5, 0, 143, 143
411483.3.peg.2323.site.6, 2, 152, 154
411483.3.peg.2323.site.7, 4, 151, 155
411483.3.peg.2323.site.8, 10, 142, 152
411483.3.peg.2323.site.9, 129, 145, 274
411483.3.peg.2323.site.10, 2, 144, 146
411483.3.peg.2323.site.11, 8, 148, 156
411483.3.peg.2323.site.12, 4, 147, 151
411483.3.peg.2323.site.13, 1, 145, 146
411483.3.peg.2323.site.14, 3, 145, 148
411483.3.peg.2323.site.15, 1, 140, 141
411483.3.peg.2323.site.16, 1, 134, 135
411483.3.peg.2323.site.17, 137, 137, 274
411483.3.peg.2323.site.18, 0, 133, 133
411483.3.peg.2323.site.19, 3, 138, 141
411483.3.peg.2323.site.20, 2, 137, 139
411483.3.peg.2323.site.21, 11, 138, 149
411483.3.peg.2323.site.22, 4, 141, 145
411483.3.peg.2323.site.23, 1, 143, 144
411483.3.peg.2323.site.24, 7, 144, 151
411483.3.peg.2323.site.25, 2, 145, 147
411483.3.peg.2323.site.26, 0, 148, 148
411483.3.peg.2323.site.27, 5, 144, 149
411483.3.peg.2323.site.28, 7, 143, 150
411483.3.peg.2323.site.29, 2, 148, 150
411483.3.peg.2323.site.30, 1, 150, 151
411483.3.peg.2323.site.31, 1, 142, 143
411483.3.peg.2323.site.32, 5, 148, 153
411483.3.peg.2323.site.33, 31, 144, 175
411483.3.peg.2323.site.34, 6, 149, 155
411483.3.peg.2323.site.35, 0, 150, 150
411483.3.peg.2323.site.36, 4, 151, 155
411483.3.peg.2323.site.37, 0, 152, 152
411483.3.peg.2320.site.1, 1, 152, 153
411483.3.peg.2320.site.2, 1, 151, 152
411483.3.peg.2320.site.3, 2, 151, 153
411483.3.peg.2320.site.4, 1, 153, 154
411483.3.peg.2320.site.5, 5, 150, 155
411483.3.peg.2320.site.6, 2, 152, 154
411483.3.peg.2320.site.7, 4, 153, 157
411483.3.peg.2320.site.8, 2, 152, 154
411483.3.peg.2320.site.9, 2, 152, 154
411483.3.peg.2320.site.10, 1, 152, 153
411483.3.peg.2320.site.11, 6, 145, 151
411483.3.peg.2320.site.12, 94, 132, 226
411483.3.peg.2320.site.13, 2, 145, 147
411483.3.peg.2320.site.14, 128, 142, 270
411483.3.peg.2320.site.15, 4, 146, 150
411483.3.peg.2320.site.16, 0, 150, 150
411483.3.peg.2320.site.17, 1, 150, 151
411483.3.peg.2320.site.18, 72, 136, 208
411483.3.peg.2320.site.19, 1, 149, 150
411483.3.peg.2320.site.20, 2, 117, 119
411483.3.peg.2320.site.21, 4, 142, 146
411483.3.peg.2320.site.22, 8, 147, 155
411483.3.peg.2320.site.23, 4, 149, 153
411483.3.peg.2320.site.24, 2, 151, 153
411483.3.peg.2320.site.25, 1, 147, 148
411483.3.peg.2320.site.26, 9, 147, 156
411483.3.peg.2320.site.27, 22, 142, 164
411483.3.peg.2320.site.28, 75, 138, 213
411483.3.peg.2320.site.29, 4, 151, 155
411483.3.peg.2321.site.1, 155, 155, 310
411483.3.peg.2321.site.2, 10, 152, 162
411483.3.peg.2321.site.3, 0, 155, 155
411483.3.peg.2321.site.4, 1, 154, 155
411483.3.peg.2321.site.5, 3, 152, 155
411483.3.peg.2321.site.6, 0, 149, 149
411483.3.peg.2321.site.7, 1, 150, 151
411483.3.peg.2321.site.8, 2, 147, 149
411483.3.peg.2321.site.9, 1, 152, 153
411483.3.peg.2321.site.10, 118, 149, 267
411483.3.peg.2321.site.11, 4, 154, 158
411483.3.peg.2321.site.12, 0, 148, 148
411483.3.peg.2321.site.13, 2, 154, 156
411483.3.peg.2321.site.14, 2, 154, 156
411483.3.peg.2321.site.15, 60, 143, 203
411483.3.peg.2321.site.16, 1, 155, 156
411483.3.peg.2321.site.17, 7, 154, 161
411483.3.peg.2321.site.18, 2, 154, 156
411483.3.peg.2321.site.19, 4, 154, 158
411483.3.peg.2321.site.20, 3, 155, 158
411483.3.peg.2321.site.21, 7, 153, 160
411483.3.peg.2321.site.22, 8, 152, 160
411483.3.peg.2321.site.23, 3, 148, 151
411483.3.peg.2321.site.24, 1, 153, 154
411483.3.peg.2321.site.25, 3, 153, 156
411483.3.peg.2321.site.26, 5, 155, 160
411483.3.peg.2321.site.27, 3, 148, 151
411483.3.peg.2321.site.28, 1, 131, 132
411483.3.peg.2321.site.29, 0, 119, 119
411483.3.peg.2321.site.30, 3, 137, 140
411483.3.peg.2321.site.31, 67, 138, 205
411483.3.peg.2321.site.32, 4, 141, 145
411483.3.peg.2321.site.33, 1, 142, 143
411483.3.peg.2321.site.34, 3, 139, 142
411483.3.peg.2321.site.35, 3, 140, 143
411483.3.peg.2321.site.36, 101, 135, 236
411483.3.peg.2321.site.37, 0, 138, 138
411483.3.peg.2321.site.38, 2, 145, 147
411483.3.peg.2321.site.39, 0, 143, 143
411483.3.peg.2321.site.40, 1, 148, 149
411483.3.peg.2321.site.41, 2, 150, 152
411483.3.peg.2321.site.42, 44, 133, 177
411483.3.peg.2321.site.43, 5, 151, 156
411483.3.peg.2321.site.44, 3, 148, 151
411483.3.peg.2321.site.45, 3, 148, 151
411483.3.peg.2321.site.46, 0, 148, 148
411483.3.peg.2321.site.47, 146, 148, 294
411483.3.peg.2321.site.48, 7, 141, 148
411483.3.peg.2321.site.49, 51, 133, 184
411483.3.peg.2321.site.50, 0, 141, 141
411483.3.peg.2321.site.51, 2, 145, 147
411483.3.peg.2321.site.52, 0, 148, 148
411483.3.peg.2321.site.53, 1, 150, 151
411483.3.peg.2321.site.54, 1, 149, 150
411483.3.peg.2321.site.55, 4, 153, 157
411483.3.peg.2321.site.56, 26, 152, 178
411483.3.peg.2321.site.57, 51, 145, 196
411483.3.peg.2321.site.58, 4, 153, 157
411483.3.peg.2321.site.59, 3, 153, 156
411483.3.peg.2321.site.60, 3, 153, 156
411483.3.peg.2321.site.61, 9, 153, 162
411483.3.peg.2321.site.62, 8, 153, 161
411483.3.peg.2321.site.63, 0, 150, 150
411483.3.peg.2321.site.64, 0, 151, 151
411483.3.peg.2321.site.65, 0, 153, 153
411483.3.peg.2321.site.66, 3, 151, 154
411483.3.peg.2321.site.67, 5, 154, 159
411483.3.peg.2321.site.68, 1, 154, 155
411483.3.peg.2321.site.69, 34, 151, 185
411483.3.peg.2321.site.70, 2, 152, 154
411483.3.peg.2321.site.71, 0, 151, 151
411483.3.peg.2321.site.72, 1, 154, 155
411483.3.peg.2321.site.73, 6, 153, 159
411483.3.peg.2321.site.74, 1, 154, 155
411483.3.peg.2321.site.75, 12, 152, 164
411483.3.peg.2321.site.76, 64, 150, 214
411483.3.peg.2321.site.77, 2, 155, 157
411483.3.peg.2321.site.78, 3, 154, 157
411483.3.peg.2321.site.79, 107, 143, 250
411483.3.peg.2321.site.80, 2, 154, 156
411483.3.peg.2321.site.81, 6, 153, 159
411483.3.peg.2321.site.82, 1, 152, 153
411483.3.peg.2321.site.83, 2, 154, 156
411483.3.peg.2321.site.84, 5, 151, 156
411483.3.peg.2321.site.85, 10, 150, 160
411483.3.peg.2321.site.86, 7, 151, 158
411483.3.peg.2321.site.87, 2, 155, 157
411483.3.peg.2321.site.88, 7, 154, 161
411483.3.peg.2321.site.89, 4, 149, 153
411483.3.peg.2321.site.90, 1, 155, 156
411483.3.peg.2321.site.91, 0, 154, 154
411483.3.peg.2321.site.92, 5, 154, 159
411483.3.peg.2321.site.93, 4, 151, 155
411483.3.peg.2321.site.94, 3, 150, 153
411483.3.peg.2321.site.95, 71, 137, 208
411483.3.peg.2321.site.96, 1, 152, 153
411483.3.peg.2321.site.97, 88, 143, 231
411483.3.peg.2321.site.98, 2, 153, 155
411483.3.peg.2321.site.99, 8, 150, 158
411483.3.peg.2321.site.100, 2, 147, 149
411483.3.peg.2321.site.101, 0, 153, 153
411483.3.peg.2321.site.102, 5, 148, 153
411483.3.peg.2321.site.103, 7, 152, 159
411483.3.peg.2321.site.104, 13, 148, 161
411483.3.peg.2321.site.105, 5, 147, 152
411483.3.peg.2321.site.106, 12, 133, 145
411483.3.peg.2321.site.107, 6, 140, 146
411483.3.peg.2321.site.108, 9, 135, 144
411483.3.peg.2321.site.109, 3, 138, 141
411483.3.peg.2321.site.110, 0, 144, 144
411483.3.peg.2321.site.111, 2, 147, 149
411483.3.peg.2036.site.1, 1, 149, 150
411483.3.peg.2036.site.2, 24, 144, 168
411483.3.peg.2036.site.3, 0, 146, 146
411483.3.peg.2036.site.4, 0, 147, 147
411483.3.peg.2036.site.5, 2, 147, 149
411483.3.peg.2036.site.6, 2, 148, 150
411483.3.peg.2036.site.7, 0, 146, 146
411483.3.peg.2036.site.8, 0, 146, 146
411483.3.peg.2036.site.9, 1, 148, 149
411483.3.peg.2036.site.10, 2, 148, 150
411483.3.peg.2036.site.11, 0, 148, 148
411483.3.peg.2036.site.12, 2, 148, 150
411483.3.peg.2036.site.13, 4, 147, 151
411483.3.peg.2036.site.14, 1, 145, 146
411483.3.peg.2036.site.15, 21, 137, 158
411483.3.peg.2037.site.1, 20, 137, 157
411483.3.peg.2037.site.2, 2, 150, 152
411483.3.peg.2037.site.3, 1, 150, 151
411483.3.peg.2037.site.4, 70, 146, 216
411483.3.peg.2037.site.5, 3, 148, 151
411483.3.peg.2037.site.6, 1, 147, 148
411483.3.peg.2037.site.7, 0, 136, 136
411483.3.peg.2037.site.8, 47, 125, 172
411483.3.peg.2037.site.9, 48, 127, 175
411483.3.peg.2037.site.10, 7, 133, 140
411483.3.peg.2037.site.11, 68, 132, 200
411483.3.peg.2037.site.12, 3, 151, 154
411483.3.peg.2037.site.13, 1, 148, 149
411483.3.peg.2037.site.14, 7, 140, 147
411483.3.peg.2037.site.15, 0, 131, 131
411483.3.peg.2037.site.16, 4, 122, 126
411483.3.peg.2037.site.17, 5, 124, 129
411483.3.peg.2037.site.18, 2, 121, 123
411483.3.peg.2034.site.1, 5, 149, 154
411483.3.peg.2034.site.2, 0, 144, 144
411483.3.peg.2034.site.3, 1, 148, 149
411483.3.peg.2034.site.4, 1, 143, 144
411483.3.peg.2034.site.5, 48, 138, 186
411483.3.peg.2034.site.6, 64, 132, 196
411483.3.peg.2034.site.7, 1, 140, 141
411483.3.peg.2034.site.8, 45, 127, 172
411483.3.peg.2034.site.9, 1, 144, 145
411483.3.peg.2034.site.10, 1, 148, 149
411483.3.peg.2034.site.11, 2, 150, 152
411483.3.peg.2034.site.12, 0, 151, 151
411483.3.peg.2034.site.13, 9, 145, 154
411483.3.peg.2034.site.14, 1, 153, 154
411483.3.peg.2034.site.15, 3, 151, 154
411483.3.peg.2034.site.16, 1, 152, 153
411483.3.peg.2034.site.17, 2, 153, 155
411483.3.peg.2034.site.18, 4, 153, 157
411483.3.peg.2034.site.19, 17, 149, 166
411483.3.peg.2034.site.20, 1, 152, 153
411483.3.peg.2034.site.21, 1, 154, 155
411483.3.peg.2034.site.22, 3, 154, 157
411483.3.peg.2034.site.23, 2, 155, 157
411483.3.peg.2034.site.24, 66, 139, 205
411483.3.peg.2034.site.25, 1, 154, 155
411483.3.peg.2034.site.26, 3, 155, 158
411483.3.peg.2034.site.27, 9, 150, 159
411483.3.peg.2034.site.28, 30, 147, 177
411483.3.peg.2034.site.29, 2, 152, 154
411483.3.peg.2034.site.30, 7, 149, 156
411483.3.peg.2034.site.31, 11, 148, 159
411483.3.peg.2034.site.32, 3, 148, 151
411483.3.peg.2034.site.33, 0, 148, 148
411483.3.peg.2034.site.34, 4, 147, 151
411483.3.peg.2034.site.35, 1, 151, 152
411483.3.peg.2034.site.36, 1, 150, 151
411483.3.peg.2034.site.37, 5, 152, 157
411483.3.peg.2034.site.38, 84, 138, 222
411483.3.peg.2034.site.39, 8, 147, 155
411483.3.peg.2034.site.40, 4, 149, 153
411483.3.peg.2034.site.41, 2, 150, 152
411483.3.peg.2034.site.42, 5, 154, 159
411483.3.peg.2034.site.43, 4, 153, 157
411483.3.peg.2034.site.44, 153, 153, 306
411483.3.peg.2034.site.45, 5, 153, 158
411483.3.peg.2034.site.46, 0, 154, 154
411483.3.peg.2034.site.47, 1, 154, 155
411483.3.peg.2034.site.48, 4, 151, 155
411483.3.peg.2034.site.49, 1, 151, 152
411483.3.peg.2034.site.50, 4, 153, 157
411483.3.peg.2034.site.51, 148, 151, 299
411483.3.peg.2034.site.52, 30, 144, 174
411483.3.peg.2034.site.53, 47, 137, 184
411483.3.peg.2034.site.54, 2, 118, 120
411483.3.peg.2035.site.1, 1, 133, 134
411483.3.peg.2035.site.2, 52, 132, 184
411483.3.peg.2035.site.3, 76, 136, 212
411483.3.peg.2035.site.4, 6, 152, 158
411483.3.peg.2035.site.5, 3, 153, 156
411483.3.peg.2035.site.6, 0, 150, 150
411483.3.peg.2035.site.7, 3, 155, 158
411483.3.peg.2035.site.8, 4, 155, 159
411483.3.peg.2035.site.9, 4, 155, 159
411483.3.peg.2035.site.10, 1, 155, 156
411483.3.peg.2035.site.11, 88, 146, 234
411483.3.peg.2035.site.12, 1, 155, 156
411483.3.peg.2035.site.13, 2, 153, 155
411483.3.peg.2035.site.14, 3, 152, 155
411483.3.peg.2035.site.15, 0, 152, 152
411483.3.peg.2035.site.16, 83, 144, 227
411483.3.peg.2035.site.17, 7, 154, 161
411483.3.peg.2035.site.18, 0, 154, 154
411483.3.peg.2035.site.19, 1, 153, 154
411483.3.peg.2035.site.20, 2, 152, 154
411483.3.peg.2035.site.21, 1, 155, 156
411483.3.peg.2035.site.22, 1, 153, 154
411483.3.peg.2035.site.23, 0, 154, 154
411483.3.peg.2035.site.24, 7, 153, 160
411483.3.peg.2035.site.25, 1, 155, 156
411483.3.peg.2035.site.26, 1, 153, 154
411483.3.peg.2035.site.27, 4, 155, 159
411483.3.peg.2035.site.28, 2, 155, 157
411483.3.peg.2035.site.29, 3, 155, 158
411483.3.peg.2035.site.30, 2, 155, 157
411483.3.peg.2035.site.31, 3, 151, 154
411483.3.peg.2035.site.32, 4, 153, 157
411483.3.peg.2035.site.33, 0, 154, 154
411483.3.peg.2035.site.34, 0, 153, 153
411483.3.peg.2035.site.35, 137, 153, 290
411483.3.peg.2035.site.36, 86, 140, 226
411483.3.peg.2035.site.37, 12, 152, 164
411483.3.peg.2035.site.38, 6, 153, 159
411483.3.peg.2035.site.39, 40, 150, 190
411483.3.peg.2035.site.40, 1, 154, 155
411483.3.peg.2035.site.41, 4, 154, 158
411483.3.peg.2035.site.42, 99, 146, 245
411483.3.peg.2035.site.43, 2, 154, 156
411483.3.peg.2035.site.44, 3, 153, 156
411483.3.peg.2035.site.45, 59, 148, 207
411483.3.peg.2035.site.46, 26, 146, 172
411483.3.peg.2035.site.47, 0, 154, 154
411483.3.peg.2035.site.48, 3, 153, 156
411483.3.peg.2035.site.49, 9, 147, 156
411483.3.peg.2035.site.50, 52, 132, 184
411483.3.peg.2035.site.51, 2, 138, 140
411483.3.peg.2035.site.52, 1, 140, 141
411483.3.peg.2035.site.53, 4, 130, 134
411483.3.peg.2035.site.54, 3, 138, 141
411483.3.peg.2035.site.55, 26, 124, 150
411483.3.peg.2035.site.56, 1, 145, 146
411483.3.peg.2035.site.57, 4, 142, 146
411483.3.peg.2035.site.58, 4, 140, 144
411483.3.peg.2035.site.59, 1, 142, 143
411483.3.peg.2035.site.60, 19, 131, 150
411483.3.peg.2035.site.61, 86, 129, 215
411483.3.peg.2035.site.62, 1, 142, 143
411483.3.peg.2035.site.63, 2, 144, 146
411483.3.peg.2035.site.64, 1, 140, 141
411483.3.peg.2035.site.65, 7, 132, 139
411483.3.peg.2035.site.66, 5, 136, 141
411483.3.peg.2035.site.67, 11, 125, 136
411483.3.peg.2035.site.68, 39, 119, 158
411483.3.peg.2035.site.69, 112, 121, 233
411483.3.peg.2035.site.70, 29, 123, 152
411483.3.peg.2035.site.71, 23, 118, 141
411483.3.peg.2035.site.72, 6, 131, 137
411483.3.peg.2035.site.73, 2, 139, 141
411483.3.peg.2035.site.74, 1, 145, 146
411483.3.peg.2035.site.75, 10, 146, 156
411483.3.peg.2035.site.76, 1, 152, 153
411483.3.peg.2035.site.77, 2, 149, 151
411483.3.peg.2035.site.78, 19, 140, 159
411483.3.peg.2035.site.79, 46, 139, 185
411483.3.peg.2035.site.80, 1, 142, 143
411483.3.peg.2035.site.81, 83, 136, 219
411483.3.peg.2035.site.82, 43, 141, 184
411483.3.peg.2035.site.83, 148, 148, 296
411483.3.peg.2035.site.84, 4, 147, 151
411483.3.peg.2035.site.85, 3, 147, 150
411483.3.peg.2035.site.86, 2, 153, 155
411483.3.peg.2035.site.87, 6, 151, 157
411483.3.peg.2035.site.88, 2, 154, 156
411483.3.peg.2035.site.89, 4, 154, 158
411483.3.peg.2035.site.90, 152, 152, 304
411483.3.peg.2035.site.91, 3, 153, 156
411483.3.peg.2035.site.92, 2, 152, 154
411483.3.peg.2035.site.93, 6, 153, 159
411483.3.peg.2035.site.94, 4, 154, 158
411483.3.peg.2035.site.95, 2, 152, 154
411483.3.peg.2035.site.96, 13, 152, 165
411483.3.peg.2035.site.97, 1, 155, 156
411483.3.peg.2035.site.98, 0, 155, 155
411483.3.peg.2035.site.99, 47, 142, 189
411483.3.peg.2035.site.100, 20, 149, 169
411483.3.peg.2035.site.101, 1, 154, 155
411483.3.peg.2035.site.102, 5, 155, 160
411483.3.peg.2035.site.103, 1, 151, 152
411483.3.peg.2035.site.104, 1, 151, 152
411483.3.peg.2035.site.105, 1, 154, 155
411483.3.peg.2035.site.106, 28, 147, 175
411483.3.peg.2035.site.107, 11, 153, 164
411483.3.peg.2035.site.108, 117, 143, 260
411483.3.peg.2035.site.109, 2, 150, 152
411483.3.peg.2035.site.110, 6, 148, 154
411483.3.peg.2035.site.111, 13, 149, 162
411483.3.peg.2035.site.112, 1, 147, 148
411483.3.peg.2035.site.113, 69, 143, 212
411483.3.peg.2035.site.114, 56, 141, 197
411483.3.peg.2035.site.115, 2, 147, 149
411483.3.peg.2035.site.116, 3, 146, 149
411483.3.peg.2035.site.117, 0, 146, 146
411483.3.peg.2035.site.118, 1, 148, 149
411483.3.peg.2035.site.119, 9, 145, 154
411483.3.peg.2035.site.120, 6, 146, 152
411483.3.peg.2035.site.121, 3, 150, 153
411483.3.peg.2035.site.122, 19, 140, 159
411483.3.peg.2035.site.123, 2, 151, 153
411483.3.peg.2035.site.124, 1, 152, 153
411483.3.peg.2035.site.125, 8, 150, 158
411483.3.peg.2035.site.126, 17, 148, 165
411483.3.peg.2035.site.127, 1, 151, 152
411483.3.peg.2035.site.128, 5, 148, 153
411483.3.peg.2035.site.129, 21, 140, 161
411483.3.peg.2035.site.130, 3, 150, 153
411483.3.peg.2035.site.131, 19, 147, 166
411483.3.peg.2033.site.1, 0, 151, 151
411483.3.peg.2033.site.2, 1, 154, 155
411483.3.peg.2033.site.3, 7, 149, 156
411483.3.peg.2033.site.4, 10, 147, 157
411483.3.peg.2033.site.5, 6, 148, 154
411483.3.peg.2033.site.6, 151, 153, 304
411483.3.peg.2033.site.7, 32, 145, 177
411483.3.peg.2033.site.8, 67, 135, 202
411483.3.peg.2033.site.9, 77, 141, 218
411483.3.peg.2033.site.10, 59, 135, 194
411483.3.peg.2033.site.11, 69, 142, 211
411483.3.peg.2033.site.12, 1, 149, 150
411483.3.peg.2033.site.13, 5, 151, 156
411483.3.peg.2033.site.14, 3, 147, 150
411483.3.peg.2033.site.15, 0, 144, 144
411483.3.peg.2033.site.16, 87, 136, 223
411483.3.peg.2033.site.17, 10, 139, 149
411483.3.peg.2033.site.18, 1, 139, 140
411483.3.peg.2033.site.19, 5, 140, 145
411483.3.peg.2033.site.20, 51, 119, 170
411483.3.peg.2033.site.21, 1, 122, 123
411483.3.peg.2033.site.22, 2, 118, 120
411483.3.peg.2033.site.23, 8, 138, 146
411483.3.peg.2033.site.24, 2, 139, 141
411483.3.peg.2033.site.25, 7, 141, 148
411483.3.peg.2033.site.26, 4, 139, 143
411483.3.peg.2033.site.27, 2, 146, 148
411483.3.peg.2033.site.28, 6, 143, 149
411483.3.peg.2033.site.29, 46, 140, 186
411483.3.peg.2033.site.30, 97, 142, 239
411483.3.peg.2033.site.31, 1, 148, 149
411483.3.peg.2033.site.32, 5, 149, 154
411483.3.peg.2030.site.1, 12, 150, 162
411483.3.peg.2030.site.2, 79, 140, 219
411483.3.peg.2030.site.3, 0, 152, 152
411483.3.peg.2030.site.4, 12, 143, 155
411483.3.peg.2030.site.5, 12, 152, 164
411483.3.peg.2030.site.6, 0, 154, 154
411483.3.peg.2030.site.7, 2, 151, 153
411483.3.peg.2030.site.8, 9, 150, 159
411483.3.peg.2030.site.9, 4, 155, 159
411483.3.peg.2030.site.10, 6, 152, 158
411483.3.peg.2030.site.11, 6, 151, 157
411483.3.peg.2030.site.12, 4, 151, 155
411483.3.peg.2030.site.13, 2, 151, 153
411483.3.peg.2030.site.14, 5, 141, 146
411483.3.peg.2030.site.15, 8, 148, 156
411483.3.peg.2030.site.16, 3, 141, 144
411483.3.peg.2030.site.17, 0, 137, 137
411483.3.peg.2030.site.18, 12, 135, 147
411483.3.peg.2030.site.19, 1, 145, 146
411483.3.peg.2030.site.20, 6, 148, 154
411483.3.peg.2030.site.21, 149, 150, 299
411483.3.peg.2030.site.22, 2, 150, 152
411483.3.peg.2030.site.23, 1, 150, 151
411483.3.peg.2030.site.24, 24, 142, 166
411483.3.peg.2030.site.25, 18, 150, 168
411483.3.peg.2030.site.26, 8, 153, 161
411483.3.peg.2030.site.27, 5, 152, 157
411483.3.peg.2030.site.28, 5, 152, 157
411483.3.peg.2030.site.29, 2, 150, 152
411483.3.peg.2030.site.30, 5, 149, 154
411483.3.peg.2030.site.31, 3, 142, 145
411483.3.peg.2030.site.32, 1, 123, 124
411483.3.peg.2030.site.33, 0, 132, 132
411483.3.peg.2030.site.34, 0, 151, 151
411483.3.peg.2030.site.35, 34, 143, 177
411483.3.peg.2030.site.36, 3, 154, 157
411483.3.peg.2030.site.37, 6, 152, 158
411483.3.peg.2030.site.38, 1, 153, 154
411483.3.peg.2030.site.39, 2, 154, 156
411483.3.peg.2030.site.40, 3, 154, 157
411483.3.peg.2031.site.1, 2, 137, 139
411483.3.peg.2031.site.2, 0, 137, 137
411483.3.peg.2031.site.3, 2, 137, 139
411483.3.peg.2031.site.4, 3, 142, 145
411483.3.peg.2031.site.5, 1, 139, 140
411483.3.peg.2031.site.6, 1, 135, 136
411483.3.peg.2031.site.7, 129, 137, 266
411483.3.peg.2031.site.8, 11, 130, 141
411483.3.peg.2031.site.9, 133, 134, 267
411483.3.peg.2031.site.10, 4, 130, 134
411483.3.peg.2031.site.11, 2, 137, 139
411483.3.peg.2031.site.12, 57, 126, 183
411483.3.peg.2031.site.13, 1, 144, 145
411483.3.peg.2031.site.14, 0, 147, 147
411483.3.peg.2031.site.15, 1, 154, 155
411483.3.peg.2031.site.16, 2, 149, 151
411483.3.peg.2031.site.17, 4, 147, 151
411483.3.peg.2031.site.18, 1, 151, 152
411483.3.peg.2031.site.19, 92, 142, 234
411483.3.peg.2031.site.20, 5, 148, 153
411483.3.peg.2031.site.21, 2, 147, 149
411483.3.peg.2031.site.22, 1, 147, 148
411483.3.peg.2031.site.23, 1, 149, 150
411483.3.peg.2031.site.24, 2, 152, 154
411483.3.peg.2031.site.25, 2, 151, 153
411483.3.peg.2031.site.26, 67, 137, 204
411483.3.peg.2031.site.27, 1, 145, 146
411483.3.peg.2031.site.28, 51, 130, 181
411483.3.peg.2031.site.29, 3, 138, 141
411483.3.peg.2031.site.30, 4, 140, 144
411483.3.peg.2031.site.31, 59, 136, 195
411483.3.peg.2031.site.32, 22, 140, 162
411483.3.peg.2031.site.33, 0, 147, 147
411483.3.peg.2031.site.34, 50, 131, 181
411483.3.peg.2031.site.35, 1, 151, 152
411483.3.peg.2031.site.36, 1, 148, 149
411483.3.peg.2031.site.37, 1, 147, 148
411483.3.peg.2031.site.38, 6, 149, 155
411483.3.peg.2031.site.39, 4, 148, 152
411483.3.peg.2031.site.40, 0, 151, 151
411483.3.peg.2031.site.41, 4, 150, 154
411483.3.peg.2031.site.42, 1, 149, 150
411483.3.peg.2031.site.43, 1, 149, 150
411483.3.peg.2031.site.44, 2, 149, 151
411483.3.peg.2031.site.45, 54, 143, 197
411483.3.peg.2031.site.46, 1, 149, 150
411483.3.peg.2031.site.47, 2, 148, 150
411483.3.peg.2031.site.48, 1, 149, 150
411483.3.peg.2031.site.49, 1, 150, 151
411483.3.peg.2031.site.50, 12, 151, 163
411483.3.peg.2031.site.51, 0, 145, 145
411483.3.peg.2031.site.52, 1, 141, 142
411483.3.peg.2031.site.53, 7, 145, 152
411483.3.peg.2031.site.54, 12, 139, 151
411483.3.peg.2031.site.55, 1, 145, 146
411483.3.peg.2031.site.56, 0, 139, 139
411483.3.peg.2031.site.57, 61, 119, 180
411483.3.peg.2031.site.58, 45, 135, 180
411483.3.peg.2031.site.59, 3, 136, 139
411483.3.peg.2031.site.60, 2, 145, 147
411483.3.peg.2031.site.61, 8, 143, 151
411483.3.peg.2031.site.62, 1, 145, 146
411483.3.peg.2031.site.63, 2, 149, 151
411483.3.peg.2031.site.64, 1, 147, 148
411483.3.peg.2031.site.65, 3, 149, 152
411483.3.peg.2031.site.66, 13, 136, 149
411483.3.peg.2031.site.67, 1, 147, 148
411483.3.peg.2031.site.68, 2, 153, 155
411483.3.peg.2031.site.69, 0, 146, 146
411483.3.peg.2031.site.70, 34, 142, 176
411483.3.peg.2031.site.71, 8, 143, 151
411483.3.peg.2031.site.72, 16, 143, 159
411483.3.peg.2031.site.73, 1, 148, 149
411483.3.peg.2031.site.74, 1, 148, 149
411483.3.peg.2031.site.75, 3, 147, 150
411483.3.peg.2031.site.76, 6, 145, 151
411483.3.peg.2031.site.77, 1, 147, 148
411483.3.peg.2031.site.78, 3, 151, 154
411483.3.peg.2031.site.79, 11, 149, 160
411483.3.peg.2031.site.80, 6, 147, 153
411483.3.peg.2031.site.81, 3, 155, 158
411483.3.peg.2038.site.1, 8, 154, 162
411483.3.peg.2038.site.2, 1, 154, 155
411483.3.peg.2038.site.3, 5, 153, 158
411483.3.peg.2038.site.4, 1, 148, 149
411483.3.peg.2038.site.5, 3, 151, 154
411483.3.peg.2038.site.6, 5, 148, 153
411483.3.peg.2038.site.7, 6, 154, 160
411483.3.peg.1219.site.1, 57, 140, 197
411483.3.peg.1219.site.2, 12, 153, 165
411483.3.peg.1219.site.3, 2, 155, 157
411483.3.peg.1219.site.4, 1, 152, 153
411483.3.peg.1219.site.5, 1, 150, 151
411483.3.peg.1219.site.6, 1, 151, 152
411483.3.peg.1219.site.7, 3, 150, 153
411483.3.peg.1219.site.8, 2, 152, 154
411483.3.peg.1219.site.9, 0, 152, 152
411483.3.peg.1219.site.10, 8, 152, 160
411483.3.peg.1219.site.11, 1, 146, 147
411483.3.peg.1219.site.12, 2, 148, 150
411483.3.peg.1219.site.13, 65, 143, 208
411483.3.peg.1219.site.14, 2, 151, 153
411483.3.peg.1219.site.15, 2, 149, 151
411483.3.peg.1219.site.16, 1, 140, 141
411483.3.peg.1219.site.17, 1, 149, 150
411483.3.peg.1219.site.18, 24, 142, 166
411483.3.peg.1219.site.19, 0, 147, 147
411483.3.peg.1219.site.20, 10, 146, 156
411483.3.peg.1219.site.21, 16, 140, 156
411483.3.peg.1219.site.22, 2, 148, 150
411483.3.peg.1219.site.23, 10, 148, 158
411483.3.peg.1219.site.24, 2, 149, 151
411483.3.peg.1219.site.25, 8, 144, 152
411483.3.peg.1219.site.26, 4, 148, 152
411483.3.peg.1219.site.27, 1, 148, 149
411483.3.peg.1219.site.28, 0, 143, 143
411483.3.peg.1219.site.29, 2, 147, 149
411483.3.peg.1219.site.30, 0, 146, 146
411483.3.peg.1219.site.31, 2, 145, 147
411483.3.peg.1219.site.32, 0, 149, 149
411483.3.peg.1219.site.33, 2, 150, 152
411483.3.peg.1219.site.34, 2, 148, 150
411483.3.peg.1219.site.35, 20, 146, 166
411483.3.peg.1219.site.36, 2, 147, 149
411483.3.peg.1219.site.37, 2, 149, 151
411483.3.peg.1219.site.38, 7, 149, 156
411483.3.peg.1219.site.39, 2, 151, 153
411483.3.peg.1219.site.40, 1, 150, 151
411483.3.peg.1219.site.41, 0, 150, 150
411483.3.peg.1219.site.42, 2, 151, 153
411483.3.peg.1219.site.43, 6, 152, 158
411483.3.peg.1219.site.44, 1, 153, 154
411483.3.peg.1219.site.45, 4, 150, 154
411483.3.peg.1219.site.46, 1, 153, 154
411483.3.peg.1219.site.47, 2, 149, 151
411483.3.peg.1219.site.48, 19, 153, 172
411483.3.peg.1219.site.49, 2, 154, 156
411483.3.peg.1219.site.50, 7, 149, 156
411483.3.peg.1219.site.51, 1, 153, 154
411483.3.peg.1219.site.52, 3, 154, 157
411483.3.peg.1219.site.53, 5, 151, 156
411483.3.peg.1219.site.54, 10, 147, 157
411483.3.peg.1219.site.55, 0, 152, 152
411483.3.peg.1219.site.56, 3, 153, 156
411483.3.peg.1219.site.57, 32, 147, 179
411483.3.peg.1219.site.58, 0, 151, 151
411483.3.peg.1219.site.59, 5, 151, 156
411483.3.peg.1219.site.60, 59, 140, 199
411483.3.peg.1219.site.61, 6, 149, 155
411483.3.peg.1219.site.62, 1, 150, 151
411483.3.peg.1219.site.63, 115, 128, 243
411483.3.peg.1219.site.64, 5, 138, 143
411483.3.peg.1219.site.65, 1, 138, 139
411483.3.peg.1219.site.66, 3, 145, 148
411483.3.peg.1219.site.67, 1, 141, 142
411483.3.peg.1219.site.68, 10, 144, 154
411483.3.peg.1219.site.69, 0, 146, 146
411483.3.peg.1219.site.70, 6, 143, 149
411483.3.peg.1219.site.71, 0, 149, 149
411483.3.peg.1219.site.72, 2, 150, 152
411483.3.peg.1219.site.73, 4, 154, 158
411483.3.peg.1219.site.74, 1, 154, 155
411483.3.peg.1219.site.75, 1, 154, 155
411483.3.peg.1219.site.76, 31, 153, 184
411483.3.peg.1219.site.77, 10, 144, 154
411483.3.peg.1219.site.78, 1, 152, 153
411483.3.peg.1219.site.79, 41, 141, 182
411483.3.peg.1219.site.80, 104, 144, 248
411483.3.peg.1219.site.81, 52, 143, 195
411483.3.peg.1219.site.82, 2, 154, 156
411483.3.peg.1218.site.1, 3, 94, 97
411483.3.peg.1218.site.2, 24, 96, 120
411483.3.peg.1218.site.3, 25, 102, 127
411483.3.peg.1218.site.4, 27, 106, 133
411483.3.peg.1218.site.5, 26, 107, 133
411483.3.peg.1218.site.6, 5, 113, 118
411483.3.peg.1218.site.7, 11, 125, 136
411483.3.peg.1218.site.8, 8, 136, 144
411483.3.peg.1218.site.9, 1, 141, 142
411483.3.peg.1218.site.10, 4, 138, 142
411483.3.peg.1218.site.11, 39, 143, 182
411483.3.peg.1218.site.12, 96, 142, 238
411483.3.peg.1218.site.13, 21, 143, 164
411483.3.peg.1218.site.14, 7, 146, 153
411483.3.peg.1218.site.15, 1, 151, 152
411483.3.peg.1218.site.16, 1, 153, 154
411483.3.peg.1218.site.17, 88, 145, 233
411483.3.peg.1218.site.18, 11, 149, 160
411483.3.peg.1218.site.19, 50, 138, 188
411483.3.peg.1218.site.20, 0, 144, 144
411483.3.peg.1218.site.21, 3, 146, 149
411483.3.peg.1218.site.22, 2, 148, 150
411483.3.peg.1218.site.23, 0, 147, 147
411483.3.peg.1218.site.24, 0, 149, 149
411483.3.peg.1218.site.25, 1, 153, 154
411483.3.peg.1218.site.26, 0, 150, 150
411483.3.peg.1218.site.27, 1, 151, 152
411483.3.peg.1218.site.28, 2, 145, 147
411483.3.peg.1218.site.29, 0, 152, 152
411483.3.peg.1218.site.30, 2, 152, 154
411483.3.peg.1218.site.31, 64, 145, 209
411483.3.peg.1218.site.32, 0, 150, 150
411483.3.peg.1218.site.33, 1, 153, 154
411483.3.peg.1218.site.34, 4, 153, 157
411483.3.peg.1218.site.35, 2, 151, 153
411483.3.peg.1218.site.36, 2, 146, 148
411483.3.peg.1218.site.37, 13, 144, 157
411483.3.peg.1218.site.38, 1, 143, 144
411483.3.peg.1218.site.39, 7, 140, 147
411483.3.peg.1218.site.40, 23, 136, 159
411483.3.peg.1218.site.41, 3, 145, 148
411483.3.peg.1218.site.42, 4, 145, 149
411483.3.peg.1218.site.43, 1, 149, 150
411483.3.peg.1218.site.44, 7, 146, 153
411483.3.peg.1218.site.45, 3, 151, 154
411483.3.peg.1218.site.46, 1, 150, 151
411483.3.peg.1218.site.47, 4, 147, 151
411483.3.peg.1218.site.48, 1, 150, 151
411483.3.peg.1218.site.49, 2, 151, 153
411483.3.peg.1218.site.50, 10, 147, 157
411483.3.peg.1218.site.51, 9, 151, 160
411483.3.peg.1218.site.52, 0, 151, 151
411483.3.peg.1218.site.53, 7, 152, 159
411483.3.peg.1218.site.54, 3, 149, 152
411483.3.peg.1218.site.55, 1, 153, 154
411483.3.peg.1218.site.56, 6, 147, 153
411483.3.peg.1218.site.57, 3, 145, 148
411483.3.peg.1218.site.58, 42, 140, 182
411483.3.peg.1218.site.59, 1, 145, 146
411483.3.peg.1218.site.60, 117, 135, 252
411483.3.peg.1218.site.61, 6, 135, 141
411483.3.peg.1218.site.62, 5, 141, 146
411483.3.peg.1218.site.63, 6, 128, 134
411483.3.peg.1218.site.64, 11, 135, 146
411483.3.peg.1218.site.65, 1, 129, 130
411483.3.peg.1218.site.66, 96, 125, 221
411483.3.peg.1218.site.67, 86, 131, 217
411483.3.peg.1218.site.68, 12, 140, 152
411483.3.peg.1218.site.69, 24, 142, 166
411483.3.peg.1218.site.70, 0, 145, 145
411483.3.peg.1218.site.71, 69, 130, 199
411483.3.peg.1218.site.72, 3, 149, 152
411483.3.peg.1218.site.73, 0, 148, 148
411483.3.peg.1218.site.74, 24, 145, 169
411483.3.peg.1218.site.75, 1, 142, 143
411483.3.peg.1218.site.76, 1, 147, 148
411483.3.peg.1218.site.77, 9, 151, 160
411483.3.peg.1218.site.78, 8, 152, 160
411483.3.peg.1218.site.79, 10, 154, 164
411483.3.peg.1213.site.1, 1, 151, 152
411483.3.peg.1213.site.2, 3, 151, 154
411483.3.peg.1213.site.3, 6, 150, 156
411483.3.peg.1213.site.4, 2, 150, 152
411483.3.peg.1213.site.5, 1, 147, 148
411483.3.peg.1213.site.6, 0, 146, 146
411483.3.peg.1213.site.7, 10, 147, 157
411483.3.peg.1213.site.8, 5, 147, 152
411483.3.peg.1213.site.9, 3, 149, 152
411483.3.peg.1213.site.10, 2, 148, 150
411483.3.peg.1213.site.11, 70, 139, 209
411483.3.peg.1213.site.12, 150, 152, 302
411483.3.peg.1213.site.13, 2, 152, 154
411483.3.peg.1213.site.14, 4, 153, 157
411483.3.peg.1213.site.15, 1, 154, 155
411483.3.peg.1213.site.16, 2, 155, 157
411483.3.peg.1213.site.17, 1, 152, 153
411483.3.peg.1213.site.18, 20, 146, 166
411483.3.peg.1213.site.19, 0, 154, 154
411483.3.peg.1213.site.20, 0, 154, 154
411483.3.peg.1213.site.21, 1, 153, 154
411483.3.peg.1213.site.22, 1, 153, 154
411483.3.peg.1213.site.23, 4, 154, 158
411483.3.peg.1212.site.1, 3, 155, 158
411483.3.peg.1212.site.2, 2, 152, 154
411483.3.peg.1212.site.3, 0, 148, 148
411483.3.peg.1212.site.4, 11, 148, 159
411483.3.peg.1212.site.5, 0, 149, 149
411483.3.peg.1212.site.6, 3, 147, 150
411483.3.peg.1211.site.1, 4, 133, 137
411483.3.peg.1211.site.2, 3, 133, 136
411483.3.peg.1211.site.3, 5, 139, 144
411483.3.peg.1211.site.4, 4, 141, 145
411483.3.peg.1211.site.5, 6, 137, 143
411483.3.peg.1211.site.6, 1, 148, 149
411483.3.peg.1211.site.7, 26, 137, 163
411483.3.peg.1211.site.8, 1, 145, 146
411483.3.peg.1211.site.9, 1, 149, 150
411483.3.peg.1211.site.10, 20, 150, 170
411483.3.peg.1211.site.11, 1, 152, 153
411483.3.peg.1211.site.12, 22, 146, 168
411483.3.peg.1211.site.13, 0, 152, 152
411483.3.peg.1211.site.14, 6, 151, 157
411483.3.peg.1210.site.1, 0, 155, 155
411483.3.peg.1210.site.2, 2, 155, 157
411483.3.peg.1210.site.3, 2, 155, 157
411483.3.peg.1210.site.4, 13, 150, 163
411483.3.peg.1210.site.5, 2, 150, 152
411483.3.peg.1210.site.6, 0, 154, 154
411483.3.peg.1210.site.7, 0, 154, 154
411483.3.peg.1210.site.8, 0, 151, 151
411483.3.peg.1210.site.9, 5, 146, 151
411483.3.peg.1210.site.10, 3, 149, 152
411483.3.peg.1210.site.11, 5, 144, 149
411483.3.peg.1210.site.12, 1, 145, 146
411483.3.peg.1210.site.13, 0, 145, 145
411483.3.peg.1210.site.14, 1, 140, 141
411483.3.peg.1210.site.15, 0, 142, 142
411483.3.peg.1210.site.16, 0, 139, 139
411483.3.peg.1210.site.17, 10, 148, 158
411483.3.peg.1210.site.18, 10, 151, 161
411483.3.peg.1210.site.19, 1, 151, 152
411483.3.peg.1210.site.20, 8, 150, 158
411483.3.peg.1210.site.21, 116, 145, 261
411483.3.peg.1210.site.22, 0, 144, 144
411483.3.peg.1210.site.23, 0, 141, 141
411483.3.peg.1210.site.24, 2, 146, 148
411483.3.peg.1210.site.25, 1, 142, 143
411483.3.peg.1210.site.26, 0, 142, 142
411483.3.peg.1210.site.27, 1, 147, 148
411483.3.peg.1210.site.28, 1, 147, 148
411483.3.peg.1210.site.29, 49, 133, 182
411483.3.peg.1210.site.30, 1, 142, 143
411483.3.peg.1210.site.31, 143, 143, 286
411483.3.peg.1210.site.32, 0, 150, 150
411483.3.peg.1210.site.33, 2, 146, 148
411483.3.peg.1210.site.34, 5, 149, 154
411483.3.peg.1210.site.35, 0, 154, 154
411483.3.peg.1210.site.36, 2, 152, 154
411483.3.peg.1210.site.37, 2, 152, 154
411483.3.peg.1210.site.38, 18, 151, 169
411483.3.peg.1210.site.39, 3, 151, 154
411483.3.peg.1210.site.40, 23, 148, 171
411483.3.peg.1210.site.41, 2, 150, 152
411483.3.peg.1210.site.42, 1, 153, 154
411483.3.peg.1210.site.43, 2, 148, 150
411483.3.peg.1210.site.44, 97, 141, 238
411483.3.peg.1210.site.45, 101, 140, 241
411483.3.peg.1210.site.46, 0, 145, 145
411483.3.peg.1210.site.47, 1, 145, 146
411483.3.peg.1210.site.48, 2, 144, 146
411483.3.peg.1210.site.49, 4, 138, 142
411483.3.peg.1210.site.50, 8, 140, 148
411483.3.peg.1210.site.51, 4, 144, 148
411483.3.peg.1210.site.52, 0, 139, 139
411483.3.peg.1210.site.53, 3, 141, 144
411483.3.peg.1210.site.54, 1, 140, 141
411483.3.peg.1210.site.55, 1, 138, 139
411483.3.peg.1210.site.56, 1, 138, 139
411483.3.peg.1210.site.57, 1, 122, 123
411483.3.peg.1210.site.58, 1, 112, 113
411483.3.peg.1210.site.59, 117, 122, 239
411483.3.peg.1210.site.60, 1, 131, 132
411483.3.peg.1210.site.61, 0, 128, 128
411483.3.peg.1210.site.62, 1, 140, 141
411483.3.peg.1210.site.63, 15, 141, 156
411483.3.peg.1210.site.64, 8, 150, 158
411483.3.peg.1210.site.65, 1, 154, 155
411483.3.peg.1210.site.66, 12, 154, 166
411483.3.peg.1210.site.67, 1, 153, 154
411483.3.peg.1210.site.68, 0, 151, 151
411483.3.peg.1210.site.69, 3, 152, 155
411483.3.peg.1210.site.70, 96, 137, 233
411483.3.peg.1210.site.71, 10, 142, 152
411483.3.peg.1210.site.72, 12, 140, 152
411483.3.peg.1210.site.73, 6, 146, 152
411483.3.peg.1210.site.74, 3, 148, 151
411483.3.peg.1210.site.75, 2, 154, 156
411483.3.peg.1210.site.76, 1, 153, 154
411483.3.peg.1210.site.77, 10, 151, 161
411483.3.peg.1210.site.78, 4, 152, 156
411483.3.peg.1210.site.79, 2, 151, 153
411483.3.peg.1210.site.80, 2, 154, 156
411483.3.peg.1210.site.81, 53, 147, 200
411483.3.peg.1210.site.82, 0, 151, 151
411483.3.peg.1210.site.83, 34, 149, 183
411483.3.peg.1210.site.84, 15, 148, 163
411483.3.peg.1210.site.85, 1, 155, 156
411483.3.peg.1210.site.86, 13, 153, 166
411483.3.peg.1210.site.87, 3, 151, 154
411483.3.peg.1210.site.88, 2, 149, 151
411483.3.peg.1210.site.89, 4, 151, 155
411483.3.peg.1210.site.90, 1, 143, 144
411483.3.peg.1210.site.91, 1, 127, 128
411483.3.peg.1210.site.92, 2, 148, 150
411483.3.peg.1210.site.93, 1, 144, 145
411483.3.peg.1210.site.94, 141, 150, 291
411483.3.peg.1210.site.95, 3, 155, 158
411483.3.peg.1210.site.96, 1, 155, 156
411483.3.peg.1210.site.97, 120, 150, 270
411483.3.peg.1210.site.98, 10, 147, 157
411483.3.peg.1210.site.99, 19, 152, 171
411483.3.peg.1210.site.100, 0, 154, 154
411483.3.peg.1210.site.101, 6, 153, 159
411483.3.peg.1210.site.102, 5, 155, 160
411483.3.peg.1210.site.103, 12, 154, 166
411483.3.peg.1210.site.104, 0, 152, 152
411483.3.peg.1216.site.1, 2, 141, 143
411483.3.peg.1216.site.2, 0, 146, 146
411483.3.peg.1216.site.3, 3, 147, 150
411483.3.peg.1216.site.4, 4, 146, 150
411483.3.peg.1216.site.5, 1, 149, 150
411483.3.peg.1216.site.6, 1, 149, 150
411483.3.peg.1216.site.7, 0, 150, 150
411483.3.peg.1216.site.8, 2, 151, 153
411483.3.peg.1216.site.9, 0, 152, 152
411483.3.peg.1216.site.10, 2, 146, 148
411483.3.peg.1216.site.11, 7, 147, 154
411483.3.peg.1216.site.12, 100, 148, 248
411483.3.peg.1216.site.13, 76, 144, 220
411483.3.peg.1216.site.14, 7, 149, 156
411483.3.peg.1216.site.15, 8, 149, 157
411483.3.peg.1216.site.16, 23, 143, 166
411483.3.peg.1216.site.17, 85, 147, 232
411483.3.peg.1216.site.18, 1, 152, 153
411483.3.peg.1216.site.19, 49, 132, 181
411483.3.peg.1216.site.20, 1, 150, 151
411483.3.peg.1216.site.21, 0, 145, 145
411483.3.peg.1216.site.22, 0, 148, 148
411483.3.peg.1216.site.23, 0, 152, 152
411483.3.peg.1216.site.24, 13, 148, 161
411483.3.peg.1216.site.25, 6, 154, 160
411483.3.peg.1216.site.26, 5, 153, 158
411483.3.peg.1216.site.27, 7, 149, 156
411483.3.peg.1216.site.28, 1, 146, 147
411483.3.peg.1216.site.29, 4, 151, 155
411483.3.peg.1216.site.30, 2, 153, 155
411483.3.peg.1216.site.31, 7, 150, 157
411483.3.peg.1216.site.32, 2, 152, 154
411483.3.peg.1216.site.33, 13, 150, 163
411483.3.peg.1216.site.34, 1, 150, 151
411483.3.peg.1216.site.35, 86, 144, 230
411483.3.peg.1216.site.36, 6, 150, 156
411483.3.peg.1216.site.37, 2, 155, 157
411483.3.peg.1216.site.38, 80, 148, 228
411483.3.peg.1216.site.39, 43, 149, 192
411483.3.peg.1216.site.40, 2, 152, 154
411483.3.peg.1216.site.41, 9, 152, 161
411483.3.peg.1216.site.42, 3, 154, 157
411483.3.peg.1216.site.43, 10, 152, 162
411483.3.peg.1216.site.44, 89, 151, 240
411483.3.peg.1216.site.45, 3, 154, 157
411483.3.peg.1216.site.46, 3, 154, 157
411483.3.peg.1216.site.47, 15, 152, 167
411483.3.peg.1216.site.48, 6, 153, 159
411483.3.peg.1216.site.49, 1, 155, 156
411483.3.peg.1216.site.50, 2, 152, 154
411483.3.peg.1216.site.51, 0, 154, 154
411483.3.peg.1216.site.52, 1, 155, 156
411483.3.peg.1216.site.53, 0, 153, 153
411483.3.peg.1216.site.54, 3, 152, 155
411483.3.peg.1216.site.55, 7, 152, 159
411483.3.peg.1216.site.56, 0, 154, 154
411483.3.peg.1216.site.57, 4, 155, 159
411483.3.peg.1216.site.58, 43, 146, 189
411483.3.peg.1216.site.59, 5, 149, 154
411483.3.peg.1216.site.60, 17, 151, 168
411483.3.peg.1216.site.61, 18, 145, 163
411483.3.peg.1216.site.62, 98, 138, 236
411483.3.peg.1216.site.63, 0, 145, 145
411483.3.peg.1216.site.64, 56, 133, 189
411483.3.peg.1216.site.65, 86, 132, 218
411483.3.peg.1216.site.66, 1, 140, 141
411483.3.peg.1216.site.67, 7, 146, 153
411483.3.peg.1216.site.68, 1, 148, 149
411483.3.peg.1216.site.69, 6, 151, 157
411483.3.peg.1216.site.70, 0, 154, 154
411483.3.peg.1216.site.71, 114, 145, 259
411483.3.peg.1216.site.72, 2, 154, 156
411483.3.peg.1216.site.73, 27, 149, 176
411483.3.peg.1216.site.74, 1, 152, 153
411483.3.peg.1216.site.75, 2, 154, 156
411483.3.peg.1216.site.76, 2, 153, 155
411483.3.peg.1216.site.77, 9, 152, 161
411483.3.peg.1216.site.78, 2, 154, 156
411483.3.peg.1216.site.79, 1, 155, 156
411483.3.peg.1216.site.80, 0, 152, 152
411483.3.peg.1216.site.81, 6, 148, 154
411483.3.peg.1216.site.82, 1, 152, 153
411483.3.peg.1216.site.83, 2, 153, 155
411483.3.peg.1216.site.84, 5, 154, 159
411483.3.peg.1216.site.85, 2, 152, 154
411483.3.peg.1216.site.86, 135, 150, 285
411483.3.peg.1216.site.87, 28, 143, 171
411483.3.peg.1216.site.88, 8, 148, 156
411483.3.peg.1216.site.89, 3, 149, 152
411483.3.peg.1216.site.90, 7, 151, 158
411483.3.peg.1216.site.91, 20, 149, 169
411483.3.peg.1216.site.92, 8, 150, 158
411483.3.peg.1216.site.93, 0, 152, 152
411483.3.peg.1216.site.94, 2, 153, 155
411483.3.peg.1216.site.95, 2, 153, 155
411483.3.peg.1216.site.96, 7, 149, 156
411483.3.peg.1216.site.97, 2, 154, 156
411483.3.peg.1216.site.98, 3, 152, 155
411483.3.peg.1216.site.99, 3, 152, 155
411483.3.peg.1216.site.100, 19, 148, 167
411483.3.peg.1216.site.101, 2, 152, 154
411483.3.peg.1216.site.102, 27, 152, 179
411483.3.peg.1216.site.103, 6, 152, 158
411483.3.peg.1216.site.104, 23, 154, 177
411483.3.peg.1216.site.105, 3, 154, 157
411483.3.peg.1216.site.106, 2, 154, 156
411483.3.peg.1216.site.107, 2, 154, 156
411483.3.peg.1216.site.108, 78, 146, 224
411483.3.peg.1216.site.109, 1, 154, 155
411483.3.peg.1216.site.110, 52, 143, 195
411483.3.peg.1216.site.111, 0, 153, 153
411483.3.peg.1216.site.112, 1, 154, 155
411483.3.peg.1216.site.113, 36, 150, 186
411483.3.peg.1216.site.114, 1, 153, 154
411483.3.peg.1216.site.115, 1, 153, 154
411483.3.peg.1216.site.116, 71, 151, 222
411483.3.peg.1216.site.117, 8, 151, 159
411483.3.peg.1216.site.118, 4, 141, 145
411483.3.peg.1216.site.119, 10, 127, 137
411483.3.peg.1216.site.120, 3, 129, 132
411483.3.peg.1216.site.121, 28, 93, 121
411483.3.peg.1216.site.122, 0, 108, 108
411483.3.peg.1216.site.123, 2, 110, 112
411483.3.peg.1215.site.1, 0, 153, 153
411483.3.peg.1215.site.2, 2, 153, 155
411483.3.peg.1215.site.3, 5, 152, 157
411483.3.peg.1215.site.4, 115, 146, 261
411483.3.peg.1215.site.5, 1, 152, 153
411483.3.peg.1215.site.6, 1, 152, 153
411483.3.peg.1215.site.7, 142, 152, 294
411483.3.peg.1215.site.8, 0, 152, 152
411483.3.peg.1215.site.9, 2, 153, 155
411483.3.peg.1215.site.10, 42, 150, 192
411483.3.peg.1215.site.11, 47, 148, 195
411483.3.peg.1215.site.12, 4, 155, 159
411483.3.peg.1215.site.13, 8, 146, 154
411483.3.peg.1215.site.14, 1, 150, 151
411483.3.peg.1215.site.15, 2, 150, 152
411483.3.peg.1215.site.16, 2, 148, 150
411483.3.peg.1215.site.17, 128, 146, 274
411483.3.peg.1215.site.18, 2, 144, 146
411483.3.peg.1215.site.19, 80, 133, 213
411483.3.peg.1215.site.20, 1, 146, 147
411483.3.peg.1964.site.1, 142, 148, 290
411483.3.peg.1964.site.2, 107, 139, 246
411483.3.peg.1964.site.3, 3, 148, 151
411483.3.peg.1964.site.4, 7, 149, 156
411483.3.peg.1964.site.5, 3, 146, 149
411483.3.peg.1964.site.6, 3, 134, 137
411483.3.peg.1964.site.7, 16, 132, 148
411483.3.peg.1964.site.8, 2, 126, 128
411483.3.peg.1964.site.9, 0, 119, 119
411483.3.peg.1964.site.10, 1, 110, 111
411483.3.peg.1964.site.11, 9, 99, 108
411483.3.peg.1964.site.12, 2, 112, 114
411483.3.peg.1964.site.13, 1, 116, 117
411483.3.peg.1964.site.14, 91, 118, 209
411483.3.peg.1964.site.15, 0, 122, 122
411483.3.peg.1964.site.16, 0, 118, 118
411483.3.peg.1964.site.17, 4, 129, 133
411483.3.peg.1964.site.18, 1, 143, 144
411483.3.peg.1964.site.19, 2, 140, 142
411483.3.peg.1964.site.20, 1, 143, 144
411483.3.peg.1964.site.21, 1, 142, 143
411483.3.peg.1964.site.22, 5, 138, 143
411483.3.peg.1964.site.23, 4, 140, 144
411483.3.peg.1964.site.24, 1, 140, 141
411483.3.peg.1964.site.25, 6, 126, 132
411483.3.peg.1964.site.26, 1, 138, 139
411483.3.peg.1964.site.27, 4, 136, 140
411483.3.peg.1964.site.28, 44, 125, 169
411483.3.peg.1964.site.29, 16, 142, 158
411483.3.peg.1964.site.30, 2, 145, 147
411483.3.peg.1964.site.31, 5, 143, 148
411483.3.peg.1964.site.32, 1, 142, 143
411483.3.peg.1964.site.33, 5, 140, 145
411483.3.peg.1964.site.34, 1, 139, 140
411483.3.peg.1964.site.35, 3, 142, 145
411483.3.peg.1964.site.36, 17, 134, 151
411483.3.peg.1964.site.37, 4, 139, 143
411483.3.peg.1964.site.38, 2, 141, 143
411483.3.peg.1964.site.39, 1, 143, 144
411483.3.peg.1964.site.40, 37, 119, 156
411483.3.peg.1964.site.41, 5, 128, 133
411483.3.peg.1964.site.42, 1, 115, 116
411483.3.peg.1964.site.43, 10, 109, 119
411483.3.peg.1964.site.44, 3, 128, 131
411483.3.peg.1964.site.45, 1, 119, 120
411483.3.peg.1964.site.46, 3, 109, 112
411483.3.peg.1964.site.47, 6, 119, 125
411483.3.peg.1964.site.48, 1, 120, 121
411483.3.peg.1964.site.49, 2, 124, 126
411483.3.peg.1964.site.50, 11, 124, 135
411483.3.peg.1964.site.51, 1, 126, 127
411483.3.peg.1964.site.52, 2, 130, 132
411483.3.peg.1964.site.53, 2, 137, 139
411483.3.peg.1964.site.54, 1, 135, 136
411483.3.peg.1964.site.55, 6, 133, 139
411483.3.peg.1964.site.56, 1, 139, 140
411483.3.peg.1964.site.57, 41, 135, 176
411483.3.peg.1964.site.58, 7, 142, 149
411483.3.peg.1964.site.59, 3, 143, 146
411483.3.peg.1964.site.60, 17, 140, 157
411483.3.peg.1964.site.61, 3, 141, 144
411483.3.peg.1964.site.62, 1, 129, 130
411483.3.peg.1964.site.63, 1, 131, 132
411483.3.peg.1964.site.64, 2, 139, 141
411483.3.peg.1964.site.65, 0, 143, 143
411483.3.peg.1964.site.66, 3, 144, 147
411483.3.peg.1964.site.67, 2, 140, 142
411483.3.peg.1964.site.68, 1, 147, 148
411483.3.peg.1967.site.1, 0, 148, 148
411483.3.peg.1967.site.2, 1, 147, 148
411483.3.peg.1967.site.3, 2, 145, 147
411483.3.peg.1967.site.4, 3, 143, 146
411483.3.peg.1967.site.5, 1, 132, 133
411483.3.peg.1967.site.6, 3, 145, 148
411483.3.peg.1967.site.7, 1, 123, 124
411483.3.peg.1967.site.8, 122, 124, 246
411483.3.peg.1967.site.9, 3, 121, 124
411483.3.peg.1967.site.10, 1, 122, 123
411483.3.peg.1967.site.11, 11, 134, 145
411483.3.peg.1967.site.12, 1, 128, 129
411483.3.peg.1961.site.1, 7, 139, 146
411483.3.peg.1961.site.2, 1, 134, 135
411483.3.peg.1961.site.3, 36, 125, 161
411483.3.peg.1961.site.4, 1, 138, 139
411483.3.peg.1961.site.5, 12, 135, 147
411483.3.peg.1961.site.6, 2, 140, 142
411483.3.peg.1961.site.7, 13, 143, 156
411483.3.peg.1961.site.8, 8, 144, 152
411483.3.peg.1961.site.9, 1, 152, 153
411483.3.peg.1961.site.10, 2, 150, 152
411483.3.peg.1961.site.11, 6, 151, 157
411483.3.peg.1961.site.12, 36, 143, 179
411483.3.peg.1961.site.13, 34, 143, 177
411483.3.peg.1961.site.14, 2, 147, 149
411483.3.peg.1961.site.15, 3, 146, 149
411483.3.peg.1961.site.16, 4, 149, 153
411483.3.peg.1961.site.17, 152, 152, 304
411483.3.peg.1961.site.18, 11, 144, 155
411483.3.peg.1961.site.19, 2, 149, 151
411483.3.peg.1961.site.20, 5, 147, 152
411483.3.peg.1961.site.21, 19, 139, 158
411483.3.peg.1961.site.22, 3, 140, 143
411483.3.peg.1961.site.23, 2, 140, 142
411483.3.peg.1961.site.24, 3, 138, 141
411483.3.peg.1961.site.25, 3, 141, 144
411483.3.peg.1961.site.26, 4, 135, 139
411483.3.peg.1961.site.27, 114, 134, 248
411483.3.peg.1961.site.28, 7, 130, 137
411483.3.peg.1961.site.29, 144, 144, 288
411483.3.peg.1961.site.30, 3, 138, 141
411483.3.peg.1961.site.31, 9, 141, 150
411483.3.peg.1961.site.32, 12, 141, 153
411483.3.peg.1961.site.33, 7, 139, 146
411483.3.peg.1961.site.34, 5, 146, 151
411483.3.peg.1961.site.35, 5, 148, 153
411483.3.peg.1961.site.36, 15, 142, 157
411483.3.peg.1961.site.37, 46, 134, 180
411483.3.peg.1961.site.38, 20, 144, 164
411483.3.peg.1961.site.39, 19, 143, 162
411483.3.peg.1961.site.40, 2, 144, 146
411483.3.peg.1961.site.41, 5, 142, 147
411483.3.peg.1961.site.42, 6, 139, 145
411483.3.peg.1961.site.43, 1, 138, 139
411483.3.peg.1961.site.44, 54, 122, 176
411483.3.peg.1961.site.45, 56, 132, 188
411483.3.peg.1961.site.46, 1, 138, 139
411483.3.peg.1961.site.47, 1, 134, 135
411483.3.peg.1961.site.48, 1, 140, 141
411483.3.peg.1961.site.49, 120, 134, 254
411483.3.peg.1961.site.50, 1, 141, 142
411483.3.peg.1961.site.51, 11, 136, 147
411483.3.peg.1961.site.52, 2, 151, 153
411483.3.peg.1961.site.53, 1, 152, 153
411483.3.peg.1961.site.54, 2, 150, 152
411483.3.peg.1961.site.55, 64, 135, 199
411483.3.peg.1961.site.56, 0, 152, 152
411483.3.peg.1961.site.57, 0, 150, 150
411483.3.peg.1961.site.58, 7, 138, 145
411483.3.peg.1961.site.59, 5, 103, 108
411483.3.peg.1961.site.60, 1, 90, 91
411483.3.peg.1961.site.61, 47, 75, 122
411483.3.peg.1961.site.62, 22, 90, 112
411483.3.peg.1961.site.63, 14, 94, 108
411483.3.peg.1961.site.64, 1, 109, 110
411483.3.peg.1961.site.65, 83, 108, 191
411483.3.peg.1961.site.66, 3, 118, 121
411483.3.peg.1961.site.67, 6, 141, 147
411483.3.peg.1961.site.68, 1, 141, 142
411483.3.peg.1961.site.69, 29, 140, 169
411483.3.peg.1961.site.70, 2, 150, 152
411483.3.peg.1961.site.71, 53, 143, 196
411483.3.peg.1961.site.72, 4, 148, 152
411483.3.peg.1961.site.73, 90, 139, 229
411483.3.peg.1961.site.74, 1, 150, 151
411483.3.peg.1961.site.75, 86, 140, 226
411483.3.peg.1961.site.76, 5, 154, 159
411483.3.peg.1961.site.77, 51, 147, 198
411483.3.peg.1961.site.78, 2, 153, 155
411483.3.peg.1961.site.79, 6, 150, 156
411483.3.peg.1961.site.80, 12, 151, 163
411483.3.peg.1961.site.81, 8, 143, 151
411483.3.peg.1961.site.82, 12, 148, 160
411483.3.peg.1961.site.83, 151, 152, 303
411483.3.peg.1961.site.84, 5, 153, 158
411483.3.peg.1961.site.85, 21, 150, 171
411483.3.peg.1961.site.86, 10, 151, 161
411483.3.peg.1963.site.1, 1, 144, 145
411483.3.peg.1963.site.2, 50, 133, 183
411483.3.peg.1963.site.3, 5, 143, 148
411483.3.peg.1963.site.4, 145, 146, 291
411483.3.peg.1963.site.5, 6, 141, 147
411483.3.peg.1963.site.6, 3, 143, 146
411483.3.peg.1963.site.7, 2, 143, 145
411483.3.peg.1963.site.8, 1, 140, 141
411483.3.peg.1963.site.9, 5, 140, 145
411483.3.peg.1963.site.10, 1, 145, 146
411483.3.peg.1963.site.11, 3, 143, 146
411483.3.peg.1963.site.12, 7, 148, 155
411483.3.peg.1963.site.13, 1, 150, 151
411483.3.peg.1963.site.14, 148, 148, 296
411483.3.peg.1963.site.15, 6, 149, 155
411483.3.peg.1963.site.16, 4, 139, 143
411483.3.peg.1963.site.17, 0, 130, 130
411483.3.peg.1963.site.18, 2, 145, 147
411483.3.peg.1963.site.19, 1, 146, 147
411483.3.peg.1963.site.20, 4, 145, 149
411483.3.peg.1963.site.21, 7, 124, 131
411483.3.peg.1963.site.22, 5, 121, 126
411483.3.peg.1963.site.23, 2, 129, 131
411483.3.peg.1963.site.24, 0, 130, 130
411483.3.peg.1963.site.25, 6, 133, 139
411483.3.peg.1963.site.26, 1, 129, 130
411483.3.peg.1963.site.27, 83, 132, 215
411483.3.peg.1963.site.28, 7, 146, 153
411483.3.peg.1963.site.29, 3, 135, 138
411483.3.peg.1963.site.30, 1, 131, 132
411483.3.peg.1963.site.31, 4, 131, 135
411483.3.peg.1963.site.32, 1, 136, 137
411483.3.peg.1963.site.33, 3, 138, 141
411483.3.peg.1963.site.34, 0, 137, 137
411483.3.peg.1963.site.35, 1, 134, 135
411483.3.peg.1963.site.36, 0, 141, 141
411483.3.peg.1963.site.37, 6, 141, 147
411483.3.peg.1963.site.38, 2, 146, 148
411483.3.peg.1963.site.39, 4, 149, 153
411483.3.peg.1963.site.40, 1, 148, 149
411483.3.peg.1963.site.41, 1, 152, 153
411483.3.peg.1963.site.42, 9, 148, 157
411483.3.peg.1963.site.43, 117, 149, 266
411483.3.peg.1963.site.44, 0, 148, 148
411483.3.peg.1963.site.45, 1, 148, 149
411483.3.peg.1963.site.46, 1, 149, 150
411483.3.peg.1963.site.47, 0, 145, 145
411483.3.peg.1963.site.48, 1, 146, 147
411483.3.peg.1963.site.49, 1, 151, 152
411483.3.peg.1963.site.50, 4, 147, 151
411483.3.peg.1963.site.51, 7, 150, 157
411483.3.peg.1963.site.52, 0, 147, 147
411483.3.peg.1963.site.53, 14, 147, 161
411483.3.peg.1963.site.54, 2, 149, 151
411483.3.peg.1963.site.55, 2, 147, 149
411483.3.peg.1963.site.56, 0, 138, 138
411483.3.peg.1963.site.57, 3, 135, 138
411483.3.peg.1963.site.58, 60, 120, 180
411483.3.peg.1963.site.59, 112, 114, 226
411483.3.peg.1963.site.60, 2, 114, 116
411483.3.peg.1963.site.61, 53, 89, 142
411483.3.peg.1963.site.62, 40, 70, 110
411483.3.peg.1963.site.63, 5, 120, 125
411483.3.peg.1963.site.64, 4, 102, 106
411483.3.peg.1963.site.65, 5, 135, 140
411483.3.peg.1963.site.66, 0, 148, 148
411483.3.peg.1963.site.67, 3, 149, 152
411483.3.peg.1963.site.68, 3, 147, 150
411483.3.peg.1963.site.69, 30, 143, 173
411483.3.peg.1963.site.70, 22, 135, 157
411483.3.peg.1963.site.71, 3, 150, 153
411483.3.peg.1963.site.72, 150, 150, 300
411483.3.peg.1963.site.73, 7, 148, 155
411483.3.peg.1963.site.74, 10, 150, 160
411483.3.peg.1963.site.75, 0, 149, 149
411483.3.peg.1963.site.76, 10, 141, 151
411483.3.peg.1963.site.77, 12, 139, 151
411483.3.peg.1963.site.78, 9, 147, 156
411483.3.peg.1963.site.79, 11, 149, 160
411483.3.peg.1963.site.80, 5, 149, 154
411483.3.peg.1963.site.81, 3, 143, 146
411483.3.peg.1963.site.82, 76, 133, 209
411483.3.peg.1963.site.83, 58, 128, 186
411483.3.peg.1963.site.84, 27, 128, 155
411483.3.peg.1963.site.85, 3, 118, 121
411483.3.peg.1963.site.86, 1, 124, 125
411483.3.peg.1963.site.87, 1, 111, 112
411483.3.peg.1963.site.88, 12, 130, 142
411483.3.peg.1962.site.1, 11, 149, 160
411483.3.peg.1962.site.2, 2, 151, 153
411483.3.peg.1962.site.3, 7, 145, 152
411483.3.peg.1962.site.4, 47, 137, 184
411483.3.peg.1962.site.5, 3, 143, 146
411483.3.peg.1962.site.6, 18, 135, 153
411483.3.peg.1962.site.7, 1, 141, 142
411483.3.peg.1962.site.8, 0, 145, 145
411483.3.peg.1962.site.9, 1, 146, 147
411483.3.peg.1962.site.10, 1, 153, 154
411483.3.peg.1962.site.11, 23, 148, 171
411483.3.peg.1962.site.12, 44, 148, 192
411483.3.peg.1962.site.13, 2, 154, 156
411483.3.peg.1962.site.14, 127, 148, 275
411483.3.peg.1962.site.15, 2, 152, 154
411483.3.peg.1962.site.16, 0, 150, 150
411483.3.peg.1962.site.17, 6, 149, 155
411483.3.peg.1962.site.18, 6, 150, 156
411483.3.peg.1962.site.19, 3, 152, 155
411483.3.peg.1962.site.20, 8, 149, 157
411483.3.peg.1962.site.21, 1, 152, 153
411483.3.peg.1962.site.22, 20, 145, 165
411483.3.peg.1962.site.23, 3, 154, 157
411483.3.peg.1962.site.24, 3, 148, 151
411483.3.peg.1962.site.25, 0, 154, 154
411483.3.peg.1962.site.26, 5, 155, 160
411483.3.peg.1962.site.27, 16, 151, 167
411483.3.peg.1962.site.28, 24, 144, 168
411483.3.peg.1962.site.29, 1, 153, 154
411483.3.peg.1962.site.30, 5, 149, 154
411483.3.peg.1962.site.31, 1, 144, 145
411483.3.peg.1962.site.32, 0, 144, 144
411483.3.peg.1962.site.33, 14, 145, 159
411483.3.peg.1962.site.34, 16, 142, 158
411483.3.peg.1962.site.35, 22, 140, 162
411483.3.peg.1962.site.36, 1, 148, 149
411483.3.peg.1962.site.37, 4, 139, 143
411483.3.peg.1962.site.38, 9, 132, 141
411483.3.peg.1962.site.39, 1, 132, 133
411483.3.peg.1962.site.40, 4, 135, 139
411483.3.peg.1962.site.41, 1, 146, 147
411483.3.peg.1962.site.42, 6, 144, 150
411483.3.peg.1962.site.43, 1, 153, 154
411483.3.peg.1962.site.44, 1, 152, 153
411483.3.peg.1962.site.45, 4, 153, 157
411483.3.peg.1962.site.46, 2, 149, 151
411483.3.peg.1962.site.47, 17, 148, 165
411483.3.peg.1962.site.48, 0, 152, 152
411483.3.peg.1962.site.49, 9, 151, 160
411483.3.peg.1962.site.50, 2, 148, 150
411483.3.peg.1962.site.51, 4, 151, 155
411483.3.peg.1962.site.52, 3, 146, 149
411483.3.peg.1962.site.53, 3, 130, 133
411483.3.peg.1962.site.54, 17, 127, 144
411483.3.peg.1962.site.55, 2, 144, 146
411483.3.peg.1962.site.56, 1, 151, 152
411483.3.peg.1962.site.57, 11, 145, 156
411483.3.peg.1962.site.58, 1, 150, 151
411483.3.peg.1962.site.59, 150, 150, 300
411483.3.peg.1962.site.60, 2, 154, 156
411483.3.peg.1962.site.61, 0, 149, 149
411483.3.peg.1962.site.62, 1, 152, 153
411483.3.peg.1962.site.63, 1, 151, 152
411483.3.peg.1962.site.64, 4, 148, 152
411483.3.peg.1962.site.65, 0, 152, 152
411483.3.peg.1962.site.66, 4, 152, 156
411483.3.peg.1962.site.67, 11, 151, 162
411483.3.peg.1962.site.68, 10, 147, 157
411483.3.peg.1962.site.69, 4, 154, 158
411483.3.peg.1962.site.70, 3, 147, 150
411483.3.peg.1962.site.71, 1, 153, 154
411483.3.peg.1962.site.72, 3, 153, 156
411483.3.peg.1962.site.73, 2, 151, 153
411483.3.peg.1962.site.74, 3, 150, 153
411483.3.peg.1962.site.75, 20, 152, 172
411483.3.peg.1962.site.76, 4, 153, 157
411483.3.peg.1962.site.77, 56, 143, 199
411483.3.peg.1962.site.78, 6, 142, 148
411483.3.peg.1962.site.79, 7, 150, 157
411483.3.peg.1962.site.80, 3, 148, 151
411483.3.peg.1962.site.81, 0, 144, 144
411483.3.peg.1962.site.82, 2, 138, 140
411483.3.peg.1962.site.83, 11, 140, 151
411483.3.peg.1369.site.1, 3, 150, 153
411483.3.peg.1369.site.2, 5, 147, 152
411483.3.peg.1369.site.3, 2, 150, 152
411483.3.peg.1369.site.4, 10, 140, 150
411483.3.peg.1369.site.5, 43, 126, 169
411483.3.peg.1369.site.6, 1, 136, 137
411483.3.peg.1369.site.7, 23, 131, 154
411483.3.peg.1369.site.8, 2, 136, 138
411483.3.peg.1369.site.9, 16, 129, 145
411483.3.peg.1369.site.10, 14, 130, 144
411483.3.peg.1369.site.11, 5, 138, 143
411483.3.peg.1369.site.12, 1, 140, 141
411483.3.peg.1369.site.13, 2, 131, 133
411483.3.peg.1369.site.14, 64, 125, 189
411483.3.peg.1369.site.15, 4, 142, 146
411483.3.peg.1369.site.16, 13, 138, 151
411483.3.peg.1369.site.17, 0, 140, 140
411483.3.peg.1369.site.18, 136, 143, 279
411483.3.peg.1369.site.19, 0, 151, 151
411483.3.peg.1369.site.20, 21, 140, 161
411483.3.peg.1369.site.21, 1, 146, 147
411483.3.peg.1369.site.22, 3, 145, 148
411483.3.peg.1369.site.23, 1, 141, 142
411483.3.peg.1369.site.24, 1, 139, 140
411483.3.peg.1369.site.25, 6, 137, 143
411483.3.peg.1369.site.26, 29, 139, 168
411483.3.peg.1369.site.27, 16, 145, 161
411483.3.peg.1369.site.28, 6, 141, 147
411483.3.peg.1369.site.29, 1, 149, 150
411483.3.peg.1369.site.30, 15, 140, 155
411483.3.peg.1369.site.31, 7, 141, 148
411483.3.peg.1369.site.32, 4, 139, 143
411483.3.peg.1369.site.33, 1, 133, 134
411483.3.peg.1369.site.34, 16, 129, 145
411483.3.peg.1369.site.35, 23, 131, 154
411483.3.peg.1369.site.36, 30, 125, 155
411483.3.peg.1369.site.37, 9, 126, 135
411483.3.peg.1369.site.38, 2, 116, 118
411483.3.peg.1369.site.39, 6, 104, 110
411483.3.peg.1369.site.40, 1, 109, 110
411483.3.peg.1369.site.41, 19, 99, 118
411483.3.peg.1369.site.42, 1, 104, 105
411483.3.peg.1369.site.43, 3, 102, 105
411483.3.peg.1369.site.44, 2, 89, 91
411483.3.peg.1368.site.1, 50, 147, 197
411483.3.peg.1368.site.2, 57, 129, 186
411483.3.peg.1368.site.3, 2, 135, 137
411483.3.peg.1368.site.4, 10, 124, 134
411483.3.peg.1368.site.5, 57, 117, 174
411483.3.peg.1368.site.6, 0, 127, 127
411483.3.peg.1368.site.7, 9, 128, 137
411483.3.peg.1368.site.8, 0, 131, 131
411483.3.peg.1368.site.9, 0, 136, 136
411483.3.peg.1368.site.10, 1, 148, 149
411483.3.peg.1368.site.11, 7, 153, 160
411483.3.peg.1368.site.12, 3, 151, 154
411483.3.peg.1368.site.13, 1, 149, 150
411483.3.peg.1368.site.14, 0, 151, 151
411483.3.peg.1368.site.15, 2, 145, 147
411483.3.peg.1368.site.16, 2, 149, 151
411483.3.peg.1368.site.17, 0, 147, 147
411483.3.peg.1368.site.18, 8, 149, 157
411483.3.peg.1368.site.19, 2, 147, 149
411483.3.peg.1368.site.20, 5, 145, 150
411483.3.peg.1368.site.21, 27, 137, 164
411483.3.peg.1368.site.22, 0, 144, 144
411483.3.peg.1368.site.23, 1, 147, 148
411483.3.peg.1368.site.24, 2, 151, 153
411483.3.peg.1368.site.25, 56, 140, 196
411483.3.peg.1368.site.26, 0, 152, 152
411483.3.peg.1368.site.27, 2, 150, 152
411483.3.peg.1368.site.28, 8, 151, 159
411483.3.peg.1368.site.29, 1, 152, 153
411483.3.peg.1368.site.30, 4, 151, 155
411483.3.peg.1368.site.31, 9, 146, 155
411483.3.peg.1368.site.32, 1, 152, 153
411483.3.peg.1368.site.33, 1, 147, 148
411483.3.peg.1368.site.34, 8, 143, 151
411483.3.peg.1368.site.35, 1, 145, 146
411483.3.peg.1368.site.36, 1, 144, 145
411483.3.peg.1368.site.37, 1, 143, 144
411483.3.peg.1368.site.38, 2, 140, 142
411483.3.peg.1368.site.39, 8, 135, 143
411483.3.peg.1368.site.40, 1, 140, 141
411483.3.peg.1368.site.41, 1, 145, 146
411483.3.peg.1368.site.42, 2, 148, 150
411483.3.peg.1368.site.43, 1, 145, 146
411483.3.peg.1368.site.44, 8, 138, 146
411483.3.peg.1368.site.45, 1, 138, 139
411483.3.peg.1368.site.46, 7, 145, 152
411483.3.peg.1368.site.47, 2, 140, 142
411483.3.peg.1368.site.48, 0, 140, 140
411483.3.peg.1368.site.49, 2, 138, 140
411483.3.peg.1368.site.50, 1, 136, 137
411483.3.peg.1368.site.51, 7, 137, 144
411483.3.peg.1368.site.52, 11, 134, 145
411483.3.peg.1368.site.53, 126, 144, 270
411483.3.peg.1368.site.54, 1, 149, 150
411483.3.peg.1368.site.55, 2, 145, 147
411483.3.peg.1368.site.56, 2, 151, 153
411483.3.peg.1368.site.57, 8, 154, 162
411483.3.peg.1368.site.58, 11, 151, 162
411483.3.peg.1368.site.59, 4, 150, 154
411483.3.peg.1368.site.60, 3, 148, 151
411483.3.peg.1368.site.61, 0, 150, 150
411483.3.peg.1367.site.1, 5, 142, 147
411483.3.peg.1367.site.2, 31, 142, 173
411483.3.peg.1367.site.3, 2, 128, 130
411483.3.peg.1367.site.4, 10, 127, 137
411483.3.peg.1367.site.5, 84, 128, 212
411483.3.peg.1367.site.6, 2, 137, 139
411483.3.peg.1367.site.7, 7, 140, 147
411483.3.peg.1367.site.8, 12, 140, 152
411483.3.peg.1367.site.9, 11, 134, 145
411483.3.peg.1367.site.10, 1, 140, 141
411483.3.peg.1367.site.11, 94, 131, 225
411483.3.peg.1367.site.12, 1, 136, 137
411483.3.peg.1367.site.13, 2, 137, 139
411483.3.peg.1367.site.14, 4, 130, 134
411483.3.peg.1367.site.15, 2, 132, 134
411483.3.peg.1367.site.16, 1, 135, 136
411483.3.peg.1367.site.17, 0, 131, 131
411483.3.peg.1367.site.18, 0, 130, 130
411483.3.peg.1367.site.19, 3, 135, 138
411483.3.peg.1367.site.20, 0, 133, 133
411483.3.peg.1367.site.21, 1, 132, 133
411483.3.peg.1367.site.22, 8, 126, 134
411483.3.peg.1367.site.23, 4, 136, 140
411483.3.peg.1367.site.24, 2, 123, 125
411483.3.peg.1367.site.25, 5, 129, 134
411483.3.peg.1367.site.26, 3, 130, 133
411483.3.peg.1367.site.27, 111, 122, 233
411483.3.peg.1367.site.28, 5, 143, 148
411483.3.peg.1367.site.29, 2, 120, 122
411483.3.peg.1367.site.30, 3, 134, 137
411483.3.peg.1367.site.31, 1, 129, 130
411483.3.peg.1367.site.32, 1, 133, 134
411483.3.peg.1367.site.33, 23, 126, 149
411483.3.peg.1367.site.34, 3, 130, 133
411483.3.peg.1367.site.35, 8, 133, 141
411483.3.peg.1367.site.36, 9, 114, 123
411483.3.peg.1367.site.37, 105, 106, 211
411483.3.peg.1367.site.38, 1, 93, 94
411483.3.peg.1367.site.39, 3, 85, 88
411483.3.peg.1367.site.40, 3, 90, 93
411483.3.peg.1367.site.41, 3, 62, 65
411483.3.peg.1367.site.42, 10, 62, 72
411483.3.peg.1367.site.43, 43, 69, 112
411483.3.peg.1367.site.44, 2, 66, 68
411483.3.peg.1367.site.45, 5, 79, 84
411483.3.peg.1367.site.46, 0, 80, 80
411483.3.peg.1367.site.47, 2, 89, 91
411483.3.peg.1367.site.48, 1, 124, 125
411483.3.peg.1367.site.49, 3, 139, 142
411483.3.peg.1367.site.50, 0, 120, 120
411483.3.peg.1367.site.51, 6, 62, 68
411483.3.peg.1367.site.52, 3, 70, 73
411483.3.peg.1367.site.53, 5, 70, 75
411483.3.peg.1367.site.54, 2, 71, 73
411483.3.peg.1367.site.55, 1, 75, 76
411483.3.peg.1367.site.56, 1, 71, 72
411483.3.peg.1367.site.57, 8, 69, 77
411483.3.peg.1367.site.58, 74, 75, 149
411483.3.peg.1367.site.59, 1, 77, 78
411483.3.peg.1367.site.60, 2, 88, 90
411483.3.peg.1367.site.61, 2, 90, 92
411483.3.peg.1367.site.62, 0, 89, 89
411483.3.peg.1367.site.63, 3, 87, 90
411483.3.peg.1367.site.64, 1, 81, 82
411483.3.peg.1367.site.65, 2, 78, 80
411483.3.peg.1367.site.66, 2, 64, 66
411483.3.peg.1367.site.67, 0, 66, 66
411483.3.peg.1367.site.68, 47, 59, 106
411483.3.peg.1367.site.69, 2, 92, 94
411483.3.peg.1367.site.70, 2, 95, 97
411483.3.peg.1367.site.71, 93, 101, 194
411483.3.peg.1367.site.72, 7, 113, 120
411483.3.peg.1367.site.73, 0, 122, 122
411483.3.peg.1367.site.74, 8, 147, 155
411483.3.peg.1367.site.75, 0, 150, 150
411483.3.peg.1366.site.1, 14, 153, 167
411483.3.peg.1366.site.2, 0, 154, 154
411483.3.peg.1366.site.3, 31, 150, 181
411483.3.peg.1366.site.4, 1, 154, 155
411483.3.peg.1366.site.5, 15, 147, 162
411483.3.peg.1366.site.6, 3, 154, 157
411483.3.peg.1366.site.7, 3, 151, 154
411483.3.peg.1366.site.8, 4, 147, 151
411483.3.peg.1366.site.9, 14, 146, 160
411483.3.peg.1366.site.10, 3, 141, 144
411483.3.peg.1366.site.11, 3, 135, 138
411483.3.peg.1366.site.12, 7, 140, 147
411483.3.peg.1366.site.13, 1, 129, 130
411483.3.peg.1366.site.14, 4, 139, 143
411483.3.peg.1366.site.15, 50, 128, 178
411483.3.peg.1366.site.16, 2, 142, 144
411483.3.peg.1366.site.17, 3, 134, 137
411483.3.peg.1366.site.18, 0, 138, 138
411483.3.peg.1366.site.19, 1, 142, 143
411483.3.peg.1366.site.20, 2, 132, 134
411483.3.peg.1366.site.21, 2, 139, 141
411483.3.peg.1366.site.22, 2, 137, 139
411483.3.peg.1366.site.23, 3, 138, 141
411483.3.peg.1366.site.24, 5, 132, 137
411483.3.peg.1366.site.25, 0, 138, 138
411483.3.peg.1366.site.26, 1, 142, 143
411483.3.peg.1366.site.27, 5, 144, 149
411483.3.peg.1366.site.28, 3, 142, 145
411483.3.peg.1366.site.29, 7, 144, 151
411483.3.peg.1366.site.30, 10, 138, 148
411483.3.peg.1366.site.31, 2, 140, 142
411483.3.peg.1366.site.32, 1, 140, 141
411483.3.peg.1366.site.33, 52, 131, 183
411483.3.peg.1366.site.34, 16, 139, 155
411483.3.peg.1366.site.35, 2, 150, 152
411483.3.peg.1366.site.36, 1, 150, 151
411483.3.peg.1366.site.37, 7, 151, 158
411483.3.peg.1366.site.38, 8, 152, 160
411483.3.peg.1365.site.1, 0, 154, 154
411483.3.peg.1365.site.2, 1, 151, 152
411483.3.peg.1365.site.3, 10, 131, 141
411483.3.peg.1365.site.4, 148, 152, 300
411483.3.peg.1365.site.5, 3, 151, 154
411483.3.peg.1365.site.6, 14, 146, 160
411483.3.peg.1365.site.7, 2, 152, 154
411483.3.peg.1365.site.8, 0, 148, 148
411483.3.peg.1365.site.9, 6, 149, 155
411483.3.peg.1365.site.10, 2, 152, 154
411483.3.peg.1365.site.11, 14, 150, 164
411483.3.peg.1365.site.12, 1, 154, 155
411483.3.peg.1365.site.13, 3, 154, 157
411483.3.peg.1365.site.14, 43, 150, 193
411483.3.peg.1365.site.15, 21, 146, 167
411483.3.peg.1365.site.16, 8, 149, 157
411483.3.peg.1365.site.17, 35, 141, 176
411483.3.peg.1365.site.18, 1, 139, 140
411483.3.peg.1365.site.19, 1, 145, 146
411483.3.peg.1364.site.1, 6, 152, 158
411483.3.peg.1364.site.2, 3, 152, 155
411483.3.peg.1364.site.3, 2, 153, 155
411483.3.peg.1364.site.4, 8, 141, 149
411483.3.peg.1364.site.5, 2, 114, 116
411483.3.peg.1364.site.6, 85, 92, 177
411483.3.peg.1364.site.7, 11, 97, 108
411483.3.peg.1364.site.8, 3, 61, 64
411483.3.peg.1364.site.9, 2, 89, 91
411483.3.peg.1364.site.10, 5, 86, 91
411483.3.peg.1364.site.11, 2, 95, 97
411483.3.peg.1364.site.12, 13, 103, 116
411483.3.peg.1364.site.13, 8, 93, 101
411483.3.peg.1364.site.14, 61, 111, 172
411483.3.peg.1364.site.15, 18, 112, 130
411483.3.peg.1364.site.16, 15, 118, 133
411483.3.peg.1364.site.17, 1, 122, 123
411483.3.peg.1364.site.18, 1, 119, 120
411483.3.peg.1364.site.19, 11, 115, 126
411483.3.peg.1364.site.20, 1, 126, 127
411483.3.peg.1364.site.21, 1, 123, 124
411483.3.peg.1364.site.22, 2, 123, 125
411483.3.peg.1364.site.23, 33, 114, 147
411483.3.peg.1364.site.24, 3, 118, 121
411483.3.peg.1364.site.25, 4, 118, 122
411483.3.peg.1364.site.26, 17, 125, 142
411483.3.peg.1364.site.27, 3, 125, 128
411483.3.peg.1364.site.28, 2, 121, 123
411483.3.peg.1364.site.29, 2, 124, 126
411483.3.peg.1364.site.30, 0, 118, 118
411483.3.peg.1364.site.31, 4, 126, 130
411483.3.peg.1364.site.32, 1, 121, 122
411483.3.peg.1364.site.33, 3, 124, 127
411483.3.peg.1364.site.34, 1, 118, 119
411483.3.peg.1364.site.35, 4, 108, 112
411483.3.peg.1364.site.36, 79, 93, 172
411483.3.peg.1364.site.37, 56, 89, 145
411483.3.peg.1364.site.38, 2, 101, 103
411483.3.peg.1364.site.39, 1, 107, 108
411483.3.peg.1364.site.40, 8, 114, 122
411483.3.peg.1364.site.41, 3, 118, 121
411483.3.peg.1364.site.42, 38, 122, 160
411483.3.peg.1364.site.43, 2, 122, 124
411483.3.peg.1364.site.44, 3, 139, 142
411483.3.peg.1364.site.45, 1, 142, 143
411483.3.peg.1364.site.46, 8, 143, 151
411483.3.peg.1364.site.47, 1, 146, 147
411483.3.peg.1364.site.48, 2, 150, 152
411483.3.peg.1364.site.49, 3, 149, 152
411483.3.peg.1364.site.50, 3, 148, 151
411483.3.peg.1364.site.51, 4, 151, 155
411483.3.peg.1364.site.52, 1, 150, 151
411483.3.peg.1364.site.53, 57, 146, 203
411483.3.peg.1364.site.54, 1, 153, 154
411483.3.peg.1364.site.55, 4, 149, 153
411483.3.peg.1364.site.56, 1, 154, 155
411483.3.peg.1364.site.57, 2, 153, 155
411483.3.peg.1364.site.58, 3, 153, 156
411483.3.peg.1364.site.59, 1, 155, 156
411483.3.peg.1364.site.60, 1, 154, 155
411483.3.peg.1364.site.61, 1, 153, 154
411483.3.peg.1364.site.62, 74, 144, 218
411483.3.peg.1363.site.1, 9, 149, 158
411483.3.peg.1363.site.2, 8, 145, 153
411483.3.peg.1363.site.3, 56, 146, 202
411483.3.peg.1363.site.4, 2, 152, 154
411483.3.peg.1363.site.5, 0, 152, 152
411483.3.peg.1363.site.6, 5, 154, 159
411483.3.peg.1363.site.7, 2, 153, 155
411483.3.peg.1363.site.8, 10, 153, 163
411483.3.peg.1363.site.9, 9, 153, 162
411483.3.peg.1363.site.10, 75, 149, 224
411483.3.peg.1363.site.11, 1, 151, 152
411483.3.peg.1363.site.12, 6, 153, 159
411483.3.peg.1363.site.13, 1, 150, 151
411483.3.peg.1363.site.14, 6, 148, 154
411483.3.peg.1363.site.15, 1, 151, 152
411483.3.peg.1363.site.16, 0, 154, 154
411483.3.peg.1363.site.17, 3, 154, 157
411483.3.peg.1363.site.18, 83, 142, 225
411483.3.peg.1363.site.19, 1, 150, 151
411483.3.peg.1363.site.20, 0, 144, 144
411483.3.peg.1363.site.21, 2, 141, 143
411483.3.peg.1363.site.22, 7, 141, 148
411483.3.peg.1363.site.23, 1, 141, 142
411483.3.peg.1363.site.24, 14, 136, 150
411483.3.peg.1363.site.25, 1, 135, 136
411483.3.peg.1363.site.26, 6, 140, 146
411483.3.peg.1363.site.27, 2, 131, 133
411483.3.peg.1363.site.28, 3, 146, 149
411483.3.peg.1363.site.29, 6, 141, 147
411483.3.peg.1363.site.30, 6, 140, 146
411483.3.peg.1363.site.31, 67, 129, 196
411483.3.peg.1363.site.32, 0, 144, 144
411483.3.peg.1363.site.33, 0, 148, 148
411483.3.peg.1363.site.34, 9, 152, 161
411483.3.peg.1363.site.35, 111, 145, 256
411483.3.peg.1363.site.36, 4, 153, 157
411483.3.peg.1362.site.1, 15, 74, 89
411483.3.peg.1362.site.2, 6, 113, 119
411483.3.peg.1362.site.3, 4, 129, 133
411483.3.peg.1362.site.4, 0, 138, 138
411483.3.peg.1362.site.5, 3, 148, 151
411483.3.peg.1362.site.6, 12, 143, 155
411483.3.peg.1362.site.7, 1, 152, 153
411483.3.peg.1362.site.8, 1, 151, 152
411483.3.peg.1362.site.9, 6, 150, 156
411483.3.peg.1362.site.10, 1, 152, 153
411483.3.peg.1362.site.11, 143, 146, 289
411483.3.peg.1362.site.12, 5, 145, 150
411483.3.peg.1362.site.13, 2, 147, 149
411483.3.peg.1362.site.14, 6, 144, 150
411483.3.peg.1362.site.15, 6, 145, 151
411483.3.peg.1362.site.16, 1, 141, 142
411483.3.peg.1362.site.17, 1, 144, 145
411483.3.peg.1362.site.18, 1, 148, 149
411483.3.peg.1362.site.19, 9, 142, 151
411483.3.peg.1362.site.20, 1, 147, 148
411483.3.peg.1362.site.21, 1, 147, 148
411483.3.peg.1362.site.22, 127, 138, 265
411483.3.peg.1362.site.23, 0, 146, 146
411483.3.peg.1362.site.24, 4, 141, 145
411483.3.peg.1362.site.25, 9, 135, 144
411483.3.peg.1362.site.26, 129, 136, 265
411483.3.peg.1362.site.27, 1, 140, 141
411483.3.peg.1362.site.28, 26, 131, 157
411483.3.peg.1362.site.29, 1, 133, 134
411483.3.peg.1362.site.30, 11, 131, 142
411483.3.peg.1362.site.31, 11, 112, 123
411483.3.peg.1362.site.32, 11, 107, 118
411483.3.peg.1362.site.33, 0, 132, 132
411483.3.peg.1362.site.34, 0, 135, 135
411483.3.peg.1362.site.35, 5, 142, 147
411483.3.peg.1362.site.36, 6, 138, 144
411483.3.peg.1362.site.37, 2, 140, 142
411483.3.peg.1362.site.38, 0, 144, 144
411483.3.peg.1362.site.39, 2, 143, 145
411483.3.peg.1362.site.40, 2, 144, 146
411483.3.peg.1362.site.41, 1, 145, 146
411483.3.peg.1362.site.42, 1, 149, 150
411483.3.peg.1362.site.43, 14, 146, 160
411483.3.peg.1362.site.44, 4, 147, 151
411483.3.peg.1362.site.45, 5, 151, 156
411483.3.peg.1362.site.46, 1, 151, 152
411483.3.peg.1362.site.47, 7, 150, 157
411483.3.peg.1362.site.48, 1, 151, 152
411483.3.peg.1362.site.49, 1, 151, 152
411483.3.peg.1362.site.50, 150, 151, 301
411483.3.peg.1362.site.51, 7, 149, 156
411483.3.peg.1362.site.52, 1, 152, 153
411483.3.peg.1362.site.53, 4, 152, 156
411483.3.peg.1362.site.54, 1, 151, 152
411483.3.peg.1362.site.55, 9, 153, 162
411483.3.peg.1362.site.56, 5, 151, 156
411483.3.peg.1362.site.57, 0, 148, 148
411483.3.peg.1362.site.58, 1, 146, 147
411483.3.peg.1362.site.59, 114, 141, 255
411483.3.peg.1362.site.60, 1, 150, 151
411483.3.peg.1362.site.61, 153, 154, 307
411483.3.peg.1362.site.62, 2, 154, 156
411483.3.peg.1362.site.63, 7, 152, 159
411483.3.peg.1362.site.64, 1, 154, 155
411483.3.peg.1362.site.65, 0, 148, 148
411483.3.peg.1362.site.66, 95, 138, 233
411483.3.peg.1362.site.67, 0, 148, 148
411483.3.peg.1362.site.68, 5, 147, 152
411483.3.peg.1362.site.69, 7, 148, 155
411483.3.peg.1362.site.70, 1, 153, 154
411483.3.peg.1362.site.71, 4, 150, 154
411483.3.peg.1362.site.72, 0, 154, 154
411483.3.peg.1362.site.73, 1, 154, 155
411483.3.peg.1362.site.74, 52, 147, 199
411483.3.peg.1362.site.75, 136, 148, 284
411483.3.peg.1362.site.76, 6, 150, 156
411483.3.peg.1362.site.77, 1, 149, 150
411483.3.peg.1361.site.1, 4, 152, 156
411483.3.peg.1361.site.2, 4, 152, 156
411483.3.peg.1361.site.3, 14, 149, 163
411483.3.peg.1361.site.4, 2, 150, 152
411483.3.peg.1361.site.5, 1, 149, 150
411483.3.peg.1361.site.6, 77, 136, 213
411483.3.peg.1361.site.7, 1, 151, 152
411483.3.peg.1361.site.8, 1, 150, 151
411483.3.peg.1361.site.9, 0, 151, 151
411483.3.peg.1361.site.10, 146, 151, 297
411483.3.peg.1361.site.11, 2, 150, 152
411483.3.peg.1361.site.12, 2, 147, 149
411483.3.peg.1361.site.13, 0, 143, 143
411483.3.peg.1361.site.14, 4, 115, 119
411483.3.peg.1361.site.15, 2, 96, 98
411483.3.peg.1360.site.1, 4, 155, 159
411483.3.peg.1360.site.2, 4, 154, 158
411483.3.peg.1360.site.3, 21, 150, 171
411483.3.peg.1360.site.4, 5, 154, 159
411483.3.peg.1360.site.5, 33, 150, 183
411483.3.peg.1360.site.6, 1, 152, 153
411483.3.peg.1360.site.7, 18, 149, 167
411483.3.peg.1360.site.8, 3, 150, 153
411483.3.peg.1360.site.9, 1, 151, 152
411483.3.peg.1360.site.10, 2, 151, 153
411483.3.peg.1360.site.11, 9, 149, 158
411483.3.peg.1360.site.12, 44, 141, 185
411483.3.peg.1360.site.13, 141, 149, 290
411483.3.peg.1360.site.14, 1, 150, 151
411483.3.peg.1360.site.15, 3, 147, 150
411483.3.peg.1360.site.16, 2, 146, 148
411483.3.peg.1360.site.17, 0, 147, 147
411483.3.peg.1360.site.18, 16, 141, 157
411483.3.peg.1360.site.19, 4, 148, 152
411483.3.peg.1360.site.20, 2, 148, 150
411483.3.peg.1360.site.21, 27, 146, 173
411483.3.peg.1360.site.22, 3, 144, 147
411483.3.peg.1360.site.23, 5, 151, 156
411483.3.peg.1360.site.24, 6, 148, 154
411483.3.peg.1360.site.25, 1, 144, 145
411483.3.peg.1360.site.26, 34, 137, 171
411483.3.peg.1360.site.27, 45, 134, 179
411483.3.peg.1360.site.28, 3, 136, 139
411483.3.peg.1360.site.29, 17, 134, 151
411483.3.peg.1360.site.30, 12, 130, 142
411483.3.peg.1360.site.31, 10, 133, 143
411483.3.peg.1360.site.32, 1, 138, 139
411483.3.peg.1360.site.33, 6, 137, 143
411483.3.peg.1360.site.34, 0, 146, 146
411483.3.peg.1360.site.35, 2, 142, 144
411483.3.peg.1360.site.36, 5, 149, 154
411483.3.peg.1360.site.37, 10, 145, 155
411483.3.peg.1360.site.38, 28, 147, 175
411483.3.peg.1360.site.39, 2, 149, 151
411483.3.peg.1360.site.40, 1, 150, 151
411483.3.peg.1360.site.41, 7, 149, 156
411483.3.peg.1360.site.42, 6, 147, 153
411483.3.peg.1360.site.43, 112, 143, 255
411483.3.peg.1360.site.44, 6, 141, 147
411483.3.peg.1360.site.45, 0, 147, 147
411483.3.peg.1360.site.46, 10, 145, 155
411483.3.peg.1360.site.47, 3, 149, 152
411483.3.peg.1360.site.48, 12, 143, 155
411483.3.peg.1360.site.49, 2, 150, 152
411483.3.peg.1360.site.50, 2, 152, 154
411483.3.peg.1360.site.51, 1, 152, 153
411483.3.peg.1360.site.52, 83, 137, 220
411483.3.peg.1360.site.53, 83, 141, 224
411483.3.peg.1360.site.54, 2, 140, 142
411483.3.peg.1360.site.55, 1, 122, 123
411483.3.peg.1360.site.56, 1, 134, 135
411483.3.peg.1360.site.57, 4, 136, 140
411483.3.peg.1360.site.58, 5, 141, 146
411483.3.peg.1360.site.59, 5, 142, 147
411483.3.peg.1360.site.60, 1, 142, 143
411483.3.peg.1360.site.61, 1, 143, 144
411483.3.peg.1360.site.62, 1, 143, 144
411483.3.peg.1360.site.63, 3, 143, 146
411483.3.peg.1360.site.64, 3, 147, 150
411483.3.peg.1360.site.65, 4, 149, 153
411483.3.peg.1360.site.66, 56, 142, 198
411483.3.peg.1360.site.67, 7, 148, 155
411483.3.peg.1360.site.68, 2, 149, 151
411483.3.peg.1360.site.69, 2, 148, 150
411483.3.peg.1360.site.70, 5, 151, 156
411483.3.peg.1360.site.71, 9, 148, 157
411483.3.peg.1360.site.72, 32, 136, 168
411483.3.peg.1360.site.73, 28, 142, 170
411483.3.peg.1360.site.74, 5, 148, 153
411483.3.peg.1360.site.75, 20, 151, 171
411483.3.peg.1360.site.76, 2, 153, 155
411483.3.peg.1360.site.77, 2, 152, 154
411483.3.peg.1360.site.78, 10, 150, 160
411483.3.peg.1360.site.79, 78, 137, 215
411483.3.peg.1360.site.80, 2, 152, 154
411483.3.peg.1360.site.81, 5, 154, 159
411483.3.peg.1360.site.82, 0, 149, 149
411483.3.peg.1360.site.83, 7, 153, 160
411483.3.peg.1360.site.84, 2, 152, 154
411483.3.peg.1360.site.85, 3, 150, 153
411483.3.peg.1360.site.86, 0, 148, 148
411483.3.peg.313.site.1, 4, 132, 136
411483.3.peg.313.site.2, 66, 125, 191
411483.3.peg.313.site.3, 3, 141, 144
411483.3.peg.313.site.4, 14, 145, 159
411483.3.peg.313.site.5, 1, 149, 150
411483.3.peg.313.site.6, 0, 148, 148
411483.3.peg.313.site.7, 4, 145, 149
411483.3.peg.313.site.8, 30, 136, 166
411483.3.peg.313.site.9, 3, 145, 148
411483.3.peg.313.site.10, 32, 140, 172
411483.3.peg.313.site.11, 0, 148, 148
411483.3.peg.313.site.12, 6, 150, 156
411483.3.peg.313.site.13, 0, 150, 150
411483.3.peg.313.site.14, 2, 152, 154
411483.3.peg.313.site.15, 0, 154, 154
411483.3.peg.313.site.16, 3, 153, 156
411483.3.peg.313.site.17, 1, 153, 154
411483.3.peg.313.site.18, 5, 151, 156
411483.3.peg.313.site.19, 3, 154, 157
411483.3.peg.313.site.20, 22, 148, 170
411483.3.peg.313.site.21, 1, 154, 155
411483.3.peg.313.site.22, 2, 154, 156
411483.3.peg.313.site.23, 23, 149, 172
411483.3.peg.313.site.24, 1, 143, 144
411483.3.peg.313.site.25, 5, 144, 149
411483.3.peg.313.site.26, 9, 140, 149
411483.3.peg.1140.site.1, 10, 147, 157
411483.3.peg.1140.site.2, 0, 152, 152
411483.3.peg.1140.site.3, 0, 150, 150
411483.3.peg.1140.site.4, 1, 150, 151
411483.3.peg.1140.site.5, 1, 144, 145
411483.3.peg.1140.site.6, 0, 145, 145
411483.3.peg.1140.site.7, 0, 139, 139
411483.3.peg.1140.site.8, 2, 137, 139
411483.3.peg.1140.site.9, 106, 109, 215
411483.3.peg.1140.site.10, 1, 112, 113
411483.3.peg.1140.site.11, 1, 93, 94
411483.3.peg.1140.site.12, 3, 125, 128
411483.3.peg.1140.site.13, 1, 132, 133
411483.3.peg.1140.site.14, 108, 136, 244
411483.3.peg.1140.site.15, 98, 135, 233
411483.3.peg.1140.site.16, 1, 143, 144
411483.3.peg.1140.site.17, 2, 146, 148
411483.3.peg.1140.site.18, 0, 146, 146
411483.3.peg.1140.site.19, 2, 149, 151
411483.3.peg.1140.site.20, 1, 153, 154
411483.3.peg.1140.site.21, 1, 153, 154
411483.3.peg.1140.site.22, 3, 150, 153
411483.3.peg.1140.site.23, 3, 151, 154
411483.3.peg.1140.site.24, 4, 146, 150
411483.3.peg.1140.site.25, 5, 149, 154
411483.3.peg.1140.site.26, 5, 139, 144
411483.3.peg.1140.site.27, 4, 135, 139
411483.3.peg.1140.site.28, 116, 117, 233
411483.3.peg.1140.site.29, 2, 121, 123
411483.3.peg.1140.site.30, 83, 119, 202
411483.3.peg.1140.site.31, 1, 127, 128
411483.3.peg.1140.site.32, 1, 120, 121
411483.3.peg.1140.site.33, 14, 109, 123
411483.3.peg.1140.site.34, 43, 103, 146
411483.3.peg.1140.site.35, 4, 122, 126
411483.3.peg.1140.site.36, 3, 148, 151
411483.3.peg.1140.site.37, 17, 144, 161
411483.3.peg.1140.site.38, 7, 146, 153
411483.3.peg.1140.site.39, 48, 142, 190
411483.3.peg.1140.site.40, 18, 151, 169
411483.3.peg.1140.site.41, 1, 155, 156
411483.3.peg.1140.site.42, 11, 152, 163
411483.3.peg.1140.site.43, 11, 153, 164
411483.3.peg.1140.site.44, 6, 152, 158
411483.3.peg.1140.site.45, 3, 154, 157
411483.3.peg.1140.site.46, 4, 154, 158
411483.3.peg.1140.site.47, 6, 151, 157
411483.3.peg.1140.site.48, 18, 148, 166
411483.3.peg.1140.site.49, 4, 148, 152
411483.3.peg.1140.site.50, 2, 151, 153
411483.3.peg.1140.site.51, 3, 148, 151
411483.3.peg.1140.site.52, 1, 147, 148
411483.3.peg.1140.site.53, 3, 150, 153
411483.3.peg.1140.site.54, 20, 148, 168
411483.3.peg.1140.site.55, 0, 149, 149
411483.3.peg.1140.site.56, 2, 152, 154
411483.3.peg.1140.site.57, 1, 149, 150
411483.3.peg.1140.site.58, 2, 149, 151
411483.3.peg.1140.site.59, 14, 137, 151
411483.3.peg.1140.site.60, 2, 147, 149
411483.3.peg.1140.site.61, 3, 144, 147
411483.3.peg.1140.site.62, 6, 137, 143
411483.3.peg.1140.site.63, 1, 144, 145
411483.3.peg.1140.site.64, 4, 134, 138
411483.3.peg.1140.site.65, 2, 144, 146
411483.3.peg.1140.site.66, 3, 145, 148
411483.3.peg.1140.site.67, 16, 134, 150
411483.3.peg.1140.site.68, 3, 146, 149
411483.3.peg.1140.site.69, 1, 147, 148
411483.3.peg.1140.site.70, 1, 153, 154
411483.3.peg.1140.site.71, 5, 146, 151
411483.3.peg.1140.site.72, 5, 149, 154
411483.3.peg.1140.site.73, 17, 146, 163
411483.3.peg.1140.site.74, 1, 145, 146
411483.3.peg.1140.site.75, 9, 143, 152
411483.3.peg.1140.site.76, 8, 139, 147
411483.3.peg.1140.site.77, 10, 137, 147
411483.3.peg.1140.site.78, 3, 139, 142
411483.3.peg.1140.site.79, 1, 139, 140
411483.3.peg.1140.site.80, 12, 141, 153
411483.3.peg.1140.site.81, 0, 146, 146
411483.3.peg.1140.site.82, 0, 148, 148
411483.3.peg.1140.site.83, 9, 148, 157
411483.3.peg.1140.site.84, 4, 150, 154
411483.3.peg.1140.site.85, 10, 145, 155
411483.3.peg.1140.site.86, 2, 149, 151
411483.3.peg.1140.site.87, 15, 146, 161
411483.3.peg.1140.site.88, 2, 147, 149
411483.3.peg.1140.site.89, 1, 150, 151
411483.3.peg.1140.site.90, 5, 154, 159
411483.3.peg.1140.site.91, 61, 141, 202
411483.3.peg.1140.site.92, 119, 146, 265
411483.3.peg.1140.site.93, 2, 153, 155
411483.3.peg.1140.site.94, 2, 149, 151
411483.3.peg.1140.site.95, 3, 153, 156
411483.3.peg.1140.site.96, 1, 154, 155
411483.3.peg.1147.site.1, 6, 138, 144
411483.3.peg.1147.site.2, 4, 144, 148
411483.3.peg.1147.site.3, 7, 150, 157
411483.3.peg.1147.site.4, 2, 149, 151
411483.3.peg.1147.site.5, 37, 144, 181
411483.3.peg.1147.site.6, 6, 149, 155
411483.3.peg.1147.site.7, 24, 135, 159
411483.3.peg.1147.site.8, 1, 145, 146
411483.3.peg.1147.site.9, 128, 143, 271
411483.3.peg.1147.site.10, 16, 140, 156
411483.3.peg.1147.site.11, 13, 132, 145
411483.3.peg.1147.site.12, 2, 146, 148
411483.3.peg.1147.site.13, 10, 136, 146
411483.3.peg.1147.site.14, 3, 142, 145
411483.3.peg.1147.site.15, 24, 135, 159
411483.3.peg.1147.site.16, 0, 145, 145
411483.3.peg.1147.site.17, 1, 144, 145
411483.3.peg.1147.site.18, 2, 142, 144
411483.3.peg.1147.site.19, 0, 142, 142
411483.3.peg.1147.site.20, 3, 139, 142
411483.3.peg.1147.site.21, 11, 143, 154
411483.3.peg.1147.site.22, 0, 144, 144
411483.3.peg.1147.site.23, 41, 143, 184
411483.3.peg.1147.site.24, 3, 145, 148
411483.3.peg.1147.site.25, 2, 133, 135
411483.3.peg.1147.site.26, 1, 138, 139
411483.3.peg.1147.site.27, 75, 109, 184
411483.3.peg.1147.site.28, 2, 124, 126
411483.3.peg.1147.site.29, 6, 125, 131
411483.3.peg.1147.site.30, 9, 124, 133
411483.3.peg.1147.site.31, 0, 135, 135
411483.3.peg.1147.site.32, 135, 137, 272
411483.3.peg.1147.site.33, 22, 132, 154
411483.3.peg.1147.site.34, 29, 137, 166
411483.3.peg.1147.site.35, 8, 145, 153
411483.3.peg.1147.site.36, 3, 153, 156
411483.3.peg.1147.site.37, 2, 153, 155
411483.3.peg.1147.site.38, 1, 153, 154
411483.3.peg.1147.site.39, 3, 152, 155
411483.3.peg.1147.site.40, 25, 150, 175
411483.3.peg.1147.site.41, 5, 151, 156
411483.3.peg.1147.site.42, 3, 153, 156
411483.3.peg.1147.site.43, 2, 153, 155
411483.3.peg.1147.site.44, 5, 153, 158
411483.3.peg.1146.site.1, 81, 145, 226
411483.3.peg.1146.site.2, 3, 146, 149
411483.3.peg.1146.site.3, 86, 130, 216
411483.3.peg.1146.site.4, 8, 139, 147
411483.3.peg.1146.site.5, 5, 140, 145
411483.3.peg.1146.site.6, 9, 138, 147
411483.3.peg.1146.site.7, 9, 143, 152
411483.3.peg.1146.site.8, 1, 138, 139
411483.3.peg.1146.site.9, 33, 128, 161
411483.3.peg.1146.site.10, 4, 144, 148
411483.3.peg.1146.site.11, 3, 144, 147
411483.3.peg.1146.site.12, 0, 142, 142
411483.3.peg.1146.site.13, 2, 136, 138
411483.3.peg.1146.site.14, 11, 135, 146
411483.3.peg.1146.site.15, 1, 130, 131
411483.3.peg.1146.site.16, 3, 132, 135
411483.3.peg.1146.site.17, 1, 134, 135
411483.3.peg.1146.site.18, 1, 132, 133
411483.3.peg.1146.site.19, 0, 138, 138
411483.3.peg.1146.site.20, 11, 144, 155
411483.3.peg.1146.site.21, 1, 151, 152
411483.3.peg.1146.site.22, 6, 148, 154
411483.3.peg.1146.site.23, 0, 142, 142
411483.3.peg.1146.site.24, 2, 134, 136
411483.3.peg.1146.site.25, 1, 121, 122
411483.3.peg.1146.site.26, 1, 111, 112
411483.3.peg.1146.site.27, 92, 93, 185
411483.3.peg.1146.site.28, 4, 94, 98
411483.3.peg.1146.site.29, 1, 81, 82
411483.3.peg.1146.site.30, 1, 88, 89
411483.3.peg.1146.site.31, 1, 91, 92
411483.3.peg.1146.site.32, 1, 85, 86
411483.3.peg.1146.site.33, 1, 86, 87
411483.3.peg.1146.site.34, 4, 81, 85
411483.3.peg.1146.site.35, 3, 68, 71
411483.3.peg.1146.site.36, 1, 63, 64
411483.3.peg.1146.site.37, 25, 67, 92
411483.3.peg.1146.site.38, 31, 89, 120
411483.3.peg.1146.site.39, 2, 101, 103
411483.3.peg.1146.site.40, 34, 103, 137
411483.3.peg.1146.site.41, 1, 112, 113
411483.3.peg.1146.site.42, 12, 106, 118
411483.3.peg.1146.site.43, 1, 109, 110
411483.3.peg.1146.site.44, 31, 108, 139
411483.3.peg.1146.site.45, 34, 106, 140
411483.3.peg.1146.site.46, 5, 118, 123
411483.3.peg.1146.site.47, 3, 118, 121
411483.3.peg.1146.site.48, 3, 127, 130
411483.3.peg.1146.site.49, 2, 133, 135
411483.3.peg.1146.site.50, 1, 129, 130
411483.3.peg.1146.site.51, 2, 130, 132
411483.3.peg.1146.site.52, 77, 120, 197
411483.3.peg.1146.site.53, 1, 139, 140
411483.3.peg.1146.site.54, 4, 137, 141
411483.3.peg.1146.site.55, 3, 139, 142
411483.3.peg.1146.site.56, 10, 149, 159
411483.3.peg.1146.site.57, 4, 154, 158
411483.3.peg.1146.site.58, 6, 150, 156
411483.3.peg.1146.site.59, 1, 154, 155
411483.3.peg.1146.site.60, 5, 152, 157
411483.3.peg.1146.site.61, 111, 146, 257
411483.3.peg.1146.site.62, 4, 155, 159
411483.3.peg.1146.site.63, 31, 152, 183
411483.3.peg.1146.site.64, 1, 152, 153
411483.3.peg.1146.site.65, 1, 147, 148
411483.3.peg.1146.site.66, 0, 142, 142
411483.3.peg.1146.site.67, 3, 146, 149
411483.3.peg.1146.site.68, 2, 145, 147
411483.3.peg.1146.site.69, 5, 145, 150
411483.3.peg.1146.site.70, 2, 151, 153
411483.3.peg.1146.site.71, 0, 148, 148
411483.3.peg.1146.site.72, 1, 152, 153
411483.3.peg.1146.site.73, 0, 153, 153
411483.3.peg.1145.site.1, 3, 152, 155
411483.3.peg.1145.site.2, 142, 148, 290
411483.3.peg.1145.site.3, 0, 151, 151
411483.3.peg.1145.site.4, 5, 152, 157
411483.3.peg.1145.site.5, 7, 150, 157
411483.3.peg.1145.site.6, 2, 152, 154
411483.3.peg.1145.site.7, 7, 149, 156
411483.3.peg.1145.site.8, 3, 148, 151
411483.3.peg.1145.site.9, 3, 153, 156
411483.3.peg.1145.site.10, 1, 153, 154
411483.3.peg.1145.site.11, 1, 154, 155
411483.3.peg.1145.site.12, 15, 147, 162
411483.3.peg.1145.site.13, 28, 147, 175
411483.3.peg.1145.site.14, 0, 145, 145
411483.3.peg.1145.site.15, 2, 145, 147
411483.3.peg.1145.site.16, 16, 136, 152
411483.3.peg.1145.site.17, 0, 141, 141
411483.3.peg.1145.site.18, 0, 143, 143
411483.3.peg.1145.site.19, 5, 142, 147
411483.3.peg.1145.site.20, 12, 137, 149
411483.3.peg.1145.site.21, 2, 138, 140
411483.3.peg.1145.site.22, 4, 137, 141
411483.3.peg.1145.site.23, 1, 128, 129
411483.3.peg.1145.site.24, 5, 127, 132
411483.3.peg.1145.site.25, 0, 137, 137
411483.3.peg.1145.site.26, 1, 148, 149
411483.3.peg.1145.site.27, 0, 146, 146
411483.3.peg.1145.site.28, 4, 147, 151
411483.3.peg.1145.site.29, 10, 145, 155
411483.3.peg.1145.site.30, 0, 150, 150
411483.3.peg.1145.site.31, 6, 148, 154
411483.3.peg.1145.site.32, 20, 151, 171
411483.3.peg.1145.site.33, 0, 150, 150
411483.3.peg.1145.site.34, 11, 149, 160
411483.3.peg.1145.site.35, 0, 153, 153
411483.3.peg.1145.site.36, 2, 152, 154
411483.3.peg.1145.site.37, 82, 146, 228
411483.3.peg.1145.site.38, 1, 155, 156
411483.3.peg.1145.site.39, 0, 153, 153
411483.3.peg.1145.site.40, 23, 150, 173
411483.3.peg.1145.site.41, 2, 151, 153
411483.3.peg.1145.site.42, 19, 149, 168
411483.3.peg.1145.site.43, 1, 152, 153
411483.3.peg.1145.site.44, 13, 148, 161
411483.3.peg.1145.site.45, 0, 150, 150
411483.3.peg.1145.site.46, 1, 148, 149
411483.3.peg.1145.site.47, 0, 144, 144
411483.3.peg.1145.site.48, 1, 149, 150
411483.3.peg.1145.site.49, 7, 150, 157
411483.3.peg.1145.site.50, 11, 150, 161
411483.3.peg.1145.site.51, 12, 146, 158
411483.3.peg.1145.site.52, 26, 150, 176
411483.3.peg.1145.site.53, 21, 142, 163
411483.3.peg.1145.site.54, 0, 154, 154
411483.3.peg.1145.site.55, 8, 152, 160
411483.3.peg.1145.site.56, 0, 150, 150
411483.3.peg.1145.site.57, 99, 141, 240
411483.3.peg.1145.site.58, 14, 143, 157
411483.3.peg.1145.site.59, 6, 145, 151
411483.3.peg.1145.site.60, 44, 137, 181
411483.3.peg.1145.site.61, 19, 132, 151
411483.3.peg.1145.site.62, 7, 146, 153
411483.3.peg.1145.site.63, 25, 143, 168
411483.3.peg.1145.site.64, 1, 151, 152
411483.3.peg.1145.site.65, 1, 150, 151
411483.3.peg.1145.site.66, 5, 144, 149
411483.3.peg.1145.site.67, 25, 120, 145
411483.3.peg.1145.site.68, 4, 144, 148
411483.3.peg.1145.site.69, 2, 145, 147
411483.3.peg.1145.site.70, 14, 145, 159
411483.3.peg.1145.site.71, 14, 149, 163
411483.3.peg.1145.site.72, 1, 154, 155
411483.3.peg.1145.site.73, 35, 146, 181
411483.3.peg.1145.site.74, 0, 148, 148
411483.3.peg.1145.site.75, 1, 151, 152
411483.3.peg.1145.site.76, 1, 153, 154
411483.3.peg.1145.site.77, 39, 144, 183
411483.3.peg.1145.site.78, 12, 153, 165
411483.3.peg.1145.site.79, 5, 153, 158
411483.3.peg.1145.site.80, 0, 152, 152
411483.3.peg.1149.site.1, 2, 146, 148
411483.3.peg.1149.site.2, 43, 149, 192
411483.3.peg.1149.site.3, 5, 151, 156
411483.3.peg.1149.site.4, 2, 152, 154
411483.3.peg.1149.site.5, 9, 140, 149
411483.3.peg.1149.site.6, 1, 152, 153
411483.3.peg.1149.site.7, 19, 148, 167
411483.3.peg.1149.site.8, 28, 141, 169
411483.3.peg.1149.site.9, 3, 144, 147
411483.3.peg.1149.site.10, 0, 141, 141
411483.3.peg.1149.site.11, 83, 140, 223
411483.3.peg.1149.site.12, 39, 139, 178
411483.3.peg.1149.site.13, 1, 151, 152
411483.3.peg.1149.site.14, 2, 150, 152
411483.3.peg.1149.site.15, 87, 150, 237
411483.3.peg.1149.site.16, 4, 153, 157
411483.3.peg.1149.site.17, 11, 151, 162
411483.3.peg.1149.site.18, 43, 150, 193
411483.3.peg.1149.site.19, 1, 150, 151
411483.3.peg.1149.site.20, 8, 142, 150
411483.3.peg.1149.site.21, 83, 145, 228
411483.3.peg.1149.site.22, 3, 150, 153
411483.3.peg.1149.site.23, 40, 153, 193
411483.3.peg.1149.site.24, 2, 155, 157
411483.3.peg.1149.site.25, 29, 151, 180
411483.3.peg.1149.site.26, 0, 154, 154
411483.3.peg.1149.site.27, 27, 147, 174
411483.3.peg.1149.site.28, 34, 147, 181
411483.3.peg.1149.site.29, 3, 152, 155
411483.3.peg.1149.site.30, 2, 153, 155
411483.3.peg.1149.site.31, 2, 154, 156
411483.3.peg.1149.site.32, 2, 154, 156
411483.3.peg.1149.site.33, 1, 155, 156
411483.3.peg.1149.site.34, 3, 154, 157
411483.3.peg.1149.site.35, 19, 152, 171
411483.3.peg.1149.site.36, 4, 152, 156
411483.3.peg.1149.site.37, 2, 151, 153
411483.3.peg.1149.site.38, 3, 154, 157
411483.3.peg.1149.site.39, 5, 154, 159
411483.3.peg.1149.site.40, 0, 152, 152
411483.3.peg.1149.site.41, 2, 154, 156
411483.3.peg.1148.site.1, 2, 141, 143
411483.3.peg.1148.site.2, 54, 136, 190
411483.3.peg.1148.site.3, 4, 146, 150
411483.3.peg.1148.site.4, 3, 148, 151
411483.3.peg.1148.site.5, 1, 146, 147
411483.3.peg.1148.site.6, 139, 142, 281
411483.3.peg.1148.site.7, 2, 144, 146
411483.3.peg.1148.site.8, 111, 142, 253
411483.3.peg.1148.site.9, 5, 152, 157
411483.3.peg.1148.site.10, 3, 151, 154
411483.3.peg.1148.site.11, 44, 138, 182
411483.3.peg.1148.site.12, 7, 148, 155
411483.3.peg.1148.site.13, 145, 150, 295
411483.3.peg.1148.site.14, 2, 149, 151
411483.3.peg.1148.site.15, 2, 149, 151
411483.3.peg.1148.site.16, 1, 148, 149
411483.3.peg.1148.site.17, 3, 151, 154
411483.3.peg.1148.site.18, 0, 153, 153
411483.3.peg.1148.site.19, 1, 153, 154
411483.3.peg.1148.site.20, 0, 154, 154
411483.3.peg.1148.site.21, 10, 151, 161
411483.3.peg.1148.site.22, 2, 153, 155
411483.3.peg.1148.site.23, 2, 154, 156
411483.3.peg.1148.site.24, 86, 141, 227
411483.3.peg.1148.site.25, 18, 150, 168
411483.3.peg.1148.site.26, 9, 147, 156
411483.3.peg.1148.site.27, 18, 151, 169
411483.3.peg.1148.site.28, 90, 137, 227
411483.3.peg.1148.site.29, 50, 124, 174
411483.3.peg.1148.site.30, 40, 124, 164
411483.3.peg.1148.site.31, 1, 128, 129
411483.3.peg.1148.site.32, 8, 127, 135
411483.3.peg.1148.site.33, 9, 135, 144
411483.3.peg.1148.site.34, 10, 140, 150
411483.3.peg.1148.site.35, 19, 140, 159
411483.3.peg.1148.site.36, 2, 148, 150
411483.3.peg.1148.site.37, 3, 152, 155
411483.3.peg.1148.site.38, 1, 152, 153
411483.3.peg.1148.site.39, 2, 152, 154
411483.3.peg.1148.site.40, 36, 141, 177
411483.3.peg.1148.site.41, 49, 143, 192
411483.3.peg.1148.site.42, 21, 148, 169
411483.3.peg.1148.site.43, 5, 150, 155
411483.3.peg.1148.site.44, 106, 143, 249
411483.3.peg.1148.site.45, 12, 149, 161
411483.3.peg.1148.site.46, 14, 152, 166
411483.3.peg.1148.site.47, 0, 151, 151
411483.3.peg.1148.site.48, 25, 137, 162
411483.3.peg.1148.site.49, 2, 150, 152
411483.3.peg.1148.site.50, 1, 151, 152
411483.3.peg.1148.site.51, 1, 151, 152
411483.3.peg.1148.site.52, 71, 146, 217
411483.3.peg.1148.site.53, 11, 153, 164
411483.3.peg.1148.site.54, 38, 142, 180
411483.3.peg.1148.site.55, 1, 152, 153
411483.3.peg.1148.site.56, 8, 147, 155
411483.3.peg.1148.site.57, 10, 150, 160
411483.3.peg.1148.site.58, 50, 140, 190
411483.3.peg.1148.site.59, 2, 148, 150
411483.3.peg.1148.site.60, 1, 149, 150
411483.3.peg.1148.site.61, 2, 146, 148
411483.3.peg.1148.site.62, 3, 146, 149
411483.3.peg.1148.site.63, 6, 142, 148
411483.3.peg.1148.site.64, 2, 148, 150
411483.3.peg.1148.site.65, 17, 139, 156
411483.3.peg.1148.site.66, 0, 147, 147
411483.3.peg.1148.site.67, 82, 139, 221
411483.3.peg.1148.site.68, 48, 135, 183
411483.3.peg.1148.site.69, 0, 154, 154
411483.3.peg.1148.site.70, 116, 150, 266
411483.3.peg.32.site.1, 1, 152, 153
411483.3.peg.32.site.2, 3, 154, 157
411483.3.peg.32.site.3, 2, 154, 156
411483.3.peg.32.site.4, 5, 153, 158
411483.3.peg.32.site.5, 15, 153, 168
411483.3.peg.32.site.6, 0, 155, 155
411483.3.peg.32.site.7, 4, 151, 155
411483.3.peg.32.site.8, 6, 155, 161
411483.3.peg.32.site.9, 19, 151, 170
411483.3.peg.32.site.10, 3, 155, 158
411483.3.peg.32.site.11, 5, 152, 157
411483.3.peg.32.site.12, 0, 155, 155
411483.3.peg.32.site.13, 2, 154, 156
411483.3.peg.32.site.14, 3, 151, 154
411483.3.peg.32.site.15, 6, 154, 160
411483.3.peg.32.site.16, 4, 149, 153
411483.3.peg.32.site.17, 1, 153, 154
411483.3.peg.32.site.18, 28, 143, 171
411483.3.peg.32.site.19, 0, 155, 155
411483.3.peg.32.site.20, 42, 137, 179
411483.3.peg.32.site.21, 3, 153, 156
411483.3.peg.32.site.22, 0, 152, 152
411483.3.peg.32.site.23, 5, 153, 158
411483.3.peg.32.site.24, 12, 148, 160
411483.3.peg.32.site.25, 90, 150, 240
411483.3.peg.32.site.26, 1, 153, 154
411483.3.peg.32.site.27, 3, 153, 156
411483.3.peg.32.site.28, 3, 151, 154
411483.3.peg.32.site.29, 1, 152, 153
411483.3.peg.32.site.30, 0, 153, 153
411483.3.peg.32.site.31, 7, 155, 162
411483.3.peg.32.site.32, 99, 147, 246
411483.3.peg.32.site.33, 6, 104, 110
411483.3.peg.32.site.34, 43, 94, 137
411483.3.peg.32.site.35, 1, 96, 97
411483.3.peg.32.site.36, 5, 100, 105
411483.3.peg.32.site.37, 2, 125, 127
411483.3.peg.32.site.38, 2, 142, 144
411483.3.peg.32.site.39, 7, 142, 149
411483.3.peg.32.site.40, 3, 153, 156
411483.3.peg.32.site.41, 4, 155, 159
411483.3.peg.32.site.42, 11, 151, 162
411483.3.peg.32.site.43, 50, 141, 191
411483.3.peg.32.site.44, 7, 151, 158
411483.3.peg.32.site.45, 3, 146, 149
411483.3.peg.32.site.46, 1, 153, 154
411483.3.peg.32.site.47, 15, 146, 161
411483.3.peg.32.site.48, 29, 144, 173
411483.3.peg.32.site.49, 7, 146, 153
411483.3.peg.32.site.50, 4, 149, 153
411483.3.peg.32.site.51, 10, 150, 160
411483.3.peg.32.site.52, 8, 153, 161
411483.3.peg.32.site.53, 1, 151, 152
411483.3.peg.32.site.54, 0, 150, 150
411483.3.peg.32.site.55, 3, 152, 155
411483.3.peg.32.site.56, 9, 151, 160
411483.3.peg.32.site.57, 2, 149, 151
411483.3.peg.32.site.58, 2, 150, 152
411483.3.peg.32.site.59, 11, 150, 161
411483.3.peg.32.site.60, 1, 148, 149
411483.3.peg.32.site.61, 4, 149, 153
411483.3.peg.32.site.62, 94, 138, 232
411483.3.peg.32.site.63, 4, 149, 153
411483.3.peg.32.site.64, 4, 154, 158
411483.3.peg.32.site.65, 6, 155, 161
411483.3.peg.32.site.66, 15, 153, 168
411483.3.peg.32.site.67, 2, 155, 157
411483.3.peg.32.site.68, 1, 154, 155
411483.3.peg.32.site.69, 5, 151, 156
411483.3.peg.32.site.70, 1, 150, 151
411483.3.peg.32.site.71, 143, 149, 292
411483.3.peg.32.site.72, 0, 143, 143
411483.3.peg.32.site.73, 9, 154, 163
411483.3.peg.32.site.74, 3, 155, 158
411483.3.peg.32.site.75, 151, 151, 302
411483.3.peg.32.site.76, 8, 151, 159
411483.3.peg.32.site.77, 1, 153, 154
411483.3.peg.32.site.78, 3, 155, 158
411483.3.peg.32.site.79, 154, 154, 308
411483.3.peg.32.site.80, 2, 155, 157
411483.3.peg.32.site.81, 0, 154, 154
411483.3.peg.32.site.82, 60, 143, 203
411483.3.peg.32.site.83, 7, 154, 161
411483.3.peg.32.site.84, 5, 153, 158
411483.3.peg.32.site.85, 2, 151, 153
411483.3.peg.32.site.86, 2, 154, 156
411483.3.peg.32.site.87, 1, 149, 150
411483.3.peg.32.site.88, 61, 136, 197
411483.3.peg.32.site.89, 117, 141, 258
411483.3.peg.32.site.90, 2, 146, 148
411483.3.peg.32.site.91, 2, 141, 143
411483.3.peg.32.site.92, 1, 151, 152
411483.3.peg.32.site.93, 60, 138, 198
411483.3.peg.32.site.94, 0, 154, 154
411483.3.peg.32.site.95, 4, 152, 156
411483.3.peg.32.site.96, 6, 153, 159
411483.3.peg.32.site.97, 3, 153, 156
411483.3.peg.32.site.98, 1, 155, 156
411483.3.peg.32.site.99, 4, 153, 157
411483.3.peg.32.site.100, 6, 147, 153
411483.3.peg.32.site.101, 3, 154, 157
411483.3.peg.32.site.102, 1, 154, 155
411483.3.peg.32.site.103, 1, 152, 153
411483.3.peg.32.site.104, 3, 152, 155
411483.3.peg.32.site.105, 3, 153, 156
411483.3.peg.32.site.106, 11, 148, 159
411483.3.peg.32.site.107, 0, 153, 153
411483.3.peg.32.site.108, 65, 143, 208
411483.3.peg.32.site.109, 12, 154, 166
411483.3.peg.32.site.110, 3, 154, 157
411483.3.peg.32.site.111, 1, 154, 155
411483.3.peg.32.site.112, 10, 151, 161
411483.3.peg.32.site.113, 1, 155, 156
411483.3.peg.32.site.114, 37, 150, 187
411483.3.peg.32.site.115, 4, 152, 156
411483.3.peg.32.site.116, 20, 150, 170
411483.3.peg.32.site.117, 51, 143, 194
411483.3.peg.32.site.118, 0, 152, 152
411483.3.peg.32.site.119, 1, 152, 153
411483.3.peg.32.site.120, 0, 154, 154
411483.3.peg.32.site.121, 4, 155, 159
411483.3.peg.32.site.122, 13, 154, 167
411483.3.peg.32.site.123, 4, 154, 158
411483.3.peg.32.site.124, 112, 147, 259
411483.3.peg.32.site.125, 11, 153, 164
411483.3.peg.32.site.126, 7, 151, 158
411483.3.peg.32.site.127, 7, 153, 160
411483.3.peg.32.site.128, 1, 154, 155
411483.3.peg.32.site.129, 1, 154, 155
411483.3.peg.32.site.130, 72, 142, 214
411483.3.peg.32.site.131, 6, 150, 156
411483.3.peg.32.site.132, 3, 154, 157
411483.3.peg.32.site.133, 1, 152, 153
411483.3.peg.32.site.134, 10, 154, 164
411483.3.peg.32.site.135, 7, 152, 159
411483.3.peg.32.site.136, 0, 155, 155
411483.3.peg.32.site.137, 99, 148, 247
411483.3.peg.32.site.138, 1, 155, 156
411483.3.peg.32.site.139, 1, 154, 155
411483.3.peg.32.site.140, 7, 153, 160
411483.3.peg.1788.site.1, 6, 153, 159
411483.3.peg.1788.site.2, 9, 153, 162
411483.3.peg.1788.site.3, 1, 151, 152
411483.3.peg.1788.site.4, 4, 153, 157
411483.3.peg.1788.site.5, 3, 153, 156
411483.3.peg.1788.site.6, 1, 152, 153
411483.3.peg.1788.site.7, 1, 153, 154
411483.3.peg.1788.site.8, 16, 149, 165
411483.3.peg.1788.site.9, 2, 148, 150
411483.3.peg.1788.site.10, 10, 148, 158
411483.3.peg.1788.site.11, 0, 144, 144
411483.3.peg.1788.site.12, 23, 140, 163
411483.3.peg.1788.site.13, 0, 143, 143
411483.3.peg.1788.site.14, 0, 141, 141
411483.3.peg.1788.site.15, 3, 145, 148
411483.3.peg.1788.site.16, 6, 134, 140
411483.3.peg.1788.site.17, 1, 134, 135
411483.3.peg.1788.site.18, 2, 131, 133
411483.3.peg.1788.site.19, 4, 135, 139
411483.3.peg.1788.site.20, 13, 117, 130
411483.3.peg.1788.site.21, 1, 125, 126
411483.3.peg.1788.site.22, 0, 124, 124
411483.3.peg.1788.site.23, 1, 134, 135
411483.3.peg.1788.site.24, 5, 132, 137
411483.3.peg.1788.site.25, 0, 141, 141
411483.3.peg.1788.site.26, 2, 139, 141
411483.3.peg.1788.site.27, 21, 142, 163
411483.3.peg.1788.site.28, 5, 149, 154
411483.3.peg.1788.site.29, 0, 150, 150
411483.3.peg.1788.site.30, 1, 151, 152
411483.3.peg.1788.site.31, 1, 151, 152
411483.3.peg.1788.site.32, 10, 144, 154
411483.3.peg.1788.site.33, 33, 145, 178
411483.3.peg.1788.site.34, 1, 153, 154
411483.3.peg.1788.site.35, 5, 152, 157
411483.3.peg.1788.site.36, 17, 147, 164
411483.3.peg.1788.site.37, 16, 150, 166
411483.3.peg.1788.site.38, 4, 144, 148
411483.3.peg.1788.site.39, 3, 153, 156
411483.3.peg.1788.site.40, 6, 152, 158
411483.3.peg.1788.site.41, 4, 152, 156
411483.3.peg.1788.site.42, 25, 144, 169
411483.3.peg.1788.site.43, 8, 148, 156
411483.3.peg.1788.site.44, 1, 152, 153
411483.3.peg.1788.site.45, 2, 152, 154
411483.3.peg.1788.site.46, 0, 150, 150
411483.3.peg.1788.site.47, 24, 148, 172
411483.3.peg.1788.site.48, 3, 151, 154
411483.3.peg.1788.site.49, 29, 141, 170
411483.3.peg.1788.site.50, 48, 139, 187
411483.3.peg.1788.site.51, 5, 151, 156
411483.3.peg.1788.site.52, 5, 151, 156
411483.3.peg.1788.site.53, 153, 153, 306
411483.3.peg.1788.site.54, 26, 137, 163
411483.3.peg.1788.site.55, 30, 149, 179
411483.3.peg.1788.site.56, 12, 150, 162
411483.3.peg.1788.site.57, 2, 151, 153
411483.3.peg.1788.site.58, 1, 151, 152
411483.3.peg.1788.site.59, 10, 146, 156
411483.3.peg.1788.site.60, 19, 146, 165
411483.3.peg.1788.site.61, 0, 148, 148
411483.3.peg.1788.site.62, 3, 148, 151
411483.3.peg.1788.site.63, 24, 140, 164
411483.3.peg.1788.site.64, 18, 148, 166
411483.3.peg.1788.site.65, 2, 154, 156
411483.3.peg.1788.site.66, 2, 152, 154
411483.3.peg.1788.site.67, 2, 150, 152
411483.3.peg.1788.site.68, 7, 151, 158
411483.3.peg.1788.site.69, 6, 153, 159
411483.3.peg.1788.site.70, 3, 152, 155
411483.3.peg.1788.site.71, 4, 152, 156
411483.3.peg.1788.site.72, 3, 154, 157
411483.3.peg.1788.site.73, 4, 152, 156
411483.3.peg.1788.site.74, 2, 149, 151
411483.3.peg.1788.site.75, 1, 152, 153
411483.3.peg.1788.site.76, 0, 145, 145
411483.3.peg.1788.site.77, 14, 142, 156
411483.3.peg.1788.site.78, 15, 141, 156
411483.3.peg.1788.site.79, 150, 151, 301
411483.3.peg.1788.site.80, 1, 150, 151
411483.3.peg.1788.site.81, 121, 143, 264
411483.3.peg.1788.site.82, 18, 142, 160
411483.3.peg.1788.site.83, 0, 151, 151
411483.3.peg.1788.site.84, 1, 148, 149
411483.3.peg.1788.site.85, 2, 148, 150
411483.3.peg.1788.site.86, 11, 148, 159
411483.3.peg.1788.site.87, 86, 143, 229
411483.3.peg.1788.site.88, 66, 143, 209
411483.3.peg.1788.site.89, 7, 155, 162
411483.3.peg.1788.site.90, 2, 154, 156
411483.3.peg.1788.site.91, 6, 153, 159
411483.3.peg.1788.site.92, 2, 154, 156
411483.3.peg.1788.site.93, 11, 150, 161
411483.3.peg.1788.site.94, 4, 153, 157
411483.3.peg.1788.site.95, 0, 154, 154
411483.3.peg.1788.site.96, 21, 146, 167
411483.3.peg.1788.site.97, 2, 149, 151
411483.3.peg.1788.site.98, 7, 145, 152
411483.3.peg.1788.site.99, 47, 141, 188
411483.3.peg.1788.site.100, 10, 149, 159
411483.3.peg.1788.site.101, 4, 149, 153
411483.3.peg.1788.site.102, 1, 152, 153
411483.3.peg.1788.site.103, 1, 150, 151
411483.3.peg.1788.site.104, 126, 148, 274
411483.3.peg.1788.site.105, 1, 153, 154
411483.3.peg.1788.site.106, 152, 152, 304
411483.3.peg.1788.site.107, 17, 149, 166
411483.3.peg.1788.site.108, 2, 154, 156
411483.3.peg.1788.site.109, 116, 149, 265
411483.3.peg.1788.site.110, 2, 152, 154
411483.3.peg.1788.site.111, 8, 154, 162
411483.3.peg.1788.site.112, 12, 152, 164
411483.3.peg.1788.site.113, 2, 151, 153
411483.3.peg.1788.site.114, 9, 148, 157
411483.3.peg.1788.site.115, 2, 147, 149
411483.3.peg.1788.site.116, 4, 146, 150
411483.3.peg.1788.site.117, 1, 145, 146
411483.3.peg.1788.site.118, 142, 142, 284
411483.3.peg.1788.site.119, 4, 141, 145
411483.3.peg.1788.site.120, 1, 140, 141
411483.3.peg.1788.site.121, 65, 129, 194
411483.3.peg.1788.site.122, 2, 140, 142
411483.3.peg.1788.site.123, 2, 146, 148
411483.3.peg.1788.site.124, 62, 129, 191
411483.3.peg.1788.site.125, 68, 141, 209
411483.3.peg.1788.site.126, 22, 148, 170
411483.3.peg.1788.site.127, 1, 153, 154
411483.3.peg.1788.site.128, 80, 139, 219
411483.3.peg.1788.site.129, 3, 153, 156
411483.3.peg.1788.site.130, 0, 154, 154
411483.3.peg.1788.site.131, 6, 146, 152
411483.3.peg.1788.site.132, 2, 149, 151
411483.3.peg.1788.site.133, 2, 150, 152
411483.3.peg.1788.site.134, 1, 132, 133
411483.3.peg.1788.site.135, 0, 124, 124
411483.3.peg.1788.site.136, 1, 128, 129
411483.3.peg.1788.site.137, 7, 120, 127
411483.3.peg.1788.site.138, 1, 141, 142
411483.3.peg.1788.site.139, 7, 138, 145
411483.3.peg.1788.site.140, 3, 142, 145
411483.3.peg.1788.site.141, 19, 145, 164
411483.3.peg.1788.site.142, 88, 134, 222
411483.3.peg.1788.site.143, 22, 149, 171
411483.3.peg.1788.site.144, 3, 153, 156
411483.3.peg.1788.site.145, 7, 152, 159
411483.3.peg.1788.site.146, 14, 149, 163
411483.3.peg.1788.site.147, 17, 152, 169
411483.3.peg.1788.site.148, 55, 144, 199
411483.3.peg.1788.site.149, 1, 152, 153
411483.3.peg.1788.site.150, 0, 152, 152
411483.3.peg.1788.site.151, 3, 153, 156
411483.3.peg.1788.site.152, 2, 150, 152
411483.3.peg.1788.site.153, 4, 152, 156
411483.3.peg.1788.site.154, 81, 137, 218
411483.3.peg.1788.site.155, 6, 151, 157
411483.3.peg.1788.site.156, 114, 146, 260
411483.3.peg.1788.site.157, 19, 138, 157
411483.3.peg.1788.site.158, 1, 149, 150
411483.3.peg.1788.site.159, 68, 142, 210
411483.3.peg.1788.site.160, 77, 140, 217
411483.3.peg.1788.site.161, 5, 149, 154
411483.3.peg.1788.site.162, 12, 147, 159
411483.3.peg.1788.site.163, 1, 149, 150
411483.3.peg.1788.site.164, 1, 147, 148
411483.3.peg.1788.site.165, 2, 150, 152
411483.3.peg.1788.site.166, 1, 149, 150
411483.3.peg.1788.site.167, 0, 151, 151
411483.3.peg.1788.site.168, 19, 149, 168
411483.3.peg.1788.site.169, 5, 151, 156
411483.3.peg.1788.site.170, 36, 145, 181
411483.3.peg.1788.site.171, 1, 148, 149
411483.3.peg.1788.site.172, 1, 150, 151
411483.3.peg.1788.site.173, 2, 150, 152
411483.3.peg.1788.site.174, 14, 141, 155
411483.3.peg.1788.site.175, 7, 148, 155
411483.3.peg.1788.site.176, 5, 149, 154
411483.3.peg.1788.site.177, 4, 149, 153
411483.3.peg.1788.site.178, 2, 154, 156
411483.3.peg.1788.site.179, 133, 147, 280
411483.3.peg.1788.site.180, 2, 153, 155
411483.3.peg.1788.site.181, 4, 152, 156
411483.3.peg.1788.site.182, 5, 155, 160
411483.3.peg.1788.site.183, 2, 155, 157
411483.3.peg.1788.site.184, 5, 151, 156
411483.3.peg.1788.site.185, 5, 153, 158
411483.3.peg.1788.site.186, 2, 153, 155
411483.3.peg.1788.site.187, 17, 148, 165
411483.3.peg.1788.site.188, 12, 147, 159
411483.3.peg.1788.site.189, 0, 152, 152
411483.3.peg.1788.site.190, 1, 151, 152
411483.3.peg.1788.site.191, 0, 153, 153
411483.3.peg.1788.site.192, 7, 153, 160
411483.3.peg.30.site.1, 0, 134, 134
411483.3.peg.30.site.2, 7, 145, 152
411483.3.peg.30.site.3, 3, 147, 150
411483.3.peg.30.site.4, 1, 141, 142
411483.3.peg.30.site.5, 3, 150, 153
411483.3.peg.30.site.6, 0, 150, 150
411483.3.peg.30.site.7, 9, 150, 159
411483.3.peg.30.site.8, 0, 150, 150
411483.3.peg.30.site.9, 1, 155, 156
411483.3.peg.30.site.10, 5, 155, 160
411483.3.peg.30.site.11, 0, 154, 154
411483.3.peg.30.site.12, 4, 152, 156
411483.3.peg.30.site.13, 0, 151, 151
411483.3.peg.30.site.14, 2, 149, 151
411483.3.peg.30.site.15, 9, 151, 160
411483.3.peg.30.site.16, 23, 150, 173
411483.3.peg.30.site.17, 5, 151, 156
411483.3.peg.30.site.18, 10, 153, 163
411483.3.peg.30.site.19, 12, 150, 162
411483.3.peg.30.site.20, 0, 152, 152
411483.3.peg.31.site.1, 3, 151, 154
411483.3.peg.31.site.2, 0, 151, 151
411483.3.peg.31.site.3, 0, 151, 151
411483.3.peg.31.site.4, 0, 154, 154
411483.3.peg.31.site.5, 2, 152, 154
411483.3.peg.31.site.6, 0, 150, 150
411483.3.peg.31.site.7, 4, 151, 155
411483.3.peg.31.site.8, 5, 152, 157
411483.3.peg.31.site.9, 3, 152, 155
411483.3.peg.31.site.10, 4, 152, 156
411483.3.peg.36.site.1, 3, 149, 152
411483.3.peg.36.site.2, 38, 129, 167
411483.3.peg.36.site.3, 1, 107, 108
411483.3.peg.36.site.4, 5, 92, 97
411483.3.peg.36.site.5, 5, 106, 111
411483.3.peg.36.site.6, 1, 91, 92
411483.3.peg.36.site.7, 3, 111, 114
411483.3.peg.36.site.8, 1, 139, 140
411483.3.peg.36.site.9, 1, 136, 137
411483.3.peg.36.site.10, 8, 138, 146
411483.3.peg.36.site.11, 0, 147, 147
411483.3.peg.36.site.12, 13, 139, 152
411483.3.peg.36.site.13, 74, 137, 211
411483.3.peg.36.site.14, 1, 141, 142
411483.3.peg.36.site.15, 7, 151, 158
411483.3.peg.36.site.16, 1, 151, 152
411483.3.peg.36.site.17, 0, 151, 151
411483.3.peg.36.site.18, 1, 151, 152
411483.3.peg.36.site.19, 2, 146, 148
411483.3.peg.36.site.20, 2, 147, 149
411483.3.peg.36.site.21, 2, 146, 148
411483.3.peg.36.site.22, 9, 131, 140
411483.3.peg.36.site.23, 1, 121, 122
411483.3.peg.36.site.24, 3, 118, 121
411483.3.peg.36.site.25, 0, 122, 122
411483.3.peg.36.site.26, 2, 123, 125
411483.3.peg.36.site.27, 1, 130, 131
411483.3.peg.36.site.28, 14, 131, 145
411483.3.peg.36.site.29, 0, 141, 141
411483.3.peg.36.site.30, 0, 154, 154
411483.3.peg.36.site.31, 0, 152, 152
411483.3.peg.36.site.32, 1, 154, 155
411483.3.peg.36.site.33, 3, 154, 157
411483.3.peg.36.site.34, 3, 152, 155
411483.3.peg.36.site.35, 12, 151, 163
411483.3.peg.36.site.36, 90, 147, 237
411483.3.peg.36.site.37, 7, 153, 160
411483.3.peg.36.site.38, 5, 154, 159
411483.3.peg.36.site.39, 12, 152, 164
411483.3.peg.36.site.40, 5, 155, 160
411483.3.peg.36.site.41, 9, 153, 162
411483.3.peg.36.site.42, 1, 154, 155
411483.3.peg.36.site.43, 17, 150, 167
411483.3.peg.36.site.44, 2, 152, 154
411483.3.peg.36.site.45, 1, 151, 152
411483.3.peg.36.site.46, 3, 155, 158
411483.3.peg.36.site.47, 146, 153, 299
411483.3.peg.36.site.48, 9, 150, 159
411483.3.peg.36.site.49, 0, 147, 147
411483.3.peg.36.site.50, 4, 142, 146
411483.3.peg.36.site.51, 9, 142, 151
411483.3.peg.36.site.52, 76, 126, 202
411483.3.peg.36.site.53, 6, 142, 148
411483.3.peg.36.site.54, 24, 130, 154
411483.3.peg.36.site.55, 1, 144, 145
411483.3.peg.36.site.56, 133, 144, 277
411483.3.peg.36.site.57, 4, 144, 148
411483.3.peg.36.site.58, 1, 153, 154
411483.3.peg.36.site.59, 1, 152, 153
411483.3.peg.36.site.60, 7, 150, 157
411483.3.peg.36.site.61, 5, 146, 151
411483.3.peg.36.site.62, 4, 151, 155
411483.3.peg.36.site.63, 3, 152, 155
411483.3.peg.36.site.64, 9, 152, 161
411483.3.peg.36.site.65, 2, 152, 154
411483.3.peg.36.site.66, 1, 152, 153
411483.3.peg.36.site.67, 54, 143, 197
411483.3.peg.36.site.68, 8, 148, 156
411483.3.peg.36.site.69, 0, 150, 150
411483.3.peg.36.site.70, 1, 148, 149
411483.3.peg.36.site.71, 1, 145, 146
411483.3.peg.36.site.72, 1, 125, 126
411483.3.peg.36.site.73, 2, 124, 126
411483.3.peg.36.site.74, 2, 111, 113
411483.3.peg.36.site.75, 7, 131, 138
411483.3.peg.36.site.76, 7, 139, 146
411483.3.peg.36.site.77, 2, 151, 153
411483.3.peg.36.site.78, 1, 155, 156
411483.3.peg.36.site.79, 0, 152, 152
411483.3.peg.36.site.80, 6, 154, 160
411483.3.peg.36.site.81, 2, 152, 154
411483.3.peg.36.site.82, 3, 143, 146
411483.3.peg.36.site.83, 9, 151, 160
411483.3.peg.36.site.84, 15, 146, 161
411483.3.peg.36.site.85, 6, 142, 148
411483.3.peg.36.site.86, 1, 151, 152
411483.3.peg.36.site.87, 0, 155, 155
411483.3.peg.36.site.88, 0, 154, 154
411483.3.peg.36.site.89, 5, 153, 158
411483.3.peg.36.site.90, 19, 145, 164
411483.3.peg.36.site.91, 5, 153, 158
411483.3.peg.36.site.92, 147, 150, 297
411483.3.peg.36.site.93, 20, 149, 169
411483.3.peg.36.site.94, 2, 154, 156
411483.3.peg.36.site.95, 42, 148, 190
411483.3.peg.36.site.96, 36, 149, 185
411483.3.peg.36.site.97, 20, 153, 173
411483.3.peg.36.site.98, 17, 152, 169
411483.3.peg.36.site.99, 18, 154, 172
411483.3.peg.36.site.100, 1, 153, 154
411483.3.peg.36.site.101, 0, 154, 154
411483.3.peg.36.site.102, 1, 152, 153
411483.3.peg.36.site.103, 3, 153, 156
411483.3.peg.36.site.104, 14, 148, 162
411483.3.peg.36.site.105, 18, 140, 158
411483.3.peg.36.site.106, 4, 150, 154
411483.3.peg.36.site.107, 1, 153, 154
411483.3.peg.36.site.108, 8, 152, 160
411483.3.peg.36.site.109, 9, 155, 164
411483.3.peg.36.site.110, 2, 154, 156
411483.3.peg.36.site.111, 2, 152, 154
411483.3.peg.36.site.112, 3, 153, 156
411483.3.peg.37.site.1, 2, 155, 157
411483.3.peg.37.site.2, 1, 155, 156
411483.3.peg.37.site.3, 7, 146, 153
411483.3.peg.37.site.4, 8, 153, 161
411483.3.peg.37.site.5, 4, 154, 158
411483.3.peg.37.site.6, 7, 154, 161
411483.3.peg.37.site.7, 5, 153, 158
411483.3.peg.37.site.8, 2, 152, 154
411483.3.peg.37.site.9, 1, 154, 155
411483.3.peg.37.site.10, 1, 154, 155
411483.3.peg.37.site.11, 2, 155, 157
411483.3.peg.37.site.12, 1, 154, 155
411483.3.peg.37.site.13, 1, 152, 153
411483.3.peg.37.site.14, 1, 154, 155
411483.3.peg.37.site.15, 1, 153, 154
411483.3.peg.37.site.16, 0, 152, 152
411483.3.peg.37.site.17, 2, 151, 153
411483.3.peg.37.site.18, 8, 151, 159
411483.3.peg.37.site.19, 5, 152, 157
411483.3.peg.37.site.20, 4, 151, 155
411483.3.peg.37.site.21, 3, 150, 153
411483.3.peg.37.site.22, 130, 146, 276
411483.3.peg.37.site.23, 1, 151, 152
411483.3.peg.37.site.24, 7, 153, 160
411483.3.peg.37.site.25, 1, 152, 153
411483.3.peg.37.site.26, 2, 151, 153
411483.3.peg.37.site.27, 1, 151, 152
411483.3.peg.37.site.28, 1, 152, 153
411483.3.peg.37.site.29, 4, 151, 155
411483.3.peg.37.site.30, 11, 149, 160
411483.3.peg.37.site.31, 1, 152, 153
411483.3.peg.37.site.32, 0, 154, 154
411483.3.peg.37.site.33, 3, 153, 156
411483.3.peg.37.site.34, 32, 147, 179
411483.3.peg.37.site.35, 7, 153, 160
411483.3.peg.37.site.36, 1, 153, 154
411483.3.peg.37.site.37, 17, 151, 168
411483.3.peg.37.site.38, 43, 138, 181
411483.3.peg.37.site.39, 11, 146, 157
411483.3.peg.37.site.40, 1, 151, 152
411483.3.peg.37.site.41, 0, 153, 153
411483.3.peg.37.site.42, 1, 154, 155
411483.3.peg.37.site.43, 3, 152, 155
411483.3.peg.37.site.44, 4, 152, 156
411483.3.peg.37.site.45, 3, 154, 157
411483.3.peg.37.site.46, 2, 155, 157
411483.3.peg.37.site.47, 0, 153, 153
411483.3.peg.37.site.48, 27, 149, 176
411483.3.peg.37.site.49, 7, 153, 160
411483.3.peg.37.site.50, 6, 154, 160
411483.3.peg.37.site.51, 1, 154, 155
411483.3.peg.37.site.52, 5, 153, 158
411483.3.peg.37.site.53, 5, 153, 158
411483.3.peg.37.site.54, 0, 154, 154
411483.3.peg.37.site.55, 7, 152, 159
411483.3.peg.37.site.56, 0, 154, 154
411483.3.peg.37.site.57, 3, 154, 157
411483.3.peg.37.site.58, 0, 152, 152
411483.3.peg.37.site.59, 4, 154, 158
411483.3.peg.37.site.60, 7, 154, 161
411483.3.peg.37.site.61, 1, 153, 154
411483.3.peg.37.site.62, 3, 153, 156
411483.3.peg.37.site.63, 0, 154, 154
411483.3.peg.37.site.64, 4, 153, 157
411483.3.peg.37.site.65, 1, 154, 155
411483.3.peg.37.site.66, 1, 155, 156
411483.3.peg.37.site.67, 20, 143, 163
411483.3.peg.34.site.1, 1, 152, 153
411483.3.peg.34.site.2, 1, 155, 156
411483.3.peg.34.site.3, 0, 152, 152
411483.3.peg.34.site.4, 7, 153, 160
411483.3.peg.34.site.5, 12, 149, 161
411483.3.peg.34.site.6, 8, 153, 161
411483.3.peg.34.site.7, 3, 155, 158
411483.3.peg.34.site.8, 0, 155, 155
411483.3.peg.34.site.9, 0, 154, 154
411483.3.peg.34.site.10, 2, 151, 153
411483.3.peg.34.site.11, 5, 153, 158
411483.3.peg.34.site.12, 3, 154, 157
411483.3.peg.34.site.13, 2, 153, 155
411483.3.peg.34.site.14, 3, 154, 157
411483.3.peg.34.site.15, 6, 154, 160
411483.3.peg.34.site.16, 6, 154, 160
411483.3.peg.34.site.17, 8, 154, 162
411483.3.peg.34.site.18, 136, 147, 283
411483.3.peg.34.site.19, 3, 154, 157
411483.3.peg.34.site.20, 34, 148, 182
411483.3.peg.34.site.21, 1, 155, 156
411483.3.peg.34.site.22, 23, 140, 163
411483.3.peg.34.site.23, 1, 151, 152
411483.3.peg.34.site.24, 0, 151, 151
411483.3.peg.34.site.25, 0, 152, 152
411483.3.peg.34.site.26, 1, 150, 151
411483.3.peg.34.site.27, 0, 149, 149
411483.3.peg.34.site.28, 0, 146, 146
411483.3.peg.34.site.29, 0, 147, 147
411483.3.peg.34.site.30, 15, 147, 162
411483.3.peg.34.site.31, 0, 150, 150
411483.3.peg.34.site.32, 87, 138, 225
411483.3.peg.34.site.33, 1, 148, 149
411483.3.peg.34.site.34, 1, 148, 149
411483.3.peg.34.site.35, 1, 145, 146
411483.3.peg.34.site.36, 0, 144, 144
411483.3.peg.34.site.37, 84, 130, 214
411483.3.peg.34.site.38, 132, 141, 273
411483.3.peg.34.site.39, 2, 148, 150
411483.3.peg.34.site.40, 4, 147, 151
411483.3.peg.34.site.41, 1, 149, 150
411483.3.peg.34.site.42, 2, 152, 154
411483.3.peg.34.site.43, 0, 153, 153
411483.3.peg.34.site.44, 2, 155, 157
411483.3.peg.34.site.45, 5, 152, 157
411483.3.peg.34.site.46, 3, 150, 153
411483.3.peg.34.site.47, 8, 144, 152
411483.3.peg.34.site.48, 124, 142, 266
411483.3.peg.34.site.49, 12, 139, 151
411483.3.peg.34.site.50, 1, 132, 133
411483.3.peg.34.site.51, 0, 123, 123
411483.3.peg.34.site.52, 14, 126, 140
411483.3.peg.34.site.53, 0, 141, 141
411483.3.peg.34.site.54, 58, 128, 186
411483.3.peg.34.site.55, 0, 150, 150
411483.3.peg.34.site.56, 0, 153, 153
411483.3.peg.34.site.57, 1, 147, 148
411483.3.peg.34.site.58, 1, 153, 154
411483.3.peg.34.site.59, 5, 152, 157
411483.3.peg.34.site.60, 0, 153, 153
411483.3.peg.34.site.61, 1, 152, 153
411483.3.peg.34.site.62, 0, 154, 154
411483.3.peg.34.site.63, 3, 154, 157
411483.3.peg.2705.site.1, 2, 9, 11
411483.3.peg.2705.site.2, 31, 59, 90
411483.3.peg.2705.site.3, 40, 70, 110
411483.3.peg.2705.site.4, 56, 90, 146
411483.3.peg.2705.site.5, 5, 133, 138
411483.3.peg.2705.site.6, 1, 151, 152
411483.3.peg.2705.site.7, 0, 151, 151
411483.3.peg.2705.site.8, 0, 149, 149
411483.3.peg.2705.site.9, 7, 148, 155
411483.3.peg.2705.site.10, 2, 142, 144
411483.3.peg.2705.site.11, 8, 140, 148
411483.3.peg.2705.site.12, 2, 144, 146
411483.3.peg.2705.site.13, 69, 141, 210
411483.3.peg.2705.site.14, 7, 141, 148
411483.3.peg.2705.site.15, 4, 140, 144
411483.3.peg.2705.site.16, 12, 131, 143
411483.3.peg.2705.site.17, 24, 134, 158
411483.3.peg.2705.site.18, 25, 137, 162
411483.3.peg.2705.site.19, 3, 146, 149
411483.3.peg.2705.site.20, 6, 149, 155
411483.3.peg.2705.site.21, 1, 148, 149
411483.3.peg.2705.site.22, 1, 148, 149
411483.3.peg.2705.site.23, 1, 147, 148
411483.3.peg.2705.site.24, 1, 149, 150
411483.3.peg.2705.site.25, 5, 150, 155
411483.3.peg.2705.site.26, 2, 148, 150
411483.3.peg.2705.site.27, 65, 130, 195
411483.3.peg.2705.site.28, 9, 143, 152
411483.3.peg.2705.site.29, 1, 140, 141
411483.3.peg.2705.site.30, 38, 134, 172
411483.3.peg.2705.site.31, 4, 146, 150
411483.3.peg.2705.site.32, 11, 138, 149
411483.3.peg.2705.site.33, 6, 143, 149
411483.3.peg.2705.site.34, 0, 141, 141
411483.3.peg.2705.site.35, 10, 139, 149
411483.3.peg.2705.site.36, 1, 146, 147
411483.3.peg.2705.site.37, 3, 147, 150
411483.3.peg.2705.site.38, 7, 142, 149
411483.3.peg.2705.site.39, 8, 141, 149
411483.3.peg.2705.site.40, 3, 142, 145
411483.3.peg.2705.site.41, 4, 142, 146
411483.3.peg.2705.site.42, 3, 135, 138
411483.3.peg.2705.site.43, 18, 137, 155
411483.3.peg.2705.site.44, 1, 135, 136
411483.3.peg.1780.site.1, 3, 149, 152
411483.3.peg.1780.site.2, 0, 149, 149
411483.3.peg.1780.site.3, 6, 150, 156
411483.3.peg.1780.site.4, 6, 147, 153
411483.3.peg.1780.site.5, 8, 149, 157
411483.3.peg.1780.site.6, 1, 152, 153
411483.3.peg.1780.site.7, 10, 151, 161
411483.3.peg.1780.site.8, 8, 147, 155
411483.3.peg.1780.site.9, 1, 150, 151
411483.3.peg.38.site.1, 0, 153, 153
411483.3.peg.38.site.2, 2, 153, 155
411483.3.peg.39.site.1, 4, 116, 120
411483.3.peg.39.site.2, 5, 136, 141
411483.3.peg.39.site.3, 10, 135, 145
411483.3.peg.39.site.4, 3, 140, 143
411483.3.peg.39.site.5, 5, 137, 142
411483.3.peg.39.site.6, 2, 138, 140
411483.3.peg.39.site.7, 14, 137, 151
411483.3.peg.39.site.8, 10, 140, 150
411483.3.peg.39.site.9, 73, 141, 214
411483.3.peg.39.site.10, 8, 145, 153
411483.3.peg.39.site.11, 4, 149, 153
411483.3.peg.39.site.12, 8, 147, 155
411483.3.peg.39.site.13, 16, 145, 161
411483.3.peg.39.site.14, 8, 148, 156
411483.3.peg.39.site.15, 13, 147, 160
411483.3.peg.39.site.16, 22, 143, 165
411483.3.peg.39.site.17, 10, 140, 150
411483.3.peg.39.site.18, 8, 141, 149
411483.3.peg.39.site.19, 3, 146, 149
411483.3.peg.39.site.20, 6, 139, 145
411483.3.peg.39.site.21, 50, 128, 178
411483.3.peg.39.site.22, 66, 138, 204
411483.3.peg.39.site.23, 4, 145, 149
411483.3.peg.39.site.24, 7, 147, 154
411483.3.peg.39.site.25, 0, 145, 145
411483.3.peg.39.site.26, 9, 144, 153
411483.3.peg.39.site.27, 1, 148, 149
411483.3.peg.39.site.28, 14, 146, 160
411483.3.peg.39.site.29, 5, 147, 152
411483.3.peg.39.site.30, 6, 150, 156
411483.3.peg.39.site.31, 9, 147, 156
411483.3.peg.39.site.32, 31, 142, 173
411483.3.peg.39.site.33, 1, 130, 131
411483.3.peg.39.site.34, 6, 132, 138
411483.3.peg.39.site.35, 6, 137, 143
411483.3.peg.39.site.36, 32, 132, 164
411483.3.peg.39.site.37, 3, 140, 143
411483.3.peg.39.site.38, 8, 144, 152
411483.3.peg.39.site.39, 3, 152, 155
411483.3.peg.39.site.40, 4, 153, 157
411483.3.peg.39.site.41, 3, 155, 158
411483.3.peg.39.site.42, 7, 154, 161
411483.3.peg.39.site.43, 4, 152, 156
411483.3.peg.39.site.44, 21, 150, 171
411483.3.peg.39.site.45, 107, 148, 255
411483.3.peg.39.site.46, 0, 153, 153
411483.3.peg.39.site.47, 6, 148, 154
411483.3.peg.39.site.48, 4, 152, 156
411483.3.peg.39.site.49, 111, 145, 256
411483.3.peg.39.site.50, 4, 154, 158
411483.3.peg.39.site.51, 1, 154, 155
411483.3.peg.39.site.52, 0, 153, 153
411483.3.peg.39.site.53, 1, 154, 155
411483.3.peg.39.site.54, 1, 155, 156
411483.3.peg.39.site.55, 49, 145, 194
411483.3.peg.39.site.56, 60, 149, 209
411483.3.peg.39.site.57, 2, 154, 156
411483.3.peg.39.site.58, 128, 148, 276
411483.3.peg.39.site.59, 123, 141, 264
411483.3.peg.39.site.60, 1, 155, 156
411483.3.peg.39.site.61, 2, 155, 157
411483.3.peg.39.site.62, 1, 154, 155
411483.3.peg.39.site.63, 5, 155, 160
411483.3.peg.39.site.64, 4, 154, 158
411483.3.peg.1785.site.1, 4, 150, 154
411483.3.peg.1785.site.2, 15, 146, 161
411483.3.peg.1785.site.3, 143, 151, 294
411483.3.peg.1785.site.4, 1, 129, 130
411483.3.peg.1785.site.5, 30, 117, 147
411483.3.peg.1785.site.6, 23, 121, 144
411483.3.peg.1785.site.7, 1, 129, 130
411483.3.peg.1785.site.8, 1, 150, 151
411483.3.peg.1785.site.9, 3, 150, 153
411483.3.peg.1785.site.10, 9, 139, 148
411483.3.peg.1785.site.11, 12, 146, 158
411483.3.peg.1785.site.12, 51, 131, 182
411483.3.peg.1785.site.13, 35, 146, 181
411483.3.peg.1785.site.14, 2, 146, 148
411483.3.peg.1785.site.15, 3, 152, 155
411483.3.peg.1785.site.16, 23, 150, 173
411483.3.peg.1785.site.17, 1, 153, 154
411483.3.peg.1785.site.18, 1, 153, 154
411483.3.peg.1785.site.19, 22, 135, 157
411483.3.peg.1785.site.20, 8, 151, 159
411483.3.peg.1785.site.21, 7, 151, 158
411483.3.peg.1785.site.22, 6, 151, 157
411483.3.peg.1785.site.23, 138, 143, 281
411483.3.peg.1785.site.24, 78, 132, 210
411483.3.peg.1785.site.25, 106, 138, 244
411483.3.peg.1785.site.26, 3, 145, 148
411483.3.peg.1785.site.27, 1, 150, 151
411483.3.peg.1785.site.28, 1, 151, 152
411483.3.peg.1785.site.29, 18, 146, 164
411483.3.peg.1785.site.30, 16, 145, 161
411483.3.peg.1785.site.31, 4, 151, 155
411483.3.peg.1785.site.32, 14, 150, 164
411483.3.peg.1785.site.33, 24, 149, 173
411483.3.peg.1785.site.34, 3, 149, 152
411483.3.peg.1785.site.35, 7, 141, 148
411483.3.peg.1785.site.36, 4, 140, 144
411483.3.peg.1785.site.37, 66, 131, 197
411483.3.peg.1785.site.38, 79, 127, 206
411483.3.peg.1785.site.39, 78, 125, 203
411483.3.peg.1785.site.40, 2, 128, 130
411483.3.peg.1785.site.41, 0, 130, 130
411483.3.peg.1785.site.42, 34, 124, 158
411483.3.peg.1785.site.43, 34, 124, 158
411483.3.peg.1785.site.44, 59, 121, 180
411483.3.peg.1785.site.45, 2, 138, 140
411483.3.peg.1785.site.46, 25, 137, 162
411483.3.peg.1785.site.47, 79, 140, 219
411483.3.peg.1785.site.48, 1, 149, 150
411483.3.peg.1785.site.49, 3, 147, 150
411483.3.peg.1785.site.50, 11, 142, 153
411483.3.peg.1785.site.51, 0, 147, 147
411483.3.peg.1785.site.52, 3, 151, 154
411483.3.peg.1785.site.53, 1, 151, 152
411483.3.peg.1785.site.54, 4, 148, 152
411483.3.peg.1785.site.55, 10, 149, 159
411483.3.peg.1785.site.56, 2, 150, 152
411483.3.peg.1785.site.57, 0, 149, 149
411483.3.peg.1785.site.58, 17, 143, 160
411483.3.peg.1785.site.59, 10, 150, 160
411483.3.peg.1785.site.60, 2, 150, 152
411483.3.peg.1785.site.61, 3, 150, 153
411483.3.peg.1785.site.62, 29, 143, 172
411483.3.peg.1785.site.63, 0, 149, 149
411483.3.peg.1785.site.64, 2, 150, 152
411483.3.peg.1785.site.65, 1, 150, 151
411483.3.peg.1785.site.66, 4, 147, 151
411483.3.peg.1785.site.67, 14, 150, 164
411483.3.peg.1785.site.68, 3, 151, 154
411483.3.peg.1785.site.69, 31, 146, 177
411483.3.peg.1785.site.70, 1, 155, 156
411483.3.peg.1785.site.71, 27, 150, 177
411483.3.peg.1785.site.72, 2, 150, 152
411483.3.peg.1785.site.73, 10, 151, 161
411483.3.peg.1785.site.74, 0, 149, 149
411483.3.peg.1785.site.75, 9, 151, 160
411483.3.peg.1785.site.76, 2, 151, 153
411483.3.peg.1785.site.77, 0, 145, 145
411483.3.peg.1785.site.78, 29, 141, 170
411483.3.peg.1785.site.79, 35, 136, 171
411483.3.peg.1785.site.80, 132, 141, 273
411483.3.peg.1785.site.81, 11, 137, 148
411483.3.peg.1785.site.82, 6, 136, 142
411483.3.peg.1785.site.83, 1, 137, 138
411483.3.peg.1785.site.84, 5, 130, 135
411483.3.peg.1785.site.85, 2, 132, 134
411483.3.peg.1785.site.86, 1, 130, 131
411483.3.peg.1785.site.87, 0, 135, 135
411483.3.peg.1785.site.88, 72, 125, 197
411483.3.peg.1785.site.89, 5, 134, 139
411483.3.peg.1785.site.90, 1, 136, 137
411483.3.peg.1785.site.91, 7, 144, 151
411483.3.peg.1785.site.92, 5, 146, 151
411483.3.peg.1785.site.93, 15, 139, 154
411483.3.peg.1785.site.94, 13, 151, 164
411483.3.peg.1785.site.95, 3, 151, 154
411483.3.peg.1785.site.96, 3, 152, 155
411483.3.peg.1785.site.97, 1, 155, 156
411483.3.peg.1785.site.98, 2, 154, 156
411483.3.peg.1785.site.99, 2, 154, 156
411483.3.peg.1785.site.100, 1, 155, 156
411483.3.peg.1785.site.101, 106, 146, 252
411483.3.peg.1785.site.102, 1, 155, 156
411483.3.peg.1785.site.103, 3, 155, 158
411483.3.peg.1785.site.104, 154, 154, 308
411483.3.peg.1784.site.1, 5, 150, 155
411483.3.peg.1784.site.2, 2, 155, 157
411483.3.peg.1784.site.3, 1, 155, 156
411483.3.peg.1784.site.4, 1, 155, 156
411483.3.peg.1784.site.5, 8, 152, 160
411483.3.peg.1784.site.6, 0, 151, 151
411483.3.peg.1784.site.7, 0, 153, 153
411483.3.peg.1784.site.8, 34, 140, 174
411483.3.peg.1784.site.9, 2, 153, 155
411483.3.peg.1784.site.10, 6, 152, 158
411483.3.peg.1784.site.11, 0, 152, 152
411483.3.peg.1784.site.12, 1, 153, 154
411483.3.peg.1784.site.13, 3, 153, 156
411483.3.peg.1784.site.14, 0, 151, 151
411483.3.peg.1784.site.15, 0, 153, 153
411483.3.peg.1784.site.16, 2, 152, 154
411483.3.peg.1784.site.17, 0, 153, 153
411483.3.peg.1784.site.18, 3, 152, 155
411483.3.peg.1784.site.19, 5, 153, 158
411483.3.peg.1784.site.20, 2, 155, 157
411483.3.peg.1784.site.21, 1, 153, 154
411483.3.peg.1784.site.22, 4, 146, 150
411483.3.peg.1784.site.23, 4, 151, 155
411483.3.peg.1784.site.24, 1, 154, 155
411483.3.peg.1787.site.1, 1, 153, 154
411483.3.peg.1787.site.2, 113, 143, 256
411483.3.peg.1787.site.3, 34, 146, 180
411483.3.peg.1787.site.4, 1, 152, 153
411483.3.peg.1787.site.5, 29, 137, 166
411483.3.peg.1787.site.6, 2, 149, 151
411483.3.peg.1787.site.7, 35, 144, 179
411483.3.peg.1787.site.8, 1, 150, 151
411483.3.peg.1787.site.9, 13, 145, 158
411483.3.peg.1787.site.10, 5, 151, 156
411483.3.peg.1787.site.11, 3, 154, 157
411483.3.peg.1787.site.12, 18, 148, 166
411483.3.peg.1787.site.13, 2, 154, 156
411483.3.peg.1787.site.14, 7, 147, 154
411483.3.peg.1787.site.15, 60, 135, 195
411483.3.peg.1787.site.16, 8, 145, 153
411483.3.peg.1787.site.17, 0, 149, 149
411483.3.peg.1787.site.18, 59, 136, 195
411483.3.peg.1787.site.19, 7, 150, 157
411483.3.peg.1787.site.20, 3, 148, 151
411483.3.peg.1787.site.21, 2, 146, 148
411483.3.peg.1787.site.22, 18, 150, 168
411483.3.peg.1787.site.23, 11, 143, 154
411483.3.peg.1787.site.24, 5, 150, 155
411483.3.peg.1787.site.25, 5, 153, 158
411483.3.peg.1787.site.26, 16, 149, 165
411483.3.peg.1787.site.27, 84, 140, 224
411483.3.peg.1787.site.28, 6, 153, 159
411483.3.peg.1787.site.29, 2, 153, 155
411483.3.peg.1787.site.30, 7, 151, 158
411483.3.peg.1787.site.31, 74, 140, 214
411483.3.peg.1787.site.32, 5, 149, 154
411483.3.peg.1787.site.33, 6, 147, 153
411483.3.peg.1787.site.34, 2, 140, 142
411483.3.peg.1787.site.35, 3, 111, 114
411483.3.peg.1787.site.36, 16, 108, 124
411483.3.peg.1787.site.37, 65, 103, 168
411483.3.peg.1787.site.38, 10, 90, 100
411483.3.peg.1787.site.39, 9, 94, 103
411483.3.peg.1787.site.40, 0, 103, 103
411483.3.peg.1787.site.41, 96, 102, 198
411483.3.peg.1787.site.42, 1, 127, 128
411483.3.peg.1787.site.43, 5, 121, 126
411483.3.peg.1787.site.44, 63, 121, 184
411483.3.peg.1787.site.45, 63, 125, 188
411483.3.peg.1787.site.46, 3, 135, 138
411483.3.peg.1787.site.47, 13, 137, 150
411483.3.peg.1787.site.48, 4, 139, 143
411483.3.peg.1787.site.49, 2, 141, 143
411483.3.peg.1787.site.50, 5, 134, 139
411483.3.peg.1787.site.51, 9, 133, 142
411483.3.peg.1787.site.52, 120, 123, 243
411483.3.peg.1787.site.53, 2, 131, 133
411483.3.peg.1787.site.54, 119, 123, 242
411483.3.peg.1787.site.55, 4, 135, 139
411483.3.peg.1787.site.56, 9, 132, 141
411483.3.peg.1787.site.57, 1, 139, 140
411483.3.peg.1787.site.58, 9, 140, 149
411483.3.peg.1787.site.59, 0, 139, 139
411483.3.peg.1787.site.60, 3, 141, 144
411483.3.peg.1787.site.61, 4, 133, 137
411483.3.peg.1787.site.62, 116, 141, 257
411483.3.peg.1787.site.63, 0, 148, 148
411483.3.peg.1787.site.64, 5, 149, 154
411483.3.peg.1787.site.65, 1, 150, 151
411483.3.peg.1787.site.66, 6, 149, 155
411483.3.peg.1787.site.67, 2, 149, 151
411483.3.peg.1787.site.68, 3, 152, 155
411483.3.peg.1787.site.69, 5, 147, 152
411483.3.peg.1787.site.70, 2, 150, 152
411483.3.peg.1787.site.71, 1, 131, 132
411483.3.peg.1787.site.72, 1, 123, 124
411483.3.peg.1787.site.73, 6, 125, 131
411483.3.peg.1787.site.74, 10, 117, 127
411483.3.peg.1787.site.75, 1, 105, 106
411483.3.peg.1787.site.76, 4, 92, 96
411483.3.peg.1787.site.77, 2, 98, 100
411483.3.peg.1787.site.78, 4, 104, 108
411483.3.peg.1787.site.79, 1, 125, 126
411483.3.peg.1787.site.80, 8, 133, 141
411483.3.peg.1787.site.81, 52, 117, 169
411483.3.peg.1787.site.82, 19, 124, 143
411483.3.peg.1787.site.83, 1, 119, 120
411483.3.peg.1787.site.84, 32, 104, 136
411483.3.peg.1787.site.85, 4, 115, 119
411483.3.peg.1787.site.86, 3, 84, 87
411483.3.peg.1787.site.87, 6, 82, 88
411483.3.peg.1787.site.88, 51, 75, 126
411483.3.peg.1787.site.89, 0, 133, 133
411483.3.peg.1787.site.90, 84, 130, 214
411483.3.peg.1787.site.91, 9, 138, 147
411483.3.peg.1787.site.92, 5, 145, 150
411483.3.peg.1787.site.93, 12, 138, 150
411483.3.peg.1787.site.94, 20, 146, 166
411483.3.peg.1787.site.95, 3, 152, 155
411483.3.peg.1787.site.96, 0, 151, 151
411483.3.peg.1787.site.97, 6, 149, 155
411483.3.peg.1787.site.98, 132, 145, 277
411483.3.peg.1787.site.99, 5, 149, 154
411483.3.peg.1787.site.100, 2, 149, 151
411483.3.peg.1787.site.101, 2, 152, 154
411483.3.peg.1787.site.102, 1, 150, 151
411483.3.peg.1787.site.103, 0, 151, 151
411483.3.peg.1787.site.104, 5, 145, 150
411483.3.peg.1787.site.105, 1, 153, 154
411483.3.peg.1787.site.106, 0, 152, 152
411483.3.peg.1787.site.107, 10, 151, 161
411483.3.peg.1787.site.108, 2, 151, 153
411483.3.peg.1787.site.109, 18, 149, 167
411483.3.peg.1787.site.110, 10, 149, 159
411483.3.peg.1787.site.111, 115, 149, 264
411483.3.peg.1787.site.112, 1, 154, 155
411483.3.peg.1787.site.113, 6, 148, 154
411483.3.peg.1787.site.114, 0, 151, 151
411483.3.peg.1787.site.115, 8, 145, 153
411483.3.peg.1787.site.116, 4, 151, 155
411483.3.peg.1787.site.117, 0, 139, 139
411483.3.peg.1787.site.118, 15, 142, 157
411483.3.peg.1787.site.119, 17, 140, 157
411483.3.peg.1787.site.120, 42, 135, 177
411483.3.peg.1787.site.121, 5, 150, 155
411483.3.peg.1787.site.122, 29, 146, 175
411483.3.peg.1787.site.123, 21, 152, 173
411483.3.peg.1787.site.124, 3, 154, 157
411483.3.peg.1787.site.125, 14, 142, 156
411483.3.peg.1787.site.126, 77, 138, 215
411483.3.peg.1787.site.127, 0, 151, 151
411483.3.peg.1787.site.128, 1, 149, 150
411483.3.peg.1787.site.129, 9, 144, 153
411483.3.peg.1787.site.130, 8, 143, 151
411483.3.peg.1787.site.131, 1, 151, 152
411483.3.peg.1787.site.132, 1, 150, 151
411483.3.peg.1787.site.133, 2, 150, 152
411483.3.peg.1787.site.134, 2, 151, 153
411483.3.peg.1787.site.135, 11, 149, 160
411483.3.peg.1787.site.136, 0, 151, 151
411483.3.peg.1787.site.137, 3, 148, 151
411483.3.peg.1787.site.138, 5, 151, 156
411483.3.peg.1787.site.139, 0, 149, 149
411483.3.peg.1787.site.140, 5, 145, 150
411483.3.peg.1787.site.141, 1, 147, 148
411483.3.peg.1787.site.142, 4, 149, 153
411483.3.peg.1787.site.143, 14, 149, 163
411483.3.peg.1787.site.144, 4, 151, 155
411483.3.peg.1787.site.145, 1, 151, 152
411483.3.peg.1787.site.146, 7, 148, 155
411483.3.peg.1787.site.147, 13, 143, 156
411483.3.peg.1787.site.148, 28, 145, 173
411483.3.peg.1787.site.149, 1, 150, 151
411483.3.peg.1787.site.150, 3, 141, 144
411483.3.peg.1787.site.151, 2, 141, 143
411483.3.peg.1787.site.152, 1, 141, 142
411483.3.peg.1787.site.153, 6, 147, 153
411483.3.peg.1787.site.154, 0, 151, 151
411483.3.peg.1787.site.155, 34, 138, 172
411483.3.peg.1787.site.156, 1, 154, 155
411483.3.peg.1787.site.157, 7, 149, 156
411483.3.peg.1787.site.158, 80, 143, 223
411483.3.peg.1787.site.159, 1, 147, 148
411483.3.peg.1787.site.160, 17, 149, 166
411483.3.peg.1787.site.161, 30, 149, 179
411483.3.peg.1787.site.162, 4, 153, 157
411483.3.peg.1787.site.163, 1, 152, 153
411483.3.peg.1787.site.164, 4, 152, 156
411483.3.peg.1787.site.165, 3, 147, 150
411483.3.peg.1787.site.166, 17, 140, 157
411483.3.peg.1787.site.167, 5, 150, 155
411483.3.peg.1787.site.168, 0, 148, 148
411483.3.peg.1787.site.169, 0, 147, 147
411483.3.peg.1787.site.170, 2, 149, 151
411483.3.peg.1787.site.171, 93, 144, 237
411483.3.peg.1787.site.172, 1, 152, 153
411483.3.peg.1786.site.1, 1, 153, 154
411483.3.peg.1786.site.2, 1, 151, 152
411483.3.peg.1786.site.3, 40, 142, 182
411483.3.peg.1786.site.4, 17, 144, 161
411483.3.peg.1786.site.5, 68, 143, 211
411483.3.peg.1786.site.6, 111, 136, 247
411483.3.peg.1786.site.7, 1, 147, 148
411483.3.peg.1786.site.8, 27, 145, 172
411483.3.peg.1786.site.9, 0, 152, 152
411483.3.peg.1786.site.10, 2, 152, 154
411483.3.peg.1786.site.11, 7, 151, 158
411483.3.peg.1786.site.12, 9, 151, 160
411483.3.peg.1786.site.13, 21, 149, 170
411483.3.peg.1786.site.14, 4, 154, 158
411483.3.peg.1786.site.15, 86, 140, 226
411483.3.peg.1786.site.16, 21, 146, 167
411483.3.peg.1786.site.17, 1, 153, 154
411483.3.peg.1786.site.18, 0, 150, 150
411483.3.peg.1786.site.19, 0, 148, 148
411483.3.peg.1786.site.20, 1, 152, 153
411483.3.peg.1786.site.21, 1, 154, 155
411483.3.peg.1786.site.22, 1, 154, 155
411483.3.peg.1786.site.23, 153, 153, 306
411483.3.peg.1786.site.24, 1, 152, 153
411483.3.peg.1786.site.25, 1, 152, 153
411483.3.peg.1786.site.26, 11, 147, 158
411483.3.peg.1786.site.27, 22, 141, 163
411483.3.peg.1786.site.28, 54, 143, 197
411483.3.peg.1786.site.29, 97, 135, 232
411483.3.peg.1786.site.30, 1, 148, 149
411483.3.peg.1786.site.31, 2, 146, 148
411483.3.peg.1786.site.32, 21, 144, 165
411483.3.peg.1786.site.33, 1, 148, 149
411483.3.peg.1786.site.34, 2, 129, 131
411483.3.peg.1786.site.35, 2, 131, 133
411483.3.peg.1786.site.36, 6, 128, 134
411483.3.peg.1786.site.37, 26, 127, 153
411483.3.peg.1786.site.38, 65, 120, 185
411483.3.peg.1786.site.39, 3, 131, 134
411483.3.peg.1786.site.40, 11, 132, 143
411483.3.peg.1786.site.41, 57, 112, 169
411483.3.peg.1786.site.42, 1, 134, 135
411483.3.peg.1786.site.43, 77, 125, 202
411483.3.peg.1786.site.44, 2, 133, 135
411483.3.peg.1786.site.45, 3, 145, 148
411483.3.peg.1786.site.46, 0, 139, 139
411483.3.peg.1786.site.47, 4, 146, 150
411483.3.peg.1786.site.48, 5, 146, 151
411483.3.peg.1786.site.49, 41, 135, 176
411483.3.peg.1786.site.50, 4, 149, 153
411483.3.peg.1786.site.51, 7, 140, 147
411483.3.peg.1786.site.52, 1, 138, 139
411483.3.peg.1786.site.53, 28, 126, 154
411483.3.peg.1786.site.54, 118, 121, 239
411483.3.peg.1786.site.55, 21, 111, 132
411483.3.peg.1786.site.56, 6, 120, 126
411483.3.peg.1786.site.57, 15, 115, 130
411483.3.peg.1786.site.58, 1, 133, 134
411483.3.peg.1786.site.59, 1, 134, 135
411483.3.peg.1786.site.60, 97, 121, 218
411483.3.peg.1786.site.61, 1, 135, 136
411483.3.peg.1786.site.62, 2, 138, 140
411483.3.peg.1786.site.63, 98, 125, 223
411483.3.peg.1786.site.64, 20, 129, 149
411483.3.peg.1786.site.65, 4, 136, 140
411483.3.peg.1786.site.66, 54, 128, 182
411483.3.peg.1786.site.67, 3, 137, 140
411483.3.peg.1786.site.68, 1, 132, 133
411483.3.peg.1786.site.69, 130, 133, 263
411483.3.peg.1786.site.70, 5, 134, 139
411483.3.peg.1786.site.71, 2, 137, 139
411483.3.peg.1786.site.72, 3, 139, 142
411483.3.peg.1786.site.73, 60, 131, 191
411483.3.peg.1786.site.74, 1, 143, 144
411483.3.peg.1786.site.75, 61, 132, 193
411483.3.peg.1786.site.76, 8, 144, 152
411483.3.peg.1786.site.77, 10, 144, 154
411483.3.peg.1786.site.78, 31, 135, 166
411483.3.peg.1786.site.79, 70, 137, 207
411483.3.peg.1786.site.80, 2, 147, 149
411483.3.peg.1786.site.81, 3, 147, 150
411483.3.peg.1786.site.82, 6, 146, 152
411483.3.peg.1786.site.83, 16, 143, 159
411483.3.peg.1786.site.84, 4, 142, 146
411483.3.peg.1786.site.85, 31, 138, 169
411483.3.peg.1786.site.86, 5, 147, 152
411483.3.peg.1786.site.87, 2, 145, 147
411483.3.peg.1786.site.88, 0, 149, 149
411483.3.peg.2707.site.1, 11, 146, 157
411483.3.peg.2707.site.2, 2, 151, 153
411483.3.peg.2707.site.3, 0, 150, 150
411483.3.peg.2707.site.4, 17, 142, 159
411483.3.peg.2707.site.5, 114, 140, 254
411483.3.peg.2707.site.6, 1, 142, 143
411483.3.peg.2707.site.7, 1, 141, 142
411483.3.peg.2707.site.8, 0, 154, 154
411483.3.peg.2707.site.9, 6, 155, 161
411483.3.peg.2707.site.10, 5, 152, 157
411483.3.peg.2707.site.11, 116, 147, 263
411483.3.peg.2707.site.12, 9, 150, 159
411483.3.peg.2707.site.13, 38, 138, 176
411483.3.peg.2707.site.14, 3, 148, 151
411483.3.peg.2707.site.15, 3, 144, 147
411483.3.peg.2707.site.16, 4, 144, 148
411483.3.peg.2707.site.17, 69, 135, 204
411483.3.peg.2707.site.18, 13, 137, 150
411483.3.peg.2707.site.19, 3, 142, 145
411483.3.peg.2707.site.20, 10, 144, 154
411483.3.peg.2707.site.21, 1, 149, 150
411483.3.peg.2707.site.22, 1, 152, 153
411483.3.peg.2707.site.23, 30, 150, 180
411483.3.peg.2707.site.24, 28, 147, 175
411483.3.peg.2707.site.25, 1, 149, 150
411483.3.peg.2707.site.26, 12, 147, 159
411483.3.peg.2707.site.27, 6, 139, 145
411483.3.peg.2707.site.28, 3, 143, 146
411483.3.peg.2707.site.29, 3, 147, 150
411483.3.peg.2707.site.30, 0, 138, 138
411483.3.peg.2707.site.31, 2, 139, 141
411483.3.peg.2707.site.32, 2, 148, 150
411483.3.peg.2707.site.33, 0, 145, 145
411483.3.peg.2707.site.34, 0, 145, 145
411483.3.peg.2707.site.35, 23, 144, 167
411483.3.peg.2707.site.36, 10, 146, 156
411483.3.peg.2707.site.37, 1, 152, 153
411483.3.peg.2707.site.38, 1, 148, 149
411483.3.peg.2707.site.39, 51, 147, 198
411483.3.peg.2707.site.40, 26, 148, 174
411483.3.peg.2707.site.41, 61, 145, 206
411483.3.peg.2707.site.42, 8, 154, 162
411483.3.peg.2707.site.43, 38, 151, 189
411483.3.peg.2707.site.44, 4, 152, 156
411483.3.peg.2707.site.45, 0, 152, 152
411483.3.peg.2707.site.46, 14, 149, 163
411483.3.peg.2707.site.47, 0, 152, 152
411483.3.peg.2707.site.48, 0, 148, 148
411483.3.peg.1537.site.1, 10, 145, 155
411483.3.peg.1537.site.2, 100, 140, 240
411483.3.peg.1537.site.3, 8, 142, 150
411483.3.peg.1537.site.4, 2, 128, 130
411483.3.peg.1537.site.5, 10, 128, 138
411483.3.peg.1537.site.6, 130, 131, 261
411483.3.peg.1537.site.7, 3, 123, 126
411483.3.peg.1537.site.8, 1, 126, 127
411483.3.peg.1537.site.9, 6, 122, 128
411483.3.peg.1537.site.10, 7, 135, 142
411483.3.peg.1537.site.11, 3, 133, 136
411483.3.peg.1537.site.12, 2, 135, 137
411483.3.peg.1537.site.13, 1, 142, 143
411483.3.peg.1537.site.14, 6, 139, 145
411483.3.peg.1537.site.15, 9, 141, 150
411483.3.peg.1537.site.16, 0, 142, 142
411483.3.peg.1537.site.17, 1, 137, 138
411483.3.peg.1537.site.18, 13, 144, 157
411483.3.peg.1537.site.19, 39, 137, 176
411483.3.peg.1537.site.20, 2, 146, 148
411483.3.peg.1537.site.21, 4, 147, 151
411483.3.peg.1537.site.22, 3, 148, 151
411483.3.peg.1537.site.23, 6, 149, 155
411483.3.peg.1537.site.24, 2, 150, 152
411483.3.peg.1537.site.25, 17, 143, 160
411483.3.peg.1537.site.26, 2, 149, 151
411483.3.peg.1537.site.27, 1, 151, 152
411483.3.peg.1537.site.28, 8, 150, 158
411483.3.peg.1537.site.29, 9, 143, 152
411483.3.peg.1537.site.30, 0, 148, 148
411483.3.peg.1537.site.31, 7, 150, 157
411483.3.peg.1537.site.32, 4, 149, 153
411483.3.peg.1537.site.33, 0, 152, 152
411483.3.peg.1537.site.34, 5, 151, 156
411483.3.peg.1537.site.35, 29, 145, 174
411483.3.peg.1537.site.36, 11, 149, 160
411483.3.peg.1537.site.37, 1, 151, 152
411483.3.peg.1537.site.38, 2, 149, 151
411483.3.peg.1537.site.39, 2, 149, 151
411483.3.peg.1537.site.40, 1, 145, 146
411483.3.peg.1537.site.41, 3, 143, 146
411483.3.peg.1537.site.42, 3, 143, 146
411483.3.peg.1537.site.43, 104, 126, 230
411483.3.peg.1537.site.44, 3, 136, 139
411483.3.peg.1537.site.45, 7, 139, 146
411483.3.peg.1537.site.46, 2, 143, 145
411483.3.peg.1537.site.47, 30, 137, 167
411483.3.peg.1537.site.48, 12, 141, 153
411483.3.peg.1537.site.49, 3, 150, 153
411483.3.peg.1537.site.50, 1, 143, 144
411483.3.peg.1537.site.51, 3, 144, 147
411483.3.peg.1537.site.52, 13, 148, 161
411483.3.peg.1537.site.53, 42, 139, 181
411483.3.peg.1537.site.54, 1, 148, 149
411483.3.peg.1537.site.55, 1, 147, 148
411483.3.peg.1537.site.56, 7, 145, 152
411483.3.peg.1537.site.57, 1, 148, 149
411483.3.peg.1537.site.58, 1, 150, 151
411483.3.peg.1537.site.59, 2, 151, 153
411483.3.peg.1537.site.60, 3, 152, 155
411483.3.peg.1537.site.61, 9, 151, 160
411483.3.peg.1537.site.62, 1, 152, 153
411483.3.peg.1537.site.63, 2, 151, 153
411483.3.peg.1537.site.64, 0, 152, 152
411483.3.peg.1537.site.65, 4, 150, 154
411483.3.peg.1537.site.66, 99, 143, 242
411483.3.peg.1537.site.67, 42, 144, 186
411483.3.peg.1537.site.68, 3, 148, 151
411483.3.peg.1537.site.69, 6, 150, 156
411483.3.peg.1537.site.70, 2, 151, 153
411483.3.peg.1537.site.71, 2, 150, 152
411483.3.peg.1537.site.72, 2, 152, 154
411483.3.peg.1537.site.73, 7, 150, 157
411483.3.peg.1537.site.74, 1, 149, 150
411483.3.peg.1537.site.75, 70, 140, 210
411483.3.peg.1537.site.76, 0, 147, 147
411483.3.peg.1537.site.77, 15, 149, 164
411483.3.peg.1537.site.78, 1, 152, 153
411483.3.peg.1537.site.79, 3, 151, 154
411483.3.peg.1537.site.80, 9, 148, 157
411483.3.peg.1537.site.81, 22, 150, 172
411483.3.peg.1537.site.82, 2, 148, 150
411483.3.peg.1537.site.83, 7, 136, 143
411483.3.peg.1537.site.84, 1, 124, 125
411483.3.peg.1537.site.85, 0, 119, 119
411483.3.peg.1537.site.86, 17, 88, 105
411483.3.peg.1537.site.87, 4, 87, 91
411483.3.peg.1537.site.88, 1, 91, 92
411483.3.peg.1537.site.89, 6, 64, 70
411483.3.peg.1537.site.90, 5, 77, 82
411483.3.peg.1537.site.91, 36, 90, 126
411483.3.peg.1537.site.92, 12, 93, 105
411483.3.peg.1537.site.93, 43, 97, 140
411483.3.peg.1537.site.94, 1, 104, 105
411483.3.peg.1537.site.95, 17, 114, 131
411483.3.peg.1537.site.96, 35, 115, 150
411483.3.peg.1537.site.97, 22, 121, 143
411483.3.peg.1537.site.98, 2, 130, 132
411483.3.peg.1537.site.99, 3, 131, 134
411483.3.peg.1537.site.100, 40, 127, 167
411483.3.peg.1537.site.101, 5, 131, 136
411483.3.peg.1537.site.102, 0, 130, 130
411483.3.peg.1537.site.103, 3, 121, 124
411483.3.peg.1537.site.104, 1, 125, 126
411483.3.peg.1537.site.105, 77, 112, 189
411483.3.peg.1537.site.106, 1, 119, 120
411483.3.peg.1537.site.107, 11, 104, 115
411483.3.peg.1537.site.108, 2, 127, 129
411483.3.peg.1537.site.109, 3, 122, 125
411483.3.peg.1537.site.110, 6, 125, 131
411483.3.peg.1537.site.111, 45, 121, 166
411483.3.peg.1537.site.112, 1, 122, 123
411483.3.peg.1537.site.113, 1, 125, 126
411483.3.peg.1537.site.114, 2, 118, 120
411483.3.peg.1537.site.115, 2, 110, 112
411483.3.peg.1537.site.116, 71, 81, 152
411483.3.peg.1537.site.117, 0, 76, 76
411483.3.peg.1537.site.118, 14, 73, 87
411483.3.peg.1537.site.119, 43, 68, 111
411483.3.peg.1537.site.120, 0, 79, 79
411483.3.peg.1537.site.121, 16, 64, 80
411483.3.peg.1537.site.122, 0, 67, 67
411483.3.peg.1537.site.123, 3, 69, 72
411483.3.peg.1537.site.124, 1, 66, 67
411483.3.peg.1537.site.125, 7, 65, 72
411483.3.peg.1537.site.126, 5, 70, 75
411483.3.peg.1537.site.127, 2, 60, 62
411483.3.peg.1537.site.128, 4, 58, 62
411483.3.peg.1537.site.129, 1, 48, 49
411483.3.peg.1537.site.130, 6, 45, 51
411483.3.peg.1537.site.131, 0, 44, 44
411483.3.peg.1537.site.132, 2, 35, 37
411483.3.peg.1537.site.133, 13, 31, 44
411483.3.peg.1537.site.134, 7, 36, 43
411483.3.peg.1537.site.135, 1, 27, 28
411483.3.peg.1537.site.136, 20, 29, 49
411483.3.peg.1537.site.137, 34, 43, 77
411483.3.peg.1537.site.138, 0, 48, 48
411483.3.peg.1537.site.139, 23, 46, 69
411483.3.peg.1537.site.140, 3, 83, 86
411483.3.peg.1537.site.141, 0, 104, 104
411483.3.peg.1537.site.142, 17, 92, 109
411483.3.peg.1537.site.143, 2, 139, 141
411483.3.peg.1537.site.144, 0, 144, 144
411483.3.peg.1537.site.145, 1, 141, 142
411483.3.peg.1537.site.146, 4, 122, 126
411483.3.peg.1537.site.147, 22, 111, 133
411483.3.peg.1537.site.148, 35, 103, 138
411483.3.peg.1537.site.149, 41, 107, 148
411483.3.peg.1537.site.150, 3, 114, 117
411483.3.peg.1537.site.151, 12, 118, 130
411483.3.peg.1537.site.152, 3, 116, 119
411483.3.peg.1537.site.153, 8, 126, 134
411483.3.peg.1537.site.154, 1, 128, 129
411483.3.peg.1532.site.1, 8, 132, 140
411483.3.peg.1532.site.2, 6, 136, 142
411483.3.peg.1532.site.3, 65, 139, 204
411483.3.peg.1532.site.4, 16, 143, 159
411483.3.peg.1532.site.5, 1, 142, 143
411483.3.peg.1532.site.6, 0, 141, 141
411483.3.peg.1532.site.7, 3, 135, 138
411483.3.peg.1532.site.8, 6, 134, 140
411483.3.peg.1532.site.9, 2, 131, 133
411483.3.peg.1532.site.10, 3, 139, 142
411483.3.peg.1532.site.11, 2, 137, 139
411483.3.peg.1532.site.12, 6, 132, 138
411483.3.peg.1532.site.13, 3, 137, 140
411483.3.peg.1532.site.14, 1, 136, 137
411483.3.peg.1532.site.15, 1, 121, 122
411483.3.peg.1532.site.16, 1, 110, 111
411483.3.peg.1532.site.17, 94, 104, 198
411483.3.peg.1532.site.18, 0, 100, 100
411483.3.peg.1532.site.19, 1, 113, 114
411483.3.peg.1532.site.20, 0, 113, 113
411483.3.peg.1532.site.21, 0, 109, 109
411483.3.peg.1532.site.22, 2, 123, 125
411483.3.peg.1532.site.23, 0, 126, 126
411483.3.peg.1532.site.24, 0, 133, 133
411483.3.peg.1532.site.25, 4, 126, 130
411483.3.peg.1532.site.26, 54, 135, 189
411483.3.peg.1532.site.27, 1, 142, 143
411483.3.peg.1532.site.28, 5, 143, 148
411483.3.peg.1532.site.29, 3, 147, 150
411483.3.peg.1532.site.30, 14, 143, 157
411483.3.peg.1532.site.31, 0, 146, 146
411483.3.peg.1532.site.32, 2, 147, 149
411483.3.peg.1532.site.33, 1, 151, 152
411483.3.peg.1532.site.34, 2, 148, 150
411483.3.peg.1532.site.35, 2, 146, 148
411483.3.peg.1532.site.36, 1, 149, 150
411483.3.peg.1532.site.37, 1, 147, 148
411483.3.peg.1532.site.38, 0, 148, 148
411483.3.peg.1532.site.39, 2, 149, 151
411483.3.peg.1532.site.40, 19, 147, 166
411483.3.peg.1532.site.41, 1, 148, 149
411483.3.peg.1532.site.42, 77, 131, 208
411483.3.peg.1532.site.43, 101, 133, 234
411483.3.peg.1532.site.44, 1, 139, 140
411483.3.peg.1532.site.45, 8, 113, 121
411483.3.peg.1532.site.46, 2, 112, 114
411483.3.peg.1532.site.47, 6, 116, 122
411483.3.peg.1532.site.48, 10, 115, 125
411483.3.peg.1532.site.49, 40, 116, 156
411483.3.peg.1532.site.50, 2, 122, 124
411483.3.peg.1532.site.51, 1, 136, 137
411483.3.peg.1532.site.52, 3, 133, 136
411483.3.peg.1532.site.53, 15, 129, 144
411483.3.peg.1532.site.54, 98, 128, 226
411483.3.peg.1532.site.55, 1, 139, 140
411483.3.peg.1532.site.56, 15, 135, 150
411483.3.peg.1532.site.57, 6, 140, 146
411483.3.peg.1532.site.58, 5, 139, 144
411483.3.peg.1532.site.59, 1, 140, 141
411483.3.peg.1532.site.60, 1, 142, 143
411483.3.peg.1532.site.61, 1, 137, 138
411483.3.peg.1532.site.62, 2, 140, 142
411483.3.peg.1532.site.63, 2, 143, 145
411483.3.peg.1532.site.64, 5, 137, 142
411483.3.peg.1532.site.65, 10, 131, 141
411483.3.peg.1532.site.66, 17, 110, 127
411483.3.peg.1532.site.67, 2, 102, 104
411483.3.peg.1532.site.68, 2, 100, 102
411483.3.peg.1532.site.69, 3, 116, 119
411483.3.peg.1532.site.70, 0, 128, 128
411483.3.peg.1532.site.71, 19, 132, 151
411483.3.peg.1532.site.72, 2, 140, 142
411483.3.peg.1532.site.73, 1, 145, 146
411483.3.peg.1532.site.74, 1, 143, 144
411483.3.peg.1532.site.75, 8, 141, 149
411483.3.peg.1532.site.76, 70, 130, 200
411483.3.peg.1532.site.77, 8, 147, 155
411483.3.peg.1532.site.78, 4, 146, 150
411483.3.peg.1532.site.79, 0, 148, 148
411483.3.peg.1532.site.80, 14, 148, 162
411483.3.peg.1532.site.81, 2, 151, 153
411483.3.peg.1532.site.82, 7, 149, 156
411483.3.peg.1532.site.83, 1, 155, 156
411483.3.peg.1532.site.84, 18, 150, 168
411483.3.peg.1532.site.85, 1, 151, 152
411483.3.peg.1533.site.1, 7, 148, 155
411483.3.peg.1533.site.2, 4, 151, 155
411483.3.peg.1533.site.3, 11, 148, 159
411483.3.peg.1533.site.4, 20, 138, 158
411483.3.peg.1533.site.5, 5, 141, 146
411483.3.peg.1533.site.6, 2, 146, 148
411483.3.peg.1533.site.7, 16, 144, 160
411483.3.peg.1533.site.8, 9, 147, 156
411483.3.peg.1533.site.9, 9, 148, 157
411483.3.peg.1533.site.10, 0, 146, 146
411483.3.peg.1533.site.11, 0, 147, 147
411483.3.peg.1533.site.12, 1, 147, 148
411483.3.peg.1533.site.13, 2, 147, 149
411483.3.peg.1533.site.14, 8, 147, 155
411483.3.peg.1533.site.15, 25, 144, 169
411483.3.peg.1533.site.16, 2, 155, 157
411483.3.peg.1533.site.17, 3, 155, 158
411483.3.peg.1533.site.18, 0, 153, 153
411483.3.peg.1533.site.19, 2, 150, 152
411483.3.peg.1533.site.20, 9, 148, 157
411483.3.peg.1533.site.21, 2, 153, 155
411483.3.peg.1533.site.22, 25, 150, 175
411483.3.peg.1533.site.23, 3, 150, 153
411483.3.peg.1533.site.24, 23, 146, 169
411483.3.peg.1533.site.25, 1, 147, 148
411483.3.peg.1533.site.26, 115, 143, 258
411483.3.peg.1533.site.27, 134, 140, 274
411483.3.peg.1533.site.28, 0, 145, 145
411483.3.peg.1533.site.29, 2, 139, 141
411483.3.peg.1533.site.30, 0, 145, 145
411483.3.peg.1533.site.31, 14, 140, 154
411483.3.peg.1533.site.32, 3, 142, 145
411483.3.peg.1533.site.33, 0, 144, 144
411483.3.peg.1533.site.34, 2, 139, 141
411483.3.peg.1533.site.35, 0, 146, 146
411483.3.peg.1533.site.36, 79, 133, 212
411483.3.peg.1533.site.37, 2, 145, 147
411483.3.peg.1533.site.38, 27, 143, 170
411483.3.peg.1533.site.39, 12, 139, 151
411483.3.peg.1533.site.40, 4, 143, 147
411483.3.peg.1533.site.41, 1, 144, 145
411483.3.peg.1533.site.42, 1, 144, 145
411483.3.peg.1533.site.43, 12, 138, 150
411483.3.peg.1533.site.44, 1, 148, 149
411483.3.peg.1533.site.45, 1, 133, 134
411483.3.peg.1533.site.46, 3, 130, 133
411483.3.peg.1533.site.47, 1, 142, 143
411483.3.peg.1533.site.48, 1, 144, 145
411483.3.peg.1533.site.49, 2, 147, 149
411483.3.peg.1533.site.50, 4, 153, 157
411483.3.peg.1533.site.51, 98, 144, 242
411483.3.peg.1533.site.52, 0, 153, 153
411483.3.peg.1533.site.53, 1, 153, 154
411483.3.peg.1533.site.54, 54, 143, 197
411483.3.peg.1533.site.55, 6, 153, 159
411483.3.peg.1533.site.56, 18, 149, 167
411483.3.peg.1533.site.57, 3, 154, 157
411483.3.peg.1533.site.58, 6, 148, 154
411483.3.peg.1533.site.59, 9, 149, 158
411483.3.peg.1533.site.60, 34, 145, 179
411483.3.peg.1533.site.61, 8, 152, 160
411483.3.peg.1533.site.62, 3, 153, 156
411483.3.peg.1533.site.63, 70, 143, 213
411483.3.peg.1533.site.64, 1, 153, 154
411483.3.peg.1533.site.65, 2, 153, 155
411483.3.peg.1533.site.66, 7, 145, 152
411483.3.peg.1533.site.67, 0, 135, 135
411483.3.peg.1533.site.68, 4, 148, 152
411483.3.peg.1533.site.69, 68, 138, 206
411483.3.peg.1533.site.70, 3, 147, 150
411483.3.peg.1533.site.71, 8, 149, 157
411483.3.peg.1533.site.72, 64, 139, 203
411483.3.peg.1533.site.73, 3, 149, 152
411483.3.peg.1533.site.74, 0, 149, 149
411483.3.peg.1533.site.75, 149, 149, 298
411483.3.peg.1533.site.76, 5, 154, 159
411483.3.peg.1533.site.77, 1, 153, 154
411483.3.peg.1533.site.78, 0, 152, 152
411483.3.peg.1533.site.79, 2, 151, 153
411483.3.peg.1533.site.80, 13, 151, 164
411483.3.peg.1533.site.81, 0, 152, 152
411483.3.peg.1533.site.82, 2, 150, 152
411483.3.peg.1533.site.83, 7, 149, 156
411483.3.peg.1533.site.84, 7, 146, 153
411483.3.peg.1533.site.85, 16, 141, 157
411483.3.peg.1533.site.86, 3, 148, 151
411483.3.peg.1533.site.87, 5, 150, 155
411483.3.peg.1533.site.88, 5, 152, 157
411483.3.peg.1533.site.89, 2, 146, 148
411483.3.peg.1533.site.90, 1, 147, 148
411483.3.peg.1533.site.91, 1, 122, 123
411483.3.peg.1547.site.1, 1, 152, 153
411483.3.peg.1547.site.2, 0, 151, 151
411483.3.peg.1547.site.3, 3, 152, 155
411483.3.peg.1547.site.4, 14, 150, 164
411483.3.peg.1547.site.5, 0, 151, 151
411483.3.peg.1547.site.6, 2, 146, 148
411483.3.peg.1547.site.7, 1, 150, 151
411483.3.peg.1547.site.8, 4, 153, 157
411483.3.peg.1547.site.9, 1, 151, 152
411483.3.peg.1547.site.10, 2, 152, 154
411483.3.peg.1547.site.11, 1, 152, 153
411483.3.peg.1547.site.12, 1, 151, 152
411483.3.peg.1547.site.13, 112, 146, 258
411483.3.peg.1547.site.14, 0, 149, 149
411483.3.peg.1547.site.15, 8, 151, 159
411483.3.peg.1547.site.16, 0, 150, 150
411483.3.peg.1547.site.17, 1, 149, 150
411483.3.peg.1547.site.18, 0, 146, 146
411483.3.peg.1547.site.19, 2, 151, 153
411483.3.peg.1547.site.20, 135, 141, 276
411483.3.peg.1547.site.21, 2, 150, 152
411483.3.peg.1547.site.22, 1, 148, 149
411483.3.peg.1547.site.23, 5, 149, 154
411483.3.peg.1547.site.24, 2, 150, 152
411483.3.peg.1547.site.25, 3, 149, 152
411483.3.peg.1547.site.26, 7, 149, 156
411483.3.peg.1547.site.27, 1, 150, 151
411483.3.peg.1547.site.28, 4, 146, 150
411483.3.peg.1547.site.29, 81, 126, 207
411483.3.peg.1547.site.30, 84, 132, 216
411483.3.peg.1547.site.31, 4, 140, 144
411483.3.peg.1547.site.32, 3, 134, 137
411483.3.peg.1547.site.33, 7, 136, 143
411483.3.peg.1547.site.34, 5, 147, 152
411483.3.peg.1547.site.35, 1, 150, 151
411483.3.peg.1547.site.36, 11, 143, 154
411483.3.peg.1547.site.37, 1, 146, 147
411483.3.peg.1547.site.38, 15, 147, 162
411483.3.peg.1547.site.39, 2, 149, 151
411483.3.peg.1547.site.40, 2, 150, 152
411483.3.peg.1547.site.41, 12, 146, 158
411483.3.peg.1547.site.42, 2, 135, 137
411483.3.peg.1547.site.43, 1, 138, 139
411483.3.peg.1547.site.44, 1, 123, 124
411483.3.peg.1547.site.45, 1, 139, 140
411483.3.peg.1547.site.46, 9, 139, 148
411483.3.peg.1547.site.47, 8, 138, 146
411483.3.peg.1547.site.48, 1, 135, 136
411483.3.peg.1547.site.49, 24, 133, 157
411483.3.peg.1547.site.50, 1, 135, 136
411483.3.peg.1547.site.51, 3, 134, 137
411483.3.peg.1547.site.52, 1, 131, 132
411483.3.peg.1547.site.53, 2, 140, 142
411483.3.peg.1547.site.54, 1, 144, 145
411483.3.peg.1547.site.55, 5, 151, 156
411483.3.peg.1547.site.56, 7, 151, 158
411483.3.peg.1547.site.57, 7, 150, 157
411483.3.peg.1547.site.58, 0, 148, 148
411483.3.peg.1547.site.59, 2, 149, 151
411483.3.peg.1547.site.60, 43, 148, 191
411483.3.peg.1547.site.61, 5, 148, 153
411483.3.peg.1547.site.62, 10, 146, 156
411483.3.peg.1547.site.63, 11, 149, 160
411483.3.peg.1547.site.64, 1, 148, 149
411483.3.peg.1547.site.65, 1, 147, 148
411483.3.peg.1547.site.66, 10, 146, 156
411483.3.peg.1547.site.67, 1, 145, 146
411483.3.peg.1547.site.68, 9, 146, 155
411483.3.peg.1547.site.69, 8, 148, 156
411483.3.peg.1547.site.70, 2, 142, 144
411483.3.peg.1547.site.71, 5, 144, 149
411483.3.peg.1547.site.72, 1, 140, 141
411483.3.peg.1547.site.73, 3, 142, 145
411483.3.peg.1547.site.74, 80, 132, 212
411483.3.peg.1547.site.75, 0, 149, 149
411483.3.peg.1547.site.76, 1, 151, 152
411483.3.peg.1547.site.77, 0, 141, 141
411483.3.peg.1547.site.78, 1, 147, 148
411483.3.peg.1547.site.79, 13, 142, 155
411483.3.peg.1547.site.80, 0, 149, 149
411483.3.peg.1547.site.81, 59, 134, 193
411483.3.peg.1547.site.82, 37, 134, 171
411483.3.peg.1547.site.83, 35, 135, 170
411483.3.peg.1547.site.84, 114, 130, 244
411483.3.peg.1547.site.85, 1, 144, 145
411483.3.peg.1547.site.86, 4, 152, 156
411483.3.peg.1547.site.87, 2, 151, 153
411483.3.peg.1547.site.88, 1, 149, 150
411483.3.peg.1547.site.89, 19, 150, 169
411483.3.peg.1546.site.1, 40, 145, 185
411483.3.peg.1546.site.2, 0, 150, 150
411483.3.peg.1546.site.3, 1, 147, 148
411483.3.peg.1546.site.4, 60, 136, 196
411483.3.peg.1546.site.5, 53, 134, 187
411483.3.peg.1546.site.6, 3, 143, 146
411483.3.peg.1546.site.7, 17, 138, 155
411483.3.peg.1546.site.8, 46, 136, 182
411483.3.peg.1546.site.9, 14, 141, 155
411483.3.peg.1546.site.10, 1, 144, 145
411483.3.peg.1546.site.11, 4, 143, 147
411483.3.peg.1546.site.12, 1, 145, 146
411483.3.peg.1546.site.13, 16, 143, 159
411483.3.peg.1546.site.14, 2, 142, 144
411483.3.peg.1546.site.15, 0, 143, 143
411483.3.peg.1546.site.16, 7, 141, 148
411483.3.peg.1546.site.17, 4, 143, 147
411483.3.peg.1546.site.18, 0, 145, 145
411483.3.peg.1546.site.19, 0, 143, 143
411483.3.peg.1546.site.20, 12, 143, 155
411483.3.peg.1546.site.21, 8, 140, 148
411483.3.peg.1546.site.22, 2, 141, 143
411483.3.peg.1546.site.23, 5, 143, 148
411483.3.peg.1546.site.24, 61, 136, 197
411483.3.peg.1546.site.25, 0, 136, 136
411483.3.peg.1546.site.26, 5, 141, 146
411483.3.peg.1546.site.27, 11, 141, 152
411483.3.peg.1546.site.28, 0, 142, 142
411483.3.peg.1546.site.29, 1, 146, 147
411483.3.peg.1546.site.30, 0, 147, 147
411483.3.peg.1546.site.31, 2, 149, 151
411483.3.peg.1546.site.32, 4, 145, 149
411483.3.peg.1546.site.33, 0, 144, 144
411483.3.peg.1546.site.34, 12, 149, 161
411483.3.peg.1546.site.35, 15, 148, 163
411483.3.peg.1546.site.36, 0, 150, 150
411483.3.peg.1546.site.37, 3, 151, 154
411483.3.peg.1546.site.38, 2, 154, 156
411483.3.peg.1546.site.39, 51, 140, 191
411483.3.peg.1546.site.40, 18, 148, 166
411483.3.peg.1546.site.41, 2, 155, 157
411483.3.peg.1546.site.42, 134, 149, 283
411483.3.peg.1546.site.43, 3, 155, 158
411483.3.peg.1546.site.44, 0, 154, 154
411483.3.peg.1546.site.45, 1, 154, 155
411483.3.peg.1546.site.46, 0, 154, 154
411483.3.peg.1546.site.47, 2, 152, 154
411483.3.peg.1546.site.48, 8, 151, 159
411483.3.peg.1546.site.49, 76, 144, 220
411483.3.peg.1546.site.50, 2, 152, 154
411483.3.peg.1546.site.51, 10, 152, 162
411483.3.peg.1546.site.52, 139, 145, 284
411483.3.peg.1546.site.53, 21, 142, 163
411483.3.peg.1546.site.54, 83, 142, 225
411483.3.peg.1546.site.55, 20, 152, 172
411483.3.peg.1546.site.56, 1, 152, 153
411483.3.peg.1546.site.57, 4, 152, 156
411483.3.peg.1546.site.58, 2, 153, 155
411483.3.peg.1546.site.59, 2, 155, 157
411483.3.peg.1546.site.60, 1, 154, 155
411483.3.peg.1546.site.61, 2, 153, 155
411483.3.peg.1546.site.62, 109, 150, 259
411483.3.peg.1546.site.63, 12, 154, 166
411483.3.peg.1546.site.64, 13, 154, 167
411483.3.peg.1546.site.65, 6, 154, 160
411483.3.peg.1546.site.66, 2, 154, 156
411483.3.peg.1546.site.67, 0, 153, 153
411483.3.peg.1546.site.68, 128, 147, 275
411483.3.peg.1546.site.69, 51, 146, 197
411483.3.peg.1546.site.70, 7, 153, 160
411483.3.peg.1546.site.71, 5, 154, 159
411483.3.peg.1546.site.72, 1, 155, 156
411483.3.peg.1546.site.73, 12, 152, 164
411483.3.peg.1546.site.74, 3, 154, 157
411483.3.peg.1546.site.75, 6, 151, 157
411483.3.peg.1546.site.76, 54, 146, 200
411483.3.peg.1546.site.77, 22, 149, 171
411483.3.peg.1546.site.78, 21, 149, 170
411483.3.peg.1546.site.79, 2, 152, 154
411483.3.peg.626.site.1, 0, 154, 154
411483.3.peg.627.site.1, 36, 142, 178
411483.3.peg.627.site.2, 0, 152, 152
411483.3.peg.627.site.3, 0, 151, 151
411483.3.peg.627.site.4, 0, 153, 153
411483.3.peg.627.site.5, 1, 154, 155
411483.3.peg.627.site.6, 1, 153, 154
411483.3.peg.627.site.7, 8, 144, 152
411483.3.peg.627.site.8, 150, 151, 301
411483.3.peg.627.site.9, 15, 151, 166
411483.3.peg.627.site.10, 8, 147, 155
411483.3.peg.627.site.11, 1, 150, 151
411483.3.peg.627.site.12, 9, 149, 158
411483.3.peg.627.site.13, 33, 141, 174
411483.3.peg.627.site.14, 0, 151, 151
411483.3.peg.627.site.15, 5, 150, 155
411483.3.peg.627.site.16, 19, 148, 167
411483.3.peg.627.site.17, 1, 145, 146
411483.3.peg.627.site.18, 0, 146, 146
411483.3.peg.627.site.19, 2, 150, 152
411483.3.peg.627.site.20, 4, 146, 150
411483.3.peg.627.site.21, 0, 145, 145
411483.3.peg.627.site.22, 0, 150, 150
411483.3.peg.627.site.23, 0, 150, 150
411483.3.peg.627.site.24, 26, 136, 162
411483.3.peg.627.site.25, 8, 147, 155
411483.3.peg.627.site.26, 1, 147, 148
411483.3.peg.627.site.27, 13, 145, 158
411483.3.peg.627.site.28, 6, 148, 154
411483.3.peg.627.site.29, 2, 152, 154
411483.3.peg.627.site.30, 106, 139, 245
411483.3.peg.627.site.31, 129, 152, 281
411483.3.peg.627.site.32, 1, 154, 155
411483.3.peg.627.site.33, 6, 151, 157
411483.3.peg.627.site.34, 25, 149, 174
411483.3.peg.627.site.35, 60, 144, 204
411483.3.peg.627.site.36, 0, 148, 148
411483.3.peg.627.site.37, 4, 148, 152
411483.3.peg.627.site.38, 3, 154, 157
411483.3.peg.627.site.39, 1, 145, 146
411483.3.peg.627.site.40, 0, 147, 147
411483.3.peg.627.site.41, 1, 150, 151
411483.3.peg.627.site.42, 1, 154, 155
411483.3.peg.627.site.43, 4, 148, 152
411483.3.peg.627.site.44, 0, 153, 153
411483.3.peg.627.site.45, 0, 154, 154
411483.3.peg.627.site.46, 1, 150, 151
411483.3.peg.627.site.47, 25, 148, 173
411483.3.peg.627.site.48, 22, 142, 164
411483.3.peg.627.site.49, 2, 145, 147
411483.3.peg.627.site.50, 3, 152, 155
411483.3.peg.627.site.51, 8, 141, 149
411483.3.peg.627.site.52, 118, 139, 257
411483.3.peg.627.site.53, 1, 150, 151
411483.3.peg.627.site.54, 9, 147, 156
411483.3.peg.627.site.55, 2, 144, 146
411483.3.peg.627.site.56, 27, 145, 172
411483.3.peg.627.site.57, 4, 146, 150
411483.3.peg.627.site.58, 143, 146, 289
411483.3.peg.627.site.59, 2, 153, 155
411483.3.peg.627.site.60, 0, 152, 152
411483.3.peg.627.site.61, 2, 152, 154
411483.3.peg.627.site.62, 5, 148, 153
411483.3.peg.627.site.63, 3, 153, 156
411483.3.peg.627.site.64, 3, 154, 157
411483.3.peg.627.site.65, 2, 155, 157
411483.3.peg.627.site.66, 1, 155, 156
411483.3.peg.627.site.67, 3, 154, 157
411483.3.peg.627.site.68, 0, 154, 154
411483.3.peg.627.site.69, 1, 154, 155
411483.3.peg.627.site.70, 4, 151, 155
411483.3.peg.627.site.71, 2, 151, 153
411483.3.peg.627.site.72, 6, 149, 155
411483.3.peg.627.site.73, 1, 153, 154
411483.3.peg.627.site.74, 104, 144, 248
411483.3.peg.627.site.75, 1, 154, 155
411483.3.peg.627.site.76, 0, 155, 155
411483.3.peg.627.site.77, 1, 155, 156
411483.3.peg.627.site.78, 9, 150, 159
411483.3.peg.627.site.79, 6, 154, 160
411483.3.peg.627.site.80, 6, 155, 161
411483.3.peg.627.site.81, 3, 154, 157
411483.3.peg.627.site.82, 28, 149, 177
411483.3.peg.627.site.83, 6, 152, 158
411483.3.peg.627.site.84, 0, 151, 151
411483.3.peg.627.site.85, 13, 141, 154
411483.3.peg.620.site.1, 0, 147, 147
411483.3.peg.620.site.2, 4, 153, 157
411483.3.peg.620.site.3, 0, 149, 149
411483.3.peg.620.site.4, 8, 148, 156
411483.3.peg.620.site.5, 2, 152, 154
411483.3.peg.620.site.6, 1, 147, 148
411483.3.peg.620.site.7, 0, 139, 139
411483.3.peg.620.site.8, 0, 147, 147
411483.3.peg.620.site.9, 4, 146, 150
411483.3.peg.620.site.10, 102, 137, 239
411483.3.peg.620.site.11, 6, 141, 147
411483.3.peg.620.site.12, 3, 141, 144
411483.3.peg.620.site.13, 138, 138, 276
411483.3.peg.620.site.14, 0, 139, 139
411483.3.peg.620.site.15, 4, 144, 148
411483.3.peg.620.site.16, 4, 146, 150
411483.3.peg.620.site.17, 4, 148, 152
411483.3.peg.620.site.18, 18, 144, 162
411483.3.peg.620.site.19, 3, 144, 147
411483.3.peg.620.site.20, 0, 149, 149
411483.3.peg.620.site.21, 3, 148, 151
411483.3.peg.620.site.22, 2, 149, 151
411483.3.peg.620.site.23, 0, 145, 145
411483.3.peg.620.site.24, 1, 147, 148
411483.3.peg.620.site.25, 8, 143, 151
411483.3.peg.620.site.26, 3, 145, 148
411483.3.peg.620.site.27, 9, 135, 144
411483.3.peg.620.site.28, 9, 140, 149
411483.3.peg.620.site.29, 0, 148, 148
411483.3.peg.620.site.30, 4, 145, 149
411483.3.peg.620.site.31, 6, 138, 144
411483.3.peg.620.site.32, 1, 146, 147
411483.3.peg.620.site.33, 4, 147, 151
411483.3.peg.620.site.34, 1, 147, 148
411483.3.peg.620.site.35, 1, 140, 141
411483.3.peg.620.site.36, 1, 142, 143
411483.3.peg.620.site.37, 121, 133, 254
411483.3.peg.620.site.38, 45, 131, 176
411483.3.peg.620.site.39, 49, 131, 180
411483.3.peg.620.site.40, 1, 148, 149
411483.3.peg.620.site.41, 32, 145, 177
411483.3.peg.620.site.42, 14, 155, 169
411483.3.peg.620.site.43, 1, 153, 154
411483.3.peg.620.site.44, 0, 153, 153
411483.3.peg.620.site.45, 80, 142, 222
411483.3.peg.620.site.46, 9, 147, 156
411483.3.peg.620.site.47, 8, 148, 156
411483.3.peg.620.site.48, 5, 150, 155
411483.3.peg.620.site.49, 6, 151, 157
411483.3.peg.620.site.50, 1, 151, 152
411483.3.peg.620.site.51, 1, 148, 149
411483.3.peg.620.site.52, 5, 144, 149
411483.3.peg.620.site.53, 3, 132, 135
411483.3.peg.620.site.54, 1, 129, 130
411483.3.peg.620.site.55, 1, 125, 126
411483.3.peg.620.site.56, 1, 123, 124
411483.3.peg.620.site.57, 5, 123, 128
411483.3.peg.620.site.58, 1, 122, 123
411483.3.peg.620.site.59, 3, 107, 110
411483.3.peg.620.site.60, 3, 120, 123
411483.3.peg.620.site.61, 1, 118, 119
411483.3.peg.620.site.62, 37, 107, 144
411483.3.peg.620.site.63, 31, 112, 143
411483.3.peg.620.site.64, 99, 118, 217
411483.3.peg.620.site.65, 2, 123, 125
411483.3.peg.620.site.66, 114, 125, 239
411483.3.peg.620.site.67, 1, 146, 147
411483.3.peg.620.site.68, 1, 147, 148
411483.3.peg.620.site.69, 34, 139, 173
411483.3.peg.620.site.70, 5, 147, 152
411483.3.peg.620.site.71, 104, 133, 237
411483.3.peg.620.site.72, 1, 147, 148
411483.3.peg.620.site.73, 8, 145, 153
411483.3.peg.620.site.74, 50, 135, 185
411483.3.peg.620.site.75, 135, 145, 280
411483.3.peg.620.site.76, 4, 150, 154
411483.3.peg.620.site.77, 6, 153, 159
411483.3.peg.620.site.78, 1, 154, 155
411483.3.peg.620.site.79, 7, 154, 161
411483.3.peg.620.site.80, 82, 146, 228
411483.3.peg.620.site.81, 5, 151, 156
411483.3.peg.620.site.82, 0, 150, 150
411483.3.peg.620.site.83, 0, 152, 152
411483.3.peg.620.site.84, 0, 151, 151
411483.3.peg.620.site.85, 0, 152, 152
411483.3.peg.1542.site.1, 29, 145, 174
411483.3.peg.1542.site.2, 0, 155, 155
411483.3.peg.1542.site.3, 8, 153, 161
411483.3.peg.1542.site.4, 5, 153, 158
411483.3.peg.1542.site.5, 10, 151, 161
411483.3.peg.1542.site.6, 60, 146, 206
411483.3.peg.1542.site.7, 1, 149, 150
411483.3.peg.1542.site.8, 5, 145, 150
411483.3.peg.1542.site.9, 19, 135, 154
411483.3.peg.1542.site.10, 2, 146, 148
411483.3.peg.1542.site.11, 141, 144, 285
411483.3.peg.1542.site.12, 3, 145, 148
411483.3.peg.1542.site.13, 5, 144, 149
411483.3.peg.1542.site.14, 0, 141, 141
411483.3.peg.1542.site.15, 3, 142, 145
411483.3.peg.1542.site.16, 73, 132, 205
411483.3.peg.1542.site.17, 16, 132, 148
411483.3.peg.1542.site.18, 3, 147, 150
411483.3.peg.1541.site.1, 42, 136, 178
411483.3.peg.1541.site.2, 11, 144, 155
411483.3.peg.1541.site.3, 3, 136, 139
411483.3.peg.1541.site.4, 0, 145, 145
411483.3.peg.1541.site.5, 2, 142, 144
411483.3.peg.1541.site.6, 2, 141, 143
411483.3.peg.1541.site.7, 5, 140, 145
411483.3.peg.1541.site.8, 1, 140, 141
411483.3.peg.1541.site.9, 1, 147, 148
411483.3.peg.1541.site.10, 1, 146, 147
411483.3.peg.1541.site.11, 15, 137, 152
411483.3.peg.1541.site.12, 2, 147, 149
411483.3.peg.1541.site.13, 1, 136, 137
411483.3.peg.1541.site.14, 50, 122, 172
411483.3.peg.1541.site.15, 34, 121, 155
411483.3.peg.1541.site.16, 4, 115, 119
411483.3.peg.1541.site.17, 2, 126, 128
411483.3.peg.1541.site.18, 3, 142, 145
411483.3.peg.1541.site.19, 0, 144, 144
411483.3.peg.1541.site.20, 0, 140, 140
411483.3.peg.1541.site.21, 0, 143, 143
411483.3.peg.1541.site.22, 3, 147, 150
411483.3.peg.1541.site.23, 12, 145, 157
411483.3.peg.1541.site.24, 4, 147, 151
411483.3.peg.1541.site.25, 35, 124, 159
411483.3.peg.1541.site.26, 0, 150, 150
411483.3.peg.1541.site.27, 2, 150, 152
411483.3.peg.1541.site.28, 1, 151, 152
411483.3.peg.1541.site.29, 48, 139, 187
411483.3.peg.1541.site.30, 1, 152, 153
411483.3.peg.1541.site.31, 3, 150, 153
411483.3.peg.1541.site.32, 0, 148, 148
411483.3.peg.1541.site.33, 12, 134, 146
411483.3.peg.1541.site.34, 2, 139, 141
411483.3.peg.1541.site.35, 24, 128, 152
411483.3.peg.1541.site.36, 8, 124, 132
411483.3.peg.1541.site.37, 8, 135, 143
411483.3.peg.1541.site.38, 72, 118, 190
411483.3.peg.1541.site.39, 5, 111, 116
411483.3.peg.1541.site.40, 2, 127, 129
411483.3.peg.1541.site.41, 22, 116, 138
411483.3.peg.1541.site.42, 2, 117, 119
411483.3.peg.1541.site.43, 2, 115, 117
411483.3.peg.1541.site.44, 28, 116, 144
411483.3.peg.1541.site.45, 2, 133, 135
411483.3.peg.1541.site.46, 47, 120, 167
411483.3.peg.1541.site.47, 0, 125, 125
411483.3.peg.1541.site.48, 5, 135, 140
411483.3.peg.1541.site.49, 3, 140, 143
411483.3.peg.1541.site.50, 136, 136, 272
411483.3.peg.1541.site.51, 1, 145, 146
411483.3.peg.1541.site.52, 3, 141, 144
411483.3.peg.1541.site.53, 5, 146, 151
411483.3.peg.1541.site.54, 5, 142, 147
411483.3.peg.623.site.1, 3, 108, 111
411483.3.peg.623.site.2, 92, 103, 195
411483.3.peg.623.site.3, 57, 105, 162
411483.3.peg.623.site.4, 9, 104, 113
411483.3.peg.623.site.5, 19, 117, 136
411483.3.peg.623.site.6, 1, 124, 125
411483.3.peg.623.site.7, 1, 125, 126
411483.3.peg.623.site.8, 1, 122, 123
411483.3.peg.623.site.9, 111, 126, 237
411483.3.peg.623.site.10, 8, 142, 150
411483.3.peg.623.site.11, 13, 139, 152
411483.3.peg.623.site.12, 29, 139, 168
411483.3.peg.623.site.13, 2, 150, 152
411483.3.peg.623.site.14, 132, 143, 275
411483.3.peg.623.site.15, 3, 151, 154
411483.3.peg.623.site.16, 1, 144, 145
411483.3.peg.623.site.17, 39, 136, 175
411483.3.peg.623.site.18, 107, 140, 247
411483.3.peg.623.site.19, 11, 141, 152
411483.3.peg.623.site.20, 12, 142, 154
411483.3.peg.623.site.21, 2, 139, 141
411483.3.peg.623.site.22, 0, 127, 127
411483.3.peg.623.site.23, 79, 113, 192
411483.3.peg.623.site.24, 112, 121, 233
411483.3.peg.623.site.25, 1, 104, 105
411483.3.peg.623.site.26, 1, 111, 112
411483.3.peg.623.site.27, 2, 107, 109
411483.3.peg.623.site.28, 1, 108, 109
411483.3.peg.623.site.29, 0, 100, 100
411483.3.peg.623.site.30, 0, 102, 102
411483.3.peg.623.site.31, 7, 104, 111
411483.3.peg.623.site.32, 1, 83, 84
411483.3.peg.623.site.33, 0, 63, 63
411483.3.peg.623.site.34, 1, 65, 66
411483.3.peg.623.site.35, 63, 66, 129
411483.3.peg.623.site.36, 1, 75, 76
411483.3.peg.623.site.37, 69, 78, 147
411483.3.peg.623.site.38, 1, 115, 116
411483.3.peg.623.site.39, 0, 129, 129
411483.3.peg.623.site.40, 0, 133, 133
411483.3.peg.623.site.41, 0, 142, 142
411483.3.peg.623.site.42, 1, 139, 140
411483.3.peg.623.site.43, 4, 145, 149
411483.3.peg.623.site.44, 2, 138, 140
411483.3.peg.623.site.45, 4, 148, 152
411483.3.peg.623.site.46, 5, 150, 155
411483.3.peg.623.site.47, 17, 144, 161
411483.3.peg.623.site.48, 0, 152, 152
411483.3.peg.623.site.49, 4, 149, 153
411483.3.peg.623.site.50, 14, 140, 154
411483.3.peg.623.site.51, 6, 151, 157
411483.3.peg.623.site.52, 84, 147, 231
411483.3.peg.623.site.53, 48, 143, 191
411483.3.peg.623.site.54, 1, 153, 154
411483.3.peg.623.site.55, 1, 151, 152
411483.3.peg.623.site.56, 0, 151, 151
411483.3.peg.623.site.57, 123, 146, 269
411483.3.peg.623.site.58, 0, 150, 150
411483.3.peg.623.site.59, 3, 150, 153
411483.3.peg.623.site.60, 21, 149, 170
411483.3.peg.623.site.61, 4, 151, 155
411483.3.peg.623.site.62, 4, 149, 153
411483.3.peg.623.site.63, 7, 150, 157
411483.3.peg.623.site.64, 1, 151, 152
411483.3.peg.623.site.65, 50, 138, 188
411483.3.peg.623.site.66, 1, 150, 151
411483.3.peg.623.site.67, 0, 145, 145
411483.3.peg.623.site.68, 7, 137, 144
411483.3.peg.623.site.69, 7, 128, 135
411483.3.peg.623.site.70, 4, 120, 124
411483.3.peg.623.site.71, 37, 99, 136
411483.3.peg.623.site.72, 6, 114, 120
411483.3.peg.623.site.73, 1, 120, 121
411483.3.peg.623.site.74, 76, 110, 186
411483.3.peg.623.site.75, 1, 111, 112
411483.3.peg.623.site.76, 55, 95, 150
411483.3.peg.623.site.77, 37, 73, 110
411483.3.peg.623.site.78, 2, 56, 58
411483.3.peg.623.site.79, 5, 58, 63
411483.3.peg.623.site.80, 2, 52, 54
411483.3.peg.623.site.81, 1, 48, 49
411483.3.peg.623.site.82, 4, 49, 53
411483.3.peg.623.site.83, 50, 55, 105
411483.3.peg.623.site.84, 4, 91, 95
411483.3.peg.623.site.85, 8, 100, 108
411483.3.peg.623.site.86, 23, 130, 153
411483.3.peg.623.site.87, 4, 141, 145
411483.3.peg.623.site.88, 45, 133, 178
411483.3.peg.623.site.89, 25, 143, 168
411483.3.peg.623.site.90, 44, 143, 187
411483.3.peg.623.site.91, 12, 147, 159
411483.3.peg.623.site.92, 7, 154, 161
411483.3.peg.623.site.93, 11, 143, 154
411483.3.peg.623.site.94, 14, 152, 166
411483.3.peg.623.site.95, 2, 148, 150
411483.3.peg.623.site.96, 0, 125, 125
411483.3.peg.623.site.97, 13, 117, 130
411483.3.peg.623.site.98, 0, 122, 122
411483.3.peg.623.site.99, 0, 131, 131
411483.3.peg.623.site.100, 4, 133, 137
411483.3.peg.623.site.101, 1, 125, 126
411483.3.peg.623.site.102, 118, 118, 236
411483.3.peg.623.site.103, 82, 108, 190
411483.3.peg.623.site.104, 5, 118, 123
411483.3.peg.623.site.105, 140, 143, 283
411483.3.peg.623.site.106, 7, 138, 145
411483.3.peg.623.site.107, 9, 145, 154
411483.3.peg.1531.site.1, 24, 135, 159
411483.3.peg.1531.site.2, 1, 126, 127
411483.3.peg.1531.site.3, 43, 116, 159
411483.3.peg.1531.site.4, 0, 131, 131
411483.3.peg.1531.site.5, 5, 130, 135
411483.3.peg.1531.site.6, 16, 120, 136
411483.3.peg.1531.site.7, 1, 125, 126
411483.3.peg.1531.site.8, 1, 123, 124
411483.3.peg.1531.site.9, 50, 115, 165
411483.3.peg.1531.site.10, 1, 119, 120
411483.3.peg.1531.site.11, 0, 122, 122
411483.3.peg.1531.site.12, 1, 121, 122
411483.3.peg.1531.site.13, 2, 127, 129
411483.3.peg.1531.site.14, 4, 116, 120
411483.3.peg.1531.site.15, 4, 114, 118
411483.3.peg.1531.site.16, 5, 115, 120
411483.3.peg.1531.site.17, 3, 114, 117
411483.3.peg.1531.site.18, 2, 122, 124
411483.3.peg.1531.site.19, 3, 125, 128
411483.3.peg.1531.site.20, 4, 113, 117
411483.3.peg.1531.site.21, 6, 105, 111
411483.3.peg.1531.site.22, 99, 99, 198
411483.3.peg.1531.site.23, 93, 93, 186
411483.3.peg.1531.site.24, 4, 96, 100
411483.3.peg.1531.site.25, 8, 93, 101
411483.3.peg.1531.site.26, 43, 93, 136
411483.3.peg.1531.site.27, 2, 105, 107
411483.3.peg.1531.site.28, 11, 109, 120
411483.3.peg.1531.site.29, 2, 116, 118
411483.3.peg.1531.site.30, 2, 105, 107
411483.3.peg.1531.site.31, 18, 120, 138
411483.3.peg.1531.site.32, 0, 137, 137
411483.3.peg.1531.site.33, 2, 139, 141
411483.3.peg.1531.site.34, 1, 142, 143
411483.3.peg.1531.site.35, 4, 138, 142
411483.3.peg.1531.site.36, 15, 136, 151
411483.3.peg.1531.site.37, 5, 138, 143
411483.3.peg.1531.site.38, 3, 141, 144
411483.3.peg.1531.site.39, 1, 138, 139
411483.3.peg.1531.site.40, 23, 140, 163
411483.3.peg.1531.site.41, 0, 144, 144
411483.3.peg.1531.site.42, 7, 142, 149
411483.3.peg.1531.site.43, 10, 145, 155
411483.3.peg.1531.site.44, 67, 127, 194
411483.3.peg.1531.site.45, 2, 147, 149
411483.3.peg.1531.site.46, 9, 144, 153
411483.3.peg.1531.site.47, 12, 143, 155
411483.3.peg.1531.site.48, 1, 143, 144
411483.3.peg.1531.site.49, 3, 143, 146
411483.3.peg.1531.site.50, 7, 113, 120
411483.3.peg.1531.site.51, 9, 126, 135
411483.3.peg.1531.site.52, 13, 97, 110
411483.3.peg.1531.site.53, 1, 105, 106
411483.3.peg.1531.site.54, 12, 93, 105
411483.3.peg.1531.site.55, 2, 102, 104
411483.3.peg.1531.site.56, 4, 104, 108
411483.3.peg.1531.site.57, 1, 117, 118
411483.3.peg.1531.site.58, 8, 122, 130
411483.3.peg.1531.site.59, 7, 128, 135
411483.3.peg.1531.site.60, 11, 133, 144
411483.3.peg.1531.site.61, 3, 136, 139
411483.3.peg.1531.site.62, 18, 135, 153
411483.3.peg.1531.site.63, 0, 133, 133
411483.3.peg.1531.site.64, 10, 125, 135
411483.3.peg.1531.site.65, 11, 126, 137
411483.3.peg.1531.site.66, 1, 112, 113
411483.3.peg.1531.site.67, 4, 102, 106
411483.3.peg.628.site.1, 1, 122, 123
411483.3.peg.628.site.2, 42, 114, 156
411483.3.peg.628.site.3, 63, 116, 179
411483.3.peg.628.site.4, 46, 116, 162
411483.3.peg.628.site.5, 6, 127, 133
411483.3.peg.628.site.6, 1, 124, 125
411483.3.peg.628.site.7, 2, 125, 127
411483.3.peg.628.site.8, 10, 120, 130
411483.3.peg.628.site.9, 4, 113, 117
411483.3.peg.628.site.10, 2, 117, 119
411483.3.peg.628.site.11, 3, 128, 131
411483.3.peg.628.site.12, 27, 118, 145
411483.3.peg.628.site.13, 33, 116, 149
411483.3.peg.628.site.14, 51, 117, 168
411483.3.peg.628.site.15, 0, 123, 123
411483.3.peg.628.site.16, 1, 117, 118
411483.3.peg.628.site.17, 53, 111, 164
411483.3.peg.628.site.18, 1, 112, 113
411483.3.peg.628.site.19, 14, 111, 125
411483.3.peg.628.site.20, 19, 114, 133
411483.3.peg.628.site.21, 0, 119, 119
411483.3.peg.628.site.22, 8, 118, 126
411483.3.peg.628.site.23, 29, 108, 137
411483.3.peg.628.site.24, 18, 126, 144
411483.3.peg.628.site.25, 2, 131, 133
411483.3.peg.628.site.26, 10, 129, 139
411483.3.peg.628.site.27, 2, 135, 137
411483.3.peg.628.site.28, 46, 130, 176
411483.3.peg.628.site.29, 10, 137, 147
411483.3.peg.628.site.30, 141, 141, 282
411483.3.peg.628.site.31, 0, 139, 139
411483.3.peg.628.site.32, 63, 132, 195
411483.3.peg.628.site.33, 1, 141, 142
411483.3.peg.628.site.34, 36, 95, 131
411483.3.peg.628.site.35, 86, 103, 189
411483.3.peg.628.site.36, 20, 108, 128
411483.3.peg.628.site.37, 9, 101, 110
411483.3.peg.628.site.38, 11, 98, 109
411483.3.peg.628.site.39, 2, 97, 99
411483.3.peg.628.site.40, 51, 114, 165
411483.3.peg.628.site.41, 11, 130, 141
411483.3.peg.628.site.42, 9, 139, 148
411483.3.peg.628.site.43, 0, 146, 146
411483.3.peg.628.site.44, 75, 141, 216
411483.3.peg.628.site.45, 0, 153, 153
411483.3.peg.629.site.1, 5, 151, 156
411483.3.peg.629.site.2, 25, 144, 169
411483.3.peg.629.site.3, 152, 152, 304
411483.3.peg.629.site.4, 7, 144, 151
411483.3.peg.629.site.5, 21, 145, 166
411483.3.peg.629.site.6, 68, 144, 212
411483.3.peg.629.site.7, 27, 145, 172
411483.3.peg.629.site.8, 1, 153, 154
411483.3.peg.629.site.9, 83, 144, 227
411483.3.peg.629.site.10, 2, 152, 154
411483.3.peg.629.site.11, 54, 141, 195
411483.3.peg.629.site.12, 1, 154, 155
411483.3.peg.629.site.13, 2, 153, 155
411483.3.peg.629.site.14, 4, 153, 157
411483.3.peg.629.site.15, 1, 151, 152
411483.3.peg.629.site.16, 138, 151, 289
411483.3.peg.629.site.17, 12, 147, 159
411483.3.peg.629.site.18, 1, 147, 148
411483.3.peg.629.site.19, 123, 139, 262
411483.3.peg.629.site.20, 13, 138, 151
411483.3.peg.629.site.21, 18, 135, 153
411483.3.peg.629.site.22, 101, 129, 230
411483.3.peg.629.site.23, 6, 125, 131
411483.3.peg.629.site.24, 0, 122, 122
411483.3.peg.629.site.25, 0, 130, 130
411483.3.peg.629.site.26, 2, 130, 132
411483.3.peg.629.site.27, 3, 126, 129
411483.3.peg.629.site.28, 2, 132, 134
411483.3.peg.629.site.29, 111, 128, 239
411483.3.peg.629.site.30, 7, 122, 129
411483.3.peg.629.site.31, 20, 125, 145
411483.3.peg.629.site.32, 4, 126, 130
411483.3.peg.629.site.33, 71, 120, 191
411483.3.peg.629.site.34, 1, 125, 126
411483.3.peg.629.site.35, 77, 123, 200
411483.3.peg.629.site.36, 1, 130, 131
411483.3.peg.629.site.37, 1, 132, 133
411483.3.peg.629.site.38, 30, 128, 158
411483.3.peg.629.site.39, 4, 135, 139
411483.3.peg.629.site.40, 71, 127, 198
411483.3.peg.629.site.41, 0, 143, 143
411483.3.peg.629.site.42, 1, 148, 149
411483.3.peg.629.site.43, 20, 138, 158
411483.3.peg.629.site.44, 0, 147, 147
411483.3.peg.629.site.45, 18, 127, 145
411483.3.peg.629.site.46, 1, 133, 134
411483.3.peg.629.site.47, 3, 134, 137
411483.3.peg.629.site.48, 4, 121, 125
411483.3.peg.629.site.49, 4, 120, 124
411483.3.peg.629.site.50, 0, 127, 127
411483.3.peg.629.site.51, 38, 116, 154
411483.3.peg.629.site.52, 4, 116, 120
411483.3.peg.629.site.53, 23, 108, 131
411483.3.peg.629.site.54, 16, 110, 126
411483.3.peg.629.site.55, 76, 96, 172
411483.3.peg.629.site.56, 1, 106, 107
411483.3.peg.629.site.57, 83, 101, 184
411483.3.peg.629.site.58, 5, 97, 102
411483.3.peg.629.site.59, 55, 74, 129
411483.3.peg.629.site.60, 62, 87, 149
411483.3.peg.629.site.61, 15, 100, 115
411483.3.peg.629.site.62, 1, 110, 111
411483.3.peg.629.site.63, 47, 111, 158
411483.3.peg.629.site.64, 1, 136, 137
411483.3.peg.629.site.65, 0, 147, 147
411483.3.peg.629.site.66, 1, 151, 152
411483.3.peg.629.site.67, 10, 148, 158
411483.3.peg.629.site.68, 16, 137, 153
411483.3.peg.629.site.69, 5, 147, 152
411483.3.peg.629.site.70, 33, 141, 174
411483.3.peg.629.site.71, 12, 146, 158
411483.3.peg.629.site.72, 1, 150, 151
411483.3.peg.629.site.73, 0, 150, 150
411483.3.peg.629.site.74, 3, 152, 155
411483.3.peg.629.site.75, 0, 147, 147
411483.3.peg.629.site.76, 4, 146, 150
411483.3.peg.629.site.77, 7, 142, 149
411483.3.peg.629.site.78, 1, 150, 151
411483.3.peg.629.site.79, 0, 144, 144
411483.3.peg.629.site.80, 1, 147, 148
411483.3.peg.629.site.81, 9, 139, 148
411483.3.peg.629.site.82, 1, 142, 143
411483.3.peg.629.site.83, 37, 126, 163
411483.3.peg.629.site.84, 56, 131, 187
411483.3.peg.629.site.85, 122, 138, 260
411483.3.peg.629.site.86, 1, 142, 143
411483.3.peg.629.site.87, 0, 144, 144
411483.3.peg.629.site.88, 1, 144, 145
411483.3.peg.629.site.89, 13, 143, 156
411483.3.peg.629.site.90, 5, 139, 144
411483.3.peg.629.site.91, 1, 139, 140
411483.3.peg.629.site.92, 76, 111, 187
411483.3.peg.629.site.93, 5, 119, 124
411483.3.peg.629.site.94, 54, 116, 170
411483.3.peg.629.site.95, 4, 120, 124
411483.3.peg.629.site.96, 0, 130, 130
411483.3.peg.629.site.97, 3, 136, 139
411483.3.peg.629.site.98, 112, 137, 249
411483.3.peg.629.site.99, 88, 122, 210
411483.3.peg.629.site.100, 1, 139, 140
411483.3.peg.629.site.101, 2, 128, 130
411483.3.peg.629.site.102, 0, 114, 114
411483.3.peg.629.site.103, 3, 122, 125
411483.3.peg.629.site.104, 1, 113, 114
411483.3.peg.629.site.105, 5, 100, 105
411483.3.peg.629.site.106, 2, 125, 127
411483.3.peg.629.site.107, 1, 135, 136
411483.3.peg.629.site.108, 123, 145, 268
411483.3.peg.629.site.109, 4, 143, 147
411483.3.peg.629.site.110, 9, 131, 140
411483.3.peg.629.site.111, 1, 138, 139
411483.3.peg.629.site.112, 5, 132, 137
411483.3.peg.629.site.113, 2, 136, 138
411483.3.peg.629.site.114, 4, 128, 132
411483.3.peg.629.site.115, 1, 130, 131
411483.3.peg.629.site.116, 2, 118, 120
411483.3.peg.629.site.117, 2, 126, 128
411483.3.peg.629.site.118, 93, 120, 213
411483.3.peg.629.site.119, 33, 123, 156
411483.3.peg.629.site.120, 4, 130, 134
411483.3.peg.629.site.121, 30, 130, 160
411483.3.peg.629.site.122, 103, 128, 231
411483.3.peg.629.site.123, 0, 146, 146
411483.3.peg.629.site.124, 57, 144, 201
411483.3.peg.629.site.125, 1, 153, 154
411483.3.peg.629.site.126, 1, 154, 155
411483.3.peg.629.site.127, 1, 155, 156
411483.3.peg.629.site.128, 1, 155, 156
411483.3.peg.629.site.129, 1, 155, 156
411483.3.peg.629.site.130, 5, 152, 157
411483.3.peg.629.site.131, 6, 149, 155
411483.3.peg.629.site.132, 16, 146, 162
411483.3.peg.629.site.133, 1, 151, 152
411483.3.peg.629.site.134, 31, 142, 173
411483.3.peg.629.site.135, 15, 151, 166
411483.3.peg.629.site.136, 4, 150, 154
411483.3.peg.629.site.137, 0, 149, 149
411483.3.peg.629.site.138, 14, 149, 163
411483.3.peg.629.site.139, 3, 147, 150
411483.3.peg.629.site.140, 9, 140, 149
411483.3.peg.629.site.141, 2, 143, 145
411483.3.peg.629.site.142, 35, 139, 174
411483.3.peg.629.site.143, 27, 138, 165
411483.3.peg.629.site.144, 47, 137, 184
411483.3.peg.629.site.145, 1, 153, 154
411483.3.peg.629.site.146, 0, 154, 154
411483.3.peg.629.site.147, 25, 142, 167
411483.3.peg.629.site.148, 3, 150, 153
411483.3.peg.629.site.149, 20, 148, 168
411483.3.peg.629.site.150, 5, 155, 160
411483.3.peg.629.site.151, 106, 143, 249
411483.3.peg.629.site.152, 4, 152, 156
411483.3.peg.629.site.153, 10, 154, 164
411483.3.peg.629.site.154, 4, 155, 159
411483.3.peg.629.site.155, 2, 154, 156
411483.3.peg.629.site.156, 5, 153, 158
411483.3.peg.629.site.157, 56, 146, 202
411483.3.peg.629.site.158, 1, 154, 155
411483.3.peg.629.site.159, 12, 151, 163
411483.3.peg.629.site.160, 1, 155, 156
411483.3.peg.629.site.161, 41, 146, 187
411483.3.peg.629.site.162, 1, 154, 155
411483.3.peg.629.site.163, 1, 154, 155
411483.3.peg.629.site.164, 1, 154, 155
411483.3.peg.629.site.165, 71, 135, 206
411483.3.peg.629.site.166, 4, 142, 146
411483.3.peg.629.site.167, 26, 129, 155
411483.3.peg.629.site.168, 2, 136, 138
411483.3.peg.629.site.169, 1, 123, 124
411483.3.peg.629.site.170, 59, 95, 154
411483.3.peg.629.site.171, 35, 89, 124
411483.3.peg.629.site.172, 48, 69, 117
411483.3.peg.629.site.173, 1, 23, 24
411483.3.peg.629.site.174, 1, 57, 58
411483.3.peg.629.site.175, 0, 77, 77
411483.3.peg.629.site.176, 73, 92, 165
411483.3.peg.629.site.177, 0, 106, 106
411483.3.peg.629.site.178, 0, 141, 141
411483.3.peg.629.site.179, 6, 145, 151
411483.3.peg.629.site.180, 127, 143, 270
411483.3.peg.629.site.181, 1, 147, 148
411483.3.peg.629.site.182, 2, 150, 152
411483.3.peg.629.site.183, 4, 146, 150
411483.3.peg.629.site.184, 7, 152, 159
411483.3.peg.629.site.185, 1, 151, 152
411483.3.peg.629.site.186, 1, 150, 151
411483.3.peg.629.site.187, 7, 149, 156
411483.3.peg.629.site.188, 13, 150, 163
411483.3.peg.629.site.189, 1, 150, 151
411483.3.peg.629.site.190, 1, 147, 148
411483.3.peg.629.site.191, 1, 145, 146
411483.3.peg.629.site.192, 1, 143, 144
411483.3.peg.629.site.193, 2, 144, 146
411483.3.peg.629.site.194, 0, 147, 147
411483.3.peg.629.site.195, 4, 142, 146
411483.3.peg.629.site.196, 3, 147, 150
411483.3.peg.629.site.197, 6, 149, 155
411483.3.peg.629.site.198, 1, 153, 154
411483.3.peg.1548.site.1, 0, 154, 154
411483.3.peg.1548.site.2, 2, 153, 155
411483.3.peg.1548.site.3, 2, 153, 155
411483.3.peg.1548.site.4, 14, 149, 163
411483.3.peg.1548.site.5, 9, 151, 160
411483.3.peg.1548.site.6, 22, 151, 173
411483.3.peg.1548.site.7, 131, 144, 275
411483.3.peg.1548.site.8, 3, 151, 154
411483.3.peg.1548.site.9, 0, 153, 153
411483.3.peg.1548.site.10, 33, 144, 177
411483.3.peg.1548.site.11, 1, 148, 149
411483.3.peg.1548.site.12, 8, 150, 158
411483.3.peg.1548.site.13, 1, 151, 152
411483.3.peg.1548.site.14, 50, 146, 196
411483.3.peg.1548.site.15, 5, 153, 158
411483.3.peg.1548.site.16, 1, 154, 155
411483.3.peg.1548.site.17, 7, 151, 158
411483.3.peg.1548.site.18, 24, 148, 172
411483.3.peg.1548.site.19, 3, 148, 151
411483.3.peg.1548.site.20, 4, 145, 149
411483.3.peg.1548.site.21, 1, 138, 139
411483.3.peg.1548.site.22, 90, 137, 227
411483.3.peg.1548.site.23, 15, 141, 156
411483.3.peg.1548.site.24, 13, 149, 162
411483.3.peg.538.site.1, 57, 124, 181
411483.3.peg.538.site.2, 1, 149, 150
411483.3.peg.538.site.3, 18, 148, 166
411483.3.peg.538.site.4, 4, 149, 153
411483.3.peg.538.site.5, 9, 151, 160
411483.3.peg.538.site.6, 2, 149, 151
411483.3.peg.538.site.7, 3, 152, 155
411483.3.peg.538.site.8, 7, 147, 154
411483.3.peg.538.site.9, 6, 151, 157
411483.3.peg.538.site.10, 2, 153, 155
411483.3.peg.538.site.11, 89, 141, 230
411483.3.peg.538.site.12, 0, 150, 150
411483.3.peg.538.site.13, 4, 151, 155
411483.3.peg.538.site.14, 4, 150, 154
411483.3.peg.538.site.15, 3, 151, 154
411483.3.peg.538.site.16, 1, 151, 152
411483.3.peg.538.site.17, 2, 149, 151
411483.3.peg.538.site.18, 4, 153, 157
411483.3.peg.538.site.19, 6, 148, 154
411483.3.peg.538.site.20, 1, 146, 147
411483.3.peg.538.site.21, 4, 155, 159
411483.3.peg.538.site.22, 2, 155, 157
411483.3.peg.538.site.23, 51, 148, 199
411483.3.peg.538.site.24, 6, 154, 160
411483.3.peg.538.site.25, 4, 154, 158
411483.3.peg.538.site.26, 3, 152, 155
411483.3.peg.538.site.27, 2, 155, 157
411483.3.peg.538.site.28, 1, 154, 155
411483.3.peg.538.site.29, 2, 154, 156
411483.3.peg.538.site.30, 0, 153, 153
411483.3.peg.538.site.31, 3, 154, 157
411483.3.peg.538.site.32, 11, 152, 163
411483.3.peg.538.site.33, 1, 155, 156
411483.3.peg.538.site.34, 2, 154, 156
411483.3.peg.538.site.35, 0, 154, 154
411483.3.peg.538.site.36, 4, 154, 158
411483.3.peg.538.site.37, 0, 155, 155
411483.3.peg.538.site.38, 2, 151, 153
411483.3.peg.538.site.39, 1, 136, 137
411483.3.peg.538.site.40, 2, 135, 137
411483.3.peg.538.site.41, 10, 132, 142
411483.3.peg.538.site.42, 3, 144, 147
411483.3.peg.538.site.43, 18, 139, 157
411483.3.peg.538.site.44, 23, 143, 166
411483.3.peg.538.site.45, 0, 154, 154
411483.3.peg.538.site.46, 0, 152, 152
411483.3.peg.538.site.47, 1, 154, 155
411483.3.peg.538.site.48, 93, 149, 242
411483.3.peg.538.site.49, 1, 154, 155
411483.3.peg.538.site.50, 3, 154, 157
411483.3.peg.538.site.51, 145, 148, 293
411483.3.peg.538.site.52, 8, 151, 159
411483.3.peg.538.site.53, 13, 151, 164
411483.3.peg.538.site.54, 1, 148, 149
411483.3.peg.538.site.55, 4, 143, 147
411483.3.peg.538.site.56, 1, 146, 147
411483.3.peg.538.site.57, 1, 143, 144
411483.3.peg.538.site.58, 1, 138, 139
411483.3.peg.538.site.59, 24, 133, 157
411483.3.peg.538.site.60, 15, 138, 153
411483.3.peg.538.site.61, 1, 153, 154
411483.3.peg.538.site.62, 1, 153, 154
411483.3.peg.538.site.63, 10, 151, 161
411483.3.peg.538.site.64, 5, 155, 160
411483.3.peg.538.site.65, 2, 154, 156
411483.3.peg.538.site.66, 3, 155, 158
411483.3.peg.538.site.67, 101, 145, 246
411483.3.peg.538.site.68, 8, 153, 161
411483.3.peg.538.site.69, 0, 153, 153
411483.3.peg.538.site.70, 1, 154, 155
411483.3.peg.538.site.71, 16, 150, 166
411483.3.peg.539.site.1, 3, 129, 132
411483.3.peg.539.site.2, 8, 122, 130
411483.3.peg.539.site.3, 4, 128, 132
411483.3.peg.539.site.4, 123, 130, 253
411483.3.peg.539.site.5, 0, 132, 132
411483.3.peg.539.site.6, 1, 139, 140
411483.3.peg.539.site.7, 3, 132, 135
411483.3.peg.539.site.8, 6, 137, 143
411483.3.peg.539.site.9, 6, 145, 151
411483.3.peg.539.site.10, 9, 145, 154
411483.3.peg.539.site.11, 1, 151, 152
411483.3.peg.539.site.12, 4, 152, 156
411483.3.peg.539.site.13, 4, 152, 156
411483.3.peg.539.site.14, 7, 150, 157
411483.3.peg.539.site.15, 1, 152, 153
411483.3.peg.539.site.16, 10, 152, 162
411483.3.peg.539.site.17, 8, 153, 161
411483.3.peg.539.site.18, 1, 152, 153
411483.3.peg.539.site.19, 9, 142, 151
411483.3.peg.539.site.20, 1, 137, 138
411483.3.peg.539.site.21, 5, 139, 144
411483.3.peg.539.site.22, 1, 137, 138
411483.3.peg.539.site.23, 5, 121, 126
411483.3.peg.284.site.1, 20, 151, 171
411483.3.peg.284.site.2, 3, 154, 157
411483.3.peg.284.site.3, 1, 152, 153
411483.3.peg.284.site.4, 39, 140, 179
411483.3.peg.284.site.5, 3, 150, 153
411483.3.peg.284.site.6, 138, 150, 288
411483.3.peg.284.site.7, 23, 146, 169
411483.3.peg.284.site.8, 9, 148, 157
411483.3.peg.284.site.9, 2, 151, 153
411483.3.peg.284.site.10, 4, 151, 155
411483.3.peg.284.site.11, 0, 148, 148
411483.3.peg.284.site.12, 0, 150, 150
411483.3.peg.284.site.13, 6, 145, 151
411483.3.peg.284.site.14, 3, 143, 146
411483.3.peg.284.site.15, 2, 143, 145
411483.3.peg.284.site.16, 3, 137, 140
411483.3.peg.284.site.17, 7, 56, 63
411483.3.peg.284.site.18, 0, 53, 53
411483.3.peg.284.site.19, 15, 37, 52
411483.3.peg.284.site.20, 3, 37, 40
411483.3.peg.284.site.21, 1, 38, 39
411483.3.peg.284.site.22, 21, 28, 49
411483.3.peg.284.site.23, 23, 32, 55
411483.3.peg.284.site.24, 2, 52, 54
411483.3.peg.284.site.25, 13, 48, 61
411483.3.peg.284.site.26, 3, 48, 51
411483.3.peg.284.site.27, 2, 42, 44
411483.3.peg.284.site.28, 27, 39, 66
411483.3.peg.284.site.29, 5, 30, 35
411483.3.peg.284.site.30, 14, 23, 37
411483.3.peg.284.site.31, 0, 38, 38
411483.3.peg.284.site.32, 10, 47, 57
411483.3.peg.284.site.33, 5, 87, 92
411483.3.peg.284.site.34, 3, 98, 101
411483.3.peg.284.site.35, 0, 105, 105
411483.3.peg.284.site.36, 3, 109, 112
411483.3.peg.284.site.37, 9, 109, 118
411483.3.peg.284.site.38, 5, 119, 124
411483.3.peg.284.site.39, 1, 115, 116
411483.3.peg.284.site.40, 34, 106, 140
411483.3.peg.284.site.41, 1, 125, 126
411483.3.peg.284.site.42, 70, 130, 200
411483.3.peg.284.site.43, 3, 142, 145
411483.3.peg.284.site.44, 1, 144, 145
411483.3.peg.284.site.45, 3, 142, 145
411483.3.peg.284.site.46, 4, 146, 150
411483.3.peg.284.site.47, 5, 146, 151
411483.3.peg.284.site.48, 11, 145, 156
411483.3.peg.284.site.49, 0, 142, 142
411483.3.peg.284.site.50, 2, 141, 143
411483.3.peg.284.site.51, 0, 147, 147
411483.3.peg.284.site.52, 2, 149, 151
411483.3.peg.284.site.53, 2, 142, 144
411483.3.peg.284.site.54, 4, 139, 143
411483.3.peg.284.site.55, 4, 134, 138
411483.3.peg.284.site.56, 19, 122, 141
411483.3.peg.284.site.57, 1, 126, 127
411483.3.peg.284.site.58, 1, 124, 125
411483.3.peg.284.site.59, 3, 130, 133
411483.3.peg.284.site.60, 2, 130, 132
411483.3.peg.284.site.61, 6, 133, 139
411483.3.peg.284.site.62, 0, 130, 130
411483.3.peg.284.site.63, 1, 134, 135
411483.3.peg.284.site.64, 72, 128, 200
411483.3.peg.284.site.65, 6, 125, 131
411483.3.peg.284.site.66, 0, 125, 125
411483.3.peg.284.site.67, 8, 125, 133
411483.3.peg.284.site.68, 46, 121, 167
411483.3.peg.284.site.69, 95, 120, 215
411483.3.peg.284.site.70, 7, 129, 136
411483.3.peg.284.site.71, 1, 133, 134
411483.3.peg.284.site.72, 19, 142, 161
411483.3.peg.284.site.73, 9, 135, 144
411483.3.peg.284.site.74, 6, 133, 139
411483.3.peg.284.site.75, 5, 134, 139
411483.3.peg.284.site.76, 0, 134, 134
411483.3.peg.284.site.77, 7, 126, 133
411483.3.peg.284.site.78, 108, 114, 222
411483.3.peg.284.site.79, 11, 123, 134
411483.3.peg.284.site.80, 1, 127, 128
411483.3.peg.284.site.81, 0, 131, 131
411483.3.peg.284.site.82, 0, 142, 142
411483.3.peg.284.site.83, 2, 139, 141
411483.3.peg.284.site.84, 23, 138, 161
411483.3.peg.284.site.85, 1, 149, 150
411483.3.peg.284.site.86, 2, 152, 154
411483.3.peg.284.site.87, 4, 149, 153
411483.3.peg.284.site.88, 2, 149, 151
411483.3.peg.284.site.89, 2, 149, 151
411483.3.peg.284.site.90, 6, 141, 147
411483.3.peg.284.site.91, 1, 140, 141
411483.3.peg.284.site.92, 93, 132, 225
411483.3.peg.284.site.93, 1, 142, 143
411483.3.peg.284.site.94, 19, 136, 155
411483.3.peg.284.site.95, 2, 145, 147
411483.3.peg.284.site.96, 26, 141, 167
411483.3.peg.284.site.97, 1, 153, 154
411483.3.peg.284.site.98, 1, 153, 154
411483.3.peg.284.site.99, 3, 154, 157
411483.3.peg.284.site.100, 61, 144, 205
411483.3.peg.284.site.101, 1, 146, 147
411483.3.peg.284.site.102, 4, 144, 148
411483.3.peg.284.site.103, 85, 135, 220
411483.3.peg.284.site.104, 8, 142, 150
411483.3.peg.284.site.105, 61, 132, 193
411483.3.peg.284.site.106, 1, 137, 138
411483.3.peg.284.site.107, 23, 133, 156
411483.3.peg.284.site.108, 3, 144, 147
411483.3.peg.284.site.109, 19, 141, 160
411483.3.peg.284.site.110, 9, 151, 160
411483.3.peg.284.site.111, 2, 154, 156
411483.3.peg.284.site.112, 116, 145, 261
411483.3.peg.284.site.113, 0, 154, 154
411483.3.peg.284.site.114, 1, 154, 155
411483.3.peg.284.site.115, 2, 153, 155
411483.3.peg.284.site.116, 4, 153, 157
411483.3.peg.284.site.117, 30, 148, 178
411483.3.peg.284.site.118, 49, 148, 197
411483.3.peg.284.site.119, 21, 147, 168
411483.3.peg.284.site.120, 1, 155, 156
411483.3.peg.284.site.121, 5, 153, 158
411483.3.peg.284.site.122, 3, 155, 158
411483.3.peg.284.site.123, 2, 150, 152
411483.3.peg.284.site.124, 2, 153, 155
411483.3.peg.284.site.125, 3, 148, 151
411483.3.peg.284.site.126, 1, 149, 150
411483.3.peg.284.site.127, 24, 87, 111
411483.3.peg.284.site.128, 2, 74, 76
411483.3.peg.284.site.129, 2, 72, 74
411483.3.peg.284.site.130, 1, 59, 60
411483.3.peg.284.site.131, 8, 49, 57
411483.3.peg.284.site.132, 24, 35, 59
411483.3.peg.284.site.133, 23, 34, 57
411483.3.peg.284.site.134, 0, 36, 36
411483.3.peg.284.site.135, 1, 35, 36
411483.3.peg.284.site.136, 0, 29, 29
411483.3.peg.284.site.137, 0, 38, 38
411483.3.peg.284.site.138, 0, 33, 33
411483.3.peg.284.site.139, 1, 59, 60
411483.3.peg.284.site.140, 0, 63, 63
411483.3.peg.284.site.141, 34, 40, 74
411483.3.peg.284.site.142, 5, 34, 39
411483.3.peg.284.site.143, 3, 30, 33
411483.3.peg.284.site.144, 2, 40, 42
411483.3.peg.284.site.145, 0, 44, 44
411483.3.peg.284.site.146, 5, 49, 54
411483.3.peg.284.site.147, 3, 66, 69
411483.3.peg.284.site.148, 28, 66, 94
411483.3.peg.284.site.149, 12, 77, 89
411483.3.peg.284.site.150, 1, 86, 87
411483.3.peg.284.site.151, 1, 110, 111
411483.3.peg.284.site.152, 4, 110, 114
411483.3.peg.284.site.153, 6, 110, 116
411483.3.peg.284.site.154, 2, 125, 127
411483.3.peg.284.site.155, 1, 130, 131
411483.3.peg.284.site.156, 2, 130, 132
411483.3.peg.284.site.157, 1, 121, 122
411483.3.peg.284.site.158, 2, 125, 127
411483.3.peg.284.site.159, 0, 127, 127
411483.3.peg.284.site.160, 7, 124, 131
411483.3.peg.284.site.161, 0, 121, 121
411483.3.peg.284.site.162, 16, 105, 121
411483.3.peg.284.site.163, 3, 103, 106
411483.3.peg.284.site.164, 0, 76, 76
411483.3.peg.284.site.165, 2, 49, 51
411483.3.peg.284.site.166, 8, 29, 37
411483.3.peg.284.site.167, 27, 29, 56
411483.3.peg.284.site.168, 6, 36, 42
411483.3.peg.284.site.169, 53, 53, 106
411483.3.peg.284.site.170, 1, 48, 49
411483.3.peg.284.site.171, 5, 62, 67
411483.3.peg.284.site.172, 4, 79, 83
411483.3.peg.284.site.173, 6, 88, 94
411483.3.peg.284.site.174, 0, 84, 84
411483.3.peg.284.site.175, 77, 77, 154
411483.3.peg.284.site.176, 4, 86, 90
411483.3.peg.284.site.177, 1, 104, 105
411483.3.peg.284.site.178, 1, 108, 109
411483.3.peg.284.site.179, 3, 115, 118
411483.3.peg.284.site.180, 16, 125, 141
411483.3.peg.284.site.181, 1, 127, 128
411483.3.peg.284.site.182, 7, 118, 125
411483.3.peg.284.site.183, 0, 134, 134
411483.3.peg.284.site.184, 4, 141, 145
411483.3.peg.284.site.185, 0, 146, 146
411483.3.peg.284.site.186, 9, 140, 149
411483.3.peg.284.site.187, 8, 139, 147
411483.3.peg.284.site.188, 1, 148, 149
411483.3.peg.284.site.189, 1, 150, 151
411483.3.peg.284.site.190, 0, 146, 146
411483.3.peg.284.site.191, 75, 135, 210
411483.3.peg.284.site.192, 0, 153, 153
411483.3.peg.284.site.193, 0, 153, 153
411483.3.peg.284.site.194, 0, 154, 154
411483.3.peg.284.site.195, 0, 154, 154
411483.3.peg.284.site.196, 3, 153, 156
411483.3.peg.284.site.197, 78, 142, 220
411483.3.peg.284.site.198, 1, 151, 152
411483.3.peg.284.site.199, 2, 151, 153
411483.3.peg.284.site.200, 0, 145, 145
411483.3.peg.284.site.201, 0, 145, 145
411483.3.peg.284.site.202, 2, 142, 144
411483.3.peg.284.site.203, 12, 130, 142
411483.3.peg.284.site.204, 0, 132, 132
411483.3.peg.284.site.205, 0, 125, 125
411483.3.peg.284.site.206, 6, 128, 134
411483.3.peg.284.site.207, 2, 125, 127
411483.3.peg.284.site.208, 0, 117, 117
411483.3.peg.284.site.209, 0, 130, 130
411483.3.peg.284.site.210, 1, 131, 132
411483.3.peg.284.site.211, 1, 137, 138
411483.3.peg.284.site.212, 1, 136, 137
411483.3.peg.284.site.213, 2, 138, 140
411483.3.peg.284.site.214, 1, 144, 145
411483.3.peg.284.site.215, 1, 144, 145
411483.3.peg.284.site.216, 0, 145, 145
411483.3.peg.284.site.217, 3, 145, 148
411483.3.peg.284.site.218, 3, 146, 149
411483.3.peg.829.site.1, 14, 14, 28
411483.3.peg.829.site.2, 4, 131, 135
411483.3.peg.829.site.3, 24, 133, 157
411483.3.peg.829.site.4, 30, 134, 164
411483.3.peg.829.site.5, 3, 137, 140
411483.3.peg.829.site.6, 3, 146, 149
411483.3.peg.829.site.7, 146, 146, 292
411483.3.peg.829.site.8, 1, 141, 142
411483.3.peg.829.site.9, 70, 110, 180
411483.3.peg.829.site.10, 21, 115, 136
411483.3.peg.829.site.11, 1, 124, 125
411483.3.peg.829.site.12, 7, 128, 135
411483.3.peg.829.site.13, 1, 132, 133
411483.3.peg.829.site.14, 52, 116, 168
411483.3.peg.829.site.15, 7, 131, 138
411483.3.peg.829.site.16, 66, 127, 193
411483.3.peg.829.site.17, 11, 140, 151
411483.3.peg.829.site.18, 2, 144, 146
411483.3.peg.829.site.19, 38, 135, 173
411483.3.peg.829.site.20, 30, 146, 176
411483.3.peg.829.site.21, 58, 134, 192
411483.3.peg.829.site.22, 0, 152, 152
411483.3.peg.829.site.23, 4, 151, 155
411483.3.peg.829.site.24, 2, 150, 152
411483.3.peg.829.site.25, 7, 145, 152
411483.3.peg.829.site.26, 1, 152, 153
411483.3.peg.829.site.27, 133, 146, 279
411483.3.peg.829.site.28, 1, 151, 152
411483.3.peg.829.site.29, 51, 138, 189
411483.3.peg.829.site.30, 57, 140, 197
411483.3.peg.829.site.31, 5, 152, 157
411483.3.peg.829.site.32, 10, 149, 159
411483.3.peg.829.site.33, 76, 134, 210
411483.3.peg.829.site.34, 117, 140, 257
411483.3.peg.829.site.35, 2, 135, 137
411483.3.peg.829.site.36, 72, 124, 196
411483.3.peg.829.site.37, 4, 126, 130
411483.3.peg.829.site.38, 3, 143, 146
411483.3.peg.829.site.39, 4, 139, 143
411483.3.peg.829.site.40, 7, 135, 142
411483.3.peg.829.site.41, 0, 137, 137
411483.3.peg.829.site.42, 1, 133, 134
411483.3.peg.829.site.43, 0, 127, 127
411483.3.peg.829.site.44, 4, 124, 128
411483.3.peg.829.site.45, 41, 125, 166
411483.3.peg.829.site.46, 0, 119, 119
411483.3.peg.829.site.47, 3, 105, 108
411483.3.peg.829.site.48, 13, 86, 99
411483.3.peg.829.site.49, 1, 93, 94
411483.3.peg.829.site.50, 3, 92, 95
411483.3.peg.829.site.51, 2, 104, 106
411483.3.peg.829.site.52, 6, 100, 106
411483.3.peg.829.site.53, 4, 118, 122
411483.3.peg.829.site.54, 5, 123, 128
411483.3.peg.829.site.55, 3, 126, 129
411483.3.peg.829.site.56, 2, 125, 127
411483.3.peg.829.site.57, 2, 145, 147
411483.3.peg.829.site.58, 1, 149, 150
411483.3.peg.829.site.59, 2, 151, 153
411483.3.peg.829.site.60, 67, 142, 209
411483.3.peg.829.site.61, 1, 152, 153
411483.3.peg.829.site.62, 59, 147, 206
411483.3.peg.829.site.63, 3, 146, 149
411483.3.peg.829.site.64, 1, 148, 149
411483.3.peg.829.site.65, 3, 149, 152
411483.3.peg.829.site.66, 4, 141, 145
411483.3.peg.829.site.67, 5, 148, 153
411483.3.peg.829.site.68, 0, 142, 142
411483.3.peg.829.site.69, 0, 141, 141
411483.3.peg.829.site.70, 1, 148, 149
411483.3.peg.829.site.71, 16, 146, 162
411483.3.peg.829.site.72, 2, 150, 152
411483.3.peg.829.site.73, 2, 155, 157
411483.3.peg.829.site.74, 10, 152, 162
411483.3.peg.829.site.75, 1, 154, 155
411483.3.peg.829.site.76, 12, 151, 163
411483.3.peg.829.site.77, 112, 146, 258
411483.3.peg.829.site.78, 0, 151, 151
411483.3.peg.829.site.79, 27, 142, 169
411483.3.peg.829.site.80, 42, 143, 185
411483.3.peg.829.site.81, 6, 150, 156
411483.3.peg.829.site.82, 7, 150, 157
411483.3.peg.829.site.83, 4, 152, 156
411483.3.peg.829.site.84, 3, 149, 152
411483.3.peg.829.site.85, 7, 143, 150
411483.3.peg.829.site.86, 7, 143, 150
411483.3.peg.829.site.87, 108, 139, 247
411483.3.peg.829.site.88, 1, 139, 140
411483.3.peg.829.site.89, 9, 139, 148
411483.3.peg.829.site.90, 3, 128, 131
411483.3.peg.829.site.91, 3, 132, 135
411483.3.peg.829.site.92, 2, 127, 129
411483.3.peg.829.site.93, 1, 132, 133
411483.3.peg.829.site.94, 2, 126, 128
411483.3.peg.829.site.95, 17, 125, 142
411483.3.peg.829.site.96, 7, 131, 138
411483.3.peg.829.site.97, 0, 139, 139
411483.3.peg.829.site.98, 21, 136, 157
411483.3.peg.829.site.99, 3, 145, 148
411483.3.peg.829.site.100, 8, 146, 154
411483.3.peg.829.site.101, 6, 143, 149
411483.3.peg.829.site.102, 9, 139, 148
411483.3.peg.829.site.103, 2, 144, 146
411483.3.peg.829.site.104, 2, 142, 144
411483.3.peg.829.site.105, 9, 139, 148
411483.3.peg.829.site.106, 7, 139, 146
411483.3.peg.829.site.107, 84, 134, 218
411483.3.peg.829.site.108, 5, 146, 151
411483.3.peg.829.site.109, 43, 144, 187
411483.3.peg.829.site.110, 1, 151, 152
411483.3.peg.829.site.111, 0, 150, 150
411483.3.peg.829.site.112, 1, 152, 153
411483.3.peg.829.site.113, 0, 152, 152
411483.3.peg.829.site.114, 2, 152, 154
411483.3.peg.280.site.1, 54, 134, 188
411483.3.peg.280.site.2, 0, 149, 149
411483.3.peg.280.site.3, 12, 148, 160
411483.3.peg.280.site.4, 1, 150, 151
411483.3.peg.280.site.5, 3, 147, 150
411483.3.peg.280.site.6, 4, 145, 149
411483.3.peg.280.site.7, 6, 146, 152
411483.3.peg.280.site.8, 7, 152, 159
411483.3.peg.280.site.9, 10, 146, 156
411483.3.peg.280.site.10, 0, 152, 152
411483.3.peg.280.site.11, 1, 152, 153
411483.3.peg.280.site.12, 144, 152, 296
411483.3.peg.280.site.13, 2, 153, 155
411483.3.peg.280.site.14, 23, 142, 165
411483.3.peg.280.site.15, 2, 151, 153
411483.3.peg.280.site.16, 5, 152, 157
411483.3.peg.280.site.17, 14, 150, 164
411483.3.peg.280.site.18, 4, 153, 157
411483.3.peg.280.site.19, 2, 153, 155
411483.3.peg.280.site.20, 1, 154, 155
411483.3.peg.280.site.21, 3, 153, 156
411483.3.peg.280.site.22, 50, 146, 196
411483.3.peg.280.site.23, 5, 152, 157
411483.3.peg.280.site.24, 1, 153, 154
411483.3.peg.281.site.1, 3, 149, 152
411483.3.peg.281.site.2, 3, 146, 149
411483.3.peg.281.site.3, 2, 149, 151
411483.3.peg.281.site.4, 3, 147, 150
411483.3.peg.281.site.5, 0, 143, 143
411483.3.peg.281.site.6, 4, 142, 146
411483.3.peg.281.site.7, 9, 127, 136
411483.3.peg.281.site.8, 0, 135, 135
411483.3.peg.281.site.9, 2, 127, 129
411483.3.peg.281.site.10, 2, 122, 124
411483.3.peg.281.site.11, 3, 126, 129
411483.3.peg.281.site.12, 4, 102, 106
411483.3.peg.281.site.13, 3, 107, 110
411483.3.peg.281.site.14, 7, 106, 113
411483.3.peg.281.site.15, 1, 113, 114
411483.3.peg.281.site.16, 2, 107, 109
411483.3.peg.281.site.17, 3, 111, 114
411483.3.peg.281.site.18, 10, 101, 111
411483.3.peg.281.site.19, 4, 99, 103
411483.3.peg.281.site.20, 1, 107, 108
411483.3.peg.281.site.21, 15, 94, 109
411483.3.peg.281.site.22, 1, 87, 88
411483.3.peg.281.site.23, 9, 100, 109
411483.3.peg.281.site.24, 61, 84, 145
411483.3.peg.281.site.25, 51, 85, 136
411483.3.peg.281.site.26, 2, 94, 96
411483.3.peg.281.site.27, 4, 107, 111
411483.3.peg.281.site.28, 65, 125, 190
411483.3.peg.281.site.29, 54, 135, 189
411483.3.peg.281.site.30, 1, 146, 147
411483.3.peg.281.site.31, 1, 134, 135
411483.3.peg.281.site.32, 38, 121, 159
411483.3.peg.281.site.33, 4, 125, 129
411483.3.peg.281.site.34, 10, 134, 144
411483.3.peg.281.site.35, 4, 136, 140
411483.3.peg.281.site.36, 3, 148, 151
411483.3.peg.281.site.37, 0, 148, 148
411483.3.peg.281.site.38, 10, 147, 157
411483.3.peg.281.site.39, 1, 147, 148
411483.3.peg.281.site.40, 17, 142, 159
411483.3.peg.281.site.41, 5, 144, 149
411483.3.peg.281.site.42, 1, 138, 139
411483.3.peg.281.site.43, 5, 137, 142
411483.3.peg.281.site.44, 2, 135, 137
411483.3.peg.281.site.45, 3, 136, 139
411483.3.peg.281.site.46, 1, 144, 145
411483.3.peg.281.site.47, 4, 142, 146
411483.3.peg.281.site.48, 5, 142, 147
411483.3.peg.281.site.49, 30, 134, 164
411483.3.peg.281.site.50, 4, 147, 151
411483.3.peg.281.site.51, 0, 148, 148
411483.3.peg.281.site.52, 48, 138, 186
411483.3.peg.281.site.53, 0, 148, 148
411483.3.peg.530.site.1, 142, 151, 293
411483.3.peg.530.site.2, 142, 151, 293
411483.3.peg.530.site.3, 4, 152, 156
411483.3.peg.530.site.4, 0, 154, 154
411483.3.peg.530.site.5, 1, 155, 156
411483.3.peg.530.site.6, 135, 150, 285
411483.3.peg.530.site.7, 2, 148, 150
411483.3.peg.530.site.8, 14, 147, 161
411483.3.peg.530.site.9, 26, 146, 172
411483.3.peg.530.site.10, 10, 152, 162
411483.3.peg.530.site.11, 0, 152, 152
411483.3.peg.530.site.12, 127, 143, 270
411483.3.peg.530.site.13, 6, 139, 145
411483.3.peg.530.site.14, 1, 133, 134
411483.3.peg.530.site.15, 6, 138, 144
411483.3.peg.530.site.16, 2, 136, 138
411483.3.peg.530.site.17, 6, 114, 120
411483.3.peg.530.site.18, 2, 120, 122
411483.3.peg.530.site.19, 1, 132, 133
411483.3.peg.530.site.20, 107, 131, 238
411483.3.peg.530.site.21, 6, 144, 150
411483.3.peg.530.site.22, 5, 149, 154
411483.3.peg.530.site.23, 139, 146, 285
411483.3.peg.530.site.24, 3, 153, 156
411483.3.peg.530.site.25, 1, 148, 149
411483.3.peg.530.site.26, 5, 151, 156
411483.3.peg.530.site.27, 7, 152, 159
411483.3.peg.530.site.28, 9, 151, 160
411483.3.peg.530.site.29, 1, 152, 153
411483.3.peg.530.site.30, 1, 147, 148
411483.3.peg.530.site.31, 1, 147, 148
411483.3.peg.530.site.32, 0, 149, 149
411483.3.peg.530.site.33, 0, 152, 152
411483.3.peg.530.site.34, 0, 154, 154
411483.3.peg.530.site.35, 0, 153, 153
411483.3.peg.530.site.36, 7, 153, 160
411483.3.peg.530.site.37, 4, 154, 158
411483.3.peg.530.site.38, 2, 153, 155
411483.3.peg.530.site.39, 1, 154, 155
411483.3.peg.530.site.40, 128, 145, 273
411483.3.peg.530.site.41, 0, 154, 154
411483.3.peg.530.site.42, 0, 154, 154
411483.3.peg.530.site.43, 16, 151, 167
411483.3.peg.530.site.44, 38, 145, 183
411483.3.peg.530.site.45, 57, 145, 202
411483.3.peg.530.site.46, 1, 154, 155
411483.3.peg.530.site.47, 4, 153, 157
411483.3.peg.530.site.48, 120, 145, 265
411483.3.peg.530.site.49, 17, 149, 166
411483.3.peg.530.site.50, 5, 153, 158
411483.3.peg.530.site.51, 1, 154, 155
411483.3.peg.530.site.52, 1, 154, 155
411483.3.peg.530.site.53, 7, 153, 160
411483.3.peg.530.site.54, 2, 153, 155
411483.3.peg.530.site.55, 9, 148, 157
411483.3.peg.530.site.56, 1, 152, 153
411483.3.peg.530.site.57, 1, 153, 154
411483.3.peg.530.site.58, 0, 154, 154
411483.3.peg.530.site.59, 0, 150, 150
411483.3.peg.530.site.60, 27, 141, 168
411483.3.peg.530.site.61, 1, 153, 154
411483.3.peg.530.site.62, 1, 152, 153
411483.3.peg.530.site.63, 3, 153, 156
411483.3.peg.530.site.64, 20, 149, 169
411483.3.peg.530.site.65, 4, 150, 154
411483.3.peg.530.site.66, 4, 145, 149
411483.3.peg.530.site.67, 0, 147, 147
411483.3.peg.530.site.68, 2, 148, 150
411483.3.peg.530.site.69, 2, 151, 153
411483.3.peg.530.site.70, 22, 148, 170
411483.3.peg.530.site.71, 2, 153, 155
411483.3.peg.530.site.72, 2, 153, 155
411483.3.peg.530.site.73, 9, 152, 161
411483.3.peg.530.site.74, 1, 155, 156
411483.3.peg.530.site.75, 10, 153, 163
411483.3.peg.530.site.76, 4, 154, 158
411483.3.peg.530.site.77, 2, 152, 154
411483.3.peg.531.site.1, 1, 154, 155
411483.3.peg.531.site.2, 2, 154, 156
411483.3.peg.531.site.3, 6, 154, 160
411483.3.peg.531.site.4, 6, 155, 161
411483.3.peg.531.site.5, 1, 153, 154
411483.3.peg.531.site.6, 43, 145, 188
411483.3.peg.531.site.7, 12, 148, 160
411483.3.peg.531.site.8, 20, 150, 170
411483.3.peg.531.site.9, 13, 154, 167
411483.3.peg.531.site.10, 0, 153, 153
411483.3.peg.531.site.11, 0, 154, 154
411483.3.peg.531.site.12, 0, 153, 153
411483.3.peg.531.site.13, 23, 144, 167
411483.3.peg.531.site.14, 5, 155, 160
411483.3.peg.531.site.15, 3, 155, 158
411483.3.peg.531.site.16, 18, 146, 164
411483.3.peg.531.site.17, 0, 154, 154
411483.3.peg.531.site.18, 29, 141, 170
411483.3.peg.531.site.19, 4, 154, 158
411483.3.peg.531.site.20, 18, 151, 169
411483.3.peg.531.site.21, 6, 151, 157
411483.3.peg.531.site.22, 64, 136, 200
411483.3.peg.531.site.23, 90, 147, 237
411483.3.peg.531.site.24, 47, 146, 193
411483.3.peg.531.site.25, 1, 154, 155
411483.3.peg.531.site.26, 0, 155, 155
411483.3.peg.531.site.27, 4, 154, 158
411483.3.peg.531.site.28, 1, 155, 156
411483.3.peg.532.site.1, 1, 155, 156
411483.3.peg.532.site.2, 2, 151, 153
411483.3.peg.532.site.3, 2, 155, 157
411483.3.peg.532.site.4, 1, 155, 156
411483.3.peg.532.site.5, 1, 155, 156
411483.3.peg.532.site.6, 3, 153, 156
411483.3.peg.532.site.7, 4, 153, 157
411483.3.peg.532.site.8, 10, 151, 161
411483.3.peg.532.site.9, 4, 154, 158
411483.3.peg.532.site.10, 3, 154, 157
411483.3.peg.532.site.11, 2, 154, 156
411483.3.peg.532.site.12, 2, 153, 155
411483.3.peg.532.site.13, 4, 152, 156
411483.3.peg.532.site.14, 1, 151, 152
411483.3.peg.532.site.15, 0, 152, 152
411483.3.peg.532.site.16, 16, 140, 156
411483.3.peg.532.site.17, 16, 140, 156
411483.3.peg.532.site.18, 3, 150, 153
411483.3.peg.532.site.19, 9, 143, 152
411483.3.peg.532.site.20, 1, 151, 152
411483.3.peg.532.site.21, 3, 147, 150
411483.3.peg.532.site.22, 0, 146, 146
411483.3.peg.532.site.23, 3, 145, 148
411483.3.peg.532.site.24, 4, 147, 151
411483.3.peg.532.site.25, 1, 149, 150
411483.3.peg.532.site.26, 5, 148, 153
411483.3.peg.532.site.27, 16, 142, 158
411483.3.peg.532.site.28, 3, 151, 154
411483.3.peg.532.site.29, 1, 149, 150
411483.3.peg.532.site.30, 1, 149, 150
411483.3.peg.532.site.31, 4, 152, 156
411483.3.peg.532.site.32, 5, 151, 156
411483.3.peg.532.site.33, 2, 154, 156
411483.3.peg.532.site.34, 9, 155, 164
411483.3.peg.532.site.35, 6, 153, 159
411483.3.peg.532.site.36, 2, 153, 155
411483.3.peg.532.site.37, 2, 155, 157
411483.3.peg.532.site.38, 5, 153, 158
411483.3.peg.532.site.39, 1, 155, 156
411483.3.peg.532.site.40, 5, 150, 155
411483.3.peg.532.site.41, 2, 154, 156
411483.3.peg.532.site.42, 49, 148, 197
411483.3.peg.532.site.43, 1, 151, 152
411483.3.peg.532.site.44, 5, 150, 155
411483.3.peg.532.site.45, 2, 147, 149
411483.3.peg.532.site.46, 8, 142, 150
411483.3.peg.532.site.47, 11, 140, 151
411483.3.peg.532.site.48, 55, 124, 179
411483.3.peg.532.site.49, 49, 129, 178
411483.3.peg.532.site.50, 0, 143, 143
411483.3.peg.532.site.51, 3, 143, 146
411483.3.peg.532.site.52, 2, 144, 146
411483.3.peg.532.site.53, 19, 132, 151
411483.3.peg.532.site.54, 149, 152, 301
411483.3.peg.532.site.55, 1, 153, 154
411483.3.peg.532.site.56, 16, 148, 164
411483.3.peg.532.site.57, 14, 145, 159
411483.3.peg.532.site.58, 4, 152, 156
411483.3.peg.532.site.59, 5, 151, 156
411483.3.peg.532.site.60, 5, 153, 158
411483.3.peg.532.site.61, 0, 152, 152
411483.3.peg.532.site.62, 1, 154, 155
411483.3.peg.532.site.63, 22, 141, 163
411483.3.peg.532.site.64, 1, 154, 155
411483.3.peg.532.site.65, 7, 153, 160
411483.3.peg.532.site.66, 35, 144, 179
411483.3.peg.532.site.67, 28, 152, 180
411483.3.peg.532.site.68, 6, 150, 156
411483.3.peg.821.site.1, 123, 139, 262
411483.3.peg.821.site.2, 1, 145, 146
411483.3.peg.821.site.3, 15, 140, 155
411483.3.peg.821.site.4, 2, 90, 92
411483.3.peg.821.site.5, 1, 91, 92
411483.3.peg.821.site.6, 5, 83, 88
411483.3.peg.821.site.7, 5, 92, 97
411483.3.peg.821.site.8, 39, 87, 126
411483.3.peg.821.site.9, 3, 130, 133
411483.3.peg.821.site.10, 44, 133, 177
411483.3.peg.821.site.11, 16, 139, 155
411483.3.peg.821.site.12, 6, 147, 153
411483.3.peg.821.site.13, 7, 146, 153
411483.3.peg.821.site.14, 1, 144, 145
411483.3.peg.821.site.15, 4, 136, 140
411483.3.peg.821.site.16, 7, 137, 144
411483.3.peg.821.site.17, 15, 145, 160
411483.3.peg.821.site.18, 5, 140, 145
411483.3.peg.821.site.19, 1, 142, 143
411483.3.peg.821.site.20, 131, 133, 264
411483.3.peg.821.site.21, 2, 125, 127
411483.3.peg.821.site.22, 116, 118, 234
411483.3.peg.821.site.23, 109, 118, 227
411483.3.peg.821.site.24, 3, 128, 131
411483.3.peg.821.site.25, 32, 129, 161
411483.3.peg.821.site.26, 7, 132, 139
411483.3.peg.821.site.27, 12, 127, 139
411483.3.peg.821.site.28, 13, 121, 134
411483.3.peg.821.site.29, 9, 119, 128
411483.3.peg.821.site.30, 3, 131, 134
411483.3.peg.821.site.31, 1, 129, 130
411483.3.peg.821.site.32, 16, 120, 136
411483.3.peg.821.site.33, 54, 107, 161
411483.3.peg.821.site.34, 4, 112, 116
411483.3.peg.821.site.35, 3, 124, 127
411483.3.peg.821.site.36, 6, 130, 136
411483.3.peg.821.site.37, 12, 136, 148
411483.3.peg.821.site.38, 3, 138, 141
411483.3.peg.821.site.39, 1, 144, 145
411483.3.peg.821.site.40, 78, 133, 211
411483.3.peg.821.site.41, 30, 138, 168
411483.3.peg.821.site.42, 2, 149, 151
411483.3.peg.821.site.43, 1, 147, 148
411483.3.peg.821.site.44, 2, 150, 152
411483.3.peg.821.site.45, 3, 139, 142
411483.3.peg.821.site.46, 92, 128, 220
411483.3.peg.821.site.47, 1, 130, 131
411483.3.peg.821.site.48, 3, 124, 127
411483.3.peg.821.site.49, 2, 138, 140
411483.3.peg.821.site.50, 3, 145, 148
411483.3.peg.821.site.51, 45, 140, 185
411483.3.peg.821.site.52, 0, 148, 148
411483.3.peg.821.site.53, 0, 150, 150
411483.3.peg.821.site.54, 6, 146, 152
411483.3.peg.821.site.55, 1, 152, 153
411483.3.peg.821.site.56, 1, 151, 152
411483.3.peg.821.site.57, 2, 150, 152
411483.3.peg.821.site.58, 2, 150, 152
411483.3.peg.821.site.59, 9, 150, 159
411483.3.peg.821.site.60, 5, 146, 151
411483.3.peg.821.site.61, 1, 149, 150
411483.3.peg.821.site.62, 25, 141, 166
411483.3.peg.821.site.63, 1, 151, 152
411483.3.peg.821.site.64, 21, 140, 161
411483.3.peg.821.site.65, 1, 151, 152
411483.3.peg.821.site.66, 15, 145, 160
411483.3.peg.821.site.67, 2, 150, 152
411483.3.peg.821.site.68, 2, 147, 149
411483.3.peg.821.site.69, 17, 143, 160
411483.3.peg.821.site.70, 8, 144, 152
411483.3.peg.821.site.71, 0, 143, 143
411483.3.peg.821.site.72, 3, 138, 141
411483.3.peg.821.site.73, 0, 142, 142
411483.3.peg.821.site.74, 3, 140, 143
411483.3.peg.821.site.75, 0, 142, 142
411483.3.peg.821.site.76, 0, 128, 128
411483.3.peg.821.site.77, 2, 147, 149
411483.3.peg.821.site.78, 7, 142, 149
411483.3.peg.821.site.79, 11, 148, 159
411483.3.peg.821.site.80, 2, 148, 150
411483.3.peg.821.site.81, 12, 147, 159
411483.3.peg.821.site.82, 2, 148, 150
411483.3.peg.821.site.83, 2, 150, 152
411483.3.peg.821.site.84, 5, 143, 148
411483.3.peg.821.site.85, 0, 145, 145
411483.3.peg.821.site.86, 2, 143, 145
411483.3.peg.821.site.87, 21, 135, 156
411483.3.peg.821.site.88, 2, 137, 139
411483.3.peg.821.site.89, 3, 140, 143
411483.3.peg.821.site.90, 4, 142, 146
411483.3.peg.821.site.91, 3, 149, 152
411483.3.peg.821.site.92, 7, 147, 154
411483.3.peg.821.site.93, 18, 149, 167
411483.3.peg.821.site.94, 4, 151, 155
411483.3.peg.821.site.95, 4, 147, 151
411483.3.peg.821.site.96, 1, 149, 150
411483.3.peg.821.site.97, 1, 138, 139
411483.3.peg.821.site.98, 1, 139, 140
411483.3.peg.821.site.99, 3, 139, 142
411483.3.peg.821.site.100, 0, 151, 151
411483.3.peg.821.site.101, 1, 154, 155
411483.3.peg.821.site.102, 137, 153, 290
411483.3.peg.821.site.103, 6, 150, 156
411483.3.peg.821.site.104, 150, 153, 303
411483.3.peg.821.site.105, 2, 151, 153
411483.3.peg.821.site.106, 3, 152, 155
411483.3.peg.821.site.107, 5, 151, 156
411483.3.peg.821.site.108, 8, 153, 161
411483.3.peg.821.site.109, 3, 153, 156
411483.3.peg.821.site.110, 1, 153, 154
411483.3.peg.821.site.111, 36, 145, 181
411483.3.peg.821.site.112, 2, 152, 154
411483.3.peg.821.site.113, 0, 153, 153
411483.3.peg.821.site.114, 10, 152, 162
411483.3.peg.821.site.115, 1, 150, 151
411483.3.peg.821.site.116, 12, 147, 159
411483.3.peg.821.site.117, 4, 154, 158
411483.3.peg.821.site.118, 0, 154, 154
411483.3.peg.821.site.119, 142, 149, 291
411483.3.peg.821.site.120, 1, 152, 153
411483.3.peg.821.site.121, 2, 153, 155
411483.3.peg.821.site.122, 4, 153, 157
411483.3.peg.821.site.123, 64, 141, 205
411483.3.peg.821.site.124, 10, 149, 159
411483.3.peg.821.site.125, 2, 153, 155
411483.3.peg.821.site.126, 0, 150, 150
411483.3.peg.826.site.1, 6, 151, 157
411483.3.peg.826.site.2, 12, 148, 160
411483.3.peg.826.site.3, 1, 153, 154
411483.3.peg.826.site.4, 3, 148, 151
411483.3.peg.826.site.5, 0, 152, 152
411483.3.peg.826.site.6, 0, 152, 152
411483.3.peg.826.site.7, 0, 151, 151
411483.3.peg.826.site.8, 1, 153, 154
411483.3.peg.826.site.9, 5, 147, 152
411483.3.peg.826.site.10, 2, 144, 146
411483.3.peg.826.site.11, 12, 147, 159
411483.3.peg.826.site.12, 2, 146, 148
411483.3.peg.826.site.13, 7, 149, 156
411483.3.peg.826.site.14, 4, 149, 153
411483.3.peg.826.site.15, 1, 149, 150
411483.3.peg.826.site.16, 2, 150, 152
411483.3.peg.826.site.17, 7, 153, 160
411483.3.peg.826.site.18, 5, 153, 158
411483.3.peg.535.site.1, 11, 152, 163
411483.3.peg.535.site.2, 1, 149, 150
411483.3.peg.535.site.3, 4, 147, 151
411483.3.peg.535.site.4, 68, 129, 197
411483.3.peg.535.site.5, 3, 145, 148
411483.3.peg.535.site.6, 3, 149, 152
411483.3.peg.535.site.7, 1, 148, 149
411483.3.peg.535.site.8, 13, 145, 158
411483.3.peg.535.site.9, 0, 144, 144
411483.3.peg.535.site.10, 0, 140, 140
411483.3.peg.535.site.11, 3, 143, 146
411483.3.peg.535.site.12, 7, 134, 141
411483.3.peg.535.site.13, 9, 134, 143
411483.3.peg.535.site.14, 66, 123, 189
411483.3.peg.535.site.15, 101, 107, 208
411483.3.peg.535.site.16, 0, 114, 114
411483.3.peg.535.site.17, 1, 124, 125
411483.3.peg.535.site.18, 1, 120, 121
411483.3.peg.535.site.19, 2, 125, 127
411483.3.peg.535.site.20, 18, 121, 139
411483.3.peg.535.site.21, 2, 128, 130
411483.3.peg.535.site.22, 8, 129, 137
411483.3.peg.535.site.23, 0, 126, 126
411483.3.peg.535.site.24, 1, 126, 127
411483.3.peg.535.site.25, 0, 118, 118
411483.3.peg.535.site.26, 0, 102, 102
411483.3.peg.535.site.27, 1, 108, 109
411483.3.peg.535.site.28, 1, 104, 105
411483.3.peg.535.site.29, 3, 75, 78
411483.3.peg.535.site.30, 1, 64, 65
411483.3.peg.535.site.31, 31, 41, 72
411483.3.peg.535.site.32, 2, 38, 40
411483.3.peg.535.site.33, 19, 20, 39
411483.3.peg.535.site.34, 13, 14, 27
411483.3.peg.535.site.35, 7, 13, 20
411483.3.peg.535.site.36, 1, 15, 16
411483.3.peg.535.site.37, 2, 14, 16
411483.3.peg.535.site.38, 4, 14, 18
411483.3.peg.535.site.39, 4, 9, 13
411483.3.peg.535.site.40, 6, 10, 16
411483.3.peg.535.site.41, 3, 10, 13
411483.3.peg.535.site.42, 0, 18, 18
411483.3.peg.535.site.43, 6, 24, 30
411483.3.peg.535.site.44, 21, 23, 44
411483.3.peg.535.site.45, 29, 42, 71
411483.3.peg.535.site.46, 56, 60, 116
411483.3.peg.535.site.47, 2, 79, 81
411483.3.peg.535.site.48, 4, 97, 101
411483.3.peg.535.site.49, 3, 102, 105
411483.3.peg.535.site.50, 2, 113, 115
411483.3.peg.535.site.51, 1, 119, 120
411483.3.peg.536.site.1, 2, 126, 128
411483.3.peg.536.site.2, 1, 131, 132
411483.3.peg.536.site.3, 2, 136, 138
411483.3.peg.536.site.4, 4, 136, 140
411483.3.peg.536.site.5, 1, 136, 137
411483.3.peg.536.site.6, 1, 134, 135
411483.3.peg.536.site.7, 8, 137, 145
411483.3.peg.536.site.8, 0, 135, 135
411483.3.peg.536.site.9, 2, 143, 145
411483.3.peg.536.site.10, 9, 146, 155
411483.3.peg.536.site.11, 9, 138, 147
411483.3.peg.536.site.12, 0, 144, 144
411483.3.peg.536.site.13, 5, 134, 139
411483.3.peg.536.site.14, 2, 133, 135
411483.3.peg.536.site.15, 36, 114, 150
411483.3.peg.536.site.16, 2, 109, 111
411483.3.peg.536.site.17, 0, 104, 104
411483.3.peg.536.site.18, 9, 98, 107
411483.3.peg.536.site.19, 54, 93, 147
411483.3.peg.536.site.20, 76, 93, 169
411483.3.peg.536.site.21, 1, 108, 109
411483.3.peg.536.site.22, 1, 114, 115
411483.3.peg.536.site.23, 3, 112, 115
411483.3.peg.536.site.24, 4, 100, 104
411483.3.peg.536.site.25, 2, 113, 115
411483.3.peg.536.site.26, 3, 104, 107
411483.3.peg.536.site.27, 2, 99, 101
411483.3.peg.536.site.28, 4, 107, 111
411483.3.peg.536.site.29, 1, 111, 112
411483.3.peg.536.site.30, 3, 124, 127
411483.3.peg.536.site.31, 4, 99, 103
411483.3.peg.536.site.32, 1, 97, 98
411483.3.peg.536.site.33, 89, 91, 180
411483.3.peg.536.site.34, 1, 84, 85
411483.3.peg.536.site.35, 4, 69, 73
411483.3.peg.536.site.36, 6, 39, 45
411483.3.peg.536.site.37, 3, 36, 39
411483.3.peg.536.site.38, 6, 35, 41
411483.3.peg.536.site.39, 4, 34, 38
411483.3.peg.536.site.40, 7, 40, 47
411483.3.peg.536.site.41, 40, 42, 82
411483.3.peg.536.site.42, 34, 48, 82
411483.3.peg.536.site.43, 35, 56, 91
411483.3.peg.537.site.1, 0, 123, 123
411483.3.peg.537.site.2, 1, 126, 127
411483.3.peg.537.site.3, 1, 119, 120
411483.3.peg.537.site.4, 4, 103, 107
411483.3.peg.537.site.5, 2, 81, 83
411483.3.peg.537.site.6, 2, 80, 82
411483.3.peg.537.site.7, 2, 57, 59
411483.3.peg.537.site.8, 11, 43, 54
411483.3.peg.537.site.9, 5, 38, 43
411483.3.peg.537.site.10, 31, 44, 75
411483.3.peg.537.site.11, 27, 57, 84
411483.3.peg.537.site.12, 4, 73, 77
411483.3.peg.537.site.13, 4, 77, 81
411483.3.peg.537.site.14, 2, 79, 81
411483.3.peg.537.site.15, 10, 80, 90
411483.3.peg.537.site.16, 5, 86, 91
411483.3.peg.537.site.17, 38, 76, 114
411483.3.peg.537.site.18, 3, 64, 67
411483.3.peg.537.site.19, 46, 64, 110
411483.3.peg.537.site.20, 2, 75, 77
411483.3.peg.537.site.21, 1, 79, 80
411483.3.peg.537.site.22, 5, 86, 91
411483.3.peg.537.site.23, 2, 105, 107
411483.3.peg.537.site.24, 1, 121, 122
411483.3.peg.537.site.25, 27, 121, 148
411483.3.peg.537.site.26, 0, 123, 123
411483.3.peg.537.site.27, 84, 116, 200
411483.3.peg.537.site.28, 1, 123, 124
411483.3.peg.537.site.29, 1, 124, 125
411483.3.peg.537.site.30, 18, 110, 128
411483.3.peg.537.site.31, 2, 119, 121
411483.3.peg.537.site.32, 16, 101, 117
411483.3.peg.537.site.33, 103, 103, 206
411483.3.peg.537.site.34, 4, 100, 104
411483.3.peg.537.site.35, 6, 105, 111
411483.3.peg.537.site.36, 1, 106, 107
411483.3.peg.537.site.37, 5, 121, 126
411483.3.peg.537.site.38, 9, 115, 124
411483.3.peg.537.site.39, 38, 119, 157
411483.3.peg.537.site.40, 1, 142, 143
411483.3.peg.537.site.41, 3, 143, 146
411483.3.peg.537.site.42, 10, 144, 154
411483.3.peg.537.site.43, 3, 144, 147
411483.3.peg.537.site.44, 1, 149, 150
411483.3.peg.537.site.45, 3, 153, 156
411483.3.peg.537.site.46, 1, 151, 152
411483.3.peg.537.site.47, 1, 149, 150
411483.3.peg.537.site.48, 90, 145, 235
411483.3.peg.537.site.49, 2, 145, 147
411483.3.peg.537.site.50, 2, 144, 146
411483.3.peg.537.site.51, 11, 137, 148
411483.3.peg.537.site.52, 44, 131, 175
411483.3.peg.537.site.53, 35, 130, 165
411483.3.peg.537.site.54, 0, 145, 145
411483.3.peg.537.site.55, 3, 147, 150
411483.3.peg.537.site.56, 8, 151, 159
411483.3.peg.537.site.57, 7, 145, 152
411483.3.peg.537.site.58, 40, 140, 180
411483.3.peg.537.site.59, 2, 154, 156
411483.3.peg.537.site.60, 1, 153, 154
411483.3.peg.537.site.61, 65, 143, 208
411483.3.peg.537.site.62, 3, 153, 156
411483.3.peg.537.site.63, 63, 143, 206
411483.3.peg.537.site.64, 1, 145, 146
411483.3.peg.537.site.65, 5, 144, 149
411483.3.peg.537.site.66, 3, 147, 150
411483.3.peg.537.site.67, 139, 145, 284
411483.3.peg.537.site.68, 3, 145, 148
411483.3.peg.537.site.69, 40, 133, 173
411483.3.peg.537.site.70, 2, 146, 148
411483.3.peg.537.site.71, 28, 138, 166
411483.3.peg.537.site.72, 51, 149, 200
411483.3.peg.537.site.73, 5, 153, 158
411483.3.peg.537.site.74, 1, 154, 155
411483.3.peg.537.site.75, 0, 152, 152
411483.3.peg.537.site.76, 1, 150, 151
411483.3.peg.537.site.77, 2, 153, 155
411483.3.peg.537.site.78, 1, 152, 153
411483.3.peg.537.site.79, 1, 150, 151
411483.3.peg.537.site.80, 2, 152, 154
411483.3.peg.537.site.81, 30, 134, 164
411483.3.peg.537.site.82, 1, 149, 150
411483.3.peg.537.site.83, 29, 124, 153
411483.3.peg.537.site.84, 1, 137, 138
411483.3.peg.537.site.85, 132, 136, 268
411483.3.peg.537.site.86, 4, 114, 118
411483.3.peg.537.site.87, 3, 126, 129
411483.3.peg.537.site.88, 6, 121, 127
411483.3.peg.537.site.89, 8, 137, 145
411483.3.peg.537.site.90, 34, 136, 170
411483.3.peg.537.site.91, 1, 151, 152
411483.3.peg.537.site.92, 1, 148, 149
411483.3.peg.537.site.93, 5, 152, 157
411483.3.peg.537.site.94, 1, 153, 154
411483.3.peg.537.site.95, 1, 154, 155
411483.3.peg.537.site.96, 16, 148, 164
411483.3.peg.537.site.97, 1, 153, 154
411483.3.peg.537.site.98, 3, 140, 143
411483.3.peg.537.site.99, 2, 136, 138
411483.3.peg.537.site.100, 7, 128, 135
411483.3.peg.537.site.101, 8, 128, 136
411483.3.peg.537.site.102, 2, 133, 135
411483.3.peg.537.site.103, 10, 135, 145
411483.3.peg.537.site.104, 3, 139, 142
411483.3.peg.537.site.105, 7, 136, 143
411483.3.peg.537.site.106, 5, 134, 139
411483.3.peg.537.site.107, 7, 134, 141
411483.3.peg.537.site.108, 2, 136, 138
411483.3.peg.537.site.109, 14, 142, 156
411483.3.peg.537.site.110, 25, 128, 153
411483.3.peg.537.site.111, 0, 133, 133
411483.3.peg.537.site.112, 9, 128, 137
411483.3.peg.537.site.113, 108, 116, 224
411483.3.peg.537.site.114, 1, 107, 108
411483.3.peg.537.site.115, 30, 103, 133
411483.3.peg.537.site.116, 29, 100, 129
411483.3.peg.537.site.117, 3, 81, 84
411483.3.peg.537.site.118, 1, 80, 81
411483.3.peg.537.site.119, 1, 77, 78
411483.3.peg.537.site.120, 57, 64, 121
411483.3.peg.537.site.121, 1, 102, 103
411483.3.peg.537.site.122, 81, 123, 204
411483.3.peg.537.site.123, 4, 138, 142
411483.3.peg.537.site.124, 38, 140, 178
411483.3.peg.537.site.125, 3, 152, 155
411483.3.peg.537.site.126, 3, 151, 154
411483.3.peg.537.site.127, 10, 144, 154
411483.3.peg.537.site.128, 1, 142, 143
411483.3.peg.537.site.129, 12, 139, 151
411483.3.peg.537.site.130, 7, 142, 149
411483.3.peg.537.site.131, 3, 138, 141
411483.3.peg.537.site.132, 1, 133, 134
411483.3.peg.537.site.133, 2, 132, 134
411483.3.peg.537.site.134, 116, 129, 245
411483.3.peg.537.site.135, 1, 142, 143
411483.3.peg.537.site.136, 1, 143, 144
411483.3.peg.537.site.137, 2, 143, 145
411483.3.peg.537.site.138, 0, 143, 143
411483.3.peg.537.site.139, 3, 148, 151
411483.3.peg.537.site.140, 1, 146, 147
411483.3.peg.537.site.141, 11, 146, 157
411483.3.peg.537.site.142, 0, 150, 150
411483.3.peg.537.site.143, 2, 142, 144
411483.3.peg.537.site.144, 6, 141, 147
411483.3.peg.537.site.145, 1, 147, 148
411483.3.peg.537.site.146, 3, 145, 148
411483.3.peg.537.site.147, 13, 143, 156
411483.3.peg.537.site.148, 7, 146, 153
411483.3.peg.537.site.149, 3, 151, 154
411483.3.peg.537.site.150, 34, 138, 172
411483.3.peg.537.site.151, 0, 145, 145
411483.3.peg.537.site.152, 7, 143, 150
411483.3.peg.537.site.153, 82, 130, 212
411483.3.peg.537.site.154, 1, 147, 148
411483.3.peg.537.site.155, 45, 138, 183
411483.3.peg.537.site.156, 2, 148, 150
411483.3.peg.537.site.157, 3, 150, 153
411483.3.peg.537.site.158, 2, 151, 153
411483.3.peg.537.site.159, 3, 149, 152
411483.3.peg.537.site.160, 11, 152, 163
411483.3.peg.537.site.161, 2, 152, 154
411483.3.peg.537.site.162, 4, 152, 156
411483.3.peg.537.site.163, 1, 148, 149
411483.3.peg.537.site.164, 2, 150, 152
411483.3.peg.537.site.165, 1, 150, 151
411483.3.peg.537.site.166, 72, 138, 210
411483.3.peg.537.site.167, 3, 151, 154
411483.3.peg.537.site.168, 1, 149, 150
411483.3.peg.537.site.169, 1, 148, 149
411483.3.peg.537.site.170, 5, 144, 149
411483.3.peg.537.site.171, 1, 147, 148
411483.3.peg.537.site.172, 7, 138, 145
411483.3.peg.537.site.173, 6, 141, 147
411483.3.peg.537.site.174, 0, 150, 150
411483.3.peg.537.site.175, 25, 146, 171
411483.3.peg.537.site.176, 1, 150, 151
411483.3.peg.537.site.177, 0, 148, 148
411483.3.peg.537.site.178, 0, 146, 146
411483.3.peg.537.site.179, 1, 142, 143
411483.3.peg.537.site.180, 1, 138, 139
411483.3.peg.537.site.181, 1, 140, 141
411483.3.peg.537.site.182, 0, 137, 137
411483.3.peg.537.site.183, 2, 124, 126
411483.3.peg.537.site.184, 3, 138, 141
411483.3.peg.537.site.185, 0, 138, 138
411483.3.peg.537.site.186, 1, 144, 145
411483.3.peg.537.site.187, 89, 133, 222
411483.3.peg.537.site.188, 3, 146, 149
411483.3.peg.537.site.189, 128, 134, 262
411483.3.peg.537.site.190, 7, 150, 157
411483.3.peg.537.site.191, 4, 151, 155
411483.3.peg.537.site.192, 0, 149, 149
411483.3.peg.537.site.193, 2, 153, 155
411483.3.peg.537.site.194, 5, 148, 153
411483.3.peg.537.site.195, 1, 151, 152
411483.3.peg.537.site.196, 0, 149, 149
411483.3.peg.537.site.197, 2, 150, 152
411483.3.peg.537.site.198, 75, 141, 216
411483.3.peg.537.site.199, 7, 144, 151
411483.3.peg.537.site.200, 6, 145, 151
411483.3.peg.537.site.201, 8, 130, 138
411483.3.peg.537.site.202, 0, 119, 119
411483.3.peg.537.site.203, 3, 124, 127
411483.3.peg.537.site.204, 2, 111, 113
411483.3.peg.537.site.205, 1, 101, 102
411483.3.peg.537.site.206, 2, 101, 103
411483.3.peg.537.site.207, 7, 92, 99
411483.3.peg.537.site.208, 1, 103, 104
411483.3.peg.537.site.209, 0, 107, 107
411483.3.peg.537.site.210, 11, 102, 113
411483.3.peg.537.site.211, 0, 109, 109
411483.3.peg.537.site.212, 2, 113, 115
411483.3.peg.537.site.213, 1, 122, 123
411483.3.peg.537.site.214, 23, 100, 123
411483.3.peg.537.site.215, 48, 102, 150
411483.3.peg.537.site.216, 85, 92, 177
411483.3.peg.537.site.217, 3, 93, 96
411483.3.peg.537.site.218, 56, 95, 151
411483.3.peg.537.site.219, 2, 100, 102
411483.3.peg.537.site.220, 68, 128, 196
411483.3.peg.537.site.221, 3, 134, 137
411483.3.peg.537.site.222, 1, 142, 143
411483.3.peg.537.site.223, 1, 149, 150
411483.3.peg.537.site.224, 2, 148, 150
411483.3.peg.537.site.225, 61, 137, 198
411483.3.peg.537.site.226, 1, 147, 148
411483.3.peg.537.site.227, 2, 149, 151
411483.3.peg.537.site.228, 1, 139, 140
411483.3.peg.537.site.229, 19, 137, 156
411483.3.peg.537.site.230, 1, 136, 137
411483.3.peg.537.site.231, 1, 145, 146
411483.3.peg.537.site.232, 11, 138, 149
411483.3.peg.537.site.233, 0, 149, 149
411483.3.peg.537.site.234, 1, 152, 153
411483.3.peg.537.site.235, 12, 148, 160
411483.3.peg.537.site.236, 78, 139, 217
411483.3.peg.537.site.237, 3, 154, 157
411483.3.peg.537.site.238, 67, 144, 211
411483.3.peg.537.site.239, 1, 153, 154
411483.3.peg.537.site.240, 22, 147, 169
411483.3.peg.537.site.241, 2, 151, 153
411483.3.peg.537.site.242, 1, 152, 153
411483.3.peg.537.site.243, 7, 152, 159
411483.3.peg.537.site.244, 4, 150, 154
411483.3.peg.537.site.245, 136, 145, 281
411483.3.peg.537.site.246, 4, 147, 151
411483.3.peg.537.site.247, 7, 25, 32
411483.3.peg.754.site.1, 11, 133, 144
411483.3.peg.754.site.2, 0, 141, 141
411483.3.peg.754.site.3, 5, 138, 143
411483.3.peg.754.site.4, 1, 141, 142
411483.3.peg.754.site.5, 2, 133, 135
411483.3.peg.754.site.6, 2, 124, 126
411483.3.peg.754.site.7, 2, 127, 129
411483.3.peg.754.site.8, 2, 117, 119
411483.3.peg.754.site.9, 4, 115, 119
411483.3.peg.754.site.10, 5, 124, 129
411483.3.peg.754.site.11, 1, 133, 134
411483.3.peg.754.site.12, 1, 120, 121
411483.3.peg.754.site.13, 12, 108, 120
411483.3.peg.754.site.14, 3, 109, 112
411483.3.peg.754.site.15, 5, 104, 109
411483.3.peg.754.site.16, 1, 108, 109
411483.3.peg.754.site.17, 0, 109, 109
411483.3.peg.754.site.18, 7, 112, 119
411483.3.peg.754.site.19, 4, 113, 117
411483.3.peg.754.site.20, 11, 106, 117
411483.3.peg.754.site.21, 11, 102, 113
411483.3.peg.754.site.22, 8, 99, 107
411483.3.peg.754.site.23, 12, 96, 108
411483.3.peg.754.site.24, 46, 54, 100
411483.3.peg.754.site.25, 1, 59, 60
411483.3.peg.754.site.26, 1, 58, 59
411483.3.peg.754.site.27, 6, 56, 62
411483.3.peg.754.site.28, 19, 51, 70
411483.3.peg.754.site.29, 35, 45, 80
411483.3.peg.754.site.30, 30, 46, 76
411483.3.peg.754.site.31, 1, 57, 58
411483.3.peg.754.site.32, 20, 80, 100
411483.3.peg.754.site.33, 5, 95, 100
411483.3.peg.754.site.34, 0, 108, 108
411483.3.peg.754.site.35, 1, 114, 115
411483.3.peg.754.site.36, 15, 106, 121
411483.3.peg.754.site.37, 1, 112, 113
411483.3.peg.754.site.38, 9, 109, 118
411483.3.peg.754.site.39, 1, 108, 109
411483.3.peg.754.site.40, 1, 117, 118
411483.3.peg.754.site.41, 9, 117, 126
411483.3.peg.754.site.42, 18, 119, 137
411483.3.peg.754.site.43, 19, 121, 140
411483.3.peg.754.site.44, 2, 125, 127
411483.3.peg.754.site.45, 3, 126, 129
411483.3.peg.754.site.46, 2, 135, 137
411483.3.peg.754.site.47, 15, 130, 145
411483.3.peg.752.site.1, 0, 131, 131
411483.3.peg.752.site.2, 7, 133, 140
411483.3.peg.752.site.3, 1, 151, 152
411483.3.peg.752.site.4, 7, 146, 153
411483.3.peg.752.site.5, 9, 151, 160
411483.3.peg.752.site.6, 0, 148, 148
411483.3.peg.752.site.7, 2, 146, 148
411483.3.peg.752.site.8, 3, 144, 147
411483.3.peg.752.site.9, 5, 144, 149
411483.3.peg.752.site.10, 2, 150, 152
411483.3.peg.752.site.11, 24, 141, 165
411483.3.peg.752.site.12, 4, 149, 153
411483.3.peg.752.site.13, 0, 150, 150
411483.3.peg.752.site.14, 3, 147, 150
411483.3.peg.752.site.15, 12, 146, 158
411483.3.peg.752.site.16, 48, 144, 192
411483.3.peg.752.site.17, 19, 142, 161
411483.3.peg.752.site.18, 2, 150, 152
411483.3.peg.752.site.19, 1, 149, 150
411483.3.peg.752.site.20, 3, 148, 151
411483.3.peg.752.site.21, 3, 149, 152
411483.3.peg.752.site.22, 2, 147, 149
411483.3.peg.752.site.23, 5, 147, 152
411483.3.peg.752.site.24, 2, 149, 151
411483.3.peg.752.site.25, 2, 147, 149
411483.3.peg.752.site.26, 1, 151, 152
411483.3.peg.752.site.27, 8, 146, 154
411483.3.peg.752.site.28, 60, 128, 188
411483.3.peg.752.site.29, 31, 141, 172
411483.3.peg.752.site.30, 2, 146, 148
411483.3.peg.752.site.31, 93, 139, 232
411483.3.peg.752.site.32, 8, 141, 149
411483.3.peg.752.site.33, 2, 150, 152
411483.3.peg.752.site.34, 3, 150, 153
411483.3.peg.752.site.35, 2, 148, 150
411483.3.peg.752.site.36, 27, 139, 166
411483.3.peg.752.site.37, 14, 143, 157
411483.3.peg.752.site.38, 42, 139, 181
411483.3.peg.752.site.39, 1, 149, 150
411483.3.peg.752.site.40, 1, 146, 147
411483.3.peg.752.site.41, 1, 149, 150
411483.3.peg.752.site.42, 1, 147, 148
411483.3.peg.752.site.43, 1, 146, 147
411483.3.peg.752.site.44, 4, 146, 150
411483.3.peg.752.site.45, 2, 148, 150
411483.3.peg.752.site.46, 16, 137, 153
411483.3.peg.752.site.47, 10, 143, 153
411483.3.peg.752.site.48, 13, 140, 153
411483.3.peg.752.site.49, 0, 143, 143
411483.3.peg.752.site.50, 13, 138, 151
411483.3.peg.752.site.51, 6, 145, 151
411483.3.peg.752.site.52, 1, 149, 150
411483.3.peg.752.site.53, 2, 145, 147
411483.3.peg.752.site.54, 1, 148, 149
411483.3.peg.752.site.55, 4, 146, 150
411483.3.peg.752.site.56, 0, 147, 147
411483.3.peg.752.site.57, 128, 140, 268
411483.3.peg.752.site.58, 1, 147, 148
411483.3.peg.752.site.59, 7, 148, 155
411483.3.peg.752.site.60, 7, 141, 148
411483.3.peg.752.site.61, 1, 149, 150
411483.3.peg.752.site.62, 0, 147, 147
411483.3.peg.752.site.63, 3, 149, 152
411483.3.peg.752.site.64, 1, 148, 149
411483.3.peg.752.site.65, 1, 150, 151
411483.3.peg.752.site.66, 0, 151, 151
411483.3.peg.752.site.67, 2, 150, 152
411483.3.peg.752.site.68, 0, 147, 147
411483.3.peg.752.site.69, 0, 145, 145
411483.3.peg.752.site.70, 6, 145, 151
411483.3.peg.752.site.71, 3, 143, 146
411483.3.peg.752.site.72, 1, 143, 144
411483.3.peg.752.site.73, 0, 145, 145
411483.3.peg.752.site.74, 12, 129, 141
411483.3.peg.752.site.75, 1, 144, 145
411483.3.peg.752.site.76, 8, 140, 148
411483.3.peg.752.site.77, 14, 144, 158
411483.3.peg.752.site.78, 0, 146, 146
411483.3.peg.752.site.79, 0, 146, 146
411483.3.peg.752.site.80, 4, 143, 147
411483.3.peg.752.site.81, 0, 139, 139
411483.3.peg.752.site.82, 8, 131, 139
411483.3.peg.752.site.83, 3, 128, 131
411483.3.peg.752.site.84, 2, 144, 146
411483.3.peg.752.site.85, 2, 147, 149
411483.3.peg.752.site.86, 18, 145, 163
411483.3.peg.752.site.87, 1, 147, 148
411483.3.peg.752.site.88, 11, 147, 158
411483.3.peg.752.site.89, 1, 150, 151
411483.3.peg.661.site.1, 0, 151, 151
411483.3.peg.661.site.2, 12, 140, 152
411483.3.peg.661.site.3, 1, 149, 150
411483.3.peg.661.site.4, 66, 135, 201
411483.3.peg.661.site.5, 1, 148, 149
411483.3.peg.661.site.6, 126, 141, 267
411483.3.peg.661.site.7, 115, 141, 256
411483.3.peg.661.site.8, 2, 147, 149
411483.3.peg.661.site.9, 1, 150, 151
411483.3.peg.661.site.10, 92, 133, 225
411483.3.peg.661.site.11, 5, 143, 148
411483.3.peg.661.site.12, 0, 136, 136
411483.3.peg.661.site.13, 4, 150, 154
411483.3.peg.661.site.14, 3, 149, 152
411483.3.peg.661.site.15, 16, 143, 159
411483.3.peg.661.site.16, 1, 146, 147
411483.3.peg.661.site.17, 5, 145, 150
411483.3.peg.661.site.18, 64, 135, 199
411483.3.peg.661.site.19, 1, 145, 146
411483.3.peg.661.site.20, 2, 142, 144
411483.3.peg.661.site.21, 0, 143, 143
411483.3.peg.661.site.22, 6, 143, 149
411483.3.peg.661.site.23, 1, 144, 145
411483.3.peg.661.site.24, 2, 149, 151
411483.3.peg.661.site.25, 1, 148, 149
411483.3.peg.661.site.26, 3, 151, 154
411483.3.peg.661.site.27, 5, 153, 158
411483.3.peg.661.site.28, 5, 151, 156
411483.3.peg.661.site.29, 4, 155, 159
411483.3.peg.661.site.30, 4, 145, 149
411483.3.peg.661.site.31, 2, 132, 134
411483.3.peg.661.site.32, 6, 125, 131
411483.3.peg.661.site.33, 14, 129, 143
411483.3.peg.661.site.34, 6, 135, 141
411483.3.peg.661.site.35, 5, 134, 139
411483.3.peg.661.site.36, 2, 128, 130
411483.3.peg.661.site.37, 3, 128, 131
411483.3.peg.661.site.38, 123, 123, 246
411483.3.peg.661.site.39, 18, 125, 143
411483.3.peg.661.site.40, 69, 120, 189
411483.3.peg.661.site.41, 58, 108, 166
411483.3.peg.661.site.42, 0, 116, 116
411483.3.peg.664.site.1, 2, 77, 79
411483.3.peg.664.site.2, 3, 85, 88
411483.3.peg.664.site.3, 1, 105, 106
411483.3.peg.664.site.4, 6, 112, 118
411483.3.peg.664.site.5, 12, 120, 132
411483.3.peg.664.site.6, 14, 132, 146
411483.3.peg.664.site.7, 15, 136, 151
411483.3.peg.664.site.8, 4, 144, 148
411483.3.peg.664.site.9, 11, 146, 157
411483.3.peg.664.site.10, 0, 145, 145
411483.3.peg.664.site.11, 93, 140, 233
411483.3.peg.664.site.12, 8, 142, 150
411483.3.peg.664.site.13, 57, 136, 193
411483.3.peg.664.site.14, 23, 135, 158
411483.3.peg.664.site.15, 4, 143, 147
411483.3.peg.664.site.16, 2, 140, 142
411483.3.peg.664.site.17, 5, 136, 141
411483.3.peg.664.site.18, 1, 133, 134
411483.3.peg.664.site.19, 112, 124, 236
411483.3.peg.664.site.20, 59, 123, 182
411483.3.peg.664.site.21, 1, 132, 133
411483.3.peg.664.site.22, 1, 130, 131
411483.3.peg.664.site.23, 3, 136, 139
411483.3.peg.664.site.24, 1, 138, 139
411483.3.peg.664.site.25, 3, 146, 149
411483.3.peg.664.site.26, 1, 149, 150
411483.3.peg.664.site.27, 0, 143, 143
411483.3.peg.664.site.28, 14, 151, 165
411483.3.peg.664.site.29, 2, 150, 152
411483.3.peg.664.site.30, 1, 149, 150
411483.3.peg.664.site.31, 1, 151, 152
411483.3.peg.664.site.32, 5, 146, 151
411483.3.peg.664.site.33, 34, 133, 167
411483.3.peg.664.site.34, 1, 143, 144
411483.3.peg.664.site.35, 1, 149, 150
411483.3.peg.664.site.36, 0, 146, 146
411483.3.peg.664.site.37, 2, 140, 142
411483.3.peg.664.site.38, 1, 147, 148
411483.3.peg.664.site.39, 3, 149, 152
411483.3.peg.664.site.40, 4, 151, 155
411483.3.peg.664.site.41, 3, 151, 154
411483.3.peg.664.site.42, 5, 151, 156
411483.3.peg.664.site.43, 5, 152, 157
411483.3.peg.664.site.44, 6, 153, 159
411483.3.peg.665.site.1, 4, 152, 156
411483.3.peg.665.site.2, 2, 154, 156
411483.3.peg.665.site.3, 25, 148, 173
411483.3.peg.665.site.4, 78, 141, 219
411483.3.peg.665.site.5, 1, 151, 152
411483.3.peg.665.site.6, 7, 151, 158
411483.3.peg.665.site.7, 1, 153, 154
411483.3.peg.665.site.8, 0, 154, 154
411483.3.peg.665.site.9, 9, 152, 161
411483.3.peg.665.site.10, 4, 154, 158
411483.3.peg.665.site.11, 2, 154, 156
411483.3.peg.665.site.12, 1, 146, 147
411483.3.peg.665.site.13, 1, 145, 146
411483.3.peg.665.site.14, 30, 143, 173
411483.3.peg.665.site.15, 5, 150, 155
411483.3.peg.665.site.16, 1, 149, 150
411483.3.peg.665.site.17, 3, 146, 149
411483.3.peg.665.site.18, 1, 135, 136
411483.3.peg.665.site.19, 8, 133, 141
411483.3.peg.665.site.20, 1, 136, 137
411483.3.peg.665.site.21, 4, 128, 132
411483.3.peg.665.site.22, 1, 134, 135
411483.3.peg.665.site.23, 7, 117, 124
411483.3.peg.665.site.24, 1, 136, 137
411483.3.peg.665.site.25, 119, 140, 259
411483.3.peg.665.site.26, 108, 134, 242
411483.3.peg.665.site.27, 3, 144, 147
411483.3.peg.665.site.28, 1, 144, 145
411483.3.peg.665.site.29, 149, 149, 298
411483.3.peg.665.site.30, 2, 150, 152
411483.3.peg.665.site.31, 106, 137, 243
411483.3.peg.665.site.32, 1, 145, 146
411483.3.peg.665.site.33, 0, 133, 133
411483.3.peg.665.site.34, 2, 140, 142
411483.3.peg.665.site.35, 9, 137, 146
411483.3.peg.665.site.36, 142, 142, 284
411483.3.peg.665.site.37, 11, 139, 150
411483.3.peg.665.site.38, 10, 148, 158
411483.3.peg.665.site.39, 1, 152, 153
411483.3.peg.665.site.40, 0, 154, 154
411483.3.peg.665.site.41, 1, 154, 155
411483.3.peg.665.site.42, 0, 155, 155
411483.3.peg.665.site.43, 1, 154, 155
411483.3.peg.666.site.1, 4, 155, 159
411483.3.peg.666.site.2, 3, 155, 158
411483.3.peg.666.site.3, 0, 155, 155
411483.3.peg.666.site.4, 0, 155, 155
411483.3.peg.666.site.5, 1, 154, 155
411483.3.peg.666.site.6, 6, 152, 158
411483.3.peg.666.site.7, 52, 141, 193
411483.3.peg.666.site.8, 1, 154, 155
411483.3.peg.666.site.9, 3, 151, 154
411483.3.peg.666.site.10, 6, 149, 155
411483.3.peg.666.site.11, 5, 151, 156
411483.3.peg.666.site.12, 85, 144, 229
411483.3.peg.666.site.13, 1, 147, 148
411483.3.peg.666.site.14, 10, 149, 159
411483.3.peg.666.site.15, 1, 147, 148
411483.3.peg.666.site.16, 1, 148, 149
411483.3.peg.666.site.17, 5, 148, 153
411483.3.peg.666.site.18, 10, 142, 152
411483.3.peg.666.site.19, 2, 145, 147
411483.3.peg.666.site.20, 1, 142, 143
411483.3.peg.666.site.21, 62, 139, 201
411483.3.peg.666.site.22, 8, 135, 143
411483.3.peg.666.site.23, 4, 130, 134
411483.3.peg.666.site.24, 9, 139, 148
411483.3.peg.666.site.25, 1, 120, 121
411483.3.peg.666.site.26, 4, 140, 144
411483.3.peg.666.site.27, 4, 136, 140
411483.3.peg.666.site.28, 7, 135, 142
411483.3.peg.666.site.29, 2, 139, 141
411483.3.peg.666.site.30, 0, 139, 139
411483.3.peg.666.site.31, 29, 134, 163
411483.3.peg.666.site.32, 31, 142, 173
411483.3.peg.666.site.33, 93, 144, 237
411483.3.peg.666.site.34, 23, 152, 175
411483.3.peg.666.site.35, 4, 152, 156
411483.3.peg.666.site.36, 26, 146, 172
411483.3.peg.666.site.37, 21, 145, 166
411483.3.peg.666.site.38, 2, 149, 151
411483.3.peg.666.site.39, 0, 152, 152
411483.3.peg.666.site.40, 3, 151, 154
411483.3.peg.666.site.41, 2, 152, 154
411483.3.peg.666.site.42, 2, 151, 153
411483.3.peg.666.site.43, 1, 153, 154
411483.3.peg.666.site.44, 2, 154, 156
411483.3.peg.666.site.45, 1, 153, 154
411483.3.peg.666.site.46, 1, 151, 152
411483.3.peg.666.site.47, 1, 153, 154
411483.3.peg.666.site.48, 96, 147, 243
411483.3.peg.666.site.49, 2, 155, 157
411483.3.peg.666.site.50, 40, 149, 189
411483.3.peg.666.site.51, 2, 154, 156
411483.3.peg.666.site.52, 88, 146, 234
411483.3.peg.666.site.53, 1, 155, 156
411483.3.peg.666.site.54, 3, 154, 157
411483.3.peg.666.site.55, 2, 155, 157
411483.3.peg.666.site.56, 24, 151, 175
411483.3.peg.666.site.57, 130, 150, 280
411483.3.peg.666.site.58, 3, 154, 157
411483.3.peg.666.site.59, 4, 153, 157
411483.3.peg.666.site.60, 3, 155, 158
411483.3.peg.666.site.61, 23, 148, 171
411483.3.peg.666.site.62, 2, 152, 154
411483.3.peg.666.site.63, 1, 151, 152
411483.3.peg.666.site.64, 1, 151, 152
411483.3.peg.666.site.65, 2, 151, 153
411483.3.peg.666.site.66, 152, 153, 305
411483.3.peg.666.site.67, 2, 153, 155
411483.3.peg.666.site.68, 101, 141, 242
411483.3.peg.666.site.69, 18, 151, 169
411483.3.peg.666.site.70, 1, 154, 155
411483.3.peg.666.site.71, 1, 153, 154
411483.3.peg.666.site.72, 1, 151, 152
411483.3.peg.666.site.73, 1, 152, 153
411483.3.peg.666.site.74, 4, 153, 157
411483.3.peg.666.site.75, 4, 152, 156
411483.3.peg.666.site.76, 1, 150, 151
411483.3.peg.666.site.77, 1, 154, 155
411483.3.peg.666.site.78, 0, 151, 151
411483.3.peg.666.site.79, 1, 144, 145
411483.3.peg.666.site.80, 1, 149, 150
411483.3.peg.666.site.81, 4, 150, 154
411483.3.peg.666.site.82, 1, 150, 151
411483.3.peg.666.site.83, 0, 151, 151
411483.3.peg.666.site.84, 22, 146, 168
411483.3.peg.666.site.85, 8, 152, 160
411483.3.peg.666.site.86, 102, 148, 250
411483.3.peg.666.site.87, 5, 154, 159
411483.3.peg.666.site.88, 1, 154, 155
411483.3.peg.666.site.89, 2, 152, 154
411483.3.peg.666.site.90, 1, 150, 151
411483.3.peg.666.site.91, 28, 143, 171
411483.3.peg.666.site.92, 95, 143, 238
411483.3.peg.666.site.93, 10, 143, 153
411483.3.peg.666.site.94, 3, 149, 152
411483.3.peg.666.site.95, 1, 153, 154
411483.3.peg.666.site.96, 5, 148, 153
411483.3.peg.666.site.97, 7, 143, 150
411483.3.peg.666.site.98, 13, 144, 157
411483.3.peg.666.site.99, 74, 141, 215
411483.3.peg.666.site.100, 116, 139, 255
411483.3.peg.666.site.101, 1, 147, 148
411483.3.peg.666.site.102, 4, 152, 156
411483.3.peg.666.site.103, 2, 153, 155
411483.3.peg.666.site.104, 4, 149, 153
411483.3.peg.666.site.105, 1, 151, 152
411483.3.peg.666.site.106, 101, 143, 244
411483.3.peg.666.site.107, 16, 147, 163
411483.3.peg.666.site.108, 1, 152, 153
411483.3.peg.666.site.109, 3, 149, 152
411483.3.peg.666.site.110, 4, 148, 152
411483.3.peg.666.site.111, 10, 140, 150
411483.3.peg.666.site.112, 1, 144, 145
411483.3.peg.666.site.113, 0, 143, 143
411483.3.peg.666.site.114, 1, 137, 138
411483.3.peg.666.site.115, 1, 140, 141
411483.3.peg.666.site.116, 147, 147, 294
411483.3.peg.666.site.117, 2, 143, 145
411483.3.peg.666.site.118, 2, 143, 145
411483.3.peg.666.site.119, 133, 143, 276
411483.3.peg.666.site.120, 51, 139, 190
411483.3.peg.666.site.121, 1, 153, 154
411483.3.peg.666.site.122, 9, 153, 162
411483.3.peg.666.site.123, 4, 152, 156
411483.3.peg.666.site.124, 4, 151, 155
411483.3.peg.666.site.125, 1, 151, 152
411483.3.peg.666.site.126, 1, 150, 151
411483.3.peg.666.site.127, 9, 151, 160
411483.3.peg.666.site.128, 3, 152, 155
411483.3.peg.666.site.129, 14, 145, 159
411483.3.peg.666.site.130, 8, 151, 159
411483.3.peg.666.site.131, 5, 154, 159
411483.3.peg.666.site.132, 3, 153, 156
411483.3.peg.666.site.133, 12, 153, 165
411483.3.peg.666.site.134, 77, 144, 221
411483.3.peg.666.site.135, 21, 153, 174
411483.3.peg.666.site.136, 12, 153, 165
411483.3.peg.666.site.137, 0, 145, 145
411483.3.peg.666.site.138, 14, 145, 159
411483.3.peg.666.site.139, 6, 141, 147
411483.3.peg.666.site.140, 2, 139, 141
411483.3.peg.666.site.141, 0, 140, 140
411483.3.peg.666.site.142, 0, 138, 138
411483.3.peg.666.site.143, 11, 142, 153
411483.3.peg.666.site.144, 1, 145, 146
411483.3.peg.666.site.145, 8, 145, 153
411483.3.peg.666.site.146, 1, 147, 148
411483.3.peg.666.site.147, 2, 149, 151
411483.3.peg.666.site.148, 2, 146, 148
411483.3.peg.666.site.149, 0, 145, 145
411483.3.peg.666.site.150, 1, 151, 152
411483.3.peg.666.site.151, 10, 148, 158
411483.3.peg.666.site.152, 3, 151, 154
411483.3.peg.666.site.153, 4, 144, 148
411483.3.peg.666.site.154, 30, 143, 173
411483.3.peg.666.site.155, 2, 149, 151
411483.3.peg.666.site.156, 128, 146, 274
411483.3.peg.666.site.157, 33, 149, 182
411483.3.peg.666.site.158, 6, 153, 159
411483.3.peg.666.site.159, 12, 147, 159
411483.3.peg.666.site.160, 3, 150, 153
411483.3.peg.666.site.161, 1, 155, 156
411483.3.peg.666.site.162, 12, 147, 159
411483.3.peg.666.site.163, 1, 152, 153
411483.3.peg.666.site.164, 40, 148, 188
411483.3.peg.666.site.165, 1, 150, 151
411483.3.peg.666.site.166, 1, 150, 151
411483.3.peg.666.site.167, 0, 151, 151
411483.3.peg.666.site.168, 0, 144, 144
411483.3.peg.666.site.169, 2, 141, 143
411483.3.peg.666.site.170, 0, 138, 138
411483.3.peg.666.site.171, 3, 130, 133
411483.3.peg.666.site.172, 1, 132, 133
411483.3.peg.666.site.173, 13, 129, 142
411483.3.peg.666.site.174, 2, 124, 126
411483.3.peg.666.site.175, 0, 124, 124
411483.3.peg.666.site.176, 3, 141, 144
411483.3.peg.666.site.177, 3, 141, 144
411483.3.peg.666.site.178, 4, 146, 150
411483.3.peg.666.site.179, 0, 151, 151
411483.3.peg.666.site.180, 5, 152, 157
411483.3.peg.666.site.181, 3, 149, 152
411483.3.peg.666.site.182, 17, 147, 164
411483.3.peg.666.site.183, 151, 152, 303
411483.3.peg.666.site.184, 6, 146, 152
411483.3.peg.666.site.185, 1, 152, 153
411483.3.peg.666.site.186, 135, 141, 276
411483.3.peg.666.site.187, 9, 146, 155
411483.3.peg.666.site.188, 21, 145, 166
411483.3.peg.666.site.189, 1, 153, 154
411483.3.peg.666.site.190, 0, 151, 151
411483.3.peg.666.site.191, 12, 153, 165
411483.3.peg.666.site.192, 2, 152, 154
411483.3.peg.666.site.193, 154, 155, 309
411483.3.peg.666.site.194, 6, 150, 156
411483.3.peg.666.site.195, 1, 154, 155
411483.3.peg.666.site.196, 9, 151, 160
411483.3.peg.666.site.197, 0, 151, 151
411483.3.peg.666.site.198, 15, 150, 165
411483.3.peg.666.site.199, 4, 151, 155
411483.3.peg.666.site.200, 12, 144, 156
411483.3.peg.666.site.201, 0, 140, 140
411483.3.peg.666.site.202, 39, 139, 178
411483.3.peg.666.site.203, 3, 136, 139
411483.3.peg.666.site.204, 104, 126, 230
411483.3.peg.666.site.205, 1, 143, 144
411483.3.peg.666.site.206, 2, 144, 146
411483.3.peg.666.site.207, 1, 142, 143
411483.3.peg.666.site.208, 9, 142, 151
411483.3.peg.666.site.209, 3, 151, 154
411483.3.peg.666.site.210, 5, 152, 157
411483.3.peg.666.site.211, 8, 150, 158
411483.3.peg.666.site.212, 2, 152, 154
411483.3.peg.666.site.213, 4, 153, 157
411483.3.peg.666.site.214, 126, 140, 266
411483.3.peg.666.site.215, 48, 137, 185
411483.3.peg.666.site.216, 0, 148, 148
411483.3.peg.666.site.217, 13, 141, 154
411483.3.peg.666.site.218, 86, 126, 212
411483.3.peg.666.site.219, 68, 123, 191
411483.3.peg.666.site.220, 2, 138, 140
411483.3.peg.666.site.221, 5, 141, 146
411483.3.peg.666.site.222, 134, 141, 275
411483.3.peg.666.site.223, 3, 145, 148
411483.3.peg.666.site.224, 6, 146, 152
411483.3.peg.666.site.225, 7, 150, 157
411483.3.peg.666.site.226, 0, 150, 150
411483.3.peg.666.site.227, 3, 150, 153
411483.3.peg.666.site.228, 3, 153, 156
411483.3.peg.666.site.229, 2, 138, 140
411483.3.peg.666.site.230, 10, 146, 156
411483.3.peg.666.site.231, 4, 147, 151
411483.3.peg.666.site.232, 17, 138, 155
411483.3.peg.666.site.233, 17, 136, 153
411483.3.peg.666.site.234, 14, 142, 156
411483.3.peg.666.site.235, 1, 148, 149
411483.3.peg.666.site.236, 2, 151, 153
411483.3.peg.666.site.237, 3, 146, 149
411483.3.peg.666.site.238, 0, 153, 153
411483.3.peg.666.site.239, 3, 154, 157
411483.3.peg.666.site.240, 5, 151, 156
411483.3.peg.666.site.241, 3, 152, 155
411483.3.peg.666.site.242, 2, 153, 155
411483.3.peg.666.site.243, 1, 154, 155
411483.3.peg.666.site.244, 1, 153, 154
411483.3.peg.666.site.245, 0, 154, 154
411483.3.peg.666.site.246, 2, 152, 154
411483.3.peg.666.site.247, 1, 155, 156
411483.3.peg.666.site.248, 1, 154, 155
411483.3.peg.666.site.249, 10, 154, 164
411483.3.peg.666.site.250, 3, 151, 154
411483.3.peg.666.site.251, 5, 154, 159
411483.3.peg.666.site.252, 1, 154, 155
411483.3.peg.666.site.253, 19, 143, 162
411483.3.peg.666.site.254, 10, 142, 152
411483.3.peg.666.site.255, 1, 153, 154
411483.3.peg.666.site.256, 1, 154, 155
411483.3.peg.666.site.257, 0, 153, 153
411483.3.peg.666.site.258, 1, 152, 153
411483.3.peg.666.site.259, 9, 151, 160
411483.3.peg.666.site.260, 16, 150, 166
411483.3.peg.666.site.261, 2, 154, 156
411483.3.peg.666.site.262, 5, 151, 156
411483.3.peg.666.site.263, 1, 151, 152
411483.3.peg.666.site.264, 5, 154, 159
411483.3.peg.666.site.265, 3, 155, 158
411483.3.peg.666.site.266, 0, 154, 154
411483.3.peg.666.site.267, 6, 154, 160
411483.3.peg.666.site.268, 2, 148, 150
411483.3.peg.2319.site.1, 0, 145, 145
411483.3.peg.2319.site.2, 1, 149, 150
411483.3.peg.2319.site.3, 1, 148, 149
411483.3.peg.2319.site.4, 10, 148, 158
411483.3.peg.2319.site.5, 31, 145, 176
411483.3.peg.2319.site.6, 3, 155, 158
411483.3.peg.2319.site.7, 1, 154, 155
411483.3.peg.2319.site.8, 33, 140, 173
411483.3.peg.2319.site.9, 2, 151, 153
411483.3.peg.2319.site.10, 89, 139, 228
411483.3.peg.2319.site.11, 29, 139, 168
411483.3.peg.2319.site.12, 3, 149, 152
411483.3.peg.2319.site.13, 10, 143, 153
411483.3.peg.2319.site.14, 0, 148, 148
411483.3.peg.2319.site.15, 5, 148, 153
411483.3.peg.2319.site.16, 0, 150, 150
411483.3.peg.2319.site.17, 132, 151, 283
411483.3.peg.2319.site.18, 0, 151, 151
411483.3.peg.2319.site.19, 11, 153, 164
411483.3.peg.2319.site.20, 6, 153, 159
411483.3.peg.2319.site.21, 0, 154, 154
411483.3.peg.2319.site.22, 4, 153, 157
411483.3.peg.2319.site.23, 4, 152, 156
411483.3.peg.2319.site.24, 106, 143, 249
411483.3.peg.2319.site.25, 1, 153, 154
411483.3.peg.2319.site.26, 2, 153, 155
411483.3.peg.2319.site.27, 4, 152, 156
411483.3.peg.2319.site.28, 4, 152, 156
411483.3.peg.2319.site.29, 5, 152, 157
411483.3.peg.2319.site.30, 1, 154, 155
411483.3.peg.2319.site.31, 2, 155, 157
411483.3.peg.2319.site.32, 18, 148, 166
411483.3.peg.2319.site.33, 12, 151, 163
411483.3.peg.2319.site.34, 3, 153, 156
411483.3.peg.2319.site.35, 2, 154, 156
411483.3.peg.2319.site.36, 122, 148, 270
411483.3.peg.2319.site.37, 4, 155, 159
411483.3.peg.2319.site.38, 1, 155, 156
411483.3.peg.2319.site.39, 8, 153, 161
411483.3.peg.2319.site.40, 1, 155, 156
411483.3.peg.2319.site.41, 99, 143, 242
411483.3.peg.2319.site.42, 0, 154, 154
411483.3.peg.2319.site.43, 12, 153, 165
411483.3.peg.2319.site.44, 8, 155, 163
411483.3.peg.2319.site.45, 15, 153, 168
411483.3.peg.2319.site.46, 2, 155, 157
411483.3.peg.2319.site.47, 1, 155, 156
411483.3.peg.2319.site.48, 5, 152, 157
411483.3.peg.2319.site.49, 28, 148, 176
411483.3.peg.2319.site.50, 155, 155, 310
411483.3.peg.2319.site.51, 9, 155, 164
411483.3.peg.2319.site.52, 5, 155, 160
411483.3.peg.2319.site.53, 13, 145, 158
411483.3.peg.2319.site.54, 0, 150, 150
411483.3.peg.2319.site.55, 148, 148, 296
411483.3.peg.2319.site.56, 4, 152, 156
411483.3.peg.2319.site.57, 47, 143, 190
411483.3.peg.2319.site.58, 1, 155, 156
411483.3.peg.2319.site.59, 153, 153, 306
411483.3.peg.2319.site.60, 1, 151, 152
411483.3.peg.2319.site.61, 0, 151, 151
411483.3.peg.2319.site.62, 1, 151, 152
411483.3.peg.2319.site.63, 1, 153, 154
411483.3.peg.2319.site.64, 3, 153, 156
411483.3.peg.2319.site.65, 85, 145, 230
411483.3.peg.2319.site.66, 29, 150, 179
411483.3.peg.2319.site.67, 49, 147, 196
411483.3.peg.2319.site.68, 80, 143, 223
411483.3.peg.2319.site.69, 114, 149, 263
411483.3.peg.2319.site.70, 0, 154, 154
411483.3.peg.2319.site.71, 1, 155, 156
411483.3.peg.2319.site.72, 1, 155, 156
411483.3.peg.2319.site.73, 6, 155, 161
411483.3.peg.2319.site.74, 6, 154, 160
411483.3.peg.2319.site.75, 26, 146, 172
411483.3.peg.2319.site.76, 4, 155, 159
411483.3.peg.2319.site.77, 2, 155, 157
411483.3.peg.2319.site.78, 11, 151, 162
411483.3.peg.2319.site.79, 10, 154, 164
411483.3.peg.2319.site.80, 106, 143, 249
411483.3.peg.2319.site.81, 7, 155, 162
411483.3.peg.2319.site.82, 2, 154, 156
411483.3.peg.2319.site.83, 4, 155, 159
411483.3.peg.2319.site.84, 12, 151, 163
411483.3.peg.2319.site.85, 7, 154, 161
411483.3.peg.2319.site.86, 1, 155, 156
411483.3.peg.2319.site.87, 2, 155, 157
411483.3.peg.2319.site.88, 1, 154, 155
411483.3.peg.2319.site.89, 22, 151, 173
411483.3.peg.2319.site.90, 0, 151, 151
411483.3.peg.2319.site.91, 1, 153, 154
411483.3.peg.2319.site.92, 30, 137, 167
411483.3.peg.2319.site.93, 22, 133, 155
411483.3.peg.2319.site.94, 0, 140, 140
411483.3.peg.2319.site.95, 7, 125, 132
411483.3.peg.2319.site.96, 1, 133, 134
411483.3.peg.2319.site.97, 1, 145, 146
411483.3.peg.2319.site.98, 4, 142, 146
411483.3.peg.2319.site.99, 2, 150, 152
411483.3.peg.2319.site.100, 14, 141, 155
411483.3.peg.2319.site.101, 52, 149, 201
411483.3.peg.2319.site.102, 1, 148, 149
411483.3.peg.2319.site.103, 4, 148, 152
411483.3.peg.2319.site.104, 15, 152, 167
411483.3.peg.2319.site.105, 20, 147, 167
411483.3.peg.2319.site.106, 1, 154, 155
411483.3.peg.2319.site.107, 0, 153, 153
411483.3.peg.2318.site.1, 1, 130, 131
411483.3.peg.2318.site.2, 0, 139, 139
411483.3.peg.2318.site.3, 8, 142, 150
411483.3.peg.2318.site.4, 6, 139, 145
411483.3.peg.2318.site.5, 4, 149, 153
411483.3.peg.2318.site.6, 1, 153, 154
411483.3.peg.2318.site.7, 2, 154, 156
411483.3.peg.2318.site.8, 1, 154, 155
411483.3.peg.2318.site.9, 0, 154, 154
411483.3.peg.2318.site.10, 0, 144, 144
411483.3.peg.2318.site.11, 6, 152, 158
411483.3.peg.2318.site.12, 10, 143, 153
411483.3.peg.2318.site.13, 1, 153, 154
411483.3.peg.2318.site.14, 2, 153, 155
411483.3.peg.2318.site.15, 3, 152, 155
411483.3.peg.2318.site.16, 33, 146, 179
411483.3.peg.2318.site.17, 1, 153, 154
411483.3.peg.2318.site.18, 71, 145, 216
411483.3.peg.2318.site.19, 26, 147, 173
411483.3.peg.2318.site.20, 57, 143, 200
411483.3.peg.2318.site.21, 3, 150, 153
411483.3.peg.2318.site.22, 20, 148, 168
411483.3.peg.2318.site.23, 6, 150, 156
411483.3.peg.2318.site.24, 2, 152, 154
411483.3.peg.2318.site.25, 0, 150, 150
411483.3.peg.2318.site.26, 16, 139, 155
411483.3.peg.2318.site.27, 3, 144, 147
411483.3.peg.2318.site.28, 3, 141, 144
411483.3.peg.2318.site.29, 3, 135, 138
411483.3.peg.2318.site.30, 0, 129, 129
411483.3.peg.2318.site.31, 0, 126, 126
411483.3.peg.2318.site.32, 1, 120, 121
411483.3.peg.2318.site.33, 0, 117, 117
411483.3.peg.2318.site.34, 4, 123, 127
411483.3.peg.2318.site.35, 0, 113, 113
411483.3.peg.2318.site.36, 13, 119, 132
411483.3.peg.2318.site.37, 1, 121, 122
411483.3.peg.2318.site.38, 42, 120, 162
411483.3.peg.2318.site.39, 2, 122, 124
411483.3.peg.2318.site.40, 0, 131, 131
411483.3.peg.2318.site.41, 4, 129, 133
411483.3.peg.2318.site.42, 0, 127, 127
411483.3.peg.2318.site.43, 2, 133, 135
411483.3.peg.2318.site.44, 5, 129, 134
411483.3.peg.2318.site.45, 1, 128, 129
411483.3.peg.2318.site.46, 4, 122, 126
411483.3.peg.2318.site.47, 0, 120, 120
411483.3.peg.2318.site.48, 0, 116, 116
411483.3.peg.2318.site.49, 32, 118, 150
411483.3.peg.2318.site.50, 18, 121, 139
411483.3.peg.2318.site.51, 9, 126, 135
411483.3.peg.2318.site.52, 18, 141, 159
411483.3.peg.2318.site.53, 3, 147, 150
411483.3.peg.2318.site.54, 2, 154, 156
411483.3.peg.2318.site.55, 2, 154, 156
411483.3.peg.2318.site.56, 0, 151, 151
411483.3.peg.2318.site.57, 1, 149, 150
411483.3.peg.2318.site.58, 7, 139, 146
411483.3.peg.2318.site.59, 22, 130, 152
411483.3.peg.2318.site.60, 15, 128, 143
411483.3.peg.2318.site.61, 23, 129, 152
411483.3.peg.2318.site.62, 4, 138, 142
411483.3.peg.2318.site.63, 7, 149, 156
411483.3.peg.2318.site.64, 9, 145, 154
411483.3.peg.2318.site.65, 4, 146, 150
411483.3.peg.2318.site.66, 1, 150, 151
411483.3.peg.2318.site.67, 0, 152, 152
411483.3.peg.2318.site.68, 1, 149, 150
411483.3.peg.2318.site.69, 11, 149, 160
411483.3.peg.2318.site.70, 12, 148, 160
411483.3.peg.2318.site.71, 7, 144, 151
411483.3.peg.2318.site.72, 2, 145, 147
411483.3.peg.2318.site.73, 5, 141, 146
411483.3.peg.2318.site.74, 4, 117, 121
411483.3.peg.2318.site.75, 0, 122, 122
411483.3.peg.2318.site.76, 0, 101, 101
411483.3.peg.2318.site.77, 3, 105, 108
411483.3.peg.2318.site.78, 2, 103, 105
411483.3.peg.2318.site.79, 108, 112, 220
411483.3.peg.2318.site.80, 0, 102, 102
411483.3.peg.2318.site.81, 0, 118, 118
411483.3.peg.2318.site.82, 38, 118, 156
411483.3.peg.2318.site.83, 2, 128, 130
411483.3.peg.2318.site.84, 0, 136, 136
411483.3.peg.2318.site.85, 0, 142, 142
411483.3.peg.2318.site.86, 0, 140, 140
411483.3.peg.2318.site.87, 2, 143, 145
411483.3.peg.2318.site.88, 22, 139, 161
411483.3.peg.2318.site.89, 4, 150, 154
411483.3.peg.2318.site.90, 5, 149, 154
411483.3.peg.2318.site.91, 1, 153, 154
411483.3.peg.2318.site.92, 1, 150, 151
411483.3.peg.2318.site.93, 6, 149, 155
411483.3.peg.2318.site.94, 5, 148, 153
411483.3.peg.2318.site.95, 1, 153, 154
411483.3.peg.2318.site.96, 15, 146, 161
411483.3.peg.2318.site.97, 1, 146, 147
411483.3.peg.2318.site.98, 1, 145, 146
411483.3.peg.2318.site.99, 14, 146, 160
411483.3.peg.2318.site.100, 1, 134, 135
411483.3.peg.2317.site.1, 2, 129, 131
411483.3.peg.2317.site.2, 0, 129, 129
411483.3.peg.2317.site.3, 29, 102, 131
411483.3.peg.2317.site.4, 0, 117, 117
411483.3.peg.2317.site.5, 2, 119, 121
411483.3.peg.2317.site.6, 76, 110, 186
411483.3.peg.2317.site.7, 0, 118, 118
411483.3.peg.2317.site.8, 2, 123, 125
411483.3.peg.2317.site.9, 8, 124, 132
411483.3.peg.2317.site.10, 73, 118, 191
411483.3.peg.2317.site.11, 8, 124, 132
411483.3.peg.2317.site.12, 1, 127, 128
411483.3.peg.2317.site.13, 7, 126, 133
411483.3.peg.2317.site.14, 1, 127, 128
411483.3.peg.2317.site.15, 6, 109, 115
411483.3.peg.2317.site.16, 3, 128, 131
411483.3.peg.2317.site.17, 1, 129, 130
411483.3.peg.2317.site.18, 1, 127, 128
411483.3.peg.2317.site.19, 2, 132, 134
411483.3.peg.2317.site.20, 5, 136, 141
411483.3.peg.2317.site.21, 0, 141, 141
411483.3.peg.2317.site.22, 97, 129, 226
411483.3.peg.2317.site.23, 1, 144, 145
411483.3.peg.2317.site.24, 1, 143, 144
411483.3.peg.2317.site.25, 10, 137, 147
411483.3.peg.2317.site.26, 8, 133, 141
411483.3.peg.2317.site.27, 135, 137, 272
411483.3.peg.2317.site.28, 4, 138, 142
411483.3.peg.2317.site.29, 1, 127, 128
411483.3.peg.2317.site.30, 1, 144, 145
411483.3.peg.2317.site.31, 0, 133, 133
411483.3.peg.2317.site.32, 1, 139, 140
411483.3.peg.2317.site.33, 127, 129, 256
411483.3.peg.2317.site.34, 4, 134, 138
411483.3.peg.2317.site.35, 3, 140, 143
411483.3.peg.2317.site.36, 1, 143, 144
411483.3.peg.2317.site.37, 0, 142, 142
411483.3.peg.2317.site.38, 1, 144, 145
411483.3.peg.2317.site.39, 1, 141, 142
411483.3.peg.2317.site.40, 0, 140, 140
411483.3.peg.2317.site.41, 1, 136, 137
411483.3.peg.2317.site.42, 11, 134, 145
411483.3.peg.2317.site.43, 5, 128, 133
411483.3.peg.2317.site.44, 25, 129, 154
411483.3.peg.2317.site.45, 5, 139, 144
411483.3.peg.2317.site.46, 96, 128, 224
411483.3.peg.2317.site.47, 0, 124, 124
411483.3.peg.2317.site.48, 2, 125, 127
411483.3.peg.2317.site.49, 4, 134, 138
411483.3.peg.2317.site.50, 35, 136, 171
411483.3.peg.2317.site.51, 24, 136, 160
411483.3.peg.2317.site.52, 4, 144, 148
411483.3.peg.2317.site.53, 20, 145, 165
411483.3.peg.2317.site.54, 51, 141, 192
411483.3.peg.2317.site.55, 1, 146, 147
411483.3.peg.2317.site.56, 7, 124, 131
411483.3.peg.2317.site.57, 0, 128, 128
411483.3.peg.2317.site.58, 16, 116, 132
411483.3.peg.2317.site.59, 3, 123, 126
411483.3.peg.2317.site.60, 4, 114, 118
411483.3.peg.2317.site.61, 2, 105, 107
411483.3.peg.2317.site.62, 2, 104, 106
411483.3.peg.2317.site.63, 10, 105, 115
411483.3.peg.2317.site.64, 2, 105, 107
411483.3.peg.2317.site.65, 9, 98, 107
411483.3.peg.2317.site.66, 1, 89, 90
411483.3.peg.2317.site.67, 1, 82, 83
411483.3.peg.2317.site.68, 1, 82, 83
411483.3.peg.2316.site.1, 1, 151, 152
411483.3.peg.2316.site.2, 0, 150, 150
411483.3.peg.2316.site.3, 2, 140, 142
411483.3.peg.2316.site.4, 0, 125, 125
411483.3.peg.2316.site.5, 9, 121, 130
411483.3.peg.2316.site.6, 1, 126, 127
411483.3.peg.2316.site.7, 2, 106, 108
411483.3.peg.2316.site.8, 7, 109, 116
411483.3.peg.2316.site.9, 104, 110, 214
411483.3.peg.2316.site.10, 4, 131, 135
411483.3.peg.2316.site.11, 5, 129, 134
411483.3.peg.2316.site.12, 11, 117, 128
411483.3.peg.2316.site.13, 75, 133, 208
411483.3.peg.2316.site.14, 40, 133, 173
411483.3.peg.2316.site.15, 2, 149, 151
411483.3.peg.2316.site.16, 56, 129, 185
411483.3.peg.2316.site.17, 1, 145, 146
411483.3.peg.2316.site.18, 0, 147, 147
411483.3.peg.2316.site.19, 0, 148, 148
411483.3.peg.2316.site.20, 6, 144, 150
411483.3.peg.2316.site.21, 2, 138, 140
411483.3.peg.2316.site.22, 8, 140, 148
411483.3.peg.2316.site.23, 6, 131, 137
411483.3.peg.2316.site.24, 0, 136, 136
411483.3.peg.2316.site.25, 1, 138, 139
411483.3.peg.2316.site.26, 3, 141, 144
411483.3.peg.2316.site.27, 2, 145, 147
411483.3.peg.2316.site.28, 80, 129, 209
411483.3.peg.2316.site.29, 18, 133, 151
411483.3.peg.2316.site.30, 6, 134, 140
411483.3.peg.2316.site.31, 69, 133, 202
411483.3.peg.2316.site.32, 78, 129, 207
411483.3.peg.2316.site.33, 2, 136, 138
411483.3.peg.2316.site.34, 60, 124, 184
411483.3.peg.2316.site.35, 2, 132, 134
411483.3.peg.2316.site.36, 2, 133, 135
411483.3.peg.2316.site.37, 5, 123, 128
411483.3.peg.2316.site.38, 0, 131, 131
411483.3.peg.2316.site.39, 8, 122, 130
411483.3.peg.2316.site.40, 5, 123, 128
411483.3.peg.2316.site.41, 2, 130, 132
411483.3.peg.2316.site.42, 0, 126, 126
411483.3.peg.2316.site.43, 1, 135, 136
411483.3.peg.2316.site.44, 5, 134, 139
411483.3.peg.2316.site.45, 8, 141, 149
411483.3.peg.2316.site.46, 1, 142, 143
411483.3.peg.2316.site.47, 2, 142, 144
411483.3.peg.2316.site.48, 1, 137, 138
411483.3.peg.2316.site.49, 3, 134, 137
411483.3.peg.2316.site.50, 2, 135, 137
411483.3.peg.667.site.1, 2, 148, 150
411483.3.peg.667.site.2, 8, 144, 152
411483.3.peg.667.site.3, 2, 152, 154
411483.3.peg.667.site.4, 14, 152, 166
411483.3.peg.667.site.5, 3, 153, 156
411483.3.peg.667.site.6, 50, 149, 199
411483.3.peg.667.site.7, 13, 151, 164
411483.3.peg.667.site.8, 2, 149, 151
411483.3.peg.667.site.9, 54, 128, 182
411483.3.peg.667.site.10, 7, 92, 99
411483.3.peg.667.site.11, 28, 77, 105
411483.3.peg.667.site.12, 3, 76, 79
411483.3.peg.667.site.13, 64, 65, 129
411483.3.peg.667.site.14, 9, 59, 68
411483.3.peg.667.site.15, 40, 48, 88
411483.3.peg.667.site.16, 2, 48, 50
411483.3.peg.667.site.17, 4, 60, 64
411483.3.peg.667.site.18, 1, 66, 67
411483.3.peg.667.site.19, 12, 69, 81
411483.3.peg.667.site.20, 15, 80, 95
411483.3.peg.667.site.21, 4, 117, 121
411483.3.peg.667.site.22, 5, 114, 119
411483.3.peg.667.site.23, 10, 115, 125
411483.3.peg.667.site.24, 125, 125, 250
411483.3.peg.667.site.25, 27, 136, 163
411483.3.peg.667.site.26, 7, 139, 146
411483.3.peg.667.site.27, 80, 132, 212
411483.3.peg.667.site.28, 0, 149, 149
411483.3.peg.667.site.29, 1, 149, 150
411483.3.peg.667.site.30, 3, 148, 151
411483.3.peg.667.site.31, 1, 150, 151
411483.3.peg.667.site.32, 24, 142, 166
411483.3.peg.667.site.33, 5, 148, 153
411483.3.peg.667.site.34, 12, 141, 153
411483.3.peg.667.site.35, 6, 143, 149
411483.3.peg.667.site.36, 96, 143, 239
411483.3.peg.667.site.37, 1, 152, 153
411483.3.peg.667.site.38, 11, 148, 159
411483.3.peg.667.site.39, 15, 149, 164
411483.3.peg.667.site.40, 4, 153, 157
411483.3.peg.667.site.41, 19, 147, 166
411483.3.peg.667.site.42, 4, 153, 157
411483.3.peg.667.site.43, 1, 155, 156
411483.3.peg.667.site.44, 2, 154, 156
411483.3.peg.667.site.45, 2, 155, 157
411483.3.peg.667.site.46, 3, 154, 157
411483.3.peg.667.site.47, 6, 155, 161
411483.3.peg.667.site.48, 24, 145, 169
411483.3.peg.2313.site.1, 23, 136, 159
411483.3.peg.2313.site.2, 3, 127, 130
411483.3.peg.2313.site.3, 21, 122, 143
411483.3.peg.2313.site.4, 105, 115, 220
411483.3.peg.2313.site.5, 9, 120, 129
411483.3.peg.2313.site.6, 9, 114, 123
411483.3.peg.2313.site.7, 2, 108, 110
411483.3.peg.2313.site.8, 2, 101, 103
411483.3.peg.2313.site.9, 3, 98, 101
411483.3.peg.2313.site.10, 5, 99, 104
411483.3.peg.2313.site.11, 36, 92, 128
411483.3.peg.2313.site.12, 6, 104, 110
411483.3.peg.2313.site.13, 7, 99, 106
411483.3.peg.2313.site.14, 9, 99, 108
411483.3.peg.2313.site.15, 108, 110, 218
411483.3.peg.2313.site.16, 1, 104, 105
411483.3.peg.2313.site.17, 4, 121, 125
411483.3.peg.2313.site.18, 1, 134, 135
411483.3.peg.2313.site.19, 1, 136, 137
411483.3.peg.2313.site.20, 8, 129, 137
411483.3.peg.2313.site.21, 2, 130, 132
411483.3.peg.2313.site.22, 15, 125, 140
411483.3.peg.2313.site.23, 23, 115, 138
411483.3.peg.2313.site.24, 1, 126, 127
411483.3.peg.2313.site.25, 6, 123, 129
411483.3.peg.2313.site.26, 2, 121, 123
411483.3.peg.2313.site.27, 0, 118, 118
411483.3.peg.2313.site.28, 0, 84, 84
411483.3.peg.2313.site.29, 18, 80, 98
411483.3.peg.2313.site.30, 19, 81, 100
411483.3.peg.2313.site.31, 0, 87, 87
411483.3.peg.2313.site.32, 1, 88, 89
411483.3.peg.2313.site.33, 1, 92, 93
411483.3.peg.2313.site.34, 6, 83, 89
411483.3.peg.2313.site.35, 1, 80, 81
411483.3.peg.2313.site.36, 3, 81, 84
411483.3.peg.2313.site.37, 4, 76, 80
411483.3.peg.2313.site.38, 1, 78, 79
411483.3.peg.2313.site.39, 3, 85, 88
411483.3.peg.2313.site.40, 0, 84, 84
411483.3.peg.2313.site.41, 1, 92, 93
411483.3.peg.2313.site.42, 11, 88, 99
411483.3.peg.2313.site.43, 11, 87, 98
411483.3.peg.2313.site.44, 13, 88, 101
411483.3.peg.2313.site.45, 1, 124, 125
411483.3.peg.2313.site.46, 1, 127, 128
411483.3.peg.2313.site.47, 1, 129, 130
411483.3.peg.2313.site.48, 38, 119, 157
411483.3.peg.2313.site.49, 10, 127, 137
411483.3.peg.2313.site.50, 1, 127, 128
411483.3.peg.2313.site.51, 2, 128, 130
411483.3.peg.2313.site.52, 1, 104, 105
411483.3.peg.2313.site.53, 7, 99, 106
411483.3.peg.2313.site.54, 1, 109, 110
411483.3.peg.2313.site.55, 5, 109, 114
411483.3.peg.2313.site.56, 18, 115, 133
411483.3.peg.2313.site.57, 2, 133, 135
411483.3.peg.2313.site.58, 0, 132, 132
411483.3.peg.2313.site.59, 0, 136, 136
411483.3.peg.2313.site.60, 1, 136, 137
411483.3.peg.2313.site.61, 1, 130, 131
411483.3.peg.2313.site.62, 1, 125, 126
411483.3.peg.2313.site.63, 13, 125, 138
411483.3.peg.2313.site.64, 4, 105, 109
411483.3.peg.2313.site.65, 11, 98, 109
411483.3.peg.2313.site.66, 37, 96, 133
411483.3.peg.2313.site.67, 1, 100, 101
411483.3.peg.2313.site.68, 1, 101, 102
411483.3.peg.2313.site.69, 30, 101, 131
411483.3.peg.2313.site.70, 21, 100, 121
411483.3.peg.2313.site.71, 2, 105, 107
411483.3.peg.2313.site.72, 1, 110, 111
411483.3.peg.2313.site.73, 4, 135, 139
411483.3.peg.2313.site.74, 9, 122, 131
411483.3.peg.2313.site.75, 0, 134, 134
411483.3.peg.2313.site.76, 1, 129, 130
411483.3.peg.2313.site.77, 2, 129, 131
411483.3.peg.2313.site.78, 17, 125, 142
411483.3.peg.2313.site.79, 2, 127, 129
411483.3.peg.2313.site.80, 2, 128, 130
411483.3.peg.2313.site.81, 51, 115, 166
411483.3.peg.2313.site.82, 46, 111, 157
411483.3.peg.2313.site.83, 1, 129, 130
411483.3.peg.2313.site.84, 1, 128, 129
411483.3.peg.2313.site.85, 1, 128, 129
411483.3.peg.2313.site.86, 2, 129, 131
411483.3.peg.2313.site.87, 1, 132, 133
411483.3.peg.2313.site.88, 72, 122, 194
411483.3.peg.2313.site.89, 0, 117, 117
411483.3.peg.2313.site.90, 1, 118, 119
411483.3.peg.2313.site.91, 103, 116, 219
411483.3.peg.2313.site.92, 1, 129, 130
411483.3.peg.2313.site.93, 2, 132, 134
411483.3.peg.2313.site.94, 1, 134, 135
411483.3.peg.2313.site.95, 2, 141, 143
411483.3.peg.2313.site.96, 6, 143, 149
411483.3.peg.2313.site.97, 1, 139, 140
411483.3.peg.2313.site.98, 1, 144, 145
411483.3.peg.2313.site.99, 15, 143, 158
411483.3.peg.2313.site.100, 3, 145, 148
411483.3.peg.2313.site.101, 41, 134, 175
411483.3.peg.2313.site.102, 49, 137, 186
411483.3.peg.2313.site.103, 0, 149, 149
411483.3.peg.2313.site.104, 1, 151, 152
411483.3.peg.2313.site.105, 49, 138, 187
411483.3.peg.2313.site.106, 0, 150, 150
411483.3.peg.2313.site.107, 0, 149, 149
411483.3.peg.2313.site.108, 5, 148, 153
411483.3.peg.2313.site.109, 4, 132, 136
411483.3.peg.2313.site.110, 2, 104, 106
411483.3.peg.2313.site.111, 15, 80, 95
411483.3.peg.2313.site.112, 10, 71, 81
411483.3.peg.2313.site.113, 2, 72, 74
411483.3.peg.2313.site.114, 4, 70, 74
411483.3.peg.2313.site.115, 1, 72, 73
411483.3.peg.2313.site.116, 1, 77, 78
411483.3.peg.2313.site.117, 25, 101, 126
411483.3.peg.2313.site.118, 0, 143, 143
411483.3.peg.2313.site.119, 0, 145, 145
411483.3.peg.2313.site.120, 2, 151, 153
411483.3.peg.2313.site.121, 6, 143, 149
411483.3.peg.2313.site.122, 2, 140, 142
411483.3.peg.2313.site.123, 9, 140, 149
411483.3.peg.2313.site.124, 66, 122, 188
411483.3.peg.2313.site.125, 3, 118, 121
411483.3.peg.2313.site.126, 1, 130, 131
411483.3.peg.2313.site.127, 3, 145, 148
411483.3.peg.2313.site.128, 45, 143, 188
411483.3.peg.2313.site.129, 143, 146, 289
411483.3.peg.2312.site.1, 2, 130, 132
411483.3.peg.2312.site.2, 2, 147, 149
411483.3.peg.2312.site.3, 9, 136, 145
411483.3.peg.2312.site.4, 4, 149, 153
411483.3.peg.2312.site.5, 6, 150, 156
411483.3.peg.2312.site.6, 16, 147, 163
411483.3.peg.2312.site.7, 3, 149, 152
411483.3.peg.2312.site.8, 29, 148, 177
411483.3.peg.2312.site.9, 15, 149, 164
411483.3.peg.2312.site.10, 4, 154, 158
411483.3.peg.2312.site.11, 7, 154, 161
411483.3.peg.2312.site.12, 7, 149, 156
411483.3.peg.2312.site.13, 1, 151, 152
411483.3.peg.2312.site.14, 5, 146, 151
411483.3.peg.2312.site.15, 49, 133, 182
411483.3.peg.2312.site.16, 1, 151, 152
411483.3.peg.2312.site.17, 2, 153, 155
411483.3.peg.2312.site.18, 9, 149, 158
411483.3.peg.2312.site.19, 7, 150, 157
411483.3.peg.2312.site.20, 1, 153, 154
411483.3.peg.2311.site.1, 12, 146, 158
411483.3.peg.2311.site.2, 1, 153, 154
411483.3.peg.2311.site.3, 14, 149, 163
411483.3.peg.2311.site.4, 3, 154, 157
411483.3.peg.2311.site.5, 113, 149, 262
411483.3.peg.2311.site.6, 6, 153, 159
411483.3.peg.2311.site.7, 7, 153, 160
411483.3.peg.2311.site.8, 4, 153, 157
411483.3.peg.2311.site.9, 0, 151, 151
411483.3.peg.2311.site.10, 3, 150, 153
411483.3.peg.2311.site.11, 1, 155, 156
411483.3.peg.2311.site.12, 21, 152, 173
411483.3.peg.2311.site.13, 1, 155, 156
411483.3.peg.2311.site.14, 2, 154, 156
411483.3.peg.2311.site.15, 10, 151, 161
411483.3.peg.2311.site.16, 29, 147, 176
411483.3.peg.2311.site.17, 3, 152, 155
411483.3.peg.2311.site.18, 12, 149, 161
411483.3.peg.2311.site.19, 1, 154, 155
411483.3.peg.2311.site.20, 11, 151, 162
411483.3.peg.2311.site.21, 16, 150, 166
411483.3.peg.2311.site.22, 1, 153, 154
411483.3.peg.2311.site.23, 1, 145, 146
411483.3.peg.2311.site.24, 2, 154, 156
411483.3.peg.2311.site.25, 1, 152, 153
411483.3.peg.2311.site.26, 2, 85, 87
411483.3.peg.2310.site.1, 1, 155, 156
411483.3.peg.2310.site.2, 7, 154, 161
411483.3.peg.2310.site.3, 4, 153, 157
411483.3.peg.2310.site.4, 28, 145, 173
411483.3.peg.2310.site.5, 10, 152, 162
411483.3.peg.2310.site.6, 3, 152, 155
411483.3.peg.2310.site.7, 4, 150, 154
411483.3.peg.2310.site.8, 4, 152, 156
411483.3.peg.2310.site.9, 22, 149, 171
411483.3.peg.2310.site.10, 2, 154, 156
411483.3.peg.2310.site.11, 1, 149, 150
411483.3.peg.2310.site.12, 150, 151, 301
411483.3.peg.2310.site.13, 2, 149, 151
411483.3.peg.2310.site.14, 3, 149, 152
411483.3.peg.2310.site.15, 21, 146, 167
411483.3.peg.2310.site.16, 2, 151, 153
411483.3.peg.2310.site.17, 4, 150, 154
411483.3.peg.2310.site.18, 48, 141, 189
411483.3.peg.2310.site.19, 1, 149, 150
411483.3.peg.2310.site.20, 2, 150, 152
411483.3.peg.2310.site.21, 1, 146, 147
411483.3.peg.2310.site.22, 2, 151, 153
411483.3.peg.2310.site.23, 22, 149, 171
411483.3.peg.2310.site.24, 0, 153, 153
411483.3.peg.2310.site.25, 62, 148, 210
411483.3.peg.2310.site.26, 2, 154, 156
411483.3.peg.2310.site.27, 5, 151, 156
411483.3.peg.2310.site.28, 16, 148, 164
411483.3.peg.2310.site.29, 2, 153, 155
411483.3.peg.2310.site.30, 1, 150, 151
411483.3.peg.2310.site.31, 15, 145, 160
411483.3.peg.2310.site.32, 0, 151, 151
411483.3.peg.2310.site.33, 1, 155, 156
411483.3.peg.2310.site.34, 1, 154, 155
411483.3.peg.2310.site.35, 3, 154, 157
411483.3.peg.2310.site.36, 33, 150, 183
411483.3.peg.2310.site.37, 3, 153, 156
411483.3.peg.2310.site.38, 98, 147, 245
411483.3.peg.2310.site.39, 31, 148, 179
411483.3.peg.2310.site.40, 1, 152, 153
411483.3.peg.2310.site.41, 2, 155, 157
411483.3.peg.2310.site.42, 9, 152, 161
411483.3.peg.2310.site.43, 1, 153, 154
411483.3.peg.2310.site.44, 0, 152, 152
411483.3.peg.2009.site.1, 11, 108, 119
411483.3.peg.2009.site.2, 2, 115, 117
411483.3.peg.2009.site.3, 5, 111, 116
411483.3.peg.2009.site.4, 29, 113, 142
411483.3.peg.2009.site.5, 10, 121, 131
411483.3.peg.2009.site.6, 1, 133, 134
411483.3.peg.2009.site.7, 2, 127, 129
411483.3.peg.2009.site.8, 74, 125, 199
411483.3.peg.2009.site.9, 6, 142, 148
411483.3.peg.2009.site.10, 1, 146, 147
411483.3.peg.2009.site.11, 0, 146, 146
411483.3.peg.2009.site.12, 0, 149, 149
411483.3.peg.2009.site.13, 2, 145, 147
411483.3.peg.2009.site.14, 0, 146, 146
411483.3.peg.2009.site.15, 5, 141, 146
411483.3.peg.2009.site.16, 0, 133, 133
411483.3.peg.2009.site.17, 42, 134, 176
411483.3.peg.2009.site.18, 16, 132, 148
411483.3.peg.2009.site.19, 5, 129, 134
411483.3.peg.2009.site.20, 2, 135, 137
411483.3.peg.2009.site.21, 27, 124, 151
411483.3.peg.2009.site.22, 8, 122, 130
411483.3.peg.2009.site.23, 1, 131, 132
411483.3.peg.2009.site.24, 4, 151, 155
411483.3.peg.2009.site.25, 3, 151, 154
411483.3.peg.2009.site.26, 3, 153, 156
411483.3.peg.2009.site.27, 14, 151, 165
411483.3.peg.2009.site.28, 24, 145, 169
411483.3.peg.2009.site.29, 0, 151, 151
411483.3.peg.2009.site.30, 20, 146, 166
411483.3.peg.2009.site.31, 5, 143, 148
411483.3.peg.2009.site.32, 3, 145, 148
411483.3.peg.2009.site.33, 102, 135, 237
411483.3.peg.2009.site.34, 5, 141, 146
411483.3.peg.2009.site.35, 0, 143, 143
411483.3.peg.2009.site.36, 2, 139, 141
411483.3.peg.2009.site.37, 2, 144, 146
411483.3.peg.2009.site.38, 7, 141, 148
411483.3.peg.2009.site.39, 4, 143, 147
411483.3.peg.2009.site.40, 4, 147, 151
411483.3.peg.2009.site.41, 13, 139, 152
411483.3.peg.2009.site.42, 10, 145, 155
411483.3.peg.2009.site.43, 2, 147, 149
411483.3.peg.2009.site.44, 22, 139, 161
411483.3.peg.2009.site.45, 1, 148, 149
411483.3.peg.2009.site.46, 0, 145, 145
411483.3.peg.2009.site.47, 31, 140, 171
411483.3.peg.2009.site.48, 4, 143, 147
411483.3.peg.2009.site.49, 7, 134, 141
411483.3.peg.2009.site.50, 1, 121, 122
411483.3.peg.2009.site.51, 0, 85, 85
411483.3.peg.2009.site.52, 15, 77, 92
411483.3.peg.2009.site.53, 0, 80, 80
411483.3.peg.2009.site.54, 1, 70, 71
411483.3.peg.2009.site.55, 15, 66, 81
411483.3.peg.2009.site.56, 15, 63, 78
411483.3.peg.2009.site.57, 3, 121, 124
411483.3.peg.2009.site.58, 0, 138, 138
411483.3.peg.2009.site.59, 10, 139, 149
411483.3.peg.2009.site.60, 29, 140, 169
411483.3.peg.2009.site.61, 20, 140, 160
411483.3.peg.2009.site.62, 47, 138, 185
411483.3.peg.2009.site.63, 2, 150, 152
411483.3.peg.2009.site.64, 1, 151, 152
411483.3.peg.2009.site.65, 23, 142, 165
411483.3.peg.2009.site.66, 17, 139, 156
411483.3.peg.2009.site.67, 2, 151, 153
411483.3.peg.2009.site.68, 0, 147, 147
411483.3.peg.2009.site.69, 10, 140, 150
411483.3.peg.2009.site.70, 16, 131, 147
411483.3.peg.2009.site.71, 19, 126, 145
411483.3.peg.2009.site.72, 42, 122, 164
411483.3.peg.2009.site.73, 35, 124, 159
411483.3.peg.2009.site.74, 30, 127, 157
411483.3.peg.2009.site.75, 34, 107, 141
411483.3.peg.2009.site.76, 0, 128, 128
411483.3.peg.2009.site.77, 2, 116, 118
411483.3.peg.2009.site.78, 18, 110, 128
411483.3.peg.2009.site.79, 4, 132, 136
411483.3.peg.2009.site.80, 2, 131, 133
411483.3.peg.2009.site.81, 3, 133, 136
411483.3.peg.2009.site.82, 2, 141, 143
411483.3.peg.2009.site.83, 1, 144, 145
411483.3.peg.2009.site.84, 9, 146, 155
411483.3.peg.2009.site.85, 2, 151, 153
411483.3.peg.2009.site.86, 2, 152, 154
411483.3.peg.2009.site.87, 1, 151, 152
411483.3.peg.2009.site.88, 2, 150, 152
411483.3.peg.2009.site.89, 1, 150, 151
411483.3.peg.2009.site.90, 21, 137, 158
411483.3.peg.2009.site.91, 2, 145, 147
411483.3.peg.2009.site.92, 2, 134, 136
411483.3.peg.2009.site.93, 99, 122, 221
411483.3.peg.2009.site.94, 2, 131, 133
411483.3.peg.2009.site.95, 1, 119, 120
411483.3.peg.2009.site.96, 0, 126, 126
411483.3.peg.2009.site.97, 24, 120, 144
411483.3.peg.2009.site.98, 7, 133, 140
411483.3.peg.2009.site.99, 13, 123, 136
411483.3.peg.2009.site.100, 26, 125, 151
411483.3.peg.2009.site.101, 1, 133, 134
411483.3.peg.2009.site.102, 27, 117, 144
411483.3.peg.2009.site.103, 1, 135, 136
411483.3.peg.2009.site.104, 47, 110, 157
411483.3.peg.2009.site.105, 0, 124, 124
411483.3.peg.2009.site.106, 3, 128, 131
411483.3.peg.2009.site.107, 4, 123, 127
411483.3.peg.2009.site.108, 1, 117, 118
411483.3.peg.2009.site.109, 9, 115, 124
411483.3.peg.2009.site.110, 0, 108, 108
411483.3.peg.2009.site.111, 19, 109, 128
411483.3.peg.2009.site.112, 0, 121, 121
411483.3.peg.2009.site.113, 39, 106, 145
411483.3.peg.2009.site.114, 3, 135, 138
411483.3.peg.2009.site.115, 2, 143, 145
411483.3.peg.2009.site.116, 6, 146, 152
411483.3.peg.2009.site.117, 23, 139, 162
411483.3.peg.2009.site.118, 1, 144, 145
411483.3.peg.2009.site.119, 0, 149, 149
411483.3.peg.2009.site.120, 0, 153, 153
411483.3.peg.2009.site.121, 5, 153, 158
411483.3.peg.2009.site.122, 1, 154, 155
411483.3.peg.2008.site.1, 6, 154, 160
411483.3.peg.2008.site.2, 7, 151, 158
411483.3.peg.2008.site.3, 1, 155, 156
411483.3.peg.2008.site.4, 2, 155, 157
411483.3.peg.2008.site.5, 2, 152, 154
411483.3.peg.2008.site.6, 138, 150, 288
411483.3.peg.2008.site.7, 58, 148, 206
411483.3.peg.2008.site.8, 1, 154, 155
411483.3.peg.2008.site.9, 1, 155, 156
411483.3.peg.2008.site.10, 0, 154, 154
411483.3.peg.2008.site.11, 5, 148, 153
411483.3.peg.2008.site.12, 9, 134, 143
411483.3.peg.2008.site.13, 0, 135, 135
411483.3.peg.2008.site.14, 1, 132, 133
411483.3.peg.2008.site.15, 2, 133, 135
411483.3.peg.2008.site.16, 0, 131, 131
411483.3.peg.2008.site.17, 1, 131, 132
411483.3.peg.2008.site.18, 122, 130, 252
411483.3.peg.2008.site.19, 25, 127, 152
411483.3.peg.2008.site.20, 4, 132, 136
411483.3.peg.2008.site.21, 15, 139, 154
411483.3.peg.2008.site.22, 1, 147, 148
411483.3.peg.2008.site.23, 22, 146, 168
411483.3.peg.2008.site.24, 7, 149, 156
411483.3.peg.2008.site.25, 4, 151, 155
411483.3.peg.2008.site.26, 31, 147, 178
411483.3.peg.2008.site.27, 3, 151, 154
411483.3.peg.2008.site.28, 1, 152, 153
411483.3.peg.2008.site.29, 2, 153, 155
411483.3.peg.2008.site.30, 8, 152, 160
411483.3.peg.2008.site.31, 3, 149, 152
411483.3.peg.2008.site.32, 6, 149, 155
411483.3.peg.2007.site.1, 3, 152, 155
411483.3.peg.2007.site.2, 1, 154, 155
411483.3.peg.2007.site.3, 2, 154, 156
411483.3.peg.2007.site.4, 4, 154, 158
411483.3.peg.2007.site.5, 7, 150, 157
411483.3.peg.2007.site.6, 1, 152, 153
411483.3.peg.2007.site.7, 1, 149, 150
411483.3.peg.2007.site.8, 76, 133, 209
411483.3.peg.2007.site.9, 1, 147, 148
411483.3.peg.2007.site.10, 3, 152, 155
411483.3.peg.2007.site.11, 87, 122, 209
411483.3.peg.2007.site.12, 1, 143, 144
411483.3.peg.2007.site.13, 1, 133, 134
411483.3.peg.2007.site.14, 4, 111, 115
411483.3.peg.2007.site.15, 1, 102, 103
411483.3.peg.2007.site.16, 16, 120, 136
411483.3.peg.2007.site.17, 2, 141, 143
411483.3.peg.2007.site.18, 7, 138, 145
411483.3.peg.2007.site.19, 0, 150, 150
411483.3.peg.1206.site.1, 1, 151, 152
411483.3.peg.1206.site.2, 2, 146, 148
411483.3.peg.1206.site.3, 0, 150, 150
411483.3.peg.1206.site.4, 4, 149, 153
411483.3.peg.1206.site.5, 1, 151, 152
411483.3.peg.1206.site.6, 5, 150, 155
411483.3.peg.1206.site.7, 4, 152, 156
411483.3.peg.1206.site.8, 3, 151, 154
411483.3.peg.1206.site.9, 1, 153, 154
411483.3.peg.1206.site.10, 1, 152, 153
411483.3.peg.1206.site.11, 5, 154, 159
411483.3.peg.1206.site.12, 24, 146, 170
411483.3.peg.1206.site.13, 16, 151, 167
411483.3.peg.1206.site.14, 0, 153, 153
411483.3.peg.1206.site.15, 0, 154, 154
411483.3.peg.1206.site.16, 11, 146, 157
411483.3.peg.1206.site.17, 3, 153, 156
411483.3.peg.1206.site.18, 1, 153, 154
411483.3.peg.1206.site.19, 135, 148, 283
411483.3.peg.1206.site.20, 0, 152, 152
411483.3.peg.1206.site.21, 98, 146, 244
411483.3.peg.1206.site.22, 1, 151, 152
411483.3.peg.1206.site.23, 2, 150, 152
411483.3.peg.1206.site.24, 112, 144, 256
411483.3.peg.1206.site.25, 95, 145, 240
411483.3.peg.1206.site.26, 6, 153, 159
411483.3.peg.1206.site.27, 0, 155, 155
411483.3.peg.1206.site.28, 2, 155, 157
411483.3.peg.1206.site.29, 10, 148, 158
411483.3.peg.1206.site.30, 121, 148, 269
411483.3.peg.1206.site.31, 46, 149, 195
411483.3.peg.1206.site.32, 0, 152, 152
411483.3.peg.1206.site.33, 3, 153, 156
411483.3.peg.1206.site.34, 16, 148, 164
411483.3.peg.1206.site.35, 13, 146, 159
411483.3.peg.1206.site.36, 1, 153, 154
411483.3.peg.1206.site.37, 1, 153, 154
411483.3.peg.1206.site.38, 4, 153, 157
411483.3.peg.1206.site.39, 0, 152, 152
411483.3.peg.1206.site.40, 84, 142, 226
411483.3.peg.1206.site.41, 2, 148, 150
411483.3.peg.1206.site.42, 0, 146, 146
411483.3.peg.1206.site.43, 2, 149, 151
411483.3.peg.1206.site.44, 86, 132, 218
411483.3.peg.1206.site.45, 20, 144, 164
411483.3.peg.1206.site.46, 3, 151, 154
411483.3.peg.1206.site.47, 11, 146, 157
411483.3.peg.1206.site.48, 2, 151, 153
411483.3.peg.1206.site.49, 17, 148, 165
411483.3.peg.1206.site.50, 24, 148, 172
411483.3.peg.1206.site.51, 2, 151, 153
411483.3.peg.1206.site.52, 33, 144, 177
411483.3.peg.1206.site.53, 104, 144, 248
411483.3.peg.1206.site.54, 4, 154, 158
411483.3.peg.1206.site.55, 18, 148, 166
411483.3.peg.1206.site.56, 2, 151, 153
411483.3.peg.1206.site.57, 11, 148, 159
411483.3.peg.1206.site.58, 86, 142, 228
411483.3.peg.1206.site.59, 10, 149, 159
411483.3.peg.1206.site.60, 10, 151, 161
411483.3.peg.1206.site.61, 29, 148, 177
411483.3.peg.1206.site.62, 1, 148, 149
411483.3.peg.1206.site.63, 2, 148, 150
411483.3.peg.1206.site.64, 2, 148, 150
411483.3.peg.1206.site.65, 65, 137, 202
411483.3.peg.1206.site.66, 9, 148, 157
411483.3.peg.1206.site.67, 9, 143, 152
411483.3.peg.1206.site.68, 0, 145, 145
411483.3.peg.1206.site.69, 2, 147, 149
411483.3.peg.1206.site.70, 4, 142, 146
411483.3.peg.1206.site.71, 16, 139, 155
411483.3.peg.1206.site.72, 14, 141, 155
411483.3.peg.1206.site.73, 19, 140, 159
411483.3.peg.1206.site.74, 17, 141, 158
411483.3.peg.1206.site.75, 0, 146, 146
411483.3.peg.1206.site.76, 21, 134, 155
411483.3.peg.1206.site.77, 9, 143, 152
411483.3.peg.1206.site.78, 3, 146, 149
411483.3.peg.1206.site.79, 21, 136, 157
411483.3.peg.1206.site.80, 17, 141, 158
411483.3.peg.1206.site.81, 60, 139, 199
411483.3.peg.1206.site.82, 1, 153, 154
411483.3.peg.1206.site.83, 4, 153, 157
411483.3.peg.1206.site.84, 46, 142, 188
411483.3.peg.1206.site.85, 1, 153, 154
411483.3.peg.1206.site.86, 41, 144, 185
411483.3.peg.1206.site.87, 9, 150, 159
411483.3.peg.1206.site.88, 13, 149, 162
411483.3.peg.1206.site.89, 3, 151, 154
411483.3.peg.1206.site.90, 1, 154, 155
411483.3.peg.1206.site.91, 41, 145, 186
411483.3.peg.1206.site.92, 7, 153, 160
411483.3.peg.1206.site.93, 18, 146, 164
411483.3.peg.1206.site.94, 2, 155, 157
411483.3.peg.1206.site.95, 3, 151, 154
411483.3.peg.1206.site.96, 22, 149, 171
411483.3.peg.1206.site.97, 0, 150, 150
411483.3.peg.1206.site.98, 4, 151, 155
411483.3.peg.1206.site.99, 1, 152, 153
411483.3.peg.1206.site.100, 3, 152, 155
411483.3.peg.1206.site.101, 25, 142, 167
411483.3.peg.1206.site.102, 5, 139, 144
411483.3.peg.1206.site.103, 5, 133, 138
411483.3.peg.1206.site.104, 40, 84, 124
411483.3.peg.1206.site.105, 3, 55, 58
411483.3.peg.1206.site.106, 6, 144, 150
411483.3.peg.1206.site.107, 0, 144, 144
411483.3.peg.1206.site.108, 5, 151, 156
411483.3.peg.1206.site.109, 6, 153, 159
411483.3.peg.1207.site.1, 0, 152, 152
411483.3.peg.1207.site.2, 1, 148, 149
411483.3.peg.1207.site.3, 4, 131, 135
411483.3.peg.1207.site.4, 3, 137, 140
411483.3.peg.1207.site.5, 5, 135, 140
411483.3.peg.1207.site.6, 1, 133, 134
411483.3.peg.1207.site.7, 4, 129, 133
411483.3.peg.1976.site.1, 34, 145, 179
411483.3.peg.1976.site.2, 2, 155, 157
411483.3.peg.1976.site.3, 0, 153, 153
411483.3.peg.1976.site.4, 1, 155, 156
411483.3.peg.1976.site.5, 0, 154, 154
411483.3.peg.1976.site.6, 2, 155, 157
411483.3.peg.1976.site.7, 3, 148, 151
411483.3.peg.1976.site.8, 0, 155, 155
411483.3.peg.1976.site.9, 0, 152, 152
411483.3.peg.1976.site.10, 0, 152, 152
411483.3.peg.1976.site.11, 2, 154, 156
411483.3.peg.1976.site.12, 6, 147, 153
411483.3.peg.1976.site.13, 5, 153, 158
411483.3.peg.1976.site.14, 1, 154, 155
411483.3.peg.1976.site.15, 1, 152, 153
411483.3.peg.1976.site.16, 104, 144, 248
411483.3.peg.1976.site.17, 1, 151, 152
411483.3.peg.1976.site.18, 6, 144, 150
411483.3.peg.1976.site.19, 2, 153, 155
411483.3.peg.1976.site.20, 2, 154, 156
411483.3.peg.1976.site.21, 9, 148, 157
411483.3.peg.1976.site.22, 12, 151, 163
411483.3.peg.1976.site.23, 1, 153, 154
411483.3.peg.1976.site.24, 142, 154, 296
411483.3.peg.1976.site.25, 1, 150, 151
411483.3.peg.1976.site.26, 1, 151, 152
411483.3.peg.1976.site.27, 1, 150, 151
411483.3.peg.1976.site.28, 0, 147, 147
411483.3.peg.1976.site.29, 3, 143, 146
411483.3.peg.1976.site.30, 2, 151, 153
411483.3.peg.1976.site.31, 1, 151, 152
411483.3.peg.1976.site.32, 0, 152, 152
411483.3.peg.1976.site.33, 2, 152, 154
411483.3.peg.1976.site.34, 0, 147, 147
411483.3.peg.1976.site.35, 5, 147, 152
411483.3.peg.1976.site.36, 21, 141, 162
411483.3.peg.1976.site.37, 3, 143, 146
411483.3.peg.1976.site.38, 88, 115, 203
411483.3.peg.1976.site.39, 43, 125, 168
411483.3.peg.1976.site.40, 4, 142, 146
411483.3.peg.1976.site.41, 1, 143, 144
411483.3.peg.1976.site.42, 2, 149, 151
411483.3.peg.1976.site.43, 0, 149, 149
411483.3.peg.1976.site.44, 14, 145, 159
411483.3.peg.1976.site.45, 4, 136, 140
411483.3.peg.1976.site.46, 0, 140, 140
411483.3.peg.1976.site.47, 2, 136, 138
411483.3.peg.1976.site.48, 4, 146, 150
411483.3.peg.1976.site.49, 5, 145, 150
411483.3.peg.1976.site.50, 1, 151, 152
411483.3.peg.1976.site.51, 1, 149, 150
411483.3.peg.1976.site.52, 2, 152, 154
411483.3.peg.1976.site.53, 1, 153, 154
411483.3.peg.1976.site.54, 0, 154, 154
411483.3.peg.1976.site.55, 75, 140, 215
411483.3.peg.1976.site.56, 3, 153, 156
411483.3.peg.1976.site.57, 2, 155, 157
411483.3.peg.1976.site.58, 5, 153, 158
411483.3.peg.1976.site.59, 8, 152, 160
411483.3.peg.1976.site.60, 1, 151, 152
411483.3.peg.1976.site.61, 6, 149, 155
411483.3.peg.1976.site.62, 4, 149, 153
411483.3.peg.1976.site.63, 9, 152, 161
411483.3.peg.1976.site.64, 0, 151, 151
411483.3.peg.1976.site.65, 1, 148, 149
411483.3.peg.1976.site.66, 2, 145, 147
411483.3.peg.1976.site.67, 2, 147, 149
411483.3.peg.1976.site.68, 7, 140, 147
411483.3.peg.1976.site.69, 8, 141, 149
411483.3.peg.1976.site.70, 5, 143, 148
411483.3.peg.1976.site.71, 2, 150, 152
411483.3.peg.1976.site.72, 8, 147, 155
411483.3.peg.1976.site.73, 142, 151, 293
411483.3.peg.1976.site.74, 3, 151, 154
411483.3.peg.1976.site.75, 0, 150, 150
411483.3.peg.1976.site.76, 2, 152, 154
411483.3.peg.1976.site.77, 1, 149, 150
411483.3.peg.1976.site.78, 5, 147, 152
411483.3.peg.1976.site.79, 0, 148, 148
411483.3.peg.1976.site.80, 0, 151, 151
411483.3.peg.1976.site.81, 2, 150, 152
411483.3.peg.1976.site.82, 9, 149, 158
411483.3.peg.1976.site.83, 4, 149, 153
411483.3.peg.1976.site.84, 4, 152, 156
411483.3.peg.1977.site.1, 1, 151, 152
411483.3.peg.1977.site.2, 0, 151, 151
411483.3.peg.1977.site.3, 2, 153, 155
411483.3.peg.1977.site.4, 4, 153, 157
411483.3.peg.1977.site.5, 7, 154, 161
411483.3.peg.1977.site.6, 2, 153, 155
411483.3.peg.1977.site.7, 0, 148, 148
411483.3.peg.1977.site.8, 1, 154, 155
411483.3.peg.1977.site.9, 3, 147, 150
411483.3.peg.1977.site.10, 0, 150, 150
411483.3.peg.1977.site.11, 0, 148, 148
411483.3.peg.1977.site.12, 1, 153, 154
411483.3.peg.1977.site.13, 4, 151, 155
411483.3.peg.1977.site.14, 14, 151, 165
411483.3.peg.1977.site.15, 6, 155, 161
411483.3.peg.1977.site.16, 2, 155, 157
411483.3.peg.1977.site.17, 8, 153, 161
411483.3.peg.1977.site.18, 0, 152, 152
411483.3.peg.1977.site.19, 3, 151, 154
411483.3.peg.1977.site.20, 1, 153, 154
411483.3.peg.1977.site.21, 8, 153, 161
411483.3.peg.1977.site.22, 3, 153, 156
411483.3.peg.1977.site.23, 3, 152, 155
411483.3.peg.1977.site.24, 11, 149, 160
411483.3.peg.1977.site.25, 2, 153, 155
411483.3.peg.1977.site.26, 143, 152, 295
411483.3.peg.1977.site.27, 3, 152, 155
411483.3.peg.1977.site.28, 2, 150, 152
411483.3.peg.1977.site.29, 2, 151, 153
411483.3.peg.1977.site.30, 2, 150, 152
411483.3.peg.1977.site.31, 27, 143, 170
411483.3.peg.1977.site.32, 16, 148, 164
411483.3.peg.1977.site.33, 1, 153, 154
411483.3.peg.1977.site.34, 1, 151, 152
411483.3.peg.1977.site.35, 1, 155, 156
411483.3.peg.1977.site.36, 15, 151, 166
411483.3.peg.1977.site.37, 0, 152, 152
411483.3.peg.1977.site.38, 153, 154, 307
411483.3.peg.1977.site.39, 2, 155, 157
411483.3.peg.1977.site.40, 12, 149, 161
411483.3.peg.1977.site.41, 8, 149, 157
411483.3.peg.1977.site.42, 136, 147, 283
411483.3.peg.1977.site.43, 10, 131, 141
411483.3.peg.1977.site.44, 133, 133, 266
411483.3.peg.1977.site.45, 2, 134, 136
411483.3.peg.1977.site.46, 1, 140, 141
411483.3.peg.1977.site.47, 11, 140, 151
411483.3.peg.1977.site.48, 12, 144, 156
411483.3.peg.1977.site.49, 0, 149, 149
411483.3.peg.1977.site.50, 151, 151, 302
411483.3.peg.1977.site.51, 123, 145, 268
411483.3.peg.1977.site.52, 0, 152, 152
411483.3.peg.1977.site.53, 2, 151, 153
411483.3.peg.1977.site.54, 1, 153, 154
411483.3.peg.1977.site.55, 12, 151, 163
411483.3.peg.1977.site.56, 1, 154, 155
411483.3.peg.1977.site.57, 1, 153, 154
411483.3.peg.1977.site.58, 1, 154, 155
411483.3.peg.1977.site.59, 9, 147, 156
411483.3.peg.1977.site.60, 2, 152, 154
411483.3.peg.1977.site.61, 13, 144, 157
411483.3.peg.1977.site.62, 2, 152, 154
411483.3.peg.1977.site.63, 0, 153, 153
411483.3.peg.1977.site.64, 2, 153, 155
411483.3.peg.1977.site.65, 17, 148, 165
411483.3.peg.1977.site.66, 3, 154, 157
411483.3.peg.1977.site.67, 7, 152, 159
411483.3.peg.1977.site.68, 1, 153, 154
411483.3.peg.1977.site.69, 118, 151, 269
411483.3.peg.1977.site.70, 4, 152, 156
411483.3.peg.1977.site.71, 10, 148, 158
411483.3.peg.1977.site.72, 1, 153, 154
411483.3.peg.1977.site.73, 12, 152, 164
411483.3.peg.1977.site.74, 58, 144, 202
411483.3.peg.1977.site.75, 3, 153, 156
411483.3.peg.1977.site.76, 3, 153, 156
411483.3.peg.1977.site.77, 2, 153, 155
411483.3.peg.1977.site.78, 124, 152, 276
411483.3.peg.1977.site.79, 1, 152, 153
411483.3.peg.1977.site.80, 41, 144, 185
411483.3.peg.1977.site.81, 4, 147, 151
411483.3.peg.1977.site.82, 1, 149, 150
411483.3.peg.1977.site.83, 13, 149, 162
411483.3.peg.1977.site.84, 2, 152, 154
411483.3.peg.1977.site.85, 98, 143, 241
411483.3.peg.1977.site.86, 12, 151, 163
411483.3.peg.1977.site.87, 5, 152, 157
411483.3.peg.1977.site.88, 27, 145, 172
411483.3.peg.1977.site.89, 1, 151, 152
411483.3.peg.1977.site.90, 25, 139, 164
411483.3.peg.1977.site.91, 2, 153, 155
411483.3.peg.1977.site.92, 2, 150, 152
411483.3.peg.1977.site.93, 2, 145, 147
411483.3.peg.1977.site.94, 12, 143, 155
411483.3.peg.1977.site.95, 13, 142, 155
411483.3.peg.1977.site.96, 4, 149, 153
411483.3.peg.1977.site.97, 1, 151, 152
411483.3.peg.1977.site.98, 5, 152, 157
411483.3.peg.1977.site.99, 1, 153, 154
411483.3.peg.1977.site.100, 4, 152, 156
411483.3.peg.1977.site.101, 1, 153, 154
411483.3.peg.1977.site.102, 0, 150, 150
411483.3.peg.1977.site.103, 25, 140, 165
411483.3.peg.1977.site.104, 1, 140, 141
411483.3.peg.1977.site.105, 0, 140, 140
411483.3.peg.1977.site.106, 24, 133, 157
411483.3.peg.1977.site.107, 1, 138, 139
411483.3.peg.1977.site.108, 60, 126, 186
411483.3.peg.1977.site.109, 9, 129, 138
411483.3.peg.1977.site.110, 1, 138, 139
411483.3.peg.1977.site.111, 5, 140, 145
411483.3.peg.1977.site.112, 79, 131, 210
411483.3.peg.1977.site.113, 0, 143, 143
411483.3.peg.1977.site.114, 0, 137, 137
411483.3.peg.1977.site.115, 1, 134, 135
411483.3.peg.1977.site.116, 1, 146, 147
411483.3.peg.1977.site.117, 1, 148, 149
411483.3.peg.1977.site.118, 1, 148, 149
411483.3.peg.1977.site.119, 13, 137, 150
411483.3.peg.1977.site.120, 0, 141, 141
411483.3.peg.1977.site.121, 1, 146, 147
411483.3.peg.1977.site.122, 2, 152, 154
411483.3.peg.1977.site.123, 0, 141, 141
411483.3.peg.1977.site.124, 1, 137, 138
411483.3.peg.1977.site.125, 8, 132, 140
411483.3.peg.1977.site.126, 61, 129, 190
411483.3.peg.1977.site.127, 1, 141, 142
411483.3.peg.1977.site.128, 1, 145, 146
411483.3.peg.1974.site.1, 1, 154, 155
411483.3.peg.1974.site.2, 1, 153, 154
411483.3.peg.1974.site.3, 0, 154, 154
411483.3.peg.1974.site.4, 2, 153, 155
411483.3.peg.1975.site.1, 0, 151, 151
411483.3.peg.1975.site.2, 19, 140, 159
411483.3.peg.1975.site.3, 2, 142, 144
411483.3.peg.1975.site.4, 0, 140, 140
411483.3.peg.1975.site.5, 1, 138, 139
411483.3.peg.1975.site.6, 1, 140, 141
411483.3.peg.1975.site.7, 8, 134, 142
411483.3.peg.1975.site.8, 0, 134, 134
411483.3.peg.1975.site.9, 8, 142, 150
411483.3.peg.1975.site.10, 3, 141, 144
411483.3.peg.1975.site.11, 73, 120, 193
411483.3.peg.1975.site.12, 9, 139, 148
411483.3.peg.1975.site.13, 8, 138, 146
411483.3.peg.1975.site.14, 5, 143, 148
411483.3.peg.1975.site.15, 125, 136, 261
411483.3.peg.1975.site.16, 0, 136, 136
411483.3.peg.1975.site.17, 8, 136, 144
411483.3.peg.1975.site.18, 3, 135, 138
411483.3.peg.1975.site.19, 12, 127, 139
411483.3.peg.1975.site.20, 10, 127, 137
411483.3.peg.1975.site.21, 1, 127, 128
411483.3.peg.1975.site.22, 4, 129, 133
411483.3.peg.1975.site.23, 8, 131, 139
411483.3.peg.1975.site.24, 4, 132, 136
411483.3.peg.1975.site.25, 1, 124, 125
411483.3.peg.1975.site.26, 1, 128, 129
411483.3.peg.1975.site.27, 0, 126, 126
411483.3.peg.1975.site.28, 0, 111, 111
411483.3.peg.1975.site.29, 0, 117, 117
411483.3.peg.1975.site.30, 9, 113, 122
411483.3.peg.1975.site.31, 7, 111, 118
411483.3.peg.1975.site.32, 12, 104, 116
411483.3.peg.1975.site.33, 1, 108, 109
411483.3.peg.1975.site.34, 37, 85, 122
411483.3.peg.1975.site.35, 1, 96, 97
411483.3.peg.1975.site.36, 1, 98, 99
411483.3.peg.1975.site.37, 107, 113, 220
411483.3.peg.1975.site.38, 1, 121, 122
411483.3.peg.1975.site.39, 1, 129, 130
411483.3.peg.1975.site.40, 1, 143, 144
411483.3.peg.1975.site.41, 4, 148, 152
411483.3.peg.1975.site.42, 2, 148, 150
411483.3.peg.1975.site.43, 55, 135, 190
411483.3.peg.1975.site.44, 3, 148, 151
411483.3.peg.1975.site.45, 5, 148, 153
411483.3.peg.1975.site.46, 23, 134, 157
411483.3.peg.1975.site.47, 1, 149, 150
411483.3.peg.1975.site.48, 2, 147, 149
411483.3.peg.1975.site.49, 0, 149, 149
411483.3.peg.1975.site.50, 2, 137, 139
411483.3.peg.1975.site.51, 4, 146, 150
411483.3.peg.1975.site.52, 4, 143, 147
411483.3.peg.1975.site.53, 1, 139, 140
411483.3.peg.1975.site.54, 3, 136, 139
411483.3.peg.1975.site.55, 2, 138, 140
411483.3.peg.1975.site.56, 1, 129, 130
411483.3.peg.1975.site.57, 25, 119, 144
411483.3.peg.1975.site.58, 3, 130, 133
411483.3.peg.1975.site.59, 57, 115, 172
411483.3.peg.1975.site.60, 116, 124, 240
411483.3.peg.1975.site.61, 1, 136, 137
411483.3.peg.1975.site.62, 1, 141, 142
411483.3.peg.1975.site.63, 0, 138, 138
411483.3.peg.1975.site.64, 4, 142, 146
411483.3.peg.1975.site.65, 1, 137, 138
411483.3.peg.1975.site.66, 1, 137, 138
411483.3.peg.1975.site.67, 1, 137, 138
411483.3.peg.1975.site.68, 2, 136, 138
411483.3.peg.1975.site.69, 3, 140, 143
411483.3.peg.1975.site.70, 9, 138, 147
411483.3.peg.1975.site.71, 1, 141, 142
411483.3.peg.1975.site.72, 2, 133, 135
411483.3.peg.1975.site.73, 5, 133, 138
411483.3.peg.1975.site.74, 8, 131, 139
411483.3.peg.1975.site.75, 1, 138, 139
411483.3.peg.1975.site.76, 3, 140, 143
411483.3.peg.1975.site.77, 1, 146, 147
411483.3.peg.1975.site.78, 12, 145, 157
411483.3.peg.1975.site.79, 3, 142, 145
411483.3.peg.1975.site.80, 50, 141, 191
411483.3.peg.1975.site.81, 5, 144, 149
411483.3.peg.1975.site.82, 0, 147, 147
411483.3.peg.1975.site.83, 2, 149, 151
411483.3.peg.1975.site.84, 6, 147, 153
411483.3.peg.1975.site.85, 3, 148, 151
411483.3.peg.1975.site.86, 2, 149, 151
411483.3.peg.1975.site.87, 1, 150, 151
411483.3.peg.1975.site.88, 10, 151, 161
411483.3.peg.1975.site.89, 3, 148, 151
411483.3.peg.1975.site.90, 2, 149, 151
411483.3.peg.1975.site.91, 14, 139, 153
411483.3.peg.1975.site.92, 0, 147, 147
411483.3.peg.1975.site.93, 81, 130, 211
411483.3.peg.1975.site.94, 7, 141, 148
411483.3.peg.1975.site.95, 0, 142, 142
411483.3.peg.1975.site.96, 2, 140, 142
411483.3.peg.1975.site.97, 2, 138, 140
411483.3.peg.1975.site.98, 48, 127, 175
411483.3.peg.1975.site.99, 0, 146, 146
411483.3.peg.1975.site.100, 30, 142, 172
411483.3.peg.1975.site.101, 6, 151, 157
411483.3.peg.1975.site.102, 2, 152, 154
411483.3.peg.1975.site.103, 3, 153, 156
411483.3.peg.1975.site.104, 7, 152, 159
411483.3.peg.1975.site.105, 41, 141, 182
411483.3.peg.1975.site.106, 0, 152, 152
411483.3.peg.1970.site.1, 2, 136, 138
411483.3.peg.1970.site.2, 1, 143, 144
411483.3.peg.1970.site.3, 62, 146, 208
411483.3.peg.1970.site.4, 1, 152, 153
411483.3.peg.1970.site.5, 0, 151, 151
411483.3.peg.1970.site.6, 10, 151, 161
411483.3.peg.1970.site.7, 8, 149, 157
411483.3.peg.1970.site.8, 1, 152, 153
411483.3.peg.1970.site.9, 2, 151, 153
411483.3.peg.1970.site.10, 39, 140, 179
411483.3.peg.1970.site.11, 3, 149, 152
411483.3.peg.1970.site.12, 67, 142, 209
411483.3.peg.1970.site.13, 3, 147, 150
411483.3.peg.1970.site.14, 1, 145, 146
411483.3.peg.1970.site.15, 1, 142, 143
411483.3.peg.1970.site.16, 15, 119, 134
411483.3.peg.1970.site.17, 6, 128, 134
411483.3.peg.1970.site.18, 29, 116, 145
411483.3.peg.1970.site.19, 76, 108, 184
411483.3.peg.1970.site.20, 1, 102, 103
411483.3.peg.1970.site.21, 8, 102, 110
411483.3.peg.1970.site.22, 2, 105, 107
411483.3.peg.1970.site.23, 4, 104, 108
411483.3.peg.1970.site.24, 0, 94, 94
411483.3.peg.1970.site.25, 1, 72, 73
411483.3.peg.1970.site.26, 1, 75, 76
411483.3.peg.1970.site.27, 3, 103, 106
411483.3.peg.1970.site.28, 0, 107, 107
411483.3.peg.1970.site.29, 1, 127, 128
411483.3.peg.1970.site.30, 0, 146, 146
411483.3.peg.1970.site.31, 128, 142, 270
411483.3.peg.1970.site.32, 1, 146, 147
411483.3.peg.1970.site.33, 1, 147, 148
411483.3.peg.1970.site.34, 1, 146, 147
411483.3.peg.1970.site.35, 1, 147, 148
411483.3.peg.1970.site.36, 11, 143, 154
411483.3.peg.1970.site.37, 1, 144, 145
411483.3.peg.1970.site.38, 133, 138, 271
411483.3.peg.1970.site.39, 4, 140, 144
411483.3.peg.1970.site.40, 14, 145, 159
411483.3.peg.1970.site.41, 0, 137, 137
411483.3.peg.1970.site.42, 0, 138, 138
411483.3.peg.1970.site.43, 0, 134, 134
411483.3.peg.1970.site.44, 5, 123, 128
411483.3.peg.1970.site.45, 26, 117, 143
411483.3.peg.1970.site.46, 0, 124, 124
411483.3.peg.1970.site.47, 9, 136, 145
411483.3.peg.1970.site.48, 5, 139, 144
411483.3.peg.1970.site.49, 0, 141, 141
411483.3.peg.1970.site.50, 1, 153, 154
411483.3.peg.1970.site.51, 0, 153, 153
411483.3.peg.1971.site.1, 5, 153, 158
411483.3.peg.1971.site.2, 1, 155, 156
411483.3.peg.1971.site.3, 2, 153, 155
411483.3.peg.1971.site.4, 151, 153, 304
411483.3.peg.1971.site.5, 36, 148, 184
411483.3.peg.1971.site.6, 2, 153, 155
411483.3.peg.1971.site.7, 2, 155, 157
411483.3.peg.1971.site.8, 9, 148, 157
411483.3.peg.1971.site.9, 1, 153, 154
411483.3.peg.1978.site.1, 1, 147, 148
411483.3.peg.1978.site.2, 5, 147, 152
411483.3.peg.1978.site.3, 5, 151, 156
411483.3.peg.1978.site.4, 4, 150, 154
411483.3.peg.1978.site.5, 3, 150, 153
411483.3.peg.1978.site.6, 1, 146, 147
411483.3.peg.1978.site.7, 34, 139, 173
411483.3.peg.1978.site.8, 0, 145, 145
411483.3.peg.1978.site.9, 0, 146, 146
411483.3.peg.1978.site.10, 7, 146, 153
411483.3.peg.1978.site.11, 3, 149, 152
411483.3.peg.1978.site.12, 0, 150, 150
411483.3.peg.1978.site.13, 2, 151, 153
411483.3.peg.1978.site.14, 1, 152, 153
411483.3.peg.1978.site.15, 3, 152, 155
411483.3.peg.1978.site.16, 3, 154, 157
411483.3.peg.1978.site.17, 4, 150, 154
411483.3.peg.1978.site.18, 2, 154, 156
411483.3.peg.1978.site.19, 26, 150, 176
411483.3.peg.1978.site.20, 6, 153, 159
411483.3.peg.1978.site.21, 1, 153, 154
411483.3.peg.1978.site.22, 2, 154, 156
411483.3.peg.1978.site.23, 2, 152, 154
411483.3.peg.1978.site.24, 2, 153, 155
411483.3.peg.1978.site.25, 0, 151, 151
411483.3.peg.1978.site.26, 0, 153, 153
411483.3.peg.1978.site.27, 1, 154, 155
411483.3.peg.1978.site.28, 1, 152, 153
411483.3.peg.1978.site.29, 15, 139, 154
411483.3.peg.1978.site.30, 7, 138, 145
411483.3.peg.1978.site.31, 0, 141, 141
411483.3.peg.1978.site.32, 2, 136, 138
411483.3.peg.1978.site.33, 2, 139, 141
411483.3.peg.1978.site.34, 0, 141, 141
411483.3.peg.1978.site.35, 1, 143, 144
411483.3.peg.1978.site.36, 0, 151, 151
411483.3.peg.1978.site.37, 1, 147, 148
411483.3.peg.1978.site.38, 2, 153, 155
411483.3.peg.1978.site.39, 16, 148, 164
411483.3.peg.1978.site.40, 1, 154, 155
411483.3.peg.1978.site.41, 2, 155, 157
411483.3.peg.1978.site.42, 2, 154, 156
411483.3.peg.1978.site.43, 2, 152, 154
411483.3.peg.1978.site.44, 0, 152, 152
411483.3.peg.1978.site.45, 0, 154, 154
411483.3.peg.1978.site.46, 0, 152, 152
411483.3.peg.1978.site.47, 3, 144, 147
411483.3.peg.1978.site.48, 3, 143, 146
411483.3.peg.1978.site.49, 5, 126, 131
411483.3.peg.1978.site.50, 27, 95, 122
411483.3.peg.1978.site.51, 1, 107, 108
411483.3.peg.1979.site.1, 1, 130, 131
411483.3.peg.1979.site.2, 4, 133, 137
411483.3.peg.1979.site.3, 76, 143, 219
411483.3.peg.1979.site.4, 0, 154, 154
411483.3.peg.1979.site.5, 0, 151, 151
411483.3.peg.1979.site.6, 3, 151, 154
411483.3.peg.1979.site.7, 11, 146, 157
411483.3.peg.1979.site.8, 21, 148, 169
411483.3.peg.1979.site.9, 2, 149, 151
411483.3.peg.1979.site.10, 1, 150, 151
411483.3.peg.1979.site.11, 3, 151, 154
411483.3.peg.1979.site.12, 2, 154, 156
411483.3.peg.1979.site.13, 0, 153, 153
411483.3.peg.1979.site.14, 3, 155, 158
411483.3.peg.1979.site.15, 1, 154, 155
411483.3.peg.1979.site.16, 37, 149, 186
411483.3.peg.1979.site.17, 0, 151, 151
411483.3.peg.1979.site.18, 0, 155, 155
411483.3.peg.1979.site.19, 0, 153, 153
411483.3.peg.1979.site.20, 4, 152, 156
411483.3.peg.1979.site.21, 34, 147, 181
411483.3.peg.1979.site.22, 0, 150, 150
411483.3.peg.1979.site.23, 1, 151, 152
411483.3.peg.1979.site.24, 1, 149, 150
411483.3.peg.1979.site.25, 2, 150, 152
411483.3.peg.1979.site.26, 1, 151, 152
411483.3.peg.1979.site.27, 15, 146, 161
411483.3.peg.1979.site.28, 17, 145, 162
411483.3.peg.1979.site.29, 3, 152, 155
411483.3.peg.1979.site.30, 9, 150, 159
411483.3.peg.1979.site.31, 96, 144, 240
411483.3.peg.1979.site.32, 94, 145, 239
411483.3.peg.1979.site.33, 2, 155, 157
411483.3.peg.1979.site.34, 18, 153, 171
411483.3.peg.1979.site.35, 109, 140, 249
411483.3.peg.1979.site.36, 7, 152, 159
411483.3.peg.1979.site.37, 0, 151, 151
411483.3.peg.1979.site.38, 0, 154, 154
411483.3.peg.1979.site.39, 1, 154, 155
411483.3.peg.1979.site.40, 2, 151, 153
411483.3.peg.1979.site.41, 8, 152, 160
411483.3.peg.1979.site.42, 4, 153, 157
411483.3.peg.1979.site.43, 3, 153, 156
411483.3.peg.1979.site.44, 12, 149, 161
411483.3.peg.1979.site.45, 82, 138, 220
411483.3.peg.1979.site.46, 25, 146, 171
411483.3.peg.1979.site.47, 35, 144, 179
411483.3.peg.1979.site.48, 1, 149, 150
411483.3.peg.1979.site.49, 1, 151, 152
411483.3.peg.1979.site.50, 10, 151, 161
411483.3.peg.1979.site.51, 1, 151, 152
411483.3.peg.1979.site.52, 24, 138, 162
411483.3.peg.1979.site.53, 6, 137, 143
411483.3.peg.1979.site.54, 1, 143, 144
411483.3.peg.1979.site.55, 2, 145, 147
411483.3.peg.1979.site.56, 0, 154, 154
411483.3.peg.1979.site.57, 18, 143, 161
411483.3.peg.1370.site.1, 16, 16, 32
411483.3.peg.1370.site.2, 15, 15, 30
411483.3.peg.1370.site.3, 4, 17, 21
411483.3.peg.1370.site.4, 17, 17, 34
411483.3.peg.1370.site.5, 0, 77, 77
411483.3.peg.1370.site.6, 2, 104, 106
411483.3.peg.1370.site.7, 0, 132, 132
411483.3.peg.1370.site.8, 93, 133, 226
411483.3.peg.1370.site.9, 1, 142, 143
411483.3.peg.1370.site.10, 3, 140, 143
411483.3.peg.1370.site.11, 8, 136, 144
411483.3.peg.1370.site.12, 2, 123, 125
411483.3.peg.1370.site.13, 0, 131, 131
411483.3.peg.1370.site.14, 18, 142, 160
411483.3.peg.1370.site.15, 10, 134, 144
411483.3.peg.1370.site.16, 0, 146, 146
411483.3.peg.1370.site.17, 2, 146, 148
411483.3.peg.1370.site.18, 7, 145, 152
411483.3.peg.1370.site.19, 3, 143, 146
411483.3.peg.1370.site.20, 5, 148, 153
411483.3.peg.1370.site.21, 3, 149, 152
411483.3.peg.1370.site.22, 7, 144, 151
411483.3.peg.1370.site.23, 60, 137, 197
411483.3.peg.1370.site.24, 2, 149, 151
411483.3.peg.1370.site.25, 2, 149, 151
411483.3.peg.1370.site.26, 3, 152, 155
411483.3.peg.1370.site.27, 13, 148, 161
411483.3.peg.1370.site.28, 0, 150, 150
411483.3.peg.1370.site.29, 28, 140, 168
411483.3.peg.1370.site.30, 21, 146, 167
411483.3.peg.1370.site.31, 14, 152, 166
411483.3.peg.1370.site.32, 83, 147, 230
411483.3.peg.1370.site.33, 7, 153, 160
411483.3.peg.1370.site.34, 2, 151, 153
411483.3.peg.1370.site.35, 2, 148, 150
411483.3.peg.1371.site.1, 0, 151, 151
411483.3.peg.1371.site.2, 0, 153, 153
411483.3.peg.1371.site.3, 6, 150, 156
411483.3.peg.1371.site.4, 0, 151, 151
411483.3.peg.1371.site.5, 0, 148, 148
411483.3.peg.1371.site.6, 0, 151, 151
411483.3.peg.1371.site.7, 1, 152, 153
411483.3.peg.1371.site.8, 0, 151, 151
411483.3.peg.1371.site.9, 0, 150, 150
411483.3.peg.1371.site.10, 0, 146, 146
411483.3.peg.1371.site.11, 58, 129, 187
411483.3.peg.1371.site.12, 1, 141, 142
411483.3.peg.1371.site.13, 0, 142, 142
411483.3.peg.1371.site.14, 2, 142, 144
411483.3.peg.1371.site.15, 4, 141, 145
411483.3.peg.1371.site.16, 11, 137, 148
411483.3.peg.1371.site.17, 3, 149, 152
411483.3.peg.1371.site.18, 0, 147, 147
411483.3.peg.1371.site.19, 3, 146, 149
411483.3.peg.1371.site.20, 0, 149, 149
411483.3.peg.1371.site.21, 2, 150, 152
411483.3.peg.1371.site.22, 0, 150, 150
411483.3.peg.1371.site.23, 0, 149, 149
411483.3.peg.1371.site.24, 69, 140, 209
411483.3.peg.1371.site.25, 17, 149, 166
411483.3.peg.1371.site.26, 15, 147, 162
411483.3.peg.1371.site.27, 1, 153, 154
411483.3.peg.1371.site.28, 0, 153, 153
411483.3.peg.1371.site.29, 11, 153, 164
411483.3.peg.1371.site.30, 37, 140, 177
411483.3.peg.1371.site.31, 1, 154, 155
411483.3.peg.1371.site.32, 0, 153, 153
411483.3.peg.1371.site.33, 23, 145, 168
411483.3.peg.1371.site.34, 0, 155, 155
411483.3.peg.1371.site.35, 4, 154, 158
411483.3.peg.1371.site.36, 4, 151, 155
411483.3.peg.1371.site.37, 2, 155, 157
411483.3.peg.1371.site.38, 15, 148, 163
411483.3.peg.1371.site.39, 12, 147, 159
411483.3.peg.1371.site.40, 6, 152, 158
411483.3.peg.1371.site.41, 10, 152, 162
411483.3.peg.1371.site.42, 3, 155, 158
411483.3.peg.1371.site.43, 0, 154, 154
411483.3.peg.1371.site.44, 0, 151, 151
411483.3.peg.1371.site.45, 142, 142, 284
411483.3.peg.1371.site.46, 0, 144, 144
411483.3.peg.1371.site.47, 5, 142, 147
411483.3.peg.1371.site.48, 2, 141, 143
411483.3.peg.1371.site.49, 0, 142, 142
411483.3.peg.1371.site.50, 0, 142, 142
411483.3.peg.1371.site.51, 4, 136, 140
411483.3.peg.1371.site.52, 93, 132, 225
411483.3.peg.1371.site.53, 4, 131, 135
411483.3.peg.1371.site.54, 0, 132, 132
411483.3.peg.1371.site.55, 1, 128, 129
411483.3.peg.1371.site.56, 4, 125, 129
411483.3.peg.1371.site.57, 0, 115, 115
411483.3.peg.1371.site.58, 3, 118, 121
411483.3.peg.1371.site.59, 4, 101, 105
411483.3.peg.1371.site.60, 3, 112, 115
411483.3.peg.1371.site.61, 29, 105, 134
411483.3.peg.1371.site.62, 1, 125, 126
411483.3.peg.1371.site.63, 0, 125, 125
411483.3.peg.1371.site.64, 72, 122, 194
411483.3.peg.1371.site.65, 41, 126, 167
411483.3.peg.1371.site.66, 1, 132, 133
411483.3.peg.1371.site.67, 0, 135, 135
411483.3.peg.1371.site.68, 1, 138, 139
411483.3.peg.1371.site.69, 28, 142, 170
411483.3.peg.1371.site.70, 0, 140, 140
411483.3.peg.1371.site.71, 3, 144, 147
411483.3.peg.1371.site.72, 3, 150, 153
411483.3.peg.1371.site.73, 1, 149, 150
411483.3.peg.1371.site.74, 3, 149, 152
411483.3.peg.1371.site.75, 5, 147, 152
411483.3.peg.1371.site.76, 10, 150, 160
411483.3.peg.1371.site.77, 33, 138, 171
411483.3.peg.1371.site.78, 3, 148, 151
411483.3.peg.1371.site.79, 38, 136, 174
411483.3.peg.1371.site.80, 33, 136, 169
411483.3.peg.1371.site.81, 5, 142, 147
411483.3.peg.1371.site.82, 2, 128, 130
411483.3.peg.1371.site.83, 2, 116, 118
411483.3.peg.1371.site.84, 6, 117, 123
411483.3.peg.1371.site.85, 2, 124, 126
411483.3.peg.1371.site.86, 4, 129, 133
411483.3.peg.1371.site.87, 4, 128, 132
411483.3.peg.1371.site.88, 1, 128, 129
411483.3.peg.1371.site.89, 5, 135, 140
411483.3.peg.1371.site.90, 3, 138, 141
411483.3.peg.1371.site.91, 5, 132, 137
411483.3.peg.1371.site.92, 1, 114, 115
411483.3.peg.1372.site.1, 0, 104, 104
411483.3.peg.1372.site.2, 0, 119, 119
411483.3.peg.1372.site.3, 0, 131, 131
411483.3.peg.1372.site.4, 1, 138, 139
411483.3.peg.1372.site.5, 7, 141, 148
411483.3.peg.1372.site.6, 1, 138, 139
411483.3.peg.1372.site.7, 2, 148, 150
411483.3.peg.1372.site.8, 0, 151, 151
411483.3.peg.1372.site.9, 2, 150, 152
411483.3.peg.1372.site.10, 100, 143, 243
411483.3.peg.1372.site.11, 51, 138, 189
411483.3.peg.1372.site.12, 108, 141, 249
411483.3.peg.1372.site.13, 1, 146, 147
411483.3.peg.1372.site.14, 3, 145, 148
411483.3.peg.1372.site.15, 129, 139, 268
411483.3.peg.1372.site.16, 90, 129, 219
411483.3.peg.1372.site.17, 1, 147, 148
411483.3.peg.1372.site.18, 25, 135, 160
411483.3.peg.1372.site.19, 2, 141, 143
411483.3.peg.1372.site.20, 3, 142, 145
411483.3.peg.1372.site.21, 0, 135, 135
411483.3.peg.1372.site.22, 1, 141, 142
411483.3.peg.1372.site.23, 2, 142, 144
411483.3.peg.1372.site.24, 3, 145, 148
411483.3.peg.1372.site.25, 135, 144, 279
411483.3.peg.1372.site.26, 19, 145, 164
411483.3.peg.1372.site.27, 57, 143, 200
411483.3.peg.1372.site.28, 4, 151, 155
411483.3.peg.1372.site.29, 6, 152, 158
411483.3.peg.1372.site.30, 0, 151, 151
411483.3.peg.1372.site.31, 1, 145, 146
411483.3.peg.1372.site.32, 0, 142, 142
411483.3.peg.1372.site.33, 0, 144, 144
411483.3.peg.1372.site.34, 3, 137, 140
411483.3.peg.1372.site.35, 0, 136, 136
411483.3.peg.1372.site.36, 40, 124, 164
411483.3.peg.1372.site.37, 1, 126, 127
411483.3.peg.1372.site.38, 0, 120, 120
411483.3.peg.1372.site.39, 3, 118, 121
411483.3.peg.1372.site.40, 1, 119, 120
411483.3.peg.1372.site.41, 43, 111, 154
411483.3.peg.1372.site.42, 0, 118, 118
411483.3.peg.1372.site.43, 5, 117, 122
411483.3.peg.1372.site.44, 7, 122, 129
411483.3.peg.1372.site.45, 84, 114, 198
411483.3.peg.1372.site.46, 9, 118, 127
411483.3.peg.1372.site.47, 1, 131, 132
411483.3.peg.1372.site.48, 0, 133, 133
411483.3.peg.1372.site.49, 4, 134, 138
411483.3.peg.1372.site.50, 9, 136, 145
411483.3.peg.1372.site.51, 3, 142, 145
411483.3.peg.1372.site.52, 3, 148, 151
411483.3.peg.1372.site.53, 1, 151, 152
411483.3.peg.1372.site.54, 2, 146, 148
411483.3.peg.1372.site.55, 1, 144, 145
411483.3.peg.1372.site.56, 7, 140, 147
411483.3.peg.1372.site.57, 0, 143, 143
411483.3.peg.1372.site.58, 113, 141, 254
411483.3.peg.1372.site.59, 3, 147, 150
411483.3.peg.1372.site.60, 16, 141, 157
411483.3.peg.1372.site.61, 7, 148, 155
411483.3.peg.1372.site.62, 2, 142, 144
411483.3.peg.1372.site.63, 7, 140, 147
411483.3.peg.1372.site.64, 110, 137, 247
411483.3.peg.1372.site.65, 10, 145, 155
411483.3.peg.1372.site.66, 3, 145, 148
411483.3.peg.1372.site.67, 4, 145, 149
411483.3.peg.1372.site.68, 1, 145, 146
411483.3.peg.1372.site.69, 73, 133, 206
411483.3.peg.1372.site.70, 1, 146, 147
411483.3.peg.1372.site.71, 2, 146, 148
411483.3.peg.1372.site.72, 2, 151, 153
411483.3.peg.1372.site.73, 34, 146, 180
411483.3.peg.1372.site.74, 4, 148, 152
411483.3.peg.1372.site.75, 1, 147, 148
411483.3.peg.1372.site.76, 138, 144, 282
411483.3.peg.1372.site.77, 8, 148, 156
411483.3.peg.1372.site.78, 4, 153, 157
411483.3.peg.1372.site.79, 2, 150, 152
411483.3.peg.1372.site.80, 7, 149, 156
411483.3.peg.1372.site.81, 4, 143, 147
411483.3.peg.1372.site.82, 3, 148, 151
411483.3.peg.1372.site.83, 20, 135, 155
411483.3.peg.1372.site.84, 11, 123, 134
411483.3.peg.1372.site.85, 3, 129, 132
411483.3.peg.1372.site.86, 3, 132, 135
411483.3.peg.1372.site.87, 26, 132, 158
411483.3.peg.1372.site.88, 118, 125, 243
411483.3.peg.1372.site.89, 3, 135, 138
411483.3.peg.1372.site.90, 5, 140, 145
411483.3.peg.1372.site.91, 1, 142, 143
411483.3.peg.1372.site.92, 5, 122, 127
411483.3.peg.1372.site.93, 3, 121, 124
411483.3.peg.1372.site.94, 2, 122, 124
411483.3.peg.1372.site.95, 1, 121, 122
411483.3.peg.1373.site.1, 13, 114, 127
411483.3.peg.1373.site.2, 62, 127, 189
411483.3.peg.1373.site.3, 129, 136, 265
411483.3.peg.1373.site.4, 1, 144, 145
411483.3.peg.1373.site.5, 0, 152, 152
411483.3.peg.1373.site.6, 0, 151, 151
411483.3.peg.1373.site.7, 3, 151, 154
411483.3.peg.1373.site.8, 4, 147, 151
411483.3.peg.1373.site.9, 16, 140, 156
411483.3.peg.1373.site.10, 3, 150, 153
411483.3.peg.1373.site.11, 2, 151, 153
411483.3.peg.1373.site.12, 3, 148, 151
411483.3.peg.1373.site.13, 4, 152, 156
411483.3.peg.1373.site.14, 1, 154, 155
411483.3.peg.1373.site.15, 2, 154, 156
411483.3.peg.1373.site.16, 1, 151, 152
411483.3.peg.1373.site.17, 2, 150, 152
411483.3.peg.1373.site.18, 4, 152, 156
411483.3.peg.1373.site.19, 7, 147, 154
411483.3.peg.1373.site.20, 1, 147, 148
411483.3.peg.1373.site.21, 67, 143, 210
411483.3.peg.1373.site.22, 2, 149, 151
411483.3.peg.1373.site.23, 1, 148, 149
411483.3.peg.1373.site.24, 3, 146, 149
411483.3.peg.1373.site.25, 65, 140, 205
411483.3.peg.1373.site.26, 132, 148, 280
411483.3.peg.1373.site.27, 8, 152, 160
411483.3.peg.1373.site.28, 14, 149, 163
411483.3.peg.1373.site.29, 11, 152, 163
411483.3.peg.1373.site.30, 0, 152, 152
411483.3.peg.1373.site.31, 5, 152, 157
411483.3.peg.1373.site.32, 6, 154, 160
411483.3.peg.1373.site.33, 6, 154, 160
411483.3.peg.1373.site.34, 4, 154, 158
411483.3.peg.1373.site.35, 1, 153, 154
411483.3.peg.1373.site.36, 0, 149, 149
411483.3.peg.1373.site.37, 0, 142, 142
411483.3.peg.1373.site.38, 6, 144, 150
411483.3.peg.1373.site.39, 0, 140, 140
411483.3.peg.1373.site.40, 0, 134, 134
411483.3.peg.1373.site.41, 1, 123, 124
411483.3.peg.1373.site.42, 0, 126, 126
411483.3.peg.1373.site.43, 4, 133, 137
411483.3.peg.1373.site.44, 4, 136, 140
411483.3.peg.1373.site.45, 8, 137, 145
411483.3.peg.1373.site.46, 0, 146, 146
411483.3.peg.1373.site.47, 0, 146, 146
411483.3.peg.1373.site.48, 0, 147, 147
411483.3.peg.1373.site.49, 0, 147, 147
411483.3.peg.1373.site.50, 131, 141, 272
411483.3.peg.1373.site.51, 7, 141, 148
411483.3.peg.1373.site.52, 5, 143, 148
411483.3.peg.1373.site.53, 10, 144, 154
411483.3.peg.1373.site.54, 2, 149, 151
411483.3.peg.1373.site.55, 3, 149, 152
411483.3.peg.1373.site.56, 17, 148, 165
411483.3.peg.1373.site.57, 1, 150, 151
411483.3.peg.1373.site.58, 4, 148, 152
411483.3.peg.1373.site.59, 1, 146, 147
411483.3.peg.1373.site.60, 1, 134, 135
411483.3.peg.1373.site.61, 3, 133, 136
411483.3.peg.1373.site.62, 2, 92, 94
411483.3.peg.1373.site.63, 0, 105, 105
411483.3.peg.1373.site.64, 0, 102, 102
411483.3.peg.1373.site.65, 18, 75, 93
411483.3.peg.1373.site.66, 0, 95, 95
411483.3.peg.1373.site.67, 1, 94, 95
411483.3.peg.1373.site.68, 2, 79, 81
411483.3.peg.1373.site.69, 0, 68, 68
411483.3.peg.1373.site.70, 19, 72, 91
411483.3.peg.1373.site.71, 1, 76, 77
411483.3.peg.1373.site.72, 55, 65, 120
411483.3.peg.1373.site.73, 3, 75, 78
411483.3.peg.1373.site.74, 60, 72, 132
411483.3.peg.1373.site.75, 2, 79, 81
411483.3.peg.1373.site.76, 3, 82, 85
411483.3.peg.1373.site.77, 1, 76, 77
411483.3.peg.1373.site.78, 2, 23, 25
411483.3.peg.1373.site.79, 6, 24, 30
411483.3.peg.1373.site.80, 8, 23, 31
411483.3.peg.1373.site.81, 5, 22, 27
411483.3.peg.1374.site.1, 2, 106, 108
411483.3.peg.1374.site.2, 0, 108, 108
411483.3.peg.1374.site.3, 1, 103, 104
411483.3.peg.1374.site.4, 2, 93, 95
411483.3.peg.1374.site.5, 0, 95, 95
411483.3.peg.1374.site.6, 3, 99, 102
411483.3.peg.1374.site.7, 1, 94, 95
411483.3.peg.1374.site.8, 3, 87, 90
411483.3.peg.1374.site.9, 0, 93, 93
411483.3.peg.1374.site.10, 1, 92, 93
411483.3.peg.1374.site.11, 1, 116, 117
411483.3.peg.1374.site.12, 14, 110, 124
411483.3.peg.1374.site.13, 4, 134, 138
411483.3.peg.1374.site.14, 0, 144, 144
411483.3.peg.1374.site.15, 8, 148, 156
411483.3.peg.1374.site.16, 5, 145, 150
411483.3.peg.1374.site.17, 3, 148, 151
411483.3.peg.1374.site.18, 0, 151, 151
411483.3.peg.1374.site.19, 5, 149, 154
411483.3.peg.1374.site.20, 0, 152, 152
411483.3.peg.1374.site.21, 0, 151, 151
411483.3.peg.1374.site.22, 4, 151, 155
411483.3.peg.1374.site.23, 2, 151, 153
411483.3.peg.1374.site.24, 3, 151, 154
411483.3.peg.1374.site.25, 12, 143, 155
411483.3.peg.1374.site.26, 6, 149, 155
411483.3.peg.1374.site.27, 2, 150, 152
411483.3.peg.1374.site.28, 5, 150, 155
411483.3.peg.1374.site.29, 2, 152, 154
411483.3.peg.1374.site.30, 5, 155, 160
411483.3.peg.1374.site.31, 4, 153, 157
411483.3.peg.1374.site.32, 5, 154, 159
411483.3.peg.1374.site.33, 3, 150, 153
411483.3.peg.1374.site.34, 30, 148, 178
411483.3.peg.1374.site.35, 1, 150, 151
411483.3.peg.1374.site.36, 2, 148, 150
411483.3.peg.1374.site.37, 6, 148, 154
411483.3.peg.1374.site.38, 127, 139, 266
411483.3.peg.1374.site.39, 3, 148, 151
411483.3.peg.1374.site.40, 5, 151, 156
411483.3.peg.1374.site.41, 2, 149, 151
411483.3.peg.1374.site.42, 2, 154, 156
411483.3.peg.1374.site.43, 1, 143, 144
411483.3.peg.1374.site.44, 124, 136, 260
411483.3.peg.1374.site.45, 0, 135, 135
411483.3.peg.1374.site.46, 1, 132, 133
411483.3.peg.1374.site.47, 2, 127, 129
411483.3.peg.1374.site.48, 1, 133, 134
411483.3.peg.1374.site.49, 39, 123, 162
411483.3.peg.1374.site.50, 0, 135, 135
411483.3.peg.1374.site.51, 0, 133, 133
411483.3.peg.1374.site.52, 10, 133, 143
411483.3.peg.1374.site.53, 0, 139, 139
411483.3.peg.1374.site.54, 1, 137, 138
411483.3.peg.1374.site.55, 1, 134, 135
411483.3.peg.1374.site.56, 1, 148, 149
411483.3.peg.1374.site.57, 2, 147, 149
411483.3.peg.1374.site.58, 2, 148, 150
411483.3.peg.1374.site.59, 2, 150, 152
411483.3.peg.1374.site.60, 3, 154, 157
411483.3.peg.1374.site.61, 123, 146, 269
411483.3.peg.1374.site.62, 10, 151, 161
411483.3.peg.1374.site.63, 36, 142, 178
411483.3.peg.1374.site.64, 16, 154, 170
411483.3.peg.1374.site.65, 1, 155, 156
411483.3.peg.1374.site.66, 1, 152, 153
411483.3.peg.1374.site.67, 1, 150, 151
411483.3.peg.1374.site.68, 3, 151, 154
411483.3.peg.1374.site.69, 1, 153, 154
411483.3.peg.1374.site.70, 2, 149, 151
411483.3.peg.1374.site.71, 4, 147, 151
411483.3.peg.1374.site.72, 2, 129, 131
411483.3.peg.1374.site.73, 11, 137, 148
411483.3.peg.1374.site.74, 7, 135, 142
411483.3.peg.1374.site.75, 12, 139, 151
411483.3.peg.1374.site.76, 5, 146, 151
411483.3.peg.1374.site.77, 1, 148, 149
411483.3.peg.1374.site.78, 5, 147, 152
411483.3.peg.1374.site.79, 10, 146, 156
411483.3.peg.1374.site.80, 12, 149, 161
411483.3.peg.1374.site.81, 2, 152, 154
411483.3.peg.1374.site.82, 29, 150, 179
411483.3.peg.1374.site.83, 31, 149, 180
411483.3.peg.1374.site.84, 14, 147, 161
411483.3.peg.1374.site.85, 1, 153, 154
411483.3.peg.1374.site.86, 36, 140, 176
411483.3.peg.1374.site.87, 19, 146, 165
411483.3.peg.1374.site.88, 2, 147, 149
411483.3.peg.1374.site.89, 3, 147, 150
411483.3.peg.1374.site.90, 1, 136, 137
411483.3.peg.1374.site.91, 46, 128, 174
411483.3.peg.1374.site.92, 70, 121, 191
411483.3.peg.1374.site.93, 35, 122, 157
411483.3.peg.1374.site.94, 3, 94, 97
411483.3.peg.1374.site.95, 0, 80, 80
411483.3.peg.1374.site.96, 30, 67, 97
411483.3.peg.1374.site.97, 4, 61, 65
411483.3.peg.1374.site.98, 3, 62, 65
411483.3.peg.1374.site.99, 48, 69, 117
411483.3.peg.1374.site.100, 2, 79, 81
411483.3.peg.1374.site.101, 2, 99, 101
411483.3.peg.1374.site.102, 91, 100, 191
411483.3.peg.1374.site.103, 1, 107, 108
411483.3.peg.1374.site.104, 2, 118, 120
411483.3.peg.1374.site.105, 1, 115, 116
411483.3.peg.1374.site.106, 97, 105, 202
411483.3.peg.1374.site.107, 10, 110, 120
411483.3.peg.1374.site.108, 2, 104, 106
411483.3.peg.1374.site.109, 1, 102, 103
411483.3.peg.1374.site.110, 3, 92, 95
411483.3.peg.1374.site.111, 0, 125, 125
411483.3.peg.1374.site.112, 0, 113, 113
411483.3.peg.1374.site.113, 0, 119, 119
411483.3.peg.1374.site.114, 1, 134, 135
411483.3.peg.1374.site.115, 1, 138, 139
411483.3.peg.1374.site.116, 0, 135, 135
411483.3.peg.1374.site.117, 51, 125, 176
411483.3.peg.1374.site.118, 0, 141, 141
411483.3.peg.1374.site.119, 0, 138, 138
411483.3.peg.1374.site.120, 1, 138, 139
411483.3.peg.1374.site.121, 0, 146, 146
411483.3.peg.1374.site.122, 1, 149, 150
411483.3.peg.1374.site.123, 1, 150, 151
411483.3.peg.1374.site.124, 1, 150, 151
411483.3.peg.1374.site.125, 0, 147, 147
411483.3.peg.1374.site.126, 1, 143, 144
411483.3.peg.1374.site.127, 7, 140, 147
411483.3.peg.1374.site.128, 46, 133, 179
411483.3.peg.1374.site.129, 2, 146, 148
411483.3.peg.1374.site.130, 5, 143, 148
411483.3.peg.1374.site.131, 3, 146, 149
411483.3.peg.1374.site.132, 1, 147, 148
411483.3.peg.1374.site.133, 4, 148, 152
411483.3.peg.1374.site.134, 20, 143, 163
411483.3.peg.1374.site.135, 0, 150, 150
411483.3.peg.1374.site.136, 5, 152, 157
411483.3.peg.1374.site.137, 44, 145, 189
411483.3.peg.1374.site.138, 6, 149, 155
411483.3.peg.1374.site.139, 1, 153, 154
411483.3.peg.1374.site.140, 140, 148, 288
411483.3.peg.1374.site.141, 1, 153, 154
411483.3.peg.1374.site.142, 2, 151, 153
411483.3.peg.1374.site.143, 1, 153, 154
411483.3.peg.1374.site.144, 12, 148, 160
411483.3.peg.1374.site.145, 0, 147, 147
411483.3.peg.1374.site.146, 1, 147, 148
411483.3.peg.1374.site.147, 2, 145, 147
411483.3.peg.1374.site.148, 13, 142, 155
411483.3.peg.1374.site.149, 1, 143, 144
411483.3.peg.1374.site.150, 0, 142, 142
411483.3.peg.1374.site.151, 0, 140, 140
411483.3.peg.1374.site.152, 5, 135, 140
411483.3.peg.1374.site.153, 4, 126, 130
411483.3.peg.1374.site.154, 0, 129, 129
411483.3.peg.1374.site.155, 0, 132, 132
411483.3.peg.1375.site.1, 0, 147, 147
411483.3.peg.1375.site.2, 0, 148, 148
411483.3.peg.1375.site.3, 0, 148, 148
411483.3.peg.1375.site.4, 2, 145, 147
411483.3.peg.1375.site.5, 1, 150, 151
411483.3.peg.1375.site.6, 4, 149, 153
411483.3.peg.1375.site.7, 0, 144, 144
411483.3.peg.1375.site.8, 12, 141, 153
411483.3.peg.1375.site.9, 0, 142, 142
411483.3.peg.1375.site.10, 2, 147, 149
411483.3.peg.1375.site.11, 1, 152, 153
411483.3.peg.1375.site.12, 2, 155, 157
411483.3.peg.1375.site.13, 3, 155, 158
411483.3.peg.1375.site.14, 132, 143, 275
411483.3.peg.1375.site.15, 1, 125, 126
411483.3.peg.1375.site.16, 64, 110, 174
411483.3.peg.1375.site.17, 7, 114, 121
411483.3.peg.1375.site.18, 109, 122, 231
411483.3.peg.1375.site.19, 22, 138, 160
411483.3.peg.1375.site.20, 5, 149, 154
411483.3.peg.1375.site.21, 2, 153, 155
411483.3.peg.1375.site.22, 2, 155, 157
411483.3.peg.1375.site.23, 1, 154, 155
411483.3.peg.1375.site.24, 1, 154, 155
411483.3.peg.1375.site.25, 0, 150, 150
411483.3.peg.1375.site.26, 1, 147, 148
411483.3.peg.1375.site.27, 3, 138, 141
411483.3.peg.1375.site.28, 3, 141, 144
411483.3.peg.1375.site.29, 124, 136, 260
411483.3.peg.1375.site.30, 1, 145, 146
411483.3.peg.1375.site.31, 122, 134, 256
411483.3.peg.1375.site.32, 5, 144, 149
411483.3.peg.1375.site.33, 0, 144, 144
411483.3.peg.1375.site.34, 2, 142, 144
411483.3.peg.1375.site.35, 15, 144, 159
411483.3.peg.1375.site.36, 1, 143, 144
411483.3.peg.1375.site.37, 2, 140, 142
411483.3.peg.1375.site.38, 1, 145, 146
411483.3.peg.1375.site.39, 9, 142, 151
411483.3.peg.1375.site.40, 1, 145, 146
411483.3.peg.1375.site.41, 2, 146, 148
411483.3.peg.1375.site.42, 7, 143, 150
411483.3.peg.1375.site.43, 6, 145, 151
411483.3.peg.1375.site.44, 106, 138, 244
411483.3.peg.1375.site.45, 0, 147, 147
411483.3.peg.1375.site.46, 4, 150, 154
411483.3.peg.1375.site.47, 4, 148, 152
411483.3.peg.1375.site.48, 19, 151, 170
411483.3.peg.1375.site.49, 2, 153, 155
411483.3.peg.1375.site.50, 21, 145, 166
411483.3.peg.1375.site.51, 0, 152, 152
411483.3.peg.1375.site.52, 0, 148, 148
411483.3.peg.1375.site.53, 2, 148, 150
411483.3.peg.1375.site.54, 15, 142, 157
411483.3.peg.1375.site.55, 69, 129, 198
411483.3.peg.1375.site.56, 2, 126, 128
411483.3.peg.1375.site.57, 2, 132, 134
411483.3.peg.1375.site.58, 1, 142, 143
411483.3.peg.1375.site.59, 1, 138, 139
411483.3.peg.1375.site.60, 0, 141, 141
411483.3.peg.1375.site.61, 1, 133, 134
411483.3.peg.1375.site.62, 1, 137, 138
411483.3.peg.1375.site.63, 1, 132, 133
411483.3.peg.1375.site.64, 59, 124, 183
411483.3.peg.1375.site.65, 0, 133, 133
411483.3.peg.1375.site.66, 1, 132, 133
411483.3.peg.1375.site.67, 14, 131, 145
411483.3.peg.1375.site.68, 1, 132, 133
411483.3.peg.1375.site.69, 2, 129, 131
411483.3.peg.1375.site.70, 2, 98, 100
411483.3.peg.1375.site.71, 4, 86, 90
411483.3.peg.1375.site.72, 1, 122, 123
411483.3.peg.1375.site.73, 1, 141, 142
411483.3.peg.1375.site.74, 0, 136, 136
411483.3.peg.1375.site.75, 3, 143, 146
411483.3.peg.1375.site.76, 11, 141, 152
411483.3.peg.1375.site.77, 33, 137, 170
411483.3.peg.1375.site.78, 32, 130, 162
411483.3.peg.1375.site.79, 0, 150, 150
411483.3.peg.1375.site.80, 1, 149, 150
411483.3.peg.1375.site.81, 0, 152, 152
411483.3.peg.1375.site.82, 4, 139, 143
411483.3.peg.1375.site.83, 3, 137, 140
411483.3.peg.1376.site.1, 1, 141, 142
411483.3.peg.1376.site.2, 4, 146, 150
411483.3.peg.1376.site.3, 54, 132, 186
411483.3.peg.1376.site.4, 2, 152, 154
411483.3.peg.1376.site.5, 1, 148, 149
411483.3.peg.1376.site.6, 1, 144, 145
411483.3.peg.1376.site.7, 11, 145, 156
411483.3.peg.1376.site.8, 3, 148, 151
411483.3.peg.1376.site.9, 1, 148, 149
411483.3.peg.1376.site.10, 0, 145, 145
411483.3.peg.1376.site.11, 4, 150, 154
411483.3.peg.1376.site.12, 6, 147, 153
411483.3.peg.1376.site.13, 6, 142, 148
411483.3.peg.1376.site.14, 47, 141, 188
411483.3.peg.1376.site.15, 7, 150, 157
411483.3.peg.1376.site.16, 3, 151, 154
411483.3.peg.1376.site.17, 1, 152, 153
411483.3.peg.1376.site.18, 1, 150, 151
411483.3.peg.1376.site.19, 9, 143, 152
411483.3.peg.1376.site.20, 3, 124, 127
411483.3.peg.1376.site.21, 3, 122, 125
411483.3.peg.1376.site.22, 0, 136, 136
411483.3.peg.1376.site.23, 0, 143, 143
411483.3.peg.1376.site.24, 2, 141, 143
411483.3.peg.1376.site.25, 22, 145, 167
411483.3.peg.1376.site.26, 5, 144, 149
411483.3.peg.1376.site.27, 2, 147, 149
411483.3.peg.1376.site.28, 3, 148, 151
411483.3.peg.1376.site.29, 21, 144, 165
411483.3.peg.1376.site.30, 6, 148, 154
411483.3.peg.1376.site.31, 2, 150, 152
411483.3.peg.1376.site.32, 4, 143, 147
411483.3.peg.1376.site.33, 4, 148, 152
411483.3.peg.1376.site.34, 2, 148, 150
411483.3.peg.1376.site.35, 8, 145, 153
411483.3.peg.1376.site.36, 5, 151, 156
411483.3.peg.1376.site.37, 1, 152, 153
411483.3.peg.1376.site.38, 0, 147, 147
411483.3.peg.1376.site.39, 4, 143, 147
411483.3.peg.1376.site.40, 5, 150, 155
411483.3.peg.1376.site.41, 1, 147, 148
411483.3.peg.1376.site.42, 1, 146, 147
411483.3.peg.1376.site.43, 2, 145, 147
411483.3.peg.1376.site.44, 0, 149, 149
411483.3.peg.1376.site.45, 1, 141, 142
411483.3.peg.1376.site.46, 1, 139, 140
411483.3.peg.1376.site.47, 0, 129, 129
411483.3.peg.1376.site.48, 6, 118, 124
411483.3.peg.1376.site.49, 10, 112, 122
411483.3.peg.1376.site.50, 5, 112, 117
411483.3.peg.1376.site.51, 7, 101, 108
411483.3.peg.1376.site.52, 1, 123, 124
411483.3.peg.1376.site.53, 55, 118, 173
411483.3.peg.1376.site.54, 2, 136, 138
411483.3.peg.1376.site.55, 4, 148, 152
411483.3.peg.1378.site.1, 2, 151, 153
411483.3.peg.1378.site.2, 2, 154, 156
411483.3.peg.1378.site.3, 13, 147, 160
411483.3.peg.1378.site.4, 5, 153, 158
411483.3.peg.1378.site.5, 0, 151, 151
411483.3.peg.1378.site.6, 2, 152, 154
411483.3.peg.1378.site.7, 2, 149, 151
411483.3.peg.1378.site.8, 4, 150, 154
411483.3.peg.1378.site.9, 1, 149, 150
411483.3.peg.1378.site.10, 2, 137, 139
411483.3.peg.1378.site.11, 1, 141, 142
411483.3.peg.1378.site.12, 2, 141, 143
411483.3.peg.1378.site.13, 137, 150, 287
411483.3.peg.1378.site.14, 7, 148, 155
411483.3.peg.1378.site.15, 1, 154, 155
411483.3.peg.1378.site.16, 1, 153, 154
411483.3.peg.1378.site.17, 1, 152, 153
411483.3.peg.1378.site.18, 4, 152, 156
411483.3.peg.1378.site.19, 1, 152, 153
411483.3.peg.1378.site.20, 2, 151, 153
411483.3.peg.1378.site.21, 1, 148, 149
411483.3.peg.1378.site.22, 1, 135, 136
411483.3.peg.1378.site.23, 1, 134, 135
411483.3.peg.1378.site.24, 4, 133, 137
411483.3.peg.1378.site.25, 6, 135, 141
411483.3.peg.1378.site.26, 8, 133, 141
411483.3.peg.1378.site.27, 0, 143, 143
411483.3.peg.1378.site.28, 3, 141, 144
411483.3.peg.1378.site.29, 1, 146, 147
411483.3.peg.1378.site.30, 0, 144, 144
411483.3.peg.1378.site.31, 12, 148, 160
411483.3.peg.1378.site.32, 20, 144, 164
411483.3.peg.1378.site.33, 4, 144, 148
411483.3.peg.1378.site.34, 2, 148, 150
411483.3.peg.1378.site.35, 18, 145, 163
411483.3.peg.1378.site.36, 23, 146, 169
411483.3.peg.1378.site.37, 2, 150, 152
411483.3.peg.1378.site.38, 4, 151, 155
411483.3.peg.1378.site.39, 1, 149, 150
411483.3.peg.1378.site.40, 1, 145, 146
411483.3.peg.1378.site.41, 12, 144, 156
411483.3.peg.1378.site.42, 1, 146, 147
411483.3.peg.1378.site.43, 2, 141, 143
411483.3.peg.1378.site.44, 0, 142, 142
411483.3.peg.1378.site.45, 8, 141, 149
411483.3.peg.1378.site.46, 7, 141, 148
411483.3.peg.1378.site.47, 3, 138, 141
411483.3.peg.1378.site.48, 8, 137, 145
411483.3.peg.1378.site.49, 3, 144, 147
411483.3.peg.1378.site.50, 0, 145, 145
411483.3.peg.1378.site.51, 5, 146, 151
411483.3.peg.1379.site.1, 6, 152, 158
411483.3.peg.1379.site.2, 1, 153, 154
411483.3.peg.1379.site.3, 4, 152, 156
411483.3.peg.1379.site.4, 1, 152, 153
411483.3.peg.1379.site.5, 6, 152, 158
411483.3.peg.1379.site.6, 1, 152, 153
411483.3.peg.1379.site.7, 153, 153, 306
411483.3.peg.1379.site.8, 0, 147, 147
411483.3.peg.1379.site.9, 3, 152, 155
411483.3.peg.1379.site.10, 2, 153, 155
411483.3.peg.1379.site.11, 3, 153, 156
411483.3.peg.1379.site.12, 0, 154, 154
411483.3.peg.1379.site.13, 0, 153, 153
411483.3.peg.1379.site.14, 6, 150, 156
411483.3.peg.1379.site.15, 9, 148, 157
411483.3.peg.1379.site.16, 0, 150, 150
411483.3.peg.1379.site.17, 2, 154, 156
411483.3.peg.1379.site.18, 6, 153, 159
411483.3.peg.1379.site.19, 3, 148, 151
411483.3.peg.1379.site.20, 11, 149, 160
411483.3.peg.1379.site.21, 18, 153, 171
411483.3.peg.1379.site.22, 4, 154, 158
411483.3.peg.1379.site.23, 4, 153, 157
411483.3.peg.1379.site.24, 118, 151, 269
411483.3.peg.1379.site.25, 7, 155, 162
411483.3.peg.1379.site.26, 123, 145, 268
411483.3.peg.1379.site.27, 7, 151, 158
411483.3.peg.1379.site.28, 9, 148, 157
411483.3.peg.1379.site.29, 1, 154, 155
411483.3.peg.1379.site.30, 2, 152, 154
411483.3.peg.1379.site.31, 2, 155, 157
411483.3.peg.1379.site.32, 3, 152, 155
411483.3.peg.1379.site.33, 3, 151, 154
411483.3.peg.1379.site.34, 2, 153, 155
411483.3.peg.1379.site.35, 8, 149, 157
411483.3.peg.1379.site.36, 0, 152, 152
411483.3.peg.1379.site.37, 4, 153, 157
411483.3.peg.1379.site.38, 1, 153, 154
411483.3.peg.1379.site.39, 0, 153, 153
411483.3.peg.1379.site.40, 5, 151, 156
411483.3.peg.1379.site.41, 7, 151, 158
411483.3.peg.1379.site.42, 0, 153, 153
411483.3.peg.1379.site.43, 2, 154, 156
411483.3.peg.1379.site.44, 1, 155, 156
411483.3.peg.1379.site.45, 1, 155, 156
411483.3.peg.1379.site.46, 0, 154, 154
411483.3.peg.1379.site.47, 2, 155, 157
411483.3.peg.1379.site.48, 1, 155, 156
411483.3.peg.1379.site.49, 2, 154, 156
411483.3.peg.1379.site.50, 86, 144, 230
411483.3.peg.1379.site.51, 0, 153, 153
411483.3.peg.1379.site.52, 1, 153, 154
411483.3.peg.1379.site.53, 7, 155, 162
411483.3.peg.1379.site.54, 4, 152, 156
411483.3.peg.1379.site.55, 5, 149, 154
411483.3.peg.1379.site.56, 3, 149, 152
411483.3.peg.1379.site.57, 0, 149, 149
411483.3.peg.1379.site.58, 5, 148, 153
411483.3.peg.1379.site.59, 23, 141, 164
411483.3.peg.1379.site.60, 5, 145, 150
411483.3.peg.1379.site.61, 1, 143, 144
411483.3.peg.1379.site.62, 2, 151, 153
411483.3.peg.1379.site.63, 3, 149, 152
411483.3.peg.1379.site.64, 1, 148, 149
411483.3.peg.1379.site.65, 11, 148, 159
411483.3.peg.1379.site.66, 5, 149, 154
411483.3.peg.1379.site.67, 0, 136, 136
411483.3.peg.1379.site.68, 2, 141, 143
411483.3.peg.2172.site.1, 3, 152, 155
411483.3.peg.2172.site.2, 3, 153, 156
411483.3.peg.2172.site.3, 1, 153, 154
411483.3.peg.2172.site.4, 8, 152, 160
411483.3.peg.2172.site.5, 1, 153, 154
411483.3.peg.2172.site.6, 5, 151, 156
411483.3.peg.2172.site.7, 3, 149, 152
411483.3.peg.2172.site.8, 0, 146, 146
411483.3.peg.2172.site.9, 4, 145, 149
411483.3.peg.2172.site.10, 1, 130, 131
411483.3.peg.2172.site.11, 4, 136, 140
411483.3.peg.2172.site.12, 1, 135, 136
411483.3.peg.2172.site.13, 2, 138, 140
411483.3.peg.2172.site.14, 18, 126, 144
411483.3.peg.2172.site.15, 112, 132, 244
411483.3.peg.2172.site.16, 110, 131, 241
411483.3.peg.2172.site.17, 5, 134, 139
411483.3.peg.2172.site.18, 1, 148, 149
411483.3.peg.2172.site.19, 1, 148, 149
411483.3.peg.2172.site.20, 2, 148, 150
411483.3.peg.2172.site.21, 5, 149, 154
411483.3.peg.2172.site.22, 3, 150, 153
411483.3.peg.2172.site.23, 41, 135, 176
411483.3.peg.2172.site.24, 2, 147, 149
411483.3.peg.2172.site.25, 5, 145, 150
411483.3.peg.2172.site.26, 2, 142, 144
411483.3.peg.2172.site.27, 7, 144, 151
411483.3.peg.2172.site.28, 5, 148, 153
411483.3.peg.2172.site.29, 3, 148, 151
411483.3.peg.2171.site.1, 20, 114, 134
411483.3.peg.2171.site.2, 1, 117, 118
411483.3.peg.2171.site.3, 9, 125, 134
411483.3.peg.2171.site.4, 1, 127, 128
411483.3.peg.2171.site.5, 1, 132, 133
411483.3.peg.2171.site.6, 9, 130, 139
411483.3.peg.2171.site.7, 1, 124, 125
411483.3.peg.2171.site.8, 7, 128, 135
411483.3.peg.2171.site.9, 23, 116, 139
411483.3.peg.2171.site.10, 1, 134, 135
411483.3.peg.2171.site.11, 2, 138, 140
411483.3.peg.2171.site.12, 0, 136, 136
411483.3.peg.2171.site.13, 1, 129, 130
411483.3.peg.2171.site.14, 1, 144, 145
411483.3.peg.2171.site.15, 3, 148, 151
411483.3.peg.2171.site.16, 1, 148, 149
411483.3.peg.2171.site.17, 0, 147, 147
411483.3.peg.2171.site.18, 0, 147, 147
411483.3.peg.2171.site.19, 3, 150, 153
411483.3.peg.2171.site.20, 9, 147, 156
411483.3.peg.2171.site.21, 0, 141, 141
411483.3.peg.2171.site.22, 4, 149, 153
411483.3.peg.2171.site.23, 11, 147, 158
411483.3.peg.2171.site.24, 1, 139, 140
411483.3.peg.2171.site.25, 7, 139, 146
411483.3.peg.2171.site.26, 8, 132, 140
411483.3.peg.2171.site.27, 3, 140, 143
411483.3.peg.2171.site.28, 3, 137, 140
411483.3.peg.2171.site.29, 118, 130, 248
411483.3.peg.2171.site.30, 60, 133, 193
411483.3.peg.2171.site.31, 6, 140, 146
411483.3.peg.2171.site.32, 35, 139, 174
411483.3.peg.2171.site.33, 19, 139, 158
411483.3.peg.2171.site.34, 11, 140, 151
411483.3.peg.2171.site.35, 0, 144, 144
411483.3.peg.2171.site.36, 7, 144, 151
411483.3.peg.2171.site.37, 8, 143, 151
411483.3.peg.2171.site.38, 0, 145, 145
411483.3.peg.2171.site.39, 0, 142, 142
411483.3.peg.2171.site.40, 10, 150, 160
411483.3.peg.2171.site.41, 4, 147, 151
411483.3.peg.2171.site.42, 7, 146, 153
411483.3.peg.2171.site.43, 8, 145, 153
411483.3.peg.2171.site.44, 3, 134, 137
411483.3.peg.2171.site.45, 5, 137, 142
411483.3.peg.2171.site.46, 10, 124, 134
411483.3.peg.2171.site.47, 0, 128, 128
411483.3.peg.2171.site.48, 48, 119, 167
411483.3.peg.2171.site.49, 0, 109, 109
411483.3.peg.2171.site.50, 7, 111, 118
411483.3.peg.2171.site.51, 2, 101, 103
411483.3.peg.2171.site.52, 80, 94, 174
411483.3.peg.2171.site.53, 28, 94, 122
411483.3.peg.2171.site.54, 77, 99, 176
411483.3.peg.2171.site.55, 15, 104, 119
411483.3.peg.2171.site.56, 2, 101, 103
411483.3.peg.2171.site.57, 12, 129, 141
411483.3.peg.2171.site.58, 0, 136, 136
411483.3.peg.2171.site.59, 46, 132, 178
411483.3.peg.2171.site.60, 1, 144, 145
411483.3.peg.2171.site.61, 3, 141, 144
411483.3.peg.2171.site.62, 2, 146, 148
411483.3.peg.2171.site.63, 5, 149, 154
411483.3.peg.2171.site.64, 12, 143, 155
411483.3.peg.2171.site.65, 1, 142, 143
411483.3.peg.2171.site.66, 69, 133, 202
411483.3.peg.2171.site.67, 77, 132, 209
411483.3.peg.2171.site.68, 1, 136, 137
411483.3.peg.2171.site.69, 0, 133, 133
411483.3.peg.2171.site.70, 0, 143, 143
411483.3.peg.2171.site.71, 11, 138, 149
411483.3.peg.2171.site.72, 1, 137, 138
411483.3.peg.2171.site.73, 5, 137, 142
411483.3.peg.2171.site.74, 0, 141, 141
411483.3.peg.2171.site.75, 4, 139, 143
411483.3.peg.2171.site.76, 1, 132, 133
411483.3.peg.2171.site.77, 2, 135, 137
411483.3.peg.2171.site.78, 1, 130, 131
411483.3.peg.2171.site.79, 0, 133, 133
411483.3.peg.2171.site.80, 1, 131, 132
411483.3.peg.2171.site.81, 2, 123, 125
411483.3.peg.2171.site.82, 1, 120, 121
411483.3.peg.2171.site.83, 1, 115, 116
411483.3.peg.2171.site.84, 4, 130, 134
411483.3.peg.2171.site.85, 12, 129, 141
411483.3.peg.2171.site.86, 4, 139, 143
411483.3.peg.2171.site.87, 16, 127, 143
411483.3.peg.2171.site.88, 2, 139, 141
411483.3.peg.2171.site.89, 1, 137, 138
411483.3.peg.2170.site.1, 1, 152, 153
411483.3.peg.2170.site.2, 2, 155, 157
411483.3.peg.2170.site.3, 0, 154, 154
411483.3.peg.2170.site.4, 6, 152, 158
411483.3.peg.2170.site.5, 2, 155, 157
411483.3.peg.2170.site.6, 132, 150, 282
411483.3.peg.2170.site.7, 6, 152, 158
411483.3.peg.2170.site.8, 1, 155, 156
411483.3.peg.2170.site.9, 2, 155, 157
411483.3.peg.2170.site.10, 5, 153, 158
411483.3.peg.2170.site.11, 1, 155, 156
411483.3.peg.2170.site.12, 7, 155, 162
411483.3.peg.2170.site.13, 2, 154, 156
411483.3.peg.2170.site.14, 5, 154, 159
411483.3.peg.2170.site.15, 7, 154, 161
411483.3.peg.2170.site.16, 3, 155, 158
411483.3.peg.2170.site.17, 11, 153, 164
411483.3.peg.2170.site.18, 10, 155, 165
411483.3.peg.2170.site.19, 4, 154, 158
411483.3.peg.2170.site.20, 2, 154, 156
411483.3.peg.2170.site.21, 6, 154, 160
411483.3.peg.2170.site.22, 4, 151, 155
411483.3.peg.2170.site.23, 4, 153, 157
411483.3.peg.2170.site.24, 15, 147, 162
411483.3.peg.2170.site.25, 17, 150, 167
411483.3.peg.2170.site.26, 8, 151, 159
411483.3.peg.2170.site.27, 62, 142, 204
411483.3.peg.2170.site.28, 1, 147, 148
411483.3.peg.2170.site.29, 2, 150, 152
411483.3.peg.2170.site.30, 147, 151, 298
411483.3.peg.2170.site.31, 57, 140, 197
411483.3.peg.2170.site.32, 1, 154, 155
411483.3.peg.2170.site.33, 2, 155, 157
411483.3.peg.2170.site.34, 70, 139, 209
411483.3.peg.2170.site.35, 1, 150, 151
411483.3.peg.2170.site.36, 0, 150, 150
411483.3.peg.2170.site.37, 143, 151, 294
411483.3.peg.2170.site.38, 0, 149, 149
411483.3.peg.2170.site.39, 0, 148, 148
411483.3.peg.2170.site.40, 1, 153, 154
411483.3.peg.2170.site.41, 54, 132, 186
411483.3.peg.2170.site.42, 2, 154, 156
411483.3.peg.2170.site.43, 4, 147, 151
411483.3.peg.2170.site.44, 1, 154, 155
411483.3.peg.2170.site.45, 3, 149, 152
411483.3.peg.2170.site.46, 1, 152, 153
411483.3.peg.2170.site.47, 0, 152, 152
411483.3.peg.2170.site.48, 3, 148, 151
411483.3.peg.2170.site.49, 5, 149, 154
411483.3.peg.2170.site.50, 2, 152, 154
411483.3.peg.2170.site.51, 4, 150, 154
411483.3.peg.2170.site.52, 6, 152, 158
411483.3.peg.2170.site.53, 0, 153, 153
411483.3.peg.2170.site.54, 3, 152, 155
411483.3.peg.2170.site.55, 1, 152, 153
411483.3.peg.2170.site.56, 4, 152, 156
411483.3.peg.2170.site.57, 3, 147, 150
411483.3.peg.2170.site.58, 12, 145, 157
411483.3.peg.2170.site.59, 4, 148, 152
411483.3.peg.2170.site.60, 18, 149, 167
411483.3.peg.2170.site.61, 143, 150, 293
411483.3.peg.2170.site.62, 9, 151, 160
411483.3.peg.2170.site.63, 0, 154, 154
411483.3.peg.2170.site.64, 4, 154, 158
411483.3.peg.2170.site.65, 0, 151, 151
411483.3.peg.2170.site.66, 0, 151, 151
411483.3.peg.2170.site.67, 10, 155, 165
411483.3.peg.2170.site.68, 0, 152, 152
411483.3.peg.2170.site.69, 0, 152, 152
411483.3.peg.2170.site.70, 14, 151, 165
411483.3.peg.2174.site.1, 1, 154, 155
411483.3.peg.2174.site.2, 1, 153, 154
411483.3.peg.2174.site.3, 6, 151, 157
411483.3.peg.2174.site.4, 13, 148, 161
411483.3.peg.2174.site.5, 3, 151, 154
411483.3.peg.2174.site.6, 26, 147, 173
411483.3.peg.2174.site.7, 0, 154, 154
411483.3.peg.2174.site.8, 0, 152, 152
411483.3.peg.2174.site.9, 1, 153, 154
411483.3.peg.2174.site.10, 19, 148, 167
411483.3.peg.2174.site.11, 2, 151, 153
411483.3.peg.2174.site.12, 9, 153, 162
411483.3.peg.2174.site.13, 2, 153, 155
411483.3.peg.2174.site.14, 7, 151, 158
411483.3.peg.2174.site.15, 0, 153, 153
411483.3.peg.2174.site.16, 6, 154, 160
411483.3.peg.2174.site.17, 3, 152, 155
411483.3.peg.2174.site.18, 1, 154, 155
411483.3.peg.2174.site.19, 6, 152, 158
411483.3.peg.2174.site.20, 4, 155, 159
411483.3.peg.2174.site.21, 0, 153, 153
411483.3.peg.2174.site.22, 0, 152, 152
411483.3.peg.2174.site.23, 3, 155, 158
411483.3.peg.2174.site.24, 6, 147, 153
411483.3.peg.2174.site.25, 0, 154, 154
411483.3.peg.2174.site.26, 1, 155, 156
411483.3.peg.2174.site.27, 7, 152, 159
411483.3.peg.2174.site.28, 6, 153, 159
411483.3.peg.2174.site.29, 0, 149, 149
411483.3.peg.2174.site.30, 1, 149, 150
411483.3.peg.2174.site.31, 36, 136, 172
411483.3.peg.2174.site.32, 1, 147, 148
411483.3.peg.2174.site.33, 1, 149, 150
411483.3.peg.2174.site.34, 26, 136, 162
411483.3.peg.2174.site.35, 1, 138, 139
411483.3.peg.2174.site.36, 7, 137, 144
411483.3.peg.2174.site.37, 0, 136, 136
411483.3.peg.2174.site.38, 87, 127, 214
411483.3.peg.2174.site.39, 1, 149, 150
411483.3.peg.2174.site.40, 3, 146, 149
411483.3.peg.2174.site.41, 4, 152, 156
411483.3.peg.2174.site.42, 2, 152, 154
411483.3.peg.2174.site.43, 4, 155, 159
411483.3.peg.2174.site.44, 1, 155, 156
411483.3.peg.2174.site.45, 1, 153, 154
411483.3.peg.2174.site.46, 12, 143, 155
411483.3.peg.2174.site.47, 1, 153, 154
411483.3.peg.2174.site.48, 35, 145, 180
411483.3.peg.2174.site.49, 6, 154, 160
411483.3.peg.2174.site.50, 5, 154, 159
411483.3.peg.2174.site.51, 0, 155, 155
411483.3.peg.2174.site.52, 15, 151, 166
411483.3.peg.2174.site.53, 4, 154, 158
411483.3.peg.2174.site.54, 2, 154, 156
411483.3.peg.2174.site.55, 1, 155, 156
411483.3.peg.2174.site.56, 2, 152, 154
411483.3.peg.2174.site.57, 1, 153, 154
411483.3.peg.2174.site.58, 99, 144, 243
411483.3.peg.2174.site.59, 79, 148, 227
411483.3.peg.2174.site.60, 6, 155, 161
411483.3.peg.2174.site.61, 1, 154, 155
411483.3.peg.1154.site.1, 9, 152, 161
411483.3.peg.1154.site.2, 0, 151, 151
411483.3.peg.1154.site.3, 4, 150, 154
411483.3.peg.1154.site.4, 13, 148, 161
411483.3.peg.1154.site.5, 1, 150, 151
411483.3.peg.1154.site.6, 0, 148, 148
411483.3.peg.1154.site.7, 0, 147, 147
411483.3.peg.1154.site.8, 3, 145, 148
411483.3.peg.1154.site.9, 4, 145, 149
411483.3.peg.1154.site.10, 86, 133, 219
411483.3.peg.1154.site.11, 0, 149, 149
411483.3.peg.1154.site.12, 2, 145, 147
411483.3.peg.1154.site.13, 1, 144, 145
411483.3.peg.1154.site.14, 1, 143, 144
411483.3.peg.1154.site.15, 74, 136, 210
411483.3.peg.1154.site.16, 24, 145, 169
411483.3.peg.1154.site.17, 5, 146, 151
411483.3.peg.1154.site.18, 1, 153, 154
411483.3.peg.1154.site.19, 2, 153, 155
411483.3.peg.1155.site.1, 2, 153, 155
411483.3.peg.1155.site.2, 0, 154, 154
411483.3.peg.1155.site.3, 0, 153, 153
411483.3.peg.1155.site.4, 5, 154, 159
411483.3.peg.1155.site.5, 4, 148, 152
411483.3.peg.1155.site.6, 6, 150, 156
411483.3.peg.1155.site.7, 5, 148, 153
411483.3.peg.1155.site.8, 21, 142, 163
411483.3.peg.1155.site.9, 29, 142, 171
411483.3.peg.1155.site.10, 3, 147, 150
411483.3.peg.1155.site.11, 1, 145, 146
411483.3.peg.1155.site.12, 1, 140, 141
411483.3.peg.1155.site.13, 3, 142, 145
411483.3.peg.1155.site.14, 1, 136, 137
411483.3.peg.1155.site.15, 3, 136, 139
411483.3.peg.1155.site.16, 0, 116, 116
411483.3.peg.1155.site.17, 1, 100, 101
411483.3.peg.1155.site.18, 2, 86, 88
411483.3.peg.1155.site.19, 5, 91, 96
411483.3.peg.1155.site.20, 1, 86, 87
411483.3.peg.1155.site.21, 1, 85, 86
411483.3.peg.1155.site.22, 31, 76, 107
411483.3.peg.1155.site.23, 7, 24, 31
411483.3.peg.1155.site.24, 4, 23, 27
411483.3.peg.1155.site.25, 4, 23, 27
411483.3.peg.1155.site.26, 5, 19, 24
411483.3.peg.1155.site.27, 3, 19, 22
411483.3.peg.1155.site.28, 2, 26, 28
411483.3.peg.1155.site.29, 1, 30, 31
411483.3.peg.1155.site.30, 6, 31, 37
411483.3.peg.1155.site.31, 13, 36, 49
411483.3.peg.1155.site.32, 2, 39, 41
411483.3.peg.1155.site.33, 16, 31, 47
411483.3.peg.1155.site.34, 3, 20, 23
411483.3.peg.1155.site.35, 2, 23, 25
411483.3.peg.1155.site.36, 4, 24, 28
411483.3.peg.1155.site.37, 4, 24, 28
411483.3.peg.1155.site.38, 5, 26, 31
411483.3.peg.1155.site.39, 8, 30, 38
411483.3.peg.1155.site.40, 1, 56, 57
411483.3.peg.1155.site.41, 41, 63, 104
411483.3.peg.1155.site.42, 1, 94, 95
411483.3.peg.1155.site.43, 1, 60, 61
411483.3.peg.1155.site.44, 2, 51, 53
411483.3.peg.1155.site.45, 1, 49, 50
411483.3.peg.1155.site.46, 1, 46, 47
411483.3.peg.1155.site.47, 3, 44, 47
411483.3.peg.1155.site.48, 14, 36, 50
411483.3.peg.1155.site.49, 11, 34, 45
411483.3.peg.1155.site.50, 6, 35, 41
411483.3.peg.1155.site.51, 35, 59, 94
411483.3.peg.1155.site.52, 2, 79, 81
411483.3.peg.1155.site.53, 0, 84, 84
411483.3.peg.1155.site.54, 1, 83, 84
411483.3.peg.1155.site.55, 15, 73, 88
411483.3.peg.1155.site.56, 3, 73, 76
411483.3.peg.1155.site.57, 2, 47, 49
411483.3.peg.1155.site.58, 2, 46, 48
411483.3.peg.1155.site.59, 20, 45, 65
411483.3.peg.1155.site.60, 25, 44, 69
411483.3.peg.1155.site.61, 2, 44, 46
411483.3.peg.1155.site.62, 7, 45, 52
411483.3.peg.1155.site.63, 20, 50, 70
411483.3.peg.1155.site.64, 14, 53, 67
411483.3.peg.1155.site.65, 1, 62, 63
411483.3.peg.1155.site.66, 0, 75, 75
411483.3.peg.1155.site.67, 5, 85, 90
411483.3.peg.1155.site.68, 1, 95, 96
411483.3.peg.1155.site.69, 0, 98, 98
411483.3.peg.1155.site.70, 2, 80, 82
411483.3.peg.1155.site.71, 2, 83, 85
411483.3.peg.1155.site.72, 3, 108, 111
411483.3.peg.1155.site.73, 6, 75, 81
411483.3.peg.1155.site.74, 4, 91, 95
411483.3.peg.1155.site.75, 2, 109, 111
411483.3.peg.1155.site.76, 0, 113, 113
411483.3.peg.1155.site.77, 4, 111, 115
411483.3.peg.1155.site.78, 3, 100, 103
411483.3.peg.1155.site.79, 0, 100, 100
411483.3.peg.1155.site.80, 11, 115, 126
411483.3.peg.1155.site.81, 2, 140, 142
411483.3.peg.1155.site.82, 3, 140, 143
411483.3.peg.1155.site.83, 1, 144, 145
411483.3.peg.1155.site.84, 4, 147, 151
411483.3.peg.1155.site.85, 6, 143, 149
411483.3.peg.1155.site.86, 11, 148, 159
411483.3.peg.1155.site.87, 2, 150, 152
411483.3.peg.1155.site.88, 1, 149, 150
411483.3.peg.1155.site.89, 2, 150, 152
411483.3.peg.1155.site.90, 1, 149, 150
411483.3.peg.1155.site.91, 1, 147, 148
411483.3.peg.1155.site.92, 5, 152, 157
411483.3.peg.1155.site.93, 0, 151, 151
411483.3.peg.1155.site.94, 2, 153, 155
411483.3.peg.1155.site.95, 9, 150, 159
411483.3.peg.1155.site.96, 47, 146, 193
411483.3.peg.1155.site.97, 3, 152, 155
411483.3.peg.1155.site.98, 2, 153, 155
411483.3.peg.1155.site.99, 2, 155, 157
411483.3.peg.1155.site.100, 50, 144, 194
411483.3.peg.1155.site.101, 2, 149, 151
411483.3.peg.1155.site.102, 23, 141, 164
411483.3.peg.1155.site.103, 7, 134, 141
411483.3.peg.1155.site.104, 92, 129, 221
411483.3.peg.1155.site.105, 0, 135, 135
411483.3.peg.1155.site.106, 3, 135, 138
411483.3.peg.1155.site.107, 6, 127, 133
411483.3.peg.1155.site.108, 3, 135, 138
411483.3.peg.1155.site.109, 2, 139, 141
411483.3.peg.1155.site.110, 0, 140, 140
411483.3.peg.1155.site.111, 4, 142, 146
411483.3.peg.1155.site.112, 8, 140, 148
411483.3.peg.1155.site.113, 22, 131, 153
411483.3.peg.1155.site.114, 2, 137, 139
411483.3.peg.1155.site.115, 1, 138, 139
411483.3.peg.1155.site.116, 10, 128, 138
411483.3.peg.1155.site.117, 2, 123, 125
411483.3.peg.1155.site.118, 2, 130, 132
411483.3.peg.1155.site.119, 1, 114, 115
411483.3.peg.1155.site.120, 3, 99, 102
411483.3.peg.1155.site.121, 1, 98, 99
411483.3.peg.1155.site.122, 30, 79, 109
411483.3.peg.1155.site.123, 3, 89, 92
411483.3.peg.1155.site.124, 2, 77, 79
411483.3.peg.1155.site.125, 6, 41, 47
411483.3.peg.1155.site.126, 22, 44, 66
411483.3.peg.1155.site.127, 25, 60, 85
411483.3.peg.1155.site.128, 19, 65, 84
411483.3.peg.1155.site.129, 14, 72, 86
411483.3.peg.1155.site.130, 15, 85, 100
411483.3.peg.1155.site.131, 30, 91, 121
411483.3.peg.1155.site.132, 0, 129, 129
411483.3.peg.1155.site.133, 123, 129, 252
411483.3.peg.1155.site.134, 1, 149, 150
411483.3.peg.1155.site.135, 2, 151, 153
411483.3.peg.1155.site.136, 1, 147, 148
411483.3.peg.1155.site.137, 46, 139, 185
411483.3.peg.1155.site.138, 19, 146, 165
411483.3.peg.1155.site.139, 7, 141, 148
411483.3.peg.1155.site.140, 1, 143, 144
411483.3.peg.1155.site.141, 1, 145, 146
411483.3.peg.1155.site.142, 1, 145, 146
411483.3.peg.1155.site.143, 3, 142, 145
411483.3.peg.1155.site.144, 5, 144, 149
411483.3.peg.1155.site.145, 4, 143, 147
411483.3.peg.1156.site.1, 18, 146, 164
411483.3.peg.1156.site.2, 1, 149, 150
411483.3.peg.1156.site.3, 6, 151, 157
411483.3.peg.1156.site.4, 1, 152, 153
411483.3.peg.1156.site.5, 3, 153, 156
411483.3.peg.1156.site.6, 2, 154, 156
411483.3.peg.1156.site.7, 12, 150, 162
411483.3.peg.1156.site.8, 6, 152, 158
411483.3.peg.1156.site.9, 2, 152, 154
411483.3.peg.1156.site.10, 2, 153, 155
411483.3.peg.1156.site.11, 2, 153, 155
411483.3.peg.1156.site.12, 5, 152, 157
411483.3.peg.1156.site.13, 44, 136, 180
411483.3.peg.1156.site.14, 17, 146, 163
411483.3.peg.1156.site.15, 3, 147, 150
411483.3.peg.1156.site.16, 5, 145, 150
411483.3.peg.1156.site.17, 11, 144, 155
411483.3.peg.1156.site.18, 2, 137, 139
411483.3.peg.1156.site.19, 3, 130, 133
411483.3.peg.1156.site.20, 2, 103, 105
411483.3.peg.1156.site.21, 5, 117, 122
411483.3.peg.1156.site.22, 0, 117, 117
411483.3.peg.1156.site.23, 5, 133, 138
411483.3.peg.1156.site.24, 6, 136, 142
411483.3.peg.1156.site.25, 6, 133, 139
411483.3.peg.1156.site.26, 2, 131, 133
411483.3.peg.1156.site.27, 37, 123, 160
411483.3.peg.1156.site.28, 0, 141, 141
411483.3.peg.1156.site.29, 108, 134, 242
411483.3.peg.1156.site.30, 26, 135, 161
411483.3.peg.1156.site.31, 115, 142, 257
411483.3.peg.1156.site.32, 1, 147, 148
411483.3.peg.1156.site.33, 4, 148, 152
411483.3.peg.1156.site.34, 0, 150, 150
411483.3.peg.1156.site.35, 7, 150, 157
411483.3.peg.1156.site.36, 147, 149, 296
411483.3.peg.1156.site.37, 0, 151, 151
411483.3.peg.1156.site.38, 3, 146, 149
411483.3.peg.1156.site.39, 2, 147, 149
411483.3.peg.1156.site.40, 28, 145, 173
411483.3.peg.1156.site.41, 12, 144, 156
411483.3.peg.1156.site.42, 3, 144, 147
411483.3.peg.1156.site.43, 7, 148, 155
411483.3.peg.1156.site.44, 4, 149, 153
411483.3.peg.1156.site.45, 1, 147, 148
411483.3.peg.1156.site.46, 3, 139, 142
411483.3.peg.1156.site.47, 2, 133, 135
411483.3.peg.1156.site.48, 3, 137, 140
411483.3.peg.1156.site.49, 2, 135, 137
411483.3.peg.1156.site.50, 4, 136, 140
411483.3.peg.1156.site.51, 12, 122, 134
411483.3.peg.1156.site.52, 0, 125, 125
411483.3.peg.1156.site.53, 4, 126, 130
411483.3.peg.1156.site.54, 6, 124, 130
411483.3.peg.1156.site.55, 4, 121, 125
411483.3.peg.1156.site.56, 125, 127, 252
411483.3.peg.1156.site.57, 1, 130, 131
411483.3.peg.1156.site.58, 1, 125, 126
411483.3.peg.1156.site.59, 1, 124, 125
411483.3.peg.1156.site.60, 18, 126, 144
411483.3.peg.1156.site.61, 3, 114, 117
411483.3.peg.1156.site.62, 4, 124, 128
411483.3.peg.1156.site.63, 112, 121, 233
411483.3.peg.1156.site.64, 11, 118, 129
411483.3.peg.1156.site.65, 0, 136, 136
411483.3.peg.1156.site.66, 10, 128, 138
411483.3.peg.1156.site.67, 7, 138, 145
411483.3.peg.1156.site.68, 1, 147, 148
411483.3.peg.1156.site.69, 0, 144, 144
411483.3.peg.1156.site.70, 7, 143, 150
411483.3.peg.1156.site.71, 4, 148, 152
411483.3.peg.1156.site.72, 3, 140, 143
411483.3.peg.1156.site.73, 17, 136, 153
411483.3.peg.1156.site.74, 2, 141, 143
411483.3.peg.1156.site.75, 35, 134, 169
411483.3.peg.1156.site.76, 0, 144, 144
411483.3.peg.1156.site.77, 10, 141, 151
411483.3.peg.1156.site.78, 5, 139, 144
411483.3.peg.1156.site.79, 136, 141, 277
411483.3.peg.1156.site.80, 7, 144, 151
411483.3.peg.1156.site.81, 1, 130, 131
411483.3.peg.1156.site.82, 4, 130, 134
411483.3.peg.1156.site.83, 92, 119, 211
411483.3.peg.1156.site.84, 3, 125, 128
411483.3.peg.1156.site.85, 2, 124, 126
411483.3.peg.1156.site.86, 9, 126, 135
411483.3.peg.1156.site.87, 2, 130, 132
411483.3.peg.1156.site.88, 10, 126, 136
411483.3.peg.1156.site.89, 1, 127, 128
411483.3.peg.1156.site.90, 6, 121, 127
411483.3.peg.1156.site.91, 3, 129, 132
411483.3.peg.1156.site.92, 0, 129, 129
411483.3.peg.1151.site.1, 19, 144, 163
411483.3.peg.1151.site.2, 0, 140, 140
411483.3.peg.1151.site.3, 5, 150, 155
411483.3.peg.1151.site.4, 20, 137, 157
411483.3.peg.1151.site.5, 14, 146, 160
411483.3.peg.1151.site.6, 15, 147, 162
411483.3.peg.1151.site.7, 1, 152, 153
411483.3.peg.1151.site.8, 16, 141, 157
411483.3.peg.1151.site.9, 1, 152, 153
411483.3.peg.1151.site.10, 1, 151, 152
411483.3.peg.1151.site.11, 1, 147, 148
411483.3.peg.1151.site.12, 0, 146, 146
411483.3.peg.1151.site.13, 1, 153, 154
411483.3.peg.1151.site.14, 59, 141, 200
411483.3.peg.1151.site.15, 0, 150, 150
411483.3.peg.1151.site.16, 0, 133, 133
411483.3.peg.1151.site.17, 1, 133, 134
411483.3.peg.1151.site.18, 1, 133, 134
411483.3.peg.1151.site.19, 0, 116, 116
411483.3.peg.1151.site.20, 1, 118, 119
411483.3.peg.1151.site.21, 0, 109, 109
411483.3.peg.1151.site.22, 1, 109, 110
411483.3.peg.1151.site.23, 1, 106, 107
411483.3.peg.1151.site.24, 1, 92, 93
411483.3.peg.1151.site.25, 0, 77, 77
411483.3.peg.1151.site.26, 71, 77, 148
411483.3.peg.1151.site.27, 1, 93, 94
411483.3.peg.1151.site.28, 1, 106, 107
411483.3.peg.1151.site.29, 1, 105, 106
411483.3.peg.1151.site.30, 47, 82, 129
411483.3.peg.1151.site.31, 9, 139, 148
411483.3.peg.1151.site.32, 10, 137, 147
411483.3.peg.1151.site.33, 3, 148, 151
411483.3.peg.1151.site.34, 2, 147, 149
411483.3.peg.1151.site.35, 11, 137, 148
411483.3.peg.1151.site.36, 24, 91, 115
411483.3.peg.1151.site.37, 0, 109, 109
411483.3.peg.1151.site.38, 1, 125, 126
411483.3.peg.1151.site.39, 1, 128, 129
411483.3.peg.1151.site.40, 4, 122, 126
411483.3.peg.1151.site.41, 2, 107, 109
411483.3.peg.1151.site.42, 3, 120, 123
411483.3.peg.1151.site.43, 0, 129, 129
411483.3.peg.1151.site.44, 0, 132, 132
411483.3.peg.1151.site.45, 1, 141, 142
411483.3.peg.1151.site.46, 3, 135, 138
411483.3.peg.1151.site.47, 0, 136, 136
411483.3.peg.1151.site.48, 6, 133, 139
411483.3.peg.1151.site.49, 1, 139, 140
411483.3.peg.1151.site.50, 0, 138, 138
411483.3.peg.1151.site.51, 19, 134, 153
411483.3.peg.1151.site.52, 0, 145, 145
411483.3.peg.1151.site.53, 0, 146, 146
411483.3.peg.1151.site.54, 60, 133, 193
411483.3.peg.1151.site.55, 0, 141, 141
411483.3.peg.1152.site.1, 8, 148, 156
411483.3.peg.1152.site.2, 1, 155, 156
411483.3.peg.1152.site.3, 17, 148, 165
411483.3.peg.1152.site.4, 12, 152, 164
411483.3.peg.1152.site.5, 0, 152, 152
411483.3.peg.1152.site.6, 3, 154, 157
411483.3.peg.1152.site.7, 0, 154, 154
411483.3.peg.1152.site.8, 66, 148, 214
411483.3.peg.1152.site.9, 12, 151, 163
411483.3.peg.1152.site.10, 0, 153, 153
411483.3.peg.1152.site.11, 0, 155, 155
411483.3.peg.1152.site.12, 0, 154, 154
411483.3.peg.1152.site.13, 1, 155, 156
411483.3.peg.1152.site.14, 5, 154, 159
411483.3.peg.1152.site.15, 16, 150, 166
411483.3.peg.1152.site.16, 4, 155, 159
411483.3.peg.1152.site.17, 0, 155, 155
411483.3.peg.1152.site.18, 2, 152, 154
411483.3.peg.1152.site.19, 16, 146, 162
411483.3.peg.1152.site.20, 2, 149, 151
411483.3.peg.1152.site.21, 1, 149, 150
411483.3.peg.1152.site.22, 16, 144, 160
411483.3.peg.1152.site.23, 0, 151, 151
411483.3.peg.1152.site.24, 15, 147, 162
411483.3.peg.1152.site.25, 15, 152, 167
411483.3.peg.1152.site.26, 2, 155, 157
411483.3.peg.1152.site.27, 7, 151, 158
411483.3.peg.1152.site.28, 1, 154, 155
411483.3.peg.1152.site.29, 2, 154, 156
411483.3.peg.1152.site.30, 116, 145, 261
411483.3.peg.1152.site.31, 1, 150, 151
411483.3.peg.1152.site.32, 6, 154, 160
411483.3.peg.1152.site.33, 3, 155, 158
411483.3.peg.1152.site.34, 0, 152, 152
411483.3.peg.1152.site.35, 3, 154, 157
411483.3.peg.1152.site.36, 3, 151, 154
411483.3.peg.1152.site.37, 12, 146, 158
411483.3.peg.1152.site.38, 2, 150, 152
411483.3.peg.1152.site.39, 1, 152, 153
411483.3.peg.1152.site.40, 4, 147, 151
411483.3.peg.1152.site.41, 1, 155, 156
411483.3.peg.1152.site.42, 1, 153, 154
411483.3.peg.1152.site.43, 0, 154, 154
411483.3.peg.1152.site.44, 3, 153, 156
411483.3.peg.1152.site.45, 8, 154, 162
411483.3.peg.1152.site.46, 0, 150, 150
411483.3.peg.1152.site.47, 0, 149, 149
411483.3.peg.1152.site.48, 1, 155, 156
411483.3.peg.1152.site.49, 3, 152, 155
411483.3.peg.1152.site.50, 0, 151, 151
411483.3.peg.1152.site.51, 7, 145, 152
411483.3.peg.1152.site.52, 5, 148, 153
411483.3.peg.1152.site.53, 5, 149, 154
411483.3.peg.1152.site.54, 1, 152, 153
411483.3.peg.1152.site.55, 2, 141, 143
411483.3.peg.1152.site.56, 3, 148, 151
411483.3.peg.1152.site.57, 15, 151, 166
411483.3.peg.1152.site.58, 5, 153, 158
411483.3.peg.1152.site.59, 2, 154, 156
411483.3.peg.1152.site.60, 2, 153, 155
411483.3.peg.1152.site.61, 6, 152, 158
411483.3.peg.1153.site.1, 2, 155, 157
411483.3.peg.1153.site.2, 22, 152, 174
411483.3.peg.1153.site.3, 10, 152, 162
411483.3.peg.1153.site.4, 3, 153, 156
411483.3.peg.1153.site.5, 1, 154, 155
411483.3.peg.1153.site.6, 0, 153, 153
411483.3.peg.1153.site.7, 42, 154, 196
411483.3.peg.1153.site.8, 1, 155, 156
411483.3.peg.1153.site.9, 10, 151, 161
411483.3.peg.1153.site.10, 3, 155, 158
411483.3.peg.1153.site.11, 29, 150, 179
411483.3.peg.1153.site.12, 3, 155, 158
411483.3.peg.1153.site.13, 2, 155, 157
411483.3.peg.1153.site.14, 3, 155, 158
411483.3.peg.1153.site.15, 2, 155, 157
411483.3.peg.1153.site.16, 5, 153, 158
411483.3.peg.1153.site.17, 16, 154, 170
411483.3.peg.1153.site.18, 50, 148, 198
411483.3.peg.1153.site.19, 21, 146, 167
411483.3.peg.1153.site.20, 1, 154, 155
411483.3.peg.1153.site.21, 103, 146, 249
411483.3.peg.1153.site.22, 18, 148, 166
411483.3.peg.1153.site.23, 77, 140, 217
411483.3.peg.1153.site.24, 15, 138, 153
411483.3.peg.1153.site.25, 18, 141, 159
411483.3.peg.1153.site.26, 149, 149, 298
411483.3.peg.1153.site.27, 3, 150, 153
411483.3.peg.1153.site.28, 2, 154, 156
411483.3.peg.1153.site.29, 17, 151, 168
411483.3.peg.1153.site.30, 4, 153, 157
411483.3.peg.1153.site.31, 1, 152, 153
411483.3.peg.1153.site.32, 16, 148, 164
411483.3.peg.1153.site.33, 1, 153, 154
411483.3.peg.1153.site.34, 2, 150, 152
411483.3.peg.1153.site.35, 1, 152, 153
411483.3.peg.1153.site.36, 0, 154, 154
411483.3.peg.1153.site.37, 5, 152, 157
411483.3.peg.1153.site.38, 0, 150, 150
411483.3.peg.1153.site.39, 2, 152, 154
411483.3.peg.1153.site.40, 10, 144, 154
411483.3.peg.1153.site.41, 15, 147, 162
411483.3.peg.1153.site.42, 1, 152, 153
411483.3.peg.1153.site.43, 1, 149, 150
411483.3.peg.1153.site.44, 1, 154, 155
411483.3.peg.1153.site.45, 0, 153, 153
411483.3.peg.1153.site.46, 1, 155, 156
411483.3.peg.1153.site.47, 2, 147, 149
411483.3.peg.1153.site.48, 27, 151, 178
411483.3.peg.1153.site.49, 2, 154, 156
411483.3.peg.1153.site.50, 3, 149, 152
411483.3.peg.1158.site.1, 1, 153, 154
411483.3.peg.1158.site.2, 1, 153, 154
411483.3.peg.1158.site.3, 61, 142, 203
411483.3.peg.1158.site.4, 4, 148, 152
411483.3.peg.1158.site.5, 71, 137, 208
411483.3.peg.1158.site.6, 12, 144, 156
411483.3.peg.1158.site.7, 1, 148, 149
411483.3.peg.1158.site.8, 0, 149, 149
411483.3.peg.1158.site.9, 7, 148, 155
411483.3.peg.1158.site.10, 4, 145, 149
411483.3.peg.1158.site.11, 3, 141, 144
411483.3.peg.1158.site.12, 0, 147, 147
411483.3.peg.1158.site.13, 1, 148, 149
411483.3.peg.1158.site.14, 3, 145, 148
411483.3.peg.1158.site.15, 0, 146, 146
411483.3.peg.1158.site.16, 3, 139, 142
411483.3.peg.1158.site.17, 4, 143, 147
411483.3.peg.1158.site.18, 2, 138, 140
411483.3.peg.1158.site.19, 4, 147, 151
411483.3.peg.1158.site.20, 1, 149, 150
411483.3.peg.1158.site.21, 1, 151, 152
411483.3.peg.1158.site.22, 1, 152, 153
411483.3.peg.1158.site.23, 31, 142, 173
411483.3.peg.1158.site.24, 100, 146, 246
411483.3.peg.1158.site.25, 72, 140, 212
411483.3.peg.1158.site.26, 8, 150, 158
411483.3.peg.1158.site.27, 36, 141, 177
411483.3.peg.1158.site.28, 1, 150, 151
411483.3.peg.1158.site.29, 56, 141, 197
411483.3.peg.1158.site.30, 45, 134, 179
411483.3.peg.1158.site.31, 15, 145, 160
411483.3.peg.1158.site.32, 1, 150, 151
411483.3.peg.1158.site.33, 15, 150, 165
411483.3.peg.1158.site.34, 2, 145, 147
411483.3.peg.1158.site.35, 1, 150, 151
411483.3.peg.1158.site.36, 1, 150, 151
411483.3.peg.1158.site.37, 28, 141, 169
411483.3.peg.1158.site.38, 3, 152, 155
411483.3.peg.1158.site.39, 3, 151, 154
411483.3.peg.1158.site.40, 1, 151, 152
411483.3.peg.1158.site.41, 4, 151, 155
411483.3.peg.1158.site.42, 2, 149, 151
411483.3.peg.1158.site.43, 0, 147, 147
411483.3.peg.1158.site.44, 1, 150, 151
411483.3.peg.1158.site.45, 147, 147, 294
411483.3.peg.1158.site.46, 3, 149, 152
411483.3.peg.1158.site.47, 1, 148, 149
411483.3.peg.1158.site.48, 3, 145, 148
411483.3.peg.1158.site.49, 5, 144, 149
411483.3.peg.1158.site.50, 9, 138, 147
411483.3.peg.1158.site.51, 0, 134, 134
411483.3.peg.1158.site.52, 2, 127, 129
411483.3.peg.1158.site.53, 17, 115, 132
411483.3.peg.1158.site.54, 12, 100, 112
411483.3.peg.1158.site.55, 1, 97, 98
411483.3.peg.1158.site.56, 1, 102, 103
411483.3.peg.1158.site.57, 0, 100, 100
411483.3.peg.1158.site.58, 0, 102, 102
411483.3.peg.1158.site.59, 1, 101, 102
411483.3.peg.1158.site.60, 6, 106, 112
411483.3.peg.1158.site.61, 2, 121, 123
411483.3.peg.1159.site.1, 1, 138, 139
411483.3.peg.1159.site.2, 3, 141, 144
411483.3.peg.1159.site.3, 0, 148, 148
411483.3.peg.1159.site.4, 0, 141, 141
411483.3.peg.1159.site.5, 0, 140, 140
411483.3.peg.1159.site.6, 31, 139, 170
411483.3.peg.1159.site.7, 0, 138, 138
411483.3.peg.1159.site.8, 0, 111, 111
411483.3.peg.1159.site.9, 60, 104, 164
411483.3.peg.1159.site.10, 39, 110, 149
411483.3.peg.1159.site.11, 1, 113, 114
411483.3.peg.1159.site.12, 0, 96, 96
411483.3.peg.1159.site.13, 1, 59, 60
411483.3.peg.1159.site.14, 4, 40, 44
411483.3.peg.1159.site.15, 1, 48, 49
411483.3.peg.1159.site.16, 21, 37, 58
411483.3.peg.1159.site.17, 45, 45, 90
411483.3.peg.1159.site.18, 13, 52, 65
411483.3.peg.1159.site.19, 0, 60, 60
411483.3.peg.1159.site.20, 1, 87, 88
411483.3.peg.1159.site.21, 64, 66, 130
411483.3.peg.1159.site.22, 1, 107, 108
411483.3.peg.1159.site.23, 2, 114, 116
411483.3.peg.1159.site.24, 3, 126, 129
411483.3.peg.1159.site.25, 82, 134, 216
411483.3.peg.1159.site.26, 2, 151, 153
411483.3.peg.1159.site.27, 4, 150, 154
411483.3.peg.1159.site.28, 0, 149, 149
411483.3.peg.1159.site.29, 2, 152, 154
411483.3.peg.1159.site.30, 10, 146, 156
411483.3.peg.1159.site.31, 0, 151, 151
411483.3.peg.1159.site.32, 3, 152, 155
411483.3.peg.1159.site.33, 1, 147, 148
411483.3.peg.1159.site.34, 0, 153, 153
411483.3.peg.1159.site.35, 1, 152, 153
411483.3.peg.1159.site.36, 2, 155, 157
411483.3.peg.1159.site.37, 1, 155, 156
411483.3.peg.1798.site.1, 30, 136, 166
411483.3.peg.1798.site.2, 1, 147, 148
411483.3.peg.1798.site.3, 24, 143, 167
411483.3.peg.1798.site.4, 7, 148, 155
411483.3.peg.1798.site.5, 0, 144, 144
411483.3.peg.1798.site.6, 4, 150, 154
411483.3.peg.1798.site.7, 8, 149, 157
411483.3.peg.1798.site.8, 14, 148, 162
411483.3.peg.1798.site.9, 63, 146, 209
411483.3.peg.1798.site.10, 4, 150, 154
411483.3.peg.1798.site.11, 59, 145, 204
411483.3.peg.1798.site.12, 85, 145, 230
411483.3.peg.1798.site.13, 12, 147, 159
411483.3.peg.1798.site.14, 11, 149, 160
411483.3.peg.1798.site.15, 11, 150, 161
411483.3.peg.1798.site.16, 5, 145, 150
411483.3.peg.1798.site.17, 13, 144, 157
411483.3.peg.1798.site.18, 38, 144, 182
411483.3.peg.1798.site.19, 9, 145, 154
411483.3.peg.1798.site.20, 5, 148, 153
411483.3.peg.1798.site.21, 26, 139, 165
411483.3.peg.1798.site.22, 1, 144, 145
411483.3.peg.1798.site.23, 1, 141, 142
411483.3.peg.1798.site.24, 5, 109, 114
411483.3.peg.1798.site.25, 6, 106, 112
411483.3.peg.1798.site.26, 4, 103, 107
411483.3.peg.1798.site.27, 3, 105, 108
411483.3.peg.1798.site.28, 8, 111, 119
411483.3.peg.1798.site.29, 14, 107, 121
411483.3.peg.1798.site.30, 1, 108, 109
411483.3.peg.1798.site.31, 18, 111, 129
411483.3.peg.1798.site.32, 3, 112, 115
411483.3.peg.1798.site.33, 3, 120, 123
411483.3.peg.1798.site.34, 2, 117, 119
411483.3.peg.1798.site.35, 0, 118, 118
411483.3.peg.1798.site.36, 41, 124, 165
411483.3.peg.1798.site.37, 2, 140, 142
411483.3.peg.1798.site.38, 101, 140, 241
411483.3.peg.1798.site.39, 5, 145, 150
411483.3.peg.1798.site.40, 28, 142, 170
411483.3.peg.1798.site.41, 3, 150, 153
411483.3.peg.1798.site.42, 5, 152, 157
411483.3.peg.1798.site.43, 5, 150, 155
411483.3.peg.1798.site.44, 1, 150, 151
411483.3.peg.1798.site.45, 1, 154, 155
411483.3.peg.1798.site.46, 10, 147, 157
411483.3.peg.1798.site.47, 30, 148, 178
411483.3.peg.1798.site.48, 7, 153, 160
411483.3.peg.1798.site.49, 18, 147, 165
411483.3.peg.1798.site.50, 2, 152, 154
411483.3.peg.1798.site.51, 142, 152, 294
411483.3.peg.1798.site.52, 15, 148, 163
411483.3.peg.1798.site.53, 79, 142, 221
411483.3.peg.1798.site.54, 7, 147, 154
411483.3.peg.1798.site.55, 24, 148, 172
411483.3.peg.1798.site.56, 2, 153, 155
411483.3.peg.1798.site.57, 7, 150, 157
411483.3.peg.1798.site.58, 19, 145, 164
411483.3.peg.1798.site.59, 1, 148, 149
411483.3.peg.1798.site.60, 20, 142, 162
411483.3.peg.1798.site.61, 0, 149, 149
411483.3.peg.1798.site.62, 10, 152, 162
411483.3.peg.1798.site.63, 0, 150, 150
411483.3.peg.1798.site.64, 2, 152, 154
411483.3.peg.1798.site.65, 137, 150, 287
411483.3.peg.1798.site.66, 1, 150, 151
411483.3.peg.1798.site.67, 1, 147, 148
411483.3.peg.1798.site.68, 66, 135, 201
411483.3.peg.1798.site.69, 0, 147, 147
411483.3.peg.1798.site.70, 5, 148, 153
411483.3.peg.1798.site.71, 6, 144, 150
411483.3.peg.1798.site.72, 2, 142, 144
411483.3.peg.1798.site.73, 146, 149, 295
411483.3.peg.1798.site.74, 2, 152, 154
411483.3.peg.1798.site.75, 3, 151, 154
411483.3.peg.1798.site.76, 1, 151, 152
411483.3.peg.1798.site.77, 15, 149, 164
411483.3.peg.1798.site.78, 44, 142, 186
411483.3.peg.1798.site.79, 1, 152, 153
411483.3.peg.1798.site.80, 136, 150, 286
411483.3.peg.1798.site.81, 1, 153, 154
411483.3.peg.1798.site.82, 2, 150, 152
411483.3.peg.1798.site.83, 135, 143, 278
411483.3.peg.1798.site.84, 104, 147, 251
411483.3.peg.1798.site.85, 101, 144, 245
411483.3.peg.1798.site.86, 3, 151, 154
411483.3.peg.1798.site.87, 8, 152, 160
411483.3.peg.1798.site.88, 11, 142, 153
411483.3.peg.1798.site.89, 2, 151, 153
411483.3.peg.1798.site.90, 48, 140, 188
411483.3.peg.1798.site.91, 0, 147, 147
411483.3.peg.1798.site.92, 18, 145, 163
411483.3.peg.1798.site.93, 0, 147, 147
411483.3.peg.1798.site.94, 1, 146, 147
411483.3.peg.1798.site.95, 16, 133, 149
411483.3.peg.1798.site.96, 0, 148, 148
411483.3.peg.1798.site.97, 6, 144, 150
411483.3.peg.1798.site.98, 2, 144, 146
411483.3.peg.1798.site.99, 32, 131, 163
411483.3.peg.1798.site.100, 0, 143, 143
411483.3.peg.1798.site.101, 1, 145, 146
411483.3.peg.1798.site.102, 10, 142, 152
411483.3.peg.1798.site.103, 7, 136, 143
411483.3.peg.1798.site.104, 6, 142, 148
411483.3.peg.1798.site.105, 4, 138, 142
411483.3.peg.1798.site.106, 4, 135, 139
411483.3.peg.1798.site.107, 8, 143, 151
411483.3.peg.1798.site.108, 12, 138, 150
411483.3.peg.1798.site.109, 16, 117, 133
411483.3.peg.1798.site.110, 3, 125, 128
411483.3.peg.1798.site.111, 9, 119, 128
411483.3.peg.1798.site.112, 7, 123, 130
411483.3.peg.1798.site.113, 17, 106, 123
411483.3.peg.1798.site.114, 2, 102, 104
411483.3.peg.1798.site.115, 0, 98, 98
411483.3.peg.1798.site.116, 93, 95, 188
411483.3.peg.1798.site.117, 5, 95, 100
411483.3.peg.1798.site.118, 2, 99, 101
411483.3.peg.1798.site.119, 1, 108, 109
411483.3.peg.1798.site.120, 113, 117, 230
411483.3.peg.1798.site.121, 13, 119, 132
411483.3.peg.1798.site.122, 0, 117, 117
411483.3.peg.1798.site.123, 1, 97, 98
411483.3.peg.1798.site.124, 1, 108, 109
411483.3.peg.1798.site.125, 1, 109, 110
411483.3.peg.1798.site.126, 7, 108, 115
411483.3.peg.1798.site.127, 1, 109, 110
411483.3.peg.1798.site.128, 1, 130, 131
411483.3.peg.1798.site.129, 1, 130, 131
411483.3.peg.1798.site.130, 9, 135, 144
411483.3.peg.1798.site.131, 13, 140, 153
411483.3.peg.1798.site.132, 12, 141, 153
411483.3.peg.1798.site.133, 99, 143, 242
411483.3.peg.1798.site.134, 14, 146, 160
411483.3.peg.1798.site.135, 1, 148, 149
411483.3.peg.1798.site.136, 5, 150, 155
411483.3.peg.1798.site.137, 1, 150, 151
411483.3.peg.1798.site.138, 19, 145, 164
411483.3.peg.1798.site.139, 1, 151, 152
411483.3.peg.1798.site.140, 2, 152, 154
411483.3.peg.1798.site.141, 2, 149, 151
411483.3.peg.1798.site.142, 11, 141, 152
411483.3.peg.1798.site.143, 1, 143, 144
411483.3.peg.1798.site.144, 1, 143, 144
411483.3.peg.1798.site.145, 115, 128, 243
411483.3.peg.1798.site.146, 1, 135, 136
411483.3.peg.1798.site.147, 110, 119, 229
411483.3.peg.1798.site.148, 54, 112, 166
411483.3.peg.1798.site.149, 0, 136, 136
411483.3.peg.1798.site.150, 8, 144, 152
411483.3.peg.1798.site.151, 138, 141, 279
411483.3.peg.1798.site.152, 127, 145, 272
411483.3.peg.1798.site.153, 52, 136, 188
411483.3.peg.1798.site.154, 2, 143, 145
411483.3.peg.1798.site.155, 36, 139, 175
411483.3.peg.1798.site.156, 138, 143, 281
411483.3.peg.1798.site.157, 3, 150, 153
411483.3.peg.1798.site.158, 37, 141, 178
411483.3.peg.1798.site.159, 2, 152, 154
411483.3.peg.1798.site.160, 51, 143, 194
411483.3.peg.1798.site.161, 1, 152, 153
411483.3.peg.1798.site.162, 2, 145, 147
411483.3.peg.1799.site.1, 5, 55, 60
411483.3.peg.1799.site.2, 1, 75, 76
411483.3.peg.1799.site.3, 4, 91, 95
411483.3.peg.1799.site.4, 8, 100, 108
411483.3.peg.1799.site.5, 8, 139, 147
411483.3.peg.1799.site.6, 2, 151, 153
411483.3.peg.1799.site.7, 8, 150, 158
411483.3.peg.1799.site.8, 4, 154, 158
411483.3.peg.1799.site.9, 7, 150, 157
411483.3.peg.1799.site.10, 0, 151, 151
411483.3.peg.1799.site.11, 8, 147, 155
411483.3.peg.1799.site.12, 10, 150, 160
411483.3.peg.1799.site.13, 142, 145, 287
411483.3.peg.1799.site.14, 4, 154, 158
411483.3.peg.1799.site.15, 1, 150, 151
411483.3.peg.1799.site.16, 16, 139, 155
411483.3.peg.1799.site.17, 4, 147, 151
411483.3.peg.1792.site.1, 0, 149, 149
411483.3.peg.1792.site.2, 1, 151, 152
411483.3.peg.1792.site.3, 100, 140, 240
411483.3.peg.1792.site.4, 16, 149, 165
411483.3.peg.1792.site.5, 0, 154, 154
411483.3.peg.1792.site.6, 2, 154, 156
411483.3.peg.1792.site.7, 6, 154, 160
411483.3.peg.1792.site.8, 6, 151, 157
411483.3.peg.1792.site.9, 2, 153, 155
411483.3.peg.1792.site.10, 19, 149, 168
411483.3.peg.1792.site.11, 11, 149, 160
411483.3.peg.1792.site.12, 1, 151, 152
411483.3.peg.1792.site.13, 28, 152, 180
411483.3.peg.1792.site.14, 0, 151, 151
411483.3.peg.1792.site.15, 20, 145, 165
411483.3.peg.1792.site.16, 5, 148, 153
411483.3.peg.1792.site.17, 8, 146, 154
411483.3.peg.1792.site.18, 40, 127, 167
411483.3.peg.1792.site.19, 45, 136, 181
411483.3.peg.1792.site.20, 35, 135, 170
411483.3.peg.1792.site.21, 2, 140, 142
411483.3.peg.1792.site.22, 6, 141, 147
411483.3.peg.1792.site.23, 26, 119, 145
411483.3.peg.1792.site.24, 1, 107, 108
411483.3.peg.1792.site.25, 78, 95, 173
411483.3.peg.1792.site.26, 15, 86, 101
411483.3.peg.1792.site.27, 5, 92, 97
411483.3.peg.1792.site.28, 9, 94, 103
411483.3.peg.1792.site.29, 6, 91, 97
411483.3.peg.1792.site.30, 4, 109, 113
411483.3.peg.1792.site.31, 25, 111, 136
411483.3.peg.1792.site.32, 10, 123, 133
411483.3.peg.1792.site.33, 1, 133, 134
411483.3.peg.1792.site.34, 24, 129, 153
411483.3.peg.1792.site.35, 51, 125, 176
411483.3.peg.1792.site.36, 3, 136, 139
411483.3.peg.1792.site.37, 2, 135, 137
411483.3.peg.1792.site.38, 4, 140, 144
411483.3.peg.1792.site.39, 2, 136, 138
411483.3.peg.1792.site.40, 57, 131, 188
411483.3.peg.1792.site.41, 84, 127, 211
411483.3.peg.1792.site.42, 1, 141, 142
411483.3.peg.1792.site.43, 0, 140, 140
411483.3.peg.1792.site.44, 12, 135, 147
411483.3.peg.1792.site.45, 2, 137, 139
411483.3.peg.1792.site.46, 1, 144, 145
411483.3.peg.1792.site.47, 1, 139, 140
411483.3.peg.1792.site.48, 4, 117, 121
411483.3.peg.1792.site.49, 6, 123, 129
411483.3.peg.1792.site.50, 1, 133, 134
411483.3.peg.1792.site.51, 0, 138, 138
411483.3.peg.1792.site.52, 4, 140, 144
411483.3.peg.1792.site.53, 65, 132, 197
411483.3.peg.1792.site.54, 0, 143, 143
411483.3.peg.1792.site.55, 1, 147, 148
411483.3.peg.1792.site.56, 22, 146, 168
411483.3.peg.1792.site.57, 1, 149, 150
411483.3.peg.1792.site.58, 1, 147, 148
411483.3.peg.1792.site.59, 14, 140, 154
411483.3.peg.1792.site.60, 26, 146, 172
411483.3.peg.1792.site.61, 0, 151, 151
411483.3.peg.1792.site.62, 74, 132, 206
411483.3.peg.1792.site.63, 30, 140, 170
411483.3.peg.1792.site.64, 65, 128, 193
411483.3.peg.1792.site.65, 57, 113, 170
411483.3.peg.1792.site.66, 54, 117, 171
411483.3.peg.1792.site.67, 7, 121, 128
411483.3.peg.1792.site.68, 88, 124, 212
411483.3.peg.1792.site.69, 91, 128, 219
411483.3.peg.1792.site.70, 1, 142, 143
411483.3.peg.1792.site.71, 13, 137, 150
411483.3.peg.1792.site.72, 3, 142, 145
411483.3.peg.1792.site.73, 3, 140, 143
411483.3.peg.1792.site.74, 2, 146, 148
411483.3.peg.1792.site.75, 4, 144, 148
411483.3.peg.1792.site.76, 19, 132, 151
411483.3.peg.1792.site.77, 3, 147, 150
411483.3.peg.1792.site.78, 16, 135, 151
411483.3.peg.1792.site.79, 59, 134, 193
411483.3.peg.1792.site.80, 9, 148, 157
411483.3.peg.1792.site.81, 23, 146, 169
411483.3.peg.1792.site.82, 0, 146, 146
411483.3.peg.1792.site.83, 27, 137, 164
411483.3.peg.1792.site.84, 4, 140, 144
411483.3.peg.1792.site.85, 2, 140, 142
411483.3.peg.1792.site.86, 15, 139, 154
411483.3.peg.1792.site.87, 2, 137, 139
411483.3.peg.1792.site.88, 79, 130, 209
411483.3.peg.1792.site.89, 2, 141, 143
411483.3.peg.1792.site.90, 5, 137, 142
411483.3.peg.1792.site.91, 0, 135, 135
411483.3.peg.1792.site.92, 3, 133, 136
411483.3.peg.1792.site.93, 6, 131, 137
411483.3.peg.1792.site.94, 2, 128, 130
411483.3.peg.1792.site.95, 1, 133, 134
411483.3.peg.1792.site.96, 4, 122, 126
411483.3.peg.1793.site.1, 60, 143, 203
411483.3.peg.1793.site.2, 4, 150, 154
411483.3.peg.1793.site.3, 3, 152, 155
411483.3.peg.1793.site.4, 15, 152, 167
411483.3.peg.1793.site.5, 2, 152, 154
411483.3.peg.1793.site.6, 22, 149, 171
411483.3.peg.1793.site.7, 1, 154, 155
411483.3.peg.1793.site.8, 2, 150, 152
411483.3.peg.1793.site.9, 9, 149, 158
411483.3.peg.1793.site.10, 14, 149, 163
411483.3.peg.1793.site.11, 1, 153, 154
411483.3.peg.1793.site.12, 4, 151, 155
411483.3.peg.1793.site.13, 20, 147, 167
411483.3.peg.1793.site.14, 19, 144, 163
411483.3.peg.1793.site.15, 1, 152, 153
411483.3.peg.1793.site.16, 29, 143, 172
411483.3.peg.1793.site.17, 13, 152, 165
411483.3.peg.1793.site.18, 1, 149, 150
411483.3.peg.1793.site.19, 65, 141, 206
411483.3.peg.1793.site.20, 4, 146, 150
411483.3.peg.1793.site.21, 5, 139, 144
411483.3.peg.1793.site.22, 2, 143, 145
411483.3.peg.1793.site.23, 129, 138, 267
411483.3.peg.1793.site.24, 1, 147, 148
411483.3.peg.1793.site.25, 0, 146, 146
411483.3.peg.1793.site.26, 33, 142, 175
411483.3.peg.1793.site.27, 100, 141, 241
411483.3.peg.1793.site.28, 0, 150, 150
411483.3.peg.1793.site.29, 2, 150, 152
411483.3.peg.1793.site.30, 0, 151, 151
411483.3.peg.1793.site.31, 33, 143, 176
411483.3.peg.1793.site.32, 7, 150, 157
411483.3.peg.1793.site.33, 3, 149, 152
411483.3.peg.1793.site.34, 18, 145, 163
411483.3.peg.1793.site.35, 2, 149, 151
411483.3.peg.1793.site.36, 3, 150, 153
411483.3.peg.1793.site.37, 11, 148, 159
411483.3.peg.1793.site.38, 125, 148, 273
411483.3.peg.1793.site.39, 4, 151, 155
411483.3.peg.1793.site.40, 111, 148, 259
411483.3.peg.1793.site.41, 1, 152, 153
411483.3.peg.1793.site.42, 1, 150, 151
411483.3.peg.1793.site.43, 92, 141, 233
411483.3.peg.1793.site.44, 3, 148, 151
411483.3.peg.1793.site.45, 3, 148, 151
411483.3.peg.1793.site.46, 79, 138, 217
411483.3.peg.1790.site.1, 68, 141, 209
411483.3.peg.1790.site.2, 2, 149, 151
411483.3.peg.1790.site.3, 2, 148, 150
411483.3.peg.1790.site.4, 5, 150, 155
411483.3.peg.1790.site.5, 102, 141, 243
411483.3.peg.1790.site.6, 3, 143, 146
411483.3.peg.1790.site.7, 63, 138, 201
411483.3.peg.1790.site.8, 7, 137, 144
411483.3.peg.1790.site.9, 0, 149, 149
411483.3.peg.1790.site.10, 6, 147, 153
411483.3.peg.1790.site.11, 2, 150, 152
411483.3.peg.1790.site.12, 0, 149, 149
411483.3.peg.1790.site.13, 2, 150, 152
411483.3.peg.1790.site.14, 3, 149, 152
411483.3.peg.1790.site.15, 1, 149, 150
411483.3.peg.1790.site.16, 105, 138, 243
411483.3.peg.1790.site.17, 122, 141, 263
411483.3.peg.1790.site.18, 0, 141, 141
411483.3.peg.1790.site.19, 26, 136, 162
411483.3.peg.1790.site.20, 1, 147, 148
411483.3.peg.1790.site.21, 1, 141, 142
411483.3.peg.1790.site.22, 3, 149, 152
411483.3.peg.1790.site.23, 37, 139, 176
411483.3.peg.1790.site.24, 26, 137, 163
411483.3.peg.1790.site.25, 23, 147, 170
411483.3.peg.1790.site.26, 3, 153, 156
411483.3.peg.1790.site.27, 4, 149, 153
411483.3.peg.1790.site.28, 1, 152, 153
411483.3.peg.1790.site.29, 3, 154, 157
411483.3.peg.1790.site.30, 4, 153, 157
411483.3.peg.1790.site.31, 5, 149, 154
411483.3.peg.1790.site.32, 3, 149, 152
411483.3.peg.1790.site.33, 74, 140, 214
411483.3.peg.1790.site.34, 1, 151, 152
411483.3.peg.1790.site.35, 3, 150, 153
411483.3.peg.1790.site.36, 3, 149, 152
411483.3.peg.1790.site.37, 35, 140, 175
411483.3.peg.1790.site.38, 0, 144, 144
411483.3.peg.1790.site.39, 2, 130, 132
411483.3.peg.1790.site.40, 1, 133, 134
411483.3.peg.1790.site.41, 14, 136, 150
411483.3.peg.1790.site.42, 5, 150, 155
411483.3.peg.1790.site.43, 4, 150, 154
411483.3.peg.1790.site.44, 2, 149, 151
411483.3.peg.1790.site.45, 2, 147, 149
411483.3.peg.1790.site.46, 7, 149, 156
411483.3.peg.1790.site.47, 82, 142, 224
411483.3.peg.1790.site.48, 42, 144, 186
411483.3.peg.1790.site.49, 56, 142, 198
411483.3.peg.1790.site.50, 5, 152, 157
411483.3.peg.1790.site.51, 5, 151, 156
411483.3.peg.1790.site.52, 1, 149, 150
411483.3.peg.1790.site.53, 93, 138, 231
411483.3.peg.1790.site.54, 84, 127, 211
411483.3.peg.1790.site.55, 5, 135, 140
411483.3.peg.1790.site.56, 24, 130, 154
411483.3.peg.1790.site.57, 4, 137, 141
411483.3.peg.1790.site.58, 2, 141, 143
411483.3.peg.1790.site.59, 7, 149, 156
411483.3.peg.1790.site.60, 3, 147, 150
411483.3.peg.1790.site.61, 2, 153, 155
411483.3.peg.1790.site.62, 2, 153, 155
411483.3.peg.1790.site.63, 14, 151, 165
411483.3.peg.1790.site.64, 5, 155, 160
411483.3.peg.1790.site.65, 1, 153, 154
411483.3.peg.1790.site.66, 7, 151, 158
411483.3.peg.1790.site.67, 10, 154, 164
411483.3.peg.1790.site.68, 37, 145, 182
411483.3.peg.1790.site.69, 21, 142, 163
411483.3.peg.1790.site.70, 2, 151, 153
411483.3.peg.1790.site.71, 2, 153, 155
411483.3.peg.1790.site.72, 2, 153, 155
411483.3.peg.1790.site.73, 2, 150, 152
411483.3.peg.1790.site.74, 0, 153, 153
411483.3.peg.1790.site.75, 0, 147, 147
411483.3.peg.1790.site.76, 7, 152, 159
411483.3.peg.1790.site.77, 1, 150, 151
411483.3.peg.1790.site.78, 0, 148, 148
411483.3.peg.1790.site.79, 0, 153, 153
411483.3.peg.1790.site.80, 7, 153, 160
411483.3.peg.1790.site.81, 110, 140, 250
411483.3.peg.1790.site.82, 15, 142, 157
411483.3.peg.1790.site.83, 0, 146, 146
411483.3.peg.1790.site.84, 2, 143, 145
411483.3.peg.1790.site.85, 6, 147, 153
411483.3.peg.1790.site.86, 1, 149, 150
411483.3.peg.1790.site.87, 14, 142, 156
411483.3.peg.1790.site.88, 2, 150, 152
411483.3.peg.1790.site.89, 1, 148, 149
411483.3.peg.1790.site.90, 1, 146, 147
411483.3.peg.1790.site.91, 10, 150, 160
411483.3.peg.1790.site.92, 2, 154, 156
411483.3.peg.1791.site.1, 7, 154, 161
411483.3.peg.1791.site.2, 2, 153, 155
411483.3.peg.1791.site.3, 1, 150, 151
411483.3.peg.1791.site.4, 1, 151, 152
411483.3.peg.1791.site.5, 6, 148, 154
411483.3.peg.1791.site.6, 1, 151, 152
411483.3.peg.1791.site.7, 46, 133, 179
411483.3.peg.1791.site.8, 71, 125, 196
411483.3.peg.1791.site.9, 42, 139, 181
411483.3.peg.1791.site.10, 2, 150, 152
411483.3.peg.1791.site.11, 1, 151, 152
411483.3.peg.1791.site.12, 1, 153, 154
411483.3.peg.1791.site.13, 1, 151, 152
411483.3.peg.1791.site.14, 0, 152, 152
411483.3.peg.1791.site.15, 89, 141, 230
411483.3.peg.1791.site.16, 91, 139, 230
411483.3.peg.1791.site.17, 4, 147, 151
411483.3.peg.1791.site.18, 1, 143, 144
411483.3.peg.1791.site.19, 0, 153, 153
411483.3.peg.1791.site.20, 1, 148, 149
411483.3.peg.1791.site.21, 16, 147, 163
411483.3.peg.1791.site.22, 2, 148, 150
411483.3.peg.1796.site.1, 2, 153, 155
411483.3.peg.1796.site.2, 2, 152, 154
411483.3.peg.1796.site.3, 1, 143, 144
411483.3.peg.1796.site.4, 7, 149, 156
411483.3.peg.1796.site.5, 21, 141, 162
411483.3.peg.1796.site.6, 1, 151, 152
411483.3.peg.1796.site.7, 10, 147, 157
411483.3.peg.1796.site.8, 1, 149, 150
411483.3.peg.1796.site.9, 0, 150, 150
411483.3.peg.1796.site.10, 6, 151, 157
411483.3.peg.1796.site.11, 5, 151, 156
411483.3.peg.1796.site.12, 15, 148, 163
411483.3.peg.1796.site.13, 1, 151, 152
411483.3.peg.1796.site.14, 2, 150, 152
411483.3.peg.1796.site.15, 10, 148, 158
411483.3.peg.1796.site.16, 25, 143, 168
411483.3.peg.1796.site.17, 19, 145, 164
411483.3.peg.1796.site.18, 15, 151, 166
411483.3.peg.1796.site.19, 2, 154, 156
411483.3.peg.1796.site.20, 1, 154, 155
411483.3.peg.1796.site.21, 2, 151, 153
411483.3.peg.1796.site.22, 10, 148, 158
411483.3.peg.1796.site.23, 2, 154, 156
411483.3.peg.1796.site.24, 6, 149, 155
411483.3.peg.1796.site.25, 24, 150, 174
411483.3.peg.1796.site.26, 2, 155, 157
411483.3.peg.1796.site.27, 2, 155, 157
411483.3.peg.1796.site.28, 0, 154, 154
411483.3.peg.1796.site.29, 1, 155, 156
411483.3.peg.1796.site.30, 1, 151, 152
411483.3.peg.1797.site.1, 17, 137, 154
411483.3.peg.1797.site.2, 0, 148, 148
411483.3.peg.1797.site.3, 1, 149, 150
411483.3.peg.1797.site.4, 1, 150, 151
411483.3.peg.1797.site.5, 80, 143, 223
411483.3.peg.1797.site.6, 2, 152, 154
411483.3.peg.1797.site.7, 1, 149, 150
411483.3.peg.1797.site.8, 2, 147, 149
411483.3.peg.1797.site.9, 3, 146, 149
411483.3.peg.1797.site.10, 3, 148, 151
411483.3.peg.1797.site.11, 0, 148, 148
411483.3.peg.1797.site.12, 5, 148, 153
411483.3.peg.1797.site.13, 1, 146, 147
411483.3.peg.1797.site.14, 2, 142, 144
411483.3.peg.1797.site.15, 5, 143, 148
411483.3.peg.1797.site.16, 11, 135, 146
411483.3.peg.1797.site.17, 1, 142, 143
411483.3.peg.1797.site.18, 1, 136, 137
411483.3.peg.1797.site.19, 7, 136, 143
411483.3.peg.1797.site.20, 9, 143, 152
411483.3.peg.1797.site.21, 2, 142, 144
411483.3.peg.1797.site.22, 2, 146, 148
411483.3.peg.1797.site.23, 32, 133, 165
411483.3.peg.1797.site.24, 3, 127, 130
411483.3.peg.1797.site.25, 49, 122, 171
411483.3.peg.1797.site.26, 111, 127, 238
411483.3.peg.1797.site.27, 1, 140, 141
411483.3.peg.1797.site.28, 2, 144, 146
411483.3.peg.1797.site.29, 0, 147, 147
411483.3.peg.1797.site.30, 1, 150, 151
411483.3.peg.1797.site.31, 1, 149, 150
411483.3.peg.1797.site.32, 1, 148, 149
411483.3.peg.1797.site.33, 51, 139, 190
411483.3.peg.1797.site.34, 2, 152, 154
411483.3.peg.1797.site.35, 6, 150, 156
411483.3.peg.1797.site.36, 4, 147, 151
411483.3.peg.1797.site.37, 3, 152, 155
411483.3.peg.1797.site.38, 1, 151, 152
411483.3.peg.1797.site.39, 4, 149, 153
411483.3.peg.1794.site.1, 47, 143, 190
411483.3.peg.1794.site.2, 58, 145, 203
411483.3.peg.1794.site.3, 2, 155, 157
411483.3.peg.1794.site.4, 3, 155, 158
411483.3.peg.1794.site.5, 0, 154, 154
411483.3.peg.1794.site.6, 26, 145, 171
411483.3.peg.1794.site.7, 1, 152, 153
411483.3.peg.1794.site.8, 0, 147, 147
411483.3.peg.1794.site.9, 2, 153, 155
411483.3.peg.1794.site.10, 16, 151, 167
411483.3.peg.1794.site.11, 2, 147, 149
411483.3.peg.1794.site.12, 84, 144, 228
411483.3.peg.1794.site.13, 3, 150, 153
411483.3.peg.1794.site.14, 1, 149, 150
411483.3.peg.1794.site.15, 4, 149, 153
411483.3.peg.1794.site.16, 68, 142, 210
411483.3.peg.1794.site.17, 1, 153, 154
411483.3.peg.1794.site.18, 12, 148, 160
411483.3.peg.1794.site.19, 53, 142, 195
411483.3.peg.1794.site.20, 2, 150, 152
411483.3.peg.1794.site.21, 48, 139, 187
411483.3.peg.1794.site.22, 40, 142, 182
411483.3.peg.1794.site.23, 76, 142, 218
411483.3.peg.1794.site.24, 5, 148, 153
411483.3.peg.1794.site.25, 5, 151, 156
411483.3.peg.1794.site.26, 0, 150, 150
411483.3.peg.1795.site.1, 3, 146, 149
411483.3.peg.1795.site.2, 6, 147, 153
411483.3.peg.1795.site.3, 1, 154, 155
411483.3.peg.1795.site.4, 1, 150, 151
411483.3.peg.1795.site.5, 7, 146, 153
411483.3.peg.1795.site.6, 3, 150, 153
411483.3.peg.1795.site.7, 1, 149, 150
411483.3.peg.1795.site.8, 86, 140, 226
411483.3.peg.1795.site.9, 3, 149, 152
411483.3.peg.1795.site.10, 4, 151, 155
411483.3.peg.1795.site.11, 2, 150, 152
411483.3.peg.1795.site.12, 2, 150, 152
411483.3.peg.1558.site.1, 25, 136, 161
411483.3.peg.1558.site.2, 4, 137, 141
411483.3.peg.1558.site.3, 3, 142, 145
411483.3.peg.1558.site.4, 4, 139, 143
411483.3.peg.1558.site.5, 7, 154, 161
411483.3.peg.1558.site.6, 6, 155, 161
411483.3.peg.1558.site.7, 23, 148, 171
411483.3.peg.1558.site.8, 2, 152, 154
411483.3.peg.1558.site.9, 2, 153, 155
411483.3.peg.1558.site.10, 11, 144, 155
411483.3.peg.1558.site.11, 1, 148, 149
411483.3.peg.1558.site.12, 127, 142, 269
411483.3.peg.1558.site.13, 0, 140, 140
411483.3.peg.1558.site.14, 0, 135, 135
411483.3.peg.1558.site.15, 1, 137, 138
411483.3.peg.1558.site.16, 5, 149, 154
411483.3.peg.1558.site.17, 1, 150, 151
411483.3.peg.1558.site.18, 13, 145, 158
411483.3.peg.1558.site.19, 139, 148, 287
411483.3.peg.1558.site.20, 4, 151, 155
411483.3.peg.1558.site.21, 7, 151, 158
411483.3.peg.1558.site.22, 16, 142, 158
411483.3.peg.1558.site.23, 5, 137, 142
411483.3.peg.1558.site.24, 6, 143, 149
411483.3.peg.1558.site.25, 4, 137, 141
411483.3.peg.1558.site.26, 2, 134, 136
411483.3.peg.1558.site.27, 5, 135, 140
411483.3.peg.1558.site.28, 1, 136, 137
411483.3.peg.1558.site.29, 40, 126, 166
411483.3.peg.1558.site.30, 53, 123, 176
411483.3.peg.1558.site.31, 2, 127, 129
411483.3.peg.1558.site.32, 0, 117, 117
411483.3.peg.1558.site.33, 9, 112, 121
411483.3.peg.1558.site.34, 50, 102, 152
411483.3.peg.1558.site.35, 20, 111, 131
411483.3.peg.1558.site.36, 13, 113, 126
411483.3.peg.1558.site.37, 6, 117, 123
411483.3.peg.1558.site.38, 53, 104, 157
411483.3.peg.1558.site.39, 2, 113, 115
411483.3.peg.1558.site.40, 1, 115, 116
411483.3.peg.1558.site.41, 1, 109, 110
411483.3.peg.1558.site.42, 9, 104, 113
411483.3.peg.1558.site.43, 2, 115, 117
411483.3.peg.1558.site.44, 4, 118, 122
411483.3.peg.1558.site.45, 4, 119, 123
411483.3.peg.1558.site.46, 4, 129, 133
411483.3.peg.1558.site.47, 65, 117, 182
411483.3.peg.1558.site.48, 1, 126, 127
411483.3.peg.1558.site.49, 2, 129, 131
411483.3.peg.1559.site.1, 1, 150, 151
411483.3.peg.1559.site.2, 59, 139, 198
411483.3.peg.1559.site.3, 1, 151, 152
411483.3.peg.1559.site.4, 7, 152, 159
411483.3.peg.1559.site.5, 1, 152, 153
411483.3.peg.1559.site.6, 2, 153, 155
411483.3.peg.1559.site.7, 15, 153, 168
411483.3.peg.1559.site.8, 36, 146, 182
411483.3.peg.1559.site.9, 4, 148, 152
411483.3.peg.1559.site.10, 12, 152, 164
411483.3.peg.1559.site.11, 2, 154, 156
411483.3.peg.1559.site.12, 10, 153, 163
411483.3.peg.1559.site.13, 4, 151, 155
411483.3.peg.1559.site.14, 36, 145, 181
411483.3.peg.1559.site.15, 9, 151, 160
411483.3.peg.1559.site.16, 121, 143, 264
411483.3.peg.1559.site.17, 8, 145, 153
411483.3.peg.1559.site.18, 4, 149, 153
411483.3.peg.1559.site.19, 6, 147, 153
411483.3.peg.1559.site.20, 1, 150, 151
411483.3.peg.1559.site.21, 4, 146, 150
411483.3.peg.1559.site.22, 3, 149, 152
411483.3.peg.1559.site.23, 5, 147, 152
411483.3.peg.1559.site.24, 2, 154, 156
411483.3.peg.1559.site.25, 1, 151, 152
411483.3.peg.1559.site.26, 5, 148, 153
411483.3.peg.1559.site.27, 0, 150, 150
411483.3.peg.1559.site.28, 26, 144, 170
411483.3.peg.1559.site.29, 138, 146, 284
411483.3.peg.1559.site.30, 62, 146, 208
411483.3.peg.1559.site.31, 1, 149, 150
411483.3.peg.1559.site.32, 96, 140, 236
411483.3.peg.1559.site.33, 0, 151, 151
411483.3.peg.1559.site.34, 1, 149, 150
411483.3.peg.1559.site.35, 0, 144, 144
411483.3.peg.1559.site.36, 116, 138, 254
411483.3.peg.1559.site.37, 6, 145, 151
411483.3.peg.1559.site.38, 6, 134, 140
411483.3.peg.1559.site.39, 2, 132, 134
411483.3.peg.1559.site.40, 3, 130, 133
411483.3.peg.1559.site.41, 3, 125, 128
411483.3.peg.1559.site.42, 1, 120, 121
411483.3.peg.1559.site.43, 7, 119, 126
411483.3.peg.1559.site.44, 0, 114, 114
411483.3.peg.1559.site.45, 95, 102, 197
411483.3.peg.631.site.1, 52, 70, 122
411483.3.peg.631.site.2, 68, 85, 153
411483.3.peg.631.site.3, 3, 101, 104
411483.3.peg.631.site.4, 2, 100, 102
411483.3.peg.631.site.5, 4, 102, 106
411483.3.peg.631.site.6, 75, 105, 180
411483.3.peg.631.site.7, 5, 109, 114
411483.3.peg.631.site.8, 27, 107, 134
411483.3.peg.631.site.9, 1, 116, 117
411483.3.peg.631.site.10, 110, 112, 222
411483.3.peg.631.site.11, 19, 112, 131
411483.3.peg.631.site.12, 2, 95, 97
411483.3.peg.631.site.13, 46, 98, 144
411483.3.peg.631.site.14, 1, 111, 112
411483.3.peg.631.site.15, 92, 112, 204
411483.3.peg.631.site.16, 1, 121, 122
411483.3.peg.631.site.17, 85, 108, 193
411483.3.peg.631.site.18, 1, 124, 125
411483.3.peg.631.site.19, 2, 135, 137
411483.3.peg.631.site.20, 0, 142, 142
411483.3.peg.631.site.21, 9, 134, 143
411483.3.peg.631.site.22, 17, 138, 155
411483.3.peg.631.site.23, 76, 127, 203
411483.3.peg.631.site.24, 9, 150, 159
411483.3.peg.631.site.25, 0, 152, 152
411483.3.peg.631.site.26, 1, 153, 154
411483.3.peg.631.site.27, 11, 149, 160
411483.3.peg.631.site.28, 18, 151, 169
411483.3.peg.631.site.29, 11, 152, 163
411483.3.peg.631.site.30, 6, 149, 155
411483.3.peg.631.site.31, 0, 150, 150
411483.3.peg.631.site.32, 5, 150, 155
411483.3.peg.631.site.33, 3, 146, 149
411483.3.peg.631.site.34, 3, 153, 156
411483.3.peg.631.site.35, 48, 144, 192
411483.3.peg.631.site.36, 8, 155, 163
411483.3.peg.631.site.37, 23, 150, 173
411483.3.peg.631.site.38, 3, 153, 156
411483.3.peg.631.site.39, 9, 152, 161
411483.3.peg.631.site.40, 133, 150, 283
411483.3.peg.631.site.41, 10, 152, 162
411483.3.peg.631.site.42, 118, 147, 265
411483.3.peg.631.site.43, 0, 149, 149
411483.3.peg.631.site.44, 3, 149, 152
411483.3.peg.631.site.45, 7, 147, 154
411483.3.peg.631.site.46, 11, 152, 163
411483.3.peg.631.site.47, 30, 149, 179
411483.3.peg.631.site.48, 2, 155, 157
411483.3.peg.631.site.49, 10, 151, 161
411483.3.peg.631.site.50, 2, 153, 155
411483.3.peg.631.site.51, 3, 154, 157
411483.3.peg.631.site.52, 14, 148, 162
411483.3.peg.631.site.53, 1, 154, 155
411483.3.peg.631.site.54, 5, 152, 157
411483.3.peg.631.site.55, 47, 145, 192
411483.3.peg.631.site.56, 1, 153, 154
411483.3.peg.631.site.57, 52, 146, 198
411483.3.peg.631.site.58, 43, 141, 184
411483.3.peg.631.site.59, 4, 153, 157
411483.3.peg.631.site.60, 29, 141, 170
411483.3.peg.631.site.61, 134, 151, 285
411483.3.peg.631.site.62, 3, 155, 158
411483.3.peg.631.site.63, 13, 151, 164
411483.3.peg.630.site.1, 2, 150, 152
411483.3.peg.630.site.2, 8, 154, 162
411483.3.peg.630.site.3, 8, 154, 162
411483.3.peg.630.site.4, 3, 153, 156
411483.3.peg.630.site.5, 1, 155, 156
411483.3.peg.630.site.6, 1, 153, 154
411483.3.peg.1550.site.1, 4, 148, 152
411483.3.peg.1550.site.2, 72, 136, 208
411483.3.peg.1550.site.3, 3, 142, 145
411483.3.peg.1550.site.4, 17, 142, 159
411483.3.peg.1550.site.5, 12, 138, 150
411483.3.peg.1550.site.6, 118, 135, 253
411483.3.peg.1550.site.7, 0, 145, 145
411483.3.peg.1550.site.8, 20, 140, 160
411483.3.peg.1550.site.9, 0, 144, 144
411483.3.peg.1550.site.10, 5, 143, 148
411483.3.peg.1550.site.11, 0, 142, 142
411483.3.peg.1550.site.12, 2, 140, 142
411483.3.peg.1550.site.13, 5, 139, 144
411483.3.peg.1550.site.14, 2, 137, 139
411483.3.peg.1550.site.15, 8, 132, 140
411483.3.peg.1550.site.16, 9, 136, 145
411483.3.peg.1550.site.17, 0, 137, 137
411483.3.peg.1550.site.18, 1, 133, 134
411483.3.peg.1550.site.19, 5, 88, 93
411483.3.peg.1550.site.20, 2, 86, 88
411483.3.peg.1550.site.21, 1, 77, 78
411483.3.peg.1550.site.22, 4, 89, 93
411483.3.peg.1550.site.23, 0, 97, 97
411483.3.peg.1550.site.24, 0, 103, 103
411483.3.peg.1550.site.25, 1, 102, 103
411483.3.peg.1550.site.26, 0, 106, 106
411483.3.peg.1550.site.27, 0, 111, 111
411483.3.peg.1550.site.28, 1, 108, 109
411483.3.peg.1550.site.29, 0, 110, 110
411483.3.peg.1550.site.30, 1, 120, 121
411483.3.peg.1550.site.31, 0, 130, 130
411483.3.peg.1550.site.32, 3, 128, 131
411483.3.peg.1550.site.33, 38, 124, 162
411483.3.peg.1550.site.34, 0, 134, 134
411483.3.peg.1550.site.35, 11, 134, 145
411483.3.peg.1550.site.36, 15, 133, 148
411483.3.peg.1550.site.37, 3, 137, 140
411483.3.peg.1550.site.38, 0, 143, 143
411483.3.peg.1550.site.39, 1, 146, 147
411483.3.peg.1550.site.40, 4, 144, 148
411483.3.peg.1550.site.41, 2, 145, 147
411483.3.peg.1550.site.42, 0, 142, 142
411483.3.peg.1550.site.43, 2, 137, 139
411483.3.peg.1550.site.44, 1, 146, 147
411483.3.peg.1550.site.45, 1, 140, 141
411483.3.peg.1550.site.46, 0, 140, 140
411483.3.peg.1550.site.47, 2, 138, 140
411483.3.peg.1550.site.48, 3, 131, 134
411483.3.peg.1550.site.49, 0, 129, 129
411483.3.peg.1550.site.50, 0, 132, 132
411483.3.peg.1550.site.51, 11, 125, 136
411483.3.peg.1550.site.52, 66, 115, 181
411483.3.peg.1550.site.53, 1, 98, 99
411483.3.peg.1555.site.1, 1, 151, 152
411483.3.peg.1555.site.2, 21, 149, 170
411483.3.peg.1555.site.3, 8, 145, 153
411483.3.peg.1555.site.4, 3, 150, 153
411483.3.peg.1555.site.5, 2, 154, 156
411483.3.peg.1555.site.6, 26, 150, 176
411483.3.peg.1555.site.7, 0, 153, 153
411483.3.peg.1555.site.8, 1, 152, 153
411483.3.peg.1555.site.9, 5, 149, 154
411483.3.peg.1555.site.10, 30, 131, 161
411483.3.peg.1555.site.11, 0, 127, 127
411483.3.peg.1555.site.12, 104, 113, 217
411483.3.peg.1555.site.13, 29, 101, 130
411483.3.peg.1555.site.14, 4, 108, 112
411483.3.peg.1555.site.15, 32, 96, 128
411483.3.peg.1555.site.16, 2, 116, 118
411483.3.peg.1555.site.17, 11, 116, 127
411483.3.peg.1555.site.18, 14, 118, 132
411483.3.peg.1555.site.19, 36, 116, 152
411483.3.peg.1555.site.20, 0, 129, 129
411483.3.peg.1555.site.21, 4, 144, 148
411483.3.peg.1555.site.22, 2, 140, 142
411483.3.peg.1555.site.23, 120, 134, 254
411483.3.peg.1555.site.24, 7, 133, 140
411483.3.peg.1555.site.25, 108, 115, 223
411483.3.peg.1555.site.26, 1, 121, 122
411483.3.peg.1555.site.27, 2, 111, 113
411483.3.peg.1555.site.28, 14, 102, 116
411483.3.peg.639.site.1, 1, 154, 155
411483.3.peg.639.site.2, 3, 154, 157
411483.3.peg.639.site.3, 94, 144, 238
411483.3.peg.639.site.4, 0, 153, 153
411483.3.peg.639.site.5, 13, 152, 165
411483.3.peg.639.site.6, 6, 152, 158
411483.3.peg.639.site.7, 4, 148, 152
411483.3.peg.639.site.8, 0, 152, 152
411483.3.peg.639.site.9, 2, 146, 148
411483.3.peg.639.site.10, 86, 142, 228
411483.3.peg.638.site.1, 5, 150, 155
411483.3.peg.638.site.2, 0, 148, 148
411483.3.peg.638.site.3, 2, 150, 152
411483.3.peg.638.site.4, 4, 149, 153
411483.3.peg.638.site.5, 4, 149, 153
411483.3.peg.638.site.6, 7, 147, 154
411483.3.peg.638.site.7, 1, 151, 152
411483.3.peg.638.site.8, 15, 135, 150
411483.3.peg.638.site.9, 3, 144, 147
411483.3.peg.638.site.10, 1, 147, 148
411483.3.peg.638.site.11, 0, 147, 147
411483.3.peg.638.site.12, 0, 152, 152
411483.3.peg.638.site.13, 29, 147, 176
411483.3.peg.638.site.14, 1, 151, 152
411483.3.peg.638.site.15, 2, 153, 155
411483.3.peg.638.site.16, 0, 150, 150
411483.3.peg.638.site.17, 2, 150, 152
411483.3.peg.638.site.18, 1, 147, 148
411483.3.peg.638.site.19, 40, 141, 181
411483.3.peg.638.site.20, 5, 148, 153
411483.3.peg.638.site.21, 4, 151, 155
411483.3.peg.638.site.22, 1, 153, 154
411483.3.peg.638.site.23, 7, 153, 160
411483.3.peg.638.site.24, 49, 144, 193
411483.3.peg.638.site.25, 4, 149, 153
411483.3.peg.638.site.26, 2, 152, 154
411483.3.peg.638.site.27, 4, 149, 153
411483.3.peg.638.site.28, 107, 138, 245
411483.3.peg.638.site.29, 2, 150, 152
411483.3.peg.638.site.30, 0, 151, 151
411483.3.peg.638.site.31, 0, 150, 150
411483.3.peg.638.site.32, 6, 148, 154
411483.3.peg.638.site.33, 5, 148, 153
411483.3.peg.638.site.34, 3, 149, 152
411483.3.peg.638.site.35, 16, 141, 157
411483.3.peg.638.site.36, 3, 147, 150
411483.3.peg.638.site.37, 7, 137, 144
411483.3.peg.638.site.38, 3, 141, 144
411483.3.peg.638.site.39, 13, 129, 142
411483.3.peg.638.site.40, 16, 133, 149
411483.3.peg.638.site.41, 9, 135, 144
411483.3.peg.638.site.42, 3, 138, 141
411483.3.peg.638.site.43, 0, 140, 140
411483.3.peg.638.site.44, 86, 129, 215
411483.3.peg.638.site.45, 0, 136, 136
411483.3.peg.638.site.46, 1, 138, 139
411483.3.peg.638.site.47, 9, 147, 156
411483.3.peg.638.site.48, 4, 148, 152
411483.3.peg.638.site.49, 2, 153, 155
411483.3.peg.638.site.50, 7, 148, 155
411483.3.peg.638.site.51, 1, 153, 154
411483.3.peg.638.site.52, 140, 141, 281
411483.3.peg.638.site.53, 1, 140, 141
411483.3.peg.638.site.54, 1, 142, 143
411483.3.peg.638.site.55, 2, 143, 145
411483.3.peg.638.site.56, 6, 145, 151
411483.3.peg.638.site.57, 23, 141, 164
411483.3.peg.638.site.58, 24, 144, 168
411483.3.peg.638.site.59, 3, 143, 146
411483.3.peg.638.site.60, 1, 131, 132
411483.3.peg.638.site.61, 2, 120, 122
411483.3.peg.638.site.62, 2, 122, 124
411483.3.peg.638.site.63, 4, 123, 127
411483.3.peg.638.site.64, 21, 122, 143
411483.3.peg.638.site.65, 5, 145, 150
411483.3.peg.638.site.66, 0, 147, 147
411483.3.peg.638.site.67, 16, 143, 159
411483.3.peg.638.site.68, 1, 147, 148
411483.3.peg.638.site.69, 1, 148, 149
411483.3.peg.638.site.70, 4, 141, 145
411483.3.peg.638.site.71, 142, 142, 284
411483.3.peg.638.site.72, 3, 140, 143
411483.3.peg.638.site.73, 141, 143, 284
411483.3.peg.638.site.74, 1, 149, 150
411483.3.peg.638.site.75, 2, 151, 153
411483.3.peg.638.site.76, 4, 151, 155
411483.3.peg.299.site.1, 3, 155, 158
411483.3.peg.299.site.2, 3, 155, 158
411483.3.peg.299.site.3, 1, 155, 156
411483.3.peg.299.site.4, 10, 152, 162
411483.3.peg.299.site.5, 1, 154, 155
411483.3.peg.299.site.6, 1, 154, 155
411483.3.peg.299.site.7, 1, 155, 156
411483.3.peg.299.site.8, 1, 155, 156
411483.3.peg.299.site.9, 1, 154, 155
411483.3.peg.299.site.10, 1, 154, 155
411483.3.peg.298.site.1, 78, 131, 209
411483.3.peg.298.site.2, 13, 142, 155
411483.3.peg.298.site.3, 38, 141, 179
411483.3.peg.298.site.4, 1, 151, 152
411483.3.peg.298.site.5, 2, 150, 152
411483.3.peg.298.site.6, 7, 148, 155
411483.3.peg.298.site.7, 2, 153, 155
411483.3.peg.298.site.8, 9, 148, 157
411483.3.peg.298.site.9, 0, 151, 151
411483.3.peg.298.site.10, 4, 151, 155
411483.3.peg.298.site.11, 1, 150, 151
411483.3.peg.298.site.12, 0, 152, 152
411483.3.peg.298.site.13, 0, 152, 152
411483.3.peg.298.site.14, 5, 152, 157
411483.3.peg.298.site.15, 4, 149, 153
411483.3.peg.298.site.16, 9, 144, 153
411483.3.peg.298.site.17, 3, 147, 150
411483.3.peg.298.site.18, 3, 140, 143
411483.3.peg.298.site.19, 3, 140, 143
411483.3.peg.298.site.20, 3, 136, 139
411483.3.peg.298.site.21, 2, 143, 145
411483.3.peg.298.site.22, 7, 139, 146
411483.3.peg.298.site.23, 3, 143, 146
411483.3.peg.298.site.24, 0, 143, 143
411483.3.peg.298.site.25, 2, 142, 144
411483.3.peg.298.site.26, 31, 133, 164
411483.3.peg.298.site.27, 21, 129, 150
411483.3.peg.298.site.28, 45, 122, 167
411483.3.peg.298.site.29, 43, 124, 167
411483.3.peg.298.site.30, 2, 130, 132
411483.3.peg.298.site.31, 16, 131, 147
411483.3.peg.298.site.32, 1, 136, 137
411483.3.peg.298.site.33, 0, 135, 135
411483.3.peg.298.site.34, 1, 139, 140
411483.3.peg.298.site.35, 89, 132, 221
411483.3.peg.298.site.36, 86, 124, 210
411483.3.peg.298.site.37, 0, 124, 124
411483.3.peg.298.site.38, 12, 110, 122
411483.3.peg.298.site.39, 4, 122, 126
411483.3.peg.298.site.40, 2, 116, 118
411483.3.peg.298.site.41, 88, 138, 226
411483.3.peg.298.site.42, 10, 140, 150
411483.3.peg.298.site.43, 2, 152, 154
411483.3.peg.298.site.44, 2, 152, 154
411483.3.peg.298.site.45, 6, 153, 159
411483.3.peg.298.site.46, 4, 155, 159
411483.3.peg.298.site.47, 23, 152, 175
411483.3.peg.298.site.48, 40, 148, 188
411483.3.peg.528.site.1, 1, 154, 155
411483.3.peg.528.site.2, 18, 152, 170
411483.3.peg.528.site.3, 0, 153, 153
411483.3.peg.528.site.4, 12, 144, 156
411483.3.peg.528.site.5, 2, 145, 147
411483.3.peg.528.site.6, 1, 146, 147
411483.3.peg.528.site.7, 11, 141, 152
411483.3.peg.528.site.8, 13, 143, 156
411483.3.peg.528.site.9, 1, 147, 148
411483.3.peg.528.site.10, 6, 147, 153
411483.3.peg.528.site.11, 3, 149, 152
411483.3.peg.528.site.12, 20, 146, 166
411483.3.peg.528.site.13, 1, 150, 151
411483.3.peg.528.site.14, 2, 153, 155
411483.3.peg.528.site.15, 0, 153, 153
411483.3.peg.528.site.16, 3, 153, 156
411483.3.peg.528.site.17, 10, 155, 165
411483.3.peg.528.site.18, 1, 152, 153
411483.3.peg.528.site.19, 77, 142, 219
411483.3.peg.528.site.20, 2, 153, 155
411483.3.peg.528.site.21, 0, 153, 153
411483.3.peg.528.site.22, 4, 152, 156
411483.3.peg.528.site.23, 5, 153, 158
411483.3.peg.528.site.24, 121, 144, 265
411483.3.peg.528.site.25, 21, 140, 161
411483.3.peg.528.site.26, 3, 141, 144
411483.3.peg.528.site.27, 8, 127, 135
411483.3.peg.528.site.28, 5, 149, 154
411483.3.peg.528.site.29, 44, 142, 186
411483.3.peg.528.site.30, 2, 153, 155
411483.3.peg.528.site.31, 2, 151, 153
411483.3.peg.528.site.32, 14, 152, 166
411483.3.peg.528.site.33, 0, 152, 152
411483.3.peg.528.site.34, 0, 153, 153
411483.3.peg.528.site.35, 1, 153, 154
411483.3.peg.528.site.36, 4, 153, 157
411483.3.peg.528.site.37, 141, 151, 292
411483.3.peg.528.site.38, 23, 146, 169
411483.3.peg.528.site.39, 12, 149, 161
411483.3.peg.528.site.40, 2, 154, 156
411483.3.peg.528.site.41, 6, 151, 157
411483.3.peg.528.site.42, 2, 153, 155
411483.3.peg.528.site.43, 5, 154, 159
411483.3.peg.528.site.44, 1, 148, 149
411483.3.peg.528.site.45, 4, 153, 157
411483.3.peg.528.site.46, 101, 143, 244
411483.3.peg.528.site.47, 102, 141, 243
411483.3.peg.528.site.48, 20, 148, 168
411483.3.peg.528.site.49, 50, 141, 191
411483.3.peg.528.site.50, 2, 153, 155
411483.3.peg.528.site.51, 56, 143, 199
411483.3.peg.528.site.52, 0, 155, 155
411483.3.peg.528.site.53, 2, 154, 156
411483.3.peg.528.site.54, 4, 153, 157
411483.3.peg.528.site.55, 0, 154, 154
411483.3.peg.528.site.56, 3, 155, 158
411483.3.peg.528.site.57, 2, 153, 155
411483.3.peg.528.site.58, 45, 143, 188
411483.3.peg.528.site.59, 0, 153, 153
411483.3.peg.528.site.60, 3, 154, 157
411483.3.peg.528.site.61, 0, 153, 153
411483.3.peg.528.site.62, 2, 154, 156
411483.3.peg.528.site.63, 0, 153, 153
411483.3.peg.528.site.64, 5, 152, 157
411483.3.peg.528.site.65, 68, 139, 207
411483.3.peg.528.site.66, 7, 152, 159
411483.3.peg.528.site.67, 0, 153, 153
411483.3.peg.528.site.68, 1, 152, 153
411483.3.peg.528.site.69, 46, 145, 191
411483.3.peg.528.site.70, 2, 150, 152
411483.3.peg.528.site.71, 2, 155, 157
411483.3.peg.528.site.72, 75, 139, 214
411483.3.peg.528.site.73, 131, 146, 277
411483.3.peg.528.site.74, 0, 147, 147
411483.3.peg.528.site.75, 53, 138, 191
411483.3.peg.528.site.76, 5, 147, 152
411483.3.peg.839.site.1, 59, 145, 204
411483.3.peg.839.site.2, 2, 150, 152
411483.3.peg.839.site.3, 12, 152, 164
411483.3.peg.839.site.4, 29, 142, 171
411483.3.peg.839.site.5, 2, 150, 152
411483.3.peg.839.site.6, 3, 152, 155
411483.3.peg.839.site.7, 4, 149, 153
411483.3.peg.839.site.8, 4, 154, 158
411483.3.peg.839.site.9, 1, 152, 153
411483.3.peg.839.site.10, 5, 151, 156
411483.3.peg.839.site.11, 1, 153, 154
411483.3.peg.839.site.12, 0, 152, 152
411483.3.peg.839.site.13, 1, 149, 150
411483.3.peg.839.site.14, 7, 146, 153
411483.3.peg.839.site.15, 14, 128, 142
411483.3.peg.839.site.16, 1, 137, 138
411483.3.peg.839.site.17, 1, 117, 118
411483.3.peg.839.site.18, 5, 116, 121
411483.3.peg.839.site.19, 114, 115, 229
411483.3.peg.839.site.20, 139, 139, 278
411483.3.peg.839.site.21, 82, 124, 206
411483.3.peg.839.site.22, 3, 144, 147
411483.3.peg.839.site.23, 7, 140, 147
411483.3.peg.839.site.24, 144, 144, 288
411483.3.peg.839.site.25, 27, 141, 168
411483.3.peg.839.site.26, 24, 143, 167
411483.3.peg.839.site.27, 2, 147, 149
411483.3.peg.839.site.28, 1, 149, 150
411483.3.peg.839.site.29, 1, 149, 150
411483.3.peg.839.site.30, 50, 147, 197
411483.3.peg.839.site.31, 3, 152, 155
411483.3.peg.839.site.32, 3, 152, 155
411483.3.peg.839.site.33, 2, 149, 151
411483.3.peg.839.site.34, 56, 142, 198
411483.3.peg.839.site.35, 144, 150, 294
411483.3.peg.839.site.36, 13, 151, 164
411483.3.peg.839.site.37, 2, 152, 154
411483.3.peg.839.site.38, 13, 149, 162
411483.3.peg.839.site.39, 2, 151, 153
411483.3.peg.839.site.40, 2, 152, 154
411483.3.peg.839.site.41, 82, 143, 225
411483.3.peg.839.site.42, 114, 147, 261
411483.3.peg.839.site.43, 2, 152, 154
411483.3.peg.839.site.44, 3, 152, 155
411483.3.peg.838.site.1, 1, 128, 129
411483.3.peg.838.site.2, 46, 113, 159
411483.3.peg.838.site.3, 4, 110, 114
411483.3.peg.838.site.4, 2, 83, 85
411483.3.peg.838.site.5, 3, 93, 96
411483.3.peg.838.site.6, 28, 97, 125
411483.3.peg.838.site.7, 15, 104, 119
411483.3.peg.838.site.8, 1, 132, 133
411483.3.peg.838.site.9, 7, 124, 131
411483.3.peg.838.site.10, 4, 108, 112
411483.3.peg.838.site.11, 1, 111, 112
411483.3.peg.838.site.12, 92, 117, 209
411483.3.peg.838.site.13, 3, 116, 119
411483.3.peg.838.site.14, 35, 102, 137
411483.3.peg.838.site.15, 12, 110, 122
411483.3.peg.838.site.16, 3, 114, 117
411483.3.peg.838.site.17, 19, 124, 143
411483.3.peg.838.site.18, 3, 120, 123
411483.3.peg.838.site.19, 1, 121, 122
411483.3.peg.838.site.20, 1, 121, 122
411483.3.peg.838.site.21, 5, 119, 124
411483.3.peg.838.site.22, 95, 107, 202
411483.3.peg.838.site.23, 1, 107, 108
411483.3.peg.838.site.24, 4, 113, 117
411483.3.peg.838.site.25, 3, 121, 124
411483.3.peg.838.site.26, 5, 118, 123
411483.3.peg.838.site.27, 57, 115, 172
411483.3.peg.838.site.28, 2, 125, 127
411483.3.peg.838.site.29, 5, 126, 131
411483.3.peg.838.site.30, 74, 125, 199
411483.3.peg.838.site.31, 57, 124, 181
411483.3.peg.838.site.32, 43, 117, 160
411483.3.peg.838.site.33, 11, 131, 142
411483.3.peg.838.site.34, 3, 109, 112
411483.3.peg.838.site.35, 38, 106, 144
411483.3.peg.838.site.36, 1, 107, 108
411483.3.peg.838.site.37, 3, 107, 110
411483.3.peg.838.site.38, 5, 128, 133
411483.3.peg.838.site.39, 1, 128, 129
411483.3.peg.838.site.40, 1, 121, 122
411483.3.peg.838.site.41, 1, 127, 128
411483.3.peg.838.site.42, 79, 124, 203
411483.3.peg.838.site.43, 2, 132, 134
411483.3.peg.838.site.44, 32, 122, 154
411483.3.peg.838.site.45, 1, 132, 133
411483.3.peg.838.site.46, 3, 117, 120
411483.3.peg.838.site.47, 44, 117, 161
411483.3.peg.838.site.48, 1, 119, 120
411483.3.peg.838.site.49, 7, 118, 125
411483.3.peg.838.site.50, 19, 116, 135
411483.3.peg.838.site.51, 1, 118, 119
411483.3.peg.838.site.52, 6, 121, 127
411483.3.peg.838.site.53, 1, 132, 133
411483.3.peg.838.site.54, 99, 131, 230
411483.3.peg.838.site.55, 2, 148, 150
411483.3.peg.838.site.56, 2, 150, 152
411483.3.peg.838.site.57, 2, 146, 148
411483.3.peg.838.site.58, 2, 145, 147
411483.3.peg.838.site.59, 1, 148, 149
411483.3.peg.838.site.60, 2, 147, 149
411483.3.peg.838.site.61, 1, 145, 146
411483.3.peg.838.site.62, 0, 142, 142
411483.3.peg.838.site.63, 1, 138, 139
411483.3.peg.838.site.64, 13, 139, 152
411483.3.peg.838.site.65, 30, 129, 159
411483.3.peg.838.site.66, 2, 143, 145
411483.3.peg.838.site.67, 9, 135, 144
411483.3.peg.838.site.68, 2, 138, 140
411483.3.peg.838.site.69, 1, 139, 140
411483.3.peg.838.site.70, 1, 135, 136
411483.3.peg.838.site.71, 2, 136, 138
411483.3.peg.838.site.72, 75, 123, 198
411483.3.peg.838.site.73, 0, 127, 127
411483.3.peg.838.site.74, 29, 111, 140
411483.3.peg.838.site.75, 4, 125, 129
411483.3.peg.838.site.76, 29, 136, 165
411483.3.peg.838.site.77, 12, 141, 153
411483.3.peg.838.site.78, 5, 145, 150
411483.3.peg.838.site.79, 58, 139, 197
411483.3.peg.523.site.1, 5, 154, 159
411483.3.peg.523.site.2, 34, 143, 177
411483.3.peg.523.site.3, 59, 140, 199
411483.3.peg.523.site.4, 1, 151, 152
411483.3.peg.523.site.5, 0, 148, 148
411483.3.peg.523.site.6, 1, 149, 150
411483.3.peg.523.site.7, 1, 136, 137
411483.3.peg.523.site.8, 2, 122, 124
411483.3.peg.523.site.9, 14, 117, 131
411483.3.peg.523.site.10, 8, 98, 106
411483.3.peg.523.site.11, 95, 103, 198
411483.3.peg.523.site.12, 1, 103, 104
411483.3.peg.523.site.13, 2, 107, 109
411483.3.peg.523.site.14, 2, 123, 125
411483.3.peg.523.site.15, 32, 119, 151
411483.3.peg.523.site.16, 0, 124, 124
411483.3.peg.523.site.17, 3, 127, 130
411483.3.peg.523.site.18, 1, 144, 145
411483.3.peg.523.site.19, 3, 143, 146
411483.3.peg.523.site.20, 2, 141, 143
411483.3.peg.523.site.21, 3, 141, 144
411483.3.peg.523.site.22, 5, 145, 150
411483.3.peg.523.site.23, 42, 135, 177
411483.3.peg.523.site.24, 2, 146, 148
411483.3.peg.523.site.25, 8, 148, 156
411483.3.peg.523.site.26, 2, 149, 151
411483.3.peg.523.site.27, 5, 149, 154
411483.3.peg.523.site.28, 8, 147, 155
411483.3.peg.523.site.29, 0, 151, 151
411483.3.peg.523.site.30, 1, 153, 154
411483.3.peg.523.site.31, 82, 146, 228
411483.3.peg.523.site.32, 8, 148, 156
411483.3.peg.523.site.33, 4, 152, 156
411483.3.peg.523.site.34, 2, 152, 154
411483.3.peg.523.site.35, 26, 145, 171
411483.3.peg.523.site.36, 2, 148, 150
411483.3.peg.523.site.37, 10, 147, 157
411483.3.peg.523.site.38, 38, 145, 183
411483.3.peg.523.site.39, 5, 150, 155
411483.3.peg.523.site.40, 117, 146, 263
411483.3.peg.523.site.41, 0, 149, 149
411483.3.peg.523.site.42, 1, 150, 151
411483.3.peg.523.site.43, 10, 144, 154
411483.3.peg.523.site.44, 3, 146, 149
411483.3.peg.523.site.45, 31, 144, 175
411483.3.peg.523.site.46, 82, 134, 216
411483.3.peg.523.site.47, 16, 143, 159
411483.3.peg.523.site.48, 0, 145, 145
411483.3.peg.523.site.49, 78, 142, 220
411483.3.peg.523.site.50, 3, 151, 154
411483.3.peg.523.site.51, 1, 148, 149
411483.3.peg.523.site.52, 66, 141, 207
411483.3.peg.523.site.53, 2, 153, 155
411483.3.peg.523.site.54, 2, 152, 154
411483.3.peg.523.site.55, 3, 150, 153
411483.3.peg.523.site.56, 1, 149, 150
411483.3.peg.523.site.57, 0, 150, 150
411483.3.peg.523.site.58, 2, 145, 147
411483.3.peg.523.site.59, 5, 143, 148
411483.3.peg.523.site.60, 5, 144, 149
411483.3.peg.523.site.61, 97, 137, 234
411483.3.peg.523.site.62, 0, 150, 150
411483.3.peg.523.site.63, 1, 151, 152
411483.3.peg.523.site.64, 1, 152, 153
411483.3.peg.523.site.65, 0, 152, 152
411483.3.peg.523.site.66, 53, 139, 192
411483.3.peg.523.site.67, 5, 150, 155
411483.3.peg.522.site.1, 3, 140, 143
411483.3.peg.522.site.2, 1, 146, 147
411483.3.peg.522.site.3, 3, 149, 152
411483.3.peg.522.site.4, 1, 149, 150
411483.3.peg.522.site.5, 3, 146, 149
411483.3.peg.522.site.6, 1, 150, 151
411483.3.peg.522.site.7, 0, 149, 149
411483.3.peg.522.site.8, 1, 147, 148
411483.3.peg.522.site.9, 4, 148, 152
411483.3.peg.522.site.10, 4, 151, 155
411483.3.peg.522.site.11, 1, 151, 152
411483.3.peg.522.site.12, 4, 152, 156
411483.3.peg.522.site.13, 5, 153, 158
411483.3.peg.522.site.14, 1, 155, 156
411483.3.peg.522.site.15, 5, 151, 156
411483.3.peg.522.site.16, 2, 154, 156
411483.3.peg.522.site.17, 52, 142, 194
411483.3.peg.522.site.18, 15, 153, 168
411483.3.peg.522.site.19, 6, 147, 153
411483.3.peg.522.site.20, 3, 154, 157
411483.3.peg.522.site.21, 8, 155, 163
411483.3.peg.522.site.22, 3, 150, 153
411483.3.peg.522.site.23, 3, 155, 158
411483.3.peg.522.site.24, 2, 155, 157
411483.3.peg.522.site.25, 1, 155, 156
411483.3.peg.522.site.26, 24, 151, 175
411483.3.peg.522.site.27, 124, 147, 271
411483.3.peg.522.site.28, 2, 154, 156
411483.3.peg.522.site.29, 1, 154, 155
411483.3.peg.522.site.30, 0, 154, 154
411483.3.peg.522.site.31, 2, 154, 156
411483.3.peg.522.site.32, 1, 151, 152
411483.3.peg.522.site.33, 2, 151, 153
411483.3.peg.522.site.34, 1, 155, 156
411483.3.peg.522.site.35, 25, 149, 174
411483.3.peg.522.site.36, 1, 152, 153
411483.3.peg.522.site.37, 24, 144, 168
411483.3.peg.522.site.38, 37, 153, 190
411483.3.peg.522.site.39, 1, 155, 156
411483.3.peg.522.site.40, 4, 155, 159
411483.3.peg.522.site.41, 22, 152, 174
411483.3.peg.522.site.42, 0, 152, 152
411483.3.peg.522.site.43, 19, 151, 170
411483.3.peg.521.site.1, 0, 154, 154
411483.3.peg.521.site.2, 0, 154, 154
411483.3.peg.521.site.3, 56, 146, 202
411483.3.peg.521.site.4, 5, 154, 159
411483.3.peg.521.site.5, 2, 153, 155
411483.3.peg.521.site.6, 0, 154, 154
411483.3.peg.521.site.7, 118, 144, 262
411483.3.peg.521.site.8, 6, 152, 158
411483.3.peg.521.site.9, 0, 154, 154
411483.3.peg.521.site.10, 13, 148, 161
411483.3.peg.521.site.11, 4, 153, 157
411483.3.peg.521.site.12, 16, 151, 167
411483.3.peg.521.site.13, 6, 151, 157
411483.3.peg.521.site.14, 1, 155, 156
411483.3.peg.521.site.15, 1, 155, 156
411483.3.peg.521.site.16, 35, 150, 185
411483.3.peg.521.site.17, 7, 146, 153
411483.3.peg.521.site.18, 3, 152, 155
411483.3.peg.521.site.19, 0, 144, 144
411483.3.peg.521.site.20, 4, 137, 141
411483.3.peg.521.site.21, 68, 103, 171
411483.3.peg.521.site.22, 79, 99, 178
411483.3.peg.521.site.23, 12, 99, 111
411483.3.peg.521.site.24, 19, 97, 116
411483.3.peg.521.site.25, 6, 78, 84
411483.3.peg.521.site.26, 1, 100, 101
411483.3.peg.521.site.27, 3, 118, 121
411483.3.peg.521.site.28, 39, 117, 156
411483.3.peg.521.site.29, 0, 135, 135
411483.3.peg.521.site.30, 50, 122, 172
411483.3.peg.521.site.31, 2, 133, 135
411483.3.peg.521.site.32, 8, 128, 136
411483.3.peg.521.site.33, 0, 135, 135
411483.3.peg.521.site.34, 3, 131, 134
411483.3.peg.521.site.35, 3, 133, 136
411483.3.peg.521.site.36, 105, 122, 227
411483.3.peg.521.site.37, 1, 128, 129
411483.3.peg.521.site.38, 7, 131, 138
411483.3.peg.521.site.39, 1, 130, 131
411483.3.peg.521.site.40, 1, 138, 139
411483.3.peg.521.site.41, 0, 134, 134
411483.3.peg.521.site.42, 0, 137, 137
411483.3.peg.521.site.43, 0, 139, 139
411483.3.peg.521.site.44, 0, 139, 139
411483.3.peg.521.site.45, 8, 137, 145
411483.3.peg.521.site.46, 1, 139, 140
411483.3.peg.521.site.47, 1, 144, 145
411483.3.peg.521.site.48, 0, 141, 141
411483.3.peg.521.site.49, 2, 139, 141
411483.3.peg.521.site.50, 4, 149, 153
411483.3.peg.521.site.51, 5, 137, 142
411483.3.peg.521.site.52, 3, 144, 147
411483.3.peg.521.site.53, 9, 135, 144
411483.3.peg.521.site.54, 1, 128, 129
411483.3.peg.521.site.55, 0, 132, 132
411483.3.peg.521.site.56, 2, 147, 149
411483.3.peg.521.site.57, 1, 146, 147
411483.3.peg.521.site.58, 3, 146, 149
411483.3.peg.521.site.59, 2, 145, 147
411483.3.peg.521.site.60, 0, 149, 149
411483.3.peg.521.site.61, 3, 145, 148
411483.3.peg.521.site.62, 2, 147, 149
411483.3.peg.521.site.63, 0, 154, 154
411483.3.peg.521.site.64, 131, 148, 279
411483.3.peg.521.site.65, 5, 147, 152
411483.3.peg.521.site.66, 22, 147, 169
411483.3.peg.521.site.67, 0, 154, 154
411483.3.peg.521.site.68, 0, 154, 154
411483.3.peg.521.site.69, 14, 151, 165
411483.3.peg.521.site.70, 0, 151, 151
411483.3.peg.521.site.71, 149, 150, 299
411483.3.peg.521.site.72, 2, 151, 153
411483.3.peg.521.site.73, 42, 146, 188
411483.3.peg.521.site.74, 2, 155, 157
411483.3.peg.521.site.75, 1, 155, 156
411483.3.peg.521.site.76, 7, 154, 161
411483.3.peg.521.site.77, 7, 152, 159
411483.3.peg.521.site.78, 2, 154, 156
411483.3.peg.521.site.79, 3, 155, 158
411483.3.peg.521.site.80, 5, 154, 159
411483.3.peg.521.site.81, 0, 153, 153
411483.3.peg.520.site.1, 8, 149, 157
411483.3.peg.520.site.2, 9, 148, 157
411483.3.peg.520.site.3, 0, 152, 152
411483.3.peg.520.site.4, 30, 150, 180
411483.3.peg.520.site.5, 2, 153, 155
411483.3.peg.520.site.6, 1, 152, 153
411483.3.peg.520.site.7, 9, 154, 163
411483.3.peg.520.site.8, 1, 153, 154
411483.3.peg.520.site.9, 4, 153, 157
411483.3.peg.520.site.10, 19, 153, 172
411483.3.peg.520.site.11, 0, 154, 154
411483.3.peg.520.site.12, 3, 153, 156
411483.3.peg.520.site.13, 1, 154, 155
411483.3.peg.520.site.14, 0, 151, 151
411483.3.peg.520.site.15, 3, 153, 156
411483.3.peg.520.site.16, 6, 152, 158
411483.3.peg.520.site.17, 24, 149, 173
411483.3.peg.520.site.18, 11, 153, 164
411483.3.peg.520.site.19, 11, 152, 163
411483.3.peg.520.site.20, 2, 153, 155
411483.3.peg.520.site.21, 5, 151, 156
411483.3.peg.520.site.22, 1, 153, 154
411483.3.peg.520.site.23, 5, 153, 158
411483.3.peg.520.site.24, 73, 148, 221
411483.3.peg.520.site.25, 2, 154, 156
411483.3.peg.520.site.26, 2, 153, 155
411483.3.peg.520.site.27, 2, 153, 155
411483.3.peg.520.site.28, 22, 151, 173
411483.3.peg.520.site.29, 6, 150, 156
411483.3.peg.520.site.30, 4, 150, 154
411483.3.peg.520.site.31, 1, 155, 156
411483.3.peg.520.site.32, 24, 150, 174
411483.3.peg.520.site.33, 4, 154, 158
411483.3.peg.520.site.34, 5, 154, 159
411483.3.peg.520.site.35, 1, 153, 154
411483.3.peg.520.site.36, 64, 140, 204
411483.3.peg.520.site.37, 6, 153, 159
411483.3.peg.520.site.38, 22, 147, 169
411483.3.peg.520.site.39, 9, 146, 155
411483.3.peg.520.site.40, 36, 149, 185
411483.3.peg.520.site.41, 4, 149, 153
411483.3.peg.520.site.42, 9, 151, 160
411483.3.peg.520.site.43, 0, 151, 151
411483.3.peg.520.site.44, 0, 149, 149
411483.3.peg.520.site.45, 1, 151, 152
411483.3.peg.520.site.46, 3, 144, 147
411483.3.peg.520.site.47, 14, 141, 155
411483.3.peg.520.site.48, 0, 143, 143
411483.3.peg.520.site.49, 2, 138, 140
411483.3.peg.520.site.50, 5, 143, 148
411483.3.peg.520.site.51, 32, 127, 159
411483.3.peg.520.site.52, 2, 140, 142
411483.3.peg.520.site.53, 2, 141, 143
411483.3.peg.520.site.54, 4, 142, 146
411483.3.peg.520.site.55, 7, 143, 150
411483.3.peg.520.site.56, 1, 147, 148
411483.3.peg.520.site.57, 6, 143, 149
411483.3.peg.520.site.58, 2, 146, 148
411483.3.peg.520.site.59, 2, 152, 154
411483.3.peg.520.site.60, 31, 144, 175
411483.3.peg.520.site.61, 0, 147, 147
411483.3.peg.520.site.62, 2, 152, 154
411483.3.peg.527.site.1, 1, 150, 151
411483.3.peg.527.site.2, 1, 152, 153
411483.3.peg.527.site.3, 3, 151, 154
411483.3.peg.527.site.4, 95, 140, 235
411483.3.peg.527.site.5, 30, 142, 172
411483.3.peg.527.site.6, 4, 149, 153
411483.3.peg.527.site.7, 17, 129, 146
411483.3.peg.527.site.8, 5, 141, 146
411483.3.peg.527.site.9, 1, 143, 144
411483.3.peg.527.site.10, 0, 147, 147
411483.3.peg.527.site.11, 108, 137, 245
411483.3.peg.527.site.12, 106, 138, 244
411483.3.peg.527.site.13, 19, 140, 159
411483.3.peg.527.site.14, 25, 142, 167
411483.3.peg.527.site.15, 7, 140, 147
411483.3.peg.527.site.16, 27, 136, 163
411483.3.peg.527.site.17, 2, 148, 150
411483.3.peg.527.site.18, 38, 141, 179
411483.3.peg.527.site.19, 2, 152, 154
411483.3.peg.527.site.20, 6, 149, 155
411483.3.peg.527.site.21, 19, 145, 164
411483.3.peg.527.site.22, 2, 153, 155
411483.3.peg.527.site.23, 85, 139, 224
411483.3.peg.527.site.24, 5, 154, 159
411483.3.peg.527.site.25, 6, 145, 151
411483.3.peg.527.site.26, 1, 151, 152
411483.3.peg.527.site.27, 6, 149, 155
411483.3.peg.527.site.28, 3, 145, 148
411483.3.peg.527.site.29, 19, 146, 165
411483.3.peg.527.site.30, 3, 151, 154
411483.3.peg.527.site.31, 8, 154, 162
411483.3.peg.527.site.32, 91, 144, 235
411483.3.peg.527.site.33, 27, 150, 177
411483.3.peg.527.site.34, 4, 153, 157
411483.3.peg.527.site.35, 26, 145, 171
411483.3.peg.527.site.36, 105, 148, 253
411483.3.peg.527.site.37, 103, 142, 245
411483.3.peg.527.site.38, 5, 152, 157
411483.3.peg.527.site.39, 1, 152, 153
411483.3.peg.527.site.40, 0, 150, 150
411483.3.peg.527.site.41, 1, 152, 153
411483.3.peg.527.site.42, 14, 147, 161
411483.3.peg.527.site.43, 144, 151, 295
411483.3.peg.527.site.44, 0, 153, 153
411483.3.peg.527.site.45, 3, 153, 156
411483.3.peg.527.site.46, 1, 155, 156
411483.3.peg.527.site.47, 2, 154, 156
411483.3.peg.527.site.48, 119, 151, 270
411483.3.peg.527.site.49, 1, 155, 156
411483.3.peg.527.site.50, 1, 155, 156
411483.3.peg.527.site.51, 4, 151, 155
411483.3.peg.527.site.52, 3, 150, 153
411483.3.peg.527.site.53, 8, 154, 162
411483.3.peg.527.site.54, 21, 141, 162
411483.3.peg.527.site.55, 0, 151, 151
411483.3.peg.527.site.56, 4, 153, 157
411483.3.peg.527.site.57, 14, 151, 165
411483.3.peg.527.site.58, 6, 150, 156
411483.3.peg.527.site.59, 3, 149, 152
411483.3.peg.527.site.60, 6, 143, 149
411483.3.peg.526.site.1, 2, 150, 152
411483.3.peg.526.site.2, 1, 146, 147
411483.3.peg.526.site.3, 3, 94, 97
411483.3.peg.526.site.4, 1, 105, 106
411483.3.peg.526.site.5, 4, 121, 125
411483.3.peg.526.site.6, 11, 115, 126
411483.3.peg.526.site.7, 2, 137, 139
411483.3.peg.526.site.8, 9, 140, 149
411483.3.peg.526.site.9, 2, 150, 152
411483.3.peg.526.site.10, 12, 150, 162
411483.3.peg.526.site.11, 2, 153, 155
411483.3.peg.526.site.12, 1, 153, 154
411483.3.peg.526.site.13, 3, 153, 156
411483.3.peg.526.site.14, 0, 152, 152
411483.3.peg.526.site.15, 1, 154, 155
411483.3.peg.526.site.16, 6, 155, 161
411483.3.peg.526.site.17, 1, 154, 155
411483.3.peg.526.site.18, 8, 154, 162
411483.3.peg.526.site.19, 88, 145, 233
411483.3.peg.526.site.20, 32, 145, 177
411483.3.peg.526.site.21, 14, 151, 165
411483.3.peg.526.site.22, 16, 150, 166
411483.3.peg.526.site.23, 5, 148, 153
411483.3.peg.526.site.24, 3, 153, 156
411483.3.peg.526.site.25, 18, 145, 163
411483.3.peg.526.site.26, 3, 154, 157
411483.3.peg.526.site.27, 142, 154, 296
411483.3.peg.526.site.28, 6, 155, 161
411483.3.peg.526.site.29, 3, 153, 156
411483.3.peg.526.site.30, 0, 153, 153
411483.3.peg.526.site.31, 2, 154, 156
411483.3.peg.526.site.32, 1, 154, 155
411483.3.peg.526.site.33, 15, 147, 162
411483.3.peg.526.site.34, 2, 154, 156
411483.3.peg.526.site.35, 5, 155, 160
411483.3.peg.526.site.36, 0, 155, 155
411483.3.peg.526.site.37, 44, 147, 191
411483.3.peg.526.site.38, 0, 152, 152
411483.3.peg.526.site.39, 1, 151, 152
411483.3.peg.526.site.40, 5, 146, 151
411483.3.peg.526.site.41, 2, 154, 156
411483.3.peg.526.site.42, 0, 151, 151
411483.3.peg.526.site.43, 141, 148, 289
411483.3.peg.526.site.44, 0, 149, 149
411483.3.peg.526.site.45, 5, 145, 150
411483.3.peg.526.site.46, 5, 151, 156
411483.3.peg.526.site.47, 4, 150, 154
411483.3.peg.526.site.48, 2, 154, 156
411483.3.peg.526.site.49, 6, 151, 157
411483.3.peg.526.site.50, 2, 152, 154
411483.3.peg.526.site.51, 4, 150, 154
411483.3.peg.526.site.52, 1, 153, 154
411483.3.peg.526.site.53, 3, 152, 155
411483.3.peg.526.site.54, 2, 150, 152
411483.3.peg.526.site.55, 45, 134, 179
411483.3.peg.526.site.56, 1, 146, 147
411483.3.peg.526.site.57, 5, 143, 148
411483.3.peg.526.site.58, 10, 141, 151
411483.3.peg.526.site.59, 1, 147, 148
411483.3.peg.526.site.60, 2, 149, 151
411483.3.peg.526.site.61, 0, 154, 154
411483.3.peg.526.site.62, 1, 149, 150
411483.3.peg.526.site.63, 1, 154, 155
411483.3.peg.833.site.1, 7, 154, 161
411483.3.peg.833.site.2, 1, 154, 155
411483.3.peg.833.site.3, 11, 150, 161
411483.3.peg.833.site.4, 2, 153, 155
411483.3.peg.833.site.5, 1, 150, 151
411483.3.peg.833.site.6, 1, 147, 148
411483.3.peg.833.site.7, 3, 150, 153
411483.3.peg.833.site.8, 3, 151, 154
411483.3.peg.833.site.9, 9, 152, 161
411483.3.peg.833.site.10, 26, 144, 170
411483.3.peg.833.site.11, 11, 149, 160
411483.3.peg.833.site.12, 4, 153, 157
411483.3.peg.833.site.13, 0, 152, 152
411483.3.peg.833.site.14, 0, 149, 149
411483.3.peg.833.site.15, 3, 150, 153
411483.3.peg.833.site.16, 107, 144, 251
411483.3.peg.833.site.17, 1, 151, 152
411483.3.peg.833.site.18, 3, 153, 156
411483.3.peg.833.site.19, 0, 151, 151
411483.3.peg.833.site.20, 1, 152, 153
411483.3.peg.833.site.21, 9, 147, 156
411483.3.peg.833.site.22, 2, 146, 148
411483.3.peg.833.site.23, 7, 147, 154
411483.3.peg.833.site.24, 6, 144, 150
411483.3.peg.833.site.25, 18, 143, 161
411483.3.peg.833.site.26, 2, 146, 148
411483.3.peg.833.site.27, 0, 148, 148
411483.3.peg.833.site.28, 1, 150, 151
411483.3.peg.833.site.29, 127, 143, 270
411483.3.peg.833.site.30, 1, 148, 149
411483.3.peg.833.site.31, 90, 144, 234
411483.3.peg.833.site.32, 14, 145, 159
411483.3.peg.833.site.33, 1, 150, 151
411483.3.peg.833.site.34, 5, 149, 154
411483.3.peg.833.site.35, 7, 149, 156
411483.3.peg.833.site.36, 9, 147, 156
411483.3.peg.833.site.37, 4, 151, 155
411483.3.peg.833.site.38, 4, 149, 153
411483.3.peg.833.site.39, 2, 150, 152
411483.3.peg.833.site.40, 4, 148, 152
411483.3.peg.833.site.41, 1, 149, 150
411483.3.peg.833.site.42, 17, 141, 158
411483.3.peg.833.site.43, 6, 149, 155
411483.3.peg.833.site.44, 4, 149, 153
411483.3.peg.833.site.45, 3, 150, 153
411483.3.peg.833.site.46, 4, 150, 154
411483.3.peg.833.site.47, 20, 145, 165
411483.3.peg.833.site.48, 7, 146, 153
411483.3.peg.833.site.49, 138, 147, 285
411483.3.peg.833.site.50, 18, 146, 164
411483.3.peg.833.site.51, 2, 148, 150
411483.3.peg.833.site.52, 7, 145, 152
411483.3.peg.833.site.53, 14, 147, 161
411483.3.peg.833.site.54, 55, 141, 196
411483.3.peg.833.site.55, 63, 142, 205
411483.3.peg.833.site.56, 4, 147, 151
411483.3.peg.833.site.57, 8, 148, 156
411483.3.peg.833.site.58, 0, 149, 149
411483.3.peg.833.site.59, 1, 152, 153
411483.3.peg.833.site.60, 1, 151, 152
411483.3.peg.833.site.61, 0, 151, 151
411483.3.peg.833.site.62, 1, 152, 153
411483.3.peg.524.site.1, 6, 154, 160
411483.3.peg.524.site.2, 2, 154, 156
411483.3.peg.524.site.3, 4, 152, 156
411483.3.peg.524.site.4, 0, 154, 154
411483.3.peg.524.site.5, 105, 152, 257
411483.3.peg.524.site.6, 3, 154, 157
411483.3.peg.524.site.7, 136, 150, 286
411483.3.peg.524.site.8, 1, 155, 156
411483.3.peg.524.site.9, 8, 154, 162
411483.3.peg.524.site.10, 1, 155, 156
411483.3.peg.524.site.11, 7, 155, 162
411483.3.peg.524.site.12, 1, 154, 155
411483.3.peg.524.site.13, 3, 153, 156
411483.3.peg.524.site.14, 2, 153, 155
411483.3.peg.524.site.15, 5, 154, 159
411483.3.peg.524.site.16, 6, 152, 158
411483.3.peg.524.site.17, 1, 154, 155
411483.3.peg.524.site.18, 4, 154, 158
411483.3.peg.524.site.19, 3, 155, 158
411483.3.peg.524.site.20, 2, 154, 156
411483.3.peg.524.site.21, 4, 146, 150
411483.3.peg.524.site.22, 1, 152, 153
411483.3.peg.524.site.23, 120, 142, 262
411483.3.peg.524.site.24, 4, 149, 153
411483.3.peg.524.site.25, 2, 149, 151
411483.3.peg.524.site.26, 5, 149, 154
411483.3.peg.524.site.27, 118, 145, 263
411483.3.peg.524.site.28, 1, 148, 149
411483.3.peg.524.site.29, 2, 150, 152
411483.3.peg.524.site.30, 42, 141, 183
411483.3.peg.524.site.31, 0, 150, 150
411483.3.peg.524.site.32, 151, 155, 306
411483.3.peg.524.site.33, 3, 154, 157
411483.3.peg.742.site.1, 2, 102, 104
411483.3.peg.742.site.2, 20, 113, 133
411483.3.peg.742.site.3, 4, 117, 121
411483.3.peg.742.site.4, 10, 117, 127
411483.3.peg.742.site.5, 1, 127, 128
411483.3.peg.742.site.6, 2, 145, 147
411483.3.peg.742.site.7, 1, 149, 150
411483.3.peg.742.site.8, 4, 148, 152
411483.3.peg.742.site.9, 29, 137, 166
411483.3.peg.742.site.10, 3, 145, 148
411483.3.peg.742.site.11, 1, 145, 146
411483.3.peg.742.site.12, 4, 145, 149
411483.3.peg.742.site.13, 4, 142, 146
411483.3.peg.742.site.14, 8, 136, 144
411483.3.peg.742.site.15, 1, 148, 149
411483.3.peg.742.site.16, 1, 149, 150
411483.3.peg.742.site.17, 8, 149, 157
411483.3.peg.742.site.18, 6, 153, 159
411483.3.peg.742.site.19, 0, 151, 151
411483.3.peg.742.site.20, 3, 152, 155
411483.3.peg.742.site.21, 1, 152, 153
411483.3.peg.742.site.22, 1, 152, 153
411483.3.peg.742.site.23, 6, 150, 156
411483.3.peg.742.site.24, 4, 150, 154
411483.3.peg.742.site.25, 28, 136, 164
411483.3.peg.742.site.26, 14, 141, 155
411483.3.peg.742.site.27, 107, 133, 240
411483.3.peg.742.site.28, 13, 142, 155
411483.3.peg.742.site.29, 38, 140, 178
411483.3.peg.742.site.30, 0, 142, 142
411483.3.peg.742.site.31, 0, 144, 144
411483.3.peg.742.site.32, 50, 137, 187
411483.3.peg.742.site.33, 27, 137, 164
411483.3.peg.742.site.34, 6, 145, 151
411483.3.peg.742.site.35, 8, 148, 156
411483.3.peg.742.site.36, 0, 145, 145
411483.3.peg.742.site.37, 1, 145, 146
411483.3.peg.742.site.38, 84, 135, 219
411483.3.peg.742.site.39, 6, 144, 150
411483.3.peg.742.site.40, 3, 144, 147
411483.3.peg.742.site.41, 0, 144, 144
411483.3.peg.742.site.42, 1, 145, 146
411483.3.peg.742.site.43, 3, 144, 147
411483.3.peg.742.site.44, 1, 145, 146
411483.3.peg.742.site.45, 48, 133, 181
411483.3.peg.742.site.46, 6, 141, 147
411483.3.peg.742.site.47, 71, 140, 211
411483.3.peg.742.site.48, 3, 147, 150
411483.3.peg.742.site.49, 2, 151, 153
411483.3.peg.742.site.50, 12, 145, 157
411483.3.peg.742.site.51, 4, 150, 154
411483.3.peg.742.site.52, 2, 155, 157
411483.3.peg.742.site.53, 4, 153, 157
411483.3.peg.742.site.54, 3, 152, 155
411483.3.peg.742.site.55, 0, 155, 155
411483.3.peg.742.site.56, 5, 151, 156
411483.3.peg.742.site.57, 11, 145, 156
411483.3.peg.742.site.58, 82, 142, 224
411483.3.peg.742.site.59, 46, 138, 184
411483.3.peg.742.site.60, 73, 134, 207
411483.3.peg.742.site.61, 93, 132, 225
411483.3.peg.742.site.62, 0, 142, 142
411483.3.peg.742.site.63, 2, 135, 137
411483.3.peg.742.site.64, 91, 136, 227
411483.3.peg.742.site.65, 1, 151, 152
411483.3.peg.742.site.66, 1, 149, 150
411483.3.peg.742.site.67, 9, 143, 152
411483.3.peg.742.site.68, 4, 151, 155
411483.3.peg.742.site.69, 52, 142, 194
411483.3.peg.742.site.70, 10, 144, 154
411483.3.peg.742.site.71, 14, 147, 161
411483.3.peg.742.site.72, 2, 146, 148
411483.3.peg.742.site.73, 2, 150, 152
411483.3.peg.742.site.74, 6, 148, 154
411483.3.peg.742.site.75, 1, 151, 152
411483.3.peg.742.site.76, 10, 146, 156
411483.3.peg.742.site.77, 4, 153, 157
411483.3.peg.742.site.78, 2, 153, 155
411483.3.peg.742.site.79, 2, 153, 155
411483.3.peg.742.site.80, 1, 154, 155
411483.3.peg.742.site.81, 8, 152, 160
411483.3.peg.742.site.82, 0, 142, 142
411483.3.peg.742.site.83, 0, 134, 134
411483.3.peg.742.site.84, 1, 125, 126
411483.3.peg.742.site.85, 2, 132, 134
411483.3.peg.742.site.86, 1, 133, 134
411483.3.peg.742.site.87, 26, 119, 145
411483.3.peg.742.site.88, 2, 136, 138
411483.3.peg.742.site.89, 1, 141, 142
411483.3.peg.742.site.90, 22, 134, 156
411483.3.peg.742.site.91, 0, 144, 144
411483.3.peg.742.site.92, 2, 150, 152
411483.3.peg.742.site.93, 0, 144, 144
411483.3.peg.742.site.94, 20, 146, 166
411483.3.peg.742.site.95, 4, 148, 152
411483.3.peg.742.site.96, 91, 119, 210
411483.3.peg.742.site.97, 0, 149, 149
411483.3.peg.742.site.98, 0, 149, 149
411483.3.peg.742.site.99, 3, 143, 146
411483.3.peg.742.site.100, 8, 144, 152
411483.3.peg.742.site.101, 5, 146, 151
411483.3.peg.742.site.102, 13, 149, 162
411483.3.peg.742.site.103, 12, 149, 161
411483.3.peg.742.site.104, 1, 152, 153
411483.3.peg.742.site.105, 8, 146, 154
411483.3.peg.742.site.106, 2, 154, 156
411483.3.peg.742.site.107, 1, 153, 154
411483.3.peg.742.site.108, 135, 145, 280
411483.3.peg.742.site.109, 4, 154, 158
411483.3.peg.742.site.110, 0, 154, 154
411483.3.peg.742.site.111, 2, 149, 151
411483.3.peg.742.site.112, 1, 140, 141
411483.3.peg.742.site.113, 8, 106, 114
411483.3.peg.742.site.114, 1, 109, 110
411483.3.peg.742.site.115, 11, 90, 101
411483.3.peg.742.site.116, 2, 96, 98
411483.3.peg.742.site.117, 2, 99, 101
411483.3.peg.742.site.118, 3, 97, 100
411483.3.peg.742.site.119, 46, 83, 129
411483.3.peg.742.site.120, 7, 99, 106
411483.3.peg.742.site.121, 19, 124, 143
411483.3.peg.742.site.122, 3, 137, 140
411483.3.peg.742.site.123, 35, 136, 171
411483.3.peg.742.site.124, 0, 138, 138
411483.3.peg.742.site.125, 2, 135, 137
411483.3.peg.742.site.126, 39, 112, 151
411483.3.peg.742.site.127, 1, 120, 121
411483.3.peg.742.site.128, 3, 116, 119
411483.3.peg.742.site.129, 2, 104, 106
411483.3.peg.742.site.130, 2, 98, 100
411483.3.peg.742.site.131, 6, 82, 88
411483.3.peg.742.site.132, 3, 98, 101
411483.3.peg.742.site.133, 1, 105, 106
411483.3.peg.742.site.134, 3, 97, 100
411483.3.peg.742.site.135, 0, 94, 94
411483.3.peg.742.site.136, 41, 107, 148
411483.3.peg.742.site.137, 1, 108, 109
411483.3.peg.742.site.138, 0, 130, 130
411483.3.peg.742.site.139, 4, 135, 139
411483.3.peg.742.site.140, 9, 134, 143
411483.3.peg.742.site.141, 5, 136, 141
411483.3.peg.742.site.142, 4, 133, 137
411483.3.peg.742.site.143, 9, 128, 137
411483.3.peg.742.site.144, 2, 131, 133
411483.3.peg.742.site.145, 1, 127, 128
411483.3.peg.742.site.146, 0, 126, 126
411483.3.peg.742.site.147, 4, 128, 132
411483.3.peg.742.site.148, 1, 148, 149
411483.3.peg.742.site.149, 65, 134, 199
411483.3.peg.742.site.150, 0, 147, 147
411483.3.peg.742.site.151, 5, 145, 150
411483.3.peg.742.site.152, 10, 142, 152
411483.3.peg.742.site.153, 8, 142, 150
411483.3.peg.742.site.154, 1, 140, 141
411483.3.peg.742.site.155, 8, 127, 135
411483.3.peg.742.site.156, 8, 135, 143
411483.3.peg.742.site.157, 7, 124, 131
411483.3.peg.742.site.158, 8, 123, 131
411483.3.peg.742.site.159, 5, 124, 129
411483.3.peg.742.site.160, 8, 116, 124
411483.3.peg.742.site.161, 5, 142, 147
411483.3.peg.742.site.162, 11, 140, 151
411483.3.peg.742.site.163, 11, 136, 147
411483.3.peg.742.site.164, 9, 137, 146
411483.3.peg.742.site.165, 0, 144, 144
411483.3.peg.742.site.166, 1, 147, 148
411483.3.peg.742.site.167, 2, 144, 146
411483.3.peg.742.site.168, 7, 146, 153
411483.3.peg.742.site.169, 2, 143, 145
411483.3.peg.742.site.170, 4, 142, 146
411483.3.peg.742.site.171, 3, 145, 148
411483.3.peg.742.site.172, 1, 143, 144
411483.3.peg.742.site.173, 1, 103, 104
411483.3.peg.742.site.174, 5, 99, 104
411483.3.peg.742.site.175, 8, 83, 91
411483.3.peg.742.site.176, 4, 80, 84
411483.3.peg.742.site.177, 3, 115, 118
411483.3.peg.742.site.178, 4, 124, 128
411483.3.peg.742.site.179, 42, 106, 148
411483.3.peg.742.site.180, 4, 134, 138
411483.3.peg.742.site.181, 2, 95, 97
411483.3.peg.742.site.182, 2, 114, 116
411483.3.peg.742.site.183, 2, 137, 139
411483.3.peg.742.site.184, 9, 140, 149
411483.3.peg.742.site.185, 1, 149, 150
411483.3.peg.742.site.186, 3, 137, 140
411483.3.peg.742.site.187, 2, 144, 146
411483.3.peg.742.site.188, 10, 140, 150
411483.3.peg.742.site.189, 17, 140, 157
411483.3.peg.742.site.190, 2, 145, 147
411483.3.peg.742.site.191, 2, 139, 141
411483.3.peg.742.site.192, 1, 145, 146
411483.3.peg.742.site.193, 52, 138, 190
411483.3.peg.742.site.194, 9, 141, 150
411483.3.peg.742.site.195, 2, 142, 144
411483.3.peg.742.site.196, 4, 143, 147
411483.3.peg.742.site.197, 1, 141, 142
411483.3.peg.742.site.198, 3, 148, 151
411483.3.peg.742.site.199, 6, 146, 152
411483.3.peg.742.site.200, 22, 137, 159
411483.3.peg.742.site.201, 0, 136, 136
411483.3.peg.742.site.202, 1, 145, 146
411483.3.peg.742.site.203, 5, 145, 150
411483.3.peg.742.site.204, 1, 147, 148
411483.3.peg.742.site.205, 2, 150, 152
411483.3.peg.742.site.206, 11, 149, 160
411483.3.peg.742.site.207, 8, 150, 158
411483.3.peg.742.site.208, 4, 139, 143
411483.3.peg.2018.site.1, 132, 145, 277
411483.3.peg.2018.site.2, 4, 142, 146
411483.3.peg.2018.site.3, 1, 150, 151
411483.3.peg.2018.site.4, 1, 149, 150
411483.3.peg.2018.site.5, 23, 146, 169
411483.3.peg.2018.site.6, 3, 152, 155
411483.3.peg.2018.site.7, 2, 154, 156
411483.3.peg.2018.site.8, 19, 154, 173
411483.3.peg.2018.site.9, 0, 153, 153
411483.3.peg.2018.site.10, 43, 143, 186
411483.3.peg.2018.site.11, 2, 152, 154
411483.3.peg.2018.site.12, 5, 153, 158
411483.3.peg.2018.site.13, 1, 151, 152
411483.3.peg.2018.site.14, 1, 154, 155
411483.3.peg.2018.site.15, 4, 151, 155
411483.3.peg.2018.site.16, 1, 150, 151
411483.3.peg.2018.site.17, 2, 155, 157
411483.3.peg.2018.site.18, 3, 151, 154
411483.3.peg.2018.site.19, 4, 150, 154
411483.3.peg.2018.site.20, 22, 144, 166
411483.3.peg.2018.site.21, 16, 148, 164
411483.3.peg.2018.site.22, 7, 154, 161
411483.3.peg.2018.site.23, 0, 154, 154
411483.3.peg.2018.site.24, 7, 154, 161
411483.3.peg.2018.site.25, 1, 151, 152
411483.3.peg.2018.site.26, 3, 154, 157
411483.3.peg.2018.site.27, 2, 152, 154
411483.3.peg.2018.site.28, 2, 142, 144
411483.3.peg.2018.site.29, 12, 134, 146
411483.3.peg.2018.site.30, 1, 138, 139
411483.3.peg.2018.site.31, 2, 140, 142
411483.3.peg.2018.site.32, 5, 149, 154
411483.3.peg.2018.site.33, 4, 152, 156
411483.3.peg.2018.site.34, 0, 153, 153
411483.3.peg.2018.site.35, 0, 153, 153
411483.3.peg.2018.site.36, 0, 154, 154
411483.3.peg.2018.site.37, 2, 150, 152
411483.3.peg.2018.site.38, 1, 152, 153
411483.3.peg.2018.site.39, 1, 149, 150
411483.3.peg.2018.site.40, 0, 149, 149
411483.3.peg.2018.site.41, 5, 143, 148
411483.3.peg.2018.site.42, 4, 151, 155
411483.3.peg.2018.site.43, 1, 151, 152
411483.3.peg.2018.site.44, 4, 152, 156
411483.3.peg.2018.site.45, 2, 152, 154
411483.3.peg.2018.site.46, 1, 154, 155
411483.3.peg.2018.site.47, 9, 153, 162
411483.3.peg.2018.site.48, 2, 153, 155
411483.3.peg.2018.site.49, 6, 148, 154
411483.3.peg.2018.site.50, 21, 143, 164
411483.3.peg.2018.site.51, 3, 152, 155
411483.3.peg.2018.site.52, 145, 145, 290
411483.3.peg.2018.site.53, 0, 135, 135
411483.3.peg.2018.site.54, 4, 131, 135
411483.3.peg.2018.site.55, 2, 137, 139
411483.3.peg.2018.site.56, 2, 140, 142
411483.3.peg.2018.site.57, 1, 140, 141
411483.3.peg.2018.site.58, 11, 134, 145
411483.3.peg.2018.site.59, 11, 144, 155
411483.3.peg.2018.site.60, 0, 147, 147
411483.3.peg.2018.site.61, 3, 147, 150
411483.3.peg.2018.site.62, 5, 147, 152
411483.3.peg.2018.site.63, 2, 149, 151
411483.3.peg.2018.site.64, 101, 135, 236
411483.3.peg.2018.site.65, 2, 148, 150
411483.3.peg.2018.site.66, 0, 150, 150
411483.3.peg.2018.site.67, 1, 155, 156
411483.3.peg.2019.site.1, 1, 148, 149
411483.3.peg.2019.site.2, 2, 145, 147
411483.3.peg.2019.site.3, 1, 147, 148
411483.3.peg.2019.site.4, 108, 138, 246
411483.3.peg.2019.site.5, 10, 139, 149
411483.3.peg.2019.site.6, 2, 144, 146
411483.3.peg.2019.site.7, 2, 147, 149
411483.3.peg.2019.site.8, 1, 154, 155
411483.3.peg.2019.site.9, 2, 155, 157
411483.3.peg.2019.site.10, 1, 154, 155
411483.3.peg.2019.site.11, 21, 152, 173
411483.3.peg.2019.site.12, 4, 155, 159
411483.3.peg.2019.site.13, 1, 153, 154
411483.3.peg.2019.site.14, 2, 155, 157
411483.3.peg.2019.site.15, 113, 150, 263
411483.3.peg.2019.site.16, 2, 154, 156
411483.3.peg.2014.site.1, 0, 154, 154
411483.3.peg.2014.site.2, 1, 155, 156
411483.3.peg.2014.site.3, 16, 149, 165
411483.3.peg.2014.site.4, 3, 149, 152
411483.3.peg.2014.site.5, 0, 152, 152
411483.3.peg.2014.site.6, 5, 154, 159
411483.3.peg.2014.site.7, 5, 154, 159
411483.3.peg.2014.site.8, 13, 151, 164
411483.3.peg.2014.site.9, 5, 153, 158
411483.3.peg.2014.site.10, 5, 153, 158
411483.3.peg.2014.site.11, 2, 154, 156
411483.3.peg.2014.site.12, 138, 151, 289
411483.3.peg.2014.site.13, 26, 151, 177
411483.3.peg.2014.site.14, 0, 154, 154
411483.3.peg.2014.site.15, 4, 150, 154
411483.3.peg.2014.site.16, 0, 154, 154
411483.3.peg.2014.site.17, 0, 153, 153
411483.3.peg.2014.site.18, 2, 155, 157
411483.3.peg.2014.site.19, 2, 155, 157
411483.3.peg.2014.site.20, 4, 154, 158
411483.3.peg.2014.site.21, 133, 151, 284
411483.3.peg.2014.site.22, 2, 153, 155
411483.3.peg.2014.site.23, 6, 147, 153
411483.3.peg.2014.site.24, 144, 151, 295
411483.3.peg.2014.site.25, 12, 146, 158
411483.3.peg.2014.site.26, 1, 152, 153
411483.3.peg.2014.site.27, 68, 134, 202
411483.3.peg.2014.site.28, 0, 145, 145
411483.3.peg.2014.site.29, 4, 146, 150
411483.3.peg.2014.site.30, 71, 127, 198
411483.3.peg.2014.site.31, 27, 126, 153
411483.3.peg.2014.site.32, 3, 114, 117
411483.3.peg.2014.site.33, 14, 126, 140
411483.3.peg.2014.site.34, 1, 144, 145
411483.3.peg.2014.site.35, 1, 145, 146
411483.3.peg.2014.site.36, 23, 135, 158
411483.3.peg.2014.site.37, 18, 137, 155
411483.3.peg.2014.site.38, 1, 149, 150
411483.3.peg.2014.site.39, 7, 148, 155
411483.3.peg.2014.site.40, 0, 147, 147
411483.3.peg.2014.site.41, 2, 142, 144
411483.3.peg.2014.site.42, 3, 138, 141
411483.3.peg.2014.site.43, 1, 130, 131
411483.3.peg.2014.site.44, 22, 133, 155
411483.3.peg.2014.site.45, 66, 128, 194
411483.3.peg.2014.site.46, 0, 138, 138
411483.3.peg.2014.site.47, 2, 142, 144
411483.3.peg.2014.site.48, 5, 144, 149
411483.3.peg.2014.site.49, 1, 146, 147
411483.3.peg.2014.site.50, 0, 140, 140
411483.3.peg.2014.site.51, 1, 142, 143
411483.3.peg.2014.site.52, 22, 129, 151
411483.3.peg.2014.site.53, 6, 149, 155
411483.3.peg.2014.site.54, 2, 151, 153
411483.3.peg.2014.site.55, 1, 152, 153
411483.3.peg.2014.site.56, 18, 140, 158
411483.3.peg.2014.site.57, 28, 139, 167
411483.3.peg.2014.site.58, 13, 144, 157
411483.3.peg.2014.site.59, 4, 143, 147
411483.3.peg.2014.site.60, 2, 147, 149
411483.3.peg.2014.site.61, 8, 139, 147
411483.3.peg.2014.site.62, 5, 147, 152
411483.3.peg.2014.site.63, 3, 140, 143
411483.3.peg.2014.site.64, 0, 130, 130
411483.3.peg.2014.site.65, 103, 132, 235
411483.3.peg.2014.site.66, 125, 140, 265
411483.3.peg.2014.site.67, 1, 141, 142
411483.3.peg.2014.site.68, 5, 146, 151
411483.3.peg.2014.site.69, 1, 143, 144
411483.3.peg.2014.site.70, 10, 146, 156
411483.3.peg.2014.site.71, 1, 146, 147
411483.3.peg.2014.site.72, 2, 143, 145
411483.3.peg.2014.site.73, 6, 132, 138
411483.3.peg.2014.site.74, 0, 125, 125
411483.3.peg.2014.site.75, 11, 125, 136
411483.3.peg.2014.site.76, 10, 128, 138
411483.3.peg.2014.site.77, 1, 148, 149
411483.3.peg.2014.site.78, 4, 142, 146
411483.3.peg.2014.site.79, 1, 145, 146
411483.3.peg.2014.site.80, 1, 152, 153
411483.3.peg.2014.site.81, 2, 151, 153
411483.3.peg.2014.site.82, 2, 153, 155
411483.3.peg.2014.site.83, 1, 152, 153
411483.3.peg.2014.site.84, 2, 152, 154
411483.3.peg.2014.site.85, 5, 152, 157
411483.3.peg.2014.site.86, 5, 148, 153
411483.3.peg.2014.site.87, 2, 151, 153
411483.3.peg.2014.site.88, 30, 145, 175
411483.3.peg.2014.site.89, 4, 147, 151
411483.3.peg.2014.site.90, 2, 151, 153
411483.3.peg.2014.site.91, 3, 148, 151
411483.3.peg.2014.site.92, 1, 150, 151
411483.3.peg.2014.site.93, 51, 135, 186
411483.3.peg.2014.site.94, 0, 147, 147
411483.3.peg.2014.site.95, 20, 145, 165
411483.3.peg.2014.site.96, 50, 147, 197
411483.3.peg.2014.site.97, 4, 153, 157
411483.3.peg.2014.site.98, 2, 152, 154
411483.3.peg.2014.site.99, 51, 139, 190
411483.3.peg.2014.site.100, 2, 153, 155
411483.3.peg.2014.site.101, 1, 154, 155
411483.3.peg.2014.site.102, 5, 154, 159
411483.3.peg.2014.site.103, 1, 154, 155
411483.3.peg.2014.site.104, 1, 154, 155
411483.3.peg.2014.site.105, 3, 152, 155
411483.3.peg.2014.site.106, 7, 153, 160
411483.3.peg.2014.site.107, 8, 154, 162
411483.3.peg.2014.site.108, 6, 151, 157
411483.3.peg.2014.site.109, 7, 155, 162
411483.3.peg.2014.site.110, 4, 154, 158
411483.3.peg.2014.site.111, 4, 154, 158
411483.3.peg.2014.site.112, 0, 151, 151
411483.3.peg.2014.site.113, 2, 154, 156
411483.3.peg.2014.site.114, 2, 151, 153
411483.3.peg.2014.site.115, 58, 144, 202
411483.3.peg.2014.site.116, 1, 153, 154
411483.3.peg.2014.site.117, 3, 151, 154
411483.3.peg.2014.site.118, 2, 148, 150
411483.3.peg.2014.site.119, 4, 149, 153
411483.3.peg.2014.site.120, 17, 145, 162
411483.3.peg.2014.site.121, 14, 139, 153
411483.3.peg.2014.site.122, 1, 145, 146
411483.3.peg.2014.site.123, 17, 143, 160
411483.3.peg.2014.site.124, 3, 149, 152
411483.3.peg.2014.site.125, 2, 149, 151
411483.3.peg.2014.site.126, 31, 142, 173
411483.3.peg.2014.site.127, 0, 146, 146
411483.3.peg.2014.site.128, 130, 143, 273
411483.3.peg.2014.site.129, 41, 135, 176
411483.3.peg.2014.site.130, 120, 140, 260
411483.3.peg.2014.site.131, 25, 130, 155
411483.3.peg.2014.site.132, 7, 139, 146
411483.3.peg.2014.site.133, 2, 139, 141
411483.3.peg.2014.site.134, 3, 143, 146
411483.3.peg.2014.site.135, 8, 148, 156
411483.3.peg.2014.site.136, 2, 147, 149
411483.3.peg.2014.site.137, 23, 138, 161
411483.3.peg.2014.site.138, 6, 144, 150
411483.3.peg.2014.site.139, 6, 140, 146
411483.3.peg.2014.site.140, 68, 138, 206
411483.3.peg.2014.site.141, 132, 139, 271
411483.3.peg.2014.site.142, 3, 147, 150
411483.3.peg.2014.site.143, 7, 142, 149
411483.3.peg.2014.site.144, 0, 142, 142
411483.3.peg.2014.site.145, 0, 139, 139
411483.3.peg.2014.site.146, 6, 139, 145
411483.3.peg.2014.site.147, 25, 134, 159
411483.3.peg.2014.site.148, 0, 148, 148
411483.3.peg.2014.site.149, 12, 148, 160
411483.3.peg.2014.site.150, 7, 149, 156
411483.3.peg.2014.site.151, 13, 149, 162
411483.3.peg.2014.site.152, 2, 151, 153
411483.3.peg.2014.site.153, 7, 147, 154
411483.3.peg.2014.site.154, 1, 145, 146
411483.3.peg.2014.site.155, 6, 142, 148
411483.3.peg.2014.site.156, 5, 143, 148
411483.3.peg.2014.site.157, 4, 139, 143
411483.3.peg.2014.site.158, 50, 133, 183
411483.3.peg.2014.site.159, 0, 138, 138
411483.3.peg.2014.site.160, 29, 135, 164
411483.3.peg.2014.site.161, 3, 139, 142
411483.3.peg.2014.site.162, 1, 146, 147
411483.3.peg.2014.site.163, 3, 143, 146
411483.3.peg.2014.site.164, 1, 145, 146
411483.3.peg.2014.site.165, 110, 122, 232
411483.3.peg.2014.site.166, 12, 119, 131
411483.3.peg.2014.site.167, 91, 104, 195
411483.3.peg.2014.site.168, 37, 103, 140
411483.3.peg.2014.site.169, 1, 97, 98
411483.3.peg.2014.site.170, 87, 95, 182
411483.3.peg.2014.site.171, 33, 106, 139
411483.3.peg.2014.site.172, 4, 131, 135
411483.3.peg.2014.site.173, 29, 134, 163
411483.3.peg.2014.site.174, 126, 137, 263
411483.3.peg.2014.site.175, 2, 148, 150
411483.3.peg.2014.site.176, 1, 141, 142
411483.3.peg.2014.site.177, 2, 147, 149
411483.3.peg.2014.site.178, 2, 139, 141
411483.3.peg.2014.site.179, 1, 148, 149
411483.3.peg.2014.site.180, 1, 148, 149
411483.3.peg.2014.site.181, 10, 150, 160
411483.3.peg.2014.site.182, 12, 145, 157
411483.3.peg.2014.site.183, 14, 148, 162
411483.3.peg.2014.site.184, 6, 153, 159
411483.3.peg.2014.site.185, 2, 149, 151
411483.3.peg.2014.site.186, 1, 148, 149
411483.3.peg.2014.site.187, 2, 144, 146
411483.3.peg.2014.site.188, 83, 136, 219
411483.3.peg.2014.site.189, 16, 149, 165
411483.3.peg.2014.site.190, 2, 152, 154
411483.3.peg.2014.site.191, 0, 151, 151
411483.3.peg.2014.site.192, 1, 151, 152
411483.3.peg.2015.site.1, 2, 127, 129
411483.3.peg.2015.site.2, 1, 121, 122
411483.3.peg.2015.site.3, 43, 118, 161
411483.3.peg.2015.site.4, 36, 128, 164
411483.3.peg.2015.site.5, 1, 132, 133
411483.3.peg.2015.site.6, 78, 123, 201
411483.3.peg.2015.site.7, 2, 140, 142
411483.3.peg.2015.site.8, 10, 146, 156
411483.3.peg.2015.site.9, 6, 145, 151
411483.3.peg.2015.site.10, 8, 145, 153
411483.3.peg.2015.site.11, 2, 141, 143
411483.3.peg.2015.site.12, 2, 133, 135
411483.3.peg.2015.site.13, 6, 131, 137
411483.3.peg.2015.site.14, 1, 128, 129
411483.3.peg.2015.site.15, 68, 107, 175
411483.3.peg.2015.site.16, 64, 110, 174
411483.3.peg.2015.site.17, 2, 128, 130
411483.3.peg.2015.site.18, 1, 137, 138
411483.3.peg.2015.site.19, 0, 133, 133
411483.3.peg.2015.site.20, 28, 128, 156
411483.3.peg.2015.site.21, 40, 129, 169
411483.3.peg.2015.site.22, 27, 125, 152
411483.3.peg.2015.site.23, 0, 125, 125
411483.3.peg.2015.site.24, 14, 123, 137
411483.3.peg.2015.site.25, 1, 122, 123
411483.3.peg.2015.site.26, 77, 115, 192
411483.3.peg.2015.site.27, 6, 122, 128
411483.3.peg.2015.site.28, 2, 112, 114
411483.3.peg.2015.site.29, 2, 128, 130
411483.3.peg.2015.site.30, 1, 120, 121
411483.3.peg.2015.site.31, 110, 116, 226
411483.3.peg.2015.site.32, 1, 121, 122
411483.3.peg.2015.site.33, 4, 119, 123
411483.3.peg.2015.site.34, 4, 126, 130
411483.3.peg.2015.site.35, 1, 122, 123
411483.3.peg.2015.site.36, 4, 115, 119
411483.3.peg.2015.site.37, 26, 119, 145
411483.3.peg.2015.site.38, 15, 120, 135
411483.3.peg.2015.site.39, 59, 121, 180
411483.3.peg.2015.site.40, 2, 127, 129
411483.3.peg.2015.site.41, 2, 119, 121
411483.3.peg.2015.site.42, 6, 123, 129
411483.3.peg.2015.site.43, 8, 113, 121
411483.3.peg.2015.site.44, 0, 122, 122
411483.3.peg.2015.site.45, 0, 119, 119
411483.3.peg.2015.site.46, 1, 108, 109
411483.3.peg.2015.site.47, 10, 94, 104
411483.3.peg.2015.site.48, 0, 103, 103
411483.3.peg.2015.site.49, 10, 106, 116
411483.3.peg.2015.site.50, 49, 105, 154
411483.3.peg.2015.site.51, 17, 115, 132
411483.3.peg.2015.site.52, 5, 131, 136
411483.3.peg.2015.site.53, 1, 125, 126
411483.3.peg.2015.site.54, 50, 118, 168
411483.3.peg.2015.site.55, 0, 146, 146
411483.3.peg.2015.site.56, 4, 154, 158
411483.3.peg.2540.site.1, 3, 148, 151
411483.3.peg.2540.site.2, 0, 148, 148
411483.3.peg.2540.site.3, 5, 151, 156
411483.3.peg.2540.site.4, 9, 149, 158
411483.3.peg.2540.site.5, 2, 152, 154
411483.3.peg.2540.site.6, 10, 150, 160
411483.3.peg.2540.site.7, 0, 155, 155
411483.3.peg.2540.site.8, 6, 151, 157
411483.3.peg.2540.site.9, 89, 138, 227
411483.3.peg.2540.site.10, 130, 147, 277
411483.3.peg.2540.site.11, 40, 140, 180
411483.3.peg.2540.site.12, 11, 148, 159
411483.3.peg.2540.site.13, 4, 147, 151
411483.3.peg.2540.site.14, 7, 140, 147
411483.3.peg.2540.site.15, 0, 143, 143
411483.3.peg.2540.site.16, 0, 137, 137
411483.3.peg.2540.site.17, 0, 125, 125
411483.3.peg.2540.site.18, 35, 124, 159
411483.3.peg.2540.site.19, 4, 131, 135
411483.3.peg.2540.site.20, 0, 129, 129
411483.3.peg.2540.site.21, 7, 123, 130
411483.3.peg.2540.site.22, 34, 138, 172
411483.3.peg.2540.site.23, 1, 147, 148
411483.3.peg.2540.site.24, 0, 149, 149
411483.3.peg.2540.site.25, 0, 144, 144
411483.3.peg.2540.site.26, 11, 151, 162
411483.3.peg.2540.site.27, 127, 145, 272
411483.3.peg.2540.site.28, 4, 152, 156
411483.3.peg.2540.site.29, 30, 148, 178
411483.3.peg.2540.site.30, 127, 144, 271
411483.3.peg.2540.site.31, 125, 142, 267
411483.3.peg.2540.site.32, 22, 146, 168
411483.3.peg.2540.site.33, 6, 154, 160
411483.3.peg.2540.site.34, 0, 149, 149
411483.3.peg.2540.site.35, 30, 139, 169
411483.3.peg.2540.site.36, 4, 148, 152
411483.3.peg.2540.site.37, 76, 135, 211
411483.3.peg.2540.site.38, 1, 155, 156
411483.3.peg.2540.site.39, 2, 154, 156
411483.3.peg.2540.site.40, 5, 152, 157
411483.3.peg.2540.site.41, 2, 150, 152
411483.3.peg.2540.site.42, 55, 142, 197
411483.3.peg.2540.site.43, 0, 152, 152
411483.3.peg.2017.site.1, 2, 155, 157
411483.3.peg.2017.site.2, 6, 147, 153
411483.3.peg.2017.site.3, 3, 153, 156
411483.3.peg.2017.site.4, 83, 136, 219
411483.3.peg.2017.site.5, 1, 143, 144
411483.3.peg.2017.site.6, 1, 143, 144
411483.3.peg.2017.site.7, 1, 142, 143
411483.3.peg.2017.site.8, 17, 134, 151
411483.3.peg.2017.site.9, 1, 137, 138
411483.3.peg.2017.site.10, 13, 135, 148
411483.3.peg.2017.site.11, 89, 121, 210
411483.3.peg.2017.site.12, 2, 126, 128
411483.3.peg.2017.site.13, 4, 122, 126
411483.3.peg.2017.site.14, 8, 131, 139
411483.3.peg.2017.site.15, 7, 131, 138
411483.3.peg.2017.site.16, 4, 131, 135
411483.3.peg.2017.site.17, 2, 134, 136
411483.3.peg.2017.site.18, 1, 130, 131
411483.3.peg.2017.site.19, 2, 116, 118
411483.3.peg.2017.site.20, 8, 100, 108
411483.3.peg.2017.site.21, 1, 94, 95
411483.3.peg.2017.site.22, 2, 56, 58
411483.3.peg.2017.site.23, 55, 56, 111
411483.3.peg.2017.site.24, 96, 96, 192
411483.3.peg.2017.site.25, 2, 98, 100
411483.3.peg.2017.site.26, 1, 112, 113
411483.3.peg.2017.site.27, 0, 120, 120
411483.3.peg.2017.site.28, 3, 130, 133
411483.3.peg.2017.site.29, 1, 132, 133
411483.3.peg.2017.site.30, 1, 126, 127
411483.3.peg.2017.site.31, 3, 133, 136
411483.3.peg.2017.site.32, 12, 128, 140
411483.3.peg.2017.site.33, 30, 125, 155
411483.3.peg.2017.site.34, 1, 134, 135
411483.3.peg.2017.site.35, 8, 130, 138
411483.3.peg.2017.site.36, 1, 103, 104
411483.3.peg.2017.site.37, 1, 107, 108
411483.3.peg.2017.site.38, 3, 114, 117
411483.3.peg.2017.site.39, 96, 131, 227
411483.3.peg.2017.site.40, 1, 137, 138
411483.3.peg.2017.site.41, 3, 143, 146
411483.3.peg.2017.site.42, 2, 148, 150
411483.3.peg.2017.site.43, 10, 146, 156
411483.3.peg.2017.site.44, 1, 152, 153
411483.3.peg.2017.site.45, 2, 152, 154
411483.3.peg.2017.site.46, 17, 152, 169
411483.3.peg.2017.site.47, 11, 147, 158
411483.3.peg.2017.site.48, 0, 154, 154
411483.3.peg.2017.site.49, 103, 145, 248
411483.3.peg.2017.site.50, 1, 154, 155
411483.3.peg.2017.site.51, 84, 150, 234
411483.3.peg.2017.site.52, 3, 155, 158
411483.3.peg.2017.site.53, 2, 155, 157
411483.3.peg.2017.site.54, 2, 152, 154
411483.3.peg.2017.site.55, 1, 155, 156
411483.3.peg.2017.site.56, 6, 152, 158
411483.3.peg.2017.site.57, 5, 153, 158
411483.3.peg.2017.site.58, 2, 153, 155
411483.3.peg.2017.site.59, 25, 150, 175
411483.3.peg.2017.site.60, 8, 151, 159
411483.3.peg.2017.site.61, 1, 150, 151
411483.3.peg.2017.site.62, 1, 150, 151
411483.3.peg.2017.site.63, 5, 148, 153
411483.3.peg.2017.site.64, 4, 150, 154
411483.3.peg.2017.site.65, 18, 147, 165
411483.3.peg.2017.site.66, 2, 150, 152
411483.3.peg.2017.site.67, 2, 151, 153
411483.3.peg.2017.site.68, 2, 154, 156
411483.3.peg.2017.site.69, 2, 151, 153
411483.3.peg.2017.site.70, 2, 152, 154
411483.3.peg.2017.site.71, 12, 142, 154
411483.3.peg.2017.site.72, 101, 139, 240
411483.3.peg.2017.site.73, 0, 149, 149
411483.3.peg.2017.site.74, 1, 151, 152
411483.3.peg.2017.site.75, 2, 151, 153
411483.3.peg.2017.site.76, 0, 150, 150
411483.3.peg.2017.site.77, 3, 150, 153
411483.3.peg.2017.site.78, 0, 149, 149
411483.3.peg.2017.site.79, 50, 133, 183
411483.3.peg.2017.site.80, 32, 132, 164
411483.3.peg.2017.site.81, 9, 140, 149
411483.3.peg.2017.site.82, 82, 121, 203
411483.3.peg.2017.site.83, 3, 135, 138
411483.3.peg.2017.site.84, 4, 131, 135
411483.3.peg.2010.site.1, 1, 155, 156
411483.3.peg.2010.site.2, 1, 154, 155
411483.3.peg.2010.site.3, 0, 153, 153
411483.3.peg.2010.site.4, 1, 155, 156
411483.3.peg.2010.site.5, 104, 147, 251
411483.3.peg.2010.site.6, 150, 153, 303
411483.3.peg.2010.site.7, 1, 154, 155
411483.3.peg.2010.site.8, 0, 153, 153
411483.3.peg.2010.site.9, 1, 152, 153
411483.3.peg.2010.site.10, 2, 155, 157
411483.3.peg.2010.site.11, 3, 153, 156
411483.3.peg.2010.site.12, 0, 153, 153
411483.3.peg.2010.site.13, 1, 153, 154
411483.3.peg.2010.site.14, 1, 154, 155
411483.3.peg.2010.site.15, 23, 146, 169
411483.3.peg.2010.site.16, 10, 146, 156
411483.3.peg.2010.site.17, 15, 144, 159
411483.3.peg.2010.site.18, 2, 150, 152
411483.3.peg.2010.site.19, 15, 148, 163
411483.3.peg.2010.site.20, 1, 151, 152
411483.3.peg.2010.site.21, 3, 152, 155
411483.3.peg.2010.site.22, 2, 154, 156
411483.3.peg.2010.site.23, 7, 154, 161
411483.3.peg.2010.site.24, 0, 150, 150
411483.3.peg.2010.site.25, 1, 153, 154
411483.3.peg.2010.site.26, 4, 153, 157
411483.3.peg.2011.site.1, 8, 150, 158
411483.3.peg.2011.site.2, 2, 154, 156
411483.3.peg.2011.site.3, 0, 155, 155
411483.3.peg.2011.site.4, 2, 154, 156
411483.3.peg.2011.site.5, 32, 144, 176
411483.3.peg.2011.site.6, 1, 151, 152
411483.3.peg.2011.site.7, 0, 147, 147
411483.3.peg.2011.site.8, 0, 151, 151
411483.3.peg.2011.site.9, 3, 147, 150
411483.3.peg.2011.site.10, 3, 142, 145
411483.3.peg.2011.site.11, 12, 140, 152
411483.3.peg.2011.site.12, 4, 147, 151
411483.3.peg.2011.site.13, 5, 140, 145
411483.3.peg.2011.site.14, 9, 133, 142
411483.3.peg.2011.site.15, 17, 129, 146
411483.3.peg.2011.site.16, 3, 116, 119
411483.3.peg.2011.site.17, 3, 124, 127
411483.3.peg.2011.site.18, 3, 131, 134
411483.3.peg.2011.site.19, 35, 126, 161
411483.3.peg.2011.site.20, 1, 145, 146
411483.3.peg.2011.site.21, 1, 144, 145
411483.3.peg.2011.site.22, 5, 144, 149
411483.3.peg.2011.site.23, 1, 149, 150
411483.3.peg.2011.site.24, 37, 140, 177
411483.3.peg.2011.site.25, 8, 151, 159
411483.3.peg.2011.site.26, 127, 147, 274
411483.3.peg.2011.site.27, 45, 141, 186
411483.3.peg.2011.site.28, 2, 153, 155
411483.3.peg.2011.site.29, 10, 153, 163
411483.3.peg.2011.site.30, 2, 155, 157
411483.3.peg.2011.site.31, 5, 155, 160
411483.3.peg.2011.site.32, 14, 147, 161
411483.3.peg.2011.site.33, 20, 149, 169
411483.3.peg.2011.site.34, 0, 153, 153
411483.3.peg.2011.site.35, 7, 149, 156
411483.3.peg.2011.site.36, 0, 150, 150
411483.3.peg.2011.site.37, 4, 152, 156
411483.3.peg.2011.site.38, 20, 146, 166
411483.3.peg.2011.site.39, 3, 149, 152
411483.3.peg.2011.site.40, 86, 135, 221
411483.3.peg.2011.site.41, 97, 131, 228
411483.3.peg.2011.site.42, 133, 137, 270
411483.3.peg.2011.site.43, 1, 130, 131
411483.3.peg.2011.site.44, 1, 137, 138
411483.3.peg.2011.site.45, 5, 140, 145
411483.3.peg.2011.site.46, 3, 142, 145
411483.3.peg.2011.site.47, 9, 143, 152
411483.3.peg.2011.site.48, 6, 139, 145
411483.3.peg.2011.site.49, 0, 141, 141
411483.3.peg.2011.site.50, 0, 143, 143
411483.3.peg.2011.site.51, 2, 147, 149
411483.3.peg.2011.site.52, 1, 144, 145
411483.3.peg.2011.site.53, 4, 146, 150
411483.3.peg.2011.site.54, 1, 144, 145
411483.3.peg.2011.site.55, 5, 148, 153
411483.3.peg.2011.site.56, 0, 145, 145
411483.3.peg.2011.site.57, 0, 146, 146
411483.3.peg.2011.site.58, 25, 141, 166
411483.3.peg.2011.site.59, 4, 153, 157
411483.3.peg.2011.site.60, 77, 144, 221
411483.3.peg.2011.site.61, 0, 152, 152
411483.3.peg.2011.site.62, 131, 147, 278
411483.3.peg.2011.site.63, 11, 152, 163
411483.3.peg.2011.site.64, 2, 153, 155
411483.3.peg.2011.site.65, 2, 153, 155
411483.3.peg.2011.site.66, 1, 153, 154
411483.3.peg.2011.site.67, 2, 154, 156
411483.3.peg.2011.site.68, 97, 149, 246
411483.3.peg.2011.site.69, 1, 154, 155
411483.3.peg.2011.site.70, 12, 147, 159
411483.3.peg.2011.site.71, 2, 150, 152
411483.3.peg.2012.site.1, 20, 137, 157
411483.3.peg.2012.site.2, 7, 149, 156
411483.3.peg.2012.site.3, 4, 151, 155
411483.3.peg.2012.site.4, 136, 149, 285
411483.3.peg.2012.site.5, 10, 151, 161
411483.3.peg.2012.site.6, 1, 154, 155
411483.3.peg.2012.site.7, 1, 150, 151
411483.3.peg.2012.site.8, 1, 143, 144
411483.3.peg.2012.site.9, 8, 136, 144
411483.3.peg.2012.site.10, 142, 142, 284
411483.3.peg.2012.site.11, 3, 133, 136
411483.3.peg.2012.site.12, 7, 130, 137
411483.3.peg.2012.site.13, 113, 128, 241
411483.3.peg.2012.site.14, 33, 115, 148
411483.3.peg.2012.site.15, 97, 122, 219
411483.3.peg.2012.site.16, 19, 119, 138
411483.3.peg.2012.site.17, 75, 119, 194
411483.3.peg.2012.site.18, 36, 124, 160
411483.3.peg.2012.site.19, 6, 136, 142
411483.3.peg.2012.site.20, 4, 136, 140
411483.3.peg.2012.site.21, 2, 142, 144
411483.3.peg.2012.site.22, 6, 142, 148
411483.3.peg.2012.site.23, 27, 142, 169
411483.3.peg.2012.site.24, 9, 147, 156
411483.3.peg.2012.site.25, 3, 147, 150
411483.3.peg.2012.site.26, 9, 146, 155
411483.3.peg.2012.site.27, 5, 149, 154
411483.3.peg.2012.site.28, 5, 148, 153
411483.3.peg.2012.site.29, 98, 136, 234
411483.3.peg.2012.site.30, 1, 149, 150
411483.3.peg.2012.site.31, 4, 146, 150
411483.3.peg.2012.site.32, 5, 129, 134
411483.3.peg.2012.site.33, 1, 114, 115
411483.3.peg.2013.site.1, 1, 140, 141
411483.3.peg.2013.site.2, 15, 138, 153
411483.3.peg.2013.site.3, 2, 149, 151
411483.3.peg.2013.site.4, 8, 153, 161
411483.3.peg.2013.site.5, 0, 151, 151
411483.3.peg.2013.site.6, 3, 152, 155
411483.3.peg.2013.site.7, 0, 151, 151
411483.3.peg.2013.site.8, 0, 153, 153
411483.3.peg.2013.site.9, 23, 144, 167
411483.3.peg.2013.site.10, 2, 153, 155
411483.3.peg.2013.site.11, 2, 153, 155
411483.3.peg.2013.site.12, 0, 153, 153
411483.3.peg.2013.site.13, 7, 148, 155
411483.3.peg.2013.site.14, 1, 152, 153
411483.3.peg.2013.site.15, 11, 151, 162
411483.3.peg.2013.site.16, 0, 154, 154
411483.3.peg.2013.site.17, 0, 154, 154
411483.3.peg.2013.site.18, 6, 153, 159
411483.3.peg.2013.site.19, 1, 154, 155
411483.3.peg.2013.site.20, 0, 154, 154
411483.3.peg.2013.site.21, 1, 154, 155
411483.3.peg.2013.site.22, 21, 152, 173
411483.3.peg.2013.site.23, 10, 148, 158
411483.3.peg.2013.site.24, 1, 153, 154
411483.3.peg.2013.site.25, 3, 152, 155
411483.3.peg.2013.site.26, 5, 154, 159
411483.3.peg.2013.site.27, 0, 151, 151
411483.3.peg.2013.site.28, 3, 151, 154
411483.3.peg.2013.site.29, 1, 151, 152
411483.3.peg.2013.site.30, 1, 155, 156
411483.3.peg.2013.site.31, 61, 138, 199
411483.3.peg.2013.site.32, 88, 145, 233
411483.3.peg.2013.site.33, 77, 147, 224
411483.3.peg.2013.site.34, 19, 150, 169
411483.3.peg.2013.site.35, 4, 154, 158
411483.3.peg.2013.site.36, 6, 151, 157
411483.3.peg.2013.site.37, 1, 155, 156
411483.3.peg.2013.site.38, 135, 151, 286
411483.3.peg.2013.site.39, 1, 154, 155
411483.3.peg.2013.site.40, 0, 155, 155
411483.3.peg.2013.site.41, 3, 154, 157
411483.3.peg.2013.site.42, 1, 154, 155
411483.3.peg.2013.site.43, 3, 152, 155
411483.3.peg.2013.site.44, 75, 147, 222
411483.3.peg.2013.site.45, 5, 139, 144
411483.3.peg.2013.site.46, 6, 151, 157
411483.3.peg.2013.site.47, 2, 149, 151
411483.3.peg.2013.site.48, 3, 150, 153
411483.3.peg.2013.site.49, 5, 144, 149
411483.3.peg.2013.site.50, 6, 144, 150
411483.3.peg.2013.site.51, 4, 153, 157
411483.3.peg.2013.site.52, 2, 150, 152
411483.3.peg.2013.site.53, 15, 150, 165
411483.3.peg.2013.site.54, 20, 146, 166
411483.3.peg.2013.site.55, 7, 144, 151
411483.3.peg.2013.site.56, 78, 141, 219
411483.3.peg.2013.site.57, 0, 154, 154
411483.3.peg.2013.site.58, 92, 142, 234
411483.3.peg.2013.site.59, 2, 155, 157
411483.3.peg.2013.site.60, 2, 155, 157
411483.3.peg.2013.site.61, 61, 147, 208
411483.3.peg.2013.site.62, 35, 147, 182
411483.3.peg.2013.site.63, 36, 144, 180
411483.3.peg.2013.site.64, 1, 153, 154
411483.3.peg.2013.site.65, 18, 151, 169
411483.3.peg.2013.site.66, 1, 155, 156
411483.3.peg.2013.site.67, 2, 154, 156
411483.3.peg.2013.site.68, 68, 139, 207
411483.3.peg.2013.site.69, 4, 152, 156
411483.3.peg.2013.site.70, 1, 153, 154
411483.3.peg.2013.site.71, 3, 154, 157
411483.3.peg.2013.site.72, 8, 150, 158
411483.3.peg.2013.site.73, 1, 153, 154
411483.3.peg.2013.site.74, 1, 152, 153
411483.3.peg.2013.site.75, 9, 148, 157
411483.3.peg.2013.site.76, 1, 155, 156
411483.3.peg.2013.site.77, 60, 136, 196
411483.3.peg.2013.site.78, 4, 151, 155
411483.3.peg.2013.site.79, 0, 148, 148
411483.3.peg.2013.site.80, 2, 138, 140
411483.3.peg.2013.site.81, 2, 131, 133
411483.3.peg.2013.site.82, 3, 129, 132
411483.3.peg.2013.site.83, 21, 121, 142
411483.3.peg.2013.site.84, 0, 111, 111
411483.3.peg.2013.site.85, 4, 124, 128
411483.3.peg.2013.site.86, 1, 139, 140
411483.3.peg.2013.site.87, 40, 133, 173
411483.3.peg.2013.site.88, 0, 143, 143
411483.3.peg.2013.site.89, 1, 150, 151
411483.3.peg.2013.site.90, 4, 147, 151
411483.3.peg.2013.site.91, 3, 153, 156
411483.3.peg.2013.site.92, 7, 153, 160
411483.3.peg.2013.site.93, 1, 149, 150
411483.3.peg.2013.site.94, 4, 144, 148
411483.3.peg.2013.site.95, 1, 141, 142
411483.3.peg.2013.site.96, 29, 106, 135
411483.3.peg.2347.site.1, 0, 154, 154
411483.3.peg.2347.site.2, 4, 154, 158
411483.3.peg.2347.site.3, 6, 149, 155
411483.3.peg.2347.site.4, 3, 155, 158
411483.3.peg.2347.site.5, 3, 154, 157
411483.3.peg.2347.site.6, 1, 125, 126
411483.3.peg.2347.site.7, 2, 131, 133
411483.3.peg.2347.site.8, 23, 92, 115
411483.3.peg.2347.site.9, 108, 108, 216
411483.3.peg.2347.site.10, 1, 109, 110
411483.3.peg.2347.site.11, 1, 111, 112
411483.3.peg.2347.site.12, 10, 92, 102
411483.3.peg.2347.site.13, 8, 97, 105
411483.3.peg.2347.site.14, 95, 97, 192
411483.3.peg.2347.site.15, 24, 97, 121
411483.3.peg.2347.site.16, 16, 79, 95
411483.3.peg.2347.site.17, 4, 77, 81
411483.3.peg.2347.site.18, 44, 75, 119
411483.3.peg.2347.site.19, 73, 123, 196
411483.3.peg.2347.site.20, 11, 146, 157
411483.3.peg.2347.site.21, 9, 151, 160
411483.3.peg.2347.site.22, 13, 151, 164
411483.3.peg.2347.site.23, 59, 141, 200
411483.3.peg.2347.site.24, 4, 149, 153
411483.3.peg.2347.site.25, 0, 149, 149
411483.3.peg.2347.site.26, 2, 145, 147
411483.3.peg.2347.site.27, 0, 150, 150
411483.3.peg.2347.site.28, 0, 153, 153
411483.3.peg.2347.site.29, 0, 149, 149
411483.3.peg.2347.site.30, 0, 149, 149
411483.3.peg.2347.site.31, 4, 149, 153
411483.3.peg.2347.site.32, 1, 146, 147
411483.3.peg.2347.site.33, 8, 139, 147
411483.3.peg.2347.site.34, 3, 118, 121
411483.3.peg.2347.site.35, 6, 116, 122
411483.3.peg.2347.site.36, 3, 112, 115
411483.3.peg.2347.site.37, 1, 108, 109
411483.3.peg.2347.site.38, 21, 95, 116
411483.3.peg.2347.site.39, 20, 101, 121
411483.3.peg.2347.site.40, 23, 112, 135
411483.3.peg.2347.site.41, 2, 129, 131
411483.3.peg.2347.site.42, 49, 122, 171
411483.3.peg.2347.site.43, 48, 120, 168
411483.3.peg.2347.site.44, 1, 133, 134
411483.3.peg.2347.site.45, 54, 127, 181
411483.3.peg.2347.site.46, 0, 135, 135
411483.3.peg.2762.site.1, 2, 154, 156
411483.3.peg.2762.site.2, 1, 151, 152
411483.3.peg.2762.site.3, 22, 143, 165
411483.3.peg.2762.site.4, 93, 142, 235
411483.3.peg.2762.site.5, 1, 142, 143
411483.3.peg.2762.site.6, 9, 141, 150
411483.3.peg.2762.site.7, 74, 135, 209
411483.3.peg.2762.site.8, 1, 142, 143
411483.3.peg.2762.site.9, 7, 139, 146
411483.3.peg.2762.site.10, 11, 139, 150
411483.3.peg.2762.site.11, 7, 140, 147
411483.3.peg.2762.site.12, 21, 131, 152
411483.3.peg.2762.site.13, 2, 134, 136
411483.3.peg.2762.site.14, 1, 140, 141
411483.3.peg.2762.site.15, 1, 139, 140
411483.3.peg.2762.site.16, 3, 138, 141
411483.3.peg.2762.site.17, 1, 141, 142
411483.3.peg.2762.site.18, 15, 140, 155
411483.3.peg.2762.site.19, 5, 144, 149
411483.3.peg.2762.site.20, 51, 133, 184
411483.3.peg.2762.site.21, 3, 144, 147
411483.3.peg.2762.site.22, 2, 142, 144
411483.3.peg.2762.site.23, 2, 140, 142
411483.3.peg.2762.site.24, 4, 149, 153
411483.3.peg.2763.site.1, 1, 151, 152
411483.3.peg.2763.site.2, 1, 151, 152
411483.3.peg.2763.site.3, 2, 152, 154
411483.3.peg.2763.site.4, 7, 148, 155
411483.3.peg.2763.site.5, 1, 146, 147
411483.3.peg.2763.site.6, 5, 141, 146
411483.3.peg.2763.site.7, 2, 146, 148
411483.3.peg.2763.site.8, 33, 135, 168
411483.3.peg.2763.site.9, 3, 146, 149
411483.3.peg.2763.site.10, 11, 144, 155
411483.3.peg.2763.site.11, 1, 148, 149
411483.3.peg.2763.site.12, 2, 146, 148
411483.3.peg.2763.site.13, 0, 145, 145
411483.3.peg.2763.site.14, 2, 150, 152
411483.3.peg.2763.site.15, 0, 150, 150
411483.3.peg.2763.site.16, 5, 149, 154
411483.3.peg.2763.site.17, 1, 151, 152
411483.3.peg.2763.site.18, 1, 151, 152
411483.3.peg.2763.site.19, 145, 147, 292
411483.3.peg.2763.site.20, 1, 147, 148
411483.3.peg.2763.site.21, 2, 150, 152
411483.3.peg.2763.site.22, 7, 149, 156
411483.3.peg.2763.site.23, 1, 150, 151
411483.3.peg.2763.site.24, 3, 148, 151
411483.3.peg.2763.site.25, 11, 146, 157
411483.3.peg.2763.site.26, 21, 138, 159
411483.3.peg.2763.site.27, 2, 150, 152
411483.3.peg.2763.site.28, 1, 151, 152
411483.3.peg.2763.site.29, 0, 150, 150
411483.3.peg.2763.site.30, 1, 154, 155
411483.3.peg.2763.site.31, 14, 147, 161
411483.3.peg.2763.site.32, 13, 146, 159
411483.3.peg.2763.site.33, 16, 147, 163
411483.3.peg.2763.site.34, 5, 151, 156
411483.3.peg.2763.site.35, 0, 155, 155
411483.3.peg.2763.site.36, 10, 149, 159
411483.3.peg.2763.site.37, 6, 154, 160
411483.3.peg.2763.site.38, 6, 153, 159
411483.3.peg.2763.site.39, 4, 151, 155
411483.3.peg.2763.site.40, 2, 153, 155
411483.3.peg.2763.site.41, 10, 150, 160
411483.3.peg.2763.site.42, 1, 155, 156
411483.3.peg.2760.site.1, 27, 146, 173
411483.3.peg.2760.site.2, 0, 153, 153
411483.3.peg.2760.site.3, 60, 141, 201
411483.3.peg.2760.site.4, 2, 154, 156
411483.3.peg.2760.site.5, 0, 152, 152
411483.3.peg.2760.site.6, 3, 152, 155
411483.3.peg.2760.site.7, 2, 153, 155
411483.3.peg.2760.site.8, 18, 150, 168
411483.3.peg.2760.site.9, 6, 152, 158
411483.3.peg.2760.site.10, 26, 150, 176
411483.3.peg.2760.site.11, 86, 146, 232
411483.3.peg.2760.site.12, 4, 152, 156
411483.3.peg.2760.site.13, 9, 151, 160
411483.3.peg.2760.site.14, 1, 155, 156
411483.3.peg.2760.site.15, 2, 155, 157
411483.3.peg.2760.site.16, 7, 151, 158
411483.3.peg.2760.site.17, 2, 154, 156
411483.3.peg.2760.site.18, 1, 154, 155
411483.3.peg.2760.site.19, 3, 155, 158
411483.3.peg.2760.site.20, 6, 151, 157
411483.3.peg.2760.site.21, 7, 153, 160
411483.3.peg.2760.site.22, 41, 146, 187
411483.3.peg.2760.site.23, 12, 153, 165
411483.3.peg.2760.site.24, 1, 152, 153
411483.3.peg.2760.site.25, 8, 153, 161
411483.3.peg.2760.site.26, 9, 153, 162
411483.3.peg.2761.site.1, 1, 154, 155
411483.3.peg.2761.site.2, 0, 153, 153
411483.3.peg.2761.site.3, 0, 150, 150
411483.3.peg.2761.site.4, 129, 146, 275
411483.3.peg.2761.site.5, 4, 142, 146
411483.3.peg.2761.site.6, 23, 131, 154
411483.3.peg.2761.site.7, 8, 111, 119
411483.3.peg.2761.site.8, 2, 111, 113
411483.3.peg.2761.site.9, 25, 77, 102
411483.3.peg.2761.site.10, 2, 83, 85
411483.3.peg.2761.site.11, 1, 84, 85
411483.3.peg.2761.site.12, 1, 79, 80
411483.3.peg.2761.site.13, 3, 80, 83
411483.3.peg.2761.site.14, 1, 85, 86
411483.3.peg.2761.site.15, 60, 79, 139
411483.3.peg.2761.site.16, 0, 88, 88
411483.3.peg.2761.site.17, 3, 92, 95
411483.3.peg.2761.site.18, 3, 109, 112
411483.3.peg.2761.site.19, 0, 126, 126
411483.3.peg.2761.site.20, 13, 127, 140
411483.3.peg.2761.site.21, 2, 119, 121
411483.3.peg.2761.site.22, 5, 116, 121
411483.3.peg.2761.site.23, 2, 112, 114
411483.3.peg.2761.site.24, 1, 107, 108
411483.3.peg.2761.site.25, 64, 96, 160
411483.3.peg.2761.site.26, 95, 96, 191
411483.3.peg.2761.site.27, 3, 107, 110
411483.3.peg.2761.site.28, 3, 113, 116
411483.3.peg.2761.site.29, 10, 121, 131
411483.3.peg.2761.site.30, 1, 135, 136
411483.3.peg.2761.site.31, 30, 119, 149
411483.3.peg.2761.site.32, 1, 135, 136
411483.3.peg.2761.site.33, 4, 143, 147
411483.3.peg.2761.site.34, 47, 134, 181
411483.3.peg.2761.site.35, 5, 143, 148
411483.3.peg.2761.site.36, 9, 146, 155
411483.3.peg.2761.site.37, 5, 143, 148
411483.3.peg.2761.site.38, 16, 136, 152
411483.3.peg.2761.site.39, 0, 141, 141
411483.3.peg.2761.site.40, 6, 143, 149
411483.3.peg.2761.site.41, 13, 139, 152
411483.3.peg.2761.site.42, 0, 136, 136
411483.3.peg.2761.site.43, 7, 140, 147
411483.3.peg.2761.site.44, 3, 138, 141
411483.3.peg.2761.site.45, 14, 139, 153
411483.3.peg.2761.site.46, 2, 140, 142
411483.3.peg.2761.site.47, 0, 138, 138
411483.3.peg.2761.site.48, 5, 143, 148
411483.3.peg.2761.site.49, 15, 137, 152
411483.3.peg.2761.site.50, 1, 138, 139
411483.3.peg.2761.site.51, 1, 145, 146
411483.3.peg.2761.site.52, 0, 144, 144
411483.3.peg.2761.site.53, 5, 136, 141
411483.3.peg.2761.site.54, 5, 128, 133
411483.3.peg.2761.site.55, 1, 110, 111
411483.3.peg.2761.site.56, 1, 114, 115
411483.3.peg.2761.site.57, 4, 132, 136
411483.3.peg.2761.site.58, 3, 147, 150
411483.3.peg.2761.site.59, 2, 145, 147
411483.3.peg.2761.site.60, 28, 143, 171
411483.3.peg.2761.site.61, 30, 145, 175
411483.3.peg.2761.site.62, 20, 146, 166
411483.3.peg.2761.site.63, 6, 148, 154
411483.3.peg.2761.site.64, 4, 151, 155
411483.3.peg.2761.site.65, 21, 145, 166
411483.3.peg.2761.site.66, 5, 146, 151
411483.3.peg.2761.site.67, 2, 147, 149
411483.3.peg.2761.site.68, 1, 139, 140
411483.3.peg.2761.site.69, 66, 138, 204
411483.3.peg.2761.site.70, 1, 149, 150
411483.3.peg.2761.site.71, 2, 149, 151
411483.3.peg.2761.site.72, 68, 142, 210
411483.3.peg.2761.site.73, 2, 151, 153
411483.3.peg.2761.site.74, 7, 153, 160
411483.3.peg.2761.site.75, 4, 153, 157
411483.3.peg.2761.site.76, 2, 153, 155
411483.3.peg.2761.site.77, 0, 149, 149
411483.3.peg.2761.site.78, 1, 151, 152
411483.3.peg.2761.site.79, 1, 150, 151
411483.3.peg.2761.site.80, 1, 152, 153
411483.3.peg.2761.site.81, 3, 148, 151
411483.3.peg.2761.site.82, 2, 150, 152
411483.3.peg.2761.site.83, 1, 151, 152
411483.3.peg.2761.site.84, 1, 150, 151
411483.3.peg.2761.site.85, 6, 144, 150
411483.3.peg.2761.site.86, 138, 139, 277
411483.3.peg.2761.site.87, 12, 142, 154
411483.3.peg.2761.site.88, 3, 145, 148
411483.3.peg.2761.site.89, 0, 143, 143
411483.3.peg.2761.site.90, 1, 148, 149
411483.3.peg.2761.site.91, 33, 144, 177
411483.3.peg.2761.site.92, 2, 144, 146
411483.3.peg.2761.site.93, 3, 126, 129
411483.3.peg.2761.site.94, 2, 131, 133
411483.3.peg.2761.site.95, 23, 122, 145
411483.3.peg.2761.site.96, 3, 126, 129
411483.3.peg.2761.site.97, 1, 122, 123
411483.3.peg.2761.site.98, 1, 130, 131
411483.3.peg.2761.site.99, 1, 139, 140
411483.3.peg.2761.site.100, 6, 140, 146
411483.3.peg.2764.site.1, 4, 150, 154
411483.3.peg.2764.site.2, 25, 139, 164
411483.3.peg.2764.site.3, 28, 138, 166
411483.3.peg.2764.site.4, 83, 111, 194
411483.3.peg.2764.site.5, 76, 105, 181
411483.3.peg.2764.site.6, 8, 107, 115
411483.3.peg.2764.site.7, 62, 107, 169
411483.3.peg.2764.site.8, 5, 127, 132
411483.3.peg.2764.site.9, 3, 133, 136
411483.3.peg.2764.site.10, 64, 133, 197
411483.3.peg.2764.site.11, 57, 127, 184
411483.3.peg.2764.site.12, 31, 131, 162
411483.3.peg.2764.site.13, 6, 138, 144
411483.3.peg.2764.site.14, 8, 148, 156
411483.3.peg.2764.site.15, 8, 152, 160
411483.3.peg.2764.site.16, 1, 155, 156
411483.3.peg.2764.site.17, 43, 147, 190
411483.3.peg.2764.site.18, 3, 154, 157
411483.3.peg.2764.site.19, 24, 150, 174
411483.3.peg.2764.site.20, 6, 154, 160
411483.3.peg.2764.site.21, 3, 151, 154
411483.3.peg.2764.site.22, 2, 155, 157
411483.3.peg.2764.site.23, 26, 149, 175
411483.3.peg.2764.site.24, 3, 152, 155
411483.3.peg.2764.site.25, 5, 151, 156
411483.3.peg.2764.site.26, 3, 150, 153
411483.3.peg.2764.site.27, 3, 152, 155
411483.3.peg.2764.site.28, 0, 152, 152
411483.3.peg.2764.site.29, 0, 152, 152
411483.3.peg.2764.site.30, 3, 153, 156
411483.3.peg.2764.site.31, 6, 153, 159
411483.3.peg.2764.site.32, 5, 154, 159
411483.3.peg.2764.site.33, 4, 152, 156
411483.3.peg.2764.site.34, 4, 154, 158
411483.3.peg.2764.site.35, 15, 154, 169
411483.3.peg.2764.site.36, 57, 150, 207
411483.3.peg.2764.site.37, 1, 152, 153
411483.3.peg.2764.site.38, 2, 155, 157
411483.3.peg.2764.site.39, 1, 155, 156
411483.3.peg.2764.site.40, 13, 155, 168
411483.3.peg.2764.site.41, 1, 155, 156
411483.3.peg.2764.site.42, 1, 155, 156
411483.3.peg.2764.site.43, 60, 149, 209
411483.3.peg.2764.site.44, 3, 154, 157
411483.3.peg.2764.site.45, 51, 144, 195
411483.3.peg.2764.site.46, 12, 147, 159
411483.3.peg.2764.site.47, 16, 152, 168
411483.3.peg.2764.site.48, 11, 151, 162
411483.3.peg.2764.site.49, 126, 151, 277
411483.3.peg.2764.site.50, 10, 153, 163
411483.3.peg.2300.site.1, 1, 145, 146
411483.3.peg.2300.site.2, 0, 150, 150
411483.3.peg.2300.site.3, 3, 147, 150
411483.3.peg.2300.site.4, 134, 144, 278
411483.3.peg.2300.site.5, 62, 138, 200
411483.3.peg.2300.site.6, 11, 148, 159
411483.3.peg.2300.site.7, 3, 149, 152
411483.3.peg.2300.site.8, 6, 148, 154
411483.3.peg.2300.site.9, 16, 147, 163
411483.3.peg.2300.site.10, 98, 142, 240
411483.3.peg.2300.site.11, 4, 142, 146
411483.3.peg.2300.site.12, 14, 151, 165
411483.3.peg.2300.site.13, 3, 145, 148
411483.3.peg.2300.site.14, 2, 150, 152
411483.3.peg.2300.site.15, 1, 149, 150
411483.3.peg.2300.site.16, 3, 151, 154
411483.3.peg.2300.site.17, 3, 142, 145
411483.3.peg.2300.site.18, 7, 141, 148
411483.3.peg.2300.site.19, 11, 148, 159
411483.3.peg.2300.site.20, 0, 151, 151
411483.3.peg.2300.site.21, 3, 149, 152
411483.3.peg.2300.site.22, 1, 149, 150
411483.3.peg.2300.site.23, 2, 147, 149
411483.3.peg.2300.site.24, 2, 149, 151
411483.3.peg.2300.site.25, 2, 147, 149
411483.3.peg.2300.site.26, 7, 143, 150
411483.3.peg.2300.site.27, 3, 154, 157
411483.3.peg.2300.site.28, 0, 147, 147
411483.3.peg.2300.site.29, 0, 153, 153
411483.3.peg.2300.site.30, 5, 151, 156
411483.3.peg.2300.site.31, 4, 152, 156
411483.3.peg.2300.site.32, 1, 151, 152
411483.3.peg.2300.site.33, 10, 148, 158
411483.3.peg.2300.site.34, 5, 148, 153
411483.3.peg.2300.site.35, 1, 153, 154
411483.3.peg.2300.site.36, 3, 152, 155
411483.3.peg.2300.site.37, 3, 147, 150
411483.3.peg.2300.site.38, 123, 144, 267
411483.3.peg.2300.site.39, 20, 137, 157
411483.3.peg.2300.site.40, 4, 149, 153
411483.3.peg.2300.site.41, 4, 152, 156
411483.3.peg.2300.site.42, 3, 150, 153
411483.3.peg.2300.site.43, 1, 152, 153
411483.3.peg.2300.site.44, 7, 151, 158
411483.3.peg.2300.site.45, 1, 151, 152
411483.3.peg.2300.site.46, 33, 142, 175
411483.3.peg.2300.site.47, 4, 150, 154
411483.3.peg.2300.site.48, 22, 148, 170
411483.3.peg.2300.site.49, 44, 146, 190
411483.3.peg.2300.site.50, 38, 146, 184
411483.3.peg.2300.site.51, 28, 140, 168
411483.3.peg.2300.site.52, 0, 150, 150
411483.3.peg.2300.site.53, 29, 140, 169
411483.3.peg.2300.site.54, 1, 148, 149
411483.3.peg.2300.site.55, 2, 147, 149
411483.3.peg.2300.site.56, 2, 147, 149
411483.3.peg.2300.site.57, 21, 145, 166
411483.3.peg.2300.site.58, 0, 152, 152
411483.3.peg.2300.site.59, 10, 147, 157
411483.3.peg.2300.site.60, 2, 151, 153
411483.3.peg.2300.site.61, 13, 147, 160
411483.3.peg.2300.site.62, 3, 151, 154
411483.3.peg.2300.site.63, 8, 150, 158
411483.3.peg.2300.site.64, 0, 151, 151
411483.3.peg.2300.site.65, 9, 146, 155
411483.3.peg.2300.site.66, 0, 152, 152
411483.3.peg.2300.site.67, 3, 145, 148
411483.3.peg.2300.site.68, 49, 138, 187
411483.3.peg.2300.site.69, 0, 148, 148
411483.3.peg.2300.site.70, 10, 148, 158
411483.3.peg.2300.site.71, 13, 139, 152
411483.3.peg.2300.site.72, 103, 142, 245
411483.3.peg.2300.site.73, 3, 146, 149
411483.3.peg.2300.site.74, 3, 142, 145
411483.3.peg.2300.site.75, 3, 143, 146
411483.3.peg.2300.site.76, 1, 140, 141
411483.3.peg.2300.site.77, 1, 142, 143
411483.3.peg.2300.site.78, 1, 143, 144
411483.3.peg.2300.site.79, 1, 138, 139
411483.3.peg.2300.site.80, 122, 140, 262
411483.3.peg.2300.site.81, 0, 135, 135
411483.3.peg.2300.site.82, 1, 135, 136
411483.3.peg.2300.site.83, 7, 135, 142
411483.3.peg.2300.site.84, 0, 137, 137
411483.3.peg.2300.site.85, 0, 139, 139
411483.3.peg.2300.site.86, 3, 145, 148
411483.3.peg.2300.site.87, 6, 148, 154
411483.3.peg.2300.site.88, 3, 153, 156
411483.3.peg.2301.site.1, 9, 152, 161
411483.3.peg.2301.site.2, 4, 154, 158
411483.3.peg.2301.site.3, 13, 152, 165
411483.3.peg.2301.site.4, 8, 151, 159
411483.3.peg.2301.site.5, 7, 153, 160
411483.3.peg.2301.site.6, 8, 154, 162
411483.3.peg.2301.site.7, 31, 147, 178
411483.3.peg.2301.site.8, 0, 155, 155
411483.3.peg.2301.site.9, 21, 150, 171
411483.3.peg.2301.site.10, 11, 153, 164
411483.3.peg.2301.site.11, 3, 154, 157
411483.3.peg.2301.site.12, 4, 149, 153
411483.3.peg.2301.site.13, 2, 155, 157
411483.3.peg.2301.site.14, 1, 155, 156
411483.3.peg.2301.site.15, 45, 148, 193
411483.3.peg.2301.site.16, 2, 155, 157
411483.3.peg.2301.site.17, 1, 153, 154
411483.3.peg.2301.site.18, 1, 153, 154
411483.3.peg.2301.site.19, 0, 153, 153
411483.3.peg.2301.site.20, 13, 151, 164
411483.3.peg.2301.site.21, 6, 153, 159
411483.3.peg.2301.site.22, 2, 152, 154
411483.3.peg.2301.site.23, 2, 148, 150
411483.3.peg.2301.site.24, 2, 151, 153
411483.3.peg.2301.site.25, 0, 152, 152
411483.3.peg.2301.site.26, 0, 153, 153
411483.3.peg.2301.site.27, 0, 155, 155
411483.3.peg.2301.site.28, 2, 148, 150
411483.3.peg.2301.site.29, 0, 152, 152
411483.3.peg.2301.site.30, 1, 153, 154
411483.3.peg.2301.site.31, 3, 154, 157
411483.3.peg.2301.site.32, 2, 153, 155
411483.3.peg.2301.site.33, 2, 151, 153
411483.3.peg.2301.site.34, 2, 152, 154
411483.3.peg.2301.site.35, 0, 153, 153
411483.3.peg.2301.site.36, 0, 151, 151
411483.3.peg.2301.site.37, 11, 152, 163
411483.3.peg.2301.site.38, 1, 150, 151
411483.3.peg.2301.site.39, 1, 150, 151
411483.3.peg.2301.site.40, 4, 147, 151
411483.3.peg.2301.site.41, 4, 152, 156
411483.3.peg.2301.site.42, 13, 147, 160
411483.3.peg.2301.site.43, 12, 151, 163
411483.3.peg.2301.site.44, 108, 143, 251
411483.3.peg.2301.site.45, 13, 146, 159
411483.3.peg.2301.site.46, 6, 154, 160
411483.3.peg.2301.site.47, 8, 152, 160
411483.3.peg.2301.site.48, 2, 153, 155
411483.3.peg.2301.site.49, 2, 154, 156
411483.3.peg.2301.site.50, 9, 153, 162
411483.3.peg.2301.site.51, 13, 153, 166
411483.3.peg.2301.site.52, 7, 154, 161
411483.3.peg.2301.site.53, 1, 152, 153
411483.3.peg.2301.site.54, 2, 154, 156
411483.3.peg.2301.site.55, 141, 153, 294
411483.3.peg.2301.site.56, 2, 154, 156
411483.3.peg.2301.site.57, 6, 152, 158
411483.3.peg.2301.site.58, 20, 154, 174
411483.3.peg.2301.site.59, 0, 154, 154
411483.3.peg.2301.site.60, 108, 146, 254
411483.3.peg.2301.site.61, 0, 155, 155
411483.3.peg.2301.site.62, 40, 148, 188
411483.3.peg.2301.site.63, 14, 153, 167
411483.3.peg.2301.site.64, 58, 122, 180
411483.3.peg.2301.site.65, 63, 125, 188
411483.3.peg.2301.site.66, 3, 144, 147
411483.3.peg.2301.site.67, 4, 146, 150
411483.3.peg.2301.site.68, 12, 136, 148
411483.3.peg.2301.site.69, 24, 144, 168
411483.3.peg.2301.site.70, 6, 146, 152
411483.3.peg.2301.site.71, 14, 145, 159
411483.3.peg.2301.site.72, 0, 143, 143
411483.3.peg.2301.site.73, 0, 143, 143
411483.3.peg.2302.site.1, 0, 154, 154
411483.3.peg.2302.site.2, 3, 153, 156
411483.3.peg.2302.site.3, 1, 154, 155
411483.3.peg.2302.site.4, 2, 155, 157
411483.3.peg.2302.site.5, 2, 154, 156
411483.3.peg.2302.site.6, 4, 153, 157
411483.3.peg.2302.site.7, 4, 150, 154
411483.3.peg.2302.site.8, 2, 154, 156
411483.3.peg.2302.site.9, 11, 147, 158
411483.3.peg.2302.site.10, 54, 144, 198
411483.3.peg.2302.site.11, 1, 154, 155
411483.3.peg.2302.site.12, 0, 153, 153
411483.3.peg.2302.site.13, 0, 152, 152
411483.3.peg.2302.site.14, 3, 155, 158
411483.3.peg.2302.site.15, 15, 148, 163
411483.3.peg.2302.site.16, 7, 154, 161
411483.3.peg.2302.site.17, 2, 155, 157
411483.3.peg.2302.site.18, 1, 154, 155
411483.3.peg.2302.site.19, 1, 155, 156
411483.3.peg.2302.site.20, 2, 154, 156
411483.3.peg.2302.site.21, 0, 153, 153
411483.3.peg.2302.site.22, 16, 149, 165
411483.3.peg.2302.site.23, 2, 155, 157
411483.3.peg.2302.site.24, 6, 151, 157
411483.3.peg.2302.site.25, 2, 148, 150
411483.3.peg.2302.site.26, 68, 136, 204
411483.3.peg.2302.site.27, 3, 118, 121
411483.3.peg.2302.site.28, 66, 95, 161
411483.3.peg.2302.site.29, 24, 76, 100
411483.3.peg.2302.site.30, 88, 88, 176
411483.3.peg.2302.site.31, 101, 103, 204
411483.3.peg.2302.site.32, 54, 123, 177
411483.3.peg.2302.site.33, 1, 146, 147
411483.3.peg.2302.site.34, 3, 153, 156
411483.3.peg.2302.site.35, 3, 151, 154
411483.3.peg.2302.site.36, 6, 147, 153
411483.3.peg.2302.site.37, 97, 143, 240
411483.3.peg.2302.site.38, 36, 144, 180
411483.3.peg.2302.site.39, 1, 144, 145
411483.3.peg.2302.site.40, 16, 147, 163
411483.3.peg.2302.site.41, 8, 131, 139
411483.3.peg.2302.site.42, 89, 120, 209
411483.3.peg.2302.site.43, 0, 127, 127
411483.3.peg.2302.site.44, 2, 126, 128
411483.3.peg.2302.site.45, 0, 126, 126
411483.3.peg.2302.site.46, 26, 123, 149
411483.3.peg.2302.site.47, 6, 137, 143
411483.3.peg.2302.site.48, 2, 137, 139
411483.3.peg.2302.site.49, 11, 142, 153
411483.3.peg.2302.site.50, 6, 148, 154
411483.3.peg.2302.site.51, 143, 151, 294
411483.3.peg.2302.site.52, 4, 151, 155
411483.3.peg.2302.site.53, 4, 148, 152
411483.3.peg.2302.site.54, 147, 147, 294
411483.3.peg.2302.site.55, 6, 141, 147
411483.3.peg.2302.site.56, 12, 112, 124
411483.3.peg.2302.site.57, 26, 66, 92
411483.3.peg.2302.site.58, 4, 49, 53
411483.3.peg.2302.site.59, 8, 77, 85
411483.3.peg.2302.site.60, 2, 94, 96
411483.3.peg.2302.site.61, 1, 102, 103
411483.3.peg.2302.site.62, 1, 118, 119
411483.3.peg.2302.site.63, 3, 135, 138
411483.3.peg.2302.site.64, 4, 138, 142
411483.3.peg.2302.site.65, 4, 142, 146
411483.3.peg.2302.site.66, 6, 153, 159
411483.3.peg.2302.site.67, 5, 154, 159
411483.3.peg.2302.site.68, 1, 152, 153
411483.3.peg.2303.site.1, 0, 154, 154
411483.3.peg.2303.site.2, 3, 155, 158
411483.3.peg.2303.site.3, 4, 154, 158
411483.3.peg.2303.site.4, 2, 154, 156
411483.3.peg.2303.site.5, 4, 154, 158
411483.3.peg.2303.site.6, 1, 150, 151
411483.3.peg.2303.site.7, 6, 152, 158
411483.3.peg.2303.site.8, 1, 154, 155
411483.3.peg.2303.site.9, 3, 152, 155
411483.3.peg.2303.site.10, 0, 155, 155
411483.3.peg.2303.site.11, 0, 154, 154
411483.3.peg.2303.site.12, 41, 149, 190
411483.3.peg.2303.site.13, 0, 154, 154
411483.3.peg.2303.site.14, 0, 153, 153
411483.3.peg.2303.site.15, 7, 151, 158
411483.3.peg.2303.site.16, 1, 154, 155
411483.3.peg.2303.site.17, 19, 153, 172
411483.3.peg.2303.site.18, 13, 155, 168
411483.3.peg.2303.site.19, 8, 154, 162
411483.3.peg.2303.site.20, 2, 152, 154
411483.3.peg.2303.site.21, 3, 154, 157
411483.3.peg.2303.site.22, 2, 155, 157
411483.3.peg.2303.site.23, 1, 152, 153
411483.3.peg.2303.site.24, 7, 153, 160
411483.3.peg.2303.site.25, 4, 152, 156
411483.3.peg.2303.site.26, 149, 154, 303
411483.3.peg.2303.site.27, 9, 149, 158
411483.3.peg.2303.site.28, 54, 144, 198
411483.3.peg.2303.site.29, 3, 152, 155
411483.3.peg.2303.site.30, 2, 152, 154
411483.3.peg.2303.site.31, 52, 141, 193
411483.3.peg.2303.site.32, 2, 151, 153
411483.3.peg.2303.site.33, 20, 139, 159
411483.3.peg.2303.site.34, 4, 152, 156
411483.3.peg.2303.site.35, 62, 138, 200
411483.3.peg.2303.site.36, 2, 154, 156
411483.3.peg.2303.site.37, 65, 140, 205
411483.3.peg.2303.site.38, 14, 151, 165
411483.3.peg.2303.site.39, 0, 152, 152
411483.3.peg.2303.site.40, 5, 154, 159
411483.3.peg.2303.site.41, 0, 153, 153
411483.3.peg.2303.site.42, 2, 152, 154
411483.3.peg.2303.site.43, 1, 154, 155
411483.3.peg.2303.site.44, 2, 155, 157
411483.3.peg.2303.site.45, 1, 155, 156
411483.3.peg.2303.site.46, 0, 154, 154
411483.3.peg.2303.site.47, 31, 146, 177
411483.3.peg.2303.site.48, 5, 153, 158
411483.3.peg.2303.site.49, 1, 154, 155
411483.3.peg.2303.site.50, 1, 153, 154
411483.3.peg.2303.site.51, 7, 150, 157
411483.3.peg.2303.site.52, 15, 149, 164
411483.3.peg.2303.site.53, 7, 151, 158
411483.3.peg.2303.site.54, 21, 151, 172
411483.3.peg.2303.site.55, 10, 147, 157
411483.3.peg.2303.site.56, 6, 152, 158
411483.3.peg.2303.site.57, 2, 153, 155
411483.3.peg.2303.site.58, 2, 154, 156
411483.3.peg.2303.site.59, 0, 155, 155
411483.3.peg.2303.site.60, 2, 154, 156
411483.3.peg.2303.site.61, 7, 154, 161
411483.3.peg.2303.site.62, 0, 152, 152
411483.3.peg.2303.site.63, 3, 152, 155
411483.3.peg.2303.site.64, 3, 154, 157
411483.3.peg.2303.site.65, 1, 154, 155
411483.3.peg.2303.site.66, 0, 152, 152
411483.3.peg.2303.site.67, 1, 153, 154
411483.3.peg.2303.site.68, 1, 150, 151
411483.3.peg.2303.site.69, 15, 144, 159
411483.3.peg.2303.site.70, 2, 151, 153
411483.3.peg.2303.site.71, 0, 155, 155
411483.3.peg.2304.site.1, 0, 153, 153
411483.3.peg.2304.site.2, 1, 153, 154
411483.3.peg.2304.site.3, 2, 151, 153
411483.3.peg.2304.site.4, 9, 153, 162
411483.3.peg.2304.site.5, 1, 150, 151
411483.3.peg.2304.site.6, 8, 150, 158
411483.3.peg.2304.site.7, 5, 154, 159
411483.3.peg.2304.site.8, 1, 151, 152
411483.3.peg.2304.site.9, 12, 141, 153
411483.3.peg.2304.site.10, 2, 148, 150
411483.3.peg.2304.site.11, 9, 143, 152
411483.3.peg.2304.site.12, 5, 148, 153
411483.3.peg.2304.site.13, 3, 145, 148
411483.3.peg.2304.site.14, 16, 126, 142
411483.3.peg.2304.site.15, 1, 139, 140
411483.3.peg.2304.site.16, 13, 121, 134
411483.3.peg.2304.site.17, 26, 124, 150
411483.3.peg.2304.site.18, 5, 121, 126
411483.3.peg.2304.site.19, 17, 123, 140
411483.3.peg.2304.site.20, 2, 144, 146
411483.3.peg.2304.site.21, 6, 146, 152
411483.3.peg.2304.site.22, 0, 152, 152
411483.3.peg.2304.site.23, 2, 152, 154
411483.3.peg.2304.site.24, 3, 152, 155
411483.3.peg.2304.site.25, 0, 151, 151
411483.3.peg.2304.site.26, 1, 151, 152
411483.3.peg.2304.site.27, 3, 154, 157
411483.3.peg.2304.site.28, 4, 153, 157
411483.3.peg.2304.site.29, 4, 153, 157
411483.3.peg.2304.site.30, 13, 151, 164
411483.3.peg.2304.site.31, 5, 151, 156
411483.3.peg.2304.site.32, 1, 154, 155
411483.3.peg.2304.site.33, 4, 154, 158
411483.3.peg.2304.site.34, 153, 154, 307
411483.3.peg.2304.site.35, 1, 154, 155
411483.3.peg.2304.site.36, 4, 153, 157
411483.3.peg.2304.site.37, 2, 149, 151
411483.3.peg.2304.site.38, 1, 149, 150
411483.3.peg.2304.site.39, 1, 152, 153
411483.3.peg.2304.site.40, 2, 150, 152
411483.3.peg.2304.site.41, 3, 150, 153
411483.3.peg.2304.site.42, 4, 148, 152
411483.3.peg.2304.site.43, 1, 147, 148
411483.3.peg.2304.site.44, 5, 147, 152
411483.3.peg.2304.site.45, 1, 151, 152
411483.3.peg.2304.site.46, 1, 152, 153
411483.3.peg.2304.site.47, 4, 149, 153
411483.3.peg.2304.site.48, 1, 145, 146
411483.3.peg.2304.site.49, 3, 145, 148
411483.3.peg.2304.site.50, 1, 146, 147
411483.3.peg.2304.site.51, 1, 147, 148
411483.3.peg.2304.site.52, 0, 152, 152
411483.3.peg.2304.site.53, 0, 146, 146
411483.3.peg.2304.site.54, 1, 153, 154
411483.3.peg.2304.site.55, 4, 150, 154
411483.3.peg.2304.site.56, 0, 147, 147
411483.3.peg.2304.site.57, 2, 152, 154
411483.3.peg.2304.site.58, 2, 152, 154
411483.3.peg.2304.site.59, 20, 138, 158
411483.3.peg.2304.site.60, 3, 151, 154
411483.3.peg.2304.site.61, 1, 150, 151
411483.3.peg.2304.site.62, 1, 139, 140
411483.3.peg.2304.site.63, 1, 138, 139
411483.3.peg.2304.site.64, 2, 133, 135
411483.3.peg.2304.site.65, 3, 122, 125
411483.3.peg.2304.site.66, 2, 126, 128
411483.3.peg.2304.site.67, 1, 132, 133
411483.3.peg.2304.site.68, 1, 139, 140
411483.3.peg.2304.site.69, 5, 133, 138
411483.3.peg.2304.site.70, 89, 129, 218
411483.3.peg.2304.site.71, 2, 140, 142
411483.3.peg.2304.site.72, 1, 135, 136
411483.3.peg.2304.site.73, 0, 134, 134
411483.3.peg.2304.site.74, 5, 131, 136
411483.3.peg.2304.site.75, 114, 127, 241
411483.3.peg.2304.site.76, 0, 100, 100
411483.3.peg.2304.site.77, 39, 77, 116
411483.3.peg.2304.site.78, 27, 71, 98
411483.3.peg.2304.site.79, 35, 75, 110
411483.3.peg.2304.site.80, 4, 78, 82
411483.3.peg.2304.site.81, 1, 101, 102
411483.3.peg.2304.site.82, 87, 102, 189
411483.3.peg.2304.site.83, 102, 105, 207
411483.3.peg.2304.site.84, 2, 124, 126
411483.3.peg.2304.site.85, 2, 122, 124
411483.3.peg.2304.site.86, 0, 119, 119
411483.3.peg.2304.site.87, 1, 122, 123
411483.3.peg.2304.site.88, 1, 119, 120
411483.3.peg.2304.site.89, 2, 127, 129
411483.3.peg.2304.site.90, 6, 124, 130
411483.3.peg.2304.site.91, 3, 119, 122
411483.3.peg.2304.site.92, 1, 136, 137
411483.3.peg.2304.site.93, 5, 135, 140
411483.3.peg.2304.site.94, 2, 148, 150
411483.3.peg.2304.site.95, 11, 151, 162
411483.3.peg.2304.site.96, 0, 153, 153
411483.3.peg.2304.site.97, 2, 148, 150
411483.3.peg.2304.site.98, 0, 151, 151
411483.3.peg.2304.site.99, 0, 139, 139
411483.3.peg.2304.site.100, 0, 145, 145
411483.3.peg.2304.site.101, 3, 145, 148
411483.3.peg.2304.site.102, 2, 144, 146
411483.3.peg.2305.site.1, 2, 152, 154
411483.3.peg.2305.site.2, 2, 151, 153
411483.3.peg.2305.site.3, 27, 134, 161
411483.3.peg.2305.site.4, 6, 143, 149
411483.3.peg.2305.site.5, 8, 143, 151
411483.3.peg.2305.site.6, 1, 146, 147
411483.3.peg.2305.site.7, 0, 146, 146
411483.3.peg.2305.site.8, 2, 147, 149
411483.3.peg.2305.site.9, 116, 141, 257
411483.3.peg.2305.site.10, 10, 138, 148
411483.3.peg.2305.site.11, 3, 135, 138
411483.3.peg.2305.site.12, 1, 136, 137
411483.3.peg.2305.site.13, 6, 121, 127
411483.3.peg.2305.site.14, 7, 121, 128
411483.3.peg.2305.site.15, 1, 104, 105
411483.3.peg.2305.site.16, 1, 99, 100
411483.3.peg.2305.site.17, 6, 113, 119
411483.3.peg.2305.site.18, 6, 97, 103
411483.3.peg.2305.site.19, 4, 119, 123
411483.3.peg.2305.site.20, 5, 113, 118
411483.3.peg.2305.site.21, 9, 123, 132
411483.3.peg.2305.site.22, 26, 128, 154
411483.3.peg.2305.site.23, 0, 130, 130
411483.3.peg.2305.site.24, 10, 127, 137
411483.3.peg.2305.site.25, 130, 133, 263
411483.3.peg.2305.site.26, 2, 137, 139
411483.3.peg.2305.site.27, 2, 145, 147
411483.3.peg.2305.site.28, 2, 147, 149
411483.3.peg.2305.site.29, 3, 145, 148
411483.3.peg.2305.site.30, 4, 141, 145
411483.3.peg.2305.site.31, 135, 142, 277
411483.3.peg.2305.site.32, 47, 132, 179
411483.3.peg.2305.site.33, 8, 142, 150
411483.3.peg.2305.site.34, 2, 148, 150
411483.3.peg.2305.site.35, 0, 147, 147
411483.3.peg.2305.site.36, 0, 146, 146
411483.3.peg.2305.site.37, 3, 142, 145
411483.3.peg.2305.site.38, 12, 137, 149
411483.3.peg.2305.site.39, 4, 140, 144
411483.3.peg.2305.site.40, 5, 131, 136
411483.3.peg.2305.site.41, 0, 127, 127
411483.3.peg.2305.site.42, 15, 132, 147
411483.3.peg.2305.site.43, 1, 132, 133
411483.3.peg.2305.site.44, 1, 129, 130
411483.3.peg.2305.site.45, 3, 127, 130
411483.3.peg.2305.site.46, 75, 96, 171
411483.3.peg.2305.site.47, 1, 100, 101
411483.3.peg.2305.site.48, 3, 111, 114
411483.3.peg.2305.site.49, 3, 109, 112
411483.3.peg.2305.site.50, 2, 126, 128
411483.3.peg.2305.site.51, 0, 137, 137
411483.3.peg.2305.site.52, 1, 144, 145
411483.3.peg.2305.site.53, 10, 137, 147
411483.3.peg.2305.site.54, 1, 137, 138
411483.3.peg.2305.site.55, 6, 140, 146
411483.3.peg.2305.site.56, 2, 132, 134
411483.3.peg.2305.site.57, 21, 122, 143
411483.3.peg.2305.site.58, 3, 134, 137
411483.3.peg.2305.site.59, 1, 147, 148
411483.3.peg.2305.site.60, 6, 153, 159
411483.3.peg.2306.site.1, 2, 155, 157
411483.3.peg.2306.site.2, 2, 151, 153
411483.3.peg.2306.site.3, 1, 151, 152
411483.3.peg.2306.site.4, 1, 154, 155
411483.3.peg.2306.site.5, 7, 151, 158
411483.3.peg.2306.site.6, 0, 153, 153
411483.3.peg.2306.site.7, 0, 149, 149
411483.3.peg.2306.site.8, 5, 150, 155
411483.3.peg.2306.site.9, 1, 151, 152
411483.3.peg.2306.site.10, 5, 151, 156
411483.3.peg.2306.site.11, 17, 148, 165
411483.3.peg.2306.site.12, 1, 145, 146
411483.3.peg.2306.site.13, 1, 125, 126
411483.3.peg.2306.site.14, 2, 135, 137
411483.3.peg.2306.site.15, 1, 127, 128
411483.3.peg.2306.site.16, 8, 134, 142
411483.3.peg.2306.site.17, 1, 133, 134
411483.3.peg.2306.site.18, 1, 139, 140
411483.3.peg.2306.site.19, 16, 133, 149
411483.3.peg.2306.site.20, 9, 141, 150
411483.3.peg.2306.site.21, 4, 135, 139
411483.3.peg.2306.site.22, 2, 149, 151
411483.3.peg.2306.site.23, 2, 152, 154
411483.3.peg.2306.site.24, 1, 152, 153
411483.3.peg.2306.site.25, 1, 152, 153
411483.3.peg.2306.site.26, 6, 152, 158
411483.3.peg.2306.site.27, 1, 153, 154
411483.3.peg.2306.site.28, 1, 150, 151
411483.3.peg.2306.site.29, 124, 147, 271
411483.3.peg.2306.site.30, 4, 149, 153
411483.3.peg.2306.site.31, 4, 142, 146
411483.3.peg.2306.site.32, 2, 133, 135
411483.3.peg.2306.site.33, 0, 127, 127
411483.3.peg.2306.site.34, 1, 119, 120
411483.3.peg.2306.site.35, 0, 117, 117
411483.3.peg.2306.site.36, 3, 106, 109
411483.3.peg.2306.site.37, 2, 104, 106
411483.3.peg.2306.site.38, 0, 100, 100
411483.3.peg.2306.site.39, 47, 86, 133
411483.3.peg.2306.site.40, 4, 92, 96
411483.3.peg.2306.site.41, 2, 98, 100
411483.3.peg.2306.site.42, 0, 99, 99
411483.3.peg.2306.site.43, 2, 101, 103
411483.3.peg.2306.site.44, 0, 108, 108
411483.3.peg.2306.site.45, 1, 105, 106
411483.3.peg.2306.site.46, 4, 99, 103
411483.3.peg.2306.site.47, 3, 111, 114
411483.3.peg.2306.site.48, 1, 141, 142
411483.3.peg.2306.site.49, 137, 140, 277
411483.3.peg.2306.site.50, 1, 144, 145
411483.3.peg.2306.site.51, 2, 154, 156
411483.3.peg.2306.site.52, 6, 151, 157
411483.3.peg.2306.site.53, 0, 152, 152
411483.3.peg.2306.site.54, 1, 153, 154
411483.3.peg.2306.site.55, 2, 153, 155
411483.3.peg.2306.site.56, 4, 150, 154
411483.3.peg.2306.site.57, 2, 153, 155
411483.3.peg.2306.site.58, 14, 148, 162
411483.3.peg.2306.site.59, 4, 150, 154
411483.3.peg.2306.site.60, 2, 150, 152
411483.3.peg.2306.site.61, 50, 128, 178
411483.3.peg.2306.site.62, 0, 138, 138
411483.3.peg.2306.site.63, 7, 139, 146
411483.3.peg.2306.site.64, 11, 130, 141
411483.3.peg.2306.site.65, 11, 131, 142
411483.3.peg.2306.site.66, 5, 133, 138
411483.3.peg.2306.site.67, 136, 138, 274
411483.3.peg.2306.site.68, 7, 137, 144
411483.3.peg.2306.site.69, 8, 140, 148
411483.3.peg.2306.site.70, 10, 147, 157
411483.3.peg.2306.site.71, 7, 152, 159
411483.3.peg.2306.site.72, 1, 152, 153
411483.3.peg.2306.site.73, 2, 154, 156
411483.3.peg.2306.site.74, 2, 154, 156
411483.3.peg.2306.site.75, 21, 149, 170
411483.3.peg.2306.site.76, 3, 154, 157
411483.3.peg.2306.site.77, 1, 155, 156
411483.3.peg.2306.site.78, 2, 155, 157
411483.3.peg.2306.site.79, 1, 153, 154
411483.3.peg.2306.site.80, 0, 153, 153
411483.3.peg.2306.site.81, 1, 153, 154
411483.3.peg.2306.site.82, 9, 146, 155
411483.3.peg.2306.site.83, 2, 151, 153
411483.3.peg.2306.site.84, 0, 149, 149
411483.3.peg.2306.site.85, 1, 150, 151
411483.3.peg.2306.site.86, 2, 149, 151
411483.3.peg.2306.site.87, 1, 146, 147
411483.3.peg.2306.site.88, 5, 141, 146
411483.3.peg.2306.site.89, 2, 138, 140
411483.3.peg.2306.site.90, 1, 138, 139
411483.3.peg.2306.site.91, 1, 146, 147
411483.3.peg.2306.site.92, 5, 143, 148
411483.3.peg.2306.site.93, 1, 147, 148
411483.3.peg.2306.site.94, 16, 144, 160
411483.3.peg.2306.site.95, 5, 142, 147
411483.3.peg.2306.site.96, 4, 144, 148
411483.3.peg.2306.site.97, 12, 139, 151
411483.3.peg.2306.site.98, 2, 142, 144
411483.3.peg.2306.site.99, 1, 144, 145
411483.3.peg.2306.site.100, 1, 144, 145
411483.3.peg.2306.site.101, 3, 139, 142
411483.3.peg.2306.site.102, 9, 135, 144
411483.3.peg.2306.site.103, 9, 139, 148
411483.3.peg.2306.site.104, 1, 141, 142
411483.3.peg.2306.site.105, 17, 133, 150
411483.3.peg.2306.site.106, 57, 143, 200
411483.3.peg.2306.site.107, 2, 155, 157
411483.3.peg.2306.site.108, 7, 152, 159
411483.3.peg.2306.site.109, 1, 154, 155
411483.3.peg.2306.site.110, 5, 152, 157
411483.3.peg.2306.site.111, 1, 154, 155
411483.3.peg.2306.site.112, 4, 154, 158
411483.3.peg.2306.site.113, 2, 153, 155
411483.3.peg.2306.site.114, 7, 146, 153
411483.3.peg.2306.site.115, 14, 151, 165
411483.3.peg.2306.site.116, 3, 154, 157
411483.3.peg.2306.site.117, 5, 153, 158
411483.3.peg.2306.site.118, 0, 153, 153
411483.3.peg.2306.site.119, 5, 155, 160
411483.3.peg.2306.site.120, 35, 146, 181
411483.3.peg.2306.site.121, 6, 147, 153
411483.3.peg.2306.site.122, 2, 150, 152
411483.3.peg.2306.site.123, 14, 146, 160
411483.3.peg.2306.site.124, 2, 148, 150
411483.3.peg.2306.site.125, 0, 147, 147
411483.3.peg.2306.site.126, 3, 151, 154
411483.3.peg.2306.site.127, 1, 153, 154
411483.3.peg.2306.site.128, 1, 153, 154
411483.3.peg.2306.site.129, 8, 154, 162
411483.3.peg.2306.site.130, 1, 153, 154
411483.3.peg.2306.site.131, 4, 131, 135
411483.3.peg.2306.site.132, 3, 126, 129
411483.3.peg.2306.site.133, 92, 136, 228
411483.3.peg.2306.site.134, 2, 142, 144
411483.3.peg.2306.site.135, 1, 146, 147
411483.3.peg.2306.site.136, 73, 143, 216
411483.3.peg.2306.site.137, 5, 153, 158
411483.3.peg.2306.site.138, 0, 153, 153
411483.3.peg.2306.site.139, 73, 145, 218
411483.3.peg.2306.site.140, 4, 154, 158
411483.3.peg.2306.site.141, 3, 155, 158
411483.3.peg.2306.site.142, 9, 152, 161
411483.3.peg.2306.site.143, 2, 154, 156
411483.3.peg.2306.site.144, 2, 152, 154
411483.3.peg.2306.site.145, 2, 153, 155
411483.3.peg.2306.site.146, 1, 153, 154
411483.3.peg.2306.site.147, 9, 150, 159
411483.3.peg.2306.site.148, 0, 152, 152
411483.3.peg.2306.site.149, 2, 151, 153
411483.3.peg.2306.site.150, 2, 153, 155
411483.3.peg.2306.site.151, 84, 139, 223
411483.3.peg.2306.site.152, 34, 139, 173
411483.3.peg.2306.site.153, 27, 137, 164
411483.3.peg.2306.site.154, 9, 138, 147
411483.3.peg.2306.site.155, 1, 129, 130
411483.3.peg.2306.site.156, 2, 123, 125
411483.3.peg.2306.site.157, 1, 131, 132
411483.3.peg.2306.site.158, 8, 134, 142
411483.3.peg.2306.site.159, 1, 141, 142
411483.3.peg.2306.site.160, 0, 145, 145
411483.3.peg.2306.site.161, 55, 146, 201
411483.3.peg.2306.site.162, 1, 152, 153
411483.3.peg.2307.site.1, 0, 148, 148
411483.3.peg.2307.site.2, 76, 140, 216
411483.3.peg.2307.site.3, 16, 148, 164
411483.3.peg.2307.site.4, 1, 150, 151
411483.3.peg.2307.site.5, 5, 151, 156
411483.3.peg.2307.site.6, 5, 151, 156
411483.3.peg.2307.site.7, 3, 152, 155
411483.3.peg.2307.site.8, 1, 151, 152
411483.3.peg.2307.site.9, 91, 139, 230
411483.3.peg.2307.site.10, 6, 148, 154
411483.3.peg.2307.site.11, 40, 142, 182
411483.3.peg.2307.site.12, 2, 147, 149
411483.3.peg.2307.site.13, 6, 153, 159
411483.3.peg.2307.site.14, 28, 148, 176
411483.3.peg.2307.site.15, 1, 155, 156
411483.3.peg.2307.site.16, 8, 154, 162
411483.3.peg.2307.site.17, 3, 152, 155
411483.3.peg.2307.site.18, 7, 151, 158
411483.3.peg.2307.site.19, 72, 143, 215
411483.3.peg.2307.site.20, 2, 151, 153
411483.3.peg.2307.site.21, 0, 149, 149
411483.3.peg.2307.site.22, 0, 153, 153
411483.3.peg.2307.site.23, 0, 153, 153
411483.3.peg.2307.site.24, 2, 154, 156
411483.3.peg.2307.site.25, 2, 153, 155
411483.3.peg.2307.site.26, 0, 153, 153
411483.3.peg.2307.site.27, 11, 151, 162
411483.3.peg.2307.site.28, 1, 155, 156
411483.3.peg.2307.site.29, 2, 153, 155
411483.3.peg.2307.site.30, 64, 150, 214
411483.3.peg.2307.site.31, 43, 143, 186
411483.3.peg.2307.site.32, 74, 140, 214
411483.3.peg.2307.site.33, 2, 146, 148
411483.3.peg.2307.site.34, 0, 149, 149
411483.3.peg.2307.site.35, 4, 151, 155
411483.3.peg.2307.site.36, 139, 151, 290
411483.3.peg.2307.site.37, 2, 152, 154
411483.3.peg.2307.site.38, 1, 152, 153
411483.3.peg.2307.site.39, 4, 154, 158
411483.3.peg.2307.site.40, 26, 150, 176
411483.3.peg.2307.site.41, 5, 153, 158
411483.3.peg.2307.site.42, 9, 151, 160
411483.3.peg.2307.site.43, 1, 153, 154
411483.3.peg.2307.site.44, 11, 152, 163
411483.3.peg.2307.site.45, 2, 154, 156
411483.3.peg.2307.site.46, 0, 154, 154
411483.3.peg.2307.site.47, 59, 143, 202
411483.3.peg.2307.site.48, 1, 153, 154
411483.3.peg.2307.site.49, 19, 149, 168
411483.3.peg.2307.site.50, 1, 154, 155
411483.3.peg.2307.site.51, 13, 147, 160
411483.3.peg.2307.site.52, 5, 153, 158
411483.3.peg.2307.site.53, 1, 153, 154
411483.3.peg.2307.site.54, 3, 148, 151
411483.3.peg.2307.site.55, 0, 151, 151
411483.3.peg.2307.site.56, 5, 149, 154
411483.3.peg.2307.site.57, 0, 151, 151
411483.3.peg.2307.site.58, 19, 149, 168
411483.3.peg.2307.site.59, 15, 151, 166
411483.3.peg.2307.site.60, 11, 147, 158
411483.3.peg.2307.site.61, 19, 144, 163
411483.3.peg.2307.site.62, 1, 154, 155
411483.3.peg.2307.site.63, 0, 154, 154
411483.3.peg.2307.site.64, 8, 150, 158
411483.3.peg.2307.site.65, 6, 154, 160
411483.3.peg.2307.site.66, 1, 152, 153
411483.3.peg.2308.site.1, 11, 154, 165
411483.3.peg.2308.site.2, 1, 154, 155
411483.3.peg.2308.site.3, 1, 154, 155
411483.3.peg.2308.site.4, 5, 154, 159
411483.3.peg.2308.site.5, 130, 139, 269
411483.3.peg.2308.site.6, 5, 144, 149
411483.3.peg.2308.site.7, 1, 152, 153
411483.3.peg.2308.site.8, 31, 148, 179
411483.3.peg.2308.site.9, 1, 154, 155
411483.3.peg.2308.site.10, 9, 149, 158
411483.3.peg.2308.site.11, 1, 154, 155
411483.3.peg.2308.site.12, 1, 150, 151
411483.3.peg.2308.site.13, 3, 152, 155
411483.3.peg.2308.site.14, 3, 149, 152
411483.3.peg.2308.site.15, 1, 145, 146
411483.3.peg.2308.site.16, 2, 138, 140
411483.3.peg.2308.site.17, 9, 139, 148
411483.3.peg.2308.site.18, 0, 143, 143
411483.3.peg.2308.site.19, 70, 131, 201
411483.3.peg.2308.site.20, 142, 145, 287
411483.3.peg.2308.site.21, 2, 147, 149
411483.3.peg.2308.site.22, 4, 147, 151
411483.3.peg.2308.site.23, 6, 146, 152
411483.3.peg.2308.site.24, 4, 147, 151
411483.3.peg.2308.site.25, 0, 146, 146
411483.3.peg.2308.site.26, 1, 148, 149
411483.3.peg.2308.site.27, 1, 146, 147
411483.3.peg.2308.site.28, 7, 145, 152
411483.3.peg.2308.site.29, 1, 144, 145
411483.3.peg.2308.site.30, 130, 130, 260
411483.3.peg.2308.site.31, 4, 126, 130
411483.3.peg.2308.site.32, 7, 134, 141
411483.3.peg.2308.site.33, 2, 127, 129
411483.3.peg.2308.site.34, 7, 125, 132
411483.3.peg.2308.site.35, 1, 134, 135
411483.3.peg.2308.site.36, 5, 132, 137
411483.3.peg.2308.site.37, 10, 138, 148
411483.3.peg.2308.site.38, 1, 143, 144
411483.3.peg.2308.site.39, 0, 145, 145
411483.3.peg.2308.site.40, 0, 150, 150
411483.3.peg.2308.site.41, 2, 150, 152
411483.3.peg.2308.site.42, 1, 139, 140
411483.3.peg.2308.site.43, 1, 137, 138
411483.3.peg.2308.site.44, 6, 139, 145
411483.3.peg.2308.site.45, 6, 133, 139
411483.3.peg.2308.site.46, 1, 148, 149
411483.3.peg.2308.site.47, 1, 152, 153
411483.3.peg.2308.site.48, 23, 148, 171
411483.3.peg.2308.site.49, 5, 155, 160
411483.3.peg.2308.site.50, 13, 150, 163
411483.3.peg.2308.site.51, 62, 149, 211
411483.3.peg.2308.site.52, 97, 150, 247
411483.3.peg.2309.site.1, 0, 154, 154
411483.3.peg.2309.site.2, 3, 155, 158
411483.3.peg.2309.site.3, 3, 152, 155
411483.3.peg.2309.site.4, 7, 151, 158
411483.3.peg.2309.site.5, 35, 146, 181
411483.3.peg.2309.site.6, 0, 153, 153
411483.3.peg.2309.site.7, 32, 150, 182
411483.3.peg.2309.site.8, 2, 155, 157
411483.3.peg.2309.site.9, 29, 150, 179
411483.3.peg.2309.site.10, 2, 152, 154
411483.3.peg.2309.site.11, 2, 152, 154
411483.3.peg.2309.site.12, 1, 148, 149
411483.3.peg.2309.site.13, 38, 142, 180
411483.3.peg.2309.site.14, 42, 134, 176
411483.3.peg.2309.site.15, 3, 143, 146
411483.3.peg.2309.site.16, 41, 139, 180
411483.3.peg.2309.site.17, 3, 146, 149
411483.3.peg.2309.site.18, 35, 143, 178
411483.3.peg.2309.site.19, 2, 151, 153
411483.3.peg.2309.site.20, 0, 150, 150
411483.3.peg.2309.site.21, 1, 154, 155
411483.3.peg.2309.site.22, 20, 151, 171
411483.3.peg.2309.site.23, 14, 148, 162
411483.3.peg.2309.site.24, 82, 143, 225
411483.3.peg.2309.site.25, 152, 153, 305
411483.3.peg.2309.site.26, 1, 154, 155
411483.3.peg.2309.site.27, 2, 154, 156
411483.3.peg.2309.site.28, 12, 150, 162
411483.3.peg.2309.site.29, 2, 155, 157
411483.3.peg.2309.site.30, 2, 155, 157
411483.3.peg.2309.site.31, 7, 151, 158
411483.3.peg.2309.site.32, 17, 148, 165
411483.3.peg.2309.site.33, 5, 155, 160
411483.3.peg.2309.site.34, 1, 154, 155
411483.3.peg.2309.site.35, 1, 155, 156
411483.3.peg.2309.site.36, 1, 154, 155
411483.3.peg.2309.site.37, 15, 153, 168
411483.3.peg.2309.site.38, 5, 153, 158
411483.3.peg.2309.site.39, 8, 152, 160
411483.3.peg.2309.site.40, 1, 155, 156
411483.3.peg.2309.site.41, 8, 153, 161
411483.3.peg.2309.site.42, 11, 154, 165
411483.3.peg.2309.site.43, 30, 151, 181
411483.3.peg.2309.site.44, 1, 155, 156
411483.3.peg.2309.site.45, 2, 155, 157
411483.3.peg.2309.site.46, 21, 150, 171
411483.3.peg.2309.site.47, 5, 151, 156
411483.3.peg.2309.site.48, 8, 153, 161
411483.3.peg.2309.site.49, 31, 149, 180
411483.3.peg.2309.site.50, 75, 147, 222
411483.3.peg.2309.site.51, 1, 154, 155
411483.3.peg.2309.site.52, 31, 148, 179
411483.3.peg.2309.site.53, 121, 147, 268
411483.3.peg.2309.site.54, 23, 151, 174
411483.3.peg.2309.site.55, 2, 152, 154
411483.3.peg.2309.site.56, 2, 149, 151
411483.3.peg.2309.site.57, 4, 151, 155
411483.3.peg.2309.site.58, 13, 145, 158
411483.3.peg.2309.site.59, 1, 149, 150
411483.3.peg.2309.site.60, 7, 148, 155
411483.3.peg.2309.site.61, 2, 143, 145
411483.3.peg.2309.site.62, 0, 142, 142
411483.3.peg.2309.site.63, 0, 143, 143
411483.3.peg.2309.site.64, 2, 135, 137
411483.3.peg.2309.site.65, 7, 137, 144
411483.3.peg.2309.site.66, 7, 142, 149
411483.3.peg.2309.site.67, 3, 146, 149
411483.3.peg.2309.site.68, 1, 148, 149
411483.3.peg.2309.site.69, 1, 148, 149
411483.3.peg.2309.site.70, 3, 149, 152
411483.3.peg.2309.site.71, 15, 149, 164
411483.3.peg.2309.site.72, 12, 147, 159
411483.3.peg.2309.site.73, 0, 150, 150
411483.3.peg.2309.site.74, 0, 152, 152
411483.3.peg.2309.site.75, 0, 150, 150
411483.3.peg.2309.site.76, 2, 152, 154
411483.3.peg.2309.site.77, 2, 152, 154
411483.3.peg.2309.site.78, 1, 150, 151
411483.3.peg.2309.site.79, 1, 151, 152
411483.3.peg.2309.site.80, 1, 150, 151
411483.3.peg.2309.site.81, 0, 152, 152
411483.3.peg.2309.site.82, 24, 142, 166
411483.3.peg.2309.site.83, 28, 137, 165
411483.3.peg.2309.site.84, 0, 147, 147
411483.3.peg.2309.site.85, 7, 151, 158
411483.3.peg.2309.site.86, 5, 146, 151
411483.3.peg.2309.site.87, 3, 149, 152
411483.3.peg.2309.site.88, 11, 142, 153
411483.3.peg.2309.site.89, 3, 142, 145
411483.3.peg.2309.site.90, 0, 145, 145
411483.3.peg.2309.site.91, 11, 146, 157
411483.3.peg.2309.site.92, 1, 151, 152
411483.3.peg.2309.site.93, 0, 151, 151
411483.3.peg.2309.site.94, 9, 148, 157
411483.3.peg.2309.site.95, 60, 145, 205
411483.3.peg.2309.site.96, 0, 151, 151
411483.3.peg.2309.site.97, 1, 154, 155
411483.3.peg.2309.site.98, 7, 151, 158
411483.3.peg.2309.site.99, 0, 152, 152
411483.3.peg.2309.site.100, 0, 150, 150
411483.3.peg.2309.site.101, 8, 154, 162
411483.3.peg.2309.site.102, 0, 155, 155
411483.3.peg.2309.site.103, 2, 154, 156
411483.3.peg.2309.site.104, 5, 155, 160
411483.3.peg.2309.site.105, 80, 146, 226
411483.3.peg.2309.site.106, 14, 151, 165
411483.3.peg.2309.site.107, 132, 150, 282
411483.3.peg.2309.site.108, 2, 153, 155
411483.3.peg.2309.site.109, 4, 152, 156
411483.3.peg.2309.site.110, 9, 149, 158
411483.3.peg.2309.site.111, 0, 152, 152
411483.3.peg.2309.site.112, 0, 150, 150
411483.3.peg.2309.site.113, 3, 151, 154
411483.3.peg.2309.site.114, 2, 154, 156
411483.3.peg.2309.site.115, 27, 144, 171
411483.3.peg.2309.site.116, 0, 153, 153
411483.3.peg.2309.site.117, 2, 152, 154
411483.3.peg.2309.site.118, 10, 149, 159
411483.3.peg.2309.site.119, 5, 149, 154
411483.3.peg.2309.site.120, 4, 144, 148
411483.3.peg.1940.site.1, 2, 102, 104
411483.3.peg.1940.site.2, 4, 135, 139
411483.3.peg.1940.site.3, 72, 138, 210
411483.3.peg.1940.site.4, 17, 146, 163
411483.3.peg.1940.site.5, 0, 152, 152
411483.3.peg.1940.site.6, 66, 142, 208
411483.3.peg.1940.site.7, 60, 138, 198
411483.3.peg.1940.site.8, 4, 151, 155
411483.3.peg.1940.site.9, 4, 152, 156
411483.3.peg.1940.site.10, 15, 150, 165
411483.3.peg.1940.site.11, 7, 150, 157
411483.3.peg.1940.site.12, 7, 151, 158
411483.3.peg.1940.site.13, 0, 153, 153
411483.3.peg.1940.site.14, 8, 154, 162
411483.3.peg.1940.site.15, 10, 149, 159
411483.3.peg.1940.site.16, 18, 149, 167
411483.3.peg.1947.site.1, 4, 152, 156
411483.3.peg.1947.site.2, 1, 151, 152
411483.3.peg.1947.site.3, 1, 148, 149
411483.3.peg.1947.site.4, 4, 148, 152
411483.3.peg.1947.site.5, 5, 132, 137
411483.3.peg.1947.site.6, 5, 137, 142
411483.3.peg.1947.site.7, 0, 135, 135
411483.3.peg.1947.site.8, 2, 134, 136
411483.3.peg.1947.site.9, 4, 142, 146
411483.3.peg.1947.site.10, 29, 124, 153
411483.3.peg.1947.site.11, 89, 120, 209
411483.3.peg.1947.site.12, 14, 123, 137
411483.3.peg.1947.site.13, 1, 127, 128
411483.3.peg.1947.site.14, 5, 126, 131
411483.3.peg.1947.site.15, 4, 124, 128
411483.3.peg.1947.site.16, 0, 123, 123
411483.3.peg.1947.site.17, 0, 122, 122
411483.3.peg.1947.site.18, 2, 134, 136
411483.3.peg.1947.site.19, 3, 130, 133
411483.3.peg.1947.site.20, 1, 127, 128
411483.3.peg.1947.site.21, 20, 123, 143
411483.3.peg.1947.site.22, 1, 127, 128
411483.3.peg.1947.site.23, 1, 119, 120
411483.3.peg.1947.site.24, 0, 120, 120
411483.3.peg.1947.site.25, 4, 112, 116
411483.3.peg.1947.site.26, 1, 102, 103
411483.3.peg.1947.site.27, 1, 104, 105
411483.3.peg.1947.site.28, 1, 91, 92
411483.3.peg.1947.site.29, 91, 91, 182
411483.3.peg.1947.site.30, 1, 102, 103
411483.3.peg.1947.site.31, 1, 126, 127
411483.3.peg.1947.site.32, 3, 123, 126
411483.3.peg.1947.site.33, 129, 129, 258
411483.3.peg.1947.site.34, 2, 132, 134
411483.3.peg.1947.site.35, 6, 116, 122
411483.3.peg.1947.site.36, 1, 111, 112
411483.3.peg.1947.site.37, 112, 116, 228
411483.3.peg.1947.site.38, 0, 140, 140
411483.3.peg.1947.site.39, 3, 147, 150
411483.3.peg.1947.site.40, 16, 148, 164
411483.3.peg.1947.site.41, 139, 145, 284
411483.3.peg.1947.site.42, 5, 146, 151
411483.3.peg.1947.site.43, 3, 149, 152
411483.3.peg.1947.site.44, 2, 149, 151
411483.3.peg.1947.site.45, 0, 147, 147
411483.3.peg.1947.site.46, 5, 143, 148
411483.3.peg.1947.site.47, 2, 154, 156
411483.3.peg.1947.site.48, 1, 152, 153
411483.3.peg.1947.site.49, 12, 148, 160
411483.3.peg.1947.site.50, 6, 148, 154
411483.3.peg.1947.site.51, 2, 143, 145
411483.3.peg.1947.site.52, 1, 139, 140
411483.3.peg.1947.site.53, 1, 140, 141
411483.3.peg.1947.site.54, 3, 112, 115
411483.3.peg.1947.site.55, 2, 123, 125
411483.3.peg.1947.site.56, 1, 120, 121
411483.3.peg.1947.site.57, 6, 119, 125
411483.3.peg.1947.site.58, 1, 130, 131
411483.3.peg.1947.site.59, 5, 141, 146
411483.3.peg.1947.site.60, 0, 139, 139
411483.3.peg.1947.site.61, 44, 133, 177
411483.3.peg.1947.site.62, 7, 147, 154
411483.3.peg.1947.site.63, 2, 146, 148
411483.3.peg.1947.site.64, 5, 143, 148
411483.3.peg.1947.site.65, 143, 146, 289
411483.3.peg.1947.site.66, 2, 146, 148
411483.3.peg.1947.site.67, 120, 143, 263
411483.3.peg.1947.site.68, 2, 149, 151
411483.3.peg.1947.site.69, 0, 149, 149
411483.3.peg.1947.site.70, 7, 148, 155
411483.3.peg.1947.site.71, 3, 148, 151
411483.3.peg.1947.site.72, 5, 147, 152
411483.3.peg.1947.site.73, 1, 149, 150
411483.3.peg.1947.site.74, 2, 146, 148
411483.3.peg.1947.site.75, 1, 147, 148
411483.3.peg.1947.site.76, 4, 146, 150
411483.3.peg.1947.site.77, 3, 150, 153
411483.3.peg.1947.site.78, 0, 152, 152
411483.3.peg.1947.site.79, 1, 153, 154
411483.3.peg.1947.site.80, 2, 153, 155
411483.3.peg.1947.site.81, 2, 154, 156
411483.3.peg.1947.site.82, 5, 151, 156
411483.3.peg.1947.site.83, 58, 136, 194
411483.3.peg.1947.site.84, 2, 148, 150
411483.3.peg.1947.site.85, 4, 145, 149
411483.3.peg.1947.site.86, 4, 146, 150
411483.3.peg.1947.site.87, 88, 136, 224
411483.3.peg.1947.site.88, 1, 142, 143
411483.3.peg.1947.site.89, 0, 130, 130
411483.3.peg.1947.site.90, 17, 131, 148
411483.3.peg.1947.site.91, 1, 140, 141
411483.3.peg.1947.site.92, 2, 146, 148
411483.3.peg.1947.site.93, 29, 137, 166
411483.3.peg.1947.site.94, 1, 142, 143
411483.3.peg.1945.site.1, 1, 148, 149
411483.3.peg.1945.site.2, 2, 150, 152
411483.3.peg.1945.site.3, 3, 148, 151
411483.3.peg.1945.site.4, 1, 144, 145
411483.3.peg.1945.site.5, 11, 137, 148
411483.3.peg.1945.site.6, 3, 144, 147
411483.3.peg.1945.site.7, 0, 149, 149
411483.3.peg.1945.site.8, 1, 149, 150
411483.3.peg.1945.site.9, 1, 148, 149
411483.3.peg.1945.site.10, 16, 134, 150
411483.3.peg.1945.site.11, 10, 130, 140
411483.3.peg.1945.site.12, 18, 141, 159
411483.3.peg.1945.site.13, 2, 150, 152
411483.3.peg.1945.site.14, 2, 150, 152
411483.3.peg.1945.site.15, 0, 151, 151
411483.3.peg.1945.site.16, 3, 155, 158
411483.3.peg.1945.site.17, 2, 151, 153
411483.3.peg.1945.site.18, 4, 153, 157
411483.3.peg.1945.site.19, 8, 147, 155
411483.3.peg.1945.site.20, 1, 153, 154
411483.3.peg.1945.site.21, 0, 151, 151
411483.3.peg.1945.site.22, 2, 148, 150
411483.3.peg.1945.site.23, 1, 152, 153
411483.3.peg.1945.site.24, 0, 149, 149
411483.3.peg.1945.site.25, 4, 147, 151
411483.3.peg.1945.site.26, 3, 149, 152
411483.3.peg.1945.site.27, 5, 148, 153
411483.3.peg.1945.site.28, 10, 148, 158
411483.3.peg.1945.site.29, 4, 149, 153
411483.3.peg.1945.site.30, 0, 151, 151
411483.3.peg.1945.site.31, 0, 149, 149
411483.3.peg.1945.site.32, 1, 141, 142
411483.3.peg.1945.site.33, 0, 131, 131
411483.3.peg.1945.site.34, 7, 144, 151
411483.3.peg.1945.site.35, 11, 139, 150
411483.3.peg.1945.site.36, 2, 140, 142
411483.3.peg.1945.site.37, 1, 137, 138
411483.3.peg.1945.site.38, 1, 123, 124
411483.3.peg.1945.site.39, 4, 120, 124
411483.3.peg.1945.site.40, 0, 128, 128
411483.3.peg.1945.site.41, 0, 137, 137
411483.3.peg.1945.site.42, 4, 144, 148
411483.3.peg.1945.site.43, 1, 152, 153
411483.3.peg.1945.site.44, 4, 153, 157
411483.3.peg.1945.site.45, 4, 149, 153
411483.3.peg.1945.site.46, 11, 145, 156
411483.3.peg.1945.site.47, 10, 142, 152
411483.3.peg.1945.site.48, 3, 143, 146
411483.3.peg.1945.site.49, 6, 144, 150
411483.3.peg.1945.site.50, 1, 125, 126
411483.3.peg.1945.site.51, 1, 101, 102
411483.3.peg.1945.site.52, 33, 105, 138
411483.3.peg.1945.site.53, 48, 99, 147
411483.3.peg.1945.site.54, 0, 109, 109
411483.3.peg.1945.site.55, 2, 117, 119
411483.3.peg.1945.site.56, 0, 124, 124
411483.3.peg.1945.site.57, 2, 117, 119
411483.3.peg.1945.site.58, 3, 122, 125
411483.3.peg.1945.site.59, 1, 118, 119
411483.3.peg.1945.site.60, 4, 112, 116
411483.3.peg.1945.site.61, 1, 114, 115
411483.3.peg.1945.site.62, 1, 116, 117
411483.3.peg.1945.site.63, 0, 120, 120
411483.3.peg.1945.site.64, 2, 110, 112
411483.3.peg.1945.site.65, 1, 89, 90
411483.3.peg.1945.site.66, 2, 86, 88
411483.3.peg.1945.site.67, 4, 98, 102
411483.3.peg.1945.site.68, 1, 104, 105
411483.3.peg.1945.site.69, 2, 120, 122
411483.3.peg.1945.site.70, 40, 128, 168
411483.3.peg.1945.site.71, 0, 137, 137
411483.3.peg.1945.site.72, 23, 137, 160
411483.3.peg.1945.site.73, 90, 132, 222
411483.3.peg.1945.site.74, 1, 149, 150
411483.3.peg.1945.site.75, 9, 147, 156
411483.3.peg.1945.site.76, 0, 140, 140
411483.3.peg.1945.site.77, 120, 127, 247
411483.3.peg.1945.site.78, 2, 141, 143
411483.3.peg.1945.site.79, 0, 132, 132
411483.3.peg.1945.site.80, 1, 134, 135
411483.3.peg.1945.site.81, 0, 137, 137
411483.3.peg.1945.site.82, 1, 146, 147
411483.3.peg.1945.site.83, 1, 137, 138
411483.3.peg.1945.site.84, 1, 145, 146
411483.3.peg.1945.site.85, 1, 139, 140
411483.3.peg.1945.site.86, 1, 139, 140
411483.3.peg.1945.site.87, 1, 138, 139
411483.3.peg.1945.site.88, 3, 142, 145
411483.3.peg.1945.site.89, 4, 143, 147
411483.3.peg.1945.site.90, 4, 138, 142
411483.3.peg.1945.site.91, 10, 133, 143
411483.3.peg.1945.site.92, 24, 125, 149
411483.3.peg.1945.site.93, 10, 132, 142
411483.3.peg.1945.site.94, 4, 146, 150
411483.3.peg.1945.site.95, 1, 146, 147
411483.3.peg.1945.site.96, 0, 147, 147
411483.3.peg.1945.site.97, 3, 153, 156
411483.3.peg.1945.site.98, 1, 153, 154
411483.3.peg.1945.site.99, 2, 153, 155
411483.3.peg.1945.site.100, 1, 155, 156
411483.3.peg.1945.site.101, 0, 154, 154
411483.3.peg.1945.site.102, 3, 152, 155
411483.3.peg.1945.site.103, 1, 153, 154
411483.3.peg.1945.site.104, 54, 143, 197
411483.3.peg.1945.site.105, 1, 152, 153
411483.3.peg.1945.site.106, 1, 154, 155
411483.3.peg.1945.site.107, 1, 151, 152
411483.3.peg.1945.site.108, 0, 151, 151
411483.3.peg.1945.site.109, 31, 144, 175
411483.3.peg.1945.site.110, 2, 153, 155
411483.3.peg.1945.site.111, 9, 149, 158
411483.3.peg.1945.site.112, 2, 152, 154
411483.3.peg.1945.site.113, 7, 147, 154
411483.3.peg.1945.site.114, 82, 136, 218
411483.3.peg.1945.site.115, 3, 148, 151
411483.3.peg.1945.site.116, 1, 155, 156
411483.3.peg.1945.site.117, 0, 153, 153
411483.3.peg.1945.site.118, 86, 142, 228
411483.3.peg.1945.site.119, 3, 153, 156
411483.3.peg.1945.site.120, 2, 154, 156
411483.3.peg.1945.site.121, 74, 147, 221
411483.3.peg.1945.site.122, 1, 152, 153
411483.3.peg.1945.site.123, 6, 152, 158
411483.3.peg.1945.site.124, 6, 152, 158
411483.3.peg.1945.site.125, 10, 153, 163
411483.3.peg.1945.site.126, 7, 152, 159
411483.3.peg.1945.site.127, 1, 154, 155
411483.3.peg.1945.site.128, 1, 154, 155
411483.3.peg.1945.site.129, 3, 150, 153
411483.3.peg.1945.site.130, 3, 151, 154
411483.3.peg.1945.site.131, 1, 154, 155
411483.3.peg.1945.site.132, 1, 155, 156
411483.3.peg.1945.site.133, 4, 148, 152
411483.3.peg.1945.site.134, 5, 152, 157
411483.3.peg.1945.site.135, 1, 150, 151
411483.3.peg.1945.site.136, 3, 149, 152
411483.3.peg.1945.site.137, 0, 151, 151
411483.3.peg.1945.site.138, 3, 149, 152
411483.3.peg.1945.site.139, 20, 149, 169
411483.3.peg.1945.site.140, 1, 151, 152
411483.3.peg.1945.site.141, 6, 152, 158
411483.3.peg.1945.site.142, 6, 151, 157
411483.3.peg.1945.site.143, 7, 150, 157
411483.3.peg.1945.site.144, 1, 151, 152
411483.3.peg.1945.site.145, 9, 151, 160
411483.3.peg.1945.site.146, 14, 144, 158
411483.3.peg.1945.site.147, 6, 149, 155
411483.3.peg.1945.site.148, 0, 150, 150
411483.3.peg.1945.site.149, 0, 147, 147
411483.3.peg.1945.site.150, 38, 136, 174
411483.3.peg.1945.site.151, 79, 129, 208
411483.3.peg.1945.site.152, 4, 145, 149
411483.3.peg.1945.site.153, 5, 149, 154
411483.3.peg.1945.site.154, 1, 149, 150
411483.3.peg.1945.site.155, 9, 151, 160
411483.3.peg.1945.site.156, 0, 150, 150
411483.3.peg.2164.site.1, 5, 152, 157
411483.3.peg.2164.site.2, 1, 151, 152
411483.3.peg.2164.site.3, 13, 151, 164
411483.3.peg.2164.site.4, 1, 150, 151
411483.3.peg.2164.site.5, 0, 152, 152
411483.3.peg.2164.site.6, 1, 152, 153
411483.3.peg.2164.site.7, 148, 148, 296
411483.3.peg.2164.site.8, 0, 134, 134
411483.3.peg.2164.site.9, 1, 122, 123
411483.3.peg.2164.site.10, 1, 113, 114
411483.3.peg.2164.site.11, 2, 120, 122
411483.3.peg.2164.site.12, 0, 126, 126
411483.3.peg.2164.site.13, 1, 128, 129
411483.3.peg.2164.site.14, 1, 147, 148
411483.3.peg.2164.site.15, 1, 151, 152
411483.3.peg.2164.site.16, 0, 148, 148
411483.3.peg.2164.site.17, 10, 144, 154
411483.3.peg.2164.site.18, 1, 154, 155
411483.3.peg.2164.site.19, 32, 146, 178
411483.3.peg.2164.site.20, 132, 151, 283
411483.3.peg.2164.site.21, 8, 154, 162
411483.3.peg.2164.site.22, 1, 153, 154
411483.3.peg.2164.site.23, 2, 154, 156
411483.3.peg.2164.site.24, 4, 153, 157
411483.3.peg.2164.site.25, 2, 153, 155
411483.3.peg.2164.site.26, 8, 150, 158
411483.3.peg.2164.site.27, 1, 152, 153
411483.3.peg.2167.site.1, 2, 139, 141
411483.3.peg.2167.site.2, 3, 139, 142
411483.3.peg.2167.site.3, 8, 145, 153
411483.3.peg.2167.site.4, 1, 146, 147
411483.3.peg.2167.site.5, 8, 146, 154
411483.3.peg.2167.site.6, 1, 148, 149
411483.3.peg.2167.site.7, 2, 145, 147
411483.3.peg.2167.site.8, 2, 148, 150
411483.3.peg.2167.site.9, 2, 148, 150
411483.3.peg.2167.site.10, 15, 143, 158
411483.3.peg.2167.site.11, 86, 138, 224
411483.3.peg.2167.site.12, 3, 146, 149
411483.3.peg.2167.site.13, 15, 147, 162
411483.3.peg.2167.site.14, 1, 146, 147
411483.3.peg.2167.site.15, 1, 133, 134
411483.3.peg.2167.site.16, 3, 137, 140
411483.3.peg.2167.site.17, 2, 136, 138
411483.3.peg.2167.site.18, 2, 139, 141
411483.3.peg.2167.site.19, 5, 138, 143
411483.3.peg.2167.site.20, 10, 127, 137
411483.3.peg.2167.site.21, 2, 138, 140
411483.3.peg.2167.site.22, 1, 138, 139
411483.3.peg.2167.site.23, 4, 138, 142
411483.3.peg.2167.site.24, 4, 137, 141
411483.3.peg.2167.site.25, 124, 137, 261
411483.3.peg.2167.site.26, 135, 135, 270
411483.3.peg.2167.site.27, 1, 120, 121
411483.3.peg.2167.site.28, 1, 123, 124
411483.3.peg.2167.site.29, 10, 117, 127
411483.3.peg.2167.site.30, 1, 121, 122
411483.3.peg.2167.site.31, 6, 112, 118
411483.3.peg.2167.site.32, 48, 110, 158
411483.3.peg.2167.site.33, 2, 110, 112
411483.3.peg.2167.site.34, 7, 107, 114
411483.3.peg.2167.site.35, 4, 110, 114
411483.3.peg.2167.site.36, 114, 114, 228
411483.3.peg.2167.site.37, 3, 121, 124
411483.3.peg.2167.site.38, 2, 129, 131
411483.3.peg.2167.site.39, 1, 130, 131
411483.3.peg.2167.site.40, 21, 132, 153
411483.3.peg.2167.site.41, 5, 142, 147
411483.3.peg.2167.site.42, 3, 144, 147
411483.3.peg.2167.site.43, 2, 151, 153
411483.3.peg.2167.site.44, 1, 152, 153
411483.3.peg.2167.site.45, 1, 151, 152
411483.3.peg.2167.site.46, 3, 150, 153
411483.3.peg.2167.site.47, 1, 149, 150
411483.3.peg.2167.site.48, 13, 146, 159
411483.3.peg.2167.site.49, 3, 148, 151
411483.3.peg.2167.site.50, 103, 143, 246
411483.3.peg.2167.site.51, 2, 149, 151
411483.3.peg.2167.site.52, 7, 152, 159
411483.3.peg.2167.site.53, 0, 146, 146
411483.3.peg.2167.site.54, 2, 151, 153
411483.3.peg.2167.site.55, 48, 140, 188
411483.3.peg.2167.site.56, 0, 150, 150
411483.3.peg.2167.site.57, 6, 155, 161
411483.3.peg.2167.site.58, 114, 138, 252
411483.3.peg.2167.site.59, 4, 151, 155
411483.3.peg.2167.site.60, 0, 153, 153
411483.3.peg.2167.site.61, 11, 153, 164
411483.3.peg.2167.site.62, 0, 143, 143
411483.3.peg.2167.site.63, 0, 154, 154
411483.3.peg.2167.site.64, 1, 140, 141
411483.3.peg.2167.site.65, 2, 149, 151
411483.3.peg.2167.site.66, 0, 153, 153
411483.3.peg.2167.site.67, 3, 149, 152
411483.3.peg.2167.site.68, 1, 150, 151
411483.3.peg.2167.site.69, 59, 132, 191
411483.3.peg.2167.site.70, 148, 149, 297
411483.3.peg.2167.site.71, 29, 141, 170
411483.3.peg.2167.site.72, 0, 146, 146
411483.3.peg.2167.site.73, 43, 133, 176
411483.3.peg.2167.site.74, 111, 133, 244
411483.3.peg.2167.site.75, 29, 134, 163
411483.3.peg.2167.site.76, 0, 124, 124
411483.3.peg.2167.site.77, 15, 129, 144
411483.3.peg.2167.site.78, 2, 138, 140
411483.3.peg.2167.site.79, 8, 137, 145
411483.3.peg.2167.site.80, 5, 142, 147
411483.3.peg.2167.site.81, 0, 145, 145
411483.3.peg.2167.site.82, 2, 147, 149
411483.3.peg.2167.site.83, 6, 148, 154
411483.3.peg.2167.site.84, 0, 145, 145
411483.3.peg.2167.site.85, 6, 152, 158
411483.3.peg.2167.site.86, 4, 149, 153
411483.3.peg.2167.site.87, 1, 152, 153
411483.3.peg.2167.site.88, 99, 140, 239
411483.3.peg.2167.site.89, 2, 149, 151
411483.3.peg.2167.site.90, 8, 150, 158
411483.3.peg.2167.site.91, 0, 151, 151
411483.3.peg.2167.site.92, 2, 154, 156
411483.3.peg.2167.site.93, 3, 152, 155
411483.3.peg.2167.site.94, 9, 153, 162
411483.3.peg.2167.site.95, 5, 151, 156
411483.3.peg.2167.site.96, 101, 147, 248
411483.3.peg.2167.site.97, 69, 137, 206
411483.3.peg.2167.site.98, 6, 154, 160
411483.3.peg.2167.site.99, 6, 153, 159
411483.3.peg.2167.site.100, 2, 153, 155
411483.3.peg.2167.site.101, 19, 154, 173
411483.3.peg.2167.site.102, 2, 154, 156
411483.3.peg.2167.site.103, 1, 153, 154
411483.3.peg.2167.site.104, 9, 150, 159
411483.3.peg.2167.site.105, 8, 153, 161
411483.3.peg.2167.site.106, 1, 153, 154
411483.3.peg.2167.site.107, 2, 153, 155
411483.3.peg.2167.site.108, 96, 143, 239
411483.3.peg.2167.site.109, 1, 150, 151
411483.3.peg.2167.site.110, 2, 150, 152
411483.3.peg.2167.site.111, 1, 143, 144
411483.3.peg.2167.site.112, 5, 140, 145
411483.3.peg.2167.site.113, 0, 145, 145
411483.3.peg.2167.site.114, 1, 150, 151
411483.3.peg.2167.site.115, 2, 148, 150
411483.3.peg.2167.site.116, 2, 149, 151
411483.3.peg.2167.site.117, 1, 150, 151
411483.3.peg.2167.site.118, 6, 145, 151
411483.3.peg.2167.site.119, 9, 151, 160
411483.3.peg.2167.site.120, 2, 146, 148
411483.3.peg.2167.site.121, 8, 151, 159
411483.3.peg.2167.site.122, 3, 150, 153
411483.3.peg.2167.site.123, 0, 150, 150
411483.3.peg.2167.site.124, 1, 152, 153
411483.3.peg.2167.site.125, 0, 152, 152
411483.3.peg.2167.site.126, 1, 153, 154
411483.3.peg.2167.site.127, 1, 151, 152
411483.3.peg.2167.site.128, 1, 146, 147
411483.3.peg.2167.site.129, 28, 148, 176
411483.3.peg.2167.site.130, 7, 153, 160
411483.3.peg.2167.site.131, 6, 146, 152
411483.3.peg.2167.site.132, 2, 153, 155
411483.3.peg.1419.site.1, 1, 149, 150
411483.3.peg.1419.site.2, 5, 146, 151
411483.3.peg.1419.site.3, 84, 136, 220
411483.3.peg.1419.site.4, 1, 150, 151
411483.3.peg.1419.site.5, 6, 146, 152
411483.3.peg.1419.site.6, 12, 144, 156
411483.3.peg.1419.site.7, 3, 150, 153
411483.3.peg.1419.site.8, 2, 152, 154
411483.3.peg.1419.site.9, 5, 149, 154
411483.3.peg.1419.site.10, 1, 148, 149
411483.3.peg.1419.site.11, 7, 150, 157
411483.3.peg.1419.site.12, 2, 149, 151
411483.3.peg.1419.site.13, 1, 152, 153
411483.3.peg.1419.site.14, 2, 153, 155
411483.3.peg.1419.site.15, 12, 149, 161
411483.3.peg.1419.site.16, 1, 152, 153
411483.3.peg.1419.site.17, 2, 143, 145
411483.3.peg.1419.site.18, 2, 152, 154
411483.3.peg.1419.site.19, 2, 148, 150
411483.3.peg.1419.site.20, 1, 150, 151
411483.3.peg.1419.site.21, 6, 147, 153
411483.3.peg.1419.site.22, 4, 144, 148
411483.3.peg.1419.site.23, 10, 138, 148
411483.3.peg.1419.site.24, 30, 139, 169
411483.3.peg.1419.site.25, 1, 147, 148
411483.3.peg.1419.site.26, 103, 140, 243
411483.3.peg.1419.site.27, 2, 148, 150
411483.3.peg.1419.site.28, 24, 141, 165
411483.3.peg.1419.site.29, 20, 136, 156
411483.3.peg.1419.site.30, 5, 152, 157
411483.3.peg.1419.site.31, 29, 150, 179
411483.3.peg.1419.site.32, 17, 144, 161
411483.3.peg.1419.site.33, 0, 155, 155
411483.3.peg.1419.site.34, 31, 145, 176
411483.3.peg.1419.site.35, 4, 153, 157
411483.3.peg.1419.site.36, 48, 140, 188
411483.3.peg.1419.site.37, 1, 151, 152
411483.3.peg.1419.site.38, 4, 149, 153
411483.3.peg.1419.site.39, 2, 150, 152
411483.3.peg.1419.site.40, 0, 146, 146
411483.3.peg.1419.site.41, 2, 152, 154
411483.3.peg.1419.site.42, 39, 138, 177
411483.3.peg.1419.site.43, 3, 149, 152
411483.3.peg.1419.site.44, 1, 153, 154
411483.3.peg.1419.site.45, 1, 151, 152
411483.3.peg.1419.site.46, 1, 151, 152
411483.3.peg.1419.site.47, 3, 151, 154
411483.3.peg.1418.site.1, 10, 82, 92
411483.3.peg.1418.site.2, 1, 110, 111
411483.3.peg.1418.site.3, 6, 119, 125
411483.3.peg.1418.site.4, 4, 117, 121
411483.3.peg.1418.site.5, 1, 123, 124
411483.3.peg.1418.site.6, 4, 119, 123
411483.3.peg.1418.site.7, 16, 111, 127
411483.3.peg.1418.site.8, 16, 106, 122
411483.3.peg.1418.site.9, 5, 113, 118
411483.3.peg.1418.site.10, 118, 120, 238
411483.3.peg.1418.site.11, 1, 115, 116
411483.3.peg.1418.site.12, 5, 107, 112
411483.3.peg.1418.site.13, 4, 118, 122
411483.3.peg.1418.site.14, 48, 111, 159
411483.3.peg.1418.site.15, 0, 119, 119
411483.3.peg.1418.site.16, 5, 115, 120
411483.3.peg.1418.site.17, 5, 136, 141
411483.3.peg.1418.site.18, 2, 132, 134
411483.3.peg.1418.site.19, 3, 131, 134
411483.3.peg.1418.site.20, 3, 135, 138
411483.3.peg.1418.site.21, 137, 137, 274
411483.3.peg.1418.site.22, 1, 140, 141
411483.3.peg.1418.site.23, 2, 143, 145
411483.3.peg.1418.site.24, 3, 141, 144
411483.3.peg.1418.site.25, 1, 143, 144
411483.3.peg.1418.site.26, 83, 123, 206
411483.3.peg.1418.site.27, 0, 147, 147
411483.3.peg.1418.site.28, 2, 144, 146
411483.3.peg.1418.site.29, 0, 148, 148
411483.3.peg.1418.site.30, 7, 149, 156
411483.3.peg.1418.site.31, 1, 150, 151
411483.3.peg.1418.site.32, 7, 149, 156
411483.3.peg.1418.site.33, 2, 152, 154
411483.3.peg.1418.site.34, 1, 152, 153
411483.3.peg.1418.site.35, 0, 151, 151
411483.3.peg.1418.site.36, 2, 152, 154
411483.3.peg.1418.site.37, 19, 149, 168
411483.3.peg.1418.site.38, 31, 141, 172
411483.3.peg.1418.site.39, 0, 149, 149
411483.3.peg.1418.site.40, 36, 142, 178
411483.3.peg.1418.site.41, 1, 147, 148
411483.3.peg.1418.site.42, 4, 143, 147
411483.3.peg.1418.site.43, 1, 148, 149
411483.3.peg.1418.site.44, 120, 143, 263
411483.3.peg.1418.site.45, 7, 143, 150
411483.3.peg.1411.site.1, 2, 147, 149
411483.3.peg.1411.site.2, 11, 146, 157
411483.3.peg.1411.site.3, 3, 151, 154
411483.3.peg.1411.site.4, 12, 149, 161
411483.3.peg.1411.site.5, 0, 152, 152
411483.3.peg.1411.site.6, 1, 152, 153
411483.3.peg.1411.site.7, 0, 146, 146
411483.3.peg.1411.site.8, 0, 154, 154
411483.3.peg.1411.site.9, 0, 148, 148
411483.3.peg.1411.site.10, 4, 148, 152
411483.3.peg.1411.site.11, 2, 152, 154
411483.3.peg.1411.site.12, 7, 150, 157
411483.3.peg.1411.site.13, 4, 147, 151
411483.3.peg.1411.site.14, 3, 148, 151
411483.3.peg.1411.site.15, 8, 143, 151
411483.3.peg.1411.site.16, 5, 149, 154
411483.3.peg.1411.site.17, 1, 150, 151
411483.3.peg.1411.site.18, 0, 147, 147
411483.3.peg.1411.site.19, 0, 142, 142
411483.3.peg.1411.site.20, 5, 148, 153
411483.3.peg.1411.site.21, 10, 138, 148
411483.3.peg.1411.site.22, 11, 143, 154
411483.3.peg.1411.site.23, 2, 147, 149
411483.3.peg.1411.site.24, 15, 146, 161
411483.3.peg.1411.site.25, 3, 153, 156
411483.3.peg.1411.site.26, 16, 149, 165
411483.3.peg.1411.site.27, 2, 153, 155
411483.3.peg.1411.site.28, 0, 153, 153
411483.3.peg.1411.site.29, 18, 145, 163
411483.3.peg.1411.site.30, 1, 149, 150
411483.3.peg.1411.site.31, 2, 146, 148
411483.3.peg.1411.site.32, 4, 147, 151
411483.3.peg.1411.site.33, 0, 146, 146
411483.3.peg.1411.site.34, 2, 148, 150
411483.3.peg.1411.site.35, 2, 153, 155
411483.3.peg.1411.site.36, 4, 155, 159
411483.3.peg.1411.site.37, 1, 154, 155
411483.3.peg.1411.site.38, 2, 155, 157
411483.3.peg.1411.site.39, 12, 152, 164
411483.3.peg.1410.site.1, 4, 149, 153
411483.3.peg.1410.site.2, 4, 153, 157
411483.3.peg.1410.site.3, 1, 152, 153
411483.3.peg.1410.site.4, 7, 148, 155
411483.3.peg.1410.site.5, 2, 149, 151
411483.3.peg.1410.site.6, 0, 153, 153
411483.3.peg.1410.site.7, 1, 153, 154
411483.3.peg.1410.site.8, 2, 152, 154
411483.3.peg.1410.site.9, 6, 149, 155
411483.3.peg.1410.site.10, 27, 139, 166
411483.3.peg.1410.site.11, 6, 148, 154
411483.3.peg.1410.site.12, 2, 147, 149
411483.3.peg.1410.site.13, 4, 146, 150
411483.3.peg.1410.site.14, 0, 144, 144
411483.3.peg.1410.site.15, 0, 137, 137
411483.3.peg.1410.site.16, 10, 141, 151
411483.3.peg.1410.site.17, 2, 127, 129
411483.3.peg.1410.site.18, 0, 124, 124
411483.3.peg.1410.site.19, 14, 124, 138
411483.3.peg.1410.site.20, 1, 124, 125
411483.3.peg.1410.site.21, 3, 127, 130
411483.3.peg.1410.site.22, 4, 132, 136
411483.3.peg.1410.site.23, 1, 150, 151
411483.3.peg.1410.site.24, 3, 149, 152
411483.3.peg.1410.site.25, 3, 145, 148
411483.3.peg.1410.site.26, 95, 133, 228
411483.3.peg.1410.site.27, 1, 130, 131
411483.3.peg.1410.site.28, 4, 118, 122
411483.3.peg.1410.site.29, 32, 120, 152
411483.3.peg.1410.site.30, 2, 139, 141
411483.3.peg.1410.site.31, 1, 142, 143
411483.3.peg.1410.site.32, 1, 144, 145
411483.3.peg.1410.site.33, 13, 135, 148
411483.3.peg.1410.site.34, 1, 149, 150
411483.3.peg.1410.site.35, 6, 148, 154
411483.3.peg.1410.site.36, 3, 148, 151
411483.3.peg.1410.site.37, 4, 144, 148
411483.3.peg.1410.site.38, 1, 149, 150
411483.3.peg.1410.site.39, 3, 148, 151
411483.3.peg.1410.site.40, 4, 150, 154
411483.3.peg.1410.site.41, 4, 147, 151
411483.3.peg.1410.site.42, 0, 151, 151
411483.3.peg.1410.site.43, 1, 152, 153
411483.3.peg.1410.site.44, 3, 150, 153
411483.3.peg.1410.site.45, 2, 153, 155
411483.3.peg.1410.site.46, 1, 152, 153
411483.3.peg.1410.site.47, 0, 153, 153
411483.3.peg.1410.site.48, 1, 154, 155
411483.3.peg.1410.site.49, 1, 154, 155
411483.3.peg.1410.site.50, 15, 150, 165
411483.3.peg.1410.site.51, 0, 150, 150
411483.3.peg.1410.site.52, 0, 151, 151
411483.3.peg.1410.site.53, 43, 143, 186
411483.3.peg.1410.site.54, 2, 147, 149
411483.3.peg.1410.site.55, 1, 151, 152
411483.3.peg.1410.site.56, 5, 145, 150
411483.3.peg.1410.site.57, 118, 136, 254
411483.3.peg.1410.site.58, 97, 129, 226
411483.3.peg.1410.site.59, 0, 147, 147
411483.3.peg.1410.site.60, 3, 152, 155
411483.3.peg.1410.site.61, 2, 149, 151
411483.3.peg.1410.site.62, 85, 144, 229
411483.3.peg.1410.site.63, 1, 151, 152
411483.3.peg.1410.site.64, 15, 147, 162
411483.3.peg.1410.site.65, 8, 153, 161
411483.3.peg.1410.site.66, 2, 152, 154
411483.3.peg.1410.site.67, 4, 153, 157
411483.3.peg.1410.site.68, 24, 146, 170
411483.3.peg.1410.site.69, 1, 153, 154
411483.3.peg.1410.site.70, 1, 152, 153
411483.3.peg.1410.site.71, 7, 150, 157
411483.3.peg.1410.site.72, 6, 150, 156
411483.3.peg.1410.site.73, 23, 145, 168
411483.3.peg.1410.site.74, 1, 151, 152
411483.3.peg.1410.site.75, 1, 150, 151
411483.3.peg.1410.site.76, 1, 147, 148
411483.3.peg.1410.site.77, 5, 147, 152
411483.3.peg.1410.site.78, 1, 143, 144
411483.3.peg.1410.site.79, 5, 137, 142
411483.3.peg.1410.site.80, 2, 122, 124
411483.3.peg.1410.site.81, 2, 117, 119
411483.3.peg.1410.site.82, 2, 113, 115
411483.3.peg.1413.site.1, 3, 152, 155
411483.3.peg.1413.site.2, 10, 148, 158
411483.3.peg.1413.site.3, 3, 148, 151
411483.3.peg.1413.site.4, 145, 145, 290
411483.3.peg.1413.site.5, 7, 132, 139
411483.3.peg.1413.site.6, 1, 132, 133
411483.3.peg.1413.site.7, 3, 107, 110
411483.3.peg.1413.site.8, 2, 106, 108
411483.3.peg.1413.site.9, 3, 92, 95
411483.3.peg.1413.site.10, 66, 92, 158
411483.3.peg.1413.site.11, 85, 99, 184
411483.3.peg.1413.site.12, 1, 101, 102
411483.3.peg.1413.site.13, 5, 88, 93
411483.3.peg.1413.site.14, 2, 100, 102
411483.3.peg.1413.site.15, 1, 99, 100
411483.3.peg.1413.site.16, 8, 124, 132
411483.3.peg.1413.site.17, 7, 122, 129
411483.3.peg.1413.site.18, 126, 132, 258
411483.3.peg.1413.site.19, 7, 137, 144
411483.3.peg.1413.site.20, 1, 140, 141
411483.3.peg.1413.site.21, 18, 140, 158
411483.3.peg.1413.site.22, 0, 142, 142
411483.3.peg.1413.site.23, 1, 139, 140
411483.3.peg.1413.site.24, 125, 139, 264
411483.3.peg.1413.site.25, 127, 133, 260
411483.3.peg.1413.site.26, 3, 134, 137
411483.3.peg.1413.site.27, 0, 124, 124
411483.3.peg.1413.site.28, 3, 126, 129
411483.3.peg.1412.site.1, 4, 154, 158
411483.3.peg.1412.site.2, 1, 152, 153
411483.3.peg.1412.site.3, 7, 152, 159
411483.3.peg.1412.site.4, 19, 149, 168
411483.3.peg.1412.site.5, 3, 153, 156
411483.3.peg.1412.site.6, 45, 149, 194
411483.3.peg.1412.site.7, 4, 151, 155
411483.3.peg.1412.site.8, 4, 146, 150
411483.3.peg.1412.site.9, 1, 143, 144
411483.3.peg.1412.site.10, 46, 134, 180
411483.3.peg.1412.site.11, 3, 141, 144
411483.3.peg.1412.site.12, 5, 142, 147
411483.3.peg.1412.site.13, 2, 141, 143
411483.3.peg.1412.site.14, 121, 140, 261
411483.3.peg.1412.site.15, 1, 141, 142
411483.3.peg.1412.site.16, 4, 141, 145
411483.3.peg.1412.site.17, 5, 138, 143
411483.3.peg.1412.site.18, 1, 132, 133
411483.3.peg.1412.site.19, 1, 130, 131
411483.3.peg.1412.site.20, 1, 118, 119
411483.3.peg.1412.site.21, 4, 109, 113
411483.3.peg.1412.site.22, 1, 112, 113
411483.3.peg.1412.site.23, 1, 96, 97
411483.3.peg.1412.site.24, 1, 95, 96
411483.3.peg.1412.site.25, 2, 81, 83
411483.3.peg.1412.site.26, 2, 87, 89
411483.3.peg.1412.site.27, 4, 108, 112
411483.3.peg.1412.site.28, 1, 133, 134
411483.3.peg.1412.site.29, 3, 135, 138
411483.3.peg.1412.site.30, 1, 139, 140
411483.3.peg.1412.site.31, 15, 137, 152
411483.3.peg.1412.site.32, 5, 139, 144
411483.3.peg.1412.site.33, 1, 147, 148
411483.3.peg.1412.site.34, 1, 145, 146
411483.3.peg.1412.site.35, 17, 150, 167
411483.3.peg.1412.site.36, 5, 150, 155
411483.3.peg.1412.site.37, 8, 152, 160
411483.3.peg.1412.site.38, 0, 152, 152
411483.3.peg.1412.site.39, 0, 151, 151
411483.3.peg.1412.site.40, 0, 154, 154
411483.3.peg.1412.site.41, 0, 152, 152
411483.3.peg.1412.site.42, 0, 153, 153
411483.3.peg.1412.site.43, 150, 154, 304
411483.3.peg.1412.site.44, 0, 151, 151
411483.3.peg.1412.site.45, 1, 153, 154
411483.3.peg.1412.site.46, 1, 152, 153
411483.3.peg.1412.site.47, 11, 149, 160
411483.3.peg.1412.site.48, 12, 152, 164
411483.3.peg.1412.site.49, 1, 152, 153
411483.3.peg.1412.site.50, 7, 151, 158
411483.3.peg.1412.site.51, 1, 154, 155
411483.3.peg.1412.site.52, 1, 153, 154
411483.3.peg.1412.site.53, 1, 155, 156
411483.3.peg.1412.site.54, 43, 150, 193
411483.3.peg.1412.site.55, 45, 149, 194
411483.3.peg.1412.site.56, 1, 154, 155
411483.3.peg.1412.site.57, 2, 155, 157
411483.3.peg.1412.site.58, 2, 154, 156
411483.3.peg.1412.site.59, 12, 150, 162
411483.3.peg.1412.site.60, 137, 153, 290
411483.3.peg.1414.site.1, 1, 123, 124
411483.3.peg.1414.site.2, 7, 134, 141
411483.3.peg.1414.site.3, 2, 141, 143
411483.3.peg.1414.site.4, 1, 144, 145
411483.3.peg.1414.site.5, 16, 149, 165
411483.3.peg.1414.site.6, 111, 145, 256
411483.3.peg.1414.site.7, 3, 151, 154
411483.3.peg.1414.site.8, 3, 154, 157
411483.3.peg.1414.site.9, 1, 154, 155
411483.3.peg.1414.site.10, 1, 154, 155
411483.3.peg.1414.site.11, 6, 154, 160
411483.3.peg.1414.site.12, 64, 142, 206
411483.3.peg.1414.site.13, 4, 152, 156
411483.3.peg.1414.site.14, 3, 153, 156
411483.3.peg.1414.site.15, 55, 141, 196
411483.3.peg.1414.site.16, 1, 149, 150
411483.3.peg.1414.site.17, 3, 139, 142
411483.3.peg.1414.site.18, 41, 133, 174
411483.3.peg.1414.site.19, 3, 143, 146
411483.3.peg.1414.site.20, 1, 144, 145
411483.3.peg.1414.site.21, 38, 136, 174
411483.3.peg.1414.site.22, 4, 145, 149
411483.3.peg.1414.site.23, 8, 137, 145
411483.3.peg.1414.site.24, 2, 140, 142
411483.3.peg.1414.site.25, 1, 146, 147
411483.3.peg.1414.site.26, 2, 149, 151
411483.3.peg.1414.site.27, 20, 144, 164
411483.3.peg.1414.site.28, 4, 150, 154
411483.3.peg.1414.site.29, 1, 149, 150
411483.3.peg.1414.site.30, 4, 144, 148
411483.3.peg.1414.site.31, 1, 146, 147
411483.3.peg.1414.site.32, 11, 141, 152
411483.3.peg.1414.site.33, 7, 137, 144
411483.3.peg.1414.site.34, 42, 118, 160
411483.3.peg.1414.site.35, 1, 127, 128
411483.3.peg.1414.site.36, 3, 122, 125
411483.3.peg.1414.site.37, 0, 121, 121
411483.3.peg.1414.site.38, 5, 118, 123
411483.3.peg.1414.site.39, 1, 113, 114
411483.3.peg.1414.site.40, 9, 111, 120
411483.3.peg.1414.site.41, 4, 104, 108
411483.3.peg.1414.site.42, 6, 106, 112
411483.3.peg.1414.site.43, 6, 99, 105
411483.3.peg.1414.site.44, 2, 110, 112
411483.3.peg.1414.site.45, 3, 122, 125
411483.3.peg.1414.site.46, 3, 122, 125
411483.3.peg.1414.site.47, 1, 127, 128
411483.3.peg.1414.site.48, 1, 142, 143
411483.3.peg.1414.site.49, 4, 142, 146
411483.3.peg.1414.site.50, 1, 143, 144
411483.3.peg.1414.site.51, 2, 143, 145
411483.3.peg.1414.site.52, 23, 138, 161
411483.3.peg.1414.site.53, 9, 147, 156
411483.3.peg.1414.site.54, 0, 148, 148
411483.3.peg.1414.site.55, 0, 147, 147
411483.3.peg.1414.site.56, 42, 139, 181
411483.3.peg.1414.site.57, 1, 151, 152
411483.3.peg.1414.site.58, 0, 150, 150
411483.3.peg.1414.site.59, 3, 149, 152
411483.3.peg.1414.site.60, 0, 150, 150
411483.3.peg.1414.site.61, 3, 142, 145
411483.3.peg.1414.site.62, 10, 139, 149
411483.3.peg.1414.site.63, 1, 133, 134
411483.3.peg.1414.site.64, 4, 120, 124
411483.3.peg.1414.site.65, 2, 105, 107
411483.3.peg.1414.site.66, 3, 109, 112
411483.3.peg.1414.site.67, 5, 107, 112
411483.3.peg.1414.site.68, 28, 95, 123
411483.3.peg.1414.site.69, 1, 124, 125
411483.3.peg.1414.site.70, 3, 148, 151
411483.3.peg.1414.site.71, 23, 140, 163
411483.3.peg.1414.site.72, 1, 139, 140
411483.3.peg.1414.site.73, 6, 142, 148
411483.3.peg.1414.site.74, 1, 126, 127
411483.3.peg.1414.site.75, 6, 116, 122
411483.3.peg.1414.site.76, 4, 112, 116
411483.3.peg.1414.site.77, 12, 106, 118
411483.3.peg.1414.site.78, 83, 86, 169
411483.3.peg.1414.site.79, 2, 128, 130
411483.3.peg.1414.site.80, 1, 131, 132
411483.3.peg.1414.site.81, 3, 148, 151
411483.3.peg.1414.site.82, 3, 148, 151
411483.3.peg.1414.site.83, 6, 145, 151
411483.3.peg.1414.site.84, 5, 148, 153
411483.3.peg.1414.site.85, 3, 146, 149
411483.3.peg.1414.site.86, 4, 146, 150
411483.3.peg.1414.site.87, 70, 140, 210
411483.3.peg.1414.site.88, 4, 145, 149
411483.3.peg.1414.site.89, 50, 136, 186
411483.3.peg.1414.site.90, 5, 148, 153
411483.3.peg.1414.site.91, 44, 138, 182
411483.3.peg.1414.site.92, 94, 141, 235
411483.3.peg.1414.site.93, 14, 146, 160
411483.3.peg.1414.site.94, 4, 150, 154
411483.3.peg.1414.site.95, 122, 146, 268
411483.3.peg.1414.site.96, 1, 153, 154
411483.3.peg.1414.site.97, 33, 148, 181
411483.3.peg.1414.site.98, 78, 146, 224
411483.3.peg.1414.site.99, 4, 154, 158
411483.3.peg.1414.site.100, 9, 150, 159
411483.3.peg.1414.site.101, 10, 150, 160
411483.3.peg.1414.site.102, 43, 146, 189
411483.3.peg.1414.site.103, 15, 150, 165
411483.3.peg.1414.site.104, 152, 154, 306
411483.3.peg.1414.site.105, 41, 152, 193
411483.3.peg.1414.site.106, 2, 153, 155
411483.3.peg.1414.site.107, 47, 141, 188
411483.3.peg.1414.site.108, 10, 154, 164
411483.3.peg.1414.site.109, 6, 151, 157
411483.3.peg.1414.site.110, 3, 151, 154
411483.3.peg.1417.site.1, 35, 143, 178
411483.3.peg.1417.site.2, 16, 151, 167
411483.3.peg.1417.site.3, 73, 142, 215
411483.3.peg.1417.site.4, 5, 146, 151
411483.3.peg.1417.site.5, 2, 150, 152
411483.3.peg.1417.site.6, 11, 149, 160
411483.3.peg.1417.site.7, 5, 153, 158
411483.3.peg.1417.site.8, 61, 135, 196
411483.3.peg.1417.site.9, 6, 150, 156
411483.3.peg.1417.site.10, 31, 141, 172
411483.3.peg.1417.site.11, 1, 146, 147
411483.3.peg.1417.site.12, 5, 144, 149
411483.3.peg.1417.site.13, 15, 133, 148
411483.3.peg.1417.site.14, 8, 140, 148
411483.3.peg.1417.site.15, 2, 138, 140
411483.3.peg.1417.site.16, 1, 120, 121
411483.3.peg.1417.site.17, 18, 112, 130
411483.3.peg.1417.site.18, 15, 111, 126
411483.3.peg.1417.site.19, 23, 89, 112
411483.3.peg.1417.site.20, 93, 100, 193
411483.3.peg.1417.site.21, 9, 79, 88
411483.3.peg.1417.site.22, 4, 91, 95
411483.3.peg.1417.site.23, 4, 100, 104
411483.3.peg.1417.site.24, 1, 101, 102
411483.3.peg.1417.site.25, 5, 108, 113
411483.3.peg.1417.site.26, 0, 101, 101
411483.3.peg.1417.site.27, 29, 93, 122
411483.3.peg.1417.site.28, 2, 91, 93
411483.3.peg.1417.site.29, 19, 80, 99
411483.3.peg.1417.site.30, 5, 88, 93
411483.3.peg.1417.site.31, 1, 91, 92
411483.3.peg.1417.site.32, 63, 75, 138
411483.3.peg.1417.site.33, 1, 89, 90
411483.3.peg.1417.site.34, 1, 87, 88
411483.3.peg.1417.site.35, 1, 96, 97
411483.3.peg.1417.site.36, 13, 93, 106
411483.3.peg.1417.site.37, 30, 85, 115
411483.3.peg.1417.site.38, 1, 99, 100
411483.3.peg.1417.site.39, 1, 95, 96
411483.3.peg.1417.site.40, 2, 94, 96
411483.3.peg.1417.site.41, 3, 70, 73
411483.3.peg.1417.site.42, 3, 75, 78
411483.3.peg.1417.site.43, 1, 65, 66
411483.3.peg.1417.site.44, 21, 50, 71
411483.3.peg.1417.site.45, 3, 58, 61
411483.3.peg.1417.site.46, 4, 60, 64
411483.3.peg.1417.site.47, 5, 61, 66
411483.3.peg.1417.site.48, 0, 71, 71
411483.3.peg.1417.site.49, 23, 76, 99
411483.3.peg.1417.site.50, 4, 90, 94
411483.3.peg.1417.site.51, 4, 91, 95
411483.3.peg.1417.site.52, 0, 94, 94
411483.3.peg.1417.site.53, 4, 97, 101
411483.3.peg.1417.site.54, 1, 100, 101
411483.3.peg.1417.site.55, 3, 95, 98
411483.3.peg.1417.site.56, 3, 106, 109
411483.3.peg.1417.site.57, 9, 106, 115
411483.3.peg.1417.site.58, 39, 104, 143
411483.3.peg.1417.site.59, 3, 116, 119
411483.3.peg.1417.site.60, 11, 113, 124
411483.3.peg.1417.site.61, 4, 119, 123
411483.3.peg.1417.site.62, 12, 124, 136
411483.3.peg.1417.site.63, 58, 124, 182
411483.3.peg.1417.site.64, 8, 124, 132
411483.3.peg.1417.site.65, 13, 103, 116
411483.3.peg.1417.site.66, 35, 101, 136
411483.3.peg.1417.site.67, 75, 94, 169
411483.3.peg.1417.site.68, 1, 107, 108
411483.3.peg.1417.site.69, 12, 98, 110
411483.3.peg.1417.site.70, 18, 83, 101
411483.3.peg.1417.site.71, 2, 88, 90
411483.3.peg.1417.site.72, 0, 92, 92
411483.3.peg.1417.site.73, 3, 91, 94
411483.3.peg.1417.site.74, 1, 71, 72
411483.3.peg.1417.site.75, 2, 79, 81
411483.3.peg.1417.site.76, 1, 102, 103
411483.3.peg.1417.site.77, 36, 110, 146
411483.3.peg.1417.site.78, 7, 116, 123
411483.3.peg.1417.site.79, 63, 108, 171
411483.3.peg.1417.site.80, 4, 107, 111
411483.3.peg.1417.site.81, 13, 105, 118
411483.3.peg.1417.site.82, 4, 116, 120
411483.3.peg.1417.site.83, 38, 96, 134
411483.3.peg.1417.site.84, 2, 116, 118
411483.3.peg.1417.site.85, 1, 111, 112
411483.3.peg.1417.site.86, 8, 115, 123
411483.3.peg.1417.site.87, 11, 118, 129
411483.3.peg.1417.site.88, 1, 130, 131
411483.3.peg.1417.site.89, 1, 127, 128
411483.3.peg.1417.site.90, 3, 129, 132
411483.3.peg.1417.site.91, 26, 134, 160
411483.3.peg.1417.site.92, 31, 133, 164
411483.3.peg.1417.site.93, 4, 141, 145
411483.3.peg.1417.site.94, 2, 139, 141
411483.3.peg.1417.site.95, 1, 144, 145
411483.3.peg.1417.site.96, 5, 138, 143
411483.3.peg.1417.site.97, 2, 149, 151
411483.3.peg.1417.site.98, 2, 148, 150
411483.3.peg.1417.site.99, 2, 146, 148
411483.3.peg.1417.site.100, 5, 144, 149
411483.3.peg.1417.site.101, 9, 146, 155
411483.3.peg.1417.site.102, 1, 149, 150
411483.3.peg.1417.site.103, 9, 143, 152
411483.3.peg.1417.site.104, 2, 152, 154
411483.3.peg.1417.site.105, 1, 151, 152
411483.3.peg.1417.site.106, 7, 150, 157
411483.3.peg.1417.site.107, 2, 149, 151
411483.3.peg.1417.site.108, 4, 148, 152
411483.3.peg.1417.site.109, 19, 145, 164
411483.3.peg.1417.site.110, 1, 143, 144
411483.3.peg.1417.site.111, 4, 136, 140
411483.3.peg.1417.site.112, 10, 130, 140
411483.3.peg.1417.site.113, 1, 136, 137
411483.3.peg.1417.site.114, 1, 143, 144
411483.3.peg.1417.site.115, 3, 136, 139
411483.3.peg.1417.site.116, 5, 114, 119
411483.3.peg.1417.site.117, 7, 127, 134
411483.3.peg.1417.site.118, 6, 124, 130
411483.3.peg.1417.site.119, 18, 125, 143
411483.3.peg.1417.site.120, 0, 117, 117
411483.3.peg.1417.site.121, 25, 111, 136
411483.3.peg.1417.site.122, 3, 117, 120
411483.3.peg.1417.site.123, 1, 101, 102
411483.3.peg.1417.site.124, 11, 94, 105
411483.3.peg.1417.site.125, 70, 107, 177
411483.3.peg.1417.site.126, 1, 108, 109
411483.3.peg.1417.site.127, 9, 115, 124
411483.3.peg.1417.site.128, 76, 110, 186
411483.3.peg.1417.site.129, 0, 114, 114
411483.3.peg.1417.site.130, 0, 118, 118
411483.3.peg.1417.site.131, 1, 122, 123
411483.3.peg.1417.site.132, 2, 117, 119
411483.3.peg.1417.site.133, 27, 111, 138
411483.3.peg.1417.site.134, 18, 99, 117
411483.3.peg.1417.site.135, 4, 99, 103
411483.3.peg.1417.site.136, 1, 86, 87
411483.3.peg.1417.site.137, 5, 84, 89
411483.3.peg.1417.site.138, 1, 76, 77
411483.3.peg.1417.site.139, 64, 79, 143
411483.3.peg.1417.site.140, 96, 96, 192
411483.3.peg.1417.site.141, 2, 120, 122
411483.3.peg.1417.site.142, 4, 116, 120
411483.3.peg.1417.site.143, 4, 121, 125
411483.3.peg.1417.site.144, 2, 128, 130
411483.3.peg.1417.site.145, 8, 122, 130
411483.3.peg.1417.site.146, 113, 119, 232
411483.3.peg.1417.site.147, 9, 108, 117
411483.3.peg.1417.site.148, 18, 102, 120
411483.3.peg.1417.site.149, 0, 119, 119
411483.3.peg.1417.site.150, 0, 113, 113
411483.3.peg.1417.site.151, 39, 97, 136
411483.3.peg.1417.site.152, 22, 131, 153
411483.3.peg.1417.site.153, 32, 133, 165
411483.3.peg.1417.site.154, 13, 142, 155
411483.3.peg.1417.site.155, 7, 149, 156
411483.3.peg.1417.site.156, 10, 152, 162
411483.3.peg.1417.site.157, 1, 153, 154
411483.3.peg.1417.site.158, 0, 152, 152
411483.3.peg.1417.site.159, 1, 151, 152
411483.3.peg.1417.site.160, 1, 150, 151
411483.3.peg.1417.site.161, 1, 148, 149
411483.3.peg.1417.site.162, 15, 149, 164
411483.3.peg.1417.site.163, 3, 147, 150
411483.3.peg.1417.site.164, 0, 146, 146
411483.3.peg.1417.site.165, 0, 149, 149
411483.3.peg.1417.site.166, 3, 148, 151
411483.3.peg.1417.site.167, 5, 154, 159
411483.3.peg.1417.site.168, 1, 154, 155
411483.3.peg.1417.site.169, 4, 151, 155
411483.3.peg.1417.site.170, 3, 152, 155
411483.3.peg.1417.site.171, 1, 151, 152
411483.3.peg.1417.site.172, 1, 152, 153
411483.3.peg.1417.site.173, 2, 151, 153
411483.3.peg.1417.site.174, 21, 150, 171
411483.3.peg.1417.site.175, 26, 141, 167
411483.3.peg.1417.site.176, 1, 148, 149
411483.3.peg.1417.site.177, 1, 149, 150
411483.3.peg.1417.site.178, 19, 146, 165
411483.3.peg.1417.site.179, 0, 151, 151
411483.3.peg.1417.site.180, 32, 134, 166
411483.3.peg.1417.site.181, 4, 148, 152
411483.3.peg.1417.site.182, 1, 149, 150
411483.3.peg.1417.site.183, 2, 148, 150
411483.3.peg.1417.site.184, 46, 129, 175
411483.3.peg.1417.site.185, 2, 144, 146
411483.3.peg.1417.site.186, 1, 118, 119
411483.3.peg.1417.site.187, 48, 93, 141
411483.3.peg.1417.site.188, 11, 64, 75
411483.3.peg.1416.site.1, 1, 152, 153
411483.3.peg.1416.site.2, 3, 153, 156
411483.3.peg.1416.site.3, 0, 151, 151
411483.3.peg.1416.site.4, 0, 152, 152
411483.3.peg.1416.site.5, 138, 152, 290
411483.3.peg.1416.site.6, 2, 154, 156
411483.3.peg.1416.site.7, 3, 154, 157
411483.3.peg.1416.site.8, 11, 153, 164
411483.3.peg.1416.site.9, 7, 149, 156
411483.3.peg.1416.site.10, 5, 147, 152
411483.3.peg.1416.site.11, 2, 154, 156
411483.3.peg.1416.site.12, 4, 151, 155
411483.3.peg.1095.site.1, 1, 154, 155
411483.3.peg.1095.site.2, 1, 152, 153
411483.3.peg.1095.site.3, 1, 154, 155
411483.3.peg.1095.site.4, 2, 152, 154
411483.3.peg.1095.site.5, 9, 151, 160
411483.3.peg.1095.site.6, 2, 153, 155
411483.3.peg.1095.site.7, 1, 153, 154
411483.3.peg.1095.site.8, 1, 151, 152
411483.3.peg.1095.site.9, 7, 149, 156
411483.3.peg.1095.site.10, 2, 154, 156
411483.3.peg.1095.site.11, 0, 152, 152
411483.3.peg.1095.site.12, 153, 153, 306
411483.3.peg.1095.site.13, 46, 140, 186
411483.3.peg.1095.site.14, 5, 154, 159
411483.3.peg.1095.site.15, 84, 140, 224
411483.3.peg.1095.site.16, 147, 153, 300
411483.3.peg.1095.site.17, 61, 142, 203
411483.3.peg.1095.site.18, 3, 153, 156
411483.3.peg.1095.site.19, 0, 151, 151
411483.3.peg.1095.site.20, 0, 151, 151
411483.3.peg.1095.site.21, 10, 151, 161
411483.3.peg.1095.site.22, 13, 143, 156
411483.3.peg.1095.site.23, 13, 150, 163
411483.3.peg.1095.site.24, 0, 155, 155
411483.3.peg.1095.site.25, 4, 153, 157
411483.3.peg.1095.site.26, 1, 153, 154
411483.3.peg.1095.site.27, 1, 154, 155
411483.3.peg.1095.site.28, 119, 142, 261
411483.3.peg.1095.site.29, 67, 145, 212
411483.3.peg.1095.site.30, 77, 142, 219
411483.3.peg.1095.site.31, 1, 150, 151
411483.3.peg.1095.site.32, 1, 149, 150
411483.3.peg.1095.site.33, 75, 140, 215
411483.3.peg.1095.site.34, 2, 149, 151
411483.3.peg.1095.site.35, 4, 150, 154
411483.3.peg.1095.site.36, 2, 151, 153
411483.3.peg.1095.site.37, 2, 150, 152
411483.3.peg.1095.site.38, 91, 141, 232
411483.3.peg.1095.site.39, 6, 150, 156
411483.3.peg.1095.site.40, 0, 147, 147
411483.3.peg.1095.site.41, 4, 150, 154
411483.3.peg.1095.site.42, 5, 151, 156
411483.3.peg.1095.site.43, 0, 151, 151
411483.3.peg.1095.site.44, 25, 152, 177
411483.3.peg.1095.site.45, 3, 153, 156
411483.3.peg.1095.site.46, 4, 154, 158
411483.3.peg.1095.site.47, 4, 154, 158
411483.3.peg.1095.site.48, 3, 154, 157
411483.3.peg.1095.site.49, 3, 154, 157
411483.3.peg.1095.site.50, 2, 151, 153
411483.3.peg.1095.site.51, 1, 154, 155
411483.3.peg.1095.site.52, 7, 151, 158
411483.3.peg.1095.site.53, 9, 151, 160
411483.3.peg.1095.site.54, 30, 141, 171
411483.3.peg.1095.site.55, 21, 140, 161
411483.3.peg.1095.site.56, 17, 137, 154
411483.3.peg.1095.site.57, 1, 146, 147
411483.3.peg.1095.site.58, 35, 132, 167
411483.3.peg.1095.site.59, 21, 144, 165
411483.3.peg.1095.site.60, 20, 136, 156
411483.3.peg.1095.site.61, 4, 132, 136
411483.3.peg.1095.site.62, 40, 137, 177
411483.3.peg.1095.site.63, 4, 140, 144
411483.3.peg.1095.site.64, 19, 138, 157
411483.3.peg.1095.site.65, 2, 138, 140
411483.3.peg.1095.site.66, 7, 141, 148
411483.3.peg.1095.site.67, 16, 141, 157
411483.3.peg.1095.site.68, 1, 145, 146
411483.3.peg.1095.site.69, 2, 145, 147
411483.3.peg.1095.site.70, 35, 134, 169
411483.3.peg.1095.site.71, 77, 133, 210
411483.3.peg.1095.site.72, 0, 148, 148
411483.3.peg.1095.site.73, 2, 148, 150
411483.3.peg.1095.site.74, 1, 144, 145
411483.3.peg.1095.site.75, 4, 125, 129
411483.3.peg.1095.site.76, 3, 134, 137
411483.3.peg.1095.site.77, 130, 138, 268
411483.3.peg.1095.site.78, 3, 133, 136
411483.3.peg.1095.site.79, 6, 129, 135
411483.3.peg.1095.site.80, 1, 125, 126
411483.3.peg.1095.site.81, 1, 106, 107
411483.3.peg.1095.site.82, 2, 102, 104
411483.3.peg.1095.site.83, 31, 88, 119
411483.3.peg.1095.site.84, 6, 93, 99
411483.3.peg.1095.site.85, 5, 104, 109
411483.3.peg.1095.site.86, 0, 82, 82
411483.3.peg.1095.site.87, 3, 84, 87
411483.3.peg.1095.site.88, 8, 82, 90
411483.3.peg.1095.site.89, 79, 86, 165
411483.3.peg.1095.site.90, 1, 91, 92
411483.3.peg.1095.site.91, 37, 81, 118
411483.3.peg.1095.site.92, 0, 96, 96
411483.3.peg.1095.site.93, 0, 108, 108
411483.3.peg.1095.site.94, 1, 91, 92
411483.3.peg.1095.site.95, 7, 109, 116
411483.3.peg.1095.site.96, 9, 113, 122
411483.3.peg.1095.site.97, 5, 130, 135
411483.3.peg.1095.site.98, 4, 132, 136
411483.3.peg.1095.site.99, 8, 126, 134
411483.3.peg.1095.site.100, 0, 124, 124
411483.3.peg.1095.site.101, 12, 111, 123
411483.3.peg.1095.site.102, 2, 105, 107
411483.3.peg.1095.site.103, 17, 101, 118
411483.3.peg.1095.site.104, 6, 103, 109
411483.3.peg.1095.site.105, 4, 105, 109
411483.3.peg.1095.site.106, 10, 121, 131
411483.3.peg.1095.site.107, 8, 119, 127
411483.3.peg.1095.site.108, 1, 115, 116
411483.3.peg.1095.site.109, 2, 115, 117
411483.3.peg.1095.site.110, 2, 145, 147
411483.3.peg.1095.site.111, 32, 129, 161
411483.3.peg.1095.site.112, 18, 136, 154
411483.3.peg.1095.site.113, 2, 144, 146
411483.3.peg.1095.site.114, 0, 144, 144
411483.3.peg.1095.site.115, 8, 142, 150
411483.3.peg.1095.site.116, 4, 147, 151
411483.3.peg.1095.site.117, 4, 144, 148
411483.3.peg.1095.site.118, 3, 148, 151
411483.3.peg.1095.site.119, 3, 148, 151
411483.3.peg.1095.site.120, 3, 149, 152
411483.3.peg.1095.site.121, 1, 144, 145
411483.3.peg.1095.site.122, 6, 137, 143
411483.3.peg.1095.site.123, 129, 135, 264
411483.3.peg.1095.site.124, 43, 134, 177
411483.3.peg.1095.site.125, 37, 130, 167
411483.3.peg.1095.site.126, 47, 126, 173
411483.3.peg.1095.site.127, 41, 129, 170
411483.3.peg.1095.site.128, 7, 128, 135
411483.3.peg.1095.site.129, 3, 132, 135
411483.3.peg.1095.site.130, 18, 121, 139
411483.3.peg.1095.site.131, 2, 127, 129
411483.3.peg.1095.site.132, 1, 130, 131
411483.3.peg.1095.site.133, 2, 135, 137
411483.3.peg.1095.site.134, 2, 140, 142
411483.3.peg.1095.site.135, 7, 139, 146
411483.3.peg.1095.site.136, 20, 140, 160
411483.3.peg.1095.site.137, 5, 146, 151
411483.3.peg.1095.site.138, 2, 150, 152
411483.3.peg.1095.site.139, 0, 154, 154
411483.3.peg.1095.site.140, 19, 150, 169
411483.3.peg.1095.site.141, 19, 151, 170
411483.3.peg.1095.site.142, 18, 149, 167
411483.3.peg.1095.site.143, 6, 153, 159
411483.3.peg.1095.site.144, 0, 153, 153
411483.3.peg.1095.site.145, 3, 151, 154
411483.3.peg.1095.site.146, 22, 146, 168
411483.3.peg.1094.site.1, 1, 149, 150
411483.3.peg.1094.site.2, 20, 147, 167
411483.3.peg.1094.site.3, 35, 145, 180
411483.3.peg.1094.site.4, 7, 148, 155
411483.3.peg.1094.site.5, 10, 151, 161
411483.3.peg.1094.site.6, 3, 148, 151
411483.3.peg.1094.site.7, 2, 152, 154
411483.3.peg.1094.site.8, 9, 151, 160
411483.3.peg.1094.site.9, 6, 152, 158
411483.3.peg.1094.site.10, 104, 148, 252
411483.3.peg.1094.site.11, 2, 152, 154
411483.3.peg.1094.site.12, 146, 152, 298
411483.3.peg.1094.site.13, 2, 153, 155
411483.3.peg.1094.site.14, 3, 151, 154
411483.3.peg.1094.site.15, 4, 154, 158
411483.3.peg.1094.site.16, 6, 152, 158
411483.3.peg.1094.site.17, 6, 145, 151
411483.3.peg.1094.site.18, 27, 134, 161
411483.3.peg.1094.site.19, 1, 144, 145
411483.3.peg.1094.site.20, 2, 148, 150
411483.3.peg.1094.site.21, 9, 151, 160
411483.3.peg.1094.site.22, 1, 152, 153
411483.3.peg.1097.site.1, 3, 153, 156
411483.3.peg.1097.site.2, 0, 151, 151
411483.3.peg.1097.site.3, 7, 154, 161
411483.3.peg.1097.site.4, 42, 146, 188
411483.3.peg.1097.site.5, 4, 154, 158
411483.3.peg.1097.site.6, 7, 151, 158
411483.3.peg.1097.site.7, 18, 153, 171
411483.3.peg.1097.site.8, 8, 152, 160
411483.3.peg.1097.site.9, 7, 153, 160
411483.3.peg.1097.site.10, 3, 155, 158
411483.3.peg.1097.site.11, 15, 148, 163
411483.3.peg.1097.site.12, 0, 153, 153
411483.3.peg.1097.site.13, 0, 153, 153
411483.3.peg.1097.site.14, 31, 144, 175
411483.3.peg.1097.site.15, 2, 150, 152
411483.3.peg.1097.site.16, 145, 150, 295
411483.3.peg.1097.site.17, 7, 153, 160
411483.3.peg.1097.site.18, 24, 145, 169
411483.3.peg.1097.site.19, 3, 149, 152
411483.3.peg.1097.site.20, 7, 151, 158
411483.3.peg.1097.site.21, 0, 151, 151
411483.3.peg.1097.site.22, 31, 147, 178
411483.3.peg.1097.site.23, 4, 152, 156
411483.3.peg.1097.site.24, 5, 153, 158
411483.3.peg.1097.site.25, 2, 151, 153
411483.3.peg.1097.site.26, 71, 146, 217
411483.3.peg.1097.site.27, 2, 151, 153
411483.3.peg.1097.site.28, 7, 151, 158
411483.3.peg.1097.site.29, 1, 151, 152
411483.3.peg.1097.site.30, 7, 152, 159
411483.3.peg.1097.site.31, 112, 146, 258
411483.3.peg.1097.site.32, 0, 149, 149
411483.3.peg.1097.site.33, 6, 153, 159
411483.3.peg.1097.site.34, 0, 153, 153
411483.3.peg.1097.site.35, 2, 152, 154
411483.3.peg.1097.site.36, 5, 151, 156
411483.3.peg.1097.site.37, 6, 150, 156
411483.3.peg.1097.site.38, 2, 151, 153
411483.3.peg.1097.site.39, 2, 152, 154
411483.3.peg.1097.site.40, 0, 154, 154
411483.3.peg.1097.site.41, 4, 155, 159
411483.3.peg.1097.site.42, 3, 153, 156
411483.3.peg.1097.site.43, 1, 149, 150
411483.3.peg.1097.site.44, 0, 154, 154
411483.3.peg.1097.site.45, 7, 152, 159
411483.3.peg.1097.site.46, 1, 153, 154
411483.3.peg.1097.site.47, 0, 152, 152
411483.3.peg.1097.site.48, 3, 150, 153
411483.3.peg.1097.site.49, 0, 152, 152
411483.3.peg.1097.site.50, 38, 139, 177
411483.3.peg.1097.site.51, 1, 148, 149
411483.3.peg.1097.site.52, 1, 150, 151
411483.3.peg.1097.site.53, 6, 153, 159
411483.3.peg.1097.site.54, 2, 150, 152
411483.3.peg.1097.site.55, 0, 151, 151
411483.3.peg.1097.site.56, 1, 152, 153
411483.3.peg.1097.site.57, 22, 151, 173
411483.3.peg.1097.site.58, 129, 146, 275
411483.3.peg.1097.site.59, 3, 148, 151
411483.3.peg.1097.site.60, 93, 144, 237
411483.3.peg.1097.site.61, 12, 149, 161
411483.3.peg.1097.site.62, 1, 151, 152
411483.3.peg.1097.site.63, 134, 143, 277
411483.3.peg.1097.site.64, 0, 150, 150
411483.3.peg.1097.site.65, 5, 147, 152
411483.3.peg.1097.site.66, 5, 148, 153
411483.3.peg.1097.site.67, 0, 150, 150
411483.3.peg.1097.site.68, 2, 138, 140
411483.3.peg.1097.site.69, 1, 141, 142
411483.3.peg.1097.site.70, 0, 140, 140
411483.3.peg.1097.site.71, 41, 128, 169
411483.3.peg.1097.site.72, 50, 129, 179
411483.3.peg.1097.site.73, 1, 135, 136
411483.3.peg.1097.site.74, 0, 132, 132
411483.3.peg.1097.site.75, 2, 136, 138
411483.3.peg.1097.site.76, 17, 137, 154
411483.3.peg.1097.site.77, 0, 139, 139
411483.3.peg.1097.site.78, 1, 146, 147
411483.3.peg.1097.site.79, 3, 147, 150
411483.3.peg.1097.site.80, 3, 150, 153
411483.3.peg.1097.site.81, 1, 149, 150
411483.3.peg.1097.site.82, 9, 151, 160
411483.3.peg.1097.site.83, 0, 153, 153
411483.3.peg.1097.site.84, 3, 151, 154
411483.3.peg.1097.site.85, 8, 152, 160
411483.3.peg.1097.site.86, 1, 151, 152
411483.3.peg.1097.site.87, 14, 149, 163
411483.3.peg.1097.site.88, 72, 142, 214
411483.3.peg.1097.site.89, 58, 142, 200
411483.3.peg.1097.site.90, 0, 150, 150
411483.3.peg.1097.site.91, 118, 146, 264
411483.3.peg.1097.site.92, 4, 153, 157
411483.3.peg.1097.site.93, 7, 151, 158
411483.3.peg.1097.site.94, 2, 154, 156
411483.3.peg.1097.site.95, 9, 152, 161
411483.3.peg.1097.site.96, 6, 155, 161
411483.3.peg.1097.site.97, 3, 155, 158
411483.3.peg.1097.site.98, 0, 155, 155
411483.3.peg.1097.site.99, 2, 152, 154
411483.3.peg.1097.site.100, 9, 151, 160
411483.3.peg.1097.site.101, 1, 153, 154
411483.3.peg.1097.site.102, 0, 153, 153
411483.3.peg.1097.site.103, 0, 154, 154
411483.3.peg.1097.site.104, 64, 144, 208
411483.3.peg.1097.site.105, 1, 153, 154
411483.3.peg.1097.site.106, 1, 152, 153
411483.3.peg.1097.site.107, 19, 141, 160
411483.3.peg.1097.site.108, 8, 150, 158
411483.3.peg.1097.site.109, 1, 153, 154
411483.3.peg.1097.site.110, 10, 146, 156
411483.3.peg.1097.site.111, 1, 146, 147
411483.3.peg.1097.site.112, 0, 144, 144
411483.3.peg.1097.site.113, 119, 137, 256
411483.3.peg.1097.site.114, 0, 145, 145
411483.3.peg.1097.site.115, 0, 144, 144
411483.3.peg.1097.site.116, 2, 142, 144
411483.3.peg.1097.site.117, 105, 124, 229
411483.3.peg.1097.site.118, 49, 129, 178
411483.3.peg.1097.site.119, 107, 126, 233
411483.3.peg.1097.site.120, 1, 136, 137
411483.3.peg.1097.site.121, 40, 132, 172
411483.3.peg.1097.site.122, 3, 144, 147
411483.3.peg.1097.site.123, 7, 142, 149
411483.3.peg.1097.site.124, 30, 135, 165
411483.3.peg.1097.site.125, 25, 125, 150
411483.3.peg.1097.site.126, 22, 130, 152
411483.3.peg.1097.site.127, 0, 133, 133
411483.3.peg.1097.site.128, 5, 138, 143
411483.3.peg.1097.site.129, 2, 134, 136
411483.3.peg.1097.site.130, 1, 138, 139
411483.3.peg.1097.site.131, 3, 139, 142
411483.3.peg.1097.site.132, 6, 141, 147
411483.3.peg.1097.site.133, 1, 141, 142
411483.3.peg.1097.site.134, 0, 148, 148
411483.3.peg.1097.site.135, 2, 152, 154
411483.3.peg.1097.site.136, 0, 148, 148
411483.3.peg.1097.site.137, 7, 151, 158
411483.3.peg.1097.site.138, 2, 154, 156
411483.3.peg.1097.site.139, 8, 151, 159
411483.3.peg.1097.site.140, 3, 151, 154
411483.3.peg.1097.site.141, 3, 147, 150
411483.3.peg.1097.site.142, 1, 151, 152
411483.3.peg.1097.site.143, 3, 152, 155
411483.3.peg.1097.site.144, 0, 153, 153
411483.3.peg.1097.site.145, 1, 152, 153
411483.3.peg.1097.site.146, 5, 152, 157
411483.3.peg.1097.site.147, 8, 149, 157
411483.3.peg.1097.site.148, 1, 151, 152
411483.3.peg.1097.site.149, 1, 150, 151
411483.3.peg.1097.site.150, 20, 139, 159
411483.3.peg.1097.site.151, 2, 139, 141
411483.3.peg.1097.site.152, 0, 143, 143
411483.3.peg.1097.site.153, 2, 143, 145
411483.3.peg.1097.site.154, 2, 141, 143
411483.3.peg.1097.site.155, 20, 133, 153
411483.3.peg.1097.site.156, 0, 142, 142
411483.3.peg.1097.site.157, 1, 137, 138
411483.3.peg.1097.site.158, 48, 112, 160
411483.3.peg.1097.site.159, 20, 127, 147
411483.3.peg.1097.site.160, 8, 145, 153
411483.3.peg.1097.site.161, 47, 132, 179
411483.3.peg.1097.site.162, 2, 149, 151
411483.3.peg.1097.site.163, 1, 152, 153
411483.3.peg.1097.site.164, 0, 149, 149
411483.3.peg.1097.site.165, 2, 152, 154
411483.3.peg.1097.site.166, 2, 153, 155
411483.3.peg.1097.site.167, 4, 153, 157
411483.3.peg.1097.site.168, 26, 142, 168
411483.3.peg.1097.site.169, 70, 141, 211
411483.3.peg.1097.site.170, 10, 153, 163
411483.3.peg.1097.site.171, 67, 146, 213
411483.3.peg.1097.site.172, 2, 153, 155
411483.3.peg.1097.site.173, 153, 153, 306
411483.3.peg.1097.site.174, 0, 155, 155
411483.3.peg.1097.site.175, 1, 152, 153
411483.3.peg.1097.site.176, 2, 153, 155
411483.3.peg.1097.site.177, 56, 145, 201
411483.3.peg.1097.site.178, 1, 151, 152
411483.3.peg.1097.site.179, 1, 151, 152
411483.3.peg.1096.site.1, 97, 140, 237
411483.3.peg.1096.site.2, 4, 149, 153
411483.3.peg.1096.site.3, 10, 148, 158
411483.3.peg.1096.site.4, 4, 150, 154
411483.3.peg.1096.site.5, 130, 147, 277
411483.3.peg.1096.site.6, 3, 153, 156
411483.3.peg.1096.site.7, 1, 153, 154
411483.3.peg.1096.site.8, 1, 154, 155
411483.3.peg.1096.site.9, 5, 151, 156
411483.3.peg.1096.site.10, 2, 152, 154
411483.3.peg.1096.site.11, 2, 153, 155
411483.3.peg.1096.site.12, 18, 151, 169
411483.3.peg.1096.site.13, 15, 148, 163
411483.3.peg.1096.site.14, 18, 144, 162
411483.3.peg.1096.site.15, 6, 150, 156
411483.3.peg.1096.site.16, 13, 151, 164
411483.3.peg.1096.site.17, 6, 150, 156
411483.3.peg.1096.site.18, 28, 146, 174
411483.3.peg.1096.site.19, 3, 151, 154
411483.3.peg.1096.site.20, 0, 150, 150
411483.3.peg.1096.site.21, 10, 151, 161
411483.3.peg.1096.site.22, 2, 150, 152
411483.3.peg.1096.site.23, 3, 151, 154
411483.3.peg.1096.site.24, 12, 149, 161
411483.3.peg.1096.site.25, 2, 146, 148
411483.3.peg.1096.site.26, 5, 151, 156
411483.3.peg.1096.site.27, 9, 144, 153
411483.3.peg.1096.site.28, 22, 141, 163
411483.3.peg.1096.site.29, 2, 146, 148
411483.3.peg.1096.site.30, 8, 141, 149
411483.3.peg.1096.site.31, 34, 138, 172
411483.3.peg.1096.site.32, 7, 142, 149
411483.3.peg.1096.site.33, 1, 143, 144
411483.3.peg.1096.site.34, 3, 139, 142
411483.3.peg.1096.site.35, 13, 140, 153
411483.3.peg.1096.site.36, 4, 148, 152
411483.3.peg.1096.site.37, 0, 148, 148
411483.3.peg.1096.site.38, 8, 144, 152
411483.3.peg.1096.site.39, 6, 149, 155
411483.3.peg.1096.site.40, 5, 149, 154
411483.3.peg.1096.site.41, 2, 149, 151
411483.3.peg.1096.site.42, 13, 145, 158
411483.3.peg.1096.site.43, 0, 151, 151
411483.3.peg.1096.site.44, 5, 147, 152
411483.3.peg.1096.site.45, 1, 155, 156
411483.3.peg.1096.site.46, 0, 154, 154
411483.3.peg.1096.site.47, 87, 147, 234
411483.3.peg.1096.site.48, 0, 153, 153
411483.3.peg.1096.site.49, 0, 151, 151
411483.3.peg.1096.site.50, 36, 147, 183
411483.3.peg.1096.site.51, 0, 154, 154
411483.3.peg.1096.site.52, 36, 143, 179
411483.3.peg.1096.site.53, 5, 146, 151
411483.3.peg.1096.site.54, 1, 148, 149
411483.3.peg.1091.site.1, 1, 135, 136
411483.3.peg.1091.site.2, 29, 134, 163
411483.3.peg.1091.site.3, 0, 146, 146
411483.3.peg.1091.site.4, 1, 147, 148
411483.3.peg.1091.site.5, 5, 148, 153
411483.3.peg.1091.site.6, 0, 141, 141
411483.3.peg.1091.site.7, 68, 138, 206
411483.3.peg.1091.site.8, 43, 142, 185
411483.3.peg.1091.site.9, 5, 150, 155
411483.3.peg.1091.site.10, 58, 137, 195
411483.3.peg.1091.site.11, 9, 142, 151
411483.3.peg.1091.site.12, 53, 139, 192
411483.3.peg.1091.site.13, 0, 140, 140
411483.3.peg.1091.site.14, 12, 136, 148
411483.3.peg.1091.site.15, 3, 148, 151
411483.3.peg.1091.site.16, 1, 150, 151
411483.3.peg.1091.site.17, 1, 150, 151
411483.3.peg.1091.site.18, 15, 149, 164
411483.3.peg.1091.site.19, 0, 154, 154
411483.3.peg.1091.site.20, 3, 152, 155
411483.3.peg.1091.site.21, 0, 154, 154
411483.3.peg.1091.site.22, 10, 148, 158
411483.3.peg.1091.site.23, 2, 153, 155
411483.3.peg.1091.site.24, 4, 149, 153
411483.3.peg.1091.site.25, 21, 138, 159
411483.3.peg.1091.site.26, 2, 151, 153
411483.3.peg.1091.site.27, 3, 154, 157
411483.3.peg.1091.site.28, 63, 145, 208
411483.3.peg.1091.site.29, 6, 150, 156
411483.3.peg.1091.site.30, 19, 148, 167
411483.3.peg.1091.site.31, 0, 151, 151
411483.3.peg.1091.site.32, 3, 152, 155
411483.3.peg.1091.site.33, 17, 145, 162
411483.3.peg.1091.site.34, 9, 153, 162
411483.3.peg.1091.site.35, 30, 148, 178
411483.3.peg.1091.site.36, 4, 154, 158
411483.3.peg.1091.site.37, 72, 144, 216
411483.3.peg.1091.site.38, 3, 153, 156
411483.3.peg.1091.site.39, 2, 153, 155
411483.3.peg.1091.site.40, 6, 151, 157
411483.3.peg.1091.site.41, 10, 148, 158
411483.3.peg.1091.site.42, 5, 151, 156
411483.3.peg.1091.site.43, 3, 151, 154
411483.3.peg.1091.site.44, 7, 153, 160
411483.3.peg.1091.site.45, 0, 150, 150
411483.3.peg.1091.site.46, 37, 141, 178
411483.3.peg.1091.site.47, 0, 146, 146
411483.3.peg.1091.site.48, 3, 139, 142
411483.3.peg.1091.site.49, 102, 132, 234
411483.3.peg.1091.site.50, 75, 136, 211
411483.3.peg.1091.site.51, 0, 141, 141
411483.3.peg.1091.site.52, 0, 140, 140
411483.3.peg.1091.site.53, 6, 143, 149
411483.3.peg.1091.site.54, 142, 142, 284
411483.3.peg.1091.site.55, 1, 141, 142
411483.3.peg.1091.site.56, 0, 144, 144
411483.3.peg.1091.site.57, 146, 150, 296
411483.3.peg.1091.site.58, 1, 149, 150
411483.3.peg.1091.site.59, 94, 143, 237
411483.3.peg.1091.site.60, 15, 143, 158
411483.3.peg.1091.site.61, 131, 137, 268
411483.3.peg.1091.site.62, 8, 136, 144
411483.3.peg.1091.site.63, 76, 134, 210
411483.3.peg.1091.site.64, 2, 142, 144
411483.3.peg.1091.site.65, 1, 149, 150
411483.3.peg.1091.site.66, 28, 145, 173
411483.3.peg.1091.site.67, 4, 148, 152
411483.3.peg.1091.site.68, 12, 147, 159
411483.3.peg.1090.site.1, 0, 148, 148
411483.3.peg.1090.site.2, 3, 145, 148
411483.3.peg.1090.site.3, 3, 147, 150
411483.3.peg.1090.site.4, 1, 147, 148
411483.3.peg.1090.site.5, 2, 149, 151
411483.3.peg.1090.site.6, 3, 149, 152
411483.3.peg.1090.site.7, 3, 151, 154
411483.3.peg.1090.site.8, 2, 150, 152
411483.3.peg.1090.site.9, 147, 148, 295
411483.3.peg.1090.site.10, 96, 143, 239
411483.3.peg.1090.site.11, 2, 150, 152
411483.3.peg.1090.site.12, 1, 150, 151
411483.3.peg.1090.site.13, 0, 150, 150
411483.3.peg.1090.site.14, 20, 144, 164
411483.3.peg.1090.site.15, 0, 150, 150
411483.3.peg.1090.site.16, 1, 152, 153
411483.3.peg.1090.site.17, 28, 146, 174
411483.3.peg.1090.site.18, 2, 151, 153
411483.3.peg.1090.site.19, 9, 146, 155
411483.3.peg.1090.site.20, 2, 151, 153
411483.3.peg.1090.site.21, 12, 146, 158
411483.3.peg.1090.site.22, 2, 152, 154
411483.3.peg.1090.site.23, 1, 150, 151
411483.3.peg.1090.site.24, 25, 145, 170
411483.3.peg.1090.site.25, 1, 153, 154
411483.3.peg.1090.site.26, 5, 150, 155
411483.3.peg.1090.site.27, 33, 139, 172
411483.3.peg.1090.site.28, 2, 154, 156
411483.3.peg.1090.site.29, 5, 150, 155
411483.3.peg.1090.site.30, 45, 140, 185
411483.3.peg.1090.site.31, 1, 152, 153
411483.3.peg.1090.site.32, 19, 145, 164
411483.3.peg.1090.site.33, 4, 149, 153
411483.3.peg.1090.site.34, 4, 151, 155
411483.3.peg.1090.site.35, 3, 149, 152
411483.3.peg.1090.site.36, 128, 148, 276
411483.3.peg.1090.site.37, 57, 138, 195
411483.3.peg.1090.site.38, 10, 147, 157
411483.3.peg.1090.site.39, 48, 140, 188
411483.3.peg.1090.site.40, 1, 154, 155
411483.3.peg.1090.site.41, 4, 154, 158
411483.3.peg.1090.site.42, 1, 155, 156
411483.3.peg.1090.site.43, 9, 154, 163
411483.3.peg.1090.site.44, 80, 146, 226
411483.3.peg.1090.site.45, 4, 153, 157
411483.3.peg.1090.site.46, 5, 155, 160
411483.3.peg.1090.site.47, 2, 154, 156
411483.3.peg.1090.site.48, 1, 155, 156
411483.3.peg.1090.site.49, 22, 141, 163
411483.3.peg.1090.site.50, 114, 140, 254
411483.3.peg.1090.site.51, 1, 150, 151
411483.3.peg.1090.site.52, 3, 140, 143
411483.3.peg.1090.site.53, 61, 122, 183
411483.3.peg.1090.site.54, 0, 129, 129
411483.3.peg.1093.site.1, 48, 144, 192
411483.3.peg.1093.site.2, 2, 153, 155
411483.3.peg.1093.site.3, 3, 153, 156
411483.3.peg.1093.site.4, 7, 154, 161
411483.3.peg.1093.site.5, 2, 154, 156
411483.3.peg.1093.site.6, 2, 152, 154
411483.3.peg.1093.site.7, 2, 152, 154
411483.3.peg.1093.site.8, 7, 147, 154
411483.3.peg.1093.site.9, 0, 152, 152
411483.3.peg.1093.site.10, 89, 146, 235
411483.3.peg.1093.site.11, 0, 154, 154
411483.3.peg.1093.site.12, 1, 154, 155
411483.3.peg.1092.site.1, 3, 154, 157
411483.3.peg.1092.site.2, 6, 151, 157
411483.3.peg.1092.site.3, 2, 155, 157
411483.3.peg.1092.site.4, 155, 155, 310
411483.3.peg.1092.site.5, 3, 155, 158
411483.3.peg.1092.site.6, 4, 154, 158
411483.3.peg.1092.site.7, 1, 154, 155
411483.3.peg.1092.site.8, 1, 154, 155
411483.3.peg.1092.site.9, 14, 152, 166
411483.3.peg.1092.site.10, 41, 146, 187
411483.3.peg.1092.site.11, 6, 149, 155
411483.3.peg.1092.site.12, 10, 152, 162
411483.3.peg.1092.site.13, 16, 151, 167
411483.3.peg.1099.site.1, 2, 150, 152
411483.3.peg.1099.site.2, 29, 142, 171
411483.3.peg.1099.site.3, 78, 143, 221
411483.3.peg.1099.site.4, 71, 145, 216
411483.3.peg.1099.site.5, 35, 145, 180
411483.3.peg.1099.site.6, 10, 147, 157
411483.3.peg.1099.site.7, 3, 153, 156
411483.3.peg.1099.site.8, 2, 155, 157
411483.3.peg.1099.site.9, 1, 155, 156
411483.3.peg.1099.site.10, 19, 152, 171
411483.3.peg.1099.site.11, 0, 154, 154
411483.3.peg.1099.site.12, 1, 155, 156
411483.3.peg.1099.site.13, 1, 154, 155
411483.3.peg.1099.site.14, 1, 153, 154
411483.3.peg.1099.site.15, 2, 155, 157
411483.3.peg.1099.site.16, 26, 149, 175
411483.3.peg.1099.site.17, 3, 152, 155
411483.3.peg.1099.site.18, 3, 153, 156
411483.3.peg.1099.site.19, 3, 154, 157
411483.3.peg.1099.site.20, 53, 142, 195
411483.3.peg.1099.site.21, 24, 148, 172
411483.3.peg.1099.site.22, 126, 151, 277
411483.3.peg.1099.site.23, 3, 153, 156
411483.3.peg.1099.site.24, 1, 153, 154
411483.3.peg.1099.site.25, 1, 152, 153
411483.3.peg.1099.site.26, 1, 154, 155
411483.3.peg.1099.site.27, 0, 153, 153
411483.3.peg.1099.site.28, 0, 151, 151
411483.3.peg.1099.site.29, 38, 144, 182
411483.3.peg.1099.site.30, 0, 151, 151
411483.3.peg.1099.site.31, 16, 150, 166
411483.3.peg.1099.site.32, 18, 152, 170
411483.3.peg.1099.site.33, 1, 153, 154
411483.3.peg.1099.site.34, 1, 153, 154
411483.3.peg.1099.site.35, 1, 152, 153
411483.3.peg.1099.site.36, 8, 151, 159
411483.3.peg.1099.site.37, 4, 152, 156
411483.3.peg.1099.site.38, 11, 153, 164
411483.3.peg.1099.site.39, 3, 152, 155
411483.3.peg.1099.site.40, 2, 153, 155
411483.3.peg.1099.site.41, 116, 142, 258
411483.3.peg.1099.site.42, 94, 142, 236
411483.3.peg.1099.site.43, 97, 143, 240
411483.3.peg.1099.site.44, 1, 153, 154
411483.3.peg.1098.site.1, 2, 153, 155
411483.3.peg.1098.site.2, 2, 153, 155
411483.3.peg.1098.site.3, 0, 151, 151
411483.3.peg.1098.site.4, 10, 154, 164
411483.3.peg.1098.site.5, 4, 153, 157
411483.3.peg.1098.site.6, 12, 152, 164
411483.3.peg.1098.site.7, 0, 154, 154
411483.3.peg.1098.site.8, 11, 147, 158
411483.3.peg.1098.site.9, 1, 153, 154
411483.3.peg.1098.site.10, 94, 144, 238
411483.3.peg.1098.site.11, 85, 145, 230
411483.3.peg.1098.site.12, 7, 152, 159
411483.3.peg.1098.site.13, 1, 151, 152
411483.3.peg.1098.site.14, 0, 150, 150
411483.3.peg.1098.site.15, 1, 151, 152
411483.3.peg.1098.site.16, 4, 151, 155
411483.3.peg.1098.site.17, 1, 153, 154
411483.3.peg.1098.site.18, 0, 152, 152
411483.3.peg.1098.site.19, 65, 146, 211
411483.3.peg.1098.site.20, 53, 141, 194
411483.3.peg.1098.site.21, 70, 141, 211
411483.3.peg.1098.site.22, 10, 152, 162
411483.3.peg.1098.site.23, 11, 148, 159
411483.3.peg.1098.site.24, 44, 144, 188
411483.3.peg.1098.site.25, 1, 155, 156
411483.3.peg.1098.site.26, 1, 154, 155
411483.3.peg.1098.site.27, 154, 154, 308
411483.3.peg.1098.site.28, 0, 152, 152
411483.3.peg.1098.site.29, 43, 135, 178
411483.3.peg.1098.site.30, 0, 139, 139
411483.3.peg.1098.site.31, 3, 141, 144
411483.3.peg.1098.site.32, 15, 143, 158
411483.3.peg.1098.site.33, 2, 145, 147
411483.3.peg.1098.site.34, 20, 142, 162
411483.3.peg.1098.site.35, 8, 141, 149
411483.3.peg.1098.site.36, 0, 147, 147
411483.3.peg.199.site.1, 6, 149, 155
411483.3.peg.199.site.2, 5, 151, 156
411483.3.peg.199.site.3, 7, 154, 161
411483.3.peg.199.site.4, 0, 154, 154
411483.3.peg.199.site.5, 7, 153, 160
411483.3.peg.199.site.6, 4, 153, 157
411483.3.peg.199.site.7, 6, 151, 157
411483.3.peg.199.site.8, 53, 141, 194
411483.3.peg.199.site.9, 87, 136, 223
411483.3.peg.199.site.10, 12, 151, 163
411483.3.peg.199.site.11, 0, 152, 152
411483.3.peg.199.site.12, 9, 148, 157
411483.3.peg.199.site.13, 0, 151, 151
411483.3.peg.199.site.14, 3, 150, 153
411483.3.peg.199.site.15, 0, 152, 152
411483.3.peg.199.site.16, 1, 150, 151
411483.3.peg.199.site.17, 2, 153, 155
411483.3.peg.199.site.18, 0, 153, 153
411483.3.peg.199.site.19, 0, 153, 153
411483.3.peg.199.site.20, 0, 152, 152
411483.3.peg.199.site.21, 4, 152, 156
411483.3.peg.199.site.22, 13, 138, 151
411483.3.peg.199.site.23, 11, 145, 156
411483.3.peg.199.site.24, 2, 149, 151
411483.3.peg.199.site.25, 2, 149, 151
411483.3.peg.199.site.26, 0, 149, 149
411483.3.peg.199.site.27, 11, 144, 155
411483.3.peg.199.site.28, 27, 140, 167
411483.3.peg.199.site.29, 0, 150, 150
411483.3.peg.199.site.30, 18, 146, 164
411483.3.peg.199.site.31, 2, 145, 147
411483.3.peg.199.site.32, 4, 137, 141
411483.3.peg.199.site.33, 1, 139, 140
411483.3.peg.199.site.34, 122, 133, 255
411483.3.peg.199.site.35, 1, 144, 145
411483.3.peg.199.site.36, 0, 153, 153
411483.3.peg.199.site.37, 1, 153, 154
411483.3.peg.199.site.38, 60, 141, 201
411483.3.peg.199.site.39, 5, 151, 156
411483.3.peg.199.site.40, 8, 153, 161
411483.3.peg.199.site.41, 0, 154, 154
411483.3.peg.199.site.42, 1, 155, 156
411483.3.peg.199.site.43, 8, 154, 162
411483.3.peg.199.site.44, 18, 150, 168
411483.3.peg.199.site.45, 2, 151, 153
411483.3.peg.199.site.46, 39, 141, 180
411483.3.peg.199.site.47, 13, 150, 163
411483.3.peg.199.site.48, 12, 150, 162
411483.3.peg.199.site.49, 0, 153, 153
411483.3.peg.199.site.50, 15, 149, 164
411483.3.peg.199.site.51, 20, 147, 167
411483.3.peg.199.site.52, 1, 155, 156
411483.3.peg.199.site.53, 18, 149, 167
411483.3.peg.199.site.54, 5, 153, 158
411483.3.peg.199.site.55, 0, 153, 153
411483.3.peg.199.site.56, 152, 152, 304
411483.3.peg.199.site.57, 20, 140, 160
411483.3.peg.199.site.58, 0, 151, 151
411483.3.peg.199.site.59, 1, 151, 152
411483.3.peg.199.site.60, 19, 138, 157
411483.3.peg.199.site.61, 18, 151, 169
411483.3.peg.199.site.62, 42, 141, 183
411483.3.peg.199.site.63, 2, 155, 157
411483.3.peg.199.site.64, 7, 153, 160
411483.3.peg.199.site.65, 14, 145, 159
411483.3.peg.199.site.66, 4, 151, 155
411483.3.peg.199.site.67, 5, 153, 158
411483.3.peg.199.site.68, 1, 148, 149
411483.3.peg.199.site.69, 0, 150, 150
411483.3.peg.199.site.70, 11, 146, 157
411483.3.peg.199.site.71, 13, 150, 163
411483.3.peg.199.site.72, 0, 153, 153
411483.3.peg.199.site.73, 13, 151, 164
411483.3.peg.199.site.74, 44, 147, 191
411483.3.peg.199.site.75, 1, 154, 155
411483.3.peg.199.site.76, 1, 153, 154
411483.3.peg.199.site.77, 1, 153, 154
411483.3.peg.199.site.78, 5, 154, 159
411483.3.peg.199.site.79, 0, 152, 152
411483.3.peg.199.site.80, 0, 152, 152
411483.3.peg.199.site.81, 1, 154, 155
411483.3.peg.199.site.82, 1, 155, 156
411483.3.peg.199.site.83, 22, 151, 173
411483.3.peg.199.site.84, 3, 154, 157
411483.3.peg.199.site.85, 110, 151, 261
411483.3.peg.199.site.86, 8, 152, 160
411483.3.peg.199.site.87, 6, 154, 160
411483.3.peg.199.site.88, 4, 155, 159
411483.3.peg.199.site.89, 43, 145, 188
411483.3.peg.199.site.90, 29, 143, 172
411483.3.peg.199.site.91, 65, 148, 213
411483.3.peg.199.site.92, 4, 154, 158
411483.3.peg.199.site.93, 1, 154, 155
411483.3.peg.199.site.94, 3, 155, 158
411483.3.peg.199.site.95, 112, 151, 263
411483.3.peg.199.site.96, 1, 155, 156
411483.3.peg.199.site.97, 2, 154, 156
411483.3.peg.199.site.98, 134, 152, 286
411483.3.peg.199.site.99, 7, 153, 160
411483.3.peg.199.site.100, 71, 140, 211
411483.3.peg.199.site.101, 3, 151, 154
411483.3.peg.199.site.102, 2, 153, 155
411483.3.peg.199.site.103, 11, 150, 161
411483.3.peg.199.site.104, 1, 154, 155
411483.3.peg.199.site.105, 2, 154, 156
411483.3.peg.199.site.106, 1, 155, 156
411483.3.peg.199.site.107, 3, 155, 158
411483.3.peg.199.site.108, 48, 146, 194
411483.3.peg.199.site.109, 14, 151, 165
411483.3.peg.199.site.110, 2, 153, 155
411483.3.peg.199.site.111, 0, 155, 155
411483.3.peg.199.site.112, 1, 154, 155
411483.3.peg.199.site.113, 0, 154, 154
411483.3.peg.199.site.114, 3, 154, 157
411483.3.peg.199.site.115, 1, 153, 154
411483.3.peg.199.site.116, 1, 153, 154
411483.3.peg.199.site.117, 1, 153, 154
411483.3.peg.199.site.118, 2, 152, 154
411483.3.peg.199.site.119, 1, 155, 156
411483.3.peg.199.site.120, 2, 154, 156
411483.3.peg.199.site.121, 15, 144, 159
411483.3.peg.199.site.122, 5, 155, 160
411483.3.peg.199.site.123, 6, 155, 161
411483.3.peg.199.site.124, 1, 155, 156
411483.3.peg.199.site.125, 1, 155, 156
411483.3.peg.199.site.126, 1, 155, 156
411483.3.peg.199.site.127, 1, 154, 155
411483.3.peg.199.site.128, 61, 149, 210
411483.3.peg.199.site.129, 9, 153, 162
411483.3.peg.199.site.130, 0, 152, 152
411483.3.peg.199.site.131, 0, 152, 152
411483.3.peg.199.site.132, 5, 152, 157
411483.3.peg.199.site.133, 67, 143, 210
411483.3.peg.199.site.134, 69, 145, 214
411483.3.peg.199.site.135, 6, 155, 161
411483.3.peg.199.site.136, 14, 141, 155
411483.3.peg.199.site.137, 3, 151, 154
411483.3.peg.199.site.138, 0, 153, 153
411483.3.peg.199.site.139, 0, 149, 149
411483.3.peg.199.site.140, 5, 153, 158
411483.3.peg.199.site.141, 12, 148, 160
411483.3.peg.199.site.142, 3, 146, 149
411483.3.peg.199.site.143, 6, 150, 156
411483.3.peg.199.site.144, 147, 148, 295
411483.3.peg.199.site.145, 25, 135, 160
411483.3.peg.199.site.146, 1, 146, 147
411483.3.peg.199.site.147, 5, 152, 157
411483.3.peg.199.site.148, 1, 152, 153
411483.3.peg.199.site.149, 14, 153, 167
411483.3.peg.199.site.150, 10, 153, 163
411483.3.peg.199.site.151, 1, 151, 152
411483.3.peg.199.site.152, 47, 144, 191
411483.3.peg.199.site.153, 2, 155, 157
411483.3.peg.199.site.154, 1, 151, 152
411483.3.peg.199.site.155, 0, 153, 153
411483.3.peg.199.site.156, 3, 155, 158
411483.3.peg.199.site.157, 1, 155, 156
411483.3.peg.199.site.158, 1, 152, 153
411483.3.peg.199.site.159, 6, 153, 159
411483.3.peg.199.site.160, 16, 154, 170
411483.3.peg.199.site.161, 8, 155, 163
411483.3.peg.199.site.162, 1, 154, 155
411483.3.peg.199.site.163, 2, 155, 157
411483.3.peg.199.site.164, 5, 152, 157
411483.3.peg.199.site.165, 55, 141, 196
411483.3.peg.199.site.166, 15, 152, 167
411483.3.peg.199.site.167, 0, 153, 153
411483.3.peg.199.site.168, 1, 154, 155
411483.3.peg.199.site.169, 22, 148, 170
411483.3.peg.199.site.170, 127, 149, 276
411483.3.peg.199.site.171, 2, 154, 156
411483.3.peg.199.site.172, 1, 148, 149
411483.3.peg.199.site.173, 22, 148, 170
411483.3.peg.199.site.174, 0, 153, 153
411483.3.peg.199.site.175, 2, 146, 148
411483.3.peg.199.site.176, 5, 150, 155
411483.3.peg.199.site.177, 1, 152, 153
411483.3.peg.199.site.178, 1, 153, 154
411483.3.peg.199.site.179, 0, 150, 150
411483.3.peg.199.site.180, 0, 154, 154
411483.3.peg.199.site.181, 0, 152, 152
411483.3.peg.199.site.182, 0, 151, 151
411483.3.peg.199.site.183, 4, 150, 154
411483.3.peg.199.site.184, 9, 150, 159
411483.3.peg.199.site.185, 1, 155, 156
411483.3.peg.199.site.186, 6, 152, 158
411483.3.peg.199.site.187, 1, 155, 156
411483.3.peg.199.site.188, 1, 155, 156
411483.3.peg.199.site.189, 11, 152, 163
411483.3.peg.199.site.190, 1, 154, 155
411483.3.peg.199.site.191, 3, 153, 156
411483.3.peg.199.site.192, 1, 151, 152
411483.3.peg.199.site.193, 136, 138, 274
411483.3.peg.199.site.194, 3, 128, 131
411483.3.peg.199.site.195, 114, 132, 246
411483.3.peg.199.site.196, 1, 142, 143
411483.3.peg.199.site.197, 3, 152, 155
411483.3.peg.199.site.198, 4, 151, 155
411483.3.peg.199.site.199, 1, 151, 152
411483.3.peg.199.site.200, 2, 155, 157
411483.3.peg.199.site.201, 20, 151, 171
411483.3.peg.199.site.202, 3, 152, 155
411483.3.peg.199.site.203, 117, 145, 262
411483.3.peg.199.site.204, 9, 152, 161
411483.3.peg.199.site.205, 3, 153, 156
411483.3.peg.199.site.206, 16, 148, 164
411483.3.peg.199.site.207, 68, 110, 178
411483.3.peg.199.site.208, 89, 107, 196
411483.3.peg.199.site.209, 15, 111, 126
411483.3.peg.199.site.210, 1, 113, 114
411483.3.peg.199.site.211, 5, 153, 158
411483.3.peg.199.site.212, 2, 153, 155
411483.3.peg.199.site.213, 11, 150, 161
411483.3.peg.199.site.214, 138, 152, 290
411483.3.peg.199.site.215, 3, 151, 154
411483.3.peg.199.site.216, 15, 151, 166
411483.3.peg.199.site.217, 1, 152, 153
411483.3.peg.199.site.218, 9, 153, 162
411483.3.peg.199.site.219, 16, 155, 171
411483.3.peg.199.site.220, 0, 153, 153
411483.3.peg.199.site.221, 148, 151, 299
411483.3.peg.199.site.222, 24, 147, 171
411483.3.peg.199.site.223, 6, 155, 161
411483.3.peg.199.site.224, 3, 155, 158
411483.3.peg.199.site.225, 1, 155, 156
411483.3.peg.199.site.226, 21, 153, 174
411483.3.peg.199.site.227, 13, 153, 166
411483.3.peg.199.site.228, 11, 151, 162
411483.3.peg.199.site.229, 7, 153, 160
411483.3.peg.199.site.230, 6, 153, 159
411483.3.peg.199.site.231, 18, 150, 168
411483.3.peg.199.site.232, 2, 155, 157
411483.3.peg.199.site.233, 8, 151, 159
411483.3.peg.199.site.234, 154, 154, 308
411483.3.peg.199.site.235, 1, 155, 156
411483.3.peg.199.site.236, 0, 154, 154
411483.3.peg.199.site.237, 0, 154, 154
411483.3.peg.199.site.238, 9, 155, 164
411483.3.peg.192.site.1, 16, 152, 168
411483.3.peg.192.site.2, 0, 154, 154
411483.3.peg.192.site.3, 22, 153, 175
411483.3.peg.192.site.4, 12, 149, 161
411483.3.peg.192.site.5, 12, 153, 165
411483.3.peg.192.site.6, 1, 154, 155
411483.3.peg.192.site.7, 18, 147, 165
411483.3.peg.192.site.8, 45, 139, 184
411483.3.peg.192.site.9, 146, 148, 294
411483.3.peg.192.site.10, 89, 140, 229
411483.3.peg.192.site.11, 14, 148, 162
411483.3.peg.192.site.12, 1, 154, 155
411483.3.peg.192.site.13, 1, 154, 155
411483.3.peg.192.site.14, 4, 154, 158
411483.3.peg.192.site.15, 2, 154, 156
411483.3.peg.192.site.16, 1, 154, 155
411483.3.peg.192.site.17, 7, 152, 159
411483.3.peg.192.site.18, 1, 154, 155
411483.3.peg.192.site.19, 0, 153, 153
411483.3.peg.192.site.20, 6, 150, 156
411483.3.peg.192.site.21, 10, 149, 159
411483.3.peg.192.site.22, 9, 147, 156
411483.3.peg.193.site.1, 86, 127, 213
411483.3.peg.193.site.2, 1, 135, 136
411483.3.peg.193.site.3, 69, 130, 199
411483.3.peg.193.site.4, 4, 135, 139
411483.3.peg.193.site.5, 5, 137, 142
411483.3.peg.193.site.6, 2, 136, 138
411483.3.peg.193.site.7, 6, 134, 140
411483.3.peg.193.site.8, 74, 133, 207
411483.3.peg.193.site.9, 24, 137, 161
411483.3.peg.193.site.10, 1, 142, 143
411483.3.peg.193.site.11, 1, 131, 132
411483.3.peg.193.site.12, 1, 140, 141
411483.3.peg.193.site.13, 7, 142, 149
411483.3.peg.193.site.14, 1, 142, 143
411483.3.peg.193.site.15, 19, 138, 157
411483.3.peg.193.site.16, 7, 130, 137
411483.3.peg.193.site.17, 1, 116, 117
411483.3.peg.193.site.18, 86, 101, 187
411483.3.peg.193.site.19, 5, 117, 122
411483.3.peg.193.site.20, 0, 127, 127
411483.3.peg.193.site.21, 0, 109, 109
411483.3.peg.193.site.22, 3, 131, 134
411483.3.peg.193.site.23, 10, 139, 149
411483.3.peg.193.site.24, 1, 148, 149
411483.3.peg.193.site.25, 36, 139, 175
411483.3.peg.193.site.26, 37, 138, 175
411483.3.peg.193.site.27, 29, 140, 169
411483.3.peg.193.site.28, 1, 148, 149
411483.3.peg.193.site.29, 12, 149, 161
411483.3.peg.193.site.30, 0, 152, 152
411483.3.peg.193.site.31, 2, 152, 154
411483.3.peg.193.site.32, 0, 147, 147
411483.3.peg.193.site.33, 2, 147, 149
411483.3.peg.193.site.34, 5, 151, 156
411483.3.peg.193.site.35, 3, 137, 140
411483.3.peg.193.site.36, 2, 148, 150
411483.3.peg.193.site.37, 15, 144, 159
411483.3.peg.193.site.38, 3, 150, 153
411483.3.peg.193.site.39, 3, 151, 154
411483.3.peg.193.site.40, 121, 150, 271
411483.3.peg.193.site.41, 0, 152, 152
411483.3.peg.193.site.42, 0, 152, 152
411483.3.peg.193.site.43, 0, 153, 153
411483.3.peg.193.site.44, 47, 146, 193
411483.3.peg.193.site.45, 0, 154, 154
411483.3.peg.193.site.46, 14, 153, 167
411483.3.peg.193.site.47, 146, 153, 299
411483.3.peg.193.site.48, 16, 145, 161
411483.3.peg.193.site.49, 4, 151, 155
411483.3.peg.193.site.50, 43, 150, 193
411483.3.peg.193.site.51, 0, 153, 153
411483.3.peg.193.site.52, 3, 155, 158
411483.3.peg.193.site.53, 0, 154, 154
411483.3.peg.193.site.54, 2, 154, 156
411483.3.peg.193.site.55, 5, 153, 158
411483.3.peg.193.site.56, 0, 154, 154
411483.3.peg.193.site.57, 21, 153, 174
411483.3.peg.193.site.58, 2, 155, 157
411483.3.peg.193.site.59, 1, 155, 156
411483.3.peg.193.site.60, 7, 151, 158
411483.3.peg.193.site.61, 148, 152, 300
411483.3.peg.193.site.62, 1, 155, 156
411483.3.peg.193.site.63, 6, 154, 160
411483.3.peg.193.site.64, 150, 153, 303
411483.3.peg.193.site.65, 8, 151, 159
411483.3.peg.193.site.66, 1, 151, 152
411483.3.peg.193.site.67, 1, 149, 150
411483.3.peg.193.site.68, 3, 149, 152
411483.3.peg.193.site.69, 2, 149, 151
411483.3.peg.193.site.70, 33, 138, 171
411483.3.peg.193.site.71, 10, 149, 159
411483.3.peg.193.site.72, 80, 141, 221
411483.3.peg.193.site.73, 1, 152, 153
411483.3.peg.193.site.74, 0, 147, 147
411483.3.peg.193.site.75, 1, 150, 151
411483.3.peg.193.site.76, 14, 149, 163
411483.3.peg.193.site.77, 1, 144, 145
411483.3.peg.193.site.78, 21, 150, 171
411483.3.peg.193.site.79, 0, 152, 152
411483.3.peg.193.site.80, 134, 148, 282
411483.3.peg.193.site.81, 2, 150, 152
411483.3.peg.193.site.82, 14, 147, 161
411483.3.peg.193.site.83, 4, 153, 157
411483.3.peg.193.site.84, 1, 155, 156
411483.3.peg.193.site.85, 3, 153, 156
411483.3.peg.193.site.86, 7, 152, 159
411483.3.peg.193.site.87, 22, 151, 173
411483.3.peg.193.site.88, 16, 154, 170
411483.3.peg.193.site.89, 3, 154, 157
411483.3.peg.193.site.90, 2, 155, 157
411483.3.peg.193.site.91, 23, 148, 171
411483.3.peg.193.site.92, 7, 152, 159
411483.3.peg.193.site.93, 1, 155, 156
411483.3.peg.193.site.94, 0, 155, 155
411483.3.peg.193.site.95, 3, 151, 154
411483.3.peg.193.site.96, 38, 153, 191
411483.3.peg.193.site.97, 1, 155, 156
411483.3.peg.193.site.98, 6, 153, 159
411483.3.peg.193.site.99, 7, 152, 159
411483.3.peg.193.site.100, 1, 155, 156
411483.3.peg.193.site.101, 1, 155, 156
411483.3.peg.193.site.102, 22, 151, 173
411483.3.peg.193.site.103, 0, 153, 153
411483.3.peg.193.site.104, 144, 148, 292
411483.3.peg.193.site.105, 20, 143, 163
411483.3.peg.193.site.106, 73, 143, 216
411483.3.peg.193.site.107, 1, 152, 153
411483.3.peg.193.site.108, 2, 151, 153
411483.3.peg.193.site.109, 2, 149, 151
411483.3.peg.193.site.110, 9, 149, 158
411483.3.peg.193.site.111, 4, 148, 152
411483.3.peg.193.site.112, 135, 141, 276
411483.3.peg.193.site.113, 121, 125, 246
411483.3.peg.193.site.114, 4, 134, 138
411483.3.peg.193.site.115, 1, 145, 146
411483.3.peg.193.site.116, 7, 145, 152
411483.3.peg.193.site.117, 5, 150, 155
411483.3.peg.193.site.118, 35, 149, 184
411483.3.peg.193.site.119, 3, 154, 157
411483.3.peg.193.site.120, 3, 153, 156
411483.3.peg.193.site.121, 10, 154, 164
411483.3.peg.193.site.122, 3, 149, 152
411483.3.peg.193.site.123, 9, 153, 162
411483.3.peg.193.site.124, 4, 151, 155
411483.3.peg.193.site.125, 3, 154, 157
411483.3.peg.193.site.126, 8, 153, 161
411483.3.peg.193.site.127, 10, 153, 163
411483.3.peg.193.site.128, 1, 155, 156
411483.3.peg.193.site.129, 0, 152, 152
411483.3.peg.193.site.130, 1, 155, 156
411483.3.peg.193.site.131, 0, 155, 155
411483.3.peg.193.site.132, 0, 155, 155
411483.3.peg.193.site.133, 0, 155, 155
411483.3.peg.193.site.134, 1, 151, 152
411483.3.peg.193.site.135, 2, 153, 155
411483.3.peg.193.site.136, 59, 145, 204
411483.3.peg.193.site.137, 1, 153, 154
411483.3.peg.193.site.138, 9, 152, 161
411483.3.peg.193.site.139, 3, 152, 155
411483.3.peg.193.site.140, 13, 148, 161
411483.3.peg.193.site.141, 1, 152, 153
411483.3.peg.193.site.142, 1, 153, 154
411483.3.peg.193.site.143, 3, 153, 156
411483.3.peg.193.site.144, 1, 153, 154
411483.3.peg.193.site.145, 9, 153, 162
411483.3.peg.193.site.146, 108, 149, 257
411483.3.peg.193.site.147, 9, 150, 159
411483.3.peg.193.site.148, 6, 153, 159
411483.3.peg.193.site.149, 1, 155, 156
411483.3.peg.193.site.150, 31, 135, 166
411483.3.peg.193.site.151, 1, 154, 155
411483.3.peg.193.site.152, 3, 155, 158
411483.3.peg.193.site.153, 137, 148, 285
411483.3.peg.193.site.154, 10, 135, 145
411483.3.peg.193.site.155, 5, 139, 144
411483.3.peg.193.site.156, 0, 137, 137
411483.3.peg.193.site.157, 11, 138, 149
411483.3.peg.193.site.158, 49, 134, 183
411483.3.peg.193.site.159, 52, 143, 195
411483.3.peg.193.site.160, 2, 147, 149
411483.3.peg.193.site.161, 3, 150, 153
411483.3.peg.193.site.162, 2, 151, 153
411483.3.peg.193.site.163, 9, 150, 159
411483.3.peg.193.site.164, 5, 151, 156
411483.3.peg.193.site.165, 3, 152, 155
411483.3.peg.193.site.166, 1, 153, 154
411483.3.peg.193.site.167, 4, 152, 156
411483.3.peg.193.site.168, 1, 154, 155
411483.3.peg.193.site.169, 13, 153, 166
411483.3.peg.193.site.170, 0, 151, 151
411483.3.peg.193.site.171, 5, 149, 154
411483.3.peg.193.site.172, 6, 153, 159
411483.3.peg.193.site.173, 0, 152, 152
411483.3.peg.193.site.174, 1, 154, 155
411483.3.peg.190.site.1, 89, 144, 233
411483.3.peg.190.site.2, 4, 155, 159
411483.3.peg.190.site.3, 24, 142, 166
411483.3.peg.190.site.4, 0, 155, 155
411483.3.peg.190.site.5, 8, 155, 163
411483.3.peg.190.site.6, 1, 153, 154
411483.3.peg.190.site.7, 1, 154, 155
411483.3.peg.190.site.8, 2, 154, 156
411483.3.peg.190.site.9, 2, 154, 156
411483.3.peg.190.site.10, 97, 142, 239
411483.3.peg.190.site.11, 14, 142, 156
411483.3.peg.190.site.12, 4, 146, 150
411483.3.peg.190.site.13, 2, 151, 153
411483.3.peg.190.site.14, 1, 154, 155
411483.3.peg.190.site.15, 8, 152, 160
411483.3.peg.190.site.16, 10, 149, 159
411483.3.peg.190.site.17, 1, 153, 154
411483.3.peg.190.site.18, 11, 151, 162
411483.3.peg.190.site.19, 84, 141, 225
411483.3.peg.190.site.20, 35, 148, 183
411483.3.peg.190.site.21, 1, 153, 154
411483.3.peg.190.site.22, 9, 150, 159
411483.3.peg.190.site.23, 16, 150, 166
411483.3.peg.190.site.24, 17, 143, 160
411483.3.peg.190.site.25, 15, 143, 158
411483.3.peg.190.site.26, 2, 152, 154
411483.3.peg.190.site.27, 7, 153, 160
411483.3.peg.190.site.28, 125, 145, 270
411483.3.peg.190.site.29, 104, 145, 249
411483.3.peg.190.site.30, 1, 155, 156
411483.3.peg.190.site.31, 1, 154, 155
411483.3.peg.190.site.32, 1, 155, 156
411483.3.peg.190.site.33, 3, 150, 153
411483.3.peg.190.site.34, 2, 153, 155
411483.3.peg.190.site.35, 6, 154, 160
411483.3.peg.190.site.36, 1, 155, 156
411483.3.peg.190.site.37, 14, 153, 167
411483.3.peg.190.site.38, 5, 154, 159
411483.3.peg.190.site.39, 9, 151, 160
411483.3.peg.190.site.40, 130, 147, 277
411483.3.peg.190.site.41, 0, 154, 154
411483.3.peg.190.site.42, 1, 154, 155
411483.3.peg.190.site.43, 0, 155, 155
411483.3.peg.190.site.44, 1, 155, 156
411483.3.peg.190.site.45, 0, 154, 154
411483.3.peg.190.site.46, 0, 153, 153
411483.3.peg.190.site.47, 9, 153, 162
411483.3.peg.190.site.48, 0, 150, 150
411483.3.peg.190.site.49, 1, 150, 151
411483.3.peg.190.site.50, 0, 147, 147
411483.3.peg.190.site.51, 1, 141, 142
411483.3.peg.190.site.52, 5, 150, 155
411483.3.peg.190.site.53, 1, 147, 148
411483.3.peg.190.site.54, 1, 143, 144
411483.3.peg.190.site.55, 3, 154, 157
411483.3.peg.190.site.56, 0, 153, 153
411483.3.peg.190.site.57, 8, 153, 161
411483.3.peg.190.site.58, 2, 153, 155
411483.3.peg.190.site.59, 8, 149, 157
411483.3.peg.190.site.60, 2, 149, 151
411483.3.peg.190.site.61, 0, 146, 146
411483.3.peg.190.site.62, 1, 130, 131
411483.3.peg.191.site.1, 119, 147, 266
411483.3.peg.191.site.2, 2, 154, 156
411483.3.peg.191.site.3, 1, 154, 155
411483.3.peg.191.site.4, 3, 153, 156
411483.3.peg.191.site.5, 20, 146, 166
411483.3.peg.191.site.6, 11, 151, 162
411483.3.peg.191.site.7, 1, 155, 156
411483.3.peg.191.site.8, 2, 155, 157
411483.3.peg.191.site.9, 1, 155, 156
411483.3.peg.191.site.10, 16, 152, 168
411483.3.peg.191.site.11, 86, 145, 231
411483.3.peg.191.site.12, 10, 148, 158
411483.3.peg.191.site.13, 0, 139, 139
411483.3.peg.191.site.14, 1, 150, 151
411483.3.peg.191.site.15, 3, 149, 152
411483.3.peg.191.site.16, 2, 150, 152
411483.3.peg.191.site.17, 18, 132, 150
411483.3.peg.191.site.18, 64, 144, 208
411483.3.peg.191.site.19, 1, 150, 151
411483.3.peg.191.site.20, 5, 151, 156
411483.3.peg.191.site.21, 8, 146, 154
411483.3.peg.191.site.22, 66, 141, 207
411483.3.peg.191.site.23, 16, 149, 165
411483.3.peg.191.site.24, 83, 141, 224
411483.3.peg.191.site.25, 135, 145, 280
411483.3.peg.191.site.26, 1, 142, 143
411483.3.peg.191.site.27, 4, 143, 147
411483.3.peg.191.site.28, 2, 144, 146
411483.3.peg.191.site.29, 1, 140, 141
411483.3.peg.191.site.30, 11, 144, 155
411483.3.peg.191.site.31, 46, 140, 186
411483.3.peg.191.site.32, 5, 147, 152
411483.3.peg.191.site.33, 10, 147, 157
411483.3.peg.191.site.34, 3, 151, 154
411483.3.peg.191.site.35, 1, 149, 150
411483.3.peg.191.site.36, 1, 148, 149
411483.3.peg.191.site.37, 4, 152, 156
411483.3.peg.191.site.38, 1, 154, 155
411483.3.peg.191.site.39, 8, 153, 161
411483.3.peg.191.site.40, 2, 153, 155
411483.3.peg.191.site.41, 2, 154, 156
411483.3.peg.191.site.42, 1, 154, 155
411483.3.peg.191.site.43, 53, 148, 201
411483.3.peg.191.site.44, 4, 152, 156
411483.3.peg.191.site.45, 0, 154, 154
411483.3.peg.191.site.46, 5, 155, 160
411483.3.peg.191.site.47, 147, 153, 300
411483.3.peg.191.site.48, 1, 153, 154
411483.3.peg.191.site.49, 0, 152, 152
411483.3.peg.191.site.50, 8, 154, 162
411483.3.peg.191.site.51, 8, 152, 160
411483.3.peg.191.site.52, 27, 149, 176
411483.3.peg.191.site.53, 2, 154, 156
411483.3.peg.191.site.54, 1, 154, 155
411483.3.peg.191.site.55, 38, 151, 189
411483.3.peg.191.site.56, 71, 142, 213
411483.3.peg.191.site.57, 0, 152, 152
411483.3.peg.191.site.58, 63, 149, 212
411483.3.peg.191.site.59, 8, 154, 162
411483.3.peg.191.site.60, 0, 155, 155
411483.3.peg.191.site.61, 75, 148, 223
411483.3.peg.191.site.62, 10, 154, 164
411483.3.peg.191.site.63, 95, 148, 243
411483.3.peg.191.site.64, 13, 145, 158
411483.3.peg.191.site.65, 0, 155, 155
411483.3.peg.191.site.66, 1, 153, 154
411483.3.peg.196.site.1, 5, 138, 143
411483.3.peg.196.site.2, 3, 145, 148
411483.3.peg.196.site.3, 85, 131, 216
411483.3.peg.196.site.4, 5, 131, 136
411483.3.peg.196.site.5, 2, 128, 130
411483.3.peg.196.site.6, 0, 131, 131
411483.3.peg.196.site.7, 3, 121, 124
411483.3.peg.196.site.8, 1, 122, 123
411483.3.peg.196.site.9, 1, 131, 132
411483.3.peg.196.site.10, 135, 138, 273
411483.3.peg.196.site.11, 38, 135, 173
411483.3.peg.196.site.12, 1, 149, 150
411483.3.peg.196.site.13, 11, 146, 157
411483.3.peg.196.site.14, 6, 146, 152
411483.3.peg.196.site.15, 1, 149, 150
411483.3.peg.196.site.16, 5, 150, 155
411483.3.peg.196.site.17, 0, 151, 151
411483.3.peg.196.site.18, 0, 153, 153
411483.3.peg.196.site.19, 1, 152, 153
411483.3.peg.196.site.20, 1, 151, 152
411483.3.peg.196.site.21, 39, 149, 188
411483.3.peg.196.site.22, 12, 148, 160
411483.3.peg.196.site.23, 4, 152, 156
411483.3.peg.196.site.24, 0, 147, 147
411483.3.peg.196.site.25, 1, 148, 149
411483.3.peg.196.site.26, 3, 148, 151
411483.3.peg.196.site.27, 1, 149, 150
411483.3.peg.196.site.28, 3, 146, 149
411483.3.peg.196.site.29, 1, 143, 144
411483.3.peg.196.site.30, 3, 142, 145
411483.3.peg.196.site.31, 95, 135, 230
411483.3.peg.196.site.32, 4, 147, 151
411483.3.peg.196.site.33, 1, 150, 151
411483.3.peg.196.site.34, 0, 150, 150
411483.3.peg.196.site.35, 2, 153, 155
411483.3.peg.196.site.36, 7, 152, 159
411483.3.peg.196.site.37, 11, 153, 164
411483.3.peg.196.site.38, 8, 151, 159
411483.3.peg.196.site.39, 21, 148, 169
411483.3.peg.196.site.40, 1, 153, 154
411483.3.peg.196.site.41, 16, 153, 169
411483.3.peg.196.site.42, 25, 144, 169
411483.3.peg.196.site.43, 11, 151, 162
411483.3.peg.196.site.44, 3, 154, 157
411483.3.peg.196.site.45, 4, 154, 158
411483.3.peg.196.site.46, 89, 147, 236
411483.3.peg.196.site.47, 0, 152, 152
411483.3.peg.196.site.48, 8, 152, 160
411483.3.peg.196.site.49, 6, 154, 160
411483.3.peg.196.site.50, 1, 155, 156
411483.3.peg.196.site.51, 2, 153, 155
411483.3.peg.196.site.52, 20, 153, 173
411483.3.peg.196.site.53, 2, 155, 157
411483.3.peg.196.site.54, 15, 152, 167
411483.3.peg.196.site.55, 0, 153, 153
411483.3.peg.196.site.56, 3, 152, 155
411483.3.peg.196.site.57, 1, 154, 155
411483.3.peg.196.site.58, 1, 155, 156
411483.3.peg.196.site.59, 12, 151, 163
411483.3.peg.196.site.60, 2, 154, 156
411483.3.peg.196.site.61, 2, 153, 155
411483.3.peg.196.site.62, 16, 150, 166
411483.3.peg.196.site.63, 1, 152, 153
411483.3.peg.196.site.64, 13, 151, 164
411483.3.peg.196.site.65, 2, 153, 155
411483.3.peg.196.site.66, 7, 152, 159
411483.3.peg.196.site.67, 1, 154, 155
411483.3.peg.196.site.68, 1, 154, 155
411483.3.peg.196.site.69, 4, 152, 156
411483.3.peg.196.site.70, 0, 153, 153
411483.3.peg.196.site.71, 0, 154, 154
411483.3.peg.196.site.72, 1, 154, 155
411483.3.peg.196.site.73, 64, 143, 207
411483.3.peg.196.site.74, 4, 153, 157
411483.3.peg.194.site.1, 10, 152, 162
411483.3.peg.194.site.2, 8, 153, 161
411483.3.peg.194.site.3, 5, 147, 152
411483.3.peg.194.site.4, 3, 151, 154
411483.3.peg.194.site.5, 3, 154, 157
411483.3.peg.194.site.6, 0, 153, 153
411483.3.peg.194.site.7, 12, 147, 159
411483.3.peg.194.site.8, 2, 149, 151
411483.3.peg.194.site.9, 19, 149, 168
411483.3.peg.194.site.10, 1, 154, 155
411483.3.peg.194.site.11, 3, 154, 157
411483.3.peg.194.site.12, 14, 149, 163
411483.3.peg.194.site.13, 4, 152, 156
411483.3.peg.194.site.14, 4, 154, 158
411483.3.peg.194.site.15, 0, 153, 153
411483.3.peg.194.site.16, 19, 150, 169
411483.3.peg.194.site.17, 3, 154, 157
411483.3.peg.194.site.18, 6, 151, 157
411483.3.peg.194.site.19, 5, 152, 157
411483.3.peg.194.site.20, 0, 155, 155
411483.3.peg.194.site.21, 6, 154, 160
411483.3.peg.194.site.22, 5, 151, 156
411483.3.peg.194.site.23, 1, 150, 151
411483.3.peg.194.site.24, 2, 152, 154
411483.3.peg.194.site.25, 12, 150, 162
411483.3.peg.194.site.26, 1, 147, 148
411483.3.peg.194.site.27, 2, 147, 149
411483.3.peg.194.site.28, 2, 138, 140
411483.3.peg.194.site.29, 1, 118, 119
411483.3.peg.194.site.30, 2, 111, 113
411483.3.peg.194.site.31, 76, 99, 175
411483.3.peg.194.site.32, 95, 95, 190
411483.3.peg.194.site.33, 5, 120, 125
411483.3.peg.194.site.34, 0, 117, 117
411483.3.peg.194.site.35, 0, 131, 131
411483.3.peg.194.site.36, 0, 126, 126
411483.3.peg.194.site.37, 0, 139, 139
411483.3.peg.194.site.38, 0, 138, 138
411483.3.peg.194.site.39, 8, 137, 145
411483.3.peg.194.site.40, 17, 136, 153
411483.3.peg.194.site.41, 0, 127, 127
411483.3.peg.194.site.42, 100, 131, 231
411483.3.peg.194.site.43, 1, 140, 141
411483.3.peg.194.site.44, 0, 136, 136
411483.3.peg.194.site.45, 4, 133, 137
411483.3.peg.194.site.46, 4, 138, 142
411483.3.peg.194.site.47, 3, 131, 134
411483.3.peg.194.site.48, 1, 108, 109
411483.3.peg.194.site.49, 34, 78, 112
411483.3.peg.194.site.50, 1, 108, 109
411483.3.peg.194.site.51, 27, 95, 122
411483.3.peg.194.site.52, 1, 102, 103
411483.3.peg.194.site.53, 61, 91, 152
411483.3.peg.194.site.54, 2, 120, 122
411483.3.peg.194.site.55, 13, 142, 155
411483.3.peg.194.site.56, 26, 143, 169
411483.3.peg.194.site.57, 29, 143, 172
411483.3.peg.194.site.58, 38, 145, 183
411483.3.peg.194.site.59, 4, 148, 152
411483.3.peg.194.site.60, 12, 151, 163
411483.3.peg.194.site.61, 2, 153, 155
411483.3.peg.194.site.62, 60, 145, 205
411483.3.peg.194.site.63, 108, 147, 255
411483.3.peg.194.site.64, 17, 147, 164
411483.3.peg.194.site.65, 1, 155, 156
411483.3.peg.194.site.66, 5, 154, 159
411483.3.peg.194.site.67, 27, 148, 175
411483.3.peg.194.site.68, 2, 155, 157
411483.3.peg.194.site.69, 5, 149, 154
411483.3.peg.195.site.1, 4, 153, 157
411483.3.peg.195.site.2, 0, 154, 154
411483.3.peg.195.site.3, 12, 146, 158
411483.3.peg.195.site.4, 6, 150, 156
411483.3.peg.195.site.5, 0, 150, 150
411483.3.peg.195.site.6, 12, 148, 160
411483.3.peg.195.site.7, 50, 128, 178
411483.3.peg.195.site.8, 9, 133, 142
411483.3.peg.358.site.1, 2, 145, 147
411483.3.peg.358.site.2, 0, 148, 148
411483.3.peg.358.site.3, 1, 148, 149
411483.3.peg.358.site.4, 1, 153, 154
411483.3.peg.358.site.5, 1, 155, 156
411483.3.peg.358.site.6, 7, 152, 159
411483.3.peg.358.site.7, 3, 154, 157
411483.3.peg.358.site.8, 138, 152, 290
411483.3.peg.358.site.9, 1, 153, 154
411483.3.peg.358.site.10, 12, 151, 163
411483.3.peg.358.site.11, 152, 153, 305
411483.3.peg.358.site.12, 16, 150, 166
411483.3.peg.358.site.13, 7, 146, 153
411483.3.peg.358.site.14, 7, 152, 159
411483.3.peg.358.site.15, 1, 151, 152
411483.3.peg.358.site.16, 4, 151, 155
411483.3.peg.358.site.17, 1, 149, 150
411483.3.peg.358.site.18, 1, 144, 145
411483.3.peg.358.site.19, 8, 146, 154
411483.3.peg.358.site.20, 0, 145, 145
411483.3.peg.358.site.21, 5, 141, 146
411483.3.peg.358.site.22, 3, 142, 145
411483.3.peg.358.site.23, 1, 142, 143
411483.3.peg.358.site.24, 2, 145, 147
411483.3.peg.358.site.25, 1, 138, 139
411483.3.peg.358.site.26, 3, 146, 149
411483.3.peg.358.site.27, 0, 145, 145
411483.3.peg.358.site.28, 7, 147, 154
411483.3.peg.358.site.29, 9, 135, 144
411483.3.peg.358.site.30, 17, 134, 151
411483.3.peg.358.site.31, 1, 143, 144
411483.3.peg.358.site.32, 5, 133, 138
411483.3.peg.358.site.33, 121, 122, 243
411483.3.peg.358.site.34, 9, 121, 130
411483.3.peg.358.site.35, 14, 110, 124
411483.3.peg.358.site.36, 39, 99, 138
411483.3.peg.358.site.37, 1, 103, 104
411483.3.peg.358.site.38, 14, 93, 107
411483.3.peg.358.site.39, 85, 88, 173
411483.3.peg.358.site.40, 1, 101, 102
411483.3.peg.358.site.41, 2, 113, 115
411483.3.peg.358.site.42, 1, 124, 125
411483.3.peg.358.site.43, 0, 140, 140
411483.3.peg.358.site.44, 1, 145, 146
411483.3.peg.358.site.45, 10, 144, 154
411483.3.peg.358.site.46, 5, 147, 152
411483.3.peg.358.site.47, 1, 144, 145
411483.3.peg.358.site.48, 4, 146, 150
411483.3.peg.358.site.49, 9, 150, 159
411483.3.peg.358.site.50, 2, 150, 152
411483.3.peg.358.site.51, 2, 150, 152
411483.3.peg.358.site.52, 5, 145, 150
411483.3.peg.358.site.53, 2, 143, 145
411483.3.peg.358.site.54, 5, 153, 158
411483.3.peg.358.site.55, 5, 148, 153
411483.3.peg.358.site.56, 2, 155, 157
411483.3.peg.358.site.57, 9, 152, 161
411483.3.peg.358.site.58, 3, 153, 156
411483.3.peg.358.site.59, 8, 150, 158
411483.3.peg.358.site.60, 1, 155, 156
411483.3.peg.358.site.61, 2, 153, 155
411483.3.peg.358.site.62, 5, 152, 157
411483.3.peg.358.site.63, 0, 152, 152
411483.3.peg.358.site.64, 7, 151, 158
411483.3.peg.358.site.65, 1, 153, 154
411483.3.peg.358.site.66, 4, 150, 154
411483.3.peg.358.site.67, 3, 154, 157
411483.3.peg.358.site.68, 5, 150, 155
411483.3.peg.358.site.69, 1, 151, 152
411483.3.peg.358.site.70, 16, 149, 165
411483.3.peg.358.site.71, 42, 134, 176
411483.3.peg.358.site.72, 58, 141, 199
411483.3.peg.358.site.73, 49, 136, 185
411483.3.peg.358.site.74, 6, 139, 145
411483.3.peg.359.site.1, 89, 142, 231
411483.3.peg.359.site.2, 0, 154, 154
411483.3.peg.359.site.3, 2, 150, 152
411483.3.peg.359.site.4, 3, 154, 157
411483.3.peg.359.site.5, 5, 153, 158
411483.3.peg.359.site.6, 0, 154, 154
411483.3.peg.359.site.7, 3, 154, 157
411483.3.peg.359.site.8, 8, 154, 162
411483.3.peg.359.site.9, 27, 148, 175
411483.3.peg.359.site.10, 1, 154, 155
411483.3.peg.359.site.11, 2, 150, 152
411483.3.peg.359.site.12, 3, 148, 151
411483.3.peg.359.site.13, 2, 151, 153
411483.3.peg.359.site.14, 4, 153, 157
411483.3.peg.359.site.15, 2, 149, 151
411483.3.peg.359.site.16, 16, 142, 158
411483.3.peg.359.site.17, 7, 151, 158
411483.3.peg.359.site.18, 2, 152, 154
411483.3.peg.359.site.19, 5, 153, 158
411483.3.peg.359.site.20, 0, 153, 153
411483.3.peg.359.site.21, 11, 151, 162
411483.3.peg.359.site.22, 9, 152, 161
411483.3.peg.359.site.23, 3, 152, 155
411483.3.peg.359.site.24, 3, 152, 155
411483.3.peg.359.site.25, 1, 153, 154
411483.3.peg.359.site.26, 2, 152, 154
411483.3.peg.359.site.27, 1, 148, 149
411483.3.peg.359.site.28, 4, 143, 147
411483.3.peg.359.site.29, 13, 141, 154
411483.3.peg.359.site.30, 6, 141, 147
411483.3.peg.359.site.31, 1, 155, 156
411483.3.peg.359.site.32, 6, 154, 160
411483.3.peg.359.site.33, 6, 152, 158
411483.3.peg.359.site.34, 2, 154, 156
411483.3.peg.359.site.35, 1, 155, 156
411483.3.peg.359.site.36, 3, 155, 158
411483.3.peg.359.site.37, 4, 155, 159
411483.3.peg.359.site.38, 1, 155, 156
411483.3.peg.359.site.39, 12, 154, 166
411483.3.peg.608.site.1, 6, 129, 135
411483.3.peg.608.site.2, 68, 109, 177
411483.3.peg.608.site.3, 5, 101, 106
411483.3.peg.608.site.4, 11, 96, 107
411483.3.peg.608.site.5, 14, 90, 104
411483.3.peg.608.site.6, 1, 76, 77
411483.3.peg.608.site.7, 1, 51, 52
411483.3.peg.608.site.8, 1, 45, 46
411483.3.peg.608.site.9, 1, 35, 36
411483.3.peg.608.site.10, 4, 36, 40
411483.3.peg.608.site.11, 2, 65, 67
411483.3.peg.608.site.12, 17, 74, 91
411483.3.peg.608.site.13, 1, 94, 95
411483.3.peg.608.site.14, 39, 110, 149
411483.3.peg.608.site.15, 3, 115, 118
411483.3.peg.608.site.16, 6, 113, 119
411483.3.peg.608.site.17, 8, 117, 125
411483.3.peg.608.site.18, 10, 124, 134
411483.3.peg.608.site.19, 119, 126, 245
411483.3.peg.608.site.20, 34, 128, 162
411483.3.peg.608.site.21, 5, 138, 143
411483.3.peg.608.site.22, 2, 130, 132
411483.3.peg.608.site.23, 1, 126, 127
411483.3.peg.608.site.24, 1, 151, 152
411483.3.peg.608.site.25, 5, 148, 153
411483.3.peg.608.site.26, 0, 151, 151
411483.3.peg.608.site.27, 0, 153, 153
411483.3.peg.608.site.28, 5, 152, 157
411483.3.peg.608.site.29, 1, 151, 152
411483.3.peg.608.site.30, 18, 145, 163
411483.3.peg.608.site.31, 3, 150, 153
411483.3.peg.608.site.32, 1, 152, 153
411483.3.peg.608.site.33, 8, 152, 160
411483.3.peg.608.site.34, 7, 149, 156
411483.3.peg.608.site.35, 1, 151, 152
411483.3.peg.608.site.36, 4, 151, 155
411483.3.peg.608.site.37, 4, 151, 155
411483.3.peg.608.site.38, 15, 147, 162
411483.3.peg.608.site.39, 2, 153, 155
411483.3.peg.608.site.40, 1, 154, 155
411483.3.peg.608.site.41, 0, 155, 155
411483.3.peg.608.site.42, 6, 155, 161
411483.3.peg.608.site.43, 2, 154, 156
411483.3.peg.608.site.44, 1, 154, 155
411483.3.peg.608.site.45, 0, 154, 154
411483.3.peg.608.site.46, 1, 151, 152
411483.3.peg.608.site.47, 11, 152, 163
411483.3.peg.608.site.48, 29, 148, 177
411483.3.peg.608.site.49, 132, 146, 278
411483.3.peg.608.site.50, 3, 149, 152
411483.3.peg.608.site.51, 1, 148, 149
411483.3.peg.608.site.52, 12, 141, 153
411483.3.peg.608.site.53, 5, 144, 149
411483.3.peg.608.site.54, 3, 152, 155
411483.3.peg.608.site.55, 4, 148, 152
411483.3.peg.608.site.56, 1, 151, 152
411483.3.peg.608.site.57, 14, 144, 158
411483.3.peg.608.site.58, 1, 149, 150
411483.3.peg.608.site.59, 19, 142, 161
411483.3.peg.608.site.60, 118, 133, 251
411483.3.peg.608.site.61, 3, 145, 148
411483.3.peg.608.site.62, 4, 149, 153
411483.3.peg.609.site.1, 5, 150, 155
411483.3.peg.609.site.2, 8, 153, 161
411483.3.peg.609.site.3, 1, 153, 154
411483.3.peg.609.site.4, 2, 153, 155
411483.3.peg.609.site.5, 1, 154, 155
411483.3.peg.609.site.6, 4, 153, 157
411483.3.peg.609.site.7, 0, 153, 153
411483.3.peg.609.site.8, 5, 150, 155
411483.3.peg.609.site.9, 1, 153, 154
411483.3.peg.609.site.10, 3, 152, 155
411483.3.peg.609.site.11, 1, 152, 153
411483.3.peg.609.site.12, 12, 150, 162
411483.3.peg.609.site.13, 2, 154, 156
411483.3.peg.609.site.14, 134, 148, 282
411483.3.peg.609.site.15, 2, 147, 149
411483.3.peg.609.site.16, 1, 151, 152
411483.3.peg.609.site.17, 2, 151, 153
411483.3.peg.1529.site.1, 2, 151, 153
411483.3.peg.1529.site.2, 0, 153, 153
411483.3.peg.1529.site.3, 5, 152, 157
411483.3.peg.1529.site.4, 6, 153, 159
411483.3.peg.1529.site.5, 1, 146, 147
411483.3.peg.1529.site.6, 0, 152, 152
411483.3.peg.1529.site.7, 1, 146, 147
411483.3.peg.1529.site.8, 112, 136, 248
411483.3.peg.1529.site.9, 3, 144, 147
411483.3.peg.1529.site.10, 1, 137, 138
411483.3.peg.1529.site.11, 2, 127, 129
411483.3.peg.1529.site.12, 5, 131, 136
411483.3.peg.1529.site.13, 1, 146, 147
411483.3.peg.1529.site.14, 6, 148, 154
411483.3.peg.1529.site.15, 2, 149, 151
411483.3.peg.1529.site.16, 3, 144, 147
411483.3.peg.1529.site.17, 3, 146, 149
411483.3.peg.1529.site.18, 4, 148, 152
411483.3.peg.1529.site.19, 1, 148, 149
411483.3.peg.1529.site.20, 3, 148, 151
411483.3.peg.1529.site.21, 2, 147, 149
411483.3.peg.1529.site.22, 65, 142, 207
411483.3.peg.1529.site.23, 5, 152, 157
411483.3.peg.1529.site.24, 9, 149, 158
411483.3.peg.1529.site.25, 48, 139, 187
411483.3.peg.1529.site.26, 4, 140, 144
411483.3.peg.1529.site.27, 3, 144, 147
411483.3.peg.1529.site.28, 1, 137, 138
411483.3.peg.1529.site.29, 11, 144, 155
411483.3.peg.1529.site.30, 4, 141, 145
411483.3.peg.1529.site.31, 1, 139, 140
411483.3.peg.1529.site.32, 65, 128, 193
411483.3.peg.1529.site.33, 1, 142, 143
411483.3.peg.1529.site.34, 1, 149, 150
411483.3.peg.1529.site.35, 5, 147, 152
411483.3.peg.1529.site.36, 19, 133, 152
411483.3.peg.1529.site.37, 1, 142, 143
411483.3.peg.1529.site.38, 5, 136, 141
411483.3.peg.1529.site.39, 3, 121, 124
411483.3.peg.1529.site.40, 2, 134, 136
411483.3.peg.1529.site.41, 1, 129, 130
411483.3.peg.1529.site.42, 7, 119, 126
411483.3.peg.1529.site.43, 1, 116, 117
411483.3.peg.1529.site.44, 3, 116, 119
411483.3.peg.1529.site.45, 6, 119, 125
411483.3.peg.1529.site.46, 5, 130, 135
411483.3.peg.1529.site.47, 1, 136, 137
411483.3.peg.1529.site.48, 1, 140, 141
411483.3.peg.1529.site.49, 0, 144, 144
411483.3.peg.1529.site.50, 5, 140, 145
411483.3.peg.1529.site.51, 1, 140, 141
411483.3.peg.1529.site.52, 2, 136, 138
411483.3.peg.1529.site.53, 0, 136, 136
411483.3.peg.1529.site.54, 0, 129, 129
411483.3.peg.1529.site.55, 1, 129, 130
411483.3.peg.1529.site.56, 1, 131, 132
411483.3.peg.1529.site.57, 1, 107, 108
411483.3.peg.1529.site.58, 1, 129, 130
411483.3.peg.1529.site.59, 36, 143, 179
411483.3.peg.1529.site.60, 9, 150, 159
411483.3.peg.1529.site.61, 13, 153, 166
411483.3.peg.1529.site.62, 1, 152, 153
411483.3.peg.1529.site.63, 1, 149, 150
411483.3.peg.1529.site.64, 7, 146, 153
411483.3.peg.1529.site.65, 1, 147, 148
411483.3.peg.1529.site.66, 2, 145, 147
411483.3.peg.1529.site.67, 19, 126, 145
411483.3.peg.1529.site.68, 29, 128, 157
411483.3.peg.1529.site.69, 3, 136, 139
411483.3.peg.1529.site.70, 135, 135, 270
411483.3.peg.1529.site.71, 1, 138, 139
411483.3.peg.1529.site.72, 0, 138, 138
411483.3.peg.1529.site.73, 6, 139, 145
411483.3.peg.1529.site.74, 5, 140, 145
411483.3.peg.1529.site.75, 2, 144, 146
411483.3.peg.1529.site.76, 4, 140, 144
411483.3.peg.1529.site.77, 2, 146, 148
411483.3.peg.1529.site.78, 1, 149, 150
411483.3.peg.1529.site.79, 8, 149, 157
411483.3.peg.1529.site.80, 150, 150, 300
411483.3.peg.1529.site.81, 2, 153, 155
411483.3.peg.1529.site.82, 72, 144, 216
411483.3.peg.1529.site.83, 136, 147, 283
411483.3.peg.1529.site.84, 0, 153, 153
411483.3.peg.1529.site.85, 9, 152, 161
411483.3.peg.1529.site.86, 2, 152, 154
411483.3.peg.1529.site.87, 1, 151, 152
411483.3.peg.1529.site.88, 0, 153, 153
411483.3.peg.1529.site.89, 0, 155, 155
411483.3.peg.1529.site.90, 2, 151, 153
411483.3.peg.1529.site.91, 11, 146, 157
411483.3.peg.1529.site.92, 2, 153, 155
411483.3.peg.1529.site.93, 5, 152, 157
411483.3.peg.1529.site.94, 2, 153, 155
411483.3.peg.1529.site.95, 5, 154, 159
411483.3.peg.1529.site.96, 2, 155, 157
411483.3.peg.1529.site.97, 11, 150, 161
411483.3.peg.1529.site.98, 5, 154, 159
411483.3.peg.1528.site.1, 151, 151, 302
411483.3.peg.1528.site.2, 6, 151, 157
411483.3.peg.1528.site.3, 6, 148, 154
411483.3.peg.1528.site.4, 3, 149, 152
411483.3.peg.1528.site.5, 0, 149, 149
411483.3.peg.1528.site.6, 2, 151, 153
411483.3.peg.1528.site.7, 66, 137, 203
411483.3.peg.1528.site.8, 2, 151, 153
411483.3.peg.1528.site.9, 0, 151, 151
411483.3.peg.1528.site.10, 7, 152, 159
411483.3.peg.1528.site.11, 60, 142, 202
411483.3.peg.1528.site.12, 0, 152, 152
411483.3.peg.1528.site.13, 1, 153, 154
411483.3.peg.1528.site.14, 2, 153, 155
411483.3.peg.1528.site.15, 63, 146, 209
411483.3.peg.1528.site.16, 4, 152, 156
411483.3.peg.1528.site.17, 72, 148, 220
411483.3.peg.1528.site.18, 37, 148, 185
411483.3.peg.1528.site.19, 2, 150, 152
411483.3.peg.1528.site.20, 3, 148, 151
411483.3.peg.1528.site.21, 1, 150, 151
411483.3.peg.1528.site.22, 4, 150, 154
411483.3.peg.1528.site.23, 1, 151, 152
411483.3.peg.1528.site.24, 6, 151, 157
411483.3.peg.1528.site.25, 18, 148, 166
411483.3.peg.1528.site.26, 1, 148, 149
411483.3.peg.1528.site.27, 92, 145, 237
411483.3.peg.1528.site.28, 2, 151, 153
411483.3.peg.1528.site.29, 3, 151, 154
411483.3.peg.1528.site.30, 2, 150, 152
411483.3.peg.1528.site.31, 89, 132, 221
411483.3.peg.1528.site.32, 10, 148, 158
411483.3.peg.1528.site.33, 2, 148, 150
411483.3.peg.1528.site.34, 2, 148, 150
411483.3.peg.1528.site.35, 18, 144, 162
411483.3.peg.1528.site.36, 3, 144, 147
411483.3.peg.1528.site.37, 3, 151, 154
411483.3.peg.1528.site.38, 6, 153, 159
411483.3.peg.1528.site.39, 72, 140, 212
411483.3.peg.1528.site.40, 0, 153, 153
411483.3.peg.1528.site.41, 4, 151, 155
411483.3.peg.1528.site.42, 1, 154, 155
411483.3.peg.1528.site.43, 6, 153, 159
411483.3.peg.1528.site.44, 8, 153, 161
411483.3.peg.1528.site.45, 7, 152, 159
411483.3.peg.1528.site.46, 0, 152, 152
411483.3.peg.1528.site.47, 21, 150, 171
411483.3.peg.1528.site.48, 0, 154, 154
411483.3.peg.1525.site.1, 0, 151, 151
411483.3.peg.1525.site.2, 1, 151, 152
411483.3.peg.1525.site.3, 6, 148, 154
411483.3.peg.1525.site.4, 43, 142, 185
411483.3.peg.1525.site.5, 4, 149, 153
411483.3.peg.1525.site.6, 6, 145, 151
411483.3.peg.1525.site.7, 43, 136, 179
411483.3.peg.1525.site.8, 2, 145, 147
411483.3.peg.1525.site.9, 9, 146, 155
411483.3.peg.1525.site.10, 12, 141, 153
411483.3.peg.1525.site.11, 4, 147, 151
411483.3.peg.1525.site.12, 2, 151, 153
411483.3.peg.1525.site.13, 18, 144, 162
411483.3.peg.1525.site.14, 11, 148, 159
411483.3.peg.1525.site.15, 1, 151, 152
411483.3.peg.1525.site.16, 5, 150, 155
411483.3.peg.1525.site.17, 67, 139, 206
411483.3.peg.1525.site.18, 1, 145, 146
411483.3.peg.1525.site.19, 3, 134, 137
411483.3.peg.1525.site.20, 28, 133, 161
411483.3.peg.1525.site.21, 17, 135, 152
411483.3.peg.1525.site.22, 107, 125, 232
411483.3.peg.1525.site.23, 83, 110, 193
411483.3.peg.1525.site.24, 72, 104, 176
411483.3.peg.1525.site.25, 2, 125, 127
411483.3.peg.1525.site.26, 3, 138, 141
411483.3.peg.1525.site.27, 2, 146, 148
411483.3.peg.1525.site.28, 4, 139, 143
411483.3.peg.1525.site.29, 4, 150, 154
411483.3.peg.1525.site.30, 1, 150, 151
411483.3.peg.1525.site.31, 2, 152, 154
411483.3.peg.1525.site.32, 101, 140, 241
411483.3.peg.1525.site.33, 0, 151, 151
411483.3.peg.1525.site.34, 1, 148, 149
411483.3.peg.1525.site.35, 5, 150, 155
411483.3.peg.1525.site.36, 19, 146, 165
411483.3.peg.1525.site.37, 1, 142, 143
411483.3.peg.1525.site.38, 8, 148, 156
411483.3.peg.1525.site.39, 2, 147, 149
411483.3.peg.1525.site.40, 19, 139, 158
411483.3.peg.1525.site.41, 2, 146, 148
411483.3.peg.1525.site.42, 7, 142, 149
411483.3.peg.1525.site.43, 13, 124, 137
411483.3.peg.1525.site.44, 2, 128, 130
411483.3.peg.1525.site.45, 0, 121, 121
411483.3.peg.1525.site.46, 1, 121, 122
411483.3.peg.1525.site.47, 3, 116, 119
411483.3.peg.1525.site.48, 3, 123, 126
411483.3.peg.1525.site.49, 117, 123, 240
411483.3.peg.1525.site.50, 2, 137, 139
411483.3.peg.1525.site.51, 7, 136, 143
411483.3.peg.1525.site.52, 1, 143, 144
411483.3.peg.1524.site.1, 121, 140, 261
411483.3.peg.1524.site.2, 1, 146, 147
411483.3.peg.1524.site.3, 6, 146, 152
411483.3.peg.1524.site.4, 23, 142, 165
411483.3.peg.1524.site.5, 105, 130, 235
411483.3.peg.1524.site.6, 1, 130, 131
411483.3.peg.1524.site.7, 0, 139, 139
411483.3.peg.1524.site.8, 1, 143, 144
411483.3.peg.1524.site.9, 7, 151, 158
411483.3.peg.1524.site.10, 14, 148, 162
411483.3.peg.1524.site.11, 0, 150, 150
411483.3.peg.1524.site.12, 0, 151, 151
411483.3.peg.1524.site.13, 0, 151, 151
411483.3.peg.1524.site.14, 3, 151, 154
411483.3.peg.1524.site.15, 2, 152, 154
411483.3.peg.1524.site.16, 0, 151, 151
411483.3.peg.1524.site.17, 18, 149, 167
411483.3.peg.1524.site.18, 0, 151, 151
411483.3.peg.1524.site.19, 2, 150, 152
411483.3.peg.1524.site.20, 6, 144, 150
411483.3.peg.1524.site.21, 3, 143, 146
411483.3.peg.1524.site.22, 1, 140, 141
411483.3.peg.1524.site.23, 2, 138, 140
411483.3.peg.1524.site.24, 20, 137, 157
411483.3.peg.1524.site.25, 18, 138, 156
411483.3.peg.1524.site.26, 1, 135, 136
411483.3.peg.1524.site.27, 3, 137, 140
411483.3.peg.1524.site.28, 1, 144, 145
411483.3.peg.1524.site.29, 1, 141, 142
411483.3.peg.1524.site.30, 14, 139, 153
411483.3.peg.1524.site.31, 2, 150, 152
411483.3.peg.1524.site.32, 1, 149, 150
411483.3.peg.1524.site.33, 0, 151, 151
411483.3.peg.1524.site.34, 2, 153, 155
411483.3.peg.1524.site.35, 2, 148, 150
411483.3.peg.1524.site.36, 1, 150, 151
411483.3.peg.1524.site.37, 4, 148, 152
411483.3.peg.1524.site.38, 1, 153, 154
411483.3.peg.1524.site.39, 4, 149, 153
411483.3.peg.1524.site.40, 2, 149, 151
411483.3.peg.1524.site.41, 3, 149, 152
411483.3.peg.1524.site.42, 3, 149, 152
411483.3.peg.1524.site.43, 102, 142, 244
411483.3.peg.1524.site.44, 6, 141, 147
411483.3.peg.1524.site.45, 7, 135, 142
411483.3.peg.1524.site.46, 0, 132, 132
411483.3.peg.1524.site.47, 122, 130, 252
411483.3.peg.1524.site.48, 2, 134, 136
411483.3.peg.1524.site.49, 0, 137, 137
411483.3.peg.1524.site.50, 123, 138, 261
411483.3.peg.1524.site.51, 29, 141, 170
411483.3.peg.1524.site.52, 4, 144, 148
411483.3.peg.1524.site.53, 2, 148, 150
411483.3.peg.1524.site.54, 0, 148, 148
411483.3.peg.1524.site.55, 1, 145, 146
411483.3.peg.1524.site.56, 4, 137, 141
411483.3.peg.1524.site.57, 3, 135, 138
411483.3.peg.1524.site.58, 25, 125, 150
411483.3.peg.1524.site.59, 3, 129, 132
411483.3.peg.1524.site.60, 2, 124, 126
411483.3.peg.1524.site.61, 2, 130, 132
411483.3.peg.1524.site.62, 5, 137, 142
411483.3.peg.1524.site.63, 2, 138, 140
411483.3.peg.1524.site.64, 7, 147, 154
411483.3.peg.1524.site.65, 3, 146, 149
411483.3.peg.1524.site.66, 25, 144, 169
411483.3.peg.1524.site.67, 10, 141, 151
411483.3.peg.1524.site.68, 21, 144, 165
411483.3.peg.1524.site.69, 4, 144, 148
411483.3.peg.1524.site.70, 2, 149, 151
411483.3.peg.1524.site.71, 5, 146, 151
411483.3.peg.1524.site.72, 0, 150, 150
411483.3.peg.1524.site.73, 8, 151, 159
411483.3.peg.1524.site.74, 1, 146, 147
411483.3.peg.1524.site.75, 3, 146, 149
411483.3.peg.1527.site.1, 87, 139, 226
411483.3.peg.1527.site.2, 3, 147, 150
411483.3.peg.1527.site.3, 3, 147, 150
411483.3.peg.1527.site.4, 11, 149, 160
411483.3.peg.1527.site.5, 1, 151, 152
411483.3.peg.1527.site.6, 0, 145, 145
411483.3.peg.1527.site.7, 3, 150, 153
411483.3.peg.1527.site.8, 1, 145, 146
411483.3.peg.1527.site.9, 1, 145, 146
411483.3.peg.1527.site.10, 5, 142, 147
411483.3.peg.1527.site.11, 3, 140, 143
411483.3.peg.1527.site.12, 11, 139, 150
411483.3.peg.1527.site.13, 1, 140, 141
411483.3.peg.1527.site.14, 0, 132, 132
411483.3.peg.1527.site.15, 0, 136, 136
411483.3.peg.1527.site.16, 6, 139, 145
411483.3.peg.1527.site.17, 1, 140, 141
411483.3.peg.1527.site.18, 3, 146, 149
411483.3.peg.1527.site.19, 3, 145, 148
411483.3.peg.1527.site.20, 1, 138, 139
411483.3.peg.1527.site.21, 13, 141, 154
411483.3.peg.1527.site.22, 104, 129, 233
411483.3.peg.1527.site.23, 45, 121, 166
411483.3.peg.1527.site.24, 2, 141, 143
411483.3.peg.1527.site.25, 1, 147, 148
411483.3.peg.1527.site.26, 34, 137, 171
411483.3.peg.1527.site.27, 2, 143, 145
411483.3.peg.1527.site.28, 2, 148, 150
411483.3.peg.1527.site.29, 9, 148, 157
411483.3.peg.1527.site.30, 71, 134, 205
411483.3.peg.1527.site.31, 47, 138, 185
411483.3.peg.1527.site.32, 4, 150, 154
411483.3.peg.1527.site.33, 130, 146, 276
411483.3.peg.1527.site.34, 3, 147, 150
411483.3.peg.1527.site.35, 2, 150, 152
411483.3.peg.1527.site.36, 1, 150, 151
411483.3.peg.1527.site.37, 2, 148, 150
411483.3.peg.1527.site.38, 55, 139, 194
411483.3.peg.1527.site.39, 12, 139, 151
411483.3.peg.1527.site.40, 60, 137, 197
411483.3.peg.1527.site.41, 5, 149, 154
411483.3.peg.1527.site.42, 1, 122, 123
411483.3.peg.1527.site.43, 4, 128, 132
411483.3.peg.1527.site.44, 34, 125, 159
411483.3.peg.1527.site.45, 6, 133, 139
411483.3.peg.1527.site.46, 0, 127, 127
411483.3.peg.1527.site.47, 34, 131, 165
411483.3.peg.1527.site.48, 1, 138, 139
411483.3.peg.1527.site.49, 17, 132, 149
411483.3.peg.1527.site.50, 0, 140, 140
411483.3.peg.1527.site.51, 93, 131, 224
411483.3.peg.1527.site.52, 11, 144, 155
411483.3.peg.1527.site.53, 19, 143, 162
411483.3.peg.1527.site.54, 3, 143, 146
411483.3.peg.1527.site.55, 1, 147, 148
411483.3.peg.1527.site.56, 13, 148, 161
411483.3.peg.1527.site.57, 20, 145, 165
411483.3.peg.1527.site.58, 3, 144, 147
411483.3.peg.1527.site.59, 56, 139, 195
411483.3.peg.1527.site.60, 2, 147, 149
411483.3.peg.1527.site.61, 9, 143, 152
411483.3.peg.1527.site.62, 8, 143, 151
411483.3.peg.1527.site.63, 1, 152, 153
411483.3.peg.1527.site.64, 19, 149, 168
411483.3.peg.1527.site.65, 3, 152, 155
411483.3.peg.1527.site.66, 2, 152, 154
411483.3.peg.1527.site.67, 1, 154, 155
411483.3.peg.1527.site.68, 1, 155, 156
411483.3.peg.1527.site.69, 6, 155, 161
411483.3.peg.1527.site.70, 2, 155, 157
411483.3.peg.1527.site.71, 7, 154, 161
411483.3.peg.1526.site.1, 72, 133, 205
411483.3.peg.1526.site.2, 0, 146, 146
411483.3.peg.1526.site.3, 4, 143, 147
411483.3.peg.1526.site.4, 1, 123, 124
411483.3.peg.1526.site.5, 119, 127, 246
411483.3.peg.1526.site.6, 3, 119, 122
411483.3.peg.1526.site.7, 9, 113, 122
411483.3.peg.1526.site.8, 113, 120, 233
411483.3.peg.1526.site.9, 4, 125, 129
411483.3.peg.1526.site.10, 0, 115, 115
411483.3.peg.1526.site.11, 6, 135, 141
411483.3.peg.1526.site.12, 13, 122, 135
411483.3.peg.1526.site.13, 17, 140, 157
411483.3.peg.1526.site.14, 44, 131, 175
411483.3.peg.1526.site.15, 0, 146, 146
411483.3.peg.1526.site.16, 64, 141, 205
411483.3.peg.1526.site.17, 12, 144, 156
411483.3.peg.1526.site.18, 3, 154, 157
411483.3.peg.1526.site.19, 2, 153, 155
411483.3.peg.1526.site.20, 1, 150, 151
411483.3.peg.1526.site.21, 12, 150, 162
411483.3.peg.1526.site.22, 93, 136, 229
411483.3.peg.1526.site.23, 7, 147, 154
411483.3.peg.1526.site.24, 3, 149, 152
411483.3.peg.1526.site.25, 9, 143, 152
411483.3.peg.1526.site.26, 1, 151, 152
411483.3.peg.1526.site.27, 127, 139, 266
411483.3.peg.1526.site.28, 43, 140, 183
411483.3.peg.1526.site.29, 6, 150, 156
411483.3.peg.1526.site.30, 2, 148, 150
411483.3.peg.1526.site.31, 8, 144, 152
411483.3.peg.1526.site.32, 0, 146, 146
411483.3.peg.1526.site.33, 2, 151, 153
411483.3.peg.1526.site.34, 111, 140, 251
411483.3.peg.1526.site.35, 68, 140, 208
411483.3.peg.1526.site.36, 2, 150, 152
411483.3.peg.1526.site.37, 4, 152, 156
411483.3.peg.1526.site.38, 30, 153, 183
411483.3.peg.1526.site.39, 1, 154, 155
411483.3.peg.1526.site.40, 43, 152, 195
411483.3.peg.1526.site.41, 1, 154, 155
411483.3.peg.1526.site.42, 4, 153, 157
411483.3.peg.1526.site.43, 2, 154, 156
411483.3.peg.1526.site.44, 8, 149, 157
411483.3.peg.1526.site.45, 2, 150, 152
411483.3.peg.1526.site.46, 2, 150, 152
411483.3.peg.1526.site.47, 8, 149, 157
411483.3.peg.1526.site.48, 12, 150, 162
411483.3.peg.1526.site.49, 0, 151, 151
411483.3.peg.1526.site.50, 15, 148, 163
411483.3.peg.1526.site.51, 1, 153, 154
411483.3.peg.1526.site.52, 12, 152, 164
411483.3.peg.1526.site.53, 22, 146, 168
411483.3.peg.1526.site.54, 2, 154, 156
411483.3.peg.1526.site.55, 32, 140, 172
411483.3.peg.1526.site.56, 3, 153, 156
411483.3.peg.1526.site.57, 2, 149, 151
411483.3.peg.1526.site.58, 1, 149, 150
411483.3.peg.1526.site.59, 2, 148, 150
411483.3.peg.1526.site.60, 39, 146, 185
411483.3.peg.1526.site.61, 4, 148, 152
411483.3.peg.1526.site.62, 4, 151, 155
411483.3.peg.1526.site.63, 5, 153, 158
411483.3.peg.1526.site.64, 27, 146, 173
411483.3.peg.1526.site.65, 1, 155, 156
411483.3.peg.1526.site.66, 1, 152, 153
411483.3.peg.1526.site.67, 2, 154, 156
411483.3.peg.1526.site.68, 5, 153, 158
411483.3.peg.1526.site.69, 4, 153, 157
411483.3.peg.1526.site.70, 90, 138, 228
411483.3.peg.1526.site.71, 3, 153, 156
411483.3.peg.1526.site.72, 4, 151, 155
411483.3.peg.1526.site.73, 6, 148, 154
411483.3.peg.1526.site.74, 5, 149, 154
411483.3.peg.1526.site.75, 104, 143, 247
411483.3.peg.1526.site.76, 9, 147, 156
411483.3.peg.1526.site.77, 14, 146, 160
411483.3.peg.1526.site.78, 2, 147, 149
411483.3.peg.1526.site.79, 0, 147, 147
411483.3.peg.1526.site.80, 2, 146, 148
411483.3.peg.1526.site.81, 61, 123, 184
411483.3.peg.1526.site.82, 30, 137, 167
411483.3.peg.1526.site.83, 13, 142, 155
411483.3.peg.1526.site.84, 1, 151, 152
411483.3.peg.1526.site.85, 5, 150, 155
411483.3.peg.1526.site.86, 4, 151, 155
411483.3.peg.1526.site.87, 4, 153, 157
411483.3.peg.1526.site.88, 30, 144, 174
411483.3.peg.1526.site.89, 4, 149, 153
411483.3.peg.1526.site.90, 10, 144, 154
411483.3.peg.1526.site.91, 3, 149, 152
411483.3.peg.1526.site.92, 23, 149, 172
411483.3.peg.1526.site.93, 55, 136, 191
411483.3.peg.1526.site.94, 3, 145, 148
411483.3.peg.1526.site.95, 41, 134, 175
411483.3.peg.1526.site.96, 5, 148, 153
411483.3.peg.1526.site.97, 66, 142, 208
411483.3.peg.1526.site.98, 3, 146, 149
411483.3.peg.1526.site.99, 3, 147, 150
411483.3.peg.1526.site.100, 5, 149, 154
411483.3.peg.1526.site.101, 2, 152, 154
411483.3.peg.1526.site.102, 11, 145, 156
411483.3.peg.1526.site.103, 9, 143, 152
411483.3.peg.1526.site.104, 3, 149, 152
411483.3.peg.1526.site.105, 1, 148, 149
411483.3.peg.1526.site.106, 9, 145, 154
411483.3.peg.1526.site.107, 1, 147, 148
411483.3.peg.1526.site.108, 2, 143, 145
411483.3.peg.1526.site.109, 1, 144, 145
411483.3.peg.1526.site.110, 5, 138, 143
411483.3.peg.1526.site.111, 70, 125, 195
411483.3.peg.1526.site.112, 1, 135, 136
411483.3.peg.1526.site.113, 9, 125, 134
411483.3.peg.1526.site.114, 9, 119, 128
411483.3.peg.1526.site.115, 3, 130, 133
411483.3.peg.1526.site.116, 1, 127, 128
411483.3.peg.1526.site.117, 5, 130, 135
411483.3.peg.1526.site.118, 3, 141, 144
411483.3.peg.1526.site.119, 1, 136, 137
411483.3.peg.1526.site.120, 4, 140, 144
411483.3.peg.1526.site.121, 8, 150, 158
411483.3.peg.606.site.1, 1, 128, 129
411483.3.peg.606.site.2, 1, 126, 127
411483.3.peg.606.site.3, 23, 121, 144
411483.3.peg.606.site.4, 19, 120, 139
411483.3.peg.606.site.5, 25, 121, 146
411483.3.peg.606.site.6, 4, 127, 131
411483.3.peg.606.site.7, 1, 128, 129
411483.3.peg.606.site.8, 75, 115, 190
411483.3.peg.606.site.9, 7, 141, 148
411483.3.peg.606.site.10, 1, 128, 129
411483.3.peg.606.site.11, 0, 130, 130
411483.3.peg.606.site.12, 3, 138, 141
411483.3.peg.606.site.13, 2, 134, 136
411483.3.peg.606.site.14, 10, 135, 145
411483.3.peg.606.site.15, 2, 138, 140
411483.3.peg.606.site.16, 121, 133, 254
411483.3.peg.606.site.17, 76, 135, 211
411483.3.peg.606.site.18, 1, 150, 151
411483.3.peg.606.site.19, 10, 146, 156
411483.3.peg.606.site.20, 0, 152, 152
411483.3.peg.606.site.21, 5, 154, 159
411483.3.peg.606.site.22, 9, 151, 160
411483.3.peg.606.site.23, 0, 154, 154
411483.3.peg.606.site.24, 5, 154, 159
411483.3.peg.606.site.25, 3, 149, 152
411483.3.peg.606.site.26, 2, 153, 155
411483.3.peg.606.site.27, 0, 148, 148
411483.3.peg.606.site.28, 13, 150, 163
411483.3.peg.606.site.29, 2, 150, 152
411483.3.peg.606.site.30, 116, 147, 263
411483.3.peg.606.site.31, 3, 152, 155
411483.3.peg.606.site.32, 21, 146, 167
411483.3.peg.606.site.33, 119, 149, 268
411483.3.peg.606.site.34, 2, 153, 155
411483.3.peg.606.site.35, 0, 153, 153
411483.3.peg.606.site.36, 0, 151, 151
411483.3.peg.606.site.37, 0, 153, 153
411483.3.peg.606.site.38, 115, 145, 260
411483.3.peg.606.site.39, 3, 152, 155
411483.3.peg.606.site.40, 3, 154, 157
411483.3.peg.606.site.41, 0, 150, 150
411483.3.peg.606.site.42, 2, 149, 151
411483.3.peg.606.site.43, 9, 152, 161
411483.3.peg.606.site.44, 2, 154, 156
411483.3.peg.606.site.45, 1, 155, 156
411483.3.peg.607.site.1, 34, 147, 181
411483.3.peg.607.site.2, 3, 154, 157
411483.3.peg.607.site.3, 11, 154, 165
411483.3.peg.607.site.4, 2, 153, 155
411483.3.peg.607.site.5, 0, 152, 152
411483.3.peg.607.site.6, 4, 152, 156
411483.3.peg.607.site.7, 15, 147, 162
411483.3.peg.607.site.8, 5, 154, 159
411483.3.peg.607.site.9, 13, 151, 164
411483.3.peg.607.site.10, 1, 152, 153
411483.3.peg.607.site.11, 1, 154, 155
411483.3.peg.607.site.12, 5, 154, 159
411483.3.peg.607.site.13, 6, 155, 161
411483.3.peg.607.site.14, 12, 152, 164
411483.3.peg.607.site.15, 1, 153, 154
411483.3.peg.607.site.16, 28, 145, 173
411483.3.peg.607.site.17, 6, 151, 157
411483.3.peg.607.site.18, 5, 149, 154
411483.3.peg.607.site.19, 7, 151, 158
411483.3.peg.607.site.20, 2, 115, 117
411483.3.peg.607.site.21, 1, 133, 134
411483.3.peg.607.site.22, 6, 138, 144
411483.3.peg.607.site.23, 2, 147, 149
411483.3.peg.607.site.24, 5, 150, 155
411483.3.peg.607.site.25, 13, 149, 162
411483.3.peg.607.site.26, 8, 149, 157
411483.3.peg.607.site.27, 39, 147, 186
411483.3.peg.607.site.28, 50, 139, 189
411483.3.peg.607.site.29, 7, 150, 157
411483.3.peg.607.site.30, 4, 151, 155
411483.3.peg.607.site.31, 3, 150, 153
411483.3.peg.607.site.32, 12, 149, 161
411483.3.peg.607.site.33, 2, 155, 157
411483.3.peg.607.site.34, 0, 154, 154
411483.3.peg.607.site.35, 0, 154, 154
411483.3.peg.607.site.36, 2, 155, 157
411483.3.peg.607.site.37, 6, 153, 159
411483.3.peg.607.site.38, 0, 151, 151
411483.3.peg.607.site.39, 42, 146, 188
411483.3.peg.607.site.40, 10, 149, 159
411483.3.peg.607.site.41, 0, 149, 149
411483.3.peg.607.site.42, 8, 151, 159
411483.3.peg.607.site.43, 14, 150, 164
411483.3.peg.607.site.44, 3, 142, 145
411483.3.peg.607.site.45, 124, 139, 263
411483.3.peg.607.site.46, 3, 141, 144
411483.3.peg.607.site.47, 67, 127, 194
411483.3.peg.607.site.48, 2, 129, 131
411483.3.peg.604.site.1, 11, 153, 164
411483.3.peg.604.site.2, 5, 151, 156
411483.3.peg.604.site.3, 4, 146, 150
411483.3.peg.604.site.4, 0, 148, 148
411483.3.peg.604.site.5, 8, 150, 158
411483.3.peg.604.site.6, 34, 149, 183
411483.3.peg.604.site.7, 0, 147, 147
411483.3.peg.604.site.8, 4, 143, 147
411483.3.peg.604.site.9, 10, 148, 158
411483.3.peg.604.site.10, 1, 149, 150
411483.3.peg.604.site.11, 7, 146, 153
411483.3.peg.604.site.12, 3, 143, 146
411483.3.peg.604.site.13, 8, 134, 142
411483.3.peg.604.site.14, 7, 116, 123
411483.3.peg.604.site.15, 8, 128, 136
411483.3.peg.604.site.16, 87, 102, 189
411483.3.peg.604.site.17, 5, 94, 99
411483.3.peg.604.site.18, 15, 86, 101
411483.3.peg.604.site.19, 3, 79, 82
411483.3.peg.604.site.20, 1, 68, 69
411483.3.peg.604.site.21, 14, 76, 90
411483.3.peg.604.site.22, 40, 86, 126
411483.3.peg.604.site.23, 2, 112, 114
411483.3.peg.604.site.24, 2, 106, 108
411483.3.peg.604.site.25, 5, 101, 106
411483.3.peg.604.site.26, 7, 94, 101
411483.3.peg.604.site.27, 2, 78, 80
411483.3.peg.604.site.28, 1, 80, 81
411483.3.peg.604.site.29, 3, 71, 74
411483.3.peg.604.site.30, 18, 54, 72
411483.3.peg.604.site.31, 0, 47, 47
411483.3.peg.604.site.32, 59, 80, 139
411483.3.peg.604.site.33, 28, 84, 112
411483.3.peg.604.site.34, 1, 99, 100
411483.3.peg.604.site.35, 2, 107, 109
411483.3.peg.604.site.36, 1, 124, 125
411483.3.peg.604.site.37, 4, 135, 139
411483.3.peg.604.site.38, 0, 134, 134
411483.3.peg.604.site.39, 2, 154, 156
411483.3.peg.604.site.40, 75, 147, 222
411483.3.peg.604.site.41, 94, 146, 240
411483.3.peg.604.site.42, 4, 148, 152
411483.3.peg.604.site.43, 1, 145, 146
411483.3.peg.604.site.44, 2, 149, 151
411483.3.peg.604.site.45, 38, 137, 175
411483.3.peg.604.site.46, 75, 141, 216
411483.3.peg.604.site.47, 36, 141, 177
411483.3.peg.604.site.48, 27, 145, 172
411483.3.peg.604.site.49, 2, 153, 155
411483.3.peg.604.site.50, 3, 150, 153
411483.3.peg.604.site.51, 23, 136, 159
411483.3.peg.604.site.52, 1, 148, 149
411483.3.peg.604.site.53, 3, 148, 151
411483.3.peg.604.site.54, 129, 143, 272
411483.3.peg.604.site.55, 12, 149, 161
411483.3.peg.604.site.56, 1, 153, 154
411483.3.peg.604.site.57, 0, 155, 155
411483.3.peg.604.site.58, 1, 155, 156
411483.3.peg.604.site.59, 3, 154, 157
411483.3.peg.604.site.60, 3, 155, 158
411483.3.peg.604.site.61, 7, 155, 162
411483.3.peg.605.site.1, 8, 152, 160
411483.3.peg.605.site.2, 25, 148, 173
411483.3.peg.605.site.3, 2, 146, 148
411483.3.peg.605.site.4, 98, 125, 223
411483.3.peg.605.site.5, 83, 120, 203
411483.3.peg.605.site.6, 6, 127, 133
411483.3.peg.605.site.7, 72, 103, 175
411483.3.peg.605.site.8, 1, 98, 99
411483.3.peg.605.site.9, 4, 101, 105
411483.3.peg.605.site.10, 5, 95, 100
411483.3.peg.605.site.11, 27, 88, 115
411483.3.peg.605.site.12, 32, 85, 117
411483.3.peg.605.site.13, 13, 79, 92
411483.3.peg.605.site.14, 1, 86, 87
411483.3.peg.605.site.15, 2, 91, 93
411483.3.peg.605.site.16, 86, 98, 184
411483.3.peg.605.site.17, 1, 104, 105
411483.3.peg.605.site.18, 1, 119, 120
411483.3.peg.605.site.19, 0, 122, 122
411483.3.peg.605.site.20, 1, 123, 124
411483.3.peg.605.site.21, 2, 118, 120
411483.3.peg.605.site.22, 95, 111, 206
411483.3.peg.605.site.23, 32, 105, 137
411483.3.peg.605.site.24, 4, 118, 122
411483.3.peg.605.site.25, 2, 115, 117
411483.3.peg.605.site.26, 1, 123, 124
411483.3.peg.605.site.27, 14, 114, 128
411483.3.peg.605.site.28, 10, 123, 133
411483.3.peg.605.site.29, 12, 118, 130
411483.3.peg.605.site.30, 3, 119, 122
411483.3.peg.605.site.31, 5, 125, 130
411483.3.peg.605.site.32, 2, 129, 131
411483.3.peg.605.site.33, 11, 128, 139
411483.3.peg.605.site.34, 1, 126, 127
411483.3.peg.605.site.35, 4, 125, 129
411483.3.peg.605.site.36, 10, 123, 133
411483.3.peg.605.site.37, 2, 127, 129
411483.3.peg.605.site.38, 0, 128, 128
411483.3.peg.605.site.39, 9, 134, 143
411483.3.peg.605.site.40, 20, 127, 147
411483.3.peg.605.site.41, 36, 126, 162
411483.3.peg.605.site.42, 6, 134, 140
411483.3.peg.605.site.43, 0, 127, 127
411483.3.peg.605.site.44, 0, 129, 129
411483.3.peg.605.site.45, 1, 133, 134
411483.3.peg.605.site.46, 17, 143, 160
411483.3.peg.605.site.47, 15, 139, 154
411483.3.peg.605.site.48, 3, 139, 142
411483.3.peg.605.site.49, 12, 143, 155
411483.3.peg.605.site.50, 10, 141, 151
411483.3.peg.605.site.51, 15, 142, 157
411483.3.peg.605.site.52, 0, 143, 143
411483.3.peg.605.site.53, 1, 143, 144
411483.3.peg.605.site.54, 1, 144, 145
411483.3.peg.605.site.55, 1, 149, 150
411483.3.peg.605.site.56, 74, 137, 211
411483.3.peg.605.site.57, 62, 140, 202
411483.3.peg.605.site.58, 7, 153, 160
411483.3.peg.605.site.59, 4, 146, 150
411483.3.peg.605.site.60, 7, 152, 159
411483.3.peg.605.site.61, 9, 151, 160
411483.3.peg.605.site.62, 0, 128, 128
411483.3.peg.605.site.63, 102, 121, 223
411483.3.peg.605.site.64, 0, 119, 119
411483.3.peg.605.site.65, 1, 75, 76
411483.3.peg.605.site.66, 1, 71, 72
411483.3.peg.605.site.67, 9, 58, 67
411483.3.peg.605.site.68, 9, 51, 60
411483.3.peg.605.site.69, 39, 63, 102
411483.3.peg.605.site.70, 1, 77, 78
411483.3.peg.605.site.71, 1, 100, 101
411483.3.peg.605.site.72, 7, 96, 103
411483.3.peg.605.site.73, 17, 87, 104
411483.3.peg.605.site.74, 0, 101, 101
411483.3.peg.605.site.75, 0, 105, 105
411483.3.peg.605.site.76, 4, 103, 107
411483.3.peg.605.site.77, 5, 111, 116
411483.3.peg.605.site.78, 43, 99, 142
411483.3.peg.605.site.79, 91, 108, 199
411483.3.peg.605.site.80, 15, 102, 117
411483.3.peg.605.site.81, 3, 104, 107
411483.3.peg.605.site.82, 7, 111, 118
411483.3.peg.605.site.83, 109, 119, 228
411483.3.peg.605.site.84, 21, 126, 147
411483.3.peg.605.site.85, 2, 141, 143
411483.3.peg.605.site.86, 3, 146, 149
411483.3.peg.605.site.87, 16, 144, 160
411483.3.peg.605.site.88, 4, 150, 154
411483.3.peg.605.site.89, 1, 152, 153
411483.3.peg.605.site.90, 86, 143, 229
411483.3.peg.605.site.91, 7, 152, 159
411483.3.peg.605.site.92, 1, 146, 147
411483.3.peg.605.site.93, 1, 145, 146
411483.3.peg.605.site.94, 6, 145, 151
411483.3.peg.605.site.95, 2, 139, 141
411483.3.peg.605.site.96, 20, 122, 142
411483.3.peg.605.site.97, 5, 101, 106
411483.3.peg.518.site.1, 154, 154, 308
411483.3.peg.518.site.2, 52, 150, 202
411483.3.peg.518.site.3, 6, 155, 161
411483.3.peg.518.site.4, 6, 154, 160
411483.3.peg.518.site.5, 1, 153, 154
411483.3.peg.518.site.6, 28, 152, 180
411483.3.peg.518.site.7, 2, 155, 157
411483.3.peg.518.site.8, 0, 154, 154
411483.3.peg.518.site.9, 1, 154, 155
411483.3.peg.518.site.10, 1, 155, 156
411483.3.peg.518.site.11, 8, 150, 158
411483.3.peg.518.site.12, 0, 154, 154
411483.3.peg.518.site.13, 1, 151, 152
411483.3.peg.518.site.14, 13, 153, 166
411483.3.peg.518.site.15, 3, 151, 154
411483.3.peg.518.site.16, 33, 148, 181
411483.3.peg.518.site.17, 24, 150, 174
411483.3.peg.518.site.18, 1, 151, 152
411483.3.peg.518.site.19, 8, 149, 157
411483.3.peg.518.site.20, 2, 151, 153
411483.3.peg.518.site.21, 3, 150, 153
411483.3.peg.518.site.22, 1, 151, 152
411483.3.peg.518.site.23, 2, 154, 156
411483.3.peg.518.site.24, 7, 147, 154
411483.3.peg.518.site.25, 129, 139, 268
411483.3.peg.518.site.26, 121, 131, 252
411483.3.peg.518.site.27, 30, 144, 174
411483.3.peg.518.site.28, 1, 148, 149
411483.3.peg.518.site.29, 28, 146, 174
411483.3.peg.518.site.30, 1, 151, 152
411483.3.peg.518.site.31, 3, 152, 155
411483.3.peg.518.site.32, 8, 153, 161
411483.3.peg.519.site.1, 3, 149, 152
411483.3.peg.519.site.2, 5, 144, 149
411483.3.peg.519.site.3, 30, 134, 164
411483.3.peg.519.site.4, 26, 136, 162
411483.3.peg.519.site.5, 9, 135, 144
411483.3.peg.519.site.6, 35, 113, 148
411483.3.peg.519.site.7, 1, 126, 127
411483.3.peg.519.site.8, 130, 130, 260
411483.3.peg.519.site.9, 4, 131, 135
411483.3.peg.519.site.10, 0, 145, 145
411483.3.peg.519.site.11, 55, 138, 193
411483.3.peg.519.site.12, 1, 149, 150
411483.3.peg.519.site.13, 1, 148, 149
411483.3.peg.519.site.14, 0, 149, 149
411483.3.peg.519.site.15, 27, 147, 174
411483.3.peg.519.site.16, 29, 147, 176
411483.3.peg.519.site.17, 3, 153, 156
411483.3.peg.519.site.18, 1, 149, 150
411483.3.peg.519.site.19, 2, 152, 154
411483.3.peg.519.site.20, 85, 145, 230
411483.3.peg.519.site.21, 63, 137, 200
411483.3.peg.519.site.22, 2, 150, 152
411483.3.peg.519.site.23, 4, 150, 154
411483.3.peg.519.site.24, 19, 149, 168
411483.3.peg.519.site.25, 35, 149, 184
411483.3.peg.519.site.26, 45, 131, 176
411483.3.peg.519.site.27, 5, 145, 150
411483.3.peg.519.site.28, 2, 148, 150
411483.3.peg.519.site.29, 0, 147, 147
411483.3.peg.519.site.30, 97, 125, 222
411483.3.peg.519.site.31, 2, 138, 140
411483.3.peg.519.site.32, 5, 140, 145
411483.3.peg.519.site.33, 3, 136, 139
411483.3.peg.519.site.34, 1, 140, 141
411483.3.peg.519.site.35, 2, 135, 137
411483.3.peg.519.site.36, 3, 139, 142
411483.3.peg.519.site.37, 5, 140, 145
411483.3.peg.519.site.38, 4, 142, 146
411483.3.peg.519.site.39, 0, 146, 146
411483.3.peg.519.site.40, 7, 146, 153
411483.3.peg.517.site.1, 9, 136, 145
411483.3.peg.517.site.2, 1, 141, 142
411483.3.peg.517.site.3, 1, 146, 147
411483.3.peg.517.site.4, 0, 149, 149
411483.3.peg.514.site.1, 4, 155, 159
411483.3.peg.514.site.2, 0, 155, 155
411483.3.peg.514.site.3, 1, 153, 154
411483.3.peg.514.site.4, 1, 152, 153
411483.3.peg.514.site.5, 3, 153, 156
411483.3.peg.514.site.6, 0, 146, 146
411483.3.peg.514.site.7, 2, 136, 138
411483.3.peg.514.site.8, 2, 133, 135
411483.3.peg.514.site.9, 1, 121, 122
411483.3.peg.514.site.10, 6, 106, 112
411483.3.peg.514.site.11, 1, 133, 134
411483.3.peg.514.site.12, 126, 135, 261
411483.3.peg.514.site.13, 6, 125, 131
411483.3.peg.514.site.14, 2, 132, 134
411483.3.peg.514.site.15, 41, 116, 157
411483.3.peg.514.site.16, 1, 129, 130
411483.3.peg.514.site.17, 2, 129, 131
411483.3.peg.514.site.18, 104, 126, 230
411483.3.peg.514.site.19, 1, 133, 134
411483.3.peg.514.site.20, 2, 138, 140
411483.3.peg.514.site.21, 10, 141, 151
411483.3.peg.514.site.22, 3, 143, 146
411483.3.peg.514.site.23, 7, 134, 141
411483.3.peg.514.site.24, 5, 141, 146
411483.3.peg.514.site.25, 130, 140, 270
411483.3.peg.514.site.26, 0, 145, 145
411483.3.peg.514.site.27, 135, 148, 283
411483.3.peg.514.site.28, 1, 148, 149
411483.3.peg.514.site.29, 24, 140, 164
411483.3.peg.514.site.30, 4, 145, 149
411483.3.peg.514.site.31, 2, 143, 145
411483.3.peg.514.site.32, 1, 147, 148
411483.3.peg.514.site.33, 7, 145, 152
411483.3.peg.514.site.34, 2, 147, 149
411483.3.peg.514.site.35, 13, 149, 162
411483.3.peg.514.site.36, 24, 144, 168
411483.3.peg.514.site.37, 85, 139, 224
411483.3.peg.514.site.38, 3, 151, 154
411483.3.peg.514.site.39, 2, 149, 151
411483.3.peg.514.site.40, 6, 150, 156
411483.3.peg.514.site.41, 0, 150, 150
411483.3.peg.514.site.42, 4, 149, 153
411483.3.peg.514.site.43, 0, 150, 150
411483.3.peg.514.site.44, 0, 148, 148
411483.3.peg.514.site.45, 0, 146, 146
411483.3.peg.514.site.46, 0, 149, 149
411483.3.peg.514.site.47, 1, 148, 149
411483.3.peg.515.site.1, 4, 125, 129
411483.3.peg.515.site.2, 6, 124, 130
411483.3.peg.515.site.3, 62, 127, 189
411483.3.peg.515.site.4, 3, 142, 145
411483.3.peg.515.site.5, 0, 146, 146
411483.3.peg.515.site.6, 8, 153, 161
411483.3.peg.515.site.7, 6, 152, 158
411483.3.peg.515.site.8, 3, 153, 156
411483.3.peg.515.site.9, 25, 141, 166
411483.3.peg.515.site.10, 97, 146, 243
411483.3.peg.515.site.11, 1, 154, 155
411483.3.peg.515.site.12, 3, 150, 153
411483.3.peg.515.site.13, 30, 143, 173
411483.3.peg.515.site.14, 59, 135, 194
411483.3.peg.515.site.15, 19, 135, 154
411483.3.peg.515.site.16, 0, 139, 139
411483.3.peg.515.site.17, 53, 134, 187
411483.3.peg.515.site.18, 2, 143, 145
411483.3.peg.515.site.19, 3, 147, 150
411483.3.peg.515.site.20, 139, 147, 286
411483.3.peg.515.site.21, 23, 147, 170
411483.3.peg.515.site.22, 12, 147, 159
411483.3.peg.515.site.23, 1, 151, 152
411483.3.peg.515.site.24, 9, 149, 158
411483.3.peg.515.site.25, 8, 147, 155
411483.3.peg.515.site.26, 4, 144, 148
411483.3.peg.515.site.27, 5, 139, 144
411483.3.peg.515.site.28, 9, 148, 157
411483.3.peg.515.site.29, 72, 134, 206
411483.3.peg.515.site.30, 1, 151, 152
411483.3.peg.515.site.31, 2, 151, 153
411483.3.peg.515.site.32, 2, 152, 154
411483.3.peg.515.site.33, 4, 154, 158
411483.3.peg.515.site.34, 115, 148, 263
411483.3.peg.515.site.35, 1, 153, 154
411483.3.peg.515.site.36, 3, 153, 156
411483.3.peg.515.site.37, 1, 155, 156
411483.3.peg.515.site.38, 7, 151, 158
411483.3.peg.515.site.39, 2, 155, 157
411483.3.peg.515.site.40, 2, 154, 156
411483.3.peg.515.site.41, 24, 149, 173
411483.3.peg.515.site.42, 2, 154, 156
411483.3.peg.515.site.43, 7, 155, 162
411483.3.peg.515.site.44, 0, 155, 155
411483.3.peg.515.site.45, 1, 155, 156
411483.3.peg.515.site.46, 1, 154, 155
411483.3.peg.515.site.47, 8, 151, 159
411483.3.peg.515.site.48, 62, 142, 204
411483.3.peg.515.site.49, 7, 153, 160
411483.3.peg.515.site.50, 1, 153, 154
411483.3.peg.515.site.51, 4, 154, 158
411483.3.peg.515.site.52, 1, 155, 156
411483.3.peg.515.site.53, 8, 153, 161
411483.3.peg.515.site.54, 2, 155, 157
411483.3.peg.515.site.55, 2, 154, 156
411483.3.peg.515.site.56, 0, 154, 154
411483.3.peg.515.site.57, 0, 151, 151
411483.3.peg.515.site.58, 2, 152, 154
411483.3.peg.515.site.59, 2, 153, 155
411483.3.peg.515.site.60, 5, 151, 156
411483.3.peg.515.site.61, 13, 152, 165
411483.3.peg.515.site.62, 2, 152, 154
411483.3.peg.515.site.63, 4, 152, 156
411483.3.peg.515.site.64, 5, 154, 159
411483.3.peg.515.site.65, 0, 143, 143
411483.3.peg.515.site.66, 2, 148, 150
411483.3.peg.515.site.67, 109, 111, 220
411483.3.peg.515.site.68, 0, 149, 149
411483.3.peg.515.site.69, 0, 155, 155
411483.3.peg.513.site.1, 1, 151, 152
411483.3.peg.513.site.2, 47, 140, 187
411483.3.peg.513.site.3, 128, 140, 268
411483.3.peg.513.site.4, 2, 138, 140
411483.3.peg.513.site.5, 3, 126, 129
411483.3.peg.513.site.6, 7, 128, 135
411483.3.peg.513.site.7, 3, 136, 139
411483.3.peg.513.site.8, 9, 133, 142
411483.3.peg.513.site.9, 1, 135, 136
411483.3.peg.513.site.10, 125, 141, 266
411483.3.peg.513.site.11, 3, 148, 151
411483.3.peg.513.site.12, 37, 144, 181
411483.3.peg.513.site.13, 0, 151, 151
411483.3.peg.513.site.14, 3, 154, 157
411483.3.peg.513.site.15, 0, 151, 151
411483.3.peg.513.site.16, 1, 154, 155
411483.3.peg.513.site.17, 1, 154, 155
411483.3.peg.513.site.18, 52, 148, 200
411483.3.peg.513.site.19, 5, 154, 159
411483.3.peg.513.site.20, 19, 154, 173
411483.3.peg.513.site.21, 7, 152, 159
411483.3.peg.513.site.22, 106, 147, 253
411483.3.peg.513.site.23, 3, 148, 151
411483.3.peg.513.site.24, 91, 126, 217
411483.3.peg.513.site.25, 12, 103, 115
411483.3.peg.513.site.26, 1, 107, 108
411483.3.peg.513.site.27, 10, 126, 136
411483.3.peg.513.site.28, 9, 149, 158
411483.3.peg.513.site.29, 7, 147, 154
411483.3.peg.513.site.30, 26, 132, 158
411483.3.peg.513.site.31, 0, 152, 152
411483.3.peg.513.site.32, 1, 152, 153
411483.3.peg.513.site.33, 1, 154, 155
411483.3.peg.513.site.34, 20, 152, 172
411483.3.peg.513.site.35, 6, 155, 161
411483.3.peg.513.site.36, 1, 155, 156
411483.3.peg.513.site.37, 0, 154, 154
411483.3.peg.513.site.38, 1, 154, 155
411483.3.peg.513.site.39, 0, 154, 154
411483.3.peg.513.site.40, 9, 149, 158
411483.3.peg.513.site.41, 1, 153, 154
411483.3.peg.513.site.42, 2, 154, 156
411483.3.peg.513.site.43, 1, 155, 156
411483.3.peg.510.site.1, 9, 150, 159
411483.3.peg.510.site.2, 0, 153, 153
411483.3.peg.510.site.3, 0, 151, 151
411483.3.peg.510.site.4, 4, 152, 156
411483.3.peg.510.site.5, 1, 151, 152
411483.3.peg.510.site.6, 1, 150, 151
411483.3.peg.510.site.7, 0, 149, 149
411483.3.peg.510.site.8, 1, 130, 131
411483.3.peg.510.site.9, 5, 111, 116
411483.3.peg.510.site.10, 1, 106, 107
411483.3.peg.510.site.11, 3, 79, 82
411483.3.peg.510.site.12, 79, 99, 178
411483.3.peg.510.site.13, 0, 130, 130
411483.3.peg.510.site.14, 22, 134, 156
411483.3.peg.510.site.15, 2, 143, 145
411483.3.peg.510.site.16, 11, 145, 156
411483.3.peg.510.site.17, 1, 145, 146
411483.3.peg.510.site.18, 6, 138, 144
411483.3.peg.510.site.19, 21, 140, 161
411483.3.peg.510.site.20, 8, 146, 154
411483.3.peg.510.site.21, 2, 151, 153
411483.3.peg.510.site.22, 1, 133, 134
411483.3.peg.510.site.23, 12, 130, 142
411483.3.peg.510.site.24, 70, 122, 192
411483.3.peg.510.site.25, 5, 118, 123
411483.3.peg.510.site.26, 5, 119, 124
411483.3.peg.510.site.27, 5, 128, 133
411483.3.peg.510.site.28, 3, 137, 140
411483.3.peg.510.site.29, 7, 143, 150
411483.3.peg.510.site.30, 13, 148, 161
411483.3.peg.510.site.31, 6, 148, 154
411483.3.peg.510.site.32, 5, 153, 158
411483.3.peg.510.site.33, 18, 152, 170
411483.3.peg.510.site.34, 9, 153, 162
411483.3.peg.510.site.35, 2, 154, 156
411483.3.peg.510.site.36, 3, 152, 155
411483.3.peg.510.site.37, 9, 151, 160
411483.3.peg.510.site.38, 0, 152, 152
411483.3.peg.510.site.39, 36, 140, 176
411483.3.peg.510.site.40, 1, 152, 153
411483.3.peg.510.site.41, 3, 142, 145
411483.3.peg.510.site.42, 17, 140, 157
411483.3.peg.510.site.43, 19, 127, 146
411483.3.peg.510.site.44, 6, 117, 123
411483.3.peg.510.site.45, 14, 109, 123
411483.3.peg.510.site.46, 0, 102, 102
411483.3.peg.511.site.1, 1, 154, 155
411483.3.peg.511.site.2, 7, 155, 162
411483.3.peg.511.site.3, 3, 148, 151
411483.3.peg.511.site.4, 0, 150, 150
411483.3.peg.511.site.5, 3, 149, 152
411483.3.peg.511.site.6, 31, 126, 157
411483.3.peg.511.site.7, 2, 144, 146
411483.3.peg.511.site.8, 38, 129, 167
411483.3.peg.511.site.9, 1, 147, 148
411483.3.peg.511.site.10, 2, 143, 145
411483.3.peg.511.site.11, 0, 134, 134
411483.3.peg.511.site.12, 3, 147, 150
411483.3.peg.511.site.13, 14, 138, 152
411483.3.peg.511.site.14, 17, 140, 157
411483.3.peg.511.site.15, 23, 135, 158
411483.3.peg.511.site.16, 1, 144, 145
411483.3.peg.511.site.17, 18, 140, 158
411483.3.peg.511.site.18, 0, 140, 140
411483.3.peg.511.site.19, 2, 146, 148
411483.3.peg.511.site.20, 1, 135, 136
411483.3.peg.511.site.21, 10, 130, 140
411483.3.peg.511.site.22, 3, 134, 137
411483.3.peg.511.site.23, 1, 134, 135
411483.3.peg.511.site.24, 3, 140, 143
411483.3.peg.511.site.25, 10, 137, 147
411483.3.peg.511.site.26, 1, 143, 144
411483.3.peg.511.site.27, 0, 144, 144
411483.3.peg.511.site.28, 6, 138, 144
411483.3.peg.511.site.29, 102, 142, 244
411483.3.peg.511.site.30, 10, 148, 158
411483.3.peg.511.site.31, 10, 139, 149
411483.3.peg.511.site.32, 1, 142, 143
411483.3.peg.511.site.33, 11, 150, 161
411483.3.peg.511.site.34, 3, 149, 152
411483.3.peg.511.site.35, 5, 153, 158
411483.3.peg.511.site.36, 3, 154, 157
411483.3.peg.511.site.37, 12, 149, 161
411483.3.peg.511.site.38, 2, 154, 156
411483.3.peg.511.site.39, 6, 154, 160
411483.3.peg.511.site.40, 2, 152, 154
411483.3.peg.511.site.41, 2, 145, 147
411483.3.peg.511.site.42, 145, 147, 292
411483.3.peg.511.site.43, 3, 145, 148
411483.3.peg.511.site.44, 4, 142, 146
411483.3.peg.511.site.45, 0, 131, 131
411483.3.peg.511.site.46, 0, 140, 140
411483.3.peg.511.site.47, 1, 138, 139
411483.3.peg.511.site.48, 4, 138, 142
411483.3.peg.511.site.49, 2, 137, 139
411483.3.peg.511.site.50, 1, 153, 154
411483.3.peg.511.site.51, 15, 153, 168
411483.3.peg.511.site.52, 23, 151, 174
411483.3.peg.511.site.53, 4, 152, 156
411483.3.peg.511.site.54, 1, 154, 155
411483.3.peg.511.site.55, 2, 153, 155
411483.3.peg.511.site.56, 2, 154, 156
411483.3.peg.511.site.57, 0, 148, 148
411483.3.peg.511.site.58, 8, 150, 158
411483.3.peg.511.site.59, 3, 152, 155
411483.3.peg.511.site.60, 1, 153, 154
411483.3.peg.511.site.61, 8, 146, 154
411483.3.peg.511.site.62, 2, 150, 152
411483.3.peg.511.site.63, 31, 148, 179
411483.3.peg.511.site.64, 0, 150, 150
411483.3.peg.511.site.65, 1, 145, 146
411483.3.peg.511.site.66, 78, 122, 200
411483.3.peg.511.site.67, 3, 135, 138
411483.3.peg.511.site.68, 9, 117, 126
411483.3.peg.511.site.69, 2, 137, 139
411483.3.peg.511.site.70, 3, 136, 139
411483.3.peg.511.site.71, 75, 123, 198
411483.3.peg.511.site.72, 3, 138, 141
411483.3.peg.511.site.73, 10, 135, 145
411483.3.peg.511.site.74, 12, 142, 154
411483.3.peg.511.site.75, 17, 134, 151
411483.3.peg.511.site.76, 32, 142, 174
411483.3.peg.511.site.77, 55, 130, 185
411483.3.peg.511.site.78, 2, 145, 147
411483.3.peg.511.site.79, 14, 144, 158
411483.3.peg.511.site.80, 10, 140, 150
411483.3.peg.511.site.81, 14, 111, 125
411483.3.peg.511.site.82, 94, 127, 221
411483.3.peg.511.site.83, 7, 140, 147
411483.3.peg.511.site.84, 3, 142, 145
411483.3.peg.511.site.85, 1, 141, 142
411483.3.peg.511.site.86, 6, 142, 148
411483.3.peg.511.site.87, 1, 139, 140
411483.3.peg.511.site.88, 3, 138, 141
411483.3.peg.511.site.89, 3, 135, 138
411483.3.peg.511.site.90, 14, 136, 150
411483.3.peg.511.site.91, 8, 129, 137
411483.3.peg.511.site.92, 4, 138, 142
411483.3.peg.511.site.93, 42, 134, 176
411483.3.peg.511.site.94, 0, 147, 147
411483.3.peg.511.site.95, 6, 145, 151
411483.3.peg.511.site.96, 4, 147, 151
411483.3.peg.511.site.97, 13, 143, 156
411483.3.peg.511.site.98, 34, 131, 165
411483.3.peg.511.site.99, 1, 136, 137
411483.3.peg.511.site.100, 3, 134, 137
411483.3.peg.511.site.101, 1, 143, 144
411483.3.peg.511.site.102, 0, 130, 130
411483.3.peg.511.site.103, 1, 122, 123
411483.3.peg.511.site.104, 5, 129, 134
411483.3.peg.511.site.105, 1, 119, 120
411483.3.peg.511.site.106, 3, 112, 115
411483.3.peg.511.site.107, 5, 119, 124
411483.3.peg.511.site.108, 1, 114, 115
411483.3.peg.511.site.109, 4, 114, 118
411483.3.peg.511.site.110, 3, 118, 121
411483.3.peg.511.site.111, 6, 130, 136
411483.3.peg.511.site.112, 12, 142, 154
411483.3.peg.511.site.113, 130, 139, 269
411483.3.peg.511.site.114, 2, 149, 151
411483.3.peg.511.site.115, 15, 143, 158
411483.3.peg.511.site.116, 11, 144, 155
411483.3.peg.511.site.117, 3, 148, 151
411483.3.peg.511.site.118, 3, 146, 149
411483.3.peg.511.site.119, 2, 149, 151
411483.3.peg.511.site.120, 29, 139, 168
411483.3.peg.511.site.121, 2, 150, 152
411483.3.peg.511.site.122, 4, 152, 156
411483.3.peg.511.site.123, 1, 151, 152
411483.3.peg.511.site.124, 3, 151, 154
411483.3.peg.511.site.125, 4, 146, 150
411483.3.peg.511.site.126, 6, 140, 146
411483.3.peg.511.site.127, 74, 138, 212
411483.3.peg.511.site.128, 3, 146, 149
411483.3.peg.511.site.129, 98, 133, 231
411483.3.peg.511.site.130, 10, 129, 139
411483.3.peg.511.site.131, 6, 137, 143
411483.3.peg.511.site.132, 7, 139, 146
411483.3.peg.511.site.133, 6, 140, 146
411483.3.peg.511.site.134, 10, 138, 148
411483.3.peg.511.site.135, 1, 139, 140
411483.3.peg.511.site.136, 6, 140, 146
411483.3.peg.511.site.137, 3, 145, 148
411483.3.peg.511.site.138, 19, 143, 162
411483.3.peg.511.site.139, 0, 140, 140
411483.3.peg.511.site.140, 1, 145, 146
411483.3.peg.511.site.141, 0, 148, 148
411483.3.peg.511.site.142, 114, 136, 250
411483.3.peg.511.site.143, 1, 150, 151
411483.3.peg.511.site.144, 2, 144, 146
411483.3.peg.511.site.145, 1, 146, 147
411483.3.peg.511.site.146, 44, 144, 188
411483.3.peg.511.site.147, 2, 146, 148
411483.3.peg.511.site.148, 3, 148, 151
411483.3.peg.511.site.149, 7, 140, 147
411483.3.peg.511.site.150, 4, 114, 118
411483.3.peg.511.site.151, 1, 131, 132
411483.3.peg.511.site.152, 0, 147, 147
411483.3.peg.511.site.153, 1, 149, 150
411483.3.peg.511.site.154, 0, 144, 144
411483.3.peg.511.site.155, 1, 148, 149
411483.3.peg.511.site.156, 2, 149, 151
411483.3.peg.511.site.157, 1, 152, 153
411483.3.peg.511.site.158, 3, 150, 153
411483.3.peg.511.site.159, 9, 142, 151
411483.3.peg.511.site.160, 17, 147, 164
411483.3.peg.511.site.161, 42, 145, 187
411483.3.peg.511.site.162, 1, 153, 154
411483.3.peg.511.site.163, 0, 151, 151
411483.3.peg.511.site.164, 12, 148, 160
411483.3.peg.511.site.165, 1, 153, 154
411483.3.peg.1631.site.1, 5, 101, 106
411483.3.peg.1631.site.2, 0, 117, 117
411483.3.peg.1631.site.3, 13, 108, 121
411483.3.peg.1631.site.4, 103, 117, 220
411483.3.peg.1631.site.5, 2, 132, 134
411483.3.peg.1631.site.6, 1, 133, 134
411483.3.peg.1631.site.7, 6, 132, 138
411483.3.peg.1631.site.8, 26, 134, 160
411483.3.peg.1631.site.9, 0, 143, 143
411483.3.peg.1631.site.10, 36, 132, 168
411483.3.peg.1631.site.11, 14, 137, 151
411483.3.peg.1631.site.12, 53, 131, 184
411483.3.peg.1631.site.13, 2, 138, 140
411483.3.peg.1631.site.14, 1, 142, 143
411483.3.peg.1631.site.15, 10, 140, 150
411483.3.peg.1631.site.16, 0, 145, 145
411483.3.peg.1631.site.17, 0, 143, 143
411483.3.peg.1631.site.18, 83, 137, 220
411483.3.peg.1631.site.19, 2, 144, 146
411483.3.peg.1631.site.20, 0, 140, 140
411483.3.peg.1631.site.21, 15, 141, 156
411483.3.peg.1631.site.22, 14, 144, 158
411483.3.peg.1631.site.23, 2, 143, 145
411483.3.peg.1631.site.24, 9, 128, 137
411483.3.peg.1631.site.25, 2, 130, 132
411483.3.peg.1631.site.26, 4, 130, 134
411483.3.peg.1631.site.27, 32, 121, 153
411483.3.peg.1631.site.28, 43, 117, 160
411483.3.peg.1631.site.29, 1, 123, 124
411483.3.peg.1631.site.30, 6, 122, 128
411483.3.peg.1631.site.31, 18, 121, 139
411483.3.peg.1631.site.32, 2, 122, 124
411483.3.peg.1631.site.33, 0, 126, 126
411483.3.peg.1631.site.34, 55, 132, 187
411483.3.peg.1631.site.35, 3, 137, 140
411483.3.peg.1631.site.36, 25, 137, 162
411483.3.peg.1631.site.37, 38, 134, 172
411483.3.peg.1631.site.38, 8, 135, 143
411483.3.peg.1631.site.39, 7, 132, 139
411483.3.peg.1631.site.40, 2, 138, 140
411483.3.peg.1631.site.41, 21, 131, 152
411483.3.peg.1631.site.42, 11, 149, 160
411483.3.peg.1631.site.43, 2, 146, 148
411483.3.peg.1631.site.44, 33, 134, 167
411483.3.peg.1631.site.45, 0, 145, 145
411483.3.peg.1631.site.46, 2, 147, 149
411483.3.peg.1631.site.47, 2, 149, 151
411483.3.peg.1631.site.48, 13, 145, 158
411483.3.peg.1631.site.49, 2, 146, 148
411483.3.peg.1631.site.50, 124, 143, 267
411483.3.peg.1631.site.51, 3, 140, 143
411483.3.peg.1631.site.52, 2, 147, 149
411483.3.peg.1631.site.53, 0, 142, 142
411483.3.peg.1631.site.54, 2, 149, 151
411483.3.peg.1631.site.55, 95, 144, 239
411483.3.peg.1631.site.56, 1, 149, 150
411483.3.peg.1631.site.57, 44, 147, 191
411483.3.peg.1631.site.58, 0, 150, 150
411483.3.peg.1631.site.59, 4, 147, 151
411483.3.peg.1631.site.60, 2, 149, 151
411483.3.peg.1631.site.61, 2, 147, 149
411483.3.peg.1631.site.62, 50, 140, 190
411483.3.peg.1631.site.63, 125, 141, 266
411483.3.peg.1631.site.64, 0, 128, 128
411483.3.peg.1631.site.65, 63, 109, 172
411483.3.peg.1631.site.66, 75, 114, 189
411483.3.peg.1631.site.67, 11, 129, 140
411483.3.peg.1631.site.68, 24, 126, 150
411483.3.peg.1631.site.69, 28, 132, 160
411483.3.peg.1631.site.70, 60, 133, 193
411483.3.peg.1631.site.71, 1, 144, 145
411483.3.peg.1631.site.72, 134, 139, 273
411483.3.peg.1631.site.73, 2, 151, 153
411483.3.peg.1631.site.74, 88, 139, 227
411483.3.peg.1631.site.75, 1, 154, 155
411483.3.peg.1631.site.76, 128, 149, 277
411483.3.peg.1631.site.77, 27, 146, 173
411483.3.peg.1631.site.78, 3, 151, 154
411483.3.peg.1631.site.79, 6, 146, 152
411483.3.peg.1631.site.80, 34, 144, 178
411483.3.peg.1631.site.81, 34, 143, 177
411483.3.peg.1631.site.82, 5, 147, 152
411483.3.peg.1631.site.83, 8, 150, 158
411483.3.peg.1631.site.84, 2, 149, 151
411483.3.peg.1631.site.85, 1, 148, 149
411483.3.peg.1631.site.86, 13, 145, 158
411483.3.peg.1631.site.87, 5, 147, 152
411483.3.peg.1631.site.88, 5, 142, 147
411483.3.peg.1631.site.89, 1, 149, 150
411483.3.peg.1631.site.90, 0, 143, 143
411483.3.peg.1631.site.91, 5, 143, 148
411483.3.peg.1631.site.92, 1, 144, 145
411483.3.peg.1631.site.93, 4, 144, 148
411483.3.peg.1631.site.94, 1, 148, 149
411483.3.peg.1631.site.95, 53, 140, 193
411483.3.peg.1633.site.1, 3, 152, 155
411483.3.peg.1633.site.2, 2, 152, 154
411483.3.peg.1633.site.3, 3, 149, 152
411483.3.peg.1633.site.4, 2, 152, 154
411483.3.peg.1633.site.5, 24, 137, 161
411483.3.peg.1633.site.6, 6, 146, 152
411483.3.peg.1633.site.7, 0, 149, 149
411483.3.peg.1633.site.8, 4, 142, 146
411483.3.peg.1633.site.9, 1, 144, 145
411483.3.peg.1633.site.10, 2, 125, 127
411483.3.peg.1633.site.11, 0, 142, 142
411483.3.peg.1633.site.12, 1, 143, 144
411483.3.peg.1633.site.13, 1, 145, 146
411483.3.peg.1633.site.14, 118, 133, 251
411483.3.peg.1633.site.15, 0, 138, 138
411483.3.peg.1633.site.16, 3, 142, 145
411483.3.peg.1633.site.17, 5, 141, 146
411483.3.peg.1633.site.18, 6, 145, 151
411483.3.peg.1633.site.19, 4, 144, 148
411483.3.peg.1633.site.20, 15, 141, 156
411483.3.peg.1633.site.21, 0, 143, 143
411483.3.peg.1633.site.22, 16, 134, 150
411483.3.peg.1633.site.23, 4, 140, 144
411483.3.peg.1633.site.24, 24, 137, 161
411483.3.peg.1633.site.25, 3, 139, 142
411483.3.peg.1633.site.26, 1, 141, 142
411483.3.peg.1633.site.27, 20, 126, 146
411483.3.peg.1633.site.28, 2, 142, 144
411483.3.peg.1633.site.29, 1, 142, 143
411483.3.peg.1633.site.30, 10, 132, 142
411483.3.peg.1633.site.31, 1, 118, 119
411483.3.peg.1633.site.32, 10, 116, 126
411483.3.peg.1633.site.33, 6, 124, 130
411483.3.peg.1633.site.34, 4, 141, 145
411483.3.peg.1633.site.35, 1, 139, 140
411483.3.peg.1633.site.36, 5, 143, 148
411483.3.peg.1633.site.37, 3, 146, 149
411483.3.peg.1633.site.38, 26, 135, 161
411483.3.peg.1633.site.39, 4, 147, 151
411483.3.peg.1633.site.40, 73, 126, 199
411483.3.peg.1633.site.41, 4, 152, 156
411483.3.peg.1633.site.42, 11, 150, 161
411483.3.peg.1633.site.43, 2, 149, 151
411483.3.peg.1633.site.44, 1, 149, 150
411483.3.peg.1633.site.45, 10, 148, 158
411483.3.peg.1633.site.46, 19, 144, 163
411483.3.peg.1633.site.47, 2, 151, 153
411483.3.peg.1633.site.48, 5, 147, 152
411483.3.peg.1633.site.49, 128, 141, 269
411483.3.peg.1633.site.50, 1, 139, 140
411483.3.peg.1633.site.51, 2, 147, 149
411483.3.peg.1633.site.52, 1, 144, 145
411483.3.peg.1633.site.53, 2, 146, 148
411483.3.peg.1633.site.54, 3, 139, 142
411483.3.peg.1633.site.55, 2, 145, 147
411483.3.peg.1633.site.56, 4, 141, 145
411483.3.peg.1633.site.57, 1, 144, 145
411483.3.peg.1633.site.58, 10, 145, 155
411483.3.peg.1633.site.59, 1, 152, 153
411483.3.peg.1633.site.60, 4, 151, 155
411483.3.peg.1633.site.61, 5, 152, 157
411483.3.peg.1633.site.62, 1, 152, 153
411483.3.peg.1633.site.63, 2, 150, 152
411483.3.peg.1633.site.64, 5, 149, 154
411483.3.peg.1633.site.65, 28, 142, 170
411483.3.peg.1633.site.66, 4, 148, 152
411483.3.peg.1633.site.67, 1, 151, 152
411483.3.peg.1633.site.68, 98, 142, 240
411483.3.peg.1633.site.69, 5, 150, 155
411483.3.peg.1633.site.70, 10, 149, 159
411483.3.peg.1633.site.71, 130, 145, 275
411483.3.peg.1633.site.72, 32, 142, 174
411483.3.peg.1633.site.73, 14, 148, 162
411483.3.peg.1633.site.74, 7, 142, 149
411483.3.peg.1633.site.75, 55, 133, 188
411483.3.peg.1633.site.76, 11, 140, 151
411483.3.peg.1633.site.77, 120, 139, 259
411483.3.peg.1633.site.78, 1, 147, 148
411483.3.peg.1633.site.79, 128, 143, 271
411483.3.peg.1633.site.80, 2, 144, 146
411483.3.peg.1633.site.81, 3, 145, 148
411483.3.peg.1633.site.82, 0, 142, 142
411483.3.peg.1633.site.83, 3, 145, 148
411483.3.peg.1633.site.84, 1, 147, 148
411483.3.peg.1633.site.85, 119, 143, 262
411483.3.peg.1633.site.86, 0, 150, 150
411483.3.peg.1633.site.87, 8, 144, 152
411483.3.peg.1633.site.88, 4, 150, 154
411483.3.peg.1633.site.89, 0, 148, 148
411483.3.peg.1633.site.90, 12, 140, 152
411483.3.peg.1633.site.91, 2, 151, 153
411483.3.peg.1633.site.92, 0, 146, 146
411483.3.peg.1633.site.93, 8, 151, 159
411483.3.peg.1633.site.94, 43, 139, 182
411483.3.peg.1633.site.95, 8, 146, 154
411483.3.peg.1633.site.96, 0, 146, 146
411483.3.peg.1633.site.97, 28, 137, 165
411483.3.peg.1633.site.98, 9, 144, 153
411483.3.peg.1633.site.99, 5, 144, 149
411483.3.peg.1633.site.100, 1, 148, 149
411483.3.peg.1633.site.101, 3, 146, 149
411483.3.peg.1633.site.102, 7, 140, 147
411483.3.peg.1633.site.103, 5, 145, 150
411483.3.peg.1633.site.104, 4, 147, 151
411483.3.peg.1633.site.105, 1, 147, 148
411483.3.peg.1633.site.106, 12, 141, 153
411483.3.peg.1633.site.107, 3, 143, 146
411483.3.peg.1633.site.108, 6, 145, 151
411483.3.peg.1633.site.109, 1, 143, 144
411483.3.peg.1633.site.110, 122, 134, 256
411483.3.peg.1633.site.111, 12, 130, 142
411483.3.peg.1633.site.112, 2, 108, 110
411483.3.peg.1633.site.113, 3, 83, 86
411483.3.peg.1633.site.114, 0, 74, 74
411483.3.peg.1633.site.115, 0, 55, 55
411483.3.peg.1633.site.116, 0, 49, 49
411483.3.peg.1633.site.117, 32, 50, 82
411483.3.peg.1633.site.118, 6, 61, 67
411483.3.peg.1632.site.1, 1, 155, 156
411483.3.peg.1632.site.2, 1, 154, 155
411483.3.peg.1632.site.3, 12, 151, 163
411483.3.peg.1632.site.4, 4, 152, 156
411483.3.peg.1632.site.5, 26, 146, 172
411483.3.peg.1632.site.6, 2, 149, 151
411483.3.peg.1632.site.7, 4, 151, 155
411483.3.peg.1632.site.8, 4, 153, 157
411483.3.peg.1632.site.9, 4, 149, 153
411483.3.peg.1632.site.10, 119, 142, 261
411483.3.peg.1632.site.11, 6, 149, 155
411483.3.peg.1632.site.12, 1, 144, 145
411483.3.peg.1632.site.13, 40, 143, 183
411483.3.peg.1632.site.14, 4, 149, 153
411483.3.peg.1632.site.15, 23, 143, 166
411483.3.peg.1632.site.16, 1, 142, 143
411483.3.peg.1632.site.17, 72, 138, 210
411483.3.peg.1632.site.18, 2, 145, 147
411483.3.peg.1632.site.19, 25, 141, 166
411483.3.peg.1632.site.20, 0, 136, 136
411483.3.peg.1632.site.21, 51, 130, 181
411483.3.peg.1632.site.22, 4, 145, 149
411483.3.peg.1632.site.23, 0, 149, 149
411483.3.peg.1632.site.24, 1, 152, 153
411483.3.peg.1632.site.25, 47, 142, 189
411483.3.peg.1632.site.26, 0, 151, 151
411483.3.peg.1632.site.27, 9, 153, 162
411483.3.peg.1632.site.28, 85, 143, 228
411483.3.peg.1632.site.29, 1, 153, 154
411483.3.peg.1632.site.30, 3, 150, 153
411483.3.peg.1632.site.31, 1, 149, 150
411483.3.peg.1632.site.32, 1, 150, 151
411483.3.peg.1632.site.33, 1, 150, 151
411483.3.peg.1632.site.34, 4, 146, 150
411483.3.peg.1632.site.35, 2, 150, 152
411483.3.peg.1632.site.36, 89, 141, 230
411483.3.peg.1632.site.37, 0, 153, 153
411483.3.peg.1632.site.38, 87, 144, 231
411483.3.peg.1632.site.39, 5, 153, 158
411483.3.peg.1632.site.40, 1, 154, 155
411483.3.peg.1632.site.41, 8, 155, 163
411483.3.peg.1632.site.42, 10, 153, 163
411483.3.peg.1632.site.43, 6, 153, 159
411483.3.peg.1632.site.44, 4, 152, 156
411483.3.peg.1632.site.45, 42, 146, 188
411483.3.peg.1632.site.46, 3, 152, 155
411483.3.peg.1632.site.47, 30, 139, 169
411483.3.peg.1632.site.48, 69, 145, 214
411483.3.peg.1632.site.49, 1, 152, 153
411483.3.peg.1632.site.50, 5, 152, 157
411483.3.peg.1632.site.51, 1, 152, 153
411483.3.peg.1632.site.52, 1, 153, 154
411483.3.peg.1632.site.53, 17, 154, 171
411483.3.peg.1632.site.54, 14, 153, 167
411483.3.peg.1632.site.55, 0, 149, 149
411483.3.peg.1632.site.56, 2, 154, 156
411483.3.peg.1638.site.1, 0, 84, 84
411483.3.peg.1638.site.2, 2, 68, 70
411483.3.peg.1638.site.3, 0, 65, 65
411483.3.peg.1638.site.4, 1, 67, 68
411483.3.peg.1638.site.5, 1, 61, 62
411483.3.peg.1638.site.6, 0, 60, 60
411483.3.peg.1638.site.7, 45, 56, 101
411483.3.peg.1638.site.8, 2, 51, 53
411483.3.peg.1638.site.9, 10, 51, 61
411483.3.peg.1638.site.10, 2, 53, 55
411483.3.peg.1638.site.11, 3, 52, 55
411483.3.peg.1638.site.12, 0, 51, 51
411483.3.peg.1638.site.13, 36, 50, 86
411483.3.peg.1638.site.14, 0, 50, 50
411483.3.peg.1638.site.15, 12, 57, 69
411483.3.peg.1638.site.16, 1, 64, 65
411483.3.peg.1638.site.17, 1, 71, 72
411483.3.peg.1638.site.18, 48, 70, 118
411483.3.peg.1638.site.19, 0, 64, 64
411483.3.peg.1638.site.20, 1, 62, 63
411483.3.peg.1638.site.21, 9, 59, 68
411483.3.peg.1638.site.22, 1, 56, 57
411483.3.peg.1638.site.23, 0, 60, 60
411483.3.peg.1638.site.24, 1, 62, 63
411483.3.peg.1638.site.25, 19, 62, 81
411483.3.peg.1638.site.26, 0, 67, 67
411483.3.peg.1638.site.27, 0, 61, 61
411483.3.peg.1638.site.28, 1, 66, 67
411483.3.peg.1638.site.29, 26, 63, 89
411483.3.peg.1638.site.30, 2, 66, 68
411483.3.peg.1638.site.31, 21, 58, 79
411483.3.peg.1638.site.32, 0, 61, 61
411483.3.peg.1638.site.33, 0, 60, 60
411483.3.peg.1638.site.34, 0, 67, 67
411483.3.peg.1638.site.35, 4, 70, 74
411483.3.peg.1638.site.36, 0, 71, 71
411483.3.peg.1638.site.37, 1, 74, 75
411483.3.peg.1638.site.38, 0, 76, 76
411483.3.peg.1638.site.39, 29, 76, 105
411483.3.peg.1638.site.40, 0, 81, 81
411483.3.peg.1638.site.41, 0, 81, 81
411483.3.peg.1638.site.42, 0, 88, 88
411483.3.peg.1638.site.43, 0, 84, 84
411483.3.peg.1638.site.44, 5, 88, 93
411483.3.peg.1638.site.45, 0, 88, 88
411483.3.peg.1638.site.46, 1, 98, 99
411483.3.peg.1638.site.47, 4, 89, 93
411483.3.peg.1638.site.48, 1, 115, 116
411483.3.peg.1638.site.49, 1, 122, 123
411483.3.peg.1638.site.50, 1, 130, 131
411483.3.peg.1638.site.51, 1, 137, 138
411483.3.peg.1638.site.52, 10, 135, 145
411483.3.peg.1638.site.53, 16, 136, 152
411483.3.peg.1638.site.54, 6, 146, 152
411483.3.peg.1638.site.55, 49, 137, 186
411483.3.peg.1638.site.56, 2, 147, 149
411483.3.peg.1638.site.57, 8, 147, 155
411483.3.peg.1638.site.58, 34, 123, 157
411483.3.peg.1638.site.59, 88, 141, 229
411483.3.peg.1638.site.60, 1, 148, 149
411483.3.peg.1638.site.61, 2, 148, 150
411483.3.peg.1638.site.62, 23, 136, 159
411483.3.peg.1638.site.63, 0, 141, 141
411483.3.peg.1638.site.64, 0, 151, 151
411483.3.peg.1638.site.65, 0, 150, 150
411483.3.peg.1638.site.66, 132, 144, 276
411483.3.peg.1638.site.67, 0, 150, 150
411483.3.peg.1638.site.68, 2, 150, 152
411483.3.peg.1638.site.69, 0, 150, 150
411483.3.peg.1638.site.70, 1, 148, 149
411483.3.peg.1638.site.71, 5, 143, 148
411483.3.peg.1638.site.72, 3, 143, 146
411483.3.peg.1638.site.73, 5, 137, 142
411483.3.peg.1638.site.74, 1, 132, 133
411483.3.peg.1638.site.75, 2, 123, 125
411483.3.peg.1638.site.76, 4, 123, 127
411483.3.peg.1638.site.77, 0, 128, 128
411483.3.peg.1638.site.78, 0, 128, 128
411483.3.peg.1638.site.79, 120, 122, 242
411483.3.peg.1638.site.80, 3, 121, 124
411483.3.peg.1638.site.81, 5, 121, 126
411483.3.peg.1638.site.82, 1, 117, 118
411483.3.peg.1638.site.83, 4, 117, 121
411483.3.peg.1638.site.84, 3, 125, 128
411483.3.peg.1638.site.85, 1, 132, 133
411483.3.peg.1638.site.86, 4, 134, 138
411483.3.peg.1638.site.87, 1, 135, 136
411483.3.peg.1638.site.88, 2, 139, 141
411483.3.peg.1638.site.89, 0, 125, 125
411483.3.peg.1638.site.90, 0, 137, 137
411483.3.peg.1638.site.91, 0, 135, 135
411483.3.peg.1638.site.92, 4, 138, 142
411483.3.peg.1638.site.93, 1, 141, 142
411483.3.peg.1638.site.94, 4, 131, 135
411483.3.peg.1638.site.95, 1, 135, 136
411483.3.peg.1638.site.96, 11, 132, 143
411483.3.peg.1638.site.97, 10, 132, 142
411483.3.peg.1638.site.98, 0, 124, 124
411483.3.peg.1638.site.99, 0, 128, 128
411483.3.peg.1638.site.100, 0, 122, 122
411483.3.peg.1497.site.1, 3, 153, 156
411483.3.peg.1497.site.2, 1, 150, 151
411483.3.peg.1497.site.3, 1, 150, 151
411483.3.peg.1497.site.4, 16, 145, 161
411483.3.peg.1497.site.5, 1, 150, 151
411483.3.peg.1497.site.6, 75, 138, 213
411483.3.peg.1497.site.7, 2, 148, 150
411483.3.peg.1497.site.8, 4, 151, 155
411483.3.peg.1497.site.9, 102, 139, 241
411483.3.peg.1497.site.10, 0, 149, 149
411483.3.peg.1497.site.11, 143, 147, 290
411483.3.peg.1497.site.12, 5, 147, 152
411483.3.peg.1497.site.13, 20, 146, 166
411483.3.peg.1497.site.14, 8, 151, 159
411483.3.peg.1497.site.15, 0, 150, 150
411483.3.peg.1497.site.16, 7, 146, 153
411483.3.peg.1497.site.17, 1, 149, 150
411483.3.peg.1497.site.18, 1, 147, 148
411483.3.peg.1497.site.19, 7, 142, 149
411483.3.peg.1497.site.20, 26, 127, 153
411483.3.peg.1497.site.21, 11, 134, 145
411483.3.peg.1497.site.22, 21, 129, 150
411483.3.peg.1497.site.23, 6, 134, 140
411483.3.peg.1497.site.24, 62, 118, 180
411483.3.peg.1497.site.25, 3, 128, 131
411483.3.peg.1497.site.26, 122, 128, 250
411483.3.peg.1497.site.27, 1, 124, 125
411483.3.peg.1497.site.28, 14, 123, 137
411483.3.peg.1497.site.29, 8, 119, 127
411483.3.peg.1497.site.30, 77, 118, 195
411483.3.peg.1497.site.31, 41, 110, 151
411483.3.peg.1497.site.32, 1, 133, 134
411483.3.peg.1497.site.33, 15, 124, 139
411483.3.peg.1497.site.34, 14, 124, 138
411483.3.peg.1497.site.35, 2, 138, 140
411483.3.peg.1497.site.36, 2, 140, 142
411483.3.peg.1497.site.37, 2, 139, 141
411483.3.peg.1497.site.38, 2, 145, 147
411483.3.peg.1497.site.39, 46, 138, 184
411483.3.peg.1497.site.40, 5, 141, 146
411483.3.peg.1497.site.41, 49, 132, 181
411483.3.peg.1497.site.42, 73, 127, 200
411483.3.peg.1497.site.43, 4, 133, 137
411483.3.peg.1497.site.44, 8, 136, 144
411483.3.peg.1497.site.45, 8, 135, 143
411483.3.peg.1497.site.46, 4, 142, 146
411483.3.peg.1497.site.47, 9, 133, 142
411483.3.peg.1497.site.48, 1, 137, 138
411483.3.peg.1497.site.49, 1, 143, 144
411483.3.peg.1497.site.50, 0, 123, 123
411483.3.peg.1497.site.51, 1, 122, 123
411483.3.peg.1497.site.52, 22, 107, 129
411483.3.peg.1497.site.53, 2, 103, 105
411483.3.peg.1497.site.54, 5, 111, 116
411483.3.peg.1497.site.55, 1, 110, 111
411483.3.peg.1497.site.56, 0, 110, 110
411483.3.peg.1497.site.57, 113, 119, 232
411483.3.peg.1497.site.58, 2, 119, 121
411483.3.peg.1497.site.59, 27, 123, 150
411483.3.peg.1497.site.60, 45, 120, 165
411483.3.peg.1497.site.61, 12, 133, 145
411483.3.peg.1497.site.62, 2, 140, 142
411483.3.peg.1497.site.63, 113, 138, 251
411483.3.peg.1497.site.64, 3, 141, 144
411483.3.peg.1497.site.65, 68, 135, 203
411483.3.peg.1497.site.66, 1, 138, 139
411483.3.peg.1497.site.67, 1, 141, 142
411483.3.peg.1497.site.68, 12, 130, 142
411483.3.peg.1497.site.69, 1, 135, 136
411483.3.peg.1497.site.70, 2, 132, 134
411483.3.peg.1497.site.71, 1, 122, 123
411483.3.peg.1497.site.72, 3, 123, 126
411483.3.peg.1497.site.73, 2, 118, 120
411483.3.peg.1497.site.74, 57, 97, 154
411483.3.peg.1497.site.75, 1, 100, 101
411483.3.peg.1497.site.76, 14, 91, 105
411483.3.peg.1497.site.77, 1, 91, 92
411483.3.peg.1497.site.78, 93, 94, 187
411483.3.peg.1497.site.79, 4, 87, 91
411483.3.peg.1497.site.80, 1, 90, 91
411483.3.peg.1497.site.81, 47, 91, 138
411483.3.peg.1497.site.82, 76, 120, 196
411483.3.peg.1497.site.83, 2, 131, 133
411483.3.peg.1497.site.84, 4, 130, 134
411483.3.peg.1497.site.85, 7, 134, 141
411483.3.peg.1497.site.86, 1, 138, 139
411483.3.peg.1497.site.87, 25, 128, 153
411483.3.peg.1497.site.88, 3, 132, 135
411483.3.peg.1497.site.89, 6, 131, 137
411483.3.peg.1497.site.90, 2, 126, 128
411483.3.peg.1497.site.91, 7, 119, 126
411483.3.peg.1497.site.92, 1, 119, 120
411483.3.peg.1497.site.93, 32, 95, 127
411483.3.peg.1497.site.94, 1, 108, 109
411483.3.peg.1497.site.95, 16, 96, 112
411483.3.peg.1497.site.96, 3, 108, 111
411483.3.peg.1497.site.97, 3, 104, 107
411483.3.peg.1497.site.98, 8, 103, 111
411483.3.peg.1497.site.99, 46, 100, 146
411483.3.peg.1497.site.100, 32, 112, 144
411483.3.peg.1497.site.101, 13, 118, 131
411483.3.peg.1497.site.102, 0, 133, 133
411483.3.peg.1497.site.103, 1, 132, 133
411483.3.peg.1497.site.104, 44, 118, 162
411483.3.peg.1497.site.105, 41, 114, 155
411483.3.peg.1497.site.106, 1, 124, 125
411483.3.peg.1497.site.107, 2, 110, 112
411483.3.peg.1497.site.108, 1, 122, 123
411483.3.peg.1497.site.109, 60, 116, 176
411483.3.peg.1497.site.110, 3, 122, 125
411483.3.peg.1497.site.111, 0, 117, 117
411483.3.peg.1497.site.112, 0, 125, 125
411483.3.peg.1497.site.113, 39, 131, 170
411483.3.peg.1497.site.114, 2, 139, 141
411483.3.peg.1497.site.115, 3, 144, 147
411483.3.peg.1497.site.116, 6, 146, 152
411483.3.peg.1497.site.117, 1, 147, 148
411483.3.peg.1496.site.1, 2, 151, 153
411483.3.peg.1496.site.2, 1, 154, 155
411483.3.peg.1496.site.3, 0, 153, 153
411483.3.peg.1496.site.4, 1, 151, 152
411483.3.peg.1496.site.5, 8, 151, 159
411483.3.peg.1496.site.6, 2, 152, 154
411483.3.peg.1496.site.7, 29, 149, 178
411483.3.peg.1496.site.8, 1, 152, 153
411483.3.peg.1496.site.9, 2, 153, 155
411483.3.peg.1496.site.10, 2, 151, 153
411483.3.peg.1496.site.11, 10, 148, 158
411483.3.peg.1496.site.12, 6, 153, 159
411483.3.peg.1496.site.13, 3, 150, 153
411483.3.peg.1496.site.14, 3, 154, 157
411483.3.peg.1496.site.15, 1, 151, 152
411483.3.peg.1496.site.16, 11, 148, 159
411483.3.peg.1496.site.17, 2, 153, 155
411483.3.peg.1496.site.18, 1, 150, 151
411483.3.peg.1496.site.19, 7, 149, 156
411483.3.peg.1496.site.20, 46, 138, 184
411483.3.peg.1496.site.21, 5, 103, 108
411483.3.peg.1496.site.22, 0, 147, 147
411483.3.peg.1496.site.23, 3, 152, 155
411483.3.peg.1496.site.24, 5, 152, 157
411483.3.peg.1496.site.25, 2, 151, 153
411483.3.peg.1496.site.26, 3, 141, 144
411483.3.peg.1496.site.27, 2, 134, 136
411483.3.peg.1496.site.28, 38, 121, 159
411483.3.peg.1496.site.29, 109, 132, 241
411483.3.peg.1496.site.30, 11, 146, 157
411483.3.peg.1496.site.31, 4, 152, 156
411483.3.peg.1496.site.32, 2, 155, 157
411483.3.peg.1496.site.33, 3, 153, 156
411483.3.peg.1496.site.34, 0, 154, 154
411483.3.peg.1496.site.35, 6, 154, 160
411483.3.peg.1496.site.36, 0, 153, 153
411483.3.peg.1496.site.37, 0, 150, 150
411483.3.peg.1496.site.38, 10, 147, 157
411483.3.peg.1496.site.39, 0, 152, 152
411483.3.peg.1496.site.40, 0, 152, 152
411483.3.peg.1496.site.41, 3, 149, 152
411483.3.peg.1496.site.42, 7, 146, 153
411483.3.peg.1496.site.43, 7, 147, 154
411483.3.peg.1496.site.44, 1, 151, 152
411483.3.peg.1496.site.45, 0, 152, 152
411483.3.peg.1496.site.46, 9, 149, 158
411483.3.peg.1496.site.47, 0, 150, 150
411483.3.peg.1496.site.48, 11, 148, 159
411483.3.peg.1496.site.49, 4, 149, 153
411483.3.peg.1496.site.50, 4, 152, 156
411483.3.peg.1496.site.51, 16, 149, 165
411483.3.peg.1496.site.52, 4, 151, 155
411483.3.peg.1496.site.53, 2, 151, 153
411483.3.peg.1496.site.54, 15, 150, 165
411483.3.peg.1496.site.55, 2, 148, 150
411483.3.peg.1496.site.56, 2, 147, 149
411483.3.peg.1496.site.57, 1, 151, 152
411483.3.peg.1496.site.58, 1, 150, 151
411483.3.peg.1496.site.59, 42, 141, 183
411483.3.peg.1496.site.60, 100, 137, 237
411483.3.peg.1496.site.61, 82, 140, 222
411483.3.peg.1496.site.62, 0, 150, 150
411483.3.peg.1496.site.63, 2, 150, 152
411483.3.peg.1496.site.64, 0, 151, 151
411483.3.peg.1496.site.65, 4, 152, 156
411483.3.peg.1496.site.66, 60, 143, 203
411483.3.peg.1496.site.67, 0, 152, 152
411483.3.peg.1496.site.68, 9, 154, 163
411483.3.peg.1499.site.1, 139, 148, 287
411483.3.peg.1499.site.2, 2, 151, 153
411483.3.peg.1499.site.3, 2, 149, 151
411483.3.peg.1499.site.4, 1, 148, 149
411483.3.peg.1499.site.5, 0, 149, 149
411483.3.peg.1499.site.6, 2, 146, 148
411483.3.peg.1499.site.7, 1, 150, 151
411483.3.peg.1499.site.8, 11, 144, 155
411483.3.peg.1499.site.9, 46, 138, 184
411483.3.peg.1499.site.10, 3, 151, 154
411483.3.peg.1499.site.11, 0, 145, 145
411483.3.peg.1499.site.12, 2, 145, 147
411483.3.peg.1499.site.13, 1, 149, 150
411483.3.peg.1499.site.14, 5, 148, 153
411483.3.peg.1499.site.15, 1, 138, 139
411483.3.peg.1499.site.16, 2, 142, 144
411483.3.peg.1499.site.17, 10, 142, 152
411483.3.peg.1499.site.18, 3, 143, 146
411483.3.peg.1499.site.19, 1, 146, 147
411483.3.peg.1499.site.20, 6, 144, 150
411483.3.peg.1499.site.21, 3, 147, 150
411483.3.peg.1499.site.22, 17, 146, 163
411483.3.peg.1499.site.23, 1, 147, 148
411483.3.peg.1499.site.24, 15, 146, 161
411483.3.peg.1499.site.25, 9, 150, 159
411483.3.peg.1499.site.26, 4, 150, 154
411483.3.peg.1499.site.27, 1, 145, 146
411483.3.peg.1499.site.28, 3, 146, 149
411483.3.peg.1499.site.29, 96, 135, 231
411483.3.peg.1499.site.30, 0, 137, 137
411483.3.peg.1499.site.31, 0, 135, 135
411483.3.peg.1499.site.32, 0, 136, 136
411483.3.peg.1499.site.33, 1, 139, 140
411483.3.peg.1499.site.34, 0, 137, 137
411483.3.peg.1499.site.35, 3, 137, 140
411483.3.peg.1499.site.36, 1, 138, 139
411483.3.peg.1499.site.37, 2, 134, 136
411483.3.peg.1499.site.38, 3, 127, 130
411483.3.peg.1499.site.39, 1, 140, 141
411483.3.peg.1499.site.40, 2, 139, 141
411483.3.peg.1499.site.41, 35, 124, 159
411483.3.peg.1499.site.42, 136, 137, 273
411483.3.peg.1499.site.43, 85, 130, 215
411483.3.peg.1499.site.44, 12, 127, 139
411483.3.peg.1499.site.45, 14, 122, 136
411483.3.peg.1499.site.46, 14, 129, 143
411483.3.peg.1499.site.47, 12, 132, 144
411483.3.peg.1499.site.48, 6, 131, 137
411483.3.peg.1499.site.49, 115, 126, 241
411483.3.peg.1499.site.50, 2, 132, 134
411483.3.peg.1499.site.51, 2, 142, 144
411483.3.peg.1499.site.52, 2, 144, 146
411483.3.peg.1499.site.53, 0, 142, 142
411483.3.peg.1499.site.54, 1, 133, 134
411483.3.peg.1499.site.55, 39, 128, 167
411483.3.peg.1499.site.56, 3, 124, 127
411483.3.peg.1499.site.57, 1, 135, 136
411483.3.peg.1499.site.58, 53, 117, 170
411483.3.peg.1499.site.59, 1, 129, 130
411483.3.peg.1499.site.60, 28, 114, 142
411483.3.peg.1499.site.61, 1, 126, 127
411483.3.peg.1499.site.62, 101, 122, 223
411483.3.peg.1499.site.63, 17, 133, 150
411483.3.peg.1499.site.64, 83, 123, 206
411483.3.peg.1499.site.65, 1, 141, 142
411483.3.peg.1499.site.66, 78, 133, 211
411483.3.peg.1499.site.67, 2, 135, 137
411483.3.peg.1499.site.68, 2, 138, 140
411483.3.peg.1499.site.69, 2, 132, 134
411483.3.peg.1499.site.70, 1, 133, 134
411483.3.peg.1499.site.71, 30, 124, 154
411483.3.peg.1499.site.72, 0, 134, 134
411483.3.peg.1499.site.73, 4, 133, 137
411483.3.peg.1499.site.74, 10, 123, 133
411483.3.peg.1499.site.75, 9, 123, 132
411483.3.peg.1499.site.76, 5, 119, 124
411483.3.peg.1499.site.77, 4, 124, 128
411483.3.peg.1499.site.78, 13, 118, 131
411483.3.peg.1499.site.79, 2, 110, 112
411483.3.peg.1499.site.80, 105, 114, 219
411483.3.peg.1499.site.81, 14, 93, 107
411483.3.peg.1499.site.82, 1, 109, 110
411483.3.peg.1499.site.83, 3, 115, 118
411483.3.peg.1499.site.84, 86, 132, 218
411483.3.peg.1499.site.85, 3, 142, 145
411483.3.peg.1499.site.86, 6, 143, 149
411483.3.peg.1499.site.87, 3, 144, 147
411483.3.peg.1499.site.88, 1, 145, 146
411483.3.peg.1499.site.89, 123, 139, 262
411483.3.peg.1499.site.90, 10, 143, 153
411483.3.peg.1499.site.91, 1, 149, 150
411483.3.peg.1499.site.92, 93, 142, 235
411483.3.peg.1499.site.93, 140, 140, 280
411483.3.peg.1499.site.94, 79, 136, 215
411483.3.peg.1499.site.95, 1, 139, 140
411483.3.peg.1499.site.96, 1, 136, 137
411483.3.peg.1499.site.97, 1, 139, 140
411483.3.peg.1499.site.98, 1, 139, 140
411483.3.peg.1499.site.99, 1, 138, 139
411483.3.peg.1499.site.100, 18, 134, 152
411483.3.peg.1499.site.101, 48, 123, 171
411483.3.peg.1499.site.102, 1, 132, 133
411483.3.peg.1499.site.103, 31, 126, 157
411483.3.peg.1499.site.104, 17, 119, 136
411483.3.peg.1499.site.105, 2, 128, 130
411483.3.peg.1499.site.106, 12, 132, 144
411483.3.peg.1499.site.107, 17, 137, 154
411483.3.peg.1499.site.108, 65, 120, 185
411483.3.peg.1499.site.109, 3, 134, 137
411483.3.peg.1499.site.110, 68, 124, 192
411483.3.peg.1499.site.111, 1, 141, 142
411483.3.peg.1499.site.112, 18, 136, 154
411483.3.peg.1499.site.113, 2, 143, 145
411483.3.peg.1499.site.114, 10, 140, 150
411483.3.peg.1499.site.115, 3, 142, 145
411483.3.peg.1499.site.116, 1, 136, 137
411483.3.peg.1499.site.117, 2, 132, 134
411483.3.peg.1499.site.118, 5, 116, 121
411483.3.peg.1499.site.119, 1, 131, 132
411483.3.peg.1499.site.120, 5, 134, 139
411483.3.peg.1499.site.121, 2, 130, 132
411483.3.peg.1499.site.122, 10, 146, 156
411483.3.peg.1499.site.123, 2, 147, 149
411483.3.peg.1499.site.124, 11, 141, 152
411483.3.peg.1499.site.125, 18, 132, 150
411483.3.peg.1499.site.126, 118, 137, 255
411483.3.peg.1499.site.127, 16, 139, 155
411483.3.peg.1499.site.128, 1, 146, 147
411483.3.peg.1499.site.129, 1, 146, 147
411483.3.peg.1499.site.130, 3, 147, 150
411483.3.peg.1499.site.131, 1, 142, 143
411483.3.peg.1499.site.132, 8, 145, 153
411483.3.peg.1499.site.133, 5, 146, 151
411483.3.peg.1499.site.134, 3, 143, 146
411483.3.peg.1499.site.135, 1, 152, 153
411483.3.peg.1499.site.136, 4, 148, 152
411483.3.peg.1499.site.137, 1, 149, 150
411483.3.peg.1499.site.138, 17, 144, 161
411483.3.peg.1499.site.139, 0, 142, 142
411483.3.peg.1499.site.140, 5, 146, 151
411483.3.peg.1499.site.141, 1, 143, 144
411483.3.peg.1499.site.142, 1, 150, 151
411483.3.peg.1499.site.143, 13, 149, 162
411483.3.peg.1499.site.144, 1, 149, 150
411483.3.peg.1499.site.145, 7, 147, 154
411483.3.peg.1499.site.146, 8, 146, 154
411483.3.peg.1499.site.147, 2, 147, 149
411483.3.peg.1499.site.148, 11, 144, 155
411483.3.peg.1499.site.149, 57, 137, 194
411483.3.peg.1499.site.150, 13, 144, 157
411483.3.peg.1499.site.151, 3, 142, 145
411483.3.peg.1499.site.152, 1, 144, 145
411483.3.peg.1499.site.153, 8, 145, 153
411483.3.peg.1499.site.154, 18, 135, 153
411483.3.peg.1499.site.155, 1, 141, 142
411483.3.peg.1499.site.156, 21, 135, 156
411483.3.peg.1499.site.157, 0, 140, 140
411483.3.peg.1499.site.158, 0, 139, 139
411483.3.peg.1499.site.159, 0, 143, 143
411483.3.peg.1499.site.160, 1, 146, 147
411483.3.peg.1499.site.161, 0, 148, 148
411483.3.peg.1499.site.162, 2, 147, 149
411483.3.peg.1499.site.163, 6, 142, 148
411483.3.peg.1499.site.164, 12, 144, 156
411483.3.peg.1499.site.165, 2, 143, 145
411483.3.peg.1499.site.166, 37, 140, 177
411483.3.peg.1499.site.167, 37, 139, 176
411483.3.peg.1499.site.168, 2, 150, 152
411483.3.peg.1499.site.169, 0, 150, 150
411483.3.peg.1499.site.170, 3, 150, 153
411483.3.peg.1499.site.171, 1, 152, 153
411483.3.peg.1499.site.172, 20, 144, 164
411483.3.peg.1499.site.173, 7, 149, 156
411483.3.peg.1499.site.174, 5, 152, 157
411483.3.peg.1499.site.175, 30, 143, 173
411483.3.peg.1499.site.176, 20, 143, 163
411483.3.peg.1499.site.177, 35, 137, 172
411483.3.peg.1499.site.178, 2, 150, 152
411483.3.peg.1499.site.179, 62, 128, 190
411483.3.peg.1499.site.180, 1, 145, 146
411483.3.peg.1499.site.181, 0, 142, 142
411483.3.peg.1499.site.182, 0, 134, 134
411483.3.peg.1499.site.183, 0, 142, 142
411483.3.peg.1499.site.184, 130, 134, 264
411483.3.peg.1499.site.185, 3, 150, 153
411483.3.peg.1499.site.186, 34, 148, 182
411483.3.peg.1499.site.187, 15, 147, 162
411483.3.peg.1499.site.188, 2, 150, 152
411483.3.peg.1499.site.189, 2, 149, 151
411483.3.peg.1499.site.190, 4, 149, 153
411483.3.peg.1499.site.191, 3, 149, 152
411483.3.peg.1499.site.192, 15, 147, 162
411483.3.peg.1499.site.193, 107, 114, 221
411483.3.peg.1499.site.194, 4, 127, 131
411483.3.peg.1499.site.195, 32, 124, 156
411483.3.peg.1499.site.196, 33, 124, 157
411483.3.peg.1499.site.197, 1, 126, 127
411483.3.peg.1499.site.198, 2, 150, 152
411483.3.peg.1499.site.199, 14, 150, 164
411483.3.peg.1499.site.200, 9, 150, 159
411483.3.peg.1499.site.201, 5, 148, 153
411483.3.peg.1499.site.202, 0, 153, 153
411483.3.peg.1499.site.203, 1, 153, 154
411483.3.peg.1499.site.204, 1, 153, 154
411483.3.peg.1499.site.205, 0, 152, 152
411483.3.peg.1498.site.1, 2, 154, 156
411483.3.peg.1498.site.2, 11, 149, 160
411483.3.peg.1498.site.3, 9, 152, 161
411483.3.peg.1498.site.4, 4, 153, 157
411483.3.peg.1498.site.5, 2, 154, 156
411483.3.peg.1498.site.6, 14, 136, 150
411483.3.peg.1498.site.7, 4, 129, 133
411483.3.peg.1498.site.8, 1, 145, 146
411483.3.peg.1498.site.9, 3, 143, 146
411483.3.peg.1498.site.10, 2, 145, 147
411483.3.peg.1498.site.11, 122, 127, 249
411483.3.peg.1498.site.12, 3, 136, 139
411483.3.peg.1498.site.13, 5, 144, 149
411483.3.peg.1498.site.14, 14, 140, 154
411483.3.peg.1498.site.15, 2, 148, 150
411483.3.peg.1498.site.16, 4, 154, 158
411483.3.peg.1498.site.17, 1, 153, 154
411483.3.peg.1498.site.18, 1, 153, 154
411483.3.peg.1498.site.19, 7, 154, 161
411483.3.peg.1498.site.20, 2, 147, 149
411483.3.peg.1498.site.21, 0, 147, 147
411483.3.peg.1498.site.22, 4, 152, 156
411483.3.peg.1498.site.23, 18, 150, 168
411483.3.peg.1498.site.24, 1, 150, 151
411483.3.peg.1498.site.25, 3, 150, 153
411483.3.peg.1498.site.26, 1, 149, 150
411483.3.peg.1498.site.27, 6, 143, 149
411483.3.peg.1498.site.28, 4, 146, 150
411483.3.peg.1498.site.29, 12, 140, 152
411483.3.peg.1498.site.30, 21, 140, 161
411483.3.peg.1498.site.31, 0, 145, 145
411483.3.peg.1498.site.32, 132, 135, 267
411483.3.peg.1498.site.33, 6, 138, 144
411483.3.peg.1498.site.34, 2, 140, 142
411483.3.peg.1498.site.35, 6, 128, 134
411483.3.peg.1498.site.36, 19, 129, 148
411483.3.peg.1498.site.37, 18, 124, 142
411483.3.peg.1498.site.38, 3, 138, 141
411483.3.peg.1498.site.39, 1, 132, 133
411483.3.peg.1498.site.40, 3, 129, 132
411483.3.peg.1498.site.41, 2, 135, 137
411483.3.peg.1498.site.42, 1, 141, 142
411483.3.peg.1498.site.43, 6, 143, 149
411483.3.peg.1498.site.44, 46, 144, 190
411483.3.peg.1498.site.45, 1, 150, 151
411483.3.peg.1498.site.46, 1, 152, 153
411483.3.peg.1498.site.47, 10, 146, 156
411483.3.peg.1498.site.48, 1, 151, 152
411483.3.peg.1498.site.49, 107, 139, 246
411483.3.peg.1498.site.50, 1, 150, 151
411483.3.peg.1498.site.51, 28, 141, 169
411483.3.peg.1498.site.52, 4, 150, 154
411483.3.peg.1498.site.53, 2, 151, 153
411483.3.peg.1498.site.54, 27, 140, 167
411483.3.peg.1498.site.55, 104, 139, 243
411483.3.peg.1498.site.56, 121, 138, 259
411483.3.peg.1498.site.57, 50, 135, 185
411483.3.peg.1498.site.58, 2, 144, 146
411483.3.peg.1498.site.59, 3, 144, 147
411483.3.peg.1498.site.60, 6, 147, 153
411483.3.peg.1498.site.61, 2, 145, 147
411483.3.peg.1498.site.62, 17, 141, 158
411483.3.peg.1498.site.63, 53, 145, 198
411483.3.peg.1498.site.64, 1, 149, 150
411483.3.peg.1498.site.65, 65, 142, 207
411483.3.peg.1498.site.66, 0, 153, 153
411483.3.peg.1498.site.67, 0, 154, 154
411483.3.peg.1498.site.68, 1, 153, 154
411483.3.peg.1498.site.69, 1, 151, 152
411483.3.peg.170.site.1, 7, 150, 157
411483.3.peg.170.site.2, 2, 153, 155
411483.3.peg.170.site.3, 2, 154, 156
411483.3.peg.170.site.4, 1, 153, 154
411483.3.peg.170.site.5, 1, 154, 155
411483.3.peg.170.site.6, 0, 152, 152
411483.3.peg.170.site.7, 3, 150, 153
411483.3.peg.170.site.8, 0, 152, 152
411483.3.peg.170.site.9, 21, 146, 167
411483.3.peg.170.site.10, 0, 153, 153
411483.3.peg.170.site.11, 4, 155, 159
411483.3.peg.170.site.12, 1, 155, 156
411483.3.peg.170.site.13, 6, 144, 150
411483.3.peg.170.site.14, 34, 151, 185
411483.3.peg.170.site.15, 2, 152, 154
411483.3.peg.170.site.16, 3, 154, 157
411483.3.peg.170.site.17, 6, 151, 157
411483.3.peg.170.site.18, 0, 150, 150
411483.3.peg.170.site.19, 1, 150, 151
411483.3.peg.170.site.20, 1, 141, 142
411483.3.peg.170.site.21, 2, 135, 137
411483.3.peg.170.site.22, 1, 128, 129
411483.3.peg.170.site.23, 0, 116, 116
411483.3.peg.170.site.24, 96, 106, 202
411483.3.peg.170.site.25, 3, 109, 112
411483.3.peg.170.site.26, 0, 103, 103
411483.3.peg.170.site.27, 1, 99, 100
411483.3.peg.170.site.28, 0, 106, 106
411483.3.peg.170.site.29, 1, 94, 95
411483.3.peg.170.site.30, 6, 96, 102
411483.3.peg.170.site.31, 3, 74, 77
411483.3.peg.170.site.32, 0, 77, 77
411483.3.peg.170.site.33, 14, 82, 96
411483.3.peg.170.site.34, 0, 113, 113
411483.3.peg.170.site.35, 6, 128, 134
411483.3.peg.170.site.36, 4, 126, 130
411483.3.peg.170.site.37, 1, 131, 132
411483.3.peg.170.site.38, 3, 137, 140
411483.3.peg.170.site.39, 13, 138, 151
411483.3.peg.170.site.40, 2, 141, 143
411483.3.peg.170.site.41, 13, 132, 145
411483.3.peg.170.site.42, 0, 142, 142
411483.3.peg.170.site.43, 27, 135, 162
411483.3.peg.170.site.44, 1, 151, 152
411483.3.peg.170.site.45, 7, 151, 158
411483.3.peg.170.site.46, 8, 148, 156
411483.3.peg.170.site.47, 3, 154, 157
411483.3.peg.170.site.48, 1, 153, 154
411483.3.peg.170.site.49, 1, 152, 153
411483.3.peg.170.site.50, 1, 152, 153
411483.3.peg.170.site.51, 1, 152, 153
411483.3.peg.170.site.52, 0, 152, 152
411483.3.peg.170.site.53, 142, 149, 291
411483.3.peg.170.site.54, 30, 147, 177
411483.3.peg.170.site.55, 2, 154, 156
411483.3.peg.170.site.56, 144, 146, 290
411483.3.peg.170.site.57, 137, 145, 282
411483.3.peg.170.site.58, 2, 153, 155
411483.3.peg.170.site.59, 33, 150, 183
411483.3.peg.170.site.60, 1, 152, 153
411483.3.peg.170.site.61, 107, 143, 250
411483.3.peg.170.site.62, 0, 152, 152
411483.3.peg.170.site.63, 0, 154, 154
411483.3.peg.170.site.64, 0, 154, 154
411483.3.peg.170.site.65, 0, 154, 154
411483.3.peg.170.site.66, 3, 155, 158
411483.3.peg.170.site.67, 0, 154, 154
411483.3.peg.170.site.68, 0, 154, 154
411483.3.peg.170.site.69, 1, 154, 155
411483.3.peg.170.site.70, 1, 154, 155
411483.3.peg.170.site.71, 8, 153, 161
411483.3.peg.170.site.72, 1, 155, 156
411483.3.peg.170.site.73, 109, 143, 252
411483.3.peg.170.site.74, 2, 155, 157
411483.3.peg.171.site.1, 5, 121, 126
411483.3.peg.171.site.2, 2, 149, 151
411483.3.peg.171.site.3, 77, 147, 224
411483.3.peg.171.site.4, 8, 153, 161
411483.3.peg.171.site.5, 5, 153, 158
411483.3.peg.171.site.6, 15, 152, 167
411483.3.peg.171.site.7, 4, 154, 158
411483.3.peg.171.site.8, 10, 149, 159
411483.3.peg.171.site.9, 1, 153, 154
411483.3.peg.171.site.10, 2, 147, 149
411483.3.peg.171.site.11, 83, 132, 215
411483.3.peg.171.site.12, 104, 135, 239
411483.3.peg.171.site.13, 5, 146, 151
411483.3.peg.171.site.14, 0, 149, 149
411483.3.peg.171.site.15, 3, 149, 152
411483.3.peg.171.site.16, 85, 141, 226
411483.3.peg.171.site.17, 12, 150, 162
411483.3.peg.171.site.18, 19, 147, 166
411483.3.peg.171.site.19, 2, 154, 156
411483.3.peg.171.site.20, 20, 143, 163
411483.3.peg.171.site.21, 1, 152, 153
411483.3.peg.171.site.22, 5, 149, 154
411483.3.peg.171.site.23, 0, 147, 147
411483.3.peg.171.site.24, 1, 149, 150
411483.3.peg.171.site.25, 18, 145, 163
411483.3.peg.171.site.26, 18, 149, 167
411483.3.peg.171.site.27, 3, 151, 154
411483.3.peg.171.site.28, 0, 152, 152
411483.3.peg.171.site.29, 27, 146, 173
411483.3.peg.171.site.30, 4, 154, 158
411483.3.peg.171.site.31, 0, 154, 154
411483.3.peg.171.site.32, 9, 150, 159
411483.3.peg.171.site.33, 1, 151, 152
411483.3.peg.171.site.34, 122, 140, 262
411483.3.peg.171.site.35, 1, 151, 152
411483.3.peg.171.site.36, 0, 150, 150
411483.3.peg.171.site.37, 12, 148, 160
411483.3.peg.171.site.38, 2, 150, 152
411483.3.peg.171.site.39, 7, 149, 156
411483.3.peg.171.site.40, 2, 154, 156
411483.3.peg.171.site.41, 5, 154, 159
411483.3.peg.171.site.42, 1, 149, 150
411483.3.peg.171.site.43, 2, 144, 146
411483.3.peg.171.site.44, 2, 131, 133
411483.3.peg.171.site.45, 2, 121, 123
411483.3.peg.171.site.46, 89, 109, 198
411483.3.peg.171.site.47, 1, 113, 114
411483.3.peg.171.site.48, 9, 114, 123
411483.3.peg.172.site.1, 0, 152, 152
411483.3.peg.172.site.2, 2, 153, 155
411483.3.peg.172.site.3, 5, 153, 158
411483.3.peg.172.site.4, 18, 151, 169
411483.3.peg.172.site.5, 1, 153, 154
411483.3.peg.172.site.6, 4, 152, 156
411483.3.peg.172.site.7, 2, 153, 155
411483.3.peg.172.site.8, 1, 152, 153
411483.3.peg.172.site.9, 34, 145, 179
411483.3.peg.172.site.10, 10, 145, 155
411483.3.peg.172.site.11, 2, 152, 154
411483.3.peg.172.site.12, 7, 149, 156
411483.3.peg.172.site.13, 1, 149, 150
411483.3.peg.172.site.14, 5, 149, 154
411483.3.peg.172.site.15, 2, 151, 153
411483.3.peg.172.site.16, 1, 153, 154
411483.3.peg.172.site.17, 0, 152, 152
411483.3.peg.172.site.18, 2, 146, 148
411483.3.peg.172.site.19, 12, 148, 160
411483.3.peg.172.site.20, 19, 143, 162
411483.3.peg.172.site.21, 4, 148, 152
411483.3.peg.172.site.22, 1, 147, 148
411483.3.peg.172.site.23, 10, 139, 149
411483.3.peg.172.site.24, 17, 137, 154
411483.3.peg.172.site.25, 0, 142, 142
411483.3.peg.173.site.1, 9, 119, 128
411483.3.peg.173.site.2, 1, 129, 130
411483.3.peg.173.site.3, 1, 128, 129
411483.3.peg.173.site.4, 4, 123, 127
411483.3.peg.173.site.5, 91, 123, 214
411483.3.peg.173.site.6, 7, 126, 133
411483.3.peg.173.site.7, 1, 123, 124
411483.3.peg.173.site.8, 4, 128, 132
411483.3.peg.173.site.9, 114, 126, 240
411483.3.peg.173.site.10, 130, 130, 260
411483.3.peg.173.site.11, 126, 135, 261
411483.3.peg.173.site.12, 8, 139, 147
411483.3.peg.173.site.13, 89, 134, 223
411483.3.peg.173.site.14, 1, 144, 145
411483.3.peg.173.site.15, 2, 142, 144
411483.3.peg.173.site.16, 2, 145, 147
411483.3.peg.173.site.17, 53, 138, 191
411483.3.peg.173.site.18, 0, 146, 146
411483.3.peg.173.site.19, 9, 144, 153
411483.3.peg.173.site.20, 1, 149, 150
411483.3.peg.173.site.21, 8, 144, 152
411483.3.peg.173.site.22, 24, 137, 161
411483.3.peg.173.site.23, 2, 149, 151
411483.3.peg.173.site.24, 1, 150, 151
411483.3.peg.173.site.25, 4, 141, 145
411483.3.peg.173.site.26, 7, 150, 157
411483.3.peg.173.site.27, 13, 143, 156
411483.3.peg.173.site.28, 6, 151, 157
411483.3.peg.173.site.29, 0, 153, 153
411483.3.peg.173.site.30, 7, 150, 157
411483.3.peg.173.site.31, 1, 154, 155
411483.3.peg.173.site.32, 94, 143, 237
411483.3.peg.173.site.33, 5, 150, 155
411483.3.peg.173.site.34, 17, 146, 163
411483.3.peg.173.site.35, 0, 152, 152
411483.3.peg.173.site.36, 126, 149, 275
411483.3.peg.173.site.37, 6, 153, 159
411483.3.peg.173.site.38, 12, 147, 159
411483.3.peg.173.site.39, 9, 146, 155
411483.3.peg.173.site.40, 1, 150, 151
411483.3.peg.173.site.41, 1, 151, 152
411483.3.peg.173.site.42, 7, 147, 154
411483.3.peg.173.site.43, 19, 152, 171
411483.3.peg.173.site.44, 15, 150, 165
411483.3.peg.173.site.45, 3, 149, 152
411483.3.peg.173.site.46, 3, 149, 152
411483.3.peg.173.site.47, 5, 153, 158
411483.3.peg.173.site.48, 3, 154, 157
411483.3.peg.173.site.49, 2, 153, 155
411483.3.peg.173.site.50, 5, 152, 157
411483.3.peg.173.site.51, 4, 152, 156
411483.3.peg.173.site.52, 34, 148, 182
411483.3.peg.173.site.53, 8, 152, 160
411483.3.peg.173.site.54, 2, 153, 155
411483.3.peg.173.site.55, 20, 149, 169
411483.3.peg.173.site.56, 1, 152, 153
411483.3.peg.173.site.57, 0, 148, 148
411483.3.peg.173.site.58, 0, 148, 148
411483.3.peg.173.site.59, 1, 148, 149
411483.3.peg.173.site.60, 9, 144, 153
411483.3.peg.173.site.61, 5, 148, 153
411483.3.peg.173.site.62, 106, 140, 246
411483.3.peg.173.site.63, 0, 150, 150
411483.3.peg.173.site.64, 6, 149, 155
411483.3.peg.173.site.65, 9, 145, 154
411483.3.peg.173.site.66, 67, 134, 201
411483.3.peg.173.site.67, 61, 134, 195
411483.3.peg.173.site.68, 2, 151, 153
411483.3.peg.173.site.69, 6, 152, 158
411483.3.peg.173.site.70, 135, 149, 284
411483.3.peg.292.site.1, 9, 135, 144
411483.3.peg.292.site.2, 56, 127, 183
411483.3.peg.292.site.3, 3, 138, 141
411483.3.peg.292.site.4, 3, 140, 143
411483.3.peg.292.site.5, 3, 142, 145
411483.3.peg.292.site.6, 9, 145, 154
411483.3.peg.292.site.7, 3, 140, 143
411483.3.peg.292.site.8, 9, 146, 155
411483.3.peg.292.site.9, 2, 133, 135
411483.3.peg.292.site.10, 36, 139, 175
411483.3.peg.292.site.11, 3, 134, 137
411483.3.peg.292.site.12, 4, 131, 135
411483.3.peg.292.site.13, 0, 136, 136
411483.3.peg.292.site.14, 1, 127, 128
411483.3.peg.292.site.15, 2, 131, 133
411483.3.peg.292.site.16, 2, 132, 134
411483.3.peg.292.site.17, 141, 141, 282
411483.3.peg.292.site.18, 2, 139, 141
411483.3.peg.292.site.19, 75, 132, 207
411483.3.peg.292.site.20, 0, 134, 134
411483.3.peg.292.site.21, 2, 139, 141
411483.3.peg.292.site.22, 1, 140, 141
411483.3.peg.292.site.23, 1, 140, 141
411483.3.peg.292.site.24, 3, 136, 139
411483.3.peg.292.site.25, 3, 137, 140
411483.3.peg.292.site.26, 1, 137, 138
411483.3.peg.292.site.27, 0, 138, 138
411483.3.peg.292.site.28, 1, 137, 138
411483.3.peg.292.site.29, 3, 130, 133
411483.3.peg.292.site.30, 4, 133, 137
411483.3.peg.292.site.31, 3, 128, 131
411483.3.peg.292.site.32, 1, 126, 127
411483.3.peg.292.site.33, 3, 126, 129
411483.3.peg.292.site.34, 4, 131, 135
411483.3.peg.1556.site.1, 5, 117, 122
411483.3.peg.1556.site.2, 72, 111, 183
411483.3.peg.1556.site.3, 12, 120, 132
411483.3.peg.1556.site.4, 1, 124, 125
411483.3.peg.1556.site.5, 5, 118, 123
411483.3.peg.1556.site.6, 2, 110, 112
411483.3.peg.1556.site.7, 0, 100, 100
411483.3.peg.1556.site.8, 0, 109, 109
411483.3.peg.1556.site.9, 0, 120, 120
411483.3.peg.1556.site.10, 126, 133, 259
411483.3.peg.1556.site.11, 5, 137, 142
411483.3.peg.1556.site.12, 0, 143, 143
411483.3.peg.1556.site.13, 2, 149, 151
411483.3.peg.1556.site.14, 5, 147, 152
411483.3.peg.1556.site.15, 1, 149, 150
411483.3.peg.1556.site.16, 4, 147, 151
411483.3.peg.1556.site.17, 2, 148, 150
411483.3.peg.1556.site.18, 1, 151, 152
411483.3.peg.1556.site.19, 8, 138, 146
411483.3.peg.1556.site.20, 9, 149, 158
411483.3.peg.1556.site.21, 0, 149, 149
411483.3.peg.1556.site.22, 2, 151, 153
411483.3.peg.1556.site.23, 1, 151, 152
411483.3.peg.1556.site.24, 1, 142, 143
411483.3.peg.1556.site.25, 1, 131, 132
411483.3.peg.1556.site.26, 2, 143, 145
411483.3.peg.1556.site.27, 1, 146, 147
411483.3.peg.1556.site.28, 5, 141, 146
411483.3.peg.1556.site.29, 88, 137, 225
411483.3.peg.1556.site.30, 2, 142, 144
411483.3.peg.1556.site.31, 3, 146, 149
411483.3.peg.1556.site.32, 38, 136, 174
411483.3.peg.1556.site.33, 1, 147, 148
411483.3.peg.1556.site.34, 5, 151, 156
411483.3.peg.1556.site.35, 9, 151, 160
411483.3.peg.1556.site.36, 4, 150, 154
411483.3.peg.1556.site.37, 1, 154, 155
411483.3.peg.1556.site.38, 3, 155, 158
411483.3.peg.1556.site.39, 3, 151, 154
411483.3.peg.1556.site.40, 4, 152, 156
411483.3.peg.1556.site.41, 6, 151, 157
411483.3.peg.1556.site.42, 0, 150, 150
411483.3.peg.1556.site.43, 5, 150, 155
411483.3.peg.1556.site.44, 2, 150, 152
411483.3.peg.1556.site.45, 3, 150, 153
411483.3.peg.1556.site.46, 3, 151, 154
411483.3.peg.1556.site.47, 1, 147, 148
411483.3.peg.1556.site.48, 7, 147, 154
411483.3.peg.1556.site.49, 5, 148, 153
411483.3.peg.1556.site.50, 22, 148, 170
411483.3.peg.1556.site.51, 22, 142, 164
411483.3.peg.1556.site.52, 1, 149, 150
411483.3.peg.1556.site.53, 139, 145, 284
411483.3.peg.1556.site.54, 6, 148, 154
411483.3.peg.1556.site.55, 0, 150, 150
411483.3.peg.1556.site.56, 0, 152, 152
411483.3.peg.1556.site.57, 12, 144, 156
411483.3.peg.1556.site.58, 3, 152, 155
411483.3.peg.1556.site.59, 7, 147, 154
411483.3.peg.1556.site.60, 62, 141, 203
411483.3.peg.1556.site.61, 1, 149, 150
411483.3.peg.1556.site.62, 1, 149, 150
411483.3.peg.1556.site.63, 48, 131, 179
411483.3.peg.1556.site.64, 2, 145, 147
411483.3.peg.1556.site.65, 1, 142, 143
411483.3.peg.1556.site.66, 3, 141, 144
411483.3.peg.1556.site.67, 1, 138, 139
411483.3.peg.1556.site.68, 12, 136, 148
411483.3.peg.1556.site.69, 1, 150, 151
411483.3.peg.1556.site.70, 1, 150, 151
411483.3.peg.1556.site.71, 0, 147, 147
411483.3.peg.1556.site.72, 131, 144, 275
411483.3.peg.1556.site.73, 4, 148, 152
411483.3.peg.1556.site.74, 8, 149, 157
411483.3.peg.1556.site.75, 1, 151, 152
411483.3.peg.1556.site.76, 137, 143, 280
411483.3.peg.1556.site.77, 2, 148, 150
411483.3.peg.1556.site.78, 0, 149, 149
411483.3.peg.1556.site.79, 3, 150, 153
411483.3.peg.1556.site.80, 1, 148, 149
411483.3.peg.1556.site.81, 3, 145, 148
411483.3.peg.1556.site.82, 8, 131, 139
411483.3.peg.1556.site.83, 1, 111, 112
411483.3.peg.1556.site.84, 83, 94, 177
411483.3.peg.1556.site.85, 0, 79, 79
411483.3.peg.1556.site.86, 2, 82, 84
411483.3.peg.1556.site.87, 2, 46, 48
411483.3.peg.1556.site.88, 30, 41, 71
411483.3.peg.1556.site.89, 3, 14, 17
411483.3.peg.1556.site.90, 1, 15, 16
411483.3.peg.1556.site.91, 0, 52, 52
411483.3.peg.1556.site.92, 1, 58, 59
411483.3.peg.1557.site.1, 82, 144, 226
411483.3.peg.1557.site.2, 7, 145, 152
411483.3.peg.1557.site.3, 7, 153, 160
411483.3.peg.1557.site.4, 10, 151, 161
411483.3.peg.1557.site.5, 0, 151, 151
411483.3.peg.1557.site.6, 0, 146, 146
411483.3.peg.1557.site.7, 5, 151, 156
411483.3.peg.1557.site.8, 0, 150, 150
411483.3.peg.1557.site.9, 3, 149, 152
411483.3.peg.1557.site.10, 131, 144, 275
411483.3.peg.1557.site.11, 70, 133, 203
411483.3.peg.1557.site.12, 2, 150, 152
411483.3.peg.1557.site.13, 130, 139, 269
411483.3.peg.1557.site.14, 2, 148, 150
411483.3.peg.1557.site.15, 2, 146, 148
411483.3.peg.1557.site.16, 38, 131, 169
411483.3.peg.1557.site.17, 69, 130, 199
411483.3.peg.1557.site.18, 6, 148, 154
411483.3.peg.1557.site.19, 1, 148, 149
411483.3.peg.1557.site.20, 0, 148, 148
411483.3.peg.1557.site.21, 0, 146, 146
411483.3.peg.1557.site.22, 7, 151, 158
411483.3.peg.1557.site.23, 3, 152, 155
411483.3.peg.1557.site.24, 2, 147, 149
411483.3.peg.1557.site.25, 25, 143, 168
411483.3.peg.1557.site.26, 136, 143, 279
411483.3.peg.1557.site.27, 0, 145, 145
411483.3.peg.1557.site.28, 0, 147, 147
411483.3.peg.1557.site.29, 0, 143, 143
411483.3.peg.1557.site.30, 1, 148, 149
411483.3.peg.1557.site.31, 3, 150, 153
411483.3.peg.1557.site.32, 7, 146, 153
411483.3.peg.1557.site.33, 1, 142, 143
411483.3.peg.1557.site.34, 2, 141, 143
411483.3.peg.1557.site.35, 0, 145, 145
411483.3.peg.1557.site.36, 11, 145, 156
411483.3.peg.1557.site.37, 34, 144, 178
411483.3.peg.1557.site.38, 9, 150, 159
411483.3.peg.1557.site.39, 91, 143, 234
411483.3.peg.1557.site.40, 5, 150, 155
411483.3.peg.1557.site.41, 1, 152, 153
411483.3.peg.1557.site.42, 2, 151, 153
411483.3.peg.1557.site.43, 30, 148, 178
411483.3.peg.1557.site.44, 42, 138, 180
411483.3.peg.1557.site.45, 17, 146, 163
411483.3.peg.1557.site.46, 2, 154, 156
411483.3.peg.1557.site.47, 13, 149, 162
411483.3.peg.1557.site.48, 1, 151, 152
411483.3.peg.1557.site.49, 18, 139, 157
411483.3.peg.1557.site.50, 6, 151, 157
411483.3.peg.1557.site.51, 8, 152, 160
411483.3.peg.1557.site.52, 12, 151, 163
411483.3.peg.1557.site.53, 2, 154, 156
411483.3.peg.1557.site.54, 12, 150, 162
411483.3.peg.1557.site.55, 3, 152, 155
411483.3.peg.1557.site.56, 0, 153, 153
411483.3.peg.1557.site.57, 1, 153, 154
411483.3.peg.1557.site.58, 139, 145, 284
411483.3.peg.1557.site.59, 1, 153, 154
411483.3.peg.1557.site.60, 0, 151, 151
411483.3.peg.1557.site.61, 4, 150, 154
411483.3.peg.1557.site.62, 2, 151, 153
411483.3.peg.1557.site.63, 2, 151, 153
411483.3.peg.1557.site.64, 3, 143, 146
411483.3.peg.1557.site.65, 8, 150, 158
411483.3.peg.1557.site.66, 5, 148, 153
411483.3.peg.1557.site.67, 1, 150, 151
411483.3.peg.1557.site.68, 17, 143, 160
411483.3.peg.1557.site.69, 138, 145, 283
411483.3.peg.1557.site.70, 5, 147, 152
411483.3.peg.1557.site.71, 5, 152, 157
411483.3.peg.1557.site.72, 18, 147, 165
411483.3.peg.1557.site.73, 4, 153, 157
411483.3.peg.1557.site.74, 1, 154, 155
411483.3.peg.1557.site.75, 16, 142, 158
411483.3.peg.1557.site.76, 136, 148, 284
411483.3.peg.1557.site.77, 6, 146, 152
411483.3.peg.1557.site.78, 0, 149, 149
411483.3.peg.1557.site.79, 3, 148, 151
411483.3.peg.1557.site.80, 5, 150, 155
411483.3.peg.1557.site.81, 4, 151, 155
411483.3.peg.1557.site.82, 0, 146, 146
411483.3.peg.1557.site.83, 3, 151, 154
411483.3.peg.1557.site.84, 14, 146, 160
411483.3.peg.1557.site.85, 4, 151, 155
411483.3.peg.1557.site.86, 2, 150, 152
411483.3.peg.1557.site.87, 2, 152, 154
411483.3.peg.1557.site.88, 37, 147, 184
411483.3.peg.1557.site.89, 3, 152, 155
411483.3.peg.1557.site.90, 1, 155, 156
411483.3.peg.1557.site.91, 7, 154, 161
411483.3.peg.1557.site.92, 8, 155, 163
411483.3.peg.1557.site.93, 15, 150, 165
411483.3.peg.1557.site.94, 8, 153, 161
411483.3.peg.1557.site.95, 108, 143, 251
411483.3.peg.1557.site.96, 15, 149, 164
411483.3.peg.1557.site.97, 0, 153, 153
411483.3.peg.1557.site.98, 79, 138, 217
411483.3.peg.1557.site.99, 9, 154, 163
411483.3.peg.1557.site.100, 14, 151, 165
411483.3.peg.1557.site.101, 3, 154, 157
411483.3.peg.1557.site.102, 6, 153, 159
411483.3.peg.1557.site.103, 1, 154, 155
411483.3.peg.1557.site.104, 6, 152, 158
411483.3.peg.1557.site.105, 1, 151, 152
411483.3.peg.849.site.1, 0, 134, 134
411483.3.peg.849.site.2, 2, 133, 135
411483.3.peg.849.site.3, 0, 134, 134
411483.3.peg.849.site.4, 2, 130, 132
411483.3.peg.849.site.5, 0, 130, 130
411483.3.peg.849.site.6, 18, 132, 150
411483.3.peg.849.site.7, 0, 135, 135
411483.3.peg.849.site.8, 0, 134, 134
411483.3.peg.849.site.9, 6, 136, 142
411483.3.peg.849.site.10, 3, 136, 139
411483.3.peg.849.site.11, 2, 137, 139
411483.3.peg.849.site.12, 1, 139, 140
411483.3.peg.849.site.13, 3, 140, 143
411483.3.peg.849.site.14, 18, 136, 154
411483.3.peg.849.site.15, 0, 136, 136
411483.3.peg.849.site.16, 0, 148, 148
411483.3.peg.849.site.17, 3, 147, 150
411483.3.peg.849.site.18, 81, 141, 222
411483.3.peg.849.site.19, 0, 142, 142
411483.3.peg.849.site.20, 7, 145, 152
411483.3.peg.849.site.21, 2, 151, 153
411483.3.peg.849.site.22, 2, 148, 150
411483.3.peg.849.site.23, 1, 148, 149
411483.3.peg.849.site.24, 0, 153, 153
411483.3.peg.849.site.25, 0, 152, 152
411483.3.peg.849.site.26, 0, 151, 151
411483.3.peg.594.site.1, 1, 151, 152
411483.3.peg.594.site.2, 1, 151, 152
411483.3.peg.594.site.3, 14, 146, 160
411483.3.peg.594.site.4, 5, 152, 157
411483.3.peg.594.site.5, 1, 146, 147
411483.3.peg.594.site.6, 1, 144, 145
411483.3.peg.594.site.7, 17, 143, 160
411483.3.peg.594.site.8, 1, 148, 149
411483.3.peg.594.site.9, 4, 148, 152
411483.3.peg.594.site.10, 1, 149, 150
411483.3.peg.594.site.11, 2, 147, 149
411483.3.peg.594.site.12, 21, 149, 170
411483.3.peg.594.site.13, 3, 145, 148
411483.3.peg.594.site.14, 150, 150, 300
411483.3.peg.594.site.15, 0, 145, 145
411483.3.peg.594.site.16, 3, 144, 147
411483.3.peg.594.site.17, 5, 148, 153
411483.3.peg.594.site.18, 26, 137, 163
411483.3.peg.594.site.19, 6, 140, 146
411483.3.peg.594.site.20, 5, 147, 152
411483.3.peg.594.site.21, 0, 149, 149
411483.3.peg.594.site.22, 1, 147, 148
411483.3.peg.594.site.23, 3, 147, 150
411483.3.peg.594.site.24, 1, 143, 144
411483.3.peg.594.site.25, 0, 146, 146
411483.3.peg.594.site.26, 4, 142, 146
411483.3.peg.594.site.27, 35, 138, 173
411483.3.peg.594.site.28, 0, 134, 134
411483.3.peg.594.site.29, 1, 144, 145
411483.3.peg.594.site.30, 7, 138, 145
411483.3.peg.594.site.31, 1, 142, 143
411483.3.peg.594.site.32, 3, 144, 147
411483.3.peg.594.site.33, 0, 148, 148
411483.3.peg.594.site.34, 0, 148, 148
411483.3.peg.594.site.35, 22, 148, 170
411483.3.peg.594.site.36, 2, 147, 149
411483.3.peg.594.site.37, 3, 147, 150
411483.3.peg.594.site.38, 62, 146, 208
411483.3.peg.594.site.39, 7, 146, 153
411483.3.peg.594.site.40, 3, 148, 151
411483.3.peg.594.site.41, 4, 149, 153
411483.3.peg.594.site.42, 1, 148, 149
411483.3.peg.594.site.43, 6, 149, 155
411483.3.peg.594.site.44, 1, 150, 151
411483.3.peg.594.site.45, 19, 146, 165
411483.3.peg.594.site.46, 18, 147, 165
411483.3.peg.594.site.47, 16, 147, 163
411483.3.peg.594.site.48, 29, 148, 177
411483.3.peg.594.site.49, 2, 143, 145
411483.3.peg.594.site.50, 129, 140, 269
411483.3.peg.594.site.51, 4, 141, 145
411483.3.peg.594.site.52, 26, 137, 163
411483.3.peg.594.site.53, 3, 145, 148
411483.3.peg.594.site.54, 3, 149, 152
411483.3.peg.594.site.55, 20, 144, 164
411483.3.peg.594.site.56, 6, 151, 157
411483.3.peg.594.site.57, 4, 146, 150
411483.3.peg.594.site.58, 69, 132, 201
411483.3.peg.594.site.59, 49, 132, 181
411483.3.peg.594.site.60, 5, 140, 145
411483.3.peg.594.site.61, 4, 138, 142
411483.3.peg.594.site.62, 1, 145, 146
411483.3.peg.594.site.63, 83, 133, 216
411483.3.peg.594.site.64, 35, 140, 175
411483.3.peg.594.site.65, 73, 139, 212
411483.3.peg.594.site.66, 3, 151, 154
411483.3.peg.594.site.67, 25, 148, 173
411483.3.peg.594.site.68, 32, 146, 178
411483.3.peg.594.site.69, 2, 152, 154
411483.3.peg.594.site.70, 5, 150, 155
411483.3.peg.594.site.71, 1, 151, 152
411483.3.peg.594.site.72, 1, 152, 153
411483.3.peg.594.site.73, 1, 149, 150
411483.3.peg.594.site.74, 126, 149, 275
411483.3.peg.594.site.75, 2, 146, 148
411483.3.peg.594.site.76, 1, 148, 149
411483.3.peg.594.site.77, 3, 148, 151
411483.3.peg.594.site.78, 0, 147, 147
411483.3.peg.594.site.79, 57, 140, 197
411483.3.peg.594.site.80, 1, 142, 143
411483.3.peg.594.site.81, 42, 133, 175
411483.3.peg.594.site.82, 2, 145, 147
411483.3.peg.594.site.83, 65, 146, 211
411483.3.peg.594.site.84, 2, 151, 153
411483.3.peg.594.site.85, 2, 152, 154
411483.3.peg.594.site.86, 0, 151, 151
411483.3.peg.594.site.87, 13, 150, 163
411483.3.peg.594.site.88, 1, 152, 153
411483.3.peg.594.site.89, 2, 150, 152
411483.3.peg.594.site.90, 5, 152, 157
411483.3.peg.592.site.1, 10, 148, 158
411483.3.peg.592.site.2, 4, 150, 154
411483.3.peg.592.site.3, 68, 139, 207
411483.3.peg.592.site.4, 1, 148, 149
411483.3.peg.592.site.5, 4, 149, 153
411483.3.peg.592.site.6, 6, 140, 146
411483.3.peg.592.site.7, 5, 144, 149
411483.3.peg.592.site.8, 2, 143, 145
411483.3.peg.592.site.9, 4, 142, 146
411483.3.peg.592.site.10, 0, 146, 146
411483.3.peg.592.site.11, 124, 138, 262
411483.3.peg.592.site.12, 2, 145, 147
411483.3.peg.592.site.13, 1, 148, 149
411483.3.peg.592.site.14, 28, 144, 172
411483.3.peg.592.site.15, 29, 136, 165
411483.3.peg.592.site.16, 1, 146, 147
411483.3.peg.592.site.17, 26, 145, 171
411483.3.peg.592.site.18, 11, 142, 153
411483.3.peg.592.site.19, 6, 145, 151
411483.3.peg.592.site.20, 5, 136, 141
411483.3.peg.592.site.21, 75, 123, 198
411483.3.peg.592.site.22, 32, 122, 154
411483.3.peg.592.site.23, 2, 124, 126
411483.3.peg.592.site.24, 83, 113, 196
411483.3.peg.592.site.25, 3, 132, 135
411483.3.peg.592.site.26, 3, 133, 136
411483.3.peg.592.site.27, 1, 142, 143
411483.3.peg.592.site.28, 1, 144, 145
411483.3.peg.592.site.29, 11, 147, 158
411483.3.peg.592.site.30, 19, 147, 166
411483.3.peg.592.site.31, 100, 144, 244
411483.3.peg.592.site.32, 4, 150, 154
411483.3.peg.592.site.33, 4, 150, 154
411483.3.peg.592.site.34, 1, 148, 149
411483.3.peg.592.site.35, 1, 148, 149
411483.3.peg.592.site.36, 140, 147, 287
411483.3.peg.592.site.37, 1, 150, 151
411483.3.peg.592.site.38, 4, 150, 154
411483.3.peg.592.site.39, 2, 150, 152
411483.3.peg.592.site.40, 0, 147, 147
411483.3.peg.592.site.41, 12, 145, 157
411483.3.peg.592.site.42, 3, 147, 150
411483.3.peg.592.site.43, 15, 146, 161
411483.3.peg.592.site.44, 1, 151, 152
411483.3.peg.592.site.45, 2, 147, 149
411483.3.peg.592.site.46, 18, 149, 167
411483.3.peg.592.site.47, 1, 150, 151
411483.3.peg.592.site.48, 0, 148, 148
411483.3.peg.592.site.49, 23, 147, 170
411483.3.peg.592.site.50, 26, 149, 175
411483.3.peg.592.site.51, 4, 151, 155
411483.3.peg.592.site.52, 4, 150, 154
411483.3.peg.592.site.53, 1, 148, 149
411483.3.peg.592.site.54, 5, 149, 154
411483.3.peg.592.site.55, 0, 150, 150
411483.3.peg.592.site.56, 2, 149, 151
411483.3.peg.592.site.57, 12, 148, 160
411483.3.peg.592.site.58, 1, 151, 152
411483.3.peg.592.site.59, 0, 149, 149
411483.3.peg.592.site.60, 5, 146, 151
411483.3.peg.592.site.61, 1, 135, 136
411483.3.peg.592.site.62, 0, 128, 128
411483.3.peg.592.site.63, 2, 133, 135
411483.3.peg.592.site.64, 2, 145, 147
411483.3.peg.592.site.65, 138, 144, 282
411483.3.peg.592.site.66, 64, 137, 201
411483.3.peg.592.site.67, 8, 136, 144
411483.3.peg.592.site.68, 3, 146, 149
411483.3.peg.592.site.69, 4, 146, 150
411483.3.peg.592.site.70, 3, 148, 151
411483.3.peg.592.site.71, 0, 151, 151
411483.3.peg.592.site.72, 2, 151, 153
411483.3.peg.592.site.73, 39, 144, 183
411483.3.peg.592.site.74, 1, 150, 151
411483.3.peg.592.site.75, 3, 151, 154
411483.3.peg.592.site.76, 1, 152, 153
411483.3.peg.593.site.1, 85, 141, 226
411483.3.peg.593.site.2, 8, 149, 157
411483.3.peg.593.site.3, 13, 146, 159
411483.3.peg.593.site.4, 8, 141, 149
411483.3.peg.593.site.5, 6, 139, 145
411483.3.peg.593.site.6, 8, 149, 157
411483.3.peg.593.site.7, 2, 138, 140
411483.3.peg.593.site.8, 5, 144, 149
411483.3.peg.593.site.9, 5, 144, 149
411483.3.peg.593.site.10, 3, 132, 135
411483.3.peg.593.site.11, 7, 139, 146
411483.3.peg.593.site.12, 4, 144, 148
411483.3.peg.593.site.13, 1, 144, 145
411483.3.peg.593.site.14, 11, 138, 149
411483.3.peg.593.site.15, 5, 140, 145
411483.3.peg.593.site.16, 0, 144, 144
411483.3.peg.593.site.17, 1, 146, 147
411483.3.peg.593.site.18, 3, 148, 151
411483.3.peg.593.site.19, 1, 150, 151
411483.3.peg.593.site.20, 11, 144, 155
411483.3.peg.593.site.21, 5, 148, 153
411483.3.peg.593.site.22, 45, 142, 187
411483.3.peg.593.site.23, 3, 149, 152
411483.3.peg.593.site.24, 65, 140, 205
411483.3.peg.593.site.25, 1, 148, 149
411483.3.peg.593.site.26, 37, 143, 180
411483.3.peg.593.site.27, 66, 143, 209
411483.3.peg.593.site.28, 0, 149, 149
411483.3.peg.593.site.29, 0, 150, 150
411483.3.peg.593.site.30, 3, 150, 153
411483.3.peg.593.site.31, 1, 149, 150
411483.3.peg.593.site.32, 3, 147, 150
411483.3.peg.593.site.33, 2, 148, 150
411483.3.peg.593.site.34, 1, 130, 131
411483.3.peg.593.site.35, 12, 142, 154
411483.3.peg.593.site.36, 4, 149, 153
411483.3.peg.593.site.37, 22, 144, 166
411483.3.peg.593.site.38, 2, 148, 150
411483.3.peg.593.site.39, 34, 145, 179
411483.3.peg.593.site.40, 89, 145, 234
411483.3.peg.593.site.41, 8, 151, 159
411483.3.peg.593.site.42, 0, 150, 150
411483.3.peg.593.site.43, 42, 145, 187
411483.3.peg.593.site.44, 21, 148, 169
411483.3.peg.593.site.45, 1, 151, 152
411483.3.peg.593.site.46, 0, 147, 147
411483.3.peg.593.site.47, 96, 140, 236
411483.3.peg.593.site.48, 1, 145, 146
411483.3.peg.593.site.49, 4, 148, 152
411483.3.peg.593.site.50, 22, 145, 167
411483.3.peg.593.site.51, 0, 151, 151
411483.3.peg.593.site.52, 17, 150, 167
411483.3.peg.593.site.53, 1, 151, 152
411483.3.peg.593.site.54, 2, 150, 152
411483.3.peg.593.site.55, 1, 151, 152
411483.3.peg.593.site.56, 1, 151, 152
411483.3.peg.593.site.57, 6, 150, 156
411483.3.peg.593.site.58, 35, 146, 181
411483.3.peg.593.site.59, 5, 149, 154
411483.3.peg.593.site.60, 6, 150, 156
411483.3.peg.593.site.61, 0, 149, 149
411483.3.peg.593.site.62, 6, 147, 153
411483.3.peg.593.site.63, 1, 147, 148
411483.3.peg.593.site.64, 6, 151, 157
411483.3.peg.593.site.65, 0, 149, 149
411483.3.peg.593.site.66, 3, 144, 147
411483.3.peg.593.site.67, 1, 151, 152
411483.3.peg.593.site.68, 13, 149, 162
411483.3.peg.593.site.69, 3, 151, 154
411483.3.peg.593.site.70, 11, 150, 161
411483.3.peg.593.site.71, 1, 152, 153
411483.3.peg.593.site.72, 0, 150, 150
411483.3.peg.844.site.1, 2, 139, 141
411483.3.peg.844.site.2, 11, 142, 153
411483.3.peg.844.site.3, 3, 148, 151
411483.3.peg.844.site.4, 3, 139, 142
411483.3.peg.844.site.5, 8, 139, 147
411483.3.peg.844.site.6, 2, 145, 147
411483.3.peg.844.site.7, 3, 131, 134
411483.3.peg.844.site.8, 9, 124, 133
411483.3.peg.844.site.9, 6, 133, 139
411483.3.peg.844.site.10, 3, 138, 141
411483.3.peg.844.site.11, 10, 140, 150
411483.3.peg.844.site.12, 4, 134, 138
411483.3.peg.844.site.13, 9, 134, 143
411483.3.peg.844.site.14, 0, 122, 122
411483.3.peg.844.site.15, 3, 129, 132
411483.3.peg.844.site.16, 0, 132, 132
411483.3.peg.844.site.17, 4, 129, 133
411483.3.peg.844.site.18, 0, 128, 128
411483.3.peg.844.site.19, 46, 121, 167
411483.3.peg.844.site.20, 0, 120, 120
411483.3.peg.844.site.21, 1, 123, 124
411483.3.peg.844.site.22, 41, 111, 152
411483.3.peg.844.site.23, 79, 107, 186
411483.3.peg.844.site.24, 2, 113, 115
411483.3.peg.844.site.25, 8, 112, 120
411483.3.peg.844.site.26, 9, 113, 122
411483.3.peg.844.site.27, 5, 115, 120
411483.3.peg.844.site.28, 7, 119, 126
411483.3.peg.844.site.29, 119, 121, 240
411483.3.peg.844.site.30, 3, 124, 127
411483.3.peg.844.site.31, 4, 130, 134
411483.3.peg.844.site.32, 6, 131, 137
411483.3.peg.844.site.33, 45, 130, 175
411483.3.peg.844.site.34, 1, 142, 143
411483.3.peg.844.site.35, 5, 152, 157
411483.3.peg.844.site.36, 12, 151, 163
411483.3.peg.844.site.37, 8, 150, 158
411483.3.peg.844.site.38, 17, 153, 170
411483.3.peg.844.site.39, 44, 142, 186
411483.3.peg.844.site.40, 7, 151, 158
411483.3.peg.844.site.41, 1, 151, 152
411483.3.peg.844.site.42, 8, 150, 158
411483.3.peg.844.site.43, 3, 152, 155
411483.3.peg.844.site.44, 1, 152, 153
411483.3.peg.844.site.45, 2, 148, 150
411483.3.peg.844.site.46, 10, 146, 156
411483.3.peg.844.site.47, 8, 149, 157
411483.3.peg.844.site.48, 1, 153, 154
411483.3.peg.844.site.49, 1, 150, 151
411483.3.peg.844.site.50, 5, 153, 158
411483.3.peg.844.site.51, 2, 149, 151
411483.3.peg.844.site.52, 6, 153, 159
411483.3.peg.844.site.53, 2, 153, 155
411483.3.peg.844.site.54, 58, 148, 206
411483.3.peg.844.site.55, 2, 154, 156
411483.3.peg.844.site.56, 2, 149, 151
411483.3.peg.844.site.57, 114, 146, 260
411483.3.peg.844.site.58, 2, 147, 149
411483.3.peg.844.site.59, 14, 148, 162
411483.3.peg.844.site.60, 3, 149, 152
411483.3.peg.844.site.61, 3, 146, 149
411483.3.peg.844.site.62, 3, 152, 155
411483.3.peg.844.site.63, 4, 143, 147
411483.3.peg.844.site.64, 37, 141, 178
411483.3.peg.844.site.65, 0, 151, 151
411483.3.peg.844.site.66, 2, 153, 155
411483.3.peg.844.site.67, 3, 152, 155
411483.3.peg.844.site.68, 12, 151, 163
411483.3.peg.844.site.69, 1, 152, 153
411483.3.peg.844.site.70, 10, 152, 162
411483.3.peg.844.site.71, 5, 148, 153
411483.3.peg.844.site.72, 2, 149, 151
411483.3.peg.59.site.1, 0, 146, 146
411483.3.peg.59.site.2, 9, 146, 155
411483.3.peg.59.site.3, 3, 153, 156
411483.3.peg.59.site.4, 2, 152, 154
411483.3.peg.59.site.5, 1, 151, 152
411483.3.peg.59.site.6, 2, 150, 152
411483.3.peg.59.site.7, 67, 139, 206
411483.3.peg.59.site.8, 3, 151, 154
411483.3.peg.59.site.9, 1, 150, 151
411483.3.peg.59.site.10, 3, 148, 151
411483.3.peg.59.site.11, 72, 133, 205
411483.3.peg.59.site.12, 1, 148, 149
411483.3.peg.59.site.13, 2, 146, 148
411483.3.peg.59.site.14, 4, 147, 151
411483.3.peg.59.site.15, 0, 151, 151
411483.3.peg.59.site.16, 2, 151, 153
411483.3.peg.59.site.17, 5, 149, 154
411483.3.peg.59.site.18, 4, 150, 154
411483.3.peg.59.site.19, 1, 149, 150
411483.3.peg.59.site.20, 4, 145, 149
411483.3.peg.59.site.21, 3, 149, 152
411483.3.peg.59.site.22, 4, 143, 147
411483.3.peg.59.site.23, 5, 150, 155
411483.3.peg.59.site.24, 8, 148, 156
411483.3.peg.59.site.25, 10, 145, 155
411483.3.peg.59.site.26, 5, 148, 153
411483.3.peg.59.site.27, 28, 144, 172
411483.3.peg.59.site.28, 1, 148, 149
411483.3.peg.59.site.29, 1, 141, 142
411483.3.peg.59.site.30, 7, 141, 148
411483.3.peg.59.site.31, 4, 141, 145
411483.3.peg.59.site.32, 2, 147, 149
411483.3.peg.59.site.33, 5, 142, 147
411483.3.peg.59.site.34, 1, 148, 149
411483.3.peg.59.site.35, 0, 146, 146
411483.3.peg.59.site.36, 6, 140, 146
411483.3.peg.59.site.37, 2, 140, 142
411483.3.peg.59.site.38, 4, 142, 146
411483.3.peg.59.site.39, 1, 137, 138
411483.3.peg.59.site.40, 12, 133, 145
411483.3.peg.59.site.41, 38, 130, 168
411483.3.peg.59.site.42, 1, 142, 143
411483.3.peg.59.site.43, 10, 135, 145
411483.3.peg.59.site.44, 11, 128, 139
411483.3.peg.59.site.45, 2, 135, 137
411483.3.peg.59.site.46, 0, 140, 140
411483.3.peg.59.site.47, 3, 131, 134
411483.3.peg.59.site.48, 48, 116, 164
411483.3.peg.59.site.49, 1, 137, 138
411483.3.peg.59.site.50, 2, 137, 139
411483.3.peg.59.site.51, 3, 139, 142
411483.3.peg.59.site.52, 2, 143, 145
411483.3.peg.59.site.53, 1, 141, 142
411483.3.peg.59.site.54, 3, 141, 144
411483.3.peg.59.site.55, 7, 137, 144
411483.3.peg.59.site.56, 10, 137, 147
411483.3.peg.59.site.57, 5, 137, 142
411483.3.peg.59.site.58, 10, 134, 144
411483.3.peg.59.site.59, 1, 140, 141
411483.3.peg.59.site.60, 0, 139, 139
411483.3.peg.59.site.61, 1, 141, 142
411483.3.peg.59.site.62, 9, 145, 154
411483.3.peg.59.site.63, 1, 145, 146
411483.3.peg.59.site.64, 1, 145, 146
411483.3.peg.59.site.65, 62, 136, 198
411483.3.peg.59.site.66, 2, 148, 150
411483.3.peg.59.site.67, 11, 145, 156
411483.3.peg.59.site.68, 77, 138, 215
411483.3.peg.59.site.69, 7, 146, 153
411483.3.peg.59.site.70, 1, 145, 146
411483.3.peg.59.site.71, 0, 149, 149
411483.3.peg.59.site.72, 2, 146, 148
411483.3.peg.59.site.73, 1, 144, 145
411483.3.peg.59.site.74, 1, 150, 151
411483.3.peg.59.site.75, 0, 146, 146
411483.3.peg.59.site.76, 2, 149, 151
411483.3.peg.59.site.77, 0, 142, 142
411483.3.peg.59.site.78, 2, 145, 147
411483.3.peg.59.site.79, 0, 145, 145
411483.3.peg.59.site.80, 1, 142, 143
411483.3.peg.59.site.81, 6, 139, 145
411483.3.peg.59.site.82, 1, 135, 136
411483.3.peg.59.site.83, 2, 131, 133
411483.3.peg.59.site.84, 3, 141, 144
411483.3.peg.59.site.85, 0, 133, 133
411483.3.peg.59.site.86, 3, 135, 138
411483.3.peg.59.site.87, 1, 140, 141
411483.3.peg.59.site.88, 12, 140, 152
411483.3.peg.59.site.89, 1, 144, 145
411483.3.peg.59.site.90, 2, 146, 148
411483.3.peg.59.site.91, 13, 144, 157
411483.3.peg.59.site.92, 12, 143, 155
411483.3.peg.59.site.93, 1, 147, 148
411483.3.peg.59.site.94, 1, 147, 148
411483.3.peg.59.site.95, 1, 150, 151
411483.3.peg.59.site.96, 1, 148, 149
411483.3.peg.59.site.97, 25, 128, 153
411483.3.peg.59.site.98, 2, 150, 152
411483.3.peg.934.site.1, 22, 140, 162
411483.3.peg.934.site.2, 1, 152, 153
411483.3.peg.934.site.3, 13, 144, 157
411483.3.peg.934.site.4, 2, 151, 153
411483.3.peg.934.site.5, 6, 150, 156
411483.3.peg.934.site.6, 2, 145, 147
411483.3.peg.934.site.7, 1, 149, 150
411483.3.peg.934.site.8, 9, 146, 155
411483.3.peg.934.site.9, 2, 146, 148
411483.3.peg.934.site.10, 1, 143, 144
411483.3.peg.934.site.11, 6, 143, 149
411483.3.peg.934.site.12, 46, 131, 177
411483.3.peg.934.site.13, 81, 126, 207
411483.3.peg.934.site.14, 1, 144, 145
411483.3.peg.934.site.15, 2, 149, 151
411483.3.peg.934.site.16, 1, 149, 150
411483.3.peg.934.site.17, 14, 142, 156
411483.3.peg.934.site.18, 118, 148, 266
411483.3.peg.934.site.19, 5, 148, 153
411483.3.peg.934.site.20, 103, 141, 244
411483.3.peg.934.site.21, 3, 154, 157
411483.3.peg.934.site.22, 3, 154, 157
411483.3.peg.934.site.23, 122, 145, 267
411483.3.peg.934.site.24, 1, 155, 156
411483.3.peg.934.site.25, 2, 153, 155
411483.3.peg.934.site.26, 10, 151, 161
411483.3.peg.934.site.27, 117, 145, 262
411483.3.peg.934.site.28, 2, 147, 149
411483.3.peg.934.site.29, 2, 148, 150
411483.3.peg.934.site.30, 2, 144, 146
411483.3.peg.934.site.31, 13, 150, 163
411483.3.peg.934.site.32, 11, 140, 151
411483.3.peg.934.site.33, 6, 143, 149
411483.3.peg.934.site.34, 9, 144, 153
411483.3.peg.934.site.35, 5, 149, 154
411483.3.peg.934.site.36, 16, 151, 167
411483.3.peg.934.site.37, 12, 150, 162
411483.3.peg.934.site.38, 11, 153, 164
411483.3.peg.934.site.39, 1, 147, 148
411483.3.peg.934.site.40, 12, 151, 163
411483.3.peg.2209.site.1, 3, 147, 150
411483.3.peg.2209.site.2, 0, 149, 149
411483.3.peg.2209.site.3, 1, 152, 153
411483.3.peg.2209.site.4, 1, 152, 153
411483.3.peg.2209.site.5, 4, 152, 156
411483.3.peg.2209.site.6, 0, 155, 155
411483.3.peg.2209.site.7, 3, 151, 154
411483.3.peg.2209.site.8, 1, 154, 155
411483.3.peg.2209.site.9, 1, 151, 152
411483.3.peg.2209.site.10, 1, 150, 151
411483.3.peg.2209.site.11, 11, 148, 159
411483.3.peg.2209.site.12, 1, 153, 154
411483.3.peg.2209.site.13, 4, 151, 155
411483.3.peg.2209.site.14, 28, 146, 174
411483.3.peg.2209.site.15, 80, 142, 222
411483.3.peg.2209.site.16, 5, 153, 158
411483.3.peg.2209.site.17, 0, 155, 155
411483.3.peg.2209.site.18, 5, 152, 157
411483.3.peg.2209.site.19, 0, 154, 154
411483.3.peg.2209.site.20, 136, 147, 283
411483.3.peg.2209.site.21, 1, 153, 154
411483.3.peg.2209.site.22, 3, 152, 155
411483.3.peg.2209.site.23, 4, 154, 158
411483.3.peg.2209.site.24, 0, 153, 153
411483.3.peg.2209.site.25, 3, 154, 157
411483.3.peg.2209.site.26, 138, 149, 287
411483.3.peg.2209.site.27, 2, 153, 155
411483.3.peg.2209.site.28, 12, 147, 159
411483.3.peg.2209.site.29, 8, 154, 162
411483.3.peg.2209.site.30, 9, 155, 164
411483.3.peg.2209.site.31, 1, 155, 156
411483.3.peg.2209.site.32, 7, 155, 162
411483.3.peg.2209.site.33, 1, 155, 156
411483.3.peg.2209.site.34, 3, 153, 156
411483.3.peg.2755.site.1, 3, 151, 154
411483.3.peg.2755.site.2, 2, 148, 150
411483.3.peg.2755.site.3, 3, 153, 156
411483.3.peg.2755.site.4, 4, 154, 158
411483.3.peg.2755.site.5, 8, 148, 156
411483.3.peg.2755.site.6, 9, 152, 161
411483.3.peg.2755.site.7, 1, 155, 156
411483.3.peg.2755.site.8, 2, 154, 156
411483.3.peg.2755.site.9, 5, 150, 155
411483.3.peg.2755.site.10, 9, 153, 162
411483.3.peg.2755.site.11, 10, 152, 162
411483.3.peg.2755.site.12, 1, 152, 153
411483.3.peg.2755.site.13, 146, 147, 293
411483.3.peg.2755.site.14, 2, 142, 144
411483.3.peg.2755.site.15, 4, 141, 145
411483.3.peg.2755.site.16, 10, 135, 145
411483.3.peg.2755.site.17, 12, 129, 141
411483.3.peg.2755.site.18, 4, 118, 122
411483.3.peg.2755.site.19, 1, 126, 127
411483.3.peg.2755.site.20, 4, 104, 108
411483.3.peg.2755.site.21, 7, 97, 104
411483.3.peg.2755.site.22, 42, 42, 84
411483.3.peg.2755.site.23, 10, 38, 48
411483.3.peg.2755.site.24, 4, 22, 26
411483.3.peg.2755.site.25, 4, 23, 27
411483.3.peg.2755.site.26, 90, 111, 201
411483.3.peg.2755.site.27, 90, 108, 198
411483.3.peg.2755.site.28, 2, 147, 149
411483.3.peg.2755.site.29, 3, 153, 156
411483.3.peg.2755.site.30, 10, 153, 163
411483.3.peg.2755.site.31, 16, 149, 165
411483.3.peg.2755.site.32, 1, 155, 156
411483.3.peg.937.site.1, 9, 151, 160
411483.3.peg.937.site.2, 6, 143, 149
411483.3.peg.937.site.3, 24, 146, 170
411483.3.peg.937.site.4, 3, 151, 154
411483.3.peg.937.site.5, 3, 147, 150
411483.3.peg.937.site.6, 2, 147, 149
411483.3.peg.937.site.7, 5, 150, 155
411483.3.peg.937.site.8, 1, 144, 145
411483.3.peg.937.site.9, 1, 148, 149
411483.3.peg.937.site.10, 88, 140, 228
411483.3.peg.937.site.11, 6, 150, 156
411483.3.peg.937.site.12, 11, 142, 153
411483.3.peg.937.site.13, 61, 133, 194
411483.3.peg.937.site.14, 5, 144, 149
411483.3.peg.937.site.15, 7, 152, 159
411483.3.peg.937.site.16, 7, 154, 161
411483.3.peg.937.site.17, 0, 153, 153
411483.3.peg.937.site.18, 0, 153, 153
411483.3.peg.937.site.19, 1, 152, 153
411483.3.peg.937.site.20, 1, 151, 152
411483.3.peg.937.site.21, 9, 151, 160
411483.3.peg.937.site.22, 3, 151, 154
411483.3.peg.937.site.23, 5, 152, 157
411483.3.peg.937.site.24, 0, 147, 147
411483.3.peg.937.site.25, 5, 147, 152
411483.3.peg.937.site.26, 40, 143, 183
411483.3.peg.937.site.27, 55, 138, 193
411483.3.peg.937.site.28, 2, 140, 142
411483.3.peg.937.site.29, 1, 134, 135
411483.3.peg.937.site.30, 52, 127, 179
411483.3.peg.937.site.31, 13, 138, 151
411483.3.peg.937.site.32, 1, 136, 137
411483.3.peg.937.site.33, 3, 131, 134
411483.3.peg.937.site.34, 1, 136, 137
411483.3.peg.937.site.35, 4, 139, 143
411483.3.peg.937.site.36, 5, 145, 150
411483.3.peg.937.site.37, 6, 147, 153
411483.3.peg.937.site.38, 4, 149, 153
411483.3.peg.937.site.39, 1, 150, 151
411483.3.peg.937.site.40, 2, 151, 153
411483.3.peg.937.site.41, 3, 152, 155
411483.3.peg.937.site.42, 1, 154, 155
411483.3.peg.937.site.43, 4, 153, 157
411483.3.peg.937.site.44, 64, 143, 207
411483.3.peg.937.site.45, 7, 152, 159
411483.3.peg.937.site.46, 11, 148, 159
411483.3.peg.2753.site.1, 0, 154, 154
411483.3.peg.2753.site.2, 16, 147, 163
411483.3.peg.2753.site.3, 0, 154, 154
411483.3.peg.2753.site.4, 5, 154, 159
411483.3.peg.2753.site.5, 2, 154, 156
411483.3.peg.2753.site.6, 0, 150, 150
411483.3.peg.2753.site.7, 2, 153, 155
411483.3.peg.2753.site.8, 0, 153, 153
411483.3.peg.2753.site.9, 2, 152, 154
411483.3.peg.2753.site.10, 0, 155, 155
411483.3.peg.2753.site.11, 0, 151, 151
411483.3.peg.2753.site.12, 0, 154, 154
411483.3.peg.2753.site.13, 11, 149, 160
411483.3.peg.2753.site.14, 5, 151, 156
411483.3.peg.2753.site.15, 5, 147, 152
411483.3.peg.2753.site.16, 7, 144, 151
411483.3.peg.2753.site.17, 0, 151, 151
411483.3.peg.2753.site.18, 6, 153, 159
411483.3.peg.2753.site.19, 7, 148, 155
411483.3.peg.2753.site.20, 2, 152, 154
411483.3.peg.2753.site.21, 1, 149, 150
411483.3.peg.2753.site.22, 6, 144, 150
411483.3.peg.2753.site.23, 3, 142, 145
411483.3.peg.2753.site.24, 0, 145, 145
411483.3.peg.2753.site.25, 3, 147, 150
411483.3.peg.2753.site.26, 0, 149, 149
411483.3.peg.2753.site.27, 0, 151, 151
411483.3.peg.2753.site.28, 1, 153, 154
411483.3.peg.2753.site.29, 1, 150, 151
411483.3.peg.2753.site.30, 21, 145, 166
411483.3.peg.2753.site.31, 9, 153, 162
411483.3.peg.2752.site.1, 4, 153, 157
411483.3.peg.2752.site.2, 0, 153, 153
411483.3.peg.2752.site.3, 0, 153, 153
411483.3.peg.2752.site.4, 2, 151, 153
411483.3.peg.2752.site.5, 3, 153, 156
411483.3.peg.2752.site.6, 2, 149, 151
411483.3.peg.2752.site.7, 41, 137, 178
411483.3.peg.2752.site.8, 1, 155, 156
411483.3.peg.2752.site.9, 6, 155, 161
411483.3.peg.2752.site.10, 2, 152, 154
411483.3.peg.2752.site.11, 4, 155, 159
411483.3.peg.2752.site.12, 0, 154, 154
411483.3.peg.2752.site.13, 2, 151, 153
411483.3.peg.2752.site.14, 76, 140, 216
411483.3.peg.2752.site.15, 6, 152, 158
411483.3.peg.2752.site.16, 1, 152, 153
411483.3.peg.2752.site.17, 1, 154, 155
411483.3.peg.2752.site.18, 5, 155, 160
411483.3.peg.2752.site.19, 6, 150, 156
411483.3.peg.2752.site.20, 1, 155, 156
411483.3.peg.2752.site.21, 33, 148, 181
411483.3.peg.2752.site.22, 1, 155, 156
411483.3.peg.2752.site.23, 2, 154, 156
411483.3.peg.2752.site.24, 2, 155, 157
411483.3.peg.2752.site.25, 1, 155, 156
411483.3.peg.2752.site.26, 0, 153, 153
411483.3.peg.2752.site.27, 32, 148, 180
411483.3.peg.2752.site.28, 5, 154, 159
411483.3.peg.2752.site.29, 0, 155, 155
411483.3.peg.2752.site.30, 15, 149, 164
411483.3.peg.2752.site.31, 29, 149, 178
411483.3.peg.2751.site.1, 3, 155, 158
411483.3.peg.2751.site.2, 3, 155, 158
411483.3.peg.2751.site.3, 2, 154, 156
411483.3.peg.2751.site.4, 4, 153, 157
411483.3.peg.2751.site.5, 0, 154, 154
411483.3.peg.2751.site.6, 0, 155, 155
411483.3.peg.2751.site.7, 5, 153, 158
411483.3.peg.2751.site.8, 0, 155, 155
411483.3.peg.2751.site.9, 30, 143, 173
411483.3.peg.2751.site.10, 12, 153, 165
411483.3.peg.2751.site.11, 1, 154, 155
411483.3.peg.2751.site.12, 10, 152, 162
411483.3.peg.2751.site.13, 1, 154, 155
411483.3.peg.2751.site.14, 1, 150, 151
411483.3.peg.2751.site.15, 2, 151, 153
411483.3.peg.2751.site.16, 6, 153, 159
411483.3.peg.2751.site.17, 1, 152, 153
411483.3.peg.2751.site.18, 0, 148, 148
411483.3.peg.2751.site.19, 4, 149, 153
411483.3.peg.2751.site.20, 0, 146, 146
411483.3.peg.2751.site.21, 3, 149, 152
411483.3.peg.2751.site.22, 91, 135, 226
411483.3.peg.2751.site.23, 1, 126, 127
411483.3.peg.2751.site.24, 1, 131, 132
411483.3.peg.2751.site.25, 0, 135, 135
411483.3.peg.2751.site.26, 9, 140, 149
411483.3.peg.2751.site.27, 0, 129, 129
411483.3.peg.2751.site.28, 0, 139, 139
411483.3.peg.2751.site.29, 1, 139, 140
411483.3.peg.2751.site.30, 0, 134, 134
411483.3.peg.2751.site.31, 1, 143, 144
411483.3.peg.2751.site.32, 2, 146, 148
411483.3.peg.2751.site.33, 12, 137, 149
411483.3.peg.2751.site.34, 0, 133, 133
411483.3.peg.2751.site.35, 0, 133, 133
411483.3.peg.2751.site.36, 16, 141, 157
411483.3.peg.2751.site.37, 1, 144, 145
411483.3.peg.2751.site.38, 1, 146, 147
411483.3.peg.2751.site.39, 0, 128, 128
411483.3.peg.2751.site.40, 2, 96, 98
411483.3.peg.2751.site.41, 0, 125, 125
411483.3.peg.2751.site.42, 1, 112, 113
411483.3.peg.2751.site.43, 1, 131, 132
411483.3.peg.2751.site.44, 9, 136, 145
411483.3.peg.2751.site.45, 89, 138, 227
411483.3.peg.2751.site.46, 28, 142, 170
411483.3.peg.2751.site.47, 4, 131, 135
411483.3.peg.2751.site.48, 1, 131, 132
411483.3.peg.2751.site.49, 1, 121, 122
411483.3.peg.2751.site.50, 50, 123, 173
411483.3.peg.2751.site.51, 2, 148, 150
411483.3.peg.2751.site.52, 5, 151, 156
411483.3.peg.2751.site.53, 2, 153, 155
411483.3.peg.2751.site.54, 2, 153, 155
411483.3.peg.2751.site.55, 6, 150, 156
411483.3.peg.2751.site.56, 13, 148, 161
411483.3.peg.2751.site.57, 3, 151, 154
411483.3.peg.2751.site.58, 4, 148, 152
411483.3.peg.2751.site.59, 1, 149, 150
411483.3.peg.2751.site.60, 5, 144, 149
411483.3.peg.2751.site.61, 15, 148, 163
411483.3.peg.2751.site.62, 129, 145, 274
411483.3.peg.2751.site.63, 4, 148, 152
411483.3.peg.2751.site.64, 1, 152, 153
411483.3.peg.2751.site.65, 1, 153, 154
411483.3.peg.2751.site.66, 97, 140, 237
411483.3.peg.2751.site.67, 0, 153, 153
411483.3.peg.2751.site.68, 1, 149, 150
411483.3.peg.2751.site.69, 23, 145, 168
411483.3.peg.2751.site.70, 3, 153, 156
411483.3.peg.2751.site.71, 2, 152, 154
411483.3.peg.2751.site.72, 2, 152, 154
411483.3.peg.2751.site.73, 3, 153, 156
411483.3.peg.2751.site.74, 3, 154, 157
411483.3.peg.2751.site.75, 3, 154, 157
411483.3.peg.2751.site.76, 6, 151, 157
411483.3.peg.2751.site.77, 2, 150, 152
411483.3.peg.2751.site.78, 8, 153, 161
411483.3.peg.2751.site.79, 5, 152, 157
411483.3.peg.2751.site.80, 4, 153, 157
411483.3.peg.2751.site.81, 3, 154, 157
411483.3.peg.2751.site.82, 4, 151, 155
411483.3.peg.2751.site.83, 2, 155, 157
411483.3.peg.2751.site.84, 1, 155, 156
411483.3.peg.2751.site.85, 4, 153, 157
411483.3.peg.2751.site.86, 5, 153, 158
411483.3.peg.2751.site.87, 1, 152, 153
411483.3.peg.2751.site.88, 12, 151, 163
411483.3.peg.2751.site.89, 1, 149, 150
411483.3.peg.2751.site.90, 2, 151, 153
411483.3.peg.2751.site.91, 94, 140, 234
411483.3.peg.2751.site.92, 1, 152, 153
411483.3.peg.2751.site.93, 7, 149, 156
411483.3.peg.2751.site.94, 5, 154, 159
411483.3.peg.2751.site.95, 2, 146, 148
411483.3.peg.2751.site.96, 1, 153, 154
411483.3.peg.2751.site.97, 5, 152, 157
411483.3.peg.2751.site.98, 8, 150, 158
411483.3.peg.2751.site.99, 4, 151, 155
411483.3.peg.2751.site.100, 18, 150, 168
411483.3.peg.2751.site.101, 18, 144, 162
411483.3.peg.2751.site.102, 23, 123, 146
411483.3.peg.2751.site.103, 8, 106, 114
411483.3.peg.2751.site.104, 0, 127, 127
411483.3.peg.2751.site.105, 0, 128, 128
411483.3.peg.2751.site.106, 7, 132, 139
411483.3.peg.2751.site.107, 4, 136, 140
411483.3.peg.2751.site.108, 11, 127, 138
411483.3.peg.2751.site.109, 11, 138, 149
411483.3.peg.2751.site.110, 1, 142, 143
411483.3.peg.2751.site.111, 10, 138, 148
411483.3.peg.2751.site.112, 5, 148, 153
411483.3.peg.2751.site.113, 1, 150, 151
411483.3.peg.2751.site.114, 3, 150, 153
411483.3.peg.2751.site.115, 38, 144, 182
411483.3.peg.2751.site.116, 64, 138, 202
411483.3.peg.2751.site.117, 2, 152, 154
411483.3.peg.2750.site.1, 0, 155, 155
411483.3.peg.2750.site.2, 3, 153, 156
411483.3.peg.2750.site.3, 10, 150, 160
411483.3.peg.2750.site.4, 4, 152, 156
411483.3.peg.2750.site.5, 3, 154, 157
411483.3.peg.2750.site.6, 0, 154, 154
411483.3.peg.2750.site.7, 6, 149, 155
411483.3.peg.2750.site.8, 12, 149, 161
411483.3.peg.2750.site.9, 3, 153, 156
411483.3.peg.2750.site.10, 1, 154, 155
411483.3.peg.2750.site.11, 6, 153, 159
411483.3.peg.2750.site.12, 5, 148, 153
411483.3.peg.2750.site.13, 6, 150, 156
411483.3.peg.2750.site.14, 1, 152, 153
411483.3.peg.2750.site.15, 16, 151, 167
411483.3.peg.2750.site.16, 2, 152, 154
411483.3.peg.2750.site.17, 5, 148, 153
411483.3.peg.2750.site.18, 15, 154, 169
411483.3.peg.2750.site.19, 4, 147, 151
411483.3.peg.2750.site.20, 2, 152, 154
411483.3.peg.2750.site.21, 0, 150, 150
411483.3.peg.2750.site.22, 1, 153, 154
411483.3.peg.2750.site.23, 0, 150, 150
411483.3.peg.2750.site.24, 0, 151, 151
411483.3.peg.2750.site.25, 2, 149, 151
411483.3.peg.2750.site.26, 6, 148, 154
411483.3.peg.2750.site.27, 2, 150, 152
411483.3.peg.2750.site.28, 4, 152, 156
411483.3.peg.2750.site.29, 3, 152, 155
411483.3.peg.2750.site.30, 0, 153, 153
411483.3.peg.2750.site.31, 3, 154, 157
411483.3.peg.2750.site.32, 0, 154, 154
411483.3.peg.2750.site.33, 85, 144, 229
411483.3.peg.2750.site.34, 81, 143, 224
411483.3.peg.2750.site.35, 6, 152, 158
411483.3.peg.2750.site.36, 1, 152, 153
411483.3.peg.2750.site.37, 1, 153, 154
411483.3.peg.2750.site.38, 12, 144, 156
411483.3.peg.2750.site.39, 1, 153, 154
411483.3.peg.2750.site.40, 0, 151, 151
411483.3.peg.2750.site.41, 2, 147, 149
411483.3.peg.2750.site.42, 0, 150, 150
411483.3.peg.2750.site.43, 2, 149, 151
411483.3.peg.2750.site.44, 7, 154, 161
411483.3.peg.2750.site.45, 1, 155, 156
411483.3.peg.2750.site.46, 1, 154, 155
411483.3.peg.2750.site.47, 1, 154, 155
411483.3.peg.2750.site.48, 0, 155, 155
411483.3.peg.2750.site.49, 0, 154, 154
411483.3.peg.2750.site.50, 5, 153, 158
411483.3.peg.2750.site.51, 9, 153, 162
411483.3.peg.2750.site.52, 133, 147, 280
411483.3.peg.2750.site.53, 1, 154, 155
411483.3.peg.2750.site.54, 5, 154, 159
411483.3.peg.2750.site.55, 9, 151, 160
411483.3.peg.2750.site.56, 5, 153, 158
411483.3.peg.2750.site.57, 4, 155, 159
411483.3.peg.2750.site.58, 3, 155, 158
411483.3.peg.2750.site.59, 11, 153, 164
411483.3.peg.2750.site.60, 41, 147, 188
411483.3.peg.2750.site.61, 3, 155, 158
411483.3.peg.2750.site.62, 3, 154, 157
411483.3.peg.2750.site.63, 1, 152, 153
411483.3.peg.2750.site.64, 2, 154, 156
411483.3.peg.2750.site.65, 7, 153, 160
411483.3.peg.2750.site.66, 13, 152, 165
411483.3.peg.2750.site.67, 1, 153, 154
411483.3.peg.2750.site.68, 3, 152, 155
411483.3.peg.2200.site.1, 2, 105, 107
411483.3.peg.2200.site.2, 1, 111, 112
411483.3.peg.2200.site.3, 3, 111, 114
411483.3.peg.2200.site.4, 2, 146, 148
411483.3.peg.2200.site.5, 1, 152, 153
411483.3.peg.2200.site.6, 1, 151, 152
411483.3.peg.2200.site.7, 2, 152, 154
411483.3.peg.2200.site.8, 0, 149, 149
411483.3.peg.2200.site.9, 24, 142, 166
411483.3.peg.2200.site.10, 5, 150, 155
411483.3.peg.2200.site.11, 9, 145, 154
411483.3.peg.2200.site.12, 3, 151, 154
411483.3.peg.2200.site.13, 4, 150, 154
411483.3.peg.2200.site.14, 0, 149, 149
411483.3.peg.2200.site.15, 3, 153, 156
411483.3.peg.2200.site.16, 1, 149, 150
411483.3.peg.2200.site.17, 0, 152, 152
411483.3.peg.2200.site.18, 16, 145, 161
411483.3.peg.2200.site.19, 3, 139, 142
411483.3.peg.2200.site.20, 1, 139, 140
411483.3.peg.2200.site.21, 1, 138, 139
411483.3.peg.2200.site.22, 0, 136, 136
411483.3.peg.2200.site.23, 1, 130, 131
411483.3.peg.2200.site.24, 1, 132, 133
411483.3.peg.2200.site.25, 101, 124, 225
411483.3.peg.2200.site.26, 1, 118, 119
411483.3.peg.2200.site.27, 0, 125, 125
411483.3.peg.2200.site.28, 1, 126, 127
411483.3.peg.2200.site.29, 6, 132, 138
411483.3.peg.2200.site.30, 32, 125, 157
411483.3.peg.2200.site.31, 16, 129, 145
411483.3.peg.2200.site.32, 5, 138, 143
411483.3.peg.2200.site.33, 11, 134, 145
411483.3.peg.2200.site.34, 11, 141, 152
411483.3.peg.2200.site.35, 29, 130, 159
411483.3.peg.2200.site.36, 47, 123, 170
411483.3.peg.2200.site.37, 1, 138, 139
411483.3.peg.2200.site.38, 3, 133, 136
411483.3.peg.2200.site.39, 1, 138, 139
411483.3.peg.2200.site.40, 0, 135, 135
411483.3.peg.2200.site.41, 3, 136, 139
411483.3.peg.2200.site.42, 2, 139, 141
411483.3.peg.2200.site.43, 0, 143, 143
411483.3.peg.2200.site.44, 1, 145, 146
411483.3.peg.2200.site.45, 26, 140, 166
411483.3.peg.2200.site.46, 2, 147, 149
411483.3.peg.2200.site.47, 50, 133, 183
411483.3.peg.2200.site.48, 33, 139, 172
411483.3.peg.2200.site.49, 12, 141, 153
411483.3.peg.2200.site.50, 0, 148, 148
411483.3.peg.2200.site.51, 21, 140, 161
411483.3.peg.2200.site.52, 5, 151, 156
411483.3.peg.2200.site.53, 13, 149, 162
411483.3.peg.2200.site.54, 3, 154, 157
411483.3.peg.2200.site.55, 4, 146, 150
411483.3.peg.2200.site.56, 1, 151, 152
411483.3.peg.2200.site.57, 1, 148, 149
411483.3.peg.2200.site.58, 5, 150, 155
411483.3.peg.2200.site.59, 2, 153, 155
411483.3.peg.2200.site.60, 44, 146, 190
411483.3.peg.2200.site.61, 1, 154, 155
411483.3.peg.2200.site.62, 7, 154, 161
411483.3.peg.2200.site.63, 4, 155, 159
411483.3.peg.2200.site.64, 1, 155, 156
411483.3.peg.2200.site.65, 0, 153, 153
411483.3.peg.2200.site.66, 5, 149, 154
411483.3.peg.2200.site.67, 0, 150, 150
411483.3.peg.2200.site.68, 1, 143, 144
411483.3.peg.2200.site.69, 2, 142, 144
411483.3.peg.2200.site.70, 3, 144, 147
411483.3.peg.2203.site.1, 1, 144, 145
411483.3.peg.2203.site.2, 74, 143, 217
411483.3.peg.2203.site.3, 0, 151, 151
411483.3.peg.2203.site.4, 1, 149, 150
411483.3.peg.2203.site.5, 8, 144, 152
411483.3.peg.2203.site.6, 29, 144, 173
411483.3.peg.2203.site.7, 15, 142, 157
411483.3.peg.2203.site.8, 1, 151, 152
411483.3.peg.2203.site.9, 1, 149, 150
411483.3.peg.2203.site.10, 2, 153, 155
411483.3.peg.2203.site.11, 4, 143, 147
411483.3.peg.2203.site.12, 2, 141, 143
411483.3.peg.2203.site.13, 1, 145, 146
411483.3.peg.2203.site.14, 106, 133, 239
411483.3.peg.2203.site.15, 2, 138, 140
411483.3.peg.2203.site.16, 2, 137, 139
411483.3.peg.2203.site.17, 3, 122, 125
411483.3.peg.2203.site.18, 9, 115, 124
411483.3.peg.2203.site.19, 96, 96, 192
411483.3.peg.2203.site.20, 5, 107, 112
411483.3.peg.2203.site.21, 2, 112, 114
411483.3.peg.2203.site.22, 100, 106, 206
411483.3.peg.2203.site.23, 11, 108, 119
411483.3.peg.2203.site.24, 6, 125, 131
411483.3.peg.2203.site.25, 119, 127, 246
411483.3.peg.2203.site.26, 8, 130, 138
411483.3.peg.2203.site.27, 3, 145, 148
411483.3.peg.2203.site.28, 30, 143, 173
411483.3.peg.2203.site.29, 5, 147, 152
411483.3.peg.2203.site.30, 1, 149, 150
411483.3.peg.2203.site.31, 3, 152, 155
411483.3.peg.2203.site.32, 1, 152, 153
411483.3.peg.2203.site.33, 21, 150, 171
411483.3.peg.2203.site.34, 3, 146, 149
411483.3.peg.2203.site.35, 9, 146, 155
411483.3.peg.2203.site.36, 1, 153, 154
411483.3.peg.2203.site.37, 0, 150, 150
411483.3.peg.2203.site.38, 4, 155, 159
411483.3.peg.2203.site.39, 2, 152, 154
411483.3.peg.2203.site.40, 3, 149, 152
411483.3.peg.2203.site.41, 5, 154, 159
411483.3.peg.2203.site.42, 0, 148, 148
411483.3.peg.2202.site.1, 0, 151, 151
411483.3.peg.2202.site.2, 0, 152, 152
411483.3.peg.2202.site.3, 4, 149, 153
411483.3.peg.2202.site.4, 1, 149, 150
411483.3.peg.2202.site.5, 35, 140, 175
411483.3.peg.2202.site.6, 62, 135, 197
411483.3.peg.2202.site.7, 1, 136, 137
411483.3.peg.2202.site.8, 72, 114, 186
411483.3.peg.2202.site.9, 8, 129, 137
411483.3.peg.2202.site.10, 1, 134, 135
411483.3.peg.2202.site.11, 1, 132, 133
411483.3.peg.2202.site.12, 4, 120, 124
411483.3.peg.2202.site.13, 3, 127, 130
411483.3.peg.2202.site.14, 2, 126, 128
411483.3.peg.2202.site.15, 16, 146, 162
411483.3.peg.2202.site.16, 7, 141, 148
411483.3.peg.2202.site.17, 3, 147, 150
411483.3.peg.2202.site.18, 1, 152, 153
411483.3.peg.2202.site.19, 116, 143, 259
411483.3.peg.2202.site.20, 0, 151, 151
411483.3.peg.2202.site.21, 0, 152, 152
411483.3.peg.2202.site.22, 1, 150, 151
411483.3.peg.2202.site.23, 0, 150, 150
411483.3.peg.2202.site.24, 53, 140, 193
411483.3.peg.2202.site.25, 0, 144, 144
411483.3.peg.2202.site.26, 102, 135, 237
411483.3.peg.2202.site.27, 23, 139, 162
411483.3.peg.2202.site.28, 17, 137, 154
411483.3.peg.2202.site.29, 12, 140, 152
411483.3.peg.2202.site.30, 10, 138, 148
411483.3.peg.2202.site.31, 3, 145, 148
411483.3.peg.2202.site.32, 20, 142, 162
411483.3.peg.2202.site.33, 0, 145, 145
411483.3.peg.2202.site.34, 0, 146, 146
411483.3.peg.2202.site.35, 30, 139, 169
411483.3.peg.2202.site.36, 49, 137, 186
411483.3.peg.2202.site.37, 1, 149, 150
411483.3.peg.2202.site.38, 2, 152, 154
411483.3.peg.2202.site.39, 100, 142, 242
411483.3.peg.2202.site.40, 2, 153, 155
411483.3.peg.2202.site.41, 85, 140, 225
411483.3.peg.2202.site.42, 1, 154, 155
411483.3.peg.2202.site.43, 2, 153, 155
411483.3.peg.2202.site.44, 3, 154, 157
411483.3.peg.2202.site.45, 7, 154, 161
411483.3.peg.2202.site.46, 1, 154, 155
411483.3.peg.2202.site.47, 1, 154, 155
411483.3.peg.2202.site.48, 2, 149, 151
411483.3.peg.2202.site.49, 11, 148, 159
411483.3.peg.2202.site.50, 0, 146, 146
411483.3.peg.2202.site.51, 7, 147, 154
411483.3.peg.2202.site.52, 53, 141, 194
411483.3.peg.2202.site.53, 3, 145, 148
411483.3.peg.2202.site.54, 3, 137, 140
411483.3.peg.2202.site.55, 1, 149, 150
411483.3.peg.2202.site.56, 8, 142, 150
411483.3.peg.2202.site.57, 121, 138, 259
411483.3.peg.2202.site.58, 3, 124, 127
411483.3.peg.2205.site.1, 4, 154, 158
411483.3.peg.2205.site.2, 2, 155, 157
411483.3.peg.2205.site.3, 17, 149, 166
411483.3.peg.2205.site.4, 9, 155, 164
411483.3.peg.2205.site.5, 12, 148, 160
411483.3.peg.2205.site.6, 0, 154, 154
411483.3.peg.2205.site.7, 1, 153, 154
411483.3.peg.2205.site.8, 4, 153, 157
411483.3.peg.2205.site.9, 90, 144, 234
411483.3.peg.2205.site.10, 9, 146, 155
411483.3.peg.2205.site.11, 0, 153, 153
411483.3.peg.2205.site.12, 106, 144, 250
411483.3.peg.2205.site.13, 7, 147, 154
411483.3.peg.2205.site.14, 6, 152, 158
411483.3.peg.2205.site.15, 0, 153, 153
411483.3.peg.2205.site.16, 1, 150, 151
411483.3.peg.2205.site.17, 7, 151, 158
411483.3.peg.2205.site.18, 6, 149, 155
411483.3.peg.2205.site.19, 0, 151, 151
411483.3.peg.2205.site.20, 4, 149, 153
411483.3.peg.2205.site.21, 1, 150, 151
411483.3.peg.2205.site.22, 1, 148, 149
411483.3.peg.2205.site.23, 1, 147, 148
411483.3.peg.2205.site.24, 4, 140, 144
411483.3.peg.2205.site.25, 4, 134, 138
411483.3.peg.2205.site.26, 4, 126, 130
411483.3.peg.2205.site.27, 1, 147, 148
411483.3.peg.2205.site.28, 0, 128, 128
411483.3.peg.2205.site.29, 0, 128, 128
411483.3.peg.2205.site.30, 5, 128, 133
411483.3.peg.2205.site.31, 1, 134, 135
411483.3.peg.2205.site.32, 4, 135, 139
411483.3.peg.2205.site.33, 28, 133, 161
411483.3.peg.2205.site.34, 1, 149, 150
411483.3.peg.2205.site.35, 2, 142, 144
411483.3.peg.2205.site.36, 2, 145, 147
411483.3.peg.2205.site.37, 1, 145, 146
411483.3.peg.2205.site.38, 4, 143, 147
411483.3.peg.2205.site.39, 1, 129, 130
411483.3.peg.2205.site.40, 2, 135, 137
411483.3.peg.2205.site.41, 3, 148, 151
411483.3.peg.2205.site.42, 4, 139, 143
411483.3.peg.2205.site.43, 2, 130, 132
411483.3.peg.2205.site.44, 4, 130, 134
411483.3.peg.2205.site.45, 1, 134, 135
411483.3.peg.2205.site.46, 137, 137, 274
411483.3.peg.2205.site.47, 0, 140, 140
411483.3.peg.2205.site.48, 2, 151, 153
411483.3.peg.2205.site.49, 2, 153, 155
411483.3.peg.2205.site.50, 4, 151, 155
411483.3.peg.2205.site.51, 1, 155, 156
411483.3.peg.2205.site.52, 18, 150, 168
411483.3.peg.2205.site.53, 1, 150, 151
411483.3.peg.2205.site.54, 2, 152, 154
411483.3.peg.2205.site.55, 1, 149, 150
411483.3.peg.2205.site.56, 6, 150, 156
411483.3.peg.2205.site.57, 2, 150, 152
411483.3.peg.2205.site.58, 154, 154, 308
411483.3.peg.2205.site.59, 18, 148, 166
411483.3.peg.2205.site.60, 3, 153, 156
411483.3.peg.2205.site.61, 4, 155, 159
411483.3.peg.2205.site.62, 6, 152, 158
411483.3.peg.2205.site.63, 1, 154, 155
411483.3.peg.2205.site.64, 6, 154, 160
411483.3.peg.2205.site.65, 1, 155, 156
411483.3.peg.2205.site.66, 106, 142, 248
411483.3.peg.2205.site.67, 8, 154, 162
411483.3.peg.2205.site.68, 5, 155, 160
411483.3.peg.2205.site.69, 1, 153, 154
411483.3.peg.2205.site.70, 0, 153, 153
411483.3.peg.2205.site.71, 1, 150, 151
411483.3.peg.2205.site.72, 12, 148, 160
411483.3.peg.2205.site.73, 1, 153, 154
411483.3.peg.2205.site.74, 3, 151, 154
411483.3.peg.2205.site.75, 55, 146, 201
411483.3.peg.2205.site.76, 11, 147, 158
411483.3.peg.2205.site.77, 134, 146, 280
411483.3.peg.2205.site.78, 28, 145, 173
411483.3.peg.2205.site.79, 5, 152, 157
411483.3.peg.2205.site.80, 2, 154, 156
411483.3.peg.2205.site.81, 14, 148, 162
411483.3.peg.2205.site.82, 5, 142, 147
411483.3.peg.2205.site.83, 1, 141, 142
411483.3.peg.2205.site.84, 5, 136, 141
411483.3.peg.2205.site.85, 117, 132, 249
411483.3.peg.2205.site.86, 0, 149, 149
411483.3.peg.2205.site.87, 0, 153, 153
411483.3.peg.2205.site.88, 0, 153, 153
411483.3.peg.2204.site.1, 42, 146, 188
411483.3.peg.2204.site.2, 3, 153, 156
411483.3.peg.2204.site.3, 0, 152, 152
411483.3.peg.2204.site.4, 121, 146, 267
411483.3.peg.2204.site.5, 4, 147, 151
411483.3.peg.2204.site.6, 1, 151, 152
411483.3.peg.2204.site.7, 6, 148, 154
411483.3.peg.2204.site.8, 1, 149, 150
411483.3.peg.2204.site.9, 3, 150, 153
411483.3.peg.2204.site.10, 2, 154, 156
411483.3.peg.2204.site.11, 3, 155, 158
411483.3.peg.2204.site.12, 12, 152, 164
411483.3.peg.2204.site.13, 0, 155, 155
411483.3.peg.2204.site.14, 1, 153, 154
411483.3.peg.2204.site.15, 23, 144, 167
411483.3.peg.2204.site.16, 1, 152, 153
411483.3.peg.2204.site.17, 3, 152, 155
411483.3.peg.2204.site.18, 115, 144, 259
411483.3.peg.2204.site.19, 36, 144, 180
411483.3.peg.2204.site.20, 3, 153, 156
411483.3.peg.2204.site.21, 8, 152, 160
411483.3.peg.2204.site.22, 3, 154, 157
411483.3.peg.2204.site.23, 0, 150, 150
411483.3.peg.2204.site.24, 10, 144, 154
411483.3.peg.2204.site.25, 2, 142, 144
411483.3.peg.2204.site.26, 2, 147, 149
411483.3.peg.2204.site.27, 1, 140, 141
411483.3.peg.2204.site.28, 3, 148, 151
411483.3.peg.2204.site.29, 9, 142, 151
411483.3.peg.2204.site.30, 3, 143, 146
411483.3.peg.2207.site.1, 5, 154, 159
411483.3.peg.2207.site.2, 5, 150, 155
411483.3.peg.2207.site.3, 1, 151, 152
411483.3.peg.2207.site.4, 6, 151, 157
411483.3.peg.2207.site.5, 6, 151, 157
411483.3.peg.2207.site.6, 3, 148, 151
411483.3.peg.2207.site.7, 27, 149, 176
411483.3.peg.2207.site.8, 117, 147, 264
411483.3.peg.2207.site.9, 1, 147, 148
411483.3.peg.2207.site.10, 0, 151, 151
411483.3.peg.2207.site.11, 31, 144, 175
411483.3.peg.2207.site.12, 5, 153, 158
411483.3.peg.2207.site.13, 6, 153, 159
411483.3.peg.2207.site.14, 10, 148, 158
411483.3.peg.2207.site.15, 1, 151, 152
411483.3.peg.2207.site.16, 8, 149, 157
411483.3.peg.2207.site.17, 2, 153, 155
411483.3.peg.2207.site.18, 2, 153, 155
411483.3.peg.2207.site.19, 2, 154, 156
411483.3.peg.2207.site.20, 8, 148, 156
411483.3.peg.2207.site.21, 68, 143, 211
411483.3.peg.2207.site.22, 0, 153, 153
411483.3.peg.2207.site.23, 16, 150, 166
411483.3.peg.2207.site.24, 2, 151, 153
411483.3.peg.2207.site.25, 43, 139, 182
411483.3.peg.2206.site.1, 124, 143, 267
411483.3.peg.2206.site.2, 2, 140, 142
411483.3.peg.2206.site.3, 3, 132, 135
411483.3.peg.2206.site.4, 67, 112, 179
411483.3.peg.2206.site.5, 59, 112, 171
411483.3.peg.2206.site.6, 18, 136, 154
411483.3.peg.2206.site.7, 36, 131, 167
411483.3.peg.2206.site.8, 5, 147, 152
411483.3.peg.2206.site.9, 1, 145, 146
411483.3.peg.2206.site.10, 62, 141, 203
411483.3.peg.2206.site.11, 21, 148, 169
411483.3.peg.2206.site.12, 3, 151, 154
411483.3.peg.2206.site.13, 6, 151, 157
411483.3.peg.2206.site.14, 1, 149, 150
411483.3.peg.2206.site.15, 8, 149, 157
411483.3.peg.2206.site.16, 22, 138, 160
411483.3.peg.2206.site.17, 66, 142, 208
411483.3.peg.2206.site.18, 31, 146, 177
411483.3.peg.2206.site.19, 0, 148, 148
411483.3.peg.2206.site.20, 3, 146, 149
411483.3.peg.2206.site.21, 1, 148, 149
411483.3.peg.2206.site.22, 1, 145, 146
411483.3.peg.2206.site.23, 6, 143, 149
411483.3.peg.2206.site.24, 1, 147, 148
411483.3.peg.2206.site.25, 38, 134, 172
411483.3.peg.2206.site.26, 1, 147, 148
411483.3.peg.2206.site.27, 0, 142, 142
411483.3.peg.2206.site.28, 2, 140, 142
411483.3.peg.2206.site.29, 2, 149, 151
411483.3.peg.2206.site.30, 8, 146, 154
411483.3.peg.2206.site.31, 2, 150, 152
411483.3.peg.2206.site.32, 9, 150, 159
411483.3.peg.2206.site.33, 2, 154, 156
411483.3.peg.2206.site.34, 8, 154, 162
411483.3.peg.2206.site.35, 2, 155, 157
411483.3.peg.2206.site.36, 11, 154, 165
411483.3.peg.2206.site.37, 11, 147, 158
411483.3.peg.2206.site.38, 1, 153, 154
411483.3.peg.2206.site.39, 1, 150, 151
411483.3.peg.2206.site.40, 5, 148, 153
411483.3.peg.2206.site.41, 1, 153, 154
411483.3.peg.2206.site.42, 1, 151, 152
411483.3.peg.2206.site.43, 91, 144, 235
411483.3.peg.2206.site.44, 2, 148, 150
411483.3.peg.2206.site.45, 61, 136, 197
411483.3.peg.2206.site.46, 5, 150, 155
411483.3.peg.2206.site.47, 7, 149, 156
411483.3.peg.2206.site.48, 93, 140, 233
411483.3.peg.2206.site.49, 23, 146, 169
411483.3.peg.2206.site.50, 2, 149, 151
411483.3.peg.2206.site.51, 32, 144, 176
411483.3.peg.2206.site.52, 9, 147, 156
411483.3.peg.2206.site.53, 1, 151, 152
411483.3.peg.2206.site.54, 5, 153, 158
411483.3.peg.2206.site.55, 4, 153, 157
411483.3.peg.2206.site.56, 27, 151, 178
411483.3.peg.2206.site.57, 4, 150, 154
411483.3.peg.2206.site.58, 34, 133, 167
411483.3.peg.2206.site.59, 7, 146, 153
411483.3.peg.2206.site.60, 12, 145, 157
411483.3.peg.2206.site.61, 10, 146, 156
411483.3.peg.2206.site.62, 3, 145, 148
411483.3.peg.2206.site.63, 1, 143, 144
411483.3.peg.2206.site.64, 3, 138, 141
411483.3.peg.2206.site.65, 3, 135, 138
411483.3.peg.2206.site.66, 4, 139, 143
411483.3.peg.2206.site.67, 11, 134, 145
411483.3.peg.2206.site.68, 5, 141, 146
411483.3.peg.2206.site.69, 35, 134, 169
411483.3.peg.2206.site.70, 9, 140, 149
411483.3.peg.2206.site.71, 85, 140, 225
411483.3.peg.2206.site.72, 3, 148, 151
411483.3.peg.2206.site.73, 14, 144, 158
411483.3.peg.2206.site.74, 4, 146, 150
411483.3.peg.2206.site.75, 1, 142, 143
411483.3.peg.2206.site.76, 68, 121, 189
411483.3.peg.2206.site.77, 7, 118, 125
411483.3.peg.2206.site.78, 39, 123, 162
411483.3.peg.2206.site.79, 1, 129, 130
411483.3.peg.2206.site.80, 5, 126, 131
411483.3.peg.2206.site.81, 14, 124, 138
411483.3.peg.2206.site.82, 121, 131, 252
411483.3.peg.2206.site.83, 27, 131, 158
411483.3.peg.2206.site.84, 1, 131, 132
411483.3.peg.2206.site.85, 1, 132, 133
411483.3.peg.2206.site.86, 91, 119, 210
411483.3.peg.2206.site.87, 105, 121, 226
411483.3.peg.2206.site.88, 3, 126, 129
411483.3.peg.2206.site.89, 3, 131, 134
411483.3.peg.2206.site.90, 3, 135, 138
411483.3.peg.2206.site.91, 0, 120, 120
411483.3.peg.2206.site.92, 1, 113, 114
411483.3.peg.2206.site.93, 90, 110, 200
411483.3.peg.2206.site.94, 1, 129, 130
411483.3.peg.2206.site.95, 1, 127, 128
411483.3.peg.2206.site.96, 5, 124, 129
411483.3.peg.2206.site.97, 4, 110, 114
411483.3.peg.2206.site.98, 11, 94, 105
411483.3.peg.2206.site.99, 1, 106, 107
411483.3.peg.2206.site.100, 4, 106, 110
411483.3.peg.2206.site.101, 83, 98, 181
411483.3.peg.2206.site.102, 0, 130, 130
411483.3.peg.2206.site.103, 17, 123, 140
411483.3.peg.2206.site.104, 0, 138, 138
411483.3.peg.2206.site.105, 2, 144, 146
411483.3.peg.2206.site.106, 5, 144, 149
411483.3.peg.2206.site.107, 2, 149, 151
411483.3.peg.2206.site.108, 2, 146, 148
411483.3.peg.2206.site.109, 4, 144, 148
411483.3.peg.2206.site.110, 13, 140, 153
411483.3.peg.2206.site.111, 5, 147, 152
411483.3.peg.2206.site.112, 3, 141, 144
411483.3.peg.2206.site.113, 14, 144, 158
411483.3.peg.2206.site.114, 0, 135, 135
411483.3.peg.2206.site.115, 1, 140, 141
411483.3.peg.2206.site.116, 0, 142, 142
411483.3.peg.2206.site.117, 5, 139, 144
411483.3.peg.2206.site.118, 1, 137, 138
411483.3.peg.2206.site.119, 0, 132, 132
411483.3.peg.2206.site.120, 1, 141, 142
411483.3.peg.2206.site.121, 1, 141, 142
411483.3.peg.2206.site.122, 6, 138, 144
411483.3.peg.2206.site.123, 1, 146, 147
411483.3.peg.2206.site.124, 4, 139, 143
411483.3.peg.2206.site.125, 1, 145, 146
411483.3.peg.2206.site.126, 1, 150, 151
411483.3.peg.2206.site.127, 4, 149, 153
411483.3.peg.2206.site.128, 11, 141, 152
411483.3.peg.2206.site.129, 44, 139, 183
411483.3.peg.2206.site.130, 4, 138, 142
411483.3.peg.2206.site.131, 2, 147, 149
411483.3.peg.2206.site.132, 3, 144, 147
411483.3.peg.2206.site.133, 1, 146, 147
411483.3.peg.2206.site.134, 0, 146, 146
411483.3.peg.2206.site.135, 4, 151, 155
411483.3.peg.2206.site.136, 11, 153, 164
411483.3.peg.2206.site.137, 8, 153, 161
411483.3.peg.2375.site.1, 0, 119, 119
411483.3.peg.2375.site.2, 7, 127, 134
411483.3.peg.2375.site.3, 20, 130, 150
411483.3.peg.2375.site.4, 4, 140, 144
411483.3.peg.2375.site.5, 66, 124, 190
411483.3.peg.2375.site.6, 1, 130, 131
411483.3.peg.2375.site.7, 2, 131, 133
411483.3.peg.2375.site.8, 2, 132, 134
411483.3.peg.2375.site.9, 3, 141, 144
411483.3.peg.2375.site.10, 4, 144, 148
411483.3.peg.2375.site.11, 105, 135, 240
411483.3.peg.2375.site.12, 6, 150, 156
411483.3.peg.2375.site.13, 1, 151, 152
411483.3.peg.2375.site.14, 1, 151, 152
411483.3.peg.2375.site.15, 2, 149, 151
411483.3.peg.2375.site.16, 8, 146, 154
411483.3.peg.2375.site.17, 18, 142, 160
411483.3.peg.2375.site.18, 11, 137, 148
411483.3.peg.2375.site.19, 8, 143, 151
411483.3.peg.2375.site.20, 4, 142, 146
411483.3.peg.2375.site.21, 1, 145, 146
411483.3.peg.2375.site.22, 0, 153, 153
411483.3.peg.2375.site.23, 8, 152, 160
411483.3.peg.2375.site.24, 18, 152, 170
411483.3.peg.2375.site.25, 3, 150, 153
411483.3.peg.2375.site.26, 4, 153, 157
411483.3.peg.2375.site.27, 1, 155, 156
411483.3.peg.2375.site.28, 0, 152, 152
411483.3.peg.2375.site.29, 3, 151, 154
411483.3.peg.2375.site.30, 5, 152, 157
411483.3.peg.2375.site.31, 4, 153, 157
411483.3.peg.2375.site.32, 2, 155, 157
411483.3.peg.2375.site.33, 24, 152, 176
411483.3.peg.2375.site.34, 11, 152, 163
411483.3.peg.2375.site.35, 3, 155, 158
411483.3.peg.2375.site.36, 0, 154, 154
411483.3.peg.2375.site.37, 3, 153, 156
411483.3.peg.2375.site.38, 4, 150, 154
411483.3.peg.2375.site.39, 2, 155, 157
411483.3.peg.2375.site.40, 5, 148, 153
411483.3.peg.2376.site.1, 0, 112, 112
411483.3.peg.2376.site.2, 14, 125, 139
411483.3.peg.2376.site.3, 23, 119, 142
411483.3.peg.2376.site.4, 11, 130, 141
411483.3.peg.2376.site.5, 1, 144, 145
411483.3.peg.2376.site.6, 1, 148, 149
411483.3.peg.2376.site.7, 1, 146, 147
411483.3.peg.2376.site.8, 6, 146, 152
411483.3.peg.2376.site.9, 26, 143, 169
411483.3.peg.2376.site.10, 0, 148, 148
411483.3.peg.2376.site.11, 0, 147, 147
411483.3.peg.2376.site.12, 3, 149, 152
411483.3.peg.2376.site.13, 13, 144, 157
411483.3.peg.2376.site.14, 2, 144, 146
411483.3.peg.2376.site.15, 14, 138, 152
411483.3.peg.2376.site.16, 6, 144, 150
411483.3.peg.2376.site.17, 5, 147, 152
411483.3.peg.2376.site.18, 138, 149, 287
411483.3.peg.2376.site.19, 9, 147, 156
411483.3.peg.2376.site.20, 54, 140, 194
411483.3.peg.2376.site.21, 6, 151, 157
411483.3.peg.2376.site.22, 2, 154, 156
411483.3.peg.2376.site.23, 3, 153, 156
411483.3.peg.2376.site.24, 0, 149, 149
411483.3.peg.2376.site.25, 4, 151, 155
411483.3.peg.2376.site.26, 2, 151, 153
411483.3.peg.2376.site.27, 0, 152, 152
411483.3.peg.2376.site.28, 5, 151, 156
411483.3.peg.2376.site.29, 0, 154, 154
411483.3.peg.2376.site.30, 79, 148, 227
411483.3.peg.2376.site.31, 25, 147, 172
411483.3.peg.2376.site.32, 0, 154, 154
411483.3.peg.2376.site.33, 1, 153, 154
411483.3.peg.2376.site.34, 2, 151, 153
411483.3.peg.2376.site.35, 2, 154, 156
411483.3.peg.2376.site.36, 3, 150, 153
411483.3.peg.2376.site.37, 0, 153, 153
411483.3.peg.2376.site.38, 6, 147, 153
411483.3.peg.2376.site.39, 21, 146, 167
411483.3.peg.2376.site.40, 4, 154, 158
411483.3.peg.2376.site.41, 3, 155, 158
411483.3.peg.2376.site.42, 1, 153, 154
411483.3.peg.2376.site.43, 11, 151, 162
411483.3.peg.2376.site.44, 9, 151, 160
411483.3.peg.2376.site.45, 1, 155, 156
411483.3.peg.2376.site.46, 3, 155, 158
411483.3.peg.2376.site.47, 3, 154, 157
411483.3.peg.2376.site.48, 9, 152, 161
411483.3.peg.2376.site.49, 2, 153, 155
411483.3.peg.2376.site.50, 0, 155, 155
411483.3.peg.2376.site.51, 1, 154, 155
411483.3.peg.2376.site.52, 5, 153, 158
411483.3.peg.2376.site.53, 3, 152, 155
411483.3.peg.2376.site.54, 1, 153, 154
411483.3.peg.2376.site.55, 3, 154, 157
411483.3.peg.2376.site.56, 6, 153, 159
411483.3.peg.2376.site.57, 3, 148, 151
411483.3.peg.2376.site.58, 16, 151, 167
411483.3.peg.2376.site.59, 2, 151, 153
411483.3.peg.2376.site.60, 0, 152, 152
411483.3.peg.2376.site.61, 1, 151, 152
411483.3.peg.2376.site.62, 0, 151, 151
411483.3.peg.2376.site.63, 16, 147, 163
411483.3.peg.2376.site.64, 0, 152, 152
411483.3.peg.2376.site.65, 2, 153, 155
411483.3.peg.2376.site.66, 2, 152, 154
411483.3.peg.2376.site.67, 149, 150, 299
411483.3.peg.2376.site.68, 4, 151, 155
411483.3.peg.2376.site.69, 3, 148, 151
411483.3.peg.2376.site.70, 88, 146, 234
411483.3.peg.2376.site.71, 6, 151, 157
411483.3.peg.2376.site.72, 0, 154, 154
411483.3.peg.2376.site.73, 4, 152, 156
411483.3.peg.2376.site.74, 7, 153, 160
411483.3.peg.2376.site.75, 3, 154, 157
411483.3.peg.2376.site.76, 2, 154, 156
411483.3.peg.2376.site.77, 2, 153, 155
411483.3.peg.2376.site.78, 28, 146, 174
411483.3.peg.2376.site.79, 1, 153, 154
411483.3.peg.684.site.1, 0, 152, 152
411483.3.peg.684.site.2, 0, 151, 151
411483.3.peg.684.site.3, 73, 141, 214
411483.3.peg.684.site.4, 13, 147, 160
411483.3.peg.684.site.5, 0, 149, 149
411483.3.peg.684.site.6, 27, 143, 170
411483.3.peg.684.site.7, 0, 144, 144
411483.3.peg.684.site.8, 7, 143, 150
411483.3.peg.684.site.9, 16, 140, 156
411483.3.peg.684.site.10, 0, 143, 143
411483.3.peg.684.site.11, 12, 144, 156
411483.3.peg.684.site.12, 3, 147, 150
411483.3.peg.684.site.13, 0, 147, 147
411483.3.peg.684.site.14, 3, 148, 151
411483.3.peg.684.site.15, 2, 143, 145
411483.3.peg.684.site.16, 4, 132, 136
411483.3.peg.684.site.17, 11, 125, 136
411483.3.peg.684.site.18, 2, 116, 118
411483.3.peg.684.site.19, 1, 121, 122
411483.3.peg.684.site.20, 9, 115, 124
411483.3.peg.684.site.21, 7, 114, 121
411483.3.peg.684.site.22, 15, 94, 109
411483.3.peg.684.site.23, 0, 62, 62
411483.3.peg.684.site.24, 4, 48, 52
411483.3.peg.684.site.25, 2, 44, 46
411483.3.peg.684.site.26, 0, 25, 25
411483.3.peg.684.site.27, 15, 22, 37
411483.3.peg.684.site.28, 1, 87, 88
411483.3.peg.684.site.29, 0, 133, 133
411483.3.peg.684.site.30, 0, 141, 141
411483.3.peg.684.site.31, 34, 135, 169
411483.3.peg.684.site.32, 73, 131, 204
411483.3.peg.684.site.33, 1, 140, 141
411483.3.peg.684.site.34, 3, 148, 151
411483.3.peg.684.site.35, 1, 149, 150
411483.3.peg.684.site.36, 1, 151, 152
411483.3.peg.684.site.37, 14, 153, 167
411483.3.peg.684.site.38, 17, 152, 169
411483.3.peg.684.site.39, 0, 153, 153
411483.3.peg.684.site.40, 0, 153, 153
411483.3.peg.684.site.41, 1, 154, 155
411483.3.peg.684.site.42, 1, 152, 153
411483.3.peg.684.site.43, 4, 153, 157
411483.3.peg.684.site.44, 16, 152, 168
411483.3.peg.684.site.45, 20, 148, 168
411483.3.peg.2379.site.1, 1, 153, 154
411483.3.peg.2379.site.2, 6, 152, 158
411483.3.peg.2379.site.3, 0, 152, 152
411483.3.peg.2379.site.4, 1, 155, 156
411483.3.peg.2379.site.5, 2, 152, 154
411483.3.peg.2379.site.6, 2, 154, 156
411483.3.peg.2379.site.7, 0, 154, 154
411483.3.peg.2379.site.8, 0, 153, 153
411483.3.peg.2379.site.9, 0, 153, 153
411483.3.peg.2379.site.10, 13, 152, 165
411483.3.peg.2379.site.11, 3, 138, 141
411483.3.peg.2379.site.12, 1, 146, 147
411483.3.peg.2379.site.13, 1, 147, 148
411483.3.peg.2379.site.14, 3, 150, 153
411483.3.peg.2379.site.15, 13, 148, 161
411483.3.peg.2379.site.16, 18, 145, 163
411483.3.peg.2379.site.17, 2, 147, 149
411483.3.peg.2379.site.18, 3, 151, 154
411483.3.peg.2379.site.19, 21, 147, 168
411483.3.peg.2379.site.20, 23, 151, 174
411483.3.peg.2379.site.21, 1, 153, 154
411483.3.peg.2379.site.22, 5, 151, 156
411483.3.peg.2379.site.23, 7, 147, 154
411483.3.peg.2379.site.24, 1, 152, 153
411483.3.peg.2379.site.25, 147, 149, 296
411483.3.peg.2379.site.26, 0, 150, 150
411483.3.peg.2379.site.27, 0, 150, 150
411483.3.peg.2379.site.28, 3, 152, 155
411483.3.peg.2379.site.29, 4, 151, 155
411483.3.peg.2379.site.30, 36, 144, 180
411483.3.peg.2379.site.31, 69, 143, 212
411483.3.peg.2379.site.32, 2, 137, 139
411483.3.peg.2379.site.33, 2, 132, 134
411483.3.peg.2379.site.34, 51, 102, 153
411483.3.peg.2378.site.1, 1, 146, 147
411483.3.peg.2378.site.2, 3, 145, 148
411483.3.peg.2378.site.3, 4, 147, 151
411483.3.peg.2378.site.4, 4, 154, 158
411483.3.peg.2378.site.5, 1, 155, 156
411483.3.peg.2378.site.6, 3, 155, 158
411483.3.peg.2378.site.7, 103, 144, 247
411483.3.peg.2378.site.8, 1, 155, 156
411483.3.peg.835.site.1, 2, 154, 156
411483.3.peg.835.site.2, 26, 149, 175
411483.3.peg.835.site.3, 4, 153, 157
411483.3.peg.835.site.4, 0, 150, 150
411483.3.peg.835.site.5, 12, 149, 161
411483.3.peg.835.site.6, 44, 144, 188
411483.3.peg.835.site.7, 4, 151, 155
411483.3.peg.835.site.8, 37, 142, 179
411483.3.peg.835.site.9, 3, 153, 156
411483.3.peg.835.site.10, 1, 152, 153
411483.3.peg.835.site.11, 57, 139, 196
411483.3.peg.835.site.12, 0, 154, 154
411483.3.peg.835.site.13, 1, 153, 154
411483.3.peg.835.site.14, 74, 146, 220
411483.3.peg.835.site.15, 2, 152, 154
411483.3.peg.835.site.16, 3, 152, 155
411483.3.peg.835.site.17, 13, 148, 161
411483.3.peg.835.site.18, 12, 153, 165
411483.3.peg.835.site.19, 1, 153, 154
411483.3.peg.835.site.20, 2, 152, 154
411483.3.peg.835.site.21, 1, 154, 155
411483.3.peg.835.site.22, 2, 153, 155
411483.3.peg.835.site.23, 1, 153, 154
411483.3.peg.835.site.24, 3, 155, 158
411483.3.peg.835.site.25, 2, 154, 156
411483.3.peg.835.site.26, 2, 152, 154
411483.3.peg.835.site.27, 5, 154, 159
411483.3.peg.835.site.28, 0, 152, 152
411483.3.peg.835.site.29, 0, 152, 152
411483.3.peg.835.site.30, 2, 151, 153
411483.3.peg.1958.site.1, 2, 130, 132
411483.3.peg.1958.site.2, 4, 149, 153
411483.3.peg.1958.site.3, 2, 150, 152
411483.3.peg.1958.site.4, 2, 149, 151
411483.3.peg.1958.site.5, 2, 155, 157
411483.3.peg.1958.site.6, 1, 154, 155
411483.3.peg.1958.site.7, 5, 154, 159
411483.3.peg.1958.site.8, 6, 154, 160
411483.3.peg.1958.site.9, 2, 153, 155
411483.3.peg.1958.site.10, 8, 147, 155
411483.3.peg.1958.site.11, 0, 154, 154
411483.3.peg.1958.site.12, 2, 151, 153
411483.3.peg.1958.site.13, 5, 154, 159
411483.3.peg.1958.site.14, 1, 154, 155
411483.3.peg.1958.site.15, 7, 150, 157
411483.3.peg.1958.site.16, 0, 150, 150
411483.3.peg.1958.site.17, 38, 140, 178
411483.3.peg.1958.site.18, 1, 145, 146
411483.3.peg.1958.site.19, 3, 148, 151
411483.3.peg.1958.site.20, 1, 139, 140
411483.3.peg.1958.site.21, 0, 140, 140
411483.3.peg.1958.site.22, 2, 151, 153
411483.3.peg.1958.site.23, 1, 150, 151
411483.3.peg.1958.site.24, 5, 152, 157
411483.3.peg.1958.site.25, 6, 149, 155
411483.3.peg.1958.site.26, 0, 145, 145
411483.3.peg.1958.site.27, 0, 148, 148
411483.3.peg.1958.site.28, 0, 151, 151
411483.3.peg.1958.site.29, 2, 144, 146
411483.3.peg.1958.site.30, 4, 149, 153
411483.3.peg.1958.site.31, 0, 153, 153
411483.3.peg.1958.site.32, 0, 150, 150
411483.3.peg.1958.site.33, 1, 152, 153
411483.3.peg.1958.site.34, 1, 147, 148
411483.3.peg.1958.site.35, 5, 126, 131
411483.3.peg.1958.site.36, 0, 151, 151
411483.3.peg.1958.site.37, 1, 122, 123
411483.3.peg.1958.site.38, 1, 93, 94
411483.3.peg.1958.site.39, 31, 92, 123
411483.3.peg.1958.site.40, 52, 85, 137
411483.3.peg.1958.site.41, 1, 114, 115
411483.3.peg.1958.site.42, 24, 112, 136
411483.3.peg.1958.site.43, 28, 106, 134
411483.3.peg.1958.site.44, 7, 112, 119
411483.3.peg.1958.site.45, 3, 137, 140
411483.3.peg.1958.site.46, 6, 138, 144
411483.3.peg.1958.site.47, 0, 128, 128
411483.3.peg.1958.site.48, 6, 137, 143
411483.3.peg.1958.site.49, 0, 138, 138
411483.3.peg.1958.site.50, 1, 141, 142
411483.3.peg.1958.site.51, 4, 144, 148
411483.3.peg.1958.site.52, 17, 136, 153
411483.3.peg.1958.site.53, 6, 134, 140
411483.3.peg.1958.site.54, 91, 126, 217
411483.3.peg.1958.site.55, 18, 124, 142
411483.3.peg.1958.site.56, 0, 133, 133
411483.3.peg.1958.site.57, 2, 140, 142
411483.3.peg.1958.site.58, 0, 139, 139
411483.3.peg.1958.site.59, 45, 133, 178
411483.3.peg.1958.site.60, 7, 143, 150
411483.3.peg.1958.site.61, 0, 140, 140
411483.3.peg.1958.site.62, 11, 138, 149
411483.3.peg.1958.site.63, 7, 145, 152
411483.3.peg.1958.site.64, 9, 112, 121
411483.3.peg.1958.site.65, 6, 115, 121
411483.3.peg.1958.site.66, 2, 121, 123
411483.3.peg.1958.site.67, 11, 119, 130
411483.3.peg.1958.site.68, 1, 134, 135
411483.3.peg.1958.site.69, 0, 141, 141
411483.3.peg.1958.site.70, 7, 139, 146
411483.3.peg.1958.site.71, 9, 134, 143
411483.3.peg.1958.site.72, 4, 135, 139
411483.3.peg.1958.site.73, 6, 141, 147
411483.3.peg.1958.site.74, 5, 144, 149
411483.3.peg.1958.site.75, 0, 145, 145
411483.3.peg.1958.site.76, 4, 144, 148
411483.3.peg.1958.site.77, 3, 142, 145
411483.3.peg.1958.site.78, 3, 139, 142
411483.3.peg.1958.site.79, 3, 139, 142
411483.3.peg.1958.site.80, 9, 142, 151
411483.3.peg.1958.site.81, 2, 137, 139
411483.3.peg.1958.site.82, 2, 123, 125
411483.3.peg.1958.site.83, 0, 123, 123
411483.3.peg.1958.site.84, 3, 135, 138
411483.3.peg.1958.site.85, 4, 122, 126
411483.3.peg.1958.site.86, 0, 126, 126
411483.3.peg.1958.site.87, 5, 115, 120
411483.3.peg.1958.site.88, 1, 130, 131
411483.3.peg.1958.site.89, 1, 125, 126
411483.3.peg.1958.site.90, 14, 114, 128
411483.3.peg.1958.site.91, 12, 125, 137
411483.3.peg.1958.site.92, 0, 122, 122
411483.3.peg.1958.site.93, 1, 126, 127
411483.3.peg.290.site.1, 17, 88, 105
411483.3.peg.290.site.2, 42, 147, 189
411483.3.peg.290.site.3, 4, 143, 147
411483.3.peg.290.site.4, 1, 153, 154
411483.3.peg.290.site.5, 2, 154, 156
411483.3.peg.290.site.6, 53, 144, 197
411483.3.peg.290.site.7, 6, 151, 157
411483.3.peg.290.site.8, 1, 154, 155
411483.3.peg.290.site.9, 4, 153, 157
411483.3.peg.290.site.10, 3, 154, 157
411483.3.peg.290.site.11, 7, 151, 158
411483.3.peg.290.site.12, 7, 151, 158
411483.3.peg.290.site.13, 2, 153, 155
411483.3.peg.290.site.14, 1, 153, 154
411483.3.peg.290.site.15, 2, 152, 154
411483.3.peg.290.site.16, 1, 149, 150
411483.3.peg.290.site.17, 1, 149, 150
411483.3.peg.290.site.18, 1, 152, 153
411483.3.peg.290.site.19, 1, 150, 151
411483.3.peg.290.site.20, 3, 152, 155
411483.3.peg.290.site.21, 6, 145, 151
411483.3.peg.290.site.22, 9, 149, 158
411483.3.peg.290.site.23, 1, 152, 153
411483.3.peg.290.site.24, 3, 150, 153
411483.3.peg.290.site.25, 4, 153, 157
411483.3.peg.290.site.26, 109, 148, 257
411483.3.peg.290.site.27, 1, 149, 150
411483.3.peg.290.site.28, 146, 148, 294
411483.3.peg.290.site.29, 10, 152, 162
411483.3.peg.290.site.30, 79, 142, 221
411483.3.peg.290.site.31, 3, 151, 154
411483.3.peg.290.site.32, 2, 152, 154
411483.3.peg.290.site.33, 47, 142, 189
411483.3.peg.290.site.34, 1, 148, 149
411483.3.peg.290.site.35, 71, 142, 213
411483.3.peg.290.site.36, 5, 151, 156
411483.3.peg.290.site.37, 1, 148, 149
411483.3.peg.290.site.38, 104, 134, 238
411483.3.peg.290.site.39, 1, 131, 132
411483.3.peg.290.site.40, 2, 132, 134
411483.3.peg.290.site.41, 44, 114, 158
411483.3.peg.290.site.42, 3, 129, 132
411483.3.peg.290.site.43, 45, 118, 163
411483.3.peg.290.site.44, 1, 134, 135
411483.3.peg.290.site.45, 1, 138, 139
411483.3.peg.290.site.46, 6, 139, 145
411483.3.peg.290.site.47, 1, 141, 142
411483.3.peg.290.site.48, 0, 138, 138
411483.3.peg.290.site.49, 1, 143, 144
411483.3.peg.290.site.50, 7, 140, 147
411483.3.peg.290.site.51, 8, 135, 143
411483.3.peg.290.site.52, 0, 134, 134
411483.3.peg.290.site.53, 3, 146, 149
411483.3.peg.290.site.54, 4, 145, 149
411483.3.peg.290.site.55, 80, 141, 221
411483.3.peg.290.site.56, 3, 144, 147
411483.3.peg.290.site.57, 0, 144, 144
411483.3.peg.290.site.58, 2, 145, 147
411483.3.peg.290.site.59, 2, 143, 145
411483.3.peg.290.site.60, 1, 146, 147
411483.3.peg.290.site.61, 110, 143, 253
411483.3.peg.290.site.62, 0, 141, 141
411483.3.peg.290.site.63, 1, 143, 144
411483.3.peg.290.site.64, 104, 136, 240
411483.3.peg.290.site.65, 10, 143, 153
411483.3.peg.290.site.66, 1, 151, 152
411483.3.peg.290.site.67, 0, 154, 154
411483.3.peg.290.site.68, 5, 148, 153
411483.3.peg.290.site.69, 4, 147, 151
411483.3.peg.290.site.70, 1, 151, 152
411483.3.peg.290.site.71, 1, 150, 151
411483.3.peg.290.site.72, 118, 139, 257
411483.3.peg.290.site.73, 0, 147, 147
411483.3.peg.290.site.74, 13, 143, 156
411483.3.peg.290.site.75, 15, 143, 158
411483.3.peg.290.site.76, 1, 154, 155
411483.3.peg.290.site.77, 1, 154, 155
411483.3.peg.290.site.78, 0, 147, 147
411483.3.peg.290.site.79, 5, 147, 152
411483.3.peg.290.site.80, 5, 144, 149
411483.3.peg.290.site.81, 3, 145, 148
411483.3.peg.1954.site.1, 2, 138, 140
411483.3.peg.1954.site.2, 3, 138, 141
411483.3.peg.1954.site.3, 1, 142, 143
411483.3.peg.1954.site.4, 4, 145, 149
411483.3.peg.1954.site.5, 1, 139, 140
411483.3.peg.1954.site.6, 2, 134, 136
411483.3.peg.1954.site.7, 6, 124, 130
411483.3.peg.1954.site.8, 1, 121, 122
411483.3.peg.1954.site.9, 21, 120, 141
411483.3.peg.1954.site.10, 1, 125, 126
411483.3.peg.1954.site.11, 1, 134, 135
411483.3.peg.1954.site.12, 5, 115, 120
411483.3.peg.1954.site.13, 13, 122, 135
411483.3.peg.1954.site.14, 115, 126, 241
411483.3.peg.1954.site.15, 92, 124, 216
411483.3.peg.1954.site.16, 24, 119, 143
411483.3.peg.1954.site.17, 70, 122, 192
411483.3.peg.1954.site.18, 6, 128, 134
411483.3.peg.1954.site.19, 1, 126, 127
411483.3.peg.1954.site.20, 31, 114, 145
411483.3.peg.1954.site.21, 22, 121, 143
411483.3.peg.1954.site.22, 3, 100, 103
411483.3.peg.1954.site.23, 2, 119, 121
411483.3.peg.1954.site.24, 4, 125, 129
411483.3.peg.1954.site.25, 1, 124, 125
411483.3.peg.1954.site.26, 8, 122, 130
411483.3.peg.1954.site.27, 2, 116, 118
411483.3.peg.1954.site.28, 30, 116, 146
411483.3.peg.1954.site.29, 30, 104, 134
411483.3.peg.1954.site.30, 2, 117, 119
411483.3.peg.1954.site.31, 16, 100, 116
411483.3.peg.1954.site.32, 1, 119, 120
411483.3.peg.1954.site.33, 2, 120, 122
411483.3.peg.1954.site.34, 5, 111, 116
411483.3.peg.1954.site.35, 6, 110, 116
411483.3.peg.1954.site.36, 3, 114, 117
411483.3.peg.1954.site.37, 35, 107, 142
411483.3.peg.1954.site.38, 1, 109, 110
411483.3.peg.1954.site.39, 2, 96, 98
411483.3.peg.1954.site.40, 3, 96, 99
411483.3.peg.1954.site.41, 0, 74, 74
411483.3.peg.1954.site.42, 3, 72, 75
411483.3.peg.1955.site.1, 1, 128, 129
411483.3.peg.1955.site.2, 4, 129, 133
411483.3.peg.1955.site.3, 1, 131, 132
411483.3.peg.1955.site.4, 2, 123, 125
411483.3.peg.1955.site.5, 1, 131, 132
411483.3.peg.1955.site.6, 7, 131, 138
411483.3.peg.1955.site.7, 8, 134, 142
411483.3.peg.1955.site.8, 10, 140, 150
411483.3.peg.1955.site.9, 2, 139, 141
411483.3.peg.1955.site.10, 3, 142, 145
411483.3.peg.1955.site.11, 1, 143, 144
411483.3.peg.1955.site.12, 2, 146, 148
411483.3.peg.1955.site.13, 2, 147, 149
411483.3.peg.1955.site.14, 2, 148, 150
411483.3.peg.1955.site.15, 3, 146, 149
411483.3.peg.1955.site.16, 30, 139, 169
411483.3.peg.1955.site.17, 31, 139, 170
411483.3.peg.1955.site.18, 1, 137, 138
411483.3.peg.1955.site.19, 1, 140, 141
411483.3.peg.1955.site.20, 9, 139, 148
411483.3.peg.1955.site.21, 1, 140, 141
411483.3.peg.1955.site.22, 9, 147, 156
411483.3.peg.1955.site.23, 6, 145, 151
411483.3.peg.1956.site.1, 8, 152, 160
411483.3.peg.1956.site.2, 0, 154, 154
411483.3.peg.1956.site.3, 0, 154, 154
411483.3.peg.1956.site.4, 1, 154, 155
411483.3.peg.1956.site.5, 34, 147, 181
411483.3.peg.1957.site.1, 12, 144, 156
411483.3.peg.1957.site.2, 3, 150, 153
411483.3.peg.1957.site.3, 5, 155, 160
411483.3.peg.1957.site.4, 4, 153, 157
411483.3.peg.1957.site.5, 3, 153, 156
411483.3.peg.1957.site.6, 83, 140, 223
411483.3.peg.1957.site.7, 0, 149, 149
411483.3.peg.1957.site.8, 5, 152, 157
411483.3.peg.1957.site.9, 21, 144, 165
411483.3.peg.1957.site.10, 60, 138, 198
411483.3.peg.1957.site.11, 0, 143, 143
411483.3.peg.1957.site.12, 2, 143, 145
411483.3.peg.1957.site.13, 101, 141, 242
411483.3.peg.1957.site.14, 2, 150, 152
411483.3.peg.1957.site.15, 10, 151, 161
411483.3.peg.1957.site.16, 3, 154, 157
411483.3.peg.1957.site.17, 1, 154, 155
411483.3.peg.1957.site.18, 2, 154, 156
411483.3.peg.1957.site.19, 4, 153, 157
411483.3.peg.1957.site.20, 32, 137, 169
411483.3.peg.1957.site.21, 8, 145, 153
411483.3.peg.1957.site.22, 3, 136, 139
411483.3.peg.1957.site.23, 4, 74, 78
411483.3.peg.837.site.1, 5, 154, 159
411483.3.peg.837.site.2, 0, 152, 152
411483.3.peg.837.site.3, 2, 149, 151
411483.3.peg.837.site.4, 1, 152, 153
411483.3.peg.837.site.5, 155, 155, 310
411483.3.peg.837.site.6, 4, 152, 156
411483.3.peg.837.site.7, 2, 155, 157
411483.3.peg.1952.site.1, 1, 55, 56
411483.3.peg.1952.site.2, 6, 72, 78
411483.3.peg.1952.site.3, 1, 54, 55
411483.3.peg.1952.site.4, 1, 66, 67
411483.3.peg.1952.site.5, 2, 81, 83
411483.3.peg.1952.site.6, 50, 82, 132
411483.3.peg.1952.site.7, 31, 81, 112
411483.3.peg.1952.site.8, 7, 77, 84
411483.3.peg.1952.site.9, 0, 87, 87
411483.3.peg.1952.site.10, 1, 93, 94
411483.3.peg.1952.site.11, 16, 95, 111
411483.3.peg.1952.site.12, 1, 122, 123
411483.3.peg.1952.site.13, 1, 132, 133
411483.3.peg.1952.site.14, 9, 129, 138
411483.3.peg.1952.site.15, 0, 132, 132
411483.3.peg.1952.site.16, 3, 142, 145
411483.3.peg.1952.site.17, 3, 140, 143
411483.3.peg.1952.site.18, 142, 143, 285
411483.3.peg.1952.site.19, 4, 140, 144
411483.3.peg.1952.site.20, 1, 143, 144
411483.3.peg.1952.site.21, 3, 142, 145
411483.3.peg.1952.site.22, 2, 140, 142
411483.3.peg.1952.site.23, 0, 133, 133
411483.3.peg.1952.site.24, 1, 138, 139
411483.3.peg.1952.site.25, 1, 143, 144
411483.3.peg.1952.site.26, 34, 132, 166
411483.3.peg.1952.site.27, 8, 147, 155
411483.3.peg.1952.site.28, 1, 145, 146
411483.3.peg.1952.site.29, 35, 143, 178
411483.3.peg.1952.site.30, 112, 151, 263
411483.3.peg.1952.site.31, 2, 152, 154
411483.3.peg.1952.site.32, 4, 148, 152
411483.3.peg.1952.site.33, 32, 149, 181
411483.3.peg.1952.site.34, 0, 152, 152
411483.3.peg.1952.site.35, 3, 153, 156
411483.3.peg.1952.site.36, 0, 146, 146
411483.3.peg.1952.site.37, 1, 150, 151
411483.3.peg.1952.site.38, 1, 151, 152
411483.3.peg.1952.site.39, 20, 147, 167
411483.3.peg.1952.site.40, 84, 134, 218
411483.3.peg.1952.site.41, 1, 151, 152
411483.3.peg.1952.site.42, 0, 152, 152
411483.3.peg.1952.site.43, 17, 149, 166
411483.3.peg.1952.site.44, 0, 151, 151
411483.3.peg.1952.site.45, 6, 150, 156
411483.3.peg.1952.site.46, 23, 144, 167
411483.3.peg.1952.site.47, 7, 147, 154
411483.3.peg.1952.site.48, 0, 150, 150
411483.3.peg.1952.site.49, 28, 145, 173
411483.3.peg.1952.site.50, 9, 151, 160
411483.3.peg.1952.site.51, 12, 150, 162
411483.3.peg.1952.site.52, 4, 154, 158
411483.3.peg.1952.site.53, 4, 154, 158
411483.3.peg.1952.site.54, 1, 154, 155
411483.3.peg.1952.site.55, 6, 151, 157
411483.3.peg.1952.site.56, 1, 151, 152
411483.3.peg.1952.site.57, 28, 145, 173
411483.3.peg.1952.site.58, 12, 144, 156
411483.3.peg.1952.site.59, 82, 137, 219
411483.3.peg.1952.site.60, 50, 133, 183
411483.3.peg.1952.site.61, 3, 144, 147
411483.3.peg.1952.site.62, 5, 134, 139
411483.3.peg.1952.site.63, 1, 138, 139
411483.3.peg.1952.site.64, 130, 135, 265
411483.3.peg.1952.site.65, 18, 135, 153
411483.3.peg.1952.site.66, 3, 134, 137
411483.3.peg.1952.site.67, 4, 128, 132
411483.3.peg.1952.site.68, 111, 132, 243
411483.3.peg.1952.site.69, 7, 137, 144
411483.3.peg.1952.site.70, 2, 140, 142
411483.3.peg.1952.site.71, 4, 137, 141
411483.3.peg.1952.site.72, 9, 137, 146
411483.3.peg.1952.site.73, 0, 138, 138
411483.3.peg.1952.site.74, 1, 135, 136
411483.3.peg.1952.site.75, 1, 143, 144
411483.3.peg.1952.site.76, 11, 144, 155
411483.3.peg.1952.site.77, 10, 141, 151
411483.3.peg.1952.site.78, 6, 145, 151
411483.3.peg.1952.site.79, 16, 141, 157
411483.3.peg.1952.site.80, 13, 144, 157
411483.3.peg.1952.site.81, 3, 149, 152
411483.3.peg.1952.site.82, 5, 137, 142
411483.3.peg.1952.site.83, 1, 122, 123
411483.3.peg.1952.site.84, 2, 132, 134
411483.3.peg.1952.site.85, 5, 131, 136
411483.3.peg.1952.site.86, 1, 138, 139
411483.3.peg.1952.site.87, 9, 134, 143
411483.3.peg.1952.site.88, 3, 135, 138
411483.3.peg.1952.site.89, 1, 134, 135
411483.3.peg.1952.site.90, 1, 139, 140
411483.3.peg.1952.site.91, 2, 146, 148
411483.3.peg.1952.site.92, 1, 144, 145
411483.3.peg.1952.site.93, 35, 136, 171
411483.3.peg.1952.site.94, 1, 142, 143
411483.3.peg.1952.site.95, 5, 144, 149
411483.3.peg.1952.site.96, 2, 144, 146
411483.3.peg.1952.site.97, 8, 134, 142
411483.3.peg.1952.site.98, 2, 129, 131
411483.3.peg.1952.site.99, 3, 125, 128
411483.3.peg.1952.site.100, 108, 112, 220
411483.3.peg.1952.site.101, 81, 110, 191
411483.3.peg.1952.site.102, 3, 117, 120
411483.3.peg.1952.site.103, 110, 112, 222
411483.3.peg.1952.site.104, 33, 108, 141
411483.3.peg.1952.site.105, 0, 133, 133
411483.3.peg.1952.site.106, 7, 138, 145
411483.3.peg.1952.site.107, 88, 135, 223
411483.3.peg.1952.site.108, 5, 146, 151
411483.3.peg.1952.site.109, 1, 150, 151
411483.3.peg.1952.site.110, 142, 146, 288
411483.3.peg.1952.site.111, 6, 145, 151
411483.3.peg.1952.site.112, 2, 148, 150
411483.3.peg.1952.site.113, 5, 148, 153
411483.3.peg.1952.site.114, 4, 144, 148
411483.3.peg.1952.site.115, 8, 146, 154
411483.3.peg.1952.site.116, 3, 148, 151
411483.3.peg.1952.site.117, 4, 143, 147
411483.3.peg.1952.site.118, 1, 141, 142
411483.3.peg.1952.site.119, 2, 134, 136
411483.3.peg.1952.site.120, 0, 136, 136
411483.3.peg.1952.site.121, 1, 128, 129
411483.3.peg.1952.site.122, 4, 133, 137
411483.3.peg.1952.site.123, 3, 140, 143
411483.3.peg.1952.site.124, 1, 140, 141
411483.3.peg.1952.site.125, 3, 144, 147
411483.3.peg.1952.site.126, 1, 146, 147
411483.3.peg.1952.site.127, 4, 118, 122
411483.3.peg.1952.site.128, 4, 120, 124
411483.3.peg.1952.site.129, 81, 108, 189
411483.3.peg.1952.site.130, 4, 104, 108
411483.3.peg.1952.site.131, 2, 91, 93
411483.3.peg.1952.site.132, 1, 91, 92
411483.3.peg.1952.site.133, 5, 83, 88
411483.3.peg.1952.site.134, 6, 119, 125
411483.3.peg.1952.site.135, 21, 126, 147
411483.3.peg.1952.site.136, 76, 132, 208
411483.3.peg.1952.site.137, 20, 144, 164
411483.3.peg.836.site.1, 66, 144, 210
411483.3.peg.836.site.2, 3, 155, 158
411483.3.peg.836.site.3, 0, 152, 152
411483.3.peg.836.site.4, 0, 153, 153
411483.3.peg.836.site.5, 138, 151, 289
411483.3.peg.836.site.6, 4, 150, 154
411483.3.peg.836.site.7, 2, 149, 151
411483.3.peg.836.site.8, 3, 142, 145
411483.3.peg.836.site.9, 1, 148, 149
411483.3.peg.836.site.10, 3, 140, 143
411483.3.peg.836.site.11, 2, 139, 141
411483.3.peg.836.site.12, 0, 143, 143
411483.3.peg.836.site.13, 2, 141, 143
411483.3.peg.836.site.14, 1, 139, 140
411483.3.peg.836.site.15, 4, 144, 148
411483.3.peg.836.site.16, 2, 148, 150
411483.3.peg.836.site.17, 3, 147, 150
411483.3.peg.836.site.18, 1, 146, 147
411483.3.peg.836.site.19, 1, 147, 148
411483.3.peg.836.site.20, 4, 142, 146
411483.3.peg.836.site.21, 10, 143, 153
411483.3.peg.836.site.22, 1, 148, 149
411483.3.peg.836.site.23, 0, 143, 143
411483.3.peg.836.site.24, 9, 143, 152
411483.3.peg.836.site.25, 1, 144, 145
411483.3.peg.836.site.26, 11, 143, 154
411483.3.peg.836.site.27, 3, 151, 154
411483.3.peg.836.site.28, 2, 150, 152
411483.3.peg.836.site.29, 2, 148, 150
411483.3.peg.836.site.30, 29, 150, 179
411483.3.peg.836.site.31, 2, 146, 148
411483.3.peg.836.site.32, 2, 144, 146
411483.3.peg.836.site.33, 14, 141, 155
411483.3.peg.836.site.34, 10, 136, 146
411483.3.peg.836.site.35, 2, 136, 138
411483.3.peg.836.site.36, 2, 128, 130
411483.3.peg.836.site.37, 1, 128, 129
411483.3.peg.836.site.38, 2, 141, 143
411483.3.peg.836.site.39, 4, 143, 147
411483.3.peg.836.site.40, 3, 149, 152
411483.3.peg.836.site.41, 1, 153, 154
411483.3.peg.836.site.42, 1, 153, 154
411483.3.peg.836.site.43, 1, 152, 153
411483.3.peg.836.site.44, 0, 151, 151
411483.3.peg.836.site.45, 47, 144, 191
411483.3.peg.836.site.46, 32, 146, 178
411483.3.peg.836.site.47, 18, 147, 165
411483.3.peg.836.site.48, 5, 154, 159
411483.3.peg.836.site.49, 1, 155, 156
411483.3.peg.836.site.50, 3, 154, 157
411483.3.peg.836.site.51, 2, 153, 155
411483.3.peg.836.site.52, 3, 153, 156
411483.3.peg.836.site.53, 10, 154, 164
411483.3.peg.836.site.54, 1, 155, 156
411483.3.peg.836.site.55, 5, 155, 160
411483.3.peg.836.site.56, 3, 154, 157
411483.3.peg.836.site.57, 9, 153, 162
411483.3.peg.836.site.58, 3, 152, 155
411483.3.peg.836.site.59, 48, 147, 195
411483.3.peg.836.site.60, 153, 153, 306
411483.3.peg.836.site.61, 1, 152, 153
411483.3.peg.836.site.62, 16, 147, 163
411483.3.peg.836.site.63, 4, 148, 152
411483.3.peg.836.site.64, 4, 148, 152
411483.3.peg.836.site.65, 1, 145, 146
411483.3.peg.836.site.66, 3, 140, 143
411483.3.peg.836.site.67, 27, 148, 175
411483.3.peg.836.site.68, 2, 152, 154
411483.3.peg.836.site.69, 1, 153, 154
411483.3.peg.831.site.1, 0, 151, 151
411483.3.peg.831.site.2, 0, 147, 147
411483.3.peg.831.site.3, 7, 147, 154
411483.3.peg.831.site.4, 2, 149, 151
411483.3.peg.831.site.5, 31, 133, 164
411483.3.peg.831.site.6, 1, 145, 146
411483.3.peg.831.site.7, 1, 146, 147
411483.3.peg.831.site.8, 3, 149, 152
411483.3.peg.831.site.9, 1, 146, 147
411483.3.peg.831.site.10, 37, 136, 173
411483.3.peg.831.site.11, 1, 133, 134
411483.3.peg.831.site.12, 3, 115, 118
411483.3.peg.831.site.13, 0, 110, 110
411483.3.peg.831.site.14, 2, 117, 119
411483.3.peg.831.site.15, 1, 119, 120
411483.3.peg.831.site.16, 7, 133, 140
411483.3.peg.831.site.17, 1, 142, 143
411483.3.peg.831.site.18, 6, 146, 152
411483.3.peg.831.site.19, 3, 146, 149
411483.3.peg.831.site.20, 4, 146, 150
411483.3.peg.831.site.21, 71, 134, 205
411483.3.peg.831.site.22, 2, 152, 154
411483.3.peg.831.site.23, 1, 148, 149
411483.3.peg.831.site.24, 3, 150, 153
411483.3.peg.830.site.1, 5, 139, 144
411483.3.peg.830.site.2, 2, 140, 142
411483.3.peg.830.site.3, 1, 140, 141
411483.3.peg.830.site.4, 1, 144, 145
411483.3.peg.830.site.5, 2, 149, 151
411483.3.peg.830.site.6, 17, 139, 156
411483.3.peg.830.site.7, 22, 138, 160
411483.3.peg.830.site.8, 104, 122, 226
411483.3.peg.830.site.9, 1, 116, 117
411483.3.peg.830.site.10, 1, 117, 118
411483.3.peg.830.site.11, 88, 110, 198
411483.3.peg.830.site.12, 1, 120, 121
411483.3.peg.830.site.13, 1, 131, 132
411483.3.peg.830.site.14, 5, 129, 134
411483.3.peg.830.site.15, 16, 120, 136
411483.3.peg.830.site.16, 70, 113, 183
411483.3.peg.830.site.17, 5, 124, 129
411483.3.peg.830.site.18, 2, 124, 126
411483.3.peg.830.site.19, 2, 116, 118
411483.3.peg.830.site.20, 84, 108, 192
411483.3.peg.830.site.21, 1, 116, 117
411483.3.peg.830.site.22, 27, 98, 125
411483.3.peg.830.site.23, 1, 107, 108
411483.3.peg.830.site.24, 49, 133, 182
411483.3.peg.830.site.25, 2, 153, 155
411483.3.peg.830.site.26, 6, 154, 160
411483.3.peg.830.site.27, 1, 150, 151
411483.3.peg.830.site.28, 12, 144, 156
411483.3.peg.830.site.29, 2, 152, 154
411483.3.peg.830.site.30, 1, 153, 154
411483.3.peg.830.site.31, 3, 152, 155
411483.3.peg.830.site.32, 6, 152, 158
411483.3.peg.830.site.33, 4, 155, 159
411483.3.peg.830.site.34, 0, 154, 154
411483.3.peg.830.site.35, 0, 150, 150
411483.3.peg.830.site.36, 4, 152, 156
411483.3.peg.830.site.37, 14, 144, 158
411483.3.peg.830.site.38, 1, 147, 148
411483.3.peg.830.site.39, 114, 139, 253
411483.3.peg.830.site.40, 1, 145, 146
411483.3.peg.830.site.41, 0, 147, 147
411483.3.peg.830.site.42, 7, 145, 152
411483.3.peg.830.site.43, 2, 149, 151
411483.3.peg.830.site.44, 1, 150, 151
411483.3.peg.830.site.45, 4, 144, 148
411483.3.peg.830.site.46, 10, 137, 147
411483.3.peg.830.site.47, 1, 138, 139
411483.3.peg.830.site.48, 0, 144, 144
411483.3.peg.830.site.49, 41, 133, 174
411483.3.peg.830.site.50, 2, 138, 140
411483.3.peg.830.site.51, 3, 132, 135
411483.3.peg.830.site.52, 11, 128, 139
411483.3.peg.830.site.53, 1, 131, 132
411483.3.peg.830.site.54, 5, 114, 119
411483.3.peg.830.site.55, 5, 139, 144
411483.3.peg.830.site.56, 1, 137, 138
411483.3.peg.830.site.57, 3, 137, 140
411483.3.peg.830.site.58, 9, 134, 143
411483.3.peg.830.site.59, 0, 141, 141
411483.3.peg.830.site.60, 44, 138, 182
411483.3.peg.830.site.61, 4, 142, 146
411483.3.peg.830.site.62, 7, 137, 144
411483.3.peg.830.site.63, 0, 139, 139
411483.3.peg.830.site.64, 64, 127, 191
411483.3.peg.830.site.65, 3, 137, 140
411483.3.peg.830.site.66, 10, 135, 145
411483.3.peg.830.site.67, 2, 140, 142
411483.3.peg.830.site.68, 7, 141, 148
411483.3.peg.830.site.69, 4, 143, 147
411483.3.peg.830.site.70, 1, 143, 144
411483.3.peg.830.site.71, 0, 146, 146
411483.3.peg.830.site.72, 9, 144, 153
411483.3.peg.830.site.73, 1, 148, 149
411483.3.peg.830.site.74, 40, 140, 180
411483.3.peg.830.site.75, 0, 149, 149
411483.3.peg.830.site.76, 1, 145, 146
411483.3.peg.830.site.77, 1, 144, 145
411483.3.peg.830.site.78, 0, 147, 147
411483.3.peg.830.site.79, 5, 149, 154
411483.3.peg.830.site.80, 3, 147, 150
411483.3.peg.830.site.81, 0, 140, 140
411483.3.peg.830.site.82, 28, 136, 164
411483.3.peg.830.site.83, 0, 145, 145
411483.3.peg.830.site.84, 2, 142, 144
411483.3.peg.830.site.85, 6, 148, 154
411483.3.peg.830.site.86, 3, 150, 153
411483.3.peg.830.site.87, 92, 145, 237
411483.3.peg.830.site.88, 147, 152, 299
411483.3.peg.830.site.89, 5, 147, 152
411483.3.peg.830.site.90, 18, 146, 164
411483.3.peg.830.site.91, 7, 151, 158
411483.3.peg.830.site.92, 6, 154, 160
411483.3.peg.830.site.93, 10, 153, 163
411483.3.peg.830.site.94, 6, 152, 158
411483.3.peg.830.site.95, 3, 154, 157
411483.3.peg.830.site.96, 8, 152, 160
411483.3.peg.830.site.97, 2, 152, 154
411483.3.peg.830.site.98, 0, 153, 153
411483.3.peg.830.site.99, 70, 139, 209
411483.3.peg.830.site.100, 1, 151, 152
411483.3.peg.830.site.101, 0, 151, 151
411483.3.peg.830.site.102, 0, 150, 150
411483.3.peg.830.site.103, 3, 147, 150
411483.3.peg.830.site.104, 5, 148, 153
411483.3.peg.830.site.105, 3, 145, 148
411483.3.peg.830.site.106, 2, 143, 145
411483.3.peg.830.site.107, 116, 139, 255
411483.3.peg.830.site.108, 41, 142, 183
411483.3.peg.830.site.109, 2, 143, 145
411483.3.peg.830.site.110, 9, 143, 152
411483.3.peg.830.site.111, 2, 151, 153
411483.3.peg.830.site.112, 0, 149, 149
411483.3.peg.830.site.113, 1, 147, 148
411483.3.peg.830.site.114, 0, 149, 149
411483.3.peg.830.site.115, 0, 146, 146
411483.3.peg.830.site.116, 147, 150, 297
411483.3.peg.830.site.117, 5, 147, 152
411483.3.peg.830.site.118, 24, 148, 172
411483.3.peg.830.site.119, 1, 149, 150
411483.3.peg.830.site.120, 0, 149, 149
411483.3.peg.830.site.121, 2, 149, 151
411483.3.peg.830.site.122, 5, 148, 153
411483.3.peg.830.site.123, 20, 143, 163
411483.3.peg.830.site.124, 0, 151, 151
411483.3.peg.830.site.125, 1, 147, 148
411483.3.peg.830.site.126, 70, 123, 193
411483.3.peg.830.site.127, 1, 135, 136
411483.3.peg.830.site.128, 1, 91, 92
411483.3.peg.830.site.129, 39, 75, 114
411483.3.peg.830.site.130, 38, 76, 114
411483.3.peg.830.site.131, 2, 95, 97
411483.3.peg.830.site.132, 0, 116, 116
411483.3.peg.830.site.133, 0, 121, 121
411483.3.peg.830.site.134, 2, 141, 143
411483.3.peg.830.site.135, 4, 140, 144
411483.3.peg.830.site.136, 2, 145, 147
411483.3.peg.830.site.137, 0, 153, 153
411483.3.peg.830.site.138, 8, 152, 160
411483.3.peg.1315.site.1, 4, 145, 149
411483.3.peg.1315.site.2, 0, 152, 152
411483.3.peg.1315.site.3, 0, 152, 152
411483.3.peg.1312.site.1, 0, 153, 153
411483.3.peg.1312.site.2, 0, 153, 153
411483.3.peg.1312.site.3, 56, 143, 199
411483.3.peg.1312.site.4, 9, 151, 160
411483.3.peg.1312.site.5, 0, 153, 153
411483.3.peg.1312.site.6, 1, 147, 148
411483.3.peg.1312.site.7, 3, 151, 154
411483.3.peg.1312.site.8, 0, 152, 152
411483.3.peg.1312.site.9, 8, 152, 160
411483.3.peg.1312.site.10, 0, 152, 152
411483.3.peg.1312.site.11, 1, 152, 153
411483.3.peg.1312.site.12, 0, 153, 153
411483.3.peg.1312.site.13, 3, 152, 155
411483.3.peg.1312.site.14, 4, 151, 155
411483.3.peg.1312.site.15, 42, 144, 186
411483.3.peg.1312.site.16, 2, 150, 152
411483.3.peg.1312.site.17, 6, 150, 156
411483.3.peg.1312.site.18, 5, 149, 154
411483.3.peg.1312.site.19, 1, 153, 154
411483.3.peg.1312.site.20, 23, 146, 169
411483.3.peg.1312.site.21, 7, 145, 152
411483.3.peg.1312.site.22, 1, 150, 151
411483.3.peg.1312.site.23, 1, 152, 153
411483.3.peg.1312.site.24, 5, 149, 154
411483.3.peg.1312.site.25, 1, 150, 151
411483.3.peg.1312.site.26, 0, 149, 149
411483.3.peg.1312.site.27, 1, 152, 153
411483.3.peg.1312.site.28, 1, 153, 154
411483.3.peg.1312.site.29, 1, 152, 153
411483.3.peg.1312.site.30, 1, 151, 152
411483.3.peg.1312.site.31, 8, 143, 151
411483.3.peg.1312.site.32, 19, 142, 161
411483.3.peg.1312.site.33, 43, 141, 184
411483.3.peg.1312.site.34, 3, 150, 153
411483.3.peg.1312.site.35, 1, 148, 149
411483.3.peg.1312.site.36, 34, 143, 177
411483.3.peg.1312.site.37, 27, 143, 170
411483.3.peg.1312.site.38, 3, 145, 148
411483.3.peg.1312.site.39, 10, 140, 150
411483.3.peg.1312.site.40, 8, 144, 152
411483.3.peg.1312.site.41, 12, 142, 154
411483.3.peg.1312.site.42, 0, 149, 149
411483.3.peg.1312.site.43, 8, 144, 152
411483.3.peg.1312.site.44, 25, 138, 163
411483.3.peg.1312.site.45, 1, 146, 147
411483.3.peg.1312.site.46, 6, 133, 139
411483.3.peg.1312.site.47, 12, 116, 128
411483.3.peg.1312.site.48, 3, 89, 92
411483.3.peg.1312.site.49, 0, 97, 97
411483.3.peg.1312.site.50, 26, 89, 115
411483.3.peg.1312.site.51, 4, 109, 113
411483.3.peg.1312.site.52, 2, 120, 122
411483.3.peg.1312.site.53, 1, 124, 125
411483.3.peg.1312.site.54, 0, 127, 127
411483.3.peg.1312.site.55, 2, 126, 128
411483.3.peg.1312.site.56, 4, 124, 128
411483.3.peg.1312.site.57, 47, 110, 157
411483.3.peg.1312.site.58, 2, 127, 129
411483.3.peg.1312.site.59, 28, 108, 136
411483.3.peg.1312.site.60, 5, 125, 130
411483.3.peg.1312.site.61, 3, 122, 125
411483.3.peg.1312.site.62, 6, 118, 124
411483.3.peg.1312.site.63, 1, 110, 111
411483.3.peg.1312.site.64, 60, 105, 165
411483.3.peg.1312.site.65, 2, 116, 118
411483.3.peg.1312.site.66, 3, 116, 119
411483.3.peg.1312.site.67, 86, 103, 189
411483.3.peg.1312.site.68, 3, 106, 109
411483.3.peg.1312.site.69, 90, 98, 188
411483.3.peg.1312.site.70, 7, 100, 107
411483.3.peg.1312.site.71, 4, 102, 106
411483.3.peg.1312.site.72, 0, 104, 104
411483.3.peg.1312.site.73, 58, 100, 158
411483.3.peg.1312.site.74, 28, 102, 130
411483.3.peg.1312.site.75, 15, 120, 135
411483.3.peg.1312.site.76, 1, 113, 114
411483.3.peg.1312.site.77, 1, 136, 137
411483.3.peg.1312.site.78, 1, 140, 141
411483.3.peg.1312.site.79, 0, 134, 134
411483.3.peg.1312.site.80, 39, 130, 169
411483.3.peg.1312.site.81, 0, 138, 138
411483.3.peg.1312.site.82, 5, 134, 139
411483.3.peg.1312.site.83, 0, 142, 142
411483.3.peg.1312.site.84, 1, 139, 140
411483.3.peg.1312.site.85, 1, 130, 131
411483.3.peg.1312.site.86, 1, 135, 136
411483.3.peg.1312.site.87, 2, 144, 146
411483.3.peg.1312.site.88, 1, 144, 145
411483.3.peg.1312.site.89, 31, 131, 162
411483.3.peg.1312.site.90, 12, 118, 130
411483.3.peg.1312.site.91, 16, 118, 134
411483.3.peg.1312.site.92, 11, 120, 131
411483.3.peg.1312.site.93, 1, 113, 114
411483.3.peg.1312.site.94, 1, 93, 94
411483.3.peg.1312.site.95, 2, 57, 59
411483.3.peg.525.site.1, 7, 149, 156
411483.3.peg.525.site.2, 150, 154, 304
411483.3.peg.525.site.3, 1, 154, 155
411483.3.peg.525.site.4, 2, 146, 148
411483.3.peg.525.site.5, 6, 149, 155
411483.3.peg.525.site.6, 29, 146, 175
411483.3.peg.525.site.7, 2, 148, 150
411483.3.peg.525.site.8, 1, 147, 148
411483.3.peg.525.site.9, 22, 141, 163
411483.3.peg.525.site.10, 1, 151, 152
411483.3.peg.525.site.11, 2, 148, 150
411483.3.peg.525.site.12, 8, 150, 158
411483.3.peg.525.site.13, 11, 149, 160
411483.3.peg.525.site.14, 5, 151, 156
411483.3.peg.525.site.15, 0, 149, 149
411483.3.peg.525.site.16, 100, 147, 247
411483.3.peg.525.site.17, 0, 151, 151
411483.3.peg.525.site.18, 2, 148, 150
411483.3.peg.525.site.19, 9, 146, 155
411483.3.peg.525.site.20, 1, 148, 149
411483.3.peg.525.site.21, 4, 149, 153
411483.3.peg.525.site.22, 15, 151, 166
411483.3.peg.525.site.23, 40, 144, 184
411483.3.peg.525.site.24, 11, 145, 156
411483.3.peg.525.site.25, 15, 150, 165
411483.3.peg.525.site.26, 1, 150, 151
411483.3.peg.525.site.27, 8, 147, 155
411483.3.peg.525.site.28, 52, 137, 189
411483.3.peg.525.site.29, 2, 150, 152
411483.3.peg.525.site.30, 1, 149, 150
411483.3.peg.525.site.31, 76, 142, 218
411483.3.peg.525.site.32, 5, 148, 153
411483.3.peg.525.site.33, 0, 150, 150
411483.3.peg.525.site.34, 0, 150, 150
411483.3.peg.525.site.35, 0, 148, 148
411483.3.peg.525.site.36, 3, 152, 155
411483.3.peg.525.site.37, 0, 151, 151
411483.3.peg.525.site.38, 0, 145, 145
411483.3.peg.525.site.39, 2, 148, 150
411483.3.peg.525.site.40, 1, 152, 153
411483.3.peg.525.site.41, 2, 152, 154
411483.3.peg.525.site.42, 1, 146, 147
411483.3.peg.525.site.43, 8, 144, 152
411483.3.peg.525.site.44, 5, 147, 152
411483.3.peg.525.site.45, 0, 148, 148
411483.3.peg.525.site.46, 2, 142, 144
411483.3.peg.525.site.47, 1, 143, 144
411483.3.peg.525.site.48, 14, 139, 153
411483.3.peg.525.site.49, 3, 141, 144
411483.3.peg.525.site.50, 1, 142, 143
411483.3.peg.525.site.51, 1, 146, 147
411483.3.peg.525.site.52, 1, 153, 154
411483.3.peg.525.site.53, 4, 146, 150
411483.3.peg.525.site.54, 0, 153, 153
411483.3.peg.525.site.55, 0, 150, 150
411483.3.peg.525.site.56, 128, 131, 259
411483.3.peg.525.site.57, 6, 133, 139
411483.3.peg.525.site.58, 5, 119, 124
411483.3.peg.525.site.59, 49, 107, 156
411483.3.peg.525.site.60, 2, 134, 136
411483.3.peg.525.site.61, 6, 129, 135
411483.3.peg.525.site.62, 25, 139, 164
411483.3.peg.525.site.63, 7, 139, 146
411483.3.peg.525.site.64, 2, 138, 140
411483.3.peg.525.site.65, 2, 142, 144
411483.3.peg.525.site.66, 1, 125, 126
411483.3.peg.525.site.67, 1, 124, 125
411483.3.peg.525.site.68, 1, 120, 121
411483.3.peg.525.site.69, 0, 114, 114
411483.3.peg.525.site.70, 108, 112, 220
411483.3.peg.525.site.71, 10, 112, 122
411483.3.peg.525.site.72, 12, 128, 140
411483.3.peg.525.site.73, 1, 135, 136
411483.3.peg.525.site.74, 0, 142, 142
411483.3.peg.525.site.75, 15, 143, 158
411483.3.peg.525.site.76, 15, 149, 164
411483.3.peg.525.site.77, 7, 147, 154
411483.3.peg.525.site.78, 1, 138, 139
411483.3.peg.525.site.79, 1, 140, 141
411483.3.peg.525.site.80, 33, 126, 159
411483.3.peg.525.site.81, 76, 136, 212
411483.3.peg.525.site.82, 136, 143, 279
411483.3.peg.832.site.1, 13, 145, 158
411483.3.peg.832.site.2, 1, 152, 153
411483.3.peg.832.site.3, 0, 153, 153
411483.3.peg.832.site.4, 6, 154, 160
411483.3.peg.832.site.5, 1, 151, 152
411483.3.peg.832.site.6, 2, 153, 155
411483.3.peg.832.site.7, 0, 150, 150
411483.3.peg.832.site.8, 0, 151, 151
411483.3.peg.832.site.9, 9, 150, 159
411483.3.peg.832.site.10, 2, 151, 153
411483.3.peg.832.site.11, 2, 148, 150
411483.3.peg.832.site.12, 2, 145, 147
411483.3.peg.832.site.13, 70, 122, 192
411483.3.peg.832.site.14, 1, 119, 120
411483.3.peg.832.site.15, 1, 126, 127
411483.3.peg.832.site.16, 1, 122, 123
411483.3.peg.832.site.17, 2, 120, 122
411483.3.peg.832.site.18, 1, 116, 117
411483.3.peg.832.site.19, 2, 123, 125
411483.3.peg.832.site.20, 1, 118, 119
411483.3.peg.832.site.21, 3, 115, 118
411483.3.peg.832.site.22, 10, 117, 127
411483.3.peg.832.site.23, 3, 126, 129
411483.3.peg.832.site.24, 6, 121, 127
411483.3.peg.832.site.25, 2, 132, 134
411483.3.peg.832.site.26, 5, 121, 126
411483.3.peg.832.site.27, 6, 131, 137
411483.3.peg.832.site.28, 8, 116, 124
411483.3.peg.832.site.29, 98, 122, 220
411483.3.peg.832.site.30, 1, 130, 131
411483.3.peg.832.site.31, 12, 129, 141
411483.3.peg.832.site.32, 3, 137, 140
411483.3.peg.832.site.33, 2, 128, 130
411483.3.peg.832.site.34, 10, 129, 139
411483.3.peg.832.site.35, 1, 138, 139
411483.3.peg.832.site.36, 2, 134, 136
411483.3.peg.832.site.37, 6, 136, 142
411483.3.peg.832.site.38, 1, 139, 140
411483.3.peg.832.site.39, 1, 141, 142
411483.3.peg.832.site.40, 22, 133, 155
411483.3.peg.832.site.41, 20, 132, 152
411483.3.peg.1319.site.1, 2, 149, 151
411483.3.peg.1319.site.2, 1, 154, 155
411483.3.peg.1319.site.3, 1, 147, 148
411483.3.peg.1319.site.4, 4, 123, 127
411483.3.peg.1319.site.5, 2, 132, 134
411483.3.peg.1319.site.6, 3, 135, 138
411483.3.peg.1319.site.7, 2, 140, 142
411483.3.peg.1319.site.8, 6, 137, 143
411483.3.peg.1319.site.9, 23, 130, 153
411483.3.peg.1319.site.10, 1, 137, 138
411483.3.peg.1319.site.11, 9, 132, 141
411483.3.peg.1319.site.12, 11, 127, 138
411483.3.peg.1319.site.13, 3, 124, 127
411483.3.peg.1319.site.14, 10, 122, 132
411483.3.peg.1319.site.15, 27, 119, 146
411483.3.peg.1319.site.16, 1, 127, 128
411483.3.peg.1319.site.17, 51, 111, 162
411483.3.peg.1319.site.18, 41, 104, 145
411483.3.peg.1319.site.19, 2, 113, 115
411483.3.peg.1319.site.20, 3, 107, 110
411483.3.peg.1319.site.21, 0, 113, 113
411483.3.peg.1319.site.22, 3, 121, 124
411483.3.peg.1319.site.23, 3, 113, 116
411483.3.peg.1319.site.24, 4, 119, 123
411483.3.peg.1319.site.25, 1, 116, 117
411483.3.peg.1319.site.26, 1, 107, 108
411483.3.peg.1319.site.27, 11, 115, 126
411483.3.peg.1319.site.28, 117, 117, 234
411483.3.peg.1319.site.29, 0, 121, 121
411483.3.peg.1319.site.30, 6, 121, 127
411483.3.peg.1319.site.31, 35, 127, 162
411483.3.peg.1319.site.32, 4, 133, 137
411483.3.peg.1319.site.33, 2, 142, 144
411483.3.peg.1319.site.34, 1, 143, 144
411483.3.peg.1319.site.35, 5, 150, 155
411483.3.peg.1319.site.36, 5, 149, 154
411483.3.peg.1319.site.37, 14, 145, 159
411483.3.peg.1319.site.38, 119, 138, 257
411483.3.peg.1319.site.39, 126, 136, 262
411483.3.peg.1319.site.40, 14, 132, 146
411483.3.peg.1319.site.41, 63, 115, 178
411483.3.peg.1319.site.42, 0, 121, 121
411483.3.peg.1319.site.43, 0, 116, 116
411483.3.peg.1319.site.44, 4, 114, 118
411483.3.peg.1319.site.45, 1, 111, 112
411483.3.peg.1319.site.46, 3, 102, 105
411483.3.peg.1319.site.47, 5, 96, 101
411483.3.peg.1319.site.48, 3, 94, 97
411483.3.peg.1319.site.49, 5, 83, 88
411483.3.peg.1319.site.50, 1, 95, 96
411483.3.peg.1319.site.51, 1, 88, 89
411483.3.peg.1319.site.52, 7, 87, 94
411483.3.peg.1319.site.53, 5, 100, 105
411483.3.peg.1319.site.54, 2, 99, 101
411483.3.peg.1319.site.55, 33, 99, 132
411483.3.peg.1319.site.56, 42, 103, 145
411483.3.peg.1319.site.57, 1, 109, 110
411483.3.peg.1319.site.58, 1, 107, 108
411483.3.peg.1319.site.59, 7, 123, 130
411483.3.peg.1319.site.60, 15, 126, 141
411483.3.peg.1319.site.61, 1, 134, 135
411483.3.peg.1319.site.62, 71, 124, 195
411483.3.peg.1319.site.63, 4, 132, 136
411483.3.peg.1319.site.64, 1, 125, 126
411483.3.peg.1319.site.65, 1, 119, 120
411483.3.peg.1319.site.66, 3, 119, 122
411483.3.peg.1319.site.67, 26, 100, 126
411483.3.peg.1319.site.68, 0, 111, 111
411483.3.peg.1319.site.69, 5, 104, 109
411483.3.peg.1319.site.70, 1, 106, 107
411483.3.peg.1319.site.71, 86, 101, 187
411483.3.peg.1319.site.72, 8, 100, 108
411483.3.peg.1319.site.73, 5, 106, 111
411483.3.peg.1319.site.74, 29, 103, 132
411483.3.peg.1319.site.75, 0, 129, 129
411483.3.peg.1319.site.76, 7, 127, 134
411483.3.peg.1319.site.77, 2, 127, 129
411483.3.peg.1319.site.78, 6, 127, 133
411483.3.peg.1319.site.79, 1, 128, 129
411483.3.peg.1319.site.80, 0, 139, 139
411483.3.peg.1319.site.81, 3, 139, 142
411483.3.peg.1319.site.82, 1, 137, 138
411483.3.peg.1319.site.83, 1, 135, 136
411483.3.peg.1319.site.84, 5, 138, 143
411483.3.peg.1319.site.85, 13, 133, 146
411483.3.peg.1319.site.86, 0, 137, 137
411483.3.peg.1319.site.87, 5, 130, 135
411483.3.peg.1319.site.88, 7, 84, 91
411483.3.peg.1319.site.89, 74, 74, 148
411483.3.peg.1319.site.90, 1, 47, 48
411483.3.peg.1319.site.91, 1, 49, 50
411483.3.peg.1319.site.92, 25, 25, 50
411483.3.peg.1319.site.93, 2, 18, 20
411483.3.peg.1319.site.94, 1, 24, 25
411483.3.peg.1319.site.95, 18, 20, 38
411483.3.peg.1319.site.96, 14, 25, 39
411483.3.peg.1319.site.97, 6, 37, 43
411483.3.peg.1319.site.98, 1, 66, 67
411483.3.peg.1319.site.99, 2, 131, 133
411483.3.peg.1319.site.100, 5, 137, 142
411483.3.peg.1319.site.101, 2, 136, 138
411483.3.peg.1319.site.102, 0, 140, 140
411483.3.peg.1319.site.103, 1, 134, 135
411483.3.peg.1319.site.104, 12, 134, 146
411483.3.peg.1319.site.105, 6, 134, 140
411483.3.peg.1319.site.106, 51, 125, 176
411483.3.peg.1319.site.107, 0, 135, 135
411483.3.peg.1319.site.108, 5, 129, 134
411483.3.peg.1319.site.109, 1, 126, 127
411483.3.peg.1319.site.110, 0, 128, 128
411483.3.peg.1319.site.111, 58, 116, 174
411483.3.peg.1319.site.112, 0, 130, 130
411483.3.peg.1319.site.113, 19, 125, 144
411483.3.peg.1319.site.114, 7, 111, 118
411483.3.peg.1319.site.115, 15, 78, 93
411483.3.peg.1319.site.116, 9, 71, 80
411483.3.peg.1319.site.117, 43, 54, 97
411483.3.peg.1319.site.118, 23, 53, 76
411483.3.peg.1319.site.119, 12, 44, 56
411483.3.peg.1319.site.120, 23, 41, 64
411483.3.peg.1319.site.121, 40, 41, 81
411483.3.peg.1319.site.122, 1, 53, 54
411483.3.peg.1319.site.123, 1, 54, 55
411483.3.peg.1319.site.124, 19, 70, 89
411483.3.peg.1319.site.125, 17, 97, 114
411483.3.peg.1319.site.126, 12, 117, 129
411483.3.peg.1319.site.127, 17, 116, 133
411483.3.peg.1319.site.128, 5, 116, 121
411483.3.peg.1319.site.129, 27, 106, 133
411483.3.peg.1319.site.130, 5, 103, 108
411483.3.peg.1319.site.131, 5, 108, 113
411483.3.peg.1319.site.132, 0, 103, 103
411483.3.peg.1319.site.133, 11, 85, 96
411483.3.peg.1319.site.134, 50, 87, 137
411483.3.peg.1319.site.135, 4, 94, 98
411483.3.peg.1319.site.136, 2, 88, 90
411483.3.peg.1319.site.137, 27, 69, 96
411483.3.peg.1319.site.138, 5, 79, 84
411483.3.peg.1319.site.139, 1, 77, 78
411483.3.peg.1319.site.140, 71, 82, 153
411483.3.peg.1319.site.141, 7, 77, 84
411483.3.peg.1319.site.142, 2, 80, 82
411483.3.peg.1319.site.143, 7, 90, 97
411483.3.peg.1319.site.144, 93, 95, 188
411483.3.peg.1319.site.145, 13, 99, 112
411483.3.peg.1319.site.146, 2, 103, 105
411483.3.peg.1319.site.147, 91, 95, 186
411483.3.peg.1319.site.148, 3, 105, 108
411483.3.peg.1319.site.149, 11, 105, 116
411483.3.peg.1319.site.150, 2, 113, 115
411483.3.peg.1319.site.151, 0, 117, 117
411483.3.peg.1319.site.152, 4, 113, 117
411483.3.peg.1319.site.153, 48, 122, 170
411483.3.peg.1319.site.154, 43, 122, 165
411483.3.peg.1319.site.155, 1, 135, 136
411483.3.peg.1319.site.156, 2, 139, 141
411483.3.peg.1319.site.157, 1, 132, 133
411483.3.peg.1319.site.158, 0, 132, 132
411483.3.peg.1319.site.159, 3, 132, 135
411483.3.peg.1319.site.160, 1, 133, 134
411483.3.peg.1319.site.161, 52, 115, 167
411483.3.peg.1319.site.162, 3, 123, 126
411483.3.peg.1319.site.163, 1, 121, 122
411483.3.peg.1319.site.164, 2, 103, 105
411483.3.peg.1319.site.165, 1, 106, 107
411483.3.peg.1319.site.166, 17, 108, 125
411483.3.peg.1319.site.167, 1, 113, 114
411483.3.peg.1319.site.168, 112, 112, 224
411483.3.peg.1319.site.169, 2, 118, 120
411483.3.peg.1319.site.170, 1, 121, 122
411483.3.peg.1319.site.171, 1, 131, 132
411483.3.peg.1319.site.172, 1, 130, 131
411483.3.peg.1319.site.173, 0, 145, 145
411483.3.peg.1319.site.174, 1, 145, 146
411483.3.peg.1319.site.175, 54, 136, 190
411483.3.peg.1319.site.176, 1, 142, 143
411483.3.peg.1319.site.177, 0, 143, 143
411483.3.peg.1319.site.178, 3, 146, 149
411483.3.peg.1319.site.179, 13, 143, 156
411483.3.peg.1319.site.180, 1, 145, 146
411483.3.peg.1319.site.181, 2, 148, 150
411483.3.peg.1319.site.182, 14, 144, 158
411483.3.peg.1319.site.183, 6, 151, 157
411483.3.peg.1319.site.184, 1, 149, 150
411483.3.peg.1319.site.185, 0, 149, 149
411483.3.peg.1319.site.186, 8, 148, 156
411483.3.peg.1319.site.187, 4, 152, 156
411483.3.peg.2199.site.1, 4, 154, 158
411483.3.peg.2199.site.2, 2, 154, 156
411483.3.peg.2199.site.3, 2, 154, 156
411483.3.peg.2199.site.4, 4, 151, 155
411483.3.peg.2199.site.5, 2, 149, 151
411483.3.peg.2199.site.6, 2, 154, 156
411483.3.peg.2199.site.7, 0, 150, 150
411483.3.peg.2199.site.8, 1, 151, 152
411483.3.peg.2199.site.9, 1, 150, 151
411483.3.peg.2199.site.10, 0, 146, 146
411483.3.peg.2199.site.11, 0, 144, 144
411483.3.peg.2199.site.12, 0, 145, 145
411483.3.peg.2199.site.13, 2, 151, 153
411483.3.peg.2199.site.14, 0, 147, 147
411483.3.peg.2199.site.15, 7, 149, 156
411483.3.peg.2199.site.16, 89, 143, 232
411483.3.peg.2199.site.17, 124, 147, 271
411483.3.peg.2199.site.18, 5, 153, 158
411483.3.peg.2199.site.19, 24, 147, 171
411483.3.peg.2199.site.20, 3, 152, 155
411483.3.peg.2199.site.21, 2, 150, 152
411483.3.peg.2199.site.22, 0, 151, 151
411483.3.peg.2199.site.23, 2, 151, 153
411483.3.peg.2199.site.24, 4, 150, 154
411483.3.peg.2199.site.25, 9, 153, 162
411483.3.peg.2199.site.26, 154, 154, 308
411483.3.peg.2199.site.27, 0, 150, 150
411483.3.peg.2199.site.28, 0, 154, 154
411483.3.peg.2199.site.29, 2, 154, 156
411483.3.peg.2199.site.30, 3, 152, 155
411483.3.peg.2199.site.31, 0, 153, 153
411483.3.peg.2199.site.32, 1, 152, 153
411483.3.peg.2199.site.33, 7, 151, 158
411483.3.peg.2199.site.34, 1, 152, 153
411483.3.peg.2199.site.35, 2, 148, 150
411483.3.peg.2199.site.36, 3, 151, 154
411483.3.peg.2199.site.37, 3, 146, 149
411483.3.peg.2199.site.38, 1, 145, 146
411483.3.peg.2199.site.39, 2, 146, 148
411483.3.peg.2199.site.40, 4, 148, 152
411483.3.peg.2199.site.41, 0, 142, 142
411483.3.peg.2199.site.42, 2, 149, 151
411483.3.peg.2199.site.43, 2, 145, 147
411483.3.peg.2199.site.44, 1, 148, 149
411483.3.peg.2199.site.45, 122, 139, 261
411483.3.peg.2199.site.46, 1, 147, 148
411483.3.peg.2199.site.47, 1, 152, 153
411483.3.peg.2199.site.48, 2, 150, 152
411483.3.peg.2199.site.49, 0, 153, 153
411483.3.peg.2199.site.50, 32, 148, 180
411483.3.peg.2199.site.51, 1, 150, 151
411483.3.peg.2199.site.52, 3, 150, 153
411483.3.peg.2199.site.53, 4, 150, 154
411483.3.peg.2199.site.54, 12, 148, 160
411483.3.peg.2199.site.55, 2, 154, 156
411483.3.peg.2199.site.56, 13, 147, 160
411483.3.peg.2199.site.57, 5, 154, 159
411483.3.peg.2199.site.58, 0, 155, 155
411483.3.peg.2199.site.59, 5, 155, 160
411483.3.peg.2199.site.60, 0, 154, 154
411483.3.peg.2199.site.61, 3, 154, 157
411483.3.peg.2199.site.62, 1, 154, 155
411483.3.peg.2199.site.63, 0, 155, 155
411483.3.peg.2199.site.64, 14, 154, 168
411483.3.peg.2199.site.65, 8, 154, 162
411483.3.peg.2199.site.66, 79, 138, 217
411483.3.peg.2199.site.67, 0, 153, 153
411483.3.peg.2199.site.68, 0, 154, 154
411483.3.peg.2199.site.69, 2, 152, 154
411483.3.peg.2199.site.70, 2, 151, 153
411483.3.peg.2199.site.71, 0, 153, 153
411483.3.peg.2199.site.72, 7, 154, 161
411483.3.peg.2199.site.73, 2, 151, 153
411483.3.peg.2199.site.74, 2, 153, 155
411483.3.peg.2199.site.75, 2, 153, 155
411483.3.peg.2199.site.76, 2, 153, 155
411483.3.peg.2199.site.77, 1, 155, 156
411483.3.peg.2198.site.1, 0, 155, 155
411483.3.peg.2198.site.2, 1, 153, 154
411483.3.peg.2198.site.3, 1, 155, 156
411483.3.peg.2198.site.4, 0, 153, 153
411483.3.peg.2198.site.5, 1, 155, 156
411483.3.peg.2198.site.6, 1, 153, 154
411483.3.peg.2198.site.7, 2, 155, 157
411483.3.peg.2198.site.8, 12, 150, 162
411483.3.peg.2198.site.9, 42, 144, 186
411483.3.peg.2198.site.10, 1, 155, 156
411483.3.peg.2198.site.11, 58, 146, 204
411483.3.peg.2198.site.12, 56, 147, 203
411483.3.peg.2198.site.13, 2, 153, 155
411483.3.peg.2198.site.14, 0, 152, 152
411483.3.peg.2198.site.15, 0, 152, 152
411483.3.peg.2198.site.16, 1, 155, 156
411483.3.peg.2198.site.17, 4, 155, 159
411483.3.peg.2198.site.18, 0, 154, 154
411483.3.peg.2198.site.19, 3, 154, 157
411483.3.peg.2198.site.20, 1, 154, 155
411483.3.peg.2198.site.21, 1, 155, 156
411483.3.peg.2198.site.22, 18, 153, 171
411483.3.peg.2198.site.23, 0, 154, 154
411483.3.peg.2198.site.24, 38, 144, 182
411483.3.peg.2198.site.25, 5, 154, 159
411483.3.peg.2198.site.26, 5, 153, 158
411483.3.peg.2198.site.27, 2, 154, 156
411483.3.peg.2198.site.28, 1, 154, 155
411483.3.peg.2198.site.29, 4, 153, 157
411483.3.peg.2198.site.30, 4, 154, 158
411483.3.peg.2198.site.31, 2, 152, 154
411483.3.peg.2198.site.32, 2, 152, 154
411483.3.peg.2198.site.33, 7, 152, 159
411483.3.peg.2198.site.34, 43, 144, 187
411483.3.peg.2198.site.35, 4, 154, 158
411483.3.peg.2198.site.36, 6, 153, 159
411483.3.peg.2198.site.37, 0, 143, 143
411483.3.peg.2198.site.38, 6, 131, 137
411483.3.peg.2198.site.39, 5, 114, 119
411483.3.peg.2198.site.40, 1, 136, 137
411483.3.peg.2198.site.41, 1, 137, 138
411483.3.peg.2198.site.42, 17, 136, 153
411483.3.peg.2198.site.43, 0, 145, 145
411483.3.peg.2198.site.44, 1, 150, 151
411483.3.peg.2198.site.45, 19, 144, 163
411483.3.peg.2198.site.46, 0, 152, 152
411483.3.peg.2198.site.47, 20, 150, 170
411483.3.peg.2198.site.48, 3, 154, 157
411483.3.peg.2198.site.49, 3, 153, 156
411483.3.peg.2198.site.50, 3, 155, 158
411483.3.peg.2198.site.51, 0, 155, 155
411483.3.peg.2198.site.52, 16, 148, 164
411483.3.peg.2198.site.53, 28, 147, 175
411483.3.peg.2198.site.54, 2, 155, 157
411483.3.peg.2198.site.55, 1, 153, 154
411483.3.peg.2198.site.56, 36, 143, 179
411483.3.peg.2198.site.57, 104, 141, 245
411483.3.peg.2198.site.58, 59, 143, 202
411483.3.peg.2198.site.59, 2, 151, 153
411483.3.peg.2198.site.60, 31, 142, 173
411483.3.peg.2198.site.61, 2, 151, 153
411483.3.peg.2198.site.62, 2, 151, 153
411483.3.peg.2198.site.63, 2, 153, 155
411483.3.peg.2198.site.64, 6, 151, 157
411483.3.peg.2198.site.65, 6, 155, 161
411483.3.peg.2198.site.66, 4, 154, 158
411483.3.peg.2198.site.67, 2, 155, 157
411483.3.peg.2191.site.1, 10, 148, 158
411483.3.peg.2191.site.2, 0, 150, 150
411483.3.peg.2191.site.3, 8, 150, 158
411483.3.peg.2191.site.4, 80, 144, 224
411483.3.peg.2191.site.5, 4, 152, 156
411483.3.peg.2191.site.6, 1, 148, 149
411483.3.peg.2191.site.7, 4, 134, 138
411483.3.peg.2191.site.8, 7, 147, 154
411483.3.peg.2191.site.9, 3, 154, 157
411483.3.peg.2191.site.10, 3, 154, 157
411483.3.peg.2191.site.11, 21, 151, 172
411483.3.peg.2191.site.12, 5, 152, 157
411483.3.peg.2191.site.13, 0, 150, 150
411483.3.peg.2191.site.14, 3, 152, 155
411483.3.peg.2191.site.15, 3, 149, 152
411483.3.peg.2191.site.16, 1, 149, 150
411483.3.peg.2191.site.17, 9, 146, 155
411483.3.peg.2191.site.18, 2, 148, 150
411483.3.peg.2191.site.19, 8, 142, 150
411483.3.peg.2191.site.20, 4, 149, 153
411483.3.peg.2191.site.21, 34, 139, 173
411483.3.peg.2191.site.22, 8, 148, 156
411483.3.peg.2191.site.23, 0, 149, 149
411483.3.peg.2191.site.24, 0, 151, 151
411483.3.peg.2191.site.25, 0, 151, 151
411483.3.peg.2191.site.26, 4, 152, 156
411483.3.peg.2191.site.27, 4, 153, 157
411483.3.peg.2191.site.28, 74, 143, 217
411483.3.peg.2191.site.29, 6, 153, 159
411483.3.peg.2191.site.30, 0, 151, 151
411483.3.peg.2191.site.31, 4, 153, 157
411483.3.peg.2191.site.32, 0, 154, 154
411483.3.peg.2191.site.33, 22, 148, 170
411483.3.peg.2191.site.34, 0, 153, 153
411483.3.peg.2191.site.35, 8, 151, 159
411483.3.peg.2191.site.36, 122, 142, 264
411483.3.peg.2191.site.37, 5, 150, 155
411483.3.peg.2191.site.38, 1, 146, 147
411483.3.peg.2191.site.39, 3, 145, 148
411483.3.peg.2191.site.40, 0, 153, 153
411483.3.peg.2191.site.41, 7, 154, 161
411483.3.peg.2191.site.42, 147, 154, 301
411483.3.peg.2191.site.43, 2, 155, 157
411483.3.peg.2191.site.44, 65, 144, 209
411483.3.peg.2191.site.45, 2, 152, 154
411483.3.peg.2191.site.46, 2, 154, 156
411483.3.peg.2191.site.47, 122, 148, 270
411483.3.peg.2191.site.48, 46, 141, 187
411483.3.peg.2191.site.49, 1, 150, 151
411483.3.peg.2191.site.50, 10, 152, 162
411483.3.peg.2191.site.51, 20, 149, 169
411483.3.peg.2191.site.52, 2, 153, 155
411483.3.peg.2191.site.53, 2, 154, 156
411483.3.peg.2191.site.54, 0, 155, 155
411483.3.peg.2191.site.55, 5, 154, 159
411483.3.peg.2191.site.56, 8, 150, 158
411483.3.peg.2191.site.57, 2, 155, 157
411483.3.peg.2190.site.1, 16, 23, 39
411483.3.peg.2190.site.2, 7, 8, 15
411483.3.peg.2190.site.3, 8, 16, 24
411483.3.peg.2190.site.4, 1, 155, 156
411483.3.peg.2190.site.5, 15, 150, 165
411483.3.peg.2190.site.6, 0, 155, 155
411483.3.peg.2190.site.7, 79, 146, 225
411483.3.peg.2190.site.8, 0, 152, 152
411483.3.peg.2190.site.9, 0, 153, 153
411483.3.peg.2190.site.10, 14, 149, 163
411483.3.peg.2193.site.1, 6, 146, 152
411483.3.peg.2193.site.2, 4, 153, 157
411483.3.peg.2193.site.3, 10, 153, 163
411483.3.peg.2193.site.4, 151, 152, 303
411483.3.peg.2193.site.5, 13, 147, 160
411483.3.peg.2193.site.6, 38, 144, 182
411483.3.peg.2193.site.7, 1, 148, 149
411483.3.peg.2193.site.8, 1, 145, 146
411483.3.peg.2193.site.9, 2, 146, 148
411483.3.peg.2193.site.10, 102, 138, 240
411483.3.peg.2193.site.11, 6, 143, 149
411483.3.peg.2193.site.12, 1, 147, 148
411483.3.peg.2193.site.13, 7, 150, 157
411483.3.peg.2193.site.14, 0, 152, 152
411483.3.peg.2193.site.15, 0, 150, 150
411483.3.peg.2193.site.16, 1, 151, 152
411483.3.peg.2193.site.17, 2, 152, 154
411483.3.peg.2193.site.18, 143, 151, 294
411483.3.peg.2193.site.19, 17, 146, 163
411483.3.peg.2193.site.20, 68, 142, 210
411483.3.peg.2193.site.21, 16, 145, 161
411483.3.peg.2193.site.22, 15, 152, 167
411483.3.peg.2193.site.23, 8, 150, 158
411483.3.peg.2193.site.24, 6, 155, 161
411483.3.peg.2193.site.25, 1, 154, 155
411483.3.peg.2193.site.26, 14, 149, 163
411483.3.peg.2193.site.27, 3, 150, 153
411483.3.peg.2193.site.28, 8, 152, 160
411483.3.peg.2193.site.29, 5, 154, 159
411483.3.peg.2193.site.30, 1, 153, 154
411483.3.peg.2193.site.31, 7, 152, 159
411483.3.peg.2193.site.32, 4, 154, 158
411483.3.peg.2193.site.33, 3, 152, 155
411483.3.peg.2193.site.34, 2, 152, 154
411483.3.peg.2193.site.35, 0, 147, 147
411483.3.peg.2193.site.36, 136, 143, 279
411483.3.peg.2193.site.37, 3, 145, 148
411483.3.peg.2193.site.38, 1, 143, 144
411483.3.peg.2193.site.39, 5, 149, 154
411483.3.peg.2193.site.40, 1, 148, 149
411483.3.peg.2193.site.41, 4, 147, 151
411483.3.peg.2193.site.42, 7, 151, 158
411483.3.peg.2193.site.43, 3, 151, 154
411483.3.peg.2193.site.44, 1, 148, 149
411483.3.peg.2193.site.45, 0, 151, 151
411483.3.peg.2193.site.46, 44, 143, 187
411483.3.peg.2193.site.47, 83, 139, 222
411483.3.peg.2193.site.48, 8, 148, 156
411483.3.peg.2193.site.49, 1, 148, 149
411483.3.peg.2193.site.50, 4, 149, 153
411483.3.peg.2193.site.51, 7, 144, 151
411483.3.peg.2193.site.52, 4, 145, 149
411483.3.peg.2193.site.53, 4, 142, 146
411483.3.peg.2193.site.54, 6, 138, 144
411483.3.peg.2193.site.55, 6, 129, 135
411483.3.peg.2193.site.56, 39, 125, 164
411483.3.peg.2193.site.57, 5, 131, 136
411483.3.peg.2193.site.58, 1, 137, 138
411483.3.peg.2193.site.59, 2, 134, 136
411483.3.peg.2193.site.60, 68, 143, 211
411483.3.peg.2193.site.61, 1, 154, 155
411483.3.peg.2193.site.62, 21, 151, 172
411483.3.peg.2193.site.63, 3, 155, 158
411483.3.peg.2193.site.64, 4, 155, 159
411483.3.peg.2193.site.65, 8, 153, 161
411483.3.peg.2193.site.66, 148, 152, 300
411483.3.peg.2193.site.67, 8, 153, 161
411483.3.peg.2193.site.68, 1, 154, 155
411483.3.peg.2193.site.69, 98, 148, 246
411483.3.peg.2193.site.70, 112, 150, 262
411483.3.peg.2193.site.71, 4, 155, 159
411483.3.peg.2193.site.72, 133, 153, 286
411483.3.peg.2193.site.73, 2, 155, 157
411483.3.peg.2193.site.74, 8, 152, 160
411483.3.peg.2193.site.75, 31, 150, 181
411483.3.peg.2193.site.76, 1, 155, 156
411483.3.peg.2193.site.77, 3, 154, 157
411483.3.peg.2193.site.78, 0, 155, 155
411483.3.peg.2193.site.79, 2, 153, 155
411483.3.peg.2193.site.80, 1, 152, 153
411483.3.peg.2193.site.81, 2, 146, 148
411483.3.peg.2193.site.82, 1, 151, 152
411483.3.peg.2193.site.83, 1, 153, 154
411483.3.peg.2193.site.84, 1, 154, 155
411483.3.peg.2193.site.85, 0, 151, 151
411483.3.peg.2193.site.86, 9, 150, 159
411483.3.peg.2193.site.87, 0, 151, 151
411483.3.peg.2193.site.88, 1, 150, 151
411483.3.peg.2193.site.89, 0, 151, 151
411483.3.peg.2193.site.90, 0, 151, 151
411483.3.peg.2193.site.91, 2, 152, 154
411483.3.peg.2193.site.92, 7, 140, 147
411483.3.peg.2193.site.93, 0, 139, 139
411483.3.peg.2193.site.94, 5, 144, 149
411483.3.peg.2193.site.95, 0, 142, 142
411483.3.peg.2193.site.96, 0, 147, 147
411483.3.peg.2193.site.97, 76, 139, 215
411483.3.peg.2193.site.98, 3, 150, 153
411483.3.peg.2193.site.99, 3, 151, 154
411483.3.peg.2193.site.100, 0, 149, 149
411483.3.peg.2193.site.101, 2, 149, 151
411483.3.peg.2193.site.102, 16, 135, 151
411483.3.peg.2193.site.103, 1, 143, 144
411483.3.peg.2193.site.104, 137, 144, 281
411483.3.peg.2193.site.105, 1, 142, 143
411483.3.peg.2193.site.106, 4, 142, 146
411483.3.peg.2193.site.107, 2, 143, 145
411483.3.peg.2193.site.108, 5, 134, 139
411483.3.peg.2193.site.109, 4, 146, 150
411483.3.peg.2193.site.110, 6, 144, 150
411483.3.peg.2193.site.111, 1, 141, 142
411483.3.peg.2193.site.112, 2, 141, 143
411483.3.peg.2193.site.113, 3, 136, 139
411483.3.peg.2193.site.114, 33, 132, 165
411483.3.peg.2193.site.115, 1, 134, 135
411483.3.peg.2193.site.116, 1, 123, 124
411483.3.peg.2193.site.117, 14, 126, 140
411483.3.peg.2193.site.118, 2, 128, 130
411483.3.peg.2193.site.119, 46, 111, 157
411483.3.peg.2193.site.120, 2, 137, 139
411483.3.peg.2193.site.121, 5, 141, 146
411483.3.peg.2193.site.122, 1, 148, 149
411483.3.peg.2193.site.123, 5, 145, 150
411483.3.peg.2193.site.124, 1, 152, 153
411483.3.peg.2193.site.125, 67, 144, 211
411483.3.peg.2193.site.126, 1, 147, 148
411483.3.peg.2193.site.127, 0, 146, 146
411483.3.peg.2193.site.128, 2, 145, 147
411483.3.peg.2193.site.129, 1, 148, 149
411483.3.peg.2193.site.130, 0, 147, 147
411483.3.peg.2193.site.131, 4, 145, 149
411483.3.peg.2193.site.132, 12, 143, 155
411483.3.peg.2193.site.133, 9, 145, 154
411483.3.peg.2193.site.134, 7, 149, 156
411483.3.peg.2193.site.135, 3, 131, 134
411483.3.peg.2193.site.136, 14, 139, 153
411483.3.peg.2193.site.137, 2, 147, 149
411483.3.peg.2193.site.138, 4, 142, 146
411483.3.peg.2193.site.139, 0, 151, 151
411483.3.peg.2193.site.140, 1, 153, 154
411483.3.peg.2193.site.141, 11, 148, 159
411483.3.peg.2193.site.142, 11, 150, 161
411483.3.peg.2193.site.143, 1, 151, 152
411483.3.peg.2193.site.144, 1, 152, 153
411483.3.peg.2193.site.145, 1, 153, 154
411483.3.peg.2193.site.146, 1, 153, 154
411483.3.peg.2193.site.147, 1, 155, 156
411483.3.peg.2193.site.148, 65, 142, 207
411483.3.peg.2193.site.149, 3, 155, 158
411483.3.peg.2193.site.150, 0, 154, 154
411483.3.peg.2192.site.1, 13, 138, 151
411483.3.peg.2192.site.2, 0, 139, 139
411483.3.peg.2192.site.3, 12, 137, 149
411483.3.peg.2192.site.4, 3, 138, 141
411483.3.peg.2192.site.5, 0, 136, 136
411483.3.peg.2192.site.6, 3, 140, 143
411483.3.peg.2192.site.7, 1, 140, 141
411483.3.peg.2192.site.8, 5, 138, 143
411483.3.peg.2192.site.9, 1, 139, 140
411483.3.peg.2192.site.10, 2, 136, 138
411483.3.peg.2192.site.11, 2, 135, 137
411483.3.peg.2192.site.12, 21, 129, 150
411483.3.peg.2192.site.13, 4, 134, 138
411483.3.peg.2192.site.14, 2, 134, 136
411483.3.peg.2192.site.15, 0, 132, 132
411483.3.peg.2192.site.16, 2, 136, 138
411483.3.peg.2192.site.17, 5, 136, 141
411483.3.peg.2192.site.18, 4, 138, 142
411483.3.peg.2192.site.19, 17, 137, 154
411483.3.peg.2192.site.20, 14, 138, 152
411483.3.peg.2192.site.21, 8, 137, 145
411483.3.peg.2192.site.22, 2, 140, 142
411483.3.peg.2192.site.23, 0, 139, 139
411483.3.peg.2192.site.24, 6, 139, 145
411483.3.peg.2192.site.25, 0, 137, 137
411483.3.peg.2192.site.26, 4, 137, 141
411483.3.peg.2192.site.27, 9, 140, 149
411483.3.peg.2192.site.28, 2, 141, 143
411483.3.peg.2192.site.29, 7, 141, 148
411483.3.peg.2192.site.30, 2, 139, 141
411483.3.peg.2192.site.31, 3, 139, 142
411483.3.peg.2192.site.32, 6, 139, 145
411483.3.peg.2192.site.33, 1, 134, 135
411483.3.peg.2192.site.34, 1, 138, 139
411483.3.peg.2192.site.35, 4, 135, 139
411483.3.peg.2192.site.36, 5, 133, 138
411483.3.peg.2192.site.37, 54, 129, 183
411483.3.peg.2192.site.38, 0, 131, 131
411483.3.peg.2192.site.39, 1, 133, 134
411483.3.peg.2192.site.40, 134, 135, 269
411483.3.peg.2192.site.41, 133, 136, 269
411483.3.peg.2192.site.42, 2, 139, 141
411483.3.peg.2192.site.43, 136, 140, 276
411483.3.peg.2192.site.44, 2, 142, 144
411483.3.peg.2192.site.45, 7, 139, 146
411483.3.peg.2192.site.46, 7, 139, 146
411483.3.peg.2192.site.47, 2, 142, 144
411483.3.peg.2192.site.48, 4, 139, 143
411483.3.peg.2192.site.49, 12, 143, 155
411483.3.peg.2192.site.50, 1, 139, 140
411483.3.peg.2192.site.51, 2, 141, 143
411483.3.peg.2192.site.52, 2, 141, 143
411483.3.peg.2192.site.53, 50, 135, 185
411483.3.peg.2192.site.54, 2, 143, 145
411483.3.peg.2192.site.55, 2, 141, 143
411483.3.peg.2192.site.56, 10, 141, 151
411483.3.peg.2192.site.57, 1, 141, 142
411483.3.peg.2192.site.58, 1, 143, 144
411483.3.peg.2192.site.59, 18, 141, 159
411483.3.peg.2192.site.60, 2, 143, 145
411483.3.peg.2192.site.61, 2, 143, 145
411483.3.peg.2192.site.62, 1, 143, 144
411483.3.peg.2192.site.63, 7, 141, 148
411483.3.peg.2192.site.64, 1, 142, 143
411483.3.peg.2192.site.65, 8, 141, 149
411483.3.peg.2192.site.66, 5, 139, 144
411483.3.peg.2192.site.67, 3, 138, 141
411483.3.peg.2192.site.68, 0, 141, 141
411483.3.peg.2192.site.69, 1, 145, 146
411483.3.peg.2192.site.70, 0, 152, 152
411483.3.peg.2192.site.71, 2, 153, 155
411483.3.peg.2192.site.72, 0, 150, 150
411483.3.peg.2192.site.73, 0, 148, 148
411483.3.peg.2192.site.74, 0, 147, 147
411483.3.peg.2192.site.75, 4, 146, 150
411483.3.peg.2192.site.76, 0, 145, 145
411483.3.peg.2192.site.77, 63, 121, 184
411483.3.peg.2192.site.78, 44, 125, 169
411483.3.peg.2192.site.79, 8, 140, 148
411483.3.peg.2192.site.80, 3, 148, 151
411483.3.peg.2192.site.81, 1, 147, 148
411483.3.peg.2192.site.82, 1, 149, 150
411483.3.peg.2192.site.83, 1, 148, 149
411483.3.peg.2192.site.84, 87, 136, 223
411483.3.peg.2192.site.85, 4, 140, 144
411483.3.peg.2192.site.86, 9, 145, 154
411483.3.peg.2192.site.87, 4, 140, 144
411483.3.peg.2192.site.88, 1, 140, 141
411483.3.peg.2192.site.89, 6, 131, 137
411483.3.peg.2192.site.90, 1, 131, 132
411483.3.peg.2192.site.91, 5, 115, 120
411483.3.peg.2192.site.92, 0, 113, 113
411483.3.peg.2192.site.93, 1, 74, 75
411483.3.peg.2195.site.1, 1, 142, 143
411483.3.peg.2195.site.2, 1, 155, 156
411483.3.peg.2195.site.3, 1, 154, 155
411483.3.peg.2195.site.4, 4, 154, 158
411483.3.peg.2195.site.5, 48, 146, 194
411483.3.peg.2195.site.6, 81, 149, 230
411483.3.peg.2195.site.7, 5, 154, 159
411483.3.peg.2195.site.8, 1, 155, 156
411483.3.peg.2195.site.9, 1, 151, 152
411483.3.peg.2195.site.10, 3, 148, 151
411483.3.peg.2195.site.11, 1, 151, 152
411483.3.peg.2195.site.12, 0, 152, 152
411483.3.peg.2195.site.13, 1, 153, 154
411483.3.peg.2195.site.14, 0, 153, 153
411483.3.peg.2195.site.15, 58, 141, 199
411483.3.peg.2195.site.16, 2, 152, 154
411483.3.peg.2195.site.17, 14, 151, 165
411483.3.peg.2195.site.18, 19, 149, 168
411483.3.peg.2195.site.19, 49, 146, 195
411483.3.peg.2195.site.20, 2, 154, 156
411483.3.peg.2195.site.21, 3, 152, 155
411483.3.peg.2195.site.22, 8, 152, 160
411483.3.peg.2195.site.23, 4, 150, 154
411483.3.peg.2195.site.24, 4, 152, 156
411483.3.peg.2195.site.25, 3, 152, 155
411483.3.peg.2195.site.26, 11, 148, 159
411483.3.peg.2195.site.27, 1, 150, 151
411483.3.peg.2195.site.28, 5, 152, 157
411483.3.peg.2195.site.29, 1, 152, 153
411483.3.peg.2195.site.30, 21, 146, 167
411483.3.peg.2195.site.31, 0, 153, 153
411483.3.peg.2195.site.32, 65, 139, 204
411483.3.peg.2195.site.33, 4, 149, 153
411483.3.peg.2195.site.34, 73, 141, 214
411483.3.peg.2195.site.35, 3, 153, 156
411483.3.peg.2195.site.36, 1, 155, 156
411483.3.peg.2195.site.37, 9, 151, 160
411483.3.peg.2195.site.38, 6, 154, 160
411483.3.peg.2195.site.39, 1, 145, 146
411483.3.peg.2195.site.40, 5, 147, 152
411483.3.peg.2195.site.41, 1, 134, 135
411483.3.peg.2195.site.42, 3, 137, 140
411483.3.peg.2195.site.43, 1, 123, 124
411483.3.peg.2195.site.44, 1, 130, 131
411483.3.peg.2195.site.45, 1, 135, 136
411483.3.peg.2195.site.46, 0, 147, 147
411483.3.peg.2195.site.47, 4, 150, 154
411483.3.peg.2195.site.48, 6, 151, 157
411483.3.peg.2195.site.49, 2, 155, 157
411483.3.peg.2195.site.50, 46, 150, 196
411483.3.peg.2195.site.51, 10, 146, 156
411483.3.peg.2195.site.52, 115, 145, 260
411483.3.peg.2195.site.53, 1, 154, 155
411483.3.peg.2195.site.54, 2, 154, 156
411483.3.peg.2195.site.55, 1, 155, 156
411483.3.peg.2195.site.56, 3, 155, 158
411483.3.peg.2195.site.57, 42, 150, 192
411483.3.peg.2195.site.58, 27, 143, 170
411483.3.peg.2195.site.59, 2, 152, 154
411483.3.peg.2195.site.60, 2, 150, 152
411483.3.peg.2195.site.61, 0, 147, 147
411483.3.peg.2195.site.62, 5, 149, 154
411483.3.peg.2195.site.63, 1, 151, 152
411483.3.peg.2195.site.64, 3, 145, 148
411483.3.peg.2195.site.65, 0, 147, 147
411483.3.peg.2195.site.66, 3, 140, 143
411483.3.peg.2195.site.67, 0, 141, 141
411483.3.peg.2195.site.68, 1, 134, 135
411483.3.peg.2195.site.69, 1, 128, 129
411483.3.peg.2195.site.70, 0, 131, 131
411483.3.peg.2195.site.71, 124, 130, 254
411483.3.peg.2195.site.72, 2, 131, 133
411483.3.peg.2195.site.73, 0, 132, 132
411483.3.peg.2195.site.74, 3, 131, 134
411483.3.peg.2195.site.75, 1, 131, 132
411483.3.peg.2195.site.76, 6, 131, 137
411483.3.peg.2195.site.77, 2, 134, 136
411483.3.peg.2195.site.78, 1, 130, 131
411483.3.peg.2195.site.79, 5, 125, 130
411483.3.peg.2195.site.80, 14, 117, 131
411483.3.peg.2195.site.81, 1, 120, 121
411483.3.peg.2195.site.82, 4, 132, 136
411483.3.peg.2195.site.83, 4, 125, 129
411483.3.peg.2195.site.84, 11, 133, 144
411483.3.peg.2195.site.85, 0, 129, 129
411483.3.peg.2195.site.86, 1, 130, 131
411483.3.peg.2195.site.87, 0, 119, 119
411483.3.peg.2194.site.1, 3, 44, 47
411483.3.peg.2194.site.2, 1, 74, 75
411483.3.peg.2194.site.3, 3, 153, 156
411483.3.peg.2194.site.4, 2, 155, 157
411483.3.peg.2194.site.5, 3, 154, 157
411483.3.peg.2194.site.6, 11, 152, 163
411483.3.peg.2194.site.7, 1, 155, 156
411483.3.peg.2194.site.8, 5, 155, 160
411483.3.peg.2194.site.9, 1, 150, 151
411483.3.peg.2194.site.10, 1, 153, 154
411483.3.peg.2194.site.11, 3, 154, 157
411483.3.peg.2194.site.12, 11, 153, 164
411483.3.peg.2194.site.13, 3, 153, 156
411483.3.peg.2194.site.14, 1, 154, 155
411483.3.peg.2194.site.15, 55, 141, 196
411483.3.peg.2194.site.16, 0, 154, 154
411483.3.peg.2194.site.17, 3, 154, 157
411483.3.peg.2194.site.18, 9, 149, 158
411483.3.peg.2194.site.19, 0, 141, 141
411483.3.peg.2194.site.20, 1, 148, 149
411483.3.peg.2194.site.21, 0, 152, 152
411483.3.peg.2194.site.22, 1, 153, 154
411483.3.peg.2194.site.23, 0, 142, 142
411483.3.peg.2194.site.24, 0, 153, 153
411483.3.peg.2194.site.25, 0, 151, 151
411483.3.peg.2194.site.26, 2, 151, 153
411483.3.peg.2194.site.27, 0, 152, 152
411483.3.peg.2194.site.28, 0, 151, 151
411483.3.peg.2194.site.29, 3, 154, 157
411483.3.peg.2194.site.30, 3, 153, 156
411483.3.peg.2194.site.31, 4, 153, 157
411483.3.peg.2194.site.32, 2, 150, 152
411483.3.peg.2194.site.33, 10, 149, 159
411483.3.peg.2194.site.34, 3, 150, 153
411483.3.peg.2194.site.35, 18, 144, 162
411483.3.peg.2194.site.36, 6, 147, 153
411483.3.peg.2194.site.37, 5, 150, 155
411483.3.peg.2194.site.38, 5, 146, 151
411483.3.peg.2194.site.39, 1, 152, 153
411483.3.peg.2194.site.40, 0, 152, 152
411483.3.peg.2194.site.41, 0, 150, 150
411483.3.peg.2194.site.42, 7, 153, 160
411483.3.peg.2194.site.43, 5, 153, 158
411483.3.peg.2194.site.44, 2, 154, 156
411483.3.peg.2194.site.45, 5, 153, 158
411483.3.peg.2196.site.1, 1, 123, 124
411483.3.peg.2196.site.2, 115, 125, 240
411483.3.peg.2196.site.3, 2, 127, 129
411483.3.peg.2196.site.4, 4, 131, 135
411483.3.peg.2196.site.5, 0, 142, 142
411483.3.peg.2196.site.6, 2, 144, 146
411483.3.peg.2196.site.7, 40, 128, 168
411483.3.peg.2196.site.8, 4, 148, 152
411483.3.peg.2196.site.9, 1, 147, 148
411483.3.peg.2196.site.10, 1, 153, 154
411483.3.peg.2196.site.11, 8, 148, 156
411483.3.peg.2196.site.12, 9, 151, 160
411483.3.peg.2196.site.13, 2, 152, 154
411483.3.peg.2196.site.14, 54, 148, 202
411483.3.peg.2196.site.15, 1, 153, 154
411483.3.peg.2196.site.16, 2, 153, 155
411483.3.peg.2196.site.17, 6, 153, 159
411483.3.peg.2196.site.18, 0, 152, 152
411483.3.peg.2196.site.19, 2, 152, 154
411483.3.peg.2196.site.20, 1, 153, 154
411483.3.peg.2196.site.21, 124, 139, 263
411483.3.peg.2196.site.22, 2, 152, 154
411483.3.peg.2196.site.23, 0, 151, 151
411483.3.peg.2196.site.24, 2, 149, 151
411483.3.peg.2196.site.25, 4, 149, 153
411483.3.peg.2196.site.26, 3, 152, 155
411483.3.peg.2196.site.27, 12, 150, 162
411483.3.peg.2196.site.28, 2, 155, 157
411483.3.peg.2196.site.29, 0, 154, 154
411483.3.peg.2196.site.30, 0, 154, 154
411483.3.peg.2196.site.31, 0, 152, 152
411483.3.peg.2196.site.32, 8, 150, 158
411483.3.peg.2196.site.33, 3, 151, 154
411483.3.peg.2196.site.34, 2, 149, 151
411483.3.peg.2196.site.35, 4, 145, 149
411483.3.peg.2196.site.36, 1, 149, 150
411483.3.peg.2196.site.37, 1, 149, 150
411483.3.peg.2196.site.38, 6, 145, 151
411483.3.peg.2196.site.39, 12, 146, 158
411483.3.peg.2196.site.40, 4, 149, 153
411483.3.peg.2196.site.41, 1, 149, 150
411483.3.peg.2196.site.42, 2, 151, 153
411483.3.peg.2196.site.43, 4, 149, 153
411483.3.peg.2196.site.44, 12, 145, 157
411483.3.peg.2196.site.45, 0, 146, 146
411483.3.peg.2196.site.46, 0, 150, 150
411483.3.peg.2196.site.47, 0, 147, 147
411483.3.peg.2196.site.48, 0, 154, 154
411483.3.peg.2196.site.49, 1, 145, 146
411483.3.peg.2196.site.50, 0, 133, 133
411483.3.peg.2196.site.51, 0, 125, 125
411483.3.peg.2196.site.52, 1, 151, 152
411483.3.peg.2196.site.53, 0, 147, 147
411483.3.peg.2196.site.54, 1, 147, 148
411483.3.peg.2196.site.55, 26, 84, 110
411483.3.peg.1724.site.1, 2, 144, 146
411483.3.peg.1724.site.2, 5, 143, 148
411483.3.peg.1724.site.3, 1, 145, 146
411483.3.peg.1724.site.4, 42, 142, 184
411483.3.peg.1724.site.5, 1, 140, 141
411483.3.peg.1724.site.6, 0, 128, 128
411483.3.peg.1724.site.7, 4, 128, 132
411483.3.peg.1724.site.8, 24, 109, 133
411483.3.peg.1724.site.9, 1, 122, 123
411483.3.peg.1724.site.10, 29, 125, 154
411483.3.peg.1724.site.11, 2, 130, 132
411483.3.peg.1724.site.12, 12, 131, 143
411483.3.peg.1724.site.13, 9, 134, 143
411483.3.peg.1724.site.14, 118, 136, 254
411483.3.peg.1724.site.15, 2, 137, 139
411483.3.peg.1724.site.16, 1, 144, 145
411483.3.peg.1724.site.17, 21, 145, 166
411483.3.peg.1724.site.18, 4, 149, 153
411483.3.peg.1724.site.19, 2, 148, 150
411483.3.peg.1724.site.20, 0, 148, 148
411483.3.peg.1724.site.21, 7, 142, 149
411483.3.peg.1724.site.22, 5, 139, 144
411483.3.peg.1724.site.23, 18, 130, 148
411483.3.peg.1724.site.24, 3, 142, 145
411483.3.peg.1724.site.25, 2, 146, 148
411483.3.peg.1724.site.26, 24, 144, 168
411483.3.peg.1724.site.27, 0, 149, 149
411483.3.peg.1724.site.28, 64, 133, 197
411483.3.peg.1724.site.29, 6, 133, 139
411483.3.peg.1724.site.30, 110, 135, 245
411483.3.peg.1724.site.31, 2, 133, 135
411483.3.peg.1724.site.32, 5, 128, 133
411483.3.peg.1724.site.33, 40, 116, 156
411483.3.peg.1724.site.34, 2, 127, 129
411483.3.peg.1724.site.35, 17, 126, 143
411483.3.peg.1724.site.36, 36, 122, 158
411483.3.peg.1724.site.37, 81, 117, 198
411483.3.peg.1724.site.38, 1, 117, 118
411483.3.peg.1724.site.39, 1, 118, 119
411483.3.peg.1723.site.1, 1, 151, 152
411483.3.peg.1723.site.2, 50, 143, 193
411483.3.peg.1723.site.3, 46, 145, 191
411483.3.peg.1723.site.4, 14, 153, 167
411483.3.peg.1723.site.5, 11, 151, 162
411483.3.peg.1723.site.6, 2, 151, 153
411483.3.peg.1723.site.7, 1, 151, 152
411483.3.peg.1723.site.8, 1, 152, 153
411483.3.peg.1723.site.9, 1, 152, 153
411483.3.peg.1723.site.10, 2, 153, 155
411483.3.peg.1723.site.11, 1, 151, 152
411483.3.peg.1723.site.12, 2, 152, 154
411483.3.peg.1723.site.13, 1, 153, 154
411483.3.peg.1723.site.14, 5, 154, 159
411483.3.peg.1723.site.15, 7, 151, 158
411483.3.peg.1723.site.16, 2, 154, 156
411483.3.peg.1723.site.17, 25, 140, 165
411483.3.peg.1723.site.18, 1, 152, 153
411483.3.peg.1723.site.19, 50, 144, 194
411483.3.peg.1723.site.20, 20, 144, 164
411483.3.peg.1723.site.21, 46, 148, 194
411483.3.peg.1723.site.22, 1, 154, 155
411483.3.peg.1723.site.23, 17, 150, 167
411483.3.peg.1723.site.24, 2, 150, 152
411483.3.peg.1723.site.25, 25, 149, 174
411483.3.peg.1723.site.26, 2, 153, 155
411483.3.peg.1723.site.27, 0, 155, 155
411483.3.peg.1723.site.28, 0, 153, 153
411483.3.peg.1723.site.29, 2, 153, 155
411483.3.peg.1723.site.30, 2, 153, 155
411483.3.peg.1723.site.31, 4, 152, 156
411483.3.peg.1723.site.32, 2, 150, 152
411483.3.peg.1723.site.33, 2, 152, 154
411483.3.peg.1723.site.34, 3, 153, 156
411483.3.peg.1723.site.35, 11, 151, 162
411483.3.peg.1723.site.36, 132, 142, 274
411483.3.peg.1723.site.37, 8, 152, 160
411483.3.peg.1723.site.38, 1, 153, 154
411483.3.peg.1723.site.39, 3, 154, 157
411483.3.peg.1723.site.40, 0, 150, 150
411483.3.peg.1723.site.41, 2, 151, 153
411483.3.peg.1723.site.42, 0, 154, 154
411483.3.peg.1723.site.43, 5, 150, 155
411483.3.peg.1723.site.44, 3, 150, 153
411483.3.peg.1723.site.45, 2, 149, 151
411483.3.peg.1723.site.46, 18, 145, 163
411483.3.peg.1723.site.47, 5, 151, 156
411483.3.peg.1723.site.48, 1, 150, 151
411483.3.peg.1723.site.49, 9, 152, 161
411483.3.peg.1723.site.50, 5, 152, 157
411483.3.peg.1723.site.51, 2, 150, 152
411483.3.peg.1723.site.52, 8, 152, 160
411483.3.peg.1723.site.53, 60, 141, 201
411483.3.peg.1723.site.54, 24, 149, 173
411483.3.peg.1723.site.55, 63, 144, 207
411483.3.peg.1723.site.56, 5, 153, 158
411483.3.peg.1723.site.57, 32, 146, 178
411483.3.peg.1723.site.58, 0, 148, 148
411483.3.peg.1723.site.59, 1, 148, 149
411483.3.peg.1723.site.60, 1, 147, 148
411483.3.peg.1723.site.61, 1, 151, 152
411483.3.peg.1723.site.62, 2, 147, 149
411483.3.peg.1723.site.63, 105, 144, 249
411483.3.peg.1723.site.64, 0, 149, 149
411483.3.peg.1723.site.65, 9, 153, 162
411483.3.peg.1723.site.66, 5, 152, 157
411483.3.peg.1723.site.67, 5, 151, 156
411483.3.peg.1723.site.68, 4, 150, 154
411483.3.peg.1723.site.69, 10, 146, 156
411483.3.peg.1723.site.70, 51, 144, 195
411483.3.peg.1723.site.71, 4, 150, 154
411483.3.peg.1723.site.72, 55, 137, 192
411483.3.peg.1723.site.73, 1, 152, 153
411483.3.peg.1723.site.74, 1, 152, 153
411483.3.peg.1723.site.75, 1, 149, 150
411483.3.peg.1723.site.76, 122, 137, 259
411483.3.peg.1723.site.77, 28, 136, 164
411483.3.peg.1723.site.78, 16, 135, 151
411483.3.peg.1723.site.79, 1, 140, 141
411483.3.peg.1723.site.80, 1, 147, 148
411483.3.peg.1723.site.81, 3, 152, 155
411483.3.peg.1723.site.82, 21, 152, 173
411483.3.peg.1723.site.83, 0, 153, 153
411483.3.peg.1723.site.84, 13, 148, 161
411483.3.peg.1723.site.85, 3, 154, 157
411483.3.peg.1723.site.86, 1, 151, 152
411483.3.peg.1723.site.87, 3, 151, 154
411483.3.peg.1723.site.88, 10, 147, 157
411483.3.peg.1723.site.89, 29, 144, 173
411483.3.peg.1723.site.90, 1, 143, 144
411483.3.peg.1723.site.91, 15, 141, 156
411483.3.peg.1723.site.92, 81, 127, 208
411483.3.peg.1723.site.93, 2, 142, 144
411483.3.peg.1723.site.94, 1, 133, 134
411483.3.peg.1723.site.95, 6, 146, 152
411483.3.peg.1723.site.96, 14, 145, 159
411483.3.peg.1723.site.97, 14, 144, 158
411483.3.peg.1723.site.98, 20, 145, 165
411483.3.peg.1723.site.99, 36, 134, 170
411483.3.peg.1723.site.100, 1, 148, 149
411483.3.peg.1723.site.101, 1, 149, 150
411483.3.peg.1723.site.102, 2, 150, 152
411483.3.peg.1723.site.103, 1, 152, 153
411483.3.peg.1723.site.104, 6, 149, 155
411483.3.peg.1723.site.105, 11, 149, 160
411483.3.peg.1723.site.106, 12, 154, 166
411483.3.peg.1723.site.107, 3, 154, 157
411483.3.peg.1723.site.108, 12, 148, 160
411483.3.peg.1723.site.109, 11, 152, 163
411483.3.peg.1723.site.110, 2, 154, 156
411483.3.peg.1723.site.111, 2, 154, 156
411483.3.peg.1723.site.112, 2, 153, 155
411483.3.peg.1723.site.113, 43, 142, 185
411483.3.peg.1723.site.114, 5, 153, 158
411483.3.peg.1723.site.115, 1, 154, 155
411483.3.peg.1723.site.116, 36, 143, 179
411483.3.peg.1723.site.117, 5, 154, 159
411483.3.peg.1723.site.118, 3, 153, 156
411483.3.peg.1723.site.119, 0, 154, 154
411483.3.peg.1723.site.120, 120, 144, 264
411483.3.peg.1723.site.121, 77, 138, 215
411483.3.peg.1723.site.122, 3, 152, 155
411483.3.peg.1723.site.123, 0, 152, 152
411483.3.peg.1723.site.124, 68, 146, 214
411483.3.peg.1723.site.125, 0, 150, 150
411483.3.peg.1723.site.126, 0, 152, 152
411483.3.peg.1723.site.127, 1, 154, 155
411483.3.peg.1723.site.128, 12, 148, 160
411483.3.peg.1723.site.129, 0, 153, 153
411483.3.peg.1723.site.130, 0, 152, 152
411483.3.peg.1723.site.131, 5, 154, 159
411483.3.peg.1723.site.132, 22, 141, 163
411483.3.peg.1723.site.133, 22, 147, 169
411483.3.peg.1723.site.134, 35, 145, 180
411483.3.peg.1723.site.135, 2, 155, 157
411483.3.peg.1723.site.136, 0, 154, 154
411483.3.peg.1723.site.137, 1, 154, 155
411483.3.peg.1723.site.138, 5, 154, 159
411483.3.peg.1723.site.139, 2, 149, 151
411483.3.peg.1723.site.140, 2, 153, 155
411483.3.peg.1723.site.141, 2, 153, 155
411483.3.peg.1723.site.142, 6, 149, 155
411483.3.peg.1723.site.143, 1, 153, 154
411483.3.peg.1723.site.144, 7, 149, 156
411483.3.peg.1723.site.145, 0, 150, 150
411483.3.peg.1723.site.146, 22, 144, 166
411483.3.peg.1723.site.147, 17, 144, 161
411483.3.peg.1723.site.148, 9, 153, 162
411483.3.peg.1723.site.149, 2, 152, 154
411483.3.peg.1723.site.150, 11, 151, 162
411483.3.peg.1723.site.151, 1, 154, 155
411483.3.peg.1723.site.152, 0, 153, 153
411483.3.peg.1723.site.153, 5, 154, 159
411483.3.peg.1723.site.154, 1, 155, 156
411483.3.peg.1723.site.155, 130, 141, 271
411483.3.peg.1723.site.156, 1, 143, 144
411483.3.peg.1723.site.157, 1, 127, 128
411483.3.peg.1723.site.158, 21, 107, 128
411483.3.peg.1723.site.159, 17, 84, 101
411483.3.peg.1723.site.160, 19, 80, 99
411483.3.peg.1723.site.161, 5, 77, 82
411483.3.peg.1723.site.162, 6, 73, 79
411483.3.peg.1723.site.163, 32, 74, 106
411483.3.peg.1723.site.164, 2, 83, 85
411483.3.peg.1723.site.165, 38, 91, 129
411483.3.peg.1723.site.166, 2, 115, 117
411483.3.peg.1723.site.167, 95, 111, 206
411483.3.peg.1723.site.168, 5, 121, 126
411483.3.peg.1723.site.169, 2, 145, 147
411483.3.peg.1722.site.1, 3, 155, 158
411483.3.peg.1722.site.2, 1, 155, 156
411483.3.peg.1722.site.3, 1, 155, 156
411483.3.peg.1722.site.4, 2, 153, 155
411483.3.peg.1722.site.5, 4, 155, 159
411483.3.peg.1722.site.6, 4, 152, 156
411483.3.peg.1722.site.7, 0, 152, 152
411483.3.peg.1722.site.8, 1, 153, 154
411483.3.peg.1722.site.9, 12, 144, 156
411483.3.peg.1722.site.10, 5, 150, 155
411483.3.peg.1722.site.11, 7, 151, 158
411483.3.peg.1722.site.12, 12, 151, 163
411483.3.peg.1722.site.13, 118, 141, 259
411483.3.peg.1722.site.14, 29, 152, 181
411483.3.peg.1722.site.15, 10, 152, 162
411483.3.peg.1722.site.16, 0, 153, 153
411483.3.peg.1722.site.17, 5, 152, 157
411483.3.peg.1722.site.18, 1, 153, 154
411483.3.peg.1722.site.19, 1, 154, 155
411483.3.peg.1722.site.20, 2, 153, 155
411483.3.peg.1722.site.21, 24, 152, 176
411483.3.peg.1722.site.22, 5, 148, 153
411483.3.peg.1722.site.23, 48, 136, 184
411483.3.peg.1722.site.24, 5, 154, 159
411483.3.peg.1722.site.25, 2, 155, 157
411483.3.peg.1722.site.26, 68, 145, 213
411483.3.peg.1722.site.27, 1, 154, 155
411483.3.peg.1722.site.28, 14, 148, 162
411483.3.peg.1722.site.29, 3, 151, 154
411483.3.peg.1722.site.30, 1, 150, 151
411483.3.peg.1722.site.31, 2, 154, 156
411483.3.peg.1722.site.32, 8, 153, 161
411483.3.peg.1722.site.33, 10, 148, 158
411483.3.peg.1722.site.34, 9, 150, 159
411483.3.peg.1722.site.35, 4, 153, 157
411483.3.peg.1722.site.36, 2, 154, 156
411483.3.peg.1722.site.37, 2, 154, 156
411483.3.peg.1722.site.38, 1, 154, 155
411483.3.peg.1722.site.39, 3, 149, 152
411483.3.peg.1722.site.40, 1, 152, 153
411483.3.peg.1722.site.41, 2, 152, 154
411483.3.peg.1722.site.42, 1, 151, 152
411483.3.peg.1722.site.43, 2, 151, 153
411483.3.peg.1722.site.44, 5, 153, 158
411483.3.peg.1722.site.45, 1, 153, 154
411483.3.peg.1722.site.46, 4, 153, 157
411483.3.peg.1722.site.47, 0, 147, 147
411483.3.peg.1722.site.48, 11, 148, 159
411483.3.peg.1409.site.1, 137, 149, 286
411483.3.peg.1409.site.2, 13, 153, 166
411483.3.peg.1409.site.3, 13, 153, 166
411483.3.peg.1409.site.4, 0, 153, 153
411483.3.peg.1409.site.5, 0, 154, 154
411483.3.peg.1409.site.6, 1, 154, 155
411483.3.peg.1409.site.7, 17, 151, 168
411483.3.peg.1409.site.8, 0, 154, 154
411483.3.peg.1409.site.9, 9, 153, 162
411483.3.peg.1409.site.10, 3, 153, 156
411483.3.peg.1409.site.11, 4, 150, 154
411483.3.peg.1409.site.12, 2, 152, 154
411483.3.peg.1409.site.13, 2, 152, 154
411483.3.peg.1409.site.14, 13, 152, 165
411483.3.peg.1409.site.15, 2, 153, 155
411483.3.peg.1409.site.16, 153, 153, 306
411483.3.peg.1409.site.17, 3, 151, 154
411483.3.peg.1409.site.18, 2, 148, 150
411483.3.peg.1409.site.19, 2, 153, 155
411483.3.peg.1409.site.20, 1, 149, 150
411483.3.peg.1409.site.21, 29, 146, 175
411483.3.peg.1409.site.22, 1, 145, 146
411483.3.peg.1409.site.23, 76, 138, 214
411483.3.peg.1409.site.24, 1, 136, 137
411483.3.peg.1409.site.25, 2, 135, 137
411483.3.peg.1409.site.26, 0, 142, 142
411483.3.peg.1409.site.27, 1, 142, 143
411483.3.peg.1409.site.28, 1, 148, 149
411483.3.peg.1409.site.29, 17, 144, 161
411483.3.peg.1409.site.30, 4, 150, 154
411483.3.peg.1409.site.31, 1, 146, 147
411483.3.peg.1409.site.32, 127, 147, 274
411483.3.peg.1409.site.33, 3, 151, 154
411483.3.peg.1409.site.34, 2, 155, 157
411483.3.peg.1409.site.35, 1, 154, 155
411483.3.peg.1409.site.36, 93, 149, 242
411483.3.peg.1409.site.37, 1, 154, 155
411483.3.peg.1409.site.38, 2, 152, 154
411483.3.peg.1409.site.39, 0, 151, 151
411483.3.peg.1409.site.40, 5, 149, 154
411483.3.peg.1409.site.41, 8, 149, 157
411483.3.peg.1409.site.42, 87, 145, 232
411483.3.peg.1409.site.43, 10, 143, 153
411483.3.peg.1409.site.44, 0, 152, 152
411483.3.peg.1409.site.45, 4, 152, 156
411483.3.peg.1409.site.46, 3, 151, 154
411483.3.peg.1409.site.47, 5, 154, 159
411483.3.peg.1409.site.48, 4, 154, 158
411483.3.peg.1409.site.49, 4, 153, 157
411483.3.peg.1409.site.50, 0, 154, 154
411483.3.peg.1409.site.51, 3, 154, 157
411483.3.peg.1409.site.52, 2, 155, 157
411483.3.peg.1409.site.53, 2, 150, 152
411483.3.peg.1409.site.54, 27, 141, 168
411483.3.peg.1409.site.55, 6, 152, 158
411483.3.peg.1409.site.56, 0, 153, 153
411483.3.peg.1409.site.57, 3, 154, 157
411483.3.peg.1409.site.58, 2, 152, 154
411483.3.peg.1409.site.59, 2, 154, 156
411483.3.peg.1409.site.60, 41, 140, 181
411483.3.peg.1409.site.61, 0, 154, 154
411483.3.peg.1409.site.62, 14, 152, 166
411483.3.peg.1409.site.63, 0, 152, 152
411483.3.peg.1409.site.64, 0, 149, 149
411483.3.peg.1409.site.65, 0, 149, 149
411483.3.peg.1409.site.66, 0, 149, 149
411483.3.peg.1409.site.67, 144, 152, 296
411483.3.peg.1409.site.68, 1, 155, 156
411483.3.peg.1409.site.69, 3, 151, 154
411483.3.peg.1409.site.70, 6, 155, 161
411483.3.peg.1409.site.71, 11, 152, 163
411483.3.peg.1409.site.72, 9, 154, 163
411483.3.peg.1409.site.73, 2, 154, 156
411483.3.peg.1409.site.74, 0, 154, 154
411483.3.peg.1409.site.75, 1, 153, 154
411483.3.peg.1409.site.76, 4, 150, 154
411483.3.peg.1409.site.77, 1, 153, 154
411483.3.peg.1409.site.78, 114, 144, 258
411483.3.peg.1409.site.79, 3, 150, 153
411483.3.peg.1409.site.80, 5, 151, 156
411483.3.peg.1409.site.81, 0, 153, 153
411483.3.peg.1409.site.82, 2, 154, 156
411483.3.peg.1409.site.83, 1, 155, 156
411483.3.peg.1409.site.84, 2, 155, 157
411483.3.peg.1409.site.85, 23, 149, 172
411483.3.peg.1409.site.86, 1, 155, 156
411483.3.peg.1409.site.87, 1, 153, 154
411483.3.peg.1409.site.88, 1, 154, 155
411483.3.peg.1409.site.89, 1, 153, 154
411483.3.peg.1409.site.90, 2, 151, 153
411483.3.peg.1409.site.91, 1, 153, 154
411483.3.peg.1409.site.92, 5, 150, 155
411483.3.peg.1409.site.93, 6, 147, 153
411483.3.peg.1409.site.94, 2, 151, 153
411483.3.peg.1409.site.95, 58, 140, 198
411483.3.peg.1409.site.96, 18, 146, 164
411483.3.peg.1409.site.97, 8, 149, 157
411483.3.peg.1409.site.98, 19, 144, 163
411483.3.peg.1409.site.99, 5, 149, 154
411483.3.peg.1409.site.100, 3, 148, 151
411483.3.peg.1409.site.101, 0, 150, 150
411483.3.peg.1402.site.1, 1, 115, 116
411483.3.peg.1402.site.2, 1, 127, 128
411483.3.peg.1402.site.3, 0, 124, 124
411483.3.peg.1402.site.4, 7, 135, 142
411483.3.peg.1402.site.5, 2, 139, 141
411483.3.peg.1402.site.6, 17, 133, 150
411483.3.peg.1402.site.7, 3, 136, 139
411483.3.peg.1402.site.8, 51, 124, 175
411483.3.peg.1402.site.9, 10, 133, 143
411483.3.peg.1402.site.10, 3, 134, 137
411483.3.peg.1402.site.11, 21, 121, 142
411483.3.peg.1402.site.12, 1, 126, 127
411483.3.peg.1402.site.13, 1, 130, 131
411483.3.peg.1402.site.14, 2, 118, 120
411483.3.peg.1402.site.15, 1, 106, 107
411483.3.peg.1402.site.16, 18, 98, 116
411483.3.peg.1402.site.17, 27, 90, 117
411483.3.peg.1402.site.18, 1, 90, 91
411483.3.peg.1402.site.19, 0, 97, 97
411483.3.peg.1402.site.20, 1, 126, 127
411483.3.peg.1402.site.21, 0, 130, 130
411483.3.peg.1402.site.22, 6, 128, 134
411483.3.peg.1402.site.23, 2, 134, 136
411483.3.peg.1402.site.24, 5, 145, 150
411483.3.peg.1402.site.25, 1, 147, 148
411483.3.peg.1402.site.26, 1, 148, 149
411483.3.peg.1402.site.27, 3, 149, 152
411483.3.peg.1402.site.28, 15, 146, 161
411483.3.peg.1402.site.29, 1, 151, 152
411483.3.peg.1402.site.30, 1, 154, 155
411483.3.peg.1402.site.31, 2, 153, 155
411483.3.peg.1402.site.32, 2, 143, 145
411483.3.peg.1402.site.33, 3, 139, 142
411483.3.peg.1402.site.34, 1, 131, 132
411483.3.peg.1402.site.35, 9, 115, 124
411483.3.peg.1402.site.36, 95, 113, 208
411483.3.peg.1402.site.37, 4, 116, 120
411483.3.peg.1402.site.38, 2, 115, 117
411483.3.peg.1402.site.39, 3, 114, 117
411483.3.peg.1402.site.40, 37, 133, 170
411483.3.peg.1402.site.41, 13, 136, 149
411483.3.peg.1402.site.42, 0, 150, 150
411483.3.peg.1402.site.43, 5, 153, 158
411483.3.peg.1402.site.44, 0, 149, 149
411483.3.peg.1402.site.45, 1, 149, 150
411483.3.peg.1402.site.46, 0, 147, 147
411483.3.peg.1402.site.47, 1, 145, 146
411483.3.peg.1402.site.48, 1, 142, 143
411483.3.peg.1402.site.49, 80, 133, 213
411483.3.peg.1402.site.50, 1, 146, 147
411483.3.peg.1402.site.51, 1, 148, 149
411483.3.peg.1402.site.52, 7, 150, 157
411483.3.peg.1402.site.53, 0, 151, 151
411483.3.peg.1402.site.54, 3, 148, 151
411483.3.peg.1402.site.55, 1, 147, 148
411483.3.peg.1402.site.56, 7, 149, 156
411483.3.peg.1402.site.57, 105, 141, 246
411483.3.peg.1402.site.58, 10, 149, 159
411483.3.peg.1402.site.59, 5, 152, 157
411483.3.peg.1402.site.60, 121, 149, 270
411483.3.peg.1402.site.61, 1, 153, 154
411483.3.peg.1402.site.62, 59, 147, 206
411483.3.peg.1402.site.63, 1, 152, 153
411483.3.peg.1402.site.64, 14, 150, 164
411483.3.peg.1402.site.65, 2, 154, 156
411483.3.peg.1403.site.1, 2, 153, 155
411483.3.peg.1403.site.2, 3, 154, 157
411483.3.peg.1403.site.3, 1, 154, 155
411483.3.peg.1400.site.1, 2, 152, 154
411483.3.peg.1400.site.2, 3, 153, 156
411483.3.peg.1400.site.3, 3, 150, 153
411483.3.peg.1400.site.4, 1, 154, 155
411483.3.peg.1400.site.5, 19, 145, 164
411483.3.peg.1400.site.6, 1, 152, 153
411483.3.peg.1400.site.7, 42, 146, 188
411483.3.peg.1400.site.8, 28, 149, 177
411483.3.peg.1400.site.9, 0, 150, 150
411483.3.peg.1400.site.10, 7, 144, 151
411483.3.peg.1720.site.1, 3, 151, 154
411483.3.peg.1720.site.2, 81, 142, 223
411483.3.peg.1720.site.3, 38, 146, 184
411483.3.peg.1720.site.4, 3, 147, 150
411483.3.peg.1720.site.5, 68, 142, 210
411483.3.peg.1720.site.6, 1, 154, 155
411483.3.peg.1720.site.7, 5, 148, 153
411483.3.peg.1720.site.8, 2, 149, 151
411483.3.peg.1720.site.9, 0, 150, 150
411483.3.peg.1720.site.10, 0, 150, 150
411483.3.peg.1720.site.11, 1, 150, 151
411483.3.peg.1720.site.12, 0, 152, 152
411483.3.peg.1720.site.13, 6, 154, 160
411483.3.peg.1720.site.14, 7, 152, 159
411483.3.peg.1720.site.15, 6, 153, 159
411483.3.peg.1720.site.16, 24, 151, 175
411483.3.peg.1720.site.17, 2, 152, 154
411483.3.peg.1720.site.18, 0, 153, 153
411483.3.peg.1720.site.19, 2, 151, 153
411483.3.peg.1720.site.20, 128, 146, 274
411483.3.peg.1720.site.21, 8, 152, 160
411483.3.peg.1720.site.22, 0, 151, 151
411483.3.peg.1720.site.23, 1, 149, 150
411483.3.peg.1720.site.24, 1, 148, 149
411483.3.peg.1720.site.25, 124, 142, 266
411483.3.peg.1720.site.26, 0, 148, 148
411483.3.peg.1720.site.27, 4, 151, 155
411483.3.peg.1720.site.28, 1, 153, 154
411483.3.peg.1720.site.29, 1, 152, 153
411483.3.peg.1720.site.30, 1, 154, 155
411483.3.peg.1720.site.31, 4, 153, 157
411483.3.peg.1086.site.1, 3, 153, 156
411483.3.peg.1086.site.2, 9, 151, 160
411483.3.peg.1086.site.3, 8, 150, 158
411483.3.peg.1087.site.1, 1, 152, 153
411483.3.peg.1087.site.2, 14, 149, 163
411483.3.peg.1087.site.3, 0, 153, 153
411483.3.peg.1087.site.4, 4, 152, 156
411483.3.peg.1087.site.5, 2, 152, 154
411483.3.peg.1087.site.6, 2, 148, 150
411483.3.peg.1087.site.7, 3, 145, 148
411483.3.peg.1087.site.8, 80, 131, 211
411483.3.peg.1087.site.9, 2, 132, 134
411483.3.peg.1087.site.10, 3, 146, 149
411483.3.peg.1083.site.1, 7, 153, 160
411483.3.peg.1083.site.2, 0, 152, 152
411483.3.peg.1083.site.3, 15, 150, 165
411483.3.peg.1083.site.4, 7, 152, 159
411483.3.peg.1083.site.5, 144, 147, 291
411483.3.peg.1083.site.6, 43, 147, 190
411483.3.peg.1083.site.7, 0, 146, 146
411483.3.peg.1080.site.1, 2, 149, 151
411483.3.peg.1080.site.2, 2, 151, 153
411483.3.peg.1080.site.3, 5, 153, 158
411483.3.peg.1080.site.4, 108, 147, 255
411483.3.peg.1080.site.5, 8, 153, 161
411483.3.peg.1080.site.6, 1, 152, 153
411483.3.peg.1088.site.1, 15, 153, 168
411483.3.peg.1088.site.2, 6, 147, 153
411483.3.peg.1088.site.3, 9, 153, 162
411483.3.peg.1088.site.4, 2, 151, 153
411483.3.peg.1088.site.5, 149, 152, 301
411483.3.peg.1088.site.6, 4, 153, 157
411483.3.peg.1088.site.7, 1, 154, 155
411483.3.peg.1088.site.8, 3, 151, 154
411483.3.peg.1088.site.9, 14, 148, 162
411483.3.peg.1088.site.10, 1, 152, 153
411483.3.peg.1089.site.1, 0, 155, 155
411483.3.peg.1089.site.2, 6, 153, 159
411483.3.peg.1089.site.3, 0, 152, 152
411483.3.peg.1089.site.4, 0, 152, 152
411483.3.peg.1089.site.5, 3, 151, 154
411483.3.peg.1089.site.6, 2, 152, 154
411483.3.peg.1089.site.7, 14, 152, 166
411483.3.peg.1089.site.8, 26, 146, 172
411483.3.peg.1089.site.9, 0, 150, 150
411483.3.peg.1089.site.10, 2, 150, 152
411483.3.peg.1089.site.11, 4, 147, 151
411483.3.peg.1089.site.12, 149, 149, 298
411483.3.peg.1089.site.13, 23, 147, 170
411483.3.peg.1089.site.14, 0, 148, 148
411483.3.peg.1089.site.15, 3, 149, 152
411483.3.peg.1089.site.16, 3, 152, 155
411483.3.peg.1089.site.17, 6, 152, 158
411483.3.peg.1089.site.18, 0, 152, 152
411483.3.peg.1089.site.19, 12, 152, 164
411483.3.peg.1089.site.20, 11, 151, 162
411483.3.peg.1089.site.21, 16, 147, 163
411483.3.peg.1089.site.22, 6, 149, 155
411483.3.peg.1089.site.23, 43, 148, 191
411483.3.peg.1089.site.24, 2, 153, 155
411483.3.peg.1089.site.25, 1, 150, 151
411483.3.peg.1089.site.26, 10, 151, 161
411483.3.peg.1089.site.27, 2, 148, 150
411483.3.peg.1089.site.28, 137, 146, 283
411483.3.peg.1089.site.29, 3, 150, 153
411483.3.peg.1089.site.30, 133, 150, 283
411483.3.peg.1089.site.31, 10, 147, 157
411483.3.peg.1089.site.32, 0, 149, 149
411483.3.peg.1089.site.33, 1, 150, 151
411483.3.peg.1089.site.34, 16, 142, 158
411483.3.peg.1089.site.35, 7, 140, 147
411483.3.peg.1089.site.36, 21, 140, 161
411483.3.peg.1089.site.37, 23, 145, 168
411483.3.peg.1089.site.38, 1, 140, 141
411483.3.peg.1089.site.39, 2, 141, 143
411483.3.peg.1089.site.40, 0, 135, 135
411483.3.peg.1089.site.41, 3, 144, 147
411483.3.peg.1089.site.42, 3, 148, 151
411483.3.peg.1089.site.43, 5, 151, 156
411483.3.peg.1089.site.44, 1, 154, 155
411483.3.peg.1089.site.45, 5, 152, 157
411483.3.peg.1089.site.46, 34, 145, 179
411483.3.peg.189.site.1, 0, 147, 147
411483.3.peg.189.site.2, 5, 151, 156
411483.3.peg.189.site.3, 3, 148, 151
411483.3.peg.189.site.4, 0, 150, 150
411483.3.peg.189.site.5, 3, 154, 157
411483.3.peg.188.site.1, 0, 153, 153
411483.3.peg.188.site.2, 12, 151, 163
411483.3.peg.188.site.3, 5, 152, 157
411483.3.peg.188.site.4, 13, 147, 160
411483.3.peg.188.site.5, 16, 152, 168
411483.3.peg.188.site.6, 57, 132, 189
411483.3.peg.188.site.7, 3, 144, 147
411483.3.peg.188.site.8, 10, 146, 156
411483.3.peg.188.site.9, 81, 142, 223
411483.3.peg.188.site.10, 0, 149, 149
411483.3.peg.188.site.11, 1, 154, 155
411483.3.peg.188.site.12, 9, 155, 164
411483.3.peg.188.site.13, 6, 149, 155
411483.3.peg.188.site.14, 4, 151, 155
411483.3.peg.188.site.15, 0, 147, 147
411483.3.peg.188.site.16, 2, 136, 138
411483.3.peg.188.site.17, 97, 111, 208
411483.3.peg.188.site.18, 78, 88, 166
411483.3.peg.188.site.19, 5, 92, 97
411483.3.peg.188.site.20, 1, 88, 89
411483.3.peg.188.site.21, 6, 101, 107
411483.3.peg.188.site.22, 0, 99, 99
411483.3.peg.188.site.23, 3, 94, 97
411483.3.peg.188.site.24, 6, 96, 102
411483.3.peg.188.site.25, 10, 111, 121
411483.3.peg.188.site.26, 8, 122, 130
411483.3.peg.188.site.27, 91, 121, 212
411483.3.peg.188.site.28, 1, 139, 140
411483.3.peg.188.site.29, 4, 137, 141
411483.3.peg.188.site.30, 3, 143, 146
411483.3.peg.188.site.31, 6, 146, 152
411483.3.peg.188.site.32, 122, 141, 263
411483.3.peg.188.site.33, 13, 145, 158
411483.3.peg.188.site.34, 0, 145, 145
411483.3.peg.188.site.35, 1, 138, 139
411483.3.peg.188.site.36, 6, 144, 150
411483.3.peg.188.site.37, 1, 147, 148
411483.3.peg.188.site.38, 42, 142, 184
411483.3.peg.188.site.39, 12, 139, 151
411483.3.peg.188.site.40, 2, 146, 148
411483.3.peg.188.site.41, 1, 145, 146
411483.3.peg.188.site.42, 1, 145, 146
411483.3.peg.188.site.43, 0, 145, 145
411483.3.peg.188.site.44, 0, 149, 149
411483.3.peg.188.site.45, 7, 148, 155
411483.3.peg.188.site.46, 11, 145, 156
411483.3.peg.188.site.47, 0, 149, 149
411483.3.peg.188.site.48, 85, 136, 221
411483.3.peg.188.site.49, 0, 144, 144
411483.3.peg.188.site.50, 1, 138, 139
411483.3.peg.187.site.1, 1, 93, 94
411483.3.peg.187.site.2, 13, 90, 103
411483.3.peg.187.site.3, 4, 104, 108
411483.3.peg.187.site.4, 7, 111, 118
411483.3.peg.187.site.5, 95, 113, 208
411483.3.peg.187.site.6, 90, 129, 219
411483.3.peg.187.site.7, 4, 130, 134
411483.3.peg.187.site.8, 8, 132, 140
411483.3.peg.187.site.9, 5, 143, 148
411483.3.peg.187.site.10, 66, 140, 206
411483.3.peg.187.site.11, 10, 151, 161
411483.3.peg.187.site.12, 5, 151, 156
411483.3.peg.187.site.13, 0, 153, 153
411483.3.peg.187.site.14, 2, 155, 157
411483.3.peg.187.site.15, 10, 147, 157
411483.3.peg.187.site.16, 1, 154, 155
411483.3.peg.187.site.17, 22, 152, 174
411483.3.peg.187.site.18, 14, 153, 167
411483.3.peg.187.site.19, 2, 153, 155
411483.3.peg.187.site.20, 16, 150, 166
411483.3.peg.187.site.21, 12, 149, 161
411483.3.peg.187.site.22, 7, 153, 160
411483.3.peg.187.site.23, 0, 153, 153
411483.3.peg.187.site.24, 8, 150, 158
411483.3.peg.187.site.25, 2, 151, 153
411483.3.peg.187.site.26, 0, 138, 138
411483.3.peg.187.site.27, 2, 138, 140
411483.3.peg.187.site.28, 1, 125, 126
411483.3.peg.187.site.29, 24, 112, 136
411483.3.peg.187.site.30, 18, 99, 117
411483.3.peg.187.site.31, 5, 114, 119
411483.3.peg.187.site.32, 1, 112, 113
411483.3.peg.187.site.33, 6, 107, 113
411483.3.peg.187.site.34, 5, 105, 110
411483.3.peg.187.site.35, 0, 98, 98
411483.3.peg.187.site.36, 13, 103, 116
411483.3.peg.187.site.37, 0, 106, 106
411483.3.peg.187.site.38, 32, 91, 123
411483.3.peg.187.site.39, 2, 122, 124
411483.3.peg.187.site.40, 0, 126, 126
411483.3.peg.187.site.41, 2, 128, 130
411483.3.peg.187.site.42, 0, 133, 133
411483.3.peg.187.site.43, 23, 123, 146
411483.3.peg.187.site.44, 2, 140, 142
411483.3.peg.187.site.45, 1, 134, 135
411483.3.peg.187.site.46, 7, 137, 144
411483.3.peg.187.site.47, 1, 141, 142
411483.3.peg.187.site.48, 1, 143, 144
411483.3.peg.187.site.49, 19, 137, 156
411483.3.peg.187.site.50, 0, 141, 141
411483.3.peg.187.site.51, 8, 142, 150
411483.3.peg.187.site.52, 37, 131, 168
411483.3.peg.187.site.53, 97, 129, 226
411483.3.peg.187.site.54, 7, 144, 151
411483.3.peg.187.site.55, 48, 133, 181
411483.3.peg.187.site.56, 1, 146, 147
411483.3.peg.187.site.57, 8, 142, 150
411483.3.peg.187.site.58, 2, 151, 153
411483.3.peg.187.site.59, 32, 137, 169
411483.3.peg.187.site.60, 4, 149, 153
411483.3.peg.187.site.61, 1, 149, 150
411483.3.peg.187.site.62, 0, 149, 149
411483.3.peg.187.site.63, 16, 141, 157
411483.3.peg.187.site.64, 1, 140, 141
411483.3.peg.187.site.65, 67, 132, 199
411483.3.peg.187.site.66, 4, 139, 143
411483.3.peg.187.site.67, 6, 145, 151
411483.3.peg.187.site.68, 2, 138, 140
411483.3.peg.187.site.69, 4, 137, 141
411483.3.peg.187.site.70, 14, 133, 147
411483.3.peg.187.site.71, 2, 122, 124
411483.3.peg.187.site.72, 4, 122, 126
411483.3.peg.187.site.73, 53, 123, 176
411483.3.peg.187.site.74, 15, 131, 146
411483.3.peg.187.site.75, 113, 135, 248
411483.3.peg.187.site.76, 2, 139, 141
411483.3.peg.187.site.77, 5, 139, 144
411483.3.peg.187.site.78, 1, 141, 142
411483.3.peg.187.site.79, 3, 151, 154
411483.3.peg.187.site.80, 2, 147, 149
411483.3.peg.187.site.81, 2, 154, 156
411483.3.peg.187.site.82, 1, 155, 156
411483.3.peg.187.site.83, 8, 151, 159
411483.3.peg.187.site.84, 1, 154, 155
411483.3.peg.349.site.1, 1, 153, 154
411483.3.peg.349.site.2, 2, 153, 155
411483.3.peg.349.site.3, 0, 153, 153
411483.3.peg.349.site.4, 19, 151, 170
411483.3.peg.349.site.5, 2, 155, 157
411483.3.peg.349.site.6, 36, 147, 183
411483.3.peg.349.site.7, 3, 154, 157
411483.3.peg.349.site.8, 3, 154, 157
411483.3.peg.349.site.9, 6, 155, 161
411483.3.peg.349.site.10, 8, 155, 163
411483.3.peg.349.site.11, 20, 149, 169
411483.3.peg.349.site.12, 7, 151, 158
411483.3.peg.349.site.13, 19, 152, 171
411483.3.peg.349.site.14, 1, 153, 154
411483.3.peg.349.site.15, 7, 150, 157
411483.3.peg.349.site.16, 3, 150, 153
411483.3.peg.349.site.17, 112, 142, 254
411483.3.peg.349.site.18, 3, 151, 154
411483.3.peg.349.site.19, 0, 153, 153
411483.3.peg.349.site.20, 94, 139, 233
411483.3.peg.349.site.21, 3, 155, 158
411483.3.peg.349.site.22, 6, 154, 160
411483.3.peg.349.site.23, 7, 154, 161
411483.3.peg.349.site.24, 2, 151, 153
411483.3.peg.349.site.25, 3, 155, 158
411483.3.peg.349.site.26, 3, 155, 158
411483.3.peg.349.site.27, 1, 155, 156
411483.3.peg.349.site.28, 22, 153, 175
411483.3.peg.349.site.29, 3, 154, 157
411483.3.peg.349.site.30, 3, 150, 153
411483.3.peg.349.site.31, 7, 153, 160
411483.3.peg.349.site.32, 17, 153, 170
411483.3.peg.349.site.33, 0, 155, 155
411483.3.peg.349.site.34, 11, 147, 158
411483.3.peg.349.site.35, 5, 154, 159
411483.3.peg.349.site.36, 147, 149, 296
411483.3.peg.349.site.37, 100, 139, 239
411483.3.peg.349.site.38, 3, 146, 149
411483.3.peg.349.site.39, 2, 145, 147
411483.3.peg.349.site.40, 66, 134, 200
411483.3.peg.349.site.41, 4, 143, 147
411483.3.peg.349.site.42, 1, 150, 151
411483.3.peg.349.site.43, 1, 145, 146
411483.3.peg.349.site.44, 0, 129, 129
411483.3.peg.349.site.45, 5, 122, 127
411483.3.peg.349.site.46, 10, 139, 149
411483.3.peg.349.site.47, 1, 153, 154
411483.3.peg.349.site.48, 2, 153, 155
411483.3.peg.349.site.49, 2, 154, 156
411483.3.peg.349.site.50, 1, 154, 155
411483.3.peg.349.site.51, 1, 153, 154
411483.3.peg.349.site.52, 117, 144, 261
411483.3.peg.349.site.53, 0, 150, 150
411483.3.peg.349.site.54, 1, 151, 152
411483.3.peg.349.site.55, 2, 154, 156
411483.3.peg.349.site.56, 154, 154, 308
411483.3.peg.349.site.57, 0, 152, 152
411483.3.peg.349.site.58, 0, 152, 152
411483.3.peg.349.site.59, 2, 153, 155
411483.3.peg.349.site.60, 31, 146, 177
411483.3.peg.349.site.61, 29, 150, 179
411483.3.peg.349.site.62, 0, 154, 154
411483.3.peg.349.site.63, 3, 154, 157
411483.3.peg.349.site.64, 3, 155, 158
411483.3.peg.349.site.65, 47, 146, 193
411483.3.peg.349.site.66, 7, 152, 159
411483.3.peg.349.site.67, 8, 152, 160
411483.3.peg.349.site.68, 0, 152, 152
411483.3.peg.349.site.69, 68, 135, 203
411483.3.peg.349.site.70, 45, 135, 180
411483.3.peg.349.site.71, 1, 140, 141
411483.3.peg.349.site.72, 89, 127, 216
411483.3.peg.349.site.73, 8, 135, 143
411483.3.peg.349.site.74, 1, 140, 141
411483.3.peg.349.site.75, 2, 146, 148
411483.3.peg.349.site.76, 7, 145, 152
411483.3.peg.349.site.77, 16, 145, 161
411483.3.peg.349.site.78, 7, 148, 155
411483.3.peg.349.site.79, 3, 147, 150
411483.3.peg.349.site.80, 3, 147, 150
411483.3.peg.349.site.81, 5, 146, 151
411483.3.peg.349.site.82, 0, 148, 148
411483.3.peg.349.site.83, 0, 146, 146
411483.3.peg.349.site.84, 0, 143, 143
411483.3.peg.349.site.85, 1, 145, 146
411483.3.peg.349.site.86, 1, 140, 141
411483.3.peg.349.site.87, 140, 140, 280
411483.3.peg.349.site.88, 1, 138, 139
411483.3.peg.349.site.89, 1, 146, 147
411483.3.peg.349.site.90, 1, 144, 145
411483.3.peg.349.site.91, 21, 139, 160
411483.3.peg.349.site.92, 1, 151, 152
411483.3.peg.349.site.93, 1, 153, 154
411483.3.peg.349.site.94, 6, 153, 159
411483.3.peg.349.site.95, 8, 153, 161
411483.3.peg.349.site.96, 21, 150, 171
411483.3.peg.349.site.97, 2, 148, 150
411483.3.peg.349.site.98, 3, 146, 149
411483.3.peg.349.site.99, 7, 122, 129
411483.3.peg.349.site.100, 3, 126, 129
411483.3.peg.349.site.101, 1, 135, 136
411483.3.peg.349.site.102, 1, 141, 142
411483.3.peg.349.site.103, 139, 139, 278
411483.3.peg.349.site.104, 8, 152, 160
411483.3.peg.1538.site.1, 1, 126, 127
411483.3.peg.1538.site.2, 1, 100, 101
411483.3.peg.1538.site.3, 0, 100, 100
411483.3.peg.1538.site.4, 1, 112, 113
411483.3.peg.1538.site.5, 1, 137, 138
411483.3.peg.1538.site.6, 3, 139, 142
411483.3.peg.1538.site.7, 12, 128, 140
411483.3.peg.1538.site.8, 2, 136, 138
411483.3.peg.1538.site.9, 4, 137, 141
411483.3.peg.1538.site.10, 2, 139, 141
411483.3.peg.1538.site.11, 2, 145, 147
411483.3.peg.1538.site.12, 2, 150, 152
411483.3.peg.1538.site.13, 0, 145, 145
411483.3.peg.1538.site.14, 4, 144, 148
411483.3.peg.1538.site.15, 2, 148, 150
411483.3.peg.1538.site.16, 4, 149, 153
411483.3.peg.1538.site.17, 0, 152, 152
411483.3.peg.1538.site.18, 4, 151, 155
411483.3.peg.1538.site.19, 0, 153, 153
411483.3.peg.1538.site.20, 0, 152, 152
411483.3.peg.1538.site.21, 33, 150, 183
411483.3.peg.1538.site.22, 2, 153, 155
411483.3.peg.1538.site.23, 1, 153, 154
411483.3.peg.1539.site.1, 3, 138, 141
411483.3.peg.1539.site.2, 1, 145, 146
411483.3.peg.1539.site.3, 8, 143, 151
411483.3.peg.1539.site.4, 74, 137, 211
411483.3.peg.1539.site.5, 6, 147, 153
411483.3.peg.1539.site.6, 25, 138, 163
411483.3.peg.1539.site.7, 3, 146, 149
411483.3.peg.1539.site.8, 28, 138, 166
411483.3.peg.1539.site.9, 2, 143, 145
411483.3.peg.1539.site.10, 18, 130, 148
411483.3.peg.1539.site.11, 10, 134, 144
411483.3.peg.1539.site.12, 1, 124, 125
411483.3.peg.1539.site.13, 3, 130, 133
411483.3.peg.1539.site.14, 3, 112, 115
411483.3.peg.1539.site.15, 89, 90, 179
411483.3.peg.1539.site.16, 1, 92, 93
411483.3.peg.1539.site.17, 2, 99, 101
411483.3.peg.1539.site.18, 18, 100, 118
411483.3.peg.1539.site.19, 26, 91, 117
411483.3.peg.1539.site.20, 1, 76, 77
411483.3.peg.1539.site.21, 1, 59, 60
411483.3.peg.1539.site.22, 3, 45, 48
411483.3.peg.1539.site.23, 1, 65, 66
411483.3.peg.1539.site.24, 18, 65, 83
411483.3.peg.1539.site.25, 70, 71, 141
411483.3.peg.1539.site.26, 1, 84, 85
411483.3.peg.1539.site.27, 7, 74, 81
411483.3.peg.1539.site.28, 1, 88, 89
411483.3.peg.1539.site.29, 8, 86, 94
411483.3.peg.1539.site.30, 2, 84, 86
411483.3.peg.1539.site.31, 19, 81, 100
411483.3.peg.1539.site.32, 9, 87, 96
411483.3.peg.1539.site.33, 5, 98, 103
411483.3.peg.1539.site.34, 19, 92, 111
411483.3.peg.1539.site.35, 35, 102, 137
411483.3.peg.1539.site.36, 2, 103, 105
411483.3.peg.1539.site.37, 0, 108, 108
411483.3.peg.1539.site.38, 1, 129, 130
411483.3.peg.1539.site.39, 3, 140, 143
411483.3.peg.1539.site.40, 1, 136, 137
411483.3.peg.1539.site.41, 9, 136, 145
411483.3.peg.1539.site.42, 139, 139, 278
411483.3.peg.1539.site.43, 2, 142, 144
411483.3.peg.1539.site.44, 0, 127, 127
411483.3.peg.1539.site.45, 10, 129, 139
411483.3.peg.1539.site.46, 1, 138, 139
411483.3.peg.1539.site.47, 5, 141, 146
411483.3.peg.1539.site.48, 41, 114, 155
411483.3.peg.1539.site.49, 1, 136, 137
411483.3.peg.1539.site.50, 2, 136, 138
411483.3.peg.1539.site.51, 1, 132, 133
411483.3.peg.1539.site.52, 118, 122, 240
411483.3.peg.1539.site.53, 0, 117, 117
411483.3.peg.1539.site.54, 25, 118, 143
411483.3.peg.1539.site.55, 3, 125, 128
411483.3.peg.1539.site.56, 3, 131, 134
411483.3.peg.1539.site.57, 5, 126, 131
411483.3.peg.1539.site.58, 20, 135, 155
411483.3.peg.1539.site.59, 2, 135, 137
411483.3.peg.1539.site.60, 15, 135, 150
411483.3.peg.1539.site.61, 4, 142, 146
411483.3.peg.1539.site.62, 14, 134, 148
411483.3.peg.1539.site.63, 34, 136, 170
411483.3.peg.1539.site.64, 4, 138, 142
411483.3.peg.1539.site.65, 0, 137, 137
411483.3.peg.1539.site.66, 131, 137, 268
411483.3.peg.1539.site.67, 5, 140, 145
411483.3.peg.1539.site.68, 6, 138, 144
411483.3.peg.1539.site.69, 3, 142, 145
411483.3.peg.1539.site.70, 1, 139, 140
411483.3.peg.1539.site.71, 46, 125, 171
411483.3.peg.1539.site.72, 107, 129, 236
411483.3.peg.1539.site.73, 4, 139, 143
411483.3.peg.1539.site.74, 2, 143, 145
411483.3.peg.1539.site.75, 2, 144, 146
411483.3.peg.1539.site.76, 7, 143, 150
411483.3.peg.1539.site.77, 0, 138, 138
411483.3.peg.1539.site.78, 6, 138, 144
411483.3.peg.1539.site.79, 4, 141, 145
411483.3.peg.1539.site.80, 10, 132, 142
411483.3.peg.1539.site.81, 0, 137, 137
411483.3.peg.1539.site.82, 0, 130, 130
411483.3.peg.1539.site.83, 1, 125, 126
411483.3.peg.1539.site.84, 3, 129, 132
411483.3.peg.1539.site.85, 2, 131, 133
411483.3.peg.1539.site.86, 0, 128, 128
411483.3.peg.1539.site.87, 1, 134, 135
411483.3.peg.1539.site.88, 3, 134, 137
411483.3.peg.1539.site.89, 30, 123, 153
411483.3.peg.1539.site.90, 4, 143, 147
411483.3.peg.1539.site.91, 1, 144, 145
411483.3.peg.1539.site.92, 34, 135, 169
411483.3.peg.1539.site.93, 2, 141, 143
411483.3.peg.1539.site.94, 1, 142, 143
411483.3.peg.1539.site.95, 3, 128, 131
411483.3.peg.1539.site.96, 1, 128, 129
411483.3.peg.1539.site.97, 2, 118, 120
411483.3.peg.1539.site.98, 4, 121, 125
411483.3.peg.1539.site.99, 2, 111, 113
411483.3.peg.1539.site.100, 46, 104, 150
411483.3.peg.1539.site.101, 2, 113, 115
411483.3.peg.1539.site.102, 106, 109, 215
411483.3.peg.1539.site.103, 1, 109, 110
411483.3.peg.1539.site.104, 1, 117, 118
411483.3.peg.1539.site.105, 1, 106, 107
411483.3.peg.1539.site.106, 15, 116, 131
411483.3.peg.1539.site.107, 8, 128, 136
411483.3.peg.1539.site.108, 3, 125, 128
411483.3.peg.1539.site.109, 3, 123, 126
411483.3.peg.1539.site.110, 43, 110, 153
411483.3.peg.1539.site.111, 3, 125, 128
411483.3.peg.1539.site.112, 21, 124, 145
411483.3.peg.1539.site.113, 29, 128, 157
411483.3.peg.1539.site.114, 1, 134, 135
411483.3.peg.1539.site.115, 32, 125, 157
411483.3.peg.1539.site.116, 43, 132, 175
411483.3.peg.1539.site.117, 4, 138, 142
411483.3.peg.1539.site.118, 3, 140, 143
411483.3.peg.1539.site.119, 1, 139, 140
411483.3.peg.1539.site.120, 1, 137, 138
411483.3.peg.1536.site.1, 1, 116, 117
411483.3.peg.1536.site.2, 3, 136, 139
411483.3.peg.1536.site.3, 4, 142, 146
411483.3.peg.1536.site.4, 1, 145, 146
411483.3.peg.1536.site.5, 1, 146, 147
411483.3.peg.1536.site.6, 0, 149, 149
411483.3.peg.1536.site.7, 6, 152, 158
411483.3.peg.1536.site.8, 2, 153, 155
411483.3.peg.1536.site.9, 40, 144, 184
411483.3.peg.1536.site.10, 2, 153, 155
411483.3.peg.1536.site.11, 2, 152, 154
411483.3.peg.1536.site.12, 8, 154, 162
411483.3.peg.1536.site.13, 21, 149, 170
411483.3.peg.1536.site.14, 5, 154, 159
411483.3.peg.1536.site.15, 1, 153, 154
411483.3.peg.1536.site.16, 6, 155, 161
411483.3.peg.1536.site.17, 91, 147, 238
411483.3.peg.1536.site.18, 37, 149, 186
411483.3.peg.1536.site.19, 7, 155, 162
411483.3.peg.1536.site.20, 0, 153, 153
411483.3.peg.1536.site.21, 5, 155, 160
411483.3.peg.1536.site.22, 7, 149, 156
411483.3.peg.1536.site.23, 1, 155, 156
411483.3.peg.1536.site.24, 4, 152, 156
411483.3.peg.614.site.1, 0, 154, 154
411483.3.peg.614.site.2, 0, 153, 153
411483.3.peg.614.site.3, 0, 149, 149
411483.3.peg.614.site.4, 0, 147, 147
411483.3.peg.614.site.5, 1, 149, 150
411483.3.peg.614.site.6, 1, 148, 149
411483.3.peg.614.site.7, 6, 143, 149
411483.3.peg.614.site.8, 10, 151, 161
411483.3.peg.614.site.9, 4, 154, 158
411483.3.peg.614.site.10, 0, 154, 154
411483.3.peg.614.site.11, 0, 153, 153
411483.3.peg.614.site.12, 0, 152, 152
411483.3.peg.614.site.13, 0, 142, 142
411483.3.peg.614.site.14, 29, 130, 159
411483.3.peg.614.site.15, 0, 119, 119
411483.3.peg.1534.site.1, 1, 98, 99
411483.3.peg.1534.site.2, 1, 107, 108
411483.3.peg.1534.site.3, 3, 121, 124
411483.3.peg.1534.site.4, 14, 123, 137
411483.3.peg.1534.site.5, 10, 142, 152
411483.3.peg.1534.site.6, 54, 141, 195
411483.3.peg.1534.site.7, 0, 153, 153
411483.3.peg.1534.site.8, 1, 154, 155
411483.3.peg.1534.site.9, 0, 154, 154
411483.3.peg.1534.site.10, 41, 144, 185
411483.3.peg.1534.site.11, 22, 143, 165
411483.3.peg.1534.site.12, 2, 144, 146
411483.3.peg.1534.site.13, 1, 145, 146
411483.3.peg.1534.site.14, 3, 142, 145
411483.3.peg.1534.site.15, 1, 142, 143
411483.3.peg.1534.site.16, 13, 149, 162
411483.3.peg.1534.site.17, 2, 147, 149
411483.3.peg.1534.site.18, 2, 148, 150
411483.3.peg.1534.site.19, 7, 143, 150
411483.3.peg.1534.site.20, 0, 147, 147
411483.3.peg.1534.site.21, 6, 139, 145
411483.3.peg.1534.site.22, 3, 145, 148
411483.3.peg.1534.site.23, 1, 144, 145
411483.3.peg.1534.site.24, 5, 146, 151
411483.3.peg.1534.site.25, 7, 145, 152
411483.3.peg.1534.site.26, 9, 143, 152
411483.3.peg.1534.site.27, 13, 142, 155
411483.3.peg.1534.site.28, 1, 146, 147
411483.3.peg.1534.site.29, 1, 147, 148
411483.3.peg.1534.site.30, 9, 146, 155
411483.3.peg.1534.site.31, 11, 144, 155
411483.3.peg.1534.site.32, 1, 150, 151
411483.3.peg.1534.site.33, 7, 150, 157
411483.3.peg.1534.site.34, 1, 152, 153
411483.3.peg.1534.site.35, 0, 150, 150
411483.3.peg.1534.site.36, 3, 149, 152
411483.3.peg.1534.site.37, 1, 147, 148
411483.3.peg.1534.site.38, 7, 146, 153
411483.3.peg.1534.site.39, 2, 148, 150
411483.3.peg.1534.site.40, 3, 135, 138
411483.3.peg.1534.site.41, 3, 133, 136
411483.3.peg.1534.site.42, 0, 123, 123
411483.3.peg.1534.site.43, 84, 105, 189
411483.3.peg.1534.site.44, 41, 111, 152
411483.3.peg.1534.site.45, 3, 129, 132
411483.3.peg.1534.site.46, 69, 115, 184
411483.3.peg.1534.site.47, 6, 123, 129
411483.3.peg.1534.site.48, 10, 127, 137
411483.3.peg.1534.site.49, 30, 119, 149
411483.3.peg.1534.site.50, 2, 139, 141
411483.3.peg.1534.site.51, 33, 128, 161
411483.3.peg.1534.site.52, 128, 143, 271
411483.3.peg.1534.site.53, 8, 140, 148
411483.3.peg.1534.site.54, 6, 137, 143
411483.3.peg.1534.site.55, 1, 142, 143
411483.3.peg.1534.site.56, 2, 146, 148
411483.3.peg.1534.site.57, 0, 140, 140
411483.3.peg.1534.site.58, 3, 145, 148
411483.3.peg.1534.site.59, 15, 144, 159
411483.3.peg.1534.site.60, 4, 150, 154
411483.3.peg.1534.site.61, 25, 143, 168
411483.3.peg.1534.site.62, 6, 148, 154
411483.3.peg.1534.site.63, 10, 148, 158
411483.3.peg.1534.site.64, 147, 148, 295
411483.3.peg.1534.site.65, 1, 147, 148
411483.3.peg.1534.site.66, 1, 151, 152
411483.3.peg.1534.site.67, 1, 151, 152
411483.3.peg.1534.site.68, 4, 151, 155
411483.3.peg.1534.site.69, 6, 147, 153
411483.3.peg.1534.site.70, 1, 149, 150
411483.3.peg.1534.site.71, 4, 145, 149
411483.3.peg.1534.site.72, 17, 140, 157
411483.3.peg.1534.site.73, 0, 146, 146
411483.3.peg.1534.site.74, 7, 145, 152
411483.3.peg.1534.site.75, 23, 138, 161
411483.3.peg.1534.site.76, 10, 150, 160
411483.3.peg.1534.site.77, 0, 148, 148
411483.3.peg.1534.site.78, 2, 149, 151
411483.3.peg.1534.site.79, 7, 148, 155
411483.3.peg.1534.site.80, 0, 148, 148
411483.3.peg.1534.site.81, 11, 144, 155
411483.3.peg.1534.site.82, 0, 149, 149
411483.3.peg.1534.site.83, 1, 144, 145
411483.3.peg.1534.site.84, 3, 149, 152
411483.3.peg.1534.site.85, 12, 144, 156
411483.3.peg.1534.site.86, 8, 147, 155
411483.3.peg.1534.site.87, 2, 149, 151
411483.3.peg.1534.site.88, 21, 147, 168
411483.3.peg.1534.site.89, 5, 148, 153
411483.3.peg.1534.site.90, 4, 148, 152
411483.3.peg.1534.site.91, 6, 153, 159
411483.3.peg.1534.site.92, 137, 147, 284
411483.3.peg.1534.site.93, 17, 152, 169
411483.3.peg.1534.site.94, 3, 153, 156
411483.3.peg.1534.site.95, 154, 154, 308
411483.3.peg.1534.site.96, 8, 153, 161
411483.3.peg.1534.site.97, 0, 152, 152
411483.3.peg.1534.site.98, 27, 148, 175
411483.3.peg.1534.site.99, 3, 154, 157
411483.3.peg.1534.site.100, 11, 150, 161
411483.3.peg.1534.site.101, 1, 155, 156
411483.3.peg.1534.site.102, 4, 153, 157
411483.3.peg.1534.site.103, 50, 146, 196
411483.3.peg.1534.site.104, 17, 152, 169
411483.3.peg.1534.site.105, 18, 151, 169
411483.3.peg.1534.site.106, 1, 152, 153
411483.3.peg.1534.site.107, 15, 152, 167
411483.3.peg.1534.site.108, 1, 148, 149
411483.3.peg.1534.site.109, 2, 150, 152
411483.3.peg.1534.site.110, 2, 151, 153
411483.3.peg.1534.site.111, 0, 149, 149
411483.3.peg.1534.site.112, 5, 149, 154
411483.3.peg.1534.site.113, 1, 154, 155
411483.3.peg.1534.site.114, 6, 149, 155
411483.3.peg.1534.site.115, 1, 146, 147
411483.3.peg.1535.site.1, 12, 143, 155
411483.3.peg.1535.site.2, 0, 143, 143
411483.3.peg.1535.site.3, 6, 143, 149
411483.3.peg.1535.site.4, 92, 144, 236
411483.3.peg.1535.site.5, 0, 150, 150
411483.3.peg.1535.site.6, 3, 152, 155
411483.3.peg.1535.site.7, 2, 153, 155
411483.3.peg.1535.site.8, 1, 153, 154
411483.3.peg.1535.site.9, 3, 152, 155
411483.3.peg.1535.site.10, 0, 152, 152
411483.3.peg.611.site.1, 1, 153, 154
411483.3.peg.611.site.2, 1, 153, 154
411483.3.peg.611.site.3, 3, 154, 157
411483.3.peg.611.site.4, 1, 154, 155
411483.3.peg.611.site.5, 5, 149, 154
411483.3.peg.611.site.6, 3, 154, 157
411483.3.peg.611.site.7, 4, 153, 157
411483.3.peg.611.site.8, 1, 153, 154
411483.3.peg.611.site.9, 2, 151, 153
411483.3.peg.611.site.10, 29, 140, 169
411483.3.peg.611.site.11, 31, 140, 171
411483.3.peg.611.site.12, 7, 140, 147
411483.3.peg.611.site.13, 2, 135, 137
411483.3.peg.611.site.14, 20, 113, 133
411483.3.peg.611.site.15, 1, 148, 149
411483.3.peg.611.site.16, 21, 151, 172
411483.3.peg.611.site.17, 21, 155, 176
411483.3.peg.611.site.18, 5, 154, 159
411483.3.peg.611.site.19, 5, 152, 157
411483.3.peg.611.site.20, 33, 146, 179
411483.3.peg.611.site.21, 0, 155, 155
411483.3.peg.611.site.22, 4, 151, 155
411483.3.peg.611.site.23, 4, 148, 152
411483.3.peg.611.site.24, 4, 148, 152
411483.3.peg.611.site.25, 19, 153, 172
411483.3.peg.611.site.26, 1, 154, 155
411483.3.peg.611.site.27, 1, 152, 153
411483.3.peg.611.site.28, 0, 153, 153
411483.3.peg.611.site.29, 1, 154, 155
411483.3.peg.611.site.30, 23, 150, 173
411483.3.peg.611.site.31, 0, 153, 153
411483.3.peg.611.site.32, 113, 145, 258
411483.3.peg.611.site.33, 20, 142, 162
411483.3.peg.611.site.34, 10, 152, 162
411483.3.peg.611.site.35, 126, 147, 273
411483.3.peg.611.site.36, 9, 147, 156
411483.3.peg.611.site.37, 5, 151, 156
411483.3.peg.611.site.38, 1, 155, 156
411483.3.peg.611.site.39, 1, 153, 154
411483.3.peg.611.site.40, 0, 153, 153
411483.3.peg.611.site.41, 80, 144, 224
411483.3.peg.611.site.42, 9, 149, 158
411483.3.peg.611.site.43, 1, 144, 145
411483.3.peg.611.site.44, 0, 140, 140
411483.3.peg.611.site.45, 57, 137, 194
411483.3.peg.611.site.46, 1, 137, 138
411483.3.peg.611.site.47, 1, 135, 136
411483.3.peg.611.site.48, 1, 129, 130
411483.3.peg.611.site.49, 1, 149, 150
411483.3.peg.611.site.50, 0, 143, 143
411483.3.peg.611.site.51, 10, 140, 150
411483.3.peg.611.site.52, 6, 138, 144
411483.3.peg.611.site.53, 3, 130, 133
411483.3.peg.611.site.54, 104, 123, 227
411483.3.peg.611.site.55, 78, 111, 189
411483.3.peg.611.site.56, 71, 89, 160
411483.3.peg.611.site.57, 0, 103, 103
411483.3.peg.611.site.58, 34, 98, 132
411483.3.peg.611.site.59, 2, 101, 103
411483.3.peg.611.site.60, 32, 96, 128
411483.3.peg.611.site.61, 5, 101, 106
411483.3.peg.611.site.62, 62, 112, 174
411483.3.peg.611.site.63, 41, 104, 145
411483.3.peg.611.site.64, 9, 134, 143
411483.3.peg.611.site.65, 3, 136, 139
411483.3.peg.611.site.66, 0, 136, 136
411483.3.peg.611.site.67, 5, 143, 148
411483.3.peg.611.site.68, 19, 140, 159
411483.3.peg.611.site.69, 1, 146, 147
411483.3.peg.611.site.70, 113, 133, 246
411483.3.peg.611.site.71, 15, 130, 145
411483.3.peg.611.site.72, 111, 133, 244
411483.3.peg.611.site.73, 7, 134, 141
411483.3.peg.611.site.74, 86, 132, 218
411483.3.peg.611.site.75, 31, 136, 167
411483.3.peg.611.site.76, 1, 148, 149
411483.3.peg.611.site.77, 2, 152, 154
411483.3.peg.611.site.78, 19, 145, 164
411483.3.peg.611.site.79, 9, 148, 157
411483.3.peg.611.site.80, 5, 150, 155
411483.3.peg.611.site.81, 1, 151, 152
411483.3.peg.611.site.82, 0, 148, 148
411483.3.peg.611.site.83, 23, 148, 171
411483.3.peg.611.site.84, 23, 146, 169
411483.3.peg.611.site.85, 46, 139, 185
411483.3.peg.611.site.86, 35, 141, 176
411483.3.peg.611.site.87, 3, 153, 156
411483.3.peg.611.site.88, 5, 153, 158
411483.3.peg.611.site.89, 1, 153, 154
411483.3.peg.611.site.90, 10, 148, 158
411483.3.peg.611.site.91, 1, 152, 153
411483.3.peg.611.site.92, 48, 147, 195
411483.3.peg.611.site.93, 23, 149, 172
411483.3.peg.611.site.94, 1, 154, 155
411483.3.peg.611.site.95, 1, 153, 154
411483.3.peg.611.site.96, 6, 151, 157
411483.3.peg.611.site.97, 22, 143, 165
411483.3.peg.611.site.98, 0, 152, 152
411483.3.peg.611.site.99, 1, 155, 156
411483.3.peg.611.site.100, 2, 153, 155
411483.3.peg.611.site.101, 1, 154, 155
411483.3.peg.611.site.102, 19, 150, 169
411483.3.peg.611.site.103, 2, 152, 154
411483.3.peg.611.site.104, 28, 144, 172
411483.3.peg.611.site.105, 6, 151, 157
411483.3.peg.611.site.106, 1, 151, 152
411483.3.peg.611.site.107, 4, 147, 151
411483.3.peg.611.site.108, 2, 153, 155
411483.3.peg.611.site.109, 1, 153, 154
411483.3.peg.611.site.110, 1, 154, 155
411483.3.peg.611.site.111, 1, 155, 156
411483.3.peg.611.site.112, 7, 154, 161
411483.3.peg.611.site.113, 2, 154, 156
411483.3.peg.611.site.114, 7, 153, 160
411483.3.peg.611.site.115, 2, 155, 157
411483.3.peg.611.site.116, 1, 155, 156
411483.3.peg.611.site.117, 0, 153, 153
411483.3.peg.611.site.118, 4, 154, 158
411483.3.peg.611.site.119, 1, 153, 154
411483.3.peg.611.site.120, 3, 153, 156
411483.3.peg.611.site.121, 9, 153, 162
411483.3.peg.611.site.122, 0, 151, 151
411483.3.peg.611.site.123, 14, 146, 160
411483.3.peg.611.site.124, 1, 153, 154
411483.3.peg.611.site.125, 1, 152, 153
411483.3.peg.611.site.126, 4, 149, 153
411483.3.peg.611.site.127, 38, 144, 182
411483.3.peg.611.site.128, 9, 145, 154
411483.3.peg.611.site.129, 9, 150, 159
411483.3.peg.611.site.130, 3, 151, 154
411483.3.peg.611.site.131, 9, 143, 152
411483.3.peg.611.site.132, 0, 148, 148
411483.3.peg.611.site.133, 2, 149, 151
411483.3.peg.611.site.134, 6, 146, 152
411483.3.peg.611.site.135, 125, 144, 269
411483.3.peg.611.site.136, 123, 147, 270
411483.3.peg.611.site.137, 20, 142, 162
411483.3.peg.611.site.138, 2, 153, 155
411483.3.peg.611.site.139, 2, 153, 155
411483.3.peg.611.site.140, 7, 152, 159
411483.3.peg.611.site.141, 3, 152, 155
411483.3.peg.611.site.142, 1, 152, 153
411483.3.peg.611.site.143, 1, 151, 152
411483.3.peg.611.site.144, 6, 139, 145
411483.3.peg.611.site.145, 1, 136, 137
411483.3.peg.611.site.146, 10, 129, 139
411483.3.peg.611.site.147, 12, 116, 128
411483.3.peg.611.site.148, 2, 116, 118
411483.3.peg.611.site.149, 2, 116, 118
411483.3.peg.611.site.150, 106, 113, 219
411483.3.peg.611.site.151, 1, 122, 123
411483.3.peg.611.site.152, 2, 136, 138
411483.3.peg.611.site.153, 3, 128, 131
411483.3.peg.611.site.154, 1, 131, 132
411483.3.peg.611.site.155, 16, 124, 140
411483.3.peg.611.site.156, 35, 125, 160
411483.3.peg.611.site.157, 0, 127, 127
411483.3.peg.611.site.158, 1, 135, 136
411483.3.peg.611.site.159, 1, 137, 138
411483.3.peg.611.site.160, 110, 133, 243
411483.3.peg.611.site.161, 2, 138, 140
411483.3.peg.611.site.162, 5, 139, 144
411483.3.peg.611.site.163, 1, 143, 144
411483.3.peg.611.site.164, 5, 144, 149
411483.3.peg.611.site.165, 8, 144, 152
411483.3.peg.611.site.166, 5, 148, 153
411483.3.peg.611.site.167, 6, 152, 158
411483.3.peg.611.site.168, 3, 150, 153
411483.3.peg.610.site.1, 1, 154, 155
411483.3.peg.610.site.2, 4, 153, 157
411483.3.peg.610.site.3, 127, 148, 275
411483.3.peg.610.site.4, 4, 152, 156
411483.3.peg.610.site.5, 9, 150, 159
411483.3.peg.610.site.6, 7, 150, 157
411483.3.peg.610.site.7, 3, 149, 152
411483.3.peg.610.site.8, 4, 149, 153
411483.3.peg.610.site.9, 14, 143, 157
411483.3.peg.610.site.10, 4, 144, 148
411483.3.peg.610.site.11, 23, 134, 157
411483.3.peg.610.site.12, 4, 148, 152
411483.3.peg.610.site.13, 3, 147, 150
411483.3.peg.610.site.14, 0, 151, 151
411483.3.peg.610.site.15, 4, 147, 151
411483.3.peg.610.site.16, 4, 150, 154
411483.3.peg.1530.site.1, 1, 151, 152
411483.3.peg.1530.site.2, 4, 152, 156
411483.3.peg.1530.site.3, 14, 151, 165
411483.3.peg.1530.site.4, 8, 150, 158
411483.3.peg.1530.site.5, 11, 150, 161
411483.3.peg.1530.site.6, 25, 145, 170
411483.3.peg.1530.site.7, 1, 151, 152
411483.3.peg.1530.site.8, 1, 151, 152
411483.3.peg.1530.site.9, 0, 150, 150
411483.3.peg.1530.site.10, 0, 150, 150
411483.3.peg.1530.site.11, 3, 151, 154
411483.3.peg.1530.site.12, 1, 151, 152
411483.3.peg.1530.site.13, 2, 148, 150
411483.3.peg.1530.site.14, 6, 149, 155
411483.3.peg.1530.site.15, 7, 147, 154
411483.3.peg.1530.site.16, 8, 144, 152
411483.3.peg.1530.site.17, 3, 146, 149
411483.3.peg.1530.site.18, 14, 148, 162
411483.3.peg.1530.site.19, 1, 152, 153
411483.3.peg.1530.site.20, 1, 148, 149
411483.3.peg.1530.site.21, 0, 143, 143
411483.3.peg.1530.site.22, 1, 136, 137
411483.3.peg.1530.site.23, 45, 132, 177
411483.3.peg.1530.site.24, 1, 132, 133
411483.3.peg.1530.site.25, 3, 123, 126
411483.3.peg.1530.site.26, 3, 125, 128
411483.3.peg.1530.site.27, 14, 85, 99
411483.3.peg.1530.site.28, 1, 102, 103
411483.3.peg.1530.site.29, 2, 103, 105
411483.3.peg.1530.site.30, 86, 103, 189
411483.3.peg.1530.site.31, 8, 104, 112
411483.3.peg.1530.site.32, 1, 111, 112
411483.3.peg.1530.site.33, 1, 119, 120
411483.3.peg.1530.site.34, 55, 119, 174
411483.3.peg.1530.site.35, 1, 125, 126
411483.3.peg.1530.site.36, 1, 131, 132
411483.3.peg.1530.site.37, 2, 131, 133
411483.3.peg.1530.site.38, 136, 136, 272
411483.3.peg.1530.site.39, 0, 150, 150
411483.3.peg.1530.site.40, 127, 148, 275
411483.3.peg.1530.site.41, 0, 147, 147
411483.3.peg.1530.site.42, 3, 153, 156
411483.3.peg.1530.site.43, 1, 152, 153
411483.3.peg.1530.site.44, 12, 118, 130
411483.3.peg.1530.site.45, 22, 109, 131
411483.3.peg.1530.site.46, 15, 123, 138
411483.3.peg.1530.site.47, 13, 131, 144
411483.3.peg.1530.site.48, 2, 139, 141
411483.3.peg.1530.site.49, 9, 130, 139
411483.3.peg.1530.site.50, 63, 125, 188
411483.3.peg.1530.site.51, 144, 146, 290
411483.3.peg.1530.site.52, 14, 139, 153
411483.3.peg.1530.site.53, 3, 144, 147
411483.3.peg.1530.site.54, 3, 141, 144
411483.3.peg.1530.site.55, 0, 130, 130
411483.3.peg.1530.site.56, 10, 116, 126
411483.3.peg.1530.site.57, 23, 117, 140
411483.3.peg.1530.site.58, 56, 115, 171
411483.3.peg.1530.site.59, 32, 127, 159
411483.3.peg.1530.site.60, 6, 136, 142
411483.3.peg.1530.site.61, 68, 121, 189
411483.3.peg.1530.site.62, 3, 127, 130
411483.3.peg.1530.site.63, 1, 131, 132
411483.3.peg.1530.site.64, 1, 129, 130
411483.3.peg.1530.site.65, 0, 126, 126
411483.3.peg.1530.site.66, 1, 124, 125
411483.3.peg.1530.site.67, 0, 119, 119
411483.3.peg.1530.site.68, 122, 122, 244
411483.3.peg.1530.site.69, 19, 104, 123
411483.3.peg.1530.site.70, 1, 124, 125
411483.3.peg.1530.site.71, 2, 131, 133
411483.3.peg.1530.site.72, 1, 140, 141
411483.3.peg.1530.site.73, 2, 140, 142
411483.3.peg.1530.site.74, 8, 133, 141
411483.3.peg.1530.site.75, 3, 146, 149
411483.3.peg.1530.site.76, 1, 149, 150
411483.3.peg.1530.site.77, 22, 139, 161
411483.3.peg.1530.site.78, 1, 151, 152
411483.3.peg.1530.site.79, 59, 133, 192
411483.3.peg.1530.site.80, 0, 140, 140
411483.3.peg.1530.site.81, 8, 142, 150
411483.3.peg.1530.site.82, 3, 144, 147
411483.3.peg.1530.site.83, 8, 146, 154
411483.3.peg.1530.site.84, 15, 146, 161
411483.3.peg.1530.site.85, 1, 150, 151
411483.3.peg.1530.site.86, 14, 147, 161
411483.3.peg.1530.site.87, 141, 142, 283
411483.3.peg.1530.site.88, 0, 147, 147
411483.3.peg.1530.site.89, 2, 145, 147
411483.3.peg.1530.site.90, 88, 133, 221
411483.3.peg.1530.site.91, 0, 142, 142
411483.3.peg.1530.site.92, 3, 143, 146
411483.3.peg.1530.site.93, 6, 143, 149
411483.3.peg.1530.site.94, 3, 145, 148
411483.3.peg.1530.site.95, 0, 144, 144
411483.3.peg.1530.site.96, 0, 144, 144
411483.3.peg.1530.site.97, 17, 140, 157
411483.3.peg.1530.site.98, 9, 144, 153
411483.3.peg.1530.site.99, 0, 148, 148
411483.3.peg.612.site.1, 2, 150, 152
411483.3.peg.612.site.2, 2, 143, 145
411483.3.peg.612.site.3, 0, 131, 131
411483.3.peg.612.site.4, 100, 111, 211
411483.3.peg.612.site.5, 1, 110, 111
411483.3.peg.612.site.6, 1, 106, 107
411483.3.peg.612.site.7, 6, 101, 107
411483.3.peg.612.site.8, 1, 71, 72
411483.3.peg.612.site.9, 1, 92, 93
411483.3.peg.612.site.10, 10, 92, 102
411483.3.peg.612.site.11, 9, 88, 97
411483.3.peg.612.site.12, 55, 90, 145
411483.3.peg.612.site.13, 2, 98, 100
411483.3.peg.612.site.14, 2, 104, 106
411483.3.peg.612.site.15, 64, 97, 161
411483.3.peg.612.site.16, 36, 101, 137
411483.3.peg.612.site.17, 2, 112, 114
411483.3.peg.612.site.18, 99, 116, 215
411483.3.peg.612.site.19, 2, 114, 116
411483.3.peg.612.site.20, 2, 126, 128
411483.3.peg.612.site.21, 40, 109, 149
411483.3.peg.612.site.22, 1, 126, 127
411483.3.peg.612.site.23, 1, 133, 134
411483.3.peg.612.site.24, 124, 135, 259
411483.3.peg.612.site.25, 2, 137, 139
411483.3.peg.612.site.26, 5, 138, 143
411483.3.peg.612.site.27, 1, 142, 143
411483.3.peg.612.site.28, 17, 136, 153
411483.3.peg.612.site.29, 47, 130, 177
411483.3.peg.612.site.30, 1, 131, 132
411483.3.peg.612.site.31, 1, 137, 138
411483.3.peg.612.site.32, 5, 137, 142
411483.3.peg.612.site.33, 2, 133, 135
411483.3.peg.612.site.34, 2, 131, 133
411483.3.peg.612.site.35, 0, 139, 139
411483.3.peg.612.site.36, 0, 132, 132
411483.3.peg.612.site.37, 6, 126, 132
411483.3.peg.612.site.38, 60, 111, 171
411483.3.peg.612.site.39, 70, 115, 185
411483.3.peg.612.site.40, 10, 127, 137
411483.3.peg.612.site.41, 6, 133, 139
411483.3.peg.612.site.42, 2, 130, 132
411483.3.peg.612.site.43, 10, 131, 141
411483.3.peg.612.site.44, 3, 136, 139
411483.3.peg.612.site.45, 3, 135, 138
411483.3.peg.612.site.46, 2, 136, 138
411483.3.peg.612.site.47, 1, 141, 142
411483.3.peg.612.site.48, 19, 134, 153
411483.3.peg.612.site.49, 16, 130, 146
411483.3.peg.612.site.50, 13, 145, 158
411483.3.peg.612.site.51, 0, 143, 143
411483.3.peg.612.site.52, 7, 149, 156
411483.3.peg.612.site.53, 65, 143, 208
411483.3.peg.612.site.54, 0, 152, 152
411483.3.peg.612.site.55, 58, 147, 205
411483.3.peg.612.site.56, 1, 154, 155
411483.3.peg.612.site.57, 5, 155, 160
411483.3.peg.612.site.58, 15, 154, 169
411483.3.peg.612.site.59, 3, 154, 157
411483.3.peg.612.site.60, 6, 150, 156
411483.3.peg.612.site.61, 94, 142, 236
411483.3.peg.612.site.62, 2, 146, 148
411483.3.peg.612.site.63, 34, 125, 159
411483.3.peg.612.site.64, 51, 101, 152
411483.3.peg.612.site.65, 1, 101, 102
411483.3.peg.612.site.66, 44, 70, 114
411483.3.peg.612.site.67, 1, 102, 103
411483.3.peg.612.site.68, 4, 103, 107
411483.3.peg.612.site.69, 20, 101, 121
411483.3.peg.612.site.70, 1, 121, 122
411483.3.peg.612.site.71, 3, 119, 122
411483.3.peg.612.site.72, 21, 123, 144
411483.3.peg.612.site.73, 2, 135, 137
411483.3.peg.612.site.74, 1, 131, 132
411483.3.peg.612.site.75, 5, 131, 136
411483.3.peg.612.site.76, 122, 137, 259
411483.3.peg.612.site.77, 1, 139, 140
411483.3.peg.612.site.78, 2, 146, 148
411483.3.peg.612.site.79, 15, 143, 158
411483.3.peg.612.site.80, 29, 142, 171
411483.3.peg.612.site.81, 10, 149, 159
411483.3.peg.612.site.82, 1, 150, 151
411483.3.peg.612.site.83, 8, 145, 153
411483.3.peg.501.site.1, 1, 151, 152
411483.3.peg.501.site.2, 1, 151, 152
411483.3.peg.501.site.3, 0, 151, 151
411483.3.peg.501.site.4, 5, 153, 158
411483.3.peg.501.site.5, 1, 150, 151
411483.3.peg.501.site.6, 8, 144, 152
411483.3.peg.501.site.7, 3, 147, 150
411483.3.peg.501.site.8, 0, 147, 147
411483.3.peg.501.site.9, 2, 152, 154
411483.3.peg.501.site.10, 3, 154, 157
411483.3.peg.501.site.11, 0, 149, 149
411483.3.peg.501.site.12, 2, 147, 149
411483.3.peg.501.site.13, 2, 155, 157
411483.3.peg.501.site.14, 0, 155, 155
411483.3.peg.501.site.15, 0, 152, 152
411483.3.peg.501.site.16, 40, 147, 187
411483.3.peg.501.site.17, 99, 147, 246
411483.3.peg.501.site.18, 46, 144, 190
411483.3.peg.501.site.19, 11, 153, 164
411483.3.peg.501.site.20, 125, 144, 269
411483.3.peg.501.site.21, 2, 146, 148
411483.3.peg.501.site.22, 128, 142, 270
411483.3.peg.501.site.23, 6, 140, 146
411483.3.peg.501.site.24, 98, 135, 233
411483.3.peg.501.site.25, 2, 135, 137
411483.3.peg.501.site.26, 2, 140, 142
411483.3.peg.501.site.27, 23, 141, 164
411483.3.peg.501.site.28, 10, 145, 155
411483.3.peg.501.site.29, 1, 149, 150
411483.3.peg.501.site.30, 1, 149, 150
411483.3.peg.501.site.31, 19, 147, 166
411483.3.peg.501.site.32, 45, 138, 183
411483.3.peg.501.site.33, 10, 144, 154
411483.3.peg.501.site.34, 2, 152, 154
411483.3.peg.501.site.35, 0, 155, 155
411483.3.peg.501.site.36, 6, 153, 159
411483.3.peg.501.site.37, 5, 155, 160
411483.3.peg.501.site.38, 69, 149, 218
411483.3.peg.501.site.39, 3, 154, 157
411483.3.peg.501.site.40, 2, 150, 152
411483.3.peg.501.site.41, 2, 151, 153
411483.3.peg.501.site.42, 6, 145, 151
411483.3.peg.501.site.43, 20, 148, 168
411483.3.peg.501.site.44, 0, 145, 145
411483.3.peg.501.site.45, 2, 150, 152
411483.3.peg.501.site.46, 6, 149, 155
411483.3.peg.501.site.47, 4, 129, 133
411483.3.peg.501.site.48, 3, 146, 149
411483.3.peg.501.site.49, 5, 152, 157
411483.3.peg.501.site.50, 2, 150, 152
411483.3.peg.501.site.51, 2, 147, 149
411483.3.peg.501.site.52, 7, 151, 158
411483.3.peg.501.site.53, 8, 148, 156
411483.3.peg.501.site.54, 42, 140, 182
411483.3.peg.501.site.55, 4, 153, 157
411483.3.peg.501.site.56, 2, 154, 156
411483.3.peg.501.site.57, 0, 151, 151
411483.3.peg.501.site.58, 4, 154, 158
411483.3.peg.501.site.59, 0, 151, 151
411483.3.peg.501.site.60, 11, 147, 158
411483.3.peg.501.site.61, 12, 151, 163
411483.3.peg.501.site.62, 1, 148, 149
411483.3.peg.501.site.63, 1, 146, 147
411483.3.peg.501.site.64, 7, 148, 155
411483.3.peg.501.site.65, 4, 137, 141
411483.3.peg.501.site.66, 45, 135, 180
411483.3.peg.501.site.67, 0, 145, 145
411483.3.peg.501.site.68, 132, 139, 271
411483.3.peg.501.site.69, 4, 142, 146
411483.3.peg.501.site.70, 6, 149, 155
411483.3.peg.501.site.71, 1, 146, 147
411483.3.peg.501.site.72, 78, 139, 217
411483.3.peg.501.site.73, 3, 149, 152
411483.3.peg.501.site.74, 6, 149, 155
411483.3.peg.501.site.75, 2, 152, 154
411483.3.peg.501.site.76, 3, 153, 156
411483.3.peg.501.site.77, 5, 152, 157
411483.3.peg.501.site.78, 3, 153, 156
411483.3.peg.501.site.79, 1, 152, 153
411483.3.peg.501.site.80, 2, 150, 152
411483.3.peg.501.site.81, 2, 150, 152
411483.3.peg.501.site.82, 9, 149, 158
411483.3.peg.501.site.83, 0, 153, 153
411483.3.peg.501.site.84, 5, 152, 157
411483.3.peg.501.site.85, 15, 149, 164
411483.3.peg.501.site.86, 6, 154, 160
411483.3.peg.501.site.87, 0, 154, 154
411483.3.peg.501.site.88, 14, 154, 168
411483.3.peg.501.site.89, 3, 154, 157
411483.3.peg.501.site.90, 3, 154, 157
411483.3.peg.501.site.91, 4, 150, 154
411483.3.peg.501.site.92, 0, 152, 152
411483.3.peg.501.site.93, 146, 150, 296
411483.3.peg.501.site.94, 0, 150, 150
411483.3.peg.501.site.95, 143, 152, 295
411483.3.peg.501.site.96, 2, 151, 153
411483.3.peg.501.site.97, 12, 152, 164
411483.3.peg.501.site.98, 1, 151, 152
411483.3.peg.501.site.99, 20, 145, 165
411483.3.peg.501.site.100, 2, 152, 154
411483.3.peg.501.site.101, 10, 152, 162
411483.3.peg.501.site.102, 4, 151, 155
411483.3.peg.503.site.1, 1, 154, 155
411483.3.peg.503.site.2, 4, 152, 156
411483.3.peg.503.site.3, 2, 154, 156
411483.3.peg.503.site.4, 1, 154, 155
411483.3.peg.503.site.5, 1, 153, 154
411483.3.peg.503.site.6, 0, 151, 151
411483.3.peg.503.site.7, 4, 151, 155
411483.3.peg.503.site.8, 6, 144, 150
411483.3.peg.503.site.9, 1, 148, 149
411483.3.peg.503.site.10, 12, 144, 156
411483.3.peg.503.site.11, 5, 140, 145
411483.3.peg.503.site.12, 1, 132, 133
411483.3.peg.503.site.13, 2, 137, 139
411483.3.peg.503.site.14, 1, 139, 140
411483.3.peg.503.site.15, 15, 129, 144
411483.3.peg.503.site.16, 4, 132, 136
411483.3.peg.503.site.17, 0, 131, 131
411483.3.peg.503.site.18, 2, 134, 136
411483.3.peg.503.site.19, 8, 121, 129
411483.3.peg.503.site.20, 22, 108, 130
411483.3.peg.503.site.21, 4, 127, 131
411483.3.peg.503.site.22, 1, 134, 135
411483.3.peg.503.site.23, 52, 114, 166
411483.3.peg.503.site.24, 1, 131, 132
411483.3.peg.503.site.25, 2, 133, 135
411483.3.peg.503.site.26, 8, 133, 141
411483.3.peg.503.site.27, 3, 139, 142
411483.3.peg.503.site.28, 3, 131, 134
411483.3.peg.503.site.29, 0, 142, 142
411483.3.peg.503.site.30, 6, 141, 147
411483.3.peg.503.site.31, 49, 133, 182
411483.3.peg.503.site.32, 2, 145, 147
411483.3.peg.503.site.33, 28, 137, 165
411483.3.peg.503.site.34, 4, 150, 154
411483.3.peg.503.site.35, 2, 149, 151
411483.3.peg.503.site.36, 1, 148, 149
411483.3.peg.503.site.37, 7, 149, 156
411483.3.peg.503.site.38, 6, 147, 153
411483.3.peg.503.site.39, 1, 150, 151
411483.3.peg.503.site.40, 2, 151, 153
411483.3.peg.503.site.41, 4, 153, 157
411483.3.peg.503.site.42, 47, 143, 190
411483.3.peg.503.site.43, 42, 140, 182
411483.3.peg.503.site.44, 0, 149, 149
411483.3.peg.503.site.45, 0, 147, 147
411483.3.peg.503.site.46, 1, 152, 153
411483.3.peg.503.site.47, 6, 149, 155
411483.3.peg.503.site.48, 3, 144, 147
411483.3.peg.503.site.49, 3, 145, 148
411483.3.peg.503.site.50, 49, 139, 188
411483.3.peg.503.site.51, 8, 146, 154
411483.3.peg.503.site.52, 76, 138, 214
411483.3.peg.503.site.53, 0, 148, 148
411483.3.peg.503.site.54, 7, 143, 150
411483.3.peg.503.site.55, 2, 131, 133
411483.3.peg.503.site.56, 1, 134, 135
411483.3.peg.503.site.57, 10, 127, 137
411483.3.peg.503.site.58, 3, 117, 120
411483.3.peg.503.site.59, 3, 113, 116
411483.3.peg.503.site.60, 3, 113, 116
411483.3.peg.503.site.61, 2, 103, 105
411483.3.peg.503.site.62, 2, 108, 110
411483.3.peg.503.site.63, 2, 115, 117
411483.3.peg.503.site.64, 40, 117, 157
411483.3.peg.503.site.65, 10, 132, 142
411483.3.peg.503.site.66, 110, 133, 243
411483.3.peg.503.site.67, 22, 137, 159
411483.3.peg.503.site.68, 0, 144, 144
411483.3.peg.503.site.69, 1, 145, 146
411483.3.peg.503.site.70, 1, 143, 144
411483.3.peg.503.site.71, 18, 140, 158
411483.3.peg.503.site.72, 2, 143, 145
411483.3.peg.503.site.73, 15, 139, 154
411483.3.peg.503.site.74, 20, 139, 159
411483.3.peg.503.site.75, 2, 148, 150
411483.3.peg.503.site.76, 121, 136, 257
411483.3.peg.503.site.77, 4, 131, 135
411483.3.peg.503.site.78, 2, 134, 136
411483.3.peg.503.site.79, 0, 129, 129
411483.3.peg.503.site.80, 7, 113, 120
411483.3.peg.503.site.81, 3, 107, 110
411483.3.peg.503.site.82, 94, 103, 197
411483.3.peg.503.site.83, 1, 89, 90
411483.3.peg.503.site.84, 7, 78, 85
411483.3.peg.503.site.85, 76, 76, 152
411483.3.peg.503.site.86, 1, 87, 88
411483.3.peg.503.site.87, 49, 83, 132
411483.3.peg.503.site.88, 1, 107, 108
411483.3.peg.503.site.89, 9, 100, 109
411483.3.peg.503.site.90, 2, 138, 140
411483.3.peg.503.site.91, 2, 137, 139
411483.3.peg.503.site.92, 6, 143, 149
411483.3.peg.503.site.93, 1, 153, 154
411483.3.peg.503.site.94, 2, 154, 156
411483.3.peg.502.site.1, 7, 154, 161
411483.3.peg.502.site.2, 4, 153, 157
411483.3.peg.502.site.3, 0, 153, 153
411483.3.peg.502.site.4, 5, 154, 159
411483.3.peg.502.site.5, 0, 152, 152
411483.3.peg.502.site.6, 6, 152, 158
411483.3.peg.502.site.7, 1, 152, 153
411483.3.peg.502.site.8, 39, 147, 186
411483.3.peg.502.site.9, 146, 154, 300
411483.3.peg.502.site.10, 140, 153, 293
411483.3.peg.502.site.11, 26, 140, 166
411483.3.peg.502.site.12, 1, 155, 156
411483.3.peg.502.site.13, 4, 153, 157
411483.3.peg.502.site.14, 5, 154, 159
411483.3.peg.502.site.15, 5, 151, 156
411483.3.peg.502.site.16, 1, 154, 155
411483.3.peg.502.site.17, 153, 154, 307
411483.3.peg.502.site.18, 3, 154, 157
411483.3.peg.502.site.19, 2, 147, 149
411483.3.peg.502.site.20, 0, 151, 151
411483.3.peg.502.site.21, 3, 150, 153
411483.3.peg.502.site.22, 5, 152, 157
411483.3.peg.502.site.23, 3, 153, 156
411483.3.peg.502.site.24, 1, 155, 156
411483.3.peg.502.site.25, 4, 154, 158
411483.3.peg.502.site.26, 2, 152, 154
411483.3.peg.502.site.27, 42, 148, 190
411483.3.peg.502.site.28, 1, 154, 155
411483.3.peg.502.site.29, 3, 154, 157
411483.3.peg.502.site.30, 3, 152, 155
411483.3.peg.502.site.31, 1, 152, 153
411483.3.peg.502.site.32, 102, 143, 245
411483.3.peg.502.site.33, 101, 142, 243
411483.3.peg.502.site.34, 1, 152, 153
411483.3.peg.502.site.35, 4, 147, 151
411483.3.peg.502.site.36, 0, 149, 149
411483.3.peg.502.site.37, 28, 141, 169
411483.3.peg.502.site.38, 2, 152, 154
411483.3.peg.502.site.39, 1, 152, 153
411483.3.peg.502.site.40, 8, 154, 162
411483.3.peg.502.site.41, 1, 155, 156
411483.3.peg.502.site.42, 16, 148, 164
411483.3.peg.502.site.43, 3, 153, 156
411483.3.peg.502.site.44, 20, 142, 162
411483.3.peg.502.site.45, 16, 147, 163
411483.3.peg.502.site.46, 8, 144, 152
411483.3.peg.502.site.47, 3, 139, 142
411483.3.peg.502.site.48, 0, 152, 152
411483.3.peg.502.site.49, 1, 154, 155
411483.3.peg.502.site.50, 14, 151, 165
411483.3.peg.502.site.51, 2, 149, 151
411483.3.peg.502.site.52, 6, 151, 157
411483.3.peg.502.site.53, 2, 145, 147
411483.3.peg.502.site.54, 0, 150, 150
411483.3.peg.502.site.55, 1, 153, 154
411483.3.peg.502.site.56, 3, 152, 155
411483.3.peg.502.site.57, 1, 153, 154
411483.3.peg.502.site.58, 2, 150, 152
411483.3.peg.502.site.59, 1, 153, 154
411483.3.peg.502.site.60, 5, 154, 159
411483.3.peg.502.site.61, 1, 153, 154
411483.3.peg.502.site.62, 3, 154, 157
411483.3.peg.502.site.63, 5, 154, 159
411483.3.peg.502.site.64, 40, 151, 191
411483.3.peg.502.site.65, 22, 150, 172
411483.3.peg.502.site.66, 4, 150, 154
411483.3.peg.502.site.67, 11, 145, 156
411483.3.peg.502.site.68, 2, 141, 143
411483.3.peg.502.site.69, 2, 151, 153
411483.3.peg.502.site.70, 3, 151, 154
411483.3.peg.502.site.71, 6, 150, 156
411483.3.peg.502.site.72, 2, 155, 157
411483.3.peg.502.site.73, 49, 149, 198
411483.3.peg.502.site.74, 0, 154, 154
411483.3.peg.502.site.75, 6, 153, 159
411483.3.peg.502.site.76, 4, 155, 159
411483.3.peg.502.site.77, 4, 155, 159
411483.3.peg.502.site.78, 3, 155, 158
411483.3.peg.502.site.79, 1, 153, 154
411483.3.peg.502.site.80, 1, 154, 155
411483.3.peg.502.site.81, 1, 155, 156
411483.3.peg.502.site.82, 2, 155, 157
411483.3.peg.502.site.83, 2, 153, 155
411483.3.peg.502.site.84, 2, 155, 157
411483.3.peg.502.site.85, 11, 153, 164
411483.3.peg.502.site.86, 0, 152, 152
411483.3.peg.502.site.87, 1, 153, 154
411483.3.peg.502.site.88, 3, 153, 156
411483.3.peg.502.site.89, 2, 154, 156
411483.3.peg.502.site.90, 128, 145, 273
411483.3.peg.505.site.1, 6, 155, 161
411483.3.peg.505.site.2, 3, 152, 155
411483.3.peg.505.site.3, 6, 155, 161
411483.3.peg.505.site.4, 0, 152, 152
411483.3.peg.505.site.5, 6, 155, 161
411483.3.peg.505.site.6, 1, 153, 154
411483.3.peg.505.site.7, 4, 150, 154
411483.3.peg.505.site.8, 3, 153, 156
411483.3.peg.505.site.9, 117, 145, 262
411483.3.peg.505.site.10, 1, 150, 151
411483.3.peg.505.site.11, 20, 138, 158
411483.3.peg.505.site.12, 4, 149, 153
411483.3.peg.505.site.13, 43, 149, 192
411483.3.peg.505.site.14, 18, 145, 163
411483.3.peg.505.site.15, 1, 152, 153
411483.3.peg.505.site.16, 4, 155, 159
411483.3.peg.505.site.17, 20, 147, 167
411483.3.peg.505.site.18, 9, 153, 162
411483.3.peg.505.site.19, 1, 154, 155
411483.3.peg.505.site.20, 0, 154, 154
411483.3.peg.505.site.21, 4, 154, 158
411483.3.peg.505.site.22, 1, 152, 153
411483.3.peg.505.site.23, 4, 148, 152
411483.3.peg.505.site.24, 0, 152, 152
411483.3.peg.505.site.25, 1, 152, 153
411483.3.peg.505.site.26, 26, 147, 173
411483.3.peg.505.site.27, 1, 152, 153
411483.3.peg.505.site.28, 134, 149, 283
411483.3.peg.505.site.29, 76, 142, 218
411483.3.peg.505.site.30, 61, 140, 201
411483.3.peg.505.site.31, 59, 137, 196
411483.3.peg.505.site.32, 3, 143, 146
411483.3.peg.505.site.33, 2, 146, 148
411483.3.peg.505.site.34, 33, 140, 173
411483.3.peg.505.site.35, 2, 151, 153
411483.3.peg.505.site.36, 2, 149, 151
411483.3.peg.505.site.37, 4, 149, 153
411483.3.peg.505.site.38, 3, 142, 145
411483.3.peg.505.site.39, 12, 134, 146
411483.3.peg.505.site.40, 3, 130, 133
411483.3.peg.505.site.41, 35, 124, 159
411483.3.peg.505.site.42, 5, 117, 122
411483.3.peg.505.site.43, 10, 117, 127
411483.3.peg.505.site.44, 38, 116, 154
411483.3.peg.505.site.45, 4, 121, 125
411483.3.peg.505.site.46, 20, 125, 145
411483.3.peg.505.site.47, 3, 130, 133
411483.3.peg.505.site.48, 1, 134, 135
411483.3.peg.505.site.49, 1, 135, 136
411483.3.peg.505.site.50, 2, 144, 146
411483.3.peg.505.site.51, 9, 139, 148
411483.3.peg.505.site.52, 2, 146, 148
411483.3.peg.505.site.53, 6, 146, 152
411483.3.peg.505.site.54, 12, 148, 160
411483.3.peg.505.site.55, 3, 146, 149
411483.3.peg.505.site.56, 139, 145, 284
411483.3.peg.505.site.57, 2, 134, 136
411483.3.peg.505.site.58, 82, 139, 221
411483.3.peg.505.site.59, 3, 149, 152
411483.3.peg.505.site.60, 13, 147, 160
411483.3.peg.505.site.61, 22, 150, 172
411483.3.peg.505.site.62, 1, 152, 153
411483.3.peg.505.site.63, 1, 154, 155
411483.3.peg.505.site.64, 4, 151, 155
411483.3.peg.505.site.65, 1, 152, 153
411483.3.peg.505.site.66, 24, 143, 167
411483.3.peg.505.site.67, 3, 153, 156
411483.3.peg.505.site.68, 27, 145, 172
411483.3.peg.505.site.69, 5, 152, 157
411483.3.peg.505.site.70, 1, 151, 152
411483.3.peg.505.site.71, 1, 153, 154
411483.3.peg.505.site.72, 78, 142, 220
411483.3.peg.505.site.73, 12, 145, 157
411483.3.peg.505.site.74, 78, 142, 220
411483.3.peg.505.site.75, 14, 146, 160
411483.3.peg.505.site.76, 21, 150, 171
411483.3.peg.505.site.77, 1, 152, 153
411483.3.peg.505.site.78, 11, 152, 163
411483.3.peg.505.site.79, 1, 155, 156
411483.3.peg.505.site.80, 2, 154, 156
411483.3.peg.505.site.81, 28, 150, 178
411483.3.peg.505.site.82, 100, 148, 248
411483.3.peg.505.site.83, 97, 147, 244
411483.3.peg.505.site.84, 5, 155, 160
411483.3.peg.505.site.85, 1, 152, 153
411483.3.peg.505.site.86, 6, 154, 160
411483.3.peg.505.site.87, 1, 153, 154
411483.3.peg.505.site.88, 5, 155, 160
411483.3.peg.505.site.89, 0, 152, 152
411483.3.peg.505.site.90, 0, 154, 154
411483.3.peg.505.site.91, 27, 152, 179
411483.3.peg.505.site.92, 11, 154, 165
411483.3.peg.505.site.93, 3, 148, 151
411483.3.peg.505.site.94, 0, 155, 155
411483.3.peg.505.site.95, 11, 155, 166
411483.3.peg.505.site.96, 0, 153, 153
411483.3.peg.505.site.97, 19, 151, 170
411483.3.peg.505.site.98, 1, 154, 155
411483.3.peg.505.site.99, 40, 148, 188
411483.3.peg.505.site.100, 1, 153, 154
411483.3.peg.505.site.101, 28, 150, 178
411483.3.peg.505.site.102, 4, 153, 157
411483.3.peg.505.site.103, 54, 146, 200
411483.3.peg.505.site.104, 1, 153, 154
411483.3.peg.505.site.105, 3, 153, 156
411483.3.peg.505.site.106, 3, 155, 158
411483.3.peg.505.site.107, 3, 152, 155
411483.3.peg.505.site.108, 3, 153, 156
411483.3.peg.505.site.109, 3, 154, 157
411483.3.peg.505.site.110, 1, 154, 155
411483.3.peg.505.site.111, 149, 152, 301
411483.3.peg.505.site.112, 4, 151, 155
411483.3.peg.505.site.113, 124, 149, 273
411483.3.peg.505.site.114, 3, 154, 157
411483.3.peg.505.site.115, 88, 147, 235
411483.3.peg.505.site.116, 1, 154, 155
411483.3.peg.505.site.117, 2, 154, 156
411483.3.peg.505.site.118, 5, 151, 156
411483.3.peg.505.site.119, 19, 151, 170
411483.3.peg.505.site.120, 3, 155, 158
411483.3.peg.505.site.121, 1, 155, 156
411483.3.peg.505.site.122, 4, 152, 156
411483.3.peg.505.site.123, 1, 154, 155
411483.3.peg.505.site.124, 0, 151, 151
411483.3.peg.505.site.125, 1, 153, 154
411483.3.peg.505.site.126, 2, 152, 154
411483.3.peg.505.site.127, 7, 151, 158
411483.3.peg.505.site.128, 0, 151, 151
411483.3.peg.505.site.129, 4, 154, 158
411483.3.peg.505.site.130, 3, 152, 155
411483.3.peg.505.site.131, 1, 153, 154
411483.3.peg.505.site.132, 37, 144, 181
411483.3.peg.505.site.133, 0, 151, 151
411483.3.peg.505.site.134, 4, 149, 153
411483.3.peg.505.site.135, 2, 149, 151
411483.3.peg.505.site.136, 2, 146, 148
411483.3.peg.505.site.137, 8, 144, 152
411483.3.peg.505.site.138, 0, 142, 142
411483.3.peg.505.site.139, 6, 142, 148
411483.3.peg.505.site.140, 7, 141, 148
411483.3.peg.505.site.141, 26, 144, 170
411483.3.peg.505.site.142, 2, 148, 150
411483.3.peg.505.site.143, 2, 148, 150
411483.3.peg.505.site.144, 5, 146, 151
411483.3.peg.505.site.145, 2, 150, 152
411483.3.peg.505.site.146, 6, 144, 150
411483.3.peg.505.site.147, 2, 152, 154
411483.3.peg.505.site.148, 76, 142, 218
411483.3.peg.505.site.149, 1, 153, 154
411483.3.peg.505.site.150, 1, 152, 153
411483.3.peg.505.site.151, 6, 151, 157
411483.3.peg.505.site.152, 5, 144, 149
411483.3.peg.505.site.153, 11, 152, 163
411483.3.peg.505.site.154, 1, 154, 155
411483.3.peg.505.site.155, 4, 154, 158
411483.3.peg.505.site.156, 4, 152, 156
411483.3.peg.505.site.157, 1, 155, 156
411483.3.peg.505.site.158, 3, 155, 158
411483.3.peg.505.site.159, 0, 154, 154
411483.3.peg.505.site.160, 1, 154, 155
411483.3.peg.505.site.161, 0, 155, 155
411483.3.peg.505.site.162, 2, 155, 157
411483.3.peg.505.site.163, 3, 155, 158
411483.3.peg.505.site.164, 1, 154, 155
411483.3.peg.505.site.165, 1, 154, 155
411483.3.peg.505.site.166, 1, 154, 155
411483.3.peg.505.site.167, 31, 146, 177
411483.3.peg.505.site.168, 48, 152, 200
411483.3.peg.505.site.169, 5, 154, 159
411483.3.peg.505.site.170, 4, 154, 158
411483.3.peg.505.site.171, 3, 154, 157
411483.3.peg.505.site.172, 0, 154, 154
411483.3.peg.505.site.173, 28, 152, 180
411483.3.peg.505.site.174, 3, 154, 157
411483.3.peg.505.site.175, 2, 154, 156
411483.3.peg.505.site.176, 1, 154, 155
411483.3.peg.505.site.177, 9, 148, 157
411483.3.peg.505.site.178, 1, 153, 154
411483.3.peg.505.site.179, 1, 155, 156
411483.3.peg.505.site.180, 1, 155, 156
411483.3.peg.505.site.181, 0, 153, 153
411483.3.peg.505.site.182, 2, 154, 156
411483.3.peg.505.site.183, 5, 153, 158
411483.3.peg.505.site.184, 23, 151, 174
411483.3.peg.505.site.185, 144, 151, 295
411483.3.peg.505.site.186, 3, 154, 157
411483.3.peg.505.site.187, 0, 151, 151
411483.3.peg.505.site.188, 50, 148, 198
411483.3.peg.505.site.189, 20, 152, 172
411483.3.peg.505.site.190, 3, 153, 156
411483.3.peg.505.site.191, 2, 152, 154
411483.3.peg.505.site.192, 4, 150, 154
411483.3.peg.505.site.193, 81, 139, 220
411483.3.peg.505.site.194, 2, 144, 146
411483.3.peg.505.site.195, 1, 152, 153
411483.3.peg.505.site.196, 1, 153, 154
411483.3.peg.505.site.197, 2, 154, 156
411483.3.peg.505.site.198, 16, 149, 165
411483.3.peg.505.site.199, 1, 147, 148
411483.3.peg.505.site.200, 2, 148, 150
411483.3.peg.505.site.201, 7, 143, 150
411483.3.peg.504.site.1, 2, 151, 153
411483.3.peg.504.site.2, 8, 150, 158
411483.3.peg.504.site.3, 2, 153, 155
411483.3.peg.504.site.4, 1, 152, 153
411483.3.peg.504.site.5, 1, 151, 152
411483.3.peg.504.site.6, 1, 154, 155
411483.3.peg.504.site.7, 18, 147, 165
411483.3.peg.504.site.8, 10, 146, 156
411483.3.peg.504.site.9, 13, 148, 161
411483.3.peg.504.site.10, 2, 149, 151
411483.3.peg.504.site.11, 4, 147, 151
411483.3.peg.504.site.12, 0, 147, 147
411483.3.peg.504.site.13, 87, 131, 218
411483.3.peg.504.site.14, 1, 146, 147
411483.3.peg.504.site.15, 124, 142, 266
411483.3.peg.504.site.16, 4, 148, 152
411483.3.peg.504.site.17, 3, 150, 153
411483.3.peg.504.site.18, 91, 144, 235
411483.3.peg.504.site.19, 2, 150, 152
411483.3.peg.504.site.20, 23, 148, 171
411483.3.peg.504.site.21, 19, 148, 167
411483.3.peg.504.site.22, 6, 155, 161
411483.3.peg.504.site.23, 10, 154, 164
411483.3.peg.504.site.24, 2, 153, 155
411483.3.peg.504.site.25, 3, 155, 158
411483.3.peg.504.site.26, 2, 155, 157
411483.3.peg.504.site.27, 3, 154, 157
411483.3.peg.504.site.28, 23, 152, 175
411483.3.peg.504.site.29, 7, 153, 160
411483.3.peg.504.site.30, 1, 154, 155
411483.3.peg.504.site.31, 53, 145, 198
411483.3.peg.504.site.32, 2, 153, 155
411483.3.peg.504.site.33, 139, 152, 291
411483.3.peg.504.site.34, 1, 153, 154
411483.3.peg.504.site.35, 3, 153, 156
411483.3.peg.504.site.36, 0, 154, 154
411483.3.peg.504.site.37, 0, 151, 151
411483.3.peg.504.site.38, 4, 150, 154
411483.3.peg.504.site.39, 2, 148, 150
411483.3.peg.504.site.40, 2, 144, 146
411483.3.peg.504.site.41, 6, 146, 152
411483.3.peg.504.site.42, 137, 144, 281
411483.3.peg.504.site.43, 2, 151, 153
411483.3.peg.504.site.44, 136, 148, 284
411483.3.peg.504.site.45, 2, 153, 155
411483.3.peg.504.site.46, 1, 154, 155
411483.3.peg.504.site.47, 5, 150, 155
411483.3.peg.504.site.48, 7, 152, 159
411483.3.peg.504.site.49, 73, 144, 217
411483.3.peg.504.site.50, 74, 144, 218
411483.3.peg.504.site.51, 49, 142, 191
411483.3.peg.504.site.52, 23, 147, 170
411483.3.peg.504.site.53, 20, 151, 171
411483.3.peg.504.site.54, 18, 153, 171
411483.3.peg.504.site.55, 3, 154, 157
411483.3.peg.504.site.56, 2, 154, 156
411483.3.peg.504.site.57, 61, 140, 201
411483.3.peg.504.site.58, 3, 152, 155
411483.3.peg.504.site.59, 107, 144, 251
411483.3.peg.504.site.60, 41, 145, 186
411483.3.peg.504.site.61, 2, 154, 156
411483.3.peg.504.site.62, 150, 153, 303
411483.3.peg.504.site.63, 1, 152, 153
411483.3.peg.504.site.64, 8, 151, 159
411483.3.peg.504.site.65, 13, 152, 165
411483.3.peg.504.site.66, 20, 145, 165
411483.3.peg.504.site.67, 12, 148, 160
411483.3.peg.504.site.68, 0, 147, 147
411483.3.peg.504.site.69, 0, 147, 147
411483.3.peg.504.site.70, 2, 142, 144
411483.3.peg.504.site.71, 1, 146, 147
411483.3.peg.504.site.72, 27, 140, 167
411483.3.peg.504.site.73, 151, 151, 302
411483.3.peg.504.site.74, 2, 151, 153
411483.3.peg.504.site.75, 50, 144, 194
411483.3.peg.504.site.76, 1, 152, 153
411483.3.peg.504.site.77, 0, 154, 154
411483.3.peg.504.site.78, 3, 153, 156
411483.3.peg.504.site.79, 1, 152, 153
411483.3.peg.504.site.80, 19, 154, 173
411483.3.peg.504.site.81, 2, 153, 155
411483.3.peg.504.site.82, 1, 154, 155
411483.3.peg.504.site.83, 2, 152, 154
411483.3.peg.504.site.84, 2, 154, 156
411483.3.peg.504.site.85, 2, 155, 157
411483.3.peg.504.site.86, 125, 151, 276
411483.3.peg.507.site.1, 1, 147, 148
411483.3.peg.507.site.2, 2, 149, 151
411483.3.peg.507.site.3, 0, 143, 143
411483.3.peg.507.site.4, 0, 142, 142
411483.3.peg.507.site.5, 1, 142, 143
411483.3.peg.507.site.6, 0, 140, 140
411483.3.peg.507.site.7, 2, 140, 142
411483.3.peg.507.site.8, 2, 137, 139
411483.3.peg.507.site.9, 6, 129, 135
411483.3.peg.507.site.10, 5, 124, 129
411483.3.peg.507.site.11, 1, 127, 128
411483.3.peg.507.site.12, 26, 147, 173
411483.3.peg.507.site.13, 2, 153, 155
411483.3.peg.507.site.14, 1, 153, 154
411483.3.peg.507.site.15, 8, 150, 158
411483.3.peg.507.site.16, 5, 149, 154
411483.3.peg.507.site.17, 1, 149, 150
411483.3.peg.507.site.18, 16, 139, 155
411483.3.peg.507.site.19, 1, 148, 149
411483.3.peg.507.site.20, 1, 142, 143
411483.3.peg.507.site.21, 8, 127, 135
411483.3.peg.507.site.22, 0, 132, 132
411483.3.peg.507.site.23, 1, 125, 126
411483.3.peg.507.site.24, 2, 135, 137
411483.3.peg.507.site.25, 9, 142, 151
411483.3.peg.507.site.26, 1, 148, 149
411483.3.peg.507.site.27, 5, 149, 154
411483.3.peg.507.site.28, 2, 147, 149
411483.3.peg.507.site.29, 0, 150, 150
411483.3.peg.507.site.30, 2, 151, 153
411483.3.peg.507.site.31, 4, 147, 151
411483.3.peg.507.site.32, 20, 147, 167
411483.3.peg.507.site.33, 3, 140, 143
411483.3.peg.507.site.34, 1, 138, 139
411483.3.peg.507.site.35, 5, 138, 143
411483.3.peg.507.site.36, 1, 140, 141
411483.3.peg.507.site.37, 4, 131, 135
411483.3.peg.507.site.38, 16, 108, 124
411483.3.peg.507.site.39, 4, 143, 147
411483.3.peg.507.site.40, 13, 144, 157
411483.3.peg.507.site.41, 2, 148, 150
411483.3.peg.507.site.42, 1, 144, 145
411483.3.peg.507.site.43, 17, 139, 156
411483.3.peg.507.site.44, 68, 132, 200
411483.3.peg.507.site.45, 36, 140, 176
411483.3.peg.507.site.46, 10, 147, 157
411483.3.peg.507.site.47, 5, 150, 155
411483.3.peg.507.site.48, 1, 148, 149
411483.3.peg.507.site.49, 0, 148, 148
411483.3.peg.507.site.50, 2, 140, 142
411483.3.peg.507.site.51, 7, 136, 143
411483.3.peg.507.site.52, 3, 135, 138
411483.3.peg.507.site.53, 3, 129, 132
411483.3.peg.507.site.54, 1, 135, 136
411483.3.peg.507.site.55, 5, 128, 133
411483.3.peg.507.site.56, 4, 120, 124
411483.3.peg.507.site.57, 0, 111, 111
411483.3.peg.507.site.58, 5, 102, 107
411483.3.peg.507.site.59, 3, 121, 124
411483.3.peg.507.site.60, 0, 117, 117
411483.3.peg.507.site.61, 1, 115, 116
411483.3.peg.507.site.62, 3, 129, 132
411483.3.peg.507.site.63, 26, 138, 164
411483.3.peg.507.site.64, 0, 139, 139
411483.3.peg.507.site.65, 0, 146, 146
411483.3.peg.507.site.66, 14, 149, 163
411483.3.peg.507.site.67, 2, 153, 155
411483.3.peg.506.site.1, 1, 155, 156
411483.3.peg.506.site.2, 1, 154, 155
411483.3.peg.506.site.3, 1, 155, 156
411483.3.peg.506.site.4, 5, 155, 160
411483.3.peg.506.site.5, 2, 154, 156
411483.3.peg.506.site.6, 1, 153, 154
411483.3.peg.506.site.7, 5, 154, 159
411483.3.peg.506.site.8, 1, 153, 154
411483.3.peg.506.site.9, 73, 142, 215
411483.3.peg.506.site.10, 1, 154, 155
411483.3.peg.506.site.11, 139, 148, 287
411483.3.peg.506.site.12, 1, 153, 154
411483.3.peg.506.site.13, 0, 153, 153
411483.3.peg.506.site.14, 2, 153, 155
411483.3.peg.506.site.15, 15, 152, 167
411483.3.peg.506.site.16, 81, 146, 227
411483.3.peg.506.site.17, 1, 153, 154
411483.3.peg.506.site.18, 145, 151, 296
411483.3.peg.506.site.19, 2, 150, 152
411483.3.peg.506.site.20, 2, 149, 151
411483.3.peg.506.site.21, 6, 149, 155
411483.3.peg.506.site.22, 2, 147, 149
411483.3.peg.506.site.23, 2, 152, 154
411483.3.peg.506.site.24, 36, 147, 183
411483.3.peg.506.site.25, 129, 145, 274
411483.3.peg.506.site.26, 17, 148, 165
411483.3.peg.506.site.27, 21, 148, 169
411483.3.peg.506.site.28, 108, 136, 244
411483.3.peg.506.site.29, 0, 148, 148
411483.3.peg.509.site.1, 36, 152, 188
411483.3.peg.509.site.2, 1, 155, 156
411483.3.peg.509.site.3, 19, 151, 170
411483.3.peg.509.site.4, 2, 155, 157
411483.3.peg.509.site.5, 2, 155, 157
411483.3.peg.509.site.6, 1, 155, 156
411483.3.peg.509.site.7, 1, 154, 155
411483.3.peg.509.site.8, 4, 153, 157
411483.3.peg.509.site.9, 1, 154, 155
411483.3.peg.509.site.10, 1, 153, 154
411483.3.peg.509.site.11, 29, 150, 179
411483.3.peg.509.site.12, 33, 148, 181
411483.3.peg.509.site.13, 1, 155, 156
411483.3.peg.509.site.14, 9, 152, 161
411483.3.peg.509.site.15, 1, 154, 155
411483.3.peg.509.site.16, 0, 152, 152
411483.3.peg.509.site.17, 2, 149, 151
411483.3.peg.509.site.18, 24, 147, 171
411483.3.peg.509.site.19, 0, 143, 143
411483.3.peg.509.site.20, 5, 138, 143
411483.3.peg.509.site.21, 1, 133, 134
411483.3.peg.509.site.22, 5, 136, 141
411483.3.peg.509.site.23, 1, 117, 118
411483.3.peg.509.site.24, 6, 137, 143
411483.3.peg.509.site.25, 0, 143, 143
411483.3.peg.509.site.26, 6, 140, 146
411483.3.peg.509.site.27, 3, 147, 150
411483.3.peg.509.site.28, 1, 143, 144
411483.3.peg.509.site.29, 2, 151, 153
411483.3.peg.509.site.30, 1, 148, 149
411483.3.peg.509.site.31, 1, 154, 155
411483.3.peg.509.site.32, 2, 153, 155
411483.3.peg.509.site.33, 4, 151, 155
411483.3.peg.509.site.34, 0, 153, 153
411483.3.peg.509.site.35, 3, 149, 152
411483.3.peg.508.site.1, 1, 155, 156
411483.3.peg.508.site.2, 3, 149, 152
411483.3.peg.508.site.3, 1, 155, 156
411483.3.peg.508.site.4, 1, 155, 156
411483.3.peg.508.site.5, 0, 154, 154
411483.3.peg.508.site.6, 7, 153, 160
411483.3.peg.508.site.7, 2, 152, 154
411483.3.peg.508.site.8, 5, 147, 152
411483.3.peg.508.site.9, 0, 152, 152
411483.3.peg.508.site.10, 0, 153, 153
411483.3.peg.508.site.11, 23, 150, 173
411483.3.peg.508.site.12, 1, 151, 152
411483.3.peg.508.site.13, 0, 151, 151
411483.3.peg.508.site.14, 1, 151, 152
411483.3.peg.508.site.15, 24, 148, 172
411483.3.peg.508.site.16, 1, 148, 149
411483.3.peg.508.site.17, 7, 145, 152
411483.3.peg.508.site.18, 5, 143, 148
411483.3.peg.508.site.19, 1, 147, 148
411483.3.peg.508.site.20, 2, 149, 151
411483.3.peg.508.site.21, 137, 148, 285
411483.3.peg.508.site.22, 1, 147, 148
411483.3.peg.508.site.23, 1, 152, 153
411483.3.peg.508.site.24, 4, 155, 159
411483.3.peg.508.site.25, 32, 150, 182
411483.3.peg.508.site.26, 2, 151, 153
411483.3.peg.508.site.27, 2, 152, 154
411483.3.peg.508.site.28, 1, 155, 156
411483.3.peg.508.site.29, 2, 155, 157
411483.3.peg.508.site.30, 1, 153, 154
411483.3.peg.508.site.31, 12, 149, 161
411483.3.peg.508.site.32, 1, 147, 148
411483.3.peg.508.site.33, 8, 152, 160
411483.3.peg.508.site.34, 6, 152, 158
411483.3.peg.508.site.35, 3, 154, 157
411483.3.peg.508.site.36, 1, 152, 153
411483.3.peg.508.site.37, 2, 153, 155
411483.3.peg.508.site.38, 3, 155, 158
411483.3.peg.314.site.1, 1, 152, 153
411483.3.peg.314.site.2, 1, 152, 153
411483.3.peg.314.site.3, 27, 149, 176
411483.3.peg.314.site.4, 11, 153, 164
411483.3.peg.314.site.5, 7, 152, 159
411483.3.peg.314.site.6, 1, 152, 153
411483.3.peg.314.site.7, 35, 148, 183
411483.3.peg.314.site.8, 1, 154, 155
411483.3.peg.314.site.9, 4, 152, 156
411483.3.peg.314.site.10, 9, 151, 160
411483.3.peg.314.site.11, 1, 152, 153
411483.3.peg.314.site.12, 2, 154, 156
411483.3.peg.314.site.13, 1, 154, 155
411483.3.peg.314.site.14, 0, 146, 146
411483.3.peg.314.site.15, 9, 138, 147
411483.3.peg.314.site.16, 0, 151, 151
411483.3.peg.314.site.17, 7, 152, 159
411483.3.peg.314.site.18, 4, 149, 153
411483.3.peg.314.site.19, 2, 146, 148
411483.3.peg.314.site.20, 2, 150, 152
411483.3.peg.314.site.21, 1, 148, 149
411483.3.peg.314.site.22, 1, 151, 152
411483.3.peg.314.site.23, 2, 151, 153
411483.3.peg.314.site.24, 93, 141, 234
411483.3.peg.314.site.25, 47, 140, 187
411483.3.peg.314.site.26, 2, 154, 156
411483.3.peg.314.site.27, 4, 151, 155
411483.3.peg.314.site.28, 5, 153, 158
411483.3.peg.314.site.29, 8, 150, 158
411483.3.peg.314.site.30, 5, 145, 150
411483.3.peg.314.site.31, 16, 129, 145
411483.3.peg.314.site.32, 1, 132, 133
411483.3.peg.314.site.33, 2, 144, 146
411483.3.peg.314.site.34, 12, 144, 156
411483.3.peg.314.site.35, 6, 155, 161
411483.3.peg.314.site.36, 0, 153, 153
411483.3.peg.314.site.37, 1, 153, 154
411483.3.peg.314.site.38, 3, 153, 156
411483.3.peg.314.site.39, 1, 151, 152
411483.3.peg.314.site.40, 8, 143, 151
411483.3.peg.314.site.41, 2, 143, 145
411483.3.peg.314.site.42, 7, 142, 149
411483.3.peg.314.site.43, 152, 153, 305
411483.3.peg.314.site.44, 1, 150, 151
411483.3.peg.314.site.45, 20, 147, 167
411483.3.peg.314.site.46, 0, 152, 152
411483.3.peg.314.site.47, 0, 154, 154
411483.3.peg.314.site.48, 2, 151, 153
411483.3.peg.315.site.1, 1, 137, 138
411483.3.peg.315.site.2, 2, 111, 113
411483.3.peg.315.site.3, 52, 113, 165
411483.3.peg.315.site.4, 0, 125, 125
411483.3.peg.315.site.5, 2, 140, 142
411483.3.peg.315.site.6, 35, 131, 166
411483.3.peg.315.site.7, 12, 142, 154
411483.3.peg.315.site.8, 4, 145, 149
411483.3.peg.315.site.9, 2, 143, 145
411483.3.peg.315.site.10, 3, 148, 151
411483.3.peg.315.site.11, 7, 149, 156
411483.3.peg.315.site.12, 1, 152, 153
411483.3.peg.315.site.13, 22, 148, 170
411483.3.peg.315.site.14, 9, 140, 149
411483.3.peg.315.site.15, 3, 150, 153
411483.3.peg.315.site.16, 7, 148, 155
411483.3.peg.315.site.17, 2, 152, 154
411483.3.peg.315.site.18, 21, 142, 163
411483.3.peg.315.site.19, 2, 151, 153
411483.3.peg.315.site.20, 3, 152, 155
411483.3.peg.315.site.21, 2, 154, 156
411483.3.peg.315.site.22, 0, 152, 152
411483.3.peg.315.site.23, 38, 145, 183
411483.3.peg.315.site.24, 0, 154, 154
411483.3.peg.315.site.25, 7, 151, 158
411483.3.peg.315.site.26, 18, 151, 169
411483.3.peg.315.site.27, 18, 151, 169
411483.3.peg.315.site.28, 0, 153, 153
411483.3.peg.315.site.29, 2, 154, 156
411483.3.peg.315.site.30, 0, 152, 152
411483.3.peg.315.site.31, 1, 154, 155
411483.3.peg.310.site.1, 38, 150, 188
411483.3.peg.310.site.2, 6, 154, 160
411483.3.peg.310.site.3, 1, 154, 155
411483.3.peg.310.site.4, 10, 151, 161
411483.3.peg.310.site.5, 2, 153, 155
411483.3.peg.310.site.6, 43, 144, 187
411483.3.peg.310.site.7, 12, 150, 162
411483.3.peg.310.site.8, 3, 153, 156
411483.3.peg.310.site.9, 103, 143, 246
411483.3.peg.310.site.10, 9, 152, 161
411483.3.peg.310.site.11, 2, 151, 153
411483.3.peg.310.site.12, 6, 150, 156
411483.3.peg.310.site.13, 8, 150, 158
411483.3.peg.310.site.14, 152, 152, 304
411483.3.peg.310.site.15, 1, 151, 152
411483.3.peg.310.site.16, 5, 149, 154
411483.3.peg.310.site.17, 1, 147, 148
411483.3.peg.310.site.18, 2, 144, 146
411483.3.peg.310.site.19, 1, 141, 142
411483.3.peg.310.site.20, 4, 137, 141
411483.3.peg.310.site.21, 19, 113, 132
411483.3.peg.310.site.22, 6, 109, 115
411483.3.peg.310.site.23, 4, 103, 107
411483.3.peg.310.site.24, 4, 104, 108
411483.3.peg.310.site.25, 2, 125, 127
411483.3.peg.310.site.26, 6, 130, 136
411483.3.peg.310.site.27, 1, 142, 143
411483.3.peg.310.site.28, 3, 147, 150
411483.3.peg.310.site.29, 2, 146, 148
411483.3.peg.310.site.30, 5, 144, 149
411483.3.peg.310.site.31, 19, 144, 163
411483.3.peg.310.site.32, 0, 146, 146
411483.3.peg.310.site.33, 1, 147, 148
411483.3.peg.310.site.34, 3, 143, 146
411483.3.peg.310.site.35, 2, 136, 138
411483.3.peg.310.site.36, 3, 145, 148
411483.3.peg.310.site.37, 0, 144, 144
411483.3.peg.310.site.38, 4, 142, 146
411483.3.peg.310.site.39, 3, 140, 143
411483.3.peg.310.site.40, 21, 137, 158
411483.3.peg.310.site.41, 7, 137, 144
411483.3.peg.310.site.42, 1, 137, 138
411483.3.peg.310.site.43, 6, 134, 140
411483.3.peg.310.site.44, 13, 131, 144
411483.3.peg.310.site.45, 4, 131, 135
411483.3.peg.310.site.46, 52, 117, 169
411483.3.peg.310.site.47, 0, 135, 135
411483.3.peg.310.site.48, 1, 141, 142
411483.3.peg.310.site.49, 1, 142, 143
411483.3.peg.310.site.50, 22, 140, 162
411483.3.peg.310.site.51, 1, 142, 143
411483.3.peg.310.site.52, 7, 139, 146
411483.3.peg.310.site.53, 5, 135, 140
411483.3.peg.310.site.54, 1, 143, 144
411483.3.peg.310.site.55, 10, 143, 153
411483.3.peg.310.site.56, 3, 133, 136
411483.3.peg.310.site.57, 0, 136, 136
411483.3.peg.310.site.58, 117, 135, 252
411483.3.peg.310.site.59, 1, 136, 137
411483.3.peg.310.site.60, 13, 137, 150
411483.3.peg.310.site.61, 2, 138, 140
411483.3.peg.310.site.62, 12, 128, 140
411483.3.peg.310.site.63, 1, 136, 137
411483.3.peg.310.site.64, 4, 134, 138
411483.3.peg.310.site.65, 3, 132, 135
411483.3.peg.311.site.1, 12, 144, 156
411483.3.peg.311.site.2, 0, 152, 152
411483.3.peg.311.site.3, 50, 147, 197
411483.3.peg.311.site.4, 0, 153, 153
411483.3.peg.311.site.5, 1, 154, 155
411483.3.peg.311.site.6, 8, 152, 160
411483.3.peg.311.site.7, 13, 150, 163
411483.3.peg.311.site.8, 3, 154, 157
411483.3.peg.311.site.9, 7, 154, 161
411483.3.peg.311.site.10, 3, 153, 156
411483.3.peg.311.site.11, 5, 153, 158
411483.3.peg.311.site.12, 0, 150, 150
411483.3.peg.311.site.13, 2, 151, 153
411483.3.peg.311.site.14, 153, 153, 306
411483.3.peg.311.site.15, 3, 145, 148
411483.3.peg.311.site.16, 4, 147, 151
411483.3.peg.311.site.17, 9, 147, 156
411483.3.peg.311.site.18, 7, 150, 157
411483.3.peg.311.site.19, 2, 151, 153
411483.3.peg.311.site.20, 2, 150, 152
411483.3.peg.311.site.21, 10, 145, 155
411483.3.peg.311.site.22, 2, 150, 152
411483.3.peg.311.site.23, 23, 148, 171
411483.3.peg.311.site.24, 4, 152, 156
411483.3.peg.311.site.25, 1, 153, 154
411483.3.peg.311.site.26, 8, 153, 161
411483.3.peg.311.site.27, 62, 146, 208
411483.3.peg.311.site.28, 2, 155, 157
411483.3.peg.311.site.29, 1, 155, 156
411483.3.peg.311.site.30, 1, 152, 153
411483.3.peg.311.site.31, 106, 147, 253
411483.3.peg.311.site.32, 1, 154, 155
411483.3.peg.311.site.33, 0, 154, 154
411483.3.peg.311.site.34, 21, 153, 174
411483.3.peg.311.site.35, 2, 155, 157
411483.3.peg.311.site.36, 1, 154, 155
411483.3.peg.311.site.37, 12, 152, 164
411483.3.peg.311.site.38, 2, 154, 156
411483.3.peg.311.site.39, 3, 153, 156
411483.3.peg.311.site.40, 57, 145, 202
411483.3.peg.311.site.41, 60, 143, 203
411483.3.peg.311.site.42, 10, 151, 161
411483.3.peg.311.site.43, 138, 149, 287
411483.3.peg.311.site.44, 33, 149, 182
411483.3.peg.311.site.45, 2, 154, 156
411483.3.peg.311.site.46, 0, 153, 153
411483.3.peg.311.site.47, 9, 150, 159
411483.3.peg.311.site.48, 2, 153, 155
411483.3.peg.311.site.49, 5, 148, 153
411483.3.peg.311.site.50, 144, 152, 296
411483.3.peg.311.site.51, 4, 152, 156
411483.3.peg.311.site.52, 2, 154, 156
411483.3.peg.311.site.53, 58, 144, 202
411483.3.peg.311.site.54, 134, 151, 285
411483.3.peg.311.site.55, 1, 153, 154
411483.3.peg.311.site.56, 10, 151, 161
411483.3.peg.311.site.57, 2, 155, 157
411483.3.peg.311.site.58, 8, 154, 162
411483.3.peg.311.site.59, 27, 149, 176
411483.3.peg.311.site.60, 1, 153, 154
411483.3.peg.311.site.61, 64, 141, 205
411483.3.peg.311.site.62, 66, 141, 207
411483.3.peg.311.site.63, 8, 148, 156
411483.3.peg.311.site.64, 2, 149, 151
411483.3.peg.311.site.65, 2, 138, 140
411483.3.peg.311.site.66, 2, 141, 143
411483.3.peg.311.site.67, 1, 140, 141
411483.3.peg.311.site.68, 83, 134, 217
411483.3.peg.311.site.69, 3, 141, 144
411483.3.peg.311.site.70, 141, 147, 288
411483.3.peg.311.site.71, 3, 152, 155
411483.3.peg.311.site.72, 4, 153, 157
411483.3.peg.311.site.73, 7, 151, 158
411483.3.peg.311.site.74, 6, 152, 158
411483.3.peg.311.site.75, 5, 152, 157
411483.3.peg.311.site.76, 1, 149, 150
411483.3.peg.311.site.77, 5, 150, 155
411483.3.peg.311.site.78, 94, 143, 237
411483.3.peg.311.site.79, 152, 152, 304
411483.3.peg.311.site.80, 80, 144, 224
411483.3.peg.163.site.1, 47, 138, 185
411483.3.peg.161.site.1, 0, 153, 153
411483.3.peg.161.site.2, 10, 149, 159
411483.3.peg.161.site.3, 30, 145, 175
411483.3.peg.161.site.4, 2, 148, 150
411483.3.peg.161.site.5, 3, 154, 157
411483.3.peg.161.site.6, 1, 155, 156
411483.3.peg.161.site.7, 9, 151, 160
411483.3.peg.161.site.8, 28, 151, 179
411483.3.peg.161.site.9, 9, 155, 164
411483.3.peg.161.site.10, 0, 155, 155
411483.3.peg.161.site.11, 3, 153, 156
411483.3.peg.161.site.12, 20, 149, 169
411483.3.peg.161.site.13, 0, 154, 154
411483.3.peg.161.site.14, 5, 152, 157
411483.3.peg.161.site.15, 5, 154, 159
411483.3.peg.161.site.16, 3, 149, 152
411483.3.peg.161.site.17, 0, 153, 153
411483.3.peg.161.site.18, 7, 149, 156
411483.3.peg.161.site.19, 9, 150, 159
411483.3.peg.161.site.20, 2, 148, 150
411483.3.peg.161.site.21, 0, 149, 149
411483.3.peg.161.site.22, 34, 137, 171
411483.3.peg.161.site.23, 6, 142, 148
411483.3.peg.161.site.24, 33, 133, 166
411483.3.peg.161.site.25, 1, 138, 139
411483.3.peg.161.site.26, 32, 125, 157
411483.3.peg.161.site.27, 68, 119, 187
411483.3.peg.161.site.28, 4, 116, 120
411483.3.peg.161.site.29, 0, 120, 120
411483.3.peg.161.site.30, 108, 109, 217
411483.3.peg.161.site.31, 4, 113, 117
411483.3.peg.161.site.32, 1, 126, 127
411483.3.peg.161.site.33, 1, 135, 136
411483.3.peg.161.site.34, 5, 135, 140
411483.3.peg.161.site.35, 2, 137, 139
411483.3.peg.161.site.36, 1, 140, 141
411483.3.peg.161.site.37, 0, 141, 141
411483.3.peg.161.site.38, 14, 109, 123
411483.3.peg.161.site.39, 27, 79, 106
411483.3.peg.161.site.40, 2, 119, 121
411483.3.peg.161.site.41, 2, 126, 128
411483.3.peg.161.site.42, 2, 143, 145
411483.3.peg.161.site.43, 13, 137, 150
411483.3.peg.161.site.44, 3, 136, 139
411483.3.peg.161.site.45, 14, 128, 142
411483.3.peg.161.site.46, 12, 133, 145
411483.3.peg.161.site.47, 67, 127, 194
411483.3.peg.161.site.48, 5, 137, 142
411483.3.peg.161.site.49, 2, 138, 140
411483.3.peg.161.site.50, 2, 138, 140
411483.3.peg.161.site.51, 94, 121, 215
411483.3.peg.161.site.52, 0, 132, 132
411483.3.peg.161.site.53, 4, 135, 139
411483.3.peg.161.site.54, 5, 129, 134
411483.3.peg.161.site.55, 5, 127, 132
411483.3.peg.161.site.56, 8, 129, 137
411483.3.peg.161.site.57, 0, 133, 133
411483.3.peg.161.site.58, 9, 141, 150
411483.3.peg.161.site.59, 29, 130, 159
411483.3.peg.161.site.60, 0, 141, 141
411483.3.peg.161.site.61, 0, 144, 144
411483.3.peg.161.site.62, 0, 140, 140
411483.3.peg.161.site.63, 1, 136, 137
411483.3.peg.161.site.64, 2, 125, 127
411483.3.peg.161.site.65, 3, 124, 127
411483.3.peg.161.site.66, 0, 125, 125
411483.3.peg.161.site.67, 6, 148, 154
411483.3.peg.161.site.68, 8, 148, 156
411483.3.peg.161.site.69, 0, 145, 145
411483.3.peg.161.site.70, 0, 152, 152
411483.3.peg.161.site.71, 1, 149, 150
411483.3.peg.161.site.72, 7, 151, 158
411483.3.peg.161.site.73, 2, 151, 153
411483.3.peg.161.site.74, 1, 154, 155
411483.3.peg.161.site.75, 2, 153, 155
411483.3.peg.161.site.76, 1, 155, 156
411483.3.peg.161.site.77, 1, 154, 155
411483.3.peg.161.site.78, 1, 154, 155
411483.3.peg.161.site.79, 0, 151, 151
411483.3.peg.161.site.80, 7, 152, 159
411483.3.peg.161.site.81, 1, 155, 156
411483.3.peg.161.site.82, 8, 144, 152
411483.3.peg.161.site.83, 14, 120, 134
411483.3.peg.160.site.1, 1, 51, 52
411483.3.peg.160.site.2, 7, 48, 55
411483.3.peg.160.site.3, 4, 59, 63
411483.3.peg.160.site.4, 13, 57, 70
411483.3.peg.160.site.5, 4, 69, 73
411483.3.peg.160.site.6, 1, 128, 129
411483.3.peg.160.site.7, 6, 126, 132
411483.3.peg.160.site.8, 1, 136, 137
411483.3.peg.160.site.9, 8, 135, 143
411483.3.peg.160.site.10, 0, 145, 145
411483.3.peg.160.site.11, 6, 146, 152
411483.3.peg.160.site.12, 1, 149, 150
411483.3.peg.160.site.13, 1, 150, 151
411483.3.peg.160.site.14, 8, 148, 156
411483.3.peg.160.site.15, 123, 142, 265
411483.3.peg.160.site.16, 3, 147, 150
411483.3.peg.160.site.17, 0, 146, 146
411483.3.peg.160.site.18, 9, 143, 152
411483.3.peg.160.site.19, 44, 138, 182
411483.3.peg.160.site.20, 2, 146, 148
411483.3.peg.160.site.21, 1, 151, 152
411483.3.peg.160.site.22, 4, 151, 155
411483.3.peg.160.site.23, 1, 143, 144
411483.3.peg.160.site.24, 0, 149, 149
411483.3.peg.160.site.25, 2, 149, 151
411483.3.peg.160.site.26, 4, 147, 151
411483.3.peg.160.site.27, 1, 148, 149
411483.3.peg.160.site.28, 1, 154, 155
411483.3.peg.160.site.29, 1, 150, 151
411483.3.peg.160.site.30, 2, 152, 154
411483.3.peg.160.site.31, 1, 151, 152
411483.3.peg.160.site.32, 6, 148, 154
411483.3.peg.160.site.33, 13, 148, 161
411483.3.peg.160.site.34, 5, 142, 147
411483.3.peg.160.site.35, 2, 147, 149
411483.3.peg.160.site.36, 22, 143, 165
411483.3.peg.160.site.37, 2, 151, 153
411483.3.peg.160.site.38, 0, 152, 152
411483.3.peg.160.site.39, 2, 150, 152
411483.3.peg.160.site.40, 1, 152, 153
411483.3.peg.160.site.41, 11, 152, 163
411483.3.peg.160.site.42, 6, 152, 158
411483.3.peg.160.site.43, 1, 152, 153
411483.3.peg.160.site.44, 0, 152, 152
411483.3.peg.160.site.45, 8, 152, 160
411483.3.peg.160.site.46, 8, 148, 156
411483.3.peg.160.site.47, 0, 152, 152
411483.3.peg.160.site.48, 1, 152, 153
411483.3.peg.160.site.49, 2, 153, 155
411483.3.peg.160.site.50, 2, 153, 155
411483.3.peg.160.site.51, 1, 152, 153
411483.3.peg.160.site.52, 6, 154, 160
411483.3.peg.160.site.53, 2, 153, 155
411483.3.peg.160.site.54, 69, 147, 216
411483.3.peg.160.site.55, 2, 154, 156
411483.3.peg.160.site.56, 0, 154, 154
411483.3.peg.160.site.57, 1, 152, 153
411483.3.peg.160.site.58, 118, 144, 262
411483.3.peg.160.site.59, 3, 153, 156
411483.3.peg.160.site.60, 3, 155, 158
411483.3.peg.160.site.61, 17, 150, 167
411483.3.peg.160.site.62, 16, 149, 165
411483.3.peg.160.site.63, 5, 153, 158
411483.3.peg.160.site.64, 2, 154, 156
411483.3.peg.160.site.65, 2, 153, 155
411483.3.peg.160.site.66, 3, 154, 157
411483.3.peg.160.site.67, 30, 149, 179
411483.3.peg.160.site.68, 155, 155, 310
411483.3.peg.160.site.69, 64, 140, 204
411483.3.peg.160.site.70, 119, 145, 264
411483.3.peg.160.site.71, 3, 152, 155
411483.3.peg.160.site.72, 7, 149, 156
411483.3.peg.160.site.73, 1, 154, 155
411483.3.peg.160.site.74, 5, 150, 155
411483.3.peg.160.site.75, 9, 152, 161
411483.3.peg.167.site.1, 13, 104, 117
411483.3.peg.167.site.2, 1, 107, 108
411483.3.peg.167.site.3, 1, 109, 110
411483.3.peg.167.site.4, 0, 120, 120
411483.3.peg.167.site.5, 0, 121, 121
411483.3.peg.167.site.6, 1, 124, 125
411483.3.peg.167.site.7, 1, 131, 132
411483.3.peg.167.site.8, 5, 127, 132
411483.3.peg.167.site.9, 1, 134, 135
411483.3.peg.167.site.10, 0, 135, 135
411483.3.peg.167.site.11, 8, 153, 161
411483.3.peg.167.site.12, 3, 154, 157
411483.3.peg.167.site.13, 4, 154, 158
411483.3.peg.167.site.14, 11, 151, 162
411483.3.peg.167.site.15, 55, 147, 202
411483.3.peg.167.site.16, 10, 151, 161
411483.3.peg.167.site.17, 0, 154, 154
411483.3.peg.167.site.18, 4, 149, 153
411483.3.peg.167.site.19, 9, 153, 162
411483.3.peg.167.site.20, 3, 154, 157
411483.3.peg.167.site.21, 4, 154, 158
411483.3.peg.167.site.22, 42, 144, 186
411483.3.peg.167.site.23, 4, 150, 154
411483.3.peg.167.site.24, 50, 148, 198
411483.3.peg.167.site.25, 33, 146, 179
411483.3.peg.167.site.26, 3, 149, 152
411483.3.peg.167.site.27, 2, 149, 151
411483.3.peg.167.site.28, 1, 141, 142
411483.3.peg.167.site.29, 48, 127, 175
411483.3.peg.167.site.30, 1, 137, 138
411483.3.peg.167.site.31, 100, 118, 218
411483.3.peg.167.site.32, 99, 117, 216
411483.3.peg.167.site.33, 3, 128, 131
411483.3.peg.167.site.34, 4, 127, 131
411483.3.peg.167.site.35, 73, 128, 201
411483.3.peg.167.site.36, 1, 142, 143
411483.3.peg.167.site.37, 4, 135, 139
411483.3.peg.167.site.38, 2, 123, 125
411483.3.peg.167.site.39, 1, 132, 133
411483.3.peg.167.site.40, 1, 131, 132
411483.3.peg.167.site.41, 7, 129, 136
411483.3.peg.167.site.42, 2, 127, 129
411483.3.peg.167.site.43, 2, 123, 125
411483.3.peg.167.site.44, 50, 113, 163
411483.3.peg.167.site.45, 3, 120, 123
411483.3.peg.167.site.46, 13, 122, 135
411483.3.peg.167.site.47, 3, 125, 128
411483.3.peg.167.site.48, 1, 124, 125
411483.3.peg.167.site.49, 0, 130, 130
411483.3.peg.167.site.50, 2, 133, 135
411483.3.peg.167.site.51, 6, 151, 157
411483.3.peg.167.site.52, 4, 153, 157
411483.3.peg.167.site.53, 3, 153, 156
411483.3.peg.167.site.54, 29, 150, 179
411483.3.peg.167.site.55, 0, 154, 154
411483.3.peg.167.site.56, 1, 154, 155
411483.3.peg.167.site.57, 2, 155, 157
411483.3.peg.167.site.58, 5, 153, 158
411483.3.peg.167.site.59, 0, 153, 153
411483.3.peg.167.site.60, 2, 154, 156
411483.3.peg.167.site.61, 9, 150, 159
411483.3.peg.167.site.62, 0, 153, 153
411483.3.peg.167.site.63, 1, 154, 155
411483.3.peg.167.site.64, 8, 152, 160
411483.3.peg.167.site.65, 8, 150, 158
411483.3.peg.167.site.66, 5, 151, 156
411483.3.peg.167.site.67, 1, 148, 149
411483.3.peg.167.site.68, 66, 141, 207
411483.3.peg.167.site.69, 2, 152, 154
411483.3.peg.167.site.70, 1, 150, 151
411483.3.peg.167.site.71, 1, 150, 151
411483.3.peg.167.site.72, 8, 146, 154
411483.3.peg.167.site.73, 2, 148, 150
411483.3.peg.167.site.74, 29, 142, 171
411483.3.peg.167.site.75, 2, 149, 151
411483.3.peg.167.site.76, 3, 148, 151
411483.3.peg.167.site.77, 0, 150, 150
411483.3.peg.167.site.78, 3, 145, 148
411483.3.peg.167.site.79, 4, 147, 151
411483.3.peg.167.site.80, 4, 144, 148
411483.3.peg.167.site.81, 76, 135, 211
411483.3.peg.167.site.82, 3, 146, 149
411483.3.peg.167.site.83, 0, 141, 141
411483.3.peg.167.site.84, 4, 141, 145
411483.3.peg.167.site.85, 0, 137, 137
411483.3.peg.167.site.86, 7, 137, 144
411483.3.peg.167.site.87, 1, 132, 133
411483.3.peg.167.site.88, 0, 128, 128
411483.3.peg.167.site.89, 2, 127, 129
411483.3.peg.167.site.90, 1, 125, 126
411483.3.peg.312.site.1, 2, 148, 150
411483.3.peg.165.site.1, 1, 144, 145
411483.3.peg.165.site.2, 1, 140, 141
411483.3.peg.165.site.3, 7, 132, 139
411483.3.peg.165.site.4, 1, 139, 140
411483.3.peg.165.site.5, 0, 135, 135
411483.3.peg.165.site.6, 49, 127, 176
411483.3.peg.165.site.7, 1, 130, 131
411483.3.peg.165.site.8, 0, 126, 126
411483.3.peg.165.site.9, 2, 121, 123
411483.3.peg.165.site.10, 0, 130, 130
411483.3.peg.165.site.11, 0, 132, 132
411483.3.peg.165.site.12, 35, 128, 163
411483.3.peg.165.site.13, 3, 132, 135
411483.3.peg.165.site.14, 1, 138, 139
411483.3.peg.165.site.15, 32, 139, 171
411483.3.peg.165.site.16, 1, 149, 150
411483.3.peg.165.site.17, 3, 155, 158
411483.3.peg.165.site.18, 2, 155, 157
411483.3.peg.165.site.19, 3, 153, 156
411483.3.peg.165.site.20, 1, 153, 154
411483.3.peg.165.site.21, 3, 151, 154
411483.3.peg.165.site.22, 9, 143, 152
411483.3.peg.165.site.23, 3, 142, 145
411483.3.peg.165.site.24, 22, 145, 167
411483.3.peg.165.site.25, 1, 146, 147
411483.3.peg.165.site.26, 3, 150, 153
411483.3.peg.165.site.27, 0, 145, 145
411483.3.peg.165.site.28, 2, 146, 148
411483.3.peg.165.site.29, 4, 144, 148
411483.3.peg.165.site.30, 0, 148, 148
411483.3.peg.165.site.31, 38, 145, 183
411483.3.peg.165.site.32, 1, 150, 151
411483.3.peg.165.site.33, 0, 150, 150
411483.3.peg.165.site.34, 1, 148, 149
411483.3.peg.165.site.35, 1, 146, 147
411483.3.peg.165.site.36, 1, 142, 143
411483.3.peg.165.site.37, 7, 141, 148
411483.3.peg.165.site.38, 3, 146, 149
411483.3.peg.165.site.39, 7, 131, 138
411483.3.peg.165.site.40, 2, 134, 136
411483.3.peg.165.site.41, 3, 142, 145
411483.3.peg.165.site.42, 4, 137, 141
411483.3.peg.165.site.43, 3, 143, 146
411483.3.peg.165.site.44, 143, 147, 290
411483.3.peg.165.site.45, 83, 142, 225
411483.3.peg.165.site.46, 7, 150, 157
411483.3.peg.165.site.47, 7, 152, 159
411483.3.peg.165.site.48, 72, 138, 210
411483.3.peg.165.site.49, 0, 152, 152
411483.3.peg.165.site.50, 1, 153, 154
411483.3.peg.165.site.51, 0, 152, 152
411483.3.peg.165.site.52, 2, 154, 156
411483.3.peg.165.site.53, 1, 153, 154
411483.3.peg.165.site.54, 117, 143, 260
411483.3.peg.165.site.55, 6, 153, 159
411483.3.peg.165.site.56, 6, 155, 161
411483.3.peg.165.site.57, 57, 145, 202
411483.3.peg.164.site.1, 10, 150, 160
411483.3.peg.164.site.2, 6, 152, 158
411483.3.peg.164.site.3, 15, 148, 163
411483.3.peg.164.site.4, 1, 146, 147
411483.3.peg.164.site.5, 0, 148, 148
411483.3.peg.164.site.6, 1, 149, 150
411483.3.peg.164.site.7, 16, 145, 161
411483.3.peg.164.site.8, 0, 148, 148
411483.3.peg.164.site.9, 136, 137, 273
411483.3.peg.164.site.10, 1, 145, 146
411483.3.peg.164.site.11, 10, 138, 148
411483.3.peg.164.site.12, 144, 146, 290
411483.3.peg.164.site.13, 4, 136, 140
411483.3.peg.164.site.14, 9, 147, 156
411483.3.peg.164.site.15, 5, 146, 151
411483.3.peg.164.site.16, 10, 148, 158
411483.3.peg.164.site.17, 3, 152, 155
411483.3.peg.164.site.18, 3, 154, 157
411483.3.peg.164.site.19, 1, 154, 155
411483.3.peg.164.site.20, 10, 155, 165
411483.3.peg.164.site.21, 3, 155, 158
411483.3.peg.164.site.22, 0, 154, 154
411483.3.peg.164.site.23, 6, 153, 159
411483.3.peg.164.site.24, 1, 155, 156
411483.3.peg.164.site.25, 30, 150, 180
411483.3.peg.164.site.26, 1, 153, 154
411483.3.peg.164.site.27, 2, 149, 151
411483.3.peg.164.site.28, 16, 141, 157
411483.3.peg.164.site.29, 3, 147, 150
411483.3.peg.164.site.30, 2, 153, 155
411483.3.peg.164.site.31, 12, 153, 165
411483.3.peg.164.site.32, 48, 136, 184
411483.3.peg.164.site.33, 50, 137, 187
411483.3.peg.164.site.34, 0, 153, 153
411483.3.peg.164.site.35, 1, 154, 155
411483.3.peg.164.site.36, 8, 153, 161
411483.3.peg.164.site.37, 7, 154, 161
411483.3.peg.164.site.38, 2, 154, 156
411483.3.peg.164.site.39, 2, 153, 155
411483.3.peg.164.site.40, 3, 152, 155
411483.3.peg.164.site.41, 2, 149, 151
411483.3.peg.164.site.42, 0, 153, 153
411483.3.peg.164.site.43, 12, 154, 166
411483.3.peg.164.site.44, 3, 154, 157
411483.3.peg.164.site.45, 4, 151, 155
411483.3.peg.164.site.46, 1, 154, 155
411483.3.peg.164.site.47, 7, 150, 157
411483.3.peg.164.site.48, 3, 151, 154
411483.3.peg.164.site.49, 16, 141, 157
411483.3.peg.164.site.50, 0, 152, 152
411483.3.peg.164.site.51, 1, 153, 154
411483.3.peg.164.site.52, 46, 140, 186
411483.3.peg.164.site.53, 0, 153, 153
411483.3.peg.164.site.54, 1, 150, 151
411483.3.peg.164.site.55, 151, 151, 302
411483.3.peg.164.site.56, 16, 143, 159
411483.3.peg.164.site.57, 1, 146, 147
411483.3.peg.164.site.58, 5, 146, 151
411483.3.peg.164.site.59, 1, 150, 151
411483.3.peg.164.site.60, 2, 149, 151
411483.3.peg.164.site.61, 4, 149, 153
411483.3.peg.164.site.62, 3, 146, 149
411483.3.peg.164.site.63, 6, 150, 156
411483.3.peg.164.site.64, 4, 153, 157
411483.3.peg.164.site.65, 6, 152, 158
411483.3.peg.169.site.1, 12, 74, 86
411483.3.peg.169.site.2, 1, 133, 134
411483.3.peg.169.site.3, 2, 150, 152
411483.3.peg.169.site.4, 0, 152, 152
411483.3.peg.169.site.5, 2, 153, 155
411483.3.peg.169.site.6, 0, 153, 153
411483.3.peg.169.site.7, 2, 155, 157
411483.3.peg.169.site.8, 58, 150, 208
411483.3.peg.169.site.9, 17, 144, 161
411483.3.peg.169.site.10, 2, 152, 154
411483.3.peg.169.site.11, 18, 149, 167
411483.3.peg.169.site.12, 2, 153, 155
411483.3.peg.169.site.13, 6, 151, 157
411483.3.peg.169.site.14, 1, 153, 154
411483.3.peg.169.site.15, 1, 152, 153
411483.3.peg.169.site.16, 2, 153, 155
411483.3.peg.169.site.17, 1, 152, 153
411483.3.peg.169.site.18, 3, 145, 148
411483.3.peg.169.site.19, 43, 147, 190
411483.3.peg.169.site.20, 0, 153, 153
411483.3.peg.169.site.21, 1, 150, 151
411483.3.peg.169.site.22, 3, 152, 155
411483.3.peg.169.site.23, 1, 151, 152
411483.3.peg.169.site.24, 2, 154, 156
411483.3.peg.169.site.25, 2, 155, 157
411483.3.peg.169.site.26, 4, 155, 159
411483.3.peg.169.site.27, 4, 154, 158
411483.3.peg.169.site.28, 3, 155, 158
411483.3.peg.169.site.29, 3, 155, 158
411483.3.peg.169.site.30, 2, 148, 150
411483.3.peg.169.site.31, 1, 155, 156
411483.3.peg.169.site.32, 1, 155, 156
411483.3.peg.169.site.33, 4, 154, 158
411483.3.peg.169.site.34, 1, 155, 156
411483.3.peg.169.site.35, 28, 148, 176
411483.3.peg.169.site.36, 2, 153, 155
411483.3.peg.169.site.37, 2, 154, 156
411483.3.peg.169.site.38, 1, 155, 156
411483.3.peg.169.site.39, 2, 155, 157
411483.3.peg.169.site.40, 140, 152, 292
411483.3.peg.169.site.41, 4, 149, 153
411483.3.peg.169.site.42, 3, 155, 158
411483.3.peg.169.site.43, 3, 154, 157
411483.3.peg.169.site.44, 2, 153, 155
411483.3.peg.169.site.45, 0, 153, 153
411483.3.peg.169.site.46, 5, 151, 156
411483.3.peg.169.site.47, 4, 153, 157
411483.3.peg.169.site.48, 18, 143, 161
411483.3.peg.169.site.49, 5, 150, 155
411483.3.peg.168.site.1, 3, 96, 99
411483.3.peg.168.site.2, 6, 108, 114
411483.3.peg.168.site.3, 16, 138, 154
411483.3.peg.168.site.4, 0, 154, 154
411483.3.peg.168.site.5, 2, 154, 156
411483.3.peg.168.site.6, 1, 155, 156
411483.3.peg.168.site.7, 2, 155, 157
411483.3.peg.168.site.8, 136, 150, 286
411483.3.peg.168.site.9, 2, 155, 157
411483.3.peg.168.site.10, 2, 155, 157
411483.3.peg.168.site.11, 2, 155, 157
411483.3.peg.168.site.12, 0, 154, 154
411483.3.peg.168.site.13, 79, 142, 221
411483.3.peg.168.site.14, 2, 155, 157
411483.3.peg.168.site.15, 2, 154, 156
411483.3.peg.168.site.16, 1, 155, 156
411483.3.peg.168.site.17, 1, 155, 156
411483.3.peg.168.site.18, 4, 153, 157
411483.3.peg.168.site.19, 4, 154, 158
411483.3.peg.168.site.20, 0, 152, 152
411483.3.peg.168.site.21, 10, 153, 163
411483.3.peg.168.site.22, 4, 152, 156
411483.3.peg.168.site.23, 0, 150, 150
411483.3.peg.168.site.24, 3, 151, 154
411483.3.peg.168.site.25, 2, 147, 149
411483.3.peg.168.site.26, 1, 149, 150
411483.3.peg.168.site.27, 1, 151, 152
411483.3.peg.168.site.28, 13, 144, 157
411483.3.peg.168.site.29, 7, 154, 161
411483.3.peg.168.site.30, 2, 154, 156
411483.3.peg.168.site.31, 65, 144, 209
411483.3.peg.168.site.32, 2, 150, 152
411483.3.peg.168.site.33, 2, 149, 151
411483.3.peg.168.site.34, 1, 144, 145
411483.3.peg.168.site.35, 5, 154, 159
411483.3.peg.168.site.36, 0, 154, 154
411483.3.peg.168.site.37, 7, 155, 162
411483.3.peg.168.site.38, 116, 148, 264
411483.3.peg.168.site.39, 4, 153, 157
411483.3.peg.168.site.40, 1, 155, 156
411483.3.peg.168.site.41, 14, 146, 160
411483.3.peg.168.site.42, 2, 154, 156
411483.3.peg.168.site.43, 7, 149, 156
411483.3.peg.168.site.44, 3, 152, 155
411483.3.peg.168.site.45, 1, 153, 154
411483.3.peg.168.site.46, 5, 142, 147
411483.3.peg.168.site.47, 5, 90, 95
411483.3.peg.254.site.1, 7, 143, 150
411483.3.peg.254.site.2, 2, 147, 149
411483.3.peg.254.site.3, 7, 142, 149
411483.3.peg.254.site.4, 25, 141, 166
411483.3.peg.254.site.5, 1, 141, 142
411483.3.peg.254.site.6, 10, 137, 147
411483.3.peg.254.site.7, 8, 141, 149
411483.3.peg.254.site.8, 0, 143, 143
411483.3.peg.254.site.9, 1, 146, 147
411483.3.peg.254.site.10, 11, 143, 154
411483.3.peg.254.site.11, 1, 148, 149
411483.3.peg.254.site.12, 3, 147, 150
411483.3.peg.254.site.13, 5, 146, 151
411483.3.peg.254.site.14, 10, 142, 152
411483.3.peg.254.site.15, 55, 124, 179
411483.3.peg.254.site.16, 1, 138, 139
411483.3.peg.254.site.17, 1, 131, 132
411483.3.peg.254.site.18, 1, 137, 138
411483.3.peg.254.site.19, 37, 147, 184
411483.3.peg.254.site.20, 1, 154, 155
411483.3.peg.254.site.21, 19, 150, 169
411483.3.peg.254.site.22, 2, 153, 155
411483.3.peg.254.site.23, 1, 153, 154
411483.3.peg.254.site.24, 12, 152, 164
411483.3.peg.254.site.25, 14, 149, 163
411483.3.peg.254.site.26, 13, 153, 166
411483.3.peg.254.site.27, 1, 150, 151
411483.3.peg.254.site.28, 1, 151, 152
411483.3.peg.254.site.29, 2, 150, 152
411483.3.peg.254.site.30, 1, 150, 151
411483.3.peg.254.site.31, 1, 150, 151
411483.3.peg.254.site.32, 8, 149, 157
411483.3.peg.254.site.33, 0, 150, 150
411483.3.peg.254.site.34, 0, 154, 154
411483.3.peg.254.site.35, 16, 149, 165
411483.3.peg.254.site.36, 0, 154, 154
411483.3.peg.254.site.37, 8, 153, 161
411483.3.peg.254.site.38, 1, 154, 155
411483.3.peg.254.site.39, 51, 142, 193
411483.3.peg.254.site.40, 2, 152, 154
411483.3.peg.254.site.41, 2, 153, 155
411483.3.peg.254.site.42, 1, 153, 154
411483.3.peg.254.site.43, 13, 152, 165
411483.3.peg.254.site.44, 0, 152, 152
411483.3.peg.254.site.45, 18, 150, 168
411483.3.peg.254.site.46, 59, 142, 201
411483.3.peg.254.site.47, 1, 155, 156
411483.3.peg.254.site.48, 15, 153, 168
411483.3.peg.254.site.49, 4, 152, 156
411483.3.peg.254.site.50, 3, 155, 158
411483.3.peg.254.site.51, 2, 155, 157
411483.3.peg.254.site.52, 0, 155, 155
411483.3.peg.254.site.53, 7, 152, 159
411483.3.peg.254.site.54, 0, 152, 152
411483.3.peg.254.site.55, 1, 149, 150
411483.3.peg.254.site.56, 20, 146, 166
411483.3.peg.254.site.57, 1, 150, 151
411483.3.peg.254.site.58, 2, 151, 153
411483.3.peg.254.site.59, 1, 153, 154
411483.3.peg.254.site.60, 1, 152, 153
411483.3.peg.254.site.61, 1, 149, 150
411483.3.peg.254.site.62, 2, 147, 149
411483.3.peg.254.site.63, 2, 149, 151
411483.3.peg.254.site.64, 2, 152, 154
411483.3.peg.254.site.65, 1, 153, 154
411483.3.peg.254.site.66, 11, 151, 162
411483.3.peg.254.site.67, 3, 152, 155
411483.3.peg.254.site.68, 25, 146, 171
411483.3.peg.254.site.69, 22, 142, 164
411483.3.peg.254.site.70, 2, 150, 152
411483.3.peg.254.site.71, 4, 153, 157
411483.3.peg.254.site.72, 1, 152, 153
411483.3.peg.254.site.73, 0, 153, 153
411483.3.peg.254.site.74, 16, 153, 169
411483.3.peg.254.site.75, 3, 152, 155
411483.3.peg.254.site.76, 0, 150, 150
411483.3.peg.254.site.77, 2, 137, 139
411483.3.peg.254.site.78, 4, 139, 143
411483.3.peg.254.site.79, 1, 151, 152
411483.3.peg.254.site.80, 2, 152, 154
411483.3.peg.254.site.81, 3, 151, 154
411483.3.peg.254.site.82, 4, 149, 153
411483.3.peg.254.site.83, 3, 151, 154
411483.3.peg.254.site.84, 17, 142, 159
411483.3.peg.254.site.85, 1, 151, 152
411483.3.peg.254.site.86, 1, 152, 153
411483.3.peg.254.site.87, 0, 155, 155
411483.3.peg.254.site.88, 0, 154, 154
411483.3.peg.254.site.89, 6, 152, 158
411483.3.peg.254.site.90, 3, 155, 158
411483.3.peg.254.site.91, 4, 153, 157
411483.3.peg.254.site.92, 1, 154, 155
411483.3.peg.254.site.93, 1, 154, 155
411483.3.peg.254.site.94, 7, 153, 160
411483.3.peg.254.site.95, 1, 154, 155
411483.3.peg.251.site.1, 2, 151, 153
411483.3.peg.251.site.2, 20, 150, 170
411483.3.peg.251.site.3, 5, 152, 157
411483.3.peg.251.site.4, 10, 147, 157
411483.3.peg.251.site.5, 68, 142, 210
411483.3.peg.251.site.6, 4, 149, 153
411483.3.peg.251.site.7, 6, 151, 157
411483.3.peg.251.site.8, 1, 152, 153
411483.3.peg.251.site.9, 4, 149, 153
411483.3.peg.251.site.10, 1, 150, 151
411483.3.peg.251.site.11, 4, 151, 155
411483.3.peg.251.site.12, 6, 146, 152
411483.3.peg.251.site.13, 7, 146, 153
411483.3.peg.251.site.14, 1, 147, 148
411483.3.peg.251.site.15, 5, 146, 151
411483.3.peg.251.site.16, 30, 140, 170
411483.3.peg.251.site.17, 144, 146, 290
411483.3.peg.251.site.18, 20, 141, 161
411483.3.peg.251.site.19, 18, 145, 163
411483.3.peg.251.site.20, 4, 145, 149
411483.3.peg.251.site.21, 45, 134, 179
411483.3.peg.251.site.22, 12, 140, 152
411483.3.peg.251.site.23, 2, 142, 144
411483.3.peg.251.site.24, 3, 134, 137
411483.3.peg.251.site.25, 6, 144, 150
411483.3.peg.251.site.26, 0, 141, 141
411483.3.peg.251.site.27, 7, 140, 147
411483.3.peg.251.site.28, 8, 138, 146
411483.3.peg.251.site.29, 1, 135, 136
411483.3.peg.251.site.30, 119, 134, 253
411483.3.peg.251.site.31, 2, 140, 142
411483.3.peg.251.site.32, 1, 144, 145
411483.3.peg.251.site.33, 5, 148, 153
411483.3.peg.251.site.34, 24, 149, 173
411483.3.peg.251.site.35, 3, 150, 153
411483.3.peg.251.site.36, 2, 155, 157
411483.3.peg.251.site.37, 4, 153, 157
411483.3.peg.251.site.38, 3, 154, 157
411483.3.peg.251.site.39, 20, 151, 171
411483.3.peg.251.site.40, 1, 152, 153
411483.3.peg.251.site.41, 3, 152, 155
411483.3.peg.251.site.42, 1, 154, 155
411483.3.peg.251.site.43, 5, 148, 153
411483.3.peg.251.site.44, 5, 149, 154
411483.3.peg.251.site.45, 4, 154, 158
411483.3.peg.251.site.46, 2, 154, 156
411483.3.peg.251.site.47, 0, 154, 154
411483.3.peg.251.site.48, 0, 153, 153
411483.3.peg.251.site.49, 4, 152, 156
411483.3.peg.251.site.50, 0, 150, 150
411483.3.peg.251.site.51, 2, 152, 154
411483.3.peg.251.site.52, 1, 149, 150
411483.3.peg.251.site.53, 9, 143, 152
411483.3.peg.251.site.54, 0, 150, 150
411483.3.peg.251.site.55, 2, 147, 149
411483.3.peg.251.site.56, 2, 144, 146
411483.3.peg.251.site.57, 1, 142, 143
411483.3.peg.251.site.58, 6, 143, 149
411483.3.peg.251.site.59, 1, 146, 147
411483.3.peg.251.site.60, 1, 144, 145
411483.3.peg.250.site.1, 0, 153, 153
411483.3.peg.250.site.2, 1, 154, 155
411483.3.peg.250.site.3, 2, 155, 157
411483.3.peg.250.site.4, 1, 155, 156
411483.3.peg.250.site.5, 3, 155, 158
411483.3.peg.250.site.6, 0, 154, 154
411483.3.peg.250.site.7, 25, 150, 175
411483.3.peg.250.site.8, 1, 153, 154
411483.3.peg.250.site.9, 1, 155, 156
411483.3.peg.250.site.10, 83, 145, 228
411483.3.peg.250.site.11, 43, 146, 189
411483.3.peg.250.site.12, 2, 154, 156
411483.3.peg.250.site.13, 2, 155, 157
411483.3.peg.250.site.14, 6, 146, 152
411483.3.peg.250.site.15, 48, 144, 192
411483.3.peg.250.site.16, 0, 144, 144
411483.3.peg.253.site.1, 2, 153, 155
411483.3.peg.253.site.2, 0, 146, 146
411483.3.peg.253.site.3, 7, 146, 153
411483.3.peg.253.site.4, 1, 145, 146
411483.3.peg.253.site.5, 8, 146, 154
411483.3.peg.253.site.6, 2, 142, 144
411483.3.peg.253.site.7, 1, 141, 142
411483.3.peg.253.site.8, 2, 133, 135
411483.3.peg.253.site.9, 79, 134, 213
411483.3.peg.253.site.10, 2, 127, 129
411483.3.peg.253.site.11, 1, 133, 134
411483.3.peg.253.site.12, 2, 130, 132
411483.3.peg.253.site.13, 8, 135, 143
411483.3.peg.253.site.14, 15, 133, 148
411483.3.peg.253.site.15, 79, 125, 204
411483.3.peg.253.site.16, 92, 139, 231
411483.3.peg.253.site.17, 1, 151, 152
411483.3.peg.253.site.18, 19, 140, 159
411483.3.peg.253.site.19, 24, 144, 168
411483.3.peg.253.site.20, 1, 152, 153
411483.3.peg.253.site.21, 2, 154, 156
411483.3.peg.253.site.22, 6, 147, 153
411483.3.peg.253.site.23, 25, 151, 176
411483.3.peg.253.site.24, 14, 151, 165
411483.3.peg.253.site.25, 65, 143, 208
411483.3.peg.253.site.26, 1, 154, 155
411483.3.peg.253.site.27, 4, 153, 157
411483.3.peg.253.site.28, 1, 148, 149
411483.3.peg.253.site.29, 1, 147, 148
411483.3.peg.253.site.30, 4, 148, 152
411483.3.peg.253.site.31, 1, 153, 154
411483.3.peg.253.site.32, 7, 150, 157
411483.3.peg.253.site.33, 3, 150, 153
411483.3.peg.253.site.34, 1, 151, 152
411483.3.peg.253.site.35, 3, 151, 154
411483.3.peg.253.site.36, 1, 153, 154
411483.3.peg.253.site.37, 1, 151, 152
411483.3.peg.253.site.38, 2, 153, 155
411483.3.peg.253.site.39, 37, 142, 179
411483.3.peg.253.site.40, 16, 151, 167
411483.3.peg.253.site.41, 0, 151, 151
411483.3.peg.253.site.42, 13, 147, 160
411483.3.peg.253.site.43, 1, 149, 150
411483.3.peg.253.site.44, 3, 147, 150
411483.3.peg.253.site.45, 1, 150, 151
411483.3.peg.253.site.46, 10, 144, 154
411483.3.peg.253.site.47, 2, 146, 148
411483.3.peg.253.site.48, 7, 118, 125
411483.3.peg.253.site.49, 1, 103, 104
411483.3.peg.253.site.50, 1, 110, 111
411483.3.peg.253.site.51, 4, 96, 100
411483.3.peg.253.site.52, 1, 106, 107
411483.3.peg.253.site.53, 3, 114, 117
411483.3.peg.253.site.54, 1, 139, 140
411483.3.peg.253.site.55, 3, 140, 143
411483.3.peg.253.site.56, 2, 139, 141
411483.3.peg.253.site.57, 1, 140, 141
411483.3.peg.253.site.58, 29, 145, 174
411483.3.peg.253.site.59, 5, 151, 156
411483.3.peg.253.site.60, 8, 148, 156
411483.3.peg.253.site.61, 3, 153, 156
411483.3.peg.253.site.62, 6, 154, 160
411483.3.peg.253.site.63, 42, 139, 181
411483.3.peg.253.site.64, 5, 150, 155
411483.3.peg.253.site.65, 3, 153, 156
411483.3.peg.253.site.66, 19, 146, 165
411483.3.peg.253.site.67, 24, 144, 168
411483.3.peg.253.site.68, 1, 155, 156
411483.3.peg.253.site.69, 38, 141, 179
411483.3.peg.253.site.70, 99, 138, 237
411483.3.peg.253.site.71, 1, 153, 154
411483.3.peg.253.site.72, 12, 151, 163
411483.3.peg.253.site.73, 102, 139, 241
411483.3.peg.253.site.74, 60, 141, 201
411483.3.peg.253.site.75, 4, 151, 155
411483.3.peg.253.site.76, 0, 149, 149
411483.3.peg.253.site.77, 131, 141, 272
411483.3.peg.253.site.78, 132, 142, 274
411483.3.peg.253.site.79, 3, 149, 152
411483.3.peg.253.site.80, 33, 142, 175
411483.3.peg.253.site.81, 1, 148, 149
411483.3.peg.253.site.82, 1, 145, 146
411483.3.peg.253.site.83, 0, 148, 148
411483.3.peg.253.site.84, 9, 139, 148
411483.3.peg.253.site.85, 2, 148, 150
411483.3.peg.253.site.86, 3, 151, 154
411483.3.peg.253.site.87, 2, 143, 145
411483.3.peg.253.site.88, 0, 147, 147
411483.3.peg.253.site.89, 3, 154, 157
411483.3.peg.253.site.90, 8, 151, 159
411483.3.peg.253.site.91, 1, 152, 153
411483.3.peg.253.site.92, 17, 151, 168
411483.3.peg.253.site.93, 1, 154, 155
411483.3.peg.253.site.94, 1, 154, 155
411483.3.peg.253.site.95, 0, 152, 152
411483.3.peg.253.site.96, 1, 151, 152
411483.3.peg.253.site.97, 1, 150, 151
411483.3.peg.253.site.98, 4, 144, 148
411483.3.peg.253.site.99, 1, 148, 149
411483.3.peg.253.site.100, 0, 145, 145
411483.3.peg.253.site.101, 4, 148, 152
411483.3.peg.253.site.102, 26, 146, 172
411483.3.peg.253.site.103, 30, 147, 177
411483.3.peg.253.site.104, 1, 150, 151
411483.3.peg.253.site.105, 3, 149, 152
411483.3.peg.253.site.106, 1, 152, 153
411483.3.peg.253.site.107, 18, 143, 161
411483.3.peg.253.site.108, 1, 147, 148
411483.3.peg.253.site.109, 2, 151, 153
411483.3.peg.253.site.110, 0, 150, 150
411483.3.peg.253.site.111, 2, 151, 153
411483.3.peg.253.site.112, 0, 149, 149
411483.3.peg.253.site.113, 1, 150, 151
411483.3.peg.253.site.114, 0, 151, 151
411483.3.peg.253.site.115, 1, 149, 150
411483.3.peg.253.site.116, 2, 149, 151
411483.3.peg.253.site.117, 126, 147, 273
411483.3.peg.253.site.118, 0, 149, 149
411483.3.peg.253.site.119, 3, 144, 147
411483.3.peg.253.site.120, 1, 151, 152
411483.3.peg.253.site.121, 2, 148, 150
411483.3.peg.253.site.122, 4, 151, 155
411483.3.peg.253.site.123, 2, 148, 150
411483.3.peg.253.site.124, 2, 148, 150
411483.3.peg.253.site.125, 0, 150, 150
411483.3.peg.253.site.126, 0, 150, 150
411483.3.peg.253.site.127, 1, 153, 154
411483.3.peg.253.site.128, 14, 148, 162
411483.3.peg.253.site.129, 0, 152, 152
411483.3.peg.252.site.1, 5, 155, 160
411483.3.peg.252.site.2, 1, 153, 154
411483.3.peg.252.site.3, 2, 150, 152
411483.3.peg.252.site.4, 4, 154, 158
411483.3.peg.252.site.5, 1, 154, 155
411483.3.peg.252.site.6, 3, 154, 157
411483.3.peg.252.site.7, 1, 155, 156
411483.3.peg.252.site.8, 0, 154, 154
411483.3.peg.252.site.9, 2, 154, 156
411483.3.peg.252.site.10, 11, 151, 162
411483.3.peg.252.site.11, 1, 154, 155
411483.3.peg.252.site.12, 1, 155, 156
411483.3.peg.252.site.13, 3, 150, 153
411483.3.peg.252.site.14, 0, 150, 150
411483.3.peg.252.site.15, 3, 153, 156
411483.3.peg.252.site.16, 0, 146, 146
411483.3.peg.252.site.17, 0, 143, 143
411483.3.peg.252.site.18, 1, 142, 143
411483.3.peg.252.site.19, 29, 140, 169
411483.3.peg.252.site.20, 1, 150, 151
411483.3.peg.252.site.21, 0, 150, 150
411483.3.peg.252.site.22, 3, 152, 155
411483.3.peg.252.site.23, 2, 149, 151
411483.3.peg.252.site.24, 107, 147, 254
411483.3.peg.252.site.25, 0, 151, 151
411483.3.peg.252.site.26, 5, 151, 156
411483.3.peg.252.site.27, 12, 147, 159
411483.3.peg.252.site.28, 6, 150, 156
411483.3.peg.252.site.29, 17, 150, 167
411483.3.peg.252.site.30, 0, 150, 150
411483.3.peg.252.site.31, 6, 152, 158
411483.3.peg.252.site.32, 0, 155, 155
411483.3.peg.252.site.33, 1, 155, 156
411483.3.peg.687.site.1, 0, 144, 144
411483.3.peg.687.site.2, 2, 141, 143
411483.3.peg.687.site.3, 0, 140, 140
411483.3.peg.687.site.4, 0, 121, 121
411483.3.peg.687.site.5, 10, 126, 136
411483.3.peg.687.site.6, 2, 120, 122
411483.3.peg.687.site.7, 2, 120, 122
411483.3.peg.687.site.8, 3, 148, 151
411483.3.peg.687.site.9, 46, 143, 189
411483.3.peg.687.site.10, 1, 148, 149
411483.3.peg.687.site.11, 1, 136, 137
411483.3.peg.687.site.12, 119, 144, 263
411483.3.peg.687.site.13, 3, 139, 142
411483.3.peg.687.site.14, 3, 149, 152
411483.3.peg.687.site.15, 25, 145, 170
411483.3.peg.687.site.16, 3, 150, 153
411483.3.peg.687.site.17, 24, 143, 167
411483.3.peg.687.site.18, 4, 150, 154
411483.3.peg.687.site.19, 5, 145, 150
411483.3.peg.687.site.20, 65, 140, 205
411483.3.peg.687.site.21, 20, 149, 169
411483.3.peg.687.site.22, 58, 144, 202
411483.3.peg.687.site.23, 6, 149, 155
411483.3.peg.687.site.24, 0, 148, 148
411483.3.peg.687.site.25, 7, 147, 154
411483.3.peg.687.site.26, 20, 148, 168
411483.3.peg.687.site.27, 0, 147, 147
411483.3.peg.687.site.28, 11, 147, 158
411483.3.peg.687.site.29, 13, 149, 162
411483.3.peg.687.site.30, 5, 150, 155
411483.3.peg.687.site.31, 0, 150, 150
411483.3.peg.687.site.32, 1, 147, 148
411483.3.peg.687.site.33, 4, 138, 142
411483.3.peg.687.site.34, 0, 139, 139
411483.3.peg.687.site.35, 0, 146, 146
411483.3.peg.687.site.36, 4, 147, 151
411483.3.peg.687.site.37, 31, 144, 175
411483.3.peg.687.site.38, 39, 138, 177
411483.3.peg.687.site.39, 11, 145, 156
411483.3.peg.687.site.40, 1, 153, 154
411483.3.peg.687.site.41, 15, 146, 161
411483.3.peg.687.site.42, 1, 145, 146
411483.3.peg.687.site.43, 0, 147, 147
411483.3.peg.687.site.44, 7, 149, 156
411483.3.peg.687.site.45, 60, 140, 200
411483.3.peg.687.site.46, 3, 151, 154
411483.3.peg.687.site.47, 35, 151, 186
411483.3.peg.687.site.48, 0, 151, 151
411483.3.peg.687.site.49, 35, 145, 180
411483.3.peg.687.site.50, 1, 148, 149
411483.3.peg.687.site.51, 1, 146, 147
411483.3.peg.2749.site.1, 109, 141, 250
411483.3.peg.2749.site.2, 1, 148, 149
411483.3.peg.2749.site.3, 3, 143, 146
411483.3.peg.2749.site.4, 25, 144, 169
411483.3.peg.2749.site.5, 1, 150, 151
411483.3.peg.2749.site.6, 4, 150, 154
411483.3.peg.2749.site.7, 5, 149, 154
411483.3.peg.2749.site.8, 1, 152, 153
411483.3.peg.2749.site.9, 1, 152, 153
411483.3.peg.2749.site.10, 1, 154, 155
411483.3.peg.2749.site.11, 5, 154, 159
411483.3.peg.2749.site.12, 1, 153, 154
411483.3.peg.2749.site.13, 1, 152, 153
411483.3.peg.2749.site.14, 1, 153, 154
411483.3.peg.2749.site.15, 0, 149, 149
411483.3.peg.2749.site.16, 0, 143, 143
411483.3.peg.2749.site.17, 19, 123, 142
411483.3.peg.2749.site.18, 2, 112, 114
411483.3.peg.2749.site.19, 0, 108, 108
411483.3.peg.2749.site.20, 3, 118, 121
411483.3.peg.2749.site.21, 1, 121, 122
411483.3.peg.2749.site.22, 2, 124, 126
411483.3.peg.2749.site.23, 1, 127, 128
411483.3.peg.2749.site.24, 3, 125, 128
411483.3.peg.2749.site.25, 6, 129, 135
411483.3.peg.2749.site.26, 58, 125, 183
411483.3.peg.2749.site.27, 0, 137, 137
411483.3.peg.2749.site.28, 8, 140, 148
411483.3.peg.2749.site.29, 2, 141, 143
411483.3.peg.2749.site.30, 40, 131, 171
411483.3.peg.2749.site.31, 2, 144, 146
411483.3.peg.2749.site.32, 3, 143, 146
411483.3.peg.2749.site.33, 2, 145, 147
411483.3.peg.2749.site.34, 1, 128, 129
411483.3.peg.2749.site.35, 1, 141, 142
411483.3.peg.2749.site.36, 2, 143, 145
411483.3.peg.2749.site.37, 0, 142, 142
411483.3.peg.2749.site.38, 1, 144, 145
411483.3.peg.2749.site.39, 0, 140, 140
411483.3.peg.2749.site.40, 17, 141, 158
411483.3.peg.2749.site.41, 1, 146, 147
411483.3.peg.2749.site.42, 1, 138, 139
411483.3.peg.2749.site.43, 9, 144, 153
411483.3.peg.2749.site.44, 111, 143, 254
411483.3.peg.2749.site.45, 1, 148, 149
411483.3.peg.2749.site.46, 2, 149, 151
411483.3.peg.2749.site.47, 0, 149, 149
411483.3.peg.2749.site.48, 0, 151, 151
411483.3.peg.2749.site.49, 0, 151, 151
411483.3.peg.2749.site.50, 2, 151, 153
411483.3.peg.2749.site.51, 0, 149, 149
411483.3.peg.2749.site.52, 7, 139, 146
411483.3.peg.2749.site.53, 3, 141, 144
411483.3.peg.2749.site.54, 0, 136, 136
411483.3.peg.2749.site.55, 1, 138, 139
411483.3.peg.2749.site.56, 3, 139, 142
411483.3.peg.2749.site.57, 91, 115, 206
411483.3.peg.2749.site.58, 1, 109, 110
411483.3.peg.2749.site.59, 1, 100, 101
411483.3.peg.2749.site.60, 0, 99, 99
411483.3.peg.2749.site.61, 0, 98, 98
411483.3.peg.2749.site.62, 1, 111, 112
411483.3.peg.2749.site.63, 8, 104, 112
411483.3.peg.2749.site.64, 91, 95, 186
411483.3.peg.2749.site.65, 6, 100, 106
411483.3.peg.2749.site.66, 0, 96, 96
411483.3.peg.2749.site.67, 22, 90, 112
411483.3.peg.2749.site.68, 1, 104, 105
411483.3.peg.2749.site.69, 7, 104, 111
411483.3.peg.2749.site.70, 6, 106, 112
411483.3.peg.2749.site.71, 1, 113, 114
411483.3.peg.2749.site.72, 0, 116, 116
411483.3.peg.2749.site.73, 1, 124, 125
411483.3.peg.2749.site.74, 4, 125, 129
411483.3.peg.2749.site.75, 2, 139, 141
411483.3.peg.2749.site.76, 7, 134, 141
411483.3.peg.2749.site.77, 7, 148, 155
411483.3.peg.2749.site.78, 3, 149, 152
411483.3.peg.2749.site.79, 1, 148, 149
411483.3.peg.2749.site.80, 0, 147, 147
411483.3.peg.2749.site.81, 6, 145, 151
411483.3.peg.2749.site.82, 1, 151, 152
411483.3.peg.2749.site.83, 0, 150, 150
411483.3.peg.2749.site.84, 0, 155, 155
411483.3.peg.2749.site.85, 1, 155, 156
411483.3.peg.2749.site.86, 7, 155, 162
411483.3.peg.2749.site.87, 4, 154, 158
411483.3.peg.2749.site.88, 2, 154, 156
411483.3.peg.2749.site.89, 5, 154, 159
411483.3.peg.2749.site.90, 0, 154, 154
411483.3.peg.2749.site.91, 0, 153, 153
411483.3.peg.2749.site.92, 0, 155, 155
411483.3.peg.2749.site.93, 5, 150, 155
411483.3.peg.2740.site.1, 4, 154, 158
411483.3.peg.2740.site.2, 51, 146, 197
411483.3.peg.2740.site.3, 40, 148, 188
411483.3.peg.2740.site.4, 0, 154, 154
411483.3.peg.2740.site.5, 6, 148, 154
411483.3.peg.2740.site.6, 1, 155, 156
411483.3.peg.2740.site.7, 0, 153, 153
411483.3.peg.2740.site.8, 4, 154, 158
411483.3.peg.2740.site.9, 0, 151, 151
411483.3.peg.2740.site.10, 3, 153, 156
411483.3.peg.2740.site.11, 4, 149, 153
411483.3.peg.2740.site.12, 0, 150, 150
411483.3.peg.2740.site.13, 0, 148, 148
411483.3.peg.2740.site.14, 1, 149, 150
411483.3.peg.2740.site.15, 1, 142, 143
411483.3.peg.2740.site.16, 2, 144, 146
411483.3.peg.2740.site.17, 25, 138, 163
411483.3.peg.2740.site.18, 64, 129, 193
411483.3.peg.2740.site.19, 1, 145, 146
411483.3.peg.2740.site.20, 4, 143, 147
411483.3.peg.2740.site.21, 3, 140, 143
411483.3.peg.2740.site.22, 7, 146, 153
411483.3.peg.2740.site.23, 8, 148, 156
411483.3.peg.2740.site.24, 9, 148, 157
411483.3.peg.2740.site.25, 90, 138, 228
411483.3.peg.2740.site.26, 3, 152, 155
411483.3.peg.2740.site.27, 17, 146, 163
411483.3.peg.2740.site.28, 0, 151, 151
411483.3.peg.2740.site.29, 3, 152, 155
411483.3.peg.2740.site.30, 3, 153, 156
411483.3.peg.2740.site.31, 86, 143, 229
411483.3.peg.2740.site.32, 4, 153, 157
411483.3.peg.2740.site.33, 0, 150, 150
411483.3.peg.2740.site.34, 11, 151, 162
411483.3.peg.2740.site.35, 1, 150, 151
411483.3.peg.2740.site.36, 3, 155, 158
411483.3.peg.2740.site.37, 3, 154, 157
411483.3.peg.2740.site.38, 0, 153, 153
411483.3.peg.2740.site.39, 0, 150, 150
411483.3.peg.2740.site.40, 0, 148, 148
411483.3.peg.2740.site.41, 0, 149, 149
411483.3.peg.2740.site.42, 3, 154, 157
411483.3.peg.2740.site.43, 0, 152, 152
411483.3.peg.2740.site.44, 2, 155, 157
411483.3.peg.2740.site.45, 0, 150, 150
411483.3.peg.2740.site.46, 102, 139, 241
411483.3.peg.2740.site.47, 8, 147, 155
411483.3.peg.2740.site.48, 2, 148, 150
411483.3.peg.2740.site.49, 0, 143, 143
411483.3.peg.2740.site.50, 7, 135, 142
411483.3.peg.2740.site.51, 0, 132, 132
411483.3.peg.2740.site.52, 11, 132, 143
411483.3.peg.2740.site.53, 0, 123, 123
411483.3.peg.2740.site.54, 47, 115, 162
411483.3.peg.2740.site.55, 3, 118, 121
411483.3.peg.2740.site.56, 6, 109, 115
411483.3.peg.2740.site.57, 2, 86, 88
411483.3.peg.2740.site.58, 3, 97, 100
411483.3.peg.2740.site.59, 13, 93, 106
411483.3.peg.2740.site.60, 5, 86, 91
411483.3.peg.2740.site.61, 7, 78, 85
411483.3.peg.2740.site.62, 1, 72, 73
411483.3.peg.2740.site.63, 7, 70, 77
411483.3.peg.2740.site.64, 16, 79, 95
411483.3.peg.2740.site.65, 91, 91, 182
411483.3.peg.2740.site.66, 7, 103, 110
411483.3.peg.2740.site.67, 1, 123, 124
411483.3.peg.2740.site.68, 3, 130, 133
411483.3.peg.2740.site.69, 1, 132, 133
411483.3.peg.2740.site.70, 1, 119, 120
411483.3.peg.2740.site.71, 2, 113, 115
411483.3.peg.2740.site.72, 3, 108, 111
411483.3.peg.2740.site.73, 2, 109, 111
411483.3.peg.2740.site.74, 1, 94, 95
411483.3.peg.2740.site.75, 6, 99, 105
411483.3.peg.2740.site.76, 11, 96, 107
411483.3.peg.2740.site.77, 2, 96, 98
411483.3.peg.2740.site.78, 2, 82, 84
411483.3.peg.2740.site.79, 18, 70, 88
411483.3.peg.2740.site.80, 21, 74, 95
411483.3.peg.2740.site.81, 1, 70, 71
411483.3.peg.2740.site.82, 1, 96, 97
411483.3.peg.2740.site.83, 5, 100, 105
411483.3.peg.2740.site.84, 44, 124, 168
411483.3.peg.2740.site.85, 8, 139, 147
411483.3.peg.2740.site.86, 2, 149, 151
411483.3.peg.2740.site.87, 3, 149, 152
411483.3.peg.2740.site.88, 0, 147, 147
411483.3.peg.2740.site.89, 12, 145, 157
411483.3.peg.2740.site.90, 19, 145, 164
411483.3.peg.2740.site.91, 1, 149, 150
411483.3.peg.2740.site.92, 0, 148, 148
411483.3.peg.2740.site.93, 12, 150, 162
411483.3.peg.2740.site.94, 28, 143, 171
411483.3.peg.2740.site.95, 0, 153, 153
411483.3.peg.2740.site.96, 1, 150, 151
411483.3.peg.2740.site.97, 4, 152, 156
411483.3.peg.2740.site.98, 15, 146, 161
411483.3.peg.2740.site.99, 1, 151, 152
411483.3.peg.2740.site.100, 1, 150, 151
411483.3.peg.2740.site.101, 17, 142, 159
411483.3.peg.2740.site.102, 0, 150, 150
411483.3.peg.2740.site.103, 0, 150, 150
411483.3.peg.2740.site.104, 0, 154, 154
411483.3.peg.2740.site.105, 10, 154, 164
411483.3.peg.2740.site.106, 1, 148, 149
411483.3.peg.2740.site.107, 5, 149, 154
411483.3.peg.2740.site.108, 66, 138, 204
411483.3.peg.2740.site.109, 0, 150, 150
411483.3.peg.2740.site.110, 3, 148, 151
411483.3.peg.2740.site.111, 6, 150, 156
411483.3.peg.2740.site.112, 10, 150, 160
411483.3.peg.2740.site.113, 5, 148, 153
411483.3.peg.2740.site.114, 5, 150, 155
411483.3.peg.2740.site.115, 23, 145, 168
411483.3.peg.2740.site.116, 0, 151, 151
411483.3.peg.2740.site.117, 16, 148, 164
411483.3.peg.2740.site.118, 19, 145, 164
411483.3.peg.2740.site.119, 24, 144, 168
411483.3.peg.2740.site.120, 1, 150, 151
411483.3.peg.2740.site.121, 2, 147, 149
411483.3.peg.2740.site.122, 35, 138, 173
411483.3.peg.2740.site.123, 2, 109, 111
411483.3.peg.2740.site.124, 75, 105, 180
411483.3.peg.2740.site.125, 1, 102, 103
411483.3.peg.2740.site.126, 2, 106, 108
411483.3.peg.2740.site.127, 0, 112, 112
411483.3.peg.2740.site.128, 36, 105, 141
411483.3.peg.2740.site.129, 2, 109, 111
411483.3.peg.2740.site.130, 1, 119, 120
411483.3.peg.2740.site.131, 2, 113, 115
411483.3.peg.2740.site.132, 4, 100, 104
411483.3.peg.2740.site.133, 3, 91, 94
411483.3.peg.2740.site.134, 2, 76, 78
411483.3.peg.2740.site.135, 52, 69, 121
411483.3.peg.2740.site.136, 48, 68, 116
411483.3.peg.2740.site.137, 1, 83, 84
411483.3.peg.2740.site.138, 1, 108, 109
411483.3.peg.2740.site.139, 1, 113, 114
411483.3.peg.2740.site.140, 0, 115, 115
411483.3.peg.2740.site.141, 15, 142, 157
411483.3.peg.2740.site.142, 1, 149, 150
411483.3.peg.2740.site.143, 0, 151, 151
411483.3.peg.2740.site.144, 0, 144, 144
411483.3.peg.2740.site.145, 2, 140, 142
411483.3.peg.2740.site.146, 14, 129, 143
411483.3.peg.2740.site.147, 0, 125, 125
411483.3.peg.2740.site.148, 1, 115, 116
411483.3.peg.2740.site.149, 19, 99, 118
411483.3.peg.2740.site.150, 32, 100, 132
411483.3.peg.2740.site.151, 2, 138, 140
411483.3.peg.2740.site.152, 1, 135, 136
411483.3.peg.2740.site.153, 0, 129, 129
411483.3.peg.2740.site.154, 1, 139, 140
411483.3.peg.2740.site.155, 5, 140, 145
411483.3.peg.2740.site.156, 1, 140, 141
411483.3.peg.2740.site.157, 2, 137, 139
411483.3.peg.2740.site.158, 1, 138, 139
411483.3.peg.2740.site.159, 2, 139, 141
411483.3.peg.2740.site.160, 60, 126, 186
411483.3.peg.2740.site.161, 1, 130, 131
411483.3.peg.2740.site.162, 44, 125, 169
411483.3.peg.2740.site.163, 0, 135, 135
411483.3.peg.2740.site.164, 1, 137, 138
411483.3.peg.2740.site.165, 0, 145, 145
411483.3.peg.2740.site.166, 1, 149, 150
411483.3.peg.2740.site.167, 1, 153, 154
411483.3.peg.2740.site.168, 4, 150, 154
411483.3.peg.2740.site.169, 4, 152, 156
411483.3.peg.2740.site.170, 0, 155, 155
411483.3.peg.2740.site.171, 3, 155, 158
411483.3.peg.2740.site.172, 12, 152, 164
411483.3.peg.2740.site.173, 3, 154, 157
411483.3.peg.2740.site.174, 77, 147, 224
411483.3.peg.2740.site.175, 1, 154, 155
411483.3.peg.2740.site.176, 20, 149, 169
411483.3.peg.2740.site.177, 0, 154, 154
411483.3.peg.2740.site.178, 22, 148, 170
411483.3.peg.2218.site.1, 6, 154, 160
411483.3.peg.2218.site.2, 6, 154, 160
411483.3.peg.2218.site.3, 4, 153, 157
411483.3.peg.2218.site.4, 0, 153, 153
411483.3.peg.2218.site.5, 3, 155, 158
411483.3.peg.2218.site.6, 2, 153, 155
411483.3.peg.2218.site.7, 4, 147, 151
411483.3.peg.2218.site.8, 1, 151, 152
411483.3.peg.2218.site.9, 116, 136, 252
411483.3.peg.2218.site.10, 7, 143, 150
411483.3.peg.2218.site.11, 0, 141, 141
411483.3.peg.2218.site.12, 5, 149, 154
411483.3.peg.2218.site.13, 41, 140, 181
411483.3.peg.2218.site.14, 16, 149, 165
411483.3.peg.2218.site.15, 2, 152, 154
411483.3.peg.2218.site.16, 22, 147, 169
411483.3.peg.2218.site.17, 1, 154, 155
411483.3.peg.2218.site.18, 13, 150, 163
411483.3.peg.2218.site.19, 128, 148, 276
411483.3.peg.2218.site.20, 6, 152, 158
411483.3.peg.2218.site.21, 139, 152, 291
411483.3.peg.2218.site.22, 4, 149, 153
411483.3.peg.2218.site.23, 12, 154, 166
411483.3.peg.2218.site.24, 13, 151, 164
411483.3.peg.2218.site.25, 1, 155, 156
411483.3.peg.2218.site.26, 2, 155, 157
411483.3.peg.2218.site.27, 64, 147, 211
411483.3.peg.2218.site.28, 16, 148, 164
411483.3.peg.2218.site.29, 0, 152, 152
411483.3.peg.2218.site.30, 5, 153, 158
411483.3.peg.2218.site.31, 25, 144, 169
411483.3.peg.2218.site.32, 3, 151, 154
411483.3.peg.2218.site.33, 7, 151, 158
411483.3.peg.2218.site.34, 53, 146, 199
411483.3.peg.2218.site.35, 1, 153, 154
411483.3.peg.2218.site.36, 2, 152, 154
411483.3.peg.2218.site.37, 8, 153, 161
411483.3.peg.2218.site.38, 134, 150, 284
411483.3.peg.2218.site.39, 85, 141, 226
411483.3.peg.2218.site.40, 20, 143, 163
411483.3.peg.2218.site.41, 9, 148, 157
411483.3.peg.2218.site.42, 1, 144, 145
411483.3.peg.2218.site.43, 71, 131, 202
411483.3.peg.2218.site.44, 5, 123, 128
411483.3.peg.2218.site.45, 1, 129, 130
411483.3.peg.2218.site.46, 12, 126, 138
411483.3.peg.2218.site.47, 1, 131, 132
411483.3.peg.2218.site.48, 2, 126, 128
411483.3.peg.2218.site.49, 0, 141, 141
411483.3.peg.2218.site.50, 2, 142, 144
411483.3.peg.2218.site.51, 2, 148, 150
411483.3.peg.2218.site.52, 2, 149, 151
411483.3.peg.2218.site.53, 2, 153, 155
411483.3.peg.2218.site.54, 1, 153, 154
411483.3.peg.2218.site.55, 5, 151, 156
411483.3.peg.2218.site.56, 1, 152, 153
411483.3.peg.2218.site.57, 2, 151, 153
411483.3.peg.2218.site.58, 3, 152, 155
411483.3.peg.2218.site.59, 2, 152, 154
411483.3.peg.2218.site.60, 1, 155, 156
411483.3.peg.2218.site.61, 3, 154, 157
411483.3.peg.2218.site.62, 12, 150, 162
411483.3.peg.2218.site.63, 67, 146, 213
411483.3.peg.2218.site.64, 1, 154, 155
411483.3.peg.2218.site.65, 10, 153, 163
411483.3.peg.2218.site.66, 7, 152, 159
411483.3.peg.2218.site.67, 1, 153, 154
411483.3.peg.2218.site.68, 52, 144, 196
411483.3.peg.2218.site.69, 6, 153, 159
411483.3.peg.2218.site.70, 15, 149, 164
411483.3.peg.2218.site.71, 3, 150, 153
411483.3.peg.2218.site.72, 2, 151, 153
411483.3.peg.2218.site.73, 1, 152, 153
411483.3.peg.2218.site.74, 5, 146, 151
411483.3.peg.2218.site.75, 1, 143, 144
411483.3.peg.2218.site.76, 3, 142, 145
411483.3.peg.2218.site.77, 4, 152, 156
411483.3.peg.2218.site.78, 0, 152, 152
411483.3.peg.2218.site.79, 155, 155, 310
411483.3.peg.2218.site.80, 1, 153, 154
411483.3.peg.2218.site.81, 2, 152, 154
411483.3.peg.2218.site.82, 45, 146, 191
411483.3.peg.2218.site.83, 2, 155, 157
411483.3.peg.2218.site.84, 0, 154, 154
411483.3.peg.2218.site.85, 15, 154, 169
411483.3.peg.2218.site.86, 2, 155, 157
411483.3.peg.2218.site.87, 2, 154, 156
411483.3.peg.2218.site.88, 10, 149, 159
411483.3.peg.2218.site.89, 2, 155, 157
411483.3.peg.2218.site.90, 23, 151, 174
411483.3.peg.2218.site.91, 28, 146, 174
411483.3.peg.2218.site.92, 1, 154, 155
411483.3.peg.2218.site.93, 4, 154, 158
411483.3.peg.2218.site.94, 12, 153, 165
411483.3.peg.2218.site.95, 2, 154, 156
411483.3.peg.2218.site.96, 9, 152, 161
411483.3.peg.2218.site.97, 23, 151, 174
411483.3.peg.2218.site.98, 132, 151, 283
411483.3.peg.2741.site.1, 15, 151, 166
411483.3.peg.2741.site.2, 16, 144, 160
411483.3.peg.2741.site.3, 2, 152, 154
411483.3.peg.2741.site.4, 22, 147, 169
411483.3.peg.2741.site.5, 2, 145, 147
411483.3.peg.2741.site.6, 4, 147, 151
411483.3.peg.2741.site.7, 1, 145, 146
411483.3.peg.2741.site.8, 1, 147, 148
411483.3.peg.2741.site.9, 1, 146, 147
411483.3.peg.2741.site.10, 1, 148, 149
411483.3.peg.2741.site.11, 0, 151, 151
411483.3.peg.2741.site.12, 1, 149, 150
411483.3.peg.2741.site.13, 1, 151, 152
411483.3.peg.2741.site.14, 1, 149, 150
411483.3.peg.2741.site.15, 1, 149, 150
411483.3.peg.2741.site.16, 2, 150, 152
411483.3.peg.2741.site.17, 2, 147, 149
411483.3.peg.2741.site.18, 108, 144, 252
411483.3.peg.2741.site.19, 60, 141, 201
411483.3.peg.2741.site.20, 5, 154, 159
411483.3.peg.2741.site.21, 70, 143, 213
411483.3.peg.2741.site.22, 152, 153, 305
411483.3.peg.2741.site.23, 1, 154, 155
411483.3.peg.2741.site.24, 6, 150, 156
411483.3.peg.2741.site.25, 0, 154, 154
411483.3.peg.2741.site.26, 135, 150, 285
411483.3.peg.2741.site.27, 0, 152, 152
411483.3.peg.2741.site.28, 1, 152, 153
411483.3.peg.2741.site.29, 2, 154, 156
411483.3.peg.2741.site.30, 8, 152, 160
411483.3.peg.2741.site.31, 1, 155, 156
411483.3.peg.2741.site.32, 0, 155, 155
411483.3.peg.2741.site.33, 2, 153, 155
411483.3.peg.2741.site.34, 1, 154, 155
411483.3.peg.2741.site.35, 0, 154, 154
411483.3.peg.2741.site.36, 1, 154, 155
411483.3.peg.2741.site.37, 1, 155, 156
411483.3.peg.2741.site.38, 2, 154, 156
411483.3.peg.2741.site.39, 7, 155, 162
411483.3.peg.2741.site.40, 0, 155, 155
411483.3.peg.2741.site.41, 1, 155, 156
411483.3.peg.2741.site.42, 20, 148, 168
411483.3.peg.2741.site.43, 2, 154, 156
411483.3.peg.2741.site.44, 2, 154, 156
411483.3.peg.2741.site.45, 0, 153, 153
411483.3.peg.2741.site.46, 9, 153, 162
411483.3.peg.2741.site.47, 21, 147, 168
411483.3.peg.2741.site.48, 18, 152, 170
411483.3.peg.2741.site.49, 4, 151, 155
411483.3.peg.2741.site.50, 1, 148, 149
411483.3.peg.2741.site.51, 3, 151, 154
411483.3.peg.2741.site.52, 23, 143, 166
411483.3.peg.2741.site.53, 1, 153, 154
411483.3.peg.2741.site.54, 2, 150, 152
411483.3.peg.2741.site.55, 119, 142, 261
411483.3.peg.2741.site.56, 2, 154, 156
411483.3.peg.2741.site.57, 9, 153, 162
411483.3.peg.2741.site.58, 0, 154, 154
411483.3.peg.2741.site.59, 1, 152, 153
411483.3.peg.2741.site.60, 1, 151, 152
411483.3.peg.2741.site.61, 0, 152, 152
411483.3.peg.2741.site.62, 1, 154, 155
411483.3.peg.2741.site.63, 6, 155, 161
411483.3.peg.2741.site.64, 2, 153, 155
411483.3.peg.2741.site.65, 7, 154, 161
411483.3.peg.2741.site.66, 35, 144, 179
411483.3.peg.2741.site.67, 5, 153, 158
411483.3.peg.2741.site.68, 8, 146, 154
411483.3.peg.2741.site.69, 6, 143, 149
411483.3.peg.2741.site.70, 2, 142, 144
411483.3.peg.2741.site.71, 1, 143, 144
411483.3.peg.2212.site.1, 2, 68, 70
411483.3.peg.2212.site.2, 2, 70, 72
411483.3.peg.2212.site.3, 0, 81, 81
411483.3.peg.2212.site.4, 3, 97, 100
411483.3.peg.2212.site.5, 1, 97, 98
411483.3.peg.2212.site.6, 1, 92, 93
411483.3.peg.2212.site.7, 1, 121, 122
411483.3.peg.2212.site.8, 1, 128, 129
411483.3.peg.2212.site.9, 10, 132, 142
411483.3.peg.2212.site.10, 1, 138, 139
411483.3.peg.2212.site.11, 3, 143, 146
411483.3.peg.2212.site.12, 2, 148, 150
411483.3.peg.2212.site.13, 3, 145, 148
411483.3.peg.2212.site.14, 2, 144, 146
411483.3.peg.2212.site.15, 2, 143, 145
411483.3.peg.2212.site.16, 0, 135, 135
411483.3.peg.2212.site.17, 119, 129, 248
411483.3.peg.2212.site.18, 21, 131, 152
411483.3.peg.2212.site.19, 2, 131, 133
411483.3.peg.2212.site.20, 11, 120, 131
411483.3.peg.2212.site.21, 14, 142, 156
411483.3.peg.2212.site.22, 1, 147, 148
411483.3.peg.2212.site.23, 7, 148, 155
411483.3.peg.2212.site.24, 7, 148, 155
411483.3.peg.2212.site.25, 10, 147, 157
411483.3.peg.2212.site.26, 2, 146, 148
411483.3.peg.2212.site.27, 14, 140, 154
411483.3.peg.2212.site.28, 134, 134, 268
411483.3.peg.2212.site.29, 3, 131, 134
411483.3.peg.2212.site.30, 2, 136, 138
411483.3.peg.2212.site.31, 1, 138, 139
411483.3.peg.2212.site.32, 0, 140, 140
411483.3.peg.2212.site.33, 0, 137, 137
411483.3.peg.2212.site.34, 3, 147, 150
411483.3.peg.2212.site.35, 1, 147, 148
411483.3.peg.2212.site.36, 87, 134, 221
411483.3.peg.2213.site.1, 0, 131, 131
411483.3.peg.2213.site.2, 9, 112, 121
411483.3.peg.2213.site.3, 3, 99, 102
411483.3.peg.2213.site.4, 1, 103, 104
411483.3.peg.2213.site.5, 1, 104, 105
411483.3.peg.2213.site.6, 1, 104, 105
411483.3.peg.2213.site.7, 6, 118, 124
411483.3.peg.2213.site.8, 29, 113, 142
411483.3.peg.2213.site.9, 32, 108, 140
411483.3.peg.2213.site.10, 2, 137, 139
411483.3.peg.2213.site.11, 7, 138, 145
411483.3.peg.2213.site.12, 2, 143, 145
411483.3.peg.2213.site.13, 5, 146, 151
411483.3.peg.2213.site.14, 2, 149, 151
411483.3.peg.2213.site.15, 2, 152, 154
411483.3.peg.2213.site.16, 3, 154, 157
411483.3.peg.2213.site.17, 4, 150, 154
411483.3.peg.2213.site.18, 26, 147, 173
411483.3.peg.2213.site.19, 0, 153, 153
411483.3.peg.2213.site.20, 12, 149, 161
411483.3.peg.2213.site.21, 1, 152, 153
411483.3.peg.2213.site.22, 2, 154, 156
411483.3.peg.2213.site.23, 1, 154, 155
411483.3.peg.2213.site.24, 4, 153, 157
411483.3.peg.2213.site.25, 9, 149, 158
411483.3.peg.2213.site.26, 0, 153, 153
411483.3.peg.2213.site.27, 10, 149, 159
411483.3.peg.2213.site.28, 1, 152, 153
411483.3.peg.2213.site.29, 34, 141, 175
411483.3.peg.2213.site.30, 4, 140, 144
411483.3.peg.2213.site.31, 40, 125, 165
411483.3.peg.2213.site.32, 1, 130, 131
411483.3.peg.2213.site.33, 4, 126, 130
411483.3.peg.2213.site.34, 0, 127, 127
411483.3.peg.2213.site.35, 129, 129, 258
411483.3.peg.2213.site.36, 2, 141, 143
411483.3.peg.2213.site.37, 1, 144, 145
411483.3.peg.2213.site.38, 2, 143, 145
411483.3.peg.2213.site.39, 0, 144, 144
411483.3.peg.2213.site.40, 34, 138, 172
411483.3.peg.2213.site.41, 0, 145, 145
411483.3.peg.2213.site.42, 5, 147, 152
411483.3.peg.2213.site.43, 0, 150, 150
411483.3.peg.2213.site.44, 1, 150, 151
411483.3.peg.2213.site.45, 3, 153, 156
411483.3.peg.2213.site.46, 9, 152, 161
411483.3.peg.2213.site.47, 0, 152, 152
411483.3.peg.2213.site.48, 5, 153, 158
411483.3.peg.2213.site.49, 0, 152, 152
411483.3.peg.2213.site.50, 5, 155, 160
411483.3.peg.2213.site.51, 12, 149, 161
411483.3.peg.2213.site.52, 1, 147, 148
411483.3.peg.2213.site.53, 0, 151, 151
411483.3.peg.2213.site.54, 2, 151, 153
411483.3.peg.2213.site.55, 1, 148, 149
411483.3.peg.2213.site.56, 0, 148, 148
411483.3.peg.2213.site.57, 1, 151, 152
411483.3.peg.2213.site.58, 5, 145, 150
411483.3.peg.2213.site.59, 140, 140, 280
411483.3.peg.2213.site.60, 69, 140, 209
411483.3.peg.2213.site.61, 14, 146, 160
411483.3.peg.2213.site.62, 53, 140, 193
411483.3.peg.2213.site.63, 1, 150, 151
411483.3.peg.2213.site.64, 0, 149, 149
411483.3.peg.2213.site.65, 2, 152, 154
411483.3.peg.2213.site.66, 0, 152, 152
411483.3.peg.2213.site.67, 3, 154, 157
411483.3.peg.2213.site.68, 2, 154, 156
411483.3.peg.2213.site.69, 5, 154, 159
411483.3.peg.2213.site.70, 1, 154, 155
411483.3.peg.2213.site.71, 0, 155, 155
411483.3.peg.2213.site.72, 1, 155, 156
411483.3.peg.2213.site.73, 4, 154, 158
411483.3.peg.2213.site.74, 6, 149, 155
411483.3.peg.2213.site.75, 1, 153, 154
411483.3.peg.2213.site.76, 1, 152, 153
411483.3.peg.2213.site.77, 23, 145, 168
411483.3.peg.2213.site.78, 2, 151, 153
411483.3.peg.2213.site.79, 3, 148, 151
411483.3.peg.2213.site.80, 142, 142, 284
411483.3.peg.2213.site.81, 1, 146, 147
411483.3.peg.2213.site.82, 2, 148, 150
411483.3.peg.2213.site.83, 7, 146, 153
411483.3.peg.2213.site.84, 11, 150, 161
411483.3.peg.2213.site.85, 2, 148, 150
411483.3.peg.2213.site.86, 1, 155, 156
411483.3.peg.2213.site.87, 0, 154, 154
411483.3.peg.2213.site.88, 1, 155, 156
411483.3.peg.2213.site.89, 6, 153, 159
411483.3.peg.2213.site.90, 5, 155, 160
411483.3.peg.2213.site.91, 4, 155, 159
411483.3.peg.2213.site.92, 1, 154, 155
411483.3.peg.2213.site.93, 1, 155, 156
411483.3.peg.2210.site.1, 0, 153, 153
411483.3.peg.2210.site.2, 4, 155, 159
411483.3.peg.2210.site.3, 2, 154, 156
411483.3.peg.2210.site.4, 7, 148, 155
411483.3.peg.2210.site.5, 43, 142, 185
411483.3.peg.2210.site.6, 1, 149, 150
411483.3.peg.2210.site.7, 2, 150, 152
411483.3.peg.2210.site.8, 3, 152, 155
411483.3.peg.2210.site.9, 8, 154, 162
411483.3.peg.2210.site.10, 2, 154, 156
411483.3.peg.2210.site.11, 12, 150, 162
411483.3.peg.2210.site.12, 23, 142, 165
411483.3.peg.2210.site.13, 3, 151, 154
411483.3.peg.2210.site.14, 2, 149, 151
411483.3.peg.2210.site.15, 53, 142, 195
411483.3.peg.2210.site.16, 20, 148, 168
411483.3.peg.2210.site.17, 1, 151, 152
411483.3.peg.2210.site.18, 5, 150, 155
411483.3.peg.2210.site.19, 16, 134, 150
411483.3.peg.2210.site.20, 13, 138, 151
411483.3.peg.2210.site.21, 0, 137, 137
411483.3.peg.2210.site.22, 0, 138, 138
411483.3.peg.2210.site.23, 21, 137, 158
411483.3.peg.2210.site.24, 21, 125, 146
411483.3.peg.2210.site.25, 1, 133, 134
411483.3.peg.2210.site.26, 8, 133, 141
411483.3.peg.2210.site.27, 61, 125, 186
411483.3.peg.2210.site.28, 10, 139, 149
411483.3.peg.2210.site.29, 5, 139, 144
411483.3.peg.2210.site.30, 9, 137, 146
411483.3.peg.2210.site.31, 1, 135, 136
411483.3.peg.2210.site.32, 4, 126, 130
411483.3.peg.2210.site.33, 4, 140, 144
411483.3.peg.2210.site.34, 2, 142, 144
411483.3.peg.2210.site.35, 16, 138, 154
411483.3.peg.2210.site.36, 2, 139, 141
411483.3.peg.2210.site.37, 3, 141, 144
411483.3.peg.2210.site.38, 6, 136, 142
411483.3.peg.2210.site.39, 1, 138, 139
411483.3.peg.2210.site.40, 11, 142, 153
411483.3.peg.2210.site.41, 0, 153, 153
411483.3.peg.2210.site.42, 1, 154, 155
411483.3.peg.2210.site.43, 1, 154, 155
411483.3.peg.2210.site.44, 53, 142, 195
411483.3.peg.2210.site.45, 18, 149, 167
411483.3.peg.2210.site.46, 7, 154, 161
411483.3.peg.2210.site.47, 7, 155, 162
411483.3.peg.2210.site.48, 8, 155, 163
411483.3.peg.2210.site.49, 7, 154, 161
411483.3.peg.2210.site.50, 35, 151, 186
411483.3.peg.2210.site.51, 0, 151, 151
411483.3.peg.2211.site.1, 57, 141, 198
411483.3.peg.2211.site.2, 1, 152, 153
411483.3.peg.2211.site.3, 1, 152, 153
411483.3.peg.2211.site.4, 12, 149, 161
411483.3.peg.2211.site.5, 0, 152, 152
411483.3.peg.2211.site.6, 2, 152, 154
411483.3.peg.2211.site.7, 17, 148, 165
411483.3.peg.2211.site.8, 1, 152, 153
411483.3.peg.2211.site.9, 4, 151, 155
411483.3.peg.2211.site.10, 1, 154, 155
411483.3.peg.2211.site.11, 1, 154, 155
411483.3.peg.2211.site.12, 11, 152, 163
411483.3.peg.2211.site.13, 122, 150, 272
411483.3.peg.2211.site.14, 9, 155, 164
411483.3.peg.2211.site.15, 58, 148, 206
411483.3.peg.2211.site.16, 58, 151, 209
411483.3.peg.2211.site.17, 5, 152, 157
411483.3.peg.2211.site.18, 2, 139, 141
411483.3.peg.2211.site.19, 1, 131, 132
411483.3.peg.2211.site.20, 45, 123, 168
411483.3.peg.2211.site.21, 3, 135, 138
411483.3.peg.2211.site.22, 7, 129, 136
411483.3.peg.2211.site.23, 4, 122, 126
411483.3.peg.2211.site.24, 1, 115, 116
411483.3.peg.2211.site.25, 6, 119, 125
411483.3.peg.2211.site.26, 0, 107, 107
411483.3.peg.2211.site.27, 2, 101, 103
411483.3.peg.2211.site.28, 33, 88, 121
411483.3.peg.2211.site.29, 33, 87, 120
411483.3.peg.2211.site.30, 2, 105, 107
411483.3.peg.2211.site.31, 2, 121, 123
411483.3.peg.2211.site.32, 92, 122, 214
411483.3.peg.2211.site.33, 2, 129, 131
411483.3.peg.2211.site.34, 7, 139, 146
411483.3.peg.2211.site.35, 2, 147, 149
411483.3.peg.2211.site.36, 52, 139, 191
411483.3.peg.2211.site.37, 2, 147, 149
411483.3.peg.2211.site.38, 46, 140, 186
411483.3.peg.2211.site.39, 45, 134, 179
411483.3.peg.2211.site.40, 3, 146, 149
411483.3.peg.2211.site.41, 0, 144, 144
411483.3.peg.2211.site.42, 0, 137, 137
411483.3.peg.2211.site.43, 3, 142, 145
411483.3.peg.2211.site.44, 3, 138, 141
411483.3.peg.2211.site.45, 6, 132, 138
411483.3.peg.2211.site.46, 3, 137, 140
411483.3.peg.2211.site.47, 4, 131, 135
411483.3.peg.2211.site.48, 1, 133, 134
411483.3.peg.2211.site.49, 0, 132, 132
411483.3.peg.2211.site.50, 5, 120, 125
411483.3.peg.2211.site.51, 2, 122, 124
411483.3.peg.2211.site.52, 6, 112, 118
411483.3.peg.2211.site.53, 7, 100, 107
411483.3.peg.2211.site.54, 0, 97, 97
411483.3.peg.2211.site.55, 32, 89, 121
411483.3.peg.2211.site.56, 31, 95, 126
411483.3.peg.2211.site.57, 0, 113, 113
411483.3.peg.2211.site.58, 1, 119, 120
411483.3.peg.2211.site.59, 0, 119, 119
411483.3.peg.2211.site.60, 28, 108, 136
411483.3.peg.2211.site.61, 0, 121, 121
411483.3.peg.2211.site.62, 3, 122, 125
411483.3.peg.2211.site.63, 0, 118, 118
411483.3.peg.2211.site.64, 2, 115, 117
411483.3.peg.2211.site.65, 3, 135, 138
411483.3.peg.2211.site.66, 1, 138, 139
411483.3.peg.2211.site.67, 1, 137, 138
411483.3.peg.2211.site.68, 7, 137, 144
411483.3.peg.2211.site.69, 2, 149, 151
411483.3.peg.2211.site.70, 0, 143, 143
411483.3.peg.2211.site.71, 19, 141, 160
411483.3.peg.2211.site.72, 1, 147, 148
411483.3.peg.2211.site.73, 7, 144, 151
411483.3.peg.2211.site.74, 1, 153, 154
411483.3.peg.2211.site.75, 3, 153, 156
411483.3.peg.2211.site.76, 2, 153, 155
411483.3.peg.2211.site.77, 3, 153, 156
411483.3.peg.2211.site.78, 50, 144, 194
411483.3.peg.2211.site.79, 15, 147, 162
411483.3.peg.2211.site.80, 24, 150, 174
411483.3.peg.2211.site.81, 3, 153, 156
411483.3.peg.2211.site.82, 21, 150, 171
411483.3.peg.2211.site.83, 10, 153, 163
411483.3.peg.2211.site.84, 1, 151, 152
411483.3.peg.2211.site.85, 9, 148, 157
411483.3.peg.2216.site.1, 1, 155, 156
411483.3.peg.2216.site.2, 75, 142, 217
411483.3.peg.2216.site.3, 45, 144, 189
411483.3.peg.2216.site.4, 8, 154, 162
411483.3.peg.2216.site.5, 49, 143, 192
411483.3.peg.2216.site.6, 2, 153, 155
411483.3.peg.2216.site.7, 3, 153, 156
411483.3.peg.2216.site.8, 7, 150, 157
411483.3.peg.2216.site.9, 7, 147, 154
411483.3.peg.2216.site.10, 0, 154, 154
411483.3.peg.2216.site.11, 2, 154, 156
411483.3.peg.2216.site.12, 2, 154, 156
411483.3.peg.2216.site.13, 146, 150, 296
411483.3.peg.2216.site.14, 140, 150, 290
411483.3.peg.2216.site.15, 3, 149, 152
411483.3.peg.2216.site.16, 0, 149, 149
411483.3.peg.2216.site.17, 1, 153, 154
411483.3.peg.2216.site.18, 5, 149, 154
411483.3.peg.2216.site.19, 4, 153, 157
411483.3.peg.2216.site.20, 6, 151, 157
411483.3.peg.2216.site.21, 2, 144, 146
411483.3.peg.2216.site.22, 2, 144, 146
411483.3.peg.2216.site.23, 4, 150, 154
411483.3.peg.2216.site.24, 5, 152, 157
411483.3.peg.2216.site.25, 5, 155, 160
411483.3.peg.2216.site.26, 3, 155, 158
411483.3.peg.2216.site.27, 1, 155, 156
411483.3.peg.2216.site.28, 9, 154, 163
411483.3.peg.2216.site.29, 1, 155, 156
411483.3.peg.2216.site.30, 23, 151, 174
411483.3.peg.2216.site.31, 2, 152, 154
411483.3.peg.2216.site.32, 4, 152, 156
411483.3.peg.2216.site.33, 1, 152, 153
411483.3.peg.2216.site.34, 149, 151, 300
411483.3.peg.2216.site.35, 3, 150, 153
411483.3.peg.2216.site.36, 0, 147, 147
411483.3.peg.2216.site.37, 1, 146, 147
411483.3.peg.2216.site.38, 18, 149, 167
411483.3.peg.2216.site.39, 5, 145, 150
411483.3.peg.2216.site.40, 0, 150, 150
411483.3.peg.2216.site.41, 4, 148, 152
411483.3.peg.2216.site.42, 148, 150, 298
411483.3.peg.2216.site.43, 2, 152, 154
411483.3.peg.2216.site.44, 0, 151, 151
411483.3.peg.2216.site.45, 4, 150, 154
411483.3.peg.2216.site.46, 3, 150, 153
411483.3.peg.2216.site.47, 145, 150, 295
411483.3.peg.2216.site.48, 6, 149, 155
411483.3.peg.2216.site.49, 1, 147, 148
411483.3.peg.2216.site.50, 2, 133, 135
411483.3.peg.2216.site.51, 17, 137, 154
411483.3.peg.2216.site.52, 12, 139, 151
411483.3.peg.2216.site.53, 1, 137, 138
411483.3.peg.2216.site.54, 1, 140, 141
411483.3.peg.2216.site.55, 5, 142, 147
411483.3.peg.2216.site.56, 1, 145, 146
411483.3.peg.2216.site.57, 8, 146, 154
411483.3.peg.2216.site.58, 2, 147, 149
411483.3.peg.2216.site.59, 9, 149, 158
411483.3.peg.2216.site.60, 7, 151, 158
411483.3.peg.2216.site.61, 38, 146, 184
411483.3.peg.2216.site.62, 2, 153, 155
411483.3.peg.2216.site.63, 1, 155, 156
411483.3.peg.2216.site.64, 61, 145, 206
411483.3.peg.2216.site.65, 9, 150, 159
411483.3.peg.2216.site.66, 1, 145, 146
411483.3.peg.2216.site.67, 7, 138, 145
411483.3.peg.2216.site.68, 6, 142, 148
411483.3.peg.2216.site.69, 1, 149, 150
411483.3.peg.2216.site.70, 3, 147, 150
411483.3.peg.2216.site.71, 1, 148, 149
411483.3.peg.2216.site.72, 2, 150, 152
411483.3.peg.2216.site.73, 45, 146, 191
411483.3.peg.2216.site.74, 98, 147, 245
411483.3.peg.2216.site.75, 2, 153, 155
411483.3.peg.2216.site.76, 2, 152, 154
411483.3.peg.2216.site.77, 2, 152, 154
411483.3.peg.2216.site.78, 4, 153, 157
411483.3.peg.2216.site.79, 0, 152, 152
411483.3.peg.2216.site.80, 136, 146, 282
411483.3.peg.2216.site.81, 4, 149, 153
411483.3.peg.2216.site.82, 3, 148, 151
411483.3.peg.2216.site.83, 1, 148, 149
411483.3.peg.2216.site.84, 1, 150, 151
411483.3.peg.2216.site.85, 5, 145, 150
411483.3.peg.2216.site.86, 6, 146, 152
411483.3.peg.2216.site.87, 5, 146, 151
411483.3.peg.2216.site.88, 123, 146, 269
411483.3.peg.2216.site.89, 1, 144, 145
411483.3.peg.2216.site.90, 52, 136, 188
411483.3.peg.2216.site.91, 1, 153, 154
411483.3.peg.2216.site.92, 0, 151, 151
411483.3.peg.2216.site.93, 4, 151, 155
411483.3.peg.2216.site.94, 2, 153, 155
411483.3.peg.2216.site.95, 16, 152, 168
411483.3.peg.2216.site.96, 2, 152, 154
411483.3.peg.2216.site.97, 1, 154, 155
411483.3.peg.2217.site.1, 4, 151, 155
411483.3.peg.2217.site.2, 8, 150, 158
411483.3.peg.2217.site.3, 55, 140, 195
411483.3.peg.2217.site.4, 8, 149, 157
411483.3.peg.2217.site.5, 66, 142, 208
411483.3.peg.2217.site.6, 1, 155, 156
411483.3.peg.2217.site.7, 49, 136, 185
411483.3.peg.2217.site.8, 0, 147, 147
411483.3.peg.2217.site.9, 0, 152, 152
411483.3.peg.2217.site.10, 1, 148, 149
411483.3.peg.2217.site.11, 1, 155, 156
411483.3.peg.2217.site.12, 2, 145, 147
411483.3.peg.2217.site.13, 0, 155, 155
411483.3.peg.2217.site.14, 1, 155, 156
411483.3.peg.2217.site.15, 9, 153, 162
411483.3.peg.2217.site.16, 3, 153, 156
411483.3.peg.2217.site.17, 4, 154, 158
411483.3.peg.2217.site.18, 0, 151, 151
411483.3.peg.2217.site.19, 2, 152, 154
411483.3.peg.2217.site.20, 50, 142, 192
411483.3.peg.2217.site.21, 3, 148, 151
411483.3.peg.2217.site.22, 2, 146, 148
411483.3.peg.2217.site.23, 58, 140, 198
411483.3.peg.2217.site.24, 1, 139, 140
411483.3.peg.2217.site.25, 1, 145, 146
411483.3.peg.2217.site.26, 3, 139, 142
411483.3.peg.2217.site.27, 2, 138, 140
411483.3.peg.2217.site.28, 8, 144, 152
411483.3.peg.2217.site.29, 0, 143, 143
411483.3.peg.2217.site.30, 147, 147, 294
411483.3.peg.2217.site.31, 4, 148, 152
411483.3.peg.2217.site.32, 1, 147, 148
411483.3.peg.2217.site.33, 44, 138, 182
411483.3.peg.2217.site.34, 12, 140, 152
411483.3.peg.2217.site.35, 0, 145, 145
411483.3.peg.2217.site.36, 2, 138, 140
411483.3.peg.2217.site.37, 1, 137, 138
411483.3.peg.2217.site.38, 1, 142, 143
411483.3.peg.2217.site.39, 0, 145, 145
411483.3.peg.2217.site.40, 9, 140, 149
411483.3.peg.2217.site.41, 8, 141, 149
411483.3.peg.2217.site.42, 3, 126, 129
411483.3.peg.2217.site.43, 1, 94, 95
411483.3.peg.2217.site.44, 4, 105, 109
411483.3.peg.2217.site.45, 2, 122, 124
411483.3.peg.2217.site.46, 3, 144, 147
411483.3.peg.2214.site.1, 0, 153, 153
411483.3.peg.2214.site.2, 1, 154, 155
411483.3.peg.2214.site.3, 11, 150, 161
411483.3.peg.2214.site.4, 43, 141, 184
411483.3.peg.2214.site.5, 0, 149, 149
411483.3.peg.2214.site.6, 8, 140, 148
411483.3.peg.2214.site.7, 7, 143, 150
411483.3.peg.2214.site.8, 2, 148, 150
411483.3.peg.2214.site.9, 0, 147, 147
411483.3.peg.2214.site.10, 3, 151, 154
411483.3.peg.2214.site.11, 6, 153, 159
411483.3.peg.2214.site.12, 2, 152, 154
411483.3.peg.2214.site.13, 7, 148, 155
411483.3.peg.2214.site.14, 4, 149, 153
411483.3.peg.2214.site.15, 4, 147, 151
411483.3.peg.2214.site.16, 56, 133, 189
411483.3.peg.2214.site.17, 3, 148, 151
411483.3.peg.2214.site.18, 2, 151, 153
411483.3.peg.2214.site.19, 2, 149, 151
411483.3.peg.2214.site.20, 4, 147, 151
411483.3.peg.2214.site.21, 10, 141, 151
411483.3.peg.2214.site.22, 2, 139, 141
411483.3.peg.2214.site.23, 26, 139, 165
411483.3.peg.2214.site.24, 58, 137, 195
411483.3.peg.2214.site.25, 1, 147, 148
411483.3.peg.2214.site.26, 0, 149, 149
411483.3.peg.2214.site.27, 67, 140, 207
411483.3.peg.2214.site.28, 2, 154, 156
411483.3.peg.2214.site.29, 1, 153, 154
411483.3.peg.2214.site.30, 13, 149, 162
411483.3.peg.2214.site.31, 3, 152, 155
411483.3.peg.2214.site.32, 10, 152, 162
411483.3.peg.2214.site.33, 6, 150, 156
411483.3.peg.2214.site.34, 3, 150, 153
411483.3.peg.2214.site.35, 30, 147, 177
411483.3.peg.2214.site.36, 3, 150, 153
411483.3.peg.2214.site.37, 6, 142, 148
411483.3.peg.2214.site.38, 1, 142, 143
411483.3.peg.2214.site.39, 1, 141, 142
411483.3.peg.2214.site.40, 7, 143, 150
411483.3.peg.2214.site.41, 46, 137, 183
411483.3.peg.2214.site.42, 1, 149, 150
411483.3.peg.2214.site.43, 51, 139, 190
411483.3.peg.2214.site.44, 3, 146, 149
411483.3.peg.2214.site.45, 1, 147, 148
411483.3.peg.2214.site.46, 1, 147, 148
411483.3.peg.2214.site.47, 1, 141, 142
411483.3.peg.2214.site.48, 1, 136, 137
411483.3.peg.2214.site.49, 1, 129, 130
411483.3.peg.2214.site.50, 5, 131, 136
411483.3.peg.2214.site.51, 8, 121, 129
411483.3.peg.2214.site.52, 1, 113, 114
411483.3.peg.2214.site.53, 0, 111, 111
411483.3.peg.2214.site.54, 67, 114, 181
411483.3.peg.2214.site.55, 1, 115, 116
411483.3.peg.2214.site.56, 39, 113, 152
411483.3.peg.2214.site.57, 3, 113, 116
411483.3.peg.2214.site.58, 1, 118, 119
411483.3.peg.2214.site.59, 5, 113, 118
411483.3.peg.2214.site.60, 1, 115, 116
411483.3.peg.2214.site.61, 1, 112, 113
411483.3.peg.2214.site.62, 115, 117, 232
411483.3.peg.2214.site.63, 65, 109, 174
411483.3.peg.2214.site.64, 3, 121, 124
411483.3.peg.2214.site.65, 26, 127, 153
411483.3.peg.2214.site.66, 2, 123, 125
411483.3.peg.2214.site.67, 2, 111, 113
411483.3.peg.2214.site.68, 1, 120, 121
411483.3.peg.2214.site.69, 8, 117, 125
411483.3.peg.2214.site.70, 43, 111, 154
411483.3.peg.2214.site.71, 2, 121, 123
411483.3.peg.2214.site.72, 2, 124, 126
411483.3.peg.2214.site.73, 2, 135, 137
411483.3.peg.2214.site.74, 7, 141, 148
411483.3.peg.2215.site.1, 1, 132, 133
411483.3.peg.2215.site.2, 1, 129, 130
411483.3.peg.2215.site.3, 11, 125, 136
411483.3.peg.2215.site.4, 27, 114, 141
411483.3.peg.2215.site.5, 2, 127, 129
411483.3.peg.2215.site.6, 20, 128, 148
411483.3.peg.2215.site.7, 2, 136, 138
411483.3.peg.2215.site.8, 9, 134, 143
411483.3.peg.2215.site.9, 2, 138, 140
411483.3.peg.2215.site.10, 18, 131, 149
411483.3.peg.2215.site.11, 8, 136, 144
411483.3.peg.2215.site.12, 14, 132, 146
411483.3.peg.2215.site.13, 4, 137, 141
411483.3.peg.2215.site.14, 1, 133, 134
411483.3.peg.2215.site.15, 4, 126, 130
411483.3.peg.2215.site.16, 3, 135, 138
411483.3.peg.2215.site.17, 7, 126, 133
411483.3.peg.2215.site.18, 0, 126, 126
411483.3.peg.2215.site.19, 2, 141, 143
411483.3.peg.2215.site.20, 1, 143, 144
411483.3.peg.2215.site.21, 2, 149, 151
411483.3.peg.2215.site.22, 13, 152, 165
411483.3.peg.2215.site.23, 0, 151, 151
411483.3.peg.2215.site.24, 1, 153, 154
411483.3.peg.2215.site.25, 1, 153, 154
411483.3.peg.2215.site.26, 2, 153, 155
411483.3.peg.2215.site.27, 1, 153, 154
411483.3.peg.2215.site.28, 2, 154, 156
411483.3.peg.2215.site.29, 0, 152, 152
411483.3.peg.2215.site.30, 145, 147, 292
411483.3.peg.2215.site.31, 145, 147, 292
411483.3.peg.2215.site.32, 91, 140, 231
411483.3.peg.2215.site.33, 5, 153, 158
411483.3.peg.2215.site.34, 3, 153, 156
411483.3.peg.2215.site.35, 5, 154, 159
411483.3.peg.2215.site.36, 5, 151, 156
411483.3.peg.2215.site.37, 1, 155, 156
411483.3.peg.2215.site.38, 5, 153, 158
411483.3.peg.2215.site.39, 4, 148, 152
411483.3.peg.2215.site.40, 1, 153, 154
411483.3.peg.2215.site.41, 3, 149, 152
411483.3.peg.2215.site.42, 134, 149, 283
411483.3.peg.2215.site.43, 144, 148, 292
411483.3.peg.2215.site.44, 3, 147, 150
411483.3.peg.2215.site.45, 9, 143, 152
411483.3.peg.2215.site.46, 6, 131, 137
411483.3.peg.2215.site.47, 1, 132, 133
411483.3.peg.2215.site.48, 16, 114, 130
411483.3.peg.2215.site.49, 10, 128, 138
411483.3.peg.2215.site.50, 12, 141, 153
411483.3.peg.2215.site.51, 4, 143, 147
411483.3.peg.2215.site.52, 145, 151, 296
411483.3.peg.2215.site.53, 0, 152, 152
411483.3.peg.2215.site.54, 2, 153, 155
411483.3.peg.2215.site.55, 1, 154, 155
411483.3.peg.2215.site.56, 1, 154, 155
411483.3.peg.2215.site.57, 3, 153, 156
411483.3.peg.2215.site.58, 2, 151, 153
411483.3.peg.2215.site.59, 3, 148, 151
411483.3.peg.2215.site.60, 6, 146, 152
411483.3.peg.2215.site.61, 1, 138, 139
411483.3.peg.2215.site.62, 1, 132, 133
411483.3.peg.2215.site.63, 71, 100, 171
411483.3.peg.2215.site.64, 55, 63, 118
411483.3.peg.2215.site.65, 40, 47, 87
411483.3.peg.2215.site.66, 2, 48, 50
411483.3.peg.2215.site.67, 29, 47, 76
411483.3.peg.2215.site.68, 87, 110, 197
411483.3.peg.2215.site.69, 5, 137, 142
411483.3.peg.2215.site.70, 5, 140, 145
411483.3.peg.2215.site.71, 98, 137, 235
411483.3.peg.2215.site.72, 4, 152, 156
411483.3.peg.2215.site.73, 7, 147, 154
411483.3.peg.2215.site.74, 1, 154, 155
411483.3.peg.2215.site.75, 4, 152, 156
411483.3.peg.2367.site.1, 0, 154, 154
411483.3.peg.2367.site.2, 3, 155, 158
411483.3.peg.2367.site.3, 3, 128, 131
411483.3.peg.2367.site.4, 0, 122, 122
411483.3.peg.2367.site.5, 3, 118, 121
411483.3.peg.2367.site.6, 2, 112, 114
411483.3.peg.2367.site.7, 6, 137, 143
411483.3.peg.2367.site.8, 0, 138, 138
411483.3.peg.2367.site.9, 8, 131, 139
411483.3.peg.2367.site.10, 0, 129, 129
411483.3.peg.2367.site.11, 0, 134, 134
411483.3.peg.2367.site.12, 5, 143, 148
411483.3.peg.2367.site.13, 69, 131, 200
411483.3.peg.2367.site.14, 22, 141, 163
411483.3.peg.2367.site.15, 0, 147, 147
411483.3.peg.2367.site.16, 1, 147, 148
411483.3.peg.2367.site.17, 4, 151, 155
411483.3.peg.2367.site.18, 2, 153, 155
411483.3.peg.2367.site.19, 15, 145, 160
411483.3.peg.2367.site.20, 65, 139, 204
411483.3.peg.2367.site.21, 0, 152, 152
411483.3.peg.2367.site.22, 1, 153, 154
411483.3.peg.2367.site.23, 1, 153, 154
411483.3.peg.2367.site.24, 4, 153, 157
411483.3.peg.2367.site.25, 3, 148, 151
411483.3.peg.2367.site.26, 21, 149, 170
411483.3.peg.2367.site.27, 1, 152, 153
411483.3.peg.2367.site.28, 0, 148, 148
411483.3.peg.2367.site.29, 26, 150, 176
411483.3.peg.2367.site.30, 16, 145, 161
411483.3.peg.2367.site.31, 3, 147, 150
411483.3.peg.2367.site.32, 3, 122, 125
411483.3.peg.2367.site.33, 3, 100, 103
411483.3.peg.2367.site.34, 2, 105, 107
411483.3.peg.2367.site.35, 67, 102, 169
411483.3.peg.2367.site.36, 1, 113, 114
411483.3.peg.2367.site.37, 1, 116, 117
411483.3.peg.2367.site.38, 2, 127, 129
411483.3.peg.2367.site.39, 1, 130, 131
411483.3.peg.2367.site.40, 28, 123, 151
411483.3.peg.2367.site.41, 27, 122, 149
411483.3.peg.2367.site.42, 27, 122, 149
411483.3.peg.2367.site.43, 0, 138, 138
411483.3.peg.2367.site.44, 2, 137, 139
411483.3.peg.2367.site.45, 2, 152, 154
411483.3.peg.2367.site.46, 1, 152, 153
411483.3.peg.2367.site.47, 1, 148, 149
411483.3.peg.2367.site.48, 119, 130, 249
411483.3.peg.2367.site.49, 4, 128, 132
411483.3.peg.2367.site.50, 0, 113, 113
411483.3.peg.2367.site.51, 2, 135, 137
411483.3.peg.2364.site.1, 0, 155, 155
411483.3.peg.2364.site.2, 151, 153, 304
411483.3.peg.2364.site.3, 1, 155, 156
411483.3.peg.2364.site.4, 0, 152, 152
411483.3.peg.2364.site.5, 6, 150, 156
411483.3.peg.2364.site.6, 1, 155, 156
411483.3.peg.2364.site.7, 0, 155, 155
411483.3.peg.2364.site.8, 1, 155, 156
411483.3.peg.2364.site.9, 0, 152, 152
411483.3.peg.2364.site.10, 2, 155, 157
411483.3.peg.2364.site.11, 2, 155, 157
411483.3.peg.2364.site.12, 0, 153, 153
411483.3.peg.2364.site.13, 5, 153, 158
411483.3.peg.2364.site.14, 0, 151, 151
411483.3.peg.2364.site.15, 3, 152, 155
411483.3.peg.2364.site.16, 5, 151, 156
411483.3.peg.2364.site.17, 2, 154, 156
411483.3.peg.2364.site.18, 2, 155, 157
411483.3.peg.2364.site.19, 7, 153, 160
411483.3.peg.2364.site.20, 3, 153, 156
411483.3.peg.2364.site.21, 6, 155, 161
411483.3.peg.2364.site.22, 0, 155, 155
411483.3.peg.2364.site.23, 0, 155, 155
411483.3.peg.2364.site.24, 0, 155, 155
411483.3.peg.2743.site.1, 0, 152, 152
411483.3.peg.2743.site.2, 13, 152, 165
411483.3.peg.2743.site.3, 7, 150, 157
411483.3.peg.2743.site.4, 1, 150, 151
411483.3.peg.2743.site.5, 0, 146, 146
411483.3.peg.2743.site.6, 9, 140, 149
411483.3.peg.2743.site.7, 1, 142, 143
411483.3.peg.2743.site.8, 16, 134, 150
411483.3.peg.2743.site.9, 1, 134, 135
411483.3.peg.2743.site.10, 6, 125, 131
411483.3.peg.2743.site.11, 6, 122, 128
411483.3.peg.2743.site.12, 2, 130, 132
411483.3.peg.2743.site.13, 12, 124, 136
411483.3.peg.2743.site.14, 1, 132, 133
411483.3.peg.2743.site.15, 1, 124, 125
411483.3.peg.2743.site.16, 7, 143, 150
411483.3.peg.2743.site.17, 8, 139, 147
411483.3.peg.2743.site.18, 18, 145, 163
411483.3.peg.2743.site.19, 2, 151, 153
411483.3.peg.2743.site.20, 1, 154, 155
411483.3.peg.2743.site.21, 4, 154, 158
411483.3.peg.2743.site.22, 1, 154, 155
411483.3.peg.2743.site.23, 4, 155, 159
411483.3.peg.2743.site.24, 18, 150, 168
411483.3.peg.2743.site.25, 1, 153, 154
411483.3.peg.2743.site.26, 2, 152, 154
411483.3.peg.2743.site.27, 5, 153, 158
411483.3.peg.2743.site.28, 1, 154, 155
411483.3.peg.2743.site.29, 2, 153, 155
411483.3.peg.2743.site.30, 0, 154, 154
411483.3.peg.2743.site.31, 1, 154, 155
411483.3.peg.2743.site.32, 4, 153, 157
411483.3.peg.2743.site.33, 1, 154, 155
411483.3.peg.2743.site.34, 1, 155, 156
411483.3.peg.2743.site.35, 8, 153, 161
411483.3.peg.2743.site.36, 31, 147, 178
411483.3.peg.2743.site.37, 1, 150, 151
411483.3.peg.2743.site.38, 7, 147, 154
411483.3.peg.2743.site.39, 94, 137, 231
411483.3.peg.2743.site.40, 5, 145, 150
411483.3.peg.2743.site.41, 1, 148, 149
411483.3.peg.2743.site.42, 5, 147, 152
411483.3.peg.2743.site.43, 28, 145, 173
411483.3.peg.2743.site.44, 45, 139, 184
411483.3.peg.2743.site.45, 150, 150, 300
411483.3.peg.2743.site.46, 44, 140, 184
411483.3.peg.2743.site.47, 61, 142, 203
411483.3.peg.2743.site.48, 3, 153, 156
411483.3.peg.2743.site.49, 73, 146, 219
411483.3.peg.2743.site.50, 0, 154, 154
411483.3.peg.2743.site.51, 1, 155, 156
411483.3.peg.2743.site.52, 6, 149, 155
411483.3.peg.2743.site.53, 1, 154, 155
411483.3.peg.2743.site.54, 1, 154, 155
411483.3.peg.2743.site.55, 2, 153, 155
411483.3.peg.2743.site.56, 1, 154, 155
411483.3.peg.2743.site.57, 1, 153, 154
411483.3.peg.2743.site.58, 1, 155, 156
411483.3.peg.2743.site.59, 3, 153, 156
411483.3.peg.2743.site.60, 8, 149, 157
411483.3.peg.2743.site.61, 3, 153, 156
411483.3.peg.2743.site.62, 4, 150, 154
411483.3.peg.2743.site.63, 28, 146, 174
411483.3.peg.2743.site.64, 1, 154, 155
411483.3.peg.2743.site.65, 2, 155, 157
411483.3.peg.2743.site.66, 0, 153, 153
411483.3.peg.2743.site.67, 3, 154, 157
411483.3.peg.2743.site.68, 0, 153, 153
411483.3.peg.2743.site.69, 0, 154, 154
411483.3.peg.2743.site.70, 0, 154, 154
411483.3.peg.2743.site.71, 2, 151, 153
411483.3.peg.2743.site.72, 0, 151, 151
411483.3.peg.2743.site.73, 6, 147, 153
411483.3.peg.2743.site.74, 153, 153, 306
411483.3.peg.2743.site.75, 3, 153, 156
411483.3.peg.2743.site.76, 0, 151, 151
411483.3.peg.2743.site.77, 10, 149, 159
411483.3.peg.2743.site.78, 6, 155, 161
411483.3.peg.2743.site.79, 3, 154, 157
411483.3.peg.2743.site.80, 6, 152, 158
411483.3.peg.2743.site.81, 3, 153, 156
411483.3.peg.2743.site.82, 0, 149, 149
411483.3.peg.2743.site.83, 10, 145, 155
411483.3.peg.2743.site.84, 0, 142, 142
411483.3.peg.2743.site.85, 4, 130, 134
411483.3.peg.2743.site.86, 1, 147, 148
411483.3.peg.2743.site.87, 88, 138, 226
411483.3.peg.2743.site.88, 12, 153, 165
411483.3.peg.2743.site.89, 2, 154, 156
411483.3.peg.2743.site.90, 5, 153, 158
411483.3.peg.2743.site.91, 0, 154, 154
411483.3.peg.2743.site.92, 1, 155, 156
411483.3.peg.2743.site.93, 95, 146, 241
411483.3.peg.2743.site.94, 7, 152, 159
411483.3.peg.2743.site.95, 2, 154, 156
411483.3.peg.2743.site.96, 2, 153, 155
411483.3.peg.2743.site.97, 1, 154, 155
411483.3.peg.2743.site.98, 2, 151, 153
411483.3.peg.2743.site.99, 1, 153, 154
411483.3.peg.2743.site.100, 2, 150, 152
411483.3.peg.2743.site.101, 89, 145, 234
411483.3.peg.2743.site.102, 8, 149, 157
411483.3.peg.2743.site.103, 31, 136, 167
411483.3.peg.2743.site.104, 2, 155, 157
411483.3.peg.2743.site.105, 4, 154, 158
411483.3.peg.2743.site.106, 1, 154, 155
411483.3.peg.2743.site.107, 1, 152, 153
411483.3.peg.2743.site.108, 3, 153, 156
411483.3.peg.2743.site.109, 3, 154, 157
411483.3.peg.2743.site.110, 6, 150, 156
411483.3.peg.2743.site.111, 86, 149, 235
411483.3.peg.2743.site.112, 9, 153, 162
411483.3.peg.2743.site.113, 3, 153, 156
411483.3.peg.2743.site.114, 0, 153, 153
411483.3.peg.2743.site.115, 0, 152, 152
411483.3.peg.2743.site.116, 7, 151, 158
411483.3.peg.2743.site.117, 4, 153, 157
411483.3.peg.2743.site.118, 1, 155, 156
411483.3.peg.2743.site.119, 146, 153, 299
411483.3.peg.2743.site.120, 0, 154, 154
411483.3.peg.2743.site.121, 0, 154, 154
411483.3.peg.2743.site.122, 27, 147, 174
411483.3.peg.2743.site.123, 4, 155, 159
411483.3.peg.2743.site.124, 11, 148, 159
411483.3.peg.2743.site.125, 0, 148, 148
411483.3.peg.2743.site.126, 2, 145, 147
411483.3.peg.2743.site.127, 7, 148, 155
411483.3.peg.2743.site.128, 10, 148, 158
411483.3.peg.2743.site.129, 2, 147, 149
411483.3.peg.2743.site.130, 6, 136, 142
411483.3.peg.2743.site.131, 17, 127, 144
411483.3.peg.2743.site.132, 11, 121, 132
411483.3.peg.2743.site.133, 4, 126, 130
411483.3.peg.2743.site.134, 137, 137, 274
411483.3.peg.2743.site.135, 0, 143, 143
411483.3.peg.2743.site.136, 118, 135, 253
411483.3.peg.2743.site.137, 2, 139, 141
411483.3.peg.2743.site.138, 1, 147, 148
411483.3.peg.2743.site.139, 1, 146, 147
411483.3.peg.2743.site.140, 4, 143, 147
411483.3.peg.2743.site.141, 4, 144, 148
411483.3.peg.2743.site.142, 3, 147, 150
411483.3.peg.2743.site.143, 12, 147, 159
411483.3.peg.2743.site.144, 0, 151, 151
411483.3.peg.2743.site.145, 3, 154, 157
411483.3.peg.2743.site.146, 10, 155, 165
411483.3.peg.2743.site.147, 15, 151, 166
411483.3.peg.2743.site.148, 6, 149, 155
411483.3.peg.2743.site.149, 0, 151, 151
411483.3.peg.2743.site.150, 0, 153, 153
411483.3.peg.2743.site.151, 0, 152, 152
411483.3.peg.2743.site.152, 0, 149, 149
411483.3.peg.2743.site.153, 4, 148, 152
411483.3.peg.2743.site.154, 1, 152, 153
411483.3.peg.2743.site.155, 2, 152, 154
411483.3.peg.2743.site.156, 3, 153, 156
411483.3.peg.2743.site.157, 0, 153, 153
411483.3.peg.2743.site.158, 1, 154, 155
411483.3.peg.2743.site.159, 24, 150, 174
411483.3.peg.2743.site.160, 27, 147, 174
411483.3.peg.2743.site.161, 0, 146, 146
411483.3.peg.2362.site.1, 0, 151, 151
411483.3.peg.2362.site.2, 15, 145, 160
411483.3.peg.2362.site.3, 1, 155, 156
411483.3.peg.2362.site.4, 56, 138, 194
411483.3.peg.2362.site.5, 73, 141, 214
411483.3.peg.2362.site.6, 5, 153, 158
411483.3.peg.2362.site.7, 61, 147, 208
411483.3.peg.2362.site.8, 0, 153, 153
411483.3.peg.2362.site.9, 2, 155, 157
411483.3.peg.2362.site.10, 8, 153, 161
411483.3.peg.2362.site.11, 5, 155, 160
411483.3.peg.2362.site.12, 3, 153, 156
411483.3.peg.2362.site.13, 0, 152, 152
411483.3.peg.2362.site.14, 10, 148, 158
411483.3.peg.2362.site.15, 1, 152, 153
411483.3.peg.2362.site.16, 41, 142, 183
411483.3.peg.2362.site.17, 19, 154, 173
411483.3.peg.2362.site.18, 0, 155, 155
411483.3.peg.2362.site.19, 0, 152, 152
411483.3.peg.2362.site.20, 4, 152, 156
411483.3.peg.2362.site.21, 3, 152, 155
411483.3.peg.2362.site.22, 7, 155, 162
411483.3.peg.2362.site.23, 1, 154, 155
411483.3.peg.2362.site.24, 3, 152, 155
411483.3.peg.2362.site.25, 6, 149, 155
411483.3.peg.2362.site.26, 1, 154, 155
411483.3.peg.2362.site.27, 0, 152, 152
411483.3.peg.2362.site.28, 0, 151, 151
411483.3.peg.2362.site.29, 1, 153, 154
411483.3.peg.2362.site.30, 0, 150, 150
411483.3.peg.2362.site.31, 5, 151, 156
411483.3.peg.2362.site.32, 2, 153, 155
411483.3.peg.2362.site.33, 1, 149, 150
411483.3.peg.2362.site.34, 1, 154, 155
411483.3.peg.2362.site.35, 1, 154, 155
411483.3.peg.2362.site.36, 2, 153, 155
411483.3.peg.2362.site.37, 2, 154, 156
411483.3.peg.2362.site.38, 2, 155, 157
411483.3.peg.2362.site.39, 6, 154, 160
411483.3.peg.2362.site.40, 2, 155, 157
411483.3.peg.2362.site.41, 2, 155, 157
411483.3.peg.2362.site.42, 2, 155, 157
411483.3.peg.2362.site.43, 92, 141, 233
411483.3.peg.2362.site.44, 1, 152, 153
411483.3.peg.2362.site.45, 2, 153, 155
411483.3.peg.2362.site.46, 0, 151, 151
411483.3.peg.2362.site.47, 1, 152, 153
411483.3.peg.2362.site.48, 32, 138, 170
411483.3.peg.2362.site.49, 4, 150, 154
411483.3.peg.2362.site.50, 1, 151, 152
411483.3.peg.2362.site.51, 1, 152, 153
411483.3.peg.2362.site.52, 1, 145, 146
411483.3.peg.2362.site.53, 2, 146, 148
411483.3.peg.2362.site.54, 3, 137, 140
411483.3.peg.2362.site.55, 8, 134, 142
411483.3.peg.2362.site.56, 0, 148, 148
411483.3.peg.2362.site.57, 0, 150, 150
411483.3.peg.2362.site.58, 2, 153, 155
411483.3.peg.2362.site.59, 13, 147, 160
411483.3.peg.2362.site.60, 3, 151, 154
411483.3.peg.2362.site.61, 2, 153, 155
411483.3.peg.2362.site.62, 4, 153, 157
411483.3.peg.2362.site.63, 4, 151, 155
411483.3.peg.2362.site.64, 0, 147, 147
411483.3.peg.2362.site.65, 1, 151, 152
411483.3.peg.2362.site.66, 1, 146, 147
411483.3.peg.2362.site.67, 40, 140, 180
411483.3.peg.2362.site.68, 2, 152, 154
411483.3.peg.2362.site.69, 146, 148, 294
411483.3.peg.2362.site.70, 27, 143, 170
411483.3.peg.2362.site.71, 2, 153, 155
411483.3.peg.2362.site.72, 2, 154, 156
411483.3.peg.2362.site.73, 1, 153, 154
411483.3.peg.2362.site.74, 3, 151, 154
411483.3.peg.2362.site.75, 1, 151, 152
411483.3.peg.2362.site.76, 4, 150, 154
411483.3.peg.2362.site.77, 2, 145, 147
411483.3.peg.2362.site.78, 1, 136, 137
411483.3.peg.2362.site.79, 3, 140, 143
411483.3.peg.2362.site.80, 0, 137, 137
411483.3.peg.2362.site.81, 34, 117, 151
411483.3.peg.2362.site.82, 2, 129, 131
411483.3.peg.2362.site.83, 4, 141, 145
411483.3.peg.2362.site.84, 3, 142, 145
411483.3.peg.2362.site.85, 3, 146, 149
411483.3.peg.2362.site.86, 138, 146, 284
411483.3.peg.2362.site.87, 1, 150, 151
411483.3.peg.2362.site.88, 2, 152, 154
411483.3.peg.2362.site.89, 0, 153, 153
411483.3.peg.2360.site.1, 2, 148, 150
411483.3.peg.2360.site.2, 3, 155, 158
411483.3.peg.2360.site.3, 1, 155, 156
411483.3.peg.2744.site.1, 5, 146, 151
411483.3.peg.2744.site.2, 47, 137, 184
411483.3.peg.2744.site.3, 1, 149, 150
411483.3.peg.2744.site.4, 2, 150, 152
411483.3.peg.2744.site.5, 2, 152, 154
411483.3.peg.2744.site.6, 0, 146, 146
411483.3.peg.2744.site.7, 3, 139, 142
411483.3.peg.2744.site.8, 3, 117, 120
411483.3.peg.2744.site.9, 49, 96, 145
411483.3.peg.2744.site.10, 6, 122, 128
411483.3.peg.2744.site.11, 4, 114, 118
411483.3.peg.2744.site.12, 1, 119, 120
411483.3.peg.2744.site.13, 3, 123, 126
411483.3.peg.2744.site.14, 2, 124, 126
411483.3.peg.2744.site.15, 2, 121, 123
411483.3.peg.2744.site.16, 2, 130, 132
411483.3.peg.2744.site.17, 0, 147, 147
411483.3.peg.2744.site.18, 3, 153, 156
411483.3.peg.2744.site.19, 1, 151, 152
411483.3.peg.2744.site.20, 120, 148, 268
411483.3.peg.2744.site.21, 9, 150, 159
411483.3.peg.2744.site.22, 9, 144, 153
411483.3.peg.2744.site.23, 1, 147, 148
411483.3.peg.2744.site.24, 3, 144, 147
411483.3.peg.2744.site.25, 1, 140, 141
411483.3.peg.2744.site.26, 6, 138, 144
411483.3.peg.2744.site.27, 3, 140, 143
411483.3.peg.2744.site.28, 6, 141, 147
411483.3.peg.2744.site.29, 7, 145, 152
411483.3.peg.2744.site.30, 1, 147, 148
411483.3.peg.2744.site.31, 40, 138, 178
411483.3.peg.2744.site.32, 9, 147, 156
411483.3.peg.2744.site.33, 1, 150, 151
411483.3.peg.2744.site.34, 3, 148, 151
411483.3.peg.2744.site.35, 1, 151, 152
411483.3.peg.2744.site.36, 26, 141, 167
411483.3.peg.2744.site.37, 1, 153, 154
411483.3.peg.2744.site.38, 2, 155, 157
411483.3.peg.2744.site.39, 5, 155, 160
411483.3.peg.2744.site.40, 6, 151, 157
411483.3.peg.2744.site.41, 2, 153, 155
411483.3.peg.2744.site.42, 4, 154, 158
411483.3.peg.2744.site.43, 3, 154, 157
411483.3.peg.2744.site.44, 4, 154, 158
411483.3.peg.2744.site.45, 1, 153, 154
411483.3.peg.2744.site.46, 4, 152, 156
411483.3.peg.2744.site.47, 154, 154, 308
411483.3.peg.2744.site.48, 3, 153, 156
411483.3.peg.2744.site.49, 1, 153, 154
411483.3.peg.2744.site.50, 126, 147, 273
411483.3.peg.2745.site.1, 6, 153, 159
411483.3.peg.2745.site.2, 6, 152, 158
411483.3.peg.2745.site.3, 0, 153, 153
411483.3.peg.2745.site.4, 5, 153, 158
411483.3.peg.2745.site.5, 5, 153, 158
411483.3.peg.2745.site.6, 0, 155, 155
411483.3.peg.2745.site.7, 2, 150, 152
411483.3.peg.2745.site.8, 0, 151, 151
411483.3.peg.2745.site.9, 11, 152, 163
411483.3.peg.2745.site.10, 0, 153, 153
411483.3.peg.2745.site.11, 10, 154, 164
411483.3.peg.2745.site.12, 2, 155, 157
411483.3.peg.2745.site.13, 2, 155, 157
411483.3.peg.2745.site.14, 10, 150, 160
411483.3.peg.2745.site.15, 0, 149, 149
411483.3.peg.2745.site.16, 0, 151, 151
411483.3.peg.2745.site.17, 0, 150, 150
411483.3.peg.2745.site.18, 83, 148, 231
411483.3.peg.2745.site.19, 4, 154, 158
411483.3.peg.2745.site.20, 0, 154, 154
411483.3.peg.2745.site.21, 2, 153, 155
411483.3.peg.2745.site.22, 1, 155, 156
411483.3.peg.2745.site.23, 9, 153, 162
411483.3.peg.2745.site.24, 0, 154, 154
411483.3.peg.2745.site.25, 0, 154, 154
411483.3.peg.2745.site.26, 2, 155, 157
411483.3.peg.2745.site.27, 0, 153, 153
411483.3.peg.2745.site.28, 7, 144, 151
411483.3.peg.2745.site.29, 6, 153, 159
411483.3.peg.2745.site.30, 13, 150, 163
411483.3.peg.2745.site.31, 0, 152, 152
411483.3.peg.2745.site.32, 12, 151, 163
411483.3.peg.2745.site.33, 4, 149, 153
411483.3.peg.2745.site.34, 58, 142, 200
411483.3.peg.2745.site.35, 5, 152, 157
411483.3.peg.2745.site.36, 1, 152, 153
411483.3.peg.2745.site.37, 3, 153, 156
411483.3.peg.2745.site.38, 3, 150, 153
411483.3.peg.2745.site.39, 3, 151, 154
411483.3.peg.2745.site.40, 69, 140, 209
411483.3.peg.2745.site.41, 2, 152, 154
411483.3.peg.1987.site.1, 7, 144, 151
411483.3.peg.1987.site.2, 53, 135, 188
411483.3.peg.1987.site.3, 2, 146, 148
411483.3.peg.1987.site.4, 15, 141, 156
411483.3.peg.1987.site.5, 6, 143, 149
411483.3.peg.1987.site.6, 6, 141, 147
411483.3.peg.1987.site.7, 1, 137, 138
411483.3.peg.1987.site.8, 38, 132, 170
411483.3.peg.1987.site.9, 7, 135, 142
411483.3.peg.1987.site.10, 3, 141, 144
411483.3.peg.1987.site.11, 2, 146, 148
411483.3.peg.1987.site.12, 0, 146, 146
411483.3.peg.1987.site.13, 1, 146, 147
411483.3.peg.1987.site.14, 2, 150, 152
411483.3.peg.1987.site.15, 2, 151, 153
411483.3.peg.1987.site.16, 24, 154, 178
411483.3.peg.1987.site.17, 2, 152, 154
411483.3.peg.1987.site.18, 25, 147, 172
411483.3.peg.1987.site.19, 42, 145, 187
411483.3.peg.1987.site.20, 0, 152, 152
411483.3.peg.1987.site.21, 1, 150, 151
411483.3.peg.1987.site.22, 17, 149, 166
411483.3.peg.1987.site.23, 1, 152, 153
411483.3.peg.1987.site.24, 1, 153, 154
411483.3.peg.1987.site.25, 1, 154, 155
411483.3.peg.1987.site.26, 1, 150, 151
411483.3.peg.1987.site.27, 17, 149, 166
411483.3.peg.1987.site.28, 1, 152, 153
411483.3.peg.1987.site.29, 1, 152, 153
411483.3.peg.1987.site.30, 4, 153, 157
411483.3.peg.1987.site.31, 0, 151, 151
411483.3.peg.1987.site.32, 1, 154, 155
411483.3.peg.1987.site.33, 1, 155, 156
411483.3.peg.1987.site.34, 6, 132, 138
411483.3.peg.1986.site.1, 27, 94, 121
411483.3.peg.1986.site.2, 3, 99, 102
411483.3.peg.1986.site.3, 1, 85, 86
411483.3.peg.1986.site.4, 17, 81, 98
411483.3.peg.1986.site.5, 19, 83, 102
411483.3.peg.1986.site.6, 1, 89, 90
411483.3.peg.1986.site.7, 1, 113, 114
411483.3.peg.1986.site.8, 1, 120, 121
411483.3.peg.1986.site.9, 7, 117, 124
411483.3.peg.1986.site.10, 1, 125, 126
411483.3.peg.1986.site.11, 9, 126, 135
411483.3.peg.1986.site.12, 14, 124, 138
411483.3.peg.1986.site.13, 10, 125, 135
411483.3.peg.1986.site.14, 14, 120, 134
411483.3.peg.1986.site.15, 20, 122, 142
411483.3.peg.1986.site.16, 25, 117, 142
411483.3.peg.1986.site.17, 1, 145, 146
411483.3.peg.1986.site.18, 4, 147, 151
411483.3.peg.1986.site.19, 85, 137, 222
411483.3.peg.1986.site.20, 0, 149, 149
411483.3.peg.1986.site.21, 35, 144, 179
411483.3.peg.1986.site.22, 11, 144, 155
411483.3.peg.1986.site.23, 4, 139, 143
411483.3.peg.1986.site.24, 18, 133, 151
411483.3.peg.1986.site.25, 1, 138, 139
411483.3.peg.1986.site.26, 1, 138, 139
411483.3.peg.1986.site.27, 3, 139, 142
411483.3.peg.1986.site.28, 1, 140, 141
411483.3.peg.1986.site.29, 3, 146, 149
411483.3.peg.1986.site.30, 3, 151, 154
411483.3.peg.1986.site.31, 2, 147, 149
411483.3.peg.1986.site.32, 87, 133, 220
411483.3.peg.1986.site.33, 1, 138, 139
411483.3.peg.1986.site.34, 9, 132, 141
411483.3.peg.1986.site.35, 3, 146, 149
411483.3.peg.1986.site.36, 0, 146, 146
411483.3.peg.1986.site.37, 12, 144, 156
411483.3.peg.1986.site.38, 19, 136, 155
411483.3.peg.1986.site.39, 0, 147, 147
411483.3.peg.1986.site.40, 5, 145, 150
411483.3.peg.1986.site.41, 1, 148, 149
411483.3.peg.1986.site.42, 2, 148, 150
411483.3.peg.1986.site.43, 0, 152, 152
411483.3.peg.1986.site.44, 58, 137, 195
411483.3.peg.1986.site.45, 12, 149, 161
411483.3.peg.1986.site.46, 1, 151, 152
411483.3.peg.1986.site.47, 9, 150, 159
411483.3.peg.1986.site.48, 8, 145, 153
411483.3.peg.1986.site.49, 9, 145, 154
411483.3.peg.1986.site.50, 0, 139, 139
411483.3.peg.1986.site.51, 115, 123, 238
411483.3.peg.1986.site.52, 1, 124, 125
411483.3.peg.1986.site.53, 0, 139, 139
411483.3.peg.1986.site.54, 1, 141, 142
411483.3.peg.1986.site.55, 3, 146, 149
411483.3.peg.1986.site.56, 21, 137, 158
411483.3.peg.1986.site.57, 6, 147, 153
411483.3.peg.1986.site.58, 4, 152, 156
411483.3.peg.1986.site.59, 1, 152, 153
411483.3.peg.1986.site.60, 1, 152, 153
411483.3.peg.1986.site.61, 2, 154, 156
411483.3.peg.1986.site.62, 5, 151, 156
411483.3.peg.1986.site.63, 0, 152, 152
411483.3.peg.1986.site.64, 68, 146, 214
411483.3.peg.1986.site.65, 58, 151, 209
411483.3.peg.1986.site.66, 12, 150, 162
411483.3.peg.1986.site.67, 29, 139, 168
411483.3.peg.1986.site.68, 0, 141, 141
411483.3.peg.1986.site.69, 3, 141, 144
411483.3.peg.1986.site.70, 1, 136, 137
411483.3.peg.1986.site.71, 53, 117, 170
411483.3.peg.1986.site.72, 65, 114, 179
411483.3.peg.1986.site.73, 42, 112, 154
411483.3.peg.1986.site.74, 45, 113, 158
411483.3.peg.1986.site.75, 39, 117, 156
411483.3.peg.1986.site.76, 1, 123, 124
411483.3.peg.1986.site.77, 24, 119, 143
411483.3.peg.1986.site.78, 6, 125, 131
411483.3.peg.1986.site.79, 30, 130, 160
411483.3.peg.1986.site.80, 15, 138, 153
411483.3.peg.1986.site.81, 115, 136, 251
411483.3.peg.1329.site.1, 7, 118, 125
411483.3.peg.1329.site.2, 0, 122, 122
411483.3.peg.1329.site.3, 1, 131, 132
411483.3.peg.1329.site.4, 1, 139, 140
411483.3.peg.1329.site.5, 3, 114, 117
411483.3.peg.1329.site.6, 5, 107, 112
411483.3.peg.1329.site.7, 48, 96, 144
411483.3.peg.1329.site.8, 4, 89, 93
411483.3.peg.1329.site.9, 2, 97, 99
411483.3.peg.1329.site.10, 1, 144, 145
411483.3.peg.1329.site.11, 2, 147, 149
411483.3.peg.1329.site.12, 1, 149, 150
411483.3.peg.1329.site.13, 1, 150, 151
411483.3.peg.1329.site.14, 2, 148, 150
411483.3.peg.1329.site.15, 2, 139, 141
411483.3.peg.1329.site.16, 1, 141, 142
411483.3.peg.1329.site.17, 1, 135, 136
411483.3.peg.1329.site.18, 1, 133, 134
411483.3.peg.1329.site.19, 2, 125, 127
411483.3.peg.1329.site.20, 22, 112, 134
411483.3.peg.1329.site.21, 30, 103, 133
411483.3.peg.1329.site.22, 2, 115, 117
411483.3.peg.1329.site.23, 1, 108, 109
411483.3.peg.1329.site.24, 1, 134, 135
411483.3.peg.1329.site.25, 0, 138, 138
411483.3.peg.1329.site.26, 3, 132, 135
411483.3.peg.1329.site.27, 3, 130, 133
411483.3.peg.1329.site.28, 1, 138, 139
411483.3.peg.1329.site.29, 3, 138, 141
411483.3.peg.1329.site.30, 0, 134, 134
411483.3.peg.1329.site.31, 25, 136, 161
411483.3.peg.1329.site.32, 23, 134, 157
411483.3.peg.1329.site.33, 2, 141, 143
411483.3.peg.1329.site.34, 4, 143, 147
411483.3.peg.1329.site.35, 12, 134, 146
411483.3.peg.1329.site.36, 52, 122, 174
411483.3.peg.1329.site.37, 50, 118, 168
411483.3.peg.1329.site.38, 0, 140, 140
411483.3.peg.1329.site.39, 11, 137, 148
411483.3.peg.1329.site.40, 1, 151, 152
411483.3.peg.1329.site.41, 9, 145, 154
411483.3.peg.1329.site.42, 1, 149, 150
411483.3.peg.1329.site.43, 6, 150, 156
411483.3.peg.1329.site.44, 8, 149, 157
411483.3.peg.1329.site.45, 2, 151, 153
411483.3.peg.1329.site.46, 2, 151, 153
411483.3.peg.1329.site.47, 1, 151, 152
411483.3.peg.1329.site.48, 0, 150, 150
411483.3.peg.1329.site.49, 2, 152, 154
411483.3.peg.1329.site.50, 151, 152, 303
411483.3.peg.1329.site.51, 11, 146, 157
411483.3.peg.1329.site.52, 1, 144, 145
411483.3.peg.1329.site.53, 2, 151, 153
411483.3.peg.1329.site.54, 7, 153, 160
411483.3.peg.1329.site.55, 12, 146, 158
411483.3.peg.1329.site.56, 1, 152, 153
411483.3.peg.1329.site.57, 1, 153, 154
411483.3.peg.1329.site.58, 22, 142, 164
411483.3.peg.1329.site.59, 1, 149, 150
411483.3.peg.1329.site.60, 3, 146, 149
411483.3.peg.1329.site.61, 12, 145, 157
411483.3.peg.1329.site.62, 12, 145, 157
411483.3.peg.1329.site.63, 4, 148, 152
411483.3.peg.1329.site.64, 8, 145, 153
411483.3.peg.1329.site.65, 31, 149, 180
411483.3.peg.1329.site.66, 0, 152, 152
411483.3.peg.1329.site.67, 79, 142, 221
411483.3.peg.1329.site.68, 49, 147, 196
411483.3.peg.1329.site.69, 49, 133, 182
411483.3.peg.1329.site.70, 10, 132, 142
411483.3.peg.1329.site.71, 2, 142, 144
411483.3.peg.1329.site.72, 6, 134, 140
411483.3.peg.1329.site.73, 17, 143, 160
411483.3.peg.1329.site.74, 33, 139, 172
411483.3.peg.1329.site.75, 73, 122, 195
411483.3.peg.1329.site.76, 135, 144, 279
411483.3.peg.1329.site.77, 5, 146, 151
411483.3.peg.1329.site.78, 0, 146, 146
411483.3.peg.1329.site.79, 131, 147, 278
411483.3.peg.1329.site.80, 5, 147, 152
411483.3.peg.1329.site.81, 2, 143, 145
411483.3.peg.1329.site.82, 0, 147, 147
411483.3.peg.1329.site.83, 1, 147, 148
411483.3.peg.1329.site.84, 2, 151, 153
411483.3.peg.1329.site.85, 1, 150, 151
411483.3.peg.1329.site.86, 1, 149, 150
411483.3.peg.1329.site.87, 9, 138, 147
411483.3.peg.1329.site.88, 26, 142, 168
411483.3.peg.1329.site.89, 11, 136, 147
411483.3.peg.1329.site.90, 72, 120, 192
411483.3.peg.1329.site.91, 4, 124, 128
411483.3.peg.1329.site.92, 0, 118, 118
411483.3.peg.1329.site.93, 3, 119, 122
411483.3.peg.1329.site.94, 7, 129, 136
411483.3.peg.1329.site.95, 3, 131, 134
411483.3.peg.1329.site.96, 3, 135, 138
411483.3.peg.1329.site.97, 6, 142, 148
411483.3.peg.1329.site.98, 1, 133, 134
411483.3.peg.1329.site.99, 2, 119, 121
411483.3.peg.1329.site.100, 1, 126, 127
411483.3.peg.1329.site.101, 10, 117, 127
411483.3.peg.1329.site.102, 1, 114, 115
411483.3.peg.1329.site.103, 7, 106, 113
411483.3.peg.1329.site.104, 92, 102, 194
411483.3.peg.1329.site.105, 1, 106, 107
411483.3.peg.1329.site.106, 9, 106, 115
411483.3.peg.1329.site.107, 6, 94, 100
411483.3.peg.1329.site.108, 8, 101, 109
411483.3.peg.1329.site.109, 8, 106, 114
411483.3.peg.1329.site.110, 23, 99, 122
411483.3.peg.1329.site.111, 2, 109, 111
411483.3.peg.1329.site.112, 2, 103, 105
411483.3.peg.1329.site.113, 2, 112, 114
411483.3.peg.1329.site.114, 49, 102, 151
411483.3.peg.1329.site.115, 1, 129, 130
411483.3.peg.1329.site.116, 1, 129, 130
411483.3.peg.1329.site.117, 59, 124, 183
411483.3.peg.1329.site.118, 4, 137, 141
411483.3.peg.1329.site.119, 3, 149, 152
411483.3.peg.1329.site.120, 2, 148, 150
411483.3.peg.1329.site.121, 0, 147, 147
411483.3.peg.1329.site.122, 8, 141, 149
411483.3.peg.1329.site.123, 1, 142, 143
411483.3.peg.1329.site.124, 9, 135, 144
411483.3.peg.1329.site.125, 1, 138, 139
411483.3.peg.1329.site.126, 1, 130, 131
411483.3.peg.1329.site.127, 3, 132, 135
411483.3.peg.1328.site.1, 2, 154, 156
411483.3.peg.1328.site.2, 0, 152, 152
411483.3.peg.1328.site.3, 1, 153, 154
411483.3.peg.1328.site.4, 3, 150, 153
411483.3.peg.1328.site.5, 6, 150, 156
411483.3.peg.1328.site.6, 1, 146, 147
411483.3.peg.1328.site.7, 1, 150, 151
411483.3.peg.1328.site.8, 2, 152, 154
411483.3.peg.1328.site.9, 0, 153, 153
411483.3.peg.1328.site.10, 7, 149, 156
411483.3.peg.1328.site.11, 4, 148, 152
411483.3.peg.1328.site.12, 4, 154, 158
411483.3.peg.1328.site.13, 7, 152, 159
411483.3.peg.1328.site.14, 5, 152, 157
411483.3.peg.1328.site.15, 154, 154, 308
411483.3.peg.1328.site.16, 5, 152, 157
411483.3.peg.1328.site.17, 1, 153, 154
411483.3.peg.1328.site.18, 6, 154, 160
411483.3.peg.1328.site.19, 9, 150, 159
411483.3.peg.1328.site.20, 6, 149, 155
411483.3.peg.1328.site.21, 1, 150, 151
411483.3.peg.1328.site.22, 2, 148, 150
411483.3.peg.1328.site.23, 0, 149, 149
411483.3.peg.1328.site.24, 150, 150, 300
411483.3.peg.1328.site.25, 8, 147, 155
411483.3.peg.1328.site.26, 5, 149, 154
411483.3.peg.1328.site.27, 0, 152, 152
411483.3.peg.1328.site.28, 4, 148, 152
411483.3.peg.1328.site.29, 2, 146, 148
411483.3.peg.1328.site.30, 138, 143, 281
411483.3.peg.1328.site.31, 1, 145, 146
411483.3.peg.1328.site.32, 4, 150, 154
411483.3.peg.1328.site.33, 3, 151, 154
411483.3.peg.1328.site.34, 14, 148, 162
411483.3.peg.1328.site.35, 0, 152, 152
411483.3.peg.1328.site.36, 18, 145, 163
411483.3.peg.1328.site.37, 6, 151, 157
411483.3.peg.1328.site.38, 2, 153, 155
411483.3.peg.1328.site.39, 70, 136, 206
411483.3.peg.1328.site.40, 0, 154, 154
411483.3.peg.1328.site.41, 3, 153, 156
411483.3.peg.1328.site.42, 71, 144, 215
411483.3.peg.1328.site.43, 1, 154, 155
411483.3.peg.1328.site.44, 3, 149, 152
411483.3.peg.1328.site.45, 4, 151, 155
411483.3.peg.1328.site.46, 2, 152, 154
411483.3.peg.1328.site.47, 4, 154, 158
411483.3.peg.1328.site.48, 3, 153, 156
411483.3.peg.1328.site.49, 2, 155, 157
411483.3.peg.1328.site.50, 4, 153, 157
411483.3.peg.1328.site.51, 6, 151, 157
411483.3.peg.1328.site.52, 145, 151, 296
411483.3.peg.1328.site.53, 4, 148, 152
411483.3.peg.1328.site.54, 2, 148, 150
411483.3.peg.1328.site.55, 2, 151, 153
411483.3.peg.1328.site.56, 5, 151, 156
411483.3.peg.1328.site.57, 9, 148, 157
411483.3.peg.1328.site.58, 11, 151, 162
411483.3.peg.1328.site.59, 0, 149, 149
411483.3.peg.1328.site.60, 16, 147, 163
411483.3.peg.1328.site.61, 5, 150, 155
411483.3.peg.1328.site.62, 16, 149, 165
411483.3.peg.1328.site.63, 6, 152, 158
411483.3.peg.1328.site.64, 2, 155, 157
411483.3.peg.1328.site.65, 2, 154, 156
411483.3.peg.1328.site.66, 4, 151, 155
411483.3.peg.1328.site.67, 3, 154, 157
411483.3.peg.1328.site.68, 5, 154, 159
411483.3.peg.1328.site.69, 2, 155, 157
411483.3.peg.1328.site.70, 94, 146, 240
411483.3.peg.1328.site.71, 7, 153, 160
411483.3.peg.1328.site.72, 5, 155, 160
411483.3.peg.1328.site.73, 7, 154, 161
411483.3.peg.1328.site.74, 3, 155, 158
411483.3.peg.1328.site.75, 1, 153, 154
411483.3.peg.1328.site.76, 4, 152, 156
411483.3.peg.1328.site.77, 1, 154, 155
411483.3.peg.1328.site.78, 3, 151, 154
411483.3.peg.1328.site.79, 4, 154, 158
411483.3.peg.1328.site.80, 0, 152, 152
411483.3.peg.1328.site.81, 9, 149, 158
411483.3.peg.1328.site.82, 1, 148, 149
411483.3.peg.1328.site.83, 3, 152, 155
411483.3.peg.1328.site.84, 1, 140, 141
411483.3.peg.1328.site.85, 5, 153, 158
411483.3.peg.1328.site.86, 3, 152, 155
411483.3.peg.1328.site.87, 2, 154, 156
411483.3.peg.1328.site.88, 3, 153, 156
411483.3.peg.1328.site.89, 1, 154, 155
411483.3.peg.1328.site.90, 7, 152, 159
411483.3.peg.1328.site.91, 36, 147, 183
411483.3.peg.1328.site.92, 24, 141, 165
411483.3.peg.1328.site.93, 51, 139, 190
411483.3.peg.1983.site.1, 10, 150, 160
411483.3.peg.1983.site.2, 2, 154, 156
411483.3.peg.1983.site.3, 1, 154, 155
411483.3.peg.1983.site.4, 1, 154, 155
411483.3.peg.1983.site.5, 2, 155, 157
411483.3.peg.1983.site.6, 4, 152, 156
411483.3.peg.1983.site.7, 18, 152, 170
411483.3.peg.1983.site.8, 0, 151, 151
411483.3.peg.1983.site.9, 11, 146, 157
411483.3.peg.1983.site.10, 1, 153, 154
411483.3.peg.1983.site.11, 1, 154, 155
411483.3.peg.1983.site.12, 0, 154, 154
411483.3.peg.1983.site.13, 2, 153, 155
411483.3.peg.1983.site.14, 10, 152, 162
411483.3.peg.1983.site.15, 154, 154, 308
411483.3.peg.1983.site.16, 1, 143, 144
411483.3.peg.1983.site.17, 22, 125, 147
411483.3.peg.1983.site.18, 57, 127, 184
411483.3.peg.1983.site.19, 36, 124, 160
411483.3.peg.1983.site.20, 19, 116, 135
411483.3.peg.1983.site.21, 1, 112, 113
411483.3.peg.1983.site.22, 93, 93, 186
411483.3.peg.1983.site.23, 8, 63, 71
411483.3.peg.1983.site.24, 4, 82, 86
411483.3.peg.1983.site.25, 2, 94, 96
411483.3.peg.1983.site.26, 6, 118, 124
411483.3.peg.1983.site.27, 1, 132, 133
411483.3.peg.1983.site.28, 43, 133, 176
411483.3.peg.1983.site.29, 5, 150, 155
411483.3.peg.1983.site.30, 6, 151, 157
411483.3.peg.1983.site.31, 1, 153, 154
411483.3.peg.1983.site.32, 8, 153, 161
411483.3.peg.1983.site.33, 6, 150, 156
411483.3.peg.1983.site.34, 1, 155, 156
411483.3.peg.1983.site.35, 0, 152, 152
411483.3.peg.1983.site.36, 72, 142, 214
411483.3.peg.1983.site.37, 6, 154, 160
411483.3.peg.1983.site.38, 1, 151, 152
411483.3.peg.1983.site.39, 5, 153, 158
411483.3.peg.1983.site.40, 8, 154, 162
411483.3.peg.1982.site.1, 0, 153, 153
411483.3.peg.1982.site.2, 0, 155, 155
411483.3.peg.1982.site.3, 0, 155, 155
411483.3.peg.1982.site.4, 0, 153, 153
411483.3.peg.1982.site.5, 0, 154, 154
411483.3.peg.1982.site.6, 3, 154, 157
411483.3.peg.1982.site.7, 6, 151, 157
411483.3.peg.1982.site.8, 3, 155, 158
411483.3.peg.1982.site.9, 23, 151, 174
411483.3.peg.1982.site.10, 2, 153, 155
411483.3.peg.1982.site.11, 0, 153, 153
411483.3.peg.1982.site.12, 31, 145, 176
411483.3.peg.1982.site.13, 26, 149, 175
411483.3.peg.1982.site.14, 3, 155, 158
411483.3.peg.1982.site.15, 123, 145, 268
411483.3.peg.1982.site.16, 33, 146, 179
411483.3.peg.1982.site.17, 12, 153, 165
411483.3.peg.1982.site.18, 47, 148, 195
411483.3.peg.1982.site.19, 24, 151, 175
411483.3.peg.1982.site.20, 1, 153, 154
411483.3.peg.1982.site.21, 2, 154, 156
411483.3.peg.1982.site.22, 4, 152, 156
411483.3.peg.1982.site.23, 94, 141, 235
411483.3.peg.1982.site.24, 3, 155, 158
411483.3.peg.1982.site.25, 28, 142, 170
411483.3.peg.1982.site.26, 1, 155, 156
411483.3.peg.1982.site.27, 27, 148, 175
411483.3.peg.1982.site.28, 19, 146, 165
411483.3.peg.1982.site.29, 11, 147, 158
411483.3.peg.1982.site.30, 37, 145, 182
411483.3.peg.1982.site.31, 17, 151, 168
411483.3.peg.1982.site.32, 12, 151, 163
411483.3.peg.1982.site.33, 2, 150, 152
411483.3.peg.1982.site.34, 1, 147, 148
411483.3.peg.1982.site.35, 1, 151, 152
411483.3.peg.1982.site.36, 2, 152, 154
411483.3.peg.1982.site.37, 3, 153, 156
411483.3.peg.1982.site.38, 1, 154, 155
411483.3.peg.1982.site.39, 8, 154, 162
411483.3.peg.1982.site.40, 3, 153, 156
411483.3.peg.1982.site.41, 37, 139, 176
411483.3.peg.1982.site.42, 3, 152, 155
411483.3.peg.1982.site.43, 0, 153, 153
411483.3.peg.1982.site.44, 52, 141, 193
411483.3.peg.1982.site.45, 3, 152, 155
411483.3.peg.1982.site.46, 9, 151, 160
411483.3.peg.1982.site.47, 29, 145, 174
411483.3.peg.1982.site.48, 1, 154, 155
411483.3.peg.1982.site.49, 10, 151, 161
411483.3.peg.1982.site.50, 0, 151, 151
411483.3.peg.1982.site.51, 3, 150, 153
411483.3.peg.1982.site.52, 8, 151, 159
411483.3.peg.1982.site.53, 4, 153, 157
411483.3.peg.1982.site.54, 1, 153, 154
411483.3.peg.1982.site.55, 22, 149, 171
411483.3.peg.1982.site.56, 56, 145, 201
411483.3.peg.1982.site.57, 50, 149, 199
411483.3.peg.1982.site.58, 39, 144, 183
411483.3.peg.1982.site.59, 1, 150, 151
411483.3.peg.1982.site.60, 151, 151, 302
411483.3.peg.1982.site.61, 2, 152, 154
411483.3.peg.1982.site.62, 44, 145, 189
411483.3.peg.1982.site.63, 10, 154, 164
411483.3.peg.1982.site.64, 1, 154, 155
411483.3.peg.1982.site.65, 0, 153, 153
411483.3.peg.1982.site.66, 2, 155, 157
411483.3.peg.1982.site.67, 6, 152, 158
411483.3.peg.1982.site.68, 1, 154, 155
411483.3.peg.1982.site.69, 0, 152, 152
411483.3.peg.1982.site.70, 4, 153, 157
411483.3.peg.1982.site.71, 0, 153, 153
411483.3.peg.1982.site.72, 3, 153, 156
411483.3.peg.1982.site.73, 2, 153, 155
411483.3.peg.1982.site.74, 8, 147, 155
411483.3.peg.1982.site.75, 15, 142, 157
411483.3.peg.1982.site.76, 4, 136, 140
411483.3.peg.1982.site.77, 10, 142, 152
411483.3.peg.1982.site.78, 1, 146, 147
411483.3.peg.1982.site.79, 32, 136, 168
411483.3.peg.1982.site.80, 94, 136, 230
411483.3.peg.1982.site.81, 121, 139, 260
411483.3.peg.1982.site.82, 36, 140, 176
411483.3.peg.1982.site.83, 0, 143, 143
411483.3.peg.1982.site.84, 63, 130, 193
411483.3.peg.1982.site.85, 17, 136, 153
411483.3.peg.1982.site.86, 4, 137, 141
411483.3.peg.1982.site.87, 4, 139, 143
411483.3.peg.1982.site.88, 1, 146, 147
411483.3.peg.1982.site.89, 1, 154, 155
411483.3.peg.1982.site.90, 50, 150, 200
411483.3.peg.1982.site.91, 0, 154, 154
411483.3.peg.1982.site.92, 5, 154, 159
411483.3.peg.1982.site.93, 1, 154, 155
411483.3.peg.1982.site.94, 1, 155, 156
411483.3.peg.1982.site.95, 2, 152, 154
411483.3.peg.1982.site.96, 153, 153, 306
411483.3.peg.1982.site.97, 2, 153, 155
411483.3.peg.1982.site.98, 36, 146, 182
411483.3.peg.1982.site.99, 0, 150, 150
411483.3.peg.1982.site.100, 14, 149, 163
411483.3.peg.1982.site.101, 1, 155, 156
411483.3.peg.1982.site.102, 2, 152, 154
411483.3.peg.1982.site.103, 28, 146, 174
411483.3.peg.1982.site.104, 7, 153, 160
411483.3.peg.1981.site.1, 36, 138, 174
411483.3.peg.1981.site.2, 4, 140, 144
411483.3.peg.1981.site.3, 7, 141, 148
411483.3.peg.1981.site.4, 17, 139, 156
411483.3.peg.1981.site.5, 10, 143, 153
411483.3.peg.1981.site.6, 3, 141, 144
411483.3.peg.1981.site.7, 132, 142, 274
411483.3.peg.1981.site.8, 25, 138, 163
411483.3.peg.1981.site.9, 139, 141, 280
411483.3.peg.1981.site.10, 1, 142, 143
411483.3.peg.1981.site.11, 0, 143, 143
411483.3.peg.1981.site.12, 0, 142, 142
411483.3.peg.1981.site.13, 31, 137, 168
411483.3.peg.1981.site.14, 18, 137, 155
411483.3.peg.1981.site.15, 0, 143, 143
411483.3.peg.1981.site.16, 1, 142, 143
411483.3.peg.1981.site.17, 17, 140, 157
411483.3.peg.1981.site.18, 1, 144, 145
411483.3.peg.1981.site.19, 68, 129, 197
411483.3.peg.1981.site.20, 16, 140, 156
411483.3.peg.1981.site.21, 2, 140, 142
411483.3.peg.1981.site.22, 4, 138, 142
411483.3.peg.1981.site.23, 18, 129, 147
411483.3.peg.1981.site.24, 13, 125, 138
411483.3.peg.1981.site.25, 4, 111, 115
411483.3.peg.1981.site.26, 0, 135, 135
411483.3.peg.1981.site.27, 2, 127, 129
411483.3.peg.1981.site.28, 15, 137, 152
411483.3.peg.1981.site.29, 9, 140, 149
411483.3.peg.1981.site.30, 5, 139, 144
411483.3.peg.1981.site.31, 16, 139, 155
411483.3.peg.1981.site.32, 1, 142, 143
411483.3.peg.1981.site.33, 6, 141, 147
411483.3.peg.1981.site.34, 16, 135, 151
411483.3.peg.1981.site.35, 2, 142, 144
411483.3.peg.1981.site.36, 16, 135, 151
411483.3.peg.1981.site.37, 2, 143, 145
411483.3.peg.1981.site.38, 2, 144, 146
411483.3.peg.1981.site.39, 116, 136, 252
411483.3.peg.1981.site.40, 32, 135, 167
411483.3.peg.1981.site.41, 6, 139, 145
411483.3.peg.1981.site.42, 2, 142, 144
411483.3.peg.1981.site.43, 2, 142, 144
411483.3.peg.1981.site.44, 2, 142, 144
411483.3.peg.1981.site.45, 120, 139, 259
411483.3.peg.1981.site.46, 124, 136, 260
411483.3.peg.1981.site.47, 1, 144, 145
411483.3.peg.1981.site.48, 18, 136, 154
411483.3.peg.1981.site.49, 3, 144, 147
411483.3.peg.1980.site.1, 1, 152, 153
411483.3.peg.1980.site.2, 22, 152, 174
411483.3.peg.1980.site.3, 0, 151, 151
411483.3.peg.1980.site.4, 0, 152, 152
411483.3.peg.1980.site.5, 2, 153, 155
411483.3.peg.1980.site.6, 1, 153, 154
411483.3.peg.1980.site.7, 8, 150, 158
411483.3.peg.1980.site.8, 92, 146, 238
411483.3.peg.1980.site.9, 2, 155, 157
411483.3.peg.1980.site.10, 82, 147, 229
411483.3.peg.1980.site.11, 2, 153, 155
411483.3.peg.1980.site.12, 0, 153, 153
411483.3.peg.1980.site.13, 3, 154, 157
411483.3.peg.1980.site.14, 1, 154, 155
411483.3.peg.1980.site.15, 2, 154, 156
411483.3.peg.1980.site.16, 15, 152, 167
411483.3.peg.1980.site.17, 9, 150, 159
411483.3.peg.1980.site.18, 78, 139, 217
411483.3.peg.1980.site.19, 3, 150, 153
411483.3.peg.1980.site.20, 0, 150, 150
411483.3.peg.1980.site.21, 2, 147, 149
411483.3.peg.1980.site.22, 33, 144, 177
411483.3.peg.1980.site.23, 2, 152, 154
411483.3.peg.1980.site.24, 0, 150, 150
411483.3.peg.1980.site.25, 79, 143, 222
411483.3.peg.1980.site.26, 2, 151, 153
411483.3.peg.1980.site.27, 0, 152, 152
411483.3.peg.1980.site.28, 3, 153, 156
411483.3.peg.1980.site.29, 1, 152, 153
411483.3.peg.1980.site.30, 3, 150, 153
411483.3.peg.1980.site.31, 2, 154, 156
411483.3.peg.1980.site.32, 4, 152, 156
411483.3.peg.1980.site.33, 1, 150, 151
411483.3.peg.1980.site.34, 3, 153, 156
411483.3.peg.1980.site.35, 10, 153, 163
411483.3.peg.1980.site.36, 12, 153, 165
411483.3.peg.1980.site.37, 103, 148, 251
411483.3.peg.1980.site.38, 5, 153, 158
411483.3.peg.1980.site.39, 2, 153, 155
411483.3.peg.1980.site.40, 1, 126, 127
411483.3.peg.1980.site.41, 10, 130, 140
411483.3.peg.1980.site.42, 7, 139, 146
411483.3.peg.1980.site.43, 4, 149, 153
411483.3.peg.1980.site.44, 1, 147, 148
411483.3.peg.1980.site.45, 7, 152, 159
411483.3.peg.1980.site.46, 0, 151, 151
411483.3.peg.1980.site.47, 2, 154, 156
411483.3.peg.1980.site.48, 0, 152, 152
411483.3.peg.1980.site.49, 1, 154, 155
411483.3.peg.1980.site.50, 0, 153, 153
411483.3.peg.1980.site.51, 12, 152, 164
411483.3.peg.1980.site.52, 2, 155, 157
411483.3.peg.1980.site.53, 2, 155, 157
411483.3.peg.1980.site.54, 7, 151, 158
411483.3.peg.1980.site.55, 2, 145, 147
411483.3.peg.1980.site.56, 54, 126, 180
411483.3.peg.1980.site.57, 2, 137, 139
411483.3.peg.1320.site.1, 9, 154, 163
411483.3.peg.1320.site.2, 125, 146, 271
411483.3.peg.1320.site.3, 0, 151, 151
411483.3.peg.1320.site.4, 4, 151, 155
411483.3.peg.1320.site.5, 2, 149, 151
411483.3.peg.1320.site.6, 8, 151, 159
411483.3.peg.1320.site.7, 1, 148, 149
411483.3.peg.1320.site.8, 1, 151, 152
411483.3.peg.1320.site.9, 1, 152, 153
411483.3.peg.1320.site.10, 2, 154, 156
411483.3.peg.1320.site.11, 4, 155, 159
411483.3.peg.1320.site.12, 44, 140, 184
411483.3.peg.1320.site.13, 7, 154, 161
411483.3.peg.1320.site.14, 17, 151, 168
411483.3.peg.1320.site.15, 19, 147, 166
411483.3.peg.1320.site.16, 7, 152, 159
411483.3.peg.1320.site.17, 2, 154, 156
411483.3.peg.1320.site.18, 10, 150, 160
411483.3.peg.1320.site.19, 80, 147, 227
411483.3.peg.1320.site.20, 118, 149, 267
411483.3.peg.1320.site.21, 0, 153, 153
411483.3.peg.1320.site.22, 84, 139, 223
411483.3.peg.1320.site.23, 18, 148, 166
411483.3.peg.1320.site.24, 6, 146, 152
411483.3.peg.1320.site.25, 52, 136, 188
411483.3.peg.1320.site.26, 5, 152, 157
411483.3.peg.1320.site.27, 16, 143, 159
411483.3.peg.1320.site.28, 2, 154, 156
411483.3.peg.1320.site.29, 2, 155, 157
411483.3.peg.1320.site.30, 48, 148, 196
411483.3.peg.1320.site.31, 11, 151, 162
411483.3.peg.1320.site.32, 0, 154, 154
411483.3.peg.1320.site.33, 9, 149, 158
411483.3.peg.1320.site.34, 56, 143, 199
411483.3.peg.1320.site.35, 12, 152, 164
411483.3.peg.1320.site.36, 1, 152, 153
411483.3.peg.1320.site.37, 2, 153, 155
411483.3.peg.1320.site.38, 29, 149, 178
411483.3.peg.1320.site.39, 1, 153, 154
411483.3.peg.1320.site.40, 2, 151, 153
411483.3.peg.1320.site.41, 22, 142, 164
411483.3.peg.1320.site.42, 61, 125, 186
411483.3.peg.1320.site.43, 130, 134, 264
411483.3.peg.1320.site.44, 3, 133, 136
411483.3.peg.1320.site.45, 1, 130, 131
411483.3.peg.1320.site.46, 111, 129, 240
411483.3.peg.1320.site.47, 1, 139, 140
411483.3.peg.1320.site.48, 64, 125, 189
411483.3.peg.1320.site.49, 2, 144, 146
411483.3.peg.1320.site.50, 8, 140, 148
411483.3.peg.1320.site.51, 53, 132, 185
411483.3.peg.1320.site.52, 4, 138, 142
411483.3.peg.1320.site.53, 7, 132, 139
411483.3.peg.1320.site.54, 15, 132, 147
411483.3.peg.1320.site.55, 1, 127, 128
411483.3.peg.1320.site.56, 6, 127, 133
411483.3.peg.1320.site.57, 4, 135, 139
411483.3.peg.1320.site.58, 2, 135, 137
411483.3.peg.1320.site.59, 6, 128, 134
411483.3.peg.1320.site.60, 0, 135, 135
411483.3.peg.1320.site.61, 33, 138, 171
411483.3.peg.1320.site.62, 6, 146, 152
411483.3.peg.1320.site.63, 24, 145, 169
411483.3.peg.1320.site.64, 1, 131, 132
411483.3.peg.1327.site.1, 0, 154, 154
411483.3.peg.1327.site.2, 0, 150, 150
411483.3.peg.1327.site.3, 4, 148, 152
411483.3.peg.1327.site.4, 1, 148, 149
411483.3.peg.1327.site.5, 1, 151, 152
411483.3.peg.1327.site.6, 7, 150, 157
411483.3.peg.1327.site.7, 1, 152, 153
411483.3.peg.1327.site.8, 2, 150, 152
411483.3.peg.1327.site.9, 148, 149, 297
411483.3.peg.1327.site.10, 1, 149, 150
411483.3.peg.1327.site.11, 4, 150, 154
411483.3.peg.1327.site.12, 0, 145, 145
411483.3.peg.1327.site.13, 4, 149, 153
411483.3.peg.1327.site.14, 4, 152, 156
411483.3.peg.1327.site.15, 1, 150, 151
411483.3.peg.1327.site.16, 3, 152, 155
411483.3.peg.1327.site.17, 0, 150, 150
411483.3.peg.1327.site.18, 27, 147, 174
411483.3.peg.1327.site.19, 5, 147, 152
411483.3.peg.1327.site.20, 8, 147, 155
411483.3.peg.1327.site.21, 0, 147, 147
411483.3.peg.1327.site.22, 3, 144, 147
411483.3.peg.1327.site.23, 123, 143, 266
411483.3.peg.1327.site.24, 126, 137, 263
411483.3.peg.1327.site.25, 70, 130, 200
411483.3.peg.1327.site.26, 1, 147, 148
411483.3.peg.1327.site.27, 6, 151, 157
411483.3.peg.1327.site.28, 23, 148, 171
411483.3.peg.1327.site.29, 0, 146, 146
411483.3.peg.1327.site.30, 0, 147, 147
411483.3.peg.1327.site.31, 1, 148, 149
411483.3.peg.1327.site.32, 1, 148, 149
411483.3.peg.1327.site.33, 54, 139, 193
411483.3.peg.1327.site.34, 9, 143, 152
411483.3.peg.1327.site.35, 21, 145, 166
411483.3.peg.1327.site.36, 0, 145, 145
411483.3.peg.1327.site.37, 6, 142, 148
411483.3.peg.1327.site.38, 1, 141, 142
411483.3.peg.1327.site.39, 7, 140, 147
411483.3.peg.1327.site.40, 106, 112, 218
411483.3.peg.1327.site.41, 137, 137, 274
411483.3.peg.1327.site.42, 5, 132, 137
411483.3.peg.1327.site.43, 2, 139, 141
411483.3.peg.1327.site.44, 7, 138, 145
411483.3.peg.1327.site.45, 1, 136, 137
411483.3.peg.1327.site.46, 4, 133, 137
411483.3.peg.1327.site.47, 2, 147, 149
411483.3.peg.1327.site.48, 1, 147, 148
411483.3.peg.1327.site.49, 3, 149, 152
411483.3.peg.1327.site.50, 19, 148, 167
411483.3.peg.1327.site.51, 0, 152, 152
411483.3.peg.1327.site.52, 1, 153, 154
411483.3.peg.1327.site.53, 2, 154, 156
411483.3.peg.1327.site.54, 1, 149, 150
411483.3.peg.1327.site.55, 1, 148, 149
411483.3.peg.1327.site.56, 1, 150, 151
411483.3.peg.1327.site.57, 0, 141, 141
411483.3.peg.1327.site.58, 0, 147, 147
411483.3.peg.1327.site.59, 0, 145, 145
411483.3.peg.1327.site.60, 4, 150, 154
411483.3.peg.1327.site.61, 1, 152, 153
411483.3.peg.1327.site.62, 2, 150, 152
411483.3.peg.1327.site.63, 20, 134, 154
411483.3.peg.1327.site.64, 0, 140, 140
411483.3.peg.1326.site.1, 0, 154, 154
411483.3.peg.1326.site.2, 5, 153, 158
411483.3.peg.1326.site.3, 1, 153, 154
411483.3.peg.1326.site.4, 16, 151, 167
411483.3.peg.1326.site.5, 16, 150, 166
411483.3.peg.1326.site.6, 12, 151, 163
411483.3.peg.1326.site.7, 7, 152, 159
411483.3.peg.1326.site.8, 7, 150, 157
411483.3.peg.1326.site.9, 9, 149, 158
411483.3.peg.1326.site.10, 1, 150, 151
411483.3.peg.1326.site.11, 124, 142, 266
411483.3.peg.1326.site.12, 2, 137, 139
411483.3.peg.1326.site.13, 117, 144, 261
411483.3.peg.1326.site.14, 128, 141, 269
411483.3.peg.1326.site.15, 5, 143, 148
411483.3.peg.1326.site.16, 1, 146, 147
411483.3.peg.1326.site.17, 0, 149, 149
411483.3.peg.1326.site.18, 4, 141, 145
411483.3.peg.1326.site.19, 3, 148, 151
411483.3.peg.1326.site.20, 2, 153, 155
411483.3.peg.1326.site.21, 5, 151, 156
411483.3.peg.1326.site.22, 2, 153, 155
411483.3.peg.1326.site.23, 6, 151, 157
411483.3.peg.1326.site.24, 16, 152, 168
411483.3.peg.1326.site.25, 149, 150, 299
411483.3.peg.1326.site.26, 0, 154, 154
411483.3.peg.1326.site.27, 1, 154, 155
411483.3.peg.1326.site.28, 8, 151, 159
411483.3.peg.1326.site.29, 134, 148, 282
411483.3.peg.1326.site.30, 1, 155, 156
411483.3.peg.1326.site.31, 1, 153, 154
411483.3.peg.1326.site.32, 1, 152, 153
411483.3.peg.1326.site.33, 4, 154, 158
411483.3.peg.1326.site.34, 3, 151, 154
411483.3.peg.1326.site.35, 3, 147, 150
411483.3.peg.1326.site.36, 0, 150, 150
411483.3.peg.1326.site.37, 1, 154, 155
411483.3.peg.1325.site.1, 107, 145, 252
411483.3.peg.1325.site.2, 7, 152, 159
411483.3.peg.1325.site.3, 16, 145, 161
411483.3.peg.1325.site.4, 0, 149, 149
411483.3.peg.1325.site.5, 1, 153, 154
411483.3.peg.1325.site.6, 0, 152, 152
411483.3.peg.1325.site.7, 50, 138, 188
411483.3.peg.1325.site.8, 24, 136, 160
411483.3.peg.1325.site.9, 40, 128, 168
411483.3.peg.1325.site.10, 46, 125, 171
411483.3.peg.1325.site.11, 2, 136, 138
411483.3.peg.1325.site.12, 14, 140, 154
411483.3.peg.1325.site.13, 1, 144, 145
411483.3.peg.1325.site.14, 1, 138, 139
411483.3.peg.1325.site.15, 1, 146, 147
411483.3.peg.1325.site.16, 2, 144, 146
411483.3.peg.1325.site.17, 41, 132, 173
411483.3.peg.1325.site.18, 0, 143, 143
411483.3.peg.1325.site.19, 24, 135, 159
411483.3.peg.1325.site.20, 8, 129, 137
411483.3.peg.1325.site.21, 2, 121, 123
411483.3.peg.1325.site.22, 18, 130, 148
411483.3.peg.1325.site.23, 3, 121, 124
411483.3.peg.1325.site.24, 2, 126, 128
411483.3.peg.1325.site.25, 0, 120, 120
411483.3.peg.1325.site.26, 0, 135, 135
411483.3.peg.1325.site.27, 8, 133, 141
411483.3.peg.1325.site.28, 1, 142, 143
411483.3.peg.1325.site.29, 2, 142, 144
411483.3.peg.1325.site.30, 2, 140, 142
411483.3.peg.1325.site.31, 5, 137, 142
411483.3.peg.1325.site.32, 0, 142, 142
411483.3.peg.1325.site.33, 5, 143, 148
411483.3.peg.1325.site.34, 1, 144, 145
411483.3.peg.1325.site.35, 0, 145, 145
411483.3.peg.1325.site.36, 2, 138, 140
411483.3.peg.1325.site.37, 37, 128, 165
411483.3.peg.1325.site.38, 3, 131, 134
411483.3.peg.1325.site.39, 3, 123, 126
411483.3.peg.1325.site.40, 83, 116, 199
411483.3.peg.1325.site.41, 2, 130, 132
411483.3.peg.1325.site.42, 13, 133, 146
411483.3.peg.1325.site.43, 1, 118, 119
411483.3.peg.1325.site.44, 103, 105, 208
411483.3.peg.1325.site.45, 34, 106, 140
411483.3.peg.1325.site.46, 1, 106, 107
411483.3.peg.1325.site.47, 3, 107, 110
411483.3.peg.1325.site.48, 101, 104, 205
411483.3.peg.1325.site.49, 0, 129, 129
411483.3.peg.1325.site.50, 10, 128, 138
411483.3.peg.1325.site.51, 28, 128, 156
411483.3.peg.1325.site.52, 1, 137, 138
411483.3.peg.1325.site.53, 5, 136, 141
411483.3.peg.1325.site.54, 24, 127, 151
411483.3.peg.1325.site.55, 15, 138, 153
411483.3.peg.1325.site.56, 20, 128, 148
411483.3.peg.1325.site.57, 4, 133, 137
411483.3.peg.1325.site.58, 1, 132, 133
411483.3.peg.1325.site.59, 1, 138, 139
411483.3.peg.1325.site.60, 0, 147, 147
411483.3.peg.1325.site.61, 2, 148, 150
411483.3.peg.1325.site.62, 3, 152, 155
411483.3.peg.1325.site.63, 6, 149, 155
411483.3.peg.1325.site.64, 2, 152, 154
411483.3.peg.1325.site.65, 0, 152, 152
411483.3.peg.1325.site.66, 2, 152, 154
411483.3.peg.1325.site.67, 2, 151, 153
411483.3.peg.1325.site.68, 1, 146, 147
411483.3.peg.1325.site.69, 12, 142, 154
411483.3.peg.1325.site.70, 41, 125, 166
411483.3.peg.1325.site.71, 1, 127, 128
411483.3.peg.1325.site.72, 1, 117, 118
411483.3.peg.1325.site.73, 79, 93, 172
411483.3.peg.1325.site.74, 10, 72, 82
411483.3.peg.1325.site.75, 41, 60, 101
411483.3.peg.1325.site.76, 3, 72, 75
411483.3.peg.1325.site.77, 3, 80, 83
411483.3.peg.1325.site.78, 53, 68, 121
411483.3.peg.1325.site.79, 0, 86, 86
411483.3.peg.1325.site.80, 6, 87, 93
411483.3.peg.1325.site.81, 26, 89, 115
411483.3.peg.1325.site.82, 0, 104, 104
411483.3.peg.1325.site.83, 2, 102, 104
411483.3.peg.1325.site.84, 4, 115, 119
411483.3.peg.1325.site.85, 2, 141, 143
411483.3.peg.1325.site.86, 1, 137, 138
411483.3.peg.1325.site.87, 1, 143, 144
411483.3.peg.1325.site.88, 2, 151, 153
411483.3.peg.1325.site.89, 4, 146, 150
411483.3.peg.1325.site.90, 1, 142, 143
411483.3.peg.1325.site.91, 127, 130, 257
411483.3.peg.1325.site.92, 3, 138, 141
411483.3.peg.1325.site.93, 1, 140, 141
411483.3.peg.1325.site.94, 3, 145, 148
411483.3.peg.1325.site.95, 0, 145, 145
411483.3.peg.1325.site.96, 13, 144, 157
411483.3.peg.1325.site.97, 1, 148, 149
411483.3.peg.1325.site.98, 6, 143, 149
411483.3.peg.1325.site.99, 1, 144, 145
411483.3.peg.1325.site.100, 1, 147, 148
411483.3.peg.1325.site.101, 10, 144, 154
411483.3.peg.1325.site.102, 5, 147, 152
411483.3.peg.1325.site.103, 6, 148, 154
411483.3.peg.1325.site.104, 135, 141, 276
411483.3.peg.1325.site.105, 2, 151, 153
411483.3.peg.1325.site.106, 137, 143, 280
411483.3.peg.1325.site.107, 4, 149, 153
411483.3.peg.1325.site.108, 1, 149, 150
411483.3.peg.1325.site.109, 4, 145, 149
411483.3.peg.1324.site.1, 0, 47, 47
411483.3.peg.1324.site.2, 26, 64, 90
411483.3.peg.1324.site.3, 6, 99, 105
411483.3.peg.1324.site.4, 0, 130, 130
411483.3.peg.1324.site.5, 49, 129, 178
411483.3.peg.1324.site.6, 21, 133, 154
411483.3.peg.1324.site.7, 20, 127, 147
411483.3.peg.1324.site.8, 32, 135, 167
411483.3.peg.1324.site.9, 25, 139, 164
411483.3.peg.1324.site.10, 1, 139, 140
411483.3.peg.1324.site.11, 2, 140, 142
411483.3.peg.1324.site.12, 1, 134, 135
411483.3.peg.1324.site.13, 3, 141, 144
411483.3.peg.1324.site.14, 3, 139, 142
411483.3.peg.1324.site.15, 3, 136, 139
411483.3.peg.1324.site.16, 27, 119, 146
411483.3.peg.1324.site.17, 57, 109, 166
411483.3.peg.1324.site.18, 19, 113, 132
411483.3.peg.1324.site.19, 4, 117, 121
411483.3.peg.1324.site.20, 8, 113, 121
411483.3.peg.1324.site.21, 0, 119, 119
411483.3.peg.1324.site.22, 1, 116, 117
411483.3.peg.1324.site.23, 2, 116, 118
411483.3.peg.1324.site.24, 3, 113, 116
411483.3.peg.1324.site.25, 1, 122, 123
411483.3.peg.1324.site.26, 1, 124, 125
411483.3.peg.1324.site.27, 1, 137, 138
411483.3.peg.1324.site.28, 2, 135, 137
411483.3.peg.1324.site.29, 19, 132, 151
411483.3.peg.1324.site.30, 19, 136, 155
411483.3.peg.1324.site.31, 1, 131, 132
411483.3.peg.1324.site.32, 5, 138, 143
411483.3.peg.1324.site.33, 0, 131, 131
411483.3.peg.1324.site.34, 26, 133, 159
411483.3.peg.1324.site.35, 5, 130, 135
411483.3.peg.1324.site.36, 4, 132, 136
411483.3.peg.1324.site.37, 8, 135, 143
411483.3.peg.1324.site.38, 2, 136, 138
411483.3.peg.1324.site.39, 13, 128, 141
411483.3.peg.1324.site.40, 1, 123, 124
411483.3.peg.1324.site.41, 2, 121, 123
411483.3.peg.1324.site.42, 4, 118, 122
411483.3.peg.1324.site.43, 2, 109, 111
411483.3.peg.1324.site.44, 48, 89, 137
411483.3.peg.1324.site.45, 3, 108, 111
411483.3.peg.1324.site.46, 3, 91, 94
411483.3.peg.1324.site.47, 69, 74, 143
411483.3.peg.1324.site.48, 1, 61, 62
411483.3.peg.1324.site.49, 1, 64, 65
411483.3.peg.1324.site.50, 1, 66, 67
411483.3.peg.1324.site.51, 4, 61, 65
411483.3.peg.1324.site.52, 1, 69, 70
411483.3.peg.1324.site.53, 5, 67, 72
411483.3.peg.1324.site.54, 1, 78, 79
411483.3.peg.1324.site.55, 2, 66, 68
411483.3.peg.1324.site.56, 17, 74, 91
411483.3.peg.1324.site.57, 17, 91, 108
411483.3.peg.1324.site.58, 1, 77, 78
411483.3.peg.1324.site.59, 1, 98, 99
411483.3.peg.1324.site.60, 86, 91, 177
411483.3.peg.1324.site.61, 1, 77, 78
411483.3.peg.1324.site.62, 2, 73, 75
411483.3.peg.1324.site.63, 12, 56, 68
411483.3.peg.1324.site.64, 25, 56, 81
411483.3.peg.1324.site.65, 7, 69, 76
411483.3.peg.1324.site.66, 71, 77, 148
411483.3.peg.1324.site.67, 30, 82, 112
411483.3.peg.1324.site.68, 18, 81, 99
411483.3.peg.1324.site.69, 2, 94, 96
411483.3.peg.1324.site.70, 5, 91, 96
411483.3.peg.1324.site.71, 1, 94, 95
411483.3.peg.1324.site.72, 6, 76, 82
411483.3.peg.1324.site.73, 54, 60, 114
411483.3.peg.1324.site.74, 50, 55, 105
411483.3.peg.1324.site.75, 46, 57, 103
411483.3.peg.1324.site.76, 54, 60, 114
411483.3.peg.1324.site.77, 1, 57, 58
411483.3.peg.1324.site.78, 5, 52, 57
411483.3.peg.1324.site.79, 2, 48, 50
411483.3.peg.1324.site.80, 25, 55, 80
411483.3.peg.1324.site.81, 2, 50, 52
411483.3.peg.1324.site.82, 1, 60, 61
411483.3.peg.1324.site.83, 1, 59, 60
411483.3.peg.1324.site.84, 2, 74, 76
411483.3.peg.1324.site.85, 3, 75, 78
411483.3.peg.1324.site.86, 1, 74, 75
411483.3.peg.1324.site.87, 7, 75, 82
411483.3.peg.1324.site.88, 15, 66, 81
411483.3.peg.1324.site.89, 43, 68, 111
411483.3.peg.1324.site.90, 4, 69, 73
411483.3.peg.1324.site.91, 8, 81, 89
411483.3.peg.1324.site.92, 17, 71, 88
411483.3.peg.1324.site.93, 1, 78, 79
411483.3.peg.1324.site.94, 1, 81, 82
411483.3.peg.1324.site.95, 6, 75, 81
411483.3.peg.1324.site.96, 7, 78, 85
411483.3.peg.1324.site.97, 27, 69, 96
411483.3.peg.1324.site.98, 70, 73, 143
411483.3.peg.1324.site.99, 1, 57, 58
411483.3.peg.1324.site.100, 6, 66, 72
411483.3.peg.1324.site.101, 12, 54, 66
411483.3.peg.1324.site.102, 4, 58, 62
411483.3.peg.1324.site.103, 10, 49, 59
411483.3.peg.1324.site.104, 2, 79, 81
411483.3.peg.1324.site.105, 3, 80, 83
411483.3.peg.1324.site.106, 2, 89, 91
411483.3.peg.1324.site.107, 7, 92, 99
411483.3.peg.1324.site.108, 0, 85, 85
411483.3.peg.1324.site.109, 9, 101, 110
411483.3.peg.1324.site.110, 3, 101, 104
411483.3.peg.1324.site.111, 15, 97, 112
411483.3.peg.1324.site.112, 1, 110, 111
411483.3.peg.1324.site.113, 2, 106, 108
411483.3.peg.1324.site.114, 2, 118, 120
411483.3.peg.1324.site.115, 3, 122, 125
411483.3.peg.1324.site.116, 69, 108, 177
411483.3.peg.1324.site.117, 1, 120, 121
411483.3.peg.1324.site.118, 8, 121, 129
411483.3.peg.1324.site.119, 8, 119, 127
411483.3.peg.1324.site.120, 8, 117, 125
411483.3.peg.1324.site.121, 5, 118, 123
411483.3.peg.1324.site.122, 0, 126, 126
411483.3.peg.1324.site.123, 123, 125, 248
411483.3.peg.1324.site.124, 2, 133, 135
411483.3.peg.1324.site.125, 0, 132, 132
411483.3.peg.1324.site.126, 3, 125, 128
411483.3.peg.1324.site.127, 1, 128, 129
411483.3.peg.1324.site.128, 9, 115, 124
411483.3.peg.1324.site.129, 5, 116, 121
411483.3.peg.1324.site.130, 17, 107, 124
411483.3.peg.1324.site.131, 1, 110, 111
411483.3.peg.1324.site.132, 6, 118, 124
411483.3.peg.1324.site.133, 2, 122, 124
411483.3.peg.1324.site.134, 3, 122, 125
411483.3.peg.1324.site.135, 5, 142, 147
411483.3.peg.1324.site.136, 5, 143, 148
411483.3.peg.2188.site.1, 20, 36, 56
411483.3.peg.2188.site.2, 9, 41, 50
411483.3.peg.2188.site.3, 28, 60, 88
411483.3.peg.2188.site.4, 44, 100, 144
411483.3.peg.2188.site.5, 15, 141, 156
411483.3.peg.2188.site.6, 4, 143, 147
411483.3.peg.2188.site.7, 7, 150, 157
411483.3.peg.2188.site.8, 3, 151, 154
411483.3.peg.2188.site.9, 8, 147, 155
411483.3.peg.2188.site.10, 152, 154, 306
411483.3.peg.2188.site.11, 0, 153, 153
411483.3.peg.2188.site.12, 23, 149, 172
411483.3.peg.2188.site.13, 4, 152, 156
411483.3.peg.2188.site.14, 25, 143, 168
411483.3.peg.2188.site.15, 14, 138, 152
411483.3.peg.2188.site.16, 4, 140, 144
411483.3.peg.2188.site.17, 38, 127, 165
411483.3.peg.2188.site.18, 1, 135, 136
411483.3.peg.2188.site.19, 1, 130, 131
411483.3.peg.2188.site.20, 6, 129, 135
411483.3.peg.2188.site.21, 77, 124, 201
411483.3.peg.2188.site.22, 7, 120, 127
411483.3.peg.2188.site.23, 1, 116, 117
411483.3.peg.2188.site.24, 2, 114, 116
411483.3.peg.2188.site.25, 1, 100, 101
411483.3.peg.2188.site.26, 4, 67, 71
411483.3.peg.2188.site.27, 10, 73, 83
411483.3.peg.2188.site.28, 64, 85, 149
411483.3.peg.2188.site.29, 1, 83, 84
411483.3.peg.2188.site.30, 1, 83, 84
411483.3.peg.2188.site.31, 1, 72, 73
411483.3.peg.2188.site.32, 3, 90, 93
411483.3.peg.2188.site.33, 2, 99, 101
411483.3.peg.2189.site.1, 6, 149, 155
411483.3.peg.2189.site.2, 1, 150, 151
411483.3.peg.2189.site.3, 3, 151, 154
411483.3.peg.2189.site.4, 39, 142, 181
411483.3.peg.2189.site.5, 16, 149, 165
411483.3.peg.2189.site.6, 1, 150, 151
411483.3.peg.2189.site.7, 3, 152, 155
411483.3.peg.2189.site.8, 8, 148, 156
411483.3.peg.2189.site.9, 20, 148, 168
411483.3.peg.2189.site.10, 2, 148, 150
411483.3.peg.2189.site.11, 2, 146, 148
411483.3.peg.2189.site.12, 1, 148, 149
411483.3.peg.2189.site.13, 4, 147, 151
411483.3.peg.2189.site.14, 2, 146, 148
411483.3.peg.2189.site.15, 2, 146, 148
411483.3.peg.2189.site.16, 0, 147, 147
411483.3.peg.2189.site.17, 1, 147, 148
411483.3.peg.2189.site.18, 8, 143, 151
411483.3.peg.2189.site.19, 3, 140, 143
411483.3.peg.2189.site.20, 7, 152, 159
411483.3.peg.2189.site.21, 1, 152, 153
411483.3.peg.2189.site.22, 0, 150, 150
411483.3.peg.2189.site.23, 0, 152, 152
411483.3.peg.2189.site.24, 10, 153, 163
411483.3.peg.2189.site.25, 0, 153, 153
411483.3.peg.2189.site.26, 1, 155, 156
411483.3.peg.2189.site.27, 1, 154, 155
411483.3.peg.2189.site.28, 2, 153, 155
411483.3.peg.2189.site.29, 8, 150, 158
411483.3.peg.2189.site.30, 23, 141, 164
411483.3.peg.2189.site.31, 105, 140, 245
411483.3.peg.2189.site.32, 1, 150, 151
411483.3.peg.2189.site.33, 1, 151, 152
411483.3.peg.2189.site.34, 8, 154, 162
411483.3.peg.2189.site.35, 6, 152, 158
411483.3.peg.2189.site.36, 122, 149, 271
411483.3.peg.2189.site.37, 4, 154, 158
411483.3.peg.2189.site.38, 9, 151, 160
411483.3.peg.2189.site.39, 10, 149, 159
411483.3.peg.2189.site.40, 1, 153, 154
411483.3.peg.2189.site.41, 0, 150, 150
411483.3.peg.2189.site.42, 56, 140, 196
411483.3.peg.2189.site.43, 3, 151, 154
411483.3.peg.2189.site.44, 6, 152, 158
411483.3.peg.2189.site.45, 1, 152, 153
411483.3.peg.2189.site.46, 2, 146, 148
411483.3.peg.2189.site.47, 3, 150, 153
411483.3.peg.2189.site.48, 1, 149, 150
411483.3.peg.2189.site.49, 1, 145, 146
411483.3.peg.2189.site.50, 0, 146, 146
411483.3.peg.2189.site.51, 1, 145, 146
411483.3.peg.2189.site.52, 8, 150, 158
411483.3.peg.2189.site.53, 6, 145, 151
411483.3.peg.2189.site.54, 0, 135, 135
411483.3.peg.2189.site.55, 4, 123, 127
411483.3.peg.2189.site.56, 0, 124, 124
411483.3.peg.2189.site.57, 4, 116, 120
411483.3.peg.2189.site.58, 40, 102, 142
411483.3.peg.2189.site.59, 1, 136, 137
411483.3.peg.2189.site.60, 15, 134, 149
411483.3.peg.2189.site.61, 6, 140, 146
411483.3.peg.2189.site.62, 2, 137, 139
411483.3.peg.2189.site.63, 7, 141, 148
411483.3.peg.2189.site.64, 5, 140, 145
411483.3.peg.2189.site.65, 3, 145, 148
411483.3.peg.2189.site.66, 36, 139, 175
411483.3.peg.2189.site.67, 1, 144, 145
411483.3.peg.2189.site.68, 1, 147, 148
411483.3.peg.2189.site.69, 0, 145, 145
411483.3.peg.2189.site.70, 2, 149, 151
411483.3.peg.2189.site.71, 1, 146, 147
411483.3.peg.2189.site.72, 2, 151, 153
411483.3.peg.2189.site.73, 8, 153, 161
411483.3.peg.2189.site.74, 1, 153, 154
411483.3.peg.2189.site.75, 11, 148, 159
411483.3.peg.2189.site.76, 4, 154, 158
411483.3.peg.2189.site.77, 103, 144, 247
411483.3.peg.2189.site.78, 2, 154, 156
411483.3.peg.2186.site.1, 5, 97, 102
411483.3.peg.2186.site.2, 1, 149, 150
411483.3.peg.2186.site.3, 1, 148, 149
411483.3.peg.2186.site.4, 0, 151, 151
411483.3.peg.2186.site.5, 153, 155, 308
411483.3.peg.2186.site.6, 4, 154, 158
411483.3.peg.2186.site.7, 38, 149, 187
411483.3.peg.2186.site.8, 72, 148, 220
411483.3.peg.2186.site.9, 52, 141, 193
411483.3.peg.2186.site.10, 1, 152, 153
411483.3.peg.2186.site.11, 0, 154, 154
411483.3.peg.2186.site.12, 1, 155, 156
411483.3.peg.2186.site.13, 13, 150, 163
411483.3.peg.2186.site.14, 11, 149, 160
411483.3.peg.2186.site.15, 7, 153, 160
411483.3.peg.2186.site.16, 4, 154, 158
411483.3.peg.2186.site.17, 0, 150, 150
411483.3.peg.2186.site.18, 1, 155, 156
411483.3.peg.2186.site.19, 3, 154, 157
411483.3.peg.2186.site.20, 81, 142, 223
411483.3.peg.2186.site.21, 7, 152, 159
411483.3.peg.2186.site.22, 13, 148, 161
411483.3.peg.2186.site.23, 44, 139, 183
411483.3.peg.2186.site.24, 76, 145, 221
411483.3.peg.2186.site.25, 8, 152, 160
411483.3.peg.2186.site.26, 0, 154, 154
411483.3.peg.2186.site.27, 13, 151, 164
411483.3.peg.2186.site.28, 1, 155, 156
411483.3.peg.2186.site.29, 21, 151, 172
411483.3.peg.2186.site.30, 1, 154, 155
411483.3.peg.2186.site.31, 1, 155, 156
411483.3.peg.2186.site.32, 1, 155, 156
411483.3.peg.2186.site.33, 0, 153, 153
411483.3.peg.2186.site.34, 1, 155, 156
411483.3.peg.2186.site.35, 5, 153, 158
411483.3.peg.2186.site.36, 2, 152, 154
411483.3.peg.2186.site.37, 110, 135, 245
411483.3.peg.2186.site.38, 2, 143, 145
411483.3.peg.2186.site.39, 3, 130, 133
411483.3.peg.2186.site.40, 0, 126, 126
411483.3.peg.2186.site.41, 3, 52, 55
411483.3.peg.2186.site.42, 25, 51, 76
411483.3.peg.2186.site.43, 9, 47, 56
411483.3.peg.2185.site.1, 0, 154, 154
411483.3.peg.2185.site.2, 3, 153, 156
411483.3.peg.2185.site.3, 1, 154, 155
411483.3.peg.2185.site.4, 0, 153, 153
411483.3.peg.2185.site.5, 3, 154, 157
411483.3.peg.2185.site.6, 31, 152, 183
411483.3.peg.2185.site.7, 6, 155, 161
411483.3.peg.2185.site.8, 4, 155, 159
411483.3.peg.2185.site.9, 3, 154, 157
411483.3.peg.2185.site.10, 1, 155, 156
411483.3.peg.2185.site.11, 16, 154, 170
411483.3.peg.2185.site.12, 7, 153, 160
411483.3.peg.2185.site.13, 9, 155, 164
411483.3.peg.2185.site.14, 129, 145, 274
411483.3.peg.2185.site.15, 6, 138, 144
411483.3.peg.2185.site.16, 1, 138, 139
411483.3.peg.2185.site.17, 60, 128, 188
411483.3.peg.2185.site.18, 1, 136, 137
411483.3.peg.2185.site.19, 1, 142, 143
411483.3.peg.2185.site.20, 0, 145, 145
411483.3.peg.2185.site.21, 3, 139, 142
411483.3.peg.2185.site.22, 3, 141, 144
411483.3.peg.2185.site.23, 1, 146, 147
411483.3.peg.2185.site.24, 1, 143, 144
411483.3.peg.2185.site.25, 58, 134, 192
411483.3.peg.2185.site.26, 3, 141, 144
411483.3.peg.2185.site.27, 25, 128, 153
411483.3.peg.2185.site.28, 3, 133, 136
411483.3.peg.2185.site.29, 2, 132, 134
411483.3.peg.2185.site.30, 1, 120, 121
411483.3.peg.2185.site.31, 21, 147, 168
411483.3.peg.2185.site.32, 2, 152, 154
411483.3.peg.2185.site.33, 1, 152, 153
411483.3.peg.2185.site.34, 18, 152, 170
411483.3.peg.2185.site.35, 9, 147, 156
411483.3.peg.2185.site.36, 0, 148, 148
411483.3.peg.2185.site.37, 15, 142, 157
411483.3.peg.2185.site.38, 1, 146, 147
411483.3.peg.2185.site.39, 125, 142, 267
411483.3.peg.2185.site.40, 24, 140, 164
411483.3.peg.2185.site.41, 2, 146, 148
411483.3.peg.2185.site.42, 3, 136, 139
411483.3.peg.2185.site.43, 26, 127, 153
411483.3.peg.2185.site.44, 1, 139, 140
411483.3.peg.2185.site.45, 19, 124, 143
411483.3.peg.2185.site.46, 0, 138, 138
411483.3.peg.2185.site.47, 35, 128, 163
411483.3.peg.2185.site.48, 2, 129, 131
411483.3.peg.2185.site.49, 0, 136, 136
411483.3.peg.2185.site.50, 3, 141, 144
411483.3.peg.2185.site.51, 0, 140, 140
411483.3.peg.2185.site.52, 7, 140, 147
411483.3.peg.2185.site.53, 0, 150, 150
411483.3.peg.2185.site.54, 6, 148, 154
411483.3.peg.2185.site.55, 2, 152, 154
411483.3.peg.2185.site.56, 1, 150, 151
411483.3.peg.2185.site.57, 7, 148, 155
411483.3.peg.2185.site.58, 58, 141, 199
411483.3.peg.2185.site.59, 12, 141, 153
411483.3.peg.2185.site.60, 6, 137, 143
411483.3.peg.2185.site.61, 22, 127, 149
411483.3.peg.2185.site.62, 4, 129, 133
411483.3.peg.2185.site.63, 2, 129, 131
411483.3.peg.2185.site.64, 49, 131, 180
411483.3.peg.2185.site.65, 0, 143, 143
411483.3.peg.2185.site.66, 3, 145, 148
411483.3.peg.2185.site.67, 3, 150, 153
411483.3.peg.2185.site.68, 0, 146, 146
411483.3.peg.2185.site.69, 1, 147, 148
411483.3.peg.2185.site.70, 1, 151, 152
411483.3.peg.2185.site.71, 1, 150, 151
411483.3.peg.2185.site.72, 0, 153, 153
411483.3.peg.2185.site.73, 2, 154, 156
411483.3.peg.2185.site.74, 4, 153, 157
411483.3.peg.2185.site.75, 8, 154, 162
411483.3.peg.2185.site.76, 16, 148, 164
411483.3.peg.2185.site.77, 116, 145, 261
411483.3.peg.2185.site.78, 1, 154, 155
411483.3.peg.2185.site.79, 2, 153, 155
411483.3.peg.2185.site.80, 2, 148, 150
411483.3.peg.2185.site.81, 1, 151, 152
411483.3.peg.2185.site.82, 4, 152, 156
411483.3.peg.2185.site.83, 11, 152, 163
411483.3.peg.2185.site.84, 5, 153, 158
411483.3.peg.2185.site.85, 2, 148, 150
411483.3.peg.2185.site.86, 1, 147, 148
411483.3.peg.2185.site.87, 93, 136, 229
411483.3.peg.2185.site.88, 1, 148, 149
411483.3.peg.2185.site.89, 1, 143, 144
411483.3.peg.2185.site.90, 5, 137, 142
411483.3.peg.2185.site.91, 3, 143, 146
411483.3.peg.2185.site.92, 4, 138, 142
411483.3.peg.2185.site.93, 39, 126, 165
411483.3.peg.2185.site.94, 1, 144, 145
411483.3.peg.2185.site.95, 115, 138, 253
411483.3.peg.2185.site.96, 12, 139, 151
411483.3.peg.2185.site.97, 1, 145, 146
411483.3.peg.2185.site.98, 8, 144, 152
411483.3.peg.2185.site.99, 0, 145, 145
411483.3.peg.2185.site.100, 13, 146, 159
411483.3.peg.2185.site.101, 3, 149, 152
411483.3.peg.2185.site.102, 0, 153, 153
411483.3.peg.2185.site.103, 4, 153, 157
411483.3.peg.2185.site.104, 1, 153, 154
411483.3.peg.2185.site.105, 4, 147, 151
411483.3.peg.2185.site.106, 1, 152, 153
411483.3.peg.2185.site.107, 1, 151, 152
411483.3.peg.2185.site.108, 1, 145, 146
411483.3.peg.2185.site.109, 0, 144, 144
411483.3.peg.2185.site.110, 0, 130, 130
411483.3.peg.2185.site.111, 10, 108, 118
411483.3.peg.2185.site.112, 88, 95, 183
411483.3.peg.2185.site.113, 3, 125, 128
411483.3.peg.2185.site.114, 4, 79, 83
411483.3.peg.2185.site.115, 1, 101, 102
411483.3.peg.2185.site.116, 0, 110, 110
411483.3.peg.2185.site.117, 9, 115, 124
411483.3.peg.2185.site.118, 14, 81, 95
411483.3.peg.2185.site.119, 10, 84, 94
411483.3.peg.2185.site.120, 17, 69, 86
411483.3.peg.25.site.1, 20, 148, 168
411483.3.peg.25.site.2, 1, 155, 156
411483.3.peg.25.site.3, 0, 152, 152
411483.3.peg.25.site.4, 0, 152, 152
411483.3.peg.25.site.5, 5, 150, 155
411483.3.peg.25.site.6, 2, 155, 157
411483.3.peg.25.site.7, 42, 148, 190
411483.3.peg.25.site.8, 133, 151, 284
411483.3.peg.25.site.9, 1, 155, 156
411483.3.peg.25.site.10, 1, 154, 155
411483.3.peg.25.site.11, 1, 155, 156
411483.3.peg.25.site.12, 1, 154, 155
411483.3.peg.25.site.13, 1, 151, 152
411483.3.peg.25.site.14, 2, 153, 155
411483.3.peg.25.site.15, 78, 145, 223
411483.3.peg.25.site.16, 3, 153, 156
411483.3.peg.25.site.17, 2, 150, 152
411483.3.peg.25.site.18, 1, 151, 152
411483.3.peg.25.site.19, 0, 150, 150
411483.3.peg.25.site.20, 54, 147, 201
411483.3.peg.25.site.21, 1, 154, 155
411483.3.peg.25.site.22, 17, 146, 163
411483.3.peg.25.site.23, 0, 151, 151
411483.3.peg.25.site.24, 4, 151, 155
411483.3.peg.25.site.25, 3, 150, 153
411483.3.peg.25.site.26, 1, 152, 153
411483.3.peg.25.site.27, 1, 152, 153
411483.3.peg.25.site.28, 0, 151, 151
411483.3.peg.25.site.29, 2, 154, 156
411483.3.peg.25.site.30, 1, 153, 154
411483.3.peg.25.site.31, 0, 149, 149
411483.3.peg.25.site.32, 1, 145, 146
411483.3.peg.25.site.33, 102, 124, 226
411483.3.peg.25.site.34, 0, 124, 124
411483.3.peg.25.site.35, 3, 132, 135
411483.3.peg.25.site.36, 2, 138, 140
411483.3.peg.25.site.37, 2, 130, 132
411483.3.peg.25.site.38, 118, 131, 249
411483.3.peg.25.site.39, 23, 131, 154
411483.3.peg.25.site.40, 3, 143, 146
411483.3.peg.25.site.41, 133, 140, 273
411483.3.peg.25.site.42, 2, 145, 147
411483.3.peg.25.site.43, 8, 143, 151
411483.3.peg.25.site.44, 4, 140, 144
411483.3.peg.25.site.45, 2, 141, 143
411483.3.peg.25.site.46, 13, 132, 145
411483.3.peg.25.site.47, 0, 144, 144
411483.3.peg.25.site.48, 2, 145, 147
411483.3.peg.25.site.49, 2, 140, 142
411483.3.peg.25.site.50, 2, 139, 141
411483.3.peg.25.site.51, 4, 139, 143
411483.3.peg.25.site.52, 3, 142, 145
411483.3.peg.25.site.53, 2, 119, 121
411483.3.peg.25.site.54, 5, 118, 123
411483.3.peg.25.site.55, 1, 116, 117
411483.3.peg.25.site.56, 4, 114, 118
411483.3.peg.25.site.57, 46, 106, 152
411483.3.peg.25.site.58, 4, 115, 119
411483.3.peg.25.site.59, 20, 113, 133
411483.3.peg.25.site.60, 3, 127, 130
411483.3.peg.25.site.61, 1, 123, 124
411483.3.peg.25.site.62, 2, 115, 117
411483.3.peg.25.site.63, 2, 105, 107
411483.3.peg.25.site.64, 1, 97, 98
411483.3.peg.25.site.65, 0, 133, 133
411483.3.peg.25.site.66, 1, 136, 137
411483.3.peg.25.site.67, 5, 139, 144
411483.3.peg.25.site.68, 1, 139, 140
411483.3.peg.25.site.69, 2, 145, 147
411483.3.peg.25.site.70, 11, 143, 154
411483.3.peg.25.site.71, 0, 147, 147
411483.3.peg.25.site.72, 4, 150, 154
411483.3.peg.25.site.73, 1, 148, 149
411483.3.peg.25.site.74, 47, 135, 182
411483.3.peg.25.site.75, 29, 137, 166
411483.3.peg.25.site.76, 0, 143, 143
411483.3.peg.25.site.77, 3, 148, 151
411483.3.peg.25.site.78, 0, 149, 149
411483.3.peg.25.site.79, 1, 150, 151
411483.3.peg.25.site.80, 8, 155, 163
411483.3.peg.25.site.81, 7, 154, 161
411483.3.peg.25.site.82, 2, 154, 156
411483.3.peg.25.site.83, 0, 152, 152
411483.3.peg.25.site.84, 0, 155, 155
411483.3.peg.25.site.85, 0, 154, 154
411483.3.peg.25.site.86, 0, 154, 154
411483.3.peg.25.site.87, 0, 154, 154
411483.3.peg.25.site.88, 0, 154, 154
411483.3.peg.25.site.89, 152, 152, 304
411483.3.peg.1433.site.1, 6, 151, 157
411483.3.peg.1433.site.2, 0, 151, 151
411483.3.peg.1433.site.3, 0, 150, 150
411483.3.peg.1433.site.4, 13, 139, 152
411483.3.peg.1433.site.5, 2, 139, 141
411483.3.peg.1433.site.6, 8, 139, 147
411483.3.peg.1433.site.7, 4, 130, 134
411483.3.peg.1433.site.8, 20, 135, 155
411483.3.peg.1433.site.9, 5, 141, 146
411483.3.peg.1433.site.10, 14, 136, 150
411483.3.peg.1433.site.11, 2, 142, 144
411483.3.peg.1433.site.12, 4, 147, 151
411483.3.peg.1433.site.13, 1, 148, 149
411483.3.peg.1433.site.14, 2, 149, 151
411483.3.peg.1433.site.15, 2, 147, 149
411483.3.peg.1433.site.16, 19, 140, 159
411483.3.peg.1433.site.17, 27, 141, 168
411483.3.peg.1433.site.18, 21, 138, 159
411483.3.peg.1433.site.19, 21, 134, 155
411483.3.peg.1433.site.20, 61, 131, 192
411483.3.peg.1433.site.21, 2, 144, 146
411483.3.peg.1433.site.22, 1, 135, 136
411483.3.peg.1433.site.23, 1, 138, 139
411483.3.peg.1433.site.24, 1, 142, 143
411483.3.peg.1433.site.25, 7, 143, 150
411483.3.peg.1433.site.26, 1, 149, 150
411483.3.peg.1433.site.27, 46, 135, 181
411483.3.peg.1433.site.28, 0, 148, 148
411483.3.peg.1433.site.29, 0, 148, 148
411483.3.peg.1433.site.30, 6, 148, 154
411483.3.peg.1433.site.31, 10, 143, 153
411483.3.peg.1433.site.32, 1, 146, 147
411483.3.peg.1433.site.33, 49, 137, 186
411483.3.peg.26.site.1, 9, 152, 161
411483.3.peg.26.site.2, 85, 145, 230
411483.3.peg.26.site.3, 7, 155, 162
411483.3.peg.26.site.4, 59, 147, 206
411483.3.peg.26.site.5, 1, 155, 156
411483.3.peg.26.site.6, 5, 153, 158
411483.3.peg.26.site.7, 0, 151, 151
411483.3.peg.26.site.8, 1, 153, 154
411483.3.peg.26.site.9, 1, 152, 153
411483.3.peg.26.site.10, 0, 153, 153
411483.3.peg.26.site.11, 8, 153, 161
411483.3.peg.26.site.12, 4, 151, 155
411483.3.peg.26.site.13, 3, 153, 156
411483.3.peg.26.site.14, 6, 150, 156
411483.3.peg.26.site.15, 1, 147, 148
411483.3.peg.26.site.16, 1, 147, 148
411483.3.peg.26.site.17, 4, 131, 135
411483.3.peg.26.site.18, 101, 127, 228
411483.3.peg.26.site.19, 0, 149, 149
411483.3.peg.26.site.20, 0, 152, 152
411483.3.peg.26.site.21, 7, 151, 158
411483.3.peg.26.site.22, 4, 153, 157
411483.3.peg.26.site.23, 5, 153, 158
411483.3.peg.26.site.24, 1, 154, 155
411483.3.peg.26.site.25, 5, 153, 158
411483.3.peg.26.site.26, 0, 154, 154
411483.3.peg.21.site.1, 139, 153, 292
411483.3.peg.21.site.2, 9, 154, 163
411483.3.peg.21.site.3, 3, 155, 158
411483.3.peg.21.site.4, 17, 154, 171
411483.3.peg.21.site.5, 1, 154, 155
411483.3.peg.21.site.6, 1, 153, 154
411483.3.peg.21.site.7, 5, 154, 159
411483.3.peg.21.site.8, 2, 154, 156
411483.3.peg.21.site.9, 0, 152, 152
411483.3.peg.21.site.10, 2, 153, 155
411483.3.peg.21.site.11, 14, 144, 158
411483.3.peg.21.site.12, 3, 153, 156
411483.3.peg.21.site.13, 53, 144, 197
411483.3.peg.21.site.14, 38, 147, 185
411483.3.peg.21.site.15, 0, 155, 155
411483.3.peg.20.site.1, 16, 139, 155
411483.3.peg.20.site.2, 15, 135, 150
411483.3.peg.20.site.3, 4, 150, 154
411483.3.peg.20.site.4, 1, 151, 152
411483.3.peg.20.site.5, 124, 141, 265
411483.3.peg.20.site.6, 2, 146, 148
411483.3.peg.20.site.7, 1, 149, 150
411483.3.peg.20.site.8, 5, 148, 153
411483.3.peg.20.site.9, 70, 134, 204
411483.3.peg.20.site.10, 6, 148, 154
411483.3.peg.20.site.11, 1, 152, 153
411483.3.peg.20.site.12, 1, 151, 152
411483.3.peg.20.site.13, 1, 152, 153
411483.3.peg.20.site.14, 6, 152, 158
411483.3.peg.20.site.15, 0, 154, 154
411483.3.peg.20.site.16, 3, 153, 156
411483.3.peg.20.site.17, 5, 150, 155
411483.3.peg.20.site.18, 2, 155, 157
411483.3.peg.20.site.19, 2, 152, 154
411483.3.peg.20.site.20, 2, 154, 156
411483.3.peg.20.site.21, 57, 140, 197
411483.3.peg.20.site.22, 0, 152, 152
411483.3.peg.20.site.23, 32, 148, 180
411483.3.peg.20.site.24, 1, 150, 151
411483.3.peg.20.site.25, 5, 152, 157
411483.3.peg.20.site.26, 1, 151, 152
411483.3.peg.20.site.27, 0, 150, 150
411483.3.peg.20.site.28, 8, 151, 159
411483.3.peg.20.site.29, 2, 152, 154
411483.3.peg.20.site.30, 123, 146, 269
411483.3.peg.20.site.31, 1, 153, 154
411483.3.peg.20.site.32, 0, 152, 152
411483.3.peg.20.site.33, 1, 153, 154
411483.3.peg.20.site.34, 4, 150, 154
411483.3.peg.20.site.35, 2, 153, 155
411483.3.peg.20.site.36, 2, 144, 146
411483.3.peg.20.site.37, 6, 148, 154
411483.3.peg.20.site.38, 6, 149, 155
411483.3.peg.20.site.39, 9, 145, 154
411483.3.peg.20.site.40, 1, 149, 150
411483.3.peg.20.site.41, 3, 148, 151
411483.3.peg.20.site.42, 0, 150, 150
411483.3.peg.20.site.43, 7, 150, 157
411483.3.peg.20.site.44, 5, 148, 153
411483.3.peg.20.site.45, 1, 150, 151
411483.3.peg.20.site.46, 44, 141, 185
411483.3.peg.20.site.47, 47, 138, 185
411483.3.peg.20.site.48, 3, 147, 150
411483.3.peg.20.site.49, 3, 146, 149
411483.3.peg.20.site.50, 7, 144, 151
411483.3.peg.20.site.51, 7, 140, 147
411483.3.peg.20.site.52, 8, 147, 155
411483.3.peg.20.site.53, 4, 147, 151
411483.3.peg.20.site.54, 2, 149, 151
411483.3.peg.20.site.55, 97, 137, 234
411483.3.peg.20.site.56, 9, 148, 157
411483.3.peg.20.site.57, 5, 154, 159
411483.3.peg.20.site.58, 3, 153, 156
411483.3.peg.20.site.59, 2, 150, 152
411483.3.peg.20.site.60, 2, 150, 152
411483.3.peg.20.site.61, 2, 140, 142
411483.3.peg.20.site.62, 6, 138, 144
411483.3.peg.20.site.63, 1, 140, 141
411483.3.peg.20.site.64, 3, 143, 146
411483.3.peg.20.site.65, 26, 142, 168
411483.3.peg.20.site.66, 145, 146, 291
411483.3.peg.20.site.67, 2, 147, 149
411483.3.peg.20.site.68, 7, 148, 155
411483.3.peg.20.site.69, 9, 150, 159
411483.3.peg.20.site.70, 151, 151, 302
411483.3.peg.20.site.71, 1, 149, 150
411483.3.peg.20.site.72, 1, 152, 153
411483.3.peg.23.site.1, 1, 154, 155
411483.3.peg.23.site.2, 2, 155, 157
411483.3.peg.23.site.3, 1, 154, 155
411483.3.peg.23.site.4, 1, 152, 153
411483.3.peg.23.site.5, 0, 153, 153
411483.3.peg.23.site.6, 0, 153, 153
411483.3.peg.23.site.7, 3, 153, 156
411483.3.peg.23.site.8, 4, 152, 156
411483.3.peg.23.site.9, 12, 152, 164
411483.3.peg.23.site.10, 7, 152, 159
411483.3.peg.23.site.11, 15, 151, 166
411483.3.peg.23.site.12, 4, 152, 156
411483.3.peg.23.site.13, 1, 148, 149
411483.3.peg.23.site.14, 8, 148, 156
411483.3.peg.23.site.15, 2, 146, 148
411483.3.peg.23.site.16, 25, 141, 166
411483.3.peg.23.site.17, 1, 145, 146
411483.3.peg.23.site.18, 2, 151, 153
411483.3.peg.23.site.19, 3, 149, 152
411483.3.peg.23.site.20, 0, 151, 151
411483.3.peg.23.site.21, 24, 150, 174
411483.3.peg.23.site.22, 0, 153, 153
411483.3.peg.23.site.23, 13, 153, 166
411483.3.peg.23.site.24, 5, 143, 148
411483.3.peg.23.site.25, 0, 133, 133
411483.3.peg.23.site.26, 0, 139, 139
411483.3.peg.23.site.27, 0, 142, 142
411483.3.peg.23.site.28, 2, 139, 141
411483.3.peg.23.site.29, 0, 141, 141
411483.3.peg.23.site.30, 6, 146, 152
411483.3.peg.23.site.31, 2, 147, 149
411483.3.peg.23.site.32, 14, 149, 163
411483.3.peg.23.site.33, 108, 146, 254
411483.3.peg.23.site.34, 1, 150, 151
411483.3.peg.23.site.35, 3, 151, 154
411483.3.peg.23.site.36, 4, 148, 152
411483.3.peg.23.site.37, 8, 147, 155
411483.3.peg.23.site.38, 8, 149, 157
411483.3.peg.23.site.39, 1, 151, 152
411483.3.peg.23.site.40, 12, 152, 164
411483.3.peg.23.site.41, 9, 154, 163
411483.3.peg.23.site.42, 5, 151, 156
411483.3.peg.23.site.43, 9, 150, 159
411483.3.peg.23.site.44, 1, 153, 154
411483.3.peg.23.site.45, 8, 147, 155
411483.3.peg.23.site.46, 0, 153, 153
411483.3.peg.23.site.47, 0, 153, 153
411483.3.peg.23.site.48, 10, 152, 162
411483.3.peg.23.site.49, 3, 153, 156
411483.3.peg.23.site.50, 0, 152, 152
411483.3.peg.23.site.51, 8, 151, 159
411483.3.peg.23.site.52, 0, 153, 153
411483.3.peg.23.site.53, 8, 152, 160
411483.3.peg.23.site.54, 0, 152, 152
411483.3.peg.23.site.55, 3, 149, 152
411483.3.peg.23.site.56, 12, 141, 153
411483.3.peg.23.site.57, 1, 140, 141
411483.3.peg.23.site.58, 2, 142, 144
411483.3.peg.23.site.59, 2, 139, 141
411483.3.peg.23.site.60, 1, 142, 143
411483.3.peg.23.site.61, 28, 129, 157
411483.3.peg.23.site.62, 1, 143, 144
411483.3.peg.23.site.63, 1, 134, 135
411483.3.peg.23.site.64, 5, 128, 133
411483.3.peg.23.site.65, 2, 146, 148
411483.3.peg.23.site.66, 0, 146, 146
411483.3.peg.23.site.67, 115, 138, 253
411483.3.peg.23.site.68, 1, 139, 140
411483.3.peg.23.site.69, 0, 138, 138
411483.3.peg.23.site.70, 3, 141, 144
411483.3.peg.23.site.71, 6, 138, 144
411483.3.peg.23.site.72, 2, 144, 146
411483.3.peg.23.site.73, 0, 138, 138
411483.3.peg.23.site.74, 7, 129, 136
411483.3.peg.23.site.75, 0, 137, 137
411483.3.peg.23.site.76, 0, 140, 140
411483.3.peg.22.site.1, 0, 152, 152
411483.3.peg.22.site.2, 1, 153, 154
411483.3.peg.22.site.3, 7, 151, 158
411483.3.peg.22.site.4, 1, 152, 153
411483.3.peg.22.site.5, 5, 150, 155
411483.3.peg.22.site.6, 0, 154, 154
411483.3.peg.22.site.7, 3, 151, 154
411483.3.peg.22.site.8, 1, 154, 155
411483.3.peg.22.site.9, 3, 154, 157
411483.3.peg.22.site.10, 1, 153, 154
411483.3.peg.22.site.11, 17, 146, 163
411483.3.peg.22.site.12, 1, 153, 154
411483.3.peg.22.site.13, 3, 151, 154
411483.3.peg.22.site.14, 2, 148, 150
411483.3.peg.22.site.15, 2, 151, 153
411483.3.peg.22.site.16, 0, 147, 147
411483.3.peg.22.site.17, 3, 147, 150
411483.3.peg.22.site.18, 6, 138, 144
411483.3.peg.22.site.19, 3, 128, 131
411483.3.peg.22.site.20, 2, 132, 134
411483.3.peg.22.site.21, 0, 147, 147
411483.3.peg.22.site.22, 6, 145, 151
411483.3.peg.22.site.23, 74, 143, 217
411483.3.peg.22.site.24, 25, 149, 174
411483.3.peg.22.site.25, 4, 154, 158
411483.3.peg.22.site.26, 0, 154, 154
411483.3.peg.22.site.27, 6, 155, 161
411483.3.peg.22.site.28, 2, 154, 156
411483.3.peg.22.site.29, 1, 151, 152
411483.3.peg.22.site.30, 9, 152, 161
411483.3.peg.1503.site.1, 4, 151, 155
411483.3.peg.1503.site.2, 15, 151, 166
411483.3.peg.1503.site.3, 4, 153, 157
411483.3.peg.1503.site.4, 3, 153, 156
411483.3.peg.1503.site.5, 6, 153, 159
411483.3.peg.1503.site.6, 0, 153, 153
411483.3.peg.1050.site.1, 6, 136, 142
411483.3.peg.1050.site.2, 3, 133, 136
411483.3.peg.1050.site.3, 3, 139, 142
411483.3.peg.1050.site.4, 2, 143, 145
411483.3.peg.1050.site.5, 1, 135, 136
411483.3.peg.1050.site.6, 1, 134, 135
411483.3.peg.1050.site.7, 14, 131, 145
411483.3.peg.1050.site.8, 9, 139, 148
411483.3.peg.1050.site.9, 1, 145, 146
411483.3.peg.1050.site.10, 11, 140, 151
411483.3.peg.1050.site.11, 43, 138, 181
411483.3.peg.1050.site.12, 3, 148, 151
411483.3.peg.1050.site.13, 75, 129, 204
411483.3.peg.1050.site.14, 14, 145, 159
411483.3.peg.1050.site.15, 1, 148, 149
411483.3.peg.1050.site.16, 10, 145, 155
411483.3.peg.1050.site.17, 16, 144, 160
411483.3.peg.1050.site.18, 3, 114, 117
411483.3.peg.1050.site.19, 11, 110, 121
411483.3.peg.1050.site.20, 20, 112, 132
411483.3.peg.1050.site.21, 5, 125, 130
411483.3.peg.1050.site.22, 4, 128, 132
411483.3.peg.1050.site.23, 9, 137, 146
411483.3.peg.1050.site.24, 94, 132, 226
411483.3.peg.1050.site.25, 11, 135, 146
411483.3.peg.1050.site.26, 20, 122, 142
411483.3.peg.1050.site.27, 74, 119, 193
411483.3.peg.1050.site.28, 42, 99, 141
411483.3.peg.1050.site.29, 14, 106, 120
411483.3.peg.1050.site.30, 14, 113, 127
411483.3.peg.1050.site.31, 9, 112, 121
411483.3.peg.1050.site.32, 12, 109, 121
411483.3.peg.1050.site.33, 1, 106, 107
411483.3.peg.1050.site.34, 2, 111, 113
411483.3.peg.1050.site.35, 3, 118, 121
411483.3.peg.1501.site.1, 4, 147, 151
411483.3.peg.1501.site.2, 3, 141, 144
411483.3.peg.1501.site.3, 4, 136, 140
411483.3.peg.1501.site.4, 2, 136, 138
411483.3.peg.1501.site.5, 9, 131, 140
411483.3.peg.1501.site.6, 1, 129, 130
411483.3.peg.1501.site.7, 16, 122, 138
411483.3.peg.1501.site.8, 10, 130, 140
411483.3.peg.1501.site.9, 10, 142, 152
411483.3.peg.1501.site.10, 2, 145, 147
411483.3.peg.1501.site.11, 4, 146, 150
411483.3.peg.1501.site.12, 2, 141, 143
411483.3.peg.1501.site.13, 13, 144, 157
411483.3.peg.1501.site.14, 12, 141, 153
411483.3.peg.1501.site.15, 3, 144, 147
411483.3.peg.1501.site.16, 1, 144, 145
411483.3.peg.1501.site.17, 9, 144, 153
411483.3.peg.1501.site.18, 9, 145, 154
411483.3.peg.1501.site.19, 16, 144, 160
411483.3.peg.1501.site.20, 1, 146, 147
411483.3.peg.1501.site.21, 67, 133, 200
411483.3.peg.1501.site.22, 3, 143, 146
411483.3.peg.1501.site.23, 0, 144, 144
411483.3.peg.1501.site.24, 27, 141, 168
411483.3.peg.1501.site.25, 70, 136, 206
411483.3.peg.1501.site.26, 5, 145, 150
411483.3.peg.1501.site.27, 20, 140, 160
411483.3.peg.1501.site.28, 110, 135, 245
411483.3.peg.1501.site.29, 34, 128, 162
411483.3.peg.1501.site.30, 99, 130, 229
411483.3.peg.1501.site.31, 1, 147, 148
411483.3.peg.1501.site.32, 52, 135, 187
411483.3.peg.1501.site.33, 42, 134, 176
411483.3.peg.1501.site.34, 40, 140, 180
411483.3.peg.1501.site.35, 20, 139, 159
411483.3.peg.1501.site.36, 1, 147, 148
411483.3.peg.1501.site.37, 30, 131, 161
411483.3.peg.1501.site.38, 37, 134, 171
411483.3.peg.1501.site.39, 1, 131, 132
411483.3.peg.1501.site.40, 13, 134, 147
411483.3.peg.1501.site.41, 1, 133, 134
411483.3.peg.1501.site.42, 93, 119, 212
411483.3.peg.1501.site.43, 4, 131, 135
411483.3.peg.1501.site.44, 77, 127, 204
411483.3.peg.1501.site.45, 15, 129, 144
411483.3.peg.1501.site.46, 8, 135, 143
411483.3.peg.1501.site.47, 60, 126, 186
411483.3.peg.1501.site.48, 4, 134, 138
411483.3.peg.1501.site.49, 1, 140, 141
411483.3.peg.1501.site.50, 4, 140, 144
411483.3.peg.1501.site.51, 16, 138, 154
411483.3.peg.1501.site.52, 1, 141, 142
411483.3.peg.1501.site.53, 1, 139, 140
411483.3.peg.1501.site.54, 1, 128, 129
411483.3.peg.1501.site.55, 3, 136, 139
411483.3.peg.1501.site.56, 2, 129, 131
411483.3.peg.1501.site.57, 1, 127, 128
411483.3.peg.1501.site.58, 52, 121, 173
411483.3.peg.1500.site.1, 25, 136, 161
411483.3.peg.1500.site.2, 10, 148, 158
411483.3.peg.1500.site.3, 30, 143, 173
411483.3.peg.1500.site.4, 1, 152, 153
411483.3.peg.1500.site.5, 9, 149, 158
411483.3.peg.1500.site.6, 15, 141, 156
411483.3.peg.1500.site.7, 1, 151, 152
411483.3.peg.1500.site.8, 54, 139, 193
411483.3.peg.1500.site.9, 4, 150, 154
411483.3.peg.1500.site.10, 1, 151, 152
411483.3.peg.1500.site.11, 0, 151, 151
411483.3.peg.1500.site.12, 25, 139, 164
411483.3.peg.1500.site.13, 1, 151, 152
411483.3.peg.1500.site.14, 0, 151, 151
411483.3.peg.1500.site.15, 0, 150, 150
411483.3.peg.1500.site.16, 7, 152, 159
411483.3.peg.1500.site.17, 135, 143, 278
411483.3.peg.1500.site.18, 4, 147, 151
411483.3.peg.1500.site.19, 1, 143, 144
411483.3.peg.1500.site.20, 0, 145, 145
411483.3.peg.1500.site.21, 0, 121, 121
411483.3.peg.1500.site.22, 2, 111, 113
411483.3.peg.1500.site.23, 1, 91, 92
411483.3.peg.1500.site.24, 7, 91, 98
411483.3.peg.1500.site.25, 55, 94, 149
411483.3.peg.1500.site.26, 11, 114, 125
411483.3.peg.1500.site.27, 1, 125, 126
411483.3.peg.1500.site.28, 1, 129, 130
411483.3.peg.1500.site.29, 61, 121, 182
411483.3.peg.1507.site.1, 1, 150, 151
411483.3.peg.1507.site.2, 2, 149, 151
411483.3.peg.1507.site.3, 122, 147, 269
411483.3.peg.1507.site.4, 4, 149, 153
411483.3.peg.1507.site.5, 0, 148, 148
411483.3.peg.1507.site.6, 3, 150, 153
411483.3.peg.1507.site.7, 21, 144, 165
411483.3.peg.1507.site.8, 3, 148, 151
411483.3.peg.1507.site.9, 12, 137, 149
411483.3.peg.1507.site.10, 2, 137, 139
411483.3.peg.1507.site.11, 5, 136, 141
411483.3.peg.1507.site.12, 3, 138, 141
411483.3.peg.1507.site.13, 7, 139, 146
411483.3.peg.1507.site.14, 70, 122, 192
411483.3.peg.1507.site.15, 1, 143, 144
411483.3.peg.1507.site.16, 1, 138, 139
411483.3.peg.1507.site.17, 2, 128, 130
411483.3.peg.1507.site.18, 3, 120, 123
411483.3.peg.1507.site.19, 1, 110, 111
411483.3.peg.1507.site.20, 16, 103, 119
411483.3.peg.1507.site.21, 1, 108, 109
411483.3.peg.1507.site.22, 114, 114, 228
411483.3.peg.1507.site.23, 39, 104, 143
411483.3.peg.1507.site.24, 4, 127, 131
411483.3.peg.1507.site.25, 10, 134, 144
411483.3.peg.1507.site.26, 59, 129, 188
411483.3.peg.1507.site.27, 3, 140, 143
411483.3.peg.1507.site.28, 7, 139, 146
411483.3.peg.1507.site.29, 4, 133, 137
411483.3.peg.1507.site.30, 2, 131, 133
411483.3.peg.1507.site.31, 13, 125, 138
411483.3.peg.1507.site.32, 1, 137, 138
411483.3.peg.1507.site.33, 16, 130, 146
411483.3.peg.1507.site.34, 0, 134, 134
411483.3.peg.1507.site.35, 9, 133, 142
411483.3.peg.1507.site.36, 11, 133, 144
411483.3.peg.1507.site.37, 42, 117, 159
411483.3.peg.1507.site.38, 1, 124, 125
411483.3.peg.1507.site.39, 7, 132, 139
411483.3.peg.1507.site.40, 0, 130, 130
411483.3.peg.1507.site.41, 12, 136, 148
411483.3.peg.1507.site.42, 52, 131, 183
411483.3.peg.1507.site.43, 9, 144, 153
411483.3.peg.1507.site.44, 7, 150, 157
411483.3.peg.1507.site.45, 3, 149, 152
411483.3.peg.1507.site.46, 1, 153, 154
411483.3.peg.1507.site.47, 15, 148, 163
411483.3.peg.1507.site.48, 1, 152, 153
411483.3.peg.1506.site.1, 17, 153, 170
411483.3.peg.1506.site.2, 15, 147, 162
411483.3.peg.1506.site.3, 14, 150, 164
411483.3.peg.1506.site.4, 6, 153, 159
411483.3.peg.1506.site.5, 0, 152, 152
411483.3.peg.1506.site.6, 3, 151, 154
411483.3.peg.1506.site.7, 65, 150, 215
411483.3.peg.1506.site.8, 6, 153, 159
411483.3.peg.1506.site.9, 11, 146, 157
411483.3.peg.1506.site.10, 1, 150, 151
411483.3.peg.1506.site.11, 1, 150, 151
411483.3.peg.1506.site.12, 7, 148, 155
411483.3.peg.1506.site.13, 3, 150, 153
411483.3.peg.1506.site.14, 5, 152, 157
411483.3.peg.1506.site.15, 7, 149, 156
411483.3.peg.1506.site.16, 10, 143, 153
411483.3.peg.1506.site.17, 1, 151, 152
411483.3.peg.1506.site.18, 2, 150, 152
411483.3.peg.1506.site.19, 2, 145, 147
411483.3.peg.1506.site.20, 0, 146, 146
411483.3.peg.1506.site.21, 2, 147, 149
411483.3.peg.1506.site.22, 1, 148, 149
411483.3.peg.1506.site.23, 13, 145, 158
411483.3.peg.1506.site.24, 1, 147, 148
411483.3.peg.1506.site.25, 0, 142, 142
411483.3.peg.1506.site.26, 4, 133, 137
411483.3.peg.1506.site.27, 18, 125, 143
411483.3.peg.1506.site.28, 1, 123, 124
411483.3.peg.1506.site.29, 124, 124, 248
411483.3.peg.1506.site.30, 127, 127, 254
411483.3.peg.1506.site.31, 5, 118, 123
411483.3.peg.1506.site.32, 29, 117, 146
411483.3.peg.1506.site.33, 9, 132, 141
411483.3.peg.1506.site.34, 6, 129, 135
411483.3.peg.1506.site.35, 4, 131, 135
411483.3.peg.1506.site.36, 0, 144, 144
411483.3.peg.1506.site.37, 1, 130, 131
411483.3.peg.1506.site.38, 17, 135, 152
411483.3.peg.1506.site.39, 1, 140, 141
411483.3.peg.1506.site.40, 1, 138, 139
411483.3.peg.1506.site.41, 5, 136, 141
411483.3.peg.1506.site.42, 13, 137, 150
411483.3.peg.1506.site.43, 107, 123, 230
411483.3.peg.1506.site.44, 0, 134, 134
411483.3.peg.1506.site.45, 1, 131, 132
411483.3.peg.1506.site.46, 1, 133, 134
411483.3.peg.1506.site.47, 2, 141, 143
411483.3.peg.1506.site.48, 3, 139, 142
411483.3.peg.1506.site.49, 1, 133, 134
411483.3.peg.1506.site.50, 1, 139, 140
411483.3.peg.1506.site.51, 2, 150, 152
411483.3.peg.1506.site.52, 32, 140, 172
411483.3.peg.1505.site.1, 4, 148, 152
411483.3.peg.1505.site.2, 0, 151, 151
411483.3.peg.1505.site.3, 3, 153, 156
411483.3.peg.1505.site.4, 1, 152, 153
411483.3.peg.1505.site.5, 1, 152, 153
411483.3.peg.1505.site.6, 4, 149, 153
411483.3.peg.1505.site.7, 3, 146, 149
411483.3.peg.1505.site.8, 6, 124, 130
411483.3.peg.1505.site.9, 2, 121, 123
411483.3.peg.1505.site.10, 3, 127, 130
411483.3.peg.1505.site.11, 4, 125, 129
411483.3.peg.1505.site.12, 5, 129, 134
411483.3.peg.1505.site.13, 5, 146, 151
411483.3.peg.1505.site.14, 2, 148, 150
411483.3.peg.1505.site.15, 6, 151, 157
411483.3.peg.1505.site.16, 29, 138, 167
411483.3.peg.1505.site.17, 1, 151, 152
411483.3.peg.1505.site.18, 5, 144, 149
411483.3.peg.1505.site.19, 0, 149, 149
411483.3.peg.1505.site.20, 0, 149, 149
411483.3.peg.1505.site.21, 4, 146, 150
411483.3.peg.1505.site.22, 8, 144, 152
411483.3.peg.1505.site.23, 4, 143, 147
411483.3.peg.1505.site.24, 1, 147, 148
411483.3.peg.1505.site.25, 12, 148, 160
411483.3.peg.1505.site.26, 0, 146, 146
411483.3.peg.1505.site.27, 4, 139, 143
411483.3.peg.1505.site.28, 1, 140, 141
411483.3.peg.1505.site.29, 4, 143, 147
411483.3.peg.1505.site.30, 4, 139, 143
411483.3.peg.1505.site.31, 67, 137, 204
411483.3.peg.1505.site.32, 1, 150, 151
411483.3.peg.1505.site.33, 5, 140, 145
411483.3.peg.1505.site.34, 10, 142, 152
411483.3.peg.1505.site.35, 4, 147, 151
411483.3.peg.1505.site.36, 1, 144, 145
411483.3.peg.1505.site.37, 1, 145, 146
411483.3.peg.1505.site.38, 5, 145, 150
411483.3.peg.1505.site.39, 0, 146, 146
411483.3.peg.1505.site.40, 2, 147, 149
411483.3.peg.1505.site.41, 6, 144, 150
411483.3.peg.1505.site.42, 71, 140, 211
411483.3.peg.1505.site.43, 1, 152, 153
411483.3.peg.1505.site.44, 5, 152, 157
411483.3.peg.1505.site.45, 0, 153, 153
411483.3.peg.1505.site.46, 104, 148, 252
411483.3.peg.1505.site.47, 3, 155, 158
411483.3.peg.1505.site.48, 4, 151, 155
411483.3.peg.1505.site.49, 10, 152, 162
411483.3.peg.1505.site.50, 7, 155, 162
411483.3.peg.1505.site.51, 2, 154, 156
411483.3.peg.1505.site.52, 6, 154, 160
411483.3.peg.1505.site.53, 0, 155, 155
411483.3.peg.1056.site.1, 3, 56, 59
411483.3.peg.1056.site.2, 4, 64, 68
411483.3.peg.1056.site.3, 49, 60, 109
411483.3.peg.1056.site.4, 1, 84, 85
411483.3.peg.1056.site.5, 5, 142, 147
411483.3.peg.1056.site.6, 1, 144, 145
411483.3.peg.1056.site.7, 4, 146, 150
411483.3.peg.1056.site.8, 11, 145, 156
411483.3.peg.1056.site.9, 90, 139, 229
411483.3.peg.1056.site.10, 2, 148, 150
411483.3.peg.1056.site.11, 23, 138, 161
411483.3.peg.1056.site.12, 2, 141, 143
411483.3.peg.1056.site.13, 70, 133, 203
411483.3.peg.1056.site.14, 35, 140, 175
411483.3.peg.1056.site.15, 1, 152, 153
411483.3.peg.1056.site.16, 2, 152, 154
411483.3.peg.1056.site.17, 2, 153, 155
411483.3.peg.1056.site.18, 63, 137, 200
411483.3.peg.1056.site.19, 2, 151, 153
411483.3.peg.1056.site.20, 7, 150, 157
411483.3.peg.1056.site.21, 0, 152, 152
411483.3.peg.1056.site.22, 134, 144, 278
411483.3.peg.1056.site.23, 134, 147, 281
411483.3.peg.1056.site.24, 3, 153, 156
411483.3.peg.1056.site.25, 22, 148, 170
411483.3.peg.1056.site.26, 1, 153, 154
411483.3.peg.1056.site.27, 12, 153, 165
411483.3.peg.1056.site.28, 1, 152, 153
411483.3.peg.1056.site.29, 0, 153, 153
411483.3.peg.1056.site.30, 42, 146, 188
411483.3.peg.1056.site.31, 7, 150, 157
411483.3.peg.1056.site.32, 21, 146, 167
411483.3.peg.1056.site.33, 5, 147, 152
411483.3.peg.1056.site.34, 8, 144, 152
411483.3.peg.1056.site.35, 9, 143, 152
411483.3.peg.1056.site.36, 10, 150, 160
411483.3.peg.1056.site.37, 1, 152, 153
411483.3.peg.1056.site.38, 24, 146, 170
411483.3.peg.1056.site.39, 1, 153, 154
411483.3.peg.1056.site.40, 7, 153, 160
411483.3.peg.1056.site.41, 136, 146, 282
411483.3.peg.1056.site.42, 2, 152, 154
411483.3.peg.1056.site.43, 6, 151, 157
411483.3.peg.1056.site.44, 3, 152, 155
411483.3.peg.1056.site.45, 8, 149, 157
411483.3.peg.1056.site.46, 22, 146, 168
411483.3.peg.1056.site.47, 51, 139, 190
411483.3.peg.1056.site.48, 1, 146, 147
411483.3.peg.1056.site.49, 46, 148, 194
411483.3.peg.1056.site.50, 4, 153, 157
411483.3.peg.1056.site.51, 106, 139, 245
411483.3.peg.1056.site.52, 12, 150, 162
411483.3.peg.1056.site.53, 63, 140, 203
411483.3.peg.1056.site.54, 22, 143, 165
411483.3.peg.1056.site.55, 5, 150, 155
411483.3.peg.1056.site.56, 8, 146, 154
411483.3.peg.1056.site.57, 2, 147, 149
411483.3.peg.1056.site.58, 18, 144, 162
411483.3.peg.1056.site.59, 11, 141, 152
411483.3.peg.1056.site.60, 118, 137, 255
411483.3.peg.1056.site.61, 1, 140, 141
411483.3.peg.1056.site.62, 117, 134, 251
411483.3.peg.1056.site.63, 22, 135, 157
411483.3.peg.1056.site.64, 2, 150, 152
411483.3.peg.1056.site.65, 6, 153, 159
411483.3.peg.1056.site.66, 0, 153, 153
411483.3.peg.1056.site.67, 3, 152, 155
411483.3.peg.1056.site.68, 0, 154, 154
411483.3.peg.1056.site.69, 1, 151, 152
411483.3.peg.1056.site.70, 1, 154, 155
411483.3.peg.1056.site.71, 1, 153, 154
411483.3.peg.1056.site.72, 5, 155, 160
411483.3.peg.1056.site.73, 0, 154, 154
411483.3.peg.1056.site.74, 14, 155, 169
411483.3.peg.1056.site.75, 1, 153, 154
411483.3.peg.1056.site.76, 5, 154, 159
411483.3.peg.1056.site.77, 1, 155, 156
411483.3.peg.1056.site.78, 2, 155, 157
411483.3.peg.1056.site.79, 136, 148, 284
411483.3.peg.1056.site.80, 0, 153, 153
411483.3.peg.1056.site.81, 8, 148, 156
411483.3.peg.1056.site.82, 16, 146, 162
411483.3.peg.1056.site.83, 8, 146, 154
411483.3.peg.1056.site.84, 0, 149, 149
411483.3.peg.1056.site.85, 2, 150, 152
411483.3.peg.1056.site.86, 2, 148, 150
411483.3.peg.1056.site.87, 126, 140, 266
411483.3.peg.1056.site.88, 0, 145, 145
411483.3.peg.1056.site.89, 0, 141, 141
411483.3.peg.1056.site.90, 120, 136, 256
411483.3.peg.1056.site.91, 1, 139, 140
411483.3.peg.1056.site.92, 2, 133, 135
411483.3.peg.1056.site.93, 3, 124, 127
411483.3.peg.1056.site.94, 1, 112, 113
411483.3.peg.1056.site.95, 82, 113, 195
411483.3.peg.1056.site.96, 75, 113, 188
411483.3.peg.1056.site.97, 4, 132, 136
411483.3.peg.1056.site.98, 6, 132, 138
411483.3.peg.1056.site.99, 7, 140, 147
411483.3.peg.1056.site.100, 4, 148, 152
411483.3.peg.1059.site.1, 1, 154, 155
411483.3.peg.1059.site.2, 25, 151, 176
411483.3.peg.1059.site.3, 8, 154, 162
411483.3.peg.1059.site.4, 3, 152, 155
411483.3.peg.1059.site.5, 38, 138, 176
411483.3.peg.1059.site.6, 3, 150, 153
411483.3.peg.1059.site.7, 6, 150, 156
411483.3.peg.1059.site.8, 1, 152, 153
411483.3.peg.1059.site.9, 1, 151, 152
411483.3.peg.1059.site.10, 18, 148, 166
411483.3.peg.1059.site.11, 2, 148, 150
411483.3.peg.1059.site.12, 2, 151, 153
411483.3.peg.1059.site.13, 9, 147, 156
411483.3.peg.1059.site.14, 0, 148, 148
411483.3.peg.1059.site.15, 2, 145, 147
411483.3.peg.1059.site.16, 129, 145, 274
411483.3.peg.1059.site.17, 2, 146, 148
411483.3.peg.1059.site.18, 4, 150, 154
411483.3.peg.1059.site.19, 27, 142, 169
411483.3.peg.1059.site.20, 31, 143, 174
411483.3.peg.1059.site.21, 48, 144, 192
411483.3.peg.1059.site.22, 1, 149, 150
411483.3.peg.1059.site.23, 28, 145, 173
411483.3.peg.1059.site.24, 5, 152, 157
411483.3.peg.1059.site.25, 5, 153, 158
411483.3.peg.1059.site.26, 4, 154, 158
411483.3.peg.1059.site.27, 5, 153, 158
411483.3.peg.1059.site.28, 5, 154, 159
411483.3.peg.1059.site.29, 37, 144, 181
411483.3.peg.1059.site.30, 5, 152, 157
411483.3.peg.1059.site.31, 44, 144, 188
411483.3.peg.1059.site.32, 5, 151, 156
411483.3.peg.1059.site.33, 6, 136, 142
411483.3.peg.1059.site.34, 121, 134, 255
411483.3.peg.1059.site.35, 1, 137, 138
411483.3.peg.1059.site.36, 0, 136, 136
411483.3.peg.1059.site.37, 13, 131, 144
411483.3.peg.1059.site.38, 1, 137, 138
411483.3.peg.1059.site.39, 6, 138, 144
411483.3.peg.1059.site.40, 7, 139, 146
411483.3.peg.1059.site.41, 0, 137, 137
411483.3.peg.1059.site.42, 2, 139, 141
411483.3.peg.1059.site.43, 7, 137, 144
411483.3.peg.1059.site.44, 0, 137, 137
411483.3.peg.1059.site.45, 2, 138, 140
411483.3.peg.1059.site.46, 0, 128, 128
411483.3.peg.1059.site.47, 3, 134, 137
411483.3.peg.1059.site.48, 17, 135, 152
411483.3.peg.1059.site.49, 15, 127, 142
411483.3.peg.1059.site.50, 5, 127, 132
411483.3.peg.1059.site.51, 6, 120, 126
411483.3.peg.1059.site.52, 3, 139, 142
411483.3.peg.1059.site.53, 5, 143, 148
411483.3.peg.1059.site.54, 2, 147, 149
411483.3.peg.1059.site.55, 3, 147, 150
411483.3.peg.1059.site.56, 3, 149, 152
411483.3.peg.1059.site.57, 1, 150, 151
411483.3.peg.1059.site.58, 24, 141, 165
411483.3.peg.1059.site.59, 1, 154, 155
411483.3.peg.1059.site.60, 3, 154, 157
411483.3.peg.1059.site.61, 2, 153, 155
411483.3.peg.1059.site.62, 7, 154, 161
411483.3.peg.1059.site.63, 63, 144, 207
411483.3.peg.1059.site.64, 2, 154, 156
411483.3.peg.1059.site.65, 4, 154, 158
411483.3.peg.1059.site.66, 22, 151, 173
411483.3.peg.1059.site.67, 3, 155, 158
411483.3.peg.1059.site.68, 4, 154, 158
411483.3.peg.1059.site.69, 0, 154, 154
411483.3.peg.1059.site.70, 21, 152, 173
411483.3.peg.1059.site.71, 1, 155, 156
411483.3.peg.1059.site.72, 20, 154, 174
411483.3.peg.1059.site.73, 3, 154, 157
411483.3.peg.1059.site.74, 1, 154, 155
411483.3.peg.1058.site.1, 1, 155, 156
411483.3.peg.1058.site.2, 2, 154, 156
411483.3.peg.1058.site.3, 4, 153, 157
411483.3.peg.1058.site.4, 6, 150, 156
411483.3.peg.1058.site.5, 2, 152, 154
411483.3.peg.1058.site.6, 2, 154, 156
411483.3.peg.1058.site.7, 3, 151, 154
411483.3.peg.1058.site.8, 12, 152, 164
411483.3.peg.1058.site.9, 5, 151, 156
411483.3.peg.1058.site.10, 3, 146, 149
411483.3.peg.1058.site.11, 1, 146, 147
411483.3.peg.1058.site.12, 5, 145, 150
411483.3.peg.1058.site.13, 3, 140, 143
411483.3.peg.1058.site.14, 2, 137, 139
411483.3.peg.1058.site.15, 1, 140, 141
411483.3.peg.1058.site.16, 6, 136, 142
411483.3.peg.1058.site.17, 2, 137, 139
411483.3.peg.1058.site.18, 1, 141, 142
411483.3.peg.1058.site.19, 2, 145, 147
411483.3.peg.1058.site.20, 4, 145, 149
411483.3.peg.1058.site.21, 2, 141, 143
411483.3.peg.1058.site.22, 1, 143, 144
411483.3.peg.1058.site.23, 2, 142, 144
411483.3.peg.1058.site.24, 1, 128, 129
411483.3.peg.1058.site.25, 7, 139, 146
411483.3.peg.1058.site.26, 39, 112, 151
411483.3.peg.1058.site.27, 1, 131, 132
411483.3.peg.1058.site.28, 1, 130, 131
411483.3.peg.1058.site.29, 2, 136, 138
411483.3.peg.1058.site.30, 2, 142, 144
411483.3.peg.1058.site.31, 17, 141, 158
411483.3.peg.1058.site.32, 8, 143, 151
411483.3.peg.1058.site.33, 1, 146, 147
411483.3.peg.1058.site.34, 3, 147, 150
411483.3.peg.1058.site.35, 6, 144, 150
411483.3.peg.1058.site.36, 5, 145, 150
411483.3.peg.1058.site.37, 5, 142, 147
411483.3.peg.1058.site.38, 2, 142, 144
411483.3.peg.1058.site.39, 3, 141, 144
411483.3.peg.1058.site.40, 15, 141, 156
411483.3.peg.1058.site.41, 68, 136, 204
411483.3.peg.1058.site.42, 75, 131, 206
411483.3.peg.1058.site.43, 70, 125, 195
411483.3.peg.1058.site.44, 2, 140, 142
411483.3.peg.1058.site.45, 11, 140, 151
411483.3.peg.1058.site.46, 27, 136, 163
411483.3.peg.1058.site.47, 5, 139, 144
411483.3.peg.1058.site.48, 2, 146, 148
411483.3.peg.1058.site.49, 3, 147, 150
411483.3.peg.1058.site.50, 10, 146, 156
411483.3.peg.1058.site.51, 5, 150, 155
411483.3.peg.1058.site.52, 3, 148, 151
411483.3.peg.1509.site.1, 1, 152, 153
411483.3.peg.1509.site.2, 34, 144, 178
411483.3.peg.1509.site.3, 0, 149, 149
411483.3.peg.1509.site.4, 3, 148, 151
411483.3.peg.1509.site.5, 5, 147, 152
411483.3.peg.1509.site.6, 5, 146, 151
411483.3.peg.1509.site.7, 0, 148, 148
411483.3.peg.1509.site.8, 2, 152, 154
411483.3.peg.1509.site.9, 2, 147, 149
411483.3.peg.1509.site.10, 0, 149, 149
411483.3.peg.1509.site.11, 2, 145, 147
411483.3.peg.1509.site.12, 7, 150, 157
411483.3.peg.1509.site.13, 2, 147, 149
411483.3.peg.1509.site.14, 3, 143, 146
411483.3.peg.1509.site.15, 2, 136, 138
411483.3.peg.1509.site.16, 8, 124, 132
411483.3.peg.1509.site.17, 1, 143, 144
411483.3.peg.1509.site.18, 5, 142, 147
411483.3.peg.1509.site.19, 5, 145, 150
411483.3.peg.1509.site.20, 8, 149, 157
411483.3.peg.1509.site.21, 34, 143, 177
411483.3.peg.1509.site.22, 5, 150, 155
411483.3.peg.1509.site.23, 1, 149, 150
411483.3.peg.1509.site.24, 10, 144, 154
411483.3.peg.1509.site.25, 6, 144, 150
411483.3.peg.1509.site.26, 19, 145, 164
411483.3.peg.1509.site.27, 2, 146, 148
411483.3.peg.1509.site.28, 24, 136, 160
411483.3.peg.1509.site.29, 0, 127, 127
411483.3.peg.1509.site.30, 2, 108, 110
411483.3.peg.1509.site.31, 0, 68, 68
411483.3.peg.1509.site.32, 14, 56, 70
411483.3.peg.1509.site.33, 37, 49, 86
411483.3.peg.1508.site.1, 2, 151, 153
411483.3.peg.1508.site.2, 5, 150, 155
411483.3.peg.1508.site.3, 40, 149, 189
411483.3.peg.1508.site.4, 86, 141, 227
411483.3.peg.1508.site.5, 11, 149, 160
411483.3.peg.1508.site.6, 8, 151, 159
411483.3.peg.1508.site.7, 46, 141, 187
411483.3.peg.1508.site.8, 6, 151, 157
411483.3.peg.1508.site.9, 8, 148, 156
411483.3.peg.1508.site.10, 4, 152, 156
411483.3.peg.1508.site.11, 11, 146, 157
411483.3.peg.1508.site.12, 3, 150, 153
411483.3.peg.1508.site.13, 1, 153, 154
411483.3.peg.1508.site.14, 2, 152, 154
411483.3.peg.1508.site.15, 129, 146, 275
411483.3.peg.1508.site.16, 0, 153, 153
411483.3.peg.1508.site.17, 12, 148, 160
411483.3.peg.1508.site.18, 0, 150, 150
411483.3.peg.1508.site.19, 0, 149, 149
411483.3.peg.1508.site.20, 2, 152, 154
411483.3.peg.1508.site.21, 2, 150, 152
411483.3.peg.1508.site.22, 11, 148, 159
411483.3.peg.1508.site.23, 17, 141, 158
411483.3.peg.1508.site.24, 6, 114, 120
411483.3.peg.1508.site.25, 7, 112, 119
411483.3.peg.1508.site.26, 88, 108, 196
411483.3.peg.1508.site.27, 4, 114, 118
411483.3.peg.1508.site.28, 1, 110, 111
411483.3.peg.1508.site.29, 2, 119, 121
411483.3.peg.1508.site.30, 10, 121, 131
411483.3.peg.1508.site.31, 4, 145, 149
411483.3.peg.1508.site.32, 5, 147, 152
411483.3.peg.1508.site.33, 109, 141, 250
411483.3.peg.1508.site.34, 6, 147, 153
411483.3.peg.1508.site.35, 4, 151, 155
411483.3.peg.1508.site.36, 5, 148, 153
411483.3.peg.1508.site.37, 7, 141, 148
411483.3.peg.1508.site.38, 3, 133, 136
411483.3.peg.1508.site.39, 4, 134, 138
411483.3.peg.1508.site.40, 5, 126, 131
411483.3.peg.1508.site.41, 11, 122, 133
411483.3.peg.1508.site.42, 2, 127, 129
411483.3.peg.1508.site.43, 2, 123, 125
411483.3.peg.1508.site.44, 2, 128, 130
411483.3.peg.1508.site.45, 11, 126, 137
411483.3.peg.1508.site.46, 45, 129, 174
411483.3.peg.1508.site.47, 1, 142, 143
411483.3.peg.1508.site.48, 7, 143, 150
411483.3.peg.1508.site.49, 7, 147, 154
411483.3.peg.1508.site.50, 3, 148, 151
411483.3.peg.1508.site.51, 2, 150, 152
411483.3.peg.1508.site.52, 1, 147, 148
411483.3.peg.1508.site.53, 11, 150, 161
411483.3.peg.1508.site.54, 1, 151, 152
411483.3.peg.1508.site.55, 2, 154, 156
411483.3.peg.1508.site.56, 2, 154, 156
411483.3.peg.28.site.1, 2, 149, 151
411483.3.peg.28.site.2, 0, 149, 149
411483.3.peg.28.site.3, 0, 148, 148
411483.3.peg.28.site.4, 0, 143, 143
411483.3.peg.28.site.5, 9, 125, 134
411483.3.peg.28.site.6, 2, 129, 131
411483.3.peg.28.site.7, 2, 124, 126
411483.3.peg.28.site.8, 0, 124, 124
411483.3.peg.28.site.9, 2, 128, 130
411483.3.peg.28.site.10, 0, 142, 142
411483.3.peg.28.site.11, 0, 143, 143
411483.3.peg.574.site.1, 3, 151, 154
411483.3.peg.574.site.2, 6, 140, 146
411483.3.peg.574.site.3, 6, 143, 149
411483.3.peg.574.site.4, 2, 145, 147
411483.3.peg.574.site.5, 4, 135, 139
411483.3.peg.574.site.6, 2, 133, 135
411483.3.peg.574.site.7, 4, 126, 130
411483.3.peg.574.site.8, 0, 124, 124
411483.3.peg.574.site.9, 2, 135, 137
411483.3.peg.574.site.10, 1, 121, 122
411483.3.peg.574.site.11, 118, 119, 237
411483.3.peg.574.site.12, 3, 114, 117
411483.3.peg.574.site.13, 3, 91, 94
411483.3.peg.574.site.14, 13, 92, 105
411483.3.peg.574.site.15, 103, 108, 211
411483.3.peg.574.site.16, 5, 111, 116
411483.3.peg.574.site.17, 15, 117, 132
411483.3.peg.574.site.18, 1, 124, 125
411483.3.peg.574.site.19, 2, 141, 143
411483.3.peg.574.site.20, 0, 140, 140
411483.3.peg.574.site.21, 2, 148, 150
411483.3.peg.574.site.22, 1, 142, 143
411483.3.peg.574.site.23, 5, 144, 149
411483.3.peg.574.site.24, 1, 143, 144
411483.3.peg.574.site.25, 44, 129, 173
411483.3.peg.574.site.26, 1, 141, 142
411483.3.peg.574.site.27, 2, 146, 148
411483.3.peg.574.site.28, 18, 139, 157
411483.3.peg.574.site.29, 45, 136, 181
411483.3.peg.574.site.30, 1, 144, 145
411483.3.peg.574.site.31, 0, 139, 139
411483.3.peg.574.site.32, 114, 130, 244
411483.3.peg.574.site.33, 1, 138, 139
411483.3.peg.574.site.34, 36, 115, 151
411483.3.peg.574.site.35, 102, 112, 214
411483.3.peg.574.site.36, 23, 103, 126
411483.3.peg.574.site.37, 6, 122, 128
411483.3.peg.574.site.38, 1, 117, 118
411483.3.peg.574.site.39, 2, 113, 115
411483.3.peg.574.site.40, 4, 120, 124
411483.3.peg.574.site.41, 1, 132, 133
411483.3.peg.574.site.42, 5, 129, 134
411483.3.peg.574.site.43, 1, 131, 132
411483.3.peg.574.site.44, 5, 141, 146
411483.3.peg.574.site.45, 4, 140, 144
411483.3.peg.574.site.46, 16, 137, 153
411483.3.peg.574.site.47, 2, 140, 142
411483.3.peg.574.site.48, 7, 140, 147
411483.3.peg.574.site.49, 143, 145, 288
411483.3.peg.574.site.50, 76, 134, 210
411483.3.peg.574.site.51, 0, 140, 140
411483.3.peg.574.site.52, 0, 143, 143
411483.3.peg.574.site.53, 9, 134, 143
411483.3.peg.574.site.54, 113, 132, 245
411483.3.peg.574.site.55, 2, 130, 132
411483.3.peg.574.site.56, 1, 127, 128
411483.3.peg.574.site.57, 5, 123, 128
411483.3.peg.574.site.58, 1, 116, 117
411483.3.peg.574.site.59, 7, 111, 118
411483.3.peg.574.site.60, 3, 98, 101
411483.3.peg.574.site.61, 2, 91, 93
411483.3.peg.574.site.62, 4, 85, 89
411483.3.peg.574.site.63, 12, 91, 103
411483.3.peg.574.site.64, 0, 109, 109
411483.3.peg.574.site.65, 6, 110, 116
411483.3.peg.574.site.66, 6, 119, 125
411483.3.peg.574.site.67, 58, 110, 168
411483.3.peg.574.site.68, 0, 133, 133
411483.3.peg.574.site.69, 2, 140, 142
411483.3.peg.574.site.70, 132, 146, 278
411483.3.peg.574.site.71, 5, 141, 146
411483.3.peg.574.site.72, 6, 145, 151
411483.3.peg.574.site.73, 5, 144, 149
411483.3.peg.574.site.74, 0, 143, 143
411483.3.peg.574.site.75, 1, 144, 145
411483.3.peg.574.site.76, 2, 144, 146
411483.3.peg.574.site.77, 21, 116, 137
411483.3.peg.575.site.1, 2, 148, 150
411483.3.peg.575.site.2, 1, 153, 154
411483.3.peg.575.site.3, 0, 149, 149
411483.3.peg.575.site.4, 1, 146, 147
411483.3.peg.575.site.5, 52, 126, 178
411483.3.peg.575.site.6, 2, 142, 144
411483.3.peg.575.site.7, 2, 143, 145
411483.3.peg.575.site.8, 1, 143, 144
411483.3.peg.575.site.9, 1, 141, 142
411483.3.peg.575.site.10, 47, 137, 184
411483.3.peg.575.site.11, 1, 148, 149
411483.3.peg.575.site.12, 3, 145, 148
411483.3.peg.575.site.13, 0, 140, 140
411483.3.peg.575.site.14, 1, 136, 137
411483.3.peg.575.site.15, 4, 138, 142
411483.3.peg.575.site.16, 1, 137, 138
411483.3.peg.575.site.17, 5, 141, 146
411483.3.peg.575.site.18, 2, 144, 146
411483.3.peg.575.site.19, 1, 147, 148
411483.3.peg.575.site.20, 150, 150, 300
411483.3.peg.575.site.21, 3, 152, 155
411483.3.peg.575.site.22, 3, 153, 156
411483.3.peg.575.site.23, 3, 150, 153
411483.3.peg.575.site.24, 21, 146, 167
411483.3.peg.575.site.25, 6, 152, 158
411483.3.peg.575.site.26, 16, 145, 161
411483.3.peg.575.site.27, 5, 143, 148
411483.3.peg.575.site.28, 4, 145, 149
411483.3.peg.575.site.29, 15, 139, 154
411483.3.peg.575.site.30, 5, 141, 146
411483.3.peg.575.site.31, 4, 138, 142
411483.3.peg.575.site.32, 23, 128, 151
411483.3.peg.575.site.33, 3, 119, 122
411483.3.peg.575.site.34, 26, 121, 147
411483.3.peg.575.site.35, 14, 131, 145
411483.3.peg.575.site.36, 6, 132, 138
411483.3.peg.575.site.37, 1, 128, 129
411483.3.peg.575.site.38, 1, 132, 133
411483.3.peg.575.site.39, 24, 121, 145
411483.3.peg.575.site.40, 0, 127, 127
411483.3.peg.575.site.41, 2, 125, 127
411483.3.peg.575.site.42, 13, 136, 149
411483.3.peg.575.site.43, 1, 144, 145
411483.3.peg.575.site.44, 65, 135, 200
411483.3.peg.575.site.45, 20, 133, 153
411483.3.peg.575.site.46, 14, 130, 144
411483.3.peg.575.site.47, 47, 134, 181
411483.3.peg.575.site.48, 88, 137, 225
411483.3.peg.575.site.49, 152, 152, 304
411483.3.peg.575.site.50, 2, 148, 150
411483.3.peg.575.site.51, 2, 153, 155
411483.3.peg.575.site.52, 11, 150, 161
411483.3.peg.575.site.53, 8, 150, 158
411483.3.peg.575.site.54, 2, 150, 152
411483.3.peg.575.site.55, 1, 149, 150
411483.3.peg.575.site.56, 68, 141, 209
411483.3.peg.575.site.57, 8, 145, 153
411483.3.peg.575.site.58, 1, 141, 142
411483.3.peg.575.site.59, 7, 143, 150
411483.3.peg.575.site.60, 8, 142, 150
411483.3.peg.575.site.61, 3, 141, 144
411483.3.peg.575.site.62, 2, 139, 141
411483.3.peg.575.site.63, 1, 134, 135
411483.3.peg.575.site.64, 2, 136, 138
411483.3.peg.575.site.65, 1, 151, 152
411483.3.peg.575.site.66, 2, 142, 144
411483.3.peg.575.site.67, 1, 150, 151
411483.3.peg.575.site.68, 7, 146, 153
411483.3.peg.575.site.69, 76, 134, 210
411483.3.peg.575.site.70, 14, 142, 156
411483.3.peg.575.site.71, 17, 143, 160
411483.3.peg.575.site.72, 145, 145, 290
411483.3.peg.575.site.73, 38, 107, 145
411483.3.peg.575.site.74, 74, 80, 154
411483.3.peg.575.site.75, 35, 86, 121
411483.3.peg.575.site.76, 3, 100, 103
411483.3.peg.575.site.77, 33, 86, 119
411483.3.peg.575.site.78, 0, 101, 101
411483.3.peg.575.site.79, 1, 100, 101
411483.3.peg.575.site.80, 9, 102, 111
411483.3.peg.575.site.81, 7, 102, 109
411483.3.peg.575.site.82, 1, 96, 97
411483.3.peg.575.site.83, 7, 99, 106
411483.3.peg.575.site.84, 8, 111, 119
411483.3.peg.575.site.85, 3, 121, 124
411483.3.peg.575.site.86, 6, 111, 117
411483.3.peg.575.site.87, 11, 117, 128
411483.3.peg.575.site.88, 8, 134, 142
411483.3.peg.575.site.89, 5, 131, 136
411483.3.peg.575.site.90, 61, 123, 184
411483.3.peg.575.site.91, 9, 138, 147
411483.3.peg.575.site.92, 143, 143, 286
411483.3.peg.575.site.93, 2, 149, 151
411483.3.peg.575.site.94, 2, 149, 151
411483.3.peg.575.site.95, 1, 148, 149
411483.3.peg.575.site.96, 1, 151, 152
411483.3.peg.575.site.97, 3, 152, 155
411483.3.peg.575.site.98, 2, 152, 154
411483.3.peg.575.site.99, 48, 146, 194
411483.3.peg.575.site.100, 2, 154, 156
411483.3.peg.575.site.101, 1, 151, 152
411483.3.peg.575.site.102, 2, 152, 154
411483.3.peg.575.site.103, 30, 149, 179
411483.3.peg.575.site.104, 2, 152, 154
411483.3.peg.575.site.105, 11, 147, 158
411483.3.peg.575.site.106, 150, 152, 302
411483.3.peg.575.site.107, 1, 150, 151
411483.3.peg.575.site.108, 10, 144, 154
411483.3.peg.575.site.109, 10, 144, 154
411483.3.peg.575.site.110, 4, 145, 149
411483.3.peg.575.site.111, 1, 141, 142
411483.3.peg.575.site.112, 7, 135, 142
411483.3.peg.575.site.113, 11, 136, 147
411483.3.peg.575.site.114, 7, 129, 136
411483.3.peg.575.site.115, 1, 126, 127
411483.3.peg.575.site.116, 127, 129, 256
411483.3.peg.575.site.117, 0, 109, 109
411483.3.peg.575.site.118, 3, 116, 119
411483.3.peg.575.site.119, 1, 132, 133
411483.3.peg.575.site.120, 16, 142, 158
411483.3.peg.575.site.121, 8, 149, 157
411483.3.peg.576.site.1, 7, 145, 152
411483.3.peg.576.site.2, 0, 151, 151
411483.3.peg.576.site.3, 7, 151, 158
411483.3.peg.576.site.4, 2, 154, 156
411483.3.peg.576.site.5, 2, 154, 156
411483.3.peg.576.site.6, 5, 154, 159
411483.3.peg.576.site.7, 2, 154, 156
411483.3.peg.576.site.8, 0, 152, 152
411483.3.peg.576.site.9, 8, 153, 161
411483.3.peg.576.site.10, 11, 150, 161
411483.3.peg.576.site.11, 6, 150, 156
411483.3.peg.576.site.12, 21, 146, 167
411483.3.peg.576.site.13, 0, 151, 151
411483.3.peg.576.site.14, 9, 148, 157
411483.3.peg.576.site.15, 23, 149, 172
411483.3.peg.576.site.16, 2, 152, 154
411483.3.peg.576.site.17, 7, 149, 156
411483.3.peg.576.site.18, 7, 150, 157
411483.3.peg.576.site.19, 1, 152, 153
411483.3.peg.576.site.20, 6, 149, 155
411483.3.peg.576.site.21, 1, 143, 144
411483.3.peg.576.site.22, 3, 154, 157
411483.3.peg.576.site.23, 17, 151, 168
411483.3.peg.576.site.24, 36, 147, 183
411483.3.peg.576.site.25, 5, 151, 156
411483.3.peg.576.site.26, 0, 153, 153
411483.3.peg.577.site.1, 1, 141, 142
411483.3.peg.577.site.2, 31, 137, 168
411483.3.peg.577.site.3, 98, 134, 232
411483.3.peg.577.site.4, 1, 147, 148
411483.3.peg.577.site.5, 19, 129, 148
411483.3.peg.577.site.6, 0, 127, 127
411483.3.peg.577.site.7, 6, 89, 95
411483.3.peg.577.site.8, 3, 88, 91
411483.3.peg.577.site.9, 6, 68, 74
411483.3.peg.577.site.10, 3, 52, 55
411483.3.peg.577.site.11, 1, 37, 38
411483.3.peg.577.site.12, 19, 21, 40
411483.3.peg.577.site.13, 31, 45, 76
411483.3.peg.577.site.14, 3, 151, 154
411483.3.peg.577.site.15, 3, 147, 150
411483.3.peg.577.site.16, 68, 138, 206
411483.3.peg.577.site.17, 3, 150, 153
411483.3.peg.577.site.18, 139, 150, 289
411483.3.peg.577.site.19, 15, 141, 156
411483.3.peg.577.site.20, 3, 150, 153
411483.3.peg.577.site.21, 3, 147, 150
411483.3.peg.577.site.22, 5, 145, 150
411483.3.peg.577.site.23, 2, 150, 152
411483.3.peg.577.site.24, 147, 147, 294
411483.3.peg.577.site.25, 30, 147, 177
411483.3.peg.577.site.26, 125, 151, 276
411483.3.peg.577.site.27, 10, 150, 160
411483.3.peg.577.site.28, 1, 153, 154
411483.3.peg.577.site.29, 0, 152, 152
411483.3.peg.577.site.30, 0, 151, 151
411483.3.peg.577.site.31, 4, 151, 155
411483.3.peg.577.site.32, 13, 145, 158
411483.3.peg.577.site.33, 2, 150, 152
411483.3.peg.577.site.34, 0, 149, 149
411483.3.peg.577.site.35, 17, 145, 162
411483.3.peg.577.site.36, 52, 136, 188
411483.3.peg.577.site.37, 1, 147, 148
411483.3.peg.577.site.38, 2, 148, 150
411483.3.peg.577.site.39, 1, 146, 147
411483.3.peg.577.site.40, 3, 149, 152
411483.3.peg.577.site.41, 5, 148, 153
411483.3.peg.577.site.42, 4, 150, 154
411483.3.peg.577.site.43, 3, 147, 150
411483.3.peg.577.site.44, 60, 137, 197
411483.3.peg.577.site.45, 20, 147, 167
411483.3.peg.577.site.46, 0, 146, 146
411483.3.peg.577.site.47, 1, 144, 145
411483.3.peg.577.site.48, 36, 137, 173
411483.3.peg.577.site.49, 127, 147, 274
411483.3.peg.577.site.50, 6, 145, 151
411483.3.peg.577.site.51, 2, 149, 151
411483.3.peg.577.site.52, 2, 154, 156
411483.3.peg.577.site.53, 1, 152, 153
411483.3.peg.577.site.54, 8, 149, 157
411483.3.peg.577.site.55, 2, 149, 151
411483.3.peg.577.site.56, 4, 142, 146
411483.3.peg.577.site.57, 4, 150, 154
411483.3.peg.577.site.58, 4, 147, 151
411483.3.peg.577.site.59, 7, 146, 153
411483.3.peg.577.site.60, 4, 138, 142
411483.3.peg.577.site.61, 0, 138, 138
411483.3.peg.577.site.62, 6, 142, 148
411483.3.peg.577.site.63, 15, 139, 154
411483.3.peg.577.site.64, 51, 133, 184
411483.3.peg.577.site.65, 4, 147, 151
411483.3.peg.577.site.66, 21, 146, 167
411483.3.peg.577.site.67, 1, 152, 153
411483.3.peg.577.site.68, 58, 146, 204
411483.3.peg.577.site.69, 137, 148, 285
411483.3.peg.577.site.70, 2, 152, 154
411483.3.peg.577.site.71, 1, 154, 155
411483.3.peg.577.site.72, 1, 153, 154
411483.3.peg.577.site.73, 1, 155, 156
411483.3.peg.577.site.74, 6, 152, 158
411483.3.peg.577.site.75, 14, 144, 158
411483.3.peg.577.site.76, 2, 154, 156
411483.3.peg.577.site.77, 4, 154, 158
411483.3.peg.577.site.78, 5, 152, 157
411483.3.peg.577.site.79, 3, 154, 157
411483.3.peg.577.site.80, 3, 154, 157
411483.3.peg.577.site.81, 2, 153, 155
411483.3.peg.577.site.82, 25, 144, 169
411483.3.peg.577.site.83, 1, 153, 154
411483.3.peg.577.site.84, 1, 153, 154
411483.3.peg.577.site.85, 2, 153, 155
411483.3.peg.577.site.86, 123, 144, 267
411483.3.peg.577.site.87, 1, 152, 153
411483.3.peg.577.site.88, 2, 152, 154
411483.3.peg.577.site.89, 20, 147, 167
411483.3.peg.577.site.90, 1, 153, 154
411483.3.peg.577.site.91, 0, 152, 152
411483.3.peg.577.site.92, 7, 153, 160
411483.3.peg.577.site.93, 8, 150, 158
411483.3.peg.577.site.94, 8, 152, 160
411483.3.peg.577.site.95, 5, 152, 157
411483.3.peg.577.site.96, 1, 150, 151
411483.3.peg.577.site.97, 0, 151, 151
411483.3.peg.577.site.98, 1, 147, 148
411483.3.peg.577.site.99, 18, 143, 161
411483.3.peg.577.site.100, 0, 148, 148
411483.3.peg.577.site.101, 3, 144, 147
411483.3.peg.577.site.102, 19, 144, 163
411483.3.peg.577.site.103, 5, 148, 153
411483.3.peg.577.site.104, 26, 141, 167
411483.3.peg.577.site.105, 24, 146, 170
411483.3.peg.577.site.106, 4, 152, 156
411483.3.peg.577.site.107, 64, 147, 211
411483.3.peg.577.site.108, 24, 153, 177
411483.3.peg.577.site.109, 1, 155, 156
411483.3.peg.577.site.110, 9, 152, 161
411483.3.peg.577.site.111, 7, 152, 159
411483.3.peg.577.site.112, 23, 149, 172
411483.3.peg.577.site.113, 4, 154, 158
411483.3.peg.577.site.114, 4, 153, 157
411483.3.peg.577.site.115, 10, 147, 157
411483.3.peg.577.site.116, 36, 132, 168
411483.3.peg.570.site.1, 1, 135, 136
411483.3.peg.570.site.2, 1, 129, 130
411483.3.peg.570.site.3, 136, 136, 272
411483.3.peg.570.site.4, 1, 136, 137
411483.3.peg.570.site.5, 8, 137, 145
411483.3.peg.570.site.6, 0, 138, 138
411483.3.peg.570.site.7, 2, 140, 142
411483.3.peg.570.site.8, 1, 146, 147
411483.3.peg.570.site.9, 1, 147, 148
411483.3.peg.570.site.10, 30, 141, 171
411483.3.peg.570.site.11, 62, 135, 197
411483.3.peg.570.site.12, 8, 141, 149
411483.3.peg.570.site.13, 1, 136, 137
411483.3.peg.570.site.14, 14, 125, 139
411483.3.peg.570.site.15, 5, 118, 123
411483.3.peg.570.site.16, 1, 123, 124
411483.3.peg.570.site.17, 6, 123, 129
411483.3.peg.570.site.18, 17, 120, 137
411483.3.peg.570.site.19, 51, 95, 146
411483.3.peg.570.site.20, 3, 112, 115
411483.3.peg.570.site.21, 17, 113, 130
411483.3.peg.570.site.22, 2, 122, 124
411483.3.peg.570.site.23, 124, 125, 249
411483.3.peg.570.site.24, 10, 108, 118
411483.3.peg.570.site.25, 82, 119, 201
411483.3.peg.570.site.26, 45, 128, 173
411483.3.peg.570.site.27, 14, 131, 145
411483.3.peg.570.site.28, 49, 129, 178
411483.3.peg.570.site.29, 3, 143, 146
411483.3.peg.570.site.30, 0, 139, 139
411483.3.peg.570.site.31, 31, 136, 167
411483.3.peg.570.site.32, 8, 136, 144
411483.3.peg.570.site.33, 0, 145, 145
411483.3.peg.570.site.34, 23, 146, 169
411483.3.peg.570.site.35, 2, 148, 150
411483.3.peg.570.site.36, 0, 147, 147
411483.3.peg.570.site.37, 3, 153, 156
411483.3.peg.570.site.38, 50, 144, 194
411483.3.peg.570.site.39, 1, 151, 152
411483.3.peg.570.site.40, 0, 145, 145
411483.3.peg.571.site.1, 0, 152, 152
411483.3.peg.571.site.2, 17, 150, 167
411483.3.peg.571.site.3, 0, 151, 151
411483.3.peg.571.site.4, 0, 152, 152
411483.3.peg.571.site.5, 7, 149, 156
411483.3.peg.571.site.6, 5, 151, 156
411483.3.peg.571.site.7, 1, 153, 154
411483.3.peg.571.site.8, 0, 152, 152
411483.3.peg.571.site.9, 6, 153, 159
411483.3.peg.571.site.10, 1, 152, 153
411483.3.peg.571.site.11, 1, 150, 151
411483.3.peg.571.site.12, 1, 148, 149
411483.3.peg.571.site.13, 20, 140, 160
411483.3.peg.571.site.14, 0, 108, 108
411483.3.peg.573.site.1, 0, 117, 117
411483.3.peg.573.site.2, 0, 119, 119
411483.3.peg.573.site.3, 1, 123, 124
411483.3.peg.573.site.4, 2, 131, 133
411483.3.peg.573.site.5, 5, 116, 121
411483.3.peg.573.site.6, 0, 115, 115
411483.3.peg.573.site.7, 6, 125, 131
411483.3.peg.573.site.8, 4, 127, 131
411483.3.peg.573.site.9, 119, 125, 244
411483.3.peg.573.site.10, 1, 135, 136
411483.3.peg.573.site.11, 2, 142, 144
411483.3.peg.573.site.12, 1, 137, 138
411483.3.peg.573.site.13, 0, 141, 141
411483.3.peg.573.site.14, 0, 142, 142
411483.3.peg.573.site.15, 9, 142, 151
411483.3.peg.573.site.16, 3, 142, 145
411483.3.peg.573.site.17, 4, 139, 143
411483.3.peg.573.site.18, 1, 135, 136
411483.3.peg.573.site.19, 3, 133, 136
411483.3.peg.573.site.20, 2, 129, 131
411483.3.peg.573.site.21, 3, 137, 140
411483.3.peg.573.site.22, 1, 136, 137
411483.3.peg.573.site.23, 17, 117, 134
411483.3.peg.573.site.24, 13, 112, 125
411483.3.peg.573.site.25, 5, 126, 131
411483.3.peg.573.site.26, 11, 118, 129
411483.3.peg.573.site.27, 116, 119, 235
411483.3.peg.573.site.28, 47, 113, 160
411483.3.peg.573.site.29, 41, 119, 160
411483.3.peg.573.site.30, 2, 129, 131
411483.3.peg.573.site.31, 36, 126, 162
411483.3.peg.573.site.32, 0, 145, 145
411483.3.peg.573.site.33, 5, 146, 151
411483.3.peg.573.site.34, 0, 151, 151
411483.3.peg.573.site.35, 135, 144, 279
411483.3.peg.573.site.36, 0, 155, 155
411483.3.peg.573.site.37, 124, 147, 271
411483.3.peg.573.site.38, 3, 153, 156
411483.3.peg.573.site.39, 1, 154, 155
411483.3.peg.573.site.40, 4, 154, 158
411483.3.peg.573.site.41, 0, 153, 153
411483.3.peg.573.site.42, 2, 155, 157
411483.3.peg.573.site.43, 6, 150, 156
411483.3.peg.573.site.44, 4, 152, 156
411483.3.peg.573.site.45, 1, 151, 152
411483.3.peg.573.site.46, 0, 152, 152
411483.3.peg.573.site.47, 1, 151, 152
411483.3.peg.573.site.48, 2, 155, 157
411483.3.peg.573.site.49, 1, 154, 155
411483.3.peg.573.site.50, 0, 153, 153
411483.3.peg.573.site.51, 1, 155, 156
411483.3.peg.573.site.52, 40, 144, 184
411483.3.peg.573.site.53, 0, 153, 153
411483.3.peg.573.site.54, 1, 152, 153
411483.3.peg.573.site.55, 0, 153, 153
411483.3.peg.573.site.56, 0, 152, 152
411483.3.peg.573.site.57, 0, 154, 154
411483.3.peg.573.site.58, 1, 155, 156
411483.3.peg.573.site.59, 59, 145, 204
411483.3.peg.573.site.60, 1, 155, 156
411483.3.peg.573.site.61, 1, 155, 156
411483.3.peg.573.site.62, 22, 148, 170
411483.3.peg.573.site.63, 15, 153, 168
411483.3.peg.573.site.64, 7, 152, 159
411483.3.peg.573.site.65, 15, 148, 163
411483.3.peg.573.site.66, 2, 154, 156
411483.3.peg.573.site.67, 36, 140, 176
411483.3.peg.573.site.68, 35, 146, 181
411483.3.peg.573.site.69, 1, 154, 155
411483.3.peg.573.site.70, 0, 154, 154
411483.3.peg.573.site.71, 3, 155, 158
411483.3.peg.573.site.72, 1, 155, 156
411483.3.peg.573.site.73, 4, 155, 159
411483.3.peg.573.site.74, 2, 155, 157
411483.3.peg.573.site.75, 6, 153, 159
411483.3.peg.573.site.76, 0, 153, 153
411483.3.peg.573.site.77, 1, 152, 153
411483.3.peg.573.site.78, 6, 153, 159
411483.3.peg.573.site.79, 0, 154, 154
411483.3.peg.573.site.80, 3, 151, 154
411483.3.peg.573.site.81, 2, 153, 155
411483.3.peg.573.site.82, 17, 149, 166
411483.3.peg.573.site.83, 31, 146, 177
411483.3.peg.573.site.84, 3, 151, 154
411483.3.peg.573.site.85, 2, 149, 151
411483.3.peg.573.site.86, 0, 148, 148
411483.3.peg.573.site.87, 1, 147, 148
411483.3.peg.573.site.88, 0, 147, 147
411483.3.peg.573.site.89, 14, 137, 151
411483.3.peg.573.site.90, 88, 117, 205
411483.3.peg.573.site.91, 1, 128, 129
411483.3.peg.573.site.92, 10, 128, 138
411483.3.peg.573.site.93, 6, 140, 146
411483.3.peg.573.site.94, 11, 143, 154
411483.3.peg.573.site.95, 31, 144, 175
411483.3.peg.573.site.96, 43, 139, 182
411483.3.peg.573.site.97, 1, 151, 152
411483.3.peg.573.site.98, 2, 153, 155
411483.3.peg.573.site.99, 8, 147, 155
411483.3.peg.578.site.1, 2, 155, 157
411483.3.peg.578.site.2, 4, 152, 156
411483.3.peg.578.site.3, 0, 151, 151
411483.3.peg.578.site.4, 10, 146, 156
411483.3.peg.578.site.5, 0, 150, 150
411483.3.peg.578.site.6, 11, 150, 161
411483.3.peg.578.site.7, 2, 152, 154
411483.3.peg.578.site.8, 5, 146, 151
411483.3.peg.578.site.9, 1, 151, 152
411483.3.peg.578.site.10, 8, 151, 159
411483.3.peg.578.site.11, 1, 154, 155
411483.3.peg.578.site.12, 18, 148, 166
411483.3.peg.578.site.13, 1, 146, 147
411483.3.peg.578.site.14, 4, 134, 138
411483.3.peg.578.site.15, 9, 128, 137
411483.3.peg.578.site.16, 1, 131, 132
411483.3.peg.578.site.17, 0, 124, 124
411483.3.peg.578.site.18, 0, 119, 119
411483.3.peg.578.site.19, 0, 134, 134
411483.3.peg.578.site.20, 0, 136, 136
411483.3.peg.578.site.21, 69, 124, 193
411483.3.peg.578.site.22, 0, 151, 151
411483.3.peg.578.site.23, 2, 152, 154
411483.3.peg.579.site.1, 9, 143, 152
411483.3.peg.579.site.2, 2, 155, 157
411483.3.peg.579.site.3, 97, 148, 245
411483.3.peg.579.site.4, 2, 155, 157
411483.3.peg.579.site.5, 10, 151, 161
411483.3.peg.579.site.6, 4, 152, 156
411483.3.peg.579.site.7, 2, 154, 156
411483.3.peg.579.site.8, 4, 151, 155
411483.3.peg.579.site.9, 0, 153, 153
411483.3.peg.579.site.10, 2, 151, 153
411483.3.peg.579.site.11, 6, 148, 154
411483.3.peg.579.site.12, 9, 144, 153
411483.3.peg.579.site.13, 6, 142, 148
411483.3.peg.579.site.14, 2, 147, 149
411483.3.peg.579.site.15, 5, 137, 142
411483.3.peg.579.site.16, 1, 146, 147
411483.3.peg.579.site.17, 6, 150, 156
411483.3.peg.579.site.18, 50, 126, 176
411483.3.peg.579.site.19, 0, 147, 147
411483.3.peg.579.site.20, 1, 144, 145
411483.3.peg.579.site.21, 2, 144, 146
411483.3.peg.579.site.22, 0, 137, 137
411483.3.peg.579.site.23, 0, 142, 142
411483.3.peg.579.site.24, 6, 134, 140
411483.3.peg.579.site.25, 5, 137, 142
411483.3.peg.579.site.26, 6, 134, 140
411483.3.peg.579.site.27, 0, 138, 138
411483.3.peg.579.site.28, 4, 130, 134
411483.3.peg.579.site.29, 0, 146, 146
411483.3.peg.579.site.30, 66, 135, 201
411483.3.peg.579.site.31, 0, 147, 147
411483.3.peg.579.site.32, 6, 146, 152
411483.3.peg.579.site.33, 2, 146, 148
411483.3.peg.579.site.34, 10, 144, 154
411483.3.peg.579.site.35, 8, 147, 155
411483.3.peg.579.site.36, 58, 139, 197
411483.3.peg.579.site.37, 1, 150, 151
411483.3.peg.579.site.38, 15, 149, 164
411483.3.peg.579.site.39, 124, 144, 268
411483.3.peg.579.site.40, 9, 149, 158
411483.3.peg.579.site.41, 1, 144, 145
411483.3.peg.579.site.42, 0, 127, 127
411483.3.peg.579.site.43, 2, 122, 124
411483.3.peg.579.site.44, 1, 119, 120
411483.3.peg.579.site.45, 16, 115, 131
411483.3.peg.579.site.46, 0, 118, 118
411483.3.peg.579.site.47, 1, 118, 119
411483.3.peg.579.site.48, 11, 113, 124
411483.3.peg.579.site.49, 1, 119, 120
411483.3.peg.579.site.50, 96, 96, 192
411483.3.peg.579.site.51, 3, 124, 127
411483.3.peg.579.site.52, 12, 117, 129
411483.3.peg.579.site.53, 53, 114, 167
411483.3.peg.579.site.54, 82, 111, 193
411483.3.peg.579.site.55, 92, 111, 203
411483.3.peg.579.site.56, 51, 114, 165
411483.3.peg.579.site.57, 134, 134, 268
411483.3.peg.579.site.58, 4, 143, 147
411483.3.peg.579.site.59, 1, 141, 142
411483.3.peg.579.site.60, 16, 148, 164
411483.3.peg.579.site.61, 2, 152, 154
411483.3.peg.579.site.62, 74, 146, 220
411483.3.peg.579.site.63, 1, 154, 155
411483.3.peg.579.site.64, 4, 149, 153
411483.3.peg.579.site.65, 5, 153, 158
411483.3.peg.579.site.66, 3, 151, 154
411483.3.peg.579.site.67, 1, 149, 150
411483.3.peg.579.site.68, 2, 153, 155
411483.3.peg.579.site.69, 3, 147, 150
411483.3.peg.579.site.70, 5, 144, 149
411483.3.peg.579.site.71, 4, 147, 151
411483.3.peg.579.site.72, 0, 144, 144
411483.3.peg.579.site.73, 6, 146, 152
411483.3.peg.579.site.74, 4, 141, 145
411483.3.peg.579.site.75, 23, 140, 163
411483.3.peg.579.site.76, 1, 133, 134
411483.3.peg.579.site.77, 7, 143, 150
411483.3.peg.579.site.78, 2, 149, 151
411483.3.peg.579.site.79, 41, 136, 177
411483.3.peg.579.site.80, 3, 146, 149
411483.3.peg.579.site.81, 2, 151, 153
411483.3.peg.579.site.82, 3, 151, 154
411483.3.peg.579.site.83, 7, 150, 157
411483.3.peg.579.site.84, 1, 149, 150
411483.3.peg.579.site.85, 29, 146, 175
411483.3.peg.579.site.86, 13, 140, 153
411483.3.peg.579.site.87, 2, 150, 152
411483.3.peg.579.site.88, 1, 148, 149
411483.3.peg.579.site.89, 1, 153, 154
411483.3.peg.579.site.90, 5, 145, 150
411483.3.peg.579.site.91, 13, 152, 165
411483.3.peg.579.site.92, 138, 150, 288
411483.3.peg.579.site.93, 1, 155, 156
411483.3.peg.889.site.1, 1, 148, 149
411483.3.peg.889.site.2, 12, 149, 161
411483.3.peg.889.site.3, 0, 151, 151
411483.3.peg.889.site.4, 13, 147, 160
411483.3.peg.889.site.5, 51, 145, 196
411483.3.peg.889.site.6, 152, 152, 304
411483.3.peg.889.site.7, 0, 149, 149
411483.3.peg.884.site.1, 16, 147, 163
411483.3.peg.884.site.2, 18, 141, 159
411483.3.peg.884.site.3, 17, 146, 163
411483.3.peg.884.site.4, 5, 150, 155
411483.3.peg.884.site.5, 1, 149, 150
411483.3.peg.884.site.6, 1, 149, 150
411483.3.peg.884.site.7, 13, 141, 154
411483.3.peg.884.site.8, 11, 151, 162
411483.3.peg.884.site.9, 1, 150, 151
411483.3.peg.884.site.10, 2, 150, 152
411483.3.peg.884.site.11, 1, 149, 150
411483.3.peg.884.site.12, 1, 152, 153
411483.3.peg.884.site.13, 3, 153, 156
411483.3.peg.884.site.14, 4, 152, 156
411483.3.peg.884.site.15, 1, 151, 152
411483.3.peg.884.site.16, 14, 151, 165
411483.3.peg.884.site.17, 2, 153, 155
411483.3.peg.884.site.18, 1, 153, 154
411483.3.peg.884.site.19, 1, 151, 152
411483.3.peg.884.site.20, 4, 152, 156
411483.3.peg.884.site.21, 3, 150, 153
411483.3.peg.884.site.22, 11, 151, 162
411483.3.peg.884.site.23, 0, 153, 153
411483.3.peg.884.site.24, 4, 155, 159
411483.3.peg.884.site.25, 3, 155, 158
411483.3.peg.884.site.26, 3, 154, 157
411483.3.peg.884.site.27, 138, 150, 288
411483.3.peg.884.site.28, 2, 152, 154
411483.3.peg.884.site.29, 1, 155, 156
411483.3.peg.884.site.30, 6, 153, 159
411483.3.peg.884.site.31, 13, 151, 164
411483.3.peg.884.site.32, 10, 152, 162
411483.3.peg.884.site.33, 1, 152, 153
411483.3.peg.884.site.34, 25, 152, 177
411483.3.peg.884.site.35, 17, 154, 171
411483.3.peg.884.site.36, 1, 153, 154
411483.3.peg.884.site.37, 6, 152, 158
411483.3.peg.884.site.38, 0, 147, 147
411483.3.peg.884.site.39, 8, 148, 156
411483.3.peg.884.site.40, 1, 146, 147
411483.3.peg.884.site.41, 139, 147, 286
411483.3.peg.884.site.42, 0, 150, 150
411483.3.peg.884.site.43, 6, 147, 153
411483.3.peg.884.site.44, 1, 148, 149
411483.3.peg.884.site.45, 2, 150, 152
411483.3.peg.884.site.46, 135, 145, 280
411483.3.peg.884.site.47, 7, 153, 160
411483.3.peg.884.site.48, 5, 147, 152
411483.3.peg.884.site.49, 2, 147, 149
411483.3.peg.884.site.50, 10, 154, 164
411483.3.peg.884.site.51, 11, 151, 162
411483.3.peg.884.site.52, 42, 145, 187
411483.3.peg.884.site.53, 4, 153, 157
411483.3.peg.884.site.54, 10, 152, 162
411483.3.peg.884.site.55, 22, 146, 168
411483.3.peg.884.site.56, 1, 153, 154
411483.3.peg.884.site.57, 2, 152, 154
411483.3.peg.884.site.58, 9, 147, 156
411483.3.peg.884.site.59, 2, 148, 150
411483.3.peg.884.site.60, 95, 146, 241
411483.3.peg.884.site.61, 0, 152, 152
411483.3.peg.884.site.62, 3, 151, 154
411483.3.peg.884.site.63, 4, 152, 156
411483.3.peg.884.site.64, 24, 145, 169
411483.3.peg.884.site.65, 9, 153, 162
411483.3.peg.884.site.66, 1, 155, 156
411483.3.peg.884.site.67, 1, 154, 155
411483.3.peg.884.site.68, 7, 150, 157
411483.3.peg.884.site.69, 1, 153, 154
411483.3.peg.884.site.70, 3, 154, 157
411483.3.peg.884.site.71, 11, 152, 163
411483.3.peg.884.site.72, 1, 153, 154
411483.3.peg.884.site.73, 2, 155, 157
411483.3.peg.884.site.74, 4, 152, 156
411483.3.peg.884.site.75, 4, 152, 156
411483.3.peg.884.site.76, 2, 151, 153
411483.3.peg.884.site.77, 7, 148, 155
411483.3.peg.884.site.78, 2, 152, 154
411483.3.peg.884.site.79, 4, 151, 155
411483.3.peg.885.site.1, 13, 21, 34
411483.3.peg.885.site.2, 32, 38, 70
411483.3.peg.885.site.3, 39, 57, 96
411483.3.peg.885.site.4, 9, 63, 72
411483.3.peg.885.site.5, 14, 63, 77
411483.3.peg.885.site.6, 0, 75, 75
411483.3.peg.885.site.7, 1, 100, 101
411483.3.peg.885.site.8, 90, 101, 191
411483.3.peg.885.site.9, 2, 108, 110
411483.3.peg.885.site.10, 2, 112, 114
411483.3.peg.885.site.11, 95, 113, 208
411483.3.peg.885.site.12, 43, 110, 153
411483.3.peg.885.site.13, 1, 125, 126
411483.3.peg.885.site.14, 1, 126, 127
411483.3.peg.885.site.15, 8, 121, 129
411483.3.peg.885.site.16, 86, 121, 207
411483.3.peg.885.site.17, 2, 146, 148
411483.3.peg.885.site.18, 1, 146, 147
411483.3.peg.885.site.19, 19, 143, 162
411483.3.peg.885.site.20, 2, 148, 150
411483.3.peg.885.site.21, 0, 142, 142
411483.3.peg.885.site.22, 2, 145, 147
411483.3.peg.885.site.23, 5, 145, 150
411483.3.peg.885.site.24, 27, 142, 169
411483.3.peg.885.site.25, 4, 141, 145
411483.3.peg.885.site.26, 13, 139, 152
411483.3.peg.885.site.27, 2, 137, 139
411483.3.peg.885.site.28, 4, 128, 132
411483.3.peg.885.site.29, 2, 139, 141
411483.3.peg.885.site.30, 1, 139, 140
411483.3.peg.885.site.31, 4, 144, 148
411483.3.peg.885.site.32, 4, 148, 152
411483.3.peg.885.site.33, 3, 148, 151
411483.3.peg.885.site.34, 7, 148, 155
411483.3.peg.885.site.35, 0, 152, 152
411483.3.peg.885.site.36, 30, 146, 176
411483.3.peg.885.site.37, 6, 152, 158
411483.3.peg.885.site.38, 5, 148, 153
411483.3.peg.885.site.39, 2, 149, 151
411483.3.peg.885.site.40, 4, 145, 149
411483.3.peg.885.site.41, 40, 135, 175
411483.3.peg.885.site.42, 5, 138, 143
411483.3.peg.885.site.43, 1, 147, 148
411483.3.peg.885.site.44, 2, 141, 143
411483.3.peg.885.site.45, 1, 144, 145
411483.3.peg.885.site.46, 15, 125, 140
411483.3.peg.885.site.47, 1, 143, 144
411483.3.peg.885.site.48, 1, 145, 146
411483.3.peg.885.site.49, 2, 145, 147
411483.3.peg.885.site.50, 2, 140, 142
411483.3.peg.885.site.51, 2, 142, 144
411483.3.peg.885.site.52, 43, 140, 183
411483.3.peg.885.site.53, 13, 141, 154
411483.3.peg.885.site.54, 7, 139, 146
411483.3.peg.885.site.55, 48, 138, 186
411483.3.peg.885.site.56, 15, 136, 151
411483.3.peg.885.site.57, 13, 139, 152
411483.3.peg.885.site.58, 69, 132, 201
411483.3.peg.885.site.59, 98, 128, 226
411483.3.peg.885.site.60, 1, 140, 141
411483.3.peg.885.site.61, 2, 142, 144
411483.3.peg.885.site.62, 137, 145, 282
411483.3.peg.885.site.63, 1, 145, 146
411483.3.peg.885.site.64, 32, 144, 176
411483.3.peg.885.site.65, 7, 150, 157
411483.3.peg.885.site.66, 4, 147, 151
411483.3.peg.885.site.67, 6, 150, 156
411483.3.peg.885.site.68, 5, 152, 157
411483.3.peg.885.site.69, 2, 153, 155
411483.3.peg.885.site.70, 0, 150, 150
411483.3.peg.885.site.71, 0, 148, 148
411483.3.peg.885.site.72, 4, 146, 150
411483.3.peg.885.site.73, 92, 131, 223
411483.3.peg.885.site.74, 13, 122, 135
411483.3.peg.885.site.75, 1, 117, 118
411483.3.peg.885.site.76, 113, 115, 228
411483.3.peg.885.site.77, 58, 103, 161
411483.3.peg.885.site.78, 6, 112, 118
411483.3.peg.885.site.79, 18, 104, 122
411483.3.peg.885.site.80, 3, 106, 109
411483.3.peg.885.site.81, 1, 113, 114
411483.3.peg.885.site.82, 3, 129, 132
411483.3.peg.885.site.83, 31, 128, 159
411483.3.peg.885.site.84, 1, 136, 137
411483.3.peg.885.site.85, 36, 122, 158
411483.3.peg.885.site.86, 18, 128, 146
411483.3.peg.885.site.87, 4, 134, 138
411483.3.peg.885.site.88, 0, 131, 131
411483.3.peg.885.site.89, 76, 122, 198
411483.3.peg.885.site.90, 3, 126, 129
411483.3.peg.885.site.91, 3, 123, 126
411483.3.peg.885.site.92, 75, 103, 178
411483.3.peg.885.site.93, 7, 109, 116
411483.3.peg.885.site.94, 107, 107, 214
411483.3.peg.885.site.95, 10, 100, 110
411483.3.peg.885.site.96, 9, 102, 111
411483.3.peg.885.site.97, 84, 103, 187
411483.3.peg.885.site.98, 2, 102, 104
411483.3.peg.885.site.99, 1, 92, 93
411483.3.peg.885.site.100, 1, 89, 90
411483.3.peg.885.site.101, 9, 87, 96
411483.3.peg.885.site.102, 1, 86, 87
411483.3.peg.885.site.103, 70, 72, 142
411483.3.peg.885.site.104, 92, 97, 189
411483.3.peg.885.site.105, 91, 97, 188
411483.3.peg.885.site.106, 3, 99, 102
411483.3.peg.885.site.107, 1, 113, 114
411483.3.peg.885.site.108, 21, 123, 144
411483.3.peg.885.site.109, 3, 143, 146
411483.3.peg.885.site.110, 4, 148, 152
411483.3.peg.885.site.111, 29, 140, 169
411483.3.peg.885.site.112, 1, 146, 147
411483.3.peg.885.site.113, 5, 146, 151
411483.3.peg.885.site.114, 2, 147, 149
411483.3.peg.885.site.115, 4, 143, 147
411483.3.peg.885.site.116, 1, 142, 143
411483.3.peg.885.site.117, 0, 134, 134
411483.3.peg.885.site.118, 2, 133, 135
411483.3.peg.885.site.119, 1, 134, 135
411483.3.peg.885.site.120, 3, 136, 139
411483.3.peg.885.site.121, 0, 135, 135
411483.3.peg.885.site.122, 14, 123, 137
411483.3.peg.885.site.123, 3, 119, 122
411483.3.peg.885.site.124, 1, 121, 122
411483.3.peg.885.site.125, 2, 94, 96
411483.3.peg.885.site.126, 84, 99, 183
411483.3.peg.885.site.127, 31, 110, 141
411483.3.peg.885.site.128, 1, 119, 120
411483.3.peg.885.site.129, 12, 127, 139
411483.3.peg.885.site.130, 7, 134, 141
411483.3.peg.885.site.131, 1, 143, 144
411483.3.peg.885.site.132, 0, 142, 142
411483.3.peg.886.site.1, 10, 150, 160
411483.3.peg.886.site.2, 2, 153, 155
411483.3.peg.886.site.3, 11, 151, 162
411483.3.peg.886.site.4, 3, 152, 155
411483.3.peg.886.site.5, 6, 150, 156
411483.3.peg.886.site.6, 8, 148, 156
411483.3.peg.886.site.7, 0, 148, 148
411483.3.peg.886.site.8, 5, 149, 154
411483.3.peg.886.site.9, 2, 150, 152
411483.3.peg.886.site.10, 1, 152, 153
411483.3.peg.886.site.11, 7, 151, 158
411483.3.peg.886.site.12, 12, 147, 159
411483.3.peg.886.site.13, 8, 139, 147
411483.3.peg.886.site.14, 13, 147, 160
411483.3.peg.886.site.15, 1, 135, 136
411483.3.peg.886.site.16, 3, 131, 134
411483.3.peg.886.site.17, 0, 137, 137
411483.3.peg.886.site.18, 2, 138, 140
411483.3.peg.886.site.19, 0, 128, 128
411483.3.peg.886.site.20, 1, 129, 130
411483.3.peg.886.site.21, 2, 130, 132
411483.3.peg.886.site.22, 5, 101, 106
411483.3.peg.886.site.23, 90, 93, 183
411483.3.peg.886.site.24, 0, 90, 90
411483.3.peg.886.site.25, 2, 58, 60
411483.3.peg.886.site.26, 3, 86, 89
411483.3.peg.886.site.27, 2, 97, 99
411483.3.peg.886.site.28, 33, 86, 119
411483.3.peg.886.site.29, 2, 114, 116
411483.3.peg.886.site.30, 5, 121, 126
411483.3.peg.886.site.31, 115, 115, 230
411483.3.peg.886.site.32, 3, 119, 122
411483.3.peg.886.site.33, 113, 119, 232
411483.3.peg.886.site.34, 1, 138, 139
411483.3.peg.886.site.35, 0, 147, 147
411483.3.peg.886.site.36, 4, 148, 152
411483.3.peg.886.site.37, 5, 151, 156
411483.3.peg.886.site.38, 4, 151, 155
411483.3.peg.886.site.39, 35, 144, 179
411483.3.peg.886.site.40, 14, 149, 163
411483.3.peg.886.site.41, 18, 144, 162
411483.3.peg.886.site.42, 0, 148, 148
411483.3.peg.886.site.43, 3, 146, 149
411483.3.peg.886.site.44, 4, 143, 147
411483.3.peg.886.site.45, 13, 142, 155
411483.3.peg.886.site.46, 2, 148, 150
411483.3.peg.886.site.47, 14, 142, 156
411483.3.peg.886.site.48, 3, 150, 153
411483.3.peg.886.site.49, 5, 147, 152
411483.3.peg.886.site.50, 0, 147, 147
411483.3.peg.886.site.51, 0, 147, 147
411483.3.peg.886.site.52, 11, 147, 158
411483.3.peg.886.site.53, 3, 150, 153
411483.3.peg.886.site.54, 0, 151, 151
411483.3.peg.886.site.55, 7, 145, 152
411483.3.peg.886.site.56, 9, 150, 159
411483.3.peg.886.site.57, 2, 153, 155
411483.3.peg.886.site.58, 8, 154, 162
411483.3.peg.886.site.59, 4, 149, 153
411483.3.peg.886.site.60, 1, 152, 153
411483.3.peg.886.site.61, 3, 152, 155
411483.3.peg.886.site.62, 150, 150, 300
411483.3.peg.886.site.63, 2, 146, 148
411483.3.peg.886.site.64, 62, 143, 205
411483.3.peg.886.site.65, 0, 153, 153
411483.3.peg.886.site.66, 12, 152, 164
411483.3.peg.886.site.67, 4, 153, 157
411483.3.peg.886.site.68, 9, 151, 160
411483.3.peg.886.site.69, 9, 152, 161
411483.3.peg.886.site.70, 0, 154, 154
411483.3.peg.886.site.71, 3, 154, 157
411483.3.peg.886.site.72, 1, 155, 156
411483.3.peg.886.site.73, 1, 154, 155
411483.3.peg.886.site.74, 2, 153, 155
411483.3.peg.886.site.75, 2, 150, 152
411483.3.peg.886.site.76, 7, 148, 155
411483.3.peg.886.site.77, 4, 154, 158
411483.3.peg.886.site.78, 8, 149, 157
411483.3.peg.886.site.79, 2, 154, 156
411483.3.peg.886.site.80, 74, 140, 214
411483.3.peg.886.site.81, 3, 145, 148
411483.3.peg.886.site.82, 1, 140, 141
411483.3.peg.886.site.83, 92, 126, 218
411483.3.peg.886.site.84, 108, 128, 236
411483.3.peg.886.site.85, 4, 137, 141
411483.3.peg.886.site.86, 6, 144, 150
411483.3.peg.886.site.87, 4, 141, 145
411483.3.peg.886.site.88, 36, 136, 172
411483.3.peg.886.site.89, 1, 145, 146
411483.3.peg.886.site.90, 11, 149, 160
411483.3.peg.886.site.91, 54, 128, 182
411483.3.peg.886.site.92, 2, 144, 146
411483.3.peg.886.site.93, 4, 144, 148
411483.3.peg.886.site.94, 7, 138, 145
411483.3.peg.886.site.95, 2, 135, 137
411483.3.peg.886.site.96, 1, 140, 141
411483.3.peg.886.site.97, 1, 140, 141
411483.3.peg.886.site.98, 1, 141, 142
411483.3.peg.886.site.99, 2, 146, 148
411483.3.peg.886.site.100, 16, 143, 159
411483.3.peg.886.site.101, 22, 140, 162
411483.3.peg.886.site.102, 10, 141, 151
411483.3.peg.886.site.103, 1, 134, 135
411483.3.peg.886.site.104, 4, 136, 140
411483.3.peg.886.site.105, 26, 129, 155
411483.3.peg.886.site.106, 96, 122, 218
411483.3.peg.886.site.107, 1, 117, 118
411483.3.peg.886.site.108, 64, 123, 187
411483.3.peg.886.site.109, 17, 134, 151
411483.3.peg.886.site.110, 7, 140, 147
411483.3.peg.886.site.111, 1, 142, 143
411483.3.peg.886.site.112, 3, 140, 143
411483.3.peg.886.site.113, 73, 134, 207
411483.3.peg.886.site.114, 15, 131, 146
411483.3.peg.886.site.115, 2, 141, 143
411483.3.peg.886.site.116, 30, 141, 171
411483.3.peg.886.site.117, 8, 137, 145
411483.3.peg.886.site.118, 7, 145, 152
411483.3.peg.886.site.119, 2, 147, 149
411483.3.peg.886.site.120, 10, 146, 156
411483.3.peg.886.site.121, 2, 145, 147
411483.3.peg.886.site.122, 1, 138, 139
411483.3.peg.886.site.123, 7, 135, 142
411483.3.peg.886.site.124, 1, 134, 135
411483.3.peg.886.site.125, 27, 121, 148
411483.3.peg.886.site.126, 5, 133, 138
411483.3.peg.886.site.127, 3, 132, 135
411483.3.peg.886.site.128, 2, 133, 135
411483.3.peg.886.site.129, 22, 129, 151
411483.3.peg.886.site.130, 1, 138, 139
411483.3.peg.886.site.131, 5, 137, 142
411483.3.peg.886.site.132, 1, 144, 145
411483.3.peg.886.site.133, 0, 143, 143
411483.3.peg.886.site.134, 52, 132, 184
411483.3.peg.886.site.135, 13, 135, 148
411483.3.peg.886.site.136, 2, 135, 137
411483.3.peg.886.site.137, 95, 126, 221
411483.3.peg.886.site.138, 89, 124, 213
411483.3.peg.886.site.139, 128, 128, 256
411483.3.peg.886.site.140, 10, 141, 151
411483.3.peg.886.site.141, 14, 147, 161
411483.3.peg.886.site.142, 6, 150, 156
411483.3.peg.886.site.143, 2, 150, 152
411483.3.peg.886.site.144, 4, 152, 156
411483.3.peg.886.site.145, 1, 154, 155
411483.3.peg.886.site.146, 1, 152, 153
411483.3.peg.886.site.147, 1, 152, 153
411483.3.peg.886.site.148, 49, 143, 192
411483.3.peg.886.site.149, 0, 152, 152
411483.3.peg.887.site.1, 2, 148, 150
411483.3.peg.887.site.2, 2, 147, 149
411483.3.peg.887.site.3, 5, 149, 154
411483.3.peg.887.site.4, 11, 147, 158
411483.3.peg.887.site.5, 4, 148, 152
411483.3.peg.887.site.6, 1, 148, 149
411483.3.peg.887.site.7, 2, 146, 148
411483.3.peg.887.site.8, 1, 144, 145
411483.3.peg.887.site.9, 0, 142, 142
411483.3.peg.880.site.1, 8, 151, 159
411483.3.peg.880.site.2, 2, 153, 155
411483.3.peg.880.site.3, 4, 153, 157
411483.3.peg.880.site.4, 2, 149, 151
411483.3.peg.880.site.5, 3, 150, 153
411483.3.peg.880.site.6, 2, 152, 154
411483.3.peg.880.site.7, 1, 154, 155
411483.3.peg.880.site.8, 9, 153, 162
411483.3.peg.880.site.9, 2, 151, 153
411483.3.peg.880.site.10, 0, 149, 149
411483.3.peg.880.site.11, 2, 151, 153
411483.3.peg.880.site.12, 2, 150, 152
411483.3.peg.880.site.13, 63, 141, 204
411483.3.peg.880.site.14, 5, 147, 152
411483.3.peg.880.site.15, 5, 150, 155
411483.3.peg.880.site.16, 6, 146, 152
411483.3.peg.880.site.17, 0, 153, 153
411483.3.peg.880.site.18, 20, 153, 173
411483.3.peg.880.site.19, 3, 155, 158
411483.3.peg.880.site.20, 1, 152, 153
411483.3.peg.880.site.21, 9, 145, 154
411483.3.peg.880.site.22, 0, 150, 150
411483.3.peg.880.site.23, 40, 140, 180
411483.3.peg.880.site.24, 0, 153, 153
411483.3.peg.880.site.25, 2, 154, 156
411483.3.peg.880.site.26, 13, 146, 159
411483.3.peg.880.site.27, 1, 155, 156
411483.3.peg.880.site.28, 2, 153, 155
411483.3.peg.880.site.29, 52, 147, 199
411483.3.peg.880.site.30, 25, 146, 171
411483.3.peg.880.site.31, 1, 151, 152
411483.3.peg.880.site.32, 15, 147, 162
411483.3.peg.880.site.33, 2, 142, 144
411483.3.peg.880.site.34, 2, 138, 140
411483.3.peg.880.site.35, 11, 139, 150
411483.3.peg.880.site.36, 4, 148, 152
411483.3.peg.880.site.37, 8, 143, 151
411483.3.peg.880.site.38, 1, 150, 151
411483.3.peg.880.site.39, 114, 145, 259
411483.3.peg.880.site.40, 48, 143, 191
411483.3.peg.880.site.41, 24, 152, 176
411483.3.peg.880.site.42, 2, 153, 155
411483.3.peg.880.site.43, 4, 154, 158
411483.3.peg.880.site.44, 18, 146, 164
411483.3.peg.880.site.45, 88, 147, 235
411483.3.peg.880.site.46, 2, 147, 149
411483.3.peg.880.site.47, 3, 152, 155
411483.3.peg.880.site.48, 1, 151, 152
411483.3.peg.880.site.49, 40, 143, 183
411483.3.peg.880.site.50, 2, 149, 151
411483.3.peg.880.site.51, 2, 148, 150
411483.3.peg.880.site.52, 81, 139, 220
411483.3.peg.880.site.53, 7, 150, 157
411483.3.peg.880.site.54, 10, 150, 160
411483.3.peg.880.site.55, 2, 150, 152
411483.3.peg.880.site.56, 3, 153, 156
411483.3.peg.880.site.57, 40, 152, 192
411483.3.peg.880.site.58, 3, 149, 152
411483.3.peg.880.site.59, 5, 150, 155
411483.3.peg.880.site.60, 3, 155, 158
411483.3.peg.880.site.61, 0, 152, 152
411483.3.peg.880.site.62, 3, 153, 156
411483.3.peg.881.site.1, 54, 129, 183
411483.3.peg.881.site.2, 2, 145, 147
411483.3.peg.881.site.3, 4, 141, 145
411483.3.peg.881.site.4, 0, 139, 139
411483.3.peg.881.site.5, 3, 148, 151
411483.3.peg.881.site.6, 3, 140, 143
411483.3.peg.881.site.7, 11, 134, 145
411483.3.peg.881.site.8, 9, 126, 135
411483.3.peg.881.site.9, 3, 51, 54
411483.3.peg.883.site.1, 1, 147, 148
411483.3.peg.883.site.2, 142, 146, 288
411483.3.peg.883.site.3, 3, 154, 157
411483.3.peg.883.site.4, 5, 153, 158
411483.3.peg.883.site.5, 4, 153, 157
411483.3.peg.883.site.6, 14, 153, 167
411483.3.peg.883.site.7, 50, 146, 196
411483.3.peg.883.site.8, 101, 148, 249
411483.3.peg.883.site.9, 81, 143, 224
411483.3.peg.883.site.10, 68, 143, 211
411483.3.peg.883.site.11, 8, 151, 159
411483.3.peg.883.site.12, 0, 153, 153
411483.3.peg.883.site.13, 7, 151, 158
411483.3.peg.883.site.14, 6, 152, 158
411483.3.peg.883.site.15, 13, 153, 166
411483.3.peg.883.site.16, 52, 148, 200
411483.3.peg.883.site.17, 59, 146, 205
411483.3.peg.883.site.18, 3, 152, 155
411483.3.peg.883.site.19, 6, 149, 155
411483.3.peg.883.site.20, 8, 152, 160
411483.3.peg.883.site.21, 42, 146, 188
411483.3.peg.883.site.22, 8, 153, 161
411483.3.peg.883.site.23, 7, 153, 160
411483.3.peg.883.site.24, 12, 151, 163
411483.3.peg.883.site.25, 2, 152, 154
411483.3.peg.883.site.26, 3, 153, 156
411483.3.peg.883.site.27, 77, 141, 218
411483.3.peg.883.site.28, 0, 150, 150
411483.3.peg.883.site.29, 1, 150, 151
411483.3.peg.883.site.30, 13, 145, 158
411483.3.peg.883.site.31, 45, 145, 190
411483.3.peg.883.site.32, 29, 145, 174
411483.3.peg.883.site.33, 17, 145, 162
411483.3.peg.883.site.34, 0, 149, 149
411483.3.peg.883.site.35, 4, 143, 147
411483.3.peg.883.site.36, 2, 148, 150
411483.3.peg.883.site.37, 4, 147, 151
411483.3.peg.883.site.38, 6, 144, 150
411483.3.peg.408.site.1, 1, 154, 155
411483.3.peg.408.site.2, 2, 154, 156
411483.3.peg.408.site.3, 1, 154, 155
411483.3.peg.408.site.4, 1, 155, 156
411483.3.peg.408.site.5, 0, 155, 155
411483.3.peg.408.site.6, 2, 155, 157
411483.3.peg.408.site.7, 3, 152, 155
411483.3.peg.408.site.8, 15, 150, 165
411483.3.peg.408.site.9, 20, 153, 173
411483.3.peg.408.site.10, 0, 154, 154
411483.3.peg.408.site.11, 65, 142, 207
411483.3.peg.408.site.12, 14, 154, 168
411483.3.peg.408.site.13, 7, 151, 158
411483.3.peg.408.site.14, 2, 155, 157
411483.3.peg.408.site.15, 144, 154, 298
411483.3.peg.408.site.16, 3, 155, 158
411483.3.peg.408.site.17, 0, 154, 154
411483.3.peg.408.site.18, 5, 154, 159
411483.3.peg.408.site.19, 2, 155, 157
411483.3.peg.408.site.20, 1, 155, 156
411483.3.peg.408.site.21, 0, 152, 152
411483.3.peg.408.site.22, 1, 154, 155
411483.3.peg.408.site.23, 5, 154, 159
411483.3.peg.408.site.24, 55, 142, 197
411483.3.peg.408.site.25, 2, 155, 157
411483.3.peg.408.site.26, 1, 155, 156
411483.3.peg.408.site.27, 4, 151, 155
411483.3.peg.408.site.28, 152, 154, 306
411483.3.peg.408.site.29, 1, 155, 156
411483.3.peg.408.site.30, 5, 150, 155
411483.3.peg.408.site.31, 3, 153, 156
411483.3.peg.408.site.32, 3, 153, 156
411483.3.peg.408.site.33, 17, 149, 166
411483.3.peg.408.site.34, 10, 150, 160
411483.3.peg.408.site.35, 1, 154, 155
411483.3.peg.408.site.36, 6, 147, 153
411483.3.peg.409.site.1, 6, 153, 159
411483.3.peg.409.site.2, 5, 154, 159
411483.3.peg.409.site.3, 11, 148, 159
411483.3.peg.409.site.4, 5, 155, 160
411483.3.peg.409.site.5, 2, 154, 156
411483.3.peg.409.site.6, 0, 155, 155
411483.3.peg.409.site.7, 1, 154, 155
411483.3.peg.409.site.8, 4, 154, 158
411483.3.peg.409.site.9, 4, 151, 155
411483.3.peg.409.site.10, 4, 150, 154
411483.3.peg.409.site.11, 14, 148, 162
411483.3.peg.409.site.12, 3, 147, 150
411483.3.peg.409.site.13, 3, 135, 138
411483.3.peg.409.site.14, 20, 141, 161
411483.3.peg.409.site.15, 39, 138, 177
411483.3.peg.409.site.16, 12, 140, 152
411483.3.peg.409.site.17, 2, 145, 147
411483.3.peg.409.site.18, 9, 145, 154
411483.3.peg.409.site.19, 2, 145, 147
411483.3.peg.409.site.20, 64, 128, 192
411483.3.peg.409.site.21, 9, 136, 145
411483.3.peg.409.site.22, 7, 133, 140
411483.3.peg.409.site.23, 2, 135, 137
411483.3.peg.409.site.24, 18, 128, 146
411483.3.peg.409.site.25, 1, 147, 148
411483.3.peg.409.site.26, 8, 134, 142
411483.3.peg.409.site.27, 51, 140, 191
411483.3.peg.409.site.28, 10, 150, 160
411483.3.peg.409.site.29, 41, 139, 180
411483.3.peg.409.site.30, 19, 151, 170
411483.3.peg.409.site.31, 4, 154, 158
411483.3.peg.409.site.32, 149, 153, 302
411483.3.peg.409.site.33, 23, 150, 173
411483.3.peg.409.site.34, 11, 149, 160
411483.3.peg.409.site.35, 7, 153, 160
411483.3.peg.409.site.36, 1, 155, 156
411483.3.peg.409.site.37, 1, 155, 156
411483.3.peg.409.site.38, 1, 155, 156
411483.3.peg.409.site.39, 3, 155, 158
411483.3.peg.409.site.40, 56, 143, 199
411483.3.peg.409.site.41, 9, 150, 159
411483.3.peg.409.site.42, 15, 148, 163
411483.3.peg.409.site.43, 20, 150, 170
411483.3.peg.409.site.44, 83, 137, 220
411483.3.peg.409.site.45, 6, 140, 146
411483.3.peg.409.site.46, 7, 122, 129
411483.3.peg.409.site.47, 6, 115, 121
411483.3.peg.409.site.48, 70, 88, 158
411483.3.peg.409.site.49, 1, 98, 99
411483.3.peg.409.site.50, 2, 99, 101
411483.3.peg.409.site.51, 4, 97, 101
411483.3.peg.409.site.52, 2, 106, 108
411483.3.peg.409.site.53, 14, 109, 123
411483.3.peg.409.site.54, 26, 115, 141
411483.3.peg.409.site.55, 3, 119, 122
411483.3.peg.409.site.56, 4, 118, 122
411483.3.peg.409.site.57, 2, 123, 125
411483.3.peg.409.site.58, 1, 128, 129
411483.3.peg.409.site.59, 0, 117, 117
411483.3.peg.409.site.60, 1, 106, 107
411483.3.peg.409.site.61, 4, 85, 89
411483.3.peg.93.site.1, 11, 20, 31
411483.3.peg.93.site.2, 11, 26, 37
411483.3.peg.93.site.3, 2, 27, 29
411483.3.peg.93.site.4, 5, 27, 32
411483.3.peg.93.site.5, 3, 41, 44
411483.3.peg.93.site.6, 1, 56, 57
411483.3.peg.93.site.7, 1, 64, 65
411483.3.peg.93.site.8, 55, 61, 116
411483.3.peg.93.site.9, 1, 87, 88
411483.3.peg.93.site.10, 73, 110, 183
411483.3.peg.93.site.11, 1, 120, 121
411483.3.peg.93.site.12, 3, 123, 126
411483.3.peg.93.site.13, 12, 127, 139
411483.3.peg.93.site.14, 5, 149, 154
411483.3.peg.93.site.15, 0, 152, 152
411483.3.peg.93.site.16, 3, 150, 153
411483.3.peg.93.site.17, 1, 149, 150
411483.3.peg.93.site.18, 2, 152, 154
411483.3.peg.93.site.19, 0, 153, 153
411483.3.peg.93.site.20, 2, 151, 153
411483.3.peg.93.site.21, 2, 152, 154
411483.3.peg.93.site.22, 1, 146, 147
411483.3.peg.93.site.23, 1, 144, 145
411483.3.peg.93.site.24, 1, 129, 130
411483.3.peg.93.site.25, 15, 139, 154
411483.3.peg.93.site.26, 1, 141, 142
411483.3.peg.93.site.27, 8, 89, 97
411483.3.peg.93.site.28, 0, 90, 90
411483.3.peg.93.site.29, 0, 87, 87
411483.3.peg.93.site.30, 7, 62, 69
411483.3.peg.93.site.31, 1, 76, 77
411483.3.peg.93.site.32, 0, 68, 68
411483.3.peg.94.site.1, 1, 147, 148
411483.3.peg.94.site.2, 0, 153, 153
411483.3.peg.94.site.3, 1, 154, 155
411483.3.peg.94.site.4, 4, 151, 155
411483.3.peg.94.site.5, 0, 154, 154
411483.3.peg.94.site.6, 2, 154, 156
411483.3.peg.94.site.7, 9, 153, 162
411483.3.peg.94.site.8, 1, 155, 156
411483.3.peg.94.site.9, 0, 153, 153
411483.3.peg.94.site.10, 0, 139, 139
411483.3.peg.94.site.11, 0, 138, 138
411483.3.peg.94.site.12, 0, 111, 111
411483.3.peg.94.site.13, 4, 125, 129
411483.3.peg.94.site.14, 2, 154, 156
411483.3.peg.94.site.15, 3, 154, 157
411483.3.peg.94.site.16, 2, 152, 154
411483.3.peg.94.site.17, 1, 153, 154
411483.3.peg.94.site.18, 3, 153, 156
411483.3.peg.94.site.19, 9, 141, 150
411483.3.peg.94.site.20, 2, 154, 156
411483.3.peg.94.site.21, 0, 154, 154
411483.3.peg.94.site.22, 1, 154, 155
411483.3.peg.95.site.1, 7, 153, 160
411483.3.peg.95.site.2, 1, 153, 154
411483.3.peg.95.site.3, 1, 154, 155
411483.3.peg.95.site.4, 1, 154, 155
411483.3.peg.95.site.5, 2, 154, 156
411483.3.peg.95.site.6, 0, 151, 151
411483.3.peg.95.site.7, 0, 151, 151
411483.3.peg.95.site.8, 6, 152, 158
411483.3.peg.95.site.9, 7, 154, 161
411483.3.peg.95.site.10, 2, 152, 154
411483.3.peg.95.site.11, 1, 153, 154
411483.3.peg.95.site.12, 0, 150, 150
411483.3.peg.95.site.13, 1, 155, 156
411483.3.peg.95.site.14, 2, 149, 151
411483.3.peg.95.site.15, 0, 149, 149
411483.3.peg.95.site.16, 0, 143, 143
411483.3.peg.95.site.17, 0, 145, 145
411483.3.peg.95.site.18, 0, 149, 149
411483.3.peg.96.site.1, 2, 148, 150
411483.3.peg.96.site.2, 143, 150, 293
411483.3.peg.96.site.3, 1, 150, 151
411483.3.peg.96.site.4, 15, 148, 163
411483.3.peg.96.site.5, 1, 152, 153
411483.3.peg.96.site.6, 2, 153, 155
411483.3.peg.96.site.7, 3, 152, 155
411483.3.peg.96.site.8, 1, 152, 153
411483.3.peg.96.site.9, 6, 154, 160
411483.3.peg.96.site.10, 9, 149, 158
411483.3.peg.96.site.11, 2, 153, 155
411483.3.peg.96.site.12, 11, 147, 158
411483.3.peg.96.site.13, 23, 151, 174
411483.3.peg.96.site.14, 0, 155, 155
411483.3.peg.96.site.15, 0, 154, 154
411483.3.peg.96.site.16, 3, 155, 158
411483.3.peg.96.site.17, 2, 153, 155
411483.3.peg.96.site.18, 5, 155, 160
411483.3.peg.97.site.1, 1, 155, 156
411483.3.peg.97.site.2, 2, 155, 157
411483.3.peg.97.site.3, 66, 147, 213
411483.3.peg.97.site.4, 5, 151, 156
411483.3.peg.97.site.5, 4, 154, 158
411483.3.peg.97.site.6, 5, 152, 157
411483.3.peg.97.site.7, 3, 154, 157
411483.3.peg.97.site.8, 3, 152, 155
411483.3.peg.97.site.9, 1, 151, 152
411483.3.peg.97.site.10, 9, 149, 158
411483.3.peg.97.site.11, 0, 148, 148
411483.3.peg.97.site.12, 1, 146, 147
411483.3.peg.97.site.13, 1, 144, 145
411483.3.peg.97.site.14, 0, 147, 147
411483.3.peg.97.site.15, 2, 148, 150
411483.3.peg.97.site.16, 0, 140, 140
411483.3.peg.97.site.17, 3, 138, 141
411483.3.peg.97.site.18, 2, 133, 135
411483.3.peg.97.site.19, 2, 137, 139
411483.3.peg.97.site.20, 8, 133, 141
411483.3.peg.97.site.21, 1, 135, 136
411483.3.peg.97.site.22, 0, 136, 136
411483.3.peg.97.site.23, 2, 138, 140
411483.3.peg.97.site.24, 1, 139, 140
411483.3.peg.97.site.25, 1, 143, 144
411483.3.peg.97.site.26, 2, 144, 146
411483.3.peg.97.site.27, 34, 140, 174
411483.3.peg.97.site.28, 3, 148, 151
411483.3.peg.97.site.29, 2, 152, 154
411483.3.peg.97.site.30, 1, 152, 153
411483.3.peg.97.site.31, 105, 144, 249
411483.3.peg.97.site.32, 94, 142, 236
411483.3.peg.98.site.1, 3, 153, 156
411483.3.peg.98.site.2, 28, 149, 177
411483.3.peg.98.site.3, 6, 150, 156
411483.3.peg.98.site.4, 2, 151, 153
411483.3.peg.98.site.5, 2, 152, 154
411483.3.peg.98.site.6, 2, 151, 153
411483.3.peg.98.site.7, 5, 148, 153
411483.3.peg.98.site.8, 0, 151, 151
411483.3.peg.98.site.9, 3, 149, 152
411483.3.peg.98.site.10, 2, 150, 152
411483.3.peg.98.site.11, 29, 143, 172
411483.3.peg.98.site.12, 0, 147, 147
411483.3.peg.98.site.13, 1, 145, 146
411483.3.peg.98.site.14, 99, 142, 241
411483.3.peg.98.site.15, 0, 137, 137
411483.3.peg.98.site.16, 6, 137, 143
411483.3.peg.98.site.17, 1, 148, 149
411483.3.peg.98.site.18, 5, 146, 151
411483.3.peg.98.site.19, 0, 148, 148
411483.3.peg.98.site.20, 3, 153, 156
411483.3.peg.98.site.21, 1, 153, 154
411483.3.peg.98.site.22, 1, 152, 153
411483.3.peg.98.site.23, 22, 150, 172
411483.3.peg.98.site.24, 1, 154, 155
411483.3.peg.98.site.25, 3, 154, 157
411483.3.peg.98.site.26, 8, 155, 163
411483.3.peg.98.site.27, 1, 155, 156
411483.3.peg.98.site.28, 6, 153, 159
411483.3.peg.98.site.29, 1, 154, 155
411483.3.peg.98.site.30, 1, 155, 156
411483.3.peg.98.site.31, 1, 153, 154
411483.3.peg.98.site.32, 0, 154, 154
411483.3.peg.98.site.33, 1, 154, 155
411483.3.peg.98.site.34, 0, 152, 152
411483.3.peg.98.site.35, 2, 154, 156
411483.3.peg.98.site.36, 2, 151, 153
411483.3.peg.98.site.37, 0, 153, 153
411483.3.peg.98.site.38, 1, 153, 154
411483.3.peg.98.site.39, 119, 141, 260
411483.3.peg.98.site.40, 140, 150, 290
411483.3.peg.98.site.41, 138, 150, 288
411483.3.peg.98.site.42, 1, 154, 155
411483.3.peg.98.site.43, 84, 144, 228
411483.3.peg.98.site.44, 2, 153, 155
411483.3.peg.98.site.45, 144, 153, 297
411483.3.peg.98.site.46, 0, 153, 153
411483.3.peg.98.site.47, 2, 153, 155
411483.3.peg.98.site.48, 0, 153, 153
411483.3.peg.98.site.49, 2, 148, 150
411483.3.peg.98.site.50, 2, 151, 153
411483.3.peg.99.site.1, 9, 144, 153
411483.3.peg.99.site.2, 8, 150, 158
411483.3.peg.99.site.3, 11, 145, 156
411483.3.peg.99.site.4, 4, 155, 159
411483.3.peg.99.site.5, 0, 154, 154
411483.3.peg.99.site.6, 1, 155, 156
411483.3.peg.99.site.7, 0, 153, 153
411483.3.peg.99.site.8, 4, 153, 157
411483.3.peg.99.site.9, 1, 154, 155
411483.3.peg.99.site.10, 4, 154, 158
411483.3.peg.99.site.11, 2, 154, 156
411483.3.peg.99.site.12, 4, 153, 157
411483.3.peg.99.site.13, 1, 153, 154
411483.3.peg.99.site.14, 1, 153, 154
411483.3.peg.99.site.15, 3, 153, 156
411483.3.peg.99.site.16, 0, 151, 151
411483.3.peg.99.site.17, 22, 142, 164
411483.3.peg.99.site.18, 1, 145, 146
411483.3.peg.99.site.19, 4, 152, 156
411483.3.peg.99.site.20, 1, 147, 148
411483.3.peg.99.site.21, 3, 147, 150
411483.3.peg.99.site.22, 1, 143, 144
411483.3.peg.99.site.23, 1, 139, 140
411483.3.peg.99.site.24, 7, 141, 148
411483.3.peg.99.site.25, 4, 140, 144
411483.3.peg.99.site.26, 1, 140, 141
411483.3.peg.99.site.27, 2, 142, 144
411483.3.peg.99.site.28, 0, 144, 144
411483.3.peg.99.site.29, 7, 146, 153
411483.3.peg.99.site.30, 116, 138, 254
411483.3.peg.99.site.31, 3, 144, 147
411483.3.peg.99.site.32, 0, 142, 142
411483.3.peg.99.site.33, 1, 148, 149
411483.3.peg.99.site.34, 47, 133, 180
411483.3.peg.99.site.35, 0, 145, 145
411483.3.peg.99.site.36, 5, 151, 156
411483.3.peg.99.site.37, 10, 149, 159
411483.3.peg.99.site.38, 0, 151, 151
411483.3.peg.99.site.39, 0, 152, 152
411483.3.peg.99.site.40, 2, 151, 153
411483.3.peg.99.site.41, 0, 152, 152
411483.3.peg.99.site.42, 0, 150, 150
411483.3.peg.99.site.43, 4, 149, 153
411483.3.peg.99.site.44, 2, 151, 153
411483.3.peg.99.site.45, 6, 151, 157
411483.3.peg.99.site.46, 103, 143, 246
411483.3.peg.99.site.47, 4, 151, 155
411483.3.peg.99.site.48, 30, 149, 179
411483.3.peg.99.site.49, 1, 147, 148
411483.3.peg.99.site.50, 144, 152, 296
411483.3.peg.99.site.51, 0, 152, 152
411483.3.peg.99.site.52, 3, 155, 158
411483.3.peg.99.site.53, 5, 154, 159
411483.3.peg.99.site.54, 2, 153, 155
411483.3.peg.99.site.55, 3, 154, 157
411483.3.peg.99.site.56, 6, 154, 160
411483.3.peg.99.site.57, 4, 152, 156
411483.3.peg.99.site.58, 0, 152, 152
411483.3.peg.99.site.59, 0, 155, 155
411483.3.peg.99.site.60, 1, 155, 156
411483.3.peg.99.site.61, 0, 154, 154
411483.3.peg.99.site.62, 0, 154, 154
411483.3.peg.99.site.63, 0, 153, 153
411483.3.peg.99.site.64, 4, 152, 156
411483.3.peg.99.site.65, 0, 154, 154
411483.3.peg.99.site.66, 18, 151, 169
411483.3.peg.99.site.67, 10, 150, 160
411483.3.peg.99.site.68, 6, 154, 160
411483.3.peg.99.site.69, 9, 150, 159
411483.3.peg.99.site.70, 5, 149, 154
411483.3.peg.99.site.71, 0, 155, 155
411483.3.peg.99.site.72, 6, 152, 158
411483.3.peg.99.site.73, 16, 151, 167
411483.3.peg.99.site.74, 0, 154, 154
411483.3.peg.99.site.75, 2, 155, 157
411483.3.peg.99.site.76, 51, 147, 198
411483.3.peg.99.site.77, 2, 152, 154
411483.3.peg.99.site.78, 0, 154, 154
411483.3.peg.99.site.79, 139, 150, 289
411483.3.peg.99.site.80, 1, 154, 155
411483.3.peg.99.site.81, 13, 151, 164
411483.3.peg.99.site.82, 2, 154, 156
411483.3.peg.99.site.83, 3, 155, 158
411483.3.peg.99.site.84, 0, 153, 153
411483.3.peg.403.site.1, 1, 118, 119
411483.3.peg.403.site.2, 27, 114, 141
411483.3.peg.403.site.3, 5, 5, 10
411483.3.peg.403.site.4, 2, 131, 133
411483.3.peg.403.site.5, 1, 138, 139
411483.3.peg.403.site.6, 2, 133, 135
411483.3.peg.403.site.7, 11, 143, 154
411483.3.peg.403.site.8, 11, 145, 156
411483.3.peg.403.site.9, 150, 152, 302
411483.3.peg.403.site.10, 4, 152, 156
411483.3.peg.403.site.11, 0, 150, 150
411483.3.peg.403.site.12, 78, 140, 218
411483.3.peg.403.site.13, 8, 154, 162
411483.3.peg.403.site.14, 2, 155, 157
411483.3.peg.403.site.15, 1, 155, 156
411483.3.peg.403.site.16, 4, 150, 154
411483.3.peg.403.site.17, 11, 143, 154
411483.3.peg.403.site.18, 9, 148, 157
411483.3.peg.403.site.19, 3, 148, 151
411483.3.peg.403.site.20, 1, 152, 153
411483.3.peg.403.site.21, 9, 153, 162
411483.3.peg.403.site.22, 17, 148, 165
411483.3.peg.404.site.1, 13, 149, 162
411483.3.peg.404.site.2, 37, 137, 174
411483.3.peg.404.site.3, 3, 152, 155
411483.3.peg.404.site.4, 1, 154, 155
411483.3.peg.404.site.5, 2, 153, 155
411483.3.peg.404.site.6, 115, 142, 257
411483.3.peg.404.site.7, 131, 150, 281
411483.3.peg.404.site.8, 45, 140, 185
411483.3.peg.404.site.9, 1, 153, 154
411483.3.peg.404.site.10, 0, 154, 154
411483.3.peg.404.site.11, 14, 144, 158
411483.3.peg.404.site.12, 2, 154, 156
411483.3.peg.404.site.13, 5, 151, 156
411483.3.peg.404.site.14, 0, 155, 155
411483.3.peg.404.site.15, 3, 155, 158
411483.3.peg.404.site.16, 19, 144, 163
411483.3.peg.404.site.17, 2, 154, 156
411483.3.peg.404.site.18, 1, 153, 154
411483.3.peg.405.site.1, 2, 155, 157
411483.3.peg.405.site.2, 152, 154, 306
411483.3.peg.405.site.3, 2, 152, 154
411483.3.peg.405.site.4, 33, 141, 174
411483.3.peg.405.site.5, 2, 155, 157
411483.3.peg.405.site.6, 6, 153, 159
411483.3.peg.405.site.7, 3, 154, 157
411483.3.peg.405.site.8, 6, 155, 161
411483.3.peg.405.site.9, 2, 152, 154
411483.3.peg.405.site.10, 1, 154, 155
411483.3.peg.405.site.11, 55, 137, 192
411483.3.peg.405.site.12, 1, 155, 156
411483.3.peg.405.site.13, 0, 153, 153
411483.3.peg.405.site.14, 2, 155, 157
411483.3.peg.406.site.1, 1, 154, 155
411483.3.peg.406.site.2, 0, 151, 151
411483.3.peg.406.site.3, 7, 151, 158
411483.3.peg.406.site.4, 32, 150, 182
411483.3.peg.406.site.5, 0, 154, 154
411483.3.peg.406.site.6, 4, 151, 155
411483.3.peg.406.site.7, 7, 153, 160
411483.3.peg.406.site.8, 0, 155, 155
411483.3.peg.406.site.9, 3, 154, 157
411483.3.peg.406.site.10, 3, 155, 158
411483.3.peg.406.site.11, 5, 152, 157
411483.3.peg.406.site.12, 151, 153, 304
411483.3.peg.406.site.13, 1, 145, 146
411483.3.peg.406.site.14, 1, 141, 142
411483.3.peg.406.site.15, 1, 143, 144
411483.3.peg.406.site.16, 5, 141, 146
411483.3.peg.406.site.17, 0, 148, 148
411483.3.peg.406.site.18, 1, 154, 155
411483.3.peg.406.site.19, 152, 154, 306
411483.3.peg.406.site.20, 1, 154, 155
411483.3.peg.406.site.21, 1, 153, 154
411483.3.peg.406.site.22, 0, 154, 154
411483.3.peg.406.site.23, 36, 146, 182
411483.3.peg.406.site.24, 17, 150, 167
411483.3.peg.406.site.25, 1, 154, 155
411483.3.peg.406.site.26, 30, 148, 178
411483.3.peg.406.site.27, 2, 155, 157
411483.3.peg.406.site.28, 0, 153, 153
411483.3.peg.406.site.29, 1, 155, 156
411483.3.peg.406.site.30, 12, 153, 165
411483.3.peg.406.site.31, 6, 153, 159
411483.3.peg.406.site.32, 1, 155, 156
411483.3.peg.406.site.33, 5, 154, 159
411483.3.peg.406.site.34, 1, 154, 155
411483.3.peg.406.site.35, 28, 148, 176
411483.3.peg.406.site.36, 134, 146, 280
411483.3.peg.406.site.37, 2, 152, 154
411483.3.peg.406.site.38, 1, 155, 156
411483.3.peg.406.site.39, 1, 151, 152
411483.3.peg.406.site.40, 137, 150, 287
411483.3.peg.406.site.41, 1, 155, 156
411483.3.peg.406.site.42, 9, 148, 157
411483.3.peg.406.site.43, 2, 153, 155
411483.3.peg.406.site.44, 0, 151, 151
411483.3.peg.406.site.45, 13, 144, 157
411483.3.peg.406.site.46, 26, 151, 177
411483.3.peg.406.site.47, 1, 154, 155
411483.3.peg.406.site.48, 11, 148, 159
411483.3.peg.406.site.49, 14, 150, 164
411483.3.peg.406.site.50, 1, 155, 156
411483.3.peg.406.site.51, 4, 155, 159
411483.3.peg.406.site.52, 4, 149, 153
411483.3.peg.406.site.53, 5, 154, 159
411483.3.peg.406.site.54, 5, 155, 160
411483.3.peg.406.site.55, 3, 155, 158
411483.3.peg.406.site.56, 18, 150, 168
411483.3.peg.406.site.57, 4, 149, 153
411483.3.peg.406.site.58, 0, 152, 152
411483.3.peg.406.site.59, 5, 152, 157
411483.3.peg.406.site.60, 5, 153, 158
411483.3.peg.406.site.61, 5, 154, 159
411483.3.peg.406.site.62, 6, 155, 161
411483.3.peg.406.site.63, 22, 153, 175
411483.3.peg.406.site.64, 3, 154, 157
411483.3.peg.406.site.65, 10, 153, 163
411483.3.peg.406.site.66, 0, 153, 153
411483.3.peg.406.site.67, 0, 153, 153
411483.3.peg.406.site.68, 2, 154, 156
411483.3.peg.406.site.69, 34, 146, 180
411483.3.peg.406.site.70, 9, 153, 162
411483.3.peg.406.site.71, 40, 150, 190
411483.3.peg.406.site.72, 1, 155, 156
411483.3.peg.406.site.73, 5, 153, 158
411483.3.peg.406.site.74, 13, 151, 164
411483.3.peg.406.site.75, 1, 153, 154
411483.3.peg.406.site.76, 4, 153, 157
411483.3.peg.406.site.77, 0, 154, 154
411483.3.peg.406.site.78, 1, 155, 156
411483.3.peg.798.site.1, 16, 147, 163
411483.3.peg.798.site.2, 10, 150, 160
411483.3.peg.798.site.3, 5, 152, 157
411483.3.peg.798.site.4, 1, 149, 150
411483.3.peg.798.site.5, 4, 152, 156
411483.3.peg.798.site.6, 31, 143, 174
411483.3.peg.798.site.7, 0, 148, 148
411483.3.peg.798.site.8, 2, 152, 154
411483.3.peg.798.site.9, 0, 150, 150
411483.3.peg.798.site.10, 0, 147, 147
411483.3.peg.798.site.11, 0, 147, 147
411483.3.peg.798.site.12, 4, 151, 155
411483.3.peg.798.site.13, 1, 146, 147
411483.3.peg.798.site.14, 0, 147, 147
411483.3.peg.798.site.15, 0, 148, 148
411483.3.peg.798.site.16, 44, 136, 180
411483.3.peg.798.site.17, 2, 152, 154
411483.3.peg.798.site.18, 2, 153, 155
411483.3.peg.798.site.19, 25, 150, 175
411483.3.peg.798.site.20, 0, 153, 153
411483.3.peg.798.site.21, 1, 150, 151
411483.3.peg.798.site.22, 2, 150, 152
411483.3.peg.798.site.23, 8, 151, 159
411483.3.peg.798.site.24, 3, 153, 156
411483.3.peg.798.site.25, 2, 154, 156
411483.3.peg.798.site.26, 2, 154, 156
411483.3.peg.798.site.27, 67, 138, 205
411483.3.peg.798.site.28, 10, 149, 159
411483.3.peg.798.site.29, 1, 150, 151
411483.3.peg.798.site.30, 2, 153, 155
411483.3.peg.798.site.31, 11, 148, 159
411483.3.peg.798.site.32, 2, 150, 152
411483.3.peg.798.site.33, 138, 149, 287
411483.3.peg.798.site.34, 3, 148, 151
411483.3.peg.798.site.35, 6, 150, 156
411483.3.peg.798.site.36, 19, 152, 171
411483.3.peg.798.site.37, 21, 149, 170
411483.3.peg.798.site.38, 41, 137, 178
411483.3.peg.798.site.39, 1, 148, 149
411483.3.peg.798.site.40, 1, 149, 150
411483.3.peg.798.site.41, 3, 145, 148
411483.3.peg.798.site.42, 10, 152, 162
411483.3.peg.798.site.43, 0, 152, 152
411483.3.peg.798.site.44, 2, 153, 155
411483.3.peg.798.site.45, 1, 147, 148
411483.3.peg.798.site.46, 10, 150, 160
411483.3.peg.798.site.47, 26, 150, 176
411483.3.peg.798.site.48, 1, 152, 153
411483.3.peg.798.site.49, 2, 150, 152
411483.3.peg.798.site.50, 6, 151, 157
411483.3.peg.798.site.51, 1, 152, 153
411483.3.peg.798.site.52, 119, 150, 269
411483.3.peg.798.site.53, 8, 153, 161
411483.3.peg.798.site.54, 0, 152, 152
411483.3.peg.798.site.55, 32, 142, 174
411483.3.peg.798.site.56, 1, 139, 140
411483.3.peg.798.site.57, 82, 105, 187
411483.3.peg.798.site.58, 2, 100, 102
411483.3.peg.798.site.59, 1, 92, 93
411483.3.peg.798.site.60, 5, 124, 129
411483.3.peg.798.site.61, 2, 149, 151
411483.3.peg.799.site.1, 1, 154, 155
411483.3.peg.799.site.2, 7, 147, 154
411483.3.peg.799.site.3, 1, 151, 152
411483.3.peg.799.site.4, 2, 152, 154
411483.3.peg.799.site.5, 0, 150, 150
411483.3.peg.799.site.6, 6, 153, 159
411483.3.peg.799.site.7, 149, 152, 301
411483.3.peg.799.site.8, 121, 144, 265
411483.3.peg.799.site.9, 113, 141, 254
411483.3.peg.799.site.10, 106, 144, 250
411483.3.peg.799.site.11, 15, 144, 159
411483.3.peg.799.site.12, 1, 153, 154
411483.3.peg.799.site.13, 120, 146, 266
411483.3.peg.799.site.14, 1, 152, 153
411483.3.peg.799.site.15, 1, 151, 152
411483.3.peg.799.site.16, 4, 150, 154
411483.3.peg.799.site.17, 22, 145, 167
411483.3.peg.799.site.18, 1, 151, 152
411483.3.peg.799.site.19, 16, 148, 164
411483.3.peg.799.site.20, 76, 143, 219
411483.3.peg.799.site.21, 153, 153, 306
411483.3.peg.799.site.22, 1, 154, 155
411483.3.peg.799.site.23, 5, 153, 158
411483.3.peg.799.site.24, 2, 155, 157
411483.3.peg.799.site.25, 1, 153, 154
411483.3.peg.799.site.26, 6, 153, 159
411483.3.peg.799.site.27, 12, 148, 160
411483.3.peg.799.site.28, 4, 150, 154
411483.3.peg.799.site.29, 1, 148, 149
411483.3.peg.799.site.30, 89, 125, 214
411483.3.peg.799.site.31, 8, 133, 141
411483.3.peg.799.site.32, 18, 150, 168
411483.3.peg.799.site.33, 8, 154, 162
411483.3.peg.799.site.34, 9, 155, 164
411483.3.peg.799.site.35, 4, 152, 156
411483.3.peg.799.site.36, 30, 143, 173
411483.3.peg.799.site.37, 12, 148, 160
411483.3.peg.799.site.38, 4, 149, 153
411483.3.peg.799.site.39, 1, 150, 151
411483.3.peg.799.site.40, 62, 139, 201
411483.3.peg.799.site.41, 2, 146, 148
411483.3.peg.799.site.42, 140, 148, 288
411483.3.peg.799.site.43, 2, 149, 151
411483.3.peg.799.site.44, 0, 152, 152
411483.3.peg.799.site.45, 13, 151, 164
411483.3.peg.799.site.46, 62, 140, 202
411483.3.peg.799.site.47, 3, 151, 154
411483.3.peg.799.site.48, 73, 144, 217
411483.3.peg.799.site.49, 4, 152, 156
411483.3.peg.799.site.50, 3, 155, 158
411483.3.peg.799.site.51, 3, 155, 158
411483.3.peg.799.site.52, 12, 150, 162
411483.3.peg.799.site.53, 13, 144, 157
411483.3.peg.799.site.54, 2, 153, 155
411483.3.peg.799.site.55, 1, 155, 156
411483.3.peg.799.site.56, 4, 153, 157
411483.3.peg.799.site.57, 12, 150, 162
411483.3.peg.799.site.58, 137, 150, 287
411483.3.peg.799.site.59, 4, 152, 156
411483.3.peg.799.site.60, 0, 153, 153
411483.3.peg.799.site.61, 4, 151, 155
411483.3.peg.799.site.62, 153, 153, 306
411483.3.peg.799.site.63, 0, 152, 152
411483.3.peg.799.site.64, 32, 148, 180
411483.3.peg.799.site.65, 1, 154, 155
411483.3.peg.799.site.66, 120, 148, 268
411483.3.peg.799.site.67, 1, 146, 147
411483.3.peg.799.site.68, 25, 140, 165
411483.3.peg.799.site.69, 9, 133, 142
411483.3.peg.799.site.70, 7, 123, 130
411483.3.peg.799.site.71, 4, 119, 123
411483.3.peg.799.site.72, 70, 118, 188
411483.3.peg.799.site.73, 57, 103, 160
411483.3.peg.799.site.74, 2, 119, 121
411483.3.peg.799.site.75, 2, 109, 111
411483.3.peg.799.site.76, 21, 99, 120
411483.3.peg.799.site.77, 29, 99, 128
411483.3.peg.799.site.78, 1, 111, 112
411483.3.peg.799.site.79, 9, 117, 126
411483.3.peg.799.site.80, 5, 113, 118
411483.3.peg.799.site.81, 6, 121, 127
411483.3.peg.799.site.82, 2, 126, 128
411483.3.peg.799.site.83, 76, 125, 201
411483.3.peg.799.site.84, 58, 113, 171
411483.3.peg.799.site.85, 0, 141, 141
411483.3.peg.799.site.86, 2, 144, 146
411483.3.peg.799.site.87, 74, 135, 209
411483.3.peg.799.site.88, 7, 146, 153
411483.3.peg.799.site.89, 5, 148, 153
411483.3.peg.799.site.90, 2, 149, 151
411483.3.peg.799.site.91, 7, 151, 158
411483.3.peg.799.site.92, 1, 147, 148
411483.3.peg.799.site.93, 1, 151, 152
411483.3.peg.799.site.94, 2, 150, 152
411483.3.peg.799.site.95, 2, 154, 156
411483.3.peg.799.site.96, 6, 152, 158
411483.3.peg.799.site.97, 0, 151, 151
411483.3.peg.799.site.98, 0, 154, 154
411483.3.peg.799.site.99, 70, 141, 211
411483.3.peg.799.site.100, 1, 154, 155
411483.3.peg.799.site.101, 10, 150, 160
411483.3.peg.799.site.102, 1, 153, 154
411483.3.peg.799.site.103, 22, 143, 165
411483.3.peg.799.site.104, 136, 148, 284
411483.3.peg.799.site.105, 1, 150, 151
411483.3.peg.799.site.106, 1, 151, 152
411483.3.peg.799.site.107, 1, 150, 151
411483.3.peg.799.site.108, 0, 148, 148
411483.3.peg.799.site.109, 1, 148, 149
411483.3.peg.799.site.110, 2, 152, 154
411483.3.peg.799.site.111, 2, 154, 156
411483.3.peg.799.site.112, 3, 155, 158
411483.3.peg.799.site.113, 142, 151, 293
411483.3.peg.799.site.114, 2, 153, 155
411483.3.peg.799.site.115, 3, 155, 158
411483.3.peg.799.site.116, 7, 153, 160
411483.3.peg.799.site.117, 0, 153, 153
411483.3.peg.799.site.118, 1, 155, 156
411483.3.peg.799.site.119, 1, 155, 156
411483.3.peg.799.site.120, 7, 154, 161
411483.3.peg.1984.site.1, 4, 153, 157
411483.3.peg.1984.site.2, 3, 153, 156
411483.3.peg.1984.site.3, 0, 152, 152
411483.3.peg.1984.site.4, 0, 152, 152
411483.3.peg.1984.site.5, 1, 152, 153
411483.3.peg.1984.site.6, 3, 153, 156
411483.3.peg.1984.site.7, 97, 143, 240
411483.3.peg.1984.site.8, 1, 151, 152
411483.3.peg.1984.site.9, 28, 146, 174
411483.3.peg.1984.site.10, 3, 149, 152
411483.3.peg.1984.site.11, 1, 151, 152
411483.3.peg.1984.site.12, 1, 146, 147
411483.3.peg.1984.site.13, 2, 141, 143
411483.3.peg.1984.site.14, 51, 138, 189
411483.3.peg.1984.site.15, 1, 149, 150
411483.3.peg.1984.site.16, 1, 150, 151
411483.3.peg.1984.site.17, 2, 149, 151
411483.3.peg.1984.site.18, 96, 137, 233
411483.3.peg.1984.site.19, 28, 140, 168
411483.3.peg.1984.site.20, 4, 146, 150
411483.3.peg.1984.site.21, 1, 147, 148
411483.3.peg.1984.site.22, 2, 146, 148
411483.3.peg.1984.site.23, 2, 146, 148
411483.3.peg.1984.site.24, 16, 148, 164
411483.3.peg.1984.site.25, 6, 145, 151
411483.3.peg.1984.site.26, 7, 149, 156
411483.3.peg.1984.site.27, 39, 141, 180
411483.3.peg.1984.site.28, 6, 150, 156
411483.3.peg.1984.site.29, 6, 152, 158
411483.3.peg.1984.site.30, 0, 147, 147
411483.3.peg.1984.site.31, 33, 136, 169
411483.3.peg.1984.site.32, 4, 152, 156
411483.3.peg.1984.site.33, 1, 154, 155
411483.3.peg.1984.site.34, 43, 146, 189
411483.3.peg.1984.site.35, 1, 148, 149
411483.3.peg.790.site.1, 4, 152, 156
411483.3.peg.790.site.2, 0, 153, 153
411483.3.peg.790.site.3, 2, 153, 155
411483.3.peg.790.site.4, 1, 152, 153
411483.3.peg.790.site.5, 0, 150, 150
411483.3.peg.790.site.6, 42, 141, 183
411483.3.peg.790.site.7, 4, 153, 157
411483.3.peg.790.site.8, 8, 152, 160
411483.3.peg.790.site.9, 0, 155, 155
411483.3.peg.790.site.10, 0, 152, 152
411483.3.peg.790.site.11, 3, 153, 156
411483.3.peg.790.site.12, 8, 153, 161
411483.3.peg.790.site.13, 3, 152, 155
411483.3.peg.790.site.14, 3, 154, 157
411483.3.peg.790.site.15, 4, 152, 156
411483.3.peg.790.site.16, 2, 154, 156
411483.3.peg.790.site.17, 1, 152, 153
411483.3.peg.790.site.18, 5, 152, 157
411483.3.peg.790.site.19, 0, 153, 153
411483.3.peg.790.site.20, 13, 143, 156
411483.3.peg.791.site.1, 2, 152, 154
411483.3.peg.791.site.2, 7, 152, 159
411483.3.peg.791.site.3, 2, 150, 152
411483.3.peg.791.site.4, 3, 154, 157
411483.3.peg.791.site.5, 1, 154, 155
411483.3.peg.791.site.6, 28, 151, 179
411483.3.peg.791.site.7, 9, 152, 161
411483.3.peg.791.site.8, 0, 153, 153
411483.3.peg.791.site.9, 0, 153, 153
411483.3.peg.791.site.10, 99, 147, 246
411483.3.peg.791.site.11, 49, 145, 194
411483.3.peg.791.site.12, 1, 154, 155
411483.3.peg.791.site.13, 7, 153, 160
411483.3.peg.791.site.14, 3, 155, 158
411483.3.peg.791.site.15, 3, 155, 158
411483.3.peg.791.site.16, 14, 151, 165
411483.3.peg.791.site.17, 3, 154, 157
411483.3.peg.791.site.18, 8, 153, 161
411483.3.peg.791.site.19, 122, 146, 268
411483.3.peg.791.site.20, 19, 148, 167
411483.3.peg.791.site.21, 40, 144, 184
411483.3.peg.791.site.22, 0, 151, 151
411483.3.peg.791.site.23, 0, 152, 152
411483.3.peg.791.site.24, 29, 144, 173
411483.3.peg.791.site.25, 10, 151, 161
411483.3.peg.791.site.26, 3, 148, 151
411483.3.peg.791.site.27, 3, 154, 157
411483.3.peg.791.site.28, 0, 152, 152
411483.3.peg.791.site.29, 0, 148, 148
411483.3.peg.791.site.30, 0, 149, 149
411483.3.peg.791.site.31, 0, 148, 148
411483.3.peg.791.site.32, 2, 151, 153
411483.3.peg.791.site.33, 0, 147, 147
411483.3.peg.791.site.34, 0, 146, 146
411483.3.peg.792.site.1, 7, 134, 141
411483.3.peg.792.site.2, 3, 141, 144
411483.3.peg.792.site.3, 4, 149, 153
411483.3.peg.792.site.4, 2, 150, 152
411483.3.peg.792.site.5, 0, 152, 152
411483.3.peg.792.site.6, 9, 140, 149
411483.3.peg.792.site.7, 1, 145, 146
411483.3.peg.792.site.8, 9, 141, 150
411483.3.peg.792.site.9, 0, 142, 142
411483.3.peg.792.site.10, 1, 150, 151
411483.3.peg.792.site.11, 9, 151, 160
411483.3.peg.792.site.12, 7, 150, 157
411483.3.peg.792.site.13, 142, 149, 291
411483.3.peg.792.site.14, 11, 154, 165
411483.3.peg.792.site.15, 29, 153, 182
411483.3.peg.792.site.16, 2, 155, 157
411483.3.peg.792.site.17, 2, 155, 157
411483.3.peg.792.site.18, 2, 155, 157
411483.3.peg.792.site.19, 2, 154, 156
411483.3.peg.792.site.20, 1, 155, 156
411483.3.peg.792.site.21, 5, 152, 157
411483.3.peg.792.site.22, 10, 151, 161
411483.3.peg.792.site.23, 4, 151, 155
411483.3.peg.792.site.24, 19, 147, 166
411483.3.peg.792.site.25, 24, 154, 178
411483.3.peg.792.site.26, 1, 154, 155
411483.3.peg.792.site.27, 2, 154, 156
411483.3.peg.792.site.28, 1, 154, 155
411483.3.peg.792.site.29, 5, 145, 150
411483.3.peg.792.site.30, 5, 151, 156
411483.3.peg.792.site.31, 1, 151, 152
411483.3.peg.792.site.32, 6, 144, 150
411483.3.peg.792.site.33, 6, 103, 109
411483.3.peg.792.site.34, 10, 116, 126
411483.3.peg.792.site.35, 4, 139, 143
411483.3.peg.792.site.36, 4, 143, 147
411483.3.peg.792.site.37, 1, 146, 147
411483.3.peg.792.site.38, 2, 150, 152
411483.3.peg.792.site.39, 34, 155, 189
411483.3.peg.792.site.40, 0, 155, 155
411483.3.peg.792.site.41, 0, 155, 155
411483.3.peg.792.site.42, 3, 154, 157
411483.3.peg.792.site.43, 41, 143, 184
411483.3.peg.792.site.44, 0, 153, 153
411483.3.peg.792.site.45, 0, 154, 154
411483.3.peg.792.site.46, 1, 155, 156
411483.3.peg.793.site.1, 3, 119, 122
411483.3.peg.793.site.2, 1, 139, 140
411483.3.peg.793.site.3, 5, 141, 146
411483.3.peg.793.site.4, 13, 131, 144
411483.3.peg.793.site.5, 7, 142, 149
411483.3.peg.793.site.6, 7, 139, 146
411483.3.peg.793.site.7, 3, 142, 145
411483.3.peg.793.site.8, 83, 136, 219
411483.3.peg.793.site.9, 4, 144, 148
411483.3.peg.793.site.10, 2, 138, 140
411483.3.peg.793.site.11, 97, 136, 233
411483.3.peg.793.site.12, 1, 145, 146
411483.3.peg.793.site.13, 3, 150, 153
411483.3.peg.793.site.14, 0, 150, 150
411483.3.peg.793.site.15, 14, 149, 163
411483.3.peg.793.site.16, 2, 153, 155
411483.3.peg.793.site.17, 1, 151, 152
411483.3.peg.793.site.18, 6, 152, 158
411483.3.peg.793.site.19, 5, 151, 156
411483.3.peg.793.site.20, 6, 141, 147
411483.3.peg.793.site.21, 5, 132, 137
411483.3.peg.793.site.22, 2, 139, 141
411483.3.peg.793.site.23, 0, 141, 141
411483.3.peg.793.site.24, 0, 141, 141
411483.3.peg.793.site.25, 149, 149, 298
411483.3.peg.793.site.26, 1, 149, 150
411483.3.peg.793.site.27, 3, 151, 154
411483.3.peg.793.site.28, 4, 151, 155
411483.3.peg.793.site.29, 124, 148, 272
411483.3.peg.793.site.30, 2, 146, 148
411483.3.peg.793.site.31, 1, 138, 139
411483.3.peg.793.site.32, 137, 137, 274
411483.3.peg.793.site.33, 2, 144, 146
411483.3.peg.793.site.34, 2, 130, 132
411483.3.peg.793.site.35, 11, 149, 160
411483.3.peg.793.site.36, 1, 151, 152
411483.3.peg.793.site.37, 0, 150, 150
411483.3.peg.793.site.38, 23, 149, 172
411483.3.peg.793.site.39, 11, 150, 161
411483.3.peg.793.site.40, 1, 149, 150
411483.3.peg.793.site.41, 7, 142, 149
411483.3.peg.793.site.42, 3, 148, 151
411483.3.peg.793.site.43, 2, 150, 152
411483.3.peg.793.site.44, 4, 153, 157
411483.3.peg.793.site.45, 56, 147, 203
411483.3.peg.793.site.46, 3, 152, 155
411483.3.peg.793.site.47, 12, 147, 159
411483.3.peg.793.site.48, 5, 149, 154
411483.3.peg.793.site.49, 6, 151, 157
411483.3.peg.794.site.1, 1, 148, 149
411483.3.peg.794.site.2, 72, 118, 190
411483.3.peg.794.site.3, 145, 153, 298
411483.3.peg.794.site.4, 1, 155, 156
411483.3.peg.794.site.5, 5, 155, 160
411483.3.peg.794.site.6, 2, 155, 157
411483.3.peg.794.site.7, 14, 150, 164
411483.3.peg.794.site.8, 1, 152, 153
411483.3.peg.794.site.9, 2, 152, 154
411483.3.peg.794.site.10, 87, 148, 235
411483.3.peg.794.site.11, 2, 148, 150
411483.3.peg.794.site.12, 0, 153, 153
411483.3.peg.794.site.13, 0, 154, 154
411483.3.peg.794.site.14, 1, 154, 155
411483.3.peg.794.site.15, 4, 152, 156
411483.3.peg.794.site.16, 1, 154, 155
411483.3.peg.794.site.17, 136, 151, 287
411483.3.peg.794.site.18, 1, 151, 152
411483.3.peg.794.site.19, 2, 151, 153
411483.3.peg.794.site.20, 6, 150, 156
411483.3.peg.794.site.21, 0, 153, 153
411483.3.peg.794.site.22, 8, 154, 162
411483.3.peg.794.site.23, 5, 153, 158
411483.3.peg.794.site.24, 2, 155, 157
411483.3.peg.794.site.25, 0, 151, 151
411483.3.peg.794.site.26, 0, 150, 150
411483.3.peg.794.site.27, 4, 147, 151
411483.3.peg.794.site.28, 0, 148, 148
411483.3.peg.794.site.29, 0, 145, 145
411483.3.peg.794.site.30, 4, 150, 154
411483.3.peg.794.site.31, 7, 146, 153
411483.3.peg.794.site.32, 1, 134, 135
411483.3.peg.794.site.33, 2, 129, 131
411483.3.peg.794.site.34, 3, 130, 133
411483.3.peg.794.site.35, 1, 128, 129
411483.3.peg.794.site.36, 3, 124, 127
411483.3.peg.794.site.37, 2, 128, 130
411483.3.peg.794.site.38, 45, 127, 172
411483.3.peg.794.site.39, 0, 131, 131
411483.3.peg.794.site.40, 4, 131, 135
411483.3.peg.794.site.41, 4, 132, 136
411483.3.peg.794.site.42, 3, 131, 134
411483.3.peg.794.site.43, 1, 129, 130
411483.3.peg.794.site.44, 0, 143, 143
411483.3.peg.794.site.45, 9, 145, 154
411483.3.peg.794.site.46, 1, 144, 145
411483.3.peg.794.site.47, 1, 145, 146
411483.3.peg.794.site.48, 2, 137, 139
411483.3.peg.794.site.49, 2, 138, 140
411483.3.peg.794.site.50, 3, 133, 136
411483.3.peg.794.site.51, 1, 134, 135
411483.3.peg.794.site.52, 84, 129, 213
411483.3.peg.794.site.53, 8, 141, 149
411483.3.peg.794.site.54, 10, 134, 144
411483.3.peg.794.site.55, 4, 146, 150
411483.3.peg.794.site.56, 18, 151, 169
411483.3.peg.794.site.57, 1, 154, 155
411483.3.peg.794.site.58, 0, 153, 153
411483.3.peg.794.site.59, 49, 147, 196
411483.3.peg.794.site.60, 2, 154, 156
411483.3.peg.794.site.61, 14, 153, 167
411483.3.peg.794.site.62, 1, 152, 153
411483.3.peg.794.site.63, 46, 148, 194
411483.3.peg.794.site.64, 0, 153, 153
411483.3.peg.794.site.65, 11, 152, 163
411483.3.peg.794.site.66, 0, 151, 151
411483.3.peg.794.site.67, 12, 150, 162
411483.3.peg.794.site.68, 0, 153, 153
411483.3.peg.794.site.69, 27, 145, 172
411483.3.peg.794.site.70, 1, 153, 154
411483.3.peg.794.site.71, 5, 152, 157
411483.3.peg.795.site.1, 0, 154, 154
411483.3.peg.795.site.2, 0, 154, 154
411483.3.peg.795.site.3, 7, 153, 160
411483.3.peg.795.site.4, 1, 155, 156
411483.3.peg.795.site.5, 0, 153, 153
411483.3.peg.795.site.6, 5, 153, 158
411483.3.peg.795.site.7, 0, 148, 148
411483.3.peg.795.site.8, 0, 141, 141
411483.3.peg.795.site.9, 0, 132, 132
411483.3.peg.795.site.10, 15, 124, 139
411483.3.peg.795.site.11, 0, 127, 127
411483.3.peg.795.site.12, 3, 125, 128
411483.3.peg.795.site.13, 5, 134, 139
411483.3.peg.795.site.14, 0, 140, 140
411483.3.peg.795.site.15, 0, 143, 143
411483.3.peg.795.site.16, 1, 149, 150
411483.3.peg.795.site.17, 0, 151, 151
411483.3.peg.795.site.18, 6, 151, 157
411483.3.peg.795.site.19, 4, 155, 159
411483.3.peg.795.site.20, 6, 154, 160
411483.3.peg.795.site.21, 7, 153, 160
411483.3.peg.795.site.22, 0, 153, 153
411483.3.peg.795.site.23, 3, 153, 156
411483.3.peg.795.site.24, 5, 151, 156
411483.3.peg.795.site.25, 1, 153, 154
411483.3.peg.795.site.26, 1, 151, 152
411483.3.peg.795.site.27, 2, 152, 154
411483.3.peg.795.site.28, 10, 152, 162
411483.3.peg.795.site.29, 1, 153, 154
411483.3.peg.795.site.30, 122, 146, 268
411483.3.peg.795.site.31, 36, 148, 184
411483.3.peg.795.site.32, 1, 154, 155
411483.3.peg.795.site.33, 34, 149, 183
411483.3.peg.795.site.34, 3, 153, 156
411483.3.peg.795.site.35, 3, 151, 154
411483.3.peg.795.site.36, 5, 148, 153
411483.3.peg.795.site.37, 3, 152, 155
411483.3.peg.795.site.38, 7, 152, 159
411483.3.peg.795.site.39, 2, 149, 151
411483.3.peg.795.site.40, 1, 144, 145
411483.3.peg.795.site.41, 3, 148, 151
411483.3.peg.795.site.42, 3, 146, 149
411483.3.peg.795.site.43, 0, 153, 153
411483.3.peg.795.site.44, 2, 154, 156
411483.3.peg.795.site.45, 3, 151, 154
411483.3.peg.795.site.46, 1, 154, 155
411483.3.peg.795.site.47, 5, 152, 157
411483.3.peg.795.site.48, 5, 151, 156
411483.3.peg.795.site.49, 115, 151, 266
411483.3.peg.795.site.50, 2, 154, 156
411483.3.peg.795.site.51, 24, 148, 172
411483.3.peg.795.site.52, 152, 152, 304
411483.3.peg.795.site.53, 1, 150, 151
411483.3.peg.795.site.54, 1, 151, 152
411483.3.peg.795.site.55, 0, 151, 151
411483.3.peg.795.site.56, 1, 153, 154
411483.3.peg.795.site.57, 9, 152, 161
411483.3.peg.795.site.58, 0, 150, 150
411483.3.peg.795.site.59, 3, 150, 153
411483.3.peg.795.site.60, 1, 150, 151
411483.3.peg.795.site.61, 3, 150, 153
411483.3.peg.795.site.62, 3, 148, 151
411483.3.peg.795.site.63, 1, 151, 152
411483.3.peg.795.site.64, 0, 148, 148
411483.3.peg.795.site.65, 149, 149, 298
411483.3.peg.795.site.66, 10, 151, 161
411483.3.peg.795.site.67, 3, 150, 153
411483.3.peg.795.site.68, 5, 149, 154
411483.3.peg.795.site.69, 4, 151, 155
411483.3.peg.795.site.70, 5, 147, 152
411483.3.peg.795.site.71, 34, 147, 181
411483.3.peg.795.site.72, 3, 151, 154
411483.3.peg.795.site.73, 1, 151, 152
411483.3.peg.797.site.1, 1, 154, 155
411483.3.peg.797.site.2, 1, 154, 155
411483.3.peg.797.site.3, 1, 155, 156
411483.3.peg.797.site.4, 2, 155, 157
411483.3.peg.797.site.5, 1, 154, 155
411483.3.peg.797.site.6, 6, 151, 157
411483.3.peg.797.site.7, 1, 155, 156
411483.3.peg.797.site.8, 4, 152, 156
411483.3.peg.797.site.9, 1, 152, 153
411483.3.peg.797.site.10, 3, 152, 155
411483.3.peg.797.site.11, 1, 154, 155
411483.3.peg.797.site.12, 154, 154, 308
411483.3.peg.797.site.13, 0, 154, 154
411483.3.peg.797.site.14, 4, 154, 158
411483.3.peg.797.site.15, 1, 153, 154
411483.3.peg.797.site.16, 1, 155, 156
411483.3.peg.797.site.17, 0, 154, 154
411483.3.peg.797.site.18, 3, 152, 155
411483.3.peg.797.site.19, 14, 151, 165
411483.3.peg.797.site.20, 3, 154, 157
411483.3.peg.797.site.21, 56, 141, 197
411483.3.peg.797.site.22, 2, 151, 153
411483.3.peg.797.site.23, 6, 148, 154
411483.3.peg.797.site.24, 1, 149, 150
411483.3.peg.797.site.25, 3, 144, 147
411483.3.peg.797.site.26, 0, 148, 148
411483.3.peg.797.site.27, 2, 152, 154
411483.3.peg.797.site.28, 2, 149, 151
411483.3.peg.797.site.29, 9, 144, 153
411483.3.peg.797.site.30, 5, 151, 156
411483.3.peg.797.site.31, 11, 152, 163
411483.3.peg.797.site.32, 2, 150, 152
411483.3.peg.797.site.33, 8, 149, 157
411483.3.peg.797.site.34, 2, 154, 156
411483.3.peg.797.site.35, 0, 152, 152
411483.3.peg.797.site.36, 21, 147, 168
411483.3.peg.797.site.37, 150, 151, 301
411483.3.peg.797.site.38, 2, 153, 155
411483.3.peg.797.site.39, 3, 155, 158
411483.3.peg.797.site.40, 0, 154, 154
411483.3.peg.797.site.41, 2, 153, 155
411483.3.peg.797.site.42, 6, 148, 154
411483.3.peg.797.site.43, 6, 140, 146
411483.3.peg.797.site.44, 2, 142, 144
411483.3.peg.797.site.45, 3, 153, 156
411483.3.peg.797.site.46, 1, 150, 151
411483.3.peg.797.site.47, 4, 145, 149
411483.3.peg.797.site.48, 1, 150, 151
411483.3.peg.797.site.49, 12, 140, 152
411483.3.peg.797.site.50, 13, 137, 150
411483.3.peg.797.site.51, 1, 145, 146
411483.3.peg.797.site.52, 8, 147, 155
411483.3.peg.797.site.53, 5, 148, 153
411483.3.peg.797.site.54, 4, 145, 149
411483.3.peg.797.site.55, 5, 145, 150
411483.3.peg.797.site.56, 60, 137, 197
411483.3.peg.797.site.57, 2, 142, 144
411483.3.peg.797.site.58, 0, 144, 144
411483.3.peg.797.site.59, 3, 140, 143
411483.3.peg.797.site.60, 2, 140, 142
411483.3.peg.797.site.61, 7, 142, 149
411483.3.peg.797.site.62, 4, 143, 147
411483.3.peg.797.site.63, 3, 141, 144
411483.3.peg.797.site.64, 1, 141, 142
411483.3.peg.797.site.65, 33, 134, 167
411483.3.peg.797.site.66, 3, 141, 144
411483.3.peg.797.site.67, 1, 144, 145
411483.3.peg.797.site.68, 29, 132, 161
411483.3.peg.797.site.69, 0, 148, 148
411483.3.peg.651.site.1, 10, 151, 161
411483.3.peg.651.site.2, 11, 135, 146
411483.3.peg.1573.site.1, 0, 152, 152
411483.3.peg.1573.site.2, 4, 151, 155
411483.3.peg.1573.site.3, 1, 152, 153
411483.3.peg.1573.site.4, 30, 149, 179
411483.3.peg.1573.site.5, 0, 152, 152
411483.3.peg.1573.site.6, 10, 145, 155
411483.3.peg.1573.site.7, 0, 152, 152
411483.3.peg.1573.site.8, 4, 150, 154
411483.3.peg.1570.site.1, 3, 145, 148
411483.3.peg.1570.site.2, 0, 146, 146
411483.3.peg.1570.site.3, 1, 149, 150
411483.3.peg.1570.site.4, 0, 146, 146
411483.3.peg.1570.site.5, 0, 144, 144
411483.3.peg.1570.site.6, 2, 143, 145
411483.3.peg.1570.site.7, 8, 138, 146
411483.3.peg.1570.site.8, 8, 135, 143
411483.3.peg.1570.site.9, 24, 128, 152
411483.3.peg.1570.site.10, 5, 127, 132
411483.3.peg.1570.site.11, 1, 130, 131
411483.3.peg.1570.site.12, 6, 119, 125
411483.3.peg.1570.site.13, 13, 118, 131
411483.3.peg.1570.site.14, 0, 112, 112
411483.3.peg.1570.site.15, 64, 93, 157
411483.3.peg.1570.site.16, 8, 102, 110
411483.3.peg.1570.site.17, 7, 91, 98
411483.3.peg.1570.site.18, 6, 102, 108
411483.3.peg.1570.site.19, 7, 105, 112
411483.3.peg.1570.site.20, 3, 105, 108
411483.3.peg.1570.site.21, 5, 101, 106
411483.3.peg.1570.site.22, 60, 96, 156
411483.3.peg.1570.site.23, 8, 99, 107
411483.3.peg.1570.site.24, 35, 108, 143
411483.3.peg.1570.site.25, 44, 114, 158
411483.3.peg.1570.site.26, 31, 109, 140
411483.3.peg.1570.site.27, 0, 119, 119
411483.3.peg.1570.site.28, 0, 121, 121
411483.3.peg.1570.site.29, 9, 110, 119
411483.3.peg.1570.site.30, 2, 117, 119
411483.3.peg.1570.site.31, 10, 124, 134
411483.3.peg.1570.site.32, 1, 128, 129
411483.3.peg.1570.site.33, 25, 112, 137
411483.3.peg.1570.site.34, 10, 104, 114
411483.3.peg.1570.site.35, 15, 98, 113
411483.3.peg.1570.site.36, 15, 103, 118
411483.3.peg.1570.site.37, 36, 98, 134
411483.3.peg.1570.site.38, 0, 108, 108
411483.3.peg.1570.site.39, 17, 110, 127
411483.3.peg.1570.site.40, 3, 117, 120
411483.3.peg.1570.site.41, 9, 117, 126
411483.3.peg.1570.site.42, 11, 113, 124
411483.3.peg.1570.site.43, 1, 120, 121
411483.3.peg.1570.site.44, 4, 119, 123
411483.3.peg.1570.site.45, 42, 117, 159
411483.3.peg.1570.site.46, 5, 126, 131
411483.3.peg.1570.site.47, 2, 134, 136
411483.3.peg.1570.site.48, 75, 131, 206
411483.3.peg.1570.site.49, 90, 131, 221
411483.3.peg.1570.site.50, 78, 133, 211
411483.3.peg.1570.site.51, 3, 143, 146
411483.3.peg.1570.site.52, 18, 136, 154
411483.3.peg.1570.site.53, 66, 138, 204
411483.3.peg.1570.site.54, 57, 139, 196
411483.3.peg.1570.site.55, 3, 150, 153
411483.3.peg.1570.site.56, 6, 144, 150
411483.3.peg.1570.site.57, 46, 143, 189
411483.3.peg.652.site.1, 3, 129, 132
411483.3.peg.652.site.2, 1, 151, 152
411483.3.peg.652.site.3, 13, 148, 161
411483.3.peg.652.site.4, 24, 146, 170
411483.3.peg.652.site.5, 3, 153, 156
411483.3.peg.652.site.6, 1, 153, 154
411483.3.peg.652.site.7, 8, 147, 155
411483.3.peg.652.site.8, 2, 151, 153
411483.3.peg.652.site.9, 1, 153, 154
411483.3.peg.652.site.10, 0, 151, 151
411483.3.peg.652.site.11, 2, 150, 152
411483.3.peg.652.site.12, 2, 151, 153
411483.3.peg.652.site.13, 14, 152, 166
411483.3.peg.652.site.14, 14, 153, 167
411483.3.peg.652.site.15, 1, 155, 156
411483.3.peg.652.site.16, 11, 150, 161
411483.3.peg.652.site.17, 2, 150, 152
411483.3.peg.652.site.18, 1, 142, 143
411483.3.peg.652.site.19, 1, 124, 125
411483.3.peg.652.site.20, 5, 127, 132
411483.3.peg.652.site.21, 2, 130, 132
411483.3.peg.652.site.22, 1, 126, 127
411483.3.peg.652.site.23, 11, 137, 148
411483.3.peg.652.site.24, 12, 149, 161
411483.3.peg.652.site.25, 1, 150, 151
411483.3.peg.652.site.26, 3, 147, 150
411483.3.peg.652.site.27, 6, 135, 141
411483.3.peg.652.site.28, 5, 149, 154
411483.3.peg.652.site.29, 5, 154, 159
411483.3.peg.652.site.30, 15, 153, 168
411483.3.peg.652.site.31, 0, 153, 153
411483.3.peg.652.site.32, 4, 153, 157
411483.3.peg.652.site.33, 1, 152, 153
411483.3.peg.652.site.34, 0, 152, 152
411483.3.peg.652.site.35, 56, 140, 196
411483.3.peg.652.site.36, 7, 149, 156
411483.3.peg.652.site.37, 4, 150, 154
411483.3.peg.652.site.38, 1, 154, 155
411483.3.peg.652.site.39, 26, 151, 177
411483.3.peg.652.site.40, 9, 154, 163
411483.3.peg.652.site.41, 2, 153, 155
411483.3.peg.652.site.42, 4, 152, 156
411483.3.peg.652.site.43, 59, 139, 198
411483.3.peg.652.site.44, 2, 141, 143
411483.3.peg.652.site.45, 14, 133, 147
411483.3.peg.652.site.46, 3, 143, 146
411483.3.peg.652.site.47, 3, 141, 144
411483.3.peg.652.site.48, 0, 147, 147
411483.3.peg.652.site.49, 0, 151, 151
411483.3.peg.652.site.50, 23, 145, 168
411483.3.peg.652.site.51, 0, 153, 153
411483.3.peg.652.site.52, 19, 145, 164
411483.3.peg.652.site.53, 2, 154, 156
411483.3.peg.652.site.54, 1, 154, 155
411483.3.peg.652.site.55, 19, 148, 167
411483.3.peg.652.site.56, 8, 150, 158
411483.3.peg.652.site.57, 4, 150, 154
411483.3.peg.652.site.58, 3, 152, 155
411483.3.peg.652.site.59, 0, 151, 151
411483.3.peg.652.site.60, 6, 152, 158
411483.3.peg.652.site.61, 53, 143, 196
411483.3.peg.652.site.62, 1, 151, 152
411483.3.peg.652.site.63, 2, 153, 155
411483.3.peg.652.site.64, 8, 151, 159
411483.3.peg.652.site.65, 1, 154, 155
411483.3.peg.652.site.66, 4, 153, 157
411483.3.peg.652.site.67, 3, 152, 155
411483.3.peg.652.site.68, 20, 128, 148
411483.3.peg.652.site.69, 0, 140, 140
411483.3.peg.652.site.70, 5, 153, 158
411483.3.peg.652.site.71, 0, 155, 155
411483.3.peg.1989.site.1, 7, 151, 158
411483.3.peg.1989.site.2, 14, 152, 166
411483.3.peg.1989.site.3, 1, 154, 155
411483.3.peg.1989.site.4, 1, 148, 149
411483.3.peg.1989.site.5, 4, 153, 157
411483.3.peg.1989.site.6, 4, 148, 152
411483.3.peg.1989.site.7, 1, 147, 148
411483.3.peg.1989.site.8, 1, 133, 134
411483.3.peg.1989.site.9, 3, 114, 117
411483.3.peg.1989.site.10, 0, 116, 116
411483.3.peg.1989.site.11, 7, 111, 118
411483.3.peg.1989.site.12, 1, 114, 115
411483.3.peg.1989.site.13, 1, 134, 135
411483.3.peg.1989.site.14, 0, 140, 140
411483.3.peg.1989.site.15, 2, 149, 151
411483.3.peg.1989.site.16, 0, 150, 150
411483.3.peg.1989.site.17, 1, 147, 148
411483.3.peg.1989.site.18, 10, 148, 158
411483.3.peg.1989.site.19, 0, 146, 146
411483.3.peg.1989.site.20, 10, 151, 161
411483.3.peg.1989.site.21, 0, 151, 151
411483.3.peg.1989.site.22, 8, 151, 159
411483.3.peg.1989.site.23, 2, 149, 151
411483.3.peg.1989.site.24, 1, 151, 152
411483.3.peg.1989.site.25, 3, 149, 152
411483.3.peg.1989.site.26, 1, 148, 149
411483.3.peg.1989.site.27, 1, 152, 153
411483.3.peg.655.site.1, 6, 149, 155
411483.3.peg.655.site.2, 2, 154, 156
411483.3.peg.655.site.3, 5, 150, 155
411483.3.peg.655.site.4, 2, 151, 153
411483.3.peg.655.site.5, 151, 151, 302
411483.3.peg.655.site.6, 6, 151, 157
411483.3.peg.655.site.7, 3, 152, 155
411483.3.peg.655.site.8, 3, 150, 153
411483.3.peg.655.site.9, 1, 153, 154
411483.3.peg.655.site.10, 2, 154, 156
411483.3.peg.655.site.11, 2, 152, 154
411483.3.peg.655.site.12, 0, 154, 154
411483.3.peg.655.site.13, 2, 155, 157
411483.3.peg.655.site.14, 2, 151, 153
411483.3.peg.655.site.15, 0, 153, 153
411483.3.peg.655.site.16, 7, 153, 160
411483.3.peg.655.site.17, 60, 136, 196
411483.3.peg.655.site.18, 2, 147, 149
411483.3.peg.655.site.19, 6, 150, 156
411483.3.peg.655.site.20, 7, 146, 153
411483.3.peg.655.site.21, 6, 149, 155
411483.3.peg.655.site.22, 2, 151, 153
411483.3.peg.655.site.23, 2, 151, 153
411483.3.peg.655.site.24, 1, 152, 153
411483.3.peg.655.site.25, 7, 147, 154
411483.3.peg.655.site.26, 1, 152, 153
411483.3.peg.655.site.27, 2, 147, 149
411483.3.peg.655.site.28, 6, 149, 155
411483.3.peg.655.site.29, 7, 147, 154
411483.3.peg.655.site.30, 2, 150, 152
411483.3.peg.655.site.31, 1, 145, 146
411483.3.peg.655.site.32, 84, 143, 227
411483.3.peg.655.site.33, 10, 143, 153
411483.3.peg.655.site.34, 2, 145, 147
411483.3.peg.655.site.35, 9, 137, 146
411483.3.peg.655.site.36, 2, 145, 147
411483.3.peg.655.site.37, 5, 147, 152
411483.3.peg.655.site.38, 1, 147, 148
411483.3.peg.655.site.39, 1, 144, 145
411483.3.peg.655.site.40, 2, 147, 149
411483.3.peg.655.site.41, 3, 145, 148
411483.3.peg.655.site.42, 1, 145, 146
411483.3.peg.655.site.43, 4, 142, 146
411483.3.peg.655.site.44, 1, 143, 144
411483.3.peg.655.site.45, 113, 136, 249
411483.3.peg.655.site.46, 1, 147, 148
411483.3.peg.655.site.47, 8, 140, 148
411483.3.peg.655.site.48, 2, 144, 146
411483.3.peg.655.site.49, 2, 148, 150
411483.3.peg.655.site.50, 116, 141, 257
411483.3.peg.655.site.51, 5, 146, 151
411483.3.peg.655.site.52, 1, 144, 145
411483.3.peg.655.site.53, 3, 143, 146
411483.3.peg.655.site.54, 2, 143, 145
411483.3.peg.655.site.55, 3, 140, 143
411483.3.peg.655.site.56, 31, 141, 172
411483.3.peg.655.site.57, 2, 147, 149
411483.3.peg.655.site.58, 1, 148, 149
411483.3.peg.655.site.59, 13, 150, 163
411483.3.peg.655.site.60, 3, 152, 155
411483.3.peg.655.site.61, 44, 143, 187
411483.3.peg.655.site.62, 5, 153, 158
411483.3.peg.655.site.63, 29, 146, 175
411483.3.peg.655.site.64, 2, 155, 157
411483.3.peg.655.site.65, 1, 155, 156
411483.3.peg.655.site.66, 78, 141, 219
411483.3.peg.655.site.67, 1, 154, 155
411483.3.peg.655.site.68, 1, 151, 152
411483.3.peg.655.site.69, 2, 152, 154
411483.3.peg.655.site.70, 0, 153, 153
411483.3.peg.655.site.71, 1, 151, 152
411483.3.peg.655.site.72, 1, 153, 154
411483.3.peg.655.site.73, 1, 151, 152
411483.3.peg.655.site.74, 5, 150, 155
411483.3.peg.655.site.75, 2, 154, 156
411483.3.peg.655.site.76, 5, 151, 156
411483.3.peg.655.site.77, 18, 149, 167
411483.3.peg.655.site.78, 7, 140, 147
411483.3.peg.655.site.79, 139, 148, 287
411483.3.peg.655.site.80, 146, 148, 294
411483.3.peg.655.site.81, 3, 151, 154
411483.3.peg.655.site.82, 1, 153, 154
411483.3.peg.655.site.83, 0, 152, 152
411483.3.peg.655.site.84, 0, 153, 153
411483.3.peg.655.site.85, 17, 150, 167
411483.3.peg.655.site.86, 18, 149, 167
411483.3.peg.655.site.87, 2, 154, 156
411483.3.peg.655.site.88, 151, 155, 306
411483.3.peg.655.site.89, 40, 149, 189
411483.3.peg.655.site.90, 18, 151, 169
411483.3.peg.655.site.91, 33, 141, 174
411483.3.peg.655.site.92, 1, 148, 149
411483.3.peg.655.site.93, 4, 144, 148
411483.3.peg.655.site.94, 1, 147, 148
411483.3.peg.655.site.95, 19, 138, 157
411483.3.peg.655.site.96, 5, 147, 152
411483.3.peg.655.site.97, 25, 145, 170
411483.3.peg.655.site.98, 0, 145, 145
411483.3.peg.655.site.99, 7, 149, 156
411483.3.peg.655.site.100, 3, 149, 152
411483.3.peg.655.site.101, 4, 149, 153
411483.3.peg.655.site.102, 0, 149, 149
411483.3.peg.655.site.103, 3, 153, 156
411483.3.peg.655.site.104, 66, 139, 205
411483.3.peg.655.site.105, 4, 151, 155
411483.3.peg.655.site.106, 5, 152, 157
411483.3.peg.655.site.107, 0, 151, 151
411483.3.peg.655.site.108, 8, 147, 155
411483.3.peg.655.site.109, 2, 150, 152
411483.3.peg.655.site.110, 0, 150, 150
411483.3.peg.655.site.111, 1, 149, 150
411483.3.peg.655.site.112, 2, 147, 149
411483.3.peg.655.site.113, 23, 147, 170
411483.3.peg.655.site.114, 147, 151, 298
411483.3.peg.655.site.115, 16, 147, 163
411483.3.peg.655.site.116, 42, 143, 185
411483.3.peg.655.site.117, 20, 134, 154
411483.3.peg.655.site.118, 2, 146, 148
411483.3.peg.655.site.119, 4, 143, 147
411483.3.peg.655.site.120, 1, 153, 154
411483.3.peg.655.site.121, 8, 155, 163
411483.3.peg.655.site.122, 3, 154, 157
411483.3.peg.655.site.123, 5, 154, 159
411483.3.peg.655.site.124, 2, 154, 156
411483.3.peg.655.site.125, 4, 155, 159
411483.3.peg.655.site.126, 2, 150, 152
411483.3.peg.655.site.127, 4, 151, 155
411483.3.peg.655.site.128, 13, 153, 166
411483.3.peg.655.site.129, 2, 154, 156
411483.3.peg.655.site.130, 0, 150, 150
411483.3.peg.655.site.131, 3, 152, 155
411483.3.peg.655.site.132, 2, 151, 153
411483.3.peg.655.site.133, 11, 146, 157
411483.3.peg.655.site.134, 2, 150, 152
411483.3.peg.655.site.135, 35, 136, 171
411483.3.peg.655.site.136, 1, 151, 152
411483.3.peg.655.site.137, 2, 151, 153
411483.3.peg.655.site.138, 28, 138, 166
411483.3.peg.655.site.139, 1, 153, 154
411483.3.peg.655.site.140, 0, 149, 149
411483.3.peg.655.site.141, 7, 153, 160
411483.3.peg.655.site.142, 1, 154, 155
411483.3.peg.655.site.143, 1, 154, 155
411483.3.peg.655.site.144, 4, 154, 158
411483.3.peg.655.site.145, 13, 151, 164
411483.3.peg.1988.site.1, 6, 126, 132
411483.3.peg.1988.site.2, 2, 144, 146
411483.3.peg.1988.site.3, 12, 145, 157
411483.3.peg.1988.site.4, 2, 141, 143
411483.3.peg.1988.site.5, 1, 140, 141
411483.3.peg.1988.site.6, 1, 144, 145
411483.3.peg.1988.site.7, 2, 144, 146
411483.3.peg.1988.site.8, 2, 152, 154
411483.3.peg.1988.site.9, 3, 152, 155
411483.3.peg.1988.site.10, 0, 152, 152
411483.3.peg.1988.site.11, 10, 148, 158
411483.3.peg.1988.site.12, 4, 152, 156
411483.3.peg.1988.site.13, 0, 152, 152
411483.3.peg.1988.site.14, 9, 152, 161
411483.3.peg.1988.site.15, 5, 151, 156
411483.3.peg.1988.site.16, 14, 149, 163
411483.3.peg.1988.site.17, 3, 151, 154
411483.3.peg.1988.site.18, 0, 148, 148
411483.3.peg.1988.site.19, 28, 145, 173
411483.3.peg.1988.site.20, 6, 152, 158
411483.3.peg.1988.site.21, 5, 154, 159
411483.3.peg.1988.site.22, 28, 147, 175
411483.3.peg.654.site.1, 2, 151, 153
411483.3.peg.654.site.2, 2, 152, 154
411483.3.peg.654.site.3, 4, 151, 155
411483.3.peg.654.site.4, 126, 147, 273
411483.3.peg.654.site.5, 6, 149, 155
411483.3.peg.654.site.6, 75, 142, 217
411483.3.peg.654.site.7, 0, 151, 151
411483.3.peg.654.site.8, 31, 144, 175
411483.3.peg.654.site.9, 141, 145, 286
411483.3.peg.654.site.10, 3, 145, 148
411483.3.peg.654.site.11, 11, 142, 153
411483.3.peg.654.site.12, 10, 133, 143
411483.3.peg.654.site.13, 3, 140, 143
411483.3.peg.654.site.14, 1, 145, 146
411483.3.peg.654.site.15, 111, 132, 243
411483.3.peg.654.site.16, 10, 140, 150
411483.3.peg.654.site.17, 7, 147, 154
411483.3.peg.654.site.18, 5, 145, 150
411483.3.peg.654.site.19, 3, 145, 148
411483.3.peg.654.site.20, 3, 147, 150
411483.3.peg.654.site.21, 2, 151, 153
411483.3.peg.654.site.22, 4, 152, 156
411483.3.peg.654.site.23, 2, 151, 153
411483.3.peg.654.site.24, 7, 150, 157
411483.3.peg.654.site.25, 2, 153, 155
411483.3.peg.654.site.26, 6, 153, 159
411483.3.peg.654.site.27, 4, 151, 155
411483.3.peg.654.site.28, 7, 151, 158
411483.3.peg.654.site.29, 0, 153, 153
411483.3.peg.654.site.30, 7, 149, 156
411483.3.peg.654.site.31, 2, 153, 155
411483.3.peg.654.site.32, 2, 150, 152
411483.3.peg.654.site.33, 8, 151, 159
411483.3.peg.654.site.34, 4, 149, 153
411483.3.peg.654.site.35, 3, 147, 150
411483.3.peg.654.site.36, 10, 151, 161
411483.3.peg.654.site.37, 2, 148, 150
411483.3.peg.654.site.38, 3, 153, 156
411483.3.peg.654.site.39, 82, 138, 220
411483.3.peg.654.site.40, 2, 154, 156
411483.3.peg.654.site.41, 4, 149, 153
411483.3.peg.654.site.42, 7, 144, 151
411483.3.peg.654.site.43, 1, 153, 154
411483.3.peg.654.site.44, 121, 147, 268
411483.3.peg.654.site.45, 0, 153, 153
411483.3.peg.654.site.46, 6, 153, 159
411483.3.peg.654.site.47, 4, 149, 153
411483.3.peg.654.site.48, 2, 139, 141
411483.3.peg.654.site.49, 2, 135, 137
411483.3.peg.654.site.50, 4, 129, 133
411483.3.peg.654.site.51, 116, 120, 236
411483.3.peg.654.site.52, 121, 121, 242
411483.3.peg.654.site.53, 94, 120, 214
411483.3.peg.654.site.54, 3, 123, 126
411483.3.peg.654.site.55, 7, 125, 132
411483.3.peg.654.site.56, 0, 139, 139
411483.3.peg.654.site.57, 2, 144, 146
411483.3.peg.654.site.58, 135, 139, 274
411483.3.peg.654.site.59, 2, 148, 150
411483.3.peg.654.site.60, 21, 142, 163
411483.3.peg.654.site.61, 0, 146, 146
411483.3.peg.654.site.62, 1, 151, 152
411483.3.peg.654.site.63, 1, 151, 152
411483.3.peg.654.site.64, 1, 146, 147
411483.3.peg.654.site.65, 0, 145, 145
411483.3.peg.654.site.66, 0, 146, 146
411483.3.peg.654.site.67, 2, 146, 148
411483.3.peg.654.site.68, 4, 143, 147
411483.3.peg.654.site.69, 21, 127, 148
411483.3.peg.654.site.70, 81, 125, 206
411483.3.peg.654.site.71, 5, 135, 140
411483.3.peg.654.site.72, 86, 110, 196
411483.3.peg.654.site.73, 7, 124, 131
411483.3.peg.654.site.74, 3, 122, 125
411483.3.peg.654.site.75, 0, 112, 112
411483.3.peg.654.site.76, 1, 108, 109
411483.3.peg.654.site.77, 98, 102, 200
411483.3.peg.654.site.78, 78, 92, 170
411483.3.peg.654.site.79, 63, 82, 145
411483.3.peg.654.site.80, 15, 92, 107
411483.3.peg.654.site.81, 3, 109, 112
411483.3.peg.654.site.82, 4, 127, 131
411483.3.peg.654.site.83, 120, 127, 247
411483.3.peg.654.site.84, 36, 122, 158
411483.3.peg.654.site.85, 4, 134, 138
411483.3.peg.654.site.86, 1, 139, 140
411483.3.peg.654.site.87, 4, 138, 142
411483.3.peg.654.site.88, 29, 134, 163
411483.3.peg.654.site.89, 3, 133, 136
411483.3.peg.654.site.90, 5, 137, 142
411483.3.peg.654.site.91, 4, 137, 141
411483.3.peg.654.site.92, 93, 123, 216
411483.3.peg.654.site.93, 7, 134, 141
411483.3.peg.654.site.94, 13, 128, 141
411483.3.peg.654.site.95, 7, 134, 141
411483.3.peg.654.site.96, 2, 128, 130
411483.3.peg.654.site.97, 0, 144, 144
411483.3.peg.654.site.98, 1, 143, 144
411483.3.peg.654.site.99, 3, 140, 143
411483.3.peg.654.site.100, 145, 146, 291
411483.3.peg.654.site.101, 1, 147, 148
411483.3.peg.654.site.102, 0, 150, 150
411483.3.peg.654.site.103, 4, 142, 146
411483.3.peg.654.site.104, 6, 148, 154
411483.3.peg.654.site.105, 3, 153, 156
411483.3.peg.654.site.106, 6, 148, 154
411483.3.peg.654.site.107, 4, 150, 154
411483.3.peg.654.site.108, 5, 151, 156
411483.3.peg.654.site.109, 1, 154, 155
411483.3.peg.654.site.110, 1, 153, 154
411483.3.peg.654.site.111, 8, 151, 159
411483.3.peg.654.site.112, 18, 145, 163
411483.3.peg.654.site.113, 8, 149, 157
411483.3.peg.654.site.114, 1, 142, 143
411483.3.peg.654.site.115, 0, 141, 141
411483.3.peg.654.site.116, 6, 148, 154
411483.3.peg.654.site.117, 7, 153, 160
411483.3.peg.654.site.118, 0, 143, 143
411483.3.peg.654.site.119, 11, 143, 154
411483.3.peg.654.site.120, 14, 149, 163
411483.3.peg.654.site.121, 4, 129, 133
411483.3.peg.654.site.122, 46, 130, 176
411483.3.peg.654.site.123, 1, 151, 152
411483.3.peg.654.site.124, 5, 150, 155
411483.3.peg.654.site.125, 3, 146, 149
411483.3.peg.654.site.126, 0, 152, 152
411483.3.peg.654.site.127, 0, 154, 154
411483.3.peg.654.site.128, 0, 149, 149
411483.3.peg.654.site.129, 4, 145, 149
411483.3.peg.654.site.130, 2, 149, 151
411483.3.peg.654.site.131, 149, 151, 300
411483.3.peg.654.site.132, 1, 147, 148
411483.3.peg.654.site.133, 8, 141, 149
411483.3.peg.654.site.134, 90, 133, 223
411483.3.peg.654.site.135, 6, 142, 148
411483.3.peg.654.site.136, 2, 137, 139
411483.3.peg.654.site.137, 2, 123, 125
411483.3.peg.654.site.138, 12, 131, 143
411483.3.peg.654.site.139, 3, 139, 142
411483.3.peg.654.site.140, 140, 143, 283
411483.3.peg.654.site.141, 1, 144, 145
411483.3.peg.654.site.142, 1, 151, 152
411483.3.peg.654.site.143, 11, 145, 156
411483.3.peg.654.site.144, 1, 154, 155
411483.3.peg.654.site.145, 4, 149, 153
411483.3.peg.654.site.146, 1, 151, 152
411483.3.peg.654.site.147, 1, 151, 152
411483.3.peg.654.site.148, 1, 151, 152
411483.3.peg.654.site.149, 4, 151, 155
411483.3.peg.654.site.150, 1, 154, 155
411483.3.peg.654.site.151, 9, 154, 163
411483.3.peg.656.site.1, 17, 150, 167
411483.3.peg.656.site.2, 5, 149, 154
411483.3.peg.656.site.3, 1, 154, 155
411483.3.peg.656.site.4, 2, 154, 156
411483.3.peg.656.site.5, 1, 154, 155
411483.3.peg.656.site.6, 2, 152, 154
411483.3.peg.656.site.7, 0, 155, 155
411483.3.peg.656.site.8, 1, 155, 156
411483.3.peg.656.site.9, 27, 145, 172
411483.3.peg.656.site.10, 1, 154, 155
411483.3.peg.656.site.11, 3, 148, 151
411483.3.peg.656.site.12, 53, 147, 200
411483.3.peg.656.site.13, 3, 155, 158
411483.3.peg.656.site.14, 5, 153, 158
411483.3.peg.656.site.15, 6, 153, 159
411483.3.peg.656.site.16, 9, 151, 160
411483.3.peg.656.site.17, 1, 155, 156
411483.3.peg.656.site.18, 2, 155, 157
411483.3.peg.656.site.19, 13, 147, 160
411483.3.peg.656.site.20, 152, 155, 307
411483.3.peg.656.site.21, 6, 155, 161
411483.3.peg.656.site.22, 35, 149, 184
411483.3.peg.656.site.23, 1, 155, 156
411483.3.peg.656.site.24, 8, 151, 159
411483.3.peg.656.site.25, 0, 153, 153
411483.3.peg.656.site.26, 83, 143, 226
411483.3.peg.656.site.27, 2, 154, 156
411483.3.peg.656.site.28, 1, 155, 156
411483.3.peg.656.site.29, 1, 154, 155
411483.3.peg.656.site.30, 1, 153, 154
411483.3.peg.656.site.31, 2, 155, 157
411483.3.peg.656.site.32, 14, 145, 159
411483.3.peg.656.site.33, 4, 153, 157
411483.3.peg.222.site.1, 8, 151, 159
411483.3.peg.222.site.2, 32, 146, 178
411483.3.peg.222.site.3, 1, 155, 156
411483.3.peg.222.site.4, 5, 154, 159
411483.3.peg.222.site.5, 8, 153, 161
411483.3.peg.222.site.6, 75, 145, 220
411483.3.peg.222.site.7, 0, 153, 153
411483.3.peg.222.site.8, 1, 152, 153
411483.3.peg.222.site.9, 6, 148, 154
411483.3.peg.222.site.10, 18, 146, 164
411483.3.peg.222.site.11, 3, 149, 152
411483.3.peg.222.site.12, 86, 140, 226
411483.3.peg.222.site.13, 1, 143, 144
411483.3.peg.222.site.14, 7, 141, 148
411483.3.peg.222.site.15, 12, 142, 154
411483.3.peg.222.site.16, 7, 148, 155
411483.3.peg.222.site.17, 21, 144, 165
411483.3.peg.222.site.18, 0, 148, 148
411483.3.peg.222.site.19, 2, 149, 151
411483.3.peg.222.site.20, 2, 148, 150
411483.3.peg.222.site.21, 0, 143, 143
411483.3.peg.222.site.22, 5, 146, 151
411483.3.peg.222.site.23, 25, 144, 169
411483.3.peg.222.site.24, 32, 141, 173
411483.3.peg.222.site.25, 5, 149, 154
411483.3.peg.222.site.26, 29, 144, 173
411483.3.peg.222.site.27, 29, 143, 172
411483.3.peg.222.site.28, 15, 141, 156
411483.3.peg.222.site.29, 27, 138, 165
411483.3.peg.222.site.30, 4, 148, 152
411483.3.peg.222.site.31, 12, 142, 154
411483.3.peg.222.site.32, 13, 147, 160
411483.3.peg.222.site.33, 10, 146, 156
411483.3.peg.222.site.34, 3, 151, 154
411483.3.peg.222.site.35, 2, 151, 153
411483.3.peg.222.site.36, 11, 139, 150
411483.3.peg.222.site.37, 30, 130, 160
411483.3.peg.222.site.38, 17, 121, 138
411483.3.peg.222.site.39, 1, 117, 118
411483.3.peg.222.site.40, 2, 139, 141
411483.3.peg.222.site.41, 1, 142, 143
411483.3.peg.222.site.42, 4, 144, 148
411483.3.peg.222.site.43, 1, 146, 147
411483.3.peg.222.site.44, 2, 151, 153
411483.3.peg.222.site.45, 4, 149, 153
411483.3.peg.222.site.46, 20, 149, 169
411483.3.peg.222.site.47, 7, 154, 161
411483.3.peg.222.site.48, 2, 154, 156
411483.3.peg.222.site.49, 0, 150, 150
411483.3.peg.222.site.50, 19, 147, 166
411483.3.peg.222.site.51, 1, 153, 154
411483.3.peg.222.site.52, 1, 152, 153
411483.3.peg.222.site.53, 40, 139, 179
411483.3.peg.222.site.54, 9, 146, 155
411483.3.peg.222.site.55, 2, 131, 133
411483.3.peg.222.site.56, 1, 138, 139
411483.3.peg.222.site.57, 0, 144, 144
411483.3.peg.222.site.58, 5, 152, 157
411483.3.peg.222.site.59, 68, 140, 208
411483.3.peg.222.site.60, 3, 144, 147
411483.3.peg.222.site.61, 4, 142, 146
411483.3.peg.222.site.62, 8, 146, 154
411483.3.peg.222.site.63, 138, 145, 283
411483.3.peg.222.site.64, 13, 136, 149
411483.3.peg.222.site.65, 102, 130, 232
411483.3.peg.222.site.66, 2, 140, 142
411483.3.peg.222.site.67, 33, 127, 160
411483.3.peg.222.site.68, 3, 138, 141
411483.3.peg.222.site.69, 6, 136, 142
411483.3.peg.222.site.70, 5, 134, 139
411483.3.peg.222.site.71, 112, 132, 244
411483.3.peg.222.site.72, 48, 135, 183
411483.3.peg.222.site.73, 1, 138, 139
411483.3.peg.222.site.74, 2, 138, 140
411483.3.peg.222.site.75, 2, 140, 142
411483.3.peg.222.site.76, 45, 129, 174
411483.3.peg.222.site.77, 81, 129, 210
411483.3.peg.222.site.78, 11, 128, 139
411483.3.peg.222.site.79, 2, 133, 135
411483.3.peg.222.site.80, 2, 136, 138
411483.3.peg.222.site.81, 6, 136, 142
411483.3.peg.222.site.82, 68, 131, 199
411483.3.peg.222.site.83, 71, 123, 194
411483.3.peg.222.site.84, 0, 137, 137
411483.3.peg.222.site.85, 7, 148, 155
411483.3.peg.222.site.86, 1, 150, 151
411483.3.peg.222.site.87, 2, 153, 155
411483.3.peg.222.site.88, 0, 153, 153
411483.3.peg.222.site.89, 8, 152, 160
411483.3.peg.222.site.90, 1, 155, 156
411483.3.peg.222.site.91, 1, 155, 156
411483.3.peg.222.site.92, 1, 155, 156
411483.3.peg.224.site.1, 3, 155, 158
411483.3.peg.224.site.2, 14, 152, 166
411483.3.peg.224.site.3, 18, 154, 172
411483.3.peg.224.site.4, 0, 154, 154
411483.3.peg.224.site.5, 108, 145, 253
411483.3.peg.224.site.6, 5, 152, 157
411483.3.peg.224.site.7, 5, 152, 157
411483.3.peg.224.site.8, 7, 154, 161
411483.3.peg.224.site.9, 1, 153, 154
411483.3.peg.224.site.10, 0, 154, 154
411483.3.peg.224.site.11, 2, 153, 155
411483.3.peg.224.site.12, 0, 154, 154
411483.3.peg.224.site.13, 15, 147, 162
411483.3.peg.224.site.14, 8, 155, 163
411483.3.peg.224.site.15, 1, 154, 155
411483.3.peg.224.site.16, 0, 154, 154
411483.3.peg.224.site.17, 4, 153, 157
411483.3.peg.224.site.18, 7, 151, 158
411483.3.peg.224.site.19, 6, 155, 161
411483.3.peg.224.site.20, 1, 155, 156
411483.3.peg.224.site.21, 58, 148, 206
411483.3.peg.224.site.22, 4, 155, 159
411483.3.peg.224.site.23, 1, 154, 155
411483.3.peg.224.site.24, 22, 151, 173
411483.3.peg.224.site.25, 5, 152, 157
411483.3.peg.224.site.26, 3, 152, 155
411483.3.peg.224.site.27, 4, 152, 156
411483.3.peg.224.site.28, 9, 155, 164
411483.3.peg.224.site.29, 82, 144, 226
411483.3.peg.224.site.30, 0, 150, 150
411483.3.peg.224.site.31, 0, 152, 152
411483.3.peg.224.site.32, 2, 153, 155
411483.3.peg.224.site.33, 64, 145, 209
411483.3.peg.224.site.34, 8, 152, 160
411483.3.peg.224.site.35, 150, 153, 303
411483.3.peg.224.site.36, 3, 153, 156
411483.3.peg.224.site.37, 57, 140, 197
411483.3.peg.224.site.38, 121, 144, 265
411483.3.peg.224.site.39, 1, 146, 147
411483.3.peg.224.site.40, 1, 150, 151
411483.3.peg.224.site.41, 2, 153, 155
411483.3.peg.224.site.42, 3, 154, 157
411483.3.peg.224.site.43, 6, 151, 157
411483.3.peg.224.site.44, 1, 154, 155
411483.3.peg.224.site.45, 3, 150, 153
411483.3.peg.224.site.46, 0, 155, 155
411483.3.peg.224.site.47, 6, 152, 158
411483.3.peg.224.site.48, 19, 150, 169
411483.3.peg.224.site.49, 2, 152, 154
411483.3.peg.557.site.1, 11, 146, 157
411483.3.peg.557.site.2, 3, 150, 153
411483.3.peg.557.site.3, 6, 152, 158
411483.3.peg.557.site.4, 8, 148, 156
411483.3.peg.557.site.5, 2, 152, 154
411483.3.peg.557.site.6, 5, 145, 150
411483.3.peg.557.site.7, 0, 152, 152
411483.3.peg.557.site.8, 18, 147, 165
411483.3.peg.557.site.9, 7, 152, 159
411483.3.peg.557.site.10, 2, 154, 156
411483.3.peg.557.site.11, 3, 152, 155
411483.3.peg.557.site.12, 1, 154, 155
411483.3.peg.557.site.13, 10, 152, 162
411483.3.peg.557.site.14, 1, 153, 154
411483.3.peg.557.site.15, 5, 153, 158
411483.3.peg.557.site.16, 4, 152, 156
411483.3.peg.557.site.17, 144, 152, 296
411483.3.peg.557.site.18, 5, 147, 152
411483.3.peg.557.site.19, 12, 145, 157
411483.3.peg.557.site.20, 25, 122, 147
411483.3.peg.557.site.21, 1, 140, 141
411483.3.peg.557.site.22, 2, 142, 144
411483.3.peg.557.site.23, 1, 149, 150
411483.3.peg.557.site.24, 7, 153, 160
411483.3.peg.557.site.25, 4, 153, 157
411483.3.peg.557.site.26, 1, 153, 154
411483.3.peg.557.site.27, 6, 153, 159
411483.3.peg.557.site.28, 1, 154, 155
411483.3.peg.557.site.29, 0, 154, 154
411483.3.peg.557.site.30, 0, 153, 153
411483.3.peg.557.site.31, 25, 146, 171
411483.3.peg.557.site.32, 1, 154, 155
411483.3.peg.557.site.33, 7, 150, 157
411483.3.peg.557.site.34, 28, 138, 166
411483.3.peg.557.site.35, 4, 141, 145
411483.3.peg.557.site.36, 3, 150, 153
411483.3.peg.557.site.37, 2, 148, 150
411483.3.peg.557.site.38, 4, 147, 151
411483.3.peg.557.site.39, 1, 150, 151
411483.3.peg.557.site.40, 1, 151, 152
411483.3.peg.557.site.41, 0, 149, 149
411483.3.peg.557.site.42, 1, 152, 153
411483.3.peg.557.site.43, 0, 148, 148
411483.3.peg.557.site.44, 7, 144, 151
411483.3.peg.557.site.45, 4, 153, 157
411483.3.peg.557.site.46, 13, 146, 159
411483.3.peg.557.site.47, 1, 150, 151
411483.3.peg.557.site.48, 2, 154, 156
411483.3.peg.557.site.49, 3, 153, 156
411483.3.peg.557.site.50, 0, 150, 150
411483.3.peg.2517.site.1, 4, 144, 148
411483.3.peg.2517.site.2, 2, 154, 156
411483.3.peg.2517.site.3, 2, 154, 156
411483.3.peg.2517.site.4, 0, 152, 152
411483.3.peg.2517.site.5, 1, 152, 153
411483.3.peg.2517.site.6, 13, 152, 165
411483.3.peg.2517.site.7, 13, 153, 166
411483.3.peg.2517.site.8, 9, 148, 157
411483.3.peg.2517.site.9, 9, 147, 156
411483.3.peg.2517.site.10, 4, 144, 148
411483.3.peg.2517.site.11, 4, 137, 141
411483.3.peg.2517.site.12, 4, 128, 132
411483.3.peg.2517.site.13, 110, 117, 227
411483.3.peg.2517.site.14, 54, 86, 140
411483.3.peg.2517.site.15, 1, 113, 114
411483.3.peg.2517.site.16, 30, 94, 124
411483.3.peg.2517.site.17, 2, 112, 114
411483.3.peg.2517.site.18, 92, 106, 198
411483.3.peg.2517.site.19, 4, 119, 123
411483.3.peg.2517.site.20, 20, 122, 142
411483.3.peg.2517.site.21, 16, 148, 164
411483.3.peg.2517.site.22, 13, 145, 158
411483.3.peg.2517.site.23, 2, 149, 151
411483.3.peg.2517.site.24, 4, 150, 154
411483.3.peg.2517.site.25, 3, 146, 149
411483.3.peg.2517.site.26, 3, 143, 146
411483.3.peg.2517.site.27, 2, 148, 150
411483.3.peg.2517.site.28, 23, 142, 165
411483.3.peg.2517.site.29, 3, 139, 142
411483.3.peg.2517.site.30, 0, 139, 139
411483.3.peg.2517.site.31, 0, 130, 130
411483.3.peg.2517.site.32, 2, 133, 135
411483.3.peg.2517.site.33, 0, 120, 120
411483.3.peg.2517.site.34, 3, 118, 121
411483.3.peg.2517.site.35, 5, 116, 121
411483.3.peg.2517.site.36, 85, 109, 194
411483.3.peg.2517.site.37, 4, 126, 130
411483.3.peg.2517.site.38, 1, 138, 139
411483.3.peg.2517.site.39, 1, 143, 144
411483.3.peg.2517.site.40, 1, 146, 147
411483.3.peg.2517.site.41, 12, 146, 158
411483.3.peg.2517.site.42, 1, 145, 146
411483.3.peg.2517.site.43, 3, 150, 153
411483.3.peg.2517.site.44, 3, 137, 140
411483.3.peg.2517.site.45, 1, 136, 137
411483.3.peg.2517.site.46, 0, 132, 132
411483.3.peg.2517.site.47, 114, 114, 228
411483.3.peg.2517.site.48, 13, 107, 120
411483.3.peg.2517.site.49, 27, 94, 121
411483.3.peg.2517.site.50, 9, 115, 124
411483.3.peg.2517.site.51, 0, 113, 113
411483.3.peg.2517.site.52, 5, 117, 122
411483.3.peg.2517.site.53, 1, 124, 125
411483.3.peg.2517.site.54, 60, 111, 171
411483.3.peg.2517.site.55, 1, 129, 130
411483.3.peg.2517.site.56, 2, 131, 133
411483.3.peg.2517.site.57, 15, 127, 142
411483.3.peg.2517.site.58, 0, 128, 128
411483.3.peg.2517.site.59, 1, 118, 119
411483.3.peg.2517.site.60, 1, 104, 105
411483.3.peg.2517.site.61, 3, 139, 142
411483.3.peg.2517.site.62, 1, 147, 148
411483.3.peg.2511.site.1, 2, 152, 154
411483.3.peg.2511.site.2, 4, 154, 158
411483.3.peg.2511.site.3, 6, 151, 157
411483.3.peg.2511.site.4, 6, 152, 158
411483.3.peg.2511.site.5, 3, 152, 155
411483.3.peg.2511.site.6, 111, 146, 257
411483.3.peg.2511.site.7, 3, 146, 149
411483.3.peg.2511.site.8, 27, 133, 160
411483.3.peg.2511.site.9, 19, 145, 164
411483.3.peg.2511.site.10, 10, 143, 153
411483.3.peg.2511.site.11, 1, 146, 147
411483.3.peg.2511.site.12, 6, 146, 152
411483.3.peg.2511.site.13, 3, 146, 149
411483.3.peg.2511.site.14, 145, 145, 290
411483.3.peg.2511.site.15, 2, 148, 150
411483.3.peg.2511.site.16, 3, 148, 151
411483.3.peg.2511.site.17, 4, 148, 152
411483.3.peg.2511.site.18, 67, 139, 206
411483.3.peg.2511.site.19, 2, 150, 152
411483.3.peg.2511.site.20, 8, 146, 154
411483.3.peg.2511.site.21, 31, 145, 176
411483.3.peg.2511.site.22, 21, 147, 168
411483.3.peg.2511.site.23, 6, 148, 154
411483.3.peg.2511.site.24, 0, 147, 147
411483.3.peg.2511.site.25, 22, 141, 163
411483.3.peg.2511.site.26, 0, 148, 148
411483.3.peg.2511.site.27, 2, 142, 144
411483.3.peg.2510.site.1, 4, 149, 153
411483.3.peg.2510.site.2, 6, 148, 154
411483.3.peg.2510.site.3, 46, 143, 189
411483.3.peg.2510.site.4, 1, 147, 148
411483.3.peg.2510.site.5, 2, 143, 145
411483.3.peg.2510.site.6, 8, 142, 150
411483.3.peg.2510.site.7, 11, 135, 146
411483.3.peg.2510.site.8, 73, 120, 193
411483.3.peg.2510.site.9, 4, 129, 133
411483.3.peg.2510.site.10, 64, 125, 189
411483.3.peg.2510.site.11, 16, 148, 164
411483.3.peg.2510.site.12, 3, 152, 155
411483.3.peg.2510.site.13, 2, 151, 153
411483.3.peg.2510.site.14, 2, 155, 157
411483.3.peg.2510.site.15, 2, 155, 157
411483.3.peg.2510.site.16, 8, 150, 158
411483.3.peg.2510.site.17, 1, 152, 153
411483.3.peg.2510.site.18, 136, 150, 286
411483.3.peg.2510.site.19, 0, 153, 153
411483.3.peg.2510.site.20, 1, 152, 153
411483.3.peg.2510.site.21, 9, 151, 160
411483.3.peg.2510.site.22, 1, 154, 155
411483.3.peg.2510.site.23, 0, 151, 151
411483.3.peg.2510.site.24, 1, 153, 154
411483.3.peg.2510.site.25, 43, 147, 190
411483.3.peg.2510.site.26, 2, 145, 147
411483.3.peg.2510.site.27, 1, 141, 142
411483.3.peg.2510.site.28, 1, 140, 141
411483.3.peg.2510.site.29, 4, 118, 122
411483.3.peg.2510.site.30, 52, 114, 166
411483.3.peg.2510.site.31, 65, 118, 183
411483.3.peg.2510.site.32, 17, 123, 140
411483.3.peg.2510.site.33, 2, 136, 138
411483.3.peg.2510.site.34, 27, 127, 154
411483.3.peg.2510.site.35, 6, 139, 145
411483.3.peg.2510.site.36, 1, 152, 153
411483.3.peg.2510.site.37, 1, 155, 156
411483.3.peg.2510.site.38, 2, 151, 153
411483.3.peg.2510.site.39, 0, 149, 149
411483.3.peg.2510.site.40, 2, 143, 145
411483.3.peg.2510.site.41, 2, 143, 145
411483.3.peg.2510.site.42, 15, 133, 148
411483.3.peg.2510.site.43, 0, 149, 149
411483.3.peg.2510.site.44, 13, 151, 164
411483.3.peg.2510.site.45, 4, 151, 155
411483.3.peg.2510.site.46, 0, 151, 151
411483.3.peg.2510.site.47, 17, 144, 161
411483.3.peg.2510.site.48, 24, 149, 173
411483.3.peg.2510.site.49, 16, 146, 162
411483.3.peg.2510.site.50, 11, 148, 159
411483.3.peg.2510.site.51, 18, 147, 165
411483.3.peg.2510.site.52, 0, 152, 152
411483.3.peg.2510.site.53, 89, 141, 230
411483.3.peg.2510.site.54, 2, 151, 153
411483.3.peg.2510.site.55, 4, 152, 156
411483.3.peg.2510.site.56, 1, 152, 153
411483.3.peg.2510.site.57, 8, 150, 158
411483.3.peg.2510.site.58, 41, 143, 184
411483.3.peg.2510.site.59, 3, 152, 155
411483.3.peg.2510.site.60, 2, 151, 153
411483.3.peg.2510.site.61, 40, 143, 183
411483.3.peg.2510.site.62, 129, 138, 267
411483.3.peg.2510.site.63, 1, 141, 142
411483.3.peg.2510.site.64, 6, 134, 140
411483.3.peg.2510.site.65, 0, 142, 142
411483.3.peg.2510.site.66, 7, 142, 149
411483.3.peg.2510.site.67, 6, 145, 151
411483.3.peg.2510.site.68, 6, 144, 150
411483.3.peg.2510.site.69, 1, 149, 150
411483.3.peg.2510.site.70, 18, 140, 158
411483.3.peg.2510.site.71, 105, 141, 246
411483.3.peg.2510.site.72, 4, 144, 148
411483.3.peg.2510.site.73, 2, 139, 141
411483.3.peg.2510.site.74, 10, 139, 149
411483.3.peg.2510.site.75, 1, 130, 131
411483.3.peg.2510.site.76, 5, 127, 132
411483.3.peg.2510.site.77, 1, 119, 120
411483.3.peg.2510.site.78, 1, 124, 125
411483.3.peg.2510.site.79, 116, 123, 239
411483.3.peg.2510.site.80, 4, 114, 118
411483.3.peg.2510.site.81, 2, 121, 123
411483.3.peg.2510.site.82, 3, 121, 124
411483.3.peg.2510.site.83, 0, 123, 123
411483.3.peg.2510.site.84, 8, 111, 119
411483.3.peg.2510.site.85, 67, 104, 171
411483.3.peg.2510.site.86, 3, 115, 118
411483.3.peg.2510.site.87, 1, 115, 116
411483.3.peg.2510.site.88, 1, 110, 111
411483.3.peg.2510.site.89, 2, 111, 113
411483.3.peg.2510.site.90, 2, 117, 119
411483.3.peg.2510.site.91, 26, 108, 134
411483.3.peg.2510.site.92, 3, 108, 111
411483.3.peg.2510.site.93, 2, 119, 121
411483.3.peg.2510.site.94, 106, 121, 227
411483.3.peg.2510.site.95, 65, 113, 178
411483.3.peg.2510.site.96, 72, 113, 185
411483.3.peg.2510.site.97, 3, 119, 122
411483.3.peg.2510.site.98, 5, 132, 137
411483.3.peg.2510.site.99, 2, 135, 137
411483.3.peg.2510.site.100, 4, 133, 137
411483.3.peg.2510.site.101, 36, 127, 163
411483.3.peg.2510.site.102, 6, 138, 144
411483.3.peg.2510.site.103, 68, 123, 191
411483.3.peg.2510.site.104, 2, 142, 144
411483.3.peg.2510.site.105, 2, 143, 145
411483.3.peg.2510.site.106, 0, 145, 145
411483.3.peg.2510.site.107, 0, 144, 144
411483.3.peg.2510.site.108, 4, 147, 151
411483.3.peg.2510.site.109, 28, 140, 168
411483.3.peg.2510.site.110, 89, 145, 234
411483.3.peg.2510.site.111, 37, 139, 176
411483.3.peg.2510.site.112, 5, 153, 158
411483.3.peg.2510.site.113, 1, 151, 152
411483.3.peg.2510.site.114, 2, 150, 152
411483.3.peg.2510.site.115, 5, 141, 146
411483.3.peg.2510.site.116, 140, 141, 281
411483.3.peg.2510.site.117, 1, 141, 142
411483.3.peg.2510.site.118, 3, 133, 136
411483.3.peg.2510.site.119, 3, 136, 139
411483.3.peg.2510.site.120, 1, 142, 143
411483.3.peg.2510.site.121, 6, 137, 143
411483.3.peg.2510.site.122, 0, 143, 143
411483.3.peg.2510.site.123, 4, 145, 149
411483.3.peg.2510.site.124, 1, 143, 144
411483.3.peg.2510.site.125, 1, 144, 145
411483.3.peg.2510.site.126, 23, 139, 162
411483.3.peg.2510.site.127, 1, 151, 152
411483.3.peg.2510.site.128, 6, 150, 156
411483.3.peg.2510.site.129, 4, 148, 152
411483.3.peg.2510.site.130, 0, 149, 149
411483.3.peg.2510.site.131, 10, 148, 158
411483.3.peg.2510.site.132, 2, 152, 154
411483.3.peg.2510.site.133, 16, 141, 157
411483.3.peg.2510.site.134, 46, 139, 185
411483.3.peg.2510.site.135, 8, 149, 157
411483.3.peg.2510.site.136, 8, 149, 157
411483.3.peg.2510.site.137, 25, 148, 173
411483.3.peg.2510.site.138, 12, 140, 152
411483.3.peg.2510.site.139, 2, 147, 149
411483.3.peg.2510.site.140, 5, 145, 150
411483.3.peg.2510.site.141, 1, 143, 144
411483.3.peg.2510.site.142, 22, 134, 156
411483.3.peg.2510.site.143, 1, 146, 147
411483.3.peg.2510.site.144, 0, 146, 146
411483.3.peg.2510.site.145, 33, 136, 169
411483.3.peg.2510.site.146, 17, 150, 167
411483.3.peg.2510.site.147, 0, 151, 151
411483.3.peg.2510.site.148, 1, 152, 153
411483.3.peg.2510.site.149, 7, 151, 158
411483.3.peg.2510.site.150, 9, 152, 161
411483.3.peg.2510.site.151, 1, 151, 152
411483.3.peg.2510.site.152, 7, 152, 159
411483.3.peg.2510.site.153, 3, 146, 149
411483.3.peg.2510.site.154, 6, 148, 154
411483.3.peg.2510.site.155, 40, 136, 176
411483.3.peg.2510.site.156, 6, 146, 152
411483.3.peg.2510.site.157, 0, 147, 147
411483.3.peg.2510.site.158, 17, 140, 157
411483.3.peg.2510.site.159, 1, 141, 142
411483.3.peg.2510.site.160, 1, 144, 145
411483.3.peg.2510.site.161, 1, 143, 144
411483.3.peg.2510.site.162, 4, 141, 145
411483.3.peg.2510.site.163, 0, 148, 148
411483.3.peg.2510.site.164, 53, 137, 190
411483.3.peg.2510.site.165, 1, 143, 144
411483.3.peg.2510.site.166, 3, 145, 148
411483.3.peg.2510.site.167, 1, 145, 146
411483.3.peg.2510.site.168, 5, 138, 143
411483.3.peg.2510.site.169, 8, 138, 146
411483.3.peg.2510.site.170, 3, 146, 149
411483.3.peg.2510.site.171, 8, 151, 159
411483.3.peg.2510.site.172, 15, 149, 164
411483.3.peg.2510.site.173, 0, 153, 153
411483.3.peg.2510.site.174, 1, 151, 152
411483.3.peg.2510.site.175, 2, 154, 156
411483.3.peg.2510.site.176, 1, 147, 148
411483.3.peg.2510.site.177, 3, 144, 147
411483.3.peg.2510.site.178, 1, 146, 147
411483.3.peg.2510.site.179, 0, 147, 147
411483.3.peg.2510.site.180, 1, 147, 148
411483.3.peg.2510.site.181, 13, 143, 156
411483.3.peg.2510.site.182, 1, 140, 141
411483.3.peg.2510.site.183, 0, 144, 144
411483.3.peg.2510.site.184, 37, 136, 173
411483.3.peg.2510.site.185, 22, 144, 166
411483.3.peg.2510.site.186, 1, 146, 147
411483.3.peg.2510.site.187, 51, 130, 181
411483.3.peg.2510.site.188, 5, 138, 143
411483.3.peg.2510.site.189, 8, 143, 151
411483.3.peg.2510.site.190, 7, 142, 149
411483.3.peg.2510.site.191, 1, 137, 138
411483.3.peg.2510.site.192, 11, 110, 121
411483.3.peg.2510.site.193, 6, 120, 126
411483.3.peg.2510.site.194, 1, 105, 106
411483.3.peg.2510.site.195, 3, 96, 99
411483.3.peg.2510.site.196, 1, 91, 92
411483.3.peg.2510.site.197, 33, 81, 114
411483.3.peg.2510.site.198, 2, 86, 88
411483.3.peg.2510.site.199, 1, 98, 99
411483.3.peg.2510.site.200, 1, 92, 93
411483.3.peg.2510.site.201, 3, 99, 102
411483.3.peg.2510.site.202, 0, 102, 102
411483.3.peg.2510.site.203, 7, 98, 105
411483.3.peg.2510.site.204, 0, 103, 103
411483.3.peg.2510.site.205, 25, 118, 143
411483.3.peg.2510.site.206, 0, 116, 116
411483.3.peg.2510.site.207, 0, 113, 113
411483.3.peg.2510.site.208, 23, 124, 147
411483.3.peg.2510.site.209, 3, 124, 127
411483.3.peg.2510.site.210, 1, 123, 124
411483.3.peg.2510.site.211, 6, 122, 128
411483.3.peg.2510.site.212, 2, 131, 133
411483.3.peg.2510.site.213, 7, 124, 131
411483.3.peg.2510.site.214, 5, 134, 139
411483.3.peg.2510.site.215, 2, 128, 130
411483.3.peg.2510.site.216, 34, 116, 150
411483.3.peg.2510.site.217, 2, 132, 134
411483.3.peg.2510.site.218, 1, 136, 137
411483.3.peg.2510.site.219, 62, 124, 186
411483.3.peg.2510.site.220, 126, 126, 252
411483.3.peg.2510.site.221, 12, 130, 142
411483.3.peg.2510.site.222, 73, 130, 203
411483.3.peg.2510.site.223, 32, 117, 149
411483.3.peg.2510.site.224, 6, 126, 132
411483.3.peg.2510.site.225, 5, 147, 152
411483.3.peg.2510.site.226, 6, 142, 148
411483.3.peg.2510.site.227, 5, 147, 152
411483.3.peg.2510.site.228, 16, 144, 160
411483.3.peg.2510.site.229, 9, 145, 154
411483.3.peg.2510.site.230, 25, 137, 162
411483.3.peg.2510.site.231, 1, 128, 129
411483.3.peg.2510.site.232, 0, 138, 138
411483.3.peg.2510.site.233, 7, 130, 137
411483.3.peg.2510.site.234, 40, 141, 181
411483.3.peg.2510.site.235, 0, 151, 151
411483.3.peg.2510.site.236, 3, 153, 156
411483.3.peg.2510.site.237, 4, 152, 156
411483.3.peg.2510.site.238, 4, 152, 156
411483.3.peg.2510.site.239, 2, 150, 152
411483.3.peg.2510.site.240, 7, 148, 155
411483.3.peg.2510.site.241, 1, 153, 154
411483.3.peg.2510.site.242, 1, 154, 155
411483.3.peg.2510.site.243, 11, 153, 164
411483.3.peg.2510.site.244, 0, 153, 153
411483.3.peg.2510.site.245, 3, 154, 157
411483.3.peg.2510.site.246, 1, 153, 154
411483.3.peg.2510.site.247, 9, 154, 163
411483.3.peg.2510.site.248, 13, 149, 162
411483.3.peg.2510.site.249, 7, 154, 161
411483.3.peg.2510.site.250, 1, 153, 154
411483.3.peg.2510.site.251, 9, 153, 162
411483.3.peg.2510.site.252, 4, 150, 154
411483.3.peg.2510.site.253, 8, 148, 156
411483.3.peg.2510.site.254, 1, 151, 152
411483.3.peg.2510.site.255, 5, 148, 153
411483.3.peg.2510.site.256, 2, 137, 139
411483.3.peg.2510.site.257, 52, 125, 177
411483.3.peg.2510.site.258, 11, 127, 138
411483.3.peg.2510.site.259, 3, 132, 135
411483.3.peg.2510.site.260, 3, 123, 126
411483.3.peg.2519.site.1, 18, 146, 164
411483.3.peg.2519.site.2, 2, 149, 151
411483.3.peg.2519.site.3, 1, 155, 156
411483.3.peg.2519.site.4, 0, 154, 154
411483.3.peg.2519.site.5, 155, 155, 310
411483.3.peg.2519.site.6, 1, 155, 156
411483.3.peg.2519.site.7, 32, 138, 170
411483.3.peg.2519.site.8, 2, 153, 155
411483.3.peg.2519.site.9, 9, 147, 156
411483.3.peg.2519.site.10, 6, 147, 153
411483.3.peg.2519.site.11, 1, 147, 148
411483.3.peg.2519.site.12, 5, 146, 151
411483.3.peg.2519.site.13, 3, 139, 142
411483.3.peg.2519.site.14, 4, 146, 150
411483.3.peg.2519.site.15, 3, 145, 148
411483.3.peg.2519.site.16, 63, 132, 195
411483.3.peg.2519.site.17, 3, 146, 149
411483.3.peg.2519.site.18, 1, 148, 149
411483.3.peg.2519.site.19, 4, 151, 155
411483.3.peg.2519.site.20, 2, 148, 150
411483.3.peg.2519.site.21, 73, 143, 216
411483.3.peg.2519.site.22, 7, 150, 157
411483.3.peg.2519.site.23, 1, 153, 154
411483.3.peg.2519.site.24, 2, 151, 153
411483.3.peg.2519.site.25, 25, 147, 172
411483.3.peg.2519.site.26, 15, 150, 165
411483.3.peg.2519.site.27, 0, 148, 148
411483.3.peg.2519.site.28, 0, 148, 148
411483.3.peg.2519.site.29, 7, 146, 153
411483.3.peg.2519.site.30, 20, 147, 167
411483.3.peg.2519.site.31, 1, 148, 149
411483.3.peg.2519.site.32, 2, 147, 149
411483.3.peg.2519.site.33, 3, 144, 147
411483.3.peg.2519.site.34, 4, 147, 151
411483.3.peg.2519.site.35, 1, 143, 144
411483.3.peg.2519.site.36, 2, 136, 138
411483.3.peg.2519.site.37, 4, 124, 128
411483.3.peg.2519.site.38, 102, 126, 228
411483.3.peg.2519.site.39, 5, 131, 136
411483.3.peg.2519.site.40, 0, 131, 131
411483.3.peg.2519.site.41, 2, 130, 132
411483.3.peg.2519.site.42, 2, 137, 139
411483.3.peg.2519.site.43, 6, 134, 140
411483.3.peg.2519.site.44, 1, 133, 134
411483.3.peg.2519.site.45, 30, 128, 158
411483.3.peg.2519.site.46, 2, 130, 132
411483.3.peg.2519.site.47, 1, 128, 129
411483.3.peg.2519.site.48, 20, 118, 138
411483.3.peg.350.site.1, 2, 154, 156
411483.3.peg.350.site.2, 6, 150, 156
411483.3.peg.350.site.3, 1, 152, 153
411483.3.peg.350.site.4, 14, 147, 161
411483.3.peg.350.site.5, 4, 143, 147
411483.3.peg.350.site.6, 60, 136, 196
411483.3.peg.350.site.7, 0, 148, 148
411483.3.peg.350.site.8, 3, 146, 149
411483.3.peg.350.site.9, 14, 145, 159
411483.3.peg.350.site.10, 2, 139, 141
411483.3.peg.350.site.11, 6, 131, 137
411483.3.peg.350.site.12, 97, 135, 232
411483.3.peg.350.site.13, 138, 146, 284
411483.3.peg.350.site.14, 2, 152, 154
411483.3.peg.350.site.15, 6, 152, 158
411483.3.peg.350.site.16, 0, 152, 152
411483.3.peg.350.site.17, 2, 153, 155
411483.3.peg.350.site.18, 4, 150, 154
411483.3.peg.350.site.19, 6, 150, 156
411483.3.peg.2739.site.1, 36, 152, 188
411483.3.peg.2739.site.2, 0, 153, 153
411483.3.peg.2739.site.3, 5, 149, 154
411483.3.peg.2739.site.4, 0, 147, 147
411483.3.peg.2739.site.5, 1, 153, 154
411483.3.peg.2739.site.6, 1, 152, 153
411483.3.peg.2739.site.7, 6, 151, 157
411483.3.peg.2739.site.8, 2, 145, 147
411483.3.peg.2739.site.9, 1, 152, 153
411483.3.peg.2739.site.10, 9, 149, 158
411483.3.peg.2739.site.11, 6, 147, 153
411483.3.peg.2739.site.12, 13, 149, 162
411483.3.peg.2739.site.13, 6, 148, 154
411483.3.peg.2739.site.14, 9, 151, 160
411483.3.peg.2739.site.15, 1, 153, 154
411483.3.peg.2739.site.16, 15, 149, 164
411483.3.peg.2739.site.17, 6, 153, 159
411483.3.peg.2739.site.18, 1, 153, 154
411483.3.peg.2739.site.19, 3, 153, 156
411483.3.peg.2739.site.20, 3, 152, 155
411483.3.peg.2739.site.21, 8, 152, 160
411483.3.peg.2739.site.22, 1, 153, 154
411483.3.peg.2739.site.23, 30, 143, 173
411483.3.peg.2739.site.24, 1, 153, 154
411483.3.peg.2739.site.25, 148, 154, 302
411483.3.peg.2739.site.26, 142, 152, 294
411483.3.peg.2739.site.27, 3, 150, 153
411483.3.peg.2739.site.28, 5, 154, 159
411483.3.peg.2739.site.29, 14, 152, 166
411483.3.peg.2739.site.30, 43, 147, 190
411483.3.peg.2739.site.31, 6, 153, 159
411483.3.peg.2739.site.32, 2, 151, 153
411483.3.peg.2739.site.33, 4, 150, 154
411483.3.peg.2739.site.34, 1, 152, 153
411483.3.peg.2739.site.35, 3, 153, 156
411483.3.peg.2739.site.36, 17, 150, 167
411483.3.peg.2739.site.37, 9, 150, 159
411483.3.peg.2739.site.38, 0, 153, 153
411483.3.peg.2739.site.39, 2, 154, 156
411483.3.peg.2739.site.40, 7, 152, 159
411483.3.peg.2739.site.41, 6, 152, 158
411483.3.peg.2739.site.42, 2, 155, 157
411483.3.peg.2739.site.43, 3, 154, 157
411483.3.peg.2739.site.44, 2, 155, 157
411483.3.peg.2739.site.45, 3, 154, 157
411483.3.peg.2739.site.46, 17, 149, 166
411483.3.peg.2739.site.47, 2, 154, 156
411483.3.peg.2739.site.48, 2, 154, 156
411483.3.peg.2739.site.49, 3, 155, 158
411483.3.peg.2739.site.50, 27, 148, 175
411483.3.peg.2739.site.51, 3, 154, 157
411483.3.peg.2739.site.52, 60, 142, 202
411483.3.peg.2739.site.53, 18, 152, 170
411483.3.peg.2739.site.54, 10, 154, 164
411483.3.peg.2739.site.55, 2, 155, 157
411483.3.peg.2739.site.56, 8, 154, 162
411483.3.peg.2739.site.57, 2, 155, 157
411483.3.peg.2739.site.58, 0, 154, 154
411483.3.peg.2739.site.59, 3, 154, 157
411483.3.peg.2739.site.60, 18, 153, 171
411483.3.peg.2739.site.61, 47, 145, 192
411483.3.peg.2739.site.62, 0, 155, 155
411483.3.peg.2739.site.63, 46, 147, 193
411483.3.peg.2739.site.64, 2, 155, 157
411483.3.peg.2739.site.65, 13, 154, 167
411483.3.peg.2739.site.66, 9, 151, 160
411483.3.peg.2739.site.67, 2, 155, 157
411483.3.peg.2739.site.68, 0, 155, 155
411483.3.peg.2739.site.69, 150, 155, 305
411483.3.peg.2739.site.70, 11, 147, 158
411483.3.peg.2739.site.71, 12, 150, 162
411483.3.peg.2739.site.72, 15, 147, 162
411483.3.peg.2739.site.73, 19, 149, 168
411483.3.peg.2739.site.74, 26, 144, 170
411483.3.peg.2738.site.1, 2, 77, 79
411483.3.peg.2738.site.2, 12, 76, 88
411483.3.peg.2738.site.3, 1, 72, 73
411483.3.peg.2738.site.4, 1, 79, 80
411483.3.peg.2738.site.5, 64, 77, 141
411483.3.peg.2738.site.6, 61, 79, 140
411483.3.peg.2738.site.7, 5, 83, 88
411483.3.peg.2738.site.8, 11, 105, 116
411483.3.peg.2738.site.9, 1, 114, 115
411483.3.peg.2738.site.10, 5, 111, 116
411483.3.peg.2738.site.11, 5, 117, 122
411483.3.peg.2738.site.12, 14, 116, 130
411483.3.peg.2738.site.13, 0, 121, 121
411483.3.peg.2738.site.14, 10, 127, 137
411483.3.peg.2738.site.15, 110, 122, 232
411483.3.peg.2738.site.16, 109, 121, 230
411483.3.peg.2738.site.17, 2, 127, 129
411483.3.peg.2738.site.18, 37, 117, 154
411483.3.peg.2738.site.19, 1, 91, 92
411483.3.peg.2738.site.20, 9, 94, 103
411483.3.peg.2738.site.21, 41, 81, 122
411483.3.peg.2738.site.22, 1, 73, 74
411483.3.peg.2738.site.23, 4, 101, 105
411483.3.peg.2738.site.24, 1, 101, 102
411483.3.peg.2738.site.25, 6, 96, 102
411483.3.peg.2738.site.26, 67, 97, 164
411483.3.peg.2738.site.27, 22, 99, 121
411483.3.peg.2738.site.28, 2, 93, 95
411483.3.peg.2738.site.29, 1, 84, 85
411483.3.peg.2738.site.30, 1, 69, 70
411483.3.peg.2738.site.31, 43, 57, 100
411483.3.peg.2738.site.32, 0, 56, 56
411483.3.peg.2738.site.33, 13, 56, 69
411483.3.peg.2738.site.34, 2, 55, 57
411483.3.peg.2738.site.35, 4, 60, 64
411483.3.peg.2738.site.36, 1, 66, 67
411483.3.peg.2738.site.37, 1, 65, 66
411483.3.peg.2738.site.38, 10, 80, 90
411483.3.peg.2738.site.39, 69, 84, 153
411483.3.peg.2738.site.40, 0, 115, 115
411483.3.peg.2738.site.41, 1, 124, 125
411483.3.peg.2738.site.42, 13, 129, 142
411483.3.peg.2738.site.43, 14, 125, 139
411483.3.peg.2738.site.44, 1, 132, 133
411483.3.peg.2738.site.45, 3, 132, 135
411483.3.peg.2738.site.46, 2, 131, 133
411483.3.peg.2738.site.47, 16, 132, 148
411483.3.peg.2738.site.48, 56, 125, 181
411483.3.peg.2738.site.49, 1, 137, 138
411483.3.peg.2738.site.50, 61, 126, 187
411483.3.peg.2738.site.51, 2, 134, 136
411483.3.peg.2738.site.52, 2, 138, 140
411483.3.peg.2738.site.53, 25, 141, 166
411483.3.peg.2738.site.54, 0, 144, 144
411483.3.peg.2738.site.55, 3, 141, 144
411483.3.peg.2738.site.56, 0, 144, 144
411483.3.peg.2738.site.57, 2, 140, 142
411483.3.peg.2738.site.58, 0, 149, 149
411483.3.peg.2738.site.59, 1, 149, 150
411483.3.peg.2738.site.60, 48, 139, 187
411483.3.peg.2738.site.61, 4, 144, 148
411483.3.peg.2227.site.1, 0, 154, 154
411483.3.peg.2227.site.2, 1, 154, 155
411483.3.peg.2227.site.3, 2, 155, 157
411483.3.peg.2227.site.4, 7, 152, 159
411483.3.peg.2227.site.5, 5, 147, 152
411483.3.peg.2227.site.6, 0, 153, 153
411483.3.peg.2227.site.7, 2, 152, 154
411483.3.peg.2227.site.8, 6, 146, 152
411483.3.peg.2227.site.9, 0, 147, 147
411483.3.peg.2227.site.10, 5, 151, 156
411483.3.peg.2227.site.11, 2, 152, 154
411483.3.peg.2227.site.12, 103, 143, 246
411483.3.peg.2227.site.13, 1, 149, 150
411483.3.peg.2227.site.14, 148, 148, 296
411483.3.peg.2227.site.15, 3, 146, 149
411483.3.peg.2227.site.16, 1, 146, 147
411483.3.peg.2227.site.17, 6, 143, 149
411483.3.peg.2227.site.18, 0, 121, 121
411483.3.peg.2227.site.19, 6, 134, 140
411483.3.peg.2227.site.20, 5, 149, 154
411483.3.peg.2227.site.21, 4, 151, 155
411483.3.peg.2227.site.22, 7, 153, 160
411483.3.peg.2227.site.23, 2, 153, 155
411483.3.peg.2227.site.24, 40, 149, 189
411483.3.peg.2227.site.25, 6, 155, 161
411483.3.peg.2227.site.26, 0, 152, 152
411483.3.peg.2227.site.27, 0, 154, 154
411483.3.peg.2227.site.28, 5, 154, 159
411483.3.peg.2227.site.29, 0, 152, 152
411483.3.peg.2227.site.30, 0, 152, 152
411483.3.peg.2227.site.31, 8, 147, 155
411483.3.peg.2227.site.32, 2, 153, 155
411483.3.peg.2227.site.33, 0, 153, 153
411483.3.peg.2227.site.34, 0, 153, 153
411483.3.peg.2227.site.35, 4, 154, 158
411483.3.peg.2227.site.36, 0, 153, 153
411483.3.peg.2227.site.37, 0, 155, 155
411483.3.peg.2227.site.38, 0, 154, 154
411483.3.peg.2227.site.39, 0, 154, 154
411483.3.peg.2227.site.40, 1, 155, 156
411483.3.peg.2226.site.1, 0, 152, 152
411483.3.peg.2226.site.2, 9, 154, 163
411483.3.peg.2226.site.3, 1, 155, 156
411483.3.peg.2226.site.4, 3, 154, 157
411483.3.peg.2226.site.5, 1, 155, 156
411483.3.peg.2226.site.6, 2, 153, 155
411483.3.peg.2226.site.7, 7, 152, 159
411483.3.peg.2226.site.8, 0, 149, 149
411483.3.peg.2226.site.9, 2, 151, 153
411483.3.peg.2226.site.10, 1, 145, 146
411483.3.peg.2226.site.11, 0, 145, 145
411483.3.peg.2226.site.12, 0, 144, 144
411483.3.peg.2226.site.13, 4, 145, 149
411483.3.peg.2226.site.14, 7, 146, 153
411483.3.peg.2226.site.15, 1, 144, 145
411483.3.peg.2226.site.16, 5, 149, 154
411483.3.peg.2226.site.17, 3, 147, 150
411483.3.peg.2226.site.18, 6, 154, 160
411483.3.peg.2226.site.19, 1, 154, 155
411483.3.peg.2226.site.20, 36, 142, 178
411483.3.peg.2226.site.21, 5, 152, 157
411483.3.peg.2226.site.22, 2, 153, 155
411483.3.peg.2226.site.23, 2, 152, 154
411483.3.peg.2226.site.24, 11, 153, 164
411483.3.peg.2226.site.25, 2, 153, 155
411483.3.peg.2226.site.26, 23, 147, 170
411483.3.peg.2226.site.27, 19, 152, 171
411483.3.peg.2226.site.28, 8, 152, 160
411483.3.peg.2226.site.29, 42, 144, 186
411483.3.peg.2226.site.30, 1, 152, 153
411483.3.peg.2226.site.31, 1, 154, 155
411483.3.peg.2226.site.32, 6, 153, 159
411483.3.peg.2226.site.33, 6, 155, 161
411483.3.peg.2226.site.34, 2, 155, 157
411483.3.peg.2226.site.35, 2, 155, 157
411483.3.peg.2226.site.36, 6, 154, 160
411483.3.peg.2226.site.37, 0, 154, 154
411483.3.peg.2226.site.38, 0, 154, 154
411483.3.peg.2226.site.39, 2, 154, 156
411483.3.peg.2226.site.40, 7, 152, 159
411483.3.peg.2226.site.41, 2, 153, 155
411483.3.peg.2226.site.42, 3, 153, 156
411483.3.peg.2226.site.43, 2, 153, 155
411483.3.peg.2226.site.44, 2, 153, 155
411483.3.peg.2226.site.45, 4, 153, 157
411483.3.peg.2736.site.1, 1, 147, 148
411483.3.peg.2736.site.2, 110, 138, 248
411483.3.peg.2736.site.3, 19, 142, 161
411483.3.peg.2736.site.4, 47, 144, 191
411483.3.peg.2736.site.5, 0, 150, 150
411483.3.peg.2736.site.6, 7, 152, 159
411483.3.peg.2736.site.7, 9, 147, 156
411483.3.peg.2736.site.8, 2, 148, 150
411483.3.peg.2736.site.9, 77, 134, 211
411483.3.peg.2736.site.10, 1, 132, 133
411483.3.peg.2736.site.11, 3, 140, 143
411483.3.peg.2736.site.12, 2, 132, 134
411483.3.peg.2736.site.13, 44, 114, 158
411483.3.peg.2736.site.14, 101, 117, 218
411483.3.peg.2736.site.15, 84, 116, 200
411483.3.peg.2736.site.16, 1, 131, 132
411483.3.peg.2736.site.17, 11, 141, 152
411483.3.peg.2736.site.18, 2, 140, 142
411483.3.peg.2736.site.19, 1, 142, 143
411483.3.peg.2736.site.20, 1, 135, 136
411483.3.peg.2736.site.21, 4, 143, 147
411483.3.peg.2736.site.22, 2, 134, 136
411483.3.peg.2736.site.23, 3, 129, 132
411483.3.peg.2736.site.24, 2, 134, 136
411483.3.peg.2736.site.25, 1, 136, 137
411483.3.peg.2736.site.26, 86, 134, 220
411483.3.peg.2736.site.27, 0, 142, 142
411483.3.peg.2736.site.28, 9, 144, 153
411483.3.peg.2736.site.29, 3, 147, 150
411483.3.peg.2736.site.30, 0, 151, 151
411483.3.peg.2736.site.31, 1, 146, 147
411483.3.peg.2736.site.32, 0, 152, 152
411483.3.peg.2736.site.33, 1, 153, 154
411483.3.peg.2736.site.34, 67, 141, 208
411483.3.peg.2736.site.35, 1, 148, 149
411483.3.peg.2736.site.36, 84, 137, 221
411483.3.peg.2736.site.37, 3, 145, 148
411483.3.peg.2736.site.38, 0, 134, 134
411483.3.peg.2736.site.39, 21, 119, 140
411483.3.peg.2736.site.40, 1, 74, 75
411483.3.peg.2736.site.41, 2, 80, 82
411483.3.peg.2731.site.1, 5, 153, 158
411483.3.peg.2731.site.2, 1, 154, 155
411483.3.peg.2731.site.3, 4, 152, 156
411483.3.peg.2731.site.4, 140, 146, 286
411483.3.peg.2731.site.5, 6, 147, 153
411483.3.peg.2731.site.6, 6, 136, 142
411483.3.peg.2731.site.7, 0, 134, 134
411483.3.peg.2731.site.8, 3, 118, 121
411483.3.peg.2731.site.9, 1, 90, 91
411483.3.peg.2731.site.10, 2, 69, 71
411483.3.peg.2731.site.11, 2, 82, 84
411483.3.peg.2731.site.12, 29, 70, 99
411483.3.peg.2731.site.13, 0, 75, 75
411483.3.peg.2731.site.14, 5, 105, 110
411483.3.peg.2731.site.15, 1, 119, 120
411483.3.peg.2731.site.16, 3, 124, 127
411483.3.peg.2731.site.17, 0, 140, 140
411483.3.peg.2731.site.18, 1, 137, 138
411483.3.peg.2731.site.19, 1, 137, 138
411483.3.peg.2731.site.20, 1, 136, 137
411483.3.peg.2731.site.21, 0, 139, 139
411483.3.peg.2731.site.22, 4, 139, 143
411483.3.peg.2731.site.23, 2, 134, 136
411483.3.peg.2731.site.24, 6, 128, 134
411483.3.peg.2731.site.25, 2, 138, 140
411483.3.peg.2731.site.26, 4, 134, 138
411483.3.peg.2731.site.27, 2, 144, 146
411483.3.peg.2731.site.28, 5, 138, 143
411483.3.peg.2731.site.29, 1, 150, 151
411483.3.peg.2731.site.30, 13, 145, 158
411483.3.peg.2731.site.31, 12, 146, 158
411483.3.peg.2731.site.32, 2, 152, 154
411483.3.peg.2731.site.33, 6, 148, 154
411483.3.peg.2731.site.34, 7, 149, 156
411483.3.peg.2731.site.35, 2, 152, 154
411483.3.peg.2730.site.1, 1, 154, 155
411483.3.peg.2730.site.2, 0, 154, 154
411483.3.peg.2730.site.3, 2, 155, 157
411483.3.peg.2730.site.4, 1, 155, 156
411483.3.peg.2730.site.5, 3, 154, 157
411483.3.peg.2730.site.6, 2, 155, 157
411483.3.peg.2730.site.7, 0, 155, 155
411483.3.peg.2730.site.8, 8, 151, 159
411483.3.peg.2730.site.9, 0, 155, 155
411483.3.peg.2730.site.10, 1, 153, 154
411483.3.peg.2730.site.11, 0, 154, 154
411483.3.peg.2733.site.1, 5, 152, 157
411483.3.peg.2733.site.2, 3, 153, 156
411483.3.peg.2733.site.3, 1, 153, 154
411483.3.peg.2733.site.4, 17, 151, 168
411483.3.peg.2733.site.5, 1, 152, 153
411483.3.peg.2733.site.6, 0, 144, 144
411483.3.peg.2733.site.7, 1, 135, 136
411483.3.peg.2733.site.8, 3, 135, 138
411483.3.peg.2733.site.9, 7, 135, 142
411483.3.peg.2733.site.10, 6, 133, 139
411483.3.peg.2733.site.11, 3, 130, 133
411483.3.peg.2733.site.12, 10, 128, 138
411483.3.peg.2733.site.13, 10, 142, 152
411483.3.peg.2733.site.14, 0, 150, 150
411483.3.peg.2733.site.15, 2, 150, 152
411483.3.peg.2733.site.16, 0, 152, 152
411483.3.peg.2733.site.17, 2, 154, 156
411483.3.peg.2733.site.18, 4, 154, 158
411483.3.peg.2733.site.19, 0, 150, 150
411483.3.peg.2732.site.1, 0, 154, 154
411483.3.peg.2732.site.2, 11, 148, 159
411483.3.peg.2732.site.3, 89, 137, 226
411483.3.peg.2732.site.4, 2, 152, 154
411483.3.peg.2732.site.5, 0, 150, 150
411483.3.peg.2732.site.6, 2, 148, 150
411483.3.peg.2732.site.7, 2, 151, 153
411483.3.peg.2732.site.8, 6, 151, 157
411483.3.peg.2732.site.9, 8, 149, 157
411483.3.peg.2732.site.10, 1, 143, 144
411483.3.peg.2732.site.11, 16, 132, 148
411483.3.peg.2732.site.12, 2, 134, 136
411483.3.peg.2732.site.13, 2, 141, 143
411483.3.peg.2732.site.14, 1, 143, 144
411483.3.peg.2732.site.15, 4, 143, 147
411483.3.peg.2732.site.16, 3, 146, 149
411483.3.peg.2732.site.17, 1, 151, 152
411483.3.peg.2732.site.18, 7, 151, 158
411483.3.peg.2732.site.19, 3, 154, 157
411483.3.peg.2732.site.20, 1, 153, 154
411483.3.peg.2732.site.21, 1, 151, 152
411483.3.peg.2732.site.22, 109, 142, 251
411483.3.peg.2732.site.23, 0, 151, 151
411483.3.peg.2732.site.24, 1, 153, 154
411483.3.peg.2732.site.25, 9, 148, 157
411483.3.peg.2732.site.26, 31, 147, 178
411483.3.peg.2732.site.27, 2, 149, 151
411483.3.peg.2429.site.1, 3, 151, 154
411483.3.peg.2429.site.2, 2, 152, 154
411483.3.peg.2429.site.3, 6, 150, 156
411483.3.peg.2429.site.4, 1, 153, 154
411483.3.peg.2429.site.5, 7, 145, 152
411483.3.peg.2429.site.6, 2, 146, 148
411483.3.peg.2429.site.7, 4, 147, 151
411483.3.peg.2429.site.8, 0, 149, 149
411483.3.peg.2429.site.9, 1, 148, 149
411483.3.peg.2429.site.10, 2, 150, 152
411483.3.peg.2429.site.11, 1, 147, 148
411483.3.peg.2429.site.12, 1, 149, 150
411483.3.peg.2429.site.13, 1, 148, 149
411483.3.peg.2429.site.14, 16, 142, 158
411483.3.peg.2429.site.15, 1, 138, 139
411483.3.peg.2429.site.16, 6, 137, 143
411483.3.peg.2429.site.17, 26, 129, 155
411483.3.peg.2429.site.18, 1, 136, 137
411483.3.peg.2429.site.19, 11, 117, 128
411483.3.peg.2429.site.20, 7, 107, 114
411483.3.peg.2429.site.21, 8, 113, 121
411483.3.peg.2429.site.22, 8, 113, 121
411483.3.peg.2429.site.23, 0, 106, 106
411483.3.peg.2429.site.24, 1, 107, 108
411483.3.peg.2429.site.25, 2, 139, 141
411483.3.peg.2429.site.26, 1, 141, 142
411483.3.peg.2429.site.27, 97, 131, 228
411483.3.peg.2429.site.28, 5, 139, 144
411483.3.peg.2429.site.29, 2, 136, 138
411483.3.peg.2429.site.30, 8, 125, 133
411483.3.peg.2429.site.31, 6, 128, 134
411483.3.peg.2429.site.32, 0, 142, 142
411483.3.peg.2429.site.33, 1, 146, 147
411483.3.peg.2429.site.34, 48, 140, 188
411483.3.peg.2429.site.35, 16, 142, 158
411483.3.peg.2429.site.36, 0, 148, 148
411483.3.peg.2429.site.37, 6, 146, 152
411483.3.peg.2429.site.38, 0, 146, 146
411483.3.peg.2429.site.39, 3, 146, 149
411483.3.peg.2429.site.40, 4, 149, 153
411483.3.peg.2429.site.41, 6, 142, 148
411483.3.peg.2429.site.42, 4, 142, 146
411483.3.peg.2429.site.43, 2, 148, 150
411483.3.peg.2429.site.44, 0, 150, 150
411483.3.peg.2429.site.45, 1, 149, 150
411483.3.peg.2429.site.46, 1, 152, 153
411483.3.peg.2429.site.47, 0, 152, 152
411483.3.peg.2429.site.48, 4, 147, 151
411483.3.peg.2429.site.49, 3, 148, 151
411483.3.peg.2429.site.50, 22, 149, 171
411483.3.peg.2429.site.51, 154, 154, 308
411483.3.peg.2358.site.1, 2, 155, 157
411483.3.peg.2358.site.2, 0, 154, 154
411483.3.peg.2358.site.3, 1, 152, 153
411483.3.peg.2358.site.4, 1, 153, 154
411483.3.peg.2358.site.5, 1, 155, 156
411483.3.peg.2358.site.6, 2, 155, 157
411483.3.peg.2358.site.7, 0, 151, 151
411483.3.peg.2358.site.8, 6, 154, 160
411483.3.peg.2358.site.9, 0, 153, 153
411483.3.peg.2358.site.10, 26, 146, 172
411483.3.peg.2358.site.11, 0, 153, 153
411483.3.peg.2358.site.12, 2, 154, 156
411483.3.peg.2358.site.13, 0, 154, 154
411483.3.peg.2358.site.14, 38, 148, 186
411483.3.peg.2358.site.15, 5, 155, 160
411483.3.peg.2358.site.16, 18, 147, 165
411483.3.peg.2358.site.17, 17, 147, 164
411483.3.peg.2358.site.18, 2, 155, 157
411483.3.peg.2358.site.19, 2, 154, 156
411483.3.peg.2358.site.20, 0, 153, 153
411483.3.peg.2358.site.21, 34, 149, 183
411483.3.peg.2358.site.22, 1, 151, 152
411483.3.peg.2358.site.23, 7, 154, 161
411483.3.peg.2353.site.1, 5, 124, 129
411483.3.peg.2353.site.2, 0, 147, 147
411483.3.peg.2353.site.3, 2, 147, 149
411483.3.peg.2353.site.4, 11, 154, 165
411483.3.peg.2353.site.5, 1, 154, 155
411483.3.peg.2353.site.6, 2, 153, 155
411483.3.peg.2353.site.7, 2, 154, 156
411483.3.peg.2353.site.8, 2, 154, 156
411483.3.peg.2353.site.9, 1, 155, 156
411483.3.peg.2353.site.10, 2, 141, 143
411483.3.peg.2353.site.11, 2, 153, 155
411483.3.peg.2353.site.12, 4, 152, 156
411483.3.peg.2353.site.13, 4, 153, 157
411483.3.peg.2353.site.14, 23, 151, 174
411483.3.peg.2353.site.15, 1, 155, 156
411483.3.peg.2353.site.16, 6, 154, 160
411483.3.peg.2353.site.17, 0, 149, 149
411483.3.peg.2353.site.18, 15, 150, 165
411483.3.peg.2353.site.19, 1, 149, 150
411483.3.peg.2353.site.20, 2, 147, 149
411483.3.peg.2353.site.21, 10, 151, 161
411483.3.peg.2353.site.22, 7, 150, 157
411483.3.peg.2353.site.23, 4, 151, 155
411483.3.peg.2353.site.24, 4, 155, 159
411483.3.peg.2353.site.25, 4, 155, 159
411483.3.peg.2353.site.26, 2, 153, 155
411483.3.peg.2353.site.27, 36, 144, 180
411483.3.peg.2353.site.28, 5, 154, 159
411483.3.peg.2353.site.29, 20, 151, 171
411483.3.peg.2353.site.30, 3, 152, 155
411483.3.peg.2353.site.31, 1, 151, 152
411483.3.peg.2353.site.32, 102, 146, 248
411483.3.peg.2353.site.33, 3, 150, 153
411483.3.peg.2353.site.34, 1, 155, 156
411483.3.peg.2353.site.35, 1, 153, 154
411483.3.peg.2353.site.36, 1, 153, 154
411483.3.peg.2353.site.37, 2, 154, 156
411483.3.peg.2353.site.38, 1, 153, 154
411483.3.peg.2353.site.39, 0, 155, 155
411483.3.peg.2353.site.40, 3, 154, 157
411483.3.peg.2353.site.41, 154, 154, 308
411483.3.peg.2353.site.42, 2, 153, 155
411483.3.peg.2353.site.43, 2, 153, 155
411483.3.peg.2353.site.44, 4, 152, 156
411483.3.peg.2353.site.45, 1, 150, 151
411483.3.peg.2353.site.46, 5, 139, 144
411483.3.peg.2353.site.47, 3, 133, 136
411483.3.peg.2353.site.48, 1, 117, 118
411483.3.peg.2353.site.49, 3, 118, 121
411483.3.peg.2353.site.50, 1, 133, 134
411483.3.peg.2353.site.51, 5, 133, 138
411483.3.peg.2353.site.52, 1, 131, 132
411483.3.peg.2353.site.53, 9, 133, 142
411483.3.peg.2353.site.54, 3, 137, 140
411483.3.peg.2353.site.55, 65, 139, 204
411483.3.peg.2353.site.56, 54, 135, 189
411483.3.peg.2353.site.57, 1, 143, 144
411483.3.peg.2353.site.58, 0, 143, 143
411483.3.peg.2353.site.59, 5, 141, 146
411483.3.peg.2353.site.60, 4, 146, 150
411483.3.peg.2353.site.61, 0, 150, 150
411483.3.peg.2353.site.62, 65, 142, 207
411483.3.peg.2353.site.63, 2, 151, 153
411483.3.peg.2353.site.64, 16, 151, 167
411483.3.peg.2353.site.65, 28, 138, 166
411483.3.peg.2353.site.66, 0, 147, 147
411483.3.peg.2353.site.67, 25, 147, 172
411483.3.peg.2353.site.68, 2, 147, 149
411483.3.peg.2353.site.69, 9, 149, 158
411483.3.peg.2353.site.70, 39, 138, 177
411483.3.peg.2353.site.71, 2, 145, 147
411483.3.peg.2353.site.72, 2, 143, 145
411483.3.peg.2353.site.73, 3, 130, 133
411483.3.peg.2353.site.74, 3, 141, 144
411483.3.peg.2353.site.75, 2, 144, 146
411483.3.peg.2353.site.76, 12, 142, 154
411483.3.peg.2353.site.77, 5, 149, 154
411483.3.peg.2353.site.78, 4, 149, 153
411483.3.peg.2353.site.79, 10, 146, 156
411483.3.peg.2353.site.80, 1, 146, 147
411483.3.peg.2353.site.81, 140, 140, 280
411483.3.peg.2353.site.82, 3, 139, 142
411483.3.peg.2353.site.83, 4, 131, 135
411483.3.peg.2353.site.84, 100, 130, 230
411483.3.peg.2353.site.85, 4, 117, 121
411483.3.peg.2353.site.86, 4, 113, 117
411483.3.peg.2352.site.1, 153, 153, 306
411483.3.peg.2352.site.2, 1, 153, 154
411483.3.peg.2352.site.3, 1, 146, 147
411483.3.peg.2352.site.4, 1, 142, 143
411483.3.peg.2352.site.5, 143, 143, 286
411483.3.peg.2352.site.6, 51, 123, 174
411483.3.peg.2352.site.7, 4, 136, 140
411483.3.peg.2352.site.8, 1, 136, 137
411483.3.peg.2352.site.9, 15, 142, 157
411483.3.peg.2352.site.10, 32, 127, 159
411483.3.peg.2352.site.11, 0, 136, 136
411483.3.peg.2352.site.12, 1, 130, 131
411483.3.peg.2352.site.13, 1, 134, 135
411483.3.peg.2352.site.14, 8, 109, 117
411483.3.peg.2352.site.15, 10, 115, 125
411483.3.peg.2352.site.16, 5, 116, 121
411483.3.peg.2352.site.17, 1, 113, 114
411483.3.peg.2352.site.18, 11, 110, 121
411483.3.peg.2352.site.19, 1, 117, 118
411483.3.peg.2352.site.20, 1, 113, 114
411483.3.peg.2352.site.21, 108, 109, 217
411483.3.peg.2352.site.22, 1, 118, 119
411483.3.peg.2352.site.23, 2, 116, 118
411483.3.peg.2352.site.24, 7, 118, 125
411483.3.peg.2352.site.25, 8, 122, 130
411483.3.peg.2352.site.26, 1, 136, 137
411483.3.peg.2352.site.27, 2, 134, 136
411483.3.peg.2352.site.28, 1, 139, 140
411483.3.peg.2352.site.29, 34, 141, 175
411483.3.peg.2352.site.30, 141, 144, 285
411483.3.peg.2352.site.31, 3, 152, 155
411483.3.peg.2352.site.32, 7, 152, 159
411483.3.peg.2352.site.33, 2, 153, 155
411483.3.peg.2352.site.34, 3, 154, 157
411483.3.peg.2352.site.35, 1, 155, 156
411483.3.peg.2352.site.36, 1, 154, 155
411483.3.peg.2352.site.37, 26, 150, 176
411483.3.peg.2352.site.38, 1, 149, 150
411483.3.peg.2352.site.39, 19, 137, 156
411483.3.peg.2352.site.40, 4, 138, 142
411483.3.peg.2352.site.41, 19, 124, 143
411483.3.peg.2352.site.42, 2, 153, 155
411483.3.peg.2351.site.1, 2, 122, 124
411483.3.peg.2351.site.2, 4, 117, 121
411483.3.peg.2351.site.3, 5, 117, 122
411483.3.peg.2351.site.4, 4, 113, 117
411483.3.peg.2351.site.5, 2, 92, 94
411483.3.peg.2351.site.6, 1, 97, 98
411483.3.peg.2351.site.7, 0, 103, 103
411483.3.peg.2351.site.8, 19, 97, 116
411483.3.peg.2351.site.9, 5, 109, 114
411483.3.peg.2351.site.10, 4, 98, 102
411483.3.peg.2351.site.11, 1, 101, 102
411483.3.peg.2351.site.12, 64, 90, 154
411483.3.peg.2351.site.13, 3, 104, 107
411483.3.peg.2351.site.14, 9, 109, 118
411483.3.peg.2351.site.15, 3, 114, 117
411483.3.peg.2351.site.16, 2, 118, 120
411483.3.peg.2351.site.17, 3, 114, 117
411483.3.peg.2351.site.18, 0, 114, 114
411483.3.peg.2351.site.19, 5, 111, 116
411483.3.peg.2351.site.20, 2, 113, 115
411483.3.peg.2351.site.21, 1, 110, 111
411483.3.peg.2351.site.22, 3, 117, 120
411483.3.peg.2351.site.23, 2, 120, 122
411483.3.peg.2351.site.24, 8, 118, 126
411483.3.peg.2351.site.25, 0, 122, 122
411483.3.peg.2351.site.26, 16, 120, 136
411483.3.peg.2351.site.27, 1, 136, 137
411483.3.peg.2351.site.28, 0, 141, 141
411483.3.peg.2351.site.29, 2, 136, 138
411483.3.peg.2351.site.30, 5, 141, 146
411483.3.peg.2351.site.31, 0, 144, 144
411483.3.peg.2351.site.32, 2, 145, 147
411483.3.peg.2351.site.33, 8, 150, 158
411483.3.peg.2351.site.34, 7, 149, 156
411483.3.peg.2351.site.35, 5, 143, 148
411483.3.peg.2351.site.36, 58, 140, 198
411483.3.peg.2351.site.37, 8, 141, 149
411483.3.peg.2351.site.38, 4, 144, 148
411483.3.peg.2351.site.39, 0, 97, 97
411483.3.peg.2351.site.40, 2, 102, 104
411483.3.peg.2351.site.41, 4, 111, 115
411483.3.peg.2351.site.42, 9, 110, 119
411483.3.peg.2351.site.43, 0, 111, 111
411483.3.peg.2351.site.44, 3, 113, 116
411483.3.peg.2351.site.45, 7, 104, 111
411483.3.peg.2351.site.46, 3, 119, 122
411483.3.peg.2351.site.47, 2, 104, 106
411483.3.peg.2351.site.48, 0, 113, 113
411483.3.peg.2351.site.49, 48, 114, 162
411483.3.peg.2351.site.50, 46, 116, 162
411483.3.peg.2351.site.51, 1, 130, 131
411483.3.peg.2351.site.52, 2, 131, 133
411483.3.peg.2351.site.53, 4, 130, 134
411483.3.peg.2351.site.54, 1, 129, 130
411483.3.peg.2351.site.55, 29, 124, 153
411483.3.peg.2351.site.56, 4, 132, 136
411483.3.peg.2351.site.57, 6, 137, 143
411483.3.peg.2351.site.58, 3, 134, 137
411483.3.peg.2351.site.59, 7, 131, 138
411483.3.peg.2351.site.60, 23, 136, 159
411483.3.peg.2351.site.61, 2, 130, 132
411483.3.peg.2351.site.62, 1, 127, 128
411483.3.peg.2351.site.63, 7, 130, 137
411483.3.peg.2351.site.64, 94, 117, 211
411483.3.peg.2351.site.65, 0, 110, 110
411483.3.peg.2351.site.66, 59, 97, 156
411483.3.peg.2351.site.67, 1, 108, 109
411483.3.peg.2351.site.68, 48, 92, 140
411483.3.peg.2351.site.69, 25, 106, 131
411483.3.peg.2351.site.70, 10, 116, 126
411483.3.peg.2351.site.71, 1, 109, 110
411483.3.peg.2350.site.1, 1, 155, 156
411483.3.peg.2350.site.2, 1, 155, 156
411483.3.peg.2350.site.3, 5, 153, 158
411483.3.peg.2350.site.4, 1, 155, 156
411483.3.peg.2350.site.5, 4, 155, 159
411483.3.peg.2350.site.6, 3, 155, 158
411483.3.peg.2350.site.7, 2, 155, 157
411483.3.peg.2350.site.8, 1, 154, 155
411483.3.peg.2350.site.9, 71, 146, 217
411483.3.peg.2350.site.10, 69, 148, 217
411483.3.peg.2350.site.11, 7, 153, 160
411483.3.peg.2350.site.12, 80, 149, 229
411483.3.peg.2350.site.13, 18, 149, 167
411483.3.peg.2350.site.14, 0, 154, 154
411483.3.peg.2350.site.15, 3, 154, 157
411483.3.peg.2350.site.16, 0, 153, 153
411483.3.peg.2350.site.17, 6, 152, 158
411483.3.peg.2350.site.18, 3, 153, 156
411483.3.peg.2350.site.19, 2, 155, 157
411483.3.peg.2350.site.20, 1, 149, 150
411483.3.peg.2350.site.21, 123, 151, 274
411483.3.peg.2350.site.22, 13, 154, 167
411483.3.peg.2350.site.23, 2, 154, 156
411483.3.peg.2350.site.24, 3, 151, 154
411483.3.peg.2350.site.25, 17, 143, 160
411483.3.peg.2350.site.26, 20, 136, 156
411483.3.peg.2350.site.27, 6, 133, 139
411483.3.peg.2350.site.28, 83, 113, 196
411483.3.peg.2350.site.29, 28, 113, 141
411483.3.peg.2350.site.30, 2, 119, 121
411483.3.peg.2350.site.31, 12, 133, 145
411483.3.peg.2357.site.1, 16, 151, 167
411483.3.peg.2357.site.2, 2, 155, 157
411483.3.peg.2357.site.3, 20, 148, 168
411483.3.peg.2357.site.4, 13, 152, 165
411483.3.peg.2357.site.5, 40, 144, 184
411483.3.peg.2357.site.6, 1, 154, 155
411483.3.peg.2357.site.7, 4, 153, 157
411483.3.peg.2357.site.8, 1, 150, 151
411483.3.peg.2357.site.9, 151, 151, 302
411483.3.peg.2357.site.10, 61, 143, 204
411483.3.peg.2357.site.11, 23, 146, 169
411483.3.peg.2357.site.12, 1, 153, 154
411483.3.peg.2357.site.13, 38, 146, 184
411483.3.peg.2357.site.14, 1, 154, 155
411483.3.peg.2357.site.15, 2, 150, 152
411483.3.peg.2357.site.16, 1, 155, 156
411483.3.peg.2357.site.17, 43, 134, 177
411483.3.peg.2357.site.18, 5, 140, 145
411483.3.peg.2357.site.19, 5, 140, 145
411483.3.peg.2357.site.20, 8, 141, 149
411483.3.peg.2357.site.21, 3, 142, 145
411483.3.peg.2357.site.22, 6, 144, 150
411483.3.peg.2357.site.23, 3, 146, 149
411483.3.peg.2357.site.24, 102, 140, 242
411483.3.peg.2357.site.25, 4, 150, 154
411483.3.peg.2357.site.26, 11, 145, 156
411483.3.peg.2357.site.27, 10, 147, 157
411483.3.peg.2357.site.28, 2, 155, 157
411483.3.peg.2357.site.29, 2, 155, 157
411483.3.peg.2357.site.30, 1, 154, 155
411483.3.peg.2357.site.31, 3, 155, 158
411483.3.peg.2357.site.32, 3, 155, 158
411483.3.peg.2357.site.33, 3, 153, 156
411483.3.peg.2357.site.34, 0, 154, 154
411483.3.peg.2357.site.35, 1, 155, 156
411483.3.peg.2357.site.36, 4, 153, 157
411483.3.peg.2357.site.37, 2, 154, 156
411483.3.peg.2357.site.38, 0, 153, 153
411483.3.peg.2357.site.39, 0, 153, 153
411483.3.peg.2357.site.40, 1, 152, 153
411483.3.peg.2357.site.41, 38, 143, 181
411483.3.peg.2357.site.42, 25, 148, 173
411483.3.peg.2357.site.43, 19, 150, 169
411483.3.peg.2357.site.44, 41, 133, 174
411483.3.peg.2357.site.45, 4, 150, 154
411483.3.peg.2357.site.46, 2, 153, 155
411483.3.peg.2357.site.47, 149, 154, 303
411483.3.peg.2357.site.48, 2, 154, 156
411483.3.peg.2357.site.49, 3, 153, 156
411483.3.peg.2357.site.50, 1, 154, 155
411483.3.peg.2357.site.51, 1, 154, 155
411483.3.peg.2357.site.52, 0, 152, 152
411483.3.peg.2357.site.53, 3, 152, 155
411483.3.peg.2357.site.54, 31, 140, 171
411483.3.peg.2357.site.55, 0, 148, 148
411483.3.peg.2357.site.56, 2, 151, 153
411483.3.peg.2357.site.57, 5, 148, 153
411483.3.peg.2357.site.58, 122, 149, 271
411483.3.peg.2357.site.59, 1, 150, 151
411483.3.peg.2357.site.60, 7, 150, 157
411483.3.peg.2357.site.61, 0, 147, 147
411483.3.peg.2357.site.62, 1, 145, 146
411483.3.peg.2357.site.63, 13, 148, 161
411483.3.peg.2357.site.64, 5, 149, 154
411483.3.peg.2357.site.65, 2, 143, 145
411483.3.peg.2357.site.66, 3, 146, 149
411483.3.peg.2357.site.67, 16, 145, 161
411483.3.peg.2357.site.68, 1, 149, 150
411483.3.peg.2357.site.69, 42, 145, 187
411483.3.peg.2357.site.70, 50, 145, 195
411483.3.peg.2357.site.71, 1, 153, 154
411483.3.peg.2357.site.72, 2, 152, 154
411483.3.peg.2357.site.73, 3, 153, 156
411483.3.peg.2357.site.74, 85, 143, 228
411483.3.peg.2357.site.75, 0, 153, 153
411483.3.peg.2357.site.76, 3, 154, 157
411483.3.peg.2357.site.77, 2, 155, 157
411483.3.peg.2357.site.78, 0, 151, 151
411483.3.peg.2357.site.79, 1, 154, 155
411483.3.peg.2357.site.80, 1, 154, 155
411483.3.peg.2357.site.81, 7, 154, 161
411483.3.peg.2357.site.82, 11, 153, 164
411483.3.peg.2357.site.83, 1, 154, 155
411483.3.peg.2357.site.84, 0, 152, 152
411483.3.peg.2357.site.85, 1, 154, 155
411483.3.peg.2357.site.86, 1, 154, 155
411483.3.peg.2357.site.87, 20, 153, 173
411483.3.peg.2357.site.88, 87, 147, 234
411483.3.peg.2357.site.89, 0, 147, 147
411483.3.peg.2357.site.90, 3, 146, 149
411483.3.peg.2357.site.91, 3, 152, 155
411483.3.peg.2357.site.92, 7, 151, 158
411483.3.peg.2357.site.93, 59, 138, 197
411483.3.peg.2357.site.94, 1, 155, 156
411483.3.peg.2357.site.95, 1, 154, 155
411483.3.peg.2357.site.96, 73, 136, 209
411483.3.peg.2357.site.97, 1, 150, 151
411483.3.peg.2357.site.98, 33, 144, 177
411483.3.peg.2357.site.99, 2, 143, 145
411483.3.peg.2357.site.100, 0, 144, 144
411483.3.peg.2357.site.101, 0, 141, 141
411483.3.peg.2357.site.102, 5, 149, 154
411483.3.peg.2357.site.103, 2, 152, 154
411483.3.peg.2357.site.104, 39, 142, 181
411483.3.peg.2357.site.105, 0, 153, 153
411483.3.peg.2357.site.106, 2, 155, 157
411483.3.peg.2357.site.107, 5, 154, 159
411483.3.peg.2357.site.108, 3, 152, 155
411483.3.peg.2357.site.109, 2, 149, 151
411483.3.peg.2357.site.110, 0, 152, 152
411483.3.peg.2357.site.111, 128, 145, 273
411483.3.peg.2357.site.112, 3, 152, 155
411483.3.peg.2357.site.113, 2, 153, 155
411483.3.peg.2357.site.114, 19, 149, 168
411483.3.peg.2357.site.115, 13, 145, 158
411483.3.peg.2357.site.116, 4, 149, 153
411483.3.peg.2357.site.117, 3, 150, 153
411483.3.peg.2357.site.118, 126, 143, 269
411483.3.peg.2357.site.119, 1, 151, 152
411483.3.peg.2357.site.120, 2, 148, 150
411483.3.peg.2357.site.121, 2, 152, 154
411483.3.peg.2357.site.122, 0, 154, 154
411483.3.peg.2357.site.123, 64, 143, 207
411483.3.peg.2357.site.124, 1, 155, 156
411483.3.peg.2357.site.125, 1, 155, 156
411483.3.peg.2357.site.126, 1, 154, 155
411483.3.peg.2427.site.1, 9, 126, 135
411483.3.peg.2427.site.2, 5, 151, 156
411483.3.peg.2427.site.3, 1, 154, 155
411483.3.peg.2427.site.4, 6, 154, 160
411483.3.peg.2427.site.5, 47, 147, 194
411483.3.peg.2427.site.6, 1, 153, 154
411483.3.peg.2427.site.7, 92, 143, 235
411483.3.peg.2427.site.8, 4, 153, 157
411483.3.peg.2427.site.9, 110, 149, 259
411483.3.peg.2427.site.10, 3, 154, 157
411483.3.peg.2427.site.11, 6, 154, 160
411483.3.peg.2427.site.12, 117, 142, 259
411483.3.peg.2427.site.13, 118, 140, 258
411483.3.peg.2427.site.14, 0, 153, 153
411483.3.peg.2427.site.15, 2, 154, 156
411483.3.peg.2427.site.16, 63, 145, 208
411483.3.peg.2427.site.17, 1, 153, 154
411483.3.peg.2427.site.18, 12, 151, 163
411483.3.peg.2427.site.19, 2, 154, 156
411483.3.peg.2427.site.20, 4, 153, 157
411483.3.peg.2427.site.21, 9, 151, 160
411483.3.peg.2427.site.22, 6, 153, 159
411483.3.peg.2427.site.23, 1, 154, 155
411483.3.peg.2427.site.24, 0, 153, 153
411483.3.peg.2427.site.25, 6, 151, 157
411483.3.peg.2427.site.26, 11, 150, 161
411483.3.peg.2427.site.27, 4, 152, 156
411483.3.peg.2427.site.28, 2, 153, 155
411483.3.peg.2427.site.29, 1, 155, 156
411483.3.peg.2427.site.30, 2, 153, 155
411483.3.peg.2427.site.31, 8, 155, 163
411483.3.peg.2427.site.32, 2, 153, 155
411483.3.peg.2427.site.33, 3, 154, 157
411483.3.peg.2427.site.34, 4, 154, 158
411483.3.peg.2427.site.35, 6, 149, 155
411483.3.peg.2427.site.36, 0, 148, 148
411483.3.peg.2427.site.37, 16, 145, 161
411483.3.peg.2427.site.38, 135, 143, 278
411483.3.peg.2427.site.39, 136, 143, 279
411483.3.peg.2427.site.40, 6, 146, 152
411483.3.peg.2427.site.41, 28, 144, 172
411483.3.peg.2427.site.42, 4, 147, 151
411483.3.peg.2427.site.43, 10, 147, 157
411483.3.peg.2427.site.44, 0, 148, 148
411483.3.peg.2427.site.45, 1, 150, 151
411483.3.peg.2427.site.46, 1, 148, 149
411483.3.peg.2427.site.47, 125, 142, 267
411483.3.peg.2427.site.48, 4, 147, 151
411483.3.peg.2427.site.49, 0, 146, 146
411483.3.peg.2427.site.50, 0, 146, 146
411483.3.peg.2427.site.51, 0, 147, 147
411483.3.peg.2427.site.52, 0, 150, 150
411483.3.peg.2427.site.53, 7, 153, 160
411483.3.peg.2427.site.54, 4, 152, 156
411483.3.peg.2427.site.55, 4, 152, 156
411483.3.peg.2427.site.56, 11, 149, 160
411483.3.peg.2427.site.57, 1, 151, 152
411483.3.peg.2427.site.58, 3, 150, 153
411483.3.peg.2427.site.59, 0, 152, 152
411483.3.peg.2427.site.60, 1, 150, 151
411483.3.peg.2427.site.61, 143, 146, 289
411483.3.peg.2427.site.62, 1, 152, 153
411483.3.peg.2427.site.63, 0, 151, 151
411483.3.peg.2427.site.64, 3, 147, 150
411483.3.peg.2427.site.65, 28, 139, 167
411483.3.peg.2427.site.66, 70, 145, 215
411483.3.peg.2427.site.67, 1, 155, 156
411483.3.peg.2427.site.68, 9, 153, 162
411483.3.peg.2427.site.69, 12, 150, 162
411483.3.peg.2427.site.70, 143, 149, 292
411483.3.peg.2427.site.71, 2, 151, 153
411483.3.peg.2427.site.72, 71, 143, 214
411483.3.peg.2427.site.73, 28, 148, 176
411483.3.peg.2427.site.74, 4, 152, 156
411483.3.peg.2427.site.75, 23, 149, 172
411483.3.peg.2427.site.76, 3, 152, 155
411483.3.peg.2427.site.77, 3, 150, 153
411483.3.peg.2427.site.78, 2, 152, 154
411483.3.peg.2427.site.79, 1, 148, 149
411483.3.peg.2427.site.80, 2, 152, 154
411483.3.peg.2427.site.81, 0, 152, 152
411483.3.peg.2427.site.82, 20, 150, 170
411483.3.peg.2427.site.83, 1, 155, 156
411483.3.peg.2427.site.84, 2, 154, 156
411483.3.peg.2427.site.85, 18, 147, 165
411483.3.peg.2427.site.86, 5, 154, 159
411483.3.peg.2427.site.87, 1, 149, 150
411483.3.peg.2427.site.88, 2, 151, 153
411483.3.peg.2427.site.89, 1, 150, 151
411483.3.peg.2427.site.90, 2, 152, 154
411483.3.peg.2427.site.91, 2, 152, 154
411483.3.peg.2427.site.92, 69, 140, 209
411483.3.peg.2427.site.93, 82, 146, 228
411483.3.peg.2427.site.94, 6, 150, 156
411483.3.peg.2427.site.95, 2, 153, 155
411483.3.peg.2427.site.96, 2, 153, 155
411483.3.peg.2427.site.97, 8, 151, 159
411483.3.peg.2427.site.98, 1, 153, 154
411483.3.peg.2427.site.99, 2, 154, 156
411483.3.peg.2427.site.100, 17, 152, 169
411483.3.peg.2427.site.101, 4, 152, 156
411483.3.peg.2427.site.102, 4, 149, 153
411483.3.peg.2427.site.103, 1, 153, 154
411483.3.peg.2427.site.104, 0, 149, 149
411483.3.peg.2427.site.105, 9, 149, 158
411483.3.peg.2427.site.106, 0, 153, 153
411483.3.peg.2427.site.107, 10, 152, 162
411483.3.peg.2427.site.108, 0, 149, 149
411483.3.peg.2427.site.109, 11, 145, 156
411483.3.peg.2427.site.110, 3, 150, 153
411483.3.peg.2427.site.111, 140, 143, 283
411483.3.peg.2427.site.112, 3, 145, 148
411483.3.peg.2427.site.113, 0, 148, 148
411483.3.peg.2427.site.114, 1, 147, 148
411483.3.peg.2427.site.115, 12, 148, 160
411483.3.peg.2427.site.116, 4, 150, 154
411483.3.peg.2427.site.117, 6, 150, 156
411483.3.peg.2427.site.118, 10, 146, 156
411483.3.peg.2427.site.119, 1, 155, 156
411483.3.peg.2427.site.120, 2, 154, 156
411483.3.peg.2427.site.121, 2, 152, 154
411483.3.peg.2354.site.1, 14, 77, 91
411483.3.peg.2354.site.2, 0, 150, 150
411483.3.peg.2354.site.3, 1, 155, 156
411483.3.peg.2354.site.4, 3, 155, 158
411483.3.peg.2354.site.5, 4, 150, 154
411483.3.peg.2354.site.6, 3, 148, 151
411483.3.peg.2354.site.7, 3, 154, 157
411483.3.peg.2354.site.8, 134, 145, 279
411483.3.peg.2354.site.9, 1, 149, 150
411483.3.peg.2354.site.10, 0, 150, 150
411483.3.peg.2354.site.11, 3, 152, 155
411483.3.peg.2354.site.12, 5, 151, 156
411483.3.peg.2354.site.13, 7, 153, 160
411483.3.peg.2354.site.14, 2, 150, 152
411483.3.peg.2354.site.15, 0, 153, 153
411483.3.peg.2354.site.16, 0, 152, 152
411483.3.peg.2354.site.17, 1, 153, 154
411483.3.peg.2354.site.18, 10, 149, 159
411483.3.peg.2354.site.19, 0, 152, 152
411483.3.peg.2354.site.20, 0, 149, 149
411483.3.peg.2354.site.21, 0, 148, 148
411483.3.peg.2354.site.22, 8, 150, 158
411483.3.peg.2354.site.23, 0, 149, 149
411483.3.peg.2354.site.24, 0, 153, 153
411483.3.peg.2354.site.25, 0, 153, 153
411483.3.peg.2354.site.26, 3, 154, 157
411483.3.peg.2354.site.27, 0, 154, 154
411483.3.peg.352.site.1, 5, 135, 140
411483.3.peg.352.site.2, 10, 134, 144
411483.3.peg.352.site.3, 12, 138, 150
411483.3.peg.352.site.4, 1, 152, 153
411483.3.peg.352.site.5, 17, 151, 168
411483.3.peg.352.site.6, 0, 149, 149
411483.3.peg.352.site.7, 1, 154, 155
411483.3.peg.352.site.8, 12, 147, 159
411483.3.peg.352.site.9, 0, 148, 148
411483.3.peg.352.site.10, 0, 151, 151
411483.3.peg.352.site.11, 3, 154, 157
411483.3.peg.352.site.12, 4, 152, 156
411483.3.peg.352.site.13, 4, 153, 157
411483.3.peg.352.site.14, 6, 147, 153
411483.3.peg.352.site.15, 1, 148, 149
411483.3.peg.352.site.16, 0, 150, 150
411483.3.peg.352.site.17, 0, 147, 147
411483.3.peg.352.site.18, 1, 147, 148
411483.3.peg.352.site.19, 3, 145, 148
411483.3.peg.352.site.20, 0, 141, 141
411483.3.peg.352.site.21, 0, 143, 143
411483.3.peg.352.site.22, 0, 144, 144
411483.3.peg.352.site.23, 1, 145, 146
411483.3.peg.352.site.24, 0, 148, 148
411483.3.peg.352.site.25, 0, 149, 149
411483.3.peg.352.site.26, 5, 149, 154
411483.3.peg.352.site.27, 7, 142, 149
411483.3.peg.352.site.28, 0, 149, 149
411483.3.peg.352.site.29, 0, 150, 150
411483.3.peg.352.site.30, 1, 150, 151
411483.3.peg.352.site.31, 12, 147, 159
411483.3.peg.352.site.32, 9, 142, 151
411483.3.peg.352.site.33, 1, 150, 151
411483.3.peg.352.site.34, 1, 148, 149
411483.3.peg.352.site.35, 0, 146, 146
411483.3.peg.352.site.36, 2, 148, 150
411483.3.peg.352.site.37, 24, 141, 165
411483.3.peg.352.site.38, 0, 147, 147
411483.3.peg.352.site.39, 1, 149, 150
411483.3.peg.352.site.40, 24, 140, 164
411483.3.peg.352.site.41, 2, 147, 149
411483.3.peg.352.site.42, 3, 143, 146
411483.3.peg.352.site.43, 58, 130, 188
411483.3.peg.352.site.44, 1, 142, 143
411483.3.peg.352.site.45, 12, 130, 142
411483.3.peg.352.site.46, 108, 127, 235
411483.3.peg.352.site.47, 9, 124, 133
411483.3.peg.352.site.48, 13, 135, 148
411483.3.peg.352.site.49, 16, 140, 156
411483.3.peg.352.site.50, 3, 136, 139
411483.3.peg.352.site.51, 134, 137, 271
411483.3.peg.352.site.52, 2, 137, 139
411483.3.peg.352.site.53, 2, 140, 142
411483.3.peg.352.site.54, 3, 146, 149
411483.3.peg.352.site.55, 0, 144, 144
411483.3.peg.352.site.56, 7, 146, 153
411483.3.peg.352.site.57, 1, 151, 152
411483.3.peg.352.site.58, 9, 154, 163
411483.3.peg.352.site.59, 14, 150, 164
411483.3.peg.352.site.60, 88, 146, 234
411483.3.peg.352.site.61, 0, 147, 147
411483.3.peg.352.site.62, 15, 149, 164
411483.3.peg.352.site.63, 0, 146, 146
411483.3.peg.352.site.64, 2, 150, 152
411483.3.peg.352.site.65, 1, 152, 153
411483.3.peg.352.site.66, 7, 151, 158
411483.3.peg.352.site.67, 0, 151, 151
411483.3.peg.352.site.68, 3, 149, 152
411483.3.peg.352.site.69, 1, 151, 152
411483.3.peg.352.site.70, 0, 151, 151
411483.3.peg.352.site.71, 2, 144, 146
411483.3.peg.352.site.72, 3, 153, 156
411483.3.peg.352.site.73, 0, 152, 152
411483.3.peg.352.site.74, 1, 152, 153
411483.3.peg.352.site.75, 35, 135, 170
411483.3.peg.352.site.76, 1, 151, 152
411483.3.peg.352.site.77, 0, 153, 153
411483.3.peg.352.site.78, 0, 150, 150
411483.3.peg.352.site.79, 0, 150, 150
411483.3.peg.352.site.80, 13, 143, 156
411483.3.peg.352.site.81, 2, 150, 152
411483.3.peg.352.site.82, 2, 150, 152
411483.3.peg.352.site.83, 3, 147, 150
411483.3.peg.352.site.84, 2, 149, 151
411483.3.peg.352.site.85, 28, 141, 169
411483.3.peg.352.site.86, 1, 147, 148
411483.3.peg.352.site.87, 3, 147, 150
411483.3.peg.352.site.88, 59, 137, 196
411483.3.peg.352.site.89, 0, 143, 143
411483.3.peg.352.site.90, 3, 148, 151
411483.3.peg.352.site.91, 7, 139, 146
411483.3.peg.352.site.92, 1, 138, 139
411483.3.peg.352.site.93, 2, 114, 116
411483.3.peg.352.site.94, 2, 96, 98
411483.3.peg.352.site.95, 90, 90, 180
411483.3.peg.352.site.96, 12, 96, 108
411483.3.peg.352.site.97, 14, 111, 125
411483.3.peg.352.site.98, 32, 136, 168
411483.3.peg.352.site.99, 6, 139, 145
411483.3.peg.352.site.100, 12, 142, 154
411483.3.peg.352.site.101, 1, 141, 142
411483.3.peg.352.site.102, 8, 148, 156
411483.3.peg.352.site.103, 0, 146, 146
411483.3.peg.352.site.104, 0, 146, 146
411483.3.peg.352.site.105, 2, 148, 150
411483.3.peg.352.site.106, 7, 146, 153
411483.3.peg.352.site.107, 1, 151, 152
411483.3.peg.352.site.108, 5, 148, 153
411483.3.peg.352.site.109, 1, 152, 153
411483.3.peg.352.site.110, 7, 152, 159
411483.3.peg.352.site.111, 4, 147, 151
411483.3.peg.352.site.112, 71, 141, 212
411483.3.peg.352.site.113, 1, 153, 154
411483.3.peg.352.site.114, 8, 154, 162
411483.3.peg.352.site.115, 16, 153, 169
411483.3.peg.352.site.116, 2, 154, 156
411483.3.peg.352.site.117, 7, 153, 160
411483.3.peg.352.site.118, 1, 155, 156
411483.3.peg.352.site.119, 21, 151, 172
411483.3.peg.352.site.120, 101, 150, 251
411483.3.peg.2643.site.1, 2, 149, 151
411483.3.peg.2643.site.2, 6, 150, 156
411483.3.peg.2643.site.3, 0, 152, 152
411483.3.peg.2643.site.4, 9, 151, 160
411483.3.peg.2643.site.5, 1, 151, 152
411483.3.peg.2643.site.6, 3, 150, 153
411483.3.peg.2643.site.7, 22, 144, 166
411483.3.peg.2643.site.8, 2, 154, 156
411483.3.peg.2643.site.9, 0, 153, 153
411483.3.peg.2643.site.10, 5, 153, 158
411483.3.peg.2643.site.11, 1, 154, 155
411483.3.peg.2643.site.12, 25, 143, 168
411483.3.peg.2643.site.13, 2, 153, 155
411483.3.peg.2643.site.14, 0, 152, 152
411483.3.peg.2643.site.15, 2, 151, 153
411483.3.peg.2643.site.16, 9, 149, 158
411483.3.peg.2643.site.17, 1, 151, 152
411483.3.peg.2643.site.18, 1, 148, 149
411483.3.peg.2643.site.19, 3, 146, 149
411483.3.peg.2643.site.20, 5, 147, 152
411483.3.peg.2643.site.21, 2, 147, 149
411483.3.peg.2643.site.22, 8, 147, 155
411483.3.peg.2643.site.23, 138, 138, 276
411483.3.peg.2643.site.24, 104, 125, 229
411483.3.peg.2643.site.25, 39, 118, 157
411483.3.peg.2643.site.26, 19, 115, 134
411483.3.peg.2643.site.27, 16, 124, 140
411483.3.peg.2643.site.28, 2, 132, 134
411483.3.peg.2643.site.29, 4, 137, 141
411483.3.peg.2643.site.30, 1, 148, 149
411483.3.peg.2643.site.31, 4, 145, 149
411483.3.peg.2643.site.32, 3, 151, 154
411483.3.peg.2643.site.33, 4, 150, 154
411483.3.peg.2643.site.34, 22, 142, 164
411483.3.peg.2643.site.35, 6, 152, 158
411483.3.peg.2643.site.36, 13, 154, 167
411483.3.peg.2643.site.37, 2, 131, 133
411483.3.peg.2643.site.38, 1, 127, 128
411483.3.peg.2643.site.39, 4, 146, 150
411483.3.peg.2643.site.40, 4, 143, 147
411483.3.peg.2643.site.41, 89, 100, 189
411483.3.peg.2643.site.42, 58, 87, 145
411483.3.peg.2643.site.43, 1, 91, 92
411483.3.peg.2643.site.44, 57, 81, 138
411483.3.peg.2643.site.45, 68, 91, 159
411483.3.peg.2643.site.46, 28, 95, 123
411483.3.peg.2643.site.47, 3, 129, 132
411483.3.peg.2643.site.48, 22, 126, 148
411483.3.peg.2643.site.49, 3, 146, 149
411483.3.peg.2643.site.50, 3, 149, 152
411483.3.peg.2643.site.51, 3, 148, 151
411483.3.peg.2643.site.52, 15, 146, 161
411483.3.peg.2643.site.53, 2, 148, 150
411483.3.peg.2643.site.54, 6, 149, 155
411483.3.peg.2643.site.55, 0, 144, 144
411483.3.peg.2643.site.56, 5, 149, 154
411483.3.peg.2643.site.57, 0, 150, 150
411483.3.peg.2643.site.58, 0, 148, 148
411483.3.peg.2643.site.59, 0, 152, 152
411483.3.peg.2643.site.60, 4, 151, 155
411483.3.peg.2643.site.61, 58, 141, 199
411483.3.peg.2643.site.62, 2, 148, 150
411483.3.peg.2643.site.63, 2, 151, 153
411483.3.peg.2643.site.64, 41, 142, 183
411483.3.peg.2643.site.65, 45, 142, 187
411483.3.peg.2643.site.66, 0, 145, 145
411483.3.peg.2643.site.67, 6, 149, 155
411483.3.peg.2643.site.68, 146, 147, 293
411483.3.peg.2642.site.1, 4, 144, 148
411483.3.peg.2642.site.2, 2, 145, 147
411483.3.peg.2642.site.3, 4, 143, 147
411483.3.peg.2642.site.4, 1, 144, 145
411483.3.peg.2642.site.5, 13, 135, 148
411483.3.peg.2642.site.6, 0, 131, 131
411483.3.peg.2642.site.7, 7, 133, 140
411483.3.peg.2642.site.8, 3, 116, 119
411483.3.peg.2642.site.9, 2, 134, 136
411483.3.peg.2642.site.10, 1, 147, 148
411483.3.peg.2642.site.11, 1, 152, 153
411483.3.peg.2642.site.12, 0, 148, 148
411483.3.peg.2642.site.13, 3, 149, 152
411483.3.peg.2642.site.14, 62, 133, 195
411483.3.peg.2642.site.15, 2, 149, 151
411483.3.peg.2642.site.16, 3, 150, 153
411483.3.peg.2642.site.17, 1, 150, 151
411483.3.peg.2642.site.18, 17, 147, 164
411483.3.peg.2642.site.19, 0, 151, 151
411483.3.peg.2642.site.20, 1, 150, 151
411483.3.peg.2642.site.21, 4, 153, 157
411483.3.peg.2642.site.22, 123, 143, 266
411483.3.peg.2642.site.23, 3, 150, 153
411483.3.peg.2642.site.24, 14, 145, 159
411483.3.peg.2642.site.25, 3, 149, 152
411483.3.peg.2642.site.26, 0, 150, 150
411483.3.peg.2642.site.27, 3, 148, 151
411483.3.peg.2642.site.28, 7, 150, 157
411483.3.peg.2642.site.29, 48, 140, 188
411483.3.peg.2642.site.30, 2, 151, 153
411483.3.peg.2642.site.31, 137, 149, 286
411483.3.peg.2642.site.32, 1, 152, 153
411483.3.peg.2642.site.33, 1, 152, 153
411483.3.peg.2642.site.34, 4, 151, 155
411483.3.peg.2642.site.35, 17, 153, 170
411483.3.peg.2642.site.36, 2, 152, 154
411483.3.peg.2642.site.37, 3, 152, 155
411483.3.peg.2642.site.38, 2, 154, 156
411483.3.peg.2642.site.39, 22, 143, 165
411483.3.peg.2642.site.40, 142, 148, 290
411483.3.peg.2642.site.41, 1, 151, 152
411483.3.peg.2642.site.42, 3, 152, 155
411483.3.peg.2642.site.43, 1, 141, 142
411483.3.peg.2642.site.44, 4, 137, 141
411483.3.peg.2642.site.45, 85, 122, 207
411483.3.peg.2642.site.46, 1, 127, 128
411483.3.peg.2642.site.47, 30, 113, 143
411483.3.peg.2642.site.48, 86, 131, 217
411483.3.peg.2642.site.49, 5, 133, 138
411483.3.peg.2642.site.50, 3, 143, 146
411483.3.peg.2642.site.51, 5, 148, 153
411483.3.peg.2642.site.52, 1, 149, 150
411483.3.peg.2642.site.53, 10, 146, 156
411483.3.peg.2642.site.54, 26, 149, 175
411483.3.peg.2642.site.55, 1, 146, 147
411483.3.peg.2642.site.56, 144, 146, 290
411483.3.peg.2642.site.57, 1, 148, 149
411483.3.peg.2642.site.58, 142, 147, 289
411483.3.peg.2642.site.59, 5, 148, 153
411483.3.peg.2642.site.60, 1, 149, 150
411483.3.peg.2642.site.61, 72, 138, 210
411483.3.peg.2642.site.62, 69, 140, 209
411483.3.peg.2642.site.63, 0, 149, 149
411483.3.peg.2642.site.64, 9, 151, 160
411483.3.peg.2642.site.65, 5, 152, 157
411483.3.peg.2642.site.66, 4, 148, 152
411483.3.peg.2642.site.67, 6, 151, 157
411483.3.peg.2642.site.68, 15, 144, 159
411483.3.peg.2642.site.69, 1, 148, 149
411483.3.peg.2642.site.70, 7, 148, 155
411483.3.peg.2642.site.71, 1, 146, 147
411483.3.peg.2642.site.72, 9, 145, 154
411483.3.peg.2642.site.73, 144, 145, 289
411483.3.peg.2642.site.74, 1, 141, 142
411483.3.peg.2642.site.75, 26, 135, 161
411483.3.peg.2642.site.76, 8, 136, 144
411483.3.peg.2642.site.77, 4, 137, 141
411483.3.peg.2642.site.78, 90, 122, 212
411483.3.peg.2642.site.79, 6, 126, 132
411483.3.peg.2642.site.80, 7, 130, 137
411483.3.peg.2642.site.81, 2, 135, 137
411483.3.peg.2642.site.82, 5, 138, 143
411483.3.peg.2642.site.83, 29, 135, 164
411483.3.peg.2642.site.84, 2, 142, 144
411483.3.peg.2642.site.85, 0, 145, 145
411483.3.peg.2642.site.86, 1, 143, 144
411483.3.peg.2642.site.87, 37, 134, 171
411483.3.peg.2642.site.88, 4, 140, 144
411483.3.peg.2642.site.89, 4, 146, 150
411483.3.peg.2642.site.90, 0, 145, 145
411483.3.peg.2642.site.91, 16, 133, 149
411483.3.peg.2642.site.92, 145, 145, 290
411483.3.peg.2642.site.93, 3, 144, 147
411483.3.peg.2642.site.94, 93, 123, 216
411483.3.peg.2642.site.95, 9, 136, 145
411483.3.peg.2642.site.96, 6, 142, 148
411483.3.peg.2642.site.97, 144, 144, 288
411483.3.peg.2642.site.98, 3, 142, 145
411483.3.peg.2642.site.99, 5, 146, 151
411483.3.peg.2642.site.100, 1, 151, 152
411483.3.peg.1338.site.1, 1, 154, 155
411483.3.peg.1338.site.2, 3, 154, 157
411483.3.peg.1338.site.3, 3, 154, 157
411483.3.peg.1338.site.4, 3, 152, 155
411483.3.peg.1338.site.5, 1, 153, 154
411483.3.peg.1338.site.6, 7, 152, 159
411483.3.peg.1338.site.7, 1, 155, 156
411483.3.peg.1338.site.8, 0, 155, 155
411483.3.peg.1338.site.9, 3, 155, 158
411483.3.peg.1338.site.10, 8, 153, 161
411483.3.peg.1338.site.11, 7, 152, 159
411483.3.peg.1338.site.12, 110, 139, 249
411483.3.peg.1338.site.13, 5, 149, 154
411483.3.peg.1338.site.14, 7, 147, 154
411483.3.peg.1338.site.15, 2, 151, 153
411483.3.peg.1338.site.16, 1, 150, 151
411483.3.peg.1338.site.17, 2, 150, 152
411483.3.peg.1338.site.18, 2, 151, 153
411483.3.peg.1338.site.19, 7, 150, 157
411483.3.peg.1338.site.20, 0, 150, 150
411483.3.peg.1338.site.21, 2, 152, 154
411483.3.peg.1338.site.22, 27, 142, 169
411483.3.peg.1338.site.23, 5, 155, 160
411483.3.peg.1338.site.24, 1, 154, 155
411483.3.peg.1338.site.25, 1, 154, 155
411483.3.peg.1338.site.26, 1, 152, 153
411483.3.peg.1339.site.1, 7, 146, 153
411483.3.peg.1339.site.2, 3, 152, 155
411483.3.peg.1339.site.3, 0, 151, 151
411483.3.peg.1339.site.4, 1, 153, 154
411483.3.peg.1339.site.5, 6, 154, 160
411483.3.peg.1339.site.6, 0, 151, 151
411483.3.peg.1339.site.7, 6, 149, 155
411483.3.peg.1339.site.8, 4, 147, 151
411483.3.peg.1339.site.9, 7, 147, 154
411483.3.peg.1339.site.10, 124, 137, 261
411483.3.peg.1339.site.11, 2, 151, 153
411483.3.peg.1339.site.12, 2, 147, 149
411483.3.peg.1339.site.13, 6, 133, 139
411483.3.peg.1339.site.14, 3, 127, 130
411483.3.peg.1339.site.15, 17, 124, 141
411483.3.peg.1339.site.16, 97, 122, 219
411483.3.peg.1339.site.17, 0, 128, 128
411483.3.peg.1339.site.18, 5, 135, 140
411483.3.peg.1339.site.19, 1, 147, 148
411483.3.peg.1339.site.20, 5, 144, 149
411483.3.peg.1339.site.21, 21, 139, 160
411483.3.peg.1339.site.22, 6, 143, 149
411483.3.peg.1339.site.23, 1, 147, 148
411483.3.peg.1339.site.24, 0, 146, 146
411483.3.peg.1339.site.25, 0, 147, 147
411483.3.peg.1339.site.26, 0, 147, 147
411483.3.peg.1339.site.27, 34, 141, 175
411483.3.peg.2647.site.1, 0, 149, 149
411483.3.peg.2647.site.2, 3, 149, 152
411483.3.peg.2647.site.3, 1, 150, 151
411483.3.peg.2647.site.4, 13, 143, 156
411483.3.peg.2647.site.5, 9, 141, 150
411483.3.peg.2647.site.6, 2, 140, 142
411483.3.peg.2647.site.7, 0, 141, 141
411483.3.peg.2647.site.8, 5, 141, 146
411483.3.peg.2647.site.9, 7, 146, 153
411483.3.peg.2647.site.10, 5, 140, 145
411483.3.peg.2647.site.11, 1, 138, 139
411483.3.peg.2647.site.12, 7, 137, 144
411483.3.peg.2647.site.13, 7, 133, 140
411483.3.peg.2647.site.14, 5, 113, 118
411483.3.peg.2647.site.15, 2, 105, 107
411483.3.peg.2647.site.16, 13, 114, 127
411483.3.peg.2647.site.17, 15, 104, 119
411483.3.peg.2647.site.18, 1, 100, 101
411483.3.peg.2647.site.19, 3, 96, 99
411483.3.peg.2647.site.20, 4, 93, 97
411483.3.peg.2647.site.21, 4, 91, 95
411483.3.peg.2647.site.22, 1, 95, 96
411483.3.peg.2647.site.23, 32, 86, 118
411483.3.peg.2647.site.24, 84, 84, 168
411483.3.peg.2647.site.25, 3, 91, 94
411483.3.peg.2647.site.26, 6, 89, 95
411483.3.peg.2647.site.27, 1, 85, 86
411483.3.peg.2647.site.28, 18, 82, 100
411483.3.peg.2647.site.29, 11, 86, 97
411483.3.peg.2647.site.30, 1, 90, 91
411483.3.peg.2647.site.31, 3, 88, 91
411483.3.peg.2647.site.32, 4, 95, 99
411483.3.peg.2647.site.33, 5, 97, 102
411483.3.peg.2647.site.34, 1, 107, 108
411483.3.peg.2647.site.35, 1, 106, 107
411483.3.peg.2647.site.36, 1, 106, 107
411483.3.peg.2647.site.37, 28, 95, 123
411483.3.peg.2647.site.38, 10, 105, 115
411483.3.peg.2647.site.39, 37, 98, 135
411483.3.peg.2647.site.40, 1, 99, 100
411483.3.peg.2647.site.41, 1, 92, 93
411483.3.peg.2647.site.42, 1, 107, 108
411483.3.peg.2647.site.43, 3, 117, 120
411483.3.peg.2647.site.44, 1, 119, 120
411483.3.peg.2647.site.45, 101, 113, 214
411483.3.peg.2647.site.46, 3, 122, 125
411483.3.peg.2647.site.47, 2, 135, 137
411483.3.peg.2647.site.48, 21, 128, 149
411483.3.peg.2647.site.49, 13, 132, 145
411483.3.peg.2647.site.50, 118, 132, 250
411483.3.peg.2647.site.51, 0, 132, 132
411483.3.peg.2647.site.52, 5, 135, 140
411483.3.peg.2647.site.53, 10, 140, 150
411483.3.peg.2647.site.54, 5, 140, 145
411483.3.peg.2647.site.55, 4, 141, 145
411483.3.peg.2647.site.56, 1, 143, 144
411483.3.peg.2647.site.57, 46, 132, 178
411483.3.peg.2647.site.58, 8, 146, 154
411483.3.peg.2647.site.59, 1, 145, 146
411483.3.peg.2647.site.60, 1, 140, 141
411483.3.peg.2647.site.61, 2, 149, 151
411483.3.peg.2647.site.62, 0, 145, 145
411483.3.peg.2647.site.63, 0, 145, 145
411483.3.peg.2647.site.64, 3, 149, 152
411483.3.peg.2647.site.65, 5, 145, 150
411483.3.peg.2647.site.66, 1, 149, 150
411483.3.peg.2647.site.67, 7, 145, 152
411483.3.peg.2647.site.68, 6, 149, 155
411483.3.peg.2647.site.69, 1, 152, 153
411483.3.peg.2647.site.70, 36, 140, 176
411483.3.peg.2647.site.71, 6, 145, 151
411483.3.peg.2647.site.72, 26, 137, 163
411483.3.peg.2647.site.73, 32, 138, 170
411483.3.peg.2647.site.74, 38, 134, 172
411483.3.peg.2647.site.75, 38, 132, 170
411483.3.peg.2647.site.76, 40, 136, 176
411483.3.peg.2647.site.77, 1, 147, 148
411483.3.peg.2647.site.78, 1, 146, 147
411483.3.peg.2647.site.79, 1, 147, 148
411483.3.peg.2647.site.80, 1, 145, 146
411483.3.peg.2647.site.81, 97, 138, 235
411483.3.peg.2647.site.82, 112, 145, 257
411483.3.peg.2647.site.83, 1, 147, 148
411483.3.peg.2647.site.84, 3, 142, 145
411483.3.peg.2647.site.85, 0, 146, 146
411483.3.peg.2647.site.86, 0, 146, 146
411483.3.peg.2647.site.87, 4, 148, 152
411483.3.peg.2647.site.88, 3, 149, 152
411483.3.peg.2647.site.89, 6, 149, 155
411483.3.peg.2647.site.90, 2, 153, 155
411483.3.peg.2647.site.91, 10, 151, 161
411483.3.peg.2647.site.92, 6, 154, 160
411483.3.peg.2647.site.93, 1, 155, 156
411483.3.peg.2647.site.94, 6, 153, 159
411483.3.peg.2647.site.95, 57, 151, 208
411483.3.peg.2647.site.96, 12, 152, 164
411483.3.peg.2647.site.97, 2, 154, 156
411483.3.peg.2647.site.98, 2, 152, 154
411483.3.peg.2647.site.99, 65, 143, 208
411483.3.peg.2647.site.100, 5, 148, 153
411483.3.peg.2647.site.101, 63, 140, 203
411483.3.peg.2647.site.102, 76, 140, 216
411483.3.peg.2647.site.103, 1, 151, 152
411483.3.peg.2647.site.104, 7, 151, 158
411483.3.peg.2647.site.105, 5, 153, 158
411483.3.peg.2647.site.106, 4, 152, 156
411483.3.peg.2647.site.107, 2, 152, 154
411483.3.peg.2647.site.108, 3, 152, 155
411483.3.peg.2647.site.109, 0, 151, 151
411483.3.peg.2647.site.110, 2, 151, 153
411483.3.peg.2647.site.111, 28, 141, 169
411483.3.peg.2647.site.112, 29, 144, 173
411483.3.peg.2647.site.113, 2, 152, 154
411483.3.peg.2647.site.114, 5, 151, 156
411483.3.peg.2647.site.115, 2, 152, 154
411483.3.peg.2647.site.116, 4, 154, 158
411483.3.peg.2647.site.117, 3, 153, 156
411483.3.peg.2647.site.118, 38, 145, 183
411483.3.peg.2647.site.119, 3, 151, 154
411483.3.peg.2647.site.120, 32, 150, 182
411483.3.peg.2647.site.121, 1, 152, 153
411483.3.peg.2647.site.122, 2, 153, 155
411483.3.peg.2647.site.123, 7, 153, 160
411483.3.peg.2647.site.124, 7, 150, 157
411483.3.peg.2647.site.125, 17, 152, 169
411483.3.peg.2647.site.126, 4, 153, 157
411483.3.peg.2647.site.127, 1, 154, 155
411483.3.peg.2647.site.128, 1, 154, 155
411483.3.peg.2647.site.129, 18, 151, 169
411483.3.peg.2647.site.130, 1, 155, 156
411483.3.peg.2647.site.131, 3, 155, 158
411483.3.peg.2647.site.132, 90, 143, 233
411483.3.peg.2647.site.133, 8, 152, 160
411483.3.peg.2647.site.134, 0, 153, 153
411483.3.peg.2647.site.135, 3, 152, 155
411483.3.peg.2647.site.136, 1, 154, 155
411483.3.peg.2647.site.137, 2, 154, 156
411483.3.peg.2647.site.138, 3, 154, 157
411483.3.peg.2647.site.139, 0, 153, 153
411483.3.peg.2647.site.140, 6, 153, 159
411483.3.peg.2647.site.141, 6, 150, 156
411483.3.peg.2647.site.142, 1, 152, 153
411483.3.peg.2647.site.143, 6, 152, 158
411483.3.peg.2647.site.144, 6, 151, 157
411483.3.peg.2647.site.145, 5, 150, 155
411483.3.peg.2647.site.146, 4, 150, 154
411483.3.peg.2647.site.147, 153, 153, 306
411483.3.peg.2647.site.148, 1, 151, 152
411483.3.peg.2647.site.149, 25, 152, 177
411483.3.peg.2646.site.1, 5, 152, 157
411483.3.peg.2646.site.2, 6, 154, 160
411483.3.peg.2646.site.3, 6, 151, 157
411483.3.peg.2646.site.4, 2, 152, 154
411483.3.peg.2646.site.5, 53, 146, 199
411483.3.peg.2646.site.6, 11, 145, 156
411483.3.peg.2646.site.7, 8, 146, 154
411483.3.peg.2646.site.8, 34, 147, 181
411483.3.peg.2646.site.9, 4, 151, 155
411483.3.peg.2646.site.10, 0, 149, 149
411483.3.peg.2646.site.11, 133, 147, 280
411483.3.peg.2646.site.12, 4, 152, 156
411483.3.peg.2646.site.13, 22, 146, 168
411483.3.peg.2646.site.14, 44, 145, 189
411483.3.peg.2646.site.15, 12, 147, 159
411483.3.peg.2646.site.16, 3, 150, 153
411483.3.peg.2646.site.17, 3, 154, 157
411483.3.peg.2646.site.18, 18, 151, 169
411483.3.peg.2646.site.19, 3, 150, 153
411483.3.peg.2646.site.20, 6, 149, 155
411483.3.peg.2646.site.21, 5, 147, 152
411483.3.peg.2646.site.22, 46, 142, 188
411483.3.peg.2646.site.23, 45, 145, 190
411483.3.peg.2646.site.24, 68, 146, 214
411483.3.peg.2646.site.25, 3, 151, 154
411483.3.peg.2646.site.26, 7, 152, 159
411483.3.peg.2646.site.27, 7, 148, 155
411483.3.peg.2646.site.28, 10, 150, 160
411483.3.peg.2646.site.29, 2, 152, 154
411483.3.peg.2646.site.30, 3, 145, 148
411483.3.peg.2646.site.31, 8, 149, 157
411483.3.peg.2646.site.32, 1, 148, 149
411483.3.peg.2646.site.33, 9, 147, 156
411483.3.peg.2646.site.34, 148, 148, 296
411483.3.peg.2646.site.35, 29, 135, 164
411483.3.peg.2646.site.36, 12, 141, 153
411483.3.peg.2646.site.37, 7, 147, 154
411483.3.peg.2646.site.38, 29, 138, 167
411483.3.peg.2646.site.39, 146, 146, 292
411483.3.peg.2646.site.40, 8, 143, 151
411483.3.peg.2646.site.41, 44, 138, 182
411483.3.peg.2646.site.42, 0, 144, 144
411483.3.peg.2646.site.43, 5, 145, 150
411483.3.peg.2646.site.44, 6, 144, 150
411483.3.peg.2646.site.45, 13, 146, 159
411483.3.peg.2646.site.46, 6, 145, 151
411483.3.peg.2646.site.47, 1, 151, 152
411483.3.peg.1334.site.1, 14, 150, 164
411483.3.peg.1334.site.2, 16, 151, 167
411483.3.peg.1334.site.3, 4, 152, 156
411483.3.peg.1334.site.4, 5, 148, 153
411483.3.peg.1334.site.5, 4, 151, 155
411483.3.peg.1334.site.6, 9, 142, 151
411483.3.peg.1334.site.7, 2, 149, 151
411483.3.peg.1334.site.8, 2, 150, 152
411483.3.peg.1334.site.9, 14, 147, 161
411483.3.peg.1334.site.10, 7, 154, 161
411483.3.peg.1334.site.11, 1, 148, 149
411483.3.peg.1334.site.12, 2, 153, 155
411483.3.peg.1334.site.13, 7, 152, 159
411483.3.peg.1334.site.14, 4, 153, 157
411483.3.peg.1334.site.15, 3, 154, 157
411483.3.peg.1334.site.16, 5, 154, 159
411483.3.peg.1334.site.17, 1, 155, 156
411483.3.peg.1334.site.18, 81, 142, 223
411483.3.peg.1334.site.19, 2, 152, 154
411483.3.peg.1334.site.20, 3, 149, 152
411483.3.peg.1334.site.21, 1, 149, 150
411483.3.peg.1334.site.22, 2, 150, 152
411483.3.peg.1334.site.23, 5, 146, 151
411483.3.peg.1334.site.24, 1, 153, 154
411483.3.peg.1334.site.25, 3, 151, 154
411483.3.peg.1334.site.26, 2, 151, 153
411483.3.peg.1334.site.27, 1, 153, 154
411483.3.peg.1334.site.28, 4, 153, 157
411483.3.peg.1334.site.29, 2, 153, 155
411483.3.peg.1334.site.30, 3, 153, 156
411483.3.peg.1334.site.31, 3, 149, 152
411483.3.peg.1334.site.32, 19, 143, 162
411483.3.peg.1335.site.1, 5, 154, 159
411483.3.peg.1335.site.2, 3, 153, 156
411483.3.peg.1335.site.3, 1, 153, 154
411483.3.peg.1335.site.4, 14, 149, 163
411483.3.peg.1335.site.5, 1, 153, 154
411483.3.peg.1335.site.6, 2, 155, 157
411483.3.peg.1335.site.7, 22, 150, 172
411483.3.peg.1335.site.8, 2, 152, 154
411483.3.peg.1335.site.9, 0, 150, 150
411483.3.peg.1335.site.10, 2, 151, 153
411483.3.peg.1335.site.11, 8, 149, 157
411483.3.peg.1335.site.12, 35, 150, 185
411483.3.peg.1335.site.13, 2, 155, 157
411483.3.peg.1335.site.14, 1, 154, 155
411483.3.peg.1335.site.15, 11, 152, 163
411483.3.peg.1335.site.16, 26, 143, 169
411483.3.peg.1335.site.17, 9, 152, 161
411483.3.peg.1335.site.18, 17, 149, 166
411483.3.peg.1335.site.19, 1, 151, 152
411483.3.peg.1335.site.20, 8, 149, 157
411483.3.peg.1335.site.21, 1, 151, 152
411483.3.peg.1335.site.22, 2, 151, 153
411483.3.peg.1335.site.23, 2, 151, 153
411483.3.peg.1335.site.24, 1, 150, 151
411483.3.peg.1335.site.25, 1, 148, 149
411483.3.peg.1335.site.26, 1, 151, 152
411483.3.peg.1335.site.27, 8, 153, 161
411483.3.peg.1335.site.28, 3, 154, 157
411483.3.peg.1335.site.29, 3, 154, 157
411483.3.peg.1335.site.30, 11, 145, 156
411483.3.peg.1335.site.31, 8, 145, 153
411483.3.peg.1335.site.32, 2, 148, 150
411483.3.peg.1335.site.33, 1, 147, 148
411483.3.peg.1335.site.34, 1, 154, 155
411483.3.peg.1335.site.35, 0, 151, 151
411483.3.peg.1335.site.36, 2, 152, 154
411483.3.peg.1335.site.37, 12, 146, 158
411483.3.peg.1335.site.38, 2, 155, 157
411483.3.peg.1335.site.39, 0, 153, 153
411483.3.peg.1335.site.40, 2, 154, 156
411483.3.peg.1335.site.41, 8, 153, 161
411483.3.peg.1335.site.42, 1, 154, 155
411483.3.peg.1335.site.43, 1, 153, 154
411483.3.peg.1335.site.44, 4, 155, 159
411483.3.peg.1336.site.1, 4, 154, 158
411483.3.peg.1336.site.2, 5, 154, 159
411483.3.peg.1336.site.3, 1, 154, 155
411483.3.peg.1336.site.4, 0, 154, 154
411483.3.peg.1336.site.5, 1, 153, 154
411483.3.peg.1336.site.6, 46, 145, 191
411483.3.peg.1336.site.7, 3, 150, 153
411483.3.peg.1336.site.8, 7, 151, 158
411483.3.peg.1336.site.9, 100, 138, 238
411483.3.peg.1336.site.10, 6, 151, 157
411483.3.peg.1336.site.11, 10, 143, 153
411483.3.peg.1336.site.12, 1, 146, 147
411483.3.peg.1336.site.13, 3, 137, 140
411483.3.peg.1336.site.14, 1, 131, 132
411483.3.peg.1336.site.15, 0, 134, 134
411483.3.peg.1336.site.16, 2, 137, 139
411483.3.peg.1336.site.17, 3, 136, 139
411483.3.peg.1336.site.18, 1, 145, 146
411483.3.peg.1336.site.19, 9, 129, 138
411483.3.peg.1336.site.20, 3, 132, 135
411483.3.peg.1336.site.21, 4, 126, 130
411483.3.peg.1336.site.22, 5, 129, 134
411483.3.peg.1336.site.23, 13, 128, 141
411483.3.peg.1336.site.24, 6, 129, 135
411483.3.peg.1336.site.25, 0, 128, 128
411483.3.peg.1336.site.26, 128, 128, 256
411483.3.peg.1336.site.27, 10, 135, 145
411483.3.peg.1336.site.28, 2, 139, 141
411483.3.peg.1336.site.29, 3, 146, 149
411483.3.peg.1336.site.30, 1, 143, 144
411483.3.peg.1336.site.31, 30, 145, 175
411483.3.peg.1336.site.32, 59, 138, 197
411483.3.peg.1336.site.33, 0, 148, 148
411483.3.peg.1336.site.34, 0, 152, 152
411483.3.peg.1336.site.35, 56, 145, 201
411483.3.peg.1336.site.36, 0, 151, 151
411483.3.peg.1336.site.37, 0, 152, 152
411483.3.peg.1336.site.38, 0, 150, 150
411483.3.peg.1336.site.39, 2, 151, 153
411483.3.peg.1336.site.40, 0, 150, 150
411483.3.peg.1336.site.41, 2, 147, 149
411483.3.peg.1336.site.42, 87, 136, 223
411483.3.peg.1336.site.43, 9, 139, 148
411483.3.peg.1336.site.44, 107, 107, 214
411483.3.peg.1336.site.45, 6, 109, 115
411483.3.peg.1336.site.46, 9, 138, 147
411483.3.peg.1336.site.47, 39, 136, 175
411483.3.peg.1336.site.48, 2, 146, 148
411483.3.peg.1336.site.49, 43, 142, 185
411483.3.peg.1336.site.50, 6, 141, 147
411483.3.peg.1336.site.51, 19, 121, 140
411483.3.peg.1336.site.52, 9, 127, 136
411483.3.peg.1336.site.53, 96, 136, 232
411483.3.peg.1336.site.54, 5, 139, 144
411483.3.peg.1336.site.55, 4, 146, 150
411483.3.peg.1336.site.56, 5, 149, 154
411483.3.peg.1336.site.57, 3, 151, 154
411483.3.peg.1336.site.58, 1, 153, 154
411483.3.peg.1336.site.59, 1, 152, 153
411483.3.peg.1336.site.60, 5, 148, 153
411483.3.peg.1336.site.61, 4, 146, 150
411483.3.peg.1336.site.62, 0, 144, 144
411483.3.peg.1336.site.63, 1, 141, 142
411483.3.peg.1336.site.64, 0, 141, 141
411483.3.peg.1336.site.65, 1, 149, 150
411483.3.peg.1336.site.66, 5, 147, 152
411483.3.peg.1336.site.67, 4, 145, 149
411483.3.peg.1336.site.68, 81, 141, 222
411483.3.peg.1336.site.69, 5, 151, 156
411483.3.peg.1336.site.70, 9, 149, 158
411483.3.peg.1336.site.71, 0, 151, 151
411483.3.peg.1336.site.72, 40, 146, 186
411483.3.peg.1336.site.73, 1, 151, 152
411483.3.peg.1336.site.74, 2, 150, 152
411483.3.peg.1336.site.75, 1, 148, 149
411483.3.peg.1336.site.76, 15, 144, 159
411483.3.peg.1336.site.77, 2, 149, 151
411483.3.peg.1336.site.78, 4, 144, 148
411483.3.peg.1336.site.79, 1, 149, 150
411483.3.peg.1336.site.80, 2, 147, 149
411483.3.peg.1336.site.81, 4, 150, 154
411483.3.peg.1336.site.82, 8, 145, 153
411483.3.peg.1336.site.83, 0, 149, 149
411483.3.peg.1336.site.84, 9, 147, 156
411483.3.peg.1336.site.85, 2, 143, 145
411483.3.peg.1336.site.86, 0, 151, 151
411483.3.peg.1336.site.87, 0, 152, 152
411483.3.peg.1337.site.1, 0, 150, 150
411483.3.peg.1337.site.2, 0, 152, 152
411483.3.peg.1337.site.3, 1, 152, 153
411483.3.peg.1337.site.4, 1, 151, 152
411483.3.peg.1337.site.5, 6, 154, 160
411483.3.peg.1337.site.6, 4, 154, 158
411483.3.peg.1337.site.7, 4, 152, 156
411483.3.peg.1337.site.8, 3, 150, 153
411483.3.peg.1337.site.9, 10, 151, 161
411483.3.peg.1337.site.10, 11, 140, 151
411483.3.peg.1337.site.11, 2, 147, 149
411483.3.peg.1337.site.12, 1, 149, 150
411483.3.peg.1337.site.13, 6, 145, 151
411483.3.peg.1337.site.14, 1, 153, 154
411483.3.peg.1337.site.15, 4, 152, 156
411483.3.peg.1337.site.16, 5, 149, 154
411483.3.peg.1337.site.17, 5, 148, 153
411483.3.peg.1337.site.18, 145, 151, 296
411483.3.peg.1337.site.19, 12, 152, 164
411483.3.peg.1337.site.20, 142, 151, 293
411483.3.peg.1337.site.21, 7, 151, 158
411483.3.peg.1337.site.22, 5, 150, 155
411483.3.peg.1337.site.23, 1, 153, 154
411483.3.peg.1337.site.24, 0, 153, 153
411483.3.peg.1337.site.25, 3, 150, 153
411483.3.peg.1337.site.26, 6, 152, 158
411483.3.peg.1337.site.27, 3, 152, 155
411483.3.peg.1337.site.28, 10, 150, 160
411483.3.peg.1337.site.29, 2, 154, 156
411483.3.peg.1337.site.30, 1, 150, 151
411483.3.peg.1337.site.31, 4, 147, 151
411483.3.peg.1337.site.32, 0, 151, 151
411483.3.peg.1337.site.33, 8, 151, 159
411483.3.peg.1337.site.34, 75, 138, 213
411483.3.peg.1337.site.35, 2, 149, 151
411483.3.peg.1337.site.36, 11, 145, 156
411483.3.peg.1337.site.37, 8, 149, 157
411483.3.peg.1337.site.38, 6, 141, 147
411483.3.peg.1337.site.39, 3, 144, 147
411483.3.peg.1337.site.40, 1, 143, 144
411483.3.peg.1337.site.41, 2, 132, 134
411483.3.peg.1337.site.42, 1, 130, 131
411483.3.peg.1337.site.43, 3, 128, 131
411483.3.peg.1337.site.44, 2, 126, 128
411483.3.peg.1337.site.45, 0, 127, 127
411483.3.peg.1337.site.46, 2, 121, 123
411483.3.peg.1337.site.47, 1, 136, 137
411483.3.peg.1337.site.48, 0, 132, 132
411483.3.peg.1337.site.49, 21, 136, 157
411483.3.peg.1337.site.50, 14, 143, 157
411483.3.peg.1337.site.51, 2, 147, 149
411483.3.peg.1337.site.52, 1, 147, 148
411483.3.peg.1337.site.53, 7, 143, 150
411483.3.peg.1337.site.54, 6, 142, 148
411483.3.peg.1337.site.55, 7, 145, 152
411483.3.peg.1337.site.56, 1, 146, 147
411483.3.peg.1337.site.57, 10, 148, 158
411483.3.peg.1337.site.58, 21, 146, 167
411483.3.peg.1337.site.59, 1, 152, 153
411483.3.peg.1337.site.60, 1, 153, 154
411483.3.peg.1337.site.61, 38, 149, 187
411483.3.peg.1337.site.62, 12, 147, 159
411483.3.peg.1337.site.63, 22, 146, 168
411483.3.peg.1337.site.64, 3, 153, 156
411483.3.peg.1337.site.65, 3, 153, 156
411483.3.peg.1337.site.66, 10, 151, 161
411483.3.peg.1337.site.67, 5, 155, 160
411483.3.peg.1337.site.68, 4, 154, 158
411483.3.peg.1331.site.1, 1, 132, 133
411483.3.peg.1331.site.2, 59, 77, 136
411483.3.peg.1331.site.3, 11, 63, 74
411483.3.peg.1331.site.4, 1, 53, 54
411483.3.peg.1331.site.5, 2, 51, 53
411483.3.peg.1331.site.6, 1, 53, 54
411483.3.peg.1331.site.7, 1, 55, 56
411483.3.peg.1331.site.8, 8, 45, 53
411483.3.peg.1331.site.9, 2, 42, 44
411483.3.peg.1331.site.10, 28, 40, 68
411483.3.peg.1331.site.11, 13, 40, 53
411483.3.peg.1331.site.12, 17, 52, 69
411483.3.peg.1331.site.13, 5, 79, 84
411483.3.peg.1331.site.14, 55, 130, 185
411483.3.peg.1331.site.15, 1, 141, 142
411483.3.peg.1331.site.16, 1, 152, 153
411483.3.peg.1331.site.17, 10, 149, 159
411483.3.peg.1331.site.18, 3, 137, 140
411483.3.peg.1331.site.19, 0, 140, 140
411483.3.peg.1331.site.20, 7, 144, 151
411483.3.peg.1331.site.21, 7, 150, 157
411483.3.peg.1331.site.22, 39, 143, 182
411483.3.peg.1331.site.23, 79, 144, 223
411483.3.peg.1331.site.24, 0, 151, 151
411483.3.peg.1331.site.25, 2, 152, 154
411483.3.peg.1331.site.26, 3, 154, 157
411483.3.peg.1331.site.27, 1, 152, 153
411483.3.peg.1331.site.28, 0, 155, 155
411483.3.peg.1331.site.29, 1, 154, 155
411483.3.peg.1331.site.30, 2, 153, 155
411483.3.peg.1331.site.31, 2, 153, 155
411483.3.peg.1331.site.32, 2, 153, 155
411483.3.peg.1331.site.33, 1, 153, 154
411483.3.peg.1331.site.34, 8, 154, 162
411483.3.peg.1331.site.35, 1, 154, 155
411483.3.peg.1331.site.36, 1, 154, 155
411483.3.peg.1331.site.37, 2, 155, 157
411483.3.peg.1332.site.1, 4, 153, 157
411483.3.peg.1332.site.2, 9, 151, 160
411483.3.peg.1332.site.3, 80, 147, 227
411483.3.peg.1332.site.4, 1, 152, 153
411483.3.peg.1332.site.5, 3, 151, 154
411483.3.peg.1332.site.6, 4, 151, 155
411483.3.peg.1332.site.7, 4, 150, 154
411483.3.peg.1332.site.8, 9, 153, 162
411483.3.peg.1332.site.9, 111, 146, 257
411483.3.peg.1332.site.10, 4, 149, 153
411483.3.peg.1332.site.11, 0, 148, 148
411483.3.peg.1332.site.12, 2, 147, 149
411483.3.peg.1332.site.13, 2, 146, 148
411483.3.peg.1332.site.14, 4, 136, 140
411483.3.peg.1332.site.15, 8, 128, 136
411483.3.peg.1332.site.16, 3, 119, 122
411483.3.peg.1332.site.17, 8, 113, 121
411483.3.peg.1332.site.18, 37, 110, 147
411483.3.peg.1332.site.19, 1, 111, 112
411483.3.peg.1332.site.20, 26, 113, 139
411483.3.peg.1332.site.21, 2, 120, 122
411483.3.peg.1332.site.22, 8, 122, 130
411483.3.peg.1332.site.23, 1, 123, 124
411483.3.peg.1332.site.24, 51, 133, 184
411483.3.peg.1332.site.25, 4, 142, 146
411483.3.peg.1332.site.26, 3, 147, 150
411483.3.peg.1332.site.27, 1, 149, 150
411483.3.peg.1332.site.28, 1, 149, 150
411483.3.peg.1332.site.29, 10, 147, 157
411483.3.peg.1332.site.30, 3, 153, 156
411483.3.peg.1332.site.31, 2, 154, 156
411483.3.peg.1332.site.32, 115, 149, 264
411483.3.peg.1332.site.33, 3, 154, 157
411483.3.peg.1332.site.34, 12, 149, 161
411483.3.peg.1332.site.35, 74, 147, 221
411483.3.peg.1332.site.36, 4, 150, 154
411483.3.peg.1332.site.37, 1, 151, 152
411483.3.peg.1332.site.38, 0, 152, 152
411483.3.peg.1332.site.39, 1, 154, 155
411483.3.peg.1332.site.40, 1, 155, 156
411483.3.peg.1332.site.41, 0, 152, 152
411483.3.peg.1332.site.42, 46, 143, 189
411483.3.peg.1332.site.43, 4, 154, 158
411483.3.peg.1332.site.44, 4, 150, 154
411483.3.peg.1332.site.45, 40, 146, 186
411483.3.peg.1332.site.46, 65, 143, 208
411483.3.peg.1332.site.47, 8, 151, 159
411483.3.peg.1332.site.48, 4, 149, 153
411483.3.peg.1332.site.49, 24, 151, 175
411483.3.peg.1332.site.50, 10, 152, 162
411483.3.peg.1332.site.51, 3, 153, 156
411483.3.peg.1332.site.52, 88, 137, 225
411483.3.peg.1332.site.53, 99, 143, 242
411483.3.peg.1332.site.54, 0, 150, 150
411483.3.peg.1332.site.55, 1, 149, 150
411483.3.peg.1332.site.56, 1, 150, 151
411483.3.peg.1332.site.57, 44, 147, 191
411483.3.peg.1332.site.58, 1, 148, 149
411483.3.peg.1332.site.59, 72, 130, 202
411483.3.peg.1332.site.60, 2, 139, 141
411483.3.peg.1332.site.61, 84, 130, 214
411483.3.peg.1332.site.62, 2, 137, 139
411483.3.peg.1332.site.63, 7, 131, 138
411483.3.peg.1332.site.64, 3, 136, 139
411483.3.peg.1332.site.65, 1, 137, 138
411483.3.peg.1332.site.66, 2, 138, 140
411483.3.peg.1332.site.67, 1, 138, 139
411483.3.peg.1332.site.68, 1, 142, 143
411483.3.peg.1332.site.69, 3, 138, 141
411483.3.peg.1332.site.70, 2, 138, 140
411483.3.peg.1332.site.71, 39, 136, 175
411483.3.peg.1332.site.72, 1, 143, 144
411483.3.peg.1332.site.73, 30, 140, 170
411483.3.peg.1332.site.74, 0, 143, 143
411483.3.peg.1332.site.75, 1, 147, 148
411483.3.peg.1332.site.76, 1, 144, 145
411483.3.peg.1332.site.77, 1, 142, 143
411483.3.peg.1332.site.78, 2, 135, 137
411483.3.peg.1332.site.79, 10, 130, 140
411483.3.peg.1332.site.80, 13, 134, 147
411483.3.peg.1332.site.81, 0, 140, 140
411483.3.peg.1332.site.82, 22, 136, 158
411483.3.peg.1332.site.83, 4, 144, 148
411483.3.peg.1332.site.84, 5, 140, 145
411483.3.peg.1332.site.85, 3, 141, 144
411483.3.peg.1332.site.86, 47, 130, 177
411483.3.peg.1332.site.87, 4, 138, 142
411483.3.peg.1332.site.88, 0, 133, 133
411483.3.peg.1332.site.89, 33, 113, 146
411483.3.peg.1332.site.90, 15, 123, 138
411483.3.peg.1332.site.91, 5, 130, 135
411483.3.peg.1332.site.92, 4, 129, 133
411483.3.peg.1332.site.93, 2, 118, 120
411483.3.peg.1332.site.94, 1, 119, 120
411483.3.peg.1332.site.95, 1, 127, 128
411483.3.peg.1332.site.96, 1, 135, 136
411483.3.peg.1332.site.97, 3, 132, 135
411483.3.peg.1332.site.98, 1, 137, 138
411483.3.peg.1332.site.99, 1, 142, 143
411483.3.peg.1332.site.100, 2, 147, 149
411483.3.peg.1332.site.101, 0, 149, 149
411483.3.peg.1332.site.102, 9, 146, 155
411483.3.peg.1332.site.103, 4, 148, 152
411483.3.peg.1332.site.104, 9, 138, 147
411483.3.peg.1332.site.105, 2, 138, 140
411483.3.peg.1332.site.106, 2, 134, 136
411483.3.peg.1332.site.107, 1, 129, 130
411483.3.peg.1332.site.108, 1, 117, 118
411483.3.peg.1332.site.109, 11, 128, 139
411483.3.peg.1332.site.110, 2, 127, 129
411483.3.peg.1332.site.111, 2, 134, 136
411483.3.peg.1332.site.112, 1, 148, 149
411483.3.peg.1332.site.113, 2, 148, 150
411483.3.peg.1332.site.114, 1, 147, 148
411483.3.peg.1332.site.115, 3, 144, 147
411483.3.peg.1332.site.116, 1, 145, 146
411483.3.peg.1332.site.117, 59, 135, 194
411483.3.peg.1332.site.118, 4, 143, 147
411483.3.peg.1332.site.119, 11, 148, 159
411483.3.peg.1332.site.120, 2, 147, 149
411483.3.peg.1332.site.121, 1, 145, 146
411483.3.peg.1332.site.122, 9, 129, 138
411483.3.peg.1332.site.123, 14, 130, 144
411483.3.peg.1332.site.124, 4, 136, 140
411483.3.peg.1332.site.125, 76, 130, 206
411483.3.peg.1332.site.126, 2, 136, 138
411483.3.peg.1332.site.127, 1, 133, 134
411483.3.peg.1332.site.128, 3, 124, 127
411483.3.peg.1332.site.129, 4, 114, 118
411483.3.peg.1332.site.130, 1, 115, 116
411483.3.peg.1332.site.131, 3, 99, 102
411483.3.peg.1332.site.132, 3, 117, 120
411483.3.peg.1332.site.133, 88, 112, 200
411483.3.peg.1332.site.134, 1, 123, 124
411483.3.peg.1332.site.135, 96, 125, 221
411483.3.peg.1332.site.136, 2, 142, 144
411483.3.peg.1332.site.137, 2, 142, 144
411483.3.peg.1332.site.138, 6, 148, 154
411483.3.peg.1332.site.139, 1, 151, 152
411483.3.peg.1332.site.140, 6, 149, 155
411483.3.peg.1332.site.141, 5, 146, 151
411483.3.peg.1332.site.142, 2, 147, 149
411483.3.peg.1332.site.143, 1, 142, 143
411483.3.peg.1332.site.144, 137, 139, 276
411483.3.peg.1332.site.145, 1, 140, 141
411483.3.peg.1332.site.146, 1, 127, 128
411483.3.peg.1332.site.147, 2, 122, 124
411483.3.peg.1332.site.148, 2, 134, 136
411483.3.peg.1332.site.149, 5, 134, 139
411483.3.peg.1332.site.150, 4, 134, 138
411483.3.peg.1332.site.151, 7, 140, 147
411483.3.peg.1332.site.152, 1, 140, 141
411483.3.peg.1332.site.153, 2, 136, 138
411483.3.peg.1332.site.154, 11, 135, 146
411483.3.peg.1332.site.155, 2, 138, 140
411483.3.peg.1332.site.156, 9, 137, 146
411483.3.peg.1332.site.157, 39, 135, 174
411483.3.peg.1332.site.158, 27, 129, 156
411483.3.peg.1332.site.159, 1, 130, 131
411483.3.peg.1332.site.160, 39, 119, 158
411483.3.peg.1332.site.161, 24, 122, 146
411483.3.peg.1332.site.162, 7, 125, 132
411483.3.peg.1332.site.163, 2, 121, 123
411483.3.peg.1332.site.164, 0, 126, 126
411483.3.peg.1332.site.165, 14, 124, 138
411483.3.peg.1332.site.166, 7, 121, 128
411483.3.peg.1332.site.167, 0, 122, 122
411483.3.peg.1332.site.168, 129, 129, 258
411483.3.peg.1332.site.169, 106, 120, 226
411483.3.peg.1332.site.170, 0, 133, 133
411483.3.peg.1332.site.171, 0, 129, 129
411483.3.peg.1332.site.172, 5, 135, 140
411483.3.peg.1332.site.173, 12, 142, 154
411483.3.peg.1332.site.174, 2, 147, 149
411483.3.peg.1332.site.175, 5, 151, 156
411483.3.peg.1332.site.176, 8, 148, 156
411483.3.peg.1332.site.177, 4, 143, 147
411483.3.peg.1332.site.178, 3, 142, 145
411483.3.peg.1332.site.179, 1, 150, 151
411483.3.peg.1332.site.180, 2, 149, 151
411483.3.peg.1332.site.181, 23, 147, 170
411483.3.peg.1332.site.182, 8, 144, 152
411483.3.peg.1332.site.183, 2, 146, 148
411483.3.peg.1332.site.184, 1, 145, 146
411483.3.peg.1332.site.185, 3, 142, 145
411483.3.peg.1332.site.186, 0, 148, 148
411483.3.peg.1332.site.187, 1, 150, 151
411483.3.peg.353.site.1, 1, 149, 150
411483.3.peg.353.site.2, 4, 149, 153
411483.3.peg.353.site.3, 7, 142, 149
411483.3.peg.353.site.4, 3, 152, 155
411483.3.peg.353.site.5, 1, 151, 152
411483.3.peg.353.site.6, 0, 146, 146
411483.3.peg.353.site.7, 0, 132, 132
411483.3.peg.353.site.8, 2, 146, 148
411483.3.peg.353.site.9, 0, 141, 141
411483.3.peg.353.site.10, 3, 146, 149
411483.3.peg.353.site.11, 56, 133, 189
411483.3.peg.353.site.12, 1, 147, 148
411483.3.peg.353.site.13, 1, 145, 146
411483.3.peg.353.site.14, 12, 139, 151
411483.3.peg.353.site.15, 0, 138, 138
411483.3.peg.353.site.16, 55, 138, 193
411483.3.peg.353.site.17, 0, 144, 144
411483.3.peg.353.site.18, 0, 137, 137
411483.3.peg.353.site.19, 0, 137, 137
411483.3.peg.353.site.20, 5, 143, 148
411483.3.peg.353.site.21, 2, 140, 142
411483.3.peg.353.site.22, 2, 141, 143
411483.3.peg.353.site.23, 0, 138, 138
411483.3.peg.353.site.24, 0, 133, 133
411483.3.peg.353.site.25, 1, 129, 130
411483.3.peg.353.site.26, 2, 144, 146
411483.3.peg.353.site.27, 8, 146, 154
411483.3.peg.353.site.28, 42, 137, 179
411483.3.peg.353.site.29, 12, 145, 157
411483.3.peg.353.site.30, 6, 145, 151
411483.3.peg.353.site.31, 1, 143, 144
411483.3.peg.353.site.32, 141, 143, 284
411483.3.peg.353.site.33, 0, 132, 132
411483.3.peg.353.site.34, 13, 140, 153
411483.3.peg.353.site.35, 1, 137, 138
411483.3.peg.353.site.36, 9, 132, 141
411483.3.peg.353.site.37, 2, 150, 152
411483.3.peg.353.site.38, 1, 147, 148
411483.3.peg.353.site.39, 0, 144, 144
411483.3.peg.353.site.40, 0, 144, 144
411483.3.peg.353.site.41, 2, 145, 147
411483.3.peg.353.site.42, 1, 149, 150
411483.3.peg.353.site.43, 2, 150, 152
411483.3.peg.353.site.44, 2, 151, 153
411483.3.peg.353.site.45, 2, 148, 150
411483.3.peg.353.site.46, 18, 145, 163
411483.3.peg.353.site.47, 4, 143, 147
411483.3.peg.353.site.48, 2, 147, 149
411483.3.peg.353.site.49, 8, 144, 152
411483.3.peg.353.site.50, 3, 142, 145
411483.3.peg.353.site.51, 13, 147, 160
411483.3.peg.353.site.52, 7, 146, 153
411483.3.peg.353.site.53, 120, 140, 260
411483.3.peg.353.site.54, 1, 144, 145
411483.3.peg.353.site.55, 98, 134, 232
411483.3.peg.353.site.56, 1, 140, 141
411483.3.peg.353.site.57, 5, 134, 139
411483.3.peg.353.site.58, 23, 141, 164
411483.3.peg.353.site.59, 4, 138, 142
411483.3.peg.353.site.60, 16, 141, 157
411483.3.peg.353.site.61, 1, 151, 152
411483.3.peg.353.site.62, 18, 139, 157
411483.3.peg.353.site.63, 1, 150, 151
411483.3.peg.353.site.64, 1, 152, 153
411483.3.peg.353.site.65, 16, 150, 166
411483.3.peg.353.site.66, 0, 154, 154
411483.3.peg.353.site.67, 6, 153, 159
411483.3.peg.353.site.68, 1, 155, 156
411483.3.peg.353.site.69, 1, 155, 156
411483.3.peg.353.site.70, 6, 155, 161
411483.3.peg.353.site.71, 21, 145, 166
411483.3.peg.353.site.72, 0, 154, 154
411483.3.peg.353.site.73, 0, 155, 155
411483.3.peg.353.site.74, 8, 153, 161
411483.3.peg.353.site.75, 0, 154, 154
411483.3.peg.353.site.76, 15, 150, 165
411483.3.peg.353.site.77, 1, 154, 155
411483.3.peg.353.site.78, 0, 152, 152
411483.3.peg.353.site.79, 0, 152, 152
411483.3.peg.353.site.80, 2, 152, 154
411483.3.peg.353.site.81, 7, 152, 159
411483.3.peg.353.site.82, 2, 153, 155
411483.3.peg.353.site.83, 1, 155, 156
411483.3.peg.353.site.84, 1, 151, 152
411483.3.peg.353.site.85, 2, 151, 153
411483.3.peg.353.site.86, 2, 153, 155
411483.3.peg.353.site.87, 6, 152, 158
411483.3.peg.353.site.88, 0, 152, 152
411483.3.peg.353.site.89, 18, 151, 169
411483.3.peg.353.site.90, 2, 153, 155
411483.3.peg.353.site.91, 22, 148, 170
411483.3.peg.353.site.92, 22, 150, 172
411483.3.peg.353.site.93, 1, 155, 156
411483.3.peg.353.site.94, 2, 153, 155
411483.3.peg.353.site.95, 3, 151, 154
411483.3.peg.353.site.96, 3, 152, 155
411483.3.peg.353.site.97, 0, 151, 151
411483.3.peg.353.site.98, 14, 152, 166
411483.3.peg.353.site.99, 3, 155, 158
411483.3.peg.353.site.100, 2, 153, 155
411483.3.peg.353.site.101, 0, 154, 154
411483.3.peg.353.site.102, 4, 154, 158
411483.3.peg.353.site.103, 8, 154, 162
411483.3.peg.353.site.104, 4, 153, 157
411483.3.peg.353.site.105, 1, 154, 155
411483.3.peg.353.site.106, 14, 154, 168
411483.3.peg.353.site.107, 10, 154, 164
411483.3.peg.353.site.108, 2, 154, 156
411483.3.peg.353.site.109, 15, 151, 166
411483.3.peg.353.site.110, 1, 153, 154
411483.3.peg.353.site.111, 1, 154, 155
411483.3.peg.353.site.112, 2, 153, 155
411483.3.peg.353.site.113, 1, 153, 154
411483.3.peg.353.site.114, 4, 154, 158
411483.3.peg.353.site.115, 5, 154, 159
411483.3.peg.353.site.116, 0, 153, 153
411483.3.peg.353.site.117, 10, 155, 165
411483.3.peg.353.site.118, 0, 153, 153
411483.3.peg.353.site.119, 6, 152, 158
411483.3.peg.353.site.120, 2, 154, 156
411483.3.peg.353.site.121, 0, 151, 151
411483.3.peg.353.site.122, 0, 150, 150
411483.3.peg.353.site.123, 5, 154, 159
411483.3.peg.353.site.124, 3, 153, 156
411483.3.peg.354.site.1, 20, 126, 146
411483.3.peg.354.site.2, 0, 120, 120
411483.3.peg.354.site.3, 20, 125, 145
411483.3.peg.354.site.4, 4, 127, 131
411483.3.peg.354.site.5, 2, 127, 129
411483.3.peg.354.site.6, 1, 138, 139
411483.3.peg.354.site.7, 6, 145, 151
411483.3.peg.354.site.8, 1, 151, 152
411483.3.peg.354.site.9, 4, 149, 153
411483.3.peg.354.site.10, 126, 147, 273
411483.3.peg.354.site.11, 62, 150, 212
411483.3.peg.354.site.12, 3, 149, 152
411483.3.peg.354.site.13, 4, 154, 158
411483.3.peg.354.site.14, 4, 154, 158
411483.3.peg.354.site.15, 3, 152, 155
411483.3.peg.354.site.16, 2, 151, 153
411483.3.peg.354.site.17, 2, 151, 153
411483.3.peg.354.site.18, 5, 151, 156
411483.3.peg.354.site.19, 8, 138, 146
411483.3.peg.354.site.20, 6, 148, 154
411483.3.peg.354.site.21, 1, 148, 149
411483.3.peg.354.site.22, 43, 139, 182
411483.3.peg.354.site.23, 3, 141, 144
411483.3.peg.354.site.24, 43, 134, 177
411483.3.peg.354.site.25, 4, 145, 149
411483.3.peg.354.site.26, 85, 135, 220
411483.3.peg.354.site.27, 3, 137, 140
411483.3.peg.354.site.28, 6, 142, 148
411483.3.peg.354.site.29, 6, 149, 155
411483.3.peg.354.site.30, 16, 146, 162
411483.3.peg.354.site.31, 1, 153, 154
411483.3.peg.354.site.32, 0, 153, 153
411483.3.peg.354.site.33, 9, 154, 163
411483.3.peg.354.site.34, 1, 154, 155
411483.3.peg.354.site.35, 1, 154, 155
411483.3.peg.354.site.36, 2, 154, 156
411483.3.peg.354.site.37, 9, 155, 164
411483.3.peg.354.site.38, 0, 152, 152
411483.3.peg.354.site.39, 18, 143, 161
411483.3.peg.354.site.40, 1, 154, 155
411483.3.peg.354.site.41, 1, 153, 154
411483.3.peg.354.site.42, 55, 138, 193
411483.3.peg.354.site.43, 0, 140, 140
411483.3.peg.354.site.44, 1, 143, 144
411483.3.peg.354.site.45, 0, 137, 137
411483.3.peg.354.site.46, 1, 140, 141
411483.3.peg.354.site.47, 2, 139, 141
411483.3.peg.354.site.48, 1, 139, 140
411483.3.peg.354.site.49, 14, 139, 153
411483.3.peg.354.site.50, 3, 143, 146
411483.3.peg.354.site.51, 27, 144, 171
411483.3.peg.354.site.52, 2, 153, 155
411483.3.peg.354.site.53, 6, 154, 160
411483.3.peg.354.site.54, 2, 154, 156
411483.3.peg.354.site.55, 5, 146, 151
411483.3.peg.354.site.56, 13, 150, 163
411483.3.peg.354.site.57, 2, 155, 157
411483.3.peg.354.site.58, 1, 152, 153
411483.3.peg.354.site.59, 4, 154, 158
411483.3.peg.354.site.60, 3, 152, 155
411483.3.peg.354.site.61, 2, 152, 154
411483.3.peg.354.site.62, 0, 151, 151
411483.3.peg.354.site.63, 2, 154, 156
411483.3.peg.354.site.64, 6, 152, 158
411483.3.peg.354.site.65, 3, 155, 158
411483.3.peg.354.site.66, 0, 149, 149
411483.3.peg.354.site.67, 1, 149, 150
411483.3.peg.354.site.68, 12, 140, 152
411483.3.peg.354.site.69, 6, 149, 155
411483.3.peg.354.site.70, 5, 147, 152
411483.3.peg.354.site.71, 1, 154, 155
411483.3.peg.354.site.72, 27, 147, 174
411483.3.peg.354.site.73, 15, 145, 160
411483.3.peg.354.site.74, 1, 152, 153
411483.3.peg.354.site.75, 8, 144, 152
411483.3.peg.354.site.76, 0, 148, 148
411483.3.peg.354.site.77, 0, 150, 150
411483.3.peg.1421.site.1, 1, 149, 150
411483.3.peg.1421.site.2, 5, 144, 149
411483.3.peg.1421.site.3, 9, 135, 144
411483.3.peg.1421.site.4, 7, 136, 143
411483.3.peg.1421.site.5, 3, 143, 146
411483.3.peg.1421.site.6, 1, 133, 134
411483.3.peg.1421.site.7, 18, 135, 153
411483.3.peg.1421.site.8, 40, 128, 168
411483.3.peg.1421.site.9, 35, 125, 160
411483.3.peg.1421.site.10, 7, 129, 136
411483.3.peg.1421.site.11, 30, 122, 152
411483.3.peg.1421.site.12, 13, 135, 148
411483.3.peg.1421.site.13, 2, 141, 143
411483.3.peg.1421.site.14, 2, 143, 145
411483.3.peg.1421.site.15, 1, 143, 144
411483.3.peg.1421.site.16, 1, 151, 152
411483.3.peg.1421.site.17, 1, 150, 151
411483.3.peg.1421.site.18, 7, 152, 159
411483.3.peg.1421.site.19, 2, 154, 156
411483.3.peg.1421.site.20, 3, 154, 157
411483.3.peg.1421.site.21, 114, 149, 263
411483.3.peg.1421.site.22, 11, 149, 160
411483.3.peg.1421.site.23, 0, 151, 151
411483.3.peg.1421.site.24, 1, 153, 154
411483.3.peg.1421.site.25, 12, 143, 155
411483.3.peg.1421.site.26, 5, 148, 153
411483.3.peg.1421.site.27, 40, 142, 182
411483.3.peg.1421.site.28, 42, 132, 174
411483.3.peg.1421.site.29, 9, 130, 139
411483.3.peg.1421.site.30, 89, 128, 217
411483.3.peg.1421.site.31, 0, 126, 126
411483.3.peg.1421.site.32, 9, 137, 146
411483.3.peg.1421.site.33, 2, 148, 150
411483.3.peg.1421.site.34, 0, 151, 151
411483.3.peg.1421.site.35, 8, 146, 154
411483.3.peg.1421.site.36, 0, 147, 147
411483.3.peg.1421.site.37, 1, 143, 144
411483.3.peg.1421.site.38, 16, 131, 147
411483.3.peg.1421.site.39, 6, 126, 132
411483.3.peg.1421.site.40, 12, 114, 126
411483.3.peg.1421.site.41, 10, 125, 135
411483.3.peg.1421.site.42, 0, 133, 133
411483.3.peg.1421.site.43, 1, 138, 139
411483.3.peg.1421.site.44, 3, 150, 153
411483.3.peg.1421.site.45, 6, 142, 148
411483.3.peg.1421.site.46, 1, 151, 152
411483.3.peg.1421.site.47, 0, 149, 149
411483.3.peg.1421.site.48, 19, 149, 168
411483.3.peg.1421.site.49, 0, 149, 149
411483.3.peg.1421.site.50, 2, 150, 152
411483.3.peg.1421.site.51, 1, 153, 154
411483.3.peg.1421.site.52, 1, 148, 149
411483.3.peg.1421.site.53, 1, 150, 151
411483.3.peg.1421.site.54, 1, 150, 151
411483.3.peg.1421.site.55, 2, 152, 154
411483.3.peg.1421.site.56, 7, 152, 159
411483.3.peg.1421.site.57, 1, 149, 150
411483.3.peg.1421.site.58, 9, 153, 162
411483.3.peg.1421.site.59, 1, 153, 154
411483.3.peg.1421.site.60, 87, 140, 227
411483.3.peg.1421.site.61, 0, 153, 153
411483.3.peg.1422.site.1, 1, 153, 154
411483.3.peg.1422.site.2, 2, 155, 157
411483.3.peg.1422.site.3, 3, 153, 156
411483.3.peg.1422.site.4, 0, 150, 150
411483.3.peg.1422.site.5, 2, 152, 154
411483.3.peg.1422.site.6, 3, 150, 153
411483.3.peg.1422.site.7, 1, 147, 148
411483.3.peg.1422.site.8, 2, 147, 149
411483.3.peg.1422.site.9, 1, 146, 147
411483.3.peg.1422.site.10, 0, 144, 144
411483.3.peg.1422.site.11, 1, 125, 126
411483.3.peg.1422.site.12, 22, 120, 142
411483.3.peg.1422.site.13, 3, 125, 128
411483.3.peg.1422.site.14, 2, 124, 126
411483.3.peg.1422.site.15, 0, 120, 120
411483.3.peg.1422.site.16, 8, 134, 142
411483.3.peg.1422.site.17, 1, 127, 128
411483.3.peg.1422.site.18, 0, 133, 133
411483.3.peg.1422.site.19, 3, 134, 137
411483.3.peg.1422.site.20, 6, 135, 141
411483.3.peg.1422.site.21, 1, 130, 131
411483.3.peg.1422.site.22, 13, 129, 142
411483.3.peg.1422.site.23, 1, 144, 145
411483.3.peg.1422.site.24, 29, 135, 164
411483.3.peg.1422.site.25, 123, 139, 262
411483.3.peg.1422.site.26, 3, 144, 147
411483.3.peg.1422.site.27, 3, 147, 150
411483.3.peg.1422.site.28, 95, 109, 204
411483.3.peg.1422.site.29, 6, 118, 124
411483.3.peg.1422.site.30, 1, 128, 129
411483.3.peg.1422.site.31, 1, 120, 121
411483.3.peg.1422.site.32, 8, 123, 131
411483.3.peg.1422.site.33, 113, 126, 239
411483.3.peg.1422.site.34, 42, 129, 171
411483.3.peg.1422.site.35, 2, 146, 148
411483.3.peg.1422.site.36, 5, 146, 151
411483.3.peg.1423.site.1, 29, 137, 166
411483.3.peg.1423.site.2, 28, 141, 169
411483.3.peg.1423.site.3, 77, 144, 221
411483.3.peg.1423.site.4, 9, 146, 155
411483.3.peg.1423.site.5, 1, 136, 137
411483.3.peg.1423.site.6, 8, 128, 136
411483.3.peg.1423.site.7, 31, 31, 62
411483.3.peg.1423.site.8, 24, 24, 48
411483.3.peg.1423.site.9, 15, 16, 31
411483.3.peg.1423.site.10, 2, 33, 35
411483.3.peg.1423.site.11, 5, 88, 93
411483.3.peg.1423.site.12, 1, 126, 127
411483.3.peg.1423.site.13, 135, 139, 274
411483.3.peg.1423.site.14, 2, 140, 142
411483.3.peg.1423.site.15, 4, 139, 143
411483.3.peg.1423.site.16, 1, 139, 140
411483.3.peg.1423.site.17, 32, 134, 166
411483.3.peg.1423.site.18, 1, 148, 149
411483.3.peg.1423.site.19, 22, 142, 164
411483.3.peg.1423.site.20, 11, 147, 158
411483.3.peg.1423.site.21, 1, 151, 152
411483.3.peg.1423.site.22, 61, 139, 200
411483.3.peg.1423.site.23, 2, 151, 153
411483.3.peg.1423.site.24, 3, 152, 155
411483.3.peg.1423.site.25, 1, 154, 155
411483.3.peg.1423.site.26, 12, 149, 161
411483.3.peg.1423.site.27, 1, 154, 155
411483.3.peg.1423.site.28, 0, 152, 152
411483.3.peg.1423.site.29, 1, 152, 153
411483.3.peg.1423.site.30, 5, 153, 158
411483.3.peg.1423.site.31, 3, 153, 156
411483.3.peg.1423.site.32, 1, 151, 152
411483.3.peg.1423.site.33, 1, 151, 152
411483.3.peg.1423.site.34, 3, 151, 154
411483.3.peg.1423.site.35, 3, 154, 157
411483.3.peg.1423.site.36, 5, 154, 159
411483.3.peg.1423.site.37, 3, 153, 156
411483.3.peg.1423.site.38, 0, 150, 150
411483.3.peg.1423.site.39, 26, 146, 172
411483.3.peg.1423.site.40, 143, 145, 288
411483.3.peg.1423.site.41, 10, 142, 152
411483.3.peg.1423.site.42, 1, 140, 141
411483.3.peg.1423.site.43, 0, 145, 145
411483.3.peg.1423.site.44, 1, 146, 147
411483.3.peg.1423.site.45, 59, 135, 194
411483.3.peg.1423.site.46, 1, 145, 146
411483.3.peg.1423.site.47, 1, 144, 145
411483.3.peg.1423.site.48, 23, 140, 163
411483.3.peg.1423.site.49, 40, 132, 172
411483.3.peg.1423.site.50, 5, 137, 142
411483.3.peg.1423.site.51, 3, 142, 145
411483.3.peg.1423.site.52, 54, 136, 190
411483.3.peg.1423.site.53, 4, 141, 145
411483.3.peg.1423.site.54, 3, 146, 149
411483.3.peg.1423.site.55, 4, 139, 143
411483.3.peg.1423.site.56, 13, 142, 155
411483.3.peg.1423.site.57, 1, 134, 135
411483.3.peg.1423.site.58, 64, 113, 177
411483.3.peg.1423.site.59, 3, 127, 130
411483.3.peg.1423.site.60, 10, 130, 140
411483.3.peg.1423.site.61, 0, 128, 128
411483.3.peg.1423.site.62, 8, 125, 133
411483.3.peg.1423.site.63, 39, 118, 157
411483.3.peg.1423.site.64, 9, 128, 137
411483.3.peg.1423.site.65, 2, 101, 103
411483.3.peg.1423.site.66, 4, 86, 90
411483.3.peg.1423.site.67, 66, 68, 134
411483.3.peg.1423.site.68, 3, 68, 71
411483.3.peg.1423.site.69, 1, 29, 30
411483.3.peg.1423.site.70, 0, 29, 29
411483.3.peg.1423.site.71, 0, 32, 32
411483.3.peg.1423.site.72, 0, 31, 31
411483.3.peg.1423.site.73, 1, 34, 35
411483.3.peg.1423.site.74, 0, 37, 37
411483.3.peg.1423.site.75, 3, 36, 39
411483.3.peg.1423.site.76, 28, 35, 63
411483.3.peg.1423.site.77, 35, 35, 70
411483.3.peg.1423.site.78, 34, 34, 68
411483.3.peg.1423.site.79, 4, 30, 34
411483.3.peg.1423.site.80, 1, 35, 36
411483.3.peg.1423.site.81, 0, 36, 36
411483.3.peg.1423.site.82, 0, 37, 37
411483.3.peg.1423.site.83, 31, 39, 70
411483.3.peg.1423.site.84, 1, 39, 40
411483.3.peg.1423.site.85, 1, 11, 12
411483.3.peg.1423.site.86, 14, 42, 56
411483.3.peg.1423.site.87, 1, 51, 52
411483.3.peg.1423.site.88, 4, 59, 63
411483.3.peg.1423.site.89, 2, 66, 68
411483.3.peg.1423.site.90, 54, 68, 122
411483.3.peg.1423.site.91, 40, 70, 110
411483.3.peg.1423.site.92, 9, 67, 76
411483.3.peg.1423.site.93, 62, 62, 124
411483.3.peg.1423.site.94, 4, 58, 62
411483.3.peg.1423.site.95, 1, 63, 64
411483.3.peg.1423.site.96, 1, 53, 54
411483.3.peg.1423.site.97, 3, 49, 52
411483.3.peg.1423.site.98, 0, 67, 67
411483.3.peg.1423.site.99, 2, 76, 78
411483.3.peg.1423.site.100, 4, 84, 88
411483.3.peg.1423.site.101, 14, 94, 108
411483.3.peg.1423.site.102, 0, 108, 108
411483.3.peg.1423.site.103, 2, 114, 116
411483.3.peg.1423.site.104, 8, 129, 137
411483.3.peg.1423.site.105, 14, 132, 146
411483.3.peg.1423.site.106, 1, 136, 137
411483.3.peg.1424.site.1, 29, 147, 176
411483.3.peg.1424.site.2, 0, 154, 154
411483.3.peg.1424.site.3, 0, 153, 153
411483.3.peg.1424.site.4, 0, 153, 153
411483.3.peg.1424.site.5, 0, 153, 153
411483.3.peg.1424.site.6, 12, 146, 158
411483.3.peg.1424.site.7, 76, 142, 218
411483.3.peg.1424.site.8, 6, 152, 158
411483.3.peg.1424.site.9, 1, 153, 154
411483.3.peg.1424.site.10, 2, 151, 153
411483.3.peg.1424.site.11, 2, 149, 151
411483.3.peg.1424.site.12, 6, 151, 157
411483.3.peg.1424.site.13, 3, 152, 155
411483.3.peg.1424.site.14, 1, 153, 154
411483.3.peg.1424.site.15, 1, 151, 152
411483.3.peg.1424.site.16, 7, 148, 155
411483.3.peg.1424.site.17, 10, 147, 157
411483.3.peg.1424.site.18, 3, 150, 153
411483.3.peg.1424.site.19, 1, 150, 151
411483.3.peg.1424.site.20, 0, 148, 148
411483.3.peg.1424.site.21, 2, 146, 148
411483.3.peg.1424.site.22, 3, 145, 148
411483.3.peg.1425.site.1, 136, 141, 277
411483.3.peg.1425.site.2, 21, 145, 166
411483.3.peg.1425.site.3, 7, 143, 150
411483.3.peg.1425.site.4, 5, 146, 151
411483.3.peg.1425.site.5, 40, 142, 182
411483.3.peg.1425.site.6, 1, 146, 147
411483.3.peg.1425.site.7, 1, 151, 152
411483.3.peg.1425.site.8, 18, 137, 155
411483.3.peg.1425.site.9, 4, 147, 151
411483.3.peg.1425.site.10, 2, 150, 152
411483.3.peg.1425.site.11, 3, 151, 154
411483.3.peg.1425.site.12, 12, 147, 159
411483.3.peg.1425.site.13, 2, 153, 155
411483.3.peg.1425.site.14, 6, 150, 156
411483.3.peg.1425.site.15, 5, 145, 150
411483.3.peg.1425.site.16, 75, 141, 216
411483.3.peg.1425.site.17, 10, 147, 157
411483.3.peg.1425.site.18, 147, 147, 294
411483.3.peg.1425.site.19, 4, 144, 148
411483.3.peg.1425.site.20, 2, 146, 148
411483.3.peg.1425.site.21, 2, 146, 148
411483.3.peg.1425.site.22, 5, 149, 154
411483.3.peg.1425.site.23, 2, 149, 151
411483.3.peg.1425.site.24, 6, 149, 155
411483.3.peg.1425.site.25, 3, 146, 149
411483.3.peg.1425.site.26, 0, 146, 146
411483.3.peg.1425.site.27, 9, 147, 156
411483.3.peg.1425.site.28, 3, 146, 149
411483.3.peg.1425.site.29, 15, 138, 153
411483.3.peg.1425.site.30, 35, 135, 170
411483.3.peg.1425.site.31, 3, 141, 144
411483.3.peg.1425.site.32, 12, 140, 152
411483.3.peg.1425.site.33, 6, 140, 146
411483.3.peg.1425.site.34, 0, 143, 143
411483.3.peg.1425.site.35, 1, 149, 150
411483.3.peg.1425.site.36, 21, 147, 168
411483.3.peg.1425.site.37, 4, 149, 153
411483.3.peg.1425.site.38, 12, 140, 152
411483.3.peg.1425.site.39, 1, 147, 148
411483.3.peg.1425.site.40, 18, 143, 161
411483.3.peg.1425.site.41, 0, 149, 149
411483.3.peg.1425.site.42, 3, 154, 157
411483.3.peg.1425.site.43, 10, 151, 161
411483.3.peg.1426.site.1, 6, 155, 161
411483.3.peg.1426.site.2, 5, 155, 160
411483.3.peg.1426.site.3, 6, 152, 158
411483.3.peg.1426.site.4, 3, 153, 156
411483.3.peg.1426.site.5, 0, 151, 151
411483.3.peg.1426.site.6, 1, 151, 152
411483.3.peg.1426.site.7, 8, 145, 153
411483.3.peg.1426.site.8, 29, 139, 168
411483.3.peg.1426.site.9, 1, 149, 150
411483.3.peg.1426.site.10, 2, 150, 152
411483.3.peg.1426.site.11, 0, 152, 152
411483.3.peg.1426.site.12, 6, 148, 154
411483.3.peg.1426.site.13, 28, 140, 168
411483.3.peg.1426.site.14, 9, 151, 160
411483.3.peg.1426.site.15, 4, 151, 155
411483.3.peg.1426.site.16, 2, 151, 153
411483.3.peg.1426.site.17, 4, 150, 154
411483.3.peg.1426.site.18, 3, 154, 157
411483.3.peg.1426.site.19, 6, 152, 158
411483.3.peg.1426.site.20, 151, 152, 303
411483.3.peg.1426.site.21, 1, 150, 151
411483.3.peg.1426.site.22, 1, 149, 150
411483.3.peg.1426.site.23, 0, 146, 146
411483.3.peg.1426.site.24, 16, 140, 156
411483.3.peg.1426.site.25, 11, 140, 151
411483.3.peg.1426.site.26, 1, 141, 142
411483.3.peg.1426.site.27, 148, 149, 297
411483.3.peg.1426.site.28, 2, 153, 155
411483.3.peg.1426.site.29, 24, 147, 171
411483.3.peg.1426.site.30, 2, 150, 152
411483.3.peg.1426.site.31, 24, 147, 171
411483.3.peg.1426.site.32, 45, 135, 180
411483.3.peg.1426.site.33, 1, 146, 147
411483.3.peg.1426.site.34, 1, 149, 150
411483.3.peg.1426.site.35, 1, 151, 152
411483.3.peg.1426.site.36, 4, 147, 151
411483.3.peg.1426.site.37, 31, 146, 177
411483.3.peg.1426.site.38, 7, 154, 161
411483.3.peg.1426.site.39, 2, 153, 155
411483.3.peg.1426.site.40, 1, 154, 155
411483.3.peg.1426.site.41, 4, 154, 158
411483.3.peg.1426.site.42, 1, 154, 155
411483.3.peg.1426.site.43, 19, 151, 170
411483.3.peg.1426.site.44, 17, 149, 166
411483.3.peg.1426.site.45, 5, 151, 156
411483.3.peg.1426.site.46, 19, 149, 168
411483.3.peg.1426.site.47, 2, 151, 153
411483.3.peg.1426.site.48, 11, 151, 162
411483.3.peg.1426.site.49, 11, 152, 163
411483.3.peg.1426.site.50, 10, 152, 162
411483.3.peg.1426.site.51, 6, 151, 157
411483.3.peg.1426.site.52, 12, 155, 167
411483.3.peg.1426.site.53, 28, 147, 175
411483.3.peg.1426.site.54, 0, 153, 153
411483.3.peg.1426.site.55, 5, 152, 157
411483.3.peg.1426.site.56, 48, 142, 190
411483.3.peg.1426.site.57, 5, 145, 150
411483.3.peg.1426.site.58, 1, 147, 148
411483.3.peg.1426.site.59, 1, 149, 150
411483.3.peg.1426.site.60, 0, 143, 143
411483.3.peg.1426.site.61, 11, 134, 145
411483.3.peg.1426.site.62, 1, 126, 127
411483.3.peg.1426.site.63, 1, 128, 129
411483.3.peg.1426.site.64, 131, 135, 266
411483.3.peg.1426.site.65, 67, 123, 190
411483.3.peg.1426.site.66, 6, 134, 140
411483.3.peg.1426.site.67, 0, 152, 152
411483.3.peg.1426.site.68, 1, 149, 150
411483.3.peg.1426.site.69, 16, 147, 163
411483.3.peg.1426.site.70, 12, 146, 158
411483.3.peg.1426.site.71, 1, 148, 149
411483.3.peg.1426.site.72, 4, 150, 154
411483.3.peg.1427.site.1, 105, 142, 247
411483.3.peg.1427.site.2, 5, 151, 156
411483.3.peg.1427.site.3, 0, 146, 146
411483.3.peg.1427.site.4, 1, 144, 145
411483.3.peg.1427.site.5, 71, 131, 202
411483.3.peg.1427.site.6, 0, 146, 146
411483.3.peg.1427.site.7, 3, 143, 146
411483.3.peg.1427.site.8, 3, 147, 150
411483.3.peg.1427.site.9, 1, 151, 152
411483.3.peg.1427.site.10, 3, 146, 149
411483.3.peg.1427.site.11, 10, 149, 159
411483.3.peg.1427.site.12, 8, 146, 154
411483.3.peg.1427.site.13, 13, 153, 166
411483.3.peg.1427.site.14, 2, 153, 155
411483.3.peg.1427.site.15, 0, 153, 153
411483.3.peg.1427.site.16, 1, 153, 154
411483.3.peg.1427.site.17, 9, 151, 160
411483.3.peg.1427.site.18, 6, 148, 154
411483.3.peg.1427.site.19, 13, 147, 160
411483.3.peg.1427.site.20, 1, 147, 148
411483.3.peg.1427.site.21, 6, 139, 145
411483.3.peg.1427.site.22, 2, 141, 143
411483.3.peg.1427.site.23, 31, 127, 158
411483.3.peg.1427.site.24, 1, 126, 127
411483.3.peg.1427.site.25, 1, 131, 132
411483.3.peg.1427.site.26, 1, 126, 127
411483.3.peg.1427.site.27, 1, 134, 135
411483.3.peg.1427.site.28, 1, 139, 140
411483.3.peg.1427.site.29, 15, 129, 144
411483.3.peg.1427.site.30, 136, 147, 283
411483.3.peg.1427.site.31, 4, 151, 155
411483.3.peg.1427.site.32, 4, 150, 154
411483.3.peg.1427.site.33, 6, 150, 156
411483.3.peg.1427.site.34, 68, 142, 210
411483.3.peg.1427.site.35, 94, 143, 237
411483.3.peg.1427.site.36, 2, 152, 154
411483.3.peg.1428.site.1, 0, 152, 152
411483.3.peg.1428.site.2, 2, 153, 155
411483.3.peg.1428.site.3, 3, 152, 155
411483.3.peg.1428.site.4, 21, 146, 167
411483.3.peg.1428.site.5, 69, 138, 207
411483.3.peg.1428.site.6, 40, 123, 163
411483.3.peg.1428.site.7, 2, 141, 143
411483.3.peg.1428.site.8, 2, 132, 134
411483.3.peg.1428.site.9, 74, 123, 197
411483.3.peg.1428.site.10, 0, 129, 129
411483.3.peg.1428.site.11, 3, 128, 131
411483.3.peg.1428.site.12, 10, 131, 141
411483.3.peg.1428.site.13, 15, 129, 144
411483.3.peg.1428.site.14, 0, 133, 133
411483.3.peg.1428.site.15, 7, 132, 139
411483.3.peg.1428.site.16, 0, 133, 133
411483.3.peg.1428.site.17, 0, 129, 129
411483.3.peg.1428.site.18, 2, 123, 125
411483.3.peg.1428.site.19, 2, 118, 120
411483.3.peg.1428.site.20, 1, 112, 113
411483.3.peg.1428.site.21, 2, 102, 104
411483.3.peg.1428.site.22, 1, 97, 98
411483.3.peg.1428.site.23, 1, 101, 102
411483.3.peg.1428.site.24, 9, 103, 112
411483.3.peg.1428.site.25, 12, 103, 115
411483.3.peg.1428.site.26, 14, 107, 121
411483.3.peg.1428.site.27, 65, 105, 170
411483.3.peg.1428.site.28, 16, 125, 141
411483.3.peg.1428.site.29, 16, 127, 143
411483.3.peg.1428.site.30, 1, 130, 131
411483.3.peg.1428.site.31, 1, 124, 125
411483.3.peg.1428.site.32, 44, 119, 163
411483.3.peg.1428.site.33, 1, 125, 126
411483.3.peg.1428.site.34, 24, 123, 147
411483.3.peg.1428.site.35, 2, 128, 130
411483.3.peg.1428.site.36, 2, 142, 144
411483.3.peg.1428.site.37, 4, 140, 144
411483.3.peg.1428.site.38, 7, 130, 137
411483.3.peg.1428.site.39, 10, 124, 134
411483.3.peg.1428.site.40, 10, 130, 140
411483.3.peg.1428.site.41, 1, 113, 114
411483.3.peg.1428.site.42, 6, 109, 115
411483.3.peg.1428.site.43, 2, 119, 121
411483.3.peg.1428.site.44, 83, 138, 221
411483.3.peg.1428.site.45, 1, 150, 151
411483.3.peg.1428.site.46, 9, 154, 163
411483.3.peg.1428.site.47, 1, 155, 156
411483.3.peg.1428.site.48, 9, 154, 163
411483.3.peg.1428.site.49, 1, 155, 156
411483.3.peg.1428.site.50, 0, 154, 154
411483.3.peg.1428.site.51, 14, 149, 163
411483.3.peg.1428.site.52, 0, 148, 148
411483.3.peg.1428.site.53, 2, 153, 155
411483.3.peg.1428.site.54, 3, 151, 154
411483.3.peg.1428.site.55, 0, 148, 148
411483.3.peg.1428.site.56, 0, 147, 147
411483.3.peg.1428.site.57, 2, 151, 153
411483.3.peg.1428.site.58, 0, 149, 149
411483.3.peg.1428.site.59, 4, 151, 155
411483.3.peg.1428.site.60, 14, 150, 164
411483.3.peg.1428.site.61, 0, 149, 149
411483.3.peg.355.site.1, 1, 132, 133
411483.3.peg.355.site.2, 3, 135, 138
411483.3.peg.355.site.3, 1, 133, 134
411483.3.peg.355.site.4, 1, 136, 137
411483.3.peg.355.site.5, 1, 143, 144
411483.3.peg.355.site.6, 3, 142, 145
411483.3.peg.355.site.7, 3, 147, 150
411483.3.peg.355.site.8, 1, 145, 146
411483.3.peg.355.site.9, 7, 149, 156
411483.3.peg.355.site.10, 1, 150, 151
411483.3.peg.355.site.11, 3, 144, 147
411483.3.peg.355.site.12, 2, 150, 152
411483.3.peg.355.site.13, 0, 148, 148
411483.3.peg.355.site.14, 0, 150, 150
411483.3.peg.355.site.15, 15, 144, 159
411483.3.peg.355.site.16, 1, 152, 153
411483.3.peg.355.site.17, 114, 146, 260
411483.3.peg.355.site.18, 51, 141, 192
411483.3.peg.355.site.19, 6, 143, 149
411483.3.peg.355.site.20, 5, 148, 153
411483.3.peg.355.site.21, 10, 148, 158
411483.3.peg.355.site.22, 2, 143, 145
411483.3.peg.355.site.23, 3, 150, 153
411483.3.peg.355.site.24, 16, 133, 149
411483.3.peg.355.site.25, 4, 133, 137
411483.3.peg.355.site.26, 1, 123, 124
411483.3.peg.355.site.27, 10, 122, 132
411483.3.peg.355.site.28, 4, 130, 134
411483.3.peg.355.site.29, 3, 139, 142
411483.3.peg.355.site.30, 1, 136, 137
411483.3.peg.355.site.31, 1, 148, 149
411483.3.peg.355.site.32, 1, 150, 151
411483.3.peg.355.site.33, 17, 147, 164
411483.3.peg.355.site.34, 5, 144, 149
411483.3.peg.355.site.35, 3, 150, 153
411483.3.peg.355.site.36, 1, 149, 150
411483.3.peg.355.site.37, 0, 150, 150
411483.3.peg.355.site.38, 4, 150, 154
411483.3.peg.355.site.39, 13, 145, 158
411483.3.peg.355.site.40, 7, 144, 151
411483.3.peg.355.site.41, 0, 148, 148
411483.3.peg.355.site.42, 22, 144, 166
411483.3.peg.355.site.43, 2, 152, 154
411483.3.peg.355.site.44, 1, 150, 151
411483.3.peg.355.site.45, 11, 151, 162
411483.3.peg.355.site.46, 48, 144, 192
411483.3.peg.355.site.47, 4, 153, 157
411483.3.peg.355.site.48, 4, 155, 159
411483.3.peg.355.site.49, 1, 154, 155
411483.3.peg.355.site.50, 72, 147, 219
411483.3.peg.355.site.51, 0, 147, 147
411483.3.peg.355.site.52, 0, 143, 143
411483.3.peg.355.site.53, 3, 148, 151
411483.3.peg.355.site.54, 0, 140, 140
411483.3.peg.355.site.55, 18, 136, 154
411483.3.peg.355.site.56, 2, 146, 148
411483.3.peg.355.site.57, 12, 146, 158
411483.3.peg.355.site.58, 5, 149, 154
411483.3.peg.355.site.59, 1, 152, 153
411483.3.peg.355.site.60, 1, 151, 152
411483.3.peg.355.site.61, 1, 150, 151
411483.3.peg.355.site.62, 27, 141, 168
411483.3.peg.355.site.63, 113, 146, 259
411483.3.peg.355.site.64, 42, 148, 190
411483.3.peg.355.site.65, 3, 150, 153
411483.3.peg.355.site.66, 1, 144, 145
411483.3.peg.355.site.67, 47, 127, 174
411483.3.peg.355.site.68, 1, 136, 137
411483.3.peg.355.site.69, 56, 119, 175
411483.3.peg.355.site.70, 4, 113, 117
411483.3.peg.355.site.71, 9, 118, 127
411483.3.peg.355.site.72, 83, 96, 179
411483.3.peg.355.site.73, 3, 117, 120
411483.3.peg.355.site.74, 16, 131, 147
411483.3.peg.355.site.75, 3, 138, 141
411483.3.peg.355.site.76, 8, 141, 149
411483.3.peg.355.site.77, 1, 141, 142
411483.3.peg.355.site.78, 5, 149, 154
411483.3.peg.355.site.79, 2, 151, 153
411483.3.peg.355.site.80, 55, 145, 200
411483.3.peg.355.site.81, 4, 149, 153
411483.3.peg.355.site.82, 2, 149, 151
411483.3.peg.355.site.83, 11, 149, 160
411483.3.peg.355.site.84, 15, 139, 154
411483.3.peg.355.site.85, 8, 147, 155
411483.3.peg.355.site.86, 24, 142, 166
411483.3.peg.355.site.87, 8, 145, 153
411483.3.peg.355.site.88, 2, 148, 150
411483.3.peg.355.site.89, 1, 149, 150
411483.3.peg.355.site.90, 3, 145, 148
411483.3.peg.355.site.91, 10, 147, 157
411483.3.peg.355.site.92, 10, 146, 156
411483.3.peg.355.site.93, 2, 145, 147
411483.3.peg.355.site.94, 2, 146, 148
411483.3.peg.355.site.95, 19, 143, 162
411483.3.peg.355.site.96, 1, 133, 134
411483.3.peg.355.site.97, 1, 141, 142
411483.3.peg.355.site.98, 8, 144, 152
411483.3.peg.355.site.99, 9, 137, 146
411483.3.peg.355.site.100, 27, 142, 169
411483.3.peg.355.site.101, 50, 132, 182
411483.3.peg.355.site.102, 0, 145, 145
411483.3.peg.356.site.1, 6, 151, 157
411483.3.peg.356.site.2, 2, 149, 151
411483.3.peg.356.site.3, 90, 142, 232
411483.3.peg.356.site.4, 16, 148, 164
411483.3.peg.356.site.5, 3, 151, 154
411483.3.peg.356.site.6, 0, 148, 148
411483.3.peg.356.site.7, 5, 144, 149
411483.3.peg.356.site.8, 3, 147, 150
411483.3.peg.356.site.9, 3, 150, 153
411483.3.peg.356.site.10, 3, 149, 152
411483.3.peg.356.site.11, 5, 149, 154
411483.3.peg.356.site.12, 1, 150, 151
411483.3.peg.356.site.13, 2, 152, 154
411483.3.peg.356.site.14, 1, 152, 153
411483.3.peg.356.site.15, 0, 152, 152
411483.3.peg.356.site.16, 7, 152, 159
411483.3.peg.356.site.17, 2, 151, 153
411483.3.peg.356.site.18, 6, 154, 160
411483.3.peg.356.site.19, 2, 152, 154
411483.3.peg.356.site.20, 11, 151, 162
411483.3.peg.356.site.21, 3, 153, 156
411483.3.peg.356.site.22, 10, 142, 152
411483.3.peg.356.site.23, 1, 146, 147
411483.3.peg.356.site.24, 4, 148, 152
411483.3.peg.356.site.25, 16, 142, 158
411483.3.peg.356.site.26, 19, 134, 153
411483.3.peg.356.site.27, 7, 141, 148
411483.3.peg.356.site.28, 2, 140, 142
411483.3.peg.356.site.29, 3, 141, 144
411483.3.peg.356.site.30, 3, 138, 141
411483.3.peg.356.site.31, 0, 144, 144
411483.3.peg.356.site.32, 1, 144, 145
411483.3.peg.356.site.33, 3, 149, 152
411483.3.peg.356.site.34, 3, 152, 155
411483.3.peg.356.site.35, 1, 151, 152
411483.3.peg.356.site.36, 7, 150, 157
411483.3.peg.356.site.37, 1, 148, 149
411483.3.peg.356.site.38, 20, 149, 169
411483.3.peg.356.site.39, 0, 153, 153
411483.3.peg.1514.site.1, 48, 81, 129
411483.3.peg.1514.site.2, 0, 131, 131
411483.3.peg.1514.site.3, 0, 135, 135
411483.3.peg.1514.site.4, 0, 137, 137
411483.3.peg.1514.site.5, 0, 148, 148
411483.3.peg.1514.site.6, 0, 142, 142
411483.3.peg.1514.site.7, 4, 149, 153
411483.3.peg.1514.site.8, 4, 150, 154
411483.3.peg.1514.site.9, 0, 150, 150
411483.3.peg.1514.site.10, 1, 152, 153
411483.3.peg.1514.site.11, 61, 131, 192
411483.3.peg.1514.site.12, 4, 151, 155
411483.3.peg.1514.site.13, 5, 152, 157
411483.3.peg.1514.site.14, 0, 135, 135
411483.3.peg.1514.site.15, 0, 153, 153
411483.3.peg.1514.site.16, 1, 155, 156
411483.3.peg.1514.site.17, 4, 155, 159
411483.3.peg.1514.site.18, 2, 152, 154
411483.3.peg.1514.site.19, 4, 152, 156
411483.3.peg.1514.site.20, 3, 150, 153
411483.3.peg.1514.site.21, 7, 151, 158
411483.3.peg.1514.site.22, 0, 154, 154
411483.3.peg.1514.site.23, 0, 152, 152
411483.3.peg.1514.site.24, 4, 152, 156
411483.3.peg.1514.site.25, 9, 148, 157
411483.3.peg.1514.site.26, 1, 150, 151
411483.3.peg.1514.site.27, 69, 133, 202
411483.3.peg.1514.site.28, 61, 132, 193
411483.3.peg.1514.site.29, 3, 148, 151
411483.3.peg.1514.site.30, 11, 135, 146
411483.3.peg.1514.site.31, 1, 149, 150
411483.3.peg.1514.site.32, 3, 153, 156
411483.3.peg.1514.site.33, 8, 154, 162
411483.3.peg.1514.site.34, 2, 154, 156
411483.3.peg.1514.site.35, 1, 150, 151
411483.3.peg.1514.site.36, 1, 151, 152
411483.3.peg.1514.site.37, 0, 145, 145
411483.3.peg.1514.site.38, 5, 147, 152
411483.3.peg.1514.site.39, 29, 142, 171
411483.3.peg.1514.site.40, 5, 143, 148
411483.3.peg.1514.site.41, 3, 148, 151
411483.3.peg.1514.site.42, 20, 135, 155
411483.3.peg.1514.site.43, 1, 149, 150
411483.3.peg.1514.site.44, 1, 144, 145
411483.3.peg.1514.site.45, 1, 149, 150
411483.3.peg.1514.site.46, 4, 131, 135
411483.3.peg.1514.site.47, 1, 145, 146
411483.3.peg.1514.site.48, 6, 147, 153
411483.3.peg.1514.site.49, 99, 134, 233
411483.3.peg.1514.site.50, 0, 142, 142
411483.3.peg.1514.site.51, 0, 140, 140
411483.3.peg.1514.site.52, 2, 130, 132
411483.3.peg.1514.site.53, 9, 123, 132
411483.3.peg.1514.site.54, 25, 120, 145
411483.3.peg.1514.site.55, 0, 132, 132
411483.3.peg.1514.site.56, 9, 124, 133
411483.3.peg.1514.site.57, 10, 114, 124
411483.3.peg.1514.site.58, 116, 116, 232
411483.3.peg.1514.site.59, 1, 118, 119
411483.3.peg.1514.site.60, 5, 123, 128
411483.3.peg.1514.site.61, 0, 126, 126
411483.3.peg.1514.site.62, 0, 113, 113
411483.3.peg.1514.site.63, 3, 108, 111
411483.3.peg.1043.site.1, 1, 152, 153
411483.3.peg.1043.site.2, 0, 153, 153
411483.3.peg.1043.site.3, 151, 152, 303
411483.3.peg.1043.site.4, 0, 154, 154
411483.3.peg.1043.site.5, 1, 149, 150
411483.3.peg.1043.site.6, 3, 150, 153
411483.3.peg.1043.site.7, 0, 150, 150
411483.3.peg.1043.site.8, 0, 146, 146
411483.3.peg.1043.site.9, 0, 149, 149
411483.3.peg.1040.site.1, 4, 150, 154
411483.3.peg.1040.site.2, 4, 154, 158
411483.3.peg.1040.site.3, 0, 151, 151
411483.3.peg.1040.site.4, 3, 148, 151
411483.3.peg.1040.site.5, 1, 152, 153
411483.3.peg.1040.site.6, 3, 150, 153
411483.3.peg.1040.site.7, 28, 145, 173
411483.3.peg.1040.site.8, 26, 142, 168
411483.3.peg.1040.site.9, 2, 150, 152
411483.3.peg.1040.site.10, 7, 147, 154
411483.3.peg.1040.site.11, 1, 148, 149
411483.3.peg.1040.site.12, 37, 142, 179
411483.3.peg.1040.site.13, 15, 134, 149
411483.3.peg.1040.site.14, 2, 140, 142
411483.3.peg.1040.site.15, 51, 137, 188
411483.3.peg.1040.site.16, 81, 138, 219
411483.3.peg.1040.site.17, 3, 144, 147
411483.3.peg.1040.site.18, 1, 144, 145
411483.3.peg.1040.site.19, 43, 133, 176
411483.3.peg.1040.site.20, 1, 148, 149
411483.3.peg.1040.site.21, 145, 149, 294
411483.3.peg.1040.site.22, 2, 147, 149
411483.3.peg.1040.site.23, 1, 147, 148
411483.3.peg.1040.site.24, 8, 144, 152
411483.3.peg.1040.site.25, 1, 145, 146
411483.3.peg.1040.site.26, 26, 136, 162
411483.3.peg.1040.site.27, 6, 140, 146
411483.3.peg.1040.site.28, 30, 132, 162
411483.3.peg.1040.site.29, 20, 138, 158
411483.3.peg.1040.site.30, 0, 145, 145
411483.3.peg.1040.site.31, 1, 146, 147
411483.3.peg.1040.site.32, 2, 146, 148
411483.3.peg.1040.site.33, 46, 135, 181
411483.3.peg.1040.site.34, 1, 145, 146
411483.3.peg.1040.site.35, 7, 149, 156
411483.3.peg.1040.site.36, 17, 152, 169
411483.3.peg.1040.site.37, 3, 152, 155
411483.3.peg.1040.site.38, 2, 151, 153
411483.3.peg.1040.site.39, 21, 145, 166
411483.3.peg.1040.site.40, 3, 148, 151
411483.3.peg.1040.site.41, 8, 147, 155
411483.3.peg.1040.site.42, 10, 150, 160
411483.3.peg.1040.site.43, 128, 149, 277
411483.3.peg.1041.site.1, 51, 146, 197
411483.3.peg.1041.site.2, 4, 154, 158
411483.3.peg.1041.site.3, 1, 154, 155
411483.3.peg.1041.site.4, 2, 155, 157
411483.3.peg.1041.site.5, 2, 154, 156
411483.3.peg.1041.site.6, 8, 151, 159
411483.3.peg.1041.site.7, 1, 152, 153
411483.3.peg.1041.site.8, 6, 152, 158
411483.3.peg.1041.site.9, 0, 152, 152
411483.3.peg.1041.site.10, 2, 151, 153
411483.3.peg.1041.site.11, 2, 153, 155
411483.3.peg.1041.site.12, 3, 152, 155
411483.3.peg.1041.site.13, 152, 153, 305
411483.3.peg.1041.site.14, 3, 154, 157
411483.3.peg.1041.site.15, 6, 152, 158
411483.3.peg.1041.site.16, 3, 155, 158
411483.3.peg.1041.site.17, 6, 153, 159
411483.3.peg.1041.site.18, 20, 150, 170
411483.3.peg.1041.site.19, 0, 153, 153
411483.3.peg.1041.site.20, 4, 153, 157
411483.3.peg.1041.site.21, 3, 151, 154
411483.3.peg.1041.site.22, 2, 154, 156
411483.3.peg.1041.site.23, 8, 150, 158
411483.3.peg.1041.site.24, 14, 141, 155
411483.3.peg.1041.site.25, 4, 155, 159
411483.3.peg.1041.site.26, 0, 154, 154
411483.3.peg.1041.site.27, 2, 154, 156
411483.3.peg.1041.site.28, 0, 154, 154
411483.3.peg.1041.site.29, 1, 146, 147
411483.3.peg.1041.site.30, 0, 155, 155
411483.3.peg.1041.site.31, 42, 143, 185
411483.3.peg.1041.site.32, 2, 150, 152
411483.3.peg.1041.site.33, 2, 150, 152
411483.3.peg.1041.site.34, 3, 154, 157
411483.3.peg.1041.site.35, 1, 155, 156
411483.3.peg.1041.site.36, 15, 154, 169
411483.3.peg.1041.site.37, 1, 154, 155
411483.3.peg.1041.site.38, 1, 154, 155
411483.3.peg.1041.site.39, 20, 149, 169
411483.3.peg.1041.site.40, 14, 149, 163
411483.3.peg.1041.site.41, 0, 155, 155
411483.3.peg.1041.site.42, 1, 155, 156
411483.3.peg.1041.site.43, 1, 153, 154
411483.3.peg.1041.site.44, 3, 153, 156
411483.3.peg.1041.site.45, 1, 154, 155
411483.3.peg.1041.site.46, 0, 153, 153
411483.3.peg.1041.site.47, 0, 153, 153
411483.3.peg.1041.site.48, 0, 153, 153
411483.3.peg.1041.site.49, 4, 154, 158
411483.3.peg.1041.site.50, 3, 151, 154
411483.3.peg.1041.site.51, 8, 146, 154
411483.3.peg.1041.site.52, 58, 144, 202
411483.3.peg.1041.site.53, 24, 146, 170
411483.3.peg.1041.site.54, 38, 146, 184
411483.3.peg.1041.site.55, 1, 153, 154
411483.3.peg.1041.site.56, 1, 154, 155
411483.3.peg.1041.site.57, 9, 153, 162
411483.3.peg.1041.site.58, 26, 145, 171
411483.3.peg.1041.site.59, 1, 148, 149
411483.3.peg.1041.site.60, 8, 146, 154
411483.3.peg.1041.site.61, 13, 141, 154
411483.3.peg.1041.site.62, 16, 128, 144
411483.3.peg.1041.site.63, 1, 135, 136
411483.3.peg.1041.site.64, 5, 143, 148
411483.3.peg.1041.site.65, 64, 136, 200
411483.3.peg.1041.site.66, 59, 137, 196
411483.3.peg.1041.site.67, 0, 146, 146
411483.3.peg.1041.site.68, 1, 148, 149
411483.3.peg.1041.site.69, 1, 152, 153
411483.3.peg.1041.site.70, 6, 154, 160
411483.3.peg.1041.site.71, 19, 151, 170
411483.3.peg.1041.site.72, 3, 145, 148
411483.3.peg.1041.site.73, 2, 151, 153
411483.3.peg.1041.site.74, 1, 147, 148
411483.3.peg.1041.site.75, 55, 131, 186
411483.3.peg.1041.site.76, 142, 148, 290
411483.3.peg.1041.site.77, 0, 147, 147
411483.3.peg.1041.site.78, 0, 146, 146
411483.3.peg.1041.site.79, 1, 150, 151
411483.3.peg.1041.site.80, 1, 152, 153
411483.3.peg.1041.site.81, 109, 147, 256
411483.3.peg.1041.site.82, 4, 152, 156
411483.3.peg.1041.site.83, 22, 150, 172
411483.3.peg.1041.site.84, 16, 141, 157
411483.3.peg.1041.site.85, 32, 144, 176
411483.3.peg.1041.site.86, 0, 153, 153
411483.3.peg.1041.site.87, 1, 153, 154
411483.3.peg.1041.site.88, 0, 152, 152
411483.3.peg.1041.site.89, 17, 151, 168
411483.3.peg.1041.site.90, 1, 153, 154
411483.3.peg.1041.site.91, 3, 153, 156
411483.3.peg.1041.site.92, 0, 153, 153
411483.3.peg.1041.site.93, 4, 151, 155
411483.3.peg.1041.site.94, 4, 153, 157
411483.3.peg.1041.site.95, 4, 154, 158
411483.3.peg.1041.site.96, 9, 152, 161
411483.3.peg.1041.site.97, 23, 148, 171
411483.3.peg.1041.site.98, 0, 148, 148
411483.3.peg.1041.site.99, 0, 148, 148
411483.3.peg.1041.site.100, 0, 145, 145
411483.3.peg.1041.site.101, 13, 149, 162
411483.3.peg.1041.site.102, 6, 149, 155
411483.3.peg.1041.site.103, 23, 144, 167
411483.3.peg.1041.site.104, 0, 148, 148
411483.3.peg.1041.site.105, 1, 154, 155
411483.3.peg.1041.site.106, 1, 153, 154
411483.3.peg.1041.site.107, 1, 152, 153
411483.3.peg.1041.site.108, 8, 153, 161
411483.3.peg.1041.site.109, 12, 154, 166
411483.3.peg.1041.site.110, 10, 151, 161
411483.3.peg.1041.site.111, 1, 153, 154
411483.3.peg.1041.site.112, 2, 149, 151
411483.3.peg.1041.site.113, 36, 136, 172
411483.3.peg.1041.site.114, 4, 145, 149
411483.3.peg.1041.site.115, 1, 145, 146
411483.3.peg.1041.site.116, 7, 142, 149
411483.3.peg.1041.site.117, 1, 142, 143
411483.3.peg.1041.site.118, 2, 136, 138
411483.3.peg.1041.site.119, 5, 132, 137
411483.3.peg.1041.site.120, 1, 112, 113
411483.3.peg.1041.site.121, 3, 112, 115
411483.3.peg.1041.site.122, 1, 116, 117
411483.3.peg.1041.site.123, 2, 116, 118
411483.3.peg.1041.site.124, 15, 117, 132
411483.3.peg.1041.site.125, 2, 132, 134
411483.3.peg.1041.site.126, 30, 128, 158
411483.3.peg.1041.site.127, 0, 139, 139
411483.3.peg.1041.site.128, 2, 135, 137
411483.3.peg.1041.site.129, 2, 143, 145
411483.3.peg.1041.site.130, 6, 141, 147
411483.3.peg.1041.site.131, 2, 136, 138
411483.3.peg.1041.site.132, 3, 133, 136
411483.3.peg.1041.site.133, 0, 131, 131
411483.3.peg.1041.site.134, 3, 134, 137
411483.3.peg.1041.site.135, 3, 128, 131
411483.3.peg.1041.site.136, 11, 125, 136
411483.3.peg.1041.site.137, 113, 128, 241
411483.3.peg.1041.site.138, 1, 130, 131
411483.3.peg.1041.site.139, 31, 109, 140
411483.3.peg.1041.site.140, 4, 106, 110
411483.3.peg.1041.site.141, 2, 96, 98
411483.3.peg.1041.site.142, 4, 95, 99
411483.3.peg.1041.site.143, 3, 91, 94
411483.3.peg.1041.site.144, 1, 80, 81
411483.3.peg.1041.site.145, 5, 82, 87
411483.3.peg.1041.site.146, 3, 76, 79
411483.3.peg.1041.site.147, 32, 53, 85
411483.3.peg.1041.site.148, 0, 38, 38
411483.3.peg.1041.site.149, 0, 40, 40
411483.3.peg.1041.site.150, 1, 38, 39
411483.3.peg.1041.site.151, 4, 37, 41
411483.3.peg.1041.site.152, 0, 18, 18
411483.3.peg.1041.site.153, 2, 5, 7
411483.3.peg.1041.site.154, 2, 93, 95
411483.3.peg.1041.site.155, 0, 98, 98
411483.3.peg.1041.site.156, 18, 106, 124
411483.3.peg.1041.site.157, 0, 134, 134
411483.3.peg.1041.site.158, 0, 142, 142
411483.3.peg.1041.site.159, 0, 150, 150
411483.3.peg.1041.site.160, 0, 151, 151
411483.3.peg.1041.site.161, 0, 153, 153
411483.3.peg.1041.site.162, 0, 145, 145
411483.3.peg.1046.site.1, 4, 127, 131
411483.3.peg.1046.site.2, 18, 124, 142
411483.3.peg.1046.site.3, 0, 130, 130
411483.3.peg.1046.site.4, 0, 133, 133
411483.3.peg.1046.site.5, 3, 133, 136
411483.3.peg.1046.site.6, 74, 119, 193
411483.3.peg.1046.site.7, 2, 127, 129
411483.3.peg.1046.site.8, 22, 118, 140
411483.3.peg.1046.site.9, 1, 137, 138
411483.3.peg.1046.site.10, 128, 137, 265
411483.3.peg.1046.site.11, 0, 136, 136
411483.3.peg.1046.site.12, 2, 134, 136
411483.3.peg.1046.site.13, 26, 128, 154
411483.3.peg.1046.site.14, 9, 137, 146
411483.3.peg.1046.site.15, 8, 133, 141
411483.3.peg.1046.site.16, 1, 137, 138
411483.3.peg.1046.site.17, 29, 125, 154
411483.3.peg.1046.site.18, 15, 130, 145
411483.3.peg.1046.site.19, 2, 133, 135
411483.3.peg.1046.site.20, 1, 122, 123
411483.3.peg.1046.site.21, 2, 118, 120
411483.3.peg.1046.site.22, 5, 129, 134
411483.3.peg.1046.site.23, 3, 129, 132
411483.3.peg.1046.site.24, 2, 131, 133
411483.3.peg.1046.site.25, 46, 121, 167
411483.3.peg.1046.site.26, 7, 126, 133
411483.3.peg.1046.site.27, 111, 128, 239
411483.3.peg.1046.site.28, 5, 130, 135
411483.3.peg.1046.site.29, 114, 135, 249
411483.3.peg.1046.site.30, 2, 143, 145
411483.3.peg.1046.site.31, 14, 144, 158
411483.3.peg.1046.site.32, 1, 145, 146
411483.3.peg.1046.site.33, 1, 148, 149
411483.3.peg.1046.site.34, 1, 143, 144
411483.3.peg.1046.site.35, 2, 148, 150
411483.3.peg.1046.site.36, 3, 149, 152
411483.3.peg.1046.site.37, 41, 142, 183
411483.3.peg.1046.site.38, 0, 148, 148
411483.3.peg.1046.site.39, 1, 145, 146
411483.3.peg.1046.site.40, 66, 137, 203
411483.3.peg.1046.site.41, 10, 150, 160
411483.3.peg.1046.site.42, 10, 146, 156
411483.3.peg.1046.site.43, 2, 148, 150
411483.3.peg.1046.site.44, 3, 148, 151
411483.3.peg.1046.site.45, 1, 148, 149
411483.3.peg.1046.site.46, 2, 144, 146
411483.3.peg.1046.site.47, 131, 138, 269
411483.3.peg.1046.site.48, 13, 127, 140
411483.3.peg.1046.site.49, 3, 134, 137
411483.3.peg.1046.site.50, 21, 127, 148
411483.3.peg.1046.site.51, 1, 140, 141
411483.3.peg.1046.site.52, 5, 143, 148
411483.3.peg.1046.site.53, 1, 144, 145
411483.3.peg.1046.site.54, 136, 142, 278
411483.3.peg.1046.site.55, 9, 147, 156
411483.3.peg.1046.site.56, 6, 144, 150
411483.3.peg.1046.site.57, 3, 127, 130
411483.3.peg.1046.site.58, 0, 145, 145
411483.3.peg.1046.site.59, 15, 134, 149
411483.3.peg.1046.site.60, 2, 149, 151
411483.3.peg.1046.site.61, 142, 148, 290
411483.3.peg.1046.site.62, 2, 150, 152
411483.3.peg.1047.site.1, 0, 151, 151
411483.3.peg.1047.site.2, 56, 138, 194
411483.3.peg.1047.site.3, 3, 153, 156
411483.3.peg.1047.site.4, 11, 150, 161
411483.3.peg.1047.site.5, 8, 147, 155
411483.3.peg.1047.site.6, 2, 148, 150
411483.3.peg.1047.site.7, 1, 151, 152
411483.3.peg.1047.site.8, 1, 151, 152
411483.3.peg.1047.site.9, 1, 144, 145
411483.3.peg.1047.site.10, 9, 144, 153
411483.3.peg.1047.site.11, 1, 151, 152
411483.3.peg.1047.site.12, 51, 144, 195
411483.3.peg.1047.site.13, 1, 153, 154
411483.3.peg.1047.site.14, 2, 154, 156
411483.3.peg.1047.site.15, 7, 155, 162
411483.3.peg.1047.site.16, 1, 151, 152
411483.3.peg.1047.site.17, 12, 136, 148
411483.3.peg.1047.site.18, 1, 153, 154
411483.3.peg.1047.site.19, 10, 152, 162
411483.3.peg.1047.site.20, 1, 154, 155
411483.3.peg.1047.site.21, 4, 151, 155
411483.3.peg.1047.site.22, 144, 151, 295
411483.3.peg.1047.site.23, 6, 153, 159
411483.3.peg.1047.site.24, 1, 152, 153
411483.3.peg.1047.site.25, 1, 152, 153
411483.3.peg.1047.site.26, 3, 145, 148
411483.3.peg.1047.site.27, 81, 136, 217
411483.3.peg.1047.site.28, 3, 145, 148
411483.3.peg.1047.site.29, 16, 142, 158
411483.3.peg.1047.site.30, 17, 145, 162
411483.3.peg.1047.site.31, 6, 150, 156
411483.3.peg.1047.site.32, 4, 148, 152
411483.3.peg.1047.site.33, 80, 147, 227
411483.3.peg.1047.site.34, 24, 155, 179
411483.3.peg.1047.site.35, 2, 153, 155
411483.3.peg.1047.site.36, 64, 135, 199
411483.3.peg.1047.site.37, 70, 143, 213
411483.3.peg.1047.site.38, 10, 151, 161
411483.3.peg.1047.site.39, 2, 154, 156
411483.3.peg.1047.site.40, 0, 154, 154
411483.3.peg.1512.site.1, 1, 150, 151
411483.3.peg.1512.site.2, 4, 115, 119
411483.3.peg.1512.site.3, 3, 113, 116
411483.3.peg.1512.site.4, 6, 112, 118
411483.3.peg.1512.site.5, 3, 96, 99
411483.3.peg.1512.site.6, 2, 81, 83
411483.3.peg.1512.site.7, 1, 89, 90
411483.3.peg.1512.site.8, 4, 65, 69
411483.3.peg.1512.site.9, 2, 75, 77
411483.3.peg.1512.site.10, 1, 65, 66
411483.3.peg.1512.site.11, 29, 69, 98
411483.3.peg.1512.site.12, 3, 60, 63
411483.3.peg.1512.site.13, 2, 81, 83
411483.3.peg.1512.site.14, 1, 102, 103
411483.3.peg.1512.site.15, 2, 108, 110
411483.3.peg.1512.site.16, 3, 113, 116
411483.3.peg.1512.site.17, 14, 117, 131
411483.3.peg.1512.site.18, 50, 110, 160
411483.3.peg.1512.site.19, 0, 121, 121
411483.3.peg.1512.site.20, 2, 125, 127
411483.3.peg.1512.site.21, 1, 135, 136
411483.3.peg.1512.site.22, 11, 142, 153
411483.3.peg.1512.site.23, 1, 152, 153
411483.3.peg.1512.site.24, 2, 151, 153
411483.3.peg.1512.site.25, 1, 153, 154
411483.3.peg.1512.site.26, 0, 154, 154
411483.3.peg.1512.site.27, 0, 150, 150
411483.3.peg.1048.site.1, 0, 152, 152
411483.3.peg.1048.site.2, 9, 148, 157
411483.3.peg.1048.site.3, 6, 153, 159
411483.3.peg.1048.site.4, 5, 147, 152
411483.3.peg.1048.site.5, 0, 150, 150
411483.3.peg.1048.site.6, 10, 143, 153
411483.3.peg.1048.site.7, 13, 143, 156
411483.3.peg.1048.site.8, 30, 134, 164
411483.3.peg.1048.site.9, 8, 149, 157
411483.3.peg.1048.site.10, 8, 147, 155
411483.3.peg.1048.site.11, 4, 153, 157
411483.3.peg.1048.site.12, 1, 153, 154
411483.3.peg.1048.site.13, 7, 149, 156
411483.3.peg.1048.site.14, 2, 149, 151
411483.3.peg.1048.site.15, 24, 145, 169
411483.3.peg.1048.site.16, 22, 148, 170
411483.3.peg.1048.site.17, 1, 150, 151
411483.3.peg.1048.site.18, 35, 143, 178
411483.3.peg.1048.site.19, 1, 154, 155
411483.3.peg.1048.site.20, 1, 153, 154
411483.3.peg.1048.site.21, 8, 152, 160
411483.3.peg.1048.site.22, 29, 149, 178
411483.3.peg.1048.site.23, 16, 153, 169
411483.3.peg.1048.site.24, 4, 152, 156
411483.3.peg.1048.site.25, 8, 154, 162
411483.3.peg.1048.site.26, 2, 154, 156
411483.3.peg.1048.site.27, 9, 150, 159
411483.3.peg.1048.site.28, 1, 153, 154
411483.3.peg.1048.site.29, 6, 151, 157
411483.3.peg.1048.site.30, 2, 152, 154
411483.3.peg.1048.site.31, 9, 151, 160
411483.3.peg.1048.site.32, 1, 152, 153
411483.3.peg.1048.site.33, 2, 151, 153
411483.3.peg.1048.site.34, 5, 148, 153
411483.3.peg.1048.site.35, 2, 154, 156
411483.3.peg.1048.site.36, 0, 154, 154
411483.3.peg.1048.site.37, 0, 155, 155
411483.3.peg.1048.site.38, 4, 155, 159
411483.3.peg.1048.site.39, 35, 151, 186
411483.3.peg.1048.site.40, 0, 151, 151
411483.3.peg.1048.site.41, 0, 152, 152
411483.3.peg.1048.site.42, 0, 150, 150
411483.3.peg.1048.site.43, 3, 150, 153
411483.3.peg.1048.site.44, 25, 146, 171
411483.3.peg.1048.site.45, 70, 146, 216
411483.3.peg.1048.site.46, 2, 152, 154
411483.3.peg.1048.site.47, 12, 151, 163
411483.3.peg.1048.site.48, 44, 145, 189
411483.3.peg.1048.site.49, 0, 150, 150
411483.3.peg.1048.site.50, 31, 140, 171
411483.3.peg.1048.site.51, 3, 153, 156
411483.3.peg.1048.site.52, 7, 150, 157
411483.3.peg.1048.site.53, 4, 148, 152
411483.3.peg.1048.site.54, 5, 147, 152
411483.3.peg.1048.site.55, 64, 140, 204
411483.3.peg.1048.site.56, 0, 153, 153
411483.3.peg.1048.site.57, 3, 150, 153
411483.3.peg.1048.site.58, 6, 147, 153
411483.3.peg.1048.site.59, 49, 140, 189
411483.3.peg.1048.site.60, 2, 151, 153
411483.3.peg.1048.site.61, 84, 143, 227
411483.3.peg.1048.site.62, 8, 153, 161
411483.3.peg.1048.site.63, 0, 148, 148
411483.3.peg.1048.site.64, 2, 147, 149
411483.3.peg.1048.site.65, 3, 148, 151
411483.3.peg.1048.site.66, 3, 148, 151
411483.3.peg.1048.site.67, 10, 145, 155
411483.3.peg.1048.site.68, 1, 149, 150
411483.3.peg.1048.site.69, 4, 148, 152
411483.3.peg.1048.site.70, 1, 144, 145
411483.3.peg.1048.site.71, 6, 145, 151
411483.3.peg.1048.site.72, 12, 149, 161
411483.3.peg.1048.site.73, 6, 146, 152
411483.3.peg.1048.site.74, 5, 151, 156
411483.3.peg.1048.site.75, 1, 152, 153
411483.3.peg.1048.site.76, 3, 151, 154
411483.3.peg.1048.site.77, 2, 148, 150
411483.3.peg.1048.site.78, 2, 149, 151
411483.3.peg.1048.site.79, 6, 144, 150
411483.3.peg.1048.site.80, 0, 148, 148
411483.3.peg.1048.site.81, 1, 144, 145
411483.3.peg.1048.site.82, 6, 144, 150
411483.3.peg.1048.site.83, 0, 149, 149
411483.3.peg.1048.site.84, 3, 142, 145
411483.3.peg.1048.site.85, 138, 146, 284
411483.3.peg.1048.site.86, 0, 147, 147
411483.3.peg.1048.site.87, 0, 147, 147
411483.3.peg.1048.site.88, 3, 146, 149
411483.3.peg.1048.site.89, 132, 138, 270
411483.3.peg.1048.site.90, 9, 139, 148
411483.3.peg.1048.site.91, 2, 153, 155
411483.3.peg.1048.site.92, 12, 145, 157
411483.3.peg.1048.site.93, 1, 142, 143
411483.3.peg.1048.site.94, 0, 151, 151
411483.3.peg.1048.site.95, 8, 149, 157
411483.3.peg.1048.site.96, 0, 143, 143
411483.3.peg.1048.site.97, 0, 150, 150
411483.3.peg.1048.site.98, 67, 138, 205
411483.3.peg.1048.site.99, 8, 149, 157
411483.3.peg.1048.site.100, 1, 153, 154
411483.3.peg.1518.site.1, 0, 150, 150
411483.3.peg.1518.site.2, 2, 150, 152
411483.3.peg.1518.site.3, 8, 149, 157
411483.3.peg.1518.site.4, 2, 148, 150
411483.3.peg.1518.site.5, 14, 148, 162
411483.3.peg.1518.site.6, 1, 147, 148
411483.3.peg.1518.site.7, 3, 146, 149
411483.3.peg.1518.site.8, 9, 141, 150
411483.3.peg.1518.site.9, 10, 143, 153
411483.3.peg.1518.site.10, 145, 147, 292
411483.3.peg.1518.site.11, 12, 145, 157
411483.3.peg.1518.site.12, 6, 152, 158
411483.3.peg.1519.site.1, 0, 149, 149
411483.3.peg.1519.site.2, 5, 145, 150
411483.3.peg.1519.site.3, 11, 146, 157
411483.3.peg.1519.site.4, 33, 141, 174
411483.3.peg.1519.site.5, 35, 137, 172
411483.3.peg.1519.site.6, 2, 136, 138
411483.3.peg.1519.site.7, 15, 148, 163
411483.3.peg.1519.site.8, 7, 149, 156
411483.3.peg.1519.site.9, 2, 149, 151
411483.3.peg.1519.site.10, 1, 152, 153
411483.3.peg.1519.site.11, 2, 153, 155
411483.3.peg.1519.site.12, 3, 154, 157
411483.3.peg.1519.site.13, 3, 155, 158
411483.3.peg.1519.site.14, 0, 150, 150
411483.3.peg.1519.site.15, 9, 152, 161
411483.3.peg.1519.site.16, 2, 151, 153
411483.3.peg.1519.site.17, 148, 148, 296
411483.3.peg.1519.site.18, 3, 151, 154
411483.3.peg.1519.site.19, 2, 151, 153
411483.3.peg.1519.site.20, 2, 154, 156
411483.3.peg.1519.site.21, 1, 149, 150
411483.3.peg.1519.site.22, 13, 145, 158
411483.3.peg.1519.site.23, 31, 142, 173
411483.3.peg.1519.site.24, 1, 148, 149
411483.3.peg.1519.site.25, 149, 150, 299
411483.3.peg.1519.site.26, 2, 147, 149
411483.3.peg.1519.site.27, 5, 144, 149
411483.3.peg.1519.site.28, 16, 140, 156
411483.3.peg.1519.site.29, 7, 152, 159
411483.3.peg.1519.site.30, 2, 153, 155
411483.3.peg.1519.site.31, 1, 150, 151
411483.3.peg.1519.site.32, 1, 151, 152
411483.3.peg.1519.site.33, 9, 149, 158
411483.3.peg.1519.site.34, 4, 150, 154
411483.3.peg.1519.site.35, 106, 142, 248
411483.3.peg.1519.site.36, 28, 148, 176
411483.3.peg.1519.site.37, 5, 150, 155
411483.3.peg.1519.site.38, 0, 148, 148
411483.3.peg.1519.site.39, 2, 150, 152
411483.3.peg.357.site.1, 0, 154, 154
411483.3.peg.357.site.2, 1, 152, 153
411483.3.peg.357.site.3, 1, 154, 155
411483.3.peg.357.site.4, 8, 149, 157
411483.3.peg.357.site.5, 19, 144, 163
411483.3.peg.357.site.6, 1, 153, 154
411483.3.peg.357.site.7, 10, 152, 162
411483.3.peg.357.site.8, 1, 155, 156
411483.3.peg.357.site.9, 3, 154, 157
411483.3.peg.357.site.10, 20, 152, 172
411483.3.peg.357.site.11, 17, 151, 168
411483.3.peg.357.site.12, 9, 151, 160
411483.3.peg.357.site.13, 8, 152, 160
411483.3.peg.357.site.14, 118, 148, 266
411483.3.peg.357.site.15, 79, 140, 219
411483.3.peg.357.site.16, 1, 147, 148
411483.3.peg.357.site.17, 0, 145, 145
411483.3.peg.357.site.18, 5, 145, 150
411483.3.peg.357.site.19, 9, 145, 154
411483.3.peg.357.site.20, 6, 149, 155
411483.3.peg.357.site.21, 8, 152, 160
411483.3.peg.357.site.22, 2, 152, 154
411483.3.peg.357.site.23, 1, 154, 155
411483.3.peg.357.site.24, 5, 152, 157
411483.3.peg.357.site.25, 30, 146, 176
411483.3.peg.357.site.26, 21, 149, 170
411483.3.peg.357.site.27, 1, 150, 151
411483.3.peg.357.site.28, 16, 136, 152
411483.3.peg.357.site.29, 9, 145, 154
411483.3.peg.357.site.30, 0, 146, 146
411483.3.peg.357.site.31, 1, 143, 144
411483.3.peg.357.site.32, 1, 146, 147
411483.3.peg.357.site.33, 1, 140, 141
411483.3.peg.357.site.34, 6, 148, 154
411483.3.peg.357.site.35, 9, 146, 155
411483.3.peg.357.site.36, 8, 140, 148
411483.3.peg.357.site.37, 0, 148, 148
411483.3.peg.357.site.38, 1, 142, 143
411483.3.peg.357.site.39, 8, 143, 151
411483.3.peg.357.site.40, 2, 126, 128
411483.3.peg.357.site.41, 1, 130, 131
411483.3.peg.357.site.42, 95, 101, 196
411483.3.peg.357.site.43, 8, 125, 133
411483.3.peg.357.site.44, 42, 105, 147
411483.3.peg.357.site.45, 0, 154, 154
411483.3.peg.357.site.46, 8, 155, 163
411483.3.peg.357.site.47, 1, 152, 153
411483.3.peg.357.site.48, 3, 154, 157
411483.3.peg.357.site.49, 58, 142, 200
411483.3.peg.357.site.50, 110, 144, 254
411483.3.peg.357.site.51, 6, 152, 158
411483.3.peg.357.site.52, 0, 152, 152
411483.3.peg.357.site.53, 3, 152, 155
411483.3.peg.357.site.54, 102, 146, 248
411483.3.peg.357.site.55, 1, 153, 154
411483.3.peg.357.site.56, 2, 155, 157
411483.3.peg.357.site.57, 3, 152, 155
411483.3.peg.357.site.58, 0, 143, 143
411483.3.peg.357.site.59, 0, 141, 141
411483.3.peg.565.site.1, 1, 153, 154
411483.3.peg.565.site.2, 2, 154, 156
411483.3.peg.565.site.3, 2, 154, 156
411483.3.peg.565.site.4, 98, 144, 242
411483.3.peg.565.site.5, 6, 150, 156
411483.3.peg.565.site.6, 0, 154, 154
411483.3.peg.565.site.7, 2, 153, 155
411483.3.peg.565.site.8, 1, 154, 155
411483.3.peg.565.site.9, 5, 152, 157
411483.3.peg.565.site.10, 1, 151, 152
411483.3.peg.565.site.11, 2, 152, 154
411483.3.peg.565.site.12, 2, 149, 151
411483.3.peg.565.site.13, 1, 151, 152
411483.3.peg.565.site.14, 7, 149, 156
411483.3.peg.565.site.15, 20, 154, 174
411483.3.peg.565.site.16, 2, 153, 155
411483.3.peg.565.site.17, 1, 153, 154
411483.3.peg.565.site.18, 2, 151, 153
411483.3.peg.565.site.19, 44, 142, 186
411483.3.peg.565.site.20, 144, 150, 294
411483.3.peg.565.site.21, 9, 146, 155
411483.3.peg.565.site.22, 4, 143, 147
411483.3.peg.565.site.23, 10, 142, 152
411483.3.peg.565.site.24, 2, 139, 141
411483.3.peg.565.site.25, 1, 140, 141
411483.3.peg.565.site.26, 2, 140, 142
411483.3.peg.565.site.27, 1, 140, 141
411483.3.peg.565.site.28, 1, 144, 145
411483.3.peg.565.site.29, 5, 142, 147
411483.3.peg.565.site.30, 27, 136, 163
411483.3.peg.565.site.31, 1, 137, 138
411483.3.peg.565.site.32, 8, 132, 140
411483.3.peg.565.site.33, 1, 140, 141
411483.3.peg.565.site.34, 1, 146, 147
411483.3.peg.565.site.35, 2, 146, 148
411483.3.peg.565.site.36, 2, 149, 151
411483.3.peg.565.site.37, 143, 147, 290
411483.3.peg.565.site.38, 2, 146, 148
411483.3.peg.565.site.39, 6, 144, 150
411483.3.peg.565.site.40, 129, 139, 268
411483.3.peg.565.site.41, 6, 145, 151
411483.3.peg.565.site.42, 50, 140, 190
411483.3.peg.565.site.43, 6, 130, 136
411483.3.peg.565.site.44, 0, 146, 146
411483.3.peg.565.site.45, 1, 144, 145
411483.3.peg.565.site.46, 3, 150, 153
411483.3.peg.565.site.47, 1, 148, 149
411483.3.peg.565.site.48, 1, 147, 148
411483.3.peg.565.site.49, 17, 131, 148
411483.3.peg.565.site.50, 3, 135, 138
411483.3.peg.565.site.51, 32, 132, 164
411483.3.peg.565.site.52, 2, 137, 139
411483.3.peg.565.site.53, 2, 130, 132
411483.3.peg.565.site.54, 5, 139, 144
411483.3.peg.565.site.55, 31, 141, 172
411483.3.peg.565.site.56, 7, 150, 157
411483.3.peg.565.site.57, 12, 147, 159
411483.3.peg.565.site.58, 8, 143, 151
411483.3.peg.565.site.59, 1, 155, 156
411483.3.peg.565.site.60, 69, 145, 214
411483.3.peg.565.site.61, 11, 153, 164
411483.3.peg.565.site.62, 3, 151, 154
411483.3.peg.565.site.63, 42, 144, 186
411483.3.peg.565.site.64, 46, 144, 190
411483.3.peg.565.site.65, 2, 153, 155
411483.3.peg.565.site.66, 2, 150, 152
411483.3.peg.565.site.67, 1, 147, 148
411483.3.peg.565.site.68, 145, 151, 296
411483.3.peg.565.site.69, 9, 150, 159
411483.3.peg.565.site.70, 3, 149, 152
411483.3.peg.565.site.71, 1, 150, 151
411483.3.peg.565.site.72, 9, 149, 158
411483.3.peg.565.site.73, 1, 148, 149
411483.3.peg.565.site.74, 5, 146, 151
411483.3.peg.565.site.75, 43, 139, 182
411483.3.peg.565.site.76, 4, 144, 148
411483.3.peg.565.site.77, 29, 142, 171
411483.3.peg.565.site.78, 2, 142, 144
411483.3.peg.565.site.79, 16, 142, 158
411483.3.peg.565.site.80, 1, 149, 150
411483.3.peg.565.site.81, 1, 147, 148
411483.3.peg.565.site.82, 8, 151, 159
411483.3.peg.565.site.83, 4, 153, 157
411483.3.peg.565.site.84, 2, 152, 154
411483.3.peg.565.site.85, 0, 149, 149
411483.3.peg.565.site.86, 1, 151, 152
411483.3.peg.565.site.87, 5, 148, 153
411483.3.peg.565.site.88, 1, 154, 155
411483.3.peg.565.site.89, 13, 150, 163
411483.3.peg.565.site.90, 1, 151, 152
411483.3.peg.565.site.91, 11, 150, 161
411483.3.peg.565.site.92, 0, 153, 153
411483.3.peg.565.site.93, 8, 152, 160
411483.3.peg.565.site.94, 1, 154, 155
411483.3.peg.564.site.1, 7, 150, 157
411483.3.peg.564.site.2, 3, 152, 155
411483.3.peg.564.site.3, 7, 149, 156
411483.3.peg.564.site.4, 3, 153, 156
411483.3.peg.564.site.5, 1, 153, 154
411483.3.peg.564.site.6, 2, 151, 153
411483.3.peg.564.site.7, 1, 152, 153
411483.3.peg.564.site.8, 1, 153, 154
411483.3.peg.564.site.9, 0, 154, 154
411483.3.peg.564.site.10, 1, 153, 154
411483.3.peg.564.site.11, 152, 155, 307
411483.3.peg.564.site.12, 19, 150, 169
411483.3.peg.564.site.13, 154, 154, 308
411483.3.peg.564.site.14, 16, 148, 164
411483.3.peg.564.site.15, 24, 141, 165
411483.3.peg.564.site.16, 2, 150, 152
411483.3.peg.564.site.17, 3, 151, 154
411483.3.peg.564.site.18, 7, 155, 162
411483.3.peg.564.site.19, 1, 154, 155
411483.3.peg.564.site.20, 1, 153, 154
411483.3.peg.564.site.21, 1, 154, 155
411483.3.peg.564.site.22, 61, 141, 202
411483.3.peg.564.site.23, 1, 152, 153
411483.3.peg.564.site.24, 88, 142, 230
411483.3.peg.564.site.25, 2, 152, 154
411483.3.peg.564.site.26, 1, 153, 154
411483.3.peg.564.site.27, 17, 147, 164
411483.3.peg.564.site.28, 6, 152, 158
411483.3.peg.564.site.29, 4, 150, 154
411483.3.peg.564.site.30, 6, 149, 155
411483.3.peg.564.site.31, 3, 150, 153
411483.3.peg.564.site.32, 12, 150, 162
411483.3.peg.564.site.33, 56, 144, 200
411483.3.peg.564.site.34, 25, 148, 173
411483.3.peg.564.site.35, 1, 150, 151
411483.3.peg.564.site.36, 3, 147, 150
411483.3.peg.564.site.37, 3, 145, 148
411483.3.peg.564.site.38, 6, 144, 150
411483.3.peg.564.site.39, 1, 145, 146
411483.3.peg.564.site.40, 7, 145, 152
411483.3.peg.564.site.41, 121, 139, 260
411483.3.peg.564.site.42, 2, 142, 144
411483.3.peg.564.site.43, 93, 137, 230
411483.3.peg.564.site.44, 2, 148, 150
411483.3.peg.564.site.45, 4, 147, 151
411483.3.peg.564.site.46, 21, 148, 169
411483.3.peg.564.site.47, 9, 151, 160
411483.3.peg.564.site.48, 1, 150, 151
411483.3.peg.564.site.49, 2, 148, 150
411483.3.peg.564.site.50, 3, 152, 155
411483.3.peg.564.site.51, 0, 151, 151
411483.3.peg.564.site.52, 3, 149, 152
411483.3.peg.564.site.53, 15, 148, 163
411483.3.peg.564.site.54, 0, 147, 147
411483.3.peg.564.site.55, 0, 148, 148
411483.3.peg.564.site.56, 3, 150, 153
411483.3.peg.564.site.57, 1, 146, 147
411483.3.peg.564.site.58, 2, 148, 150
411483.3.peg.564.site.59, 0, 147, 147
411483.3.peg.564.site.60, 2, 145, 147
411483.3.peg.564.site.61, 1, 147, 148
411483.3.peg.564.site.62, 1, 146, 147
411483.3.peg.564.site.63, 6, 151, 157
411483.3.peg.564.site.64, 23, 144, 167
411483.3.peg.564.site.65, 1, 146, 147
411483.3.peg.564.site.66, 1, 143, 144
411483.3.peg.564.site.67, 39, 137, 176
411483.3.peg.564.site.68, 1, 142, 143
411483.3.peg.564.site.69, 22, 135, 157
411483.3.peg.564.site.70, 7, 140, 147
411483.3.peg.564.site.71, 31, 139, 170
411483.3.peg.564.site.72, 4, 152, 156
411483.3.peg.564.site.73, 15, 147, 162
411483.3.peg.564.site.74, 26, 144, 170
411483.3.peg.564.site.75, 6, 154, 160
411483.3.peg.564.site.76, 1, 152, 153
411483.3.peg.564.site.77, 1, 154, 155
411483.3.peg.564.site.78, 1, 154, 155
411483.3.peg.564.site.79, 47, 150, 197
411483.3.peg.564.site.80, 0, 155, 155
411483.3.peg.564.site.81, 2, 152, 154
411483.3.peg.563.site.1, 2, 142, 144
411483.3.peg.563.site.2, 0, 145, 145
411483.3.peg.563.site.3, 1, 151, 152
411483.3.peg.563.site.4, 1, 146, 147
411483.3.peg.563.site.5, 5, 147, 152
411483.3.peg.563.site.6, 1, 145, 146
411483.3.peg.563.site.7, 6, 144, 150
411483.3.peg.563.site.8, 3, 147, 150
411483.3.peg.563.site.9, 24, 146, 170
411483.3.peg.563.site.10, 7, 153, 160
411483.3.peg.563.site.11, 3, 151, 154
411483.3.peg.563.site.12, 3, 153, 156
411483.3.peg.563.site.13, 1, 151, 152
411483.3.peg.563.site.14, 7, 152, 159
411483.3.peg.563.site.15, 1, 153, 154
411483.3.peg.563.site.16, 3, 153, 156
411483.3.peg.563.site.17, 95, 149, 244
411483.3.peg.563.site.18, 1, 153, 154
411483.3.peg.563.site.19, 23, 146, 169
411483.3.peg.563.site.20, 8, 142, 150
411483.3.peg.563.site.21, 3, 150, 153
411483.3.peg.563.site.22, 8, 143, 151
411483.3.peg.563.site.23, 46, 136, 182
411483.3.peg.563.site.24, 25, 142, 167
411483.3.peg.563.site.25, 1, 142, 143
411483.3.peg.563.site.26, 0, 146, 146
411483.3.peg.563.site.27, 1, 144, 145
411483.3.peg.563.site.28, 6, 142, 148
411483.3.peg.563.site.29, 1, 140, 141
411483.3.peg.563.site.30, 2, 143, 145
411483.3.peg.563.site.31, 4, 143, 147
411483.3.peg.563.site.32, 3, 147, 150
411483.3.peg.563.site.33, 19, 144, 163
411483.3.peg.563.site.34, 1, 153, 154
411483.3.peg.563.site.35, 15, 147, 162
411483.3.peg.563.site.36, 0, 154, 154
411483.3.peg.563.site.37, 7, 153, 160
411483.3.peg.563.site.38, 3, 155, 158
411483.3.peg.563.site.39, 8, 151, 159
411483.3.peg.563.site.40, 66, 143, 209
411483.3.peg.563.site.41, 6, 150, 156
411483.3.peg.563.site.42, 36, 147, 183
411483.3.peg.563.site.43, 70, 143, 213
411483.3.peg.563.site.44, 33, 143, 176
411483.3.peg.563.site.45, 3, 152, 155
411483.3.peg.563.site.46, 1, 148, 149
411483.3.peg.563.site.47, 4, 150, 154
411483.3.peg.563.site.48, 8, 150, 158
411483.3.peg.563.site.49, 15, 147, 162
411483.3.peg.563.site.50, 8, 149, 157
411483.3.peg.563.site.51, 1, 150, 151
411483.3.peg.563.site.52, 0, 146, 146
411483.3.peg.563.site.53, 4, 153, 157
411483.3.peg.563.site.54, 3, 142, 145
411483.3.peg.563.site.55, 2, 139, 141
411483.3.peg.563.site.56, 1, 147, 148
411483.3.peg.563.site.57, 8, 135, 143
411483.3.peg.563.site.58, 33, 134, 167
411483.3.peg.563.site.59, 6, 134, 140
411483.3.peg.563.site.60, 15, 141, 156
411483.3.peg.563.site.61, 1, 140, 141
411483.3.peg.563.site.62, 18, 137, 155
411483.3.peg.563.site.63, 9, 138, 147
411483.3.peg.563.site.64, 0, 144, 144
411483.3.peg.563.site.65, 2, 143, 145
411483.3.peg.563.site.66, 18, 138, 156
411483.3.peg.563.site.67, 11, 140, 151
411483.3.peg.563.site.68, 6, 139, 145
411483.3.peg.563.site.69, 0, 138, 138
411483.3.peg.563.site.70, 109, 126, 235
411483.3.peg.563.site.71, 14, 130, 144
411483.3.peg.563.site.72, 3, 132, 135
411483.3.peg.563.site.73, 3, 126, 129
411483.3.peg.563.site.74, 1, 133, 134
411483.3.peg.563.site.75, 0, 146, 146
411483.3.peg.563.site.76, 99, 139, 238
411483.3.peg.563.site.77, 6, 140, 146
411483.3.peg.563.site.78, 0, 147, 147
411483.3.peg.563.site.79, 3, 150, 153
411483.3.peg.563.site.80, 1, 150, 151
411483.3.peg.563.site.81, 0, 150, 150
411483.3.peg.563.site.82, 28, 145, 173
411483.3.peg.563.site.83, 16, 151, 167
411483.3.peg.563.site.84, 12, 149, 161
411483.3.peg.563.site.85, 1, 146, 147
411483.3.peg.563.site.86, 3, 149, 152
411483.3.peg.563.site.87, 1, 151, 152
411483.3.peg.563.site.88, 3, 149, 152
411483.3.peg.563.site.89, 1, 144, 145
411483.3.peg.563.site.90, 15, 132, 147
411483.3.peg.563.site.91, 3, 135, 138
411483.3.peg.563.site.92, 27, 130, 157
411483.3.peg.563.site.93, 2, 136, 138
411483.3.peg.563.site.94, 122, 132, 254
411483.3.peg.563.site.95, 5, 136, 141
411483.3.peg.563.site.96, 3, 141, 144
411483.3.peg.563.site.97, 6, 134, 140
411483.3.peg.563.site.98, 4, 146, 150
411483.3.peg.563.site.99, 0, 145, 145
411483.3.peg.563.site.100, 0, 146, 146
411483.3.peg.563.site.101, 7, 145, 152
411483.3.peg.563.site.102, 67, 134, 201
411483.3.peg.563.site.103, 105, 137, 242
411483.3.peg.563.site.104, 48, 132, 180
411483.3.peg.563.site.105, 12, 144, 156
411483.3.peg.562.site.1, 11, 132, 143
411483.3.peg.562.site.2, 4, 137, 141
411483.3.peg.562.site.3, 8, 137, 145
411483.3.peg.562.site.4, 1, 139, 140
411483.3.peg.562.site.5, 3, 128, 131
411483.3.peg.562.site.6, 73, 127, 200
411483.3.peg.562.site.7, 1, 135, 136
411483.3.peg.562.site.8, 1, 131, 132
411483.3.peg.562.site.9, 3, 132, 135
411483.3.peg.562.site.10, 29, 127, 156
411483.3.peg.562.site.11, 3, 129, 132
411483.3.peg.562.site.12, 8, 134, 142
411483.3.peg.562.site.13, 0, 137, 137
411483.3.peg.562.site.14, 0, 138, 138
411483.3.peg.562.site.15, 11, 139, 150
411483.3.peg.562.site.16, 0, 141, 141
411483.3.peg.562.site.17, 1, 141, 142
411483.3.peg.562.site.18, 0, 142, 142
411483.3.peg.562.site.19, 12, 140, 152
411483.3.peg.562.site.20, 1, 144, 145
411483.3.peg.562.site.21, 4, 144, 148
411483.3.peg.562.site.22, 5, 144, 149
411483.3.peg.562.site.23, 2, 143, 145
411483.3.peg.562.site.24, 0, 145, 145
411483.3.peg.562.site.25, 1, 148, 149
411483.3.peg.562.site.26, 10, 143, 153
411483.3.peg.562.site.27, 0, 145, 145
411483.3.peg.562.site.28, 11, 146, 157
411483.3.peg.562.site.29, 4, 146, 150
411483.3.peg.562.site.30, 14, 144, 158
411483.3.peg.562.site.31, 1, 148, 149
411483.3.peg.562.site.32, 4, 146, 150
411483.3.peg.562.site.33, 1, 146, 147
411483.3.peg.562.site.34, 1, 145, 146
411483.3.peg.562.site.35, 1, 146, 147
411483.3.peg.562.site.36, 5, 142, 147
411483.3.peg.562.site.37, 6, 137, 143
411483.3.peg.562.site.38, 53, 135, 188
411483.3.peg.562.site.39, 1, 137, 138
411483.3.peg.562.site.40, 82, 125, 207
411483.3.peg.562.site.41, 3, 138, 141
411483.3.peg.562.site.42, 5, 132, 137
411483.3.peg.562.site.43, 41, 136, 177
411483.3.peg.562.site.44, 26, 139, 165
411483.3.peg.562.site.45, 6, 138, 144
411483.3.peg.562.site.46, 14, 138, 152
411483.3.peg.562.site.47, 24, 138, 162
411483.3.peg.562.site.48, 1, 143, 144
411483.3.peg.562.site.49, 10, 140, 150
411483.3.peg.562.site.50, 1, 143, 144
411483.3.peg.562.site.51, 7, 143, 150
411483.3.peg.562.site.52, 2, 140, 142
411483.3.peg.562.site.53, 70, 137, 207
411483.3.peg.562.site.54, 2, 143, 145
411483.3.peg.562.site.55, 4, 142, 146
411483.3.peg.562.site.56, 5, 142, 147
411483.3.peg.562.site.57, 2, 143, 145
411483.3.peg.562.site.58, 2, 151, 153
411483.3.peg.562.site.59, 1, 150, 151
411483.3.peg.562.site.60, 7, 151, 158
411483.3.peg.562.site.61, 3, 149, 152
411483.3.peg.562.site.62, 13, 148, 161
411483.3.peg.562.site.63, 5, 146, 151
411483.3.peg.562.site.64, 1, 145, 146
411483.3.peg.562.site.65, 3, 140, 143
411483.3.peg.562.site.66, 1, 137, 138
411483.3.peg.562.site.67, 13, 142, 155
411483.3.peg.562.site.68, 1, 135, 136
411483.3.peg.562.site.69, 3, 132, 135
411483.3.peg.562.site.70, 3, 129, 132
411483.3.peg.562.site.71, 29, 133, 162
411483.3.peg.562.site.72, 0, 133, 133
411483.3.peg.562.site.73, 88, 114, 202
411483.3.peg.562.site.74, 14, 121, 135
411483.3.peg.562.site.75, 1, 116, 117
411483.3.peg.562.site.76, 10, 117, 127
411483.3.peg.562.site.77, 40, 115, 155
411483.3.peg.562.site.78, 8, 130, 138
411483.3.peg.562.site.79, 3, 128, 131
411483.3.peg.562.site.80, 5, 133, 138
411483.3.peg.562.site.81, 3, 134, 137
411483.3.peg.562.site.82, 141, 142, 283
411483.3.peg.562.site.83, 2, 136, 138
411483.3.peg.562.site.84, 7, 145, 152
411483.3.peg.562.site.85, 70, 137, 207
411483.3.peg.562.site.86, 2, 149, 151
411483.3.peg.562.site.87, 0, 148, 148
411483.3.peg.562.site.88, 6, 148, 154
411483.3.peg.562.site.89, 3, 147, 150
411483.3.peg.562.site.90, 4, 148, 152
411483.3.peg.562.site.91, 3, 149, 152
411483.3.peg.562.site.92, 1, 153, 154
411483.3.peg.562.site.93, 14, 149, 163
411483.3.peg.562.site.94, 2, 151, 153
411483.3.peg.562.site.95, 141, 147, 288
411483.3.peg.562.site.96, 6, 150, 156
411483.3.peg.562.site.97, 1, 150, 151
411483.3.peg.562.site.98, 69, 139, 208
411483.3.peg.562.site.99, 3, 144, 147
411483.3.peg.562.site.100, 1, 146, 147
411483.3.peg.562.site.101, 11, 143, 154
411483.3.peg.562.site.102, 61, 136, 197
411483.3.peg.562.site.103, 1, 144, 145
411483.3.peg.562.site.104, 6, 143, 149
411483.3.peg.562.site.105, 0, 147, 147
411483.3.peg.562.site.106, 6, 145, 151
411483.3.peg.562.site.107, 1, 145, 146
411483.3.peg.562.site.108, 2, 149, 151
411483.3.peg.562.site.109, 3, 148, 151
411483.3.peg.562.site.110, 1, 145, 146
411483.3.peg.569.site.1, 3, 153, 156
411483.3.peg.569.site.2, 1, 154, 155
411483.3.peg.569.site.3, 4, 155, 159
411483.3.peg.569.site.4, 8, 153, 161
411483.3.peg.569.site.5, 0, 155, 155
411483.3.peg.569.site.6, 2, 153, 155
411483.3.peg.569.site.7, 4, 152, 156
411483.3.peg.569.site.8, 2, 154, 156
411483.3.peg.569.site.9, 0, 153, 153
411483.3.peg.569.site.10, 12, 152, 164
411483.3.peg.569.site.11, 14, 152, 166
411483.3.peg.569.site.12, 3, 152, 155
411483.3.peg.569.site.13, 0, 151, 151
411483.3.peg.569.site.14, 4, 150, 154
411483.3.peg.569.site.15, 2, 152, 154
411483.3.peg.569.site.16, 0, 149, 149
411483.3.peg.569.site.17, 6, 149, 155
411483.3.peg.569.site.18, 2, 147, 149
411483.3.peg.569.site.19, 0, 144, 144
411483.3.peg.569.site.20, 0, 145, 145
411483.3.peg.569.site.21, 2, 143, 145
411483.3.peg.569.site.22, 40, 141, 181
411483.3.peg.569.site.23, 0, 122, 122
411483.3.peg.569.site.24, 2, 110, 112
411483.3.peg.569.site.25, 29, 96, 125
411483.3.peg.569.site.26, 0, 86, 86
411483.3.peg.569.site.27, 1, 81, 82
411483.3.peg.569.site.28, 27, 56, 83
411483.3.peg.569.site.29, 1, 69, 70
411483.3.peg.569.site.30, 2, 75, 77
411483.3.peg.569.site.31, 1, 77, 78
411483.3.peg.569.site.32, 1, 72, 73
411483.3.peg.569.site.33, 2, 81, 83
411483.3.peg.569.site.34, 47, 82, 129
411483.3.peg.569.site.35, 6, 91, 97
411483.3.peg.569.site.36, 2, 109, 111
411483.3.peg.569.site.37, 0, 112, 112
411483.3.peg.569.site.38, 2, 116, 118
411483.3.peg.569.site.39, 129, 129, 258
411483.3.peg.569.site.40, 4, 137, 141
411483.3.peg.569.site.41, 0, 147, 147
411483.3.peg.569.site.42, 0, 142, 142
411483.3.peg.569.site.43, 3, 145, 148
411483.3.peg.569.site.44, 1, 145, 146
411483.3.peg.569.site.45, 0, 144, 144
411483.3.peg.569.site.46, 8, 130, 138
411483.3.peg.569.site.47, 11, 121, 132
411483.3.peg.569.site.48, 14, 114, 128
411483.3.peg.569.site.49, 28, 113, 141
411483.3.peg.569.site.50, 2, 98, 100
411483.3.peg.569.site.51, 19, 95, 114
411483.3.peg.569.site.52, 25, 95, 120
411483.3.peg.569.site.53, 1, 98, 99
411483.3.peg.569.site.54, 0, 105, 105
411483.3.peg.569.site.55, 5, 104, 109
411483.3.peg.569.site.56, 0, 111, 111
411483.3.peg.569.site.57, 3, 119, 122
411483.3.peg.569.site.58, 3, 144, 147
411483.3.peg.569.site.59, 1, 149, 150
411483.3.peg.569.site.60, 4, 144, 148
411483.3.peg.569.site.61, 10, 142, 152
411483.3.peg.569.site.62, 4, 137, 141
411483.3.peg.569.site.63, 5, 134, 139
411483.3.peg.569.site.64, 3, 137, 140
411483.3.peg.569.site.65, 21, 138, 159
411483.3.peg.569.site.66, 35, 139, 174
411483.3.peg.569.site.67, 7, 142, 149
411483.3.peg.569.site.68, 6, 133, 139
411483.3.peg.569.site.69, 0, 134, 134
411483.3.peg.569.site.70, 8, 120, 128
411483.3.peg.568.site.1, 4, 155, 159
411483.3.peg.568.site.2, 1, 152, 153
411483.3.peg.568.site.3, 25, 150, 175
411483.3.peg.568.site.4, 1, 154, 155
411483.3.peg.568.site.5, 2, 152, 154
411483.3.peg.568.site.6, 139, 146, 285
411483.3.peg.568.site.7, 2, 153, 155
411483.3.peg.568.site.8, 8, 152, 160
411483.3.peg.568.site.9, 56, 147, 203
411483.3.peg.568.site.10, 9, 150, 159
411483.3.peg.568.site.11, 6, 151, 157
411483.3.peg.568.site.12, 4, 149, 153
411483.3.peg.568.site.13, 5, 145, 150
411483.3.peg.568.site.14, 45, 143, 188
411483.3.peg.568.site.15, 5, 151, 156
411483.3.peg.568.site.16, 0, 147, 147
411483.3.peg.568.site.17, 0, 146, 146
411483.3.peg.568.site.18, 17, 144, 161
411483.3.peg.568.site.19, 111, 136, 247
411483.3.peg.568.site.20, 138, 141, 279
411483.3.peg.568.site.21, 142, 143, 285
411483.3.peg.568.site.22, 1, 147, 148
411483.3.peg.568.site.23, 1, 150, 151
411483.3.peg.568.site.24, 71, 144, 215
411483.3.peg.568.site.25, 1, 151, 152
411483.3.peg.568.site.26, 1, 150, 151
411483.3.peg.568.site.27, 0, 150, 150
411483.3.peg.568.site.28, 61, 143, 204
411483.3.peg.568.site.29, 3, 151, 154
411483.3.peg.568.site.30, 9, 146, 155
411483.3.peg.568.site.31, 13, 145, 158
411483.3.peg.568.site.32, 6, 145, 151
411483.3.peg.568.site.33, 2, 149, 151
411483.3.peg.568.site.34, 107, 146, 253
411483.3.peg.568.site.35, 1, 151, 152
411483.3.peg.568.site.36, 2, 152, 154
411483.3.peg.568.site.37, 1, 150, 151
411483.3.peg.568.site.38, 2, 150, 152
411483.3.peg.568.site.39, 28, 143, 171
411483.3.peg.568.site.40, 19, 151, 170
411483.3.peg.568.site.41, 41, 142, 183
411483.3.peg.568.site.42, 17, 149, 166
411483.3.peg.568.site.43, 7, 152, 159
411483.3.peg.568.site.44, 14, 149, 163
411483.3.peg.568.site.45, 2, 153, 155
411483.3.peg.568.site.46, 10, 150, 160
411483.3.peg.568.site.47, 91, 148, 239
411483.3.peg.568.site.48, 4, 151, 155
411483.3.peg.568.site.49, 6, 152, 158
411483.3.peg.568.site.50, 7, 155, 162
411483.3.peg.568.site.51, 3, 154, 157
411483.3.peg.568.site.52, 3, 153, 156
411483.3.peg.568.site.53, 4, 147, 151
411483.3.peg.568.site.54, 40, 145, 185
411483.3.peg.568.site.55, 1, 151, 152
411483.3.peg.568.site.56, 1, 151, 152
411483.3.peg.568.site.57, 1, 147, 148
411483.3.peg.568.site.58, 5, 149, 154
411483.3.peg.568.site.59, 36, 141, 177
411483.3.peg.568.site.60, 1, 142, 143
411483.3.peg.568.site.61, 17, 140, 157
411483.3.peg.568.site.62, 0, 142, 142
411483.3.peg.568.site.63, 12, 145, 157
411483.3.peg.568.site.64, 8, 136, 144
411483.3.peg.568.site.65, 12, 130, 142
411483.3.peg.568.site.66, 3, 142, 145
411483.3.peg.568.site.67, 8, 145, 153
411483.3.peg.568.site.68, 0, 149, 149
411483.3.peg.568.site.69, 12, 146, 158
411483.3.peg.568.site.70, 0, 147, 147
411483.3.peg.568.site.71, 1, 146, 147
411483.3.peg.568.site.72, 1, 142, 143
411483.3.peg.568.site.73, 1, 143, 144
411483.3.peg.568.site.74, 5, 125, 130
411483.3.peg.568.site.75, 6, 117, 123
411483.3.peg.568.site.76, 1, 118, 119
411483.3.peg.568.site.77, 0, 119, 119
411483.3.peg.568.site.78, 5, 117, 122
411483.3.peg.568.site.79, 1, 119, 120
411483.3.peg.568.site.80, 0, 127, 127
411483.3.peg.568.site.81, 1, 129, 130
411483.3.peg.568.site.82, 7, 140, 147
411483.3.peg.568.site.83, 2, 145, 147
411483.3.peg.568.site.84, 127, 139, 266
411483.3.peg.568.site.85, 1, 146, 147
411483.3.peg.568.site.86, 1, 144, 145
411483.3.peg.568.site.87, 22, 139, 161
411483.3.peg.568.site.88, 0, 137, 137
411483.3.peg.568.site.89, 3, 149, 152
411483.3.peg.568.site.90, 0, 152, 152
411483.3.peg.568.site.91, 10, 153, 163
411483.3.peg.568.site.92, 48, 146, 194
411483.3.peg.568.site.93, 2, 154, 156
411483.3.peg.568.site.94, 0, 153, 153
411483.3.peg.899.site.1, 2, 104, 106
411483.3.peg.899.site.2, 3, 113, 116
411483.3.peg.899.site.3, 5, 125, 130
411483.3.peg.899.site.4, 6, 141, 147
411483.3.peg.899.site.5, 141, 146, 287
411483.3.peg.899.site.6, 14, 145, 159
411483.3.peg.899.site.7, 4, 150, 154
411483.3.peg.899.site.8, 67, 138, 205
411483.3.peg.899.site.9, 4, 147, 151
411483.3.peg.899.site.10, 1, 144, 145
411483.3.peg.899.site.11, 1, 149, 150
411483.3.peg.899.site.12, 3, 147, 150
411483.3.peg.899.site.13, 120, 139, 259
411483.3.peg.899.site.14, 3, 148, 151
411483.3.peg.899.site.15, 0, 139, 139
411483.3.peg.899.site.16, 5, 147, 152
411483.3.peg.899.site.17, 2, 147, 149
411483.3.peg.899.site.18, 0, 149, 149
411483.3.peg.899.site.19, 1, 149, 150
411483.3.peg.899.site.20, 4, 148, 152
411483.3.peg.899.site.21, 1, 149, 150
411483.3.peg.899.site.22, 115, 145, 260
411483.3.peg.899.site.23, 3, 146, 149
411483.3.peg.899.site.24, 0, 152, 152
411483.3.peg.899.site.25, 0, 153, 153
411483.3.peg.899.site.26, 1, 151, 152
411483.3.peg.899.site.27, 6, 152, 158
411483.3.peg.899.site.28, 96, 143, 239
411483.3.peg.899.site.29, 7, 154, 161
411483.3.peg.899.site.30, 3, 153, 156
411483.3.peg.899.site.31, 1, 152, 153
411483.3.peg.899.site.32, 31, 150, 181
411483.3.peg.899.site.33, 8, 144, 152
411483.3.peg.899.site.34, 14, 144, 158
411483.3.peg.899.site.35, 0, 147, 147
411483.3.peg.899.site.36, 29, 140, 169
411483.3.peg.899.site.37, 4, 151, 155
411483.3.peg.899.site.38, 2, 154, 156
411483.3.peg.899.site.39, 0, 153, 153
411483.3.peg.899.site.40, 0, 150, 150
411483.3.peg.899.site.41, 2, 149, 151
411483.3.peg.899.site.42, 5, 151, 156
411483.3.peg.899.site.43, 4, 151, 155
411483.3.peg.899.site.44, 4, 149, 153
411483.3.peg.898.site.1, 2, 153, 155
411483.3.peg.898.site.2, 2, 150, 152
411483.3.peg.898.site.3, 0, 153, 153
411483.3.peg.898.site.4, 5, 144, 149
411483.3.peg.898.site.5, 0, 148, 148
411483.3.peg.898.site.6, 0, 149, 149
411483.3.peg.898.site.7, 0, 150, 150
411483.3.peg.898.site.8, 3, 149, 152
411483.3.peg.898.site.9, 5, 149, 154
411483.3.peg.898.site.10, 12, 148, 160
411483.3.peg.898.site.11, 1, 150, 151
411483.3.peg.898.site.12, 2, 149, 151
411483.3.peg.898.site.13, 2, 147, 149
411483.3.peg.898.site.14, 0, 146, 146
411483.3.peg.898.site.15, 9, 144, 153
411483.3.peg.898.site.16, 0, 148, 148
411483.3.peg.898.site.17, 1, 146, 147
411483.3.peg.898.site.18, 1, 150, 151
411483.3.peg.898.site.19, 0, 148, 148
411483.3.peg.898.site.20, 9, 142, 151
411483.3.peg.898.site.21, 1, 145, 146
411483.3.peg.898.site.22, 1, 149, 150
411483.3.peg.898.site.23, 23, 142, 165
411483.3.peg.898.site.24, 3, 146, 149
411483.3.peg.898.site.25, 4, 148, 152
411483.3.peg.898.site.26, 4, 146, 150
411483.3.peg.898.site.27, 3, 152, 155
411483.3.peg.898.site.28, 2, 152, 154
411483.3.peg.898.site.29, 0, 143, 143
411483.3.peg.898.site.30, 0, 153, 153
411483.3.peg.898.site.31, 73, 138, 211
411483.3.peg.898.site.32, 101, 140, 241
411483.3.peg.898.site.33, 2, 155, 157
411483.3.peg.898.site.34, 4, 154, 158
411483.3.peg.898.site.35, 0, 154, 154
411483.3.peg.898.site.36, 0, 153, 153
411483.3.peg.898.site.37, 11, 154, 165
411483.3.peg.898.site.38, 1, 155, 156
411483.3.peg.898.site.39, 9, 152, 161
411483.3.peg.898.site.40, 2, 154, 156
411483.3.peg.898.site.41, 17, 149, 166
411483.3.peg.898.site.42, 140, 148, 288
411483.3.peg.898.site.43, 31, 148, 179
411483.3.peg.898.site.44, 118, 141, 259
411483.3.peg.898.site.45, 26, 142, 168
411483.3.peg.898.site.46, 2, 150, 152
411483.3.peg.898.site.47, 1, 145, 146
411483.3.peg.898.site.48, 2, 144, 146
411483.3.peg.898.site.49, 21, 145, 166
411483.3.peg.898.site.50, 47, 138, 185
411483.3.peg.898.site.51, 1, 147, 148
411483.3.peg.898.site.52, 131, 141, 272
411483.3.peg.898.site.53, 1, 144, 145
411483.3.peg.898.site.54, 113, 141, 254
411483.3.peg.898.site.55, 91, 136, 227
411483.3.peg.898.site.56, 88, 137, 225
411483.3.peg.898.site.57, 1, 140, 141
411483.3.peg.898.site.58, 3, 143, 146
411483.3.peg.898.site.59, 1, 143, 144
411483.3.peg.898.site.60, 5, 145, 150
411483.3.peg.898.site.61, 65, 141, 206
411483.3.peg.898.site.62, 19, 149, 168
411483.3.peg.898.site.63, 8, 149, 157
411483.3.peg.898.site.64, 1, 147, 148
411483.3.peg.898.site.65, 1, 143, 144
411483.3.peg.898.site.66, 0, 145, 145
411483.3.peg.898.site.67, 3, 146, 149
411483.3.peg.898.site.68, 3, 142, 145
411483.3.peg.898.site.69, 4, 143, 147
411483.3.peg.897.site.1, 1, 101, 102
411483.3.peg.897.site.2, 1, 112, 113
411483.3.peg.897.site.3, 1, 142, 143
411483.3.peg.897.site.4, 26, 138, 164
411483.3.peg.897.site.5, 0, 146, 146
411483.3.peg.897.site.6, 66, 138, 204
411483.3.peg.897.site.7, 70, 141, 211
411483.3.peg.897.site.8, 3, 149, 152
411483.3.peg.897.site.9, 37, 143, 180
411483.3.peg.897.site.10, 20, 145, 165
411483.3.peg.897.site.11, 2, 151, 153
411483.3.peg.897.site.12, 61, 137, 198
411483.3.peg.897.site.13, 6, 147, 153
411483.3.peg.897.site.14, 0, 150, 150
411483.3.peg.897.site.15, 66, 134, 200
411483.3.peg.897.site.16, 2, 154, 156
411483.3.peg.897.site.17, 13, 147, 160
411483.3.peg.897.site.18, 2, 153, 155
411483.3.peg.896.site.1, 5, 154, 159
411483.3.peg.896.site.2, 1, 151, 152
411483.3.peg.896.site.3, 2, 152, 154
411483.3.peg.896.site.4, 7, 151, 158
411483.3.peg.896.site.5, 5, 152, 157
411483.3.peg.896.site.6, 2, 152, 154
411483.3.peg.896.site.7, 3, 150, 153
411483.3.peg.896.site.8, 89, 141, 230
411483.3.peg.896.site.9, 5, 150, 155
411483.3.peg.896.site.10, 3, 149, 152
411483.3.peg.896.site.11, 5, 146, 151
411483.3.peg.896.site.12, 3, 152, 155
411483.3.peg.896.site.13, 15, 142, 157
411483.3.peg.896.site.14, 3, 150, 153
411483.3.peg.896.site.15, 9, 146, 155
411483.3.peg.896.site.16, 12, 142, 154
411483.3.peg.896.site.17, 12, 149, 161
411483.3.peg.896.site.18, 3, 152, 155
411483.3.peg.896.site.19, 1, 150, 151
411483.3.peg.896.site.20, 1, 136, 137
411483.3.peg.896.site.21, 28, 140, 168
411483.3.peg.896.site.22, 1, 147, 148
411483.3.peg.896.site.23, 0, 151, 151
411483.3.peg.896.site.24, 0, 131, 131
411483.3.peg.896.site.25, 0, 140, 140
411483.3.peg.896.site.26, 0, 145, 145
411483.3.peg.896.site.27, 74, 136, 210
411483.3.peg.896.site.28, 1, 150, 151
411483.3.peg.896.site.29, 73, 136, 209
411483.3.peg.896.site.30, 8, 149, 157
411483.3.peg.896.site.31, 3, 140, 143
411483.3.peg.896.site.32, 3, 139, 142
411483.3.peg.896.site.33, 13, 133, 146
411483.3.peg.896.site.34, 4, 132, 136
411483.3.peg.896.site.35, 3, 133, 136
411483.3.peg.896.site.36, 8, 131, 139
411483.3.peg.896.site.37, 5, 143, 148
411483.3.peg.896.site.38, 24, 140, 164
411483.3.peg.896.site.39, 25, 140, 165
411483.3.peg.896.site.40, 2, 147, 149
411483.3.peg.896.site.41, 4, 147, 151
411483.3.peg.896.site.42, 27, 137, 164
411483.3.peg.896.site.43, 46, 138, 184
411483.3.peg.896.site.44, 56, 138, 194
411483.3.peg.896.site.45, 50, 137, 187
411483.3.peg.896.site.46, 19, 145, 164
411483.3.peg.896.site.47, 0, 152, 152
411483.3.peg.896.site.48, 2, 153, 155
411483.3.peg.896.site.49, 1, 154, 155
411483.3.peg.896.site.50, 1, 153, 154
411483.3.peg.896.site.51, 1, 155, 156
411483.3.peg.896.site.52, 17, 145, 162
411483.3.peg.896.site.53, 1, 154, 155
411483.3.peg.896.site.54, 0, 153, 153
411483.3.peg.896.site.55, 0, 151, 151
411483.3.peg.896.site.56, 2, 151, 153
411483.3.peg.896.site.57, 5, 154, 159
411483.3.peg.896.site.58, 2, 154, 156
411483.3.peg.896.site.59, 1, 154, 155
411483.3.peg.896.site.60, 1, 155, 156
411483.3.peg.896.site.61, 24, 149, 173
411483.3.peg.894.site.1, 102, 126, 228
411483.3.peg.894.site.2, 8, 138, 146
411483.3.peg.894.site.3, 3, 123, 126
411483.3.peg.894.site.4, 103, 116, 219
411483.3.peg.894.site.5, 0, 106, 106
411483.3.peg.894.site.6, 3, 102, 105
411483.3.peg.894.site.7, 53, 99, 152
411483.3.peg.894.site.8, 11, 105, 116
411483.3.peg.894.site.9, 1, 124, 125
411483.3.peg.894.site.10, 2, 124, 126
411483.3.peg.894.site.11, 18, 127, 145
411483.3.peg.894.site.12, 7, 130, 137
411483.3.peg.894.site.13, 1, 129, 130
411483.3.peg.894.site.14, 86, 116, 202
411483.3.peg.894.site.15, 4, 121, 125
411483.3.peg.894.site.16, 2, 112, 114
411483.3.peg.894.site.17, 1, 129, 130
411483.3.peg.894.site.18, 27, 107, 134
411483.3.peg.894.site.19, 9, 99, 108
411483.3.peg.894.site.20, 1, 85, 86
411483.3.peg.894.site.21, 46, 54, 100
411483.3.peg.894.site.22, 28, 48, 76
411483.3.peg.894.site.23, 4, 38, 42
411483.3.peg.894.site.24, 1, 50, 51
411483.3.peg.894.site.25, 1, 73, 74
411483.3.peg.894.site.26, 1, 75, 76
411483.3.peg.894.site.27, 4, 75, 79
411483.3.peg.894.site.28, 8, 84, 92
411483.3.peg.894.site.29, 4, 103, 107
411483.3.peg.894.site.30, 1, 109, 110
411483.3.peg.894.site.31, 1, 113, 114
411483.3.peg.894.site.32, 0, 121, 121
411483.3.peg.894.site.33, 5, 123, 128
411483.3.peg.894.site.34, 0, 122, 122
411483.3.peg.894.site.35, 1, 118, 119
411483.3.peg.894.site.36, 1, 120, 121
411483.3.peg.894.site.37, 25, 115, 140
411483.3.peg.894.site.38, 1, 121, 122
411483.3.peg.894.site.39, 95, 130, 225
411483.3.peg.894.site.40, 8, 130, 138
411483.3.peg.894.site.41, 9, 136, 145
411483.3.peg.894.site.42, 5, 126, 131
411483.3.peg.894.site.43, 1, 128, 129
411483.3.peg.894.site.44, 38, 127, 165
411483.3.peg.894.site.45, 2, 132, 134
411483.3.peg.894.site.46, 90, 119, 209
411483.3.peg.894.site.47, 2, 137, 139
411483.3.peg.894.site.48, 14, 135, 149
411483.3.peg.894.site.49, 1, 138, 139
411483.3.peg.894.site.50, 1, 147, 148
411483.3.peg.894.site.51, 8, 140, 148
411483.3.peg.894.site.52, 1, 146, 147
411483.3.peg.894.site.53, 81, 130, 211
411483.3.peg.894.site.54, 3, 128, 131
411483.3.peg.894.site.55, 1, 113, 114
411483.3.peg.894.site.56, 8, 119, 127
411483.3.peg.894.site.57, 5, 128, 133
411483.3.peg.894.site.58, 10, 129, 139
411483.3.peg.894.site.59, 64, 124, 188
411483.3.peg.894.site.60, 0, 125, 125
411483.3.peg.894.site.61, 6, 124, 130
411483.3.peg.894.site.62, 7, 125, 132
411483.3.peg.894.site.63, 15, 122, 137
411483.3.peg.894.site.64, 12, 122, 134
411483.3.peg.894.site.65, 7, 117, 124
411483.3.peg.894.site.66, 2, 124, 126
411483.3.peg.894.site.67, 4, 125, 129
411483.3.peg.894.site.68, 2, 134, 136
411483.3.peg.894.site.69, 0, 141, 141
411483.3.peg.894.site.70, 65, 137, 202
411483.3.peg.894.site.71, 1, 146, 147
411483.3.peg.894.site.72, 2, 146, 148
411483.3.peg.894.site.73, 3, 138, 141
411483.3.peg.894.site.74, 77, 131, 208
411483.3.peg.894.site.75, 10, 138, 148
411483.3.peg.894.site.76, 3, 145, 148
411483.3.peg.894.site.77, 17, 137, 154
411483.3.peg.894.site.78, 13, 147, 160
411483.3.peg.894.site.79, 4, 149, 153
411483.3.peg.894.site.80, 1, 146, 147
411483.3.peg.894.site.81, 1, 145, 146
411483.3.peg.894.site.82, 3, 146, 149
411483.3.peg.894.site.83, 5, 139, 144
411483.3.peg.894.site.84, 3, 146, 149
411483.3.peg.894.site.85, 3, 139, 142
411483.3.peg.894.site.86, 9, 133, 142
411483.3.peg.894.site.87, 3, 143, 146
411483.3.peg.894.site.88, 3, 143, 146
411483.3.peg.894.site.89, 25, 133, 158
411483.3.peg.894.site.90, 6, 137, 143
411483.3.peg.894.site.91, 79, 127, 206
411483.3.peg.894.site.92, 48, 125, 173
411483.3.peg.894.site.93, 34, 136, 170
411483.3.peg.894.site.94, 14, 138, 152
411483.3.peg.894.site.95, 2, 140, 142
411483.3.peg.894.site.96, 3, 136, 139
411483.3.peg.894.site.97, 4, 129, 133
411483.3.peg.894.site.98, 11, 132, 143
411483.3.peg.894.site.99, 29, 129, 158
411483.3.peg.894.site.100, 5, 135, 140
411483.3.peg.894.site.101, 96, 107, 203
411483.3.peg.894.site.102, 7, 101, 108
411483.3.peg.893.site.1, 0, 140, 140
411483.3.peg.893.site.2, 41, 135, 176
411483.3.peg.893.site.3, 1, 138, 139
411483.3.peg.893.site.4, 2, 125, 127
411483.3.peg.893.site.5, 35, 112, 147
411483.3.peg.893.site.6, 3, 120, 123
411483.3.peg.893.site.7, 15, 106, 121
411483.3.peg.893.site.8, 1, 108, 109
411483.3.peg.893.site.9, 1, 100, 101
411483.3.peg.893.site.10, 1, 93, 94
411483.3.peg.893.site.11, 70, 83, 153
411483.3.peg.893.site.12, 22, 70, 92
411483.3.peg.893.site.13, 6, 79, 85
411483.3.peg.893.site.14, 0, 92, 92
411483.3.peg.893.site.15, 1, 96, 97
411483.3.peg.893.site.16, 91, 92, 183
411483.3.peg.893.site.17, 2, 96, 98
411483.3.peg.893.site.18, 4, 96, 100
411483.3.peg.893.site.19, 2, 100, 102
411483.3.peg.893.site.20, 1, 107, 108
411483.3.peg.893.site.21, 1, 111, 112
411483.3.peg.893.site.22, 92, 105, 197
411483.3.peg.893.site.23, 1, 112, 113
411483.3.peg.893.site.24, 7, 111, 118
411483.3.peg.893.site.25, 26, 114, 140
411483.3.peg.893.site.26, 16, 128, 144
411483.3.peg.893.site.27, 1, 131, 132
411483.3.peg.893.site.28, 2, 133, 135
411483.3.peg.893.site.29, 6, 126, 132
411483.3.peg.893.site.30, 4, 140, 144
411483.3.peg.893.site.31, 63, 129, 192
411483.3.peg.893.site.32, 4, 141, 145
411483.3.peg.893.site.33, 7, 126, 133
411483.3.peg.893.site.34, 2, 147, 149
411483.3.peg.893.site.35, 13, 144, 157
411483.3.peg.893.site.36, 3, 154, 157
411483.3.peg.893.site.37, 8, 153, 161
411483.3.peg.893.site.38, 74, 133, 207
411483.3.peg.893.site.39, 1, 152, 153
411483.3.peg.893.site.40, 150, 153, 303
411483.3.peg.893.site.41, 6, 146, 152
411483.3.peg.893.site.42, 135, 147, 282
411483.3.peg.893.site.43, 114, 144, 258
411483.3.peg.893.site.44, 145, 148, 293
411483.3.peg.893.site.45, 3, 142, 145
411483.3.peg.893.site.46, 9, 149, 158
411483.3.peg.893.site.47, 1, 146, 147
411483.3.peg.893.site.48, 49, 137, 186
411483.3.peg.893.site.49, 2, 149, 151
411483.3.peg.893.site.50, 5, 146, 151
411483.3.peg.893.site.51, 2, 149, 151
411483.3.peg.893.site.52, 2, 147, 149
411483.3.peg.893.site.53, 10, 145, 155
411483.3.peg.893.site.54, 3, 141, 144
411483.3.peg.893.site.55, 96, 136, 232
411483.3.peg.893.site.56, 90, 136, 226
411483.3.peg.893.site.57, 3, 150, 153
411483.3.peg.893.site.58, 3, 146, 149
411483.3.peg.893.site.59, 2, 151, 153
411483.3.peg.893.site.60, 16, 150, 166
411483.3.peg.893.site.61, 37, 146, 183
411483.3.peg.893.site.62, 6, 152, 158
411483.3.peg.893.site.63, 1, 152, 153
411483.3.peg.893.site.64, 0, 155, 155
411483.3.peg.893.site.65, 1, 155, 156
411483.3.peg.893.site.66, 127, 147, 274
411483.3.peg.893.site.67, 10, 153, 163
411483.3.peg.893.site.68, 11, 148, 159
411483.3.peg.893.site.69, 91, 147, 238
411483.3.peg.893.site.70, 1, 152, 153
411483.3.peg.893.site.71, 0, 154, 154
411483.3.peg.893.site.72, 5, 153, 158
411483.3.peg.893.site.73, 0, 153, 153
411483.3.peg.893.site.74, 41, 145, 186
411483.3.peg.893.site.75, 44, 145, 189
411483.3.peg.893.site.76, 24, 145, 169
411483.3.peg.892.site.1, 0, 152, 152
411483.3.peg.892.site.2, 1, 149, 150
411483.3.peg.892.site.3, 4, 147, 151
411483.3.peg.892.site.4, 3, 146, 149
411483.3.peg.892.site.5, 1, 147, 148
411483.3.peg.892.site.6, 2, 148, 150
411483.3.peg.892.site.7, 3, 151, 154
411483.3.peg.892.site.8, 149, 149, 298
411483.3.peg.892.site.9, 13, 152, 165
411483.3.peg.892.site.10, 142, 151, 293
411483.3.peg.892.site.11, 26, 141, 167
411483.3.peg.892.site.12, 11, 145, 156
411483.3.peg.892.site.13, 11, 147, 158
411483.3.peg.892.site.14, 1, 143, 144
411483.3.peg.892.site.15, 77, 138, 215
411483.3.peg.892.site.16, 0, 142, 142
411483.3.peg.892.site.17, 7, 140, 147
411483.3.peg.892.site.18, 8, 128, 136
411483.3.peg.892.site.19, 1, 124, 125
411483.3.peg.892.site.20, 10, 128, 138
411483.3.peg.892.site.21, 16, 115, 131
411483.3.peg.892.site.22, 1, 127, 128
411483.3.peg.892.site.23, 29, 118, 147
411483.3.peg.892.site.24, 11, 125, 136
411483.3.peg.892.site.25, 30, 124, 154
411483.3.peg.892.site.26, 1, 137, 138
411483.3.peg.892.site.27, 1, 136, 137
411483.3.peg.892.site.28, 16, 131, 147
411483.3.peg.892.site.29, 5, 132, 137
411483.3.peg.892.site.30, 10, 135, 145
411483.3.peg.892.site.31, 135, 135, 270
411483.3.peg.892.site.32, 7, 138, 145
411483.3.peg.892.site.33, 1, 137, 138
411483.3.peg.892.site.34, 39, 139, 178
411483.3.peg.892.site.35, 28, 140, 168
411483.3.peg.892.site.36, 6, 139, 145
411483.3.peg.892.site.37, 12, 136, 148
411483.3.peg.892.site.38, 7, 140, 147
411483.3.peg.892.site.39, 5, 142, 147
411483.3.peg.892.site.40, 1, 138, 139
411483.3.peg.892.site.41, 20, 141, 161
411483.3.peg.892.site.42, 0, 146, 146
411483.3.peg.892.site.43, 3, 146, 149
411483.3.peg.892.site.44, 2, 148, 150
411483.3.peg.892.site.45, 0, 147, 147
411483.3.peg.892.site.46, 4, 148, 152
411483.3.peg.892.site.47, 2, 145, 147
411483.3.peg.892.site.48, 2, 129, 131
411483.3.peg.892.site.49, 5, 130, 135
411483.3.peg.892.site.50, 1, 135, 136
411483.3.peg.892.site.51, 109, 133, 242
411483.3.peg.892.site.52, 0, 140, 140
411483.3.peg.892.site.53, 2, 135, 137
411483.3.peg.892.site.54, 5, 129, 134
411483.3.peg.892.site.55, 2, 132, 134
411483.3.peg.892.site.56, 5, 134, 139
411483.3.peg.892.site.57, 1, 136, 137
411483.3.peg.892.site.58, 1, 136, 137
411483.3.peg.892.site.59, 1, 134, 135
411483.3.peg.892.site.60, 5, 121, 126
411483.3.peg.892.site.61, 11, 137, 148
411483.3.peg.891.site.1, 3, 152, 155
411483.3.peg.891.site.2, 8, 146, 154
411483.3.peg.891.site.3, 10, 148, 158
411483.3.peg.891.site.4, 1, 148, 149
411483.3.peg.891.site.5, 1, 145, 146
411483.3.peg.891.site.6, 2, 145, 147
411483.3.peg.891.site.7, 7, 139, 146
411483.3.peg.891.site.8, 1, 142, 143
411483.3.peg.891.site.9, 3, 143, 146
411483.3.peg.891.site.10, 140, 143, 283
411483.3.peg.891.site.11, 2, 138, 140
411483.3.peg.891.site.12, 29, 129, 158
411483.3.peg.891.site.13, 6, 137, 143
411483.3.peg.891.site.14, 29, 134, 163
411483.3.peg.891.site.15, 4, 131, 135
411483.3.peg.891.site.16, 1, 132, 133
411483.3.peg.891.site.17, 7, 135, 142
411483.3.peg.891.site.18, 2, 138, 140
411483.3.peg.891.site.19, 0, 143, 143
411483.3.peg.891.site.20, 1, 151, 152
411483.3.peg.891.site.21, 4, 151, 155
411483.3.peg.891.site.22, 0, 154, 154
411483.3.peg.890.site.1, 9, 59, 68
411483.3.peg.890.site.2, 3, 64, 67
411483.3.peg.890.site.3, 2, 78, 80
411483.3.peg.890.site.4, 1, 86, 87
411483.3.peg.890.site.5, 45, 93, 138
411483.3.peg.890.site.6, 53, 114, 167
411483.3.peg.890.site.7, 17, 125, 142
411483.3.peg.890.site.8, 27, 118, 145
411483.3.peg.890.site.9, 8, 121, 129
411483.3.peg.890.site.10, 125, 125, 250
411483.3.peg.890.site.11, 1, 125, 126
411483.3.peg.890.site.12, 15, 123, 138
411483.3.peg.890.site.13, 1, 125, 126
411483.3.peg.890.site.14, 2, 128, 130
411483.3.peg.890.site.15, 4, 116, 120
411483.3.peg.890.site.16, 4, 122, 126
411483.3.peg.890.site.17, 1, 121, 122
411483.3.peg.890.site.18, 12, 113, 125
411483.3.peg.890.site.19, 53, 109, 162
411483.3.peg.890.site.20, 1, 117, 118
411483.3.peg.890.site.21, 83, 110, 193
411483.3.peg.890.site.22, 1, 119, 120
411483.3.peg.890.site.23, 0, 120, 120
411483.3.peg.890.site.24, 6, 126, 132
411483.3.peg.890.site.25, 1, 127, 128
411483.3.peg.890.site.26, 100, 123, 223
411483.3.peg.890.site.27, 5, 129, 134
411483.3.peg.890.site.28, 3, 129, 132
411483.3.peg.890.site.29, 1, 140, 141
411483.3.peg.890.site.30, 1, 144, 145
411483.3.peg.890.site.31, 12, 148, 160
411483.3.peg.890.site.32, 33, 149, 182
411483.3.peg.890.site.33, 80, 143, 223
411483.3.peg.890.site.34, 2, 152, 154
411483.3.peg.890.site.35, 1, 149, 150
411483.3.peg.890.site.36, 3, 149, 152
411483.3.peg.890.site.37, 0, 144, 144
411483.3.peg.890.site.38, 0, 145, 145
411483.3.peg.890.site.39, 143, 143, 286
411483.3.peg.890.site.40, 2, 143, 145
411483.3.peg.890.site.41, 2, 140, 142
411483.3.peg.890.site.42, 5, 141, 146
411483.3.peg.890.site.43, 13, 134, 147
411483.3.peg.890.site.44, 12, 138, 150
411483.3.peg.890.site.45, 47, 145, 192
411483.3.peg.890.site.46, 4, 151, 155
411483.3.peg.890.site.47, 4, 153, 157
411483.3.peg.890.site.48, 12, 152, 164
411483.3.peg.149.site.1, 5, 153, 158
411483.3.peg.149.site.2, 3, 151, 154
411483.3.peg.149.site.3, 46, 140, 186
411483.3.peg.149.site.4, 0, 154, 154
411483.3.peg.149.site.5, 149, 151, 300
411483.3.peg.149.site.6, 2, 155, 157
411483.3.peg.149.site.7, 1, 153, 154
411483.3.peg.149.site.8, 148, 148, 296
411483.3.peg.149.site.9, 2, 152, 154
411483.3.peg.149.site.10, 152, 152, 304
411483.3.peg.149.site.11, 153, 153, 306
411483.3.peg.149.site.12, 95, 141, 236
411483.3.peg.149.site.13, 137, 137, 274
411483.3.peg.149.site.14, 83, 83, 166
411483.3.peg.149.site.15, 58, 60, 118
411483.3.peg.149.site.16, 1, 126, 127
411483.3.peg.149.site.17, 14, 130, 144
411483.3.peg.149.site.18, 106, 126, 232
411483.3.peg.148.site.1, 3, 155, 158
411483.3.peg.148.site.2, 2, 154, 156
411483.3.peg.148.site.3, 13, 150, 163
411483.3.peg.148.site.4, 11, 141, 152
411483.3.peg.148.site.5, 19, 140, 159
411483.3.peg.148.site.6, 64, 132, 196
411483.3.peg.148.site.7, 60, 127, 187
411483.3.peg.148.site.8, 26, 137, 163
411483.3.peg.148.site.9, 0, 151, 151
411483.3.peg.148.site.10, 6, 155, 161
411483.3.peg.148.site.11, 83, 144, 227
411483.3.peg.148.site.12, 11, 152, 163
411483.3.peg.148.site.13, 10, 153, 163
411483.3.peg.148.site.14, 2, 155, 157
411483.3.peg.148.site.15, 0, 154, 154
411483.3.peg.148.site.16, 2, 155, 157
411483.3.peg.148.site.17, 60, 142, 202
411483.3.peg.148.site.18, 42, 134, 176
411483.3.peg.148.site.19, 18, 121, 139
411483.3.peg.148.site.20, 2, 117, 119
411483.3.peg.148.site.21, 21, 88, 109
411483.3.peg.148.site.22, 7, 89, 96
411483.3.peg.148.site.23, 12, 84, 96
411483.3.peg.148.site.24, 1, 74, 75
411483.3.peg.148.site.25, 2, 69, 71
411483.3.peg.148.site.26, 7, 66, 73
411483.3.peg.148.site.27, 1, 68, 69
411483.3.peg.148.site.28, 1, 64, 65
411483.3.peg.148.site.29, 7, 64, 71
411483.3.peg.148.site.30, 2, 62, 64
411483.3.peg.148.site.31, 1, 60, 61
411483.3.peg.148.site.32, 1, 60, 61
411483.3.peg.148.site.33, 6, 58, 64
411483.3.peg.148.site.34, 9, 67, 76
411483.3.peg.148.site.35, 25, 82, 107
411483.3.peg.148.site.36, 69, 115, 184
411483.3.peg.148.site.37, 6, 141, 147
411483.3.peg.148.site.38, 86, 141, 227
411483.3.peg.148.site.39, 2, 149, 151
411483.3.peg.148.site.40, 77, 143, 220
411483.3.peg.148.site.41, 2, 155, 157
411483.3.peg.148.site.42, 13, 152, 165
411483.3.peg.148.site.43, 1, 154, 155
411483.3.peg.148.site.44, 6, 151, 157
411483.3.peg.148.site.45, 93, 147, 240
411483.3.peg.148.site.46, 92, 146, 238
411483.3.peg.148.site.47, 1, 152, 153
411483.3.peg.148.site.48, 1, 153, 154
411483.3.peg.148.site.49, 1, 153, 154
411483.3.peg.148.site.50, 4, 149, 153
411483.3.peg.148.site.51, 99, 137, 236
411483.3.peg.148.site.52, 17, 144, 161
411483.3.peg.148.site.53, 11, 138, 149
411483.3.peg.148.site.54, 2, 131, 133
411483.3.peg.148.site.55, 9, 125, 134
411483.3.peg.148.site.56, 18, 117, 135
411483.3.peg.148.site.57, 13, 115, 128
411483.3.peg.148.site.58, 7, 105, 112
411483.3.peg.148.site.59, 9, 104, 113
411483.3.peg.148.site.60, 18, 104, 122
411483.3.peg.148.site.61, 1, 103, 104
411483.3.peg.148.site.62, 0, 101, 101
411483.3.peg.148.site.63, 8, 94, 102
411483.3.peg.148.site.64, 8, 96, 104
411483.3.peg.148.site.65, 0, 101, 101
411483.3.peg.148.site.66, 14, 96, 110
411483.3.peg.148.site.67, 1, 99, 100
411483.3.peg.148.site.68, 7, 94, 101
411483.3.peg.148.site.69, 5, 107, 112
411483.3.peg.148.site.70, 6, 106, 112
411483.3.peg.148.site.71, 20, 121, 141
411483.3.peg.148.site.72, 8, 136, 144
411483.3.peg.148.site.73, 10, 135, 145
411483.3.peg.148.site.74, 1, 139, 140
411483.3.peg.148.site.75, 1, 143, 144
411483.3.peg.148.site.76, 29, 132, 161
411483.3.peg.148.site.77, 35, 133, 168
411483.3.peg.148.site.78, 16, 140, 156
411483.3.peg.148.site.79, 1, 149, 150
411483.3.peg.148.site.80, 41, 142, 183
411483.3.peg.148.site.81, 14, 150, 164
411483.3.peg.148.site.82, 7, 153, 160
411483.3.peg.148.site.83, 10, 153, 163
411483.3.peg.148.site.84, 0, 154, 154
411483.3.peg.148.site.85, 21, 145, 166
411483.3.peg.148.site.86, 10, 147, 157
411483.3.peg.148.site.87, 0, 151, 151
411483.3.peg.148.site.88, 4, 155, 159
411483.3.peg.148.site.89, 11, 149, 160
411483.3.peg.148.site.90, 5, 152, 157
411483.3.peg.148.site.91, 41, 134, 175
411483.3.peg.148.site.92, 6, 152, 158
411483.3.peg.148.site.93, 3, 152, 155
411483.3.peg.148.site.94, 155, 155, 310
411483.3.peg.148.site.95, 5, 152, 157
411483.3.peg.419.site.1, 4, 154, 158
411483.3.peg.419.site.2, 2, 153, 155
411483.3.peg.419.site.3, 1, 154, 155
411483.3.peg.419.site.4, 7, 151, 158
411483.3.peg.419.site.5, 3, 152, 155
411483.3.peg.419.site.6, 2, 149, 151
411483.3.peg.419.site.7, 3, 149, 152
411483.3.peg.419.site.8, 1, 146, 147
411483.3.peg.419.site.9, 2, 148, 150
411483.3.peg.419.site.10, 3, 151, 154
411483.3.peg.419.site.11, 1, 152, 153
411483.3.peg.419.site.12, 13, 152, 165
411483.3.peg.419.site.13, 1, 153, 154
411483.3.peg.419.site.14, 3, 152, 155
411483.3.peg.419.site.15, 1, 144, 145
411483.3.peg.419.site.16, 7, 147, 154
411483.3.peg.419.site.17, 82, 138, 220
411483.3.peg.419.site.18, 9, 135, 144
411483.3.peg.419.site.19, 3, 123, 126
411483.3.peg.419.site.20, 12, 118, 130
411483.3.peg.419.site.21, 0, 134, 134
411483.3.peg.419.site.22, 2, 133, 135
411483.3.peg.419.site.23, 2, 135, 137
411483.3.peg.419.site.24, 10, 132, 142
411483.3.peg.419.site.25, 63, 120, 183
411483.3.peg.419.site.26, 9, 117, 126
411483.3.peg.419.site.27, 29, 115, 144
411483.3.peg.419.site.28, 0, 138, 138
411483.3.peg.419.site.29, 10, 129, 139
411483.3.peg.419.site.30, 17, 131, 148
411483.3.peg.419.site.31, 9, 136, 145
411483.3.peg.419.site.32, 2, 141, 143
411483.3.peg.419.site.33, 8, 148, 156
411483.3.peg.419.site.34, 1, 141, 142
411483.3.peg.419.site.35, 5, 138, 143
411483.3.peg.419.site.36, 4, 145, 149
411483.3.peg.419.site.37, 1, 145, 146
411483.3.peg.419.site.38, 2, 136, 138
411483.3.peg.419.site.39, 9, 145, 154
411483.3.peg.419.site.40, 10, 134, 144
411483.3.peg.419.site.41, 142, 145, 287
411483.3.peg.419.site.42, 1, 138, 139
411483.3.peg.419.site.43, 7, 124, 131
411483.3.peg.419.site.44, 1, 134, 135
411483.3.peg.419.site.45, 8, 132, 140
411483.3.peg.419.site.46, 1, 123, 124
411483.3.peg.419.site.47, 1, 118, 119
411483.3.peg.419.site.48, 4, 124, 128
411483.3.peg.419.site.49, 2, 131, 133
411483.3.peg.419.site.50, 5, 120, 125
411483.3.peg.419.site.51, 20, 126, 146
411483.3.peg.419.site.52, 1, 133, 134
411483.3.peg.419.site.53, 1, 133, 134
411483.3.peg.419.site.54, 11, 119, 130
411483.3.peg.419.site.55, 5, 128, 133
411483.3.peg.419.site.56, 11, 97, 108
411483.3.peg.419.site.57, 22, 92, 114
411483.3.peg.419.site.58, 2, 94, 96
411483.3.peg.419.site.59, 2, 89, 91
411483.3.peg.419.site.60, 1, 89, 90
411483.3.peg.419.site.61, 49, 102, 151
411483.3.peg.419.site.62, 0, 117, 117
411483.3.peg.419.site.63, 1, 114, 115
411483.3.peg.419.site.64, 6, 118, 124
411483.3.peg.419.site.65, 4, 123, 127
411483.3.peg.419.site.66, 4, 126, 130
411483.3.peg.419.site.67, 5, 143, 148
411483.3.peg.419.site.68, 0, 147, 147
411483.3.peg.419.site.69, 23, 142, 165
411483.3.peg.419.site.70, 0, 152, 152
411483.3.peg.419.site.71, 1, 154, 155
411483.3.peg.419.site.72, 20, 144, 164
411483.3.peg.419.site.73, 4, 153, 157
411483.3.peg.419.site.74, 2, 153, 155
411483.3.peg.419.site.75, 0, 152, 152
411483.3.peg.419.site.76, 0, 144, 144
411483.3.peg.419.site.77, 4, 152, 156
411483.3.peg.419.site.78, 1, 154, 155
411483.3.peg.419.site.79, 39, 144, 183
411483.3.peg.419.site.80, 3, 154, 157
411483.3.peg.419.site.81, 5, 151, 156
411483.3.peg.419.site.82, 2, 155, 157
411483.3.peg.419.site.83, 2, 154, 156
411483.3.peg.413.site.1, 20, 153, 173
411483.3.peg.413.site.2, 17, 147, 164
411483.3.peg.413.site.3, 6, 151, 157
411483.3.peg.413.site.4, 127, 148, 275
411483.3.peg.413.site.5, 70, 142, 212
411483.3.peg.413.site.6, 14, 138, 152
411483.3.peg.413.site.7, 5, 139, 144
411483.3.peg.413.site.8, 4, 140, 144
411483.3.peg.413.site.9, 5, 143, 148
411483.3.peg.413.site.10, 0, 138, 138
411483.3.peg.413.site.11, 3, 137, 140
411483.3.peg.413.site.12, 31, 129, 160
411483.3.peg.413.site.13, 7, 127, 134
411483.3.peg.413.site.14, 70, 118, 188
411483.3.peg.413.site.15, 8, 116, 124
411483.3.peg.413.site.16, 12, 118, 130
411483.3.peg.413.site.17, 1, 128, 129
411483.3.peg.413.site.18, 10, 126, 136
411483.3.peg.413.site.19, 13, 122, 135
411483.3.peg.413.site.20, 12, 131, 143
411483.3.peg.413.site.21, 25, 120, 145
411483.3.peg.413.site.22, 12, 12, 24
411483.3.peg.413.site.23, 1, 154, 155
411483.3.peg.412.site.1, 2, 147, 149
411483.3.peg.412.site.2, 1, 148, 149
411483.3.peg.412.site.3, 0, 140, 140
411483.3.peg.412.site.4, 3, 141, 144
411483.3.peg.412.site.5, 3, 140, 143
411483.3.peg.412.site.6, 2, 145, 147
411483.3.peg.412.site.7, 1, 145, 146
411483.3.peg.412.site.8, 1, 145, 146
411483.3.peg.412.site.9, 26, 132, 158
411483.3.peg.412.site.10, 0, 143, 143
411483.3.peg.412.site.11, 1, 140, 141
411483.3.peg.412.site.12, 8, 136, 144
411483.3.peg.412.site.13, 127, 130, 257
411483.3.peg.412.site.14, 4, 130, 134
411483.3.peg.412.site.15, 2, 140, 142
411483.3.peg.412.site.16, 1, 133, 134
411483.3.peg.412.site.17, 2, 138, 140
411483.3.peg.412.site.18, 108, 131, 239
411483.3.peg.412.site.19, 5, 138, 143
411483.3.peg.412.site.20, 2, 136, 138
411483.3.peg.412.site.21, 2, 139, 141
411483.3.peg.412.site.22, 3, 142, 145
411483.3.peg.412.site.23, 8, 140, 148
411483.3.peg.412.site.24, 2, 140, 142
411483.3.peg.412.site.25, 137, 137, 274
411483.3.peg.412.site.26, 3, 124, 127
411483.3.peg.412.site.27, 0, 134, 134
411483.3.peg.412.site.28, 4, 115, 119
411483.3.peg.412.site.29, 19, 105, 124
411483.3.peg.412.site.30, 1, 108, 109
411483.3.peg.412.site.31, 5, 128, 133
411483.3.peg.412.site.32, 8, 129, 137
411483.3.peg.412.site.33, 6, 133, 139
411483.3.peg.411.site.1, 1, 150, 151
411483.3.peg.411.site.2, 2, 124, 126
411483.3.peg.411.site.3, 1, 146, 147
411483.3.peg.411.site.4, 2, 140, 142
411483.3.peg.411.site.5, 131, 140, 271
411483.3.peg.411.site.6, 0, 137, 137
411483.3.peg.411.site.7, 0, 139, 139
411483.3.peg.411.site.8, 2, 143, 145
411483.3.peg.411.site.9, 2, 144, 146
411483.3.peg.411.site.10, 0, 147, 147
411483.3.peg.411.site.11, 22, 145, 167
411483.3.peg.411.site.12, 18, 136, 154
411483.3.peg.411.site.13, 2, 149, 151
411483.3.peg.411.site.14, 2, 150, 152
411483.3.peg.411.site.15, 2, 148, 150
411483.3.peg.411.site.16, 2, 149, 151
411483.3.peg.411.site.17, 1, 151, 152
411483.3.peg.411.site.18, 16, 139, 155
411483.3.peg.411.site.19, 26, 129, 155
411483.3.peg.411.site.20, 19, 134, 153
411483.3.peg.411.site.21, 6, 137, 143
411483.3.peg.411.site.22, 5, 136, 141
411483.3.peg.411.site.23, 8, 133, 141
411483.3.peg.411.site.24, 14, 137, 151
411483.3.peg.411.site.25, 0, 139, 139
411483.3.peg.411.site.26, 1, 138, 139
411483.3.peg.411.site.27, 1, 132, 133
411483.3.peg.411.site.28, 14, 117, 131
411483.3.peg.411.site.29, 3, 122, 125
411483.3.peg.411.site.30, 3, 137, 140
411483.3.peg.411.site.31, 3, 118, 121
411483.3.peg.411.site.32, 2, 117, 119
411483.3.peg.411.site.33, 2, 120, 122
411483.3.peg.411.site.34, 6, 108, 114
411483.3.peg.411.site.35, 2, 116, 118
411483.3.peg.411.site.36, 3, 100, 103
411483.3.peg.411.site.37, 2, 111, 113
411483.3.peg.411.site.38, 5, 96, 101
411483.3.peg.411.site.39, 96, 100, 196
411483.3.peg.411.site.40, 106, 106, 212
411483.3.peg.411.site.41, 1, 107, 108
411483.3.peg.411.site.42, 3, 103, 106
411483.3.peg.411.site.43, 5, 115, 120
411483.3.peg.411.site.44, 1, 121, 122
411483.3.peg.411.site.45, 20, 117, 137
411483.3.peg.411.site.46, 6, 140, 146
411483.3.peg.411.site.47, 57, 122, 179
411483.3.peg.411.site.48, 1, 128, 129
411483.3.peg.411.site.49, 18, 135, 153
411483.3.peg.411.site.50, 3, 132, 135
411483.3.peg.411.site.51, 5, 119, 124
411483.3.peg.411.site.52, 4, 128, 132
411483.3.peg.411.site.53, 7, 122, 129
411483.3.peg.411.site.54, 1, 127, 128
411483.3.peg.411.site.55, 68, 126, 194
411483.3.peg.411.site.56, 0, 144, 144
411483.3.peg.411.site.57, 9, 140, 149
411483.3.peg.411.site.58, 3, 149, 152
411483.3.peg.411.site.59, 5, 148, 153
411483.3.peg.411.site.60, 4, 149, 153
411483.3.peg.411.site.61, 0, 149, 149
411483.3.peg.411.site.62, 137, 146, 283
411483.3.peg.411.site.63, 2, 151, 153
411483.3.peg.411.site.64, 46, 133, 179
411483.3.peg.411.site.65, 7, 140, 147
411483.3.peg.411.site.66, 2, 147, 149
411483.3.peg.411.site.67, 0, 149, 149
411483.3.peg.411.site.68, 0, 147, 147
411483.3.peg.411.site.69, 5, 148, 153
411483.3.peg.411.site.70, 5, 146, 151
411483.3.peg.411.site.71, 3, 148, 151
411483.3.peg.411.site.72, 5, 150, 155
411483.3.peg.411.site.73, 5, 135, 140
411483.3.peg.411.site.74, 143, 143, 286
411483.3.peg.411.site.75, 17, 128, 145
411483.3.peg.411.site.76, 4, 138, 142
411483.3.peg.411.site.77, 1, 128, 129
411483.3.peg.411.site.78, 11, 113, 124
411483.3.peg.411.site.79, 102, 125, 227
411483.3.peg.411.site.80, 57, 120, 177
411483.3.peg.411.site.81, 30, 124, 154
411483.3.peg.411.site.82, 22, 129, 151
411483.3.peg.411.site.83, 5, 144, 149
411483.3.peg.411.site.84, 5, 142, 147
411483.3.peg.411.site.85, 8, 142, 150
411483.3.peg.411.site.86, 148, 148, 296
411483.3.peg.411.site.87, 2, 147, 149
411483.3.peg.411.site.88, 9, 143, 152
411483.3.peg.411.site.89, 14, 140, 154
411483.3.peg.411.site.90, 4, 143, 147
411483.3.peg.411.site.91, 6, 145, 151
411483.3.peg.411.site.92, 0, 152, 152
411483.3.peg.410.site.1, 12, 150, 162
411483.3.peg.410.site.2, 52, 134, 186
411483.3.peg.410.site.3, 13, 140, 153
411483.3.peg.410.site.4, 3, 140, 143
411483.3.peg.410.site.5, 3, 148, 151
411483.3.peg.410.site.6, 8, 147, 155
411483.3.peg.410.site.7, 4, 144, 148
411483.3.peg.410.site.8, 1, 150, 151
411483.3.peg.410.site.9, 2, 151, 153
411483.3.peg.410.site.10, 6, 150, 156
411483.3.peg.410.site.11, 8, 148, 156
411483.3.peg.410.site.12, 16, 144, 160
411483.3.peg.410.site.13, 0, 148, 148
411483.3.peg.410.site.14, 0, 153, 153
411483.3.peg.410.site.15, 6, 144, 150
411483.3.peg.410.site.16, 6, 149, 155
411483.3.peg.410.site.17, 5, 152, 157
411483.3.peg.410.site.18, 11, 152, 163
411483.3.peg.410.site.19, 1, 147, 148
411483.3.peg.410.site.20, 8, 140, 148
411483.3.peg.410.site.21, 4, 149, 153
411483.3.peg.410.site.22, 13, 143, 156
411483.3.peg.410.site.23, 1, 148, 149
411483.3.peg.410.site.24, 1, 140, 141
411483.3.peg.410.site.25, 2, 142, 144
411483.3.peg.410.site.26, 1, 139, 140
411483.3.peg.410.site.27, 3, 147, 150
411483.3.peg.410.site.28, 0, 153, 153
411483.3.peg.410.site.29, 2, 151, 153
411483.3.peg.410.site.30, 143, 148, 291
411483.3.peg.410.site.31, 32, 145, 177
411483.3.peg.410.site.32, 5, 147, 152
411483.3.peg.410.site.33, 1, 151, 152
411483.3.peg.410.site.34, 24, 141, 165
411483.3.peg.410.site.35, 11, 150, 161
411483.3.peg.410.site.36, 2, 150, 152
411483.3.peg.417.site.1, 1, 104, 105
411483.3.peg.417.site.2, 1, 133, 134
411483.3.peg.417.site.3, 1, 143, 144
411483.3.peg.417.site.4, 1, 141, 142
411483.3.peg.417.site.5, 13, 140, 153
411483.3.peg.417.site.6, 0, 142, 142
411483.3.peg.417.site.7, 4, 124, 128
411483.3.peg.417.site.8, 4, 122, 126
411483.3.peg.417.site.9, 6, 123, 129
411483.3.peg.417.site.10, 1, 116, 117
411483.3.peg.417.site.11, 0, 120, 120
411483.3.peg.417.site.12, 0, 133, 133
411483.3.peg.417.site.13, 2, 137, 139
411483.3.peg.417.site.14, 2, 139, 141
411483.3.peg.417.site.15, 2, 143, 145
411483.3.peg.417.site.16, 8, 142, 150
411483.3.peg.417.site.17, 5, 145, 150
411483.3.peg.417.site.18, 0, 143, 143
411483.3.peg.417.site.19, 4, 145, 149
411483.3.peg.417.site.20, 114, 137, 251
411483.3.peg.417.site.21, 12, 146, 158
411483.3.peg.417.site.22, 6, 148, 154
411483.3.peg.417.site.23, 8, 144, 152
411483.3.peg.417.site.24, 10, 145, 155
411483.3.peg.417.site.25, 1, 149, 150
411483.3.peg.417.site.26, 3, 147, 150
411483.3.peg.417.site.27, 1, 149, 150
411483.3.peg.417.site.28, 1, 148, 149
411483.3.peg.417.site.29, 12, 148, 160
411483.3.peg.417.site.30, 17, 142, 159
411483.3.peg.417.site.31, 4, 149, 153
411483.3.peg.417.site.32, 5, 147, 152
411483.3.peg.417.site.33, 4, 148, 152
411483.3.peg.417.site.34, 2, 152, 154
411483.3.peg.417.site.35, 5, 150, 155
411483.3.peg.417.site.36, 2, 154, 156
411483.3.peg.417.site.37, 25, 144, 169
411483.3.peg.417.site.38, 2, 152, 154
411483.3.peg.417.site.39, 6, 154, 160
411483.3.peg.417.site.40, 14, 147, 161
411483.3.peg.417.site.41, 1, 153, 154
411483.3.peg.417.site.42, 1, 155, 156
411483.3.peg.417.site.43, 1, 154, 155
411483.3.peg.417.site.44, 1, 155, 156
411483.3.peg.417.site.45, 58, 144, 202
411483.3.peg.417.site.46, 1, 152, 153
411483.3.peg.417.site.47, 14, 151, 165
411483.3.peg.417.site.48, 9, 151, 160
411483.3.peg.417.site.49, 0, 150, 150
411483.3.peg.417.site.50, 1, 154, 155
411483.3.peg.417.site.51, 12, 152, 164
411483.3.peg.417.site.52, 1, 155, 156
411483.3.peg.417.site.53, 2, 155, 157
411483.3.peg.417.site.54, 1, 155, 156
411483.3.peg.417.site.55, 2, 155, 157
411483.3.peg.417.site.56, 1, 153, 154
411483.3.peg.417.site.57, 2, 154, 156
411483.3.peg.417.site.58, 4, 153, 157
411483.3.peg.417.site.59, 5, 154, 159
411483.3.peg.417.site.60, 5, 153, 158
411483.3.peg.417.site.61, 8, 149, 157
411483.3.peg.417.site.62, 1, 152, 153
411483.3.peg.417.site.63, 2, 154, 156
411483.3.peg.417.site.64, 2, 155, 157
411483.3.peg.417.site.65, 18, 153, 171
411483.3.peg.417.site.66, 1, 155, 156
411483.3.peg.417.site.67, 1, 155, 156
411483.3.peg.417.site.68, 3, 154, 157
411483.3.peg.417.site.69, 2, 155, 157
411483.3.peg.417.site.70, 5, 155, 160
411483.3.peg.417.site.71, 5, 152, 157
411483.3.peg.417.site.72, 10, 151, 161
411483.3.peg.417.site.73, 1, 154, 155
411483.3.peg.417.site.74, 0, 153, 153
411483.3.peg.417.site.75, 1, 155, 156
411483.3.peg.417.site.76, 3, 154, 157
411483.3.peg.417.site.77, 1, 155, 156
411483.3.peg.417.site.78, 2, 155, 157
411483.3.peg.417.site.79, 20, 149, 169
411483.3.peg.417.site.80, 0, 155, 155
411483.3.peg.417.site.81, 4, 154, 158
411483.3.peg.417.site.82, 27, 144, 171
411483.3.peg.417.site.83, 2, 146, 148
411483.3.peg.417.site.84, 2, 145, 147
411483.3.peg.417.site.85, 14, 145, 159
411483.3.peg.416.site.1, 17, 143, 160
411483.3.peg.416.site.2, 2, 138, 140
411483.3.peg.416.site.3, 43, 117, 160
411483.3.peg.416.site.4, 38, 120, 158
411483.3.peg.416.site.5, 5, 120, 125
411483.3.peg.416.site.6, 3, 124, 127
411483.3.peg.416.site.7, 1, 126, 127
411483.3.peg.416.site.8, 28, 115, 143
411483.3.peg.416.site.9, 28, 116, 144
411483.3.peg.416.site.10, 5, 130, 135
411483.3.peg.416.site.11, 3, 125, 128
411483.3.peg.416.site.12, 43, 120, 163
411483.3.peg.416.site.13, 47, 117, 164
411483.3.peg.416.site.14, 2, 119, 121
411483.3.peg.416.site.15, 9, 123, 132
411483.3.peg.416.site.16, 75, 125, 200
411483.3.peg.416.site.17, 0, 136, 136
411483.3.peg.416.site.18, 5, 134, 139
411483.3.peg.416.site.19, 5, 140, 145
411483.3.peg.416.site.20, 10, 139, 149
411483.3.peg.416.site.21, 1, 148, 149
411483.3.peg.416.site.22, 5, 149, 154
411483.3.peg.416.site.23, 5, 147, 152
411483.3.peg.416.site.24, 9, 144, 153
411483.3.peg.416.site.25, 3, 147, 150
411483.3.peg.416.site.26, 22, 140, 162
411483.3.peg.416.site.27, 1, 141, 142
411483.3.peg.416.site.28, 1, 140, 141
411483.3.peg.416.site.29, 8, 136, 144
411483.3.peg.416.site.30, 127, 136, 263
411483.3.peg.416.site.31, 123, 134, 257
411483.3.peg.416.site.32, 3, 138, 141
411483.3.peg.416.site.33, 4, 136, 140
411483.3.peg.416.site.34, 1, 147, 148
411483.3.peg.416.site.35, 2, 150, 152
411483.3.peg.416.site.36, 5, 148, 153
411483.3.peg.416.site.37, 1, 127, 128
411483.3.peg.416.site.38, 17, 123, 140
411483.3.peg.416.site.39, 6, 136, 142
411483.3.peg.416.site.40, 1, 141, 142
411483.3.peg.416.site.41, 1, 143, 144
411483.3.peg.416.site.42, 3, 145, 148
411483.3.peg.416.site.43, 13, 147, 160
411483.3.peg.416.site.44, 1, 151, 152
411483.3.peg.416.site.45, 75, 146, 221
411483.3.peg.416.site.46, 0, 146, 146
411483.3.peg.416.site.47, 44, 137, 181
411483.3.peg.416.site.48, 2, 153, 155
411483.3.peg.416.site.49, 51, 134, 185
411483.3.peg.416.site.50, 63, 136, 199
411483.3.peg.416.site.51, 0, 150, 150
411483.3.peg.416.site.52, 3, 148, 151
411483.3.peg.416.site.53, 12, 144, 156
411483.3.peg.416.site.54, 1, 150, 151
411483.3.peg.416.site.55, 3, 153, 156
411483.3.peg.416.site.56, 14, 144, 158
411483.3.peg.416.site.57, 2, 153, 155
411483.3.peg.416.site.58, 1, 150, 151
411483.3.peg.416.site.59, 3, 148, 151
411483.3.peg.416.site.60, 34, 145, 179
411483.3.peg.416.site.61, 3, 151, 154
411483.3.peg.416.site.62, 52, 143, 195
411483.3.peg.416.site.63, 142, 149, 291
411483.3.peg.416.site.64, 0, 150, 150
411483.3.peg.416.site.65, 4, 153, 157
411483.3.peg.416.site.66, 8, 152, 160
411483.3.peg.416.site.67, 1, 151, 152
411483.3.peg.416.site.68, 10, 152, 162
411483.3.peg.416.site.69, 3, 150, 153
411483.3.peg.416.site.70, 1, 152, 153
411483.3.peg.416.site.71, 2, 152, 154
411483.3.peg.416.site.72, 117, 145, 262
411483.3.peg.416.site.73, 1, 154, 155
411483.3.peg.416.site.74, 11, 151, 162
411483.3.peg.416.site.75, 3, 152, 155
411483.3.peg.416.site.76, 14, 151, 165
411483.3.peg.416.site.77, 1, 150, 151
411483.3.peg.416.site.78, 0, 150, 150
411483.3.peg.416.site.79, 2, 151, 153
411483.3.peg.416.site.80, 87, 140, 227
411483.3.peg.416.site.81, 92, 140, 232
411483.3.peg.416.site.82, 144, 147, 291
411483.3.peg.416.site.83, 3, 147, 150
411483.3.peg.416.site.84, 0, 144, 144
411483.3.peg.416.site.85, 130, 141, 271
411483.3.peg.416.site.86, 1, 130, 131
411483.3.peg.416.site.87, 1, 138, 139
411483.3.peg.416.site.88, 1, 134, 135
411483.3.peg.416.site.89, 9, 113, 122
411483.3.peg.416.site.90, 24, 76, 100
411483.3.peg.416.site.91, 40, 56, 96
411483.3.peg.416.site.92, 40, 54, 94
411483.3.peg.416.site.93, 30, 45, 75
411483.3.peg.415.site.1, 5, 146, 151
411483.3.peg.415.site.2, 6, 148, 154
411483.3.peg.415.site.3, 3, 142, 145
411483.3.peg.415.site.4, 2, 137, 139
411483.3.peg.415.site.5, 14, 133, 147
411483.3.peg.415.site.6, 6, 129, 135
411483.3.peg.415.site.7, 1, 129, 130
411483.3.peg.415.site.8, 7, 131, 138
411483.3.peg.415.site.9, 4, 133, 137
411483.3.peg.415.site.10, 6, 128, 134
411483.3.peg.415.site.11, 8, 117, 125
411483.3.peg.415.site.12, 5, 124, 129
411483.3.peg.415.site.13, 2, 124, 126
411483.3.peg.415.site.14, 4, 123, 127
411483.3.peg.415.site.15, 3, 127, 130
411483.3.peg.415.site.16, 5, 123, 128
411483.3.peg.415.site.17, 3, 122, 125
411483.3.peg.415.site.18, 25, 117, 142
411483.3.peg.415.site.19, 0, 123, 123
411483.3.peg.415.site.20, 2, 115, 117
411483.3.peg.415.site.21, 1, 113, 114
411483.3.peg.415.site.22, 3, 118, 121
411483.3.peg.415.site.23, 5, 118, 123
411483.3.peg.415.site.24, 1, 119, 120
411483.3.peg.415.site.25, 5, 115, 120
411483.3.peg.415.site.26, 1, 117, 118
411483.3.peg.415.site.27, 7, 117, 124
411483.3.peg.415.site.28, 35, 99, 134
411483.3.peg.415.site.29, 1, 116, 117
411483.3.peg.415.site.30, 4, 113, 117
411483.3.peg.415.site.31, 2, 111, 113
411483.3.peg.415.site.32, 1, 106, 107
411483.3.peg.415.site.33, 7, 92, 99
411483.3.peg.415.site.34, 5, 101, 106
411483.3.peg.415.site.35, 2, 91, 93
411483.3.peg.415.site.36, 1, 95, 96
411483.3.peg.415.site.37, 1, 92, 93
411483.3.peg.415.site.38, 36, 84, 120
411483.3.peg.415.site.39, 5, 85, 90
411483.3.peg.415.site.40, 19, 68, 87
411483.3.peg.415.site.41, 82, 84, 166
411483.3.peg.415.site.42, 2, 81, 83
411483.3.peg.415.site.43, 57, 71, 128
411483.3.peg.415.site.44, 12, 77, 89
411483.3.peg.415.site.45, 6, 80, 86
411483.3.peg.415.site.46, 3, 87, 90
411483.3.peg.415.site.47, 6, 86, 92
411483.3.peg.415.site.48, 73, 88, 161
411483.3.peg.415.site.49, 1, 102, 103
411483.3.peg.415.site.50, 1, 93, 94
411483.3.peg.415.site.51, 23, 96, 119
411483.3.peg.415.site.52, 7, 102, 109
411483.3.peg.415.site.53, 2, 104, 106
411483.3.peg.415.site.54, 59, 103, 162
411483.3.peg.415.site.55, 1, 110, 111
411483.3.peg.415.site.56, 11, 107, 118
411483.3.peg.415.site.57, 2, 118, 120
411483.3.peg.415.site.58, 76, 99, 175
411483.3.peg.415.site.59, 10, 104, 114
411483.3.peg.415.site.60, 7, 108, 115
411483.3.peg.415.site.61, 4, 120, 124
411483.3.peg.415.site.62, 1, 119, 120
411483.3.peg.415.site.63, 3, 121, 124
411483.3.peg.415.site.64, 114, 119, 233
411483.3.peg.415.site.65, 1, 126, 127
411483.3.peg.415.site.66, 2, 127, 129
411483.3.peg.415.site.67, 1, 127, 128
411483.3.peg.415.site.68, 1, 128, 129
411483.3.peg.415.site.69, 6, 130, 136
411483.3.peg.415.site.70, 8, 133, 141
411483.3.peg.415.site.71, 0, 132, 132
411483.3.peg.415.site.72, 3, 135, 138
411483.3.peg.415.site.73, 5, 132, 137
411483.3.peg.415.site.74, 3, 146, 149
411483.3.peg.415.site.75, 7, 143, 150
411483.3.peg.415.site.76, 44, 141, 185
411483.3.peg.415.site.77, 124, 144, 268
411483.3.peg.415.site.78, 1, 148, 149
411483.3.peg.415.site.79, 4, 149, 153
411483.3.peg.415.site.80, 4, 146, 150
411483.3.peg.415.site.81, 72, 137, 209
411483.3.peg.415.site.82, 1, 145, 146
411483.3.peg.415.site.83, 3, 148, 151
411483.3.peg.415.site.84, 1, 125, 126
411483.3.peg.146.site.1, 3, 117, 120
411483.3.peg.146.site.2, 6, 140, 146
411483.3.peg.146.site.3, 16, 130, 146
411483.3.peg.146.site.4, 1, 147, 148
411483.3.peg.146.site.5, 5, 151, 156
411483.3.peg.146.site.6, 1, 155, 156
411483.3.peg.146.site.7, 1, 155, 156
411483.3.peg.146.site.8, 1, 154, 155
411483.3.peg.146.site.9, 1, 153, 154
411483.3.peg.146.site.10, 6, 155, 161
411483.3.peg.789.site.1, 1, 154, 155
411483.3.peg.789.site.2, 38, 149, 187
411483.3.peg.789.site.3, 3, 153, 156
411483.3.peg.789.site.4, 2, 153, 155
411483.3.peg.789.site.5, 45, 145, 190
411483.3.peg.789.site.6, 2, 150, 152
411483.3.peg.789.site.7, 87, 130, 217
411483.3.peg.789.site.8, 3, 143, 146
411483.3.peg.789.site.9, 2, 146, 148
411483.3.peg.789.site.10, 4, 148, 152
411483.3.peg.788.site.1, 3, 145, 148
411483.3.peg.788.site.2, 1, 152, 153
411483.3.peg.788.site.3, 3, 150, 153
411483.3.peg.788.site.4, 6, 149, 155
411483.3.peg.788.site.5, 3, 150, 153
411483.3.peg.788.site.6, 2, 148, 150
411483.3.peg.788.site.7, 4, 147, 151
411483.3.peg.788.site.8, 43, 143, 186
411483.3.peg.788.site.9, 4, 130, 134
411483.3.peg.788.site.10, 0, 123, 123
411483.3.peg.788.site.11, 2, 125, 127
411483.3.peg.788.site.12, 1, 120, 121
411483.3.peg.788.site.13, 27, 100, 127
411483.3.peg.788.site.14, 2, 106, 108
411483.3.peg.788.site.15, 22, 106, 128
411483.3.peg.788.site.16, 48, 138, 186
411483.3.peg.788.site.17, 13, 153, 166
411483.3.peg.788.site.18, 6, 155, 161
411483.3.peg.788.site.19, 0, 154, 154
411483.3.peg.788.site.20, 2, 154, 156
411483.3.peg.1523.site.1, 20, 129, 149
411483.3.peg.1523.site.2, 1, 138, 139
411483.3.peg.1523.site.3, 1, 130, 131
411483.3.peg.1523.site.4, 1, 141, 142
411483.3.peg.1523.site.5, 0, 140, 140
411483.3.peg.1523.site.6, 117, 139, 256
411483.3.peg.1523.site.7, 1, 149, 150
411483.3.peg.1523.site.8, 2, 147, 149
411483.3.peg.1523.site.9, 10, 152, 162
411483.3.peg.1523.site.10, 0, 152, 152
411483.3.peg.1523.site.11, 4, 152, 156
411483.3.peg.1523.site.12, 12, 150, 162
411483.3.peg.1523.site.13, 5, 148, 153
411483.3.peg.1523.site.14, 2, 155, 157
411483.3.peg.1523.site.15, 6, 148, 154
411483.3.peg.1523.site.16, 0, 145, 145
411483.3.peg.1523.site.17, 13, 132, 145
411483.3.peg.1523.site.18, 38, 127, 165
411483.3.peg.1523.site.19, 10, 134, 144
411483.3.peg.1523.site.20, 22, 143, 165
411483.3.peg.1523.site.21, 1, 142, 143
411483.3.peg.1523.site.22, 146, 146, 292
411483.3.peg.1523.site.23, 2, 144, 146
411483.3.peg.1523.site.24, 97, 138, 235
411483.3.peg.1523.site.25, 3, 149, 152
411483.3.peg.1523.site.26, 5, 145, 150
411483.3.peg.1523.site.27, 13, 148, 161
411483.3.peg.1523.site.28, 8, 147, 155
411483.3.peg.1523.site.29, 2, 147, 149
411483.3.peg.1523.site.30, 10, 148, 158
411483.3.peg.1523.site.31, 1, 151, 152
411483.3.peg.1523.site.32, 6, 150, 156
411483.3.peg.1523.site.33, 31, 145, 176
411483.3.peg.1523.site.34, 1, 148, 149
411483.3.peg.1523.site.35, 27, 142, 169
411483.3.peg.1523.site.36, 7, 145, 152
411483.3.peg.1523.site.37, 1, 147, 148
411483.3.peg.1523.site.38, 1, 140, 141
411483.3.peg.1523.site.39, 29, 142, 171
411483.3.peg.1523.site.40, 2, 140, 142
411483.3.peg.1523.site.41, 1, 135, 136
411483.3.peg.1523.site.42, 5, 129, 134
411483.3.peg.1523.site.43, 3, 120, 123
411483.3.peg.1523.site.44, 4, 127, 131
411483.3.peg.1523.site.45, 3, 127, 130
411483.3.peg.1523.site.46, 122, 128, 250
411483.3.peg.1523.site.47, 9, 145, 154
411483.3.peg.1523.site.48, 45, 134, 179
411483.3.peg.1523.site.49, 1, 147, 148
411483.3.peg.1523.site.50, 6, 145, 151
411483.3.peg.1523.site.51, 3, 145, 148
411483.3.peg.1523.site.52, 2, 145, 147
411483.3.peg.1523.site.53, 8, 146, 154
411483.3.peg.1523.site.54, 3, 142, 145
411483.3.peg.1523.site.55, 0, 143, 143
411483.3.peg.1523.site.56, 5, 141, 146
411483.3.peg.1523.site.57, 3, 141, 144
411483.3.peg.1523.site.58, 7, 142, 149
411483.3.peg.1523.site.59, 5, 145, 150
411483.3.peg.1523.site.60, 1, 146, 147
411483.3.peg.1523.site.61, 3, 136, 139
411483.3.peg.1523.site.62, 87, 137, 224
411483.3.peg.1523.site.63, 8, 141, 149
411483.3.peg.1523.site.64, 1, 151, 152
411483.3.peg.1523.site.65, 9, 147, 156
411483.3.peg.1523.site.66, 12, 143, 155
411483.3.peg.1523.site.67, 1, 143, 144
411483.3.peg.1523.site.68, 1, 142, 143
411483.3.peg.1523.site.69, 5, 126, 131
411483.3.peg.1523.site.70, 2, 129, 131
411483.3.peg.1523.site.71, 5, 139, 144
411483.3.peg.1523.site.72, 18, 140, 158
411483.3.peg.1523.site.73, 122, 131, 253
411483.3.peg.1523.site.74, 4, 125, 129
411483.3.peg.1523.site.75, 3, 131, 134
411483.3.peg.1523.site.76, 1, 132, 133
411483.3.peg.1523.site.77, 1, 134, 135
411483.3.peg.1523.site.78, 4, 136, 140
411483.3.peg.1523.site.79, 1, 130, 131
411483.3.peg.1523.site.80, 2, 138, 140
411483.3.peg.1523.site.81, 2, 143, 145
411483.3.peg.1523.site.82, 104, 133, 237
411483.3.peg.1523.site.83, 2, 145, 147
411483.3.peg.1523.site.84, 11, 143, 154
411483.3.peg.1523.site.85, 1, 143, 144
411483.3.peg.1523.site.86, 0, 145, 145
411483.3.peg.1523.site.87, 4, 142, 146
411483.3.peg.1523.site.88, 2, 145, 147
411483.3.peg.1523.site.89, 3, 141, 144
411483.3.peg.1523.site.90, 22, 140, 162
411483.3.peg.1523.site.91, 4, 140, 144
411483.3.peg.1523.site.92, 25, 130, 155
411483.3.peg.1523.site.93, 1, 132, 133
411483.3.peg.1523.site.94, 3, 130, 133
411483.3.peg.1523.site.95, 63, 111, 174
411483.3.peg.1523.site.96, 2, 130, 132
411483.3.peg.1523.site.97, 1, 129, 130
411483.3.peg.1523.site.98, 2, 139, 141
411483.3.peg.1523.site.99, 36, 123, 159
411483.3.peg.1523.site.100, 2, 134, 136
411483.3.peg.1523.site.101, 48, 119, 167
411483.3.peg.1523.site.102, 3, 127, 130
411483.3.peg.1523.site.103, 3, 134, 137
411483.3.peg.1523.site.104, 9, 136, 145
411483.3.peg.1523.site.105, 3, 134, 137
411483.3.peg.1523.site.106, 2, 139, 141
411483.3.peg.1523.site.107, 1, 144, 145
411483.3.peg.1523.site.108, 4, 140, 144
411483.3.peg.1523.site.109, 0, 148, 148
411483.3.peg.1523.site.110, 2, 148, 150
411483.3.peg.1523.site.111, 2, 150, 152
411483.3.peg.1523.site.112, 4, 148, 152
411483.3.peg.1523.site.113, 3, 146, 149
411483.3.peg.1523.site.114, 1, 149, 150
411483.3.peg.1523.site.115, 0, 153, 153
411483.3.peg.1051.site.1, 26, 120, 146
411483.3.peg.1051.site.2, 3, 130, 133
411483.3.peg.1051.site.3, 10, 136, 146
411483.3.peg.1051.site.4, 111, 130, 241
411483.3.peg.1051.site.5, 50, 132, 182
411483.3.peg.1051.site.6, 4, 133, 137
411483.3.peg.1051.site.7, 5, 128, 133
411483.3.peg.1051.site.8, 20, 124, 144
411483.3.peg.1051.site.9, 58, 108, 166
411483.3.peg.1051.site.10, 2, 116, 118
411483.3.peg.1051.site.11, 2, 105, 107
411483.3.peg.1051.site.12, 1, 109, 110
411483.3.peg.1051.site.13, 3, 105, 108
411483.3.peg.1051.site.14, 1, 107, 108
411483.3.peg.1051.site.15, 0, 111, 111
411483.3.peg.1051.site.16, 1, 110, 111
411483.3.peg.1051.site.17, 92, 103, 195
411483.3.peg.1051.site.18, 3, 153, 156
411483.3.peg.1502.site.1, 6, 144, 150
411483.3.peg.1502.site.2, 1, 151, 152
411483.3.peg.1502.site.3, 2, 149, 151
411483.3.peg.1502.site.4, 4, 149, 153
411483.3.peg.1502.site.5, 9, 149, 158
411483.3.peg.1502.site.6, 22, 141, 163
411483.3.peg.1502.site.7, 1, 148, 149
411483.3.peg.1502.site.8, 3, 148, 151
411483.3.peg.1502.site.9, 2, 154, 156
411483.3.peg.1502.site.10, 7, 153, 160
411483.3.peg.1502.site.11, 9, 147, 156
411483.3.peg.1502.site.12, 21, 147, 168
411483.3.peg.1502.site.13, 1, 153, 154
411483.3.peg.1502.site.14, 26, 145, 171
411483.3.peg.1502.site.15, 7, 149, 156
411483.3.peg.1502.site.16, 8, 151, 159
411483.3.peg.1502.site.17, 10, 146, 156
411483.3.peg.1502.site.18, 0, 145, 145
411483.3.peg.1502.site.19, 2, 141, 143
411483.3.peg.1502.site.20, 1, 143, 144
411483.3.peg.1502.site.21, 1, 143, 144
411483.3.peg.1502.site.22, 28, 128, 156
411483.3.peg.1502.site.23, 3, 143, 146
411483.3.peg.1502.site.24, 1, 145, 146
411483.3.peg.1502.site.25, 3, 148, 151
411483.3.peg.1502.site.26, 1, 149, 150
411483.3.peg.1502.site.27, 17, 142, 159
411483.3.peg.1502.site.28, 0, 133, 133
411483.3.peg.1502.site.29, 1, 137, 138
411483.3.peg.1502.site.30, 122, 133, 255
411483.3.peg.1502.site.31, 1, 141, 142
411483.3.peg.1502.site.32, 1, 138, 139
411483.3.peg.1502.site.33, 6, 138, 144
411483.3.peg.1502.site.34, 4, 148, 152
411483.3.peg.1502.site.35, 1, 149, 150
411483.3.peg.1502.site.36, 1, 149, 150
411483.3.peg.1502.site.37, 5, 152, 157
411483.3.peg.1502.site.38, 8, 144, 152
411483.3.peg.1502.site.39, 7, 146, 153
411483.3.peg.1502.site.40, 2, 147, 149
411483.3.peg.1502.site.41, 1, 149, 150
411483.3.peg.1502.site.42, 1, 151, 152
411483.3.peg.1502.site.43, 3, 150, 153
411483.3.peg.1053.site.1, 6, 153, 159
411483.3.peg.1053.site.2, 2, 153, 155
411483.3.peg.1053.site.3, 0, 151, 151
411483.3.peg.1053.site.4, 7, 150, 157
411483.3.peg.1053.site.5, 24, 148, 172
411483.3.peg.1053.site.6, 0, 152, 152
411483.3.peg.1053.site.7, 11, 152, 163
411483.3.peg.1053.site.8, 0, 152, 152
411483.3.peg.1053.site.9, 0, 152, 152
411483.3.peg.1053.site.10, 11, 150, 161
411483.3.peg.1053.site.11, 90, 143, 233
411483.3.peg.1053.site.12, 1, 153, 154
411483.3.peg.1053.site.13, 7, 152, 159
411483.3.peg.1053.site.14, 15, 152, 167
411483.3.peg.1053.site.15, 1, 152, 153
411483.3.peg.1053.site.16, 1, 150, 151
411483.3.peg.1053.site.17, 1, 152, 153
411483.3.peg.1053.site.18, 1, 154, 155
411483.3.peg.1053.site.19, 1, 154, 155
411483.3.peg.1053.site.20, 76, 148, 224
411483.3.peg.1053.site.21, 2, 153, 155
411483.3.peg.1053.site.22, 1, 155, 156
411483.3.peg.1053.site.23, 1, 155, 156
411483.3.peg.1053.site.24, 0, 148, 148
411483.3.peg.1053.site.25, 28, 141, 169
411483.3.peg.1053.site.26, 38, 129, 167
411483.3.peg.1053.site.27, 21, 127, 148
411483.3.peg.1053.site.28, 5, 121, 126
411483.3.peg.1053.site.29, 1, 123, 124
411483.3.peg.1053.site.30, 1, 120, 121
411483.3.peg.1053.site.31, 8, 106, 114
411483.3.peg.1053.site.32, 11, 98, 109
411483.3.peg.1053.site.33, 10, 101, 111
411483.3.peg.1053.site.34, 1, 98, 99
411483.3.peg.1053.site.35, 3, 90, 93
411483.3.peg.1053.site.36, 17, 70, 87
411483.3.peg.1053.site.37, 13, 79, 92
411483.3.peg.1053.site.38, 6, 83, 89
411483.3.peg.1053.site.39, 24, 73, 97
411483.3.peg.1053.site.40, 3, 82, 85
411483.3.peg.1053.site.41, 3, 78, 81
411483.3.peg.1053.site.42, 2, 83, 85
411483.3.peg.1053.site.43, 2, 85, 87
411483.3.peg.1053.site.44, 3, 84, 87
411483.3.peg.1053.site.45, 1, 82, 83
411483.3.peg.1053.site.46, 5, 79, 84
411483.3.peg.1053.site.47, 41, 76, 117
411483.3.peg.1053.site.48, 1, 79, 80
411483.3.peg.1053.site.49, 1, 76, 77
411483.3.peg.1053.site.50, 0, 73, 73
411483.3.peg.1053.site.51, 1, 75, 76
411483.3.peg.1052.site.1, 69, 142, 211
411483.3.peg.1052.site.2, 107, 140, 247
411483.3.peg.1052.site.3, 0, 148, 148
411483.3.peg.1052.site.4, 4, 142, 146
411483.3.peg.1052.site.5, 0, 146, 146
411483.3.peg.1052.site.6, 4, 152, 156
411483.3.peg.1052.site.7, 16, 152, 168
411483.3.peg.1052.site.8, 7, 153, 160
411483.3.peg.1052.site.9, 2, 149, 151
411483.3.peg.1052.site.10, 3, 150, 153
411483.3.peg.1052.site.11, 3, 149, 152
411483.3.peg.1052.site.12, 3, 150, 153
411483.3.peg.1052.site.13, 13, 150, 163
411483.3.peg.1052.site.14, 2, 150, 152
411483.3.peg.1052.site.15, 0, 150, 150
411483.3.peg.1052.site.16, 41, 145, 186
411483.3.peg.1052.site.17, 4, 150, 154
411483.3.peg.1052.site.18, 5, 151, 156
411483.3.peg.1052.site.19, 4, 150, 154
411483.3.peg.1052.site.20, 19, 146, 165
411483.3.peg.1052.site.21, 11, 146, 157
411483.3.peg.1052.site.22, 4, 152, 156
411483.3.peg.1052.site.23, 4, 152, 156
411483.3.peg.1052.site.24, 1, 152, 153
411483.3.peg.1052.site.25, 12, 145, 157
411483.3.peg.1052.site.26, 12, 153, 165
411483.3.peg.1052.site.27, 2, 151, 153
411483.3.peg.1052.site.28, 6, 150, 156
411483.3.peg.1052.site.29, 1, 153, 154
411483.3.peg.1052.site.30, 2, 153, 155
411483.3.peg.1052.site.31, 0, 148, 148
411483.3.peg.1052.site.32, 13, 146, 159
411483.3.peg.1052.site.33, 3, 151, 154
411483.3.peg.1052.site.34, 39, 139, 178
411483.3.peg.1052.site.35, 6, 152, 158
411483.3.peg.1052.site.36, 1, 153, 154
411483.3.peg.1052.site.37, 1, 154, 155
411483.3.peg.1052.site.38, 0, 153, 153
411483.3.peg.1052.site.39, 9, 151, 160
411483.3.peg.1052.site.40, 9, 147, 156
411483.3.peg.1052.site.41, 121, 140, 261
411483.3.peg.1052.site.42, 1, 149, 150
411483.3.peg.1052.site.43, 44, 145, 189
411483.3.peg.1052.site.44, 1, 151, 152
411483.3.peg.1052.site.45, 47, 142, 189
411483.3.peg.1052.site.46, 0, 148, 148
411483.3.peg.1052.site.47, 3, 146, 149
411483.3.peg.1052.site.48, 2, 149, 151
411483.3.peg.1052.site.49, 1, 138, 139
411483.3.peg.1052.site.50, 49, 126, 175
411483.3.peg.1052.site.51, 1, 133, 134
411483.3.peg.1052.site.52, 4, 134, 138
411483.3.peg.1052.site.53, 0, 128, 128
411483.3.peg.1052.site.54, 1, 126, 127
411483.3.peg.1052.site.55, 11, 132, 143
411483.3.peg.1052.site.56, 6, 134, 140
411483.3.peg.1052.site.57, 43, 126, 169
411483.3.peg.1052.site.58, 10, 146, 156
411483.3.peg.1052.site.59, 7, 137, 144
411483.3.peg.1052.site.60, 6, 141, 147
411483.3.peg.1052.site.61, 12, 144, 156
411483.3.peg.1052.site.62, 17, 138, 155
411483.3.peg.1052.site.63, 13, 141, 154
411483.3.peg.1052.site.64, 16, 143, 159
411483.3.peg.1052.site.65, 1, 147, 148
411483.3.peg.1052.site.66, 10, 148, 158
411483.3.peg.1052.site.67, 85, 133, 218
411483.3.peg.1052.site.68, 15, 145, 160
411483.3.peg.1052.site.69, 7, 149, 156
411483.3.peg.1052.site.70, 1, 151, 152
411483.3.peg.1052.site.71, 4, 143, 147
411483.3.peg.1052.site.72, 16, 152, 168
411483.3.peg.1052.site.73, 3, 151, 154
411483.3.peg.1052.site.74, 2, 148, 150
411483.3.peg.1052.site.75, 10, 143, 153
411483.3.peg.1052.site.76, 128, 145, 273
411483.3.peg.1052.site.77, 9, 146, 155
411483.3.peg.1052.site.78, 8, 149, 157
411483.3.peg.1052.site.79, 2, 149, 151
411483.3.peg.1052.site.80, 5, 146, 151
411483.3.peg.1052.site.81, 46, 137, 183
411483.3.peg.1052.site.82, 0, 150, 150
411483.3.peg.1052.site.83, 1, 148, 149
411483.3.peg.1052.site.84, 3, 149, 152
411483.3.peg.1052.site.85, 5, 141, 146
411483.3.peg.1052.site.86, 22, 143, 165
411483.3.peg.1052.site.87, 11, 138, 149
411483.3.peg.1052.site.88, 19, 141, 160
411483.3.peg.1052.site.89, 16, 137, 153
411483.3.peg.1052.site.90, 44, 117, 161
411483.3.peg.1052.site.91, 12, 136, 148
411483.3.peg.1052.site.92, 1, 146, 147
411483.3.peg.1052.site.93, 3, 148, 151
411483.3.peg.1052.site.94, 24, 145, 169
411483.3.peg.1052.site.95, 1, 151, 152
411483.3.peg.1052.site.96, 2, 151, 153
411483.3.peg.1052.site.97, 11, 146, 157
411483.3.peg.1052.site.98, 15, 146, 161
411483.3.peg.1052.site.99, 2, 147, 149
411483.3.peg.1052.site.100, 7, 144, 151
411483.3.peg.1052.site.101, 2, 150, 152
411483.3.peg.1052.site.102, 8, 141, 149
411483.3.peg.1052.site.103, 9, 141, 150
411483.3.peg.1052.site.104, 4, 146, 150
411483.3.peg.1052.site.105, 4, 145, 149
411483.3.peg.1052.site.106, 47, 130, 177
411483.3.peg.1052.site.107, 66, 125, 191
411483.3.peg.1052.site.108, 0, 140, 140
411483.3.peg.1052.site.109, 13, 143, 156
411483.3.peg.2544.site.1, 0, 145, 145
411483.3.peg.2544.site.2, 40, 142, 182
411483.3.peg.2544.site.3, 1, 153, 154
411483.3.peg.2544.site.4, 35, 144, 179
411483.3.peg.2544.site.5, 22, 147, 169
411483.3.peg.2544.site.6, 5, 150, 155
411483.3.peg.2544.site.7, 19, 145, 164
411483.3.peg.2544.site.8, 9, 149, 158
411483.3.peg.2544.site.9, 4, 151, 155
411483.3.peg.2544.site.10, 6, 149, 155
411483.3.peg.2544.site.11, 4, 153, 157
411483.3.peg.2544.site.12, 2, 146, 148
411483.3.peg.2544.site.13, 0, 149, 149
411483.3.peg.2544.site.14, 1, 149, 150
411483.3.peg.2544.site.15, 2, 151, 153
411483.3.peg.2544.site.16, 3, 150, 153
411483.3.peg.2544.site.17, 4, 141, 145
411483.3.peg.2544.site.18, 3, 152, 155
411483.3.peg.2544.site.19, 10, 147, 157
411483.3.peg.2544.site.20, 3, 152, 155
411483.3.peg.2544.site.21, 4, 153, 157
411483.3.peg.2544.site.22, 43, 150, 193
411483.3.peg.2544.site.23, 1, 154, 155
411483.3.peg.2544.site.24, 9, 150, 159
411483.3.peg.2544.site.25, 3, 153, 156
411483.3.peg.2544.site.26, 4, 150, 154
411483.3.peg.2544.site.27, 120, 140, 260
411483.3.peg.2544.site.28, 15, 146, 161
411483.3.peg.2544.site.29, 14, 148, 162
411483.3.peg.2544.site.30, 13, 138, 151
411483.3.peg.2544.site.31, 0, 148, 148
411483.3.peg.2544.site.32, 5, 144, 149
411483.3.peg.2544.site.33, 1, 150, 151
411483.3.peg.2544.site.34, 5, 147, 152
411483.3.peg.2544.site.35, 13, 146, 159
411483.3.peg.2544.site.36, 1, 145, 146
411483.3.peg.2544.site.37, 5, 148, 153
411483.3.peg.2544.site.38, 20, 146, 166
411483.3.peg.2544.site.39, 47, 138, 185
411483.3.peg.2544.site.40, 2, 148, 150
411483.3.peg.2544.site.41, 3, 150, 153
411483.3.peg.2544.site.42, 0, 147, 147
411483.3.peg.2544.site.43, 1, 146, 147
411483.3.peg.2544.site.44, 1, 142, 143
411483.3.peg.2544.site.45, 11, 137, 148
411483.3.peg.2544.site.46, 19, 133, 152
411483.3.peg.2544.site.47, 1, 150, 151
411483.3.peg.2544.site.48, 19, 147, 166
411483.3.peg.2544.site.49, 3, 147, 150
411483.3.peg.2544.site.50, 49, 139, 188
411483.3.peg.2544.site.51, 4, 148, 152
411483.3.peg.2544.site.52, 0, 149, 149
411483.3.peg.2544.site.53, 1, 151, 152
411483.3.peg.2544.site.54, 2, 154, 156
411483.3.peg.2544.site.55, 0, 152, 152
411483.3.peg.2544.site.56, 20, 143, 163
411483.3.peg.2544.site.57, 0, 149, 149
411483.3.peg.2544.site.58, 104, 143, 247
411483.3.peg.2544.site.59, 12, 145, 157
411483.3.peg.2544.site.60, 8, 144, 152
411483.3.peg.1522.site.1, 22, 149, 171
411483.3.peg.1522.site.2, 6, 151, 157
411483.3.peg.1522.site.3, 2, 149, 151
411483.3.peg.1522.site.4, 7, 147, 154
411483.3.peg.1522.site.5, 107, 140, 247
411483.3.peg.1522.site.6, 9, 145, 154
411483.3.peg.1522.site.7, 20, 139, 159
411483.3.peg.1522.site.8, 3, 140, 143
411483.3.peg.1522.site.9, 1, 149, 150
411483.3.peg.1522.site.10, 1, 141, 142
411483.3.peg.1522.site.11, 6, 142, 148
411483.3.peg.1522.site.12, 11, 141, 152
411483.3.peg.1522.site.13, 8, 145, 153
411483.3.peg.1522.site.14, 4, 148, 152
411483.3.peg.1522.site.15, 6, 140, 146
411483.3.peg.1522.site.16, 3, 144, 147
411483.3.peg.1522.site.17, 2, 140, 142
411483.3.peg.1522.site.18, 3, 140, 143
411483.3.peg.1522.site.19, 5, 134, 139
411483.3.peg.1522.site.20, 36, 130, 166
411483.3.peg.1522.site.21, 120, 120, 240
411483.3.peg.1522.site.22, 1, 113, 114
411483.3.peg.1522.site.23, 1, 116, 117
411483.3.peg.1522.site.24, 129, 132, 261
411483.3.peg.1522.site.25, 10, 100, 110
411483.3.peg.1522.site.26, 5, 114, 119
411483.3.peg.1522.site.27, 7, 112, 119
411483.3.peg.1522.site.28, 35, 97, 132
411483.3.peg.1522.site.29, 2, 111, 113
411483.3.peg.1522.site.30, 2, 106, 108
411483.3.peg.1522.site.31, 1, 112, 113
411483.3.peg.1522.site.32, 29, 101, 130
411483.3.peg.1522.site.33, 1, 98, 99
411483.3.peg.1522.site.34, 2, 115, 117
411483.3.peg.1522.site.35, 13, 109, 122
411483.3.peg.1522.site.36, 12, 118, 130
411483.3.peg.1522.site.37, 2, 123, 125
411483.3.peg.1522.site.38, 3, 141, 144
411483.3.peg.1522.site.39, 2, 141, 143
411483.3.peg.1522.site.40, 14, 139, 153
411483.3.peg.1522.site.41, 65, 132, 197
411483.3.peg.1522.site.42, 3, 143, 146
411483.3.peg.1522.site.43, 50, 135, 185
411483.3.peg.1522.site.44, 13, 133, 146
411483.3.peg.1522.site.45, 1, 139, 140
411483.3.peg.1522.site.46, 1, 145, 146
411483.3.peg.1522.site.47, 6, 143, 149
411483.3.peg.1522.site.48, 4, 137, 141
411483.3.peg.1522.site.49, 2, 136, 138
411483.3.peg.1522.site.50, 9, 141, 150
411483.3.peg.1522.site.51, 124, 135, 259
411483.3.peg.1522.site.52, 8, 141, 149
411483.3.peg.1522.site.53, 1, 144, 145
411483.3.peg.1522.site.54, 1, 139, 140
411483.3.peg.1522.site.55, 8, 142, 150
411483.3.peg.1522.site.56, 4, 140, 144
411483.3.peg.1522.site.57, 0, 146, 146
411483.3.peg.1522.site.58, 22, 140, 162
411483.3.peg.1522.site.59, 4, 145, 149
411483.3.peg.1522.site.60, 89, 140, 229
411483.3.peg.1522.site.61, 2, 151, 153
411483.3.peg.1522.site.62, 2, 148, 150
411483.3.peg.1522.site.63, 3, 147, 150
411483.3.peg.1522.site.64, 4, 138, 142
411483.3.peg.1522.site.65, 36, 142, 178
411483.3.peg.1522.site.66, 90, 125, 215
411483.3.peg.1055.site.1, 5, 154, 159
411483.3.peg.1055.site.2, 1, 154, 155
411483.3.peg.1055.site.3, 10, 151, 161
411483.3.peg.1055.site.4, 65, 143, 208
411483.3.peg.1055.site.5, 0, 151, 151
411483.3.peg.1055.site.6, 1, 150, 151
411483.3.peg.1055.site.7, 21, 142, 163
411483.3.peg.1055.site.8, 6, 145, 151
411483.3.peg.1055.site.9, 5, 144, 149
411483.3.peg.1055.site.10, 14, 137, 151
411483.3.peg.1055.site.11, 39, 136, 175
411483.3.peg.1055.site.12, 0, 140, 140
411483.3.peg.1055.site.13, 1, 129, 130
411483.3.peg.1055.site.14, 87, 126, 213
411483.3.peg.1055.site.15, 2, 131, 133
411483.3.peg.1055.site.16, 1, 129, 130
411483.3.peg.1055.site.17, 36, 116, 152
411483.3.peg.1055.site.18, 26, 118, 144
411483.3.peg.1055.site.19, 81, 108, 189
411483.3.peg.1055.site.20, 74, 91, 165
411483.3.peg.1055.site.21, 34, 108, 142
411483.3.peg.1055.site.22, 1, 122, 123
411483.3.peg.1055.site.23, 42, 109, 151
411483.3.peg.1055.site.24, 12, 131, 143
411483.3.peg.1055.site.25, 19, 128, 147
411483.3.peg.1055.site.26, 10, 128, 138
411483.3.peg.1055.site.27, 23, 131, 154
411483.3.peg.1055.site.28, 4, 135, 139
411483.3.peg.1055.site.29, 6, 134, 140
411483.3.peg.1055.site.30, 2, 138, 140
411483.3.peg.1055.site.31, 9, 142, 151
411483.3.peg.1055.site.32, 17, 142, 159
411483.3.peg.1055.site.33, 0, 147, 147
411483.3.peg.1055.site.34, 4, 148, 152
411483.3.peg.1055.site.35, 77, 139, 216
411483.3.peg.1055.site.36, 0, 150, 150
411483.3.peg.1055.site.37, 115, 145, 260
411483.3.peg.1055.site.38, 1, 152, 153
411483.3.peg.1055.site.39, 51, 141, 192
411483.3.peg.1055.site.40, 10, 151, 161
411483.3.peg.1055.site.41, 7, 154, 161
411483.3.peg.1055.site.42, 16, 146, 162
411483.3.peg.1055.site.43, 8, 145, 153
411483.3.peg.1055.site.44, 10, 148, 158
411483.3.peg.1055.site.45, 7, 151, 158
411483.3.peg.1055.site.46, 5, 150, 155
411483.3.peg.1055.site.47, 12, 149, 161
411483.3.peg.1055.site.48, 66, 139, 205
411483.3.peg.1055.site.49, 136, 142, 278
411483.3.peg.1055.site.50, 30, 143, 173
411483.3.peg.1055.site.51, 4, 149, 153
411483.3.peg.1055.site.52, 7, 153, 160
411483.3.peg.1055.site.53, 7, 152, 159
411483.3.peg.1055.site.54, 4, 152, 156
411483.3.peg.1055.site.55, 18, 146, 164
411483.3.peg.1055.site.56, 20, 149, 169
411483.3.peg.1055.site.57, 5, 149, 154
411483.3.peg.1055.site.58, 6, 150, 156
411483.3.peg.1055.site.59, 14, 151, 165
411483.3.peg.1055.site.60, 20, 145, 165
411483.3.peg.1055.site.61, 43, 142, 185
411483.3.peg.1055.site.62, 1, 148, 149
411483.3.peg.1055.site.63, 2, 149, 151
411483.3.peg.1055.site.64, 7, 149, 156
411483.3.peg.1055.site.65, 35, 142, 177
411483.3.peg.1055.site.66, 6, 146, 152
411483.3.peg.1055.site.67, 92, 144, 236
411483.3.peg.1055.site.68, 6, 150, 156
411483.3.peg.1055.site.69, 0, 153, 153
411483.3.peg.1055.site.70, 2, 152, 154
411483.3.peg.1055.site.71, 4, 152, 156
411483.3.peg.1055.site.72, 10, 147, 157
411483.3.peg.1055.site.73, 9, 150, 159
411483.3.peg.1055.site.74, 112, 142, 254
411483.3.peg.1055.site.75, 5, 151, 156
411483.3.peg.1055.site.76, 120, 142, 262
411483.3.peg.1055.site.77, 28, 141, 169
411483.3.peg.1055.site.78, 1, 153, 154
411483.3.peg.1055.site.79, 4, 152, 156
411483.3.peg.1055.site.80, 7, 155, 162
411483.3.peg.1055.site.81, 8, 151, 159
411483.3.peg.1055.site.82, 3, 154, 157
411483.3.peg.1055.site.83, 4, 147, 151
411483.3.peg.1055.site.84, 1, 148, 149
411483.3.peg.1055.site.85, 18, 146, 164
411483.3.peg.1055.site.86, 5, 146, 151
411483.3.peg.1055.site.87, 103, 140, 243
411483.3.peg.1055.site.88, 4, 148, 152
411483.3.peg.1055.site.89, 0, 146, 146
411483.3.peg.1055.site.90, 5, 147, 152
411483.3.peg.1055.site.91, 22, 145, 167
411483.3.peg.1055.site.92, 21, 144, 165
411483.3.peg.1055.site.93, 1, 149, 150
411483.3.peg.1055.site.94, 72, 143, 215
411483.3.peg.1055.site.95, 8, 150, 158
411483.3.peg.1055.site.96, 3, 152, 155
411483.3.peg.1055.site.97, 14, 146, 160
411483.3.peg.1055.site.98, 28, 144, 172
411483.3.peg.1055.site.99, 4, 148, 152
411483.3.peg.1055.site.100, 28, 144, 172
411483.3.peg.1055.site.101, 1, 149, 150
411483.3.peg.1055.site.102, 23, 139, 162
411483.3.peg.1055.site.103, 106, 141, 247
411483.3.peg.1055.site.104, 17, 146, 163
411483.3.peg.1055.site.105, 3, 149, 152
411483.3.peg.1055.site.106, 44, 140, 184
411483.3.peg.1055.site.107, 1, 146, 147
411483.3.peg.1055.site.108, 6, 147, 153
411483.3.peg.1055.site.109, 62, 131, 193
411483.3.peg.2545.site.1, 3, 138, 141
411483.3.peg.2545.site.2, 1, 142, 143
411483.3.peg.2545.site.3, 11, 139, 150
411483.3.peg.2545.site.4, 3, 153, 156
411483.3.peg.2545.site.5, 8, 140, 148
411483.3.peg.2545.site.6, 56, 133, 189
411483.3.peg.2545.site.7, 61, 131, 192
411483.3.peg.2545.site.8, 54, 135, 189
411483.3.peg.2545.site.9, 50, 127, 177
411483.3.peg.2545.site.10, 68, 116, 184
411483.3.peg.2545.site.11, 89, 106, 195
411483.3.peg.2545.site.12, 31, 118, 149
411483.3.peg.2545.site.13, 1, 123, 124
411483.3.peg.2545.site.14, 47, 132, 179
411483.3.peg.2545.site.15, 77, 131, 208
411483.3.peg.2545.site.16, 1, 141, 142
411483.3.peg.2545.site.17, 38, 133, 171
411483.3.peg.2545.site.18, 13, 134, 147
411483.3.peg.2545.site.19, 3, 135, 138
411483.3.peg.2545.site.20, 1, 134, 135
411483.3.peg.2545.site.21, 0, 140, 140
411483.3.peg.2545.site.22, 6, 147, 153
411483.3.peg.2545.site.23, 13, 144, 157
411483.3.peg.2545.site.24, 20, 148, 168
411483.3.peg.2545.site.25, 4, 146, 150
411483.3.peg.2545.site.26, 5, 146, 151
411483.3.peg.2545.site.27, 4, 147, 151
411483.3.peg.2545.site.28, 50, 127, 177
411483.3.peg.2545.site.29, 0, 139, 139
411483.3.peg.2545.site.30, 78, 113, 191
411483.3.peg.2545.site.31, 1, 112, 113
411483.3.peg.2545.site.32, 4, 126, 130
411483.3.peg.2545.site.33, 8, 138, 146
411483.3.peg.2545.site.34, 30, 137, 167
411483.3.peg.2545.site.35, 8, 141, 149
411483.3.peg.2545.site.36, 0, 147, 147
411483.3.peg.2545.site.37, 16, 147, 163
411483.3.peg.2545.site.38, 14, 149, 163
411483.3.peg.2545.site.39, 1, 147, 148
411483.3.peg.2545.site.40, 3, 144, 147
411483.3.peg.2545.site.41, 1, 142, 143
411483.3.peg.2545.site.42, 0, 147, 147
411483.3.peg.2545.site.43, 4, 149, 153
411483.3.peg.2545.site.44, 3, 142, 145
411483.3.peg.2545.site.45, 7, 138, 145
411483.3.peg.2545.site.46, 2, 132, 134
411483.3.peg.2545.site.47, 1, 134, 135
411483.3.peg.2545.site.48, 50, 119, 169
411483.3.peg.2545.site.49, 10, 134, 144
411483.3.peg.2545.site.50, 1, 135, 136
411483.3.peg.2545.site.51, 1, 138, 139
411483.3.peg.2545.site.52, 101, 122, 223
411483.3.peg.2545.site.53, 1, 105, 106
411483.3.peg.2545.site.54, 37, 75, 112
411483.3.peg.2545.site.55, 14, 71, 85
411483.3.peg.2545.site.56, 5, 74, 79
411483.3.peg.2545.site.57, 3, 66, 69
411483.3.peg.2545.site.58, 1, 66, 67
411483.3.peg.2545.site.59, 8, 46, 54
411483.3.peg.2545.site.60, 1, 64, 65
411483.3.peg.2545.site.61, 1, 101, 102
411483.3.peg.2545.site.62, 7, 93, 100
411483.3.peg.2545.site.63, 6, 111, 117
411483.3.peg.2545.site.64, 1, 116, 117
411483.3.peg.2545.site.65, 2, 122, 124
411483.3.peg.2545.site.66, 0, 122, 122
411483.3.peg.2545.site.67, 0, 121, 121
411483.3.peg.2545.site.68, 0, 128, 128
411483.3.peg.2545.site.69, 0, 128, 128
411483.3.peg.2545.site.70, 0, 128, 128
411483.3.peg.2545.site.71, 1, 130, 131
411483.3.peg.2545.site.72, 1, 123, 124
411483.3.peg.2545.site.73, 7, 132, 139
411483.3.peg.2545.site.74, 105, 128, 233
411483.3.peg.2545.site.75, 6, 122, 128
411483.3.peg.2545.site.76, 0, 131, 131
411483.3.peg.2545.site.77, 13, 124, 137
411483.3.peg.2545.site.78, 4, 130, 134
411483.3.peg.2545.site.79, 42, 130, 172
411483.3.peg.2545.site.80, 5, 139, 144
411483.3.peg.2545.site.81, 2, 143, 145
411483.3.peg.2545.site.82, 9, 151, 160
411483.3.peg.2545.site.83, 0, 151, 151
411483.3.peg.2545.site.84, 12, 142, 154
411483.3.peg.2545.site.85, 130, 141, 271
411483.3.peg.2545.site.86, 3, 133, 136
411483.3.peg.2545.site.87, 4, 140, 144
411483.3.peg.2545.site.88, 2, 149, 151
411483.3.peg.2545.site.89, 2, 143, 145
411483.3.peg.2545.site.90, 0, 139, 139
411483.3.peg.2545.site.91, 5, 134, 139
411483.3.peg.2545.site.92, 10, 135, 145
411483.3.peg.2545.site.93, 9, 133, 142
411483.3.peg.2545.site.94, 7, 138, 145
411483.3.peg.2545.site.95, 13, 132, 145
411483.3.peg.2545.site.96, 3, 133, 136
411483.3.peg.2545.site.97, 8, 135, 143
411483.3.peg.2545.site.98, 0, 127, 127
411483.3.peg.2545.site.99, 52, 84, 136
411483.3.peg.2545.site.100, 4, 34, 38
411483.3.peg.2545.site.101, 0, 25, 25
411483.3.peg.2545.site.102, 15, 15, 30
411483.3.peg.2545.site.103, 0, 17, 17
411483.3.peg.2545.site.104, 0, 14, 14
411483.3.peg.2545.site.105, 0, 15, 15
411483.3.peg.2545.site.106, 5, 16, 21
411483.3.peg.2545.site.107, 0, 24, 24
411483.3.peg.2545.site.108, 11, 24, 35
411483.3.peg.2545.site.109, 4, 32, 36
411483.3.peg.2545.site.110, 2, 30, 32
411483.3.peg.2545.site.111, 1, 44, 45
411483.3.peg.2545.site.112, 1, 44, 45
411483.3.peg.2545.site.113, 3, 53, 56
411483.3.peg.2545.site.114, 1, 55, 56
411483.3.peg.2545.site.115, 0, 54, 54
411483.3.peg.2545.site.116, 0, 52, 52
411483.3.peg.2545.site.117, 2, 51, 53
411483.3.peg.2545.site.118, 7, 83, 90
411483.3.peg.2545.site.119, 1, 105, 106
411483.3.peg.2545.site.120, 103, 107, 210
411483.3.peg.2545.site.121, 1, 101, 102
411483.3.peg.2545.site.122, 1, 136, 137
411483.3.peg.2545.site.123, 2, 146, 148
411483.3.peg.2545.site.124, 1, 150, 151
411483.3.peg.2545.site.125, 9, 149, 158
411483.3.peg.2545.site.126, 2, 150, 152
411483.3.peg.1116.site.1, 2, 138, 140
411483.3.peg.1116.site.2, 23, 130, 153
411483.3.peg.1116.site.3, 4, 137, 141
411483.3.peg.1116.site.4, 30, 133, 163
411483.3.peg.1116.site.5, 36, 133, 169
411483.3.peg.1116.site.6, 1, 141, 142
411483.3.peg.1116.site.7, 3, 141, 144
411483.3.peg.1116.site.8, 0, 144, 144
411483.3.peg.1116.site.9, 3, 134, 137
411483.3.peg.1116.site.10, 63, 131, 194
411483.3.peg.1116.site.11, 2, 143, 145
411483.3.peg.1116.site.12, 25, 138, 163
411483.3.peg.1116.site.13, 0, 141, 141
411483.3.peg.1116.site.14, 1, 142, 143
411483.3.peg.1116.site.15, 1, 145, 146
411483.3.peg.1116.site.16, 6, 147, 153
411483.3.peg.1116.site.17, 81, 140, 221
411483.3.peg.1116.site.18, 0, 150, 150
411483.3.peg.1116.site.19, 2, 150, 152
411483.3.peg.1116.site.20, 4, 153, 157
411483.3.peg.1116.site.21, 4, 153, 157
411483.3.peg.1116.site.22, 3, 152, 155
411483.3.peg.1116.site.23, 24, 144, 168
411483.3.peg.1116.site.24, 0, 150, 150
411483.3.peg.1116.site.25, 1, 145, 146
411483.3.peg.1116.site.26, 2, 138, 140
411483.3.peg.1116.site.27, 39, 117, 156
411483.3.peg.1116.site.28, 68, 109, 177
411483.3.peg.1116.site.29, 0, 125, 125
411483.3.peg.1116.site.30, 21, 79, 100
411483.3.peg.1116.site.31, 2, 69, 71
411483.3.peg.1116.site.32, 9, 59, 68
411483.3.peg.1116.site.33, 7, 55, 62
411483.3.peg.2504.site.1, 8, 148, 156
411483.3.peg.2504.site.2, 5, 150, 155
411483.3.peg.2504.site.3, 3, 149, 152
411483.3.peg.2504.site.4, 4, 148, 152
411483.3.peg.2504.site.5, 2, 146, 148
411483.3.peg.2504.site.6, 1, 149, 150
411483.3.peg.2504.site.7, 4, 147, 151
411483.3.peg.2504.site.8, 6, 146, 152
411483.3.peg.2504.site.9, 12, 142, 154
411483.3.peg.2504.site.10, 5, 147, 152
411483.3.peg.2504.site.11, 1, 148, 149
411483.3.peg.2504.site.12, 1, 138, 139
411483.3.peg.2504.site.13, 14, 129, 143
411483.3.peg.2504.site.14, 9, 116, 125
411483.3.peg.2504.site.15, 1, 122, 123
411483.3.peg.2504.site.16, 1, 115, 116
411483.3.peg.2504.site.17, 1, 114, 115
411483.3.peg.2504.site.18, 86, 107, 193
411483.3.peg.2504.site.19, 3, 120, 123
411483.3.peg.2504.site.20, 63, 104, 167
411483.3.peg.2504.site.21, 2, 127, 129
411483.3.peg.2504.site.22, 4, 128, 132
411483.3.peg.2504.site.23, 1, 132, 133
411483.3.peg.2504.site.24, 41, 123, 164
411483.3.peg.2504.site.25, 3, 123, 126
411483.3.peg.2504.site.26, 1, 138, 139
411483.3.peg.2504.site.27, 64, 136, 200
411483.3.peg.2504.site.28, 68, 139, 207
411483.3.peg.2504.site.29, 11, 142, 153
411483.3.peg.2504.site.30, 5, 146, 151
411483.3.peg.2504.site.31, 4, 147, 151
411483.3.peg.2504.site.32, 9, 152, 161
411483.3.peg.2504.site.33, 3, 150, 153
411483.3.peg.2504.site.34, 1, 148, 149
411483.3.peg.2504.site.35, 6, 149, 155
411483.3.peg.2504.site.36, 1, 150, 151
411483.3.peg.2504.site.37, 4, 148, 152
411483.3.peg.2504.site.38, 2, 149, 151
411483.3.peg.2504.site.39, 1, 152, 153
411483.3.peg.2504.site.40, 1, 151, 152
411483.3.peg.2504.site.41, 3, 141, 144
411483.3.peg.2504.site.42, 1, 143, 144
411483.3.peg.2504.site.43, 21, 130, 151
411483.3.peg.2504.site.44, 117, 136, 253
411483.3.peg.2504.site.45, 1, 144, 145
411483.3.peg.2504.site.46, 5, 143, 148
411483.3.peg.2504.site.47, 6, 128, 134
411483.3.peg.2504.site.48, 3, 131, 134
411483.3.peg.2504.site.49, 1, 130, 131
411483.3.peg.2504.site.50, 0, 124, 124
411483.3.peg.2504.site.51, 57, 110, 167
411483.3.peg.2504.site.52, 2, 119, 121
411483.3.peg.2504.site.53, 0, 130, 130
411483.3.peg.2504.site.54, 7, 120, 127
411483.3.peg.2504.site.55, 2, 122, 124
411483.3.peg.2504.site.56, 1, 118, 119
411483.3.peg.2504.site.57, 1, 121, 122
411483.3.peg.2504.site.58, 3, 126, 129
411483.3.peg.2504.site.59, 2, 124, 126
411483.3.peg.2504.site.60, 2, 131, 133
411483.3.peg.2504.site.61, 6, 126, 132
411483.3.peg.2504.site.62, 1, 132, 133
411483.3.peg.2504.site.63, 6, 146, 152
411483.3.peg.2504.site.64, 1, 138, 139
411483.3.peg.2504.site.65, 11, 144, 155
411483.3.peg.2504.site.66, 2, 146, 148
411483.3.peg.2504.site.67, 5, 144, 149
411483.3.peg.2504.site.68, 13, 144, 157
411483.3.peg.2504.site.69, 27, 143, 170
411483.3.peg.2504.site.70, 36, 129, 165
411483.3.peg.2504.site.71, 1, 146, 147
411483.3.peg.2504.site.72, 8, 149, 157
411483.3.peg.2504.site.73, 7, 147, 154
411483.3.peg.2504.site.74, 5, 143, 148
411483.3.peg.2504.site.75, 4, 139, 143
411483.3.peg.2504.site.76, 2, 143, 145
411483.3.peg.2504.site.77, 0, 133, 133
411483.3.peg.2504.site.78, 2, 142, 144
411483.3.peg.2504.site.79, 5, 130, 135
411483.3.peg.2504.site.80, 86, 121, 207
411483.3.peg.2504.site.81, 3, 117, 120
411483.3.peg.2504.site.82, 22, 121, 143
411483.3.peg.2504.site.83, 1, 127, 128
411483.3.peg.2504.site.84, 3, 127, 130
411483.3.peg.2504.site.85, 2, 122, 124
411483.3.peg.2504.site.86, 1, 122, 123
411483.3.peg.2504.site.87, 0, 120, 120
411483.3.peg.2504.site.88, 2, 132, 134
411483.3.peg.2504.site.89, 10, 135, 145
411483.3.peg.2505.site.1, 2, 136, 138
411483.3.peg.2505.site.2, 3, 141, 144
411483.3.peg.2505.site.3, 11, 138, 149
411483.3.peg.2505.site.4, 2, 138, 140
411483.3.peg.2505.site.5, 6, 128, 134
411483.3.peg.2505.site.6, 102, 131, 233
411483.3.peg.2505.site.7, 4, 136, 140
411483.3.peg.2505.site.8, 14, 131, 145
411483.3.peg.2505.site.9, 17, 125, 142
411483.3.peg.2505.site.10, 3, 127, 130
411483.3.peg.2505.site.11, 19, 113, 132
411483.3.peg.2505.site.12, 1, 117, 118
411483.3.peg.2505.site.13, 114, 116, 230
411483.3.peg.2505.site.14, 3, 118, 121
411483.3.peg.2505.site.15, 2, 115, 117
411483.3.peg.2505.site.16, 3, 114, 117
411483.3.peg.2505.site.17, 14, 103, 117
411483.3.peg.2505.site.18, 2, 109, 111
411483.3.peg.2505.site.19, 9, 107, 116
411483.3.peg.2505.site.20, 3, 117, 120
411483.3.peg.2505.site.21, 2, 122, 124
411483.3.peg.2505.site.22, 3, 124, 127
411483.3.peg.2505.site.23, 4, 128, 132
411483.3.peg.2505.site.24, 2, 116, 118
411483.3.peg.2505.site.25, 1, 110, 111
411483.3.peg.2505.site.26, 3, 123, 126
411483.3.peg.2505.site.27, 1, 128, 129
411483.3.peg.2505.site.28, 2, 127, 129
411483.3.peg.2505.site.29, 5, 132, 137
411483.3.peg.2505.site.30, 7, 133, 140
411483.3.peg.2505.site.31, 2, 131, 133
411483.3.peg.2505.site.32, 2, 135, 137
411483.3.peg.2505.site.33, 3, 137, 140
411483.3.peg.2505.site.34, 3, 138, 141
411483.3.peg.2505.site.35, 8, 137, 145
411483.3.peg.2505.site.36, 3, 143, 146
411483.3.peg.2505.site.37, 1, 147, 148
411483.3.peg.2505.site.38, 27, 136, 163
411483.3.peg.2505.site.39, 1, 139, 140
411483.3.peg.2505.site.40, 3, 141, 144
411483.3.peg.2505.site.41, 0, 140, 140
411483.3.peg.2505.site.42, 27, 134, 161
411483.3.peg.2505.site.43, 8, 142, 150
411483.3.peg.2505.site.44, 1, 148, 149
411483.3.peg.2505.site.45, 4, 147, 151
411483.3.peg.2505.site.46, 2, 145, 147
411483.3.peg.2505.site.47, 3, 149, 152
411483.3.peg.2505.site.48, 18, 149, 167
411483.3.peg.2505.site.49, 1, 153, 154
411483.3.peg.2505.site.50, 3, 151, 154
411483.3.peg.2505.site.51, 3, 150, 153
411483.3.peg.2505.site.52, 0, 148, 148
411483.3.peg.2505.site.53, 5, 150, 155
411483.3.peg.2505.site.54, 6, 149, 155
411483.3.peg.2505.site.55, 3, 151, 154
411483.3.peg.2505.site.56, 4, 152, 156
411483.3.peg.2505.site.57, 3, 151, 154
411483.3.peg.2505.site.58, 3, 147, 150
411483.3.peg.2505.site.59, 1, 151, 152
411483.3.peg.2505.site.60, 31, 146, 177
411483.3.peg.2505.site.61, 1, 154, 155
411483.3.peg.2502.site.1, 1, 121, 122
411483.3.peg.2502.site.2, 1, 121, 122
411483.3.peg.2502.site.3, 3, 124, 127
411483.3.peg.2502.site.4, 5, 139, 144
411483.3.peg.2502.site.5, 1, 142, 143
411483.3.peg.2502.site.6, 4, 142, 146
411483.3.peg.2502.site.7, 4, 148, 152
411483.3.peg.2502.site.8, 33, 142, 175
411483.3.peg.2502.site.9, 5, 144, 149
411483.3.peg.2502.site.10, 1, 149, 150
411483.3.peg.2502.site.11, 0, 150, 150
411483.3.peg.2502.site.12, 1, 150, 151
411483.3.peg.2502.site.13, 53, 136, 189
411483.3.peg.2502.site.14, 8, 135, 143
411483.3.peg.2502.site.15, 1, 127, 128
411483.3.peg.2502.site.16, 2, 115, 117
411483.3.peg.2502.site.17, 0, 112, 112
411483.3.peg.2502.site.18, 2, 122, 124
411483.3.peg.2502.site.19, 0, 139, 139
411483.3.peg.2502.site.20, 43, 135, 178
411483.3.peg.2502.site.21, 5, 145, 150
411483.3.peg.2502.site.22, 1, 151, 152
411483.3.peg.2502.site.23, 1, 152, 153
411483.3.peg.2502.site.24, 7, 148, 155
411483.3.peg.2502.site.25, 1, 153, 154
411483.3.peg.2502.site.26, 1, 153, 154
411483.3.peg.2502.site.27, 12, 152, 164
411483.3.peg.2502.site.28, 8, 154, 162
411483.3.peg.2502.site.29, 8, 154, 162
411483.3.peg.2502.site.30, 1, 154, 155
411483.3.peg.2502.site.31, 3, 152, 155
411483.3.peg.2502.site.32, 1, 152, 153
411483.3.peg.2502.site.33, 3, 151, 154
411483.3.peg.2502.site.34, 2, 147, 149
411483.3.peg.2502.site.35, 1, 154, 155
411483.3.peg.2502.site.36, 1, 150, 151
411483.3.peg.2502.site.37, 3, 149, 152
411483.3.peg.2502.site.38, 0, 154, 154
411483.3.peg.2502.site.39, 24, 145, 169
411483.3.peg.2502.site.40, 1, 151, 152
411483.3.peg.2502.site.41, 12, 146, 158
411483.3.peg.2502.site.42, 0, 151, 151
411483.3.peg.2502.site.43, 149, 152, 301
411483.3.peg.2502.site.44, 6, 146, 152
411483.3.peg.2502.site.45, 4, 144, 148
411483.3.peg.2502.site.46, 1, 146, 147
411483.3.peg.2502.site.47, 3, 147, 150
411483.3.peg.2502.site.48, 1, 145, 146
411483.3.peg.2502.site.49, 2, 147, 149
411483.3.peg.2502.site.50, 3, 146, 149
411483.3.peg.2502.site.51, 1, 150, 151
411483.3.peg.2502.site.52, 3, 148, 151
411483.3.peg.2502.site.53, 11, 142, 153
411483.3.peg.2502.site.54, 14, 146, 160
411483.3.peg.2502.site.55, 2, 151, 153
411483.3.peg.2502.site.56, 5, 152, 157
411483.3.peg.2502.site.57, 1, 152, 153
411483.3.peg.2502.site.58, 6, 150, 156
411483.3.peg.2502.site.59, 10, 144, 154
411483.3.peg.2502.site.60, 6, 148, 154
411483.3.peg.2502.site.61, 8, 148, 156
411483.3.peg.2502.site.62, 90, 136, 226
411483.3.peg.2502.site.63, 20, 143, 163
411483.3.peg.2502.site.64, 11, 145, 156
411483.3.peg.2502.site.65, 1, 150, 151
411483.3.peg.2502.site.66, 1, 151, 152
411483.3.peg.2502.site.67, 4, 150, 154
411483.3.peg.2502.site.68, 9, 152, 161
411483.3.peg.2502.site.69, 1, 149, 150
411483.3.peg.2502.site.70, 1, 150, 151
411483.3.peg.2502.site.71, 7, 145, 152
411483.3.peg.2502.site.72, 12, 150, 162
411483.3.peg.2502.site.73, 23, 147, 170
411483.3.peg.2502.site.74, 2, 145, 147
411483.3.peg.2502.site.75, 3, 146, 149
411483.3.peg.2502.site.76, 89, 138, 227
411483.3.peg.2502.site.77, 3, 147, 150
411483.3.peg.2502.site.78, 3, 149, 152
411483.3.peg.2502.site.79, 2, 149, 151
411483.3.peg.2502.site.80, 1, 152, 153
411483.3.peg.2502.site.81, 7, 151, 158
411483.3.peg.2502.site.82, 2, 150, 152
411483.3.peg.2502.site.83, 68, 135, 203
411483.3.peg.2502.site.84, 1, 141, 142
411483.3.peg.2502.site.85, 4, 133, 137
411483.3.peg.2502.site.86, 0, 118, 118
411483.3.peg.2502.site.87, 1, 117, 118
411483.3.peg.2502.site.88, 5, 120, 125
411483.3.peg.2502.site.89, 26, 117, 143
411483.3.peg.2502.site.90, 1, 120, 121
411483.3.peg.2502.site.91, 1, 117, 118
411483.3.peg.2502.site.92, 2, 130, 132
411483.3.peg.2502.site.93, 2, 142, 144
411483.3.peg.2502.site.94, 4, 146, 150
411483.3.peg.2502.site.95, 4, 147, 151
411483.3.peg.2502.site.96, 8, 141, 149
411483.3.peg.2502.site.97, 7, 137, 144
411483.3.peg.2502.site.98, 0, 139, 139
411483.3.peg.2502.site.99, 1, 147, 148
411483.3.peg.2502.site.100, 2, 146, 148
411483.3.peg.2502.site.101, 3, 147, 150
411483.3.peg.2502.site.102, 11, 122, 133
411483.3.peg.2502.site.103, 1, 117, 118
411483.3.peg.2502.site.104, 63, 111, 174
411483.3.peg.2502.site.105, 5, 113, 118
411483.3.peg.2502.site.106, 78, 104, 182
411483.3.peg.2502.site.107, 78, 101, 179
411483.3.peg.2502.site.108, 3, 87, 90
411483.3.peg.2502.site.109, 4, 79, 83
411483.3.peg.2502.site.110, 3, 54, 57
411483.3.peg.2503.site.1, 1, 127, 128
411483.3.peg.2503.site.2, 0, 131, 131
411483.3.peg.2503.site.3, 3, 149, 152
411483.3.peg.2503.site.4, 3, 152, 155
411483.3.peg.2503.site.5, 2, 149, 151
411483.3.peg.2503.site.6, 6, 147, 153
411483.3.peg.2503.site.7, 1, 149, 150
411483.3.peg.2503.site.8, 1, 146, 147
411483.3.peg.2503.site.9, 7, 146, 153
411483.3.peg.2503.site.10, 2, 144, 146
411483.3.peg.2503.site.11, 2, 141, 143
411483.3.peg.2503.site.12, 1, 141, 142
411483.3.peg.2503.site.13, 8, 142, 150
411483.3.peg.2503.site.14, 3, 143, 146
411483.3.peg.2503.site.15, 3, 146, 149
411483.3.peg.2503.site.16, 1, 145, 146
411483.3.peg.2503.site.17, 8, 146, 154
411483.3.peg.2503.site.18, 2, 143, 145
411483.3.peg.2503.site.19, 4, 148, 152
411483.3.peg.2503.site.20, 2, 146, 148
411483.3.peg.2503.site.21, 5, 143, 148
411483.3.peg.2503.site.22, 3, 144, 147
411483.3.peg.2503.site.23, 1, 144, 145
411483.3.peg.2503.site.24, 1, 147, 148
411483.3.peg.2503.site.25, 1, 146, 147
411483.3.peg.2503.site.26, 0, 145, 145
411483.3.peg.2503.site.27, 55, 138, 193
411483.3.peg.2503.site.28, 0, 145, 145
411483.3.peg.2503.site.29, 2, 151, 153
411483.3.peg.2503.site.30, 12, 153, 165
411483.3.peg.2503.site.31, 3, 154, 157
411483.3.peg.2503.site.32, 1, 153, 154
411483.3.peg.2503.site.33, 6, 155, 161
411483.3.peg.2503.site.34, 1, 153, 154
411483.3.peg.2503.site.35, 0, 153, 153
411483.3.peg.2503.site.36, 1, 154, 155
411483.3.peg.2503.site.37, 3, 149, 152
411483.3.peg.2503.site.38, 9, 146, 155
411483.3.peg.2503.site.39, 6, 147, 153
411483.3.peg.2503.site.40, 30, 143, 173
411483.3.peg.2503.site.41, 0, 149, 149
411483.3.peg.2503.site.42, 2, 150, 152
411483.3.peg.2503.site.43, 1, 145, 146
411483.3.peg.2503.site.44, 23, 141, 164
411483.3.peg.2503.site.45, 25, 142, 167
411483.3.peg.2503.site.46, 21, 134, 155
411483.3.peg.2503.site.47, 3, 145, 148
411483.3.peg.2503.site.48, 1, 148, 149
411483.3.peg.2503.site.49, 0, 151, 151
411483.3.peg.2503.site.50, 1, 152, 153
411483.3.peg.2503.site.51, 2, 151, 153
411483.3.peg.2503.site.52, 1, 151, 152
411483.3.peg.2503.site.53, 1, 152, 153
411483.3.peg.2503.site.54, 1, 153, 154
411483.3.peg.2503.site.55, 1, 153, 154
411483.3.peg.2503.site.56, 20, 146, 166
411483.3.peg.2503.site.57, 3, 151, 154
411483.3.peg.2503.site.58, 2, 153, 155
411483.3.peg.2503.site.59, 1, 152, 153
411483.3.peg.2503.site.60, 7, 150, 157
411483.3.peg.2503.site.61, 59, 146, 205
411483.3.peg.2503.site.62, 4, 152, 156
411483.3.peg.2503.site.63, 32, 142, 174
411483.3.peg.2503.site.64, 27, 143, 170
411483.3.peg.2503.site.65, 1, 150, 151
411483.3.peg.2503.site.66, 5, 149, 154
411483.3.peg.2503.site.67, 30, 147, 177
411483.3.peg.2503.site.68, 18, 148, 166
411483.3.peg.2503.site.69, 4, 151, 155
411483.3.peg.2503.site.70, 3, 146, 149
411483.3.peg.2503.site.71, 95, 139, 234
411483.3.peg.2503.site.72, 5, 151, 156
411483.3.peg.2503.site.73, 0, 150, 150
411483.3.peg.2503.site.74, 2, 151, 153
411483.3.peg.2503.site.75, 2, 153, 155
411483.3.peg.2503.site.76, 11, 145, 156
411483.3.peg.2503.site.77, 1, 150, 151
411483.3.peg.2503.site.78, 2, 147, 149
411483.3.peg.2503.site.79, 1, 153, 154
411483.3.peg.2503.site.80, 109, 139, 248
411483.3.peg.2503.site.81, 2, 153, 155
411483.3.peg.2503.site.82, 2, 153, 155
411483.3.peg.2503.site.83, 2, 153, 155
411483.3.peg.2503.site.84, 3, 154, 157
411483.3.peg.2503.site.85, 0, 153, 153
411483.3.peg.2503.site.86, 2, 153, 155
411483.3.peg.2503.site.87, 11, 145, 156
411483.3.peg.2503.site.88, 5, 149, 154
411483.3.peg.2503.site.89, 0, 140, 140
411483.3.peg.2503.site.90, 2, 131, 133
411483.3.peg.2503.site.91, 1, 134, 135
411483.3.peg.2503.site.92, 62, 128, 190
411483.3.peg.2503.site.93, 1, 129, 130
411483.3.peg.2503.site.94, 0, 133, 133
411483.3.peg.2503.site.95, 1, 132, 133
411483.3.peg.2503.site.96, 66, 105, 171
411483.3.peg.2503.site.97, 1, 129, 130
411483.3.peg.2503.site.98, 12, 121, 133
411483.3.peg.2503.site.99, 0, 137, 137
411483.3.peg.2503.site.100, 3, 132, 135
411483.3.peg.2503.site.101, 2, 137, 139
411483.3.peg.2503.site.102, 4, 144, 148
411483.3.peg.2503.site.103, 4, 143, 147
411483.3.peg.2503.site.104, 3, 151, 154
411483.3.peg.2503.site.105, 5, 152, 157
411483.3.peg.2503.site.106, 0, 150, 150
411483.3.peg.2503.site.107, 3, 152, 155
411483.3.peg.2503.site.108, 6, 151, 157
411483.3.peg.2503.site.109, 1, 153, 154
411483.3.peg.2503.site.110, 4, 152, 156
411483.3.peg.2503.site.111, 1, 152, 153
411483.3.peg.2503.site.112, 21, 147, 168
411483.3.peg.2503.site.113, 3, 150, 153
411483.3.peg.2503.site.114, 45, 142, 187
411483.3.peg.2503.site.115, 2, 152, 154
411483.3.peg.2503.site.116, 1, 149, 150
411483.3.peg.2503.site.117, 38, 141, 179
411483.3.peg.2503.site.118, 2, 148, 150
411483.3.peg.2503.site.119, 0, 150, 150
411483.3.peg.2503.site.120, 2, 151, 153
411483.3.peg.2503.site.121, 2, 150, 152
411483.3.peg.2503.site.122, 1, 146, 147
411483.3.peg.2503.site.123, 1, 145, 146
411483.3.peg.2503.site.124, 8, 148, 156
411483.3.peg.2503.site.125, 1, 146, 147
411483.3.peg.2503.site.126, 1, 143, 144
411483.3.peg.2503.site.127, 1, 143, 144
411483.3.peg.2503.site.128, 9, 131, 140
411483.3.peg.2503.site.129, 13, 122, 135
411483.3.peg.2503.site.130, 2, 132, 134
411483.3.peg.2503.site.131, 1, 129, 130
411483.3.peg.2503.site.132, 9, 114, 123
411483.3.peg.2503.site.133, 1, 108, 109
411483.3.peg.2503.site.134, 57, 109, 166
411483.3.peg.2503.site.135, 119, 120, 239
411483.3.peg.2503.site.136, 10, 134, 144
411483.3.peg.2503.site.137, 4, 135, 139
411483.3.peg.2503.site.138, 16, 142, 158
411483.3.peg.2503.site.139, 1, 145, 146
411483.3.peg.2503.site.140, 9, 152, 161
411483.3.peg.2503.site.141, 1, 153, 154
411483.3.peg.2503.site.142, 3, 151, 154
411483.3.peg.2503.site.143, 9, 143, 152
411483.3.peg.2503.site.144, 4, 152, 156
411483.3.peg.2503.site.145, 47, 139, 186
411483.3.peg.2503.site.146, 0, 150, 150
411483.3.peg.2503.site.147, 6, 153, 159
411483.3.peg.2503.site.148, 3, 153, 156
411483.3.peg.2503.site.149, 152, 154, 306
411483.3.peg.2503.site.150, 15, 149, 164
411483.3.peg.2503.site.151, 6, 152, 158
411483.3.peg.2503.site.152, 2, 155, 157
411483.3.peg.2503.site.153, 1, 155, 156
411483.3.peg.2503.site.154, 0, 154, 154
411483.3.peg.2500.site.1, 3, 154, 157
411483.3.peg.2500.site.2, 4, 151, 155
411483.3.peg.2500.site.3, 3, 154, 157
411483.3.peg.2500.site.4, 101, 140, 241
411483.3.peg.2500.site.5, 144, 151, 295
411483.3.peg.2500.site.6, 1, 153, 154
411483.3.peg.2500.site.7, 1, 153, 154
411483.3.peg.2500.site.8, 4, 149, 153
411483.3.peg.2500.site.9, 3, 154, 157
411483.3.peg.2500.site.10, 0, 150, 150
411483.3.peg.2500.site.11, 0, 143, 143
411483.3.peg.2500.site.12, 2, 147, 149
411483.3.peg.2500.site.13, 1, 148, 149
411483.3.peg.2500.site.14, 9, 147, 156
411483.3.peg.2500.site.15, 5, 145, 150
411483.3.peg.2500.site.16, 3, 143, 146
411483.3.peg.2500.site.17, 148, 148, 296
411483.3.peg.2500.site.18, 3, 142, 145
411483.3.peg.2500.site.19, 0, 144, 144
411483.3.peg.2500.site.20, 6, 136, 142
411483.3.peg.2500.site.21, 3, 138, 141
411483.3.peg.2500.site.22, 5, 134, 139
411483.3.peg.2500.site.23, 4, 124, 128
411483.3.peg.2500.site.24, 4, 76, 80
411483.3.peg.2500.site.25, 1, 134, 135
411483.3.peg.2500.site.26, 36, 134, 170
411483.3.peg.2500.site.27, 1, 151, 152
411483.3.peg.2500.site.28, 4, 152, 156
411483.3.peg.2500.site.29, 25, 147, 172
411483.3.peg.2500.site.30, 1, 153, 154
411483.3.peg.2500.site.31, 5, 146, 151
411483.3.peg.2500.site.32, 2, 151, 153
411483.3.peg.2500.site.33, 9, 140, 149
411483.3.peg.2500.site.34, 4, 146, 150
411483.3.peg.2500.site.35, 1, 147, 148
411483.3.peg.2500.site.36, 0, 149, 149
411483.3.peg.2500.site.37, 143, 143, 286
411483.3.peg.2500.site.38, 0, 147, 147
411483.3.peg.2501.site.1, 2, 135, 137
411483.3.peg.2501.site.2, 0, 149, 149
411483.3.peg.2501.site.3, 0, 148, 148
411483.3.peg.2501.site.4, 3, 150, 153
411483.3.peg.2501.site.5, 2, 151, 153
411483.3.peg.2501.site.6, 0, 152, 152
411483.3.peg.2501.site.7, 3, 152, 155
411483.3.peg.2501.site.8, 3, 141, 144
411483.3.peg.2501.site.9, 10, 144, 154
411483.3.peg.2501.site.10, 0, 148, 148
411483.3.peg.2501.site.11, 0, 150, 150
411483.3.peg.2501.site.12, 0, 148, 148
411483.3.peg.2501.site.13, 0, 126, 126
411483.3.peg.2501.site.14, 2, 141, 143
411483.3.peg.2501.site.15, 0, 154, 154
411483.3.peg.2501.site.16, 1, 154, 155
411483.3.peg.2501.site.17, 2, 151, 153
411483.3.peg.2501.site.18, 1, 154, 155
411483.3.peg.2501.site.19, 4, 153, 157
411483.3.peg.2501.site.20, 0, 151, 151
411483.3.peg.2501.site.21, 12, 153, 165
411483.3.peg.2501.site.22, 2, 155, 157
411483.3.peg.2501.site.23, 1, 152, 153
411483.3.peg.2501.site.24, 0, 155, 155
411483.3.peg.2501.site.25, 2, 155, 157
411483.3.peg.2501.site.26, 0, 150, 150
411483.3.peg.2501.site.27, 49, 147, 196
411483.3.peg.2501.site.28, 21, 150, 171
411483.3.peg.2501.site.29, 2, 152, 154
411483.3.peg.2501.site.30, 5, 153, 158
411483.3.peg.2501.site.31, 17, 142, 159
411483.3.peg.2501.site.32, 0, 148, 148
411483.3.peg.2501.site.33, 32, 151, 183
411483.3.peg.2501.site.34, 43, 141, 184
411483.3.peg.2501.site.35, 2, 154, 156
411483.3.peg.2501.site.36, 145, 149, 294
411483.3.peg.2501.site.37, 3, 151, 154
411483.3.peg.2501.site.38, 3, 150, 153
411483.3.peg.2501.site.39, 75, 134, 209
411483.3.peg.2501.site.40, 6, 148, 154
411483.3.peg.2501.site.41, 2, 146, 148
411483.3.peg.2501.site.42, 5, 149, 154
411483.3.peg.2501.site.43, 0, 145, 145
411483.3.peg.2501.site.44, 5, 147, 152
411483.3.peg.2501.site.45, 2, 149, 151
411483.3.peg.2501.site.46, 35, 141, 176
411483.3.peg.2501.site.47, 0, 150, 150
411483.3.peg.2501.site.48, 4, 150, 154
411483.3.peg.2501.site.49, 2, 151, 153
411483.3.peg.2501.site.50, 0, 149, 149
411483.3.peg.2501.site.51, 0, 145, 145
411483.3.peg.2501.site.52, 1, 146, 147
411483.3.peg.2501.site.53, 0, 137, 137
411483.3.peg.2501.site.54, 9, 145, 154
411483.3.peg.2501.site.55, 3, 148, 151
411483.3.peg.2501.site.56, 0, 149, 149
411483.3.peg.2501.site.57, 29, 141, 170
411483.3.peg.2501.site.58, 8, 149, 157
411483.3.peg.2501.site.59, 1, 155, 156
411483.3.peg.2501.site.60, 9, 155, 164
411483.3.peg.2501.site.61, 2, 154, 156
411483.3.peg.2501.site.62, 3, 155, 158
411483.3.peg.2501.site.63, 1, 155, 156
411483.3.peg.2501.site.64, 18, 145, 163
411483.3.peg.2501.site.65, 1, 153, 154
411483.3.peg.2501.site.66, 7, 152, 159
411483.3.peg.2501.site.67, 2, 151, 153
411483.3.peg.2501.site.68, 1, 148, 149
411483.3.peg.2501.site.69, 1, 148, 149
411483.3.peg.2501.site.70, 94, 133, 227
411483.3.peg.2501.site.71, 1, 147, 148
411483.3.peg.2501.site.72, 6, 136, 142
411483.3.peg.2509.site.1, 1, 50, 51
411483.3.peg.2509.site.2, 8, 87, 95
411483.3.peg.2509.site.3, 0, 90, 90
411483.3.peg.2509.site.4, 9, 105, 114
411483.3.peg.2509.site.5, 1, 121, 122
411483.3.peg.2509.site.6, 0, 132, 132
411483.3.peg.2509.site.7, 9, 129, 138
411483.3.peg.2509.site.8, 105, 129, 234
411483.3.peg.2509.site.9, 102, 138, 240
411483.3.peg.2509.site.10, 2, 141, 143
411483.3.peg.2509.site.11, 2, 143, 145
411483.3.peg.2509.site.12, 1, 142, 143
411483.3.peg.2509.site.13, 1, 148, 149
411483.3.peg.2509.site.14, 1, 146, 147
411483.3.peg.2509.site.15, 1, 135, 136
411483.3.peg.2509.site.16, 6, 135, 141
411483.3.peg.2509.site.17, 20, 105, 125
411483.3.peg.2509.site.18, 39, 110, 149
411483.3.peg.2509.site.19, 0, 112, 112
411483.3.peg.2509.site.20, 1, 119, 120
411483.3.peg.2509.site.21, 2, 123, 125
411483.3.peg.2509.site.22, 11, 129, 140
411483.3.peg.2509.site.23, 55, 129, 184
411483.3.peg.2509.site.24, 23, 133, 156
411483.3.peg.2509.site.25, 7, 140, 147
411483.3.peg.2509.site.26, 1, 142, 143
411483.3.peg.2509.site.27, 0, 142, 142
411483.3.peg.2509.site.28, 1, 139, 140
411483.3.peg.2509.site.29, 7, 144, 151
411483.3.peg.2509.site.30, 10, 138, 148
411483.3.peg.2509.site.31, 0, 134, 134
411483.3.peg.2509.site.32, 6, 144, 150
411483.3.peg.2509.site.33, 28, 137, 165
411483.3.peg.2509.site.34, 17, 136, 153
411483.3.peg.2509.site.35, 5, 141, 146
411483.3.peg.2509.site.36, 2, 132, 134
411483.3.peg.2509.site.37, 25, 111, 136
411483.3.peg.2509.site.38, 3, 129, 132
411483.3.peg.2509.site.39, 115, 126, 241
411483.3.peg.2509.site.40, 2, 115, 117
411483.3.peg.2509.site.41, 3, 116, 119
411483.3.peg.2509.site.42, 12, 106, 118
411483.3.peg.2509.site.43, 23, 114, 137
411483.3.peg.2509.site.44, 1, 127, 128
411483.3.peg.2509.site.45, 65, 112, 177
411483.3.peg.2509.site.46, 62, 117, 179
411483.3.peg.2509.site.47, 4, 133, 137
411483.3.peg.2509.site.48, 83, 127, 210
411483.3.peg.2509.site.49, 14, 136, 150
411483.3.peg.2509.site.50, 33, 140, 173
411483.3.peg.2509.site.51, 2, 146, 148
411483.3.peg.2509.site.52, 20, 147, 167
411483.3.peg.2509.site.53, 1, 148, 149
411483.3.peg.2509.site.54, 136, 141, 277
411483.3.peg.2509.site.55, 40, 90, 130
411483.3.peg.2509.site.56, 1, 96, 97
411483.3.peg.2509.site.57, 59, 83, 142
411483.3.peg.2509.site.58, 3, 76, 79
411483.3.peg.2509.site.59, 48, 69, 117
411483.3.peg.2509.site.60, 13, 68, 81
411483.3.peg.2509.site.61, 62, 70, 132
411483.3.peg.2509.site.62, 63, 81, 144
411483.3.peg.2509.site.63, 2, 88, 90
411483.3.peg.2509.site.64, 96, 103, 199
411483.3.peg.2509.site.65, 18, 117, 135
411483.3.peg.2509.site.66, 6, 125, 131
411483.3.peg.2509.site.67, 13, 129, 142
411483.3.peg.2509.site.68, 2, 131, 133
411483.3.peg.2509.site.69, 8, 124, 132
411483.3.peg.2509.site.70, 88, 115, 203
411483.3.peg.2509.site.71, 3, 126, 129
411483.3.peg.2509.site.72, 4, 112, 116
411483.3.peg.2509.site.73, 6, 121, 127
411483.3.peg.2509.site.74, 2, 109, 111
411483.3.peg.2509.site.75, 5, 119, 124
411483.3.peg.2509.site.76, 1, 123, 124
411483.3.peg.2509.site.77, 5, 122, 127
411483.3.peg.2509.site.78, 1, 123, 124
411483.3.peg.2509.site.79, 1, 117, 118
411483.3.peg.2509.site.80, 41, 112, 153
411483.3.peg.2509.site.81, 79, 115, 194
411483.3.peg.2509.site.82, 1, 106, 107
411483.3.peg.2509.site.83, 7, 112, 119
411483.3.peg.2509.site.84, 5, 120, 125
411483.3.peg.2509.site.85, 1, 106, 107
411483.3.peg.2509.site.86, 23, 109, 132
411483.3.peg.2509.site.87, 13, 123, 136
411483.3.peg.2509.site.88, 1, 129, 130
411483.3.peg.2509.site.89, 2, 135, 137
411483.3.peg.2509.site.90, 54, 129, 183
411483.3.peg.2509.site.91, 6, 149, 155
411483.3.peg.2509.site.92, 6, 149, 155
411483.3.peg.2509.site.93, 80, 139, 219
411483.3.peg.2509.site.94, 21, 148, 169
411483.3.peg.2509.site.95, 4, 149, 153
411483.3.peg.2509.site.96, 14, 148, 162
411483.3.peg.2509.site.97, 2, 150, 152
411483.3.peg.2509.site.98, 4, 150, 154
411483.3.peg.2509.site.99, 8, 151, 159
411483.3.peg.2509.site.100, 13, 150, 163
411483.3.peg.2509.site.101, 24, 136, 160
411483.3.peg.2509.site.102, 2, 137, 139
411483.3.peg.2509.site.103, 7, 140, 147
411483.3.peg.2509.site.104, 58, 120, 178
411483.3.peg.2509.site.105, 8, 121, 129
411483.3.peg.2509.site.106, 3, 123, 126
411483.3.peg.2509.site.107, 1, 119, 120
411483.3.peg.2509.site.108, 1, 110, 111
411483.3.peg.2509.site.109, 1, 117, 118
411483.3.peg.2509.site.110, 12, 108, 120
411483.3.peg.2509.site.111, 2, 114, 116
411483.3.peg.2509.site.112, 29, 104, 133
411483.3.peg.2509.site.113, 90, 102, 192
411483.3.peg.2509.site.114, 3, 99, 102
411483.3.peg.2509.site.115, 19, 87, 106
411483.3.peg.2509.site.116, 3, 106, 109
411483.3.peg.2509.site.117, 1, 118, 119
411483.3.peg.2509.site.118, 64, 112, 176
411483.3.peg.2509.site.119, 0, 114, 114
411483.3.peg.2509.site.120, 97, 114, 211
411483.3.peg.2509.site.121, 1, 113, 114
411483.3.peg.2509.site.122, 1, 114, 115
411483.3.peg.2509.site.123, 12, 111, 123
411483.3.peg.2509.site.124, 5, 109, 114
411483.3.peg.2509.site.125, 2, 102, 104
411483.3.peg.2509.site.126, 3, 103, 106
411483.3.peg.2509.site.127, 2, 113, 115
411483.3.peg.2509.site.128, 0, 126, 126
411483.3.peg.2509.site.129, 118, 126, 244
411483.3.peg.2509.site.130, 0, 121, 121
411483.3.peg.2509.site.131, 2, 122, 124
411483.3.peg.2509.site.132, 20, 119, 139
411483.3.peg.2509.site.133, 55, 116, 171
411483.3.peg.2509.site.134, 3, 125, 128
411483.3.peg.2509.site.135, 7, 123, 130
411483.3.peg.2509.site.136, 0, 125, 125
411483.3.peg.2509.site.137, 12, 120, 132
411483.3.peg.2509.site.138, 5, 126, 131
411483.3.peg.2509.site.139, 48, 111, 159
411483.3.peg.2509.site.140, 1, 124, 125
411483.3.peg.2509.site.141, 0, 107, 107
411483.3.peg.2509.site.142, 5, 132, 137
411483.3.peg.2509.site.143, 1, 137, 138
411483.3.peg.2509.site.144, 4, 143, 147
411483.3.peg.2509.site.145, 1, 144, 145
411483.3.peg.2509.site.146, 0, 150, 150
411483.3.peg.2509.site.147, 49, 144, 193
411483.3.peg.2509.site.148, 1, 150, 151
411483.3.peg.2509.site.149, 15, 144, 159
411483.3.peg.2509.site.150, 32, 147, 179
411483.3.peg.2509.site.151, 3, 149, 152
411483.3.peg.2509.site.152, 1, 152, 153
411483.3.peg.2509.site.153, 1, 149, 150
411483.3.peg.2509.site.154, 0, 148, 148
411483.3.peg.2509.site.155, 1, 149, 150
411483.3.peg.2509.site.156, 27, 144, 171
411483.3.peg.2509.site.157, 1, 149, 150
411483.3.peg.2509.site.158, 1, 149, 150
411483.3.peg.2509.site.159, 4, 151, 155
411483.3.peg.2509.site.160, 1, 147, 148
411483.3.peg.2509.site.161, 1, 152, 153
411483.3.peg.2509.site.162, 16, 150, 166
411483.3.peg.2509.site.163, 1, 151, 152
411483.3.peg.2509.site.164, 26, 146, 172
411483.3.peg.2509.site.165, 20, 145, 165
411483.3.peg.2509.site.166, 1, 150, 151
411483.3.peg.2509.site.167, 7, 152, 159
411483.3.peg.2509.site.168, 22, 148, 170
411483.3.peg.2509.site.169, 1, 151, 152
411483.3.peg.2509.site.170, 2, 152, 154
411483.3.peg.2509.site.171, 18, 147, 165
411483.3.peg.2509.site.172, 1, 151, 152
411483.3.peg.2509.site.173, 127, 144, 271
411483.3.peg.2509.site.174, 20, 141, 161
411483.3.peg.2509.site.175, 3, 145, 148
411483.3.peg.2509.site.176, 37, 139, 176
411483.3.peg.2509.site.177, 3, 144, 147
411483.3.peg.2509.site.178, 2, 119, 121
411483.3.peg.2509.site.179, 1, 105, 106
411483.3.peg.2509.site.180, 22, 93, 115
411483.3.peg.2509.site.181, 1, 103, 104
411483.3.peg.2509.site.182, 1, 116, 117
411483.3.peg.2509.site.183, 2, 130, 132
411483.3.peg.2509.site.184, 7, 134, 141
411483.3.peg.2509.site.185, 1, 137, 138
411483.3.peg.2509.site.186, 5, 117, 122
411483.3.peg.2509.site.187, 7, 112, 119
411483.3.peg.2509.site.188, 1, 121, 122
411483.3.peg.2509.site.189, 53, 119, 172
411483.3.peg.2509.site.190, 1, 131, 132
411483.3.peg.2509.site.191, 9, 131, 140
411483.3.peg.2509.site.192, 1, 142, 143
411483.3.peg.2509.site.193, 145, 145, 290
411483.3.peg.2509.site.194, 44, 136, 180
411483.3.peg.2509.site.195, 1, 149, 150
411483.3.peg.2509.site.196, 2, 145, 147
411483.3.peg.2509.site.197, 1, 142, 143
411483.3.peg.2509.site.198, 1, 139, 140
411483.3.peg.2509.site.199, 2, 141, 143
411483.3.peg.2509.site.200, 106, 109, 215
411483.3.peg.2509.site.201, 0, 119, 119
411483.3.peg.2509.site.202, 2, 120, 122
411483.3.peg.2509.site.203, 24, 102, 126
411483.3.peg.2509.site.204, 2, 115, 117
411483.3.peg.2509.site.205, 120, 122, 242
411483.3.peg.2509.site.206, 1, 124, 125
411483.3.peg.2509.site.207, 4, 146, 150
411483.3.peg.2509.site.208, 3, 150, 153
411483.3.peg.2509.site.209, 1, 148, 149
411483.3.peg.2509.site.210, 15, 146, 161
411483.3.peg.2509.site.211, 8, 147, 155
411483.3.peg.2509.site.212, 7, 148, 155
411483.3.peg.2509.site.213, 3, 149, 152
411483.3.peg.2509.site.214, 1, 150, 151
411483.3.peg.2509.site.215, 3, 146, 149
411483.3.peg.2509.site.216, 7, 142, 149
411483.3.peg.2509.site.217, 55, 112, 167
411483.3.peg.2509.site.218, 0, 96, 96
411483.3.peg.2509.site.219, 1, 106, 107
411483.3.peg.2509.site.220, 89, 104, 193
411483.3.peg.2509.site.221, 2, 117, 119
411483.3.peg.2509.site.222, 5, 147, 152
411483.3.peg.2509.site.223, 1, 146, 147
411483.3.peg.2509.site.224, 5, 147, 152
411483.3.peg.2509.site.225, 2, 149, 151
411483.3.peg.2509.site.226, 70, 140, 210
411483.3.peg.2509.site.227, 0, 146, 146
411483.3.peg.2509.site.228, 16, 133, 149
411483.3.peg.2509.site.229, 5, 145, 150
411483.3.peg.2509.site.230, 4, 152, 156
411483.3.peg.2509.site.231, 2, 150, 152
411483.3.peg.2509.site.232, 26, 148, 174
411483.3.peg.2509.site.233, 13, 149, 162
411483.3.peg.2509.site.234, 4, 149, 153
411483.3.peg.2509.site.235, 8, 153, 161
411483.3.peg.2509.site.236, 47, 139, 186
411483.3.peg.2509.site.237, 80, 144, 224
411483.3.peg.2509.site.238, 0, 149, 149
411483.3.peg.2509.site.239, 41, 135, 176
411483.3.peg.2509.site.240, 0, 147, 147
411483.3.peg.2509.site.241, 41, 133, 174
411483.3.peg.2509.site.242, 30, 137, 167
411483.3.peg.2509.site.243, 1, 142, 143
411483.3.peg.2509.site.244, 1, 141, 142
411483.3.peg.2509.site.245, 123, 148, 271
411483.3.peg.2509.site.246, 3, 154, 157
411483.3.peg.2509.site.247, 1, 152, 153
411483.3.peg.2509.site.248, 1, 154, 155
411483.3.peg.2509.site.249, 3, 151, 154
411483.3.peg.2509.site.250, 2, 146, 148
411483.3.peg.2509.site.251, 45, 141, 186
411483.3.peg.2509.site.252, 14, 139, 153
411483.3.peg.2509.site.253, 6, 136, 142
411483.3.peg.2509.site.254, 14, 126, 140
411483.3.peg.2509.site.255, 81, 120, 201
411483.3.peg.2509.site.256, 2, 121, 123
411483.3.peg.2509.site.257, 3, 120, 123
411483.3.peg.2509.site.258, 58, 109, 167
411483.3.peg.2509.site.259, 1, 123, 124
411483.3.peg.2509.site.260, 2, 133, 135
411483.3.peg.2509.site.261, 64, 135, 199
411483.3.peg.2509.site.262, 23, 135, 158
411483.3.peg.2509.site.263, 1, 149, 150
411483.3.peg.2509.site.264, 2, 153, 155
411483.3.peg.2509.site.265, 8, 148, 156
411483.3.peg.2509.site.266, 8, 138, 146
411483.3.peg.2509.site.267, 2, 148, 150
411483.3.peg.2509.site.268, 46, 132, 178
411483.3.peg.2509.site.269, 0, 145, 145
411483.3.peg.2509.site.270, 2, 147, 149
411483.3.peg.2509.site.271, 14, 148, 162
411483.3.peg.2509.site.272, 1, 148, 149
411483.3.peg.2509.site.273, 11, 146, 157
411483.3.peg.2509.site.274, 15, 140, 155
411483.3.peg.2509.site.275, 15, 143, 158
411483.3.peg.2509.site.276, 0, 143, 143
411483.3.peg.2509.site.277, 1, 153, 154
411483.3.peg.2509.site.278, 1, 143, 144
411483.3.peg.2509.site.279, 52, 127, 179
411483.3.peg.2509.site.280, 4, 137, 141
411483.3.peg.2509.site.281, 4, 133, 137
411483.3.peg.2509.site.282, 2, 107, 109
411483.3.peg.2509.site.283, 2, 103, 105
411483.3.peg.2509.site.284, 1, 103, 104
411483.3.peg.2509.site.285, 0, 116, 116
411483.3.peg.2509.site.286, 0, 115, 115
411483.3.peg.2509.site.287, 107, 111, 218
411483.3.peg.2509.site.288, 2, 117, 119
411483.3.peg.2509.site.289, 12, 113, 125
411483.3.peg.2509.site.290, 3, 114, 117
411483.3.peg.2509.site.291, 1, 135, 136
411483.3.peg.2509.site.292, 2, 140, 142
411483.3.peg.2509.site.293, 12, 136, 148
411483.3.peg.2509.site.294, 1, 143, 144
411483.3.peg.2509.site.295, 30, 130, 160
411483.3.peg.2509.site.296, 0, 139, 139
411483.3.peg.2509.site.297, 4, 133, 137
411483.3.peg.2509.site.298, 3, 132, 135
411483.3.peg.2509.site.299, 67, 116, 183
411483.3.peg.2509.site.300, 1, 126, 127
411483.3.peg.2509.site.301, 1, 110, 111
411483.3.peg.2509.site.302, 2, 111, 113
411483.3.peg.2509.site.303, 16, 102, 118
411483.3.peg.2509.site.304, 0, 97, 97
411483.3.peg.2509.site.305, 0, 114, 114
411483.3.peg.2509.site.306, 115, 115, 230
411483.3.peg.2509.site.307, 9, 109, 118
411483.3.peg.2509.site.308, 2, 122, 124
411483.3.peg.2509.site.309, 8, 123, 131
411483.3.peg.2509.site.310, 2, 131, 133
411483.3.peg.2728.site.1, 3, 152, 155
411483.3.peg.2728.site.2, 51, 149, 200
411483.3.peg.2728.site.3, 4, 151, 155
411483.3.peg.2728.site.4, 2, 153, 155
411483.3.peg.2728.site.5, 1, 154, 155
411483.3.peg.2728.site.6, 2, 153, 155
411483.3.peg.2728.site.7, 7, 153, 160
411483.3.peg.2728.site.8, 5, 153, 158
411483.3.peg.2728.site.9, 3, 154, 157
411483.3.peg.2728.site.10, 1, 154, 155
411483.3.peg.2728.site.11, 4, 152, 156
411483.3.peg.2728.site.12, 2, 154, 156
411483.3.peg.2728.site.13, 4, 154, 158
411483.3.peg.2728.site.14, 1, 154, 155
411483.3.peg.2728.site.15, 1, 152, 153
411483.3.peg.2728.site.16, 115, 145, 260
411483.3.peg.2728.site.17, 16, 147, 163
411483.3.peg.2728.site.18, 1, 151, 152
411483.3.peg.2728.site.19, 5, 142, 147
411483.3.peg.2728.site.20, 15, 140, 155
411483.3.peg.2728.site.21, 5, 139, 144
411483.3.peg.2728.site.22, 50, 127, 177
411483.3.peg.2728.site.23, 6, 146, 152
411483.3.peg.2728.site.24, 6, 145, 151
411483.3.peg.2728.site.25, 5, 149, 154
411483.3.peg.2728.site.26, 0, 149, 149
411483.3.peg.2728.site.27, 6, 147, 153
411483.3.peg.2728.site.28, 9, 147, 156
411483.3.peg.2728.site.29, 0, 151, 151
411483.3.peg.2728.site.30, 1, 150, 151
411483.3.peg.2728.site.31, 0, 150, 150
411483.3.peg.2728.site.32, 0, 153, 153
411483.3.peg.2728.site.33, 0, 152, 152
411483.3.peg.2728.site.34, 3, 151, 154
411483.3.peg.2728.site.35, 0, 151, 151
411483.3.peg.2728.site.36, 116, 145, 261
411483.3.peg.2728.site.37, 3, 150, 153
411483.3.peg.2728.site.38, 3, 144, 147
411483.3.peg.2728.site.39, 3, 142, 145
411483.3.peg.2728.site.40, 3, 149, 152
411483.3.peg.2728.site.41, 1, 149, 150
411483.3.peg.2728.site.42, 49, 139, 188
411483.3.peg.2728.site.43, 2, 143, 145
411483.3.peg.2728.site.44, 4, 149, 153
411483.3.peg.2728.site.45, 3, 150, 153
411483.3.peg.2728.site.46, 2, 150, 152
411483.3.peg.2728.site.47, 21, 150, 171
411483.3.peg.2728.site.48, 15, 151, 166
411483.3.peg.2728.site.49, 5, 153, 158
411483.3.peg.2728.site.50, 0, 153, 153
411483.3.peg.2728.site.51, 2, 154, 156
411483.3.peg.2728.site.52, 2, 155, 157
411483.3.peg.2728.site.53, 19, 148, 167
411483.3.peg.2728.site.54, 1, 152, 153
411483.3.peg.2728.site.55, 3, 150, 153
411483.3.peg.2728.site.56, 4, 146, 150
411483.3.peg.2728.site.57, 2, 152, 154
411483.3.peg.2728.site.58, 3, 151, 154
411483.3.peg.2728.site.59, 3, 150, 153
411483.3.peg.2728.site.60, 9, 147, 156
411483.3.peg.2728.site.61, 2, 151, 153
411483.3.peg.2728.site.62, 15, 154, 169
411483.3.peg.2728.site.63, 84, 137, 221
411483.3.peg.2728.site.64, 1, 153, 154
411483.3.peg.2728.site.65, 9, 146, 155
411483.3.peg.2728.site.66, 112, 144, 256
411483.3.peg.2728.site.67, 41, 146, 187
411483.3.peg.2728.site.68, 7, 149, 156
411483.3.peg.2728.site.69, 2, 154, 156
411483.3.peg.2728.site.70, 15, 146, 161
411483.3.peg.2728.site.71, 1, 148, 149
411483.3.peg.2728.site.72, 100, 141, 241
411483.3.peg.2729.site.1, 4, 135, 139
411483.3.peg.2729.site.2, 3, 141, 144
411483.3.peg.2729.site.3, 21, 136, 157
411483.3.peg.2729.site.4, 5, 145, 150
411483.3.peg.2729.site.5, 0, 146, 146
411483.3.peg.2729.site.6, 1, 145, 146
411483.3.peg.2729.site.7, 11, 143, 154
411483.3.peg.2729.site.8, 0, 147, 147
411483.3.peg.2729.site.9, 26, 144, 170
411483.3.peg.2729.site.10, 15, 146, 161
411483.3.peg.2729.site.11, 1, 148, 149
411483.3.peg.2729.site.12, 31, 144, 175
411483.3.peg.2729.site.13, 1, 153, 154
411483.3.peg.2729.site.14, 0, 148, 148
411483.3.peg.2729.site.15, 19, 152, 171
411483.3.peg.2729.site.16, 9, 142, 151
411483.3.peg.2729.site.17, 7, 150, 157
411483.3.peg.2729.site.18, 7, 153, 160
411483.3.peg.2729.site.19, 0, 153, 153
411483.3.peg.2729.site.20, 7, 154, 161
411483.3.peg.2729.site.21, 0, 154, 154
411483.3.peg.2729.site.22, 4, 151, 155
411483.3.peg.2729.site.23, 7, 154, 161
411483.3.peg.2729.site.24, 3, 155, 158
411483.3.peg.2729.site.25, 1, 155, 156
411483.3.peg.2729.site.26, 1, 155, 156
411483.3.peg.2729.site.27, 9, 152, 161
411483.3.peg.2729.site.28, 22, 152, 174
411483.3.peg.2729.site.29, 5, 153, 158
411483.3.peg.2729.site.30, 15, 148, 163
411483.3.peg.2729.site.31, 101, 140, 241
411483.3.peg.2729.site.32, 1, 146, 147
411483.3.peg.2729.site.33, 106, 137, 243
411483.3.peg.2729.site.34, 1, 141, 142
411483.3.peg.2729.site.35, 2, 145, 147
411483.3.peg.2729.site.36, 62, 136, 198
411483.3.peg.2729.site.37, 0, 150, 150
411483.3.peg.2729.site.38, 3, 151, 154
411483.3.peg.2729.site.39, 4, 149, 153
411483.3.peg.2729.site.40, 7, 152, 159
411483.3.peg.2729.site.41, 0, 152, 152
411483.3.peg.2729.site.42, 1, 153, 154
411483.3.peg.2729.site.43, 28, 148, 176
411483.3.peg.2729.site.44, 6, 154, 160
411483.3.peg.2729.site.45, 7, 149, 156
411483.3.peg.2729.site.46, 0, 150, 150
411483.3.peg.2729.site.47, 0, 148, 148
411483.3.peg.2729.site.48, 44, 135, 179
411483.3.peg.2729.site.49, 4, 152, 156
411483.3.peg.2729.site.50, 5, 153, 158
411483.3.peg.2729.site.51, 54, 143, 197
411483.3.peg.2729.site.52, 4, 148, 152
411483.3.peg.2729.site.53, 86, 135, 221
411483.3.peg.2729.site.54, 5, 150, 155
411483.3.peg.2729.site.55, 1, 147, 148
411483.3.peg.2729.site.56, 2, 149, 151
411483.3.peg.2729.site.57, 65, 140, 205
411483.3.peg.2729.site.58, 1, 149, 150
411483.3.peg.2729.site.59, 3, 151, 154
411483.3.peg.2729.site.60, 1, 150, 151
411483.3.peg.2729.site.61, 9, 151, 160
411483.3.peg.2729.site.62, 10, 150, 160
411483.3.peg.2729.site.63, 11, 152, 163
411483.3.peg.2729.site.64, 2, 154, 156
411483.3.peg.2729.site.65, 10, 151, 161
411483.3.peg.2729.site.66, 2, 153, 155
411483.3.peg.2729.site.67, 3, 151, 154
411483.3.peg.2729.site.68, 36, 146, 182
411483.3.peg.2729.site.69, 16, 151, 167
411483.3.peg.2729.site.70, 2, 150, 152
411483.3.peg.2729.site.71, 4, 150, 154
411483.3.peg.2729.site.72, 1, 154, 155
411483.3.peg.2729.site.73, 0, 154, 154
411483.3.peg.2726.site.1, 6, 149, 155
411483.3.peg.2726.site.2, 6, 154, 160
411483.3.peg.2726.site.3, 6, 153, 159
411483.3.peg.2726.site.4, 0, 154, 154
411483.3.peg.2726.site.5, 3, 155, 158
411483.3.peg.2726.site.6, 4, 153, 157
411483.3.peg.2726.site.7, 3, 155, 158
411483.3.peg.2726.site.8, 0, 154, 154
411483.3.peg.2726.site.9, 0, 154, 154
411483.3.peg.2726.site.10, 1, 155, 156
411483.3.peg.2726.site.11, 5, 151, 156
411483.3.peg.2726.site.12, 13, 148, 161
411483.3.peg.2726.site.13, 0, 154, 154
411483.3.peg.2726.site.14, 7, 154, 161
411483.3.peg.2726.site.15, 1, 154, 155
411483.3.peg.2726.site.16, 0, 152, 152
411483.3.peg.2726.site.17, 2, 152, 154
411483.3.peg.2726.site.18, 1, 151, 152
411483.3.peg.2726.site.19, 7, 149, 156
411483.3.peg.2726.site.20, 1, 153, 154
411483.3.peg.2726.site.21, 0, 150, 150
411483.3.peg.2726.site.22, 8, 130, 138
411483.3.peg.2726.site.23, 7, 128, 135
411483.3.peg.2726.site.24, 4, 134, 138
411483.3.peg.2726.site.25, 0, 132, 132
411483.3.peg.2726.site.26, 1, 133, 134
411483.3.peg.2726.site.27, 1, 133, 134
411483.3.peg.2726.site.28, 44, 124, 168
411483.3.peg.2726.site.29, 53, 123, 176
411483.3.peg.2726.site.30, 66, 128, 194
411483.3.peg.2726.site.31, 1, 140, 141
411483.3.peg.2726.site.32, 37, 134, 171
411483.3.peg.2726.site.33, 0, 152, 152
411483.3.peg.2726.site.34, 8, 142, 150
411483.3.peg.2726.site.35, 5, 147, 152
411483.3.peg.2726.site.36, 10, 142, 152
411483.3.peg.2726.site.37, 71, 138, 209
411483.3.peg.2726.site.38, 1, 143, 144
411483.3.peg.2726.site.39, 8, 144, 152
411483.3.peg.2726.site.40, 2, 147, 149
411483.3.peg.2726.site.41, 14, 149, 163
411483.3.peg.2726.site.42, 18, 146, 164
411483.3.peg.2726.site.43, 4, 149, 153
411483.3.peg.2726.site.44, 3, 148, 151
411483.3.peg.2726.site.45, 1, 145, 146
411483.3.peg.2726.site.46, 0, 146, 146
411483.3.peg.2726.site.47, 1, 150, 151
411483.3.peg.2726.site.48, 1, 146, 147
411483.3.peg.2726.site.49, 1, 146, 147
411483.3.peg.2726.site.50, 13, 142, 155
411483.3.peg.2726.site.51, 4, 143, 147
411483.3.peg.2726.site.52, 2, 149, 151
411483.3.peg.2726.site.53, 0, 150, 150
411483.3.peg.2726.site.54, 1, 154, 155
411483.3.peg.2726.site.55, 0, 151, 151
411483.3.peg.2726.site.56, 1, 154, 155
411483.3.peg.2726.site.57, 10, 151, 161
411483.3.peg.2726.site.58, 0, 152, 152
411483.3.peg.2726.site.59, 5, 151, 156
411483.3.peg.2726.site.60, 15, 150, 165
411483.3.peg.2726.site.61, 0, 143, 143
411483.3.peg.2726.site.62, 8, 138, 146
411483.3.peg.2726.site.63, 4, 131, 135
411483.3.peg.2726.site.64, 46, 129, 175
411483.3.peg.2726.site.65, 6, 109, 115
411483.3.peg.2726.site.66, 3, 120, 123
411483.3.peg.2726.site.67, 11, 125, 136
411483.3.peg.2726.site.68, 3, 138, 141
411483.3.peg.2726.site.69, 2, 141, 143
411483.3.peg.2726.site.70, 0, 140, 140
411483.3.peg.2726.site.71, 2, 146, 148
411483.3.peg.2726.site.72, 2, 146, 148
411483.3.peg.2726.site.73, 8, 134, 142
411483.3.peg.2726.site.74, 0, 150, 150
411483.3.peg.2726.site.75, 5, 154, 159
411483.3.peg.2726.site.76, 0, 153, 153
411483.3.peg.2726.site.77, 0, 149, 149
411483.3.peg.2726.site.78, 1, 151, 152
411483.3.peg.2726.site.79, 1, 153, 154
411483.3.peg.2726.site.80, 1, 151, 152
411483.3.peg.2726.site.81, 0, 152, 152
411483.3.peg.2726.site.82, 48, 143, 191
411483.3.peg.2726.site.83, 1, 155, 156
411483.3.peg.2727.site.1, 80, 131, 211
411483.3.peg.2727.site.2, 2, 149, 151
411483.3.peg.2727.site.3, 8, 147, 155
411483.3.peg.2727.site.4, 17, 145, 162
411483.3.peg.2727.site.5, 25, 137, 162
411483.3.peg.2727.site.6, 0, 145, 145
411483.3.peg.2727.site.7, 1, 149, 150
411483.3.peg.2727.site.8, 0, 136, 136
411483.3.peg.2727.site.9, 0, 142, 142
411483.3.peg.2727.site.10, 1, 142, 143
411483.3.peg.2727.site.11, 3, 144, 147
411483.3.peg.2727.site.12, 4, 146, 150
411483.3.peg.2727.site.13, 3, 146, 149
411483.3.peg.2727.site.14, 0, 146, 146
411483.3.peg.2727.site.15, 3, 143, 146
411483.3.peg.2727.site.16, 5, 142, 147
411483.3.peg.2727.site.17, 19, 139, 158
411483.3.peg.2727.site.18, 2, 149, 151
411483.3.peg.2727.site.19, 2, 148, 150
411483.3.peg.2727.site.20, 3, 139, 142
411483.3.peg.2727.site.21, 1, 146, 147
411483.3.peg.2727.site.22, 6, 149, 155
411483.3.peg.2727.site.23, 0, 153, 153
411483.3.peg.2727.site.24, 23, 150, 173
411483.3.peg.2727.site.25, 13, 154, 167
411483.3.peg.2727.site.26, 1, 154, 155
411483.3.peg.2727.site.27, 5, 153, 158
411483.3.peg.2727.site.28, 0, 152, 152
411483.3.peg.2727.site.29, 0, 154, 154
411483.3.peg.2727.site.30, 1, 154, 155
411483.3.peg.2727.site.31, 5, 155, 160
411483.3.peg.2727.site.32, 2, 154, 156
411483.3.peg.2724.site.1, 3, 151, 154
411483.3.peg.2724.site.2, 1, 146, 147
411483.3.peg.2724.site.3, 103, 133, 236
411483.3.peg.2724.site.4, 93, 134, 227
411483.3.peg.2724.site.5, 101, 134, 235
411483.3.peg.2724.site.6, 3, 137, 140
411483.3.peg.2724.site.7, 31, 138, 169
411483.3.peg.2724.site.8, 1, 146, 147
411483.3.peg.2724.site.9, 58, 135, 193
411483.3.peg.2724.site.10, 9, 140, 149
411483.3.peg.2724.site.11, 1, 143, 144
411483.3.peg.2724.site.12, 2, 148, 150
411483.3.peg.2724.site.13, 8, 143, 151
411483.3.peg.2724.site.14, 2, 150, 152
411483.3.peg.2724.site.15, 110, 144, 254
411483.3.peg.2724.site.16, 2, 144, 146
411483.3.peg.2724.site.17, 1, 147, 148
411483.3.peg.2724.site.18, 5, 142, 147
411483.3.peg.2724.site.19, 1, 147, 148
411483.3.peg.2724.site.20, 3, 147, 150
411483.3.peg.2724.site.21, 15, 145, 160
411483.3.peg.2724.site.22, 11, 138, 149
411483.3.peg.2724.site.23, 8, 145, 153
411483.3.peg.2724.site.24, 101, 137, 238
411483.3.peg.2724.site.25, 18, 145, 163
411483.3.peg.2724.site.26, 2, 153, 155
411483.3.peg.2724.site.27, 24, 153, 177
411483.3.peg.2724.site.28, 5, 151, 156
411483.3.peg.2724.site.29, 33, 135, 168
411483.3.peg.2724.site.30, 38, 152, 190
411483.3.peg.2724.site.31, 1, 154, 155
411483.3.peg.2724.site.32, 5, 154, 159
411483.3.peg.2724.site.33, 130, 151, 281
411483.3.peg.2724.site.34, 14, 146, 160
411483.3.peg.2724.site.35, 24, 135, 159
411483.3.peg.2724.site.36, 3, 137, 140
411483.3.peg.2724.site.37, 10, 133, 143
411483.3.peg.2724.site.38, 64, 130, 194
411483.3.peg.2724.site.39, 37, 129, 166
411483.3.peg.2724.site.40, 7, 138, 145
411483.3.peg.2724.site.41, 2, 144, 146
411483.3.peg.2724.site.42, 0, 144, 144
411483.3.peg.2724.site.43, 8, 145, 153
411483.3.peg.2724.site.44, 3, 153, 156
411483.3.peg.2724.site.45, 6, 152, 158
411483.3.peg.2724.site.46, 1, 154, 155
411483.3.peg.2724.site.47, 114, 145, 259
411483.3.peg.2724.site.48, 8, 149, 157
411483.3.peg.2724.site.49, 3, 148, 151
411483.3.peg.2724.site.50, 4, 153, 157
411483.3.peg.2724.site.51, 0, 149, 149
411483.3.peg.2724.site.52, 2, 149, 151
411483.3.peg.2724.site.53, 3, 150, 153
411483.3.peg.2724.site.54, 7, 146, 153
411483.3.peg.2724.site.55, 105, 135, 240
411483.3.peg.2724.site.56, 11, 135, 146
411483.3.peg.2724.site.57, 3, 134, 137
411483.3.peg.2724.site.58, 1, 135, 136
411483.3.peg.2724.site.59, 29, 120, 149
411483.3.peg.2724.site.60, 0, 131, 131
411483.3.peg.2724.site.61, 9, 135, 144
411483.3.peg.2724.site.62, 30, 138, 168
411483.3.peg.2724.site.63, 7, 143, 150
411483.3.peg.2724.site.64, 0, 143, 143
411483.3.peg.2724.site.65, 0, 140, 140
411483.3.peg.2724.site.66, 1, 141, 142
411483.3.peg.2724.site.67, 4, 143, 147
411483.3.peg.2724.site.68, 1, 145, 146
411483.3.peg.2724.site.69, 8, 137, 145
411483.3.peg.2724.site.70, 2, 143, 145
411483.3.peg.2724.site.71, 31, 135, 166
411483.3.peg.2724.site.72, 5, 141, 146
411483.3.peg.2724.site.73, 5, 147, 152
411483.3.peg.2724.site.74, 3, 147, 150
411483.3.peg.2724.site.75, 10, 153, 163
411483.3.peg.2724.site.76, 7, 151, 158
411483.3.peg.2724.site.77, 2, 152, 154
411483.3.peg.2724.site.78, 0, 141, 141
411483.3.peg.2724.site.79, 4, 130, 134
411483.3.peg.2724.site.80, 16, 122, 138
411483.3.peg.2724.site.81, 5, 137, 142
411483.3.peg.2724.site.82, 18, 135, 153
411483.3.peg.2725.site.1, 5, 133, 138
411483.3.peg.2725.site.2, 0, 152, 152
411483.3.peg.2725.site.3, 3, 155, 158
411483.3.peg.2725.site.4, 10, 152, 162
411483.3.peg.2725.site.5, 6, 152, 158
411483.3.peg.2722.site.1, 53, 75, 128
411483.3.peg.2722.site.2, 46, 79, 125
411483.3.peg.2722.site.3, 5, 108, 113
411483.3.peg.2722.site.4, 1, 108, 109
411483.3.peg.2722.site.5, 7, 145, 152
411483.3.peg.2722.site.6, 0, 146, 146
411483.3.peg.2722.site.7, 10, 150, 160
411483.3.peg.2722.site.8, 25, 145, 170
411483.3.peg.2722.site.9, 10, 152, 162
411483.3.peg.2722.site.10, 5, 147, 152
411483.3.peg.2722.site.11, 13, 144, 157
411483.3.peg.2722.site.12, 117, 147, 264
411483.3.peg.2722.site.13, 15, 150, 165
411483.3.peg.2722.site.14, 1, 151, 152
411483.3.peg.2722.site.15, 4, 148, 152
411483.3.peg.2722.site.16, 8, 150, 158
411483.3.peg.2722.site.17, 2, 153, 155
411483.3.peg.2722.site.18, 3, 152, 155
411483.3.peg.2722.site.19, 4, 148, 152
411483.3.peg.2722.site.20, 5, 149, 154
411483.3.peg.2722.site.21, 1, 151, 152
411483.3.peg.2722.site.22, 39, 144, 183
411483.3.peg.2722.site.23, 59, 140, 199
411483.3.peg.2722.site.24, 17, 151, 168
411483.3.peg.2722.site.25, 2, 152, 154
411483.3.peg.2722.site.26, 10, 147, 157
411483.3.peg.2722.site.27, 104, 141, 245
411483.3.peg.2722.site.28, 1, 145, 146
411483.3.peg.2722.site.29, 22, 140, 162
411483.3.peg.2722.site.30, 4, 149, 153
411483.3.peg.2722.site.31, 9, 150, 159
411483.3.peg.2722.site.32, 5, 149, 154
411483.3.peg.2722.site.33, 2, 154, 156
411483.3.peg.2722.site.34, 97, 139, 236
411483.3.peg.2722.site.35, 3, 153, 156
411483.3.peg.2722.site.36, 9, 154, 163
411483.3.peg.2722.site.37, 8, 151, 159
411483.3.peg.2722.site.38, 0, 152, 152
411483.3.peg.2722.site.39, 8, 150, 158
411483.3.peg.2722.site.40, 1, 151, 152
411483.3.peg.2722.site.41, 14, 144, 158
411483.3.peg.2722.site.42, 0, 154, 154
411483.3.peg.2722.site.43, 19, 149, 168
411483.3.peg.2722.site.44, 9, 155, 164
411483.3.peg.2722.site.45, 7, 154, 161
411483.3.peg.2722.site.46, 2, 155, 157
411483.3.peg.2722.site.47, 6, 151, 157
411483.3.peg.2722.site.48, 2, 152, 154
411483.3.peg.2722.site.49, 6, 149, 155
411483.3.peg.2722.site.50, 3, 152, 155
411483.3.peg.2722.site.51, 3, 155, 158
411483.3.peg.2722.site.52, 2, 154, 156
411483.3.peg.2722.site.53, 0, 151, 151
411483.3.peg.2722.site.54, 3, 155, 158
411483.3.peg.2722.site.55, 4, 155, 159
411483.3.peg.2722.site.56, 3, 154, 157
411483.3.peg.2722.site.57, 113, 145, 258
411483.3.peg.2722.site.58, 2, 155, 157
411483.3.peg.2722.site.59, 106, 147, 253
411483.3.peg.2722.site.60, 0, 154, 154
411483.3.peg.2722.site.61, 12, 153, 165
411483.3.peg.2722.site.62, 1, 154, 155
411483.3.peg.2722.site.63, 1, 152, 153
411483.3.peg.2722.site.64, 4, 153, 157
411483.3.peg.2722.site.65, 6, 152, 158
411483.3.peg.2722.site.66, 15, 155, 170
411483.3.peg.2722.site.67, 2, 154, 156
411483.3.peg.2722.site.68, 4, 153, 157
411483.3.peg.2722.site.69, 2, 154, 156
411483.3.peg.2722.site.70, 0, 153, 153
411483.3.peg.2722.site.71, 8, 152, 160
411483.3.peg.2722.site.72, 6, 150, 156
411483.3.peg.2722.site.73, 101, 143, 244
411483.3.peg.2722.site.74, 40, 146, 186
411483.3.peg.2722.site.75, 4, 113, 117
411483.3.peg.2722.site.76, 8, 118, 126
411483.3.peg.2722.site.77, 75, 119, 194
411483.3.peg.2722.site.78, 4, 147, 151
411483.3.peg.2722.site.79, 3, 146, 149
411483.3.peg.2722.site.80, 1, 151, 152
411483.3.peg.2722.site.81, 4, 148, 152
411483.3.peg.2722.site.82, 10, 149, 159
411483.3.peg.2722.site.83, 2, 153, 155
411483.3.peg.2722.site.84, 0, 149, 149
411483.3.peg.2722.site.85, 1, 151, 152
411483.3.peg.2722.site.86, 3, 153, 156
411483.3.peg.2722.site.87, 5, 145, 150
411483.3.peg.2722.site.88, 0, 147, 147
411483.3.peg.2722.site.89, 11, 140, 151
411483.3.peg.2722.site.90, 5, 153, 158
411483.3.peg.2722.site.91, 94, 144, 238
411483.3.peg.2722.site.92, 14, 150, 164
411483.3.peg.2722.site.93, 3, 154, 157
411483.3.peg.2722.site.94, 1, 155, 156
411483.3.peg.2722.site.95, 11, 153, 164
411483.3.peg.2723.site.1, 2, 154, 156
411483.3.peg.2723.site.2, 6, 147, 153
411483.3.peg.2723.site.3, 0, 144, 144
411483.3.peg.2723.site.4, 0, 141, 141
411483.3.peg.2723.site.5, 11, 153, 164
411483.3.peg.2723.site.6, 0, 151, 151
411483.3.peg.2723.site.7, 145, 154, 299
411483.3.peg.2723.site.8, 9, 153, 162
411483.3.peg.2723.site.9, 5, 150, 155
411483.3.peg.2723.site.10, 0, 153, 153
411483.3.peg.2723.site.11, 1, 155, 156
411483.3.peg.2723.site.12, 2, 152, 154
411483.3.peg.2723.site.13, 145, 151, 296
411483.3.peg.2723.site.14, 11, 151, 162
411483.3.peg.2723.site.15, 2, 152, 154
411483.3.peg.2723.site.16, 0, 153, 153
411483.3.peg.2723.site.17, 6, 150, 156
411483.3.peg.2723.site.18, 146, 150, 296
411483.3.peg.2723.site.19, 3, 151, 154
411483.3.peg.2723.site.20, 3, 151, 154
411483.3.peg.2723.site.21, 0, 153, 153
411483.3.peg.2723.site.22, 1, 154, 155
411483.3.peg.2723.site.23, 1, 152, 153
411483.3.peg.2723.site.24, 2, 155, 157
411483.3.peg.2723.site.25, 10, 153, 163
411483.3.peg.2723.site.26, 0, 153, 153
411483.3.peg.2723.site.27, 1, 147, 148
411483.3.peg.2723.site.28, 14, 150, 164
411483.3.peg.2723.site.29, 11, 147, 158
411483.3.peg.2723.site.30, 3, 147, 150
411483.3.peg.2723.site.31, 1, 149, 150
411483.3.peg.2723.site.32, 5, 150, 155
411483.3.peg.2723.site.33, 2, 150, 152
411483.3.peg.2723.site.34, 16, 146, 162
411483.3.peg.2723.site.35, 0, 151, 151
411483.3.peg.2723.site.36, 43, 144, 187
411483.3.peg.2723.site.37, 0, 154, 154
411483.3.peg.2723.site.38, 2, 154, 156
411483.3.peg.2723.site.39, 4, 151, 155
411483.3.peg.2723.site.40, 8, 148, 156
411483.3.peg.2723.site.41, 3, 148, 151
411483.3.peg.2723.site.42, 6, 143, 149
411483.3.peg.2723.site.43, 1, 147, 148
411483.3.peg.2723.site.44, 30, 140, 170
411483.3.peg.2723.site.45, 0, 145, 145
411483.3.peg.2723.site.46, 2, 140, 142
411483.3.peg.2723.site.47, 57, 130, 187
411483.3.peg.2723.site.48, 5, 143, 148
411483.3.peg.2723.site.49, 1, 144, 145
411483.3.peg.2723.site.50, 0, 144, 144
411483.3.peg.2723.site.51, 0, 143, 143
411483.3.peg.2723.site.52, 0, 137, 137
411483.3.peg.2723.site.53, 2, 147, 149
411483.3.peg.2723.site.54, 7, 151, 158
411483.3.peg.2723.site.55, 2, 151, 153
411483.3.peg.2723.site.56, 2, 141, 143
411483.3.peg.2723.site.57, 2, 144, 146
411483.3.peg.2723.site.58, 1, 140, 141
411483.3.peg.2723.site.59, 0, 135, 135
411483.3.peg.2723.site.60, 7, 136, 143
411483.3.peg.2723.site.61, 72, 114, 186
411483.3.peg.2723.site.62, 88, 120, 208
411483.3.peg.2723.site.63, 3, 119, 122
411483.3.peg.2723.site.64, 5, 110, 115
411483.3.peg.2723.site.65, 1, 113, 114
411483.3.peg.2723.site.66, 4, 124, 128
411483.3.peg.2723.site.67, 7, 121, 128
411483.3.peg.2723.site.68, 1, 108, 109
411483.3.peg.2723.site.69, 1, 130, 131
411483.3.peg.2723.site.70, 9, 132, 141
411483.3.peg.2723.site.71, 2, 136, 138
411483.3.peg.2723.site.72, 1, 139, 140
411483.3.peg.2723.site.73, 4, 145, 149
411483.3.peg.2723.site.74, 4, 149, 153
411483.3.peg.2723.site.75, 4, 149, 153
411483.3.peg.2723.site.76, 102, 142, 244
411483.3.peg.2723.site.77, 0, 153, 153
411483.3.peg.2723.site.78, 131, 153, 284
411483.3.peg.2723.site.79, 2, 152, 154
411483.3.peg.2723.site.80, 4, 154, 158
411483.3.peg.2723.site.81, 60, 148, 208
411483.3.peg.2723.site.82, 2, 154, 156
411483.3.peg.2723.site.83, 3, 154, 157
411483.3.peg.2723.site.84, 1, 154, 155
411483.3.peg.2723.site.85, 2, 154, 156
411483.3.peg.2723.site.86, 4, 150, 154
411483.3.peg.2723.site.87, 5, 150, 155
411483.3.peg.2723.site.88, 6, 154, 160
411483.3.peg.2723.site.89, 7, 149, 156
411483.3.peg.2723.site.90, 10, 150, 160
411483.3.peg.2723.site.91, 7, 152, 159
411483.3.peg.2723.site.92, 2, 152, 154
411483.3.peg.2723.site.93, 34, 148, 182
411483.3.peg.2723.site.94, 10, 146, 156
411483.3.peg.2723.site.95, 143, 151, 294
411483.3.peg.2723.site.96, 3, 152, 155
411483.3.peg.2723.site.97, 5, 148, 153
411483.3.peg.2723.site.98, 0, 149, 149
411483.3.peg.2723.site.99, 57, 136, 193
411483.3.peg.2723.site.100, 1, 146, 147
411483.3.peg.2723.site.101, 25, 139, 164
411483.3.peg.2723.site.102, 4, 143, 147
411483.3.peg.2723.site.103, 9, 133, 142
411483.3.peg.2723.site.104, 21, 127, 148
411483.3.peg.2723.site.105, 88, 138, 226
411483.3.peg.2723.site.106, 109, 139, 248
411483.3.peg.2723.site.107, 7, 146, 153
411483.3.peg.2723.site.108, 14, 152, 166
411483.3.peg.2720.site.1, 1, 152, 153
411483.3.peg.2720.site.2, 8, 149, 157
411483.3.peg.2720.site.3, 0, 151, 151
411483.3.peg.2720.site.4, 111, 143, 254
411483.3.peg.2720.site.5, 0, 146, 146
411483.3.peg.2720.site.6, 3, 124, 127
411483.3.peg.2720.site.7, 1, 122, 123
411483.3.peg.2720.site.8, 4, 120, 124
411483.3.peg.2720.site.9, 23, 91, 114
411483.3.peg.2720.site.10, 10, 95, 105
411483.3.peg.2720.site.11, 3, 92, 95
411483.3.peg.2720.site.12, 1, 93, 94
411483.3.peg.2720.site.13, 2, 90, 92
411483.3.peg.2720.site.14, 1, 92, 93
411483.3.peg.2720.site.15, 46, 80, 126
411483.3.peg.2720.site.16, 25, 33, 58
411483.3.peg.2720.site.17, 1, 27, 28
411483.3.peg.2720.site.18, 0, 13, 13
411483.3.peg.2720.site.19, 8, 22, 30
411483.3.peg.2720.site.20, 17, 43, 60
411483.3.peg.2720.site.21, 3, 72, 75
411483.3.peg.2720.site.22, 0, 96, 96
411483.3.peg.2720.site.23, 0, 102, 102
411483.3.peg.2720.site.24, 91, 96, 187
411483.3.peg.2720.site.25, 1, 95, 96
411483.3.peg.2720.site.26, 7, 106, 113
411483.3.peg.2720.site.27, 1, 113, 114
411483.3.peg.2720.site.28, 12, 107, 119
411483.3.peg.2720.site.29, 1, 128, 129
411483.3.peg.2720.site.30, 45, 135, 180
411483.3.peg.2720.site.31, 1, 143, 144
411483.3.peg.2720.site.32, 25, 135, 160
411483.3.peg.2720.site.33, 8, 146, 154
411483.3.peg.2720.site.34, 2, 149, 151
411483.3.peg.2720.site.35, 1, 148, 149
411483.3.peg.2720.site.36, 5, 149, 154
411483.3.peg.2720.site.37, 14, 142, 156
411483.3.peg.2720.site.38, 0, 150, 150
411483.3.peg.2720.site.39, 5, 153, 158
411483.3.peg.2720.site.40, 3, 149, 152
411483.3.peg.2720.site.41, 23, 150, 173
411483.3.peg.2720.site.42, 1, 154, 155
411483.3.peg.2720.site.43, 30, 145, 175
411483.3.peg.2720.site.44, 1, 154, 155
411483.3.peg.2720.site.45, 1, 155, 156
411483.3.peg.2720.site.46, 6, 153, 159
411483.3.peg.2720.site.47, 17, 144, 161
411483.3.peg.2720.site.48, 0, 151, 151
411483.3.peg.2720.site.49, 2, 153, 155
411483.3.peg.2720.site.50, 0, 152, 152
411483.3.peg.2720.site.51, 3, 153, 156
411483.3.peg.2720.site.52, 1, 153, 154
411483.3.peg.2720.site.53, 0, 151, 151
411483.3.peg.2720.site.54, 1, 155, 156
411483.3.peg.2720.site.55, 1, 154, 155
411483.3.peg.2720.site.56, 10, 153, 163
411483.3.peg.2720.site.57, 5, 154, 159
411483.3.peg.2720.site.58, 96, 142, 238
411483.3.peg.2720.site.59, 4, 152, 156
411483.3.peg.2720.site.60, 2, 150, 152
411483.3.peg.2720.site.61, 2, 153, 155
411483.3.peg.2720.site.62, 7, 143, 150
411483.3.peg.2720.site.63, 1, 147, 148
411483.3.peg.2720.site.64, 2, 148, 150
411483.3.peg.2720.site.65, 2, 150, 152
411483.3.peg.2720.site.66, 3, 152, 155
411483.3.peg.2720.site.67, 16, 143, 159
411483.3.peg.2720.site.68, 13, 147, 160
411483.3.peg.2720.site.69, 5, 147, 152
411483.3.peg.2720.site.70, 2, 147, 149
411483.3.peg.2720.site.71, 2, 143, 145
411483.3.peg.2720.site.72, 1, 134, 135
411483.3.peg.2720.site.73, 0, 122, 122
411483.3.peg.2720.site.74, 5, 122, 127
411483.3.peg.2720.site.75, 1, 105, 106
411483.3.peg.2720.site.76, 0, 70, 70
411483.3.peg.2720.site.77, 13, 49, 62
411483.3.peg.2720.site.78, 21, 45, 66
411483.3.peg.2720.site.79, 1, 42, 43
411483.3.peg.2720.site.80, 1, 16, 17
411483.3.peg.2720.site.81, 4, 11, 15
411483.3.peg.2720.site.82, 2, 12, 14
411483.3.peg.2720.site.83, 3, 24, 27
411483.3.peg.2720.site.84, 3, 27, 30
411483.3.peg.2720.site.85, 11, 40, 51
411483.3.peg.2720.site.86, 41, 42, 83
411483.3.peg.2720.site.87, 43, 44, 87
411483.3.peg.2720.site.88, 16, 45, 61
411483.3.peg.2720.site.89, 1, 44, 45
411483.3.peg.2720.site.90, 9, 44, 53
411483.3.peg.2720.site.91, 4, 43, 47
411483.3.peg.2720.site.92, 28, 40, 68
411483.3.peg.2720.site.93, 12, 42, 54
411483.3.peg.2720.site.94, 1, 41, 42
411483.3.peg.2720.site.95, 13, 45, 58
411483.3.peg.2720.site.96, 2, 47, 49
411483.3.peg.2720.site.97, 4, 46, 50
411483.3.peg.2720.site.98, 2, 44, 46
411483.3.peg.2720.site.99, 19, 43, 62
411483.3.peg.2720.site.100, 36, 43, 79
411483.3.peg.2720.site.101, 38, 41, 79
411483.3.peg.2720.site.102, 2, 47, 49
411483.3.peg.2720.site.103, 3, 47, 50
411483.3.peg.2720.site.104, 1, 45, 46
411483.3.peg.2720.site.105, 1, 47, 48
411483.3.peg.2720.site.106, 1, 49, 50
411483.3.peg.2720.site.107, 6, 50, 56
411483.3.peg.2720.site.108, 14, 51, 65
411483.3.peg.2720.site.109, 42, 50, 92
411483.3.peg.2720.site.110, 2, 50, 52
411483.3.peg.2720.site.111, 2, 49, 51
411483.3.peg.2720.site.112, 14, 47, 61
411483.3.peg.2720.site.113, 5, 49, 54
411483.3.peg.2720.site.114, 42, 48, 90
411483.3.peg.2720.site.115, 2, 48, 50
411483.3.peg.2720.site.116, 4, 49, 53
411483.3.peg.2720.site.117, 0, 48, 48
411483.3.peg.2720.site.118, 1, 50, 51
411483.3.peg.2720.site.119, 2, 51, 53
411483.3.peg.2720.site.120, 0, 48, 48
411483.3.peg.2720.site.121, 37, 41, 78
411483.3.peg.2720.site.122, 1, 38, 39
411483.3.peg.2720.site.123, 18, 38, 56
411483.3.peg.2720.site.124, 2, 37, 39
411483.3.peg.2720.site.125, 1, 32, 33
411483.3.peg.2720.site.126, 28, 32, 60
411483.3.peg.2720.site.127, 17, 29, 46
411483.3.peg.2720.site.128, 1, 20, 21
411483.3.peg.2720.site.129, 1, 40, 41
411483.3.peg.2720.site.130, 1, 42, 43
411483.3.peg.2720.site.131, 2, 78, 80
411483.3.peg.2720.site.132, 2, 37, 39
411483.3.peg.2720.site.133, 9, 28, 37
411483.3.peg.2720.site.134, 3, 12, 15
411483.3.peg.2720.site.135, 4, 14, 18
411483.3.peg.2438.site.1, 20, 151, 171
411483.3.peg.2438.site.2, 1, 151, 152
411483.3.peg.2438.site.3, 36, 150, 186
411483.3.peg.2438.site.4, 32, 152, 184
411483.3.peg.2438.site.5, 2, 155, 157
411483.3.peg.2438.site.6, 3, 155, 158
411483.3.peg.2438.site.7, 4, 153, 157
411483.3.peg.2438.site.8, 5, 153, 158
411483.3.peg.2438.site.9, 7, 150, 157
411483.3.peg.2438.site.10, 1, 152, 153
411483.3.peg.2438.site.11, 5, 153, 158
411483.3.peg.2438.site.12, 4, 148, 152
411483.3.peg.2438.site.13, 2, 143, 145
411483.3.peg.2438.site.14, 1, 127, 128
411483.3.peg.2438.site.15, 0, 140, 140
411483.3.peg.2438.site.16, 18, 136, 154
411483.3.peg.2438.site.17, 2, 151, 153
411483.3.peg.2438.site.18, 3, 155, 158
411483.3.peg.2438.site.19, 0, 153, 153
411483.3.peg.2438.site.20, 2, 154, 156
411483.3.peg.2438.site.21, 8, 149, 157
411483.3.peg.2438.site.22, 55, 143, 198
411483.3.peg.2438.site.23, 0, 155, 155
411483.3.peg.2438.site.24, 7, 154, 161
411483.3.peg.2438.site.25, 4, 152, 156
411483.3.peg.2438.site.26, 58, 146, 204
411483.3.peg.2438.site.27, 2, 153, 155
411483.3.peg.2438.site.28, 2, 152, 154
411483.3.peg.2438.site.29, 0, 154, 154
411483.3.peg.2438.site.30, 0, 153, 153
411483.3.peg.2438.site.31, 2, 155, 157
411483.3.peg.2438.site.32, 21, 149, 170
411483.3.peg.2438.site.33, 13, 147, 160
411483.3.peg.2438.site.34, 3, 155, 158
411483.3.peg.2439.site.1, 3, 153, 156
411483.3.peg.2439.site.2, 3, 155, 158
411483.3.peg.2439.site.3, 8, 147, 155
411483.3.peg.2439.site.4, 45, 150, 195
411483.3.peg.2439.site.5, 0, 154, 154
411483.3.peg.2439.site.6, 24, 149, 173
411483.3.peg.2439.site.7, 0, 155, 155
411483.3.peg.2439.site.8, 3, 155, 158
411483.3.peg.2439.site.9, 29, 151, 180
411483.3.peg.2439.site.10, 12, 151, 163
411483.3.peg.2439.site.11, 0, 154, 154
411483.3.peg.2439.site.12, 0, 152, 152
411483.3.peg.2439.site.13, 6, 147, 153
411483.3.peg.2439.site.14, 6, 151, 157
411483.3.peg.2439.site.15, 2, 154, 156
411483.3.peg.2439.site.16, 42, 146, 188
411483.3.peg.2439.site.17, 2, 152, 154
411483.3.peg.2439.site.18, 7, 152, 159
411483.3.peg.2439.site.19, 2, 155, 157
411483.3.peg.2439.site.20, 1, 154, 155
411483.3.peg.2439.site.21, 1, 155, 156
411483.3.peg.2439.site.22, 48, 146, 194
411483.3.peg.2439.site.23, 2, 154, 156
411483.3.peg.2439.site.24, 3, 154, 157
411483.3.peg.2439.site.25, 4, 154, 158
411483.3.peg.2439.site.26, 5, 154, 159
411483.3.peg.2439.site.27, 86, 140, 226
411483.3.peg.2439.site.28, 105, 143, 248
411483.3.peg.2439.site.29, 1, 154, 155
411483.3.peg.2439.site.30, 146, 153, 299
411483.3.peg.2439.site.31, 1, 155, 156
411483.3.peg.2439.site.32, 1, 155, 156
411483.3.peg.2439.site.33, 2, 154, 156
411483.3.peg.2439.site.34, 20, 152, 172
411483.3.peg.2439.site.35, 1, 155, 156
411483.3.peg.2439.site.36, 3, 154, 157
411483.3.peg.2439.site.37, 9, 150, 159
411483.3.peg.2439.site.38, 2, 150, 152
411483.3.peg.2439.site.39, 150, 155, 305
411483.3.peg.2439.site.40, 146, 152, 298
411483.3.peg.2439.site.41, 0, 153, 153
411483.3.peg.2439.site.42, 0, 154, 154
411483.3.peg.2439.site.43, 4, 155, 159
411483.3.peg.2439.site.44, 3, 155, 158
411483.3.peg.2439.site.45, 1, 153, 154
411483.3.peg.2439.site.46, 1, 155, 156
411483.3.peg.2439.site.47, 0, 153, 153
411483.3.peg.2439.site.48, 7, 154, 161
411483.3.peg.2439.site.49, 8, 150, 158
411483.3.peg.2439.site.50, 1, 155, 156
411483.3.peg.2439.site.51, 2, 155, 157
411483.3.peg.2439.site.52, 9, 154, 163
411483.3.peg.2439.site.53, 5, 154, 159
411483.3.peg.2439.site.54, 14, 152, 166
411483.3.peg.2439.site.55, 4, 155, 159
411483.3.peg.2439.site.56, 37, 140, 177
411483.3.peg.2439.site.57, 2, 155, 157
411483.3.peg.2439.site.58, 13, 152, 165
411483.3.peg.2439.site.59, 3, 153, 156
411483.3.peg.2439.site.60, 60, 148, 208
411483.3.peg.2439.site.61, 0, 153, 153
411483.3.peg.2439.site.62, 3, 153, 156
411483.3.peg.2439.site.63, 1, 152, 153
411483.3.peg.2439.site.64, 43, 148, 191
411483.3.peg.2439.site.65, 3, 154, 157
411483.3.peg.2439.site.66, 1, 154, 155
411483.3.peg.2439.site.67, 147, 154, 301
411483.3.peg.2439.site.68, 8, 148, 156
411483.3.peg.2439.site.69, 4, 153, 157
411483.3.peg.2439.site.70, 7, 151, 158
411483.3.peg.2439.site.71, 7, 155, 162
411483.3.peg.2439.site.72, 7, 153, 160
411483.3.peg.2439.site.73, 98, 141, 239
411483.3.peg.2439.site.74, 1, 155, 156
411483.3.peg.2439.site.75, 4, 153, 157
411483.3.peg.2439.site.76, 2, 155, 157
411483.3.peg.2439.site.77, 0, 154, 154
411483.3.peg.2439.site.78, 1, 154, 155
411483.3.peg.2439.site.79, 88, 144, 232
411483.3.peg.2439.site.80, 3, 154, 157
411483.3.peg.2439.site.81, 14, 152, 166
411483.3.peg.2439.site.82, 49, 147, 196
411483.3.peg.2439.site.83, 1, 153, 154
411483.3.peg.2439.site.84, 0, 152, 152
411483.3.peg.2439.site.85, 1, 155, 156
411483.3.peg.2439.site.86, 44, 149, 193
411483.3.peg.2439.site.87, 10, 152, 162
411483.3.peg.2439.site.88, 1, 154, 155
411483.3.peg.2439.site.89, 11, 152, 163
411483.3.peg.2439.site.90, 2, 154, 156
411483.3.peg.2439.site.91, 10, 152, 162
411483.3.peg.2439.site.92, 3, 153, 156
411483.3.peg.2439.site.93, 27, 140, 167
411483.3.peg.2439.site.94, 6, 150, 156
411483.3.peg.2439.site.95, 146, 146, 292
411483.3.peg.2439.site.96, 4, 151, 155
411483.3.peg.2439.site.97, 5, 138, 143
411483.3.peg.2439.site.98, 1, 127, 128
411483.3.peg.2439.site.99, 2, 132, 134
411483.3.peg.2439.site.100, 32, 120, 152
411483.3.peg.2439.site.101, 0, 134, 134
411483.3.peg.2439.site.102, 133, 147, 280
411483.3.peg.2439.site.103, 6, 148, 154
411483.3.peg.2439.site.104, 0, 146, 146
411483.3.peg.2439.site.105, 1, 150, 151
411483.3.peg.2439.site.106, 8, 152, 160
411483.3.peg.2439.site.107, 77, 141, 218
411483.3.peg.2439.site.108, 1, 151, 152
411483.3.peg.2439.site.109, 2, 153, 155
411483.3.peg.2348.site.1, 1, 137, 138
411483.3.peg.2348.site.2, 12, 135, 147
411483.3.peg.2348.site.3, 10, 138, 148
411483.3.peg.2348.site.4, 10, 140, 150
411483.3.peg.2348.site.5, 0, 143, 143
411483.3.peg.2348.site.6, 24, 140, 164
411483.3.peg.2348.site.7, 66, 134, 200
411483.3.peg.2348.site.8, 8, 145, 153
411483.3.peg.2348.site.9, 2, 146, 148
411483.3.peg.2348.site.10, 8, 145, 153
411483.3.peg.2348.site.11, 7, 142, 149
411483.3.peg.2348.site.12, 1, 149, 150
411483.3.peg.2348.site.13, 0, 147, 147
411483.3.peg.2348.site.14, 3, 145, 148
411483.3.peg.2348.site.15, 1, 142, 143
411483.3.peg.2348.site.16, 2, 136, 138
411483.3.peg.2348.site.17, 121, 121, 242
411483.3.peg.2348.site.18, 1, 118, 119
411483.3.peg.2348.site.19, 3, 61, 64
411483.3.peg.2348.site.20, 1, 50, 51
411483.3.peg.2348.site.21, 34, 52, 86
411483.3.peg.2348.site.22, 3, 63, 66
411483.3.peg.2348.site.23, 56, 70, 126
411483.3.peg.2348.site.24, 9, 66, 75
411483.3.peg.2348.site.25, 16, 74, 90
411483.3.peg.2348.site.26, 2, 96, 98
411483.3.peg.2348.site.27, 1, 88, 89
411483.3.peg.2348.site.28, 19, 85, 104
411483.3.peg.2348.site.29, 36, 100, 136
411483.3.peg.2348.site.30, 42, 121, 163
411483.3.peg.2348.site.31, 1, 135, 136
411483.3.peg.2348.site.32, 3, 132, 135
411483.3.peg.2348.site.33, 13, 130, 143
411483.3.peg.2348.site.34, 25, 118, 143
411483.3.peg.2348.site.35, 1, 127, 128
411483.3.peg.2348.site.36, 1, 125, 126
411483.3.peg.2348.site.37, 1, 124, 125
411483.3.peg.2348.site.38, 2, 116, 118
411483.3.peg.2348.site.39, 1, 88, 89
411483.3.peg.2348.site.40, 66, 71, 137
411483.3.peg.2348.site.41, 1, 62, 63
411483.3.peg.2348.site.42, 3, 63, 66
411483.3.peg.2348.site.43, 17, 27, 44
411483.3.peg.2348.site.44, 15, 28, 43
411483.3.peg.2348.site.45, 1, 19, 20
411483.3.peg.2348.site.46, 0, 18, 18
411483.3.peg.2432.site.1, 7, 90, 97
411483.3.peg.2432.site.2, 10, 86, 96
411483.3.peg.2432.site.3, 0, 117, 117
411483.3.peg.2432.site.4, 0, 115, 115
411483.3.peg.2432.site.5, 112, 121, 233
411483.3.peg.2432.site.6, 52, 125, 177
411483.3.peg.2432.site.7, 0, 138, 138
411483.3.peg.2432.site.8, 0, 143, 143
411483.3.peg.2432.site.9, 3, 144, 147
411483.3.peg.2432.site.10, 1, 150, 151
411483.3.peg.2432.site.11, 1, 152, 153
411483.3.peg.2432.site.12, 5, 152, 157
411483.3.peg.2432.site.13, 2, 154, 156
411483.3.peg.2432.site.14, 2, 154, 156
411483.3.peg.2432.site.15, 2, 154, 156
411483.3.peg.2432.site.16, 1, 154, 155
411483.3.peg.2432.site.17, 6, 151, 157
411483.3.peg.2432.site.18, 55, 143, 198
411483.3.peg.2432.site.19, 3, 153, 156
411483.3.peg.2432.site.20, 4, 152, 156
411483.3.peg.2432.site.21, 11, 149, 160
411483.3.peg.2432.site.22, 2, 153, 155
411483.3.peg.2432.site.23, 2, 152, 154
411483.3.peg.2432.site.24, 0, 149, 149
411483.3.peg.2432.site.25, 36, 143, 179
411483.3.peg.2432.site.26, 0, 152, 152
411483.3.peg.2432.site.27, 3, 153, 156
411483.3.peg.2432.site.28, 2, 152, 154
411483.3.peg.2432.site.29, 6, 152, 158
411483.3.peg.2432.site.30, 1, 151, 152
411483.3.peg.2432.site.31, 8, 154, 162
411483.3.peg.2432.site.32, 14, 148, 162
411483.3.peg.2432.site.33, 0, 150, 150
411483.3.peg.2432.site.34, 1, 142, 143
411483.3.peg.2432.site.35, 39, 139, 178
411483.3.peg.2432.site.36, 1, 145, 146
411483.3.peg.2432.site.37, 2, 141, 143
411483.3.peg.2432.site.38, 2, 132, 134
411483.3.peg.2432.site.39, 6, 135, 141
411483.3.peg.2432.site.40, 1, 135, 136
411483.3.peg.2432.site.41, 122, 131, 253
411483.3.peg.2432.site.42, 1, 133, 134
411483.3.peg.2432.site.43, 3, 128, 131
411483.3.peg.2432.site.44, 1, 130, 131
411483.3.peg.2432.site.45, 2, 126, 128
411483.3.peg.2432.site.46, 16, 121, 137
411483.3.peg.2432.site.47, 1, 119, 120
411483.3.peg.2432.site.48, 1, 100, 101
411483.3.peg.2432.site.49, 1, 106, 107
411483.3.peg.2432.site.50, 100, 107, 207
411483.3.peg.2432.site.51, 1, 108, 109
411483.3.peg.2432.site.52, 61, 115, 176
411483.3.peg.2432.site.53, 7, 115, 122
411483.3.peg.2432.site.54, 1, 136, 137
411483.3.peg.2432.site.55, 3, 150, 153
411483.3.peg.2432.site.56, 1, 150, 151
411483.3.peg.2432.site.57, 3, 139, 142
411483.3.peg.2432.site.58, 2, 139, 141
411483.3.peg.2432.site.59, 2, 143, 145
411483.3.peg.2432.site.60, 16, 148, 164
411483.3.peg.2432.site.61, 1, 150, 151
411483.3.peg.2432.site.62, 1, 151, 152
411483.3.peg.2432.site.63, 1, 153, 154
411483.3.peg.2432.site.64, 1, 148, 149
411483.3.peg.2432.site.65, 1, 153, 154
411483.3.peg.2432.site.66, 1, 150, 151
411483.3.peg.2432.site.67, 2, 152, 154
411483.3.peg.2432.site.68, 1, 153, 154
411483.3.peg.2432.site.69, 44, 140, 184
411483.3.peg.2432.site.70, 25, 146, 171
411483.3.peg.2432.site.71, 7, 151, 158
411483.3.peg.2432.site.72, 3, 145, 148
411483.3.peg.2433.site.1, 2, 137, 139
411483.3.peg.2433.site.2, 10, 135, 145
411483.3.peg.2433.site.3, 0, 126, 126
411483.3.peg.2433.site.4, 0, 128, 128
411483.3.peg.2433.site.5, 0, 128, 128
411483.3.peg.2433.site.6, 1, 113, 114
411483.3.peg.2433.site.7, 0, 96, 96
411483.3.peg.2433.site.8, 7, 102, 109
411483.3.peg.2433.site.9, 0, 97, 97
411483.3.peg.2433.site.10, 3, 93, 96
411483.3.peg.2433.site.11, 1, 91, 92
411483.3.peg.2433.site.12, 5, 101, 106
411483.3.peg.2433.site.13, 3, 139, 142
411483.3.peg.2433.site.14, 4, 141, 145
411483.3.peg.2433.site.15, 6, 137, 143
411483.3.peg.2433.site.16, 5, 137, 142
411483.3.peg.2433.site.17, 0, 132, 132
411483.3.peg.2433.site.18, 6, 132, 138
411483.3.peg.2433.site.19, 5, 131, 136
411483.3.peg.2433.site.20, 1, 127, 128
411483.3.peg.2433.site.21, 70, 116, 186
411483.3.peg.2433.site.22, 5, 124, 129
411483.3.peg.2433.site.23, 3, 130, 133
411483.3.peg.2433.site.24, 3, 124, 127
411483.3.peg.2433.site.25, 2, 126, 128
411483.3.peg.2433.site.26, 9, 129, 138
411483.3.peg.2433.site.27, 15, 130, 145
411483.3.peg.2433.site.28, 64, 128, 192
411483.3.peg.2433.site.29, 3, 145, 148
411483.3.peg.2433.site.30, 1, 146, 147
411483.3.peg.2433.site.31, 1, 143, 144
411483.3.peg.2433.site.32, 13, 142, 155
411483.3.peg.2433.site.33, 8, 136, 144
411483.3.peg.2433.site.34, 4, 144, 148
411483.3.peg.2433.site.35, 108, 139, 247
411483.3.peg.2433.site.36, 1, 148, 149
411483.3.peg.2433.site.37, 6, 140, 146
411483.3.peg.2433.site.38, 1, 152, 153
411483.3.peg.2433.site.39, 1, 152, 153
411483.3.peg.2433.site.40, 99, 146, 245
411483.3.peg.2433.site.41, 4, 154, 158
411483.3.peg.2433.site.42, 7, 152, 159
411483.3.peg.2433.site.43, 1, 154, 155
411483.3.peg.2433.site.44, 72, 148, 220
411483.3.peg.2433.site.45, 7, 155, 162
411483.3.peg.2433.site.46, 11, 148, 159
411483.3.peg.2433.site.47, 6, 141, 147
411483.3.peg.2433.site.48, 3, 143, 146
411483.3.peg.2433.site.49, 2, 141, 143
411483.3.peg.2433.site.50, 3, 141, 144
411483.3.peg.2433.site.51, 3, 138, 141
411483.3.peg.2433.site.52, 12, 135, 147
411483.3.peg.2433.site.53, 4, 144, 148
411483.3.peg.2433.site.54, 3, 153, 156
411483.3.peg.2433.site.55, 10, 149, 159
411483.3.peg.2433.site.56, 41, 136, 177
411483.3.peg.2433.site.57, 4, 151, 155
411483.3.peg.2433.site.58, 9, 149, 158
411483.3.peg.2433.site.59, 46, 143, 189
411483.3.peg.2433.site.60, 1, 150, 151
411483.3.peg.2433.site.61, 2, 147, 149
411483.3.peg.2433.site.62, 1, 149, 150
411483.3.peg.2433.site.63, 7, 143, 150
411483.3.peg.2433.site.64, 1, 151, 152
411483.3.peg.2433.site.65, 65, 146, 211
411483.3.peg.2433.site.66, 0, 153, 153
411483.3.peg.2433.site.67, 1, 155, 156
411483.3.peg.2433.site.68, 1, 155, 156
411483.3.peg.2433.site.69, 2, 155, 157
411483.3.peg.2433.site.70, 8, 154, 162
411483.3.peg.2433.site.71, 0, 154, 154
411483.3.peg.2433.site.72, 12, 150, 162
411483.3.peg.2430.site.1, 3, 153, 156
411483.3.peg.2430.site.2, 5, 152, 157
411483.3.peg.2430.site.3, 5, 147, 152
411483.3.peg.2430.site.4, 4, 152, 156
411483.3.peg.2430.site.5, 2, 149, 151
411483.3.peg.2430.site.6, 4, 148, 152
411483.3.peg.2430.site.7, 6, 151, 157
411483.3.peg.2430.site.8, 9, 152, 161
411483.3.peg.2430.site.9, 0, 151, 151
411483.3.peg.2430.site.10, 2, 150, 152
411483.3.peg.2430.site.11, 1, 149, 150
411483.3.peg.2430.site.12, 5, 143, 148
411483.3.peg.2430.site.13, 1, 148, 149
411483.3.peg.2430.site.14, 3, 151, 154
411483.3.peg.2430.site.15, 9, 152, 161
411483.3.peg.2430.site.16, 2, 152, 154
411483.3.peg.2430.site.17, 13, 146, 159
411483.3.peg.2430.site.18, 3, 150, 153
411483.3.peg.2430.site.19, 4, 149, 153
411483.3.peg.2430.site.20, 4, 152, 156
411483.3.peg.2430.site.21, 6, 148, 154
411483.3.peg.2430.site.22, 8, 148, 156
411483.3.peg.2430.site.23, 2, 152, 154
411483.3.peg.2430.site.24, 6, 152, 158
411483.3.peg.2430.site.25, 0, 151, 151
411483.3.peg.2430.site.26, 0, 151, 151
411483.3.peg.2430.site.27, 4, 150, 154
411483.3.peg.2430.site.28, 1, 152, 153
411483.3.peg.2430.site.29, 5, 152, 157
411483.3.peg.2430.site.30, 138, 146, 284
411483.3.peg.2430.site.31, 2, 150, 152
411483.3.peg.2430.site.32, 2, 147, 149
411483.3.peg.2430.site.33, 0, 149, 149
411483.3.peg.2430.site.34, 0, 143, 143
411483.3.peg.2430.site.35, 116, 137, 253
411483.3.peg.2430.site.36, 54, 134, 188
411483.3.peg.2430.site.37, 2, 145, 147
411483.3.peg.2430.site.38, 5, 140, 145
411483.3.peg.2430.site.39, 9, 144, 153
411483.3.peg.2430.site.40, 6, 146, 152
411483.3.peg.2430.site.41, 1, 150, 151
411483.3.peg.2430.site.42, 126, 146, 272
411483.3.peg.2430.site.43, 13, 146, 159
411483.3.peg.2430.site.44, 10, 149, 159
411483.3.peg.2430.site.45, 2, 154, 156
411483.3.peg.2430.site.46, 2, 150, 152
411483.3.peg.2430.site.47, 6, 150, 156
411483.3.peg.2430.site.48, 3, 154, 157
411483.3.peg.2430.site.49, 2, 152, 154
411483.3.peg.2430.site.50, 4, 152, 156
411483.3.peg.2430.site.51, 3, 149, 152
411483.3.peg.2430.site.52, 3, 151, 154
411483.3.peg.2430.site.53, 4, 151, 155
411483.3.peg.2430.site.54, 2, 148, 150
411483.3.peg.2430.site.55, 4, 152, 156
411483.3.peg.2430.site.56, 0, 143, 143
411483.3.peg.2430.site.57, 4, 146, 150
411483.3.peg.2430.site.58, 16, 146, 162
411483.3.peg.2430.site.59, 14, 149, 163
411483.3.peg.2430.site.60, 1, 152, 153
411483.3.peg.2430.site.61, 13, 146, 159
411483.3.peg.2430.site.62, 1, 153, 154
411483.3.peg.2431.site.1, 2, 147, 149
411483.3.peg.2431.site.2, 2, 147, 149
411483.3.peg.2431.site.3, 1, 144, 145
411483.3.peg.2431.site.4, 3, 147, 150
411483.3.peg.2431.site.5, 13, 140, 153
411483.3.peg.2431.site.6, 2, 137, 139
411483.3.peg.2431.site.7, 1, 128, 129
411483.3.peg.2431.site.8, 3, 134, 137
411483.3.peg.2431.site.9, 31, 129, 160
411483.3.peg.2431.site.10, 6, 132, 138
411483.3.peg.2431.site.11, 3, 141, 144
411483.3.peg.2431.site.12, 2, 137, 139
411483.3.peg.2431.site.13, 0, 137, 137
411483.3.peg.2431.site.14, 5, 118, 123
411483.3.peg.2431.site.15, 2, 118, 120
411483.3.peg.2431.site.16, 108, 120, 228
411483.3.peg.2431.site.17, 2, 120, 122
411483.3.peg.2431.site.18, 0, 121, 121
411483.3.peg.2431.site.19, 28, 122, 150
411483.3.peg.2431.site.20, 0, 134, 134
411483.3.peg.2431.site.21, 3, 136, 139
411483.3.peg.2431.site.22, 8, 139, 147
411483.3.peg.2431.site.23, 4, 145, 149
411483.3.peg.2431.site.24, 92, 133, 225
411483.3.peg.2431.site.25, 3, 144, 147
411483.3.peg.2431.site.26, 97, 139, 236
411483.3.peg.2431.site.27, 99, 133, 232
411483.3.peg.2431.site.28, 9, 140, 149
411483.3.peg.2431.site.29, 1, 144, 145
411483.3.peg.2431.site.30, 7, 143, 150
411483.3.peg.2431.site.31, 1, 141, 142
411483.3.peg.2431.site.32, 4, 138, 142
411483.3.peg.2431.site.33, 8, 125, 133
411483.3.peg.2431.site.34, 138, 143, 281
411483.3.peg.2431.site.35, 2, 145, 147
411483.3.peg.2431.site.36, 10, 146, 156
411483.3.peg.2431.site.37, 2, 146, 148
411483.3.peg.2431.site.38, 0, 149, 149
411483.3.peg.2431.site.39, 19, 147, 166
411483.3.peg.2431.site.40, 26, 142, 168
411483.3.peg.2431.site.41, 2, 148, 150
411483.3.peg.2431.site.42, 0, 141, 141
411483.3.peg.2431.site.43, 1, 147, 148
411483.3.peg.2431.site.44, 2, 150, 152
411483.3.peg.2431.site.45, 1, 149, 150
411483.3.peg.2431.site.46, 4, 152, 156
411483.3.peg.2431.site.47, 4, 150, 154
411483.3.peg.2431.site.48, 8, 146, 154
411483.3.peg.2431.site.49, 112, 146, 258
411483.3.peg.2431.site.50, 2, 147, 149
411483.3.peg.2431.site.51, 2, 148, 150
411483.3.peg.2431.site.52, 3, 150, 153
411483.3.peg.2431.site.53, 9, 149, 158
411483.3.peg.2431.site.54, 4, 149, 153
411483.3.peg.2431.site.55, 1, 149, 150
411483.3.peg.2431.site.56, 129, 150, 279
411483.3.peg.2431.site.57, 3, 149, 152
411483.3.peg.2431.site.58, 5, 149, 154
411483.3.peg.2431.site.59, 1, 146, 147
411483.3.peg.2431.site.60, 3, 148, 151
411483.3.peg.2431.site.61, 1, 145, 146
411483.3.peg.2431.site.62, 2, 136, 138
411483.3.peg.2431.site.63, 3, 131, 134
411483.3.peg.2431.site.64, 1, 110, 111
411483.3.peg.2431.site.65, 0, 90, 90
411483.3.peg.2431.site.66, 11, 83, 94
411483.3.peg.2431.site.67, 1, 76, 77
411483.3.peg.2431.site.68, 4, 73, 77
411483.3.peg.2431.site.69, 33, 75, 108
411483.3.peg.2436.site.1, 21, 155, 176
411483.3.peg.2436.site.2, 1, 152, 153
411483.3.peg.2436.site.3, 7, 152, 159
411483.3.peg.2436.site.4, 2, 153, 155
411483.3.peg.2436.site.5, 1, 155, 156
411483.3.peg.2436.site.6, 9, 153, 162
411483.3.peg.2436.site.7, 6, 154, 160
411483.3.peg.2436.site.8, 155, 155, 310
411483.3.peg.2436.site.9, 151, 153, 304
411483.3.peg.2436.site.10, 6, 150, 156
411483.3.peg.2436.site.11, 0, 150, 150
411483.3.peg.2436.site.12, 1, 139, 140
411483.3.peg.2436.site.13, 5, 151, 156
411483.3.peg.2436.site.14, 130, 148, 278
411483.3.peg.2436.site.15, 1, 153, 154
411483.3.peg.2436.site.16, 13, 151, 164
411483.3.peg.2436.site.17, 1, 151, 152
411483.3.peg.2436.site.18, 10, 144, 154
411483.3.peg.2436.site.19, 1, 153, 154
411483.3.peg.2436.site.20, 4, 153, 157
411483.3.peg.2436.site.21, 36, 142, 178
411483.3.peg.2436.site.22, 3, 150, 153
411483.3.peg.2436.site.23, 1, 136, 137
411483.3.peg.2436.site.24, 6, 138, 144
411483.3.peg.2436.site.25, 14, 140, 154
411483.3.peg.2436.site.26, 0, 137, 137
411483.3.peg.2436.site.27, 1, 139, 140
411483.3.peg.2436.site.28, 2, 129, 131
411483.3.peg.2436.site.29, 1, 135, 136
411483.3.peg.2436.site.30, 2, 134, 136
411483.3.peg.2436.site.31, 123, 127, 250
411483.3.peg.2436.site.32, 0, 134, 134
411483.3.peg.2436.site.33, 2, 138, 140
411483.3.peg.2436.site.34, 7, 141, 148
411483.3.peg.2436.site.35, 4, 124, 128
411483.3.peg.2436.site.36, 1, 123, 124
411483.3.peg.2436.site.37, 4, 109, 113
411483.3.peg.2436.site.38, 2, 109, 111
411483.3.peg.2436.site.39, 10, 112, 122
411483.3.peg.2436.site.40, 1, 127, 128
411483.3.peg.2436.site.41, 4, 125, 129
411483.3.peg.2436.site.42, 0, 130, 130
411483.3.peg.2436.site.43, 11, 123, 134
411483.3.peg.2436.site.44, 1, 134, 135
411483.3.peg.2436.site.45, 0, 140, 140
411483.3.peg.2436.site.46, 2, 149, 151
411483.3.peg.2436.site.47, 1, 151, 152
411483.3.peg.2436.site.48, 4, 150, 154
411483.3.peg.2436.site.49, 2, 149, 151
411483.3.peg.2436.site.50, 9, 141, 150
411483.3.peg.2436.site.51, 3, 147, 150
411483.3.peg.2436.site.52, 54, 136, 190
411483.3.peg.2436.site.53, 72, 127, 199
411483.3.peg.2436.site.54, 1, 139, 140
411483.3.peg.2436.site.55, 0, 139, 139
411483.3.peg.2436.site.56, 2, 131, 133
411483.3.peg.2436.site.57, 29, 132, 161
411483.3.peg.2436.site.58, 28, 134, 162
411483.3.peg.2436.site.59, 6, 140, 146
411483.3.peg.2436.site.60, 2, 144, 146
411483.3.peg.2436.site.61, 1, 146, 147
411483.3.peg.2436.site.62, 12, 141, 153
411483.3.peg.2436.site.63, 2, 146, 148
411483.3.peg.2436.site.64, 1, 141, 142
411483.3.peg.2436.site.65, 1, 142, 143
411483.3.peg.2436.site.66, 4, 146, 150
411483.3.peg.2436.site.67, 9, 142, 151
411483.3.peg.2436.site.68, 19, 137, 156
411483.3.peg.2436.site.69, 2, 146, 148
411483.3.peg.2436.site.70, 46, 124, 170
411483.3.peg.2436.site.71, 4, 140, 144
411483.3.peg.2436.site.72, 10, 139, 149
411483.3.peg.2436.site.73, 4, 143, 147
411483.3.peg.2436.site.74, 40, 136, 176
411483.3.peg.2436.site.75, 13, 150, 163
411483.3.peg.2436.site.76, 2, 142, 144
411483.3.peg.2436.site.77, 10, 152, 162
411483.3.peg.2436.site.78, 33, 143, 176
411483.3.peg.2436.site.79, 1, 149, 150
411483.3.peg.2436.site.80, 8, 146, 154
411483.3.peg.2436.site.81, 5, 144, 149
411483.3.peg.2436.site.82, 1, 140, 141
411483.3.peg.2436.site.83, 5, 143, 148
411483.3.peg.2436.site.84, 3, 149, 152
411483.3.peg.2436.site.85, 20, 149, 169
411483.3.peg.2436.site.86, 1, 150, 151
411483.3.peg.2437.site.1, 68, 144, 212
411483.3.peg.2437.site.2, 7, 146, 153
411483.3.peg.2437.site.3, 0, 149, 149
411483.3.peg.2437.site.4, 10, 146, 156
411483.3.peg.2437.site.5, 6, 144, 150
411483.3.peg.2437.site.6, 2, 147, 149
411483.3.peg.2437.site.7, 48, 133, 181
411483.3.peg.2437.site.8, 84, 130, 214
411483.3.peg.2437.site.9, 3, 145, 148
411483.3.peg.2437.site.10, 0, 146, 146
411483.3.peg.2437.site.11, 40, 141, 181
411483.3.peg.2437.site.12, 8, 152, 160
411483.3.peg.2437.site.13, 75, 136, 211
411483.3.peg.2437.site.14, 34, 142, 176
411483.3.peg.2437.site.15, 0, 147, 147
411483.3.peg.2437.site.16, 9, 151, 160
411483.3.peg.2437.site.17, 3, 148, 151
411483.3.peg.2437.site.18, 5, 146, 151
411483.3.peg.2437.site.19, 17, 140, 157
411483.3.peg.2437.site.20, 11, 142, 153
411483.3.peg.2437.site.21, 1, 144, 145
411483.3.peg.2437.site.22, 15, 134, 149
411483.3.peg.2437.site.23, 1, 148, 149
411483.3.peg.2437.site.24, 4, 151, 155
411483.3.peg.2437.site.25, 1, 153, 154
411483.3.peg.2437.site.26, 3, 153, 156
411483.3.peg.2437.site.27, 0, 153, 153
411483.3.peg.2437.site.28, 1, 154, 155
411483.3.peg.2437.site.29, 55, 151, 206
411483.3.peg.2437.site.30, 24, 150, 174
411483.3.peg.2437.site.31, 18, 148, 166
411483.3.peg.2437.site.32, 49, 141, 190
411483.3.peg.2437.site.33, 1, 153, 154
411483.3.peg.2437.site.34, 89, 138, 227
411483.3.peg.2437.site.35, 4, 152, 156
411483.3.peg.2437.site.36, 61, 145, 206
411483.3.peg.2437.site.37, 61, 148, 209
411483.3.peg.2437.site.38, 3, 152, 155
411483.3.peg.2437.site.39, 0, 152, 152
411483.3.peg.2437.site.40, 112, 141, 253
411483.3.peg.2437.site.41, 3, 144, 147
411483.3.peg.2434.site.1, 0, 152, 152
411483.3.peg.2434.site.2, 35, 149, 184
411483.3.peg.2434.site.3, 120, 147, 267
411483.3.peg.2434.site.4, 1, 155, 156
411483.3.peg.2434.site.5, 2, 152, 154
411483.3.peg.2434.site.6, 0, 153, 153
411483.3.peg.2434.site.7, 8, 153, 161
411483.3.peg.2434.site.8, 2, 155, 157
411483.3.peg.2434.site.9, 1, 155, 156
411483.3.peg.2434.site.10, 1, 153, 154
411483.3.peg.2434.site.11, 0, 154, 154
411483.3.peg.2434.site.12, 9, 153, 162
411483.3.peg.2434.site.13, 1, 155, 156
411483.3.peg.2434.site.14, 1, 154, 155
411483.3.peg.2434.site.15, 4, 154, 158
411483.3.peg.2434.site.16, 126, 145, 271
411483.3.peg.2434.site.17, 10, 152, 162
411483.3.peg.2434.site.18, 0, 151, 151
411483.3.peg.2434.site.19, 2, 152, 154
411483.3.peg.2434.site.20, 24, 147, 171
411483.3.peg.2434.site.21, 3, 149, 152
411483.3.peg.2434.site.22, 1, 149, 150
411483.3.peg.2434.site.23, 1, 145, 146
411483.3.peg.2434.site.24, 1, 149, 150
411483.3.peg.2434.site.25, 2, 151, 153
411483.3.peg.2434.site.26, 1, 151, 152
411483.3.peg.2434.site.27, 0, 146, 146
411483.3.peg.2434.site.28, 2, 150, 152
411483.3.peg.2434.site.29, 1, 152, 153
411483.3.peg.2434.site.30, 40, 144, 184
411483.3.peg.2434.site.31, 1, 152, 153
411483.3.peg.2434.site.32, 0, 153, 153
411483.3.peg.2434.site.33, 1, 155, 156
411483.3.peg.2434.site.34, 1, 153, 154
411483.3.peg.2434.site.35, 1, 153, 154
411483.3.peg.2434.site.36, 5, 146, 151
411483.3.peg.2434.site.37, 7, 147, 154
411483.3.peg.2434.site.38, 1, 150, 151
411483.3.peg.2434.site.39, 10, 148, 158
411483.3.peg.2434.site.40, 22, 144, 166
411483.3.peg.2434.site.41, 40, 141, 181
411483.3.peg.2434.site.42, 10, 144, 154
411483.3.peg.2434.site.43, 8, 136, 144
411483.3.peg.2434.site.44, 62, 132, 194
411483.3.peg.2434.site.45, 3, 145, 148
411483.3.peg.2434.site.46, 22, 136, 158
411483.3.peg.2434.site.47, 48, 131, 179
411483.3.peg.2434.site.48, 0, 144, 144
411483.3.peg.2434.site.49, 8, 145, 153
411483.3.peg.2434.site.50, 19, 135, 154
411483.3.peg.2434.site.51, 20, 137, 157
411483.3.peg.2434.site.52, 69, 134, 203
411483.3.peg.2434.site.53, 1, 148, 149
411483.3.peg.2434.site.54, 32, 146, 178
411483.3.peg.2434.site.55, 89, 142, 231
411483.3.peg.2434.site.56, 0, 151, 151
411483.3.peg.2434.site.57, 0, 154, 154
411483.3.peg.2434.site.58, 28, 141, 169
411483.3.peg.2434.site.59, 0, 150, 150
411483.3.peg.2434.site.60, 2, 155, 157
411483.3.peg.2434.site.61, 1, 154, 155
411483.3.peg.2434.site.62, 63, 144, 207
411483.3.peg.2434.site.63, 65, 143, 208
411483.3.peg.2434.site.64, 2, 153, 155
411483.3.peg.2434.site.65, 4, 154, 158
411483.3.peg.2434.site.66, 1, 153, 154
411483.3.peg.2434.site.67, 1, 153, 154
411483.3.peg.2435.site.1, 0, 141, 141
411483.3.peg.2435.site.2, 6, 123, 129
411483.3.peg.2435.site.3, 34, 114, 148
411483.3.peg.2435.site.4, 0, 133, 133
411483.3.peg.2435.site.5, 1, 130, 131
411483.3.peg.2435.site.6, 2, 123, 125
411483.3.peg.2435.site.7, 26, 119, 145
411483.3.peg.2435.site.8, 41, 111, 152
411483.3.peg.2435.site.9, 27, 128, 155
411483.3.peg.2435.site.10, 3, 143, 146
411483.3.peg.2435.site.11, 20, 135, 155
411483.3.peg.2435.site.12, 4, 144, 148
411483.3.peg.2435.site.13, 2, 146, 148
411483.3.peg.2435.site.14, 2, 152, 154
411483.3.peg.2435.site.15, 6, 153, 159
411483.3.peg.2435.site.16, 1, 155, 156
411483.3.peg.2435.site.17, 22, 152, 174
411483.3.peg.2435.site.18, 31, 152, 183
411483.3.peg.2435.site.19, 2, 153, 155
411483.3.peg.2435.site.20, 3, 155, 158
411483.3.peg.2435.site.21, 0, 154, 154
411483.3.peg.2435.site.22, 4, 150, 154
411483.3.peg.2435.site.23, 2, 152, 154
411483.3.peg.2435.site.24, 5, 154, 159
411483.3.peg.2435.site.25, 10, 153, 163
411483.3.peg.2435.site.26, 39, 151, 190
411483.3.peg.2435.site.27, 1, 153, 154
411483.3.peg.2435.site.28, 9, 154, 163
411483.3.peg.2435.site.29, 1, 154, 155
411483.3.peg.2435.site.30, 138, 146, 284
411483.3.peg.2435.site.31, 1, 153, 154
411483.3.peg.2435.site.32, 0, 150, 150
411483.3.peg.2435.site.33, 10, 151, 161
411483.3.peg.2435.site.34, 0, 152, 152
411483.3.peg.2435.site.35, 127, 142, 269
411483.3.peg.2435.site.36, 136, 145, 281
411483.3.peg.2435.site.37, 0, 147, 147
411483.3.peg.2435.site.38, 3, 149, 152
411483.3.peg.2435.site.39, 4, 148, 152
411483.3.peg.2435.site.40, 1, 148, 149
411483.3.peg.2435.site.41, 1, 143, 144
411483.3.peg.2435.site.42, 1, 148, 149
411483.3.peg.2435.site.43, 0, 146, 146
411483.3.peg.2435.site.44, 13, 146, 159
411483.3.peg.2435.site.45, 4, 149, 153
411483.3.peg.2435.site.46, 5, 149, 154
411483.3.peg.2435.site.47, 14, 145, 159
411483.3.peg.2435.site.48, 1, 152, 153
411483.3.peg.2435.site.49, 0, 150, 150
411483.3.peg.2435.site.50, 4, 147, 151
411483.3.peg.2435.site.51, 2, 147, 149
411483.3.peg.2435.site.52, 1, 148, 149
411483.3.peg.2435.site.53, 10, 140, 150
411483.3.peg.2435.site.54, 6, 142, 148
411483.3.peg.2435.site.55, 10, 148, 158
411483.3.peg.2435.site.56, 0, 152, 152
411483.3.peg.2435.site.57, 8, 149, 157
411483.3.peg.2435.site.58, 1, 153, 154
411483.3.peg.2435.site.59, 1, 155, 156
411483.3.peg.1727.site.1, 1, 153, 154
411483.3.peg.1727.site.2, 20, 151, 171
411483.3.peg.1727.site.3, 1, 153, 154
411483.3.peg.1727.site.4, 10, 152, 162
411483.3.peg.1727.site.5, 0, 153, 153
411483.3.peg.1727.site.6, 2, 153, 155
411483.3.peg.1727.site.7, 3, 150, 153
411483.3.peg.1727.site.8, 1, 149, 150
411483.3.peg.1727.site.9, 0, 151, 151
411483.3.peg.1727.site.10, 1, 152, 153
411483.3.peg.1727.site.11, 4, 151, 155
411483.3.peg.1727.site.12, 2, 150, 152
411483.3.peg.1727.site.13, 1, 153, 154
411483.3.peg.1727.site.14, 136, 146, 282
411483.3.peg.1727.site.15, 6, 154, 160
411483.3.peg.1727.site.16, 3, 153, 156
411483.3.peg.1727.site.17, 4, 155, 159
411483.3.peg.1727.site.18, 8, 153, 161
411483.3.peg.1727.site.19, 1, 155, 156
411483.3.peg.1727.site.20, 10, 153, 163
411483.3.peg.1727.site.21, 13, 149, 162
411483.3.peg.1727.site.22, 7, 147, 154
411483.3.peg.1727.site.23, 8, 151, 159
411483.3.peg.1727.site.24, 1, 153, 154
411483.3.peg.1727.site.25, 7, 147, 154
411483.3.peg.1727.site.26, 0, 151, 151
411483.3.peg.1727.site.27, 0, 154, 154
411483.3.peg.1727.site.28, 4, 151, 155
411483.3.peg.1727.site.29, 5, 150, 155
411483.3.peg.1727.site.30, 5, 150, 155
411483.3.peg.1727.site.31, 9, 152, 161
411483.3.peg.1727.site.32, 2, 151, 153
411483.3.peg.1727.site.33, 0, 151, 151
411483.3.peg.1727.site.34, 13, 152, 165
411483.3.peg.1727.site.35, 0, 151, 151
411483.3.peg.1727.site.36, 6, 151, 157
411483.3.peg.1727.site.37, 1, 149, 150
411483.3.peg.1727.site.38, 4, 151, 155
411483.3.peg.1727.site.39, 80, 134, 214
411483.3.peg.1727.site.40, 11, 150, 161
411483.3.peg.1727.site.41, 1, 150, 151
411483.3.peg.1727.site.42, 2, 152, 154
411483.3.peg.1727.site.43, 1, 150, 151
411483.3.peg.1727.site.44, 24, 149, 173
411483.3.peg.1727.site.45, 0, 154, 154
411483.3.peg.1727.site.46, 1, 155, 156
411483.3.peg.1727.site.47, 1, 155, 156
411483.3.peg.1727.site.48, 2, 152, 154
411483.3.peg.1727.site.49, 41, 147, 188
411483.3.peg.1727.site.50, 132, 149, 281
411483.3.peg.1727.site.51, 1, 155, 156
411483.3.peg.1727.site.52, 1, 154, 155
411483.3.peg.1727.site.53, 3, 153, 156
411483.3.peg.1727.site.54, 13, 151, 164
411483.3.peg.1727.site.55, 1, 153, 154
411483.3.peg.1727.site.56, 0, 152, 152
411483.3.peg.1727.site.57, 5, 152, 157
411483.3.peg.1727.site.58, 0, 154, 154
411483.3.peg.1727.site.59, 0, 153, 153
411483.3.peg.1727.site.60, 4, 153, 157
411483.3.peg.1727.site.61, 1, 155, 156
411483.3.peg.1727.site.62, 1, 152, 153
411483.3.peg.1727.site.63, 5, 151, 156
411483.3.peg.1727.site.64, 28, 146, 174
411483.3.peg.1727.site.65, 0, 153, 153
411483.3.peg.1727.site.66, 47, 143, 190
411483.3.peg.1727.site.67, 4, 151, 155
411483.3.peg.1727.site.68, 1, 155, 156
411483.3.peg.1727.site.69, 36, 142, 178
411483.3.peg.1727.site.70, 1, 155, 156
411483.3.peg.1727.site.71, 1, 154, 155
411483.3.peg.1727.site.72, 11, 149, 160
411483.3.peg.1727.site.73, 1, 155, 156
411483.3.peg.1727.site.74, 2, 154, 156
411483.3.peg.1727.site.75, 8, 153, 161
411483.3.peg.1727.site.76, 13, 148, 161
411483.3.peg.1727.site.77, 0, 150, 150
411483.3.peg.1727.site.78, 2, 152, 154
411483.3.peg.1727.site.79, 1, 148, 149
411483.3.peg.1727.site.80, 1, 148, 149
411483.3.peg.1727.site.81, 20, 139, 159
411483.3.peg.1727.site.82, 0, 143, 143
411483.3.peg.1727.site.83, 1, 148, 149
411483.3.peg.1727.site.84, 20, 145, 165
411483.3.peg.1727.site.85, 17, 138, 155
411483.3.peg.1727.site.86, 8, 130, 138
411483.3.peg.1727.site.87, 50, 123, 173
411483.3.peg.1727.site.88, 4, 139, 143
411483.3.peg.1727.site.89, 53, 125, 178
411483.3.peg.1727.site.90, 60, 120, 180
411483.3.peg.1727.site.91, 1, 123, 124
411483.3.peg.1727.site.92, 1, 145, 146
411483.3.peg.1727.site.93, 40, 141, 181
411483.3.peg.1727.site.94, 7, 147, 154
411483.3.peg.1727.site.95, 15, 148, 163
411483.3.peg.1727.site.96, 2, 146, 148
411483.3.peg.1727.site.97, 1, 152, 153
411483.3.peg.1727.site.98, 45, 134, 179
411483.3.peg.1727.site.99, 10, 151, 161
411483.3.peg.1727.site.100, 84, 138, 222
411483.3.peg.1727.site.101, 7, 149, 156
411483.3.peg.1727.site.102, 1, 153, 154
411483.3.peg.1727.site.103, 0, 153, 153
411483.3.peg.2652.site.1, 131, 144, 275
411483.3.peg.2652.site.2, 124, 140, 264
411483.3.peg.2652.site.3, 19, 145, 164
411483.3.peg.2652.site.4, 5, 152, 157
411483.3.peg.2652.site.5, 0, 151, 151
411483.3.peg.2652.site.6, 60, 134, 194
411483.3.peg.2652.site.7, 3, 149, 152
411483.3.peg.2652.site.8, 25, 146, 171
411483.3.peg.2652.site.9, 9, 151, 160
411483.3.peg.2652.site.10, 15, 143, 158
411483.3.peg.2652.site.11, 2, 153, 155
411483.3.peg.2652.site.12, 21, 146, 167
411483.3.peg.2652.site.13, 0, 152, 152
411483.3.peg.2652.site.14, 0, 151, 151
411483.3.peg.2652.site.15, 4, 152, 156
411483.3.peg.2652.site.16, 0, 153, 153
411483.3.peg.2652.site.17, 0, 151, 151
411483.3.peg.2652.site.18, 8, 153, 161
411483.3.peg.2652.site.19, 0, 153, 153
411483.3.peg.2652.site.20, 85, 141, 226
411483.3.peg.2652.site.21, 1, 153, 154
411483.3.peg.2652.site.22, 0, 154, 154
411483.3.peg.2652.site.23, 16, 149, 165
411483.3.peg.2652.site.24, 75, 144, 219
411483.3.peg.2652.site.25, 49, 149, 198
411483.3.peg.2652.site.26, 22, 151, 173
411483.3.peg.2652.site.27, 1, 154, 155
411483.3.peg.2652.site.28, 12, 150, 162
411483.3.peg.2652.site.29, 5, 151, 156
411483.3.peg.2652.site.30, 2, 149, 151
411483.3.peg.2652.site.31, 5, 145, 150
411483.3.peg.2652.site.32, 148, 153, 301
411483.3.peg.2652.site.33, 1, 151, 152
411483.3.peg.2652.site.34, 9, 145, 154
411483.3.peg.2652.site.35, 10, 152, 162
411483.3.peg.2652.site.36, 2, 154, 156
411483.3.peg.2652.site.37, 6, 151, 157
411483.3.peg.2652.site.38, 6, 151, 157
411483.3.peg.2652.site.39, 1, 154, 155
411483.3.peg.2652.site.40, 1, 155, 156
411483.3.peg.2652.site.41, 0, 154, 154
411483.3.peg.2652.site.42, 23, 146, 169
411483.3.peg.2652.site.43, 2, 154, 156
411483.3.peg.2652.site.44, 3, 155, 158
411483.3.peg.2652.site.45, 0, 153, 153
411483.3.peg.2652.site.46, 2, 155, 157
411483.3.peg.2652.site.47, 10, 149, 159
411483.3.peg.2652.site.48, 153, 153, 306
411483.3.peg.2652.site.49, 39, 141, 180
411483.3.peg.2652.site.50, 3, 147, 150
411483.3.peg.2652.site.51, 85, 130, 215
411483.3.peg.2652.site.52, 30, 132, 162
411483.3.peg.2652.site.53, 88, 128, 216
411483.3.peg.2652.site.54, 2, 140, 142
411483.3.peg.2652.site.55, 9, 139, 148
411483.3.peg.2652.site.56, 4, 141, 145
411483.3.peg.2652.site.57, 1, 150, 151
411483.3.peg.2652.site.58, 2, 150, 152
411483.3.peg.2652.site.59, 59, 140, 199
411483.3.peg.2652.site.60, 3, 147, 150
411483.3.peg.2652.site.61, 22, 140, 162
411483.3.peg.2652.site.62, 3, 155, 158
411483.3.peg.2652.site.63, 1, 153, 154
411483.3.peg.2652.site.64, 3, 149, 152
411483.3.peg.2652.site.65, 67, 139, 206
411483.3.peg.2652.site.66, 44, 138, 182
411483.3.peg.2652.site.67, 0, 153, 153
411483.3.peg.2652.site.68, 2, 153, 155
411483.3.peg.2652.site.69, 17, 151, 168
411483.3.peg.2652.site.70, 17, 145, 162
411483.3.peg.2652.site.71, 6, 152, 158
411483.3.peg.2652.site.72, 3, 153, 156
411483.3.peg.2652.site.73, 1, 151, 152
411483.3.peg.2652.site.74, 5, 153, 158
411483.3.peg.2652.site.75, 90, 145, 235
411483.3.peg.2652.site.76, 11, 150, 161
411483.3.peg.2652.site.77, 1, 151, 152
411483.3.peg.2652.site.78, 3, 151, 154
411483.3.peg.2652.site.79, 1, 153, 154
411483.3.peg.2652.site.80, 14, 143, 157
411483.3.peg.2652.site.81, 2, 153, 155
411483.3.peg.2652.site.82, 99, 139, 238
411483.3.peg.2652.site.83, 112, 143, 255
411483.3.peg.2652.site.84, 28, 140, 168
411483.3.peg.2652.site.85, 36, 135, 171
411483.3.peg.2652.site.86, 1, 135, 136
411483.3.peg.2652.site.87, 42, 125, 167
411483.3.peg.2652.site.88, 12, 140, 152
411483.3.peg.2652.site.89, 4, 143, 147
411483.3.peg.2652.site.90, 73, 142, 215
411483.3.peg.2652.site.91, 3, 144, 147
411483.3.peg.2652.site.92, 1, 143, 144
411483.3.peg.2652.site.93, 42, 137, 179
411483.3.peg.2652.site.94, 5, 146, 151
411483.3.peg.2652.site.95, 2, 152, 154
411483.3.peg.2652.site.96, 4, 148, 152
411483.3.peg.2652.site.97, 20, 146, 166
411483.3.peg.2650.site.1, 2, 126, 128
411483.3.peg.2650.site.2, 3, 127, 130
411483.3.peg.2650.site.3, 5, 123, 128
411483.3.peg.2650.site.4, 139, 148, 287
411483.3.peg.2650.site.5, 26, 147, 173
411483.3.peg.2650.site.6, 14, 140, 154
411483.3.peg.2650.site.7, 3, 148, 151
411483.3.peg.2650.site.8, 35, 138, 173
411483.3.peg.2650.site.9, 3, 149, 152
411483.3.peg.2650.site.10, 3, 147, 150
411483.3.peg.2650.site.11, 2, 147, 149
411483.3.peg.2650.site.12, 2, 148, 150
411483.3.peg.2650.site.13, 3, 153, 156
411483.3.peg.2650.site.14, 0, 148, 148
411483.3.peg.2650.site.15, 2, 142, 144
411483.3.peg.2650.site.16, 12, 147, 159
411483.3.peg.2650.site.17, 1, 149, 150
411483.3.peg.2650.site.18, 6, 154, 160
411483.3.peg.2650.site.19, 2, 148, 150
411483.3.peg.2650.site.20, 5, 150, 155
411483.3.peg.2650.site.21, 14, 145, 159
411483.3.peg.2650.site.22, 0, 150, 150
411483.3.peg.2650.site.23, 1, 150, 151
411483.3.peg.2650.site.24, 0, 152, 152
411483.3.peg.2650.site.25, 47, 141, 188
411483.3.peg.2650.site.26, 2, 150, 152
411483.3.peg.2650.site.27, 1, 147, 148
411483.3.peg.2650.site.28, 149, 152, 301
411483.3.peg.2650.site.29, 1, 151, 152
411483.3.peg.2650.site.30, 6, 146, 152
411483.3.peg.2650.site.31, 70, 137, 207
411483.3.peg.2650.site.32, 10, 151, 161
411483.3.peg.2650.site.33, 1, 151, 152
411483.3.peg.2650.site.34, 6, 151, 157
411483.3.peg.2650.site.35, 15, 142, 157
411483.3.peg.2650.site.36, 143, 149, 292
411483.3.peg.2650.site.37, 2, 137, 139
411483.3.peg.2650.site.38, 3, 147, 150
411483.3.peg.2650.site.39, 1, 146, 147
411483.3.peg.2650.site.40, 1, 146, 147
411483.3.peg.2650.site.41, 1, 142, 143
411483.3.peg.2650.site.42, 135, 136, 271
411483.3.peg.2650.site.43, 4, 134, 138
411483.3.peg.2650.site.44, 4, 136, 140
411483.3.peg.2650.site.45, 4, 139, 143
411483.3.peg.2650.site.46, 0, 123, 123
411483.3.peg.2650.site.47, 3, 112, 115
411483.3.peg.2650.site.48, 1, 143, 144
411483.3.peg.2650.site.49, 1, 142, 143
411483.3.peg.2650.site.50, 6, 145, 151
411483.3.peg.2650.site.51, 3, 148, 151
411483.3.peg.2650.site.52, 3, 145, 148
411483.3.peg.2650.site.53, 4, 141, 145
411483.3.peg.2650.site.54, 1, 141, 142
411483.3.peg.2650.site.55, 4, 144, 148
411483.3.peg.2650.site.56, 3, 149, 152
411483.3.peg.2650.site.57, 0, 152, 152
411483.3.peg.2650.site.58, 0, 151, 151
411483.3.peg.2650.site.59, 3, 148, 151
411483.3.peg.2650.site.60, 1, 152, 153
411483.3.peg.2650.site.61, 28, 145, 173
411483.3.peg.2650.site.62, 26, 145, 171
411483.3.peg.2650.site.63, 0, 152, 152
411483.3.peg.2650.site.64, 0, 152, 152
411483.3.peg.2650.site.65, 3, 152, 155
411483.3.peg.2650.site.66, 10, 147, 157
411483.3.peg.2650.site.67, 4, 147, 151
411483.3.peg.2650.site.68, 1, 149, 150
411483.3.peg.2650.site.69, 0, 150, 150
411483.3.peg.2650.site.70, 0, 147, 147
411483.3.peg.2650.site.71, 3, 154, 157
411483.3.peg.2651.site.1, 55, 104, 159
411483.3.peg.2651.site.2, 3, 112, 115
411483.3.peg.2651.site.3, 13, 123, 136
411483.3.peg.2651.site.4, 7, 143, 150
411483.3.peg.2651.site.5, 3, 144, 147
411483.3.peg.2651.site.6, 6, 139, 145
411483.3.peg.2651.site.7, 0, 141, 141
411483.3.peg.2651.site.8, 0, 133, 133
411483.3.peg.2651.site.9, 1, 121, 122
411483.3.peg.2651.site.10, 0, 143, 143
411483.3.peg.2651.site.11, 3, 148, 151
411483.3.peg.2651.site.12, 3, 151, 154
411483.3.peg.2651.site.13, 1, 152, 153
411483.3.peg.2651.site.14, 3, 150, 153
411483.3.peg.2651.site.15, 1, 150, 151
411483.3.peg.2651.site.16, 0, 148, 148
411483.3.peg.2651.site.17, 2, 149, 151
411483.3.peg.2651.site.18, 43, 138, 181
411483.3.peg.2651.site.19, 1, 148, 149
411483.3.peg.2651.site.20, 4, 145, 149
411483.3.peg.2651.site.21, 1, 146, 147
411483.3.peg.2651.site.22, 3, 130, 133
411483.3.peg.2651.site.23, 2, 148, 150
411483.3.peg.2651.site.24, 1, 142, 143
411483.3.peg.2651.site.25, 1, 145, 146
411483.3.peg.2651.site.26, 3, 146, 149
411483.3.peg.2651.site.27, 149, 149, 298
411483.3.peg.2651.site.28, 7, 150, 157
411483.3.peg.2651.site.29, 4, 147, 151
411483.3.peg.2651.site.30, 4, 153, 157
411483.3.peg.2651.site.31, 3, 148, 151
411483.3.peg.2651.site.32, 9, 150, 159
411483.3.peg.2651.site.33, 1, 152, 153
411483.3.peg.2651.site.34, 137, 147, 284
411483.3.peg.2651.site.35, 1, 152, 153
411483.3.peg.2651.site.36, 23, 143, 166
411483.3.peg.2651.site.37, 11, 140, 151
411483.3.peg.2651.site.38, 0, 153, 153
411483.3.peg.2651.site.39, 0, 149, 149
411483.3.peg.2651.site.40, 116, 141, 257
411483.3.peg.2651.site.41, 13, 149, 162
411483.3.peg.2651.site.42, 61, 147, 208
411483.3.peg.2651.site.43, 5, 153, 158
411483.3.peg.2651.site.44, 111, 149, 260
411483.3.peg.2651.site.45, 3, 153, 156
411483.3.peg.2651.site.46, 1, 152, 153
411483.3.peg.2651.site.47, 51, 144, 195
411483.3.peg.2651.site.48, 1, 153, 154
411483.3.peg.2651.site.49, 5, 149, 154
411483.3.peg.2651.site.50, 40, 141, 181
411483.3.peg.2651.site.51, 65, 132, 197
411483.3.peg.2651.site.52, 11, 141, 152
411483.3.peg.2651.site.53, 4, 147, 151
411483.3.peg.2651.site.54, 5, 153, 158
411483.3.peg.2651.site.55, 0, 148, 148
411483.3.peg.2651.site.56, 33, 137, 170
411483.3.peg.2651.site.57, 21, 143, 164
411483.3.peg.2651.site.58, 1, 146, 147
411483.3.peg.2651.site.59, 6, 144, 150
411483.3.peg.2651.site.60, 1, 152, 153
411483.3.peg.2651.site.61, 3, 150, 153
411483.3.peg.2651.site.62, 0, 152, 152
411483.3.peg.2651.site.63, 4, 153, 157
411483.3.peg.2651.site.64, 1, 154, 155
411483.3.peg.2651.site.65, 1, 154, 155
411483.3.peg.2651.site.66, 85, 141, 226
411483.3.peg.2651.site.67, 2, 148, 150
411483.3.peg.2651.site.68, 3, 149, 152
411483.3.peg.2651.site.69, 1, 145, 146
411483.3.peg.2651.site.70, 1, 146, 147
411483.3.peg.2651.site.71, 2, 147, 149
411483.3.peg.2651.site.72, 3, 146, 149
411483.3.peg.2651.site.73, 3, 148, 151
411483.3.peg.2651.site.74, 3, 147, 150
411483.3.peg.2651.site.75, 1, 147, 148
411483.3.peg.2651.site.76, 86, 138, 224
411483.3.peg.2651.site.77, 5, 140, 145
411483.3.peg.2651.site.78, 61, 133, 194
411483.3.peg.2651.site.79, 4, 140, 144
411483.3.peg.2651.site.80, 1, 137, 138
411483.3.peg.2651.site.81, 6, 132, 138
411483.3.peg.2651.site.82, 78, 130, 208
411483.3.peg.2651.site.83, 11, 123, 134
411483.3.peg.2651.site.84, 1, 130, 131
411483.3.peg.2651.site.85, 0, 142, 142
411483.3.peg.2651.site.86, 1, 148, 149
411483.3.peg.2651.site.87, 1, 147, 148
411483.3.peg.2651.site.88, 4, 149, 153
411483.3.peg.2651.site.89, 6, 150, 156
411483.3.peg.2651.site.90, 132, 148, 280
411483.3.peg.2651.site.91, 1, 147, 148
411483.3.peg.2651.site.92, 2, 147, 149
411483.3.peg.2651.site.93, 4, 146, 150
411483.3.peg.2651.site.94, 5, 148, 153
411483.3.peg.2651.site.95, 3, 145, 148
411483.3.peg.2651.site.96, 2, 146, 148
411483.3.peg.2651.site.97, 3, 146, 149
411483.3.peg.2651.site.98, 3, 153, 156
411483.3.peg.2651.site.99, 0, 152, 152
411483.3.peg.2651.site.100, 4, 155, 159
411483.3.peg.2651.site.101, 3, 148, 151
411483.3.peg.2651.site.102, 4, 155, 159
411483.3.peg.2651.site.103, 4, 151, 155
411483.3.peg.2651.site.104, 23, 146, 169
411483.3.peg.2651.site.105, 2, 153, 155
411483.3.peg.2651.site.106, 11, 152, 163
411483.3.peg.2651.site.107, 4, 152, 156
411483.3.peg.2651.site.108, 6, 148, 154
411483.3.peg.2651.site.109, 108, 121, 229
411483.3.peg.2651.site.110, 12, 129, 141
411483.3.peg.2651.site.111, 103, 129, 232
411483.3.peg.2651.site.112, 10, 130, 140
411483.3.peg.2651.site.113, 9, 141, 150
411483.3.peg.2651.site.114, 33, 143, 176
411483.3.peg.2651.site.115, 114, 144, 258
411483.3.peg.2651.site.116, 20, 144, 164
411483.3.peg.2651.site.117, 4, 152, 156
411483.3.peg.2651.site.118, 3, 155, 158
411483.3.peg.2651.site.119, 6, 154, 160
411483.3.peg.2651.site.120, 5, 150, 155
411483.3.peg.2651.site.121, 1, 151, 152
411483.3.peg.2651.site.122, 4, 152, 156
411483.3.peg.2651.site.123, 1, 154, 155
411483.3.peg.2651.site.124, 69, 134, 203
411483.3.peg.2651.site.125, 3, 141, 144
411483.3.peg.2651.site.126, 9, 139, 148
411483.3.peg.2651.site.127, 1, 141, 142
411483.3.peg.2651.site.128, 93, 127, 220
411483.3.peg.2651.site.129, 32, 127, 159
411483.3.peg.2651.site.130, 2, 139, 141
411483.3.peg.2651.site.131, 3, 140, 143
411483.3.peg.2651.site.132, 1, 141, 142
411483.3.peg.2651.site.133, 3, 141, 144
411483.3.peg.2651.site.134, 21, 138, 159
411483.3.peg.2651.site.135, 27, 146, 173
411483.3.peg.2651.site.136, 2, 144, 146
411483.3.peg.2651.site.137, 13, 134, 147
411483.3.peg.2651.site.138, 12, 140, 152
411483.3.peg.2651.site.139, 2, 132, 134
411483.3.peg.2651.site.140, 1, 136, 137
411483.3.peg.2651.site.141, 0, 136, 136
411483.3.peg.2651.site.142, 2, 132, 134
411483.3.peg.2651.site.143, 10, 129, 139
411483.3.peg.2651.site.144, 114, 133, 247
411483.3.peg.2651.site.145, 9, 139, 148
411483.3.peg.2651.site.146, 1, 146, 147
411483.3.peg.2651.site.147, 27, 143, 170
411483.3.peg.2651.site.148, 3, 147, 150
411483.3.peg.2651.site.149, 1, 150, 151
411483.3.peg.2651.site.150, 1, 150, 151
411483.3.peg.2651.site.151, 8, 147, 155
411483.3.peg.2651.site.152, 1, 152, 153
411483.3.peg.2651.site.153, 6, 149, 155
411483.3.peg.2651.site.154, 1, 149, 150
411483.3.peg.2651.site.155, 2, 154, 156
411483.3.peg.2651.site.156, 0, 155, 155
411483.3.peg.2651.site.157, 1, 153, 154
411483.3.peg.2651.site.158, 9, 153, 162
411483.3.peg.2656.site.1, 1, 135, 136
411483.3.peg.2656.site.2, 1, 136, 137
411483.3.peg.2656.site.3, 2, 140, 142
411483.3.peg.2656.site.4, 4, 143, 147
411483.3.peg.2656.site.5, 2, 140, 142
411483.3.peg.2656.site.6, 1, 138, 139
411483.3.peg.2656.site.7, 24, 139, 163
411483.3.peg.2656.site.8, 3, 142, 145
411483.3.peg.2656.site.9, 5, 142, 147
411483.3.peg.2656.site.10, 4, 146, 150
411483.3.peg.2656.site.11, 2, 147, 149
411483.3.peg.2656.site.12, 2, 150, 152
411483.3.peg.2656.site.13, 15, 148, 163
411483.3.peg.2656.site.14, 4, 152, 156
411483.3.peg.2656.site.15, 2, 150, 152
411483.3.peg.2656.site.16, 1, 152, 153
411483.3.peg.2656.site.17, 9, 145, 154
411483.3.peg.2656.site.18, 19, 140, 159
411483.3.peg.2656.site.19, 5, 144, 149
411483.3.peg.2656.site.20, 7, 144, 151
411483.3.peg.2656.site.21, 12, 145, 157
411483.3.peg.2656.site.22, 5, 148, 153
411483.3.peg.2656.site.23, 2, 152, 154
411483.3.peg.2656.site.24, 99, 133, 232
411483.3.peg.2656.site.25, 6, 142, 148
411483.3.peg.2656.site.26, 5, 136, 141
411483.3.peg.2656.site.27, 23, 137, 160
411483.3.peg.2656.site.28, 15, 127, 142
411483.3.peg.2656.site.29, 1, 131, 132
411483.3.peg.2656.site.30, 3, 139, 142
411483.3.peg.2656.site.31, 7, 139, 146
411483.3.peg.2656.site.32, 1, 145, 146
411483.3.peg.2656.site.33, 0, 145, 145
411483.3.peg.2656.site.34, 2, 153, 155
411483.3.peg.2656.site.35, 22, 147, 169
411483.3.peg.2656.site.36, 1, 152, 153
411483.3.peg.2656.site.37, 4, 154, 158
411483.3.peg.2656.site.38, 39, 142, 181
411483.3.peg.2656.site.39, 5, 151, 156
411483.3.peg.2656.site.40, 48, 137, 185
411483.3.peg.2656.site.41, 78, 142, 220
411483.3.peg.2656.site.42, 5, 149, 154
411483.3.peg.2656.site.43, 23, 144, 167
411483.3.peg.2656.site.44, 1, 153, 154
411483.3.peg.2656.site.45, 1, 152, 153
411483.3.peg.2656.site.46, 1, 150, 151
411483.3.peg.2656.site.47, 0, 154, 154
411483.3.peg.2656.site.48, 46, 148, 194
411483.3.peg.2656.site.49, 8, 151, 159
411483.3.peg.2656.site.50, 1, 146, 147
411483.3.peg.2656.site.51, 5, 143, 148
411483.3.peg.2656.site.52, 10, 141, 151
411483.3.peg.2656.site.53, 3, 144, 147
411483.3.peg.2656.site.54, 3, 147, 150
411483.3.peg.2656.site.55, 2, 140, 142
411483.3.peg.2656.site.56, 2, 132, 134
411483.3.peg.2656.site.57, 8, 132, 140
411483.3.peg.2656.site.58, 2, 139, 141
411483.3.peg.2656.site.59, 6, 145, 151
411483.3.peg.2656.site.60, 117, 139, 256
411483.3.peg.2656.site.61, 127, 145, 272
411483.3.peg.2656.site.62, 60, 138, 198
411483.3.peg.2656.site.63, 5, 148, 153
411483.3.peg.2656.site.64, 0, 152, 152
411483.3.peg.2656.site.65, 2, 154, 156
411483.3.peg.2656.site.66, 0, 152, 152
411483.3.peg.2657.site.1, 2, 152, 154
411483.3.peg.2657.site.2, 0, 150, 150
411483.3.peg.2657.site.3, 5, 152, 157
411483.3.peg.2657.site.4, 2, 153, 155
411483.3.peg.2657.site.5, 2, 152, 154
411483.3.peg.2657.site.6, 0, 153, 153
411483.3.peg.2657.site.7, 12, 152, 164
411483.3.peg.2657.site.8, 4, 151, 155
411483.3.peg.2657.site.9, 3, 154, 157
411483.3.peg.2657.site.10, 3, 151, 154
411483.3.peg.2657.site.11, 3, 152, 155
411483.3.peg.2657.site.12, 0, 152, 152
411483.3.peg.2657.site.13, 3, 154, 157
411483.3.peg.2657.site.14, 1, 154, 155
411483.3.peg.2657.site.15, 6, 153, 159
411483.3.peg.2657.site.16, 1, 154, 155
411483.3.peg.2657.site.17, 7, 155, 162
411483.3.peg.2657.site.18, 1, 153, 154
411483.3.peg.2657.site.19, 0, 151, 151
411483.3.peg.2657.site.20, 5, 153, 158
411483.3.peg.2657.site.21, 1, 154, 155
411483.3.peg.2657.site.22, 4, 154, 158
411483.3.peg.2657.site.23, 1, 154, 155
411483.3.peg.2657.site.24, 6, 153, 159
411483.3.peg.2657.site.25, 7, 152, 159
411483.3.peg.2657.site.26, 1, 151, 152
411483.3.peg.2657.site.27, 13, 146, 159
411483.3.peg.2657.site.28, 0, 152, 152
411483.3.peg.2657.site.29, 0, 150, 150
411483.3.peg.2657.site.30, 20, 139, 159
411483.3.peg.2657.site.31, 1, 139, 140
411483.3.peg.2657.site.32, 1, 143, 144
411483.3.peg.2657.site.33, 4, 137, 141
411483.3.peg.2657.site.34, 3, 136, 139
411483.3.peg.2657.site.35, 106, 137, 243
411483.3.peg.2657.site.36, 114, 132, 246
411483.3.peg.2657.site.37, 2, 144, 146
411483.3.peg.2657.site.38, 2, 136, 138
411483.3.peg.2657.site.39, 1, 143, 144
411483.3.peg.2657.site.40, 3, 145, 148
411483.3.peg.2657.site.41, 0, 144, 144
411483.3.peg.2657.site.42, 1, 142, 143
411483.3.peg.2657.site.43, 5, 151, 156
411483.3.peg.2657.site.44, 3, 143, 146
411483.3.peg.2657.site.45, 4, 149, 153
411483.3.peg.2657.site.46, 2, 149, 151
411483.3.peg.2657.site.47, 4, 148, 152
411483.3.peg.2657.site.48, 0, 145, 145
411483.3.peg.2657.site.49, 1, 146, 147
411483.3.peg.2657.site.50, 1, 150, 151
411483.3.peg.2657.site.51, 133, 143, 276
411483.3.peg.2657.site.52, 1, 150, 151
411483.3.peg.2657.site.53, 1, 151, 152
411483.3.peg.2657.site.54, 0, 151, 151
411483.3.peg.2657.site.55, 4, 152, 156
411483.3.peg.2657.site.56, 1, 153, 154
411483.3.peg.2658.site.1, 7, 153, 160
411483.3.peg.2658.site.2, 1, 155, 156
411483.3.peg.2658.site.3, 0, 152, 152
411483.3.peg.2658.site.4, 35, 139, 174
411483.3.peg.2658.site.5, 59, 146, 205
411483.3.peg.2658.site.6, 5, 149, 154
411483.3.peg.2658.site.7, 2, 155, 157
411483.3.peg.2658.site.8, 1, 154, 155
411483.3.peg.2658.site.9, 10, 153, 163
411483.3.peg.2658.site.10, 0, 153, 153
411483.3.peg.2658.site.11, 4, 149, 153
411483.3.peg.2658.site.12, 5, 146, 151
411483.3.peg.2658.site.13, 13, 149, 162
411483.3.peg.2658.site.14, 25, 146, 171
411483.3.peg.2658.site.15, 6, 153, 159
411483.3.peg.2658.site.16, 8, 152, 160
411483.3.peg.2658.site.17, 4, 149, 153
411483.3.peg.2658.site.18, 9, 153, 162
411483.3.peg.2658.site.19, 7, 146, 153
411483.3.peg.2658.site.20, 1, 143, 144
411483.3.peg.2658.site.21, 4, 142, 146
411483.3.peg.2658.site.22, 9, 141, 150
411483.3.peg.2658.site.23, 9, 136, 145
411483.3.peg.2658.site.24, 0, 139, 139
411483.3.peg.2658.site.25, 93, 128, 221
411483.3.peg.2658.site.26, 10, 134, 144
411483.3.peg.2658.site.27, 127, 134, 261
411483.3.peg.2658.site.28, 4, 126, 130
411483.3.peg.2658.site.29, 3, 133, 136
411483.3.peg.2658.site.30, 26, 142, 168
411483.3.peg.2658.site.31, 9, 142, 151
411483.3.peg.2658.site.32, 15, 142, 157
411483.3.peg.2658.site.33, 0, 150, 150
411483.3.peg.2658.site.34, 1, 149, 150
411483.3.peg.2658.site.35, 2, 153, 155
411483.3.peg.2658.site.36, 0, 152, 152
411483.3.peg.2658.site.37, 7, 151, 158
411483.3.peg.2658.site.38, 3, 152, 155
411483.3.peg.2658.site.39, 2, 151, 153
411483.3.peg.2658.site.40, 5, 145, 150
411483.3.peg.2658.site.41, 83, 138, 221
411483.3.peg.2658.site.42, 4, 145, 149
411483.3.peg.2658.site.43, 128, 142, 270
411483.3.peg.2658.site.44, 1, 151, 152
411483.3.peg.2658.site.45, 1, 149, 150
411483.3.peg.2658.site.46, 22, 141, 163
411483.3.peg.2658.site.47, 135, 144, 279
411483.3.peg.2658.site.48, 9, 149, 158
411483.3.peg.2658.site.49, 11, 150, 161
411483.3.peg.2658.site.50, 2, 148, 150
411483.3.peg.2658.site.51, 4, 145, 149
411483.3.peg.2658.site.52, 10, 147, 157
411483.3.peg.2658.site.53, 25, 141, 166
411483.3.peg.2658.site.54, 2, 128, 130
411483.3.peg.2658.site.55, 13, 118, 131
411483.3.peg.2658.site.56, 3, 123, 126
411483.3.peg.2658.site.57, 86, 107, 193
411483.3.peg.2658.site.58, 92, 109, 201
411483.3.peg.2658.site.59, 3, 108, 111
411483.3.peg.2658.site.60, 3, 106, 109
411483.3.peg.2658.site.61, 49, 105, 154
411483.3.peg.2658.site.62, 1, 105, 106
411483.3.peg.2658.site.63, 1, 116, 117
411483.3.peg.2658.site.64, 2, 95, 97
411483.3.peg.2658.site.65, 5, 125, 130
411483.3.peg.2658.site.66, 1, 137, 138
411483.3.peg.2658.site.67, 0, 144, 144
411483.3.peg.2658.site.68, 16, 144, 160
411483.3.peg.2659.site.1, 0, 139, 139
411483.3.peg.2659.site.2, 13, 142, 155
411483.3.peg.2659.site.3, 4, 152, 156
411483.3.peg.2659.site.4, 2, 150, 152
411483.3.peg.2659.site.5, 1, 151, 152
411483.3.peg.2659.site.6, 2, 151, 153
411483.3.peg.2659.site.7, 5, 148, 153
411483.3.peg.2659.site.8, 31, 135, 166
411483.3.peg.2659.site.9, 2, 145, 147
411483.3.peg.2659.site.10, 30, 149, 179
411483.3.peg.2659.site.11, 10, 152, 162
411483.3.peg.2659.site.12, 10, 152, 162
411483.3.peg.2659.site.13, 77, 140, 217
411483.3.peg.2659.site.14, 4, 149, 153
411483.3.peg.2659.site.15, 26, 142, 168
411483.3.peg.2659.site.16, 57, 133, 190
411483.3.peg.2659.site.17, 13, 139, 152
411483.3.peg.2659.site.18, 87, 123, 210
411483.3.peg.2659.site.19, 29, 115, 144
411483.3.peg.2659.site.20, 8, 132, 140
411483.3.peg.2659.site.21, 14, 128, 142
411483.3.peg.2659.site.22, 5, 137, 142
411483.3.peg.2659.site.23, 0, 142, 142
411483.3.peg.2659.site.24, 12, 145, 157
411483.3.peg.2659.site.25, 2, 148, 150
411483.3.peg.2659.site.26, 1, 151, 152
411483.3.peg.2659.site.27, 1, 152, 153
411483.3.peg.2659.site.28, 1, 146, 147
411483.3.peg.1858.site.1, 4, 99, 103
411483.3.peg.1858.site.2, 3, 101, 104
411483.3.peg.1858.site.3, 1, 96, 97
411483.3.peg.1858.site.4, 1, 100, 101
411483.3.peg.1858.site.5, 1, 106, 107
411483.3.peg.1858.site.6, 0, 102, 102
411483.3.peg.1858.site.7, 2, 102, 104
411483.3.peg.1858.site.8, 0, 109, 109
411483.3.peg.1858.site.9, 29, 109, 138
411483.3.peg.1858.site.10, 4, 118, 122
411483.3.peg.1858.site.11, 0, 124, 124
411483.3.peg.1858.site.12, 15, 129, 144
411483.3.peg.1858.site.13, 3, 132, 135
411483.3.peg.1858.site.14, 22, 131, 153
411483.3.peg.1858.site.15, 0, 139, 139
411483.3.peg.1858.site.16, 11, 131, 142
411483.3.peg.1858.site.17, 4, 127, 131
411483.3.peg.1858.site.18, 2, 131, 133
411483.3.peg.1858.site.19, 3, 128, 131
411483.3.peg.1858.site.20, 1, 122, 123
411483.3.peg.1858.site.21, 21, 116, 137
411483.3.peg.1858.site.22, 14, 108, 122
411483.3.peg.1858.site.23, 8, 101, 109
411483.3.peg.1858.site.24, 1, 99, 100
411483.3.peg.1858.site.25, 0, 91, 91
411483.3.peg.1858.site.26, 2, 95, 97
411483.3.peg.1858.site.27, 5, 84, 89
411483.3.peg.1858.site.28, 30, 102, 132
411483.3.peg.1858.site.29, 102, 105, 207
411483.3.peg.1858.site.30, 2, 113, 115
411483.3.peg.1858.site.31, 0, 125, 125
411483.3.peg.1858.site.32, 69, 117, 186
411483.3.peg.1858.site.33, 2, 132, 134
411483.3.peg.1858.site.34, 3, 131, 134
411483.3.peg.1858.site.35, 9, 120, 129
411483.3.peg.1858.site.36, 54, 111, 165
411483.3.peg.1858.site.37, 116, 122, 238
411483.3.peg.1858.site.38, 1, 125, 126
411483.3.peg.1858.site.39, 4, 126, 130
411483.3.peg.1858.site.40, 15, 126, 141
411483.3.peg.1858.site.41, 88, 133, 221
411483.3.peg.1858.site.42, 0, 134, 134
411483.3.peg.1858.site.43, 2, 145, 147
411483.3.peg.1858.site.44, 1, 135, 136
411483.3.peg.1858.site.45, 2, 140, 142
411483.3.peg.1858.site.46, 0, 148, 148
411483.3.peg.1858.site.47, 4, 151, 155
411483.3.peg.1858.site.48, 141, 149, 290
411483.3.peg.1858.site.49, 8, 152, 160
411483.3.peg.1858.site.50, 13, 147, 160
411483.3.peg.1858.site.51, 5, 149, 154
411483.3.peg.1858.site.52, 8, 150, 158
411483.3.peg.1858.site.53, 2, 154, 156
411483.3.peg.1858.site.54, 4, 151, 155
411483.3.peg.1858.site.55, 24, 143, 167
411483.3.peg.1858.site.56, 2, 153, 155
411483.3.peg.1858.site.57, 2, 153, 155
411483.3.peg.1858.site.58, 9, 153, 162
411483.3.peg.1858.site.59, 1, 154, 155
411483.3.peg.1858.site.60, 5, 151, 156
411483.3.peg.1858.site.61, 5, 154, 159
411483.3.peg.1858.site.62, 0, 152, 152
411483.3.peg.1851.site.1, 5, 151, 156
411483.3.peg.1851.site.2, 153, 153, 306
411483.3.peg.1851.site.3, 1, 150, 151
411483.3.peg.1851.site.4, 2, 153, 155
411483.3.peg.1851.site.5, 1, 153, 154
411483.3.peg.1851.site.6, 3, 150, 153
411483.3.peg.1851.site.7, 1, 154, 155
411483.3.peg.1851.site.8, 13, 152, 165
411483.3.peg.1851.site.9, 0, 152, 152
411483.3.peg.1851.site.10, 1, 150, 151
411483.3.peg.1851.site.11, 133, 142, 275
411483.3.peg.1851.site.12, 1, 151, 152
411483.3.peg.1851.site.13, 0, 150, 150
411483.3.peg.1851.site.14, 7, 149, 156
411483.3.peg.1851.site.15, 3, 152, 155
411483.3.peg.1851.site.16, 3, 149, 152
411483.3.peg.1851.site.17, 37, 144, 181
411483.3.peg.1851.site.18, 1, 153, 154
411483.3.peg.1851.site.19, 1, 154, 155
411483.3.peg.1851.site.20, 0, 153, 153
411483.3.peg.1851.site.21, 106, 146, 252
411483.3.peg.1851.site.22, 3, 153, 156
411483.3.peg.1851.site.23, 1, 152, 153
411483.3.peg.1851.site.24, 5, 152, 157
411483.3.peg.1851.site.25, 1, 153, 154
411483.3.peg.1851.site.26, 1, 155, 156
411483.3.peg.1851.site.27, 0, 152, 152
411483.3.peg.1851.site.28, 7, 150, 157
411483.3.peg.1851.site.29, 57, 150, 207
411483.3.peg.1851.site.30, 2, 152, 154
411483.3.peg.1851.site.31, 2, 151, 153
411483.3.peg.1851.site.32, 0, 152, 152
411483.3.peg.1851.site.33, 4, 153, 157
411483.3.peg.1851.site.34, 2, 153, 155
411483.3.peg.1851.site.35, 2, 150, 152
411483.3.peg.1851.site.36, 65, 107, 172
411483.3.peg.1851.site.37, 22, 101, 123
411483.3.peg.1850.site.1, 7, 133, 140
411483.3.peg.1850.site.2, 0, 139, 139
411483.3.peg.1850.site.3, 0, 150, 150
411483.3.peg.1850.site.4, 1, 151, 152
411483.3.peg.1850.site.5, 1, 144, 145
411483.3.peg.1850.site.6, 80, 139, 219
411483.3.peg.1850.site.7, 26, 146, 172
411483.3.peg.1850.site.8, 21, 146, 167
411483.3.peg.1850.site.9, 4, 154, 158
411483.3.peg.1850.site.10, 16, 146, 162
411483.3.peg.1850.site.11, 4, 151, 155
411483.3.peg.1850.site.12, 3, 153, 156
411483.3.peg.1850.site.13, 1, 154, 155
411483.3.peg.1850.site.14, 2, 153, 155
411483.3.peg.1850.site.15, 7, 146, 153
411483.3.peg.1850.site.16, 9, 147, 156
411483.3.peg.1850.site.17, 3, 151, 154
411483.3.peg.1850.site.18, 3, 149, 152
411483.3.peg.1850.site.19, 3, 145, 148
411483.3.peg.1850.site.20, 13, 143, 156
411483.3.peg.1850.site.21, 1, 136, 137
411483.3.peg.1850.site.22, 3, 144, 147
411483.3.peg.1850.site.23, 14, 138, 152
411483.3.peg.1850.site.24, 6, 123, 129
411483.3.peg.1850.site.25, 2, 136, 138
411483.3.peg.1850.site.26, 3, 135, 138
411483.3.peg.1850.site.27, 3, 124, 127
411483.3.peg.1850.site.28, 51, 116, 167
411483.3.peg.1850.site.29, 53, 110, 163
411483.3.peg.1850.site.30, 14, 117, 131
411483.3.peg.1850.site.31, 70, 108, 178
411483.3.peg.1850.site.32, 1, 127, 128
411483.3.peg.1850.site.33, 9, 124, 133
411483.3.peg.1850.site.34, 15, 118, 133
411483.3.peg.1850.site.35, 24, 112, 136
411483.3.peg.1850.site.36, 93, 117, 210
411483.3.peg.1850.site.37, 8, 133, 141
411483.3.peg.1850.site.38, 5, 134, 139
411483.3.peg.1850.site.39, 2, 133, 135
411483.3.peg.1850.site.40, 1, 135, 136
411483.3.peg.1850.site.41, 1, 139, 140
411483.3.peg.1850.site.42, 1, 139, 140
411483.3.peg.1850.site.43, 91, 133, 224
411483.3.peg.1850.site.44, 1, 141, 142
411483.3.peg.1850.site.45, 94, 128, 222
411483.3.peg.1850.site.46, 1, 144, 145
411483.3.peg.1850.site.47, 2, 148, 150
411483.3.peg.1850.site.48, 2, 150, 152
411483.3.peg.1850.site.49, 9, 144, 153
411483.3.peg.1850.site.50, 1, 148, 149
411483.3.peg.1850.site.51, 2, 147, 149
411483.3.peg.1850.site.52, 76, 139, 215
411483.3.peg.1850.site.53, 2, 147, 149
411483.3.peg.1850.site.54, 4, 147, 151
411483.3.peg.1850.site.55, 6, 146, 152
411483.3.peg.1850.site.56, 7, 144, 151
411483.3.peg.1850.site.57, 42, 136, 178
411483.3.peg.1850.site.58, 3, 145, 148
411483.3.peg.1850.site.59, 1, 147, 148
411483.3.peg.1850.site.60, 3, 148, 151
411483.3.peg.1850.site.61, 5, 150, 155
411483.3.peg.1850.site.62, 83, 136, 219
411483.3.peg.1850.site.63, 6, 151, 157
411483.3.peg.1850.site.64, 6, 153, 159
411483.3.peg.1850.site.65, 1, 154, 155
411483.3.peg.1850.site.66, 1, 153, 154
411483.3.peg.1850.site.67, 0, 149, 149
411483.3.peg.1850.site.68, 0, 144, 144
411483.3.peg.1850.site.69, 0, 144, 144
411483.3.peg.1850.site.70, 3, 151, 154
411483.3.peg.1850.site.71, 2, 154, 156
411483.3.peg.1853.site.1, 2, 151, 153
411483.3.peg.1853.site.2, 3, 151, 154
411483.3.peg.1853.site.3, 2, 151, 153
411483.3.peg.1853.site.4, 5, 150, 155
411483.3.peg.1853.site.5, 1, 152, 153
411483.3.peg.1853.site.6, 5, 149, 154
411483.3.peg.1853.site.7, 8, 150, 158
411483.3.peg.1853.site.8, 2, 150, 152
411483.3.peg.1853.site.9, 2, 153, 155
411483.3.peg.1853.site.10, 0, 150, 150
411483.3.peg.1853.site.11, 4, 148, 152
411483.3.peg.1853.site.12, 3, 151, 154
411483.3.peg.1853.site.13, 0, 155, 155
411483.3.peg.1853.site.14, 5, 154, 159
411483.3.peg.1853.site.15, 18, 146, 164
411483.3.peg.1853.site.16, 1, 151, 152
411483.3.peg.1853.site.17, 18, 150, 168
411483.3.peg.1853.site.18, 7, 153, 160
411483.3.peg.1853.site.19, 1, 154, 155
411483.3.peg.1853.site.20, 2, 154, 156
411483.3.peg.1853.site.21, 2, 154, 156
411483.3.peg.1853.site.22, 0, 151, 151
411483.3.peg.1853.site.23, 46, 146, 192
411483.3.peg.1853.site.24, 0, 154, 154
411483.3.peg.1853.site.25, 3, 150, 153
411483.3.peg.1853.site.26, 148, 152, 300
411483.3.peg.1853.site.27, 3, 152, 155
411483.3.peg.1853.site.28, 0, 148, 148
411483.3.peg.1853.site.29, 3, 149, 152
411483.3.peg.1853.site.30, 5, 148, 153
411483.3.peg.1853.site.31, 4, 146, 150
411483.3.peg.1853.site.32, 9, 148, 157
411483.3.peg.1853.site.33, 2, 140, 142
411483.3.peg.1853.site.34, 16, 143, 159
411483.3.peg.1853.site.35, 11, 144, 155
411483.3.peg.1853.site.36, 0, 143, 143
411483.3.peg.1853.site.37, 4, 148, 152
411483.3.peg.1853.site.38, 19, 146, 165
411483.3.peg.1853.site.39, 0, 148, 148
411483.3.peg.1853.site.40, 1, 148, 149
411483.3.peg.1853.site.41, 78, 135, 213
411483.3.peg.1853.site.42, 4, 154, 158
411483.3.peg.1853.site.43, 1, 153, 154
411483.3.peg.1853.site.44, 64, 147, 211
411483.3.peg.1853.site.45, 5, 152, 157
411483.3.peg.1853.site.46, 2, 154, 156
411483.3.peg.1853.site.47, 1, 153, 154
411483.3.peg.1853.site.48, 2, 154, 156
411483.3.peg.1853.site.49, 22, 148, 170
411483.3.peg.1853.site.50, 8, 151, 159
411483.3.peg.1853.site.51, 0, 149, 149
411483.3.peg.1852.site.1, 9, 148, 157
411483.3.peg.1852.site.2, 2, 154, 156
411483.3.peg.1852.site.3, 1, 155, 156
411483.3.peg.1852.site.4, 1, 151, 152
411483.3.peg.1852.site.5, 4, 150, 154
411483.3.peg.1852.site.6, 76, 138, 214
411483.3.peg.1852.site.7, 3, 150, 153
411483.3.peg.1852.site.8, 3, 145, 148
411483.3.peg.1852.site.9, 59, 138, 197
411483.3.peg.1852.site.10, 50, 134, 184
411483.3.peg.1852.site.11, 3, 143, 146
411483.3.peg.1852.site.12, 3, 145, 148
411483.3.peg.1852.site.13, 28, 130, 158
411483.3.peg.1852.site.14, 0, 134, 134
411483.3.peg.1852.site.15, 52, 126, 178
411483.3.peg.1852.site.16, 2, 129, 131
411483.3.peg.1852.site.17, 46, 115, 161
411483.3.peg.1852.site.18, 3, 117, 120
411483.3.peg.1852.site.19, 5, 120, 125
411483.3.peg.1852.site.20, 0, 138, 138
411483.3.peg.1852.site.21, 1, 142, 143
411483.3.peg.1852.site.22, 4, 151, 155
411483.3.peg.1852.site.23, 10, 150, 160
411483.3.peg.1852.site.24, 2, 152, 154
411483.3.peg.1855.site.1, 2, 110, 112
411483.3.peg.1855.site.2, 1, 109, 110
411483.3.peg.1855.site.3, 0, 124, 124
411483.3.peg.1855.site.4, 3, 137, 140
411483.3.peg.1855.site.5, 25, 143, 168
411483.3.peg.1855.site.6, 62, 139, 201
411483.3.peg.1855.site.7, 7, 147, 154
411483.3.peg.1855.site.8, 4, 151, 155
411483.3.peg.1855.site.9, 3, 149, 152
411483.3.peg.1855.site.10, 63, 143, 206
411483.3.peg.1855.site.11, 5, 149, 154
411483.3.peg.1855.site.12, 4, 154, 158
411483.3.peg.1855.site.13, 7, 148, 155
411483.3.peg.1855.site.14, 2, 152, 154
411483.3.peg.1855.site.15, 0, 150, 150
411483.3.peg.1855.site.16, 7, 148, 155
411483.3.peg.1855.site.17, 4, 151, 155
411483.3.peg.1855.site.18, 0, 150, 150
411483.3.peg.1855.site.19, 2, 153, 155
411483.3.peg.1855.site.20, 5, 152, 157
411483.3.peg.1855.site.21, 3, 151, 154
411483.3.peg.1855.site.22, 0, 152, 152
411483.3.peg.1855.site.23, 5, 154, 159
411483.3.peg.1855.site.24, 23, 145, 168
411483.3.peg.1855.site.25, 2, 155, 157
411483.3.peg.1855.site.26, 0, 152, 152
411483.3.peg.1855.site.27, 3, 155, 158
411483.3.peg.1855.site.28, 14, 151, 165
411483.3.peg.1855.site.29, 5, 153, 158
411483.3.peg.1855.site.30, 6, 148, 154
411483.3.peg.1855.site.31, 1, 152, 153
411483.3.peg.1855.site.32, 3, 150, 153
411483.3.peg.1855.site.33, 1, 149, 150
411483.3.peg.1855.site.34, 2, 147, 149
411483.3.peg.1855.site.35, 2, 150, 152
411483.3.peg.1855.site.36, 1, 150, 151
411483.3.peg.1855.site.37, 13, 139, 152
411483.3.peg.1854.site.1, 6, 144, 150
411483.3.peg.1854.site.2, 3, 147, 150
411483.3.peg.1854.site.3, 2, 151, 153
411483.3.peg.1854.site.4, 4, 144, 148
411483.3.peg.1854.site.5, 1, 148, 149
411483.3.peg.1854.site.6, 1, 148, 149
411483.3.peg.1854.site.7, 0, 153, 153
411483.3.peg.1854.site.8, 0, 152, 152
411483.3.peg.1854.site.9, 153, 154, 307
411483.3.peg.1854.site.10, 44, 144, 188
411483.3.peg.1854.site.11, 0, 154, 154
411483.3.peg.1854.site.12, 0, 152, 152
411483.3.peg.1854.site.13, 4, 152, 156
411483.3.peg.1854.site.14, 4, 153, 157
411483.3.peg.1854.site.15, 10, 155, 165
411483.3.peg.1854.site.16, 3, 152, 155
411483.3.peg.1854.site.17, 11, 149, 160
411483.3.peg.1854.site.18, 6, 148, 154
411483.3.peg.1854.site.19, 8, 143, 151
411483.3.peg.1854.site.20, 0, 144, 144
411483.3.peg.1854.site.21, 6, 149, 155
411483.3.peg.1854.site.22, 0, 150, 150
411483.3.peg.1854.site.23, 3, 146, 149
411483.3.peg.1854.site.24, 1, 148, 149
411483.3.peg.1854.site.25, 1, 147, 148
411483.3.peg.1854.site.26, 3, 144, 147
411483.3.peg.1854.site.27, 0, 142, 142
411483.3.peg.1854.site.28, 2, 136, 138
411483.3.peg.1854.site.29, 58, 122, 180
411483.3.peg.1854.site.30, 12, 104, 116
411483.3.peg.1854.site.31, 1, 109, 110
411483.3.peg.1854.site.32, 3, 126, 129
411483.3.peg.1854.site.33, 0, 142, 142
411483.3.peg.1854.site.34, 1, 146, 147
411483.3.peg.1854.site.35, 4, 147, 151
411483.3.peg.1854.site.36, 0, 140, 140
411483.3.peg.1854.site.37, 21, 146, 167
411483.3.peg.1854.site.38, 0, 145, 145
411483.3.peg.1854.site.39, 0, 144, 144
411483.3.peg.1854.site.40, 0, 143, 143
411483.3.peg.1854.site.41, 16, 128, 144
411483.3.peg.1854.site.42, 33, 126, 159
411483.3.peg.1854.site.43, 12, 133, 145
411483.3.peg.1854.site.44, 34, 135, 169
411483.3.peg.1854.site.45, 2, 143, 145
411483.3.peg.1854.site.46, 1, 150, 151
411483.3.peg.1854.site.47, 0, 144, 144
411483.3.peg.1854.site.48, 1, 138, 139
411483.3.peg.1854.site.49, 0, 143, 143
411483.3.peg.1854.site.50, 104, 123, 227
411483.3.peg.1854.site.51, 0, 136, 136
411483.3.peg.1854.site.52, 14, 114, 128
411483.3.peg.1854.site.53, 4, 116, 120
411483.3.peg.1854.site.54, 11, 107, 118
411483.3.peg.1854.site.55, 1, 118, 119
411483.3.peg.1854.site.56, 1, 114, 115
411483.3.peg.1854.site.57, 0, 138, 138
411483.3.peg.1854.site.58, 1, 144, 145
411483.3.peg.1854.site.59, 1, 144, 145
411483.3.peg.1854.site.60, 5, 138, 143
411483.3.peg.1854.site.61, 1, 133, 134
411483.3.peg.1854.site.62, 1, 122, 123
411483.3.peg.1854.site.63, 5, 122, 127
411483.3.peg.1854.site.64, 4, 120, 124
411483.3.peg.1854.site.65, 0, 109, 109
411483.3.peg.1854.site.66, 0, 71, 71
411483.3.peg.1854.site.67, 2, 113, 115
411483.3.peg.1854.site.68, 50, 98, 148
411483.3.peg.1854.site.69, 54, 99, 153
411483.3.peg.1854.site.70, 19, 122, 141
411483.3.peg.1854.site.71, 1, 134, 135
411483.3.peg.1854.site.72, 1, 142, 143
411483.3.peg.1854.site.73, 4, 144, 148
411483.3.peg.1854.site.74, 1, 134, 135
411483.3.peg.1854.site.75, 1, 146, 147
411483.3.peg.1854.site.76, 3, 140, 143
411483.3.peg.1854.site.77, 1, 146, 147
411483.3.peg.1854.site.78, 4, 143, 147
411483.3.peg.1854.site.79, 0, 151, 151
411483.3.peg.1854.site.80, 69, 130, 199
411483.3.peg.1854.site.81, 14, 147, 161
411483.3.peg.1854.site.82, 8, 149, 157
411483.3.peg.1854.site.83, 4, 147, 151
411483.3.peg.1854.site.84, 8, 149, 157
411483.3.peg.1854.site.85, 74, 142, 216
411483.3.peg.1854.site.86, 0, 150, 150
411483.3.peg.1854.site.87, 11, 148, 159
411483.3.peg.1854.site.88, 12, 150, 162
411483.3.peg.1854.site.89, 21, 152, 173
411483.3.peg.1854.site.90, 3, 152, 155
411483.3.peg.1854.site.91, 4, 152, 156
411483.3.peg.1854.site.92, 1, 153, 154
411483.3.peg.1854.site.93, 6, 154, 160
411483.3.peg.1854.site.94, 1, 153, 154
411483.3.peg.1854.site.95, 1, 153, 154
411483.3.peg.1854.site.96, 1, 149, 150
411483.3.peg.1854.site.97, 3, 152, 155
411483.3.peg.1854.site.98, 2, 141, 143
411483.3.peg.1856.site.1, 102, 128, 230
411483.3.peg.1856.site.2, 101, 127, 228
411483.3.peg.1856.site.3, 13, 125, 138
411483.3.peg.1856.site.4, 76, 119, 195
411483.3.peg.1856.site.5, 10, 131, 141
411483.3.peg.1856.site.6, 112, 139, 251
411483.3.peg.1856.site.7, 9, 139, 148
411483.3.peg.1856.site.8, 21, 143, 164
411483.3.peg.1856.site.9, 59, 143, 202
411483.3.peg.1856.site.10, 12, 154, 166
411483.3.peg.1856.site.11, 8, 151, 159
411483.3.peg.1856.site.12, 0, 150, 150
411483.3.peg.1856.site.13, 0, 146, 146
411483.3.peg.1856.site.14, 1, 152, 153
411483.3.peg.1856.site.15, 1, 153, 154
411483.3.peg.1856.site.16, 13, 152, 165
411483.3.peg.1856.site.17, 89, 139, 228
411483.3.peg.1856.site.18, 3, 150, 153
411483.3.peg.1856.site.19, 31, 138, 169
411483.3.peg.1856.site.20, 3, 149, 152
411483.3.peg.1856.site.21, 44, 135, 179
411483.3.peg.1856.site.22, 7, 147, 154
411483.3.peg.1856.site.23, 1, 150, 151
411483.3.peg.1856.site.24, 10, 148, 158
411483.3.peg.1856.site.25, 3, 142, 145
411483.3.peg.1856.site.26, 1, 148, 149
411483.3.peg.1856.site.27, 9, 141, 150
411483.3.peg.1856.site.28, 128, 141, 269
411483.3.peg.1856.site.29, 1, 147, 148
411483.3.peg.1856.site.30, 140, 145, 285
411483.3.peg.1856.site.31, 1, 150, 151
411483.3.peg.1856.site.32, 3, 150, 153
411483.3.peg.1856.site.33, 3, 153, 156
411483.3.peg.1856.site.34, 19, 144, 163
411483.3.peg.1856.site.35, 2, 151, 153
411483.3.peg.1856.site.36, 3, 148, 151
411483.3.peg.1856.site.37, 18, 146, 164
411483.3.peg.1856.site.38, 21, 135, 156
411483.3.peg.1856.site.39, 4, 144, 148
411483.3.peg.1856.site.40, 137, 146, 283
411483.3.peg.1856.site.41, 15, 142, 157
411483.3.peg.1856.site.42, 3, 145, 148
411483.3.peg.1856.site.43, 1, 148, 149
411483.3.peg.1856.site.44, 3, 150, 153
411483.3.peg.1856.site.45, 35, 138, 173
411483.3.peg.1856.site.46, 100, 136, 236
411483.3.peg.1856.site.47, 0, 133, 133
411483.3.peg.1856.site.48, 1, 132, 133
411483.3.peg.1856.site.49, 105, 118, 223
411483.3.peg.1856.site.50, 0, 130, 130
411483.3.peg.1856.site.51, 1, 130, 131
411483.3.peg.1856.site.52, 54, 116, 170
411483.3.peg.1856.site.53, 36, 123, 159
411483.3.peg.1856.site.54, 30, 113, 143
411483.3.peg.1856.site.55, 3, 112, 115
411483.3.peg.1856.site.56, 1, 118, 119
411483.3.peg.1856.site.57, 0, 101, 101
411483.3.peg.1856.site.58, 101, 121, 222
411483.3.peg.1856.site.59, 3, 138, 141
411483.3.peg.1856.site.60, 10, 146, 156
411483.3.peg.1856.site.61, 1, 151, 152
411483.3.peg.1856.site.62, 1, 143, 144
411483.3.peg.1856.site.63, 3, 140, 143
411483.3.peg.1856.site.64, 1, 134, 135
411483.3.peg.1856.site.65, 1, 134, 135
411483.3.peg.1856.site.66, 9, 134, 143
411483.3.peg.1856.site.67, 0, 134, 134
411483.3.peg.1856.site.68, 9, 133, 142
411483.3.peg.1856.site.69, 3, 128, 131
411483.3.peg.1856.site.70, 13, 127, 140
411483.3.peg.1856.site.71, 3, 136, 139
411483.3.peg.1856.site.72, 2, 125, 127
411483.3.peg.1856.site.73, 1, 128, 129
411483.3.peg.1856.site.74, 0, 114, 114
411483.3.peg.1856.site.75, 11, 124, 135
411483.3.peg.1856.site.76, 20, 114, 134
411483.3.peg.1856.site.77, 17, 122, 139
411483.3.peg.1856.site.78, 0, 132, 132
411483.3.peg.1856.site.79, 2, 119, 121
411483.3.peg.1856.site.80, 2, 121, 123
411483.3.peg.1856.site.81, 12, 115, 127
411483.3.peg.1856.site.82, 0, 119, 119
411483.3.peg.1856.site.83, 1, 119, 120
411483.3.peg.1856.site.84, 34, 115, 149
411483.3.peg.1856.site.85, 1, 130, 131
411483.3.peg.1856.site.86, 0, 139, 139
411483.3.peg.1725.site.1, 14, 104, 118
411483.3.peg.1725.site.2, 0, 137, 137
411483.3.peg.1725.site.3, 5, 141, 146
411483.3.peg.1725.site.4, 6, 148, 154
411483.3.peg.1725.site.5, 10, 147, 157
411483.3.peg.1725.site.6, 22, 150, 172
411483.3.peg.1725.site.7, 0, 151, 151
411483.3.peg.1725.site.8, 0, 152, 152
411483.3.peg.1725.site.9, 0, 150, 150
411483.3.peg.1725.site.10, 7, 153, 160
411483.3.peg.1725.site.11, 5, 151, 156
411483.3.peg.1725.site.12, 5, 150, 155
411483.3.peg.1725.site.13, 2, 151, 153
411483.3.peg.1725.site.14, 1, 151, 152
411483.3.peg.1725.site.15, 1, 151, 152
411483.3.peg.1725.site.16, 1, 155, 156
411483.3.peg.1725.site.17, 0, 154, 154
411483.3.peg.1725.site.18, 7, 154, 161
411483.3.peg.1725.site.19, 6, 152, 158
411483.3.peg.1077.site.1, 60, 126, 186
411483.3.peg.1077.site.2, 1, 147, 148
411483.3.peg.1077.site.3, 0, 148, 148
411483.3.peg.1077.site.4, 15, 146, 161
411483.3.peg.1077.site.5, 5, 150, 155
411483.3.peg.1077.site.6, 147, 150, 297
411483.3.peg.1077.site.7, 12, 148, 160
411483.3.peg.1077.site.8, 127, 149, 276
411483.3.peg.1077.site.9, 7, 151, 158
411483.3.peg.1077.site.10, 116, 145, 261
411483.3.peg.1077.site.11, 1, 153, 154
411483.3.peg.1077.site.12, 1, 153, 154
411483.3.peg.1077.site.13, 21, 139, 160
411483.3.peg.1077.site.14, 50, 141, 191
411483.3.peg.1077.site.15, 4, 150, 154
411483.3.peg.1077.site.16, 10, 149, 159
411483.3.peg.1077.site.17, 9, 149, 158
411483.3.peg.1077.site.18, 2, 152, 154
411483.3.peg.1077.site.19, 10, 150, 160
411483.3.peg.1077.site.20, 0, 147, 147
411483.3.peg.1077.site.21, 11, 147, 158
411483.3.peg.1077.site.22, 6, 144, 150
411483.3.peg.1077.site.23, 1, 148, 149
411483.3.peg.1077.site.24, 4, 148, 152
411483.3.peg.1077.site.25, 4, 150, 154
411483.3.peg.1077.site.26, 1, 149, 150
411483.3.peg.1077.site.27, 2, 149, 151
411483.3.peg.1077.site.28, 67, 140, 207
411483.3.peg.1077.site.29, 40, 147, 187
411483.3.peg.1077.site.30, 0, 154, 154
411483.3.peg.1077.site.31, 14, 152, 166
411483.3.peg.1077.site.32, 2, 153, 155
411483.3.peg.1077.site.33, 136, 146, 282
411483.3.peg.1077.site.34, 1, 152, 153
411483.3.peg.1076.site.1, 0, 153, 153
411483.3.peg.1076.site.2, 62, 149, 211
411483.3.peg.1076.site.3, 0, 154, 154
411483.3.peg.1076.site.4, 2, 155, 157
411483.3.peg.316.site.1, 1, 134, 135
411483.3.peg.316.site.2, 81, 127, 208
411483.3.peg.316.site.3, 8, 138, 146
411483.3.peg.316.site.4, 1, 140, 141
411483.3.peg.316.site.5, 29, 135, 164
411483.3.peg.316.site.6, 98, 147, 245
411483.3.peg.316.site.7, 53, 146, 199
411483.3.peg.316.site.8, 6, 149, 155
411483.3.peg.316.site.9, 1, 153, 154
411483.3.peg.316.site.10, 1, 150, 151
411483.3.peg.316.site.11, 2, 152, 154
411483.3.peg.316.site.12, 4, 152, 156
411483.3.peg.316.site.13, 0, 154, 154
411483.3.peg.316.site.14, 148, 152, 300
411483.3.peg.316.site.15, 95, 144, 239
411483.3.peg.316.site.16, 1, 155, 156
411483.3.peg.316.site.17, 6, 153, 159
411483.3.peg.316.site.18, 5, 153, 158
411483.3.peg.316.site.19, 1, 154, 155
411483.3.peg.316.site.20, 21, 150, 171
411483.3.peg.316.site.21, 2, 153, 155
411483.3.peg.316.site.22, 5, 152, 157
411483.3.peg.316.site.23, 12, 140, 152
411483.3.peg.316.site.24, 1, 154, 155
411483.3.peg.316.site.25, 3, 153, 156
411483.3.peg.316.site.26, 10, 151, 161
411483.3.peg.316.site.27, 1, 151, 152
411483.3.peg.316.site.28, 0, 149, 149
411483.3.peg.316.site.29, 1, 153, 154
411483.3.peg.316.site.30, 0, 153, 153
411483.3.peg.316.site.31, 0, 152, 152
411483.3.peg.316.site.32, 0, 154, 154
411483.3.peg.316.site.33, 4, 154, 158
411483.3.peg.316.site.34, 1, 154, 155
411483.3.peg.316.site.35, 2, 155, 157
411483.3.peg.316.site.36, 1, 154, 155
411483.3.peg.316.site.37, 9, 150, 159
411483.3.peg.316.site.38, 2, 154, 156
411483.3.peg.316.site.39, 0, 153, 153
411483.3.peg.316.site.40, 6, 155, 161
411483.3.peg.316.site.41, 1, 154, 155
411483.3.peg.316.site.42, 2, 155, 157
411483.3.peg.316.site.43, 0, 149, 149
411483.3.peg.316.site.44, 0, 148, 148
411483.3.peg.316.site.45, 2, 150, 152
411483.3.peg.316.site.46, 2, 134, 136
411483.3.peg.316.site.47, 53, 133, 186
411483.3.peg.316.site.48, 41, 138, 179
411483.3.peg.316.site.49, 4, 141, 145
411483.3.peg.316.site.50, 5, 144, 149
411483.3.peg.316.site.51, 1, 148, 149
411483.3.peg.316.site.52, 7, 141, 148
411483.3.peg.316.site.53, 1, 128, 129
411483.3.peg.316.site.54, 2, 123, 125
411483.3.peg.316.site.55, 1, 118, 119
411483.3.peg.316.site.56, 5, 100, 105
411483.3.peg.316.site.57, 1, 100, 101
411483.3.peg.316.site.58, 4, 97, 101
411483.3.peg.316.site.59, 1, 117, 118
411483.3.peg.316.site.60, 0, 127, 127
411483.3.peg.316.site.61, 1, 135, 136
411483.3.peg.316.site.62, 94, 127, 221
411483.3.peg.316.site.63, 26, 139, 165
411483.3.peg.316.site.64, 42, 134, 176
411483.3.peg.316.site.65, 0, 149, 149
411483.3.peg.316.site.66, 3, 150, 153
411483.3.peg.316.site.67, 8, 152, 160
411483.3.peg.316.site.68, 16, 148, 164
411483.3.peg.316.site.69, 54, 136, 190
411483.3.peg.316.site.70, 1, 147, 148
411483.3.peg.316.site.71, 21, 137, 158
411483.3.peg.316.site.72, 0, 145, 145
411483.3.peg.316.site.73, 2, 150, 152
411483.3.peg.316.site.74, 1, 148, 149
411483.3.peg.316.site.75, 69, 133, 202
411483.3.peg.316.site.76, 2, 146, 148
411483.3.peg.316.site.77, 1, 146, 147
411483.3.peg.316.site.78, 0, 148, 148
411483.3.peg.316.site.79, 4, 146, 150
411483.3.peg.316.site.80, 9, 135, 144
411483.3.peg.316.site.81, 2, 141, 143
411483.3.peg.316.site.82, 46, 128, 174
411483.3.peg.316.site.83, 0, 137, 137
411483.3.peg.316.site.84, 2, 129, 131
411483.3.peg.316.site.85, 1, 121, 122
411483.3.peg.316.site.86, 1, 124, 125
411483.3.peg.316.site.87, 3, 124, 127
411483.3.peg.316.site.88, 10, 117, 127
411483.3.peg.316.site.89, 0, 118, 118
411483.3.peg.316.site.90, 8, 130, 138
411483.3.peg.316.site.91, 1, 137, 138
411483.3.peg.316.site.92, 11, 135, 146
411483.3.peg.316.site.93, 0, 142, 142
411483.3.peg.316.site.94, 1, 147, 148
411483.3.peg.316.site.95, 7, 137, 144
411483.3.peg.316.site.96, 17, 136, 153
411483.3.peg.316.site.97, 3, 146, 149
411483.3.peg.316.site.98, 1, 148, 149
411483.3.peg.316.site.99, 8, 145, 153
411483.3.peg.316.site.100, 0, 149, 149
411483.3.peg.316.site.101, 4, 147, 151
411483.3.peg.316.site.102, 4, 150, 154
411483.3.peg.316.site.103, 2, 149, 151
411483.3.peg.316.site.104, 2, 149, 151
411483.3.peg.316.site.105, 13, 149, 162
411483.3.peg.316.site.106, 0, 148, 148
411483.3.peg.316.site.107, 0, 151, 151
411483.3.peg.316.site.108, 7, 146, 153
411483.3.peg.316.site.109, 0, 146, 146
411483.3.peg.316.site.110, 1, 151, 152
411483.3.peg.316.site.111, 20, 145, 165
411483.3.peg.316.site.112, 6, 150, 156
411483.3.peg.316.site.113, 12, 152, 164
411483.3.peg.316.site.114, 1, 151, 152
411483.3.peg.316.site.115, 100, 144, 244
411483.3.peg.316.site.116, 4, 151, 155
411483.3.peg.316.site.117, 1, 152, 153
411483.3.peg.316.site.118, 20, 149, 169
411483.3.peg.316.site.119, 7, 150, 157
411483.3.peg.316.site.120, 1, 152, 153
411483.3.peg.316.site.121, 0, 152, 152
411483.3.peg.316.site.122, 11, 148, 159
411483.3.peg.316.site.123, 1, 152, 153
411483.3.peg.316.site.124, 1, 152, 153
411483.3.peg.316.site.125, 1, 153, 154
411483.3.peg.316.site.126, 0, 152, 152
411483.3.peg.316.site.127, 2, 153, 155
411483.3.peg.316.site.128, 1, 153, 154
411483.3.peg.316.site.129, 5, 153, 158
411483.3.peg.316.site.130, 1, 154, 155
411483.3.peg.316.site.131, 0, 154, 154
411483.3.peg.316.site.132, 0, 153, 153
411483.3.peg.316.site.133, 3, 155, 158
411483.3.peg.316.site.134, 17, 151, 168
411483.3.peg.316.site.135, 5, 155, 160
411483.3.peg.316.site.136, 0, 152, 152
411483.3.peg.316.site.137, 3, 152, 155
411483.3.peg.316.site.138, 0, 151, 151
411483.3.peg.316.site.139, 0, 153, 153
411483.3.peg.316.site.140, 0, 152, 152
411483.3.peg.316.site.141, 1, 155, 156
411483.3.peg.316.site.142, 1, 151, 152
411483.3.peg.316.site.143, 0, 153, 153
411483.3.peg.316.site.144, 3, 153, 156
411483.3.peg.316.site.145, 3, 152, 155
411483.3.peg.316.site.146, 2, 151, 153
411483.3.peg.316.site.147, 0, 151, 151
411483.3.peg.1074.site.1, 23, 147, 170
411483.3.peg.1074.site.2, 0, 153, 153
411483.3.peg.1074.site.3, 0, 150, 150
411483.3.peg.1074.site.4, 5, 153, 158
411483.3.peg.1074.site.5, 9, 150, 159
411483.3.peg.1074.site.6, 2, 152, 154
411483.3.peg.1074.site.7, 3, 147, 150
411483.3.peg.1074.site.8, 0, 149, 149
411483.3.peg.1074.site.9, 5, 149, 154
411483.3.peg.1074.site.10, 16, 149, 165
411483.3.peg.1074.site.11, 4, 153, 157
411483.3.peg.1074.site.12, 24, 149, 173
411483.3.peg.1074.site.13, 1, 150, 151
411483.3.peg.1074.site.14, 1, 150, 151
411483.3.peg.1074.site.15, 14, 145, 159
411483.3.peg.1074.site.16, 0, 151, 151
411483.3.peg.1074.site.17, 27, 148, 175
411483.3.peg.1074.site.18, 43, 139, 182
411483.3.peg.1074.site.19, 15, 148, 163
411483.3.peg.1074.site.20, 2, 150, 152
411483.3.peg.1074.site.21, 4, 141, 145
411483.3.peg.1074.site.22, 3, 144, 147
411483.3.peg.1074.site.23, 1, 118, 119
411483.3.peg.1074.site.24, 2, 130, 132
411483.3.peg.1074.site.25, 2, 142, 144
411483.3.peg.1074.site.26, 18, 139, 157
411483.3.peg.1074.site.27, 10, 152, 162
411483.3.peg.1074.site.28, 0, 150, 150
411483.3.peg.1074.site.29, 5, 138, 143
411483.3.peg.1074.site.30, 5, 139, 144
411483.3.peg.1074.site.31, 9, 115, 124
411483.3.peg.1074.site.32, 2, 108, 110
411483.3.peg.1074.site.33, 12, 104, 116
411483.3.peg.1073.site.1, 2, 135, 137
411483.3.peg.1073.site.2, 1, 140, 141
411483.3.peg.1073.site.3, 41, 143, 184
411483.3.peg.1073.site.4, 4, 149, 153
411483.3.peg.1073.site.5, 61, 144, 205
411483.3.peg.1073.site.6, 2, 150, 152
411483.3.peg.1073.site.7, 0, 150, 150
411483.3.peg.1073.site.8, 0, 149, 149
411483.3.peg.1073.site.9, 1, 147, 148
411483.3.peg.1073.site.10, 4, 145, 149
411483.3.peg.1073.site.11, 0, 138, 138
411483.3.peg.1073.site.12, 7, 118, 125
411483.3.peg.1073.site.13, 10, 115, 125
411483.3.peg.1073.site.14, 1, 120, 121
411483.3.peg.1073.site.15, 14, 110, 124
411483.3.peg.1073.site.16, 2, 111, 113
411483.3.peg.1073.site.17, 3, 104, 107
411483.3.peg.1073.site.18, 2, 109, 111
411483.3.peg.1073.site.19, 2, 110, 112
411483.3.peg.1073.site.20, 4, 101, 105
411483.3.peg.1073.site.21, 2, 99, 101
411483.3.peg.1073.site.22, 3, 103, 106
411483.3.peg.1073.site.23, 6, 106, 112
411483.3.peg.1073.site.24, 10, 104, 114
411483.3.peg.1073.site.25, 0, 105, 105
411483.3.peg.1073.site.26, 12, 98, 110
411483.3.peg.1073.site.27, 3, 105, 108
411483.3.peg.1073.site.28, 1, 107, 108
411483.3.peg.1073.site.29, 9, 106, 115
411483.3.peg.1073.site.30, 5, 107, 112
411483.3.peg.1073.site.31, 7, 102, 109
411483.3.peg.1073.site.32, 12, 106, 118
411483.3.peg.1073.site.33, 3, 109, 112
411483.3.peg.1073.site.34, 4, 106, 110
411483.3.peg.1073.site.35, 2, 128, 130
411483.3.peg.1073.site.36, 7, 124, 131
411483.3.peg.1073.site.37, 2, 129, 131
411483.3.peg.1073.site.38, 4, 129, 133
411483.3.peg.1073.site.39, 4, 135, 139
411483.3.peg.1073.site.40, 29, 127, 156
411483.3.peg.1073.site.41, 48, 120, 168
411483.3.peg.1073.site.42, 2, 125, 127
411483.3.peg.1073.site.43, 3, 121, 124
411483.3.peg.1073.site.44, 3, 121, 124
411483.3.peg.1073.site.45, 6, 117, 123
411483.3.peg.1073.site.46, 1, 115, 116
411483.3.peg.1073.site.47, 64, 111, 175
411483.3.peg.1073.site.48, 1, 116, 117
411483.3.peg.1073.site.49, 3, 117, 120
411483.3.peg.1073.site.50, 5, 113, 118
411483.3.peg.1073.site.51, 1, 113, 114
411483.3.peg.1073.site.52, 2, 113, 115
411483.3.peg.1073.site.53, 22, 113, 135
411483.3.peg.1073.site.54, 1, 109, 110
411483.3.peg.1073.site.55, 7, 108, 115
411483.3.peg.1073.site.56, 6, 110, 116
411483.3.peg.1073.site.57, 9, 112, 121
411483.3.peg.1073.site.58, 27, 117, 144
411483.3.peg.1073.site.59, 1, 127, 128
411483.3.peg.1073.site.60, 0, 133, 133
411483.3.peg.1073.site.61, 3, 130, 133
411483.3.peg.1073.site.62, 14, 145, 159
411483.3.peg.1073.site.63, 1, 152, 153
411483.3.peg.1073.site.64, 1, 150, 151
411483.3.peg.1073.site.65, 0, 153, 153
411483.3.peg.1073.site.66, 5, 154, 159
411483.3.peg.1073.site.67, 13, 147, 160
411483.3.peg.1073.site.68, 3, 154, 157
411483.3.peg.1072.site.1, 39, 146, 185
411483.3.peg.1072.site.2, 4, 150, 154
411483.3.peg.1072.site.3, 43, 145, 188
411483.3.peg.1072.site.4, 150, 153, 303
411483.3.peg.1072.site.5, 3, 153, 156
411483.3.peg.1072.site.6, 14, 149, 163
411483.3.peg.1072.site.7, 0, 153, 153
411483.3.peg.1072.site.8, 16, 152, 168
411483.3.peg.1072.site.9, 0, 154, 154
411483.3.peg.1072.site.10, 10, 151, 161
411483.3.peg.1072.site.11, 2, 152, 154
411483.3.peg.1072.site.12, 75, 140, 215
411483.3.peg.1072.site.13, 2, 144, 146
411483.3.peg.1072.site.14, 19, 137, 156
411483.3.peg.1072.site.15, 45, 115, 160
411483.3.peg.1072.site.16, 103, 117, 220
411483.3.peg.1072.site.17, 14, 113, 127
411483.3.peg.1072.site.18, 26, 101, 127
411483.3.peg.1072.site.19, 1, 108, 109
411483.3.peg.1072.site.20, 15, 106, 121
411483.3.peg.1072.site.21, 38, 96, 134
411483.3.peg.1072.site.22, 2, 99, 101
411483.3.peg.1072.site.23, 1, 127, 128
411483.3.peg.1072.site.24, 121, 136, 257
411483.3.peg.1072.site.25, 4, 135, 139
411483.3.peg.1072.site.26, 1, 137, 138
411483.3.peg.1072.site.27, 26, 138, 164
411483.3.peg.1072.site.28, 33, 126, 159
411483.3.peg.1072.site.29, 5, 142, 147
411483.3.peg.1071.site.1, 4, 150, 154
411483.3.peg.1071.site.2, 2, 151, 153
411483.3.peg.1071.site.3, 0, 151, 151
411483.3.peg.1071.site.4, 9, 149, 158
411483.3.peg.1071.site.5, 8, 154, 162
411483.3.peg.1071.site.6, 2, 154, 156
411483.3.peg.1071.site.7, 1, 155, 156
411483.3.peg.1071.site.8, 2, 155, 157
411483.3.peg.1071.site.9, 4, 154, 158
411483.3.peg.1071.site.10, 1, 155, 156
411483.3.peg.1071.site.11, 4, 151, 155
411483.3.peg.1071.site.12, 5, 151, 156
411483.3.peg.1071.site.13, 6, 147, 153
411483.3.peg.1071.site.14, 5, 150, 155
411483.3.peg.1071.site.15, 61, 142, 203
411483.3.peg.1071.site.16, 10, 149, 159
411483.3.peg.1071.site.17, 1, 152, 153
411483.3.peg.1071.site.18, 3, 149, 152
411483.3.peg.1071.site.19, 3, 150, 153
411483.3.peg.1071.site.20, 3, 149, 152
411483.3.peg.1071.site.21, 1, 150, 151
411483.3.peg.1071.site.22, 4, 149, 153
411483.3.peg.1071.site.23, 7, 144, 151
411483.3.peg.1071.site.24, 15, 146, 161
411483.3.peg.1071.site.25, 2, 140, 142
411483.3.peg.1071.site.26, 0, 147, 147
411483.3.peg.1071.site.27, 0, 145, 145
411483.3.peg.1071.site.28, 50, 144, 194
411483.3.peg.1071.site.29, 12, 148, 160
411483.3.peg.1071.site.30, 1, 150, 151
411483.3.peg.1071.site.31, 18, 148, 166
411483.3.peg.1071.site.32, 3, 151, 154
411483.3.peg.1071.site.33, 5, 145, 150
411483.3.peg.1071.site.34, 3, 150, 153
411483.3.peg.1071.site.35, 139, 149, 288
411483.3.peg.1071.site.36, 8, 152, 160
411483.3.peg.1071.site.37, 9, 147, 156
411483.3.peg.1071.site.38, 9, 147, 156
411483.3.peg.1071.site.39, 2, 151, 153
411483.3.peg.1071.site.40, 27, 150, 177
411483.3.peg.1071.site.41, 1, 151, 152
411483.3.peg.1071.site.42, 23, 149, 172
411483.3.peg.1071.site.43, 28, 144, 172
411483.3.peg.1071.site.44, 7, 149, 156
411483.3.peg.1071.site.45, 9, 152, 161
411483.3.peg.1071.site.46, 4, 155, 159
411483.3.peg.1071.site.47, 8, 153, 161
411483.3.peg.1071.site.48, 0, 153, 153
411483.3.peg.1071.site.49, 99, 144, 243
411483.3.peg.1071.site.50, 1, 151, 152
411483.3.peg.1071.site.51, 5, 153, 158
411483.3.peg.1071.site.52, 10, 148, 158
411483.3.peg.1071.site.53, 18, 145, 163
411483.3.peg.1071.site.54, 0, 149, 149
411483.3.peg.1071.site.55, 22, 143, 165
411483.3.peg.1071.site.56, 0, 142, 142
411483.3.peg.1071.site.57, 1, 140, 141
411483.3.peg.1071.site.58, 2, 127, 129
411483.3.peg.1071.site.59, 105, 112, 217
411483.3.peg.1071.site.60, 1, 104, 105
411483.3.peg.1071.site.61, 3, 111, 114
411483.3.peg.1071.site.62, 3, 117, 120
411483.3.peg.1071.site.63, 2, 135, 137
411483.3.peg.1071.site.64, 6, 113, 119
411483.3.peg.1071.site.65, 1, 137, 138
411483.3.peg.1071.site.66, 16, 130, 146
411483.3.peg.1071.site.67, 133, 134, 267
411483.3.peg.1071.site.68, 0, 133, 133
411483.3.peg.1071.site.69, 1, 132, 133
411483.3.peg.1071.site.70, 0, 131, 131
411483.3.peg.1071.site.71, 3, 130, 133
411483.3.peg.1071.site.72, 24, 124, 148
411483.3.peg.1071.site.73, 4, 125, 129
411483.3.peg.1071.site.74, 2, 126, 128
411483.3.peg.1071.site.75, 1, 131, 132
411483.3.peg.1071.site.76, 1, 125, 126
411483.3.peg.1071.site.77, 55, 116, 171
411483.3.peg.1071.site.78, 1, 140, 141
411483.3.peg.1071.site.79, 10, 124, 134
411483.3.peg.1071.site.80, 11, 134, 145
411483.3.peg.1071.site.81, 86, 135, 221
411483.3.peg.1071.site.82, 2, 148, 150
411483.3.peg.1071.site.83, 1, 151, 152
411483.3.peg.1071.site.84, 102, 145, 247
411483.3.peg.1071.site.85, 0, 150, 150
411483.3.peg.1071.site.86, 3, 148, 151
411483.3.peg.1071.site.87, 3, 153, 156
411483.3.peg.1071.site.88, 6, 151, 157
411483.3.peg.1071.site.89, 153, 153, 306
411483.3.peg.1071.site.90, 2, 152, 154
411483.3.peg.1071.site.91, 53, 143, 196
411483.3.peg.1071.site.92, 0, 148, 148
411483.3.peg.1071.site.93, 1, 151, 152
411483.3.peg.1071.site.94, 60, 138, 198
411483.3.peg.1071.site.95, 27, 146, 173
411483.3.peg.1071.site.96, 0, 149, 149
411483.3.peg.1071.site.97, 12, 151, 163
411483.3.peg.1071.site.98, 13, 150, 163
411483.3.peg.1071.site.99, 153, 153, 306
411483.3.peg.1071.site.100, 0, 152, 152
411483.3.peg.1071.site.101, 2, 151, 153
411483.3.peg.1071.site.102, 23, 23, 46
411483.3.peg.1071.site.103, 16, 106, 122
411483.3.peg.1070.site.1, 150, 155, 305
411483.3.peg.1070.site.2, 1, 155, 156
411483.3.peg.1070.site.3, 7, 153, 160
411483.3.peg.1070.site.4, 4, 153, 157
411483.3.peg.1070.site.5, 8, 147, 155
411483.3.peg.1070.site.6, 13, 144, 157
411483.3.peg.1070.site.7, 1, 137, 138
411483.3.peg.1070.site.8, 4, 142, 146
411483.3.peg.1070.site.9, 2, 146, 148
411483.3.peg.1070.site.10, 20, 149, 169
411483.3.peg.1070.site.11, 4, 149, 153
411483.3.peg.1070.site.12, 4, 151, 155
411483.3.peg.1070.site.13, 4, 150, 154
411483.3.peg.1070.site.14, 2, 147, 149
411483.3.peg.1070.site.15, 22, 136, 158
411483.3.peg.1070.site.16, 2, 137, 139
411483.3.peg.1070.site.17, 1, 137, 138
411483.3.peg.1070.site.18, 9, 135, 144
411483.3.peg.1070.site.19, 122, 138, 260
411483.3.peg.1070.site.20, 2, 143, 145
411483.3.peg.1070.site.21, 1, 140, 141
411483.3.peg.1070.site.22, 1, 146, 147
411483.3.peg.1070.site.23, 2, 138, 140
411483.3.peg.1070.site.24, 0, 140, 140
411483.3.peg.1070.site.25, 6, 137, 143
411483.3.peg.1070.site.26, 3, 131, 134
411483.3.peg.1070.site.27, 1, 131, 132
411483.3.peg.1070.site.28, 2, 136, 138
411483.3.peg.1070.site.29, 1, 135, 136
411483.3.peg.1070.site.30, 7, 135, 142
411483.3.peg.1070.site.31, 78, 127, 205
411483.3.peg.1070.site.32, 1, 136, 137
411483.3.peg.1070.site.33, 4, 132, 136
411483.3.peg.1070.site.34, 8, 135, 143
411483.3.peg.1070.site.35, 29, 127, 156
411483.3.peg.1070.site.36, 8, 138, 146
411483.3.peg.1070.site.37, 5, 142, 147
411483.3.peg.1070.site.38, 1, 133, 134
411483.3.peg.1070.site.39, 2, 144, 146
411483.3.peg.1070.site.40, 11, 140, 151
411483.3.peg.1070.site.41, 2, 146, 148
411483.3.peg.1070.site.42, 2, 149, 151
411483.3.peg.1070.site.43, 4, 148, 152
411483.3.peg.1070.site.44, 2, 146, 148
411483.3.peg.1070.site.45, 20, 140, 160
411483.3.peg.1070.site.46, 0, 151, 151
411483.3.peg.1070.site.47, 17, 145, 162
411483.3.peg.1070.site.48, 1, 153, 154
411483.3.peg.1070.site.49, 9, 150, 159
411483.3.peg.1070.site.50, 68, 142, 210
411483.3.peg.1070.site.51, 3, 152, 155
411483.3.peg.1070.site.52, 1, 147, 148
411483.3.peg.1070.site.53, 1, 151, 152
411483.3.peg.1070.site.54, 139, 141, 280
411483.3.peg.1070.site.55, 5, 125, 130
411483.3.peg.1070.site.56, 123, 125, 248
411483.3.peg.1070.site.57, 1, 121, 122
411483.3.peg.1070.site.58, 1, 123, 124
411483.3.peg.1070.site.59, 54, 107, 161
411483.3.peg.1070.site.60, 7, 124, 131
411483.3.peg.1070.site.61, 10, 115, 125
411483.3.peg.1070.site.62, 4, 140, 144
411483.3.peg.1070.site.63, 14, 136, 150
411483.3.peg.1070.site.64, 47, 124, 171
411483.3.peg.1070.site.65, 48, 130, 178
411483.3.peg.1070.site.66, 39, 121, 160
411483.3.peg.1070.site.67, 0, 145, 145
411483.3.peg.1070.site.68, 10, 148, 158
411483.3.peg.1070.site.69, 3, 152, 155
411483.3.peg.1070.site.70, 38, 145, 183
411483.3.peg.1070.site.71, 5, 151, 156
411483.3.peg.1070.site.72, 5, 150, 155
411483.3.peg.1070.site.73, 0, 149, 149
411483.3.peg.1070.site.74, 49, 137, 186
411483.3.peg.1070.site.75, 92, 143, 235
411483.3.peg.1070.site.76, 0, 151, 151
411483.3.peg.1070.site.77, 37, 144, 181
411483.3.peg.1070.site.78, 33, 142, 175
411483.3.peg.1070.site.79, 126, 148, 274
411483.3.peg.1070.site.80, 65, 138, 203
411483.3.peg.1070.site.81, 2, 151, 153
411483.3.peg.1070.site.82, 7, 143, 150
411483.3.peg.1070.site.83, 1, 147, 148
411483.3.peg.1070.site.84, 0, 147, 147
411483.3.peg.1070.site.85, 0, 150, 150
411483.3.peg.1070.site.86, 1, 154, 155
411483.3.peg.1070.site.87, 2, 153, 155
411483.3.peg.319.site.1, 1, 153, 154
411483.3.peg.319.site.2, 1, 155, 156
411483.3.peg.319.site.3, 1, 153, 154
411483.3.peg.319.site.4, 1, 153, 154
411483.3.peg.319.site.5, 1, 152, 153
411483.3.peg.319.site.6, 7, 145, 152
411483.3.peg.319.site.7, 3, 140, 143
411483.3.peg.319.site.8, 3, 140, 143
411483.3.peg.319.site.9, 46, 146, 192
411483.3.peg.319.site.10, 127, 148, 275
411483.3.peg.319.site.11, 4, 150, 154
411483.3.peg.319.site.12, 1, 147, 148
411483.3.peg.319.site.13, 6, 152, 158
411483.3.peg.319.site.14, 1, 154, 155
411483.3.peg.319.site.15, 1, 153, 154
411483.3.peg.319.site.16, 9, 147, 156
411483.3.peg.319.site.17, 2, 148, 150
411483.3.peg.319.site.18, 11, 146, 157
411483.3.peg.319.site.19, 2, 139, 141
411483.3.peg.319.site.20, 4, 147, 151
411483.3.peg.319.site.21, 3, 140, 143
411483.3.peg.319.site.22, 0, 145, 145
411483.3.peg.319.site.23, 147, 147, 294
411483.3.peg.319.site.24, 1, 146, 147
411483.3.peg.319.site.25, 4, 154, 158
411483.3.peg.319.site.26, 4, 154, 158
411483.3.peg.319.site.27, 0, 154, 154
411483.3.peg.319.site.28, 0, 153, 153
411483.3.peg.319.site.29, 5, 153, 158
411483.3.peg.319.site.30, 5, 154, 159
411483.3.peg.319.site.31, 30, 147, 177
411483.3.peg.319.site.32, 3, 154, 157
411483.3.peg.319.site.33, 2, 153, 155
411483.3.peg.319.site.34, 2, 154, 156
411483.3.peg.319.site.35, 1, 154, 155
411483.3.peg.319.site.36, 2, 153, 155
411483.3.peg.319.site.37, 2, 154, 156
411483.3.peg.319.site.38, 150, 152, 302
411483.3.peg.319.site.39, 6, 154, 160
411483.3.peg.319.site.40, 2, 152, 154
411483.3.peg.319.site.41, 3, 153, 156
411483.3.peg.319.site.42, 13, 152, 165
411483.3.peg.319.site.43, 4, 151, 155
411483.3.peg.319.site.44, 2, 153, 155
411483.3.peg.319.site.45, 1, 147, 148
411483.3.peg.319.site.46, 125, 149, 274
411483.3.peg.319.site.47, 126, 149, 275
411483.3.peg.319.site.48, 4, 153, 157
411483.3.peg.319.site.49, 106, 140, 246
411483.3.peg.319.site.50, 3, 154, 157
411483.3.peg.319.site.51, 55, 146, 201
411483.3.peg.319.site.52, 1, 154, 155
411483.3.peg.319.site.53, 2, 153, 155
411483.3.peg.319.site.54, 1, 153, 154
411483.3.peg.319.site.55, 6, 151, 157
411483.3.peg.319.site.56, 16, 154, 170
411483.3.peg.319.site.57, 5, 152, 157
411483.3.peg.319.site.58, 146, 152, 298
411483.3.peg.319.site.59, 7, 152, 159
411483.3.peg.319.site.60, 2, 151, 153
411483.3.peg.319.site.61, 2, 153, 155
411483.3.peg.319.site.62, 19, 149, 168
411483.3.peg.319.site.63, 1, 148, 149
411483.3.peg.319.site.64, 2, 151, 153
411483.3.peg.319.site.65, 3, 154, 157
411483.3.peg.319.site.66, 1, 154, 155
411483.3.peg.319.site.67, 1, 154, 155
411483.3.peg.319.site.68, 6, 152, 158
411483.3.peg.319.site.69, 2, 154, 156
411483.3.peg.319.site.70, 19, 152, 171
411483.3.peg.319.site.71, 8, 151, 159
411483.3.peg.319.site.72, 41, 151, 192
411483.3.peg.1079.site.1, 1, 152, 153
411483.3.peg.1079.site.2, 91, 124, 215
411483.3.peg.1079.site.3, 97, 128, 225
411483.3.peg.1079.site.4, 13, 136, 149
411483.3.peg.1079.site.5, 4, 140, 144
411483.3.peg.1079.site.6, 2, 150, 152
411483.3.peg.1079.site.7, 4, 155, 159
411483.3.peg.1079.site.8, 2, 149, 151
411483.3.peg.1079.site.9, 3, 147, 150
411483.3.peg.1079.site.10, 0, 144, 144
411483.3.peg.1079.site.11, 0, 145, 145
411483.3.peg.1079.site.12, 3, 132, 135
411483.3.peg.1079.site.13, 31, 136, 167
411483.3.peg.1079.site.14, 2, 144, 146
411483.3.peg.1079.site.15, 1, 148, 149
411483.3.peg.1079.site.16, 5, 145, 150
411483.3.peg.1079.site.17, 11, 142, 153
411483.3.peg.1079.site.18, 1, 140, 141
411483.3.peg.1079.site.19, 8, 120, 128
411483.3.peg.1079.site.20, 3, 106, 109
411483.3.peg.1079.site.21, 10, 114, 124
411483.3.peg.1079.site.22, 4, 112, 116
411483.3.peg.1079.site.23, 14, 113, 127
411483.3.peg.1079.site.24, 1, 139, 140
411483.3.peg.1079.site.25, 15, 153, 168
411483.3.peg.1079.site.26, 25, 146, 171
411483.3.peg.1079.site.27, 6, 153, 159
411483.3.peg.1079.site.28, 3, 147, 150
411483.3.peg.1079.site.29, 4, 147, 151
411483.3.peg.1079.site.30, 2, 139, 141
411483.3.peg.1079.site.31, 2, 154, 156
411483.3.peg.1079.site.32, 0, 152, 152
411483.3.peg.1079.site.33, 7, 152, 159
411483.3.peg.1079.site.34, 1, 153, 154
411483.3.peg.1079.site.35, 33, 142, 175
411483.3.peg.1079.site.36, 2, 151, 153
411483.3.peg.1079.site.37, 77, 140, 217
411483.3.peg.1079.site.38, 1, 149, 150
411483.3.peg.1079.site.39, 4, 146, 150
411483.3.peg.1079.site.40, 4, 150, 154
411483.3.peg.1079.site.41, 7, 150, 157
411483.3.peg.1079.site.42, 44, 141, 185
411483.3.peg.1079.site.43, 1, 147, 148
411483.3.peg.1079.site.44, 2, 145, 147
411483.3.peg.1079.site.45, 2, 150, 152
411483.3.peg.1079.site.46, 1, 151, 152
411483.3.peg.1079.site.47, 97, 145, 242
411483.3.peg.1079.site.48, 37, 152, 189
411483.3.peg.1079.site.49, 1, 155, 156
411483.3.peg.1079.site.50, 11, 150, 161
411483.3.peg.1079.site.51, 21, 146, 167
411483.3.peg.1079.site.52, 24, 152, 176
411483.3.peg.1079.site.53, 1, 153, 154
411483.3.peg.1079.site.54, 8, 150, 158
411483.3.peg.1079.site.55, 2, 149, 151
411483.3.peg.1079.site.56, 3, 151, 154
411483.3.peg.1079.site.57, 0, 153, 153
411483.3.peg.1079.site.58, 1, 154, 155
411483.3.peg.1079.site.59, 4, 155, 159
411483.3.peg.1079.site.60, 7, 152, 159
411483.3.peg.1079.site.61, 2, 152, 154
411483.3.peg.1079.site.62, 3, 152, 155
411483.3.peg.1079.site.63, 2, 154, 156
411483.3.peg.1079.site.64, 32, 151, 183
411483.3.peg.1079.site.65, 1, 152, 153
411483.3.peg.1079.site.66, 1, 152, 153
411483.3.peg.1079.site.67, 10, 150, 160
411483.3.peg.1079.site.68, 10, 150, 160
411483.3.peg.1079.site.69, 67, 141, 208
411483.3.peg.1079.site.70, 9, 148, 157
411483.3.peg.1079.site.71, 0, 151, 151
411483.3.peg.1079.site.72, 0, 150, 150
411483.3.peg.1079.site.73, 18, 149, 167
411483.3.peg.1079.site.74, 14, 154, 168
411483.3.peg.1079.site.75, 33, 147, 180
411483.3.peg.1079.site.76, 1, 154, 155
411483.3.peg.1079.site.77, 4, 154, 158
411483.3.peg.1079.site.78, 0, 152, 152
411483.3.peg.1079.site.79, 4, 154, 158
411483.3.peg.1079.site.80, 0, 153, 153
411483.3.peg.1079.site.81, 10, 152, 162
411483.3.peg.1079.site.82, 50, 140, 190
411483.3.peg.1079.site.83, 18, 144, 162
411483.3.peg.1079.site.84, 2, 146, 148
411483.3.peg.1079.site.85, 3, 146, 149
411483.3.peg.1079.site.86, 1, 154, 155
411483.3.peg.1079.site.87, 3, 152, 155
411483.3.peg.1079.site.88, 1, 152, 153
411483.3.peg.1079.site.89, 2, 153, 155
411483.3.peg.1079.site.90, 1, 153, 154
411483.3.peg.1079.site.91, 4, 153, 157
411483.3.peg.1079.site.92, 0, 149, 149
411483.3.peg.1079.site.93, 4, 153, 157
411483.3.peg.1079.site.94, 0, 153, 153
411483.3.peg.1079.site.95, 1, 153, 154
411483.3.peg.1079.site.96, 0, 152, 152
411483.3.peg.1079.site.97, 3, 151, 154
411483.3.peg.1079.site.98, 2, 150, 152
411483.3.peg.1079.site.99, 4, 151, 155
411483.3.peg.1079.site.100, 0, 151, 151
411483.3.peg.1079.site.101, 0, 148, 148
411483.3.peg.1079.site.102, 141, 145, 286
411483.3.peg.1079.site.103, 1, 146, 147
411483.3.peg.1079.site.104, 16, 145, 161
411483.3.peg.1079.site.105, 31, 138, 169
411483.3.peg.1079.site.106, 5, 148, 153
411483.3.peg.1079.site.107, 47, 141, 188
411483.3.peg.1079.site.108, 0, 146, 146
411483.3.peg.1079.site.109, 32, 134, 166
411483.3.peg.1079.site.110, 7, 146, 153
411483.3.peg.1079.site.111, 1, 147, 148
411483.3.peg.1079.site.112, 9, 147, 156
411483.3.peg.1079.site.113, 37, 138, 175
411483.3.peg.1079.site.114, 4, 142, 146
411483.3.peg.1079.site.115, 45, 147, 192
411483.3.peg.1079.site.116, 1, 152, 153
411483.3.peg.1079.site.117, 1, 152, 153
411483.3.peg.1079.site.118, 2, 147, 149
411483.3.peg.1078.site.1, 1, 154, 155
411483.3.peg.1078.site.2, 0, 152, 152
411483.3.peg.1078.site.3, 1, 151, 152
411483.3.peg.1078.site.4, 3, 151, 154
411483.3.peg.1078.site.5, 2, 150, 152
411483.3.peg.1078.site.6, 5, 151, 156
411483.3.peg.1078.site.7, 8, 151, 159
411483.3.peg.1078.site.8, 2, 152, 154
411483.3.peg.1078.site.9, 1, 149, 150
411483.3.peg.1078.site.10, 21, 144, 165
411483.3.peg.1078.site.11, 2, 152, 154
411483.3.peg.1078.site.12, 1, 153, 154
411483.3.peg.1078.site.13, 3, 147, 150
411483.3.peg.1078.site.14, 1, 147, 148
411483.3.peg.1078.site.15, 3, 152, 155
411483.3.peg.950.site.1, 1, 151, 152
411483.3.peg.950.site.2, 6, 153, 159
411483.3.peg.950.site.3, 4, 155, 159
411483.3.peg.950.site.4, 34, 143, 177
411483.3.peg.950.site.5, 7, 154, 161
411483.3.peg.950.site.6, 2, 150, 152
411483.3.peg.950.site.7, 3, 154, 157
411483.3.peg.950.site.8, 1, 154, 155
411483.3.peg.950.site.9, 3, 150, 153
411483.3.peg.950.site.10, 3, 154, 157
411483.3.peg.950.site.11, 1, 154, 155
411483.3.peg.950.site.12, 139, 152, 291
411483.3.peg.950.site.13, 16, 152, 168
411483.3.peg.950.site.14, 2, 151, 153
411483.3.peg.950.site.15, 4, 153, 157
411483.3.peg.950.site.16, 76, 141, 217
411483.3.peg.950.site.17, 1, 150, 151
411483.3.peg.950.site.18, 118, 146, 264
411483.3.peg.950.site.19, 1, 155, 156
411483.3.peg.950.site.20, 1, 153, 154
411483.3.peg.950.site.21, 0, 152, 152
411483.3.peg.950.site.22, 99, 141, 240
411483.3.peg.950.site.23, 3, 152, 155
411483.3.peg.950.site.24, 49, 141, 190
411483.3.peg.950.site.25, 29, 148, 177
411483.3.peg.950.site.26, 2, 154, 156
411483.3.peg.950.site.27, 4, 153, 157
411483.3.peg.950.site.28, 3, 150, 153
411483.3.peg.950.site.29, 23, 148, 171
411483.3.peg.950.site.30, 33, 144, 177
411483.3.peg.950.site.31, 3, 151, 154
411483.3.peg.950.site.32, 3, 155, 158
411483.3.peg.950.site.33, 92, 143, 235
411483.3.peg.950.site.34, 0, 149, 149
411483.3.peg.950.site.35, 1, 150, 151
411483.3.peg.950.site.36, 7, 151, 158
411483.3.peg.950.site.37, 1, 147, 148
411483.3.peg.950.site.38, 73, 144, 217
411483.3.peg.950.site.39, 58, 140, 198
411483.3.peg.950.site.40, 2, 150, 152
411483.3.peg.950.site.41, 11, 150, 161
411483.3.peg.950.site.42, 3, 152, 155
411483.3.peg.950.site.43, 10, 149, 159
411483.3.peg.950.site.44, 2, 152, 154
411483.3.peg.950.site.45, 3, 154, 157
411483.3.peg.950.site.46, 1, 153, 154
411483.3.peg.950.site.47, 4, 154, 158
411483.3.peg.950.site.48, 49, 142, 191
411483.3.peg.950.site.49, 9, 151, 160
411483.3.peg.950.site.50, 1, 150, 151
411483.3.peg.950.site.51, 14, 142, 156
411483.3.peg.950.site.52, 4, 147, 151
411483.3.peg.950.site.53, 2, 151, 153
411483.3.peg.950.site.54, 53, 138, 191
411483.3.peg.950.site.55, 0, 151, 151
411483.3.peg.950.site.56, 5, 149, 154
411483.3.peg.950.site.57, 14, 149, 163
411483.3.peg.950.site.58, 2, 153, 155
411483.3.peg.950.site.59, 6, 152, 158
411483.3.peg.950.site.60, 74, 139, 213
411483.3.peg.950.site.61, 12, 151, 163
411483.3.peg.950.site.62, 16, 144, 160
411483.3.peg.950.site.63, 10, 148, 158
411483.3.peg.950.site.64, 3, 152, 155
411483.3.peg.950.site.65, 3, 151, 154
411483.3.peg.950.site.66, 8, 138, 146
411483.3.peg.950.site.67, 2, 149, 151
411483.3.peg.950.site.68, 7, 152, 159
411483.3.peg.950.site.69, 5, 149, 154
411483.3.peg.950.site.70, 9, 148, 157
411483.3.peg.950.site.71, 0, 153, 153
411483.3.peg.951.site.1, 17, 51, 68
411483.3.peg.951.site.2, 7, 69, 76
411483.3.peg.951.site.3, 7, 70, 77
411483.3.peg.951.site.4, 11, 74, 85
411483.3.peg.951.site.5, 49, 78, 127
411483.3.peg.951.site.6, 54, 84, 138
411483.3.peg.951.site.7, 5, 98, 103
411483.3.peg.951.site.8, 1, 140, 141
411483.3.peg.951.site.9, 5, 136, 141
411483.3.peg.951.site.10, 5, 133, 138
411483.3.peg.951.site.11, 36, 135, 171
411483.3.peg.951.site.12, 4, 135, 139
411483.3.peg.951.site.13, 1, 138, 139
411483.3.peg.951.site.14, 111, 130, 241
411483.3.peg.951.site.15, 4, 135, 139
411483.3.peg.951.site.16, 4, 144, 148
411483.3.peg.951.site.17, 34, 137, 171
411483.3.peg.951.site.18, 11, 133, 144
411483.3.peg.951.site.19, 2, 135, 137
411483.3.peg.951.site.20, 2, 132, 134
411483.3.peg.951.site.21, 5, 119, 124
411483.3.peg.951.site.22, 32, 101, 133
411483.3.peg.951.site.23, 7, 111, 118
411483.3.peg.951.site.24, 28, 102, 130
411483.3.peg.951.site.25, 1, 100, 101
411483.3.peg.951.site.26, 43, 87, 130
411483.3.peg.951.site.27, 43, 82, 125
411483.3.peg.951.site.28, 0, 88, 88
411483.3.peg.951.site.29, 2, 87, 89
411483.3.peg.951.site.30, 5, 83, 88
411483.3.peg.951.site.31, 0, 82, 82
411483.3.peg.951.site.32, 2, 86, 88
411483.3.peg.951.site.33, 3, 77, 80
411483.3.peg.951.site.34, 1, 85, 86
411483.3.peg.951.site.35, 2, 88, 90
411483.3.peg.951.site.36, 3, 85, 88
411483.3.peg.951.site.37, 7, 85, 92
411483.3.peg.951.site.38, 39, 69, 108
411483.3.peg.951.site.39, 0, 78, 78
411483.3.peg.951.site.40, 23, 80, 103
411483.3.peg.951.site.41, 18, 78, 96
411483.3.peg.951.site.42, 27, 72, 99
411483.3.peg.951.site.43, 0, 95, 95
411483.3.peg.951.site.44, 35, 87, 122
411483.3.peg.951.site.45, 51, 97, 148
411483.3.peg.951.site.46, 71, 107, 178
411483.3.peg.951.site.47, 18, 119, 137
411483.3.peg.951.site.48, 4, 142, 146
411483.3.peg.951.site.49, 5, 132, 137
411483.3.peg.951.site.50, 65, 138, 203
411483.3.peg.951.site.51, 3, 150, 153
411483.3.peg.951.site.52, 4, 147, 151
411483.3.peg.951.site.53, 3, 150, 153
411483.3.peg.951.site.54, 74, 143, 217
411483.3.peg.951.site.55, 0, 150, 150
411483.3.peg.951.site.56, 32, 145, 177
411483.3.peg.951.site.57, 3, 151, 154
411483.3.peg.951.site.58, 0, 152, 152
411483.3.peg.951.site.59, 14, 151, 165
411483.3.peg.229.site.1, 2, 151, 153
411483.3.peg.229.site.2, 6, 149, 155
411483.3.peg.229.site.3, 0, 150, 150
411483.3.peg.229.site.4, 5, 151, 156
411483.3.peg.229.site.5, 3, 149, 152
411483.3.peg.229.site.6, 2, 151, 153
411483.3.peg.229.site.7, 0, 150, 150
411483.3.peg.229.site.8, 2, 148, 150
411483.3.peg.229.site.9, 2, 150, 152
411483.3.peg.229.site.10, 3, 151, 154
411483.3.peg.229.site.11, 0, 153, 153
411483.3.peg.229.site.12, 1, 153, 154
411483.3.peg.229.site.13, 4, 153, 157
411483.3.peg.229.site.14, 2, 152, 154
411483.3.peg.229.site.15, 5, 152, 157
411483.3.peg.229.site.16, 1, 153, 154
411483.3.peg.229.site.17, 3, 152, 155
411483.3.peg.229.site.18, 116, 144, 260
411483.3.peg.229.site.19, 1, 150, 151
411483.3.peg.229.site.20, 6, 149, 155
411483.3.peg.229.site.21, 1, 137, 138
411483.3.peg.229.site.22, 2, 128, 130
411483.3.peg.229.site.23, 0, 115, 115
411483.3.peg.229.site.24, 7, 79, 86
411483.3.peg.229.site.25, 5, 79, 84
411483.3.peg.229.site.26, 5, 79, 84
411483.3.peg.558.site.1, 40, 44, 84
411483.3.peg.558.site.2, 0, 103, 103
411483.3.peg.558.site.3, 1, 106, 107
411483.3.peg.558.site.4, 4, 116, 120
411483.3.peg.558.site.5, 5, 114, 119
411483.3.peg.558.site.6, 1, 128, 129
411483.3.peg.558.site.7, 10, 123, 133
411483.3.peg.558.site.8, 2, 143, 145
411483.3.peg.558.site.9, 0, 149, 149
411483.3.peg.558.site.10, 3, 152, 155
411483.3.peg.558.site.11, 53, 142, 195
411483.3.peg.558.site.12, 0, 152, 152
411483.3.peg.558.site.13, 1, 153, 154
411483.3.peg.558.site.14, 2, 154, 156
411483.3.peg.558.site.15, 2, 152, 154
411483.3.peg.558.site.16, 18, 153, 171
411483.3.peg.558.site.17, 1, 154, 155
411483.3.peg.558.site.18, 1, 153, 154
411483.3.peg.558.site.19, 1, 150, 151
411483.3.peg.558.site.20, 1, 153, 154
411483.3.peg.558.site.21, 11, 147, 158
411483.3.peg.558.site.22, 5, 149, 154
411483.3.peg.558.site.23, 0, 151, 151
411483.3.peg.558.site.24, 1, 150, 151
411483.3.peg.558.site.25, 2, 150, 152
411483.3.peg.558.site.26, 2, 150, 152
411483.3.peg.558.site.27, 0, 147, 147
411483.3.peg.558.site.28, 7, 148, 155
411483.3.peg.558.site.29, 21, 148, 169
411483.3.peg.558.site.30, 148, 149, 297
411483.3.peg.558.site.31, 2, 152, 154
411483.3.peg.558.site.32, 2, 151, 153
411483.3.peg.558.site.33, 1, 146, 147
411483.3.peg.558.site.34, 1, 132, 133
411483.3.peg.558.site.35, 3, 137, 140
411483.3.peg.558.site.36, 126, 132, 258
411483.3.peg.558.site.37, 2, 128, 130
411483.3.peg.558.site.38, 100, 113, 213
411483.3.peg.558.site.39, 32, 126, 158
411483.3.peg.558.site.40, 1, 136, 137
411483.3.peg.558.site.41, 2, 133, 135
411483.3.peg.558.site.42, 15, 133, 148
411483.3.peg.558.site.43, 16, 135, 151
411483.3.peg.558.site.44, 1, 138, 139
411483.3.peg.558.site.45, 2, 126, 128
411483.3.peg.558.site.46, 3, 133, 136
411483.3.peg.558.site.47, 2, 130, 132
411483.3.peg.558.site.48, 3, 117, 120
411483.3.peg.558.site.49, 2, 105, 107
411483.3.peg.558.site.50, 2, 109, 111
411483.3.peg.558.site.51, 3, 115, 118
411483.3.peg.558.site.52, 0, 110, 110
411483.3.peg.558.site.53, 9, 119, 128
411483.3.peg.558.site.54, 1, 122, 123
411483.3.peg.558.site.55, 5, 124, 129
411483.3.peg.558.site.56, 3, 144, 147
411483.3.peg.558.site.57, 12, 146, 158
411483.3.peg.558.site.58, 1, 148, 149
411483.3.peg.558.site.59, 2, 149, 151
411483.3.peg.558.site.60, 1, 142, 143
411483.3.peg.558.site.61, 4, 137, 141
411483.3.peg.558.site.62, 5, 130, 135
411483.3.peg.558.site.63, 20, 140, 160
411483.3.peg.558.site.64, 1, 141, 142
411483.3.peg.558.site.65, 6, 142, 148
411483.3.peg.558.site.66, 1, 138, 139
411483.3.peg.558.site.67, 2, 146, 148
411483.3.peg.558.site.68, 2, 145, 147
411483.3.peg.558.site.69, 4, 144, 148
411483.3.peg.558.site.70, 3, 143, 146
411483.3.peg.558.site.71, 65, 132, 197
411483.3.peg.558.site.72, 2, 142, 144
411483.3.peg.558.site.73, 0, 150, 150
411483.3.peg.558.site.74, 3, 149, 152
411483.3.peg.558.site.75, 148, 149, 297
411483.3.peg.558.site.76, 0, 154, 154
411483.3.peg.558.site.77, 1, 151, 152
411483.3.peg.558.site.78, 1, 150, 151
411483.3.peg.558.site.79, 5, 152, 157
411483.3.peg.558.site.80, 18, 152, 170
411483.3.peg.558.site.81, 155, 155, 310
411483.3.peg.558.site.82, 14, 153, 167
411483.3.peg.558.site.83, 153, 153, 306
411483.3.peg.559.site.1, 2, 155, 157
411483.3.peg.559.site.2, 3, 152, 155
411483.3.peg.559.site.3, 2, 148, 150
411483.3.peg.559.site.4, 0, 150, 150
411483.3.peg.559.site.5, 12, 148, 160
411483.3.peg.559.site.6, 3, 145, 148
411483.3.peg.559.site.7, 77, 135, 212
411483.3.peg.559.site.8, 36, 139, 175
411483.3.peg.559.site.9, 3, 142, 145
411483.3.peg.559.site.10, 1, 144, 145
411483.3.peg.559.site.11, 3, 136, 139
411483.3.peg.559.site.12, 1, 136, 137
411483.3.peg.559.site.13, 0, 119, 119
411483.3.peg.559.site.14, 75, 98, 173
411483.3.peg.559.site.15, 3, 116, 119
411483.3.peg.559.site.16, 4, 117, 121
411483.3.peg.559.site.17, 13, 120, 133
411483.3.peg.559.site.18, 2, 120, 122
411483.3.peg.559.site.19, 2, 121, 123
411483.3.peg.559.site.20, 0, 132, 132
411483.3.peg.559.site.21, 7, 120, 127
411483.3.peg.559.site.22, 41, 116, 157
411483.3.peg.559.site.23, 36, 122, 158
411483.3.peg.559.site.24, 83, 134, 217
411483.3.peg.559.site.25, 9, 139, 148
411483.3.peg.559.site.26, 1, 146, 147
411483.3.peg.559.site.27, 3, 147, 150
411483.3.peg.559.site.28, 149, 149, 298
411483.3.peg.559.site.29, 0, 151, 151
411483.3.peg.559.site.30, 5, 150, 155
411483.3.peg.559.site.31, 2, 149, 151
411483.3.peg.559.site.32, 2, 151, 153
411483.3.peg.559.site.33, 5, 151, 156
411483.3.peg.559.site.34, 6, 142, 148
411483.3.peg.559.site.35, 3, 150, 153
411483.3.peg.559.site.36, 2, 142, 144
411483.3.peg.559.site.37, 7, 142, 149
411483.3.peg.559.site.38, 6, 139, 145
411483.3.peg.559.site.39, 12, 140, 152
411483.3.peg.559.site.40, 3, 141, 144
411483.3.peg.559.site.41, 0, 149, 149
411483.3.peg.559.site.42, 1, 148, 149
411483.3.peg.559.site.43, 2, 151, 153
411483.3.peg.559.site.44, 1, 153, 154
411483.3.peg.559.site.45, 4, 153, 157
411483.3.peg.559.site.46, 7, 149, 156
411483.3.peg.559.site.47, 3, 154, 157
411483.3.peg.559.site.48, 3, 147, 150
411483.3.peg.559.site.49, 6, 149, 155
411483.3.peg.559.site.50, 5, 148, 153
411483.3.peg.559.site.51, 1, 152, 153
411483.3.peg.559.site.52, 8, 152, 160
411483.3.peg.559.site.53, 2, 153, 155
411483.3.peg.559.site.54, 56, 147, 203
411483.3.peg.559.site.55, 1, 152, 153
411483.3.peg.559.site.56, 6, 153, 159
411483.3.peg.559.site.57, 36, 146, 182
411483.3.peg.559.site.58, 5, 153, 158
411483.3.peg.559.site.59, 2, 150, 152
411483.3.peg.559.site.60, 5, 153, 158
411483.3.peg.559.site.61, 14, 149, 163
411483.3.peg.559.site.62, 1, 153, 154
411483.3.peg.559.site.63, 16, 148, 164
411483.3.peg.559.site.64, 9, 155, 164
411483.3.peg.559.site.65, 1, 151, 152
411483.3.peg.559.site.66, 6, 146, 152
411483.3.peg.559.site.67, 1, 151, 152
411483.3.peg.559.site.68, 0, 154, 154
411483.3.peg.559.site.69, 14, 150, 164
411483.3.peg.559.site.70, 3, 147, 150
411483.3.peg.559.site.71, 4, 147, 151
411483.3.peg.559.site.72, 2, 146, 148
411483.3.peg.559.site.73, 1, 143, 144
411483.3.peg.559.site.74, 1, 150, 151
411483.3.peg.559.site.75, 11, 146, 157
411483.3.peg.559.site.76, 2, 153, 155
411483.3.peg.559.site.77, 2, 150, 152
411483.3.peg.559.site.78, 2, 155, 157
411483.3.peg.559.site.79, 1, 153, 154
411483.3.peg.559.site.80, 5, 153, 158
411483.3.peg.559.site.81, 4, 152, 156
411483.3.peg.559.site.82, 1, 151, 152
411483.3.peg.559.site.83, 111, 142, 253
411483.3.peg.559.site.84, 34, 138, 172
411483.3.peg.559.site.85, 75, 136, 211
411483.3.peg.559.site.86, 21, 144, 165
411483.3.peg.559.site.87, 147, 147, 294
411483.3.peg.559.site.88, 19, 140, 159
411483.3.peg.559.site.89, 5, 151, 156
411483.3.peg.559.site.90, 3, 151, 154
411483.3.peg.559.site.91, 1, 151, 152
411483.3.peg.559.site.92, 9, 153, 162
411483.3.peg.559.site.93, 36, 146, 182
411483.3.peg.559.site.94, 2, 151, 153
411483.3.peg.559.site.95, 0, 151, 151
411483.3.peg.559.site.96, 2, 148, 150
411483.3.peg.559.site.97, 1, 146, 147
411483.3.peg.559.site.98, 1, 149, 150
411483.3.peg.559.site.99, 2, 150, 152
411483.3.peg.559.site.100, 9, 151, 160
411483.3.peg.559.site.101, 39, 145, 184
411483.3.peg.559.site.102, 8, 149, 157
411483.3.peg.559.site.103, 0, 153, 153
411483.3.peg.559.site.104, 3, 152, 155
411483.3.peg.559.site.105, 9, 151, 160
411483.3.peg.559.site.106, 3, 153, 156
411483.3.peg.559.site.107, 56, 149, 205
411483.3.peg.559.site.108, 1, 154, 155
411483.3.peg.559.site.109, 2, 154, 156
411483.3.peg.559.site.110, 0, 153, 153
411483.3.peg.559.site.111, 38, 143, 181
411483.3.peg.559.site.112, 2, 151, 153
411483.3.peg.559.site.113, 1, 151, 152
411483.3.peg.559.site.114, 8, 153, 161
411483.3.peg.559.site.115, 1, 149, 150
411483.3.peg.559.site.116, 1, 155, 156
411483.3.peg.559.site.117, 149, 151, 300
411483.3.peg.559.site.118, 1, 153, 154
411483.3.peg.559.site.119, 2, 152, 154
411483.3.peg.559.site.120, 28, 142, 170
411483.3.peg.559.site.121, 1, 152, 153
411483.3.peg.559.site.122, 6, 152, 158
411483.3.peg.559.site.123, 10, 146, 156
411483.3.peg.559.site.124, 2, 152, 154
411483.3.peg.559.site.125, 7, 150, 157
411483.3.peg.559.site.126, 1, 150, 151
411483.3.peg.559.site.127, 1, 149, 150
411483.3.peg.559.site.128, 47, 139, 186
411483.3.peg.559.site.129, 1, 144, 145
411483.3.peg.559.site.130, 2, 141, 143
411483.3.peg.559.site.131, 0, 137, 137
411483.3.peg.559.site.132, 10, 130, 140
411483.3.peg.559.site.133, 4, 120, 124
411483.3.peg.559.site.134, 2, 128, 130
411483.3.peg.559.site.135, 1, 130, 131
411483.3.peg.559.site.136, 37, 125, 162
411483.3.peg.559.site.137, 9, 130, 139
411483.3.peg.559.site.138, 34, 135, 169
411483.3.peg.559.site.139, 10, 146, 156
411483.3.peg.559.site.140, 17, 146, 163
411483.3.peg.559.site.141, 2, 149, 151
411483.3.peg.559.site.142, 1, 149, 150
411483.3.peg.559.site.143, 4, 147, 151
411483.3.peg.559.site.144, 14, 149, 163
411483.3.peg.559.site.145, 8, 152, 160
411483.3.peg.559.site.146, 7, 154, 161
411483.3.peg.559.site.147, 8, 153, 161
411483.3.peg.559.site.148, 65, 142, 207
411483.3.peg.559.site.149, 1, 155, 156
411483.3.peg.559.site.150, 2, 153, 155
411483.3.peg.559.site.151, 1, 153, 154
411483.3.peg.559.site.152, 7, 153, 160
411483.3.peg.559.site.153, 1, 154, 155
411483.3.peg.559.site.154, 105, 143, 248
411483.3.peg.559.site.155, 1, 153, 154
411483.3.peg.559.site.156, 27, 147, 174
411483.3.peg.559.site.157, 1, 153, 154
411483.3.peg.559.site.158, 0, 152, 152
411483.3.peg.559.site.159, 2, 152, 154
411483.3.peg.559.site.160, 0, 151, 151
411483.3.peg.559.site.161, 10, 149, 159
411483.3.peg.559.site.162, 1, 152, 153
411483.3.peg.559.site.163, 1, 154, 155
411483.3.peg.559.site.164, 5, 152, 157
411483.3.peg.559.site.165, 2, 154, 156
411483.3.peg.559.site.166, 0, 153, 153
411483.3.peg.559.site.167, 7, 153, 160
411483.3.peg.559.site.168, 1, 153, 154
411483.3.peg.559.site.169, 3, 153, 156
411483.3.peg.559.site.170, 2, 153, 155
411483.3.peg.559.site.171, 18, 148, 166
411483.3.peg.559.site.172, 3, 148, 151
411483.3.peg.559.site.173, 1, 144, 145
411483.3.peg.559.site.174, 7, 125, 132
411483.3.peg.559.site.175, 7, 128, 135
411483.3.peg.559.site.176, 0, 130, 130
411483.3.peg.559.site.177, 71, 121, 192
411483.3.peg.559.site.178, 0, 138, 138
411483.3.peg.559.site.179, 3, 135, 138
411483.3.peg.559.site.180, 2, 148, 150
411483.3.peg.559.site.181, 0, 147, 147
411483.3.peg.559.site.182, 88, 136, 224
411483.3.peg.559.site.183, 2, 145, 147
411483.3.peg.559.site.184, 0, 148, 148
411483.3.peg.559.site.185, 2, 146, 148
411483.3.peg.559.site.186, 4, 138, 142
411483.3.peg.559.site.187, 1, 138, 139
411483.3.peg.559.site.188, 1, 137, 138
411483.3.peg.559.site.189, 1, 134, 135
411483.3.peg.559.site.190, 89, 123, 212
411483.3.peg.559.site.191, 3, 122, 125
411483.3.peg.559.site.192, 0, 133, 133
411483.3.peg.559.site.193, 10, 126, 136
411483.3.peg.559.site.194, 3, 125, 128
411483.3.peg.559.site.195, 31, 123, 154
411483.3.peg.559.site.196, 2, 143, 145
411483.3.peg.559.site.197, 2, 143, 145
411483.3.peg.559.site.198, 19, 133, 152
411483.3.peg.559.site.199, 1, 143, 144
411483.3.peg.559.site.200, 0, 147, 147
411483.3.peg.559.site.201, 3, 148, 151
411483.3.peg.559.site.202, 1, 149, 150
411483.3.peg.559.site.203, 4, 147, 151
411483.3.peg.559.site.204, 0, 148, 148
411483.3.peg.559.site.205, 38, 140, 178
411483.3.peg.559.site.206, 24, 138, 162
411483.3.peg.559.site.207, 9, 149, 158
411483.3.peg.559.site.208, 3, 149, 152
411483.3.peg.559.site.209, 5, 146, 151
411483.3.peg.559.site.210, 18, 137, 155
411483.3.peg.559.site.211, 1, 132, 133
411483.3.peg.559.site.212, 4, 118, 122
411483.3.peg.559.site.213, 3, 131, 134
411483.3.peg.559.site.214, 6, 128, 134
411483.3.peg.559.site.215, 2, 141, 143
411483.3.peg.559.site.216, 12, 143, 155
411483.3.peg.559.site.217, 0, 153, 153
411483.3.peg.559.site.218, 2, 155, 157
411483.3.peg.552.site.1, 9, 145, 154
411483.3.peg.552.site.2, 2, 150, 152
411483.3.peg.552.site.3, 4, 155, 159
411483.3.peg.552.site.4, 152, 155, 307
411483.3.peg.552.site.5, 4, 152, 156
411483.3.peg.552.site.6, 3, 151, 154
411483.3.peg.552.site.7, 1, 151, 152
411483.3.peg.552.site.8, 2, 153, 155
411483.3.peg.552.site.9, 2, 151, 153
411483.3.peg.552.site.10, 2, 153, 155
411483.3.peg.552.site.11, 10, 140, 150
411483.3.peg.552.site.12, 16, 123, 139
411483.3.peg.552.site.13, 10, 128, 138
411483.3.peg.552.site.14, 1, 138, 139
411483.3.peg.552.site.15, 0, 127, 127
411483.3.peg.552.site.16, 1, 149, 150
411483.3.peg.552.site.17, 0, 149, 149
411483.3.peg.552.site.18, 0, 151, 151
411483.3.peg.552.site.19, 2, 154, 156
411483.3.peg.552.site.20, 1, 153, 154
411483.3.peg.552.site.21, 0, 153, 153
411483.3.peg.552.site.22, 5, 145, 150
411483.3.peg.552.site.23, 1, 150, 151
411483.3.peg.552.site.24, 1, 153, 154
411483.3.peg.552.site.25, 3, 145, 148
411483.3.peg.552.site.26, 6, 150, 156
411483.3.peg.552.site.27, 3, 131, 134
411483.3.peg.552.site.28, 8, 131, 139
411483.3.peg.552.site.29, 0, 134, 134
411483.3.peg.552.site.30, 6, 131, 137
411483.3.peg.552.site.31, 1, 131, 132
411483.3.peg.552.site.32, 2, 145, 147
411483.3.peg.552.site.33, 2, 138, 140
411483.3.peg.552.site.34, 0, 144, 144
411483.3.peg.552.site.35, 1, 122, 123
411483.3.peg.552.site.36, 0, 147, 147
411483.3.peg.552.site.37, 6, 149, 155
411483.3.peg.552.site.38, 2, 149, 151
411483.3.peg.552.site.39, 1, 148, 149
411483.3.peg.552.site.40, 3, 143, 146
411483.3.peg.552.site.41, 1, 148, 149
411483.3.peg.552.site.42, 3, 139, 142
411483.3.peg.552.site.43, 143, 146, 289
411483.3.peg.552.site.44, 1, 148, 149
411483.3.peg.552.site.45, 2, 149, 151
411483.3.peg.552.site.46, 1, 141, 142
411483.3.peg.552.site.47, 0, 144, 144
411483.3.peg.552.site.48, 7, 143, 150
411483.3.peg.552.site.49, 1, 143, 144
411483.3.peg.221.site.1, 3, 134, 137
411483.3.peg.221.site.2, 2, 139, 141
411483.3.peg.221.site.3, 3, 140, 143
411483.3.peg.221.site.4, 4, 141, 145
411483.3.peg.221.site.5, 5, 148, 153
411483.3.peg.221.site.6, 64, 142, 206
411483.3.peg.221.site.7, 5, 151, 156
411483.3.peg.221.site.8, 10, 153, 163
411483.3.peg.221.site.9, 4, 154, 158
411483.3.peg.221.site.10, 6, 154, 160
411483.3.peg.221.site.11, 18, 153, 171
411483.3.peg.221.site.12, 5, 153, 158
411483.3.peg.221.site.13, 1, 153, 154
411483.3.peg.221.site.14, 0, 153, 153
411483.3.peg.221.site.15, 2, 155, 157
411483.3.peg.221.site.16, 1, 155, 156
411483.3.peg.550.site.1, 3, 148, 151
411483.3.peg.550.site.2, 1, 146, 147
411483.3.peg.550.site.3, 2, 146, 148
411483.3.peg.550.site.4, 2, 148, 150
411483.3.peg.550.site.5, 3, 146, 149
411483.3.peg.550.site.6, 6, 146, 152
411483.3.peg.550.site.7, 1, 148, 149
411483.3.peg.550.site.8, 0, 146, 146
411483.3.peg.550.site.9, 27, 138, 165
411483.3.peg.556.site.1, 9, 151, 160
411483.3.peg.556.site.2, 5, 154, 159
411483.3.peg.556.site.3, 12, 151, 163
411483.3.peg.556.site.4, 138, 155, 293
411483.3.peg.556.site.5, 0, 155, 155
411483.3.peg.556.site.6, 0, 152, 152
411483.3.peg.556.site.7, 3, 151, 154
411483.3.peg.556.site.8, 3, 150, 153
411483.3.peg.556.site.9, 1, 148, 149
411483.3.peg.556.site.10, 4, 145, 149
411483.3.peg.556.site.11, 0, 140, 140
411483.3.peg.556.site.12, 1, 148, 149
411483.3.peg.556.site.13, 13, 152, 165
411483.3.peg.556.site.14, 17, 152, 169
411483.3.peg.556.site.15, 1, 155, 156
411483.3.peg.556.site.16, 3, 155, 158
411483.3.peg.556.site.17, 3, 149, 152
411483.3.peg.556.site.18, 4, 154, 158
411483.3.peg.556.site.19, 7, 149, 156
411483.3.peg.556.site.20, 17, 149, 166
411483.3.peg.556.site.21, 26, 149, 175
411483.3.peg.556.site.22, 0, 155, 155
411483.3.peg.556.site.23, 0, 155, 155
411483.3.peg.556.site.24, 1, 153, 154
411483.3.peg.556.site.25, 3, 154, 157
411483.3.peg.556.site.26, 1, 152, 153
411483.3.peg.556.site.27, 1, 154, 155
411483.3.peg.556.site.28, 1, 155, 156
411483.3.peg.556.site.29, 149, 154, 303
411483.3.peg.556.site.30, 3, 152, 155
411483.3.peg.556.site.31, 11, 148, 159
411483.3.peg.556.site.32, 0, 155, 155
411483.3.peg.556.site.33, 1, 155, 156
411483.3.peg.556.site.34, 3, 155, 158
411483.3.peg.556.site.35, 1, 154, 155
411483.3.peg.556.site.36, 7, 153, 160
411483.3.peg.556.site.37, 0, 152, 152
411483.3.peg.556.site.38, 6, 153, 159
411483.3.peg.556.site.39, 0, 153, 153
411483.3.peg.556.site.40, 9, 148, 157
411483.3.peg.556.site.41, 0, 153, 153
411483.3.peg.556.site.42, 3, 154, 157
411483.3.peg.556.site.43, 3, 155, 158
411483.3.peg.556.site.44, 0, 155, 155
411483.3.peg.556.site.45, 3, 155, 158
411483.3.peg.556.site.46, 0, 155, 155
411483.3.peg.556.site.47, 5, 154, 159
411483.3.peg.556.site.48, 79, 145, 224
411483.3.peg.556.site.49, 2, 154, 156
411483.3.peg.556.site.50, 2, 154, 156
411483.3.peg.225.site.1, 8, 149, 157
411483.3.peg.225.site.2, 3, 150, 153
411483.3.peg.225.site.3, 2, 151, 153
411483.3.peg.225.site.4, 12, 147, 159
411483.3.peg.225.site.5, 145, 147, 292
411483.3.peg.225.site.6, 7, 144, 151
411483.3.peg.225.site.7, 5, 150, 155
411483.3.peg.225.site.8, 0, 147, 147
411483.3.peg.225.site.9, 3, 151, 154
411483.3.peg.225.site.10, 8, 151, 159
411483.3.peg.225.site.11, 92, 144, 236
411483.3.peg.225.site.12, 7, 155, 162
411483.3.peg.225.site.13, 2, 153, 155
411483.3.peg.225.site.14, 14, 151, 165
411483.3.peg.225.site.15, 3, 153, 156
411483.3.peg.225.site.16, 41, 145, 186
411483.3.peg.225.site.17, 4, 150, 154
411483.3.peg.225.site.18, 4, 151, 155
411483.3.peg.225.site.19, 0, 149, 149
411483.3.peg.225.site.20, 3, 147, 150
411483.3.peg.225.site.21, 11, 148, 159
411483.3.peg.225.site.22, 150, 152, 302
411483.3.peg.225.site.23, 9, 153, 162
411483.3.peg.225.site.24, 11, 153, 164
411483.3.peg.225.site.25, 3, 155, 158
411483.3.peg.225.site.26, 1, 155, 156
411483.3.peg.225.site.27, 0, 153, 153
411483.3.peg.225.site.28, 152, 154, 306
411483.3.peg.225.site.29, 26, 153, 179
411483.3.peg.225.site.30, 2, 155, 157
411483.3.peg.225.site.31, 1, 155, 156
411483.3.peg.225.site.32, 5, 152, 157
411483.3.peg.225.site.33, 7, 151, 158
411483.3.peg.225.site.34, 13, 155, 168
411483.3.peg.225.site.35, 9, 154, 163
411483.3.peg.225.site.36, 1, 153, 154
411483.3.peg.225.site.37, 1, 153, 154
411483.3.peg.225.site.38, 11, 154, 165
411483.3.peg.225.site.39, 2, 155, 157
411483.3.peg.225.site.40, 2, 155, 157
411483.3.peg.225.site.41, 15, 154, 169
411483.3.peg.225.site.42, 2, 152, 154
411483.3.peg.225.site.43, 24, 149, 173
411483.3.peg.225.site.44, 141, 154, 295
411483.3.peg.225.site.45, 0, 153, 153
411483.3.peg.225.site.46, 1, 154, 155
411483.3.peg.225.site.47, 9, 150, 159
411483.3.peg.225.site.48, 1, 153, 154
411483.3.peg.225.site.49, 2, 155, 157
411483.3.peg.225.site.50, 1, 153, 154
411483.3.peg.555.site.1, 81, 130, 211
411483.3.peg.555.site.2, 2, 145, 147
411483.3.peg.555.site.3, 0, 147, 147
411483.3.peg.555.site.4, 3, 151, 154
411483.3.peg.555.site.5, 0, 148, 148
411483.3.peg.555.site.6, 0, 154, 154
411483.3.peg.555.site.7, 5, 154, 159
411483.3.peg.555.site.8, 11, 152, 163
411483.3.peg.555.site.9, 0, 154, 154
411483.3.peg.555.site.10, 12, 152, 164
411483.3.peg.555.site.11, 2, 153, 155
411483.3.peg.555.site.12, 4, 153, 157
411483.3.peg.555.site.13, 3, 152, 155
411483.3.peg.555.site.14, 4, 149, 153
411483.3.peg.555.site.15, 4, 149, 153
411483.3.peg.555.site.16, 3, 154, 157
411483.3.peg.555.site.17, 7, 152, 159
411483.3.peg.555.site.18, 2, 154, 156
411483.3.peg.555.site.19, 4, 154, 158
411483.3.peg.555.site.20, 13, 148, 161
411483.3.peg.555.site.21, 4, 154, 158
411483.3.peg.555.site.22, 1, 155, 156
411483.3.peg.555.site.23, 22, 147, 169
411483.3.peg.555.site.24, 2, 152, 154
411483.3.peg.555.site.25, 149, 152, 301
411483.3.peg.555.site.26, 1, 150, 151
411483.3.peg.555.site.27, 1, 154, 155
411483.3.peg.555.site.28, 5, 154, 159
411483.3.peg.555.site.29, 3, 155, 158
411483.3.peg.555.site.30, 2, 154, 156
411483.3.peg.555.site.31, 4, 147, 151
411483.3.peg.555.site.32, 4, 150, 154
411483.3.peg.555.site.33, 1, 147, 148
411483.3.peg.555.site.34, 0, 142, 142
411483.3.peg.555.site.35, 2, 138, 140
411483.3.peg.555.site.36, 1, 147, 148
411483.3.peg.555.site.37, 2, 150, 152
411483.3.peg.555.site.38, 12, 150, 162
411483.3.peg.555.site.39, 1, 151, 152
411483.3.peg.555.site.40, 4, 155, 159
411483.3.peg.555.site.41, 8, 151, 159
411483.3.peg.555.site.42, 0, 150, 150
411483.3.peg.555.site.43, 6, 144, 150
411483.3.peg.555.site.44, 2, 150, 152
411483.3.peg.555.site.45, 1, 153, 154
411483.3.peg.555.site.46, 3, 145, 148
411483.3.peg.555.site.47, 8, 149, 157
411483.3.peg.555.site.48, 2, 152, 154
411483.3.peg.555.site.49, 11, 150, 161
411483.3.peg.555.site.50, 6, 150, 156
411483.3.peg.555.site.51, 1, 149, 150
411483.3.peg.555.site.52, 46, 112, 158
411483.3.peg.555.site.53, 10, 108, 118
411483.3.peg.555.site.54, 2, 135, 137
411483.3.peg.555.site.55, 0, 142, 142
411483.3.peg.555.site.56, 7, 148, 155
411483.3.peg.555.site.57, 121, 144, 265
411483.3.peg.422.site.1, 3, 153, 156
411483.3.peg.422.site.2, 6, 153, 159
411483.3.peg.422.site.3, 1, 153, 154
411483.3.peg.422.site.4, 1, 154, 155
411483.3.peg.422.site.5, 0, 153, 153
411483.3.peg.422.site.6, 81, 141, 222
411483.3.peg.422.site.7, 1, 150, 151
411483.3.peg.422.site.8, 10, 152, 162
411483.3.peg.422.site.9, 8, 151, 159
411483.3.peg.422.site.10, 55, 129, 184
411483.3.peg.422.site.11, 5, 144, 149
411483.3.peg.422.site.12, 15, 144, 159
411483.3.peg.422.site.13, 18, 140, 158
411483.3.peg.422.site.14, 2, 141, 143
411483.3.peg.422.site.15, 63, 133, 196
411483.3.peg.422.site.16, 0, 143, 143
411483.3.peg.422.site.17, 19, 140, 159
411483.3.peg.422.site.18, 40, 133, 173
411483.3.peg.422.site.19, 9, 139, 148
411483.3.peg.422.site.20, 1, 139, 140
411483.3.peg.422.site.21, 2, 149, 151
411483.3.peg.422.site.22, 0, 150, 150
411483.3.peg.422.site.23, 71, 141, 212
411483.3.peg.422.site.24, 17, 136, 153
411483.3.peg.422.site.25, 78, 136, 214
411483.3.peg.422.site.26, 4, 147, 151
411483.3.peg.422.site.27, 30, 140, 170
411483.3.peg.422.site.28, 1, 151, 152
411483.3.peg.422.site.29, 8, 149, 157
411483.3.peg.422.site.30, 0, 149, 149
411483.3.peg.422.site.31, 0, 150, 150
411483.3.peg.422.site.32, 11, 138, 149
411483.3.peg.422.site.33, 1, 147, 148
411483.3.peg.422.site.34, 9, 146, 155
411483.3.peg.422.site.35, 1, 149, 150
411483.3.peg.422.site.36, 2, 152, 154
411483.3.peg.422.site.37, 1, 152, 153
411483.3.peg.422.site.38, 4, 151, 155
411483.3.peg.422.site.39, 0, 155, 155
411483.3.peg.422.site.40, 8, 152, 160
411483.3.peg.422.site.41, 1, 152, 153
411483.3.peg.422.site.42, 1, 148, 149
411483.3.peg.422.site.43, 1, 155, 156
411483.3.peg.423.site.1, 0, 148, 148
411483.3.peg.423.site.2, 5, 142, 147
411483.3.peg.423.site.3, 19, 118, 137
411483.3.peg.423.site.4, 9, 121, 130
411483.3.peg.423.site.5, 37, 108, 145
411483.3.peg.423.site.6, 56, 112, 168
411483.3.peg.423.site.7, 2, 134, 136
411483.3.peg.423.site.8, 125, 132, 257
411483.3.peg.423.site.9, 1, 150, 151
411483.3.peg.423.site.10, 5, 150, 155
411483.3.peg.423.site.11, 19, 138, 157
411483.3.peg.423.site.12, 0, 146, 146
411483.3.peg.423.site.13, 3, 145, 148
411483.3.peg.423.site.14, 1, 150, 151
411483.3.peg.423.site.15, 102, 133, 235
411483.3.peg.423.site.16, 0, 150, 150
411483.3.peg.423.site.17, 2, 148, 150
411483.3.peg.423.site.18, 21, 148, 169
411483.3.peg.423.site.19, 24, 146, 170
411483.3.peg.423.site.20, 9, 147, 156
411483.3.peg.423.site.21, 0, 150, 150
411483.3.peg.423.site.22, 7, 151, 158
411483.3.peg.423.site.23, 2, 149, 151
411483.3.peg.423.site.24, 5, 147, 152
411483.3.peg.423.site.25, 1, 148, 149
411483.3.peg.420.site.1, 4, 150, 154
411483.3.peg.420.site.2, 2, 150, 152
411483.3.peg.420.site.3, 0, 152, 152
411483.3.peg.420.site.4, 2, 141, 143
411483.3.peg.420.site.5, 1, 142, 143
411483.3.peg.420.site.6, 3, 136, 139
411483.3.peg.420.site.7, 2, 150, 152
411483.3.peg.420.site.8, 22, 145, 167
411483.3.peg.421.site.1, 24, 147, 171
411483.3.peg.421.site.2, 7, 153, 160
411483.3.peg.421.site.3, 1, 153, 154
411483.3.peg.421.site.4, 29, 142, 171
411483.3.peg.421.site.5, 2, 153, 155
411483.3.peg.421.site.6, 6, 150, 156
411483.3.peg.421.site.7, 9, 147, 156
411483.3.peg.421.site.8, 5, 151, 156
411483.3.peg.421.site.9, 53, 133, 186
411483.3.peg.421.site.10, 3, 147, 150
411483.3.peg.421.site.11, 3, 151, 154
411483.3.peg.421.site.12, 4, 135, 139
411483.3.peg.421.site.13, 135, 136, 271
411483.3.peg.421.site.14, 7, 130, 137
411483.3.peg.421.site.15, 2, 132, 134
411483.3.peg.421.site.16, 3, 141, 144
411483.3.peg.421.site.17, 28, 139, 167
411483.3.peg.421.site.18, 18, 140, 158
411483.3.peg.421.site.19, 18, 137, 155
411483.3.peg.421.site.20, 21, 138, 159
411483.3.peg.421.site.21, 1, 140, 141
411483.3.peg.421.site.22, 142, 148, 290
411483.3.peg.421.site.23, 2, 152, 154
411483.3.peg.421.site.24, 1, 152, 153
411483.3.peg.421.site.25, 1, 148, 149
411483.3.peg.421.site.26, 50, 140, 190
411483.3.peg.421.site.27, 92, 142, 234
411483.3.peg.421.site.28, 33, 136, 169
411483.3.peg.421.site.29, 1, 148, 149
411483.3.peg.421.site.30, 1, 147, 148
411483.3.peg.421.site.31, 2, 150, 152
411483.3.peg.421.site.32, 8, 148, 156
411483.3.peg.421.site.33, 1, 142, 143
411483.3.peg.421.site.34, 15, 139, 154
411483.3.peg.421.site.35, 33, 137, 170
411483.3.peg.421.site.36, 11, 141, 152
411483.3.peg.421.site.37, 4, 140, 144
411483.3.peg.421.site.38, 39, 127, 166
411483.3.peg.421.site.39, 1, 144, 145
411483.3.peg.421.site.40, 0, 146, 146
411483.3.peg.421.site.41, 2, 145, 147
411483.3.peg.421.site.42, 1, 150, 151
411483.3.peg.421.site.43, 0, 152, 152
411483.3.peg.421.site.44, 14, 142, 156
411483.3.peg.421.site.45, 1, 149, 150
411483.3.peg.421.site.46, 1, 137, 138
411483.3.peg.421.site.47, 71, 118, 189
411483.3.peg.421.site.48, 21, 133, 154
411483.3.peg.421.site.49, 1, 131, 132
411483.3.peg.421.site.50, 5, 126, 131
411483.3.peg.421.site.51, 1, 121, 122
411483.3.peg.421.site.52, 3, 123, 126
411483.3.peg.421.site.53, 14, 106, 120
411483.3.peg.421.site.54, 39, 112, 151
411483.3.peg.421.site.55, 7, 112, 119
411483.3.peg.421.site.56, 71, 80, 151
411483.3.peg.421.site.57, 1, 95, 96
411483.3.peg.421.site.58, 6, 96, 102
411483.3.peg.421.site.59, 60, 97, 157
411483.3.peg.421.site.60, 1, 111, 112
411483.3.peg.421.site.61, 4, 117, 121
411483.3.peg.421.site.62, 4, 142, 146
411483.3.peg.421.site.63, 2, 142, 144
411483.3.peg.421.site.64, 1, 142, 143
411483.3.peg.421.site.65, 146, 146, 292
411483.3.peg.421.site.66, 8, 146, 154
411483.3.peg.421.site.67, 0, 147, 147
411483.3.peg.421.site.68, 15, 150, 165
411483.3.peg.421.site.69, 1, 149, 150
411483.3.peg.421.site.70, 6, 148, 154
411483.3.peg.421.site.71, 3, 148, 151
411483.3.peg.421.site.72, 104, 140, 244
411483.3.peg.421.site.73, 2, 149, 151
411483.3.peg.421.site.74, 16, 148, 164
411483.3.peg.421.site.75, 0, 151, 151
411483.3.peg.421.site.76, 3, 152, 155
411483.3.peg.421.site.77, 5, 153, 158
411483.3.peg.421.site.78, 47, 141, 188
411483.3.peg.421.site.79, 3, 153, 156
411483.3.peg.421.site.80, 31, 139, 170
411483.3.peg.421.site.81, 1, 142, 143
411483.3.peg.421.site.82, 6, 140, 146
411483.3.peg.421.site.83, 7, 139, 146
411483.3.peg.421.site.84, 40, 116, 156
411483.3.peg.421.site.85, 1, 120, 121
411483.3.peg.421.site.86, 1, 116, 117
411483.3.peg.421.site.87, 4, 113, 117
411483.3.peg.421.site.88, 5, 105, 110
411483.3.peg.421.site.89, 42, 88, 130
411483.3.peg.421.site.90, 1, 87, 88
411483.3.peg.421.site.91, 10, 85, 95
411483.3.peg.421.site.92, 6, 83, 89
411483.3.peg.421.site.93, 11, 77, 88
411483.3.peg.421.site.94, 14, 83, 97
411483.3.peg.421.site.95, 50, 80, 130
411483.3.peg.421.site.96, 1, 87, 88
411483.3.peg.421.site.97, 3, 93, 96
411483.3.peg.421.site.98, 52, 87, 139
411483.3.peg.421.site.99, 3, 100, 103
411483.3.peg.421.site.100, 2, 98, 100
411483.3.peg.421.site.101, 1, 115, 116
411483.3.peg.421.site.102, 89, 117, 206
411483.3.peg.421.site.103, 93, 121, 214
411483.3.peg.421.site.104, 1, 138, 139
411483.3.peg.421.site.105, 8, 140, 148
411483.3.peg.421.site.106, 8, 145, 153
411483.3.peg.421.site.107, 5, 152, 157
411483.3.peg.421.site.108, 4, 154, 158
411483.3.peg.421.site.109, 2, 153, 155
411483.3.peg.421.site.110, 0, 153, 153
411483.3.peg.421.site.111, 46, 147, 193
411483.3.peg.421.site.112, 4, 155, 159
411483.3.peg.1701.site.1, 4, 149, 153
411483.3.peg.1701.site.2, 2, 153, 155
411483.3.peg.1701.site.3, 2, 154, 156
411483.3.peg.1701.site.4, 0, 155, 155
411483.3.peg.1701.site.5, 4, 150, 154
411483.3.peg.1701.site.6, 4, 153, 157
411483.3.peg.1701.site.7, 3, 150, 153
411483.3.peg.1701.site.8, 22, 148, 170
411483.3.peg.1701.site.9, 7, 151, 158
411483.3.peg.1701.site.10, 114, 149, 263
411483.3.peg.1701.site.11, 100, 147, 247
411483.3.peg.1701.site.12, 14, 152, 166
411483.3.peg.1701.site.13, 9, 146, 155
411483.3.peg.1701.site.14, 18, 145, 163
411483.3.peg.1701.site.15, 4, 143, 147
411483.3.peg.1701.site.16, 2, 138, 140
411483.3.peg.1701.site.17, 12, 133, 145
411483.3.peg.1701.site.18, 8, 144, 152
411483.3.peg.1701.site.19, 1, 143, 144
411483.3.peg.1701.site.20, 2, 147, 149
411483.3.peg.1701.site.21, 3, 145, 148
411483.3.peg.1701.site.22, 11, 154, 165
411483.3.peg.1701.site.23, 10, 150, 160
411483.3.peg.1701.site.24, 10, 152, 162
411483.3.peg.1701.site.25, 0, 153, 153
411483.3.peg.1701.site.26, 11, 148, 159
411483.3.peg.1701.site.27, 0, 101, 101
411483.3.peg.1701.site.28, 79, 126, 205
411483.3.peg.1701.site.29, 1, 140, 141
411483.3.peg.1701.site.30, 1, 144, 145
411483.3.peg.1701.site.31, 2, 149, 151
411483.3.peg.1701.site.32, 6, 147, 153
411483.3.peg.1701.site.33, 0, 148, 148
411483.3.peg.1701.site.34, 1, 150, 151
411483.3.peg.1701.site.35, 22, 145, 167
411483.3.peg.1701.site.36, 36, 140, 176
411483.3.peg.1701.site.37, 13, 151, 164
411483.3.peg.1701.site.38, 11, 152, 163
411483.3.peg.1701.site.39, 6, 150, 156
411483.3.peg.1701.site.40, 96, 145, 241
411483.3.peg.1701.site.41, 13, 152, 165
411483.3.peg.1701.site.42, 100, 139, 239
411483.3.peg.1701.site.43, 20, 147, 167
411483.3.peg.1701.site.44, 59, 151, 210
411483.3.peg.1701.site.45, 3, 153, 156
411483.3.peg.1701.site.46, 2, 155, 157
411483.3.peg.1701.site.47, 7, 152, 159
411483.3.peg.1701.site.48, 2, 154, 156
411483.3.peg.1701.site.49, 1, 154, 155
411483.3.peg.1701.site.50, 0, 154, 154
411483.3.peg.1701.site.51, 44, 148, 192
411483.3.peg.1701.site.52, 9, 154, 163
411483.3.peg.1701.site.53, 26, 150, 176
411483.3.peg.1701.site.54, 4, 152, 156
411483.3.peg.1701.site.55, 83, 148, 231
411483.3.peg.1701.site.56, 0, 153, 153
411483.3.peg.1701.site.57, 121, 149, 270
411483.3.peg.1701.site.58, 3, 148, 151
411483.3.peg.1701.site.59, 88, 138, 226
411483.3.peg.1701.site.60, 10, 145, 155
411483.3.peg.1701.site.61, 4, 153, 157
411483.3.peg.1701.site.62, 9, 153, 162
411483.3.peg.1701.site.63, 2, 152, 154
411483.3.peg.1701.site.64, 56, 137, 193
411483.3.peg.1701.site.65, 4, 151, 155
411483.3.peg.1701.site.66, 3, 146, 149
411483.3.peg.1701.site.67, 2, 140, 142
411483.3.peg.1701.site.68, 4, 142, 146
411483.3.peg.1701.site.69, 3, 140, 143
411483.3.peg.1701.site.70, 1, 146, 147
411483.3.peg.1701.site.71, 11, 143, 154
411483.3.peg.1701.site.72, 0, 142, 142
411483.3.peg.1701.site.73, 11, 142, 153
411483.3.peg.1701.site.74, 42, 144, 186
411483.3.peg.1701.site.75, 24, 146, 170
411483.3.peg.1701.site.76, 16, 143, 159
411483.3.peg.1701.site.77, 2, 151, 153
411483.3.peg.1701.site.78, 25, 144, 169
411483.3.peg.1701.site.79, 111, 146, 257
411483.3.peg.1701.site.80, 70, 139, 209
411483.3.peg.1701.site.81, 2, 149, 151
411483.3.peg.1701.site.82, 0, 150, 150
411483.3.peg.1701.site.83, 0, 153, 153
411483.3.peg.1701.site.84, 7, 148, 155
411483.3.peg.1701.site.85, 37, 149, 186
411483.3.peg.1701.site.86, 2, 155, 157
411483.3.peg.1701.site.87, 69, 145, 214
411483.3.peg.1701.site.88, 3, 149, 152
411483.3.peg.1701.site.89, 12, 148, 160
411483.3.peg.1701.site.90, 111, 144, 255
411483.3.peg.1701.site.91, 38, 139, 177
411483.3.peg.1701.site.92, 24, 149, 173
411483.3.peg.1701.site.93, 45, 142, 187
411483.3.peg.1701.site.94, 4, 151, 155
411483.3.peg.1701.site.95, 5, 150, 155
411483.3.peg.1701.site.96, 55, 135, 190
411483.3.peg.1701.site.97, 0, 117, 117
411483.3.peg.1700.site.1, 0, 146, 146
411483.3.peg.1700.site.2, 15, 143, 158
411483.3.peg.1700.site.3, 91, 144, 235
411483.3.peg.1700.site.4, 4, 146, 150
411483.3.peg.1700.site.5, 12, 141, 153
411483.3.peg.1700.site.6, 24, 140, 164
411483.3.peg.1700.site.7, 1, 150, 151
411483.3.peg.1700.site.8, 1, 149, 150
411483.3.peg.1700.site.9, 5, 147, 152
411483.3.peg.1700.site.10, 1, 149, 150
411483.3.peg.1700.site.11, 0, 148, 148
411483.3.peg.1700.site.12, 114, 145, 259
411483.3.peg.1700.site.13, 7, 148, 155
411483.3.peg.1700.site.14, 0, 143, 143
411483.3.peg.1700.site.15, 30, 133, 163
411483.3.peg.1700.site.16, 5, 129, 134
411483.3.peg.1700.site.17, 34, 125, 159
411483.3.peg.1700.site.18, 5, 130, 135
411483.3.peg.1700.site.19, 5, 113, 118
411483.3.peg.1700.site.20, 2, 117, 119
411483.3.peg.1700.site.21, 15, 107, 122
411483.3.peg.1700.site.22, 12, 113, 125
411483.3.peg.1700.site.23, 2, 110, 112
411483.3.peg.1700.site.24, 58, 106, 164
411483.3.peg.1700.site.25, 58, 103, 161
411483.3.peg.1700.site.26, 65, 113, 178
411483.3.peg.1700.site.27, 39, 126, 165
411483.3.peg.1700.site.28, 18, 138, 156
411483.3.peg.1700.site.29, 1, 144, 145
411483.3.peg.1700.site.30, 36, 145, 181
411483.3.peg.1700.site.31, 40, 147, 187
411483.3.peg.1700.site.32, 2, 154, 156
411483.3.peg.1700.site.33, 22, 153, 175
411483.3.peg.1700.site.34, 1, 155, 156
411483.3.peg.1700.site.35, 7, 149, 156
411483.3.peg.1700.site.36, 9, 154, 163
411483.3.peg.1703.site.1, 3, 150, 153
411483.3.peg.1703.site.2, 53, 140, 193
411483.3.peg.1703.site.3, 1, 148, 149
411483.3.peg.1703.site.4, 113, 143, 256
411483.3.peg.1703.site.5, 4, 150, 154
411483.3.peg.1703.site.6, 6, 152, 158
411483.3.peg.1703.site.7, 4, 150, 154
411483.3.peg.1703.site.8, 5, 144, 149
411483.3.peg.1703.site.9, 3, 146, 149
411483.3.peg.1703.site.10, 119, 141, 260
411483.3.peg.1703.site.11, 3, 144, 147
411483.3.peg.1703.site.12, 21, 134, 155
411483.3.peg.1703.site.13, 0, 136, 136
411483.3.peg.1703.site.14, 0, 115, 115
411483.3.peg.1703.site.15, 46, 92, 138
411483.3.peg.1703.site.16, 1, 113, 114
411483.3.peg.1703.site.17, 0, 121, 121
411483.3.peg.1703.site.18, 1, 123, 124
411483.3.peg.1703.site.19, 2, 133, 135
411483.3.peg.1703.site.20, 11, 137, 148
411483.3.peg.1703.site.21, 1, 134, 135
411483.3.peg.1703.site.22, 3, 124, 127
411483.3.peg.1703.site.23, 6, 121, 127
411483.3.peg.1703.site.24, 6, 92, 98
411483.3.peg.1703.site.25, 4, 104, 108
411483.3.peg.1703.site.26, 8, 92, 100
411483.3.peg.1703.site.27, 25, 50, 75
411483.3.peg.1703.site.28, 1, 34, 35
411483.3.peg.1703.site.29, 7, 32, 39
411483.3.peg.1703.site.30, 2, 75, 77
411483.3.peg.1703.site.31, 1, 88, 89
411483.3.peg.1703.site.32, 7, 91, 98
411483.3.peg.1703.site.33, 0, 113, 113
411483.3.peg.1703.site.34, 1, 120, 121
411483.3.peg.1703.site.35, 8, 119, 127
411483.3.peg.1703.site.36, 4, 121, 125
411483.3.peg.1703.site.37, 5, 121, 126
411483.3.peg.1703.site.38, 1, 126, 127
411483.3.peg.1703.site.39, 43, 122, 165
411483.3.peg.1703.site.40, 1, 133, 134
411483.3.peg.1703.site.41, 8, 135, 143
411483.3.peg.1703.site.42, 1, 139, 140
411483.3.peg.1703.site.43, 6, 136, 142
411483.3.peg.1703.site.44, 14, 146, 160
411483.3.peg.1703.site.45, 2, 149, 151
411483.3.peg.1703.site.46, 25, 150, 175
411483.3.peg.1703.site.47, 2, 149, 151
411483.3.peg.1703.site.48, 4, 150, 154
411483.3.peg.1703.site.49, 14, 145, 159
411483.3.peg.1703.site.50, 0, 149, 149
411483.3.peg.1703.site.51, 3, 149, 152
411483.3.peg.1703.site.52, 134, 145, 279
411483.3.peg.1703.site.53, 4, 150, 154
411483.3.peg.1703.site.54, 62, 147, 209
411483.3.peg.1703.site.55, 2, 155, 157
411483.3.peg.1703.site.56, 1, 152, 153
411483.3.peg.1703.site.57, 1, 154, 155
411483.3.peg.1703.site.58, 14, 152, 166
411483.3.peg.1703.site.59, 10, 152, 162
411483.3.peg.1703.site.60, 10, 149, 159
411483.3.peg.1703.site.61, 16, 140, 156
411483.3.peg.1703.site.62, 1, 150, 151
411483.3.peg.1703.site.63, 2, 146, 148
411483.3.peg.1703.site.64, 0, 141, 141
411483.3.peg.1703.site.65, 0, 146, 146
411483.3.peg.1703.site.66, 5, 146, 151
411483.3.peg.1703.site.67, 11, 140, 151
411483.3.peg.1703.site.68, 1, 149, 150
411483.3.peg.1703.site.69, 1, 146, 147
411483.3.peg.1703.site.70, 50, 136, 186
411483.3.peg.1703.site.71, 1, 144, 145
411483.3.peg.1703.site.72, 4, 146, 150
411483.3.peg.1703.site.73, 4, 149, 153
411483.3.peg.1703.site.74, 67, 142, 209
411483.3.peg.1703.site.75, 47, 140, 187
411483.3.peg.1703.site.76, 1, 150, 151
411483.3.peg.1703.site.77, 1, 153, 154
411483.3.peg.1703.site.78, 4, 152, 156
411483.3.peg.1703.site.79, 9, 147, 156
411483.3.peg.1703.site.80, 7, 132, 139
411483.3.peg.1705.site.1, 20, 148, 168
411483.3.peg.1705.site.2, 4, 151, 155
411483.3.peg.1705.site.3, 2, 150, 152
411483.3.peg.1705.site.4, 7, 146, 153
411483.3.peg.1705.site.5, 1, 143, 144
411483.3.peg.1705.site.6, 1, 150, 151
411483.3.peg.1705.site.7, 4, 150, 154
411483.3.peg.1705.site.8, 47, 145, 192
411483.3.peg.1705.site.9, 48, 144, 192
411483.3.peg.1705.site.10, 1, 153, 154
411483.3.peg.1705.site.11, 1, 152, 153
411483.3.peg.1705.site.12, 26, 150, 176
411483.3.peg.1705.site.13, 18, 147, 165
411483.3.peg.1705.site.14, 1, 155, 156
411483.3.peg.1705.site.15, 4, 155, 159
411483.3.peg.1705.site.16, 3, 153, 156
411483.3.peg.1705.site.17, 50, 146, 196
411483.3.peg.1705.site.18, 8, 150, 158
411483.3.peg.1705.site.19, 118, 143, 261
411483.3.peg.1705.site.20, 8, 151, 159
411483.3.peg.1705.site.21, 29, 147, 176
411483.3.peg.1705.site.22, 0, 151, 151
411483.3.peg.1705.site.23, 2, 151, 153
411483.3.peg.1705.site.24, 55, 148, 203
411483.3.peg.1705.site.25, 2, 152, 154
411483.3.peg.1705.site.26, 8, 150, 158
411483.3.peg.1705.site.27, 15, 148, 163
411483.3.peg.1705.site.28, 2, 148, 150
411483.3.peg.1705.site.29, 1, 153, 154
411483.3.peg.1705.site.30, 3, 147, 150
411483.3.peg.1705.site.31, 1, 146, 147
411483.3.peg.1705.site.32, 3, 146, 149
411483.3.peg.1705.site.33, 1, 145, 146
411483.3.peg.1705.site.34, 144, 145, 289
411483.3.peg.1705.site.35, 3, 150, 153
411483.3.peg.1705.site.36, 3, 154, 157
411483.3.peg.1705.site.37, 115, 147, 262
411483.3.peg.1705.site.38, 74, 145, 219
411483.3.peg.1705.site.39, 7, 150, 157
411483.3.peg.1705.site.40, 1, 151, 152
411483.3.peg.1705.site.41, 2, 150, 152
411483.3.peg.1705.site.42, 2, 150, 152
411483.3.peg.1705.site.43, 0, 151, 151
411483.3.peg.1705.site.44, 1, 150, 151
411483.3.peg.1705.site.45, 48, 141, 189
411483.3.peg.1705.site.46, 26, 142, 168
411483.3.peg.1705.site.47, 6, 149, 155
411483.3.peg.1705.site.48, 112, 143, 255
411483.3.peg.1705.site.49, 69, 136, 205
411483.3.peg.1705.site.50, 0, 150, 150
411483.3.peg.1705.site.51, 1, 151, 152
411483.3.peg.1705.site.52, 0, 152, 152
411483.3.peg.1705.site.53, 21, 146, 167
411483.3.peg.1705.site.54, 3, 152, 155
411483.3.peg.1705.site.55, 1, 154, 155
411483.3.peg.1705.site.56, 1, 155, 156
411483.3.peg.1705.site.57, 1, 152, 153
411483.3.peg.1705.site.58, 1, 152, 153
411483.3.peg.1705.site.59, 9, 148, 157
411483.3.peg.1705.site.60, 1, 153, 154
411483.3.peg.1705.site.61, 4, 154, 158
411483.3.peg.1705.site.62, 1, 152, 153
411483.3.peg.1705.site.63, 8, 154, 162
411483.3.peg.1705.site.64, 1, 152, 153
411483.3.peg.1705.site.65, 1, 154, 155
411483.3.peg.1705.site.66, 4, 153, 157
411483.3.peg.1705.site.67, 0, 154, 154
411483.3.peg.1705.site.68, 3, 152, 155
411483.3.peg.1705.site.69, 92, 146, 238
411483.3.peg.1705.site.70, 24, 150, 174
411483.3.peg.1705.site.71, 1, 152, 153
411483.3.peg.1705.site.72, 4, 152, 156
411483.3.peg.1705.site.73, 1, 152, 153
411483.3.peg.1705.site.74, 16, 144, 160
411483.3.peg.1705.site.75, 3, 151, 154
411483.3.peg.1705.site.76, 2, 151, 153
411483.3.peg.1705.site.77, 2, 152, 154
411483.3.peg.1705.site.78, 15, 150, 165
411483.3.peg.1705.site.79, 2, 153, 155
411483.3.peg.1705.site.80, 19, 149, 168
411483.3.peg.1705.site.81, 5, 154, 159
411483.3.peg.1705.site.82, 7, 153, 160
411483.3.peg.1705.site.83, 1, 152, 153
411483.3.peg.1705.site.84, 5, 150, 155
411483.3.peg.1705.site.85, 1, 153, 154
411483.3.peg.1705.site.86, 23, 143, 166
411483.3.peg.1705.site.87, 146, 149, 295
411483.3.peg.1705.site.88, 63, 138, 201
411483.3.peg.1705.site.89, 148, 150, 298
411483.3.peg.1705.site.90, 10, 150, 160
411483.3.peg.1705.site.91, 17, 155, 172
411483.3.peg.1704.site.1, 3, 143, 146
411483.3.peg.1704.site.2, 1, 149, 150
411483.3.peg.1704.site.3, 4, 151, 155
411483.3.peg.1704.site.4, 18, 141, 159
411483.3.peg.1704.site.5, 0, 150, 150
411483.3.peg.1704.site.6, 19, 141, 160
411483.3.peg.1704.site.7, 7, 144, 151
411483.3.peg.1704.site.8, 5, 144, 149
411483.3.peg.1704.site.9, 8, 143, 151
411483.3.peg.1704.site.10, 6, 143, 149
411483.3.peg.1704.site.11, 1, 150, 151
411483.3.peg.1704.site.12, 117, 144, 261
411483.3.peg.1704.site.13, 1, 153, 154
411483.3.peg.1704.site.14, 1, 153, 154
411483.3.peg.1704.site.15, 22, 146, 168
411483.3.peg.1704.site.16, 6, 155, 161
411483.3.peg.1704.site.17, 14, 151, 165
411483.3.peg.1704.site.18, 14, 152, 166
411483.3.peg.1704.site.19, 1, 154, 155
411483.3.peg.1704.site.20, 1, 155, 156
411483.3.peg.1704.site.21, 78, 138, 216
411483.3.peg.1704.site.22, 152, 153, 305
411483.3.peg.1704.site.23, 7, 155, 162
411483.3.peg.1704.site.24, 2, 154, 156
411483.3.peg.1704.site.25, 8, 150, 158
411483.3.peg.1704.site.26, 1, 153, 154
411483.3.peg.1707.site.1, 1, 150, 151
411483.3.peg.1707.site.2, 4, 153, 157
411483.3.peg.1707.site.3, 11, 150, 161
411483.3.peg.1707.site.4, 3, 152, 155
411483.3.peg.1707.site.5, 8, 152, 160
411483.3.peg.1707.site.6, 3, 153, 156
411483.3.peg.1707.site.7, 1, 152, 153
411483.3.peg.1707.site.8, 4, 151, 155
411483.3.peg.1707.site.9, 43, 144, 187
411483.3.peg.1707.site.10, 27, 148, 175
411483.3.peg.1707.site.11, 1, 151, 152
411483.3.peg.1707.site.12, 0, 151, 151
411483.3.peg.1707.site.13, 20, 146, 166
411483.3.peg.1707.site.14, 20, 148, 168
411483.3.peg.1707.site.15, 7, 148, 155
411483.3.peg.1707.site.16, 4, 152, 156
411483.3.peg.1707.site.17, 47, 141, 188
411483.3.peg.1707.site.18, 11, 148, 159
411483.3.peg.1707.site.19, 107, 146, 253
411483.3.peg.1707.site.20, 8, 149, 157
411483.3.peg.1707.site.21, 4, 153, 157
411483.3.peg.1707.site.22, 70, 143, 213
411483.3.peg.1707.site.23, 1, 152, 153
411483.3.peg.1707.site.24, 40, 143, 183
411483.3.peg.1707.site.25, 0, 146, 146
411483.3.peg.1707.site.26, 111, 142, 253
411483.3.peg.1707.site.27, 1, 149, 150
411483.3.peg.1707.site.28, 7, 147, 154
411483.3.peg.1707.site.29, 115, 145, 260
411483.3.peg.1707.site.30, 1, 145, 146
411483.3.peg.1707.site.31, 105, 138, 243
411483.3.peg.1707.site.32, 140, 141, 281
411483.3.peg.1707.site.33, 6, 131, 137
411483.3.peg.1707.site.34, 2, 145, 147
411483.3.peg.1707.site.35, 2, 146, 148
411483.3.peg.1707.site.36, 2, 142, 144
411483.3.peg.1707.site.37, 63, 134, 197
411483.3.peg.1707.site.38, 1, 141, 142
411483.3.peg.1707.site.39, 143, 147, 290
411483.3.peg.1707.site.40, 22, 151, 173
411483.3.peg.1707.site.41, 2, 152, 154
411483.3.peg.1707.site.42, 72, 140, 212
411483.3.peg.1707.site.43, 10, 149, 159
411483.3.peg.1707.site.44, 1, 151, 152
411483.3.peg.1707.site.45, 2, 151, 153
411483.3.peg.1707.site.46, 5, 150, 155
411483.3.peg.1707.site.47, 0, 151, 151
411483.3.peg.1707.site.48, 7, 149, 156
411483.3.peg.1707.site.49, 1, 153, 154
411483.3.peg.1707.site.50, 17, 151, 168
411483.3.peg.1707.site.51, 26, 145, 171
411483.3.peg.1707.site.52, 1, 151, 152
411483.3.peg.1707.site.53, 8, 149, 157
411483.3.peg.1707.site.54, 7, 150, 157
411483.3.peg.1707.site.55, 5, 152, 157
411483.3.peg.1707.site.56, 3, 155, 158
411483.3.peg.1707.site.57, 126, 149, 275
411483.3.peg.1707.site.58, 10, 151, 161
411483.3.peg.1706.site.1, 4, 154, 158
411483.3.peg.1706.site.2, 1, 153, 154
411483.3.peg.1706.site.3, 1, 155, 156
411483.3.peg.1706.site.4, 1, 155, 156
411483.3.peg.1706.site.5, 7, 144, 151
411483.3.peg.1706.site.6, 2, 151, 153
411483.3.peg.1706.site.7, 3, 153, 156
411483.3.peg.1706.site.8, 3, 153, 156
411483.3.peg.1706.site.9, 1, 155, 156
411483.3.peg.1706.site.10, 15, 142, 157
411483.3.peg.1706.site.11, 18, 145, 163
411483.3.peg.1706.site.12, 140, 154, 294
411483.3.peg.1706.site.13, 2, 153, 155
411483.3.peg.1706.site.14, 15, 145, 160
411483.3.peg.1706.site.15, 36, 148, 184
411483.3.peg.1706.site.16, 2, 153, 155
411483.3.peg.1706.site.17, 5, 152, 157
411483.3.peg.1706.site.18, 25, 141, 166
411483.3.peg.1706.site.19, 0, 145, 145
411483.3.peg.1706.site.20, 2, 149, 151
411483.3.peg.1706.site.21, 0, 149, 149
411483.3.peg.1706.site.22, 2, 146, 148
411483.3.peg.1706.site.23, 1, 149, 150
411483.3.peg.1706.site.24, 3, 153, 156
411483.3.peg.1706.site.25, 5, 153, 158
411483.3.peg.1706.site.26, 2, 152, 154
411483.3.peg.1706.site.27, 4, 153, 157
411483.3.peg.1706.site.28, 0, 153, 153
411483.3.peg.1706.site.29, 0, 155, 155
411483.3.peg.1706.site.30, 153, 154, 307
411483.3.peg.1706.site.31, 10, 151, 161
411483.3.peg.1706.site.32, 6, 151, 157
411483.3.peg.1706.site.33, 23, 148, 171
411483.3.peg.1706.site.34, 1, 154, 155
411483.3.peg.1706.site.35, 1, 153, 154
411483.3.peg.1706.site.36, 6, 153, 159
411483.3.peg.1706.site.37, 8, 153, 161
411483.3.peg.1706.site.38, 1, 153, 154
411483.3.peg.1706.site.39, 1, 149, 150
411483.3.peg.1706.site.40, 3, 150, 153
411483.3.peg.1706.site.41, 104, 136, 240
411483.3.peg.1706.site.42, 1, 146, 147
411483.3.peg.1706.site.43, 83, 145, 228
411483.3.peg.1709.site.1, 1, 131, 132
411483.3.peg.1709.site.2, 12, 108, 120
411483.3.peg.1709.site.3, 1, 123, 124
411483.3.peg.1709.site.4, 100, 112, 212
411483.3.peg.1709.site.5, 1, 105, 106
411483.3.peg.1709.site.6, 4, 117, 121
411483.3.peg.1709.site.7, 5, 122, 127
411483.3.peg.1709.site.8, 2, 142, 144
411483.3.peg.1709.site.9, 9, 138, 147
411483.3.peg.1709.site.10, 70, 141, 211
411483.3.peg.1709.site.11, 4, 148, 152
411483.3.peg.1709.site.12, 1, 148, 149
411483.3.peg.1709.site.13, 8, 144, 152
411483.3.peg.1709.site.14, 13, 149, 162
411483.3.peg.1709.site.15, 0, 149, 149
411483.3.peg.1709.site.16, 11, 150, 161
411483.3.peg.1709.site.17, 3, 148, 151
411483.3.peg.1709.site.18, 62, 136, 198
411483.3.peg.1709.site.19, 77, 134, 211
411483.3.peg.1709.site.20, 4, 151, 155
411483.3.peg.1709.site.21, 3, 146, 149
411483.3.peg.1709.site.22, 9, 144, 153
411483.3.peg.1709.site.23, 52, 134, 186
411483.3.peg.1709.site.24, 8, 150, 158
411483.3.peg.1709.site.25, 1, 148, 149
411483.3.peg.1709.site.26, 16, 149, 165
411483.3.peg.1709.site.27, 40, 139, 179
411483.3.peg.1709.site.28, 14, 149, 163
411483.3.peg.1709.site.29, 6, 152, 158
411483.3.peg.1709.site.30, 2, 152, 154
411483.3.peg.1709.site.31, 18, 147, 165
411483.3.peg.1709.site.32, 30, 144, 174
411483.3.peg.1709.site.33, 0, 141, 141
411483.3.peg.1709.site.34, 4, 146, 150
411483.3.peg.1709.site.35, 1, 145, 146
411483.3.peg.1709.site.36, 2, 142, 144
411483.3.peg.1709.site.37, 5, 139, 144
411483.3.peg.1709.site.38, 3, 142, 145
411483.3.peg.1709.site.39, 134, 136, 270
411483.3.peg.1709.site.40, 2, 138, 140
411483.3.peg.1709.site.41, 139, 141, 280
411483.3.peg.1709.site.42, 0, 139, 139
411483.3.peg.1709.site.43, 1, 143, 144
411483.3.peg.1709.site.44, 5, 145, 150
411483.3.peg.1709.site.45, 3, 150, 153
411483.3.peg.1709.site.46, 8, 150, 158
411483.3.peg.1709.site.47, 1, 153, 154
411483.3.peg.1709.site.48, 3, 151, 154
411483.3.peg.1709.site.49, 1, 153, 154
411483.3.peg.1709.site.50, 2, 151, 153
411483.3.peg.1709.site.51, 4, 150, 154
411483.3.peg.1709.site.52, 8, 148, 156
411483.3.peg.1709.site.53, 3, 142, 145
411483.3.peg.1709.site.54, 7, 137, 144
411483.3.peg.1709.site.55, 1, 137, 138
411483.3.peg.1709.site.56, 0, 141, 141
411483.3.peg.1709.site.57, 0, 141, 141
411483.3.peg.1708.site.1, 0, 152, 152
411483.3.peg.1708.site.2, 22, 150, 172
411483.3.peg.1708.site.3, 1, 143, 144
411483.3.peg.1708.site.4, 39, 138, 177
411483.3.peg.1708.site.5, 1, 144, 145
411483.3.peg.1708.site.6, 79, 126, 205
411483.3.peg.1708.site.7, 20, 137, 157
411483.3.peg.1708.site.8, 21, 134, 155
411483.3.peg.1708.site.9, 8, 147, 155
411483.3.peg.1708.site.10, 2, 149, 151
411483.3.peg.1708.site.11, 1, 149, 150
411483.3.peg.1708.site.12, 2, 150, 152
411483.3.peg.1708.site.13, 2, 152, 154
411483.3.peg.1708.site.14, 2, 148, 150
411483.3.peg.1708.site.15, 6, 146, 152
411483.3.peg.1708.site.16, 11, 146, 157
411483.3.peg.1708.site.17, 92, 140, 232
411483.3.peg.1708.site.18, 9, 149, 158
411483.3.peg.1708.site.19, 2, 150, 152
411483.3.peg.1708.site.20, 5, 150, 155
411483.3.peg.1708.site.21, 7, 150, 157
411483.3.peg.1708.site.22, 53, 136, 189
411483.3.peg.1708.site.23, 3, 153, 156
411483.3.peg.1708.site.24, 3, 152, 155
411483.3.peg.1708.site.25, 4, 149, 153
411483.3.peg.1708.site.26, 7, 146, 153
411483.3.peg.1708.site.27, 1, 133, 134
411483.3.peg.1708.site.28, 2, 129, 131
411483.3.peg.1708.site.29, 1, 98, 99
411483.3.peg.1708.site.30, 10, 88, 98
411483.3.peg.1708.site.31, 16, 139, 155
411483.3.peg.1708.site.32, 7, 150, 157
411483.3.peg.1708.site.33, 0, 153, 153
411483.3.peg.1708.site.34, 1, 153, 154
411483.3.peg.1708.site.35, 2, 152, 154
411483.3.peg.1708.site.36, 3, 153, 156
411483.3.peg.1708.site.37, 1, 150, 151
411483.3.peg.1708.site.38, 2, 148, 150
411483.3.peg.1708.site.39, 15, 146, 161
411483.3.peg.1708.site.40, 0, 139, 139
411483.3.peg.1708.site.41, 4, 134, 138
411483.3.peg.1708.site.42, 1, 139, 140
411483.3.peg.1708.site.43, 5, 140, 145
411483.3.peg.1708.site.44, 1, 137, 138
411483.3.peg.1708.site.45, 41, 134, 175
411483.3.peg.1708.site.46, 12, 150, 162
411483.3.peg.1708.site.47, 26, 140, 166
411483.3.peg.1708.site.48, 2, 151, 153
411483.3.peg.1708.site.49, 0, 151, 151
411483.3.peg.1708.site.50, 19, 145, 164
411483.3.peg.1708.site.51, 13, 146, 159
411483.3.peg.1708.site.52, 7, 152, 159
411483.3.peg.1708.site.53, 6, 152, 158
411483.3.peg.1708.site.54, 2, 154, 156
411483.3.peg.1708.site.55, 1, 152, 153
411483.3.peg.1708.site.56, 2, 154, 156
411483.3.peg.1708.site.57, 27, 149, 176
411483.3.peg.1708.site.58, 17, 151, 168
411483.3.peg.1708.site.59, 28, 142, 170
411483.3.peg.1708.site.60, 17, 142, 159
411483.3.peg.1708.site.61, 98, 138, 236
411483.3.peg.1708.site.62, 5, 151, 156
411483.3.peg.1708.site.63, 31, 147, 178
411483.3.peg.1708.site.64, 0, 151, 151
411483.3.peg.1708.site.65, 2, 147, 149
411483.3.peg.1708.site.66, 21, 143, 164
411483.3.peg.1708.site.67, 13, 141, 154
411483.3.peg.1708.site.68, 6, 139, 145
411483.3.peg.2289.site.1, 12, 151, 163
411483.3.peg.2289.site.2, 2, 154, 156
411483.3.peg.2289.site.3, 66, 149, 215
411483.3.peg.2289.site.4, 1, 155, 156
411483.3.peg.2289.site.5, 6, 155, 161
411483.3.peg.2289.site.6, 7, 151, 158
411483.3.peg.2289.site.7, 8, 154, 162
411483.3.peg.2289.site.8, 3, 154, 157
411483.3.peg.2289.site.9, 142, 153, 295
411483.3.peg.2289.site.10, 1, 154, 155
411483.3.peg.2289.site.11, 3, 154, 157
411483.3.peg.2289.site.12, 9, 153, 162
411483.3.peg.2289.site.13, 17, 150, 167
411483.3.peg.2289.site.14, 1, 153, 154
411483.3.peg.2289.site.15, 23, 144, 167
411483.3.peg.2289.site.16, 2, 154, 156
411483.3.peg.2289.site.17, 39, 148, 187
411483.3.peg.2289.site.18, 0, 152, 152
411483.3.peg.2289.site.19, 1, 154, 155
411483.3.peg.2289.site.20, 1, 154, 155
411483.3.peg.2289.site.21, 3, 153, 156
411483.3.peg.2289.site.22, 155, 155, 310
411483.3.peg.2289.site.23, 4, 153, 157
411483.3.peg.2289.site.24, 3, 150, 153
411483.3.peg.2289.site.25, 1, 153, 154
411483.3.peg.2289.site.26, 1, 148, 149
411483.3.peg.2289.site.27, 77, 139, 216
411483.3.peg.2289.site.28, 9, 146, 155
411483.3.peg.2289.site.29, 6, 146, 152
411483.3.peg.2289.site.30, 0, 137, 137
411483.3.peg.2289.site.31, 3, 137, 140
411483.3.peg.2289.site.32, 32, 94, 126
411483.3.peg.2289.site.33, 5, 121, 126
411483.3.peg.2289.site.34, 5, 132, 137
411483.3.peg.2289.site.35, 47, 124, 171
411483.3.peg.2289.site.36, 138, 141, 279
411483.3.peg.2289.site.37, 2, 147, 149
411483.3.peg.2289.site.38, 6, 151, 157
411483.3.peg.1263.site.1, 21, 144, 165
411483.3.peg.1263.site.2, 51, 139, 190
411483.3.peg.1263.site.3, 11, 147, 158
411483.3.peg.1263.site.4, 2, 150, 152
411483.3.peg.1263.site.5, 42, 145, 187
411483.3.peg.1263.site.6, 6, 151, 157
411483.3.peg.1263.site.7, 2, 152, 154
411483.3.peg.1263.site.8, 0, 151, 151
411483.3.peg.1263.site.9, 43, 146, 189
411483.3.peg.1263.site.10, 0, 152, 152
411483.3.peg.1263.site.11, 45, 143, 188
411483.3.peg.1263.site.12, 1, 153, 154
411483.3.peg.1263.site.13, 2, 152, 154
411483.3.peg.1263.site.14, 3, 150, 153
411483.3.peg.1263.site.15, 4, 150, 154
411483.3.peg.1263.site.16, 0, 149, 149
411483.3.peg.673.site.1, 2, 154, 156
411483.3.peg.673.site.2, 85, 138, 223
411483.3.peg.673.site.3, 5, 151, 156
411483.3.peg.673.site.4, 8, 147, 155
411483.3.peg.673.site.5, 1, 146, 147
411483.3.peg.673.site.6, 4, 150, 154
411483.3.peg.673.site.7, 9, 149, 158
411483.3.peg.673.site.8, 1, 145, 146
411483.3.peg.673.site.9, 3, 148, 151
411483.3.peg.673.site.10, 0, 139, 139
411483.3.peg.673.site.11, 54, 139, 193
411483.3.peg.673.site.12, 2, 151, 153
411483.3.peg.673.site.13, 1, 150, 151
411483.3.peg.673.site.14, 144, 144, 288
411483.3.peg.673.site.15, 143, 146, 289
411483.3.peg.673.site.16, 0, 147, 147
411483.3.peg.673.site.17, 1, 134, 135
411483.3.peg.673.site.18, 4, 120, 124
411483.3.peg.673.site.19, 3, 113, 116
411483.3.peg.673.site.20, 8, 97, 105
411483.3.peg.673.site.21, 12, 91, 103
411483.3.peg.673.site.22, 1, 73, 74
411483.3.peg.673.site.23, 4, 74, 78
411483.3.peg.673.site.24, 0, 62, 62
411483.3.peg.673.site.25, 5, 58, 63
411483.3.peg.673.site.26, 52, 52, 104
411483.3.peg.673.site.27, 15, 56, 71
411483.3.peg.673.site.28, 1, 65, 66
411483.3.peg.673.site.29, 12, 60, 72
411483.3.peg.673.site.30, 11, 60, 71
411483.3.peg.673.site.31, 65, 68, 133
411483.3.peg.673.site.32, 1, 66, 67
411483.3.peg.673.site.33, 66, 66, 132
411483.3.peg.673.site.34, 51, 65, 116
411483.3.peg.673.site.35, 3, 60, 63
411483.3.peg.673.site.36, 0, 54, 54
411483.3.peg.673.site.37, 1, 47, 48
411483.3.peg.673.site.38, 2, 47, 49
411483.3.peg.673.site.39, 8, 33, 41
411483.3.peg.673.site.40, 1, 25, 26
411483.3.peg.673.site.41, 1, 22, 23
411483.3.peg.673.site.42, 4, 22, 26
411483.3.peg.673.site.43, 8, 13, 21
411483.3.peg.673.site.44, 15, 18, 33
411483.3.peg.673.site.45, 1, 40, 41
411483.3.peg.673.site.46, 43, 44, 87
411483.3.peg.673.site.47, 1, 129, 130
411483.3.peg.673.site.48, 3, 133, 136
411483.3.peg.673.site.49, 14, 132, 146
411483.3.peg.673.site.50, 47, 133, 180
411483.3.peg.673.site.51, 0, 140, 140
411483.3.peg.673.site.52, 0, 137, 137
411483.3.peg.673.site.53, 20, 140, 160
411483.3.peg.673.site.54, 2, 144, 146
411483.3.peg.673.site.55, 4, 125, 129
411483.3.peg.673.site.56, 6, 115, 121
411483.3.peg.824.site.1, 4, 97, 101
411483.3.peg.824.site.2, 4, 84, 88
411483.3.peg.824.site.3, 54, 76, 130
411483.3.peg.824.site.4, 17, 52, 69
411483.3.peg.824.site.5, 1, 48, 49
411483.3.peg.824.site.6, 5, 19, 24
411483.3.peg.824.site.7, 1, 31, 32
411483.3.peg.824.site.8, 36, 46, 82
411483.3.peg.824.site.9, 8, 107, 115
411483.3.peg.824.site.10, 81, 112, 193
411483.3.peg.824.site.11, 13, 114, 127
411483.3.peg.824.site.12, 38, 112, 150
411483.3.peg.824.site.13, 2, 121, 123
411483.3.peg.824.site.14, 17, 121, 138
411483.3.peg.824.site.15, 6, 118, 124
411483.3.peg.824.site.16, 0, 114, 114
411483.3.peg.824.site.17, 7, 110, 117
411483.3.peg.824.site.18, 101, 101, 202
411483.3.peg.824.site.19, 17, 92, 109
411483.3.peg.824.site.20, 3, 101, 104
411483.3.peg.824.site.21, 2, 106, 108
411483.3.peg.824.site.22, 2, 101, 103
411483.3.peg.824.site.23, 1, 115, 116
411483.3.peg.824.site.24, 14, 109, 123
411483.3.peg.824.site.25, 3, 116, 119
411483.3.peg.824.site.26, 10, 101, 111
411483.3.peg.824.site.27, 5, 119, 124
411483.3.peg.824.site.28, 7, 118, 125
411483.3.peg.824.site.29, 5, 140, 145
411483.3.peg.824.site.30, 0, 142, 142
411483.3.peg.824.site.31, 2, 147, 149
411483.3.peg.824.site.32, 13, 142, 155
411483.3.peg.824.site.33, 1, 148, 149
411483.3.peg.824.site.34, 10, 145, 155
411483.3.peg.824.site.35, 1, 143, 144
411483.3.peg.824.site.36, 1, 140, 141
411483.3.peg.824.site.37, 4, 136, 140
411483.3.peg.824.site.38, 1, 142, 143
411483.3.peg.824.site.39, 1, 144, 145
411483.3.peg.824.site.40, 9, 134, 143
411483.3.peg.824.site.41, 57, 131, 188
411483.3.peg.824.site.42, 1, 138, 139
411483.3.peg.824.site.43, 9, 130, 139
411483.3.peg.824.site.44, 10, 134, 144
411483.3.peg.824.site.45, 54, 126, 180
411483.3.peg.824.site.46, 1, 129, 130
411483.3.peg.824.site.47, 30, 121, 151
411483.3.peg.824.site.48, 12, 110, 122
411483.3.peg.824.site.49, 15, 112, 127
411483.3.peg.824.site.50, 14, 114, 128
411483.3.peg.824.site.51, 4, 119, 123
411483.3.peg.824.site.52, 35, 108, 143
411483.3.peg.824.site.53, 1, 125, 126
411483.3.peg.824.site.54, 11, 116, 127
411483.3.peg.824.site.55, 7, 133, 140
411483.3.peg.824.site.56, 62, 113, 175
411483.3.peg.824.site.57, 18, 122, 140
411483.3.peg.824.site.58, 6, 133, 139
411483.3.peg.824.site.59, 52, 125, 177
411483.3.peg.824.site.60, 1, 134, 135
411483.3.peg.824.site.61, 0, 138, 138
411483.3.peg.824.site.62, 0, 141, 141
411483.3.peg.824.site.63, 5, 138, 143
411483.3.peg.824.site.64, 1, 146, 147
411483.3.peg.824.site.65, 3, 145, 148
411483.3.peg.824.site.66, 25, 139, 164
411483.3.peg.824.site.67, 4, 150, 154
411483.3.peg.671.site.1, 19, 153, 172
411483.3.peg.671.site.2, 143, 154, 297
411483.3.peg.671.site.3, 4, 153, 157
411483.3.peg.671.site.4, 1, 154, 155
411483.3.peg.671.site.5, 9, 153, 162
411483.3.peg.671.site.6, 6, 154, 160
411483.3.peg.671.site.7, 2, 155, 157
411483.3.peg.671.site.8, 0, 153, 153
411483.3.peg.671.site.9, 32, 146, 178
411483.3.peg.671.site.10, 3, 151, 154
411483.3.peg.671.site.11, 1, 152, 153
411483.3.peg.671.site.12, 6, 151, 157
411483.3.peg.671.site.13, 38, 144, 182
411483.3.peg.671.site.14, 2, 152, 154
411483.3.peg.671.site.15, 4, 152, 156
411483.3.peg.671.site.16, 9, 152, 161
411483.3.peg.671.site.17, 113, 145, 258
411483.3.peg.671.site.18, 22, 150, 172
411483.3.peg.671.site.19, 26, 146, 172
411483.3.peg.671.site.20, 10, 151, 161
411483.3.peg.671.site.21, 26, 146, 172
411483.3.peg.671.site.22, 104, 145, 249
411483.3.peg.671.site.23, 1, 155, 156
411483.3.peg.671.site.24, 11, 152, 163
411483.3.peg.671.site.25, 1, 155, 156
411483.3.peg.671.site.26, 0, 152, 152
411483.3.peg.671.site.27, 3, 152, 155
411483.3.peg.671.site.28, 3, 150, 153
411483.3.peg.671.site.29, 16, 145, 161
411483.3.peg.671.site.30, 3, 145, 148
411483.3.peg.671.site.31, 0, 145, 145
411483.3.peg.671.site.32, 0, 149, 149
411483.3.peg.671.site.33, 1, 147, 148
411483.3.peg.671.site.34, 0, 145, 145
411483.3.peg.671.site.35, 0, 145, 145
411483.3.peg.671.site.36, 2, 137, 139
411483.3.peg.671.site.37, 2, 131, 133
411483.3.peg.671.site.38, 32, 126, 158
411483.3.peg.671.site.39, 10, 137, 147
411483.3.peg.671.site.40, 1, 142, 143
411483.3.peg.671.site.41, 2, 143, 145
411483.3.peg.671.site.42, 1, 143, 144
411483.3.peg.671.site.43, 0, 143, 143
411483.3.peg.671.site.44, 9, 145, 154
411483.3.peg.671.site.45, 0, 149, 149
411483.3.peg.671.site.46, 2, 148, 150
411483.3.peg.671.site.47, 0, 150, 150
411483.3.peg.671.site.48, 106, 138, 244
411483.3.peg.671.site.49, 17, 131, 148
411483.3.peg.671.site.50, 1, 150, 151
411483.3.peg.671.site.51, 4, 147, 151
411483.3.peg.671.site.52, 2, 146, 148
411483.3.peg.671.site.53, 8, 141, 149
411483.3.peg.671.site.54, 27, 141, 168
411483.3.peg.671.site.55, 20, 139, 159
411483.3.peg.671.site.56, 23, 145, 168
411483.3.peg.671.site.57, 2, 148, 150
411483.3.peg.671.site.58, 26, 143, 169
411483.3.peg.671.site.59, 2, 148, 150
411483.3.peg.671.site.60, 1, 148, 149
411483.3.peg.671.site.61, 4, 149, 153
411483.3.peg.671.site.62, 50, 137, 187
411483.3.peg.671.site.63, 3, 148, 151
411483.3.peg.671.site.64, 1, 149, 150
411483.3.peg.671.site.65, 3, 140, 143
411483.3.peg.671.site.66, 3, 146, 149
411483.3.peg.671.site.67, 3, 141, 144
411483.3.peg.671.site.68, 6, 131, 137
411483.3.peg.671.site.69, 129, 135, 264
411483.3.peg.671.site.70, 1, 131, 132
411483.3.peg.671.site.71, 0, 137, 137
411483.3.peg.671.site.72, 12, 137, 149
411483.3.peg.671.site.73, 1, 140, 141
411483.3.peg.671.site.74, 3, 144, 147
411483.3.peg.671.site.75, 16, 143, 159
411483.3.peg.671.site.76, 1, 145, 146
411483.3.peg.671.site.77, 1, 121, 122
411483.3.peg.671.site.78, 1, 124, 125
411483.3.peg.671.site.79, 12, 113, 125
411483.3.peg.671.site.80, 1, 118, 119
411483.3.peg.671.site.81, 0, 113, 113
411483.3.peg.671.site.82, 2, 116, 118
411483.3.peg.671.site.83, 1, 106, 107
411483.3.peg.671.site.84, 7, 102, 109
411483.3.peg.671.site.85, 0, 94, 94
411483.3.peg.671.site.86, 3, 108, 111
411483.3.peg.671.site.87, 2, 117, 119
411483.3.peg.671.site.88, 0, 142, 142
